,نماد,نام,تعداد,حجم,ارزش,دیروز,اولین,آخرین معامله - مقدار,آخرین معامله - تغییر,آخرین معامله - درصد,قیمت پایانی - مقدار,قیمت پایانی - تغییر,قیمت پایانی - درصد,کمترین,بیشترین,تاریخ,gregorian_date
0,دارا يكم,صندوق واسطه گري مالي يكم-سهام,24903,20562096,2360515213050,111860,112000,114940,3080,2.75,114800,2940,2.63,111600,116660,1400-9-9,2021-11-30
1,پالايش,صندوق پالايشي يكم-سهام,18096,18963343,1330095089670,70310,70100,69890,-420,-0.6,70140,-170,-0.24,69500,71010,1400-9-9,2021-11-30
2,وبملت,بانك ملت,10360,309661866,927286290065,2863,2890,3006,143,4.99,2995,132,4.61,2866,3006,1400-9-9,2021-11-30
3,شستا,سرمايه گذاري تامين اجتماعي,9551,50034910,559791098520,11240,11420,11100,-140,-1.25,11190,-50,-0.44,11080,11420,1400-9-9,2021-11-30
4,فولاد,فولاد مباركه اصفهان,9364,56379579,569508052650,10220,10250,10020,-200,-1.96,10100,-120,-1.17,10020,10250,1400-9-9,2021-11-30
5,نوري,پتروشيمي نوري,8136,5060281,562908054980,115350,114900,110450,-4900,-4.25,111240,-4110,-3.56,109590,114900,1400-9-9,2021-11-30
6,فجهان,مجتمع جهان فولاد سيرجان,7596,38439471,205965681548,5415,5325,5417,2,0.04,5358,-57,-1.05,5220,5502,1400-9-9,2021-11-30
7,كمند,صندوق س. با درآمد ثابت كمند,7157,316965218,3211757123271,10126,10132,10133,7,0.07,10133,7,0.07,10132,10134,1400-9-9,2021-11-30
8,بركت,گروه دارويي بركت,6956,18761775,403704192600,22030,22030,21110,-920,-4.18,21520,-510,-2.32,20930,22250,1400-9-9,2021-11-30
9,كوير,توليدي فولاد سپيد فراب كوير,6730,7947913,47923685400,5990,5880,6020,30,0.5,6020,30,0.5,5880,6070,1400-9-9,2021-11-30
10,خگستر,گسترش‌سرمايه‌گذاري‌ايران‌خودرو,6507,164903123,440469858239,2667,2650,2638,-29,-1.09,2671,4,0.15,2609,2760,1400-9-9,2021-11-30
11,فسبزوار,پارس فولاد سبزوار,6411,5453079,184837043690,34180,33800,33610,-570,-1.67,33900,-280,-0.82,33400,34180,1400-9-9,2021-11-30
12,وگردش,بانك گردشگري,6376,110633294,1350507565248,11941,12299,12298,357,2.99,12207,266,2.23,11810,12299,1400-9-9,2021-11-30
13,كدما,معدني‌ دماوند,6206,3855613,298124272640,80580,81100,76560,-4020,-4.99,77320,-3260,-4.05,76560,81100,1400-9-9,2021-11-30
14,خبنيان,بنيان ديزل,6109,445494,93176757002,203909,210026,209900,5991,2.94,209154,5245,2.57,198800,210026,1400-9-9,2021-11-30
15,وبصادر,بانك صادرات ايران,6012,210051589,383539598640,1744,1741,1831,87,4.99,1826,82,4.7,1741,1831,1400-9-9,2021-11-30
16,پترول,گ.س.وت.ص.پتروشيمي خليج فارس,5993,80246087,210512165212,2710,2698,2610,-100,-3.69,2623,-87,-3.21,2580,2737,1400-9-9,2021-11-30
17,انرژي3,سايراشخاص بورس انرژي,5697,3202504,328600959060,103900,102000,101840,-2060,-1.98,102610,-1290,-1.24,99000,105900,1400-9-9,2021-11-30
18,وسديد,گروه ‌صنعتي‌سديد,5555,105317429,133348160128,1233,1210,1266,33,2.68,1266,33,2.68,1210,1269,1400-9-9,2021-11-30
19,كاما,باما,5524,34737754,261624398810,7860,7890,7470,-390,-4.96,7530,-330,-4.2,7470,7890,1400-9-9,2021-11-30
20,خبهمن,گروه‌بهمن‌,5304,170620328,353454579777,2101,2069,2055,-46,-2.19,2072,-29,-1.38,2030,2147,1400-9-9,2021-11-30
21,شبندر,پالايش نفت بندرعباس,4975,54344458,327218810180,6070,6070,5990,-80,-1.32,6020,-50,-0.82,5970,6180,1400-9-9,2021-11-30
22,شپنا,پالايش نفت اصفهان,4782,38738354,223786084120,5850,5820,5720,-130,-2.22,5780,-70,-1.2,5680,5920,1400-9-9,2021-11-30
23,كرمان,س. توسعه و عمران استان كرمان,4429,127916807,122719388760,977,975,956,-21,-2.15,959,-18,-1.84,950,978,1400-9-9,2021-11-30
24,بورس,بورس اوراق بهادار تهران,4363,26649936,321130989540,12630,12480,12000,-630,-4.99,12050,-580,-4.59,12000,12480,1400-9-9,2021-11-30
25,ختوقا,قطعات‌ اتومبيل‌ ايران‌,4320,146416253,417929913905,2793,2932,2741,-52,-1.86,2854,61,2.18,2715,2932,1400-9-9,2021-11-30
26,وتجارت,بانك تجارت,4045,150187969,278967127436,1780,1790,1869,89,5,1857,77,4.33,1790,1869,1400-9-9,2021-11-30
27,شفن,پتروشيمي فناوران,4038,11753357,196116664270,17270,17490,16480,-790,-4.57,16690,-580,-3.36,16410,17490,1400-9-9,2021-11-30
28,كيمياتك,آريان كيميا تك,4033,1038102,25963858600,24920,25000,24920,0,0,25010,90,0.36,24920,25100,1400-9-9,2021-11-30
29,كالا,بورس كالاي ايران,4006,13253540,350358473770,27740,26510,26360,-1380,-4.97,26440,-1300,-4.69,26360,27250,1400-9-9,2021-11-30
30,فرابورس,فرابورس ايران,4001,12816519,248808312723,20358,20000,19341,-1017,-5,19413,-945,-4.64,19341,20000,1400-9-9,2021-11-30
31,سمگا,گروه سرمايه گذاري ميراث فرهنگي,3701,146002982,1941410898772,13995,13296,13400,-595,-4.25,13297,-698,-4.99,13296,13410,1400-9-9,2021-11-30
32,وفتخار,سرمايه گذاري افتخار سهام,3660,18711096,39891462541,2081,2129,2143,62,2.98,2132,51,2.45,2024,2143,1400-9-9,2021-11-30
33,مديريت,س. و خدمات مديريت صند. ب كشوري,3629,3340528,29143575064,8788,8675,8696,-92,-1.05,8724,-64,-0.73,8650,8888,1400-9-9,2021-11-30
34,تسه0008,امتيازتسهيلات مسكن آبان1400,3301,122497,102147149498,841154,835001,827610,-13544,-1.61,833875,-7279,-0.87,825000,853999,1400-9-9,2021-11-30
35,كزغال,زغال سنگ پروده طبس,3237,3766768,121735456354,31158,31420,31735,577,1.85,32318,1160,3.72,31420,32715,1400-9-9,2021-11-30
36,سپيد,سپيد ماكيان,3190,4951369,288140726820,60840,60000,57800,-3040,-5,58190,-2650,-4.36,57800,60010,1400-9-9,2021-11-30
37,غصينو,صنعتي مينو,3150,11516611,249694270939,20861,20861,21904,1043,5,21681,820,3.93,20180,21904,1400-9-9,2021-11-30
38,ثشاهد,سرمايه‌ گذاري‌ شاهد,3137,27510414,297979611300,11290,11360,10740,-550,-4.87,10830,-460,-4.07,10730,11390,1400-9-9,2021-11-30
39,خزاميا,زامياد,2984,29984059,233477456930,8070,7970,7670,-400,-4.96,7790,-280,-3.47,7670,8140,1400-9-9,2021-11-30
40,شتران,پالايش نفت تهران,2945,21289491,89723097561,4215,4240,4193,-22,-0.52,4215,0,0,4170,4288,1400-9-9,2021-11-30
41,سپيدار,سپيدار سيستم آسيا,2845,3993827,71752745383,17907,17446,18150,243,1.36,17966,59,0.33,17446,18690,1400-9-9,2021-11-30
42,شصدف,صنعتي دوده فام,2814,3930989,136637572852,33893,34000,34300,407,1.2,34759,866,2.56,34000,35410,1400-9-9,2021-11-30
43,غزر,صنعتي زر ماكارون,2804,3844249,40095142940,10540,10450,10500,-40,-0.38,10430,-110,-1.04,10300,10670,1400-9-9,2021-11-30
44,كيان,صندوق س. با درآمد ثابت كيان,2803,40776946,1297489089221,31801,31818,31821,20,0.06,31819,18,0.06,31818,31821,1400-9-9,2021-11-30
45,بركتح,ح . گروه دارويي بركت,2737,6945096,124153140250,18750,18110,17560,-1190,-6.35,17880,-870,-4.64,17490,18800,1400-9-9,2021-11-30
46,امين,تامين سرمايه امين,2713,1318894,16199749940,12260,12290,12290,30,0.24,12270,10,0.08,12270,12300,1400-9-9,2021-11-30
47,آريا,پليمر آريا ساسول,2700,806030,90910124153,113440,111861,112630,-810,-0.71,112834,-606,-0.53,111861,113501,1400-9-9,2021-11-30
48,خمهرح,ح . مهركام‌پارس‌,2696,49070183,46683505042,938,956,931,-7,-0.75,951,13,1.39,918,989,1400-9-9,2021-11-30
49,صبا,سرمايه گذاري صبا تامين,2693,18642042,111860393818,6025,6030,5993,-32,-0.53,6000,-25,-0.41,5975,6050,1400-9-9,2021-11-30
50,وخارزم,سرمايه گذاري خوارزمي,2635,28972320,125391869134,4244,4252,4320,76,1.79,4328,84,1.98,4165,4450,1400-9-9,2021-11-30
51,سحرخيز,صندوق س. گروه زعفران سحرخيز,2618,6027950,123944162994,19758,19611,21000,1242,6.29,20562,804,4.07,19590,21200,1400-9-9,2021-11-30
52,نهال,صندوق س. طلاي سرخ نوويرا,2610,6463328,136825634025,20099,20100,21450,1351,6.72,21170,1071,5.33,20100,21560,1400-9-9,2021-11-30
53,شپلي,پلي اكريل ايران,2577,25171636,164343737318,6780,6500,6520,-260,-3.83,6529,-251,-3.7,6441,6700,1400-9-9,2021-11-30
54,خنصير,مهندسي‌نصيرماشين‌,2475,8149391,161403051790,19880,19310,19940,60,0.3,19810,-70,-0.35,19000,20400,1400-9-9,2021-11-30
55,فارس,صنايع پتروشيمي خليج فارس,2388,11957375,122518551150,10490,10580,10180,-310,-2.96,10250,-240,-2.29,10090,10620,1400-9-9,2021-11-30
56,بوعلي,پتروشيمي بوعلي سينا,2381,848397,60928734700,71800,73600,71200,-600,-0.84,71810,10,0.01,70770,73600,1400-9-9,2021-11-30
57,ختور,رادياتور ايران‌,2339,5350184,85606909870,16330,15760,15760,-570,-3.49,16000,-330,-2.02,15600,16650,1400-9-9,2021-11-30
58,زملارد,كشاورزي و دامپروري ملارد شير,2317,609913,13239889984,21182,22200,21004,-178,-0.84,21624,442,2.09,21000,22200,1400-9-9,2021-11-30
59,بپيوند,برق و انرژي پيوندگستر پارس,2312,1457352,15088299756,10234,10400,10404,170,1.66,10353,119,1.16,10200,10560,1400-9-9,2021-11-30
60,ثبهساز,بهساز كاشانه تهران,2310,17912027,27963166742,1571,1571,1534,-37,-2.36,1561,-10,-0.64,1532,1581,1400-9-9,2021-11-30
61,شفنح,ح . پتروشيمي فناوران,2284,12319724,145706819950,12150,12050,12220,70,0.58,11830,-320,-2.63,11630,12350,1400-9-9,2021-11-30
62,كماسه,تامين‌ ماسه‌ ريخته‌گري‌,2271,23676550,99058406424,4292,4140,4078,-214,-4.99,4184,-108,-2.52,4078,4399,1400-9-9,2021-11-30
63,گدنا,تهيه توزيع غذاي دنا آفرين فدك,2259,2290848,34632679404,15793,15200,15004,-789,-5,15118,-675,-4.27,15004,15680,1400-9-9,2021-11-30
64,فاذر,صنايع‌ آذرآب‌,2256,89968880,78091087492,906,906,864,-42,-4.64,868,-38,-4.19,861,906,1400-9-9,2021-11-30
65,وملي,گروه‌ صنعتي‌ ملي‌ (هلدينگ‌,2204,980778,142263048010,151640,152140,144490,-7150,-4.72,145050,-6590,-4.35,144060,152140,1400-9-9,2021-11-30
66,تاصيكو,سرمايه گذاري صدرتامين,2168,29986583,269463656120,8800,8610,9100,300,3.41,8990,190,2.16,8610,9240,1400-9-9,2021-11-30
67,وسپهر,سرمايه گذاري مالي سپهرصادرات,2138,4256028,30112243067,7060,7060,7060,0,0,7065,5,0.07,7060,7190,1400-9-9,2021-11-30
68,وهامون,سرمايه گذاري هامون صبا,2134,6490026,18052273473,2804,2830,2790,-14,-0.5,2782,-22,-0.78,2749,2831,1400-9-9,2021-11-30
69,شاروم,پتروشيمي اروميه,2081,871552,11445140546,13457,13400,13070,-387,-2.88,13194,-263,-1.95,12789,13600,1400-9-9,2021-11-30
70,وپارس,بانك‌پارسيان‌,2071,45375990,95245637389,2077,2075,2083,6,0.29,2095,18,0.87,2070,2151,1400-9-9,2021-11-30
71,لكما,كارخانجات‌مخابراتي‌ايران‌,2071,55189170,55966489275,1037,1025,1011,-26,-2.51,1014,-23,-2.22,1006,1058,1400-9-9,2021-11-30
72,ذوب,سهامي ذوب آهن  اصفهان,2066,24022159,86015012895,3597,3560,3559,-38,-1.06,3581,-16,-0.44,3540,3627,1400-9-9,2021-11-30
73,ومدير,گ.مديريت ارزش سرمايه ص ب كشوري,2061,6417618,27584817174,4299,4268,4285,-14,-0.33,4298,-1,-0.02,4268,4397,1400-9-9,2021-11-30
74,خصدرا,صنعتي‌ دريايي‌ ايران‌,2052,37332116,89398340049,2360,2400,2342,-18,-0.76,2395,35,1.48,2333,2430,1400-9-9,2021-11-30
75,خمهر,مهركام‌پارس‌,2045,69859452,143898004121,1980,2079,2057,77,3.89,2060,80,4.04,2000,2079,1400-9-9,2021-11-30
76,بكاب,صنايع‌جوشكاب‌يزد,2034,800767,65689760770,81360,78100,80230,-1130,-1.39,82030,670,0.82,77500,85000,1400-9-9,2021-11-30
77,ولپارس,ليزينگ پارسيان,2032,10001537,36445722959,3770,3611,3700,-70,-1.86,3644,-126,-3.34,3582,3824,1400-9-9,2021-11-30
78,چخزر,صنايع چوب خزر كاسپين,2032,489400,13733888393,28408,27950,27750,-658,-2.32,28071,-337,-1.19,27100,28900,1400-9-9,2021-11-30
79,شگويا,پتروشيمي تندگويان,2031,7810882,81813176792,10653,10540,10517,-136,-1.28,10507,-146,-1.37,10301,10700,1400-9-9,2021-11-30
80,بگيلان,توسعه مسير برق گيلان,2025,438259,6464645205,15031,14800,14665,-366,-2.43,14960,-71,-0.47,14419,15200,1400-9-9,2021-11-30
81,سدبير,س. تدبيرگران فارس وخوزستان,1992,2693185,158265087575,56313,58999,58500,2187,3.88,58765,2452,4.35,57000,59128,1400-9-9,2021-11-30
82,لطيف,محصولات كاغذي لطيف,1926,405926,15474735618,38204,37110,37840,-364,-0.95,38122,-82,-0.21,37100,39240,1400-9-9,2021-11-30
83,ثاميد,توسعه و عمران اميد,1910,8593570,11937229992,1388,1371,1390,2,0.14,1389,1,0.07,1371,1398,1400-9-9,2021-11-30
84,اعتماد,صندوق س.اعتماد آفرين پارسيان-د,1896,39978670,1612357530270,40306,40322,40332,26,0.06,40330,24,0.06,40322,40332,1400-9-9,2021-11-30
85,امين يكم,صندوق درآمد ثابت امين يكم فردا,1884,48114536,483110327069,10035,10041,10040,5,0.05,10041,6,0.06,10039,10045,1400-9-9,2021-11-30
86,وغدير,سرمايه‌گذاري‌غدير(هلدينگ‌,1882,12248419,175495044620,14340,14200,14440,100,0.7,14330,-10,-0.07,14110,14550,1400-9-9,2021-11-30
87,شبريز,پالايش نفت تبريز,1855,3889706,118687581390,31430,31040,30000,-1430,-4.55,30510,-920,-2.93,29990,31650,1400-9-9,2021-11-30
88,پارند,صندوق س. پارند پايدار سپهر,1838,77395363,784468033468,10129,10136,10135,6,0.06,10136,7,0.07,10135,10136,1400-9-9,2021-11-30
89,رافزا,رايان هم افزا,1799,191381,10784468465,56368,55550,57140,772,1.37,56355,-13,-0.02,55550,57415,1400-9-9,2021-11-30
90,اپرداز,آتيه داده پرداز,1799,1539479,44185031097,28256,28550,28799,543,1.92,28701,445,1.57,28000,28903,1400-9-9,2021-11-30
91,ولكار,ليزينگ كارآفرين,1798,2662654,11117538416,4241,4162,4141,-100,-2.36,4192,-49,-1.16,4091,4362,1400-9-9,2021-11-30
92,شلعاب,لعابيران‌,1788,18123461,111664639210,5890,6180,6070,180,3.06,6160,270,4.58,6000,6180,1400-9-9,2021-11-30
93,وكبهمن,مديريت سرمايه گذاري كوثربهمن,1755,541221,5257928375,9893,9655,9679,-214,-2.16,9828,-65,-0.66,9645,9900,1400-9-9,2021-11-30
94,آبادا,توليد نيروي برق آبادان,1725,577384,6255534180,11140,10940,10690,-450,-4.04,11000,-140,-1.26,10670,11140,1400-9-9,2021-11-30
95,غكورش,صنعت غذايي كورش,1688,1203954,57235045490,47670,46650,46870,-800,-1.68,47540,-130,-0.27,46650,48120,1400-9-9,2021-11-30
96,سمايه,بانك سرمايه,1679,27462733,196020715938,6931,7138,7138,207,2.99,7138,207,2.99,7051,7138,1400-9-9,2021-11-30
97,غگل,گلوكوزان‌,1642,16069017,49719949735,3196,3190,3063,-133,-4.16,3094,-102,-3.19,3050,3190,1400-9-9,2021-11-30
98,غگيلا,شيرپاستوريزه پگاه گيلان,1578,1642556,25013515126,15462,15441,15101,-361,-2.33,15228,-234,-1.51,15001,15690,1400-9-9,2021-11-30
99,پيزد,مجتمع صنايع لاستيك يزد,1570,368225,20360659601,53607,52586,56287,2680,5,55294,1687,3.15,52586,56287,1400-9-9,2021-11-30
100,حآسا,آسيا سير ارس,1562,8920825,127066044553,14896,14152,14152,-744,-4.99,14244,-652,-4.38,14152,14700,1400-9-9,2021-11-30
101,فگستر,گسترش صنايع روي ايرانيان,1541,1176617,10574561324,8996,8810,9000,4,0.04,8989,-7,-0.08,8810,9140,1400-9-9,2021-11-30
102,حكشتي,كشتيراني جمهوري اسلامي ايران,1539,7625186,102720366480,13480,13530,13390,-90,-0.67,13470,-10,-0.07,13180,13850,1400-9-9,2021-11-30
103,ونوين,بانك‌اقتصادنوين‌,1530,21269752,70668367550,3194,3214,3320,126,3.94,3322,128,4.01,3160,3353,1400-9-9,2021-11-30
104,اخابر,مخابرات ايران,1508,16498333,122413425380,7800,7420,7410,-390,-5,7420,-380,-4.87,7410,7700,1400-9-9,2021-11-30
105,ومهان,گروه توسعه مالي مهر آيندگان,1474,28507844,128591867767,4454,4310,4455,1,0.02,4511,57,1.28,4268,4640,1400-9-9,2021-11-30
106,كاوه,فولاد كاوه جنوب كيش,1456,3430646,50140108070,14720,14760,14730,10,0.07,14660,-60,-0.41,14340,14990,1400-9-9,2021-11-30
107,زنگان,صنعت روي زنگان,1455,1400201,101922549335,69808,73289,72000,2192,3.14,72791,2983,4.27,70003,73298,1400-9-9,2021-11-30
108,سيتا,سرمايه گذاري سيمان تامين,1447,1691278,15810160640,9420,9250,9340,-80,-0.85,9390,-30,-0.32,9250,9390,1400-9-9,2021-11-30
109,حگردش,ريل گردش ايرانيان,1444,26295431,106876570133,3966,4084,4017,51,1.29,4064,98,2.47,3990,4084,1400-9-9,2021-11-30
110,پارس,پتروشيمي پارس,1432,447952,86522814390,196750,196990,190680,-6070,-3.09,193570,-3180,-1.62,190000,197000,1400-9-9,2021-11-30
111,خودكفا,اقتصادي و خودكفايي آزادگان,1376,9934056,86391403969,8955,8720,8687,-268,-2.99,8696,-259,-2.89,8687,8857,1400-9-9,2021-11-30
112,فردا,صندوق س آواي فرداي زاگرس-ثابت,1371,65973140,785589615577,11902,11907,11908,6,0.05,11908,6,0.05,11907,11909,1400-9-9,2021-11-30
113,فتوسا,توليد و توسعه سرب روي ايرانيان,1370,642600,6854972525,11007,10615,10620,-387,-3.52,10842,-165,-1.5,10610,11000,1400-9-9,2021-11-30
114,طلا,صندوق س.پشتوانه طلاي لوتوس,1360,1835424,163652441779,90747,89900,88908,-1839,-2.03,89163,-1584,-1.75,88753,89900,1400-9-9,2021-11-30
115,هاي وب,داده گسترعصرنوين-هاي وب,1332,9771177,81490067740,8400,8390,8280,-120,-1.43,8340,-60,-0.71,8230,8550,1400-9-9,2021-11-30
116,فروي,ذوب روي اصفهان,1328,2116409,42835331146,20786,20800,20020,-766,-3.69,20240,-546,-2.63,19900,21000,1400-9-9,2021-11-30
117,خكمك,كمك‌فنرايندامين‌,1327,2413730,64013175450,26600,27000,25520,-1080,-4.06,26520,-80,-0.3,25400,27450,1400-9-9,2021-11-30
118,شدوصح,ح . دوده‌ صنعتي‌ پارس‌,1307,4903260,41185178330,8620,8650,8380,-240,-2.78,8400,-220,-2.55,8170,8750,1400-9-9,2021-11-30
119,شدوص,دوده‌ صنعتي‌ پارس‌,1276,11121974,141698588140,12180,12400,12780,600,4.93,12740,560,4.6,12300,12780,1400-9-9,2021-11-30
120,حسير,ريل سير كوثر,1272,6452035,202576667134,29928,31424,31424,1496,5,31397,1469,4.91,30571,31424,1400-9-9,2021-11-30
121,وسينا,بانك سينا,1271,46779203,122648763353,2518,2445,2625,107,4.25,2622,104,4.13,2445,2643,1400-9-9,2021-11-30
122,دماوند,توليد نيروي برق دماوند,1271,2045295,44047269500,21450,21697,20988,-462,-2.15,21530,80,0.37,20600,22000,1400-9-9,2021-11-30
123,چكاوه,صنايع‌كاغذسازي‌كاوه‌,1259,4511719,39033697770,8600,8880,8360,-240,-2.79,8650,50,0.58,8190,8980,1400-9-9,2021-11-30
124,وپويا,سرمايه گذاري پويا,1246,2117591,7886002436,3692,3752,3721,29,0.79,3710,18,0.49,3681,3776,1400-9-9,2021-11-30
125,پلاستح,ح.كارخانجات توليدي پلاستيران,1235,8540053,47672089088,5613,5445,5692,79,1.41,5582,-31,-0.55,5445,5780,1400-9-9,2021-11-30
126,بترانس,ايران‌ ترانسفو,1224,23464448,49559982684,2098,2120,2104,6,0.29,2112,14,0.67,2076,2149,1400-9-9,2021-11-30
127,شلرد,كود شيميايي اوره لردگان,1224,8011923,97476284574,12520,12230,12145,-375,-3,12166,-354,-2.83,12145,12398,1400-9-9,2021-11-30
128,ومعادن,توسعه‌معادن‌وفلزات‌,1222,27236392,256824620560,9500,9420,9500,0,0,9430,-70,-0.74,9350,9640,1400-9-9,2021-11-30
129,بنو,بيمه تجارت نو,1186,10976351,73574149809,6897,6553,6948,51,0.74,6703,-194,-2.81,6553,7169,1400-9-9,2021-11-30
130,ثفارس,عمران‌وتوسعه‌فارس‌,1184,9232061,68142629260,7730,7880,7350,-380,-4.92,7380,-350,-4.53,7350,7880,1400-9-9,2021-11-30
131,دسانكو,داروسازي سبحان انكولوژي,1181,4413147,64862604188,14543,14543,14780,237,1.63,14698,155,1.07,14101,14935,1400-9-9,2021-11-30
132,غگلپا,شير پاستوريزه پگاه گلپايگان,1170,2387014,148887891336,59610,62500,61999,2389,4.01,62374,2764,4.64,60020,62590,1400-9-9,2021-11-30
133,وسكرد,شركت س استان كردستان,1169,76095446,32606246557,430,424,430,0,0,428,-2,-0.47,423,433,1400-9-9,2021-11-30
134,غسالم,سالمين‌,1166,13383577,38850581341,3041,3000,2900,-141,-4.64,2903,-138,-4.54,2889,3000,1400-9-9,2021-11-30
135,شاوان,پالايش نفت لاوان,1160,1004109,128125408038,132310,129100,127000,-5310,-4.01,127601,-4709,-3.56,125950,132000,1400-9-9,2021-11-30
136,شزنگ,تجهيزنيروي‌زنگان‌,1151,739960,119422955870,158997,163766,154228,-4769,-3,161391,2394,1.51,154228,163766,1400-9-9,2021-11-30
137,شفارس,صنايع‌ شيميايي‌ فارس‌,1146,31744545,35813186842,1082,1108,1136,54,4.99,1128,46,4.25,1084,1136,1400-9-9,2021-11-30
138,كتوكا,توليدي و خدمات صنايع نسوز توكا,1145,3529464,39744255703,11615,11700,11035,-580,-4.99,11261,-354,-3.05,11035,11999,1400-9-9,2021-11-30
139,ولملتح,ح . واسپاري ملت,1144,5270495,13245744231,2753,2555,2478,-275,-9.99,2513,-240,-8.72,2478,2599,1400-9-9,2021-11-30
140,چكاپا,گروه صنايع كاغذ پارس,1143,15638176,46713325870,2999,3020,2999,0,0,2987,-12,-0.4,2949,3020,1400-9-9,2021-11-30
141,خزر,فنرسازي‌زر,1143,3694711,42929093100,11990,12200,11400,-590,-4.92,11620,-370,-3.09,11400,12200,1400-9-9,2021-11-30
142,گشان,توسعه بين المللي پديده شانديز,1142,4450567,104962824655,24291,23770,23563,-728,-3,23584,-707,-2.91,23563,24000,1400-9-9,2021-11-30
143,نطرين,عطرين نخ قم,1141,7689334,60201609734,8156,8120,7800,-356,-4.36,7829,-327,-4.01,7749,8250,1400-9-9,2021-11-30
144,فزرين,زرين معدن آسيا,1123,8308764,100764039257,12670,12340,12038,-632,-4.99,12127,-543,-4.29,12037,12850,1400-9-9,2021-11-30
145,ثاخت,بين‌المللي‌توسعه‌ساختمان,1120,19769551,36507856465,1888,1930,1827,-61,-3.23,1847,-41,-2.17,1821,1937,1400-9-9,2021-11-30
146,خكار,ايركا پارت صنعت,1078,8820334,39334856217,4600,4640,4370,-230,-5,4460,-140,-3.04,4370,4640,1400-9-9,2021-11-30
147,ودي,بيمه  دي,1067,10525972,44313281944,4292,4250,4200,-92,-2.14,4210,-82,-1.91,4100,4474,1400-9-9,2021-11-30
148,ماديرا,صنايع ماديران,1067,5943095,35877095792,6111,6111,5960,-151,-2.47,6037,-74,-1.21,5850,6279,1400-9-9,2021-11-30
149,بپاس,بيمه پاسارگاد,1064,1086583,47225897183,41738,43800,43000,1262,3.02,42391,653,1.56,42560,43800,1400-9-9,2021-11-30
150,قثابت,قند ثابت‌ خراسان‌,1055,20698546,39541221961,1940,1939,1875,-65,-3.35,1910,-30,-1.55,1857,1968,1400-9-9,2021-11-30
151,افران,صندوق س افرا نماد پايدار-ثابت,1053,23011208,342240130319,14864,14873,14873,9,0.06,14873,9,0.06,14872,14875,1400-9-9,2021-11-30
152,تابا,تابان نيرو سپاهان,1047,1830078,44283277196,24056,24270,23335,-721,-3,24197,141,0.59,23335,24777,1400-9-9,2021-11-30
153,فاراك,ماشين‌ سازي‌ اراك‌,1039,21447483,32067996296,1520,1518,1467,-53,-3.49,1495,-25,-1.64,1465,1540,1400-9-9,2021-11-30
154,فوكا,فولاد كاويان,1035,9348455,150539534561,16154,15700,15800,-354,-2.19,16103,-51,-0.32,15700,16250,1400-9-9,2021-11-30
155,حفاري,حفاري شمال,1027,8519563,36093329445,4201,4150,4168,-33,-0.79,4237,36,0.86,4110,4330,1400-9-9,2021-11-30
156,سنيرح,ح . سيمان‌ سفيدني‌ريز,1018,1340133,38155196030,29510,30490,27670,-1840,-6.24,28470,-1040,-3.52,27510,30490,1400-9-9,2021-11-30
157,شپترو,پتروشيمي آبادان,995,18601530,62486993570,3444,3366,3389,-55,-1.6,3359,-85,-2.47,3341,3440,1400-9-9,2021-11-30
158,لابسا,آبسال‌,992,1454240,53966343310,35880,35300,36780,900,2.51,37110,1230,3.43,35300,37660,1400-9-9,2021-11-30
159,ملت,بيمه ملت,992,35707007,43562419424,1226,1236,1228,2,0.16,1220,-6,-0.49,1191,1240,1400-9-9,2021-11-30
160,جم پيلن,پلي پروپيلن جم - جم پيلن,980,419045,55015206580,128400,129000,131800,3400,2.65,129940,1540,1.2,127500,133080,1400-9-9,2021-11-30
161,سرو,صندوق س سروسودمند مدبران-سهام,978,1017936,70246600860,69450,69350,68760,-690,-0.99,69010,-440,-0.63,68550,69680,1400-9-9,2021-11-30
162,تسه0007,امتيازتسهيلات مسكن مهر1400,977,22642,18880087290,843933,830000,828001,-15932,-1.89,833852,-10081,-1.19,825000,857970,1400-9-9,2021-11-30
163,تسه0006,امتيازتسهيلات مسكن شهريور1400,976,30276,25185812671,842552,830000,825003,-17549,-2.08,831874,-10678,-1.27,816555,880000,1400-9-9,2021-11-30
164,وگستر,گسترش سرمايه گذاري ايرانيان,971,7336591,44272102614,5790,5892,6034,244,4.21,6034,244,4.21,5735,6079,1400-9-9,2021-11-30
165,آسيا,بيمه آسيا,958,40015649,70604601210,1698,1656,1782,84,4.95,1764,66,3.89,1656,1782,1400-9-9,2021-11-30
166,شكلر,نيروكلر,954,2139099,86060771930,39360,40200,40250,890,2.26,40230,870,2.21,40000,41000,1400-9-9,2021-11-30
167,شپديس,پتروشيمي پرديس,951,634105,112685790590,178730,176060,176500,-2230,-1.25,177710,-1020,-0.57,176030,180990,1400-9-9,2021-11-30
168,تاپكيش,تجارت الكترونيك پارسيان كيش,949,2843434,47384905203,17038,17310,16579,-459,-2.69,16665,-373,-2.19,16200,17310,1400-9-9,2021-11-30
169,فباهنر,مس‌ شهيدباهنر,947,2669584,65144921980,23320,24480,24480,1160,4.97,24400,1080,4.63,23840,24480,1400-9-9,2021-11-30
170,فمراد,آلومراد,922,2961425,46203188900,14940,15200,15670,730,4.89,15600,660,4.42,15030,15680,1400-9-9,2021-11-30
171,كلر,كلر پارس,913,435434,45352673990,108395,105700,103900,-4495,-4.15,104155,-4240,-3.91,103130,108300,1400-9-9,2021-11-30
172,زشريف,كشت وصنعت شريف آباد,912,12472008,47193048057,3817,3700,3815,-2,-0.05,3784,-33,-0.86,3627,3928,1400-9-9,2021-11-30
173,خاذين,سايپاآذين‌,910,12566954,40214675189,3209,3290,3137,-72,-2.24,3200,-9,-0.28,3082,3290,1400-9-9,2021-11-30
174,فخوز,فولاد  خوزستان,908,5434823,34758079570,6470,6360,6360,-110,-1.7,6450,-20,-0.31,6340,6470,1400-9-9,2021-11-30
175,گكيش,توريستي ورفاهي آبادگران كيش,904,2266921,70166821524,30069,30971,30971,902,3,30952,883,2.94,29533,30971,1400-9-9,2021-11-30
176,شاراك,پتروشيمي شازند,901,1749066,75397889810,43180,43500,43130,-50,-0.12,43120,-60,-0.14,42850,43500,1400-9-9,2021-11-30
177,شنفت,نفت‌ پارس‌,898,5101217,48588636330,9170,9320,9620,450,4.91,9440,270,2.94,9310,9620,1400-9-9,2021-11-30
178,زاگرس,پتروشيمي زاگرس,891,267401,67999195169,254131,254131,253871,-260,-0.1,254246,115,0.05,250000,258500,1400-9-9,2021-11-30
179,فباهنرح,ح . مس‌ شهيدباهنر,887,18279710,366136165010,19540,20580,21000,1460,7.47,20030,490,2.51,19540,21490,1400-9-9,2021-11-30
180,ثنوسا,نوسازي‌وساختمان‌تهران‌,886,7725935,40718907500,5250,5380,5260,10,0.19,5270,20,0.38,5170,5410,1400-9-9,2021-11-30
181,خپويش,سازه‌ پويش‌,886,412494,29635495470,70460,70460,73980,3520,5,71840,1380,1.96,66960,73980,1400-9-9,2021-11-30
182,غويتا,ويتانا,881,11528330,72850592137,6632,6420,6375,-257,-3.88,6319,-313,-4.72,6301,6560,1400-9-9,2021-11-30
183,فجر,فولاد اميركبيركاشان,870,1297853,30083818920,23530,23250,22880,-650,-2.76,23180,-350,-1.49,22850,23610,1400-9-9,2021-11-30
184,وخاور,بانك خاورميانه,867,6287967,32658354870,5130,5150,5110,-20,-0.39,5170,40,0.78,5010,5290,1400-9-9,2021-11-30
185,توريل,توكاريل,860,4336512,40700437285,9837,9501,9347,-490,-4.98,9386,-451,-4.58,9346,9781,1400-9-9,2021-11-30
186,كبافق,معادن‌ بافق‌,854,1343828,39313482640,30460,31000,28960,-1500,-4.92,29250,-1210,-3.97,28940,31000,1400-9-9,2021-11-30
187,خفنر,فنرسازي‌خاور,850,3960211,30826156780,8120,7760,7720,-400,-4.93,7780,-340,-4.19,7720,8290,1400-9-9,2021-11-30
188,ثتران,سرمايه گذاري مسكن تهران,849,13278002,49452174771,3896,3920,3702,-194,-4.98,3724,-172,-4.41,3702,3920,1400-9-9,2021-11-30
189,كچاد,معدني‌وصنعتي‌چادرملو,843,1915793,51791608800,27030,27000,27010,-20,-0.07,27030,0,0,26750,27310,1400-9-9,2021-11-30
190,وپسا,س. پتروشيمي ساختمان  خليج فارس,835,29660540,49345233953,1617,1665,1665,48,2.97,1664,47,2.91,1622,1665,1400-9-9,2021-11-30
191,زكوثر,سرمايه گذاري كشاورزي كوثر,834,3442168,53423884770,16010,15650,15580,-430,-2.69,15520,-490,-3.06,15210,16100,1400-9-9,2021-11-30
192,قشرين,قند شيرين خراسان,833,8748737,69279890843,8023,8140,8023,0,0,7919,-104,-1.3,7783,8249,1400-9-9,2021-11-30
193,ضجار1022,اختيارخ وتجارت-2000-1400/10/15,826,32767,4457738000,120,125,143,23,19.17,136,16,13.33,119,148,1400-9-9,2021-11-30
194,فنوال,نورد آلومينيوم‌,826,2795964,53693327920,20090,20000,19100,-990,-4.93,19200,-890,-4.43,19090,20000,1400-9-9,2021-11-30
195,اپال,فرآوري معدني اپال كاني پارس,823,1189090,25932147010,21810,21810,21810,0,0,21810,0,0,21800,21880,1400-9-9,2021-11-30
196,شبصير,توليدات پتروشيمي قائد بصير,821,561227,60334627991,107475,105400,109490,2015,1.87,107505,30,0.03,104400,111990,1400-9-9,2021-11-30
197,وايران,ليزينگ ايرانيان,820,5726587,20476211268,3615,3480,3569,-46,-1.27,3576,-39,-1.08,3480,3751,1400-9-9,2021-11-30
198,ثالوند,سرمايه گذاري مسكن الوند,816,3538733,29476178310,8117,8117,8140,23,0.28,8330,213,2.62,7716,8522,1400-9-9,2021-11-30
199,رمپنا,گروه مپنا (سهامي عام),815,5599607,86655865200,15390,15110,15280,-110,-0.71,15450,60,0.39,15100,15790,1400-9-9,2021-11-30
200,آ س پ,آ.س.پ,813,4305578,28103322224,6455,6650,6399,-56,-0.87,6527,72,1.12,6255,6750,1400-9-9,2021-11-30
201,ثپرديس,سرمايه گذاري مسكن پرديس,812,11337930,50584842332,4263,4476,4391,128,3,4462,199,4.67,4301,4476,1400-9-9,2021-11-30
202,سنير,سيمان‌ سفيد ني‌ريز,804,622778,22694236960,37760,36550,35880,-1880,-4.98,36440,-1320,-3.5,35880,38390,1400-9-9,2021-11-30
203,آگاس,صندوق س.هستي بخش آگاه-س,802,595276,46249863709,77962,77890,77576,-386,-0.5,77695,-267,-0.34,77341,78989,1400-9-9,2021-11-30
204,قتربت,قند تربت حيدريه,801,127533,6969171666,53076,54660,54668,1592,3,54082,1006,1.9,54000,54668,1400-9-9,2021-11-30
205,غپينو,پارس‌ مينو,801,8344517,26351965052,3224,3140,3160,-64,-1.99,3158,-66,-2.05,3103,3275,1400-9-9,2021-11-30
206,وآذر,سرمايه‌گذاري‌توسعه‌آذربايجان‌,801,1065471,43472042140,42830,43900,40690,-2140,-5,40800,-2030,-4.74,40690,43900,1400-9-9,2021-11-30
207,شجم,صنايع پتروشيمي تخت جمشيد,792,4356197,55937099743,12828,12560,12990,162,1.26,12841,13,0.1,12550,13000,1400-9-9,2021-11-30
208,حآفرين,ريل پرداز نو آفرين,784,22514995,128304640654,5702,5732,5600,-102,-1.79,5699,-3,-0.05,5500,5810,1400-9-9,2021-11-30
209,تاپيكو,س. نفت و گاز و پتروشيمي تأمين,774,6437769,88783457210,13940,13730,13740,-200,-1.43,13820,-120,-0.86,13710,13990,1400-9-9,2021-11-30
210,دروز,داروسازي‌ روزدارو,770,2827622,73125094900,24730,23620,25960,1230,4.97,25860,1130,4.57,23620,25960,1400-9-9,2021-11-30
211,لپارس,پارس‌ الكتريك‌,766,468122,48579042380,108880,108000,103440,-5440,-5,103770,-5110,-4.69,103440,108000,1400-9-9,2021-11-30
212,لازما,كارخانه هاي صنعتي آزمايش,758,1810579,55608733135,29909,30000,30700,791,2.64,30713,804,2.69,30000,30806,1400-9-9,2021-11-30
213,شسپا,نفت سپاهان,745,13140442,44158551490,3403,3468,3340,-63,-1.85,3378,-25,-0.73,3285,3468,1400-9-9,2021-11-30
214,خرينگ,رينگ‌سازي‌مشهد,731,1160714,32715519710,29200,28850,27740,-1460,-5,28190,-1010,-3.46,27740,29570,1400-9-9,2021-11-30
215,فروس,فروسيليس‌ ايران‌,730,6543252,42902600270,6590,6420,6650,60,0.91,6560,-30,-0.46,6420,6700,1400-9-9,2021-11-30
216,فاسمين,كالسيمين‌,730,2484251,39360952550,15650,16150,15780,130,0.83,15840,190,1.21,15690,16150,1400-9-9,2021-11-30
217,ديران,ايران‌دارو,729,6914208,142421143280,19730,19830,20710,980,4.97,20600,870,4.41,18750,20710,1400-9-9,2021-11-30
218,غشهداب,كشت و صنعت شهداب ناب خراسان,724,11545280,30776293694,2650,2650,2668,18,0.68,2666,16,0.6,2604,2740,1400-9-9,2021-11-30
219,وبانك,سرمايه گذاري گروه توسعه ملي,720,6815630,55630794650,8170,8260,8230,60,0.73,8170,0,0,8060,8260,1400-9-9,2021-11-30
220,ولغدر,ليزينگ‌خودروغدير,719,4103737,41138637130,10510,10560,9990,-520,-4.95,10020,-490,-4.66,9990,10560,1400-9-9,2021-11-30
221,رتاپ,تجارت الكترونيك  پارسيان,708,3876015,26391886080,6670,6970,6690,20,0.3,6810,140,2.1,6510,6970,1400-9-9,2021-11-30
222,هرمز,فولاد هرمزگان جنوب,706,2032840,32677826097,16562,16205,16000,-562,-3.39,16421,-141,-0.85,15900,16561,1400-9-9,2021-11-30
223,بكامح,ح.كارخانجات توليدي شهيد قندي,705,11328297,8740417429,815,800,760,-55,-6.75,772,-43,-5.28,760,800,1400-9-9,2021-11-30
224,كرازي,كارخانجات‌توليدي‌شيشه‌رازي‌,704,18552606,22217575924,1207,1230,1199,-8,-0.66,1198,-9,-0.75,1186,1230,1400-9-9,2021-11-30
225,ساوه,سيمان ساوه,701,326007,14322630488,45621,45000,43350,-2271,-4.98,43974,-1647,-3.61,43340,45618,1400-9-9,2021-11-30
226,شغدير,پتروشيمي غدير,699,591147,54109225080,92750,91460,90600,-2150,-2.32,91530,-1220,-1.32,90300,92490,1400-9-9,2021-11-30
227,ولقمان,سرمايه گذاري لقمان,698,3320177,10712778702,3298,3210,3200,-98,-2.97,3227,-71,-2.15,3200,3347,1400-9-9,2021-11-30
228,غمينو,شركت صنايع غذايي مينو شرق,696,5919107,27522433343,4760,4760,4535,-225,-4.73,4650,-110,-2.31,4533,4859,1400-9-9,2021-11-30
229,خموتورح,ح . موتورسازان‌تراكتورسازي‌,679,6691322,28306516027,3964,4158,4310,346,8.73,4230,266,6.71,4042,4360,1400-9-9,2021-11-30
230,فكمند,گسترش قطعه سازي كمند,676,689057,24929625159,35252,36309,36306,1054,2.99,36179,927,2.63,35701,36309,1400-9-9,2021-11-30
231,شيران,س. صنايع‌شيميايي‌ايران,676,1604989,33017359570,20870,20990,20660,-210,-1.01,20750,-120,-0.57,20270,20990,1400-9-9,2021-11-30
232,سفارس,سيمان فارس و خوزستان,666,4222221,63475099490,15480,15450,14970,-510,-3.29,15030,-450,-2.91,14930,15450,1400-9-9,2021-11-30
233,وساپا,سرمايه‌گذاري‌ سايپا,663,9329101,44919317440,4870,4800,4750,-120,-2.46,4810,-60,-1.23,4690,4960,1400-9-9,2021-11-30
234,بجهرم,توسعه مولد نيروگاهي جهرم,660,8629119,17501866729,2053,2010,2010,-43,-2.09,2031,-22,-1.07,2010,2053,1400-9-9,2021-11-30
235,نتوس,پشم‌ بافي‌ توس,657,3816077,42377178155,11161,11495,11106,-55,-0.49,11105,-56,-0.5,10827,11495,1400-9-9,2021-11-30
236,بشهاب,لامپ‌  پارس‌ شهاب‌,657,352148,49974357900,142860,146800,142500,-360,-0.25,141910,-950,-0.66,139100,146800,1400-9-9,2021-11-30
237,كپرور,فرآوري زغال سنگ پروده طبس,655,2258878,72779228592,30772,30600,32310,1538,5,32219,1447,4.7,30600,32310,1400-9-9,2021-11-30
238,وسكرمان,س.سهام عدالت استان كرمان,654,39239943,17091566447,437,429,437,0,0,436,-1,-0.23,427,442,1400-9-9,2021-11-30
239,ثرود,سرمايه‌گذاري مسكن زاينده رود,652,3268202,21700802744,6443,6640,6591,148,2.3,6640,197,3.06,6490,6749,1400-9-9,2021-11-30
240,حتايد,تايدواترخاورميانه,652,6516180,32149285930,4870,4890,4910,40,0.82,4930,60,1.23,4800,5010,1400-9-9,2021-11-30
241,زيتون,صندوق س زيتون نماد پايا- مختلط,645,1602772,15483273451,9725,9700,9611,-114,-1.17,9660,-65,-0.67,9600,9740,1400-9-9,2021-11-30
242,كهمدا,شيشه‌ همدان‌,641,4025576,37472239840,9620,9250,9330,-290,-3.01,9310,-310,-3.22,9180,9590,1400-9-9,2021-11-30
243,غالبر,لبنيات‌ كالبر,631,3381717,43979292810,13650,13600,13090,-560,-4.1,13010,-640,-4.69,12970,13600,1400-9-9,2021-11-30
244,سغرب,سيمان‌غرب‌,628,1699115,26675739740,15210,15120,15710,500,3.29,15700,490,3.22,14600,15970,1400-9-9,2021-11-30
245,دتوليد,داروسازي توليد دارو,627,2161945,19523194834,8850,9290,9010,160,1.81,9030,180,2.03,8870,9290,1400-9-9,2021-11-30
246,حبندر,دريايي و کشتيراني خط دريابندر,625,2332547,39968519090,16743,16310,17100,357,2.13,17135,392,2.34,16300,17245,1400-9-9,2021-11-30
247,وسكرشا,س.سهام عدالت استان كرمانشاه,625,48144502,21058544090,438,426,437,-1,-0.23,437,-1,-0.23,426,452,1400-9-9,2021-11-30
248,قاسم,قاسم ايران,621,7940966,25462191412,3189,3140,3279,90,2.82,3206,17,0.53,3070,3330,1400-9-9,2021-11-30
249,كگل,معدني و صنعتي گل گهر,621,4185732,98478526770,23540,23020,23260,-280,-1.19,23530,-10,-0.04,23020,23720,1400-9-9,2021-11-30
250,بكام,كارخانجات توليدي شهيد قندي,620,7293825,12845942379,1799,1800,1746,-53,-2.95,1763,-36,-2,1745,1802,1400-9-9,2021-11-30
251,ديرانح,ح . ‌ايران‌دارو,612,7865518,127727716300,16610,16200,16350,-260,-1.57,16240,-370,-2.23,16000,18270,1400-9-9,2021-11-30
252,ويسا,سرمايه گذاري ايساتيس پويا,610,10481675,88424829642,8263,8500,8263,0,0,8436,173,2.09,8050,8509,1400-9-9,2021-11-30
253,اتكام,بيمه اتكايي امين,607,8365363,41515683049,4764,4816,4969,205,4.3,4963,199,4.18,4816,5002,1400-9-9,2021-11-30
254,ريشمك,توليد و صادرات ريشمك,606,1258015,39253993381,29867,30000,31360,1493,5,31203,1336,4.47,30000,31360,1400-9-9,2021-11-30
255,وپاسار,بانك  پاسارگاد,604,6834136,89481713120,13020,12900,13320,300,2.3,13080,60,0.46,12880,13320,1400-9-9,2021-11-30
256,ثاباد,توريستي ورفاهي آبادگران ايران,604,1217657,55852926190,46660,44330,45960,-700,-1.5,45870,-790,-1.69,44330,48480,1400-9-9,2021-11-30
257,وهنر,گروه توسعه هنر ايران,603,5247666,15376036339,3002,3000,2912,-90,-3,2930,-72,-2.4,2912,3030,1400-9-9,2021-11-30
258,پتاير,ايران‌ تاير,602,10505370,21380799244,2023,2018,2016,-7,-0.35,2035,12,0.59,2000,2068,1400-9-9,2021-11-30
259,سيمرغ,سيمرغ,592,2089855,49007342850,23620,23980,23570,-50,-0.21,23450,-170,-0.72,23200,23980,1400-9-9,2021-11-30
260,غگرجي,بيسكويت‌  گرجي‌,588,6820240,14475982945,2083,2070,2168,85,4.08,2123,40,1.92,2040,2169,1400-9-9,2021-11-30
261,وپست,پست بانك ايران,588,1316175,27663923670,20690,21050,20970,280,1.35,21020,330,1.59,20500,21500,1400-9-9,2021-11-30
262,وتوصا,گروه س توسعه صنعتي ايران,578,2343843,24137286470,10500,10600,10200,-300,-2.86,10300,-200,-1.9,10060,10600,1400-9-9,2021-11-30
263,وساغربي,شركت س استان آذربايجان غربي,575,40706571,17503469436,433,422,429,-4,-0.92,431,-2,-0.46,422,434,1400-9-9,2021-11-30
264,شفا,سرمايه گذاري شفادارو,574,7418970,130775478740,16040,16800,17640,1600,9.98,17630,1590,9.91,16800,17640,1400-9-9,2021-11-30
265,گكوثر,هتل پارسيان كوثر اصفهان,572,11781502,23357239405,1952,2020,1960,8,0.41,1983,31,1.59,1934,2031,1400-9-9,2021-11-30
266,تسه0005,امتيازتسهيلات مسكن مرداد 1400,568,17842,14892589927,843210,863978,828000,-15210,-1.8,834693,-8517,-1.01,825369,863978,1400-9-9,2021-11-30
267,تسه0004,امتيازتسهيلات مسكن تير1400,567,21061,17545809712,842393,826000,833969,-8424,-1,833095,-9298,-1.1,819000,850000,1400-9-9,2021-11-30
268,پارند2,صندوق س. پارند پايدار سپهر,566,56600000,56600000,10129,1,1,-10128,-99.99,1,-10128,-99.99,1,1,1400-9-9,2021-11-30
269,سصفها,سيمان‌اصفهان‌,565,790174,23269217650,30290,30990,29810,-480,-1.58,29450,-840,-2.77,29000,30990,1400-9-9,2021-11-30
270,ورنا,سرمايه‌گذاري‌ رنا(هلدينگ‌,561,7695344,25732689345,3435,3435,3265,-170,-4.95,3344,-91,-2.65,3264,3500,1400-9-9,2021-11-30
271,دپارس,پارس‌ دارو,556,495351,15625719820,30990,32260,30860,-130,-0.42,31540,550,1.77,30540,32260,1400-9-9,2021-11-30
272,دتوزيع,توزيع دارو پخش,555,1078248,30397151031,28743,28500,28400,-343,-1.19,28191,-552,-1.92,27620,29300,1400-9-9,2021-11-30
273,ضجار1023,اختيارخ وتجارت-2500-1400/10/15,553,25210,698695000,23,25,29,6,26.09,28,5,21.74,23,35,1400-9-9,2021-11-30
274,چدن,توليدي چدن سازان,551,6400241,16813722264,2652,2620,2611,-41,-1.55,2627,-25,-0.94,2590,2675,1400-9-9,2021-11-30
275,كساوه,صنايع‌ كاشي‌ و سراميك‌ سينا,542,1283433,51891980890,41980,42000,39890,-2090,-4.98,40430,-1550,-3.69,39890,43750,1400-9-9,2021-11-30
276,شكام,صنايع شيميايي كيمياگران امروز,538,1436266,47577784132,32079,32100,32400,321,1,33126,1047,3.26,31000,33682,1400-9-9,2021-11-30
277,تپكو,توليدتجهيزات‌سنگين‌هپكو,537,9865677,35054063197,3660,3553,3551,-109,-2.98,3553,-107,-2.92,3551,3629,1400-9-9,2021-11-30
278,كسرا,سراميك‌هاي‌صنعتي‌اردكان‌,536,1976374,30219487170,15910,16000,15120,-790,-4.97,15290,-620,-3.9,15120,16130,1400-9-9,2021-11-30
279,ونيرو,سرمايه‌گذاري‌نيرو,533,10155647,21980191306,2151,2190,2189,38,1.77,2164,13,0.6,2149,2198,1400-9-9,2021-11-30
280,كفپارس,فرآورده‌هاي‌ نسوز پارس‌,532,3817346,11997596323,3166,3110,3070,-96,-3.03,3146,-20,-0.63,3070,3200,1400-9-9,2021-11-30
281,غدام,خوراك‌  دام‌ پارس‌,530,357689,44756036680,131130,128450,124580,-6550,-5,125130,-6000,-4.58,124580,130010,1400-9-9,2021-11-30
282,قنيشا,قند  نيشابور,529,624968,25035396040,40510,41400,40500,-10,-0.02,40060,-450,-1.11,38690,41480,1400-9-9,2021-11-30
283,دانا,بيمه دانا,525,5779781,26260746163,4518,4400,4550,32,0.71,4544,26,0.58,4400,4609,1400-9-9,2021-11-30
284,دارو,كارخانجات‌داروپخش‌,525,1223649,37147287760,29180,29200,30260,1080,3.7,30360,1180,4.04,29190,30630,1400-9-9,2021-11-30
285,نمرينو,ايران‌ مرينوس‌,525,292324,23612632760,77540,79580,81410,3870,4.99,80780,3240,4.18,77500,81410,1400-9-9,2021-11-30
286,كساپا,سايپاشيشه‌,524,1527804,30804853160,20680,21000,20170,-510,-2.47,20160,-520,-2.51,19650,21100,1400-9-9,2021-11-30
287,كنور,توسعه معدني و صنعتي صبانور,518,1685444,31148848120,18430,18450,18520,90,0.49,18450,20,0.11,18150,18970,1400-9-9,2021-11-30
288,قرن,پديده شيمي قرن,517,484075,11466798660,23440,23230,23750,310,1.32,23590,150,0.64,23160,24170,1400-9-9,2021-11-30
289,فجام,جام‌دارو,516,4790180,18979667197,4158,3978,3951,-207,-4.98,3962,-196,-4.71,3951,4130,1400-9-9,2021-11-30
290,كترام,توليدي‌ كاشي‌ تكسرام‌,516,924369,17408860710,19580,18870,18620,-960,-4.9,18830,-750,-3.83,18610,19870,1400-9-9,2021-11-30
291,درهآور,دارويي ره آورد تامين,511,1583622,37416278180,23843,24377,23983,140,0.59,23627,-216,-0.91,22700,24790,1400-9-9,2021-11-30
292,قشكر,شكرشاهرود,510,6647030,17133750574,2589,2620,2508,-81,-3.13,2578,-11,-0.42,2490,2700,1400-9-9,2021-11-30
293,تليسه,دامداري تليسه نمونه,508,4882365,11140910957,2300,2310,2273,-27,-1.17,2286,-14,-0.61,2244,2328,1400-9-9,2021-11-30
294,غفارس,شير پاستوريزه پگاه فارس,506,3173429,18123768382,5959,5773,5729,-230,-3.86,5711,-248,-4.16,5662,5970,1400-9-9,2021-11-30
295,سبزوا,سيمان لار سبزوار,506,6413928,13929733038,2206,2160,2154,-52,-2.36,2174,-32,-1.45,2123,2228,1400-9-9,2021-11-30
296,فسپا,گروه‌صنعتي‌سپاهان‌,504,2549525,40199218450,15740,15650,15700,-40,-0.25,15770,30,0.19,15300,15920,1400-9-9,2021-11-30
297,پدرخش,درخشان‌ تهران‌,504,1762779,34538934740,18750,18200,19680,930,4.96,19590,840,4.48,18200,19680,1400-9-9,2021-11-30
298,آريان,سرمايه گذاري پارس آريان,498,2942323,46057421303,15516,15065,15640,124,0.8,15584,68,0.44,15065,15979,1400-9-9,2021-11-30
299,واحيا,م .صنايع و معادن احياء سپاهان,496,586312,78743136659,137111,137000,135849,-1262,-0.92,134302,-2809,-2.05,132998,137111,1400-9-9,2021-11-30
300,ثمسكن,سرمايه‌گذاري‌ مسكن‌,491,6810267,24185545374,3699,3615,3515,-184,-4.97,3551,-148,-4,3515,3750,1400-9-9,2021-11-30
301,ياقوت,صندوق س ياقوت آگاه-ثابت,490,3462783,47453949900,13700,13707,13707,7,0.05,13704,4,0.03,13682,13708,1400-9-9,2021-11-30
302,ساربيل,سيمان آرتا اردبيل,490,483026,12243366410,26290,26500,25260,-1030,-3.92,25500,-790,-3,25000,26500,1400-9-9,2021-11-30
303,شكربن,كربن‌ ايران‌,488,448622,43807866500,99090,95710,95510,-3580,-3.61,97650,-1440,-1.45,94140,99060,1400-9-9,2021-11-30
304,غشان,شيرپاستوريزه‌پگاه‌خراسان‌,486,3223063,15271892228,4689,4920,4635,-54,-1.15,4738,49,1.04,4560,4920,1400-9-9,2021-11-30
305,سبهان,سيمان‌ بهبهان‌,483,312477,15273865190,47910,50000,49000,1090,2.28,48880,970,2.02,48120,50000,1400-9-9,2021-11-30
306,خلنت,لنت‌ ترمزايران‌,481,276127,19941913540,75410,74880,71640,-3770,-5,72220,-3190,-4.23,71640,74880,1400-9-9,2021-11-30
307,غشصفا,شيرپاستوريزه‌پگاه‌اصفهان‌,481,1377806,41519840990,31560,31710,29990,-1570,-4.97,30130,-1430,-4.53,29990,31710,1400-9-9,2021-11-30
308,قچار,فراوردههاي غذايي وقند چهارمحال,480,3908889,37780486450,9829,9833,9338,-491,-5,9665,-164,-1.67,9338,9858,1400-9-9,2021-11-30
309,وآوا,سرمايه گذاري آوا نوين,479,3305272,9181711970,2809,2778,2792,-17,-0.61,2788,-21,-0.75,2730,2850,1400-9-9,2021-11-30
310,حريل,ريل پردازسير,478,5291116,14884006717,2861,2897,2790,-71,-2.48,2813,-48,-1.68,2774,2897,1400-9-9,2021-11-30
311,وملل,اعتباري ملل,475,3629951,32474190489,8981,8898,9037,56,0.62,8949,-32,-0.36,8700,9089,1400-9-9,2021-11-30
312,فلوله,لوله‌وماشين‌سازي‌ايران‌,475,12426127,13062683957,1059,1041,1041,-18,-1.7,1052,-7,-0.66,1029,1070,1400-9-9,2021-11-30
313,تكمبا,كمباين‌ سازي‌ ايران‌,473,3678270,15140549610,4186,4305,4050,-136,-3.25,4116,-70,-1.67,4000,4305,1400-9-9,2021-11-30
314,پرديسح,ح .  سرمايه گذاري پرديس,464,5143756,7167280128,1384,1330,1410,26,1.88,1393,9,0.65,1330,1420,1400-9-9,2021-11-30
315,ختراك,ريخته‌گري‌ تراكتورسازي‌ ايران‌,463,3366857,20472768100,6270,6020,5960,-310,-4.94,6080,-190,-3.03,5960,6430,1400-9-9,2021-11-30
316,كارين,صندوق س نگين سامان-ثابت,462,18640496,187346663200,10045,10050,10051,6,0.06,10051,6,0.06,10049,10052,1400-9-9,2021-11-30
317,لسرما,سرما آفرين‌,462,881650,19049966320,22400,21520,21280,-1120,-5,21610,-790,-3.53,21280,22500,1400-9-9,2021-11-30
318,ونيكي,سرمايه‌گذاري‌ ملي‌ايران‌,458,1664946,16299364070,9940,9810,9690,-250,-2.52,9900,-40,-0.4,9650,9970,1400-9-9,2021-11-30
319,وشهر,بانك شهر,456,3789835,17414279838,4511,4511,4600,89,1.97,4562,51,1.13,4505,4646,1400-9-9,2021-11-30
320,آپ,آسان پرداخت پرشين,456,3230238,39907476360,12970,12520,12330,-640,-4.93,12350,-620,-4.78,12330,12780,1400-9-9,2021-11-30
321,ارزش,صندوق س ارزش آفرين بيدار-سهام,453,2624794,25149447750,9660,9660,9530,-130,-1.35,9580,-80,-0.83,9500,9720,1400-9-9,2021-11-30
322,بكهنوج,توليد برق ماهتاب كهنوج,453,17275147,20506698031,1193,1207,1192,-1,-0.08,1187,-6,-0.5,1161,1207,1400-9-9,2021-11-30
323,همراه,شركت ارتباطات سيار ايران,450,2426232,20247298970,8450,8300,8400,-50,-0.59,8430,-20,-0.24,8200,8400,1400-9-9,2021-11-30
324,پارسان,گسترش نفت و گاز پارسيان,447,1278036,39226230810,31010,30240,30920,-90,-0.29,30900,-110,-0.35,29960,31590,1400-9-9,2021-11-30
325,دزهراوي,داروسازي‌زهراوي‌,444,2124454,10360067490,4790,4840,4950,160,3.34,4850,60,1.25,4670,4970,1400-9-9,2021-11-30
326,پسهند,صنايع‌ لاستيكي‌  سهند,444,1667063,48543086720,27900,28220,29290,1390,4.98,29120,1220,4.37,27130,29290,1400-9-9,2021-11-30
327,چكارن,كارتن‌ ايران‌,442,9674161,24638742887,2559,2509,2534,-25,-0.98,2547,-12,-0.47,2506,2600,1400-9-9,2021-11-30
328,لوتوسح,ح . تامين سرمايه لوتوس پارسيان,441,3883841,16641087726,4288,4250,4300,12,0.28,4285,-3,-0.07,4250,4303,1400-9-9,2021-11-30
329,سكه0012پ01,تمام سكه طرح جديد0012رفاه,440,172200,216945246200,1280436,1261100,1256999,-23437,-1.83,1259845,-20591,-1.61,1254000,1264874,1400-9-9,2021-11-30
330,سخاش,سيمان‌خاش‌,440,132751,11823170830,91790,92130,89190,-2600,-2.83,89580,-2210,-2.41,87640,93420,1400-9-9,2021-11-30
331,تسه9908,امتياز تسهيلات مسكن آبان99,439,15578,12903288296,844538,828000,830000,-14538,-1.72,828302,-16236,-1.92,812080,839900,1400-9-9,2021-11-30
332,اتكاي,بيمه اتكايي ايرانيان,438,2956476,32008743630,10843,10990,10926,83,0.77,10827,-16,-0.15,10426,11100,1400-9-9,2021-11-30
333,وسكاب,س.ص.بازنشستگي كاركنان بانكها,437,6221123,19242752101,3130,3169,3080,-50,-1.6,3093,-37,-1.18,3030,3169,1400-9-9,2021-11-30
334,هماي,صندوق س هماي آگاه-ثابت,436,4667533,46938817409,10050,10053,10057,7,0.07,10056,6,0.06,10053,10057,1400-9-9,2021-11-30
335,حپترو,حمل و نقل پتروشيمي( سهامي عام,435,1181009,28428220410,23010,23070,24160,1150,5,24070,1060,4.61,23070,24160,1400-9-9,2021-11-30
336,دعبيد,لابراتوارداروسازي‌  دكترعبيدي‌,434,1177619,22094290300,19570,19500,18600,-970,-4.96,19040,-530,-2.71,18600,19500,1400-9-9,2021-11-30
337,كرماشا,صنايع پتروشيمي كرمانشاه,432,1036996,54661732330,52890,52200,52940,50,0.09,52760,-130,-0.25,52200,53650,1400-9-9,2021-11-30
338,ستران,سيمان‌ تهران‌,431,839749,16435230330,19650,19660,19580,-70,-0.36,19570,-80,-0.41,19000,19940,1400-9-9,2021-11-30
339,شفارا,پتروشيمي فارابي,427,1953946,14266084742,7321,7530,7360,39,0.53,7301,-20,-0.27,7110,7530,1400-9-9,2021-11-30
340,فرآور,فرآوري‌موادمعدني‌ايران‌,426,1294791,39702756760,29460,29750,30930,1470,4.99,30660,1200,4.07,29470,30930,1400-9-9,2021-11-30
341,تكنو,تكنوتار,424,2531182,21481292300,8100,8450,8500,400,4.94,8490,390,4.81,8330,8500,1400-9-9,2021-11-30
342,حفارس,حمل و نقل بين المللي خليج فارس,417,6110251,20766971640,3356,3314,3401,45,1.34,3399,43,1.28,3232,3497,1400-9-9,2021-11-30
343,شخارك,پتروشيمي‌ خارك‌,415,1129991,57646697670,51750,51200,51400,-350,-0.68,51310,-440,-0.85,50360,51900,1400-9-9,2021-11-30
344,تپمپي,پمپ‌ سازي‌ ايران‌,413,1120371,20350879260,18260,18060,17990,-270,-1.48,18160,-100,-0.55,17500,18790,1400-9-9,2021-11-30
345,كيميا,معدني كيمياي زنجان گستران,412,1719225,21332731773,12556,12500,12430,-126,-1,12408,-148,-1.18,12155,12760,1400-9-9,2021-11-30
346,فسازان,غلتك سازان سپاهان,412,815825,16098653460,19670,19660,19650,-20,-0.1,19730,60,0.31,19200,20000,1400-9-9,2021-11-30
347,فسا,پتروشيمي فسا,411,10109818,10444450067,1083,1033,1029,-54,-4.99,1033,-50,-4.62,1029,1077,1400-9-9,2021-11-30
348,تسه0003,امتيازتسهيلات مسكن خرداد1400,409,7331,6105238925,843001,810000,821200,-21801,-2.59,832798,-10203,-1.21,810000,848995,1400-9-9,2021-11-30
349,ارفع,شركت آهن و فولاد ارفع,409,940870,13825741942,14978,14670,14553,-425,-2.84,14922,-56,-0.37,14550,14999,1400-9-9,2021-11-30
350,كپشير,پشم‌شيشه‌ايران‌,409,1406972,16971025230,12320,12510,11910,-410,-3.33,12060,-260,-2.11,11900,12510,1400-9-9,2021-11-30
351,ثامان,سامان‌ گستراصفهان‌,409,1230661,11813577270,9320,8890,9780,460,4.94,9540,220,2.36,8880,9780,1400-9-9,2021-11-30
352,خراسان,پتروشيمي خراسان,408,194679,22350141780,113700,113100,115100,1400,1.23,114000,300,0.26,113000,116300,1400-9-9,2021-11-30
353,شبهرن,نفت‌ بهران‌,404,1510635,16835914910,11360,11200,11150,-210,-1.85,11290,-70,-0.62,11000,11350,1400-9-9,2021-11-30
354,وسپه,سرمايه‌گذاري‌ سپه‌,402,3554104,26967318380,7750,7650,7640,-110,-1.42,7630,-120,-1.55,7420,7780,1400-9-9,2021-11-30
355,بالبر,كابل‌ البرز,401,592887,13083557370,22160,22800,22000,-160,-0.72,22080,-80,-0.36,21250,22800,1400-9-9,2021-11-30
356,زقيام,كشت و دام قيام اصفهان,401,5883564,7910637822,1349,1318,1338,-11,-0.82,1346,-3,-0.22,1283,1370,1400-9-9,2021-11-30
357,خشرق,الكتريك‌ خودرو شرق‌,399,1474600,20272987760,14090,14100,13610,-480,-3.41,13750,-340,-2.41,13500,14240,1400-9-9,2021-11-30
358,زفكا,كشت و دامداري فكا,399,4037241,28203514744,7304,7130,6940,-364,-4.98,6986,-318,-4.35,6939,7430,1400-9-9,2021-11-30
359,پكويرح,ح. كوير تاير,395,2422470,8863263253,3753,3620,3645,-108,-2.88,3659,-94,-2.5,3610,3830,1400-9-9,2021-11-30
360,مدير,ص.س.مديريت ثروت ص.بازنشستگي-س,392,1418743,13608967596,9694,9670,9584,-110,-1.13,9592,-102,-1.05,9514,9700,1400-9-9,2021-11-30
361,ولصنم,ليزينگ‌صنعت‌ومعدن‌,392,2341171,9384361528,4174,4055,3966,-208,-4.98,4059,-115,-2.76,3966,4180,1400-9-9,2021-11-30
362,خچرخش,چرخشگر,391,2167475,19342991670,8820,8630,8670,-150,-1.7,8920,100,1.13,8630,9170,1400-9-9,2021-11-30
363,سفار,سيمان‌فارس‌,390,484172,27835340570,55180,52720,57930,2750,4.98,57490,2310,4.19,52720,57930,1400-9-9,2021-11-30
364,بموتو,موتوژن‌,390,248864,18943038690,78900,79000,77310,-1590,-2.02,76360,-2540,-3.22,74970,79000,1400-9-9,2021-11-30
365,شيراز,پتروشيمي‌شيراز,389,1535837,121844138980,79440,81540,79440,0,0,79330,-110,-0.14,77200,81540,1400-9-9,2021-11-30
366,افق,فروشگاههاي زنجيره اي افق كوروش,389,544258,23507190520,44060,43500,42840,-1220,-2.77,43670,-390,-0.89,42700,43870,1400-9-9,2021-11-30
367,رانفور,خدمات‌انفورماتيك‌,385,2765473,10515933841,3850,3766,3770,-80,-2.08,3841,-9,-0.23,3766,3900,1400-9-9,2021-11-30
368,خوساز,محورسازان‌ايران‌خودرو,384,3981064,28975981150,7560,7650,7190,-370,-4.89,7280,-280,-3.7,7190,7680,1400-9-9,2021-11-30
369,تبرك,گروه كارخانجات صنعتي تبرك,383,1947932,16275774223,8543,8660,8390,-153,-1.79,8355,-188,-2.2,8260,8660,1400-9-9,2021-11-30
370,توسن,توسعه سامانه ي نرم افزاري نگين,381,2180303,48474676599,23403,22233,22233,-1170,-5,22233,-1170,-5,22233,22233,1400-9-9,2021-11-30
371,خكرمان,گروه اقتصادي كرمان خودرو,381,3596279,10310382770,2911,2930,2864,-47,-1.61,2867,-44,-1.51,2830,2930,1400-9-9,2021-11-30
372,كوثر,بيمه كوثر,380,3420927,13998639819,4173,4200,4002,-171,-4.1,4132,-41,-0.98,4000,4200,1400-9-9,2021-11-30
373,دبالك,مواد اوليه دارويي البرز بالك,378,1431971,10999113802,7914,7990,7669,-245,-3.1,7726,-188,-2.38,7530,7990,1400-9-9,2021-11-30
374,سشرق,سيمان‌ شرق‌,375,2881311,17765596610,6350,6260,6090,-260,-4.09,6170,-180,-2.83,6040,6550,1400-9-9,2021-11-30
375,البرز,بيمه البرز,374,4608463,9135579425,1996,1998,1974,-22,-1.1,1991,-5,-0.25,1950,2030,1400-9-9,2021-11-30
376,دكپسول,توليد ژلاتين كپسول ايران,373,416651,12053320176,29326,28760,28591,-735,-2.51,28978,-348,-1.19,28511,29484,1400-9-9,2021-11-30
377,اطلس,صندوق س.توسعه اندوخته آينده-س,372,69644,16869479631,243074,241030,241900,-1174,-0.48,242224,-850,-0.35,241030,243820,1400-9-9,2021-11-30
378,پاكشو,گروه صنعتي پاكشو,371,7560327,45503238560,6030,6020,6010,-20,-0.33,6030,0,0,6010,6030,1400-9-9,2021-11-30
379,فايرا,آلومينيوم‌ايران‌,369,699830,10993074090,16310,15810,15730,-580,-3.56,16200,-110,-0.67,15560,15990,1400-9-9,2021-11-30
380,خموتور,موتورسازان‌تراكتورسازي‌ايران‌,369,3730730,23242415720,5940,6230,6230,290,4.88,6230,290,4.88,6220,6230,1400-9-9,2021-11-30
381,كمنگنز,معادن‌منگنزايران‌,368,204237,13175344990,66850,67200,63900,-2950,-4.41,64580,-2270,-3.4,63520,67200,1400-9-9,2021-11-30
382,فبيرا,بسته‌ بندي‌ ايران‌,367,7991367,15239460904,1857,1912,1883,26,1.4,1907,50,2.69,1841,1912,1400-9-9,2021-11-30
383,وصنا,گروه‌صنايع‌بهشهرايران‌,367,1928962,10961577930,5770,5700,5630,-140,-2.43,5700,-70,-1.21,5610,5800,1400-9-9,2021-11-30
384,مرقام,ايران‌ارقام‌,367,1349302,14195016930,10440,10110,10240,-200,-1.92,10520,80,0.77,10110,10890,1400-9-9,2021-11-30
385,ثباغ,شهر سازي و خانه سازي باغميشه,364,1589890,13254023150,8724,8770,8288,-436,-5,8367,-357,-4.09,8288,8770,1400-9-9,2021-11-30
386,غگلستا,شير پاستوريزه پگاه گلستان,363,1375506,14681874924,10678,10979,10890,212,1.99,10674,-4,-0.04,10262,10990,1400-9-9,2021-11-30
387,لخزر,پارس‌ خزر,360,179552,25251364330,147210,140210,139850,-7360,-5,140640,-6570,-4.46,139850,147970,1400-9-9,2021-11-30
388,مبين,مبين انرژي خليج فارس,360,809466,19599732610,24110,24650,24290,180,0.75,24130,20,0.08,24010,24650,1400-9-9,2021-11-30
389,كروي,توسعه‌ معادن‌ روي‌ ايران‌,347,1530913,34992161920,22820,22310,22900,80,0.35,22860,40,0.18,22300,23290,1400-9-9,2021-11-30
390,زماهان,مجتمع توليد گوشت مرغ ماهان,346,1528574,10360090963,6937,6800,6880,-57,-0.82,6817,-120,-1.73,6640,6900,1400-9-9,2021-11-30
391,ثعمرا,عمران و توسعه شاهد,345,1883637,12836037567,7099,7000,7000,-99,-1.39,6830,-269,-3.79,6745,7000,1400-9-9,2021-11-30
392,نوين,بيمه نوين,345,2915502,10649718385,3739,3739,3612,-127,-3.4,3672,-67,-1.79,3612,3769,1400-9-9,2021-11-30
393,تسه0002,امتيازتسهيلاتمسكن ارديبهشت1400,343,5566,4625743512,845709,805005,820000,-25709,-3.04,831071,-14638,-1.73,805005,839995,1400-9-9,2021-11-30
394,وكار,بانك‌ كارآفرين‌,333,8862446,27358177840,3096,3098,3025,-71,-2.29,3091,-5,-0.16,3025,3103,1400-9-9,2021-11-30
395,تكنار,مجتمع معادن مس تكنار,333,545964,32483315479,58535,56779,60291,1756,3,59497,962,1.64,56779,60291,1400-9-9,2021-11-30
396,رنيك,جنرال مكانيك,332,954456,11005854970,11867,12180,11291,-576,-4.85,11598,-269,-2.27,11285,12180,1400-9-9,2021-11-30
397,شرانل,نفت ايرانول,331,680587,31346588974,45981,45990,46150,169,0.37,46047,66,0.14,45650,46870,1400-9-9,2021-11-30
398,غچين,كشت‌ و صنعت‌ چين‌ چين,330,803298,10417025310,13040,12600,13420,380,2.91,12980,-60,-0.46,12560,13500,1400-9-9,2021-11-30
399,داوه,داروسازي آوه سينا,330,736881,7626181878,10323,9986,10300,-23,-0.22,10337,14,0.14,9986,10620,1400-9-9,2021-11-30
400,ميهن,بيمه ميهن,329,6443676,15031777994,2448,2326,2326,-122,-4.98,2333,-115,-4.7,2326,2395,1400-9-9,2021-11-30
401,فنورد,نوردوقطعات‌ فولادي‌,329,110848,19826508610,180530,183700,178570,-1960,-1.09,178860,-1670,-0.93,175760,183700,1400-9-9,2021-11-30
402,ونفت,سرمايه‌گذاري‌ صنعت‌ نفت‌,327,1034428,14525530330,13820,13800,14120,300,2.17,14040,220,1.59,13500,14190,1400-9-9,2021-11-30
403,مفاخر,توسعه فناوري اطلاعات خوارزمي,327,334424,9528773867,29067,28500,27668,-1399,-4.81,28673,-394,-1.36,27615,29955,1400-9-9,2021-11-30
404,وبشهر,توسعه‌ صنايع‌ بهشهر(هلدينگ,323,3445069,24502381300,7460,7340,7090,-370,-4.96,7110,-350,-4.69,7090,7400,1400-9-9,2021-11-30
405,حتوكا,حمل‌ونقل‌توكا,323,880180,10903424210,12200,12300,12200,0,0,12340,140,1.15,11600,12670,1400-9-9,2021-11-30
406,زدشت,كشت و صنعت دشت خرم دره,321,858931,11713113620,13784,13500,13345,-439,-3.18,13665,-119,-0.86,13120,14100,1400-9-9,2021-11-30
407,خبازرس,بازرسي مهندسي و صنعتي ايران,319,557256,13290309234,24039,24479,23750,-289,-1.2,23850,-189,-0.79,23410,24490,1400-9-9,2021-11-30
408,فاهواز,نورد و لوله اهواز,318,2768518,16635950590,5982,5878,6050,68,1.14,6009,27,0.45,5863,6099,1400-9-9,2021-11-30
409,كگاز,شيشه‌ و گاز,318,1448168,22021197040,15890,15250,15130,-760,-4.78,15210,-680,-4.28,15100,15650,1400-9-9,2021-11-30
410,خكاوه,سايپا ديزل,315,2842778,10346815067,3687,3645,3610,-77,-2.09,3640,-47,-1.27,3600,3699,1400-9-9,2021-11-30
411,چفيبر,فيبر ايران‌,315,1649832,10598372970,6710,6420,6380,-330,-4.92,6510,-200,-2.98,6380,6800,1400-9-9,2021-11-30
412,تسه9912,امتياز تسهيلات مسكن اسفند99,314,5706,4739379553,841759,802000,830000,-11759,-1.4,830596,-11163,-1.33,802000,860000,1400-9-9,2021-11-30
413,بالاس,مهندسي ساختمان تاسيسات راه آهن,314,298589,9165216913,32021,31957,30420,-1601,-5,31150,-871,-2.72,30420,31957,1400-9-9,2021-11-30
414,خديزل,بهمن  ديزل,314,690835,38321313387,57108,57109,55800,-1308,-2.29,55471,-1637,-2.87,54253,58000,1400-9-9,2021-11-30
415,زر,صندوق س.پشتوانه سكه طلاي زر,313,1061017,58274227107,55865,55300,54760,-1105,-1.98,54923,-942,-1.69,54722,55300,1400-9-9,2021-11-30
416,بزاگرس,نيروگاه زاگرس كوثر,312,2585457,9171518886,3664,3535,3510,-154,-4.2,3588,-76,-2.07,3501,3649,1400-9-9,2021-11-30
417,وثخوز,سرمايه گذاري و توسعه خوزستان,311,411016,12950188593,32760,31403,31122,-1638,-5,31508,-1252,-3.82,31122,32760,1400-9-9,2021-11-30
418,عيار,صندوق سكه طلاي مفيد,310,293953,9398083378,32483,32470,31810,-673,-2.07,31971,-512,-1.58,31776,32470,1400-9-9,2021-11-30
419,تسه0001,امتيازتسهيلات مسكن فروردين1400,308,5160,4293676313,846950,850000,836660,-10290,-1.21,832108,-14842,-1.75,804603,855000,1400-9-9,2021-11-30
420,داسوه,داروسازي‌ اسوه‌,307,655606,15957174540,23200,23900,24360,1160,5,24340,1140,4.91,23810,24360,1400-9-9,2021-11-30
421,سباقر,سيمان باقران,307,2011129,26665613246,13665,13256,13256,-409,-2.99,13259,-406,-2.97,13256,13645,1400-9-9,2021-11-30
422,جوين,كشت و صنعت جوين,303,3951992,10487414167,2652,2695,2660,8,0.3,2654,2,0.08,2576,2719,1400-9-9,2021-11-30
423,بهپاك,صنعتي بهپاك,303,2936853,15414885821,5164,5012,5260,96,1.86,5249,85,1.65,5012,5350,1400-9-9,2021-11-30
424,فاما,صنعتي‌ آما,302,856126,17341229400,20910,20910,20240,-670,-3.2,20260,-650,-3.11,20100,21000,1400-9-9,2021-11-30
425,كلوند,كاشي‌ الوند,301,876233,18866704080,22110,21750,21340,-770,-3.48,21530,-580,-2.62,21310,22070,1400-9-9,2021-11-30
426,تكشا,گسترش‌صنايع‌وخدمات‌كشاورزي‌,300,329219,11893492510,36520,35330,35500,-1020,-2.79,36190,-330,-0.9,35000,36690,1400-9-9,2021-11-30
427,وتوس,توسعه‌شهري‌توس‌گستر,298,1839883,18399580710,10260,10550,9870,-390,-3.8,10000,-260,-2.53,9750,10550,1400-9-9,2021-11-30
428,وبوعلي,سرمايه‌گذاري‌بوعلي‌,296,1799679,6895828599,3796,3710,3784,-12,-0.32,3813,17,0.45,3710,3898,1400-9-9,2021-11-30
429,وسگيلا,شركت س استان گيلان,293,14915687,6467954619,438,422,438,0,0,437,-1,-0.23,422,440,1400-9-9,2021-11-30
430,تسه9911,امتياز تسهيلات مسكن بهمن99,291,6712,5570700642,828845,823453,829999,1154,0.14,829961,1116,0.13,820009,839990,1400-9-9,2021-11-30
431,خاهن,آهنگري‌ تراكتورسازي‌ ايران‌,291,4523731,23447728810,5180,5180,5180,0,0,5180,0,0,5180,5250,1400-9-9,2021-11-30
432,آكورد,صندوق س. آرمان آتي كوثر-د,290,6559194,232689485959,35458,35475,35476,18,0.05,35475,17,0.05,35465,35482,1400-9-9,2021-11-30
433,سپر,صندوق س سپر سرمايه بيدار- ثابت,287,7468258,99003597777,13249,13255,13258,9,0.07,13257,8,0.06,13250,13258,1400-9-9,2021-11-30
434,پكوير,كوير تاير,284,2065726,11990524080,6000,5890,5760,-240,-4,5830,-170,-2.83,5710,5950,1400-9-9,2021-11-30
435,دسينا,داروسازي‌ سينا,284,1344952,28089400300,20450,21400,20700,250,1.22,20890,440,2.15,20420,21470,1400-9-9,2021-11-30
436,غپآذر,شير پگاه آذربايجان شرقي,284,226504,6969293161,30337,30790,30695,358,1.18,30535,198,0.65,30001,31511,1400-9-9,2021-11-30
437,تسه9910,امتياز تسهيلات مسكن دي99,284,5744,4758984374,840277,837000,820000,-20277,-2.41,828514,-11763,-1.4,810999,839980,1400-9-9,2021-11-30
438,ساراب,سيمان‌ داراب‌,283,1608396,22467405510,14610,14080,14370,-240,-1.64,13970,-640,-4.38,13880,14550,1400-9-9,2021-11-30
439,فردا2,صندوق س آواي فرداي زاگرس-ثابت,282,28200000,28200000,11902,1,1,-11901,-99.99,1,-11901,-99.99,1,1,1400-9-9,2021-11-30
440,سپاها,سيمان‌سپاهان‌,281,2499539,17736704130,7310,7100,7150,-160,-2.19,7100,-210,-2.87,7010,7280,1400-9-9,2021-11-30
441,وساشرقي,شركت س استان آذربايجان شرقي,281,12671900,5483945875,453,431,432,-21,-4.64,450,-3,-0.66,431,440,1400-9-9,2021-11-30
442,كطبس,ذغال‌سنگ‌ نگين‌ ط‌بس‌,280,233764,12026207200,51270,53400,50550,-720,-1.4,51410,140,0.27,50410,53400,1400-9-9,2021-11-30
443,زكشت,كشاورزي مكانيزه اصفهان كشت,280,680831,16381973089,25226,24132,23965,-1261,-5,24062,-1164,-4.61,23965,24910,1400-9-9,2021-11-30
444,غبهنوش,بهنوش‌ ايران‌,279,931071,63423841960,64930,68050,68170,3240,4.99,68120,3190,4.91,67700,68170,1400-9-9,2021-11-30
445,وسين,بيمه سينا,278,7585486,28732827015,3785,3720,3850,65,1.72,3788,3,0.08,3676,3886,1400-9-9,2021-11-30
446,وحكمت,بيمه حكمت صبا,274,2226526,9258663757,4185,4259,4080,-105,-2.51,4160,-25,-0.6,4065,4280,1400-9-9,2021-11-30
447,جم,پتروشيمي جم,273,661574,31844512260,48360,47150,48690,330,0.68,48290,-70,-0.14,47150,48900,1400-9-9,2021-11-30
448,وتوكا,سرمايه‌گذاري‌توكافولاد(هلدينگ,272,2169205,17264386380,7970,7910,7990,20,0.25,7960,-10,-0.13,7900,8100,1400-9-9,2021-11-30
449,دتماد,توليدمواداوليه‌داروپخش‌,269,296455,12621637950,42790,42150,42620,-170,-0.4,42590,-200,-0.47,42000,43730,1400-9-9,2021-11-30
450,زعف0008پ10,زعفران0008نگين طلاي سرخ(پ),264,89513,25680434160,277963,284600,285000,7037,2.53,286891,8928,3.21,281010,295990,1400-9-9,2021-11-30
451,قزوين,كارخانجات‌ قند قزوين‌,263,797942,21130583410,27780,26730,26620,-1160,-4.18,26480,-1300,-4.68,26400,27680,1400-9-9,2021-11-30
452,ومعلم,بيمه معلم,262,2698532,5947749863,2265,2165,2191,-74,-3.27,2239,-26,-1.15,2165,2245,1400-9-9,2021-11-30
453,شليا,شركت مواد ويژه ليا,260,1475847,57099146201,47632,39000,37830,-9802,-20.58,38689,-8943,-18.78,37830,40169,1400-9-9,2021-11-30
454,آساميد,صندوق س.مشترك آسمان اميد -د,257,7369897,99690378791,13518,13528,13529,11,0.08,13527,9,0.07,13522,13529,1400-9-9,2021-11-30
455,پاسا,ايران‌ياساتايرورابر,255,590121,8081649060,13840,14000,13880,40,0.29,13760,-80,-0.58,13580,14000,1400-9-9,2021-11-30
456,سرچشمه,سرمايه گذاري مس سرچشمه,254,1929463,10620257931,5619,5600,5420,-199,-3.54,5532,-87,-1.55,5403,5800,1400-9-9,2021-11-30
457,فلامي,لاميران‌,253,848969,18129218160,22240,23350,21130,-1110,-4.99,21350,-890,-4,21130,23350,1400-9-9,2021-11-30
458,دسبحان,سبحان دارو,253,453026,6708177920,15410,14750,14860,-550,-3.57,15120,-290,-1.88,14640,15300,1400-9-9,2021-11-30
459,غديس,پاكديس,253,880609,9324520487,10753,10890,10480,-273,-2.54,10644,-109,-1.01,10350,10890,1400-9-9,2021-11-30
460,غشهد,شهد ايران ‌,252,1410250,5685560582,4223,4110,4014,-209,-4.95,4144,-79,-1.87,4012,4200,1400-9-9,2021-11-30
461,سصوفي,سيمان‌ صوفيان‌,247,631834,8730273960,14020,14100,13590,-430,-3.07,13890,-130,-0.93,13550,14380,1400-9-9,2021-11-30
462,ضصاد1114,اختيارخ وبصادر-2500-1400/11/06,246,12736,737979000,55,60,55,0,0,58,3,5.45,53,64,1400-9-9,2021-11-30
463,كامياب,صندوق س. كامياب آشنا-د,245,3118685,34213104805,10965,10972,10971,6,0.05,10970,5,0.05,10970,10974,1400-9-9,2021-11-30
464,وسبحان,سرمايه گذاري سبحان,245,4898307,14623076466,2977,2941,3008,31,1.04,2985,8,0.27,2941,3024,1400-9-9,2021-11-30
465,دحاوي,الحاوي,244,2287904,10559897312,4511,4600,4646,135,2.99,4616,105,2.33,4414,4646,1400-9-9,2021-11-30
466,وپخش,داروپخش‌ (هلدينگ‌,243,729460,25392276330,33170,34820,34820,1650,4.97,34010,840,2.53,34500,34820,1400-9-9,2021-11-30
467,تسه9909,امتياز تسهيلات مسكن آذر99,240,3950,3272314699,840583,821000,828000,-12583,-1.5,828434,-12149,-1.45,815500,837000,1400-9-9,2021-11-30
468,گوهر,صندوق سكه طلاي كيان,240,261705,16588503031,64072,63500,63000,-1072,-1.67,63386,-686,-1.07,63000,63550,1400-9-9,2021-11-30
469,سخزر,سيمان‌ خزر,240,436212,7771639060,18460,18200,17540,-920,-4.98,18100,-360,-1.95,17540,18610,1400-9-9,2021-11-30
470,زبينا,كشاورزي و دامپروري بينالود,240,3292681,6942272517,2162,2100,2108,-54,-2.5,2136,-26,-1.2,2075,2180,1400-9-9,2021-11-30
471,والبر,سرمايه‌ گذاري‌ البرز(هلدينگ‌,239,720268,5782540440,8210,8400,8060,-150,-1.83,8170,-40,-0.49,7950,8400,1400-9-9,2021-11-30
472,شپارس,بين‌ المللي‌ محصولات‌  پارس‌,239,787705,5738804200,7220,7220,7240,20,0.28,7250,30,0.42,7160,7400,1400-9-9,2021-11-30
473,كهربا,صندوق س.پشتوانه سكه طلا كهربا,239,10044435,109497152163,10980,10815,10891,-89,-0.81,10901,-79,-0.72,10815,10930,1400-9-9,2021-11-30
474,كاسپين,داروسازي كاسپين تامين,238,756635,17969527048,23353,22700,23700,347,1.49,23749,396,1.7,22700,24130,1400-9-9,2021-11-30
475,ومشان,س. فني و مهندسي مشانير,238,270331,12784029864,48714,47400,47253,-1461,-3,47290,-1424,-2.92,47253,48497,1400-9-9,2021-11-30
476,فافق,صنايع مس افق كرمان,237,1519623,5285328423,3453,3518,3514,61,1.77,3467,14,0.41,3400,3547,1400-9-9,2021-11-30
477,سدور,سيمان‌ دورود,236,1561329,9590098050,6220,6340,6070,-150,-2.41,6170,-50,-0.8,6050,6340,1400-9-9,2021-11-30
478,ثشرق,سرمايه گذاري مسكن شمال شرق,236,2495457,10074248865,4173,4022,4130,-43,-1.03,4074,-99,-2.37,3965,4150,1400-9-9,2021-11-30
479,اعتلاح,ح سرمايه گذاري اعتلاء البرز,233,3372223,5697487972,1756,1717,1675,-81,-4.61,1690,-66,-3.76,1669,1717,1400-9-9,2021-11-30
480,پكرمان,گروه‌ صنعتي‌ بارز,231,391111,8053238120,20710,21000,20890,180,0.87,20660,-50,-0.24,20140,21000,1400-9-9,2021-11-30
481,شرنگي,شيميايي رنگين,230,89756,14237595266,154056,158677,158677,4621,3,158626,4570,2.97,154058,158677,1400-9-9,2021-11-30
482,سجامح,ح.مجتمع سيمان غرب آسيا,229,2016551,1933326826,986,980,957,-29,-2.94,959,-27,-2.74,957,980,1400-9-9,2021-11-30
483,آبين,كشت و صنعت آبشيرين,228,4460937,7815640605,1803,1753,1749,-54,-3,1760,-43,-2.38,1749,1800,1400-9-9,2021-11-30
484,حپارسا,توسعه حمل و نقل ريلي پارسيان,227,358094,10788018316,31108,31450,30639,-469,-1.51,30373,-735,-2.36,29553,32599,1400-9-9,2021-11-30
485,اميد,تامين سرمايه اميد,227,1232413,9362547790,7410,7680,7520,110,1.48,7470,60,0.81,7490,7690,1400-9-9,2021-11-30
486,اوان,مبين وان كيش,226,625311,13186791539,22077,21100,20974,-1103,-5,21113,-964,-4.37,20974,22450,1400-9-9,2021-11-30
487,پرديس,سرمايه گذاري پرديس,225,4129478,13983765831,3377,3305,3400,23,0.68,3386,9,0.27,3305,3408,1400-9-9,2021-11-30
488,آوا,صندوق س.سهام آواي معيار-س,223,478641,3812668685,8001,8030,7945,-56,-0.7,7966,-35,-0.44,7888,8045,1400-9-9,2021-11-30
489,شصفها,پتروشيمي‌ اصفهان‌,222,194649,22430580328,114566,114570,115000,434,0.38,115236,670,0.58,112779,116857,1400-9-9,2021-11-30
490,ميدكو,توسعه معادن وص.معدني خاورميانه,222,1317300,60207672190,45970,45700,45720,-250,-0.54,45840,-130,-0.28,45700,45820,1400-9-9,2021-11-30
491,افرا,افرانت,222,394737,6200325382,15874,15390,15390,-484,-3.05,15804,-70,-0.44,15380,16549,1400-9-9,2021-11-30
492,وساخت,سرمايه‌ گذاري‌ ساختمان‌ايران‌,220,317597,13244504150,41930,41930,42000,70,0.17,41760,-170,-0.41,41000,42290,1400-9-9,2021-11-30
493,تسه9810,امتياز تسهيلات مسكن دي98,219,5340,4423151908,843743,825333,834899,-8844,-1.05,828306,-15437,-1.83,810100,839990,1400-9-9,2021-11-30
494,خريخت,صنايع‌ريخته‌گري‌ايران‌,218,2464230,8433017955,3417,3534,3389,-28,-0.82,3420,3,0.09,3343,3534,1400-9-9,2021-11-30
495,رتكو,كنترل‌خوردگي‌تكين‌كو,217,914285,7461313660,8020,8290,8080,60,0.75,8090,70,0.87,7630,8300,1400-9-9,2021-11-30
496,دلر,داروسازي‌ اكسير,217,879333,38052642960,43030,42400,43350,320,0.74,43270,240,0.56,42400,43690,1400-9-9,2021-11-30
497,لبوتان,گروه‌صنعتي‌بوتان‌,216,322469,15695464700,51220,48750,48660,-2560,-5,48750,-2470,-4.82,48660,50500,1400-9-9,2021-11-30
498,غپاك,لبنيات‌ پاك‌,216,1223788,17695974480,13780,14460,14460,680,4.93,14460,680,4.93,14460,14460,1400-9-9,2021-11-30
499,واميد,گروه مديريت سرمايه گذاري اميد,214,1851297,24582782990,13220,13150,13220,0,0,13230,10,0.08,13110,13450,1400-9-9,2021-11-30
500,ددام,داروسازي زاگرس فارمد پارس,213,868505,8536475450,9980,9680,10160,180,1.8,9890,-90,-0.9,9570,10160,1400-9-9,2021-11-30
501,سپيدما,صندوق س. سپيد دماوند-د,212,9176246,105058969255,11445,11449,11449,4,0.03,11449,4,0.03,11449,11450,1400-9-9,2021-11-30
502,كاذر,فرآورده‌هاي‌نسوزآذر,211,451684,5882083490,13090,13130,12800,-290,-2.22,13060,-30,-0.23,12790,13260,1400-9-9,2021-11-30
503,سقاين,سيمان‌ قائن‌,210,189532,8417907720,46070,46560,43770,-2300,-4.99,45090,-980,-2.13,43770,46560,1400-9-9,2021-11-30
504,دشيمي,شيمي‌ داروئي‌ داروپخش‌,209,538572,12970342380,23810,23810,23920,110,0.46,24050,240,1.01,23150,24680,1400-9-9,2021-11-30
505,تنوين,تامين سرمايه نوين,207,2198230,11205411220,5170,5170,5250,80,1.55,5140,-30,-0.58,4980,5250,1400-9-9,2021-11-30
506,وملت,سرمايه گذاري ملت,206,2458873,6510848725,2697,2644,2645,-52,-1.93,2648,-49,-1.82,2644,2700,1400-9-9,2021-11-30
507,وثنو,سرمايه گذاري ساختماني نوين,206,2075039,9683233683,4805,4789,4661,-144,-3,4667,-138,-2.87,4661,4789,1400-9-9,2021-11-30
508,غشوكو,شوكو پارس,206,839677,6154890876,7546,7321,7400,-146,-1.93,7399,-147,-1.95,7320,7499,1400-9-9,2021-11-30
509,وبهمن,سرمايه‌گذاري‌بهمن‌,205,1163514,19338622600,17200,17190,16360,-840,-4.88,16620,-580,-3.37,16340,17200,1400-9-9,2021-11-30
510,دكوثر,داروسازي‌ كوثر,205,2334509,6984879414,3055,3095,2942,-113,-3.7,3022,-33,-1.08,2930,3095,1400-9-9,2021-11-30
511,ولراز,ليزينگ رازي,204,494525,10736605238,22076,21600,21949,-127,-0.58,21711,-365,-1.65,21414,22240,1400-9-9,2021-11-30
512,تسه9902,امتياز تسهيلات مسكن ارديبهشت99,200,3190,2642420388,843910,810001,826000,-17910,-2.12,828345,-15565,-1.84,810001,839000,1400-9-9,2021-11-30
513,دالبر,البرزدارو,199,619443,7177088130,12080,12000,11560,-520,-4.3,11830,-250,-2.07,11480,12000,1400-9-9,2021-11-30
514,ساروم,سيمان‌اروميه‌,198,622271,24276914480,38820,39500,39000,180,0.46,39010,190,0.49,38010,39710,1400-9-9,2021-11-30
515,تايرا,تراكتورسازي‌ايران‌,194,313854,7040502080,23170,22960,22310,-860,-3.71,22990,-180,-0.78,22310,23000,1400-9-9,2021-11-30
516,قصفها,قنداصفهان‌,193,68253,5573366550,82500,82500,81350,-1150,-1.39,82170,-330,-0.4,81310,83000,1400-9-9,2021-11-30
517,زعف0110پ10,زعفران0110نگين طلاي سرخ(پ),192,137718,54412542159,379969,398999,382496,2527,0.67,395101,15132,3.98,375000,399352,1400-9-9,2021-11-30
518,كفرا,فراورده‌ هاي‌ نسوزايران‌,191,1382721,23751835980,17160,16850,17200,40,0.23,17180,20,0.12,16850,17450,1400-9-9,2021-11-30
519,شراز,پالايش نفت شيراز,189,75059,8516528850,114612,113200,114700,88,0.08,114402,-210,-0.18,110000,116000,1400-9-9,2021-11-30
520,دجابر,داروسازي‌ جابرابن‌حيان‌,188,727327,9559094520,13060,13260,13100,40,0.31,13110,50,0.38,12900,13500,1400-9-9,2021-11-30
521,ثغرب,شركت سرمايه گذاري مسكن شمالغرب,188,1553474,6165984269,4128,4199,3990,-138,-3.34,4057,-71,-1.72,3930,4199,1400-9-9,2021-11-30
522,ساينا,صنايع بهداشتي ساينا,188,61881,5520377435,90827,92000,88890,-1937,-2.13,90206,-621,-0.68,88790,92000,1400-9-9,2021-11-30
523,سكرد,سيمان كردستان,187,1031692,4685448378,4675,4530,4492,-183,-3.91,4631,-44,-0.94,4442,4658,1400-9-9,2021-11-30
524,زمگسا,كشاورزي‌ ودامپروي‌ مگسال‌,186,257480,4584621140,17600,17330,17690,90,0.51,17660,60,0.34,17330,18090,1400-9-9,2021-11-30
525,كسعدي,كاشي‌ سعدي‌,186,579803,4719167700,8250,8130,8050,-200,-2.42,8210,-40,-0.48,8000,8300,1400-9-9,2021-11-30
526,سجام,مجتمع سيمان غرب آسيا,185,3839584,8845669444,2373,2302,2302,-71,-2.99,2309,-64,-2.7,2302,2398,1400-9-9,2021-11-30
527,فولاژ,فولاد آلياژي ايران,184,1891589,30272951990,16060,16280,16000,-60,-0.37,16040,-20,-0.12,15830,16280,1400-9-9,2021-11-30
528,شوينده,مديريت صنعت شوينده ت.ص.بهشهر,183,353689,6869140440,19790,19990,19330,-460,-2.32,19610,-180,-0.91,19200,20190,1400-9-9,2021-11-30
529,وبيمه,سرمايه‌ گذاري‌ صنعت‌ بيمه‌,182,2727592,4036429396,1502,1500,1478,-24,-1.6,1496,-6,-0.4,1461,1517,1400-9-9,2021-11-30
530,وآرين,شركت توسعه اقتصادي آرين,182,1835074,3639592355,2020,2040,1960,-60,-2.97,2006,-14,-0.69,1960,2040,1400-9-9,2021-11-30
531,تسه9907,امتياز تسهيلات مسكن مهر99,179,3825,3170746498,849881,812225,825000,-24881,-2.93,828953,-20928,-2.46,812221,850000,1400-9-9,2021-11-30
532,كقزوي,شيشه‌ قزوين‌,178,1218510,9878829016,8025,8030,8100,75,0.93,8107,82,1.02,7900,8185,1400-9-9,2021-11-30
533,بسويچ,پارس‌سويچ‌,176,421674,6394965740,15950,15410,15160,-790,-4.95,15590,-360,-2.26,15160,15620,1400-9-9,2021-11-30
534,فپنتا,سپنتا,176,12155,5343500260,442570,450890,440080,-2490,-0.56,441500,-1070,-0.24,436990,450890,1400-9-9,2021-11-30
535,تيپيكو,سرمايه گذاري دارويي تامين,176,517994,11105046550,21930,21210,21300,-630,-2.87,21870,-60,-0.27,21210,21830,1400-9-9,2021-11-30
536,كشرق,صنعتي و معدني شمال شرق شاهرود,175,134956,9703371235,75037,71614,71286,-3751,-5,72764,-2273,-3.03,71286,73530,1400-9-9,2021-11-30
537,اخزا001,اسنادخزانه-م1بودجه00-030821,174,272790,140709953655,508021,509000,509001,980,0.19,515818,7797,1.53,509000,523000,1400-9-9,2021-11-30
538,ولبهمن,شركت بهمن ليزينگ,174,1263905,8928550514,7108,7200,7060,-48,-0.68,7083,-25,-0.35,6903,7270,1400-9-9,2021-11-30
539,زعف0110پ11,زعفران0110نگين سحرخيز(پ),171,179843,71507303305,381536,381000,385000,3464,0.91,397610,16074,4.21,380000,399352,1400-9-9,2021-11-30
540,غشوكوح,ح . شوكو پارس,170,965552,4449074118,4731,4600,4590,-141,-2.98,4608,-123,-2.6,4590,4865,1400-9-9,2021-11-30
541,شپاكسا,پاكسان‌,169,362003,5856565050,16440,16030,16080,-360,-2.19,16330,-110,-0.67,15900,16420,1400-9-9,2021-11-30
542,اعتلا,شركت سرمايه گذاري اعتلاء البرز,169,1304256,4747158026,3764,3650,3659,-105,-2.79,3721,-43,-1.14,3612,3760,1400-9-9,2021-11-30
543,كاريس,صندوق س.سپهر كاريزما-س,166,1033111,13356656275,12949,13070,12900,-49,-0.38,12929,-20,-0.15,12854,13070,1400-9-9,2021-11-30
544,وصندوق,سرمايه‌گذاري‌صندوق‌بازنشستگي‌,165,1556195,19747937390,12880,12800,12630,-250,-1.94,12830,-50,-0.39,12550,12980,1400-9-9,2021-11-30
545,تصميم,صندوق س با درآمد ثابت تصميم,164,1043894,18889161754,18083,18098,18096,13,0.07,18095,12,0.07,18087,18098,1400-9-9,2021-11-30
546,فاراكح,ح . ماشين‌ سازي‌ اراك‌,163,20861673,8477359297,450,450,405,-45,-10,406,-44,-9.78,405,450,1400-9-9,2021-11-30
547,كيان2,صندوق س. با درآمد ثابت كيان,162,16200000,16200000,31801,1,1,-31800,-100,1,-31800,-100,1,1,1400-9-9,2021-11-30
548,كسرام,پارس‌ سرام‌,162,1688647,7414940305,4586,4554,4357,-229,-4.99,4484,-102,-2.22,4357,4555,1400-9-9,2021-11-30
549,هجرت,پخش هجرت,162,824723,23089625296,28105,27401,27812,-293,-1.04,27997,-108,-0.38,27401,28580,1400-9-9,2021-11-30
550,زعف0008پ05,زعفران0008نگين زرين(پ),160,49877,14612332933,290175,299070,290000,-175,-0.06,292967,2792,0.96,289010,299070,1400-9-9,2021-11-30
551,چافست,افست‌,160,468407,4156593570,8750,8990,8870,120,1.37,8790,40,0.46,8570,8990,1400-9-9,2021-11-30
552,زشگزا,شير و گوشت زاگرس شهركرد,160,742171,3816713686,5171,5259,5210,39,0.75,5164,-7,-0.14,5052,5259,1400-9-9,2021-11-30
553,اخزا006,اسنادخزانه-م6بودجه00-030723,160,621679,321370910445,516188,519797,519500,3312,0.64,516940,752,0.15,512502,519797,1400-9-9,2021-11-30
554,قلرست,قند لرستان‌,157,255197,4383148970,17520,18000,17690,170,0.97,17420,-100,-0.57,17000,18000,1400-9-9,2021-11-30
555,وپترو,سرمايه‌گذاري صنايع پتروشيمي‌,157,445556,5130685920,11580,11460,11520,-60,-0.52,11560,-20,-0.17,11440,11600,1400-9-9,2021-11-30
556,دلقما,دارويي‌ لقمان‌,156,1156390,28227479900,23250,24410,24410,1160,4.99,24410,1160,4.99,24410,24410,1400-9-9,2021-11-30
557,قمرو,قند مرودشت‌,156,245106,5537128800,23500,22650,22600,-900,-3.83,23130,-370,-1.57,22470,23480,1400-9-9,2021-11-30
558,بفجرح,ح . فجر انرژي خليج فارس,156,750560,6333240610,8460,8270,8480,20,0.24,8440,-20,-0.24,8270,8520,1400-9-9,2021-11-30
559,وتوسم,سرمايه‌گذاري‌توسعه‌ملي‌,154,593359,4702772470,7930,7850,7950,20,0.25,7930,0,0,7850,8010,1400-9-9,2021-11-30
560,حشكوه,دليجان طلايي شكوه پارس,153,7058571,26455524108,3863,3748,3748,-115,-2.98,3748,-115,-2.98,3748,3748,1400-9-9,2021-11-30
561,پلاسك,پلاسكوكار,150,1039999,4627213153,4509,4383,4419,-90,-2,4490,-19,-0.42,4383,4555,1400-9-9,2021-11-30
562,لوتوس,تامين سرمايه لوتوس پارسيان,148,1106088,6218325650,5680,5560,5680,0,0,5670,-10,-0.18,5560,5790,1400-9-9,2021-11-30
563,كحافظ,كاشي‌ وسراميك‌ حافظ‌,148,1069624,3911303600,3678,3662,3682,4,0.11,3672,-6,-0.16,3550,3700,1400-9-9,2021-11-30
564,بنيرو,نيروترانس‌,147,1359967,2544904202,1898,1860,1865,-33,-1.74,1893,-5,-0.26,1830,1899,1400-9-9,2021-11-30
565,سيستم,همكاران سيستم,146,4031586,19680203742,4651,4880,4883,232,4.99,4882,231,4.97,4857,4883,1400-9-9,2021-11-30
566,دفرا,فرآورده‌هاي‌ تزريقي‌ ايران‌,143,227941,6426568630,28470,27460,28400,-70,-0.25,28340,-130,-0.46,27320,28700,1400-9-9,2021-11-30
567,پخش,پخش البرز,140,161665,4096167934,25635,24715,25300,-335,-1.31,25549,-86,-0.34,24700,25970,1400-9-9,2021-11-30
568,دابور,داروسازي‌ ابوريحان‌,140,314290,7563006660,24060,23680,24300,240,1,24060,0,0,23400,24320,1400-9-9,2021-11-30
569,تسه9901,امتياز تسهيلات مسكن فروردين99,138,1899,1576880183,845765,810011,832000,-13765,-1.63,830374,-15391,-1.82,810011,888053,1400-9-9,2021-11-30
570,تسه9906,امتياز تسهيلات مسكن شهريور99,138,2116,1750219983,850398,830000,824000,-26398,-3.1,827136,-23262,-2.74,810499,838500,1400-9-9,2021-11-30
571,خاهنح,ح . آهنگري تراكتورسازي‌ ايران‌,138,1254320,4670037876,3768,3630,3700,-68,-1.8,3723,-45,-1.19,3606,3790,1400-9-9,2021-11-30
572,سهگمت,سيمان‌هگمتان‌,137,334636,7077114160,22100,21200,21130,-970,-4.39,21620,-480,-2.17,21060,21860,1400-9-9,2021-11-30
573,سكه0012پ04,تمام سكه طرح جديد0012صادرات,135,56700,71151278700,1278621,1267531,1257860,-20761,-1.62,1254873,-23748,-1.86,1250000,1267531,1400-9-9,2021-11-30
574,فخاس,فولاد خراسان,134,191910,4367139890,23890,22960,22930,-960,-4.02,23840,-50,-0.21,22710,23270,1400-9-9,2021-11-30
575,تسه9904,امتياز تسهيلات مسكن تير99,132,2170,1802464561,849579,807101,826700,-22879,-2.69,830629,-18950,-2.23,807101,879999,1400-9-9,2021-11-30
576,حخزر,كشتيراني درياي خزر,132,309202,4552659724,15429,14750,14658,-771,-5,15202,-227,-1.47,14658,15440,1400-9-9,2021-11-30
577,كاردان,صندوق س تجارت شاخصي كاردان,132,39719,7390240510,186630,185200,186000,-630,-0.34,186060,-570,-0.31,184550,189000,1400-9-9,2021-11-30
578,وكادو,تكادو,131,622623,9525095038,15486,15120,15222,-264,-1.7,15300,-186,-1.2,15100,15800,1400-9-9,2021-11-30
579,شپاس,نفت پاسارگاد,131,234910,3684404948,16261,15670,15671,-590,-3.63,16120,-141,-0.87,15600,16139,1400-9-9,2021-11-30
580,غپونه,نوش پونه مشهد,131,290325,3621126387,12541,12650,12165,-376,-3,12515,-26,-0.21,12165,12900,1400-9-9,2021-11-30
581,كگهر,سنگ آهن گهرزمين,130,146992,6712205950,46595,46500,45390,-1205,-2.59,46541,-54,-0.12,44822,46999,1400-9-9,2021-11-30
582,دفارا,داروسازي‌ فارابي‌,130,387013,5166816650,13790,13330,13400,-390,-2.83,13630,-160,-1.16,13110,13650,1400-9-9,2021-11-30
583,سمازن,سيمان‌مازندران‌,129,461545,6100837970,13320,13130,13160,-160,-1.2,13280,-40,-0.3,13130,13330,1400-9-9,2021-11-30
584,زگلدشت,كشت و دام گلدشت نمونه اصفهان,129,860731,7627744946,8893,8700,8790,-103,-1.16,8877,-16,-0.18,8619,8950,1400-9-9,2021-11-30
585,پلوله,گازلوله‌,127,372478,10418026423,28814,27950,27950,-864,-3,27970,-844,-2.93,27950,28739,1400-9-9,2021-11-30
586,تسه9903,امتياز تسهيلات مسكن خرداد99,126,1765,1466271391,856361,813543,813543,-42818,-5,830749,-25612,-2.99,813543,885999,1400-9-9,2021-11-30
587,كي بي سي,شركت كي بي سي,123,239720,4102523378,17813,17200,17000,-813,-4.56,17601,-212,-1.19,16936,17740,1400-9-9,2021-11-30
588,فلات,گروه صنايع معادن فلات ايرانيان,121,404629,4643798750,11649,11420,11596,-53,-0.45,11566,-83,-0.71,11300,11690,1400-9-9,2021-11-30
589,وارس,سرمايه گذاري ارس صبا,121,306706,3595790610,11618,11303,11420,-198,-1.7,11656,38,0.33,11301,11966,1400-9-9,2021-11-30
590,تسه9809,امتياز تسهيلات مسكن آذر98,121,2500,2062242451,839219,798030,829998,-9221,-1.1,824897,-14322,-1.71,798030,840000,1400-9-9,2021-11-30
591,واعتبار,سرمايه گذاري اعتبار ايران,121,765854,5002597370,6450,6470,6550,100,1.55,6480,30,0.47,6360,6600,1400-9-9,2021-11-30
592,ركيش,كارت اعتباري ايران كيش,121,1054531,5785573430,5720,5570,5450,-270,-4.72,5620,-100,-1.75,5440,5600,1400-9-9,2021-11-30
593,بخاور,بيمه زندگي خاورميانه,121,709501,2868339946,4053,4050,4087,34,0.84,4051,-2,-0.05,4030,4088,1400-9-9,2021-11-30
594,ضملت1133,اختيارخ وبملت-3000-1400/11/13,121,3013,1245072000,371,350,415,44,11.86,413,42,11.32,350,490,1400-9-9,2021-11-30
595,تماوند,تامين سرمايه دماوند,115,923198,4930822350,5342,5288,5450,108,2.02,5342,0,0,5182,5469,1400-9-9,2021-11-30
596,مارون,پتروشيمي مارون,115,25745,4503867211,176993,172002,173451,-3542,-2,176898,-95,-0.05,172002,177000,1400-9-9,2021-11-30
597,وتوشه,سرمايه‌ گذاري‌ پارس‌ توشه‌,115,675534,3944339470,5950,5820,5810,-140,-2.35,5920,-30,-0.5,5670,5960,1400-9-9,2021-11-30
598,سكرما,سيمان‌ كرمان‌,114,242151,3132967740,13200,12950,12870,-330,-2.5,13140,-60,-0.45,12850,13390,1400-9-9,2021-11-30
599,غشاذر,پگاه‌آذربايجان‌غربي‌,111,416529,2296283410,5630,5410,5580,-50,-0.89,5610,-20,-0.36,5410,5650,1400-9-9,2021-11-30
600,ورازي,بيمه رازي,110,3379316,5974630688,1822,1768,1768,-54,-2.96,1798,-24,-1.32,1768,1768,1400-9-9,2021-11-30
601,فنفت,صنايع تجهيزات نفت,110,723980,10334090520,13859,14274,14274,415,2.99,14233,374,2.7,14274,14274,1400-9-9,2021-11-30
602,كخاك,صنايع‌خاك‌چيني‌ايران‌,110,302796,8459204050,27820,27420,28060,240,0.86,27880,60,0.22,27000,28490,1400-9-9,2021-11-30
603,درازك,دارويي‌ رازك‌,110,82053,2996931930,35930,36990,36800,870,2.42,36050,120,0.33,35900,36990,1400-9-9,2021-11-30
604,تسه9812,امتياز تسهيلات مسكن اسفند98,110,1200,1004014141,851363,812033,829130,-22233,-2.61,836678,-14685,-1.72,812033,853000,1400-9-9,2021-11-30
605,تسه9811,امتياز تسهيلات مسكن بهمن98,109,1868,1558299692,845862,830000,830010,-15852,-1.87,834208,-11654,-1.38,813031,847800,1400-9-9,2021-11-30
606,ماني,صندوق س. با درآمد ثابت ماني,108,3082570,32526332155,10547,10551,10552,5,0.05,10552,5,0.05,10551,10552,1400-9-9,2021-11-30
607,اخزا002,اسنادخزانه-م2بودجه00-031024,108,255302,124990348166,488479,487900,490299,1820,0.37,489578,1099,0.22,487100,491398,1400-9-9,2021-11-30
608,صايند,صندوق س. گنجينه آينده روشن-د,106,511960,5124500710,9978,9991,10018,40,0.4,10010,32,0.32,9990,10018,1400-9-9,2021-11-30
609,تسه9905,امتياز تسهيلات مسكن مرداد99,105,1733,1439236455,853602,810922,824100,-29502,-3.46,830488,-23114,-2.71,810922,833000,1400-9-9,2021-11-30
610,زعف0110پ20,زعفران0110نگين وحدت جام(پ),105,34950,13667179126,378718,399294,376000,-2718,-0.72,391049,12331,3.26,371000,399294,1400-9-9,2021-11-30
611,دارا,صندوق س. دارا الگوريتم-د,104,4006089,39871025390,9946,9952,9953,7,0.07,9953,7,0.07,9952,9971,1400-9-9,2021-11-30
612,شستان,پتروشيمي گلستان,103,680668,2551272611,3685,3758,3758,73,1.98,3716,31,0.84,3630,3758,1400-9-9,2021-11-30
613,حسينا,توسعه خدمات دريايي وبندري سينا,103,109571,4611067843,42128,41450,42499,371,0.88,42114,-14,-0.03,40500,43300,1400-9-9,2021-11-30
614,سهرمز,سيمان‌هرمزگان‌,102,123774,1797400060,15140,14560,14770,-370,-2.44,15060,-80,-0.53,14400,14980,1400-9-9,2021-11-30
615,بايكا,كارخانجات كابلسازي ‌ايران‌,101,129594,2572039633,20323,20500,19714,-609,-3,20196,-127,-0.62,19714,20500,1400-9-9,2021-11-30
616,واتي,سرمايه‌ گذاري‌ آتيه‌ دماوند,101,291834,2832904330,9910,9660,9700,-210,-2.12,9880,-30,-0.3,9640,9850,1400-9-9,2021-11-30
617,بساما,بيمه سامان,99,230219,4650980973,20780,20342,20000,-780,-3.75,20618,-162,-0.78,19775,20900,1400-9-9,2021-11-30
618,سكه0112پ03,تمام سكه طرح جديد0112سامان,99,20900,26301245500,1279099,1256600,1259395,-19704,-1.54,1258433,-20666,-1.62,1250500,1261100,1400-9-9,2021-11-30
619,شگل,گلتاش‌,98,415834,2771328950,6860,6680,6690,-170,-2.48,6820,-40,-0.58,6520,6840,1400-9-9,2021-11-30
620,زعف0110پ05,زعفران0110نگين زرين(پ),97,43579,17058613454,381623,394999,379000,-2623,-0.69,391441,9818,2.57,372003,399352,1400-9-9,2021-11-30
621,ولشرق,ليزينگ ايران و شرق,97,3492927,9319129236,2808,2668,2668,-140,-4.99,2719,-89,-3.17,2668,2668,1400-9-9,2021-11-30
622,وسنا,سرمايه گذاري نيروگاهي ايران,96,154884,1680336516,11419,10849,10849,-570,-4.99,11355,-64,-0.56,10849,10849,1400-9-9,2021-11-30
623,قشهد,شهد,96,392890,5641872910,14480,14060,14310,-170,-1.17,14430,-50,-0.35,14060,14700,1400-9-9,2021-11-30
624,فولاي,صنايع فولاد آلياژي يزد,96,442991,7381116042,15869,16662,16662,793,5,16262,393,2.48,16662,16662,1400-9-9,2021-11-30
625,نيرو,نيرو سرمايه,95,68795,2307825503,34420,33389,33388,-1032,-3,34206,-214,-0.62,33388,34282,1400-9-9,2021-11-30
626,بفجر,فجر انرژي خليج فارس,95,375707,4124967330,11300,11230,10930,-370,-3.27,11280,-20,-0.18,10800,11230,1400-9-9,2021-11-30
627,سلار,شركت سيمان لارستان,95,93862,2520724806,28180,26771,26771,-1409,-5,27829,-351,-1.25,26771,27335,1400-9-9,2021-11-30
628,ثزاگرس,سرمايه گذاري توسعه عمران زاگرس,94,54559,1872972828,35594,33816,34989,-605,-1.7,35347,-247,-0.69,33815,35390,1400-9-9,2021-11-30
629,شساخت,مهندسي و ساختمان صنايع نفت,92,1076307,47432747464,44054,43000,44100,46,0.1,44070,16,0.04,42911,44771,1400-9-9,2021-11-30
630,بمپنا,توليد برق عسلويه  مپنا,91,539102,2617675948,5008,5000,4900,-108,-2.16,4981,-27,-0.54,4795,5000,1400-9-9,2021-11-30
631,ما,بيمه  ما,90,723827,4259873940,5950,5950,5930,-20,-0.34,5930,-20,-0.34,5800,6000,1400-9-9,2021-11-30
632,وبازار,صندوق س شاخصي بازارآشنا,88,342148,4061025220,12020,12010,11890,-130,-1.08,11870,-150,-1.25,11750,12080,1400-9-9,2021-11-30
633,دكيمي,كيميدارو,88,453944,8616923920,19460,18590,19080,-380,-1.95,19170,-290,-1.49,18550,19300,1400-9-9,2021-11-30
634,پرداخت,به پرداخت ملت,88,178534,2325907030,13330,13050,13000,-330,-2.48,13290,-40,-0.3,12770,13410,1400-9-9,2021-11-30
635,زعف0110پ21,زعفران0110نگين ملل(پ),87,39460,15352411910,380933,399280,378992,-1941,-0.51,389063,8130,2.13,373377,399290,1400-9-9,2021-11-30
636,ولملت,واسپاري ملت,87,2171655,10028702790,4861,4618,4618,-243,-5,4707,-154,-3.17,4618,4618,1400-9-9,2021-11-30
637,خاتم,صندوق س خاتم ايساتيس پويا-ثابت,86,1925420,23860340261,12386,12394,12394,8,0.06,12392,6,0.05,12392,12394,1400-9-9,2021-11-30
638,سدشت,صنايع سيمان دشتستان,85,98804,2820854200,30050,28550,28550,-1500,-4.99,29740,-310,-1.03,28550,28550,1400-9-9,2021-11-30
639,سكارون,سيمان كارون,84,70171,3443292895,50587,49070,49070,-1517,-3,50017,-570,-1.13,49070,49075,1400-9-9,2021-11-30
640,اخزا004,اسنادخزانه-م4بودجه00-030522,84,477873,257243431479,536653,535910,539555,2902,0.54,538309,1656,0.31,535004,542500,1400-9-9,2021-11-30
641,سبجنو,سيمان‌ بجنورد,82,69915,2489057930,35870,35700,35400,-470,-1.31,35820,-50,-0.14,34740,36500,1400-9-9,2021-11-30
642,قهكمت,قندهكمتان‌,80,570413,2537403340,4637,4600,4500,-137,-2.95,4602,-35,-0.75,4407,4600,1400-9-9,2021-11-30
643,كصدف,كاشي صدف سرام استقلال آباده,80,421553,8760342217,20820,20820,20821,1,0,20786,-34,-0.16,20310,21179,1400-9-9,2021-11-30
644,پارسيان,بيمه پارسيان,78,662682,5869637520,9010,8760,8770,-240,-2.66,8960,-50,-0.55,8580,9000,1400-9-9,2021-11-30
645,گوهران,سرمايه گذاري توسعه گوهران اميد,78,621663,3114110628,5022,4830,4999,-23,-0.46,5019,-3,-0.06,4830,5050,1400-9-9,2021-11-30
646,كهربا2,صندوق س.پشتوانه سكه طلا كهربا,78,9700000,9700000,10980,1,1,-10979,-99.99,1,-10979,-99.99,1,1,1400-9-9,2021-11-30
647,تشتاد,صنايع توليدي اشتاد ايران‌,76,519463,2494453787,4944,4810,4796,-148,-2.99,4906,-38,-0.77,4796,4943,1400-9-9,2021-11-30
648,فافزا,فولاد افزا سپاهان,75,170206,5991373379,36287,35199,35199,-1088,-3,35588,-699,-1.93,35199,36270,1400-9-9,2021-11-30
649,سفانو,سيمان فارس نو,75,87547,2215532210,25780,25990,25170,-610,-2.37,25710,-70,-0.27,25150,25990,1400-9-9,2021-11-30
650,سپاس,صندوق س. پاداش سهامداري-ثابت,75,929952,9428765526,10132,10139,10140,8,0.08,10139,7,0.07,10136,10140,1400-9-9,2021-11-30
651,وامين,س. امين توان آفرين ساز,75,201555,2510694784,12661,12407,12500,-161,-1.27,12651,-10,-0.08,12400,12661,1400-9-9,2021-11-30
652,ضجار1020,اختيارخ وتجارت-1600-1400/10/15,74,1847,701859000,315,348,399,84,26.67,380,65,20.63,348,413,1400-9-9,2021-11-30
653,سپ,پرداخت الكترونيك سامان كيش,74,93171,2778914980,30510,29900,29770,-740,-2.43,30480,-30,-0.1,29550,30110,1400-9-9,2021-11-30
654,هكشو208,اختيارف ت پاكشو10000-02/08/29,72,3406103,1743924736,508,512,512,4,0.79,512,4,0.79,512,512,1400-9-9,2021-11-30
655,ولتجار,واسپاري تجارت وسرمايه ايرانيان,72,801124,2384079549,3056,2994,2965,-91,-2.98,3037,-19,-0.62,2965,3140,1400-9-9,2021-11-30
656,سخوز,سيمان خوزستان,70,88058,2067070910,23880,23150,23230,-650,-2.72,23820,-60,-0.25,23150,23980,1400-9-9,2021-11-30
657,زعف0008پ11,زعفران0008نگين سحرخيز(پ),69,137739,39912513773,285737,289990,299070,13333,4.67,289769,4032,1.41,287000,299070,1400-9-9,2021-11-30
658,وايرا,سرمايه گذاري صنايع ايران,69,413957,1909299112,4672,4600,4647,-25,-0.54,4660,-12,-0.26,4560,4650,1400-9-9,2021-11-30
659,سرود,سيمان‌شاهرود,69,111092,2216361000,20220,20980,19750,-470,-2.32,20180,-40,-0.2,19600,20980,1400-9-9,2021-11-30
660,اخزا008,اسنادخزانه-م8بودجه00-030919,67,357876,180366423454,499373,499998,502000,2627,0.53,503991,4618,0.92,498005,509826,1400-9-9,2021-11-30
661,اخزا910,اسنادخزانه-م10بودجه99-020807,66,177861,119043354340,658666,658666,663900,5234,0.79,669306,10640,1.62,654114,675723,1400-9-9,2021-11-30
662,داريوش,صندوق س. ثروت داريوش -س,65,145911,1405488409,9657,9610,9620,-37,-0.38,9633,-24,-0.25,9600,9709,1400-9-9,2021-11-30
663,وتعاون,بيمه  تعاون,64,688997,1142594395,1709,1658,1658,-51,-2.98,1703,-6,-0.35,1658,1661,1400-9-9,2021-11-30
664,وزمين,بانك ايران زمين,64,447712,4575430613,10579,10906,10156,-423,-4,10478,-101,-0.95,10156,10906,1400-9-9,2021-11-30
665,دسبحا,گروه دارويي سبحان,63,64258,1161803520,18540,17970,18240,-300,-1.62,18520,-20,-0.11,17900,18350,1400-9-9,2021-11-30
666,لخانه,لوازم‌ خانگي‌ پارس‌,63,233002,4061932666,17972,17433,17433,-539,-3,17753,-219,-1.22,17433,17435,1400-9-9,2021-11-30
667,معيار ,سرمايه گذاري معيار صنعت پارس,63,129502,5668113906,45040,45448,43689,-1351,-3,44281,-759,-1.69,43689,45448,1400-9-9,2021-11-30
668,شكبير,پتروشيمي اميركبير,62,75352,7258605366,97450,95057,95012,-2438,-2.5,97368,-82,-0.08,94897,97100,1400-9-9,2021-11-30
669,ضصاد1113,اختيارخ وبصادر-2000-1400/11/06,62,1611,287548000,150,169,181,31,20.67,178,28,18.67,169,195,1400-9-9,2021-11-30
670,سشمال,سيمان‌ شمال‌,61,258051,2026030090,7940,8030,7870,-70,-0.88,7930,-10,-0.13,7840,8030,1400-9-9,2021-11-30
671,بميلا,توسعه بازرگاني آهن وفولادميلاد,60,488161,3598754632,7599,7374,7372,-227,-2.99,7510,-89,-1.17,7372,7375,1400-9-9,2021-11-30
672,سيناد,صندوق س.سپهرسودمند سينا-د,60,2732445,27414183445,10008,10010,10033,25,0.25,10033,25,0.25,10010,10033,1400-9-9,2021-11-30
673,مداران,داده‌پردازي‌ايران‌,60,64159,882438420,14190,13510,13720,-470,-3.31,14160,-30,-0.21,13510,14000,1400-9-9,2021-11-30
674,اخزا917,اسنادخزانه-م17بودجه99-010226,59,285582,258543585914,904292,904000,906998,2706,0.3,905322,1030,0.11,903999,906998,1400-9-9,2021-11-30
675,وهور,مديريت انرژي اميد  تابان هور,56,2018269,3142444833,1638,1557,1557,-81,-4.95,1632,-6,-0.37,1557,1557,1400-9-9,2021-11-30
676,ثنام,س ساختماني ب نام آوران مهندسي,55,411176,5047185400,12654,12275,12275,-379,-3,12461,-193,-1.53,12275,12275,1400-9-9,2021-11-30
677,اخزا003,اسنادخزانه-م3بودجه00-030418,55,205272,112854351662,550176,548000,550900,724,0.13,549780,-396,-0.07,545000,555000,1400-9-9,2021-11-30
678,قپيرا,فرآورده‌هاي‌غدايي‌وقندپيرانشهر,54,106298,808921310,7660,7520,7750,90,1.17,7660,0,0,7520,7750,1400-9-9,2021-11-30
679,ضشنا1050,اختيارخ شپنا-7629-1400/10/19,54,699,257301865,208,201,187,-21,-10.1,201,-7,-3.37,186,225,1400-9-9,2021-11-30
680,قيستو,شركت قند بيستون,54,390834,10097978058,26636,25837,25837,-799,-3,25837,-799,-3,25837,25837,1400-9-9,2021-11-30
681,فيروزا,صندوق بادرآمد ثابت فيروزه آسيا,52,432010,11166394796,25831,25882,25860,29,0.11,25848,17,0.07,25841,25882,1400-9-9,2021-11-30
682,ضستا1004,اختيارخ شستا-12000-1400/10/29,51,423,426887000,1007,900,989,-18,-1.79,1009,2,0.2,900,1084,1400-9-9,2021-11-30
683,شتوكا,توكا رنگ فولاد سپاهان,50,183381,2478210834,12871,13514,13514,643,5,12971,100,0.78,13514,13514,1400-9-9,2021-11-30
684,سيدكو,سرمايه گذاري توسعه صنايع سيمان,50,326107,1890917500,5930,5840,5750,-180,-3.04,5910,-20,-0.34,5670,5840,1400-9-9,2021-11-30
685,فيروزه,صندوق شاخص30 شركت فيروزه- سهام,48,10660,1784809170,168580,167100,167660,-920,-0.55,167430,-1150,-0.68,166700,167790,1400-9-9,2021-11-30
686,سمتاز,سيمان ممتازان كرمان,47,100174,1408832842,14451,14168,14028,-423,-2.93,14394,-57,-0.39,14018,14188,1400-9-9,2021-11-30
687,زرين,صندوق س. سهام زرين كوروش-س,46,61755,792498660,12908,12890,12810,-98,-0.76,12833,-75,-0.58,12770,12990,1400-9-9,2021-11-30
688,ضفلا1163,اختيارخ فولاد-10000-1400/11/24,46,150,232500000,1637,1551,1450,-187,-11.42,1550,-87,-5.31,1450,1850,1400-9-9,2021-11-30
689,هفارس104,اختيارف ت فارس-11832-01/04/12,44,377810,35891950,1,95,95,94,9400,95,94,9400,95,95,1400-9-9,2021-11-30
690,اوصتا,صندوق انديشه ورزان صباتامين -د,44,756360,15639383391,20669,20677,20677,8,0.04,20677,8,0.04,20677,20679,1400-9-9,2021-11-30
691,صنوين,صندوق سرمايه‌گذاري صنوين-مختلط,44,6295,596404330,91930,93000,94600,2670,2.9,94740,2810,3.06,93000,95500,1400-9-9,2021-11-30
692,سكه0011پ02,تمام سكه طرح جديد0011ملت,43,11000,13847969000,1279692,1258000,1257000,-22692,-1.77,1258906,-20786,-1.62,1254201,1269999,1400-9-9,2021-11-30
693,كفرآور,فرآورده هاي سيمان شرق,43,651960,13445371080,21260,20623,20623,-637,-3,20623,-637,-3,20623,20623,1400-9-9,2021-11-30
694,زعف0110پ18,زعفران0110نگين بهرامن(پ),42,15966,6212986315,379881,397977,390000,10119,2.66,389139,9258,2.44,375002,397980,1400-9-9,2021-11-30
695,زعف0008پ16,زعفران0008نگين بيرجند(پ),42,20857,6068457400,283453,286500,290000,6547,2.31,290955,7502,2.65,282000,295000,1400-9-9,2021-11-30
696,آساس,صندوق س.آسمان آرماني سهام-س,41,8767,1478771419,170160,167005,168802,-1358,-0.8,168675,-1485,-0.87,167005,169900,1400-9-9,2021-11-30
697,دقاضي,داروسازي شهيد قاضي,41,58278,1648206780,28991,28508,28370,-621,-2.14,28869,-122,-0.42,28122,28970,1400-9-9,2021-11-30
698,اخزا005,اسنادخزانه-م5بودجه00-030626,40,112466,59289748465,524776,524409,528998,4222,0.8,527179,2403,0.46,524120,528999,1400-9-9,2021-11-30
699,اخزا901,اسنادخزانه-م1بودجه99-010621,38,41051,34766805680,843504,844990,847310,3806,0.45,846917,3413,0.4,842512,849990,1400-9-9,2021-11-30
700,آتيمس,صندوق س.آرمان آتيه درخشان مس-س,37,4639,835878327,180259,181310,180500,241,0.13,180185,-74,-0.04,179000,181310,1400-9-9,2021-11-30
701,سكه0111پ05,تمام سكه طرح جديد0111آينده,37,8900,11185633700,1280605,1258000,1253000,-27605,-2.16,1256813,-23792,-1.86,1253000,1261002,1400-9-9,2021-11-30
702,ضملت1134,اختيارخ وبملت-3500-1400/11/13,37,1052,209760000,170,220,200,30,17.65,199,29,17.06,180,229,1400-9-9,2021-11-30
703,اخزا009,اسناد خزانه-م9بودجه00-031101,34,22336,11035795340,483927,498000,495496,11569,2.39,494081,10154,2.1,481000,498000,1400-9-9,2021-11-30
704,اگ010155,گام بانك اقتصاد نوين0101,34,330056,301423639256,910000,913201,913250,3250,0.36,913250,3250,0.36,913201,913250,1400-9-9,2021-11-30
705,زعف0008پ15,زعفران0008پوشالمعمول طلاسرخ(پ),33,14503,3663996994,241392,252000,250000,8608,3.57,252637,11245,4.66,250000,255112,1400-9-9,2021-11-30
706,اخزا902,اسنادخزانه-م2بودجه99-011019,33,40651,32167707951,790835,784050,791900,1065,0.13,791314,479,0.06,784050,794000,1400-9-9,2021-11-30
707,ثعتما,س. ساختماني اعتماد گستر,33,30159,810945351,27720,26889,26889,-831,-3,27644,-76,-0.27,26889,26889,1400-9-9,2021-11-30
708,اخزا903,اسنادخزانه-م3بودجه99-011110,33,20019,15643374608,780467,780467,782320,1853,0.24,781426,959,0.12,780466,782401,1400-9-9,2021-11-30
709,كارا,صندوق س. كارا -د,32,354368,3645742037,10283,10288,10289,6,0.06,10288,5,0.05,10287,10289,1400-9-9,2021-11-30
710,اخزا918,اسنادخزانه-م18بودجه99-010323,32,118338,105444885252,890146,891000,890210,64,0.01,891048,902,0.1,889539,892000,1400-9-9,2021-11-30
711,ضستا1005,اختيارخ شستا-14000-1400/10/29,31,399,192176000,460,450,500,40,8.7,482,22,4.78,410,500,1400-9-9,2021-11-30
712,افق ملت,صندوق س در سهام افق ملت,31,9769,1369193500,140070,140000,140000,-70,-0.05,140160,90,0.06,140000,142500,1400-9-9,2021-11-30
713,پلاست,كارخانجات توليدي پلاستيران,31,54023,472701250,8496,8750,8750,254,2.99,8507,11,0.13,8750,8750,1400-9-9,2021-11-30
714,زعف0008پ12,زعفران0008پوشالمعمول سحرخيز(پ),30,6589,1661414773,251408,254716,255112,3704,1.47,252150,742,0.3,239010,255112,1400-9-9,2021-11-30
715,ارمغان,ص سرمايه گذاري ارمغان ايرانيان,29,311868,3158064685,10122,10130,10130,8,0.08,10126,4,0.04,10124,10130,1400-9-9,2021-11-30
716,زعف0008پ18,زعفران0008نگين بهرامن(پ),29,40846,12129009290,282539,291017,299060,16521,5.85,296945,14406,5.1,291000,299070,1400-9-9,2021-11-30
717,زعف0008پ20,زعفران0008نگين وحدت جام(پ),29,9137,2697875587,280996,293992,298990,17994,6.4,295269,14273,5.08,290000,299050,1400-9-9,2021-11-30
718,اخزا007,اسنادخزانه-م7بودجه00-030912,28,125867,64157309057,501676,501676,503007,1331,0.27,509723,8047,1.6,500002,514999,1400-9-9,2021-11-30
719,ضجار1024,اختيارخ وتجارت-3000-1400/10/15,28,822,8757000,30,1,12,-18,-60,11,-19,-63.33,1,17,1400-9-9,2021-11-30
720,اخزا911,اسنادخزانه-م11بودجه99-020906,27,68569,44634049680,649107,647500,652900,3793,0.58,650936,1829,0.28,647500,652900,1400-9-9,2021-11-30
721,اخزا811,اسنادخزانه-م11بودجه98-001013,27,83939,82270994127,979587,980165,980141,554,0.06,980128,541,0.06,979000,980165,1400-9-9,2021-11-30
722,فراز,صندوق س.سهام فراز داريك-س,27,121122,1720055330,14200,14201,14203,3,0.02,14201,1,0.01,14200,14203,1400-9-9,2021-11-30
723,لپيام,گسترش صنايع پيام,27,36697,1206193693,33885,32869,32869,-1016,-3,33752,-133,-0.39,32869,32869,1400-9-9,2021-11-30
724,اخزا914,اسنادخزانه-م14بودجه99-021025,25,51318,32361898766,629608,629001,632990,3382,0.54,630615,1007,0.16,628600,632995,1400-9-9,2021-11-30
725,سايرا,ايرانيت‌,25,75000,2284800000,31085,30464,30464,-621,-2,30784,-301,-0.97,30464,30464,1400-9-9,2021-11-30
726,شتوكاح,ح . توكا رنگ فولاد سپاهان,24,60104,781352000,1000,13000,13000,12000,1200,13000,12000,1200,13000,13000,1400-9-9,2021-11-30
727,سپرمي,پرميت‌,24,18681,213483315,11334,11447,11447,113,1,11344,10,0.09,11321,11447,1400-9-9,2021-11-30
728,ضصاد1111,اختيارخ وبصادر-1600-1400/11/06,23,726,274335000,307,360,390,83,27.04,378,71,23.13,360,400,1400-9-9,2021-11-30
729,وآفري,بيمه كارآفرين,23,556314,1945534213,3572,3481,3500,-72,-2.02,3561,-11,-0.31,3481,3646,1400-9-9,2021-11-30
730,گنجين,صندوق س. گنجينه يكم آويد-د,23,135688,1935095033,14251,14262,14258,7,0.05,14261,10,0.07,14253,14262,1400-9-9,2021-11-30
731,زعف0110پ09,زعفران0110نگين نوين(پ),22,5488,2158096013,381068,383300,385502,4434,1.16,393239,12171,3.19,383300,399352,1400-9-9,2021-11-30
732,اراد92,مرابحه عام دولت92-ش.خ020825,22,4300000,3991991000000,927710,928370,928370,660,0.07,928370,660,0.07,928370,928370,1400-9-9,2021-11-30
733,تپولا,مهندسي مرآت پولاد,22,25493,418212665,16912,16405,16405,-507,-3,16890,-22,-0.13,16405,16405,1400-9-9,2021-11-30
734,ثاصفا,شركت‌ ساختمان‌ اصفهان‌,21,39589,374360785,9748,9457,9456,-292,-3,9734,-14,-0.14,9456,9457,1400-9-9,2021-11-30
735,ثبات,صندوق س. ثبات ويستا -د,21,331208,3471333844,10474,10480,10481,7,0.07,10481,7,0.07,10480,10481,1400-9-9,2021-11-30
736,زعف0008پ08,زعفران0008نگين روستا(پ),21,11551,3454065440,289986,281000,299070,9084,3.13,299027,9041,3.12,281000,299070,1400-9-9,2021-11-30
737,اراد50,مرابحه عام دولت5-ش.خ0302,20,290200,290200250000,1000001,1000000,1000001,0,0,1000001,0,0,1000000,1000001,1400-9-9,2021-11-30
738,قنقش,قند نقش جهان,20,35163,4236789870,122948,120490,120490,-2458,-2,121393,-1555,-1.26,120490,120490,1400-9-9,2021-11-30
739,اراد31,مرابحه عام دولت3-ش.خ 0208,20,465000,421848000000,929500,907200,907200,-22300,-2.4,907200,-22300,-2.4,907200,907200,1400-9-9,2021-11-30
740,ثاژن,سخت آژند,19,55105,271006390,5018,4918,4918,-100,-1.99,5012,-6,-0.12,4918,4918,1400-9-9,2021-11-30
741,ضبدر1163,اختيارخ شبندر-6000-1400/11/13,19,718,560606000,876,550,780,-96,-10.96,781,-95,-10.84,550,850,1400-9-9,2021-11-30
742,داريك,صندوق س.اعتماد داريك-د,19,54402,650209144,11943,11952,11952,9,0.08,11952,9,0.08,11950,11952,1400-9-9,2021-11-30
743,اخزا907,اسنادخزانه-م7بودجه99-020704,18,120744,82635398457,684909,667023,684400,-509,-0.07,684385,-524,-0.08,667023,687300,1400-9-9,2021-11-30
744,ثتوسا,س.توسعه و عمران استان اردبيل,18,31154,452138002,14961,14513,14513,-448,-2.99,14932,-29,-0.19,14513,14513,1400-9-9,2021-11-30
745,اخزا908,اسنادخزانه-م8بودجه99-020606,18,28555,19626346014,684378,680000,685000,622,0.09,687317,2939,0.43,680000,690100,1400-9-9,2021-11-30
746,نگين,ص.س. زمين و ساختمان نگين شهرري,17,3308,173280670,51860,51830,52380,520,1,52380,520,1,51830,53200,1400-9-9,2021-11-30
747,زعف0110پ16,زعفران0110نگين بيرجند(پ),17,5109,1986684112,377345,397950,384002,6657,1.76,388860,11515,3.05,384002,398949,1400-9-9,2021-11-30
748,اخزا814,اسنادخزانه-م14بودجه98-010318,16,100017,89913716145,897653,898398,898899,1246,0.14,898984,1331,0.15,896001,899000,1400-9-9,2021-11-30
749,اخزا812,اسنادخزانه-م12بودجه98-001111,16,7855,7578088278,964985,962021,964134,-851,-0.09,964747,-238,-0.02,962021,965100,1400-9-9,2021-11-30
750,ضشنا1049,اختيارخ شپنا-6540-1400/10/19,16,191,128730755,362,341,320,-42,-11.6,367,5,1.38,320,430,1400-9-9,2021-11-30
751,وسخوز,شركت س استان خوزستان,15,574629,347075916,635,604,604,-31,-4.88,635,0,0,604,604,1400-9-9,2021-11-30
752,الماس,صندوق س.امين تدبيرگران فردا-س,15,1574,163949515,104763,105000,103500,-1263,-1.21,104161,-602,-0.57,103060,105000,1400-9-9,2021-11-30
753,سي تيپ2ن02,گواهي سيمان تيپ2صوفيان(ن),15,335000,1726255000,5003,5153,5153,150,3,5153,150,3,5153,5153,1400-9-9,2021-11-30
754,ضجار1019,اختيارخ وتجارت-1400-1400/10/15,15,299,148881000,459,481,579,120,26.14,498,39,8.5,481,579,1400-9-9,2021-11-30
755,ولانا,شركت ليزينگ آريا دانا,15,66327,827429325,12860,12475,12475,-385,-2.99,12809,-51,-0.4,12475,12475,1400-9-9,2021-11-30
756,زعف0110پ08,زعفران0110نگين روستا(پ),14,1145,440840180,380895,395000,376008,-4887,-1.28,385013,4118,1.08,376008,399352,1400-9-9,2021-11-30
757,ضملت1132,اختيارخ وبملت-2500-1400/11/13,14,276,192176000,596,710,710,114,19.13,696,100,16.78,642,800,1400-9-9,2021-11-30
758,اخزا909,اسنادخزانه-م9بودجه99-020316,14,27202,19571514168,718245,719001,719100,855,0.12,719488,1243,0.17,719001,722000,1400-9-9,2021-11-30
759,سي تيپ2ن17,گواهي سيمان تيپ2ماهان كرمان(ن),13,408000,1955952000,4794,4794,4794,0,0,4794,0,0,4794,4794,1400-9-9,2021-11-30
760,اخزا809,اسنادخزانه-م9بودجه98-000923,12,21107,20933576901,990934,991784,992000,1066,0.11,991784,850,0.09,991783,992000,1400-9-9,2021-11-30
761,ثروتم,صندوق س. ثروت آفرين پارسيان-س,12,5620,475225980,84638,84506,84690,52,0.06,84560,-78,-0.09,84500,84806,1400-9-9,2021-11-30
762,اخزا818,اسنادخزانه-م18بودجه98-010614,11,50212,42680820574,850187,850008,853000,2813,0.33,850012,-175,-0.02,850000,853000,1400-9-9,2021-11-30
763,ضملت1135,اختيارخ وبملت-4000-1400/11/13,11,377,32499000,87,77,90,3,3.45,86,-1,-1.15,77,90,1400-9-9,2021-11-30
764,سخواف,سيمان مجد خواف,11,14799,111170088,7744,7512,7512,-232,-3,7741,-3,-0.04,7512,7512,1400-9-9,2021-11-30
765,سي تيپ2ن11,گواهي سيمان تيپ2دورود(ن),11,654000,3166014000,4794,4841,4841,47,0.98,4841,47,0.98,4841,4841,1400-9-9,2021-11-30
766,ضفلا1162,اختيارخ فولاد-9000-1400/11/24,11,59,121319000,2150,2072,2050,-100,-4.65,2056,-94,-4.37,2050,2072,1400-9-9,2021-11-30
767,عيار2,صندوق سكه طلاي مفيد,10,100000,100000,32483,1,1,-32482,-100,1,-32482,-100,1,1,1400-9-9,2021-11-30
768,ضپال2007,اختيارخ اپال-32000-1401/02/12,10,182,60126000,332,250,349,17,5.12,330,-2,-0.6,250,399,1400-9-9,2021-11-30
769,اخزا904,اسنادخزانه-م4بودجه99-011215,10,31056,23646599563,760552,761000,761850,1298,0.17,761418,866,0.11,761000,761910,1400-9-9,2021-11-30
770,كمينا,شيشه سازي مينا,10,60870,600299940,10166,9862,9862,-304,-2.99,10146,-20,-0.2,9862,9862,1400-9-9,2021-11-30
771,اخزا813,اسنادخزانه-م13بودجه98-010219,10,2578,2347399650,910900,911000,913800,2900,0.32,910551,-349,-0.04,910300,913800,1400-9-9,2021-11-30
772,شگويات.ف0104,اختيارف.تبعي شگويا010408,10,32296,32296,1,1,1,0,0,1,0,0,1,1,1400-9-9,2021-11-30
773,دشيري,شيرين دارو,9,1288,161252448,129068,125196,125196,-3872,-3,129003,-65,-0.05,125196,125196,1400-9-9,2021-11-30
774,سي تيپ2ن12,گواهي سيمان تيپ2خزر(ن),9,249000,1205409000,4794,4841,4841,47,0.98,4841,47,0.98,4841,4841,1400-9-9,2021-11-30
775,دمعيار,صندوق س. توازن معيار-د,9,351680,3517953564,10004,10015,10001,-3,-0.03,10003,-1,-0.01,10001,10015,1400-9-9,2021-11-30
776,ضفلا1160,اختيارخ فولاد-7000-1400/11/24,9,25,94615000,4550,4250,3800,-750,-16.48,3785,-765,-16.81,3700,4250,1400-9-9,2021-11-30
777,فالوم,آلومتك‌,9,17146,430450330,25881,25105,25105,-776,-3,25845,-36,-0.14,25105,25105,1400-9-9,2021-11-30
778,برن0104پ01,برنج طارم0104تجارت مازندران(پ),9,765,343929500,449321,450000,449500,179,0.04,449581,260,0.06,449500,450000,1400-9-9,2021-11-30
779,اراد48,مرابحه عام دولت4-ش.خ 0009,8,14900,14900000000,1000000,1000000,1000000,0,0,1000000,0,0,1000000,1000000,1400-9-9,2021-11-30
780,زعف0008پ19,زعفران0008نگين تروند قاينات(پ),8,3636,1058655608,283463,273000,291968,8505,3,291159,7696,2.71,273000,291968,1400-9-9,2021-11-30
781,ضملت1131,اختيارخ وبملت-2000-1400/11/13,8,152,179130000,1024,1199,1180,156,15.23,1178,154,15.04,1160,1220,1400-9-9,2021-11-30
782,واحصا,احياء صنايع خراسان,8,1559,72270563,47790,46357,46357,-1433,-3,47779,-11,-0.02,46357,46357,1400-9-9,2021-11-30
783,سخند,صندوق س.سپهرخبرگان نفت-د,8,10220,103546900,10114,10145,10118,4,0.04,10132,18,0.18,10118,10145,1400-9-9,2021-11-30
784,سي تيپ2ن04,گواهي سيمان تيپ2فارس نو(ن),8,270000,1481760000,5329,5488,5488,159,2.98,5488,159,2.98,5488,5488,1400-9-9,2021-11-30
785,ضپال2006,اختيارخ اپال-28000-1401/02/12,8,78,59900000,882,900,800,-82,-9.3,768,-114,-12.93,660,900,1400-9-9,2021-11-30
786,طلا2,صندوق س.پشتوانه طلاي لوتوس,7,700000,700000,90747,1,1,-90746,-100,1,-90746,-100,1,1,1400-9-9,2021-11-30
787,قجام,فرآوردههاي غذايي وقندتربت‌جام‌,7,191000,1221636000,6526,6396,6396,-130,-1.99,6493,-33,-0.51,6396,6396,1400-9-9,2021-11-30
788,ضشنا1048,اختيارخ شپنا-5450-1400/10/19,7,31,38402880,704,678,671,-33,-4.69,675,-29,-4.12,671,678,1400-9-9,2021-11-30
789,اخزا815,اسنادخزانه-م15بودجه98-010406,7,40530,35825081300,882912,882501,884000,1088,0.12,883915,1003,0.11,882501,884000,1400-9-9,2021-11-30
790,حرهشا,رهشاد سپاهان (سهامي عام,6,572,57314972,103299,100201,100201,-3098,-3,103275,-24,-0.02,100201,100201,1400-9-9,2021-11-30
791,سنوين,سرمايه گذاري اقتصاد نوين,6,27355,181391005,6979,6631,6631,-348,-4.99,6972,-7,-0.1,6631,6631,1400-9-9,2021-11-30
792,آسام,صندوق س.آرمان سپهر آشنا-م,6,1040,122810000,118660,118000,118900,240,0.2,118087,-573,-0.48,118000,118900,1400-9-9,2021-11-30
793,تيپيكوح,ح . سرمايه گذاري دارويي تامين,6,101477,2029420000,19070,20000,19800,730,3.83,20000,930,4.88,19800,20000,1400-9-9,2021-11-30
794,ضفلا1164,اختيارخ فولاد-12000-1400/11/24,6,14,9565000,768,798,652,-116,-15.1,683,-85,-11.07,652,798,1400-9-9,2021-11-30
795,سي تيپ2ن06,گواهي سيمان تيپ 2شاهرود(ن),6,462000,2236542000,4794,4841,4841,47,0.98,4841,47,0.98,4841,4841,1400-9-9,2021-11-30
796,ضترا1133,اختيارخ شتران-4411-1400/11/10,6,18,11595705,413,301,340,-73,-17.68,284,-129,-31.23,220,360,1400-9-9,2021-11-30
797,غبهار,كشت وصنعت بهاران گلبهار خراسان,6,3279,57031647,17930,17393,17393,-537,-2.99,17927,-3,-0.02,17393,17393,1400-9-9,2021-11-30
798,ساذري,آذريت‌,6,5691,54206775,9819,9525,9525,-294,-2.99,9817,-2,-0.02,9525,9525,1400-9-9,2021-11-30
799,ضپاس1010,اختيارخ وپارس-1800-1400/10/22,5,257,102807000,390,401,400,10,2.56,400,10,2.56,400,401,1400-9-9,2021-11-30
800,پا ه 11,بار پايه هفته 11,5,65000,35100000,540,540,540,0,0,540,0,0,540,540,1400-9-9,2021-11-30
801,اخزا817,اسنادخزانه-م17بودجه98-010512,5,10041,8698043940,866398,866397,865000,-1398,-0.16,866253,-145,-0.02,865000,866397,1400-9-9,2021-11-30
802,سي تيپ2ن10,گواهي سيمان تيپ 2غرب(ن),5,105000,508305000,4794,4841,4841,47,0.98,4841,47,0.98,4841,4841,1400-9-9,2021-11-30
803,پارتا,مجتمع‌صنعتي‌آرتاويل‌تاير,5,10500,248955000,24443,23710,23710,-733,-3,24434,-9,-0.04,23710,23710,1400-9-9,2021-11-30
804,اخزا820,اسنادخزانه-م20بودجه98-020806,5,9900,6635731100,664731,664731,675500,10769,1.62,670276,5545,0.83,664731,675500,1400-9-9,2021-11-30
805,وليز,ليزينگ‌ايران‌,5,79716,194666472,2570,2442,2442,-128,-4.98,2568,-2,-0.08,2442,2442,1400-9-9,2021-11-30
806,ثهام,صندوق س ثروت هامرز-سهام,5,13,144378,11106,11106,11106,0,0,11106,0,0,11106,11106,1400-9-9,2021-11-30
807,بذر,صندوق س بذر اميد آفرين-سهام,5,264,25044800,94570,94500,94600,30,0.03,94870,300,0.32,94500,95900,1400-9-9,2021-11-30
808,گوهر2,صندوق سكه طلاي كيان,5,50000,50000,64072,1,1,-64071,-100,1,-64071,-100,1,1,1400-9-9,2021-11-30
809,سي تيپ2ن01,گواهي سيمان تيپ 2 فارس(ن),5,131000,726002000,5381,5542,5542,161,2.99,5542,161,2.99,5542,5542,1400-9-9,2021-11-30
810,سي تيپ2ن19,گواهي سيمان تيپ2غرب آسيا(ن),5,150000,719100000,4794,4794,4794,0,0,4794,0,0,4794,4794,1400-9-9,2021-11-30
811,ضستا1002,اختيارخ شستا-9000-1400/10/29,5,5,11389000,3667,2500,2222,-1445,-39.41,2278,-1389,-37.88,2222,2500,1400-9-9,2021-11-30
812,اراد33,مرابحه عام دولت3-ش.خ 0303,4,1500,1396114800,910949,900004,932998,22049,2.42,930743,19794,2.17,900004,932998,1400-9-9,2021-11-30
813,زير0103پ01,زيره سبز0103كيميابذر(پ),4,174,160770000,911087,905000,910000,-1087,-0.12,923965,12878,1.41,905000,929000,1400-9-9,2021-11-30
814,ضفلا1165,اختيارخ فولاد-14000-1400/11/24,4,13,5422000,463,440,400,-63,-13.61,417,-46,-9.94,371,440,1400-9-9,2021-11-30
815,ضسان1048,اختيارخ پارسان-16000-00/10/12,4,8,124250000,16111,16550,15300,-811,-5.03,15531,-580,-3.6,15300,16550,1400-9-9,2021-11-30
816,ضفلا1161,اختيارخ فولاد-8000-1400/11/24,4,23,87981000,3900,3999,3000,-900,-23.08,3825,-75,-1.92,3000,3999,1400-9-9,2021-11-30
817,ضبدر1161,اختيارخ شبندر-4500-1400/11/13,4,13,27380000,2040,2150,1940,-100,-4.9,2106,66,3.24,1940,2150,1400-9-9,2021-11-30
818,سي تيپ2ن09,گواهي سيمان تيپ 2خوزستان(ن),4,250000,1228250000,4865,4913,4913,48,0.99,4913,48,0.99,4913,4913,1400-9-9,2021-11-30
819,ولشرقح,ح . ليزينگ ايران و شرق,4,20863,31085870,1568,1490,1490,-78,-4.97,1490,-78,-4.97,1490,1490,1400-9-9,2021-11-30
820,سي تيپ2ن03,گواهي سيمان تيپ2اروميه(ن),4,115000,556715000,4794,4841,4841,47,0.98,4841,47,0.98,4841,4841,1400-9-9,2021-11-30
821,ضستا1003,اختيارخ شستا-10000-1400/10/29,4,32,63270000,2018,2300,1960,-58,-2.87,1977,-41,-2.03,1960,2300,1400-9-9,2021-11-30
822,وسرضوي,س.سهام عدالت استان خراسان رضوي,4,52192,36012480,726,690,690,-36,-4.96,726,0,0,690,690,1400-9-9,2021-11-30
823,ضصاد1112,اختيارخ وبصادر-1800-1400/11/06,3,10,2805000,210,297,250,40,19.05,280,70,33.33,226,297,1400-9-9,2021-11-30
824,گپارس,امور رفاهي كارگزاران پارس,3,5218,685139054,135363,131303,131303,-4060,-3,135070,-293,-0.22,131303,131303,1400-9-9,2021-11-30
825,سي تيپ2ن14,گواهي سيمان تيپ2ساوه(ن),3,105000,571305000,5283,5441,5441,158,2.99,5441,158,2.99,5441,5441,1400-9-9,2021-11-30
826,ضمخا1034,اختيارخ اخابر-6000-1400/10/26,3,5,9845000,2600,1990,1885,-715,-27.5,1969,-631,-24.27,1885,1990,1400-9-9,2021-11-30
827,پادا,صندوق س.پاداش سرمايه پارس-س,3,650,68617500,106315,106610,106050,-265,-0.25,105565,-750,-0.71,105000,106050,1400-9-9,2021-11-30
828,تملي706,تسهيلات مسكن ب. ملي-شهريور97,3,16,11080098,696865,662022,662022,-34843,-5,692506,-4359,-0.63,662022,731700,1400-9-9,2021-11-30
829,كابگن,توليدي و صنعتي آبگينه‌,3,54000,320814000,5883,5941,5941,58,0.99,5890,7,0.12,5941,5941,1400-9-9,2021-11-30
830,طجار1020,اختيارف وتجارت-1600-1400/10/15,3,130,5200000,40,40,40,0,0,40,0,0,40,40,1400-9-9,2021-11-30
831,وآتوس,س.آرين توسكا قيمت اسمي 350ريال,3,780,18717660,25259,23997,23997,-1262,-5,25256,-3,-0.01,23997,23997,1400-9-9,2021-11-30
832,دمعيار4,صندوق س. توازن معيار-د,3,1000000,10015000000,10004,10015,10015,11,0.11,10015,11,0.11,10015,10015,1400-9-9,2021-11-30
833,اخزا905,اسنادخزانه-م5بودجه99-020218,3,7000,5123703000,730840,731500,735000,4160,0.57,731958,1118,0.15,731203,735000,1400-9-9,2021-11-30
834,زير0103پ04,زيره سبز0103شركت مينوبذر(پ),3,85,74120599,920000,867000,910000,-10000,-1.09,872007,-47993,-5.22,865533,910000,1400-9-9,2021-11-30
835,ضمخا1035,اختيارخ اخابر-7000-1400/10/26,3,12,12469000,1762,1450,1000,-762,-43.25,1039,-723,-41.03,1000,1450,1400-9-9,2021-11-30
836,صپا ه 11,بار پايه هفته 11صنعتي,3,13990,7554600,540,540,540,0,0,540,0,0,540,540,1400-9-9,2021-11-30
837,سي تيپ2ن13,گواهي سيمان تيپ2بجنورد(ن),3,61000,315370000,5119,5170,5170,51,1,5170,51,1,5170,5170,1400-9-9,2021-11-30
838,سي تيپ2ن07,گواهي سيمان تيپ 2تهران(ن),2,100000,641000000,6224,6410,6410,186,2.99,6410,186,2.99,6410,6410,1400-9-9,2021-11-30
839,ضفرابورس1200,اختيارخ فرابورس-19000-14001218,2,5,15900000,5500,3300,3000,-2500,-45.45,3180,-2320,-42.18,3000,3300,1400-9-9,2021-11-30
840,ضذوب904,اختيارخ ذوب-4500-14000917,2,21,21000,29,1,1,-28,-96.55,1,-28,-96.55,1,1,1400-9-9,2021-11-30
841,سي تيپ2ن05,گواهي سيمان تيپ 2خاش(ن),2,35000,247555000,6867,7073,7073,206,3,7073,206,3,7073,7073,1400-9-9,2021-11-30
842,اروند082,منفعت صبا اروند ملت 14001222,2,300000,297300000000,991000,991000,991000,0,0,991000,0,0,991000,991000,1400-9-9,2021-11-30
843,سي تيپ2ن16,گواهي سيمان تيپ2شرق(ن),2,110000,543070000,4794,4937,4937,143,2.98,4937,143,2.98,4937,4937,1400-9-9,2021-11-30
844,دتوليدح,ح. داروسازي توليد دارو,2,18670,143795180,7385,7754,7700,315,4.27,7702,317,4.29,7700,7754,1400-9-9,2021-11-30
845,زعف0008پ09,زعفران0008نگين نوين(پ),2,36,10540260,286235,286500,299070,12835,4.48,292785,6550,2.29,286500,299070,1400-9-9,2021-11-30
846,ضمخا1036,اختيارخ اخابر-8000-1400/10/26,2,2,838000,1032,419,419,-613,-59.4,419,-613,-59.4,419,419,1400-9-9,2021-11-30
847,ضپنا1030,اختيارخ رمپنا-11850-1400/10/08,2,8,35584000,4202,4448,4448,246,5.85,4448,246,5.85,4448,4448,1400-9-9,2021-11-30
848,خاذين2,سايپاآذين‌,2,23612282,77282998986,3209,3273,3273,64,1.99,3273,64,1.99,3273,3273,1400-9-9,2021-11-30
849,كمند2,صندوق س. با درآمد ثابت كمند,2,281400000,281400000,10126,1,1,-10125,-99.99,1,-10125,-99.99,1,1,1400-9-9,2021-11-30
850,ضذوب903,اختيارخ ذوب-4000-14000917,2,15,55000,100,4,3,-97,-97,4,-96,-96,3,4,1400-9-9,2021-11-30
851,ضغدر1132,اختيارخ وغدير-14000-1400/11/20,2,5,10250000,2350,2050,2050,-300,-12.77,2050,-300,-12.77,2050,2050,1400-9-9,2021-11-30
852,ضفار1131,اختيارخ فارس-8400-1400/11/06,2,21,8000000,2810,280,2400,-410,-14.59,381,-2429,-86.44,280,2400,1400-9-9,2021-11-30
853,رايان106,مشاركت رايان سايپا-3ماهه16%,2,68,65646656,975046,965392,965392,-9654,-0.99,965392,-9654,-0.99,965392,965392,1400-9-9,2021-11-30
854,كمان,س.خ.كمان كاريزما 35% تاديه,2,2500,940460000,375978,376184,376184,206,0.05,376184,206,0.05,376184,376184,1400-9-9,2021-11-30
855,افران2,صندوق س افرا نماد پايدار-ثابت,2,8000000,8000000,14864,1,1,-14863,-99.99,1,-14863,-99.99,1,1,1400-9-9,2021-11-30
856,اخزا810,اسنادخزانه-م10بودجه98-001006,2,1000,984214028,983697,984215,984214,517,0.05,984214,517,0.05,984214,984215,1400-9-9,2021-11-30
857,خاتم2,صندوق س خاتم ايساتيس پويا-ثابت,2,1400000,1400000,12386,1,1,-12385,-99.99,1,-12385,-99.99,1,1,1400-9-9,2021-11-30
858,جهرم,پتروشيمي جهرم,2,127576,167379712,1352,1312,1312,-40,-2.96,1351,-1,-0.07,1312,1312,1400-9-9,2021-11-30
859,صايند2,صندوق س. گنجينه آينده روشن-د,2,100006,100006,9978,1,1,-9977,-99.99,1,-9977,-99.99,1,1,1400-9-9,2021-11-30
860,اخزا816,اسنادخزانه-م16بودجه98-010503,2,270,235709730,871228,872999,872999,1771,0.2,872999,1771,0.2,872999,872999,1400-9-9,2021-11-30
861,ثنظام,س. ساختماني نظام مهندسي ايران,2,800,17071200,21998,21339,21339,-659,-3,21997,-1,0,21339,21339,1400-9-9,2021-11-30
862,وآفري2,بيمه كارآفرين,2,13000000,46150000000,3572,3550,3550,-22,-0.62,3550,-22,-0.62,3550,3550,1400-9-9,2021-11-30
863,طفلا1163,اختيارف فولاد-10000-1400/11/24,2,3,1120000,397,380,370,-27,-6.8,373,-24,-6.05,370,380,1400-9-9,2021-11-30
864,صخود041,ص مرابحه خودرو041- 3ماهه 18%,1,6,5940000,1000000,990000,990000,-10000,-1,990000,-10000,-1,990000,990000,1400-9-9,2021-11-30
865,تملي709,تسهيلات مسكن ب. ملي-آذر97,1,1,733120,733127,733120,733120,-7,0,733120,-7,0,733120,733120,1400-9-9,2021-11-30
866,هماي2,صندوق س هماي آگاه-ثابت,1,2390000,2390000,10050,1,1,-10049,-99.99,1,-10049,-99.99,1,1,1400-9-9,2021-11-30
867,افاد81,منفعت دولت8-ش.خاص مهر0205,1,4000,3916000000,1000000,979000,979000,-21000,-2.1,979000,-21000,-2.1,979000,979000,1400-9-9,2021-11-30
868,صخود412,ص مرابحه خودرو412- 3ماهه 18%,1,11,10999967,999997,999997,999997,0,0,999997,0,0,999997,999997,1400-9-9,2021-11-30
869,ضبدر1162,اختيارخ شبندر-5000-1400/11/13,1,1,1700000,2266,1700,1700,-566,-24.98,1700,-566,-24.98,1700,1700,1400-9-9,2021-11-30
870,ضپاس1009,اختيارخ وپارس-1600-1400/10/22,1,75,45000000,519,600,600,81,15.61,600,81,15.61,600,600,1400-9-9,2021-11-30
871,افاد814,منفعت دولت8-ش.خاص مهر0205,1,516000,495876000000,1000000,961000,961000,-39000,-3.9,961000,-39000,-3.9,961000,961000,1400-9-9,2021-11-30
872,ضذوب901,اختيارخ ذوب-3000-14000917,1,10,7000000,760,700,700,-60,-7.89,700,-60,-7.89,700,700,1400-9-9,2021-11-30
873,پلاست4,كارخانجات توليدي پلاستيران,1,7000000,59549000000,8496,8507,8507,11,0.13,8507,11,0.13,8507,8507,1400-9-9,2021-11-30
874,ونچر,ص.ج.فيروزه40%تاديه,1,1000,410000000,413333,410000,410000,-3333,-0.81,410000,-3333,-0.81,410000,410000,1400-9-9,2021-11-30
875,اراد51,مرابحه عام دولت5-ش.خ 0010,1,100,100000000,1000000,1000000,1000000,0,0,1000000,0,0,1000000,1000000,1400-9-9,2021-11-30
876,اراد65,مرابحه عام دولتي65-ش.خ0210,1,100,100000000,985500,1000000,1000000,14500,1.47,1000000,14500,1.47,1000000,1000000,1400-9-9,2021-11-30
877,سميعا002,سلف موازي استاندارد سميعا002,1,7500,10616535000,1425702,1415538,1415538,-10164,-0.71,1415538,-10164,-0.71,1415538,1415538,1400-9-9,2021-11-30
878,ضبدر1164,اختيارخ شبندر-7000-1400/11/13,1,70,21000000,406,300,300,-106,-26.11,300,-106,-26.11,300,300,1400-9-9,2021-11-30
879,وگردش2,بانك گردشگري,1,79655753,955869036000,11941,12000,12000,59,0.49,12000,59,0.49,12000,12000,1400-9-9,2021-11-30
880,دسبحا2,گروه دارويي سبحان,1,17034145,315131682500,18540,18500,18500,-40,-0.22,18500,-40,-0.22,18500,18500,1400-9-9,2021-11-30
881,وملل2,اعتباري ملل,1,9677440,85935667200,8981,8880,8880,-101,-1.12,8880,-101,-1.12,8880,8880,1400-9-9,2021-11-30
882,ضستا1006,اختيارخ شستا-16000-1400/10/29,1,10,1990000,110,199,199,89,80.91,199,89,80.91,199,199,1400-9-9,2021-11-30
883,اراد93,مرابحه عام دولت93-ش.خ010809,1,41000,39229620000,1000000,956820,956820,-43180,-4.32,956820,-43180,-4.32,956820,956820,1400-9-9,2021-11-30
884,ضفلا1167,اختيارخ فولاد-18000-1400/11/24,1,20,2000000,121,100,100,-21,-17.36,100,-21,-17.36,100,100,1400-9-9,2021-11-30
885,وحافظ,بيمه حافظ,1,38100,349986600,9470,9186,9186,-284,-3,9460,-10,-0.11,9186,9186,1400-9-9,2021-11-30
886,صخود0412,ص مرابحه خودرو041- 3ماهه 18%,1,3000000,3000000000000,1000000,1000000,1000000,0,0,1000000,0,0,1000000,1000000,1400-9-9,2021-11-30
887,تابان03,اجاره تابان سپهر14021206,1,1000,960000000,1000000,960000,960000,-40000,-4,960000,-40000,-4,960000,960000,1400-9-9,2021-11-30
888,زيتون2,صندوق س زيتون نماد پايا- مختلط,1,600000,600000,9725,1,1,-9724,-99.99,1,-9724,-99.99,1,1,1400-9-9,2021-11-30
889,دمعيار2,صندوق س. توازن معيار-د,1,300000,300000,10004,1,1,-10003,-99.99,1,-10003,-99.99,1,1,1400-9-9,2021-11-30
890,تماوند2,تامين سرمايه دماوند,1,42963869,234969399561,5342,5469,5469,127,2.38,5469,127,2.38,5469,5469,1400-9-9,2021-11-30
891,خعمرا,توسعه و عمران شهرستان نائين,1,1750,7084000,3931,4048,4048,117,2.98,3931,0,0,4048,4048,1400-9-9,2021-11-30
892,ضجار1021,اختيارخ وتجارت-1800-1400/10/15,1,10,2170000,214,217,217,3,1.4,217,3,1.4,217,217,1400-9-9,2021-11-30
893,اراد934,مرابحه عام دولت93-ش.خ010809,1,3710000,3549802200000,1000000,956820,956820,-43180,-4.32,956820,-43180,-4.32,956820,956820,1400-9-9,2021-11-30
894,شرق1400,مشاركت ليزينگ ايران وشرق140010,1,500,499750000,1005991,999500,999500,-6491,-0.65,999500,-6491,-0.65,999500,999500,1400-9-9,2021-11-30
895,گواهي ظرفيت,گواهي ظرفيت نقدي,1,3000000,90177000000,28628,30059,30059,1431,5,28800,172,0.6,30059,30059,1400-9-9,2021-11-30
896,ضسان1051,اختيارخ پارسان-24000-00/10/12,1,1,8990000,9000,8990,8990,-10,-0.11,8990,-10,-0.11,8990,8990,1400-9-9,2021-11-30
897,ضترا1135,اختيارخ شتران-6176-1400/11/10,1,1,226700,80,100,100,20,25,100,20,25,100,100,1400-9-9,2021-11-30
898,زعف0110پ19,زعفران0110نگين تروند قاينات(پ),1,19,7587688,382039,399352,399352,17313,4.53,399352,17313,4.53,399352,399352,1400-9-9,2021-11-30
899,دپارسح,ح . پارس‌ دارو,1,200,9000000,45000,45000,45000,0,0,45000,0,0,45000,45000,1400-9-9,2021-11-30
900,خبنيان2,بنيان ديزل,1,2749000,563545000000,203909,205000,205000,1091,0.54,205000,1091,0.54,205000,205000,1400-9-9,2021-11-30
901,سرو2,صندوق س سروسودمند مدبران-سهام,1,100000,100000,69450,1,1,-69449,-100,1,-69449,-100,1,1,1400-9-9,2021-11-30
902,فارس2,صنايع پتروشيمي خليج فارس,1,30500000,314150000000,10490,10300,10300,-190,-1.81,10300,-190,-1.81,10300,10300,1400-9-9,2021-11-30
903,كچاد2,معدني‌وصنعتي‌چادرملو,1,4000000,108120000000,27030,27030,27030,0,0,27030,0,0,27030,27030,1400-9-9,2021-11-30
904,ضمخا1037,اختيارخ اخابر-9000-1400/10/26,1,2,910000,488,455,455,-33,-6.76,455,-33,-6.76,455,455,1400-9-9,2021-11-30
905,اخزا0062,اسنادخزانه-م6بودجه00-030723,1,137304,71260776000,516188,519000,519000,2812,0.54,519000,2812,0.54,519000,519000,1400-9-9,2021-11-30
906,سبرق021,سلف موازي برق صادراتي گيلان021,1,52000,9932000000,191000,191000,191000,0,0,191000,0,0,191000,191000,1400-9-9,2021-11-30
907,ضفار1133,اختيارخ فارس-11400-1400/11/06,1,4,2760000,700,690,690,-10,-1.43,690,-10,-1.43,690,690,1400-9-9,2021-11-30
908,سي تيپ2ن21,گواهي سيمان تيپ2زاوه تربت(ن),1,10000,47940000,4794,4794,4794,0,0,4794,0,0,4794,4794,1400-9-9,2021-11-30
909,ضذوب900,اختيارخ ذوب-2500-14000917,1,2,2400000,1000,1200,1200,200,20,1200,200,20,1200,1200,1400-9-9,2021-11-30
910,تدبير04,اجاره اقتصادي تدبير14040606,1,9,8640000,960000,960000,960000,0,0,960000,0,0,960000,960000,1400-9-9,2021-11-30
911,وسالت,بانك قرض الحسنه رسالت,1,1,1082,1051,1082,1082,31,2.95,1051,0,0,1082,1082,1400-9-9,2021-11-30
912,ضخوز1022,اختيارخ فخوز-5000-1400/10/12,1,10,44640000,2500,1860,1860,-640,-25.6,1860,-640,-25.6,1860,1860,1400-9-9,2021-11-30
