,نماد,نام,تعداد,حجم,ارزش,دیروز,اولین,آخرین معامله - مقدار,آخرین معامله - تغییر,آخرین معامله - درصد,قیمت پایانی - مقدار,قیمت پایانی - تغییر,قیمت پایانی - درصد,کمترین,بیشترین,تاریخ,gregorian_date
0,دارا يكم,صندوق واسطه گري مالي يكم-سهام,29938,27186276,3567447664800,127970,127800,133280,5310,4.15,131220,3250,2.54,127800,133770,1400-2-6,2021-04-26
1,پالايش,صندوق پالايشي يكم-سهام,28845,34590750,2403191799370,67910,67790,70390,2480,3.65,69470,1560,2.3,67300,70630,1400-2-6,2021-04-26
2,خودرو,ايران‌ خودرو,19109,766152856,1549682894290,2080,2020,2030,-50,-2.4,2020,-60,-2.88,2020,2060,1400-2-6,2021-04-26
3,فملي,ملي‌ صنايع‌ مس‌ ايران‌,17295,107892341,1233399489360,10960,11000,11610,650,5.93,11430,470,4.29,11000,11610,1400-2-6,2021-04-26
4,بركت,گروه دارويي بركت,16430,34405059,1081632360570,30620,31090,31980,1360,4.44,31440,820,2.68,30620,32150,1400-2-6,2021-04-26
5,شستا,سرمايه گذاري تامين اجتماعي,15285,70973945,799137740240,10970,10750,11360,390,3.56,11260,290,2.64,10750,11600,1400-2-6,2021-04-26
6,شپنا,پالايش نفت اصفهان,13879,149208519,1592336684760,10990,10670,10670,-320,-2.91,10670,-320,-2.91,10670,10780,1400-2-6,2021-04-26
7,امينح,ح . تامين سرمايه امين,11587,8377339,36577172870,4070,3930,4550,480,11.79,4370,300,7.37,3930,4550,1400-2-6,2021-04-26
8,پترول,گ.س.وت.ص.پتروشيمي خليج فارس,9679,62343300,512096987920,8270,8030,8430,160,1.93,8210,-60,-0.73,8030,8500,1400-2-6,2021-04-26
9,شتران,پالايش نفت تهران,8820,100940400,870398308820,8880,8620,8640,-240,-2.7,8620,-260,-2.93,8620,8710,1400-2-6,2021-04-26
10,فولاد,فولاد مباركه اصفهان,8584,55383192,666961908120,11760,11710,12220,460,3.91,12040,280,2.38,11710,12300,1400-2-6,2021-04-26
11,وتجارت,بانك تجارت,8125,275359552,687706544520,2550,2490,2510,-40,-1.57,2500,-50,-1.96,2480,2570,1400-2-6,2021-04-26
12,وبصادر,بانك صادرات ايران,6108,231615778,495558956490,2190,2130,2170,-20,-0.91,2140,-50,-2.28,2130,2200,1400-2-6,2021-04-26
13,شگويا,پتروشيمي تندگويان,5598,28110592,238090488211,8083,8150,8567,484,5.99,8470,387,4.79,8111,8567,1400-2-6,2021-04-26
14,وكبهمن,مديريت سرمايه گذاري كوثربهمن,5101,3497159,35835050067,10233,9957,10441,208,2.03,10243,10,0.1,9950,10638,1400-2-6,2021-04-26
15,آريا,پليمر آريا ساسول,5078,1831281,154938435161,82231,80500,86360,4129,5.02,84607,2376,2.89,80500,86700,1400-2-6,2021-04-26
16,وبملت,بانك ملت,5048,120401953,499914173970,4110,4050,4200,90,2.19,4150,40,0.97,4050,4220,1400-2-6,2021-04-26
17,بپيوند,برق و انرژي پيوندگستر پارس,4591,3808609,46070395617,12449,12080,12174,-275,-2.21,12109,-340,-2.73,12076,12340,1400-2-6,2021-04-26
18,بوعلي,پتروشيمي بوعلي سينا,4512,1000691,41687634080,41500,41530,41790,290,0.7,41610,110,0.27,41500,41980,1400-2-6,2021-04-26
19,اپال,فرآوري معدني اپال كاني پارس,4326,4325669,72850320320,16760,16760,16820,60,0.36,16810,50,0.3,16750,17050,1400-2-6,2021-04-26
20,خساپا,سايپا,4016,238417312,469682104640,2030,1970,1970,-60,-2.96,1970,-60,-2.96,1970,1970,1400-2-6,2021-04-26
21,نوري,پتروشيمي نوري,3933,9217278,548178918610,56310,56010,59670,3360,5.97,59470,3160,5.61,56010,59680,1400-2-6,2021-04-26
22,سيتا,سرمايه گذاري سيمان تامين,3704,5054296,75821749250,15000,15000,15000,0,0,15000,0,0,15000,15010,1400-2-6,2021-04-26
23,وپاسار,بانك  پاسارگاد,3640,74805044,1024035700520,13680,13690,13700,20,0.15,13690,10,0.07,13660,13700,1400-2-6,2021-04-26
24,وپارس,بانك‌پارسيان‌,3547,140042365,338206255580,2480,2410,2450,-30,-1.21,2420,-60,-2.42,2410,2460,1400-2-6,2021-04-26
25,ذوب,سهامي ذوب آهن  اصفهان,3464,64402475,213759941811,3418,3316,3347,-71,-2.08,3319,-99,-2.9,3316,3370,1400-2-6,2021-04-26
26,فارس,صنايع پتروشيمي خليج فارس,3352,22640594,195079040890,8700,8440,8760,60,0.69,8620,-80,-0.92,8440,8910,1400-2-6,2021-04-26
27,امين يكم,صندوق درآمد ثابت امين يكم فردا,2978,72394738,728780828459,10062,10068,10067,5,0.05,10067,5,0.05,10063,10072,1400-2-6,2021-04-26
28,وغدير,سرمايه‌گذاري‌غدير(هلدينگ‌,2970,16054252,156308023460,9640,9390,9870,230,2.39,9740,100,1.04,9390,10000,1400-2-6,2021-04-26
29,بگيلان,توسعه مسير برق گيلان,2927,980689,20062671647,20638,20019,20430,-208,-1.01,20563,-75,-0.36,20019,20990,1400-2-6,2021-04-26
30,خبهمن,گروه‌بهمن‌,2670,168743846,226446577760,1440,1360,1320,-120,-8.33,1340,-100,-6.94,1320,1380,1400-2-6,2021-04-26
31,كمند,صندوق س. با درآمد ثابت كمند,2601,98102612,992947444661,10116,10122,10121,5,0.05,10122,6,0.06,10121,10123,1400-2-6,2021-04-26
32,فخوز,فولاد  خوزستان,2442,13412908,194511915280,14230,14010,14800,570,4.01,14500,270,1.9,14010,14810,1400-2-6,2021-04-26
33,بجهرم,توسعه مولد نيروگاهي جهرم,2419,29624627,71713091475,2481,2407,2441,-40,-1.61,2421,-60,-2.42,2407,2480,1400-2-6,2021-04-26
34,وساپا,سرمايه‌گذاري‌ سايپا,2158,37083184,167465518710,4640,4510,4520,-120,-2.59,4520,-120,-2.59,4510,4600,1400-2-6,2021-04-26
35,صبا,سرمايه گذاري صبا تامين,2148,6321854,46715589154,7424,7220,7470,46,0.62,7410,-14,-0.19,7220,7520,1400-2-6,2021-04-26
36,وكار,بانك‌ كارآفرين‌,2001,46420737,134976997420,2870,2900,2920,50,1.74,2910,40,1.39,2810,2990,1400-2-6,2021-04-26
37,كارين2,صندوق س نگين سامان-ثابت,1999,19990000,19990000,10028,1,1,-10027,-99.99,1,-10027,-99.99,1,1,1400-2-6,2021-04-26
38,ونوين,بانك‌اقتصادنوين‌,1965,40599216,166070259600,4180,4060,4180,0,0,4090,-90,-2.15,4060,4200,1400-2-6,2021-04-26
39,كچاد,معدني‌وصنعتي‌چادرملو,1906,8480434,179662766430,21680,21030,21470,-210,-0.97,21190,-490,-2.26,21030,21680,1400-2-6,2021-04-26
40,اعتماد,صندوق س.اعتماد آفرين پارسيان-د,1875,47453650,1712474318660,36071,36089,36089,18,0.05,36087,16,0.04,36085,36091,1400-2-6,2021-04-26
41,قرن,پديده شيمي قرن,1819,1767063,108542896540,61610,59770,61100,-510,-0.83,61430,-180,-0.29,59770,63500,1400-2-6,2021-04-26
42,كيان,صندوق س. با درآمد ثابت كيان,1788,56275632,1583981363223,28166,28190,28150,-16,-0.06,28147,-19,-0.07,28145,28190,1400-2-6,2021-04-26
43,تاصيكو,سرمايه گذاري صدرتامين,1723,21483268,217468458190,10090,9800,10150,60,0.59,10120,30,0.3,9790,10300,1400-2-6,2021-04-26
44,وخارزمح,ح.سرمايه گذاري خوارزمي,1700,6133162,19661666620,3140,3110,3280,140,4.46,3210,70,2.23,3110,3300,1400-2-6,2021-04-26
45,آوا,صندوق س.سهام آواي معيار-س,1679,8846081,56272748184,6252,6298,6420,168,2.69,6361,109,1.74,6271,6453,1400-2-6,2021-04-26
46,تاپيكو,س. نفت و گاز و پتروشيمي تأمين,1670,8050113,85835792370,10560,10390,10850,290,2.75,10640,80,0.76,10280,10900,1400-2-6,2021-04-26
47,فجر,فولاد اميركبيركاشان,1555,2795196,161518679890,54990,56250,58280,3290,5.98,57780,2790,5.07,55610,58280,1400-2-6,2021-04-26
48,فنوال,نورد آلومينيوم‌,1515,3729586,99615527940,27450,27450,26770,-680,-2.48,26710,-740,-2.7,26630,27890,1400-2-6,2021-04-26
49,دماوند,توليد نيروي برق دماوند,1493,2076652,51259718449,24419,24424,24800,381,1.56,24668,249,1.02,24423,24859,1400-2-6,2021-04-26
50,ومهان,گروه توسعه مالي مهر آيندگان,1491,6092172,72906351276,11642,11550,11950,308,2.65,11967,325,2.79,11510,12290,1400-2-6,2021-04-26
51,سرو,صندوق س سروسودمند مدبران-سهام,1439,1441738,91081477280,62050,61730,63860,1810,2.92,63170,1120,1.8,61730,63900,1400-2-6,2021-04-26
52,فباهنرح,ح . مس‌ شهيدباهنر,1366,4520656,72062580050,15040,15080,16480,1440,9.57,15940,900,5.98,15080,16480,1400-2-6,2021-04-26
53,معيار ,سرمايه گذاري معيار صنعت پارس,1336,3173642,183446304478,57473,59197,56324,-1149,-2,57803,330,0.57,56324,59197,1400-2-6,2021-04-26
54,كارين,صندوق س نگين سامان-ثابت,1294,64598690,648184947029,10028,10036,10034,6,0.06,10034,6,0.06,10033,10036,1400-2-6,2021-04-26
55,آگاس,صندوق س.هستي بخش آگاه-س,1289,1081889,68664616798,62161,62250,64260,2099,3.38,63467,1306,2.1,62250,64418,1400-2-6,2021-04-26
56,ومعادن,توسعه‌معادن‌وفلزات‌,1286,10883319,83197503220,7780,7590,7590,-190,-2.44,7640,-140,-1.8,7400,7830,1400-2-6,2021-04-26
57,كاوه,فولاد كاوه جنوب كيش,1229,5683713,119742515700,20740,20220,21070,330,1.59,21070,330,1.59,20220,21520,1400-2-6,2021-04-26
58,كگل,معدني و صنعتي گل گهر,1198,12530693,173551449330,14230,13810,14150,-80,-0.56,13850,-380,-2.67,13810,14190,1400-2-6,2021-04-26
59,كگلح,ح . معدني و صنعتي گل گهر,1176,2352988,24037795830,9950,9710,10560,610,6.13,10220,270,2.71,9710,10590,1400-2-6,2021-04-26
60,تسه9912,امتياز تسهيلات مسكن اسفند99,1160,29411,15631373549,519306,526000,545271,25965,5,531480,12174,2.34,510001,545271,1400-2-6,2021-04-26
61,تسه0001,امتيازتسهيلات مسكن فروردين1400,1160,22417,11764096388,506352,530000,531669,25317,5,524785,18433,3.64,505001,531669,1400-2-6,2021-04-26
62,افق,فروشگاههاي زنجيره اي افق كوروش,1119,1463035,103646136380,70590,70000,71300,710,1.01,70840,250,0.35,68500,72470,1400-2-6,2021-04-26
63,غگيلا,شيرپاستوريزه پگاه گيلان,1102,17823,438107163,23190,24581,24581,1391,6,23201,11,0.05,24581,24581,1400-2-6,2021-04-26
64,ضخود2005,اختيارخ خودرو-2000-1400/02/08,1083,57277,1114724000,14,8,20,6,42.86,19,5,35.71,8,29,1400-2-6,2021-04-26
65,شبريز,پالايش نفت تبريز,1031,5451835,145077830230,27430,26610,26610,-820,-2.99,26610,-820,-2.99,26610,26790,1400-2-6,2021-04-26
66,پاكشو,گروه صنعتي پاكشو,1023,12892945,83421101820,6630,6440,6630,0,0,6510,-120,-1.81,6440,6730,1400-2-6,2021-04-26
67,وصنعت,سرمايه گذاري توسعه صنعت وتجارت,1022,7227472,41388843850,5720,5690,5790,70,1.22,5730,10,0.17,5560,5850,1400-2-6,2021-04-26
68,شغدير,پتروشيمي غدير,985,1275287,74648892010,59130,57800,60000,870,1.47,58530,-600,-1.01,57370,60980,1400-2-6,2021-04-26
69,شلرد,كود شيميايي اوره لردگان,965,8754662,55315174819,6331,6220,6380,49,0.77,6318,-13,-0.21,6220,6439,1400-2-6,2021-04-26
70,فسپا,گروه‌صنعتي‌سپاهان‌,922,2234930,81211538040,37330,36220,36680,-650,-1.74,36340,-990,-2.65,36220,37890,1400-2-6,2021-04-26
71,ورازي,بيمه رازي,912,10177939,95235895312,9756,9420,9269,-487,-4.99,9357,-399,-4.09,9269,9754,1400-2-6,2021-04-26
72,سمتاز,سيمان ممتازان كرمان,911,1870944,41907505254,22275,21850,22135,-140,-0.63,22399,124,0.56,21830,22943,1400-2-6,2021-04-26
73,زاگرس,پتروشيمي زاگرس,910,359292,72518875470,200498,199890,202299,1801,0.9,201477,979,0.49,198210,204185,1400-2-6,2021-04-26
74,هرمز,فولاد هرمزگان جنوب,864,4794239,71570808280,14614,14310,15050,436,2.98,14799,185,1.27,14310,15110,1400-2-6,2021-04-26
75,شساخت,مهندسي و ساختمان صنايع نفت,830,996467,38758392094,38292,38980,38850,558,1.46,38889,597,1.56,37900,39320,1400-2-6,2021-04-26
76,سرچشمه,سرمايه گذاري مس سرچشمه,819,6841739,43021187092,6283,6232,6312,29,0.46,6287,4,0.06,6209,6410,1400-2-6,2021-04-26
77,وسكاب,س.ص.بازنشستگي كاركنان بانكها,810,9853670,47271888650,4900,4760,4880,-20,-0.41,4800,-100,-2.04,4760,4890,1400-2-6,2021-04-26
78,ميدكو,هلدينگ صنايع  معدني خاورميانه,809,12241710,398992403607,32593,32593,32680,87,0.27,32593,0,0,32400,32680,1400-2-6,2021-04-26
79,غگل,گلوكوزان‌,778,8301159,24572240780,3050,2960,2960,-90,-2.95,3000,-50,-1.64,2960,2980,1400-2-6,2021-04-26
80,حسينا,توسعه خدمات دريايي وبندري سينا,774,1774703,109306041243,63364,61464,62000,-1364,-2.15,61591,-1773,-2.8,61464,62893,1400-2-6,2021-04-26
81,فايرا,آلومينيوم‌ايران‌,764,2868973,49292644990,16980,17100,17150,170,1,17130,150,0.88,16910,17400,1400-2-6,2021-04-26
82,شبندر,پالايش نفت بندرعباس,744,6187473,135815032350,22620,21950,21950,-670,-2.96,21950,-670,-2.96,21950,21950,1400-2-6,2021-04-26
83,مدير,ص.س.مديريت ثروت ص.بازنشستگي-س,727,3097516,24669168637,7855,7808,8039,184,2.34,7964,109,1.39,7808,8068,1400-2-6,2021-04-26
84,فنورد,نوردوقطعات‌ فولادي‌,727,279282,44663516580,164180,159260,161500,-2680,-1.63,160070,-4110,-2.5,159260,166590,1400-2-6,2021-04-26
85,ارفع,شركت آهن و فولاد ارفع,693,3750553,53050475764,14533,14101,14182,-351,-2.42,14230,-303,-2.08,14098,14400,1400-2-6,2021-04-26
86,شگلح,ح . گلتاش‌,687,1894443,10302264880,5560,5280,5400,-160,-2.88,5440,-120,-2.16,5280,5650,1400-2-6,2021-04-26
87,سفانو,سيمان فارس نو,685,2458571,97361119090,40630,39420,39420,-1210,-2.98,39600,-1030,-2.54,39420,41980,1400-2-6,2021-04-26
88,تنوينح,ح . تامين سرمايه نوين,674,66788368,361421584620,5500,5410,5410,-90,-1.64,5410,-90,-1.64,5410,5430,1400-2-6,2021-04-26
89,طلا,صندوق س.پشتوانه طلاي لوتوس,653,260012,18408588651,72168,71200,70368,-1800,-2.49,70799,-1369,-1.9,70365,71251,1400-2-6,2021-04-26
90,وبانك,سرمايه گذاري گروه توسعه ملي,604,4567998,35776653260,8040,7800,8000,-40,-0.5,7950,-90,-1.12,7800,8010,1400-2-6,2021-04-26
91,شسپا,نفت سپاهان,580,3037649,44498110560,14800,14450,14850,50,0.34,14680,-120,-0.81,14450,14850,1400-2-6,2021-04-26
92,وتوكاح,ح . ‌توكافولاد(هلدينگ‌,576,25164151,201313208000,8000,8000,8000,0,0,8000,0,0,8000,8000,1400-2-6,2021-04-26
93,شپديس,پتروشيمي پرديس,557,500072,46964685870,93600,90850,95000,1400,1.5,93750,150,0.16,90850,95000,1400-2-6,2021-04-26
94,ارزش,صندوق س ارزش آفرين بيدار-سهام,550,3408785,31350847070,9060,9100,9280,220,2.43,9200,140,1.55,9070,9330,1400-2-6,2021-04-26
95,پارسان,گسترش نفت و گاز پارسيان,530,2975953,54983057570,18970,18410,18770,-200,-1.05,18730,-240,-1.27,18410,18810,1400-2-6,2021-04-26
96,شصدف,صنعتي دوده فام,519,22385,725027765,30556,32389,32389,1833,6,30581,25,0.08,32389,32389,1400-2-6,2021-04-26
97,همراه,شركت ارتباطات سيار ايران,514,913704,22345866930,25080,24340,24330,-750,-2.99,24940,-140,-0.56,24330,24990,1400-2-6,2021-04-26
98,شفن,پتروشيمي فناوران,510,145981,46202500650,320770,311150,318550,-2220,-0.69,318740,-2030,-0.63,311150,320700,1400-2-6,2021-04-26
99,فافزا,فولاد افزا سپاهان,503,342753,18003691094,52107,51065,53000,893,1.71,52485,378,0.73,51065,53490,1400-2-6,2021-04-26
100,آريان,سرمايه گذاري پارس آريان,499,14185072,139786890785,10264,9854,9870,-394,-3.84,9855,-409,-3.98,9854,10000,1400-2-6,2021-04-26
101,پارند,صندوق س. پارند پايدار سپهر,490,12838481,145338664118,11313,11318,11313,0,0,11321,8,0.07,11312,11327,1400-2-6,2021-04-26
102,خكرمان,گروه اقتصادي كرمان خودرو,482,11787456,42645103661,3689,3616,3616,-73,-1.98,3618,-71,-1.92,3616,3680,1400-2-6,2021-04-26
103,كيان2,صندوق س. با درآمد ثابت كيان,480,48000000,48000000,28166,1,1,-28165,-100,1,-28165,-100,1,1,1400-2-6,2021-04-26
104,پارس,پتروشيمي پارس,479,419791,61389541670,144230,140450,146200,1970,1.37,145450,1220,0.85,140450,149650,1400-2-6,2021-04-26
105,كرمان,س. توسعه و عمران استان كرمان,471,10646496,12541572288,1214,1178,1178,-36,-2.97,1205,-9,-0.74,1178,1178,1400-2-6,2021-04-26
106,سكه0012پ01,تمام سكه طرح جديد0012رفاه,454,113200,111283432200,1001189,994599,983400,-17789,-1.78,983069,-18120,-1.81,978710,994599,1400-2-6,2021-04-26
107,شاراك,پتروشيمي شازند,450,1283501,31365041180,24250,23560,24840,590,2.43,24320,70,0.29,23560,24870,1400-2-6,2021-04-26
108,خريخت,صنايع‌ريخته‌گري‌ايران‌,445,10444106,31358904020,3090,3000,3010,-80,-2.59,3030,-60,-1.94,3000,3090,1400-2-6,2021-04-26
109,بميلا,توسعه بازرگاني آهن وفولادميلاد,437,2691173,37882006758,13702,14000,14113,411,3,14076,374,2.73,13751,14113,1400-2-6,2021-04-26
110,گكيشح,ح.توريستي ورفاهي آبادگران كيش,420,1802703,55795637979,30747,30134,30341,-406,-1.32,30951,204,0.66,30133,31669,1400-2-6,2021-04-26
111,مبين,مبين انرژي خليج فارس,411,4363235,67224859540,15740,15270,16090,350,2.22,15550,-190,-1.21,15270,16190,1400-2-6,2021-04-26
112,تصميم,صندوق س با درآمد ثابت تصميم,406,6474858,104939863732,16204,16211,16205,1,0.01,16207,3,0.02,16197,16216,1400-2-6,2021-04-26
113,افران,صندوق س افرا نماد پايدار-ثابت,404,13136282,173027150845,13166,13175,13172,6,0.05,13172,6,0.05,13171,13177,1400-2-6,2021-04-26
114,تيپيكو,سرمايه گذاري دارويي تامين,397,802161,29337037010,37540,36430,36760,-780,-2.08,37090,-450,-1.2,36420,37200,1400-2-6,2021-04-26
115,شبهرن,نفت‌ بهران‌,383,5195340,63642915000,12620,12250,12250,-370,-2.93,12250,-370,-2.93,12250,12250,1400-2-6,2021-04-26
116,بپاس,بيمه پاسارگاد,380,591073,52085986798,88121,88121,88122,1,0,88121,0,0,88120,88200,1400-2-6,2021-04-26
117,واحيا,م .صنايع و معادن احياء سپاهان,374,443424,56421499319,126713,124183,127755,1042,0.82,127241,528,0.42,124183,129580,1400-2-6,2021-04-26
118,فسازان,غلتك سازان سپاهان,371,952514,31144902660,33680,32670,32980,-700,-2.08,33040,-640,-1.9,32670,33970,1400-2-6,2021-04-26
119,تسه9911,امتياز تسهيلات مسكن بهمن99,369,3964,2096442599,514610,513306,540340,25730,5,528870,14260,2.77,513306,540340,1400-2-6,2021-04-26
120,خگستر,گسترش‌سرمايه‌گذاري‌ايران‌خودرو,359,3721124,9191176280,2540,2470,2470,-70,-2.76,2530,-10,-0.39,2470,2470,1400-2-6,2021-04-26
121,گوهران,سرمايه گذاري توسعه گوهران اميد,358,1246942,8549999811,7051,6840,6990,-61,-0.87,7017,-34,-0.48,6840,7020,1400-2-6,2021-04-26
122,شرانل,نفت ايرانول,357,1746852,66784760977,38045,38394,38050,5,0.01,38231,186,0.49,37800,38580,1400-2-6,2021-04-26
123,كاريس,صندوق س.سپهر كاريزما-س,355,1084624,11214436329,10297,10120,10425,128,1.24,10339,42,0.41,10120,10450,1400-2-6,2021-04-26
124,ضسپا3004,اختيارخ خساپا-2500-1400/03/26,345,16757,630939000,33,39,38,5,15.15,38,5,15.15,23,58,1400-2-6,2021-04-26
125,ياقوت,صندوق س ياقوت آگاه-ثابت,342,2699193,33269136998,12327,12334,12318,-9,-0.07,12326,-1,-0.01,12305,12335,1400-2-6,2021-04-26
126,وسينا,بانك سينا,340,11886081,33421553760,2890,2810,2810,-80,-2.77,2840,-50,-1.73,2810,2860,1400-2-6,2021-04-26
127,ونفت,سرمايه‌گذاري‌ صنعت‌ نفت‌,340,1076772,15302103090,14590,14300,14250,-340,-2.33,14470,-120,-0.82,14160,14590,1400-2-6,2021-04-26
128,زملارد,كشاورزي و دامپروري ملارد شير,338,270600,10044401400,38266,37119,37119,-1147,-3,38028,-238,-0.62,37119,37119,1400-2-6,2021-04-26
129,ضخود2014,اختيارخ خودرو-1800-1400/02/08,331,21740,2289478000,109,100,100,-9,-8.26,105,-4,-3.67,66,120,1400-2-6,2021-04-26
130,كرماشا,صنايع پتروشيمي كرمانشاه,331,751987,26459998210,35010,34100,35240,230,0.66,35100,90,0.26,34100,35790,1400-2-6,2021-04-26
131,فاذر,صنايع‌ آذرآب‌,324,490803,11205032490,23530,22830,22830,-700,-2.97,23370,-160,-0.68,22830,22830,1400-2-6,2021-04-26
132,جم,پتروشيمي جم,320,583783,20855500010,35380,34400,36120,740,2.09,35450,70,0.2,34400,36120,1400-2-6,2021-04-26
133,آكورد,صندوق س. آرمان آتي كوثر-د,313,3976950,126352067578,31757,31774,31775,18,0.06,31771,14,0.04,31770,31775,1400-2-6,2021-04-26
134,كاردان,صندوق س تجارت شاخصي كاردان,313,95923,14041379480,142600,142550,147880,5280,3.7,146380,3780,2.65,142550,148000,1400-2-6,2021-04-26
135,جم پيلن,پلي پروپيلن جم - جم پيلن,310,339594,26732116670,77950,77500,79240,1290,1.65,78280,330,0.42,76010,79450,1400-2-6,2021-04-26
136,كنور,توسعه معدني و صنعتي صبانور,310,311866,14161600410,45420,45500,46550,1130,2.49,45420,0,0,44080,47460,1400-2-6,2021-04-26
137,شبصير,توليدات پتروشيمي قائد بصير,308,405835,26146553883,66091,64109,65299,-792,-1.2,65174,-917,-1.39,64109,67150,1400-2-6,2021-04-26
138,سپ,پرداخت الكترونيك سامان كيش,306,1438430,29636117180,20800,20180,20500,-300,-1.44,20680,-120,-0.58,20180,21000,1400-2-6,2021-04-26
139,سيدكو,سرمايه گذاري توسعه صنايع سيمان,299,3050103,18087799770,6110,5930,6000,-110,-1.8,6040,-70,-1.15,5930,6000,1400-2-6,2021-04-26
140,وخاور,بانك خاورميانه,297,3704859,30230928930,8240,8020,8230,-10,-0.12,8190,-50,-0.61,8000,8260,1400-2-6,2021-04-26
141,تسه9908,امتياز تسهيلات مسكن آبان99,287,3709,1946483630,507047,532399,532399,25352,5,524800,17753,3.5,501000,532399,1400-2-6,2021-04-26
142,سرود,سيمان‌شاهرود,286,1801765,34805302320,19830,19240,19260,-570,-2.87,19460,-370,-1.87,19240,19820,1400-2-6,2021-04-26
143,سخوز,سيمان خوزستان,282,594614,12948437060,22030,21500,21900,-130,-0.59,21960,-70,-0.32,21500,22360,1400-2-6,2021-04-26
144,شخارك,پتروشيمي‌ خارك‌,281,337199,14595839860,44240,43000,43490,-750,-1.7,44100,-140,-0.32,42920,43960,1400-2-6,2021-04-26
145,ارمغان,ص سرمايه گذاري ارمغان ايرانيان,280,8065748,82006025234,10146,10150,10176,30,0.3,10167,21,0.21,10145,10180,1400-2-6,2021-04-26
146,زعف0008پ20,زعفران0008نگين وحدت جام(پ),276,60113,7818035431,132036,131499,128503,-3533,-2.68,130056,-1980,-1.5,128000,132900,1400-2-6,2021-04-26
147,ضسپا3003,اختيارخ خساپا-2000-1400/03/26,257,8076,808606000,91,95,100,9,9.89,100,9,9.89,70,134,1400-2-6,2021-04-26
148,وسپه,سرمايه‌گذاري‌ سپه‌,254,1875335,12026600560,6590,6400,6500,-90,-1.37,6550,-40,-0.61,6400,6540,1400-2-6,2021-04-26
149,دالبرح,ح . البرزدارو,252,303033,2936331850,9640,9530,9830,190,1.97,9690,50,0.52,9450,10300,1400-2-6,2021-04-26
150,عيار,صندوق سكه طلاي مفيد,250,535381,13335959149,25254,25000,24621,-633,-2.51,24909,-345,-1.37,24600,25200,1400-2-6,2021-04-26
151,دعبيد,لابراتوارداروسازي‌  دكترعبيدي‌,244,399909,8995165720,22830,22160,22830,0,0,22770,-60,-0.26,22160,22850,1400-2-6,2021-04-26
152,شيراز,پتروشيمي‌شيراز,236,323327,17270176150,54360,52730,52730,-1630,-3,54190,-170,-0.31,52730,54400,1400-2-6,2021-04-26
153,تسه9910,امتياز تسهيلات مسكن دي99,235,2079,1100506791,510391,533451,535910,25519,5,529344,18953,3.71,502122,535910,1400-2-6,2021-04-26
154,تسه9909,امتياز تسهيلات مسكن آذر99,229,1894,998419164,512739,538375,538375,25636,5,527148,14409,2.81,491409,538375,1400-2-6,2021-04-26
155,وحكمت,بيمه حكمت صبا,227,3944951,13861262883,3579,3508,3510,-69,-1.93,3532,-47,-1.31,3508,3630,1400-2-6,2021-04-26
156,ضخود7076,اختيارخ خودرو-2500-1400/07/07,226,8617,1376597000,147,140,171,24,16.33,160,13,8.84,131,198,1400-2-6,2021-04-26
157,تنوين,تامين سرمايه نوين,224,3026908,20403096270,6790,6620,6800,10,0.15,6770,-20,-0.29,6610,6810,1400-2-6,2021-04-26
158,شصفها,پتروشيمي‌ اصفهان‌,216,140662,17072204479,120578,122770,122300,1722,1.43,121370,792,0.66,118206,122770,1400-2-6,2021-04-26
159,نهال,صندوق س. طلاي سرخ نوويرا,207,747103,7382387961,10108,10000,9869,-239,-2.36,9881,-227,-2.25,9706,10000,1400-2-6,2021-04-26
160,وشهر,بانك شهر,207,2405774,12718240635,5270,5129,5250,-20,-0.38,5276,6,0.11,5110,5380,1400-2-6,2021-04-26
161,واعتبار,سرمايه گذاري اعتبار ايران,205,6280493,49457721770,8110,7870,8020,-90,-1.11,7870,-240,-2.96,7870,8100,1400-2-6,2021-04-26
162,وثنو,سرمايه گذاري ساختماني نوين,202,1635529,8308926287,5340,5081,5073,-267,-5,5222,-118,-2.21,5073,5149,1400-2-6,2021-04-26
163,اطلس,صندوق س.توسعه اندوخته آينده-س,201,35561,7120986022,198032,198000,200008,1976,1,200247,2215,1.12,198000,202000,1400-2-6,2021-04-26
164,فيروزه,صندوق شاخص30 شركت فيروزه- سهام,196,42447,5438288440,126040,126110,129160,3120,2.48,128120,2080,1.65,126110,129380,1400-2-6,2021-04-26
165,آساس,صندوق س.آسمان آرماني سهام-س,195,86500,14181179430,163166,163000,164999,1833,1.12,163944,778,0.48,162501,165379,1400-2-6,2021-04-26
166,وصندوق,سرمايه‌گذاري‌صندوق‌بازنشستگي‌,195,3030110,42212360240,14360,13930,13930,-430,-2.99,14200,-160,-1.11,13930,14000,1400-2-6,2021-04-26
167,ثباغ,شهر سازي و خانه سازي باغميشه,193,790973,12311515141,16046,15565,15565,-481,-3,15924,-122,-0.76,15565,15580,1400-2-6,2021-04-26
168,سپيدما,صندوق س. سپيد دماوند-د,191,8533630,87191333197,10211,10216,10217,6,0.06,10217,6,0.06,10216,10222,1400-2-6,2021-04-26
169,بفجر,فجر انرژي خليج فارس,190,1963582,42287176810,22190,21550,21530,-660,-2.97,21700,-490,-2.21,21530,21940,1400-2-6,2021-04-26
170,ضسپا3002,اختيارخ خساپا-1800-1400/03/26,186,8335,1327226000,156,198,150,-6,-3.85,159,3,1.92,142,199,1400-2-6,2021-04-26
171,وخارزم,سرمايه گذاري خوارزمي,185,701398,3478934080,5110,4960,4960,-150,-2.94,5100,-10,-0.2,4960,4960,1400-2-6,2021-04-26
172,تسه9803,امتياز تسهيلات مسكن خرداد98,183,2531,1292314275,487677,500000,512060,24383,5,510594,22917,4.7,495000,512060,1400-2-6,2021-04-26
173,شپلي,پلي اكريل ايران,180,2566594,21402827366,8686,8339,8339,-347,-3.99,8339,-347,-3.99,8339,8339,1400-2-6,2021-04-26
174,تسه9907,امتياز تسهيلات مسكن مهر99,173,1938,1020470021,511715,493222,537300,25585,5,526558,14843,2.9,493222,537300,1400-2-6,2021-04-26
175,شيران,س. صنايع‌شيميايي‌ايران,173,341626,7590929720,22900,22220,22220,-680,-2.97,22840,-60,-0.26,22220,22220,1400-2-6,2021-04-26
176,حكشتي,كشتيراني جمهوري اسلامي ايران,173,296871,5186336370,18010,17470,17470,-540,-3,17990,-20,-0.11,17470,17470,1400-2-6,2021-04-26
177,آساميد,صندوق س.مشترك آسمان اميد -د,170,7199553,85916977589,11928,11933,11933,5,0.04,11934,6,0.05,11933,11941,1400-2-6,2021-04-26
178,تسه9802,امتياز تسهيلات مسكن ارديبهشت98,170,2965,1234127004,396546,390000,416373,19827,5,416232,19686,4.96,390000,416373,1400-2-6,2021-04-26
179,تسه9902,امتياز تسهيلات مسكن ارديبهشت99,168,2254,1193165946,514500,492129,540225,25725,5,529355,14855,2.89,492122,540225,1400-2-6,2021-04-26
180,خراسان,پتروشيمي خراسان,168,499914,34947999730,71860,69710,69710,-2150,-2.99,70500,-1360,-1.89,69710,71440,1400-2-6,2021-04-26
181,زعف0008پ16,زعفران0008نگين بيرجند(پ),167,77350,10071421976,132171,131999,129500,-2671,-2.02,130206,-1965,-1.49,128000,132500,1400-2-6,2021-04-26
182,مارون,پتروشيمي مارون,166,257600,38557610255,154225,150000,149599,-4626,-3,152397,-1828,-1.19,149599,152000,1400-2-6,2021-04-26
183,تسه9810,امتياز تسهيلات مسكن دي98,163,2589,1357144639,511851,490021,537443,25592,5,524196,12345,2.41,490001,537443,1400-2-6,2021-04-26
184,گوهر,صندوق سكه طلاي كيان,163,326508,15822836716,49489,48400,48980,-509,-1.03,48461,-1028,-2.08,48000,49150,1400-2-6,2021-04-26
185,سحرخيز,صندوق س. گروه زعفران سحرخيز,160,695861,6674769314,9703,9625,9638,-65,-0.67,9592,-111,-1.14,9550,9780,1400-2-6,2021-04-26
186,آسيا,بيمه آسيا,160,8852977,17883013540,2080,2020,2020,-60,-2.88,2060,-20,-0.96,2020,2020,1400-2-6,2021-04-26
187,ولانا,شركت ليزينگ آريا دانا,151,308839,12409151020,41854,40180,40180,-1674,-4,40749,-1105,-2.64,40180,40180,1400-2-6,2021-04-26
188,امين يكم2,صندوق درآمد ثابت امين يكم فردا,150,15000000,15000000,10062,1,1,-10061,-99.99,1,-10061,-99.99,1,1,1400-2-6,2021-04-26
189,بخاور,بيمه زندگي خاورميانه,147,685275,4582993116,6861,6657,6670,-191,-2.78,6845,-16,-0.23,6656,6799,1400-2-6,2021-04-26
190,سپاس,صندوق س. پاداش سهامداري-ثابت,147,5016648,50778835265,10118,10123,10122,4,0.04,10122,4,0.04,10122,10124,1400-2-6,2021-04-26
191,زپارس,ملي كشت و صنعت و دامپروري پارس,145,148992,23024417230,159200,154430,154440,-4760,-2.99,156960,-2240,-1.41,154430,158600,1400-2-6,2021-04-26
192,سكه0012پ04,تمام سكه طرح جديد0012صادرات,143,99300,97246074400,1001036,983611,978910,-22126,-2.21,979316,-21720,-2.17,978000,985000,1400-2-6,2021-04-26
193,ضخود2006,اختيارخ خودرو-2500-1400/02/08,143,6920,6920000,1,1,1,0,0,1,0,0,1,1,1400-2-6,2021-04-26
194,گشان,توسعه بين المللي پديده شانديز,142,195591,4888992636,25506,24996,24996,-510,-2,25338,-168,-0.66,24996,24996,1400-2-6,2021-04-26
195,ضخود7075,اختيارخ خودرو-2000-1400/07/07,140,5306,1714107000,300,291,320,20,6.67,323,23,7.67,291,381,1400-2-6,2021-04-26
196,زعف0008پ05,زعفران0008نگين زرين(پ),140,49164,6456692860,134178,129719,131000,-3178,-2.37,131330,-2848,-2.12,127000,133000,1400-2-6,2021-04-26
197,ماديرا,صنايع ماديران,138,1608501,12871225002,8249,8002,8002,-247,-2.99,8183,-66,-0.8,8002,8002,1400-2-6,2021-04-26
198,كاما,باما,137,684699,8387562750,12620,12250,12250,-370,-2.93,12560,-60,-0.48,12250,12250,1400-2-6,2021-04-26
199,وتوسم,سرمايه‌گذاري‌توسعه‌ملي‌,135,1898303,15623865580,8480,8230,8280,-200,-2.36,8400,-80,-0.94,8230,8290,1400-2-6,2021-04-26
200,صايند,صندوق س. گنجينه آينده روشن-د,133,594360,5896988310,9917,9925,9915,-2,-0.02,9922,5,0.05,9910,9945,1400-2-6,2021-04-26
201,زر,صندوق س.پشتوانه سكه طلاي زر,130,68871,2869986591,42204,41003,41614,-590,-1.4,41672,-532,-1.26,41003,42350,1400-2-6,2021-04-26
202,حفاري,حفاري شمال,130,1948053,13188318810,6970,6770,6770,-200,-2.87,6920,-50,-0.72,6770,6770,1400-2-6,2021-04-26
203,بترانس,ايران‌ ترانسفو,129,2274652,6414518640,2900,2820,2820,-80,-2.76,2890,-10,-0.34,2820,2820,1400-2-6,2021-04-26
204,تسه9904,امتياز تسهيلات مسكن تير99,125,836,440362105,511111,491111,536666,25555,5,526749,15638,3.06,491111,536666,1400-2-6,2021-04-26
205,دلر,داروسازي‌ اكسير,124,400401,14027085470,36110,35030,35050,-1060,-2.94,35800,-310,-0.86,35030,35460,1400-2-6,2021-04-26
206,دارا,صندوق س. دارا الگوريتم-د,123,2116414,21100930054,9969,9988,9970,1,0.01,9970,1,0.01,9950,9988,1400-2-6,2021-04-26
207,لبوتان,گروه‌صنعتي‌بوتان‌,119,206869,12251580160,61050,59220,59240,-1810,-2.96,60580,-470,-0.77,59220,60940,1400-2-6,2021-04-26
208,زرين,صندوق س. سهام زرين كوروش-س,118,324917,3079419663,9576,9540,9480,-96,-1,9478,-98,-1.02,9412,9601,1400-2-6,2021-04-26
209,سكه0112پ03,تمام سكه طرح جديد0112سامان,115,31400,30768732200,1001440,984001,978230,-23210,-2.32,979896,-21544,-2.15,977100,987475,1400-2-6,2021-04-26
210,بموتو,موتوژن‌,113,160710,8755480800,56160,54480,54480,-1680,-2.99,55860,-300,-0.53,54480,54480,1400-2-6,2021-04-26
211,تسه9906,امتياز تسهيلات مسكن شهريور99,111,1199,637744098,515812,510000,541602,25790,5,531897,16085,3.12,510000,541602,1400-2-6,2021-04-26
212,لوتوس,تامين سرمايه لوتوس پارسيان,110,371698,3430402420,9380,9140,9400,20,0.21,9370,-10,-0.11,9140,9400,1400-2-6,2021-04-26
213,غنوش,نوش‌ مازندران‌,108,62039,3331494300,57120,53700,53700,-3420,-5.99,56880,-240,-0.42,53700,53700,1400-2-6,2021-04-26
214,فباهنر,مس‌ شهيدباهنر,105,247362,6302783760,26260,25480,25480,-780,-2.97,26160,-100,-0.38,25480,25480,1400-2-6,2021-04-26
215,البرز,بيمه البرز,104,1983807,7042514850,3650,3550,3550,-100,-2.74,3640,-10,-0.27,3550,3550,1400-2-6,2021-04-26
216,تسه9905,امتياز تسهيلات مسكن مرداد99,102,1742,931127846,512963,490002,538611,25648,5,534517,21554,4.2,490002,538611,1400-2-6,2021-04-26
217,تسه9903,امتياز تسهيلات مسكن خرداد99,95,539,285157473,512717,492422,538352,25635,5,529049,16332,3.19,492422,538352,1400-2-6,2021-04-26
218,آبادا,توليد نيروي برق آبادان,94,74959,939985860,12920,12540,12540,-380,-2.94,12910,-10,-0.08,12540,12540,1400-2-6,2021-04-26
219,كخاك,صنايع‌خاك‌چيني‌ايران‌,94,143816,5714655930,40940,39720,40000,-940,-2.3,40800,-140,-0.34,39720,40300,1400-2-6,2021-04-26
220,وآرين,شركت توسعه اقتصادي آرين,93,4281204,15086962896,3670,3524,3524,-146,-3.98,3552,-118,-3.22,3524,3524,1400-2-6,2021-04-26
221,اخزا910,اسنادخزانه-م10بودجه99-020807,92,117973,71451048457,604491,604000,604011,-480,-0.08,605656,1165,0.19,603333,610000,1400-2-6,2021-04-26
222,فروي,ذوب روي اصفهان,90,56541,3357461121,61217,59381,59381,-1836,-3,61090,-127,-0.21,59381,59381,1400-2-6,2021-04-26
223,شفارا,پتروشيمي فارابي,90,2108395,7992925445,3868,3791,3791,-77,-1.99,3837,-31,-0.8,3791,3791,1400-2-6,2021-04-26
224,ثاخت,بين‌المللي‌توسعه‌ساختمان,88,4123130,9977974600,2490,2420,2420,-70,-2.81,2480,-10,-0.4,2420,2420,1400-2-6,2021-04-26
225,فاسمين,كالسيمين‌,85,549397,8279412790,15530,15070,15070,-460,-2.96,15450,-80,-0.52,15070,15070,1400-2-6,2021-04-26
226,ونيرو,سرمايه‌گذاري‌نيرو,85,891108,2272325400,2620,2550,2550,-70,-2.67,2620,0,0,2550,2550,1400-2-6,2021-04-26
227,تسه9901,امتياز تسهيلات مسكن فروردين99,84,666,351935235,511355,536922,536922,25567,5,528431,17076,3.34,506000,536922,1400-2-6,2021-04-26
228,فاراك,ماشين‌ سازي‌ اراك‌,84,1094520,2583067200,2430,2360,2360,-70,-2.88,2430,0,0,2360,2360,1400-2-6,2021-04-26
229,قشرين,قند شيرين خراسان,84,1384130,19065006620,14055,13774,13774,-281,-2,13774,-281,-2,13774,13774,1400-2-6,2021-04-26
230,سفارس,سيمان فارس و خوزستان,82,324589,5248604130,16670,16170,16170,-500,-3,16620,-50,-0.3,16170,16170,1400-2-6,2021-04-26
231,سمازن,سيمان‌مازندران‌,81,1849429,23765162650,13240,12850,12850,-390,-2.95,13040,-200,-1.51,12850,12850,1400-2-6,2021-04-26
232,سكه0011پ02,تمام سكه طرح جديد0011ملت,81,15100,14807373100,1000571,986000,982800,-17771,-1.78,980621,-19950,-1.99,978000,988009,1400-2-6,2021-04-26
233,وبازار,صندوق س شاخصي بازارآشنا,80,363959,3302135150,9030,8900,9100,70,0.78,9070,40,0.44,8880,9180,1400-2-6,2021-04-26
234,ثاميد,توسعه و عمران اميد,80,943991,1453746140,1580,1540,1540,-40,-2.53,1580,0,0,1540,1540,1400-2-6,2021-04-26
235,وسپهر,سرمايه گذاري مالي سپهرصادرات,79,122684,1241684764,10434,10121,10121,-313,-3,10431,-3,-0.03,10121,10121,1400-2-6,2021-04-26
236,ونيكي,سرمايه‌گذاري‌ ملي‌ايران‌,79,669714,5739448980,8830,8570,8570,-260,-2.94,8810,-20,-0.23,8570,8570,1400-2-6,2021-04-26
237,بكهنوج,توليد برق ماهتاب كهنوج,76,704501,1132133107,1656,1607,1607,-49,-2.96,1655,-1,-0.06,1607,1607,1400-2-6,2021-04-26
238,فيروزا,صندوق بادرآمد ثابت فيروزه آسيا,76,1463046,33096566995,22622,22602,22601,-21,-0.09,22622,0,0,22601,22849,1400-2-6,2021-04-26
239,تملت,تامين سرمايه بانك ملت,75,487144,2304191120,4870,4730,4730,-140,-2.87,4860,-10,-0.21,4730,4730,1400-2-6,2021-04-26
240,اخزا902,اسنادخزانه-م2بودجه99-011019,75,265946,189662063450,712212,711000,712012,-200,-0.03,713160,948,0.13,709179,714550,1400-2-6,2021-04-26
241,تسه9812,امتياز تسهيلات مسكن اسفند98,74,434,229161891,515020,500001,540771,25751,5,528023,13003,2.52,500001,540771,1400-2-6,2021-04-26
242,سبزوا,سيمان لار سبزوار,72,638390,2102218270,3394,3293,3293,-101,-2.98,3390,-4,-0.12,3293,3293,1400-2-6,2021-04-26
243,گكوثر,هتل پارسيان كوثر اصفهان,72,1314996,3012655836,2361,2291,2291,-70,-2.96,2357,-4,-0.17,2291,2291,1400-2-6,2021-04-26
244,سشمال,سيمان‌ شمال‌,71,1320493,13587872970,10600,10290,10290,-310,-2.92,10510,-90,-0.85,10290,10290,1400-2-6,2021-04-26
245,اخزا901,اسنادخزانه-م1بودجه99-010621,71,42241,32036941372,758394,756202,758989,595,0.08,758432,38,0.01,756202,760000,1400-2-6,2021-04-26
246,ثروتم,صندوق س. ثروت آفرين پارسيان-س,69,79870,5729458610,70651,71133,72170,1519,2.15,71735,1084,1.53,70777,72685,1400-2-6,2021-04-26
247,اخزا908,اسنادخزانه-م8بودجه99-020606,64,107033,66920804965,628470,624100,625000,-3470,-0.55,625235,-3235,-0.51,624000,626500,1400-2-6,2021-04-26
248,خودكفا,اقتصادي و خودكفايي آزادگان,63,142026,2606603178,18727,18353,18353,-374,-2,18702,-25,-0.13,18353,18353,1400-2-6,2021-04-26
249,شپترو,پتروشيمي آبادان,63,845143,4029641824,4966,4768,4768,-198,-3.99,4924,-42,-0.85,4768,4768,1400-2-6,2021-04-26
250,زعف0008پ08,زعفران0008نگين روستا(پ),63,9279,1220891224,134122,128888,129900,-4222,-3.15,131576,-2546,-1.9,128888,133500,1400-2-6,2021-04-26
251,خصدرا,صنعتي‌ دريايي‌ ايران‌,62,362037,995601750,2806,2750,2750,-56,-2,2804,-2,-0.07,2750,2750,1400-2-6,2021-04-26
252,وملي,گروه‌ صنعتي‌ ملي‌ (هلدينگ‌,62,16610,2776693700,172330,167170,167170,-5160,-2.99,172030,-300,-0.17,167170,167170,1400-2-6,2021-04-26
253,ضملي3002,اختيارخ فملي-10000-1400/03/02,60,1231,2210284000,1305,1799,1891,586,44.9,1796,491,37.62,1699,2000,1400-2-6,2021-04-26
254,سدشت,صنايع سيمان دشتستان,60,55000,4000700000,68630,72740,72740,4110,5.99,68930,300,0.44,72740,72740,1400-2-6,2021-04-26
255,تسه9809,امتياز تسهيلات مسكن آذر98,60,638,332606099,506091,480787,531395,25304,5,521326,15235,3.01,480787,531395,1400-2-6,2021-04-26
256,پلوله,گازلوله‌,58,421881,11767526733,26565,27893,27893,1328,5,27300,735,2.77,27893,27893,1400-2-6,2021-04-26
257,تسه9808,امتياز تسهيلات مسكن آبان98,58,519,270372538,501187,502487,526246,25059,5,520949,19762,3.94,490000,526246,1400-2-6,2021-04-26
258,پارسيان,بيمه پارسيان,58,1192450,11721783500,10130,9830,9830,-300,-2.96,10060,-70,-0.69,9830,9830,1400-2-6,2021-04-26
259,تسه9811,امتياز تسهيلات مسكن بهمن98,57,213,110940321,503341,513000,528508,25167,5,520847,17506,3.48,513000,528508,1400-2-6,2021-04-26
260,سامان,بانك سامان,57,1223447,10805483904,9012,8832,8832,-180,-2,8964,-48,-0.53,8832,8832,1400-2-6,2021-04-26
261,وآيند,بانك  آينده,56,163255,2569960210,16397,15742,15742,-655,-3.99,16379,-18,-0.11,15742,15742,1400-2-6,2021-04-26
262,تسه9806,امتياز تسهيلات مسكن شهريور98,55,454,240194985,507823,531460,530000,22177,4.37,529064,21241,4.18,490003,533214,1400-2-6,2021-04-26
263,سكرما,سيمان‌ كرمان‌,55,619804,9675150440,16090,15610,15610,-480,-2.98,15990,-100,-0.62,15610,15620,1400-2-6,2021-04-26
264,چدن,توليدي چدن سازان,55,94302,2245330620,24540,23810,23810,-730,-2.97,24510,-30,-0.12,23810,23810,1400-2-6,2021-04-26
265,امين,تامين سرمايه امين,55,62944,441237440,7220,7010,7010,-210,-2.91,7220,0,0,7010,7010,1400-2-6,2021-04-26
266,زعف0008پ10,زعفران0008نگين طلاي سرخ(پ),54,18035,2439451360,135763,135000,135990,227,0.17,135262,-501,-0.37,133008,135998,1400-2-6,2021-04-26
267,وپخش,داروپخش‌ (هلدينگ‌,53,16112,1514211840,96880,93980,93980,-2900,-2.99,96790,-90,-0.09,93980,94020,1400-2-6,2021-04-26
268,اخزا903,اسنادخزانه-م3بودجه99-011110,53,89807,63176916273,703809,702001,702331,-1478,-0.21,703474,-335,-0.05,702001,704900,1400-2-6,2021-04-26
269,تسه9804,امتياز تسهيلات مسكن تير98,51,660,348503500,506322,528000,531638,25316,5,528036,21714,4.29,508710,531638,1400-2-6,2021-04-26
270,زگلدشتح,ح.كشت و دام گلدشت نمونه اصفهان,51,266622,1853822766,7168,6953,6953,-215,-3,6953,-215,-3,6953,6953,1400-2-6,2021-04-26
271,تسه9805,امتياز تسهيلات مسكن مرداد98,51,502,266099531,513227,502130,538000,24773,4.83,530079,16852,3.28,502130,538888,1400-2-6,2021-04-26
272,زعف0008پ11,زعفران0008نگين سحرخيز(پ),50,32612,4326943224,133596,135500,130200,-3396,-2.54,132679,-917,-0.69,130199,135500,1400-2-6,2021-04-26
273,انرژي3,سايراشخاص بورس انرژي,50,3609,884277180,252590,245020,245020,-7570,-3,252480,-110,-0.04,245020,245020,1400-2-6,2021-04-26
274,وبشهر,توسعه‌ صنايع‌ بهشهر(هلدينگ,48,939001,10197550860,11190,10860,10860,-330,-2.95,11120,-70,-0.63,10860,10860,1400-2-6,2021-04-26
275,اخزا909,اسنادخزانه-م9بودجه99-020316,48,184859,121038079560,654845,652800,655000,155,0.02,654759,-86,-0.01,652800,655999,1400-2-6,2021-04-26
276,ضجار2002,اختيارخ وتجارت-2500-1400/02/22,47,1639,186515000,105,85,134,29,27.62,114,9,8.57,85,148,1400-2-6,2021-04-26
277,چكاپا,گروه صنايع كاغذ پارس,46,295055,1490027750,5200,5050,5050,-150,-2.88,5200,0,0,5050,5050,1400-2-6,2021-04-26
278,سشرق,سيمان‌ شرق‌,46,275007,1757294730,6580,6390,6390,-190,-2.89,6570,-10,-0.15,6390,6390,1400-2-6,2021-04-26
279,اتكاي,بيمه اتكايي ايرانيان,46,124254,2071758522,17176,16661,16681,-495,-2.88,17154,-22,-0.13,16661,16748,1400-2-6,2021-04-26
280,دارو,كارخانجات‌داروپخش‌,46,83953,2751139810,33780,32770,32770,-1010,-2.99,33720,-60,-0.18,32770,32770,1400-2-6,2021-04-26
281,ضخود7074,اختيارخ خودرو-1800-1400/07/07,46,2135,903737000,1,480,420,419,41900,423,422,42200,410,509,1400-2-6,2021-04-26
282,وسديد,گروه ‌صنعتي‌سديد,45,600642,1713030984,2910,2852,2852,-58,-1.99,2907,-3,-0.1,2852,2852,1400-2-6,2021-04-26
283,اخابر,مخابرات ايران,45,567376,5685107520,10320,10020,10020,-300,-2.91,10310,-10,-0.1,10020,10020,1400-2-6,2021-04-26
284,ضملي3003,اختيارخ فملي-12000-1400/03/02,45,610,346687000,409,700,697,288,70.42,568,159,38.88,100,750,1400-2-6,2021-04-26
285,فراز,صندوق س.سهام فراز داريك-س,45,167389,1712959745,10229,10234,10233,4,0.04,10233,4,0.04,10233,10235,1400-2-6,2021-04-26
286,ساراب,سيمان‌ داراب‌,43,286249,5805129720,20900,20280,20280,-620,-2.97,20830,-70,-0.33,20280,20280,1400-2-6,2021-04-26
287,ضملي7002,اختيارخ فملي-9720-1400/07/11,42,1370,3523549000,2306,2611,3000,694,30.1,2572,266,11.54,2500,3000,1400-2-6,2021-04-26
288,ضشنا2002,اختيارخ شپنا-12000-1400/02/27,41,1767,509584000,214,300,300,86,40.19,288,74,34.58,202,370,1400-2-6,2021-04-26
289,ضجار2003,اختيارخ وتجارت-3000-1400/02/22,41,1546,41336000,29,29,35,6,20.69,27,-2,-6.9,17,36,1400-2-6,2021-04-26
290,تسه9807,امتياز تسهيلات مسكن مهر98,40,263,139951595,507490,532864,530000,22510,4.44,532135,24645,4.86,520000,532864,1400-2-6,2021-04-26
291,ساروج,بين المللي ساروج بوشهر,40,349295,6481892474,18934,18556,18556,-378,-2,18808,-126,-0.67,18556,19000,1400-2-6,2021-04-26
292,عيار2,صندوق سكه طلاي مفيد,40,400000,400000,25254,1,1,-25253,-100,1,-25253,-100,1,1,1400-2-6,2021-04-26
293,كوير,توليدي فولاد سپيد فراب كوير,40,1206667,23952339950,20460,19850,19850,-610,-2.98,20290,-170,-0.83,19850,19850,1400-2-6,2021-04-26
294,آتيمس,صندوق س.آرمان آتيه درخشان مس-س,40,4165,731129023,175075,175003,175500,425,0.24,175541,466,0.27,174500,177440,1400-2-6,2021-04-26
295,خاتم,صندوق س خاتم ايساتيس پويا-ثابت,39,211064,2324490800,11008,11014,11015,7,0.06,11013,5,0.05,11010,11015,1400-2-6,2021-04-26
296,خزاميا,زامياد,39,186850,1687255500,9300,9030,9030,-270,-2.9,9290,-10,-0.11,9030,9030,1400-2-6,2021-04-26
297,كگهر,سنگ آهن گهرزمين,39,440482,19712450464,46136,44752,44752,-1384,-3,45901,-235,-0.51,44752,44752,1400-2-6,2021-04-26
298,ضشنا2003,اختيارخ شپنا-14000-1400/02/27,39,2328,93052000,41,36,48,7,17.07,40,-1,-2.44,31,60,1400-2-6,2021-04-26
299,اخزا817,اسنادخزانه-م17بودجه98-010512,38,66779,52203133121,782812,777000,782812,0,0,781730,-1082,-0.14,776222,785000,1400-2-6,2021-04-26
300,اخزا907,اسنادخزانه-م7بودجه99-020704,38,158492,97680274666,619814,614216,616893,-2921,-0.47,616310,-3504,-0.57,611180,618979,1400-2-6,2021-04-26
301,زعف0008پ18,زعفران0008نگين بهرامن(پ),38,6561,894518680,140873,134500,131500,-9373,-6.65,136339,-4534,-3.22,131500,140155,1400-2-6,2021-04-26
302,شستان,پتروشيمي گلستان,37,634204,2468321968,3971,3892,3892,-79,-1.99,3951,-20,-0.5,3892,3892,1400-2-6,2021-04-26
303,افق ملت,صندوق س در سهام افق ملت,37,13506,1622616600,120010,120000,121210,1200,1,120140,130,0.11,120000,122000,1400-2-6,2021-04-26
304,اوصتا,صندوق انديشه ورزان صباتامين -د,37,1220575,22538655530,18436,18449,18450,14,0.08,18466,30,0.16,18440,18466,1400-2-6,2021-04-26
305,رمپنا,گروه مپنا (سهامي عام),36,80172,1322036280,16990,16490,16490,-500,-2.94,16980,-10,-0.06,16490,16490,1400-2-6,2021-04-26
306,سمايه,بانك سرمايه,36,206333,993699728,5016,4816,4816,-200,-3.99,5006,-10,-0.2,4816,4816,1400-2-6,2021-04-26
307,پتاير,ايران‌ تاير,35,123383,439243480,3670,3560,3560,-110,-3,3670,0,0,3560,3560,1400-2-6,2021-04-26
308,ستران,سيمان‌ تهران‌,33,19930,454603300,23510,22810,22810,-700,-2.98,23500,-10,-0.04,22810,22810,1400-2-6,2021-04-26
309,سپر,صندوق س سپر سرمايه بيدار- ثابت,32,547552,6436501027,11753,11755,11755,2,0.02,11755,2,0.02,11755,11757,1400-2-6,2021-04-26
310,اخزا809,اسنادخزانه-م9بودجه98-000923,31,16297,14367136833,880111,880000,883000,2889,0.33,881582,1471,0.17,879772,883000,1400-2-6,2021-04-26
311,ما,بيمه  ما,31,140421,985755420,7230,7020,7020,-210,-2.9,7230,0,0,7020,7020,1400-2-6,2021-04-26
312,كزغال,زغال سنگ پروده طبس,31,19946,655106424,33859,32844,32844,-1015,-3,33845,-14,-0.04,32844,32844,1400-2-6,2021-04-26
313,اخزا808,اسنادخزانه-م8بودجه98-000817,31,15903,14309153295,898458,899959,900000,1542,0.17,899777,1319,0.15,899410,900000,1400-2-6,2021-04-26
314,بكام,كارخانجات توليدي شهيد قندي,30,294037,1129102080,3950,3840,3840,-110,-2.78,3950,0,0,3840,3840,1400-2-6,2021-04-26
315,غزر,صنعتي زر ماكارون,30,78218,2003162980,26400,25610,25610,-790,-2.99,26370,-30,-0.11,25610,25610,1400-2-6,2021-04-26
316,شلعابح,ح . لعابيران‌,30,228426,3151958520,14660,15400,13790,-870,-5.93,13800,-860,-5.87,13790,15400,1400-2-6,2021-04-26
317,فردا,صندوق س آواي فرداي زاگرس-ثابت,30,536031,5669882511,10574,10579,10577,3,0.03,10578,4,0.04,10577,10579,1400-2-6,2021-04-26
318,كرازي,كارخانجات‌توليدي‌شيشه‌رازي‌,29,83196,1876901760,23250,22560,22560,-690,-2.97,23220,-30,-0.13,22560,22560,1400-2-6,2021-04-26
319,وپويا,سرمايه گذاري پويا,28,647144,4137191592,6590,6393,6393,-197,-2.99,6573,-17,-0.26,6393,6393,1400-2-6,2021-04-26
320,پيزد,مجتمع صنايع لاستيك يزد,28,27462,1716402462,64434,62501,62501,-1933,-3,64365,-69,-0.11,62501,62501,1400-2-6,2021-04-26
321,وهور,مديريت انرژي اميد  تابان هور,27,158901,339571437,2203,2137,2137,-66,-3,2203,0,0,2137,2137,1400-2-6,2021-04-26
322,اخزا815,اسنادخزانه-م15بودجه98-010406,27,16464,13099105421,799018,798000,793073,-5945,-0.74,795621,-3397,-0.43,793050,799000,1400-2-6,2021-04-26
323,ضغدر3003,اختيارخ وغدير-9200-1400/03/26,27,877,943429000,1635,650,1200,-435,-26.61,1076,-559,-34.19,500,2500,1400-2-6,2021-04-26
324,وپترو,سرمايه‌گذاري صنايع پتروشيمي‌,27,486804,6571854000,13910,13500,13500,-410,-2.95,13850,-60,-0.43,13500,13500,1400-2-6,2021-04-26
325,واميد,گروه مديريت سرمايه گذاري اميد,26,705719,8708572460,12720,12340,12340,-380,-2.99,12690,-30,-0.24,12340,12340,1400-2-6,2021-04-26
326,صنوين,صندوق سرمايه‌گذاري صنوين-مختلط,26,7877,809885310,103370,102800,102780,-590,-0.57,102820,-550,-0.53,102700,103000,1400-2-6,2021-04-26
327,سپاها,سيمان‌سپاهان‌,26,391378,3174075580,8360,8110,8110,-250,-2.99,8340,-20,-0.24,8110,8110,1400-2-6,2021-04-26
328,باران,بيمه زندگي باران50%تاديه,26,212500,812600000,3713,3824,3824,111,2.99,3717,4,0.11,3824,3824,1400-2-6,2021-04-26
329,الماس,صندوق س.امين تدبيرگران فردا-س,26,2944,316926039,107953,107010,108480,527,0.49,107652,-301,-0.28,107010,108490,1400-2-6,2021-04-26
330,وبوعلي,سرمايه‌گذاري‌بوعلي‌,26,88385,496723700,5790,5620,5620,-170,-2.94,5790,0,0,5620,5620,1400-2-6,2021-04-26
331,درازك,دارويي‌ رازك‌,26,80313,2517009420,32300,31340,31340,-960,-2.97,32250,-50,-0.15,31340,31340,1400-2-6,2021-04-26
332,ثبهساز,بهساز كاشانه تهران,26,165494,370706560,2300,2240,2240,-60,-2.61,2300,0,0,2240,2240,1400-2-6,2021-04-26
333,سپيدار,سپيدار سيستم آسيا,25,8522,487270916,58946,57178,57178,-1768,-3,58928,-18,-0.03,57178,57178,1400-2-6,2021-04-26
334,فسرب,ملي‌ سرب‌وروي‌ ايران‌,25,13123,1006009180,79030,76660,76660,-2370,-3,78980,-50,-0.06,76660,76660,1400-2-6,2021-04-26
335,فرابورس,فرابورس ايران,25,10657,324558935,31396,30455,30455,-941,-3,31390,-6,-0.02,30455,30455,1400-2-6,2021-04-26
336,ختوقا,قطعات‌ اتومبيل‌ ايران‌,24,131515,327472350,2560,2490,2490,-70,-2.73,2560,0,0,2490,2490,1400-2-6,2021-04-26
337,كماسه,تامين‌ ماسه‌ ريخته‌گري‌,24,33817,1438575180,43850,42540,42540,-1310,-2.99,43810,-40,-0.09,42540,42540,1400-2-6,2021-04-26
338,خمحركه,نيرو محركه‌,24,115266,515239020,4600,4470,4470,-130,-2.83,4600,0,0,4470,4470,1400-2-6,2021-04-26
339,بذر,صندوق س بذر اميد آفرين-سهام,23,3550,329087610,92960,92250,92440,-520,-0.56,92700,-260,-0.28,92220,94000,1400-2-6,2021-04-26
340,دمعيار,صندوق س. توازن معيار-د,23,394990,3961989105,10025,10034,10030,5,0.05,10031,6,0.06,10029,10034,1400-2-6,2021-04-26
341,اخزا914,اسنادخزانه-م14بودجه99-021025,23,11013,6389759796,581189,580800,582990,1801,0.31,580202,-987,-0.17,579999,582990,1400-2-6,2021-04-26
342,ضخود7072,اختيارخ خودرو-1400-1400/07/07,23,516,375717000,702,720,720,18,2.56,728,26,3.7,701,780,1400-2-6,2021-04-26
343,ضترا3001,اختيارخ شتران-7000-1400/03/09,23,510,838700000,3172,1600,1670,-1502,-47.35,1645,-1527,-48.14,1600,1670,1400-2-6,2021-04-26
344,پكوير,كوير تاير,23,39253,490662500,12880,12500,12500,-380,-2.95,12880,0,0,12500,12500,1400-2-6,2021-04-26
345,وايرا,سرمايه گذاري صنايع ايران,23,509831,6535013758,13079,12818,12818,-261,-2,12990,-89,-0.68,12818,12818,1400-2-6,2021-04-26
346,رافزا,رايان هم افزا,23,238179,25304851497,109528,106243,106243,-3285,-3,107757,-1771,-1.62,106243,106243,1400-2-6,2021-04-26
347,ضفلا3003,اختيارخ فولاد-7133-1400/03/19,23,639,1562449000,2211,2600,2500,289,13.07,2445,234,10.58,2200,2600,1400-2-6,2021-04-26
348,نوين,بيمه نوين,23,155891,901517653,5961,5783,5783,-178,-2.99,5958,-3,-0.05,5783,5783,1400-2-6,2021-04-26
349,اخزا811,اسنادخزانه-م11بودجه98-001013,22,36308,31797397514,871269,872000,874000,2731,0.31,875768,4499,0.52,871999,884998,1400-2-6,2021-04-26
350,شوينده,مديريت صنعت شوينده ت.ص.بهشهر,22,18146,465989280,26470,25680,25680,-790,-2.98,26460,-10,-0.04,25680,25680,1400-2-6,2021-04-26
351,فخاس,فولاد خراسان,22,400646,10717280500,27570,26750,26750,-820,-2.97,27480,-90,-0.33,26750,26750,1400-2-6,2021-04-26
352,ضخود7077,اختيارخ خودرو-3000-1400/07/07,22,1113,82454000,64,75,69,5,7.81,74,10,15.63,64,85,1400-2-6,2021-04-26
353,شنفت,نفت‌ پارس‌,21,63766,3006566900,48600,47150,47150,-1450,-2.98,48510,-90,-0.19,47150,47150,1400-2-6,2021-04-26
354,اخزا905,اسنادخزانه-م5بودجه99-020218,21,55828,37088539206,664928,664928,664001,-927,-0.14,664336,-592,-0.09,663710,665000,1400-2-6,2021-04-26
355,غسالم,سالمين‌,21,79556,334930760,4340,4210,4210,-130,-3,4340,0,0,4210,4210,1400-2-6,2021-04-26
356,بسويچ,پارس‌سويچ‌,21,36906,1971887580,55080,53430,53430,-1650,-3,55010,-70,-0.13,53430,53430,1400-2-6,2021-04-26
357,ضمخا7066,اختيارخ اخابر-11700-1400/07/28,21,52,44958000,1019,1005,800,-219,-21.49,865,-154,-15.11,800,1198,1400-2-6,2021-04-26
358,اخزا713,اسنادخزانه-م13بودجه97-000518,21,3231,3051292510,944022,945000,944000,-22,0,944380,358,0.04,944000,949000,1400-2-6,2021-04-26
359,ولساپا,ليزينگ رايان‌ سايپا,20,124397,408022160,3380,3280,3280,-100,-2.96,3380,0,0,3280,3280,1400-2-6,2021-04-26
360,سيستم,همكاران سيستم,19,48486,1213119720,25790,25020,25020,-770,-2.99,25770,-20,-0.08,25020,25020,1400-2-6,2021-04-26
361,سمگا,گروه سرمايه گذاري ميراث فرهنگي,19,75747,2119855542,28851,27986,27986,-865,-3,28815,-36,-0.12,27986,27986,1400-2-6,2021-04-26
362,رتاپ,تجارت الكترونيك  پارسيان,19,180551,1222330270,6970,6770,6770,-200,-2.87,6960,-10,-0.14,6770,6770,1400-2-6,2021-04-26
363,غشهداب,كشت و صنعت شهداب ناب خراسان,19,314415,1212069825,3974,3855,3855,-119,-2.99,3971,-3,-0.08,3855,3855,1400-2-6,2021-04-26
364,ساربيل,سيمان آرتا اردبيل,19,150582,7911578280,54160,52540,52540,-1620,-2.99,53890,-270,-0.5,52540,52540,1400-2-6,2021-04-26
365,تملي710,تسهيلات مسكن ب. ملي-دي97,19,195,175753695,858382,901301,901301,42919,5,901301,42919,5,901301,901301,1400-2-6,2021-04-26
366,اخزا820,اسنادخزانه-م20بودجه98-020806,19,25555,15490539788,612562,607010,607000,-5562,-0.91,606165,-6397,-1.04,606111,609999,1400-2-6,2021-04-26
367,لابسا,آبسال‌,19,108884,5616236720,53170,51580,51580,-1590,-2.99,52990,-180,-0.34,51580,51580,1400-2-6,2021-04-26
368,قپيرا,فرآورده‌هاي‌غدايي‌وقندپيرانشهر,18,177275,17995185250,104640,101510,101510,-3130,-2.99,103480,-1160,-1.11,101510,101510,1400-2-6,2021-04-26
369,هجرتح,ح . پخش هجرت,18,18992,415776768,22478,23200,21804,-674,-3,21892,-586,-2.61,21804,23200,1400-2-6,2021-04-26
370,ورنا,سرمايه‌گذاري‌ رنا(هلدينگ‌,18,67119,359086650,5510,5350,5350,-160,-2.9,5510,0,0,5350,5350,1400-2-6,2021-04-26
371,حتايد,تايدواترخاورميانه,18,36314,929638400,26390,25600,25600,-790,-2.99,26370,-20,-0.08,25600,25600,1400-2-6,2021-04-26
372,غپينو,پارس‌ مينو,18,74092,457147640,6360,6170,6170,-190,-2.99,6360,0,0,6170,6170,1400-2-6,2021-04-26
373,كهمداح,ح . شيشه‌ همدان‌,18,316631,2438058700,7700,7700,7700,0,0,7700,0,0,7700,7700,1400-2-6,2021-04-26
374,قصفها,قنداصفهان‌,17,952,145398960,157450,152730,152730,-4720,-3,157440,-10,-0.01,152730,152730,1400-2-6,2021-04-26
375,تملي709,تسهيلات مسكن ب. ملي-آذر97,17,211,130188347,607647,577265,638029,30382,5,617006,9359,1.54,577265,638029,1400-2-6,2021-04-26
376,غپاك,لبنيات‌ پاك‌,17,14320,430459200,30980,30060,30060,-920,-2.97,30970,-10,-0.03,30060,30060,1400-2-6,2021-04-26
377,اخزا904,اسنادخزانه-م4بودجه99-011215,17,104817,72766454397,696690,692556,694655,-2035,-0.29,694224,-2466,-0.35,692555,695000,1400-2-6,2021-04-26
378,كروي,توسعه‌ معادن‌ روي‌ ايران‌,17,8517,228255600,27620,26800,26800,-820,-2.97,27620,0,0,26800,26800,1400-2-6,2021-04-26
379,تملي706,تسهيلات مسكن ب. ملي-شهريور97,17,419,246789853,563512,591687,591687,28175,5,588997,25485,4.52,563512,591687,1400-2-6,2021-04-26
380,شاروم,پتروشيمي اروميه,17,38337,730933242,19655,19066,19066,-589,-3,19646,-9,-0.05,19066,19066,1400-2-6,2021-04-26
381,چكارن,كارتن‌ ايران‌,17,108101,350247240,3330,3240,3240,-90,-2.7,3330,0,0,3240,3240,1400-2-6,2021-04-26
382,گنجين,صندوق س. گنجينه يكم آويد-د,17,34066,432796175,12694,12699,12708,14,0.11,12705,11,0.09,12695,12708,1400-2-6,2021-04-26
383,ثشاهد,سرمايه‌ گذاري‌ شاهد,17,13960,238995200,17640,17120,17120,-520,-2.95,17640,0,0,17120,17120,1400-2-6,2021-04-26
384,اخزا810,اسنادخزانه-م10بودجه98-001006,16,10432,9107346916,873882,873101,876033,2151,0.25,873020,-862,-0.1,862000,876999,1400-2-6,2021-04-26
385,صايپا012,صكوك مرابحه سايپا012-3ماهه 16%,16,160000,160000320000,1000002,1000002,1000002,0,0,1000002,0,0,1000002,1000002,1400-2-6,2021-04-26
386,ضملت3002,اختيارخ وبملت-4000-1400/03/19,16,211,99880000,373,449,460,87,23.32,473,100,26.81,400,499,1400-2-6,2021-04-26
387,ثمسكن,سرمايه‌گذاري‌ مسكن‌,16,64040,315076800,5070,4920,4920,-150,-2.96,5070,0,0,4920,4920,1400-2-6,2021-04-26
388,زعف0008پ15,زعفران0008پوشالمعمول طلاسرخ(پ),16,3907,384193842,102111,97006,97006,-5105,-5,98335,-3776,-3.7,97006,107000,1400-2-6,2021-04-26
389,غگلپا,شير پاستوريزه پگاه گلپايگان,16,22457,1482049715,68036,65995,65995,-2041,-3,67972,-64,-0.09,65995,65995,1400-2-6,2021-04-26
390,ضشنا2000,اختيارخ شپنا-9000-1400/02/27,16,310,571620000,1560,1420,1700,140,8.97,1844,284,18.21,1420,1880,1400-2-6,2021-04-26
391,تليسه,دامداري تليسه نمونه,16,73707,311633196,4358,4228,4228,-130,-2.98,4357,-1,-0.02,4228,4228,1400-2-6,2021-04-26
392,گوهر2,صندوق سكه طلاي كيان,15,150000,150000,49489,1,1,-49488,-100,1,-49488,-100,1,1,1400-2-6,2021-04-26
393,وصنا,گروه‌صنايع‌بهشهرايران‌,15,52078,285908220,5650,5490,5490,-160,-2.83,5650,0,0,5490,5490,1400-2-6,2021-04-26
394,ضشنا2001,اختيارخ شپنا-10000-1400/02/27,15,325,298330000,747,888,1000,253,33.87,918,171,22.89,710,1050,1400-2-6,2021-04-26
395,پست0008پ08,پسته فندقي32-30مه ولات0008(پ),15,1592,2552505992,1602343,1601000,1630000,27657,1.73,1603333,990,0.06,1600000,1669998,1400-2-6,2021-04-26
396,سخاش,سيمان‌خاش‌,15,71197,10760002610,155800,151130,151130,-4670,-3,154760,-1040,-0.67,151130,151130,1400-2-6,2021-04-26
397,قيستو,شركت قند بيستون,14,659869,11841349205,17255,17945,17945,690,4,17945,690,4,17945,17945,1400-2-6,2021-04-26
398,ضپاس2001,اختيارخ وپارس-2500-1400/02/29,14,615,56250000,93,50,100,7,7.53,91,-2,-2.15,50,150,1400-2-6,2021-04-26
399,اخزا812,اسنادخزانه-م12بودجه98-001111,14,3617,3111026859,860549,857003,859000,-1549,-0.18,860112,-437,-0.05,857003,863000,1400-2-6,2021-04-26
400,دزهراوي,داروسازي‌زهراوي‌,14,180733,1530808510,8730,8470,8470,-260,-2.98,8720,-10,-0.11,8470,8470,1400-2-6,2021-04-26
401,تايرا,تراكتورسازي‌ايران‌,14,45017,1224912570,28050,27210,27210,-840,-2.99,28030,-20,-0.07,27210,27210,1400-2-6,2021-04-26
402,اتكام,شركت بيمه اتكايي امين,14,152607,712216869,4811,4667,4667,-144,-2.99,4809,-2,-0.04,4667,4667,1400-2-6,2021-04-26
403,كالا,بورس كالاي ايران,14,10255,323442700,32510,31540,31540,-970,-2.98,32500,-10,-0.03,31540,31540,1400-2-6,2021-04-26
404,فولاژ,فولاد آلياژي ايران,14,10069,189297200,19380,18800,18800,-580,-2.99,19380,0,0,18800,18800,1400-2-6,2021-04-26
405,شلعاب,لعابيران‌,13,5951,126577770,21920,21270,21270,-650,-2.97,21920,0,0,21270,21270,1400-2-6,2021-04-26
406,غويتا,ويتانا,13,13562,236399222,17970,17431,17431,-539,-3,17967,-3,-0.02,17431,17431,1400-2-6,2021-04-26
407,شگل,گلتاش‌,13,27288,267968160,10120,9820,9820,-300,-2.96,10120,0,0,9820,9820,1400-2-6,2021-04-26
408,غبشهر,صنعتي‌ بهشهر,13,13170,323718600,25340,24580,24580,-760,-3,25330,-10,-0.04,24580,24580,1400-2-6,2021-04-26
409,اخزا720,اسنادخزانه-م20بودجه97-000324,13,1064,1036948660,974681,976999,975450,769,0.08,974576,-105,-0.01,973601,976999,1400-2-6,2021-04-26
410,كبافق,معادن‌ بافق‌,13,10642,516349840,50020,48520,48520,-1500,-3,50000,-20,-0.04,48520,48520,1400-2-6,2021-04-26
411,ساوه,سيمان ساوه,13,2852,161848148,58504,56749,56749,-1755,-3,58498,-6,-0.01,56749,56749,1400-2-6,2021-04-26
412,كحافظ,كاشي‌ وسراميك‌ حافظ‌,13,14359,167138760,11990,11640,11640,-350,-2.92,11990,0,0,11640,11640,1400-2-6,2021-04-26
413,دشيمي,شيمي‌ داروئي‌ داروپخش‌,13,140799,4190178240,30680,29760,29760,-920,-3,30600,-80,-0.26,29760,29760,1400-2-6,2021-04-26
414,اميد,تامين سرمايه اميد,13,23337,175727610,7760,7530,7530,-230,-2.96,7760,0,0,7530,7530,1400-2-6,2021-04-26
415,وپست,پست بانك ايران,13,55410,1164718200,21670,21020,21020,-650,-3,21650,-20,-0.09,21020,21020,1400-2-6,2021-04-26
416,برن0003پ01,برنج طارم0003تجارت مازندران(پ),13,1160,320395000,275772,275500,276500,728,0.26,276203,431,0.16,275500,282000,1400-2-6,2021-04-26
417,داروح,ح . كارخانجات‌داروپخش,13,55967,1567076000,24140,28000,28000,3860,15.99,28000,3860,15.99,28000,28000,1400-2-6,2021-04-26
418,شپارس,بين‌ المللي‌ محصولات‌  پارس‌,13,64054,1390612340,22380,21710,21710,-670,-2.99,22360,-20,-0.09,21710,21710,1400-2-6,2021-04-26
419,اخزا814,اسنادخزانه-م14بودجه98-010318,13,16513,13293225204,805792,805798,804106,-1686,-0.21,805016,-776,-0.1,803003,805884,1400-2-6,2021-04-26
420,والبر,سرمايه‌ گذاري‌ البرز(هلدينگ‌,13,7915,132972000,17310,16800,16800,-510,-2.95,17310,0,0,16800,16800,1400-2-6,2021-04-26
421,تبرك,گروه كارخانجات صنعتي تبرك,12,331947,6408236835,19902,19305,19305,-597,-3,19823,-79,-0.4,19305,19305,1400-2-6,2021-04-26
422,كهمدا,شيشه‌ همدان‌,12,32924,324959880,10170,9870,9870,-300,-2.95,10170,0,0,9870,9870,1400-2-6,2021-04-26
423,شراز,پالايش نفت شيراز,12,2304,252350208,112914,109527,109527,-3387,-3,112896,-18,-0.02,109527,109527,1400-2-6,2021-04-26
424,ضصاد3001,اختيارخ وبصادر-2000-1400/03/12,12,431,115820000,300,250,260,-40,-13.33,269,-31,-10.33,250,290,1400-2-6,2021-04-26
425,بزاگرس,نيروگاه زاگرس كوثر,12,10623,73776735,7159,6945,6945,-214,-2.99,7159,0,0,6945,6945,1400-2-6,2021-04-26
426,زدشت,كشت و صنعت دشت خرم دره,11,31351,895854825,29458,28575,28575,-883,-3,29442,-16,-0.05,28575,28575,1400-2-6,2021-04-26
427,اخزا721,اسنادخزانه-م21بودجه97-000728,11,5562,5047427710,907849,908500,908000,151,0.02,907484,-365,-0.04,906600,908800,1400-2-6,2021-04-26
428,فلوله,لوله‌وماشين‌سازي‌ايران‌,11,29836,642369080,22190,21530,21530,-660,-2.97,22180,-10,-0.05,21530,21530,1400-2-6,2021-04-26
429,اعتلا,شركت سرمايه گذاري اعتلاء البرز,11,20217,142428765,7262,7045,7045,-217,-2.99,7261,-1,-0.01,7045,7045,1400-2-6,2021-04-26
430,وبيمه,سرمايه‌ گذاري‌ صنعت‌ بيمه‌,11,41938,114071360,2800,2720,2720,-80,-2.86,2800,0,0,2720,2720,1400-2-6,2021-04-26
431,سصوفي,سيمان‌ صوفيان‌,11,10900,210370000,19890,19300,19300,-590,-2.97,19890,0,0,19300,19300,1400-2-6,2021-04-26
432,ثرود,سرمايه‌گذاري مسكن زاينده رود,11,20240,416053440,21191,20556,20556,-635,-3,21186,-5,-0.02,20556,20556,1400-2-6,2021-04-26
433,خبازرس,بازرسي مهندسي و صنعتي ايران,11,100986,3161568702,31945,31307,31307,-638,-2,31841,-104,-0.33,31307,31307,1400-2-6,2021-04-26
434,فوكا,فولاد كاويان,11,25887,302929674,11940,11702,11702,-238,-1.99,11937,-3,-0.03,11702,11702,1400-2-6,2021-04-26
435,سخواف,سيمان مجد خواف,11,4790,77483040,16849,16176,16176,-673,-3.99,16846,-3,-0.02,16176,16176,1400-2-6,2021-04-26
436,سقاين,سيمان‌ قائن‌,11,5691,398654550,72210,70050,70050,-2160,-2.99,72190,-20,-0.03,70050,70050,1400-2-6,2021-04-26
437,شاوان,پالايش نفت لاوان,11,3021,255884742,87321,84702,84702,-2619,-3,87307,-14,-0.02,84702,84702,1400-2-6,2021-04-26
438,وثوق,سرمايه گذاري وثوق امين,10,21275,384290325,18431,18063,18063,-368,-2,18424,-7,-0.04,18063,18063,1400-2-6,2021-04-26
439,آكورد2,صندوق س. آرمان آتي كوثر-د,10,1000000,1000000,31757,1,1,-31756,-100,1,-31756,-100,1,1,1400-2-6,2021-04-26
440,اخزا806,اسنادخزانه-م6بودجه98-000519,10,11920,11247128498,945053,943001,947699,2646,0.28,943551,-1502,-0.16,943000,947699,1400-2-6,2021-04-26
441,شكف,كف,10,982,97355480,103270,99140,99140,-4130,-4,103229,-41,-0.04,99140,99140,1400-2-6,2021-04-26
442,تكنار,مجتمع معادن مس تكنار,10,667,75318307,117626,112921,112921,-4705,-4,117608,-18,-0.02,112921,112921,1400-2-6,2021-04-26
443,ضملي3004,اختيارخ فملي-14000-1400/03/02,10,292,37547000,94,169,120,26,27.66,129,35,37.23,95,169,1400-2-6,2021-04-26
444,كفرآور,فرآورده هاي سيمان شرق,10,13463,305367766,23627,22682,22682,-945,-4,23612,-15,-0.06,22682,22682,1400-2-6,2021-04-26
445,ضصاد3002,اختيارخ وبصادر-2500-1400/03/12,10,385,29015000,95,65,75,-20,-21.05,75,-20,-21.05,65,80,1400-2-6,2021-04-26
446,كفپارس,فرآورده‌هاي‌ نسوز پارس‌,10,144931,650740190,4620,4490,4490,-130,-2.81,4620,0,0,4490,4490,1400-2-6,2021-04-26
447,بنيرو,نيروترانس‌,10,53906,789183840,15090,14640,14640,-450,-2.98,15080,-10,-0.07,14640,14640,1400-2-6,2021-04-26
448,درهآور,دارويي ره آورد تامين,10,4473,230520528,53129,51536,51536,-1593,-3,53121,-8,-0.02,51536,51536,1400-2-6,2021-04-26
449,حريل,ريل پردازسير,10,20790,112723380,5589,5422,5422,-167,-2.99,5589,0,0,5422,5422,1400-2-6,2021-04-26
450,لپارس,پارس‌ الكتريك‌,10,1267,114093350,92830,90050,90050,-2780,-2.99,92820,-10,-0.01,90050,90050,1400-2-6,2021-04-26
451,چخزر,صنايع چوب خزر كاسپين,10,1027,53728532,53933,52316,52316,-1617,-3,53931,-2,0,52316,52316,1400-2-6,2021-04-26
452,ودي,بيمه  دي,10,9951,205846386,21325,20686,20686,-639,-3,21322,-3,-0.01,20686,20686,1400-2-6,2021-04-26
453,جوين,كشت و صنعت جوين,10,140271,690133320,5020,4920,4920,-100,-1.99,5016,-4,-0.08,4920,4920,1400-2-6,2021-04-26
454,اراد33,مرابحه عام دولت3-ش.خ 0303,10,105000,91353250000,882997,870000,870100,-12897,-1.46,870031,-12966,-1.47,870000,870100,1400-2-6,2021-04-26
455,كاسپين,داروسازي كاسپين تامين,9,309570,7840169820,26109,25326,25326,-783,-3,25982,-127,-0.49,25326,25326,1400-2-6,2021-04-26
456,ضپيك2008,اختيارخ تاپيكو-9000-00/02/19,9,73,106696000,1850,1400,1799,-51,-2.76,1462,-388,-20.97,1300,1800,1400-2-6,2021-04-26
457,ملت,بيمه ملت,9,18280,276942000,15610,15150,15150,-460,-2.95,15610,0,0,15150,15150,1400-2-6,2021-04-26
458,پرديس,سرمايه گذاري پرديس,9,18803,99091810,5430,5270,5270,-160,-2.95,5430,0,0,5270,5270,1400-2-6,2021-04-26
459,غبهنوش,بهنوش‌ ايران‌,9,4457,309494080,71580,69440,69440,-2140,-2.99,71570,-10,-0.01,69440,69440,1400-2-6,2021-04-26
460,ساروم,سيمان‌اروميه‌,9,7193,282972620,40550,39340,39340,-1210,-2.98,40540,-10,-0.02,39340,39340,1400-2-6,2021-04-26
461,ثنور,سرمايه گذاري كوه نور,9,65835,628460910,9740,9546,9546,-194,-1.99,9734,-6,-0.06,9546,9546,1400-2-6,2021-04-26
462,ددام,داروسازي زاگرس فارمد پارس,9,150234,3225523980,22130,21470,21470,-660,-2.98,22090,-40,-0.18,21470,21470,1400-2-6,2021-04-26
463,اخزا813,اسنادخزانه-م13بودجه98-010219,9,28048,22990239004,818764,813013,814000,-4764,-0.58,819675,911,0.11,813013,820000,1400-2-6,2021-04-26
464,ساينا,صنايع بهداشتي ساينا,8,3700,544451300,151700,147149,147149,-4551,-3,151648,-52,-0.03,147149,147149,1400-2-6,2021-04-26
465,دانا,بيمه دانا,8,47315,304708600,6630,6440,6440,-190,-2.87,6630,0,0,6440,6440,1400-2-6,2021-04-26
466,ختور,رادياتور ايران‌,8,10126,193204080,19660,19080,19080,-580,-2.95,19660,0,0,19080,19080,1400-2-6,2021-04-26
467,فروس,فروسيليس‌ ايران‌,8,13880,71065600,5270,5120,5120,-150,-2.85,5270,0,0,5120,5120,1400-2-6,2021-04-26
468,بورس,بورس اوراق بهادار تهران,8,2084,71251960,35240,34190,34190,-1050,-2.98,35240,0,0,34190,34190,1400-2-6,2021-04-26
469,خكار,ايركا پارت صنعت,8,5816,123648160,21910,21260,21260,-650,-2.97,21910,0,0,21260,21260,1400-2-6,2021-04-26
470,شپاكسا,پاكسان‌,8,3748,101495840,27910,27080,27080,-830,-2.97,27910,0,0,27080,27080,1400-2-6,2021-04-26
471,دقاضيح,ح . داروسازي شهيد قاضي,8,3775,125333990,34519,34200,33139,-1380,-4,33201,-1318,-3.82,33139,34200,1400-2-6,2021-04-26
472,ضسپا3001,اختيارخ خساپا-1600-1400/03/26,8,216,79823000,270,500,355,85,31.48,370,100,37.04,333,500,1400-2-6,2021-04-26
473,اخزا807,اسنادخزانه-م7بودجه98-000719,8,2904,2654328119,911254,912600,912600,1346,0.15,914025,2771,0.3,911500,919000,1400-2-6,2021-04-26
474,وتوصا,گروه س توسعه صنعتي ايران,8,30590,367080000,12370,12000,12000,-370,-2.99,12370,0,0,12000,12000,1400-2-6,2021-04-26
475,زگلدشت,كشت و دام گلدشت نمونه اصفهان,8,42956,583428392,14002,13582,13582,-420,-3,13997,-5,-0.04,13582,13582,1400-2-6,2021-04-26
476,گدنا,تهيه توزيع غذاي دنا آفرين فدك,8,1327,43706072,33954,32936,32936,-1018,-3,33953,-1,0,32936,32936,1400-2-6,2021-04-26
477,ركيش,كارت اعتباري ايران كيش,8,524,12088680,23780,23070,23070,-710,-2.99,23780,0,0,23070,23070,1400-2-6,2021-04-26
478,دتماد,توليدمواداوليه‌داروپخش‌,8,250420,11123656400,45790,44420,44420,-1370,-2.99,45480,-310,-0.68,44420,44420,1400-2-6,2021-04-26
479,شسينا,صنايع‌شيميايي‌سينا,8,688,88469920,132560,128590,128590,-3970,-2.99,132550,-10,-0.01,128590,128590,1400-2-6,2021-04-26
480,لكما,كارخانجات‌مخابراتي‌ايران‌,8,23006,138059006,6123,6001,6001,-122,-1.99,6122,-1,-0.02,6001,6001,1400-2-6,2021-04-26
481,بمپنا,توليد برق عسلويه  مپنا,8,5267,364223584,71290,69152,69152,-2138,-3,71274,-16,-0.02,69152,69152,1400-2-6,2021-04-26
482,بساما,بيمه سامان,8,2382,53261520,23051,22360,22360,-691,-3,23050,-1,0,22360,22360,1400-2-6,2021-04-26
483,ضسپا3000,اختيارخ خساپا-1400-1400/03/26,8,150,84940000,447,510,570,123,27.52,566,119,26.62,510,579,1400-2-6,2021-04-26
484,ضترا3002,اختيارخ شتران-8000-1400/03/09,7,23,21191000,1222,998,900,-322,-26.35,921,-301,-24.63,900,998,1400-2-6,2021-04-26
485,ضغدر3002,اختيارخ وغدير-8200-1400/03/26,7,22,46600000,1768,2200,2050,282,15.95,2118,350,19.8,2050,2200,1400-2-6,2021-04-26
486,ولپارس,ليزينگ پارسيان,7,67515,328122900,5010,4860,4860,-150,-2.99,5010,0,0,4860,4860,1400-2-6,2021-04-26
487,ضخود7073,اختيارخ خودرو-1600-1400/07/07,7,288,167075000,654,600,555,-99,-15.14,580,-74,-11.31,550,600,1400-2-6,2021-04-26
488,فزرين,زرين معدن آسيا,7,3958,103786676,27032,26222,26222,-810,-3,27030,-2,-0.01,26222,26222,1400-2-6,2021-04-26
489,قاسم,قاسم ايران,7,11244,142495212,13064,12673,12673,-391,-2.99,13063,-1,-0.01,12673,12673,1400-2-6,2021-04-26
490,فاما,صنعتي‌ آما,7,2977,53615770,18560,18010,18010,-550,-2.96,18560,0,0,18010,18010,1400-2-6,2021-04-26
491,رنيك,جنرال مكانيك,7,2606,56432930,22324,21655,21655,-669,-3,22323,-1,0,21655,21655,1400-2-6,2021-04-26
492,سباقر,سيمان باقران,7,9894,160540044,16557,16226,16226,-331,-2,16554,-3,-0.02,16226,16226,1400-2-6,2021-04-26
493,زشگزا,شير و گوشت زاگرس شهركرد,7,9139,73029749,8238,7991,7991,-247,-3,8238,0,0,7991,7991,1400-2-6,2021-04-26
494,ضپاس2000,اختيارخ وپارس-2000-1400/02/29,7,97,38584000,376,390,423,47,12.5,398,22,5.85,390,423,1400-2-6,2021-04-26
495,اخزا821,اسنادخزانه-م21بودجه98-020906,7,10074,6094263569,606010,591110,599999,-6011,-0.99,604950,-1060,-0.17,591110,606000,1400-2-6,2021-04-26
496,فسا,پتروشيمي فسا,7,32615,55478115,1771,1701,1701,-70,-3.95,1771,0,0,1701,1701,1400-2-6,2021-04-26
497,اخزا722,اسنادخزانه-م22بودجه97-000428,7,5820,5561648395,955441,955441,955000,-441,-0.05,955610,169,0.02,955000,956500,1400-2-6,2021-04-26
498,كدما,معدني‌ دماوند,7,294,43212120,151520,146980,146980,-4540,-3,151520,0,0,146980,146980,1400-2-6,2021-04-26
499,خفولا,خدمات فني فولاد يزد,7,7588,325714900,43801,42925,42925,-876,-2,43786,-15,-0.03,42925,42925,1400-2-6,2021-04-26
500,خمهر,مهركام‌پارس‌,7,37207,88180590,2440,2370,2370,-70,-2.87,2440,0,0,2370,2370,1400-2-6,2021-04-26
501,دابور,داروسازي‌ ابوريحان‌,7,132022,5011555120,39130,37960,37960,-1170,-2.99,39010,-120,-0.31,37960,37960,1400-2-6,2021-04-26
502,آپ,آسان پرداخت پرشين,7,103214,1746380880,17440,16920,16920,-520,-2.98,17420,-20,-0.11,16920,16920,1400-2-6,2021-04-26
503,لسرما,سرما آفرين‌,7,23003,541490620,24260,23540,23540,-720,-2.97,24250,-10,-0.04,23540,23540,1400-2-6,2021-04-26
504,ضملت3001,اختيارخ وبملت-3500-1400/03/19,7,75,61895000,603,790,850,247,40.96,825,222,36.82,780,870,1400-2-6,2021-04-26
505,ديران,ايران‌دارو,7,7384,189473440,26450,25660,25660,-790,-2.99,26450,0,0,25660,25660,1400-2-6,2021-04-26
506,وتوس,توسعه‌شهري‌توس‌گستر,6,8000,107120000,13800,13390,13390,-410,-2.97,13800,0,0,13390,13390,1400-2-6,2021-04-26
507,چفيبر,فيبر ايران‌,6,35001,471113460,13870,13460,13460,-410,-2.96,13870,0,0,13460,13460,1400-2-6,2021-04-26
508,قنيشا,قند  نيشابور,6,5357,347080030,66790,64790,64790,-2000,-2.99,66780,-10,-0.01,64790,64790,1400-2-6,2021-04-26
509,دكپسول,توليد ژلاتين كپسول ايران,6,1130,36510300,33309,32310,32310,-999,-3,33308,-1,0,32310,32310,1400-2-6,2021-04-26
510,كيسون,شركت كيسون,6,17614,199513778,11558,11327,11327,-231,-2,11556,-2,-0.02,11327,11327,1400-2-6,2021-04-26
511,تاپكيش,تجارت الكترونيك پارسيان كيش,6,3718,65667316,18208,17662,17662,-546,-3,18207,-1,-0.01,17662,17662,1400-2-6,2021-04-26
512,دامين,داروسازي‌ امين‌,6,15280,77622400,5230,5080,5080,-150,-2.87,5230,0,0,5080,5080,1400-2-6,2021-04-26
513,غگز,گز سكه,6,300000,6060000000,20200,20200,20200,0,0,20200,0,0,20200,20200,1400-2-6,2021-04-26
514,شكلر,نيروكلر,6,2039,95221300,48140,46700,46700,-1440,-2.99,48140,0,0,46700,46700,1400-2-6,2021-04-26
515,وهنر,گروه توسعه هنر ايران,6,164400,1351039200,8385,8218,8218,-167,-1.99,8373,-12,-0.14,8218,8218,1400-2-6,2021-04-26
516,سخند,صندوق س.سپهرخبرگان نفت-د,6,13930,140823780,10099,10110,10110,11,0.11,10109,10,0.1,10104,10110,1400-2-6,2021-04-26
517,شاملا,معدني‌ املاح‌  ايران‌,6,1350,65745000,50200,48700,48700,-1500,-2.99,50200,0,0,48700,48700,1400-2-6,2021-04-26
518,وآفري,بيمه كارآفرين,6,804739,2628277574,3332,3266,3266,-66,-1.98,3323,-9,-0.27,3266,3266,1400-2-6,2021-04-26
519,تكنو,تكنوتار,6,69235,1480936650,22050,21390,21390,-660,-2.99,22030,-20,-0.09,21390,21390,1400-2-6,2021-04-26
520,وآذر,سرمايه‌گذاري‌توسعه‌آذربايجان‌,6,1922,157411800,84430,81900,81900,-2530,-3,84420,-10,-0.01,81900,81900,1400-2-6,2021-04-26
521,ضجار2001,اختيارخ وتجارت-2000-1400/02/22,6,230,117370000,479,460,558,79,16.49,510,31,6.47,460,558,1400-2-6,2021-04-26
522,ثاصفا,شركت‌ ساختمان‌ اصفهان‌,6,4000,108908000,27782,27227,27227,-555,-2,27779,-3,-0.01,27227,27227,1400-2-6,2021-04-26
523,ضپاس2003,اختيارخ وپارس-3500-1400/02/29,6,209,1081000,5,9,5,0,0,5,0,0,5,9,1400-2-6,2021-04-26
524,كپارس,كاشي‌ پارس‌,6,1594,239036240,154590,149960,149960,-4630,-3,154570,-20,-0.01,149960,149960,1400-2-6,2021-04-26
525,زشريف,كشت وصنعت شريف آباد,6,62902,317906708,5210,5054,5054,-156,-2.99,5209,-1,-0.02,5054,5054,1400-2-6,2021-04-26
526,زعف0008پ19,زعفران0008نگين تروند قاينات(پ),6,466,61367300,131220,131889,132490,1270,0.97,131689,469,0.36,129500,132490,1400-2-6,2021-04-26
527,واتي,سرمايه‌ گذاري‌ آتيه‌ دماوند,6,4806,48492540,10400,10090,10090,-310,-2.98,10400,0,0,10090,10090,1400-2-6,2021-04-26
528,خديزل,بهمن  ديزل,6,3775,143295225,39132,37959,37959,-1173,-3,39129,-3,-0.01,37959,37959,1400-2-6,2021-04-26
529,اراد50,مرابحه عام دولت5-ش.خ0302,6,85000,85000050000,1000001,1000000,1000000,-1,0,1000001,0,0,1000000,1000001,1400-2-6,2021-04-26
530,سهگمت,سيمان‌هگمتان‌,6,4154,100319100,24890,24150,24150,-740,-2.97,24890,0,0,24150,24150,1400-2-6,2021-04-26
531,سفار,سيمان‌فارس‌,5,50000,7499000000,154610,149980,149980,-4630,-2.99,153890,-720,-0.47,149980,149980,1400-2-6,2021-04-26
532,توريل,توكاريل,5,2215,54077010,25169,24414,24414,-755,-3,25168,-1,0,24414,24414,1400-2-6,2021-04-26
533,اخزا805,اسنادخزانه-م5بودجه98-000422,5,162,155455600,959096,960000,961000,1904,0.2,959602,506,0.05,956600,961000,1400-2-6,2021-04-26
534,وسبحان,سرمايه گذاري سبحان,5,18849,56301963,3079,2987,2987,-92,-2.99,3079,0,0,2987,2987,1400-2-6,2021-04-26
535,خرينگ,رينگ‌سازي‌مشهد,5,1238,63063720,52510,50940,50940,-1570,-2.99,52510,0,0,50940,50940,1400-2-6,2021-04-26
536,كشم0006پ02,كشمش تيزابي0006تاكستان(پ),5,1188,253782720,215200,215220,204440,-10760,-5,213622,-1578,-0.73,204440,215220,1400-2-6,2021-04-26
537,شپاس,نفت پاسارگاد,5,36100,755284200,21569,20922,20922,-647,-3,21559,-10,-0.05,20922,20922,1400-2-6,2021-04-26
538,ولتجار,واسپاري تجارت وسرمايه ايرانيان,5,50000,404800000,8261,8096,8096,-165,-2,8258,-3,-0.04,8096,8096,1400-2-6,2021-04-26
539,غگرجي,بيسكويت‌  گرجي‌,5,1786,32040840,18490,17940,17940,-550,-2.97,18490,0,0,17940,17940,1400-2-6,2021-04-26
540,ثفارس,عمران‌وتوسعه‌فارس‌,5,15985,155853750,10050,9750,9750,-300,-2.99,10050,0,0,9750,9750,1400-2-6,2021-04-26
541,سيمرغ,سيمرغ,5,3089,54767970,18270,17730,17730,-540,-2.96,18270,0,0,17730,17730,1400-2-6,2021-04-26
542,دلقما,دارويي‌ لقمان‌,5,4796,120379600,25870,25100,25100,-770,-2.98,25870,0,0,25100,25100,1400-2-6,2021-04-26
543,سدور,سيمان‌ دورود,5,2776,52161040,19370,18790,18790,-580,-2.99,19370,0,0,18790,18790,1400-2-6,2021-04-26
544,تصميم2,صندوق س با درآمد ثابت تصميم,5,4500000,4500000,16204,1,1,-16203,-99.99,1,-16203,-99.99,1,1,1400-2-6,2021-04-26
545,زعف0008پ09,زعفران0008نگين نوين(پ),5,733,95053149,132141,130000,132580,439,0.33,129677,-2464,-1.86,127863,132580,1400-2-6,2021-04-26
546,غدشت,دشت‌ مرغاب‌,5,1955,547341350,288620,279970,279970,-8650,-3,288520,-100,-0.03,279970,279970,1400-2-6,2021-04-26
547,كلر,كلر پارس,5,1085,141909320,134837,130792,130792,-4045,-3,134825,-12,-0.01,130792,130792,1400-2-6,2021-04-26
548,كسرا,سراميك‌هاي‌صنعتي‌اردكان‌,5,4748,95957080,20830,20210,20210,-620,-2.98,20830,0,0,20210,20210,1400-2-6,2021-04-26
549,دفرا,فرآورده‌هاي‌ تزريقي‌ ايران‌,5,838,21385760,26300,25520,25520,-780,-2.97,26300,0,0,25520,25520,1400-2-6,2021-04-26
550,كسرام,پارس‌ سرام‌,5,5566,44973280,8320,8080,8080,-240,-2.88,8320,0,0,8080,8080,1400-2-6,2021-04-26
551,پكرمان,گروه‌ صنعتي‌ بارز,5,5250,131355000,25790,25020,25020,-770,-2.99,25790,0,0,25020,25020,1400-2-6,2021-04-26
552,ختراك,ريخته‌گري‌ تراكتورسازي‌ ايران‌,5,126582,1915185660,15590,15130,15130,-460,-2.95,15570,-20,-0.13,15130,15130,1400-2-6,2021-04-26
553,وبهمن,سرمايه‌گذاري‌بهمن‌,5,7874,111968280,14650,14220,14220,-430,-2.94,14650,0,0,14220,14220,1400-2-6,2021-04-26
554,شكبير,پتروشيمي اميركبير,5,50160,4365123840,88799,87024,87024,-1775,-2,88720,-79,-0.09,87024,87024,1400-2-6,2021-04-26
555,تپكو,توليدتجهيزات‌سنگين‌هپكو,5,16073,85411922,5422,5314,5314,-108,-1.99,5422,0,0,5314,5314,1400-2-6,2021-04-26
556,شجم,صنايع پتروشيمي تخت جمشيد,5,7675,77671000,10326,10120,10120,-206,-1.99,10325,-1,-0.01,10120,10120,1400-2-6,2021-04-26
557,كمنگنز,معادن‌منگنزايران‌,5,608,52196800,88500,85850,85850,-2650,-2.99,88500,0,0,85850,85850,1400-2-6,2021-04-26
558,سغرب,سيمان‌غرب‌,5,735,25372200,35580,34520,34520,-1060,-2.98,35580,0,0,34520,34520,1400-2-6,2021-04-26
559,زبينا,كشاورزي و دامپروري بينالود,5,26888,101986184,3910,3793,3793,-117,-2.99,3910,0,0,3793,3793,1400-2-6,2021-04-26
560,كگاز,شيشه‌ و گاز,5,2317,42215740,18780,18220,18220,-560,-2.98,18780,0,0,18220,18220,1400-2-6,2021-04-26
561,دتوزيع,توزيع دارو پخش,5,185419,9310629666,51767,50214,50214,-1553,-3,51467,-300,-0.58,50214,50214,1400-2-6,2021-04-26
562,فپنتا,سپنتا,5,675,266638500,407230,395020,395020,-12210,-3,407160,-70,-0.02,395020,395020,1400-2-6,2021-04-26
563,ضپاس2002,اختيارخ وپارس-3000-1400/02/29,5,73,2650000,21,17,38,17,80.95,36,15,71.43,17,39,1400-2-6,2021-04-26
564,اخزا818,اسنادخزانه-م18بودجه98-010614,4,12787,9929875000,774824,775000,776995,2171,0.28,776560,1736,0.22,775000,776995,1400-2-6,2021-04-26
565,زقيام,كشت و دام قيام اصفهان,4,10735,301857465,28988,28119,28119,-869,-3,28983,-5,-0.02,28119,28119,1400-2-6,2021-04-26
566,شتولي,تولي‌پرس‌,4,1654,52655090,33161,31835,31835,-1326,-4,33154,-7,-0.02,31835,31835,1400-2-6,2021-04-26
567,اخزا911,اسنادخزانه-م11بودجه99-020906,4,11910,7050791550,595004,592010,597990,2986,0.5,592006,-2998,-0.5,592000,597990,1400-2-6,2021-04-26
568,سكرد,سيمان كردستان,4,3618,34371000,9790,9500,9500,-290,-2.96,9790,0,0,9500,9500,1400-2-6,2021-04-26
569,دقاضي,داروسازي شهيد قاضي,4,75150,3140743950,43534,41793,41793,-1741,-4,43249,-285,-0.65,41793,41793,1400-2-6,2021-04-26
570,غمارگ,مارگارين‌,4,2465,75182500,31440,30500,30500,-940,-2.99,31440,0,0,30500,30500,1400-2-6,2021-04-26
571,پلاست,كارخانجات توليدي پلاستيران,4,10090,711778870,71982,70543,70543,-1439,-2,71930,-52,-0.07,70543,70543,1400-2-6,2021-04-26
572,وسرضوي,س.سهام عدالت استان خراسان رضوي,4,15679,15679000,1030,1000,1000,-30,-2.91,1030,0,0,1000,1000,1400-2-6,2021-04-26
573,دفارا,داروسازي‌ فارابي‌,4,650,41229500,65390,63430,63430,-1960,-3,65390,0,0,63430,63430,1400-2-6,2021-04-26
574,افاد82,منفعت دولت8-ش.خاص لوتوس0205,4,2000,1690010000,850000,830010,860000,10000,1.18,845005,-4995,-0.59,830010,860000,1400-2-6,2021-04-26
575,پخش,پخش البرز,4,7746,243433542,32398,31427,31427,-971,-3,32393,-5,-0.02,31427,31427,1400-2-6,2021-04-26
576,دتوليد,داروسازي توليد دارو,4,1281,33262446,26769,25966,25966,-803,-3,26768,-1,0,25966,25966,1400-2-6,2021-04-26
577,هجرت,پخش هجرت,4,3382,92521374,28203,27357,27357,-846,-3,28201,-2,-0.01,27357,27357,1400-2-6,2021-04-26
578,وسخوز,شركت س استان خوزستان,4,28292,26877400,970,950,950,-20,-2.06,970,0,0,950,950,1400-2-6,2021-04-26
579,فرآور,فرآوري‌موادمعدني‌ايران‌,4,100000,3414000000,35190,34140,34140,-1050,-2.98,35120,-70,-0.2,34140,34140,1400-2-6,2021-04-26
580,بالاس,مهندسي ساختمان تاسيسات راه آهن,4,2699,151049535,57695,55965,55965,-1730,-3,57690,-5,-0.01,55965,55965,1400-2-6,2021-04-26
581,زير0003پ02,زيره سبز0003 دانش(پ),4,70,34785364,564667,497000,497000,-67667,-11.98,496934,-67733,-12,496878,497000,1400-2-6,2021-04-26
582,پسهند,صنايع‌ لاستيكي‌  سهند,4,410,16477900,41430,40190,40190,-1240,-2.99,41430,0,0,40190,40190,1400-2-6,2021-04-26
583,نگين,ص.س. زمين و ساختمان نگين شهرري,4,918,43648860,47570,47530,47550,-20,-0.04,47550,-20,-0.04,47530,47550,1400-2-6,2021-04-26
584,كطبس,ذغال‌سنگ‌ نگين‌ ط‌بس‌,4,261,20681640,81690,79240,79240,-2450,-3,81690,0,0,79240,79240,1400-2-6,2021-04-26
585,وگردش,بانك گردشگري,4,2115,35299350,17030,16690,16690,-340,-2,17030,0,0,16690,16690,1400-2-6,2021-04-26
586,ومعلم,بيمه معلم,4,8950,43309050,4988,4839,4839,-149,-2.99,4988,0,0,4839,4839,1400-2-6,2021-04-26
587,شكربن,كربن‌ ايران‌,4,1550,131967000,87770,85140,85140,-2630,-3,87760,-10,-0.01,85140,85140,1400-2-6,2021-04-26
588,تكمبا,كمباين‌ سازي‌ ايران‌,4,12550,96886000,7950,7720,7720,-230,-2.89,7950,0,0,7720,7720,1400-2-6,2021-04-26
589,نمرينو,ايران‌ مرينوس‌,4,1389,152692770,113320,109930,109930,-3390,-2.99,113310,-10,-0.01,109930,109930,1400-2-6,2021-04-26
590,سفاسي,شركت فارسيت اهواز,4,15862,224225232,14424,14136,14136,-288,-2,14421,-3,-0.02,14136,14136,1400-2-6,2021-04-26
591,حفارس,حمل و نقل بين المللي خليج فارس,4,11683,54793270,4830,4690,4690,-140,-2.9,4830,0,0,4690,4690,1400-2-6,2021-04-26
592,اراد61,مرابحه عام دولت61-ش.خ0309,4,40000,40000000000,1000000,1000000,1000000,0,0,1000000,0,0,1000000,1000000,1400-2-6,2021-04-26
593,زكوثر,سرمايه گذاري كشاورزي كوثر,4,1003,21073030,21650,21010,21010,-640,-2.96,21650,0,0,21010,21010,1400-2-6,2021-04-26
594,ضمخا7070,اختيارخ اخابر-19700-1400/07/28,4,14,8302000,326,300,886,560,171.78,593,267,81.9,300,886,1400-2-6,2021-04-26
595,قشكر,شكرشاهرود,4,14300,53339000,3840,3730,3730,-110,-2.86,3840,0,0,3730,3730,1400-2-6,2021-04-26
596,سنوين,سرمايه گذاري اقتصاد نوين,3,2740,24048980,9142,8777,8777,-365,-3.99,9142,0,0,8777,8777,1400-2-6,2021-04-26
597,گكيش,توريستي ورفاهي آبادگران كيش,3,7473,356222964,48640,47668,47668,-972,-2,48622,-18,-0.04,47668,47668,1400-2-6,2021-04-26
598,وگستر,گسترش سرمايه گذاري ايرانيان,3,1526,28552986,19289,18711,18711,-578,-3,19289,0,0,18711,18711,1400-2-6,2021-04-26
599,وتوكا,سرمايه‌گذاري‌توكافولاد(هلدينگ,3,2533,29382800,11950,11600,11600,-350,-2.93,11950,0,0,11600,11600,1400-2-6,2021-04-26
600,ومشان,س. فني و مهندسي مشانير,3,657,46373688,72024,70584,70584,-1440,-2,72021,-3,0,70584,70584,1400-2-6,2021-04-26
601,ثنوسا,نوسازي‌وساختمان‌تهران‌,3,2400,30264000,13000,12610,12610,-390,-3,13000,0,0,12610,12610,1400-2-6,2021-04-26
602,ضملت3003,اختيارخ وبملت-4500-1400/03/19,3,75,13716000,250,150,180,-70,-28,183,-67,-26.8,180,184,1400-2-6,2021-04-26
603,دجابر,داروسازي‌ جابرابن‌حيان‌,3,1056,20739840,20240,19640,19640,-600,-2.96,20240,0,0,19640,19640,1400-2-6,2021-04-26
604,قجام,فرآوردههاي غذايي وقندتربت‌جام‌,3,4500,72630000,16469,16140,16140,-329,-2,16467,-2,-0.01,16140,16140,1400-2-6,2021-04-26
605,اخزا804,اسنادخزانه-م4بودجه98-000421,3,3654,3507835000,958502,960000,959000,498,0.05,959999,1497,0.16,959000,960000,1400-2-6,2021-04-26
606,وتعاون,بيمه  تعاون,3,3355,20757385,6313,6187,6187,-126,-2,6313,0,0,6187,6187,1400-2-6,2021-04-26
607,كساوه,صنايع‌ كاشي‌ و سراميك‌ سينا,3,366,25052700,70560,68450,68450,-2110,-2.99,70560,0,0,68450,68450,1400-2-6,2021-04-26
608,فلامي,لاميران‌,3,12467,542314500,44840,43500,43500,-1340,-2.99,44830,-10,-0.02,43500,43500,1400-2-6,2021-04-26
609,خعمرا,توسعه و عمران شهرستان نائين,3,801,18740997,22716,23397,23397,681,3,22717,1,0,23397,23397,1400-2-6,2021-04-26
610,ريشمك,توليد و صادرات ريشمك,3,1370,75881560,57101,55388,55388,-1713,-3,57098,-3,-0.01,55388,55388,1400-2-6,2021-04-26
611,ضبدر3003,اختيارخ شبندر-4270-1400/03/30,3,4,12180000,4215,3045,3045,-1170,-27.76,3045,-1170,-27.76,3045,3045,1400-2-6,2021-04-26
612,دسينا,داروسازي‌ سينا,3,1229,28463640,23870,23160,23160,-710,-2.97,23870,0,0,23160,23160,1400-2-6,2021-04-26
613,زفكا,كشت و دامداري فكا,3,5254,66541910,13056,12665,12665,-391,-2.99,13055,-1,-0.01,12665,12665,1400-2-6,2021-04-26
614,خپويش,سازه‌ پويش‌,3,835,48864200,60320,58520,58520,-1800,-2.98,60320,0,0,58520,58520,1400-2-6,2021-04-26
615,سجام,مجتمع سيمان غرب آسيا,3,7144,31640776,4519,4429,4429,-90,-1.99,4519,0,0,4429,4429,1400-2-6,2021-04-26
616,كپرور,فرآوري زغال سنگ پروده طبس,3,1291,46097737,36811,35707,35707,-1104,-3,36810,-1,0,35707,35707,1400-2-6,2021-04-26
617,تمحركه,ماشين سازي نيرو محركه,3,5406,135852780,25642,25130,25130,-512,-2,25638,-4,-0.02,25130,25130,1400-2-6,2021-04-26
618,كوثر,بيمه كوثر,3,12668,180316312,14674,14234,14234,-440,-3,14672,-2,-0.01,14234,14234,1400-2-6,2021-04-26
619,غالبر,لبنيات‌ كالبر,3,1679,32941980,20220,19620,19620,-600,-2.97,20220,0,0,19620,19620,1400-2-6,2021-04-26
620,كترام,توليدي‌ كاشي‌ تكسرام‌,3,20120,948054400,48570,47120,47120,-1450,-2.99,48540,-30,-0.06,47120,47120,1400-2-6,2021-04-26
621,ضفلا3004,اختيارخ فولاد-8560-1400/03/19,3,71,62943000,813,880,902,89,10.95,887,74,9.1,880,903,1400-2-6,2021-04-26
622,خنصير,مهندسي‌نصيرماشين‌,3,297,31262220,108510,105260,105260,-3250,-3,108510,0,0,105260,105260,1400-2-6,2021-04-26
623,آ س پ,آ.س.پ,3,2720,42576160,16137,15653,15653,-484,-3,16137,0,0,15653,15653,1400-2-6,2021-04-26
624,غفارس,شير پاستوريزه پگاه فارس,3,2633,46843703,18341,17791,17791,-550,-3,18340,-1,-0.01,17791,17791,1400-2-6,2021-04-26
625,دالبر,البرزدارو,3,6000,87060000,14950,14510,14510,-440,-2.94,14950,0,0,14510,14510,1400-2-6,2021-04-26
626,غشصفا,شيرپاستوريزه‌پگاه‌اصفهان‌,3,2405,65319800,28000,27160,27160,-840,-3,28000,0,0,27160,27160,1400-2-6,2021-04-26
627,وكادو,تكادو,3,3090,49687200,16408,16080,16080,-328,-2,16407,-1,-0.01,16080,16080,1400-2-6,2021-04-26
628,ضملي3001,اختيارخ فملي-9000-1400/03/02,3,7,18866000,2567,2666,2700,133,5.18,2695,128,4.99,2666,2700,1400-2-6,2021-04-26
629,كاذر,فرآورده‌هاي‌نسوزآذر,3,342,10865340,32750,31770,31770,-980,-2.99,32750,0,0,31770,31770,1400-2-6,2021-04-26
630,جهرم,پتروشيمي جهرم,3,12123,21106143,1776,1741,1741,-35,-1.97,1776,0,0,1741,1741,1400-2-6,2021-04-26
631,افرا,افرانت,3,730,24294400,34309,33280,33280,-1029,-3,34308,-1,0,33280,33280,1400-2-6,2021-04-26
632,كمينا,شيشه سازي مينا,3,6410,158070600,25163,24660,24660,-503,-2,25159,-4,-0.02,24660,24660,1400-2-6,2021-04-26
633,بتك,كارخانجات كابل سازي‌ تك‌,3,900,32038200,34229,35598,35598,1369,4,34233,4,0.01,35598,35598,1400-2-6,2021-04-26
634,خكاوه,سايپا ديزل,3,17000,60367000,3623,3551,3551,-72,-1.99,3623,0,0,3551,3551,1400-2-6,2021-04-26
635,نطرين,عطرين نخ قم,3,10175,119759750,12134,11770,11770,-364,-3,12133,-1,-0.01,11770,11770,1400-2-6,2021-04-26
636,تكشا,گسترش‌صنايع‌وخدمات‌كشاورزي‌,3,412,18577080,46480,45090,45090,-1390,-2.99,46480,0,0,45090,45090,1400-2-6,2021-04-26
637,اپرداز,آتيه داده پرداز,3,1061,21956334,21334,20694,20694,-640,-3,21334,0,0,20694,20694,1400-2-6,2021-04-26
638,لخزر,پارس‌ خزر,3,182,32923800,186490,180900,180900,-5590,-3,186490,0,0,180900,180900,1400-2-6,2021-04-26
639,غصينو,صنعتي مينو,3,678,44672742,67926,65889,65889,-2037,-3,67925,-1,0,65889,65889,1400-2-6,2021-04-26
640,اخزا718,اسنادخزانه-م18بودجه97-000525,2,359,337567707,948028,940301,940300,-7728,-0.82,940300,-7728,-0.82,940300,940301,1400-2-6,2021-04-26
641,بكاب,صنايع‌جوشكاب‌يزد,2,34,11886740,360420,349610,349610,-10810,-3,360420,0,0,349610,349610,1400-2-6,2021-04-26
642,كتوكا,توليدي و خدمات صنايع نسوز توكا,2,261,9878067,39017,37847,37847,-1170,-3,39017,0,0,37847,37847,1400-2-6,2021-04-26
643,شزنگ,تجهيزنيروي‌زنگان‌,2,203,45718239,234596,225213,225213,-9383,-4,234574,-22,-0.01,225213,225213,1400-2-6,2021-04-26
644,طخود2005,اختيارف خودرو-2000-1400/02/08,2,31,3221000,4,100,111,107,2675,104,100,2500,100,111,1400-2-6,2021-04-26
645,سخزر,سيمان‌ خزر,2,1500,44325000,30460,29550,29550,-910,-2.99,30460,0,0,29550,29550,1400-2-6,2021-04-26
646,زنگان,صنعت روي زنگان,2,700,70946400,104486,101352,101352,-3134,-3,104481,-5,0,101352,101352,1400-2-6,2021-04-26
647,ساذري,آذريت‌,2,133,801192,5849,6024,6024,175,2.99,5849,0,0,6024,6024,1400-2-6,2021-04-26
648,كقزوي,شيشه‌ قزوين‌,2,1100,11041800,10242,10038,10038,-204,-1.99,10242,0,0,10038,10038,1400-2-6,2021-04-26
649,افران2,صندوق س افرا نماد پايدار-ثابت,2,10000000,10000000,13166,1,1,-13165,-99.99,1,-13165,-99.99,1,1,1400-2-6,2021-04-26
650,سدبير,س. تدبيرگران فارس وخوزستان,2,806,69914052,89424,86742,86742,-2682,-3,89420,-4,0,86742,86742,1400-2-6,2021-04-26
651,بنو,بيمه تجارت نو,2,1057,32697238,31890,30934,30934,-956,-3,31889,-1,0,30934,30934,1400-2-6,2021-04-26
652,فن آوا,گروه فن آوا,2,20500,367155000,18275,17910,17910,-365,-2,18268,-7,-0.04,17910,17910,1400-2-6,2021-04-26
653,وسگيلا,شركت س استان گيلان,2,76680,57510000,770,750,750,-20,-2.6,770,0,0,750,750,1400-2-6,2021-04-26
654,صخود412,ص مرابحه خودرو412- 3ماهه 18%,2,32,31840000,995000,995000,995000,0,0,995000,0,0,995000,995000,1400-2-6,2021-04-26
655,كمرجان,بازرگاني و توليدي مرجان كار,2,141,20096166,146934,142526,142526,-4408,-3,146932,-2,0,142526,142526,1400-2-6,2021-04-26
656,خفناور,مهندسي صنعتي روان فن آور,2,4392,204289488,48452,46514,46514,-1938,-4,48431,-21,-0.04,46514,46514,1400-2-6,2021-04-26
657,پلاسك,پلاسكوكار,2,4500,32670000,7480,7260,7260,-220,-2.94,7480,0,0,7260,7260,1400-2-6,2021-04-26
658,اراد434,مرابحه عام دولت4-ش.خ 0205,2,3136000,2952998720000,955460,941690,941600,-13860,-1.45,941645,-13815,-1.45,941600,941690,1400-2-6,2021-04-26
659,كپشير,پشم‌شيشه‌ايران‌,2,200,7756000,39970,38780,38780,-1190,-2.98,39970,0,0,38780,38780,1400-2-6,2021-04-26
660,اخزا9092,اسنادخزانه-م9بودجه99-020316,2,243446,159335407000,654845,654500,654500,-345,-0.05,654500,-345,-0.05,654500,654500,1400-2-6,2021-04-26
661,اراد424,مرابحه عام دولت4-ش.خ 0106,2,18252652,17459775049772,1056250,956338,956784,-99466,-9.42,956561,-99689,-9.44,956338,956784,1400-2-6,2021-04-26
662,فلات,گروه صنايع معادن فلات ايرانيان,2,330,5060220,15646,15334,15334,-312,-1.99,15646,0,0,15334,15334,1400-2-6,2021-04-26
663,ثاباد,توريستي ورفاهي آبادگران ايران,2,203,10677800,54220,52600,52600,-1620,-2.99,54220,0,0,52600,52600,1400-2-6,2021-04-26
664,نهال2,صندوق س. طلاي سرخ نوويرا,2,200000,200000,10108,1,1,-10107,-99.99,1,-10107,-99.99,1,1,1400-2-6,2021-04-26
665,افاد1,منفعت دولت-با شرايط خاص140006,2,200,208000000,1028750,1030000,1050000,21250,2.07,1040000,11250,1.09,1030000,1050000,1400-2-6,2021-04-26
666,وسيستا,شركت س استان سيستان وبلوچستان,2,20313,15031620,760,740,740,-20,-2.63,760,0,0,740,740,1400-2-6,2021-04-26
667,ثعمرا,عمران و توسعه شاهد,2,799,10115340,13051,12660,12660,-391,-3,13051,0,0,12660,12660,1400-2-6,2021-04-26
668,زعف0008پ12,زعفران0008پوشالمعمول سحرخيز(پ),2,160,15520960,94514,97006,97006,2492,2.64,97006,2492,2.64,97006,97006,1400-2-6,2021-04-26
669,داسوه,داروسازي‌ اسوه‌,2,2500,90550000,37330,36220,36220,-1110,-2.97,37330,0,0,36220,36220,1400-2-6,2021-04-26
670,فولاي,صنايع فولاد آلياژي يزد,2,320,15877120,51150,49616,49616,-1534,-3,51149,-1,0,49616,49616,1400-2-6,2021-04-26
671,مرقام,ايران‌ارقام‌,2,600,11364000,19520,18940,18940,-580,-2.97,19520,0,0,18940,18940,1400-2-6,2021-04-26
672,اراد404,مرابحه عام دولت4-ش.خ 0207,2,2094000,1894994616000,1000000,904928,905000,-95000,-9.5,904964,-95036,-9.5,904928,905000,1400-2-6,2021-04-26
673,سنفت001,سلف موازي استاندارد سنفت001,2,87620,100017967140,1141013,1141497,1141497,484,0.04,1141497,484,0.04,1141497,1141497,1400-2-6,2021-04-26
674,اراد414,مرابحه عام دولت4-ش.خ 0006,2,2000000,1978949000000,992500,989873,989076,-3424,-0.34,989474,-3026,-0.3,989076,989873,1400-2-6,2021-04-26
675,وليز,ليزينگ‌ايران‌,2,5293,49013180,9540,9260,9260,-280,-2.94,9540,0,0,9260,9260,1400-2-6,2021-04-26
676,زمگسا,كشاورزي‌ ودامپروي‌ مگسال‌,2,349,11000480,32490,31520,31520,-970,-2.99,32490,0,0,31520,31520,1400-2-6,2021-04-26
677,غمينو,شركت صنايع غذايي مينو شرق,2,1437,15934893,11431,11089,11089,-342,-2.99,11431,0,0,11089,11089,1400-2-6,2021-04-26
678,وحافظ,بيمه حافظ,2,200,12635000,65807,63175,63175,-2632,-4,65804,-3,0,63175,63175,1400-2-6,2021-04-26
679,مفاخر,توسعه فناوري اطلاعات خوارزمي,2,3902,245506036,64863,62918,62918,-1945,-3,64853,-10,-0.02,62918,62918,1400-2-6,2021-04-26
680,قنقش,قند نقش جهان,2,1605,115588890,73487,72018,72018,-1469,-2,73470,-17,-0.02,72018,72018,1400-2-6,2021-04-26
681,وايران,ليزينگ ايرانيان,2,10939,133565190,12580,12210,12210,-370,-2.94,12580,0,0,12210,12210,1400-2-6,2021-04-26
682,صايپا112,صكوك مرابحه سايپا112-3ماهه 16%,2,15000,14750565000,983371,983371,983371,0,0,983371,0,0,983371,983371,1400-2-6,2021-04-26
683,زنجان,صنايع كشاورزي وكود زنجان,2,3214,29449882,9350,9163,9163,-187,-2,9350,0,0,9163,9163,1400-2-6,2021-04-26
684,كابگن,توليدي و صنعتي آبگينه‌,2,3121,16194869,5138,5189,5189,51,0.99,5138,0,0,5189,5189,1400-2-6,2021-04-26
685,اراد544,مرابحه عام دولت5-ش.خ 0109,2,17503450,16586447578550,1015000,947559,947687,-67313,-6.63,947610,-67390,-6.64,947559,947687,1400-2-6,2021-04-26
686,خمحور,توليدمحورخودرو,2,610,37618700,63570,61670,61670,-1900,-2.99,63570,0,0,61670,61670,1400-2-6,2021-04-26
687,دسبحان,سبحان دارو,2,983,18185500,19070,18500,18500,-570,-2.99,19070,0,0,18500,18500,1400-2-6,2021-04-26
688,شستا002,اجاره تامين اجتماعي-تمدن000523,2,38198,38198038198,1000000,1000001,1000001,1,0,1000001,1,0,1000001,1000001,1400-2-6,2021-04-26
689,اراد554,مرابحه عام دولت5-ش.خ 0209,2,21501400,18500944134200,970000,863734,857172,-112828,-11.63,860453,-109547,-11.29,857172,863734,1400-2-6,2021-04-26
690,رطب0002پ01,رطب مضافتي0002افشارتعاون بم(پ),2,100,15527800,163450,155278,155278,-8172,-5,155278,-8172,-5,155278,155278,1400-2-6,2021-04-26
691,اراد384,مرابحه عام دولت3-ش.خ 0105,2,20000,19161880000,1050000,958428,957760,-92240,-8.78,958094,-91906,-8.75,957760,958428,1400-2-6,2021-04-26
692,ثزاگرس,سرمايه گذاري توسعه عمران زاگرس,2,300,16357800,57395,54526,54526,-2869,-5,57393,-2,0,54526,54526,1400-2-6,2021-04-26
693,ياقوت2,صندوق س ياقوت آگاه-ثابت,2,378000,378000,12327,1,1,-12326,-99.99,1,-12326,-99.99,1,1,1400-2-6,2021-04-26
694,كسعدي,كاشي‌ سعدي‌,2,480,9950400,21370,20730,20730,-640,-2.99,21370,0,0,20730,20730,1400-2-6,2021-04-26
695,خزر,فنرسازي‌زر,2,244,11263040,47580,46160,46160,-1420,-2.98,47580,0,0,46160,46160,1400-2-6,2021-04-26
696,اراد334,مرابحه عام دولت3-ش.خ 0303,2,3194000,2795746528000,882997,875424,875200,-7797,-0.88,875312,-7685,-0.87,875200,875424,1400-2-6,2021-04-26
697,سبهان,سيمان‌ بهبهان‌,2,140,19310200,142190,137930,137930,-4260,-3,142190,0,0,137930,137930,1400-2-6,2021-04-26
698,كلوند,كاشي‌ الوند,2,2175,98114250,46500,45110,45110,-1390,-2.99,46500,0,0,45110,45110,1400-2-6,2021-04-26
699,فجام,جام‌دارو,2,1493,14974790,10330,10030,10030,-300,-2.9,10330,0,0,10030,10030,1400-2-6,2021-04-26
700,غشان,شيرپاستوريزه‌پگاه‌خراسان‌,2,4017,29966820,7690,7460,7460,-230,-2.99,7690,0,0,7460,7460,1400-2-6,2021-04-26
701,غاذر,كشت‌وصنعت‌پياذر,2,292,15846840,55940,54270,54270,-1670,-2.99,55940,0,0,54270,54270,1400-2-6,2021-04-26
702,خچرخش,چرخشگر,2,700,12418000,18280,17740,17740,-540,-2.95,18280,0,0,17740,17740,1400-2-6,2021-04-26
703,ضفار3001,اختيارخ فارس-9000-1400/03/05,2,10,5500000,1549,550,550,-999,-64.49,550,-999,-64.49,550,550,1400-2-6,2021-04-26
704,اشاد10,مشاركت دولتي10-شرايط خاص001226,2,27900,26612600000,953805,953000,954000,195,0.02,953857,52,0.01,953000,954000,1400-2-6,2021-04-26
705,دسانكو,داروسازي سبحان انكولوژي,2,2750,39454250,14790,14347,14347,-443,-3,14790,0,0,14347,14347,1400-2-6,2021-04-26
706,ولبهمن,شركت بهمن ليزينگ,2,1700,12751700,7732,7501,7501,-231,-2.99,7732,0,0,7501,7501,1400-2-6,2021-04-26
707,ضترا3004,اختيارخ شتران-10000-1400/03/09,2,2,477000,350,255,222,-128,-36.57,238,-112,-32,222,255,1400-2-6,2021-04-26
708,دسبحا,گروه دارويي سبحان,2,1377,25887600,19380,18800,18800,-580,-2.99,19380,0,0,18800,18800,1400-2-6,2021-04-26
709,اشاد14,مشاركت دولتي1-شرايط خاص001026,2,1500200,1475787995500,990000,984055,983400,-6600,-0.67,983727,-6273,-0.63,983400,984055,1400-2-6,2021-04-26
710,آرمان,بيمه آرمان,2,3000,23712000,8233,7904,7904,-329,-4,8233,0,0,7904,7904,1400-2-6,2021-04-26
711,شتوكا,توكا رنگ فولاد سپاهان,2,417,21935451,54229,52603,52603,-1626,-3,54228,-1,0,52603,52603,1400-2-6,2021-04-26
712,آسام,صندوق س.آرمان سپهر آشنا-م,2,100,10152550,101227,102550,100501,-726,-0.72,101525,298,0.29,100501,102550,1400-2-6,2021-04-26
713,شفا,سرمايه گذاري شفادارو,2,1020,46073400,46560,45170,45170,-1390,-2.99,46560,0,0,45170,45170,1400-2-6,2021-04-26
714,ولقمان4,سرمايه گذاري لقمان,2,45160626,248383443000,5500,5500,5500,0,0,5500,0,0,5500,5500,1400-2-6,2021-04-26
715,ضفار3002,اختيارخ فارس-10000-1400/03/05,2,30,6022000,200,222,200,0,0,201,1,0.5,200,222,1400-2-6,2021-04-26
716,ضسان2009,اختيارخ پارسان-18750-00/02/15,2,2,3000000,2025,600,2400,375,18.52,1500,-525,-25.93,600,2400,1400-2-6,2021-04-26
717,اخزا723,اسنادخزانه-م23بودجه97-000824,2,3477,3115392000,896194,896000,896000,-194,-0.02,896000,-194,-0.02,896000,896000,1400-2-6,2021-04-26
718,خاذين,سايپاآذين‌,2,2204,10160440,4750,4610,4610,-140,-2.95,4750,0,0,4610,4610,1400-2-6,2021-04-26
719,اراد35,مرابحه عام دولت3-ش.خ 0103,1,1000,960000000,948096,960000,960000,11904,1.26,960000,11904,1.26,960000,960000,1400-2-6,2021-04-26
720,دروز,داروسازي‌ روزدارو,1,550,18964000,35540,34480,34480,-1060,-2.98,35540,0,0,34480,34480,1400-2-6,2021-04-26
721,معيار 4,سرمايه گذاري معيار صنعت پارس,1,2500000,156550000000,57473,62620,62620,5147,8.96,62620,5147,8.96,62620,62620,1400-2-6,2021-04-26
722,ثباغ2,شهر سازي و خانه سازي باغميشه,1,13100000,203901500000,16046,15565,15565,-481,-3,15565,-481,-3,15565,15565,1400-2-6,2021-04-26
723,كشرق,صنعتي و معدني شمال شرق شاهرود,1,80,7146560,92094,89332,89332,-2762,-3,92094,0,0,89332,89332,1400-2-6,2021-04-26
724,تپمپي,پمپ‌ سازي‌ ايران‌,1,1000,18830000,19410,18830,18830,-580,-2.99,19410,0,0,18830,18830,1400-2-6,2021-04-26
725,وسرمد,بيمه  سرمد,1,3000,18330000,6234,6110,6110,-124,-1.99,6234,0,0,6110,6110,1400-2-6,2021-04-26
726,حآسا,آسيا سير ارس,1,10,435450,44891,43545,43545,-1346,-3,44891,0,0,43545,43545,1400-2-6,2021-04-26
727,غچين,كشت‌ و صنعت‌ چين‌ چين,1,260,5007600,19850,19260,19260,-590,-2.97,19850,0,0,19260,19260,1400-2-6,2021-04-26
728,قثابت,قند ثابت‌ خراسان‌,1,100,6564000,67670,65640,65640,-2030,-3,67670,0,0,65640,65640,1400-2-6,2021-04-26
729,ثتوسا,س.توسعه و عمران استان اردبيل,1,1590,61978200,39775,38980,38980,-795,-2,39772,-3,-0.01,38980,38980,1400-2-6,2021-04-26
730,ضخوز7035,اختيارخ فخوز-8200-1400/07/14,1,3,20400000,1,6800,6800,6799,679900,6800,6799,679900,6800,6800,1400-2-6,2021-04-26
731,اخزا816,اسنادخزانه-م16بودجه98-010503,1,67,52870571,789816,789113,789113,-703,-0.09,789113,-703,-0.09,789113,789113,1400-2-6,2021-04-26
732,ضملي3000,اختيارخ فملي-8000-1400/03/02,1,1,3645000,2143,3645,3645,1502,70.09,3645,1502,70.09,3645,3645,1400-2-6,2021-04-26
733,وساغربي,شركت س استان آذربايجان غربي,1,6842,5131500,770,750,750,-20,-2.6,770,0,0,750,750,1400-2-6,2021-04-26
734,ضپنا8001,اختيارخ رمپنا-11850-1400/08/05,1,2,12000000,7400,6000,6000,-1400,-18.92,6000,-1400,-18.92,6000,6000,1400-2-6,2021-04-26
735,اراد594,مرابحه عام دولتي5-ش.خ 0309,1,8000000,7481760000000,1000000,935220,935220,-64780,-6.48,935220,-64780,-6.48,935220,935220,1400-2-6,2021-04-26
736,خوساز,محورسازان‌ايران‌خودرو,1,6500,50570000,8020,7780,7780,-240,-2.99,8020,0,0,7780,7780,1400-2-6,2021-04-26
737,اراد674,مرابحه عام دولت67-ش.خ0310,1,2000000,1868644000000,1000000,934322,934322,-65678,-6.57,934322,-65678,-6.57,934322,934322,1400-2-6,2021-04-26
738,ولشرق,ليزينگ ايران و شرق,1,1200,10146000,8716,8455,8455,-261,-2.99,8716,0,0,8455,8455,1400-2-6,2021-04-26
739,ضشنا8001,اختيارخ شپنا-6800-1400/08/16,1,5,22000000,1,4400,4400,4399,439900,4400,4399,439900,4400,4400,1400-2-6,2021-04-26
740,ضپيك2011,اختيارخ تاپيكو-14000-00/02/19,1,2,110000,333,55,55,-278,-83.48,55,-278,-83.48,55,55,1400-2-6,2021-04-26
741,كگهر2,سنگ آهن گهرزمين,1,10748493,481016558736,46136,44752,44752,-1384,-3,44752,-1384,-3,44752,44752,1400-2-6,2021-04-26
742,ضخود2007,اختيارخ خودرو-3000-1400/02/08,1,100,100000,1,1,1,0,0,1,0,0,1,1,1400-2-6,2021-04-26
743,حخزر,كشتيراني درياي خزر,1,639,17826822,28760,27898,27898,-862,-3,28760,0,0,27898,27898,1400-2-6,2021-04-26
744,تملي806,تسهيلات مسكن ب. ملي-شهريور98,1,7,4563895,686299,651985,651985,-34314,-5,651985,-34314,-5,651985,651985,1400-2-6,2021-04-26
745,صينا205,صكوك منفعت سينا دارو-3ماهه 19%,1,8,7920000,1000000,990000,990000,-10000,-1,990000,-10000,-1,990000,990000,1400-2-6,2021-04-26
746,كيميا,معدني كيمياي زنجان گستران,1,4500,77364000,17723,17192,17192,-531,-3,17722,-1,-0.01,17192,17192,1400-2-6,2021-04-26
747,اشاد102,مشاركت دولتي10-شرايط خاص001226,1,92,83370400,953805,906200,906200,-47605,-4.99,906200,-47605,-4.99,906200,906200,1400-2-6,2021-04-26
748,ضفار3010,اختيارخ فارس-7000-1400/03/05,1,6,11700000,2600,1950,1950,-650,-25,1950,-650,-25,1950,1950,1400-2-6,2021-04-26
749,عفولاد3,اوراق سلف موازي ورق گرم فولاد,1,26,21995402,845622,845977,845977,355,0.04,845977,355,0.04,845977,845977,1400-2-6,2021-04-26
750,وسنا,سرمايه گذاري نيروگاهي ايران,1,647,9950213,15692,15379,15379,-313,-1.99,15692,0,0,15379,15379,1400-2-6,2021-04-26
751,شرق1400,مشاركت ليزينگ ايران وشرق140010,1,40,40320000,999800,1008000,1008000,8200,0.82,1008000,8200,0.82,1008000,1008000,1400-2-6,2021-04-26
752,وساربيل,شركت س استان اردبيل,1,4000,5000000,1280,1250,1250,-30,-2.34,1280,0,0,1250,1250,1400-2-6,2021-04-26
753,اشاد1,مشاركت دولتي1-شرايط خاص001026,1,1000,999884000,990000,999884,999884,9884,1,999884,9884,1,999884,999884,1400-2-6,2021-04-26
754,ولملت,واسپاري ملت,1,1065,8456100,8180,7940,7940,-240,-2.93,8180,0,0,7940,7940,1400-2-6,2021-04-26
755,آبين,كشت و صنعت آبشيرين,1,2313,9552690,4214,4130,4130,-84,-1.99,4214,0,0,4130,4130,1400-2-6,2021-04-26
756,نبروج,نساجي بروجرد,1,1,5930,5814,5930,5930,116,2,5814,0,0,5930,5930,1400-2-6,2021-04-26
757,وسصفا,شركت س استان اصفهان,1,5000,5200000,1070,1040,1040,-30,-2.8,1070,0,0,1040,1040,1400-2-6,2021-04-26
758,سصفها,سيمان‌اصفهان‌,1,245,30176650,126970,123170,123170,-3800,-2.99,126970,0,0,123170,123170,1400-2-6,2021-04-26
759,جم2,پتروشيمي جم,1,3000000,106500000000,35380,35500,35500,120,0.34,35500,120,0.34,35500,35500,1400-2-6,2021-04-26
760,اراد474,مرابحه عام دولت4-ش.خ 0008,1,4437000,4352310981000,985000,980913,980913,-4087,-0.41,980913,-4087,-0.41,980913,980913,1400-2-6,2021-04-26
761,ضفلا3002,اختيارخ فولاد-6420-1400/03/19,1,2,7100000,2400,3550,3550,1150,47.92,3550,1150,47.92,3550,3550,1400-2-6,2021-04-26
762,تملي612,تسهيلات مسكن بانك ملي-اسفند96,1,12,6960276,610550,580023,580023,-30527,-5,580023,-30527,-5,580023,580023,1400-2-6,2021-04-26
763,حپارسا,توسعه حمل و نقل ريلي پارسيان,1,150,5125950,35229,34173,34173,-1056,-3,35229,0,0,34173,34173,1400-2-6,2021-04-26
764,زماهان,مجتمع توليد گوشت مرغ ماهان,1,300,5994900,20601,19983,19983,-618,-3,20601,0,0,19983,19983,1400-2-6,2021-04-26
765,غديس,پاكديس,1,390,5082870,13436,13033,13033,-403,-3,13436,0,0,13033,13033,1400-2-6,2021-04-26
766,داوه,داروسازي آوه سينا,1,259,5071479,20186,19581,19581,-605,-3,20186,0,0,19581,19581,1400-2-6,2021-04-26
767,اراد454,مرابحه عام دولت4-ش.خ 0107,1,2105000,2005926070000,988000,952934,952934,-35066,-3.55,952934,-35066,-3.55,952934,952934,1400-2-6,2021-04-26
768,افاد53,منفعت دولت5-ش.خاص كاريزما0108,1,100,100000000,959550,1000000,1000000,40450,4.22,1000000,40450,4.22,1000000,1000000,1400-2-6,2021-04-26
769,زير0003پ04,زيره سبز0003شركت مينوبذر(پ),1,29,15926220,522732,549180,549180,26448,5.06,549180,26448,5.06,549180,549180,1400-2-6,2021-04-26
770,فالوم,آلومتك‌,1,250,8912500,36377,35650,35650,-727,-2,36377,0,0,35650,35650,1400-2-6,2021-04-26
771,غشهد,شهد ايران ‌,1,4233,29884980,7270,7060,7060,-210,-2.89,7270,0,0,7060,7060,1400-2-6,2021-04-26
772,وزمين,بانك ايران زمين,1,1000,12977000,13241,12977,12977,-264,-1.99,13241,0,0,12977,12977,1400-2-6,2021-04-26
773,پارسان2,گسترش نفت و گاز پارسيان,1,2750000,50627500000,18970,18410,18410,-560,-2.95,18410,-560,-2.95,18410,18410,1400-2-6,2021-04-26
774,وآوا,سرمايه گذاري آوا نوين,1,800,6902400,8894,8628,8628,-266,-2.99,8894,0,0,8628,8628,1400-2-6,2021-04-26
775,وسهمدا,شركت س استان همدان,1,28605,24886350,890,870,870,-20,-2.25,890,0,0,870,870,1400-2-6,2021-04-26
776,حتوكا,حمل‌ونقل‌توكا,1,200,5950000,30660,29750,29750,-910,-2.97,30660,0,0,29750,29750,1400-2-6,2021-04-26
777,چافست,افست‌,1,320,5155200,16600,16110,16110,-490,-2.95,16600,0,0,16110,16110,1400-2-6,2021-04-26
778,شاراك2,پتروشيمي شازند,1,4500000,109125000000,24250,24250,24250,0,0,24250,0,0,24250,24250,1400-2-6,2021-04-26
779,ولغدر,ليزينگ‌خودروغدير,1,404,9643480,24600,23870,23870,-730,-2.97,24600,0,0,23870,23870,1400-2-6,2021-04-26
780,وسالت,بانك قرض الحسنه رسالت,1,5046,5762532,1109,1142,1142,33,2.98,1109,0,0,1142,1142,1400-2-6,2021-04-26
781,خلنت,لنت‌ ترمزايران‌,1,100,6084000,62720,60840,60840,-1880,-3,62720,0,0,60840,60840,1400-2-6,2021-04-26
782,قزوين,كارخانجات‌ قند قزوين‌,1,140,5374600,39570,38390,38390,-1180,-2.98,39570,0,0,38390,38390,1400-2-6,2021-04-26
783,سنير,سيمان‌ سفيد ني‌ريز,1,21,5080320,249400,241920,241920,-7480,-3,249400,0,0,241920,241920,1400-2-6,2021-04-26
784,سيلام,سيمان‌ ايلام‌,1,500,5435000,11200,10870,10870,-330,-2.95,11200,0,0,10870,10870,1400-2-6,2021-04-26
785,وپاسار2,بانك  پاسارگاد,1,146000000,1997280000000,13680,13680,13680,0,0,13680,0,0,13680,13680,1400-2-6,2021-04-26
786,سكارون,سيمان كارون,1,29,5056991,177937,174379,174379,-3558,-2,177936,-1,0,174379,174379,1400-2-6,2021-04-26
787,ضپاس2006,اختيارخ وپارس-5000-1400/02/29,1,6,66000,100,11,11,-89,-89,11,-89,-89,11,11,1400-2-6,2021-04-26
788,تملي711,تسهيلات مسكن ب. ملي-بهمن97,1,15,7445625,522500,496375,496375,-26125,-5,496375,-26125,-5,496375,496375,1400-2-6,2021-04-26
789,آينده,بازرگاني آينده سازان بهشت پارس,1,3900,75921300,19864,19467,19467,-397,-2,19862,-2,-0.01,19467,19467,1400-2-6,2021-04-26
790,اخزا716,اسنادخزانه-م16بودجه97-000407,1,5,4825050,966257,965010,965010,-1247,-0.13,965010,-1247,-0.13,965010,965010,1400-2-6,2021-04-26
791,ثالوند,سرمايه گذاري مسكن الوند,1,190,5946810,32266,31299,31299,-967,-3,32266,0,0,31299,31299,1400-2-6,2021-04-26
792,اخزا7224,اسنادخزانه-م22بودجه97-000428,1,64000,61261760000,955441,957215,957215,1774,0.19,957215,1774,0.19,957215,957215,1400-2-6,2021-04-26
793,اراد214,مرابحه عام دولت2ش.خ صادرات0212,1,28806000,27233336430000,1000000,945405,945405,-54595,-5.46,945405,-54595,-5.46,945405,945405,1400-2-6,2021-04-26
794,غشاذر,پگاه‌آذربايجان‌غربي‌,1,1011,9806700,10000,9700,9700,-300,-3,10000,0,0,9700,9700,1400-2-6,2021-04-26
795,پرداخت,به پرداخت ملت,1,700,22183000,32670,31690,31690,-980,-3,32670,0,0,31690,31690,1400-2-6,2021-04-26
796,رايان106,مشاركت رايان سايپا-3ماهه16%,1,100,96539200,955834,965392,965392,9558,1,965392,9558,1,965392,965392,1400-2-6,2021-04-26
797,فولاد2,فولاد مباركه اصفهان,1,2000000,23620000000,11760,11810,11810,50,0.43,11810,50,0.43,11810,11810,1400-2-6,2021-04-26
798,كباده,توليد خاك نسوزاستقلال آباده,1,890,8157740,8730,9166,9166,436,4.99,8730,0,0,9166,9166,1400-2-6,2021-04-26
799,خموتور,موتورسازان‌تراكتورسازي‌ايران‌,1,349,5074460,14980,14540,14540,-440,-2.94,14980,0,0,14540,14540,1400-2-6,2021-04-26
800,غيوان,كيوان,1,62,970734,15350,15657,15657,307,2,15350,0,0,15657,15657,1400-2-6,2021-04-26
801,تملي805,تسهيلات مسكن ب. ملي-مرداد98,1,50,31375350,597626,627507,627507,29881,5,627507,29881,5,627507,627507,1400-2-6,2021-04-26
802,اراد834,مرابحه عام دولت83-ش.خ041220,1,21370000,19535257280000,1000000,914144,914144,-85856,-8.59,914144,-85856,-8.59,914144,914144,1400-2-6,2021-04-26
803,غشوكو,شوكو پارس,1,129,5043771,39896,39099,39099,-797,-2,39896,0,0,39099,39099,1400-2-6,2021-04-26
804,اراد344,مرابحه عام دولت3-ش.خ 0305,1,9793000,8525550768000,1000000,870576,870576,-129424,-12.94,870576,-129424,-12.94,870576,870576,1400-2-6,2021-04-26
805,اخزا8214,اسنادخزانه-م21بودجه98-020906,1,8291575,5038358965600,606010,607648,607648,1638,0.27,607648,1638,0.27,607648,607648,1400-2-6,2021-04-26
806,وارس,سرمايه گذاري ارس صبا,1,317,5362689,17262,16917,16917,-345,-2,17262,0,0,16917,16917,1400-2-6,2021-04-26
807,اراد314,مرابحه عام دولت3-ش.خ 0208,1,9322970,9535179443140,1000000,1022762,1022762,22762,2.28,1022762,22762,2.28,1022762,1022762,1400-2-6,2021-04-26
808,تملي702,تسهيلات مسكن ب. ملي-ارديبهشت97,1,14,7517412,565218,536958,536958,-28260,-5,536958,-28260,-5,536958,536958,1400-2-6,2021-04-26
809,ثپرديس,سرمايه گذاري مسكن پرديس,1,800,7884800,10160,9856,9856,-304,-2.99,10160,0,0,9856,9856,1400-2-6,2021-04-26
810,ضترا3003,اختيارخ شتران-9000-1400/03/09,1,10,7000000,500,700,700,200,40,700,200,40,700,700,1400-2-6,2021-04-26
811,ضملت3004,اختيارخ وبملت-5000-1400/03/19,1,14,1400000,52,100,100,48,92.31,100,48,92.31,100,100,1400-2-6,2021-04-26
812,پاسا,ايران‌ياساتايرورابر,1,230,5952400,26680,25880,25880,-800,-3,26680,0,0,25880,25880,1400-2-6,2021-04-26
813,خشرق,الكتريك‌ خودرو شرق‌,1,350,5078500,14950,14510,14510,-440,-2.94,14950,0,0,14510,14510,1400-2-6,2021-04-26
814,بالبر,كابل‌ البرز,1,347,19883100,59070,57300,57300,-1770,-3,59070,0,0,57300,57300,1400-2-6,2021-04-26
815,كي بي سي,شركت كي بي سي,1,222,5958258,27669,26839,26839,-830,-3,27669,0,0,26839,26839,1400-2-6,2021-04-26
816,مداران,داده‌پردازي‌ايران‌,1,560,13647200,25120,24370,24370,-750,-2.99,25120,0,0,24370,24370,1400-2-6,2021-04-26
817,وساشرقي,شركت س استان آذربايجان شرقي,1,5500,5225000,970,950,950,-20,-2.06,970,0,0,950,950,1400-2-6,2021-04-26
818,ضپاس2007,اختيارخ وپارس-6000-1400/02/29,1,10,70000,22,7,7,-15,-68.18,7,-15,-68.18,7,7,1400-2-6,2021-04-26
819,دبالك,مواد اوليه دارويي البرز بالك,1,250,5050750,20827,20203,20203,-624,-3,20827,0,0,20203,20203,1400-2-6,2021-04-26
820,كمند2,صندوق س. با درآمد ثابت كمند,1,48000000,48000000,10116,1,1,-10115,-99.99,1,-10115,-99.99,1,1,1400-2-6,2021-04-26
821,ولصنم,ليزينگ‌صنعت‌ومعدن‌,1,700,7539000,11100,10770,10770,-330,-2.97,11100,0,0,10770,10770,1400-2-6,2021-04-26
822,سميعا002,سلف موازي استاندارد سميعا002,1,126980,164083809960,1291636,1292202,1292202,566,0.04,1292202,566,0.04,1292202,1292202,1400-2-6,2021-04-26
823,داريك,صندوق س.اعتماد داريك-د,1,5000,52705000,10536,10541,10541,5,0.05,10541,5,0.05,10541,10541,1400-2-6,2021-04-26
824,ضغدر3000,اختيارخ وغدير-6200-1400/03/26,1,1,3500000,3900,3500,3500,-400,-10.26,3500,-400,-10.26,3500,3500,1400-2-6,2021-04-26
825,ضمخا2003,اختيارخ اخابر-14000-1400/02/29,1,1,55000,111,55,55,-56,-50.45,55,-56,-50.45,55,55,1400-2-6,2021-04-26
826,ضپاس7026,اختيارخ وپارس-1600-1400/07/28,1,15,18000000,1,1200,1200,1199,119900,1200,1199,119900,1200,1200,1400-2-6,2021-04-26
