,نماد,نام,تعداد,حجم,ارزش,دیروز,اولین,آخرین معامله - مقدار,آخرین معامله - تغییر,آخرین معامله - درصد,قیمت پایانی - مقدار,قیمت پایانی - تغییر,قیمت پایانی - درصد,کمترین,بیشترین,تاریخ,gregorian_date
0,وهامون,سرمايه گذاري هامون صبا,62869,61830450,258904106556,4093,4180,4161,68,1.66,4187,94,2.3,4085,4274,1400-6-23,2021-09-14
1,پالايش,صندوق پالايشي يكم-سهام,48022,50068481,4030760288520,78000,79340,81370,3370,4.32,80500,2500,3.21,78520,81950,1400-6-23,2021-09-14
2,سپيد,سپيد ماكيان,47563,8411227,537451008370,63350,64910,63450,100,0.16,63900,550,0.87,62510,65500,1400-6-23,2021-09-14
3,دارا يكم,صندوق واسطه گري مالي يكم-سهام,28233,17777720,2389912934020,129460,131780,136850,7390,5.71,134430,4970,3.84,131150,136980,1400-6-23,2021-09-14
4,سپيدار,سپيدار سيستم آسيا,28136,3261001,66737722836,19678,19520,20661,983,5,20465,787,4,19210,20661,1400-6-23,2021-09-14
5,آبادا,توليد نيروي برق آبادان,26405,9037044,145950847390,16100,16290,16150,50,0.31,16150,50,0.31,15300,16510,1400-6-23,2021-09-14
6,حگردش,ريل گردش ايرانيان,24636,57389290,182534630254,3320,3190,3161,-159,-4.79,3181,-139,-4.19,3154,3300,1400-6-23,2021-09-14
7,گدنا,تهيه توزيع غذاي دنا آفرين فدك,23257,2961178,69113404235,23130,22712,23102,-28,-0.12,23340,210,0.91,22712,23980,1400-6-23,2021-09-14
8,بركت,گروه دارويي بركت,22615,41676561,1759691998540,40290,41900,42300,2010,4.99,42220,1930,4.79,41300,42300,1400-6-23,2021-09-14
9,ولكار,ليزينگ كارآفرين,21453,12448486,57915830608,4630,4455,4713,83,1.79,4652,22,0.48,4455,4760,1400-6-23,2021-09-14
10,شستا,سرمايه گذاري تامين اجتماعي,21168,70994700,928022576130,12840,12880,13030,190,1.48,13070,230,1.79,12880,13260,1400-6-23,2021-09-14
11,لطيف,محصولات كاغذي لطيف,20163,1669515,90530457154,52129,52280,54530,2401,4.61,54226,2097,4.02,51280,54735,1400-6-23,2021-09-14
12,چخزر,صنايع چوب خزر كاسپين,17718,1170488,47865161768,39887,38984,40760,873,2.19,40893,1006,2.52,38984,41880,1400-6-23,2021-09-14
13,وكبهمن,مديريت سرمايه گذاري كوثربهمن,17469,2633149,33611731154,12569,12601,12625,56,0.45,12765,196,1.56,12569,12990,1400-6-23,2021-09-14
14,ولپارس,ليزينگ پارسيان,17155,14993182,80584684230,5150,5200,5400,250,4.85,5370,220,4.27,5040,5400,1400-6-23,2021-09-14
15,رافزا,رايان هم افزا,17060,2829094,273210582827,100817,102030,95777,-5040,-5,96572,-4245,-4.21,95777,102030,1400-6-23,2021-09-14
16,فگستر,گسترش صنايع روي ايرانيان,16148,4462185,66849098251,14488,14410,15212,724,5,14981,493,3.4,14410,15212,1400-6-23,2021-09-14
17,شبندر,پالايش نفت بندرعباس,15860,249938617,1570343436680,6040,6150,6290,250,4.14,6280,240,3.97,6050,6340,1400-6-23,2021-09-14
18,فتوسا,توليد و توسعه سرب روي ايرانيان,15589,5558499,83726253985,14447,14650,15169,722,5,15063,616,4.26,14420,15169,1400-6-23,2021-09-14
19,شاروم,پتروشيمي اروميه,15547,3199289,60254476615,18013,18161,18913,900,5,18834,821,4.56,18050,18913,1400-6-23,2021-09-14
20,فملي,ملي‌ صنايع‌ مس‌ ايران‌,15418,78726656,1040391135700,13130,13150,13260,130,0.99,13220,90,0.69,13150,13400,1400-6-23,2021-09-14
21,زملارد,كشاورزي و دامپروري ملارد شير,15011,906825,27735527754,30064,30000,30401,337,1.12,30585,521,1.73,29381,31200,1400-6-23,2021-09-14
22,وسپهر,سرمايه گذاري مالي سپهرصادرات,14954,16173856,140492687107,8717,8600,8650,-67,-0.77,8686,-31,-0.36,8596,8800,1400-6-23,2021-09-14
23,امين,تامين سرمايه امين,14720,4075992,39566652400,9560,9560,9780,220,2.3,9700,140,1.46,9560,9790,1400-6-23,2021-09-14
24,خساپا,سايپا,14594,400486173,785908568276,1891,1921,1980,89,4.71,1962,71,3.75,1903,1985,1400-6-23,2021-09-14
25,بگيلان,توسعه مسير برق گيلان,14367,1452879,29770734009,20388,19800,20412,24,0.12,20475,87,0.43,19800,20870,1400-6-23,2021-09-14
26,غزر,صنعتي زر ماكارون,14265,7768405,224706209610,27570,28000,28940,1370,4.97,28930,1360,4.93,28000,28940,1400-6-23,2021-09-14
27,ثبهساز,بهساز كاشانه تهران,14197,31367725,72227236973,2269,2346,2305,36,1.59,2303,34,1.5,2270,2346,1400-6-23,2021-09-14
28,بوعلي,پتروشيمي بوعلي سينا,14029,6818637,487404215910,68190,71400,71590,3400,4.99,71480,3290,4.82,69810,71590,1400-6-23,2021-09-14
29,ثاميد,توسعه و عمران اميد,13939,38222210,63355220507,1628,1635,1651,23,1.41,1658,30,1.84,1628,1700,1400-6-23,2021-09-14
30,فولاد,فولاد مباركه اصفهان,13814,82630655,934316872930,11180,11200,11360,180,1.61,11310,130,1.16,11180,11430,1400-6-23,2021-09-14
31,شتران,پالايش نفت تهران,13754,103857625,1117795713530,10390,10420,10690,300,2.89,10760,370,3.56,10410,10900,1400-6-23,2021-09-14
32,خودرو,ايران‌ خودرو,13190,272301177,577839692990,2074,2100,2127,53,2.56,2122,48,2.31,2079,2160,1400-6-23,2021-09-14
33,شپنا,پالايش نفت اصفهان,12802,72812188,970691558440,12930,13200,13320,390,3.02,13330,400,3.09,13000,13520,1400-6-23,2021-09-14
34,غكورش,صنعت غذايي كورش,12624,3550246,162422215090,44150,45300,45890,1740,3.94,45750,1600,3.62,44290,46350,1400-6-23,2021-09-14
35,بپيوند,برق و انرژي پيوندگستر پارس,12516,4875723,61677617804,12172,12120,12780,608,5,12650,478,3.93,12120,12780,1400-6-23,2021-09-14
36,ومدير,گ.مديريت ارزش سرمايه ص ب كشوري,11802,22214616,118597186840,5110,5210,5360,250,4.89,5340,230,4.5,5210,5360,1400-6-23,2021-09-14
37,كزغال,زغال سنگ پروده طبس,11631,2574242,99939718085,37840,37200,39300,1460,3.86,38823,983,2.6,37200,39450,1400-6-23,2021-09-14
38,سيتا,سرمايه گذاري سيمان تامين,11113,6445233,94725794630,14490,14740,14790,300,2.07,14700,210,1.45,14550,14920,1400-6-23,2021-09-14
39,چكاپا,گروه صنايع كاغذ پارس,11054,121384574,535675697455,4592,4363,4379,-213,-4.64,4413,-179,-3.9,4363,4570,1400-6-23,2021-09-14
40,وبملت,بانك ملت,10519,273530714,1081844627245,3803,3860,3993,190,5,3955,152,4,3851,3993,1400-6-23,2021-09-14
41,دي,بانك دي,10379,433197499,526897512408,1160,1200,1218,58,5,1216,56,4.83,1200,1218,1400-6-23,2021-09-14
42,غگيلا,شيرپاستوريزه پگاه گيلان,10083,5124370,123926348108,23526,22500,24702,1176,5,24184,658,2.8,22500,24702,1400-6-23,2021-09-14
43,صبا,سرمايه گذاري صبا تامين,9597,41958954,314853503902,7481,7350,7410,-71,-0.95,7504,23,0.31,7350,7680,1400-6-23,2021-09-14
44,ولقمان,سرمايه گذاري لقمان,8335,41363765,146897625320,3540,3646,3619,79,2.23,3551,11,0.31,3434,3646,1400-6-23,2021-09-14
45,نوري,پتروشيمي نوري,8235,4974137,535629595920,103120,104820,108260,5140,4.98,107680,4560,4.42,104000,108270,1400-6-23,2021-09-14
46,ذوب,سهامي ذوب آهن  اصفهان,8233,116250780,524527865553,4348,4490,4533,185,4.25,4512,164,3.77,4411,4562,1400-6-23,2021-09-14
47,وپويا,سرمايه گذاري پويا,8207,9625257,53199593930,5356,5500,5534,178,3.32,5527,171,3.19,5380,5619,1400-6-23,2021-09-14
48,كرمان,س. توسعه و عمران استان كرمان,8191,221004494,287064115364,1281,1288,1297,16,1.25,1299,18,1.41,1283,1319,1400-6-23,2021-09-14
49,اپال,فرآوري معدني اپال كاني پارس,8183,9920378,225037238480,22880,22910,22500,-380,-1.66,22680,-200,-0.87,22360,23230,1400-6-23,2021-09-14
50,خگستر,گسترش‌سرمايه‌گذاري‌ايران‌خودرو,8174,137345534,406688804063,2906,2920,2958,52,1.79,2961,55,1.89,2910,3020,1400-6-23,2021-09-14
51,كاما,باما,7881,31511441,392591341790,12190,12560,12400,210,1.72,12460,270,2.21,12220,12630,1400-6-23,2021-09-14
52,فجهان,مجتمع جهان فولاد سيرجان,7590,7602344,45287163208,5674,5957,5957,283,4.99,5808,134,2.36,5957,5957,1400-6-23,2021-09-14
53,قثابت,قند ثابت‌ خراسان‌,7363,97321249,381522632341,4009,3910,3884,-125,-3.12,3920,-89,-2.22,3822,4070,1400-6-23,2021-09-14
54,پيزد,مجتمع صنايع لاستيك يزد,7190,661460,45943905528,68272,67220,68370,98,0.14,69458,1186,1.74,67220,70999,1400-6-23,2021-09-14
55,آريا,پليمر آريا ساسول,7118,1316881,145871925466,108375,108010,110760,2385,2.2,110771,2396,2.21,108010,111799,1400-6-23,2021-09-14
56,كيمياتك,آريان كيميا تك,6617,2324229,64938958260,26610,27940,27940,1330,5,27940,1330,5,27940,27940,1400-6-23,2021-09-14
57,وتجارت,بانك تجارت,6599,142644194,351720862413,2379,2430,2481,102,4.29,2466,87,3.66,2420,2495,1400-6-23,2021-09-14
58,وبصادر,بانك صادرات ايران,6370,195365064,461278367969,2257,2285,2369,112,4.96,2361,104,4.61,2285,2369,1400-6-23,2021-09-14
59,وخارزم,سرمايه گذاري خوارزمي,6124,40849158,234409957510,5600,5600,5730,130,2.32,5740,140,2.5,5600,5820,1400-6-23,2021-09-14
60,سنير,سيمان‌ سفيد ني‌ريز,5731,2204348,347957580000,152880,151000,154290,1410,0.92,157850,4970,3.25,151000,160520,1400-6-23,2021-09-14
61,كمند,صندوق س. با درآمد ثابت كمند,5488,205107638,2060276119039,10039,10044,10046,7,0.07,10045,6,0.06,10044,10046,1400-6-23,2021-09-14
62,پترول,گ.س.وت.ص.پتروشيمي خليج فارس,5447,37214530,156906103901,4095,4158,4259,164,4,4216,121,2.95,4111,4270,1400-6-23,2021-09-14
63,حشكوه,دليجان طلايي شكوه پارس,5392,13442986,46768148294,3662,3479,3479,-183,-5,3479,-183,-5,3479,3479,1400-6-23,2021-09-14
64,غدام,خوراك‌  دام‌ پارس‌,5248,1080832,260680188290,246850,256000,237590,-9260,-3.75,241180,-5670,-2.3,234510,258800,1400-6-23,2021-09-14
65,فايرا,آلومينيوم‌ايران‌,5247,14472882,299805783420,20680,21500,20490,-190,-0.92,20720,40,0.19,20300,21550,1400-6-23,2021-09-14
66,شسپا,نفت سپاهان,5237,83316962,306958088809,3581,3700,3650,69,1.93,3684,103,2.88,3625,3747,1400-6-23,2021-09-14
67,خصدرا,صنعتي‌ دريايي‌ ايران‌,5052,80345048,282192323777,3557,3482,3522,-35,-0.98,3512,-45,-1.27,3451,3563,1400-6-23,2021-09-14
68,خپارس,پارس‌ خودرو,4915,150928002,187713259652,1213,1222,1241,28,2.31,1244,31,2.56,1222,1266,1400-6-23,2021-09-14
69,وسكرمان,س.سهام عدالت استان كرمان,4884,256192265,150011461197,583,585,591,8,1.37,586,3,0.51,570,605,1400-6-23,2021-09-14
70,خبهمن,گروه‌بهمن‌,4746,160646291,284583135823,1709,1750,1770,61,3.57,1771,62,3.63,1720,1794,1400-6-23,2021-09-14
71,حريل,ريل پردازسير,4731,64169662,300001137389,4762,4760,4650,-112,-2.35,4675,-87,-1.83,4524,4989,1400-6-23,2021-09-14
72,وهنر,گروه توسعه هنر ايران,4668,27155550,150919543395,5639,5500,5490,-149,-2.64,5558,-81,-1.44,5470,5758,1400-6-23,2021-09-14
73,گشان,توسعه بين المللي پديده شانديز,4636,11263738,269163460065,24427,23800,24130,-297,-1.22,23896,-531,-2.17,23695,24402,1400-6-23,2021-09-14
74,شگويا,پتروشيمي تندگويان,4582,12264484,146228186751,11690,11700,11892,202,1.73,11923,233,1.99,11700,12099,1400-6-23,2021-09-14
75,وآيند,بانك  آينده,4505,34784922,364919048065,10839,10461,10406,-433,-3.99,10491,-348,-3.21,10406,11000,1400-6-23,2021-09-14
76,وسكرشا,س.سهام عدالت استان كرمانشاه,4423,249785677,171681105735,662,665,695,33,4.98,687,25,3.78,662,695,1400-6-23,2021-09-14
77,شصدف,صنعتي دوده فام,4416,3760460,140111967769,35667,36000,37450,1783,5,37259,1592,4.46,35660,37450,1400-6-23,2021-09-14
78,حسير,ريل سير كوثر,4244,11695013,533947282486,44967,47100,45400,433,0.96,45656,689,1.53,43200,47214,1400-6-23,2021-09-14
79,كفپارس,فرآورده‌هاي‌ نسوز پارس‌,4235,63391701,273708523597,4427,4206,4260,-167,-3.77,4318,-109,-2.46,4206,4550,1400-6-23,2021-09-14
80,زنجان,صنايع كشاورزي وكود زنجان,4181,28374378,169286857134,6019,5900,6080,61,1.01,5966,-53,-0.88,5839,6190,1400-6-23,2021-09-14
81,وتوس,توسعه‌شهري‌توس‌گستر,4077,10652242,195126590290,18830,19700,17890,-940,-4.99,18320,-510,-2.71,17890,19700,1400-6-23,2021-09-14
82,فاراك,ماشين‌ سازي‌ اراك‌,3997,81802869,174949423954,2136,2100,2120,-16,-0.75,2139,3,0.14,2081,2210,1400-6-23,2021-09-14
83,غگل,گلوكوزان‌,3980,50369489,180788573192,3504,3402,3679,175,4.99,3589,85,2.43,3402,3679,1400-6-23,2021-09-14
84,سيمرغ,سيمرغ,3968,11215489,258665142500,23350,23450,22660,-690,-2.96,23060,-290,-1.24,22610,24100,1400-6-23,2021-09-14
85,فسپا,گروه‌صنعتي‌سپاهان‌,3965,9743406,239752902370,25610,25470,24750,-860,-3.36,24610,-1000,-3.9,24330,25700,1400-6-23,2021-09-14
86,خودكفا,اقتصادي و خودكفايي آزادگان,3928,23439908,370436859919,16177,15720,15692,-485,-3,15804,-373,-2.31,15692,16490,1400-6-23,2021-09-14
87,كمرجان,بازرگاني و توليدي مرجان كار,3855,2146168,215363587421,99760,94772,102470,2710,2.72,100348,588,0.59,94772,104748,1400-6-23,2021-09-14
88,حكشتي,كشتيراني جمهوري اسلامي ايران,3787,10824167,184235046440,16660,16520,16940,280,1.68,17020,360,2.16,16520,17230,1400-6-23,2021-09-14
89,دماوند,توليد نيروي برق دماوند,3725,5828778,168416226427,29294,27860,28500,-794,-2.71,28894,-400,-1.37,27850,30056,1400-6-23,2021-09-14
90,ثرود,سرمايه‌گذاري مسكن زاينده رود,3661,17246912,227179745431,13441,12769,13717,276,2.05,13172,-269,-2,12769,13717,1400-6-23,2021-09-14
91,كيان,صندوق س. با درآمد ثابت كيان,3615,44051844,1344351197218,30503,30517,30519,16,0.05,30517,14,0.05,30517,30521,1400-6-23,2021-09-14
92,غنوش,نوش‌ مازندران‌,3534,4650951,191894531640,40970,39750,40900,-70,-0.17,41260,290,0.71,39750,42690,1400-6-23,2021-09-14
93,وغدير,سرمايه‌گذاري‌غدير(هلدينگ‌,3466,24420404,368504692060,14750,15000,15110,360,2.44,15090,340,2.31,14750,15380,1400-6-23,2021-09-14
94,وپارس,بانك‌پارسيان‌,3417,60156151,185107773926,3029,3070,3099,70,2.31,3077,48,1.58,3003,3120,1400-6-23,2021-09-14
95,قنيشا,قند  نيشابور,3373,3117193,156792245180,51500,49310,50350,-1150,-2.23,50300,-1200,-2.33,48980,52200,1400-6-23,2021-09-14
96,وايران,ليزينگ ايرانيان,3343,21355912,133330520980,6490,6210,6300,-190,-2.93,6240,-250,-3.85,6170,6540,1400-6-23,2021-09-14
97,ثشاهد,سرمايه‌ گذاري‌ شاهد,3323,11268084,202240318860,17210,17000,18070,860,5,17950,740,4.3,17000,18070,1400-6-23,2021-09-14
98,پاسا,ايران‌ياساتايرورابر,3322,11805888,261216881960,22950,22990,21820,-1130,-4.92,22130,-820,-3.57,21810,23500,1400-6-23,2021-09-14
99,اعتماد,صندوق س.اعتماد آفرين پارسيان-د,3145,72485080,2806640731010,38701,38719,38722,21,0.05,38720,19,0.05,38719,38724,1400-6-23,2021-09-14
100,اخابر,مخابرات ايران,3090,17135704,177155168220,10380,10010,10240,-140,-1.35,10340,-40,-0.39,10010,10600,1400-6-23,2021-09-14
101,زكوثر,سرمايه گذاري كشاورزي كوثر,2982,4229886,92156701550,21870,21800,21480,-390,-1.78,21790,-80,-0.37,21300,22750,1400-6-23,2021-09-14
102,كحافظح,ح . كاشي‌ وسراميك‌ حافظ‌,2962,33021671,92492238442,2637,2800,2719,82,3.11,2801,164,6.22,2700,2890,1400-6-23,2021-09-14
103,ملت,بيمه ملت,2917,89026645,124470766958,1381,1361,1409,28,2.03,1398,17,1.23,1351,1419,1400-6-23,2021-09-14
104,لخزر,پارس‌ خزر,2912,1799670,314006541240,182200,173090,173090,-9110,-5,174480,-7720,-4.24,173090,181500,1400-6-23,2021-09-14
105,كدما,معدني‌ دماوند,2909,1770136,331243672690,182620,180510,191750,9130,5,187130,4510,2.47,180510,191750,1400-6-23,2021-09-14
106,تملت,تامين سرمايه بانك ملت,2895,11311277,60617106430,5150,5100,5400,250,4.85,5360,210,4.08,5090,5400,1400-6-23,2021-09-14
107,كنور,توسعه معدني و صنعتي صبانور,2893,10764037,210891273640,19160,19510,19660,500,2.61,19590,430,2.24,19210,19990,1400-6-23,2021-09-14
108,سرو,صندوق س سروسودمند مدبران-سهام,2847,2769576,221564698180,77780,78500,80890,3110,4,80000,2220,2.85,78500,80910,1400-6-23,2021-09-14
109,فاذر,صنايع‌ آذرآب‌,2808,94751798,123769359836,1293,1300,1290,-3,-0.23,1306,13,1.01,1268,1335,1400-6-23,2021-09-14
110,هاي وب,داده گسترعصرنوين-هاي وب,2794,13090770,122911749840,9130,9160,9390,260,2.85,9390,260,2.85,9160,9520,1400-6-23,2021-09-14
111,فخوز,فولاد  خوزستان,2774,11594751,211390752940,17920,17990,18140,220,1.23,18230,310,1.73,17990,18450,1400-6-23,2021-09-14
112,فارس,صنايع پتروشيمي خليج فارس,2739,13055416,166439009670,12650,12740,12680,30,0.24,12750,100,0.79,12640,12900,1400-6-23,2021-09-14
113,رمپنا,گروه مپنا (سهامي عام),2677,16883470,331112720830,19530,19410,19510,-20,-0.1,19610,80,0.41,19350,19950,1400-6-23,2021-09-14
114,امين يكم,صندوق درآمد ثابت امين يكم فردا,2659,70001576,708526820489,10115,10120,10122,7,0.07,10122,7,0.07,10119,10126,1400-6-23,2021-09-14
115,فروي,ذوب روي اصفهان,2624,2054628,71111091924,33717,33740,34720,1003,2.97,34610,893,2.65,33740,35000,1400-6-23,2021-09-14
116,خزاميا,زامياد,2603,17606938,135426218340,7430,7440,7800,370,4.98,7690,260,3.5,7440,7800,1400-6-23,2021-09-14
117,ديران,ايران‌دارو,2593,8501746,255723932860,28830,29120,30240,1410,4.89,30080,1250,4.34,29010,30270,1400-6-23,2021-09-14
118,ساوه,سيمان ساوه,2556,365817,21455771140,57046,59688,58665,1619,2.84,58652,1606,2.82,58000,59688,1400-6-23,2021-09-14
119,سفاسي,شركت فارسيت اهواز,2535,11707827,70501910973,6111,5928,6101,-10,-0.16,6022,-89,-1.46,5928,6210,1400-6-23,2021-09-14
120,بالبر,كابل‌ البرز,2504,3740737,132814981330,36940,35100,36260,-680,-1.84,35510,-1430,-3.87,35100,36640,1400-6-23,2021-09-14
121,كتوكا,توليدي و خدمات صنايع نسوز توكا,2445,4393614,102499029283,23493,23010,23080,-413,-1.76,23329,-164,-0.7,22510,23990,1400-6-23,2021-09-14
122,كترام,توليدي‌ كاشي‌ تكسرام‌,2438,5087322,149218196000,29820,28380,28610,-1210,-4.06,29330,-490,-1.64,28380,30650,1400-6-23,2021-09-14
123,ختور,رادياتور ايران‌,2419,7879566,202784894120,24560,25770,25780,1220,4.97,25740,1180,4.8,25400,25780,1400-6-23,2021-09-14
124,بنو,بيمه تجارت نو,2415,12109117,184741400544,15330,15554,14923,-407,-2.65,15256,-74,-0.48,14900,15699,1400-6-23,2021-09-14
125,دبالك,مواد اوليه دارويي البرز بالك,2408,6193622,92753767714,15410,15420,14970,-440,-2.86,14976,-434,-2.82,14650,15420,1400-6-23,2021-09-14
126,هرمز,فولاد هرمزگان جنوب,2389,13596993,255123577699,17995,17751,18894,899,5,18763,768,4.27,17751,18894,1400-6-23,2021-09-14
127,بجهرم,توسعه مولد نيروگاهي جهرم,2378,24948116,62463316606,2464,2450,2510,46,1.87,2504,40,1.62,2450,2550,1400-6-23,2021-09-14
128,بترانس,ايران‌ ترانسفو,2344,38257125,103209529806,2647,2710,2673,26,0.98,2698,51,1.93,2662,2740,1400-6-23,2021-09-14
129,ختوقا,قطعات‌ اتومبيل‌ ايران‌,2327,31719080,87567229995,2739,2666,2730,-9,-0.33,2761,22,0.8,2666,2830,1400-6-23,2021-09-14
130,بپاس,بيمه پاسارگاد,2324,3363129,249198739831,77885,73991,73991,-3894,-5,74097,-3788,-4.86,73991,75200,1400-6-23,2021-09-14
131,فنورد,نوردوقطعات‌ فولادي‌,2311,671055,149330252100,218030,227500,218200,170,0.08,222530,4500,2.06,207150,228930,1400-6-23,2021-09-14
132,ساينا,صنايع بهداشتي ساينا,2309,1276157,185771061169,148177,155585,142000,-6177,-4.17,145571,-2606,-1.76,140769,155585,1400-6-23,2021-09-14
133,غويتا,ويتانا,2261,8299539,75137170192,8807,9000,8900,93,1.06,9053,246,2.79,8815,9240,1400-6-23,2021-09-14
134,زماهان,مجتمع توليد گوشت مرغ ماهان,2222,5827035,75835783655,13161,13000,12733,-428,-3.25,13014,-147,-1.12,12620,13590,1400-6-23,2021-09-14
135,ونوين,بانك‌اقتصادنوين‌,2222,47062847,212090450522,4388,4330,4515,127,2.89,4507,119,2.71,4330,4557,1400-6-23,2021-09-14
136,خمحركه,نيرو محركه‌,2214,17404170,80569636183,4543,4550,4669,126,2.77,4629,86,1.89,4543,4693,1400-6-23,2021-09-14
137,غفارس,شير پاستوريزه پگاه فارس,2204,6584327,79233207360,12257,11751,11860,-397,-3.24,12034,-223,-1.82,11670,12540,1400-6-23,2021-09-14
138,وسديد,گروه ‌صنعتي‌سديد,2196,35622249,55399681236,1602,1554,1554,-48,-3,1555,-47,-2.93,1554,1579,1400-6-23,2021-09-14
139,كلر,كلر پارس,2186,973541,113481161521,113638,111210,118210,4572,4.02,116565,2927,2.58,111210,118850,1400-6-23,2021-09-14
140,سصفها,سيمان‌اصفهان‌,2156,1922808,121399372320,61080,61990,62410,1330,2.18,63140,2060,3.37,61090,64130,1400-6-23,2021-09-14
141,خزر,فنرسازي‌زر,2137,6726645,123893750330,17760,17530,18640,880,4.95,18420,660,3.72,17510,18640,1400-6-23,2021-09-14
142,ماديرا,صنايع ماديران,2136,11154611,103739838171,9057,8919,9390,333,3.68,9300,243,2.68,8919,9420,1400-6-23,2021-09-14
143,فجر,فولاد اميركبيركاشان,2133,7164631,206179473830,27470,27500,28840,1370,4.99,28780,1310,4.77,27500,28840,1400-6-23,2021-09-14
144,كاوه,فولاد كاوه جنوب كيش,2129,8438476,170745306620,19700,19800,20330,630,3.2,20230,530,2.69,19710,20380,1400-6-23,2021-09-14
145,شبريز,پالايش نفت تبريز,2107,10550194,402308108480,36390,36600,38200,1810,4.97,38130,1740,4.78,36600,38200,1400-6-23,2021-09-14
146,وساپا,سرمايه‌گذاري‌ سايپا,2104,18505699,104743165970,5420,5420,5690,270,4.98,5660,240,4.43,5420,5690,1400-6-23,2021-09-14
147,پارسان,گسترش نفت و گاز پارسيان,2065,17428169,548968872880,30170,30500,31660,1490,4.94,31500,1330,4.41,30090,31670,1400-6-23,2021-09-14
148,پارند,صندوق س. پارند پايدار سپهر,2058,87613228,880142048563,10040,10045,10046,6,0.06,10046,6,0.06,10045,10047,1400-6-23,2021-09-14
149,چدن,توليدي چدن سازان,2038,20899711,89110427572,4201,4238,4250,49,1.17,4264,63,1.5,4120,4349,1400-6-23,2021-09-14
150,ددام,داروسازي زاگرس فارمد پارس,2028,7772716,133387229520,16850,16680,17190,340,2.02,17160,310,1.84,16100,17690,1400-6-23,2021-09-14
151,كنورح,ح توسعه معدني و صنعتي صبانور,2028,14003006,236459459020,16750,17010,16750,0,0,16890,140,0.84,16500,17350,1400-6-23,2021-09-14
152,تاپيكو,س. نفت و گاز و پتروشيمي تأمين,2016,9796438,136131042070,13670,13770,13810,140,1.02,13900,230,1.68,13700,14060,1400-6-23,2021-09-14
153,شفارس,صنايع‌ شيميايي‌ فارس‌,2002,30941853,62872263389,2030,2048,2018,-12,-0.59,2032,2,0.1,1984,2078,1400-6-23,2021-09-14
154,لپارس,پارس‌ الكتريك‌,1988,1243179,189830010770,145900,150000,153190,7290,5,152700,6800,4.66,147040,153190,1400-6-23,2021-09-14
155,پتاير,ايران‌ تاير,1975,25633909,76886091308,2953,3010,3000,47,1.59,2999,46,1.56,2942,3035,1400-6-23,2021-09-14
156,خمحور,توليدمحورخودرو,1965,25933181,104819675313,4066,3930,4031,-35,-0.86,4042,-24,-0.59,3890,4150,1400-6-23,2021-09-14
157,آگاس,صندوق س.هستي بخش آگاه-س,1928,2919132,247283013463,83261,83500,85963,2702,3.25,84711,1450,1.74,83410,85963,1400-6-23,2021-09-14
158,كيسون,شركت كيسون,1909,12341194,119862819088,9495,9691,9779,284,2.99,9712,217,2.29,9537,9779,1400-6-23,2021-09-14
159,ثاخت,بين‌المللي‌توسعه‌ساختمان,1895,23566082,65686415879,2718,2790,2745,27,0.99,2787,69,2.54,2730,2836,1400-6-23,2021-09-14
160,ثنوسا,نوسازي‌وساختمان‌تهران‌,1883,15103173,135640032460,8850,9050,8930,80,0.9,8980,130,1.47,8680,9250,1400-6-23,2021-09-14
161,خاور,ايران خودرو ديزل,1873,12043551,107017202041,8878,8833,8830,-48,-0.54,8886,8,0.09,8601,9096,1400-6-23,2021-09-14
162,اميد,تامين سرمايه اميد,1865,12082478,84373837670,7010,6700,6970,-40,-0.57,6980,-30,-0.43,6670,7290,1400-6-23,2021-09-14
163,ولساپا,ليزينگ رايان‌ سايپا,1854,25080586,75737428470,2924,2990,3070,146,4.99,3020,96,3.28,2910,3070,1400-6-23,2021-09-14
164,كالا,بورس كالاي ايران,1847,7553871,342870204690,43230,45390,45390,2160,5,45390,2160,5,45390,45390,1400-6-23,2021-09-14
165,شغدير,پتروشيمي غدير,1845,2735719,263851263580,92170,93900,96760,4590,4.98,96450,4280,4.64,93680,96770,1400-6-23,2021-09-14
166,ومعادن,توسعه‌معادن‌وفلزات‌,1830,10215499,114449658320,10940,11000,11190,250,2.29,11200,260,2.38,10950,11450,1400-6-23,2021-09-14
167,كوير,توليدي فولاد سپيد فراب كوير,1817,6361348,97067430970,14980,15060,15180,200,1.34,15260,280,1.87,15060,15480,1400-6-23,2021-09-14
168,ثالوند,سرمايه گذاري مسكن الوند,1783,3000312,64087187231,21616,21800,21204,-412,-1.91,21360,-256,-1.18,21181,21800,1400-6-23,2021-09-14
169,شلرد,كود شيميايي اوره لردگان,1778,17079139,144175953910,8284,8310,8532,248,2.99,8442,158,1.91,8066,8532,1400-6-23,2021-09-14
170,حفارس,حمل و نقل بين المللي خليج فارس,1774,22596294,98305828153,4166,4020,4374,208,4.99,4351,185,4.44,4020,4374,1400-6-23,2021-09-14
171,قرن,پديده شيمي قرن,1749,2216010,76853639040,34230,33950,34650,420,1.23,34680,450,1.31,33470,35480,1400-6-23,2021-09-14
172,ثفارس,عمران‌وتوسعه‌فارس‌,1745,16524574,178105313580,10450,10300,10970,520,4.98,10780,330,3.16,10070,10970,1400-6-23,2021-09-14
173,خكار,ايركا پارت صنعت,1737,5598190,100520814030,17630,17810,18240,610,3.46,17960,330,1.87,17500,18250,1400-6-23,2021-09-14
174,وپاسار,بانك  پاسارگاد,1735,31140444,466161171730,14960,14950,14990,30,0.2,14970,10,0.07,14950,14990,1400-6-23,2021-09-14
175,ولغدر,ليزينگ‌خودروغدير,1717,5587308,87180893210,15840,15130,15510,-330,-2.08,15600,-240,-1.52,15130,16190,1400-6-23,2021-09-14
176,پاكشو,گروه صنعتي پاكشو,1713,11201668,65820607370,5990,5940,5850,-140,-2.34,5920,-70,-1.17,5800,5990,1400-6-23,2021-09-14
177,ضخود7075,اختيارخ خودرو-2000-1400/07/07,1706,62542,11345132000,168,190,175,7,4.17,181,13,7.74,170,200,1400-6-23,2021-09-14
178,شاراك,پتروشيمي شازند,1694,3378745,146527324900,42150,42500,43390,1240,2.94,43370,1220,2.89,42400,44200,1400-6-23,2021-09-14
179,ثنور,سرمايه گذاري كوه نور,1685,9940541,72284147263,7419,7197,7305,-114,-1.54,7272,-147,-1.98,7197,7590,1400-6-23,2021-09-14
180,ونيرو,سرمايه‌گذاري‌نيرو,1673,20723303,63776727813,2991,3010,3140,149,4.98,3078,87,2.91,2950,3140,1400-6-23,2021-09-14
181,سيلام,سيمان‌ ايلام‌,1665,10619906,110302831450,9950,10300,10440,490,4.92,10390,440,4.42,10110,10440,1400-6-23,2021-09-14
182,حآسا,آسيا سير ارس,1660,4208586,104700712608,23815,23150,25005,1190,5,24878,1063,4.46,23150,25005,1400-6-23,2021-09-14
183,ونيكي,سرمايه‌گذاري‌ ملي‌ايران‌,1656,15572044,170175260320,10470,10560,10990,520,4.97,10930,460,4.39,10560,10990,1400-6-23,2021-09-14
184,غشهداب,كشت و صنعت شهداب ناب خراسان,1654,14281832,52727459583,3627,3680,3675,48,1.32,3692,65,1.79,3631,3738,1400-6-23,2021-09-14
185,ومهان,گروه توسعه مالي مهر آيندگان,1654,4167945,67011753607,15582,15800,16000,418,2.68,16078,496,3.18,15800,16361,1400-6-23,2021-09-14
186,تاپكيش,تجارت الكترونيك پارسيان كيش,1646,12359888,200628509665,15507,15970,16280,773,4.98,16232,725,4.68,15660,16282,1400-6-23,2021-09-14
187,سمتاز,سيمان ممتازان كرمان,1641,4176468,89239309397,22447,21325,21325,-1122,-5,21367,-1080,-4.81,21325,22300,1400-6-23,2021-09-14
188,كحافظ,كاشي‌ وسراميك‌ حافظ‌,1601,15390080,68464649567,4277,4490,4400,123,2.88,4449,172,4.02,4356,4490,1400-6-23,2021-09-14
189,خوساز,محورسازان‌ايران‌خودرو,1600,16264902,154547441770,9280,9000,9450,170,1.83,9500,220,2.37,9000,9690,1400-6-23,2021-09-14
190,دتوزيع,توزيع دارو پخش,1579,3325977,118247819199,33956,33235,35653,1697,5,35553,1597,4.7,33235,35653,1400-6-23,2021-09-14
191,وهور,مديريت انرژي اميد  تابان هور,1577,31489821,58112519663,1852,1870,1834,-18,-0.97,1845,-7,-0.38,1765,1900,1400-6-23,2021-09-14
192,ارفع,شركت آهن و فولاد ارفع,1573,3814882,65035688928,17005,17193,16901,-104,-0.61,17039,34,0.2,16861,17400,1400-6-23,2021-09-14
193,مرقام,ايران‌ارقام‌,1566,4053075,68939927600,17090,16770,16850,-240,-1.4,17010,-80,-0.47,16560,17400,1400-6-23,2021-09-14
194,رانفور,خدمات‌انفورماتيك‌,1566,12061080,84447297880,6930,6900,6910,-20,-0.29,7000,70,1.01,6900,7200,1400-6-23,2021-09-14
195,تسه0005,امتيازتسهيلات مسكن مرداد 1400,1566,73504,43861252481,592558,592558,600000,7442,1.26,596719,4161,0.7,571320,600000,1400-6-23,2021-09-14
196,چفيبر,فيبر ايران‌,1561,10418060,80876256630,7930,7600,7830,-100,-1.26,7760,-170,-2.14,7540,8100,1400-6-23,2021-09-14
197,وتوصا,گروه س توسعه صنعتي ايران,1547,8393137,84786103580,9800,9810,10090,290,2.96,10100,300,3.06,9800,10280,1400-6-23,2021-09-14
198,دلقما,دارويي‌ لقمان‌,1546,3579319,169077563190,45200,46900,47400,2200,4.87,47240,2040,4.51,45200,47460,1400-6-23,2021-09-14
199,دانا,بيمه دانا,1545,24537955,160308864040,6260,6260,6570,310,4.95,6530,270,4.31,6180,6570,1400-6-23,2021-09-14
200,آپ,آسان پرداخت پرشين,1527,8469064,119677804620,13970,14130,13960,-10,-0.07,14130,160,1.15,13500,14640,1400-6-23,2021-09-14
201,كگل,معدني و صنعتي گل گهر,1524,5132362,122373245310,23660,23040,23740,80,0.34,23840,180,0.76,23040,24090,1400-6-23,2021-09-14
202,ثتران,سرمايه گذاري مسكن تهران,1524,29812422,129206735104,4145,4071,4320,175,4.22,4334,189,4.56,4071,4352,1400-6-23,2021-09-14
203,وبانك,سرمايه گذاري گروه توسعه ملي,1523,11196593,98806247700,8630,8720,8820,190,2.2,8820,190,2.2,8650,8900,1400-6-23,2021-09-14
204,كبافق,معادن‌ بافق‌,1507,1916531,81243008160,40450,41450,42470,2020,4.99,42390,1940,4.8,40530,42470,1400-6-23,2021-09-14
205,فسرب,ملي‌ سرب‌وروي‌ ايران‌,1507,1056177,82538628710,78840,77500,78000,-840,-1.07,78150,-690,-0.88,76920,80890,1400-6-23,2021-09-14
206,وثخوز,سرمايه گذاري و توسعه خوزستان,1502,1424045,59827782545,43363,42130,41650,-1713,-3.95,42013,-1350,-3.11,41200,44490,1400-6-23,2021-09-14
207,خبازرس,بازرسي مهندسي و صنعتي ايران,1500,2957736,82706104119,27994,27002,28198,204,0.73,27963,-31,-0.11,27000,28800,1400-6-23,2021-09-14
208,حفاري,حفاري شمال,1499,6993418,46348869040,6490,6500,6680,190,2.93,6630,140,2.16,6420,6750,1400-6-23,2021-09-14
209,پارس,پتروشيمي پارس,1498,799028,164339393250,205650,205650,206500,850,0.41,205670,20,0.01,204540,208000,1400-6-23,2021-09-14
210,رتاپ,تجارت الكترونيك  پارسيان,1492,6796943,45704245450,6750,6700,6690,-60,-0.89,6720,-30,-0.44,6550,6990,1400-6-23,2021-09-14
211,دتوليد,داروسازي توليد دارو,1478,3999015,63872053059,15646,15160,15800,154,0.98,15972,326,2.08,15160,16390,1400-6-23,2021-09-14
212,شيران,س. صنايع‌شيميايي‌ايران,1471,3309621,89940998750,26900,27690,27180,280,1.04,27160,260,0.97,26700,27690,1400-6-23,2021-09-14
213,غصينو,صنعتي مينو,1462,3784910,78098324923,21077,20100,20433,-644,-3.06,20658,-419,-1.99,20100,21098,1400-6-23,2021-09-14
214,شفن,پتروشيمي فناوران,1448,213194,81926914190,381520,374180,381600,80,0.02,383760,2240,0.59,374180,386770,1400-6-23,2021-09-14
215,قشكر,شكرشاهرود,1424,22532157,96078609949,4083,4100,4200,117,2.87,4264,181,4.43,4100,4287,1400-6-23,2021-09-14
216,سكارون,سيمان كارون,1410,908237,82609240695,95626,90845,90845,-4781,-5,90956,-4670,-4.88,90845,92593,1400-6-23,2021-09-14
217,كپشير,پشم‌شيشه‌ايران‌,1396,2591558,53172736740,20290,19300,20470,180,0.89,20520,230,1.13,19300,21090,1400-6-23,2021-09-14
218,بكام,كارخانجات توليدي شهيد قندي,1392,12709021,39102822711,3023,2951,3063,40,1.32,3077,54,1.79,2951,3135,1400-6-23,2021-09-14
219,وسبحان,سرمايه گذاري سبحان,1382,32141260,111749832971,3491,3410,3531,40,1.15,3477,-14,-0.4,3410,3550,1400-6-23,2021-09-14
220,نطرين,عطرين نخ قم,1370,9145245,80728014788,8455,8690,8877,422,4.99,8827,372,4.4,8455,8877,1400-6-23,2021-09-14
221,زاگرس,پتروشيمي زاگرس,1370,364311,99663063039,265207,265200,272000,6793,2.56,273182,7975,3.01,265200,277000,1400-6-23,2021-09-14
222,ميدكو,توسعه معادن وص.معدني خاورميانه,1350,2963154,138236253090,46660,46680,46450,-210,-0.45,46650,-10,-0.02,45990,47120,1400-6-23,2021-09-14
223,وصنعت,سرمايه گذاري توسعه صنعت وتجارت,1340,5675982,40269475340,7060,7050,7060,0,0,7090,30,0.42,7030,7180,1400-6-23,2021-09-14
224,كرازي,كارخانجات‌توليدي‌شيشه‌رازي‌,1336,40537340,66575991576,1570,1610,1648,78,4.97,1642,72,4.59,1591,1648,1400-6-23,2021-09-14
225,كسرام,پارس‌ سرام‌,1331,8882860,56056302070,6260,6260,6290,30,0.48,6310,50,0.8,6220,6500,1400-6-23,2021-09-14
226,كچاد,معدني‌وصنعتي‌چادرملو,1329,4488416,136377126770,30020,30050,30190,170,0.57,30380,360,1.2,29750,30680,1400-6-23,2021-09-14
227,تبرك,گروه كارخانجات صنعتي تبرك,1313,3607064,50049477064,13615,13600,13980,365,2.68,13875,260,1.91,13500,14029,1400-6-23,2021-09-14
228,غپينو,پارس‌ مينو,1312,7509604,40717848080,5290,5270,5380,90,1.7,5420,130,2.46,5270,5510,1400-6-23,2021-09-14
229,تاصيكو,سرمايه گذاري صدرتامين,1311,6104588,65030099030,10620,10330,10710,90,0.85,10640,20,0.19,10330,10790,1400-6-23,2021-09-14
230,غسالم,سالمين‌,1295,6929101,26545067023,3732,3760,3811,79,2.12,3831,99,2.65,3701,3890,1400-6-23,2021-09-14
231,شپديس,پتروشيمي پرديس,1291,1214428,193034213480,154670,157380,158700,4030,2.61,158950,4280,2.77,154010,161000,1400-6-23,2021-09-14
232,حتوكا,حمل‌ونقل‌توكا,1290,3773319,78850778380,19970,19970,20960,990,4.96,20900,930,4.66,19970,20960,1400-6-23,2021-09-14
233,خپويش,سازه‌ پويش‌,1288,1104182,85957061880,79190,82000,76400,-2790,-3.52,77850,-1340,-1.69,75240,82000,1400-6-23,2021-09-14
234,نوين,بيمه نوين,1288,17991198,101726252732,5412,5595,5682,270,4.99,5654,242,4.47,5483,5682,1400-6-23,2021-09-14
235,بكهنوج,توليد برق ماهتاب كهنوج,1278,21392751,34899426031,1608,1601,1625,17,1.06,1631,23,1.43,1601,1659,1400-6-23,2021-09-14
236,وآذر,سرمايه‌گذاري‌توسعه‌آذربايجان‌,1276,1255355,84470352120,64420,64490,67640,3220,5,67290,2870,4.46,64490,67640,1400-6-23,2021-09-14
237,كپارس,كاشي‌ پارس‌,1268,939086,132299596230,134280,140990,140990,6710,5,140880,6600,4.92,138250,140990,1400-6-23,2021-09-14
238,غديس,پاكديس,1265,6668402,100788933919,14800,14820,15000,200,1.35,15114,314,2.12,14820,15530,1400-6-23,2021-09-14
239,مدير,ص.س.مديريت ثروت ص.بازنشستگي-س,1253,9810723,101337038162,10098,10121,10483,385,3.81,10329,231,2.29,10121,10496,1400-6-23,2021-09-14
240,تكنو,تكنوتار,1248,6171845,91995618590,15570,14800,14900,-670,-4.3,14910,-660,-4.24,14800,15560,1400-6-23,2021-09-14
241,كوثر,بيمه كوثر,1247,5397484,72771228223,13147,13479,13598,451,3.43,13482,335,2.55,12985,13750,1400-6-23,2021-09-14
242,خمهر,مهركام‌پارس‌,1243,33901435,85486796234,2409,2409,2529,120,4.98,2522,113,4.69,2339,2529,1400-6-23,2021-09-14
243,تليسه,دامداري تليسه نمونه,1243,9860962,35659629496,3528,3420,3551,23,0.65,3616,88,2.49,3420,3697,1400-6-23,2021-09-14
244,كسرا,سراميك‌هاي‌صنعتي‌اردكان‌,1242,4941966,97538436790,19090,19000,19550,460,2.41,19740,650,3.4,18950,20040,1400-6-23,2021-09-14
245,فوكا,فولاد كاويان,1238,10808713,168168031840,15247,15000,15704,457,3,15559,312,2.05,15000,15704,1400-6-23,2021-09-14
246,وخاور,بانك خاورميانه,1224,9464305,58801688720,6210,6150,6240,30,0.48,6210,0,0,6150,6300,1400-6-23,2021-09-14
247,ثعمرا,عمران و توسعه شاهد,1224,5146941,61298493675,11766,11819,12004,238,2.02,11910,144,1.22,11510,12330,1400-6-23,2021-09-14
248,افران,صندوق س افرا نماد پايدار-ثابت,1223,35294840,503367253467,14254,14261,14264,10,0.07,14262,8,0.06,14261,14266,1400-6-23,2021-09-14
249,چكارن,كارتن‌ ايران‌,1202,12789737,41346870515,3197,3150,3233,36,1.13,3233,36,1.13,3150,3290,1400-6-23,2021-09-14
250,هماي,صندوق س هماي آگاه-ثابت,1200,3590294,37402842041,10420,10417,10417,-3,-0.03,10418,-2,-0.02,10417,10420,1400-6-23,2021-09-14
251,وجامي,سرمايه گذاري جامي,1198,3914232,42509692297,11320,10755,11100,-220,-1.94,10860,-460,-4.06,10754,11320,1400-6-23,2021-09-14
252,فولاژ,فولاد آلياژي ايران,1184,3267425,58405537100,17960,18170,17770,-190,-1.06,17900,-60,-0.33,17510,18300,1400-6-23,2021-09-14
253,شپترو,پتروشيمي آبادان,1177,16883900,85155335886,4907,4900,5030,123,2.51,5044,137,2.79,4900,5054,1400-6-23,2021-09-14
254,وساخت,سرمايه‌ گذاري‌ ساختمان‌ايران‌,1174,1173863,59648611680,48830,50500,50450,1620,3.32,50810,1980,4.05,48880,51270,1400-6-23,2021-09-14
255,وحكمت,بيمه حكمت صبا,1172,12912044,61739884456,4785,4661,4784,-1,-0.02,4782,-3,-0.06,4642,4928,1400-6-23,2021-09-14
256,فنوال,نورد آلومينيوم‌,1171,2494287,80867243070,32300,33290,32020,-280,-0.87,32420,120,0.37,31740,33860,1400-6-23,2021-09-14
257,شتوكا,توكا رنگ فولاد سپاهان,1164,1603496,55399815113,34260,33800,35003,743,2.17,34549,289,0.84,33760,35194,1400-6-23,2021-09-14
258,فاما,صنعتي‌ آما,1164,3854181,72425424590,19050,18510,18270,-780,-4.09,18790,-260,-1.36,18100,19410,1400-6-23,2021-09-14
259,افق,فروشگاههاي زنجيره اي افق كوروش,1162,752083,46527194690,61060,61000,62170,1110,1.82,61560,500,0.82,60600,62980,1400-6-23,2021-09-14
260,وگستر,گسترش سرمايه گذاري ايرانيان,1162,3518412,38794059833,10859,10610,11040,181,1.67,11026,167,1.54,10610,11170,1400-6-23,2021-09-14
261,كلوند,كاشي‌ الوند,1160,3334075,85697701330,24520,24520,25740,1220,4.98,25700,1180,4.81,24520,25740,1400-6-23,2021-09-14
262,ثغرب,شركت سرمايه گذاري مسكن شمالغرب,1154,7688840,52494782535,6791,6910,6899,108,1.59,6827,36,0.53,6541,7020,1400-6-23,2021-09-14
263,سامان,بانك سامان,1151,9902235,91979412982,9223,9349,9290,67,0.73,9289,66,0.72,9030,9490,1400-6-23,2021-09-14
264,سشرق,سيمان‌ شرق‌,1144,10803451,94139738870,8310,8670,8720,410,4.93,8710,400,4.81,8310,8720,1400-6-23,2021-09-14
265,غگرجي,بيسكويت‌  گرجي‌,1143,11064579,32905509281,2882,2814,2970,88,3.05,2974,92,3.19,2814,3026,1400-6-23,2021-09-14
266,خكرمان,گروه اقتصادي كرمان خودرو,1143,11799888,43875284084,3714,3820,3690,-24,-0.65,3718,4,0.11,3670,3820,1400-6-23,2021-09-14
267,وصندوق,سرمايه‌گذاري‌صندوق‌بازنشستگي‌,1130,9697993,182263325260,18170,17950,19040,870,4.79,18790,620,3.41,17910,19070,1400-6-23,2021-09-14
268,دحاوي,الحاوي,1124,6783162,52484174722,7959,7721,7731,-228,-2.86,7737,-222,-2.79,7721,7996,1400-6-23,2021-09-14
269,شلعاب,لعابيران‌,1123,5669707,50455794790,8520,8770,8940,420,4.93,8900,380,4.46,8630,8940,1400-6-23,2021-09-14
270,دجابر,داروسازي‌ جابرابن‌حيان‌,1121,6031263,98585240140,15590,16360,16280,690,4.43,16350,760,4.87,15930,16360,1400-6-23,2021-09-14
271,آ س پ,آ.س.پ,1120,4193178,46078903546,10757,10510,11270,513,4.77,10989,232,2.16,10510,11294,1400-6-23,2021-09-14
272,تابا,تابان نيرو سپاهان,1116,892800,28258481544,30983,31912,31555,572,1.85,31652,669,2.16,30983,31912,1400-6-23,2021-09-14
273,ورازي,بيمه رازي,1116,29898148,56159742344,1829,1764,1855,26,1.42,1878,49,2.68,1764,1916,1400-6-23,2021-09-14
274,سبهان,سيمان‌ بهبهان‌,1106,575157,36835853600,62250,62000,64700,2450,3.94,64040,1790,2.88,62000,65090,1400-6-23,2021-09-14
275,ميهن,بيمه ميهن,1100,9752679,35675277406,3678,3554,3587,-91,-2.47,3658,-20,-0.54,3554,3785,1400-6-23,2021-09-14
276,وپسا,س. پتروشيمي ساختمان  خليج فارس,1100,28424914,61802789081,2167,2104,2148,-19,-0.88,2174,7,0.32,2102,2224,1400-6-23,2021-09-14
277,كيميا,معدني كيمياي زنجان گستران,1099,3126908,49454147175,15749,16000,15990,241,1.53,15816,67,0.43,15020,16199,1400-6-23,2021-09-14
278,بنيرو,نيروترانس‌,1094,15261628,40834970493,2748,2670,2643,-105,-3.82,2676,-72,-2.62,2615,2742,1400-6-23,2021-09-14
279,شاوان,پالايش نفت لاوان,1092,1136268,133386359865,112076,111995,117677,5601,5,117390,5314,4.74,111995,117679,1400-6-23,2021-09-14
280,سلار,شركت سيمان لارستان,1090,1384616,43373500690,32598,30969,30969,-1629,-5,31325,-1273,-3.91,30969,33420,1400-6-23,2021-09-14
281,خرينگ,رينگ‌سازي‌مشهد,1087,1971631,84586294090,41170,41170,43220,2050,4.98,42900,1730,4.2,41170,43220,1400-6-23,2021-09-14
282,ستران,سيمان‌ تهران‌,1082,2770175,79859282040,27560,28880,28930,1370,4.97,28830,1270,4.61,27600,28930,1400-6-23,2021-09-14
283,شدوص,دوده‌ صنعتي‌ پارس‌,1080,2995639,73703766140,24690,23830,24440,-250,-1.01,24600,-90,-0.36,23830,25300,1400-6-23,2021-09-14
284,البرز,بيمه البرز,1064,22337424,60088204240,2622,2650,2667,45,1.72,2690,68,2.59,2600,2749,1400-6-23,2021-09-14
285,فاسمين,كالسيمين‌,1059,3346956,57115308430,16650,16960,17130,480,2.88,17060,410,2.46,16430,17300,1400-6-23,2021-09-14
286,بهپاك,صنعتي بهپاك,1057,7067289,49426872139,7011,6920,6930,-81,-1.16,6994,-17,-0.24,6802,7187,1400-6-23,2021-09-14
287,خشرق,الكتريك‌ خودرو شرق‌,1055,4524102,76958179360,16290,16900,16790,500,3.07,17010,720,4.42,16330,17100,1400-6-23,2021-09-14
288,جهرم,پتروشيمي جهرم,1052,23423254,32425904927,1416,1390,1390,-26,-1.84,1384,-32,-2.26,1374,1418,1400-6-23,2021-09-14
289,ارزش,صندوق س ارزش آفرين بيدار-سهام,1048,5207065,55635137070,10400,10500,10750,350,3.37,10680,280,2.69,10500,10780,1400-6-23,2021-09-14
290,حتايد,تايدواترخاورميانه,1031,4141167,101072431350,23290,24290,24450,1160,4.98,24410,1120,4.81,23350,24450,1400-6-23,2021-09-14
291,تشتاد,صنايع توليدي اشتاد ايران‌,1026,4122529,29982731223,7308,7600,7090,-218,-2.98,7273,-35,-0.48,7009,7650,1400-6-23,2021-09-14
292,غبهار,كشت وصنعت بهاران گلبهار خراسان,1021,1599060,27730759445,17660,17160,17131,-529,-3,17342,-318,-1.8,17131,18163,1400-6-23,2021-09-14
293,وشهر,بانك شهر,1021,11588838,72184190739,6271,6260,6175,-96,-1.53,6229,-42,-0.67,6101,6340,1400-6-23,2021-09-14
294,ثاصفا,شركت‌ ساختمان‌ اصفهان‌,1012,1592546,32116008626,20744,20122,20122,-622,-3,20166,-578,-2.79,20122,20500,1400-6-23,2021-09-14
295,طلا,صندوق س.پشتوانه طلاي لوتوس,1012,1266873,107377464767,83941,84754,84800,859,1.02,84758,817,0.97,84400,85000,1400-6-23,2021-09-14
296,سمايه,بانك سرمايه,1007,9169672,43990673615,4939,4791,4892,-47,-0.95,4797,-142,-2.88,4791,4940,1400-6-23,2021-09-14
297,فبيرا,بسته‌ بندي‌ ايران‌,1006,20943498,51272613769,2391,2462,2462,71,2.97,2448,57,2.38,2397,2462,1400-6-23,2021-09-14
298,كرماشا,صنايع پتروشيمي كرمانشاه,1006,1524113,68961525740,45490,45010,45080,-410,-0.9,45250,-240,-0.53,44160,45940,1400-6-23,2021-09-14
299,كروي,توسعه‌ معادن‌ روي‌ ايران‌,990,1552559,43066113520,27320,26500,27420,100,0.37,27740,420,1.54,26500,28200,1400-6-23,2021-09-14
300,غچين,كشت‌ و صنعت‌ چين‌ چين,988,2875734,50181095730,17220,16700,17650,430,2.5,17450,230,1.34,16700,17850,1400-6-23,2021-09-14
301,پكوير,كوير تاير,987,3985439,61715329980,15000,15010,15440,440,2.93,15490,490,3.27,15010,15750,1400-6-23,2021-09-14
302,اطلس,صندوق س.توسعه اندوخته آينده-س,980,344310,91414742037,259131,260000,266501,7370,2.84,265501,6370,2.46,260000,267000,1400-6-23,2021-09-14
303,شوينده,مديريت صنعت شوينده ت.ص.بهشهر,977,2577513,65339880730,25090,25450,25600,510,2.03,25350,260,1.04,24440,26000,1400-6-23,2021-09-14
304,همراه,شركت ارتباطات سيار ايران,964,3226171,33164149480,10300,9910,10170,-130,-1.26,10290,-10,-0.1,9910,10450,1400-6-23,2021-09-14
305,شپارس,بين‌ المللي‌ محصولات‌  پارس‌,962,3237368,46629543130,13830,13860,14230,400,2.89,14400,570,4.12,13860,14520,1400-6-23,2021-09-14
306,گكوثر,هتل پارسيان كوثر اصفهان,955,10363916,23363825309,2225,2254,2232,7,0.31,2254,29,1.3,2200,2298,1400-6-23,2021-09-14
307,تكمبا,كمباين‌ سازي‌ ايران‌,953,5605311,39952901880,7080,7190,7200,120,1.69,7130,50,0.71,6900,7340,1400-6-23,2021-09-14
308,اعتلا,شركت سرمايه گذاري اعتلاء البرز,953,5814922,48555471163,8012,8300,8399,387,4.83,8350,338,4.22,7750,8412,1400-6-23,2021-09-14
309,سفارس,سيمان فارس و خوزستان,949,5940408,125045643980,20060,20860,21060,1000,4.99,21050,990,4.94,20370,21060,1400-6-23,2021-09-14
310,بميلا,توسعه بازرگاني آهن وفولادميلاد,948,3311769,39471645324,12183,12037,11821,-362,-2.97,11919,-264,-2.17,11818,12370,1400-6-23,2021-09-14
311,فجام,جام‌دارو,945,7565316,60537731020,7660,7830,8040,380,4.96,8000,340,4.44,7760,8040,1400-6-23,2021-09-14
312,وآوا,سرمايه گذاري آوا نوين,932,3321639,17242939231,5065,5188,5169,104,2.05,5191,126,2.49,5100,5270,1400-6-23,2021-09-14
313,بزاگرس,نيروگاه زاگرس كوثر,931,5657718,30182787002,5352,5310,5380,28,0.52,5335,-17,-0.32,5085,5490,1400-6-23,2021-09-14
314,بسويچ,پارس‌سويچ‌,930,1209749,32761327900,28260,28620,26850,-1410,-4.99,27080,-1180,-4.18,26850,28830,1400-6-23,2021-09-14
315,وملي,گروه‌ صنعتي‌ ملي‌ (هلدينگ‌,920,384709,93438165170,232020,240000,243620,11600,5,242880,10860,4.68,238430,243620,1400-6-23,2021-09-14
316,ولصنم,ليزينگ‌صنعت‌ومعدن‌,918,4276771,33014266230,7540,7600,7780,240,3.18,7720,180,2.39,7520,7910,1400-6-23,2021-09-14
317,فروس,فروسيليس‌ ايران‌,917,8036690,53878000240,6700,6560,6750,50,0.75,6700,0,0,6560,6900,1400-6-23,2021-09-14
318,آوا,صندوق س.سهام آواي معيار-س,913,3752107,30210709650,7854,8000,8128,274,3.49,8052,198,2.52,7850,8140,1400-6-23,2021-09-14
319,شبهرن,نفت‌ بهران‌,910,3213355,41983968180,12980,12820,13010,30,0.23,13040,60,0.46,12820,13300,1400-6-23,2021-09-14
320,خكمك,كمك‌فنرايندامين‌,904,2447185,54688302360,21300,21810,22360,1060,4.98,22350,1050,4.93,21810,22360,1400-6-23,2021-09-14
321,زبينا,كشاورزي و دامپروري بينالود,904,10537229,34296229975,3243,3242,3288,45,1.39,3255,12,0.37,3180,3340,1400-6-23,2021-09-14
322,سرچشمه,سرمايه گذاري مس سرچشمه,903,5655892,39680299948,6905,6950,6965,60,0.87,7016,111,1.61,6900,7147,1400-6-23,2021-09-14
323,غاذر,كشت‌وصنعت‌پياذر,902,1872008,55484971900,28280,29600,29690,1410,4.99,29640,1360,4.81,28820,29690,1400-6-23,2021-09-14
324,غگلپا,شير پاستوريزه پگاه گلپايگان,901,530446,36251687194,69084,67221,67446,-1638,-2.37,68342,-742,-1.07,67221,69980,1400-6-23,2021-09-14
325,خريخت,صنايع‌ريخته‌گري‌ايران‌,895,10807535,41198479115,3658,3830,3840,182,4.98,3812,154,4.21,3671,3840,1400-6-23,2021-09-14
326,ثشرق,سرمايه گذاري مسكن شمال شرق,892,8684881,50043446940,5510,5760,5780,270,4.9,5760,250,4.54,5600,5780,1400-6-23,2021-09-14
327,وبيمه,سرمايه‌ گذاري‌ صنعت‌ بيمه‌,889,15447857,32174489617,2002,2001,2102,100,5,2083,81,4.05,2001,2102,1400-6-23,2021-09-14
328,ولراز,ليزينگ رازي,886,1198028,33282149083,28279,28780,27749,-530,-1.87,27781,-498,-1.76,27431,28780,1400-6-23,2021-09-14
329,ولانا,شركت ليزينگ آريا دانا,886,1676505,40291949537,23510,22907,24200,690,2.93,24033,523,2.22,22907,24215,1400-6-23,2021-09-14
330,وسينا,بانك سينا,885,18357361,56667280711,3007,2981,3079,72,2.39,3087,80,2.66,2981,3139,1400-6-23,2021-09-14
331,والبر,سرمايه‌ گذاري‌ البرز(هلدينگ‌,879,3881503,36543659730,9270,9310,9540,270,2.91,9410,140,1.51,9200,9580,1400-6-23,2021-09-14
332,غالبر,لبنيات‌ كالبر,875,2481721,33492229970,13150,13210,13450,300,2.28,13500,350,2.66,13210,13780,1400-6-23,2021-09-14
333,اتكامح,ح . بيمه اتكايي امين,873,3045819,7995811441,2558,2600,2572,14,0.55,2625,67,2.62,2400,2755,1400-6-23,2021-09-14
334,خكاوه,سايپا ديزل,873,8146200,33852839891,4134,4015,4180,46,1.11,4156,22,0.53,4015,4248,1400-6-23,2021-09-14
335,كاذر,فرآورده‌هاي‌نسوزآذر,866,1816979,32997177030,17620,17520,18190,570,3.23,18160,540,3.06,17520,18450,1400-6-23,2021-09-14
336,قشرين,قند شيرين خراسان,859,5513888,94363194179,16645,16600,17144,499,3,17114,469,2.82,16550,17144,1400-6-23,2021-09-14
337,سدور,سيمان‌ دورود,847,2537101,23682866740,9090,9420,9290,200,2.2,9330,240,2.64,9170,9500,1400-6-23,2021-09-14
338,وبوعلي,سرمايه‌گذاري‌بوعلي‌,835,8942533,43037770874,4588,4799,4817,229,4.99,4813,225,4.9,4700,4817,1400-6-23,2021-09-14
339,كارين,صندوق س نگين سامان-ثابت,829,36152138,366341811096,10125,10131,10131,6,0.06,10133,8,0.08,10131,10134,1400-6-23,2021-09-14
340,غپاك,لبنيات‌ پاك‌,828,2061113,38666677380,18380,17800,18670,290,1.58,18760,380,2.07,17800,19010,1400-6-23,2021-09-14
341,فرآور,فرآوري‌موادمعدني‌ايران‌,826,839014,29115262570,34030,33080,34450,420,1.23,34700,670,1.97,33080,35640,1400-6-23,2021-09-14
342,ريشمك,توليد و صادرات ريشمك,824,752450,33698313671,44121,44130,44402,281,0.64,44785,664,1.5,44000,45897,1400-6-23,2021-09-14
343,وپترو,سرمايه‌گذاري صنايع پتروشيمي‌,823,7510827,107973500800,13730,13880,14410,680,4.95,14380,650,4.73,13880,14410,1400-6-23,2021-09-14
344,شجم,صنايع پتروشيمي تخت جمشيد,818,4710990,62604968249,13526,13000,13460,-66,-0.49,13289,-237,-1.75,13000,13690,1400-6-23,2021-09-14
345,دلر,داروسازي‌ اكسير,811,1773208,75820213930,42090,42090,42730,640,1.52,42760,670,1.59,41490,43700,1400-6-23,2021-09-14
346,زدشت,كشت و صنعت دشت خرم دره,802,1306993,28346824027,21553,21001,21550,-3,-0.01,21689,136,0.63,21001,21960,1400-6-23,2021-09-14
347,ورنا,سرمايه‌گذاري‌ رنا(هلدينگ‌,794,5500074,30460770840,5390,5580,5540,150,2.78,5540,150,2.78,5420,5590,1400-6-23,2021-09-14
348,خاهن,آهنگري‌ تراكتورسازي‌ ايران‌,792,3427904,27983980950,8060,8000,8240,180,2.23,8160,100,1.24,8000,8300,1400-6-23,2021-09-14
349,ضخود7076,اختيارخ خودرو-2500-1400/07/07,791,40086,854146000,20,22,21,1,5,21,1,5,18,24,1400-6-23,2021-09-14
350,ودي,بيمه  دي,789,3832544,33528637730,8528,8880,8817,289,3.39,8748,220,2.58,8557,8928,1400-6-23,2021-09-14
351,سخزر,سيمان‌ خزر,788,6310319,176109289530,27050,27600,28400,1350,4.99,27910,860,3.18,26250,28400,1400-6-23,2021-09-14
352,دزهراوي,داروسازي‌زهراوي‌,783,2540439,17412751150,6760,6720,6870,110,1.63,6850,90,1.33,6710,6990,1400-6-23,2021-09-14
353,آسيا,بيمه آسيا,782,14682302,31325691304,2065,2062,2142,77,3.73,2134,69,3.34,2062,2157,1400-6-23,2021-09-14
354,وسكاب,س.ص.بازنشستگي كاركنان بانكها,778,10951476,34806365079,3121,3090,3240,119,3.81,3178,57,1.83,3090,3268,1400-6-23,2021-09-14
355,فباهنر,مس‌ شهيدباهنر,774,1113103,31483258320,27740,28300,28220,480,1.73,28280,540,1.95,28000,28690,1400-6-23,2021-09-14
356,ولملت,واسپاري ملت,773,6594147,41744097950,6400,6100,6350,-50,-0.78,6330,-70,-1.09,6100,6600,1400-6-23,2021-09-14
357,شپاكسا,پاكسان‌,772,1617313,37880846460,23420,23750,23210,-210,-0.9,23420,0,0,23180,23950,1400-6-23,2021-09-14
358,حپترو,حمل و نقل پتروشيمي( سهامي عام,770,1039793,38988089120,37380,36150,37040,-340,-0.91,37500,120,0.32,36150,38310,1400-6-23,2021-09-14
359,غشان,شيرپاستوريزه‌پگاه‌خراسان‌,769,6757124,37611100780,5500,5400,5540,40,0.73,5570,70,1.27,5400,5690,1400-6-23,2021-09-14
360,چكاوهح,ح . صنايع‌كاغذسازي‌كاوه‌,767,17245375,186836307080,10240,11260,11000,760,7.42,10830,590,5.76,10600,11260,1400-6-23,2021-09-14
361,وسهمدا,شركت س استان همدان,763,30738350,18541713279,609,585,599,-10,-1.64,605,-4,-0.66,583,627,1400-6-23,2021-09-14
362,ضخود7077,اختيارخ خودرو-3000-1400/07/07,761,35913,75388000,2,2,2,0,0,2,0,0,2,3,1400-6-23,2021-09-14
363,وتوكا,سرمايه‌گذاري‌توكافولاد(هلدينگ,759,4654633,51736776870,10870,10880,11220,350,3.22,11120,250,2.3,10880,11320,1400-6-23,2021-09-14
364,فولاي,صنايع فولاد آلياژي يزد,756,2030509,52974495326,24936,26090,26182,1246,5,26089,1153,4.62,25400,26182,1400-6-23,2021-09-14
365,تكشا,گسترش‌صنايع‌وخدمات‌كشاورزي‌,752,953672,36222542910,36440,35500,38260,1820,4.99,37980,1540,4.23,35500,38260,1400-6-23,2021-09-14
366,غشهد,شهد ايران ‌,750,7050811,41543585580,5650,5480,5930,280,4.96,5890,240,4.25,5420,5930,1400-6-23,2021-09-14
367,ولشرق,ليزينگ ايران و شرق,745,4897247,31840378020,6416,6400,6540,124,1.93,6502,86,1.34,6300,6670,1400-6-23,2021-09-14
368,ثپرديس,سرمايه گذاري مسكن پرديس,743,8925223,58423487457,6318,6320,6633,315,4.99,6546,228,3.61,6320,6633,1400-6-23,2021-09-14
369,كهمدا,شيشه‌ همدان‌,742,3736729,41161994870,10780,10990,10950,170,1.58,11020,240,2.23,10600,11290,1400-6-23,2021-09-14
370,زگلدشت,كشت و دام گلدشت نمونه اصفهان,738,2299663,29761661924,13133,12620,12800,-333,-2.54,12942,-191,-1.45,12620,13420,1400-6-23,2021-09-14
371,قاسم,قاسم ايران,732,2657809,24419070534,9062,8960,9190,128,1.41,9188,126,1.39,8960,9330,1400-6-23,2021-09-14
372,واحيا,م .صنايع و معادن احياء سپاهان,731,649898,119469913872,179362,178418,184742,5380,3,183829,4467,2.49,177093,184742,1400-6-23,2021-09-14
373,افرا,افرانت,730,1478543,44012116576,28812,28040,30252,1440,5,29767,955,3.31,28030,30252,1400-6-23,2021-09-14
374,ثمسكن,سرمايه‌گذاري‌ مسكن‌,726,8016907,44446338960,5300,5540,5560,260,4.91,5540,240,4.53,5410,5560,1400-6-23,2021-09-14
375,چكاوه,صنايع‌كاغذسازي‌كاوه‌,725,2705321,40075013970,14680,14850,14730,50,0.34,14810,130,0.89,14490,15070,1400-6-23,2021-09-14
376,ثاباد,توريستي ورفاهي آبادگران ايران,724,1013989,54974982500,53440,54000,53890,450,0.84,54220,780,1.46,52650,55040,1400-6-23,2021-09-14
377,غشوكو,شوكو پارس,723,882501,23432567378,27215,27000,26690,-525,-1.93,26552,-663,-2.44,26399,27499,1400-6-23,2021-09-14
378,غگلستا,شير پاستوريزه پگاه گلستان,722,1441744,24600297824,16814,16815,17000,186,1.11,17063,249,1.48,16010,17350,1400-6-23,2021-09-14
379,سبزوا,سيمان لار سبزوار,720,9348890,36956162170,3765,3953,3953,188,4.99,3953,188,4.99,3953,3953,1400-6-23,2021-09-14
380,وسصفا,شركت س استان اصفهان,720,45013003,33264670125,777,739,739,-38,-4.89,759,-18,-2.32,739,740,1400-6-23,2021-09-14
381,نمرينو,ايران‌ مرينوس‌,719,403800,43225407660,102520,105000,106630,4110,4.01,107050,4530,4.42,100500,107640,1400-6-23,2021-09-14
382,سپاها,سيمان‌سپاهان‌,717,4488725,44155560680,9640,9990,9840,200,2.07,9840,200,2.07,9560,10020,1400-6-23,2021-09-14
383,كساوه,صنايع‌ كاشي‌ و سراميك‌ سينا,715,994587,54790717070,52680,55140,55310,2630,4.99,55090,2410,4.57,53130,55310,1400-6-23,2021-09-14
384,فخاس,فولاد خراسان,712,2238805,66057561290,30360,28890,29850,-510,-1.68,29760,-600,-1.98,28850,30150,1400-6-23,2021-09-14
385,تسه0004,امتيازتسهيلات مسكن تير1400,706,13830,8169752998,585192,585192,610000,24808,4.24,590727,5535,0.95,570093,610000,1400-6-23,2021-09-14
386,قصفها,قنداصفهان‌,702,165257,18718094140,112900,115000,112580,-320,-0.28,113270,370,0.33,110590,116000,1400-6-23,2021-09-14
387,سصوفي,سيمان‌ صوفيان‌,701,3174318,61951849390,18630,18850,19560,930,4.99,19520,890,4.78,18640,19560,1400-6-23,2021-09-14
388,دكپسول,توليد ژلاتين كپسول ايران,696,1753892,65213208717,35527,35527,37303,1776,5,37182,1655,4.66,35527,37303,1400-6-23,2021-09-14
389,غبشهر,صنعتي‌ بهشهر,696,5562815,162118410530,27860,28500,29250,1390,4.99,29140,1280,4.59,27100,29250,1400-6-23,2021-09-14
390,ساراب,سيمان‌ داراب‌,694,2987006,60569459540,19820,19380,20420,600,3.03,20280,460,2.32,19380,20680,1400-6-23,2021-09-14
391,شيراز,پتروشيمي‌شيراز,694,896733,71072098100,78320,76660,79000,680,0.87,78970,650,0.83,76230,80400,1400-6-23,2021-09-14
392,سدبير,س. تدبيرگران فارس وخوزستان,691,622417,25268008790,39667,40000,41290,1623,4.09,40597,930,2.34,38550,41300,1400-6-23,2021-09-14
393,جوين,كشت و صنعت جوين,690,4924371,17583711280,3591,3520,3571,-20,-0.56,3571,-20,-0.56,3510,3630,1400-6-23,2021-09-14
394,زشگزا,شير و گوشت زاگرس شهركرد,687,3690623,23866195329,6391,6282,6420,29,0.45,6467,76,1.19,6282,6650,1400-6-23,2021-09-14
395,غمينو,شركت صنايع غذايي مينو شرق,685,3246235,37943281060,11194,11680,11753,559,4.99,11688,494,4.41,11400,11753,1400-6-23,2021-09-14
396,سخاش,سيمان‌خاش‌,685,371330,47393972040,121700,125900,127780,6080,5,127630,5930,4.87,124500,127780,1400-6-23,2021-09-14
397,قلرست,قند لرستان‌,674,1069854,27925563070,26150,25430,25850,-300,-1.15,26100,-50,-0.19,25430,26900,1400-6-23,2021-09-14
398,زنگان,صنعت روي زنگان,674,461224,33486036981,70126,71300,73632,3506,5,72603,2477,3.53,69111,73632,1400-6-23,2021-09-14
399,رنيك,جنرال مكانيك,670,1394189,23846745124,16614,16330,17260,646,3.89,17104,490,2.95,16330,17300,1400-6-23,2021-09-14
400,اتكاي,بيمه اتكايي ايرانيان,667,29599068,249545483794,8042,8234,8444,402,5,8431,389,4.84,8044,8444,1400-6-23,2021-09-14
401,سفار,سيمان‌فارس‌,666,234780,21127175270,88600,88500,90100,1500,1.69,89990,1390,1.57,87400,91500,1400-6-23,2021-09-14
402,ومشان,س. فني و مهندسي مشانير,664,241161,17545791416,73385,71400,71184,-2201,-3,72756,-629,-0.86,71184,74930,1400-6-23,2021-09-14
403,كصدف,كاشي صدف سرام استقلال آباده,664,1178631,28466309493,24694,23954,24102,-592,-2.4,24152,-542,-2.19,23954,24900,1400-6-23,2021-09-14
404,كاردان,صندوق س تجارت شاخصي كاردان,660,197811,40872845380,201600,202710,210030,8430,4.18,206630,5030,2.5,202710,210440,1400-6-23,2021-09-14
405,خاذين,سايپاآذين‌,660,7163119,24655407271,3374,3343,3440,66,1.96,3442,68,2.02,3343,3500,1400-6-23,2021-09-14
406,داوه,داروسازي آوه سينا,660,1669822,30345289232,17477,17260,18350,873,5,18173,696,3.98,17260,18350,1400-6-23,2021-09-14
407,وپست,پست بانك ايران,656,5963342,139263982690,22250,22210,23360,1110,4.99,23350,1100,4.94,22210,23360,1400-6-23,2021-09-14
408,سغرب,سيمان‌غرب‌,652,881502,21850277390,24360,25400,24530,170,0.7,24790,430,1.77,24380,25400,1400-6-23,2021-09-14
409,دعبيد,لابراتوارداروسازي‌  دكترعبيدي‌,652,1775696,48789934830,27630,26600,27550,-80,-0.29,27480,-150,-0.54,26600,28320,1400-6-23,2021-09-14
410,پلاسك,پلاسكوكار,652,2460115,17887602060,7180,7430,7140,-40,-0.56,7270,90,1.25,7110,7430,1400-6-23,2021-09-14
411,زقيام,كشت و دام قيام اصفهان,649,1250171,25717379686,20400,19920,20600,200,0.98,20571,171,0.84,19920,21000,1400-6-23,2021-09-14
412,ونفت,سرمايه‌گذاري‌ صنعت‌ نفت‌,649,2116386,36324252170,16870,17000,17290,420,2.49,17160,290,1.72,16850,17590,1400-6-23,2021-09-14
413,بالاس,مهندسي ساختمان تاسيسات راه آهن,647,908183,35453460780,38347,39500,39180,833,2.17,39038,691,1.8,37202,39800,1400-6-23,2021-09-14
414,حبندر,دريايي و کشتيراني خط دريابندر,647,1038809,32595518615,32272,31304,31304,-968,-3,31378,-894,-2.77,31304,32390,1400-6-23,2021-09-14
415,تكنار,مجتمع معادن مس تكنار,646,284630,26103136390,89499,91500,91410,1911,2.14,91709,2210,2.47,89584,92183,1400-6-23,2021-09-14
416,غشاذر,پگاه‌آذربايجان‌غربي‌,645,3138921,25354584880,7910,8090,8150,240,3.03,8080,170,2.15,7890,8240,1400-6-23,2021-09-14
417,دارو,كارخانجات‌داروپخش‌,641,1039028,34769468290,34030,32790,33350,-680,-2,33460,-570,-1.67,32790,35200,1400-6-23,2021-09-14
418,چافست,افست‌,637,2095959,30004542450,13960,13400,14620,660,4.73,14320,360,2.58,13400,14620,1400-6-23,2021-09-14
419,كسعدي,كاشي‌ سعدي‌,636,2209443,28773241760,12560,12460,13180,620,4.94,13020,460,3.66,12460,13180,1400-6-23,2021-09-14
420,وملل,اعتباري ملل,630,2062874,24966342506,11937,12329,12030,93,0.78,12022,85,0.71,11956,12400,1400-6-23,2021-09-14
421,پارسيان,بيمه پارسيان,630,3266028,42591980460,13230,13110,13000,-230,-1.74,13040,-190,-1.44,12710,13380,1400-6-23,2021-09-14
422,ياقوت,صندوق س ياقوت آگاه-ثابت,629,4810056,63131937777,13121,13104,13125,4,0.03,13125,4,0.03,13104,13129,1400-6-23,2021-09-14
423,قچار,فراوردههاي غذايي وقند چهارمحال,629,4393684,66518272879,14683,14510,15417,734,5,15140,457,3.11,14500,15417,1400-6-23,2021-09-14
424,فسازان,غلتك سازان سپاهان,622,743545,24769200680,32430,32330,33400,970,2.99,33310,880,2.71,32330,33830,1400-6-23,2021-09-14
425,ثباغ,شهر سازي و خانه سازي باغميشه,621,3860583,51235691743,13309,12770,13040,-269,-2.02,13271,-38,-0.29,12770,13690,1400-6-23,2021-09-14
426,فپنتا,سپنتا,612,64235,35107831030,539720,525000,544000,4280,0.79,546550,6830,1.27,525000,552340,1400-6-23,2021-09-14
427,ساروم,سيمان‌اروميه‌,612,1177584,49261421370,40360,41300,42090,1730,4.29,41830,1470,3.64,40370,42370,1400-6-23,2021-09-14
428,تپولا,مهندسي مرآت پولاد,610,1395935,33510733456,24579,23850,24420,-159,-0.65,24006,-573,-2.33,23842,24799,1400-6-23,2021-09-14
429,غمهرا,توليدي‌مهرام‌,610,590149,37437001590,62940,60190,63450,510,0.81,63440,500,0.79,60190,65290,1400-6-23,2021-09-14
430,شفارا,پتروشيمي فارابي,604,4089195,28592921357,6794,6970,6997,203,2.99,6992,198,2.91,6880,6997,1400-6-23,2021-09-14
431,ولبهمن,شركت بهمن ليزينگ,602,3207864,26795265201,7972,8350,8370,398,4.99,8353,381,4.78,8135,8370,1400-6-23,2021-09-14
432,تنوين,تامين سرمايه نوين,599,2871759,20207005470,7010,7000,6960,-50,-0.71,7020,10,0.14,6920,7200,1400-6-23,2021-09-14
433,جم پيلن,پلي پروپيلن جم - جم پيلن,599,563027,63724738870,111280,113580,111050,-230,-0.21,112620,1340,1.2,109800,116000,1400-6-23,2021-09-14
434,ثزاگرس,سرمايه گذاري توسعه عمران زاگرس,599,490297,19713497954,40870,39100,40170,-700,-1.71,40207,-663,-1.62,38827,41995,1400-6-23,2021-09-14
435,معيار ,سرمايه گذاري معيار صنعت پارس,598,540542,28164057678,52693,53200,52000,-693,-1.32,52103,-590,-1.12,51113,53897,1400-6-23,2021-09-14
436,دتماد,توليدمواداوليه‌داروپخش‌,597,1525032,74593130030,46720,46120,49050,2330,4.99,48910,2190,4.69,46120,49050,1400-6-23,2021-09-14
437,وآرين,شركت توسعه اقتصادي آرين,596,8328718,26488726811,3095,3052,3187,92,2.97,3180,85,2.75,3052,3187,1400-6-23,2021-09-14
438,تيپيكوح,ح . سرمايه گذاري دارويي تامين,596,1607865,29949243040,18500,18500,18660,160,0.86,18630,130,0.7,18490,18850,1400-6-23,2021-09-14
439,ختراك,ريخته‌گري‌ تراكتورسازي‌ ايران‌,595,2873006,37478646120,12530,12560,13150,620,4.95,13050,520,4.15,12560,13150,1400-6-23,2021-09-14
440,پرداخت,به پرداخت ملت,593,1011172,19754030330,19160,18920,19430,270,1.41,19480,320,1.67,18920,19880,1400-6-23,2021-09-14
441,كشرق,صنعتي و معدني شمال شرق شاهرود,592,1016279,75899911543,71738,72000,75324,3586,5,74684,2946,4.11,70000,75324,1400-6-23,2021-09-14
442,شكلر,نيروكلر,590,626107,26816156370,41700,42900,43100,1400,3.36,42830,1130,2.71,40030,43700,1400-6-23,2021-09-14
443,وسپه,سرمايه‌گذاري‌ سپه‌,588,3545909,32365909510,9120,9170,9100,-20,-0.22,9130,10,0.11,9020,9290,1400-6-23,2021-09-14
444,سپ,پرداخت الكترونيك سامان كيش,587,846516,27706771520,31560,32100,33130,1570,4.97,32060,500,1.58,31720,33130,1400-6-23,2021-09-14
445,درازك,دارويي‌ رازك‌,585,1073310,47002665710,41920,41120,43970,2050,4.89,43790,1870,4.46,41120,44010,1400-6-23,2021-09-14
446,قشير,قند شيروان قوچان و بجنورد,580,923798,21221685615,22738,21654,22803,65,0.29,22972,234,1.03,21654,23420,1400-6-23,2021-09-14
447,وسگيلا,شركت س استان گيلان,580,32029367,19742776116,622,607,619,-3,-0.48,619,-3,-0.48,603,630,1400-6-23,2021-09-14
448,دامين,داروسازي‌ امين‌,579,3254925,13626932898,4077,4220,4198,121,2.97,4184,107,2.62,4100,4270,1400-6-23,2021-09-14
449,درهآور,دارويي ره آورد تامين,577,533158,15564322986,28888,29880,28900,12,0.04,29193,305,1.06,28700,29880,1400-6-23,2021-09-14
450,وساشرقي,شركت س استان آذربايجان شرقي,574,26823033,16857930576,649,617,630,-19,-2.93,642,-7,-1.08,617,639,1400-6-23,2021-09-14
451,زشريف,كشت وصنعت شريف آباد,573,2493524,12928131982,5042,4834,5104,62,1.23,5174,132,2.62,4834,5277,1400-6-23,2021-09-14
452,تيپيكو,سرمايه گذاري دارويي تامين,573,1833447,39598876690,21500,21890,21690,190,0.88,21540,40,0.19,20780,21900,1400-6-23,2021-09-14
453,ساربيل,سيمان آرتا اردبيل,566,499515,18890557680,37060,38000,38500,1440,3.89,37820,760,2.05,36210,38600,1400-6-23,2021-09-14
454,غمارگ,مارگارين‌,564,1532867,45517174910,29570,29010,30000,430,1.45,29690,120,0.41,29010,30960,1400-6-23,2021-09-14
455,ومعلم,بيمه معلم,558,2328590,9916380236,4206,4310,4233,27,0.64,4242,36,0.86,4220,4316,1400-6-23,2021-09-14
456,شپاس,نفت پاسارگاد,554,1562519,31886904127,20649,20420,20840,191,0.92,20407,-242,-1.17,19617,21220,1400-6-23,2021-09-14
457,كگهر,سنگ آهن گهرزمين,551,518547,25341059784,48528,48000,48532,4,0.01,48600,72,0.15,47680,50000,1400-6-23,2021-09-14
458,وصنا,گروه‌صنايع‌بهشهرايران‌,551,2695992,20684754030,7570,7700,7580,10,0.13,7670,100,1.32,7220,7890,1400-6-23,2021-09-14
459,داسوه,داروسازي‌ اسوه‌,550,1393814,41393314840,28320,29300,29730,1410,4.98,29700,1380,4.87,29300,29730,1400-6-23,2021-09-14
460,تمحركه,ماشين سازي نيرو محركه,550,3108129,42332573746,13263,13660,13660,397,2.99,13620,357,2.69,13012,13660,1400-6-23,2021-09-14
461,كفرآور,فرآورده هاي سيمان شرق,548,1353929,24524192296,18445,17892,18133,-312,-1.69,18113,-332,-1.8,17892,18500,1400-6-23,2021-09-14
462,شخارك,پتروشيمي‌ خارك‌,548,766953,38678480560,50030,49750,50030,0,0,50180,150,0.3,49750,50740,1400-6-23,2021-09-14
463,اپرداز,آتيه داده پرداز,544,917329,20221523751,21524,22300,21720,196,0.91,22044,520,2.42,21560,22580,1400-6-23,2021-09-14
464,سمازن,سيمان‌مازندران‌,535,2724329,41446164590,14530,14990,15250,720,4.96,15210,680,4.68,14930,15250,1400-6-23,2021-09-14
465,كپرور,فرآوري زغال سنگ پروده طبس,534,880894,36608211417,40879,42362,41700,821,2.01,41558,679,1.66,40815,42400,1400-6-23,2021-09-14
466,قشهد,شهد,530,1593051,28448565630,17800,17140,17450,-350,-1.97,17860,60,0.34,17140,18340,1400-6-23,2021-09-14
467,خراسان,پتروشيمي خراسان,528,430689,35623593980,82900,82600,82500,-400,-0.48,82790,-110,-0.13,81950,83980,1400-6-23,2021-09-14
468,شبصير,توليدات پتروشيمي قائد بصير,528,348753,36201961262,101160,101160,104700,3540,3.5,103804,2644,2.61,100000,104900,1400-6-23,2021-09-14
469,سخوز,سيمان خوزستان,526,1276931,31046907050,23190,23500,24340,1150,4.96,24310,1120,4.83,23500,24340,1400-6-23,2021-09-14
470,دكوثر,داروسازي‌ كوثر,523,2740509,13953617740,4950,5090,5080,130,2.63,5090,140,2.83,5000,5160,1400-6-23,2021-09-14
471,بفجر,فجر انرژي خليج فارس,522,4206831,124236455340,29160,29330,29850,690,2.37,29530,370,1.27,29300,30400,1400-6-23,2021-09-14
472,اتكام,بيمه اتكايي امين,521,2841178,11827127574,4227,4101,4116,-111,-2.63,4174,-53,-1.25,4060,4353,1400-6-23,2021-09-14
473,زفكا,كشت و دامداري فكا,518,1076927,12570924645,11389,11400,11510,121,1.06,11638,249,2.19,11340,11940,1400-6-23,2021-09-14
474,خموتور,موتورسازان‌تراكتورسازي‌ايران‌,518,4626129,50616599970,10440,10650,10960,520,4.98,10940,500,4.79,10400,10960,1400-6-23,2021-09-14
475,بشهاب,لامپ‌  پارس‌ شهاب‌,517,333448,46433892400,134820,134820,138980,4160,3.09,139250,4430,3.29,134820,141000,1400-6-23,2021-09-14
476,واعتبار,سرمايه گذاري اعتبار ايران,509,2383400,18385098050,7700,7700,7730,30,0.39,7710,10,0.13,7510,7840,1400-6-23,2021-09-14
477,دسبحا,گروه دارويي سبحان,508,5495387,98454596530,17670,18000,17870,200,1.13,17920,250,1.41,17480,18400,1400-6-23,2021-09-14
478,توريل,توكاريل,506,6601297,122611752222,17690,18574,18574,884,5,18574,884,5,18570,18574,1400-6-23,2021-09-14
479,مداران,داده‌پردازي‌ايران‌,501,1116607,24457399640,21960,22410,22050,90,0.41,21900,-60,-0.27,21000,22850,1400-6-23,2021-09-14
480,كاريس,صندوق س.سپهر كاريزما-س,499,1451050,20901899476,14127,14172,14584,457,3.23,14405,278,1.97,14172,14595,1400-6-23,2021-09-14
481,كگاز,شيشه‌ و گاز,499,2118140,48876633430,22010,23100,23110,1100,5,23080,1070,4.86,22290,23110,1400-6-23,2021-09-14
482,بموتو,موتوژن‌,491,687067,57056610830,79150,80040,83100,3950,4.99,83040,3890,4.91,80040,83100,1400-6-23,2021-09-14
483,فسا,پتروشيمي فسا,488,9718339,14061750904,1419,1379,1450,31,2.18,1447,28,1.97,1379,1461,1400-6-23,2021-09-14
484,مفاخر,توسعه فناوري اطلاعات خوارزمي,487,372039,18509624875,48540,48540,49589,1049,2.16,49752,1212,2.5,48540,50960,1400-6-23,2021-09-14
485,فلامي,لاميران‌,485,573551,14149362050,24380,24900,24270,-110,-0.45,24670,290,1.19,23500,25200,1400-6-23,2021-09-14
486,شزنگ,تجهيزنيروي‌زنگان‌,482,197071,23817123607,117911,116000,121448,3537,3,120856,2945,2.5,116000,121448,1400-6-23,2021-09-14
487,زمگسا,كشاورزي‌ ودامپروي‌ مگسال‌,480,658220,19128749100,28890,28600,28600,-290,-1,29060,170,0.59,28200,29800,1400-6-23,2021-09-14
488,وملت,سرمايه گذاري ملت,476,6704913,22677172075,3508,3368,3368,-140,-3.99,3382,-126,-3.59,3368,3580,1400-6-23,2021-09-14
489,نتوس,پشم‌ بافي‌ توس,467,1311455,17909933622,14005,13585,13780,-225,-1.61,13657,-348,-2.48,13585,14200,1400-6-23,2021-09-14
490,شتولي,تولي‌پرس‌,467,674327,15651015042,24117,23153,23153,-964,-4,23210,-907,-3.76,23153,23777,1400-6-23,2021-09-14
491,لسرما,سرما آفرين‌,466,684070,15727721550,23290,22220,22690,-600,-2.58,22990,-300,-1.29,22220,23900,1400-6-23,2021-09-14
492,وسنا,سرمايه گذاري نيروگاهي ايران,465,2132238,35241939420,16944,16460,16436,-508,-3,16528,-416,-2.46,16436,16890,1400-6-23,2021-09-14
493,وتوشه,سرمايه‌ گذاري‌ پارس‌ توشه‌,464,3664499,26858189000,7210,7140,7390,180,2.5,7330,120,1.66,7140,7480,1400-6-23,2021-09-14
494,حآفرين,ريل پرداز نو آفرين,463,4510000,15780490000,3333,3499,3499,166,4.98,3499,166,4.98,3499,3499,1400-6-23,2021-09-14
495,شراز,پالايش نفت شيراز,449,180733,21681928917,118727,114000,121500,2773,2.34,119272,545,0.46,114000,122510,1400-6-23,2021-09-14
496,آكورد,صندوق س. آرمان آتي كوثر-د,447,8874395,302888612301,34114,34130,34133,19,0.06,34131,17,0.05,34130,34137,1400-6-23,2021-09-14
497,خفنر,فنرسازي‌خاور,445,2926591,27830822920,9070,9500,9520,450,4.96,9510,440,4.85,9310,9520,1400-6-23,2021-09-14
498,دفارا,داروسازي‌ فارابي‌,445,775310,15668680150,19680,19510,20000,320,1.63,20210,530,2.69,19500,20390,1400-6-23,2021-09-14
499,لخانه,لوازم‌ خانگي‌ پارس‌,443,694238,15435741714,22763,22081,22250,-513,-2.25,22234,-529,-2.32,22081,23020,1400-6-23,2021-09-14
500,واميد,گروه مديريت سرمايه گذاري اميد,443,3689273,48312292000,13130,12920,13090,-40,-0.3,13120,-10,-0.08,12910,13490,1400-6-23,2021-09-14
501,وتوسم,سرمايه‌گذاري‌توسعه‌ملي‌,442,2116194,17116602760,8070,7960,8020,-50,-0.62,8090,20,0.25,7960,8200,1400-6-23,2021-09-14
502,دابور,داروسازي‌ ابوريحان‌,440,697952,19721853760,27070,27000,28420,1350,4.99,28260,1190,4.4,27000,28420,1400-6-23,2021-09-14
503,لابسا,آبسال‌,436,597950,24642194080,40460,39500,40440,-20,-0.05,41210,750,1.85,39500,42200,1400-6-23,2021-09-14
504,تسه0003,امتيازتسهيلات مسكن خرداد1400,431,6998,4148345460,582810,562232,600000,17190,2.95,592790,9980,1.71,562232,610000,1400-6-23,2021-09-14
505,سقاين,سيمان‌ قائن‌,429,278222,17434918960,59990,61000,62950,2960,4.93,62670,2680,4.47,61000,62960,1400-6-23,2021-09-14
506,تسه0001,امتيازتسهيلات مسكن فروردين1400,427,11206,6604468231,574128,574128,602000,27872,4.85,589369,15241,2.65,574128,602834,1400-6-23,2021-09-14
507,دسبحان,سبحان دارو,424,665646,12646805630,18840,18470,19040,200,1.06,18980,140,0.74,18470,19250,1400-6-23,2021-09-14
508,واتي,سرمايه‌ گذاري‌ آتيه‌ دماوند,424,6205221,75235069540,12050,11620,12150,100,0.83,12120,70,0.58,11620,12430,1400-6-23,2021-09-14
509,شگل,گلتاش‌,423,1294357,10410059100,8030,7840,8140,110,1.37,8040,10,0.12,7840,8220,1400-6-23,2021-09-14
510,فافزا,فولاد افزا سپاهان,422,558069,28169022757,49034,48000,50505,1471,3,50476,1442,2.94,48000,50505,1400-6-23,2021-09-14
511,اوان,مبين وان كيش,422,416952,14277609802,33667,33830,34178,511,1.52,34243,576,1.71,33000,34800,1400-6-23,2021-09-14
512,زكشت,كشاورزي مكانيزه اصفهان كشت,422,533335,15435946593,28208,29500,29050,842,2.98,28942,734,2.6,28300,29500,1400-6-23,2021-09-14
513,هجرت,پخش هجرت,422,707368,24053343195,33577,32520,34218,641,1.91,34004,427,1.27,32520,34500,1400-6-23,2021-09-14
514,تصميم,صندوق س با درآمد ثابت تصميم,421,7224583,125509399009,17360,17370,17373,13,0.07,17373,13,0.07,17370,17383,1400-6-23,2021-09-14
515,گوهران,سرمايه گذاري توسعه گوهران اميد,419,3103779,17039876105,5414,5414,5538,124,2.29,5490,76,1.4,5414,5539,1400-6-23,2021-09-14
516,دروز,داروسازي‌ روزدارو,415,591411,19236361450,33010,33000,32660,-350,-1.06,32530,-480,-1.45,31700,33210,1400-6-23,2021-09-14
517,مبين,مبين انرژي خليج فارس,411,1486138,32398963470,21680,21980,21820,140,0.65,21710,30,0.14,21530,22250,1400-6-23,2021-09-14
518,پكرمان,گروه‌ صنعتي‌ بارز,411,525444,14221468130,27290,27080,26970,-320,-1.17,27170,-120,-0.44,26820,27830,1400-6-23,2021-09-14
519,وكادو,تكادو,410,2491095,54424522446,21263,21450,21900,637,3,21848,585,2.75,20700,21900,1400-6-23,2021-09-14
520,وبهمن,سرمايه‌گذاري‌بهمن‌,404,633229,11007194630,17020,17020,17230,210,1.23,17230,210,1.23,16520,17870,1400-6-23,2021-09-14
521,دفاراح,ح . داروسازي‌ فارابي‌,402,970263,15060712410,15120,15400,15450,330,2.18,15520,400,2.65,15100,15800,1400-6-23,2021-09-14
522,تسه9908,امتياز تسهيلات مسكن آبان99,400,10940,6407786897,580590,552561,600000,19410,3.34,585721,5131,0.88,552561,605000,1400-6-23,2021-09-14
523,ثامان,سامان‌ گستراصفهان‌,400,1225062,17413931740,14250,14520,14230,-20,-0.14,14210,-40,-0.28,13920,14750,1400-6-23,2021-09-14
524,لوتوس,تامين سرمايه لوتوس پارسيان,394,1470139,13404567780,9080,8990,9100,20,0.22,9100,20,0.22,8990,9200,1400-6-23,2021-09-14
525,دكيمي,كيميدارو,394,2016839,50372174170,24280,25360,25490,1210,4.98,24980,700,2.88,24280,25490,1400-6-23,2021-09-14
526,حسينا,توسعه خدمات دريايي وبندري سينا,390,259838,14862922929,57040,57000,57100,60,0.11,57201,161,0.28,56590,57999,1400-6-23,2021-09-14
527,قتربت,قند تربت حيدريه,390,107750,4995828750,45015,46365,46365,1350,3,45603,588,1.31,46365,46365,1400-6-23,2021-09-14
528,غشصفا,شيرپاستوريزه‌پگاه‌اصفهان‌,390,759715,22136426560,29080,28810,28920,-160,-0.55,29140,60,0.21,28750,30200,1400-6-23,2021-09-14
529,ثعتما,س. ساختماني اعتماد گستر,390,845401,24498614852,30484,28960,28960,-1524,-5,28979,-1505,-4.94,28960,29938,1400-6-23,2021-09-14
530,فنرژي,گسترش صنايع انرژي آذرآب,389,1970107,30609969523,14968,15070,15566,598,4,15537,569,3.8,15070,15566,1400-6-23,2021-09-14
531,دفرا,فرآورده‌هاي‌ تزريقي‌ ايران‌,389,600101,19826450740,33330,33380,32690,-640,-1.92,33040,-290,-0.87,32000,33840,1400-6-23,2021-09-14
532,شستان,پتروشيمي گلستان,387,3794776,13369582941,3516,3512,3585,69,1.96,3523,7,0.2,3446,3586,1400-6-23,2021-09-14
533,سباقر,سيمان باقران,385,2977252,50656556560,16718,16218,17219,501,3,17015,297,1.78,16218,17219,1400-6-23,2021-09-14
534,كمنگنز,معادن‌منگنزايران‌,385,252860,20310106120,78050,80700,80730,2680,3.43,80320,2270,2.91,79000,81450,1400-6-23,2021-09-14
535,وسرمد,بيمه  سرمد,384,3239870,14866633742,4663,4600,4600,-63,-1.35,4589,-74,-1.59,4524,4788,1400-6-23,2021-09-14
536,لبوتان,گروه‌صنعتي‌بوتان‌,384,254346,16852058640,64840,66680,65330,490,0.76,66120,1280,1.97,63410,67940,1400-6-23,2021-09-14
537,تسه0002,امتيازتسهيلاتمسكن ارديبهشت1400,384,9803,5674181996,555701,570000,583486,27785,5,578821,23120,4.16,565000,583486,1400-6-23,2021-09-14
538,رتكو,كنترل‌خوردگي‌تكين‌كو,383,595206,7038258120,11750,11510,11900,150,1.28,11790,40,0.34,11510,12150,1400-6-23,2021-09-14
539,وبشهر,توسعه‌ صنايع‌ بهشهر(هلدينگ,381,2904545,39964992540,13520,13550,13900,380,2.81,13730,210,1.55,13250,13980,1400-6-23,2021-09-14
540,خچرخش,چرخشگر,381,2165439,26541852450,11700,12250,12280,580,4.96,12260,560,4.79,11820,12280,1400-6-23,2021-09-14
541,غپآذر,شير پگاه آذربايجان شرقي,381,449932,19879060455,43282,42080,44000,718,1.66,44182,900,2.08,42060,44983,1400-6-23,2021-09-14
542,پخش,پخش البرز,374,560485,14071032130,24675,24600,25500,825,3.34,25080,405,1.64,24177,25720,1400-6-23,2021-09-14
543,سيدكو,سرمايه گذاري توسعه صنايع سيمان,371,2042746,14864333310,7140,7200,7270,130,1.82,7260,120,1.68,7080,7440,1400-6-23,2021-09-14
544,سكه0012پ01,تمام سكه طرح جديد0012رفاه,369,142900,169704968400,1180152,1191999,1188002,7850,0.67,1187578,7426,0.63,1181990,1197500,1400-6-23,2021-09-14
545,سدشت,صنايع سيمان دشتستان,368,219188,11620501520,52080,52940,51960,-120,-0.23,52510,430,0.83,50700,54680,1400-6-23,2021-09-14
546,وثنو,سرمايه گذاري ساختماني نوين,365,4440844,23806141871,5216,5110,5372,156,2.99,5361,145,2.78,5110,5372,1400-6-23,2021-09-14
547,واحصا,احياء صنايع خراسان,365,415657,18125310108,42657,41384,43890,1233,2.89,43606,949,2.22,41384,43936,1400-6-23,2021-09-14
548,تماوندح,ح . تامين سرمايه دماوند,364,69900000,466653500000,6335,6550,6715,380,6,6676,341,5.38,6550,6715,1400-6-23,2021-09-14
549,زپارس,ملي كشت و صنعت و دامپروري پارس,362,295854,40905963000,138930,142000,135500,-3430,-2.47,138260,-670,-0.48,135110,142970,1400-6-23,2021-09-14
550,لازما,كارخانه هاي صنعتي آزمايش,358,1327529,36030945944,26532,27327,27327,795,3,27141,609,2.3,25847,27327,1400-6-23,2021-09-14
551,ما,بيمه  ما,355,1309078,10648801150,8140,7960,8060,-80,-0.98,8140,0,0,7960,8300,1400-6-23,2021-09-14
552,وتعاون,بيمه  تعاون,353,4143906,9531975576,2364,2410,2294,-70,-2.96,2301,-63,-2.66,2294,2410,1400-6-23,2021-09-14
553,پسهند,صنايع‌ لاستيكي‌  سهند,352,355474,12023033490,33660,33390,33700,40,0.12,33800,140,0.42,33100,34610,1400-6-23,2021-09-14
554,تسه9912,امتياز تسهيلات مسكن اسفند99,350,8026,4736940589,586309,586309,610000,23691,4.04,590199,3890,0.66,557224,610000,1400-6-23,2021-09-14
555,سشمال,سيمان‌ شمال‌,346,2754052,29902279270,10370,10550,10880,510,4.92,10860,490,4.73,10450,10880,1400-6-23,2021-09-14
556,پارتا,مجتمع‌صنعتي‌آرتاويل‌تاير,345,1018344,26414524063,26702,26000,25901,-801,-3,25939,-763,-2.86,25901,26990,1400-6-23,2021-09-14
557,ركيشح,ح. كارت اعتباري ايران كيش,338,2195044,12091002480,5320,4800,5500,180,3.38,5510,190,3.57,4800,5660,1400-6-23,2021-09-14
558,ركيش,كارت اعتباري ايران كيش,337,1577605,12380624410,7560,7650,7820,260,3.44,7740,180,2.38,7570,7920,1400-6-23,2021-09-14
559,وارس,سرمايه گذاري ارس صبا,334,1268108,16299844482,12580,12326,12957,377,3,12854,274,2.18,12326,12957,1400-6-23,2021-09-14
560,سهرمز,سيمان‌هرمزگان‌,333,633800,12347872660,19380,18600,19650,270,1.39,19470,90,0.46,18600,19930,1400-6-23,2021-09-14
561,ثجوان,تامين مسكن جوانان,331,2242836,18145479762,8340,8090,8090,-250,-3,8090,-250,-3,8090,8240,1400-6-23,2021-09-14
562,شكربن,كربن‌ ايران‌,327,601469,75369071040,119460,125310,125430,5970,5,125310,5850,4.9,122500,125430,1400-6-23,2021-09-14
563,وپخش,داروپخش‌ (هلدينگ‌,326,345627,11530575110,32760,32420,33400,640,1.95,32910,150,0.46,31790,34280,1400-6-23,2021-09-14
564,بساما,بيمه سامان,322,540612,13142356915,24072,24450,24429,357,1.48,24229,157,0.65,24184,24990,1400-6-23,2021-09-14
565,پرديس,سرمايه گذاري پرديس,319,1932539,11221841690,5700,5700,5860,160,2.81,5780,80,1.4,5700,5890,1400-6-23,2021-09-14
566,كفرا,فراورده‌ هاي‌ نسوزايران‌,318,282864,7207416040,25010,24500,25250,240,0.96,25250,240,0.96,24500,25990,1400-6-23,2021-09-14
567,كي بي سي,شركت كي بي سي,318,580124,14518945493,24843,24503,25200,357,1.44,25027,184,0.74,24020,25460,1400-6-23,2021-09-14
568,دشيمي,شيمي‌ داروئي‌ داروپخش‌,317,856667,22822318070,25430,26150,26700,1270,4.99,26640,1210,4.76,26000,26700,1400-6-23,2021-09-14
569,جم,پتروشيمي جم,316,472725,23081493450,47880,48120,48920,1040,2.17,48090,210,0.44,48100,48960,1400-6-23,2021-09-14
570,سپر,صندوق س سپر سرمايه بيدار- ثابت,314,6343620,80791619296,12732,12738,12736,4,0.03,12736,4,0.03,12732,12739,1400-6-23,2021-09-14
571,خديزل,بهمن  ديزل,311,214190,11495393587,54084,52470,53604,-480,-0.89,53862,-222,-0.41,52470,54920,1400-6-23,2021-09-14
572,نيرو,نيرو سرمايه,308,278818,12339879261,42979,44250,44268,1289,3,44258,1279,2.98,43650,44268,1400-6-23,2021-09-14
573,شرانل,نفت ايرانول,306,311240,15481205418,49169,48700,49700,531,1.08,49391,222,0.45,48700,50207,1400-6-23,2021-09-14
574,فراز,صندوق س.سهام فراز داريك-س,305,2151755,30409854352,14116,14125,14145,29,0.21,14133,17,0.12,14115,14169,1400-6-23,2021-09-14
575,غپونه,نوش پونه مشهد,302,495430,8180015043,16506,16999,16430,-76,-0.46,16510,4,0.02,16140,16999,1400-6-23,2021-09-14
576,وايرا,سرمايه گذاري صنايع ايران,301,1990538,14845385873,7290,7101,7508,218,2.99,7458,168,2.3,7101,7508,1400-6-23,2021-09-14
577,فيروزا,صندوق بادرآمد ثابت فيروزه آسيا,300,9292162,231662376686,24950,24968,24958,8,0.03,24931,-19,-0.08,24930,24990,1400-6-23,2021-09-14
578,اراد87,مرابحه عام دولت87-ش.خ030304,297,59114500,54787318600000,926020,926800,926800,780,0.08,926800,780,0.08,926800,926800,1400-6-23,2021-09-14
579,بخاور,بيمه زندگي خاورميانه,296,1858508,10872947949,5911,5900,5797,-114,-1.93,5862,-49,-0.83,5740,6047,1400-6-23,2021-09-14
580,وآتوس,س.آرين توسكا قيمت اسمي 350ريال,296,444832,13432729994,29427,30309,30000,573,1.95,30197,770,2.62,29431,30309,1400-6-23,2021-09-14
581,آريان,سرمايه گذاري پارس آريان,295,5467567,86502377507,15361,15821,15821,460,2.99,15760,399,2.6,15821,15821,1400-6-23,2021-09-14
582,سبجنو,سيمان‌ بجنورد,295,299891,12919740800,42250,43640,43900,1650,3.91,43000,750,1.78,42240,44190,1400-6-23,2021-09-14
583,وثوق,سرمايه گذاري وثوق امين,295,1484945,25038418592,16432,16922,16924,492,2.99,16862,430,2.62,16159,16924,1400-6-23,2021-09-14
584,سپيدما,صندوق س. سپيد دماوند-د,294,10965654,121149801393,11042,11048,11048,6,0.05,11048,6,0.05,11048,11053,1400-6-23,2021-09-14
585,نهال,صندوق س. طلاي سرخ نوويرا,294,738452,7312421482,9638,9670,9948,310,3.22,9902,264,2.74,9670,10095,1400-6-23,2021-09-14
586,تماوند,تامين سرمايه دماوند,294,4944181,35517791102,6983,7052,7192,209,2.99,7184,201,2.88,6885,7192,1400-6-23,2021-09-14
587,فيروزه,صندوق شاخص30 شركت فيروزه- سهام,290,79190,14290901980,177340,180900,181990,4650,2.62,180460,3120,1.76,178180,181990,1400-6-23,2021-09-14
588,قپيرا,فرآورده‌هاي‌غدايي‌وقندپيرانشهر,290,1207948,10352504780,8670,8290,8760,90,1.04,8600,-70,-0.81,8290,9000,1400-6-23,2021-09-14
589,سنوين,سرمايه گذاري اقتصاد نوين,288,617750,4615737602,7596,7371,7680,84,1.11,7536,-60,-0.79,7371,7720,1400-6-23,2021-09-14
590,قنقش,قند نقش جهان,285,1317034,99220962780,72443,75340,75340,2897,4,75337,2894,3.99,73200,75340,1400-6-23,2021-09-14
591,تپمپي,پمپ‌ سازي‌ ايران‌,278,2013813,40336674390,19080,20030,20030,950,4.98,20030,950,4.98,20030,20030,1400-6-23,2021-09-14
592,تسه9911,امتياز تسهيلات مسكن بهمن99,277,7169,4234417765,589104,560004,600000,10896,1.85,590657,1553,0.26,560004,600000,1400-6-23,2021-09-14
593,كخاك,صنايع‌خاك‌چيني‌ايران‌,271,441314,15110712200,33970,34500,34170,200,0.59,34170,200,0.59,33730,34800,1400-6-23,2021-09-14
594,شساخت,مهندسي و ساختمان صنايع نفت,270,565661,25292812400,43494,44600,44798,1304,3,44179,685,1.57,42200,44798,1400-6-23,2021-09-14
595,ولتجار,واسپاري تجارت وسرمايه ايرانيان,267,2962753,10343048524,3420,3475,3449,29,0.85,3491,71,2.08,3401,3520,1400-6-23,2021-09-14
596,كطبس,ذغال‌سنگ‌ نگين‌ ط‌بس‌,263,241930,15789371660,63100,62110,64620,1520,2.41,65260,2160,3.42,62110,65950,1400-6-23,2021-09-14
597,دسينا,داروسازي‌ سينا,261,747375,16048266110,21320,21000,21310,-10,-0.05,21470,150,0.7,21000,22000,1400-6-23,2021-09-14
598,آساس,صندوق س.آسمان آرماني سهام-س,261,58402,10905969325,183936,183380,186686,2750,1.5,186740,2804,1.52,183380,188200,1400-6-23,2021-09-14
599,كيان2,صندوق س. با درآمد ثابت كيان,260,26000000,26000000,30503,1,1,-30502,-100,1,-30502,-100,1,1,1400-6-23,2021-09-14
600,تسه9909,امتياز تسهيلات مسكن آذر99,258,6180,3630868786,586434,557113,599000,12566,2.14,587519,1085,0.19,557113,600000,1400-6-23,2021-09-14
601,عيار,صندوق سكه طلاي مفيد,258,239729,7226333818,29932,29935,30160,228,0.76,30144,212,0.71,29935,30400,1400-6-23,2021-09-14
602,كساپا,سايپاشيشه‌,258,624653,20326541110,31210,32650,32770,1560,5,32540,1330,4.26,31740,32770,1400-6-23,2021-09-14
603,حپارسا,توسعه حمل و نقل ريلي پارسيان,256,237794,8999033793,37356,38290,37555,199,0.53,37685,329,0.88,36930,38290,1400-6-23,2021-09-14
604,سجام,مجتمع سيمان غرب آسيا,254,1471707,6510467495,4542,4407,4460,-82,-1.81,4460,-82,-1.81,4406,4550,1400-6-23,2021-09-14
605,وبازار,صندوق س شاخصي بازارآشنا,254,1337858,17181793360,12540,12800,12910,370,2.95,12840,300,2.39,12420,13100,1400-6-23,2021-09-14
606,تسه9910,امتياز تسهيلات مسكن دي99,249,6691,3943565185,586131,557826,600000,13869,2.37,589383,3252,0.55,557826,600000,1400-6-23,2021-09-14
607,خلنت,لنت‌ ترمزايران‌,247,218229,17856343990,77940,81830,81830,3890,4.99,81820,3880,4.98,81350,81830,1400-6-23,2021-09-14
608,آبين,كشت و صنعت آبشيرين,245,6140396,18648382652,2893,3037,3037,144,4.98,3037,144,4.98,3037,3037,1400-6-23,2021-09-14
609,شفا,سرمايه گذاري شفادارو,244,339557,14454500150,41840,40090,42100,260,0.62,42360,520,1.24,40090,43500,1400-6-23,2021-09-14
610,سفانو,سيمان فارس نو,243,332337,8656703880,25330,25980,25840,510,2.01,25790,460,1.82,25320,26570,1400-6-23,2021-09-14
611,سحرخيز,صندوق س. گروه زعفران سحرخيز,240,327022,3234725614,9746,9551,9969,223,2.29,9891,145,1.49,9551,10099,1400-6-23,2021-09-14
612,وسين,بيمه سينا,240,11715809,41989459456,3480,3584,3584,104,2.99,3584,104,2.99,3584,3584,1400-6-23,2021-09-14
613,شاملا,معدني‌ املاح‌  ايران‌,238,229065,9137532560,39950,39900,39720,-230,-0.58,39910,-40,-0.1,38870,41430,1400-6-23,2021-09-14
614,ولتجارح,ح.واسپا تجارت وسرمايه ايرانيان,238,3819235,7175900798,1890,1945,1907,17,0.9,1879,-11,-0.58,1836,1945,1400-6-23,2021-09-14
615,قزوين,كارخانجات‌ قند قزوين‌,236,203687,7345928510,36580,35000,36080,-500,-1.37,36310,-270,-0.74,35000,37000,1400-6-23,2021-09-14
616,گنگين,اقتصادي نگين گردشگري ايرانيان,235,1983791,48891729660,24632,24630,24630,-2,-0.01,24646,14,0.06,24060,24750,1400-6-23,2021-09-14
617,قمرو,قند مرودشت‌,233,744229,23238864200,29760,30030,31240,1480,4.97,31230,1470,4.94,30030,31240,1400-6-23,2021-09-14
618,ميدكوح,ح.توسعه م وص.معدني خاورميانه,231,135681,5984507980,44340,44000,44150,-190,-0.43,44110,-230,-0.52,44000,45000,1400-6-23,2021-09-14
619,سرود,سيمان‌شاهرود,229,472395,11920109040,24900,24680,25150,250,1,25200,300,1.2,24680,26000,1400-6-23,2021-09-14
620,كاسپين,داروسازي كاسپين تامين,227,397694,8600944045,21505,22140,21480,-25,-0.12,21578,73,0.34,21240,22140,1400-6-23,2021-09-14
621,دپارس,پارس‌ دارو,224,240853,9198317960,37970,36800,37180,-790,-2.08,38110,140,0.37,36800,39000,1400-6-23,2021-09-14
622,تسه9810,امتياز تسهيلات مسكن دي98,219,5206,3071790474,590052,565015,600000,9948,1.69,590048,-4,0,565015,600000,1400-6-23,2021-09-14
623,سهگمت,سيمان‌هگمتان‌,218,273364,7104357620,25250,25600,26060,810,3.21,25610,360,1.43,25160,26260,1400-6-23,2021-09-14
624,شصفها,پتروشيمي‌ اصفهان‌,215,123795,18442095056,149747,146753,148011,-1736,-1.16,148973,-774,-0.52,146753,150390,1400-6-23,2021-09-14
625,دابورح,ح . داروسازي‌ ابوريحان‌,214,107696,2605823600,23520,23310,24220,700,2.98,24200,680,2.89,23310,24750,1400-6-23,2021-09-14
626,لكما,كارخانجات‌مخابراتي‌ايران‌,210,2338781,4663529314,2055,1994,1994,-61,-2.97,2027,-28,-1.36,1994,1994,1400-6-23,2021-09-14
627,مارون,پتروشيمي مارون,206,41134,7646422421,186863,186863,186870,7,0,186788,-75,-0.04,183820,187500,1400-6-23,2021-09-14
628,سپاس,صندوق س. پاداش سهامداري-ثابت,206,5853167,58786720919,10040,10045,10043,3,0.03,10044,4,0.04,10043,10047,1400-6-23,2021-09-14
629,خاتم,صندوق س خاتم ايساتيس پويا-ثابت,197,1781978,21385803717,11995,12001,12001,6,0.05,12001,6,0.05,12000,12005,1400-6-23,2021-09-14
630,زرين,صندوق س. سهام زرين كوروش-س,197,346947,4716180347,13448,13400,13689,241,1.79,13593,145,1.08,13400,13840,1400-6-23,2021-09-14
631,فلات,گروه صنايع معادن فلات ايرانيان,194,854484,11818532044,13476,13450,13880,404,3,13831,355,2.63,13450,13880,1400-6-23,2021-09-14
632,ضسپا8044,اختيارخ خساپا-2500-1400/08/26,193,9866,1341636000,122,106,145,23,18.85,136,14,11.48,106,148,1400-6-23,2021-09-14
633,تايرا,تراكتورسازي‌ايران‌,193,1104246,30918902580,26700,27000,28030,1330,4.98,27820,1120,4.19,27000,28030,1400-6-23,2021-09-14
634,گپارس,امور رفاهي كارگزاران پارس,188,64305,8135514740,127515,125000,131340,3825,3,126663,-852,-0.67,124100,131340,1400-6-23,2021-09-14
635,اخزا910,اسنادخزانه-م10بودجه99-020807,182,249507,160569441020,651780,647555,643500,-8280,-1.27,643547,-8233,-1.26,639000,648226,1400-6-23,2021-09-14
636,پدرخش,درخشان‌ تهران‌,180,382228,12946062360,32260,33870,33870,1610,4.99,33440,1180,3.66,33870,33870,1400-6-23,2021-09-14
637,كقزوي,شيشه‌ قزوين‌,178,1371613,10773784844,7636,7720,7865,229,3,7855,219,2.87,7720,7865,1400-6-23,2021-09-14
638,شكبير,پتروشيمي اميركبير,178,173883,16896280108,95372,95380,96193,821,0.86,95675,303,0.32,95380,98050,1400-6-23,2021-09-14
639,پلوله,گازلوله‌,177,356764,10798847526,29406,30288,30288,882,3,30261,855,2.91,29420,30288,1400-6-23,2021-09-14
640,لپيام,گسترش صنايع پيام,177,294733,13455445649,44324,45653,45653,1329,3,45653,1329,3,45653,45653,1400-6-23,2021-09-14
641,اخزا004,اسنادخزانه-م4بودجه00-030522,172,232873,126678950607,552908,551010,543983,-8925,-1.61,543983,-8925,-1.61,540500,552000,1400-6-23,2021-09-14
642,شسينا,صنايع‌شيميايي‌سينا,172,195583,18730983910,91210,95770,95770,4560,5,95770,4560,5,95770,95770,1400-6-23,2021-09-14
643,سكرما,سيمان‌ كرمان‌,170,365304,6734307470,18250,17910,18400,150,0.82,18340,90,0.49,17910,18890,1400-6-23,2021-09-14
644,تسه9907,امتياز تسهيلات مسكن مهر99,167,2152,1266454393,577491,606365,586000,8509,1.47,588501,11010,1.91,555555,606365,1400-6-23,2021-09-14
645,دقاضي,داروسازي شهيد قاضي,166,377510,14181177706,38715,37554,37554,-1161,-3,37565,-1150,-2.97,37554,38370,1400-6-23,2021-09-14
646,قجام,فرآوردههاي غذايي وقندتربت‌جام‌,165,1106562,7178096747,6369,6469,6496,127,1.99,6487,118,1.85,6395,6496,1400-6-23,2021-09-14
647,حخزر,كشتيراني درياي خزر,164,715855,16103496102,21476,21339,22549,1073,5,22495,1019,4.74,21339,22549,1400-6-23,2021-09-14
648,ضخود1052,اختيارخ خودرو-2000-1400/10/08,163,5305,2852124000,481,539,522,41,8.52,538,57,11.85,500,550,1400-6-23,2021-09-14
649,ضملت8043,اختيارخ وبملت-4434-1400/08/19,160,6842,1979426000,246,290,300,54,21.95,289,43,17.48,262,308,1400-6-23,2021-09-14
650,تسه9902,امتياز تسهيلات مسكن ارديبهشت99,157,2974,1746202369,578233,549322,589000,10767,1.86,587156,8923,1.54,549322,600000,1400-6-23,2021-09-14
651,تسه9808,امتياز تسهيلات مسكن آبان98,157,3472,2034750962,588187,570160,590050,1863,0.32,586046,-2141,-0.36,570152,599998,1400-6-23,2021-09-14
652,ضخود7074,اختيارخ خودرو-1800-1400/07/07,154,5824,2127063000,324,356,366,42,12.96,365,41,12.65,301,398,1400-6-23,2021-09-14
653,اخزا903,اسنادخزانه-م3بودجه99-011110,152,212101,160654863677,761402,760900,761200,-202,-0.03,757445,-3957,-0.52,751600,761700,1400-6-23,2021-09-14
654,فمراد,آلومراد,152,407628,9481427280,22160,23260,23260,1100,4.96,22760,600,2.71,23260,23260,1400-6-23,2021-09-14
655,وزمين,بانك ايران زمين,151,1277439,15931905562,12572,12796,12500,-72,-0.57,12492,-80,-0.64,12080,12796,1400-6-23,2021-09-14
656,تسه9904,امتياز تسهيلات مسكن تير99,149,2041,1191167462,577316,548485,584211,6895,1.19,583619,6303,1.09,548485,605000,1400-6-23,2021-09-14
657,وپخشح,ح . داروپخش‌ (هلدينگ‌,149,188412,5901866350,30650,29100,31900,1250,4.08,31320,670,2.19,29100,32150,1400-6-23,2021-09-14
658,سيناد,صندوق س.سپهرسودمند سينا-د,147,3302124,33026521989,10001,10000,10000,-1,-0.01,10002,1,0.01,10000,10002,1400-6-23,2021-09-14
659,آساميد,صندوق س.مشترك آسمان اميد -د,140,2148119,27855026552,12957,12964,12964,7,0.05,12967,10,0.08,12964,12969,1400-6-23,2021-09-14
660,زر,صندوق س.پشتوانه سكه طلاي زر,139,84106,4355606796,51358,51626,51730,372,0.72,51787,429,0.84,51625,52299,1400-6-23,2021-09-14
661,تسه9903,امتياز تسهيلات مسكن خرداد99,138,1451,848898281,572151,543544,600758,28607,5,585044,12893,2.25,543544,600758,1400-6-23,2021-09-14
662,تسه9906,امتياز تسهيلات مسكن شهريور99,133,1972,1157265673,576770,548099,595000,18230,3.16,586849,10079,1.75,548099,605608,1400-6-23,2021-09-14
663,اخزا902,اسنادخزانه-م2بودجه99-011019,133,185778,142481338661,769722,769000,769500,-222,-0.03,766944,-2778,-0.36,762500,769679,1400-6-23,2021-09-14
664,تسه9905,امتياز تسهيلات مسكن مرداد99,127,1893,1111473663,578353,578839,607000,28647,4.95,587149,8796,1.52,569805,607270,1400-6-23,2021-09-14
665,دشيري,شيرين دارو,125,32532,5924065757,186682,186682,183006,-3676,-1.97,183853,-2829,-1.52,181090,186682,1400-6-23,2021-09-14
666,ضشنا8005,اختيارخ شپنا-12800-1400/08/16,124,2001,4133799000,1827,1990,2040,213,11.66,2066,239,13.08,1850,2150,1400-6-23,2021-09-14
667,وامين,س. امين توان آفرين ساز,123,285419,3679976724,12887,12887,12949,62,0.48,12887,0,0,12887,12976,1400-6-23,2021-09-14
668,وآفري,بيمه كارآفرين,122,1384699,4507785520,3247,3299,3258,11,0.34,3250,3,0.09,3247,3299,1400-6-23,2021-09-14
669,اوصتا,صندوق انديشه ورزان صباتامين -د,119,4366786,86677003205,19840,19850,19852,12,0.06,19849,9,0.05,19849,19852,1400-6-23,2021-09-14
670,تسه9809,امتياز تسهيلات مسكن آذر98,118,1834,1083301079,591652,565110,596998,5346,0.9,590677,-975,-0.16,565110,600000,1400-6-23,2021-09-14
671,آتيمس,صندوق س.آرمان آتيه درخشان مس-س,115,15360,3212424066,206815,210800,209988,3173,1.53,209142,2327,1.13,207150,210900,1400-6-23,2021-09-14
672,گوهر,صندوق سكه طلاي كيان,112,81014,4804572252,59052,59210,59488,436,0.74,59305,253,0.43,59210,59789,1400-6-23,2021-09-14
673,افق ملت,صندوق س در سهام افق ملت,111,31586,4886709640,152960,153000,155010,2050,1.34,154710,1750,1.14,153000,155300,1400-6-23,2021-09-14
674,حرهشا,رهشاد سپاهان (سهامي عام,110,84307,8402456902,96763,99665,99665,2902,3,99665,2902,3,99664,99665,1400-6-23,2021-09-14
675,وليز,ليزينگ‌ايران‌,108,1241731,2372947941,1820,1911,1911,91,5,1834,14,0.77,1911,1911,1400-6-23,2021-09-14
676,اخزا909,اسنادخزانه-م9بودجه99-020316,101,364898,255403663862,707784,707782,701000,-6784,-0.96,699932,-7852,-1.11,694500,707782,1400-6-23,2021-09-14
677,ارمغان,ص سرمايه گذاري ارمغان ايرانيان,99,983027,9866690990,10029,10034,10043,14,0.14,10037,8,0.08,10034,10047,1400-6-23,2021-09-14
678,اخزا901,اسنادخزانه-م1بودجه99-010621,98,130724,107079149467,821117,820001,821400,283,0.03,819124,-1993,-0.24,814000,821500,1400-6-23,2021-09-14
679,ضملت8042,اختيارخ وبملت-3934-1400/08/19,98,2522,1334791000,448,550,560,112,25,529,81,18.08,480,577,1400-6-23,2021-09-14
680,آرمان,بيمه آرمان,97,373273,2497489905,6889,6683,6700,-189,-2.74,6835,-54,-0.78,6683,6820,1400-6-23,2021-09-14
681,اخزا006,اسنادخزانه-م6بودجه00-030723,93,112541,59299666557,540960,530002,527000,-13960,-2.58,526916,-14044,-2.6,525000,540600,1400-6-23,2021-09-14
682,صايند,صندوق س. گنجينه آينده روشن-د,92,2237870,22500022220,10040,10065,10057,17,0.17,10054,14,0.14,10042,10070,1400-6-23,2021-09-14
683,وسقم,شركت س استان قم,91,4431421,5756415879,1367,1299,1299,-68,-4.97,1353,-14,-1.02,1299,1299,1400-6-23,2021-09-14
684,تسه9812,امتياز تسهيلات مسكن اسفند98,90,910,532201410,576667,566927,590000,13333,2.31,584837,8170,1.42,555000,595000,1400-6-23,2021-09-14
685,ضخود1053,اختيارخ خودرو-2500-1400/10/08,90,3296,930718000,300,300,281,-19,-6.33,282,-18,-6,260,310,1400-6-23,2021-09-14
686,فردا,صندوق س آواي فرداي زاگرس-ثابت,89,1387693,15846966832,11413,11420,11420,7,0.06,11420,7,0.06,11419,11422,1400-6-23,2021-09-14
687,ساروج,بين المللي ساروج بوشهر,88,226659,4182204982,18377,18740,18283,-94,-0.51,18409,32,0.17,18009,18744,1400-6-23,2021-09-14
688,صنوين,صندوق سرمايه‌گذاري صنوين-مختلط,86,24225,2507036030,104640,104000,104030,-610,-0.58,103490,-1150,-1.1,103010,105940,1400-6-23,2021-09-14
689,تسه9901,امتياز تسهيلات مسكن فروردين99,86,613,362824070,576143,547336,585301,9158,1.59,591883,15740,2.73,547336,600000,1400-6-23,2021-09-14
690,تسه9811,امتياز تسهيلات مسكن بهمن98,83,827,485951538,589617,561000,599999,10382,1.76,587608,-2009,-0.34,561000,600000,1400-6-23,2021-09-14
691,تسه9807,امتياز تسهيلات مسكن مهر98,82,2107,1240350670,576338,573002,600000,23662,4.11,588681,12343,2.14,573002,600000,1400-6-23,2021-09-14
692,ضسپا8043,اختيارخ خساپا-2000-1400/08/26,81,4110,1169935000,246,296,280,34,13.82,285,39,15.85,263,300,1400-6-23,2021-09-14
693,كامياب,صندوق س. كامياب آشنا-د,81,169818,1765225588,10388,10395,10394,6,0.06,10395,7,0.07,10394,10400,1400-6-23,2021-09-14
694,سخواف,سيمان مجد خواف,81,221997,2439525033,11328,10989,10989,-339,-2.99,11236,-92,-0.81,10989,10989,1400-6-23,2021-09-14
695,زعف0008پ12,زعفران0008پوشالمعمول سحرخيز(پ),80,32649,3957262130,120181,126468,126468,6287,5.23,121206,1025,0.85,118200,126468,1400-6-23,2021-09-14
696,اخزا908,اسنادخزانه-م8بودجه99-020606,78,93031,61788950287,675702,673000,665900,-9802,-1.45,664176,-11526,-1.71,661502,673000,1400-6-23,2021-09-14
697,الماس,صندوق س.امين تدبيرگران فردا-س,78,23507,3158015271,132814,132600,134200,1386,1.04,134344,1530,1.15,131000,136000,1400-6-23,2021-09-14
698,فاهواز,نورد و لوله اهواز,75,320236,1935826620,6168,6045,6045,-123,-1.99,6151,-17,-0.28,6045,6045,1400-6-23,2021-09-14
699,ثتوسا,س.توسعه و عمران استان اردبيل,73,96087,2610972051,28013,27173,27173,-840,-3,27771,-242,-0.86,27173,27173,1400-6-23,2021-09-14
700,دارا,صندوق س. دارا الگوريتم-د,73,1275017,12799864317,10030,10080,10035,5,0.05,10039,9,0.09,10029,10080,1400-6-23,2021-09-14
701,گكيش,توريستي ورفاهي آبادگران كيش,66,35101,1429312720,42863,40720,40720,-2143,-5,42537,-326,-0.76,40720,40720,1400-6-23,2021-09-14
702,اخزا911,اسنادخزانه-م11بودجه99-020906,65,225929,142679925768,642200,640000,632000,-10200,-1.59,631525,-10675,-1.66,627000,640000,1400-6-23,2021-09-14
703,آكورد2,صندوق س. آرمان آتي كوثر-د,63,6300000,6300000,34114,1,1,-34113,-100,1,-34113,-100,1,1,1400-6-23,2021-09-14
704,ضسپا8041,اختيارخ خساپا-1600-1400/08/26,63,2460,1258467000,447,530,500,53,11.86,512,65,14.54,489,550,1400-6-23,2021-09-14
705,آسام,صندوق س.آرمان سپهر آشنا-م,63,51180,6465512620,126494,126489,126498,4,0,126329,-165,-0.13,126000,126500,1400-6-23,2021-09-14
706,وحافظح,ح . بيمه حافظ,59,556542,2915723538,5401,5239,5239,-162,-3,5239,-162,-3,5239,5239,1400-6-23,2021-09-14
707,بايكا,كارخانجات كابلسازي ‌ايران‌,58,76026,1901106156,25779,25006,25006,-773,-3,25618,-161,-0.62,25006,25006,1400-6-23,2021-09-14
708,شرنگي,شيميايي رنگين,57,51789,12256177584,229764,236656,236656,6892,3,236656,6892,3,236656,236656,1400-6-23,2021-09-14
709,اخزا002,اسنادخزانه-م2بودجه00-031024,57,22290,11202439929,509625,511000,502380,-7245,-1.42,502577,-7048,-1.38,484148,511000,1400-6-23,2021-09-14
710,سكه0111پ05,تمام سكه طرح جديد0111آينده,51,9700,11488806300,1178576,1194999,1186000,7424,0.63,1184413,5837,0.5,1181000,1194999,1400-6-23,2021-09-14
711,اخزا914,اسنادخزانه-م14بودجه99-021025,50,66294,41063395288,625478,623000,614200,-11278,-1.8,619413,-6065,-0.97,614200,623000,1400-6-23,2021-09-14
712,ضسپا8042,اختيارخ خساپا-1800-1400/08/26,49,2412,941326000,350,383,390,40,11.43,390,40,11.43,351,407,1400-6-23,2021-09-14
713,فنفت,صنايع تجهيزات نفت,47,882535,11437653600,12583,12960,12960,377,3,12960,377,3,12960,12960,1400-6-23,2021-09-14
714,زعف0008پ05,زعفران0008نگين زرين(پ),44,29102,4189620846,140272,143980,144792,4520,3.22,143963,3691,2.63,142000,144893,1400-6-23,2021-09-14
715,اخزا008,اسنادخزانه-م8بودجه00-030919,42,11853,6112277697,517678,523990,511100,-6578,-1.27,515673,-2005,-0.39,510010,523990,1400-6-23,2021-09-14
716,ضصاد8033,اختيارخ وبصادر-2489-1400/08/12,42,1186,338366000,250,280,303,53,21.2,285,35,14,260,303,1400-6-23,2021-09-14
717,فكمند,گسترش قطعه سازي كمند,41,333769,11791057463,33645,35327,35327,1682,5,35327,1682,5,35327,35327,1400-6-23,2021-09-14
718,داريك,صندوق س.اعتماد داريك-د,41,191396,2194825279,11461,11467,11469,8,0.07,11467,6,0.05,11467,11469,1400-6-23,2021-09-14
719,صخابر102,صكوك اجاره مخابرات-3 ماهه 16%,40,200000,195640000000,978199,978200,978200,1,0,978200,1,0,978200,978200,1400-6-23,2021-09-14
720,برن0104پ01,برنج طارم0104تجارت مازندران(پ),40,3065,1218000270,396931,396000,397005,74,0.02,397390,459,0.12,396000,399000,1400-6-23,2021-09-14
721,كهربا,صندوق س.پشتوانه سكه طلا كهربا,40,135155,1406812948,10372,10448,10377,5,0.05,10409,37,0.36,10375,10448,1400-6-23,2021-09-14
722,كهرام,توليدي گرانيت بهسرام,40,82585,7511023165,94738,90949,90949,-3789,-4,90949,-3789,-4,90949,90949,1400-6-23,2021-09-14
723,اراد86,مرابحه عام دولت86-ش.خ020404,39,7244400,6781482840000,936710,936100,936100,-610,-0.07,936100,-610,-0.07,936100,936100,1400-6-23,2021-09-14
724,ضپال2006,اختيارخ اپال-28000-1401/02/12,35,597,1461231000,2410,2449,2301,-109,-4.52,2448,38,1.58,2300,2550,1400-6-23,2021-09-14
725,اخزا917,اسنادخزانه-م17بودجه99-010226,35,23273,20342844246,914926,875555,870530,-44396,-4.85,874096,-40830,-4.46,869213,875555,1400-6-23,2021-09-14
726,ضملي7003,اختيارخ فملي-11720-1400/07/11,35,329,616036000,1863,1919,1800,-63,-3.38,1872,9,0.48,1800,1979,1400-6-23,2021-09-14
727,اخزا815,اسنادخزانه-م15بودجه98-010406,32,31981,27370989411,856116,857000,856000,-116,-0.01,855852,-264,-0.03,855500,857000,1400-6-23,2021-09-14
728,امين يكم2,صندوق درآمد ثابت امين يكم فردا,32,32000000,32000000,10115,1,1,-10114,-99.99,1,-10114,-99.99,1,1,1400-6-23,2021-09-14
729,سكه0011پ02,تمام سكه طرح جديد0011ملت,32,4100,4882741500,1182120,1208900,1185000,2880,0.24,1190912,8792,0.74,1185000,1208900,1400-6-23,2021-09-14
730,سكه0112پ03,تمام سكه طرح جديد0112سامان,32,4400,5225919300,1179455,1187000,1188999,9544,0.81,1187709,8254,0.7,1185000,1192999,1400-6-23,2021-09-14
731,وحافظ,بيمه حافظ,30,87051,910988715,11015,10465,10465,-550,-4.99,10961,-54,-0.49,10465,10465,1400-6-23,2021-09-14
732,گنجين,صندوق س. گنجينه يكم آويد-د,29,115273,1577477968,13670,13675,13681,11,0.08,13685,15,0.11,13675,13686,1400-6-23,2021-09-14
733,ضشنا8004,اختيارخ شپنا-10800-1400/08/16,28,495,1607718000,3228,3050,3200,-28,-0.87,3248,20,0.62,2500,3600,1400-6-23,2021-09-14
734,ثنام,س ساختماني ب نام آوران مهندسي,27,33609,447369399,13722,13311,13311,-411,-3,13703,-19,-0.14,13311,13311,1400-6-23,2021-09-14
735,سكه0012پ04,تمام سكه طرح جديد0012صادرات,27,3600,4275210700,1178823,1189000,1186996,8173,0.69,1187558,8735,0.74,1183000,1192997,1400-6-23,2021-09-14
736,ضملت8041,اختيارخ وبملت-3434-1400/08/19,25,336,260138000,719,800,869,150,20.86,774,55,7.65,710,870,1400-6-23,2021-09-14
737,اخزا905,اسنادخزانه-م5بودجه99-020218,24,87561,62796470207,720872,720500,717091,-3781,-0.52,717174,-3698,-0.51,713000,720870,1400-6-23,2021-09-14
738,اراد61,مرابحه عام دولت61-ش.خ0309,23,180000,180000000000,1000000,1000000,1000000,0,0,1000000,0,0,1000000,1000000,1400-6-23,2021-09-14
739,ثروتم,صندوق س. ثروت آفرين پارسيان-س,23,67040,6193424690,91510,90969,92350,840,0.92,92384,874,0.96,90969,93020,1400-6-23,2021-09-14
740,ضخود7078,اختيارخ خودرو-3500-1400/07/07,22,1383,1383000,1,1,1,0,0,1,0,0,1,1,1400-6-23,2021-09-14
741,اطلس2,صندوق س.توسعه اندوخته آينده-س,21,210000,210000,259131,1,1,-259130,-100,1,-259130,-100,1,1,1400-6-23,2021-09-14
742,ضپاس7029,اختيارخ وپارس-2500-1400/07/28,20,288,200092000,637,695,700,63,9.89,695,58,9.11,689,700,1400-6-23,2021-09-14
743,ضپال2007,اختيارخ اپال-32000-1401/02/12,19,176,241531000,1373,1450,1330,-43,-3.13,1372,-1,-0.07,1330,1450,1400-6-23,2021-09-14
744,زعف0008پ11,زعفران0008نگين سحرخيز(پ),19,6655,942498475,143300,145000,146483,3183,2.22,141623,-1677,-1.17,138001,147000,1400-6-23,2021-09-14
745,اخزا808,اسنادخزانه-م8بودجه98-000817,18,13989,13608326946,969985,963334,979000,9015,0.93,972788,2803,0.29,963334,979000,1400-6-23,2021-09-14
746,ساذري,آذريت‌,18,448930,3659677360,7764,8152,8152,388,5,7917,153,1.97,8152,8152,1400-6-23,2021-09-14
747,ويسا,سرمايه گذاري ايساتيس پويا,17,78972,424474500,5219,5375,5375,156,2.99,5225,6,0.11,5375,5375,1400-6-23,2021-09-14
748,اخزا811,اسنادخزانه-م11بودجه98-001013,16,60041,56421342983,940423,939999,939509,-914,-0.1,939714,-709,-0.08,939500,940502,1400-6-23,2021-09-14
749,سخند,صندوق س.سپهرخبرگان نفت-د,16,67690,673700600,9917,9918,9962,45,0.45,9953,36,0.36,9917,9964,1400-6-23,2021-09-14
750,اگ001254,گام بانك پارسيان0012,16,50026,45023490000,899000,904000,900000,1000,0.11,900002,1002,0.11,900000,904000,1400-6-23,2021-09-14
751,ثهام,صندوق س ثروت هامرز-سهام,16,20196,239203160,11828,11710,11850,22,0.19,11844,16,0.14,11710,11949,1400-6-23,2021-09-14
752,ضصاد8032,اختيارخ وبصادر-1989-1400/08/12,15,400,212718000,498,511,540,42,8.43,532,34,6.83,511,540,1400-6-23,2021-09-14
753,اخزا904,اسنادخزانه-م4بودجه99-011215,15,94057,70150850381,746131,746100,746131,0,0,745833,-298,-0.04,745010,746131,1400-6-23,2021-09-14
754,ضخود1049,اختيارخ خودرو-1400-1400/10/08,15,652,568519000,861,871,870,9,1.05,872,11,1.28,870,880,1400-6-23,2021-09-14
755,زعف0008پ20,زعفران0008نگين وحدت جام(پ),14,11029,1574683713,140094,138001,145100,5006,3.57,142777,2683,1.92,137000,145100,1400-6-23,2021-09-14
756,پادا,صندوق س.پاداش سرمايه پارس-س,14,1807,216265300,117115,120000,120000,2885,2.46,119682,2567,2.19,118600,120700,1400-6-23,2021-09-14
757,ضخود7072,اختيارخ خودرو-1400-1400/07/07,14,136,103344000,743,750,777,34,4.58,760,17,2.29,680,799,1400-6-23,2021-09-14
758,بذر,صندوق س بذر اميد آفرين-سهام,14,2621,283503160,106110,109000,108140,2030,1.91,108170,2060,1.94,107390,109000,1400-6-23,2021-09-14
759,داراب,پتروشيمي داراب,12,58166,130291840,2309,2240,2240,-69,-2.99,2308,-1,-0.04,2240,2240,1400-6-23,2021-09-14
760,ضسپا8045,اختيارخ خساپا-3000-1400/08/26,12,1002,85620000,50,40,90,40,80,85,35,70,40,90,1400-6-23,2021-09-14
761,ضجار7039,اختيارخ وتجارت-1997-1400/07/21,12,480,261900000,412,550,550,138,33.5,546,134,32.52,510,550,1400-6-23,2021-09-14
762,افق ملت2,صندوق س در سهام افق ملت,12,1200000,1200000,152960,1,1,-152959,-100,1,-152959,-100,1,1,1400-6-23,2021-09-14
763,اخزا721,اسنادخزانه-م21بودجه97-000728,12,44810,43825057593,979782,979782,980499,717,0.07,978020,-1762,-0.18,978000,980499,1400-6-23,2021-09-14
764,اخزا816,اسنادخزانه-م16بودجه98-010503,11,28861,24333412453,844892,843200,844000,-892,-0.11,843124,-1768,-0.21,842500,845000,1400-6-23,2021-09-14
765,ضسپا8040,اختيارخ خساپا-1400-1400/08/26,11,80,54596000,579,500,660,81,13.99,682,103,17.79,500,700,1400-6-23,2021-09-14
766,ضشنا8006,اختيارخ شپنا-14800-1400/08/16,11,359,448101000,1139,1250,1245,106,9.31,1248,109,9.57,1210,1350,1400-6-23,2021-09-14
767,ضملي7002,اختيارخ فملي-9720-1400/07/11,10,48,162679000,3310,3000,3535,225,6.8,3389,79,2.39,3000,3600,1400-6-23,2021-09-14
768,ضخود1050,اختيارخ خودرو-1600-1400/10/08,10,351,263450000,723,750,751,28,3.87,751,28,3.87,750,751,1400-6-23,2021-09-14
769,ضبدر8079,اختيارخ شبندر-6011-1400/08/30,10,110,618288000,1200,1200,1200,0,0,1200,0,0,1200,1200,1400-6-23,2021-09-14
770,دمعيار,صندوق س. توازن معيار-د,10,150064,1517912760,10112,10120,10120,8,0.08,10115,3,0.03,10115,10120,1400-6-23,2021-09-14
771,ضخود7073,اختيارخ خودرو-1600-1400/07/07,10,410,229793000,510,550,566,56,10.98,560,50,9.8,550,580,1400-6-23,2021-09-14
772,عيار2,صندوق سكه طلاي مفيد,10,100000,100000,29932,1,1,-29931,-100,1,-29931,-100,1,1,1400-6-23,2021-09-14
773,ضذوب905,اختيارخ ذوب-5000-14000917,9,181,93540000,501,599,490,-11,-2.2,517,16,3.19,490,599,1400-6-23,2021-09-14
774,ضملي7004,اختيارخ فملي-13720-1400/07/11,9,74,62799000,747,1000,885,138,18.47,849,102,13.65,786,1000,1400-6-23,2021-09-14
775,زعف0008پ10,زعفران0008نگين طلاي سرخ(پ),9,13999,2065298236,147335,144700,147964,629,0.43,147532,197,0.13,144700,147964,1400-6-23,2021-09-14
776,ضپيك7042,اختيارخ تاپيكو-8070-00/07/18,9,46,268840000,4750,5800,5000,250,5.26,5844,1094,23.03,5000,6000,1400-6-23,2021-09-14
777,ضصاد8034,اختيارخ وبصادر-2989-1400/08/12,9,172,39186000,151,249,175,24,15.89,228,77,50.99,29,249,1400-6-23,2021-09-14
778,ددامح,ح . داروسازي زاگرس فارمد پارس,9,29109,454100400,15600,15600,15600,0,0,15600,0,0,15600,15600,1400-6-23,2021-09-14
779,نگين,ص.س. زمين و ساختمان نگين شهرري,9,1579,80964720,52040,51090,52080,40,0.08,51280,-760,-1.46,51070,52080,1400-6-23,2021-09-14
780,وشمال,س. چشم انداز توسعه شمال,9,901,68396712,79074,75912,75912,-3162,-4,79029,-45,-0.06,75912,75912,1400-6-23,2021-09-14
781,اخزا812,اسنادخزانه-م12بودجه98-001111,8,10302,9554542022,926520,929950,926668,148,0.02,927445,925,0.1,926668,929990,1400-6-23,2021-09-14
782,ضترا8060,اختيارخ شتران-4323-1400/08/09,8,178,383350000,6667,1600,2000,-4667,-70,2154,-4513,-67.69,1600,2200,1400-6-23,2021-09-14
783,اخزا906,اسنادخزانه-م6بودجه99-020321,8,11520,8125462150,707208,707000,703000,-4208,-0.6,705335,-1873,-0.26,703000,707000,1400-6-23,2021-09-14
784,ضملت8044,اختيارخ وبملت-4934-1400/08/19,8,272,43649000,157,160,179,22,14.01,160,3,1.91,150,179,1400-6-23,2021-09-14
785,ضمخا7076,اختيارخ اخابر-9700-1400/07/28,8,19,28590000,1510,1500,1510,0,0,1505,-5,-0.33,1500,1510,1400-6-23,2021-09-14
786,اراد46,مرابحه عام دولت4-ش.خ 0302,8,200000,200000000000,1000000,1000000,1000000,0,0,1000000,0,0,1000000,1000000,1400-6-23,2021-09-14
787,ضمخا7078,اختيارخ اخابر-7700-1400/07/28,7,16,49030000,4081,2700,3490,-591,-14.48,3064,-1017,-24.92,2700,3490,1400-6-23,2021-09-14
788,اخزا817,اسنادخزانه-م17بودجه98-010512,7,65307,54775686000,840898,842000,840000,-898,-0.11,838741,-2157,-0.26,838000,842000,1400-6-23,2021-09-14
789,اخزا810,اسنادخزانه-م10بودجه98-001006,7,2192,2063726780,943294,942000,941991,-1303,-0.14,941481,-1813,-0.19,937000,945000,1400-6-23,2021-09-14
790,اراد864,مرابحه عام دولت86-ش.خ020404,7,35569270,33296393647000,936710,936100,936100,-610,-0.07,936100,-610,-0.07,936100,936100,1400-6-23,2021-09-14
791,زعف0008پ16,زعفران0008نگين بيرجند(پ),6,1585,227930935,140075,143600,142800,2725,1.95,143805,3730,2.66,142800,146999,1400-6-23,2021-09-14
792,وتعاونح,ح . بيمه  تعاون,6,75850,78732300,1070,1038,1038,-32,-2.99,1038,-32,-2.99,1038,1038,1400-6-23,2021-09-14
793,ضترا8058,اختيارخ شتران-3442-1400/08/09,6,46,171211000,3751,3333,3800,49,1.31,3722,-29,-0.77,3211,3800,1400-6-23,2021-09-14
794,ضملي7005,اختيارخ فملي-15720-1400/07/11,6,46,11000000,200,330,250,50,25,239,39,19.5,200,330,1400-6-23,2021-09-14
795,سفارود,كارخانه فارسيت درود,6,3048,49420272,16544,16214,16214,-330,-1.99,16541,-3,-0.02,16214,16214,1400-6-23,2021-09-14
796,ضپيك7041,اختيارخ تاپيكو-7070-00/07/18,6,15,101594000,5470,4200,7000,1530,27.97,6773,1303,23.82,4200,7000,1400-6-23,2021-09-14
797,اخزا821,اسنادخزانه-م21بودجه98-020906,6,1950,1238351100,645000,640070,634010,-10990,-1.7,635052,-9948,-1.54,633500,640070,1400-6-23,2021-09-14
798,ضجار7041,اختيارخ وتجارت-2997-1400/07/21,6,221,15361000,66,66,77,11,16.67,70,4,6.06,66,77,1400-6-23,2021-09-14
799,اخزا813,اسنادخزانه-م13بودجه98-010219,6,2029,1780277311,880278,878500,876000,-4278,-0.49,877416,-2862,-0.33,876000,878500,1400-6-23,2021-09-14
800,حاريا,كشتيراني آريا,6,2562,39344634,15670,15357,15357,-313,-2,15667,-3,-0.02,15357,15357,1400-6-23,2021-09-14
801,ضسپا8039,اختيارخ خساپا-1200-1400/08/26,6,63,48958000,622,735,800,178,28.62,777,155,24.92,700,847,1400-6-23,2021-09-14
802,تملي702,تسهيلات مسكن ب. ملي-ارديبهشت97,5,45,37445940,792507,832132,832132,39625,5,832132,39625,5,832132,832132,1400-6-23,2021-09-14
803,ضپاس7030,اختيارخ وپارس-3000-1400/07/28,5,162,72130000,399,450,400,1,0.25,445,46,11.53,400,490,1400-6-23,2021-09-14
804,تصميم2,صندوق س با درآمد ثابت تصميم,5,5000000,5000000,17360,1,1,-17359,-99.99,1,-17359,-99.99,1,1,1400-6-23,2021-09-14
805,ضپنا1030,اختيارخ رمپنا-11850-1400/10/08,5,25,232400000,1,10300,8800,8799,879900,9296,9295,929500,8800,10300,1400-6-23,2021-09-14
806,اخزا807,اسنادخزانه-م7بودجه98-000719,5,23931,23571925000,984947,984000,983500,-1447,-0.15,984995,48,0,983500,985000,1400-6-23,2021-09-14
807,ضفلا7005,اختيارخ فولاد-11013-1400/07/25,5,43,55953820,1450,1100,755,-695,-47.93,928,-522,-36,755,1100,1400-6-23,2021-09-14
808,اخزا809,اسنادخزانه-م9بودجه98-000923,5,456,433286678,949940,949950,949100,-840,-0.09,950190,250,0.03,949100,952000,1400-6-23,2021-09-14
809,ضشنا8001,اختيارخ شپنا-6800-1400/08/16,5,50,312126000,6288,6352,6200,-88,-1.4,6243,-45,-0.72,6200,6352,1400-6-23,2021-09-14
810,اراد50,مرابحه عام دولت5-ش.خ0302,5,74300,74300000000,1000001,1000000,1000000,-1,0,1000000,-1,0,1000000,1000000,1400-6-23,2021-09-14
811,هفارس104,اختيارف ت فارس-11832-01/04/12,4,3517,3517,1,1,1,0,0,1,0,0,1,1,1400-6-23,2021-09-14
812,ضفلا7003,اختيارخ فولاد-8160-1400/07/25,4,5,23371340,3130,3070,3500,370,11.82,3334,204,6.52,3070,3500,1400-6-23,2021-09-14
813,ضترا8057,اختيارخ شتران-3000-1400/08/09,4,36,144500000,3900,4500,4000,100,2.56,4014,114,2.92,4000,4500,1400-6-23,2021-09-14
814,اراد334,مرابحه عام دولت3-ش.خ 0303,4,3090000,2739799240000,884880,887546,882400,-2480,-0.28,886666,1786,0.2,882400,887546,1400-6-23,2021-09-14
815,تملي806,تسهيلات مسكن ب. ملي-شهريور98,4,30,19665030,690000,655501,655501,-34499,-5,655501,-34499,-5,655501,655501,1400-6-23,2021-09-14
816,ضفلا7002,اختيارخ فولاد-6733-1400/07/25,4,8,51593600,5646,4600,4600,-1046,-18.53,4600,-1046,-18.53,4600,4600,1400-6-23,2021-09-14
817,ضترا8056,اختيارخ شتران-2558-1400/08/09,4,5,25000000,4900,5000,5000,100,2.04,5000,100,2.04,5000,5000,1400-6-23,2021-09-14
818,اخزا001,اسنادخزانه-م1بودجه00-030821,4,13705,7136228376,532051,522222,522500,-9551,-1.8,520703,-11348,-2.13,520000,532098,1400-6-23,2021-09-14
819,ضذوب906,اختيارخ ذوب-6000-14000917,4,19,9330000,548,480,520,-28,-5.11,491,-57,-10.4,480,520,1400-6-23,2021-09-14
820,افران2,صندوق س افرا نماد پايدار-ثابت,4,15000000,15000000,14254,1,1,-14253,-99.99,1,-14253,-99.99,1,1,1400-6-23,2021-09-14
821,طخود1052,اختيارف خودرو-2000-1400/10/08,4,105,10500000,1,100,100,99,9900,100,99,9900,100,100,1400-6-23,2021-09-14
822,ضجار7037,اختيارخ وتجارت-1597-1400/07/21,4,9,8119000,882,890,999,117,13.27,902,20,2.27,890,999,1400-6-23,2021-09-14
823,اخزا818,اسنادخزانه-م18بودجه98-010614,4,192,158258000,825131,824000,825000,-131,-0.02,824260,-871,-0.11,824000,825000,1400-6-23,2021-09-14
824,طلا2,صندوق س.پشتوانه طلاي لوتوس,4,400000,400000,83941,1,1,-83940,-100,1,-83940,-100,1,1,1400-6-23,2021-09-14
825,ضملي1160,اختيارخ فملي-6000-1400/11/03,4,8,30700000,3660,3900,3800,140,3.83,3837,177,4.84,3800,3900,1400-6-23,2021-09-14
826,سنفت004,سلف موازي استاندارد سنفت004,3,75590,92219800000,1220000,1220000,1220000,0,0,1220000,0,0,1220000,1220000,1400-6-23,2021-09-14
827,داريك2,صندوق س.اعتماد داريك-د,3,2500000,2500000,11461,1,1,-11460,-99.99,1,-11460,-99.99,1,1,1400-6-23,2021-09-14
828,اخزا907,اسنادخزانه-م7بودجه99-020704,3,131,85610353,666021,654001,665000,-1021,-0.15,653514,-12507,-1.88,648009,665000,1400-6-23,2021-09-14
829,وغدير2,سرمايه‌گذاري‌غدير(هلدينگ‌,3,33000000,500040000000,14750,15200,15080,330,2.24,15153,403,2.73,15080,15200,1400-6-23,2021-09-14
830,ضخود1055,اختيارخ خودرو-3500-1400/10/08,3,21,1170000,145,150,51,-94,-64.83,56,-89,-61.38,51,150,1400-6-23,2021-09-14
831,زعف0008پ08,زعفران0008نگين روستا(پ),3,2004,287579700,140186,144800,141201,1015,0.72,143503,3317,2.37,141201,144800,1400-6-23,2021-09-14
832,صايپا012,صكوك مرابحه سايپا012-3ماهه 16%,3,30000,30000060000,1000001,1000002,1000002,1,0,1000002,1,0,1000002,1000002,1400-6-23,2021-09-14
833,واميد2,گروه مديريت سرمايه گذاري اميد,3,63582926,831749696520,13130,13130,13100,-30,-0.23,13081,-49,-0.37,13020,13130,1400-6-23,2021-09-14
834,تملي803,تسهيلات مسكن ب. ملي-خرداد98,3,108,84316572,743533,780709,780709,37176,5,780709,37176,5,780709,780709,1400-6-23,2021-09-14
835,ضمخا7077,اختيارخ اخابر-6700-1400/07/28,3,13,49890000,5145,3700,3998,-1147,-22.29,3838,-1307,-25.4,3700,3998,1400-6-23,2021-09-14
836,فبستم,صنايع ‌بسته‌بندي‌ مشهد,3,12888,10529496,794,817,817,23,2.9,794,0,0,817,817,1400-6-23,2021-09-14
837,ثقزوي,شركت عمران و سازندگي قزوين,3,698,20245490,29902,29005,29005,-897,-3,29900,-2,-0.01,29005,29005,1400-6-23,2021-09-14
838,هنوري102,اختيارف ت نوري59561-01/02/15,3,12065,12065,1,1,1,0,0,1,0,0,1,1,1400-6-23,2021-09-14
839,ضپيك7043,اختيارخ تاپيكو-10070-00/07/18,3,34,134080000,4032,4200,4390,358,8.88,3944,-88,-2.18,3100,4390,1400-6-23,2021-09-14
840,خودرو2,ايران‌ خودرو,3,297000000,629640000000,2074,2120,2120,46,2.22,2120,46,2.22,2120,2120,1400-6-23,2021-09-14
841,ضملي1158,اختيارخ فملي-4500-1400/11/03,3,30,165000000,1,5500,5500,5499,549900,5500,5499,549900,5500,5500,1400-6-23,2021-09-14
842,تملي704,تسهيلات مسكن ب. ملي-تير97,3,34,24239800,750452,712930,712950,-37502,-5,712935,-37517,-5,712930,712950,1400-6-23,2021-09-14
843,مشير112,مشاركت شهرداري شيراز-3ماهه18%,2,20000,20000000000,990000,1000000,1000000,10000,1.01,1000000,10000,1.01,1000000,1000000,1400-6-23,2021-09-14
844,اشاد10,مشاركت دولتي10-شرايط خاص001226,2,4000,3824803600,975237,955001,978999,3762,0.39,956201,-19036,-1.95,955001,978999,1400-6-23,2021-09-14
845,ضذوب904,اختيارخ ذوب-4500-14000917,2,2,2600000,728,1800,800,72,9.89,1300,572,78.57,800,1800,1400-6-23,2021-09-14
846,اراد904,مرابحه عام دولت90-ش.خ050217,2,3540000,3363000000000,980000,950000,950000,-30000,-3.06,950000,-30000,-3.06,950000,950000,1400-6-23,2021-09-14
847,صپا ه 26,بار پايه هفته 26صنعتي,2,14000,10080000,720,720,720,0,0,720,0,0,720,720,1400-6-23,2021-09-14
848,زعف0008پ19,زعفران0008نگين تروند قاينات(پ),2,760,109972000,144500,144700,144700,200,0.14,144700,200,0.14,144700,144700,1400-6-23,2021-09-14
849,رويش4,ص.س.جسورانه رويش لوتوس,2,10170,28476000000,1620000,2800000,2800000,1180000,72.84,2800000,1180000,72.84,2800000,2800000,1400-6-23,2021-09-14
850,ضملي1159,اختيارخ فملي-5000-1400/11/03,2,15,68500000,1,4500,4700,4699,469900,4567,4566,456600,4500,4700,1400-6-23,2021-09-14
851,گواهي ظرفيت,گواهي ظرفيت نقدي,2,5450000,139329250000,24348,25565,25565,1217,5,24660,312,1.28,25565,25565,1400-6-23,2021-09-14
852,فسديد,لوله‌وتجهيزات‌ سديد - ورشكسته,2,179,19330210,109080,107990,107990,-1090,-1,109075,-5,0,107990,107990,1400-6-23,2021-09-14
853,ضبدر8078,اختيارخ شبندر-5157-1400/08/30,2,9,67215400,1600,1600,1550,-50,-3.13,1594,-6,-0.38,1550,1600,1400-6-23,2021-09-14
854,تملي711,تسهيلات مسكن ب. ملي-بهمن97,2,30,18895030,610001,640501,620501,10500,1.72,629834,19833,3.25,620501,640501,1400-6-23,2021-09-14
855,ضپال2004,اختيارخ اپال-20000-1401/02/12,2,2,16800000,15,10400,6400,6385,42566.67,8400,8385,55900,6400,10400,1400-6-23,2021-09-14
856,ضفلا7006,اختيارخ فولاد-12440-1400/07/25,2,30,28040000,91,600,700,609,669.23,667,576,632.97,600,700,1400-6-23,2021-09-14
857,ضشنا8003,اختيارخ شپنا-8800-1400/08/16,2,5,26200000,4510,4200,5500,990,21.95,5240,730,16.19,4200,5500,1400-6-23,2021-09-14
858,اخزا820,اسنادخزانه-م20بودجه98-020806,2,108,70604000,657000,638000,655000,-2000,-0.3,653741,-3259,-0.5,638000,655000,1400-6-23,2021-09-14
859,ضملت8040,اختيارخ وبملت-2934-1400/08/19,2,21,28299000,1056,1299,1350,294,27.84,1348,292,27.65,1299,1350,1400-6-23,2021-09-14
860,ضمخا7067,اختيارخ اخابر-13700-1400/07/28,2,9,410000,40,50,40,0,0,46,6,15,40,50,1400-6-23,2021-09-14
861,تملي708,تسهيلات مسكن ب. ملي-آبان97,2,10,7395110,778432,739511,739511,-38921,-5,739511,-38921,-5,739511,739511,1400-6-23,2021-09-14
862,هاميد104,اختيارف ت ثاميد-2050-01/04/20,2,50001,6000120,1,120,120,119,11900,120,119,11900,120,120,1400-6-23,2021-09-14
863,اخزا814,اسنادخزانه-م14بودجه98-010318,2,5736,4973106264,865997,866999,866999,1002,0.12,866999,1002,0.12,866999,866999,1400-6-23,2021-09-14
864,فولاد2,فولاد مباركه اصفهان,2,50000000,563500000000,11180,11180,11270,90,0.81,11270,90,0.81,11270,11270,1400-6-23,2021-09-14
865,ضخود1051,اختيارخ خودرو-1800-1400/10/08,2,140,91660000,572,654,655,83,14.51,655,83,14.51,654,655,1400-6-23,2021-09-14
866,ضترا8055,اختيارخ شتران-2118-1400/08/09,2,61,366000000,5500,6000,6000,500,9.09,6000,500,9.09,6000,6000,1400-6-23,2021-09-14
867,اراد834,مرابحه عام دولت83-ش.خ041220,2,16450000,15093874250000,1000000,917590,917535,-82465,-8.25,917561,-82439,-8.24,917535,917590,1400-6-23,2021-09-14
868,سپر2,صندوق س سپر سرمايه بيدار- ثابت,2,5000000,5000000,12732,1,1,-12731,-99.99,1,-12731,-99.99,1,1,1400-6-23,2021-09-14
869,اراد49,مرابحه عام دولت4-ش.خ 0206,2,500,493447000,940000,986470,987000,47000,5,986894,46894,4.99,986470,987000,1400-6-23,2021-09-14
870,ضملت8045,اختيارخ وبملت-5934-1400/08/19,2,24,1913000,100,79,80,-20,-20,80,-20,-20,79,80,1400-6-23,2021-09-14
871,اراد874,مرابحه عام دولت87-ش.خ030304,2,8199107,7598932367600,926020,926800,926800,780,0.08,926800,780,0.08,926800,926800,1400-6-23,2021-09-14
872,ضذوب903,اختيارخ ذوب-4000-14000917,2,100,125000000,1309,1250,1250,-59,-4.51,1250,-59,-4.51,1250,1250,1400-6-23,2021-09-14
873,كمند2,صندوق س. با درآمد ثابت كمند,2,35000000,35000000,10039,1,1,-10038,-99.99,1,-10038,-99.99,1,1,1400-6-23,2021-09-14
874,ضذوب907,اختيارخ ذوب-7000-14000917,1,50,22000000,467,440,440,-27,-5.78,440,-27,-5.78,440,440,1400-6-23,2021-09-14
875,ضمخا7069,اختيارخ اخابر-17700-1400/07/28,1,12,1200000,550,100,100,-450,-81.82,100,-450,-81.82,100,100,1400-6-23,2021-09-14
876,ضجار7040,اختيارخ وتجارت-2497-1400/07/21,1,1,257000,211,257,257,46,21.8,257,46,21.8,257,257,1400-6-23,2021-09-14
877,ضپنا8000,اختيارخ رمپنا-9850-1400/08/05,1,1,7200000,10000,7200,7200,-2800,-28,7200,-2800,-28,7200,7200,1400-6-23,2021-09-14
878,ضترا8059,اختيارخ شتران-3882-1400/08/09,1,17,45900000,2000,2700,2700,700,35,2700,700,35,2700,2700,1400-6-23,2021-09-14
879,اراد324,مرابحه عام دولت3-ش.خ0211,1,44000,39679200000,1000000,901800,901800,-98200,-9.82,901800,-98200,-9.82,901800,901800,1400-6-23,2021-09-14
880,اراد444,مرابحه عام دولت4-ش.خ 0007,1,2000000,1636208000000,1020000,818104,818104,-201896,-19.79,818104,-201896,-19.79,818104,818104,1400-6-23,2021-09-14
881,اراد504,مرابحه عام دولت5-ش.خ0302,1,400000,400000000000,1000001,1000000,1000000,-1,0,1000000,-1,0,1000000,1000000,1400-6-23,2021-09-14
882,افاد24,منفعت دولتي2-شرايط خاص14000626,1,5490000,5487408720000,985000,999528,999528,14528,1.47,999528,14528,1.47,999528,999528,1400-6-23,2021-09-14
883,اخزا8122,اسنادخزانه-م12بودجه98-001111,1,2260807,2096898492500,926520,927500,927500,980,0.11,927500,980,0.11,927500,927500,1400-6-23,2021-09-14
884,بركت2,گروه دارويي بركت,1,40000000,1692000000000,40290,42300,42300,2010,4.99,42300,2010,4.99,42300,42300,1400-6-23,2021-09-14
885,ضگل8072,اختيارخ كگل-8700-1400/08/23,1,1,15000000,17000,15000,15000,-2000,-11.76,15000,-2000,-11.76,15000,15000,1400-6-23,2021-09-14
886,آگاس2,صندوق س.هستي بخش آگاه-س,1,1100000,1100000,83261,1,1,-83260,-100,1,-83260,-100,1,1,1400-6-23,2021-09-14
887,خزاميا4,زامياد,1,1000000,7690000000,7430,7690,7690,260,3.5,7690,260,3.5,7690,7690,1400-6-23,2021-09-14
888,شبصير2,توليدات پتروشيمي قائد بصير,1,7298160,756235339200,101160,103620,103620,2460,2.43,103620,2460,2.43,103620,103620,1400-6-23,2021-09-14
889,ضپال2000,اختيارخ اپال-12000-1401/02/12,1,1,12000000,12,12000,12000,11988,99900,12000,11988,99900,12000,12000,1400-6-23,2021-09-14
890,ضمخا7070,اختيارخ اخابر-19700-1400/07/28,1,7,91000,100,13,13,-87,-87,13,-87,-87,13,13,1400-6-23,2021-09-14
891,افاد54,منفعت دولت5-ش.خاص لوتوس0108,1,2000,1734000000,854000,867000,867000,13000,1.52,867000,13000,1.52,867000,867000,1400-6-23,2021-09-14
892,اوصتا4,صندوق انديشه ورزان صباتامين -د,1,32800000,651604800000,19840,19866,19866,26,0.13,19866,26,0.13,19866,19866,1400-6-23,2021-09-14
893,ورنا4,سرمايه‌گذاري‌ رنا(هلدينگ‌,1,84993796,470865629840,5390,5540,5540,150,2.78,5540,150,2.78,5540,5540,1400-6-23,2021-09-14
894,اخزا7212,اسنادخزانه-م21بودجه97-000728,1,1068359,1048487522600,979782,981400,981400,1618,0.17,981400,1618,0.17,981400,981400,1400-6-23,2021-09-14
895,هپارس102,اختيارف ت پارس-157010-01/02/05,1,145,145,1,1,1,0,0,1,0,0,1,1,1400-6-23,2021-09-14
896,اراد214,مرابحه عام دولت2ش.خ صادرات0212,1,24100000,22942983100000,1000000,951991,951991,-48009,-4.8,951991,-48009,-4.8,951991,951991,1400-6-23,2021-09-14
897,ضسان7079,اختيارخ پارسان-20000-00/07/14,1,50,600000000,8940,12000,12000,3060,34.23,12000,3060,34.23,12000,12000,1400-6-23,2021-09-14
898,شسم,توليد سموم‌ علف‌ كش,1,500,50606500,99229,101213,101213,1984,2,99249,20,0.02,101213,101213,1400-6-23,2021-09-14
899,تملي801,تسهيلات مسكن ب. ملي-فروردين98,1,1,695730,732347,695730,695730,-36617,-5,695730,-36617,-5,695730,695730,1400-6-23,2021-09-14
900,ضمخا7066,اختيارخ اخابر-11700-1400/07/28,1,21,9450000,403,450,450,47,11.66,450,47,11.66,450,450,1400-6-23,2021-09-14
901,اخزا8152,اسنادخزانه-م15بودجه98-010406,1,240000,205320000000,856116,855500,855500,-616,-0.07,855500,-616,-0.07,855500,855500,1400-6-23,2021-09-14
902,ضپنا1033,اختيارخ رمپنا-17850-1400/10/08,1,13,68900000,1,5300,5300,5299,529900,5300,5299,529900,5300,5300,1400-6-23,2021-09-14
903,صكم ر 5,كم باري روز 5صنعتي,1,18000,10620000,385,590,590,205,53.25,590,205,53.25,590,590,1400-6-23,2021-09-14
904,اروند06,منفعت صبا اروند ملت 14001113,1,10000,10000000000,1000000,1000000,1000000,0,0,1000000,0,0,1000000,1000000,1400-6-23,2021-09-14
905,ضمخا7068,اختيارخ اخابر-15700-1400/07/28,1,38,3838000,332,101,101,-231,-69.58,101,-231,-69.58,101,101,1400-6-23,2021-09-14
906,اراد60,مرابحه عام دولتي6-ش.خ0210,1,1000,955000000,970000,955000,955000,-15000,-1.55,955000,-15000,-1.55,955000,955000,1400-6-23,2021-09-14
907,ضغدر8058,اختيارخ وغدير-10000-1400/08/26,1,50,300000000,5814,6000,6000,186,3.2,6000,186,3.2,6000,6000,1400-6-23,2021-09-14
908,اراد314,مرابحه عام دولت3-ش.خ 0208,1,2110000,1922967490000,950000,911359,911359,-38641,-4.07,911359,-38641,-4.07,911359,911359,1400-6-23,2021-09-14
909,اراد872,مرابحه عام دولت87-ش.خ030304,1,64,59315200,926020,926800,926800,780,0.08,926800,780,0.08,926800,926800,1400-6-23,2021-09-14
910,شكف,كف,1,55,5334505,98970,96991,96991,-1979,-2,98969,-1,0,96991,96991,1400-6-23,2021-09-14
911,ضپاس7032,اختيارخ وپارس-4000-1400/07/28,1,1,1000,10,1,1,-9,-90,1,-9,-90,1,1,1400-6-23,2021-09-14
912,تملي703,تسهيلات مسكن ب. ملي-خرداد97,1,7,5363624,766282,766232,766232,-50,-0.01,766232,-50,-0.01,766232,766232,1400-6-23,2021-09-14
913,صكم ر 7,كم باري روز 7صنعتي,1,18000,10620000,385,590,590,205,53.25,590,205,53.25,590,590,1400-6-23,2021-09-14
914,اراد434,مرابحه عام دولت4-ش.خ 0205,1,1568000,1629465600000,924500,1039200,1039200,114700,12.41,1039200,114700,12.41,1039200,1039200,1400-6-23,2021-09-14
915,شپديس2,پتروشيمي پرديس,1,2000000,312540000000,154670,156270,156270,1600,1.03,156270,1600,1.03,156270,156270,1400-6-23,2021-09-14
916,بموتو2,موتوژن‌,1,5480833,455457222300,79150,83100,83100,3950,4.99,83100,3950,4.99,83100,83100,1400-6-23,2021-09-14
917,ضبدر8076,اختيارخ شبندر-3448-1400/08/30,1,1,18675108,3263,3987,3987,724,22.19,3987,724,22.19,3987,3987,1400-6-23,2021-09-14
918,شرق1400,مشاركت ليزينگ ايران وشرق140010,1,5,5025000,999000,1005000,1005000,6000,0.6,1005000,6000,0.6,1005000,1005000,1400-6-23,2021-09-14
919,ونفت2,سرمايه‌گذاري‌ صنعت‌ نفت‌,1,82000000,1431720000000,16870,17460,17460,590,3.5,17460,590,3.5,17460,17460,1400-6-23,2021-09-14
920,ضخود1056,اختيارخ خودرو-4000-1400/10/08,1,1,50000,141,50,50,-91,-64.54,50,-91,-64.54,50,50,1400-6-23,2021-09-14
921,تملي710,تسهيلات مسكن ب. ملي-دي97,1,12,9595380,841700,799615,799615,-42085,-5,799615,-42085,-5,799615,799615,1400-6-23,2021-09-14
922,تملي612,تسهيلات مسكن بانك ملي-اسفند96,1,10,6695920,704833,669592,669592,-35241,-5,669592,-35241,-5,669592,669592,1400-6-23,2021-09-14
923,صكم ر 9,كم باري روز 9صنعتي,1,18000,10620000,385,590,590,205,53.25,590,205,53.25,590,590,1400-6-23,2021-09-14
924,آسام2,صندوق س.آرمان سپهر آشنا-م,1,100000,100000,126494,1,1,-126493,-100,1,-126493,-100,1,1,1400-6-23,2021-09-14
925,صشستا3112,صكوك اجاره شستا311-بدون ضامن,1,500000,500000000000,999999,1000000,1000000,1,0,1000000,1,0,1000000,1000000,1400-6-23,2021-09-14
926,اراد862,مرابحه عام دولت86-ش.خ020404,1,37,34635700,936710,936100,936100,-610,-0.07,936100,-610,-0.07,936100,936100,1400-6-23,2021-09-14
927,ضملت8038,اختيارخ وبملت-1934-1400/08/19,1,20,44800000,2202,2240,2240,38,1.73,2240,38,1.73,2240,2240,1400-6-23,2021-09-14
928,ضخود1054,اختيارخ خودرو-3000-1400/10/08,1,1,200000,200,200,200,0,0,200,0,0,200,200,1400-6-23,2021-09-14
929,سمازن2,سيمان‌مازندران‌,1,8000000,116000000000,14530,14500,14500,-30,-0.21,14500,-30,-0.21,14500,14500,1400-6-23,2021-09-14
930,اراد644,مرابحه عام دولتي64-ش.خ0111,1,3000000,2864100000000,944500,954700,954700,10200,1.08,954700,10200,1.08,954700,954700,1400-6-23,2021-09-14
931,شتهران,داروسازي تهران شيمي,1,5676,41485884,7166,7309,7309,143,2,7167,1,0.01,7309,7309,1400-6-23,2021-09-14
932,ياقوت2,صندوق س ياقوت آگاه-ثابت,1,31000,31000,13121,1,1,-13120,-99.99,1,-13120,-99.99,1,1,1400-6-23,2021-09-14
933,ميدكو2,توسعه معادن وص.معدني خاورميانه,1,30000000,1399800000000,46660,46660,46660,0,0,46660,0,0,46660,46660,1400-6-23,2021-09-14
934,خبهمن2,گروه‌بهمن‌,1,100000000,175200000000,1709,1752,1752,43,2.52,1752,43,2.52,1752,1752,1400-6-23,2021-09-14
935,اراد404,مرابحه عام دولت4-ش.خ 0207,1,1415000,1327850150000,1000000,938410,938410,-61590,-6.16,938410,-61590,-6.16,938410,938410,1400-6-23,2021-09-14
936,ضخوز7036,اختيارخ فخوز-9200-1400/07/14,1,1,9500000,9000,9500,9500,500,5.56,9500,500,5.56,9500,9500,1400-6-23,2021-09-14
937,ضمخا7075,اختيارخ اخابر-8700-1400/07/28,1,2,4000000,2010,2000,2000,-10,-0.5,2000,-10,-0.5,2000,2000,1400-6-23,2021-09-14
938,سپرمي,پرميت‌,1,5035,47449840,9331,9424,9424,93,1,9334,3,0.03,9424,9424,1400-6-23,2021-09-14
939,صينا205,صكوك منفعت سينا دارو-3ماهه 19%,1,23,22540023,980000,980001,980001,1,0,980001,1,0,980001,980001,1400-6-23,2021-09-14
940,اراد384,مرابحه عام دولت3-ش.خ 0105,1,1001000,975649675000,1009000,974675,974675,-34325,-3.4,974675,-34325,-3.4,974675,974675,1400-6-23,2021-09-14
941,ونوين2,بانك‌اقتصادنوين‌,1,10000000,45100000000,4388,4510,4510,122,2.78,4510,122,2.78,4510,4510,1400-6-23,2021-09-14
942,ضاريان1204,اختيارخ آريان-18000-14001211,1,2,5000000,1,2500,2500,2499,249900,2500,2499,249900,2500,2500,1400-6-23,2021-09-14
943,سنفت009,سلف موازي استاندارد سنفت009,1,6200,10002336000,1630872,1613280,1613280,-17592,-1.08,1613280,-17592,-1.08,1613280,1613280,1400-6-23,2021-09-14
944,داريك4,صندوق س.اعتماد داريك-د,1,2500000,28325000000,11461,11330,11330,-131,-1.14,11330,-131,-1.14,11330,11330,1400-6-23,2021-09-14
945,اخزا8172,اسنادخزانه-م17بودجه98-010512,1,238000,199753400000,840898,839300,839300,-1598,-0.19,839300,-1598,-0.19,839300,839300,1400-6-23,2021-09-14
946,كگهر2,سنگ آهن گهرزمين,1,3000000,150000000000,48528,50000,50000,1472,3.03,50000,1472,3.03,50000,50000,1400-6-23,2021-09-14
947,ضصاد8031,اختيارخ وبصادر-1789-1400/08/12,1,50,32000000,643,640,640,-3,-0.47,640,-3,-0.47,640,640,1400-6-23,2021-09-14
948,سرو2,صندوق س سروسودمند مدبران-سهام,1,200000,200000,77780,1,1,-77779,-100,1,-77779,-100,1,1,1400-6-23,2021-09-14
949,ضملي7006,اختيارخ فملي-17720-1400/07/11,1,1,100000,200,100,100,-100,-50,100,-100,-50,100,100,1400-6-23,2021-09-14
950,ضملي1157,اختيارخ فملي-4000-1400/11/03,1,10,63000000,1,6300,6300,6299,629900,6300,6299,629900,6300,6300,1400-6-23,2021-09-14
951,ضپاس7034,اختيارخ وپارس-5000-1400/07/28,1,30,30000,50,1,1,-49,-98,1,-49,-98,1,1,1400-6-23,2021-09-14
952,ضسپا8046,اختيارخ خساپا-3500-1400/08/26,1,13,637000,50,49,49,-1,-2,49,-1,-2,49,49,1400-6-23,2021-09-14
953,زاگرس2,پتروشيمي زاگرس,1,3000000,811683000000,265207,270561,270561,5354,2.02,270561,5354,2.02,270561,270561,1400-6-23,2021-09-14
954,سپيدما4,صندوق س. سپيد دماوند-د,1,100000000,1104800000000,11042,11048,11048,6,0.05,11048,6,0.05,11048,11048,1400-6-23,2021-09-14
955,ضسان7081,اختيارخ پارسان-28000-00/07/14,1,50,235000000,3999,4700,4700,701,17.53,4700,701,17.53,4700,4700,1400-6-23,2021-09-14
956,صكم ر 8,كم باري روز 8صنعتي,1,18000,10620000,385,590,590,205,53.25,590,205,53.25,590,590,1400-6-23,2021-09-14
957,صكم ر 6,كم باري روز 6صنعتي,1,18000,10620000,385,590,590,205,53.25,590,205,53.25,590,590,1400-6-23,2021-09-14
958,كبافق2,معادن‌ بافق‌,1,1000000,41350000000,40450,41350,41350,900,2.22,41350,900,2.22,41350,41350,1400-6-23,2021-09-14
