,نماد,نام,تعداد,حجم,ارزش,دیروز,اولین,آخرین معامله - مقدار,آخرین معامله - تغییر,آخرین معامله - درصد,قیمت پایانی - مقدار,قیمت پایانی - تغییر,قیمت پایانی - درصد,کمترین,بیشترین,تاریخ,gregorian_date
0,بركت,گروه دارويي بركت,23166,64046118,1960823946180,30610,30100,30450,-160,-0.52,30620,10,0.03,29700,31980,1400-2-5,2021-04-25
1,پالايش,صندوق پالايشي يكم-سهام,18018,14329329,973131297000,69530,68900,67520,-2010,-2.89,67910,-1620,-2.33,67020,69300,1400-2-5,2021-04-25
2,دارا يكم,صندوق واسطه گري مالي يكم-سهام,15963,13426505,1718218313760,129340,128000,127580,-1760,-1.36,127970,-1370,-1.06,126710,129720,1400-2-5,2021-04-25
3,فملي,ملي‌ صنايع‌ مس‌ ايران‌,10198,70368065,771275706120,11260,11010,10970,-290,-2.58,10960,-300,-2.66,10930,11190,1400-2-5,2021-04-25
4,شستا,سرمايه گذاري تامين اجتماعي,8242,54012140,592448168470,11280,10990,10950,-330,-2.93,10970,-310,-2.75,10950,11190,1400-2-5,2021-04-25
5,فولاد,فولاد مباركه اصفهان,6562,60595344,712834032460,12000,11750,11780,-220,-1.83,11760,-240,-2,11650,11990,1400-2-5,2021-04-25
6,امينح,ح . تامين سرمايه امين,5789,6100128,24843541880,4310,4110,4100,-210,-4.87,4070,-240,-5.57,4060,4270,1400-2-5,2021-04-25
7,وتجارت,بانك تجارت,5544,218921502,557420347040,2590,2520,2520,-70,-2.7,2550,-40,-1.54,2520,2600,1400-2-5,2021-04-25
8,امين يكم,صندوق درآمد ثابت امين يكم فردا,4694,140986948,1418567344716,10058,10068,10065,7,0.07,10062,4,0.04,10060,10069,1400-2-5,2021-04-25
9,شگويا,پتروشيمي تندگويان,4663,26726382,216023752666,8319,8070,8130,-189,-2.27,8083,-236,-2.84,8070,8215,1400-2-5,2021-04-25
10,وبملت,بانك ملت,4384,135183632,555220973130,4160,4170,4090,-70,-1.68,4110,-50,-1.2,4050,4200,1400-2-5,2021-04-25
11,وكبهمن,مديريت سرمايه گذاري كوثربهمن,4206,1972197,19888890475,10337,10120,10110,-227,-2.2,10233,-104,-1.01,10027,10338,1400-2-5,2021-04-25
12,اپال,فرآوري معدني اپال كاني پارس,4114,7450875,124886172130,16810,16800,16750,-60,-0.36,16760,-50,-0.3,16330,16980,1400-2-5,2021-04-25
13,بوعلي,پتروشيمي بوعلي سينا,3993,1822306,75632560920,41570,41100,41530,-40,-0.1,41500,-70,-0.17,41050,42160,1400-2-5,2021-04-25
14,وكار,بانك‌ كارآفرين‌,3719,89209662,255917868270,2770,2800,2900,130,4.69,2870,100,3.61,2760,2930,1400-2-5,2021-04-25
15,سيتا,سرمايه گذاري سيمان تامين,3657,5715426,85738921280,15000,15000,15010,10,0.07,15000,0,0,15000,15010,1400-2-5,2021-04-25
16,آريا,پليمر آريا ساسول,3593,1535337,126252395458,84411,82610,82001,-2410,-2.86,82231,-2180,-2.58,81879,84300,1400-2-5,2021-04-25
17,فنوال,نورد آلومينيوم‌,3501,4200093,115284523070,26380,26700,27310,930,3.53,27450,1070,4.06,26500,27960,1400-2-5,2021-04-25
18,وبصادر,بانك صادرات ايران,2912,98348993,214904517450,2240,2180,2180,-60,-2.68,2190,-50,-2.23,2180,2220,1400-2-5,2021-04-25
19,وغدير,سرمايه‌گذاري‌غدير(هلدينگ‌,2835,33658349,324610484250,9930,9650,9640,-290,-2.92,9640,-290,-2.92,9640,9840,1400-2-5,2021-04-25
20,وپاسار,بانك  پاسارگاد,2771,43290509,592218460800,13670,13680,13680,10,0.07,13680,10,0.07,13670,13700,1400-2-5,2021-04-25
21,افران,صندوق س افرا نماد پايدار-ثابت,2650,119903753,1578682880000,13161,13167,13166,5,0.04,13166,5,0.04,13161,13199,1400-2-5,2021-04-25
22,دماوند,توليد نيروي برق دماوند,2644,3333432,81400219902,23912,23970,24300,388,1.62,24419,507,2.12,23960,25000,1400-2-5,2021-04-25
23,كمند,صندوق س. با درآمد ثابت كمند,2614,96876894,979966862014,10111,10116,10116,5,0.05,10116,5,0.05,10115,10118,1400-2-5,2021-04-25
24,بگيلان,توسعه مسير برق گيلان,2396,502653,10136722280,20765,20280,20200,-565,-2.72,20638,-127,-0.61,20150,20280,1400-2-5,2021-04-25
25,فخوز,فولاد  خوزستان,1953,19761903,281159305520,14620,14280,14350,-270,-1.85,14230,-390,-2.67,14190,14620,1400-2-5,2021-04-25
26,تاصيكو,سرمايه گذاري صدرتامين,1942,19862657,200399977130,9900,10200,9810,-90,-0.91,10090,190,1.92,9710,10330,1400-2-5,2021-04-25
27,نوري,پتروشيمي نوري,1914,3851452,216894449800,57900,56170,56170,-1730,-2.99,56310,-1590,-2.75,56170,57200,1400-2-5,2021-04-25
28,كيان,صندوق س. با درآمد ثابت كيان,1836,12657953,356528075151,28112,28134,28190,78,0.28,28166,54,0.19,28130,28199,1400-2-5,2021-04-25
29,اعتماد,صندوق س.اعتماد آفرين پارسيان-د,1711,38511470,1389158902340,36053,36072,36073,20,0.06,36071,18,0.05,36070,36075,1400-2-5,2021-04-25
30,صبا,سرمايه گذاري صبا تامين,1666,5504607,40140349892,7493,7299,7276,-217,-2.9,7424,-69,-0.92,7269,7450,1400-2-5,2021-04-25
31,افق,فروشگاههاي زنجيره اي افق كوروش,1656,1667499,117708813630,68900,70520,70110,1210,1.76,70590,1690,2.45,69500,72000,1400-2-5,2021-04-25
32,آوا,صندوق س.سهام آواي معيار-س,1346,20264394,126689130361,6218,6230,6257,39,0.63,6252,34,0.55,6200,6274,1400-2-5,2021-04-25
33,ضخود2006,اختيارخ خودرو-2500-1400/02/08,1290,64180,64286000,2,1,1,-1,-50,1,-1,-50,1,2,1400-2-5,2021-04-25
34,سرو,صندوق س سروسودمند مدبران-سهام,1287,846187,52504003190,63180,63000,61900,-1280,-2.03,62050,-1130,-1.79,61550,63200,1400-2-5,2021-04-25
35,قرن,پديده شيمي قرن,1269,1627924,100296718310,61170,60450,59340,-1830,-2.99,61610,440,0.72,59340,63900,1400-2-5,2021-04-25
36,ورازي,بيمه رازي,1197,11618467,113352616699,10162,9654,9654,-508,-5,9756,-406,-4,9654,10162,1400-2-5,2021-04-25
37,وساخت,سرمايه‌ گذاري‌ ساختمان‌ايران‌,1160,1518089,66207283770,43000,41710,44320,1320,3.07,43610,610,1.42,41710,44700,1400-2-5,2021-04-25
38,غگيلا,شيرپاستوريزه پگاه گيلان,1154,24946,612773544,23174,24564,24564,1390,6,23190,16,0.07,24564,24564,1400-2-5,2021-04-25
39,خودرو,ايران‌ خودرو,1138,19186276,39140003040,2100,2040,2040,-60,-2.86,2080,-20,-0.95,2040,2040,1400-2-5,2021-04-25
40,آگاس,صندوق س.هستي بخش آگاه-س,1047,842188,52351580065,63386,62900,62057,-1329,-2.1,62161,-1225,-1.93,61603,62990,1400-2-5,2021-04-25
41,تسه9912,امتياز تسهيلات مسكن اسفند99,1044,22806,11843284909,501095,520000,526000,24905,4.97,519306,18211,3.63,505028,526000,1400-2-5,2021-04-25
42,وخارزمح,ح.سرمايه گذاري خوارزمي,1037,3520205,11049021910,3190,3200,3110,-80,-2.51,3140,-50,-1.57,3090,3200,1400-2-5,2021-04-25
43,امين يكم2,صندوق درآمد ثابت امين يكم فردا,1000,100000000,100000000,10058,1,1,-10057,-99.99,1,-10057,-99.99,1,1,1400-2-5,2021-04-25
44,پاكشو,گروه صنعتي پاكشو,988,30065117,199340594710,6830,6630,6630,-200,-2.93,6630,-200,-2.93,6630,6700,1400-2-5,2021-04-25
45,ومهان,گروه توسعه مالي مهر آيندگان,982,6649674,77418234106,11817,11535,11815,-2,-0.02,11642,-175,-1.48,11463,11825,1400-2-5,2021-04-25
46,پترول,گ.س.وت.ص.پتروشيمي خليج فارس,960,9997338,82677985260,8520,8270,8270,-250,-2.93,8270,-250,-2.93,8270,8270,1400-2-5,2021-04-25
47,فارس,صنايع پتروشيمي خليج فارس,957,8025896,69033637020,8860,8600,8600,-260,-2.93,8700,-160,-1.81,8600,8700,1400-2-5,2021-04-25
48,تسه0001,امتيازتسهيلات مسكن فروردين1400,950,16674,8442913399,492025,480099,516626,24601,5,506352,14327,2.91,480099,516626,1400-2-5,2021-04-25
49,وصنعت,سرمايه گذاري توسعه صنعت وتجارت,943,8886906,50846635500,5880,5740,5710,-170,-2.89,5720,-160,-2.72,5710,5880,1400-2-5,2021-04-25
50,كاوه,فولاد كاوه جنوب كيش,942,6450360,133805505280,21290,20910,20750,-540,-2.54,20740,-550,-2.58,20660,21290,1400-2-5,2021-04-25
51,شلرد,كود شيميايي اوره لردگان,922,10059427,63682143267,6440,6356,6312,-128,-1.99,6331,-109,-1.69,6312,6430,1400-2-5,2021-04-25
52,آكورد,صندوق س. آرمان آتي كوثر-د,871,8272070,262693497616,31742,31764,31760,18,0.06,31757,15,0.05,31755,31765,1400-2-5,2021-04-25
53,خساپا,سايپا,865,11370680,22513946400,2040,1980,1980,-60,-2.94,2030,-10,-0.49,1980,1980,1400-2-5,2021-04-25
54,تاپيكو,س. نفت و گاز و پتروشيمي تأمين,861,8726325,91593639220,10800,10490,10480,-320,-2.96,10560,-240,-2.22,10480,10800,1400-2-5,2021-04-25
55,وتوكاح,ح . ‌توكافولاد(هلدينگ‌,838,38914234,311313872000,6658,8000,8000,1342,20.16,8000,1342,20.16,8000,8000,1400-2-5,2021-04-25
56,سپيدما,صندوق س. سپيد دماوند-د,831,50057636,511138522922,10210,10211,10211,1,0.01,10211,1,0.01,10210,10216,1400-2-5,2021-04-25
57,فباهنرح,ح . مس‌ شهيدباهنر,743,4453194,66993450590,15330,15300,14990,-340,-2.22,15040,-290,-1.89,14930,15300,1400-2-5,2021-04-25
58,فجر,فولاد اميركبيركاشان,714,1063914,58503838780,55460,55980,55870,410,0.74,54990,-470,-0.85,54540,56000,1400-2-5,2021-04-25
59,زپارس,ملي كشت و صنعت و دامپروري پارس,667,702264,111800787520,156150,165500,156150,0,0,159200,3050,1.95,151470,165510,1400-2-5,2021-04-25
60,شغدير,پتروشيمي غدير,659,1378590,81512924010,60360,58550,58600,-1760,-2.92,59130,-1230,-2.04,58550,61400,1400-2-5,2021-04-25
61,سرچشمه,سرمايه گذاري مس سرچشمه,655,7242385,45403923013,6453,6401,6261,-192,-2.98,6283,-170,-2.63,6260,6401,1400-2-5,2021-04-25
62,سمتاز,سيمان ممتازان كرمان,654,1461822,32562524077,22498,22049,22049,-449,-2,22275,-223,-0.99,22049,23040,1400-2-5,2021-04-25
63,شصدف,صنعتي دوده فام,635,61034,1972435778,30488,32317,32317,1829,6,30556,68,0.22,32317,32317,1400-2-5,2021-04-25
64,غگل,گلوكوزان‌,631,13372529,40652488160,3130,3040,3040,-90,-2.88,3050,-80,-2.56,3040,3040,1400-2-5,2021-04-25
65,كارين,صندوق س نگين سامان-ثابت,630,27872948,279510987233,10022,10030,10028,6,0.06,10028,6,0.06,10027,10030,1400-2-5,2021-04-25
66,كگلح,ح . معدني و صنعتي گل گهر,595,1296623,12900316200,10260,9950,9980,-280,-2.73,9950,-310,-3.02,9810,10110,1400-2-5,2021-04-25
67,كچاد,معدني‌وصنعتي‌چادرملو,590,4638111,100158866720,22250,21650,21590,-660,-2.97,21680,-570,-2.56,21590,21700,1400-2-5,2021-04-25
68,فنورد,نوردوقطعات‌ فولادي‌,580,298973,49085283130,169160,164090,164090,-5070,-3,164180,-4980,-2.94,164090,167660,1400-2-5,2021-04-25
69,بميلا,توسعه بازرگاني آهن وفولادميلاد,565,6465137,88588536651,13076,13729,13729,653,4.99,13702,626,4.79,13220,13729,1400-2-5,2021-04-25
70,شگلح,ح . گلتاش‌,564,2369601,13182615960,5840,5710,5490,-350,-5.99,5560,-280,-4.79,5490,5800,1400-2-5,2021-04-25
71,ضخود2005,اختيارخ خودرو-2000-1400/02/08,553,23243,316787000,42,15,13,-29,-69.05,14,-28,-66.67,10,19,1400-2-5,2021-04-25
72,فايرا,آلومينيوم‌ايران‌,537,6236283,105861585180,17210,17300,17130,-80,-0.46,16980,-230,-1.34,16850,17300,1400-2-5,2021-04-25
73,شسپا,نفت سپاهان,520,1822959,26883453010,14840,14690,14660,-180,-1.21,14800,-40,-0.27,14570,15200,1400-2-5,2021-04-25
74,پارند,صندوق س. پارند پايدار سپهر,514,12711021,143804870795,11305,11310,11319,14,0.12,11313,8,0.07,11308,11320,1400-2-5,2021-04-25
75,بپيوند,برق و انرژي پيوندگستر پارس,512,687869,8350059181,12514,12139,12139,-375,-3,12449,-65,-0.52,12139,12140,1400-2-5,2021-04-25
76,وپارس,بانك‌پارسيان‌,512,30753388,75653334480,2530,2460,2460,-70,-2.77,2480,-50,-1.98,2460,2460,1400-2-5,2021-04-25
77,هرمز,فولاد هرمزگان جنوب,510,1866234,26992376417,14659,14550,14550,-109,-0.74,14614,-45,-0.31,14350,14610,1400-2-5,2021-04-25
78,شفن,پتروشيمي فناوران,496,117735,37168866190,323910,315000,315000,-8910,-2.75,320770,-3140,-0.97,314200,323700,1400-2-5,2021-04-25
79,زاگرس,پتروشيمي زاگرس,492,279950,55867747899,201732,198790,200400,-1332,-0.66,200498,-1234,-0.61,198103,202540,1400-2-5,2021-04-25
80,شپديس,پتروشيمي پرديس,480,468252,43203721030,94690,91850,92000,-2690,-2.84,93600,-1090,-1.15,91850,93790,1400-2-5,2021-04-25
81,بجهرم,توسعه مولد نيروگاهي جهرم,450,8207814,20002551718,2512,2437,2437,-75,-2.99,2481,-31,-1.23,2437,2438,1400-2-5,2021-04-25
82,همراه,شركت ارتباطات سيار ايران,450,1272917,31350016280,25300,24560,24550,-750,-2.96,25080,-220,-0.87,24550,25700,1400-2-5,2021-04-25
83,شپنا,پالايش نفت اصفهان,444,1424801,15245370700,11030,10700,10700,-330,-2.99,10990,-40,-0.36,10700,10700,1400-2-5,2021-04-25
84,ارزش,صندوق س ارزش آفرين بيدار-سهام,435,2369916,21481015290,9160,9130,9050,-110,-1.2,9060,-100,-1.09,9030,9150,1400-2-5,2021-04-25
85,مدير,ص.س.مديريت ثروت ص.بازنشستگي-س,428,1784929,14019966941,7909,7968,7843,-66,-0.83,7855,-54,-0.68,7810,7968,1400-2-5,2021-04-25
86,وبانك,سرمايه گذاري گروه توسعه ملي,424,3185597,25111806640,8100,7860,7860,-240,-2.96,8040,-60,-0.74,7860,8430,1400-2-5,2021-04-25
87,بپاس,بيمه پاسارگاد,401,881683,77695003215,88121,88124,88121,0,0,88121,0,0,88120,88199,1400-2-5,2021-04-25
88,شاراك,پتروشيمي شازند,396,1362882,32754435330,24410,24000,23800,-610,-2.5,24250,-160,-0.66,23750,24700,1400-2-5,2021-04-25
89,تسه9911,امتياز تسهيلات مسكن بهمن99,389,5438,2798451896,500438,490000,520000,19562,3.91,514610,14172,2.83,490000,525459,1400-2-5,2021-04-25
90,آساميد,صندوق س.مشترك آسمان اميد -د,386,17134410,204382170758,11923,11936,11928,5,0.04,11928,5,0.04,11928,11936,1400-2-5,2021-04-25
91,تنوينح,ح . تامين سرمايه نوين,385,74502756,409778158000,5600,5600,5500,-100,-1.79,5500,-100,-1.79,5500,5600,1400-2-5,2021-04-25
92,پيزد,مجتمع صنايع لاستيك يزد,362,54644,3422627194,64572,62635,62635,-1937,-3,64434,-138,-0.21,62635,62636,1400-2-5,2021-04-25
93,تيپيكو,سرمايه گذاري دارويي تامين,356,1251358,46612903190,38300,37160,37160,-1140,-2.98,37540,-760,-1.98,37160,39990,1400-2-5,2021-04-25
94,دعبيد,لابراتوارداروسازي‌  دكترعبيدي‌,356,615807,13979501660,22880,22880,22220,-660,-2.88,22830,-50,-0.22,22220,23170,1400-2-5,2021-04-25
95,فافزا,فولاد افزا سپاهان,356,142474,7395699587,52225,51181,51181,-1044,-2,52107,-118,-0.23,51181,53791,1400-2-5,2021-04-25
96,تصميم,صندوق س با درآمد ثابت تصميم,353,2534575,41071210576,16199,16204,16207,8,0.05,16204,5,0.03,16201,16208,1400-2-5,2021-04-25
97,كرمان,س. توسعه و عمران استان كرمان,351,4348322,5139716604,1218,1182,1182,-36,-2.96,1214,-4,-0.33,1182,1182,1400-2-5,2021-04-25
98,ونفت,سرمايه‌گذاري‌ صنعت‌ نفت‌,343,1730780,24978559210,14750,14310,14330,-420,-2.85,14590,-160,-1.08,14310,14760,1400-2-5,2021-04-25
99,گكيشح,ح.توريستي ورفاهي آبادگران كيش,328,1471082,45231095141,30429,29860,30605,176,0.58,30747,318,1.05,29821,31341,1400-2-5,2021-04-25
100,وثنو,سرمايه گذاري ساختماني نوين,327,1744255,9126686854,5440,5360,5168,-272,-5,5340,-100,-1.84,5168,5391,1400-2-5,2021-04-25
101,تسه9908,امتياز تسهيلات مسكن آبان99,324,5722,2901322800,497478,497478,512000,14522,2.92,507047,9569,1.92,473522,522351,1400-2-5,2021-04-25
102,وشهر,بانك شهر,318,5393445,28271131137,5452,5234,5234,-218,-4,5270,-182,-3.34,5234,5480,1400-2-5,2021-04-25
103,ميدكو,هلدينگ صنايع  معدني خاورميانه,316,1569720,51161953968,32593,32593,32593,0,0,32593,0,0,32593,32595,1400-2-5,2021-04-25
104,ياقوت,صندوق س ياقوت آگاه-ثابت,313,2443940,30126683698,12307,12320,12332,25,0.2,12327,20,0.16,12310,12332,1400-2-5,2021-04-25
105,ضخود7076,اختيارخ خودرو-2500-1400/07/07,311,17110,2517146000,174,160,140,-34,-19.54,147,-27,-15.52,140,160,1400-2-5,2021-04-25
106,شتران,پالايش نفت تهران,300,1068379,9230794560,8900,8640,8640,-260,-2.92,8880,-20,-0.22,8640,8640,1400-2-5,2021-04-25
107,سخوز,سيمان خوزستان,298,2486265,54776638290,22710,22030,22040,-670,-2.95,22030,-680,-2.99,22030,22300,1400-2-5,2021-04-25
108,تنوين,تامين سرمايه نوين,297,6825599,46273756290,6970,6770,6780,-190,-2.73,6790,-180,-2.58,6770,6790,1400-2-5,2021-04-25
109,ذوب,سهامي ذوب آهن  اصفهان,297,4935329,16464257544,3439,3336,3336,-103,-3,3418,-21,-0.61,3336,3336,1400-2-5,2021-04-25
110,كاردان,صندوق س تجارت شاخصي كاردان,297,259751,37041406910,146320,147950,142570,-3750,-2.56,142600,-3720,-2.54,141000,147950,1400-2-5,2021-04-25
111,شساخت,مهندسي و ساختمان صنايع نفت,292,828765,31899315454,37371,38492,38492,1121,3,38292,921,2.46,38000,38492,1400-2-5,2021-04-25
112,طلا,صندوق س.پشتوانه طلاي لوتوس,292,163691,11813230885,71200,72480,72250,1050,1.47,72168,968,1.36,71741,72499,1400-2-5,2021-04-25
113,ارفع,شركت آهن و فولاد ارفع,289,1469583,21002371536,14639,14200,14200,-439,-3,14533,-106,-0.72,14200,14610,1400-2-5,2021-04-25
114,ضسپا3003,اختيارخ خساپا-2000-1400/03/26,283,14318,1296542000,144,115,84,-60,-41.67,91,-53,-36.81,72,120,1400-2-5,2021-04-25
115,تسه9803,امتياز تسهيلات مسكن خرداد98,282,8393,4093069635,479904,469010,503890,23986,5,487677,7773,1.62,465111,503890,1400-2-5,2021-04-25
116,تسه9802,امتياز تسهيلات مسكن ارديبهشت98,279,6263,2483570801,387832,376155,407223,19391,5,396546,8714,2.25,376155,407223,1400-2-5,2021-04-25
117,كگل,معدني و صنعتي گل گهر,264,2791547,38942080650,14380,13950,13950,-430,-2.99,14230,-150,-1.04,13950,13950,1400-2-5,2021-04-25
118,تسه9910,امتياز تسهيلات مسكن دي99,263,3316,1692455475,497316,481100,510000,12684,2.55,510391,13075,2.63,481100,522181,1400-2-5,2021-04-25
119,وسكاب,س.ص.بازنشستگي كاركنان بانكها,260,1826382,8746792030,4920,4810,4780,-140,-2.85,4900,-20,-0.41,4780,4900,1400-2-5,2021-04-25
120,وخاور,بانك خاورميانه,256,4636046,37943690070,8420,8190,8170,-250,-2.97,8240,-180,-2.14,8170,8250,1400-2-5,2021-04-25
121,جم,پتروشيمي جم,244,487572,16891188040,35530,34470,35200,-330,-0.93,35380,-150,-0.42,34470,35470,1400-2-5,2021-04-25
122,كاريس,صندوق س.سپهر كاريزما-س,238,963510,9921519522,10379,10600,10232,-147,-1.42,10297,-82,-0.79,10200,10600,1400-2-5,2021-04-25
123,ارمغان,ص سرمايه گذاري ارمغان ايرانيان,237,8174731,82941834056,10130,10132,10160,30,0.3,10146,16,0.16,10132,10166,1400-2-5,2021-04-25
124,جم پيلن,پلي پروپيلن جم - جم پيلن,226,276370,21260173000,78490,76140,76300,-2190,-2.79,77950,-540,-0.69,76140,78490,1400-2-5,2021-04-25
125,تسه9909,امتياز تسهيلات مسكن آذر99,221,2733,1401316691,496194,481111,520000,23806,4.8,512739,16545,3.33,481111,521003,1400-2-5,2021-04-25
126,شبهرن,نفت‌ بهران‌,221,1871025,23181999750,12770,12390,12390,-380,-2.98,12620,-150,-1.17,12390,12390,1400-2-5,2021-04-25
127,وساپا,سرمايه‌گذاري‌ سايپا,220,7247074,33336540400,4740,4600,4600,-140,-2.95,4640,-100,-2.11,4600,4600,1400-2-5,2021-04-25
128,شرانل,نفت ايرانول,215,369904,14096847890,38020,37802,38340,320,0.84,38045,25,0.07,37802,38350,1400-2-5,2021-04-25
129,واحيا,م .صنايع و معادن احياء سپاهان,214,388132,49151784725,129219,126635,126635,-2584,-2,126713,-2506,-1.94,126635,129898,1400-2-5,2021-04-25
130,سبزوا,سيمان لار سبزوار,214,5380137,17915856210,3432,3330,3330,-102,-2.97,3394,-38,-1.11,3330,3330,1400-2-5,2021-04-25
131,پارس,پتروشيمي پارس,210,102342,14611498330,144480,141150,143000,-1480,-1.02,144230,-250,-0.17,141000,146000,1400-2-5,2021-04-25
132,سيدكو,سرمايه گذاري توسعه صنايع سيمان,204,3001366,18008216000,6180,6000,6000,-180,-2.91,6110,-70,-1.13,6000,6010,1400-2-5,2021-04-25
133,ضسپا3004,اختيارخ خساپا-2500-1400/03/26,204,10147,335477000,49,31,34,-15,-30.61,33,-16,-32.65,25,43,1400-2-5,2021-04-25
134,كرماشا,صنايع پتروشيمي كرمانشاه,203,395508,13681700280,35170,34120,34310,-860,-2.45,35010,-160,-0.45,34120,36370,1400-2-5,2021-04-25
135,سكه0012پ01,تمام سكه طرح جديد0012رفاه,202,78700,78793583000,990472,1000000,1003000,12528,1.26,1001189,10717,1.08,1000000,1005000,1400-2-5,2021-04-25
136,نهال,صندوق س. طلاي سرخ نوويرا,202,664414,6715933048,10540,10401,9980,-560,-5.31,10108,-432,-4.1,9980,10401,1400-2-5,2021-04-25
137,كنور,توسعه معدني و صنعتي صبانور,189,241600,10953891990,45440,44090,45500,60,0.13,45420,-20,-0.04,44080,46000,1400-2-5,2021-04-25
138,عيار,صندوق سكه طلاي مفيد,187,220337,5564473174,24906,25310,25248,342,1.37,25254,348,1.4,25201,25388,1400-2-5,2021-04-25
139,ونوين,بانك‌اقتصادنوين‌,185,5118142,21035563620,4230,4110,4110,-120,-2.84,4180,-50,-1.18,4110,4110,1400-2-5,2021-04-25
140,شخارك,پتروشيمي‌ خارك‌,184,640953,27883535220,44540,43220,43210,-1330,-2.99,44240,-300,-0.67,43210,44480,1400-2-5,2021-04-25
141,شكربن,كربن‌ ايران‌,182,290178,25051640040,89310,86630,84040,-5270,-5.9,87770,-1540,-1.72,84040,86630,1400-2-5,2021-04-25
142,ونيرو,سرمايه‌گذاري‌نيرو,181,18459969,48365118780,2700,2620,2620,-80,-2.96,2620,-80,-2.96,2620,2620,1400-2-5,2021-04-25
143,خگستر,گسترش‌سرمايه‌گذاري‌ايران‌خودرو,179,2866994,7110145120,2550,2480,2480,-70,-2.75,2540,-10,-0.39,2480,2480,1400-2-5,2021-04-25
144,خريخت,صنايع‌ريخته‌گري‌ايران‌,174,5250941,15910351230,3120,3030,3030,-90,-2.88,3090,-30,-0.96,3030,3030,1400-2-5,2021-04-25
145,تسه9810,امتياز تسهيلات مسكن دي98,172,5306,2715883685,493382,484000,518000,24618,4.99,511851,18469,3.74,484000,518000,1400-2-5,2021-04-25
146,پارسان,گسترش نفت و گاز پارسيان,170,3753482,70377787500,19320,18750,18750,-570,-2.95,18970,-350,-1.81,18750,18750,1400-2-5,2021-04-25
147,گشان,توسعه بين المللي پديده شانديز,169,405035,10263991935,25858,25341,25341,-517,-2,25506,-352,-1.36,25341,25341,1400-2-5,2021-04-25
148,گوهران,سرمايه گذاري توسعه گوهران اميد,166,1007649,6925329930,7081,6869,6869,-212,-2.99,7051,-30,-0.42,6869,6900,1400-2-5,2021-04-25
149,سحرخيز,صندوق س. گروه زعفران سحرخيز,165,663322,6436138624,9863,9740,9649,-214,-2.17,9703,-160,-1.62,9631,9800,1400-2-5,2021-04-25
150,سپاس,صندوق س. پاداش سهامداري-ثابت,160,5797717,58659968519,10114,10117,10120,6,0.06,10118,4,0.04,10116,10120,1400-2-5,2021-04-25
151,سكه0011پ02,تمام سكه طرح جديد0011ملت,157,27000,27015405700,987382,1002500,1001999,14617,1.48,1000571,13189,1.34,996141,1002500,1400-2-5,2021-04-25
152,آساس,صندوق س.آسمان آرماني سهام-س,157,169399,27640217454,165161,163810,163001,-2160,-1.31,163166,-1995,-1.21,162750,165000,1400-2-5,2021-04-25
153,غسالم,سالمين‌,156,792588,3249610800,4360,4100,4100,-260,-5.96,4340,-20,-0.46,4100,4100,1400-2-5,2021-04-25
154,سپ,پرداخت الكترونيك سامان كيش,154,486945,9889962450,20930,20310,20310,-620,-2.96,20800,-130,-0.62,20310,20400,1400-2-5,2021-04-25
155,اطلس,صندوق س.توسعه اندوخته آينده-س,152,156191,30930763268,200243,198002,198000,-2243,-1.12,198032,-2211,-1.1,197501,199769,1400-2-5,2021-04-25
156,شيراز,پتروشيمي‌شيراز,151,654549,35016188890,54840,53200,53200,-1640,-2.99,54360,-480,-0.88,53200,55840,1400-2-5,2021-04-25
157,تسه9907,امتياز تسهيلات مسكن مهر99,150,1567,801858127,497959,495001,522856,24897,5,511715,13756,2.76,495001,522856,1400-2-5,2021-04-25
158,شبصير,توليدات پتروشيمي قائد بصير,150,182975,11822755714,66579,64583,64582,-1997,-3,66091,-488,-0.73,64582,65999,1400-2-5,2021-04-25
159,دالبرح,ح . البرزدارو,147,215822,2081567380,9800,9570,9690,-110,-1.12,9640,-160,-1.63,9530,9700,1400-2-5,2021-04-25
160,شبندر,پالايش نفت بندرعباس,141,242700,5334546000,22650,21980,21980,-670,-2.96,22620,-30,-0.13,21980,21980,1400-2-5,2021-04-25
161,تسه9804,امتياز تسهيلات مسكن تير98,141,5481,2775148868,504510,500000,518700,14190,2.81,506322,1812,0.36,486072,518700,1400-2-5,2021-04-25
162,بخاور,بيمه زندگي خاورميانه,136,724772,4850041694,6880,6674,6674,-206,-2.99,6861,-19,-0.28,6674,6813,1400-2-5,2021-04-25
163,مبين,مبين انرژي خليج فارس,135,1442265,22154810400,15830,15360,15360,-470,-2.97,15740,-90,-0.57,15360,15400,1400-2-5,2021-04-25
164,اخزا910,اسنادخزانه-م10بودجه99-020807,131,129731,78421189004,603715,600206,604334,619,0.1,604491,776,0.13,600205,607000,1400-2-5,2021-04-25
165,تسه9902,امتياز تسهيلات مسكن ارديبهشت99,129,1638,842750377,501339,477111,500100,-1239,-0.25,514500,13161,2.63,477111,526405,1400-2-5,2021-04-25
166,بفجر,فجر انرژي خليج فارس,128,907130,19791612680,22390,21720,21720,-670,-2.99,22190,-200,-0.89,21720,22720,1400-2-5,2021-04-25
167,حسينا,توسعه خدمات دريايي وبندري سينا,127,578425,36379054299,64838,62893,62893,-1945,-3,63364,-1474,-2.27,62893,63000,1400-2-5,2021-04-25
168,شصفها,پتروشيمي‌ اصفهان‌,126,104972,12644257194,121450,123879,123120,1670,1.38,120578,-872,-0.72,119021,123879,1400-2-5,2021-04-25
169,درازك,دارويي‌ رازك‌,126,166911,5300421890,32370,31430,31400,-970,-3,32300,-70,-0.22,31400,32430,1400-2-5,2021-04-25
170,دمعيار,صندوق س. توازن معيار-د,126,9226480,92497180268,10020,10030,10028,8,0.08,10025,5,0.05,10022,10030,1400-2-5,2021-04-25
171,وگردش,بانك گردشگري,125,5500000,93577000000,17361,17014,17014,-347,-2,17030,-331,-1.91,17014,17014,1400-2-5,2021-04-25
172,فيروزه,صندوق شاخص30 شركت فيروزه- سهام,124,47609,6000713570,127460,126200,126060,-1400,-1.1,126040,-1420,-1.11,125150,127800,1400-2-5,2021-04-25
173,گكوثر,هتل پارسيان كوثر اصفهان,124,3995429,9205468416,2375,2304,2304,-71,-2.99,2361,-14,-0.59,2304,2304,1400-2-5,2021-04-25
174,اخزا903,اسنادخزانه-م3بودجه99-011110,123,158071,111251859705,703750,700555,703289,-461,-0.07,703809,59,0.01,700555,705880,1400-2-5,2021-04-25
175,اخزا909,اسنادخزانه-م9بودجه99-020316,122,409017,267842818772,653044,654890,652800,-244,-0.04,654845,1801,0.28,652800,656000,1400-2-5,2021-04-25
176,لوتوس,تامين سرمايه لوتوس پارسيان,120,806908,7398599160,9420,9180,9160,-260,-2.76,9380,-40,-0.42,9150,9230,1400-2-5,2021-04-25
177,مارون,پتروشيمي مارون,116,284354,43195418878,156076,151420,151394,-4682,-3,154225,-1851,-1.19,151394,156000,1400-2-5,2021-04-25
178,فسازان,غلتك سازان سپاهان,114,475640,15692563600,34010,32990,32990,-1020,-3,33680,-330,-0.97,32990,33390,1400-2-5,2021-04-25
179,دارا,صندوق س. دارا الگوريتم-د,113,1733622,17282804763,9975,9989,9980,5,0.05,9969,-6,-0.06,9950,9989,1400-2-5,2021-04-25
180,گوهر,صندوق سكه طلاي كيان,112,237703,11763736610,48560,49000,49499,939,1.93,49489,929,1.91,49000,49510,1400-2-5,2021-04-25
181,حكشتي,كشتيراني جمهوري اسلامي ايران,111,145233,2538672840,18020,17480,17480,-540,-3,18010,-10,-0.06,17480,17480,1400-2-5,2021-04-25
182,تسه9905,امتياز تسهيلات مسكن مرداد99,109,2103,1078761455,493579,472089,518257,24678,5,512963,19384,3.93,472089,518257,1400-2-5,2021-04-25
183,خكرمان,گروه اقتصادي كرمان خودرو,109,643636,2333365580,3698,3625,3625,-73,-1.97,3689,-9,-0.24,3625,3626,1400-2-5,2021-04-25
184,زر,صندوق س.پشتوانه سكه طلاي زر,109,63022,2659761990,41674,42075,42204,530,1.27,42204,530,1.27,42010,42450,1400-2-5,2021-04-25
185,اتكاي,بيمه اتكايي ايرانيان,108,534852,8977960901,17265,16748,16748,-517,-2.99,17176,-89,-0.52,16748,17100,1400-2-5,2021-04-25
186,شوينده,مديريت صنعت شوينده ت.ص.بهشهر,107,270970,6988321300,26580,25790,25790,-790,-2.97,26470,-110,-0.41,25790,25800,1400-2-5,2021-04-25
187,سشمال,سيمان‌ شمال‌,106,1307680,13560641600,10690,10370,10370,-320,-2.99,10600,-90,-0.84,10370,10370,1400-2-5,2021-04-25
188,تسه9904,امتياز تسهيلات مسكن تير99,100,1636,836177878,498505,474189,504600,6095,1.22,511111,12606,2.53,474189,523000,1400-2-5,2021-04-25
189,تسه9903,امتياز تسهيلات مسكن خرداد99,99,1257,644485097,495317,480922,510000,14683,2.96,512717,17400,3.51,480922,520082,1400-2-5,2021-04-25
190,وسينا,بانك سينا,98,3173500,8949270000,2900,2820,2820,-80,-2.76,2890,-10,-0.34,2820,2820,1400-2-5,2021-04-25
191,وپست,پست بانك ايران,98,3606853,78160504510,22340,21670,21670,-670,-3,21670,-670,-3,21670,21670,1400-2-5,2021-04-25
192,زعف0008پ05,زعفران0008نگين زرين(پ),97,79863,10715847278,137971,139000,131197,-6774,-4.91,134178,-3793,-2.75,131197,139998,1400-2-5,2021-04-25
193,اخزا901,اسنادخزانه-م1بودجه99-010621,96,75763,57458235069,757131,754000,759899,2768,0.37,758394,1263,0.17,754000,760500,1400-2-5,2021-04-25
194,شيران,س. صنايع‌شيميايي‌ايران,95,1192266,26730603720,23110,22420,22420,-690,-2.99,22900,-210,-0.91,22420,22420,1400-2-5,2021-04-25
195,اخزا902,اسنادخزانه-م2بودجه99-011019,95,301180,214503898762,708419,707526,710000,1581,0.22,712212,3793,0.54,707525,715747,1400-2-5,2021-04-25
196,تسه9906,امتياز تسهيلات مسكن شهريور99,95,1350,696346155,500618,490000,518999,18381,3.67,515812,15194,3.04,490000,525000,1400-2-5,2021-04-25
197,باران,بيمه زندگي باران50%تاديه,93,5892317,21878173021,3605,3713,3713,108,3,3713,108,3,3713,3713,1400-2-5,2021-04-25
198,سرود,سيمان‌شاهرود,90,281528,5437036520,19900,19310,19310,-590,-2.96,19830,-70,-0.35,19310,19420,1400-2-5,2021-04-25
199,وخارزم,سرمايه گذاري خوارزمي,85,272542,1351808320,5110,4960,4960,-150,-2.94,5110,0,0,4960,4960,1400-2-5,2021-04-25
200,ونيكي,سرمايه‌گذاري‌ ملي‌ايران‌,85,692155,5952533000,8860,8600,8600,-260,-2.93,8830,-30,-0.34,8600,8600,1400-2-5,2021-04-25
201,ضسپا3002,اختيارخ خساپا-1800-1400/03/26,84,2865,446789000,216,200,148,-68,-31.48,156,-60,-27.78,140,200,1400-2-5,2021-04-25
202,ساراب,سيمان‌ داراب‌,84,784000,16056320000,21110,20480,20480,-630,-2.98,20900,-210,-0.99,20480,20480,1400-2-5,2021-04-25
203,فاذر,صنايع‌ آذرآب‌,82,242291,5550886810,23610,22910,22910,-700,-2.96,23530,-80,-0.34,22910,22910,1400-2-5,2021-04-25
204,وبازار,صندوق س شاخصي بازارآشنا,82,148577,1341348910,9100,9100,9060,-40,-0.44,9030,-70,-0.77,9000,9100,1400-2-5,2021-04-25
205,وتوسم,سرمايه‌گذاري‌توسعه‌ملي‌,79,1265700,10479996000,8530,8280,8280,-250,-2.93,8480,-50,-0.59,8280,8280,1400-2-5,2021-04-25
206,وبشهر,توسعه‌ صنايع‌ بهشهر(هلدينگ,78,909706,9943086580,11260,10930,10930,-330,-2.93,11190,-70,-0.62,10930,10930,1400-2-5,2021-04-25
207,كاما,باما,77,380838,4680499020,12660,12290,12290,-370,-2.92,12620,-40,-0.32,12290,12290,1400-2-5,2021-04-25
208,تسه9812,امتياز تسهيلات مسكن اسفند98,77,894,460427963,506975,490000,500000,-6975,-1.38,515020,8045,1.59,490000,532323,1400-2-5,2021-04-25
209,تسه9901,امتياز تسهيلات مسكن فروردين99,77,544,278177188,497126,480000,510100,12974,2.61,511355,14229,2.86,480000,521982,1400-2-5,2021-04-25
210,اخزا815,اسنادخزانه-م15بودجه98-010406,76,139917,111796269617,792797,792701,792101,-696,-0.09,799018,6221,0.78,792101,800000,1400-2-5,2021-04-25
211,صايند,صندوق س. گنجينه آينده روشن-د,75,131150,1300648160,9900,9900,9915,15,0.15,9917,17,0.17,9900,9926,1400-2-5,2021-04-25
212,قشرين,قند شيرين خراسان,74,1427469,20063076795,14640,14055,14055,-585,-4,14055,-585,-4,14055,14055,1400-2-5,2021-04-25
213,وحكمت,بيمه حكمت صبا,73,1754866,6194676980,3602,3530,3530,-72,-2,3579,-23,-0.64,3530,3530,1400-2-5,2021-04-25
214,خصدرا,صنعتي‌ دريايي‌ ايران‌,72,592218,1598988600,2812,2700,2700,-112,-3.98,2806,-6,-0.21,2700,2700,1400-2-5,2021-04-25
215,اخزا908,اسنادخزانه-م8بودجه99-020606,72,215580,135485629099,624727,625000,625501,774,0.12,628470,3743,0.6,623550,635000,1400-2-5,2021-04-25
216,آكورد2,صندوق س. آرمان آتي كوثر-د,70,7000000,7000000,31742,1,1,-31741,-100,1,-31741,-100,1,1,1400-2-5,2021-04-25
217,خودكفا,اقتصادي و خودكفايي آزادگان,68,110157,2023804404,18746,18372,18372,-374,-2,18727,-19,-0.1,18372,18372,1400-2-5,2021-04-25
218,لبوتان,گروه‌صنعتي‌بوتان‌,68,104160,6193353600,61290,59460,59460,-1830,-2.99,61050,-240,-0.39,59460,59460,1400-2-5,2021-04-25
219,واعتبار,سرمايه گذاري اعتبار ايران,68,3102049,24786883360,8230,7990,7990,-240,-2.92,8110,-120,-1.46,7990,8100,1400-2-5,2021-04-25
220,اخزا907,اسنادخزانه-م7بودجه99-020704,68,129347,80171122570,619101,619100,612200,-6901,-1.11,619814,713,0.12,612200,627000,1400-2-5,2021-04-25
221,ضخود2007,اختيارخ خودرو-3000-1400/02/08,67,6615,6615000,1,1,1,0,0,1,0,0,1,1,1400-2-5,2021-04-25
222,فروي,ذوب روي اصفهان,67,25339,1506048804,61274,59436,59436,-1838,-3,61217,-57,-0.09,59436,59436,1400-2-5,2021-04-25
223,سدشت,صنايع سيمان دشتستان,67,115115,8297489200,68000,72080,72080,4080,6,68630,630,0.93,72080,72080,1400-2-5,2021-04-25
224,وآرين,شركت توسعه اقتصادي آرين,67,4048766,14790142198,3727,3653,3653,-74,-1.99,3670,-57,-1.53,3653,3653,1400-2-5,2021-04-25
225,امين,تامين سرمايه امين,67,170989,1200342780,7230,7020,7020,-210,-2.9,7220,-10,-0.14,7020,7020,1400-2-5,2021-04-25
226,زعف0008پ20,زعفران0008نگين وحدت جام(پ),66,15925,2102674349,135835,134000,131200,-4635,-3.41,132036,-3799,-2.8,131200,135000,1400-2-5,2021-04-25
227,اوصتا,صندوق انديشه ورزان صباتامين -د,63,2358933,43489271653,18426,18430,18435,9,0.05,18436,10,0.05,18430,18437,1400-2-5,2021-04-25
228,بترانس,ايران‌ ترانسفو,61,737593,2080012260,2900,2820,2820,-80,-2.76,2900,0,0,2820,2820,1400-2-5,2021-04-25
229,سمازن,سيمان‌مازندران‌,60,1720294,22415430820,13430,13030,13030,-400,-2.98,13240,-190,-1.41,13030,13030,1400-2-5,2021-04-25
230,زعف0008پ11,زعفران0008نگين سحرخيز(پ),60,112741,15061794503,140525,136666,133500,-7025,-5,133596,-6929,-4.93,133000,140500,1400-2-5,2021-04-25
231,سكه0112پ03,تمام سكه طرح جديد0112سامان,60,37900,37954592600,989164,995606,1004000,14836,1.5,1001440,12276,1.24,995606,1004000,1400-2-5,2021-04-25
232,اخزا820,اسنادخزانه-م20بودجه98-020806,58,25517,15630756061,618847,617999,610000,-8847,-1.43,612562,-6285,-1.02,610000,618000,1400-2-5,2021-04-25
233,تسه9809,امتياز تسهيلات مسكن آذر98,57,461,233308002,491805,481535,502000,10195,2.07,506091,14286,2.9,481535,516395,1400-2-5,2021-04-25
234,تسه9811,امتياز تسهيلات مسكن بهمن98,56,393,197813019,489711,490210,513000,23289,4.76,503341,13630,2.78,490210,514146,1400-2-5,2021-04-25
235,تسه9806,امتياز تسهيلات مسكن شهريور98,56,581,295044884,495184,475519,519943,24759,5,507823,12639,2.55,475519,519943,1400-2-5,2021-04-25
236,سپر,صندوق س سپر سرمايه بيدار- ثابت,55,849802,9987594679,11748,11755,11751,3,0.03,11753,5,0.04,11747,11758,1400-2-5,2021-04-25
237,خاتم,صندوق س خاتم ايساتيس پويا-ثابت,55,791421,8711819769,11004,11012,11011,7,0.06,11008,4,0.04,11005,11012,1400-2-5,2021-04-25
238,سكرما,سيمان‌ كرمان‌,55,582716,9148641200,16180,15700,15700,-480,-2.97,16090,-90,-0.56,15700,15700,1400-2-5,2021-04-25
239,ثاميد,توسعه و عمران اميد,54,482622,743237880,1580,1540,1540,-40,-2.53,1580,0,0,1540,1540,1400-2-5,2021-04-25
240,البرز,بيمه البرز,53,826433,2942101480,3660,3560,3560,-100,-2.73,3650,-10,-0.27,3560,3560,1400-2-5,2021-04-25
241,فردا,صندوق س آواي فرداي زاگرس-ثابت,51,710531,7513078194,10566,10572,10572,6,0.06,10574,8,0.08,10571,10575,1400-2-5,2021-04-25
242,فيروزا,صندوق بادرآمد ثابت فيروزه آسيا,51,69253,1566638340,22642,22639,22625,-17,-0.08,22622,-20,-0.09,22611,22665,1400-2-5,2021-04-25
243,اخزا911,اسنادخزانه-م11بودجه99-020906,50,149619,89023894333,591561,592000,596989,5428,0.92,595004,3443,0.58,592000,596990,1400-2-5,2021-04-25
244,ضخود7077,اختيارخ خودرو-3000-1400/07/07,49,2956,189287000,73,60,70,-3,-4.11,64,-9,-12.33,58,70,1400-2-5,2021-04-25
245,زرين,صندوق س. سهام زرين كوروش-س,49,38559,369249999,9703,9505,9540,-163,-1.68,9576,-127,-1.31,9505,9700,1400-2-5,2021-04-25
246,سمگا,گروه سرمايه گذاري ميراث فرهنگي,48,2033172,58659045372,29743,28851,28851,-892,-3,28851,-892,-3,28851,28851,1400-2-5,2021-04-25
247,سفارس,سيمان فارس و خوزستان,48,230811,3741446310,16710,16210,16210,-500,-2.99,16670,-40,-0.24,16210,16210,1400-2-5,2021-04-25
248,وبهمن,سرمايه‌گذاري‌بهمن‌,48,1016758,15024904900,14600,15000,14550,-50,-0.34,14650,50,0.34,14550,15000,1400-2-5,2021-04-25
249,اخزا905,اسنادخزانه-م5بودجه99-020218,48,218162,145062061859,663487,660000,665000,1513,0.23,664928,1441,0.22,660000,670000,1400-2-5,2021-04-25
250,زعف0008پ16,زعفران0008نگين بيرجند(پ),47,31532,4167627639,136659,133005,131197,-5462,-4,132171,-4488,-3.28,131197,135000,1400-2-5,2021-04-25
251,وسپهر,سرمايه گذاري مالي سپهرصادرات,46,132762,1344215250,10438,10125,10125,-313,-3,10434,-4,-0.04,10125,10125,1400-2-5,2021-04-25
252,اخزا914,اسنادخزانه-م14بودجه99-021025,46,45379,26373794687,579603,580000,581800,2197,0.38,581189,1586,0.27,580000,582000,1400-2-5,2021-04-25
253,ساينا,صنايع بهداشتي ساينا,46,146682,21880260576,153781,149168,149168,-4613,-3,151700,-2081,-1.35,149168,149168,1400-2-5,2021-04-25
254,ضجار2003,اختيارخ وتجارت-3000-1400/02/22,44,2147,61487000,65,41,21,-44,-67.69,29,-36,-55.38,15,67,1400-2-5,2021-04-25
255,فاسمين,كالسيمين‌,43,206022,3110932200,15560,15100,15100,-460,-2.96,15530,-30,-0.19,15100,15100,1400-2-5,2021-04-25
256,ضشنا2002,اختيارخ شپنا-12000-1400/02/27,43,1503,321406000,567,203,210,-357,-62.96,214,-353,-62.26,203,300,1400-2-5,2021-04-25
257,تسه9808,امتياز تسهيلات مسكن آبان98,43,283,141835982,488255,471250,506001,17746,3.63,501187,12932,2.65,471250,512667,1400-2-5,2021-04-25
258,افق ملت,صندوق س در سهام افق ملت,43,19365,2323926770,121020,120010,120000,-1020,-0.84,120010,-1010,-0.83,120000,120400,1400-2-5,2021-04-25
259,آتيمس,صندوق س.آرمان آتيه درخشان مس-س,43,19002,3326784190,176076,175000,175400,-676,-0.38,175075,-1001,-0.57,174400,175850,1400-2-5,2021-04-25
260,وآذر,سرمايه‌گذاري‌توسعه‌آذربايجان‌,42,62633,5003124040,84970,79880,79880,-5090,-5.99,84430,-540,-0.64,79880,79880,1400-2-5,2021-04-25
261,شستان,پتروشيمي گلستان,42,2692540,10692076340,4052,3971,3971,-81,-2,3971,-81,-2,3971,3971,1400-2-5,2021-04-25
262,ضغدر3002,اختيارخ وغدير-8200-1400/03/26,42,747,1321036000,1847,1800,1800,-47,-2.54,1768,-79,-4.28,1700,1800,1400-2-5,2021-04-25
263,بكهنوج,توليد برق ماهتاب كهنوج,41,325879,524013432,1657,1608,1608,-49,-2.96,1656,-1,-0.06,1608,1608,1400-2-5,2021-04-25
264,كسرام,پارس‌ سرام‌,40,96672,757908480,8330,7840,7840,-490,-5.88,8320,-10,-0.12,7840,7840,1400-2-5,2021-04-25
265,اخزا817,اسنادخزانه-م17بودجه98-010512,40,31765,24866028998,777925,778590,777000,-925,-0.12,782812,4887,0.63,776115,788000,1400-2-5,2021-04-25
266,اخزا814,اسنادخزانه-م14بودجه98-010318,39,42936,34597495901,801968,801000,807500,5532,0.69,805792,3824,0.48,801000,810000,1400-2-5,2021-04-25
267,ضپاس2002,اختيارخ وپارس-3000-1400/02/29,39,1927,41396000,35,23,17,-18,-51.43,21,-14,-40,16,33,1400-2-5,2021-04-25
268,قثابت,قند ثابت‌ خراسان‌,39,7874,501180100,67710,63650,63650,-4060,-6,67670,-40,-0.06,63650,63650,1400-2-5,2021-04-25
269,شبريز,پالايش نفت تبريز,38,51849,1380220380,27440,26620,26620,-820,-2.99,27430,-10,-0.04,26620,26620,1400-2-5,2021-04-25
270,ضجار2002,اختيارخ وتجارت-2500-1400/02/22,38,1373,143596000,142,114,82,-60,-42.25,105,-37,-26.06,81,114,1400-2-5,2021-04-25
271,تسه9805,امتياز تسهيلات مسكن مرداد98,38,531,272523303,506720,487010,532055,25335,5,513227,6507,1.28,487010,532055,1400-2-5,2021-04-25
272,وسپه,سرمايه‌گذاري‌ سپه‌,37,662314,4252055880,6610,6420,6420,-190,-2.87,6590,-20,-0.3,6420,6420,1400-2-5,2021-04-25
273,ثروتم,صندوق س. ثروت آفرين پارسيان-س,37,35640,2518008680,72075,71986,69751,-2324,-3.22,70651,-1424,-1.98,69710,72000,1400-2-5,2021-04-25
274,زعف0008پ08,زعفران0008نگين روستا(پ),35,11657,1563462476,138284,138985,131500,-6784,-4.91,134122,-4162,-3.01,131197,138985,1400-2-5,2021-04-25
275,تملت,تامين سرمايه بانك ملت,35,232571,1100060830,4870,4730,4730,-140,-2.87,4870,0,0,4730,4730,1400-2-5,2021-04-25
276,وملي,گروه‌ صنعتي‌ ملي‌ (هلدينگ‌,35,38032,6382910560,173020,167830,167830,-5190,-3,172330,-690,-0.4,167830,167830,1400-2-5,2021-04-25
277,كگهر,سنگ آهن گهرزمين,35,135270,6063071940,46208,44822,44822,-1386,-3,46136,-72,-0.16,44822,44822,1400-2-5,2021-04-25
278,ساروج,بين المللي ساروج بوشهر,34,282132,5263454592,19036,18656,18656,-380,-2,18934,-102,-0.54,18656,18656,1400-2-5,2021-04-25
279,خرينگ,رينگ‌سازي‌مشهد,34,22671,1120854240,52590,49440,49440,-3150,-5.99,52510,-80,-0.15,49440,49440,1400-2-5,2021-04-25
280,ضشنا2003,اختيارخ شپنا-14000-1400/02/27,34,1926,78908000,85,100,35,-50,-58.82,41,-44,-51.76,30,100,1400-2-5,2021-04-25
281,ضچاد2004,اختيارخ كچاد-20000-1400/02/05,33,890,1150794000,1978,900,806,-1172,-59.25,1293,-685,-34.63,802,1450,1400-2-5,2021-04-25
282,ضملي3002,اختيارخ فملي-10000-1400/03/02,32,866,1130027000,1654,1451,1250,-404,-24.43,1305,-349,-21.1,1250,1598,1400-2-5,2021-04-25
283,كپارس,كاشي‌ پارس‌,32,13557,1975119330,154980,145690,145690,-9290,-5.99,154590,-390,-0.25,145690,145690,1400-2-5,2021-04-25
284,ضفلا3004,اختيارخ فولاد-8560-1400/03/19,32,182,148050000,1024,1000,899,-125,-12.21,813,-211,-20.61,700,1000,1400-2-5,2021-04-25
285,ثاخت,بين‌المللي‌توسعه‌ساختمان,31,183733,444633860,2490,2420,2420,-70,-2.81,2490,0,0,2420,2420,1400-2-5,2021-04-25
286,ماديرا,صنايع ماديران,31,108679,870084074,8253,8006,8006,-247,-2.99,8249,-4,-0.05,8006,8006,1400-2-5,2021-04-25
287,پلوله,گازلوله‌,31,217194,5892473220,26340,27130,27130,790,3,26565,225,0.85,27130,27130,1400-2-5,2021-04-25
288,حفاري,حفاري شمال,31,204431,1386042180,6980,6780,6780,-200,-2.87,6970,-10,-0.14,6780,6780,1400-2-5,2021-04-25
289,آبادا,توليد نيروي برق آبادان,31,36161,453458940,12920,12540,12540,-380,-2.94,12920,0,0,12540,12540,1400-2-5,2021-04-25
290,خمحركه,نيرو محركه‌,30,72276,323073720,4600,4470,4470,-130,-2.83,4600,0,0,4470,4470,1400-2-5,2021-04-25
291,آسيا,بيمه آسيا,30,336613,679958260,2080,2020,2020,-60,-2.88,2080,0,0,2020,2020,1400-2-5,2021-04-25
292,رمپنا,گروه مپنا (سهامي عام),30,531305,8777158600,17030,16520,16520,-510,-2.99,16990,-40,-0.23,16520,16520,1400-2-5,2021-04-25
293,ولانا,شركت ليزينگ آريا دانا,29,140242,5786945888,42106,41264,41264,-842,-2,41854,-252,-0.6,41264,41264,1400-2-5,2021-04-25
294,زعف0008پ10,زعفران0008نگين طلاي سرخ(پ),29,3281,445438977,144443,144445,132601,-11842,-8.2,135763,-8680,-6.01,132100,144445,1400-2-5,2021-04-25
295,وپخش,داروپخش‌ (هلدينگ‌,29,6978,656071560,96920,94020,94020,-2900,-2.99,96880,-40,-0.04,94020,94020,1400-2-5,2021-04-25
296,سكه0012پ04,تمام سكه طرح جديد0012صادرات,28,18600,18619270000,989677,1001000,1003300,13623,1.38,1001036,11359,1.15,1000000,1003500,1400-2-5,2021-04-25
297,كوير,توليدي فولاد سپيد فراب كوير,28,1001701,20024002990,20600,19990,19990,-610,-2.96,20460,-140,-0.68,19990,19990,1400-2-5,2021-04-25
298,رافزا,رايان هم افزا,28,239562,25872456438,111339,107999,107999,-3340,-3,109528,-1811,-1.63,107999,107999,1400-2-5,2021-04-25
299,كرازي,كارخانجات‌توليدي‌شيشه‌رازي‌,28,162605,3676499050,23300,22610,22610,-690,-2.96,23250,-50,-0.21,22610,22610,1400-2-5,2021-04-25
300,افران2,صندوق س افرا نماد پايدار-ثابت,27,122190000,122190000,13161,1,1,-13160,-99.99,1,-13160,-99.99,1,1,1400-2-5,2021-04-25
301,اخزا808,اسنادخزانه-م8بودجه98-000817,27,13733,12338530074,897819,899990,897100,-719,-0.08,898458,639,0.07,897100,899990,1400-2-5,2021-04-25
302,فسپا,گروه‌صنعتي‌سپاهان‌,27,58246,2111999960,37380,36260,36260,-1120,-3,37330,-50,-0.13,36260,36260,1400-2-5,2021-04-25
303,ضملي3003,اختيارخ فملي-12000-1400/03/02,27,247,101011000,658,404,437,-221,-33.59,409,-249,-37.84,381,470,1400-2-5,2021-04-25
304,فراز,صندوق س.سهام فراز داريك-س,27,77132,789012886,10222,10239,10235,13,0.13,10229,7,0.07,10226,10240,1400-2-5,2021-04-25
305,فاراك,ماشين‌ سازي‌ اراك‌,27,188230,444222800,2430,2360,2360,-70,-2.88,2430,0,0,2360,2360,1400-2-5,2021-04-25
306,خزاميا,زامياد,26,70284,634664520,9300,9030,9030,-270,-2.9,9300,0,0,9030,9030,1400-2-5,2021-04-25
307,ضچاد2002,اختيارخ كچاد-16000-1400/02/05,26,1063,5346513000,7500,4800,5000,-2500,-33.33,5030,-2470,-32.93,4800,5550,1400-2-5,2021-04-25
308,پتاير,ايران‌ تاير,26,92271,328484760,3670,3560,3560,-110,-3,3670,0,0,3560,3560,1400-2-5,2021-04-25
309,فباهنر,مس‌ شهيدباهنر,26,14416,367463840,26270,25490,25490,-780,-2.97,26260,-10,-0.04,25490,25490,1400-2-5,2021-04-25
310,قپيرا,فرآورده‌هاي‌غدايي‌وقندپيرانشهر,25,33550,3412706000,104860,101720,101720,-3140,-2.99,104640,-220,-0.21,101720,101720,1400-2-5,2021-04-25
311,ختوقا,قطعات‌ اتومبيل‌ ايران‌,25,178823,445269270,2560,2490,2490,-70,-2.73,2560,0,0,2490,2490,1400-2-5,2021-04-25
312,بموتو,موتوژن‌,25,10204,556118000,56180,54500,54500,-1680,-2.99,56160,-20,-0.04,54500,54500,1400-2-5,2021-04-25
313,وپويا,سرمايه گذاري پويا,25,579733,3714349331,6605,6407,6407,-198,-3,6590,-15,-0.23,6407,6407,1400-2-5,2021-04-25
314,شلعابح,ح . لعابيران‌,24,85354,1250934280,15520,15600,14590,-930,-5.99,14660,-860,-5.54,14590,15600,1400-2-5,2021-04-25
315,اخزا811,اسنادخزانه-م11بودجه98-001013,23,48958,42655580207,870017,870010,872000,1983,0.23,871269,1252,0.14,870010,872500,1400-2-5,2021-04-25
316,ضفلا3003,اختيارخ فولاد-7133-1400/03/19,23,932,2060913000,2490,2277,2280,-210,-8.43,2211,-279,-11.2,2150,2300,1400-2-5,2021-04-25
317,وارس,سرمايه گذاري ارس صبا,23,469632,7912829568,17551,16849,16849,-702,-4,17262,-289,-1.65,16849,16849,1400-2-5,2021-04-25
318,وهور,مديريت انرژي اميد  تابان هور,23,402789,861162882,2204,2138,2138,-66,-2.99,2203,-1,-0.05,2138,2138,1400-2-5,2021-04-25
319,اخزا906,اسنادخزانه-م6بودجه99-020321,23,29854,22196761462,742925,720000,750000,7075,0.95,743510,585,0.08,720000,750000,1400-2-5,2021-04-25
320,ولبهمن,شركت بهمن ليزينگ,23,1115914,8413991560,7773,7540,7540,-233,-3,7732,-41,-0.53,7540,7540,1400-2-5,2021-04-25
321,انرژي3,سايراشخاص بورس انرژي,22,695,170302800,252610,245040,245040,-7570,-3,252590,-20,-0.01,245040,245040,1400-2-5,2021-04-25
322,كزغال,زغال سنگ پروده طبس,22,255784,8444964544,34037,33016,33016,-1021,-3,33859,-178,-0.52,33016,33016,1400-2-5,2021-04-25
323,تسه9807,امتياز تسهيلات مسكن مهر98,22,156,79168434,489388,473000,513857,24469,5,507490,18102,3.7,473000,513857,1400-2-5,2021-04-25
324,سامان,بانك سامان,22,77576,685383960,9015,8835,8835,-180,-2,9012,-3,-0.03,8835,8835,1400-2-5,2021-04-25
325,ساربيل,سيمان آرتا اردبيل,22,301227,15986116890,54710,53070,53070,-1640,-3,54160,-550,-1.01,53070,53070,1400-2-5,2021-04-25
326,چدن,توليدي چدن سازان,22,18510,440908200,24550,23820,23820,-730,-2.97,24540,-10,-0.04,23820,23820,1400-2-5,2021-04-25
327,گنجين,صندوق س. گنجينه يكم آويد-د,22,152212,1932209143,12693,12702,12699,6,0.05,12694,1,0.01,12691,12702,1400-2-5,2021-04-25
328,اخزا818,اسنادخزانه-م18بودجه98-010614,22,27021,20936513090,767094,773000,766010,-1084,-0.14,774824,7730,1.01,766010,786000,1400-2-5,2021-04-25
329,حتايد,تايدواترخاورميانه,21,57971,1485217020,26410,25620,25620,-790,-2.99,26390,-20,-0.08,25620,25620,1400-2-5,2021-04-25
330,غزر,صنعتي زر ماكارون,21,6866,175838260,26400,25610,25610,-790,-2.99,26400,0,0,25610,25610,1400-2-5,2021-04-25
331,خبازرس,بازرسي مهندسي و صنعتي ايران,21,51112,1572614016,32050,30768,30768,-1282,-4,31945,-105,-0.33,30768,30768,1400-2-5,2021-04-25
332,جوين,كشت و صنعت جوين,21,358209,1765612161,5029,4929,4929,-100,-1.99,5020,-9,-0.18,4929,4929,1400-2-5,2021-04-25
333,دامين,داروسازي‌ امين‌,21,26311,133659880,5230,5080,5080,-150,-2.87,5230,0,0,5080,5080,1400-2-5,2021-04-25
334,اخزا816,اسنادخزانه-م16بودجه98-010503,21,31579,24941601170,779671,779000,782000,2329,0.3,789816,10145,1.3,779000,793000,1400-2-5,2021-04-25
335,ضخود7075,اختيارخ خودرو-2000-1400/07/07,20,143,42883000,380,340,327,-53,-13.95,300,-80,-21.05,260,340,1400-2-5,2021-04-25
336,وسديد,گروه ‌صنعتي‌سديد,20,213302,608550606,2911,2853,2853,-58,-1.99,2910,-1,-0.03,2853,2853,1400-2-5,2021-04-25
337,ضسپا3000,اختيارخ خساپا-1400-1400/03/26,20,165,73675000,623,400,500,-123,-19.74,447,-176,-28.25,400,599,1400-2-5,2021-04-25
338,اخزا804,اسنادخزانه-م4بودجه98-000421,20,3722,3567544175,956790,956001,960399,3609,0.38,958502,1712,0.18,956000,960400,1400-2-5,2021-04-25
339,اخزا810,اسنادخزانه-م10بودجه98-001006,20,21363,18668736145,873983,871611,875000,1017,0.12,873882,-101,-0.01,871611,875000,1400-2-5,2021-04-25
340,ثنور,سرمايه گذاري كوه نور,19,68689,643135107,9753,9363,9363,-390,-4,9740,-13,-0.13,9363,9363,1400-2-5,2021-04-25
341,نوين,بيمه نوين,19,200000,1157400000,5965,5787,5787,-178,-2.98,5961,-4,-0.07,5787,5787,1400-2-5,2021-04-25
342,سخند,صندوق س.سپهرخبرگان نفت-د,19,609290,6153246650,10094,10105,10099,5,0.05,10099,5,0.05,10099,10105,1400-2-5,2021-04-25
343,داريك,صندوق س.اعتماد داريك-د,19,33635,354381219,10532,10537,10533,1,0.01,10536,4,0.04,10533,10540,1400-2-5,2021-04-25
344,ثنوسا,نوسازي‌وساختمان‌تهران‌,19,17975,219654500,13000,12220,12220,-780,-6,13000,0,0,12220,12220,1400-2-5,2021-04-25
345,خراسان,پتروشيمي خراسان,19,26206,1828916740,71940,69790,69790,-2150,-2.99,71860,-80,-0.11,69790,69790,1400-2-5,2021-04-25
346,اراد35,مرابحه عام دولت3-ش.خ 0103,18,350000,331833750000,947790,948000,948175,385,0.04,948096,306,0.03,948000,948175,1400-2-5,2021-04-25
347,ضملي7002,اختيارخ فملي-9720-1400/07/11,18,338,779502000,2762,2700,2250,-512,-18.54,2306,-456,-16.51,2250,2700,1400-2-5,2021-04-25
348,صنوين,صندوق سرمايه‌گذاري صنوين-مختلط,18,2678,276827140,104580,103120,103900,-680,-0.65,103370,-1210,-1.16,103120,103900,1400-2-5,2021-04-25
349,فوكا,فولاد كاويان,18,80200,939142000,11948,11710,11710,-238,-1.99,11940,-8,-0.07,11710,11710,1400-2-5,2021-04-25
350,فرابورس,فرابورس ايران,17,8240,250982160,31401,30459,30459,-942,-3,31396,-5,-0.02,30459,30459,1400-2-5,2021-04-25
351,الماس,صندوق س.امين تدبيرگران فردا-س,17,6719,725338137,108177,108000,107011,-1166,-1.08,107953,-224,-0.21,107006,108450,1400-2-5,2021-04-25
352,وبوعلي,سرمايه‌گذاري‌بوعلي‌,17,40992,230375040,5790,5620,5620,-170,-2.94,5790,0,0,5620,5620,1400-2-5,2021-04-25
353,بذر,صندوق س بذر اميد آفرين-سهام,17,19740,1835017020,93750,93100,93080,-670,-0.71,92960,-790,-0.84,92240,93100,1400-2-5,2021-04-25
354,لكما,كارخانجات‌مخابراتي‌ايران‌,17,62395,367069785,6128,5883,5883,-245,-4,6123,-5,-0.08,5883,5883,1400-2-5,2021-04-25
355,وآفري,بيمه كارآفرين,17,1319000,4257732000,3362,3228,3228,-134,-3.99,3332,-30,-0.89,3228,3228,1400-2-5,2021-04-25
356,اخابر,مخابرات ايران,17,107960,1081759200,10320,10020,10020,-300,-2.91,10320,0,0,10020,10020,1400-2-5,2021-04-25
357,اخزا812,اسنادخزانه-م12بودجه98-001111,17,24704,21259012561,860365,862000,859001,-1364,-0.16,860549,184,0.02,859001,862001,1400-2-5,2021-04-25
358,وايرا,سرمايه گذاري صنايع ايران,17,505797,6527310285,13168,12905,12905,-263,-2,13079,-89,-0.68,12905,12905,1400-2-5,2021-04-25
359,بكام,كارخانجات توليدي شهيد قندي,16,108358,416094720,3950,3840,3840,-110,-2.78,3950,0,0,3840,3840,1400-2-5,2021-04-25
360,كالا,بورس كالاي ايران,16,24167,762710520,32530,31560,31560,-970,-2.98,32510,-20,-0.06,31560,31560,1400-2-5,2021-04-25
361,رتاپ,تجارت الكترونيك  پارسيان,16,179001,1213626780,6980,6780,6780,-200,-2.87,6970,-10,-0.14,6780,6780,1400-2-5,2021-04-25
362,ستران,سيمان‌ تهران‌,16,12473,284509130,23510,22810,22810,-700,-2.98,23510,0,0,22810,22810,1400-2-5,2021-04-25
363,فسرب,ملي‌ سرب‌وروي‌ ايران‌,16,4351,333634680,79050,76680,76680,-2370,-3,79030,-20,-0.03,76680,76680,1400-2-5,2021-04-25
364,چكارن,كارتن‌ ايران‌,15,35215,114096600,3330,3240,3240,-90,-2.7,3330,0,0,3240,3240,1400-2-5,2021-04-25
365,چكاپا,گروه صنايع كاغذ پارس,15,43538,219866900,5200,5050,5050,-150,-2.88,5200,0,0,5050,5050,1400-2-5,2021-04-25
366,وصندوق,سرمايه‌گذاري‌صندوق‌بازنشستگي‌,15,500733,6990232680,14390,13960,13960,-430,-2.99,14360,-30,-0.21,13960,13960,1400-2-5,2021-04-25
367,غشهداب,كشت و صنعت شهداب ناب خراسان,15,174165,671754405,3976,3857,3857,-119,-2.99,3974,-2,-0.05,3857,3857,1400-2-5,2021-04-25
368,سمايه,بانك سرمايه,15,133542,656893098,5019,4919,4919,-100,-1.99,5016,-3,-0.06,4919,4919,1400-2-5,2021-04-25
369,وآيند,بانك  آينده,15,45750,735294000,16399,16072,16072,-327,-1.99,16397,-2,-0.01,16072,16072,1400-2-5,2021-04-25
370,غالبر,لبنيات‌ كالبر,15,5119,100434780,20220,19620,19620,-600,-2.97,20220,0,0,19620,19620,1400-2-5,2021-04-25
371,اخزا716,اسنادخزانه-م16بودجه97-000407,15,9635,9309889571,967869,963672,968399,530,0.05,966257,-1612,-0.17,963672,968400,1400-2-5,2021-04-25
372,ضپاس2001,اختيارخ وپارس-2500-1400/02/29,15,1074,99598000,143,110,88,-55,-38.46,93,-50,-34.97,70,110,1400-2-5,2021-04-25
373,ضپاس2003,اختيارخ وپارس-3500-1400/02/29,14,917,4459000,9,7,5,-4,-44.44,5,-4,-44.44,1,7,1400-2-5,2021-04-25
374,زدشت,كشت و صنعت دشت خرم دره,14,11030,315248430,29464,28581,28581,-883,-3,29458,-6,-0.02,28581,28581,1400-2-5,2021-04-25
375,تمحركه,ماشين سازي نيرو محركه,14,13548,340569624,25651,25138,25138,-513,-2,25642,-9,-0.04,25138,25138,1400-2-5,2021-04-25
376,وكادو,تكادو,14,121000,1949673000,16441,16113,16113,-328,-2,16408,-33,-0.2,16113,16113,1400-2-5,2021-04-25
377,اطلس2,صندوق س.توسعه اندوخته آينده-س,14,140000,140000,200243,1,1,-200242,-100,1,-200242,-100,1,1,1400-2-5,2021-04-25
378,شپترو,پتروشيمي آبادان,14,54528,265442304,4967,4868,4868,-99,-1.99,4966,-1,-0.02,4868,4868,1400-2-5,2021-04-25
379,والبر,سرمايه‌ گذاري‌ البرز(هلدينگ‌,13,39547,664785070,17320,16810,16810,-510,-2.94,17310,-10,-0.06,16810,16810,1400-2-5,2021-04-25
380,ثشاهد,سرمايه‌ گذاري‌ شاهد,13,9758,167056960,17640,17120,17120,-520,-2.95,17640,0,0,17120,17120,1400-2-5,2021-04-25
381,اخزا904,اسنادخزانه-م4بودجه99-011215,13,2198,1531323729,698117,694508,699990,1873,0.27,696690,-1427,-0.2,690555,700000,1400-2-5,2021-04-25
382,برن0003پ01,برنج طارم0003تجارت مازندران(پ),13,2775,765267500,275451,275500,280000,4549,1.65,275772,321,0.12,275000,280000,1400-2-5,2021-04-25
383,شنفت,نفت‌ پارس‌,13,6504,306728640,48610,47160,47160,-1450,-2.98,48600,-10,-0.02,47160,47160,1400-2-5,2021-04-25
384,ثبهساز,بهساز كاشانه تهران,13,71142,159358080,2300,2240,2240,-60,-2.61,2300,0,0,2240,2240,1400-2-5,2021-04-25
385,پست0008پ08,پسته فندقي32-30مه ولات0008(پ),13,940,1506202288,1659168,1580008,1600000,-59168,-3.57,1602343,-56825,-3.42,1580008,1620000,1400-2-5,2021-04-25
386,فخاس,فولاد خراسان,13,391325,10503163000,27660,26840,26840,-820,-2.96,27570,-90,-0.33,26840,26840,1400-2-5,2021-04-25
387,سخاش,سيمان‌خاش‌,13,5031,760687200,155870,151200,151200,-4670,-3,155800,-70,-0.04,151200,151200,1400-2-5,2021-04-25
388,بسويچ,پارس‌سويچ‌,13,13515,722376750,55100,53450,53450,-1650,-2.99,55080,-20,-0.04,53450,53450,1400-2-5,2021-04-25
389,ولساپا,ليزينگ رايان‌ سايپا,13,61677,202300560,3380,3280,3280,-100,-2.96,3380,0,0,3280,3280,1400-2-5,2021-04-25
390,غبشهر,صنعتي‌ بهشهر,13,13242,325620780,25350,24590,24590,-760,-3,25340,-10,-0.04,24590,24590,1400-2-5,2021-04-25
391,اراد50,مرابحه عام دولت5-ش.خ0302,13,245000,245000200000,1000001,1000000,1000001,0,0,1000001,0,0,1000000,1000001,1400-2-5,2021-04-25
392,سپاها,سيمان‌سپاهان‌,13,210010,1705281200,8370,8120,8120,-250,-2.99,8360,-10,-0.12,8120,8120,1400-2-5,2021-04-25
393,ضچاد2000,اختيارخ كچاد-12000-1400/02/05,12,369,3321000000,10200,9000,9000,-1200,-11.76,9000,-1200,-11.76,9000,9000,1400-2-5,2021-04-25
394,ضملت3002,اختيارخ وبملت-4000-1400/03/19,12,353,131510000,425,400,380,-45,-10.59,373,-52,-12.24,368,400,1400-2-5,2021-04-25
395,زگلدشتح,ح.كشت و دام گلدشت نمونه اصفهان,11,24421,175049728,7389,7168,7168,-221,-2.99,7168,-221,-2.99,7168,7168,1400-2-5,2021-04-25
396,ضچاد2003,اختيارخ كچاد-18000-1400/02/05,11,154,463404000,3001,3000,2888,-113,-3.77,3009,8,0.27,2788,3500,1400-2-5,2021-04-25
397,دالبر,البرزدارو,11,7982,115818820,14950,14510,14510,-440,-2.94,14950,0,0,14510,14510,1400-2-5,2021-04-25
398,گدنا,تهيه توزيع غذاي دنا آفرين فدك,11,3203,105500414,33956,32938,32938,-1018,-3,33954,-2,-0.01,32938,32938,1400-2-5,2021-04-25
399,قيستو,شركت قند بيستون,11,250320,4368334320,17109,17451,17451,342,2,17255,146,0.85,17451,17451,1400-2-5,2021-04-25
400,تملي710,تسهيلات مسكن ب. ملي-دي97,11,81,69528960,817514,858380,858389,40875,5,858382,40868,5,858380,858389,1400-2-5,2021-04-25
401,غگلپا,شير پاستوريزه پگاه گلپايگان,11,5491,362466401,68052,66011,66011,-2041,-3,68036,-16,-0.02,66011,66011,1400-2-5,2021-04-25
402,غپينو,پارس‌ مينو,11,27664,170686880,6360,6170,6170,-190,-2.99,6360,0,0,6170,6170,1400-2-5,2021-04-25
403,ضچاد2001,اختيارخ كچاد-14000-1400/02/05,11,401,2807200000,8167,7500,7000,-1167,-14.29,7000,-1167,-14.29,6700,7500,1400-2-5,2021-04-25
404,غپاك,لبنيات‌ پاك‌,11,2427,72955620,30980,30060,30060,-920,-2.97,30980,0,0,30060,30060,1400-2-5,2021-04-25
405,فولاژ,فولاد آلياژي ايران,11,7070,132916000,19380,18800,18800,-580,-2.99,19380,0,0,18800,18800,1400-2-5,2021-04-25
406,عيار2,صندوق سكه طلاي مفيد,11,110000,110000,24906,1,1,-24905,-100,1,-24905,-100,1,1,1400-2-5,2021-04-25
407,شگل,گلتاش‌,11,23691,232645620,10120,9820,9820,-300,-2.96,10120,0,0,9820,9820,1400-2-5,2021-04-25
408,سيستم,همكاران سيستم,10,10403,260283060,25790,25020,25020,-770,-2.99,25790,0,0,25020,25020,1400-2-5,2021-04-25
409,اخزا721,اسنادخزانه-م21بودجه97-000728,10,7627,6924162140,906241,906300,915077,8836,0.98,907849,1608,0.18,906300,915077,1400-2-5,2021-04-25
410,جهرم,پتروشيمي جهرم,10,100000,170600000,1777,1706,1706,-71,-4,1776,-1,-0.06,1706,1706,1400-2-5,2021-04-25
411,تكمبا,كمباين‌ سازي‌ ايران‌,10,232152,1794534960,7960,7730,7730,-230,-2.89,7950,-10,-0.13,7730,7730,1400-2-5,2021-04-25
412,ضشنا2001,اختيارخ شپنا-10000-1400/02/27,10,218,162900000,918,800,659,-259,-28.21,747,-171,-18.63,604,800,1400-2-5,2021-04-25
413,سشرق,سيمان‌ شرق‌,10,24851,158797890,6580,6390,6390,-190,-2.89,6580,0,0,6390,6390,1400-2-5,2021-04-25
414,اخزا809,اسنادخزانه-م9بودجه98-000923,10,12384,10899297700,879522,880000,881000,1478,0.17,880111,589,0.07,879600,881000,1400-2-5,2021-04-25
415,بورس,بورس اوراق بهادار تهران,10,6753,230885070,35240,34190,34190,-1050,-2.98,35240,0,0,34190,34190,1400-2-5,2021-04-25
416,اخزا806,اسنادخزانه-م6بودجه98-000519,10,24636,23282316400,944252,945000,945300,1048,0.11,945053,801,0.08,945000,946000,1400-2-5,2021-04-25
417,اخزا713,اسنادخزانه-م13بودجه97-000518,10,3591,3389981600,944000,942052,944829,829,0.09,944022,22,0,942052,944849,1400-2-5,2021-04-25
418,كماسه,تامين‌ ماسه‌ ريخته‌گري‌,10,5561,236620550,43860,42550,42550,-1310,-2.99,43850,-10,-0.02,42550,42550,1400-2-5,2021-04-25
419,شاوان,پالايش نفت لاوان,9,2043,173064573,87330,84711,84711,-2619,-3,87321,-9,-0.01,84711,84711,1400-2-5,2021-04-25
420,كروي,توسعه‌ معادن‌ روي‌ ايران‌,9,12712,340808720,27630,26810,26810,-820,-2.97,27620,-10,-0.04,26810,26810,1400-2-5,2021-04-25
421,پكرمان,گروه‌ صنعتي‌ بارز,9,5120,128102400,25790,25020,25020,-770,-2.99,25790,0,0,25020,25020,1400-2-5,2021-04-25
422,ضچاد2005,اختيارخ كچاد-24000-1400/02/05,9,19,72000,20,10,1,-19,-95,4,-16,-80,1,10,1400-2-5,2021-04-25
423,وتوصا,گروه س توسعه صنعتي ايران,9,19527,234324000,12370,12000,12000,-370,-2.99,12370,0,0,12000,12000,1400-2-5,2021-04-25
424,زعف0008پ09,زعفران0008نگين نوين(پ),9,2534,334844725,138000,133180,131197,-6803,-4.93,132141,-5859,-4.25,131197,135000,1400-2-5,2021-04-25
425,پكوير,كوير تاير,9,22594,282425000,12880,12500,12500,-380,-2.95,12880,0,0,12500,12500,1400-2-5,2021-04-25
426,ضمخا7075,اختيارخ اخابر-8700-1400/07/28,9,29,58000000,3050,2000,2000,-1050,-34.43,2000,-1050,-34.43,2000,2000,1400-2-5,2021-04-25
427,دلقما,دارويي‌ لقمان‌,9,63856,1604701280,25900,25130,25130,-770,-2.97,25870,-30,-0.12,25130,25130,1400-2-5,2021-04-25
428,شسينا,صنايع‌شيميايي‌سينا,9,1537,197673570,132580,128610,128610,-3970,-2.99,132560,-20,-0.02,128610,128610,1400-2-5,2021-04-25
429,آسام,صندوق س.آرمان سپهر آشنا-م,9,4720,477792820,102252,100401,102560,308,0.3,101227,-1025,-1,100401,102560,1400-2-5,2021-04-25
430,اعتلا,شركت سرمايه گذاري اعتلاء البرز,9,11904,83863680,7262,7045,7045,-217,-2.99,7262,0,0,7045,7045,1400-2-5,2021-04-25
431,كيسون,شركت كيسون,9,500000,5692000000,11616,11384,11384,-232,-2,11558,-58,-0.5,11384,11384,1400-2-5,2021-04-25
432,زكوثر,سرمايه گذاري كشاورزي كوثر,9,8810,185098100,21650,21010,21010,-640,-2.96,21650,0,0,21010,21010,1400-2-5,2021-04-25
433,كبافق,معادن‌ بافق‌,9,3450,167428500,50030,48530,48530,-1500,-3,50020,-10,-0.02,48530,48530,1400-2-5,2021-04-25
434,قصفها,قنداصفهان‌,9,434,66289160,157460,152740,152740,-4720,-3,157450,-10,-0.01,152740,152740,1400-2-5,2021-04-25
435,چخزر,صنايع چوب خزر كاسپين,9,1074,56188458,53935,52317,52317,-1618,-3,53933,-2,0,52317,52317,1400-2-5,2021-04-25
436,تليسه,دامداري تليسه نمونه,9,20422,86344216,4358,4228,4228,-130,-2.98,4358,0,0,4228,4228,1400-2-5,2021-04-25
437,بمپنا,توليد برق عسلويه  مپنا,8,2980,206099780,71299,69161,69161,-2138,-3,71290,-9,-0.01,69161,69161,1400-2-5,2021-04-25
438,ودي,بيمه  دي,8,104598,2166642972,21354,20714,20714,-640,-3,21325,-29,-0.14,20714,20714,1400-2-5,2021-04-25
439,وسرضوي,س.سهام عدالت استان خراسان رضوي,8,246444,246444000,1030,1000,1000,-30,-2.91,1030,0,0,1000,1000,1400-2-5,2021-04-25
440,حفارس,حمل و نقل بين المللي خليج فارس,8,153189,718456410,4830,4690,4690,-140,-2.9,4830,0,0,4690,4690,1400-2-5,2021-04-25
441,شپلي,پلي اكريل ايران,8,130766,1115172448,8702,8528,8528,-174,-2,8686,-16,-0.18,8528,8528,1400-2-5,2021-04-25
442,ضپاس2000,اختيارخ وپارس-2000-1400/02/29,8,295,111050000,578,400,390,-188,-32.53,376,-202,-34.95,360,400,1400-2-5,2021-04-25
443,پارسيان,بيمه پارسيان,8,50723,498607090,10130,9830,9830,-300,-2.96,10130,0,0,9830,9830,1400-2-5,2021-04-25
444,ضفلا3005,اختيارخ فولاد-9986-1400/03/19,8,530,58190000,106,111,125,19,17.92,110,4,3.77,101,125,1400-2-5,2021-04-25
445,كدما,معدني‌ دماوند,8,324,47621520,151520,146980,146980,-4540,-3,151520,0,0,146980,146980,1400-2-5,2021-04-25
446,حريل,ريل پردازسير,8,19721,106927262,5589,5422,5422,-167,-2.99,5589,0,0,5422,5422,1400-2-5,2021-04-25
447,اميد,تامين سرمايه اميد,8,13348,100510440,7760,7530,7530,-230,-2.96,7760,0,0,7530,7530,1400-2-5,2021-04-25
448,كفپارس,فرآورده‌هاي‌ نسوز پارس‌,8,23848,107077520,4620,4490,4490,-130,-2.81,4620,0,0,4490,4490,1400-2-5,2021-04-25
449,وثوق,سرمايه گذاري وثوق امين,8,36370,644403660,18456,17718,17718,-738,-4,18431,-25,-0.14,17718,17718,1400-2-5,2021-04-25
450,شپارس,بين‌ المللي‌ محصولات‌  پارس‌,8,121848,2650194000,22420,21750,21750,-670,-2.99,22380,-40,-0.18,21750,21750,1400-2-5,2021-04-25
451,ضصاد3002,اختيارخ وبصادر-2500-1400/03/12,7,425,40470000,170,100,90,-80,-47.06,95,-75,-44.12,90,101,1400-2-5,2021-04-25
452,صايپا012,صكوك مرابحه سايپا012-3ماهه 16%,7,70000,70000140000,1000001,1000002,1000002,1,0,1000002,1,0,1000002,1000002,1400-2-5,2021-04-25
453,اخزا718,اسنادخزانه-م18بودجه97-000525,7,424,401963900,939999,949999,944000,4001,0.43,948028,8029,0.85,944000,954000,1400-2-5,2021-04-25
454,سجام,مجتمع سيمان غرب آسيا,7,17220,76267380,4519,4429,4429,-90,-1.99,4519,0,0,4429,4429,1400-2-5,2021-04-25
455,ختراك,ريخته‌گري‌ تراكتورسازي‌ ايران‌,7,34769,526054970,15590,15130,15130,-460,-2.95,15590,0,0,15130,15130,1400-2-5,2021-04-25
456,بايكا,كارخانجات كابلسازي ‌ايران‌,7,10781,435541619,42082,40399,40399,-1683,-4,42044,-38,-0.09,40399,40399,1400-2-5,2021-04-25
457,سباقر,سيمان باقران,7,10389,168603081,16560,16229,16229,-331,-2,16557,-3,-0.02,16229,16229,1400-2-5,2021-04-25
458,شفارا,پتروشيمي فارابي,7,32709,121513935,3869,3715,3715,-154,-3.98,3868,-1,-0.03,3715,3715,1400-2-5,2021-04-25
459,شاملا,معدني‌ املاح‌  ايران‌,7,1800,87660000,50200,48700,48700,-1500,-2.99,50200,0,0,48700,48700,1400-2-5,2021-04-25
460,دسبحان,سبحان دارو,7,5125,94812500,19070,18500,18500,-570,-2.99,19070,0,0,18500,18500,1400-2-5,2021-04-25
461,لپارس,پارس‌ الكتريك‌,7,447,40252350,92830,90050,90050,-2780,-2.99,92830,0,0,90050,90050,1400-2-5,2021-04-25
462,شاروم,پتروشيمي اروميه,7,13407,255658083,19658,19069,19069,-589,-3,19655,-3,-0.02,19069,19069,1400-2-5,2021-04-25
463,دسينا,داروسازي‌ سينا,7,9525,220599000,23870,23160,23160,-710,-2.97,23870,0,0,23160,23160,1400-2-5,2021-04-25
464,دزهراوي,داروسازي‌زهراوي‌,7,15579,131954130,8730,8470,8470,-260,-2.98,8730,0,0,8470,8470,1400-2-5,2021-04-25
465,كحافظ,كاشي‌ وسراميك‌ حافظ‌,7,5844,68024160,11990,11640,11640,-350,-2.92,11990,0,0,11640,11640,1400-2-5,2021-04-25
466,ما,بيمه  ما,7,104019,730213380,7230,7020,7020,-210,-2.9,7230,0,0,7020,7020,1400-2-5,2021-04-25
467,شراز,پالايش نفت شيراز,7,380,41621400,112917,109530,109530,-3387,-3,112914,-3,0,109530,109530,1400-2-5,2021-04-25
468,سفار,سيمان‌فارس‌,7,2381,357173810,154640,150010,150010,-4630,-2.99,154610,-30,-0.02,150010,150010,1400-2-5,2021-04-25
469,سهگمت,سيمان‌هگمتان‌,6,12500,301875000,24890,24150,24150,-740,-2.97,24890,0,0,24150,24150,1400-2-5,2021-04-25
470,خديزل,بهمن  ديزل,6,102024,3882013200,39226,38050,38050,-1176,-3,39132,-94,-0.24,38050,38050,1400-2-5,2021-04-25
471,گكيش,توريستي ورفاهي آبادگران كيش,6,2591,121015246,48652,46706,46706,-1946,-4,48640,-12,-0.02,46706,46706,1400-2-5,2021-04-25
472,فزرين,زرين معدن آسيا,6,101809,2674013385,27077,26265,26265,-812,-3,27032,-45,-0.17,26265,26265,1400-2-5,2021-04-25
473,ضشنا2004,اختيارخ شپنا-16000-1400/02/27,6,510,6216000,22,20,12,-10,-45.45,12,-10,-45.45,12,20,1400-2-5,2021-04-25
474,شجم,صنايع پتروشيمي تخت جمشيد,6,96600,978364800,10334,10128,10128,-206,-1.99,10326,-8,-0.08,10128,10128,1400-2-5,2021-04-25
475,واتي,سرمايه‌ گذاري‌ آتيه‌ دماوند,6,10500,105945000,10400,10090,10090,-310,-2.98,10400,0,0,10090,10090,1400-2-5,2021-04-25
476,ساوه,سيمان ساوه,6,657,37284750,58505,56750,56750,-1755,-3,58504,-1,0,56750,56750,1400-2-5,2021-04-25
477,تملي806,تسهيلات مسكن ب. ملي-شهريور98,6,50,34314950,722419,686299,686299,-36120,-5,686299,-36120,-5,686299,686299,1400-2-5,2021-04-25
478,كيميا,معدني كيمياي زنجان گستران,6,3617,62187081,17724,17193,17193,-531,-3,17723,-1,-0.01,17193,17193,1400-2-5,2021-04-25
479,وبيمه,سرمايه‌ گذاري‌ صنعت‌ بيمه‌,6,19318,52544960,2800,2720,2720,-80,-2.86,2800,0,0,2720,2720,1400-2-5,2021-04-25
480,تملي706,تسهيلات مسكن ب. ملي-شهريور97,6,40,22540480,536679,563512,563512,26833,5,563512,26833,5,563512,563512,1400-2-5,2021-04-25
481,دلر,داروسازي‌ اكسير,6,11323,396757920,36120,35040,35040,-1080,-2.99,36110,-10,-0.03,35040,35040,1400-2-5,2021-04-25
482,غبهنوش,بهنوش‌ ايران‌,6,1477,102562880,71580,69440,69440,-2140,-2.99,71580,0,0,69440,69440,1400-2-5,2021-04-25
483,تايرا,تراكتورسازي‌ايران‌,6,37335,1016632050,28070,27230,27230,-840,-2.99,28050,-20,-0.07,27230,27230,1400-2-5,2021-04-25
484,اراد33,مرابحه عام دولت3-ش.خ 0303,6,1600,1412795000,870104,899000,870000,-104,-0.01,882997,12893,1.48,870000,899990,1400-2-5,2021-04-25
485,ثباغ,شهر سازي و خانه سازي باغميشه,6,5858,91185628,16047,15566,15566,-481,-3,16046,-1,-0.01,15566,15566,1400-2-5,2021-04-25
486,كهمدا,شيشه‌ همدان‌,6,57019,562777530,10170,9870,9870,-300,-2.95,10170,0,0,9870,9870,1400-2-5,2021-04-25
487,لسرما,سرما آفرين‌,6,2715,63911100,24260,23540,23540,-720,-2.97,24260,0,0,23540,23540,1400-2-5,2021-04-25
488,آپ,آسان پرداخت پرشين,6,4139,70031880,17440,16920,16920,-520,-2.98,17440,0,0,16920,16920,1400-2-5,2021-04-25
489,ضمخا7066,اختيارخ اخابر-11700-1400/07/28,6,21,21403000,1090,1012,1244,154,14.13,1019,-71,-6.51,819,1244,1400-2-5,2021-04-25
490,وهنر,گروه توسعه هنر ايران,6,163665,1346799285,8396,8229,8229,-167,-1.99,8385,-11,-0.13,8229,8229,1400-2-5,2021-04-25
491,شكلر,نيروكلر,5,2096,97883200,48140,46700,46700,-1440,-2.99,48140,0,0,46700,46700,1400-2-5,2021-04-25
492,كگاز,شيشه‌ و گاز,5,1755,31976100,18780,18220,18220,-560,-2.98,18780,0,0,18220,18220,1400-2-5,2021-04-25
493,چفيبر,فيبر ايران‌,5,132359,1784199320,13890,13480,13480,-410,-2.95,13870,-20,-0.14,13480,13480,1400-2-5,2021-04-25
494,لابسا,آبسال‌,5,8166,421283940,53180,51590,51590,-1590,-2.99,53170,-10,-0.02,51590,51590,1400-2-5,2021-04-25
495,تملي702,تسهيلات مسكن ب. ملي-ارديبهشت97,5,93,52565274,594966,565218,565218,-29748,-5,565218,-29748,-5,565218,565218,1400-2-5,2021-04-25
496,وسگيلا,شركت س استان گيلان,5,329112,246834000,770,750,750,-20,-2.6,770,0,0,750,750,1400-2-5,2021-04-25
497,غمارگ,مارگارين‌,5,17260,526602600,31450,30510,30510,-940,-2.99,31440,-10,-0.03,30510,30510,1400-2-5,2021-04-25
498,وپترو,سرمايه‌گذاري صنايع پتروشيمي‌,5,3093,41755500,13910,13500,13500,-410,-2.95,13910,0,0,13500,13500,1400-2-5,2021-04-25
499,ضپيك2010,اختيارخ تاپيكو-12000-00/02/19,5,54,9500000,300,200,200,-100,-33.33,176,-124,-41.33,150,200,1400-2-5,2021-04-25
500,كپرور,فرآوري زغال سنگ پروده طبس,5,14901,532248819,36823,35719,35719,-1104,-3,36811,-12,-0.03,35719,35719,1400-2-5,2021-04-25
501,كوثر,بيمه كوثر,5,6370,90676950,14675,14235,14235,-440,-3,14674,-1,-0.01,14235,14235,1400-2-5,2021-04-25
502,زير0003پ04,زيره سبز0003شركت مينوبذر(پ),5,180,94091833,533060,522000,525000,-8060,-1.51,522732,-10328,-1.94,521523,525001,1400-2-5,2021-04-25
503,ملت,بيمه ملت,5,2122,32148300,15610,15150,15150,-460,-2.95,15610,0,0,15150,15150,1400-2-5,2021-04-25
504,پرديس,سرمايه گذاري پرديس,5,15000,79050000,5430,5270,5270,-160,-2.95,5430,0,0,5270,5270,1400-2-5,2021-04-25
505,ساروم,سيمان‌اروميه‌,5,2876,113141840,40550,39340,39340,-1210,-2.98,40550,0,0,39340,39340,1400-2-5,2021-04-25
506,تكنو,تكنوتار,5,49000,1048600000,22060,21400,21400,-660,-2.99,22050,-10,-0.05,21400,21400,1400-2-5,2021-04-25
507,اخزا821,اسنادخزانه-م21بودجه98-020906,5,10225,6196454840,606000,606000,606010,10,0,606010,10,0,606000,606100,1400-2-5,2021-04-25
508,آريان,سرمايه گذاري پارس آريان,5,31491,316799460,10265,10060,10060,-205,-2,10264,-1,-0.01,10060,10060,1400-2-5,2021-04-25
509,ورنا,سرمايه‌گذاري‌ رنا(هلدينگ‌,5,6125,32768750,5510,5350,5350,-160,-2.9,5510,0,0,5350,5350,1400-2-5,2021-04-25
510,سدور,سيمان‌ دورود,5,12850,241451500,19370,18790,18790,-580,-2.99,19370,0,0,18790,18790,1400-2-5,2021-04-25
511,زعف0008پ19,زعفران0008نگين تروند قاينات(پ),5,7300,957906176,139100,132100,131198,-7902,-5.68,131220,-7880,-5.66,131198,132100,1400-2-5,2021-04-25
512,سپيدار,سپيدار سيستم آسيا,5,776,44371680,58948,57180,57180,-1768,-3,58946,-2,0,57180,57180,1400-2-5,2021-04-25
513,اشاد10,مشاركت دولتي10-شرايط خاص001226,5,39300,37484520000,953671,953000,954250,579,0.06,953805,134,0.01,953000,954250,1400-2-5,2021-04-25
514,ولتجار,واسپاري تجارت وسرمايه ايرانيان,5,113273,917964392,8269,8104,8104,-165,-2,8261,-8,-0.1,8104,8104,1400-2-5,2021-04-25
515,ضملي3004,اختيارخ فملي-14000-1400/03/02,5,260,24360000,143,130,88,-55,-38.46,94,-49,-34.27,80,130,1400-2-5,2021-04-25
516,ختور,رادياتور ايران‌,5,1145,21846600,19660,19080,19080,-580,-2.95,19660,0,0,19080,19080,1400-2-5,2021-04-25
517,دكپسول,توليد ژلاتين كپسول ايران,5,3579,115644648,33311,32312,32312,-999,-3,33309,-2,-0.01,32312,32312,1400-2-5,2021-04-25
518,وتوكا,سرمايه‌گذاري‌توكافولاد(هلدينگ,5,6885,79866000,11950,11600,11600,-350,-2.93,11950,0,0,11600,11600,1400-2-5,2021-04-25
519,فلوله,لوله‌وماشين‌سازي‌ايران‌,5,3843,82739790,22190,21530,21530,-660,-2.97,22190,0,0,21530,21530,1400-2-5,2021-04-25
520,تپمپي,پمپ‌ سازي‌ ايران‌,5,2695,50746850,19410,18830,18830,-580,-2.99,19410,0,0,18830,18830,1400-2-5,2021-04-25
521,اخزا723,اسنادخزانه-م23بودجه97-000824,5,755,676626478,893500,896979,894400,900,0.1,896194,2694,0.3,894400,896980,1400-2-5,2021-04-25
522,بساما,بيمه سامان,4,9400,210212200,23054,22363,22363,-691,-3,23051,-3,-0.01,22363,22363,1400-2-5,2021-04-25
523,شلعاب,لعابيران‌,4,1372,29182440,21920,21270,21270,-650,-2.97,21920,0,0,21270,21270,1400-2-5,2021-04-25
524,وسبحان,سرمايه گذاري سبحان,4,9807,29293509,3079,2987,2987,-92,-2.99,3079,0,0,2987,2987,1400-2-5,2021-04-25
525,غنوش,نوش‌ مازندران‌,4,752,41668320,57120,55410,55410,-1710,-2.99,57120,0,0,55410,55410,1400-2-5,2021-04-25
526,ضخود2014,اختيارخ خودرو-1800-1400/02/08,4,211,23060000,250,120,100,-150,-60,109,-141,-56.4,60,120,1400-2-5,2021-04-25
527,وصنا,گروه‌صنايع‌بهشهرايران‌,4,14427,79204230,5650,5490,5490,-160,-2.83,5650,0,0,5490,5490,1400-2-5,2021-04-25
528,سغرب,سيمان‌غرب‌,4,3517,121406840,35580,34520,34520,-1060,-2.98,35580,0,0,34520,34520,1400-2-5,2021-04-25
529,واميد,گروه مديريت سرمايه گذاري اميد,4,1954,24112360,12720,12340,12340,-380,-2.99,12720,0,0,12340,12340,1400-2-5,2021-04-25
530,تاپكيش,تجارت الكترونيك پارسيان كيش,4,5191,91688633,18209,17663,17663,-546,-3,18208,-1,-0.01,17663,17663,1400-2-5,2021-04-25
531,شپاس,نفت پاسارگاد,4,25250,528457250,21576,20929,20929,-647,-3,21569,-7,-0.03,20929,20929,1400-2-5,2021-04-25
532,فجام,جام‌دارو,4,4208,42206240,10330,10030,10030,-300,-2.9,10330,0,0,10030,10030,1400-2-5,2021-04-25
533,زشگزا,شير و گوشت زاگرس شهركرد,4,4400,35160400,8238,7991,7991,-247,-3,8238,0,0,7991,7991,1400-2-5,2021-04-25
534,داسوه,داروسازي‌ اسوه‌,4,781,28287820,37330,36220,36220,-1110,-2.97,37330,0,0,36220,36220,1400-2-5,2021-04-25
535,سصوفي,سيمان‌ صوفيان‌,4,2343,45219900,19890,19300,19300,-590,-2.97,19890,0,0,19300,19300,1400-2-5,2021-04-25
536,ضمخا2001,اختيارخ اخابر-10000-1400/02/29,4,400,40000000,300,100,100,-200,-66.67,100,-200,-66.67,100,100,1400-2-5,2021-04-25
537,كلر,كلر پارس,4,568,74293264,134843,130798,130798,-4045,-3,134837,-6,0,130798,130798,1400-2-5,2021-04-25
538,فسا,پتروشيمي فسا,4,66715,115817240,1771,1736,1736,-35,-1.98,1771,0,0,1736,1736,1400-2-5,2021-04-25
539,فرآور,فرآوري‌موادمعدني‌ايران‌,4,1091,37246740,35190,34140,34140,-1050,-2.98,35190,0,0,34140,34140,1400-2-5,2021-04-25
540,ثمسكن,سرمايه‌گذاري‌ مسكن‌,4,6023,29633160,5070,4920,4920,-150,-2.96,5070,0,0,4920,4920,1400-2-5,2021-04-25
541,اخزا807,اسنادخزانه-م7بودجه98-000719,4,4556,4151671600,910887,910005,912500,1613,0.18,911254,367,0.04,910005,912500,1400-2-5,2021-04-25
542,هجرت,پخش هجرت,4,5042,137944078,28205,27359,27359,-846,-3,28203,-2,-0.01,27359,27359,1400-2-5,2021-04-25
543,زفكا,كشت و دامداري فكا,4,1757,22252405,13056,12665,12665,-391,-2.99,13056,0,0,12665,12665,1400-2-5,2021-04-25
544,گواهي ظرفيت,گواهي ظرفيت نقدي,4,22200000,316438800000,13576,14254,14254,678,4.99,14254,678,4.99,14254,14254,1400-2-5,2021-04-25
545,زملارد,كشاورزي و دامپروري ملارد شير,4,418,15515742,38266,37119,37119,-1147,-3,38266,0,0,37119,37119,1400-2-5,2021-04-25
546,دتوليد,داروسازي توليد دارو,4,1850,48038950,26770,25967,25967,-803,-3,26769,-1,0,25967,25967,1400-2-5,2021-04-25
547,خمهر,مهركام‌پارس‌,4,7810,18509700,2440,2370,2370,-70,-2.87,2440,0,0,2370,2370,1400-2-5,2021-04-25
548,مرقام,ايران‌ارقام‌,4,8360,158338400,19520,18940,18940,-580,-2.97,19520,0,0,18940,18940,1400-2-5,2021-04-25
549,شكف,كف,4,999,101124774,103291,101226,101226,-2065,-2,103270,-21,-0.02,101226,101226,1400-2-5,2021-04-25
550,كمينا,شيشه سازي مينا,4,12390,305636520,25171,24668,24668,-503,-2,25163,-8,-0.03,24668,24668,1400-2-5,2021-04-25
551,هجرتح,ح . پخش هجرت,4,4053,91102608,22098,21436,23125,1027,4.65,22478,380,1.72,21436,23125,1400-2-5,2021-04-25
552,قنيشا,قند  نيشابور,4,5021,325360800,66800,64800,64800,-2000,-2.99,66790,-10,-0.01,64800,64800,1400-2-5,2021-04-25
553,اخزا9082,اسنادخزانه-م8بودجه99-020606,4,1640000,1029100000000,624727,627500,627500,2773,0.44,627500,2773,0.44,627500,627500,1400-2-5,2021-04-25
554,سكرد,سيمان كردستان,4,6118,58121000,9790,9500,9500,-290,-2.96,9790,0,0,9500,9500,1400-2-5,2021-04-25
555,اراد67,مرابحه عام دولت67-ش.خ0310,4,100000,100000000000,1000000,1000000,1000000,0,0,1000000,0,0,1000000,1000000,1400-2-5,2021-04-25
556,فپنتا,سپنتا,4,545,215313150,407280,395070,395070,-12210,-3,407230,-50,-0.01,395070,395070,1400-2-5,2021-04-25
557,وساشرقي,شركت س استان آذربايجان شرقي,4,22156,21048200,970,950,950,-20,-2.06,970,0,0,950,950,1400-2-5,2021-04-25
558,اخزا813,اسنادخزانه-م13بودجه98-010219,3,1540,1260896000,817124,813000,820000,2876,0.35,818764,1640,0.2,813000,820000,1400-2-5,2021-04-25
559,شتولي,تولي‌پرس‌,3,826,26845000,33163,32500,32500,-663,-2,33161,-2,-0.01,32500,32500,1400-2-5,2021-04-25
560,دارو,كارخانجات‌داروپخش‌,3,1248,40896960,33780,32770,32770,-1010,-2.99,33780,0,0,32770,32770,1400-2-5,2021-04-25
561,آوا2,صندوق س.سهام آواي معيار-س,3,13000000,13000000,6218,1,1,-6217,-99.98,1,-6217,-99.98,1,1,1400-2-5,2021-04-25
562,سميعا002,سلف موازي استاندارد سميعا002,3,380940,492035817840,1291071,1291636,1291636,565,0.04,1291636,565,0.04,1291636,1291636,1400-2-5,2021-04-25
563,تكشا,گسترش‌صنايع‌وخدمات‌كشاورزي‌,3,2285,103030650,46480,45090,45090,-1390,-2.99,46480,0,0,45090,45090,1400-2-5,2021-04-25
564,سقاين,سيمان‌ قائن‌,3,273,19123650,72210,70050,70050,-2160,-2.99,72210,0,0,70050,70050,1400-2-5,2021-04-25
565,خكاوه,سايپا ديزل,3,22920,81388920,3623,3551,3551,-72,-1.99,3623,0,0,3551,3551,1400-2-5,2021-04-25
566,ضملت3004,اختيارخ وبملت-5000-1400/03/19,3,136,7016000,101,56,50,-51,-50.5,52,-49,-48.51,50,56,1400-2-5,2021-04-25
567,نطرين,عطرين نخ قم,3,2596,30554920,12134,11770,11770,-364,-3,12134,0,0,11770,11770,1400-2-5,2021-04-25
568,فروس,فروسيليس‌ ايران‌,3,7989,40903680,5270,5120,5120,-150,-2.85,5270,0,0,5120,5120,1400-2-5,2021-04-25
569,زبينا,كشاورزي و دامپروري بينالود,3,5428,20588404,3910,3793,3793,-117,-2.99,3910,0,0,3793,3793,1400-2-5,2021-04-25
570,بنو,بيمه تجارت نو,3,578,17879852,31890,30934,30934,-956,-3,31890,0,0,30934,30934,1400-2-5,2021-04-25
571,دفارا,داروسازي‌ فارابي‌,3,795,50426850,65390,63430,63430,-1960,-3,65390,0,0,63430,63430,1400-2-5,2021-04-25
572,پلاسك,پلاسكوكار,3,11800,85668000,7480,7260,7260,-220,-2.94,7480,0,0,7260,7260,1400-2-5,2021-04-25
573,پست0008پ04,پسته فندقي32-30سبزدانه0008(پ),3,11,18699975,1670000,1699998,1699997,29997,1.8,1699998,29998,1.8,1699997,1699998,1400-2-5,2021-04-25
574,چافست,افست‌,3,1251,20153610,16600,16110,16110,-490,-2.95,16600,0,0,16110,16110,1400-2-5,2021-04-25
575,فراز2,صندوق س.سهام فراز داريك-س,3,300000,300000,10222,1,1,-10221,-99.99,1,-10221,-99.99,1,1,1400-2-5,2021-04-25
576,وآوا,سرمايه گذاري آوا نوين,3,6495,56038860,8894,8628,8628,-266,-2.99,8894,0,0,8628,8628,1400-2-5,2021-04-25
577,دفرا,فرآورده‌هاي‌ تزريقي‌ ايران‌,3,916,23376320,26300,25520,25520,-780,-2.97,26300,0,0,25520,25520,1400-2-5,2021-04-25
578,ضخود7072,اختيارخ خودرو-1400-1400/07/07,3,40,28094000,889,704,700,-189,-21.26,702,-187,-21.03,700,704,1400-2-5,2021-04-25
579,كخاك,صنايع‌خاك‌چيني‌ايران‌,3,2100,83412000,40940,39720,39720,-1220,-2.98,40940,0,0,39720,39720,1400-2-5,2021-04-25
580,وسخوز,شركت س استان خوزستان,3,18050,17147500,970,950,950,-20,-2.06,970,0,0,950,950,1400-2-5,2021-04-25
581,غمينو,شركت صنايع غذايي مينو شرق,3,10704,118707360,11432,11090,11090,-342,-2.99,11431,-1,-0.01,11090,11090,1400-2-5,2021-04-25
582,اخزا722,اسنادخزانه-م22بودجه97-000428,3,505,482497550,954850,955000,956850,2000,0.21,955441,591,0.06,955000,956850,1400-2-5,2021-04-25
583,پست0008پ02,پسته فندقي32-30طلاسبززرند0008,3,7,12212869,1682604,1744695,1744696,62092,3.69,1744696,62092,3.69,1744695,1744696,1400-2-5,2021-04-25
584,ضجار2001,اختيارخ وتجارت-2000-1400/02/22,3,210,100500000,697,550,470,-227,-32.57,479,-218,-31.28,470,550,1400-2-5,2021-04-25
585,ثشرق,سرمايه گذاري مسكن شمال شرق,3,24000,160560000,6890,6690,6690,-200,-2.9,6890,0,0,6690,6690,1400-2-5,2021-04-25
586,زشريف,كشت وصنعت شريف آباد,3,22904,115756816,5210,5054,5054,-156,-2.99,5210,0,0,5054,5054,1400-2-5,2021-04-25
587,كاسپين,داروسازي كاسپين تامين,3,1750,44322250,26110,25327,25327,-783,-3,26109,-1,0,25327,25327,1400-2-5,2021-04-25
588,سيمرغ,سيمرغ,3,1563,27711990,18270,17730,17730,-540,-2.96,18270,0,0,17730,17730,1400-2-5,2021-04-25
589,غگرجي,بيسكويت‌  گرجي‌,3,1310,23501400,18490,17940,17940,-550,-2.97,18490,0,0,17940,17940,1400-2-5,2021-04-25
590,ثفارس,عمران‌وتوسعه‌فارس‌,3,1824,17784000,10050,9750,9750,-300,-2.99,10050,0,0,9750,9750,1400-2-5,2021-04-25
591,وساغربي,شركت س استان آذربايجان غربي,3,36568,27426000,770,750,750,-20,-2.6,770,0,0,750,750,1400-2-5,2021-04-25
592,غپونه,نوش پونه مشهد,3,6398,114460220,18635,17890,17890,-745,-4,18631,-4,-0.02,17890,17890,1400-2-5,2021-04-25
593,ياقوت2,صندوق س ياقوت آگاه-ثابت,3,512000,512000,12307,1,1,-12306,-99.99,1,-12306,-99.99,1,1,1400-2-5,2021-04-25
594,اخزا805,اسنادخزانه-م5بودجه98-000422,3,83,79604967,958000,958500,959999,1999,0.21,959096,1096,0.11,958500,959999,1400-2-5,2021-04-25
595,غشوكو,شوكو پارس,3,1383,54076683,39898,39101,39101,-797,-2,39896,-2,-0.01,39101,39101,1400-2-5,2021-04-25
596,اتكام,شركت بيمه اتكايي امين,3,3700,17267900,4811,4667,4667,-144,-2.99,4811,0,0,4667,4667,1400-2-5,2021-04-25
597,ولپارس,ليزينگ پارسيان,3,3217,15634620,5010,4860,4860,-150,-2.99,5010,0,0,4860,4860,1400-2-5,2021-04-25
598,دانا,بيمه دانا,3,27050,174202000,6630,6440,6440,-190,-2.87,6630,0,0,6440,6440,1400-2-5,2021-04-25
599,اخزا720,اسنادخزانه-م20بودجه97-000324,3,10,9746810,973342,973010,975550,2208,0.23,974681,1339,0.14,973010,975550,1400-2-5,2021-04-25
600,وگستر,گسترش سرمايه گذاري ايرانيان,3,1774,33193314,19289,18711,18711,-578,-3,19289,0,0,18711,18711,1400-2-5,2021-04-25
601,كچاد2,معدني‌وصنعتي‌چادرملو,3,25756205,556076465950,22250,21590,21590,-660,-2.97,21590,-660,-2.97,21590,21590,1400-2-5,2021-04-25
602,شدوص,دوده‌ صنعتي‌ پارس‌,2,1400,37296000,27460,26640,26640,-820,-2.99,27460,0,0,26640,26640,1400-2-5,2021-04-25
603,ضمخا7070,اختيارخ اخابر-19700-1400/07/28,2,6,1959000,301,303,350,49,16.28,326,25,8.31,303,350,1400-2-5,2021-04-25
604,ضترا3004,اختيارخ شتران-10000-1400/03/09,2,6,2100000,300,350,350,50,16.67,350,50,16.67,350,350,1400-2-5,2021-04-25
605,وسرمد,بيمه  سرمد,2,17000,103887000,6235,6111,6111,-124,-1.99,6234,-1,-0.02,6111,6111,1400-2-5,2021-04-25
606,دسبحا,گروه دارويي سبحان,2,10000,188000000,19380,18800,18800,-580,-2.99,19380,0,0,18800,18800,1400-2-5,2021-04-25
607,كمنگنز,معادن‌منگنزايران‌,2,1078,92557080,88510,85860,85860,-2650,-2.99,88500,-10,-0.01,85860,85860,1400-2-5,2021-04-25
608,ومشان,س. فني و مهندسي مشانير,2,147,10375995,72025,70585,70585,-1440,-2,72024,-1,0,70585,70585,1400-2-5,2021-04-25
609,شفا,سرمايه گذاري شفادارو,2,247,11156990,46560,45170,45170,-1390,-2.99,46560,0,0,45170,45170,1400-2-5,2021-04-25
610,سنوين,سرمايه گذاري اقتصاد نوين,2,1560,13977600,9142,8960,8960,-182,-1.99,9142,0,0,8960,8960,1400-2-5,2021-04-25
611,قشكر,شكرشاهرود,2,4040,15069200,3840,3730,3730,-110,-2.86,3840,0,0,3730,3730,1400-2-5,2021-04-25
612,قشهد,شهد,2,7565,149938300,20430,19820,19820,-610,-2.99,20430,0,0,19820,19820,1400-2-5,2021-04-25
613,غويتا,ويتانا,2,800,13944800,17970,17431,17431,-539,-3,17970,0,0,17431,17431,1400-2-5,2021-04-25
614,وسكرد,شركت س استان كردستان,2,18313,13002230,730,710,710,-20,-2.74,730,0,0,710,710,1400-2-5,2021-04-25
615,شتوكا,توكا رنگ فولاد سپاهان,2,5640,296731680,54239,52612,52612,-1627,-3,54229,-10,-0.02,52612,52612,1400-2-5,2021-04-25
616,تملي704,تسهيلات مسكن ب. ملي-تير97,2,2,1256474,661302,628237,628237,-33065,-5,628237,-33065,-5,628237,628237,1400-2-5,2021-04-25
617,خزر,فنرسازي‌زر,2,2350,108476000,47580,46160,46160,-1420,-2.98,47580,0,0,46160,46160,1400-2-5,2021-04-25
618,دشيمي,شيمي‌ داروئي‌ داروپخش‌,2,401,11933760,30680,29760,29760,-920,-3,30680,0,0,29760,29760,1400-2-5,2021-04-25
619,دتماد,توليدمواداوليه‌داروپخش‌,2,1000,44420000,45790,44420,44420,-1370,-2.99,45790,0,0,44420,44420,1400-2-5,2021-04-25
620,فاما,صنعتي‌ آما,2,1400,25214000,18560,18010,18010,-550,-2.96,18560,0,0,18010,18010,1400-2-5,2021-04-25
621,بزاگرس,نيروگاه زاگرس كوثر,2,1450,10070250,7159,6945,6945,-214,-2.99,7159,0,0,6945,6945,1400-2-5,2021-04-25
622,خفنر,فنرسازي‌خاور,2,17769,149437290,8660,8410,8410,-250,-2.89,8660,0,0,8410,8410,1400-2-5,2021-04-25
623,حخزر,كشتيراني درياي خزر,2,2541,70891359,28761,27899,27899,-862,-3,28760,-1,0,27899,27899,1400-2-5,2021-04-25
624,ريشمك,توليد و صادرات ريشمك,2,200,11077600,57101,55388,55388,-1713,-3,57101,0,0,55388,55388,1400-2-5,2021-04-25
625,ومعلم,بيمه معلم,2,13396,64823244,4988,4839,4839,-149,-2.99,4988,0,0,4839,4839,1400-2-5,2021-04-25
626,پسهند,صنايع‌ لاستيكي‌  سهند,2,135,5425650,41430,40190,40190,-1240,-2.99,41430,0,0,40190,40190,1400-2-5,2021-04-25
627,درهآور,دارويي ره آورد تامين,2,1098,56588724,53131,51538,51538,-1593,-3,53129,-2,0,51538,51538,1400-2-5,2021-04-25
628,وسصفا,شركت س استان اصفهان,2,100000,104000000,1070,1040,1040,-30,-2.8,1070,0,0,1040,1040,1400-2-5,2021-04-25
629,شپاكسا,پاكسان‌,2,567,15354360,27910,27080,27080,-830,-2.97,27910,0,0,27080,27080,1400-2-5,2021-04-25
630,دمعيار2,صندوق س. توازن معيار-د,2,12800000,12800000,10020,1,1,-10019,-99.99,1,-10019,-99.99,1,1,1400-2-5,2021-04-25
631,سصفها,سيمان‌اصفهان‌,2,121,14903570,126970,123170,123170,-3800,-2.99,126970,0,0,123170,123170,1400-2-5,2021-04-25
632,وسخراج,شركت س استان خراسان جنوبي,2,4900,10584000,2220,2160,2160,-60,-2.7,2220,0,0,2160,2160,1400-2-5,2021-04-25
633,تملي612,تسهيلات مسكن بانك ملي-اسفند96,2,88,53728400,642684,610550,610550,-32134,-5,610550,-32134,-5,610550,610550,1400-2-5,2021-04-25
634,قنقش,قند نقش جهان,2,600,42336000,73500,70560,70560,-2940,-4,73487,-13,-0.02,70560,70560,1400-2-5,2021-04-25
635,ضصاد3003,اختيارخ وبصادر-3000-1400/03/12,2,60,1380000,40,25,22,-18,-45,23,-17,-42.5,22,25,1400-2-5,2021-04-25
636,غدشت,دشت‌ مرغاب‌,2,75,20997750,288620,279970,279970,-8650,-3,288620,0,0,279970,279970,1400-2-5,2021-04-25
637,زمگسا,كشاورزي‌ ودامپروي‌ مگسال‌,2,351,11063520,32490,31520,31520,-970,-2.99,32490,0,0,31520,31520,1400-2-5,2021-04-25
638,سفانو,سيمان فارس نو,2,1339,52783380,40630,39420,39420,-1210,-2.98,40630,0,0,39420,39420,1400-2-5,2021-04-25
639,كسرا,سراميك‌هاي‌صنعتي‌اردكان‌,2,12563,253898230,20830,20210,20210,-620,-2.98,20830,0,0,20210,20210,1400-2-5,2021-04-25
640,غفارس,شير پاستوريزه پگاه فارس,2,3136,55795712,18342,17792,17792,-550,-3,18341,-1,-0.01,17792,17792,1400-2-5,2021-04-25
641,سكارون,سيمان كارون,2,100,17438200,177940,174382,174382,-3558,-2,177937,-3,0,174382,174382,1400-2-5,2021-04-25
642,قزوين,كارخانجات‌ قند قزوين‌,2,299,11478610,39570,38390,38390,-1180,-2.98,39570,0,0,38390,38390,1400-2-5,2021-04-25
643,سيلام,سيمان‌ ايلام‌,2,2200,23914000,11200,10870,10870,-330,-2.95,11200,0,0,10870,10870,1400-2-5,2021-04-25
644,ثرود,سرمايه‌گذاري مسكن زاينده رود,2,868,17842608,21191,20556,20556,-635,-3,21191,0,0,20556,20556,1400-2-5,2021-04-25
645,آينده,بازرگاني آينده سازان بهشت پارس,2,651,12673017,19864,19467,19467,-397,-2,19864,0,0,19467,19467,1400-2-5,2021-04-25
646,فمراد,آلومراد,2,72,10050480,143900,139590,139590,-4310,-3,143900,0,0,139590,139590,1400-2-5,2021-04-25
647,بنيرو,نيروترانس‌,2,800,11712000,15090,14640,14640,-450,-2.98,15090,0,0,14640,14640,1400-2-5,2021-04-25
648,سنفت001,سلف موازي استاندارد سنفت001,2,26300,30008641900,1140527,1141013,1141013,486,0.04,1141013,486,0.04,1141013,1141013,1400-2-5,2021-04-25
649,ضشنا2006,اختيارخ شپنا-20000-1400/02/27,2,10,111000,50,12,11,-39,-78,11,-39,-78,11,12,1400-2-5,2021-04-25
650,افاد53,منفعت دولت5-ش.خاص كاريزما0108,2,400,383820000,924000,970200,956000,32000,3.46,959550,35550,3.85,956000,970200,1400-2-5,2021-04-25
651,زعف0008پ18,زعفران0008نگين بهرامن(پ),2,100,14087300,140873,140873,140873,0,0,140873,0,0,140873,140873,1400-2-5,2021-04-25
652,خفناور,مهندسي صنعتي روان فن آور,2,937,44493445,48454,47485,47485,-969,-2,48452,-2,0,47485,47485,1400-2-5,2021-04-25
653,وسكرشا,س.سهام عدالت استان كرمانشاه,2,8866,10905180,1260,1230,1230,-30,-2.38,1260,0,0,1230,1230,1400-2-5,2021-04-25
654,ثاباد,توريستي ورفاهي آبادگران ايران,2,210,11046000,54220,52600,52600,-1620,-2.99,54220,0,0,52600,52600,1400-2-5,2021-04-25
655,شرانل2,نفت ايرانول,2,1500000,56460000000,38020,37640,37640,-380,-1,37640,-380,-1,37640,37640,1400-2-5,2021-04-25
656,ضجار2004,اختيارخ وتجارت-3500-1400/02/22,2,37,300000,11,10,8,-3,-27.27,8,-3,-27.27,8,10,1400-2-5,2021-04-25
657,ثپرديس,سرمايه گذاري مسكن پرديس,2,3510,34594560,10160,9856,9856,-304,-2.99,10160,0,0,9856,9856,1400-2-5,2021-04-25
658,كتوكا,توليدي و خدمات صنايع نسوز توكا,2,350,13246450,39017,37847,37847,-1170,-3,39017,0,0,37847,37847,1400-2-5,2021-04-25
659,غشاذر,پگاه‌آذربايجان‌غربي‌,2,2779,26956300,10000,9700,9700,-300,-3,10000,0,0,9700,9700,1400-2-5,2021-04-25
660,كي بي سي,شركت كي بي سي,2,422,11326058,27669,26839,26839,-830,-3,27669,0,0,26839,26839,1400-2-5,2021-04-25
661,دابور,داروسازي‌ ابوريحان‌,2,659,25015640,39130,37960,37960,-1170,-2.99,39130,0,0,37960,37960,1400-2-5,2021-04-25
662,غصينو,صنعتي مينو,2,5393,355377128,67933,65896,65896,-2037,-3,67926,-7,-0.01,65896,65896,1400-2-5,2021-04-25
663,قشير,قند شيروان قوچان و بجنورد,2,10674,265974732,25688,24918,24918,-770,-3,25684,-4,-0.02,24918,24918,1400-2-5,2021-04-25
664,ديران,ايران‌دارو,2,320,8211200,26450,25660,25660,-790,-2.99,26450,0,0,25660,25660,1400-2-5,2021-04-25
665,ضخود2008,اختيارخ خودرو-3500-1400/02/08,2,200,200000,1,1,1,0,0,1,0,0,1,1,1400-2-5,2021-04-25
666,وتوس,توسعه‌شهري‌توس‌گستر,2,14137,189294430,13800,13390,13390,-410,-2.97,13800,0,0,13390,13390,1400-2-5,2021-04-25
667,سبجنو,سيمان‌ بجنورد,2,132,7611120,59440,57660,57660,-1780,-2.99,59440,0,0,57660,57660,1400-2-5,2021-04-25
668,ددام,داروسازي زاگرس فارمد پارس,1,250,5367500,22130,21470,21470,-660,-2.98,22130,0,0,21470,21470,1400-2-5,2021-04-25
669,ثامان,سامان‌ گستراصفهان‌,1,429,9952800,23910,23200,23200,-710,-2.97,23910,0,0,23200,23200,1400-2-5,2021-04-25
670,مداران,داده‌پردازي‌ايران‌,1,210,5117700,25120,24370,24370,-750,-2.99,25120,0,0,24370,24370,1400-2-5,2021-04-25
671,دتوزيع,توزيع دارو پخش,1,500,25107500,51768,50215,50215,-1553,-3,51767,-1,0,50215,50215,1400-2-5,2021-04-25
672,ضملت3001,اختيارخ وبملت-3500-1400/03/19,1,2,1206000,742,603,603,-139,-18.73,603,-139,-18.73,603,603,1400-2-5,2021-04-25
673,زنگان,صنعت روي زنگان,1,147,14898891,104487,101353,101353,-3134,-3,104486,-1,0,101353,101353,1400-2-5,2021-04-25
674,ساروج4,بين المللي ساروج بوشهر,1,24565000,465113710000,19036,18934,18934,-102,-0.54,18934,-102,-0.54,18934,18934,1400-2-5,2021-04-25
675,تملي701,تسهيلات مسكن ب. ملي-فروردين97,1,11,6965200,633290,633200,633200,-90,-0.01,633200,-90,-0.01,633200,633200,1400-2-5,2021-04-25
676,ضجار2007,اختيارخ وتجارت-5000-1400/02/22,1,21,420000,10,20,20,10,100,20,10,100,20,20,1400-2-5,2021-04-25
677,اوان,مبين وان كيش,1,150,7948050,54625,52987,52987,-1638,-3,54625,0,0,52987,52987,1400-2-5,2021-04-25
678,زقيام,كشت و دام قيام اصفهان,1,830,23338770,28988,28119,28119,-869,-3,28988,0,0,28119,28119,1400-2-5,2021-04-25
679,دبالك,مواد اوليه دارويي البرز بالك,1,248,5010344,20827,20203,20203,-624,-3,20827,0,0,20203,20203,1400-2-5,2021-04-25
680,غشصفا,شيرپاستوريزه‌پگاه‌اصفهان‌,1,221,6002360,28000,27160,27160,-840,-3,28000,0,0,27160,27160,1400-2-5,2021-04-25
681,پارسا306,صكوك اجاره پارسيان-6ماهه16%,1,300,285000000,933851,950000,950000,16149,1.73,950000,16149,1.73,950000,950000,1400-2-5,2021-04-25
682,دشيري,شيرين دارو,1,43,9769772,236670,227204,227204,-9466,-4,236665,-5,0,227204,227204,1400-2-5,2021-04-25
683,شسم,توليد سموم‌ علف‌ كش,1,184,16873536,89906,91704,91704,1798,2,89909,3,0,91704,91704,1400-2-5,2021-04-25
684,وپارس2,بانك‌پارسيان‌,1,456184630,1122214189800,2530,2460,2460,-70,-2.77,2460,-70,-2.77,2460,2460,1400-2-5,2021-04-25
685,افاد82,منفعت دولت8-ش.خاص لوتوس0205,1,10000,8500000000,830000,850000,850000,20000,2.41,850000,20000,2.41,850000,850000,1400-2-5,2021-04-25
686,شزنگ,تجهيزنيروي‌زنگان‌,1,24,5517744,234597,229906,229906,-4691,-2,234596,-1,0,229906,229906,1400-2-5,2021-04-25
687,لخزر,پارس‌ خزر,1,55,9949500,186490,180900,180900,-5590,-3,186490,0,0,180900,180900,1400-2-5,2021-04-25
688,ضترا3003,اختيارخ شتران-9000-1400/03/09,1,100,50000000,500,500,500,0,0,500,0,0,500,500,1400-2-5,2021-04-25
689,سدبير,س. تدبيرگران فارس وخوزستان,1,11,954162,89424,86742,86742,-2682,-3,89424,0,0,86742,86742,1400-2-5,2021-04-25
690,كقزوي,شيشه‌ قزوين‌,1,510,5119380,10242,10038,10038,-204,-1.99,10242,0,0,10038,10038,1400-2-5,2021-04-25
691,اپرداز,آتيه داده پرداز,1,838,17341572,21334,20694,20694,-640,-3,21334,0,0,20694,20694,1400-2-5,2021-04-25
692,خشرق,الكتريك‌ خودرو شرق‌,1,686,9953860,14950,14510,14510,-440,-2.94,14950,0,0,14510,14510,1400-2-5,2021-04-25
693,شكبير,پتروشيمي اميركبير,1,200,17404800,88799,87024,87024,-1775,-2,88799,0,0,87024,87024,1400-2-5,2021-04-25
694,قلرست,قند لرستان‌,1,1000,34740000,35810,34740,34740,-1070,-2.99,35810,0,0,34740,34740,1400-2-5,2021-04-25
695,كباده,توليد خاك نسوزاستقلال آباده,1,500,4583000,8730,9166,9166,436,4.99,8730,0,0,9166,9166,1400-2-5,2021-04-25
696,تپكو,توليدتجهيزات‌سنگين‌هپكو,1,1125,5978250,5422,5314,5314,-108,-1.99,5422,0,0,5314,5314,1400-2-5,2021-04-25
697,ضمخا7076,اختيارخ اخابر-9700-1400/07/28,1,5,8750000,1416,1750,1750,334,23.59,1750,334,23.59,1750,1750,1400-2-5,2021-04-25
698,تبرك,گروه كارخانجات صنعتي تبرك,1,1000,19305000,19902,19305,19305,-597,-3,19902,0,0,19305,19305,1400-2-5,2021-04-25
699,افرا,افرانت,1,152,5058560,34309,33280,33280,-1029,-3,34309,0,0,33280,33280,1400-2-5,2021-04-25
700,رايان106,مشاركت رايان سايپا-3ماهه16%,1,11,10514174,965390,955834,955834,-9556,-0.99,955834,-9556,-0.99,955834,955834,1400-2-5,2021-04-25
701,پرداخت,به پرداخت ملت,1,158,5007020,32670,31690,31690,-980,-3,32670,0,0,31690,31690,1400-2-5,2021-04-25
702,اخزا9112,اسنادخزانه-م11بودجه99-020906,1,100000,59480000000,591561,594800,594800,3239,0.55,594800,3239,0.55,594800,594800,1400-2-5,2021-04-25
703,سرچشمه2,سرمايه گذاري مس سرچشمه,1,10000000,64500000000,6453,6450,6450,-3,-0.05,6450,-3,-0.05,6450,6450,1400-2-5,2021-04-25
704,كگل2,معدني و صنعتي گل گهر,1,28600000,398970000000,14380,13950,13950,-430,-2.99,13950,-430,-2.99,13950,13950,1400-2-5,2021-04-25
705,زير0003پ01,زيره سبز0003كيميابذر(پ),1,1,576419,580457,576419,576419,-4038,-0.7,576419,-4038,-0.7,576419,576419,1400-2-5,2021-04-25
706,فلامي,لاميران‌,1,231,10048500,44840,43500,43500,-1340,-2.99,44840,0,0,43500,43500,1400-2-5,2021-04-25
707,وسنا,سرمايه گذاري نيروگاهي ايران,1,350,5382650,15692,15379,15379,-313,-1.99,15692,0,0,15379,15379,1400-2-5,2021-04-25
708,اشاد102,مشاركت دولتي10-شرايط خاص001226,1,31,28086000,953671,906000,906000,-47671,-5,906000,-47671,-5,906000,906000,1400-2-5,2021-04-25
709,كترام,توليدي‌ كاشي‌ تكسرام‌,1,1057,49805840,48570,47120,47120,-1450,-2.99,48570,0,0,47120,47120,1400-2-5,2021-04-25
710,عفولاد3,اوراق سلف موازي ورق گرم فولاد,1,10,8456220,845269,845622,845622,353,0.04,845622,353,0.04,845622,845622,1400-2-5,2021-04-25
711,چكاوه,صنايع‌كاغذسازي‌كاوه‌,1,365,6522550,18420,17870,17870,-550,-2.99,18420,0,0,17870,17870,1400-2-5,2021-04-25
712,شاراك2,پتروشيمي شازند,1,3000000,73230000000,24410,24410,24410,0,0,24410,0,0,24410,24410,1400-2-5,2021-04-25
713,ضسپا3001,اختيارخ خساپا-1600-1400/03/26,1,25,6750000,392,270,270,-122,-31.12,270,-122,-31.12,270,270,1400-2-5,2021-04-25
714,اراد414,مرابحه عام دولت4-ش.خ 0006,1,2000000,1985000000000,992500,992500,992500,0,0,992500,0,0,992500,992500,1400-2-5,2021-04-25
715,دقاضيح,ح . داروسازي شهيد قاضي,1,530,18295070,34519,34519,34519,0,0,34519,0,0,34519,34519,1400-2-5,2021-04-25
716,حتوكا,حمل‌ونقل‌توكا,1,232,6902000,30660,29750,29750,-910,-2.97,30660,0,0,29750,29750,1400-2-5,2021-04-25
717,وسالت,بانك قرض الحسنه رسالت,1,388,443096,1109,1142,1142,33,2.98,1109,0,0,1142,1142,1400-2-5,2021-04-25
718,آ س پ,آ.س.پ,1,380,5948140,16137,15653,15653,-484,-3,16137,0,0,15653,15653,1400-2-5,2021-04-25
719,ضخود2013,اختيارخ خودرو-7000-1400/02/08,1,4,4000,1,1,1,0,0,1,0,0,1,1,1400-2-5,2021-04-25
720,خكمك,كمك‌فنرايندامين‌,1,300,7896000,27130,26320,26320,-810,-2.99,27130,0,0,26320,26320,1400-2-5,2021-04-25
721,فالوم,آلومتك‌,1,200,7130000,36377,35650,35650,-727,-2,36377,0,0,35650,35650,1400-2-5,2021-04-25
722,فولاي,صنايع فولاد آلياژي يزد,1,136,6747776,51150,49616,49616,-1534,-3,51150,0,0,49616,49616,1400-2-5,2021-04-25
723,نهال2,صندوق س. طلاي سرخ نوويرا,1,100000,100000,10540,1,1,-10539,-99.99,1,-10539,-99.99,1,1,1400-2-5,2021-04-25
724,ضپيك2008,اختيارخ تاپيكو-9000-00/02/19,1,4,7400000,2400,1850,1850,-550,-22.92,1850,-550,-22.92,1850,1850,1400-2-5,2021-04-25
725,رتكو,كنترل‌خوردگي‌تكين‌كو,1,300,5259000,18070,17530,17530,-540,-2.99,18070,0,0,17530,17530,1400-2-5,2021-04-25
726,مفاخر,توسعه فناوري اطلاعات خوارزمي,1,29300,1845607000,64938,62990,62990,-1948,-3,64863,-75,-0.12,62990,62990,1400-2-5,2021-04-25
727,زماهان,مجتمع توليد گوشت مرغ ماهان,1,551,11010633,20601,19983,19983,-618,-3,20601,0,0,19983,19983,1400-2-5,2021-04-25
728,اراد514,مرابحه عام دولت5-ش.خ 0010,1,2000000,1970000000000,989667,985000,985000,-4667,-0.47,985000,-4667,-0.47,985000,985000,1400-2-5,2021-04-25
729,ضمخا2005,اختيارخ اخابر-18000-1400/02/29,1,10,440000,11,44,44,33,300,44,33,300,44,44,1400-2-5,2021-04-25
730,غديس,پاكديس,1,385,5017705,13436,13033,13033,-403,-3,13436,0,0,13033,13033,1400-2-5,2021-04-25
731,لپيام,گسترش صنايع پيام,1,100,5268100,54876,52681,52681,-2195,-4,54875,-1,0,52681,52681,1400-2-5,2021-04-25
732,حپارسا,توسعه حمل و نقل ريلي پارسيان,1,147,5023431,35229,34173,34173,-1056,-3,35229,0,0,34173,34173,1400-2-5,2021-04-25
733,ضملي7000,اختيارخ فملي-7720-1400/07/11,1,1,3701000,4800,3701,3701,-1099,-22.9,3701,-1099,-22.9,3701,3701,1400-2-5,2021-04-25
734,تصميم2,صندوق س با درآمد ثابت تصميم,1,1000000,1000000,16199,1,1,-16198,-99.99,1,-16198,-99.99,1,1,1400-2-5,2021-04-25
735,كابگن,توليدي و صنعتي آبگينه‌,1,1000,5189000,5138,5189,5189,51,0.99,5138,0,0,5189,5189,1400-2-5,2021-04-25
736,ضشنا2005,اختيارخ شپنا-18000-1400/02/27,1,5,60000,88,12,12,-76,-86.36,12,-76,-86.36,12,12,1400-2-5,2021-04-25
737,شستان03,اجاره تجاري شستان14030915,1,100,100000000,1020000,1000000,1000000,-20000,-1.96,1000000,-20000,-1.96,1000000,1000000,1400-2-5,2021-04-25
738,پخش,پخش البرز,1,165,5185455,32398,31427,31427,-971,-3,32398,0,0,31427,31427,1400-2-5,2021-04-25
739,زگلدشت,كشت و دام گلدشت نمونه اصفهان,1,371,5038922,14002,13582,13582,-420,-3,14002,0,0,13582,13582,1400-2-5,2021-04-25
740,اشاد1,مشاركت دولتي1-شرايط خاص001026,1,5000,4950000000,980000,990000,990000,10000,1.02,990000,10000,1.02,990000,990000,1400-2-5,2021-04-25
741,زكشت,كشاورزي مكانيزه اصفهان كشت,1,130,5090930,40372,39161,39161,-1211,-3,40372,0,0,39161,39161,1400-2-5,2021-04-25
742,خمحور,توليدمحورخودرو,1,82,5056940,63570,61670,61670,-1900,-2.99,63570,0,0,61670,61670,1400-2-5,2021-04-25
743,ثزاگرس,سرمايه گذاري توسعه عمران زاگرس,1,106,5779862,57396,54527,54527,-2869,-5,57395,-1,0,54527,54527,1400-2-5,2021-04-25
744,قجام,فرآوردههاي غذايي وقندتربت‌جام‌,1,650,10491000,16469,16140,16140,-329,-2,16469,0,0,16140,16140,1400-2-5,2021-04-25
745,ركيش,كارت اعتباري ايران كيش,1,422,9735540,23780,23070,23070,-710,-2.99,23780,0,0,23070,23070,1400-2-5,2021-04-25
746,صنفت0312,صكوك منفعت نفت0312-6ماهه 18/5%,1,70,70000000,993333,1000000,1000000,6667,0.67,1000000,6667,0.67,1000000,1000000,1400-2-5,2021-04-25
747,سپرمي,پرميت‌,1,572,5154292,8922,9011,9011,89,1,8922,0,0,9011,9011,1400-2-5,2021-04-25
748,سهرمز,سيمان‌هرمزگان‌,1,450,10899000,24960,24220,24220,-740,-2.96,24960,0,0,24220,24220,1400-2-5,2021-04-25
749,كسعدي,كاشي‌ سعدي‌,1,245,5078850,21370,20730,20730,-640,-2.99,21370,0,0,20730,20730,1400-2-5,2021-04-25
750,نمرينو,ايران‌ مرينوس‌,1,244,26822920,113320,109930,109930,-3390,-2.99,113320,0,0,109930,109930,1400-2-5,2021-04-25
751,شتهران,داروسازي تهران شيمي,1,10956,86125116,7707,7861,7861,154,2,7708,1,0.01,7861,7861,1400-2-5,2021-04-25
752,ولشرق,ليزينگ ايران و شرق,1,601,5081455,8716,8455,8455,-261,-2.99,8716,0,0,8455,8455,1400-2-5,2021-04-25
753,غشان,شيرپاستوريزه‌پگاه‌خراسان‌,1,4300,32078000,7690,7460,7460,-230,-2.99,7690,0,0,7460,7460,1400-2-5,2021-04-25
754,خوساز,محورسازان‌ايران‌خودرو,1,2550,19839000,8020,7780,7780,-240,-2.99,8020,0,0,7780,7780,1400-2-5,2021-04-25
755,ضملي3000,اختيارخ فملي-8000-1400/03/02,1,5,10715000,3438,2143,2143,-1295,-37.67,2143,-1295,-37.67,2143,2143,1400-2-5,2021-04-25
756,رنيك,جنرال مكانيك,1,1000,21655000,22324,21655,21655,-669,-3,22324,0,0,21655,21655,1400-2-5,2021-04-25
757,ضصاد3001,اختيارخ وبصادر-2000-1400/03/12,1,10,3000000,360,300,300,-60,-16.67,300,-60,-16.67,300,300,1400-2-5,2021-04-25
758,دجابر,داروسازي‌ جابرابن‌حيان‌,1,300,5892000,20240,19640,19640,-600,-2.96,20240,0,0,19640,19640,1400-2-5,2021-04-25
759,سبهان,سيمان‌ بهبهان‌,1,550,75867000,142200,137940,137940,-4260,-3,142190,-10,-0.01,137940,137940,1400-2-5,2021-04-25
760,سمگا2,گروه سرمايه گذاري ميراث فرهنگي,1,5160000,148871160000,29743,28851,28851,-892,-3,28851,-892,-3,28851,28851,1400-2-5,2021-04-25
761,توريل,توكاريل,1,302,7373028,25169,24414,24414,-755,-3,25169,0,0,24414,24414,1400-2-5,2021-04-25
762,وحافظ2,بيمه حافظ,1,1552540,100124857140,65807,64491,64491,-1316,-2,64491,-1316,-2,64491,64491,1400-2-5,2021-04-25
763,كفرآور,فرآورده هاي سيمان شرق,1,250,5788750,23627,23155,23155,-472,-2,23627,0,0,23155,23155,1400-2-5,2021-04-25
764,طمخا7072,اختيارف اخابر-27700-1400/07/28,1,5,85500000,16900,17100,17100,200,1.18,17100,200,1.18,17100,17100,1400-2-5,2021-04-25
765,صخود412,ص مرابحه خودرو412- 3ماهه 18%,1,5,4975000,995000,995000,995000,0,0,995000,0,0,995000,995000,1400-2-5,2021-04-25
766,مبين011,اجاره اعتماد مبين لوتوس010710,1,41,39401000,970000,961000,961000,-9000,-0.93,961000,-9000,-0.93,961000,961000,1400-2-5,2021-04-25
767,اخزا8142,اسنادخزانه-م14بودجه98-010318,1,400000,320880000000,801968,802200,802200,232,0.03,802200,232,0.03,802200,802200,1400-2-5,2021-04-25
768,پلاست,كارخانجات توليدي پلاستيران,1,78,5390112,71983,69104,69104,-2879,-4,71982,-1,0,69104,69104,1400-2-5,2021-04-25
769,دسانكو,داروسازي سبحان انكولوژي,1,351,5035797,14790,14347,14347,-443,-3,14790,0,0,14347,14347,1400-2-5,2021-04-25
770,طمخا7068,اختيارف اخابر-15700-1400/07/28,1,21,101871000,4700,4851,4851,151,3.21,4851,151,3.21,4851,4851,1400-2-5,2021-04-25
771,ضترا3009,اختيارخ شتران-20000-1400/03/09,1,2,16000,82,8,8,-74,-90.24,8,-74,-90.24,8,8,1400-2-5,2021-04-25
772,كشرق,صنعتي و معدني شمال شرق شاهرود,1,75,6699900,92094,89332,89332,-2762,-3,92094,0,0,89332,89332,1400-2-5,2021-04-25
773,ثنظام,س. ساختماني نظام مهندسي ايران,1,196,8928192,47449,45552,45552,-1897,-4,47448,-1,0,45552,45552,1400-2-5,2021-04-25
774,آرمان,بيمه آرمان,1,689,5559541,8233,8069,8069,-164,-1.99,8233,0,0,8069,8069,1400-2-5,2021-04-25
775,ضفار3002,اختيارخ فارس-10000-1400/03/05,1,1,200000,1160,200,200,-960,-82.76,200,-960,-82.76,200,200,1400-2-5,2021-04-25
776,صفارس412,صكوك اجاره خليج فارس- 3ماهه16%,1,300,300000000,986000,1000000,1000000,14000,1.42,1000000,14000,1.42,1000000,1000000,1400-2-5,2021-04-25
