,نماد,نام,تعداد,حجم,ارزش,دیروز,اولین,آخرین معامله - مقدار,آخرین معامله - تغییر,آخرین معامله - درصد,قیمت پایانی - مقدار,قیمت پایانی - تغییر,قیمت پایانی - درصد,کمترین,بیشترین,تاریخ,gregorian_date
0,پالايش,صندوق پالايشي يكم-سهام,48181,61580352,4484316272090,72060,71180,73370,1310,1.82,72820,760,1.05,70120,74430,1400-8-12,2021-11-03
1,دارا يكم,صندوق واسطه گري مالي يكم-سهام,27273,21441712,2444333625090,111380,109180,116180,4800,4.31,114000,2620,2.35,107690,117550,1400-8-12,2021-11-03
2,فرابورس,فرابورس ايران,12973,31503870,868566451198,27403,27544,26900,-503,-1.84,27570,167,0.61,26444,28730,1400-8-12,2021-11-03
3,فولاد,فولاد مباركه اصفهان,12940,91949372,1096950339960,11670,11810,12040,370,3.17,11930,260,2.23,11750,12110,1400-8-12,2021-11-03
4,فسبزوار,پارس فولاد سبزوار,12053,7720734,272246061610,34920,34900,35430,510,1.46,35260,340,0.97,34810,35930,1400-8-12,2021-11-03
5,شپنا,پالايش نفت اصفهان,11910,70403165,784787370400,10940,10950,11300,360,3.29,11150,210,1.92,10710,11400,1400-8-12,2021-11-03
6,فجهان,مجتمع جهان فولاد سيرجان,11773,47294291,284625186314,5929,5980,6043,114,1.92,6018,89,1.5,5940,6110,1400-8-12,2021-11-03
7,لپارس,پارس‌ الكتريك‌,10890,10558373,1201574825920,117290,111430,114500,-2790,-2.38,113800,-3490,-2.98,111430,119400,1400-8-12,2021-11-03
8,شبندر,پالايش نفت بندرعباس,9760,115425443,741397612510,6260,6340,6510,250,3.99,6420,160,2.56,6200,6570,1400-8-12,2021-11-03
9,مديريت,س. و خدمات مديريت صند. ب كشوري,9245,18252302,184094036939,9892,10200,10090,198,2,10086,194,1.96,9892,10239,1400-8-12,2021-11-03
10,كدما,معدني‌ دماوند,9141,6290766,589258685420,93430,89000,94400,970,1.04,93670,240,0.26,89000,96900,1400-8-12,2021-11-03
11,فملي,ملي‌ صنايع‌ مس‌ ايران‌,8268,46498325,627835861990,13280,13290,13640,360,2.71,13500,220,1.66,13280,13700,1400-8-12,2021-11-03
12,شتران,پالايش نفت تهران,7848,76404186,350278115633,4544,4534,4639,95,2.09,4585,41,0.9,4380,4685,1400-8-12,2021-11-03
13,كيمياتك,آريان كيميا تك,7441,2286103,61215236630,26170,26180,27260,1090,4.17,26780,610,2.33,25570,27430,1400-8-12,2021-11-03
14,خساپا,سايپا,6695,329549703,537329012567,1562,1614,1640,78,4.99,1630,68,4.35,1587,1640,1400-8-12,2021-11-03
15,خبنيان,بنيان ديزل,6531,467621,81214618987,168628,173686,173686,5058,3,173676,5048,2.99,171469,173686,1400-8-12,2021-11-03
16,خودرو,ايران‌ خودرو,6529,447813942,807165433056,1718,1803,1803,85,4.95,1802,84,4.89,1772,1803,1400-8-12,2021-11-03
17,نوري,پتروشيمي نوري,6483,6315333,722518142330,111300,111900,116000,4700,4.22,114410,3110,2.79,111900,116800,1400-8-12,2021-11-03
18,غزر,صنعتي زر ماكارون,6066,13094406,140598636750,10650,10770,10720,70,0.66,10740,90,0.85,10440,10980,1400-8-12,2021-11-03
19,كمند,صندوق س. با درآمد ثابت كمند,6048,229659555,2330691557025,10143,10149,10149,6,0.06,10148,5,0.05,10148,10150,1400-8-12,2021-11-03
20,كرمان,س. توسعه و عمران استان كرمان,5907,214188438,221129044208,1009,1017,1046,37,3.67,1032,23,2.28,1002,1049,1400-8-12,2021-11-03
21,توسن,توسعه سامانه ي نرم افزاري نگين,5412,2298785,35139227510,14559,15286,15286,727,4.99,15286,727,4.99,15286,15286,1400-8-12,2021-11-03
22,وگستر,گسترش سرمايه گذاري ايرانيان,5018,33123970,267753200076,8344,7927,8180,-164,-1.97,8083,-261,-3.13,7927,8390,1400-8-12,2021-11-03
23,سپيد,سپيد ماكيان,4592,4465543,254178162860,55500,55560,57230,1730,3.12,56920,1420,2.56,54200,57950,1400-8-12,2021-11-03
24,ذوب,سهامي ذوب آهن  اصفهان,4591,84297435,328504812483,3776,3777,3964,188,4.98,3897,121,3.2,3770,3964,1400-8-12,2021-11-03
25,گدنا,تهيه توزيع غذاي دنا آفرين فدك,4516,3541430,52694479042,14804,14370,14809,5,0.03,14879,75,0.51,14370,15161,1400-8-12,2021-11-03
26,آريا,پليمر آريا ساسول,4407,2945044,334666083495,110730,113400,114620,3890,3.51,113637,2907,2.63,111630,116000,1400-8-12,2021-11-03
27,غنوش,نوش‌ مازندران‌,4258,9419664,263349220000,28360,27600,28980,620,2.19,27960,-400,-1.41,26950,29100,1400-8-12,2021-11-03
28,بركتح,ح . گروه دارويي بركت,4236,7683327,143607017320,17090,18050,18790,1700,9.95,18690,1600,9.36,18050,18790,1400-8-12,2021-11-03
29,امين,تامين سرمايه امين,4217,6333318,75461450930,11850,11860,11970,120,1.01,11910,60,0.51,11300,12000,1400-8-12,2021-11-03
30,امين يكم,صندوق درآمد ثابت امين يكم فردا,4045,149363635,1503059481235,10053,10058,10065,12,0.12,10063,10,0.1,10058,10070,1400-8-12,2021-11-03
31,كيان,صندوق س. با درآمد ثابت كيان,4039,36078697,1132179696176,31356,31386,31381,25,0.08,31381,25,0.08,31380,31389,1400-8-12,2021-11-03
32,وتجارت,بانك تجارت,4021,116489934,220762624995,1834,1860,1925,91,4.96,1895,61,3.33,1830,1925,1400-8-12,2021-11-03
33,سپيدار,سپيدار سيستم آسيا,4010,3623702,67786088114,17935,18645,18600,665,3.71,18706,771,4.3,18000,18831,1400-8-12,2021-11-03
34,وملي,گروه‌ صنعتي‌ ملي‌ (هلدينگ‌,3917,1411141,241571255170,169330,169500,175100,5770,3.41,171190,1860,1.1,160890,177000,1400-8-12,2021-11-03
35,وهامون,سرمايه گذاري هامون صبا,3909,12259594,36699900499,2870,2900,3013,143,4.98,2994,124,4.32,2870,3013,1400-8-12,2021-11-03
36,زاگرس,پتروشيمي زاگرس,3822,1074535,290763693532,274242,275500,275600,1358,0.5,270595,-3647,-1.33,267444,277500,1400-8-12,2021-11-03
37,صبا,سرمايه گذاري صبا تامين,3815,21135092,131703839100,6076,6111,6350,274,4.51,6232,156,2.57,6021,6360,1400-8-12,2021-11-03
38,خمهرح,ح . مهركام‌پارس‌,3707,60916416,52326545786,789,855,867,78,9.89,859,70,8.87,810,867,1400-8-12,2021-11-03
39,خبهمن,گروه‌بهمن‌,3588,226428012,394805350775,1665,1730,1748,83,4.98,1744,79,4.74,1685,1748,1400-8-12,2021-11-03
40,تسه0007,امتيازتسهيلات مسكن مهر1400,3578,82470,58255855239,704745,720000,715000,10255,1.46,706388,1643,0.23,695000,720000,1400-8-12,2021-11-03
41,فخوز,فولاد  خوزستان,3369,16454449,263948239890,15790,15830,16170,380,2.41,16040,250,1.58,15790,16290,1400-8-12,2021-11-03
42,بوعلي,پتروشيمي بوعلي سينا,3329,1792632,132622046000,73000,74320,74700,1700,2.33,73980,980,1.34,72010,75200,1400-8-12,2021-11-03
43,غكورش,صنعت غذايي كورش,3329,3615175,166205180340,44110,45480,46310,2200,4.99,45970,1860,4.22,44510,46310,1400-8-12,2021-11-03
44,شاروم,پتروشيمي اروميه,3278,2275300,31033400316,13088,13290,13742,654,5,13639,551,4.21,13000,13742,1400-8-12,2021-11-03
45,وبصادر,بانك صادرات ايران,3257,95968909,176640487391,1787,1803,1876,89,4.98,1841,54,3.02,1760,1876,1400-8-12,2021-11-03
46,وغدير,سرمايه‌گذاري‌غدير(هلدينگ‌,3256,47351134,715889709780,14800,14770,15450,650,4.39,15120,320,2.16,14770,15540,1400-8-12,2021-11-03
47,وسپهر,سرمايه گذاري مالي سپهرصادرات,3175,7325010,52292607216,7067,7061,7166,99,1.4,7111,44,0.62,7060,7250,1400-8-12,2021-11-03
48,كاما,باما,3167,29954255,252573802640,8110,8180,8510,400,4.93,8430,320,3.95,7990,8510,1400-8-12,2021-11-03
49,ولپارس,ليزينگ پارسيان,3138,5217748,21618409351,3990,3995,4189,199,4.99,4143,153,3.83,3980,4189,1400-8-12,2021-11-03
50,ومدير,گ.مديريت ارزش سرمايه ص ب كشوري,3077,15065992,68063924960,4395,4300,4570,175,3.98,4518,123,2.8,4300,4613,1400-8-12,2021-11-03
51,ولقمان,سرمايه گذاري لقمان,2980,13672480,54309983035,4181,3972,3972,-209,-5,3972,-209,-5,3972,4025,1400-8-12,2021-11-03
52,ثشاهد,سرمايه‌ گذاري‌ شاهد,2924,16856883,200197440400,11550,11680,11900,350,3.03,11880,330,2.86,11410,12120,1400-8-12,2021-11-03
53,لطيف,محصولات كاغذي لطيف,2913,1085377,40918082495,36591,36670,38350,1759,4.81,37699,1108,3.03,35500,38420,1400-8-12,2021-11-03
54,بركت,گروه دارويي بركت,2865,11090053,234764413310,20200,21030,21210,1010,5,21170,970,4.8,20670,21210,1400-8-12,2021-11-03
55,شگويا,پتروشيمي تندگويان,2862,11582883,129663810080,10847,10970,11379,532,4.9,11194,347,3.2,10745,11389,1400-8-12,2021-11-03
56,قثابت,قند ثابت‌ خراسان‌,2781,80744404,180553563783,2161,2170,2269,108,5,2236,75,3.47,2141,2269,1400-8-12,2021-11-03
57,آبادا,توليد نيروي برق آبادان,2759,1832378,26405342960,14510,14610,14600,90,0.62,14410,-100,-0.69,14170,14610,1400-8-12,2021-11-03
58,خگستر,گسترش‌سرمايه‌گذاري‌ايران‌خودرو,2737,127710369,270070222821,2017,2117,2117,100,4.96,2115,98,4.86,2075,2117,1400-8-12,2021-11-03
59,ثاميد,توسعه و عمران اميد,2734,18583244,27234581132,1409,1428,1479,70,4.97,1466,57,4.05,1410,1479,1400-8-12,2021-11-03
60,وكبهمن,مديريت سرمايه گذاري كوثربهمن,2733,1499943,15411412586,9867,9890,10360,493,5,10275,408,4.13,9850,10360,1400-8-12,2021-11-03
61,ولكار,ليزينگ كارآفرين,2651,2068330,8798293082,4185,4105,4222,37,0.88,4226,41,0.98,4105,4332,1400-8-12,2021-11-03
62,چخزر,صنايع چوب خزر كاسپين,2648,306006,8698143164,27538,27550,28598,1060,3.85,28054,516,1.87,27550,28800,1400-8-12,2021-11-03
63,شصدف,صنعتي دوده فام,2645,4524958,136422388382,29076,29500,30529,1453,5,30149,1073,3.69,29100,30529,1400-8-12,2021-11-03
64,كزغال,زغال سنگ پروده طبس,2622,938259,29539020377,31119,30030,31220,101,0.32,31483,364,1.17,30030,32000,1400-8-12,2021-11-03
65,اعتماد,صندوق س.اعتماد آفرين پارسيان-د,2590,38844120,1544205385180,39716,39754,39753,37,0.09,39754,38,0.1,39753,39765,1400-8-12,2021-11-03
66,خپارس,پارس‌ خودرو,2575,148472342,162505167416,1047,1090,1099,52,4.97,1095,48,4.58,1060,1099,1400-8-12,2021-11-03
67,بگيلان,توسعه مسير برق گيلان,2501,670174,10298392296,14847,14710,15589,742,5,15050,203,1.37,14700,15589,1400-8-12,2021-11-03
68,سرو,صندوق س سروسودمند مدبران-سهام,2479,2401601,174202052230,71040,70840,73240,2200,3.1,72540,1500,2.11,70260,73570,1400-8-12,2021-11-03
69,كحافظح,ح . كاشي‌ وسراميك‌ حافظ‌,2473,36820627,70205078961,1891,1950,1904,13,0.69,1907,16,0.85,1871,1950,1400-8-12,2021-11-03
70,پترول,گ.س.وت.ص.پتروشيمي خليج فارس,2471,30377617,93694954816,2980,3049,3129,149,5,3084,104,3.49,3001,3129,1400-8-12,2021-11-03
71,بپيوند,برق و انرژي پيوندگستر پارس,2463,1444314,14453172299,9649,9937,10131,482,5,9976,327,3.39,9501,10131,1400-8-12,2021-11-03
72,خنصير,مهندسي‌نصيرماشين‌,2463,13033191,289222112100,21170,22220,22220,1050,4.96,22190,1020,4.82,21770,22220,1400-8-12,2021-11-03
73,غگيلا,شيرپاستوريزه پگاه گيلان,2460,3797558,68242148292,17160,17880,18018,858,5,17970,810,4.72,17360,18018,1400-8-12,2021-11-03
74,تمحركه,ماشين سازي نيرو محركه,2447,10375656,235741626159,22691,23371,22936,245,1.08,22721,30,0.13,22011,23371,1400-8-12,2021-11-03
75,قتربت,قند تربت حيدريه,2413,398409,20906768998,52618,54196,51501,-1117,-2.12,52476,-142,-0.27,51040,54196,1400-8-12,2021-11-03
76,فتوسا,توليد و توسعه سرب روي ايرانيان,2364,1141134,12532260605,10774,10570,11131,357,3.31,10954,180,1.67,10570,11200,1400-8-12,2021-11-03
77,تسه0006,امتيازتسهيلات مسكن شهريور1400,2359,82809,58305952834,704118,715000,712000,7882,1.12,704102,-16,0,696000,720000,1400-8-12,2021-11-03
78,غشوكو,شوكو پارس,2355,12380132,124266031878,10250,9738,10220,-30,-0.29,10038,-212,-2.07,9738,10500,1400-8-12,2021-11-03
79,فگستر,گسترش صنايع روي ايرانيان,2354,1286918,12653938079,9722,9980,9910,188,1.93,9822,100,1.03,9501,9990,1400-8-12,2021-11-03
80,زملارد,كشاورزي و دامپروري ملارد شير,2351,360793,7415316371,19653,20500,20635,982,5,20099,446,2.27,19830,20635,1400-8-12,2021-11-03
81,هاي وب,داده گسترعصرنوين-هاي وب,2232,29283987,252548022430,8320,8220,8730,410,4.93,8620,300,3.61,8000,8730,1400-8-12,2021-11-03
82,رافزا,رايان هم افزا,2229,268089,14854027824,52931,53100,55577,2646,5,55407,2476,4.68,53100,55577,1400-8-12,2021-11-03
83,زقيام,كشت و دام قيام اصفهان,2223,58533471,97621097187,1650,1670,1699,49,2.97,1668,18,1.09,1610,1700,1400-8-12,2021-11-03
84,ويسا,سرمايه گذاري ايساتيس پويا,2211,9707907,77530472891,7662,8044,7740,78,1.02,7986,324,4.23,7664,8045,1400-8-12,2021-11-03
85,تابا,تابان نيرو سپاهان,2211,7660891,222393037118,29559,28082,29990,431,1.46,29030,-529,-1.79,28082,30500,1400-8-12,2021-11-03
86,شغدير,پتروشيمي غدير,2189,1730996,164570867640,91930,91200,96520,4590,4.99,95070,3140,3.42,90550,96520,1400-8-12,2021-11-03
87,شبريز,پالايش نفت تبريز,2168,5243708,176975735290,33400,32800,34300,900,2.69,33750,350,1.05,32420,34700,1400-8-12,2021-11-03
88,سمگا,گروه سرمايه گذاري ميراث فرهنگي,2163,68314602,642466848049,9183,9320,9642,459,5,9405,222,2.42,9310,9642,1400-8-12,2021-11-03
89,شپترو,پتروشيمي آبادان,2141,45245425,168692695838,3632,3737,3740,108,2.97,3728,96,2.64,3654,3740,1400-8-12,2021-11-03
90,ثنوسا,نوسازي‌وساختمان‌تهران‌,2085,31004788,190925941190,5970,6260,6100,130,2.18,6160,190,3.18,5930,6260,1400-8-12,2021-11-03
91,آگاس,صندوق س.هستي بخش آگاه-س,1954,2222614,179322830830,79751,79975,81200,1449,1.82,80681,930,1.17,79001,81740,1400-8-12,2021-11-03
92,سيمرغ,سيمرغ,1953,9694456,221891299200,22070,22100,23170,1100,4.98,22890,820,3.72,21510,23170,1400-8-12,2021-11-03
93,ثفارس,عمران‌وتوسعه‌فارس‌,1948,20069802,187350262950,8980,9270,9420,440,4.9,9330,350,3.9,8860,9420,1400-8-12,2021-11-03
94,كوثر,بيمه كوثر,1905,19151333,184852777104,9634,9180,9900,266,2.76,9652,18,0.19,9180,9900,1400-8-12,2021-11-03
95,شپديس,پتروشيمي پرديس,1904,3768177,688527803730,174760,179000,183490,8730,5,182720,7960,4.55,175310,183490,1400-8-12,2021-11-03
96,ثبهساز,بهساز كاشانه تهران,1896,26036987,45394339637,1663,1746,1746,83,4.99,1743,80,4.81,1690,1746,1400-8-12,2021-11-03
97,حكشتي,كشتيراني جمهوري اسلامي ايران,1871,8719556,117621990420,12970,13320,13610,640,4.93,13490,520,4.01,13000,13610,1400-8-12,2021-11-03
98,وپويا,سرمايه گذاري پويا,1853,4587326,18908604728,3976,4001,4174,198,4.98,4122,146,3.67,3918,4174,1400-8-12,2021-11-03
99,وهنر,گروه توسعه هنر ايران,1846,16202461,55129126497,3389,3390,3394,5,0.15,3403,14,0.41,3304,3469,1400-8-12,2021-11-03
100,ضخود1052,اختيارخ خودرو-2000-1400/10/08,1845,80682,7568730000,75,78,106,31,41.33,94,19,25.33,72,107,1400-8-12,2021-11-03
101,كچاد,معدني‌وصنعتي‌چادرملو,1824,5036592,146774155000,28260,28260,29670,1410,4.99,29140,880,3.11,28260,29670,1400-8-12,2021-11-03
102,شفارس,صنايع‌ شيميايي‌ فارس‌,1819,54563037,65089832670,1167,1170,1225,58,4.97,1193,26,2.23,1141,1225,1400-8-12,2021-11-03
103,خصدرا,صنعتي‌ دريايي‌ ايران‌,1806,40245330,108407174262,2620,2697,2698,78,2.98,2694,74,2.82,2640,2698,1400-8-12,2021-11-03
104,وپارس,بانك‌پارسيان‌,1805,54660843,118409182641,2088,2102,2192,104,4.98,2165,77,3.69,2099,2192,1400-8-12,2021-11-03
105,وصنعت,سرمايه گذاري توسعه صنعت وتجارت,1788,72149699,478723977520,6330,6380,6640,310,4.9,6640,310,4.9,6210,6640,1400-8-12,2021-11-03
106,ثتران,سرمايه گذاري مسكن تهران,1786,18530913,85868470253,4612,4585,4688,76,1.65,4634,22,0.48,4397,4780,1400-8-12,2021-11-03
107,وايران,ليزينگ ايرانيان,1761,13296869,59096479741,4477,4301,4583,106,2.37,4444,-33,-0.74,4271,4606,1400-8-12,2021-11-03
108,فاذر,صنايع‌ آذرآب‌,1752,79821478,73380172943,886,880,930,44,4.97,919,33,3.72,880,930,1400-8-12,2021-11-03
109,غگل,گلوكوزان‌,1749,29134728,95262923022,3207,3210,3291,84,2.62,3270,63,1.96,3180,3325,1400-8-12,2021-11-03
110,حگردش,ريل گردش ايرانيان,1724,26824777,98586078310,3706,3610,3730,24,0.65,3675,-31,-0.84,3595,3780,1400-8-12,2021-11-03
111,غدام,خوراك‌  دام‌ پارس‌,1706,1190296,152672114550,122490,120300,128590,6100,4.98,128260,5770,4.71,120300,128610,1400-8-12,2021-11-03
112,لكما,كارخانجات‌مخابراتي‌ايران‌,1701,41683730,45452614189,1079,1100,1096,17,1.58,1090,11,1.02,1074,1109,1400-8-12,2021-11-03
113,چكاپا,گروه صنايع كاغذ پارس,1697,30681150,88853088081,2789,2790,2928,139,4.98,2896,107,3.84,2736,2928,1400-8-12,2021-11-03
114,وثخوز,سرمايه گذاري و توسعه خوزستان,1689,4876639,162633887327,32482,34106,34106,1624,5,33350,868,2.67,30956,34106,1400-8-12,2021-11-03
115,ولملت,واسپاري ملت,1686,22690780,152246876620,6990,6650,6700,-290,-4.15,6710,-280,-4.01,6650,6900,1400-8-12,2021-11-03
116,فروس,فروسيليس‌ ايران‌,1686,16440220,126811498380,7650,7450,7780,130,1.7,7710,60,0.78,7360,7830,1400-8-12,2021-11-03
117,آپ,آسان پرداخت پرشين,1660,14741662,162154051890,10530,10130,11050,520,4.94,11000,470,4.46,10130,11050,1400-8-12,2021-11-03
118,ولساپا,ليزينگ رايان‌ سايپا,1646,46190316,125533517006,2607,2599,2737,130,4.99,2718,111,4.26,2520,2737,1400-8-12,2021-11-03
119,اپال,فرآوري معدني اپال كاني پارس,1643,3747021,81760370090,21000,21450,21880,880,4.19,21520,520,2.48,21210,22020,1400-8-12,2021-11-03
120,كگل,معدني و صنعتي گل گهر,1639,11410077,263912099020,23060,23050,23120,60,0.26,23130,70,0.3,23020,23440,1400-8-12,2021-11-03
121,شسپا,نفت سپاهان,1626,33095133,109432867027,3211,3190,3371,160,4.98,3307,96,2.99,3190,3371,1400-8-12,2021-11-03
122,بترانس,ايران‌ ترانسفو,1614,32927982,73134829839,2140,2170,2226,86,4.02,2221,81,3.79,2111,2247,1400-8-12,2021-11-03
123,فاراك,ماشين‌ سازي‌ اراك‌,1563,75901889,118701229111,1506,1519,1581,75,4.98,1564,58,3.85,1468,1581,1400-8-12,2021-11-03
124,افران,صندوق س افرا نماد پايدار-ثابت,1559,39417621,577378035862,14640,14648,14648,8,0.05,14648,8,0.05,14647,14650,1400-8-12,2021-11-03
125,شاوان,پالايش نفت لاوان,1533,1720365,224529243427,129927,125000,132400,2473,1.9,130513,586,0.45,125000,133600,1400-8-12,2021-11-03
126,ومعادن,توسعه‌معادن‌وفلزات‌,1502,13398123,137744484970,9980,10110,10470,490,4.91,10280,300,3.01,10000,10470,1400-8-12,2021-11-03
127,سيتا,سرمايه گذاري سيمان تامين,1493,2033204,20509480800,9640,10030,10120,480,4.98,9850,210,2.18,9720,10120,1400-8-12,2021-11-03
128,وثوق,سرمايه گذاري وثوق امين,1484,4689835,57179218760,12120,11757,12478,358,2.95,12192,72,0.59,11757,12483,1400-8-12,2021-11-03
129,اتكاي,بيمه اتكايي ايرانيان,1482,60024035,612396260101,9729,9650,10215,486,5,10203,474,4.87,9370,10215,1400-8-12,2021-11-03
130,غالبر,لبنيات‌ كالبر,1479,10303510,107444399830,10200,10710,10280,80,0.78,10430,230,2.25,10100,10710,1400-8-12,2021-11-03
131,دماوند,توليد نيروي برق دماوند,1426,2418039,47607898132,18943,19498,19890,947,5,19689,746,3.94,19300,19890,1400-8-12,2021-11-03
132,ملت,بيمه ملت,1386,61227716,73749013482,1157,1169,1214,57,4.93,1205,48,4.15,1153,1214,1400-8-12,2021-11-03
133,پارند,صندوق س. پارند پايدار سپهر,1365,47044114,477628450608,10147,10153,10153,6,0.06,10153,6,0.06,10152,10154,1400-8-12,2021-11-03
134,ثاخت,بين‌المللي‌توسعه‌ساختمان,1360,36732182,72896895450,1916,1900,2007,91,4.75,1985,69,3.6,1863,2011,1400-8-12,2021-11-03
135,حآفرين,ريل پرداز نو آفرين,1352,22592221,110732738475,4994,4745,4920,-74,-1.48,4901,-93,-1.86,4745,5110,1400-8-12,2021-11-03
136,ديران,ايران‌دارو,1337,5661279,143517063690,24180,25330,25380,1200,4.96,25350,1170,4.84,24750,25380,1400-8-12,2021-11-03
137,كماسه,تامين‌ ماسه‌ ريخته‌گري‌,1325,19696740,107624480960,5240,5330,5500,260,4.96,5460,220,4.2,5240,5500,1400-8-12,2021-11-03
138,پتاير,ايران‌ تاير,1315,36022102,78611397287,2092,2149,2196,104,4.97,2182,90,4.3,2070,2196,1400-8-12,2021-11-03
139,كوير,توليدي فولاد سپيد فراب كوير,1307,8050261,107761382380,13330,13380,13500,170,1.28,13390,60,0.45,13230,13510,1400-8-12,2021-11-03
140,فروي,ذوب روي اصفهان,1301,1916092,44114143801,22133,22600,23239,1106,5,23023,890,4.02,22300,23239,1400-8-12,2021-11-03
141,مدير,ص.س.مديريت ثروت ص.بازنشستگي-س,1301,6626538,63901964580,9282,9495,9890,608,6.55,9643,361,3.89,9273,9900,1400-8-12,2021-11-03
142,غصينو,صنعتي مينو,1290,7093820,133582902017,18167,18400,19075,908,5,18831,664,3.65,18400,19075,1400-8-12,2021-11-03
143,فجر,فولاد اميركبيركاشان,1272,2720337,68016224100,24410,24410,25170,760,3.11,25000,590,2.42,24040,25470,1400-8-12,2021-11-03
144,ضخود1053,اختيارخ خودرو-2500-1400/10/08,1267,63934,1695018000,18,20,31,13,72.22,27,9,50,17,31,1400-8-12,2021-11-03
145,كرازي,كارخانجات‌توليدي‌شيشه‌رازي‌,1259,45253388,60805496118,1290,1300,1354,64,4.96,1344,54,4.19,1272,1354,1400-8-12,2021-11-03
146,كاوه,فولاد كاوه جنوب كيش,1255,4220543,67192799780,15490,15680,15980,490,3.16,15790,300,1.94,15680,16130,1400-8-12,2021-11-03
147,همراه,شركت ارتباطات سيار ايران,1249,14048679,119571666020,8350,8230,8640,290,3.47,8510,160,1.92,8230,8760,1400-8-12,2021-11-03
148,وسكرشا,س.سهام عدالت استان كرمانشاه,1233,90604123,40892467036,439,427,460,21,4.78,451,12,2.73,427,460,1400-8-12,2021-11-03
149,افق,فروشگاههاي زنجيره اي افق كوروش,1232,1436807,62987324730,44030,43810,43810,-220,-0.5,43840,-190,-0.43,43000,44490,1400-8-12,2021-11-03
150,نهال,صندوق س. طلاي سرخ نوويرا,1197,4787393,66335837277,13065,13273,13820,755,5.78,13856,791,6.05,13260,14371,1400-8-12,2021-11-03
151,ياقوت,صندوق س ياقوت آگاه-ثابت,1197,8601384,116037619883,13502,13510,13495,-7,-0.05,13491,-11,-0.08,13477,13510,1400-8-12,2021-11-03
152,فسپا,گروه‌صنعتي‌سپاهان‌,1191,4885205,86788918390,17570,17200,18060,490,2.79,17770,200,1.14,17100,18170,1400-8-12,2021-11-03
153,كلر,كلر پارس,1188,745292,82606001079,108299,109400,112000,3701,3.42,110837,2538,2.34,108501,113423,1400-8-12,2021-11-03
154,وسكرمان,س.سهام عدالت استان كرمان,1186,88201608,38620555890,426,422,447,21,4.93,438,12,2.82,418,447,1400-8-12,2021-11-03
155,تاصيكو,سرمايه گذاري صدرتامين,1184,10332670,95659563010,9170,9170,9440,270,2.94,9240,70,0.76,9090,9450,1400-8-12,2021-11-03
156,خاهن,آهنگري‌ تراكتورسازي‌ ايران‌,1174,10507232,55583994860,5230,5320,5340,110,2.1,5290,60,1.15,5240,5400,1400-8-12,2021-11-03
157,سبزوا,سيمان لار سبزوار,1172,15184917,35141677903,2266,2300,2359,93,4.1,2314,48,2.12,2203,2359,1400-8-12,2021-11-03
158,كاسپين,داروسازي كاسپين تامين,1160,4083557,104564011078,26041,25000,26348,307,1.18,25606,-435,-1.67,25000,26738,1400-8-12,2021-11-03
159,تاپيكو,س. نفت و گاز و پتروشيمي تأمين,1152,6205596,84362041010,13290,13360,13830,540,4.06,13510,220,1.66,13080,13940,1400-8-12,2021-11-03
160,اخابر,مخابرات ايران,1143,10582105,77420265620,7100,7390,7450,350,4.93,7240,140,1.97,7130,7450,1400-8-12,2021-11-03
161,حفاري,حفاري شمال,1143,14547198,64018963540,4215,4223,4425,210,4.98,4401,186,4.41,4223,4425,1400-8-12,2021-11-03
162,سحرخيز,صندوق س. گروه زعفران سحرخيز,1134,11885022,163243231098,12671,12950,13938,1267,10,13735,1064,8.4,12900,13938,1400-8-12,2021-11-03
163,شرنگي,شيميايي رنگين,1133,904086,136741547143,155383,150722,150722,-4661,-3,151248,-4135,-2.66,150722,154890,1400-8-12,2021-11-03
164,حسير,ريل سير كوثر,1123,3662579,149252656661,38990,40185,40939,1949,5,40751,1761,4.52,39519,40939,1400-8-12,2021-11-03
165,پيزد,مجتمع صنايع لاستيك يزد,1114,314455,16548508830,50120,52626,52626,2506,5,52626,2506,5,52626,52626,1400-8-12,2021-11-03
166,وجامي,سرمايه گذاري جامي,1112,12273112,114758357581,9349,9069,9629,280,2.99,9350,1,0.01,9069,9629,1400-8-12,2021-11-03
167,ماديرا,صنايع ماديران,1101,10290703,71146209931,6627,6840,6958,331,4.99,6914,287,4.33,6660,6958,1400-8-12,2021-11-03
168,اطلس,صندوق س.توسعه اندوخته آينده-س,1099,291980,72574744102,245845,244900,250999,5154,2.1,248561,2716,1.1,243440,251500,1400-8-12,2021-11-03
169,وبانك,سرمايه گذاري گروه توسعه ملي,1098,14499708,121692940650,8110,8110,8510,400,4.93,8390,280,3.45,8010,8510,1400-8-12,2021-11-03
170,فاسمين,كالسيمين‌,1097,5218677,89299331260,16760,17000,17000,240,1.43,17110,350,2.09,16400,17450,1400-8-12,2021-11-03
171,سكارون,سيمان كارون,1091,1075645,65025301064,62145,60281,60283,-1862,-3,60452,-1693,-2.72,60281,61870,1400-8-12,2021-11-03
172,ثتوسا,س.توسعه و عمران استان اردبيل,1071,2462936,46558829559,19082,18510,18671,-411,-2.15,18904,-178,-0.93,18510,19399,1400-8-12,2021-11-03
173,هرمز,فولاد هرمزگان جنوب,1067,4227656,73650902366,16752,16801,17530,778,4.64,17167,415,2.48,16800,17580,1400-8-12,2021-11-03
174,دروز,داروسازي‌ روزدارو,1049,3601742,119513847460,33400,32300,33160,-240,-0.72,33180,-220,-0.66,31830,34000,1400-8-12,2021-11-03
175,غسالم,سالمين‌,1048,11054116,31166440494,2721,2819,2857,136,5,2819,98,3.6,2728,2857,1400-8-12,2021-11-03
176,تملت,تامين سرمايه بانك ملت,1048,10136431,35902732817,3416,3453,3586,170,4.98,3542,126,3.69,3416,3586,1400-8-12,2021-11-03
177,قشكر,شكرشاهرود,1046,11322669,35820456568,3106,3190,3175,69,2.22,3164,58,1.87,3050,3220,1400-8-12,2021-11-03
178,بجهرم,توسعه مولد نيروگاهي جهرم,1045,15998244,34146629431,2057,2070,2159,102,4.96,2134,77,3.74,2050,2159,1400-8-12,2021-11-03
179,سپيدما,صندوق س. سپيد دماوند-د,1043,65167292,737087679000,11305,11310,11311,6,0.05,11311,6,0.05,11310,11311,1400-8-12,2021-11-03
180,خمحركه,نيرو محركه‌,1038,15807159,56266055482,3417,3430,3587,170,4.98,3560,143,4.18,3420,3587,1400-8-12,2021-11-03
181,غشهداب,كشت و صنعت شهداب ناب خراسان,1030,13716636,37432117430,2623,2620,2754,131,4.99,2729,106,4.04,2620,2754,1400-8-12,2021-11-03
182,طلا,صندوق س.پشتوانه طلاي لوتوس,1021,1872515,156782705164,82770,83250,83979,1209,1.46,83728,958,1.16,82945,84150,1400-8-12,2021-11-03
183,بالبر,كابل‌ البرز,1015,1629011,42192936030,26910,26830,25960,-950,-3.53,25900,-1010,-3.75,25570,26830,1400-8-12,2021-11-03
184,فافق,صنايع مس افق كرمان,1008,24317636,95090639150,3813,3917,3916,103,2.7,3910,97,2.54,3830,3927,1400-8-12,2021-11-03
185,ختور,رادياتور ايران‌,1004,5825813,96839495910,15960,16400,16750,790,4.95,16620,660,4.14,15970,16750,1400-8-12,2021-11-03
186,آ س پ,آ.س.پ,1003,4538905,35299597726,7781,7782,7826,45,0.58,7777,-4,-0.05,7580,7990,1400-8-12,2021-11-03
187,فايرا,آلومينيوم‌ايران‌,991,3566908,61502686350,16980,17000,17550,570,3.36,17220,240,1.41,16560,17710,1400-8-12,2021-11-03
188,كتوكا,توليدي و خدمات صنايع نسوز توكا,990,3605176,50314517865,13698,13700,14300,602,4.39,13956,258,1.88,13350,14380,1400-8-12,2021-11-03
189,وسكرد,شركت س استان كردستان,988,72681379,31553657047,423,420,444,21,4.96,434,11,2.6,420,444,1400-8-12,2021-11-03
190,ونيكي,سرمايه‌گذاري‌ ملي‌ايران‌,978,5178170,53615222920,10100,10100,10440,340,3.37,10290,190,1.88,9660,10590,1400-8-12,2021-11-03
191,فلوله,لوله‌وماشين‌سازي‌ايران‌,970,34279154,36574659489,1032,1073,1083,51,4.94,1067,35,3.39,1030,1083,1400-8-12,2021-11-03
192,تكشا,گسترش‌صنايع‌وخدمات‌كشاورزي‌,968,1494525,50079322700,33240,33150,33600,360,1.08,33510,270,0.81,32100,34400,1400-8-12,2021-11-03
193,شپلي,پلي اكريل ايران,960,10499144,84984391152,7872,7930,8108,236,3,8094,222,2.82,7930,8108,1400-8-12,2021-11-03
194,وهور,مديريت انرژي اميد  تابان هور,958,46006206,62529780329,1302,1307,1367,65,4.99,1359,57,4.38,1307,1367,1400-8-12,2021-11-03
195,گشان,توسعه بين المللي پديده شانديز,955,3018261,55820707217,18026,18031,18566,540,3,18494,468,2.6,17860,18566,1400-8-12,2021-11-03
196,شبصير,توليدات پتروشيمي قائد بصير,950,1149121,125788806993,105212,105500,110472,5260,5,109465,4253,4.04,104900,110472,1400-8-12,2021-11-03
197,شلرد,كود شيميايي اوره لردگان,942,10782513,103957472269,9397,9480,9678,281,2.99,9641,244,2.6,9480,9678,1400-8-12,2021-11-03
198,فزرين,زرين معدن آسيا,918,4616919,63001619004,13153,13448,13810,657,5,13646,493,3.75,13012,13810,1400-8-12,2021-11-03
199,شيران,س. صنايع‌شيميايي‌ايران,901,3006634,66732285260,21180,22180,22230,1050,4.96,21970,790,3.73,21300,22230,1400-8-12,2021-11-03
200,ومعلم,بيمه معلم,897,9332883,23367018400,2455,2500,2510,55,2.24,2504,49,2,2461,2537,1400-8-12,2021-11-03
201,وسكاب,س.ص.بازنشستگي كاركنان بانكها,895,17478676,53897863362,2965,3025,3113,148,4.99,3084,119,4.01,2921,3113,1400-8-12,2021-11-03
202,تسه0005,امتيازتسهيلات مسكن مرداد 1400,886,28634,20162434095,704422,710001,700010,-4412,-0.63,704143,-279,-0.04,688999,719000,1400-8-12,2021-11-03
203,كمرجان,بازرگاني و توليدي مرجان كار,871,893397,55480388455,59513,57530,62488,2975,5,62100,2587,4.35,57530,62488,1400-8-12,2021-11-03
204,تپكو,توليدتجهيزات‌سنگين‌هپكو,868,16062460,53841365920,3255,3352,3352,97,2.98,3352,97,2.98,3352,3352,1400-8-12,2021-11-03
205,وزمين,بانك ايران زمين,865,19852260,186594714832,9775,9750,9600,-175,-1.79,9399,-376,-3.85,9384,9750,1400-8-12,2021-11-03
206,لپيام,گسترش صنايع پيام,861,1734204,60173704199,35509,34444,35186,-323,-0.91,34698,-811,-2.28,34444,36000,1400-8-12,2021-11-03
207,قچار,فراوردههاي غذايي وقند چهارمحال,858,7053012,75340138029,10197,10400,10706,509,4.99,10682,485,4.76,10400,10706,1400-8-12,2021-11-03
208,خزاميا,زامياد,845,11844659,75423693860,6090,6340,6390,300,4.93,6370,280,4.6,6200,6390,1400-8-12,2021-11-03
209,قنيشا,قند  نيشابور,831,1291971,52957393950,40930,41800,41200,270,0.66,40990,60,0.15,39720,41800,1400-8-12,2021-11-03
210,چدن,توليدي چدن سازان,819,21724336,63376380563,2798,2900,2937,139,4.97,2917,119,4.25,2822,2937,1400-8-12,2021-11-03
211,وآذر,سرمايه‌گذاري‌توسعه‌آذربايجان‌,818,824715,32785947360,39270,40450,39980,710,1.81,39750,480,1.22,37320,40900,1400-8-12,2021-11-03
212,پارسان,گسترش نفت و گاز پارسيان,815,5440489,177735196130,31540,32100,33110,1570,4.98,32670,1130,3.58,31800,33110,1400-8-12,2021-11-03
213,وپست,پست بانك ايران,813,2258191,49417902080,21800,21050,21900,100,0.46,21880,80,0.37,21050,22300,1400-8-12,2021-11-03
214,كيميا,معدني كيمياي زنجان گستران,804,3093034,45381097746,14184,13850,14893,709,5,14672,488,3.44,13850,14893,1400-8-12,2021-11-03
215,بالاس,مهندسي ساختمان تاسيسات راه آهن,803,1300676,42321991155,32985,32130,32998,13,0.04,32538,-447,-1.36,32000,33400,1400-8-12,2021-11-03
216,وآوا,سرمايه گذاري آوا نوين,802,7508274,23234724251,3028,3000,3142,114,3.76,3095,67,2.21,3000,3174,1400-8-12,2021-11-03
217,خرينگ,رينگ‌سازي‌مشهد,799,2109346,59788609960,27200,28000,28560,1360,5,28340,1140,4.19,27490,28560,1400-8-12,2021-11-03
218,كبافق,معادن‌ بافق‌,798,1464703,49383052890,32420,32100,34040,1620,5,33720,1300,4.01,32100,34040,1400-8-12,2021-11-03
219,ودي,بيمه  دي,797,7701060,45371865114,5816,5730,5930,114,1.96,5892,76,1.31,5560,6000,1400-8-12,2021-11-03
220,گكوثر,هتل پارسيان كوثر اصفهان,796,21006222,42503049279,1937,1995,2032,95,4.9,2023,86,4.44,1950,2033,1400-8-12,2021-11-03
221,ثرود,سرمايه‌گذاري مسكن زاينده رود,795,4501189,37976088826,8283,8475,8480,197,2.38,8437,154,1.86,8231,8589,1400-8-12,2021-11-03
222,ونفت,سرمايه‌گذاري‌ صنعت‌ نفت‌,788,6720172,95166089030,14050,14050,14650,600,4.27,14160,110,0.78,13800,14690,1400-8-12,2021-11-03
223,كسعديح,ح . كاشي‌ سعدي‌,780,21499081,152969525150,6900,6900,7150,250,3.62,7120,220,3.19,6900,7160,1400-8-12,2021-11-03
224,ومشان,س. فني و مهندسي مشانير,777,639958,33939503936,54296,52668,52668,-1628,-3,53034,-1262,-2.32,52668,53798,1400-8-12,2021-11-03
225,دتوليد,داروسازي توليد دارو,776,4226929,40699285664,9193,9221,9652,459,4.99,9629,436,4.74,9221,9652,1400-8-12,2021-11-03
226,فنوال,نورد آلومينيوم‌,776,1042435,25597644640,24360,24900,24700,340,1.4,24560,200,0.82,23200,25400,1400-8-12,2021-11-03
227,غمينو,شركت صنايع غذايي مينو شرق,768,6057940,28672580210,4558,4770,4785,227,4.98,4733,175,3.84,4638,4785,1400-8-12,2021-11-03
228,وسديد,گروه ‌صنعتي‌سديد,768,13880447,13892308975,972,1001,1001,29,2.98,1001,29,2.98,982,1001,1400-8-12,2021-11-03
229,شتوكا,توكا رنگ فولاد سپاهان,762,871048,26966590645,31602,30601,30996,-606,-1.92,30959,-643,-2.03,30601,31595,1400-8-12,2021-11-03
230,شبهرن,نفت‌ بهران‌,761,3765127,43901089660,11460,11500,12030,570,4.97,11620,160,1.4,11350,12030,1400-8-12,2021-11-03
231,فولاي,صنايع فولاد آلياژي يزد,760,2318493,41529325007,17215,17300,18075,860,5,17912,697,4.05,17010,18075,1400-8-12,2021-11-03
232,حآسا,آسيا سير ارس,746,2887372,37745809120,12602,12860,13232,630,5,13073,471,3.74,12350,13232,1400-8-12,2021-11-03
233,ساوه,سيمان ساوه,742,303421,14480046615,45666,45210,47949,2283,5,47694,2028,4.44,45040,47949,1400-8-12,2021-11-03
234,زنگان,صنعت روي زنگان,738,817761,52920089630,62478,60650,65601,3123,5,64713,2235,3.58,59356,65601,1400-8-12,2021-11-03
235,بكاب,صنايع‌جوشكاب‌يزد,738,398485,48091131640,115250,115600,121010,5760,5,120680,5430,4.71,115600,121010,1400-8-12,2021-11-03
236,سفارس,سيمان فارس و خوزستان,737,3925310,68756370140,16900,16530,17740,840,4.97,17520,620,3.67,16530,17740,1400-8-12,2021-11-03
237,تسه0004,امتيازتسهيلات مسكن تير1400,737,35679,25150012611,704207,672122,709995,5788,0.82,704897,690,0.1,672122,718750,1400-8-12,2021-11-03
238,قرن,پديده شيمي قرن,728,906712,23567038300,25020,25480,26270,1250,5,25990,970,3.88,25060,26270,1400-8-12,2021-11-03
239,تبرك,گروه كارخانجات صنعتي تبرك,724,2934204,25376369000,8520,8689,8779,259,3.04,8648,128,1.5,8240,8849,1400-8-12,2021-11-03
240,خكار,ايركا پارت صنعت,724,7605481,36825135963,4625,4670,4856,231,4.99,4842,217,4.69,4625,4856,1400-8-12,2021-11-03
241,زكوثر,سرمايه گذاري كشاورزي كوثر,716,1399871,23245976200,15980,16550,16770,790,4.94,16610,630,3.94,15700,16770,1400-8-12,2021-11-03
242,خاهنح,ح . آهنگري تراكتورسازي‌ ايران‌,713,4632604,17716514425,3756,3750,3826,70,1.86,3824,68,1.81,3668,3886,1400-8-12,2021-11-03
243,شيراز,پتروشيمي‌شيراز,710,4720251,374918601290,75800,79590,79590,3790,5,79430,3630,4.79,77110,79590,1400-8-12,2021-11-03
244,قهكمت,قندهكمتان‌,710,5175116,28072412800,5470,5320,5590,120,2.19,5420,-50,-0.91,5210,5640,1400-8-12,2021-11-03
245,وپترو,سرمايه‌گذاري صنايع پتروشيمي‌,707,5478990,68393799880,12340,12780,12750,410,3.32,12480,140,1.13,12220,12850,1400-8-12,2021-11-03
246,پاكشو,گروه صنعتي پاكشو,706,6132186,32936189470,5420,5350,5390,-30,-0.55,5400,-20,-0.37,5250,5400,1400-8-12,2021-11-03
247,آسيا,بيمه آسيا,703,13620929,23676101129,1717,1701,1775,58,3.38,1738,21,1.22,1680,1787,1400-8-12,2021-11-03
248,تاپكيش,تجارت الكترونيك پارسيان كيش,696,3887962,63043517515,15452,16224,16224,772,5,16215,763,4.94,15922,16224,1400-8-12,2021-11-03
249,فسرب,ملي‌ سرب‌وروي‌ ايران‌,695,508869,32777307050,62370,62100,65200,2830,4.54,64410,2040,3.27,62100,65250,1400-8-12,2021-11-03
250,وصنا,گروه‌صنايع‌بهشهرايران‌,692,7736337,50525509000,6470,6760,6470,0,0,6530,60,0.93,6460,6760,1400-8-12,2021-11-03
251,ارزش,صندوق س ارزش آفرين بيدار-سهام,692,4524385,43216170120,9390,9340,9680,290,3.09,9550,160,1.7,9250,9720,1400-8-12,2021-11-03
252,غمارگ,مارگارين‌,691,1673279,45900347420,26630,26630,27940,1310,4.92,27430,800,3,26590,27960,1400-8-12,2021-11-03
253,كرماشا,صنايع پتروشيمي كرمانشاه,686,2599777,129652480990,47650,49800,50030,2380,4.99,49870,2220,4.66,47850,50030,1400-8-12,2021-11-03
254,كسرا,سراميك‌هاي‌صنعتي‌اردكان‌,683,3608141,54588090030,14530,14750,15250,720,4.96,15130,600,4.13,14500,15250,1400-8-12,2021-11-03
255,وخاور,بانك خاورميانه,680,11250779,60334909290,5210,5290,5430,220,4.22,5360,150,2.88,5170,5470,1400-8-12,2021-11-03
256,دسانكو,داروسازي سبحان انكولوژي,678,3901684,50451127692,12434,12383,13055,621,4.99,12931,497,4,11879,13055,1400-8-12,2021-11-03
257,قشرين,قند شيرين خراسان,672,14632818,107055914279,7120,7270,7333,213,2.99,7316,196,2.75,7156,7333,1400-8-12,2021-11-03
258,سغرب,سيمان‌غرب‌,667,1156236,19218999050,16420,16680,16750,330,2.01,16620,200,1.22,16030,16980,1400-8-12,2021-11-03
259,رمپنا,گروه مپنا (سهامي عام),667,7107169,104127908430,14070,14030,14770,700,4.98,14590,520,3.7,14030,14770,1400-8-12,2021-11-03
260,رانفور,خدمات‌انفورماتيك‌,666,8355892,36321728739,4262,4200,4393,131,3.07,4311,49,1.15,4170,4420,1400-8-12,2021-11-03
261,زدشت,كشت و صنعت دشت خرم دره,666,1756456,24431823693,13688,13400,14200,512,3.74,13910,222,1.62,13250,14249,1400-8-12,2021-11-03
262,غشصفا,شيرپاستوريزه‌پگاه‌اصفهان‌,656,2233504,76688971520,33680,32000,35360,1680,4.99,34340,660,1.96,32000,35360,1400-8-12,2021-11-03
263,قيستو,شركت قند بيستون,653,1712627,42223143623,25279,24530,25200,-79,-0.31,24654,-625,-2.47,24521,25900,1400-8-12,2021-11-03
264,شلعاب,لعابيران‌,651,4415037,24843436230,5460,5470,5730,270,4.95,5630,170,3.11,5380,5730,1400-8-12,2021-11-03
265,غشوكوح,ح . شوكو پارس,639,5555336,30781972874,5515,5350,5680,165,2.99,5541,26,0.47,5350,5680,1400-8-12,2021-11-03
266,نوين,بيمه نوين,636,8116582,32465106498,3853,3940,4045,192,4.98,4000,147,3.82,3849,4045,1400-8-12,2021-11-03
267,ثپرديس,سرمايه گذاري مسكن پرديس,631,12484263,59778471846,4609,4795,4839,230,4.99,4788,179,3.88,4595,4839,1400-8-12,2021-11-03
268,ولراز,ليزينگ رازي,631,1363338,30943804183,23204,23500,22550,-654,-2.82,22697,-507,-2.18,22508,23500,1400-8-12,2021-11-03
269,غفارس,شير پاستوريزه پگاه فارس,631,2568678,17824312737,6891,6900,7010,119,1.73,6939,48,0.7,6683,7090,1400-8-12,2021-11-03
270,كسرام,پارس‌ سرام‌,625,6007231,23457197851,3790,3890,3979,189,4.99,3905,115,3.03,3673,3979,1400-8-12,2021-11-03
271,تليسه,دامداري تليسه نمونه,622,8319130,19691898434,2288,2370,2402,114,4.98,2367,79,3.45,2283,2402,1400-8-12,2021-11-03
272,وساخت,سرمايه‌ گذاري‌ ساختمان‌ايران‌,615,701661,28552256320,40300,40000,40460,160,0.4,40690,390,0.97,39090,41320,1400-8-12,2021-11-03
273,غاذر,كشت‌وصنعت‌پياذر,612,1143878,30499954600,26540,26620,27060,520,1.96,26660,120,0.45,26300,27200,1400-8-12,2021-11-03
274,بكهنوج,توليد برق ماهتاب كهنوج,609,15645555,17218723606,1062,1099,1115,53,4.99,1101,39,3.67,1066,1115,1400-8-12,2021-11-03
275,وپاسار,بانك  پاسارگاد,602,6421507,85221299590,13210,13210,13590,380,2.88,13250,40,0.3,12890,13590,1400-8-12,2021-11-03
276,نطرين,عطرين نخ قم,596,5507975,44196968156,7660,8040,8043,383,5,8024,364,4.75,7700,8043,1400-8-12,2021-11-03
277,بشهاب,لامپ‌  پارس‌ شهاب‌,594,298530,40423375560,134930,131890,135110,180,0.13,135410,480,0.36,131890,139980,1400-8-12,2021-11-03
278,بنو,بيمه تجارت نو,586,1881578,17110791869,9099,9050,9210,111,1.22,9095,-4,-0.04,8850,9294,1400-8-12,2021-11-03
279,جم,پتروشيمي جم,586,1635801,75896960870,46280,46480,46560,280,0.61,46370,90,0.19,45060,47900,1400-8-12,2021-11-03
280,كقزوي,شيشه‌ قزوين‌,583,3635655,31778844395,8718,8430,8900,182,2.09,8741,23,0.26,8403,9030,1400-8-12,2021-11-03
281,ونوين,بانك‌اقتصادنوين‌,578,12286400,41638773006,3242,3375,3404,162,5,3389,147,4.53,3296,3404,1400-8-12,2021-11-03
282,وثنو,سرمايه گذاري ساختماني نوين,578,11702347,67063513023,5567,5700,5734,167,3,5731,164,2.95,5598,5734,1400-8-12,2021-11-03
283,حبندر,دريايي و کشتيراني خط دريابندر,576,3489748,110240790293,32550,32000,31574,-976,-3,31590,-960,-2.95,31574,32726,1400-8-12,2021-11-03
284,دلر,داروسازي‌ اكسير,574,1197043,52065084760,43050,42030,43610,560,1.3,43490,440,1.02,42010,44360,1400-8-12,2021-11-03
285,كنور,توسعه معدني و صنعتي صبانور,571,1547020,29152282880,18510,19390,18720,210,1.13,18610,100,0.54,18610,19390,1400-8-12,2021-11-03
286,كگاز,شيشه‌ و گاز,571,1951566,28711894100,14480,14150,15200,720,4.97,14710,230,1.59,13760,15200,1400-8-12,2021-11-03
287,كفپارس,فرآورده‌هاي‌ نسوز پارس‌,569,8372603,27376866097,3137,3160,3293,156,4.97,3270,133,4.24,3160,3293,1400-8-12,2021-11-03
288,حريل,ريل پردازسير,567,7305713,21675588101,2847,2898,2989,142,4.99,2967,120,4.21,2822,2989,1400-8-12,2021-11-03
289,وسپه,سرمايه‌گذاري‌ سپه‌,566,6726993,55106013490,7880,7880,8270,390,4.95,8190,310,3.93,7880,8270,1400-8-12,2021-11-03
290,فمراد,آلومراد,566,1577820,27397453880,16970,16630,17650,680,4.01,17360,390,2.3,16220,17680,1400-8-12,2021-11-03
291,سنوين,سرمايه گذاري اقتصاد نوين,565,3080638,22217437114,7513,7138,7290,-223,-2.97,7212,-301,-4.01,7138,7290,1400-8-12,2021-11-03
292,البرز,بيمه البرز,557,10941024,23440476404,2104,2158,2187,83,3.94,2140,36,1.71,2070,2187,1400-8-12,2021-11-03
293,پارس,پتروشيمي پارس,555,264152,50335573530,187740,189500,190700,2960,1.58,189120,1380,0.74,189250,191990,1400-8-12,2021-11-03
294,غبهنوش,بهنوش‌ ايران‌,554,745190,37942411870,50660,51200,51100,440,0.87,50920,260,0.51,49000,52100,1400-8-12,2021-11-03
295,خراسان,پتروشيمي خراسان,552,703341,76286722370,104100,108900,109300,5200,5,108390,4290,4.12,104000,109300,1400-8-12,2021-11-03
296,وساغربي,شركت س استان آذربايجان غربي,550,42228293,18545591854,428,414,449,21,4.91,435,7,1.64,414,449,1400-8-12,2021-11-03
297,واحصا,احياء صنايع خراسان,550,493920,25477431540,50319,51828,51828,1509,3,51582,1263,2.51,50800,51828,1400-8-12,2021-11-03
298,زشريف,كشت وصنعت شريف آباد,546,10261400,33426269351,3137,3100,3293,156,4.97,3257,120,3.83,3100,3293,1400-8-12,2021-11-03
299,ارفع,شركت آهن و فولاد ارفع,532,2215979,33893540573,14791,15202,15530,739,5,15024,233,1.58,14870,15530,1400-8-12,2021-11-03
300,ختوقا,قطعات‌ اتومبيل‌ ايران‌,531,15804737,31743476325,1922,1982,2018,96,4.99,2008,86,4.47,1950,2018,1400-8-12,2021-11-03
301,كساپا,سايپاشيشه‌,528,1606930,29390652570,17660,17710,18380,720,4.08,18290,630,3.57,17300,18540,1400-8-12,2021-11-03
302,وسينا,بانك سينا,527,19011521,42152780669,2123,2190,2229,106,4.99,2217,94,4.43,2112,2229,1400-8-12,2021-11-03
303,سفاسي,شركت فارسيت اهواز,526,4402790,17385011979,3834,3949,3949,115,3,3949,115,3,3881,3949,1400-8-12,2021-11-03
304,ثاباد,توريستي ورفاهي آبادگران ايران,525,941903,34886175610,36500,35610,37470,970,2.66,37040,540,1.48,35600,38280,1400-8-12,2021-11-03
305,شزنگ,تجهيزنيروي‌زنگان‌,525,391226,46662609665,117517,119999,121042,3525,3,119273,1756,1.49,115880,121042,1400-8-12,2021-11-03
306,كپشير,پشم‌شيشه‌ايران‌,524,2213711,27302299980,12010,12150,12410,400,3.33,12330,320,2.66,11750,12550,1400-8-12,2021-11-03
307,ثعتما,س. ساختماني اعتماد گستر,521,978128,30299741735,30186,30340,31091,905,3,30977,791,2.62,30340,31091,1400-8-12,2021-11-03
308,هماي,صندوق س هماي آگاه-ثابت,516,6659413,67084511265,10064,10067,10075,11,0.11,10074,10,0.1,10067,10075,1400-8-12,2021-11-03
309,وتوصا,گروه س توسعه صنعتي ايران,511,3895760,37059359660,9150,9160,9600,450,4.92,9510,360,3.93,9150,9600,1400-8-12,2021-11-03
310,ساينا,صنايع بهداشتي ساينا,507,171139,16242523253,95490,96269,95290,-200,-0.21,94908,-582,-0.61,93000,97390,1400-8-12,2021-11-03
311,وسگيلا,شركت س استان گيلان,506,35695872,15655261721,425,420,446,21,4.94,433,8,1.88,417,446,1400-8-12,2021-11-03
312,دتوزيع,توزيع دارو پخش,500,2022985,58307058369,27481,28000,28855,1374,5,28822,1341,4.88,27888,28855,1400-8-12,2021-11-03
313,تسه9908,امتياز تسهيلات مسكن آبان99,500,11861,8330907521,704207,695000,702000,-2207,-0.31,702378,-1829,-0.26,690000,725000,1400-8-12,2021-11-03
314,شراز,پالايش نفت شيراز,496,201821,22996223411,113668,113900,115500,1832,1.61,113803,135,0.12,111505,116380,1400-8-12,2021-11-03
315,چكاوه,صنايع‌كاغذسازي‌كاوه‌,490,1379374,15077193910,10980,10970,11100,120,1.09,10930,-50,-0.46,10600,11290,1400-8-12,2021-11-03
316,سصفها,سيمان‌اصفهان‌,490,664891,21993065670,32500,32000,33320,820,2.52,33080,580,1.78,31540,33600,1400-8-12,2021-11-03
317,غپينو,پارس‌ مينو,486,7303653,25104562307,3284,3440,3448,164,4.99,3437,153,4.66,3305,3448,1400-8-12,2021-11-03
318,والبر,سرمايه‌ گذاري‌ البرز(هلدينگ‌,483,2241820,18978278210,8140,7950,8540,400,4.91,8360,220,2.7,7950,8540,1400-8-12,2021-11-03
319,ميهن,بيمه ميهن,482,8938702,19290176169,2095,2125,2199,104,4.96,2158,63,3.01,2065,2199,1400-8-12,2021-11-03
320,ستران,سيمان‌ تهران‌,481,1479569,29237557260,19240,19930,20200,960,4.99,19760,520,2.7,18500,20200,1400-8-12,2021-11-03
321,جم پيلن,پلي پروپيلن جم - جم پيلن,480,611645,68926287570,112420,111990,112500,80,0.07,112630,210,0.19,109310,114000,1400-8-12,2021-11-03
322,چكارن,كارتن‌ ايران‌,476,6618571,18346938341,2677,2620,2810,133,4.97,2772,95,3.55,2620,2810,1400-8-12,2021-11-03
323,رتاپ,تجارت الكترونيك  پارسيان,475,1974527,10883206040,5400,5400,5580,180,3.33,5480,80,1.48,5400,5590,1400-8-12,2021-11-03
324,وبيمه,سرمايه‌ گذاري‌ صنعت‌ بيمه‌,473,9834163,15675926779,1535,1570,1611,76,4.95,1594,59,3.84,1521,1611,1400-8-12,2021-11-03
325,سرچشمه,سرمايه گذاري مس سرچشمه,472,3804812,21052473727,5344,5400,5611,267,5,5533,189,3.54,5291,5611,1400-8-12,2021-11-03
326,توريل,توكاريل,472,2068743,23116884231,10704,10920,11239,535,5,11174,470,4.39,10758,11239,1400-8-12,2021-11-03
327,آريان,سرمايه گذاري پارس آريان,471,7148461,121173073912,16585,16829,17082,497,3,16951,366,2.21,16401,17082,1400-8-12,2021-11-03
328,دانا,بيمه دانا,471,6558796,30978674470,4550,4600,4770,220,4.84,4720,170,3.74,4540,4770,1400-8-12,2021-11-03
329,فنورد,نوردوقطعات‌ فولادي‌,471,184096,36571894400,192370,194000,201800,9430,4.9,198660,6290,3.27,194000,201890,1400-8-12,2021-11-03
330,اپرداز,آتيه داده پرداز,470,970714,22748952449,23019,23010,23470,451,1.96,23435,416,1.81,23010,23899,1400-8-12,2021-11-03
331,خريخت,صنايع‌ريخته‌گري‌ايران‌,470,6777020,26712149171,3787,3800,3976,189,4.99,3942,155,4.09,3731,3976,1400-8-12,2021-11-03
332,كساوه,صنايع‌ كاشي‌ و سراميك‌ سينا,468,789502,32879233910,40360,41700,42370,2010,4.98,41650,1290,3.2,39730,42370,1400-8-12,2021-11-03
333,وساشرقي,شركت س استان آذربايجان شرقي,468,32835991,14590304224,446,424,453,7,1.57,445,-1,-0.22,424,457,1400-8-12,2021-11-03
334,تسه0003,امتيازتسهيلات مسكن خرداد1400,468,8016,5653771561,703455,675008,711000,7545,1.07,705311,1856,0.26,675008,718000,1400-8-12,2021-11-03
335,فلات,گروه صنايع معادن فلات ايرانيان,467,1562637,20805554415,13388,12995,13200,-188,-1.4,13314,-74,-0.55,12987,13788,1400-8-12,2021-11-03
336,ونيرو,سرمايه‌گذاري‌نيرو,466,11172000,22945843298,1987,2059,2086,99,4.98,2054,67,3.37,1992,2086,1400-8-12,2021-11-03
337,دزهراوي,داروسازي‌زهراوي‌,458,2714820,13420581654,4779,4955,5017,238,4.98,4925,146,3.06,4800,5017,1400-8-12,2021-11-03
338,شكربن,كربن‌ ايران‌,457,308629,32204691800,100590,104900,105610,5020,4.99,104350,3760,3.74,98510,105610,1400-8-12,2021-11-03
339,وتوكا,سرمايه‌گذاري‌توكافولاد(هلدينگ,457,3701333,29458293670,7750,7670,8130,380,4.9,7960,210,2.71,7600,8130,1400-8-12,2021-11-03
340,فپنتا,سپنتا,456,24813,11555458120,447460,467480,469830,22370,5,460280,12820,2.87,453000,469830,1400-8-12,2021-11-03
341,غشاذر,پگاه‌آذربايجان‌غربي‌,455,2233581,12443987800,5530,5510,5630,100,1.81,5570,40,0.72,5410,5770,1400-8-12,2021-11-03
342,شجم,صنايع پتروشيمي تخت جمشيد,446,4798805,59678806289,11862,12390,12455,593,5,12436,574,4.84,12050,12455,1400-8-12,2021-11-03
343,ضخود1051,اختيارخ خودرو-1800-1400/10/08,441,20176,4269032000,151,160,230,79,52.32,212,61,40.4,160,235,1400-8-12,2021-11-03
344,غگرجي,بيسكويت‌  گرجي‌,440,6918254,15303783888,2151,2175,2217,66,3.07,2212,61,2.84,2175,2230,1400-8-12,2021-11-03
345,تيپيكو,سرمايه گذاري دارويي تامين,438,1752184,38168816720,21340,20700,21750,410,1.92,21520,180,0.84,20700,22330,1400-8-12,2021-11-03
346,شپارس,بين‌ المللي‌ محصولات‌  پارس‌,437,1926619,14855880970,7550,7850,7800,250,3.31,7710,160,2.12,7550,7850,1400-8-12,2021-11-03
347,وبوعلي,سرمايه‌گذاري‌بوعلي‌,435,5005147,18880396681,3606,3684,3786,180,4.99,3772,166,4.6,3600,3786,1400-8-12,2021-11-03
348,قاسم,قاسم ايران,435,5398366,18661628481,3323,3230,3489,166,5,3457,134,4.03,3230,3489,1400-8-12,2021-11-03
349,رنيك,جنرال مكانيك,434,1161809,14139442713,11911,11891,12400,489,4.11,12168,257,2.16,11850,12460,1400-8-12,2021-11-03
350,وپسا,س. پتروشيمي ساختمان  خليج فارس,434,7676106,14723701997,1898,1900,1930,32,1.69,1918,20,1.05,1855,1953,1400-8-12,2021-11-03
351,كامياب,صندوق س. كامياب آشنا-د,434,6857620,74080925330,10802,10803,10804,2,0.02,10803,1,0.01,10801,10811,1400-8-12,2021-11-03
352,فرآور,فرآوري‌موادمعدني‌ايران‌,432,1092351,29868081630,26320,27500,27630,1310,4.98,27340,1020,3.88,26360,27630,1400-8-12,2021-11-03
353,كترام,توليدي‌ كاشي‌ تكسرام‌,427,1271374,24812512370,19150,19150,20040,890,4.65,19520,370,1.93,19000,20100,1400-8-12,2021-11-03
354,قصفها,قنداصفهان‌,426,458746,39263261320,82910,84890,87050,4140,4.99,85590,2680,3.23,82350,87050,1400-8-12,2021-11-03
355,بزاگرس,نيروگاه زاگرس كوثر,424,3353269,12650521114,3724,3780,3781,57,1.53,3763,39,1.05,3570,3850,1400-8-12,2021-11-03
356,اميد,تامين سرمايه اميد,422,3736065,25770049330,6580,6900,6900,320,4.86,6890,310,4.71,6710,6900,1400-8-12,2021-11-03
357,خلنت,لنت‌ ترمزايران‌,420,317306,29036254020,87340,91000,91700,4360,4.99,91510,4170,4.77,89000,91700,1400-8-12,2021-11-03
358,پدرخش,درخشان‌ تهران‌,420,808582,16536881330,19950,20120,20330,380,1.9,20450,500,2.51,19690,20920,1400-8-12,2021-11-03
359,فباهنر,مس‌ شهيدباهنر,420,508620,13311423840,25640,25780,26510,870,3.39,25900,260,1.01,25700,26590,1400-8-12,2021-11-03
360,ساروم,سيمان‌اروميه‌,417,440797,17012952830,37730,38600,38820,1090,2.89,38600,870,2.31,37240,38970,1400-8-12,2021-11-03
361,دلقما,دارويي‌ لقمان‌,416,1233452,32416476920,25090,25790,26340,1250,4.98,26280,1190,4.74,25510,26340,1400-8-12,2021-11-03
362,دكپسول,توليد ژلاتين كپسول ايران,415,557367,17888263260,31895,31895,32200,305,0.96,32094,199,0.62,31125,32460,1400-8-12,2021-11-03
363,وخارزم,سرمايه گذاري خوارزمي,411,6084884,26530094240,4153,4360,4360,207,4.98,4321,168,4.05,4360,4360,1400-8-12,2021-11-03
364,بسويچ,پارس‌سويچ‌,409,377593,6281513400,16520,16190,16850,330,2,16570,50,0.3,15890,17170,1400-8-12,2021-11-03
365,مبين,مبين انرژي خليج فارس,408,2140613,52439299030,23700,24390,24580,880,3.71,24040,340,1.43,24000,24870,1400-8-12,2021-11-03
366,كسعدي,كاشي‌ سعدي‌,404,2289580,19692304280,8350,8270,8760,410,4.91,8600,250,2.99,8270,8760,1400-8-12,2021-11-03
367,ثمسكن,سرمايه‌گذاري‌ مسكن‌,402,8033813,34219233857,4063,4199,4266,203,5,4259,196,4.82,4120,4266,1400-8-12,2021-11-03
368,انرژي3,سايراشخاص بورس انرژي,402,755975,69383385500,87410,91780,91780,4370,5,91780,4370,5,91780,91780,1400-8-12,2021-11-03
369,حفارس,حمل و نقل بين المللي خليج فارس,401,7498018,26496774238,3376,3544,3544,168,4.98,3534,158,4.68,3400,3544,1400-8-12,2021-11-03
370,كروي,توسعه‌ معادن‌ روي‌ ايران‌,399,803165,19315942160,23380,23330,24540,1160,4.96,23940,560,2.4,23290,24540,1400-8-12,2021-11-03
371,واحيا,م .صنايع و معادن احياء سپاهان,399,480946,71569196832,147660,147500,151878,4218,2.86,148809,1149,0.78,145500,152080,1400-8-12,2021-11-03
372,كلوند,كاشي‌ الوند,396,1192683,26042712670,21100,21400,22150,1050,4.98,21840,740,3.51,20650,22150,1400-8-12,2021-11-03
373,غبهار,كشت وصنعت بهاران گلبهار خراسان,395,960645,12404906374,12714,12405,12900,186,1.46,12913,199,1.57,12405,13095,1400-8-12,2021-11-03
374,ضخود1054,اختيارخ خودرو-3000-1400/10/08,394,19336,220758000,9,10,13,4,44.44,11,2,22.22,9,14,1400-8-12,2021-11-03
375,تسه0002,امتيازتسهيلاتمسكن ارديبهشت1400,393,7220,5072492923,704373,700000,705000,627,0.09,702561,-1812,-0.26,685000,720000,1400-8-12,2021-11-03
376,خچرخش,چرخشگر,387,2782521,23309528780,8020,8040,8420,400,4.99,8380,360,4.49,8040,8420,1400-8-12,2021-11-03
377,حشكوه,دليجان طلايي شكوه پارس,386,8674585,25901452530,3069,3079,3000,-69,-2.25,2986,-83,-2.7,2977,3079,1400-8-12,2021-11-03
378,تسه9912,امتياز تسهيلات مسكن اسفند99,384,5099,3605269512,706746,700000,742083,35337,5,707054,308,0.04,685799,742083,1400-8-12,2021-11-03
379,خپويش,سازه‌ پويش‌,383,569568,48092750960,80540,84500,84560,4020,4.99,84440,3900,4.84,82260,84560,1400-8-12,2021-11-03
380,شخارك,پتروشيمي‌ خارك‌,383,718978,39632169490,54320,54610,55600,1280,2.36,54660,340,0.63,54610,55700,1400-8-12,2021-11-03
381,كاردان,صندوق س تجارت شاخصي كاردان,379,78261,15473616820,193780,192000,200860,7080,3.65,197720,3940,2.03,192000,200990,1400-8-12,2021-11-03
382,لازما,كارخانه هاي صنعتي آزمايش,378,1712219,45898794036,26069,26400,26851,782,3,26807,738,2.83,26070,26851,1400-8-12,2021-11-03
383,غچين,كشت‌ و صنعت‌ چين‌ چين,376,1360182,18389741860,13450,13840,13670,220,1.64,13520,70,0.52,12890,13840,1400-8-12,2021-11-03
384,زكشت,كشاورزي مكانيزه اصفهان كشت,376,659945,13569322713,20222,20000,20820,598,2.96,20558,336,1.66,20000,20980,1400-8-12,2021-11-03
385,غگلستا,شير پاستوريزه پگاه گلستان,375,1142179,15144644325,12691,13325,13325,634,5,13156,465,3.66,12834,13325,1400-8-12,2021-11-03
386,تسه0001,امتيازتسهيلات مسكن فروردين1400,374,8283,5825425100,704114,702000,710000,5886,0.84,703299,-815,-0.12,690000,719000,1400-8-12,2021-11-03
387,داوه,داروسازي آوه سينا,374,872552,10056198301,11069,11330,11620,551,4.98,11388,319,2.88,11000,11622,1400-8-12,2021-11-03
388,غمهرا,توليدي‌مهرام‌,373,351814,14991510250,42440,42490,43200,760,1.79,42610,170,0.4,41600,43990,1400-8-12,2021-11-03
389,تنوين,تامين سرمايه نوين,373,2816518,14798456890,5080,5220,5330,250,4.92,5160,80,1.57,5080,5330,1400-8-12,2021-11-03
390,ميدكو,توسعه معادن وص.معدني خاورميانه,372,1224928,57105341360,46610,46620,46630,20,0.04,46610,0,0,46610,46770,1400-8-12,2021-11-03
391,شدوص,دوده‌ صنعتي‌ پارس‌,372,1172437,24257253630,20000,19620,21000,1000,5,20690,690,3.45,19620,21000,1400-8-12,2021-11-03
392,سشرق,سيمان‌ شرق‌,370,1497577,11430999020,7410,7210,7780,370,4.99,7580,170,2.29,7210,7780,1400-8-12,2021-11-03
393,وآرين,شركت توسعه اقتصادي آرين,364,3982902,8476161366,2112,2060,2138,26,1.23,2126,14,0.66,2060,2160,1400-8-12,2021-11-03
394,كطبس,ذغال‌سنگ‌ نگين‌ ط‌بس‌,364,602344,29957567830,48150,47520,50550,2400,4.98,49730,1580,3.28,47520,50550,1400-8-12,2021-11-03
395,شنفت,نفت‌ پارس‌,363,1671456,13322966010,7840,8090,7900,60,0.77,7870,30,0.38,7700,8090,1400-8-12,2021-11-03
396,دعبيد,لابراتوارداروسازي‌  دكترعبيدي‌,363,817695,17881278510,21670,21940,21880,210,0.97,21760,90,0.42,21510,22390,1400-8-12,2021-11-03
397,سكرد,سيمان كردستان,362,2091892,11279821150,5350,5220,5550,200,3.74,5380,30,0.56,5090,5550,1400-8-12,2021-11-03
398,ضخود1049,اختيارخ خودرو-1400-1400/10/08,360,12125,6297957000,451,470,525,74,16.41,519,68,15.08,470,530,1400-8-12,2021-11-03
399,وساپا,سرمايه‌گذاري‌ سايپا,360,6960433,30050983063,4113,4318,4318,205,4.98,4317,204,4.96,4280,4318,1400-8-12,2021-11-03
400,سدشت,صنايع سيمان دشتستان,354,289203,10357168730,36020,34450,36390,370,1.03,35890,-130,-0.36,34450,36500,1400-8-12,2021-11-03
401,غگلپا,شير پاستوريزه پگاه گلپايگان,353,539446,29449584023,52708,54420,54700,1992,3.78,54592,1884,3.57,51210,55343,1400-8-12,2021-11-03
402,سپر,صندوق س سپر سرمايه بيدار- ثابت,353,8158576,106643185229,13057,13067,13069,12,0.09,13071,14,0.11,13066,13098,1400-8-12,2021-11-03
403,سكه0012پ01,تمام سكه طرح جديد0012رفاه,352,105300,123395642600,1169031,1166666,1177995,8964,0.77,1171848,2817,0.24,1160000,1177999,1400-8-12,2021-11-03
404,زفكا,كشت و دامداري فكا,352,3556413,26284178906,7069,7199,7422,353,4.99,7391,322,4.56,7076,7422,1400-8-12,2021-11-03
405,پلاسك,پلاسكوكار,352,3464154,15856086638,4397,4525,4616,219,4.98,4577,180,4.09,4450,4616,1400-8-12,2021-11-03
406,دفارا,داروسازي‌ فارابي‌,349,1421395,21712248020,15070,15100,15200,130,0.86,15280,210,1.39,15090,15850,1400-8-12,2021-11-03
407,كارين,صندوق س نگين سامان-ثابت,349,11986941,120649378264,10059,10066,10066,7,0.07,10065,6,0.06,10064,10067,1400-8-12,2021-11-03
408,دبالك,مواد اوليه دارويي البرز بالك,348,1585735,13365218353,8069,8458,8472,403,4.99,8399,330,4.09,8155,8472,1400-8-12,2021-11-03
409,ضصاد8031,اختيارخ وبصادر-1789-1400/08/12,347,18798,660092000,14,20,74,60,428.57,35,21,150,6,74,1400-8-12,2021-11-03
410,ثغرب,شركت سرمايه گذاري مسكن شمالغرب,343,2329855,9159246381,3840,3970,3999,159,4.14,3898,58,1.51,3820,3999,1400-8-12,2021-11-03
411,خفنر,فنرسازي‌خاور,342,3939787,30221324520,7340,7600,7700,360,4.9,7670,330,4.5,7360,7700,1400-8-12,2021-11-03
412,پكرمان,گروه‌ صنعتي‌ بارز,341,1371876,31556516040,22020,22890,23120,1100,5,23000,980,4.45,22030,23120,1400-8-12,2021-11-03
413,فسازان,غلتك سازان سپاهان,339,584063,14487627680,24230,25000,25020,790,3.26,24800,570,2.35,23590,25330,1400-8-12,2021-11-03
414,مفاخر,توسعه فناوري اطلاعات خوارزمي,339,390371,11292620325,28578,28000,29000,422,1.48,28859,281,0.98,27860,29689,1400-8-12,2021-11-03
415,سخاش,سيمان‌خاش‌,339,172772,16118719990,89510,90000,93980,4470,4.99,93290,3780,4.22,90000,93980,1400-8-12,2021-11-03
416,حتوكا,حمل‌ونقل‌توكا,338,897285,10858375180,11650,12160,12230,580,4.98,11980,330,2.83,11690,12230,1400-8-12,2021-11-03
417,وصندوق,سرمايه‌گذاري‌صندوق‌بازنشستگي‌,336,3122447,58176380860,18440,18410,18810,370,2.01,18540,100,0.54,18400,18880,1400-8-12,2021-11-03
418,چفيبر,فيبر ايران‌,335,2715577,15961120030,5750,5750,5990,240,4.17,5880,130,2.26,5640,6020,1400-8-12,2021-11-03
419,پاسا,ايران‌ياساتايرورابر,329,1624309,24388875660,14410,14680,15130,720,5,15010,600,4.16,14190,15130,1400-8-12,2021-11-03
420,سمايه,بانك سرمايه,327,5765338,35531778094,5984,6163,6163,179,2.99,6163,179,2.99,6163,6163,1400-8-12,2021-11-03
421,سپاها,سيمان‌سپاهان‌,327,1808859,15972707920,8630,8990,8890,260,3.01,8830,200,2.32,8610,8990,1400-8-12,2021-11-03
422,كگهر,سنگ آهن گهرزمين,327,1799161,83992199267,44468,46690,46691,2223,5,45945,1477,3.32,45600,46691,1400-8-12,2021-11-03
423,ولصنم,ليزينگ‌صنعت‌ومعدن‌,323,2724794,12264092289,4331,4400,4547,216,4.99,4466,135,3.12,4294,4547,1400-8-12,2021-11-03
424,آكورد,صندوق س. آرمان آتي كوثر-د,322,5717368,200110027456,34983,35000,34999,16,0.05,35000,17,0.05,34999,35006,1400-8-12,2021-11-03
425,كهمدا,شيشه‌ همدان‌,321,1423159,12435528970,8520,8680,8860,340,3.99,8700,180,2.11,8500,8890,1400-8-12,2021-11-03
426,قلرست,قند لرستان‌,320,702823,12708773070,18010,18380,18480,470,2.61,18080,70,0.39,17780,18500,1400-8-12,2021-11-03
427,وسبحان,سرمايه گذاري سبحان,320,7588895,21381010805,2716,2820,2851,135,4.97,2817,101,3.72,2680,2851,1400-8-12,2021-11-03
428,ريشمك,توليد و صادرات ريشمك,320,462990,12695653074,26404,26500,27724,1320,5,27300,896,3.39,26481,27724,1400-8-12,2021-11-03
429,دامين,داروسازي‌ امين‌,319,7153541,20028866608,2688,2755,2822,134,4.99,2800,112,4.17,2645,2822,1400-8-12,2021-11-03
430,مرقام,ايران‌ارقام‌,317,1853223,22031707130,11470,11600,12040,570,4.97,11890,420,3.66,11260,12040,1400-8-12,2021-11-03
431,فلامي,لاميران‌,316,771402,13130355790,16280,16400,17090,810,4.98,16910,630,3.87,16400,17090,1400-8-12,2021-11-03
432,تكنو,تكنوتار,312,1748486,17006090740,9430,9410,9560,130,1.38,9730,300,3.18,9410,9900,1400-8-12,2021-11-03
433,لخزر,پارس‌ خزر,312,96138,12354685720,126810,126510,128500,1690,1.33,128320,1510,1.19,123000,131000,1400-8-12,2021-11-03
434,تسه9810,امتياز تسهيلات مسكن دي98,310,11408,8001049222,706255,686122,697210,-9045,-1.28,701354,-4901,-0.69,686122,714000,1400-8-12,2021-11-03
435,درهآور,دارويي ره آورد تامين,309,432264,8753143123,19776,20240,20488,712,3.6,20075,299,1.51,19240,20600,1400-8-12,2021-11-03
436,دتماد,توليدمواداوليه‌داروپخش‌,307,464851,20472394710,43640,44500,44690,1050,2.41,44040,400,0.92,43600,44760,1400-8-12,2021-11-03
437,سيلام,سيمان‌ ايلام‌,306,2408953,12802547960,5090,5150,5340,250,4.91,5280,190,3.73,4990,5340,1400-8-12,2021-11-03
438,مارون,پتروشيمي مارون,305,34565,6301762916,182687,177100,182790,103,0.06,182663,-24,-0.01,177100,184550,1400-8-12,2021-11-03
439,تسه9911,امتياز تسهيلات مسكن بهمن99,299,3989,2837757810,714226,700000,720000,5774,0.81,711396,-2830,-0.4,691111,748999,1400-8-12,2021-11-03
440,كصدف,كاشي صدف سرام استقلال آباده,299,1030644,22211761807,21913,21256,21621,-292,-1.33,21551,-362,-1.65,21256,22530,1400-8-12,2021-11-03
441,قشهد,شهد,298,1156406,15672944810,13380,13060,13830,450,3.36,13550,170,1.27,13060,13900,1400-8-12,2021-11-03
442,دكوثر,داروسازي‌ كوثر,298,2175805,7144458242,3195,3270,3300,105,3.29,3239,44,1.38,3150,3349,1400-8-12,2021-11-03
443,فبيرا,بسته‌ بندي‌ ايران‌,298,3870513,6493686770,1647,1670,1693,46,2.79,1668,21,1.28,1620,1696,1400-8-12,2021-11-03
444,آوا,صندوق س.سهام آواي معيار-س,297,1128623,9013858953,7913,8065,8066,153,1.93,7987,74,0.94,7890,8146,1400-8-12,2021-11-03
445,وتعاون,بيمه  تعاون,293,6866027,12192841378,1820,1828,1777,-43,-2.36,1776,-44,-2.42,1766,1828,1400-8-12,2021-11-03
446,كفرآور,فرآورده هاي سيمان شرق,293,1523797,23798112925,15200,15100,15656,456,3,15618,418,2.75,15050,15656,1400-8-12,2021-11-03
447,اوان,مبين وان كيش,293,652834,14762654876,21661,21042,22744,1083,5,22566,905,4.18,21042,22744,1400-8-12,2021-11-03
448,تسه9910,امتياز تسهيلات مسكن دي99,293,4158,2928692905,707282,700000,720000,12718,1.8,704351,-2931,-0.41,676000,720000,1400-8-12,2021-11-03
449,شكلر,نيروكلر,292,773060,21322420040,26330,26410,27640,1310,4.98,27580,1250,4.75,26410,27640,1400-8-12,2021-11-03
450,تپمپي,پمپ‌ سازي‌ ايران‌,292,1371099,20919804460,14700,14550,15430,730,4.97,15260,560,3.81,14550,15430,1400-8-12,2021-11-03
451,بساما,بيمه سامان,292,341979,7200245856,20681,20550,21492,811,3.92,20836,155,0.75,20150,21700,1400-8-12,2021-11-03
452,زماهان,مجتمع توليد گوشت مرغ ماهان,292,1674866,11227038018,6429,6740,6750,321,4.99,6640,211,3.28,6550,6750,1400-8-12,2021-11-03
453,ثعمرا,عمران و توسعه شاهد,291,1940936,14667211002,7289,7020,7653,364,4.99,7545,256,3.51,7020,7653,1400-8-12,2021-11-03
454,دجابر,داروسازي‌ جابرابن‌حيان‌,290,1358605,17554543610,12420,12600,13040,620,4.99,12920,500,4.03,11950,13040,1400-8-12,2021-11-03
455,واميد,گروه مديريت سرمايه گذاري اميد,286,3744202,47162508640,12550,12550,12680,130,1.04,12570,20,0.16,12550,12840,1400-8-12,2021-11-03
456,پلوله,گازلوله‌,283,602652,15267120638,25812,26290,25038,-774,-3,25333,-479,-1.86,25038,26290,1400-8-12,2021-11-03
457,سبهان,سيمان‌ بهبهان‌,283,263110,12637690890,45890,47680,48180,2290,4.99,47680,1790,3.9,46100,48180,1400-8-12,2021-11-03
458,غبشهر,صنعتي‌ بهشهر,281,1150017,27767212430,23010,24000,24160,1150,5,24100,1090,4.74,23170,24160,1400-8-12,2021-11-03
459,وتوسم,سرمايه‌گذاري‌توسعه‌ملي‌,281,1686198,13502346380,7700,7800,8080,380,4.94,7960,260,3.38,7710,8080,1400-8-12,2021-11-03
460,سصوفي,سيمان‌ صوفيان‌,280,925904,14650738000,15290,15080,16050,760,4.97,15810,520,3.4,15080,16050,1400-8-12,2021-11-03
461,صايند,صندوق س. گنجينه آينده روشن-د,278,2975070,29725568980,10022,10001,9998,-24,-0.24,9992,-30,-0.3,9980,10017,1400-8-12,2021-11-03
462,فالوم,آلومتك‌,277,996953,24708511839,25503,24738,25100,-403,-1.58,24784,-719,-2.82,24738,25921,1400-8-12,2021-11-03
463,بنيرو,نيروترانس‌,276,5609237,10558883163,1843,1803,1901,58,3.15,1871,28,1.52,1803,1930,1400-8-12,2021-11-03
464,شوينده,مديريت صنعت شوينده ت.ص.بهشهر,276,794826,15304283150,18540,18500,19290,750,4.05,19250,710,3.83,18180,19460,1400-8-12,2021-11-03
465,فولاژ,فولاد آلياژي ايران,276,739529,11957111960,16050,16050,16240,190,1.18,16070,20,0.12,16050,16370,1400-8-12,2021-11-03
466,ساربيل,سيمان آرتا اردبيل,275,444563,11903456520,26240,27000,27290,1050,4,26690,450,1.71,26320,27300,1400-8-12,2021-11-03
467,حپترو,حمل و نقل پتروشيمي( سهامي عام,275,363481,8009133710,21320,22250,22170,850,3.99,21700,380,1.78,21470,22250,1400-8-12,2021-11-03
468,وحكمت,بيمه حكمت صبا,274,5530659,21595646271,3817,3785,3931,114,2.99,3905,88,2.31,3704,3931,1400-8-12,2021-11-03
469,وسين,بيمه سينا,274,7149270,26263501371,3643,3739,3671,28,0.77,3674,31,0.85,3605,3739,1400-8-12,2021-11-03
470,زپارس,ملي كشت و صنعت و دامپروري پارس,273,180669,18523452060,101130,103140,103110,1980,1.96,102530,1400,1.38,99620,104510,1400-8-12,2021-11-03
471,دحاوي,الحاوي,270,2285778,10747798051,4622,4645,4760,138,2.99,4702,80,1.73,4500,4760,1400-8-12,2021-11-03
472,وبشهر,توسعه‌ صنايع‌ بهشهر(هلدينگ,270,2718223,36096319480,13030,12910,13320,290,2.23,13240,210,1.61,12910,13440,1400-8-12,2021-11-03
473,غپاك,لبنيات‌ پاك‌,269,1033666,12444181660,11760,11620,12000,240,2.04,12000,240,2.04,11620,12200,1400-8-12,2021-11-03
474,واتي,سرمايه‌ گذاري‌ آتيه‌ دماوند,268,2894025,30508911200,10260,10580,10600,340,3.31,10540,280,2.73,10110,10760,1400-8-12,2021-11-03
475,ضسپا8041,اختيارخ خساپا-1600-1400/08/26,267,11639,1032063000,61,80,105,44,72.13,89,28,45.9,65,108,1400-8-12,2021-11-03
476,نمرينو,ايران‌ مرينوس‌,266,89344,7226169160,78970,78800,82180,3210,4.06,79960,990,1.25,77030,82700,1400-8-12,2021-11-03
477,تسه9909,امتياز تسهيلات مسكن آذر99,266,3961,2785653387,705595,690000,719000,13405,1.9,703270,-2325,-0.33,685005,719000,1400-8-12,2021-11-03
478,شپاكسا,پاكسان‌,266,893187,15030155900,16190,16500,16800,610,3.77,16830,640,3.95,16090,16990,1400-8-12,2021-11-03
479,خبازرس,بازرسي مهندسي و صنعتي ايران,266,330529,7822235057,23262,23940,23720,458,1.97,23591,329,1.41,23270,23940,1400-8-12,2021-11-03
480,شفارا,پتروشيمي فارابي,265,3824344,33623632448,9063,8792,8792,-271,-2.99,8792,-271,-2.99,8792,8792,1400-8-12,2021-11-03
481,ثاصفا,شركت‌ ساختمان‌ اصفهان‌,265,483272,6288842665,12655,13010,13034,379,2.99,12881,226,1.79,12800,13034,1400-8-12,2021-11-03
482,سفار,سيمان‌فارس‌,265,111972,6100075250,54000,54000,54900,900,1.67,54200,200,0.37,53000,55840,1400-8-12,2021-11-03
483,سمازن,سيمان‌مازندران‌,263,910822,12901438420,13630,13750,14310,680,4.99,14080,450,3.3,13440,14310,1400-8-12,2021-11-03
484,ددام,داروسازي زاگرس فارمد پارس,263,1365348,14313302110,10070,9750,10570,500,4.97,10480,410,4.07,9750,10570,1400-8-12,2021-11-03
485,سجام,مجتمع سيمان غرب آسيا,262,2679376,7822521788,2967,2955,2930,-37,-1.25,2929,-38,-1.28,2883,3048,1400-8-12,2021-11-03
486,وارس,سرمايه گذاري ارس صبا,261,874983,9822179188,10908,11190,11235,327,3,11225,317,2.91,11170,11235,1400-8-12,2021-11-03
487,بموتو,موتوژن‌,260,214760,15932736810,70820,71500,74360,3540,5,73480,2660,3.76,71500,74360,1400-8-12,2021-11-03
488,زشگزا,شير و گوشت زاگرس شهركرد,259,2371225,11760591051,4777,4882,5015,238,4.98,4918,141,2.95,4779,5015,1400-8-12,2021-11-03
489,كمنگنز,معادن‌منگنزايران‌,259,137221,8777710820,62270,62290,64800,2530,4.06,63260,990,1.59,61990,65000,1400-8-12,2021-11-03
490,شپاس,نفت پاسارگاد,258,543339,9157893612,16472,16878,17010,538,3.27,16689,217,1.32,16380,17120,1400-8-12,2021-11-03
491,تايرا,تراكتورسازي‌ايران‌,257,1099598,25603507030,22290,23400,23400,1110,4.98,23140,850,3.81,22650,23400,1400-8-12,2021-11-03
492,غديس,پاكديس,257,1310731,14380005596,10495,10230,11019,524,4.99,10971,476,4.54,10230,11019,1400-8-12,2021-11-03
493,زمگسا,كشاورزي‌ ودامپروي‌ مگسال‌,255,559844,9729295990,16690,17000,17520,830,4.97,17150,460,2.76,16610,17520,1400-8-12,2021-11-03
494,كخاك,صنايع‌خاك‌چيني‌ايران‌,255,1353155,36670370270,25870,26860,27160,1290,4.99,27100,1230,4.75,25610,27160,1400-8-12,2021-11-03
495,شرانل,نفت ايرانول,254,525689,24768532562,45907,47380,47280,1373,2.99,46702,795,1.73,45100,47800,1400-8-12,2021-11-03
496,خاذين,سايپاآذين‌,253,4279216,10913711082,2444,2530,2566,122,4.99,2521,77,3.15,2400,2566,1400-8-12,2021-11-03
497,خكرمان,گروه اقتصادي كرمان خودرو,253,4648637,11885452526,2485,2503,2559,74,2.98,2557,72,2.9,2503,2559,1400-8-12,2021-11-03
498,كاريس,صندوق س.سپهر كاريزما-س,252,888140,11798091724,13083,13001,13476,393,3,13284,201,1.54,13001,13488,1400-8-12,2021-11-03
499,عيار,صندوق سكه طلاي مفيد,250,653570,19463385303,29643,29800,29850,207,0.7,29780,137,0.46,29558,29950,1400-8-12,2021-11-03
500,آبين,كشت و صنعت آبشيرين,248,3246926,5920762753,1777,1740,1830,53,2.98,1806,29,1.63,1740,1830,1400-8-12,2021-11-03
501,سخزر,سيمان‌ خزر,248,930116,19294588210,19950,19540,20800,850,4.26,20740,790,3.96,19540,20940,1400-8-12,2021-11-03
502,دشيمي,شيمي‌ داروئي‌ داروپخش‌,247,710982,17718153600,24410,24620,24900,490,2.01,24920,510,2.09,24410,25170,1400-8-12,2021-11-03
503,كحافظ,كاشي‌ وسراميك‌ حافظ‌,245,4834297,16484911695,3259,3421,3421,162,4.97,3410,151,4.63,3271,3421,1400-8-12,2021-11-03
504,شفا,سرمايه گذاري شفادارو,245,694758,30506823780,41820,43910,43910,2090,5,43910,2090,5,43910,43910,1400-8-12,2021-11-03
505,كفرا,فراورده‌ هاي‌ نسوزايران‌,245,460461,7941316950,16980,16440,17130,150,0.88,17120,140,0.82,16440,17540,1400-8-12,2021-11-03
506,تصميم,صندوق س با درآمد ثابت تصميم,244,2170588,38755158349,17839,17848,17857,18,0.1,17855,16,0.09,17842,17863,1400-8-12,2021-11-03
507,خديزل,بهمن  ديزل,242,273422,14002526557,49062,51480,51500,2438,4.97,50532,1470,3,49270,51515,1400-8-12,2021-11-03
508,اعتلا,شركت سرمايه گذاري اعتلاء البرز,240,1941633,6899193184,3395,3421,3564,169,4.98,3470,75,2.21,3421,3564,1400-8-12,2021-11-03
509,دسبحا,گروه دارويي سبحان,240,854897,15863546560,17920,18650,18690,770,4.3,18340,420,2.34,17690,18810,1400-8-12,2021-11-03
510,لسرما,سرما آفرين‌,238,765941,12804348590,16170,16380,16970,800,4.95,16650,480,2.97,15930,16970,1400-8-12,2021-11-03
511,فكمند,گسترش قطعه سازي كمند,237,565906,17388988557,31537,31164,30591,-946,-3,30728,-809,-2.57,30591,31171,1400-8-12,2021-11-03
512,پخش,پخش البرز,236,1308594,33299521241,24281,24962,25495,1214,5,25447,1166,4.8,24900,25495,1400-8-12,2021-11-03
513,ثباغ,شهر سازي و خانه سازي باغميشه,235,1272799,11184500529,8527,8600,8909,382,4.48,8725,198,2.32,8561,8953,1400-8-12,2021-11-03
514,پارسيان,بيمه پارسيان,234,2089247,19384090670,9170,9300,9270,100,1.09,9280,110,1.2,9030,9410,1400-8-12,2021-11-03
515,ركيش,كارت اعتباري ايران كيش,234,1027006,5579197540,5320,5120,5400,80,1.5,5360,40,0.75,5120,5580,1400-8-12,2021-11-03
516,ثجوان,تامين مسكن جوانان,234,928620,5744390840,6026,6130,6206,180,2.99,6120,94,1.56,6009,6206,1400-8-12,2021-11-03
517,غشان,شيرپاستوريزه‌پگاه‌خراسان‌,233,1504976,7173671322,4628,4858,4810,182,3.93,4696,68,1.47,4700,4858,1400-8-12,2021-11-03
518,بمپنا,توليد برق عسلويه  مپنا,233,1842839,9483018556,5013,5070,5169,156,3.11,5092,79,1.58,5000,5220,1400-8-12,2021-11-03
519,ثشرق,سرمايه گذاري مسكن شمال شرق,233,4326045,17221375170,3800,3910,3990,190,5,3981,181,4.76,3729,3990,1400-8-12,2021-11-03
520,غشهد,شهد ايران ‌,230,2568938,10740469387,3991,4170,4190,199,4.99,4126,135,3.38,4054,4190,1400-8-12,2021-11-03
521,ضخود1050,اختيارخ خودرو-1600-1400/10/08,230,8495,3076483000,300,300,372,72,24,362,62,20.67,300,380,1400-8-12,2021-11-03
522,وتوس,توسعه‌شهري‌توس‌گستر,230,1146849,12970487350,10790,11320,11320,530,4.91,11250,460,4.26,11010,11320,1400-8-12,2021-11-03
523,خكاوه,سايپا ديزل,230,3939704,14087525504,3472,3576,3576,104,3,3576,104,3,3491,3576,1400-8-12,2021-11-03
524,شگل,گلتاش‌,229,591866,3960289620,6600,6500,6720,120,1.82,6620,20,0.3,6500,6800,1400-8-12,2021-11-03
525,تكمبا,كمباين‌ سازي‌ ايران‌,229,3571108,15490834826,4147,4255,4354,207,4.99,4330,183,4.41,4250,4354,1400-8-12,2021-11-03
526,زعف0008پ10,زعفران0008نگين طلاي سرخ(پ),225,245721,48435495150,186871,195949,197613,10742,5.75,197116,10245,5.48,192000,197613,1400-8-12,2021-11-03
527,سيدكو,سرمايه گذاري توسعه صنايع سيمان,222,2117055,13135265920,6010,5920,6150,140,2.33,6170,160,2.66,5920,6310,1400-8-12,2021-11-03
528,كمينا,شيشه سازي مينا,222,1675502,15719028127,9137,9300,9411,274,3,9382,245,2.68,9020,9411,1400-8-12,2021-11-03
529,دسبحان,سبحان دارو,221,475872,7272186930,14610,14810,15340,730,5,14930,320,2.19,14810,15340,1400-8-12,2021-11-03
530,حسينا,توسعه خدمات دريايي وبندري سينا,217,240909,10594388751,43517,44799,44381,864,1.99,43858,341,0.78,43400,45600,1400-8-12,2021-11-03
531,لبوتان,گروه‌صنعتي‌بوتان‌,216,427744,18397881620,41100,41690,43150,2050,4.99,43010,1910,4.65,41690,43150,1400-8-12,2021-11-03
532,كپرور,فرآوري زغال سنگ پروده طبس,216,381445,11738318231,30299,29312,31219,920,3.04,30689,390,1.29,29312,31228,1400-8-12,2021-11-03
533,فنفتح,ح . صنايع تجهيزات نفت,213,914298,8706568157,9813,9522,9519,-294,-3,9523,-290,-2.96,9519,9779,1400-8-12,2021-11-03
534,اتكامح,ح . بيمه اتكايي امين,213,1303223,2498460412,1917,1896,1929,12,0.63,1917,0,0,1896,1940,1400-8-12,2021-11-03
535,ضجار1022,اختيارخ وتجارت-2000-1400/10/15,213,9411,1616008000,160,150,219,59,36.88,172,12,7.5,150,229,1400-8-12,2021-11-03
536,پرداخت,به پرداخت ملت,211,608592,8119345280,12870,12910,13500,630,4.9,13110,240,1.86,12750,13510,1400-8-12,2021-11-03
537,چافست,افست‌,211,592086,5287500350,8730,8490,9040,310,3.55,8800,70,0.8,8490,9070,1400-8-12,2021-11-03
538,ثبات,صندوق س. ثبات ويستا -د,211,10064739,103837929756,10310,10317,10318,8,0.08,10317,7,0.07,10317,10318,1400-8-12,2021-11-03
539,تسه9907,امتياز تسهيلات مسكن مهر99,211,3969,2801997616,703853,671222,710000,6147,0.87,705971,2118,0.3,671222,730000,1400-8-12,2021-11-03
540,سقاين,سيمان‌ قائن‌,210,120844,5795777340,47110,46480,48490,1380,2.93,47460,350,0.74,46480,48960,1400-8-12,2021-11-03
541,پارتا,مجتمع‌صنعتي‌آرتاويل‌تاير,210,379766,9537109574,25883,25107,25490,-393,-1.52,25551,-332,-1.28,25107,25635,1400-8-12,2021-11-03
542,تسه9902,امتياز تسهيلات مسكن ارديبهشت99,207,4424,3113873375,705714,695000,725000,19286,2.73,703859,-1855,-0.26,675005,725000,1400-8-12,2021-11-03
543,خزر,فنرسازي‌زر,206,777538,9034991560,11070,11620,11620,550,4.97,11410,340,3.07,11620,11620,1400-8-12,2021-11-03
544,دبالكح,ح.مواد اوليه دارويي البرز بالك,202,1011057,5998900690,5662,5670,5945,283,5,5933,271,4.79,5670,5945,1400-8-12,2021-11-03
545,تكنار,مجتمع معادن مس تكنار,201,116105,6679372071,58106,56750,57361,-745,-1.28,57691,-415,-0.71,56750,59800,1400-8-12,2021-11-03
546,ضسپا8042,اختيارخ خساپا-1800-1400/08/26,200,9273,260890000,15,5,27,12,80,28,13,86.67,5,44,1400-8-12,2021-11-03
547,لابسا,آبسال‌,200,368446,11810188920,30620,32000,32150,1530,5,31710,1090,3.56,31200,32150,1400-8-12,2021-11-03
548,زعف0110پ11,زعفران0110نگين سحرخيز(پ),200,211603,54924198041,252132,255116,261498,9366,3.71,259562,7430,2.95,250001,263898,1400-8-12,2021-11-03
549,امينح,ح . تامين سرمايه امين,200,1312277,13057156150,4650,9950,9950,5300,113.98,9950,5300,113.98,9950,9950,1400-8-12,2021-11-03
550,خاور,ايران خودرو ديزل,199,3723454,26339713596,6868,7074,7074,206,3,7074,206,3,7074,7074,1400-8-12,2021-11-03
551,شكبير,پتروشيمي اميركبير,196,124636,11908709239,95904,95904,97500,1596,1.66,95860,-44,-0.05,93091,98770,1400-8-12,2021-11-03
552,دابور,داروسازي‌ ابوريحان‌,195,642989,16407213430,24350,25550,25560,1210,4.97,25520,1170,4.8,24600,25560,1400-8-12,2021-11-03
553,فخاس,فولاد خراسان,194,440757,11024533560,24870,25590,24800,-70,-0.28,24890,20,0.08,24800,25610,1400-8-12,2021-11-03
554,ثامان,سامان‌ گستراصفهان‌,193,746587,7725113740,9950,9610,10440,490,4.92,10150,200,2.01,9610,10440,1400-8-12,2021-11-03
555,خشرق,الكتريك‌ خودرو شرق‌,192,998031,15837718160,15130,15850,15880,750,4.96,15840,710,4.69,15440,15880,1400-8-12,2021-11-03
556,خمهر,مهركام‌پارس‌,191,9795848,16721483659,1626,1707,1707,81,4.98,1707,81,4.98,1705,1707,1400-8-12,2021-11-03
557,تپولا,مهندسي مرآت پولاد,190,514561,9293040617,18566,18010,18010,-556,-2.99,18060,-506,-2.73,18010,18700,1400-8-12,2021-11-03
558,وايرا,سرمايه گذاري صنايع ايران,189,1357858,7379719329,5486,5324,5550,64,1.17,5447,-39,-0.71,5324,5610,1400-8-12,2021-11-03
559,دارو,كارخانجات‌داروپخش‌,189,335293,9829683950,28920,28900,29750,830,2.87,29140,220,0.76,27700,29780,1400-8-12,2021-11-03
560,سباقر,سيمان باقران,188,714118,10838992322,14858,14550,15303,445,3,15178,320,2.15,14550,15303,1400-8-12,2021-11-03
561,ثزاگرس,سرمايه گذاري توسعه عمران زاگرس,185,192455,6345036990,32499,30885,34123,1624,5,32812,313,0.96,30885,34123,1400-8-12,2021-11-03
562,فوكا,فولاد كاويان,184,2419626,34914343895,14058,14010,14479,421,2.99,14430,372,2.65,14000,14479,1400-8-12,2021-11-03
563,معيار ,سرمايه گذاري معيار صنعت پارس,184,289325,14020964005,48774,47401,48697,-77,-0.16,48461,-313,-0.64,47401,49000,1400-8-12,2021-11-03
564,زبينا,كشاورزي و دامپروري بينالود,184,2137135,4568751458,2045,2051,2147,102,4.99,2072,27,1.32,2051,2147,1400-8-12,2021-11-03
565,فردا,صندوق س آواي فرداي زاگرس-ثابت,183,7712315,90499612853,11729,11734,11737,8,0.07,11734,5,0.04,11734,11737,1400-8-12,2021-11-03
566,سفانو,سيمان فارس نو,182,271167,6921783270,25020,25540,25510,490,1.96,25260,240,0.96,25030,26090,1400-8-12,2021-11-03
567,ضشنا8004,اختيارخ شپنا-10800-1400/08/16,182,2840,1158887000,398,380,440,42,10.55,408,10,2.51,300,490,1400-8-12,2021-11-03
568,زگلدشت,كشت و دام گلدشت نمونه اصفهان,181,714368,6424800498,8622,8999,9053,431,5,8778,156,1.81,8451,9053,1400-8-12,2021-11-03
569,ورنا,سرمايه‌گذاري‌ رنا(هلدينگ‌,181,5109653,14455208337,2695,2829,2829,134,4.97,2818,123,4.56,2829,2829,1400-8-12,2021-11-03
570,قپيرا,فرآورده‌هاي‌غدايي‌وقندپيرانشهر,181,616815,5210011060,8530,8180,8620,90,1.06,8500,-30,-0.35,8180,8700,1400-8-12,2021-11-03
571,سپ,پرداخت الكترونيك سامان كيش,178,228132,6982790750,30580,29310,31070,490,1.6,30580,0,0,29310,31320,1400-8-12,2021-11-03
572,وبهمن,سرمايه‌گذاري‌بهمن‌,177,456936,6840665650,14880,14520,15220,340,2.28,14920,40,0.27,14520,15230,1400-8-12,2021-11-03
573,دشيري,شيرين دارو,176,41931,6270726803,153572,149110,148965,-4607,-3,150904,-2668,-1.74,148965,154700,1400-8-12,2021-11-03
574,كيان2,صندوق س. با درآمد ثابت كيان,175,17500000,17500000,31356,1,1,-31355,-100,1,-31355,-100,1,1,1400-8-12,2021-11-03
575,غپآذر,شير پگاه آذربايجان شرقي,175,182274,6302112051,33673,34300,35000,1327,3.94,34081,408,1.21,32131,35219,1400-8-12,2021-11-03
576,آساميد,صندوق س.مشترك آسمان اميد -د,175,5001290,66686593531,13318,13326,13337,19,0.14,13334,16,0.12,13324,13337,1400-8-12,2021-11-03
577,پسهند,صنايع‌ لاستيكي‌  سهند,174,303508,7102246840,22590,22000,23700,1110,4.91,22970,380,1.68,22000,23700,1400-8-12,2021-11-03
578,داريوش,صندوق س. ثروت داريوش -س,172,643647,6241456420,9610,9640,9719,109,1.13,9697,87,0.91,9630,9770,1400-8-12,2021-11-03
579,سكرما,سيمان‌ كرمان‌,171,402627,5948112350,14250,14780,14900,650,4.56,14460,210,1.47,14520,14940,1400-8-12,2021-11-03
580,خمحور,توليدمحورخودرو,169,2192637,5306173370,2320,2387,2436,116,5,2355,35,1.51,2365,2436,1400-8-12,2021-11-03
581,فاما,صنعتي‌ آما,169,877505,15872858470,17260,17070,18120,860,4.98,18070,810,4.69,17070,18120,1400-8-12,2021-11-03
582,خموتور,موتورسازان‌تراكتورسازي‌ايران‌,169,1821721,11312887410,5920,6210,6210,290,4.9,6210,290,4.9,6210,6210,1400-8-12,2021-11-03
583,فيروزه,صندوق شاخص30 شركت فيروزه- سهام,167,109276,19153840870,172720,171230,175990,3270,1.89,175280,2560,1.48,171230,176000,1400-8-12,2021-11-03
584,افرا,افرانت,167,287740,4677482756,15709,16000,16300,591,3.76,15889,180,1.15,15400,16400,1400-8-12,2021-11-03
585,ساراب,سيمان‌ داراب‌,163,620862,10866852410,16880,17080,17420,540,3.2,17320,440,2.61,16820,17720,1400-8-12,2021-11-03
586,تسه9904,امتياز تسهيلات مسكن تير99,161,2609,1869964759,707937,700000,700170,-7767,-1.1,716736,8799,1.24,700000,743333,1400-8-12,2021-11-03
587,ولشرق,ليزينگ ايران و شرق,161,2000222,9082820260,4339,4555,4555,216,4.98,4455,116,2.67,4373,4555,1400-8-12,2021-11-03
588,وتوشه,سرمايه‌ گذاري‌ پارس‌ توشه‌,161,1028417,6110425490,5720,5610,6000,280,4.9,5810,90,1.57,5610,6000,1400-8-12,2021-11-03
589,قمرو,قند مرودشت‌,160,229289,5641580020,23670,22730,24850,1180,4.99,24020,350,1.48,22730,24850,1400-8-12,2021-11-03
590,درازك,دارويي‌ رازك‌,157,305271,10780976980,34640,34760,35420,780,2.25,35130,490,1.41,34750,35990,1400-8-12,2021-11-03
591,رتكو,كنترل‌خوردگي‌تكين‌كو,157,495559,4330093200,8550,8600,8670,120,1.4,8610,60,0.7,8560,8880,1400-8-12,2021-11-03
592,لوتوس,تامين سرمايه لوتوس پارسيان,156,702555,3900339390,5540,5520,5590,50,0.9,5540,0,0,5500,5620,1400-8-12,2021-11-03
593,بهپاك,صنعتي بهپاك,155,2909647,15389448529,5044,5296,5296,252,5,5289,245,4.86,5210,5296,1400-8-12,2021-11-03
594,ما,بيمه  ما,155,789289,4842203330,6090,6090,6220,130,2.13,6100,10,0.16,5880,6250,1400-8-12,2021-11-03
595,لوتوسح,ح . تامين سرمايه لوتوس پارسيان,155,1913121,8020290540,4200,4150,4230,30,0.71,4190,-10,-0.24,4150,4230,1400-8-12,2021-11-03
596,سخوز,سيمان خوزستان,154,401325,9630205310,23800,24270,24210,410,1.72,23920,120,0.5,23780,24330,1400-8-12,2021-11-03
597,گوهر,صندوق سكه طلاي كيان,150,502431,29543852639,58228,58500,58811,583,1,58802,574,0.99,58119,59100,1400-8-12,2021-11-03
598,ولغدر,ليزينگ‌خودروغدير,149,1109886,13415312910,11550,12100,12120,570,4.94,12050,500,4.33,11820,12120,1400-8-12,2021-11-03
599,ضصاد8030,اختيارخ وبصادر-1589-1400/08/12,148,5570,1241051000,182,150,275,93,51.1,223,41,22.53,150,298,1400-8-12,2021-11-03
600,مداران,داده‌پردازي‌ايران‌,148,533327,7260614600,13030,13100,13680,650,4.99,13330,300,2.3,13100,13680,1400-8-12,2021-11-03
601,خوساز,محورسازان‌ايران‌خودرو,147,2260463,15551985440,6560,6880,6880,320,4.88,6860,300,4.57,6880,6880,1400-8-12,2021-11-03
602,اتكام,بيمه اتكايي امين,147,1134103,4086670157,3551,3610,3601,50,1.41,3565,14,0.39,3551,3654,1400-8-12,2021-11-03
603,كشرق,صنعتي و معدني شمال شرق شاهرود,143,99806,7068454152,67565,70942,70943,3378,5,69088,1523,2.25,68012,70943,1400-8-12,2021-11-03
604,سامان,بانك سامان,143,5246860,33910456180,6275,6463,6463,188,3,6463,188,3,6463,6463,1400-8-12,2021-11-03
605,هجرت,پخش هجرت,142,259434,7363737808,27118,28000,28473,1355,5,27771,653,2.41,27022,28473,1400-8-12,2021-11-03
606,شصفها,پتروشيمي‌ اصفهان‌,141,97906,11951835123,122363,124090,122001,-362,-0.3,122128,-235,-0.19,120877,124090,1400-8-12,2021-11-03
607,غويتا,ويتانا,141,1977599,11564998952,5570,5848,5848,278,4.99,5757,187,3.36,5848,5848,1400-8-12,2021-11-03
608,كي بي سي,شركت كي بي سي,141,322238,5545042730,16708,16400,17350,642,3.84,16896,188,1.13,16400,17400,1400-8-12,2021-11-03
609,دالبر,البرزدارو,141,349257,4681361920,13140,13000,13330,190,1.45,13210,70,0.53,13000,13700,1400-8-12,2021-11-03
610,زرين,صندوق س. سهام زرين كوروش-س,140,657889,8587979860,12663,12659,13170,507,4,13054,391,3.09,12659,13170,1400-8-12,2021-11-03
611,تسه9808,امتياز تسهيلات مسكن آبان98,140,3843,2700830832,704247,715000,695000,-9247,-1.31,702792,-1455,-0.21,685000,715000,1400-8-12,2021-11-03
612,تسه9906,امتياز تسهيلات مسكن شهريور99,140,2005,1415227397,713508,700000,702000,-11508,-1.61,705849,-7659,-1.07,685555,748999,1400-8-12,2021-11-03
613,زر,صندوق س.پشتوانه سكه طلاي زر,139,97303,4976014554,50854,50300,51400,546,1.07,51139,285,0.56,50205,51598,1400-8-12,2021-11-03
614,شاملا,معدني‌ املاح‌  ايران‌,137,172569,5179461060,29250,29970,30210,960,3.28,29520,270,0.92,28520,30410,1400-8-12,2021-11-03
615,سهرمز,سيمان‌هرمزگان‌,136,217204,3401790010,15400,15490,15730,330,2.14,15460,60,0.39,15260,15840,1400-8-12,2021-11-03
616,بخاور,بيمه زندگي خاورميانه,135,1101071,4702880672,4250,4250,4334,84,1.98,4257,7,0.16,4197,4380,1400-8-12,2021-11-03
617,تشتاد,صنايع توليدي اشتاد ايران‌,135,906086,5084453837,5477,5323,5641,164,2.99,5544,67,1.22,5323,5641,1400-8-12,2021-11-03
618,دكيمي,كيميدارو,134,345968,6821627340,18990,19170,19920,930,4.9,19300,310,1.63,19170,19920,1400-8-12,2021-11-03
619,سهگمت,سيمان‌هگمتان‌,134,219010,4777825270,21250,21300,22000,750,3.53,21430,180,0.85,21300,22230,1400-8-12,2021-11-03
620,شكام,صنايع شيميايي كيمياگران امروز,132,483452,13889092508,27361,28729,28729,1368,5,28647,1286,4.7,28729,28729,1400-8-12,2021-11-03
621,زعف0110پ21,زعفران0110نگين ملل(پ),131,373897,95454930376,251297,261898,263797,12500,4.97,255297,4000,1.59,253000,263898,1400-8-12,2021-11-03
622,وبازار,صندوق س شاخصي بازارآشنا,126,521767,6347458480,12080,12000,12250,170,1.41,12170,90,0.75,11960,12400,1400-8-12,2021-11-03
623,سكه0011پ02,تمام سكه طرح جديد0011ملت,126,28900,33776793300,1168033,1168000,1175000,6967,0.6,1168747,714,0.06,1165000,1176000,1400-8-12,2021-11-03
624,تسه9903,امتياز تسهيلات مسكن خرداد99,125,2258,1619237584,713640,700000,700100,-13540,-1.9,717111,3471,0.49,690000,739999,1400-8-12,2021-11-03
625,سمتاز,سيمان ممتازان كرمان,123,227433,3628363364,15952,15869,16337,385,2.41,15953,1,0.01,15474,16417,1400-8-12,2021-11-03
626,ضسپا8040,اختيارخ خساپا-1400-1400/08/26,123,4732,1294262000,213,150,280,67,31.46,274,61,28.64,150,290,1400-8-12,2021-11-03
627,گوهران,سرمايه گذاري توسعه گوهران اميد,121,1121404,5595927887,4954,5040,5047,93,1.88,4967,13,0.26,4954,5069,1400-8-12,2021-11-03
628,وكادو,تكادو,120,491829,7839110992,15480,15700,15944,464,3,15851,371,2.4,15694,15944,1400-8-12,2021-11-03
629,وآفري,بيمه كارآفرين,120,2789390,9096651025,3242,3242,3270,28,0.86,3256,14,0.43,3169,3339,1400-8-12,2021-11-03
630,وآتوس,س.آرين توسكا قيمت اسمي 350ريال,120,185099,4542232602,25229,24473,24473,-756,-3,24804,-425,-1.68,24473,25700,1400-8-12,2021-11-03
631,اخزا910,اسنادخزانه-م10بودجه99-020807,118,388838,253958178408,652281,652607,654990,2709,0.42,653121,840,0.13,650000,655000,1400-8-12,2021-11-03
632,فاهواز,نورد و لوله اهواز,117,1087096,6300266793,5686,5799,5799,113,1.99,5739,53,0.93,5633,5799,1400-8-12,2021-11-03
633,ولبهمن,شركت بهمن ليزينگ,116,1931840,12358123925,6095,6250,6399,304,4.99,6347,252,4.13,6250,6399,1400-8-12,2021-11-03
634,تسه9905,امتياز تسهيلات مسكن مرداد99,116,2008,1442252518,712122,700000,736000,23878,3.35,718253,6131,0.86,690000,747700,1400-8-12,2021-11-03
635,وحافظح,ح . بيمه حافظ,114,2633049,9610628850,3544,3650,3650,106,2.99,3650,106,2.99,3650,3650,1400-8-12,2021-11-03
636,سدبير,س. تدبيرگران فارس وخوزستان,114,332505,10865418794,31300,32500,32865,1565,5,32234,934,2.98,31836,32865,1400-8-12,2021-11-03
637,تسه9812,امتياز تسهيلات مسكن اسفند98,114,1611,1133774880,706438,710000,700010,-6428,-0.91,703771,-2667,-0.38,675010,730000,1400-8-12,2021-11-03
638,قزوين,كارخانجات‌ قند قزوين‌,113,202944,5946358640,28830,30250,29310,480,1.66,29010,180,0.62,28600,30270,1400-8-12,2021-11-03
639,حپارسا,توسعه حمل و نقل ريلي پارسيان,112,540084,17542005517,31086,31220,32640,1554,5,32480,1394,4.48,30510,32640,1400-8-12,2021-11-03
640,تسه9811,امتياز تسهيلات مسكن بهمن98,110,2179,1540245635,708166,690511,698010,-10156,-1.43,706859,-1307,-0.18,690511,720000,1400-8-12,2021-11-03
641,قجام,فرآوردههاي غذايي وقندتربت‌جام‌,110,601518,3787116511,6174,6110,6297,123,1.99,6267,93,1.51,6110,6297,1400-8-12,2021-11-03
642,ماني,صندوق س. با درآمد ثابت ماني,109,1310058,13639697955,10407,10412,10411,4,0.04,10412,5,0.05,10411,10413,1400-8-12,2021-11-03
643,كاذر,فرآورده‌هاي‌نسوزآذر,107,457216,5654262870,11810,12200,12400,590,5,12020,210,1.78,12000,12400,1400-8-12,2021-11-03
644,زعف0110پ10,زعفران0110نگين طلاي سرخ(پ),106,325932,83283036103,250379,263898,262997,12618,5.04,255523,5144,2.05,253000,263898,1400-8-12,2021-11-03
645,لخانه,لوازم‌ خانگي‌ پارس‌,104,329509,6113761094,18974,18405,18405,-569,-3,18710,-264,-1.39,18405,19465,1400-8-12,2021-11-03
646,آساس,صندوق س.آسمان آرماني سهام-س,104,39810,6598809477,161966,163500,166141,4175,2.58,165758,3792,2.34,163500,168397,1400-8-12,2021-11-03
647,حخزر,كشتيراني درياي خزر,104,207660,3587398796,16771,17331,17280,509,3.04,16900,129,0.77,16151,17500,1400-8-12,2021-11-03
648,سپاس,صندوق س. پاداش سهامداري-ثابت,104,1921045,19508842239,10150,10154,10155,5,0.05,10155,5,0.05,10153,10157,1400-8-12,2021-11-03
649,فردا2,صندوق س آواي فرداي زاگرس-ثابت,104,10400000,10400000,11729,1,1,-11728,-99.99,1,-11728,-99.99,1,1,1400-8-12,2021-11-03
650,دفرا,فرآورده‌هاي‌ تزريقي‌ ايران‌,101,96320,2691472590,27730,27730,28000,270,0.97,27770,40,0.14,27030,28290,1400-8-12,2021-11-03
651,فن آوا,گروه فن آوا,101,274308,5865001463,20814,20436,21438,624,3,21136,322,1.55,20201,21438,1400-8-12,2021-11-03
652,تسه9809,امتياز تسهيلات مسكن آذر98,101,1729,1217482395,705267,690010,700027,-5240,-0.74,704154,-1113,-0.16,690010,709498,1400-8-12,2021-11-03
653,وامين,س. امين توان آفرين ساز,100,842040,10586598138,12835,12835,12500,-335,-2.61,12780,-55,-0.43,12450,12880,1400-8-12,2021-11-03
654,سبجنو,سيمان‌ بجنورد,98,93858,3338728260,35140,35140,36080,940,2.68,35240,100,0.28,34530,36500,1400-8-12,2021-11-03
655,وپخش,داروپخش‌ (هلدينگ‌,96,106988,3290346840,30100,30120,30800,700,2.33,30150,50,0.17,29090,31460,1400-8-12,2021-11-03
656,گنگين,اقتصادي نگين گردشگري ايرانيان,95,772211,19711441063,24790,25290,25533,743,3,25264,474,1.91,24530,25533,1400-8-12,2021-11-03
657,شساخت,مهندسي و ساختمان صنايع نفت,94,118637,4988532595,43346,42046,42046,-1300,-3,43193,-153,-0.35,42046,42990,1400-8-12,2021-11-03
658,آرمان,بيمه آرمان,92,598257,3657104026,6423,6102,6102,-321,-5,6304,-119,-1.85,6102,6220,1400-8-12,2021-11-03
659,تسه9901,امتياز تسهيلات مسكن فروردين99,92,1007,709110296,706872,675396,725000,18128,2.56,704181,-2691,-0.38,675396,725000,1400-8-12,2021-11-03
660,غپونه,نوش پونه مشهد,91,798135,10057548833,12247,12492,12614,367,3,12601,354,2.89,11901,12614,1400-8-12,2021-11-03
661,ولتجار,واسپاري تجارت وسرمايه ايرانيان,91,1795350,6452487900,3705,3594,3594,-111,-3,3634,-71,-1.92,3594,3594,1400-8-12,2021-11-03
662,خاتم,صندوق س خاتم ايساتيس پويا-ثابت,91,2512024,30765545628,12239,12248,12249,10,0.08,12247,8,0.07,12247,12249,1400-8-12,2021-11-03
663,اخزا901,اسنادخزانه-م1بودجه99-010621,90,111714,93099164800,832381,831001,833501,1120,0.13,833371,990,0.12,830200,834497,1400-8-12,2021-11-03
664,دپارس,پارس‌ دارو,90,129648,4049258290,30460,30050,31500,1040,3.41,30670,210,0.69,30050,31710,1400-8-12,2021-11-03
665,حرهشا,رهشاد سپاهان (سهامي عام,89,83759,9516111267,119592,113613,113613,-5979,-5,113613,-5979,-5,113613,113613,1400-8-12,2021-11-03
666,آتيمس,صندوق س.آرمان آتيه درخشان مس-س,86,13596,2520677398,182794,184990,186311,3517,1.92,185398,2604,1.42,182000,189900,1400-8-12,2021-11-03
667,ضپال2007,اختيارخ اپال-32000-1401/02/12,86,1870,910635000,538,470,510,-28,-5.2,487,-51,-9.48,413,600,1400-8-12,2021-11-03
668,امين يكم2,صندوق درآمد ثابت امين يكم فردا,85,85000000,85000000,10053,1,1,-10052,-99.99,1,-10052,-99.99,1,1,1400-8-12,2021-11-03
669,وگردش,بانك گردشگري,84,1533837,15453407775,10386,10075,10075,-311,-2.99,10306,-80,-0.77,10075,10075,1400-8-12,2021-11-03
670,سشمال,سيمان‌ شمال‌,78,359607,3055464410,8260,8620,8580,320,3.87,8310,50,0.61,8320,8620,1400-8-12,2021-11-03
671,وليز,ليزينگ‌ايران‌,78,644915,1676134085,2476,2599,2599,123,4.97,2488,12,0.48,2599,2599,1400-8-12,2021-11-03
672,سدور,سيمان‌ دورود,78,905129,6344954290,6680,7010,7010,330,4.94,6810,130,1.95,7010,7010,1400-8-12,2021-11-03
673,ولانا,شركت ليزينگ آريا دانا,75,120098,1864881744,16008,15528,15528,-480,-3,15893,-115,-0.72,15528,15528,1400-8-12,2021-11-03
674,سرود,سيمان‌شاهرود,73,86419,1952332070,22300,23140,22500,200,0.9,22340,40,0.18,21880,23140,1400-8-12,2021-11-03
675,دقاضي,داروسازي شهيد قاضي,72,84207,2402269272,29239,28410,28420,-819,-2.8,29063,-176,-0.6,28362,29030,1400-8-12,2021-11-03
676,اخزا911,اسنادخزانه-م11بودجه99-020906,70,298411,191489877834,641045,640500,641333,288,0.04,641698,653,0.1,640000,645000,1400-8-12,2021-11-03
677,تماوند,تامين سرمايه دماوند,70,727630,4188047737,5589,5510,5756,167,2.99,5632,43,0.77,5510,5756,1400-8-12,2021-11-03
678,اخزا903,اسنادخزانه-م3بودجه99-011110,67,259131,199031051555,768375,768888,769000,625,0.08,768071,-304,-0.04,761001,769100,1400-8-12,2021-11-03
679,اگ010155,گام بانك اقتصاد نوين0101,64,625000,564983040000,901002,902000,906100,5098,0.57,903973,2971,0.33,902000,906100,1400-8-12,2021-11-03
680,داسوه,داروسازي‌ اسوه‌,63,125541,3045624660,23110,24260,24260,1150,4.98,23320,210,0.91,24260,24260,1400-8-12,2021-11-03
681,فراز,صندوق س.سهام فراز داريك-س,63,2792772,39531799000,14154,14170,14155,1,0.01,14155,1,0.01,14154,14170,1400-8-12,2021-11-03
682,صنوين,صندوق سرمايه‌گذاري صنوين-مختلط,63,6632,648211210,94400,95010,97890,3490,3.7,97740,3340,3.54,95010,99500,1400-8-12,2021-11-03
683,اخزا006,اسنادخزانه-م6بودجه00-030723,62,150731,80094274733,530902,533500,532000,1098,0.21,531372,470,0.09,525604,533500,1400-8-12,2021-11-03
684,الماس,صندوق س.امين تدبيرگران فردا-س,61,17414,1810366944,103371,100010,105850,2479,2.4,103960,589,0.57,100010,105996,1400-8-12,2021-11-03
685,اخزا914,اسنادخزانه-م14بودجه99-021025,61,136826,85352660205,623910,622112,623031,-879,-0.14,623804,-106,-0.02,620009,625000,1400-8-12,2021-11-03
686,فيروزا,صندوق بادرآمد ثابت فيروزه آسيا,60,445461,11400385227,25596,25405,25602,6,0.02,25592,-4,-0.02,25405,25602,1400-8-12,2021-11-03
687,اوصتا,صندوق انديشه ورزان صباتامين -د,60,2831513,57696026687,20368,20377,20378,10,0.05,20376,8,0.04,20376,20379,1400-8-12,2021-11-03
688,ضسپا8043,اختيارخ خساپا-2000-1400/08/26,59,2303,9912000,4,10,6,2,50,4,0,0,3,10,1400-8-12,2021-11-03
689,دارا,صندوق س. دارا الگوريتم-د,58,905530,8976553868,9899,9915,9935,36,0.36,9913,14,0.14,9897,9935,1400-8-12,2021-11-03
690,فافزا,فولاد افزا سپاهان,57,157521,7010629626,43210,44506,44506,1296,3,44203,993,2.3,44506,44506,1400-8-12,2021-11-03
691,اخزا002,اسنادخزانه-م2بودجه00-031024,56,185695,93656925458,504144,507495,506000,1856,0.37,504359,215,0.04,504000,507495,1400-8-12,2021-11-03
692,ارمغان,ص سرمايه گذاري ارمغان ايرانيان,56,598027,6069695255,10138,10149,10153,15,0.15,10150,12,0.12,10140,10155,1400-8-12,2021-11-03
693,اخزا004,اسنادخزانه-م4بودجه00-030522,54,170617,94259370543,551404,547902,554000,2596,0.47,552462,1058,0.19,547902,554000,1400-8-12,2021-11-03
694,كميناح,ح . شيشه سازي مينا,54,197458,1331435605,6549,6587,6745,196,2.99,6743,194,2.96,6587,6745,1400-8-12,2021-11-03
695,سلار,شركت سيمان لارستان,53,73943,2004520787,27947,27109,27109,-838,-3,27761,-186,-0.67,27109,27109,1400-8-12,2021-11-03
696,اخزا905,اسنادخزانه-م5بودجه99-020218,53,137374,99223451597,721713,725001,722006,293,0.04,722287,574,0.08,718004,725980,1400-8-12,2021-11-03
697,سكه0012پ04,تمام سكه طرح جديد0012صادرات,52,9900,11593389700,1167183,1166250,1175999,8816,0.76,1171049,3866,0.33,1165009,1175999,1400-8-12,2021-11-03
698,اخزا902,اسنادخزانه-م2بودجه99-011019,52,59331,46138344441,777919,777000,778700,781,0.1,777643,-276,-0.04,774567,778700,1400-8-12,2021-11-03
699,ضفلا1165,اختيارخ فولاد-14000-1400/11/24,47,293,206958000,649,700,799,150,23.11,706,57,8.78,700,800,1400-8-12,2021-11-03
700,زعف0110پ20,زعفران0110نگين وحدت جام(پ),46,22449,5851659251,252384,255000,260633,8249,3.27,260665,8281,3.28,253000,263500,1400-8-12,2021-11-03
701,ختراك,ريخته‌گري‌ تراكتورسازي‌ ايران‌,46,1004780,6269827200,5950,6240,6240,290,4.87,6180,230,3.87,6240,6240,1400-8-12,2021-11-03
702,گوهر2,صندوق سكه طلاي كيان,45,450000,450000,58228,1,1,-58227,-100,1,-58227,-100,1,1,1400-8-12,2021-11-03
703,اخزا008,اسنادخزانه-م8بودجه00-030919,45,115462,59361432723,514686,519900,515702,1016,0.2,514121,-565,-0.11,511112,519900,1400-8-12,2021-11-03
704,اخزا811,اسنادخزانه-م11بودجه98-001013,45,34141,32778066422,966865,964001,963249,-3616,-0.37,960079,-6786,-0.7,956022,967497,1400-8-12,2021-11-03
705,افق ملت,صندوق س در سهام افق ملت,43,10599,1495889380,139430,139460,142480,3050,2.19,141130,1700,1.22,139460,142480,1400-8-12,2021-11-03
706,اخزا001,اسنادخزانه-م1بودجه00-030821,42,67657,35571033465,522551,530000,526899,4348,0.83,525755,3204,0.61,523000,530000,1400-8-12,2021-11-03
707,اخزا003,اسنادخزانه-م3بودجه00-030418,42,144124,81059025819,562015,560113,564000,1985,0.35,562426,411,0.07,560111,565000,1400-8-12,2021-11-03
708,زعف0110پ05,زعفران0110نگين زرين(پ),41,19744,5165451912,250875,263800,263500,12625,5.03,261621,10746,4.28,255000,263800,1400-8-12,2021-11-03
709,سكه0112پ03,تمام سكه طرح جديد0112سامان,41,9100,10667579700,1168345,1169000,1176000,7655,0.66,1172261,3916,0.34,1166600,1176000,1400-8-12,2021-11-03
710,سكه0111پ05,تمام سكه طرح جديد0111آينده,40,10000,11724271200,1167293,1169900,1175000,7707,0.66,1172427,5134,0.44,1163006,1175000,1400-8-12,2021-11-03
711,اخزا815,اسنادخزانه-م15بودجه98-010406,40,116188,101294356672,872312,870041,872000,-312,-0.04,871814,-498,-0.06,870041,872999,1400-8-12,2021-11-03
712,ضفلا1162,اختيارخ فولاد-9000-1400/11/24,39,186,665658000,3425,3500,3600,175,5.11,3579,154,4.5,3500,3600,1400-8-12,2021-11-03
713,ضشنا8005,اختيارخ شپنا-12800-1400/08/16,38,1341,8625000,10,1,9,-1,-10,6,-4,-40,1,15,1400-8-12,2021-11-03
714,بايكا,كارخانجات كابلسازي ‌ايران‌,37,52552,1011626000,19845,19250,19250,-595,-3,19782,-63,-0.32,19250,19250,1400-8-12,2021-11-03
715,دسينا,داروسازي‌ سينا,34,136288,2755743360,19260,20220,20220,960,4.98,19430,170,0.88,20220,20220,1400-8-12,2021-11-03
716,اخزا817,اسنادخزانه-م17بودجه98-010512,34,105229,89660280978,851271,852100,853099,1828,0.21,852049,778,0.09,852000,853099,1400-8-12,2021-11-03
717,كهرام,توليدي گرانيت بهسرام,33,47017,4168903356,90477,88668,88668,-1809,-2,88934,-1543,-1.71,88668,88668,1400-8-12,2021-11-03
718,زعف0008پ08,زعفران0008نگين روستا(پ),32,10820,2130135118,189236,194000,197613,8377,4.43,196870,7634,4.03,194000,197613,1400-8-12,2021-11-03
719,ضسپا8039,اختيارخ خساپا-1200-1400/08/26,31,844,399489000,400,400,480,80,20,473,73,18.25,400,500,1400-8-12,2021-11-03
720,اخزا907,اسنادخزانه-م7بودجه99-020704,31,218180,145287647500,665032,652214,668000,2968,0.45,665907,875,0.13,652214,668000,1400-8-12,2021-11-03
721,وسصفا,شركت س استان اصفهان,31,1159890,804963660,730,694,694,-36,-4.93,730,0,0,694,694,1400-8-12,2021-11-03
722,زعف0110پ18,زعفران0110نگين بهرامن(پ),30,41640,10833005731,251256,257001,261000,9744,3.88,260159,8903,3.54,255500,263897,1400-8-12,2021-11-03
723,داريك,صندوق س.اعتماد داريك-د,29,181960,2144181214,11777,11784,11783,6,0.05,11784,7,0.06,11783,11784,1400-8-12,2021-11-03
724,ثروتم,صندوق س. ثروت آفرين پارسيان-س,28,82990,7125555100,84872,85425,87100,2228,2.63,85860,988,1.16,85211,87102,1400-8-12,2021-11-03
725,وسقم,شركت س استان قم,27,1231928,1568244344,1340,1273,1273,-67,-5,1336,-4,-0.3,1273,1273,1400-8-12,2021-11-03
726,واعتبار,سرمايه گذاري اعتبار ايران,25,172220,1171096000,6480,6800,6800,320,4.94,6500,20,0.31,6800,6800,1400-8-12,2021-11-03
727,خفناور,مهندسي صنعتي روان فن آور,24,15713,634569505,42510,40385,40385,-2125,-5,42367,-143,-0.34,40385,40385,1400-8-12,2021-11-03
728,ضپال2006,اختيارخ اپال-28000-1401/02/12,24,396,443750000,1338,1250,1340,2,0.15,1121,-217,-16.22,1000,1349,1400-8-12,2021-11-03
729,اخزا909,اسنادخزانه-م9بودجه99-020316,24,58036,41315365976,710797,709620,710470,-327,-0.05,711892,1095,0.15,709620,713989,1400-8-12,2021-11-03
730,كهربا,صندوق س.پشتوانه سكه طلا كهربا,22,71326,733888616,10229,10230,10300,71,0.69,10289,60,0.59,10230,10300,1400-8-12,2021-11-03
731,ضجار1020,اختيارخ وتجارت-1600-1400/10/15,22,665,280340000,400,420,460,60,15,422,22,5.5,410,460,1400-8-12,2021-11-03
732,ساذري,آذريت‌,21,325830,3247547610,9493,9967,9967,474,4.99,9635,142,1.5,9967,9967,1400-8-12,2021-11-03
733,اخزا723,اسنادخزانه-م23بودجه97-000824,21,37307,37053114142,991799,993498,993780,1981,0.2,993195,1396,0.14,991799,993780,1400-8-12,2021-11-03
734,فسا,پتروشيمي فسا,21,166030,217499300,1350,1310,1310,-40,-2.96,1349,-1,-0.07,1310,1310,1400-8-12,2021-11-03
735,ضفلا1163,اختيارخ فولاد-10000-1400/11/24,20,98,274026000,2606,2790,2920,314,12.05,2796,190,7.29,2700,2950,1400-8-12,2021-11-03
736,عيار2,صندوق سكه طلاي مفيد,20,200000,200000,29643,1,1,-29642,-100,1,-29642,-100,1,1,1400-8-12,2021-11-03
737,گنجين,صندوق س. گنجينه يكم آويد-د,20,65430,920100671,14052,14053,14063,11,0.08,14062,10,0.07,14053,14063,1400-8-12,2021-11-03
738,پادا,صندوق س.پاداش سرمايه پارس-س,20,3713,399091464,105372,107000,108190,2818,2.67,107485,2113,2.01,106999,108190,1400-8-12,2021-11-03
739,ساروج,بين المللي ساروج بوشهر,19,31579,530806690,16892,16720,17150,258,1.53,16888,-4,-0.02,16720,17155,1400-8-12,2021-11-03
740,بذر,صندوق س بذر اميد آفرين-سهام,19,3319,320552040,95180,95070,97940,2760,2.9,96580,1400,1.47,95070,97940,1400-8-12,2021-11-03
741,ضشنا8006,اختيارخ شپنا-14800-1400/08/16,19,641,4636000,5,50,44,39,780,7,2,40,2,50,1400-8-12,2021-11-03
742,جوين,كشت و صنعت جوين,18,186676,514852408,2678,2758,2758,80,2.99,2682,4,0.15,2758,2758,1400-8-12,2021-11-03
743,نيرو,نيرو سرمايه,18,16866,666274464,40725,39504,39504,-1221,-3,40639,-86,-0.21,39504,39504,1400-8-12,2021-11-03
744,مدير2,ص.س.مديريت ثروت ص.بازنشستگي-س,18,1800000,1800000,9282,1,1,-9281,-99.99,1,-9281,-99.99,1,1,1400-8-12,2021-11-03
745,وحافظ,بيمه حافظ,17,52747,521878818,10414,9894,9894,-520,-4.99,10385,-29,-0.28,9894,9894,1400-8-12,2021-11-03
746,ثهام,صندوق س ثروت هامرز-سهام,17,38385,423869600,10766,10750,11100,334,3.1,11043,277,2.57,10750,11100,1400-8-12,2021-11-03
747,آسام,صندوق س.آرمان سپهر آشنا-م,17,6840,826687340,120089,120200,121490,1401,1.17,120861,772,0.64,120200,121500,1400-8-12,2021-11-03
748,برن0104پ01,برنج طارم0104تجارت مازندران(پ),17,2470,1013883687,409068,428475,412000,2932,0.72,410479,1411,0.34,409000,428475,1400-8-12,2021-11-03
749,ضشنا8001,اختيارخ شپنا-6800-1400/08/16,17,215,839630000,3604,3301,3900,296,8.21,3905,301,8.35,3301,3990,1400-8-12,2021-11-03
750,گكيش,توريستي ورفاهي آبادگران كيش,17,6869,268330616,41120,39064,39064,-2056,-5,41062,-58,-0.14,39064,39064,1400-8-12,2021-11-03
751,گپارس,امور رفاهي كارگزاران پارس,17,11344,1511553968,140260,133247,133247,-7013,-5,139141,-1119,-0.8,133247,133247,1400-8-12,2021-11-03
752,نتوس,پشم‌ بافي‌ توس,16,50207,616190511,12918,12273,12273,-645,-4.99,12876,-42,-0.33,12273,12273,1400-8-12,2021-11-03
753,اخزا821,اسنادخزانه-م21بودجه98-020906,15,83639,53745441799,638568,639602,642000,3432,0.54,642588,4020,0.63,639602,644000,1400-8-12,2021-11-03
754,ضشنا8003,اختيارخ شپنا-8800-1400/08/16,15,62,120258000,1994,1850,2250,256,12.84,1940,-54,-2.71,1850,2250,1400-8-12,2021-11-03
755,سخند,صندوق س.سپهرخبرگان نفت-د,15,159160,1612804340,10130,10133,10139,9,0.09,10133,3,0.03,10133,10139,1400-8-12,2021-11-03
756,اخزا917,اسنادخزانه-م17بودجه99-010226,15,189700,169293793950,886833,889000,894000,7167,0.81,892429,5596,0.63,889000,894999,1400-8-12,2021-11-03
757,وسرضوي,س.سهام عدالت استان خراسان رضوي,15,985067,683636498,730,694,694,-36,-4.93,730,0,0,694,694,1400-8-12,2021-11-03
758,جهرم,پتروشيمي جهرم,15,110391,161833206,1511,1466,1466,-45,-2.98,1510,-1,-0.07,1466,1466,1400-8-12,2021-11-03
759,فنفت,صنايع تجهيزات نفت,14,10003,149634877,15421,14959,14959,-462,-3,15414,-7,-0.05,14959,14959,1400-8-12,2021-11-03
760,زعف0110پ16,زعفران0110نگين بيرجند(پ),13,21000,5441000000,252486,256000,261000,8514,3.37,259095,6609,2.62,256000,261000,1400-8-12,2021-11-03
761,شتولي,تولي‌پرس‌,13,15184,306716800,21041,20200,20200,-841,-4,20987,-54,-0.26,20200,20200,1400-8-12,2021-11-03
762,اخزا908,اسنادخزانه-م8بودجه99-020606,13,15451,10454104698,676890,663010,676605,-285,-0.04,676597,-293,-0.04,663005,676890,1400-8-12,2021-11-03
763,اخزا809,اسنادخزانه-م9بودجه98-000923,13,53069,51744554895,973658,975000,970002,-3656,-0.38,975043,1385,0.14,970002,978990,1400-8-12,2021-11-03
764,ضسپا1109,اختيارخ خساپا-1000-1400/11/20,12,97,73920000,645,750,810,165,25.58,762,117,18.14,745,810,1400-8-12,2021-11-03
765,وسنا,سرمايه گذاري نيروگاهي ايران,12,25441,335897523,13611,13203,13203,-408,-3,13603,-8,-0.06,13203,13203,1400-8-12,2021-11-03
766,اوصتا2,صندوق انديشه ورزان صباتامين -د,12,4800000,4800000,20368,1,1,-20367,-100,1,-20367,-100,1,1,1400-8-12,2021-11-03
767,اخزا810,اسنادخزانه-م10بودجه98-001006,12,12673,12259692384,964814,964901,979000,14186,1.47,967387,2573,0.27,955000,979000,1400-8-12,2021-11-03
768,اروند06,منفعت صبا اروند ملت 14001113,12,300000,300000000000,1000000,1000000,1000000,0,0,1000000,0,0,1000000,1000000,1400-8-12,2021-11-03
769,زعف0008پ20,زعفران0008نگين وحدت جام(پ),12,1418,280011290,187203,197613,195500,8297,4.43,197469,10266,5.48,195101,197613,1400-8-12,2021-11-03
770,سخواف,سيمان مجد خواف,11,8950,89795350,10343,10033,10033,-310,-3,10340,-3,-0.03,10033,10033,1400-8-12,2021-11-03
771,سايرا,ايرانيت‌,11,4823,159916211,34538,33157,33157,-1381,-4,34491,-47,-0.14,33157,33157,1400-8-12,2021-11-03
772,اخزا818,اسنادخزانه-م18بودجه98-010614,11,56234,47056612311,837711,833334,837000,-711,-0.08,836800,-911,-0.11,833334,837010,1400-8-12,2021-11-03
773,ضذوب905,اختيارخ ذوب-5000-14000917,11,242,20553000,95,35,99,4,4.21,85,-10,-10.53,35,140,1400-8-12,2021-11-03
774,زعف0008پ05,زعفران0008نگين زرين(پ),11,5230,1033418025,191936,197613,197613,5677,2.96,197594,5658,2.95,195000,197613,1400-8-12,2021-11-03
775,ضفلا1164,اختيارخ فولاد-12000-1400/11/24,11,208,335002000,1444,1400,1650,206,14.27,1611,167,11.57,1400,1650,1400-8-12,2021-11-03
776,زعف0008پ11,زعفران0008نگين سحرخيز(پ),10,4320,853688160,191382,197613,197613,6231,3.26,197613,6231,3.26,197613,197613,1400-8-12,2021-11-03
777,وملت,سرمايه گذاري ملت,10,33242,102618054,3149,3087,3087,-62,-1.97,3148,-1,-0.03,3087,3087,1400-8-12,2021-11-03
778,سرو2,صندوق س سروسودمند مدبران-سهام,10,330000,330000,71040,1,1,-71039,-100,1,-71039,-100,1,1,1400-8-12,2021-11-03
779,سيناد,صندوق س.سپهرسودمند سينا-د,10,57174,572331340,10009,10010,10011,2,0.02,10010,1,0.01,10010,10011,1400-8-12,2021-11-03
780,ضمخا1034,اختيارخ اخابر-6000-1400/10/26,10,90,189935000,1950,1990,2700,750,38.46,2110,160,8.21,1900,2700,1400-8-12,2021-11-03
781,كباده,توليد خاك نسوزاستقلال آباده,10,16957,384398233,22009,22669,22669,660,3,22033,24,0.11,22669,22669,1400-8-12,2021-11-03
782,انرژي1,نهادهاي مالي بورس انرژي,9,492703,40914057120,87410,83040,83040,-4370,-5,84420,-2990,-3.42,83040,83040,1400-8-12,2021-11-03
783,اخزا005,اسنادخزانه-م5بودجه00-030626,9,997,536374552,541549,545000,540000,-1549,-0.29,537988,-3561,-0.66,537840,545000,1400-8-12,2021-11-03
784,دپارسح,ح . پارس‌ دارو,9,2988,134460000,45000,45000,45000,0,0,45000,0,0,45000,45000,1400-8-12,2021-11-03
785,ضملي1162,اختيارخ فملي-8000-1400/11/03,8,8,4500000,580,600,600,20,3.45,562,-18,-3.1,300,600,1400-8-12,2021-11-03
786,اخزا813,اسنادخزانه-م13بودجه98-010219,8,2288,2049847480,896863,895500,896100,-763,-0.09,895912,-951,-0.11,895500,898240,1400-8-12,2021-11-03
787,ضپاس1011,اختيارخ وپارس-2000-1400/10/22,8,80,26700000,355,300,370,15,4.23,334,-21,-5.92,300,380,1400-8-12,2021-11-03
788,اخزا814,اسنادخزانه-م14بودجه98-010318,7,9711,8566459890,880890,881666,880002,-888,-0.1,882140,1250,0.14,880002,882999,1400-8-12,2021-11-03
789,ضفلا1160,اختيارخ فولاد-7000-1400/11/24,7,27,148379000,5350,5480,5500,150,2.8,5496,146,2.73,5480,5500,1400-8-12,2021-11-03
790,اخزا816,اسنادخزانه-م16بودجه98-010503,7,2003,1714181899,856704,855509,855508,-1196,-0.14,855807,-897,-0.1,855508,856400,1400-8-12,2021-11-03
791,دمعيار,صندوق س. توازن معيار-د,7,85382,858942920,10055,10060,10060,5,0.05,10060,5,0.05,10060,10060,1400-8-12,2021-11-03
792,اراد79,مرابحه عام دولت79-ش.خ010612,7,151000,144960000000,960000,960000,960000,0,0,960000,0,0,960000,960000,1400-8-12,2021-11-03
793,ضصاد1111,اختيارخ وبصادر-1600-1400/11/06,7,351,147709000,412,420,430,18,4.37,421,9,2.18,419,430,1400-8-12,2021-11-03
794,تملي806,تسهيلات مسكن ب. ملي-شهريور98,7,35,31384669,861034,904085,904085,43051,5,896705,35671,4.14,817983,904085,1400-8-12,2021-11-03
795,ضملي1159,اختيارخ فملي-5000-1400/11/03,7,51,214870000,4036,4200,4220,184,4.56,4213,177,4.39,4200,4230,1400-8-12,2021-11-03
796,ضبدر8076,اختيارخ شبندر-3448-1400/08/30,7,7,95052412,2893,2899,2899,6,0.21,2899,6,0.21,2899,2899,1400-8-12,2021-11-03
797,ضمخا1036,اختيارخ اخابر-8000-1400/10/26,6,252,277199000,555,1099,1100,545,98.2,1100,545,98.2,1099,1100,1400-8-12,2021-11-03
798,ضغدر1130,اختيارخ وغدير-10000-1400/11/20,6,206,1312060000,6600,6350,6600,0,0,6369,-231,-3.5,6350,6600,1400-8-12,2021-11-03
799,ثنام,س ساختماني ب نام آوران مهندسي,6,11073,123962235,11541,11195,11195,-346,-3,11537,-4,-0.03,11195,11195,1400-8-12,2021-11-03
800,طصاد8033,اختيارف وبصادر-2489-1400/08/12,6,72,41040000,700,570,570,-130,-18.57,570,-130,-18.57,570,570,1400-8-12,2021-11-03
801,ضشنا8000,اختيارخ شپنا-5800-1400/08/16,6,22,109964000,4608,5000,5000,392,8.51,4998,390,8.46,4997,5000,1400-8-12,2021-11-03
802,ضشنا1048,اختيارخ شپنا-5450-1400/10/19,6,43,89795000,1934,1950,2275,341,17.63,2088,154,7.96,1950,2279,1400-8-12,2021-11-03
803,پاسار04,اجاره انرژي پاسارگاد14040302,6,150000,150000000000,1000000,1000000,1000000,0,0,1000000,0,0,1000000,1000000,1400-8-12,2021-11-03
804,ضشنا8002,اختيارخ شپنا-7800-1400/08/16,6,32,98536000,2546,3145,3078,532,20.9,3079,533,20.93,2850,3197,1400-8-12,2021-11-03
805,اخزا007,اسنادخزانه-م7بودجه00-030912,5,16167,8366498921,516170,517500,515050,-1120,-0.22,517505,1335,0.26,515007,517990,1400-8-12,2021-11-03
806,ثنظام,س. ساختماني نظام مهندسي ايران,5,2380,59009720,25560,24794,24794,-766,-3,25555,-5,-0.02,24794,24794,1400-8-12,2021-11-03
807,حاريا,كشتيراني آريا,5,2156,32922120,15581,15270,15270,-311,-2,15579,-2,-0.01,15270,15270,1400-8-12,2021-11-03
808,طلا2,صندوق س.پشتوانه طلاي لوتوس,5,500000,500000,82770,1,1,-82769,-100,1,-82769,-100,1,1,1400-8-12,2021-11-03
809,طصاد8032,اختيارف وبصادر-1989-1400/08/12,5,193,34110000,199,188,149,-50,-25.13,177,-22,-11.06,120,200,1400-8-12,2021-11-03
810,صشستا311,صكوك اجاره شستا311-بدون ضامن,5,50000,50000000000,1000000,1000000,1000000,0,0,1000000,0,0,1000000,1000000,1400-8-12,2021-11-03
811,ضشنا1049,اختيارخ شپنا-6540-1400/10/19,5,107,141535000,930,1345,1310,380,40.86,1323,393,42.26,1310,1345,1400-8-12,2021-11-03
812,اخزا820,اسنادخزانه-م20بودجه98-020806,4,525,341833000,653321,651200,653000,-321,-0.05,651110,-2211,-0.34,651000,653000,1400-8-12,2021-11-03
813,تملي612,تسهيلات مسكن بانك ملي-اسفند96,4,36,22780100,611000,619000,641550,30550,5,632781,21781,3.56,619000,641550,1400-8-12,2021-11-03
814,ضسپا8046,اختيارخ خساپا-3500-1400/08/26,4,115,230000,2,2,2,0,0,2,0,0,2,2,1400-8-12,2021-11-03
815,داراب,پتروشيمي داراب,4,14488,32163360,2288,2220,2220,-68,-2.97,2288,0,0,2220,2220,1400-8-12,2021-11-03
816,ضمخا1037,اختيارخ اخابر-9000-1400/10/26,4,14,9623000,490,685,688,198,40.41,687,197,40.2,685,688,1400-8-12,2021-11-03
817,ضپيك1030,اختيارخ تاپيكو-12000-00/10/15,4,36,97194000,4000,2700,2699,-1301,-32.53,2700,-1300,-32.5,2699,2700,1400-8-12,2021-11-03
818,زعف0110پ08,زعفران0110نگين روستا(پ),4,1153,297239000,252000,257000,258000,6000,2.38,257796,5796,2.3,257000,263000,1400-8-12,2021-11-03
819,زير0103پ01,زيره سبز0103كيميابذر(پ),4,67,44358489,671064,704617,640000,-31064,-4.63,662067,-8997,-1.34,640000,704617,1400-8-12,2021-11-03
820,ضجار1019,اختيارخ وتجارت-1400-1400/10/15,4,53,34992000,600,599,800,200,33.33,660,60,10,599,800,1400-8-12,2021-11-03
821,ضپاس1009,اختيارخ وپارس-1600-1400/10/22,4,82,57150000,660,685,700,40,6.06,697,37,5.61,600,700,1400-8-12,2021-11-03
822,ضملي1161,اختيارخ فملي-7000-1400/11/03,3,10,13989000,1317,1398,1399,82,6.23,1399,82,6.23,1398,1399,1400-8-12,2021-11-03
823,فنرژي,گسترش صنايع انرژي آذرآب,3,4354,56632478,13272,13007,13007,-265,-2,13269,-3,-0.02,13007,13007,1400-8-12,2021-11-03
824,شسم,توليد سموم‌ علف‌ كش,3,1124,117432148,100459,104477,104477,4018,4,100550,91,0.09,104477,104477,1400-8-12,2021-11-03
825,صايپا308,صكوك مرابحه سايپا308-3ماهه 18%,3,20000,20600000000,1020000,1030000,1030000,10000,0.98,1030000,10000,0.98,1030000,1030000,1400-8-12,2021-11-03
826,طذوب903,اختيارف ذوب-4000-14000917,3,115,23000000,250,200,200,-50,-20,200,-50,-20,200,200,1400-8-12,2021-11-03
827,آريا2,پليمر آريا ساسول,3,2000000,222740000000,110730,110740,112000,1270,1.15,111370,640,0.58,110740,112000,1400-8-12,2021-11-03
828,طخود1051,اختيارف خودرو-1800-1400/10/08,3,221,16570000,80,70,71,-9,-11.25,75,-5,-6.25,70,80,1400-8-12,2021-11-03
829,اراد61,مرابحه عام دولت61-ش.خ0309,3,15000,15000000000,1000000,1000000,1000000,0,0,1000000,0,0,1000000,1000000,1400-8-12,2021-11-03
830,طفلا1164,اختيارف فولاد-12000-1400/11/24,3,21,10500000,550,500,500,-50,-9.09,500,-50,-9.09,500,500,1400-8-12,2021-11-03
831,تملي706,تسهيلات مسكن ب. ملي-شهريور97,3,13,8027500,650000,617500,617500,-32500,-5,617500,-32500,-5,617500,617500,1400-8-12,2021-11-03
832,ضسپا1110,اختيارخ خساپا-1200-1400/11/20,3,73,43650000,310,600,550,240,77.42,598,288,92.9,550,600,1400-8-12,2021-11-03
833,زعف0008پ09,زعفران0008نگين نوين(پ),3,705,139317165,191301,197613,197613,6312,3.3,197613,6312,3.3,197613,197613,1400-8-12,2021-11-03
834,وشمال,س. چشم انداز توسعه شمال,3,660,48465780,76492,73433,73433,-3059,-4,76461,-31,-0.04,73433,73433,1400-8-12,2021-11-03
835,اخزا812,اسنادخزانه-م12بودجه98-001111,3,1185,1124755440,946502,947780,950000,3498,0.37,949161,2659,0.28,947780,950000,1400-8-12,2021-11-03
836,خعمرا,توسعه و عمران شهرستان نائين,3,63397,255299719,3836,4027,4027,191,4.98,3841,5,0.13,4027,4027,1400-8-12,2021-11-03
837,ضصاد8038,اختيارخ وبصادر-1189-1400/08/12,3,10,6870000,581,670,705,124,21.34,687,106,18.24,670,705,1400-8-12,2021-11-03
838,ضترا1131,اختيارخ شتران-3529-1400/11/10,3,6,20922143,1246,1499,1546,300,24.08,1538,292,23.43,1499,1546,1400-8-12,2021-11-03
839,زعف0008پ16,زعفران0008نگين بيرجند(پ),3,169,33302791,192352,197613,196100,3748,1.95,197058,4706,2.45,196100,197613,1400-8-12,2021-11-03
840,ضبدر1161,اختيارخ شبندر-4500-1400/11/13,2,6,13227000,2350,2359,2050,-300,-12.77,2204,-146,-6.21,2050,2359,1400-8-12,2021-11-03
841,ضسپا1113,اختيارخ خساپا-1800-1400/11/20,2,22,4236000,250,118,200,-50,-20,193,-57,-22.8,118,200,1400-8-12,2021-11-03
842,نگين,ص.س. زمين و ساختمان نگين شهرري,2,368,18841880,51190,51210,51160,-30,-0.06,51200,10,0.02,51160,51210,1400-8-12,2021-11-03
843,تصميم2,صندوق س با درآمد ثابت تصميم,2,1700000,1700000,17839,1,1,-17838,-99.99,1,-17838,-99.99,1,1,1400-8-12,2021-11-03
844,صملي4042,صكوك اجاره صملي404-6ماهه18%,2,2000000,2000000000000,1000000,1000000,1000000,0,0,1000000,0,0,1000000,1000000,1400-8-12,2021-11-03
845,سفارود,كارخانه فارسيت درود,2,816,13111488,16395,16068,16068,-327,-1.99,16394,-1,-0.01,16068,16068,1400-8-12,2021-11-03
846,ضشنا1046,اختيارخ شپنا-4360-1400/10/19,2,5,20334000,2800,4000,4167,1367,48.82,4067,1267,45.25,4000,4167,1400-8-12,2021-11-03
847,اراد50,مرابحه عام دولت5-ش.خ0302,2,22400,22400000000,1000001,1000000,1000000,-1,0,1000000,-1,0,1000000,1000000,1400-8-12,2021-11-03
848,ضصاد8039,اختيارخ وبصادر-1389-1400/08/12,2,56,26864000,383,400,493,110,28.72,480,97,25.33,400,493,1400-8-12,2021-11-03
849,اراد33,مرابحه عام دولت3-ش.خ 0303,2,1000,911474500,901289,895000,927949,26660,2.96,911474,10185,1.13,895000,927949,1400-8-12,2021-11-03
850,هبساز103,اختيارف ت ثبهساز-2346-01/03/18,2,6004,2539692,517,423,423,-94,-18.18,423,-94,-18.18,423,423,1400-8-12,2021-11-03
851,وسالت,بانك قرض الحسنه رسالت,2,10046,10869772,1051,1082,1082,31,2.95,1051,0,0,1082,1082,1400-8-12,2021-11-03
852,شتهران,داروسازي تهران شيمي,2,5676,41633460,7192,7335,7335,143,1.99,7193,1,0.01,7335,7335,1400-8-12,2021-11-03
853,طخود1050,اختيارف خودرو-1600-1400/10/08,2,200,7500000,40,40,35,-5,-12.5,37,-3,-7.5,35,40,1400-8-12,2021-11-03
854,ضصاد1113,اختيارخ وبصادر-2000-1400/11/06,2,46,7820000,201,170,170,-31,-15.42,170,-31,-15.42,170,170,1400-8-12,2021-11-03
855,ضذوب903,اختيارخ ذوب-4000-14000917,2,80,16000000,799,200,200,-599,-74.97,200,-599,-74.97,200,200,1400-8-12,2021-11-03
856,اطلس2,صندوق س.توسعه اندوخته آينده-س,2,20000,20000,245845,1,1,-245844,-100,1,-245844,-100,1,1,1400-8-12,2021-11-03
857,صايپا012,صكوك مرابحه سايپا012-3ماهه 16%,2,15000,15000030000,1000002,1000002,1000002,0,0,1000002,0,0,1000002,1000002,1400-8-12,2021-11-03
858,ضشنا8007,اختيارخ شپنا-16800-1400/08/16,2,11,110000,10,10,10,0,0,10,0,0,10,10,1400-8-12,2021-11-03
859,افران2,صندوق س افرا نماد پايدار-ثابت,2,8700000,8700000,14640,1,1,-14639,-99.99,1,-14639,-99.99,1,1,1400-8-12,2021-11-03
860,ضپاس1010,اختيارخ وپارس-1800-1400/10/22,2,14,7228000,459,500,519,60,13.07,516,57,12.42,500,519,1400-8-12,2021-11-03
861,اخزا009,اسناد خزانه-م9بودجه00-031101,2,55,28182110,515167,520996,512402,-2765,-0.54,512402,-2765,-0.54,512402,512402,1400-8-12,2021-11-03
862,سپر2,صندوق س سپر سرمايه بيدار- ثابت,2,5200000,5200000,13057,1,1,-13056,-99.99,1,-13056,-99.99,1,1,1400-8-12,2021-11-03
863,خاتم2,صندوق س خاتم ايساتيس پويا-ثابت,2,2000000,2000000,12239,1,1,-12238,-99.99,1,-12238,-99.99,1,1,1400-8-12,2021-11-03
864,طخود1052,اختيارف خودرو-2000-1400/10/08,2,5,975000,185,195,195,10,5.41,195,10,5.41,195,195,1400-8-12,2021-11-03
865,هماي2,صندوق س هماي آگاه-ثابت,1,3000000,3000000,10064,1,1,-10063,-99.99,1,-10063,-99.99,1,1,1400-8-12,2021-11-03
866,وآفري2,بيمه كارآفرين,1,20000000,66400000000,3242,3320,3320,78,2.41,3320,78,2.41,3320,3320,1400-8-12,2021-11-03
867,ضصاد1110,اختيارخ وبصادر-1400-1400/11/06,1,100,60000000,570,600,600,30,5.26,600,30,5.26,600,600,1400-8-12,2021-11-03
868,شنفت2,نفت‌ پارس‌,1,3542259,27806733150,7840,7850,7850,10,0.13,7850,10,0.13,7850,7850,1400-8-12,2021-11-03
869,صخود041,ص مرابحه خودرو041- 3ماهه 18%,1,1000,1020000000,1010000,1020000,1020000,10000,0.99,1020000,10000,0.99,1020000,1020000,1400-8-12,2021-11-03
870,اراد45,مرابحه عام دولت4-ش.خ 0107,1,100,96400000,958100,964000,964000,5900,0.62,964000,5900,0.62,964000,964000,1400-8-12,2021-11-03
871,ضسپا1111,اختيارخ خساپا-1400-1400/11/20,1,30,13800000,420,460,460,40,9.52,460,40,9.52,460,460,1400-8-12,2021-11-03
872,اراد354,مرابحه عام دولت3-ش.خ 0103,1,245000,237944000000,986301,971200,971200,-15101,-1.53,971200,-15101,-1.53,971200,971200,1400-8-12,2021-11-03
873,پاسار042,اجاره انرژي پاسارگاد14040302,1,1000000,1000000000000,1000000,1000000,1000000,0,0,1000000,0,0,1000000,1000000,1400-8-12,2021-11-03
874,كمند4,صندوق س. با درآمد ثابت كمند,1,30000000,304470000000,10143,10149,10149,6,0.06,10149,6,0.06,10149,10149,1400-8-12,2021-11-03
875,تملي705,تسهيلات مسكن ب. ملي-مرداد97,1,1,555906,585164,555906,555906,-29258,-5,555906,-29258,-5,555906,555906,1400-8-12,2021-11-03
876,ضپاس1014,اختيارخ وپارس-3500-1400/10/22,1,1,10000,10,10,10,0,0,10,0,0,10,10,1400-8-12,2021-11-03
877,اراد874,مرابحه عام دولت87-ش.خ030304,1,2323760,2076465460800,931969,893580,893580,-38389,-4.12,893580,-38389,-4.12,893580,893580,1400-8-12,2021-11-03
878,ضبدر8073,اختيارخ شبندر-2167-1400/08/30,1,5,100706000,5299,4300,4300,-999,-18.85,4300,-999,-18.85,4300,4300,1400-8-12,2021-11-03
879,اخزا8152,اسنادخزانه-م15بودجه98-010406,1,505010,440671726000,872312,872600,872600,288,0.03,872600,288,0.03,872600,872600,1400-8-12,2021-11-03
880,داريوش2,صندوق س. ثروت داريوش -س,1,400000,400000,9610,1,1,-9609,-99.99,1,-9609,-99.99,1,1,1400-8-12,2021-11-03
881,اراد38,مرابحه عام دولت3-ش.خ 0105,1,100,99194600,995000,991946,991946,-3054,-0.31,991946,-3054,-0.31,991946,991946,1400-8-12,2021-11-03
882,كگل2,معدني و صنعتي گل گهر,1,21576990,498860008800,23060,23120,23120,60,0.26,23120,60,0.26,23120,23120,1400-8-12,2021-11-03
883,ضپاس1012,اختيارخ وپارس-2500-1400/10/22,1,1,75000,100,75,75,-25,-25,75,-25,-25,75,75,1400-8-12,2021-11-03
884,فراز4,صندوق س.سهام فراز داريك-س,1,1500000,18675000000,14154,12450,12450,-1704,-12.04,12450,-1704,-12.04,12450,12450,1400-8-12,2021-11-03
885,آوا2,صندوق س.سهام آواي معيار-س,1,200000,200000,7913,1,1,-7912,-99.99,1,-7912,-99.99,1,1,1400-8-12,2021-11-03
886,ضبدر1164,اختيارخ شبندر-7000-1400/11/13,1,1,1200000,793,1200,1200,407,51.32,1200,407,51.32,1200,1200,1400-8-12,2021-11-03
887,اخزا9182,اسنادخزانه-م18بودجه99-010323,1,399670,350870293000,879456,877900,877900,-1556,-0.18,877900,-1556,-0.18,877900,877900,1400-8-12,2021-11-03
888,اگ0101552,گام بانك اقتصاد نوين0101,1,250000,225750000000,901002,903000,903000,1998,0.22,903000,1998,0.22,903000,903000,1400-8-12,2021-11-03
889,شگويات.ف0104,اختيارف.تبعي شگويا010408,1,1000,1000,1,1,1,0,0,1,0,0,1,1,1400-8-12,2021-11-03
890,قتربت2,قند تربت حيدريه,1,1100000,57750000000,52618,52500,52500,-118,-0.22,52500,-118,-0.22,52500,52500,1400-8-12,2021-11-03
891,كمند2,صندوق س. با درآمد ثابت كمند,1,73000000,73000000,10143,1,1,-10142,-99.99,1,-10142,-99.99,1,1,1400-8-12,2021-11-03
892,ضذوب904,اختيارخ ذوب-4500-14000917,1,100,19900000,170,199,199,29,17.06,199,29,17.06,199,199,1400-8-12,2021-11-03
893,شبهرن2,نفت‌ بهران‌,1,15669864,179576641440,11460,11460,11460,0,0,11460,0,0,11460,11460,1400-8-12,2021-11-03
894,انرژي22,فعالان بورس انرژي,1,1641600,150666048000,87410,91780,91780,4370,5,91780,4370,5,91780,91780,1400-8-12,2021-11-03
895,ضغدر1133,اختيارخ وغدير-16000-1400/11/20,1,7,15400000,1135,2200,2200,1065,93.83,2200,1065,93.83,2200,2200,1400-8-12,2021-11-03
896,وبشهر2,توسعه‌ صنايع‌ بهشهر(هلدينگ,1,6480880,84899528000,13030,13100,13100,70,0.54,13100,70,0.54,13100,13100,1400-8-12,2021-11-03
897,ياقوت2,صندوق س ياقوت آگاه-ثابت,1,92000,92000,13502,1,1,-13501,-99.99,1,-13501,-99.99,1,1,1400-8-12,2021-11-03
898,تملي808,تسهيلات مسكن ب. ملي-آبان98,1,18,5542920,293277,307940,307940,14663,5,307940,14663,5,307940,307940,1400-8-12,2021-11-03
899,اروند072,منفعت صبا اروند نوين 14001113,1,41000,40938500000,995500,998500,998500,3000,0.3,998500,3000,0.3,998500,998500,1400-8-12,2021-11-03
900,فردا4,صندوق س آواي فرداي زاگرس-ثابت,1,8500000,99739000000,11729,11734,11734,5,0.04,11734,5,0.04,11734,11734,1400-8-12,2021-11-03
901,زعف0008پ18,زعفران0008نگين بهرامن(پ),1,50,9880650,192520,197613,197613,5093,2.65,197613,5093,2.65,197613,197613,1400-8-12,2021-11-03
902,ضمخا1035,اختيارخ اخابر-7000-1400/10/26,1,12,17400000,1440,1450,1450,10,0.69,1450,10,0.69,1450,1450,1400-8-12,2021-11-03
903,اخزا918,اسنادخزانه-م18بودجه99-010323,1,20000,17580000000,879456,879000,879000,-456,-0.05,879000,-456,-0.05,879000,879000,1400-8-12,2021-11-03
904,اراد35,مرابحه عام دولت3-ش.خ 0103,1,5000,4856000000,986301,971200,971200,-15101,-1.53,971200,-15101,-1.53,971200,971200,1400-8-12,2021-11-03
905,ضجار1023,اختيارخ وتجارت-2500-1400/10/15,1,100,7000000,269,70,70,-199,-73.98,70,-199,-73.98,70,70,1400-8-12,2021-11-03
906,اشاد10,مشاركت دولتي10-شرايط خاص001226,1,500,478008000,984999,956016,956016,-28983,-2.94,956016,-28983,-2.94,956016,956016,1400-8-12,2021-11-03
907,صمعاد407,صكوك اجاره معادن407-3ماهه18%,1,5,5025000,1000000,1005000,1005000,5000,0.5,1005000,5000,0.5,1005000,1005000,1400-8-12,2021-11-03
908,پست0008پ08,پسته فندقي32-30مه ولات0008(پ),1,3,6240000,1991244,2080000,2080000,88756,4.46,2080000,88756,4.46,2080000,2080000,1400-8-12,2021-11-03
909,ضپنا1030,اختيارخ رمپنا-11850-1400/10/08,1,10,40000000,3057,4000,4000,943,30.85,4000,943,30.85,4000,4000,1400-8-12,2021-11-03
910,صايپا112,صكوك مرابحه سايپا112-3ماهه 16%,1,1000,1020000000,1010000,1020000,1020000,10000,0.99,1020000,10000,0.99,1020000,1020000,1400-8-12,2021-11-03
911,زعف0008پ15,زعفران0008پوشالمعمول طلاسرخ(پ),1,1,165870,157972,165870,165870,7898,5,165870,7898,5,165870,165870,1400-8-12,2021-11-03
912,کم ر 55,کم باري روز 55,1,3000,1740000,610,580,580,-30,-4.92,580,-30,-4.92,580,580,1400-8-12,2021-11-03
913,ومعادن2,توسعه‌معادن‌وفلزات‌,1,9800000,100058000000,9980,10210,10210,230,2.3,10210,230,2.3,10210,10210,1400-8-12,2021-11-03
914,ضغدر1131,اختيارخ وغدير-12000-1400/11/20,1,15,75000000,4880,5000,5000,120,2.46,5000,120,2.46,5000,5000,1400-8-12,2021-11-03
915,اراد724,مرابحه عام دولت72-ش.خ0311,1,280000,254156000000,934000,907700,907700,-26300,-2.82,907700,-26300,-2.82,907700,907700,1400-8-12,2021-11-03
916,طسپا8041,اختيارف خساپا-1600-1400/08/26,1,50,1000000,200,20,20,-180,-90,20,-180,-90,20,20,1400-8-12,2021-11-03
917,ضجار1021,اختيارخ وتجارت-1800-1400/10/15,1,7,2870000,338,410,410,72,21.3,410,72,21.3,410,410,1400-8-12,2021-11-03
918,ضپاس1013,اختيارخ وپارس-3000-1400/10/22,1,1,60000,87,60,60,-27,-31.03,60,-27,-31.03,60,60,1400-8-12,2021-11-03
919,ضسپا8044,اختيارخ خساپا-2500-1400/08/26,1,70,70000,1,1,1,0,0,1,0,0,1,1,1400-8-12,2021-11-03
920,اخزا0012,اسنادخزانه-م1بودجه00-030821,1,114992,60600784000,522551,527000,527000,4449,0.85,527000,4449,0.85,527000,527000,1400-8-12,2021-11-03
921,ضپال2002,اختيارخ اپال-16000-1401/02/12,1,1,8900000,8900,8900,8900,0,0,8900,0,0,8900,8900,1400-8-12,2021-11-03
922,ضسان1052,اختيارخ پارسان-28000-00/10/12,1,9,62550000,6875,6950,6950,75,1.09,6950,75,1.09,6950,6950,1400-8-12,2021-11-03
923,زعف0110پ19,زعفران0110نگين تروند قاينات(پ),1,200,50022600,250100,250113,250113,13,0.01,250113,13,0.01,250113,250113,1400-8-12,2021-11-03
924,ضشنا1047,اختيارخ شپنا-4905-1400/10/19,1,10,26000000,2047,2600,2600,553,27.02,2600,553,27.02,2600,2600,1400-8-12,2021-11-03
925,ضصاد8032,اختيارخ وبصادر-1989-1400/08/12,1,41,41000,1,1,1,0,0,1,0,0,1,1,1400-8-12,2021-11-03
926,كشم0101پ01,كشمش سبز0101خليل آباد(پ),1,10,6550000,648249,655000,655000,6751,1.04,655000,6751,1.04,655000,655000,1400-8-12,2021-11-03
927,زعف0008پ12,زعفران0008پوشالمعمول سحرخيز(پ),1,10,1658700,157972,165870,165870,7898,5,165870,7898,5,165870,165870,1400-8-12,2021-11-03
928,زير0103پ04,زيره سبز0103شركت مينوبذر(پ),1,13,8695713,700000,668901,668901,-31099,-4.44,668901,-31099,-4.44,668901,668901,1400-8-12,2021-11-03
929,اخزا0052,اسنادخزانه-م5بودجه00-030626,1,439990,238034590000,541549,541000,541000,-549,-0.1,541000,-549,-0.1,541000,541000,1400-8-12,2021-11-03
