,نماد,نام,تعداد,حجم,ارزش,دیروز,اولین,آخرین معامله - مقدار,آخرین معامله - تغییر,آخرین معامله - درصد,قیمت پایانی - مقدار,قیمت پایانی - تغییر,قیمت پایانی - درصد,کمترین,بیشترین,تاریخ,gregorian_date
0,سپيد,سپيد ماكيان,123697,39914124,1491191672640,35590,37360,37360,1770,4.97,37360,1770,4.97,37360,37360,1400-5-16,2021-08-07
1,دي,بانك دي,27212,886020366,1011197448000,1129,1129,1132,3,0.27,1141,12,1.06,1120,1178,1400-5-16,2021-08-07
2,شستا,سرمايه گذاري تامين اجتماعي,26868,123349176,1651700973500,13500,13700,13230,-270,-2,13390,-110,-0.81,13110,13840,1400-5-16,2021-08-07
3,دارا يكم,صندوق واسطه گري مالي يكم-سهام,26338,18362924,2233373743960,115440,117600,121960,6520,5.65,121620,6180,5.35,117450,123500,1400-5-16,2021-08-07
4,وهامون,سرمايه گذاري هامون صبا,24242,11777293,29984987978,2425,2546,2546,121,4.99,2546,121,4.99,2546,2546,1400-5-16,2021-08-07
5,لطيف,محصولات كاغذي لطيف,22221,1897539,100276175688,54540,54540,52562,-1978,-3.63,52845,-1695,-3.11,52000,54540,1400-5-16,2021-08-07
6,پالايش,صندوق پالايشي يكم-سهام,20654,17653675,1248574174310,70500,71460,70300,-200,-0.28,70730,230,0.33,70050,71620,1400-5-16,2021-08-07
7,فملي,ملي‌ صنايع‌ مس‌ ايران‌,18164,75721493,1054004098500,14020,14250,13850,-170,-1.21,13920,-100,-0.71,13630,14470,1400-5-16,2021-08-07
8,فارس,صنايع پتروشيمي خليج فارس,16943,268665288,3425580539120,12190,12790,12690,500,4.1,12750,560,4.59,12500,12790,1400-5-16,2021-08-07
9,خساپا,سايپا,16883,691582369,1253070802794,1744,1759,1796,52,2.98,1812,68,3.9,1755,1831,1400-5-16,2021-08-07
10,ومدير,گ.مديريت ارزش سرمايه ص ب كشوري,16575,166375851,737428318904,4324,4381,4525,201,4.65,4432,108,2.5,4347,4540,1400-5-16,2021-08-07
11,بركت,گروه دارويي بركت,15800,26954978,1076135446830,39150,40200,39650,500,1.28,39920,770,1.97,39390,41000,1400-5-16,2021-08-07
12,ولكار,ليزينگ كارآفرين,15210,12790554,52543368171,4221,4220,4115,-106,-2.51,4108,-113,-2.68,4010,4220,1400-5-16,2021-08-07
13,شپنا,پالايش نفت اصفهان,14841,128617021,1631157506590,12710,12900,12630,-80,-0.63,12680,-30,-0.24,12500,12990,1400-5-16,2021-08-07
14,وبملت,بانك ملت,14093,518677418,2019741570785,3715,3770,3900,185,4.98,3894,179,4.82,3770,3900,1400-5-16,2021-08-07
15,گدنا,تهيه توزيع غذاي دنا آفرين فدك,13699,9583231,206434100663,21998,22743,20899,-1099,-5,21541,-457,-2.08,20899,22780,1400-5-16,2021-08-07
16,خودرو,ايران‌ خودرو,13049,332572824,668471478363,1971,1990,2002,31,1.57,2010,39,1.98,1989,2049,1400-5-16,2021-08-07
17,وتجارت,بانك تجارت,12206,331971925,844380918114,2450,2461,2549,99,4.04,2544,94,3.84,2461,2572,1400-5-16,2021-08-07
18,فگستر,گسترش صنايع روي ايرانيان,11896,6924956,100795478675,14949,14970,14390,-559,-3.74,14555,-394,-2.64,14250,15250,1400-5-16,2021-08-07
19,پترول,گ.س.وت.ص.پتروشيمي خليج فارس,11808,72275052,766528967330,10720,10870,10520,-200,-1.87,10610,-110,-1.03,10450,10870,1400-5-16,2021-08-07
20,فتوسا,توليد و توسعه سرب روي ايرانيان,11652,10156408,148621913748,14998,15270,14400,-598,-3.99,14633,-365,-2.43,14249,15270,1400-5-16,2021-08-07
21,نوري,پتروشيمي نوري,11439,8924893,845882366880,96860,98800,94200,-2660,-2.75,94780,-2080,-2.15,92330,99500,1400-5-16,2021-08-07
22,شتران,پالايش نفت تهران,10539,64622615,595614044460,9380,9460,9120,-260,-2.77,9220,-160,-1.71,9100,9480,1400-5-16,2021-08-07
23,آريا,پليمر آريا ساسول,10195,6511051,699491052560,108264,108697,108260,-4,0,107431,-833,-0.77,105000,112500,1400-5-16,2021-08-07
24,ثبهساز,بهساز كاشانه تهران,9865,55497703,125156934590,2204,2210,2314,110,4.99,2255,51,2.31,2210,2314,1400-5-16,2021-08-07
25,كاما,باما,9807,56122807,653476436460,12180,12170,11590,-590,-4.84,11640,-540,-4.43,11580,12170,1400-5-16,2021-08-07
26,بوعلي,پتروشيمي بوعلي سينا,9802,6703981,416375802710,60830,63030,63400,2570,4.22,62110,1280,2.1,60040,63870,1400-5-16,2021-08-07
27,غگيلا,شيرپاستوريزه پگاه گيلان,9201,16307796,410634185606,24895,26130,26139,1244,5,25180,285,1.14,23651,26139,1400-5-16,2021-08-07
28,غكورش,صنعت غذايي كورش,8922,7440048,322090774000,42500,44190,43500,1000,2.35,43290,790,1.86,42520,44190,1400-5-16,2021-08-07
29,خگستر,گسترش‌سرمايه‌گذاري‌ايران‌خودرو,8712,196095582,508396491420,2559,2590,2570,11,0.43,2593,34,1.33,2553,2656,1400-5-16,2021-08-07
30,چخزر,صنايع چوب خزر كاسپين,8133,2494809,97678150458,38435,40000,39990,1555,4.05,39153,718,1.87,38060,40000,1400-5-16,2021-08-07
31,وبصادر,بانك صادرات ايران,7521,323811583,688805170809,2031,2059,2132,101,4.97,2127,96,4.73,2041,2132,1400-5-16,2021-08-07
32,هاي وب,داده گسترعصرنوين-هاي وب,7485,116250738,1077879186500,8900,8860,9340,440,4.94,9270,370,4.16,8860,9340,1400-5-16,2021-08-07
33,وغدير,سرمايه‌گذاري‌غدير(هلدينگ‌,7366,44070334,656259683140,15030,15150,14760,-270,-1.8,14890,-140,-0.93,14600,15400,1400-5-16,2021-08-07
34,ذوب,سهامي ذوب آهن  اصفهان,7233,126739646,530305216144,4269,4260,4169,-100,-2.34,4184,-85,-1.99,4137,4300,1400-5-16,2021-08-07
35,شگويا,پتروشيمي تندگويان,7013,30584747,349786614749,11759,12020,11370,-389,-3.31,11437,-322,-2.74,11230,12020,1400-5-16,2021-08-07
36,كمند,صندوق س. با درآمد ثابت كمند,6785,258204675,2583569004059,10159,10007,10006,-153,-1.51,10006,-153,-1.51,10005,10007,1400-5-16,2021-08-07
37,شاروم,پتروشيمي اروميه,6670,4631527,71459499573,14994,15285,15205,211,1.41,15429,435,2.9,15043,15735,1400-5-16,2021-08-07
38,كزغال,زغال سنگ پروده طبس,6338,4480626,165383622011,36702,37400,37000,298,0.81,36911,209,0.57,36010,37490,1400-5-16,2021-08-07
39,كرمان,س. توسعه و عمران استان كرمان,5990,261883075,332602555068,1214,1230,1274,60,4.94,1270,56,4.61,1230,1274,1400-5-16,2021-08-07
40,فجر,فولاد اميركبيركاشان,5745,13458216,394061024270,29820,30000,29560,-260,-0.87,29280,-540,-1.81,28520,30300,1400-5-16,2021-08-07
41,شاراك,پتروشيمي شازند,5742,18734243,700915231890,38940,39800,37020,-1920,-4.93,37410,-1530,-3.93,37000,39980,1400-5-16,2021-08-07
42,ثاميد,توسعه و عمران اميد,5719,41993140,74265592895,1755,1770,1784,29,1.65,1769,14,0.8,1743,1791,1400-5-16,2021-08-07
43,غزر,صنعتي زر ماكارون,5530,2029062,45494157870,22950,22820,22320,-630,-2.75,22420,-530,-2.31,22230,23000,1400-5-16,2021-08-07
44,خزر,فنرسازي‌زر,5413,17784441,282971196830,16470,16100,15700,-770,-4.68,15910,-560,-3.4,15650,16700,1400-5-16,2021-08-07
45,ومعادن,توسعه‌معادن‌وفلزات‌,5392,45541913,551511391930,12140,12590,12040,-100,-0.82,12110,-30,-0.25,11900,12650,1400-5-16,2021-08-07
46,زملارد,كشاورزي و دامپروري ملارد شير,5207,781608,22403849142,28802,29665,28450,-352,-1.22,28664,-138,-0.48,28150,29665,1400-5-16,2021-08-07
47,وكبهمن,مديريت سرمايه گذاري كوثربهمن,5151,1364395,14785282857,10684,11000,10899,215,2.01,10832,148,1.39,10700,11043,1400-5-16,2021-08-07
48,غويتا,ويتانا,5071,33563978,291291929575,8395,8814,8525,130,1.55,8679,284,3.38,8400,8814,1400-5-16,2021-08-07
49,وسپهر,سرمايه گذاري مالي سپهرصادرات,5054,13389117,124795451051,9320,9325,9320,0,0,9321,1,0.01,9320,9330,1400-5-16,2021-08-07
50,شپلي,پلي اكريل ايران,5046,43939624,511689324258,11530,11670,11560,30,0.26,11645,115,1,11350,11760,1400-5-16,2021-08-07
51,خپارس,پارس‌ خودرو,5044,183272494,206942071232,1124,1130,1118,-6,-0.53,1129,5,0.44,1109,1162,1400-5-16,2021-08-07
52,تاپيكو,س. نفت و گاز و پتروشيمي تأمين,4960,42831457,655957328120,15180,15610,15110,-70,-0.46,15310,130,0.86,15010,15690,1400-5-16,2021-08-07
53,حكشتي,كشتيراني جمهوري اسلامي ايران,4940,17966750,292948075830,16680,16700,16200,-480,-2.88,16310,-370,-2.22,16000,16900,1400-5-16,2021-08-07
54,رافزا,رايان هم افزا,4730,879917,65994633588,75017,75017,75000,-17,-0.02,75001,-16,-0.02,75000,75027,1400-5-16,2021-08-07
55,ونوين,بانك‌اقتصادنوين‌,4648,119699839,598654471853,4775,4800,5010,235,4.92,5001,226,4.73,4730,5013,1400-5-16,2021-08-07
56,شفن,پتروشيمي فناوران,4521,1220814,468233497950,371870,390400,384000,12130,3.26,383540,11670,3.14,372500,390400,1400-5-16,2021-08-07
57,فرابورس,فرابورس ايران,4465,16587290,344149961140,19991,20792,20990,999,5,20748,757,3.79,20146,20990,1400-5-16,2021-08-07
58,آبادا,توليد نيروي برق آبادان,4423,2636859,31301349560,12150,12050,11800,-350,-2.88,11870,-280,-2.3,11580,12240,1400-5-16,2021-08-07
59,شبريز,پالايش نفت تبريز,4372,9777898,347417608400,36170,36740,35510,-660,-1.82,35530,-640,-1.77,34900,37000,1400-5-16,2021-08-07
60,خصدرا,صنعتي‌ دريايي‌ ايران‌,4301,151357393,427819361445,2747,2829,2829,82,2.99,2827,80,2.91,2759,2829,1400-5-16,2021-08-07
61,ولپارس,ليزينگ پارسيان,4278,4221529,16910449736,4027,4028,3990,-37,-0.92,4006,-21,-0.52,3960,4070,1400-5-16,2021-08-07
62,سيتا,سرمايه گذاري سيمان تامين,4274,4741527,68063544890,14290,14640,14210,-80,-0.56,14350,60,0.42,14190,14640,1400-5-16,2021-08-07
63,بپيوند,برق و انرژي پيوندگستر پارس,4250,2759721,30287569906,11005,10950,10970,-35,-0.32,10975,-30,-0.27,10615,11148,1400-5-16,2021-08-07
64,فخوز,فولاد  خوزستان,4238,25757126,418998939720,16760,16880,16450,-310,-1.85,16270,-490,-2.92,15930,16890,1400-5-16,2021-08-07
65,وپارس,بانك‌پارسيان‌,4203,94719846,263722302451,2722,2765,2740,18,0.66,2784,62,2.28,2700,2850,1400-5-16,2021-08-07
66,وخارزم,سرمايه گذاري خوارزمي,4073,29595335,178909862920,5910,6130,6060,150,2.54,6050,140,2.37,5950,6140,1400-5-16,2021-08-07
67,ثشرق,سرمايه گذاري مسكن شمال شرق,4031,33211672,172619309880,5340,5320,5080,-260,-4.87,5200,-140,-2.62,5080,5440,1400-5-16,2021-08-07
68,وآيند,بانك  آينده,3952,18670189,187404203437,10275,10290,9864,-411,-4,10038,-237,-2.31,9864,10495,1400-5-16,2021-08-07
69,ميدكو,توسعه معادن وص.معدني خاورميانه,3912,12946640,553859151480,43110,43110,43080,-30,-0.07,42780,-330,-0.77,40960,43490,1400-5-16,2021-08-07
70,غصينو,صنعتي مينو,3824,6673272,296858167521,46311,43996,44200,-2111,-4.56,44485,-1826,-3.94,43996,46290,1400-5-16,2021-08-07
71,بگيلان,توسعه مسير برق گيلان,3767,773234,14779691067,19274,19276,19150,-124,-0.64,19202,-72,-0.37,18700,19450,1400-5-16,2021-08-07
72,حآسا,آسيا سير ارس,3739,8808645,196253552119,22986,23000,22890,-96,-0.42,22280,-706,-3.07,21837,23330,1400-5-16,2021-08-07
73,امين,تامين سرمايه امين,3698,1959330,14982824060,7620,7680,7640,20,0.26,7630,10,0.13,7640,7680,1400-5-16,2021-08-07
74,خبهمن,گروه‌بهمن‌,3690,143464297,198681042170,1358,1360,1384,26,1.91,1385,27,1.99,1358,1405,1400-5-16,2021-08-07
75,امين يكم,صندوق درآمد ثابت امين يكم فردا,3631,123164204,1238532363677,10045,10057,10057,12,0.12,10056,11,0.11,10052,10060,1400-5-16,2021-08-07
76,شلعاب,لعابيران‌,3590,20579638,173012065370,8790,8510,8360,-430,-4.89,8410,-380,-4.32,8360,8660,1400-5-16,2021-08-07
77,كگل,معدني و صنعتي گل گهر,3588,19388394,441736053910,22890,23330,22930,40,0.17,22780,-110,-0.48,22300,23330,1400-5-16,2021-08-07
78,سدبير,س. تدبيرگران فارس وخوزستان,3453,8362439,375913102081,44783,42544,47022,2239,5,44953,170,0.38,42544,47022,1400-5-16,2021-08-07
79,اپال,فرآوري معدني اپال كاني پارس,3432,30496105,680908759210,22390,22390,22210,-180,-0.8,22330,-60,-0.27,22160,22790,1400-5-16,2021-08-07
80,تيپيكوح,ح . سرمايه گذاري دارويي تامين,3294,12146770,209335771580,15770,16490,17130,1360,8.62,17230,1460,9.26,15820,17340,1400-5-16,2021-08-07
81,كچاد,معدني‌وصنعتي‌چادرملو,3279,10190724,305561360710,30240,30850,30010,-230,-0.76,29980,-260,-0.86,29720,30860,1400-5-16,2021-08-07
82,ثنوسا,نوسازي‌وساختمان‌تهران‌,3249,23137737,189074291570,8470,8200,8190,-280,-3.31,8170,-300,-3.54,8050,8610,1400-5-16,2021-08-07
83,غگل,گلوكوزان‌,3204,43247883,160900647258,3727,3810,3771,44,1.18,3720,-7,-0.19,3650,3819,1400-5-16,2021-08-07
84,وگستر,گسترش سرمايه گذاري ايرانيان,3187,11837421,131450192442,11399,11100,10940,-459,-4.03,11105,-294,-2.58,10830,11660,1400-5-16,2021-08-07
85,وپويا,سرمايه گذاري پويا,3110,5731882,25170454410,4377,4390,4375,-2,-0.05,4391,14,0.32,4363,4437,1400-5-16,2021-08-07
86,ثشاهد,سرمايه‌ گذاري‌ شاهد,3104,13010852,180678180880,13400,13340,14070,670,5,13890,490,3.66,13340,14070,1400-5-16,2021-08-07
87,غپينو,پارس‌ مينو,3082,29069286,144763865700,5200,5130,4940,-260,-5,4980,-220,-4.23,4940,5200,1400-5-16,2021-08-07
88,ولغدر,ليزينگ‌خودروغدير,3059,10286820,166833133070,16800,16300,16100,-700,-4.17,16220,-580,-3.45,15960,17200,1400-5-16,2021-08-07
89,غنوش,نوش‌ مازندران‌,3049,3669031,135848118620,37450,36500,37100,-350,-0.93,37030,-420,-1.12,35810,38440,1400-5-16,2021-08-07
90,فروي,ذوب روي اصفهان,2989,3818074,121086102707,31924,32500,31550,-374,-1.17,31714,-210,-0.66,31220,32500,1400-5-16,2021-08-07
91,فزرين,زرين معدن آسيا,2961,11048627,175305805534,16479,16250,15656,-823,-4.99,15867,-612,-3.71,15656,16840,1400-5-16,2021-08-07
92,سرو,صندوق س سروسودمند مدبران-سهام,2917,2735858,210789275230,75730,79900,77200,1470,1.94,77050,1320,1.74,75890,79900,1400-5-16,2021-08-07
93,شفارس,صنايع‌ شيميايي‌ فارس‌,2869,64739456,117912929646,1779,1795,1864,85,4.78,1821,42,2.36,1765,1865,1400-5-16,2021-08-07
94,شصدف,صنعتي دوده فام,2866,3937522,169379048590,40991,43000,43040,2049,5,43017,2026,4.94,42500,43040,1400-5-16,2021-08-07
95,فاراكح,ح . ماشين‌ سازي‌ اراك‌,2811,60836141,50328547589,850,831,821,-29,-3.41,827,-23,-2.71,813,860,1400-5-16,2021-08-07
96,خاور,ايران خودرو ديزل,2803,21375244,162634047942,7778,7580,7580,-198,-2.55,7609,-169,-2.17,7545,7877,1400-5-16,2021-08-07
97,شتوكا,توكا رنگ فولاد سپاهان,2775,8828171,320132558990,36120,37790,34800,-1320,-3.65,36263,143,0.4,34314,37850,1400-5-16,2021-08-07
98,چكاپا,گروه صنايع كاغذ پارس,2773,36267862,134799982538,3870,3740,3677,-193,-4.99,3717,-153,-3.95,3677,3850,1400-5-16,2021-08-07
99,وتوصا,گروه س توسعه صنعتي ايران,2723,21015066,189560723800,8690,8950,8930,240,2.76,9020,330,3.8,8820,9120,1400-5-16,2021-08-07
100,پاكشو,گروه صنعتي پاكشو,2700,49641469,298430648400,5760,6040,5890,130,2.26,6010,250,4.34,5830,6040,1400-5-16,2021-08-07
101,شغدير,پتروشيمي غدير,2686,2777171,220602546610,82090,82920,78900,-3190,-3.89,79430,-2660,-3.24,77990,83100,1400-5-16,2021-08-07
102,كگهر,سنگ آهن گهرزمين,2648,9988141,484445215005,46336,48652,47500,1164,2.51,48502,2166,4.67,47221,48652,1400-5-16,2021-08-07
103,فاذر,صنايع‌ آذرآب‌,2624,97079096,118809869299,1209,1181,1239,30,2.48,1224,15,1.24,1181,1241,1400-5-16,2021-08-07
104,غپونه,نوش پونه مشهد,2604,16836705,300247358453,17709,18240,17300,-409,-2.31,17833,124,0.7,17178,18240,1400-5-16,2021-08-07
105,اعتماد,صندوق س.اعتماد آفرين پارسيان-د,2596,77726120,2950618672930,37923,37960,37964,41,0.11,37962,39,0.1,37960,37965,1400-5-16,2021-08-07
106,بنو,بيمه تجارت نو,2573,35170863,463845520405,13450,13950,12948,-502,-3.73,13188,-262,-1.95,12778,13950,1400-5-16,2021-08-07
107,پيزد,مجتمع صنايع لاستيك يزد,2572,274582,19740770279,73133,74000,70805,-2328,-3.18,71894,-1239,-1.69,70800,74000,1400-5-16,2021-08-07
108,دفارا,داروسازي‌ فارابي‌,2563,7724873,138774539810,17520,18390,17550,30,0.17,17960,440,2.51,17060,18390,1400-5-16,2021-08-07
109,صبا,سرمايه گذاري صبا تامين,2544,11364397,99232209222,8781,8820,8691,-90,-1.02,8740,-41,-0.47,8681,8880,1400-5-16,2021-08-07
110,سمگا,گروه سرمايه گذاري ميراث فرهنگي,2540,9418340,249578155762,26826,26167,27010,184,0.69,26499,-327,-1.22,25600,27200,1400-5-16,2021-08-07
111,كيان,صندوق س. با درآمد ثابت كيان,2486,29738444,886260141539,29770,29810,29820,50,0.17,29802,32,0.11,29800,29830,1400-5-16,2021-08-07
112,بترانس,ايران‌ ترانسفو,2472,55771150,123514951761,2239,2220,2201,-38,-1.7,2215,-24,-1.07,2190,2275,1400-5-16,2021-08-07
113,وتوكا,سرمايه‌گذاري‌توكافولاد(هلدينگ,2450,19066310,197627694730,10110,10510,10210,100,0.99,10370,260,2.57,9950,10610,1400-5-16,2021-08-07
114,زاگرس,پتروشيمي زاگرس,2442,1511220,342530799689,230602,230998,223050,-7552,-3.27,226658,-3944,-1.71,221890,236195,1400-5-16,2021-08-07
115,آگاس,صندوق س.هستي بخش آگاه-س,2395,1871536,152205155957,81013,83000,81280,267,0.33,81326,313,0.39,80300,83000,1400-5-16,2021-08-07
116,لكما,كارخانجات‌مخابراتي‌ايران‌,2385,68619981,102301598876,1450,1492,1493,43,2.97,1491,41,2.83,1445,1493,1400-5-16,2021-08-07
117,وپاسار,بانك  پاسارگاد,2321,23546189,362177707940,15350,15360,15390,40,0.26,15380,30,0.2,15350,15600,1400-5-16,2021-08-07
118,زكوثر,سرمايه گذاري كشاورزي كوثر,2304,5589891,94534852910,17280,16930,17100,-180,-1.04,16910,-370,-2.14,16510,17390,1400-5-16,2021-08-07
119,فولاي,صنايع فولاد آلياژي يزد,2303,4473449,99063421750,22015,22490,22200,185,0.84,22145,130,0.59,20915,22900,1400-5-16,2021-08-07
120,ميدكوح,ح.توسعه م وص.معدني خاورميانه,2204,3892615,163918782168,1000,42110,42110,41110,4111,42110,41110,4111,42110,42170,1400-5-16,2021-08-07
121,كلر,كلر پارس,2200,2403180,258161402028,103425,104200,108596,5171,5,107425,4000,3.87,104200,108596,1400-5-16,2021-08-07
122,پارسان,گسترش نفت و گاز پارسيان,2200,11963567,329586418660,28220,28700,27430,-790,-2.8,27550,-670,-2.37,27220,28780,1400-5-16,2021-08-07
123,ماديرا,صنايع ماديران,2159,18394411,138770713254,7593,7580,7500,-93,-1.22,7544,-49,-0.65,7394,7800,1400-5-16,2021-08-07
124,خزاميا,زامياد,2156,21970624,140371130800,6240,6270,6300,60,0.96,6390,150,2.4,6260,6550,1400-5-16,2021-08-07
125,فاراك,ماشين‌ سازي‌ اراك‌,2154,39755193,73483539822,1867,1828,1831,-36,-1.93,1848,-19,-1.02,1828,1900,1400-5-16,2021-08-07
126,كهمدا,شيشه‌ همدان‌,2148,18433158,188866288750,9800,10040,10290,490,5,10250,450,4.59,9900,10290,1400-5-16,2021-08-07
127,وبانك,سرمايه گذاري گروه توسعه ملي,2144,16533995,144827814100,9000,9000,8700,-300,-3.33,8760,-240,-2.67,8650,9000,1400-5-16,2021-08-07
128,كوير,توليدي فولاد سپيد فراب كوير,2139,9768452,131840891840,13780,13650,13310,-470,-3.41,13500,-280,-2.03,13280,14000,1400-5-16,2021-08-07
129,خكار,ايركا پارت صنعت,2097,5488182,84786404930,15660,15150,15150,-510,-3.26,15450,-210,-1.34,14970,15990,1400-5-16,2021-08-07
130,دماوند,توليد نيروي برق دماوند,2077,3621833,90574946941,25835,25700,24544,-1291,-5,25008,-827,-3.2,24544,25860,1400-5-16,2021-08-07
131,آسيا,بيمه آسيا,2034,44607041,91968878641,2019,2080,2080,61,3.02,2062,43,2.13,2001,2109,1400-5-16,2021-08-07
132,ختور,رادياتور ايران‌,2032,6059843,109372699840,18710,18720,17980,-730,-3.9,18050,-660,-3.53,17780,19000,1400-5-16,2021-08-07
133,پتاير,ايران‌ تاير,2024,34258917,94264509656,2762,2763,2730,-32,-1.16,2752,-10,-0.36,2710,2810,1400-5-16,2021-08-07
134,فسرب,ملي‌ سرب‌وروي‌ ايران‌,2013,2166867,180411480620,79890,83700,83880,3990,4.99,83260,3370,4.22,81020,83880,1400-5-16,2021-08-07
135,بكهنوج,توليد برق ماهتاب كهنوج,2009,56640258,103526751498,1757,1818,1844,87,4.95,1828,71,4.04,1760,1844,1400-5-16,2021-08-07
136,ودي,بيمه  دي,1952,15381116,135340579429,9118,9030,8810,-308,-3.38,8799,-319,-3.5,8663,9030,1400-5-16,2021-08-07
137,قرن,پديده شيمي قرن,1945,2620104,80189087710,29320,29320,30780,1460,4.98,30610,1290,4.4,29050,30780,1400-5-16,2021-08-07
138,وسخوز,شركت س استان خوزستان,1934,174966845,104811497323,573,595,601,28,4.89,599,26,4.54,590,601,1400-5-16,2021-08-07
139,كروي,توسعه‌ معادن‌ روي‌ ايران‌,1917,5164205,136545967930,26750,27140,27150,400,1.5,26440,-310,-1.16,25500,27600,1400-5-16,2021-08-07
140,تاصيكو,سرمايه گذاري صدرتامين,1883,14515300,168190158890,11480,11680,11680,200,1.74,11590,110,0.96,11300,11900,1400-5-16,2021-08-07
141,شپديس,پتروشيمي پرديس,1880,2025098,290944537310,146800,148850,143570,-3230,-2.2,143670,-3130,-2.13,141010,148890,1400-5-16,2021-08-07
142,اخابر,مخابرات ايران,1877,15084291,142429213410,9540,9510,9330,-210,-2.2,9440,-100,-1.05,9170,9680,1400-5-16,2021-08-07
143,تيپيكو,سرمايه گذاري دارويي تامين,1877,28501725,653222587920,21830,22910,22920,1090,4.99,22920,1090,4.99,22500,22920,1400-5-16,2021-08-07
144,آريان,سرمايه گذاري پارس آريان,1874,17305084,272404034977,15923,15990,15550,-373,-2.34,15741,-182,-1.14,15446,16150,1400-5-16,2021-08-07
145,فجام,جام‌دارو,1871,9491516,62244871300,6800,6790,6630,-170,-2.5,6560,-240,-3.53,6470,6790,1400-5-16,2021-08-07
146,حفارس,حمل و نقل بين المللي خليج فارس,1847,20971450,65612706475,3194,3150,3120,-74,-2.32,3129,-65,-2.04,3065,3247,1400-5-16,2021-08-07
147,البرز,بيمه البرز,1814,37844358,103975958709,2818,2790,2725,-93,-3.3,2747,-71,-2.52,2690,2800,1400-5-16,2021-08-07
148,شيران,س. صنايع‌شيميايي‌ايران,1809,5121452,129415709190,26040,26050,25000,-1040,-3.99,25270,-770,-2.96,24880,26330,1400-5-16,2021-08-07
149,خودكفا,اقتصادي و خودكفايي آزادگان,1807,6447451,87893798583,13457,13750,13670,213,1.58,13632,175,1.3,13462,13857,1400-5-16,2021-08-07
150,حفاري,حفاري شمال,1795,14068570,84636513650,5840,6020,6040,200,3.42,6020,180,3.08,5850,6090,1400-5-16,2021-08-07
151,غاذر,كشت‌وصنعت‌پياذر,1794,2892657,69662801090,25220,24490,23960,-1260,-5,24080,-1140,-4.52,23960,25220,1400-5-16,2021-08-07
152,ساربيل,سيمان آرتا اردبيل,1783,2081692,75175518690,37720,37680,35990,-1730,-4.59,36110,-1610,-4.27,35840,37980,1400-5-16,2021-08-07
153,ميهن,بيمه ميهن,1777,17925946,59900364258,3475,3431,3302,-173,-4.98,3342,-133,-3.83,3302,3475,1400-5-16,2021-08-07
154,طلا,صندوق س.پشتوانه طلاي لوتوس,1764,3664765,298167308873,83453,82000,82480,-973,-1.17,81361,-2092,-2.51,80500,83000,1400-5-16,2021-08-07
155,فسپا,گروه‌صنعتي‌سپاهان‌,1745,3565432,152063792350,41800,43000,42690,890,2.13,42650,850,2.03,41800,43890,1400-5-16,2021-08-07
156,كسرام,پارس‌ سرام‌,1735,13958728,93003186420,6960,7000,6700,-260,-3.74,6660,-300,-4.31,6620,7000,1400-5-16,2021-08-07
157,وليز,ليزينگ‌ايران‌,1733,13858386,72665158980,5460,5260,5280,-180,-3.3,5240,-220,-4.03,5190,5450,1400-5-16,2021-08-07
158,سفارس,سيمان فارس و خوزستان,1724,7322949,167644751780,22650,22720,22600,-50,-0.22,22890,240,1.06,22200,23680,1400-5-16,2021-08-07
159,ثاخت,بين‌المللي‌توسعه‌ساختمان,1721,30027918,66250212811,2191,2200,2199,8,0.37,2206,15,0.68,2160,2260,1400-5-16,2021-08-07
160,نطرين,عطرين نخ قم,1707,5773768,46065653869,8182,8182,7864,-318,-3.89,7978,-204,-2.49,7773,8337,1400-5-16,2021-08-07
161,غمهرا,توليدي‌مهرام‌,1691,1119479,67942173140,63330,61220,61160,-2170,-3.43,60690,-2640,-4.17,60170,63210,1400-5-16,2021-08-07
162,چدن,توليدي چدن سازان,1678,12354859,48996989288,4052,4050,3940,-112,-2.76,3966,-86,-2.12,3860,4080,1400-5-16,2021-08-07
163,شپترو,پتروشيمي آبادان,1678,42597184,198130583162,4544,4680,4510,-34,-0.75,4651,107,2.35,4450,4680,1400-5-16,2021-08-07
164,قرنح,ح . پديده شيمي قرن,1674,1627366,39424432440,23390,23860,24370,980,4.19,24230,840,3.59,23350,24700,1400-5-16,2021-08-07
165,وپست,پست بانك ايران,1671,6518761,137535576260,20460,19680,20720,260,1.27,21100,640,3.13,19680,21480,1400-5-16,2021-08-07
166,شلرد,كود شيميايي اوره لردگان,1663,13332484,109542962103,8296,8367,8168,-128,-1.54,8216,-80,-0.96,8130,8460,1400-5-16,2021-08-07
167,رنيك,جنرال مكانيك,1641,4830448,80129893124,17356,17050,16660,-696,-4.01,16589,-767,-4.42,16489,17100,1400-5-16,2021-08-07
168,خرينگ,رينگ‌سازي‌مشهد,1637,2500978,74977956290,29440,28350,30540,1100,3.74,29980,540,1.83,28340,30850,1400-5-16,2021-08-07
169,وآذر,سرمايه‌گذاري‌توسعه‌آذربايجان‌,1636,2373148,171169864930,68780,72200,72210,3430,4.99,72130,3350,4.87,69390,72210,1400-5-16,2021-08-07
170,فاسمين,كالسيمين‌,1601,7016629,118926502060,17080,17390,16820,-260,-1.52,16950,-130,-0.76,16530,17390,1400-5-16,2021-08-07
171,فاهواز,نورد و لوله اهواز,1597,10817270,82838353031,7657,7720,7662,5,0.07,7658,1,0.01,7581,7720,1400-5-16,2021-08-07
172,وهور,مديريت انرژي اميد  تابان هور,1594,44659076,69037306603,1568,1595,1560,-8,-0.51,1546,-22,-1.4,1510,1595,1400-5-16,2021-08-07
173,تملت,تامين سرمايه بانك ملت,1592,9667355,44007436792,4573,4696,4512,-61,-1.33,4552,-21,-0.46,4492,4700,1400-5-16,2021-08-07
174,تسه0004,امتيازتسهيلات مسكن تير1400,1590,31015,18904771986,608259,615000,591000,-17259,-2.84,609536,1277,0.21,580000,629000,1400-5-16,2021-08-07
175,سشرق,سيمان‌ شرق‌,1568,13187333,108707230250,7970,8300,8310,340,4.27,8240,270,3.39,8010,8350,1400-5-16,2021-08-07
176,ونيكي,سرمايه‌گذاري‌ ملي‌ايران‌,1567,11272847,115289329030,10360,10500,10200,-160,-1.54,10230,-130,-1.25,10050,10600,1400-5-16,2021-08-07
177,دتوليد,داروسازي توليد دارو,1564,4700817,58900371158,12935,12820,12400,-535,-4.14,12530,-405,-3.13,12312,12820,1400-5-16,2021-08-07
178,غشهداب,كشت و صنعت شهداب ناب خراسان,1550,14083833,47737800103,3379,3379,3401,22,0.65,3390,11,0.33,3321,3472,1400-5-16,2021-08-07
179,وصندوق,سرمايه‌گذاري‌صندوق‌بازنشستگي‌,1531,12342643,215566441790,17920,17900,17470,-450,-2.51,17470,-450,-2.51,17050,18090,1400-5-16,2021-08-07
180,كلوند,كاشي‌ الوند,1530,4203095,93226337690,23130,23000,22050,-1080,-4.67,22180,-950,-4.11,21980,23000,1400-5-16,2021-08-07
181,تپمپي,پمپ‌ سازي‌ ايران‌,1525,11698055,169394175910,14000,13800,14700,700,5,14480,480,3.43,13770,14700,1400-5-16,2021-08-07
182,سدور,سيمان‌ دورود,1524,8225618,81500666070,9840,10220,9610,-230,-2.34,9910,70,0.71,9350,10290,1400-5-16,2021-08-07
183,بجهرم,توسعه مولد نيروگاهي جهرم,1511,21851934,53411186464,2412,2420,2456,44,1.82,2444,32,1.33,2413,2479,1400-5-16,2021-08-07
184,ثفارس,عمران‌وتوسعه‌فارس‌,1493,9504173,66672591590,7010,7130,6940,-70,-1,7020,10,0.14,6910,7190,1400-5-16,2021-08-07
185,سجامح,ح.مجتمع سيمان غرب آسيا,1493,382571819,690640610025,2012,2700,1800,-212,-10.54,1805,-207,-10.29,1800,2700,1400-5-16,2021-08-07
186,وسكرمان,س.سهام عدالت استان كرمان,1488,105109279,63957263868,580,606,609,29,5,608,28,4.83,595,609,1400-5-16,2021-08-07
187,قنيشا,قند  نيشابور,1485,1162173,66374228320,55660,57000,57500,1840,3.31,57110,1450,2.61,55920,58000,1400-5-16,2021-08-07
188,كاوه,فولاد كاوه جنوب كيش,1469,7924972,148965940030,18790,18860,18800,10,0.05,18800,10,0.05,18360,19200,1400-5-16,2021-08-07
189,حسير,ريل سير كوثر,1447,6108445,152794921137,24535,24535,25403,868,3.54,25014,479,1.95,24535,25403,1400-5-16,2021-08-07
190,سبهان,سيمان‌ بهبهان‌,1436,675788,46538377710,68640,71700,67280,-1360,-1.98,68870,230,0.34,67000,71700,1400-5-16,2021-08-07
191,واحيا,م .صنايع و معادن احياء سپاهان,1426,3051436,610498746287,194399,200230,200230,5831,3,200069,5670,2.92,197100,200230,1400-5-16,2021-08-07
192,كبافق,معادن‌ بافق‌,1425,1531617,55356065520,37390,37000,36400,-990,-2.65,36140,-1250,-3.34,35610,37100,1400-5-16,2021-08-07
193,فباهنر,مس‌ شهيدباهنر,1414,3528965,93173989180,25770,26100,26570,800,3.1,26400,630,2.44,25770,26990,1400-5-16,2021-08-07
194,كارين,صندوق س نگين سامان-ثابت,1413,66118204,667024275064,10073,10090,10087,14,0.14,10088,15,0.15,10086,10093,1400-5-16,2021-08-07
195,شنفت,نفت‌ پارس‌,1401,3342752,205127074980,58840,61780,61010,2170,3.69,61360,2520,4.28,59910,61780,1400-5-16,2021-08-07
196,فوكا,فولاد كاويان,1399,16446464,259791010904,15392,15700,15853,461,3,15796,404,2.62,15166,15853,1400-5-16,2021-08-07
197,كيسون,شركت كيسون,1390,13564155,120161520456,9224,8856,8856,-368,-3.99,8859,-365,-3.96,8856,8990,1400-5-16,2021-08-07
198,وسرضوي,س.سهام عدالت استان خراسان رضوي,1383,42707942,33255008599,796,757,761,-35,-4.4,791,-5,-0.63,757,813,1400-5-16,2021-08-07
199,زمگسا,كشاورزي‌ ودامپروي‌ مگسال‌,1382,2838900,71362435670,26250,26000,25010,-1240,-4.72,25140,-1110,-4.23,24940,26250,1400-5-16,2021-08-07
200,وآوا,سرمايه گذاري آوا نوين,1371,6866363,35450371919,5132,5201,5130,-2,-0.04,5163,31,0.6,5080,5313,1400-5-16,2021-08-07
201,ولانا,شركت ليزينگ آريا دانا,1371,3832368,94743342205,24033,24753,24721,688,2.86,24722,689,2.87,24167,24753,1400-5-16,2021-08-07
202,رمپنا,گروه مپنا (سهامي عام),1355,8097647,145086759750,18400,18800,18000,-400,-2.17,17920,-480,-2.61,17750,18890,1400-5-16,2021-08-07
203,همراه,شركت ارتباطات سيار ايران,1352,4948570,44794991870,9310,9230,9030,-280,-3.01,9210,-100,-1.07,8950,9380,1400-5-16,2021-08-07
204,كفپارس,فرآورده‌هاي‌ نسوز پارس‌,1341,20830945,67336999734,3094,3190,3248,154,4.98,3233,139,4.49,3094,3248,1400-5-16,2021-08-07
205,غمينو,شركت صنايع غذايي مينو شرق,1332,5926337,43583578193,7625,7310,7245,-380,-4.98,7354,-271,-3.55,7244,7630,1400-5-16,2021-08-07
206,خمحركه,نيرو محركه‌,1326,11779363,45660820104,3822,3830,3822,0,0,3876,54,1.41,3800,3949,1400-5-16,2021-08-07
207,كاذر,فرآورده‌هاي‌نسوزآذر,1323,6849473,111620946680,15720,16320,16030,310,1.97,16300,580,3.69,15700,16500,1400-5-16,2021-08-07
208,دسانكو,داروسازي سبحان انكولوژي,1321,6802019,79654357509,11295,11859,11859,564,4.99,11710,415,3.67,11300,11859,1400-5-16,2021-08-07
209,حتايد,تايدواترخاورميانه,1315,5397732,142709600500,27290,27150,25930,-1360,-4.98,26440,-850,-3.11,25930,27450,1400-5-16,2021-08-07
210,آ س پ,آ.س.پ,1307,3066068,26952129378,8808,8987,8829,21,0.24,8790,-18,-0.2,8600,9020,1400-5-16,2021-08-07
211,ساوه,سيمان ساوه,1299,608031,36163205102,59364,60100,60180,816,1.37,59476,112,0.19,58100,61000,1400-5-16,2021-08-07
212,بپاس,بيمه پاسارگاد,1296,1398425,88051339851,62657,62661,63000,343,0.55,62882,225,0.36,62657,64400,1400-5-16,2021-08-07
213,چافست,افست‌,1286,6069213,83688994920,13260,13670,13920,660,4.98,13790,530,4,13300,13920,1400-5-16,2021-08-07
214,وساپا,سرمايه‌گذاري‌ سايپا,1276,13398077,67517746998,4936,4860,5000,64,1.3,5039,103,2.09,4860,5148,1400-5-16,2021-08-07
215,ومعلم,بيمه معلم,1269,10567454,40518875687,4001,3960,3810,-191,-4.77,3834,-167,-4.17,3801,4000,1400-5-16,2021-08-07
216,خچرخش,چرخشگر,1267,4876545,48278415210,10210,10270,10120,-90,-0.88,9900,-310,-3.04,9700,10270,1400-5-16,2021-08-07
217,مرقام,ايران‌ارقام‌,1254,4260045,62800260680,14660,14880,14850,190,1.3,14740,80,0.55,14200,15140,1400-5-16,2021-08-07
218,غديس,پاكديس,1239,7745153,107270910879,14174,14057,13930,-244,-1.72,13850,-324,-2.29,13500,14200,1400-5-16,2021-08-07
219,ختوقا,قطعات‌ اتومبيل‌ ايران‌,1239,23470002,51119172029,2171,2145,2165,-6,-0.28,2178,7,0.32,2145,2220,1400-5-16,2021-08-07
220,ارفع,شركت آهن و فولاد ارفع,1234,5155077,82278564653,15862,16050,16050,188,1.19,15961,99,0.62,15503,16300,1400-5-16,2021-08-07
221,سبزوا,سيمان لار سبزوار,1218,13390416,44303011005,3408,3399,3301,-107,-3.14,3309,-99,-2.9,3257,3399,1400-5-16,2021-08-07
222,تليسه,دامداري تليسه نمونه,1203,12866567,42100293911,3239,3320,3240,1,0.03,3272,33,1.02,3220,3340,1400-5-16,2021-08-07
223,مدير,ص.س.مديريت ثروت ص.بازنشستگي-س,1200,8076849,78942011711,9490,9712,9710,220,2.32,9774,284,2.99,9580,9960,1400-5-16,2021-08-07
224,ثعمرا,عمران و توسعه شاهد,1197,4775660,46134522127,9930,9900,9610,-320,-3.22,9660,-270,-2.72,9440,10059,1400-5-16,2021-08-07
225,تاپكيش,تجارت الكترونيك پارسيان كيش,1183,4211185,53483718403,13061,13300,12450,-611,-4.68,12700,-361,-2.76,12408,13339,1400-5-16,2021-08-07
226,واميد,گروه مديريت سرمايه گذاري اميد,1175,6825282,86571359450,12900,13400,12860,-40,-0.31,12740,-160,-1.24,12280,13400,1400-5-16,2021-08-07
227,كرماشا,صنايع پتروشيمي كرمانشاه,1172,2780129,122046979950,43660,43690,43360,-300,-0.69,43900,240,0.55,43000,45600,1400-5-16,2021-08-07
228,غسالم,سالمين‌,1172,11011711,36815375833,3331,3310,3332,1,0.03,3343,12,0.36,3290,3430,1400-5-16,2021-08-07
229,وسكرشا,س.سهام عدالت استان كرمانشاه,1160,57026479,44335388609,741,778,778,37,4.99,777,36,4.86,760,778,1400-5-16,2021-08-07
230,ولصنم,ليزينگ‌صنعت‌ومعدن‌,1156,6869685,53110193380,7840,7910,7590,-250,-3.19,7730,-110,-1.4,7510,8050,1400-5-16,2021-08-07
231,تسه0001,امتيازتسهيلات مسكن فروردين1400,1154,64219,38538204908,608972,600650,595000,-13972,-2.29,600106,-8866,-1.46,580000,620000,1400-5-16,2021-08-07
232,دبالك,مواد اوليه دارويي البرز بالك,1153,3964365,59070380228,14513,14600,15040,527,3.63,14900,387,2.67,14000,15180,1400-5-16,2021-08-07
233,خراسان,پتروشيمي خراسان,1152,1502888,123881264580,86160,89500,82580,-3580,-4.16,82430,-3730,-4.33,81860,89500,1400-5-16,2021-08-07
234,ديران,ايران‌دارو,1147,3074424,58373655530,18490,19360,18860,370,2,18990,500,2.7,18660,19360,1400-5-16,2021-08-07
235,جم پيلن,پلي پروپيلن جم - جم پيلن,1145,1323521,135045639280,103360,104400,103000,-360,-0.35,102040,-1320,-1.28,99100,105860,1400-5-16,2021-08-07
236,شكلر,نيروكلر,1137,2137585,83247348520,40210,39510,38230,-1980,-4.92,38940,-1270,-3.16,38200,41000,1400-5-16,2021-08-07
237,ثرود,سرمايه‌گذاري مسكن زاينده رود,1136,2867295,48044198431,17524,17700,16648,-876,-5,16756,-768,-4.38,16648,17700,1400-5-16,2021-08-07
238,زشريف,كشت وصنعت شريف آباد,1135,9489445,47016890612,4837,4901,4900,63,1.3,4955,118,2.44,4837,5049,1400-5-16,2021-08-07
239,وثوق,سرمايه گذاري وثوق امين,1114,3104520,54545143767,17571,17180,17333,-238,-1.35,17570,-1,-0.01,17044,18097,1400-5-16,2021-08-07
240,مبين,مبين انرژي خليج فارس,1108,3853944,74648317930,19340,19770,19320,-20,-0.1,19360,20,0.1,19010,19770,1400-5-16,2021-08-07
241,وسهرمز,شركت س استان هرمزگان,1103,95219515,57536248810,577,605,605,28,4.85,604,27,4.68,593,605,1400-5-16,2021-08-07
242,دانا,بيمه دانا,1097,8863299,46648481100,5360,5450,5250,-110,-2.05,5260,-100,-1.87,5140,5450,1400-5-16,2021-08-07
243,غالبر,لبنيات‌ كالبر,1095,4297226,53500635350,13070,12430,12420,-650,-4.97,12450,-620,-4.74,12420,12800,1400-5-16,2021-08-07
244,شيراز,پتروشيمي‌شيراز,1094,2014240,136140338610,69990,72000,66510,-3480,-4.97,67590,-2400,-3.43,66500,72000,1400-5-16,2021-08-07
245,ومهان,گروه توسعه مالي مهر آيندگان,1087,4946694,76718883589,15650,15700,15690,40,0.26,15509,-141,-0.9,15170,15860,1400-5-16,2021-08-07
246,بكام,كارخانجات توليدي شهيد قندي,1081,11749673,30039369116,2538,2550,2550,12,0.47,2557,19,0.75,2530,2599,1400-5-16,2021-08-07
247,اميد,تامين سرمايه اميد,1076,8689848,45445723360,5450,5550,5180,-270,-4.95,5230,-220,-4.04,5180,5550,1400-5-16,2021-08-07
248,كسرا,سراميك‌هاي‌صنعتي‌اردكان‌,1073,5005609,77556359700,15020,14550,15770,750,4.99,15490,470,3.13,14550,15770,1400-5-16,2021-08-07
249,بشهاب,لامپ‌  پارس‌ شهاب‌,1072,750914,68152991580,93620,93680,89700,-3920,-4.19,90760,-2860,-3.05,88940,93900,1400-5-16,2021-08-07
250,پاسا,ايران‌ياساتايرورابر,1067,4178674,83526034660,19810,19260,20470,660,3.33,19990,180,0.91,19260,20600,1400-5-16,2021-08-07
251,وايران,ليزينگ ايرانيان,1062,4814180,35069055130,7200,7490,7100,-100,-1.39,7280,80,1.11,7090,7490,1400-5-16,2021-08-07
252,ثغرب,شركت سرمايه گذاري مسكن شمالغرب,1056,7615974,40105122619,5451,5450,5193,-258,-4.73,5266,-185,-3.39,5181,5450,1400-5-16,2021-08-07
253,پرديس,سرمايه گذاري پرديس,1056,12352004,65885697960,5133,5240,5360,227,4.42,5330,197,3.84,5150,5380,1400-5-16,2021-08-07
254,دفاراح,ح . داروسازي‌ فارابي‌,1054,2463166,34254755929,30365,14000,14000,-16365,-53.89,13907,-16458,-54.2,13600,14500,1400-5-16,2021-08-07
255,اطلس,صندوق س.توسعه اندوخته آينده-س,1053,331917,83130971434,248550,252001,248002,-548,-0.22,250457,1907,0.77,246150,258001,1400-5-16,2021-08-07
256,كيميا,معدني كيمياي زنجان گستران,1045,3587804,48517503499,13942,14000,13360,-582,-4.17,13523,-419,-3.01,13245,14250,1400-5-16,2021-08-07
257,فبيرا,بسته‌ بندي‌ ايران‌,1044,19144144,39607695513,2132,2050,2138,6,0.28,2069,-63,-2.95,2026,2160,1400-5-16,2021-08-07
258,غچين,كشت‌ و صنعت‌ چين‌ چين,1035,2623278,47503664550,17550,18100,18010,460,2.62,18110,560,3.19,17550,18380,1400-5-16,2021-08-07
259,شاوان,پالايش نفت لاوان,1033,1728744,168192348578,96754,99930,97490,736,0.76,97292,538,0.56,94520,99930,1400-5-16,2021-08-07
260,تكمبا,كمباين‌ سازي‌ ايران‌,1026,7985106,53149350550,6960,6990,6620,-340,-4.89,6660,-300,-4.31,6620,7070,1400-5-16,2021-08-07
261,وملي,گروه‌ صنعتي‌ ملي‌ (هلدينگ‌,1020,480757,72820410610,144640,150000,151870,7230,5,151470,6830,4.72,148100,151870,1400-5-16,2021-08-07
262,خشرق,الكتريك‌ خودرو شرق‌,1016,5060161,67818424930,13690,13780,13490,-200,-1.46,13400,-290,-2.12,13140,14000,1400-5-16,2021-08-07
263,هرمز,فولاد هرمزگان جنوب,999,7114002,108042647428,15175,15300,15140,-35,-0.23,15186,11,0.07,15110,15470,1400-5-16,2021-08-07
264,ونيرو,سرمايه‌گذاري‌نيرو,996,15052154,38074935913,2550,2492,2520,-30,-1.18,2530,-20,-0.78,2492,2594,1400-5-16,2021-08-07
265,تبرك,گروه كارخانجات صنعتي تبرك,995,3013880,41385620669,13424,13850,13600,176,1.31,13732,308,2.29,13200,13952,1400-5-16,2021-08-07
266,كوثر,بيمه كوثر,993,4930611,64051073850,12738,12400,13250,512,4.02,12990,252,1.98,12400,13250,1400-5-16,2021-08-07
267,زكشت,كشاورزي مكانيزه اصفهان كشت,991,1600383,39574197792,25887,25010,24595,-1292,-4.99,24728,-1159,-4.48,24593,25399,1400-5-16,2021-08-07
268,غگلپا,شير پاستوريزه پگاه گلپايگان,984,1249685,87571989893,67175,67175,70533,3358,5,70075,2900,4.32,66152,70533,1400-5-16,2021-08-07
269,حتوكا,حمل‌ونقل‌توكا,982,2620935,49016629800,18730,19100,18880,150,0.8,18700,-30,-0.16,18210,19150,1400-5-16,2021-08-07
270,وآرين,شركت توسعه اقتصادي آرين,979,12700059,34544663126,2803,2798,2719,-84,-3,2720,-83,-2.96,2719,2798,1400-5-16,2021-08-07
271,شخارك,پتروشيمي‌ خارك‌,974,994279,48758201970,49690,50800,48990,-700,-1.41,49370,-320,-0.64,48020,50800,1400-5-16,2021-08-07
272,غبهار,كشت وصنعت بهاران گلبهار خراسان,973,2670281,46012493643,16963,16511,17471,508,2.99,17231,268,1.58,16511,17471,1400-5-16,2021-08-07
273,وصنعت,سرمايه گذاري توسعه صنعت وتجارت,971,7590827,40299489130,5300,5300,5300,0,0,5310,10,0.19,5260,5400,1400-5-16,2021-08-07
274,خفنر,فنرسازي‌خاور,969,6600120,53111793870,8090,8450,7990,-100,-1.24,8050,-40,-0.49,7860,8450,1400-5-16,2021-08-07
275,ارزش,صندوق س ارزش آفرين بيدار-سهام,961,7513359,77471718160,10310,10380,10290,-20,-0.19,10310,0,0,10180,10460,1400-5-16,2021-08-07
276,مداران,داده‌پردازي‌ايران‌,960,2355773,47687567640,21200,20500,20140,-1060,-5,20240,-960,-4.53,20140,21190,1400-5-16,2021-08-07
277,ريشمك,توليد و صادرات ريشمك,959,1417586,60578841290,44103,43250,41899,-2204,-5,42734,-1369,-3.1,41898,44600,1400-5-16,2021-08-07
278,دزهراوي,داروسازي‌زهراوي‌,958,9198204,58967348290,6140,6200,6440,300,4.89,6410,270,4.4,6140,6440,1400-5-16,2021-08-07
279,ثمسكن,سرمايه‌گذاري‌ مسكن‌,958,17911442,83467865315,4451,4360,4673,222,4.99,4660,209,4.7,4360,4673,1400-5-16,2021-08-07
280,غپآذر,شير پگاه آذربايجان شرقي,952,1055026,51906262810,47858,49990,48311,453,0.95,49199,1341,2.8,48050,50190,1400-5-16,2021-08-07
281,خمهر,مهركام‌پارس‌,950,17119869,39233297998,2307,2364,2246,-61,-2.64,2292,-15,-0.65,2241,2380,1400-5-16,2021-08-07
282,جم,پتروشيمي جم,948,2563804,116693166380,45770,46800,45040,-730,-1.59,45520,-250,-0.55,44600,46800,1400-5-16,2021-08-07
283,بالاس,مهندسي ساختمان تاسيسات راه آهن,947,2051290,76445728985,39170,37630,37212,-1958,-5,37267,-1903,-4.86,37212,38973,1400-5-16,2021-08-07
284,فايرا,آلومينيوم‌ايران‌,942,4667108,70222386910,15210,15390,14900,-310,-2.04,15050,-160,-1.05,14800,15430,1400-5-16,2021-08-07
285,خوساز,محورسازان‌ايران‌خودرو,939,9210873,69666837830,7250,7570,7580,330,4.55,7560,310,4.28,7390,7610,1400-5-16,2021-08-07
286,فرآور,فرآوري‌موادمعدني‌ايران‌,923,1947836,61206919020,31310,32850,31490,180,0.57,31420,110,0.35,30510,32850,1400-5-16,2021-08-07
287,شسينا,صنايع‌شيميايي‌سينا,919,429024,29183888170,69060,71140,67800,-1260,-1.82,68020,-1040,-1.51,66000,71140,1400-5-16,2021-08-07
288,وسينا,بانك سينا,919,21054541,62614768330,2929,2988,2915,-14,-0.48,2974,45,1.54,2850,3064,1400-5-16,2021-08-07
289,تكنار,مجتمع معادن مس تكنار,918,538240,48024591080,93480,88806,88806,-4674,-5,89225,-4255,-4.55,88806,91888,1400-5-16,2021-08-07
290,ثامان,سامان‌ گستراصفهان‌,915,2989877,38797108880,13510,13490,12840,-670,-4.96,12980,-530,-3.92,12840,13670,1400-5-16,2021-08-07
291,خكاوه,سايپا ديزل,912,16210838,68657831784,4348,4218,4218,-130,-2.99,4235,-113,-2.6,4218,4329,1400-5-16,2021-08-07
292,سغرب,سيمان‌غرب‌,911,1968369,46419157920,24210,23700,23000,-1210,-5,23580,-630,-2.6,23000,24550,1400-5-16,2021-08-07
293,غپاك,لبنيات‌ پاك‌,910,2077007,36286268700,17540,17990,17300,-240,-1.37,17470,-70,-0.4,17280,17990,1400-5-16,2021-08-07
294,ضخود7075,اختيارخ خودرو-2000-1400/07/07,899,29324,7705689000,263,262,250,-13,-4.94,263,0,0,245,298,1400-5-16,2021-08-07
295,داسوه,داروسازي‌ اسوه‌,892,1341387,39530704410,30860,30200,29320,-1540,-4.99,29470,-1390,-4.5,29320,30500,1400-5-16,2021-08-07
296,زدشت,كشت و صنعت دشت خرم دره,889,1631925,31555683138,18842,18560,19450,608,3.23,19336,494,2.62,18560,19630,1400-5-16,2021-08-07
297,وبهمن,سرمايه‌گذاري‌بهمن‌,887,3646038,62032999790,16350,17140,17160,810,4.95,17010,660,4.04,16370,17160,1400-5-16,2021-08-07
298,فولاژ,فولاد آلياژي ايران,886,3587614,63692610530,17830,17500,17840,10,0.06,17770,-60,-0.34,17200,17970,1400-5-16,2021-08-07
299,زنگان,صنعت روي زنگان,883,440594,25416189405,57776,58600,58300,524,0.91,57686,-90,-0.16,57005,58790,1400-5-16,2021-08-07
300,شپارس,بين‌ المللي‌ محصولات‌  پارس‌,881,3256985,47277618730,14620,14710,14300,-320,-2.19,14520,-100,-0.68,14160,15000,1400-5-16,2021-08-07
301,افران,صندوق س افرا نماد پايدار-ثابت,881,25893950,361396767964,13936,13956,13958,22,0.16,13957,21,0.15,13956,13959,1400-5-16,2021-08-07
302,سيمرغ,سيمرغ,879,2542142,42265529020,16900,16900,16650,-250,-1.48,16630,-270,-1.6,16340,16900,1400-5-16,2021-08-07
303,افق,فروشگاههاي زنجيره اي افق كوروش,878,661824,40239634850,61290,62200,60500,-790,-1.29,61020,-270,-0.44,60230,62200,1400-5-16,2021-08-07
304,وسپه,سرمايه‌گذاري‌ سپه‌,872,3759521,32975736870,8980,9000,8710,-270,-3.01,8820,-160,-1.78,8650,9120,1400-5-16,2021-08-07
305,فنوال,نورد آلومينيوم‌,862,2125310,52396084880,23540,24250,24710,1170,4.97,24650,1110,4.72,23500,24710,1400-5-16,2021-08-07
306,پخش,پخش البرز,859,2233056,49526485536,21200,22260,22260,1060,5,22179,979,4.62,21300,22260,1400-5-16,2021-08-07
307,شبصير,توليدات پتروشيمي قائد بصير,857,779360,69726505274,91510,92500,91100,-410,-0.45,89466,-2044,-2.23,87110,92500,1400-5-16,2021-08-07
308,سصوفي,سيمان‌ صوفيان‌,855,2536347,48354061490,19290,19400,18980,-310,-1.61,19060,-230,-1.19,18600,19800,1400-5-16,2021-08-07
309,كساپا,سايپاشيشه‌,853,1844812,34749272400,18730,18740,18620,-110,-0.59,18840,110,0.59,18280,19370,1400-5-16,2021-08-07
310,چفيبر,فيبر ايران‌,836,4305633,29500888190,6830,6870,6940,110,1.61,6850,20,0.29,6610,6980,1400-5-16,2021-08-07
311,گكوثر,هتل پارسيان كوثر اصفهان,833,13455086,32093437649,2449,2403,2400,-49,-2,2385,-64,-2.61,2340,2472,1400-5-16,2021-08-07
312,كپارس,كاشي‌ پارس‌,832,273071,26915828600,99820,103330,97710,-2110,-2.11,98570,-1250,-1.25,96000,103330,1400-5-16,2021-08-07
313,اپرداز,آتيه داده پرداز,831,1235378,23449629178,19424,19424,18930,-494,-2.54,18982,-442,-2.28,18474,19599,1400-5-16,2021-08-07
314,قاسم,قاسم ايران,830,3625949,30832637246,8669,8501,8440,-229,-2.64,8503,-166,-1.91,8300,8779,1400-5-16,2021-08-07
315,سخاش,سيمان‌خاش‌,825,461558,53604859200,110680,116200,116210,5530,5,116140,5460,4.93,113940,116210,1400-5-16,2021-08-07
316,وساخت,سرمايه‌ گذاري‌ ساختمان‌ايران‌,822,1636035,81063584000,49110,51400,49620,510,1.04,49550,440,0.9,49010,51400,1400-5-16,2021-08-07
317,سفار,سيمان‌فارس‌,818,419738,38692961280,88060,92450,92460,4400,5,92180,4120,4.68,91010,92460,1400-5-16,2021-08-07
318,ساروم,سيمان‌اروميه‌,814,2260269,86585064300,39230,37800,39000,-230,-0.59,38310,-920,-2.35,37300,40000,1400-5-16,2021-08-07
319,زفكا,كشت و دامداري فكا,810,2434283,26353260171,11107,10700,11002,-105,-0.95,10826,-281,-2.53,10600,11250,1400-5-16,2021-08-07
320,نوين,بيمه نوين,803,5870545,31400760733,5264,5320,5305,41,0.78,5349,85,1.61,5298,5417,1400-5-16,2021-08-07
321,خكرمان,گروه اقتصادي كرمان خودرو,797,11824593,41703469038,3556,3472,3490,-66,-1.86,3527,-29,-0.82,3450,3600,1400-5-16,2021-08-07
322,والبر,سرمايه‌ گذاري‌ البرز(هلدينگ‌,796,2972135,27345238910,9070,9280,9200,130,1.43,9190,120,1.32,8980,9430,1400-5-16,2021-08-07
323,خاذين,سايپاآذين‌,792,8403911,28336789185,3362,3400,3320,-42,-1.25,3372,10,0.3,3280,3497,1400-5-16,2021-08-07
324,سكه0012پ01,تمام سكه طرح جديد0012رفاه,791,400700,454122839600,1156780,1130000,1148780,-8000,-0.69,1133324,-23456,-2.03,1114100,1151750,1400-5-16,2021-08-07
325,قشكر,شكرشاهرود,786,10927992,33588418328,3105,3150,3045,-60,-1.93,3074,-31,-1,3020,3166,1400-5-16,2021-08-07
326,ولشرق,ليزينگ ايران و شرق,786,4355334,25404320329,5928,6090,5765,-163,-2.75,5833,-95,-1.6,5730,6090,1400-5-16,2021-08-07
327,اتكاي,بيمه اتكايي ايرانيان,785,3824462,35131954686,9253,9360,9230,-23,-0.25,9186,-67,-0.72,9103,9410,1400-5-16,2021-08-07
328,شزنگ,تجهيزنيروي‌زنگان‌,782,595931,71519958749,123708,119997,119997,-3711,-3,120014,-3694,-2.99,119997,121999,1400-5-16,2021-08-07
329,غشان,شيرپاستوريزه‌پگاه‌خراسان‌,771,5880638,37983532480,6390,6620,6240,-150,-2.35,6460,70,1.1,6180,6640,1400-5-16,2021-08-07
330,دجابر,داروسازي‌ جابرابن‌حيان‌,771,2318204,27286871580,11720,11450,11940,220,1.88,11770,50,0.43,11450,12190,1400-5-16,2021-08-07
331,ثپرديس,سرمايه گذاري مسكن پرديس,768,4976271,24912899027,5138,5100,5000,-138,-2.69,5006,-132,-2.57,4928,5200,1400-5-16,2021-08-07
332,ونفت,سرمايه‌گذاري‌ صنعت‌ نفت‌,765,2986758,47998617770,16200,16450,16050,-150,-0.93,16070,-130,-0.8,15610,16480,1400-5-16,2021-08-07
333,ولساپا,ليزينگ رايان‌ سايپا,763,31672119,90099171394,2710,2845,2845,135,4.98,2845,135,4.98,2753,2845,1400-5-16,2021-08-07
334,ورنا,سرمايه‌گذاري‌ رنا(هلدينگ‌,759,7115087,33153439184,4601,4639,4651,50,1.09,4660,59,1.28,4511,4798,1400-5-16,2021-08-07
335,قصفها,قنداصفهان‌,758,321560,29626157500,92820,96000,90900,-1920,-2.07,92130,-690,-0.74,90650,96000,1400-5-16,2021-08-07
336,غفارس,شير پاستوريزه پگاه فارس,757,3228621,50535941723,16361,15880,15543,-818,-5,15652,-709,-4.33,15543,16339,1400-5-16,2021-08-07
337,وپترو,سرمايه‌گذاري صنايع پتروشيمي‌,752,3377109,44844575260,13280,13760,13140,-140,-1.05,13280,0,0,13110,13760,1400-5-16,2021-08-07
338,تكشا,گسترش‌صنايع‌وخدمات‌كشاورزي‌,750,849994,22609495300,26750,26620,26520,-230,-0.86,26600,-150,-0.56,25770,27380,1400-5-16,2021-08-07
339,ستران,سيمان‌ تهران‌,744,2000387,51033597450,25930,26490,25800,-130,-0.5,25510,-420,-1.62,25070,26490,1400-5-16,2021-08-07
340,كسعدي,كاشي‌ سعدي‌,735,2112560,23502405630,11050,11310,11110,60,0.54,11130,80,0.72,10960,11420,1400-5-16,2021-08-07
341,سكرما,سيمان‌ كرمان‌,733,3269561,55634266650,17590,16900,16960,-630,-3.58,17020,-570,-3.24,16720,17500,1400-5-16,2021-08-07
342,وخاور,بانك خاورميانه,730,11341875,70806574930,6140,6230,6320,180,2.93,6240,100,1.63,6120,6330,1400-5-16,2021-08-07
343,ثنور,سرمايه گذاري كوه نور,729,8614371,67653953972,8073,7831,7831,-242,-3,7854,-219,-2.71,7831,8069,1400-5-16,2021-08-07
344,ركيشح,ح. كارت اعتباري ايران كيش,726,6293453,31820315020,5087,5080,5090,3,0.06,5060,-27,-0.53,4890,5180,1400-5-16,2021-08-07
345,فاما,صنعتي‌ آما,719,2136383,35112282030,17120,16510,16270,-850,-4.96,16440,-680,-3.97,16270,17290,1400-5-16,2021-08-07
346,لازما,كارخانه هاي صنعتي آزمايش,716,2141615,47173665756,21387,22028,22028,641,3,22027,640,2.99,21518,22028,1400-5-16,2021-08-07
347,وبيمه,سرمايه‌ گذاري‌ صنعت‌ بيمه‌,712,12866330,22915569282,1767,1780,1795,28,1.58,1781,14,0.79,1754,1810,1400-5-16,2021-08-07
348,شدوص,دوده‌ صنعتي‌ پارس‌,709,1944076,43697418600,22580,23000,22300,-280,-1.24,22480,-100,-0.44,21800,23510,1400-5-16,2021-08-07
349,وبوعلي,سرمايه‌گذاري‌بوعلي‌,708,6820597,27715738407,4124,4130,4009,-115,-2.79,4064,-60,-1.45,4000,4209,1400-5-16,2021-08-07
350,غبهنوش,بهنوش‌ ايران‌,707,569016,33800790550,59540,60330,60800,1260,2.12,59400,-140,-0.24,57520,61850,1400-5-16,2021-08-07
351,بزاگرس,نيروگاه زاگرس كوثر,705,6083935,27771624895,4607,4540,4540,-67,-1.45,4565,-42,-0.91,4503,4676,1400-5-16,2021-08-07
352,شفارا,پتروشيمي فارابي,704,9018870,46850558764,5342,5437,5182,-160,-3,5195,-147,-2.75,5182,5437,1400-5-16,2021-08-07
353,دكوثر,داروسازي‌ كوثر,703,4633019,21241974959,4550,4648,4560,10,0.22,4585,35,0.77,4450,4680,1400-5-16,2021-08-07
354,داوه,داروسازي آوه سينا,698,1473578,24138439496,16445,17000,16140,-305,-1.85,16381,-64,-0.39,15801,17120,1400-5-16,2021-08-07
355,فلامي,لاميران‌,688,795745,18072681920,23270,23880,22400,-870,-3.74,22710,-560,-2.41,22140,23880,1400-5-16,2021-08-07
356,شبهرن,نفت‌ بهران‌,684,1582420,21560938040,13730,13850,13610,-120,-0.87,13700,-30,-0.22,13510,13850,1400-5-16,2021-08-07
357,وبشهر,توسعه‌ صنايع‌ بهشهر(هلدينگ,682,5465045,68689772910,12030,12400,12630,600,4.99,12570,540,4.49,12100,12630,1400-5-16,2021-08-07
358,خپويش,سازه‌ پويش‌,680,614193,33912409870,53090,55710,55600,2510,4.73,55210,2120,3.99,52500,55740,1400-5-16,2021-08-07
359,وملل,اعتباري ملل,674,4114940,51414911308,12437,12320,12320,-117,-0.94,12495,58,0.47,12100,12765,1400-5-16,2021-08-07
360,حرهشا,رهشاد سپاهان (سهامي عام,666,610814,40394833507,65783,63810,66990,1207,1.83,66133,350,0.53,63810,67756,1400-5-16,2021-08-07
361,درهآور,دارويي ره آورد تامين,665,1755902,50931412357,27735,28000,28900,1165,4.2,29006,1271,4.58,27950,29121,1400-5-16,2021-08-07
362,كاريس,صندوق س.سپهر كاريزما-س,664,4272035,59786804890,13745,13948,13978,233,1.7,13995,250,1.82,13850,14201,1400-5-16,2021-08-07
363,پكوير,كوير تاير,660,3991772,56004623750,14020,14300,13900,-120,-0.86,14030,10,0.07,13820,14300,1400-5-16,2021-08-07
364,سهرمز,سيمان‌هرمزگان‌,659,1210907,20779655700,17260,17650,17230,-30,-0.17,17160,-100,-0.58,16500,17850,1400-5-16,2021-08-07
365,غشصفا,شيرپاستوريزه‌پگاه‌اصفهان‌,659,1748678,48613263560,26760,26500,28090,1330,4.97,27800,1040,3.89,25450,28090,1400-5-16,2021-08-07
366,دابور,داروسازي‌ ابوريحان‌,659,1330755,34615439980,26470,26930,26210,-260,-0.98,26010,-460,-1.74,25630,26930,1400-5-16,2021-08-07
367,دفرا,فرآورده‌هاي‌ تزريقي‌ ايران‌,655,1258727,37551751590,28500,29920,29920,1420,4.98,29830,1330,4.67,29000,29920,1400-5-16,2021-08-07
368,درازك,دارويي‌ رازك‌,649,1891711,68221610690,35220,35190,36580,1360,3.86,36060,840,2.39,34510,36850,1400-5-16,2021-08-07
369,زشگزا,شير و گوشت زاگرس شهركرد,649,3545232,20515041630,5946,5946,5720,-226,-3.8,5787,-159,-2.67,5667,5990,1400-5-16,2021-08-07
370,شپاس,نفت پاسارگاد,648,2111689,39056775076,17907,18799,18500,593,3.31,18496,589,3.29,17915,18802,1400-5-16,2021-08-07
371,فپنتا,سپنتا,648,250865,111396535350,467020,452340,443670,-23350,-5,444050,-22970,-4.92,443670,452340,1400-5-16,2021-08-07
372,سپاها,سيمان‌سپاهان‌,647,5072766,45345512190,8840,8930,9000,160,1.81,8940,100,1.13,8620,9050,1400-5-16,2021-08-07
373,دتماد,توليدمواداوليه‌داروپخش‌,647,1615336,77411948020,46890,48500,47230,340,0.73,47920,1030,2.2,47230,48500,1400-5-16,2021-08-07
374,هجرت,پخش هجرت,641,2310161,64377840560,28849,28900,28320,-529,-1.83,27867,-982,-3.4,27407,28900,1400-5-16,2021-08-07
375,پرداخت,به پرداخت ملت,641,1715719,32771307130,19830,19830,18840,-990,-4.99,19100,-730,-3.68,18840,20010,1400-5-16,2021-08-07
376,فن آوا,گروه فن آوا,634,6978832,137307057186,20201,20799,20149,-52,-0.26,19675,-526,-2.6,19595,20799,1400-5-16,2021-08-07
377,سيلام,سيمان‌ ايلام‌,634,3127608,25471815310,8240,8160,8120,-120,-1.46,8140,-100,-1.21,8090,8340,1400-5-16,2021-08-07
378,خاهن,آهنگري‌ تراكتورسازي‌ ايران‌,629,2745972,21797593230,7890,8160,7970,80,1.01,7930,40,0.51,7770,8160,1400-5-16,2021-08-07
379,شراز,پالايش نفت شيراز,627,516566,54742726186,107650,109670,105080,-2570,-2.39,105974,-1676,-1.56,105003,109670,1400-5-16,2021-08-07
380,فسا,پتروشيمي فسا,623,12392480,18640361287,1471,1494,1515,44,2.99,1504,33,2.24,1436,1515,1400-5-16,2021-08-07
381,وسگيلا,شركت س استان گيلان,622,42517721,26674341857,604,628,634,30,4.97,621,17,2.81,609,634,1400-5-16,2021-08-07
382,دپارس,پارس‌ دارو,618,817057,28285754580,36020,34360,34980,-1040,-2.89,34620,-1400,-3.89,34220,35450,1400-5-16,2021-08-07
383,تسه0003,امتيازتسهيلات مسكن خرداد1400,612,9382,5705162547,608122,602222,600000,-8122,-1.34,608097,-25,0,579500,630000,1400-5-16,2021-08-07
384,دتوليدح,ح. داروسازي توليد دارو,609,1262456,11407692939,9286,9030,8983,-303,-3.26,9036,-250,-2.69,8825,9251,1400-5-16,2021-08-07
385,حخزر,كشتيراني درياي خزر,608,1150707,29042996997,24246,25360,25300,1054,4.35,25239,993,4.1,24670,25458,1400-5-16,2021-08-07
386,دكپسول,توليد ژلاتين كپسول ايران,604,1318929,43428424638,32492,33400,32832,340,1.05,32927,435,1.34,31750,33933,1400-5-16,2021-08-07
387,فنفت,صنايع تجهيزات نفت,601,1502023,43225100915,28809,29673,28169,-640,-2.22,28778,-31,-0.11,27945,29673,1400-5-16,2021-08-07
388,بفجر,فجر انرژي خليج فارس,599,1066650,27106876060,24790,24300,25470,680,2.74,25050,260,1.05,24300,26020,1400-5-16,2021-08-07
389,رانفور,خدمات‌انفورماتيك‌,599,4921339,29205327950,5980,5870,5970,-10,-0.17,5960,-20,-0.33,5850,6060,1400-5-16,2021-08-07
390,بموتو,موتوژن‌,594,747979,47903908470,65530,65890,64300,-1230,-1.88,64040,-1490,-2.27,63620,65890,1400-5-16,2021-08-07
391,ثباغ,شهر سازي و خانه سازي باغميشه,594,1614214,17709493978,11143,11030,11360,217,1.95,10971,-172,-1.54,10586,11498,1400-5-16,2021-08-07
392,فروس,فروسيليس‌ ايران‌,593,8759918,48167176760,5550,5450,5500,-50,-0.9,5500,-50,-0.9,5440,5620,1400-5-16,2021-08-07
393,تكنو,تكنوتار,593,1851191,25477343600,14320,13930,13610,-710,-4.96,13760,-560,-3.91,13610,14490,1400-5-16,2021-08-07
394,پدرخش,درخشان‌ تهران‌,592,982799,21689396250,21260,20890,22320,1060,4.99,22070,810,3.81,20890,22320,1400-5-16,2021-08-07
395,ثتران,سرمايه گذاري مسكن تهران,591,6752633,21569742701,3113,3100,3204,91,2.92,3194,81,2.6,3051,3250,1400-5-16,2021-08-07
396,عيار,صندوق سكه طلاي مفيد,586,927641,26784918989,29739,28570,29199,-540,-1.82,28874,-865,-2.91,28450,29248,1400-5-16,2021-08-07
397,پكرمان,گروه‌ صنعتي‌ بارز,582,978374,25249485990,25550,25040,26400,850,3.33,25800,250,0.98,25040,26480,1400-5-16,2021-08-07
398,توريل,توكاريل,581,1771922,23338539785,13006,13565,13200,194,1.49,13171,165,1.27,13010,13565,1400-5-16,2021-08-07
399,غشوكو,شوكو پارس,579,937517,29426304191,30617,29720,31535,918,3,31387,770,2.51,29720,31535,1400-5-16,2021-08-07
400,رتاپ,تجارت الكترونيك  پارسيان,578,2909090,17763046590,6000,6090,6060,60,1,6110,110,1.83,6040,6200,1400-5-16,2021-08-07
401,رتكو,كنترل‌خوردگي‌تكين‌كو,577,2180559,23170865220,11100,10780,10550,-550,-4.95,10630,-470,-4.23,10550,11000,1400-5-16,2021-08-07
402,زبينا,كشاورزي و دامپروري بينالود,573,7378677,19516100085,2665,2610,2631,-34,-1.28,2645,-20,-0.75,2600,2727,1400-5-16,2021-08-07
403,ددام,داروسازي زاگرس فارمد پارس,572,2138385,25434650360,11840,11350,12090,250,2.11,11890,50,0.42,11350,12140,1400-5-16,2021-08-07
404,فسازان,غلتك سازان سپاهان,566,1844889,55421541350,29680,30950,30050,370,1.25,30040,360,1.21,29690,30950,1400-5-16,2021-08-07
405,سرچشمه,سرمايه گذاري مس سرچشمه,563,3281587,22187451827,6825,6726,6720,-105,-1.54,6761,-64,-0.94,6602,6960,1400-5-16,2021-08-07
406,كدما,معدني‌ دماوند,562,146530,37404713100,243120,255270,255270,12150,5,255270,12150,5,255270,255270,1400-5-16,2021-08-07
407,خريخت,صنايع‌ريخته‌گري‌ايران‌,558,6610225,20180340668,2968,3020,2999,31,1.04,3053,85,2.86,2860,3100,1400-5-16,2021-08-07
408,سحرخيز,صندوق س. گروه زعفران سحرخيز,551,4848682,48195592892,9246,9236,10023,777,8.4,9940,694,7.51,9236,10023,1400-5-16,2021-08-07
409,پلاسك,پلاسكوكار,549,3197649,20561308410,6340,6250,6400,60,0.95,6430,90,1.42,6250,6580,1400-5-16,2021-08-07
410,مفاخر,توسعه فناوري اطلاعات خوارزمي,546,620092,26896735291,42620,44500,43400,780,1.83,43375,755,1.77,42111,44500,1400-5-16,2021-08-07
411,دتوزيع,توزيع دارو پخش,542,1275452,35323784208,26471,27640,27794,1323,5,27695,1224,4.62,27340,27794,1400-5-16,2021-08-07
412,كگاز,شيشه‌ و گاز,540,1368649,25197452340,18210,18830,18250,40,0.22,18410,200,1.1,17900,18830,1400-5-16,2021-08-07
413,وسصفا,شركت س استان اصفهان,540,14005983,11998453991,896,852,852,-44,-4.91,890,-6,-0.67,852,896,1400-5-16,2021-08-07
414,وشهر,بانك شهر,535,7240257,46416037358,6468,6450,6300,-168,-2.6,6411,-57,-0.88,6300,6470,1400-5-16,2021-08-07
415,شجم,صنايع پتروشيمي تخت جمشيد,534,3754395,45250661290,12294,12000,11926,-368,-2.99,12053,-241,-1.96,11926,12399,1400-5-16,2021-08-07
416,كمنگنز,معادن‌منگنزايران‌,532,467120,33165679250,70480,70000,70600,120,0.17,71000,520,0.74,70000,73100,1400-5-16,2021-08-07
417,فنورد,نوردوقطعات‌ فولادي‌,532,245000,48728459740,197410,192500,198490,1080,0.55,198890,1480,0.75,192500,203500,1400-5-16,2021-08-07
418,وصنا,گروه‌صنايع‌بهشهرايران‌,528,3630411,20919448370,5690,5770,5810,120,2.11,5760,70,1.23,5650,5880,1400-5-16,2021-08-07
419,كاردان,صندوق س تجارت شاخصي كاردان,521,210758,41257918740,192240,194400,196000,3760,1.96,195760,3520,1.83,193800,199700,1400-5-16,2021-08-07
420,ختراك,ريخته‌گري‌ تراكتورسازي‌ ايران‌,518,2115805,23790788320,11350,11700,11220,-130,-1.15,11240,-110,-0.97,11000,11780,1400-5-16,2021-08-07
421,قچار,فراوردههاي غذايي وقند چهارمحال,517,1757151,31745950727,18003,18380,17670,-333,-1.85,18067,64,0.36,17220,18500,1400-5-16,2021-08-07
422,سپيدما,صندوق س. سپيد دماوند-د,507,27515012,297570027168,10801,10815,10815,14,0.13,10815,14,0.13,10814,10819,1400-5-16,2021-08-07
423,پخشح,ح. پخش البرز,507,1157380,21531909222,17847,18739,18739,892,5,18604,757,4.24,17800,18739,1400-5-16,2021-08-07
424,لابسا,آبسال‌,506,978913,37058245870,36120,36700,37920,1800,4.98,37860,1740,4.82,36700,37920,1400-5-16,2021-08-07
425,وحكمت,بيمه حكمت صبا,506,3789225,16314649079,4337,4429,4207,-130,-3,4306,-31,-0.71,4207,4467,1400-5-16,2021-08-07
426,دكيمي,كيميدارو,505,998163,21088048430,21220,21010,21430,210,0.99,21130,-90,-0.42,20690,21490,1400-5-16,2021-08-07
427,واعتبار,سرمايه گذاري اعتبار ايران,505,4422739,38804032830,9160,9280,8960,-200,-2.18,8770,-390,-4.26,8710,9280,1400-5-16,2021-08-07
428,حپارسا,توسعه حمل و نقل ريلي پارسيان,504,1848138,62762313322,34082,34770,34249,167,0.49,33960,-122,-0.36,33110,34770,1400-5-16,2021-08-07
429,بهپاك,صنعتي بهپاك,500,3453079,26306491821,7668,7460,7659,-9,-0.12,7618,-50,-0.65,7400,7898,1400-5-16,2021-08-07
430,وثنو,سرمايه گذاري ساختماني نوين,496,4260217,18348288460,4406,4480,4275,-131,-2.97,4307,-99,-2.25,4274,4480,1400-5-16,2021-08-07
431,كفرآور,فرآورده هاي سيمان شرق,492,1420364,28378662262,19749,19520,19930,181,0.92,19980,231,1.17,19520,20300,1400-5-16,2021-08-07
432,شرانل,نفت ايرانول,489,394852,19389345172,50058,50000,48890,-1168,-2.33,49588,-470,-0.94,48320,50900,1400-5-16,2021-08-07
433,فخاس,فولاد خراسان,487,1544026,36955723080,23360,24520,23880,520,2.23,23570,210,0.9,23520,24520,1400-5-16,2021-08-07
434,دشيمي,شيمي‌ داروئي‌ داروپخش‌,483,1278543,30818134920,22990,23740,24130,1140,4.96,24100,1110,4.83,23480,24130,1400-5-16,2021-08-07
435,ضخود7077,اختيارخ خودرو-3000-1400/07/07,480,22110,926985000,44,55,38,-6,-13.64,42,-2,-4.55,37,55,1400-5-16,2021-08-07
436,كطبس,ذغال‌سنگ‌ نگين‌ ط‌بس‌,478,536468,28304259680,54150,53180,52110,-2040,-3.77,52760,-1390,-2.57,51860,54680,1400-5-16,2021-08-07
437,وكار,بانك‌ كارآفرين‌,476,5913117,18714913023,3181,3028,3100,-81,-2.55,3175,-6,-0.19,3028,3235,1400-5-16,2021-08-07
438,ركيش,كارت اعتباري ايران كيش,475,3387004,23970332370,6750,7080,7080,330,4.89,7080,330,4.89,6860,7080,1400-5-16,2021-08-07
439,خكمك,كمك‌فنرايندامين‌,473,1095934,18231286920,16570,16230,16480,-90,-0.54,16640,70,0.42,16230,17070,1400-5-16,2021-08-07
440,دامين,داروسازي‌ امين‌,471,9784146,35351983205,3591,3527,3636,45,1.25,3613,22,0.61,3527,3700,1400-5-16,2021-08-07
441,وتوس,توسعه‌شهري‌توس‌گستر,471,994298,11755439620,11780,11800,11850,70,0.59,11810,30,0.25,11310,12070,1400-5-16,2021-08-07
442,سخوز,سيمان خوزستان,468,1359333,34191113190,24660,25230,24980,320,1.3,25150,490,1.99,24680,25300,1400-5-16,2021-08-07
443,ماني,صندوق س. با درآمد ثابت ماني,467,4493033,44930330000,10000,10000,10000,0,0,10000,0,0,10000,10000,1400-5-16,2021-08-07
444,ساراب,سيمان‌ داراب‌,463,1164153,20985826670,18040,18040,17800,-240,-1.33,18030,-10,-0.06,17700,18430,1400-5-16,2021-08-07
445,شپاكسا,پاكسان‌,461,977811,19457166950,19690,19880,19800,110,0.56,19900,210,1.07,19390,20320,1400-5-16,2021-08-07
446,كاسپين,داروسازي كاسپين تامين,459,737960,14391789854,19876,20200,19398,-478,-2.4,19510,-366,-1.84,19271,20200,1400-5-16,2021-08-07
447,سمازن,سيمان‌مازندران‌,458,2806764,40327012320,14460,14360,14300,-160,-1.11,14370,-90,-0.62,14000,14600,1400-5-16,2021-08-07
448,اعتلا,شركت سرمايه گذاري اعتلاء البرز,457,3128016,22554870666,7131,7267,7247,116,1.63,7211,80,1.12,7000,7310,1400-5-16,2021-08-07
449,سفانو,سيمان فارس نو,452,580553,17923630460,31320,29910,30600,-720,-2.3,30870,-450,-1.44,29900,32480,1400-5-16,2021-08-07
450,ساينا,صنايع بهداشتي ساينا,451,163201,14975189635,96060,99500,91257,-4803,-5,91759,-4301,-4.48,91257,99500,1400-5-16,2021-08-07
451,پلاست,كارخانجات توليدي پلاستيران,449,374090,17117402041,46858,46858,45453,-1405,-3,45757,-1101,-2.35,45453,48000,1400-5-16,2021-08-07
452,ضخود7076,اختيارخ خودرو-2500-1400/07/07,448,22125,2374505000,103,113,98,-5,-4.85,107,4,3.88,97,122,1400-5-16,2021-08-07
453,وتعاون,بيمه  تعاون,448,2561102,13106865929,4972,5220,5100,128,2.57,5118,146,2.94,4872,5220,1400-5-16,2021-08-07
454,تسه0002,امتيازتسهيلاتمسكن ارديبهشت1400,447,12749,7771100262,609409,600100,600000,-9409,-1.54,609546,137,0.02,578939,620000,1400-5-16,2021-08-07
455,غمارگ,مارگارين‌,447,1655774,43302874240,25800,25800,26160,360,1.4,26150,350,1.36,25030,26900,1400-5-16,2021-08-07
456,كي بي سي,شركت كي بي سي,446,627541,16437701953,25441,26695,25958,517,2.03,26194,753,2.96,25500,26695,1400-5-16,2021-08-07
457,تشتاد,صنايع توليدي اشتاد ايران‌,445,2674658,22474807173,8193,8243,8252,59,0.72,8403,210,2.56,8152,8438,1400-5-16,2021-08-07
458,وجامي,سرمايه گذاري جامي,444,2685084,33978710489,12452,12202,12825,373,3,12655,203,1.63,12202,12825,1400-5-16,2021-08-07
459,ياقوت,صندوق س ياقوت آگاه-ثابت,441,6862221,87939910703,12794,12815,12815,21,0.16,12815,21,0.16,12814,12847,1400-5-16,2021-08-07
460,غبشهر,صنعتي‌ بهشهر,441,1696928,44698790400,25870,26730,26200,330,1.28,26340,470,1.82,26020,26900,1400-5-16,2021-08-07
461,والبرح,ح . سرمايه گذاري‌البرز(هلدينگ‌,435,1147795,8687805149,7520,7560,7512,-8,-0.11,7569,49,0.65,7450,7890,1400-5-16,2021-08-07
462,بميلا,توسعه بازرگاني آهن وفولادميلاد,435,1552949,21948317399,14556,14120,14120,-436,-3,14133,-423,-2.91,14120,14300,1400-5-16,2021-08-07
463,سقاين,سيمان‌ قائن‌,432,194880,12716679690,65000,63830,64020,-980,-1.51,65210,210,0.32,63160,67000,1400-5-16,2021-08-07
464,وكادو,تكادو,430,2387841,43700918040,18721,18408,18160,-561,-3,18301,-420,-2.24,18160,18745,1400-5-16,2021-08-07
465,دسبحان,سبحان دارو,428,771819,14622352680,18970,19120,18400,-570,-3,18950,-20,-0.11,18180,19700,1400-5-16,2021-08-07
466,وسبحان,سرمايه گذاري سبحان,422,6034208,17645933944,2992,3000,2900,-92,-3.07,2924,-68,-2.27,2891,3038,1400-5-16,2021-08-07
467,اوان,مبين وان كيش,420,600155,19455435825,33384,32510,32000,-1384,-4.15,32417,-967,-2.9,31717,33383,1400-5-16,2021-08-07
468,وتوسم,سرمايه‌گذاري‌توسعه‌ملي‌,418,1981237,16259948890,8130,8240,8150,20,0.25,8210,80,0.98,8150,8340,1400-5-16,2021-08-07
469,وتوشه,سرمايه‌ گذاري‌ پارس‌ توشه‌,408,3517200,22081679690,6030,6320,6320,290,4.81,6280,250,4.15,6130,6330,1400-5-16,2021-08-07
470,مارون,پتروشيمي مارون,407,319909,54863493518,169552,170200,173400,3848,2.27,170607,1055,0.62,169570,173648,1400-5-16,2021-08-07
471,سكرد,سيمان كردستان,407,1792452,11525694030,6380,6620,6450,70,1.1,6420,40,0.63,6310,6620,1400-5-16,2021-08-07
472,تنوين,تامين سرمايه نوين,406,2394681,15679583320,6660,6680,6500,-160,-2.4,6620,-40,-0.6,6410,6680,1400-5-16,2021-08-07
473,سشمال,سيمان‌ شمال‌,405,2786260,28001457940,9660,10080,10140,480,4.97,10050,390,4.04,9520,10140,1400-5-16,2021-08-07
474,شاملا,معدني‌ املاح‌  ايران‌,404,628054,22787719430,37650,36200,36340,-1310,-3.48,36280,-1370,-3.64,35770,37650,1400-5-16,2021-08-07
475,غشاذر,پگاه‌آذربايجان‌غربي‌,397,2242804,16033801690,7030,7170,7090,60,0.85,7150,120,1.71,7020,7250,1400-5-16,2021-08-07
476,غشهد,شهد ايران ‌,394,2065475,9277673096,4579,4588,4481,-98,-2.14,4524,-55,-1.2,4450,4655,1400-5-16,2021-08-07
477,شصفها,پتروشيمي‌ اصفهان‌,393,1368747,188377936324,134935,137633,137633,2698,2,137628,2693,2,136000,137633,1400-5-16,2021-08-07
478,جوين,كشت و صنعت جوين,389,4283066,15847602350,3790,3700,3677,-113,-2.98,3700,-90,-2.37,3677,3800,1400-5-16,2021-08-07
479,آوا,صندوق س.سهام آواي معيار-س,387,2469478,18251012212,7296,7425,7410,114,1.56,7391,95,1.3,7336,7495,1400-5-16,2021-08-07
480,زگلدشت,كشت و دام گلدشت نمونه اصفهان,386,952119,10331248631,11156,11139,10672,-484,-4.34,10940,-216,-1.94,10600,11154,1400-5-16,2021-08-07
481,شكربن,كربن‌ ايران‌,385,238553,23423671930,98580,100000,97560,-1020,-1.03,98190,-390,-0.4,95820,100500,1400-5-16,2021-08-07
482,افرا,افرانت,383,524255,13264077551,25618,25618,25190,-428,-1.67,25334,-284,-1.11,24815,26500,1400-5-16,2021-08-07
483,وساشرقي,شركت س استان آذربايجان شرقي,381,11052823,8679323539,796,757,770,-26,-3.27,795,-1,-0.13,757,830,1400-5-16,2021-08-07
484,پلوله,گازلوله‌,376,915623,26277771760,28925,28058,29792,867,3,28699,-226,-0.78,28058,29792,1400-5-16,2021-08-07
485,بنيرو,نيروترانس‌,375,4992735,11267142785,2272,2360,2230,-42,-1.85,2260,-12,-0.53,2200,2360,1400-5-16,2021-08-07
486,شگل,گلتاش‌,374,1322713,10096897070,7790,7970,7560,-230,-2.95,7680,-110,-1.41,7550,7970,1400-5-16,2021-08-07
487,ضملت8042,اختيارخ وبملت-3934-1400/08/19,364,10541,5325269000,393,412,499,106,26.97,505,112,28.5,412,560,1400-5-16,2021-08-07
488,كخاك,صنايع‌خاك‌چيني‌ايران‌,363,782719,28693120560,35990,35680,37010,1020,2.83,36660,670,1.86,35520,37780,1400-5-16,2021-08-07
489,وارس,سرمايه گذاري ارس صبا,359,862022,12008180468,14143,13750,13901,-242,-1.71,13930,-213,-1.51,13719,14497,1400-5-16,2021-08-07
490,دلر,داروسازي‌ اكسير,356,624543,23110272300,36220,37800,37060,840,2.32,37000,780,2.15,36580,37800,1400-5-16,2021-08-07
491,واتي,سرمايه‌ گذاري‌ آتيه‌ دماوند,350,3271789,36913855330,11290,11400,11310,20,0.18,11280,-10,-0.09,11000,11480,1400-5-16,2021-08-07
492,گوهرانح,ح . س. توسعه گوهران اميد,346,1348229,4734992162,3519,3430,3550,31,0.88,3512,-7,-0.2,3430,3570,1400-5-16,2021-08-07
493,غگلستا,شير پاستوريزه پگاه گلستان,345,1021023,22298121297,22988,21839,21839,-1149,-5,21839,-1149,-5,21839,21839,1400-5-16,2021-08-07
494,ولملت,واسپاري ملت,344,3927845,19974911810,5080,5220,5070,-10,-0.2,5090,10,0.2,4900,5220,1400-5-16,2021-08-07
495,وپسا,س. پتروشيمي ساختمان  خليج فارس,342,7454734,13873508782,1887,1895,1850,-37,-1.96,1861,-26,-1.38,1850,1909,1400-5-16,2021-08-07
496,گوهر,صندوق سكه طلاي كيان,342,336773,19127041209,58124,58700,57000,-1124,-1.93,56795,-1329,-2.29,56003,58700,1400-5-16,2021-08-07
497,آبين,كشت و صنعت آبشيرين,341,8148924,21993945876,2647,2699,2699,52,1.96,2699,52,1.96,2699,2699,1400-5-16,2021-08-07
498,سباقر,سيمان باقران,340,2842643,40596502753,14535,14550,14349,-186,-1.28,14281,-254,-1.75,14201,14960,1400-5-16,2021-08-07
499,خفولا,خدمات فني فولاد يزد,338,860048,23785632527,28496,27642,27642,-854,-3,27656,-840,-2.95,27642,28000,1400-5-16,2021-08-07
500,آساس,صندوق س.آسمان آرماني سهام-س,338,156660,28059697399,177271,178330,179650,2379,1.34,179112,1841,1.04,177271,180700,1400-5-16,2021-08-07
501,لسرما,سرما آفرين‌,335,817762,15688243280,19600,19330,19040,-560,-2.86,19180,-420,-2.14,18970,19840,1400-5-16,2021-08-07
502,دعبيد,لابراتوارداروسازي‌  دكترعبيدي‌,333,617892,15221488030,24570,24430,24460,-110,-0.45,24590,20,0.08,24430,24850,1400-5-16,2021-08-07
503,سيدكو,سرمايه گذاري توسعه صنايع سيمان,330,2655988,19302263300,7310,7400,7310,0,0,7270,-40,-0.55,7210,7400,1400-5-16,2021-08-07
504,قمرو,قند مرودشت‌,323,498523,11580115600,24060,24050,23030,-1030,-4.28,23400,-660,-2.74,23000,24050,1400-5-16,2021-08-07
505,كفرا,فراورده‌ هاي‌ نسوزايران‌,323,979579,21827165820,22570,22560,22010,-560,-2.48,22280,-290,-1.28,21840,23060,1400-5-16,2021-08-07
506,بخاور,بيمه زندگي خاورميانه,321,2321025,12908932547,5440,5400,5531,91,1.67,5542,102,1.88,5400,5660,1400-5-16,2021-08-07
507,لخزر,پارس‌ خزر,320,171528,20458709880,118730,116950,120440,1710,1.44,119270,540,0.45,116300,121510,1400-5-16,2021-08-07
508,سرود,سيمان‌شاهرود,319,2751872,66351396990,23900,24250,24000,100,0.42,24110,210,0.88,23830,24610,1400-5-16,2021-08-07
509,ما,بيمه  ما,318,1842351,14765562410,8050,8100,8000,-50,-0.62,8010,-40,-0.5,7930,8200,1400-5-16,2021-08-07
510,فافزا,فولاد افزا سپاهان,316,321290,13791450899,42790,43510,43480,690,1.61,42925,135,0.32,41507,43527,1400-5-16,2021-08-07
511,آكورد,صندوق س. آرمان آتي كوثر-د,314,4931916,165011005170,33408,33457,33458,50,0.15,33458,50,0.15,33457,33464,1400-5-16,2021-08-07
512,تسه9908,امتياز تسهيلات مسكن آبان99,314,5830,3519875368,606087,602880,575783,-30304,-5,603752,-2335,-0.39,575783,619000,1400-5-16,2021-08-07
513,وسنا,سرمايه گذاري نيروگاهي ايران,312,2014188,30484527330,14746,14308,15188,442,3,15135,389,2.64,14308,15188,1400-5-16,2021-08-07
514,كشرق,صنعتي و معدني شمال شرق شاهرود,312,215669,13331611936,62686,61190,61300,-1386,-2.21,61901,-785,-1.25,61150,62369,1400-5-16,2021-08-07
515,سكه0012پ04,تمام سكه طرح جديد0012صادرات,310,206700,234968637800,1152252,1120006,1140000,-12252,-1.06,1136762,-15490,-1.34,1111101,1148981,1400-5-16,2021-08-07
516,تسه9912,امتياز تسهيلات مسكن اسفند99,310,4358,2661909898,606797,598219,580000,-26797,-4.42,610810,4013,0.66,580000,625000,1400-5-16,2021-08-07
517,ثجوان,تامين مسكن جوانان,309,1462852,12901243850,9060,9100,8789,-271,-2.99,8819,-241,-2.66,8789,9100,1400-5-16,2021-08-07
518,خنصير,مهندسي‌نصيرماشين‌,308,2598160,32035312800,11750,12330,12330,580,4.94,12330,580,4.94,12330,12330,1400-5-16,2021-08-07
519,فيروزه,صندوق شاخص30 شركت فيروزه- سهام,306,73715,12279591760,165250,166920,166630,1380,0.84,166580,1330,0.8,163810,169300,1400-5-16,2021-08-07
520,تصميم,صندوق س با درآمد ثابت تصميم,305,1752734,29893206477,17030,17055,17060,30,0.18,17055,25,0.15,17046,17079,1400-5-16,2021-08-07
521,سخزر,سيمان‌ خزر,299,440546,10344079180,23900,23590,23130,-770,-3.22,23610,-290,-1.21,22900,24800,1400-5-16,2021-08-07
522,وايرا,سرمايه گذاري صنايع ايران,298,1734088,12650105393,7516,7310,7291,-225,-2.99,7295,-221,-2.94,7291,7582,1400-5-16,2021-08-07
523,تسه9911,امتياز تسهيلات مسكن بهمن99,298,4777,2899655094,606069,597050,580000,-26069,-4.3,607003,934,0.15,576000,619990,1400-5-16,2021-08-07
524,چكاوه,صنايع‌كاغذسازي‌كاوه‌,298,958827,12476140690,13050,12860,13030,-20,-0.15,13020,-30,-0.23,12740,13240,1400-5-16,2021-08-07
525,معيار ,سرمايه گذاري معيار صنعت پارس,295,233993,9882275336,42727,42600,41810,-917,-2.15,42233,-494,-1.16,41800,43443,1400-5-16,2021-08-07
526,ولبهمن,شركت بهمن ليزينگ,286,1938317,13468825126,6955,6700,6910,-45,-0.65,6949,-6,-0.09,6700,7080,1400-5-16,2021-08-07
527,سهگمت,سيمان‌هگمتان‌,282,823879,21119421870,26180,25710,25500,-680,-2.6,25630,-550,-2.1,25000,26640,1400-5-16,2021-08-07
528,دسانكوح,ح . داروسازي سبحان انكولوژي,281,879285,7327093133,8410,8100,8400,-10,-0.12,8333,-77,-0.92,8100,8650,1400-5-16,2021-08-07
529,حسينا,توسعه خدمات دريايي وبندري سينا,277,246410,13606858320,54066,55694,55394,1328,2.46,55091,1025,1.9,54500,55694,1400-5-16,2021-08-07
530,تايرا,تراكتورسازي‌ايران‌,275,535616,12543840450,24120,22990,23200,-920,-3.81,23830,-290,-1.2,22990,24000,1400-5-16,2021-08-07
531,كالا,بورس كالاي ايران,275,1019984,29365339360,27420,28790,28790,1370,5,28120,700,2.55,28790,28790,1400-5-16,2021-08-07
532,قهكمت,قندهكمتان‌,274,509539,19376738170,36220,38030,38030,1810,5,38030,1810,5,37000,38030,1400-5-16,2021-08-07
533,شوينده,مديريت صنعت شوينده ت.ص.بهشهر,273,298252,6790356710,22730,22350,22850,120,0.53,22750,20,0.09,22350,23020,1400-5-16,2021-08-07
534,زرين,صندوق س. سهام زرين كوروش-س,270,1306098,15785370771,12060,12168,11900,-160,-1.33,12086,26,0.22,11833,12251,1400-5-16,2021-08-07
535,زر,صندوق س.پشتوانه سكه طلاي زر,261,136876,6883603121,51482,51190,50548,-934,-1.81,50291,-1191,-2.31,49692,51190,1400-5-16,2021-08-07
536,قپيرا,فرآورده‌هاي‌غدايي‌وقندپيرانشهر,259,1716155,12447848800,7080,7330,7300,220,3.11,7220,140,1.98,7030,7420,1400-5-16,2021-08-07
537,دسبحا,گروه دارويي سبحان,257,671017,9954599100,14880,14720,14940,60,0.4,14860,-20,-0.13,14720,15290,1400-5-16,2021-08-07
538,بساما,بيمه سامان,257,393903,10550701023,27176,28250,25818,-1358,-5,26989,-187,-0.69,25818,28260,1400-5-16,2021-08-07
539,وسهمدا,شركت س استان همدان,257,18739646,11627964783,592,621,621,29,4.9,604,12,2.03,601,621,1400-5-16,2021-08-07
540,وسرمد,بيمه  سرمد,251,2122198,11026360692,5338,5498,5178,-160,-3,5196,-142,-2.66,5178,5498,1400-5-16,2021-08-07
541,گوهران,سرمايه گذاري توسعه گوهران اميد,251,1253393,6269943753,5000,4850,4979,-21,-0.42,5001,1,0.02,4850,5120,1400-5-16,2021-08-07
542,ساروج,بين المللي ساروج بوشهر,248,1458789,26546359265,17840,17842,18375,535,3,18198,358,2.01,17842,18375,1400-5-16,2021-08-07
543,پارسيان,بيمه پارسيان,248,2784193,24865031610,9000,8900,8980,-20,-0.22,8930,-70,-0.78,8860,9070,1400-5-16,2021-08-07
544,تماوند,تامين سرمايه دماوند,246,4070033,23208251857,5537,5703,5703,166,3,5702,165,2.98,5660,5703,1400-5-16,2021-08-07
545,لبوتان,گروه‌صنعتي‌بوتان‌,246,219311,11004019050,50600,50700,50370,-230,-0.45,50290,-310,-0.61,49490,51500,1400-5-16,2021-08-07
546,ارمغان,ص سرمايه گذاري ارمغان ايرانيان,245,4466831,44672189874,10143,10007,10000,-143,-1.41,10001,-142,-1.4,10000,10007,1400-5-16,2021-08-07
547,لپارس,پارس‌ الكتريك‌,245,328563,22338998370,64760,67990,67990,3230,4.99,67990,3230,4.99,67990,67990,1400-5-16,2021-08-07
548,لوتوس,تامين سرمايه لوتوس پارسيان,239,1939538,15562737460,8020,8050,8030,10,0.12,8020,0,0,7910,8100,1400-5-16,2021-08-07
549,سپاس,صندوق س. پاداش سهامداري-ثابت,237,5595532,56002587081,10159,10006,10009,-150,-1.48,10008,-151,-1.49,10005,10009,1400-5-16,2021-08-07
550,وبازار,صندوق س شاخصي بازارآشنا,236,1594504,20070879910,12440,12650,12540,100,0.8,12590,150,1.21,12420,12850,1400-5-16,2021-08-07
551,سجام,مجتمع سيمان غرب آسيا,232,3250177,12268559581,3696,3722,3806,110,2.98,3775,79,2.14,3610,3806,1400-5-16,2021-08-07
552,آپ,آسان پرداخت پرشين,232,2213421,27756299340,11950,12540,12540,590,4.94,12540,590,4.94,12540,12540,1400-5-16,2021-08-07
553,كقزوي,شيشه‌ قزوين‌,231,1693957,12828882085,7501,7300,7599,98,1.31,7573,72,0.96,7300,7726,1400-5-16,2021-08-07
554,تسه9910,امتياز تسهيلات مسكن دي99,230,3737,2261253607,605972,597200,580000,-25972,-4.29,605099,-873,-0.14,579000,620000,1400-5-16,2021-08-07
555,قيستو,شركت قند بيستون,230,970046,14493124074,15132,14830,14940,-192,-1.27,14941,-191,-1.26,14830,15380,1400-5-16,2021-08-07
556,زقيام,كشت و دام قيام اصفهان,224,1448088,27076349424,17808,18698,18698,890,5,18698,890,5,18698,18698,1400-5-16,2021-08-07
557,شفا,سرمايه گذاري شفادارو,221,310189,11494839060,36910,37310,36350,-560,-1.52,37010,100,0.27,36030,38400,1400-5-16,2021-08-07
558,واحصا,احياء صنايع خراسان,220,204586,8188971757,41151,40051,39917,-1234,-3,40205,-946,-2.3,39917,41199,1400-5-16,2021-08-07
559,وسين,بيمه سينا,220,5128312,17645792057,3500,3470,3395,-105,-3,3441,-59,-1.69,3395,3589,1400-5-16,2021-08-07
560,دشيميح,ح . شيمي‌ داروئي‌ داروپخش‌,219,3200000,67703530630,19850,21000,21200,1350,6.8,21160,1310,6.6,21000,21830,1400-5-16,2021-08-07
561,دارو,كارخانجات‌داروپخش‌,218,404339,9932915500,24850,24090,24700,-150,-0.6,24660,-190,-0.76,24090,24880,1400-5-16,2021-08-07
562,سبجنو,سيمان‌ بجنورد,213,298760,11981740280,41320,40830,39750,-1570,-3.8,40320,-1000,-2.42,39720,42000,1400-5-16,2021-08-07
563,تسه9909,امتياز تسهيلات مسكن آذر99,208,2571,1554386338,605732,611000,580000,-25732,-4.25,604584,-1148,-0.19,580000,620000,1400-5-16,2021-08-07
564,فالوم,آلومتك‌,208,722093,13283436564,17861,18396,18396,535,3,18396,535,3,18390,18396,1400-5-16,2021-08-07
565,كپرور,فرآوري زغال سنگ پروده طبس,202,309518,10272063655,32695,33500,33500,805,2.46,33027,332,1.02,32750,34230,1400-5-16,2021-08-07
566,اخزا910,اسنادخزانه-م10بودجه99-020807,199,264699,173826851283,655541,654111,656000,459,0.07,656696,1155,0.18,654031,659500,1400-5-16,2021-08-07
567,خديزل,بهمن  ديزل,196,144731,7851057869,54165,56200,54300,135,0.25,54194,29,0.05,52620,56200,1400-5-16,2021-08-07
568,شستان,پتروشيمي گلستان,195,1701659,5035780665,2990,3049,2958,-32,-1.07,2959,-31,-1.04,2931,3049,1400-5-16,2021-08-07
569,اوصتا,صندوق انديشه ورزان صباتامين -د,195,8389148,162964755293,19415,19428,19429,14,0.07,19426,11,0.06,19425,19430,1400-5-16,2021-08-07
570,دالبر,البرزدارو,191,373217,4567285430,12140,12450,12140,0,0,12170,30,0.25,12030,12500,1400-5-16,2021-08-07
571,پسهند,صنايع‌ لاستيكي‌  سهند,189,252454,7695350080,30740,31390,30510,-230,-0.75,30610,-130,-0.42,30020,31400,1400-5-16,2021-08-07
572,ضخود7078,اختيارخ خودرو-3500-1400/07/07,189,7327,149555000,23,21,18,-5,-21.74,20,-3,-13.04,17,26,1400-5-16,2021-08-07
573,دسينا,داروسازي‌ سينا,188,312490,6863602560,22220,21550,21620,-600,-2.7,22100,-120,-0.54,21350,23130,1400-5-16,2021-08-07
574,آساميد,صندوق س.مشترك آسمان اميد -د,185,6041285,75886521361,12541,12562,12562,21,0.17,12561,20,0.16,12560,12564,1400-5-16,2021-08-07
575,خلنت,لنت‌ ترمزايران‌,184,357851,22923699280,61010,64050,64060,3050,5,64060,3050,5,64050,64060,1400-5-16,2021-08-07
576,تسه9906,امتياز تسهيلات مسكن شهريور99,182,7740,4711134494,608518,610000,629599,21081,3.46,608674,156,0.03,579000,629599,1400-5-16,2021-08-07
577,گپارس,امور رفاهي كارگزاران پارس,182,82869,9117103161,112463,109091,112463,0,0,110185,-2278,-2.03,109090,112463,1400-5-16,2021-08-07
578,زپارس,ملي كشت و صنعت و دامپروري پارس,181,104619,12501809180,121430,124450,117850,-3580,-2.95,119880,-1550,-1.28,117800,124450,1400-5-16,2021-08-07
579,ومشان,س. فني و مهندسي مشانير,179,78596,5951230048,77736,78680,75404,-2332,-3,76504,-1232,-1.58,75404,78680,1400-5-16,2021-08-07
580,سدشت,صنايع سيمان دشتستان,178,95221,5113077860,53490,55600,52720,-770,-1.44,53530,40,0.07,51790,55600,1400-5-16,2021-08-07
581,تسه9907,امتياز تسهيلات مسكن مهر99,170,2961,1797401929,605536,593354,600000,-5536,-0.91,607025,1489,0.25,580000,619000,1400-5-16,2021-08-07
582,قزوين,كارخانجات‌ قند قزوين‌,167,389855,10910127980,27850,29000,28190,340,1.22,27950,100,0.36,27000,29000,1400-5-16,2021-08-07
583,فنرژي,گسترش صنايع انرژي آذرآب,167,329105,5345323410,15924,16242,16242,318,2,16242,318,2,16242,16242,1400-5-16,2021-08-07
584,آتيمس,صندوق س.آرمان آتيه درخشان مس-س,164,40652,7985127345,196340,197690,195800,-540,-0.28,196426,86,0.04,194011,199000,1400-5-16,2021-08-07
585,ضشنا8004,اختيارخ شپنا-10800-1400/08/16,161,1730,5651309000,3142,3443,3150,8,0.25,3267,125,3.98,3150,3443,1400-5-16,2021-08-07
586,فيروزا,صندوق بادرآمد ثابت فيروزه آسيا,161,854109,20905085187,24497,24430,24555,58,0.24,24476,-21,-0.09,24399,24558,1400-5-16,2021-08-07
587,خاتم,صندوق س خاتم ايساتيس پويا-ثابت,160,2082052,24369299167,11678,11701,11712,34,0.29,11704,26,0.22,11700,11713,1400-5-16,2021-08-07
588,قشرين,قند شيرين خراسان,160,990320,19262714320,18885,19451,19451,566,3,19451,566,3,19451,19451,1400-5-16,2021-08-07
589,ضخود7074,اختيارخ خودرو-1800-1400/07/07,157,6452,2547839000,393,430,405,12,3.05,395,2,0.51,380,440,1400-5-16,2021-08-07
590,سپ,پرداخت الكترونيك سامان كيش,157,296518,7988693760,27300,27220,27140,-160,-0.59,27250,-50,-0.18,26120,27220,1400-5-16,2021-08-07
591,نهال,صندوق س. طلاي سرخ نوويرا,156,541301,5413317041,10050,10082,9996,-54,-0.54,10001,-49,-0.49,9880,10089,1400-5-16,2021-08-07
592,تسه9806,امتياز تسهيلات مسكن شهريور98,150,1687,1021315897,603269,594221,593352,-9917,-1.64,605404,2135,0.35,590080,615880,1400-5-16,2021-08-07
593,تسه9902,امتياز تسهيلات مسكن ارديبهشت99,148,1803,1088640077,603270,587933,584000,-19270,-3.19,603794,524,0.09,573120,619990,1400-5-16,2021-08-07
594,تسه9807,امتياز تسهيلات مسكن مهر98,146,1536,932854876,610197,591000,596070,-14127,-2.32,607327,-2870,-0.47,590010,614408,1400-5-16,2021-08-07
595,تسه9904,امتياز تسهيلات مسكن تير99,145,1993,1205539837,606090,611000,598000,-8090,-1.33,604887,-1203,-0.2,585580,619999,1400-5-16,2021-08-07
596,گكيشح,ح.توريستي ورفاهي آبادگران كيش,145,783893,24316739380,31540,33000,30000,-1540,-4.88,31020,-520,-1.65,30000,33000,1400-5-16,2021-08-07
597,تسه9810,امتياز تسهيلات مسكن دي98,142,2093,1263506524,602115,590200,600000,-2115,-0.35,603682,1567,0.26,573080,630000,1400-5-16,2021-08-07
598,پارتا,مجتمع‌صنعتي‌آرتاويل‌تاير,140,231923,6313271969,28024,27184,27184,-840,-3,27813,-211,-0.75,27184,28000,1400-5-16,2021-08-07
599,شرنگي,شيميايي رنگين,139,51940,11176170061,214698,217360,217970,3272,1.52,215175,477,0.22,214698,218500,1400-5-16,2021-08-07
600,افق ملت,صندوق س در سهام افق ملت,138,37552,5629696540,148750,149000,149980,1230,0.83,149920,1170,0.79,148010,152000,1400-5-16,2021-08-07
601,تسه9808,امتياز تسهيلات مسكن آبان98,137,1341,812245151,603369,597120,589999,-13370,-2.22,605701,2332,0.39,575010,620000,1400-5-16,2021-08-07
602,ضصاد8033,اختيارخ وبصادر-2489-1400/08/12,136,4736,1095714000,244,289,200,-44,-18.03,231,-13,-5.33,190,310,1400-5-16,2021-08-07
603,حبندر,دريايي و کشتيراني خط دريابندر,135,406623,14648186952,34975,36024,36024,1049,3,36024,1049,3,36024,36024,1400-5-16,2021-08-07
604,فردا,صندوق س آواي فرداي زاگرس-ثابت,132,4362529,48799494960,11168,11186,11186,18,0.16,11186,18,0.16,11186,11187,1400-5-16,2021-08-07
605,سكه0011پ02,تمام سكه طرح جديد0011ملت,132,31900,36112289700,1153545,1141119,1148000,-5545,-0.48,1132047,-21498,-1.86,1116000,1152900,1400-5-16,2021-08-07
606,وسديد,گروه ‌صنعتي‌سديد,129,1844994,2854205718,1578,1547,1547,-31,-1.96,1573,-5,-0.32,1547,1547,1400-5-16,2021-08-07
607,وزمين,بانك ايران زمين,128,582942,5999626536,10271,10271,10333,62,0.6,10279,8,0.08,10060,10650,1400-5-16,2021-08-07
608,دروز,داروسازي‌ روزدارو,127,301836,9414495010,30780,29660,30450,-330,-1.07,31030,250,0.81,29660,31980,1400-5-16,2021-08-07
609,فراز,صندوق س.سهام فراز داريك-س,126,1120758,13875228662,12311,12380,12410,99,0.8,12380,69,0.56,12320,12410,1400-5-16,2021-08-07
610,سكارون,سيمان كارون,120,238445,24851930125,101190,104225,104225,3035,3,104225,3035,3,104225,104225,1400-5-16,2021-08-07
611,تسه9901,امتياز تسهيلات مسكن فروردين99,119,2117,1285511885,617915,594400,587020,-30895,-5,607233,-10682,-1.73,587020,624000,1400-5-16,2021-08-07
612,كتوكا,توليدي و خدمات صنايع نسوز توكا,118,101010,2738381100,30122,27110,27110,-3012,-10,29511,-611,-2.03,27110,27110,1400-5-16,2021-08-07
613,ضسپا8041,اختيارخ خساپا-1600-1400/08/26,118,3882,1718160000,407,444,439,32,7.86,443,36,8.85,410,460,1400-5-16,2021-08-07
614,قجام,فرآوردههاي غذايي وقندتربت‌جام‌,118,1487002,9962913400,6749,6700,6700,-49,-0.73,6700,-49,-0.73,6700,6700,1400-5-16,2021-08-07
615,ضملت8041,اختيارخ وبملت-3434-1400/08/19,117,2678,2095818000,817,620,830,13,1.59,783,-34,-4.16,620,990,1400-5-16,2021-08-07
616,تسه9809,امتياز تسهيلات مسكن آذر98,115,1155,699121696,603438,589010,600000,-3438,-0.57,605300,1862,0.31,589010,619998,1400-5-16,2021-08-07
617,صايند,صندوق س. گنجينه آينده روشن-د,115,329130,3287467350,9958,9996,9980,22,0.22,9988,30,0.3,9956,9998,1400-5-16,2021-08-07
618,سپر,صندوق س سپر سرمايه بيدار- ثابت,115,1361122,16917358316,12415,12417,12428,13,0.1,12429,14,0.11,12417,12431,1400-5-16,2021-08-07
619,تسه9811,امتياز تسهيلات مسكن بهمن98,114,1198,716214197,601361,588002,571293,-30068,-5,597842,-3519,-0.59,571293,631429,1400-5-16,2021-08-07
620,اخزا901,اسنادخزانه-م1بودجه99-010621,114,102525,83290259269,811619,800001,812608,989,0.12,812390,771,0.09,800001,817900,1400-5-16,2021-08-07
621,كترام,توليدي‌ كاشي‌ تكسرام‌,113,114042,4433952960,43200,38880,38880,-4320,-10,41780,-1420,-3.29,38880,38880,1400-5-16,2021-08-07
622,تسه9812,امتياز تسهيلات مسكن اسفند98,113,815,489495926,602270,585902,609000,6730,1.12,600608,-1662,-0.28,585902,609000,1400-5-16,2021-08-07
623,ضملي7003,اختيارخ فملي-11720-1400/07/11,110,893,2428468000,2818,2840,2721,-97,-3.44,2719,-99,-3.51,2600,2850,1400-5-16,2021-08-07
624,وحافظ,بيمه حافظ,110,1327449,14645512970,14855,11010,11230,-3625,-24.4,11033,-3822,-25.73,10790,11230,1400-5-16,2021-08-07
625,اخزا908,اسنادخزانه-م8بودجه99-020606,110,512514,347432943786,675905,675500,680000,4095,0.61,677899,1994,0.3,674009,681000,1400-5-16,2021-08-07
626,سمتاز,سيمان ممتازان كرمان,109,371276,9395881732,26089,25307,25307,-782,-3,25363,-726,-2.78,25307,25307,1400-5-16,2021-08-07
627,تسه9905,امتياز تسهيلات مسكن مرداد99,108,1434,869410148,605964,593000,580904,-25060,-4.14,606283,319,0.05,580900,619999,1400-5-16,2021-08-07
628,تسه9903,امتياز تسهيلات مسكن خرداد99,105,704,426502212,603740,592190,600000,-3740,-0.62,605827,2087,0.35,592190,620000,1400-5-16,2021-08-07
629,ضملت8043,اختيارخ وبملت-4434-1400/08/19,102,4828,1492073000,265,290,310,45,16.98,309,44,16.6,290,398,1400-5-16,2021-08-07
630,سكه0112پ03,تمام سكه طرح جديد0112سامان,102,24900,28125563500,1155616,1135000,1148990,-6626,-0.57,1129541,-26075,-2.26,1111000,1151000,1400-5-16,2021-08-07
631,اخزا914,اسنادخزانه-م14بودجه99-021025,100,102736,64853334049,629373,632000,633999,4626,0.74,631262,1889,0.3,626000,634000,1400-5-16,2021-08-07
632,اخزا911,اسنادخزانه-م11بودجه99-020906,97,451744,291959196831,646071,647500,650000,3929,0.61,646293,222,0.03,644301,650000,1400-5-16,2021-08-07
633,ورازي,بيمه رازي,93,7633647,11526806970,1367,1510,1510,143,10.46,1510,143,10.46,1510,1510,1400-5-16,2021-08-07
634,گنگين,اقتصادي نگين گردشگري ايرانيان,91,1163335,23305090055,19450,20033,20033,583,3,20015,565,2.9,20033,20033,1400-5-16,2021-08-07
635,دشيري,شيرين دارو,89,37401,7200739728,198482,192528,192528,-5954,-3,194062,-4420,-2.23,192528,192528,1400-5-16,2021-08-07
636,ضسپا8043,اختيارخ خساپا-2000-1400/08/26,88,4539,998281000,205,229,210,5,2.44,220,15,7.32,199,250,1400-5-16,2021-08-07
637,كهربا,صندوق س.پشتوانه سكه طلا كهربا,85,418030,4244727834,10143,10153,10160,17,0.17,10154,11,0.11,10153,10161,1400-5-16,2021-08-07
638,زعف0008پ16,زعفران0008نگين بيرجند(پ),84,78710,10339864589,128814,131350,131350,2536,1.97,131367,2553,1.98,131350,132000,1400-5-16,2021-08-07
639,دالبرح,ح . البرزدارو,84,3538495,36205162850,10500,10350,10350,-150,-1.43,10230,-270,-2.57,10000,10400,1400-5-16,2021-08-07
640,اخزا902,اسنادخزانه-م2بودجه99-011019,83,231724,177088126505,761531,760000,765999,4468,0.59,764220,2689,0.35,760000,766000,1400-5-16,2021-08-07
641,ثهام,صندوق س ثروت هامرز-سهام,80,282135,3124039625,10786,10852,11150,364,3.37,11073,287,2.66,10852,11155,1400-5-16,2021-08-07
642,سلار,شركت سيمان لارستان,80,216808,8302662360,36472,38295,38295,1823,5,37914,1442,3.95,38295,38295,1400-5-16,2021-08-07
643,اخزا903,اسنادخزانه-م3بودجه99-011110,79,151400,114444834857,754233,753255,755851,1618,0.21,755910,1677,0.22,753222,757880,1400-5-16,2021-08-07
644,نمرينو,ايران‌ مرينوس‌,71,286568,32238900000,107150,112500,112500,5350,4.99,112500,5350,4.99,112500,112500,1400-5-16,2021-08-07
645,دارا,صندوق س. دارا الگوريتم-د,65,1202979,12068571862,10032,10045,10021,-11,-0.11,10032,0,0,10021,10055,1400-5-16,2021-08-07
646,ضجار7040,اختيارخ وتجارت-2497-1400/07/21,64,2255,798400000,392,390,340,-52,-13.27,354,-38,-9.69,340,390,1400-5-16,2021-08-07
647,صنوين,صندوق سرمايه‌گذاري صنوين-مختلط,63,19444,2153375590,110890,111060,110000,-890,-0.8,110750,-140,-0.13,109860,111980,1400-5-16,2021-08-07
648,كيان2,صندوق س. با درآمد ثابت كيان,60,6000000,6000000,29770,1,1,-29769,-100,1,-29769,-100,1,1,1400-5-16,2021-08-07
649,شكبير,پتروشيمي اميركبير,59,1512850,135307791150,86834,89439,89439,2605,3,89439,2605,3,89439,89439,1400-5-16,2021-08-07
650,آرمان,بيمه آرمان,59,316732,2071148897,6556,6555,6525,-31,-0.47,6552,-4,-0.06,6500,6582,1400-5-16,2021-08-07
651,خبازرس,بازرسي مهندسي و صنعتي ايران,59,265827,6360708456,23232,23928,23928,696,3,23662,430,1.85,23928,23928,1400-5-16,2021-08-07
652,ثروتم,صندوق س. ثروت آفرين پارسيان-س,57,105940,9234533410,85322,87380,87100,1778,2.08,87168,1846,2.16,86680,88180,1400-5-16,2021-08-07
653,پادا,صندوق س.پاداش سرمايه پارس-س,52,16909,1950867980,111167,115480,115510,4343,3.91,115375,4208,3.79,114800,115510,1400-5-16,2021-08-07
654,ضسپا8042,اختيارخ خساپا-1800-1400/08/26,51,2295,699114000,312,260,307,-5,-1.6,305,-7,-2.24,260,349,1400-5-16,2021-08-07
655,سحرخيز2,صندوق س. گروه زعفران سحرخيز,50,5000000,5000000,9246,1,1,-9245,-99.99,1,-9245,-99.99,1,1,1400-5-16,2021-08-07
656,ولتجار,واسپاري تجارت وسرمايه ايرانيان,48,2616441,9052885860,3091,3460,3460,369,11.94,3389,298,9.64,3460,3460,1400-5-16,2021-08-07
657,گنجين,صندوق س. گنجينه يكم آويد-د,48,743334,9958057204,13384,13396,13397,13,0.1,13396,12,0.09,13390,13407,1400-5-16,2021-08-07
658,دقاضي,داروسازي شهيد قاضي,48,163970,4720532330,27951,28789,28789,838,3,28335,384,1.37,28789,28789,1400-5-16,2021-08-07
659,اخزا909,اسنادخزانه-م9بودجه99-020316,47,257580,182381417717,706205,707000,707701,1496,0.21,708057,1852,0.26,707000,710000,1400-5-16,2021-08-07
660,ضسپا8044,اختيارخ خساپا-2500-1400/08/26,46,1241,143146000,97,116,117,20,20.62,115,18,18.56,96,129,1400-5-16,2021-08-07
661,الماس,صندوق س.امين تدبيرگران فردا-س,46,9973,1160465655,114467,119779,115492,1025,0.9,116361,1894,1.65,114353,119780,1400-5-16,2021-08-07
662,زعف0008پ08,زعفران0008نگين روستا(پ),45,15617,2060545764,131668,131355,131800,132,0.1,131942,274,0.21,131355,135490,1400-5-16,2021-08-07
663,اخزا907,اسنادخزانه-م7بودجه99-020704,45,236513,157907315615,665927,667500,670721,4794,0.72,667647,1720,0.26,666000,670721,1400-5-16,2021-08-07
664,داريك,صندوق س.اعتماد داريك-د,43,1214252,13349706438,10978,11010,11179,201,1.83,10994,16,0.15,10985,11179,1400-5-16,2021-08-07
665,وپخش,داروپخش‌ (هلدينگ‌,43,543241,15417179580,27030,28380,28380,1350,4.99,27550,520,1.92,28380,28380,1400-5-16,2021-08-07
666,ضخود7072,اختيارخ خودرو-1400-1400/07/07,41,1789,1257251000,685,870,699,14,2.04,703,18,2.63,680,870,1400-5-16,2021-08-07
667,آسام,صندوق س.آرمان سپهر آشنا-م,39,45110,5539040910,122049,122679,123383,1334,1.09,122790,741,0.61,122659,124500,1400-5-16,2021-08-07
668,فردا2,صندوق س آواي فرداي زاگرس-ثابت,38,3800000,3800000,11168,1,1,-11167,-99.99,1,-11167,-99.99,1,1,1400-5-16,2021-08-07
669,اخزا815,اسنادخزانه-م15بودجه98-010406,36,147547,124635749614,843235,844000,844500,1265,0.15,844719,1484,0.18,844000,845600,1400-5-16,2021-08-07
670,زعف0008پ05,زعفران0008نگين زرين(پ),35,9765,1299142060,131352,131350,133000,1648,1.25,133041,1689,1.29,131350,133669,1400-5-16,2021-08-07
671,فكمند,گسترش قطعه سازي كمند,35,530548,13441433580,24129,25335,25335,1206,5,25335,1206,5,25335,25335,1400-5-16,2021-08-07
672,عيار2,صندوق سكه طلاي مفيد,33,330000,330000,29739,1,1,-29738,-100,1,-29738,-100,1,1,1400-5-16,2021-08-07
673,وملت,سرمايه گذاري ملت,33,247135,1003368100,4229,4060,4060,-169,-4,4194,-35,-0.83,4060,4060,1400-5-16,2021-08-07
674,زعف0008پ10,زعفران0008نگين طلاي سرخ(پ),32,47800,6939102160,141516,145176,145176,3660,2.59,145169,3653,2.58,144000,145176,1400-5-16,2021-08-07
675,وسقم,شركت س استان قم,32,424937,538395179,1407,1267,1267,-140,-9.95,1404,-3,-0.21,1267,1267,1400-5-16,2021-08-07
676,اخزا820,اسنادخزانه-م20بودجه98-020806,30,10977,7171708893,656114,654604,658400,2286,0.35,653340,-2774,-0.42,651351,658400,1400-5-16,2021-08-07
677,بذر,صندوق س بذر اميد آفرين-سهام,29,29060,2995477010,103320,104030,102700,-620,-0.6,103080,-240,-0.23,102700,104050,1400-5-16,2021-08-07
678,ضملي7002,اختيارخ فملي-9720-1400/07/11,28,270,1192022000,4537,4350,4580,43,0.95,4415,-122,-2.69,4200,4590,1400-5-16,2021-08-07
679,تابا,تابان نيرو سپاهان,28,21717,688146579,32666,31687,31687,-979,-3,32597,-69,-0.21,31687,31687,1400-5-16,2021-08-07
680,ضپال2006,اختيارخ اپال-28000-1401/02/12,27,264,462803000,1576,1749,1730,154,9.77,1753,177,11.23,1650,1789,1400-5-16,2021-08-07
681,وآتوس,س.آرين توسكا قيمت اسمي 350ريال,27,91821,2878404708,30435,31348,31348,913,3,30690,255,0.84,31348,31348,1400-5-16,2021-08-07
682,ضشنا8003,اختيارخ شپنا-8800-1400/08/16,26,115,558947000,4670,4800,4550,-120,-2.57,4860,190,4.07,4550,4999,1400-5-16,2021-08-07
683,ضپاس7029,اختيارخ وپارس-2500-1400/07/28,26,450,268910000,551,600,590,39,7.08,598,47,8.53,570,609,1400-5-16,2021-08-07
684,ضملي7004,اختيارخ فملي-13720-1400/07/11,26,114,159938000,1515,1589,1428,-87,-5.74,1403,-112,-7.39,1360,1589,1400-5-16,2021-08-07
685,زعف0008پ20,زعفران0008نگين وحدت جام(پ),24,35538,4670711300,128818,131350,131350,2532,1.97,131429,2611,2.03,131350,132000,1400-5-16,2021-08-07
686,اخزا004,اسنادخزانه-م4بودجه00-030522,24,82362,46853065012,563451,562502,569000,5549,0.98,568867,5416,0.96,562502,569000,1400-5-16,2021-08-07
687,بايكا,كارخانجات كابلسازي ‌ايران‌,22,10807,254720990,24810,23570,23570,-1240,-5,24777,-33,-0.13,23570,23570,1400-5-16,2021-08-07
688,قشهد,شهد,22,66038,1028872040,16400,15580,15580,-820,-5,16340,-60,-0.37,15580,15580,1400-5-16,2021-08-07
689,دمعيار,صندوق س. توازن معيار-د,22,226762,2285785612,10066,10080,10084,18,0.18,10080,14,0.14,10080,10084,1400-5-16,2021-08-07
690,طلا2,صندوق س.پشتوانه طلاي لوتوس,22,2200000,2200000,83453,1,1,-83452,-100,1,-83452,-100,1,1,1400-5-16,2021-08-07
691,اطلس2,صندوق س.توسعه اندوخته آينده-س,21,210000,210000,248550,1,1,-248549,-100,1,-248549,-100,1,1,1400-5-16,2021-08-07
692,تپكو,توليدتجهيزات‌سنگين‌هپكو,21,145845,765832095,5358,5251,5251,-107,-2,5356,-2,-0.04,5251,5251,1400-5-16,2021-08-07
693,زعف0008پ11,زعفران0008نگين سحرخيز(پ),21,40071,5817347496,141520,145176,145176,3656,2.58,145176,3656,2.58,145176,145176,1400-5-16,2021-08-07
694,سنير,سيمان‌ سفيد ني‌ريز,20,4612,659423760,150500,142980,142980,-7520,-5,150150,-350,-0.23,142980,142980,1400-5-16,2021-08-07
695,ضشنا8005,اختيارخ شپنا-12800-1400/08/16,19,285,547509000,1996,2000,2020,24,1.2,1921,-75,-3.76,1701,2050,1400-5-16,2021-08-07
696,اخزا812,اسنادخزانه-م12بودجه98-001111,19,64421,58828248544,909964,912222,910001,37,0,913184,3220,0.35,910001,915000,1400-5-16,2021-08-07
697,جهرمح,ح.پتروشيمي جهرم,18,896401,242914468,285,302,268,-17,-5.96,271,-14,-4.91,268,302,1400-5-16,2021-08-07
698,ضشنا8002,اختيارخ شپنا-7800-1400/08/16,18,71,391800000,5686,5501,5400,-286,-5.03,5518,-168,-2.95,5400,5690,1400-5-16,2021-08-07
699,اخزا806,اسنادخزانه-م6بودجه98-000519,18,12294,12208199770,995033,996500,999000,3967,0.4,993021,-2012,-0.2,980000,999000,1400-5-16,2021-08-07
700,جهرم,پتروشيمي جهرم,17,120319,192390081,1648,1599,1599,-49,-2.97,1647,-1,-0.06,1599,1599,1400-5-16,2021-08-07
701,كابگن,توليدي و صنعتي آبگينه‌,16,186273,1003825197,5336,5389,5389,53,0.99,5357,21,0.39,5389,5389,1400-5-16,2021-08-07
702,ضجار7041,اختيارخ وتجارت-2997-1400/07/21,15,303,60170000,199,219,180,-19,-9.55,199,0,0,180,228,1400-5-16,2021-08-07
703,اخزا821,اسنادخزانه-م21بودجه98-020906,15,2740,1768324784,645219,645622,648500,3281,0.51,645374,155,0.02,644301,648500,1400-5-16,2021-08-07
704,سكه0111پ05,تمام سكه طرح جديد0111آينده,15,52300,58594800000,1152030,1120000,1146000,-6030,-0.52,1120359,-31671,-2.75,1120000,1146000,1400-5-16,2021-08-07
705,اراد50,مرابحه عام دولت5-ش.خ0302,15,236200,236200216200,1000001,1000000,1000001,0,0,1000001,0,0,1000000,1000001,1400-5-16,2021-08-07
706,ضخود7073,اختيارخ خودرو-1600-1400/07/07,15,332,176254000,529,250,550,21,3.97,531,2,0.38,250,550,1400-5-16,2021-08-07
707,اخزا718,اسنادخزانه-م18بودجه97-000525,15,5665,5634611200,991503,985501,995000,3497,0.35,994636,3133,0.32,985501,995000,1400-5-16,2021-08-07
708,ضمخا7076,اختيارخ اخابر-9700-1400/07/28,14,225,264614000,1243,1200,1150,-93,-7.48,1176,-67,-5.39,1111,1200,1400-5-16,2021-08-07
709,اخزا811,اسنادخزانه-م11بودجه98-001013,13,101698,94146702858,924083,924400,929000,4917,0.53,925748,1665,0.18,924400,929000,1400-5-16,2021-08-07
710,اوصتا2,صندوق انديشه ورزان صباتامين -د,13,10300000,10300000,19415,1,1,-19414,-99.99,1,-19414,-99.99,1,1,1400-5-16,2021-08-07
711,هفارس104,اختيارف ت فارس-11832-01/04/12,13,1003590,1003590,1,1,1,0,0,1,0,0,1,1,1400-5-16,2021-08-07
712,ضپال2007,اختيارخ اپال-32000-1401/02/12,13,126,98606000,789,790,799,10,1.27,783,-6,-0.76,750,804,1400-5-16,2021-08-07
713,اخزا807,اسنادخزانه-م7بودجه98-000719,13,871,843670000,964992,967000,969000,4008,0.42,968622,3630,0.38,967000,969000,1400-5-16,2021-08-07
714,زماهان,مجتمع توليد گوشت مرغ ماهان,12,46043,725867895,16594,15765,15765,-829,-5,16552,-42,-0.25,15765,15765,1400-5-16,2021-08-07
715,سفاسي,شركت فارسيت اهواز,12,10552,77040152,7526,7301,7301,-225,-2.99,7524,-2,-0.03,7301,7301,1400-5-16,2021-08-07
716,اخزا817,اسنادخزانه-م17بودجه98-010512,12,18966,15721857378,826645,829000,829300,2655,0.32,828950,2305,0.28,825010,830000,1400-5-16,2021-08-07
717,ضجار7037,اختيارخ وتجارت-1597-1400/07/21,11,124,136986000,1117,1116,1100,-17,-1.52,1105,-12,-1.07,1080,1116,1400-5-16,2021-08-07
718,اخزا721,اسنادخزانه-م21بودجه97-000728,11,45197,43500570993,960570,962000,962500,1930,0.2,962466,1896,0.2,962000,962500,1400-5-16,2021-08-07
719,ضملت8044,اختيارخ وبملت-4934-1400/08/19,11,382,76162000,150,200,200,50,33.33,199,49,32.67,183,240,1400-5-16,2021-08-07
720,گوهر2,صندوق سكه طلاي كيان,10,100000,100000,58124,1,1,-58123,-100,1,-58123,-100,1,1,1400-5-16,2021-08-07
721,گكيش,توريستي ورفاهي آبادگران كيش,10,4805,221539330,47531,46106,46106,-1425,-3,47498,-33,-0.07,46106,46106,1400-5-16,2021-08-07
722,زعف0008پ18,زعفران0008نگين بهرامن(پ),10,70000,10162320000,141520,145176,145176,3656,2.58,145176,3656,2.58,145176,145176,1400-5-16,2021-08-07
723,ضترا8058,اختيارخ شتران-3442-1400/08/09,10,57,150940000,2659,2650,2650,-9,-0.34,2648,-11,-0.41,2590,2650,1400-5-16,2021-08-07
724,اخزا904,اسنادخزانه-م4بودجه99-011215,10,8096,6006492166,740476,740201,742100,1624,0.22,741909,1433,0.19,740201,742500,1400-5-16,2021-08-07
725,اخزا813,اسنادخزانه-م13بودجه98-010219,10,1953,1692187413,865000,860500,866901,1901,0.22,866455,1455,0.17,860500,867000,1400-5-16,2021-08-07
726,طخود7075,اختيارف خودرو-2000-1400/07/07,10,175,16975000,75,125,75,0,0,97,22,29.33,75,125,1400-5-16,2021-08-07
727,آكورد2,صندوق س. آرمان آتي كوثر-د,10,1000000,1000000,33408,1,1,-33407,-100,1,-33407,-100,1,1,1400-5-16,2021-08-07
728,اخزا814,اسنادخزانه-م14بودجه98-010318,9,20900,17859246900,853431,854500,854998,1567,0.18,854509,1078,0.13,854500,854998,1400-5-16,2021-08-07
729,هاميد104,اختيارف ت ثاميد-2050-01/04/20,9,201767,201767,1,1,1,0,0,1,0,0,1,1,1400-5-16,2021-08-07
730,حپترو,حمل و نقل پتروشيمي( سهامي عام,9,5987,302343500,53150,50500,50500,-2650,-4.99,53090,-60,-0.11,50500,50500,1400-5-16,2021-08-07
731,زنجان,صنايع كشاورزي وكود زنجان,9,302480,2614637120,8911,8644,8644,-267,-3,8853,-58,-0.65,8644,8644,1400-5-16,2021-08-07
732,پست0008پ04,پسته فندقي32-30سبزدانه0008(پ),9,362,646530222,1880000,1840000,1800001,-79999,-4.26,1785995,-94005,-5,1780000,1840000,1400-5-16,2021-08-07
733,زير0103پ01,زيره سبز0103كيميابذر(پ),8,92,66492008,755000,701001,720000,-35000,-4.64,722739,-32261,-4.27,701000,770000,1400-5-16,2021-08-07
734,ضمخا7071,اختيارخ اخابر-23700-1400/07/28,8,31,1301000,48,40,44,-4,-8.33,42,-6,-12.5,40,44,1400-5-16,2021-08-07
735,اخزا816,اسنادخزانه-م16بودجه98-010503,8,8039,6694649764,833498,832001,833016,-482,-0.06,832771,-727,-0.09,832001,834000,1400-5-16,2021-08-07
736,سنوين,سرمايه گذاري اقتصاد نوين,8,19574,144436546,7607,7379,7379,-228,-3,7604,-3,-0.04,7379,7379,1400-5-16,2021-08-07
737,ضسپا8039,اختيارخ خساپا-1200-1400/08/26,8,130,97469000,694,750,744,50,7.2,750,56,8.07,720,754,1400-5-16,2021-08-07
738,تملي705,تسهيلات مسكن ب. ملي-مرداد97,8,324,244447494,720058,756000,756059,36001,5,754468,34410,4.78,684056,756059,1400-5-16,2021-08-07
739,اخزا810,اسنادخزانه-م10بودجه98-001006,7,6673,6193993403,931000,927600,928370,-2630,-0.28,928217,-2783,-0.3,927600,928961,1400-5-16,2021-08-07
740,ضجار7038,اختيارخ وتجارت-1797-1400/07/21,7,56,50239000,880,940,900,20,2.27,897,17,1.93,891,950,1400-5-16,2021-08-07
741,اخزا808,اسنادخزانه-م8بودجه98-000817,7,2755,2622328982,950049,952000,951200,1151,0.12,951844,1795,0.19,951200,952222,1400-5-16,2021-08-07
742,نگين,ص.س. زمين و ساختمان نگين شهرري,7,924,46057620,50170,49620,49700,-470,-0.94,49850,-320,-0.64,49620,50530,1400-5-16,2021-08-07
743,ضپاس7030,اختيارخ وپارس-3000-1400/07/28,7,136,41320000,299,310,280,-19,-6.35,304,5,1.67,280,310,1400-5-16,2021-08-07
744,پست0008پ08,پسته فندقي32-30مه ولات0008(پ),7,53,95872012,1815196,1770001,1800000,-15196,-0.84,1808906,-6290,-0.35,1770000,1840000,1400-5-16,2021-08-07
745,زعف0008پ12,زعفران0008پوشالمعمول سحرخيز(پ),7,1100,121047904,107500,110000,110000,2500,2.33,110044,2544,2.37,110000,110333,1400-5-16,2021-08-07
746,ضملي7005,اختيارخ فملي-15720-1400/07/11,7,32,26380000,818,790,850,32,3.91,824,6,0.73,780,850,1400-5-16,2021-08-07
747,هنوري102,اختيارف ت نوري59561-01/02/15,6,25892,25892,1,1,1,0,0,1,0,0,1,1,1400-5-16,2021-08-07
748,ثالوند,سرمايه گذاري مسكن الوند,6,30500,826062000,28509,27084,27084,-1425,-5,28426,-83,-0.29,27084,27084,1400-5-16,2021-08-07
749,اخزا809,اسنادخزانه-م9بودجه98-000923,6,2694,2515094100,930431,933200,934000,3569,0.38,933591,3160,0.34,933200,934000,1400-5-16,2021-08-07
750,نيرو,نيرو سرمايه,6,7339,356249738,50043,48542,48542,-1501,-3,49988,-55,-0.11,48542,48542,1400-5-16,2021-08-07
751,ضگل8072,اختيارخ كگل-8700-1400/08/23,6,25,347500000,12520,14000,13500,980,7.83,13900,1380,11.02,13500,14000,1400-5-16,2021-08-07
752,تملي709,تسهيلات مسكن ب. ملي-آذر97,6,67,59478220,845462,887734,887734,42272,5,887735,42273,5,887734,887735,1400-5-16,2021-08-07
753,شتولي,تولي‌پرس‌,6,2148,64903968,31475,30216,30216,-1259,-4,31458,-17,-0.05,30216,30216,1400-5-16,2021-08-07
754,اخزا818,اسنادخزانه-م18بودجه98-010614,6,802,655135845,813828,815000,815505,1677,0.21,816878,3050,0.37,814075,820505,1400-5-16,2021-08-07
755,كرونا2,تامين مالي جمعي صرفا اهداي سود,5,425,4250000,10000,10000,10000,0,0,10000,0,0,10000,10000,1400-5-16,2021-08-07
756,وثخوز,سرمايه گذاري و توسعه خوزستان,5,714,45906630,67678,64295,64295,-3383,-5,67662,-16,-0.02,64295,64295,1400-5-16,2021-08-07
757,زعف0008پ19,زعفران0008نگين تروند قاينات(پ),5,2240,325194240,141520,145176,145176,3656,2.58,145176,3656,2.58,145176,145176,1400-5-16,2021-08-07
758,اخزا905,اسنادخزانه-م5بودجه99-020218,5,6739,4851029500,718670,719500,719800,1130,0.16,719844,1174,0.16,718550,720300,1400-5-16,2021-08-07
759,ولراز,ليزينگ رازي,5,1287,41889276,33554,32548,32548,-1006,-3,33550,-4,-0.01,32548,32548,1400-5-16,2021-08-07
760,ضصاد8032,اختيارخ وبصادر-1989-1400/08/12,4,128,53632000,400,419,419,19,4.75,419,19,4.75,419,419,1400-5-16,2021-08-07
761,امين يكم2,صندوق درآمد ثابت امين يكم فردا,4,4000000,4000000,10045,1,1,-10044,-99.99,1,-10044,-99.99,1,1,1400-5-16,2021-08-07
762,سفارود,كارخانه فارسيت درود,4,5000,84445000,17233,16889,16889,-344,-2,17227,-6,-0.03,16889,16889,1400-5-16,2021-08-07
763,آسام2,صندوق س.آرمان سپهر آشنا-م,4,400000,400000,122049,1,1,-122048,-100,1,-122048,-100,1,1,1400-5-16,2021-08-07
764,ثاصفا,شركت‌ ساختمان‌ اصفهان‌,4,4611,111005214,24818,24074,24074,-744,-3,24809,-9,-0.04,24074,24074,1400-5-16,2021-08-07
765,ضملت8040,اختيارخ وبملت-2934-1400/08/19,4,7,9640000,1246,1500,1350,104,8.35,1377,131,10.51,1300,1500,1400-5-16,2021-08-07
766,تملي703,تسهيلات مسكن ب. ملي-خرداد97,4,38,34457876,911584,957163,866005,-45579,-5,906786,-4798,-0.53,866005,957163,1400-5-16,2021-08-07
767,ضغدر8058,اختيارخ وغدير-10000-1400/08/26,4,5,28500000,5737,6000,5900,163,2.84,5700,-37,-0.64,5500,6000,1400-5-16,2021-08-07
768,شسم,توليد سموم‌ علف‌ كش,4,583,57622554,96900,98838,98838,1938,2,96922,22,0.02,98838,98838,1400-5-16,2021-08-07
769,بالبر,كابل‌ البرز,4,1549,66978760,45510,43240,43240,-2270,-4.99,45500,-10,-0.02,43240,43240,1400-5-16,2021-08-07
770,ثاباد,توريستي ورفاهي آبادگران ايران,3,1003,47602380,49950,47460,47460,-2490,-4.98,49940,-10,-0.02,47460,47460,1400-5-16,2021-08-07
771,تملي707,تسهيلات مسكن ب. ملي-مهر97,3,48,33005040,723794,687605,687605,-36189,-5,687605,-36189,-5,687605,687605,1400-5-16,2021-08-07
772,سپيدما2,صندوق س. سپيد دماوند-د,3,30000000,30000000,10801,1,1,-10800,-99.99,1,-10800,-99.99,1,1,1400-5-16,2021-08-07
773,ضسپا8040,اختيارخ خساپا-1400-1400/08/26,3,8,4390000,520,510,560,40,7.69,549,29,5.58,510,560,1400-5-16,2021-08-07
774,حاريا,كشتيراني آريا,3,3774,62965416,17024,16684,16684,-340,-2,17020,-4,-0.02,16684,16684,1400-5-16,2021-08-07
775,تملي807,تسهيلات مسكن ب. ملي-مهر98,3,22,18656000,848000,848000,848000,0,0,848000,0,0,848000,848000,1400-5-16,2021-08-07
776,سخواف,سيمان مجد خواف,3,3330,51871410,16058,15577,15577,-481,-3,16055,-3,-0.02,15577,15577,1400-5-16,2021-08-07
777,ضپاس7031,اختيارخ وپارس-3500-1400/07/28,3,6,900000,250,150,150,-100,-40,150,-100,-40,150,150,1400-5-16,2021-08-07
778,ضترا8055,اختيارخ شتران-2118-1400/08/09,3,3,14300000,4001,4800,4750,749,18.72,4767,766,19.15,4750,4800,1400-5-16,2021-08-07
779,شگويات.ف0104,اختيارف.تبعي شگويا010408,3,21337,21337,1,1,1,0,0,1,0,0,1,1,1400-5-16,2021-08-07
780,لپيام,گسترش صنايع پيام,3,316,15761764,51421,49879,49879,-1542,-3,51418,-3,-0.01,49879,49879,1400-5-16,2021-08-07
781,همبين102,اختيارف ت مبين17952-01/02/10,3,12800,12800,1,1,1,0,0,1,0,0,1,1,1400-5-16,2021-08-07
782,ضپيك7042,اختيارخ تاپيكو-8070-00/07/18,3,16,81800000,5503,4900,5300,-203,-3.69,5112,-391,-7.11,4900,5500,1400-5-16,2021-08-07
783,ضجار7039,اختيارخ وتجارت-1997-1400/07/21,3,11,8410000,709,770,710,1,0.14,765,56,7.9,710,770,1400-5-16,2021-08-07
784,ضشنا8006,اختيارخ شپنا-14800-1400/08/16,3,5,6470000,1200,1300,1290,90,7.5,1294,94,7.83,1290,1300,1400-5-16,2021-08-07
785,سپرمي,پرميت‌,3,929,8678718,9159,9342,9342,183,2,9160,1,0.01,9342,9342,1400-5-16,2021-08-07
786,داراب,پتروشيمي داراب,3,15267,36045387,2433,2361,2361,-72,-2.96,2433,0,0,2361,2361,1400-5-16,2021-08-07
787,سرو2,صندوق س سروسودمند مدبران-سهام,3,300000,300000,75730,1,1,-75729,-100,1,-75729,-100,1,1,1400-5-16,2021-08-07
788,ثنظام,س. ساختماني نظام مهندسي ايران,3,529,24076906,46921,45514,45514,-1407,-3,46918,-3,-0.01,45514,45514,1400-5-16,2021-08-07
789,دحاوي,الحاوي,3,41941,494064980,12144,11780,11780,-364,-3,12125,-19,-0.16,11780,11780,1400-5-16,2021-08-07
790,اراد35,مرابحه عام دولت3-ش.خ 0103,2,50000,49500000000,990000,990000,990000,0,0,990000,0,0,990000,990000,1400-5-16,2021-08-07
791,ضپنا8001,اختيارخ رمپنا-11850-1400/08/05,2,10,67880000,6720,7140,6700,-20,-0.3,6788,68,1.01,6700,7140,1400-5-16,2021-08-07
792,ضمخا7075,اختيارخ اخابر-8700-1400/07/28,2,4,6302000,1875,1600,1502,-373,-19.89,1575,-300,-16,1502,1600,1400-5-16,2021-08-07
793,ضشنا8001,اختيارخ شپنا-6800-1400/08/16,2,4,25100000,5379,6200,6300,921,17.12,6275,896,16.66,6200,6300,1400-5-16,2021-08-07
794,ياقوت2,صندوق س ياقوت آگاه-ثابت,2,12475000,12475000,12794,1,1,-12793,-99.99,1,-12793,-99.99,1,1,1400-5-16,2021-08-07
795,اشاد10,مشاركت دولتي10-شرايط خاص001226,2,1500,1458000000,972000,972000,972000,0,0,972000,0,0,972000,972000,1400-5-16,2021-08-07
796,تمحركه,ماشين سازي نيرو محركه,2,1380,18453360,13785,13372,13372,-413,-3,13784,-1,-0.01,13372,13372,1400-5-16,2021-08-07
797,ثنام,س ساختماني ب نام آوران مهندسي,2,1060,17067060,16598,16101,16101,-497,-2.99,16597,-1,-0.01,16101,16101,1400-5-16,2021-08-07
798,زعف0008پ15,زعفران0008پوشالمعمول طلاسرخ(پ),2,2050,225643750,107000,110000,112875,5875,5.49,110070,3070,2.87,110000,112875,1400-5-16,2021-08-07
799,تملي803,تسهيلات مسكن ب. ملي-خرداد98,2,23,14386316,595707,625492,625492,29785,5,625492,29785,5,625492,625492,1400-5-16,2021-08-07
800,قنقش,قند نقش جهان,2,177,12378849,71364,69937,69937,-1427,-2,71360,-4,-0.01,69937,69937,1400-5-16,2021-08-07
801,ضفار8051,اختيارخ فارس-8400-1400/08/05,2,16,78300000,4919,4800,4900,-19,-0.39,4894,-25,-0.51,4800,4900,1400-5-16,2021-08-07
802,دمعيار2,صندوق س. توازن معيار-د,2,1100000,1100000,10066,1,1,-10065,-99.99,1,-10065,-99.99,1,1,1400-5-16,2021-08-07
803,ضصاد8035,اختيارخ وبصادر-3489-1400/08/12,2,100,6000000,65,60,60,-5,-7.69,60,-5,-7.69,60,60,1400-5-16,2021-08-07
804,وسخراج,شركت س استان خراسان جنوبي,2,6340,13364720,2218,2108,2108,-110,-4.96,2218,0,0,2108,2108,1400-5-16,2021-08-07
805,پادا2,صندوق س.پاداش سرمايه پارس-س,2,140000,140000,111167,1,1,-111166,-100,1,-111166,-100,1,1,1400-5-16,2021-08-07
806,زعف0008پ09,زعفران0008نگين نوين(پ),2,6300,896536000,141331,141520,144000,2669,1.89,142307,976,0.69,141520,144000,1400-5-16,2021-08-07
807,ضصاد8036,اختيارخ وبصادر-3989-1400/08/12,2,45,1925000,45,45,40,-5,-11.11,43,-2,-4.44,40,45,1400-5-16,2021-08-07
808,لخانه,لوازم‌ خانگي‌ پارس‌,2,1000,22901000,23609,22901,22901,-708,-3,23607,-2,-0.01,22901,22901,1400-5-16,2021-08-07
809,بتك,كارخانجات كابل سازي‌ تك‌,2,679,23737161,34274,34959,34959,685,2,34277,3,0.01,34959,34959,1400-5-16,2021-08-07
810,سخند,صندوق س.سپهرخبرگان نفت-د,2,2000,19811000,10087,9906,9905,-182,-1.8,9905,-182,-1.8,9905,9906,1400-5-16,2021-08-07
811,اراد214,مرابحه عام دولت2ش.خ صادرات0212,1,10000000,9509190000000,1000000,950919,950919,-49081,-4.91,950919,-49081,-4.91,950919,950919,1400-5-16,2021-08-07
812,كيش1402,اجاره س. و توسعه كيش14020820,1,20,20000000,1000000,1000000,1000000,0,0,1000000,0,0,1000000,1000000,1400-5-16,2021-08-07
813,وهنر,گروه توسعه هنر ايران,1,705,5102790,7461,7238,7238,-223,-2.99,7461,0,0,7238,7238,1400-5-16,2021-08-07
814,فلات,گروه صنايع معادن فلات ايرانيان,1,1000,14197000,14636,14197,14197,-439,-3,14635,-1,-0.01,14197,14197,1400-5-16,2021-08-07
815,افران2,صندوق س افرا نماد پايدار-ثابت,1,200000,200000,13936,1,1,-13935,-99.99,1,-13935,-99.99,1,1,1400-5-16,2021-08-07
816,ضجار7042,اختيارخ وتجارت-3497-1400/07/21,1,100,7000000,80,70,70,-10,-12.5,70,-10,-12.5,70,70,1400-5-16,2021-08-07
817,ضترا8059,اختيارخ شتران-3882-1400/08/09,1,1,1900000,1930,1900,1900,-30,-1.55,1900,-30,-1.55,1900,1900,1400-5-16,2021-08-07
818,آوا2,صندوق س.سهام آواي معيار-س,1,1000000,1000000,7296,1,1,-7295,-99.99,1,-7295,-99.99,1,1,1400-5-16,2021-08-07
819,اراد614,مرابحه عام دولت61-ش.خ0309,1,540000,540000000000,1000001,1000000,1000000,-1,0,1000000,-1,0,1000000,1000000,1400-5-16,2021-08-07
820,اراد60,مرابحه عام دولتي6-ش.خ0210,1,1800,1727964000,969980,959980,959980,-10000,-1.03,959980,-10000,-1.03,959980,959980,1400-5-16,2021-08-07
821,ضفار8050,اختيارخ فارس-7400-1400/08/05,1,1,5600000,5186,5600,5600,414,7.98,5600,414,7.98,5600,5600,1400-5-16,2021-08-07
822,قلرست,قند لرستان‌,1,1000,31000000,32630,31000,31000,-1630,-5,32630,0,0,31000,31000,1400-5-16,2021-08-07
823,صايپا012,صكوك مرابحه سايپا012-3ماهه 16%,1,10000,10000020000,1000010,1000002,1000002,-8,0,1000002,-8,0,1000002,1000002,1400-5-16,2021-08-07
824,خفناور,مهندسي صنعتي روان فن آور,1,221,10032958,46802,45398,45398,-1404,-3,46801,-1,0,45398,45398,1400-5-16,2021-08-07
825,اخزا9112,اسنادخزانه-م11بودجه99-020906,1,282162,182840976000,646071,648000,648000,1929,0.3,648000,1929,0.3,648000,648000,1400-5-16,2021-08-07
826,شكف,كف,1,53,5057260,99395,95420,95420,-3975,-4,99393,-2,0,95420,95420,1400-5-16,2021-08-07
827,فايرا2,آلومينيوم‌ايران‌,1,10000000,153000000000,15210,15300,15300,90,0.59,15300,90,0.59,15300,15300,1400-5-16,2021-08-07
828,اخزا8122,اسنادخزانه-م12بودجه98-001111,1,238290,217415796000,909964,912400,912400,2436,0.27,912400,2436,0.27,912400,912400,1400-5-16,2021-08-07
829,اراد49,مرابحه عام دولت4-ش.خ 0206,1,200,189000000,965000,945000,945000,-20000,-2.07,945000,-20000,-2.07,945000,945000,1400-5-16,2021-08-07
830,كمرجان,بازرگاني و توليدي مرجان كار,1,40,5342560,140593,133564,133564,-7029,-5,140590,-3,0,133564,133564,1400-5-16,2021-08-07
831,اراد504,مرابحه عام دولت5-ش.خ0302,1,400000,400000000000,1000001,1000000,1000000,-1,0,1000000,-1,0,1000000,1000000,1400-5-16,2021-08-07
832,اراد834,مرابحه عام دولت83-ش.خ041220,1,10300000,9442937000000,1000000,916790,916790,-83210,-8.32,916790,-83210,-8.32,916790,916790,1400-5-16,2021-08-07
833,ضگل8071,اختيارخ كگل-7700-1400/08/23,1,10,145000000,13850,14500,14500,650,4.69,14500,650,4.69,14500,14500,1400-5-16,2021-08-07
834,ضمخا7080,اختيارخ اخابر-5700-1400/07/28,1,1,4300000,1700,4300,4300,2600,152.94,4300,2600,152.94,4300,4300,1400-5-16,2021-08-07
835,كمند2,صندوق س. با درآمد ثابت كمند,1,163000000,163000000,10159,1,1,-10158,-99.99,1,-10158,-99.99,1,1,1400-5-16,2021-08-07
836,صايپا203,صكوك مرابحه سايپا203-3ماهه 16%,1,10,9522000,961000,952200,952200,-8800,-0.92,952200,-8800,-0.92,952200,952200,1400-5-16,2021-08-07
837,اراد704,مرابحه عام دولت70-ش.خ0112,1,6000000,5672400000000,943750,945400,945400,1650,0.17,945400,1650,0.17,945400,945400,1400-5-16,2021-08-07
838,صبا2,سرمايه گذاري صبا تامين,1,5150705,45120175800,8781,8760,8760,-21,-0.24,8760,-21,-0.24,8760,8760,1400-5-16,2021-08-07
839,اراد62,مرابحه عام دولت62-ش.خ0309,1,900,900000000,1049999,1000000,1000000,-49999,-4.76,1000000,-49999,-4.76,1000000,1000000,1400-5-16,2021-08-07
840,ضملي7000,اختيارخ فملي-7720-1400/07/11,1,1,6400000,6000,6400,6400,400,6.67,6400,400,6.67,6400,6400,1400-5-16,2021-08-07
841,ضجار7043,اختيارخ وتجارت-3997-1400/07/21,1,7,280000,45,40,40,-5,-11.11,40,-5,-11.11,40,40,1400-5-16,2021-08-07
842,غدام,خوراك‌  دام‌ پارس‌,1,15,5218350,366190,347890,347890,-18300,-5,366180,-10,0,347890,347890,1400-5-16,2021-08-07
843,ضپيك7041,اختيارخ تاپيكو-7070-00/07/18,1,1,4600000,6367,4600,4600,-1767,-27.75,4600,-1767,-27.75,4600,4600,1400-5-16,2021-08-07
844,ضفار8049,اختيارخ فارس-6400-1400/08/05,1,1,6660000,4100,6660,6660,2560,62.44,6660,2560,62.44,6660,6660,1400-5-16,2021-08-07
845,ضفار8052,اختيارخ فارس-9400-1400/08/05,1,10,40400000,4000,4040,4040,40,1,4040,40,1,4040,4040,1400-5-16,2021-08-07
846,ضصاد8030,اختيارخ وبصادر-1589-1400/08/12,1,1,800000,650,800,800,150,23.08,800,150,23.08,800,800,1400-5-16,2021-08-07
847,وسالت,بانك قرض الحسنه رسالت,1,5000,5725000,1112,1145,1145,33,2.97,1112,0,0,1145,1145,1400-5-16,2021-08-07
848,ثهام2,صندوق س ثروت هامرز-سهام,1,100000,100000,10786,1,1,-10785,-99.99,1,-10785,-99.99,1,1,1400-5-16,2021-08-07
849,صايپا1122,صكوك مرابحه سايپا112-3ماهه 16%,1,200000,190400000000,951908,952000,952000,92,0.01,952000,92,0.01,952000,952000,1400-5-16,2021-08-07
850,اخزا8182,اسنادخزانه-م18بودجه98-010614,1,116735,95139025000,813828,815000,815000,1172,0.14,815000,1172,0.14,815000,815000,1400-5-16,2021-08-07
851,ضخود7079,اختيارخ خودرو-4000-1400/07/07,1,100,300000,25,3,3,-22,-88,3,-22,-88,3,3,1400-5-16,2021-08-07
852,افاد1,منفعت دولت-با شرايط خاص140006,1,200,198000000,990010,990000,990000,-10,0,990000,-10,0,990000,990000,1400-5-16,2021-08-07
853,ضترا8056,اختيارخ شتران-2558-1400/08/09,1,2,7798000,4097,3899,3899,-198,-4.83,3899,-198,-4.83,3899,3899,1400-5-16,2021-08-07
854,اخزا9042,اسنادخزانه-م4بودجه99-011215,1,293725,217415245000,740476,740200,740200,-276,-0.04,740200,-276,-0.04,740200,740200,1400-5-16,2021-08-07
855,اخزا8172,اسنادخزانه-م17بودجه98-010512,1,103861,86100769000,826645,829000,829000,2355,0.28,829000,2355,0.28,829000,829000,1400-5-16,2021-08-07
856,ضترا8057,اختيارخ شتران-3000-1400/08/09,1,8,24400000,3261,3050,3050,-211,-6.47,3050,-211,-6.47,3050,3050,1400-5-16,2021-08-07
857,آريا2,پليمر آريا ساسول,1,1000000,108264000000,108264,108264,108264,0,0,108264,0,0,108264,108264,1400-5-16,2021-08-07
858,اخزا8162,اسنادخزانه-م16بودجه98-010503,1,117890,98143425000,833498,832500,832500,-998,-0.12,832500,-998,-0.12,832500,832500,1400-5-16,2021-08-07
859,اراد41,مرابحه عام دولت4-ش.خ 0006,1,10000,9999980000,999998,999998,999998,0,0,999998,0,0,999998,999998,1400-5-16,2021-08-07
860,كاريس4,صندوق س.سپهر كاريزما-س,1,2500000,34375000000,13745,13750,13750,5,0.04,13750,5,0.04,13750,13750,1400-5-16,2021-08-07
861,ضخوز7039,اختيارخ فخوز-15200-1400/07/14,1,10,33750000,4500,3375,3375,-1125,-25,3375,-1125,-25,3375,3375,1400-5-16,2021-08-07
862,ضصاد8031,اختيارخ وبصادر-1789-1400/08/12,1,20,13800000,630,690,690,60,9.52,690,60,9.52,690,690,1400-5-16,2021-08-07
863,وسزنجان,شركت س استان زنجان,1,5194,7006706,1420,1349,1349,-71,-5,1420,0,0,1349,1349,1400-5-16,2021-08-07
864,سپيدما4,صندوق س. سپيد دماوند-د,1,20000000,216300000000,10801,10815,10815,14,0.13,10815,14,0.13,10815,10815,1400-5-16,2021-08-07
865,اخزا9022,اسنادخزانه-م2بودجه99-011019,1,151698,115745574000,761531,763000,763000,1469,0.19,763000,1469,0.19,763000,763000,1400-5-16,2021-08-07
866,تبريز112,مشاركت شهرداري تبريز-3ماهه18%,1,6,5820000,993035,970000,970000,-23035,-2.32,970000,-23035,-2.32,970000,970000,1400-5-16,2021-08-07
867,اوصتا4,صندوق انديشه ورزان صباتامين -د,1,40000,776600000,19415,19415,19415,0,0,19415,0,0,19415,19415,1400-5-16,2021-08-07
868,صبهمن404,صكوك مرابحه بهمن404-3ماهه 18%,1,6,6000000,1000000,1000000,1000000,0,0,1000000,0,0,1000000,1000000,1400-5-16,2021-08-07
869,تفيرو,مهندسي فيروزا,1,484,9449132,19141,19523,19523,382,2,19142,1,0.01,19523,19523,1400-5-16,2021-08-07
