,نماد,نام,تعداد,حجم,ارزش,دیروز,اولین,آخرین معامله - مقدار,آخرین معامله - تغییر,آخرین معامله - درصد,قیمت پایانی - مقدار,قیمت پایانی - تغییر,قیمت پایانی - درصد,کمترین,بیشترین,تاریخ,gregorian_date
0,مديريت,س. و خدمات مديريت صند. ب كشوري,175914,147810149,1745445894530,12232,12300,11621,-611,-5,11809,-423,-3.46,11621,12490,1400-6-28,2021-09-19
1,پالايش,صندوق پالايشي يكم-سهام,32968,40295368,3046512727470,76680,75790,76620,-60,-0.08,75600,-1080,-1.41,73820,77480,1400-6-28,2021-09-19
2,شستا,سرمايه گذاري تامين اجتماعي,24512,114685691,1476477981630,12870,12920,13030,160,1.24,12870,0,0,12560,13170,1400-6-28,2021-09-19
3,كيمياتك,آريان كيميا تك,22726,2572752,83151344640,30790,32320,32320,1530,4.97,32320,1530,4.97,32320,32320,1400-6-28,2021-09-19
4,دي,بانك دي,21183,703339014,786084892381,1143,1133,1134,-9,-0.79,1118,-25,-2.19,1090,1164,1400-6-28,2021-09-19
5,دارا يكم,صندوق واسطه گري مالي يكم-سهام,18459,11820653,1499850339050,128800,127020,127970,-830,-0.64,126880,-1920,-1.49,124000,129990,1400-6-28,2021-09-19
6,سپيد,سپيد ماكيان,17517,11162129,638185486300,59050,57550,57700,-1350,-2.29,57170,-1880,-3.18,56100,60250,1400-6-28,2021-09-19
7,فجهان,مجتمع جهان فولاد سيرجان,15642,26375919,177298927518,6402,6722,6722,320,5,6722,320,5,6722,6722,1400-6-28,2021-09-19
8,خودرو,ايران‌ خودرو,15600,419546032,815729658722,2004,1960,1955,-49,-2.45,1944,-60,-2.99,1904,2050,1400-6-28,2021-09-19
9,خساپا,سايپا,14508,458554296,833817325085,1869,1850,1811,-58,-3.1,1818,-51,-2.73,1776,1918,1400-6-28,2021-09-19
10,بركت,گروه دارويي بركت,13242,33040424,1250863593490,39770,38020,37790,-1980,-4.98,37860,-1910,-4.8,37790,38800,1400-6-28,2021-09-19
11,فولاد,فولاد مباركه اصفهان,13109,77340350,807092774310,10710,10450,10390,-320,-2.99,10440,-270,-2.52,10290,10880,1400-6-28,2021-09-19
12,فملي,ملي‌ صنايع‌ مس‌ ايران‌,12437,68554931,835085040700,12570,12190,12100,-470,-3.74,12180,-390,-3.1,11980,12620,1400-6-28,2021-09-19
13,شپنا,پالايش نفت اصفهان,11000,75480690,926003113120,12560,12340,12370,-190,-1.51,12270,-290,-2.31,11960,12730,1400-6-28,2021-09-19
14,وهامون,سرمايه گذاري هامون صبا,10866,30165761,110667105272,3827,3670,3636,-191,-4.99,3669,-158,-4.13,3636,3804,1400-6-28,2021-09-19
15,شبندر,پالايش نفت بندرعباس,10501,137284688,814484476270,6000,5870,5990,-10,-0.17,5930,-70,-1.17,5810,6140,1400-6-28,2021-09-19
16,كرمان,س. توسعه و عمران استان كرمان,9463,307863515,359012002398,1210,1190,1170,-40,-3.31,1166,-44,-3.64,1150,1219,1400-6-28,2021-09-19
17,خگستر,گسترش‌سرمايه‌گذاري‌ايران‌خودرو,9393,261999768,694297575564,2763,2661,2635,-128,-4.63,2650,-113,-4.09,2625,2802,1400-6-28,2021-09-19
18,شتران,پالايش نفت تهران,9353,80626249,804440820170,10210,10000,10040,-170,-1.67,9980,-230,-2.25,9700,10350,1400-6-28,2021-09-19
19,گدنا,تهيه توزيع غذاي دنا آفرين فدك,8608,4473827,96973557998,21756,22650,21500,-256,-1.18,21676,-80,-0.37,20713,22650,1400-6-28,2021-09-19
20,سپيدار,سپيدار سيستم آسيا,8367,5542923,104038758915,19601,18621,19300,-301,-1.54,18770,-831,-4.24,18621,19648,1400-6-28,2021-09-19
21,ومدير,گ.مديريت ارزش سرمايه ص ب كشوري,8300,36836934,184172142280,5160,5000,5100,-60,-1.16,5000,-160,-3.1,4910,5190,1400-6-28,2021-09-19
22,وتجارت,بانك تجارت,7329,175364678,396012252390,2355,2270,2260,-95,-4.03,2258,-97,-4.12,2238,2350,1400-6-28,2021-09-19
23,صبا,سرمايه گذاري صبا تامين,7206,41994560,293057662083,6933,6867,7130,197,2.84,6978,45,0.65,6750,7230,1400-6-28,2021-09-19
24,ولپارس,ليزينگ پارسيان,6941,28878336,161098552460,5690,5580,5460,-230,-4.04,5580,-110,-1.93,5410,5890,1400-6-28,2021-09-19
25,حگردش,ريل گردش ايرانيان,6812,15708639,48289309173,3168,3090,3073,-95,-3,3074,-94,-2.97,3073,3157,1400-6-28,2021-09-19
26,نوري,پتروشيمي نوري,6721,3293551,341280562850,104630,104500,103700,-930,-0.89,103620,-1010,-0.97,101900,106800,1400-6-28,2021-09-19
27,آريا,پليمر آريا ساسول,6452,1963159,201275588219,105940,103500,103443,-2497,-2.36,102526,-3414,-3.22,100900,108000,1400-6-28,2021-09-19
28,كمند,صندوق س. با درآمد ثابت كمند,6408,256533874,2583668123819,10066,10072,10071,5,0.05,10071,5,0.05,10071,10073,1400-6-28,2021-09-19
29,خپارس,پارس‌ خودرو,6397,238540211,268783974325,1166,1141,1130,-36,-3.09,1127,-39,-3.34,1108,1180,1400-6-28,2021-09-19
30,بوعلي,پتروشيمي بوعلي سينا,6374,3944884,263613503140,68590,67010,66720,-1870,-2.73,66820,-1770,-2.58,65180,69990,1400-6-28,2021-09-19
31,ولكار,ليزينگ كارآفرين,6272,16367189,69279728869,4448,4262,4241,-207,-4.65,4233,-215,-4.83,4226,4399,1400-6-28,2021-09-19
32,فسبزوار,پارس فولاد سبزوار,6250,1686027,56599926390,31980,33570,33570,1590,4.97,33570,1590,4.97,33570,33570,1400-6-28,2021-09-19
33,وبملت,بانك ملت,6048,123587720,467795765919,3854,3802,3785,-69,-1.79,3785,-69,-1.79,3730,3900,1400-6-28,2021-09-19
34,وخارزم,سرمايه گذاري خوارزمي,5827,75165933,394164928670,5450,5300,5300,-150,-2.75,5240,-210,-3.85,5180,5500,1400-6-28,2021-09-19
35,چخزر,صنايع چوب خزر كاسپين,5772,1375594,49750521730,37760,37590,36170,-1590,-4.21,36167,-1593,-4.22,35872,38500,1400-6-28,2021-09-19
36,داريوش,صندوق س. ثروت داريوش -س,5728,42323364,423233640000,10000,10000,10000,0,0,10000,0,0,10000,10000,1400-6-28,2021-09-19
37,وسپهر,سرمايه گذاري مالي سپهرصادرات,5698,10591420,82671684502,8006,8080,7762,-244,-3.05,7829,-177,-2.21,7610,8190,1400-6-28,2021-09-19
38,امين,تامين سرمايه امين,5649,3277597,32272605400,9720,9750,9940,220,2.26,9810,90,0.93,9750,9990,1400-6-28,2021-09-19
39,خصدرا,صنعتي‌ دريايي‌ ايران‌,5648,95476158,359476649129,3700,3748,3670,-30,-0.81,3765,65,1.76,3651,3811,1400-6-28,2021-09-19
40,خزر,فنرسازي‌زر,5568,18306294,364365638950,19980,20280,19900,-80,-0.4,19900,-80,-0.4,18990,20750,1400-6-28,2021-09-19
41,غكورش,صنعت غذايي كورش,5531,3708870,157869404700,43140,42500,42700,-440,-1.02,42570,-570,-1.32,41500,44500,1400-6-28,2021-09-19
42,غزر,صنعتي زر ماكارون,5398,3307134,88018073610,26840,26150,27070,230,0.86,26610,-230,-0.86,26000,27790,1400-6-28,2021-09-19
43,فتوسا,توليد و توسعه سرب روي ايرانيان,5385,4003635,55404057579,14357,14240,13841,-516,-3.59,13838,-519,-3.61,13640,14740,1400-6-28,2021-09-19
44,شاروم,پتروشيمي اروميه,5208,2874510,51847058617,18703,18300,17850,-853,-4.56,18037,-666,-3.56,17768,18793,1400-6-28,2021-09-19
45,زملارد,كشاورزي و دامپروري ملارد شير,5182,1356418,38523745448,28712,29010,28010,-702,-2.44,28401,-311,-1.08,27400,29986,1400-6-28,2021-09-19
46,سيتا,سرمايه گذاري سيمان تامين,5056,8434057,113789718030,13990,13850,13350,-640,-4.57,13490,-500,-3.57,13300,14100,1400-6-28,2021-09-19
47,پترول,گ.س.وت.ص.پتروشيمي خليج فارس,5009,37767726,147006129193,3990,3954,3930,-60,-1.5,3892,-98,-2.46,3811,4046,1400-6-28,2021-09-19
48,وبصادر,بانك صادرات ايران,4904,118985856,259382886746,2266,2181,2190,-76,-3.35,2180,-86,-3.8,2153,2290,1400-6-28,2021-09-19
49,كزغال,زغال سنگ پروده طبس,4885,2587082,95191031715,36846,36860,37011,165,0.45,36795,-51,-0.14,36200,38020,1400-6-28,2021-09-19
50,فگستر,گسترش صنايع روي ايرانيان,4851,3726329,52610971499,14737,14300,14022,-715,-4.85,14119,-618,-4.19,14001,14900,1400-6-28,2021-09-19
51,وكبهمن,مديريت سرمايه گذاري كوثربهمن,4845,2619733,29757838193,11799,11360,11363,-436,-3.7,11359,-440,-3.73,11221,11780,1400-6-28,2021-09-19
52,توسن,توسعه سامانه ي نرم افزاري نگين,4842,1715080,14314057680,7949,8346,8346,397,4.99,8295,346,4.35,8346,8346,1400-6-28,2021-09-19
53,ذوب,سهامي ذوب آهن  اصفهان,4744,94657209,390049312386,4254,4130,4170,-84,-1.97,4121,-133,-3.13,4055,4305,1400-6-28,2021-09-19
54,ملت,بيمه ملت,4684,223143992,300531797155,1307,1281,1372,65,4.97,1347,40,3.06,1276,1372,1400-6-28,2021-09-19
55,غنوش,نوش‌ مازندران‌,4591,10317413,410923624360,38070,36710,39970,1900,4.99,39830,1760,4.62,36710,39970,1400-6-28,2021-09-19
56,ثاميد,توسعه و عمران اميد,4581,34719842,53496816379,1559,1534,1545,-14,-0.9,1541,-18,-1.15,1500,1609,1400-6-28,2021-09-19
57,امين يكم,صندوق درآمد ثابت امين يكم فردا,4368,155872164,1580506661329,10134,10136,10141,7,0.07,10140,6,0.06,10120,10142,1400-6-28,2021-09-19
58,حكشتي,كشتيراني جمهوري اسلامي ايران,4332,21776642,332908369740,15930,15460,15270,-660,-4.14,15290,-640,-4.02,15140,16050,1400-6-28,2021-09-19
59,خبهمن,گروه‌بهمن‌,4237,147486509,248451962049,1705,1675,1703,-2,-0.12,1685,-20,-1.17,1635,1731,1400-6-28,2021-09-19
60,شگويا,پتروشيمي تندگويان,4207,22569262,246577746122,11312,11000,10940,-372,-3.29,10925,-387,-3.42,10747,11500,1400-6-28,2021-09-19
61,ضخود7075,اختيارخ خودرو-2000-1400/07/07,4073,193779,11602262000,69,56,60,-9,-13.04,60,-9,-13.04,47,90,1400-6-28,2021-09-19
62,كماسه,تامين‌ ماسه‌ ريخته‌گري‌,4032,52467941,304266986740,5870,5580,5940,70,1.19,5800,-70,-1.19,5580,6090,1400-6-28,2021-09-19
63,سبزوا,سيمان لار سبزوار,4004,59322824,249586119141,4292,4354,4141,-151,-3.52,4207,-85,-1.98,4078,4450,1400-6-28,2021-09-19
64,وسكرمان,س.سهام عدالت استان كرمان,3975,270728692,139077197780,536,515,516,-20,-3.73,514,-22,-4.1,510,530,1400-6-28,2021-09-19
65,بپيوند,برق و انرژي پيوندگستر پارس,3946,2934251,34051208495,11879,11722,11579,-300,-2.53,11605,-274,-2.31,11290,12170,1400-6-28,2021-09-19
66,وپويا,سرمايه گذاري پويا,3940,13270174,64678028689,5077,4860,4860,-217,-4.27,4874,-203,-4,4824,5100,1400-6-28,2021-09-19
67,حريل,ريل پردازسير,3920,33305762,140781239330,4279,4150,4140,-139,-3.25,4227,-52,-1.22,4066,4450,1400-6-28,2021-09-19
68,هاي وب,داده گسترعصرنوين-هاي وب,3837,29283946,247694001290,8780,8500,8450,-330,-3.76,8460,-320,-3.64,8350,8840,1400-6-28,2021-09-19
69,خمحور,توليدمحورخودرو,3802,52341878,236148755845,4402,4500,4575,173,3.93,4512,110,2.5,4233,4622,1400-6-28,2021-09-19
70,توريل,توكاريل,3726,15913238,305792370180,18763,19650,19270,507,2.7,19216,453,2.41,18221,19701,1400-6-28,2021-09-19
71,ختور,رادياتور ايران‌,3518,11721060,311189557040,26490,25400,26470,-20,-0.08,26550,60,0.23,25400,27810,1400-6-28,2021-09-19
72,بگيلان,توسعه مسير برق گيلان,3337,1114046,20821597946,19461,19000,18600,-861,-4.42,18962,-499,-2.56,18488,19510,1400-6-28,2021-09-19
73,كفپارس,فرآورده‌هاي‌ نسوز پارس‌,3266,46057232,200835757894,4227,4340,4293,66,1.56,4361,134,3.17,4121,4438,1400-6-28,2021-09-19
74,وغدير,سرمايه‌گذاري‌غدير(هلدينگ‌,3242,30188698,423419264110,14350,14200,13990,-360,-2.51,14030,-320,-2.23,13870,14350,1400-6-28,2021-09-19
75,لطيف,محصولات كاغذي لطيف,3223,1158766,55327112954,50043,47760,47541,-2502,-5,47747,-2296,-4.59,47541,49800,1400-6-28,2021-09-19
76,وبانك,سرمايه گذاري گروه توسعه ملي,3206,18586589,151559597900,8350,8260,8100,-250,-2.99,8150,-200,-2.4,7990,8460,1400-6-28,2021-09-19
77,كاوه,فولاد كاوه جنوب كيش,3188,10731334,197778709100,19200,18650,18530,-670,-3.49,18430,-770,-4.01,18240,19300,1400-6-28,2021-09-19
78,كيان,صندوق س. با درآمد ثابت كيان,3183,41222555,1261093282525,30576,30590,30592,16,0.05,30592,16,0.05,30587,30597,1400-6-28,2021-09-19
79,شسپا,نفت سپاهان,3111,58108013,199911911706,3455,3365,3529,74,2.14,3440,-15,-0.43,3333,3589,1400-6-28,2021-09-19
80,اپال,فرآوري معدني اپال كاني پارس,3094,9568430,200397973520,22160,21220,21310,-850,-3.84,20940,-1220,-5.51,20160,21360,1400-6-28,2021-09-19
81,وپارس,بانك‌پارسيان‌,3088,114952030,327104624342,2887,2856,2862,-25,-0.87,2846,-41,-1.42,2800,2938,1400-6-28,2021-09-19
82,سرو,صندوق س سروسودمند مدبران-سهام,2990,3857198,293555753200,76910,76000,76820,-90,-0.12,76110,-800,-1.04,75010,77900,1400-6-28,2021-09-19
83,آريان,سرمايه گذاري پارس آريان,2910,43849577,743626253582,16623,16320,16780,157,0.94,16959,336,2.02,16320,17121,1400-6-28,2021-09-19
84,غگل,گلوكوزان‌,2886,40539476,149406214133,3714,3700,3685,-29,-0.78,3685,-29,-0.78,3560,3820,1400-6-28,2021-09-19
85,فاذر,صنايع‌ آذرآب‌,2738,107153771,130698260939,1260,1240,1242,-18,-1.43,1220,-40,-3.17,1197,1259,1400-6-28,2021-09-19
86,كرازي,كارخانجات‌توليدي‌شيشه‌رازي‌,2703,74338572,113670828539,1580,1561,1545,-35,-2.22,1529,-51,-3.23,1501,1620,1400-6-28,2021-09-19
87,ثپرديس,سرمايه گذاري مسكن پرديس,2695,27832248,201085017795,7159,7430,6952,-207,-2.89,7225,66,0.92,6850,7516,1400-6-28,2021-09-19
88,اعتماد,صندوق س.اعتماد آفرين پارسيان-د,2683,56254950,2183659381200,38794,38815,38815,21,0.05,38817,23,0.06,38815,38820,1400-6-28,2021-09-19
89,شبريز,پالايش نفت تبريز,2600,5620056,212336588750,37840,37850,38550,710,1.88,37780,-60,-0.16,36600,38910,1400-6-28,2021-09-19
90,تسه0005,امتيازتسهيلات مسكن مرداد 1400,2600,85455,53934113424,630045,630045,638447,8402,1.33,631140,1095,0.17,620000,638447,1400-6-28,2021-09-19
91,كچاد,معدني‌وصنعتي‌چادرملو,2534,8118116,223929290040,28830,27500,27620,-1210,-4.2,27580,-1250,-4.34,27390,28670,1400-6-28,2021-09-19
92,كوير,توليدي فولاد سپيد فراب كوير,2484,20490450,297275955410,14670,14500,14500,-170,-1.16,14510,-160,-1.09,13940,15100,1400-6-28,2021-09-19
93,خزاميا,زامياد,2473,22562373,162569314130,7510,7300,7170,-340,-4.53,7210,-300,-3.99,7140,7530,1400-6-28,2021-09-19
94,وپست,پست بانك ايران,2457,11556788,291494165250,25280,25000,25000,-280,-1.11,25220,-60,-0.24,24270,26140,1400-6-28,2021-09-19
95,فخوز,فولاد  خوزستان,2455,18012780,303886396470,17200,17000,16990,-210,-1.22,16870,-330,-1.92,16590,17480,1400-6-28,2021-09-19
96,ومعادن,توسعه‌معادن‌وفلزات‌,2433,26529757,269347212760,10630,10400,10200,-430,-4.05,10150,-480,-4.52,10100,10590,1400-6-28,2021-09-19
97,فجر,فولاد اميركبيركاشان,2409,4201925,114365731340,28010,27450,27290,-720,-2.57,27220,-790,-2.82,26610,28970,1400-6-28,2021-09-19
98,چكاپا,گروه صنايع كاغذ پارس,2401,43440352,170736643185,4127,3922,3921,-206,-4.99,3930,-197,-4.77,3921,4040,1400-6-28,2021-09-19
99,فروي,ذوب روي اصفهان,2330,2844299,89231702742,32763,31140,31125,-1638,-5,31372,-1391,-4.25,31125,32470,1400-6-28,2021-09-19
100,خفولا,خدمات فني فولاد يزد,2306,3902359,138078177708,35093,35360,35050,-43,-0.12,35383,290,0.83,34041,36145,1400-6-28,2021-09-19
101,بترانس,ايران‌ ترانسفو,2301,52700654,128005520184,2531,2529,2429,-102,-4.03,2429,-102,-4.03,2405,2529,1400-6-28,2021-09-19
102,افران,صندوق س افرا نماد پايدار-ثابت,2288,86262593,1233366388987,14290,14298,14297,7,0.05,14298,8,0.06,14296,14300,1400-6-28,2021-09-19
103,بجهرم,توسعه مولد نيروگاهي جهرم,2255,40290187,92809863691,2361,2271,2339,-22,-0.93,2304,-57,-2.41,2243,2400,1400-6-28,2021-09-19
104,اتكاي,بيمه اتكايي ايرانيان,2254,81547245,776856565639,9079,9532,9532,453,4.99,9526,447,4.92,9301,9532,1400-6-28,2021-09-19
105,سفارس,سيمان فارس و خوزستان,2249,9077512,200598229130,21740,21710,22390,650,2.99,22100,360,1.66,21350,22800,1400-6-28,2021-09-19
106,پيزد,مجتمع صنايع لاستيك يزد,2227,325375,21396861960,66953,65200,64800,-2153,-3.22,65761,-1192,-1.78,63700,68290,1400-6-28,2021-09-19
107,فارس,صنايع پتروشيمي خليج فارس,2226,14243348,173650421650,12600,12470,12170,-430,-3.41,12190,-410,-3.25,12020,12480,1400-6-28,2021-09-19
108,پتاير,ايران‌ تاير,2209,37363020,101261025690,2807,2800,2712,-95,-3.38,2710,-97,-3.46,2667,2840,1400-6-28,2021-09-19
109,چدن,توليدي چدن سازان,2199,17237873,68152870287,3991,3991,3990,-1,-0.03,3954,-37,-0.93,3830,4100,1400-6-28,2021-09-19
110,البرز,بيمه البرز,2164,66607722,176236891934,2556,2518,2609,53,2.07,2646,90,3.52,2518,2683,1400-6-28,2021-09-19
111,قشكر,شكرشاهرود,2155,39302056,163195402430,4042,4237,4080,38,0.94,4152,110,2.72,3900,4244,1400-6-28,2021-09-19
112,آگاس,صندوق س.هستي بخش آگاه-س,2142,2273608,183899728685,82103,81217,81730,-373,-0.45,80885,-1218,-1.48,79110,82976,1400-6-28,2021-09-19
113,شصدف,صنعتي دوده فام,2124,2214165,83413162203,39205,38970,37245,-1960,-5,37673,-1532,-3.91,37245,38970,1400-6-28,2021-09-19
114,ونوين,بانك‌اقتصادنوين‌,2120,37868509,158780074592,4283,4170,4199,-84,-1.96,4193,-90,-2.1,4100,4359,1400-6-28,2021-09-19
115,شلرد,كود شيميايي اوره لردگان,2120,14907268,128735133149,8825,8865,8561,-264,-2.99,8636,-189,-2.14,8561,8885,1400-6-28,2021-09-19
116,وسكرشا,س.سهام عدالت استان كرمانشاه,2117,110571055,67247502812,637,620,606,-31,-4.87,608,-29,-4.55,606,620,1400-6-28,2021-09-19
117,ريشمك,توليد و صادرات ريشمك,2111,2543163,118865456079,46479,47556,47499,1020,2.19,46739,260,0.56,45000,48490,1400-6-28,2021-09-19
118,فاراك,ماشين‌ سازي‌ اراك‌,2101,62305378,122525788666,2044,1989,1942,-102,-4.99,1967,-77,-3.77,1942,2088,1400-6-28,2021-09-19
119,افق,فروشگاههاي زنجيره اي افق كوروش,2099,2425196,136726990290,58620,58710,55690,-2930,-5,56380,-2240,-3.82,55690,59480,1400-6-28,2021-09-19
120,هرمز,فولاد هرمزگان جنوب,2082,12128042,207787613616,17966,17590,17400,-566,-3.15,17133,-833,-4.64,17068,17899,1400-6-28,2021-09-19
121,وثخوز,سرمايه گذاري و توسعه خوزستان,2065,2768193,118470142031,41762,43800,41500,-262,-0.63,42797,1035,2.48,40010,43850,1400-6-28,2021-09-19
122,رافزا,رايان هم افزا,2058,638484,57931005452,95336,91200,90570,-4766,-5,90732,-4604,-4.83,90570,94000,1400-6-28,2021-09-19
123,شتوكا,توكا رنگ فولاد سپاهان,2023,5881985,233143607693,37852,38463,39744,1892,5,39637,1785,4.72,38463,39744,1400-6-28,2021-09-19
124,كپشير,پشم‌شيشه‌ايران‌,2020,4466777,89135214280,19540,20090,20510,970,4.96,19960,420,2.15,19000,20510,1400-6-28,2021-09-19
125,خمحركه,نيرو محركه‌,2007,22290987,94238713407,4350,4330,4189,-161,-3.7,4228,-122,-2.8,4133,4438,1400-6-28,2021-09-19
126,ديران,ايران‌دارو,1977,4880251,137956502640,28170,27110,28350,180,0.64,28270,100,0.35,27110,29490,1400-6-28,2021-09-19
127,سنير,سيمان‌ سفيد ني‌ريز,1976,910383,125680607770,144890,137690,137650,-7240,-5,138050,-6840,-4.72,137650,141800,1400-6-28,2021-09-19
128,شفن,پتروشيمي فناوران,1958,551858,212284109920,382760,384400,384900,2140,0.56,384670,1910,0.5,377520,396780,1400-6-28,2021-09-19
129,سباقر,سيمان باقران,1932,19455358,367341425845,18043,18490,18945,902,5,18881,838,4.64,18044,18945,1400-6-28,2021-09-19
130,دسبحا,گروه دارويي سبحان,1930,8277940,166807405970,19280,19530,20240,960,4.98,20150,870,4.51,19110,20240,1400-6-28,2021-09-19
131,قثابت,قند ثابت‌ خراسان‌,1929,28759595,98899907604,3614,3434,3434,-180,-4.98,3439,-175,-4.84,3434,3480,1400-6-28,2021-09-19
132,فايرا,آلومينيوم‌ايران‌,1882,7145454,133013475310,19220,18870,18900,-320,-1.66,18620,-600,-3.12,18260,19800,1400-6-28,2021-09-19
133,تاپيكو,س. نفت و گاز و پتروشيمي تأمين,1881,13708510,182648240610,13550,13400,13360,-190,-1.4,13320,-230,-1.7,12930,13800,1400-6-28,2021-09-19
134,شغدير,پتروشيمي غدير,1833,2050591,190288315800,94570,94000,93180,-1390,-1.47,92800,-1770,-1.87,90450,95620,1400-6-28,2021-09-19
135,شدوص,دوده‌ صنعتي‌ پارس‌,1806,5434935,128217154720,22890,23000,23680,790,3.45,23590,700,3.06,22090,24030,1400-6-28,2021-09-19
136,زكوثر,سرمايه گذاري كشاورزي كوثر,1778,5067167,97056205030,19910,19200,18950,-960,-4.82,19150,-760,-3.82,18920,20060,1400-6-28,2021-09-19
137,اخابر,مخابرات ايران,1776,11992711,108739669510,9460,9200,9150,-310,-3.28,9070,-390,-4.12,8990,9440,1400-6-28,2021-09-19
138,كوثر,بيمه كوثر,1773,13709226,166732147778,12700,12100,12440,-260,-2.05,12162,-538,-4.24,12065,12546,1400-6-28,2021-09-19
139,زنگان,صنعت روي زنگان,1768,1944341,144645397477,71574,69020,75152,3578,5,74393,2819,3.94,69020,75152,1400-6-28,2021-09-19
140,سيمرغ,سيمرغ,1765,9197800,193236135620,21600,21780,20700,-900,-4.17,21010,-590,-2.73,20520,22350,1400-6-28,2021-09-19
141,قنيشا,قند  نيشابور,1762,2576976,117889108040,47990,45600,45600,-2390,-4.98,45750,-2240,-4.67,45600,46900,1400-6-28,2021-09-19
142,وسديد,گروه ‌صنعتي‌سديد,1743,35011998,52177446671,1536,1490,1490,-46,-2.99,1490,-46,-2.99,1490,1510,1400-6-28,2021-09-19
143,كلر,كلر پارس,1729,928412,103485153870,113754,110237,110011,-3743,-3.29,111465,-2289,-2.01,108067,118200,1400-6-28,2021-09-19
144,دماوند,توليد نيروي برق دماوند,1721,4815744,139371780326,29572,29900,28220,-1352,-4.57,28941,-631,-2.13,28094,29900,1400-6-28,2021-09-19
145,كسرام,پارس‌ سرام‌,1698,14193457,84575893490,6160,6260,5870,-290,-4.71,5960,-200,-3.25,5860,6370,1400-6-28,2021-09-19
146,شاراك,پتروشيمي شازند,1671,3500825,144207832150,42280,41300,40970,-1310,-3.1,41190,-1090,-2.58,40410,42660,1400-6-28,2021-09-19
147,كنورح,ح توسعه معدني و صنعتي صبانور,1664,5856791,93076134810,16230,16300,16120,-110,-0.68,15890,-340,-2.09,15350,16400,1400-6-28,2021-09-19
148,بايكا,كارخانجات كابلسازي ‌ايران‌,1661,3641358,94972488699,25506,24231,26781,1275,5,26082,576,2.26,24231,26781,1400-6-28,2021-09-19
149,فمراد,آلومراد,1656,4384520,98817599910,23260,22400,22100,-1160,-4.99,22540,-720,-3.1,22100,23590,1400-6-28,2021-09-19
150,تماوند,تامين سرمايه دماوند,1648,32649304,256730845972,7547,7924,7698,151,2,7863,316,4.19,7310,7924,1400-6-28,2021-09-19
151,شيران,س. صنايع‌شيميايي‌ايران,1608,4132605,103181030370,25610,24900,24950,-660,-2.58,24970,-640,-2.5,24350,26000,1400-6-28,2021-09-19
152,شفارا,پتروشيمي فارابي,1601,17309083,128895240224,7405,7627,7445,40,0.54,7447,42,0.57,7183,7627,1400-6-28,2021-09-19
153,غبهنوش,بهنوش‌ ايران‌,1595,2185207,144122147060,68980,66230,65550,-3430,-4.97,65950,-3030,-4.39,65540,68940,1400-6-28,2021-09-19
154,ولقمان,سرمايه گذاري لقمان,1578,10052746,38954390750,3763,3875,3875,112,2.98,3875,112,2.98,3875,3875,1400-6-28,2021-09-19
155,غگيلا,شيرپاستوريزه پگاه گيلان,1574,1541764,36643327359,24767,23900,23529,-1238,-5,23767,-1000,-4.04,23529,24580,1400-6-28,2021-09-19
156,كگل,معدني و صنعتي گل گهر,1529,7154646,156375556240,22550,22310,22120,-430,-1.91,21860,-690,-3.06,21500,22400,1400-6-28,2021-09-19
157,تاپكيش,تجارت الكترونيك پارسيان كيش,1520,7093364,120939684823,17434,17780,16563,-871,-5,17050,-384,-2.2,16563,18000,1400-6-28,2021-09-19
158,ثشاهد,سرمايه‌ گذاري‌ شاهد,1514,6399704,105653507450,17260,16400,16400,-860,-4.98,16510,-750,-4.35,16400,17050,1400-6-28,2021-09-19
159,تملت,تامين سرمايه بانك ملت,1514,12863381,63321758810,5090,5010,4940,-150,-2.95,4920,-170,-3.34,4840,5190,1400-6-28,2021-09-19
160,چكاوه,صنايع‌كاغذسازي‌كاوه‌,1492,4280909,68929437280,15620,16400,16120,500,3.2,16100,480,3.07,15310,16400,1400-6-28,2021-09-19
161,شكربن,كربن‌ ايران‌,1480,1583681,210427263450,134420,135750,130000,-4420,-3.29,132870,-1550,-1.15,127760,137000,1400-6-28,2021-09-19
162,وساپا,سرمايه‌گذاري‌ سايپا,1480,18668238,95499423030,5320,5190,5080,-240,-4.51,5120,-200,-3.76,5060,5370,1400-6-28,2021-09-19
163,كنور,توسعه معدني و صنعتي صبانور,1479,7638505,134409163170,18380,17710,17700,-680,-3.7,17600,-780,-4.24,17470,18400,1400-6-28,2021-09-19
164,زاگرس,پتروشيمي زاگرس,1470,580641,146917125180,257606,251000,250000,-7606,-2.95,253026,-4580,-1.78,247251,262440,1400-6-28,2021-09-19
165,خوساز,محورسازان‌ايران‌خودرو,1448,14409227,131596076900,8740,8700,9170,430,4.92,9130,390,4.46,8510,9170,1400-6-28,2021-09-19
166,ثنوسا,نوسازي‌وساختمان‌تهران‌,1446,13372590,105704470360,8280,7870,7870,-410,-4.95,7900,-380,-4.59,7870,8130,1400-6-28,2021-09-19
167,ثفارس,عمران‌وتوسعه‌فارس‌,1444,15924643,163180989960,10520,10850,10000,-520,-4.94,10250,-270,-2.57,10000,10850,1400-6-28,2021-09-19
168,ثتوسا,س.توسعه و عمران استان اردبيل,1439,1771554,52391495367,29110,29900,29210,100,0.34,29574,464,1.59,29111,29983,1400-6-28,2021-09-19
169,فالوم,آلومتك‌,1412,6058787,174994151613,28106,28949,28949,843,3,28883,777,2.76,28250,28949,1400-6-28,2021-09-19
170,كبافق,معادن‌ بافق‌,1410,2350076,96067771420,42600,43790,41100,-1500,-3.52,40880,-1720,-4.04,40470,43790,1400-6-28,2021-09-19
171,بكهنوج,توليد برق ماهتاب كهنوج,1394,32524491,48194291603,1550,1550,1475,-75,-4.84,1482,-68,-4.39,1473,1550,1400-6-28,2021-09-19
172,شفارس,صنايع‌ شيميايي‌ فارس‌,1392,29450672,53317326992,1888,1850,1794,-94,-4.98,1810,-78,-4.13,1794,1870,1400-6-28,2021-09-19
173,غدام,خوراك‌  دام‌ پارس‌,1387,387870,80929966490,219410,208440,208440,-10970,-5,208650,-10760,-4.9,208440,213640,1400-6-28,2021-09-19
174,پارس,پتروشيمي پارس,1377,713629,141724705470,202020,199960,198590,-3430,-1.7,198600,-3420,-1.69,196820,202950,1400-6-28,2021-09-19
175,كشرق,صنعتي و معدني شمال شرق شاهرود,1352,1431414,116267287569,81890,85984,79610,-2280,-2.78,81225,-665,-0.81,77796,85984,1400-6-28,2021-09-19
176,دتوليد,داروسازي توليد دارو,1349,4228904,60358225356,14541,14000,14120,-421,-2.9,14273,-268,-1.84,13814,15100,1400-6-28,2021-09-19
177,بكام,كارخانجات توليدي شهيد قندي,1337,20068714,54493422741,2840,2724,2699,-141,-4.96,2715,-125,-4.4,2698,2870,1400-6-28,2021-09-19
178,پاكشو,گروه صنعتي پاكشو,1331,20923002,113518357600,5670,5500,5430,-240,-4.23,5430,-240,-4.23,5390,5590,1400-6-28,2021-09-19
179,قرن,پديده شيمي قرن,1326,1283127,39491315780,31940,30410,30350,-1590,-4.98,30780,-1160,-3.63,30350,32500,1400-6-28,2021-09-19
180,ثغرب,شركت سرمايه گذاري مسكن شمالغرب,1311,8090441,55359440848,6982,7071,6666,-316,-4.53,6843,-139,-1.99,6633,7300,1400-6-28,2021-09-19
181,غالبر,لبنيات‌ كالبر,1304,9278435,119321039890,12800,12370,13260,460,3.59,12860,60,0.47,12160,13300,1400-6-28,2021-09-19
182,پارسان,گسترش نفت و گاز پارسيان,1301,13370301,394217351840,29970,30500,29400,-570,-1.9,29480,-490,-1.63,28880,30500,1400-6-28,2021-09-19
183,وآوا,سرمايه گذاري آوا نوين,1298,11692810,54824662179,4856,4848,4649,-207,-4.26,4689,-167,-3.44,4614,4990,1400-6-28,2021-09-19
184,كتوكا,توليدي و خدمات صنايع نسوز توكا,1293,4776431,96857017421,21335,20269,20269,-1066,-5,20278,-1057,-4.95,20269,20817,1400-6-28,2021-09-19
185,كپارس,كاشي‌ پارس‌,1288,799034,113793857290,139410,140130,145180,5770,4.14,142410,3000,2.15,132440,146360,1400-6-28,2021-09-19
186,وساخت,سرمايه‌ گذاري‌ ساختمان‌ايران‌,1278,2188173,100185098680,47120,45560,45360,-1760,-3.74,45780,-1340,-2.84,44770,47110,1400-6-28,2021-09-19
187,وتوصا,گروه س توسعه صنعتي ايران,1272,8562865,78043669480,9460,9300,9220,-240,-2.54,9110,-350,-3.7,8990,9600,1400-6-28,2021-09-19
188,رانفور,خدمات‌انفورماتيك‌,1270,13432292,85680061920,6690,6370,6360,-330,-4.93,6380,-310,-4.63,6360,6550,1400-6-28,2021-09-19
189,كترام,توليدي‌ كاشي‌ تكسرام‌,1268,4586058,117244188720,26750,25420,25420,-1330,-4.97,25570,-1180,-4.41,25420,26390,1400-6-28,2021-09-19
190,فروس,فروسيليس‌ ايران‌,1268,17449459,112110900310,6390,6280,6610,220,3.44,6420,30,0.47,6080,6680,1400-6-28,2021-09-19
191,غشهداب,كشت و صنعت شهداب ناب خراسان,1261,14060240,48162251639,3556,3485,3440,-116,-3.26,3425,-131,-3.68,3379,3600,1400-6-28,2021-09-19
192,خاهن,آهنگري‌ تراكتورسازي‌ ايران‌,1258,13718185,110392999050,7770,7570,8150,380,4.89,8050,280,3.6,7560,8150,1400-6-28,2021-09-19
193,حفاري,حفاري شمال,1256,9880396,61247600360,6370,6200,6190,-180,-2.83,6200,-170,-2.67,6070,6450,1400-6-28,2021-09-19
194,فسرب,ملي‌ سرب‌وروي‌ ايران‌,1255,700188,51586684270,76450,74500,73390,-3060,-4,73680,-2770,-3.62,72630,77170,1400-6-28,2021-09-19
195,كحافظح,ح . كاشي‌ وسراميك‌ حافظ‌,1249,15856938,38944594044,2557,2444,2451,-106,-4.15,2456,-101,-3.95,2380,2620,1400-6-28,2021-09-19
196,غفارس,شير پاستوريزه پگاه فارس,1239,6104784,64329151034,11018,10990,10469,-549,-4.98,10537,-481,-4.37,10468,11000,1400-6-28,2021-09-19
197,وصنا,گروه‌صنايع‌بهشهرايران‌,1239,13305811,98022132540,7050,6740,7400,350,4.96,7370,320,4.54,6740,7400,1400-6-28,2021-09-19
198,حشكوه,دليجان طلايي شكوه پارس,1221,3806578,12219115380,3309,3210,3210,-99,-2.99,3210,-99,-2.99,3210,3210,1400-6-28,2021-09-19
199,غسالم,سالمين‌,1219,13058042,44158888366,3531,3500,3355,-176,-4.98,3382,-149,-4.22,3355,3510,1400-6-28,2021-09-19
200,غشان,شيرپاستوريزه‌پگاه‌خراسان‌,1214,16241816,87474036230,5150,5200,5400,250,4.85,5390,240,4.66,5100,5400,1400-6-28,2021-09-19
201,ماديرا,صنايع ماديران,1209,11068237,93043538626,8805,8540,8365,-440,-5,8406,-399,-4.53,8365,8730,1400-6-28,2021-09-19
202,آسيا,بيمه آسيا,1199,25228615,51646878799,2030,1969,2040,10,0.49,2047,17,0.84,1940,2130,1400-6-28,2021-09-19
203,تپمپي,پمپ‌ سازي‌ ايران‌,1198,4663118,92132956340,20290,20160,19550,-740,-3.65,19760,-530,-2.61,19280,21000,1400-6-28,2021-09-19
204,تبرك,گروه كارخانجات صنعتي تبرك,1190,5052334,62458041373,12919,12400,12365,-554,-4.29,12362,-557,-4.31,12274,13089,1400-6-28,2021-09-19
205,تليسه,دامداري تليسه نمونه,1188,12450968,40810519784,3364,3393,3309,-55,-1.63,3278,-86,-2.56,3210,3450,1400-6-28,2021-09-19
206,ختوقا,قطعات‌ اتومبيل‌ ايران‌,1186,20038498,51076718010,2631,2579,2500,-131,-4.98,2549,-82,-3.12,2500,2740,1400-6-28,2021-09-19
207,رتاپ,تجارت الكترونيك  پارسيان,1185,5960715,35632817670,6210,6010,5900,-310,-4.99,5980,-230,-3.7,5900,6350,1400-6-28,2021-09-19
208,ساوه,سيمان ساوه,1185,517442,27933865967,54606,53320,54350,-256,-0.47,53985,-621,-1.14,52310,55986,1400-6-28,2021-09-19
209,غاذر,كشت‌وصنعت‌پياذر,1183,1828337,54620761630,30320,31120,28920,-1400,-4.62,29870,-450,-1.48,28900,31160,1400-6-28,2021-09-19
210,دتوزيع,توزيع دارو پخش,1170,3480758,122234146302,36658,36380,34827,-1831,-4.99,35117,-1541,-4.2,34826,37796,1400-6-28,2021-09-19
211,ارفع,شركت آهن و فولاد ارفع,1170,3412471,53257350239,16143,15610,15550,-593,-3.67,15762,-381,-2.36,15336,16340,1400-6-28,2021-09-19
212,خمهر,مهركام‌پارس‌,1155,23261214,55483301679,2425,2335,2410,-15,-0.62,2385,-40,-1.65,2320,2486,1400-6-28,2021-09-19
213,ثالوند,سرمايه گذاري مسكن الوند,1149,3656879,68337476033,19613,18633,18633,-980,-5,18687,-926,-4.72,18633,19127,1400-6-28,2021-09-19
214,گكوثر,هتل پارسيان كوثر اصفهان,1145,21059795,44787841636,2124,2028,2124,0,0,2127,3,0.14,2028,2200,1400-6-28,2021-09-19
215,وپسا,س. پتروشيمي ساختمان  خليج فارس,1140,30041922,64296851721,2163,2099,2099,-64,-2.96,2140,-23,-1.06,2099,2227,1400-6-28,2021-09-19
216,فاسمين,كالسيمين‌,1136,5699144,91392357380,16100,16060,16120,20,0.12,16040,-60,-0.37,15600,16570,1400-6-28,2021-09-19
217,فباهنر,مس‌ شهيدباهنر,1135,1822054,47260250130,26850,26850,26090,-760,-2.83,25940,-910,-3.39,25510,27250,1400-6-28,2021-09-19
218,چكارن,كارتن‌ ايران‌,1131,19412836,60985059711,3198,3271,3111,-87,-2.72,3141,-57,-1.78,3051,3271,1400-6-28,2021-09-19
219,تسه0004,امتيازتسهيلات مسكن تير1400,1126,27292,17215213684,635230,635230,660000,24770,3.9,630779,-4451,-0.7,620000,660000,1400-6-28,2021-09-19
220,وگستر,گسترش سرمايه گذاري ايرانيان,1124,4375372,42384495200,10103,9700,9598,-505,-5,9687,-416,-4.12,9598,9989,1400-6-28,2021-09-19
221,غچين,كشت‌ و صنعت‌ چين‌ چين,1117,4008787,63366054390,16300,15940,15500,-800,-4.91,15810,-490,-3.01,15490,16690,1400-6-28,2021-09-19
222,ميدكو,توسعه معادن وص.معدني خاورميانه,1115,11330233,533994906630,47100,47740,47130,30,0.06,47130,30,0.06,47110,47740,1400-6-28,2021-09-19
223,شپديس,پتروشيمي پرديس,1099,1046360,163503541610,156110,155000,156790,680,0.44,156260,150,0.1,152710,159900,1400-6-28,2021-09-19
224,چفيبر,فيبر ايران‌,1092,5417297,41312513560,7740,7980,7430,-310,-4.01,7630,-110,-1.42,7360,7980,1400-6-28,2021-09-19
225,تاصيكو,سرمايه گذاري صدرتامين,1078,6186482,60231330300,10120,9720,9740,-380,-3.75,9910,-210,-2.08,9630,10110,1400-6-28,2021-09-19
226,غديس,پاكديس,1072,6688959,91567084457,14258,14200,13546,-712,-4.99,13689,-569,-3.99,13546,14550,1400-6-28,2021-09-19
227,ولساپا,ليزينگ رايان‌ سايپا,1072,14993466,42304814116,2896,2860,2830,-66,-2.28,2822,-74,-2.56,2770,2948,1400-6-28,2021-09-19
228,فنورد,نوردوقطعات‌ فولادي‌,1071,320712,63753136330,208300,197900,197890,-10410,-5,198790,-9510,-4.57,197890,206500,1400-6-28,2021-09-19
229,خرينگ,رينگ‌سازي‌مشهد,1070,1769785,72562672510,43000,40850,40850,-2150,-5,41000,-2000,-4.65,40850,41990,1400-6-28,2021-09-19
230,وپاسار,بانك  پاسارگاد,1068,19184316,285824459000,14940,14900,14880,-60,-0.4,14900,-40,-0.27,14880,14910,1400-6-28,2021-09-19
231,وسبحان,سرمايه گذاري سبحان,1067,29187723,100360807685,3417,3320,3491,74,2.17,3438,21,0.61,3320,3520,1400-6-28,2021-09-19
232,شلعاب,لعابيران‌,1066,4631006,39575191310,8620,8650,8620,0,0,8550,-70,-0.81,8310,8800,1400-6-28,2021-09-19
233,غصينو,صنعتي مينو,1066,2640429,52067197848,20416,20670,19396,-1020,-5,19956,-460,-2.25,19396,20670,1400-6-28,2021-09-19
234,زماهان,مجتمع توليد گوشت مرغ ماهان,1062,5899404,66599658093,11851,11259,11259,-592,-5,11289,-562,-4.74,11259,11490,1400-6-28,2021-09-19
235,طلا,صندوق س.پشتوانه طلاي لوتوس,1052,995059,81004311847,82571,82090,81752,-819,-0.99,81407,-1164,-1.41,81000,82090,1400-6-28,2021-09-19
236,ميهن,بيمه ميهن,1034,16897710,54817222742,3383,3214,3214,-169,-5,3244,-139,-4.11,3214,3380,1400-6-28,2021-09-19
237,وثنو,سرمايه گذاري ساختماني نوين,1027,16381896,91392051528,5472,5636,5598,126,2.3,5579,107,1.96,5333,5636,1400-6-28,2021-09-19
238,كلوند,كاشي‌ الوند,1026,2874208,67677150610,23970,23550,24200,230,0.96,23550,-420,-1.75,23030,24600,1400-6-28,2021-09-19
239,وسكاب,س.ص.بازنشستگي كاركنان بانكها,1025,17583450,52084177578,3075,3070,3000,-75,-2.44,2962,-113,-3.67,2922,3135,1400-6-28,2021-09-19
240,دانا,بيمه دانا,1021,9707932,57857149540,6220,5960,5910,-310,-4.98,5960,-260,-4.18,5910,6250,1400-6-28,2021-09-19
241,كروي,توسعه‌ معادن‌ روي‌ ايران‌,1005,3025345,74993785650,25920,24900,25300,-620,-2.39,24790,-1130,-4.36,24630,25910,1400-6-28,2021-09-19
242,كسرا,سراميك‌هاي‌صنعتي‌اردكان‌,1002,6605434,117894544400,18470,18000,17670,-800,-4.33,17850,-620,-3.36,17550,18700,1400-6-28,2021-09-19
243,غويتا,ويتانا,999,4350017,34705464458,8321,7961,7905,-416,-5,7978,-343,-4.12,7905,8279,1400-6-28,2021-09-19
244,مدير,ص.س.مديريت ثروت ص.بازنشستگي-س,998,4305522,41938938355,10042,9742,9800,-242,-2.41,9741,-301,-3,9520,9989,1400-6-28,2021-09-19
245,شپترو,پتروشيمي آبادان,980,14827686,72974305858,5057,4982,4927,-130,-2.57,4921,-136,-2.69,4906,5049,1400-6-28,2021-09-19
246,سخاش,سيمان‌خاش‌,979,302526,39136367740,128800,128070,132930,4130,3.21,129370,570,0.44,123010,133180,1400-6-28,2021-09-19
247,غپينو,پارس‌ مينو,965,6951568,35627935640,5220,5260,5150,-70,-1.34,5130,-90,-1.72,5010,5350,1400-6-28,2021-09-19
248,كدما,معدني‌ دماوند,954,298166,53225612660,187900,178510,178510,-9390,-5,178510,-9390,-5,178510,178510,1400-6-28,2021-09-19
249,وتوكا,سرمايه‌گذاري‌توكافولاد(هلدينگ,953,11926115,120490106090,10580,10350,10220,-360,-3.4,10100,-480,-4.54,10060,10390,1400-6-28,2021-09-19
250,فلامي,لاميران‌,948,1578832,39175042980,24990,25480,24710,-280,-1.12,24810,-180,-0.72,23750,26210,1400-6-28,2021-09-19
251,ثاخت,بين‌المللي‌توسعه‌ساختمان,946,29723366,73776516659,2609,2537,2479,-130,-4.98,2482,-127,-4.87,2479,2537,1400-6-28,2021-09-19
252,وصنعت,سرمايه گذاري توسعه صنعت وتجارت,944,8393701,55785979060,6680,6540,6750,70,1.05,6650,-30,-0.45,6510,6790,1400-6-28,2021-09-19
253,نوين,بيمه نوين,933,11270569,59428133833,5292,5250,5300,8,0.15,5273,-19,-0.36,5100,5455,1400-6-28,2021-09-19
254,پاسا,ايران‌ياساتايرورابر,933,4090844,81934643650,20920,20110,20000,-920,-4.4,20030,-890,-4.25,19880,21100,1400-6-28,2021-09-19
255,ثتران,سرمايه گذاري مسكن تهران,931,17167595,65749131130,3980,4000,3806,-174,-4.37,3830,-150,-3.77,3781,4099,1400-6-28,2021-09-19
256,اطلس,صندوق س.توسعه اندوخته آينده-س,930,307884,77398964862,254542,256900,254000,-542,-0.21,251390,-3152,-1.24,247121,256900,1400-6-28,2021-09-19
257,سصفها,سيمان‌اصفهان‌,929,1081905,61910626650,60060,59000,57060,-3000,-5,57220,-2840,-4.73,57060,59000,1400-6-28,2021-09-19
258,گشان,توسعه بين المللي پديده شانديز,928,2263337,52758271610,23987,23268,23268,-719,-3,23310,-677,-2.82,23268,23606,1400-6-28,2021-09-19
259,اعتلا,شركت سرمايه گذاري اعتلاء البرز,927,5928489,46536981389,8041,8030,8041,0,0,7850,-191,-2.38,7639,8400,1400-6-28,2021-09-19
260,پارند,صندوق س. پارند پايدار سپهر,925,29910728,301272857326,10064,10072,10073,9,0.09,10072,8,0.08,10072,10074,1400-6-28,2021-09-19
261,ساينا,صنايع بهداشتي ساينا,923,526175,79603146922,144488,151500,151712,7224,5,151286,6798,4.7,145372,151712,1400-6-28,2021-09-19
262,تنوين,تامين سرمايه نوين,913,20005556,135118004910,7080,7000,6830,-250,-3.53,6750,-330,-4.66,6730,7100,1400-6-28,2021-09-19
263,تمحركه,ماشين سازي نيرو محركه,913,3764823,55659559394,14364,14794,14794,430,2.99,14784,420,2.92,14600,14794,1400-6-28,2021-09-19
264,خاور,ايران خودرو ديزل,910,10424500,86022196765,8505,8250,8250,-255,-3,8252,-253,-2.97,8250,8300,1400-6-28,2021-09-19
265,قاسم,قاسم ايران,904,4725984,40469717222,8880,8770,8728,-152,-1.71,8563,-317,-3.57,8436,9150,1400-6-28,2021-09-19
266,ارزش,صندوق س ارزش آفرين بيدار-سهام,902,7844584,78148794110,10170,10050,10000,-170,-1.67,9960,-210,-2.06,9720,10220,1400-6-28,2021-09-19
267,دبالك,مواد اوليه دارويي البرز بالك,894,2560489,33861249858,13614,13055,13214,-400,-2.94,13225,-389,-2.86,12934,13900,1400-6-28,2021-09-19
268,فرآور,فرآوري‌موادمعدني‌ايران‌,888,1663110,51668314280,32270,33450,31340,-930,-2.88,31070,-1200,-3.72,30660,33450,1400-6-28,2021-09-19
269,غپاك,لبنيات‌ پاك‌,886,3547877,61042042800,17750,17000,17550,-200,-1.13,17210,-540,-3.04,16870,17990,1400-6-28,2021-09-19
270,وسينا,بانك سينا,883,38797124,106942505741,2886,2801,2742,-144,-4.99,2756,-130,-4.5,2742,2944,1400-6-28,2021-09-19
271,وسگيلا,شركت س استان گيلان,876,71253773,39939122241,589,562,560,-29,-4.92,561,-28,-4.75,560,568,1400-6-28,2021-09-19
272,سبهان,سيمان‌ بهبهان‌,876,554807,33352818860,62500,62000,60010,-2490,-3.98,60120,-2380,-3.81,59380,63800,1400-6-28,2021-09-19
273,خكار,ايركا پارت صنعت,874,3445342,59470205200,18010,17210,17110,-900,-5,17260,-750,-4.16,17110,17950,1400-6-28,2021-09-19
274,ومعلم,بيمه معلم,866,7252697,27866888582,3964,3980,3840,-124,-3.13,3842,-122,-3.08,3766,3980,1400-6-28,2021-09-19
275,غگرجي,بيسكويت‌  گرجي‌,861,11708092,31795927384,2809,2800,2700,-109,-3.88,2716,-93,-3.31,2673,2890,1400-6-28,2021-09-19
276,سدبير,س. تدبيرگران فارس وخوزستان,861,897515,33442722276,38334,36450,36418,-1916,-5,37261,-1073,-2.8,36418,39950,1400-6-28,2021-09-19
277,تسه0003,امتيازتسهيلات مسكن خرداد1400,860,21053,13262767948,629995,630002,634000,4005,0.64,629970,-25,0,600688,650000,1400-6-28,2021-09-19
278,شپارس,بين‌ المللي‌ محصولات‌  پارس‌,850,3204812,40963406160,13400,13140,12730,-670,-5,12780,-620,-4.63,12730,13140,1400-6-28,2021-09-19
279,بموتو,موتوژن‌,847,1103205,88348172760,82790,79000,79150,-3640,-4.4,80080,-2710,-3.27,78660,85500,1400-6-28,2021-09-19
280,مرقام,ايران‌ارقام‌,841,3438915,53635341820,16240,15570,15520,-720,-4.43,15600,-640,-3.94,15430,16350,1400-6-28,2021-09-19
281,خشرق,الكتريك‌ خودرو شرق‌,834,3098728,48685685590,16410,15900,15800,-610,-3.72,15710,-700,-4.27,15590,16700,1400-6-28,2021-09-19
282,كمنگنز,معادن‌منگنزايران‌,832,417125,33007419320,81810,82000,78700,-3110,-3.8,79130,-2680,-3.28,77720,82000,1400-6-28,2021-09-19
283,وصندوق,سرمايه‌گذاري‌صندوق‌بازنشستگي‌,830,5044881,89631407020,18630,17810,17700,-930,-4.99,17950,-680,-3.65,17700,18290,1400-6-28,2021-09-19
284,فولاژ,فولاد آلياژي ايران,830,4494482,72480131120,16930,16110,16090,-840,-4.96,16180,-750,-4.43,16090,16800,1400-6-28,2021-09-19
285,تسه0002,امتيازتسهيلاتمسكن ارديبهشت1400,830,31425,19790313082,630161,630161,635000,4839,0.77,629763,-398,-0.06,617050,639990,1400-6-28,2021-09-19
286,فاما,صنعتي‌ آما,829,3422805,64826442910,18160,18050,19060,900,4.96,18940,780,4.3,18050,19060,1400-6-28,2021-09-19
287,فسازان,غلتك سازان سپاهان,824,3206003,98991918430,31270,30800,31300,30,0.1,30880,-390,-1.25,29980,31700,1400-6-28,2021-09-19
288,والبر,سرمايه‌ گذاري‌ البرز(هلدينگ‌,824,3619611,31922781480,9070,8740,9070,0,0,8820,-250,-2.76,8620,9210,1400-6-28,2021-09-19
289,خكمك,كمك‌فنرايندامين‌,822,2004937,43239126490,22270,21300,21360,-910,-4.09,21570,-700,-3.14,21160,22700,1400-6-28,2021-09-19
290,وهنر,گروه توسعه هنر ايران,819,4783715,24755181739,5328,5185,5169,-159,-2.98,5175,-153,-2.87,5169,5325,1400-6-28,2021-09-19
291,شاوان,پالايش نفت لاوان,819,749077,81838063489,111593,108001,111300,-293,-0.26,109252,-2341,-2.1,106474,114000,1400-6-28,2021-09-19
292,دزهراوي,داروسازي‌زهراوي‌,817,4475979,29448679540,6870,6850,6530,-340,-4.95,6580,-290,-4.22,6530,6850,1400-6-28,2021-09-19
293,دلر,داروسازي‌ اكسير,811,1582810,70113734790,46140,44980,43980,-2160,-4.68,44300,-1840,-3.99,43840,46500,1400-6-28,2021-09-19
294,كرماشا,صنايع پتروشيمي كرمانشاه,811,3208357,144821533320,45420,44420,44200,-1220,-2.69,45140,-280,-0.62,44150,47100,1400-6-28,2021-09-19
295,تكشا,گسترش‌صنايع‌وخدمات‌كشاورزي‌,809,1549651,57227236780,38010,36690,36510,-1500,-3.95,36930,-1080,-2.84,36110,39800,1400-6-28,2021-09-19
296,سدور,سيمان‌ دورود,799,5169133,43066227010,8670,8530,8260,-410,-4.73,8330,-340,-3.92,8240,8830,1400-6-28,2021-09-19
297,كسعدي,كاشي‌ سعدي‌,794,3276640,39150151160,12470,12050,12000,-470,-3.77,11950,-520,-4.17,11850,12710,1400-6-28,2021-09-19
298,سامان,بانك سامان,792,6899062,59887036378,8926,8660,8659,-267,-2.99,8680,-246,-2.76,8659,8900,1400-6-28,2021-09-19
299,حتايد,تايدواترخاورميانه,791,2872950,66641664460,23760,23500,23220,-540,-2.27,23200,-560,-2.36,22730,24200,1400-6-28,2021-09-19
300,فسپا,گروه‌صنعتي‌سپاهان‌,786,2658484,58678982200,23160,22030,22010,-1150,-4.97,22070,-1090,-4.71,22010,22900,1400-6-28,2021-09-19
301,رنيك,جنرال مكانيك,786,2583111,41760999204,16967,16120,16399,-568,-3.35,16167,-800,-4.72,16119,16800,1400-6-28,2021-09-19
302,مفاخر,توسعه فناوري اطلاعات خوارزمي,783,831177,42382823505,53383,55290,53383,0,0,50991,-2392,-4.48,50714,55290,1400-6-28,2021-09-19
303,ودي,بيمه  دي,783,4609142,37644272582,8143,8200,8250,107,1.31,8167,24,0.29,7803,8370,1400-6-28,2021-09-19
304,كاذر,فرآورده‌هاي‌نسوزآذر,774,2450449,43415302720,17800,18080,17690,-110,-0.62,17720,-80,-0.45,16910,18620,1400-6-28,2021-09-19
305,وساشرقي,شركت س استان آذربايجان شرقي,773,37444358,21618191255,607,577,577,-30,-4.94,593,-14,-2.31,577,589,1400-6-28,2021-09-19
306,ومهان,گروه توسعه مالي مهر آيندگان,763,3544941,53019475855,15280,15050,15100,-180,-1.18,14993,-287,-1.88,14602,15600,1400-6-28,2021-09-19
307,وكار,بانك‌ كارآفرين‌,761,38424180,101313893567,2774,2636,2636,-138,-4.97,2637,-137,-4.94,2636,2690,1400-6-28,2021-09-19
308,قچار,فراوردههاي غذايي وقند چهارمحال,760,2994232,49027669539,16136,16190,16311,175,1.08,16374,238,1.47,15653,16695,1400-6-28,2021-09-19
309,بهپاك,صنعتي بهپاك,759,6974644,45121416940,6762,6790,6549,-213,-3.15,6469,-293,-4.33,6424,6790,1400-6-28,2021-09-19
310,نطرين,عطرين نخ قم,758,4278707,34777315495,8432,8180,8011,-421,-4.99,8128,-304,-3.61,8011,8500,1400-6-28,2021-09-19
311,وبيمه,سرمايه‌ گذاري‌ صنعت‌ بيمه‌,755,12626729,24296652970,2007,1911,1907,-100,-4.98,1924,-83,-4.14,1907,2000,1400-6-28,2021-09-19
312,ستران,سيمان‌ تهران‌,755,1910298,50582066810,27740,26710,26360,-1380,-4.97,26480,-1260,-4.54,26360,27780,1400-6-28,2021-09-19
313,آكورد,صندوق س. آرمان آتي كوثر-د,754,8371062,286427505243,34198,34217,34223,25,0.07,34216,18,0.05,34216,34223,1400-6-28,2021-09-19
314,ورنا,سرمايه‌گذاري‌ رنا(هلدينگ‌,754,6550890,33132406460,5230,5110,4980,-250,-4.78,5060,-170,-3.25,4970,5350,1400-6-28,2021-09-19
315,فن آوا,گروه فن آوا,752,6698064,182727327291,27010,27020,26200,-810,-3,27281,271,1,26200,27820,1400-6-28,2021-09-19
316,غبشهر,صنعتي‌ بهشهر,750,4098207,111409638680,28580,27160,27160,-1420,-4.97,27180,-1400,-4.9,27160,28280,1400-6-28,2021-09-19
317,كهمدا,شيشه‌ همدان‌,749,4250491,45415460240,10720,10720,10700,-20,-0.19,10680,-40,-0.37,10530,10990,1400-6-28,2021-09-19
318,كساوه,صنايع‌ كاشي‌ و سراميك‌ سينا,746,1231028,65448259670,55190,52500,52500,-2690,-4.87,53170,-2020,-3.66,52440,56100,1400-6-28,2021-09-19
319,فنوال,نورد آلومينيوم‌,737,1780116,51680202290,29790,29700,29550,-240,-0.81,29030,-760,-2.55,28480,30790,1400-6-28,2021-09-19
320,حتوكا,حمل‌ونقل‌توكا,734,2239413,44269180400,20560,20460,19540,-1020,-4.96,19770,-790,-3.84,19540,21000,1400-6-28,2021-09-19
321,فنفتح,ح . صنايع تجهيزات نفت,733,2982622,39307614883,12875,13261,13261,386,3,13179,304,2.36,12500,13261,1400-6-28,2021-09-19
322,وآذر,سرمايه‌گذاري‌توسعه‌آذربايجان‌,729,553350,34148448550,63930,60950,60740,-3190,-4.99,61710,-2220,-3.47,60740,65940,1400-6-28,2021-09-19
323,خريخت,صنايع‌ريخته‌گري‌ايران‌,727,12948628,47886806161,3748,3620,3830,82,2.19,3698,-50,-1.33,3561,3847,1400-6-28,2021-09-19
324,سشرق,سيمان‌ شرق‌,723,7712061,62952053810,8270,8200,8220,-50,-0.6,8160,-110,-1.33,8000,8300,1400-6-28,2021-09-19
325,ولشرق,ليزينگ ايران و شرق,715,6361364,41767086864,6853,6840,6511,-342,-4.99,6566,-287,-4.19,6511,6840,1400-6-28,2021-09-19
326,خاذين,سايپاآذين‌,714,9587616,30230079538,3271,3189,3220,-51,-1.56,3153,-118,-3.61,3108,3350,1400-6-28,2021-09-19
327,كيميا,معدني كيمياي زنجان گستران,712,2942662,43112043337,14909,14651,14995,86,0.58,14651,-258,-1.73,14250,15249,1400-6-28,2021-09-19
328,ثشرق,سرمايه گذاري مسكن شمال شرق,708,5893869,32631857890,5720,5530,5440,-280,-4.9,5540,-180,-3.15,5440,5860,1400-6-28,2021-09-19
329,سفار,سيمان‌فارس‌,707,295756,23940873050,84460,83570,80240,-4220,-5,80950,-3510,-4.16,80240,85200,1400-6-28,2021-09-19
330,ونيرو,سرمايه‌گذاري‌نيرو,707,10907390,31426729816,2994,2948,2845,-149,-4.98,2881,-113,-3.77,2845,2990,1400-6-28,2021-09-19
331,وپترو,سرمايه‌گذاري صنايع پتروشيمي‌,705,4735108,62963139110,13900,13790,13250,-650,-4.68,13300,-600,-4.32,13210,14030,1400-6-28,2021-09-19
332,بالاس,مهندسي ساختمان تاسيسات راه آهن,688,1121250,40742063095,37745,38001,36710,-1035,-2.74,36336,-1409,-3.73,35858,38990,1400-6-28,2021-09-19
333,دلقما,دارويي‌ لقمان‌,684,1672378,72781615640,45610,43330,43330,-2280,-5,43520,-2090,-4.58,43330,45610,1400-6-28,2021-09-19
334,شبهرن,نفت‌ بهران‌,684,2408879,29788874480,12720,12400,12320,-400,-3.14,12540,-180,-1.42,12170,12890,1400-6-28,2021-09-19
335,پكوير,كوير تاير,683,2768907,39150721250,14300,13610,13850,-450,-3.15,14140,-160,-1.12,13610,14670,1400-6-28,2021-09-19
336,شوينده,مديريت صنعت شوينده ت.ص.بهشهر,683,1823592,41643819230,23870,22880,22850,-1020,-4.27,22840,-1030,-4.32,22680,23860,1400-6-28,2021-09-19
337,بميلا,توسعه بازرگاني آهن وفولادميلاد,677,2654141,30454452045,11757,11405,11450,-307,-2.61,11474,-283,-2.41,11405,11800,1400-6-28,2021-09-19
338,تسه9908,امتياز تسهيلات مسكن آبان99,673,19460,12246546489,630839,611005,628000,-2839,-0.45,629319,-1520,-0.24,611005,640000,1400-6-28,2021-09-19
339,لازما,كارخانه هاي صنعتي آزمايش,673,1339034,36662964036,27440,27150,27500,60,0.22,27380,-60,-0.22,26863,28100,1400-6-28,2021-09-19
340,كحافظ,كاشي‌ وسراميك‌ حافظ‌,672,6524622,26379389638,4212,4003,4002,-210,-4.99,4043,-169,-4.01,4002,4280,1400-6-28,2021-09-19
341,ونيكي,سرمايه‌گذاري‌ ملي‌ايران‌,666,3319408,33512232900,10570,10050,10240,-330,-3.12,10350,-220,-2.08,10050,10440,1400-6-28,2021-09-19
342,همراه,شركت ارتباطات سيار ايران,661,2514727,24753494370,10170,9760,9950,-220,-2.16,10100,-70,-0.69,9680,10170,1400-6-28,2021-09-19
343,حپارسا,توسعه حمل و نقل ريلي پارسيان,658,1503598,60681288275,39785,41768,39770,-15,-0.04,40357,572,1.44,38208,41774,1400-6-28,2021-09-19
344,پرداخت,به پرداخت ملت,657,1817693,31925245900,18340,17510,17470,-870,-4.74,17560,-780,-4.25,17430,18330,1400-6-28,2021-09-19
345,كگاز,شيشه‌ و گاز,656,2606493,56968820150,22960,21850,21820,-1140,-4.97,21860,-1100,-4.79,21820,22690,1400-6-28,2021-09-19
346,فجام,جام‌دارو,655,3421934,26686967830,7960,7960,7770,-190,-2.39,7800,-160,-2.01,7570,8090,1400-6-28,2021-09-19
347,بزاگرس,نيروگاه زاگرس كوثر,650,5427215,26875402959,5119,5150,4886,-233,-4.55,4952,-167,-3.26,4871,5218,1400-6-28,2021-09-19
348,زدشت,كشت و صنعت دشت خرم دره,642,1183322,22909002544,20095,19400,19100,-995,-4.95,19360,-735,-3.66,19092,20310,1400-6-28,2021-09-19
349,حفارس,حمل و نقل بين المللي خليج فارس,641,12884158,52724607768,4275,4210,4064,-211,-4.94,4092,-183,-4.28,4062,4210,1400-6-28,2021-09-19
350,وسهمدا,شركت س استان همدان,632,43969505,24905346777,595,568,566,-29,-4.87,568,-27,-4.54,566,573,1400-6-28,2021-09-19
351,تايرا,تراكتورسازي‌ايران‌,629,1061961,31418966080,30000,29650,29010,-990,-3.3,29660,-340,-1.13,28850,30670,1400-6-28,2021-09-19
352,اميد,تامين سرمايه اميد,627,5017343,31786260970,6640,6310,6310,-330,-4.97,6340,-300,-4.52,6310,6500,1400-6-28,2021-09-19
353,جوين,كشت و صنعت جوين,627,6647970,24039422680,3671,3734,3561,-110,-3,3616,-55,-1.5,3561,3735,1400-6-28,2021-09-19
354,تيپيكو,سرمايه گذاري دارويي تامين,627,1679128,35530400200,21580,21780,21010,-570,-2.64,21420,-160,-0.74,20560,21780,1400-6-28,2021-09-19
355,غبهار,كشت وصنعت بهاران گلبهار خراسان,627,1265410,22301748844,17711,18220,17323,-388,-2.19,17624,-87,-0.49,17180,18220,1400-6-28,2021-09-19
356,فكمند,گسترش قطعه سازي كمند,627,1210349,45181560877,37394,36498,36273,-1121,-3,37329,-65,-0.17,36273,38515,1400-6-28,2021-09-19
357,ورازي,بيمه رازي,626,20433959,38032590493,1939,1950,1843,-96,-4.95,1861,-78,-4.02,1843,1971,1400-6-28,2021-09-19
358,تسه0001,امتيازتسهيلات مسكن فروردين1400,621,16733,10568857291,633600,633600,630050,-3550,-0.56,631618,-1982,-0.31,601922,640000,1400-6-28,2021-09-19
359,شپاكسا,پاكسان‌,620,1228342,26612717860,22550,22220,22160,-390,-1.73,21670,-880,-3.9,21430,23600,1400-6-28,2021-09-19
360,غمارگ,مارگارين‌,617,2135582,56763206480,27730,26490,26350,-1380,-4.98,26580,-1150,-4.15,26350,27580,1400-6-28,2021-09-19
361,پارتا,مجتمع‌صنعتي‌آرتاويل‌تاير,617,1513922,40851281014,26317,25660,27040,723,2.75,26984,667,2.53,25660,27106,1400-6-28,2021-09-19
362,ثباغ,شهر سازي و خانه سازي باغميشه,617,2850784,38291579339,13884,14000,13190,-694,-5,13432,-452,-3.26,13190,14200,1400-6-28,2021-09-19
363,ددام,داروسازي زاگرس فارمد پارس,616,3985006,59744421640,15690,14950,14910,-780,-4.97,14990,-700,-4.46,14910,16000,1400-6-28,2021-09-19
364,سصوفي,سيمان‌ صوفيان‌,613,2083244,38395542070,19140,18870,18330,-810,-4.23,18430,-710,-3.71,18200,19500,1400-6-28,2021-09-19
365,ثرود,سرمايه‌گذاري مسكن زاينده رود,612,2599084,31867117801,12876,12233,12233,-643,-4.99,12261,-615,-4.78,12233,12597,1400-6-28,2021-09-19
366,خچرخش,چرخشگر,611,3629678,43736995170,12390,12440,11820,-570,-4.6,12050,-340,-2.74,11780,12960,1400-6-28,2021-09-19
367,ثاباد,توريستي ورفاهي آبادگران ايران,608,798957,38850343430,50680,48220,48150,-2530,-4.99,48630,-2050,-4.04,48150,50710,1400-6-28,2021-09-19
368,دكپسول,توليد ژلاتين كپسول ايران,604,839554,29556538189,36717,35400,35270,-1447,-3.94,35205,-1512,-4.12,34882,37350,1400-6-28,2021-09-19
369,سرچشمه,سرمايه گذاري مس سرچشمه,603,4345808,27796022213,6578,6570,6385,-193,-2.93,6396,-182,-2.77,6250,6650,1400-6-28,2021-09-19
370,ونفت,سرمايه‌گذاري‌ صنعت‌ نفت‌,602,2353892,39166135570,16740,16700,16510,-230,-1.37,16640,-100,-0.6,16000,17290,1400-6-28,2021-09-19
371,دتماد,توليدمواداوليه‌داروپخش‌,599,1158033,55409430290,50080,48620,47800,-2280,-4.55,47850,-2230,-4.45,47580,49950,1400-6-28,2021-09-19
372,ياقوت,صندوق س ياقوت آگاه-ثابت,599,7341594,96483886830,13146,13145,13146,0,0,13142,-4,-0.03,13133,13159,1400-6-28,2021-09-19
373,وبوعلي,سرمايه‌گذاري‌بوعلي‌,598,8322613,38071689863,4696,4524,4582,-114,-2.43,4574,-122,-2.6,4462,4900,1400-6-28,2021-09-19
374,ساربيل,سيمان آرتا اردبيل,593,706798,26571247260,39100,37900,37160,-1940,-4.96,37590,-1510,-3.86,37150,40210,1400-6-28,2021-09-19
375,غگلپا,شير پاستوريزه پگاه گلپايگان,593,757080,46907788016,64718,61483,61483,-3235,-5,61959,-2759,-4.26,61483,67396,1400-6-28,2021-09-19
376,خكرمان,گروه اقتصادي كرمان خودرو,589,11920574,40995983849,3531,3500,3426,-105,-2.97,3439,-92,-2.61,3426,3530,1400-6-28,2021-09-19
377,غگلستا,شير پاستوريزه پگاه گلستان,585,1264838,19087297656,15687,15027,14903,-784,-5,15091,-596,-3.8,14903,15700,1400-6-28,2021-09-19
378,زقيام,كشت و دام قيام اصفهان,579,1869412,35556746187,19869,19600,18999,-870,-4.38,19020,-849,-4.27,18876,20056,1400-6-28,2021-09-19
379,سپاها,سيمان‌سپاهان‌,578,6032595,53097226950,9160,8930,8800,-360,-3.93,8800,-360,-3.93,8710,9230,1400-6-28,2021-09-19
380,تسه9912,امتياز تسهيلات مسكن اسفند99,574,15327,9669952835,628224,628224,659635,31411,5,630910,2686,0.43,620003,659635,1400-6-28,2021-09-19
381,زشريف,كشت وصنعت شريف آباد,572,7222430,33969273060,4893,4760,4790,-103,-2.11,4703,-190,-3.88,4649,4900,1400-6-28,2021-09-19
382,ولملت,واسپاري ملت,571,5446407,30551462450,5890,5610,5600,-290,-4.92,5610,-280,-4.75,5600,5780,1400-6-28,2021-09-19
383,كاردان,صندوق س تجارت شاخصي كاردان,571,388427,75143790330,197870,195550,196490,-1380,-0.7,193460,-4410,-2.23,191100,199990,1400-6-28,2021-09-19
384,زنجان,صنايع كشاورزي وكود زنجان,563,3764876,22799515022,6131,6140,5948,-183,-2.98,6056,-75,-1.22,5948,6239,1400-6-28,2021-09-19
385,حآفرين,ريل پرداز نو آفرين,563,4534500,18355656000,3856,4048,4048,192,4.98,4048,192,4.98,4048,4048,1400-6-28,2021-09-19
386,بپاس,بيمه پاسارگاد,562,498597,33073933398,69825,66334,66334,-3491,-5,68786,-1039,-1.49,66334,66334,1400-6-28,2021-09-19
387,لخانه,لوازم‌ خانگي‌ پارس‌,561,1327322,31431406149,23052,23670,23743,691,3,23680,628,2.72,23065,23743,1400-6-28,2021-09-19
388,تابا,تابان نيرو سپاهان,558,887254,27317926646,31056,31200,30125,-931,-3,30789,-267,-0.86,30125,31750,1400-6-28,2021-09-19
389,ولغدر,ليزينگ‌خودروغدير,555,2454226,38843255130,16480,16000,15660,-820,-4.98,15830,-650,-3.94,15660,16480,1400-6-28,2021-09-19
390,درازك,دارويي‌ رازك‌,554,1200856,51821448470,42990,42370,44330,1340,3.12,43150,160,0.37,41330,44350,1400-6-28,2021-09-19
391,آوا,صندوق س.سهام آواي معيار-س,552,2762342,20720141645,7623,7647,7580,-43,-0.56,7501,-122,-1.6,7300,7750,1400-6-28,2021-09-19
392,وملل,اعتباري ملل,551,3017705,33375199016,11578,11527,11000,-578,-4.99,11187,-391,-3.38,11000,11540,1400-6-28,2021-09-19
393,وتوسم,سرمايه‌گذاري‌توسعه‌ملي‌,548,3704601,27376359390,7700,7590,7380,-320,-4.16,7390,-310,-4.03,7320,7820,1400-6-28,2021-09-19
394,داسوه,داروسازي‌ اسوه‌,548,1625220,48788866970,31210,30900,29650,-1560,-5,30020,-1190,-3.81,29650,31210,1400-6-28,2021-09-19
395,ساروم,سيمان‌اروميه‌,548,1253186,51069870330,41310,40210,41320,10,0.02,40750,-560,-1.36,39900,42480,1400-6-28,2021-09-19
396,شكلر,نيروكلر,545,898962,35260626730,41020,41990,38970,-2050,-5,39220,-1800,-4.39,38970,41990,1400-6-28,2021-09-19
397,زشگزا,شير و گوشت زاگرس شهركرد,544,2671033,15903579644,6112,6030,5930,-182,-2.98,5954,-158,-2.59,5850,6199,1400-6-28,2021-09-19
398,پارسيان,بيمه پارسيان,543,3059823,35636371530,12190,11620,11590,-600,-4.92,11650,-540,-4.43,11590,12190,1400-6-28,2021-09-19
399,سپيدما,صندوق س. سپيد دماوند-د,543,24978964,276742922123,11073,11078,11078,5,0.05,11079,6,0.05,11078,11084,1400-6-28,2021-09-19
400,وبهمن,سرمايه‌گذاري‌بهمن‌,542,1615754,28991440320,18080,18950,17180,-900,-4.98,17940,-140,-0.77,17180,18950,1400-6-28,2021-09-19
401,پلاسك,پلاسكوكار,542,3647004,23779025060,6820,6650,6480,-340,-4.99,6520,-300,-4.4,6480,6820,1400-6-28,2021-09-19
402,تكنار,مجتمع معادن مس تكنار,541,417435,35088511409,86563,83967,83967,-2596,-3,84057,-2506,-2.9,83967,85550,1400-6-28,2021-09-19
403,وهور,مديريت انرژي اميد  تابان هور,538,16680972,28690341373,1750,1760,1733,-17,-0.97,1731,-19,-1.09,1663,1760,1400-6-28,2021-09-19
404,فپنتا,سپنتا,537,57708,29282904270,516320,505110,514700,-1620,-0.31,507430,-8890,-1.72,495670,530000,1400-6-28,2021-09-19
405,وحافظح,ح . بيمه حافظ,532,10599681,52823944551,5133,5000,5010,-123,-2.4,4984,-149,-2.9,4980,5080,1400-6-28,2021-09-19
406,زفكا,كشت و دامداري فكا,532,1546010,16421323880,10923,10390,10703,-220,-2.01,10622,-301,-2.76,10377,11190,1400-6-28,2021-09-19
407,دالبر,البرزدارو,530,1325717,22301212190,16670,16710,16570,-100,-0.6,16820,150,0.9,16000,17400,1400-6-28,2021-09-19
408,واميد,گروه مديريت سرمايه گذاري اميد,525,6372121,78960077950,12960,12980,12590,-370,-2.85,12560,-400,-3.09,12320,12980,1400-6-28,2021-09-19
409,وايران,ليزينگ ايرانيان,525,3924412,22985313040,6130,5900,5830,-300,-4.89,5860,-270,-4.4,5830,6060,1400-6-28,2021-09-19
410,دعبيد,لابراتوارداروسازي‌  دكترعبيدي‌,524,1771822,45348613220,26770,25650,25440,-1330,-4.97,25610,-1160,-4.33,25440,26580,1400-6-28,2021-09-19
411,هماي,صندوق س هماي آگاه-ثابت,520,4433011,46341100284,10450,10450,10460,10,0.1,10454,4,0.04,10447,10460,1400-6-28,2021-09-19
412,غمهرا,توليدي‌مهرام‌,508,595650,33815773740,59570,56600,56600,-2970,-4.99,56770,-2800,-4.7,56600,59000,1400-6-28,2021-09-19
413,سخزر,سيمان‌ خزر,505,1055385,30348983550,28580,27220,27900,-680,-2.38,28760,180,0.63,27220,29510,1400-6-28,2021-09-19
414,تپولا,مهندسي مرآت پولاد,501,1297348,33912405735,25386,26147,26147,761,3,26140,754,2.97,25416,26147,1400-6-28,2021-09-19
415,دكوثر,داروسازي‌ كوثر,500,3419936,17097611580,5160,5120,4910,-250,-4.84,5000,-160,-3.1,4910,5250,1400-6-28,2021-09-19
416,پلوله,گازلوله‌,498,909634,27816193963,31058,31989,30127,-931,-3,30580,-478,-1.54,30127,31989,1400-6-28,2021-09-19
417,سفانو,سيمان فارس نو,498,787571,19216370650,24680,23600,25220,540,2.19,24400,-280,-1.13,23460,25300,1400-6-28,2021-09-19
418,شخارك,پتروشيمي‌ خارك‌,495,830221,41848066780,50290,50000,50400,110,0.22,50340,50,0.1,49120,51900,1400-6-28,2021-09-19
419,ثمسكن,سرمايه‌گذاري‌ مسكن‌,494,5565875,27943854490,5200,5090,5040,-160,-3.08,5020,-180,-3.46,4940,5280,1400-6-28,2021-09-19
420,داوه,داروسازي آوه سينا,492,1137268,19650064863,17919,17230,17024,-895,-4.99,17278,-641,-3.58,17024,18400,1400-6-28,2021-09-19
421,دجابر,داروسازي‌ جابرابن‌حيان‌,490,2206419,32050462580,14980,14610,14940,-40,-0.27,14530,-450,-3,14240,15200,1400-6-28,2021-09-19
422,كي بي سي,شركت كي بي سي,490,1578902,39685705193,24325,25490,25541,1216,5,25135,810,3.33,24450,25541,1400-6-28,2021-09-19
423,مداران,داده‌پردازي‌ايران‌,483,3259156,64307633740,20730,19800,19700,-1030,-4.97,19730,-1000,-4.82,19700,20630,1400-6-28,2021-09-19
424,غشوكو,شوكو پارس,483,2320618,66650588962,27894,28730,28730,836,3,28721,827,2.96,28016,28730,1400-6-28,2021-09-19
425,درهآور,دارويي ره آورد تامين,481,907754,24074171463,27895,27050,26501,-1394,-5,26521,-1374,-4.93,26501,27060,1400-6-28,2021-09-19
426,فافزا,فولاد افزا سپاهان,480,627052,30536040524,50053,48962,48552,-1501,-3,48698,-1355,-2.71,48552,51099,1400-6-28,2021-09-19
427,پخش,پخش البرز,478,1312797,33327958962,25185,24974,25007,-178,-0.71,25387,202,0.8,24974,25850,1400-6-28,2021-09-19
428,دامين,داروسازي‌ امين‌,477,5713252,22038479142,4016,3826,3869,-147,-3.66,3857,-159,-3.96,3816,4000,1400-6-28,2021-09-19
429,دابور,داروسازي‌ ابوريحان‌,474,859172,25214768660,30650,31010,29120,-1530,-4.99,29350,-1300,-4.24,29120,31010,1400-6-28,2021-09-19
430,وبشهر,توسعه‌ صنايع‌ بهشهر(هلدينگ,473,3765960,50428919920,13510,13050,13330,-180,-1.33,13390,-120,-0.89,13040,13640,1400-6-28,2021-09-19
431,قصفها,قنداصفهان‌,471,155579,15464844260,103930,99000,98740,-5190,-4.99,99400,-4530,-4.36,98740,102300,1400-6-28,2021-09-19
432,لسرما,سرما آفرين‌,469,1092424,23795677660,22530,22000,21410,-1120,-4.97,21780,-750,-3.33,21410,23000,1400-6-28,2021-09-19
433,شرانل,نفت ايرانول,469,393083,18356579547,48287,47000,46600,-1687,-3.49,47507,-780,-1.62,46110,48000,1400-6-28,2021-09-19
434,وسين,بيمه سينا,468,11609286,42579929559,3778,3677,3689,-89,-2.36,3668,-110,-2.91,3665,3779,1400-6-28,2021-09-19
435,دشيمي,شيمي‌ داروئي‌ داروپخش‌,468,2021936,55709115240,28790,28330,27360,-1430,-4.97,27550,-1240,-4.31,27360,28960,1400-6-28,2021-09-19
436,جم پيلن,پلي پروپيلن جم - جم پيلن,468,318759,34340866090,110970,109510,107700,-3270,-2.95,109680,-1290,-1.16,105570,110930,1400-6-28,2021-09-19
437,زمگسا,كشاورزي‌ ودامپروي‌ مگسال‌,467,1049826,27111237800,26810,25530,25520,-1290,-4.81,25820,-990,-3.69,25470,27070,1400-6-28,2021-09-19
438,قشير,قند شيروان قوچان و بجنورد,467,1480778,29750595001,21042,19991,19990,-1052,-5,20091,-951,-4.52,19990,20940,1400-6-28,2021-09-19
439,تسه9911,امتياز تسهيلات مسكن بهمن99,465,13340,8414520304,633095,621000,628000,-5095,-0.8,630774,-2321,-0.37,615000,640000,1400-6-28,2021-09-19
440,لخزر,پارس‌ خزر,460,186926,30234969720,170130,170200,161630,-8500,-5,161750,-8380,-4.93,161630,170200,1400-6-28,2021-09-19
441,خموتور,موتورسازان‌تراكتورسازي‌ايران‌,458,3000762,37264298710,11830,12410,12420,590,4.99,12420,590,4.99,12200,12420,1400-6-28,2021-09-19
442,تسه9910,امتياز تسهيلات مسكن دي99,458,12151,7644159479,630869,621111,615000,-15869,-2.52,629097,-1772,-0.28,610000,640000,1400-6-28,2021-09-19
443,سغرب,سيمان‌غرب‌,457,867908,21159182600,24200,24400,24510,310,1.28,24380,180,0.74,23490,25150,1400-6-28,2021-09-19
444,سخوز,سيمان خوزستان,456,933458,22083510580,24780,24270,23630,-1150,-4.64,23660,-1120,-4.52,23550,24790,1400-6-28,2021-09-19
445,مبين,مبين انرژي خليج فارس,452,3274744,70017532160,21820,21870,21350,-470,-2.15,21560,-260,-1.19,21000,21870,1400-6-28,2021-09-19
446,حآسا,آسيا سير ارس,452,1264246,28151421206,23390,23000,22221,-1169,-5,22267,-1123,-4.8,22221,23000,1400-6-28,2021-09-19
447,كقزوي,شيشه‌ قزوين‌,451,3376304,27063843670,8176,8090,8099,-77,-0.94,8016,-160,-1.96,7931,8340,1400-6-28,2021-09-19
448,زگلدشت,كشت و دام گلدشت نمونه اصفهان,451,1051651,12899105270,12759,12770,12122,-637,-4.99,12325,-434,-3.4,12122,12900,1400-6-28,2021-09-19
449,غشهد,شهد ايران ‌,451,3105232,16043434450,5410,5180,5240,-170,-3.14,5170,-240,-4.44,5140,5460,1400-6-28,2021-09-19
450,آ س پ,آ.س.پ,450,2282608,22574763694,10213,9710,9703,-510,-4.99,9890,-323,-3.16,9703,10499,1400-6-28,2021-09-19
451,زبينا,كشاورزي و دامپروري بينالود,450,10350745,30362292619,3061,2921,2908,-153,-5,2933,-128,-4.18,2908,3030,1400-6-28,2021-09-19
452,ختراك,ريخته‌گري‌ تراكتورسازي‌ ايران‌,449,2399158,29308578530,12680,12250,12680,0,0,12220,-460,-3.63,12050,12990,1400-6-28,2021-09-19
453,تكمبا,كمباين‌ سازي‌ ايران‌,448,2990015,19019201280,6610,6350,6280,-330,-4.99,6360,-250,-3.78,6280,6800,1400-6-28,2021-09-19
454,شبصير,توليدات پتروشيمي قائد بصير,446,412449,41412182696,101444,100300,101320,-124,-0.12,100406,-1038,-1.02,99050,101980,1400-6-28,2021-09-19
455,قلرست,قند لرستان‌,440,996884,22613761460,23700,22600,22520,-1180,-4.98,22680,-1020,-4.3,22520,23490,1400-6-28,2021-09-19
456,غپآذر,شير پگاه آذربايجان شرقي,438,538027,22423808550,41605,42792,42399,794,1.91,41678,73,0.18,40101,42792,1400-6-28,2021-09-19
457,كفرا,فراورده‌ هاي‌ نسوزايران‌,435,928120,22226335490,24960,25390,23720,-1240,-4.97,23950,-1010,-4.05,23720,25390,1400-6-28,2021-09-19
458,ثعمرا,عمران و توسعه شاهد,435,2452074,25697935304,10955,10408,10408,-547,-4.99,10480,-475,-4.34,10408,10920,1400-6-28,2021-09-19
459,سكه0012پ01,تمام سكه طرح جديد0012رفاه,434,127000,146839849100,1165880,1164998,1161850,-4030,-0.35,1156219,-9661,-0.83,1152000,1164998,1400-6-28,2021-09-19
460,ولصنم,ليزينگ‌صنعت‌ومعدن‌,434,2664278,19024241790,7460,7150,7090,-370,-4.96,7140,-320,-4.29,7090,7450,1400-6-28,2021-09-19
461,نمرينو,ايران‌ مرينوس‌,433,263828,25688860200,101320,98000,97010,-4310,-4.25,97370,-3950,-3.9,96260,102600,1400-6-28,2021-09-19
462,سمازن,سيمان‌مازندران‌,433,2051948,31897540230,15610,15600,15530,-80,-0.51,15550,-60,-0.38,15110,16200,1400-6-28,2021-09-19
463,جم,پتروشيمي جم,432,1661335,78201637180,48010,46610,46250,-1760,-3.67,47260,-750,-1.56,46020,48690,1400-6-28,2021-09-19
464,سقاين,سيمان‌ قائن‌,423,319728,18727487710,60030,60800,58240,-1790,-2.98,58570,-1460,-2.43,57100,61370,1400-6-28,2021-09-19
465,ولبهمن,شركت بهمن ليزينگ,422,2982716,22919703126,7873,7830,7668,-205,-2.6,7684,-189,-2.4,7560,8015,1400-6-28,2021-09-19
466,سيدكو,سرمايه گذاري توسعه صنايع سيمان,415,1769590,12015924830,6930,7040,6770,-160,-2.31,6830,-100,-1.44,6610,7100,1400-6-28,2021-09-19
467,وسپه,سرمايه‌گذاري‌ سپه‌,415,3303442,28415487180,8620,8590,8420,-200,-2.32,8610,-10,-0.12,8330,8850,1400-6-28,2021-09-19
468,كاسپين,داروسازي كاسپين تامين,410,1250462,26104272985,21639,21630,21621,-18,-0.08,20876,-763,-3.53,20558,22040,1400-6-28,2021-09-19
469,سپر,صندوق س سپر سرمايه بيدار- ثابت,408,10901098,139152052637,12760,12768,12763,3,0.02,12765,5,0.04,12762,12768,1400-6-28,2021-09-19
470,واحيا,م .صنايع و معادن احياء سپاهان,408,853976,145484474061,175613,170345,170345,-5268,-3,170361,-5252,-2.99,170345,172000,1400-6-28,2021-09-19
471,اوان,مبين وان كيش,405,705612,22176341486,32914,31720,31269,-1645,-5,31429,-1485,-4.51,31269,32907,1400-6-28,2021-09-19
472,كاريس,صندوق س.سپهر كاريزما-س,401,2421910,33281966979,13995,13810,13810,-185,-1.32,13742,-253,-1.81,13600,14099,1400-6-28,2021-09-19
473,حسينا,توسعه خدمات دريايي وبندري سينا,397,501220,26435379293,54005,53600,54000,-5,-0.01,52742,-1263,-2.34,51400,54080,1400-6-28,2021-09-19
474,سكرد,سيمان كردستان,395,2611732,16167416280,6480,6320,6160,-320,-4.94,6190,-290,-4.48,6160,6460,1400-6-28,2021-09-19
475,دارو,كارخانجات‌داروپخش‌,393,809453,25827069100,33280,32500,31620,-1660,-4.99,31910,-1370,-4.12,31620,32940,1400-6-28,2021-09-19
476,سپ,پرداخت الكترونيك سامان كيش,392,857372,27221862940,32220,30750,32000,-220,-0.68,32020,-200,-0.62,30750,32800,1400-6-28,2021-09-19
477,سيلام,سيمان‌ ايلام‌,392,3932926,38715046790,10350,9840,9840,-510,-4.93,9840,-510,-4.93,9840,10010,1400-6-28,2021-09-19
478,تسه9909,امتياز تسهيلات مسكن آذر99,388,10930,6902081206,634596,616090,620000,-14596,-2.3,631480,-3116,-0.49,616090,637500,1400-6-28,2021-09-19
479,ضخود7076,اختيارخ خودرو-2500-1400/07/07,379,18073,40658000,3,2,1,-2,-66.67,2,-1,-33.33,1,4,1400-6-28,2021-09-19
480,وخاور,بانك خاورميانه,377,4821487,28383502540,6090,5970,5960,-130,-2.13,5990,-100,-1.64,5790,6000,1400-6-28,2021-09-19
481,وساغربي,شركت س استان آذربايجان غربي,375,41245957,25490001426,650,618,618,-32,-4.92,629,-21,-3.23,618,618,1400-6-28,2021-09-19
482,قشهد,شهد,371,1291373,20402579490,16240,15560,15580,-660,-4.06,15800,-440,-2.71,15440,16670,1400-6-28,2021-09-19
483,كگهر,سنگ آهن گهرزمين,371,1001457,46586993768,46508,46508,46430,-78,-0.17,46513,5,0.01,45112,48000,1400-6-28,2021-09-19
484,وآفري,بيمه كارآفرين,371,4408852,14389405308,3251,3251,3255,4,0.12,3264,13,0.4,3160,3334,1400-6-28,2021-09-19
485,واتي,سرمايه‌ گذاري‌ آتيه‌ دماوند,370,2507867,27850805750,11510,11500,10970,-540,-4.69,11110,-400,-3.48,10940,11500,1400-6-28,2021-09-19
486,پسهند,صنايع‌ لاستيكي‌  سهند,366,712031,22489599700,33020,32930,31380,-1640,-4.97,31590,-1430,-4.33,31370,33080,1400-6-28,2021-09-19
487,فوكا,فولاد كاويان,362,1771370,26122057574,15177,15100,14722,-455,-3,14858,-319,-2.1,14722,15100,1400-6-28,2021-09-19
488,وشهر,بانك شهر,360,5488881,31654683671,5993,5754,5754,-239,-3.99,5794,-199,-3.32,5754,5920,1400-6-28,2021-09-19
489,دسبحان,سبحان دارو,359,1543962,28938032470,19170,18250,18740,-430,-2.24,18740,-430,-2.24,18220,19590,1400-6-28,2021-09-19
490,بالبر,كابل‌ البرز,359,577336,18919838860,34430,32710,32710,-1720,-5,32770,-1660,-4.82,32710,33390,1400-6-28,2021-09-19
491,لابسا,آبسال‌,359,359523,13418666290,39050,37150,37100,-1950,-4.99,37360,-1690,-4.33,37100,38200,1400-6-28,2021-09-19
492,بنيرو,نيروترانس‌,354,5031465,12484007073,2571,2500,2443,-128,-4.98,2490,-81,-3.15,2443,2635,1400-6-28,2021-09-19
493,پرديس,سرمايه گذاري پرديس,354,2047377,11342538580,5630,5390,5510,-120,-2.13,5560,-70,-1.24,5380,5800,1400-6-28,2021-09-19
494,واعتبار,سرمايه گذاري اعتبار ايران,346,2202348,16271650320,7650,7500,7460,-190,-2.48,7390,-260,-3.4,7270,7930,1400-6-28,2021-09-19
495,رتكو,كنترل‌خوردگي‌تكين‌كو,343,1291496,14692144370,11840,11420,11750,-90,-0.76,11380,-460,-3.89,11250,11810,1400-6-28,2021-09-19
496,ضسپا8041,اختيارخ خساپا-1600-1400/08/26,341,15284,6089299000,427,400,400,-27,-6.32,398,-29,-6.79,341,475,1400-6-28,2021-09-19
497,غشصفا,شيرپاستوريزه‌پگاه‌اصفهان‌,340,757808,20337411580,27960,26610,26570,-1390,-4.97,26840,-1120,-4.01,26570,28430,1400-6-28,2021-09-19
498,آساميد,صندوق س.مشترك آسمان اميد -د,338,12845059,166974665826,12993,12999,12999,6,0.05,12999,6,0.05,12999,13005,1400-6-28,2021-09-19
499,خودكفا,اقتصادي و خودكفايي آزادگان,338,1077219,15891134688,15208,14752,14752,-456,-3,14979,-229,-1.51,14752,14752,1400-6-28,2021-09-19
500,سمتاز,سيمان ممتازان كرمان,337,1136427,22288308560,20209,19608,19603,-606,-3,19613,-596,-2.95,19603,19900,1400-6-28,2021-09-19
501,فبيرا,بسته‌ بندي‌ ايران‌,337,5624595,12740132343,2332,2265,2263,-69,-2.96,2265,-67,-2.87,2263,2300,1400-6-28,2021-09-19
502,سهرمز,سيمان‌هرمزگان‌,335,985578,17661023080,18750,18600,18180,-570,-3.04,17920,-830,-4.43,17820,19280,1400-6-28,2021-09-19
503,شيراز,پتروشيمي‌شيراز,334,768402,59185071940,77790,79990,77950,160,0.21,77330,-460,-0.59,76020,79990,1400-6-28,2021-09-19
504,ولانا,شركت ليزينگ آريا دانا,331,600068,14296834685,24350,23640,23620,-730,-3,23825,-525,-2.16,23620,24387,1400-6-28,2021-09-19
505,وكادو,تكادو,322,2405438,49236913733,21001,21500,20371,-630,-3,20469,-532,-2.53,20371,21580,1400-6-28,2021-09-19
506,ولراز,ليزينگ رازي,322,518469,14346700926,28140,28140,27296,-844,-3,27671,-469,-1.67,27296,28849,1400-6-28,2021-09-19
507,دكيمي,كيميدارو,318,705914,17102439910,25290,24550,24200,-1090,-4.31,24230,-1060,-4.19,24030,25590,1400-6-28,2021-09-19
508,كپرور,فرآوري زغال سنگ پروده طبس,318,563823,22993341092,42636,42600,40505,-2131,-5,40781,-1855,-4.35,40505,42600,1400-6-28,2021-09-19
509,خراسان,پتروشيمي خراسان,315,263759,21402541800,82600,81340,80990,-1610,-1.95,82060,-540,-0.65,80160,83330,1400-6-28,2021-09-19
510,جهرم,پتروشيمي جهرم,315,4560601,5899075866,1331,1339,1292,-39,-2.93,1308,-23,-1.73,1292,1339,1400-6-28,2021-09-19
511,ضخود7074,اختيارخ خودرو-1800-1400/07/07,313,13083,2575903000,205,232,198,-7,-3.41,197,-8,-3.9,170,270,1400-6-28,2021-09-19
512,شراز,پالايش نفت شيراز,313,274994,32303257723,117995,113730,118000,5,0,117643,-352,-0.3,113730,122800,1400-6-28,2021-09-19
513,غشاذر,پگاه‌آذربايجان‌غربي‌,311,1700242,12389991170,7580,7800,7300,-280,-3.69,7320,-260,-3.43,7210,7800,1400-6-28,2021-09-19
514,وآرين,شركت توسعه اقتصادي آرين,310,4194379,12330108780,3012,2924,2922,-90,-2.99,2940,-72,-2.39,2922,3040,1400-6-28,2021-09-19
515,وبازار,صندوق س شاخصي بازارآشنا,305,1884208,22558920810,12620,12150,12010,-610,-4.83,11970,-650,-5.15,11750,12520,1400-6-28,2021-09-19
516,ساراب,سيمان‌ داراب‌,297,1229654,23271145550,19520,19370,19000,-520,-2.66,18920,-600,-3.07,18710,19370,1400-6-28,2021-09-19
517,خلنت,لنت‌ ترمزايران‌,294,285637,26815384650,89410,93880,93880,4470,5,93880,4470,5,93780,93880,1400-6-28,2021-09-19
518,ركيش,كارت اعتباري ايران كيش,294,1325001,10050764040,7590,7780,7520,-70,-0.92,7590,0,0,7400,7840,1400-6-28,2021-09-19
519,كخاك,صنايع‌خاك‌چيني‌ايران‌,293,325998,11194822210,35000,35860,33860,-1140,-3.26,34640,-360,-1.03,33270,35860,1400-6-28,2021-09-19
520,لوتوس,تامين سرمايه لوتوس پارسيان,293,2019798,18068746140,8950,8830,8900,-50,-0.56,8950,0,0,8810,9050,1400-6-28,2021-09-19
521,بسويچ,پارس‌سويچ‌,291,350184,8358662940,24870,23750,23630,-1240,-4.99,24430,-440,-1.77,23630,24750,1400-6-28,2021-09-19
522,دروز,داروسازي‌ روزدارو,289,691080,21313527540,31150,32350,31000,-150,-0.48,30840,-310,-1,29600,32680,1400-6-28,2021-09-19
523,شپاس,نفت پاسارگاد,285,767990,14977536042,19707,19000,19400,-307,-1.56,19543,-164,-0.83,18780,20000,1400-6-28,2021-09-19
524,وبرق,س.کارکنان صنعت برق زنجان وقزوي,284,370344,43469497344,113958,117376,117376,3418,3,117376,3418,3,117376,117376,1400-6-28,2021-09-19
525,سنوين,سرمايه گذاري اقتصاد نوين,283,860225,6327581308,7375,7560,7360,-15,-0.2,7363,-12,-0.16,7154,7560,1400-6-28,2021-09-19
526,پكرمان,گروه‌ صنعتي‌ بارز,283,1302441,33402009140,25730,25700,25460,-270,-1.05,25650,-80,-0.31,24470,26000,1400-6-28,2021-09-19
527,تسه9907,امتياز تسهيلات مسكن مهر99,282,4983,3133388544,633629,636055,620000,-13629,-2.15,628816,-4813,-0.76,610000,645038,1400-6-28,2021-09-19
528,تكنو,تكنوتار,282,1031463,14329834860,14600,13870,13870,-730,-5,13890,-710,-4.86,13870,14100,1400-6-28,2021-09-19
529,ما,بيمه  ما,281,1748771,13596735490,7790,7730,7810,20,0.26,7780,-10,-0.13,7580,7950,1400-6-28,2021-09-19
530,وپخش,داروپخش‌ (هلدينگ‌,280,593906,18123554130,31950,31400,30380,-1570,-4.91,31350,-600,-1.88,30360,31400,1400-6-28,2021-09-19
531,وتوشه,سرمايه‌ گذاري‌ پارس‌ توشه‌,280,2677674,17962171250,6910,6730,6630,-280,-4.05,6710,-200,-2.89,6570,7070,1400-6-28,2021-09-19
532,خپويش,سازه‌ پويش‌,278,266947,22804591530,81460,85500,85530,4070,5,85430,3970,4.87,82340,85530,1400-6-28,2021-09-19
533,چافست,افست‌,271,1147501,15965837390,14540,14190,13820,-720,-4.95,13910,-630,-4.33,13820,14400,1400-6-28,2021-09-19
534,كطبس,ذغال‌سنگ‌ نگين‌ ط‌بس‌,269,252092,15309612810,62250,60500,60530,-1720,-2.76,60730,-1520,-2.44,59160,64000,1400-6-28,2021-09-19
535,دفارا,داروسازي‌ فارابي‌,268,397081,7395837160,19170,18700,18520,-650,-3.39,18880,-290,-1.51,18290,19580,1400-6-28,2021-09-19
536,خكاوه,سايپا ديزل,268,4240988,16730628927,4042,3999,3921,-121,-2.99,3945,-97,-2.4,3921,4070,1400-6-28,2021-09-19
537,حبندر,دريايي و کشتيراني خط دريابندر,263,980451,27597320456,28956,28088,28088,-868,-3,28148,-808,-2.79,28088,28600,1400-6-28,2021-09-19
538,زكشت,كشاورزي مكانيزه اصفهان كشت,262,586440,15395034335,27497,26250,26123,-1374,-5,26252,-1245,-4.53,26123,28340,1400-6-28,2021-09-19
539,تسه9902,امتياز تسهيلات مسكن ارديبهشت99,261,5471,3439922733,634431,602710,615000,-19431,-3.06,628756,-5675,-0.89,602710,639500,1400-6-28,2021-09-19
540,گنگين,اقتصادي نگين گردشگري ايرانيان,260,1498449,37276954843,24674,23975,25000,326,1.32,24877,203,0.82,23975,25300,1400-6-28,2021-09-19
541,ماني,صندوق س. با درآمد ثابت ماني,259,1012999,10315642340,10000,10180,10189,189,1.89,10183,183,1.83,10180,10199,1400-6-28,2021-09-19
542,بشهاب,لامپ‌  پارس‌ شهاب‌,259,176526,23490267620,139090,138970,132140,-6950,-5,133070,-6020,-4.33,132140,138970,1400-6-28,2021-09-19
543,گپارس,امور رفاهي كارگزاران پارس,257,115530,15759769320,132604,136582,136582,3978,3,136413,3809,2.87,130002,136582,1400-6-28,2021-09-19
544,ثامان,سامان‌ گستراصفهان‌,253,767689,10128985990,13840,13270,13370,-470,-3.4,13370,-470,-3.4,13150,13840,1400-6-28,2021-09-19
545,فلات,گروه صنايع معادن فلات ايرانيان,252,1230700,16295385156,13629,13223,13221,-408,-2.99,13241,-388,-2.85,13221,13630,1400-6-28,2021-09-19
546,زپارس,ملي كشت و صنعت و دامپروري پارس,251,585469,71795615630,128200,121790,121790,-6410,-5,122630,-5570,-4.34,121790,133000,1400-6-28,2021-09-19
547,فخاس,فولاد خراسان,246,1264892,35213187660,29290,27840,27830,-1460,-4.98,28750,-540,-1.84,27830,28300,1400-6-28,2021-09-19
548,كفرآور,فرآورده هاي سيمان شرق,246,818123,13923836889,17424,17200,16902,-522,-3,17019,-405,-2.32,16902,17500,1400-6-28,2021-09-19
549,سشمال,سيمان‌ شمال‌,245,1773094,17891052220,10470,10050,10200,-270,-2.58,10090,-380,-3.63,9950,10590,1400-6-28,2021-09-19
550,ركيشح,ح. كارت اعتباري ايران كيش,245,3225640,16778764700,5110,4900,5110,0,0,5200,90,1.76,4900,5340,1400-6-28,2021-09-19
551,اتكامح,ح . بيمه اتكايي امين,244,670758,1508736976,2333,2310,2260,-73,-3.13,2249,-84,-3.6,2112,2478,1400-6-28,2021-09-19
552,تسه9810,امتياز تسهيلات مسكن دي98,243,5008,3270916189,635232,666993,629000,-6232,-0.98,653138,17906,2.82,620390,666993,1400-6-28,2021-09-19
553,دفاراح,ح . داروسازي‌ فارابي‌,242,595838,8686576210,14850,14960,14450,-400,-2.69,14580,-270,-1.82,14310,14990,1400-6-28,2021-09-19
554,وسرمد,بيمه  سرمد,240,3519778,16414006150,4538,4500,4674,136,3,4663,125,2.75,4420,4674,1400-6-28,2021-09-19
555,كهربا,صندوق س.پشتوانه سكه طلا كهربا,240,10118880,102716736400,10324,10300,10200,-124,-1.2,10151,-173,-1.68,10150,10300,1400-6-28,2021-09-19
556,اخزا910,اسنادخزانه-م10بودجه99-020807,239,468443,299159855231,637503,636000,640000,2497,0.39,638626,1123,0.18,635150,640898,1400-6-28,2021-09-19
557,حپترو,حمل و نقل پتروشيمي( سهامي عام,239,256934,8339566820,34150,32450,32450,-1700,-4.98,33110,-1040,-3.05,32450,33800,1400-6-28,2021-09-19
558,سبجنو,سيمان‌ بجنورد,239,356607,14584196420,41920,42560,41180,-740,-1.77,40900,-1020,-2.43,40140,42560,1400-6-28,2021-09-19
559,سرود,سيمان‌شاهرود,238,808345,19069088670,24030,23650,23860,-170,-0.71,23590,-440,-1.83,23010,24500,1400-6-28,2021-09-19
560,شزنگ,تجهيزنيروي‌زنگان‌,237,99123,11769107119,122046,118385,118385,-3661,-3,118732,-3314,-2.72,118385,124410,1400-6-28,2021-09-19
561,هجرت,پخش هجرت,236,364817,11368328197,32296,31150,31200,-1096,-3.39,31363,-933,-2.89,30683,32630,1400-6-28,2021-09-19
562,شگل,گلتاش‌,234,679128,5150711140,7840,7620,7620,-220,-2.81,7750,-90,-1.15,7540,7800,1400-6-28,2021-09-19
563,ضخود1052,اختيارخ خودرو-2000-1400/10/08,230,5232,2450113000,463,545,450,-13,-2.81,468,5,1.08,430,545,1400-6-28,2021-09-19
564,فيروزه,صندوق شاخص30 شركت فيروزه- سهام,224,117923,20057303140,172510,171630,170900,-1610,-0.93,170090,-2420,-1.4,168500,175000,1400-6-28,2021-09-19
565,بساما,بيمه سامان,224,496960,11942968691,24189,23150,23801,-388,-1.6,24094,-95,-0.39,23150,24700,1400-6-28,2021-09-19
566,غمينو,شركت صنايع غذايي مينو شرق,223,3045662,34446437220,11905,11310,11310,-595,-5,11310,-595,-5,11310,11310,1400-6-28,2021-09-19
567,شسينا,صنايع‌شيميايي‌سينا,220,138224,14874284640,102490,107610,107610,5120,5,107210,4720,4.61,107610,107610,1400-6-28,2021-09-19
568,شفا,سرمايه گذاري شفادارو,217,452807,17919128210,40960,39100,39000,-1960,-4.79,39630,-1330,-3.25,38920,40950,1400-6-28,2021-09-19
569,دحاوي,الحاوي,216,750973,5775535222,7918,7840,7681,-237,-2.99,7782,-136,-1.72,7681,7840,1400-6-28,2021-09-19
570,وارس,سرمايه گذاري ارس صبا,216,871390,10819697917,12455,12184,12222,-233,-1.87,12417,-38,-0.31,12184,12700,1400-6-28,2021-09-19
571,زر,صندوق س.پشتوانه سكه طلاي زر,215,199653,9901704152,50568,50958,50000,-568,-1.12,49595,-973,-1.92,49100,50958,1400-6-28,2021-09-19
572,تصميم,صندوق س با درآمد ثابت تصميم,214,1694379,29485679132,17391,17402,17403,12,0.07,17402,11,0.06,17401,17403,1400-6-28,2021-09-19
573,واحصا,احياء صنايع خراسان,213,231691,10019741852,44050,42900,43420,-630,-1.43,43246,-804,-1.83,42900,44779,1400-6-28,2021-09-19
574,تسه9904,امتياز تسهيلات مسكن تير99,213,2723,1707324668,631665,602000,650000,18335,2.9,627001,-4664,-0.74,600082,650000,1400-6-28,2021-09-19
575,بفجر,فجر انرژي خليج فارس,212,1090526,30994765220,29740,29630,28350,-1390,-4.67,29190,-550,-1.85,28260,29910,1400-6-28,2021-09-19
576,گوهران,سرمايه گذاري توسعه گوهران اميد,210,847843,4541624194,5456,5545,5359,-97,-1.78,5425,-31,-0.57,5253,5545,1400-6-28,2021-09-19
577,ولتجارح,ح.واسپا تجارت وسرمايه ايرانيان,210,8840412,15648110326,1788,1841,1735,-53,-2.96,1770,-18,-1.01,1735,1841,1400-6-28,2021-09-19
578,خديزل,بهمن  ديزل,209,175869,9088657590,53515,52200,51557,-1958,-3.66,52708,-807,-1.51,50840,53250,1400-6-28,2021-09-19
579,وايرا,سرمايه گذاري صنايع ايران,208,1661575,12204028669,7472,7250,7248,-224,-3,7345,-127,-1.7,7248,7648,1400-6-28,2021-09-19
580,ومشان,س. فني و مهندسي مشانير,207,92968,6149170666,69612,66132,66132,-3480,-5,66387,-3225,-4.63,66132,66400,1400-6-28,2021-09-19
581,سهگمت,سيمان‌هگمتان‌,206,1198897,28817051720,25120,24810,24280,-840,-3.34,24040,-1080,-4.3,23870,25310,1400-6-28,2021-09-19
582,كارين,صندوق س نگين سامان-ثابت,206,6255220,63553166536,10157,10160,10162,5,0.05,10160,3,0.03,10159,10162,1400-6-28,2021-09-19
583,قزوين,كارخانجات‌ قند قزوين‌,203,433869,14029260660,33980,32300,32290,-1690,-4.97,32340,-1640,-4.83,32290,34690,1400-6-28,2021-09-19
584,شساخت,مهندسي و ساختمان صنايع نفت,203,509928,23188232499,44877,44881,45802,925,2.06,45179,302,0.67,44000,46220,1400-6-28,2021-09-19
585,عيار,صندوق سكه طلاي مفيد,203,242978,7123383485,29580,29600,29498,-82,-0.28,29317,-263,-0.89,29200,29600,1400-6-28,2021-09-19
586,قجام,فرآوردههاي غذايي وقندتربت‌جام‌,201,1536674,9782466684,6495,6366,6366,-129,-1.99,6366,-129,-1.99,6366,6366,1400-6-28,2021-09-19
587,ولتجار,واسپاري تجارت وسرمايه ايرانيان,198,1898700,6392949579,3410,3475,3420,10,0.29,3381,-29,-0.85,3308,3475,1400-6-28,2021-09-19
588,كساپا,سايپاشيشه‌,197,636369,20045639560,32540,31600,30920,-1620,-4.98,31500,-1040,-3.2,30920,32020,1400-6-28,2021-09-19
589,تسه9906,امتياز تسهيلات مسكن شهريور99,195,2749,1730213928,624775,604755,620000,-4775,-0.76,629398,4623,0.74,604755,645900,1400-6-28,2021-09-19
590,شاملا,معدني‌ املاح‌  ايران‌,194,797151,29525444370,38090,37950,37000,-1090,-2.86,37040,-1050,-2.76,36330,38780,1400-6-28,2021-09-19
591,اتكام,بيمه اتكايي امين,192,1356169,5067315711,3919,3778,3725,-194,-4.95,3853,-66,-1.68,3724,3850,1400-6-28,2021-09-19
592,تشتاد,صنايع توليدي اشتاد ايران‌,191,1386565,9363389986,6918,6953,6711,-207,-2.99,6756,-162,-2.34,6711,6954,1400-6-28,2021-09-19
593,فاهواز,نورد و لوله اهواز,188,1817151,10537658649,6040,5799,5799,-241,-3.99,5846,-194,-3.21,5799,5799,1400-6-28,2021-09-19
594,تسه9905,امتياز تسهيلات مسكن مرداد99,186,2065,1299497686,628815,601309,660000,31185,4.96,629297,482,0.08,601309,660000,1400-6-28,2021-09-19
595,بكاب,صنايع‌جوشكاب‌يزد,186,99418,23888157040,228840,240280,240280,11440,5,240280,11440,5,240280,240280,1400-6-28,2021-09-19
596,سپاس,صندوق س. پاداش سهامداري-ثابت,186,3386720,34112249521,10066,10099,10071,5,0.05,10072,6,0.06,10071,10099,1400-6-28,2021-09-19
597,زرين,صندوق س. سهام زرين كوروش-س,179,594112,7584181866,13029,12745,12970,-59,-0.45,12766,-263,-2.02,12514,13050,1400-6-28,2021-09-19
598,شكبير,پتروشيمي اميركبير,179,195533,18172884509,95371,95350,92600,-2771,-2.91,94916,-455,-0.48,92511,95900,1400-6-28,2021-09-19
599,فراز,صندوق س.سهام فراز داريك-س,178,1854234,26211406619,14136,14137,14136,0,0,14136,0,0,14135,14145,1400-6-28,2021-09-19
600,كمرجان,بازرگاني و توليدي مرجان كار,177,142638,12429475320,91726,87140,87140,-4586,-5,87537,-4189,-4.57,87140,87140,1400-6-28,2021-09-19
601,دسينا,داروسازي‌ سينا,175,626662,12445377910,20250,21100,19620,-630,-3.11,19900,-350,-1.73,19530,21100,1400-6-28,2021-09-19
602,حرهشا,رهشاد سپاهان (سهامي عام,175,303163,32855339864,105225,108381,108381,3156,3,108375,3150,2.99,107080,108381,1400-6-28,2021-09-19
603,ثنور,سرمايه گذاري كوه نور,174,3335225,25004181825,7279,7497,7497,218,2.99,7497,218,2.99,7497,7497,1400-6-28,2021-09-19
604,تسه9808,امتياز تسهيلات مسكن آبان98,172,2715,1757444835,634028,665729,633000,-1028,-0.16,647309,13281,2.09,620300,665729,1400-6-28,2021-09-19
605,وحكمت,بيمه حكمت صبا,171,2799796,12475879784,4592,4455,4455,-137,-2.98,4456,-136,-2.96,4455,4522,1400-6-28,2021-09-19
606,بخاور,بيمه زندگي خاورميانه,170,1155297,6365799939,5622,5371,5457,-165,-2.93,5572,-50,-0.89,5357,5700,1400-6-28,2021-09-19
607,نهال,صندوق س. طلاي سرخ نوويرا,169,724240,7149402968,9738,9551,9940,202,2.07,9872,134,1.38,9551,9987,1400-6-28,2021-09-19
608,سكرما,سيمان‌ كرمان‌,167,857100,14464055100,17520,17630,16700,-820,-4.68,16880,-640,-3.65,16650,17900,1400-6-28,2021-09-19
609,معيار ,سرمايه گذاري معيار صنعت پارس,167,219176,10918574761,51342,49802,49802,-1540,-3,49816,-1526,-2.97,49802,50500,1400-6-28,2021-09-19
610,خاتم,صندوق س خاتم ايساتيس پويا-ثابت,164,2458072,29539327370,12012,12017,12019,7,0.06,12017,5,0.04,12017,12019,1400-6-28,2021-09-19
611,ميدكوح,ح.توسعه م وص.معدني خاورميانه,162,302617,13394875870,44500,43000,44640,140,0.31,44260,-240,-0.54,43000,44640,1400-6-28,2021-09-19
612,ضسپا8044,اختيارخ خساپا-2500-1400/08/26,162,7197,586106000,95,115,79,-16,-16.84,81,-14,-14.74,64,115,1400-6-28,2021-09-19
613,تسه9812,امتياز تسهيلات مسكن اسفند98,158,1888,1202749765,631357,662924,620000,-11357,-1.8,637050,5693,0.9,599790,662924,1400-6-28,2021-09-19
614,فردا,صندوق س آواي فرداي زاگرس-ثابت,158,4431939,50746011755,11445,11450,11451,6,0.05,11450,5,0.04,11450,11452,1400-6-28,2021-09-19
615,قپيرا,فرآورده‌هاي‌غدايي‌وقندپيرانشهر,157,1077051,8800128140,8360,8000,8250,-110,-1.32,8250,-110,-1.32,8000,8360,1400-6-28,2021-09-19
616,تسه9901,امتياز تسهيلات مسكن فروردين99,155,1557,977188294,629253,633340,625000,-4253,-0.68,627610,-1643,-0.26,597791,635002,1400-6-28,2021-09-19
617,تسه9903,امتياز تسهيلات مسكن خرداد99,155,1343,844321920,635528,603952,630000,-5528,-0.87,628683,-6845,-1.08,603952,636000,1400-6-28,2021-09-19
618,تماوندح,ح . تامين سرمايه دماوند,153,29999999,212521760916,7084,7509,7084,0,0,7084,0,0,7084,7509,1400-6-28,2021-09-19
619,آساس,صندوق س.آسمان آرماني سهام-س,153,67388,11967688077,181146,180200,178000,-3146,-1.74,177594,-3552,-1.96,175605,181490,1400-6-28,2021-09-19
620,آپ,آسان پرداخت پرشين,153,796508,10012105560,13230,12570,12570,-660,-4.99,12990,-240,-1.81,12570,12570,1400-6-28,2021-09-19
621,بنو,بيمه تجارت نو,150,572067,7786976004,14328,13612,13612,-716,-5,14157,-171,-1.19,13612,13612,1400-6-28,2021-09-19
622,دابورح,ح . داروسازي‌ ابوريحان‌,150,281422,6938964770,25190,25190,24430,-760,-3.02,24660,-530,-2.1,24240,25700,1400-6-28,2021-09-19
623,دپارس,پارس‌ دارو,147,165442,5997276400,37780,37990,36380,-1400,-3.71,37140,-640,-1.69,35900,37990,1400-6-28,2021-09-19
624,شجم,صنايع پتروشيمي تخت جمشيد,143,1016693,11987827163,12411,11791,11791,-620,-5,12169,-242,-1.95,11791,11791,1400-6-28,2021-09-19
625,سمايه,بانك سرمايه,142,1139263,5194815299,4700,4559,4559,-141,-3,4623,-77,-1.64,4559,4650,1400-6-28,2021-09-19
626,اوصتا,صندوق انديشه ورزان صباتامين -د,142,8011408,159427054349,19890,19902,19902,12,0.06,19900,10,0.05,19899,19902,1400-6-28,2021-09-19
627,اپرداز,آتيه داده پرداز,140,765917,15050350457,20491,20450,19467,-1024,-5,19650,-841,-4.1,19467,20450,1400-6-28,2021-09-19
628,اخزا914,اسنادخزانه-م14بودجه99-021025,138,372655,227972161104,611571,613000,614992,3421,0.56,611751,180,0.03,600001,615000,1400-6-28,2021-09-19
629,قمرو,قند مرودشت‌,133,651429,18585228590,29980,28500,28490,-1490,-4.97,28530,-1450,-4.84,28490,29890,1400-6-28,2021-09-19
630,تسه9809,امتياز تسهيلات مسكن آذر98,133,1560,1016646422,636753,668590,640000,3247,0.51,651696,14943,2.35,618666,668590,1400-6-28,2021-09-19
631,آبادا,توليد نيروي برق آبادان,131,241533,3854866680,16790,15960,15960,-830,-4.94,16590,-200,-1.19,15960,15960,1400-6-28,2021-09-19
632,ثزاگرس,سرمايه گذاري توسعه عمران زاگرس,131,103648,4080224730,41105,39050,39050,-2055,-5,40347,-758,-1.84,39050,40919,1400-6-28,2021-09-19
633,فولاي,صنايع فولاد آلياژي يزد,131,340258,8197155478,25358,24091,24091,-1267,-5,24598,-760,-3,24091,24091,1400-6-28,2021-09-19
634,گوهر,صندوق سكه طلاي كيان,125,361591,20804591674,58376,57500,57550,-826,-1.41,57536,-840,-1.44,57200,58289,1400-6-28,2021-09-19
635,تسه9811,امتياز تسهيلات مسكن بهمن98,125,1065,694000178,633415,665085,635000,1585,0.25,651643,18228,2.88,613333,665085,1400-6-28,2021-09-19
636,حخزر,كشتيراني درياي خزر,124,470326,10430447506,23290,22126,22126,-1164,-5,22467,-823,-3.53,22126,23820,1400-6-28,2021-09-19
637,دقاضي,داروسازي شهيد قاضي,123,225737,7925013249,36059,36290,34978,-1081,-3,35427,-632,-1.75,34978,36300,1400-6-28,2021-09-19
638,دفرا,فرآورده‌هاي‌ تزريقي‌ ايران‌,122,135933,4078544070,30920,32350,30460,-460,-1.49,30660,-260,-0.84,29400,32350,1400-6-28,2021-09-19
639,تسه9807,امتياز تسهيلات مسكن مهر98,121,1279,828260250,636294,668108,634000,-2294,-0.36,647584,11290,1.77,604480,668108,1400-6-28,2021-09-19
640,بمپنا,توليد برق عسلويه  مپنا,119,1373769,9763376283,6769,7107,7107,338,4.99,6919,150,2.22,7107,7107,1400-6-28,2021-09-19
641,مارون,پتروشيمي مارون,117,40431,7329302114,186306,180760,181090,-5216,-2.8,185927,-379,-0.2,179450,183980,1400-6-28,2021-09-19
642,اخزا002,اسنادخزانه-م2بودجه00-031024,116,61398,30689439597,500907,514000,499000,-1907,-0.38,499844,-1063,-0.21,498000,514000,1400-6-28,2021-09-19
643,سفاسي,شركت فارسيت اهواز,114,601132,3430059192,5882,5706,5706,-176,-2.99,5818,-64,-1.09,5706,5706,1400-6-28,2021-09-19
644,وآتوس,س.آرين توسكا قيمت اسمي 350ريال,114,167551,4718327796,28990,28400,28740,-250,-0.86,28527,-463,-1.6,28121,29000,1400-6-28,2021-09-19
645,فسا,پتروشيمي فسا,113,2106672,2924098650,1430,1388,1388,-42,-2.94,1417,-13,-0.91,1388,1389,1400-6-28,2021-09-19
646,شصفها,پتروشيمي‌ اصفهان‌,111,69370,9838498770,144673,141780,141780,-2893,-2,143027,-1646,-1.14,141780,145000,1400-6-28,2021-09-19
647,حسير,ريل سير كوثر,110,767686,30076402108,41239,39178,39178,-2061,-5,39178,-2061,-5,39178,39178,1400-6-28,2021-09-19
648,ضخود1053,اختيارخ خودرو-2500-1400/10/08,109,3700,842723000,224,233,220,-4,-1.79,228,4,1.79,220,250,1400-6-28,2021-09-19
649,آكورد2,صندوق س. آرمان آتي كوثر-د,108,10800000,10800000,34198,1,1,-34197,-100,1,-34197,-100,1,1,1400-6-28,2021-09-19
650,ضشنا8004,اختيارخ شپنا-10800-1400/08/16,103,1539,3396825000,2513,2500,2499,-14,-0.56,2207,-306,-12.18,2110,2880,1400-6-28,2021-09-19
651,آتيمس,صندوق س.آرمان آتيه درخشان مس-س,102,22253,4398379115,201827,201400,198521,-3306,-1.64,197653,-4174,-2.07,194550,201400,1400-6-28,2021-09-19
652,وزمين,بانك ايران زمين,101,2388955,27535359508,12006,11526,11526,-480,-4,11526,-480,-4,11526,11550,1400-6-28,2021-09-19
653,ثعتما,س. ساختماني اعتماد گستر,99,354427,10921313578,29917,30814,30814,897,3,30814,897,3,30814,30814,1400-6-28,2021-09-19
654,دشيري,شيرين دارو,98,21658,3989862002,183896,189350,183799,-97,-0.05,184024,128,0.07,181510,189350,1400-6-28,2021-09-19
655,ضخود7077,اختيارخ خودرو-3000-1400/07/07,98,9800,9800000,1,1,1,0,0,1,0,0,1,1,1400-6-28,2021-09-19
656,وليز,ليزينگ‌ايران‌,97,2437393,4801664210,1877,1970,1970,93,4.95,1905,28,1.49,1970,1970,1400-6-28,2021-09-19
657,ضملت8042,اختيارخ وبملت-3934-1400/08/19,96,2181,928054000,450,540,440,-10,-2.22,426,-24,-5.33,401,540,1400-6-28,2021-09-19
658,ثاصفا,شركت‌ ساختمان‌ اصفهان‌,96,309831,5683849695,18912,18345,18345,-567,-3,18563,-349,-1.85,18345,18345,1400-6-28,2021-09-19
659,اخزا911,اسنادخزانه-م11بودجه99-020906,95,352488,221851980411,628874,631250,628850,-24,0,629389,515,0.08,625559,632000,1400-6-28,2021-09-19
660,لكما,كارخانجات‌مخابراتي‌ايران‌,93,1029029,1961329274,2006,1906,1906,-100,-4.99,1985,-21,-1.05,1906,1906,1400-6-28,2021-09-19
661,اخزا903,اسنادخزانه-م3بودجه99-011110,92,151280,115291558645,761264,759001,762500,1236,0.16,762107,843,0.11,758300,765000,1400-6-28,2021-09-19
662,ضخود1050,اختيارخ خودرو-1600-1400/10/08,92,4531,3001355000,656,710,660,4,0.61,662,6,0.91,650,710,1400-6-28,2021-09-19
663,امين يكم2,صندوق درآمد ثابت امين يكم فردا,90,90000000,90000000,10134,1,1,-10133,-99.99,1,-10133,-99.99,1,1,1400-6-28,2021-09-19
664,وپخشح,ح . داروپخش‌ (هلدينگ‌,85,119544,3535786240,29360,27220,28800,-560,-1.91,29580,220,0.75,27220,31260,1400-6-28,2021-09-19
665,ضخود1051,اختيارخ خودرو-1800-1400/10/08,85,4457,2372007000,570,530,510,-60,-10.53,532,-38,-6.67,510,580,1400-6-28,2021-09-19
666,خبازرس,بازرسي مهندسي و صنعتي ايران,84,208178,5879779432,29117,28244,28244,-873,-3,28594,-523,-1.8,28244,28244,1400-6-28,2021-09-19
667,وامين,س. امين توان آفرين ساز,84,347027,4376145238,12879,12493,12621,-258,-2,12856,-23,-0.18,12493,12700,1400-6-28,2021-09-19
668,آبين,كشت و صنعت آبشيرين,83,2328096,6877195584,3045,2954,2954,-91,-2.99,2979,-66,-2.17,2954,2954,1400-6-28,2021-09-19
669,سحرخيز,صندوق س. گروه زعفران سحرخيز,82,186472,1815591934,9719,9601,9769,50,0.51,9737,18,0.19,9601,9800,1400-6-28,2021-09-19
670,ارمغان,ص سرمايه گذاري ارمغان ايرانيان,81,842755,8481858400,10061,10063,10075,14,0.14,10064,3,0.03,10062,10076,1400-6-28,2021-09-19
671,الماس,صندوق س.امين تدبيرگران فردا-س,80,24740,3168583381,129555,132000,129999,444,0.34,128075,-1480,-1.14,127500,132000,1400-6-28,2021-09-19
672,افق ملت,صندوق س در سهام افق ملت,79,20330,3007575470,151210,150010,148050,-3160,-2.09,147940,-3270,-2.16,147000,150500,1400-6-28,2021-09-19
673,اخزا908,اسنادخزانه-م8بودجه99-020606,78,364734,243428671467,663604,665001,670000,6396,0.96,667414,3810,0.57,665000,670000,1400-6-28,2021-09-19
674,اخزا902,اسنادخزانه-م2بودجه99-011019,78,241836,186288234637,770192,768101,770651,459,0.06,770308,116,0.02,768101,774000,1400-6-28,2021-09-19
675,ضخود1049,اختيارخ خودرو-1400-1400/10/08,77,4757,3634897000,770,752,769,-1,-0.13,764,-6,-0.78,750,771,1400-6-28,2021-09-19
676,كهربا2,صندوق س.پشتوانه سكه طلا كهربا,74,10000000,10000000,10324,1,1,-10323,-99.99,1,-10323,-99.99,1,1,1400-6-28,2021-09-19
677,اخزا901,اسنادخزانه-م1بودجه99-010621,74,71834,59050375998,821630,819001,821911,281,0.03,822039,409,0.05,819001,824000,1400-6-28,2021-09-19
678,خفنر,فنرسازي‌خاور,72,524385,4908243600,9850,9360,9360,-490,-4.97,9680,-170,-1.73,9360,9360,1400-6-28,2021-09-19
679,غپونه,نوش پونه مشهد,71,120243,1840300340,15769,15300,15296,-473,-3,15679,-90,-0.57,15296,15490,1400-6-28,2021-09-19
680,ضملت8043,اختيارخ وبملت-4434-1400/08/19,69,3061,643328000,228,230,220,-8,-3.51,210,-18,-7.89,203,235,1400-6-28,2021-09-19
681,فيروزا,صندوق بادرآمد ثابت فيروزه آسيا,69,271634,6793528698,24969,24975,25000,31,0.12,25010,41,0.16,24969,25070,1400-6-28,2021-09-19
682,پدرخش,درخشان‌ تهران‌,68,219382,7322971160,35130,33380,33380,-1750,-4.98,34230,-900,-2.56,33380,33380,1400-6-28,2021-09-19
683,اخزا006,اسنادخزانه-م6بودجه00-030723,67,158884,82830023461,524669,518712,524800,131,0.02,521324,-3345,-0.64,518226,524950,1400-6-28,2021-09-19
684,افرا,افرانت,67,90092,2489692420,29089,27635,27635,-1454,-5,28832,-257,-0.88,27635,27635,1400-6-28,2021-09-19
685,ساروج,بين المللي ساروج بوشهر,66,283448,5124096188,18285,17960,18285,0,0,18177,-108,-0.59,17920,18647,1400-6-28,2021-09-19
686,صنوين,صندوق سرمايه‌گذاري صنوين-مختلط,66,25975,2587225380,102050,101720,99000,-3050,-2.99,99600,-2450,-2.4,98750,101720,1400-6-28,2021-09-19
687,كگازح,ح . شيشه‌ و گاز,65,1809705,32719226400,19030,20500,18500,-530,-2.79,18080,-950,-4.99,18000,20500,1400-6-28,2021-09-19
688,دارا,صندوق س. دارا الگوريتم-د,64,551099,5536224379,10045,10038,10056,11,0.11,10046,1,0.01,10037,10057,1400-6-28,2021-09-19
689,اخزا917,اسنادخزانه-م17بودجه99-010226,63,213312,186421108709,867907,870001,876000,8093,0.93,873936,6029,0.69,870001,876000,1400-6-28,2021-09-19
690,دسانكو,داروسازي سبحان انكولوژي,61,720997,12139426489,17723,16837,16837,-886,-5,16931,-792,-4.47,16837,16837,1400-6-28,2021-09-19
691,سدشت,صنايع سيمان دشتستان,60,97896,4791030240,51510,48940,48940,-2570,-4.99,50980,-530,-1.03,48940,48940,1400-6-28,2021-09-19
692,سيناد,صندوق س.سپهرسودمند سينا-د,59,161716,1617766666,10000,10000,10003,3,0.03,10004,4,0.04,10000,10006,1400-6-28,2021-09-19
693,ضسپا8043,اختيارخ خساپا-2000-1400/08/26,59,1773,335753000,207,220,190,-17,-8.21,189,-18,-8.7,160,230,1400-6-28,2021-09-19
694,سكه0012پ04,تمام سكه طرح جديد0012صادرات,58,11700,13498812200,1164221,1152501,1160000,-4221,-0.36,1153745,-10476,-0.9,1150000,1160000,1400-6-28,2021-09-19
695,كيان2,صندوق س. با درآمد ثابت كيان,58,5800000,5800000,30576,1,1,-30575,-100,1,-30575,-100,1,1,1400-6-28,2021-09-19
696,ضپال2007,اختيارخ اپال-32000-1401/02/12,57,1795,1999539000,1202,1190,1077,-125,-10.4,1114,-88,-7.32,1060,1190,1400-6-28,2021-09-19
697,فنفت,صنايع تجهيزات نفت,54,752786,10816782034,13951,14369,14369,418,3,14369,418,3,14369,14369,1400-6-28,2021-09-19
698,ضشنا8005,اختيارخ شپنا-12800-1400/08/16,53,642,930149000,1470,1600,1500,30,2.04,1449,-21,-1.43,1200,1977,1400-6-28,2021-09-19
699,سكه0111پ05,تمام سكه طرح جديد0111آينده,49,51200,59324554100,1163665,1152547,1159747,-3918,-0.34,1158683,-4982,-0.43,1150001,1159747,1400-6-28,2021-09-19
700,اخزا909,اسنادخزانه-م9بودجه99-020316,49,246774,173482523244,702094,700000,703312,1218,0.17,703002,908,0.13,695210,704000,1400-6-28,2021-09-19
701,ضصاد8033,اختيارخ وبصادر-2489-1400/08/12,48,1853,301334000,194,161,195,1,0.52,163,-31,-15.98,152,195,1400-6-28,2021-09-19
702,داريك,صندوق س.اعتماد داريك-د,48,262640,3019139530,11488,11496,11494,6,0.05,11495,7,0.06,11494,11496,1400-6-28,2021-09-19
703,صايند,صندوق س. گنجينه آينده روشن-د,45,357450,3610688150,10075,10056,10105,30,0.3,10101,26,0.26,10056,10111,1400-6-28,2021-09-19
704,گنجين,صندوق س. گنجينه يكم آويد-د,44,387072,5310123372,13707,13712,13721,14,0.1,13719,12,0.09,13711,13722,1400-6-28,2021-09-19
705,وتوس,توسعه‌شهري‌توس‌گستر,44,60669,999218430,17330,16470,16470,-860,-4.96,17270,-60,-0.35,16470,16470,1400-6-28,2021-09-19
706,ضپاس7030,اختيارخ وپارس-3000-1400/07/28,42,983,253993000,244,241,250,6,2.46,258,14,5.74,180,295,1400-6-28,2021-09-19
707,ضپاس7029,اختيارخ وپارس-2500-1400/07/28,41,1378,579286000,454,598,450,-4,-0.88,420,-34,-7.49,381,600,1400-6-28,2021-09-19
708,وسنا,سرمايه گذاري نيروگاهي ايران,38,154961,2398486358,16292,15478,15478,-814,-5,16201,-91,-0.56,15478,15478,1400-6-28,2021-09-19
709,فردا2,صندوق س آواي فرداي زاگرس-ثابت,38,3800000,3800000,11445,1,1,-11444,-99.99,1,-11444,-99.99,1,1,1400-6-28,2021-09-19
710,ضجار7040,اختيارخ وتجارت-2497-1400/07/21,38,1222,83567000,118,140,80,-38,-32.2,68,-50,-42.37,32,140,1400-6-28,2021-09-19
711,سكه0112پ03,تمام سكه طرح جديد0112سامان,38,9100,10509572500,1163572,1159000,1159498,-4074,-0.35,1154898,-8674,-0.75,1150300,1160000,1400-6-28,2021-09-19
712,دمعيار,صندوق س. توازن معيار-د,38,802273,8135447962,10135,10140,10145,10,0.1,10140,5,0.05,10140,10145,1400-6-28,2021-09-19
713,ضسپا8042,اختيارخ خساپا-1800-1400/08/26,37,988,253735000,319,389,289,-30,-9.4,257,-62,-19.44,250,389,1400-6-28,2021-09-19
714,ضخود1054,اختيارخ خودرو-3000-1400/10/08,37,2132,239960000,153,135,115,-38,-24.84,113,-40,-26.14,110,135,1400-6-28,2021-09-19
715,قنقش,قند نقش جهان,35,74731,5974444526,78379,79946,79946,1567,2,79946,1567,2,79946,79946,1400-6-28,2021-09-19
716,صايپا012,صكوك مرابحه سايپا012-3ماهه 16%,35,350000,350000700000,1000002,1000002,1000002,0,0,1000002,0,0,1000002,1000002,1400-6-28,2021-09-19
717,نيرو,نيرو سرمايه,33,30476,1310010860,44314,42985,42985,-1329,-3,44132,-182,-0.41,42985,42985,1400-6-28,2021-09-19
718,كصدف,كاشي صدف سرام استقلال آباده,32,69078,1629521387,24297,24500,23569,-728,-3,24176,-121,-0.5,23569,24500,1400-6-28,2021-09-19
719,سكارون,سيمان كارون,32,7446,633438666,87702,85071,85071,-2631,-3,87529,-173,-0.2,85071,85071,1400-6-28,2021-09-19
720,سجام,مجتمع سيمان غرب آسيا,32,215622,917687232,4387,4256,4256,-131,-2.99,4375,-12,-0.27,4256,4256,1400-6-28,2021-09-19
721,ضملي7004,اختيارخ فملي-13720-1400/07/11,32,624,168057000,240,390,259,19,7.92,269,29,12.08,129,390,1400-6-28,2021-09-19
722,كامياب,صندوق س. كامياب آشنا-د,31,63439,661352995,10417,10428,10425,8,0.08,10425,8,0.08,10424,10430,1400-6-28,2021-09-19
723,گوهر2,صندوق سكه طلاي كيان,30,300000,300000,58376,1,1,-58375,-100,1,-58375,-100,1,1,1400-6-28,2021-09-19
724,برن0104پ01,برنج طارم0104تجارت مازندران(پ),29,2203,866749463,394941,393500,393500,-1441,-0.36,393441,-1500,-0.38,392500,394500,1400-6-28,2021-09-19
725,ضملت8044,اختيارخ وبملت-4934-1400/08/19,27,1149,106539000,112,100,109,-3,-2.68,93,-19,-16.96,80,109,1400-6-28,2021-09-19
726,آرمان,بيمه آرمان,27,257823,1667315699,6662,6594,6463,-199,-2.99,6628,-34,-0.51,6463,6660,1400-6-28,2021-09-19
727,ثروتم,صندوق س. ثروت آفرين پارسيان-س,27,60670,5328267410,89688,88684,87870,-1818,-2.03,87824,-1864,-2.08,86819,89100,1400-6-28,2021-09-19
728,اخزا008,اسنادخزانه-م8بودجه00-030919,25,55880,28221025062,505036,505120,508000,2964,0.59,505029,-7,0,505000,509500,1400-6-28,2021-09-19
729,ثهام,صندوق س ثروت هامرز-سهام,23,27600,313197100,11647,11259,11280,-367,-3.15,11348,-299,-2.57,11259,11640,1400-6-28,2021-09-19
730,سكه0011پ02,تمام سكه طرح جديد0011ملت,22,2700,3120631000,1164727,1155000,1160000,-4727,-0.41,1155789,-8938,-0.77,1151119,1160900,1400-6-28,2021-09-19
731,دسانكوح,ح . داروسازي سبحان انكولوژي,21,42590,513890940,12701,12066,12066,-635,-5,12066,-635,-5,12066,12066,1400-6-28,2021-09-19
732,اخزا004,اسنادخزانه-م4بودجه00-030522,21,39605,21457300998,546222,540008,541001,-5221,-0.96,541783,-4439,-0.81,540008,544000,1400-6-28,2021-09-19
733,وملت,سرمايه گذاري ملت,20,131357,431113674,3348,3282,3282,-66,-1.97,3342,-6,-0.18,3282,3282,1400-6-28,2021-09-19
734,اخزا721,اسنادخزانه-م21بودجه97-000728,20,20376,20018377630,981099,984200,981000,-99,-0.01,982449,1350,0.14,980002,984200,1400-6-28,2021-09-19
735,پادا,صندوق س.پاداش سرمايه پارس-س,19,10537,1191961729,114933,115000,113100,-1833,-1.59,113122,-1811,-1.58,111400,115200,1400-6-28,2021-09-19
736,ثجوان,تامين مسكن جوانان,18,75054,580242474,7970,7731,7731,-239,-3,7956,-14,-0.18,7731,7731,1400-6-28,2021-09-19
737,ضملي7003,اختيارخ فملي-11720-1400/07/11,18,175,155411000,957,1000,900,-57,-5.96,888,-69,-7.21,819,1100,1400-6-28,2021-09-19
738,زعف0008پ05,زعفران0008نگين زرين(پ),18,6320,913633640,144678,144301,145000,322,0.22,144562,-116,-0.08,144000,145000,1400-6-28,2021-09-19
739,عيار2,صندوق سكه طلاي مفيد,17,170000,170000,29580,1,1,-29579,-100,1,-29579,-100,1,1,1400-6-28,2021-09-19
740,اخزا815,اسنادخزانه-م15بودجه98-010406,17,16190,13887146487,855333,856121,859996,4663,0.55,857761,2428,0.28,856121,859996,1400-6-28,2021-09-19
741,اخزا907,اسنادخزانه-م7بودجه99-020704,17,76371,50019786100,652511,648162,655300,2789,0.43,654958,2447,0.38,648162,655300,1400-6-28,2021-09-19
742,اخزا811,اسنادخزانه-م11بودجه98-001013,16,18578,17554672329,943388,945899,945750,2362,0.25,944917,1529,0.16,943000,945899,1400-6-28,2021-09-19
743,ضخود7073,اختيارخ خودرو-1600-1400/07/07,16,216,81520000,374,390,497,123,32.89,377,3,0.8,330,497,1400-6-28,2021-09-19
744,آسام,صندوق س.آرمان سپهر آشنا-م,16,4980,617452650,125712,123001,124001,-1711,-1.36,123986,-1726,-1.37,123001,124020,1400-6-28,2021-09-19
745,ضذوب905,اختيارخ ذوب-5000-14000917,15,362,152104000,406,450,400,-6,-1.48,420,14,3.45,370,550,1400-6-28,2021-09-19
746,اخزا809,اسنادخزانه-م9بودجه98-000923,15,5352,5099749381,953541,947212,953450,-91,-0.01,952868,-673,-0.07,947212,953999,1400-6-28,2021-09-19
747,دزهراويح,ح . ‌داروسازي‌زهراوي‌,15,224069,1209972600,4790,5400,5400,610,12.73,5400,610,12.73,5400,5400,1400-6-28,2021-09-19
748,سخواف,سيمان مجد خواف,15,54257,565357940,10742,10420,10420,-322,-3,10723,-19,-0.18,10420,10420,1400-6-28,2021-09-19
749,اخزا814,اسنادخزانه-م14بودجه98-010318,15,49721,43250167500,868771,868500,870000,1229,0.14,869857,1086,0.13,868500,870500,1400-6-28,2021-09-19
750,فنرژي,گسترش صنايع انرژي آذرآب,15,31236,465228984,15197,14894,14894,-303,-1.99,15168,-29,-0.19,14894,14894,1400-6-28,2021-09-19
751,بذر,صندوق س بذر اميد آفرين-سهام,14,3351,340182500,105560,105770,101000,-4560,-4.32,101520,-4040,-3.83,100800,105770,1400-6-28,2021-09-19
752,ضشنا8006,اختيارخ شپنا-14800-1400/08/16,14,195,144234000,840,990,799,-41,-4.88,740,-100,-11.9,600,1000,1400-6-28,2021-09-19
753,نتوس,پشم‌ بافي‌ توس,13,22907,292705646,13173,12778,12778,-395,-3,13161,-12,-0.09,12778,12778,1400-6-28,2021-09-19
754,اخزا807,اسنادخزانه-م7بودجه98-000719,13,24277,23971017019,985221,986510,988086,2865,0.29,987396,2175,0.22,986500,988800,1400-6-28,2021-09-19
755,اخزا001,اسنادخزانه-م1بودجه00-030821,12,121190,62390330800,513417,513000,513050,-367,-0.07,514814,1397,0.27,513000,520680,1400-6-28,2021-09-19
756,زعف0008پ16,زعفران0008نگين بيرجند(پ),12,33440,4806620380,143792,145000,144000,208,0.14,143739,-53,-0.04,143000,145000,1400-6-28,2021-09-19
757,ضملي7005,اختيارخ فملي-15720-1400/07/11,12,241,3001000,239,50,20,-219,-91.63,12,-227,-94.98,5,50,1400-6-28,2021-09-19
758,اخزا813,اسنادخزانه-م13بودجه98-010219,12,3388,2982643888,878559,882000,880022,1463,0.17,880355,1796,0.2,880012,882000,1400-6-28,2021-09-19
759,طخود7075,اختيارف خودرو-2000-1400/07/07,12,306,30533000,92,76,129,37,40.22,100,8,8.7,76,129,1400-6-28,2021-09-19
760,ضپال2006,اختيارخ اپال-28000-1401/02/12,11,285,601540000,2400,2120,2060,-340,-14.17,2111,-289,-12.04,2060,2120,1400-6-28,2021-09-19
761,ضملي1160,اختيارخ فملي-6000-1400/11/03,11,89,239053000,2965,2750,2780,-185,-6.24,2686,-279,-9.41,2500,2999,1400-6-28,2021-09-19
762,اخزا905,اسنادخزانه-م5بودجه99-020218,11,26074,18802979493,721782,717106,721700,-82,-0.01,721139,-643,-0.09,717106,721700,1400-6-28,2021-09-19
763,اخزا821,اسنادخزانه-م21بودجه98-020906,11,12488,7879091310,633890,627050,631200,-2690,-0.42,630933,-2957,-0.47,627050,631200,1400-6-28,2021-09-19
764,اراد61,مرابحه عام دولت61-ش.خ0309,11,79000,79000000000,1000001,1000000,1000000,-1,0,1000000,-1,0,1000000,1000000,1400-6-28,2021-09-19
765,اراد50,مرابحه عام دولت5-ش.خ0302,11,247000,247000100000,1000000,1000000,1000001,1,0,1000000,0,0,1000000,1000001,1400-6-28,2021-09-19
766,ضمخا7075,اختيارخ اخابر-8700-1400/07/28,10,88,83457000,1227,821,1097,-130,-10.59,948,-279,-22.74,821,1097,1400-6-28,2021-09-19
767,وتعاون,بيمه  تعاون,10,88646,194843908,2265,2198,2198,-67,-2.96,2264,-1,-0.04,2198,2198,1400-6-28,2021-09-19
768,ددامح,ح . داروسازي زاگرس فارمد پارس,10,11977,186841200,15600,15600,15600,0,0,15600,0,0,15600,15600,1400-6-28,2021-09-19
769,ضسپا8040,اختيارخ خساپا-1400-1400/08/26,10,136,76099000,543,580,600,57,10.5,560,17,3.13,470,650,1400-6-28,2021-09-19
770,سلار,شركت سيمان لارستان,10,16317,487568277,30805,29881,29881,-924,-3,30758,-47,-0.15,29881,29881,1400-6-28,2021-09-19
771,سخند,صندوق س.سپهرخبرگان نفت-د,10,13730,136526710,9938,9941,9939,1,0.01,9944,6,0.06,9939,9950,1400-6-28,2021-09-19
772,گكيش,توريستي ورفاهي آبادگران كيش,10,13600,560442400,42483,41209,41209,-1274,-3,42409,-74,-0.17,41209,41209,1400-6-28,2021-09-19
773,اخزا817,اسنادخزانه-م17بودجه98-010512,9,8567,7213614248,840510,842003,842024,1514,0.18,842023,1513,0.18,842003,842030,1400-6-28,2021-09-19
774,وتعاونح,ح . بيمه  تعاون,9,128098,121436904,977,948,948,-29,-2.97,948,-29,-2.97,948,948,1400-6-28,2021-09-19
775,اخزا812,اسنادخزانه-م12بودجه98-001111,9,60027,55702409383,927631,928000,929599,1968,0.21,927956,325,0.04,927800,929599,1400-6-28,2021-09-19
776,ضملي7002,اختيارخ فملي-9720-1400/07/11,9,41,108200000,2455,2002,2300,-155,-6.31,2639,184,7.49,2002,2990,1400-6-28,2021-09-19
777,صايپا112,صكوك مرابحه سايپا112-3ماهه 16%,8,75000,72750000000,951908,970000,970000,18092,1.9,970000,18092,1.9,970000,970000,1400-6-28,2021-09-19
778,وسصفا,شركت س استان اصفهان,8,153180,108757800,747,710,710,-37,-4.95,747,0,0,710,710,1400-6-28,2021-09-19
779,اگ001254,گام بانك پارسيان0012,8,111,100046000,900002,902000,902000,1998,0.22,901315,1313,0.15,900000,902000,1400-6-28,2021-09-19
780,ضفلا7005,اختيارخ فولاد-11013-1400/07/25,8,10,11701092,1080,969,790,-290,-26.85,835,-245,-22.69,789,969,1400-6-28,2021-09-19
781,ساذري,آذريت‌,8,33868,276464484,7926,8163,8163,237,2.99,7933,7,0.09,8163,8163,1400-6-28,2021-09-19
782,اخزا808,اسنادخزانه-م8بودجه98-000817,8,5621,5461836243,970718,971101,971750,1032,0.11,971684,966,0.1,971101,971752,1400-6-28,2021-09-19
783,زعف0008پ20,زعفران0008نگين وحدت جام(پ),7,12268,1766955140,143958,144000,144000,42,0.03,144030,72,0.05,144000,144800,1400-6-28,2021-09-19
784,زعف0008پ12,زعفران0008پوشالمعمول سحرخيز(پ),7,3150,376199700,117623,120000,119900,2277,1.94,119428,1805,1.53,117000,120000,1400-6-28,2021-09-19
785,زعف0008پ11,زعفران0008نگين سحرخيز(پ),7,4400,636976463,145008,143500,143000,-2008,-1.38,144767,-241,-0.17,142005,147000,1400-6-28,2021-09-19
786,وحافظ,بيمه حافظ,7,45086,477550912,10919,10592,10592,-327,-2.99,10903,-16,-0.15,10592,10592,1400-6-28,2021-09-19
787,ضجار7041,اختيارخ وتجارت-2997-1400/07/21,6,196,3230000,15,24,10,-5,-33.33,16,1,6.67,10,25,1400-6-28,2021-09-19
788,ضملي1159,اختيارخ فملي-5000-1400/11/03,6,222,896580000,4500,4480,4000,-500,-11.11,4039,-461,-10.24,3990,4480,1400-6-28,2021-09-19
789,ضشنا8000,اختيارخ شپنا-5800-1400/08/16,6,32,221649000,6690,5756,8097,1407,21.03,6927,237,3.54,5756,8098,1400-6-28,2021-09-19
790,طسپا8042,اختيارف خساپا-1800-1400/08/26,6,213,16530000,70,80,80,10,14.29,78,8,11.43,70,80,1400-6-28,2021-09-19
791,اخزا904,اسنادخزانه-م4بودجه99-011215,6,63747,47619838286,748295,747010,747016,-1279,-0.17,747013,-1282,-0.17,747010,747016,1400-6-28,2021-09-19
792,طخود1052,اختيارف خودرو-2000-1400/10/08,6,210,37850000,99,150,150,51,51.52,180,81,81.82,120,200,1400-6-28,2021-09-19
793,ثنظام,س. ساختماني نظام مهندسي ايران,6,44012,1959986396,45910,44533,44533,-1377,-3,45632,-278,-0.61,44533,44533,1400-6-28,2021-09-19
794,اطلس2,صندوق س.توسعه اندوخته آينده-س,6,60000,60000,254542,1,1,-254541,-100,1,-254541,-100,1,1,1400-6-28,2021-09-19
795,ضملي7001,اختيارخ فملي-8720-1400/07/11,6,10,36800000,3688,3680,3680,-8,-0.22,3680,-8,-0.22,3680,3680,1400-6-28,2021-09-19
796,ضفلا1160,اختيارخ فولاد-7000-1400/11/24,5,21,110500000,1,5500,5250,5249,524900,5262,5261,526100,5000,5500,1400-6-28,2021-09-19
797,اخزا816,اسنادخزانه-م16بودجه98-010503,5,32846,27766097743,843001,845000,846431,3430,0.41,845342,2341,0.28,845000,846432,1400-6-28,2021-09-19
798,ضملت8041,اختيارخ وبملت-3434-1400/08/19,5,41,26833000,614,750,630,16,2.61,654,40,6.51,620,750,1400-6-28,2021-09-19
799,هپارس102,اختيارف ت پارس-157010-01/02/05,5,45000,45000,1,1,1,0,0,1,0,0,1,1,1400-6-28,2021-09-19
800,تملي708,تسهيلات مسكن ب. ملي-آبان97,5,73,47465250,667500,635000,700875,33375,5,650209,-17291,-2.59,635000,700875,1400-6-28,2021-09-19
801,ضخود7072,اختيارخ خودرو-1400-1400/07/07,5,53,29979000,585,667,510,-75,-12.82,566,-19,-3.25,510,668,1400-6-28,2021-09-19
802,تملي706,تسهيلات مسكن ب. ملي-شهريور97,5,39,34791875,874514,918238,898998,24484,2.8,892099,17585,2.01,830789,918238,1400-6-28,2021-09-19
803,هفارس104,اختيارف ت فارس-11832-01/04/12,5,5501,5501,1,1,1,0,0,1,0,0,1,1,1400-6-28,2021-09-19
804,اخزا723,اسنادخزانه-م23بودجه97-000824,4,2131,2056749000,967612,965001,965000,-2612,-0.27,965157,-2455,-0.25,965000,968000,1400-6-28,2021-09-19
805,نگين,ص.س. زمين و ساختمان نگين شهرري,4,1517,77444830,51880,51060,51050,-830,-1.6,51050,-830,-1.6,51050,51060,1400-6-28,2021-09-19
806,ضفلا1161,اختيارخ فولاد-8000-1400/11/24,4,30,129950000,1,4500,4170,4169,416900,4332,4331,433100,4170,4500,1400-6-28,2021-09-19
807,ضپيك7042,اختيارخ تاپيكو-8070-00/07/18,4,71,319800000,4120,4520,4500,380,9.22,4504,384,9.32,4500,4520,1400-6-28,2021-09-19
808,ضخود7079,اختيارخ خودرو-4000-1400/07/07,4,51,801000,16,500,20,4,25,16,0,0,1,30,1400-6-28,2021-09-19
809,اراد46,مرابحه عام دولت4-ش.خ 0302,4,100000,100000000000,1000000,1000000,1000000,0,0,1000000,0,0,1000000,1000000,1400-6-28,2021-09-19
810,ضمخا7076,اختيارخ اخابر-9700-1400/07/28,4,31,15807000,825,509,510,-315,-38.18,510,-315,-38.18,509,510,1400-6-28,2021-09-19
811,كباده,توليد خاك نسوزاستقلال آباده,3,1650,15292200,8827,9268,9268,441,5,8828,1,0.01,9268,9268,1400-6-28,2021-09-19
812,زرين2,صندوق س. سهام زرين كوروش-س,3,300000,300000,13029,1,1,-13028,-99.99,1,-13028,-99.99,1,1,1400-6-28,2021-09-19
813,شتولي,تولي‌پرس‌,3,974,21754290,22790,22335,22335,-455,-2,22788,-2,-0.01,22335,22335,1400-6-28,2021-09-19
814,اخزا818,اسنادخزانه-م18بودجه98-010614,3,2131,1758962198,826015,826000,824901,-1114,-0.13,825416,-599,-0.07,824068,826000,1400-6-28,2021-09-19
815,زير0103پ04,زيره سبز0103شركت مينوبذر(پ),3,85,74025000,854515,840000,900000,45485,5.32,870882,16367,1.92,845000,900000,1400-6-28,2021-09-19
816,ضشنا8003,اختيارخ شپنا-8800-1400/08/16,3,6,22200000,4302,3600,3900,-402,-9.34,3700,-602,-13.99,3600,3900,1400-6-28,2021-09-19
817,سنفت009,سلف موازي استاندارد سنفت009,3,29540,47901986500,1633672,1626400,1616930,-16742,-1.02,1621597,-12075,-0.74,1616930,1626400,1400-6-28,2021-09-19
818,ضفلا1162,اختيارخ فولاد-9000-1400/11/24,3,33,116900000,1,3500,3550,3549,354900,3542,3541,354100,3500,3550,1400-6-28,2021-09-19
819,طملت8042,اختيارف وبملت-3934-1400/08/19,3,19,3130000,155,170,170,15,9.68,165,10,6.45,160,170,1400-6-28,2021-09-19
820,اراد404,مرابحه عام دولت4-ش.خ 0207,3,9094000,8482342558000,1000000,913414,913300,-86700,-8.67,932741,-67259,-6.73,913300,938539,1400-6-28,2021-09-19
821,پارس2,پتروشيمي پارس,2,2980002,601770004040,202020,201770,202020,0,0,201936,-84,-0.04,201770,202020,1400-6-28,2021-09-19
822,سپرمي,پرميت‌,2,1748,16497624,9345,9438,9438,93,1,9346,1,0.01,9438,9438,1400-6-28,2021-09-19
823,صينا205,صكوك منفعت سينا دارو-3ماهه 19%,2,60,58800030,980001,980000,980001,0,0,980000,-1,0,980000,980001,1400-6-28,2021-09-19
824,داراب,پتروشيمي داراب,2,7292,16319496,2307,2238,2238,-69,-2.99,2307,0,0,2238,2238,1400-6-28,2021-09-19
825,صپامهر,بار پايه صنعتي مهر,2,11000,7092000,650,645,644,-6,-0.92,645,-5,-0.77,644,645,1400-6-28,2021-09-19
826,اراد334,مرابحه عام دولت3-ش.خ 0303,2,3194000,2837303662000,975580,888346,888300,-87280,-8.95,888323,-87257,-8.94,888300,888346,1400-6-28,2021-09-19
827,ضملي1158,اختيارخ فملي-4500-1400/11/03,2,6,28550000,4700,4750,4800,100,2.13,4758,58,1.23,4750,4800,1400-6-28,2021-09-19
828,ضفلا7003,اختيارخ فولاد-8160-1400/07/25,2,19,55364980,3334,2050,2080,-1254,-37.61,2078,-1256,-37.67,2050,2080,1400-6-28,2021-09-19
829,زير0103پ02,زيره سبز0103 دانش(پ),2,30,27100000,900333,900000,905000,4667,0.52,903333,3000,0.33,900000,905000,1400-6-28,2021-09-19
830,هفجر102,اختيارف ت بفجر8626-01/02/11,2,150000,150000,1,1,1,0,0,1,0,0,1,1,1400-6-28,2021-09-19
831,دمعيار2,صندوق س. توازن معيار-د,2,1300000,1300000,10135,1,1,-10134,-99.99,1,-10134,-99.99,1,1,1400-6-28,2021-09-19
832,ضچاد7035,اختيارخ كچاد-25870-1400/07/04,2,20,67000000,3557,3400,3300,-257,-7.23,3350,-207,-5.82,3300,3400,1400-6-28,2021-09-19
833,شرق1400,مشاركت ليزينگ ايران وشرق140010,2,15,15023000,1000557,1005000,999800,-757,-0.08,1001533,976,0.1,999800,1005000,1400-6-28,2021-09-19
834,سفارود,كارخانه فارسيت درود,2,789,12750240,16489,16160,16160,-329,-2,16488,-1,-0.01,16160,16160,1400-6-28,2021-09-19
835,ضفلا1164,اختيارخ فولاد-12000-1400/11/24,2,2,2199000,1,999,1200,1199,119900,1099,1098,109800,999,1200,1400-6-28,2021-09-19
836,پست0008پ08,پسته فندقي32-30مه ولات0008(پ),2,10,18380000,1775294,1820000,1910000,134706,7.59,1838000,62706,3.53,1820000,1910000,1400-6-28,2021-09-19
837,هنوري102,اختيارف ت نوري59561-01/02/15,2,1168,1168,1,1,1,0,0,1,0,0,1,1,1400-6-28,2021-09-19
838,اخزا906,اسنادخزانه-م6بودجه99-020321,2,1010,719908000,707232,710800,712800,5568,0.79,712780,5548,0.78,710800,712800,1400-6-28,2021-09-19
839,اراد244,مرابحه عام دولت2-ش.خ ساير0212,2,100000,100000000000,1000000,1000000,1000000,0,0,1000000,0,0,1000000,1000000,1400-6-28,2021-09-19
840,ضترا8059,اختيارخ شتران-3882-1400/08/09,2,5,6800000,2700,1200,1400,-1300,-48.15,1360,-1340,-49.63,1200,1400,1400-6-28,2021-09-19
841,وصندوق2,سرمايه‌گذاري‌صندوق‌بازنشستگي‌,2,53600000,974476000000,18630,18110,18250,-380,-2.04,18181,-449,-2.41,18110,18250,1400-6-28,2021-09-19
842,فجوش,جوش‌ و اكسيژن‌ ايران‌,2,80,128560,1531,1607,1607,76,4.96,1531,0,0,1607,1607,1400-6-28,2021-09-19
843,اراد434,مرابحه عام دولت4-ش.خ 0205,2,3136000,3261270656000,924600,1039992,1039900,115300,12.47,1039946,115346,12.48,1039900,1039992,1400-6-28,2021-09-19
844,تملي707,تسهيلات مسكن ب. ملي-مهر97,2,77,49275894,622821,600003,653962,31141,5,639947,17126,2.75,600003,653962,1400-6-28,2021-09-19
845,اراد314,مرابحه عام دولت3-ش.خ 0208,2,15000000,13662147500000,950000,911859,910600,-39400,-4.15,910810,-39190,-4.13,910600,911859,1400-6-28,2021-09-19
846,ضمخا7078,اختيارخ اخابر-7700-1400/07/28,2,7,9500000,2000,1250,1500,-500,-25,1357,-643,-32.15,1250,1500,1400-6-28,2021-09-19
847,صپا ه 1,بار پايه هفته 1صنعتي,2,11500,7452000,385,648,648,263,68.31,648,263,68.31,648,648,1400-6-28,2021-09-19
848,هماي2,صندوق س هماي آگاه-ثابت,1,657000,657000,10450,1,1,-10449,-99.99,1,-10449,-99.99,1,1,1400-6-28,2021-09-19
849,مبين2,مبين انرژي خليج فارس,1,4000000,87280000000,21820,21820,21820,0,0,21820,0,0,21820,21820,1400-6-28,2021-09-19
850,طمخا7068,اختيارف اخابر-15700-1400/07/28,1,2,12000000,5000,6000,6000,1000,20,6000,1000,20,6000,6000,1400-6-28,2021-09-19
851,ضسپا8039,اختيارخ خساپا-1200-1400/08/26,1,5,3450000,762,690,690,-72,-9.45,690,-72,-9.45,690,690,1400-6-28,2021-09-19
852,صخود041,ص مرابحه خودرو041- 3ماهه 18%,1,1000,1000000000,990000,1000000,1000000,10000,1.01,1000000,10000,1.01,1000000,1000000,1400-6-28,2021-09-19
853,وغدير2,سرمايه‌گذاري‌غدير(هلدينگ‌,1,20000000,285400000000,14350,14270,14270,-80,-0.56,14270,-80,-0.56,14270,14270,1400-6-28,2021-09-19
854,اراد58,مرابحه عام دولت5-ش.خ 0110,1,1000,970000000,990000,970000,970000,-20000,-2.02,970000,-20000,-2.02,970000,970000,1400-6-28,2021-09-19
855,اراد444,مرابحه عام دولت4-ش.خ 0007,1,2000000,1636386000000,1020000,818193,818193,-201807,-19.79,818193,-201807,-19.79,818193,818193,1400-6-28,2021-09-19
856,سپر2,صندوق س سپر سرمايه بيدار- ثابت,1,4000000,4000000,12760,1,1,-12759,-99.99,1,-12759,-99.99,1,1,1400-6-28,2021-09-19
857,اراد834,مرابحه عام دولت83-ش.خ041220,1,10900000,10004499600000,1000000,917844,917844,-82156,-8.22,917844,-82156,-8.22,917844,917844,1400-6-28,2021-09-19
858,اراد344,مرابحه عام دولت3-ش.خ 0305,1,9793388,8638404786220,1000000,882065,882065,-117935,-11.79,882065,-117935,-11.79,882065,882065,1400-6-28,2021-09-19
859,مشهد0212,مشاركت ش مشهد0212-3ماهه18%,1,5000,4950005000,990001,990001,990001,0,0,990001,0,0,990001,990001,1400-6-28,2021-09-19
860,زعف0008پ08,زعفران0008نگين روستا(پ),1,400,57960000,144418,144900,144900,482,0.33,144900,482,0.33,144900,144900,1400-6-28,2021-09-19
861,صنفت1312,صكوك منفعت نفت1312-6ماهه 18/5%,1,100,103510000,1025100,1035100,1035100,10000,0.98,1035100,10000,0.98,1035100,1035100,1400-6-28,2021-09-19
862,پامهر,بار پايه مهر,1,12000,7560000,638,630,630,-8,-1.25,630,-8,-1.25,630,630,1400-6-28,2021-09-19
863,اخزا9092,اسنادخزانه-م9بودجه99-020316,1,140000,98980000000,702094,707000,707000,4906,0.7,707000,4906,0.7,707000,707000,1400-6-28,2021-09-19
864,اراد214,مرابحه عام دولت2ش.خ صادرات0212,1,28806000,27429591708000,1000000,952218,952218,-47782,-4.78,952218,-47782,-4.78,952218,952218,1400-6-28,2021-09-19
865,اراد424,مرابحه عام دولت4-ش.خ 0106,1,10000000,9696410000000,999998,969641,969641,-30357,-3.04,969641,-30357,-3.04,969641,969641,1400-6-28,2021-09-19
866,ضبدر8080,اختيارخ شبندر-6865-1400/08/30,1,1,1405200,944,300,300,-644,-68.22,300,-644,-68.22,300,300,1400-6-28,2021-09-19
867,شسم,توليد سموم‌ علف‌ كش,1,15,1548270,99249,103218,103218,3969,4,99250,1,0,103218,103218,1400-6-28,2021-09-19
868,تملي801,تسهيلات مسكن ب. ملي-فروردين98,1,1,599000,629826,599000,599000,-30826,-4.89,599000,-30826,-4.89,599000,599000,1400-6-28,2021-09-19
869,ضجار1020,اختيارخ وتجارت-1600-1400/10/15,1,1,800000,1,800,800,799,79900,800,799,79900,800,800,1400-6-28,2021-09-19
870,شكف,كف,1,200,19395400,98956,96977,96977,-1979,-2,98952,-4,0,96977,96977,1400-6-28,2021-09-19
871,رايان106,مشاركت رايان سايپا-3ماهه16%,1,100,102000000,1000000,1020000,1020000,20000,2,1020000,20000,2,1020000,1020000,1400-6-28,2021-09-19
872,فايرا2,آلومينيوم‌ايران‌,1,38565050,732735950000,19220,19000,19000,-220,-1.14,19000,-220,-1.14,19000,19000,1400-6-28,2021-09-19
873,اخزا9142,اسنادخزانه-م14بودجه99-021025,1,183432,113177544000,611571,617000,617000,5429,0.89,617000,5429,0.89,617000,617000,1400-6-28,2021-09-19
874,افران2,صندوق س افرا نماد پايدار-ثابت,1,8400000,8400000,14290,1,1,-14289,-99.99,1,-14289,-99.99,1,1,1400-6-28,2021-09-19
875,سايرا,ايرانيت‌,1,200,7248600,36982,36243,36243,-739,-2,36981,-1,0,36243,36243,1400-6-28,2021-09-19
876,ضمخا7066,اختيارخ اخابر-11700-1400/07/28,1,1,140000,300,140,140,-160,-53.33,140,-160,-53.33,140,140,1400-6-28,2021-09-19
877,اخزا810,اسنادخزانه-م10بودجه98-001006,1,1000,949999000,946900,949999,949999,3099,0.33,949999,3099,0.33,949999,949999,1400-6-28,2021-09-19
878,اخزا9082,اسنادخزانه-م8بودجه99-020606,1,200000,133800000000,663604,669000,669000,5396,0.81,669000,5396,0.81,669000,669000,1400-6-28,2021-09-19
879,ويسا,سرمايه گذاري ايساتيس پويا,1,1009,5575734,5366,5526,5526,160,2.98,5366,0,0,5526,5526,1400-6-28,2021-09-19
880,طذوب903,اختيارف ذوب-4000-14000917,1,10,2000000,1,200,200,199,19900,200,199,19900,200,200,1400-6-28,2021-09-19
881,اراد69,مرابحه عام دولت69-ش.خ0310,1,100,92700000,941000,927000,927000,-14000,-1.49,927000,-14000,-1.49,927000,927000,1400-6-28,2021-09-19
882,كمند2,صندوق س. با درآمد ثابت كمند,1,62600000,62600000,10066,1,1,-10065,-99.99,1,-10065,-99.99,1,1,1400-6-28,2021-09-19
883,طلا2,صندوق س.پشتوانه طلاي لوتوس,1,100000,100000,82571,1,1,-82570,-100,1,-82570,-100,1,1,1400-6-28,2021-09-19
884,اراد324,مرابحه عام دولت3-ش.خ0211,1,1000000,902353000000,1000000,902353,902353,-97647,-9.76,902353,-97647,-9.76,902353,902353,1400-6-28,2021-09-19
885,طسپا8043,اختيارف خساپا-2000-1400/08/26,1,20,4800000,201,240,240,39,19.4,240,39,19.4,240,240,1400-6-28,2021-09-19
886,اراد614,مرابحه عام دولت61-ش.خ0309,1,400000,388000000000,1000001,970000,970000,-30001,-3,970000,-30001,-3,970000,970000,1400-6-28,2021-09-19
887,پارسان2,گسترش نفت و گاز پارسيان,1,5000000,149750000000,29970,29950,29950,-20,-0.07,29950,-20,-0.07,29950,29950,1400-6-28,2021-09-19
888,اخزا0012,اسنادخزانه-م1بودجه00-030821,1,123674,64768073800,513417,523700,523700,10283,2,523700,10283,2,523700,523700,1400-6-28,2021-09-19
889,صايپا1122,صكوك مرابحه سايپا112-3ماهه 16%,1,104000,99395920000,951908,955730,955730,3822,0.4,955730,3822,0.4,955730,955730,1400-6-28,2021-09-19
890,اراد63,مرابحه عام دولت63-ش.خ0309,1,1000,1050000000,1035000,1050000,1050000,15000,1.45,1050000,15000,1.45,1050000,1050000,1400-6-28,2021-09-19
891,فسديد,لوله‌وتجهيزات‌ سديد - ورشكسته,1,50,5386850,108825,107737,107737,-1088,-1,108824,-1,0,107737,107737,1400-6-28,2021-09-19
892,گواهي ظرفيت,گواهي ظرفيت نقدي,1,200000,5178600000,24660,25893,25893,1233,5,24672,12,0.05,25893,25893,1400-6-28,2021-09-19
893,صبا1404,اجاصبابدون ضامن بارتبه اعتباري,1,50000,52500000000,1000000,1050000,1050000,50000,5,1050000,50000,5,1050000,1050000,1400-6-28,2021-09-19
894,ضترا8058,اختيارخ شتران-3442-1400/08/09,1,15,47250000,2807,3150,3150,343,12.22,3150,343,12.22,3150,3150,1400-6-28,2021-09-19
895,ضفار8048,اختيارخ فارس-5400-1400/08/05,1,1,5800000,6000,5800,5800,-200,-3.33,5800,-200,-3.33,5800,5800,1400-6-28,2021-09-19
896,ضجار7039,اختيارخ وتجارت-1997-1400/07/21,1,20,8600000,425,430,430,5,1.18,430,5,1.18,430,430,1400-6-28,2021-09-19
897,ثنام,س ساختماني ب نام آوران مهندسي,1,385,5079305,13601,13193,13193,-408,-3,13601,0,0,13193,13193,1400-6-28,2021-09-19
898,ضفلا1163,اختيارخ فولاد-10000-1400/11/24,1,1,2800000,1,2800,2800,2799,279900,2800,2799,279900,2800,2800,1400-6-28,2021-09-19
899,ضپيك7041,اختيارخ تاپيكو-7070-00/07/18,1,6,27720000,6773,4620,4620,-2153,-31.79,4620,-2153,-31.79,4620,4620,1400-6-28,2021-09-19
900,طخود7076,اختيارف خودرو-2500-1400/07/07,1,1,444000,450,444,444,-6,-1.33,444,-6,-1.33,444,444,1400-6-28,2021-09-19
901,ضترا8060,اختيارخ شتران-4323-1400/08/09,1,10,15900000,1488,1590,1590,102,6.85,1590,102,6.85,1590,1590,1400-6-28,2021-09-19
902,ضمخا7077,اختيارخ اخابر-6700-1400/07/28,1,10,19500000,2386,1950,1950,-436,-18.27,1950,-436,-18.27,1950,1950,1400-6-28,2021-09-19
903,ضصاد8030,اختيارخ وبصادر-1589-1400/08/12,1,4,3000000,872,750,750,-122,-13.99,750,-122,-13.99,750,750,1400-6-28,2021-09-19
904,اراد544,مرابحه عام دولت5-ش.خ 0109,1,7000000,6721043000000,990000,960149,960149,-29851,-3.02,960149,-29851,-3.02,960149,960149,1400-6-28,2021-09-19
905,لوتوس2,تامين سرمايه لوتوس پارسيان,1,85000000,786250000000,8950,9250,9250,300,3.35,9250,300,3.35,9250,9250,1400-6-28,2021-09-19
906,خعمرا,توسعه و عمران شهرستان نائين,1,6545,25551680,3791,3904,3904,113,2.98,3791,0,0,3904,3904,1400-6-28,2021-09-19
907,اراد62,مرابحه عام دولت62-ش.خ0309,1,5500,5500000000,1000000,1000000,1000000,0,0,1000000,0,0,1000000,1000000,1400-6-28,2021-09-19
908,اراد554,مرابحه عام دولت5-ش.خ 0209,1,10777000,10145338476000,960000,941388,941388,-18612,-1.94,941388,-18612,-1.94,941388,941388,1400-6-28,2021-09-19
909,اخزا820,اسنادخزانه-م20بودجه98-020806,1,16500,10758396000,652024,652024,652024,0,0,652024,0,0,652024,652024,1400-6-28,2021-09-19
910,جم2,پتروشيمي جم,1,8148866,391227056660,48010,48010,48010,0,0,48010,0,0,48010,48010,1400-6-28,2021-09-19
911,ضملي7000,اختيارخ فملي-7720-1400/07/11,1,10,48020000,4802,4802,4802,0,0,4802,0,0,4802,4802,1400-6-28,2021-09-19
912,وشمال,س. چشم انداز توسعه شمال,1,100,7743500,79015,77435,77435,-1580,-2,79012,-3,0,77435,77435,1400-6-28,2021-09-19
913,نوآور4,ص.اعتبارسرمايه نوآفرين70%تاديه,1,16666,8166340000,761750,490000,490000,-271750,-35.67,490000,-271750,-35.67,490000,490000,1400-6-28,2021-09-19
914,ضملي1157,اختيارخ فملي-4000-1400/11/03,1,1,5500000,5400,5500,5500,100,1.85,5500,100,1.85,5500,5500,1400-6-28,2021-09-19
915,ضبدر8079,اختيارخ شبندر-6011-1400/08/30,1,10,46840000,1200,1000,1000,-200,-16.67,1000,-200,-16.67,1000,1000,1400-6-28,2021-09-19
916,افاد44,منفعت دولتي4-شرايط خاص14010729,1,3000000,2917440000000,970500,972480,972480,1980,0.2,972480,1980,0.2,972480,972480,1400-6-28,2021-09-19
917,سرو2,صندوق س سروسودمند مدبران-سهام,1,100000,100000,76910,1,1,-76909,-100,1,-76909,-100,1,1,1400-6-28,2021-09-19
918,مارون2,پتروشيمي مارون,1,1000000,185966000000,186306,185966,185966,-340,-0.18,185966,-340,-0.18,185966,185966,1400-6-28,2021-09-19
919,اشاد10,مشاركت دولتي10-شرايط خاص001226,1,100,97100000,964069,971000,971000,6931,0.72,971000,6931,0.72,971000,971000,1400-6-28,2021-09-19
920,ضچاد7034,اختيارخ كچاد-21870-1400/07/04,1,1,5000000,9990,5000,5000,-4990,-49.95,5000,-4990,-49.95,5000,5000,1400-6-28,2021-09-19
921,اراد594,مرابحه عام دولتي5-ش.خ 0309,1,8000000,7479200000000,1000000,934900,934900,-65100,-6.51,934900,-65100,-6.51,934900,934900,1400-6-28,2021-09-19
922,اراد644,مرابحه عام دولتي64-ش.خ0111,1,3000000,2865789000000,944500,955263,955263,10763,1.14,955263,10763,1.14,955263,955263,1400-6-28,2021-09-19
923,ضترا8057,اختيارخ شتران-3000-1400/08/09,1,6,24000000,4018,4000,4000,-18,-0.45,4000,-18,-0.45,4000,4000,1400-6-28,2021-09-19
924,زير0103پ01,زيره سبز0103كيميابذر(پ),1,10,9000000,890000,900000,900000,10000,1.12,900000,10000,1.12,900000,900000,1400-6-28,2021-09-19
925,ضشنا8001,اختيارخ شپنا-6800-1400/08/16,1,1,5600000,5529,5600,5600,71,1.28,5600,71,1.28,5600,5600,1400-6-28,2021-09-19
926,چكاپا2,گروه صنايع كاغذ پارس,1,93500000,367455000000,4127,3930,3930,-197,-4.77,3930,-197,-4.77,3930,3930,1400-6-28,2021-09-19
927,اراد384,مرابحه عام دولت3-ش.خ 0105,1,1630000,1589127750000,1009000,974925,974925,-34075,-3.38,974925,-34075,-3.38,974925,974925,1400-6-28,2021-09-19
928,اراد904,مرابحه عام دولت90-ش.خ050217,1,859000,816050000000,980000,950000,950000,-30000,-3.06,950000,-30000,-3.06,950000,950000,1400-6-28,2021-09-19
929,ضپيك1028,اختيارخ تاپيكو-9000-00/10/15,1,5,27750000,5500,5550,5550,50,0.91,5550,50,0.91,5550,5550,1400-6-28,2021-09-19
930,كهرام,توليدي گرانيت بهسرام,1,62,5409500,89030,87250,87250,-1780,-2,89028,-2,0,87250,87250,1400-6-28,2021-09-19
931,ضخوز7039,اختيارخ فخوز-15200-1400/07/14,1,3,6000000,3724,2000,2000,-1724,-46.29,2000,-1724,-46.29,2000,2000,1400-6-28,2021-09-19
932,ضفلا7002,اختيارخ فولاد-6733-1400/07/25,1,5,30143000,4600,4300,4300,-300,-6.52,4300,-300,-6.52,4300,4300,1400-6-28,2021-09-19
933,ضملت8038,اختيارخ وبملت-1934-1400/08/19,1,1,2000000,2000,2000,2000,0,0,2000,0,0,2000,2000,1400-6-28,2021-09-19
934,طجار7040,اختيارف وتجارت-2497-1400/07/21,1,2,540000,100,270,270,170,170,270,170,170,270,270,1400-6-28,2021-09-19
935,ضخود7078,اختيارخ خودرو-3500-1400/07/07,1,1,1000,1,1,1,0,0,1,0,0,1,1,1400-6-28,2021-09-19
936,پست0008پ04,پسته فندقي32-30سبزدانه0008(پ),1,28,50400000,1890769,1800000,1800000,-90769,-4.8,1800000,-90769,-4.8,1800000,1800000,1400-6-28,2021-09-19
