,نماد,نام,تعداد,حجم,ارزش,دیروز,اولین,آخرین معامله - مقدار,آخرین معامله - تغییر,آخرین معامله - درصد,قیمت پایانی - مقدار,قیمت پایانی - تغییر,قیمت پایانی - درصد,کمترین,بیشترین,تاریخ,gregorian_date
0,پالايش,صندوق پالايشي يكم-سهام,49951,70609050,5191855534260,72050,74350,71850,-200,-0.28,73530,1480,2.05,71700,75380,1400-10-4,2021-12-25
1,دارا يكم,صندوق واسطه گري مالي يكم-سهام,28723,21835776,2517754574420,114500,117500,111990,-2510,-2.19,115300,800,0.7,111800,118650,1400-10-4,2021-12-25
2,خودرو,ايران‌ خودرو,14531,477969324,935093198165,1960,1999,1905,-55,-2.81,1956,-4,-0.2,1892,2023,1400-10-4,2021-12-25
3,فملي,ملي‌ صنايع‌ مس‌ ايران‌,13148,148682550,1042828518120,6720,6900,7030,310,4.61,7010,290,4.32,6830,7050,1400-10-4,2021-12-25
4,فولاد,فولاد مباركه اصفهان,13112,95133663,1028243353060,10550,10800,10630,80,0.76,10810,260,2.46,10580,11060,1400-10-4,2021-12-25
5,فرابورس,فرابورس ايران,11446,43395578,800020366178,18896,18988,17990,-906,-4.79,18436,-460,-2.43,17952,19300,1400-10-4,2021-12-25
6,كالا,بورس كالاي ايران,10623,29980926,945764628580,32590,33000,30970,-1620,-4.97,31550,-1040,-3.19,30970,33490,1400-10-4,2021-12-25
7,شپنا,پالايش نفت اصفهان,9746,129239398,800241050730,5920,6200,6160,240,4.05,6190,270,4.56,6050,6210,1400-10-4,2021-12-25
8,شتران,پالايش نفت تهران,9436,214332392,921767891701,4134,4340,4278,144,3.48,4301,167,4.04,4190,4340,1400-10-4,2021-12-25
9,خساپا,سايپا,9239,271922886,451879129526,1660,1690,1622,-38,-2.29,1662,2,0.12,1617,1720,1400-10-4,2021-12-25
10,وتجارت,بانك تجارت,8449,284457274,567910218686,1941,1998,1949,8,0.41,1996,55,2.83,1939,2038,1400-10-4,2021-12-25
11,بركت,گروه دارويي بركت,8121,25733262,432502171430,16950,17500,16400,-550,-3.24,16810,-140,-0.83,16310,17500,1400-10-4,2021-12-25
12,هكشو208,اختيارف ت پاكشو10000-02/08/29,7692,383315806,141826914100,570,370,370,-200,-35.09,370,-200,-35.09,370,379,1400-10-4,2021-12-25
13,بورس,بورس اوراق بهادار تهران,7564,56741562,675838598160,11540,11770,11630,90,0.78,11910,370,3.21,11530,12110,1400-10-4,2021-12-25
14,وبملت,بانك ملت,6726,202807685,636190229940,3085,3200,3103,18,0.58,3137,52,1.69,3090,3200,1400-10-4,2021-12-25
15,فسبزوار,پارس فولاد سبزوار,6601,4932243,174132448030,35450,35550,34920,-530,-1.5,35300,-150,-0.42,34710,35550,1400-10-4,2021-12-25
16,انرژي3,سايراشخاص بورس انرژي,6521,3512661,340016548070,98520,99000,94620,-3900,-3.96,96800,-1720,-1.75,94110,100530,1400-10-4,2021-12-25
17,مديريت,س. و خدمات مديريت صند. ب كشوري,6162,18512162,179756881041,10020,10000,9519,-501,-5,9710,-310,-3.09,9519,10020,1400-10-4,2021-12-25
18,وبصادر,بانك صادرات ايران,6090,294763074,555335574768,1801,1891,1872,71,3.94,1884,83,4.61,1851,1891,1400-10-4,2021-12-25
19,غنوش,نوش‌ مازندران‌,6063,38176349,613096368690,15830,16620,16000,170,1.07,16060,230,1.45,15060,16620,1400-10-4,2021-12-25
20,شستا,سرمايه گذاري تامين اجتماعي,5836,45917636,509226583240,10570,11090,11090,520,4.92,11090,520,4.92,11090,11090,1400-10-4,2021-12-25
21,كرمان,س. توسعه و عمران استان كرمان,5823,212807312,193772850100,932,938,904,-28,-3,911,-21,-2.25,896,938,1400-10-4,2021-12-25
22,توسن,توسعه سامانه ي نرم افزاري نگين,5751,7481934,149455739710,19443,20200,19540,97,0.5,19976,533,2.74,19450,20415,1400-10-4,2021-12-25
23,نوري,پتروشيمي نوري,5636,3680612,428790932270,113330,115580,115440,2110,1.86,116500,3170,2.8,114460,118990,1400-10-4,2021-12-25
24,خگستر,گسترش‌سرمايه‌گذاري‌ايران‌خودرو,5213,137127643,309272459684,2259,2315,2200,-59,-2.61,2255,-4,-0.18,2191,2345,1400-10-4,2021-12-25
25,وخارزم,سرمايه گذاري خوارزمي,5165,70776237,321014030377,4457,4670,4405,-52,-1.17,4536,79,1.77,4395,4670,1400-10-4,2021-12-25
26,پترول,گ.س.وت.ص.پتروشيمي خليج فارس,4715,97825178,248596788924,2462,2585,2498,36,1.46,2541,79,3.21,2479,2585,1400-10-4,2021-12-25
27,خپارس,پارس‌ خودرو,4653,158514640,163128661206,1038,1050,1009,-29,-2.79,1029,-9,-0.87,1004,1067,1400-10-4,2021-12-25
28,كمند,صندوق س. با درآمد ثابت كمند,4642,158266735,1599217646828,10088,10104,10105,17,0.17,10105,17,0.17,10104,10105,1400-10-4,2021-12-25
29,فجهان,مجتمع جهان فولاد سيرجان,4566,21754281,119346195511,5474,5518,5400,-74,-1.35,5486,12,0.22,5340,5549,1400-10-4,2021-12-25
30,شگويا,پتروشيمي تندگويان,4536,22769996,273752831271,11882,12000,11939,57,0.48,12023,141,1.19,11800,12229,1400-10-4,2021-12-25
31,شپديس,پتروشيمي پرديس,4444,2769395,549893959640,198530,202150,198600,70,0.04,198560,30,0.02,193010,202200,1400-10-4,2021-12-25
32,خبهمن,گروه‌بهمن‌,4275,132022731,259685036520,1982,2001,1940,-42,-2.12,1967,-15,-0.76,1900,2040,1400-10-4,2021-12-25
33,امين يكم,صندوق درآمد ثابت امين يكم فردا,4087,101907621,1020329384628,10003,10014,10017,14,0.14,10012,9,0.09,10010,10017,1400-10-4,2021-12-25
34,كيان,صندوق س. با درآمد ثابت كيان,4008,30328998,977824174468,32191,32240,32242,51,0.16,32241,50,0.16,32240,32243,1400-10-4,2021-12-25
35,سمگا,گروه سرمايه گذاري ميراث فرهنگي,3895,26406899,289404817788,11091,11010,10580,-511,-4.61,10959,-132,-1.19,10550,11320,1400-10-4,2021-12-25
36,ضخود1052,اختيارخ خودرو-2000-1400/10/08,3734,180186,9665167000,54,56,35,-19,-35.19,54,0,0,32,70,1400-10-4,2021-12-25
37,سپيد,سپيد ماكيان,3683,3368739,206037222350,61820,62300,60190,-1630,-2.64,61160,-660,-1.07,59610,63940,1400-10-4,2021-12-25
38,ثشاهد,سرمايه‌ گذاري‌ شاهد,3475,37945118,392209004990,10030,10530,10120,90,0.9,10340,310,3.09,9950,10530,1400-10-4,2021-12-25
39,كيمياتك,آريان كيميا تك,3442,984574,24404126780,24530,24500,24400,-130,-0.53,24790,260,1.06,24240,25150,1400-10-4,2021-12-25
40,بركتح,ح . گروه دارويي بركت,3413,13801027,182805046350,13190,13500,12750,-440,-3.34,13250,60,0.45,12660,13770,1400-10-4,2021-12-25
41,كاما,باما,3359,36033221,253171076490,6760,7090,6920,160,2.37,7030,270,3.99,6850,7090,1400-10-4,2021-12-25
42,غكورش,صنعت غذايي كورش,3194,2948803,146675995780,51150,50990,50000,-1150,-2.25,49740,-1410,-2.76,48900,50990,1400-10-4,2021-12-25
43,فاذر,صنايع‌ آذرآب‌,3037,121005575,113095514273,953,956,918,-35,-3.67,935,-18,-1.89,912,957,1400-10-4,2021-12-25
44,حسير,ريل سير كوثر,3024,12996967,248979675159,18314,18858,19229,915,5,19157,843,4.6,18700,19229,1400-10-4,2021-12-25
45,وسديد,گروه ‌صنعتي‌سديد,2960,60638704,64822859352,1043,1055,1055,12,1.15,1069,26,2.49,1049,1074,1400-10-4,2021-12-25
46,سرو,صندوق س سروسودمند مدبران-سهام,2957,4143562,292319973330,70540,71510,69640,-900,-1.28,70550,10,0.01,69520,71840,1400-10-4,2021-12-25
47,آريا,پليمر آريا ساسول,2890,729685,81751958240,109791,111150,110700,909,0.83,111591,1800,1.64,110140,115200,1400-10-4,2021-12-25
48,گدنا,تهيه توزيع غذاي دنا آفرين فدك,2889,2437190,27091640040,11075,11005,10780,-295,-2.66,11116,41,0.37,10750,11500,1400-10-4,2021-12-25
49,هاي وب,داده گسترعصرنوين-هاي وب,2863,20113820,167773496550,8480,8550,8200,-280,-3.3,8340,-140,-1.65,8130,8570,1400-10-4,2021-12-25
50,تسه0009,امتيازتسهيلات مسكن آذر 1400,2838,132830,119416461299,874276,870000,915500,41224,4.72,899017,24741,2.83,850000,917989,1400-10-4,2021-12-25
51,وغدير,سرمايه‌گذاري‌غدير(هلدينگ‌,2794,21985160,337523420650,15290,15320,15330,40,0.26,15350,60,0.39,15050,15700,1400-10-4,2021-12-25
52,غزر,صنعتي زر ماكارون,2741,4389469,43287169930,9870,10000,9790,-80,-0.81,9860,-10,-0.1,9600,10200,1400-10-4,2021-12-25
53,آگاس,صندوق س.هستي بخش آگاه-س,2678,2662129,213382550873,79920,80900,78701,-1219,-1.53,80155,235,0.29,78334,81980,1400-10-4,2021-12-25
54,صبا,سرمايه گذاري صبا تامين,2671,21169994,133789931564,6265,6300,6280,15,0.24,6320,55,0.88,6202,6455,1400-10-4,2021-12-25
55,شبندر,پالايش نفت بندرعباس,2593,60848938,388216224440,6080,6380,6380,300,4.93,6380,300,4.93,6380,6380,1400-10-4,2021-12-25
56,غصينو,صنعتي مينو,2579,8646747,160636560991,19462,19450,18489,-973,-5,18578,-884,-4.54,18489,19450,1400-10-4,2021-12-25
57,شاروم,پتروشيمي اروميه,2533,4096005,59100470934,13818,14508,14339,521,3.77,14429,611,4.42,14141,14508,1400-10-4,2021-12-25
58,امين,تامين سرمايه امين,2523,1437285,17686057780,12280,12300,12320,40,0.33,12290,10,0.08,12280,12350,1400-10-4,2021-12-25
59,ثاميد,توسعه و عمران اميد,2502,29908488,47280819034,1543,1557,1564,21,1.36,1581,38,2.46,1557,1601,1400-10-4,2021-12-25
60,چخزر,صنايع چوب خزر كاسپين,2492,1006942,27613645244,26635,27140,27490,855,3.21,27423,788,2.96,26841,27966,1400-10-4,2021-12-25
61,سپيدار,سپيدار سيستم آسيا,2488,1793829,36152939006,20746,20900,20007,-739,-3.56,20154,-592,-2.85,19917,20900,1400-10-4,2021-12-25
62,سيمرغ,سيمرغ,2468,15544798,395369064930,24370,25580,24800,430,1.76,25430,1060,4.35,24700,25580,1400-10-4,2021-12-25
63,اعتماد,صندوق س.اعتماد آفرين پارسيان-د,2426,44829950,1832273525410,40827,40870,40872,45,0.11,40872,45,0.11,40870,40873,1400-10-4,2021-12-25
64,حآفرين,ريل پرداز نو آفرين,2362,50189105,230844115847,4813,4573,4573,-240,-4.99,4599,-214,-4.45,4573,4740,1400-10-4,2021-12-25
65,وهامون,سرمايه گذاري هامون صبا,2360,9622498,27730879595,2891,2955,2829,-62,-2.14,2882,-9,-0.31,2791,2956,1400-10-4,2021-12-25
66,قثابت,قند ثابت‌ خراسان‌,2329,51476148,87466028129,1750,1755,1663,-87,-4.97,1699,-51,-2.91,1663,1790,1400-10-4,2021-12-25
67,حكشتي,كشتيراني جمهوري اسلامي ايران,2291,9783196,132186231210,13550,14100,13160,-390,-2.88,13510,-40,-0.3,13060,14100,1400-10-4,2021-12-25
68,ومدير,گ.مديريت ارزش سرمايه ص ب كشوري,2266,11333506,53462128806,4694,4830,4665,-29,-0.62,4717,23,0.49,4640,4830,1400-10-4,2021-12-25
69,شفن,پتروشيمي فناوران,2245,7404556,100707783990,13510,13660,13430,-80,-0.59,13590,80,0.59,13300,14030,1400-10-4,2021-12-25
70,بپاس,بيمه پاسارگاد,2226,7115525,272576941720,40247,40000,38235,-2012,-5,38307,-1940,-4.82,38235,40000,1400-10-4,2021-12-25
71,بوعلي,پتروشيمي بوعلي سينا,2222,1037073,76598780130,71970,75000,72750,780,1.08,73380,1410,1.96,72720,75300,1400-10-4,2021-12-25
72,ثبهساز,بهساز كاشانه تهران,2192,25912572,41622195451,1578,1588,1609,31,1.96,1606,28,1.77,1588,1622,1400-10-4,2021-12-25
73,وسكرمان,س.سهام عدالت استان كرمان,2162,256205903,119089795698,445,466,465,20,4.49,465,20,4.49,448,467,1400-10-4,2021-12-25
74,ثعتما,س. ساختماني اعتماد گستر,2143,4721161,116552026241,25689,24405,24890,-799,-3.11,24687,-1002,-3.9,24405,25720,1400-10-4,2021-12-25
75,غگل,گلوكوزان‌,2133,41133349,128352294134,2984,3119,3133,149,4.99,3120,136,4.56,3050,3133,1400-10-4,2021-12-25
76,خمهرح,ح . مهركام‌پارس‌,2094,39830645,25016599530,628,635,608,-20,-3.18,628,0,0,601,655,1400-10-4,2021-12-25
77,زاگرس,پتروشيمي زاگرس,2081,1086499,253023263843,228565,235660,227899,-666,-0.29,232879,4314,1.89,227660,238000,1400-10-4,2021-12-25
78,وسكرد,شركت س استان كردستان,2077,229721451,108320624086,451,473,473,22,4.88,472,21,4.66,460,473,1400-10-4,2021-12-25
79,سيتا,سرمايه گذاري سيمان تامين,2072,6658898,62731691730,8990,9380,9430,440,4.89,9420,430,4.78,9260,9430,1400-10-4,2021-12-25
80,خنصير,مهندسي‌نصيرماشين‌,2061,12533767,200652726160,15300,15920,16060,760,4.97,16010,710,4.64,15300,16060,1400-10-4,2021-12-25
81,ولپارس,ليزينگ پارسيان,2036,11592602,32903054958,2847,2987,2811,-36,-1.26,2838,-9,-0.32,2760,2987,1400-10-4,2021-12-25
82,بكاب,صنايع‌جوشكاب‌يزد,2025,921699,74860075890,82670,85000,79000,-3670,-4.44,81220,-1450,-1.75,78540,85000,1400-10-4,2021-12-25
83,فسرب,ملي‌ سرب‌وروي‌ ايران‌,2008,73354434,150776955831,1961,2059,2059,98,5,2055,94,4.79,2015,2059,1400-10-4,2021-12-25
84,وصنعت,سرمايه گذاري توسعه صنعت وتجارت,1991,15668487,111229431170,7120,7150,6910,-210,-2.95,7100,-20,-0.28,6780,7360,1400-10-4,2021-12-25
85,كزغال,زغال سنگ پروده طبس,1990,2752101,87903300050,31280,31500,31382,102,0.33,31940,660,2.11,31300,32844,1400-10-4,2021-12-25
86,لپارس,پارس‌ الكتريك‌,1987,1229829,124775829930,96930,101700,101770,4840,4.99,101460,4530,4.67,99600,101770,1400-10-4,2021-12-25
87,سمايه,بانك سرمايه,1967,16027919,91200186768,5780,5766,5607,-173,-2.99,5690,-90,-1.56,5607,5945,1400-10-4,2021-12-25
88,خزاميا,زامياد,1959,20246647,151291712850,7320,7670,7420,100,1.37,7470,150,2.05,7300,7670,1400-10-4,2021-12-25
89,شبريز,پالايش نفت تبريز,1931,4722481,160004906840,32440,34000,33340,900,2.77,33880,1440,4.44,33000,34060,1400-10-4,2021-12-25
90,شصدف,صنعتي دوده فام,1929,2952520,100695717902,32923,33330,33800,877,2.66,34105,1182,3.59,33000,34569,1400-10-4,2021-12-25
91,فگستر,گسترش صنايع روي ايرانيان,1927,3927350,37123751955,9098,9499,9552,454,4.99,9453,355,3.9,9001,9552,1400-10-4,2021-12-25
92,آپ,آسان پرداخت پرشين,1858,7780167,77749835710,10270,10310,9760,-510,-4.97,9990,-280,-2.73,9760,10500,1400-10-4,2021-12-25
93,وسپهر,سرمايه گذاري مالي سپهرصادرات,1848,4202715,29966366879,7097,7169,7069,-28,-0.39,7109,12,0.17,7063,7250,1400-10-4,2021-12-25
94,شسپا,نفت سپاهان,1810,33911835,116975411451,3413,3570,3489,76,2.23,3449,36,1.05,3362,3570,1400-10-4,2021-12-25
95,ولكار,ليزينگ كارآفرين,1798,2728755,10877218253,4002,4196,4009,7,0.17,3990,-12,-0.3,3851,4196,1400-10-4,2021-12-25
96,وكبهمن,مديريت سرمايه گذاري كوثربهمن,1798,689999,6645171916,9339,9755,9641,302,3.23,9464,125,1.34,9550,9805,1400-10-4,2021-12-25
97,سدبير,س. تدبيرگران فارس وخوزستان,1793,2741558,127034708457,47032,47000,44681,-2351,-5,46337,-695,-1.48,44681,48900,1400-10-4,2021-12-25
98,سحرخيز,صندوق س. گروه زعفران سحرخيز,1782,2824299,50949400170,18522,18499,17950,-572,-3.09,18040,-482,-2.6,17850,18499,1400-10-4,2021-12-25
99,غدام,خوراك‌  دام‌ پارس‌,1782,870494,91086863060,100680,105710,102600,1920,1.91,104640,3960,3.93,102010,105710,1400-10-4,2021-12-25
100,سبزوا,سيمان لار سبزوار,1746,29903404,59630052911,1934,2010,1946,12,0.62,1994,60,3.1,1910,2030,1400-10-4,2021-12-25
101,طلا,صندوق س.پشتوانه طلاي لوتوس,1740,1879276,169537396053,92039,91000,90000,-2039,-2.22,90214,-1825,-1.98,89801,91000,1400-10-4,2021-12-25
102,شاراك,پتروشيمي شازند,1718,3235170,146522402160,44350,45650,44890,540,1.22,45290,940,2.12,44510,46270,1400-10-4,2021-12-25
103,ورازي,بيمه رازي,1703,45714202,67772061142,1457,1500,1450,-7,-0.48,1483,26,1.78,1416,1500,1400-10-4,2021-12-25
104,بپيوند,برق و انرژي پيوندگستر پارس,1701,1039321,10087323468,9574,10040,9516,-58,-0.61,9661,87,0.91,9512,10040,1400-10-4,2021-12-25
105,سغدير,توسعه سرمايه و صنعت غدير,1699,5489760,84553933517,15479,15623,15528,49,0.32,15402,-77,-0.5,15100,15690,1400-10-4,2021-12-25
106,ومعادن,توسعه‌معادن‌وفلزات‌,1693,17222441,170086125950,9530,9710,9800,270,2.83,9880,350,3.67,9560,10000,1400-10-4,2021-12-25
107,تملتح,ح . تامين سرمايه بانك ملت,1689,14320745,18279303690,1246,1300,1215,-31,-2.49,1276,30,2.41,1212,1340,1400-10-4,2021-12-25
108,كچاد,معدني‌وصنعتي‌چادرملو,1686,3897316,116594454790,28790,29300,29450,660,2.29,29840,1050,3.65,29300,30220,1400-10-4,2021-12-25
109,وگردش,بانك گردشگري,1681,31696868,345783541578,10710,10420,10529,-181,-1.69,10909,199,1.86,10420,11031,1400-10-4,2021-12-25
110,شفا,سرمايه گذاري شفادارو,1676,9902185,133243916190,14080,14390,13380,-700,-4.97,13460,-620,-4.4,13380,14390,1400-10-4,2021-12-25
111,خمحور,توليدمحورخودرو,1661,41277770,137648590296,3448,3500,3298,-150,-4.35,3335,-113,-3.28,3276,3590,1400-10-4,2021-12-25
112,ثنور,سرمايه گذاري كوه نور,1660,12056609,85984670747,7316,7192,7097,-219,-2.99,7132,-184,-2.52,7097,7435,1400-10-4,2021-12-25
113,آبادا,توليد نيروي برق آبادان,1655,1066605,10633834820,9660,10050,9780,120,1.24,9870,210,2.17,9660,10140,1400-10-4,2021-12-25
114,كتوكا,توليدي و خدمات صنايع نسوز توكا,1633,7127455,70698709435,10138,10320,9655,-483,-4.76,9919,-219,-2.16,9633,10390,1400-10-4,2021-12-25
115,كماسه,تامين‌ ماسه‌ ريخته‌گري‌,1620,24052430,81033956538,3350,3470,3266,-84,-2.51,3369,19,0.57,3250,3517,1400-10-4,2021-12-25
116,بترانس,ايران‌ ترانسفو,1620,35425499,74418735160,2051,2130,2070,19,0.93,2101,50,2.44,2056,2142,1400-10-4,2021-12-25
117,فاراك,ماشين‌ سازي‌ اراك‌,1620,43614542,66644860525,1526,1545,1496,-30,-1.97,1528,2,0.13,1471,1575,1400-10-4,2021-12-25
118,افران,صندوق س افرا نماد پايدار-ثابت,1605,41175256,620651960134,15049,15073,15073,24,0.16,15073,24,0.16,15073,15075,1400-10-4,2021-12-25
119,ختوقا,قطعات‌ اتومبيل‌ ايران‌,1583,34491020,85999756483,2465,2475,2413,-52,-2.11,2493,28,1.14,2382,2588,1400-10-4,2021-12-25
120,لطيف,محصولات كاغذي لطيف,1582,245340,9391250420,38219,39000,38110,-109,-0.29,38256,37,0.1,37051,40125,1400-10-4,2021-12-25
121,ونوين,بانك‌اقتصادنوين‌,1559,32557693,108261222433,3314,3380,3260,-54,-1.63,3325,11,0.33,3220,3440,1400-10-4,2021-12-25
122,تاپيكو,س. نفت و گاز و پتروشيمي تأمين,1552,13015807,195539382540,14900,15080,14880,-20,-0.13,15020,120,0.81,14840,15340,1400-10-4,2021-12-25
123,كيسون,شركت كيسون,1545,47701345,78942367908,1700,1690,1649,-51,-3,1655,-45,-2.65,1649,1690,1400-10-4,2021-12-25
124,بگيلان,توسعه مسير برق گيلان,1540,710799,10059247424,13789,14002,14018,229,1.66,13939,150,1.09,14002,14360,1400-10-4,2021-12-25
125,پارند,صندوق س. پارند پايدار سپهر,1517,51731359,522779337377,10091,10106,10105,14,0.14,10106,15,0.15,10105,10106,1400-10-4,2021-12-25
126,شغدير,پتروشيمي غدير,1506,956120,88927901720,93290,94920,91250,-2040,-2.19,93010,-280,-0.3,91000,95750,1400-10-4,2021-12-25
127,فجر,فولاد اميركبيركاشان,1494,3752594,90534977310,23250,24250,23650,400,1.72,24130,880,3.78,23460,24410,1400-10-4,2021-12-25
128,اطلس,صندوق س.توسعه اندوخته آينده-س,1482,676379,166479242398,244829,245849,245005,176,0.07,246133,1304,0.53,244250,247800,1400-10-4,2021-12-25
129,تسه0008,امتيازتسهيلات مسكن آبان1400,1478,94434,83892525621,874276,860005,917989,43713,5,888372,14096,1.61,860000,917989,1400-10-4,2021-12-25
130,خرينگ,رينگ‌سازي‌مشهد,1458,4370055,117371336540,27390,27500,26110,-1280,-4.67,26860,-530,-1.94,26030,28640,1400-10-4,2021-12-25
131,چكاپا,گروه صنايع كاغذ پارس,1441,21046532,65353083888,3098,3112,3030,-68,-2.19,3105,7,0.23,3020,3200,1400-10-4,2021-12-25
132,شلرد,كود شيميايي اوره لردگان,1429,11856864,135128850930,11132,11400,11269,137,1.23,11397,265,2.38,11190,11465,1400-10-4,2021-12-25
133,شاوان,پالايش نفت لاوان,1424,2587115,342829900186,126474,132797,131980,5506,4.35,132514,6040,4.78,126600,132797,1400-10-4,2021-12-25
134,كمرجان,بازرگاني و توليدي مرجان كار,1417,12160717,70526150234,5580,5749,5859,279,5,5800,220,3.94,5510,5859,1400-10-4,2021-12-25
135,گشان,توسعه بين المللي پديده شانديز,1400,2652869,50851352570,19076,19500,18701,-375,-1.97,19168,92,0.48,18700,19640,1400-10-4,2021-12-25
136,وسكرشا,س.سهام عدالت استان كرمانشاه,1392,141670024,66472981770,448,470,470,22,4.91,469,21,4.69,457,470,1400-10-4,2021-12-25
137,خاهنح,ح . آهنگري تراكتورسازي‌ ايران‌,1354,13357237,35510632548,2715,2600,2610,-105,-3.87,2659,-56,-2.06,2555,2780,1400-10-4,2021-12-25
138,لكما,كارخانجات‌مخابراتي‌ايران‌,1340,39480150,36866962922,934,958,923,-11,-1.18,934,0,0,910,958,1400-10-4,2021-12-25
139,فارس,صنايع پتروشيمي خليج فارس,1338,23486788,260384357590,10590,10890,11110,520,4.91,11090,500,4.72,10800,11110,1400-10-4,2021-12-25
140,غمارگ,مارگارين‌,1323,27351062,72913843440,2651,2700,2700,49,1.85,2666,15,0.57,2562,2747,1400-10-4,2021-12-25
141,وساغربي,شركت س استان آذربايجان غربي,1319,120772389,55488840255,440,462,455,15,3.41,459,19,4.32,446,462,1400-10-4,2021-12-25
142,فتوسا,توليد و توسعه سرب روي ايرانيان,1313,356745,3762544708,10379,10380,10445,66,0.64,10420,41,0.4,10380,10860,1400-10-4,2021-12-25
143,وپارس,بانك‌پارسيان‌,1308,35612231,70722051841,1913,2008,1960,47,2.46,1955,42,2.2,1922,2008,1400-10-4,2021-12-25
144,فروي,ذوب روي اصفهان,1307,2310166,41551956200,17674,18550,17600,-74,-0.42,17987,313,1.77,17379,18550,1400-10-4,2021-12-25
145,كوير,توليدي فولاد سپيد فراب كوير,1298,10470501,56805363560,5480,5530,5360,-120,-2.19,5430,-50,-0.91,5320,5620,1400-10-4,2021-12-25
146,البرز,بيمه البرز,1264,25369649,46735703506,1846,1872,1800,-46,-2.49,1842,-4,-0.22,1799,1910,1400-10-4,2021-12-25
147,كاوه,فولاد كاوه جنوب كيش,1249,7956661,116760268130,14530,14650,14600,70,0.48,14670,140,0.96,14410,15100,1400-10-4,2021-12-25
148,ملت,بيمه ملت,1247,47204552,54757053204,1177,1179,1159,-18,-1.53,1160,-17,-1.44,1130,1195,1400-10-4,2021-12-25
149,حفاري,حفاري شمال,1244,25329349,102105214476,3863,3980,3943,80,2.07,4031,168,4.35,3940,4056,1400-10-4,2021-12-25
150,شفنح,ح . پتروشيمي فناوران,1235,7876296,77323340380,9860,9870,9650,-210,-2.13,9820,-40,-0.41,9620,10120,1400-10-4,2021-12-25
151,ديران,ايران‌دارو,1214,5178053,90526429800,16840,17060,17200,360,2.14,17480,640,3.8,17000,17680,1400-10-4,2021-12-25
152,كلر,كلر پارس,1178,790869,82373195773,108638,109999,103207,-5431,-5,104155,-4483,-4.13,103207,109999,1400-10-4,2021-12-25
153,كارا,صندوق س. كارا -د,1176,57859714,603551531103,10415,10431,10432,17,0.16,10431,16,0.15,10431,10432,1400-10-4,2021-12-25
154,فخوز,فولاد  خوزستان,1173,6513263,43607630150,6550,6740,6620,70,1.07,6600,50,0.76,6580,6840,1400-10-4,2021-12-25
155,رافزا,رايان هم افزا,1161,523728,32922005005,65291,65300,62027,-3264,-5,62861,-2430,-3.72,62027,65300,1400-10-4,2021-12-25
156,وپويا,سرمايه گذاري پويا,1160,4510837,15900445605,3435,3462,3466,31,0.9,3525,90,2.62,3462,3606,1400-10-4,2021-12-25
157,هماي,صندوق س هماي آگاه-ثابت,1160,12103979,121396157643,10013,10030,10030,17,0.17,10029,16,0.16,10020,10030,1400-10-4,2021-12-25
158,ماديرا,صنايع ماديران,1144,8467294,45011038510,5393,5464,5190,-203,-3.76,5316,-77,-1.43,5180,5498,1400-10-4,2021-12-25
159,سفارس,سيمان فارس و خوزستان,1141,8847173,148404660020,16050,16740,16380,330,2.06,16770,720,4.49,16200,16850,1400-10-4,2021-12-25
160,نهال,صندوق س. طلاي سرخ نوويرا,1134,2761906,53356063421,19658,19400,19346,-312,-1.59,19319,-339,-1.72,19150,19600,1400-10-4,2021-12-25
161,رمپنا,گروه مپنا (سهامي عام),1131,16469328,265429794110,15370,16130,15900,530,3.45,16120,750,4.88,15900,16130,1400-10-4,2021-12-25
162,وبرق,س.کارکنان صنعت برق زنجان وقزوي,1131,3577166,354065488128,97374,95100,102242,4868,5,98979,1605,1.65,95100,102242,1400-10-4,2021-12-25
163,خودكفا,اقتصادي و خودكفايي آزادگان,1130,5888189,42206124845,7281,7400,7063,-218,-2.99,7168,-113,-1.55,7063,7400,1400-10-4,2021-12-25
164,غاذر,كشت‌وصنعت‌پياذر,1119,3302046,113584063900,36040,35010,34650,-1390,-3.86,34400,-1640,-4.55,34240,36340,1400-10-4,2021-12-25
165,كرازي,كارخانجات‌توليدي‌شيشه‌رازي‌,1119,33053883,40741284075,1223,1252,1210,-13,-1.06,1233,10,0.82,1192,1266,1400-10-4,2021-12-25
166,جم پيلن,پلي پروپيلن جم - جم پيلن,1116,870138,106241733670,123040,126900,120540,-2500,-2.03,122100,-940,-0.76,119990,126900,1400-10-4,2021-12-25
167,شبصير,توليدات پتروشيمي قائد بصير,1109,727873,86572690033,118709,118750,116604,-2105,-1.77,118939,230,0.19,115556,123500,1400-10-4,2021-12-25
168,ثفارس,عمران‌وتوسعه‌فارس‌,1090,9990019,77178412330,7490,7700,7560,70,0.93,7730,240,3.2,7490,7860,1400-10-4,2021-12-25
169,كگل,معدني و صنعتي گل گهر,1073,4960791,110680181360,21550,22150,22100,550,2.55,22230,680,3.16,21860,22620,1400-10-4,2021-12-25
170,بجهرم,توسعه مولد نيروگاهي جهرم,1071,14887402,29053866201,1923,1968,1915,-8,-0.42,1952,29,1.51,1902,1997,1400-10-4,2021-12-25
171,حبندر,دريايي و کشتيراني خط دريابندر,1070,5081279,72928265373,14874,14140,14690,-184,-1.24,14352,-522,-3.51,14131,15290,1400-10-4,2021-12-25
172,پيزد,مجتمع صنايع لاستيك يزد,1069,243109,12884405568,52896,53008,51500,-1396,-2.64,52984,88,0.17,51200,55000,1400-10-4,2021-12-25
173,ثاخت,بين‌المللي‌توسعه‌ساختمان,1066,22466748,42034695303,1834,1899,1820,-14,-0.76,1871,37,2.02,1805,1923,1400-10-4,2021-12-25
174,شكلر,نيروكلر,1061,2701643,108814614080,42200,40950,40100,-2100,-4.98,40280,-1920,-4.55,40090,41700,1400-10-4,2021-12-25
175,خزر,فنرسازي‌زر,1059,4637539,43320525500,9260,9560,9140,-120,-1.3,9340,80,0.86,9110,9640,1400-10-4,2021-12-25
176,غبشهر,صنعتي‌ بهشهر,1053,76533494,296045165837,3590,3720,3906,316,8.8,3868,278,7.74,3633,3906,1400-10-4,2021-12-25
177,گكوثر,هتل پارسيان كوثر اصفهان,1052,24852272,40156887669,1640,1688,1575,-65,-3.96,1616,-24,-1.46,1567,1700,1400-10-4,2021-12-25
178,زكوثر,سرمايه گذاري كشاورزي كوثر,1052,6208302,92641741740,14220,14930,14920,700,4.92,14920,700,4.92,14550,14930,1400-10-4,2021-12-25
179,غگيلا,شيرپاستوريزه پگاه گيلان,1051,1411578,20397236136,13787,13983,14476,689,5,14450,663,4.81,13983,14476,1400-10-4,2021-12-25
180,ضجار1023,اختيارخ وتجارت-2500-1400/10/15,1043,55128,279686000,3,3,3,0,0,5,2,66.67,3,7,1400-10-4,2021-12-25
181,خمحركه,نيرو محركه‌,1039,13251852,45234518014,3422,3525,3339,-83,-2.43,3413,-9,-0.26,3251,3525,1400-10-4,2021-12-25
182,ونيرو,سرمايه‌گذاري‌نيرو,1022,32781837,68478032284,2003,2103,2059,56,2.8,2089,86,4.29,2003,2103,1400-10-4,2021-12-25
183,ثتران,سرمايه گذاري مسكن تهران,1013,11254421,37017740178,3336,3445,3170,-166,-4.98,3289,-47,-1.41,3170,3499,1400-10-4,2021-12-25
184,فاسمين,كالسيمين‌,1012,4727461,82724616090,17180,17540,17220,40,0.23,17500,320,1.86,17180,17980,1400-10-4,2021-12-25
185,دسانكو,داروسازي سبحان انكولوژي,1002,4799031,66763646650,13732,13890,13879,147,1.07,13912,180,1.31,13120,14379,1400-10-4,2021-12-25
186,وليز,ليزينگ‌ايران‌,996,13859571,28004559710,2040,2070,1960,-80,-3.92,2021,-19,-0.93,1950,2115,1400-10-4,2021-12-25
187,رانفور,خدمات‌انفورماتيك‌,994,16291112,55688686299,3316,3338,3481,165,4.98,3418,102,3.08,3317,3481,1400-10-4,2021-12-25
188,وسينا,بانك سينا,987,73533342,178994137531,2353,2467,2443,90,3.82,2434,81,3.44,2370,2470,1400-10-4,2021-12-25
189,وتوكا,سرمايه‌گذاري‌توكافولاد(هلدينگ,978,8841776,67934360780,7330,7690,7520,190,2.59,7680,350,4.77,7510,7690,1400-10-4,2021-12-25
190,تابا,تابان نيرو سپاهان,975,1727955,36202017722,21353,21595,20713,-640,-3,20951,-402,-1.88,20713,21800,1400-10-4,2021-12-25
191,پتاير,ايران‌ تاير,972,17227339,32590763265,1836,1900,1868,32,1.74,1892,56,3.05,1840,1927,1400-10-4,2021-12-25
192,اپال,فرآوري معدني اپال كاني پارس,972,1420298,32304389300,22760,22760,22760,0,0,22760,0,0,22710,22780,1400-10-4,2021-12-25
193,اتكاي,بيمه اتكايي ايرانيان,967,35064724,363656322466,9904,9939,10399,495,5,10371,467,4.72,9620,10399,1400-10-4,2021-12-25
194,اميد,تامين سرمايه اميد,966,8312812,71938646470,8790,8860,8450,-340,-3.87,8650,-140,-1.59,8400,8860,1400-10-4,2021-12-25
195,شلعاب,لعابيران‌,960,6494227,36432873710,5740,5810,5500,-240,-4.18,5610,-130,-2.26,5490,5840,1400-10-4,2021-12-25
196,كپارس,كاشي‌ پارس‌,951,6976758,46851662600,6890,7080,6670,-220,-3.19,6720,-170,-2.47,6550,7080,1400-10-4,2021-12-25
197,شپاكسا,پاكسان‌,945,6023781,132424916150,21920,22490,21750,-170,-0.78,21980,60,0.27,21300,22650,1400-10-4,2021-12-25
198,كهمدا,شيشه‌ همدان‌,944,10839752,109945256750,10190,10190,9780,-410,-4.02,10140,-50,-0.49,9700,10490,1400-10-4,2021-12-25
199,خاذين,سايپاآذين‌,937,13283078,34370054285,2646,2700,2520,-126,-4.76,2588,-58,-2.19,2514,2774,1400-10-4,2021-12-25
200,سامان,بانك سامان,929,15021407,101322046578,6896,6964,6701,-195,-2.83,6745,-151,-2.19,6690,7037,1400-10-4,2021-12-25
201,كفپارس,فرآورده‌هاي‌ نسوز پارس‌,923,9956843,28807922540,2938,3050,2815,-123,-4.19,2893,-45,-1.53,2813,3050,1400-10-4,2021-12-25
202,بهپاك,صنعتي بهپاك,921,8515896,52337661739,6265,6450,6136,-129,-2.06,6146,-119,-1.9,5955,6450,1400-10-4,2021-12-25
203,پارسان,گسترش نفت و گاز پارسيان,920,2985034,101635264470,33430,34250,33900,470,1.41,33940,510,1.53,33310,34980,1400-10-4,2021-12-25
204,شيران,س. صنايع‌شيميايي‌ايران,911,3332831,69423245160,20230,21240,20800,570,2.82,20750,520,2.57,20500,21240,1400-10-4,2021-12-25
205,شكام,صنايع شيميايي كيمياگران امروز,911,3230653,93502173829,29320,30400,28350,-970,-3.31,28942,-378,-1.29,27855,30400,1400-10-4,2021-12-25
206,شجم,صنايع پتروشيمي تخت جمشيد,910,3772073,48886757342,12725,13299,12840,115,0.9,12960,235,1.85,12760,13299,1400-10-4,2021-12-25
207,وبانك,سرمايه گذاري گروه توسعه ملي,895,7168204,62364331140,8520,8680,8570,50,0.59,8640,120,1.41,8520,8830,1400-10-4,2021-12-25
208,غبهنوش,بهنوش‌ ايران‌,891,622288,42727045770,70120,70500,67030,-3090,-4.41,68660,-1460,-2.08,66620,72600,1400-10-4,2021-12-25
209,فباهنر,مس‌ شهيدباهنر,884,2961471,82706485620,26750,28080,27860,1110,4.15,27930,1180,4.41,27300,28080,1400-10-4,2021-12-25
210,فسپا,گروه‌صنعتي‌سپاهان‌,880,2576646,44390757870,16980,17490,16790,-190,-1.12,17230,250,1.47,16750,17800,1400-10-4,2021-12-25
211,سكارون,سيمان كارون,877,1464822,59508818763,41183,40100,40990,-193,-0.47,40625,-558,-1.35,39948,42418,1400-10-4,2021-12-25
212,شنفت,نفت‌ پارس‌,877,11569608,117802717910,9740,10220,10210,470,4.83,10180,440,4.52,9850,10220,1400-10-4,2021-12-25
213,افرا,افرانت,876,3937446,97015921924,23857,25049,25040,1183,4.96,24639,782,3.28,23802,25049,1400-10-4,2021-12-25
214,فرآور,فرآوري‌موادمعدني‌ايران‌,866,2548527,71337718460,28890,29410,27800,-1090,-3.77,27990,-900,-3.12,27450,29410,1400-10-4,2021-12-25
215,غويتا,ويتانا,862,7448541,40877789033,5270,5530,5533,263,4.99,5488,218,4.14,5330,5533,1400-10-4,2021-12-25
216,تپمپي,پمپ‌ سازي‌ ايران‌,853,3663001,75824118460,19800,20000,20790,990,5,20700,900,4.55,19860,20790,1400-10-4,2021-12-25
217,وايران,ليزينگ ايرانيان,852,14071053,40171402195,2931,3069,2792,-139,-4.74,2855,-76,-2.59,2785,3069,1400-10-4,2021-12-25
218,تپكو,توليدتجهيزات‌سنگين‌هپكو,851,19228080,62645084640,3164,3258,3258,94,2.97,3258,94,2.97,3258,3258,1400-10-4,2021-12-25
219,كارين,صندوق س نگين سامان-ثابت,850,35980898,360589397988,10007,10023,10023,16,0.16,10022,15,0.15,10021,10024,1400-10-4,2021-12-25
220,شفارس,صنايع‌ شيميايي‌ فارس‌,843,20186131,21747471261,1050,1080,1057,7,0.67,1077,27,2.57,1041,1102,1400-10-4,2021-12-25
221,شپترو,پتروشيمي آبادان,841,14368718,41341126396,2864,2900,2814,-50,-1.75,2877,13,0.45,2790,2924,1400-10-4,2021-12-25
222,كرماشا,صنايع پتروشيمي كرمانشاه,832,2247834,127892814170,55230,55250,56800,1570,2.84,56900,1670,3.02,54010,57750,1400-10-4,2021-12-25
223,ورنا,سرمايه‌گذاري‌ رنا(هلدينگ‌,826,7996082,24456130295,3075,3134,2981,-94,-3.06,3059,-16,-0.52,2970,3150,1400-10-4,2021-12-25
224,فلوله,لوله‌وماشين‌سازي‌ايران‌,820,30989502,33101135755,1032,1043,1041,9,0.87,1068,36,3.49,1012,1083,1400-10-4,2021-12-25
225,ولساپا,ليزينگ رايان‌ سايپا,820,15877972,24248963169,1531,1570,1487,-44,-2.87,1527,-4,-0.26,1473,1587,1400-10-4,2021-12-25
226,ياقوت,صندوق س ياقوت آگاه-ثابت,819,16898975,233969309144,13825,13846,13847,22,0.16,13845,20,0.14,13845,13847,1400-10-4,2021-12-25
227,بموتو,موتوژن‌,817,1659803,134111112890,77050,79980,80900,3850,5,80800,3750,4.87,77160,80900,1400-10-4,2021-12-25
228,آسيا,بيمه آسيا,815,19555718,33507381348,1723,1729,1700,-23,-1.33,1713,-10,-0.58,1664,1762,1400-10-4,2021-12-25
229,قچار,فراوردههاي غذايي وقند چهارمحال,800,3491076,28087144114,8184,8050,7980,-204,-2.49,8045,-139,-1.7,7777,8298,1400-10-4,2021-12-25
230,خكاوه,سايپا ديزل,799,20174951,68584026832,3241,3403,3403,162,5,3399,158,4.88,3330,3403,1400-10-4,2021-12-25
231,خفنر,فنرسازي‌خاور,797,3324850,24168960660,7310,7600,7200,-110,-1.5,7270,-40,-0.55,7070,7600,1400-10-4,2021-12-25
232,توريل,توكاريل,795,6293058,46428210798,7066,7419,7300,234,3.31,7378,312,4.42,7150,7419,1400-10-4,2021-12-25
233,حفارس,حمل و نقل بين المللي خليج فارس,795,13128382,48701206146,3551,3728,3728,177,4.98,3710,159,4.48,3556,3728,1400-10-4,2021-12-25
234,حگردش,ريل گردش ايرانيان,793,12944744,52256797862,4234,4023,4023,-211,-4.98,4037,-197,-4.65,4023,4140,1400-10-4,2021-12-25
235,حتايد,تايدواترخاورميانه,791,8150976,36796295154,4550,4740,4413,-137,-3.01,4514,-36,-0.79,4381,4740,1400-10-4,2021-12-25
236,دتوزيع,توزيع دارو پخش,783,2427762,68142395274,26827,27507,27987,1160,4.32,28068,1241,4.63,27507,28168,1400-10-4,2021-12-25
237,خموتور,موتورسازان‌تراكتورسازي‌ايران‌,774,4662736,25477274170,5570,5650,5300,-270,-4.85,5460,-110,-1.97,5300,5670,1400-10-4,2021-12-25
238,قتربت,قند تربت حيدريه,765,115596,5955946355,52769,51186,51960,-809,-1.53,52009,-760,-1.44,51186,52799,1400-10-4,2021-12-25
239,فزرين,زرين معدن آسيا,764,3611282,44182677331,12216,12500,11861,-355,-2.91,12235,19,0.16,11812,12728,1400-10-4,2021-12-25
240,تملت,تامين سرمايه بانك ملت,761,6213676,15637122221,2460,2500,2501,41,1.67,2515,55,2.24,2460,2583,1400-10-4,2021-12-25
241,غسالم,سالمين‌,759,6997090,19901888833,2831,2890,2829,-2,-0.07,2844,13,0.46,2796,2907,1400-10-4,2021-12-25
242,حريل,ريل پردازسير,758,11087632,26402624277,2375,2420,2315,-60,-2.53,2381,6,0.25,2272,2480,1400-10-4,2021-12-25
243,شگل,گلتاش‌,751,4127319,26767662720,6440,6390,6350,-90,-1.4,6490,50,0.78,6310,6640,1400-10-4,2021-12-25
244,هرمز,فولاد هرمزگان جنوب,749,2793545,42976330916,14921,15548,15250,329,2.2,15082,161,1.08,15050,15620,1400-10-4,2021-12-25
245,دماوند,توليد نيروي برق دماوند,746,1180712,23370539976,19776,20150,19700,-76,-0.38,19785,9,0.05,19190,20459,1400-10-4,2021-12-25
246,خكار,ايركا پارت صنعت,744,9041531,27024599322,3003,3100,2921,-82,-2.73,2989,-14,-0.47,2910,3100,1400-10-4,2021-12-25
247,چدن,توليدي چدن سازان,741,9776049,23902598529,2413,2490,2400,-13,-0.54,2445,32,1.33,2351,2532,1400-10-4,2021-12-25
248,غديس,پاكديس,740,8912721,103439522359,11092,11290,11646,554,4.99,11606,514,4.63,11070,11646,1400-10-4,2021-12-25
249,حشكوه,دليجان طلايي شكوه پارس,738,9360751,31829831992,3450,3347,3495,45,1.3,3400,-50,-1.45,3347,3553,1400-10-4,2021-12-25
250,بكام,كارخانجات توليدي شهيد قندي,735,12059199,19040702058,1520,1583,1596,76,5,1579,59,3.88,1555,1596,1400-10-4,2021-12-25
251,ودي,بيمه  دي,733,10482742,44790452047,4147,4350,4220,73,1.76,4273,126,3.04,4149,4354,1400-10-4,2021-12-25
252,بكامح,ح.كارخانجات توليدي شهيد قندي,731,16829241,9856038370,570,585,598,28,4.91,586,16,2.81,550,619,1400-10-4,2021-12-25
253,تاپكيش,تجارت الكترونيك پارسيان كيش,728,2565737,44190808237,16639,17280,16989,350,2.1,17223,584,3.51,16700,17470,1400-10-4,2021-12-25
254,آوا,صندوق س.سهام آواي معيار-س,725,3219081,25446007458,7804,7950,7680,-124,-1.59,7905,101,1.29,7655,8089,1400-10-4,2021-12-25
255,فسازان,غلتك سازان سپاهان,724,4500522,20497966461,4606,4490,4500,-106,-2.3,4555,-51,-1.11,4410,4682,1400-10-4,2021-12-25
256,وپاسار,بانك  پاسارگاد,722,11661394,162324766670,13680,13750,13900,220,1.61,13920,240,1.75,13750,14150,1400-10-4,2021-12-25
257,فخاس,فولاد خراسان,721,517376,11750372980,22750,22950,22750,0,0,22750,0,0,22240,22950,1400-10-4,2021-12-25
258,غپينو,پارس‌ مينو,720,11948018,25495237840,2098,2199,2116,18,0.86,2134,36,1.72,2080,2199,1400-10-4,2021-12-25
259,غشصفا,شيرپاستوريزه‌پگاه‌اصفهان‌,716,3267824,97136745580,28440,29840,29860,1420,4.99,29730,1290,4.54,28590,29860,1400-10-4,2021-12-25
260,ضجار1022,اختيارخ وتجارت-2000-1400/10/15,713,32732,2267436000,46,42,51,5,10.87,69,23,50,42,95,1400-10-4,2021-12-25
261,مدير,ص.س.مديريت ثروت ص.بازنشستگي-س,711,2991304,29595613012,9833,9951,9663,-170,-1.73,9894,61,0.62,9606,10099,1400-10-4,2021-12-25
262,وكار,بانك‌ كارآفرين‌,708,18775287,49687938650,2696,2670,2566,-130,-4.82,2646,-50,-1.85,2564,2714,1400-10-4,2021-12-25
263,زبينا,كشاورزي و دامپروري بينالود,704,26765878,58542024757,2084,2188,2188,104,4.99,2187,103,4.94,2130,2188,1400-10-4,2021-12-25
264,ارزش,صندوق س ارزش آفرين بيدار-سهام,703,4058278,38999869540,9490,9800,9410,-80,-0.84,9610,120,1.26,9350,9800,1400-10-4,2021-12-25
265,وفتخار,سرمايه گذاري افتخار سهام,701,3399159,6164639752,1869,1813,1813,-56,-3,1815,-54,-2.89,1813,1848,1400-10-4,2021-12-25
266,وهور,مديريت انرژي اميد  تابان هور,696,23788488,30343320013,1249,1270,1282,33,2.64,1273,24,1.92,1254,1298,1400-10-4,2021-12-25
267,سصفها,سيمان‌اصفهان‌,695,1398803,35270136620,25730,26890,24510,-1220,-4.74,25210,-520,-2.02,24470,26890,1400-10-4,2021-12-25
268,وساپا,سرمايه‌گذاري‌ سايپا,693,6743946,28029865751,4151,4200,4090,-61,-1.47,4156,5,0.12,4065,4267,1400-10-4,2021-12-25
269,غشهداب,كشت و صنعت شهداب ناب خراسان,682,7051064,19090446235,2717,2761,2624,-93,-3.42,2707,-10,-0.37,2622,2800,1400-10-4,2021-12-25
270,بكهنوج,توليد برق ماهتاب كهنوج,678,26709861,28883621039,1067,1071,1080,13,1.22,1081,14,1.31,1054,1100,1400-10-4,2021-12-25
271,فوكا,فولاد كاويان,677,4631785,66855656964,14090,14000,14512,422,3,14434,344,2.44,13721,14512,1400-10-4,2021-12-25
272,بزاگرس,نيروگاه زاگرس كوثر,675,9188605,31421188779,3510,3580,3399,-111,-3.16,3420,-90,-2.56,3335,3620,1400-10-4,2021-12-25
273,كبافق,معادن‌ بافق‌,674,1055153,31181292800,28400,29820,29130,730,2.57,29550,1150,4.05,28830,29820,1400-10-4,2021-12-25
274,زدشت,كشت و صنعت دشت خرم دره,670,3970607,51920359722,12518,13140,13143,625,4.99,13076,558,4.46,12740,13143,1400-10-4,2021-12-25
275,سنير,سيمان‌ سفيد ني‌ريز,669,587166,16354243480,27660,28190,27190,-470,-1.7,27850,190,0.69,26810,28900,1400-10-4,2021-12-25
276,زفكا,كشت و دامداري فكا,665,6913113,56377108351,7816,8206,7987,171,2.19,8155,339,4.34,7850,8206,1400-10-4,2021-12-25
277,اپرداز,آتيه داده پرداز,665,1179252,25445119048,21039,21535,21494,455,2.16,21577,538,2.56,21180,22090,1400-10-4,2021-12-25
278,نطرين,عطرين نخ قم,665,4158190,30281480802,7400,7131,7175,-225,-3.04,7282,-118,-1.59,7092,7540,1400-10-4,2021-12-25
279,ومهان,گروه توسعه مالي مهر آيندگان,658,10789834,49214326869,4435,4649,4440,5,0.11,4548,113,2.55,4380,4649,1400-10-4,2021-12-25
280,كسرا,سراميك‌هاي‌صنعتي‌اردكان‌,654,2911636,38067470450,13000,13580,12860,-140,-1.08,13070,70,0.54,12500,13580,1400-10-4,2021-12-25
281,دتوليد,داروسازي توليد دارو,654,3717771,30494603910,8055,8457,8200,145,1.8,8202,147,1.82,7653,8457,1400-10-4,2021-12-25
282,واميد,گروه مديريت سرمايه گذاري اميد,652,12224455,171179812820,13580,13590,13580,0,0,14000,420,3.09,13580,14100,1400-10-4,2021-12-25
283,تسه0007,امتيازتسهيلات مسكن مهر1400,651,22585,19977923139,871795,845555,915384,43589,5,884566,12771,1.46,840099,915384,1400-10-4,2021-12-25
284,شبهرن,نفت‌ بهران‌,640,3187867,36225591610,11150,11310,11220,70,0.63,11290,140,1.26,11160,11690,1400-10-4,2021-12-25
285,سكه0012پ01,تمام سكه طرح جديد0012رفاه,638,198100,253875190700,1302862,1294000,1283199,-19663,-1.51,1281551,-21311,-1.64,1277000,1294000,1400-10-4,2021-12-25
286,كفراح,ح . فراورده‌ هاي‌ نسوزايران‌,618,2450749,14388045090,5960,5980,5670,-290,-4.87,5870,-90,-1.51,5560,6180,1400-10-4,2021-12-25
287,صنوين,صندوق سرمايه‌گذاري صنوين-مختلط,614,223859,25977431380,114340,116470,115000,660,0.58,116040,1700,1.49,106310,121800,1400-10-4,2021-12-25
288,ساوه,سيمان ساوه,612,290259,13362081535,44286,45450,45245,959,2.17,45785,1499,3.38,44357,46500,1400-10-4,2021-12-25
289,كيميا,معدني كيمياي زنجان گستران,611,2626933,34173335271,13104,13250,12839,-265,-2.02,13009,-95,-0.72,12650,13550,1400-10-4,2021-12-25
290,خراسان,پتروشيمي خراسان,606,534453,63895336580,114350,120040,118040,3690,3.23,118230,3880,3.39,117220,120060,1400-10-4,2021-12-25
291,بالبر,كابل‌ البرز,599,1279695,32878890100,24610,24980,25840,1230,5,25690,1080,4.39,23700,25840,1400-10-4,2021-12-25
292,كپشير,پشم‌شيشه‌ايران‌,598,2696446,29196691420,10630,11150,11020,390,3.67,10830,200,1.88,10480,11150,1400-10-4,2021-12-25
293,فايرا,آلومينيوم‌ايران‌,594,1916166,31272044770,16270,16600,16400,130,0.8,16290,20,0.12,16030,16980,1400-10-4,2021-12-25
294,ختراك,ريخته‌گري‌ تراكتورسازي‌ ايران‌,591,5417117,27629255494,4970,5180,5000,30,0.6,5100,130,2.62,4920,5218,1400-10-4,2021-12-25
295,وسپه,سرمايه‌گذاري‌ سپه‌,589,18894352,160456239810,8160,8420,8350,190,2.33,8490,330,4.04,8220,8560,1400-10-4,2021-12-25
296,خكمك,كمك‌فنرايندامين‌,583,1647527,34226226290,20760,21480,20340,-420,-2.02,20770,10,0.05,19830,21790,1400-10-4,2021-12-25
297,وپسا,س. پتروشيمي ساختمان  خليج فارس,582,11183111,16969107413,1526,1549,1501,-25,-1.64,1517,-9,-0.59,1486,1559,1400-10-4,2021-12-25
298,مرقام,ايران‌ارقام‌,582,2485922,23301858080,9450,9900,9200,-250,-2.65,9370,-80,-0.85,9110,9900,1400-10-4,2021-12-25
299,شزنگ,تجهيزنيروي‌زنگان‌,582,326480,42537532659,134095,130073,130073,-4022,-3,130291,-3804,-2.84,130073,133480,1400-10-4,2021-12-25
300,كاذر,فرآورده‌هاي‌نسوزآذر,582,2108410,29630855180,14610,14160,13880,-730,-5,14050,-560,-3.83,13880,14600,1400-10-4,2021-12-25
301,خلنت,لنت‌ ترمزايران‌,580,403790,24337628210,57790,60660,60670,2880,4.98,60270,2480,4.29,59000,60670,1400-10-4,2021-12-25
302,فنفت,صنايع تجهيزات نفت,572,2026582,31032293933,15023,15473,15473,450,3,15313,290,1.93,14573,15473,1400-10-4,2021-12-25
303,تاصيكو,سرمايه گذاري صدرتامين,567,5477020,48801211470,8800,9090,8810,10,0.11,8850,50,0.57,8790,9170,1400-10-4,2021-12-25
304,وسكاب,س.ص.بازنشستگي كاركنان بانكها,565,8324285,25341636955,3043,3050,3050,7,0.23,3044,1,0.03,2990,3119,1400-10-4,2021-12-25
305,كروي,توسعه‌ معادن‌ روي‌ ايران‌,563,1462195,34821527720,23070,24210,23220,150,0.65,23810,740,3.21,23170,24210,1400-10-4,2021-12-25
306,وتوصا,گروه س توسعه صنعتي ايران,562,3950342,41196753220,10430,10480,10400,-30,-0.29,10430,0,0,10040,10700,1400-10-4,2021-12-25
307,وحكمت,بيمه حكمت صبا,559,5598857,18049397065,3211,3307,3174,-37,-1.15,3224,13,0.4,3115,3307,1400-10-4,2021-12-25
308,شاملا,معدني‌ املاح‌  ايران‌,556,1492010,18479172780,12340,12950,12000,-340,-2.76,12390,50,0.41,11750,12950,1400-10-4,2021-12-25
309,دكوثر,داروسازي‌ كوثر,556,5745743,15555981076,2761,2791,2638,-123,-4.45,2707,-54,-1.96,2623,2840,1400-10-4,2021-12-25
310,بميلا,توسعه بازرگاني آهن وفولادميلاد,555,4749945,38070583467,8054,8295,8129,75,0.93,8015,-39,-0.48,7901,8295,1400-10-4,2021-12-25
311,رتاپ,تجارت الكترونيك  پارسيان,544,1905713,10677878370,5630,5660,5560,-70,-1.24,5610,-20,-0.36,5450,5770,1400-10-4,2021-12-25
312,ثاباد,توريستي ورفاهي آبادگران ايران,539,816781,32664635070,39210,40480,39210,0,0,39990,780,1.99,38000,40950,1400-10-4,2021-12-25
313,وآذر,سرمايه‌گذاري‌توسعه‌آذربايجان‌,538,612585,23138184680,37910,38520,37450,-460,-1.21,37770,-140,-0.37,36490,39400,1400-10-4,2021-12-25
314,فروس,فروسيليس‌ ايران‌,537,8294477,53324126740,6360,6370,6370,10,0.16,6430,70,1.1,6270,6650,1400-10-4,2021-12-25
315,ولملتح,ح . واسپاري ملت,536,6312176,10227977908,1648,1716,1580,-68,-4.13,1620,-28,-1.7,1530,1716,1400-10-4,2021-12-25
316,سپر,صندوق س سپر سرمايه بيدار- ثابت,533,18178000,244137609380,13415,13430,13432,17,0.13,13430,15,0.11,13416,13449,1400-10-4,2021-12-25
317,خمهر,مهركام‌پارس‌,528,11676349,21112389692,1796,1869,1768,-28,-1.56,1808,12,0.67,1750,1878,1400-10-4,2021-12-25
318,پرديسح,ح .  سرمايه گذاري پرديس,528,8735459,12153014062,1384,1397,1360,-24,-1.73,1391,7,0.51,1356,1439,1400-10-4,2021-12-25
319,قاسم,قاسم ايران,525,5747002,18975860226,3378,3480,3210,-168,-4.97,3302,-76,-2.25,3210,3480,1400-10-4,2021-12-25
320,زكشت,كشاورزي مكانيزه اصفهان كشت,523,1891318,34277137445,17338,18204,17900,562,3.24,18123,785,4.53,17680,18204,1400-10-4,2021-12-25
321,كمنگنز,معادن‌منگنزايران‌,522,209043,12825973050,61090,62540,59210,-1880,-3.08,61320,230,0.38,59150,63500,1400-10-4,2021-12-25
322,فنوال,نورد آلومينيوم‌,520,1375020,28770128500,20860,20300,20150,-710,-3.4,20920,60,0.29,20010,21730,1400-10-4,2021-12-25
323,وساخت,سرمايه‌ گذاري‌ ساختمان‌ايران‌,520,531485,19871084570,37390,38700,36100,-1290,-3.45,37390,0,0,36010,38900,1400-10-4,2021-12-25
324,چكاوه,صنايع‌كاغذسازي‌كاوه‌,516,2947272,23203644850,7960,8210,7760,-200,-2.51,7870,-90,-1.13,7660,8210,1400-10-4,2021-12-25
325,كخاكح,ح . صنايع‌خاك‌چيني‌ايران‌,516,1674979,17157801670,10150,10350,10170,20,0.2,10240,90,0.89,10000,10490,1400-10-4,2021-12-25
326,وگستر,گسترش سرمايه گذاري ايرانيان,514,6490229,33096783047,4885,5129,5029,144,2.95,5099,214,4.38,4957,5129,1400-10-4,2021-12-25
327,بمپنا,توليد برق عسلويه  مپنا,513,1981281,12223497455,6196,6196,6139,-57,-0.92,6179,-17,-0.27,6031,6369,1400-10-4,2021-12-25
328,وآوا,سرمايه گذاري آوا نوين,504,3739459,9844632511,2538,2663,2611,73,2.88,2598,60,2.36,2570,2664,1400-10-4,2021-12-25
329,ولملت,واسپاري ملت,504,6469529,20931879404,3267,3400,3199,-68,-2.08,3235,-32,-0.98,3115,3400,1400-10-4,2021-12-25
330,خاهن,آهنگري‌ تراكتورسازي‌ ايران‌,503,5095964,22106287738,4152,4250,4359,207,4.99,4316,164,3.95,4200,4359,1400-10-4,2021-12-25
331,كساوه,صنايع‌ كاشي‌ و سراميك‌ سينا,503,1317799,53632576930,38840,40000,40780,1940,4.99,40700,1860,4.79,38850,40780,1400-10-4,2021-12-25
332,كاردان,صندوق س تجارت شاخصي كاردان,501,131860,25453263120,190760,194940,189900,-860,-0.45,193030,2270,1.19,188820,195480,1400-10-4,2021-12-25
333,خكرمان,گروه اقتصادي كرمان خودرو,499,11997583,37524300599,3097,3095,3162,65,2.1,3128,31,1,3080,3187,1400-10-4,2021-12-25
334,شخارك,پتروشيمي‌ خارك‌,498,644500,33013401900,51540,52500,51190,-350,-0.68,51430,-110,-0.21,50000,52590,1400-10-4,2021-12-25
335,چكارن,كارتن‌ ايران‌,496,8062391,20984368770,2621,2650,2550,-71,-2.71,2603,-18,-0.69,2523,2670,1400-10-4,2021-12-25
336,ونيكي,سرمايه‌گذاري‌ ملي‌ايران‌,495,2893947,27822645130,9560,9760,9570,10,0.1,9580,20,0.21,9450,9760,1400-10-4,2021-12-25
337,شيراز,پتروشيمي‌شيراز,493,997842,79209042180,77790,79920,78000,210,0.27,79020,1230,1.58,77110,81500,1400-10-4,2021-12-25
338,ارفع,شركت آهن و فولاد ارفع,492,1992016,29149209037,14483,14710,14523,40,0.28,14545,62,0.43,14417,15000,1400-10-4,2021-12-25
339,زيتون,صندوق س زيتون نماد پايا- مختلط,489,1428068,14276896056,9913,10000,9927,14,0.14,9997,84,0.85,9919,10082,1400-10-4,2021-12-25
340,خشرق,الكتريك‌ خودرو شرق‌,484,3144765,34058520510,10330,10810,10840,510,4.94,10830,500,4.84,10600,10840,1400-10-4,2021-12-25
341,پلاست,كارخانجات توليدي پلاستيران,484,1481785,10428889808,6948,6800,7099,151,2.17,7038,90,1.3,6800,7156,1400-10-4,2021-12-25
342,ضخود1049,اختيارخ خودرو-1400-1400/10/08,477,24110,13245184000,565,627,500,-65,-11.5,549,-16,-2.83,490,627,1400-10-4,2021-12-25
343,غالبر,لبنيات‌ كالبر,474,1201372,15014430800,12260,12300,12200,-60,-0.49,12490,230,1.88,12010,12860,1400-10-4,2021-12-25
344,تسه0006,امتيازتسهيلات مسكن شهريور1400,471,11137,9879226063,872019,831100,915619,43600,5,887063,15044,1.73,831100,915619,1400-10-4,2021-12-25
345,ولغدر,ليزينگ‌خودروغدير,469,3372363,24558644210,7540,7860,7170,-370,-4.91,7280,-260,-3.45,7170,7890,1400-10-4,2021-12-25
346,سشرق,سيمان‌ شرق‌,467,4690263,32558136250,6640,6940,6890,250,3.77,6940,300,4.52,6750,6970,1400-10-4,2021-12-25
347,غمينو,شركت صنايع غذايي مينو شرق,467,3523075,13714670712,3923,4090,3868,-55,-1.4,3895,-28,-0.71,3800,4090,1400-10-4,2021-12-25
348,آ س پ,آ.س.پ,465,3822527,22896893463,5798,5980,5864,66,1.14,5990,192,3.31,5820,6087,1400-10-4,2021-12-25
349,قرن,پديده شيمي قرن,464,545277,12066951650,22000,21920,21990,-10,-0.05,22090,90,0.41,21910,22980,1400-10-4,2021-12-25
350,كامياب,صندوق س. كامياب آشنا-د,453,8193438,91193162626,11110,11130,11130,20,0.18,11130,20,0.18,11129,11132,1400-10-4,2021-12-25
351,كترام,توليدي‌ كاشي‌ تكسرام‌,452,1132310,19980393930,17320,17990,17500,180,1.04,17650,330,1.91,17000,18010,1400-10-4,2021-12-25
352,ثرود,سرمايه‌گذاري مسكن زاينده رود,449,6649523,39437394387,5653,5935,5935,282,4.99,5931,278,4.92,5751,5935,1400-10-4,2021-12-25
353,ستران,سيمان‌ تهران‌,447,1215600,24856844620,19820,20690,20740,920,4.64,20450,630,3.18,19960,20750,1400-10-4,2021-12-25
354,وسگيلا,شركت س استان گيلان,447,40738072,18614283943,436,457,457,21,4.82,450,14,3.21,443,457,1400-10-4,2021-12-25
355,تيپيكو,سرمايه گذاري دارويي تامين,444,1102964,20251169480,18370,18600,18160,-210,-1.14,18370,0,0,18160,18600,1400-10-4,2021-12-25
356,وسين,بيمه سينا,442,13704036,47624346336,3574,3469,3500,-74,-2.07,3475,-99,-2.77,3467,3597,1400-10-4,2021-12-25
357,زنگان,صنعت روي زنگان,441,257505,15441893795,58207,59010,59500,1293,2.22,59966,1759,3.02,59010,61100,1400-10-4,2021-12-25
358,فولاي,صنايع فولاد آلياژي يزد,440,1233301,18324204794,14410,14870,15100,690,4.79,14858,448,3.11,14412,15100,1400-10-4,2021-12-25
359,شاملاح,ح . معدني‌ املاح‌  ايران‌,440,1438308,11529151460,8200,8490,7770,-430,-5.24,8020,-180,-2.2,7610,8490,1400-10-4,2021-12-25
360,سبهان,سيمان‌ بهبهان‌,436,357926,15663930520,43170,45250,43500,330,0.76,43760,590,1.37,42130,45250,1400-10-4,2021-12-25
361,ميدكو,توسعه معادن وص.معدني خاورميانه,436,5899227,272462529090,46180,46180,46200,20,0.04,46190,10,0.02,46170,46200,1400-10-4,2021-12-25
362,غپاك,لبنيات‌ پاك‌,436,1462406,18381841280,12180,12330,12530,350,2.87,12570,390,3.2,12120,12780,1400-10-4,2021-12-25
363,ضخود1050,اختيارخ خودرو-1600-1400/10/08,435,29082,10684260000,369,400,300,-69,-18.7,367,-2,-0.54,300,449,1400-10-4,2021-12-25
364,وشهر,بانك شهر,434,4349015,18127284248,4049,4170,4170,121,2.99,4132,83,2.05,4100,4170,1400-10-4,2021-12-25
365,همراه,شركت ارتباطات سيار ايران,429,2212811,18422678430,8190,8520,8280,90,1.1,8210,20,0.24,8250,8520,1400-10-4,2021-12-25
366,خموتورح,ح . موتورسازان‌تراكتورسازي‌,422,5740822,15873037789,2831,2877,2701,-130,-4.59,2765,-66,-2.33,2610,2890,1400-10-4,2021-12-25
367,سخاش,سيمان‌خاش‌,421,198947,17862561480,85830,90120,89110,3280,3.82,89790,3960,4.61,88000,90120,1400-10-4,2021-12-25
368,وهنر,گروه توسعه هنر ايران,420,5734214,13950456978,2373,2444,2407,34,1.43,2433,60,2.53,2400,2444,1400-10-4,2021-12-25
369,تبرك,گروه كارخانجات صنعتي تبرك,417,1172640,9708251227,8331,8726,8180,-151,-1.81,8297,-34,-0.41,8041,8726,1400-10-4,2021-12-25
370,سپاها,سيمان‌سپاهان‌,417,3061948,22601867730,7040,7260,7380,340,4.83,7380,340,4.83,7260,7390,1400-10-4,2021-12-25
371,وبوعلي,سرمايه‌گذاري‌بوعلي‌,416,2725418,10334092687,3736,3818,3690,-46,-1.23,3774,38,1.02,3680,3900,1400-10-4,2021-12-25
372,قنيشا,قند  نيشابور,416,976994,34925230070,34070,35000,35770,1700,4.99,35750,1680,4.93,35000,35770,1400-10-4,2021-12-25
373,خوساز,محورسازان‌ايران‌خودرو,412,3536563,23654761830,6420,6580,6640,220,3.43,6690,270,4.21,6500,6740,1400-10-4,2021-12-25
374,دبالك,مواد اوليه دارويي البرز بالك,408,3603464,26288131667,6985,7334,7334,349,5,7295,310,4.44,7147,7334,1400-10-4,2021-12-25
375,پاكشو,گروه صنعتي پاكشو,406,3252885,19871332970,6260,6300,6090,-170,-2.72,6230,-30,-0.48,6010,6300,1400-10-4,2021-12-25
376,كمينا,شيشه سازي مينا,406,2288046,19639535050,8483,8699,8737,254,2.99,8584,101,1.19,8229,8737,1400-10-4,2021-12-25
377,كاريس,صندوق س.سپهر كاريزما-س,405,1785241,24273860477,13394,13550,13410,16,0.12,13597,203,1.52,13392,13810,1400-10-4,2021-12-25
378,زشگزا,شير و گوشت زاگرس شهركرد,405,3706492,18302434229,4844,4998,4920,76,1.57,4938,94,1.94,4846,5085,1400-10-4,2021-12-25
379,گنگين,اقتصادي نگين گردشگري ايرانيان,403,3322834,100059784995,30217,30300,29600,-617,-2.04,30113,-104,-0.34,29311,31119,1400-10-4,2021-12-25
380,حتوكا,حمل‌ونقل‌توكا,402,1331577,14555835510,10950,11210,10630,-320,-2.92,10930,-20,-0.18,10580,11450,1400-10-4,2021-12-25
381,مبين,مبين انرژي خليج فارس,399,1901451,49217809340,24760,25490,25600,840,3.39,25200,440,1.78,25480,25990,1400-10-4,2021-12-25
382,ومشان,س. فني و مهندسي مشانير,399,370691,15278031990,42150,40900,40886,-1264,-3,41215,-935,-2.22,40886,42298,1400-10-4,2021-12-25
383,كي بي سي,شركت كي بي سي,399,893691,14158502805,16286,16400,15472,-814,-5,15856,-430,-2.64,15472,16730,1400-10-4,2021-12-25
384,بشهاب,لامپ‌  پارس‌ شهاب‌,394,190596,26135173130,133390,139000,136500,3110,2.33,137120,3730,2.8,133410,139000,1400-10-4,2021-12-25
385,ونفت,سرمايه‌گذاري‌ صنعت‌ نفت‌,394,1450474,20426677160,13690,14180,14150,460,3.36,14080,390,2.85,13710,14180,1400-10-4,2021-12-25
386,ثپرديس,سرمايه گذاري مسكن پرديس,392,3771150,13458666663,3647,3787,3466,-181,-4.96,3575,-72,-1.97,3466,3787,1400-10-4,2021-12-25
387,غپآذر,شير پگاه آذربايجان شرقي,392,567723,15899178961,28760,28780,27322,-1438,-5,28005,-755,-2.63,27322,28780,1400-10-4,2021-12-25
388,وثخوز,سرمايه گذاري و توسعه خوزستان,391,651841,19193332204,29903,30500,29081,-822,-2.75,29445,-458,-1.53,29006,30800,1400-10-4,2021-12-25
389,وايرا,سرمايه گذاري صنايع ايران,391,4689017,21458812239,4450,4579,4583,133,2.99,4576,126,2.83,4502,4583,1400-10-4,2021-12-25
390,حسينا,توسعه خدمات دريايي وبندري سينا,381,576824,24617835094,41924,43979,41800,-124,-0.3,42678,754,1.8,39828,44020,1400-10-4,2021-12-25
391,خصدرا,صنعتي‌ دريايي‌ ايران‌,377,17476431,35407249206,1967,2026,2026,59,3,2026,59,3,2026,2026,1400-10-4,2021-12-25
392,دلر,داروسازي‌ اكسير,374,574095,24413033270,42490,42760,42150,-340,-0.8,42520,30,0.07,41730,43450,1400-10-4,2021-12-25
393,سپاس,صندوق س. پاداش سهامداري-ثابت,374,16402060,165727027548,10090,10104,10104,14,0.14,10104,14,0.14,10104,10107,1400-10-4,2021-12-25
394,بايكا,كارخانجات كابلسازي ‌ايران‌,374,779239,13414848473,17727,17200,17196,-531,-3,17215,-512,-2.89,17196,17589,1400-10-4,2021-12-25
395,كگاز,شيشه‌ و گاز,369,1827421,29806198370,15740,16170,16340,600,3.81,16310,570,3.62,15610,16520,1400-10-4,2021-12-25
396,ومعلم,بيمه معلم,368,4505718,8914955896,1935,2025,1941,6,0.31,1960,25,1.29,1920,2025,1400-10-4,2021-12-25
397,وخاور,بانك خاورميانه,366,13754287,69687213410,5037,5120,4960,-77,-1.53,5070,33,0.66,4940,5120,1400-10-4,2021-12-25
398,وپترو,سرمايه‌گذاري صنايع پتروشيمي‌,365,1404442,14990179600,10530,10610,10480,-50,-0.47,10670,140,1.33,10360,10970,1400-10-4,2021-12-25
399,سنيرح,ح . سيمان‌ سفيدني‌ريز,364,402295,8243405450,20370,20750,19800,-570,-2.8,20490,120,0.59,19440,21220,1400-10-4,2021-12-25
400,سدور,سيمان‌ دورود,364,2348658,12607291650,5330,5530,5250,-80,-1.5,5360,30,0.56,5210,5550,1400-10-4,2021-12-25
401,شرنگي,شيميايي رنگين,364,127862,23075285836,175435,178856,180698,5263,3,180470,5035,2.87,177001,180698,1400-10-4,2021-12-25
402,ضملت1133,اختيارخ وبملت-3000-1400/11/13,363,13273,4304322000,304,332,300,-4,-1.32,324,20,6.58,292,409,1400-10-4,2021-12-25
403,وجامي,سرمايه گذاري جامي,363,1890684,8084808612,4349,4470,4219,-130,-2.99,4289,-60,-1.38,4219,4470,1400-10-4,2021-12-25
404,ثعمرا,عمران و توسعه شاهد,361,3253086,24612175703,7473,7260,7395,-78,-1.04,7566,93,1.24,7200,7835,1400-10-4,2021-12-25
405,الماس,صندوق س.امين تدبيرگران فردا-س,360,132315,13577645153,106601,103000,101012,-5589,-5.24,102616,-3985,-3.74,101000,106180,1400-10-4,2021-12-25
406,غناب,روغن‌ نباتي‌ ناب,358,207545,28734585342,131978,138506,138576,6598,5,138450,6472,4.9,135937,138576,1400-10-4,2021-12-25
407,والبر,سرمايه‌ گذاري‌ البرز(هلدينگ‌,357,1778941,13476739550,7350,7710,7400,50,0.68,7470,120,1.63,7370,7710,1400-10-4,2021-12-25
408,وساشرقي,شركت س استان آذربايجان شرقي,357,26495614,12157727158,440,452,453,13,2.95,446,6,1.36,444,462,1400-10-4,2021-12-25
409,ولشرقح,ح . ليزينگ ايران و شرق,357,6532507,5540853149,832,868,839,7,0.84,848,16,1.92,812,873,1400-10-4,2021-12-25
410,كنور,توسعه معدني و صنعتي صبانور,356,756722,14852888770,19090,19450,19500,410,2.15,19170,80,0.42,19100,19910,1400-10-4,2021-12-25
411,ثزاگرس,سرمايه گذاري توسعه عمران زاگرس,355,468434,16076024660,35195,36000,34141,-1054,-2.99,34319,-876,-2.49,34140,36000,1400-10-4,2021-12-25
412,فولاژ,فولاد آلياژي ايران,355,864912,15329838750,17710,17750,17600,-110,-0.62,17710,0,0,17340,18280,1400-10-4,2021-12-25
413,ولقمان,سرمايه گذاري لقمان,351,1564148,4212246475,2733,2653,2654,-79,-2.89,2716,-17,-0.62,2652,2800,1400-10-4,2021-12-25
414,فيروزه,صندوق شاخص30 شركت فيروزه- سهام,348,206334,35908133580,172800,174000,173490,690,0.4,174030,1230,0.71,172000,176400,1400-10-4,2021-12-25
415,ضخود1051,اختيارخ خودرو-1800-1400/10/08,346,13871,2759624000,193,220,130,-63,-32.64,199,6,3.11,130,231,1400-10-4,2021-12-25
416,آكورد,صندوق س. آرمان آتي كوثر-د,346,4229880,151945147026,35868,35921,35921,53,0.15,35922,54,0.15,35921,35925,1400-10-4,2021-12-25
417,ميهن,بيمه ميهن,346,4737171,10439096891,2212,2180,2149,-63,-2.85,2206,-6,-0.27,2115,2300,1400-10-4,2021-12-25
418,وبشهر,توسعه‌ صنايع‌ بهشهر(هلدينگ,344,5036371,36079228030,6830,7170,7170,340,4.98,7110,280,4.1,7020,7170,1400-10-4,2021-12-25
419,سرچشمه,سرمايه گذاري مس سرچشمه,340,3667597,18902327990,5058,5179,5150,92,1.82,5154,96,1.9,4850,5290,1400-10-4,2021-12-25
420,كساپا,سايپاشيشه‌,338,903745,14334760710,15430,16200,15770,340,2.2,15830,400,2.59,15430,16200,1400-10-4,2021-12-25
421,بنو,بيمه تجارت نو,336,2697044,17737687449,6538,6650,6570,32,0.49,6577,39,0.6,6540,6750,1400-10-4,2021-12-25
422,سصوفي,سيمان‌ صوفيان‌,335,1504412,21299252610,13500,14140,14170,670,4.96,14160,660,4.89,13870,14170,1400-10-4,2021-12-25
423,لسرما,سرما آفرين‌,334,1095182,20187413530,17840,18040,18150,310,1.74,18430,590,3.31,17900,18730,1400-10-4,2021-12-25
424,دانا,بيمه دانا,332,3179622,14118295781,4348,4349,4400,52,1.2,4433,85,1.95,4349,4549,1400-10-4,2021-12-25
425,پرديس,سرمايه گذاري پرديس,332,3466749,12442154760,3473,3570,3560,87,2.51,3566,93,2.68,3457,3646,1400-10-4,2021-12-25
426,اخابر,مخابرات ايران,332,5282434,38667416880,6980,7320,7320,340,4.87,7080,100,1.43,7320,7320,1400-10-4,2021-12-25
427,نمرينو,ايران‌ مرينوس‌,328,252125,19811113450,77820,74600,78740,920,1.18,78580,760,0.98,74600,80000,1400-10-4,2021-12-25
428,ثالوند,سرمايه گذاري مسكن الوند,327,2819401,17615829271,5959,6219,6256,297,4.98,6248,289,4.85,6150,6256,1400-10-4,2021-12-25
429,سهرمز,سيمان‌هرمزگان‌,326,1706065,27464014650,16020,16060,15930,-90,-0.56,16100,80,0.5,15780,16530,1400-10-4,2021-12-25
430,شكربن,كربن‌ ايران‌,326,154690,14831783380,93380,97500,94000,620,0.66,95790,2410,2.58,93500,97790,1400-10-4,2021-12-25
431,كفرآور,فرآورده هاي سيمان شرق,326,1374918,26143412088,18529,18110,19084,555,3,19015,486,2.62,18110,19084,1400-10-4,2021-12-25
432,دامين,داروسازي‌ امين‌,325,3854310,9159262298,2385,2401,2350,-35,-1.47,2380,-5,-0.21,2312,2478,1400-10-4,2021-12-25
433,غشان,شيرپاستوريزه‌پگاه‌خراسان‌,325,3126993,12143077453,3749,3936,3838,89,2.37,3854,105,2.8,3800,3936,1400-10-4,2021-12-25
434,شتوكا,توكا رنگ فولاد سپاهان,325,913556,12189860149,13189,13669,12966,-223,-1.69,13313,124,0.94,12750,13669,1400-10-4,2021-12-25
435,ثمسكن,سرمايه‌گذاري‌ مسكن‌,325,3432395,13224752958,3950,3920,3753,-197,-4.99,3862,-88,-2.23,3753,4040,1400-10-4,2021-12-25
436,كخاك,صنايع‌خاك‌چيني‌ايران‌,324,921702,13198038510,13830,14490,14000,170,1.23,14150,320,2.31,13930,14520,1400-10-4,2021-12-25
437,قيستو,شركت قند بيستون,323,1021859,21087095070,21195,20563,21300,105,0.5,20636,-559,-2.64,20560,21400,1400-10-4,2021-12-25
438,غگلپا,شير پاستوريزه پگاه گلپايگان,321,502716,26896165369,52850,54800,52850,0,0,53502,652,1.23,52850,54800,1400-10-4,2021-12-25
439,لابسا,آبسال‌,321,300491,9685386180,32500,33000,31980,-520,-1.6,32330,-170,-0.52,31200,33800,1400-10-4,2021-12-25
440,ددام,داروسازي زاگرس فارمد پارس,318,1431834,11820427960,7880,8270,8270,390,4.95,8160,280,3.55,8060,8270,1400-10-4,2021-12-25
441,دارا,صندوق س. دارا الگوريتم-د,314,13953614,138978663221,9943,9961,9960,17,0.17,9960,17,0.17,9960,9968,1400-10-4,2021-12-25
442,خچرخش,چرخشگر,312,1056511,7786556770,7410,7530,7210,-200,-2.7,7390,-20,-0.27,7210,7620,1400-10-4,2021-12-25
443,بالاس,مهندسي ساختمان تاسيسات راه آهن,308,666916,17496616383,26750,27000,25435,-1315,-4.92,26235,-515,-1.93,25413,27860,1400-10-4,2021-12-25
444,رنيك,جنرال مكانيك,306,1672010,18304028585,10445,10950,10967,522,5,10947,502,4.81,10710,10967,1400-10-4,2021-12-25
445,وبيمه,سرمايه‌ گذاري‌ صنعت‌ بيمه‌,305,6462973,9537250510,1474,1518,1489,15,1.02,1475,1,0.07,1430,1520,1400-10-4,2021-12-25
446,پلاستح,ح.كارخانجات توليدي پلاستيران,305,3150334,11045729176,3603,3495,3495,-108,-3,3506,-97,-2.69,3495,3605,1400-10-4,2021-12-25
447,اوان,مبين وان كيش,304,1045725,11837672294,11524,12088,11200,-324,-2.81,11360,-164,-1.42,10948,12088,1400-10-4,2021-12-25
448,دزهراوي,داروسازي‌زهراوي‌,302,1796381,7817470407,4249,4459,4350,101,2.38,4301,52,1.22,4211,4459,1400-10-4,2021-12-25
449,كوثر,بيمه كوثر,300,2961309,11530431715,3775,3936,3900,125,3.31,3827,52,1.38,3814,3939,1400-10-4,2021-12-25
450,زر,صندوق س.پشتوانه سكه طلاي زر,298,162949,9196194974,58330,57800,56550,-1780,-3.05,56436,-1894,-3.25,56100,57800,1400-10-4,2021-12-25
451,فمراد,آلومراد,298,526633,6696812290,12570,13180,12500,-70,-0.56,12630,60,0.48,12310,13180,1400-10-4,2021-12-25
452,سلار,شركت سيمان لارستان,298,588093,15115638966,26193,26346,25408,-785,-3,25703,-490,-1.87,25408,26600,1400-10-4,2021-12-25
453,دتماد,توليدمواداوليه‌داروپخش‌,297,478409,20553598330,42490,41930,43400,910,2.14,42960,470,1.11,41930,44390,1400-10-4,2021-12-25
454,واتي,سرمايه‌ گذاري‌ آتيه‌ دماوند,296,4408972,43233972550,9480,9750,9570,90,0.95,9810,330,3.48,9530,9950,1400-10-4,2021-12-25
455,غشهد,شهد ايران ‌,296,1662160,7409160068,4440,4498,4386,-54,-1.22,4449,9,0.2,4303,4662,1400-10-4,2021-12-25
456,جم,پتروشيمي جم,295,1152475,57592322010,49420,50770,50000,580,1.17,49730,310,0.63,49300,50770,1400-10-4,2021-12-25
457,تايرا,تراكتورسازي‌ايران‌,294,625077,13476876500,21230,21230,21000,-230,-1.08,21390,160,0.75,20970,22250,1400-10-4,2021-12-25
458,فسا,پتروشيمي فسا,293,6684215,6474191137,967,980,970,3,0.31,968,1,0.1,950,985,1400-10-4,2021-12-25
459,كلوند,كاشي‌ الوند,293,515202,11367782470,21840,22760,21640,-200,-0.92,22010,170,0.78,21240,22760,1400-10-4,2021-12-25
460,تسه9810,امتياز تسهيلات مسكن دي98,292,6294,5465981999,843602,865000,885782,42180,5,868443,24841,2.94,820111,885782,1400-10-4,2021-12-25
461,لازما,كارخانه هاي صنعتي آزمايش,291,749450,19510195988,25553,26319,25693,140,0.55,26033,480,1.88,25050,26319,1400-10-4,2021-12-25
462,زگلدشت,كشت و دام گلدشت نمونه اصفهان,291,2190235,20411392652,8905,9350,9349,444,4.99,9319,414,4.65,9169,9350,1400-10-4,2021-12-25
463,ثباغ,شهر سازي و خانه سازي باغميشه,289,1596914,12467107598,7436,7807,7807,371,4.99,7730,294,3.95,7807,7807,1400-10-4,2021-12-25
464,نوين,بيمه نوين,288,3984250,14801834937,3666,3730,3670,4,0.11,3714,48,1.31,3670,3799,1400-10-4,2021-12-25
465,وكادو,تكادو,288,1537816,22838651565,14503,14936,14797,294,2.03,14851,348,2.4,14090,14938,1400-10-4,2021-12-25
466,پدرخش,درخشان‌ تهران‌,288,762359,13111159530,16810,17490,17250,440,2.62,17140,330,1.96,16600,17640,1400-10-4,2021-12-25
467,وصندوقح,ح.سرمايه گذاري صندوق بازنشستگي,287,1526150,17485028090,11520,11330,11520,0,0,11460,-60,-0.52,11170,11580,1400-10-4,2021-12-25
468,پكويرح,ح. كوير تاير,286,1716945,5783446768,3267,3330,3340,73,2.23,3368,101,3.09,3241,3458,1400-10-4,2021-12-25
469,وتوسم,سرمايه‌گذاري‌توسعه‌ملي‌,286,950549,8683244880,9060,9270,9100,40,0.44,9100,40,0.44,9010,9280,1400-10-4,2021-12-25
470,تكمبا,كمباين‌ سازي‌ ايران‌,285,2599988,9453222336,3510,3681,3560,50,1.42,3587,77,2.19,3457,3685,1400-10-4,2021-12-25
471,ساروم,سيمان‌اروميه‌,282,432154,17720567040,40940,42360,40490,-450,-1.1,41010,70,0.17,40480,42360,1400-10-4,2021-12-25
472,شپارس,بين‌ المللي‌ محصولات‌  پارس‌,280,2026546,14747947140,7040,7210,7360,320,4.55,7270,230,3.27,7020,7390,1400-10-4,2021-12-25
473,شرانل,نفت ايرانول,280,609156,28436603397,45432,47500,46690,1258,2.77,46384,952,2.1,46130,47700,1400-10-4,2021-12-25
474,كدما,معدني‌ دماوند,279,304118,21026718520,65850,69140,69140,3290,5,69140,3290,5,69140,69140,1400-10-4,2021-12-25
475,قشرين,قند شيرين خراسان,278,1966739,12722770066,6570,6435,6373,-197,-3,6469,-101,-1.54,6373,6700,1400-10-4,2021-12-25
476,دكپسول,توليد ژلاتين كپسول ايران,278,263190,8005843258,30490,31500,29867,-623,-2.04,30452,-38,-0.12,29701,31500,1400-10-4,2021-12-25
477,قصفها,قنداصفهان‌,276,314067,22119689060,67200,70560,70560,3360,5,70430,3230,4.81,67540,70560,1400-10-4,2021-12-25
478,عيار,صندوق سكه طلاي مفيد,275,458216,14862485220,33061,32850,32420,-641,-1.94,32436,-625,-1.89,32301,32850,1400-10-4,2021-12-25
479,فافق,صنايع مس افق كرمان,274,2310866,7552594450,3253,3350,3286,33,1.01,3264,11,0.34,3172,3350,1400-10-4,2021-12-25
480,غفارس,شير پاستوريزه پگاه فارس,272,1530156,7897626164,5118,5249,5020,-98,-1.91,5141,23,0.45,5000,5341,1400-10-4,2021-12-25
481,خاور,ايران خودرو ديزل,270,11413282,13296473530,1132,1165,1165,33,2.92,1158,26,2.3,1165,1165,1400-10-4,2021-12-25
482,كسعدي,كاشي‌ سعدي‌,265,1088807,7869797790,7140,7300,7200,60,0.84,7190,50,0.7,7070,7420,1400-10-4,2021-12-25
483,ريشمك,توليد و صادرات ريشمك,262,440450,13670626510,30059,30100,30610,551,1.83,30923,864,2.87,30100,31500,1400-10-4,2021-12-25
484,فبيرا,بسته‌ بندي‌ ايران‌,262,5111188,9186422309,1818,1772,1764,-54,-2.97,1799,-19,-1.05,1764,1869,1400-10-4,2021-12-25
485,پاسا,ايران‌ياساتايرورابر,262,744027,9927932190,13130,13780,13140,10,0.08,13270,140,1.07,12790,13780,1400-10-4,2021-12-25
486,آبين,كشت و صنعت آبشيرين,259,5766336,10244973926,1826,1777,1772,-54,-2.96,1777,-49,-2.68,1772,1875,1400-10-4,2021-12-25
487,حپترو,حمل و نقل پتروشيمي( سهامي عام,259,490462,10768027270,21560,21980,22060,500,2.32,21840,280,1.3,20910,22500,1400-10-4,2021-12-25
488,شراز,پالايش نفت شيراز,259,94842,10618157701,110032,115400,111001,969,0.88,110476,444,0.4,109100,115400,1400-10-4,2021-12-25
489,خديزل,بهمن  ديزل,256,256571,13712408289,52914,53000,53389,475,0.9,53255,341,0.64,52212,54700,1400-10-4,2021-12-25
490,تسه0004,امتيازتسهيلات مسكن تير1400,254,4326,3873519471,872452,828830,916074,43622,5,895404,22952,2.63,828830,916074,1400-10-4,2021-12-25
491,وثنو,سرمايه گذاري ساختماني نوين,254,1955503,8731170339,4470,4600,4393,-77,-1.72,4466,-4,-0.09,4365,4600,1400-10-4,2021-12-25
492,ولانا,شركت ليزينگ آريا دانا,253,890098,8978930002,9819,10100,10005,186,1.89,10088,269,2.74,9905,10113,1400-10-4,2021-12-25
493,وملي,گروه‌ صنعتي‌ ملي‌ (هلدينگ‌,253,177466,25874542800,138860,145800,145800,6940,5,145800,6940,5,145800,145800,1400-10-4,2021-12-25
494,فلامي,لاميران‌,252,625597,11946594660,19230,19230,18750,-480,-2.5,19120,-110,-0.57,18600,20040,1400-10-4,2021-12-25
495,گوهر,صندوق سكه طلاي كيان,251,439157,27882727830,64382,63700,63670,-712,-1.11,63491,-891,-1.38,63014,63999,1400-10-4,2021-12-25
496,تصميم,صندوق س با درآمد ثابت تصميم,251,2568813,47071840713,18306,18323,18325,19,0.1,18324,18,0.1,18323,18326,1400-10-4,2021-12-25
497,فافزا,فولاد افزا سپاهان,250,285580,8971847582,32321,31365,31352,-969,-3,31486,-835,-2.58,31352,32779,1400-10-4,2021-12-25
498,لخزر,پارس‌ خزر,250,65796,7414801600,112290,116440,112500,210,0.19,112490,200,0.18,109810,116440,1400-10-4,2021-12-25
499,ولراز,ليزينگ رازي,250,536435,10068276953,18636,18260,18428,-208,-1.12,18769,133,0.71,18251,19190,1400-10-4,2021-12-25
500,تسه0005,امتيازتسهيلات مسكن مرداد 1400,250,2847,2561092938,872938,831099,916584,43646,5,899576,26638,3.05,831099,916584,1400-10-4,2021-12-25
501,كگهر,سنگ آهن گهرزمين,249,1413394,67427676296,46755,46755,47770,1015,2.17,47279,524,1.12,46755,48500,1400-10-4,2021-12-25
502,تماوند,تامين سرمايه دماوند,248,2720580,15922130268,5771,5828,5810,39,0.68,5850,79,1.37,5700,5905,1400-10-4,2021-12-25
503,غگلستا,شير پاستوريزه پگاه گلستان,247,878507,8481143256,9501,9744,9400,-101,-1.06,9586,85,0.89,9324,9940,1400-10-4,2021-12-25
504,سقاين,سيمان‌ قائن‌,247,281268,11730007180,41540,42760,41000,-540,-1.3,41670,130,0.31,39510,43470,1400-10-4,2021-12-25
505,ختور,رادياتور ايران‌,245,1613808,19704595680,11630,12210,12210,580,4.99,12210,580,4.99,12210,12210,1400-10-4,2021-12-25
506,سيستم,همكاران سيستم,245,1597041,7851325572,4914,5002,4988,74,1.51,4915,1,0.02,4800,5002,1400-10-4,2021-12-25
507,قلرست,قند لرستان‌,242,584574,8172641420,13750,14130,13590,-160,-1.16,13870,120,0.87,13440,14430,1400-10-4,2021-12-25
508,شدوص,دوده‌ صنعتي‌ پارس‌,242,1176129,13850193350,11550,12120,11940,390,3.38,11750,200,1.73,11550,12120,1400-10-4,2021-12-25
509,شتوكاح,ح . توكا رنگ فولاد سپاهان,242,822271,8979612570,11349,11110,10782,-567,-5,10921,-428,-3.77,10782,11369,1400-10-4,2021-12-25
510,چافست,افست‌,242,1630620,13494317370,7910,7750,8300,390,4.93,8220,310,3.92,7750,8300,1400-10-4,2021-12-25
511,اتكام,بيمه اتكايي امين,238,2591557,12589078614,4955,4930,4900,-55,-1.11,4872,-83,-1.68,4745,4930,1400-10-4,2021-12-25
512,سپيدما,صندوق س. سپيد دماوند-د,238,11750333,136103204110,11565,11582,11587,22,0.19,11583,18,0.16,11582,11587,1400-10-4,2021-12-25
513,زرين,صندوق س. سهام زرين كوروش-س,238,1127531,15084073066,13199,13203,13270,71,0.54,13378,179,1.36,13070,13535,1400-10-4,2021-12-25
514,لبوتان,گروه‌صنعتي‌بوتان‌,235,236439,10895086610,45970,47170,46140,170,0.37,46050,80,0.17,44500,47850,1400-10-4,2021-12-25
515,وصندوق,سرمايه‌گذاري‌صندوق‌بازنشستگي‌,234,846928,10809760600,12640,13160,12740,100,0.79,12650,10,0.08,12640,13160,1400-10-4,2021-12-25
516,حبندرح,ح.دريايي وكشتيراني خط دريابندر,233,1386981,15616229675,10950,11068,11278,328,3,11259,309,2.82,11000,11278,1400-10-4,2021-12-25
517,اعتلا,شركت سرمايه گذاري اعتلاء البرز,232,2311983,8463834790,3548,3650,3611,63,1.78,3610,62,1.75,3580,3723,1400-10-4,2021-12-25
518,شدوصح,ح . دوده‌ صنعتي‌ پارس‌,231,930086,6957566310,7550,7630,7450,-100,-1.32,7480,-70,-0.93,7320,7700,1400-10-4,2021-12-25
519,دجابر,داروسازي‌ جابرابن‌حيان‌,230,1538730,16747545860,10600,11110,10930,330,3.11,10880,280,2.64,10800,11110,1400-10-4,2021-12-25
520,شوينده,مديريت صنعت شوينده ت.ص.بهشهر,230,630013,12658857240,19710,20100,20150,440,2.23,20030,320,1.62,19850,20680,1400-10-4,2021-12-25
521,پكوير,كوير تاير,230,1353697,7457377900,5400,5570,5470,70,1.3,5450,50,0.93,5420,5630,1400-10-4,2021-12-25
522,غپونه,نوش پونه مشهد,228,365727,4134937254,11463,11550,11149,-314,-2.74,11397,-66,-0.58,11120,11640,1400-10-4,2021-12-25
523,غچين,كشت‌ و صنعت‌ چين‌ چين,227,711663,7918260660,11200,11320,11140,-60,-0.54,11160,-40,-0.36,10900,11640,1400-10-4,2021-12-25
524,بسويچ,پارس‌سويچ‌,226,475088,6271160560,13410,13720,13060,-350,-2.61,13320,-90,-0.67,12740,13880,1400-10-4,2021-12-25
525,تسه0003,امتيازتسهيلات مسكن خرداد1400,226,4165,3717929249,872338,828723,915954,43616,5,892660,20322,2.33,828723,915954,1400-10-4,2021-12-25
526,كپرور,فرآوري زغال سنگ پروده طبس,226,438647,11647350663,26431,27380,26200,-231,-0.87,26525,94,0.36,25800,27752,1400-10-4,2021-12-25
527,وآرين,شركت توسعه اقتصادي آرين,223,4048449,7182693081,1784,1800,1786,2,0.11,1777,-7,-0.39,1762,1825,1400-10-4,2021-12-25
528,تنوين,تامين سرمايه نوين,223,3657874,21382788940,5770,5950,5780,10,0.17,5820,50,0.87,5700,5950,1400-10-4,2021-12-25
529,افق,فروشگاههاي زنجيره اي افق كوروش,223,152440,6444190920,41950,42620,42110,160,0.38,41990,40,0.1,41840,43090,1400-10-4,2021-12-25
530,نتوس,پشم‌ بافي‌ توس,222,710391,7983747973,11054,11380,11315,261,2.36,11199,145,1.31,11058,11385,1400-10-4,2021-12-25
531,مفاخر,توسعه فناوري اطلاعات خوارزمي,222,331341,9045138723,26969,27200,26760,-209,-0.77,27165,196,0.73,26760,27989,1400-10-4,2021-12-25
532,قنقش,قند نقش جهان,220,156718,20885851112,130926,130930,133544,2618,2,133270,2344,1.79,130930,133544,1400-10-4,2021-12-25
533,وملل,اعتباري ملل,220,2585573,22180609475,8394,8800,8410,16,0.19,8513,119,1.42,8410,8810,1400-10-4,2021-12-25
534,ولبهمن,شركت بهمن ليزينگ,217,1263615,8199067427,6525,6500,6300,-225,-3.45,6505,-20,-0.31,6300,6826,1400-10-4,2021-12-25
535,ويسا,سرمايه گذاري ايساتيس پويا,214,1650224,13649819064,8229,8430,8114,-115,-1.4,8271,42,0.51,7860,8430,1400-10-4,2021-12-25
536,سدشت,صنايع سيمان دشتستان,213,165191,4425038450,26950,27920,26500,-450,-1.67,26900,-50,-0.19,26010,27920,1400-10-4,2021-12-25
537,بنيرو,نيروترانس‌,212,2840346,4872072840,1704,1755,1661,-43,-2.52,1708,4,0.23,1654,1789,1400-10-4,2021-12-25
538,تكشا,گسترش‌صنايع‌وخدمات‌كشاورزي‌,212,1036741,34641508770,31900,33490,33490,1590,4.98,33410,1510,4.73,32300,33490,1400-10-4,2021-12-25
539,نيرو,نيرو سرمايه,211,225381,7031888057,31430,32190,30800,-630,-2,31267,-163,-0.52,30560,32190,1400-10-4,2021-12-25
540,ولشرق,ليزينگ ايران و شرق,208,4085437,9458367091,2306,2380,2314,8,0.35,2312,6,0.26,2266,2380,1400-10-4,2021-12-25
541,تسه0002,امتيازتسهيلاتمسكن ارديبهشت1400,208,2857,2583235192,873084,873084,916738,43654,5,904177,31093,3.56,832522,916738,1400-10-4,2021-12-25
542,پلاسك,پلاسكوكار,207,2126750,8409531889,3921,4056,3931,10,0.26,3939,18,0.46,3803,4117,1400-10-4,2021-12-25
543,آساس,صندوق س.آسمان آرماني سهام-س,207,117007,19900954252,171061,171101,167701,-3360,-1.96,170083,-978,-0.57,167701,173000,1400-10-4,2021-12-25
544,داسوه,داروسازي‌ اسوه‌,206,240849,6705008550,27820,29170,27290,-530,-1.91,27830,10,0.04,27100,29170,1400-10-4,2021-12-25
545,كحافظ,كاشي‌ وسراميك‌ حافظ‌,205,4223242,15945458143,3605,3785,3740,135,3.74,3776,171,4.74,3690,3785,1400-10-4,2021-12-25
546,شپاس,نفت پاسارگاد,205,360792,5733476321,15212,15880,15897,685,4.5,15461,249,1.64,15555,15972,1400-10-4,2021-12-25
547,ماني,صندوق س. با درآمد ثابت ماني,201,5707057,60965455195,10666,10683,10683,17,0.16,10682,16,0.15,10682,10683,1400-10-4,2021-12-25
548,درهآور,دارويي ره آورد تامين,200,579584,12221203506,20300,21315,20440,140,0.69,20917,617,3.04,20352,21315,1400-10-4,2021-12-25
549,ثشرق,سرمايه گذاري مسكن شمال شرق,199,2524776,8679097791,3329,3350,3380,51,1.53,3390,61,1.83,3300,3495,1400-10-4,2021-12-25
550,دشيمي,شيمي‌ داروئي‌ داروپخش‌,199,724719,16318110120,22340,22000,22110,-230,-1.03,22520,180,0.81,22000,22990,1400-10-4,2021-12-25
551,سفار,سيمان‌فارس‌,199,248738,14150577900,54230,56740,56940,2710,5,56620,2390,4.41,55240,56940,1400-10-4,2021-12-25
552,مداران,داده‌پردازي‌ايران‌,199,1384355,19754924820,13600,14220,14130,530,3.9,14270,670,4.93,13900,14280,1400-10-4,2021-12-25
553,سغرب,سيمان‌غرب‌,198,727943,10239176700,13420,13960,14090,670,4.99,13840,420,3.13,13620,14090,1400-10-4,2021-12-25
554,سكرد,سيمان كردستان,196,1592433,7265365907,4448,4588,4555,107,2.41,4502,54,1.21,4454,4660,1400-10-4,2021-12-25
555,ثامان,سامان‌ گستراصفهان‌,196,675826,6287638800,9040,9490,9110,70,0.77,9150,110,1.22,9020,9490,1400-10-4,2021-12-25
556,سخزر,سيمان‌ خزر,194,686114,12519610110,17690,17420,17800,110,0.62,18140,450,2.54,17420,18570,1400-10-4,2021-12-25
557,فاما,صنعتي‌ آما,192,488282,9471884850,19400,18810,19400,0,0,19400,0,0,18810,20080,1400-10-4,2021-12-25
558,سمازن,سيمان‌مازندران‌,191,434271,6143617030,14030,14720,13900,-130,-0.93,14080,50,0.36,13890,14720,1400-10-4,2021-12-25
559,دابور,داروسازي‌ ابوريحان‌,190,353565,7791020110,22060,22500,21650,-410,-1.86,22050,-10,-0.05,21610,22500,1400-10-4,2021-12-25
560,كقزوي,شيشه‌ قزوين‌,190,1413929,11378555186,8078,8300,8140,62,0.77,8047,-31,-0.38,7836,8300,1400-10-4,2021-12-25
561,سمتاز,سيمان ممتازان كرمان,188,490393,7551761970,15484,15948,15250,-234,-1.51,15420,-64,-0.41,15020,15948,1400-10-4,2021-12-25
562,لخانه,لوازم‌ خانگي‌ پارس‌,187,313176,4911737279,16018,15538,15538,-480,-3,15850,-168,-1.05,15538,16280,1400-10-4,2021-12-25
563,اخزا002,اسنادخزانه-م2بودجه00-031024,187,394516,195276164290,494300,499990,495010,710,0.14,494980,680,0.14,494000,499990,1400-10-4,2021-12-25
564,سفانو,سيمان فارس نو,187,322712,8031064940,23970,23500,24600,630,2.63,24440,470,1.96,23500,25160,1400-10-4,2021-12-25
565,آساميد,صندوق س.مشترك آسمان اميد -د,183,2400617,32910865136,13687,13711,13710,23,0.17,13709,22,0.16,13708,13711,1400-10-4,2021-12-25
566,فجام,جام‌دارو,177,976425,3866568419,3892,4020,3928,36,0.92,3909,17,0.44,3904,4020,1400-10-4,2021-12-25
567,زقيام,كشت و دام قيام اصفهان,177,4722051,5784512475,1167,1225,1225,58,4.97,1188,21,1.8,1225,1225,1400-10-4,2021-12-25
568,ضخود2019,اختيارخ خودرو-2500-1401/02/07,176,7831,1297315000,140,190,150,10,7.14,166,26,18.57,148,199,1400-10-4,2021-12-25
569,خپويش,سازه‌ پويش‌,173,104821,7284522870,69410,72850,70300,890,1.28,69450,40,0.06,67510,72850,1400-10-4,2021-12-25
570,تسه9908,امتياز تسهيلات مسكن آبان99,172,4818,4351952693,866585,870000,909914,43329,5,903270,36685,4.23,830000,909914,1400-10-4,2021-12-25
571,فردا,صندوق س آواي فرداي زاگرس-ثابت,171,3573016,43127387310,12051,12071,12071,20,0.17,12070,19,0.16,12070,12071,1400-10-4,2021-12-25
572,تسه9905,امتياز تسهيلات مسكن مرداد99,171,2228,2058094128,940418,893398,970000,29582,3.15,923741,-16677,-1.77,893398,987438,1400-10-4,2021-12-25
573,وملت,سرمايه گذاري ملت,169,2839256,6366360895,2248,2206,2204,-44,-1.96,2242,-6,-0.27,2204,2292,1400-10-4,2021-12-25
574,اعتلاح,ح سرمايه گذاري اعتلاء البرز,168,2223426,3363657279,1458,1530,1489,31,2.13,1513,55,3.77,1475,1530,1400-10-4,2021-12-25
575,حپارسا,توسعه حمل و نقل ريلي پارسيان,168,413863,12205742581,28628,28914,29500,872,3.05,29311,683,2.39,28910,30058,1400-10-4,2021-12-25
576,شفارا,پتروشيمي فارابي,168,1244245,7979416019,6348,6519,6455,107,1.69,6399,51,0.8,6280,6538,1400-10-4,2021-12-25
577,رتكو,كنترل‌خوردگي‌تكين‌كو,165,554923,3931199790,7020,7330,7110,90,1.28,7040,20,0.28,6810,7330,1400-10-4,2021-12-25
578,داوه,داروسازي آوه سينا,163,697197,6287830994,8970,9350,8920,-50,-0.56,8990,20,0.22,8907,9350,1400-10-4,2021-12-25
579,وتوشه,سرمايه‌ گذاري‌ پارس‌ توشه‌,163,1202461,6422197370,5290,5470,5370,80,1.51,5310,20,0.38,5270,5520,1400-10-4,2021-12-25
580,سبجنو,سيمان‌ بجنورد,163,192932,7292017530,37540,38610,38000,460,1.23,37660,120,0.32,37020,39150,1400-10-4,2021-12-25
581,ثغرب,شركت سرمايه گذاري مسكن شمالغرب,159,1222627,4141707281,3340,3495,3361,21,0.63,3353,13,0.39,3300,3495,1400-10-4,2021-12-25
582,خاتم,صندوق س خاتم ايساتيس پويا-ثابت,159,3096038,38813492902,12527,12537,12537,10,0.08,12537,10,0.08,12536,12538,1400-10-4,2021-12-25
583,دسبحان,سبحان دارو,156,351048,5068717380,13970,14110,14230,260,1.86,14120,150,1.07,14110,14550,1400-10-4,2021-12-25
584,تسه9912,امتياز تسهيلات مسكن اسفند99,155,2432,2187473047,871782,866379,915371,43589,5,899454,27672,3.17,866379,915371,1400-10-4,2021-12-25
585,تليسه,دامداري تليسه نمونه,155,2798443,5773187909,1965,2063,2063,98,4.99,2001,36,1.83,2063,2063,1400-10-4,2021-12-25
586,وتوس,توسعه‌شهري‌توس‌گستر,154,1799766,15279929700,8090,8490,8490,400,4.94,8480,390,4.82,8380,8490,1400-10-4,2021-12-25
587,كاسپين,داروسازي كاسپين تامين,153,331725,7710182938,23036,24150,22860,-176,-0.76,23141,105,0.46,22731,24150,1400-10-4,2021-12-25
588,دروز,داروسازي‌ روزدارو,152,169248,3950053510,23640,23500,22530,-1110,-4.7,23560,-80,-0.34,22530,24470,1400-10-4,2021-12-25
589,حخزر,كشتيراني درياي خزر,151,658311,8557381280,12879,13490,13000,121,0.94,12947,68,0.53,12700,13490,1400-10-4,2021-12-25
590,تسه0001,امتيازتسهيلات مسكن فروردين1400,151,1501,1375552877,895249,850490,940011,44762,5,916424,21175,2.37,850490,940011,1400-10-4,2021-12-25
591,سكرما,سيمان‌ كرمان‌,150,643877,9172715700,14020,13900,14290,270,1.93,14160,140,1,13860,14540,1400-10-4,2021-12-25
592,آتيمس,صندوق س.آرمان آتيه درخشان مس-س,150,31740,5747201320,180321,182010,179990,-331,-0.18,181071,750,0.42,176766,184944,1400-10-4,2021-12-25
593,دعبيد,لابراتوارداروسازي‌  دكترعبيدي‌,149,296361,5600768540,18910,19300,18790,-120,-0.63,18910,0,0,18550,19630,1400-10-4,2021-12-25
594,تسه9909,امتياز تسهيلات مسكن آذر99,148,2140,1939988497,910498,864974,956022,45524,5,906537,-3961,-0.44,864974,956022,1400-10-4,2021-12-25
595,سهگمت,سيمان‌هگمتان‌,147,612198,12884867660,20100,20050,21100,1000,4.98,20880,780,3.88,20050,21100,1400-10-4,2021-12-25
596,آرمان,بيمه آرمان,147,1277104,6760164093,5450,5549,5340,-110,-2.02,5341,-109,-2,5287,5549,1400-10-4,2021-12-25
597,گوهران,سرمايه گذاري توسعه گوهران اميد,145,1321089,7157798902,5296,5425,5460,164,3.1,5353,57,1.08,5335,5485,1400-10-4,2021-12-25
598,فلات,گروه صنايع معادن فلات ايرانيان,144,426805,4195869976,9866,9784,9610,-256,-2.59,9851,-15,-0.15,9571,10150,1400-10-4,2021-12-25
599,ضصاد1113,اختيارخ وبصادر-2000-1400/11/06,144,5739,589098000,80,82,85,5,6.25,103,23,28.75,82,155,1400-10-4,2021-12-25
600,ثاصفا,شركت‌ ساختمان‌ اصفهان‌,143,330307,2650345061,8015,8150,7980,-35,-0.44,8019,4,0.05,7932,8200,1400-10-4,2021-12-25
601,آريان,سرمايه گذاري پارس آريان,142,8393402,118976473350,13763,14175,14175,412,2.99,14175,412,2.99,14175,14175,1400-10-4,2021-12-25
602,ضستا1004,اختيارخ شستا-12000-1400/10/29,141,2207,1379002000,490,699,561,71,14.49,625,135,27.55,501,700,1400-10-4,2021-12-25
603,وزمين,بانك ايران زمين,140,566951,4935031674,8801,8574,8610,-191,-2.17,8767,-34,-0.39,8570,9046,1400-10-4,2021-12-25
604,دپارس,پارس‌ دارو,138,131401,3818248610,28330,28950,28630,300,1.06,28510,180,0.64,28520,29470,1400-10-4,2021-12-25
605,سجام,مجتمع سيمان غرب آسيا,137,1861684,4041881780,2117,2180,2054,-63,-2.98,2138,21,0.99,2054,2180,1400-10-4,2021-12-25
606,ثبات,صندوق س. ثبات ويستا -د,137,4339709,46139262944,10614,10631,10632,18,0.17,10632,18,0.17,10631,10632,1400-10-4,2021-12-25
607,هجرت,پخش هجرت,136,135441,3724809401,26863,27870,27012,149,0.55,27018,155,0.58,27010,28197,1400-10-4,2021-12-25
608,پارسيان,بيمه پارسيان,135,709903,6230707130,8760,8850,8790,30,0.34,8770,10,0.11,8420,9180,1400-10-4,2021-12-25
609,كشرق,صنعتي و معدني شمال شرق شاهرود,135,113186,8040969032,68723,67022,68260,-463,-0.67,69926,1203,1.75,67022,72000,1400-10-4,2021-12-25
610,ساربيل,سيمان آرتا اردبيل,135,388600,8631026260,21670,22750,21890,220,1.02,21970,300,1.38,21070,22750,1400-10-4,2021-12-25
611,دارو,كارخانجات‌داروپخش‌,135,225912,6739695520,29910,30000,29190,-720,-2.41,29880,-30,-0.1,29190,30530,1400-10-4,2021-12-25
612,كطبس,ذغال‌سنگ‌ نگين‌ ط‌بس‌,134,109601,5047540650,45530,47470,45000,-530,-1.16,45700,170,0.37,44140,47470,1400-10-4,2021-12-25
613,حآسا,آسيا سير ارس,133,535180,6550603200,11658,12240,12240,582,4.99,11900,242,2.08,12240,12240,1400-10-4,2021-12-25
614,لوتوس,تامين سرمايه لوتوس پارسيان,132,1036949,5958377500,5710,5710,5730,20,0.35,5720,10,0.18,5700,5840,1400-10-4,2021-12-25
615,سخوز,سيمان خوزستان,132,181933,4211597670,23050,23090,22750,-300,-1.3,23080,30,0.13,22710,23800,1400-10-4,2021-12-25
616,جمح,ح . پتروشيمي جم,132,4784326,225601403420,46860,51540,47000,140,0.3,47150,290,0.62,46500,51540,1400-10-4,2021-12-25
617,ركيش,كارت اعتباري ايران كيش,131,833624,4833274260,5670,5950,5620,-50,-0.88,5710,40,0.71,5530,5950,1400-10-4,2021-12-25
618,شصفها,پتروشيمي‌ اصفهان‌,131,79027,9547100890,121658,119235,119230,-2428,-2,121098,-560,-0.46,119230,122975,1400-10-4,2021-12-25
619,تسه9911,امتياز تسهيلات مسكن بهمن99,130,1851,1652070338,871618,835009,915198,43580,5,892529,20911,2.4,835009,915198,1400-10-4,2021-12-25
620,پخش,پخش البرز,127,204694,5132840544,25103,25980,24891,-212,-0.84,25094,-9,-0.04,24007,25980,1400-10-4,2021-12-25
621,دفارا,داروسازي‌ فارابي‌,127,237282,3108030830,12980,13220,13000,20,0.15,13000,20,0.15,12980,13220,1400-10-4,2021-12-25
622,غشاذر,پگاه‌آذربايجان‌غربي‌,127,469301,2277633241,4820,4740,4870,50,1.04,4825,5,0.1,4740,4999,1400-10-4,2021-12-25
623,ولتجار,واسپاري تجارت وسرمايه ايرانيان,126,1801618,4883420390,2696,2701,2665,-31,-1.15,2703,7,0.26,2629,2759,1400-10-4,2021-12-25
624,ما,بيمه  ما,125,754178,3434628010,4528,4689,4502,-26,-0.57,4534,6,0.13,4500,4700,1400-10-4,2021-12-25
625,پرداخت,به پرداخت ملت,124,333466,4186469910,12330,12800,12410,80,0.65,12390,60,0.49,12220,12800,1400-10-4,2021-12-25
626,تشتاد,صنايع توليدي اشتاد ايران‌,124,483599,2118037824,4475,4480,4349,-126,-2.82,4454,-21,-0.47,4347,4579,1400-10-4,2021-12-25
627,تسه9902,امتياز تسهيلات مسكن ارديبهشت99,122,2363,2074160123,868725,826889,912161,43436,5,877766,9041,1.04,826889,912161,1400-10-4,2021-12-25
628,ثروتم,صندوق س. ثروت آفرين پارسيان-س,120,65870,5929531360,93245,90448,90449,-2796,-3,90019,-3226,-3.46,88200,91380,1400-10-4,2021-12-25
629,كيان2,صندوق س. با درآمد ثابت كيان,120,12000000,12000000,32191,1,1,-32190,-100,1,-32190,-100,1,1,1400-10-4,2021-12-25
630,فاهواز,نورد و لوله اهواز,119,1233262,6774871401,5555,5649,5444,-111,-2,5521,-34,-0.61,5444,5649,1400-10-4,2021-12-25
631,تسه9901,امتياز تسهيلات مسكن فروردين99,116,2121,1925714716,876361,832596,920179,43818,5,907928,31567,3.6,832596,920179,1400-10-4,2021-12-25
632,سشمال,سيمان‌ شمال‌,116,529298,4017868440,7320,7430,7570,250,3.42,7390,70,0.96,7430,7680,1400-10-4,2021-12-25
633,دالبر,البرزدارو,115,463741,5503822200,11770,12220,11550,-220,-1.87,11810,40,0.34,11530,12250,1400-10-4,2021-12-25
634,وبازار,صندوق س شاخصي بازارآشنا,114,661531,8060511210,11940,12320,11900,-40,-0.34,12180,240,2.01,11900,12320,1400-10-4,2021-12-25
635,دحاوي,الحاوي,113,917298,4000462034,4310,4438,4300,-10,-0.23,4330,20,0.46,4201,4439,1400-10-4,2021-12-25
636,زعف0008پ10,زعفران0008نگين طلاي سرخ(پ),112,54578,14182432710,254976,259990,259950,4974,1.95,259856,4880,1.91,256001,260000,1400-10-4,2021-12-25
637,سكه0012پ04,تمام سكه طرح جديد0012صادرات,112,44400,56842064700,1306443,1294400,1282999,-23444,-1.79,1280227,-26216,-2.01,1275209,1294400,1400-10-4,2021-12-25
638,ثجوان,تامين مسكن جوانان,112,522905,2393013681,4701,4570,4560,-141,-3,4670,-31,-0.66,4560,4697,1400-10-4,2021-12-25
639,سيدكو,سرمايه گذاري توسعه صنايع سيمان,111,497687,2908436170,5740,5600,5740,0,0,5760,20,0.35,5600,5950,1400-10-4,2021-12-25
640,اوصتا,صندوق انديشه ورزان صباتامين -د,111,2643845,55433709030,20927,20967,20968,41,0.2,20967,40,0.19,20967,20968,1400-10-4,2021-12-25
641,قمرو,قند مرودشت‌,110,292082,6266875790,21010,22040,21110,100,0.48,21190,180,0.86,21100,22060,1400-10-4,2021-12-25
642,ساراب,سيمان‌ داراب‌,110,288121,4554341730,15820,16290,15500,-320,-2.02,15820,0,0,15360,16290,1400-10-4,2021-12-25
643,فپنتا,سپنتا,109,13513,6020987410,424360,445570,445570,21210,5,432470,8110,1.91,445570,445570,1400-10-4,2021-12-25
644,ضستا1005,اختيارخ شستا-14000-1400/10/29,107,6222,208423000,97,100,30,-67,-69.07,33,-64,-65.98,25,100,1400-10-4,2021-12-25
645,وبهمن,سرمايه‌گذاري‌بهمن‌,105,330868,4660779880,13980,14020,14040,60,0.43,14010,30,0.21,14010,14370,1400-10-4,2021-12-25
646,زعف0110پ20,زعفران0110نگين وحدت جام(پ),104,32602,11868548525,367769,364501,363999,-3770,-1.03,364044,-3725,-1.01,355001,367800,1400-10-4,2021-12-25
647,سرود,سيمان‌شاهرود,103,112520,2291700390,20400,20900,20000,-400,-1.96,20390,-10,-0.05,19990,21110,1400-10-4,2021-12-25
648,دسبحا,گروه دارويي سبحان,103,274886,5400597360,19590,19400,19350,-240,-1.23,19600,10,0.05,19350,19980,1400-10-4,2021-12-25
649,دقاضي,داروسازي شهيد قاضي,101,454739,11269976076,24065,24780,24786,721,3,24783,718,2.98,24180,24786,1400-10-4,2021-12-25
650,افق ملت,صندوق س در سهام افق ملت,101,26334,3668881250,139340,140000,138000,-1340,-0.96,139320,-20,-0.01,138000,141000,1400-10-4,2021-12-25
651,زماهان,مجتمع توليد گوشت مرغ ماهان,101,1020494,6790367076,6338,6654,6654,316,4.99,6474,136,2.15,6654,6654,1400-10-4,2021-12-25
652,امين يكم2,صندوق درآمد ثابت امين يكم فردا,101,101000000,101000000,10003,1,1,-10002,-99.99,1,-10002,-99.99,1,1,1400-10-4,2021-12-25
653,ضخود2018,اختيارخ خودرو-2000-1401/02/07,101,4649,2212657000,452,549,400,-52,-11.5,476,24,5.31,352,600,1400-10-4,2021-12-25
654,وپخش,داروپخش‌ (هلدينگ‌,99,63070,2089059780,33510,32360,32710,-800,-2.39,33490,-20,-0.06,32360,34650,1400-10-4,2021-12-25
655,بساما,بيمه سامان,99,338598,6788399098,19766,20580,19766,0,0,19882,116,0.59,19766,20596,1400-10-4,2021-12-25
656,مارون,پتروشيمي مارون,98,111440,19511767638,173454,176923,174330,876,0.51,173770,316,0.18,174330,178658,1400-10-4,2021-12-25
657,ساينا,صنايع بهداشتي ساينا,97,56893,4493295354,75218,78978,78978,3760,5,76291,1073,1.43,78978,78978,1400-10-4,2021-12-25
658,تسه9903,امتياز تسهيلات مسكن خرداد99,95,880,794785003,871647,828500,915229,43582,5,903165,31518,3.62,828500,915229,1400-10-4,2021-12-25
659,قهكمت,قندهكمتان‌,95,589209,2572668056,4305,4519,4380,75,1.74,4315,10,0.23,4300,4519,1400-10-4,2021-12-25
660,زشريف,كشت وصنعت شريف آباد,94,3334311,10099628019,2885,3029,3029,144,4.99,2977,92,3.19,3029,3029,1400-10-4,2021-12-25
661,معيار ,سرمايه گذاري معيار صنعت پارس,93,78178,3135701099,40082,41190,39780,-302,-0.75,40091,9,0.02,39500,41190,1400-10-4,2021-12-25
662,تسه9907,امتياز تسهيلات مسكن مهر99,93,1372,1224740220,874281,875000,917995,43714,5,892668,18387,2.1,832210,917995,1400-10-4,2021-12-25
663,وارس,سرمايه گذاري ارس صبا,91,331026,3698498441,10931,11250,11245,314,2.87,11019,88,0.81,10950,11258,1400-10-4,2021-12-25
664,زعف0110پ05,زعفران0110نگين زرين(پ),91,30344,11514174529,370783,379999,380000,9217,2.49,379455,8672,2.34,371009,380000,1400-10-4,2021-12-25
665,بخاور,بيمه زندگي خاورميانه,91,1344954,3002467815,2224,2270,2210,-14,-0.63,2226,2,0.09,2206,2271,1400-10-4,2021-12-25
666,تكنو,تكنوتار,90,427137,2844189030,6650,6840,6580,-70,-1.05,6650,0,0,6500,6840,1400-10-4,2021-12-25
667,ثهام,صندوق س ثروت هامرز-سهام,90,701242,7675510538,10781,11100,11005,224,2.08,10946,165,1.53,10850,11107,1400-10-4,2021-12-25
668,كهربا,صندوق س.پشتوانه سكه طلا كهربا,88,503852,5497416626,11072,11028,10875,-197,-1.78,10911,-161,-1.45,10851,11030,1400-10-4,2021-12-25
669,غمهرا,توليدي‌مهرام‌,88,392655,3934403100,9550,10020,10020,470,4.92,9670,120,1.26,10020,10020,1400-10-4,2021-12-25
670,زعف0110پ10,زعفران0110نگين طلاي سرخ(پ),88,40293,15266554444,372216,379990,370631,-1585,-0.43,378888,6672,1.79,370001,380000,1400-10-4,2021-12-25
671,وتعاون,بيمه  تعاون,87,1255382,2038987556,1660,1636,1611,-49,-2.95,1653,-7,-0.42,1611,1665,1400-10-4,2021-12-25
672,زعف0008پ05,زعفران0008نگين زرين(پ),87,76914,20171813016,261251,265000,260001,-1250,-0.48,262265,1014,0.39,260000,274000,1400-10-4,2021-12-25
673,قشهد,شهد,86,160107,2153526840,13610,13120,13600,-10,-0.07,13590,-20,-0.15,13120,13990,1400-10-4,2021-12-25
674,تسه9906,امتياز تسهيلات مسكن شهريور99,86,1112,1017524652,903439,858268,920000,16561,1.83,915040,11601,1.28,858268,948610,1400-10-4,2021-12-25
675,ولصنم,ليزينگ‌صنعت‌ومعدن‌,86,1910688,7222400640,3600,3780,3780,180,5,3683,83,2.31,3780,3780,1400-10-4,2021-12-25
676,فنورد,نوردوقطعات‌ فولادي‌,85,45795,7706382600,160270,168280,168280,8010,5,164190,3920,2.45,168280,168280,1400-10-4,2021-12-25
677,تسه9812,امتياز تسهيلات مسكن اسفند98,84,1425,1299659318,891069,846620,935622,44553,5,912042,20973,2.35,846620,935622,1400-10-4,2021-12-25
678,وسخوز,شركت س استان خوزستان,83,2035098,1164076056,635,572,572,-63,-9.92,634,-1,-0.16,572,572,1400-10-4,2021-12-25
679,پسهند,صنايع‌ لاستيكي‌  سهند,83,166407,4729705250,27120,28450,27550,430,1.59,27510,390,1.44,27500,28470,1400-10-4,2021-12-25
680,غشوكو,شوكو پارس,78,400619,3135486249,7713,7800,7727,14,0.18,7748,35,0.45,7652,7929,1400-10-4,2021-12-25
681,داريوش,صندوق س. ثروت داريوش -س,77,307757,3006072605,9663,9691,9710,47,0.49,9768,105,1.09,9691,9870,1400-10-4,2021-12-25
682,تسه9910,امتياز تسهيلات مسكن دي99,77,1014,912906917,872359,828842,905000,32641,3.74,900303,27944,3.2,828842,915976,1400-10-4,2021-12-25
683,شستان,پتروشيمي گلستان,77,1226471,4238486148,3462,3405,3531,69,1.99,3457,-5,-0.14,3405,3531,1400-10-4,2021-12-25
684,اخزا910,اسنادخزانه-م10بودجه99-020807,77,110932,73067009830,655110,655910,658320,3210,0.49,658660,3550,0.54,655900,660010,1400-10-4,2021-12-25
685,ثاژن,سخت آژند,76,389908,1539270799,3959,3959,3916,-43,-1.09,3956,-3,-0.08,3881,4038,1400-10-4,2021-12-25
686,تسه9904,امتياز تسهيلات مسكن تير99,76,765,685140387,891720,847134,930000,38280,4.29,895608,3888,0.44,847134,936306,1400-10-4,2021-12-25
687,ارمغان,ص سرمايه گذاري ارمغان ايرانيان,75,1282162,12944208827,10083,10094,10100,17,0.17,10096,13,0.13,10094,10102,1400-10-4,2021-12-25
688,اخزا001,اسنادخزانه-م1بودجه00-030821,75,376708,193967665620,513620,515650,515400,1780,0.35,514900,1280,0.25,514000,515980,1400-10-4,2021-12-25
689,زعف0008پ11,زعفران0008نگين سحرخيز(پ),75,86219,23600003875,272028,274054,274054,2026,0.74,273722,1694,0.62,272000,274054,1400-10-4,2021-12-25
690,دشيري,شيرين دارو,75,14246,1592262136,115182,111727,111727,-3455,-3,114622,-560,-0.49,111727,112010,1400-10-4,2021-12-25
691,سكه0011پ02,تمام سكه طرح جديد0011ملت,74,12100,15489368900,1305389,1280500,1284109,-21280,-1.63,1280113,-25276,-1.94,1276100,1293990,1400-10-4,2021-12-25
692,وامين,س. امين توان آفرين ساز,74,158220,1979533026,12562,12562,12568,6,0.05,12560,-2,-0.02,12436,12600,1400-10-4,2021-12-25
693,اخزا004,اسنادخزانه-م4بودجه00-030522,70,240282,131060358680,543420,544250,544460,1040,0.19,545440,2020,0.37,544250,545800,1400-10-4,2021-12-25
694,تكنار,مجتمع معادن مس تكنار,70,34932,1806983374,51776,53200,51010,-766,-1.48,51767,-9,-0.02,50230,53200,1400-10-4,2021-12-25
695,سپ,پرداخت الكترونيك سامان كيش,70,125457,3966514550,31120,31570,31560,440,1.41,31150,30,0.1,31560,32000,1400-10-4,2021-12-25
696,لپيام,گسترش صنايع پيام,69,184527,5536363581,30930,30003,30003,-927,-3,30401,-529,-1.71,30003,30003,1400-10-4,2021-12-25
697,دسينا,داروسازي‌ سينا,67,168505,3559370270,20790,21820,20500,-290,-1.39,20870,80,0.38,20500,21820,1400-10-4,2021-12-25
698,شكبير,پتروشيمي اميركبير,67,31464,2977462747,93982,96000,93850,-132,-0.14,94001,19,0.02,93800,96000,1400-10-4,2021-12-25
699,دكيمي,كيميدارو,65,165048,2892131010,17600,18120,17120,-480,-2.73,17590,-10,-0.06,16930,18130,1400-10-4,2021-12-25
700,ضشنا1048,اختيارخ شپنا-5450-1400/10/19,65,572,854788875,737,900,820,83,11.26,814,77,10.45,800,944,1400-10-4,2021-12-25
701,ضسپا1112,اختيارخ خساپا-1600-1400/11/20,64,2742,684124000,247,230,210,-37,-14.98,249,2,0.81,209,290,1400-10-4,2021-12-25
702,زمگسا,كشاورزي‌ ودامپروي‌ مگسال‌,64,866142,15348036240,16880,17720,17720,840,4.98,17700,820,4.86,17720,17720,1400-10-4,2021-12-25
703,اخزا006,اسنادخزانه-م6بودجه00-030723,61,202003,105913525030,522560,524980,524510,1950,0.37,524320,1760,0.34,523030,525830,1400-10-4,2021-12-25
704,خعمرا,توسعه و عمران شهرستان نائين,60,2197240,10485229280,4545,4772,4772,227,4.99,4772,227,4.99,4772,4772,1400-10-4,2021-12-25
705,زعف0110پ18,زعفران0110نگين بهرامن(پ),59,14223,5181619526,367206,361008,363103,-4103,-1.12,364313,-2893,-0.79,361008,373950,1400-10-4,2021-12-25
706,تسه9811,امتياز تسهيلات مسكن بهمن98,58,567,506767331,870522,826998,914048,43526,5,893770,23248,2.67,826998,914048,1400-10-4,2021-12-25
707,شساخت,مهندسي و ساختمان صنايع نفت,58,68863,3003498745,43808,43500,43850,42,0.1,43795,-13,-0.03,43200,43950,1400-10-4,2021-12-25
708,زعف0110پ11,زعفران0110نگين سحرخيز(پ),57,20260,7561721990,374154,374499,372000,-2154,-0.58,373234,-920,-0.25,368900,376500,1400-10-4,2021-12-25
709,اخزا812,اسنادخزانه-م12بودجه98-001111,57,148825,145566331620,976560,976560,978300,1740,0.18,978100,1540,0.16,976560,978740,1400-10-4,2021-12-25
710,سكه0111پ05,تمام سكه طرح جديد0111آينده,55,16000,20387448900,1304723,1285003,1284699,-20024,-1.53,1274215,-30508,-2.34,1262001,1285003,1400-10-4,2021-12-25
711,سجامح,ح.مجتمع سيمان غرب آسيا,55,244822,184350966,732,753,753,21,2.87,753,21,2.87,753,753,1400-10-4,2021-12-25
712,اخزا901,اسنادخزانه-م1بودجه99-010621,55,46013,39250666150,851360,851200,855000,3640,0.43,853030,1670,0.2,851200,855000,1400-10-4,2021-12-25
713,اتكامح,ح . بيمه اتكايي امين,55,9756845,29806114150,3150,3100,3070,-80,-2.54,3055,-95,-3.02,3050,3100,1400-10-4,2021-12-25
714,اخزا903,اسنادخزانه-م3بودجه99-011110,55,32935,25815665540,782060,782110,784900,2840,0.36,783840,1780,0.23,782110,785000,1400-10-4,2021-12-25
715,اخزا911,اسنادخزانه-م11بودجه99-020906,53,87920,56775202590,646700,645120,646020,-680,-0.11,645760,-940,-0.15,645110,646690,1400-10-4,2021-12-25
716,ثمين,صندوق س. ثروت افزون ثمين-س,53,77311,805035318,10461,10165,10336,-125,-1.19,10413,-48,-0.46,10165,10600,1400-10-4,2021-12-25
717,ضجار1020,اختيارخ وتجارت-1600-1400/10/15,53,1366,499970000,383,500,360,-23,-6.01,366,-17,-4.44,340,500,1400-10-4,2021-12-25
718,جوين,كشت و صنعت جوين,53,2022394,4552408894,2186,2251,2251,65,2.97,2215,29,1.33,2251,2251,1400-10-4,2021-12-25
719,اخزا917,اسنادخزانه-م17بودجه99-010226,51,360351,330979540910,915130,916510,919510,4380,0.48,918490,3360,0.37,916290,919510,1400-10-4,2021-12-25
720,ضشنا1050,اختيارخ شپنا-7629-1400/10/19,50,1138,50957950,30,38,27,-3,-10,24,-6,-20,15,38,1400-10-4,2021-12-25
721,اخزا009,اسناد خزانه-م9بودجه00-031101,49,9676,4833236700,507580,507580,496000,-11580,-2.28,499510,-8070,-1.59,490310,507580,1400-10-4,2021-12-25
722,وثوق,سرمايه گذاري وثوق امين,46,126599,1207627861,9834,9539,9539,-295,-3,9797,-37,-0.38,9539,9539,1400-10-4,2021-12-25
723,اخزا005,اسنادخزانه-م5بودجه00-030626,46,102963,54921529400,531870,535000,534000,2130,0.4,533410,1540,0.29,532170,535000,1400-10-4,2021-12-25
724,ضسپا1114,اختيارخ خساپا-2000-1400/11/20,45,1020,73057000,73,89,64,-9,-12.33,72,-1,-1.37,52,89,1400-10-4,2021-12-25
725,كفرا,فراورده‌ هاي‌ نسوزايران‌,45,647422,4667912620,6870,7210,7210,340,4.95,6970,100,1.46,7210,7210,1400-10-4,2021-12-25
726,اخزا007,اسنادخزانه-م7بودجه00-030912,45,184434,93977226760,508150,510000,509300,1150,0.23,509540,1390,0.27,507530,512000,1400-10-4,2021-12-25
727,اخزا003,اسنادخزانه-م3بودجه00-030418,45,71768,40044023130,556180,557030,558100,1920,0.35,557960,1780,0.32,557000,558320,1400-10-4,2021-12-25
728,اخزا902,اسنادخزانه-م2بودجه99-011019,44,114830,91349759460,792850,792200,795500,2650,0.33,795520,2670,0.34,792200,796000,1400-10-4,2021-12-25
729,ضستا1003,اختيارخ شستا-10000-1400/10/29,43,840,1550592000,1508,1700,1850,342,22.68,1846,338,22.41,1700,1900,1400-10-4,2021-12-25
730,سكه0112پ03,تمام سكه طرح جديد0112سامان,43,6400,8207099800,1306652,1299000,1286640,-20012,-1.53,1282359,-24293,-1.86,1276000,1299000,1400-10-4,2021-12-25
731,ضصاد1114,اختيارخ وبصادر-2500-1400/11/06,43,1876,76881000,34,57,29,-5,-14.71,41,7,20.59,22,57,1400-10-4,2021-12-25
732,اخزا815,اسنادخزانه-م15بودجه98-010406,43,27507,24570122040,890900,891500,893800,2900,0.33,893230,2330,0.26,891160,895000,1400-10-4,2021-12-25
733,ضفلا1163,اختيارخ فولاد-10000-1400/11/24,43,310,512109000,1493,1272,1400,-93,-6.23,1652,159,10.65,1272,1790,1400-10-4,2021-12-25
734,وآفري,بيمه كارآفرين,43,941393,3540312326,3676,3635,3786,110,2.99,3697,21,0.57,3635,3786,1400-10-4,2021-12-25
735,ثنظام,س. ساختماني نظام مهندسي ايران,42,73321,1528376245,21942,20845,20845,-1097,-5,21726,-216,-0.98,20845,20845,1400-10-4,2021-12-25
736,اخزا908,اسنادخزانه-م8بودجه99-020606,41,118378,80961112080,679750,681000,685000,5250,0.77,683920,4170,0.61,681000,685000,1400-10-4,2021-12-25
737,ضجار1021,اختيارخ وتجارت-1800-1400/10/15,41,2252,428718000,188,229,170,-18,-9.57,190,2,1.06,162,298,1400-10-4,2021-12-25
738,فراز,صندوق س.سهام فراز داريك-س,38,213394,3034888918,14219,14220,14220,1,0.01,14222,3,0.02,14220,14300,1400-10-4,2021-12-25
739,اخزا909,اسنادخزانه-م9بودجه99-020316,38,80153,57646883610,716010,715520,719500,3490,0.49,719210,3200,0.45,715520,721430,1400-10-4,2021-12-25
740,صايند,صندوق س. گنجينه آينده روشن-د,38,182260,1848031000,10120,10132,10141,21,0.21,10140,20,0.2,10132,10143,1400-10-4,2021-12-25
741,ضملت1134,اختيارخ وبملت-3500-1400/11/13,38,1489,146994000,115,135,79,-36,-31.3,99,-16,-13.91,78,140,1400-10-4,2021-12-25
742,گنجين,صندوق س. گنجينه يكم آويد-د,37,174164,2515649437,14422,14439,14441,19,0.13,14444,22,0.15,14439,14449,1400-10-4,2021-12-25
743,وسرضوي,س.سهام عدالت استان خراسان رضوي,37,1040823,680698242,726,654,654,-72,-9.92,725,-1,-0.14,654,654,1400-10-4,2021-12-25
744,فيروزا,صندوق بادرآمد ثابت فيروزه آسيا,37,156813,4073143793,25950,25970,25980,30,0.12,25975,25,0.1,25970,25980,1400-10-4,2021-12-25
745,زعف0008پ16,زعفران0008نگين بيرجند(پ),36,189495,48309061820,256000,255000,255000,-1000,-0.39,254936,-1064,-0.42,250000,255100,1400-10-4,2021-12-25
746,ضخود2020,اختيارخ خودرو-3000-1401/02/07,36,2685,242166000,60,99,68,8,13.33,90,30,50,68,300,1400-10-4,2021-12-25
747,گكيش,توريستي ورفاهي آبادگران كيش,35,412029,10983045024,27480,26656,26656,-824,-3,26656,-824,-3,26656,26656,1400-10-4,2021-12-25
748,اخزا914,اسنادخزانه-م14بودجه99-021025,35,55847,34909956410,626440,627500,626440,0,0,625100,-1340,-0.21,623020,627500,1400-10-4,2021-12-25
749,ضسپا1111,اختيارخ خساپا-1400-1400/11/20,34,685,243531000,358,399,311,-47,-13.13,356,-2,-0.56,311,420,1400-10-4,2021-12-25
750,اخزا811,اسنادخزانه-م11بودجه98-001013,33,7676,7626140350,991750,993500,994000,2250,0.23,993500,1750,0.18,992160,994890,1400-10-4,2021-12-25
751,برن0104پ01,برنج طارم0104تجارت مازندران(پ),30,2653,1282944430,482145,482000,485500,3355,0.7,483583,1438,0.3,475210,488500,1400-10-4,2021-12-25
752,آسام,صندوق س.آرمان سپهر آشنا-م,30,26580,3187058780,118288,119000,119000,712,0.6,119904,1616,1.37,118502,120120,1400-10-4,2021-12-25
753,اخزا008,اسنادخزانه-م8بودجه00-030919,30,100699,51071201050,506160,507990,507010,850,0.17,507170,1010,0.2,506160,508010,1400-10-4,2021-12-25
754,فالوم,آلومتك‌,29,95531,2335732950,25206,24450,24450,-756,-3,25024,-182,-0.72,24450,24450,1400-10-4,2021-12-25
755,گوهر2,صندوق سكه طلاي كيان,25,250000,250000,64382,1,1,-64381,-100,1,-64381,-100,1,1,1400-10-4,2021-12-25
756,بذر,صندوق س بذر اميد آفرين-سهام,25,9688,955670180,97390,97010,98990,1600,1.64,98640,1250,1.28,97010,99960,1400-10-4,2021-12-25
757,ساروج,بين المللي ساروج بوشهر,24,179604,3016848044,16502,16667,16830,328,1.99,16560,58,0.35,16336,17162,1400-10-4,2021-12-25
758,داريك,صندوق س.اعتماد داريك-د,24,659478,7964532537,12071,12077,12077,6,0.05,12077,6,0.05,12077,12078,1400-10-4,2021-12-25
759,تمحركه,ماشين سازي نيرو محركه,23,108539,2009056890,19484,18510,18510,-974,-5,19278,-206,-1.06,18510,18510,1400-10-4,2021-12-25
760,اخزا918,اسنادخزانه-م18بودجه99-010323,23,117594,106252031810,899710,901670,903550,3840,0.43,903550,3840,0.43,901670,904340,1400-10-4,2021-12-25
761,اراد50,مرابحه عام دولت5-ش.خ0302,22,451000,451000370000,1000000,1000000,1000010,10,0,1000000,0,0,1000000,1000010,1400-10-4,2021-12-25
762,كصدف,كاشي صدف سرام استقلال آباده,22,14698,290756534,19598,19310,19990,392,2,19603,5,0.03,19310,20185,1400-10-4,2021-12-25
763,ضبدر1165,اختيارخ شبندر-8000-1400/11/13,21,435,124385000,256,399,200,-56,-21.88,286,30,11.72,200,399,1400-10-4,2021-12-25
764,وسنا,سرمايه گذاري نيروگاهي ايران,20,163359,1729318374,10913,10586,10586,-327,-3,10874,-39,-0.36,10586,10586,1400-10-4,2021-12-25
765,سفاسي,شركت فارسيت اهواز,20,178560,611925120,3532,3427,3427,-105,-2.97,3525,-7,-0.2,3427,3427,1400-10-4,2021-12-25
766,زعف0008پ20,زعفران0008نگين وحدت جام(پ),20,4490,1156187200,254998,255000,258000,3002,1.18,257503,2505,0.98,253104,258880,1400-10-4,2021-12-25
767,زعف0110پ16,زعفران0110نگين بيرجند(پ),20,10615,3884993375,367568,365000,363000,-4568,-1.24,365991,-1577,-0.43,360004,368000,1400-10-4,2021-12-25
768,سايرا,ايرانيت‌,19,207143,5740553959,28867,27713,27713,-1154,-4,27713,-1154,-4,27713,27713,1400-10-4,2021-12-25
769,اخزا817,اسنادخزانه-م17بودجه98-010512,19,8840,7730198770,872090,876870,874630,2540,0.29,874460,2370,0.27,873010,876870,1400-10-4,2021-12-25
770,زعف0110پ08,زعفران0110نگين روستا(پ),19,2311,877315984,370000,375999,380000,10000,2.7,379626,9626,2.6,375999,380000,1400-10-4,2021-12-25
771,ضملت1132,اختيارخ وبملت-2500-1400/11/13,18,394,290088000,800,800,700,-100,-12.5,736,-64,-8,700,839,1400-10-4,2021-12-25
772,ضخود2015,اختيارخ خودرو-1400-1401/02/07,18,679,538577000,800,869,755,-45,-5.63,793,-7,-0.88,754,869,1400-10-4,2021-12-25
773,تپولا,مهندسي مرآت پولاد,18,16784,254999312,15662,15193,15193,-469,-2.99,15650,-12,-0.08,15193,15193,1400-10-4,2021-12-25
774,ضبدر1163,اختيارخ شبندر-6000-1400/11/13,18,115,106710000,938,1000,1000,62,6.61,928,-10,-1.07,900,1000,1400-10-4,2021-12-25
775,ضفلا1164,اختيارخ فولاد-12000-1400/11/24,18,117,49997000,417,495,400,-17,-4.08,427,10,2.4,390,495,1400-10-4,2021-12-25
776,ويستا,صندوق س. ويستا -س,18,420178,4298701077,10199,10450,10210,11,0.11,10231,32,0.31,10204,10450,1400-10-4,2021-12-25
777,ضصاد1112,اختيارخ وبصادر-1800-1400/11/06,18,509,116360000,166,242,190,24,14.46,229,63,37.95,190,255,1400-10-4,2021-12-25
778,جهرم,پتروشيمي جهرم,18,162219,211209138,1342,1302,1302,-40,-2.98,1341,-1,-0.07,1302,1302,1400-10-4,2021-12-25
779,قپيرا,فرآورده‌هاي‌غدايي‌وقندپيرانشهر,18,28074,214504600,7650,7790,7650,0,0,7650,0,0,7500,7800,1400-10-4,2021-12-25
780,پادا,صندوق س.پاداش سرمايه پارس-س,17,11889,1250277580,104774,105190,105020,246,0.23,105163,389,0.37,105000,107200,1400-10-4,2021-12-25
781,اطلس2,صندوق س.توسعه اندوخته آينده-س,16,160000,160000,244829,1,1,-244828,-100,1,-244828,-100,1,1,1400-10-4,2021-12-25
782,اخزا814,اسنادخزانه-م14بودجه98-010318,16,17616,15966360900,903720,906480,904610,890,0.1,906360,2640,0.29,904100,906940,1400-10-4,2021-12-25
783,كباده,توليد خاك نسوزاستقلال آباده,15,33167,1087380095,31831,32785,32785,954,3,31932,101,0.32,32785,32785,1400-10-4,2021-12-25
784,واحصا,احياء صنايع خراسان,15,31328,1400204960,46077,44695,44695,-1382,-3,45878,-199,-0.43,44695,44695,1400-10-4,2021-12-25
785,عيار2,صندوق سكه طلاي مفيد,15,150000,150000,33061,1,1,-33060,-100,1,-33060,-100,1,1,1400-10-4,2021-12-25
786,اوصتا2,صندوق انديشه ورزان صباتامين -د,15,28500000,28500000,20927,1,1,-20926,-100,1,-20926,-100,1,1,1400-10-4,2021-12-25
787,ضملي1160,اختيارخ فملي-6000-1400/11/03,15,181,395206000,972,1300,1100,128,13.17,1092,120,12.35,1000,1300,1400-10-4,2021-12-25
788,اخزا904,اسنادخزانه-م4بودجه99-011215,15,9192,7115976790,772983,773750,776000,3017,0.39,774150,1167,0.15,773750,776000,1400-10-4,2021-12-25
789,خبازرس,بازرسي مهندسي و صنعتي ايران,14,58233,1296965376,22960,22272,22272,-688,-3,22868,-92,-0.4,22272,22272,1400-10-4,2021-12-25
790,زعف0110پ19,زعفران0110نگين تروند قاينات(پ),14,3895,1423243881,365355,365002,365300,-55,-0.02,365403,48,0.01,355100,367000,1400-10-4,2021-12-25
791,سنفت009,سلف موازي استاندارد سنفت009,14,1300010,2189619843100,1682280,1684310,1684310,2030,0.12,1684310,2030,0.12,1684310,1684310,1400-10-4,2021-12-25
792,ثتوسا,س.توسعه و عمران استان اردبيل,14,16227,230975118,14674,14234,14234,-440,-3,14659,-15,-0.1,14234,14234,1400-10-4,2021-12-25
793,دمعيار,صندوق س. توازن معيار-د,13,108983,1087902736,10000,9966,9821,-179,-1.79,9982,-18,-0.18,9821,10000,1400-10-4,2021-12-25
794,اوج,صندوق س.اوج دماوند-س,13,29335,298541185,10148,10170,10152,4,0.04,10177,29,0.29,10152,10213,1400-10-4,2021-12-25
795,حرهشا,رهشاد سپاهان (سهامي عام,13,2827,275819082,102701,97566,97566,-5135,-5,102507,-194,-0.19,97566,97566,1400-10-4,2021-12-25
796,ضخود2017,اختيارخ خودرو-1800-1401/02/07,12,299,167856000,424,640,501,77,18.16,561,137,32.31,501,640,1400-10-4,2021-12-25
797,ضفلا1165,اختيارخ فولاد-14000-1400/11/24,12,73,18051000,102,399,120,18,17.65,247,145,142.16,120,399,1400-10-4,2021-12-25
798,فردا2,صندوق س آواي فرداي زاگرس-ثابت,12,1200000,1200000,12051,1,1,-12050,-99.99,1,-12050,-99.99,1,1,1400-10-4,2021-12-25
799,ضخود1053,اختيارخ خودرو-2500-1400/10/08,11,352,352000,1,1,1,0,0,1,0,0,1,1,1400-10-4,2021-12-25
800,سپهر,ص.ج. سپهريكم 20% تاديه,11,688000,137600000000,200000,200000,200000,0,0,200000,0,0,200000,200000,1400-10-4,2021-12-25
801,قجام,فرآوردههاي غذايي وقندتربت‌جام‌,11,20442,124410012,6210,6086,6086,-124,-2,6207,-3,-0.05,6086,6086,1400-10-4,2021-12-25
802,خفولا,خدمات فني فولاد يزد,11,13585,306830810,23284,22586,22586,-698,-3,23262,-22,-0.09,22586,22586,1400-10-4,2021-12-25
803,شمواد,توليد مواداوليه الياف مصنوعي,10,3304,140119336,44176,42409,42409,-1767,-4,44124,-52,-0.12,42409,42409,1400-10-4,2021-12-25
804,اگ010155,گام بانك اقتصاد نوين0101,10,100000,92900000000,928000,929000,929000,1000,0.11,929000,1000,0.11,929000,929000,1400-10-4,2021-12-25
805,ضپال2007,اختيارخ اپال-32000-1401/02/12,10,166,54444000,311,379,300,-11,-3.54,328,17,5.47,216,364,1400-10-4,2021-12-25
806,سخواف,سيمان مجد خواف,10,16838,125981916,7713,7482,7482,-231,-2.99,7710,-3,-0.04,7482,7482,1400-10-4,2021-12-25
807,شتولي,تولي‌پرس‌,10,8361,165330414,20597,19774,19774,-823,-4,20569,-28,-0.14,19774,19774,1400-10-4,2021-12-25
808,ضبدر1164,اختيارخ شبندر-7000-1400/11/13,9,97,36950000,240,400,350,110,45.83,381,141,58.75,250,460,1400-10-4,2021-12-25
809,ضپاس1012,اختيارخ وپارس-2500-1400/10/22,9,800,26200000,52,50,25,-27,-51.92,33,-19,-36.54,25,50,1400-10-4,2021-12-25
810,ضفلا1162,اختيارخ فولاد-9000-1400/11/24,9,84,205107000,2502,2500,2250,-252,-10.07,2442,-60,-2.4,2150,2500,1400-10-4,2021-12-25
811,ضشنا1049,اختيارخ شپنا-6540-1400/10/19,9,96,32092315,160,188,140,-20,-12.5,182,22,13.75,29,311,1400-10-4,2021-12-25
812,اخزا905,اسنادخزانه-م5بودجه99-020218,9,8106,6017168360,734010,748950,744530,10520,1.43,742310,8300,1.13,736000,748950,1400-10-4,2021-12-25
813,ضملت1131,اختيارخ وبملت-2000-1400/11/13,8,29,36400000,1205,1260,950,-255,-21.16,1255,50,4.15,950,1280,1400-10-4,2021-12-25
814,شسم,توليد سموم‌ علف‌ كش,8,1640,173792440,100925,105971,105971,5046,5,101091,166,0.16,105971,105971,1400-10-4,2021-12-25
815,ضملت1135,اختيارخ وبملت-4000-1400/11/13,8,800,15600000,25,20,20,-5,-20,19,-6,-24,18,20,1400-10-4,2021-12-25
816,ضپال2006,اختيارخ اپال-28000-1401/02/12,8,143,111640000,706,800,700,-6,-0.85,781,75,10.62,700,850,1400-10-4,2021-12-25
817,ضجار1019,اختيارخ وتجارت-1400-1400/10/15,7,57,31310000,563,520,550,-13,-2.31,549,-14,-2.49,520,570,1400-10-4,2021-12-25
818,اخزا821,اسنادخزانه-م21بودجه98-020906,7,184,119833100,656999,645640,656000,-999,-0.15,651270,-5729,-0.87,645640,658800,1400-10-4,2021-12-25
819,پا ر 47,بار پايه روز 47,7,380000,197600000,370,520,520,150,40.54,520,150,40.54,520,520,1400-10-4,2021-12-25
820,شرق1400,مشاركت ليزينگ ايران وشرق140010,7,2881,2880860000,1000400,1000000,990000,-10400,-1.04,999950,-450,-0.04,990000,1000000,1400-10-4,2021-12-25
821,سيناد,صندوق س.سپهرسودمند سينا-د,7,11939,119417278,9999,10002,10003,4,0.04,10002,3,0.03,10002,10003,1400-10-4,2021-12-25
822,زير0103پ01,زيره سبز0103كيميابذر(پ),7,520,545854280,1040714,1040714,1050000,9286,0.89,1049720,9006,0.87,1040714,1054000,1400-10-4,2021-12-25
823,طخود1051,اختيارف خودرو-1800-1400/10/08,7,150,1252000,3,5,10,7,233.33,8,5,166.67,5,10,1400-10-4,2021-12-25
824,دابورح,ح . داروسازي‌ ابوريحان‌,6,59853,1256913000,23900,21000,21000,-2900,-12.13,21000,-2900,-12.13,21000,21000,1400-10-4,2021-12-25
825,ضسپا1109,اختيارخ خساپا-1000-1400/11/20,6,31,23028000,731,769,740,9,1.23,743,12,1.64,740,769,1400-10-4,2021-12-25
826,ثنام,س ساختماني ب نام آوران مهندسي,6,6533,70582532,11138,10804,10804,-334,-3,11136,-2,-0.02,10804,10804,1400-10-4,2021-12-25
827,ركيشح,ح. كارت اعتباري ايران كيش,6,414440,1947868000,4029,4700,4700,671,16.65,4700,671,16.65,4700,4700,1400-10-4,2021-12-25
828,ضترا1135,اختيارخ شتران-6176-1400/11/10,6,172,17653129,63,45,48,-15,-23.81,45,-18,-28.57,45,86,1400-10-4,2021-12-25
829,اخزا818,اسنادخزانه-م18بودجه98-010614,6,986,844042200,854740,855610,859200,4460,0.52,856030,1290,0.15,855610,859200,1400-10-4,2021-12-25
830,پارتا,مجتمع‌صنعتي‌آرتاويل‌تاير,6,7632,179290944,24218,23492,23492,-726,-3,24212,-6,-0.02,23492,23492,1400-10-4,2021-12-25
831,وسفارس,شركت س استان فارس,6,138759,135845061,1030,979,979,-51,-4.95,1030,0,0,979,979,1400-10-4,2021-12-25
832,فنرژي,گسترش صنايع انرژي آذرآب,6,6088,73683064,12350,12103,12103,-247,-2,12346,-4,-0.03,12103,12103,1400-10-4,2021-12-25
833,ضبدر1162,اختيارخ شبندر-5000-1400/11/13,6,69,117957000,1900,2000,1800,-100,-5.26,1710,-190,-10,1655,2000,1400-10-4,2021-12-25
834,سخند,صندوق س.سپهرخبرگان نفت-د,6,30460,307888700,10089,10148,10114,25,0.25,10108,19,0.19,10094,10148,1400-10-4,2021-12-25
835,طلا2,صندوق س.پشتوانه طلاي لوتوس,5,500000,500000,92039,1,1,-92038,-100,1,-92038,-100,1,1,1400-10-4,2021-12-25
836,ضجار1024,اختيارخ وتجارت-3000-1400/10/15,5,500,500000,1,1,1,0,0,1,0,0,1,1,1400-10-4,2021-12-25
837,ضپنا1030,اختيارخ رمپنا-11850-1400/10/08,5,47,177400000,4329,4000,3850,-479,-11.06,3774,-555,-12.82,3500,4000,1400-10-4,2021-12-25
838,اراد61,مرابحه عام دولت61-ش.خ0309,5,52300,52300500000,1000010,1000000,1000010,0,0,1000010,0,0,1000000,1000010,1400-10-4,2021-12-25
839,زعف0110پ21,زعفران0110نگين ملل(پ),5,830,309412120,370633,372998,372899,2266,0.61,372786,2153,0.58,362008,372998,1400-10-4,2021-12-25
840,ياقوت2,صندوق س ياقوت آگاه-ثابت,5,13832000,13832000,13825,1,1,-13824,-99.99,1,-13824,-99.99,1,1,1400-10-4,2021-12-25
841,ضصاد1111,اختيارخ وبصادر-1600-1400/11/06,4,169,67233000,372,392,399,27,7.26,398,26,6.99,392,399,1400-10-4,2021-12-25
842,ضپنا2013,اختيارخ رمپنا-14000-1401/02/07,4,34,153000000,4005,4500,4500,495,12.36,4500,495,12.36,4500,4500,1400-10-4,2021-12-25
843,سنوين,سرمايه گذاري اقتصاد نوين,4,14605,98481515,6951,6743,6743,-208,-2.99,6949,-2,-0.03,6743,6743,1400-10-4,2021-12-25
844,سرو2,صندوق س سروسودمند مدبران-سهام,4,2800000,2800000,70540,1,1,-70539,-100,1,-70539,-100,1,1,1400-10-4,2021-12-25
845,اراد42,مرابحه عام دولت4-ش.خ 0106,4,51000,49449600000,969590,969600,969600,10,0,969600,10,0,969600,969600,1400-10-4,2021-12-25
846,ضستا1006,اختيارخ شستا-16000-1400/10/29,4,17,1081000,10,80,11,1,10,64,54,540,10,80,1400-10-4,2021-12-25
847,كابگن,توليدي و صنعتي آبگينه‌,4,111400,684218800,6022,6142,6142,120,1.99,6054,32,0.53,6142,6142,1400-10-4,2021-12-25
848,وسصفا,شركت س استان اصفهان,4,46187,32007591,729,693,693,-36,-4.94,729,0,0,693,693,1400-10-4,2021-12-25
849,ضسپا1113,اختيارخ خساپا-1800-1400/11/20,4,51,5760000,142,130,121,-21,-14.79,113,-29,-20.42,100,130,1400-10-4,2021-12-25
850,اخزا813,اسنادخزانه-م13بودجه98-010219,4,770,708428320,918950,920020,920020,1070,0.12,920040,1090,0.12,920010,920150,1400-10-4,2021-12-25
851,داريك2,صندوق س.اعتماد داريك-د,4,3500000,3500000,12071,1,1,-12070,-99.99,1,-12070,-99.99,1,1,1400-10-4,2021-12-25
852,وگردش2,بانك گردشگري,4,315418371,3432461006800,10710,10800,10800,90,0.84,10882,172,1.61,10800,10990,1400-10-4,2021-12-25
853,ضمخا1034,اختيارخ اخابر-6000-1400/10/26,4,62,93250000,999,1750,1500,501,50.15,1504,505,50.55,1500,1750,1400-10-4,2021-12-25
854,ضستا1001,اختيارخ شستا-8000-1400/10/29,4,10,34720000,3311,3500,3390,79,2.39,3472,161,4.86,3390,3590,1400-10-4,2021-12-25
855,ضشنا1051,اختيارخ شپنا-8719-1400/10/19,4,83,278920,29,1,4,-25,-86.21,2,-27,-93.1,1,4,1400-10-4,2021-12-25
856,اخزا907,اسنادخزانه-م7بودجه99-020704,4,3185,2140322000,670750,672010,672000,1250,0.19,672000,1250,0.19,672000,672010,1400-10-4,2021-12-25
857,اخزا816,اسنادخزانه-م16بودجه98-010503,4,1141,1003696810,878100,879410,879700,1600,0.18,879660,1560,0.18,879410,879700,1400-10-4,2021-12-25
858,تملي802,تسهيلات مسكن ب. ملي-ارديبهشت98,4,32,27097664,806479,846802,846802,40323,5,846802,40323,5,846802,846802,1400-10-4,2021-12-25
859,ضپنا1031,اختيارخ رمپنا-13850-1400/10/08,4,14,22400000,2050,1600,1600,-450,-21.95,1600,-450,-21.95,1600,1600,1400-10-4,2021-12-25
860,ساذري,آذريت‌,3,2657,24866863,9648,9359,9359,-289,-3,9647,-1,-0.01,9359,9359,1400-10-4,2021-12-25
861,فن آوا,گروه فن آوا,3,1770,18360210,10693,10373,10373,-320,-2.99,10692,-1,-0.01,10373,10373,1400-10-4,2021-12-25
862,وسقم,شركت س استان قم,3,38423,48681941,1333,1267,1267,-66,-4.95,1333,0,0,1267,1267,1400-10-4,2021-12-25
863,زعف0008پ08,زعفران0008نگين روستا(پ),3,500,136999700,265354,273980,274000,8646,3.26,273999,8645,3.26,273980,274000,1400-10-4,2021-12-25
864,ضملي1161,اختيارخ فملي-7000-1400/11/03,3,130,104950000,570,213,450,-120,-21.05,404,-166,-29.12,213,450,1400-10-4,2021-12-25
865,ضترا1133,اختيارخ شتران-4411-1400/11/10,3,11,10643565,215,450,399,184,85.58,427,212,98.6,399,450,1400-10-4,2021-12-25
866,وآتوس,س.آرين توسكا قيمت اسمي 350ريال,3,7016,170123968,24997,24248,24248,-749,-3,24979,-18,-0.07,24248,24248,1400-10-4,2021-12-25
867,اخزا820,اسنادخزانه-م20بودجه98-020806,3,157,103620000,662010,660000,660000,-2010,-0.3,660000,-2010,-0.3,660000,660000,1400-10-4,2021-12-25
868,كارا2,صندوق س. كارا -د,3,16000000,16000000,10415,1,1,-10414,-99.99,1,-10414,-99.99,1,1,1400-10-4,2021-12-25
869,تملي612,تسهيلات مسكن بانك ملي-اسفند96,3,18,9918000,580000,551000,551000,-29000,-5,551000,-29000,-5,551000,551000,1400-10-4,2021-12-25
870,ضمخا1037,اختيارخ اخابر-9000-1400/10/26,3,20,1700000,71,170,70,-1,-1.41,85,14,19.72,70,170,1400-10-4,2021-12-25
871,ضچاد1022,اختيارخ كچاد-28000-1400/10/05,3,10,11350000,300,1000,1450,1150,383.33,1135,835,278.33,1000,1450,1400-10-4,2021-12-25
872,ثهام2,صندوق س ثروت هامرز-سهام,3,300000,300000,10781,1,1,-10780,-99.99,1,-10780,-99.99,1,1,1400-10-4,2021-12-25
873,وسالت,بانك قرض الحسنه رسالت,2,5046,5459772,1051,1082,1082,31,2.95,1051,0,0,1082,1082,1400-10-4,2021-12-25
874,ضملي1158,اختيارخ فملي-4500-1400/11/03,2,6,32600000,2300,2800,2300,0,0,2717,417,18.13,2300,2800,1400-10-4,2021-12-25
875,اراد914,مرابحه عام دولت91-ش.خ010525,2,19600000,18869067000000,995000,962692,962723,-32277,-3.24,962707,-32293,-3.25,962692,962723,1400-10-4,2021-12-25
876,ضاريان1204,اختيارخ آريان-18000-14001211,2,55,27500000,2220,500,500,-1720,-77.48,500,-1720,-77.48,500,500,1400-10-4,2021-12-25
877,مبين015,اجاره اعتماد مبين تمدن011019,2,30000,30000000000,1000000,1000000,1000000,0,0,1000000,0,0,1000000,1000000,1400-10-4,2021-12-25
878,زعف0008پ15,زعفران0008پوشالمعمول طلاسرخ(پ),2,300,70818000,230719,236060,236060,5341,2.31,236060,5341,2.31,236060,236060,1400-10-4,2021-12-25
879,ضداريوش900,اختيارخ داريوش-8500-14010915,2,2,6600000,1,600,6000,5999,599900,3300,3299,329900,600,6000,1400-10-4,2021-12-25
880,اخزا9164,اسنادخزانه-م16بودجه99-020528,2,26344000,19696763372000,746500,748351,747000,500,0.07,747675,1175,0.16,747000,748351,1400-10-4,2021-12-25
881,طفلا1164,اختيارف فولاد-12000-1400/11/24,2,2,1800000,1000,1000,800,-200,-20,900,-100,-10,800,1000,1400-10-4,2021-12-25
882,طخود2018,اختيارف خودرو-2000-1401/02/07,2,122,21180000,1,170,190,189,18900,174,173,17300,170,190,1400-10-4,2021-12-25
883,سفارود,كارخانه فارسيت درود,2,1249,19914056,16269,15944,15944,-325,-2,16268,-1,-0.01,15944,15944,1400-10-4,2021-12-25
884,وسخراج,شركت س استان خراسان جنوبي,2,5275,11072225,2209,2099,2099,-110,-4.98,2209,0,0,2099,2099,1400-10-4,2021-12-25
885,ضملي1159,اختيارخ فملي-5000-1400/11/03,2,2,7820000,1942,1910,2000,58,2.99,1955,13,0.67,1910,2000,1400-10-4,2021-12-25
886,صبا1404,اجاصبابدون ضامن بارتبه اعتباري,2,100000,105000000000,1000562,1050000,1050000,49438,4.94,1050000,49438,4.94,1050000,1050000,1400-10-4,2021-12-25
887,فسديد,لوله‌وتجهيزات‌ سديد - ورشكسته,2,160,16254400,103663,101590,101590,-2073,-2,103655,-8,-0.01,101590,101590,1400-10-4,2021-12-25
888,ويسرو,ص.ج.سرو رشد پايداريكم 20%تاديه,2,10000,1502920000,156554,150292,150292,-6262,-4,150292,-6262,-4,150292,150292,1400-10-4,2021-12-25
889,تملي705,تسهيلات مسكن ب. ملي-مرداد97,2,18,10569420,618094,587190,587190,-30904,-5,587190,-30904,-5,587190,587190,1400-10-4,2021-12-25
890,افران2,صندوق س افرا نماد پايدار-ثابت,2,23400000,23400000,15049,1,1,-15048,-99.99,1,-15048,-99.99,1,1,1400-10-4,2021-12-25
891,شگويات.ف0104,اختيارف.تبعي شگويا010408,2,12700,12700,1,1,1,0,0,1,0,0,1,1,1400-10-4,2021-12-25
892,اعتماد4,صندوق س.اعتماد آفرين پارسيان-د,2,43560300,1780332961000,40827,40872,40870,43,0.11,40871,44,0.11,40870,40872,1400-10-4,2021-12-25
893,غبهار,كشت وصنعت بهاران گلبهار خراسان,2,1328,22966432,17828,17294,17294,-534,-3,17827,-1,-0.01,17294,17294,1400-10-4,2021-12-25
894,سپيدما2,صندوق س. سپيد دماوند-د,2,10000000,10000000,11565,1,1,-11564,-99.99,1,-11564,-99.99,1,1,1400-10-4,2021-12-25
895,ضپاس1009,اختيارخ وپارس-1600-1400/10/22,2,15,4511000,300,301,300,0,0,301,1,0.33,300,301,1400-10-4,2021-12-25
896,حاريا,كشتيراني آريا,2,2500,37947500,15488,15179,15179,-309,-2,15486,-2,-0.01,15179,15179,1400-10-4,2021-12-25
897,ضخود2016,اختيارخ خودرو-1600-1401/02/07,2,100,62000000,694,620,620,-74,-10.66,620,-74,-10.66,620,620,1400-10-4,2021-12-25
898,خفناور,مهندسي صنعتي روان فن آور,2,266,10139388,39296,38118,38118,-1178,-3,39295,-1,0,38118,38118,1400-10-4,2021-12-25
899,اراد884,مرابحه عام دولت88-ش.خ041120,2,9239400,8524686859000,1000000,922730,922560,-77440,-7.74,922645,-77355,-7.74,922560,922730,1400-10-4,2021-12-25
900,زعف0110پ09,زعفران0110نگين نوين(پ),2,710,260570055,359550,367001,367000,7450,2.07,367000,7450,2.07,367000,367001,1400-10-4,2021-12-25
901,تملي709,تسهيلات مسكن ب. ملي-آذر97,2,20,13026484,632354,663971,632354,0,0,651324,18970,3,632354,663971,1400-10-4,2021-12-25
902,اراد354,مرابحه عام دولت3-ش.خ 0103,2,24000000,22809732000000,974311,950506,950305,-24006,-2.46,950405,-23906,-2.45,950305,950506,1400-10-4,2021-12-25
903,وغدير2,سرمايه‌گذاري‌غدير(هلدينگ‌,1,5000000,77500000000,15290,15500,15500,210,1.37,15500,210,1.37,15500,15500,1400-10-4,2021-12-25
904,خاتم2,صندوق س خاتم ايساتيس پويا-ثابت,1,800000,800000,12527,1,1,-12526,-99.99,1,-12526,-99.99,1,1,1400-10-4,2021-12-25
905,تهران412,مشاركت ش تهران412-3ماهه18%,1,10000,9737000000,964100,973700,973700,9600,1,973700,9600,1,973700,973700,1400-10-4,2021-12-25
906,افران4,صندوق س افرا نماد پايدار-ثابت,1,34742180,523807847860,15049,15077,15077,28,0.19,15077,28,0.19,15077,15077,1400-10-4,2021-12-25
907,اراد314,مرابحه عام دولت3-ش.خ 0208,1,879000,786353400000,907200,894600,894600,-12600,-1.39,894600,-12600,-1.39,894600,894600,1400-10-4,2021-12-25
908,اراد794,مرابحه عام دولت79-ش.خ010612,1,565000,549538210000,974000,972634,972634,-1366,-0.14,972634,-1366,-0.14,972634,972634,1400-10-4,2021-12-25
909,صخود412,ص مرابحه خودرو412- 3ماهه 18%,1,338,334620338,999997,990001,990001,-9996,-1,990001,-9996,-1,990001,990001,1400-10-4,2021-12-25
910,اراد744,مرابحه عام دولت74-ش.خ040226,1,700000,687400000000,981680,982000,982000,320,0.03,982000,320,0.03,982000,982000,1400-10-4,2021-12-25
911,آگاس2,صندوق س.هستي بخش آگاه-س,1,100000,100000,79920,1,1,-79919,-100,1,-79919,-100,1,1,1400-10-4,2021-12-25
912,اخزا9172,اسنادخزانه-م17بودجه99-010226,1,319882,294611322000,915130,921000,921000,5870,0.64,921000,5870,0.64,921000,921000,1400-10-4,2021-12-25
913,كهربا2,صندوق س.پشتوانه سكه طلا كهربا,1,500000,500000,11072,1,1,-11071,-99.99,1,-11071,-99.99,1,1,1400-10-4,2021-12-25
914,ضفلا1160,اختيارخ فولاد-7000-1400/11/24,1,1,4000000,1700,4000,4000,2300,135.29,4000,2300,135.29,4000,4000,1400-10-4,2021-12-25
915,طكاريس304,اختيارف كاريس-15000-14010331,1,10,5000000,1,500,500,499,49900,500,499,49900,500,500,1400-10-4,2021-12-25
916,اروند08,منفعت صبا اروند ملت 14001222,1,25000,24999750000,999999,999990,999990,-9,0,999990,-9,0,999990,999990,1400-10-4,2021-12-25
917,اراد424,مرابحه عام دولت4-ش.خ 0106,1,800000,772000000000,969590,965000,965000,-4590,-0.47,965000,-4590,-0.47,965000,965000,1400-10-4,2021-12-25
918,ضپنا2014,اختيارخ رمپنا-16000-1401/02/07,1,100,350000000,2000,3500,3500,1500,75,3500,1500,75,3500,3500,1400-10-4,2021-12-25
919,داريوش2,صندوق س. ثروت داريوش -س,1,200000,200000,9663,1,1,-9662,-99.99,1,-9662,-99.99,1,1,1400-10-4,2021-12-25
920,اراد38,مرابحه عام دولت3-ش.خ 0105,1,5000,4925000000,1000000,985000,985000,-15000,-1.5,985000,-15000,-1.5,985000,985000,1400-10-4,2021-12-25
921,درهآورح,ح . دارويي ره آورد تامين,1,200,7700000,38500,38500,38500,0,0,38500,0,0,38500,38500,1400-10-4,2021-12-25
922,كمان,س.خ.كمان كاريزما 35% تاديه,1,78800,30000420800,380537,380716,380716,179,0.05,380716,179,0.05,380716,380716,1400-10-4,2021-12-25
923,اخزا9142,اسنادخزانه-م14بودجه99-021025,1,101755,63698630000,626440,626000,626000,-440,-0.07,626000,-440,-0.07,626000,626000,1400-10-4,2021-12-25
924,ضفلا1166,اختيارخ فولاد-16000-1400/11/24,1,5,850000,15,170,170,155,1033.33,170,155,1033.33,170,170,1400-10-4,2021-12-25
925,ضپنا2012,اختيارخ رمپنا-12000-1401/02/07,1,1,5500000,4000,5500,5500,1500,37.5,5500,1500,37.5,5500,5500,1400-10-4,2021-12-25
926,دارا4,صندوق س. دارا الگوريتم-د,1,2000000,19920000000,9943,9960,9960,17,0.17,9960,17,0.17,9960,9960,1400-10-4,2021-12-25
927,ضملي3014,اختيارخ فملي-8000-1401/03/02,1,100,140000000,1,1400,1400,1399,139900,1400,1399,139900,1400,1400,1400-10-4,2021-12-25
928,كمند2,صندوق س. با درآمد ثابت كمند,1,56500000,56500000,10088,1,1,-10087,-99.99,1,-10087,-99.99,1,1,1400-10-4,2021-12-25
929,اخزا9182,اسنادخزانه-م18بودجه99-010323,1,251776,227655859200,899710,904200,904200,4490,0.5,904200,4490,0.5,904200,904200,1400-10-4,2021-12-25
930,صايپا1122,صكوك مرابحه سايپا112-3ماهه 16%,1,550000,564245000000,1020000,1025900,1025900,5900,0.58,1025900,5900,0.58,1025900,1025900,1400-10-4,2021-12-25
931,صغدير4082,صكوك اجاره غدير408-بدون ضامن,1,500000,500000000000,1005000,1000000,1000000,-5000,-0.5,1000000,-5000,-0.5,1000000,1000000,1400-10-4,2021-12-25
932,ضبدر1161,اختيارخ شبندر-4500-1400/11/13,1,1,2500000,1600,2500,2500,900,56.25,2500,900,56.25,2500,2500,1400-10-4,2021-12-25
933,گواهي ظرفيت,گواهي ظرفيت نقدي,1,6000000,186228000000,29560,31038,31038,1478,5,29914,354,1.2,31038,31038,1400-10-4,2021-12-25
934,اراد89,مرابحه عام دولت89-ش.خ041120,1,500,491500000,990000,983000,983000,-7000,-0.71,983000,-7000,-0.71,983000,983000,1400-10-4,2021-12-25
935,ضخود1054,اختيارخ خودرو-3000-1400/10/08,1,100,100000,1,1,1,0,0,1,0,0,1,1,1400-10-4,2021-12-25
936,ديزل04,مرابحه بهمن ديزل14040331,1,500,488705000,987409,977410,977410,-9999,-1.01,977410,-9999,-1.01,977410,977410,1400-10-4,2021-12-25
937,ضشنا1047,اختيارخ شپنا-4905-1400/10/19,1,2,4771000,1260,1300,1300,40,3.17,1300,40,3.17,1300,1300,1400-10-4,2021-12-25
938,نگين,ص.س. زمين و ساختمان نگين شهرري,1,9000,466470000,51830,51830,51830,0,0,51830,0,0,51830,51830,1400-10-4,2021-12-25
939,زعف0008پ09,زعفران0008نگين نوين(پ),1,1,270000,264876,270000,270000,5124,1.93,270000,5124,1.93,270000,270000,1400-10-4,2021-12-25
940,ضسپا1110,اختيارخ خساپا-1200-1400/11/20,1,1,540000,521,540,540,19,3.65,540,19,3.65,540,540,1400-10-4,2021-12-25
941,مشهد0012,مشاركت شهرداري مشهد-3ماهه20%,1,8,7920000,990000,990000,990000,0,0,990000,0,0,990000,990000,1400-10-4,2021-12-25
942,ثبات2,صندوق س. ثبات ويستا -د,1,4200000,4200000,10614,1,1,-10613,-99.99,1,-10613,-99.99,1,1,1400-10-4,2021-12-25
943,اراد934,مرابحه عام دولت93-ش.خ010809,1,830000,800642900000,958640,964630,964630,5990,0.62,964630,5990,0.62,964630,964630,1400-10-4,2021-12-25
944,فملي2,ملي‌ صنايع‌ مس‌ ايران‌,1,5000000,34500000000,6720,6900,6900,180,2.68,6900,180,2.68,6900,6900,1400-10-4,2021-12-25
945,ضشنا2011,اختيارخ شپنا-3500-1401/02/25,1,1,3800000,2700,3800,3800,1100,40.74,3800,1100,40.74,3800,3800,1400-10-4,2021-12-25
946,تملي803,تسهيلات مسكن ب. ملي-خرداد98,1,30,24624360,864012,820812,820812,-43200,-5,820812,-43200,-5,820812,820812,1400-10-4,2021-12-25
947,كبورس,كارگزاران بورس اوراق بهادار,1,29320,321640400,11540,10970,10970,-570,-4.94,11540,0,0,10970,10970,1400-10-4,2021-12-25
948,صگل411,ص اجاره گل گهر 411- 3 ماهه 17%,1,38,37620000,971001,990000,990000,18999,1.96,990000,18999,1.96,990000,990000,1400-10-4,2021-12-25
949,ضپيك1031,اختيارخ تاپيكو-14000-00/10/15,1,28,26600000,950,950,950,0,0,950,0,0,950,950,1400-10-4,2021-12-25
950,ضكاريس303,اختيارخ كاريس-14000-14010331,1,10,15000000,1,1500,1500,1499,149900,1500,1499,149900,1500,1500,1400-10-4,2021-12-25
951,ضچاد2011,اختيارخ كچاد-20000-1401/02/05,1,3,19050000,1,6350,6350,6349,634900,6350,6349,634900,6350,6350,1400-10-4,2021-12-25
952,صبهمن404,صكوك مرابحه بهمن404-3ماهه 18%,1,5,5039290,1007858,1007858,1007858,0,0,1007858,0,0,1007858,1007858,1400-10-4,2021-12-25
953,ضفرابورس1200,اختيارخ فرابورس-19000-14001218,1,5,10010000,2693,2002,2002,-691,-25.66,2002,-691,-25.66,2002,2002,1400-10-4,2021-12-25
954,داريك4,صندوق س.اعتماد داريك-د,1,3500000,41643000000,12071,11898,11898,-173,-1.43,11898,-173,-1.43,11898,11898,1400-10-4,2021-12-25
955,شلرد022,كود شيميايي اوره لردگان,1,74562,74562000000,997000,1000000,1000000,3000,0.3,1000000,3000,0.3,1000000,1000000,1400-10-4,2021-12-25
956,مبين012,اجاره اعتماد مبين تمدن010710,1,25000,25000000000,1000000,1000000,1000000,0,0,1000000,0,0,1000000,1000000,1400-10-4,2021-12-25
957,تيپيكو2,سرمايه گذاري دارويي تامين,1,2000000,36760000000,18370,18380,18380,10,0.05,18380,10,0.05,18380,18380,1400-10-4,2021-12-25
958,امين يكم4,صندوق درآمد ثابت امين يكم فردا,1,56400000,564958800000,10003,10017,10017,14,0.14,10017,14,0.14,10017,10017,1400-10-4,2021-12-25
959,ضترا1130,اختيارخ شتران-3089-1400/11/10,1,2,5894200,1300,1300,1300,0,0,1300,0,0,1300,1300,1400-10-4,2021-12-25
960,ضمخا2012,اختيارخ اخابر-5000-1401/02/28,1,3,11400000,1,3800,3800,3799,379900,3800,3799,379900,3800,3800,1400-10-4,2021-12-25
961,اراد384,مرابحه عام دولت3-ش.خ 0105,1,330000,322678950000,1000000,977815,977815,-22185,-2.22,977815,-22185,-2.22,977815,977815,1400-10-4,2021-12-25
962,ضچاد2010,اختيارخ كچاد-18000-1401/02/05,1,20,149000000,1,7450,7450,7449,744900,7450,7449,744900,7450,7450,1400-10-4,2021-12-25
963,كيمياتك2,آريان كيميا تك,1,1500000,37500000000,24530,25000,25000,470,1.92,25000,470,1.92,25000,25000,1400-10-4,2021-12-25
964,اراد864,مرابحه عام دولت86-ش.خ020404,1,1081669,999999745493,924467,924497,924497,30,0,924497,30,0,924497,924497,1400-10-4,2021-12-25
965,زعف0008پ19,زعفران0008نگين تروند قاينات(پ),1,3838,997880000,252548,260000,260000,7452,2.95,260000,7452,2.95,260000,260000,1400-10-4,2021-12-25
966,تملي806,تسهيلات مسكن ب. ملي-شهريور98,1,6,5340000,894497,890000,890000,-4497,-0.5,890000,-4497,-0.5,890000,890000,1400-10-4,2021-12-25
967,اراد674,مرابحه عام دولت67-ش.خ0310,1,60000,60000000000,1000000,1000000,1000000,0,0,1000000,0,0,1000000,1000000,1400-10-4,2021-12-25
968,ضشنا2015,اختيارخ شپنا-6000-1401/02/25,1,100,180000000,1,1800,1800,1799,179900,1800,1799,179900,1800,1800,1400-10-4,2021-12-25
