,نماد,نام,تعداد,حجم,ارزش,دیروز,اولین,آخرین معامله - مقدار,آخرین معامله - تغییر,آخرین معامله - درصد,قیمت پایانی - مقدار,قیمت پایانی - تغییر,قیمت پایانی - درصد,کمترین,بیشترین,تاریخ,gregorian_date
0,پالايش,صندوق پالايشي يكم-سهام,73359,91592318,7098832234780,72820,74500,76790,3970,5.45,77500,4680,6.43,74250,79650,1400-8-15,2021-11-06
1,دارا يكم,صندوق واسطه گري مالي يكم-سهام,36930,30349310,3754970933430,114000,119100,125400,11400,10,123730,9730,8.54,119100,125400,1400-8-15,2021-11-06
2,شستا,سرمايه گذاري تامين اجتماعي,31768,252271761,3185071379600,11650,12780,12400,750,6.44,12630,980,8.41,12310,12780,1400-8-15,2021-11-06
3,فولاد,فولاد مباركه اصفهان,21413,150487290,1849620869080,11930,12050,12130,200,1.68,12290,360,3.02,12030,12480,1400-8-15,2021-11-06
4,فرابورس,فرابورس ايران,14420,31894462,891629817684,27570,27020,27510,-60,-0.22,27956,386,1.4,26888,28780,1400-8-15,2021-11-06
5,كمند,صندوق س. با درآمد ثابت كمند,13727,619332451,6296816732686,10148,10167,10167,19,0.19,10167,19,0.19,10167,10169,1400-8-15,2021-11-06
6,فجهان,مجتمع جهان فولاد سيرجان,13586,56657321,350974382402,6018,6090,6200,182,3.02,6195,177,2.94,6043,6280,1400-8-15,2021-11-06
7,فملي,ملي‌ صنايع‌ مس‌ ايران‌,13482,69015146,957523302540,13500,13560,13730,230,1.7,13870,370,2.74,13560,13990,1400-8-15,2021-11-06
8,فسبزوار,پارس فولاد سبزوار,12800,7639931,276853263760,35260,35400,35790,530,1.5,36240,980,2.78,35400,36850,1400-8-15,2021-11-06
9,ولقمان,سرمايه گذاري لقمان,10915,48899728,188674500576,3972,3853,3853,-119,-3,3858,-114,-2.87,3853,3916,1400-8-15,2021-11-06
10,مديريت,س. و خدمات مديريت صند. ب كشوري,10185,19769326,204476567958,10086,10178,10280,194,1.92,10343,257,2.55,9910,10579,1400-8-15,2021-11-06
11,شپنا,پالايش نفت اصفهان,9962,84061218,981010148170,11150,11550,11560,410,3.68,11670,520,4.66,11450,11700,1400-8-15,2021-11-06
12,تپكو,توليدتجهيزات‌سنگين‌هپكو,9497,195527673,669625081917,3352,3452,3452,100,2.98,3425,73,2.18,3272,3452,1400-8-15,2021-11-06
13,وگردش,بانك گردشگري,9441,115623825,1162950364017,10306,9997,10147,-159,-1.54,10058,-248,-2.41,9997,10339,1400-8-15,2021-11-06
14,كيمياتك,آريان كيميا تك,9088,4403055,123269438910,26780,27400,27780,1000,3.73,28000,1220,4.56,27000,28110,1400-8-15,2021-11-06
15,شبندر,پالايش نفت بندرعباس,7919,145407109,977699452990,6420,6550,6660,240,3.74,6720,300,4.67,6530,6740,1400-8-15,2021-11-06
16,توسن,توسعه سامانه ي نرم افزاري نگين,6498,2725652,43746714600,15286,16050,16050,764,5,16050,764,5,16050,16050,1400-8-15,2021-11-06
17,آريا,پليمر آريا ساسول,6216,4056478,482186084175,113637,114630,118000,4363,3.84,118868,5231,4.6,114630,119318,1400-8-15,2021-11-06
18,غزر,صنعتي زر ماكارون,6001,13599325,151798795900,10740,10840,11000,260,2.42,11160,420,3.91,10740,11270,1400-8-15,2021-11-06
19,كدما,معدني‌ دماوند,5895,5459154,534105205920,93670,96600,97380,3710,3.96,97840,4170,4.45,95100,98350,1400-8-15,2021-11-06
20,شتران,پالايش نفت تهران,5891,67399874,323117184490,4585,4692,4740,155,3.38,4794,209,4.56,4586,4814,1400-8-15,2021-11-06
21,لپارس,پارس‌ الكتريك‌,5877,4463640,528755124860,113800,116190,119490,5690,5,118460,4660,4.09,113000,119490,1400-8-15,2021-11-06
22,كيان,صندوق س. با درآمد ثابت كيان,5756,66646189,2094070416689,31381,31420,31421,40,0.13,31421,40,0.13,31416,31424,1400-8-15,2021-11-06
23,سپيد,سپيد ماكيان,5731,4749113,278317734440,56920,57760,57340,420,0.74,58600,1680,2.95,56160,59700,1400-8-15,2021-11-06
24,امين,تامين سرمايه امين,5639,7313251,87293889190,11910,11940,11900,-10,-0.08,11940,30,0.25,11800,12050,1400-8-15,2021-11-06
25,بوعلي,پتروشيمي بوعلي سينا,5225,3988178,308158376970,73980,74300,75810,1830,2.47,77270,3290,4.45,74300,77670,1400-8-15,2021-11-06
26,ذوب,سهامي ذوب آهن  اصفهان,4859,106091718,433490939876,3897,4050,4091,194,4.98,4086,189,4.85,4013,4091,1400-8-15,2021-11-06
27,غگيلا,شيرپاستوريزه پگاه گيلان,4787,7123352,130384455828,17970,17900,18000,30,0.17,18304,334,1.86,17500,18760,1400-8-15,2021-11-06
28,وصنعت,سرمايه گذاري توسعه صنعت وتجارت,4761,85807069,592969238510,6640,6900,6890,250,3.77,6910,270,4.07,6650,6970,1400-8-15,2021-11-06
29,سپيدار,سپيدار سيستم آسيا,4656,2577914,49815547023,18706,18790,18885,179,0.96,19324,618,3.3,18790,19641,1400-8-15,2021-11-06
30,بركتح,ح . گروه دارويي بركت,4581,9146391,186456302750,18690,20000,20550,1860,9.95,20390,1700,9.1,19180,20550,1400-8-15,2021-11-06
31,فروس,فروسيليس‌ ايران‌,4519,44809522,342099211330,7710,7450,7520,-190,-2.46,7630,-80,-1.04,7390,7820,1400-8-15,2021-11-06
32,كحافظح,ح . كاشي‌ وسراميك‌ حافظ‌,4486,73544934,147891538427,1907,1820,2020,113,5.93,2011,104,5.45,1820,2050,1400-8-15,2021-11-06
33,وهامون,سرمايه گذاري هامون صبا,4479,15851022,49698409660,2994,3081,3143,149,4.98,3135,141,4.71,3043,3143,1400-8-15,2021-11-06
34,امين يكم,صندوق درآمد ثابت امين يكم فردا,4417,143096299,1441194904699,10063,10072,10069,6,0.06,10072,9,0.09,10065,10076,1400-8-15,2021-11-06
35,خمهرح,ح . مهركام‌پارس‌,4347,77739736,73052632735,859,939,944,85,9.9,940,81,9.43,888,944,1400-8-15,2021-11-06
36,خنصير,مهندسي‌نصيرماشين‌,4299,23552399,540288138180,22190,23290,21770,-420,-1.89,22940,750,3.38,21630,23290,1400-8-15,2021-11-06
37,هاي وب,داده گسترعصرنوين-هاي وب,4142,54627569,492489524530,8620,8770,8950,330,3.83,9020,400,4.64,8750,9050,1400-8-15,2021-11-06
38,صبا,سرمايه گذاري صبا تامين,4113,44749113,292110092524,6232,6330,6475,243,3.9,6528,296,4.75,6330,6543,1400-8-15,2021-11-06
39,سرو,صندوق س سروسودمند مدبران-سهام,4088,5027422,385437805400,72540,74080,76150,3610,4.98,76670,4130,5.69,74080,78000,1400-8-15,2021-11-06
40,ثبهساز,بهساز كاشانه تهران,4048,34894340,63683852815,1743,1816,1820,77,4.42,1825,82,4.7,1777,1830,1400-8-15,2021-11-06
41,خبنيان,بنيان ديزل,3960,309659,54858906520,173676,178886,172000,-1676,-0.97,177159,3483,2.01,171000,178886,1400-8-15,2021-11-06
42,ومدير,گ.مديريت ارزش سرمايه ص ب كشوري,3676,19803835,93371166094,4518,4628,4700,182,4.03,4715,197,4.36,4520,4743,1400-8-15,2021-11-06
43,وسپهر,سرمايه گذاري مالي سپهرصادرات,3673,7660752,56551901249,7111,7177,7350,239,3.36,7284,173,2.43,7177,7430,1400-8-15,2021-11-06
44,شاروم,پتروشيمي اروميه,3659,2868394,41052665403,13639,13810,14310,671,4.92,14312,673,4.93,13810,14320,1400-8-15,2021-11-06
45,چخزر,صنايع چوب خزر كاسپين,3610,564852,16563528004,28054,29300,29456,1402,5,29324,1270,4.53,28302,29456,1400-8-15,2021-11-06
46,قتربت,قند تربت حيدريه,3594,549066,28161060545,52476,53490,51001,-1475,-2.81,51289,-1187,-2.26,50902,53490,1400-8-15,2021-11-06
47,كرمان,س. توسعه و عمران استان كرمان,3589,160303171,173274356269,1032,1055,1083,51,4.94,1081,49,4.75,1055,1083,1400-8-15,2021-11-06
48,اعتماد,صندوق س.اعتماد آفرين پارسيان-د,3540,65452190,2604780913200,39754,39797,39800,46,0.12,39797,43,0.11,39796,39801,1400-8-15,2021-11-06
49,غكورش,صنعت غذايي كورش,3525,4348775,209320566280,45970,46880,47620,1650,3.59,48130,2160,4.7,46800,48260,1400-8-15,2021-11-06
50,ثنظام,س. ساختماني نظام مهندسي ايران,3468,9162197,230850752605,25555,24278,25555,0,0,25196,-359,-1.4,24278,26000,1400-8-15,2021-11-06
51,فتوسا,توليد و توسعه سرب روي ايرانيان,3443,4204399,47786001948,10954,11227,11501,547,4.99,11366,412,3.76,11117,11501,1400-8-15,2021-11-06
52,آگاس,صندوق س.هستي بخش آگاه-س,3405,4260544,359493475717,80681,81950,83995,3314,4.11,84377,3696,4.58,81900,85400,1400-8-15,2021-11-06
53,شگويا,پتروشيمي تندگويان,3369,13936702,163264869913,11194,11380,11600,406,3.63,11715,521,4.65,11380,11753,1400-8-15,2021-11-06
54,زاگرس,پتروشيمي زاگرس,3345,972867,272924972926,270595,276890,277900,7305,2.7,280537,9942,3.67,275700,284020,1400-8-15,2021-11-06
55,لطيف,محصولات كاغذي لطيف,3328,1022051,40332367108,37699,38500,39500,1801,4.78,39462,1763,4.68,37603,39583,1400-8-15,2021-11-06
56,وكبهمن,مديريت سرمايه گذاري كوثربهمن,3307,2165988,23318886298,10275,10739,10788,513,4.99,10766,491,4.78,10401,10788,1400-8-15,2021-11-06
57,حكشتي,كشتيراني جمهوري اسلامي ايران,3233,23120918,327076600020,13490,13980,14150,660,4.89,14150,660,4.89,13810,14160,1400-8-15,2021-11-06
58,وگستر,گسترش سرمايه گذاري ايرانيان,3213,15761056,130907607678,8083,8380,8120,37,0.46,8306,223,2.76,8106,8480,1400-8-15,2021-11-06
59,كزغال,زغال سنگ پروده طبس,3205,2580227,85146659622,31483,31950,33057,1574,5,33000,1517,4.82,31220,33057,1400-8-15,2021-11-06
60,وغدير,سرمايه‌گذاري‌غدير(هلدينگ‌,3204,26482517,418737180220,15120,15210,15700,580,3.84,15810,690,4.56,15210,15870,1400-8-15,2021-11-06
61,ضخود1053,اختيارخ خودرو-2500-1400/10/08,3203,162856,8488287000,27,49,55,28,103.7,52,25,92.59,40,58,1400-8-15,2021-11-06
62,ولپارس,ليزينگ پارسيان,3192,3630550,15768828401,4143,4350,4350,207,5,4343,200,4.83,4189,4350,1400-8-15,2021-11-06
63,آبادا,توليد نيروي برق آبادان,3171,2530701,37129067460,14410,14500,14460,50,0.35,14670,260,1.8,14410,14820,1400-8-15,2021-11-06
64,نوري,پتروشيمي نوري,3063,4317778,516692424800,114410,116500,120130,5720,5,119670,5260,4.6,116490,120130,1400-8-15,2021-11-06
65,غنوش,نوش‌ مازندران‌,3053,6998948,204375461530,27960,28900,28590,630,2.25,29200,1240,4.43,28520,29350,1400-8-15,2021-11-06
66,ولكار,ليزينگ كارآفرين,3052,3962430,17287724073,4226,4253,4301,75,1.77,4363,137,3.24,4253,4429,1400-8-15,2021-11-06
67,فگستر,گسترش صنايع روي ايرانيان,3013,3983972,40141840012,9822,10000,10025,203,2.07,10076,254,2.59,9860,10197,1400-8-15,2021-11-06
68,تسه0007,امتيازتسهيلات مسكن مهر1400,2881,80173,57292237429,706388,715001,732250,25862,3.66,714608,8220,1.16,705000,732250,1400-8-15,2021-11-06
69,بپيوند,برق و انرژي پيوندگستر پارس,2736,1584517,16569747189,9976,10380,10474,498,4.99,10457,481,4.82,10132,10474,1400-8-15,2021-11-06
70,فارس,صنايع پتروشيمي خليج فارس,2733,36658930,466611375320,12370,12640,12830,460,3.72,12730,360,2.91,12640,13000,1400-8-15,2021-11-06
71,افران,صندوق س افرا نماد پايدار-ثابت,2708,94162190,1381462963052,14648,14671,14672,24,0.16,14671,23,0.16,14671,14674,1400-8-15,2021-11-06
72,زملارد,كشاورزي و دامپروري ملارد شير,2704,463385,9778813655,20099,21103,21103,1004,5,20722,623,3.1,21103,21103,1400-8-15,2021-11-06
73,گدنا,تهيه توزيع غذاي دنا آفرين فدك,2685,1968217,30747485974,14879,15622,15622,743,4.99,15622,743,4.99,15622,15622,1400-8-15,2021-11-06
74,شپديس,پتروشيمي پرديس,2588,3335138,637142221940,182720,188000,190000,7280,3.98,191040,8320,4.55,188000,191850,1400-8-15,2021-11-06
75,آپ,آسان پرداخت پرشين,2555,14223108,157482480540,11000,11290,10780,-220,-2,11070,70,0.64,10770,11480,1400-8-15,2021-11-06
76,ولانا,شركت ليزينگ آريا دانا,2541,7929072,124994176288,15893,15417,15850,-43,-0.27,15764,-129,-0.81,15417,16300,1400-8-15,2021-11-06
77,جهرم,پتروشيمي جهرم,2468,63843624,93681631206,1510,1435,1435,-75,-4.97,1467,-43,-2.85,1435,1546,1400-8-15,2021-11-06
78,رافزا,رايان هم افزا,2410,270812,15755029724,55407,58177,58177,2770,5,58177,2770,5,58177,58177,1400-8-15,2021-11-06
79,ثنوسا,نوسازي‌وساختمان‌تهران‌,2337,22860377,141332906130,6160,6230,6060,-100,-1.62,6180,20,0.32,5980,6390,1400-8-15,2021-11-06
80,وپويا,سرمايه گذاري پويا,2314,6735229,29095015587,4122,4177,4310,188,4.56,4320,198,4.8,4177,4328,1400-8-15,2021-11-06
81,غالبر,لبنيات‌ كالبر,2295,18371053,197025895460,10430,10100,10940,510,4.89,10720,290,2.78,10100,10950,1400-8-15,2021-11-06
82,سيتا,سرمايه گذاري سيمان تامين,2286,4727803,48883200990,9850,10340,10340,490,4.97,10340,490,4.97,10260,10340,1400-8-15,2021-11-06
83,بگيلان,توسعه مسير برق گيلان,2277,632938,10001624176,15050,15802,15802,752,5,15327,277,1.84,15710,15802,1400-8-15,2021-11-06
84,شفارا,پتروشيمي فارابي,2255,22583735,193289454384,8792,8872,8529,-263,-2.99,8559,-233,-2.65,8529,9000,1400-8-15,2021-11-06
85,وهنر,گروه توسعه هنر ايران,2219,20243766,69750736716,3403,3445,3405,2,0.06,3446,43,1.26,3352,3505,1400-8-15,2021-11-06
86,فنفت,صنايع تجهيزات نفت,2199,9328841,141216481592,15414,14644,14780,-634,-4.11,15138,-276,-1.79,14644,15800,1400-8-15,2021-11-06
87,خصدرا,صنعتي‌ دريايي‌ ايران‌,2136,45351789,125513424858,2694,2750,2726,32,1.19,2768,74,2.75,2712,2774,1400-8-15,2021-11-06
88,پكوير,كوير تاير,2131,13733565,103658200740,6360,7710,7390,1030,16.19,7550,1190,18.71,7370,7950,1400-8-15,2021-11-06
89,كگل,معدني و صنعتي گل گهر,2104,11337543,270500141690,23130,23170,23910,780,3.37,23860,730,3.16,23170,24230,1400-8-15,2021-11-06
90,اطلس,صندوق س.توسعه اندوخته آينده-س,2099,984158,253693718661,248561,252001,257001,8440,3.4,257777,9216,3.71,252001,259490,1400-8-15,2021-11-06
91,ولساپا,ليزينگ رايان‌ سايپا,2068,38459306,106857550663,2718,2790,2740,22,0.81,2778,60,2.21,2731,2829,1400-8-15,2021-11-06
92,وملت,سرمايه گذاري ملت,2062,22132730,68652714535,3148,3023,3050,-98,-3.11,3102,-46,-1.46,3023,3247,1400-8-15,2021-11-06
93,ثاميد,توسعه و عمران اميد,2062,17507913,26852819286,1466,1472,1539,73,4.98,1534,68,4.64,1472,1539,1400-8-15,2021-11-06
94,تسه0006,امتيازتسهيلات مسكن شهريور1400,2040,60786,43342737840,704102,712000,730000,25898,3.68,713038,8936,1.27,700051,730000,1400-8-15,2021-11-06
95,ختور,رادياتور ايران‌,2032,13740033,239530958980,16620,17400,17400,780,4.69,17430,810,4.87,17000,17450,1400-8-15,2021-11-06
96,حفاري,حفاري شمال,2006,22270521,102655146570,4401,4550,4530,129,2.93,4609,208,4.73,4500,4621,1400-8-15,2021-11-06
97,ولملت,واسپاري ملت,2004,21192466,142162541810,6710,6900,6460,-250,-3.73,6710,0,0,6380,6960,1400-8-15,2021-11-06
98,شپترو,پتروشيمي آبادان,1986,34352086,131314100225,3728,3800,3826,98,2.63,3823,95,2.55,3740,3839,1400-8-15,2021-11-06
99,بترانس,ايران‌ ترانسفو,1981,45744100,105960016969,2221,2299,2332,111,5,2316,95,4.28,2260,2332,1400-8-15,2021-11-06
100,شبريز,پالايش نفت تبريز,1970,6758343,239075195730,33750,34200,34800,1050,3.11,35370,1620,4.8,34200,35430,1400-8-15,2021-11-06
101,سمايه,بانك سرمايه,1969,20836942,133061985628,6163,6470,6330,167,2.71,6386,223,3.62,5984,6471,1400-8-15,2021-11-06
102,ديران,ايران‌دارو,1961,5679015,149714628760,25350,26500,25710,360,1.42,26360,1010,3.98,25590,26610,1400-8-15,2021-11-06
103,كاوه,فولاد كاوه جنوب كيش,1950,8434876,137823883480,15790,16250,16260,470,2.98,16340,550,3.48,16030,16520,1400-8-15,2021-11-06
104,ثفارس,عمران‌وتوسعه‌فارس‌,1928,12974653,124753902630,9330,9690,9390,60,0.64,9620,290,3.11,9310,9790,1400-8-15,2021-11-06
105,كاما,باما,1926,26303890,232572636220,8430,8780,8850,420,4.98,8840,410,4.86,8560,8850,1400-8-15,2021-11-06
106,ضخود1052,اختيارخ خودرو-2000-1400/10/08,1900,83374,14845153000,94,120,192,98,104.26,178,84,89.36,120,200,1400-8-15,2021-11-06
107,كچاد,معدني‌وصنعتي‌چادرملو,1862,8797493,268507946410,29140,29620,30100,960,3.29,30520,1380,4.74,29620,30590,1400-8-15,2021-11-06
108,افق,فروشگاههاي زنجيره اي افق كوروش,1835,2100591,95040747880,43840,43840,45800,1960,4.47,45240,1400,3.19,43840,46030,1400-8-15,2021-11-06
109,كماسه,تامين‌ ماسه‌ ريخته‌گري‌,1826,30706603,175792149540,5460,5700,5730,270,4.95,5720,260,4.76,5510,5730,1400-8-15,2021-11-06
110,غدام,خوراك‌  دام‌ پارس‌,1819,747715,97741408420,128260,128590,128010,-250,-0.19,130720,2460,1.92,128000,133000,1400-8-15,2021-11-06
111,هرمز,فولاد هرمزگان جنوب,1817,9703627,174165833860,17167,17900,18000,833,4.85,17949,782,4.56,17511,18025,1400-8-15,2021-11-06
112,خاور,ايران خودرو ديزل,1808,51785843,377311652098,7074,7286,7286,212,3,7286,212,3,7286,7286,1400-8-15,2021-11-06
113,شغدير,پتروشيمي غدير,1788,2562497,255711531290,95070,97480,99500,4430,4.66,99790,4720,4.96,97100,99820,1400-8-15,2021-11-06
114,ثشاهد,سرمايه‌ گذاري‌ شاهد,1763,14254143,177399682470,11880,12200,12450,570,4.8,12450,570,4.8,12200,12470,1400-8-15,2021-11-06
115,پيزد,مجتمع صنايع لاستيك يزد,1760,331928,18341345496,52626,55257,55257,2631,5,55257,2631,5,55257,55257,1400-8-15,2021-11-06
116,اتكاي,بيمه اتكايي ايرانيان,1752,55843445,597115147815,10203,10450,10713,510,5,10693,490,4.8,10350,10713,1400-8-15,2021-11-06
117,فاسمين,كالسيمين‌,1750,6840611,119302786920,17110,17280,17180,70,0.41,17440,330,1.93,17030,17880,1400-8-15,2021-11-06
118,شصدف,صنعتي دوده فام,1745,2278876,71882896476,30149,30585,31098,949,3.15,31543,1394,4.62,30585,31656,1400-8-15,2021-11-06
119,كوير,توليدي فولاد سپيد فراب كوير,1744,8473178,116244524500,13390,13400,13800,410,3.06,13720,330,2.46,13400,13920,1400-8-15,2021-11-06
120,كتوكا,توليدي و خدمات صنايع نسوز توكا,1737,6559544,93776344179,13956,14540,13925,-31,-0.22,14296,340,2.44,13270,14653,1400-8-15,2021-11-06
121,شبصير,توليدات پتروشيمي قائد بصير,1737,3517904,404324020654,109465,114938,114938,5473,5,114933,5468,5,113030,114938,1400-8-15,2021-11-06
122,پارند,صندوق س. پارند پايدار سپهر,1736,69557722,707297721859,10153,10169,10169,16,0.16,10168,15,0.15,10168,10169,1400-8-15,2021-11-06
123,مدير,ص.س.مديريت ثروت ص.بازنشستگي-س,1713,7832421,80418184464,9643,9979,10310,667,6.92,10267,624,6.47,9901,10440,1400-8-15,2021-11-06
124,غگل,گلوكوزان‌,1680,46160923,157724090778,3270,3310,3432,162,4.95,3417,147,4.5,3310,3433,1400-8-15,2021-11-06
125,كرازي,كارخانجات‌توليدي‌شيشه‌رازي‌,1673,63351413,89156379563,1344,1393,1411,67,4.99,1407,63,4.69,1370,1411,1400-8-15,2021-11-06
126,خودرو,ايران‌ خودرو,1670,45605168,86284977856,1802,1892,1892,90,4.99,1864,62,3.44,1892,1892,1400-8-15,2021-11-06
127,اپال,فرآوري معدني اپال كاني پارس,1648,2606752,57562764110,21520,22040,21990,470,2.18,21780,260,1.21,21550,22270,1400-8-15,2021-11-06
128,فجر,فولاد اميركبيركاشان,1647,4735254,124010786010,25000,25900,26150,1150,4.6,26190,1190,4.76,25180,26250,1400-8-15,2021-11-06
129,غپينو,پارس‌ مينو,1603,26941886,97015933869,3437,3550,3565,128,3.72,3601,164,4.77,3540,3608,1400-8-15,2021-11-06
130,غصينو,صنعتي مينو,1593,7306060,137179579388,18831,19000,17890,-941,-5,18776,-55,-0.29,17890,19499,1400-8-15,2021-11-06
131,شپلي,پلي اكريل ايران,1577,14124915,116746569321,8094,8290,8095,1,0.01,8265,171,2.11,8095,8336,1400-8-15,2021-11-06
132,قشكر,شكرشاهرود,1540,26771935,85679214553,3164,3160,3189,25,0.79,3200,36,1.14,3110,3270,1400-8-15,2021-11-06
133,خساپا,سايپا,1531,49630133,84917157563,1630,1711,1711,81,4.97,1685,55,3.37,1711,1711,1400-8-15,2021-11-06
134,شفا,سرمايه گذاري شفادارو,1524,3047280,139392229880,43910,46100,44750,840,1.91,45740,1830,4.17,44520,46100,1400-8-15,2021-11-06
135,شيران,س. صنايع‌شيميايي‌ايران,1520,3674152,84160515850,21970,22990,22870,900,4.1,22860,890,4.05,22610,23060,1400-8-15,2021-11-06
136,بايكا,كارخانجات كابلسازي ‌ايران‌,1451,3101470,61922050833,19782,19189,19500,-282,-1.43,19965,183,0.93,19189,20375,1400-8-15,2021-11-06
137,ماديرا,صنايع ماديران,1413,11392099,82216913725,6914,7180,7110,196,2.83,7217,303,4.38,7020,7259,1400-8-15,2021-11-06
138,تپولا,مهندسي مرآت پولاد,1396,3892104,68239585638,18060,17157,17325,-735,-4.07,17533,-527,-2.92,17157,18327,1400-8-15,2021-11-06
139,طلا,صندوق س.پشتوانه طلاي لوتوس,1369,2207323,186833520840,83728,84520,85010,1282,1.53,84643,915,1.09,84300,85076,1400-8-15,2021-11-06
140,پتاير,ايران‌ تاير,1360,31072829,70657474903,2182,2289,2242,60,2.75,2274,92,4.22,2200,2291,1400-8-15,2021-11-06
141,تاصيكو,سرمايه گذاري صدرتامين,1348,11914141,114869597440,9240,9240,9580,340,3.68,9630,390,4.22,9240,9700,1400-8-15,2021-11-06
142,پارس,پتروشيمي پارس,1326,606634,117374349680,189120,193520,190730,1610,0.85,193480,4360,2.31,190000,195490,1400-8-15,2021-11-06
143,ولتجار,واسپاري تجارت وسرمايه ايرانيان,1305,20964341,74348769400,3634,3525,3525,-109,-3,3546,-88,-2.42,3525,3620,1400-8-15,2021-11-06
144,فسپا,گروه‌صنعتي‌سپاهان‌,1301,4676892,86849691270,17770,17980,18510,740,4.16,18570,800,4.5,17980,18650,1400-8-15,2021-11-06
145,زقيام,كشت و دام قيام اصفهان,1286,31062863,54222231795,1668,1717,1734,66,3.96,1746,78,4.68,1701,1751,1400-8-15,2021-11-06
146,وتجارت,بانك تجارت,1273,65580763,130440137607,1895,1989,1989,94,4.96,1989,94,4.96,1989,1989,1400-8-15,2021-11-06
147,وبصادر,بانك صادرات ايران,1273,68015603,131474160599,1841,1933,1933,92,5,1933,92,5,1933,1933,1400-8-15,2021-11-06
148,بركت,گروه دارويي بركت,1262,5661296,125793997120,21170,22220,22220,1050,4.96,22220,1050,4.96,22220,22220,1400-8-15,2021-11-06
149,اپرداز,آتيه داده پرداز,1259,2208264,52565588332,23435,23500,23660,225,0.96,23804,369,1.57,23300,24191,1400-8-15,2021-11-06
150,غشوكو,شوكو پارس,1242,3968206,39872926136,10038,10339,9880,-158,-1.57,10048,10,0.1,9750,10339,1400-8-15,2021-11-06
151,وسنا,سرمايه گذاري نيروگاهي ايران,1225,8732934,115949272818,13603,13195,13195,-408,-3,13277,-326,-2.4,13195,13729,1400-8-15,2021-11-06
152,شرنگي,شيميايي رنگين,1219,687992,105311393190,151248,151248,149000,-2248,-1.49,153071,1823,1.21,145001,157990,1400-8-15,2021-11-06
153,همراه,شركت ارتباطات سيار ايران,1203,5788814,50754170460,8510,8790,8740,230,2.7,8620,110,1.29,8570,8900,1400-8-15,2021-11-06
154,گكوثر,هتل پارسيان كوثر اصفهان,1197,32339043,68013911670,2023,2057,2124,101,4.99,2103,80,3.95,2042,2124,1400-8-15,2021-11-06
155,ثرود,سرمايه‌گذاري مسكن زاينده رود,1190,4612480,39500805907,8437,8400,8210,-227,-2.69,8564,127,1.51,8111,8800,1400-8-15,2021-11-06
156,گشان,توسعه بين المللي پديده شانديز,1168,3556315,67632656313,18494,18601,19047,553,2.99,19018,524,2.83,18601,19048,1400-8-15,2021-11-06
157,نهال,صندوق س. طلاي سرخ نوويرا,1162,5025357,74749475767,13856,14300,14918,1062,7.66,14874,1018,7.35,13955,15159,1400-8-15,2021-11-06
158,سكارون,سيمان كارون,1126,678337,40393753584,60452,60700,58639,-1813,-3,59548,-904,-1.5,58639,61710,1400-8-15,2021-11-06
159,پترول,گ.س.وت.ص.پتروشيمي خليج فارس,1126,21629133,69897688730,3084,3210,3238,154,4.99,3198,114,3.7,3150,3238,1400-8-15,2021-11-06
160,تمحركه,ماشين سازي نيرو محركه,1116,4974690,109895882712,22721,23000,22040,-681,-3,22091,-630,-2.77,22040,23000,1400-8-15,2021-11-06
161,ثتران,سرمايه گذاري مسكن تهران,1116,11121951,53887539627,4634,4700,4801,167,3.6,4845,211,4.55,4700,4865,1400-8-15,2021-11-06
162,دماوند,توليد نيروي برق دماوند,1115,2821247,57971498798,19689,20165,20673,984,5,20548,859,4.36,19801,20673,1400-8-15,2021-11-06
163,فنرژي,گسترش صنايع انرژي آذرآب,1103,4574792,58631666092,13269,12739,12739,-530,-3.99,12816,-453,-3.41,12739,13063,1400-8-15,2021-11-06
164,وخاور,بانك خاورميانه,1094,7450246,40759400140,5360,5510,5570,210,3.92,5440,80,1.49,5300,5590,1400-8-15,2021-11-06
165,غشهداب,كشت و صنعت شهداب ناب خراسان,1084,13405618,38194574488,2729,2790,2809,80,2.93,2849,120,4.4,2755,2865,1400-8-15,2021-11-06
166,وپارس,بانك‌پارسيان‌,1077,34751733,78929750247,2165,2270,2273,108,4.99,2232,67,3.09,2211,2273,1400-8-15,2021-11-06
167,فسا,پتروشيمي فسا,1067,31168226,42458009290,1349,1282,1340,-9,-0.67,1362,13,0.96,1282,1416,1400-8-15,2021-11-06
168,فافق,صنايع مس افق كرمان,1058,12338213,48272009022,3910,3916,3900,-10,-0.26,3912,2,0.05,3803,3978,1400-8-15,2021-11-06
169,ارزش,صندوق س ارزش آفرين بيدار-سهام,1048,8183989,83319305650,9550,9780,10210,660,6.91,10180,630,6.6,9780,10330,1400-8-15,2021-11-06
170,كمرجان,بازرگاني و توليدي مرجان كار,1046,972328,63046608613,62100,64999,63700,1600,2.58,64841,2741,4.41,62119,65205,1400-8-15,2021-11-06
171,حگردش,ريل گردش ايرانيان,1046,19505652,73725734584,3675,3730,3785,110,2.99,3780,105,2.86,3706,3785,1400-8-15,2021-11-06
172,حبندر,دريايي و کشتيراني خط دريابندر,1046,2084489,65402825610,31590,31520,31600,10,0.03,31376,-214,-0.68,30643,32000,1400-8-15,2021-11-06
173,ملت,بيمه ملت,1043,55142116,69638131865,1205,1260,1265,60,4.98,1263,58,4.81,1226,1265,1400-8-15,2021-11-06
174,كلر,كلر پارس,1032,797464,92126249683,110837,114999,115000,4163,3.76,115524,4687,4.23,105296,116378,1400-8-15,2021-11-06
175,ويسا,سرمايه گذاري ايساتيس پويا,1030,4266897,33079993556,7986,7748,7747,-239,-2.99,7753,-233,-2.92,7747,7960,1400-8-15,2021-11-06
176,دتوزيع,توزيع دارو پخش,1018,1543847,45901957668,28822,29800,29300,478,1.66,29732,910,3.16,28823,30263,1400-8-15,2021-11-06
177,حسير,ريل سير كوثر,1013,2048424,85782843322,40751,41300,41000,249,0.61,41877,1126,2.76,40754,42785,1400-8-15,2021-11-06
178,نيرو,نيرو سرمايه,1011,1962218,78961075106,40639,39420,41567,928,2.28,40241,-398,-0.98,39420,41630,1400-8-15,2021-11-06
179,اميد,تامين سرمايه اميد,1009,8347258,59105831020,6890,7000,7110,220,3.19,7080,190,2.76,6950,7230,1400-8-15,2021-11-06
180,چدن,توليدي چدن سازان,1008,26928411,82365217568,2917,3030,3062,145,4.97,3059,142,4.87,2950,3062,1400-8-15,2021-11-06
181,شتوكا,توكا رنگ فولاد سپاهان,1005,1480114,46349017319,30959,31084,30820,-139,-0.45,31314,355,1.15,30700,31790,1400-8-15,2021-11-06
182,فنوال,نورد آلومينيوم‌,997,2014999,50686528040,24560,25000,24800,240,0.98,25150,590,2.4,24560,25780,1400-8-15,2021-11-06
183,سلار,شركت سيمان لارستان,993,1684618,46024734014,27761,26929,26935,-826,-2.98,27321,-440,-1.58,26929,28430,1400-8-15,2021-11-06
184,كسعديح,ح . كاشي‌ سعدي‌,993,24637003,177458942500,7120,7160,7500,380,5.34,7200,80,1.12,7120,7510,1400-8-15,2021-11-06
185,تاپيكو,س. نفت و گاز و پتروشيمي تأمين,989,12669983,179540945040,13510,13830,14180,670,4.96,14170,660,4.89,13830,14180,1400-8-15,2021-11-06
186,فزرين,زرين معدن آسيا,986,6672058,95546993503,13646,14188,14328,682,5,14320,674,4.94,13900,14328,1400-8-15,2021-11-06
187,سفارس,سيمان فارس و خوزستان,983,4126355,75777465450,17520,18100,18190,670,3.82,18360,840,4.79,17750,18390,1400-8-15,2021-11-06
188,وبانك,سرمايه گذاري گروه توسعه ملي,974,21384442,188137823980,8390,8600,8800,410,4.89,8800,410,4.89,8510,8800,1400-8-15,2021-11-06
189,فروي,ذوب روي اصفهان,972,2516178,60823399660,23023,24174,24174,1151,5,24173,1150,5,23600,24174,1400-8-15,2021-11-06
190,پارسان,گسترش نفت و گاز پارسيان,971,8544563,292951565310,32670,33000,34260,1590,4.87,34290,1620,4.96,33000,34300,1400-8-15,2021-11-06
191,تملت,تامين سرمايه بانك ملت,965,15476262,57500223408,3542,3610,3719,177,5,3715,173,4.88,3610,3719,1400-8-15,2021-11-06
192,كارين,صندوق س نگين سامان-ثابت,957,43319778,436739933943,10065,10080,10083,18,0.18,10082,17,0.17,10080,10083,1400-8-15,2021-11-06
193,خپارس,پارس‌ خودرو,937,47097446,54114965454,1095,1149,1149,54,4.93,1149,54,4.93,1149,1149,1400-8-15,2021-11-06
194,خلنت,لنت‌ ترمزايران‌,933,707978,67905002310,91510,96080,96000,4490,4.91,95910,4400,4.81,93300,96080,1400-8-15,2021-11-06
195,بجهرم,توسعه مولد نيروگاهي جهرم,932,16977074,37921908474,2134,2190,2240,106,4.97,2234,100,4.69,2161,2240,1400-8-15,2021-11-06
196,ضسپا8042,اختيارخ خساپا-1800-1400/08/26,926,46315,3653487000,28,90,80,52,185.71,79,51,182.14,60,111,1400-8-15,2021-11-06
197,قرن,پديده شيمي قرن,921,1217933,33179569340,25990,26930,27200,1210,4.66,27240,1250,4.81,26500,27280,1400-8-15,2021-11-06
198,وايران,ليزينگ ايرانيان,918,8508725,39598509701,4444,4580,4666,222,5,4654,210,4.73,4560,4666,1400-8-15,2021-11-06
199,ومعادن,توسعه‌معادن‌وفلزات‌,915,12680682,136675020220,10280,10600,10790,510,4.96,10780,500,4.86,10460,10790,1400-8-15,2021-11-06
200,ياقوت,صندوق س ياقوت آگاه-ثابت,909,10176752,137414310710,13491,13503,13507,16,0.12,13503,12,0.09,13502,13518,1400-8-15,2021-11-06
201,خبهمن,گروه‌بهمن‌,909,85170159,155946561129,1744,1831,1831,87,4.99,1831,87,4.99,1831,1831,1400-8-15,2021-11-06
202,قنيشا,قند  نيشابور,908,2670553,114260410920,40990,41700,43020,2030,4.95,42790,1800,4.39,39410,43030,1400-8-15,2021-11-06
203,كرماشا,صنايع پتروشيمي كرمانشاه,906,2454550,128319471820,49870,51670,51900,2030,4.07,52280,2410,4.83,51420,52360,1400-8-15,2021-11-06
204,وسكاب,س.ص.بازنشستگي كاركنان بانكها,901,15319184,49331706329,3084,3127,3229,145,4.7,3220,136,4.41,3127,3238,1400-8-15,2021-11-06
205,خاهن,آهنگري‌ تراكتورسازي‌ ايران‌,900,10901221,60229708990,5290,5470,5550,260,4.91,5530,240,4.54,5350,5550,1400-8-15,2021-11-06
206,فلوله,لوله‌وماشين‌سازي‌ايران‌,900,35271944,39371845258,1067,1111,1119,52,4.87,1116,49,4.59,1080,1120,1400-8-15,2021-11-06
207,ودي,بيمه  دي,895,8191299,49601641043,5892,5951,5960,68,1.15,6055,163,2.77,5951,6150,1400-8-15,2021-11-06
208,كبافق,معادن‌ بافق‌,885,1081707,38176695700,33720,34890,34810,1090,3.23,35290,1570,4.66,34150,35400,1400-8-15,2021-11-06
209,خاهنح,ح . آهنگري تراكتورسازي‌ ايران‌,885,6387722,26243092946,3824,3980,4177,353,9.23,4108,284,7.43,3730,4203,1400-8-15,2021-11-06
210,آ س پ,آ.س.پ,880,4820631,39013300005,7777,8000,8050,273,3.51,8093,316,4.06,7850,8165,1400-8-15,2021-11-06
211,چكارن,كارتن‌ ايران‌,867,20051904,58234192154,2772,2910,2874,102,3.68,2904,132,4.76,2860,2910,1400-8-15,2021-11-06
212,تكشا,گسترش‌صنايع‌وخدمات‌كشاورزي‌,862,2376065,83272172900,33510,34000,35180,1670,4.98,35050,1540,4.6,32540,35180,1400-8-15,2021-11-06
213,وساخت,سرمايه‌ گذاري‌ ساختمان‌ايران‌,860,1182642,49714913490,40690,40650,42330,1640,4.03,42040,1350,3.32,40650,42720,1400-8-15,2021-11-06
214,پاكشو,گروه صنعتي پاكشو,857,9389457,51826921320,5400,5480,5420,20,0.37,5460,60,1.11,5390,5600,1400-8-15,2021-11-06
215,ثعتما,س. ساختماني اعتماد گستر,846,1585865,48682127685,30977,30791,30048,-929,-3,30698,-279,-0.9,30048,31900,1400-8-15,2021-11-06
216,تبرك,گروه كارخانجات صنعتي تبرك,844,4529013,40970028004,8648,8887,8930,282,3.26,9046,398,4.6,8665,9080,1400-8-15,2021-11-06
217,غسالم,سالمين‌,826,10570811,31143232089,2819,2910,2959,140,4.97,2946,127,4.51,2891,2959,1400-8-15,2021-11-06
218,كسرا,سراميك‌هاي‌صنعتي‌اردكان‌,822,5786966,91764420940,15130,15800,15880,750,4.96,15860,730,4.82,15430,15880,1400-8-15,2021-11-06
219,شيراز,پتروشيمي‌شيراز,814,1335406,110085119500,79430,82100,81000,1570,1.98,82440,3010,3.79,79650,83140,1400-8-15,2021-11-06
220,ثاخت,بين‌المللي‌توسعه‌ساختمان,813,24157366,50126472536,1985,2060,2050,65,3.27,2075,90,4.53,2014,2084,1400-8-15,2021-11-06
221,وسكرشا,س.سهام عدالت استان كرمانشاه,811,63482473,29922803975,451,453,469,18,3.99,471,20,4.43,453,473,1400-8-15,2021-11-06
222,آوا,صندوق س.سهام آواي معيار-س,805,2885069,24276081790,7987,8130,8380,393,4.92,8414,427,5.35,8130,8560,1400-8-15,2021-11-06
223,وصنا,گروه‌صنايع‌بهشهرايران‌,804,7236647,48841320810,6530,6500,6750,220,3.37,6750,220,3.37,6480,6850,1400-8-15,2021-11-06
224,فايرا,آلومينيوم‌ايران‌,799,13439808,242573484080,17220,17250,18080,860,4.99,18050,830,4.82,17250,18080,1400-8-15,2021-11-06
225,ضخود1054,اختيارخ خودرو-3000-1400/10/08,798,44269,1040975000,11,18,26,15,136.36,24,13,118.18,18,29,1400-8-15,2021-11-06
226,وسكرمان,س.سهام عدالت استان كرمان,797,65945460,30217807941,438,450,459,21,4.79,457,19,4.34,443,459,1400-8-15,2021-11-06
227,شاوان,پالايش نفت لاوان,797,1718695,235078374883,130513,131500,137038,6525,5,136777,6264,4.8,131500,137038,1400-8-15,2021-11-06
228,شسپا,نفت سپاهان,791,19985609,69336267210,3307,3440,3472,165,4.99,3452,145,4.38,3400,3472,1400-8-15,2021-11-06
229,خگستر,گسترش‌سرمايه‌گذاري‌ايران‌خودرو,782,13096561,29074365420,2115,2220,2220,105,4.96,2202,87,4.11,2220,2220,1400-8-15,2021-11-06
230,جم,پتروشيمي جم,780,992028,47181835280,46370,47490,47280,910,1.96,46920,550,1.19,46310,47970,1400-8-15,2021-11-06
231,وآوا,سرمايه گذاري آوا نوين,775,8015034,25731925478,3095,3142,3197,102,3.3,3210,115,3.72,3142,3249,1400-8-15,2021-11-06
232,كنور,توسعه معدني و صنعتي صبانور,766,2309127,43892862060,18610,18720,18500,-110,-0.59,18790,180,0.97,18450,19300,1400-8-15,2021-11-06
233,وپاسار,بانك  پاسارگاد,756,5170409,70767437530,13250,13270,13900,650,4.91,13500,250,1.89,13270,13900,1400-8-15,2021-11-06
234,فباهنر,مس‌ شهيدباهنر,745,965977,25943859470,25900,26880,26700,800,3.09,26780,880,3.4,26390,27180,1400-8-15,2021-11-06
235,ثمين,صندوق س. ثروت افزون ثمين-س,742,5084484,50844840000,10000,10000,10000,0,0,10000,0,0,10000,10000,1400-8-15,2021-11-06
236,سپر,صندوق س سپر سرمايه بيدار- ثابت,740,25843540,338102123059,13071,13085,13085,14,0.11,13083,12,0.09,13072,13113,1400-8-15,2021-11-06
237,سدور,سيمان‌ دورود,735,8764857,62586532280,6810,7150,7150,340,4.99,7140,330,4.85,7020,7150,1400-8-15,2021-11-06
238,ثتوسا,س.توسعه و عمران استان اردبيل,735,1886030,36386480478,18904,18890,19470,566,2.99,19293,389,2.06,18624,19471,1400-8-15,2021-11-06
239,كيميا,معدني كيمياي زنجان گستران,732,3492658,53342882999,14672,14910,15200,528,3.6,15273,601,4.1,14910,15405,1400-8-15,2021-11-06
240,حآفرين,ريل پرداز نو آفرين,729,13487752,69214002172,4901,4970,5146,245,5,5132,231,4.71,4970,5146,1400-8-15,2021-11-06
241,غمارگ,مارگارين‌,728,1230921,34859067820,27430,28110,28280,850,3.1,28320,890,3.24,27820,28690,1400-8-15,2021-11-06
242,فسرب,ملي‌ سرب‌وروي‌ ايران‌,722,533727,35899207470,64410,65450,67500,3090,4.8,67260,2850,4.42,65000,67630,1400-8-15,2021-11-06
243,تسه0005,امتيازتسهيلات مسكن مرداد 1400,720,10694,7627535675,704143,715000,725900,21757,3.09,713254,9111,1.29,686000,725900,1400-8-15,2021-11-06
244,دروز,داروسازي‌ روزدارو,717,1061464,35666286270,33180,33800,32720,-460,-1.39,33600,420,1.27,32460,34200,1400-8-15,2021-11-06
245,غمينو,شركت صنايع غذايي مينو شرق,714,5454035,27020650427,4733,4965,4969,236,4.99,4954,221,4.67,4820,4969,1400-8-15,2021-11-06
246,سصفها,سيمان‌اصفهان‌,710,894702,30483071470,33080,34300,33660,580,1.75,34070,990,2.99,31650,34590,1400-8-15,2021-11-06
247,دسانكو,داروسازي سبحان انكولوژي,701,3577690,48217943356,12931,13565,13160,229,1.77,13477,546,4.22,13110,13577,1400-8-15,2021-11-06
248,خشرق,الكتريك‌ خودرو شرق‌,699,4684014,77557828380,15840,16630,16400,560,3.54,16560,720,4.55,16020,16630,1400-8-15,2021-11-06
249,ساوه,سيمان ساوه,697,292445,14636486496,47694,48202,50010,2316,4.86,49884,2190,4.59,48202,50078,1400-8-15,2021-11-06
250,وپست,پست بانك ايران,696,1887410,42816874400,21880,22010,22500,620,2.83,22690,810,3.7,22010,22960,1400-8-15,2021-11-06
251,سبزوا,سيمان لار سبزوار,693,10539765,25570354090,2314,2355,2410,96,4.15,2426,112,4.84,2355,2429,1400-8-15,2021-11-06
252,وپسا,س. پتروشيمي ساختمان  خليج فارس,689,20962061,41306827899,1918,1905,1975,57,2.97,1971,53,2.76,1905,1975,1400-8-15,2021-11-06
253,وملي,گروه‌ صنعتي‌ ملي‌ (هلدينگ‌,689,303167,54268519120,171190,178700,179740,8550,4.99,179010,7820,4.57,175020,179740,1400-8-15,2021-11-06
254,غگرجي,بيسكويت‌  گرجي‌,676,10910272,25262057393,2212,2320,2322,110,4.97,2315,103,4.66,2262,2322,1400-8-15,2021-11-06
255,ساروم,سيمان‌اروميه‌,674,1428059,57224357590,38600,39000,39330,730,1.89,40070,1470,3.81,38300,40530,1400-8-15,2021-11-06
256,دانا,بيمه دانا,669,13179255,65244649104,4720,4810,4956,236,5,4951,231,4.89,4810,4956,1400-8-15,2021-11-06
257,ارفع,شركت آهن و فولاد ارفع,668,3328172,52381770889,15024,15600,15720,696,4.63,15520,496,3.3,15025,15775,1400-8-15,2021-11-06
258,وثخوز,سرمايه گذاري و توسعه خوزستان,667,1672072,58098475250,33350,34900,35017,1667,5,34746,1396,4.19,34000,35017,1400-8-15,2021-11-06
259,دلقما,دارويي‌ لقمان‌,666,1437944,39433472110,26280,27400,27490,1210,4.6,27420,1140,4.34,26340,27590,1400-8-15,2021-11-06
260,هماي,صندوق س هماي آگاه-ثابت,665,5332324,53746679888,10074,10078,10079,5,0.05,10079,5,0.05,10078,10089,1400-8-15,2021-11-06
261,كهرام,توليدي گرانيت بهسرام,663,616798,54060068682,88934,87156,89490,556,0.63,87646,-1288,-1.45,87156,90690,1400-8-15,2021-11-06
262,شخارك,پتروشيمي‌ خارك‌,661,860262,48470779330,54660,54850,55680,1020,1.87,55450,790,1.45,54850,56890,1400-8-15,2021-11-06
263,وپترو,سرمايه‌گذاري صنايع پتروشيمي‌,659,2722567,35218361940,12480,12840,12860,380,3.04,12940,460,3.69,12620,13090,1400-8-15,2021-11-06
264,سحرخيز,صندوق س. گروه زعفران سحرخيز,653,2494287,37187149791,13735,14799,15108,1373,10,14909,1174,8.55,13735,15108,1400-8-15,2021-11-06
265,شبهرن,نفت‌ بهران‌,653,3653316,44559546560,11620,12200,12200,580,4.99,12060,440,3.79,12030,12200,1400-8-15,2021-11-06
266,شپارس,بين‌ المللي‌ محصولات‌  پارس‌,635,4054344,32738967840,7710,7580,8090,380,4.93,8080,370,4.8,7580,8090,1400-8-15,2021-11-06
267,كاردان,صندوق س تجارت شاخصي كاردان,634,200757,41871762070,197720,204000,207860,10140,5.13,208570,10850,5.49,203990,209700,1400-8-15,2021-11-06
268,كاريس,صندوق س.سپهر كاريزما-س,629,2882252,40030206577,13284,13353,13930,646,4.86,13889,605,4.55,13353,13989,1400-8-15,2021-11-06
269,وسديد,گروه ‌صنعتي‌سديد,629,13268297,13679614207,1001,1031,1031,30,3,1031,30,3,1031,1031,1400-8-15,2021-11-06
270,فمراد,آلومراد,629,2651887,48187303320,17360,17800,18090,730,4.21,18170,810,4.67,17680,18220,1400-8-15,2021-11-06
271,دلر,داروسازي‌ اكسير,628,1563121,71072363600,43490,44480,43490,0,0,45470,1980,4.55,43230,45660,1400-8-15,2021-11-06
272,وسپه,سرمايه‌گذاري‌ سپه‌,626,10905218,93464825630,8190,8110,8490,300,3.66,8570,380,4.64,8110,8590,1400-8-15,2021-11-06
273,سپيدما,صندوق س. سپيد دماوند-د,625,32785782,371278669697,11311,11324,11324,13,0.11,11324,13,0.11,11324,11325,1400-8-15,2021-11-06
274,كلوند,كاشي‌ الوند,621,1733817,39609981490,21840,22860,22700,860,3.94,22850,1010,4.62,22000,22930,1400-8-15,2021-11-06
275,وسكرد,شركت س استان كردستان,620,52298632,23677318308,434,452,455,21,4.84,453,19,4.38,441,455,1400-8-15,2021-11-06
276,ومشان,س. فني و مهندسي مشانير,619,554312,29993992555,53034,51511,54000,966,1.82,54110,1076,2.03,51511,54625,1400-8-15,2021-11-06
277,لازما,كارخانه هاي صنعتي آزمايش,616,1382059,37961800932,26807,27611,27198,391,1.46,27468,661,2.47,26931,27611,1400-8-15,2021-11-06
278,بالبر,كابل‌ البرز,614,994393,26685390680,25900,25200,26760,860,3.32,26840,940,3.63,25200,27190,1400-8-15,2021-11-06
279,وتوسم,سرمايه‌گذاري‌توسعه‌ملي‌,613,12971678,108202269980,7960,8350,8350,390,4.9,8340,380,4.77,8200,8350,1400-8-15,2021-11-06
280,شنفت,نفت‌ پارس‌,611,2240986,18167491120,7870,8000,8050,180,2.29,7950,80,1.02,8000,8240,1400-8-15,2021-11-06
281,ميدكو,توسعه معادن وص.معدني خاورميانه,605,931244,43554431920,46610,46620,46650,40,0.09,46670,60,0.13,46620,47000,1400-8-15,2021-11-06
282,خريخت,صنايع‌ريخته‌گري‌ايران‌,603,6190225,25368877762,3942,4130,4100,158,4.01,4098,156,3.96,4010,4134,1400-8-15,2021-11-06
283,كهمدا,شيشه‌ همدان‌,603,4570974,41616123090,8700,8780,8990,290,3.33,9100,400,4.6,8780,9130,1400-8-15,2021-11-06
284,تسه0004,امتيازتسهيلات مسكن تير1400,602,9393,6678133052,704897,700000,725000,20103,2.85,710969,6072,0.86,700000,725000,1400-8-15,2021-11-06
285,جم پيلن,پلي پروپيلن جم - جم پيلن,600,304612,34847388040,112630,110510,113660,1030,0.91,113300,670,0.59,110510,116740,1400-8-15,2021-11-06
286,مرقام,ايران‌ارقام‌,599,2937655,36494847110,11890,12470,12470,580,4.88,12420,530,4.46,12100,12480,1400-8-15,2021-11-06
287,سفاسي,شركت فارسيت اهواز,591,6754294,27427682109,3949,4067,4067,118,2.99,4061,112,2.84,3972,4067,1400-8-15,2021-11-06
288,دامين,داروسازي‌ امين‌,591,7989695,23238377687,2800,2938,2935,135,4.82,2909,109,3.89,2830,2940,1400-8-15,2021-11-06
289,دكپسول,توليد ژلاتين كپسول ايران,591,1061222,35340030919,32094,32800,33540,1446,4.51,33301,1207,3.76,32300,33698,1400-8-15,2021-11-06
290,زشريف,كشت وصنعت شريف آباد,584,11832479,40284117038,3257,3418,3400,143,4.39,3405,148,4.54,3296,3419,1400-8-15,2021-11-06
291,وسين,بيمه سينا,583,10829185,40073519596,3674,3614,3745,71,1.93,3701,27,0.73,3614,3749,1400-8-15,2021-11-06
292,چكاپا,گروه صنايع كاغذ پارس,577,10365599,31382916775,2896,2950,3040,144,4.97,3028,132,4.56,2950,3040,1400-8-15,2021-11-06
293,وآذر,سرمايه‌گذاري‌توسعه‌آذربايجان‌,574,1308717,54389767950,39750,40890,41730,1980,4.98,41560,1810,4.55,38810,41730,1400-8-15,2021-11-06
294,قيستو,شركت قند بيستون,574,1063849,25777280735,24654,25350,23915,-739,-3,24230,-424,-1.72,23915,25350,1400-8-15,2021-11-06
295,ساينا,صنايع بهداشتي ساينا,573,371674,36832989706,94908,95300,99653,4745,5,99100,4192,4.42,95300,99653,1400-8-15,2021-11-06
296,حآسا,آسيا سير ارس,572,1692313,23137052832,13073,13726,13570,497,3.8,13672,599,4.58,13347,13726,1400-8-15,2021-11-06
297,شجم,صنايع پتروشيمي تخت جمشيد,572,5095476,65818721896,12436,12590,12946,510,4.1,12917,481,3.87,12550,13050,1400-8-15,2021-11-06
298,رانفور,خدمات‌انفورماتيك‌,568,8371742,37780811746,4311,4420,4526,215,4.99,4428,117,2.71,4420,4526,1400-8-15,2021-11-06
299,تسه9912,امتياز تسهيلات مسكن اسفند99,566,21545,15159507654,707054,683199,725000,17946,2.54,703621,-3433,-0.49,683199,725000,1400-8-15,2021-11-06
300,ضخود1049,اختيارخ خودرو-1400-1400/10/08,565,22182,14003735000,519,522,630,111,21.39,631,112,21.58,522,659,1400-8-15,2021-11-06
301,زكوثر,سرمايه گذاري كشاورزي كوثر,564,1134271,19712467480,16610,17040,17440,830,5,17380,770,4.64,17040,17440,1400-8-15,2021-11-06
302,شلعاب,لعابيران‌,563,4368231,25759179990,5630,5890,5880,250,4.44,5900,270,4.8,5740,5910,1400-8-15,2021-11-06
303,ومعلم,بيمه معلم,563,9373090,24477635534,2504,2520,2629,125,4.99,2611,107,4.27,2520,2629,1400-8-15,2021-11-06
304,ساراب,سيمان‌ داراب‌,563,2565751,44675788600,17320,17360,17430,110,0.64,17410,90,0.52,16590,17990,1400-8-15,2021-11-06
305,كسرام,پارس‌ سرام‌,555,7223118,29532770368,3905,4070,4100,195,4.99,4089,184,4.71,3850,4100,1400-8-15,2021-11-06
306,تليسه,دامداري تليسه نمونه,542,7322063,18179087234,2367,2484,2485,118,4.99,2483,116,4.9,2410,2485,1400-8-15,2021-11-06
307,غفارس,شير پاستوريزه پگاه فارس,539,3393530,24653617502,6939,7196,7180,241,3.47,7265,326,4.7,6960,7285,1400-8-15,2021-11-06
308,كروي,توسعه‌ معادن‌ روي‌ ايران‌,538,2292753,57571419350,23940,24490,25130,1190,4.97,25110,1170,4.89,24000,25130,1400-8-15,2021-11-06
309,غشصفا,شيرپاستوريزه‌پگاه‌اصفهان‌,538,1938937,69854641540,34340,36050,36000,1660,4.83,36030,1690,4.92,34960,36050,1400-8-15,2021-11-06
310,خكار,ايركا پارت صنعت,535,7096276,36033137481,4842,4999,5084,242,5,5078,236,4.87,4940,5084,1400-8-15,2021-11-06
311,شراز,پالايش نفت شيراز,534,259674,30739307918,113803,118380,116702,2899,2.55,116692,2889,2.54,114001,119493,1400-8-15,2021-11-06
312,انرژي3,سايراشخاص بورس انرژي,533,1024751,98745006360,91780,96360,96360,4580,4.99,96360,4580,4.99,96360,96360,1400-8-15,2021-11-06
313,وبيمه,سرمايه‌ گذاري‌ صنعت‌ بيمه‌,530,14766045,24650297548,1594,1622,1673,79,4.96,1669,75,4.71,1576,1673,1400-8-15,2021-11-06
314,تسه9908,امتياز تسهيلات مسكن آبان99,528,14764,10475050615,702378,700001,718510,16132,2.3,709499,7121,1.01,691255,725000,1400-8-15,2021-11-06
315,خپويش,سازه‌ پويش‌,527,338324,29811159020,84440,85900,87780,3340,3.96,88110,3670,4.35,85900,88660,1400-8-15,2021-11-06
316,كاسپين,داروسازي كاسپين تامين,527,1932889,51908182902,25606,26886,26886,1280,5,26855,1249,4.88,26402,26886,1400-8-15,2021-11-06
317,وثنو,سرمايه گذاري ساختماني نوين,527,7294839,42963625279,5731,5870,5800,69,1.2,5890,159,2.77,5743,5902,1400-8-15,2021-11-06
318,ونوين,بانك‌اقتصادنوين‌,525,16242685,57638786357,3389,3520,3558,169,4.99,3549,160,4.72,3456,3558,1400-8-15,2021-11-06
319,فولاي,صنايع فولاد آلياژي يزد,521,1871135,35140869741,17912,18800,18470,558,3.12,18781,869,4.85,18101,18807,1400-8-15,2021-11-06
320,بفجر,فجر انرژي خليج فارس,519,2754669,34672807780,11750,12330,12600,850,7.23,12050,300,2.55,12330,12940,1400-8-15,2021-11-06
321,نوين,بيمه نوين,518,5830584,24388105748,4000,4120,4112,112,2.8,4183,183,4.58,4001,4200,1400-8-15,2021-11-06
322,مفاخر,توسعه فناوري اطلاعات خوارزمي,517,909516,27285711905,28859,28100,30300,1441,4.99,30000,1141,3.95,28100,30301,1400-8-15,2021-11-06
323,تسه0003,امتيازتسهيلات مسكن خرداد1400,516,8374,5996894616,705311,700000,716000,10689,1.52,716133,10822,1.53,700000,740000,1400-8-15,2021-11-06
324,سپاها,سيمان‌سپاهان‌,515,6966632,64576827790,8830,9270,9220,390,4.42,9270,440,4.98,9130,9270,1400-8-15,2021-11-06
325,فيروزه,صندوق شاخص30 شركت فيروزه- سهام,512,333726,60358282790,175280,177000,180890,5610,3.2,180860,5580,3.18,176220,183920,1400-8-15,2021-11-06
326,تسه0001,امتيازتسهيلات مسكن فروردين1400,510,14860,10547278780,703299,700000,726700,23401,3.33,709776,6477,0.92,668450,726730,1400-8-15,2021-11-06
327,البرز,بيمه البرز,509,12040965,26940901371,2140,2200,2247,107,5,2237,97,4.53,2147,2247,1400-8-15,2021-11-06
328,بشهاب,لامپ‌  پارس‌ شهاب‌,505,237231,32969129810,135410,139900,137490,2080,1.54,138970,3560,2.63,135910,142140,1400-8-15,2021-11-06
329,تسه9810,امتياز تسهيلات مسكن دي98,502,11721,8271842539,701354,685020,707322,5968,0.85,705728,4374,0.62,671000,720000,1400-8-15,2021-11-06
330,وشهر,بانك شهر,497,12000344,61463653915,4925,5122,5082,157,3.19,5122,197,4,5082,5122,1400-8-15,2021-11-06
331,سيمرغ,سيمرغ,497,2156614,51589776560,22890,23650,24030,1140,4.98,23920,1030,4.5,23130,24030,1400-8-15,2021-11-06
332,وخارزم,سرمايه گذاري خوارزمي,495,7289073,33070524201,4321,4537,4537,216,5,4531,210,4.86,4537,4537,1400-8-15,2021-11-06
333,آكورد,صندوق س. آرمان آتي كوثر-د,494,8282000,290293532570,35000,35051,35054,54,0.15,35051,51,0.15,35051,35058,1400-8-15,2021-11-06
334,قهكمت,قندهكمتان‌,493,2736433,15340191350,5420,5680,5490,70,1.29,5600,180,3.32,5410,5690,1400-8-15,2021-11-06
335,فرآور,فرآوري‌موادمعدني‌ايران‌,492,1365038,39045183590,27340,27630,28700,1360,4.97,28600,1260,4.61,27100,28700,1400-8-15,2021-11-06
336,والبر,سرمايه‌ گذاري‌ البرز(هلدينگ‌,484,2106663,18416951930,8360,8690,8760,400,4.78,8600,240,2.87,8420,8770,1400-8-15,2021-11-06
337,غاذر,كشت‌وصنعت‌پياذر,482,1709488,47744768480,26660,27290,27990,1330,4.99,27930,1270,4.76,26500,27990,1400-8-15,2021-11-06
338,وتوصا,گروه س توسعه صنعتي ايران,481,2573374,25579079810,9510,9870,9980,470,4.94,9940,430,4.52,9510,9980,1400-8-15,2021-11-06
339,سرچشمه,سرمايه گذاري مس سرچشمه,475,3199412,18406447259,5533,5641,5809,276,4.99,5753,220,3.98,5640,5809,1400-8-15,2021-11-06
340,سغرب,سيمان‌غرب‌,474,1472152,25563204040,16620,16880,17440,820,4.93,17360,740,4.45,16600,17450,1400-8-15,2021-11-06
341,دكوثر,داروسازي‌ كوثر,472,5663424,19219912053,3239,3390,3399,160,4.94,3394,155,4.79,3300,3400,1400-8-15,2021-11-06
342,سشرق,سيمان‌ شرق‌,471,7250108,57612434930,7580,7940,7950,370,4.88,7950,370,4.88,7800,7950,1400-8-15,2021-11-06
343,كحافظ,كاشي‌ وسراميك‌ حافظ‌,470,9880291,35223779409,3410,3240,3550,140,4.11,3565,155,4.55,3240,3580,1400-8-15,2021-11-06
344,شرانل,نفت ايرانول,470,619500,29925891386,46702,46290,48181,1479,3.17,47945,1243,2.66,46290,48934,1400-8-15,2021-11-06
345,بنو,بيمه تجارت نو,465,2236830,20890542050,9095,9190,9335,240,2.64,9323,228,2.51,8810,9530,1400-8-15,2021-11-06
346,واحيا,م .صنايع و معادن احياء سپاهان,464,615214,93497750731,148809,150651,150750,1941,1.3,151976,3167,2.13,150000,153263,1400-8-15,2021-11-06
347,سخاش,سيمان‌خاش‌,463,340342,33269650240,93290,97950,96980,3690,3.96,97750,4460,4.78,94110,97950,1400-8-15,2021-11-06
348,كمنگنز,معادن‌منگنزايران‌,463,1247445,82849601900,63260,64900,66420,3160,5,66420,3160,5,64800,66420,1400-8-15,2021-11-06
349,كقزوي,شيشه‌ قزوين‌,463,3411838,30450740145,8741,8850,8930,189,2.16,8925,184,2.11,8785,9003,1400-8-15,2021-11-06
350,تصميم,صندوق س با درآمد ثابت تصميم,459,5654495,101072524171,17855,17874,17879,24,0.13,17875,20,0.11,17868,17879,1400-8-15,2021-11-06
351,تسه0002,امتيازتسهيلاتمسكن ارديبهشت1400,452,5950,4239890618,702561,700000,729899,27338,3.89,712587,10026,1.43,700000,729899,1400-8-15,2021-11-06
352,دشيمي,شيمي‌ داروئي‌ داروپخش‌,452,1576867,41110617100,24920,24410,26150,1230,4.94,26070,1150,4.61,24410,26160,1400-8-15,2021-11-06
353,حشكوه,دليجان طلايي شكوه پارس,451,14018981,42993069372,2986,3000,3075,89,2.98,3067,81,2.71,3000,3075,1400-8-15,2021-11-06
354,ثبات,صندوق س. ثبات ويستا -د,449,23359205,241411339465,10317,10334,10334,17,0.16,10335,18,0.17,10330,10339,1400-8-15,2021-11-06
355,ونيكي,سرمايه‌گذاري‌ ملي‌ايران‌,443,4654199,50206714770,10290,10590,10800,510,4.96,10620,330,3.21,10520,10800,1400-8-15,2021-11-06
356,سكه0012پ01,تمام سكه طرح جديد0012رفاه,438,114400,135860431300,1171848,1183000,1190000,18152,1.55,1187591,15743,1.34,1183000,1192999,1400-8-15,2021-11-06
357,سفانو,سيمان فارس نو,436,1166773,30084918200,25260,24700,25730,470,1.86,25780,520,2.06,24600,26100,1400-8-15,2021-11-06
358,آسيا,بيمه آسيا,436,10877639,19740370841,1738,1750,1824,86,4.95,1815,77,4.43,1750,1824,1400-8-15,2021-11-06
359,پلوله,گازلوله‌,432,856703,21716804962,25333,24620,26040,707,2.79,25349,16,0.06,24574,26050,1400-8-15,2021-11-06
360,دفارا,داروسازي‌ فارابي‌,431,731212,11423614180,15280,14550,15300,20,0.13,15540,260,1.7,14550,16000,1400-8-15,2021-11-06
361,زكشت,كشاورزي مكانيزه اصفهان كشت,429,843437,17668025440,20558,20350,20700,142,0.69,20948,390,1.9,20350,21200,1400-8-15,2021-11-06
362,وحكمت,بيمه حكمت صبا,429,5286761,21249448318,3905,4020,4010,105,2.69,4019,114,2.92,4000,4022,1400-8-15,2021-11-06
363,وبوعلي,سرمايه‌گذاري‌بوعلي‌,425,4039130,15982224352,3772,3950,3960,188,4.98,3957,185,4.9,3787,3960,1400-8-15,2021-11-06
364,دبالك,مواد اوليه دارويي البرز بالك,425,2269221,19989041653,8399,8800,8800,401,4.77,8809,410,4.88,8635,8818,1400-8-15,2021-11-06
365,قچار,فراوردههاي غذايي وقند چهارمحال,422,4739102,53005971899,10682,10900,11216,534,5,11185,503,4.71,10800,11216,1400-8-15,2021-11-06
366,وهور,مديريت انرژي اميد  تابان هور,418,12043777,17029772547,1359,1390,1426,67,4.93,1384,25,1.84,1390,1426,1400-8-15,2021-11-06
367,غچين,كشت‌ و صنعت‌ چين‌ چين,418,1745702,24505037770,13520,13960,14190,670,4.96,14040,520,3.85,13600,14190,1400-8-15,2021-11-06
368,قشرين,قند شيرين خراسان,416,4505402,33892340723,7316,7491,7535,219,2.99,7523,207,2.83,7333,7535,1400-8-15,2021-11-06
369,خراسان,پتروشيمي خراسان,415,741701,84392936440,108390,113800,113800,5410,4.99,113780,5390,4.97,111000,113800,1400-8-15,2021-11-06
370,تاپكيش,تجارت الكترونيك پارسيان كيش,414,2485528,42315629649,16215,17025,17025,810,5,17025,810,5,16903,17025,1400-8-15,2021-11-06
371,غمهرا,توليدي‌مهرام‌,413,281243,12346125020,42610,43490,44100,1490,3.5,43640,1030,2.42,43200,44670,1400-8-15,2021-11-06
372,غگلستا,شير پاستوريزه پگاه گلستان,411,1155844,15914227492,13156,13690,13813,657,4.99,13768,612,4.65,13158,13813,1400-8-15,2021-11-06
373,كپشير,پشم‌شيشه‌ايران‌,409,2981770,38510090240,12330,12310,12570,240,1.95,12920,590,4.79,12310,12940,1400-8-15,2021-11-06
374,دتوليد,داروسازي توليد دارو,409,1775769,17865437524,9629,9917,10110,481,5,10061,432,4.49,9822,10110,1400-8-15,2021-11-06
375,قاسم,قاسم ايران,408,7553880,27384313074,3457,3530,3601,144,4.17,3625,168,4.86,3519,3629,1400-8-15,2021-11-06
376,شدوص,دوده‌ صنعتي‌ پارس‌,406,1511544,32393474830,20690,20810,21200,510,2.46,21430,740,3.58,20810,21650,1400-8-15,2021-11-06
377,داوه,داروسازي آوه سينا,406,887699,10469905622,11388,11870,11504,116,1.02,11662,274,2.41,11503,11957,1400-8-15,2021-11-06
378,وصندوق,سرمايه‌گذاري‌صندوق‌بازنشستگي‌,404,4275390,82093086600,18540,18450,19190,650,3.51,18980,440,2.37,18450,19330,1400-8-15,2021-11-06
379,غشان,شيرپاستوريزه‌پگاه‌خراسان‌,404,6243476,30175712129,4696,4695,4882,186,3.96,4833,137,2.92,4695,4930,1400-8-15,2021-11-06
380,ثمسكن,سرمايه‌گذاري‌ مسكن‌,402,4978177,22089068654,4259,4319,4400,141,3.31,4437,178,4.18,4319,4471,1400-8-15,2021-11-06
381,اخابر,مخابرات ايران,400,3693646,28071204000,7240,7600,7600,360,4.97,7320,80,1.1,7550,7600,1400-8-15,2021-11-06
382,مارون,پتروشيمي مارون,400,211379,38860365712,182663,182001,185560,2897,1.59,183118,455,0.25,182001,188490,1400-8-15,2021-11-06
383,شوينده,مديريت صنعت شوينده ت.ص.بهشهر,396,1287574,25987146950,19250,19010,20210,960,4.99,20180,930,4.83,19010,20210,1400-8-15,2021-11-06
384,پدرخش,درخشان‌ تهران‌,395,1068336,22857033890,20450,20950,21470,1020,4.99,21390,940,4.6,20300,21470,1400-8-15,2021-11-06
385,ضسپا8041,اختيارخ خساپا-1600-1400/08/26,392,17401,3330287000,89,150,206,117,131.46,191,102,114.61,110,240,1400-8-15,2021-11-06
386,كساوه,صنايع‌ كاشي‌ و سراميك‌ سينا,387,602749,26331203280,41650,43600,43730,2080,4.99,43690,2040,4.9,42000,43730,1400-8-15,2021-11-06
387,وساشرقي,شركت س استان آذربايجان شرقي,387,33093688,15396449646,445,446,467,22,4.94,453,8,1.8,446,467,1400-8-15,2021-11-06
388,زنگان,صنعت روي زنگان,383,453380,30669588851,64713,67948,67948,3235,5,67647,2934,4.53,65620,67948,1400-8-15,2021-11-06
389,فاراك,ماشين‌ سازي‌ اراك‌,383,13274172,21735642373,1564,1615,1642,78,4.99,1637,73,4.67,1585,1642,1400-8-15,2021-11-06
390,مبين,مبين انرژي خليج فارس,381,2782438,70053860760,24040,24580,24920,880,3.66,24670,630,2.62,24130,25240,1400-8-15,2021-11-06
391,كمينا,شيشه سازي مينا,381,2330448,22459294543,9382,9411,9663,281,3,9637,255,2.72,9221,9663,1400-8-15,2021-11-06
392,فولاژ,فولاد آلياژي ايران,380,1339521,22180769280,16070,16600,16430,360,2.24,16210,140,0.87,16310,16750,1400-8-15,2021-11-06
393,شفارس,صنايع‌ شيميايي‌ فارس‌,377,14534900,18191419796,1193,1250,1252,59,4.95,1252,59,4.95,1231,1252,1400-8-15,2021-11-06
394,فنفتح,ح . صنايع تجهيزات نفت,377,1486034,14488931486,9523,9329,9808,285,2.99,9750,227,2.38,9238,9808,1400-8-15,2021-11-06
395,خزاميا,زامياد,377,3142068,20989014240,6370,6680,6680,310,4.87,6680,310,4.87,6680,6680,1400-8-15,2021-11-06
396,شكربن,كربن‌ ايران‌,376,288699,31608099110,104350,108800,109560,5210,4.99,109480,5130,4.92,105700,109560,1400-8-15,2021-11-06
397,چكاوه,صنايع‌كاغذسازي‌كاوه‌,375,1868753,21299939970,10930,11090,11470,540,4.94,11400,470,4.3,11090,11470,1400-8-15,2021-11-06
398,وبشهر,توسعه‌ صنايع‌ بهشهر(هلدينگ,375,2206899,30068796370,13240,13150,13580,340,2.57,13500,260,1.96,13150,13790,1400-8-15,2021-11-06
399,تيپيكو,سرمايه گذاري دارويي تامين,373,1317401,29267450260,21520,21900,22120,600,2.79,21730,210,0.98,21900,22450,1400-8-15,2021-11-06
400,وسبحان,سرمايه گذاري سبحان,373,9320010,27517665320,2817,2957,2953,136,4.83,2953,136,4.83,2870,2957,1400-8-15,2021-11-06
401,پكرمان,گروه‌ صنعتي‌ بارز,372,1941427,46813203620,23000,23000,24150,1150,5,24110,1110,4.83,23000,24150,1400-8-15,2021-11-06
402,فخاس,فولاد خراسان,372,935321,23620150530,24890,25680,24900,10,0.04,24970,80,0.32,24890,25820,1400-8-15,2021-11-06
403,تابا,تابان نيرو سپاهان,370,1328147,39681819486,29030,29900,29900,870,3,29878,848,2.92,29400,29900,1400-8-15,2021-11-06
404,ثاباد,توريستي ورفاهي آبادگران ايران,369,600260,23182697000,37040,38840,38890,1850,4.99,38620,1580,4.27,37600,38890,1400-8-15,2021-11-06
405,وثوق,سرمايه گذاري وثوق امين,368,1747018,21863865855,12192,12557,12557,365,2.99,12515,323,2.65,12000,12557,1400-8-15,2021-11-06
406,پارسيان,بيمه پارسيان,366,3939643,37143441540,9280,9100,9450,170,1.83,9430,150,1.62,9100,9640,1400-8-15,2021-11-06
407,كامياب,صندوق س. كامياب آشنا-د,362,4907010,53090953550,10803,10820,10819,16,0.15,10819,16,0.15,10819,10824,1400-8-15,2021-11-06
408,فپنتا,سپنتا,361,59178,28554310020,460280,475000,483290,23010,5,482520,22240,4.83,465000,483290,1400-8-15,2021-11-06
409,ضسپا8043,اختيارخ خساپا-2000-1400/08/26,360,21102,635634000,4,7,40,36,900,30,26,650,7,47,1400-8-15,2021-11-06
410,تسه9911,امتياز تسهيلات مسكن بهمن99,360,4706,3345000042,711396,700000,739980,28584,4.02,710795,-601,-0.08,693499,739980,1400-8-15,2021-11-06
411,ضشنا8004,اختيارخ شپنا-10800-1400/08/16,358,6320,5138441000,408,400,763,355,87.01,813,405,99.26,350,989,1400-8-15,2021-11-06
412,فكمند,گسترش قطعه سازي كمند,357,1193677,37077711983,30728,30600,31648,920,2.99,31062,334,1.09,29810,31649,1400-8-15,2021-11-06
413,فردا,صندوق س آواي فرداي زاگرس-ثابت,354,12897501,151585328100,11734,11753,11753,19,0.16,11753,19,0.16,11753,11757,1400-8-15,2021-11-06
414,ونفت,سرمايه‌گذاري‌ صنعت‌ نفت‌,351,2945844,43746637730,14160,14860,14860,700,4.94,14850,690,4.87,14500,14860,1400-8-15,2021-11-06
415,دشيري,شيرين دارو,350,74259,11027056332,150904,147000,147000,-3904,-2.59,148495,-2409,-1.6,146377,151790,1400-8-15,2021-11-06
416,وزمين,بانك ايران زمين,349,2834665,27640419097,9399,9696,9740,341,3.63,9751,352,3.75,9550,9774,1400-8-15,2021-11-06
417,ثشرق,سرمايه گذاري مسكن شمال شرق,349,3857441,15998173106,3981,4150,4131,150,3.77,4147,166,4.17,4000,4180,1400-8-15,2021-11-06
418,رتاپ,تجارت الكترونيك  پارسيان,348,3169006,18134775820,5480,5630,5750,270,4.93,5720,240,4.38,5500,5750,1400-8-15,2021-11-06
419,ثاصفا,شركت‌ ساختمان‌ اصفهان‌,344,657208,8641770477,12881,13034,12880,-1,-0.01,13108,227,1.76,12750,13267,1400-8-15,2021-11-06
420,دتماد,توليدمواداوليه‌داروپخش‌,341,1222950,56409634490,44040,45750,46240,2200,5,46130,2090,4.75,44800,46240,1400-8-15,2021-11-06
421,پاسا,ايران‌ياساتايرورابر,341,2202326,34501077100,15010,14720,15760,750,5,15670,660,4.4,14720,15760,1400-8-15,2021-11-06
422,آريان,سرمايه گذاري پارس آريان,334,5719870,99838833101,16951,17400,17459,508,3,17439,488,2.88,17000,17459,1400-8-15,2021-11-06
423,شپاكسا,پاكسان‌,333,1519319,26654745990,16830,16800,17670,840,4.99,17540,710,4.22,16780,17670,1400-8-15,2021-11-06
424,لوتوس,تامين سرمايه لوتوس پارسيان,333,2747193,15809219990,5540,5540,5810,270,4.87,5640,100,1.81,5510,5810,1400-8-15,2021-11-06
425,بكهنوج,توليد برق ماهتاب كهنوج,332,9749698,11266854564,1101,1156,1156,55,5,1140,39,3.54,1145,1156,1400-8-15,2021-11-06
426,اتكامح,ح . بيمه اتكايي امين,331,2682322,5468460110,1917,1884,2036,119,6.21,2039,122,6.36,1884,2107,1400-8-15,2021-11-06
427,واميد,گروه مديريت سرمايه گذاري اميد,329,2283074,29280030780,12570,12990,12710,140,1.11,12630,60,0.48,12600,13000,1400-8-15,2021-11-06
428,خچرخش,چرخشگر,328,2527649,22187525680,8380,8790,8770,390,4.65,8780,400,4.77,8500,8790,1400-8-15,2021-11-06
429,كصدف,كاشي صدف سرام استقلال آباده,327,1026729,22542460056,21551,21004,21740,189,0.88,21956,405,1.88,21004,22197,1400-8-15,2021-11-06
430,تكنو,تكنوتار,327,1429406,14273590540,9730,9800,9990,260,2.67,9970,240,2.47,9730,10210,1400-8-15,2021-11-06
431,سجام,مجتمع سيمان غرب آسيا,327,2705173,8031228198,2929,2850,3000,71,2.42,2961,32,1.09,2850,3014,1400-8-15,2021-11-06
432,لوتوسح,ح . تامين سرمايه لوتوس پارسيان,325,2171245,9437940830,4190,4150,4430,240,5.73,4350,160,3.82,4150,4450,1400-8-15,2021-11-06
433,فاذر,صنايع‌ آذرآب‌,322,13390048,12908006272,919,964,964,45,4.9,956,37,4.03,964,964,1400-8-15,2021-11-06
434,ثجوان,تامين مسكن جوانان,322,1167450,7117359725,6120,6091,5980,-140,-2.29,6103,-17,-0.28,5960,6303,1400-8-15,2021-11-06
435,ساربيل,سيمان آرتا اردبيل,320,406161,11256105460,26690,27900,27590,900,3.37,27430,740,2.77,27060,28010,1400-8-15,2021-11-06
436,كساپا,سايپاشيشه‌,314,949360,18147902000,18290,18990,19200,910,4.98,19120,830,4.54,18200,19200,1400-8-15,2021-11-06
437,وآرين,شركت توسعه اقتصادي آرين,314,6369239,13936407424,2126,2089,2189,63,2.96,2188,62,2.92,2089,2189,1400-8-15,2021-11-06
438,فنورد,نوردوقطعات‌ فولادي‌,313,149831,31206449960,198660,201990,208590,9930,5,208280,9620,4.84,201990,208590,1400-8-15,2021-11-06
439,تسه9809,امتياز تسهيلات مسكن آذر98,312,5475,3872197712,704154,691000,739361,35207,5,707251,3097,0.44,681711,739361,1400-8-15,2021-11-06
440,سباقر,سيمان باقران,312,1247292,19412289199,15178,15122,15633,455,3,15564,386,2.54,15122,15633,1400-8-15,2021-11-06
441,تسه9910,امتياز تسهيلات مسكن دي99,311,4818,3410185865,704351,691111,716000,11649,1.65,707801,3450,0.49,689089,730000,1400-8-15,2021-11-06
442,فبيرا,بسته‌ بندي‌ ايران‌,308,7639602,13065177218,1668,1710,1693,25,1.5,1710,42,2.52,1653,1718,1400-8-15,2021-11-06
443,سخوز,سيمان خوزستان,307,517421,12646045430,23920,23050,24470,550,2.3,24350,430,1.8,23040,24900,1400-8-15,2021-11-06
444,وآتوس,س.آرين توسكا قيمت اسمي 350ريال,307,436387,10854836047,24804,24060,24499,-305,-1.23,24874,70,0.28,24060,25548,1400-8-15,2021-11-06
445,ضسپا8044,اختيارخ خساپا-2500-1400/08/26,307,15701,20267000,1,1,1,0,0,1,0,0,1,3,1400-8-15,2021-11-06
446,غبهنوش,بهنوش‌ ايران‌,307,378714,20149139200,50920,52250,53460,2540,4.99,53200,2280,4.48,51210,53460,1400-8-15,2021-11-06
447,تنوين,تامين سرمايه نوين,306,4099156,22168178960,5160,5400,5410,250,4.84,5330,170,3.29,5360,5410,1400-8-15,2021-11-06
448,رمپنا,گروه مپنا (سهامي عام),306,3364359,51432669130,14590,15210,15310,720,4.93,14880,290,1.99,14830,15310,1400-8-15,2021-11-06
449,صايند,صندوق س. گنجينه آينده روشن-د,305,4627800,46224791280,9992,9998,10020,28,0.28,9989,-3,-0.03,9960,10035,1400-8-15,2021-11-06
450,قلرست,قند لرستان‌,305,826058,15604376630,18080,18200,18980,900,4.98,18890,810,4.48,18200,18980,1400-8-15,2021-11-06
451,عيار,صندوق سكه طلاي مفيد,305,360887,10868101708,29780,30010,30150,370,1.24,30115,335,1.12,30000,30260,1400-8-15,2021-11-06
452,تايرا,تراكتورسازي‌ايران‌,305,1068573,25809176580,23140,24150,23900,760,3.28,23990,850,3.67,23200,24290,1400-8-15,2021-11-06
453,بمپنا,توليد برق عسلويه  مپنا,301,1671096,8784398422,5092,5110,5161,69,1.36,5181,89,1.75,5110,5335,1400-8-15,2021-11-06
454,تسه9909,امتياز تسهيلات مسكن آذر99,300,3995,2837770969,703270,690000,729000,25730,3.66,710331,7061,1,690000,729998,1400-8-15,2021-11-06
455,حريل,ريل پردازسير,300,4867612,15137829502,2967,3115,3115,148,4.99,3105,138,4.65,3030,3115,1400-8-15,2021-11-06
456,ضخود1051,اختيارخ خودرو-1800-1400/10/08,299,11777,3770487000,212,240,330,118,55.66,320,108,50.94,240,349,1400-8-15,2021-11-06
457,دارو,كارخانجات‌داروپخش‌,299,396477,11916366330,29140,29920,30050,910,3.12,29750,610,2.09,29170,30500,1400-8-15,2021-11-06
458,غشاذر,پگاه‌آذربايجان‌غربي‌,294,2914286,16906546510,5570,5720,5840,270,4.85,5800,230,4.13,5600,5840,1400-8-15,2021-11-06
459,دحاوي,الحاوي,292,3328575,16117520273,4702,4843,4843,141,3,4842,140,2.98,4761,4843,1400-8-15,2021-11-06
460,سكرد,سيمان كردستان,291,1836011,10318505400,5380,5560,5550,170,3.16,5540,160,2.97,5530,5640,1400-8-15,2021-11-06
461,لخزر,پارس‌ خزر,290,133552,17923513260,128320,130000,134730,6410,5,134210,5890,4.59,130000,134730,1400-8-15,2021-11-06
462,سنوين,سرمايه گذاري اقتصاد نوين,288,1365078,9947849473,7212,7000,7260,48,0.67,7286,74,1.03,7000,7420,1400-8-15,2021-11-06
463,كترام,توليدي‌ كاشي‌ تكسرام‌,287,854888,17481208310,19520,20480,20490,970,4.97,20450,930,4.76,19700,20490,1400-8-15,2021-11-06
464,چفيبر,فيبر ايران‌,287,1550203,9496416950,5880,6090,6110,230,3.91,6030,150,2.55,5890,6170,1400-8-15,2021-11-06
465,كفپارس,فرآورده‌هاي‌ نسوز پارس‌,284,3814576,13093450399,3270,3433,3433,163,4.98,3405,135,4.13,3380,3433,1400-8-15,2021-11-06
466,لپيام,گسترش صنايع پيام,283,573295,20434010498,34698,34689,35470,772,2.22,35643,945,2.72,34689,35738,1400-8-15,2021-11-06
467,زفكا,كشت و دامداري فكا,281,3516147,27220556740,7391,7498,7760,369,4.99,7742,351,4.75,7460,7760,1400-8-15,2021-11-06
468,سدشت,صنايع سيمان دشتستان,281,276771,10347153760,35890,36900,37320,1430,3.98,36770,880,2.45,36010,37680,1400-8-15,2021-11-06
469,فلات,گروه صنايع معادن فلات ايرانيان,281,2412477,32964101987,13314,13250,13713,399,3,13664,350,2.63,13250,13713,1400-8-15,2021-11-06
470,كطبس,ذغال‌سنگ‌ نگين‌ ط‌بس‌,280,386692,20063736830,49730,49210,52190,2460,4.95,51890,2160,4.34,49170,52210,1400-8-15,2021-11-06
471,خديزل,بهمن  ديزل,278,353985,18752113107,50532,53000,53058,2526,5,52693,2161,4.28,52194,53058,1400-8-15,2021-11-06
472,فالوم,آلومتك‌,277,1046779,26658947202,24784,25022,25526,742,2.99,25468,684,2.76,25000,25527,1400-8-15,2021-11-06
473,بنيرو,نيروترانس‌,275,4907819,9574044450,1871,1948,1940,69,3.69,1920,49,2.62,1850,1964,1400-8-15,2021-11-06
474,وبهمن,سرمايه‌گذاري‌بهمن‌,275,1027989,16019520760,14920,15000,15500,580,3.89,15540,620,4.16,15000,15660,1400-8-15,2021-11-06
475,آبين,كشت و صنعت آبشيرين,275,4023165,7476136339,1806,1860,1860,54,2.99,1844,38,2.1,1822,1860,1400-8-15,2021-11-06
476,حفارس,حمل و نقل بين المللي خليج فارس,275,5915742,21859737266,3534,3600,3710,176,4.98,3695,161,4.56,3600,3710,1400-8-15,2021-11-06
477,سبهان,سيمان‌ بهبهان‌,274,291171,14575764260,47680,50060,50060,2380,4.99,49880,2200,4.61,48780,50060,1400-8-15,2021-11-06
478,چافست,افست‌,273,895608,8154024840,8800,9240,9230,430,4.89,8960,160,1.82,8710,9240,1400-8-15,2021-11-06
479,فلامي,لاميران‌,270,579272,10136123910,16910,16950,17500,590,3.49,17290,380,2.25,16940,17750,1400-8-15,2021-11-06
480,سمازن,سيمان‌مازندران‌,269,803470,11834371700,14080,14500,14700,620,4.4,14570,490,3.48,14090,14780,1400-8-15,2021-11-06
481,داريوش,صندوق س. ثروت داريوش -س,268,804859,7961549967,9697,9750,9975,278,2.87,9892,195,2.01,9730,9975,1400-8-15,2021-11-06
482,ددام,داروسازي زاگرس فارمد پارس,268,1938457,21272843470,10480,10450,11000,520,4.96,10970,490,4.68,10450,11000,1400-8-15,2021-11-06
483,ركيش,كارت اعتباري ايران كيش,267,1344014,7509019740,5360,5570,5570,210,3.92,5470,110,2.05,5400,5620,1400-8-15,2021-11-06
484,تسه9902,امتياز تسهيلات مسكن ارديبهشت99,267,3450,2454483740,703859,671111,728999,25140,3.57,711445,7586,1.08,671111,728999,1400-8-15,2021-11-06
485,نمرينو,ايران‌ مرينوس‌,266,132415,11105566190,79960,82190,83500,3540,4.43,82720,2760,3.45,82190,83950,1400-8-15,2021-11-06
486,غبهار,كشت وصنعت بهاران گلبهار خراسان,265,1996215,26523841512,12913,12762,13300,387,3,13287,374,2.9,12762,13300,1400-8-15,2021-11-06
487,سيدكو,سرمايه گذاري توسعه صنايع سيمان,264,2193182,13817373640,6170,6180,6340,170,2.76,6290,120,1.94,6180,6450,1400-8-15,2021-11-06
488,زگلدشت,كشت و دام گلدشت نمونه اصفهان,263,1453591,13173820172,8778,9099,9120,342,3.9,9020,242,2.76,8947,9215,1400-8-15,2021-11-06
489,شكلر,نيروكلر,263,1073801,31023152450,27580,27580,28950,1370,4.97,28890,1310,4.75,27360,28950,1400-8-15,2021-11-06
490,بسويچ,پارس‌سويچ‌,263,285067,4883531080,16570,17180,17000,430,2.6,16750,180,1.09,16780,17390,1400-8-15,2021-11-06
491,ثغرب,شركت سرمايه گذاري مسكن شمالغرب,262,3313415,13546361126,3898,3920,4092,194,4.98,4062,164,4.21,3920,4092,1400-8-15,2021-11-06
492,واتي,سرمايه‌ گذاري‌ آتيه‌ دماوند,260,1645696,18033139540,10540,10950,11060,520,4.93,10920,380,3.61,10690,11060,1400-8-15,2021-11-06
493,آساميد,صندوق س.مشترك آسمان اميد -د,260,4756061,63476984343,13334,13350,13351,17,0.13,13347,13,0.1,13345,13351,1400-8-15,2021-11-06
494,سقاين,سيمان‌ قائن‌,259,310689,15441480230,47460,48610,49830,2370,4.99,49660,2200,4.64,48610,49830,1400-8-15,2021-11-06
495,كگهر,سنگ آهن گهرزمين,258,1320374,63687886722,45945,48150,48242,2297,5,47103,1158,2.52,48140,48242,1400-8-15,2021-11-06
496,ولراز,ليزينگ رازي,257,773106,18057797455,22697,22751,23000,303,1.33,23357,660,2.91,22751,23377,1400-8-15,2021-11-06
497,سصوفي,سيمان‌ صوفيان‌,257,1109434,18411802810,15810,15860,16600,790,5,16600,790,5,15860,16600,1400-8-15,2021-11-06
498,بالاس,مهندسي ساختمان تاسيسات راه آهن,257,732435,24989608380,32538,32998,34164,1626,5,34119,1581,4.86,32998,34164,1400-8-15,2021-11-06
499,غگلپا,شير پاستوريزه پگاه گلپايگان,256,223831,12577926694,54592,56930,55700,1108,2.03,55897,1305,2.39,55020,57319,1400-8-15,2021-11-06
500,خمحركه,نيرو محركه‌,256,2690170,10055855460,3560,3738,3738,178,5,3674,114,3.2,3738,3738,1400-8-15,2021-11-06
501,شكام,صنايع شيميايي كيمياگران امروز,256,981807,29531772753,28647,30079,30079,1432,5,30079,1432,5,30079,30079,1400-8-15,2021-11-06
502,كپرور,فرآوري زغال سنگ پروده طبس,255,594122,19053868801,30689,31439,32223,1534,5,32071,1382,4.5,31439,32223,1400-8-15,2021-11-06
503,ضشنا1050,اختيارخ شپنا-7629-1400/10/19,254,9894,5526649000,950,910,530,-420,-44.21,559,-391,-41.16,500,910,1400-8-15,2021-11-06
504,آساس,صندوق س.آسمان آرماني سهام-س,250,155170,26721032455,165758,169000,171211,5453,3.29,172205,6447,3.89,169000,173808,1400-8-15,2021-11-06
505,پخش,پخش البرز,249,484821,12896709555,25447,26690,26360,913,3.59,26396,949,3.73,25701,26719,1400-8-15,2021-11-06
506,ستران,سيمان‌ تهران‌,247,828763,17188544620,19760,20740,20740,980,4.96,20740,980,4.96,20740,20740,1400-8-15,2021-11-06
507,وساغربي,شركت س استان آذربايجان غربي,245,21421296,9754106516,435,456,456,21,4.83,442,7,1.61,441,456,1400-8-15,2021-11-06
508,امين يكم2,صندوق درآمد ثابت امين يكم فردا,245,245000000,245000000,10063,1,1,-10062,-99.99,1,-10062,-99.99,1,1,1400-8-15,2021-11-06
509,شصفها,پتروشيمي‌ اصفهان‌,244,919340,113871908598,122128,123000,123000,872,0.71,123863,1735,1.42,123000,124570,1400-8-15,2021-11-06
510,زپارس,ملي كشت و صنعت و دامپروري پارس,244,181545,19521545890,102530,104990,107650,5120,4.99,107530,5000,4.88,103110,107650,1400-8-15,2021-11-06
511,معيار ,سرمايه گذاري معيار صنعت پارس,241,293952,14419583017,48461,49100,49300,839,1.73,49054,593,1.22,47292,49912,1400-8-15,2021-11-06
512,سخزر,سيمان‌ خزر,241,783841,17011813970,20740,21740,21550,810,3.91,21700,960,4.63,21050,21770,1400-8-15,2021-11-06
513,نطرين,عطرين نخ قم,240,2323127,19560181430,8024,8380,8425,401,5,8420,396,4.94,8250,8425,1400-8-15,2021-11-06
514,لابسا,آبسال‌,240,734496,24451103810,31710,33290,33290,1580,4.98,33290,1580,4.98,33200,33290,1400-8-15,2021-11-06
515,شپاس,نفت پاسارگاد,240,1009109,17663030132,16689,17490,17523,834,5,17504,815,4.88,17030,17523,1400-8-15,2021-11-06
516,زرين,صندوق س. سهام زرين كوروش-س,239,1632848,22273064171,13054,13220,13659,605,4.63,13641,587,4.5,13220,13730,1400-8-15,2021-11-06
517,توريل,توكاريل,237,1161872,13629021423,11174,11731,11732,558,4.99,11655,481,4.3,11500,11732,1400-8-15,2021-11-06
518,وبازار,صندوق س شاخصي بازارآشنا,237,1021576,12922162750,12170,12430,12620,450,3.7,12650,480,3.94,12410,12810,1400-8-15,2021-11-06
519,حتوكا,حمل‌ونقل‌توكا,236,893808,11225164850,11980,12550,12570,590,4.92,12390,410,3.42,12320,12570,1400-8-15,2021-11-06
520,كي بي سي,شركت كي بي سي,235,1454046,25516933568,16896,17490,17739,843,4.99,17549,653,3.86,16052,17740,1400-8-15,2021-11-06
521,فاما,صنعتي‌ آما,232,821407,15212725170,18070,18310,18450,380,2.1,18520,450,2.49,18310,18970,1400-8-15,2021-11-06
522,حپارسا,توسعه حمل و نقل ريلي پارسيان,228,663999,22576514156,32480,32644,33950,1470,4.53,34001,1521,4.68,32641,34104,1400-8-15,2021-11-06
523,سفار,سيمان‌فارس‌,224,244046,13885302640,54200,54200,56910,2710,5,56580,2380,4.39,54010,56910,1400-8-15,2021-11-06
524,درازك,دارويي‌ رازك‌,223,659390,24247018240,35130,36370,36880,1750,4.98,36770,1640,4.67,35500,36880,1400-8-15,2021-11-06
525,گنگين,اقتصادي نگين گردشگري ايرانيان,223,1469402,38161765512,25264,26021,26021,757,3,25971,707,2.8,25000,26021,1400-8-15,2021-11-06
526,تسه9907,امتياز تسهيلات مسكن مهر99,222,4221,3023987386,705971,694444,706000,29,0,716415,10444,1.48,694444,739999,1400-8-15,2021-11-06
527,سرود,سيمان‌شاهرود,222,828226,19211473200,22340,22400,23450,1110,4.97,23200,860,3.85,21710,23450,1400-8-15,2021-11-06
528,ما,بيمه  ما,221,953827,6062789840,6100,6340,6400,300,4.92,6200,100,1.64,6150,6400,1400-8-15,2021-11-06
529,وساپا,سرمايه‌گذاري‌ سايپا,219,3790968,17180666976,4317,4532,4532,215,4.98,4508,191,4.42,4532,4532,1400-8-15,2021-11-06
530,آرمان,بيمه آرمان,218,2003038,12297294605,6304,6115,6117,-187,-2.97,6139,-165,-2.62,6115,6305,1400-8-15,2021-11-06
531,دجابر,داروسازي‌ جابرابن‌حيان‌,216,1117739,15127235970,12920,12550,13560,640,4.95,13510,590,4.57,12550,13560,1400-8-15,2021-11-06
532,پسهند,صنايع‌ لاستيكي‌  سهند,216,624300,15043060800,22970,24110,24110,1140,4.96,24050,1080,4.7,23810,24110,1400-8-15,2021-11-06
533,خرينگ,رينگ‌سازي‌مشهد,216,577932,17112483380,28340,29300,29750,1410,4.98,29610,1270,4.48,29000,29750,1400-8-15,2021-11-06
534,ختوقا,قطعات‌ اتومبيل‌ ايران‌,215,4023870,8482317960,2008,2108,2108,100,4.98,2062,54,2.69,2108,2108,1400-8-15,2021-11-06
535,خاتم,صندوق س خاتم ايساتيس پويا-ثابت,215,4892317,59961852760,12247,12258,12259,12,0.1,12256,9,0.07,12256,12259,1400-8-15,2021-11-06
536,كخاك,صنايع‌خاك‌چيني‌ايران‌,214,727039,20649462860,27100,27160,28450,1350,4.98,28400,1300,4.8,27160,28450,1400-8-15,2021-11-06
537,رتكو,كنترل‌خوردگي‌تكين‌كو,214,706971,6367187960,8610,8610,8820,210,2.44,8770,160,1.86,8610,9040,1400-8-15,2021-11-06
538,شگل,گلتاش‌,214,764650,5230958150,6620,6650,6830,210,3.17,6690,70,1.06,6650,6900,1400-8-15,2021-11-06
539,زدشت,كشت و صنعت دشت خرم دره,213,1031148,15050012140,13910,14590,14605,695,5,14565,655,4.71,14440,14605,1400-8-15,2021-11-06
540,تسه9808,امتياز تسهيلات مسكن آبان98,213,4101,2876170989,702792,701123,706000,3208,0.46,701334,-1458,-0.21,667653,720000,1400-8-15,2021-11-06
541,ثباغ,شهر سازي و خانه سازي باغميشه,212,1743478,15962722759,8725,9120,9113,388,4.45,9156,431,4.94,8862,9161,1400-8-15,2021-11-06
542,حسينا,توسعه خدمات دريايي وبندري سينا,209,200274,9137020754,43858,45599,45830,1972,4.5,44891,1033,2.36,45000,45850,1400-8-15,2021-11-06
543,دسبحان,سبحان دارو,207,353826,5515356090,14930,15670,15660,730,4.89,15160,230,1.54,15350,15670,1400-8-15,2021-11-06
544,اتكام,بيمه اتكايي امين,207,3501208,13069947280,3565,3699,3700,135,3.79,3705,140,3.93,3675,3743,1400-8-15,2021-11-06
545,بزاگرس,نيروگاه زاگرس كوثر,206,3006384,11846404883,3763,3910,3951,188,5,3897,134,3.56,3788,3951,1400-8-15,2021-11-06
546,وسگيلا,شركت س استان گيلان,206,13893112,6295522690,433,454,454,21,4.85,438,5,1.15,443,454,1400-8-15,2021-11-06
547,ميهن,بيمه ميهن,205,5581747,12634525136,2158,2262,2265,107,4.96,2243,85,3.94,2201,2265,1400-8-15,2021-11-06
548,زشگزا,شير و گوشت زاگرس شهركرد,204,1814942,9364728573,4918,5163,5163,245,4.98,5062,144,2.93,5052,5163,1400-8-15,2021-11-06
549,وحافظح,ح . بيمه حافظ,204,1921684,7223610156,3650,3759,3759,109,2.99,3759,109,2.99,3759,3759,1400-8-15,2021-11-06
550,رنيك,جنرال مكانيك,202,1551856,19803590471,12168,12438,12776,608,5,12761,593,4.87,12120,12776,1400-8-15,2021-11-06
551,ريشمك,توليد و صادرات ريشمك,202,638769,18310313385,27300,28665,28665,1365,5,28665,1365,5,28665,28665,1400-8-15,2021-11-06
552,بهپاك,صنعتي بهپاك,202,5506941,30564788983,5289,5550,5553,264,4.99,5550,261,4.93,5500,5553,1400-8-15,2021-11-06
553,ماني,صندوق س. با درآمد ثابت ماني,200,2809360,29295874988,10412,10428,10427,15,0.14,10428,16,0.15,10427,10430,1400-8-15,2021-11-06
554,بميلا,توسعه بازرگاني آهن وفولادميلاد,199,8203607,73397671829,8687,8947,8947,260,2.99,8947,260,2.99,8947,8947,1400-8-15,2021-11-06
555,زر,صندوق س.پشتوانه سكه طلاي زر,199,96885,5025536272,51139,51880,51900,761,1.49,51871,732,1.43,51401,52000,1400-8-15,2021-11-06
556,تپمپي,پمپ‌ سازي‌ ايران‌,199,1279755,20397117120,15260,15450,16020,760,4.98,15940,680,4.46,15440,16020,1400-8-15,2021-11-06
557,بساما,بيمه سامان,198,369863,7900150276,20836,21866,21350,514,2.47,21072,236,1.13,20160,21866,1400-8-15,2021-11-06
558,خفنر,فنرسازي‌خاور,198,2110786,16991827300,7670,8050,8050,380,4.95,8050,380,4.95,8050,8050,1400-8-15,2021-11-06
559,فسازان,غلتك سازان سپاهان,197,500339,13014977730,24800,25500,26040,1240,5,25800,1000,4.03,25000,26040,1400-8-15,2021-11-06
560,گوهر,صندوق سكه طلاي كيان,196,258849,15378116401,58802,59100,59800,998,1.7,59410,608,1.03,59100,59962,1400-8-15,2021-11-06
561,دزهراوي,داروسازي‌زهراوي‌,195,2323979,12008809050,4925,5100,5171,246,4.99,5110,185,3.76,5050,5171,1400-8-15,2021-11-06
562,زماهان,مجتمع توليد گوشت مرغ ماهان,195,1263127,8806517714,6640,6972,6972,332,5,6826,186,2.8,6970,6972,1400-8-15,2021-11-06
563,سهرمز,سيمان‌هرمزگان‌,195,377324,5974536810,15460,16090,16000,540,3.49,15610,150,0.97,15100,16090,1400-8-15,2021-11-06
564,غپآذر,شير پگاه آذربايجان شرقي,195,313262,11111975781,34081,35000,34900,819,2.4,35071,990,2.9,32377,35785,1400-8-15,2021-11-06
565,غبشهر,صنعتي‌ بهشهر,192,1146399,29003584700,24100,25300,25300,1200,4.98,25250,1150,4.77,24990,25300,1400-8-15,2021-11-06
566,تسه9811,امتياز تسهيلات مسكن بهمن98,192,2717,1927311025,706859,675055,719999,13140,1.86,709353,2494,0.35,675055,719999,1400-8-15,2021-11-06
567,شكبير,پتروشيمي اميركبير,191,416033,41029275641,95860,95300,97733,1873,1.95,96961,1101,1.15,95300,98735,1400-8-15,2021-11-06
568,بكاب,صنايع‌جوشكاب‌يزد,189,105433,13359415430,120680,126710,126710,6030,5,125790,5110,4.23,126710,126710,1400-8-15,2021-11-06
569,قصفها,قنداصفهان‌,188,117538,10551438800,85590,88990,89860,4270,4.99,88390,2800,3.27,88870,89860,1400-8-15,2021-11-06
570,وتعاون,بيمه  تعاون,184,3219694,5831060554,1776,1810,1795,19,1.07,1796,20,1.13,1741,1829,1400-8-15,2021-11-06
571,داسوه,داروسازي‌ اسوه‌,184,443413,10854091840,23320,24480,24480,1160,4.97,24120,800,3.43,24260,24480,1400-8-15,2021-11-06
572,ثامان,سامان‌ گستراصفهان‌,184,509894,5392874360,10150,10620,10330,180,1.77,10300,150,1.48,10290,10650,1400-8-15,2021-11-06
573,سبجنو,سيمان‌ بجنورد,183,444606,16411591320,35240,36000,37000,1760,4.99,36910,1670,4.74,35520,37000,1400-8-15,2021-11-06
574,وارس,سرمايه گذاري ارس صبا,183,1027150,11871385827,11225,11460,11561,336,2.99,11558,333,2.97,11460,11561,1400-8-15,2021-11-06
575,سپاس,صندوق س. پاداش سهامداري-ثابت,183,4175598,42464399206,10155,10169,10173,18,0.18,10170,15,0.15,10169,10173,1400-8-15,2021-11-06
576,بخاور,بيمه زندگي خاورميانه,182,836539,3670850424,4257,4440,4324,67,1.57,4288,31,0.73,4307,4442,1400-8-15,2021-11-06
577,زمگسا,كشاورزي‌ ودامپروي‌ مگسال‌,181,426662,7673192870,17150,18000,18000,850,4.96,17560,410,2.39,17520,18000,1400-8-15,2021-11-06
578,سكرما,سيمان‌ كرمان‌,181,872178,13222110810,14460,15150,15000,540,3.73,15050,590,4.08,14570,15180,1400-8-15,2021-11-06
579,تسه9906,امتياز تسهيلات مسكن شهريور99,180,2174,1547669436,705849,679018,710001,4152,0.59,711899,6050,0.86,679018,729999,1400-8-15,2021-11-06
580,تسه9904,امتياز تسهيلات مسكن تير99,180,4108,2963003583,716736,685000,750000,33264,4.64,721276,4540,0.63,685000,750000,1400-8-15,2021-11-06
581,ثپرديس,سرمايه گذاري مسكن پرديس,180,3575553,17918926881,4788,4815,5027,239,4.99,5012,224,4.68,4815,5027,1400-8-15,2021-11-06
582,پلاسك,پلاسكوكار,180,2456788,11804738250,4577,4805,4805,228,4.98,4748,171,3.74,4800,4805,1400-8-15,2021-11-06
583,سپ,پرداخت الكترونيك سامان كيش,180,209015,6541039290,30580,30010,31370,790,2.58,30650,70,0.23,30010,31750,1400-8-15,2021-11-06
584,دسبحا,گروه دارويي سبحان,179,362225,6880733630,18340,18690,18920,580,3.16,18520,180,0.98,18530,19250,1400-8-15,2021-11-06
585,تسه9812,امتياز تسهيلات مسكن اسفند98,178,1235,872758176,703771,670050,722999,19228,2.73,706687,2916,0.41,670050,730000,1400-8-15,2021-11-06
586,سشمال,سيمان‌ شمال‌,178,865045,7445878490,8310,8370,8560,250,3.01,8450,140,1.68,8370,8720,1400-8-15,2021-11-06
587,ضخود1050,اختيارخ خودرو-1600-1400/10/08,176,6293,2988943000,362,400,485,123,33.98,475,113,31.22,400,495,1400-8-15,2021-11-06
588,دابور,داروسازي‌ ابوريحان‌,176,191923,5092577880,25520,25560,26460,940,3.68,25850,330,1.29,25560,26790,1400-8-15,2021-11-06
589,ثعمرا,عمران و توسعه شاهد,174,1543514,12224773816,7545,7918,7922,377,5,7836,291,3.86,7850,7922,1400-8-15,2021-11-06
590,حپترو,حمل و نقل پتروشيمي( سهامي عام,173,510583,11630183940,21700,22780,22780,1080,4.98,22500,800,3.69,22700,22780,1400-8-15,2021-11-06
591,گوهران,سرمايه گذاري توسعه گوهران اميد,173,944073,4853564297,4967,5061,5090,123,2.48,5021,54,1.09,5031,5200,1400-8-15,2021-11-06
592,وتوس,توسعه‌شهري‌توس‌گستر,172,902409,10648850370,11250,11800,11810,560,4.98,11620,370,3.29,11570,11810,1400-8-15,2021-11-06
593,شساخت,مهندسي و ساختمان صنايع نفت,170,287417,12753950074,43193,41900,44488,1295,3,43530,337,0.78,41900,44488,1400-8-15,2021-11-06
594,پارتا,مجتمع‌صنعتي‌آرتاويل‌تاير,168,395707,10338981570,25551,24786,25821,270,1.06,25810,259,1.01,24786,26317,1400-8-15,2021-11-06
595,اوان,مبين وان كيش,166,668594,15821789357,22566,23000,23694,1128,5,23664,1098,4.87,22516,23694,1400-8-15,2021-11-06
596,خمهر,مهركام‌پارس‌,166,11246617,20153937664,1707,1792,1792,85,4.98,1792,85,4.98,1792,1792,1400-8-15,2021-11-06
597,وليز,ليزينگ‌ايران‌,165,4822921,12597469652,2488,2612,2612,124,4.98,2587,99,3.98,2612,2612,1400-8-15,2021-11-06
598,تسه9903,امتياز تسهيلات مسكن خرداد99,165,2056,1481970635,717111,690000,714002,-3109,-0.43,720803,3692,0.51,690000,752965,1400-8-15,2021-11-06
599,قپيرا,فرآورده‌هاي‌غدايي‌وقندپيرانشهر,165,862914,7353525730,8500,8710,8540,40,0.47,8510,10,0.12,8310,8720,1400-8-15,2021-11-06
600,ونيرو,سرمايه‌گذاري‌نيرو,165,2487092,5362170352,2054,2156,2156,102,4.97,2089,35,1.7,2156,2156,1400-8-15,2021-11-06
601,ارمغان,ص سرمايه گذاري ارمغان ايرانيان,164,2881198,29256934556,10150,10169,10167,17,0.17,10154,4,0.04,10150,10169,1400-8-15,2021-11-06
602,غديس,پاكديس,163,830479,9553437276,10971,11500,11519,548,4.99,11294,323,2.94,11350,11519,1400-8-15,2021-11-06
603,افرا,افرانت,163,529441,8829073514,15889,16419,16683,794,5,16330,441,2.78,16340,16683,1400-8-15,2021-11-06
604,وتوكا,سرمايه‌گذاري‌توكافولاد(هلدينگ,163,1745701,14566014970,7960,8330,8350,390,4.9,8320,360,4.52,8200,8350,1400-8-15,2021-11-06
605,دپارس,پارس‌ دارو,163,411973,13253760690,30670,31980,32200,1530,4.99,31930,1260,4.11,31000,32200,1400-8-15,2021-11-06
606,قزوين,كارخانجات‌ قند قزوين‌,160,214962,6372358700,29010,28900,29500,490,1.69,29270,260,0.9,28900,30400,1400-8-15,2021-11-06
607,بموتو,موتوژن‌,159,619319,47780460850,73480,77150,77150,3670,4.99,77150,3670,4.99,77150,77150,1400-8-15,2021-11-06
608,وپخش,داروپخش‌ (هلدينگ‌,159,116847,3611684360,30150,29650,30520,370,1.23,30210,60,0.2,29650,31530,1400-8-15,2021-11-06
609,وسينا,بانك سينا,159,3943026,9153053019,2217,2288,2327,110,4.96,2258,41,1.85,2239,2327,1400-8-15,2021-11-06
610,تسه9901,امتياز تسهيلات مسكن فروردين99,155,1444,1024551061,704181,671111,710100,5919,0.84,709523,5342,0.76,671111,715000,1400-8-15,2021-11-06
611,تكنار,مجتمع معادن مس تكنار,153,95681,5598635454,57691,56410,57780,89,0.15,58145,454,0.79,56410,59000,1400-8-15,2021-11-06
612,فاهواز,نورد و لوله اهواز,152,2792679,16337583804,5739,5700,5853,114,1.99,5850,111,1.93,5700,5853,1400-8-15,2021-11-06
613,لكما,كارخانجات‌مخابراتي‌ايران‌,152,5763848,6467037456,1090,1122,1122,32,2.94,1110,20,1.83,1122,1122,1400-8-15,2021-11-06
614,وكادو,تكادو,150,577188,9397165059,15851,16325,16324,473,2.98,16244,393,2.48,15946,16326,1400-8-15,2021-11-06
615,تسه9905,امتياز تسهيلات مسكن مرداد99,147,1475,1060379951,718253,737000,715800,-2453,-0.34,718902,649,0.09,691230,754164,1400-8-15,2021-11-06
616,وايرا,سرمايه گذاري صنايع ايران,144,1026191,5716305507,5447,5610,5550,103,1.89,5516,69,1.27,5490,5610,1400-8-15,2021-11-06
617,خزر,فنرسازي‌زر,143,798826,9569935480,11410,11980,11980,570,5,11760,350,3.07,11980,11980,1400-8-15,2021-11-06
618,سمتاز,سيمان ممتازان كرمان,143,291512,4783684822,15953,16091,16300,347,2.18,16165,212,1.33,16091,16431,1400-8-15,2021-11-06
619,دفرا,فرآورده‌هاي‌ تزريقي‌ ايران‌,142,491458,14244027240,27770,27010,29000,1230,4.43,28870,1100,3.96,27010,29150,1400-8-15,2021-11-06
620,دالبر,البرزدارو,138,424586,5783806600,13210,13550,13450,240,1.82,13350,140,1.06,13300,13750,1400-8-15,2021-11-06
621,دقاضي,داروسازي شهيد قاضي,138,485051,14382960920,29063,29564,29637,574,1.98,29652,589,2.03,28261,29934,1400-8-15,2021-11-06
622,زبينا,كشاورزي و دامپروري بينالود,138,4918890,10696967023,2072,2174,2175,103,4.97,2142,70,3.38,2173,2175,1400-8-15,2021-11-06
623,تشتاد,صنايع توليدي اشتاد ايران‌,137,861858,4861768287,5544,5655,5620,76,1.37,5590,46,0.83,5548,5710,1400-8-15,2021-11-06
624,لخانه,لوازم‌ خانگي‌ پارس‌,136,242850,4578688542,18710,18241,18790,80,0.43,18775,65,0.35,18241,19270,1400-8-15,2021-11-06
625,غويتا,ويتانا,135,2504872,15139446368,5757,6044,6044,287,4.99,6033,276,4.79,6044,6044,1400-8-15,2021-11-06
626,كفرا,فراورده‌ هاي‌ نسوزايران‌,134,502689,9030559310,17120,17310,17970,850,4.96,17600,480,2.8,17310,17970,1400-8-15,2021-11-06
627,مداران,داده‌پردازي‌ايران‌,134,555762,7764109070,13330,13990,13940,610,4.58,13650,320,2.4,13820,13990,1400-8-15,2021-11-06
628,غشوكوح,ح . شوكو پارس,131,312949,1785999943,5541,5707,5707,166,3,5707,166,3,5707,5707,1400-8-15,2021-11-06
629,سيلام,سيمان‌ ايلام‌,130,1311683,7262273270,5280,5490,5540,260,4.92,5400,120,2.27,5480,5540,1400-8-15,2021-11-06
630,ولشرق,ليزينگ ايران و شرق,130,2410464,11273740128,4455,4677,4677,222,4.98,4614,159,3.57,4677,4677,1400-8-15,2021-11-06
631,وجامي,سرمايه گذاري جامي,130,803817,7740757710,9350,9630,9630,280,2.99,9560,210,2.25,9630,9630,1400-8-15,2021-11-06
632,دارا,صندوق س. دارا الگوريتم-د,129,1311831,13031506748,9913,9920,9957,44,0.44,9934,21,0.21,9911,9958,1400-8-15,2021-11-06
633,داراب,پتروشيمي داراب,129,1885008,4098007392,2288,2174,2174,-114,-4.98,2239,-49,-2.14,2174,2174,1400-8-15,2021-11-06
634,ثزاگرس,سرمايه گذاري توسعه عمران زاگرس,127,301939,10402394824,32812,34452,34452,1640,5,34437,1625,4.95,34444,34452,1400-8-15,2021-11-06
635,شلرد,كود شيميايي اوره لردگان,126,2383013,23663319090,9641,9930,9930,289,3,9832,191,1.98,9930,9930,1400-8-15,2021-11-06
636,كفرآور,فرآورده هاي سيمان شرق,126,1305865,21005181025,15618,16060,16086,468,3,16085,467,2.99,16060,16086,1400-8-15,2021-11-06
637,صنوين,صندوق سرمايه‌گذاري صنوين-مختلط,124,34399,3483277570,97740,99690,100800,3060,3.13,101260,3520,3.6,97060,102230,1400-8-15,2021-11-06
638,خكرمان,گروه اقتصادي كرمان خودرو,124,4058469,10685948877,2557,2633,2633,76,2.97,2633,76,2.97,2633,2633,1400-8-15,2021-11-06
639,تكمبا,كمباين‌ سازي‌ ايران‌,124,1493949,6791492154,4330,4546,4546,216,4.99,4423,93,2.15,4546,4546,1400-8-15,2021-11-06
640,ضجار1023,اختيارخ وتجارت-2500-1400/10/15,124,6655,609225000,70,120,71,1,1.43,92,22,31.43,71,120,1400-8-15,2021-11-06
641,ولبهمن,شركت بهمن ليزينگ,123,2692363,17941353832,6347,6664,6664,317,4.99,6664,317,4.99,6550,6664,1400-8-15,2021-11-06
642,شزنگ,تجهيزنيروي‌زنگان‌,123,83880,10304741880,119273,122851,122851,3578,3,122851,3578,3,122851,122851,1400-8-15,2021-11-06
643,بكام,كارخانجات توليدي شهيد قندي,122,4263001,8001652877,1788,1877,1877,89,4.98,1833,45,2.52,1877,1877,1400-8-15,2021-11-06
644,پرداخت,به پرداخت ملت,120,429017,5900589040,13110,13670,13760,650,4.96,13340,230,1.75,13500,13760,1400-8-15,2021-11-06
645,افق ملت,صندوق س در سهام افق ملت,119,47980,7027304190,141130,144450,146450,5320,3.77,146460,5330,3.78,144450,147000,1400-8-15,2021-11-06
646,ورنا,سرمايه‌گذاري‌ رنا(هلدينگ‌,119,5243684,15510817272,2818,2958,2958,140,4.97,2956,138,4.9,2958,2958,1400-8-15,2021-11-06
647,فردا2,صندوق س آواي فرداي زاگرس-ثابت,118,11800000,11800000,11734,1,1,-11733,-99.99,1,-11733,-99.99,1,1,1400-8-15,2021-11-06
648,لبوتان,گروه‌صنعتي‌بوتان‌,118,257499,11621306510,43010,43870,45160,2150,5,44580,1570,3.65,43870,45160,1400-8-15,2021-11-06
649,سكه0012پ04,تمام سكه طرح جديد0012صادرات,117,21100,25010952400,1171049,1179801,1187000,15951,1.36,1185353,14304,1.22,1179801,1188000,1400-8-15,2021-11-06
650,واحصا,احياء صنايع خراسان,117,257531,13682364499,51582,53129,53129,1547,3,53129,1547,3,53129,53129,1400-8-15,2021-11-06
651,غپاك,لبنيات‌ پاك‌,116,560671,7043011860,12000,12210,12600,600,5,12250,250,2.08,12210,12600,1400-8-15,2021-11-06
652,وتوشه,سرمايه‌ گذاري‌ پارس‌ توشه‌,115,1167225,7119116500,5810,6000,6100,290,4.99,5940,130,2.24,6000,6100,1400-8-15,2021-11-06
653,حخزر,كشتيراني درياي خزر,114,275261,4882867680,16900,17490,17745,845,5,17160,260,1.54,17352,17745,1400-8-15,2021-11-06
654,فراز,صندوق س.سهام فراز داريك-س,113,2103052,29784923249,14155,14156,14156,1,0.01,14163,8,0.06,14156,14223,1400-8-15,2021-11-06
655,فن آوا,گروه فن آوا,113,370601,8040637765,21136,21700,21405,269,1.27,21575,439,2.08,20835,21770,1400-8-15,2021-11-06
656,كگاز,شيشه‌ و گاز,113,527336,8142067840,14710,15440,15440,730,4.96,15090,380,2.58,15440,15440,1400-8-15,2021-11-06
657,خاذين,سايپاآذين‌,112,1872642,4956883374,2521,2647,2647,126,5,2561,40,1.59,2647,2647,1400-8-15,2021-11-06
658,زعف0008پ11,زعفران0008نگين سحرخيز(پ),111,261719,54171383777,197613,206983,206983,9370,4.74,206983,9370,4.74,206983,206983,1400-8-15,2021-11-06
659,غپونه,نوش پونه مشهد,109,736811,9556510033,12601,12979,12979,378,3,12944,343,2.72,12702,12979,1400-8-15,2021-11-06
660,وامين,س. امين توان آفرين ساز,109,241386,3085634909,12780,12780,12780,0,0,12780,0,0,12700,12800,1400-8-15,2021-11-06
661,دكيمي,كيميدارو,108,470419,9528191600,19300,20260,20260,960,4.97,19880,580,3.01,20000,20260,1400-8-15,2021-11-06
662,بذر,صندوق س بذر اميد آفرين-سهام,107,36681,3749057270,96580,100300,103300,6720,6.96,102210,5630,5.83,100000,103500,1400-8-15,2021-11-06
663,سامان,بانك سامان,106,3507305,23344622080,6463,6656,6656,193,2.99,6610,147,2.27,6656,6656,1400-8-15,2021-11-06
664,ولغدر,ليزينگ‌خودروغدير,106,654073,8273447670,12050,12650,12650,600,4.98,12360,310,2.57,12610,12650,1400-8-15,2021-11-06
665,شاملا,معدني‌ املاح‌  ايران‌,106,379778,11767403290,29520,30660,30990,1470,4.98,30610,1090,3.69,30660,30990,1400-8-15,2021-11-06
666,خوساز,محورسازان‌ايران‌خودرو,105,2246095,16171884000,6860,7200,7200,340,4.96,7200,340,4.96,7200,7200,1400-8-15,2021-11-06
667,دبالكح,ح.مواد اوليه دارويي البرز بالك,103,138212,860616526,5933,6219,6229,296,4.99,6227,294,4.96,5860,6229,1400-8-15,2021-11-06
668,اخزا910,اسنادخزانه-م10بودجه99-020807,102,264024,172660061744,653121,654000,654000,879,0.13,653956,835,0.13,652591,655500,1400-8-15,2021-11-06
669,خكاوه,سايپا ديزل,101,2840810,10462703230,3576,3683,3683,107,2.99,3683,107,2.99,3683,3683,1400-8-15,2021-11-06
670,كسعدي,كاشي‌ سعدي‌,100,1048016,9463584480,8600,9030,9030,430,5,8860,260,3.02,9030,9030,1400-8-15,2021-11-06
671,خموتور,موتورسازان‌تراكتورسازي‌ايران‌,99,885173,5771327960,6210,6520,6520,310,4.99,6320,110,1.77,6520,6520,1400-8-15,2021-11-06
672,هجرت,پخش هجرت,98,306052,8916658187,27771,28555,29159,1388,5,28544,773,2.78,28101,29159,1400-8-15,2021-11-06
673,قمرو,قند مرودشت‌,96,506876,12782452720,24020,25220,25220,1200,5,24990,970,4.04,24500,25220,1400-8-15,2021-11-06
674,اعتلا,شركت سرمايه گذاري اعتلاء البرز,95,1329237,4841978383,3470,3586,3643,173,4.99,3523,53,1.53,3586,3643,1400-8-15,2021-11-06
675,غشهد,شهد ايران ‌,95,1032255,4469384559,4126,4300,4332,206,4.99,4184,58,1.41,4130,4332,1400-8-15,2021-11-06
676,ولصنم,ليزينگ‌صنعت‌ومعدن‌,95,1604899,7525371411,4466,4689,4689,223,4.99,4573,107,2.4,4689,4689,1400-8-15,2021-11-06
677,اخزا001,اسنادخزانه-م1بودجه00-030821,93,385909,202083171252,525755,530000,524966,-789,-0.15,523655,-2100,-0.4,521444,530000,1400-8-15,2021-11-06
678,وسصفا,شركت س استان اصفهان,91,3242994,2250637836,730,694,694,-36,-4.93,729,-1,-0.14,694,694,1400-8-15,2021-11-06
679,اوصتا,صندوق انديشه ورزان صباتامين -د,90,2874399,58655500046,20376,20407,20409,33,0.16,20406,30,0.15,20406,20409,1400-8-15,2021-11-06
680,كاذر,فرآورده‌هاي‌نسوزآذر,89,569079,7181776980,12020,12620,12620,600,4.99,12290,270,2.25,12620,12620,1400-8-15,2021-11-06
681,اخزا002,اسنادخزانه-م2بودجه00-031024,88,160731,81191128623,504359,506995,505372,1013,0.2,505137,778,0.15,503002,507000,1400-8-15,2021-11-06
682,سدبير,س. تدبيرگران فارس وخوزستان,85,258375,8744701875,32234,33845,33845,1611,5,33128,894,2.77,33845,33845,1400-8-15,2021-11-06
683,سهگمت,سيمان‌هگمتان‌,84,365292,8201843070,21430,21210,22500,1070,4.99,21960,530,2.47,21210,22500,1400-8-15,2021-11-06
684,قجام,فرآوردههاي غذايي وقندتربت‌جام‌,84,840072,5369740224,6267,6392,6392,125,1.99,6392,125,1.99,6392,6392,1400-8-15,2021-11-06
685,زعف0008پ10,زعفران0008نگين طلاي سرخ(پ),82,155406,32166400098,197116,206983,206983,9867,5.01,206983,9867,5.01,206983,206983,1400-8-15,2021-11-06
686,كميناح,ح . شيشه سازي مينا,81,937459,6508039349,6743,6938,6945,202,3,6942,199,2.95,6690,6945,1400-8-15,2021-11-06
687,اخزا911,اسنادخزانه-م11بودجه99-020906,78,346016,222452105835,641698,643000,642400,702,0.11,642895,1197,0.19,641530,644500,1400-8-15,2021-11-06
688,لسرما,سرما آفرين‌,78,318443,5566383640,16650,17480,17480,830,4.98,16940,290,1.74,17480,17480,1400-8-15,2021-11-06
689,اخزا006,اسنادخزانه-م6بودجه00-030723,77,215150,114510408910,531372,536999,533648,2276,0.43,532235,863,0.16,530003,536999,1400-8-15,2021-11-06
690,آتيمس,صندوق س.آرمان آتيه درخشان مس-س,77,17146,3330287719,185398,188500,194810,9412,5.08,194231,8833,4.76,188500,198500,1400-8-15,2021-11-06
691,خمحور,توليدمحورخودرو,76,1741394,4304725968,2355,2472,2472,117,4.97,2387,32,1.36,2472,2472,1400-8-15,2021-11-06
692,سكه0011پ02,تمام سكه طرح جديد0011ملت,74,16100,19081578100,1168747,1175000,1187700,18953,1.62,1185191,16444,1.41,1175000,1188000,1400-8-15,2021-11-06
693,كشرق,صنعتي و معدني شمال شرق شاهرود,73,162592,11794230519,69088,72500,72542,3454,5,71672,2584,3.74,72299,72542,1400-8-15,2021-11-06
694,سكه0112پ03,تمام سكه طرح جديد0112سامان,72,14200,16830641100,1172261,1180000,1188000,15739,1.34,1185256,12995,1.11,1170002,1190000,1400-8-15,2021-11-06
695,فافزا,فولاد افزا سپاهان,71,325131,14802889299,44203,45529,45529,1326,3,45529,1326,3,45529,45529,1400-8-15,2021-11-06
696,كيان2,صندوق س. با درآمد ثابت كيان,70,7000000,7000000,31381,1,1,-31380,-100,1,-31380,-100,1,1,1400-8-15,2021-11-06
697,ضذوب904,اختيارخ ذوب-4500-14000917,70,3400,510000000,199,150,150,-49,-24.62,150,-49,-24.62,150,150,1400-8-15,2021-11-06
698,الماس,صندوق س.امين تدبيرگران فردا-س,70,23907,2568683386,103960,105999,108610,4650,4.47,107445,3485,3.35,105999,109450,1400-8-15,2021-11-06
699,فجام,جام‌دارو,70,2349971,11333910133,4594,4823,4823,229,4.98,4759,165,3.59,4823,4823,1400-8-15,2021-11-06
700,جوين,كشت و صنعت جوين,67,2031251,5610315262,2682,2762,2762,80,2.98,2726,44,1.64,2762,2762,1400-8-15,2021-11-06
701,اخزا914,اسنادخزانه-م14بودجه99-021025,66,231887,144836536232,623804,622501,625599,1795,0.29,624600,796,0.13,622501,625600,1400-8-15,2021-11-06
702,اخزا902,اسنادخزانه-م2بودجه99-011019,66,135790,105626356905,777643,777900,778069,426,0.05,777865,222,0.03,777000,778076,1400-8-15,2021-11-06
703,ضجار1022,اختيارخ وتجارت-2000-1400/10/15,65,1624,556742000,172,370,310,138,80.23,343,171,99.42,310,370,1400-8-15,2021-11-06
704,ضپال2007,اختيارخ اپال-32000-1401/02/12,65,1291,772116000,487,797,610,123,25.26,598,111,22.79,510,797,1400-8-15,2021-11-06
705,واعتبار,سرمايه گذاري اعتبار ايران,64,2585919,17635967580,6500,6820,6820,320,4.92,6820,320,4.92,6820,6820,1400-8-15,2021-11-06
706,اخزا903,اسنادخزانه-م3بودجه99-011110,64,184862,142079408797,768071,768201,768997,926,0.12,768570,499,0.06,767001,768997,1400-8-15,2021-11-06
707,اخزا003,اسنادخزانه-م3بودجه00-030418,64,158894,89617881694,562426,560151,561351,-1075,-0.19,564010,1584,0.28,560151,566577,1400-8-15,2021-11-06
708,زعف0110پ11,زعفران0110نگين سحرخيز(پ),63,85255,22986026825,259562,269615,269615,10053,3.87,269615,10053,3.87,269615,269615,1400-8-15,2021-11-06
709,ضشنا8005,اختيارخ شپنا-12800-1400/08/16,62,2031,5062000,6,1,1,-5,-83.33,2,-4,-66.67,1,6,1400-8-15,2021-11-06
710,ختراك,ريخته‌گري‌ تراكتورسازي‌ ايران‌,62,438514,2841570720,6180,6480,6480,300,4.85,6230,50,0.81,6480,6480,1400-8-15,2021-11-06
711,اطلس2,صندوق س.توسعه اندوخته آينده-س,61,610000,610000,248561,1,1,-248560,-100,1,-248560,-100,1,1,1400-8-15,2021-11-06
712,سخواف,سيمان مجد خواف,61,158856,1593325680,10340,10030,10030,-310,-3,10289,-51,-0.49,10030,10030,1400-8-15,2021-11-06
713,ثروتم,صندوق س. ثروت آفرين پارسيان-س,60,101250,8980718960,85860,87502,88440,2580,3,88698,2838,3.31,87502,89250,1400-8-15,2021-11-06
714,امينح,ح . تامين سرمايه امين,60,73525,730588140,9950,9950,9900,-50,-0.5,9940,-10,-0.1,9900,9950,1400-8-15,2021-11-06
715,آسام,صندوق س.آرمان سپهر آشنا-م,58,45260,5564918540,120861,122150,122700,1839,1.52,122954,2093,1.73,121250,123500,1400-8-15,2021-11-06
716,اخزا901,اسنادخزانه-م1بودجه99-010621,57,131604,109704771397,833371,833300,833850,479,0.06,833598,227,0.03,833300,835000,1400-8-15,2021-11-06
717,دسينا,داروسازي‌ سينا,56,556427,11351110800,19430,20400,20400,970,4.99,20130,700,3.6,20400,20400,1400-8-15,2021-11-06
718,سيناد,صندوق س.سپهرسودمند سينا-د,55,2524007,25268352220,10010,10012,10010,0,0,10011,1,0.01,10010,10013,1400-8-15,2021-11-06
719,ضبدر1165,اختيارخ شبندر-8000-1400/11/13,54,4060,1807300000,468,430,450,-18,-3.85,445,-23,-4.91,430,460,1400-8-15,2021-11-06
720,تماوند,تامين سرمايه دماوند,51,1281151,7430675800,5632,5800,5800,168,2.98,5709,77,1.37,5800,5800,1400-8-15,2021-11-06
721,فيروزا,صندوق بادرآمد ثابت فيروزه آسيا,51,196183,5021746493,25592,25506,25600,8,0.03,25597,5,0.02,25505,25609,1400-8-15,2021-11-06
722,وآفري,بيمه كارآفرين,50,984693,3242368381,3256,3172,3261,5,0.15,3266,10,0.31,3172,3351,1400-8-15,2021-11-06
723,درهآور,دارويي ره آورد تامين,50,379678,8002852884,20075,21078,21078,1003,5,20585,510,2.54,21078,21078,1400-8-15,2021-11-06
724,ضفلا1162,اختيارخ فولاد-9000-1400/11/24,47,507,1863827000,3579,3580,3700,121,3.38,3676,97,2.71,3100,4000,1400-8-15,2021-11-06
725,ساروج,بين المللي ساروج بوشهر,47,50758,870424054,16888,17000,17056,168,0.99,16910,22,0.13,17000,17394,1400-8-15,2021-11-06
726,وسرضوي,س.سهام عدالت استان خراسان رضوي,46,2241531,1555622514,730,694,694,-36,-4.93,729,-1,-0.14,694,694,1400-8-15,2021-11-06
727,اخزا909,اسنادخزانه-م9بودجه99-020316,45,204059,145379760597,711892,712002,712500,608,0.09,712440,548,0.08,712000,713400,1400-8-15,2021-11-06
728,كهربا,صندوق س.پشتوانه سكه طلا كهربا,43,121199,1255787397,10289,10311,10385,96,0.93,10361,72,0.7,10311,10394,1400-8-15,2021-11-06
729,ضملي1162,اختيارخ فملي-8000-1400/11/03,42,2753,2214585000,562,800,800,238,42.35,804,242,43.06,795,830,1400-8-15,2021-11-06
730,اخزا908,اسنادخزانه-م8بودجه99-020606,41,130510,88482590521,676597,677000,678996,2399,0.35,677976,1379,0.2,677000,679000,1400-8-15,2021-11-06
731,داريك,صندوق س.اعتماد داريك-د,41,621112,7330503054,11784,11802,11803,19,0.16,11802,18,0.15,11802,11803,1400-8-15,2021-11-06
732,ضسپا8040,اختيارخ خساپا-1400-1400/08/26,41,1161,449232000,274,280,400,126,45.99,387,113,41.24,280,401,1400-8-15,2021-11-06
733,اخزا008,اسنادخزانه-م8بودجه00-030919,40,151958,78325382785,514121,518500,516998,2877,0.56,515441,1320,0.26,513106,518500,1400-8-15,2021-11-06
734,ضفلا1165,اختيارخ فولاد-14000-1400/11/24,40,1897,1593169000,706,790,850,144,20.4,840,134,18.98,790,860,1400-8-15,2021-11-06
735,سكه0111پ05,تمام سكه طرح جديد0111آينده,39,8200,9717551800,1172427,1184000,1186000,13573,1.16,1185067,12640,1.08,1172001,1188990,1400-8-15,2021-11-06
736,اخزا004,اسنادخزانه-م4بودجه00-030522,39,174701,96671673793,552462,553700,553898,1436,0.26,553355,893,0.16,550501,553898,1400-8-15,2021-11-06
737,اراد50,مرابحه عام دولت5-ش.خ0302,38,458000,458000000500,1000000,1000001,1000000,0,0,1000000,0,0,1000000,1000001,1400-8-15,2021-11-06
738,وحافظ,بيمه حافظ,35,247394,2492247156,10385,10074,10074,-311,-2.99,10305,-80,-0.77,10074,10074,1400-8-15,2021-11-06
739,ضصاد1114,اختيارخ وبصادر-2500-1400/11/06,35,2379,227790000,99,179,85,-14,-14.14,96,-3,-3.03,85,180,1400-8-15,2021-11-06
740,اخزا814,اسنادخزانه-م14بودجه98-010318,35,182919,161389968333,882140,882150,882500,360,0.04,882303,163,0.02,882000,885949,1400-8-15,2021-11-06
741,گپارس,امور رفاهي كارگزاران پارس,34,12068,1628781756,139141,134967,134967,-4174,-3,138440,-701,-0.5,134967,134967,1400-8-15,2021-11-06
742,ضفلا1163,اختيارخ فولاد-10000-1400/11/24,34,234,711058000,2796,3000,3000,204,7.3,3039,243,8.69,3000,3220,1400-8-15,2021-11-06
743,گنجين,صندوق س. گنجينه يكم آويد-د,32,257632,3625773590,14062,14073,14075,13,0.09,14073,11,0.08,14072,14080,1400-8-15,2021-11-06
744,ضسپا8039,اختيارخ خساپا-1200-1400/08/26,31,729,428786000,473,500,610,137,28.96,588,115,24.31,500,620,1400-8-15,2021-11-06
745,ضشنا8003,اختيارخ شپنا-8800-1400/08/16,31,311,821896000,1940,2100,2631,691,35.62,2643,703,36.24,2100,3000,1400-8-15,2021-11-06
746,اخزا820,اسنادخزانه-م20بودجه98-020806,30,257663,168391000469,651110,650811,655000,3890,0.6,653532,2422,0.37,650811,655000,1400-8-15,2021-11-06
747,اخزا809,اسنادخزانه-م9بودجه98-000923,30,19061,18618484574,975043,977999,977000,1957,0.2,976784,1741,0.18,973000,978007,1400-8-15,2021-11-06
748,ثهام,صندوق س ثروت هامرز-سهام,29,51522,576953115,11043,11150,11250,207,1.87,11198,155,1.4,11150,11250,1400-8-15,2021-11-06
749,برن0104پ01,برنج طارم0104تجارت مازندران(پ),28,2398,980035041,410479,409000,408050,-2429,-0.59,408688,-1791,-0.44,407000,410000,1400-8-15,2021-11-06
750,اخزا917,اسنادخزانه-م17بودجه99-010226,28,154920,138383611874,892429,896150,894000,1571,0.18,893259,830,0.09,891601,896150,1400-8-15,2021-11-06
751,اخزا723,اسنادخزانه-م23بودجه97-000824,27,200307,199288319140,993195,994500,994100,905,0.09,994914,1719,0.17,994100,995108,1400-8-15,2021-11-06
752,ضسپا1113,اختيارخ خساپا-1800-1400/11/20,26,1323,394410000,193,259,300,107,55.44,298,105,54.4,259,310,1400-8-15,2021-11-06
753,اخزا007,اسنادخزانه-م7بودجه00-030912,26,146937,76009217176,517505,517000,518000,495,0.1,517291,-214,-0.04,516990,518000,1400-8-15,2021-11-06
754,دمعيار,صندوق س. توازن معيار-د,25,1126029,11345848545,10060,10075,10080,20,0.2,10076,16,0.16,10075,10080,1400-8-15,2021-11-06
755,شتولي,تولي‌پرس‌,25,100154,2059967472,20987,20568,20568,-419,-2,20811,-176,-0.84,20568,20568,1400-8-15,2021-11-06
756,ضشنا1049,اختيارخ شپنا-6540-1400/10/19,25,480,746793000,1323,1061,1599,276,20.86,1556,233,17.61,1061,1800,1400-8-15,2021-11-06
757,اخزا005,اسنادخزانه-م5بودجه00-030626,25,116477,62763887702,537988,536532,542000,4012,0.75,538852,864,0.16,536532,542000,1400-8-15,2021-11-06
758,حرهشا,رهشاد سپاهان (سهامي عام,23,10505,1157703525,113613,110205,110205,-3408,-3,113136,-477,-0.42,110205,110205,1400-8-15,2021-11-06
759,ضپال2006,اختيارخ اپال-28000-1401/02/12,23,491,758959000,1121,1499,1350,229,20.43,1546,425,37.91,1350,1650,1400-8-15,2021-11-06
760,اخزا811,اسنادخزانه-م11بودجه98-001013,23,20749,20030772720,960079,964601,965000,4921,0.51,965385,5306,0.55,964500,966799,1400-8-15,2021-11-06
761,اخزا816,اسنادخزانه-م16بودجه98-010503,21,101042,86643618872,855807,857502,858989,3182,0.37,857501,1694,0.2,857500,858999,1400-8-15,2021-11-06
762,سفارود,كارخانه فارسيت درود,21,17760,285349920,16394,16067,16067,-327,-1.99,16375,-19,-0.12,16067,16067,1400-8-15,2021-11-06
763,اخزا821,اسنادخزانه-م21بودجه98-020906,20,98427,63215216487,642588,638001,644588,2000,0.31,642255,-333,-0.05,637112,644588,1400-8-15,2021-11-06
764,ضشنا1048,اختيارخ شپنا-5450-1400/10/19,20,121,359658000,2088,2600,2899,811,38.84,2972,884,42.34,2600,3290,1400-8-15,2021-11-06
765,ضشنا8001,اختيارخ شپنا-6800-1400/08/16,19,118,531583000,3905,4334,4614,709,18.16,4505,600,15.36,4334,4894,1400-8-15,2021-11-06
766,ضصاد1111,اختيارخ وبصادر-1600-1400/11/06,19,806,514110000,421,600,630,209,49.64,638,217,51.54,600,670,1400-8-15,2021-11-06
767,اخزا905,اسنادخزانه-م5بودجه99-020218,19,215080,155739118749,722287,726800,724001,1714,0.24,724099,1812,0.25,724000,726890,1400-8-15,2021-11-06
768,وسقم,شركت س استان قم,19,304597,386838190,1336,1270,1270,-66,-4.94,1335,-1,-0.07,1270,1270,1400-8-15,2021-11-06
769,ضخود1055,اختيارخ خودرو-3500-1400/10/08,19,936,16032000,25,10,18,-7,-28,17,-8,-32,10,40,1400-8-15,2021-11-06
770,خفناور,مهندسي صنعتي روان فن آور,19,19531,802645976,42367,41096,41096,-1271,-3,42262,-105,-0.25,41096,41096,1400-8-15,2021-11-06
771,اخزا810,اسنادخزانه-م10بودجه98-001006,18,73596,71340769560,967387,968000,970000,2613,0.27,969357,1970,0.2,968000,970000,1400-8-15,2021-11-06
772,سخند,صندوق س.سپهرخبرگان نفت-د,15,30650,311866040,10133,10149,10180,47,0.46,10175,42,0.41,10149,10180,1400-8-15,2021-11-06
773,گوهر2,صندوق سكه طلاي كيان,15,150000,150000,58802,1,1,-58801,-100,1,-58801,-100,1,1,1400-8-15,2021-11-06
774,اخزا906,اسنادخزانه-م6بودجه99-020321,14,16812,12100118800,712882,719900,720000,7118,1,719731,6849,0.96,713000,720000,1400-8-15,2021-11-06
775,ثنام,س ساختماني ب نام آوران مهندسي,14,15234,170483694,11537,11191,11191,-346,-3,11531,-6,-0.05,11191,11191,1400-8-15,2021-11-06
776,اخزا817,اسنادخزانه-م17بودجه98-010512,14,47587,40581907552,852049,854999,852011,-38,0,852794,745,0.09,852001,854999,1400-8-15,2021-11-06
777,ساذري,آذريت‌,14,329459,3269551116,9635,9924,9924,289,3,9727,92,0.95,9924,9924,1400-8-15,2021-11-06
778,اخزا907,اسنادخزانه-م7بودجه99-020704,14,121022,80642849674,665907,665131,666011,104,0.02,666349,442,0.07,665131,669513,1400-8-15,2021-11-06
779,اخزا813,اسنادخزانه-م13بودجه98-010219,13,26349,23639657666,895912,896001,896006,94,0.01,897175,1263,0.14,896001,897975,1400-8-15,2021-11-06
780,ضپاس1011,اختيارخ وپارس-2000-1400/10/22,13,129,58629000,334,390,500,166,49.7,454,120,35.93,390,500,1400-8-15,2021-11-06
781,ضترا1133,اختيارخ شتران-4411-1400/11/10,13,42,90564383,795,950,950,155,19.5,951,156,19.62,950,999,1400-8-15,2021-11-06
782,ضجار1021,اختيارخ وتجارت-1800-1400/10/15,12,158,76169000,410,489,480,70,17.07,482,72,17.56,478,489,1400-8-15,2021-11-06
783,اراد42,مرابحه عام دولت4-ش.خ 0106,12,232000,222720000000,998000,960000,960000,-38000,-3.81,960000,-38000,-3.81,960000,960000,1400-8-15,2021-11-06
784,نتوس,پشم‌ بافي‌ توس,12,22590,282149100,12876,12490,12490,-386,-3,12865,-11,-0.09,12490,12490,1400-8-15,2021-11-06
785,ضشنا8002,اختيارخ شپنا-7800-1400/08/16,12,157,595918000,3079,3800,3800,721,23.42,3796,717,23.29,3405,3990,1400-8-15,2021-11-06
786,اخزا818,اسنادخزانه-م18بودجه98-010614,11,16030,13391993566,836800,833010,838690,1890,0.23,835433,-1367,-0.16,833010,838690,1400-8-15,2021-11-06
787,ضملي1160,اختيارخ فملي-6000-1400/11/03,11,52,173164000,2550,2990,3300,750,29.41,3330,780,30.59,2990,3490,1400-8-15,2021-11-06
788,وشمال,س. چشم انداز توسعه شمال,11,2266,169795912,76461,74932,74932,-1529,-2,76408,-53,-0.07,74932,74932,1400-8-15,2021-11-06
789,ضفلا1164,اختيارخ فولاد-12000-1400/11/24,11,119,180036000,1611,1750,1464,-147,-9.12,1513,-98,-6.08,1464,1750,1400-8-15,2021-11-06
790,ضسپا1114,اختيارخ خساپا-2000-1400/11/20,11,905,190210000,40,170,198,158,395,210,170,425,132,249,1400-8-15,2021-11-06
791,ضشنا8000,اختيارخ شپنا-5800-1400/08/16,11,39,225322000,4998,5555,6199,1201,24.03,5777,779,15.59,5555,6199,1400-8-15,2021-11-06
792,دپارسح,ح . پارس‌ دارو,10,2674,120330000,45000,45000,45000,0,0,45000,0,0,45000,45000,1400-8-15,2021-11-06
793,ضفلا1161,اختيارخ فولاد-8000-1400/11/24,10,25,122250000,5000,4890,4890,-110,-2.2,4890,-110,-2.2,4890,4890,1400-8-15,2021-11-06
794,اخزا812,اسنادخزانه-م12بودجه98-001111,10,5762,5489731648,949161,949560,952970,3809,0.4,952748,3587,0.38,949516,952999,1400-8-15,2021-11-06
795,اخزا815,اسنادخزانه-م15بودجه98-010406,10,22419,19492501351,871814,870000,869402,-2412,-0.28,869463,-2351,-0.27,869402,870000,1400-8-15,2021-11-06
796,ضصاد1113,اختيارخ وبصادر-2000-1400/11/06,10,289,86600000,170,300,300,130,76.47,300,130,76.47,299,300,1400-8-15,2021-11-06
797,ضشنا8006,اختيارخ شپنا-14800-1400/08/16,10,159,492000,7,2,2,-5,-71.43,3,-4,-57.14,2,4,1400-8-15,2021-11-06
798,عيار2,صندوق سكه طلاي مفيد,10,100000,100000,29780,1,1,-29779,-100,1,-29779,-100,1,1,1400-8-15,2021-11-06
799,زعف0110پ18,زعفران0110نگين بهرامن(پ),10,15600,4205994000,260159,269615,269615,9456,3.63,269615,9456,3.63,269615,269615,1400-8-15,2021-11-06
800,سايرا,ايرانيت‌,10,8616,291238032,34491,33802,33802,-689,-2,34450,-41,-0.12,33802,33802,1400-8-15,2021-11-06
801,حاريا,كشتيراني آريا,10,6863,102643028,15579,14956,14956,-623,-4,15566,-13,-0.08,14956,14956,1400-8-15,2021-11-06
802,پادا,صندوق س.پاداش سرمايه پارس-س,9,1946,214946654,107485,109982,110410,2925,2.72,110456,2971,2.76,109199,112000,1400-8-15,2021-11-06
803,زعف0110پ20,زعفران0110نگين وحدت جام(پ),9,2533,682934762,260665,269615,269615,8950,3.43,269615,8950,3.43,269614,269615,1400-8-15,2021-11-06
804,امين يكم4,صندوق درآمد ثابت امين يكم فردا,9,248210000,2500467540000,10063,10074,10074,11,0.11,10074,11,0.11,10074,10074,1400-8-15,2021-11-06
805,ضبدر8076,اختيارخ شبندر-3448-1400/08/30,8,13,193308680,2899,3300,3100,201,6.93,3175,276,9.52,3100,3300,1400-8-15,2021-11-06
806,طخود1051,اختيارف خودرو-1800-1400/10/08,8,443,19759000,75,50,38,-37,-49.33,45,-30,-40,38,50,1400-8-15,2021-11-06
807,طلا2,صندوق س.پشتوانه طلاي لوتوس,8,800000,800000,83728,1,1,-83727,-100,1,-83727,-100,1,1,1400-8-15,2021-11-06
808,وسخراش,شركت س استان خراسان شمالي,8,73277,95333377,1369,1301,1301,-68,-4.97,1369,0,0,1301,1301,1400-8-15,2021-11-06
809,آگاس2,صندوق س.هستي بخش آگاه-س,7,700000,700000,80681,1,1,-80680,-100,1,-80680,-100,1,1,1400-8-15,2021-11-06
810,زعف0110پ10,زعفران0110نگين طلاي سرخ(پ),7,6600,1779459000,255523,269615,269615,14092,5.51,269615,14092,5.51,269615,269615,1400-8-15,2021-11-06
811,كباده,توليد خاك نسوزاستقلال آباده,7,60398,1397247332,22033,23134,23134,1101,5,22180,147,0.67,23134,23134,1400-8-15,2021-11-06
812,آكورد2,صندوق س. آرمان آتي كوثر-د,7,700000,700000,35000,1,1,-34999,-100,1,-34999,-100,1,1,1400-8-15,2021-11-06
813,زير0103پ01,زيره سبز0103كيميابذر(پ),7,139,96790704,662067,696336,696336,34269,5.18,696336,34269,5.18,696336,696336,1400-8-15,2021-11-06
814,سرو2,صندوق س سروسودمند مدبران-سهام,6,880000,880000,72540,1,1,-72539,-100,1,-72539,-100,1,1,1400-8-15,2021-11-06
815,نگين,ص.س. زمين و ساختمان نگين شهرري,6,760,38921200,51200,51200,51220,20,0.04,51210,10,0.02,51200,51220,1400-8-15,2021-11-06
816,ضمخا1036,اختيارخ اخابر-8000-1400/10/26,6,72,138089000,1100,2000,1000,-100,-9.09,1918,818,74.36,1000,2000,1400-8-15,2021-11-06
817,زعف0008پ16,زعفران0008نگين بيرجند(پ),6,1472,304678976,197058,206983,206983,9925,5.04,206983,9925,5.04,206983,206983,1400-8-15,2021-11-06
818,ضپاس1009,اختيارخ وپارس-1600-1400/10/22,6,45,38250000,697,850,850,153,21.95,850,153,21.95,850,850,1400-8-15,2021-11-06
819,ضصاد1112,اختيارخ وبصادر-1800-1400/11/06,6,500,235516000,259,460,470,211,81.47,471,212,81.85,460,480,1400-8-15,2021-11-06
820,صايند2,صندوق س. گنجينه آينده روشن-د,6,1500000,1500000,9992,1,1,-9991,-99.99,1,-9991,-99.99,1,1,1400-8-15,2021-11-06
821,گكيش,توريستي ورفاهي آبادگران كيش,5,752,29952912,41062,39831,39831,-1231,-3,41058,-4,-0.01,39831,39831,1400-8-15,2021-11-06
822,اخزا009,اسناد خزانه-م9بودجه00-031101,5,128,66134500,512402,522500,512000,-402,-0.08,516676,4274,0.83,512000,522500,1400-8-15,2021-11-06
823,زعف0110پ21,زعفران0110نگين ملل(پ),5,34770,9374513550,255297,269615,269615,14318,5.61,269615,14318,5.61,269615,269615,1400-8-15,2021-11-06
824,ثقزوي,شركت عمران و سازندگي قزوين,5,2623,74941733,29454,28571,28571,-883,-3,29447,-7,-0.02,28571,28571,1400-8-15,2021-11-06
825,صشستا311,صكوك اجاره شستا311-بدون ضامن,5,50000,50000000000,1000000,1000000,1000000,0,0,1000000,0,0,1000000,1000000,1400-8-15,2021-11-06
826,زعف0008پ05,زعفران0008نگين زرين(پ),5,2464,510006112,197594,206983,206983,9389,4.75,206983,9389,4.75,206983,206983,1400-8-15,2021-11-06
827,اگ010155,گام بانك اقتصاد نوين0101,5,24094,21711964000,903973,901000,901200,-2773,-0.31,901136,-2837,-0.31,901000,906000,1400-8-15,2021-11-06
828,ضبدر1163,اختيارخ شبندر-6000-1400/11/13,5,117,185900000,1175,1550,1600,425,36.17,1589,414,35.23,1500,1600,1400-8-15,2021-11-06
829,زعف0008پ18,زعفران0008نگين بهرامن(پ),4,7950,1645514850,197613,206983,206983,9370,4.74,206983,9370,4.74,206983,206983,1400-8-15,2021-11-06
830,ضسپا1110,اختيارخ خساپا-1200-1400/11/20,4,36,39900000,598,750,850,252,42.14,1108,510,85.28,750,1980,1400-8-15,2021-11-06
831,ضپنا1030,اختيارخ رمپنا-11850-1400/10/08,4,23,74600000,4000,5000,5500,1500,37.5,3243,-757,-18.93,1010,5500,1400-8-15,2021-11-06
832,زعف0008پ20,زعفران0008نگين وحدت جام(پ),4,3200,662345600,197469,206983,206983,9514,4.82,206983,9514,4.82,206983,206983,1400-8-15,2021-11-06
833,خاتم2,صندوق س خاتم ايساتيس پويا-ثابت,4,3800000,3800000,12247,1,1,-12246,-99.99,1,-12246,-99.99,1,1,1400-8-15,2021-11-06
834,افران2,صندوق س افرا نماد پايدار-ثابت,4,77700000,77700000,14648,1,1,-14647,-99.99,1,-14647,-99.99,1,1,1400-8-15,2021-11-06
835,ضملي1161,اختيارخ فملي-7000-1400/11/03,4,13,26200000,1399,1850,2000,601,42.96,2015,616,44.03,1850,2050,1400-8-15,2021-11-06
836,كمند2,صندوق س. با درآمد ثابت كمند,4,4000000,4000000,10148,1,1,-10147,-99.99,1,-10147,-99.99,1,1,1400-8-15,2021-11-06
837,ضجار1020,اختيارخ وتجارت-1600-1400/10/15,3,19,11120000,422,500,680,258,61.14,585,163,38.63,500,680,1400-8-15,2021-11-06
838,زعف0008پ08,زعفران0008نگين روستا(پ),3,1100,227681300,196870,206983,206983,10113,5.14,206983,10113,5.14,206983,206983,1400-8-15,2021-11-06
839,طخود1052,اختيارف خودرو-2000-1400/10/08,3,6,1076000,195,180,178,-17,-8.72,179,-16,-8.21,178,180,1400-8-15,2021-11-06
840,ضملي1159,اختيارخ فملي-5000-1400/11/03,3,8,38600000,4213,4900,4800,587,13.93,4825,612,14.53,4700,4900,1400-8-15,2021-11-06
841,هبساز103,اختيارف ت ثبهساز-2346-01/03/18,3,2650,916900,423,346,346,-77,-18.2,346,-77,-18.2,346,346,1400-8-15,2021-11-06
842,فراز2,صندوق س.سهام فراز داريك-س,3,1500000,1500000,14155,1,1,-14154,-99.99,1,-14154,-99.99,1,1,1400-8-15,2021-11-06
843,ضذوب905,اختيارخ ذوب-5000-14000917,3,167,21174000,85,122,130,45,52.94,127,42,49.41,122,130,1400-8-15,2021-11-06
844,ضفلا1160,اختيارخ فولاد-7000-1400/11/24,3,13,73755000,5496,5700,5600,104,1.89,5673,177,3.22,5555,5700,1400-8-15,2021-11-06
845,پاسار04,اجاره انرژي پاسارگاد14040302,2,40000,40000000000,1000000,1000000,1000000,0,0,1000000,0,0,1000000,1000000,1400-8-15,2021-11-06
846,اراد72,مرابحه عام دولت72-ش.خ0311,2,600,557760000,934000,929600,929600,-4400,-0.47,929600,-4400,-0.47,929600,929600,1400-8-15,2021-11-06
847,اراد384,مرابحه عام دولت3-ش.خ 0105,2,566200,537890000000,991946,950000,950000,-41946,-4.23,950000,-41946,-4.23,950000,950000,1400-8-15,2021-11-06
848,تملي806,تسهيلات مسكن ب. ملي-شهريور98,2,20,17037400,896705,851870,851870,-44835,-5,851870,-44835,-5,851870,851870,1400-8-15,2021-11-06
849,ضمخا1037,اختيارخ اخابر-9000-1400/10/26,2,80,64000000,687,800,800,113,16.45,800,113,16.45,800,800,1400-8-15,2021-11-06
850,شبهرن2,نفت‌ بهران‌,2,10000000,122000000000,11620,12200,12200,580,4.99,12200,580,4.99,12200,12200,1400-8-15,2021-11-06
851,اراد24,مرابحه عام دولت2-ش.خ ساير0212,2,30000,30000000000,1000000,1000000,1000000,0,0,1000000,0,0,1000000,1000000,1400-8-15,2021-11-06
852,ضغدر8057,اختيارخ وغدير-9000-1400/08/26,2,73,366500000,5000,5000,6500,1500,30,5021,21,0.42,5000,6500,1400-8-15,2021-11-06
853,طسپا8041,اختيارف خساپا-1600-1400/08/26,2,82,166000,20,2,3,-17,-85,2,-18,-90,2,3,1400-8-15,2021-11-06
854,وسخراج,شركت س استان خراسان جنوبي,2,6448,13560144,2213,2103,2103,-110,-4.97,2213,0,0,2103,2103,1400-8-15,2021-11-06
855,ضسپا1115,اختيارخ خساپا-2500-1400/11/20,2,109,16161000,1,150,129,128,12800,148,147,14700,129,150,1400-8-15,2021-11-06
856,ضشنا1051,اختيارخ شپنا-8719-1400/10/19,2,22,11400000,540,540,300,-240,-44.44,518,-22,-4.07,300,540,1400-8-15,2021-11-06
857,شكف,كف,2,55,5184465,98190,94263,94263,-3927,-4,98188,-2,0,94263,94263,1400-8-15,2021-11-06
858,اراد874,مرابحه عام دولت87-ش.خ030304,2,4643417,4150381388760,931969,893841,893800,-38169,-4.1,893820,-38149,-4.09,893800,893841,1400-8-15,2021-11-06
859,اروند06,منفعت صبا اروند ملت 14001113,2,31000,31000000000,1000000,1000000,1000000,0,0,1000000,0,0,1000000,1000000,1400-8-15,2021-11-06
860,ضذوب902,اختيارخ ذوب-3500-14000917,2,200,164000000,388,820,820,432,111.34,820,432,111.34,820,820,1400-8-15,2021-11-06
861,شگويات.ف0104,اختيارف.تبعي شگويا010408,2,10001,10001,1,1,1,0,0,1,0,0,1,1,1400-8-15,2021-11-06
862,طذوب903,اختيارف ذوب-4000-14000917,2,56,3010000,200,85,50,-150,-75,54,-146,-73,50,85,1400-8-15,2021-11-06
863,طسپا8043,اختيارف خساپا-2000-1400/08/26,2,5,905000,500,200,105,-395,-79,181,-319,-63.8,105,200,1400-8-15,2021-11-06
864,ضبدر1164,اختيارخ شبندر-7000-1400/11/13,1,77,84700000,1200,1100,1100,-100,-8.33,1100,-100,-8.33,1100,1100,1400-8-15,2021-11-06
865,اراد614,مرابحه عام دولت61-ش.خ0309,1,400000,400000000000,1000000,1000000,1000000,0,0,1000000,0,0,1000000,1000000,1400-8-15,2021-11-06
866,ضذوب903,اختيارخ ذوب-4000-14000917,1,100,25000000,200,250,250,50,25,250,50,25,250,250,1400-8-15,2021-11-06
867,اراد65,مرابحه عام دولتي65-ش.خ0210,1,1000,991500000,989000,991500,991500,2500,0.25,991500,2500,0.25,991500,991500,1400-8-15,2021-11-06
868,زعف0110پ16,زعفران0110نگين بيرجند(پ),1,5050,1361555750,259095,269615,269615,10520,4.06,269615,10520,4.06,269615,269615,1400-8-15,2021-11-06
869,ضشنا8007,اختيارخ شپنا-16800-1400/08/16,1,2,2000,10,1,1,-9,-90,1,-9,-90,1,1,1400-8-15,2021-11-06
870,ضشگويا1202,اختيارخ شگويا-10000-14001222,1,25,90000000,3900,3600,3600,-300,-7.69,3600,-300,-7.69,3600,3600,1400-8-15,2021-11-06
871,ضسان1055,اختيارخ پارسان-40000-00/10/12,1,1,3000000,3200,3000,3000,-200,-6.25,3000,-200,-6.25,3000,3000,1400-8-15,2021-11-06
872,ضپاس1010,اختيارخ وپارس-1800-1400/10/22,1,4,3200000,516,800,800,284,55.04,800,284,55.04,800,800,1400-8-15,2021-11-06
873,تملي703,تسهيلات مسكن ب. ملي-خرداد97,1,5,2625005,512000,525001,525001,13001,2.54,525001,13001,2.54,525001,525001,1400-8-15,2021-11-06
874,كگل2,معدني و صنعتي گل گهر,1,8949396,217291334880,23130,24280,24280,1150,4.97,24280,1150,4.97,24280,24280,1400-8-15,2021-11-06
875,فولاد2,فولاد مباركه اصفهان,1,28850000,361202000000,11930,12520,12520,590,4.95,12520,590,4.95,12520,12520,1400-8-15,2021-11-06
876,پارسا306,صكوك اجاره پارسيان-6ماهه16%,1,500,491500000,993000,983000,983000,-10000,-1.01,983000,-10000,-1.01,983000,983000,1400-8-15,2021-11-06
877,ضبدر8080,اختيارخ شبندر-6865-1400/08/30,1,2,3278800,200,350,350,150,75,350,150,75,350,350,1400-8-15,2021-11-06
878,اراد424,مرابحه عام دولت4-ش.خ 0106,1,245700,245700000000,998000,1000000,1000000,2000,0.2,1000000,2000,0.2,1000000,1000000,1400-8-15,2021-11-06
879,هماي2,صندوق س هماي آگاه-ثابت,1,594000,594000,10074,1,1,-10073,-99.99,1,-10073,-99.99,1,1,1400-8-15,2021-11-06
880,صخود041,ص مرابحه خودرو041- 3ماهه 18%,1,1000,1030000000,1020000,1030000,1030000,10000,0.98,1030000,10000,0.98,1030000,1030000,1400-8-15,2021-11-06
881,ضسپا1111,اختيارخ خساپا-1400-1400/11/20,1,1,599000,460,599,599,139,30.22,599,139,30.22,599,599,1400-8-15,2021-11-06
882,اخزا916,اسنادخزانه-م16بودجه99-020528,1,5000,3645000000,726000,729000,729000,3000,0.41,729000,3000,0.41,729000,729000,1400-8-15,2021-11-06
883,وآفري2,بيمه كارآفرين,1,15000000,49875000000,3256,3325,3325,69,2.12,3325,69,2.12,3325,3325,1400-8-15,2021-11-06
884,صفارس307,صكوك اجاره فارس307- 3ماهه18%,1,500,495000000,1000000,990000,990000,-10000,-1,990000,-10000,-1,990000,990000,1400-8-15,2021-11-06
885,زعف0110پ05,زعفران0110نگين زرين(پ),1,1,269615,261621,269615,269615,7994,3.06,269615,7994,3.06,269615,269615,1400-8-15,2021-11-06
886,تملي807,تسهيلات مسكن ب. ملي-مهر98,1,8,6032448,793743,754056,754056,-39687,-5,754056,-39687,-5,754056,754056,1400-8-15,2021-11-06
887,سپر2,صندوق س سپر سرمايه بيدار- ثابت,1,15000000,15000000,13071,1,1,-13070,-99.99,1,-13070,-99.99,1,1,1400-8-15,2021-11-06
888,جم2,پتروشيمي جم,1,20542317,999999991560,46370,48680,48680,2310,4.98,48680,2310,4.98,48680,48680,1400-8-15,2021-11-06
889,ضسپا1112,اختيارخ خساپا-1600-1400/11/20,1,67,30150000,288,450,450,162,56.25,450,162,56.25,450,450,1400-8-15,2021-11-06
890,شپديس2,پتروشيمي پرديس,1,7409469,1421506627650,182720,191850,191850,9130,5,191850,9130,5,191850,191850,1400-8-15,2021-11-06
891,ضغدر8060,اختيارخ وغدير-14000-1400/08/26,1,50,150000000,3000,3000,3000,0,0,3000,0,0,3000,3000,1400-8-15,2021-11-06
892,دمعيار2,صندوق س. توازن معيار-د,1,1000000,1000000,10060,1,1,-10059,-99.99,1,-10059,-99.99,1,1,1400-8-15,2021-11-06
893,مصفها203,مشاركت ش اصفهان203-3ماهه18%,1,500,498575000,1019150,997150,997150,-22000,-2.16,997150,-22000,-2.16,997150,997150,1400-8-15,2021-11-06
894,مكرج112,مشاركت شهرداري كرج-3ماهه18%,1,500,498500000,1020000,997000,997000,-23000,-2.25,997000,-23000,-2.25,997000,997000,1400-8-15,2021-11-06
895,فملي2,ملي‌ صنايع‌ مس‌ ايران‌,1,71377587,999999993870,13500,14010,14010,510,3.78,14010,510,3.78,14010,14010,1400-8-15,2021-11-06
896,اروند01,منفعت صبا اروند اميد14001113,1,1000,963000000,980000,963000,963000,-17000,-1.73,963000,-17000,-1.73,963000,963000,1400-8-15,2021-11-06
897,زعف0008پ15,زعفران0008پوشالمعمول طلاسرخ(پ),1,1,174163,165870,174163,174163,8293,5,174163,8293,5,174163,174163,1400-8-15,2021-11-06
898,اخزا819,اسنادخزانه-م19بودجه98-020322,1,1000,769519000,761900,769519,769519,7619,1,769519,7619,1,769519,769519,1400-8-15,2021-11-06
899,ضپال2004,اختيارخ اپال-20000-1401/02/12,1,5,8450000,8400,1690,1690,-6710,-79.88,1690,-6710,-79.88,1690,1690,1400-8-15,2021-11-06
900,ضپاس1013,اختيارخ وپارس-3000-1400/10/22,1,10,1000000,60,100,100,40,66.67,100,40,66.67,100,100,1400-8-15,2021-11-06
901,پارسان2,گسترش نفت و گاز پارسيان,1,29154519,1000000001700,32670,34300,34300,1630,4.99,34300,1630,4.99,34300,34300,1400-8-15,2021-11-06
902,اخزا904,اسنادخزانه-م4بودجه99-011215,1,1331,1001191510,756614,752210,752210,-4404,-0.58,752210,-4404,-0.58,752210,752210,1400-8-15,2021-11-06
903,تملي808,تسهيلات مسكن ب. ملي-آبان98,1,21,6790077,307940,323337,323337,15397,5,323337,15397,5,323337,323337,1400-8-15,2021-11-06
904,صپا ه 8,بار پايه هفته 8صنعتي,1,7000,4060000,670,580,580,-90,-13.43,580,-90,-13.43,580,580,1400-8-15,2021-11-06
905,کم ر 58,کم باري روز 58,1,3000,1740000,223,580,580,357,160.09,580,357,160.09,580,580,1400-8-15,2021-11-06
906,زعف0008پ12,زعفران0008پوشالمعمول سحرخيز(پ),1,10,1741630,165870,174163,174163,8293,5,174163,8293,5,174163,174163,1400-8-15,2021-11-06
907,هنوري102,اختيارف ت نوري59561-01/02/15,1,4000,4000,1,1,1,0,0,1,0,0,1,1,1400-8-15,2021-11-06
908,مكرما034,مشاركت ش كرمانشاه034-3ماهه18%,1,1000,1020000000,1010000,1020000,1020000,10000,0.99,1020000,10000,0.99,1020000,1020000,1400-8-15,2021-11-06
909,مكرما304,مشاركت ش كرمانشاه304-3ماهه18%,1,1000,1030000000,1020000,1030000,1030000,10000,0.98,1030000,10000,0.98,1030000,1030000,1400-8-15,2021-11-06
910,ضغدر1133,اختيارخ وغدير-16000-1400/11/20,1,17,44200000,2200,2600,2600,400,18.18,2600,400,18.18,2600,2600,1400-8-15,2021-11-06
911,اخزا9072,اسنادخزانه-م7بودجه99-020704,1,281100,191641330500,665907,681755,681755,15848,2.38,681755,15848,2.38,681755,681755,1400-8-15,2021-11-06
912,طخود1050,اختيارف خودرو-1600-1400/10/08,1,5,150000,37,30,30,-7,-18.92,30,-7,-18.92,30,30,1400-8-15,2021-11-06
913,شتهران,داروسازي تهران شيمي,1,2403,17974440,7193,7480,7480,287,3.99,7194,1,0.01,7480,7480,1400-8-15,2021-11-06
914,ضفرابورس1200,اختيارخ فرابورس-19000-14001218,1,1,9999000,9249,9999,9999,750,8.11,9999,750,8.11,9999,9999,1400-8-15,2021-11-06
915,زعف0110پ08,زعفران0110نگين روستا(پ),1,53,14289595,257796,269615,269615,11819,4.58,269615,11819,4.58,269615,269615,1400-8-15,2021-11-06
916,صمعاد407,صكوك اجاره معادن407-3ماهه18%,1,44,44220000,1005000,1005000,1005000,0,0,1005000,0,0,1005000,1005000,1400-8-15,2021-11-06
917,اراد904,مرابحه عام دولت90-ش.خ050217,1,1000000,1000000000000,1000000,1000000,1000000,0,0,1000000,0,0,1000000,1000000,1400-8-15,2021-11-06
918,ضچاد1023,اختيارخ كچاد-32000-1400/10/05,1,1,2000000,160,2000,2000,1840,1150,2000,1840,1150,2000,2000,1400-8-15,2021-11-06
919,تاصيكو2,سرمايه گذاري صدرتامين,1,22000000,212740000000,9240,9670,9670,430,4.65,9670,430,4.65,9670,9670,1400-8-15,2021-11-06
920,اخزا9162,اسنادخزانه-م16بودجه99-020528,1,1350000,1002655800000,726000,742708,742708,16708,2.3,742708,16708,2.3,742708,742708,1400-8-15,2021-11-06
921,صبهمن404,صكوك مرابحه بهمن404-3ماهه 18%,1,1000,988000000,1000000,988000,988000,-12000,-1.2,988000,-12000,-1.2,988000,988000,1400-8-15,2021-11-06
922,اراد35,مرابحه عام دولت3-ش.خ 0103,1,1000,976000000,971200,976000,976000,4800,0.49,976000,4800,0.49,976000,976000,1400-8-15,2021-11-06
923,سنفت010,سلف موازي استاندارد سنفت010,1,100,169252800,1667000,1692528,1692528,25528,1.53,1692528,25528,1.53,1692528,1692528,1400-8-15,2021-11-06
924,ضبدر8079,اختيارخ شبندر-6011-1400/08/30,1,2,9358632,555,999,999,444,80,999,444,80,999,999,1400-8-15,2021-11-06
925,زاگرس2,پتروشيمي زاگرس,1,3562522,999999925400,270595,280700,280700,10105,3.73,280700,10105,3.73,280700,280700,1400-8-15,2021-11-06
926,ضپيك1031,اختيارخ تاپيكو-14000-00/10/15,1,3,6300000,1800,2100,2100,300,16.67,2100,300,16.67,2100,2100,1400-8-15,2021-11-06
927,اخزا918,اسنادخزانه-م18بودجه99-010323,1,436,384552000,879000,882000,882000,3000,0.34,882000,3000,0.34,882000,882000,1400-8-15,2021-11-06
928,صفارس412,صكوك اجاره خليج فارس- 3ماهه16%,1,500,500000000,1000000,1000000,1000000,0,0,1000000,0,0,1000000,1000000,1400-8-15,2021-11-06
929,حريل02,اجاره ريل پردازسير021212,1,434,427056000,1000000,984000,984000,-16000,-1.6,984000,-16000,-1.6,984000,984000,1400-8-15,2021-11-06
930,اراد76,مرابحه عام دولت76-ش.خ030406,1,3500,3405500000,988500,973000,973000,-15500,-1.57,973000,-15500,-1.57,973000,973000,1400-8-15,2021-11-06
931,فجر2,فولاد اميركبيركاشان,1,20000000,525000000000,25000,26250,26250,1250,5,26250,1250,5,26250,26250,1400-8-15,2021-11-06
932,اشاد10,مشاركت دولتي10-شرايط خاص001226,1,300,291300000,956016,971000,971000,14984,1.57,971000,14984,1.57,971000,971000,1400-8-15,2021-11-06
