,نماد,نام,تعداد,حجم,ارزش,دیروز,اولین,آخرین معامله - مقدار,آخرین معامله - تغییر,آخرین معامله - درصد,قیمت پایانی - مقدار,قیمت پایانی - تغییر,قیمت پایانی - درصد,کمترین,بیشترین,تاریخ,gregorian_date
0,پالايش,صندوق پالايشي يكم-سهام,16291,16177865,1134388422760,71580,70820,69980,-1600,-2.24,70120,-1460,-2.04,69670,71090,1400-10-19,2022-01-09
1,خودرو,ايران‌ خودرو,13904,546084675,1055318760881,1921,1942,1920,-1,-0.05,1933,12,0.62,1882,1977,1400-10-19,2022-01-09
2,دارا يكم,صندوق واسطه گري مالي يكم-سهام,11008,8011881,878227445570,111820,111090,109110,-2710,-2.42,109620,-2200,-1.97,108510,111400,1400-10-19,2022-01-09
3,شتران,پالايش نفت تهران,8351,118240164,448553950588,3977,3928,3782,-195,-4.9,3794,-183,-4.6,3779,3959,1400-10-19,2022-01-09
4,فملي,ملي‌ صنايع‌ مس‌ ايران‌,8295,130159931,924844502840,7240,7220,7150,-90,-1.24,7110,-130,-1.8,6960,7220,1400-10-19,2022-01-09
5,خساپا,سايپا,8231,296476063,493585915600,1679,1678,1650,-29,-1.73,1665,-14,-0.83,1622,1710,1400-10-19,2022-01-09
6,كمند,صندوق س. با درآمد ثابت كمند,7606,300697892,3013767459941,10017,10023,10023,6,0.06,10023,6,0.06,10022,10024,1400-10-19,2022-01-09
7,فولاد,فولاد مباركه اصفهان,7467,60495870,608531465420,10360,10230,10070,-290,-2.8,10060,-300,-2.9,9970,10300,1400-10-19,2022-01-09
8,شبندر,پالايش نفت بندرعباس,7072,92722524,582547692850,6560,6510,6300,-260,-3.96,6280,-280,-4.27,6240,6520,1400-10-19,2022-01-09
9,فرابورس,فرابورس ايران,6430,28254376,446157543320,16550,16200,15730,-820,-4.95,15790,-760,-4.59,15730,16450,1400-10-19,2022-01-09
10,شپنا,پالايش نفت اصفهان,6046,66534072,391256257990,6110,6090,5950,-160,-2.62,5880,-230,-3.76,5810,6100,1400-10-19,2022-01-09
11,بركت,گروه دارويي بركت,5828,19527985,317024523110,16940,16500,16100,-840,-4.96,16230,-710,-4.19,16100,16880,1400-10-19,2022-01-09
12,تپكو,توليدتجهيزات‌سنگين‌هپكو,5761,125062140,318533604631,2558,2598,2500,-58,-2.27,2547,-11,-0.43,2482,2634,1400-10-19,2022-01-09
13,خگستر,گسترش‌سرمايه‌گذاري‌ايران‌خودرو,5132,136884367,321033433956,2336,2343,2330,-6,-0.26,2345,9,0.39,2280,2400,1400-10-19,2022-01-09
14,توسن,توسعه سامانه ي نرم افزاري نگين,5007,9549546,211397975100,21200,22100,22250,1050,4.95,22150,950,4.48,21600,22250,1400-10-19,2022-01-09
15,نوري,پتروشيمي نوري,4685,2890242,294099170040,106220,105200,102080,-4140,-3.9,101760,-4460,-4.2,100910,105200,1400-10-19,2022-01-09
16,پترول,گ.س.وت.ص.پتروشيمي خليج فارس,4623,100293861,219557243906,2281,2295,2196,-85,-3.73,2189,-92,-4.03,2167,2295,1400-10-19,2022-01-09
17,كالا,بورس كالاي ايران,4349,13955306,361296174440,27170,26400,25820,-1350,-4.97,25890,-1280,-4.71,25820,26940,1400-10-19,2022-01-09
18,وبصادر,بانك صادرات ايران,4325,161566964,314839484888,1948,1966,1941,-7,-0.36,1949,1,0.05,1916,1982,1400-10-19,2022-01-09
19,بورس,بورس اوراق بهادار تهران,3873,29547915,287115459310,10210,10000,9700,-510,-5,9720,-490,-4.8,9700,10070,1400-10-19,2022-01-09
20,ذوب,ذوب آهن اصفهان,3605,63435343,210114571944,3468,3430,3295,-173,-4.99,3312,-156,-4.5,3295,3432,1400-10-19,2022-01-09
21,ختوقا,قطعات‌ اتومبيل‌ ايران‌,3604,95135908,259005318479,2615,2628,2745,130,4.97,2722,107,4.09,2626,2745,1400-10-19,2022-01-09
22,خپارس,پارس‌ خودرو,3582,147497165,156465808051,1080,1070,1048,-32,-2.96,1061,-19,-1.76,1036,1100,1400-10-19,2022-01-09
23,فسبزوار,پارس فولاد سبزوار,3478,3673262,125435348880,34270,34270,34220,-50,-0.15,34150,-120,-0.35,33650,34310,1400-10-19,2022-01-09
24,امين,تامين سرمايه امين,3455,21891361,227235561010,10380,10070,10380,0,0,10380,0,0,10070,10600,1400-10-19,2022-01-09
25,فجهان,مجتمع جهان فولاد سيرجان,3424,25716292,141364457720,5500,5450,5500,0,0,5500,0,0,5400,5510,1400-10-19,2022-01-09
26,تسه0009,امتيازتسهيلات مسكن آذر 1400,3389,89967,99219566148,1050328,1102844,1102844,52516,5,1102844,52516,5,1102844,1102844,1400-10-19,2022-01-09
27,وسين,بيمه سينا,3361,3237589,10221031928,3075,3167,3167,92,2.99,3154,79,2.57,3105,3167,1400-10-19,2022-01-09
28,انرژي3,سايراشخاص بورس انرژي,3303,2613829,203592438320,81800,79000,77710,-4090,-5,77890,-3910,-4.78,77710,79850,1400-10-19,2022-01-09
29,وبملت,بانك ملت,3246,74772905,234602691993,3185,3189,3150,-35,-1.1,3138,-47,-1.48,3087,3220,1400-10-19,2022-01-09
30,وتجارت,بانك تجارت,3133,93000446,177037763873,1921,1910,1895,-26,-1.35,1904,-17,-0.88,1855,1948,1400-10-19,2022-01-09
31,زقيام,كشت و دام قيام اصفهان,3028,110873377,148767555277,1324,1390,1305,-19,-1.44,1342,18,1.36,1275,1390,1400-10-19,2022-01-09
32,وسپهر,سرمايه گذاري مالي سپهرصادرات,2951,9485507,66976269290,7060,7060,7060,0,0,7060,0,0,7060,7070,1400-10-19,2022-01-09
33,خبهمن,گروه‌بهمن‌,2783,75026653,147707082613,1990,1990,1969,-21,-1.06,1969,-21,-1.06,1920,2028,1400-10-19,2022-01-09
34,آريا,پليمر آريا ساسول,2734,895831,94347087450,109100,108650,104700,-4400,-4.03,105400,-3700,-3.39,104400,109000,1400-10-19,2022-01-09
35,كاما,باما,2694,30461930,189384198720,6520,6390,6220,-300,-4.6,6220,-300,-4.6,6200,6410,1400-10-19,2022-01-09
36,وخارزم,سرمايه گذاري خوارزمي,2660,34064526,139749882781,4256,4180,4097,-159,-3.74,4103,-153,-3.59,4045,4247,1400-10-19,2022-01-09
37,وغدير,سرمايه‌گذاري‌غدير(هلدينگ‌,2632,25126161,347589141810,14450,14350,13830,-620,-4.29,13830,-620,-4.29,13730,14350,1400-10-19,2022-01-09
38,غزر,صنعتي زر ماكارون,2609,5710218,50461673900,9190,9070,8850,-340,-3.7,8840,-350,-3.81,8740,9450,1400-10-19,2022-01-09
39,كيان,صندوق س. با درآمد ثابت كيان,2549,20119702,653886251733,32481,32500,32500,19,0.06,32500,19,0.06,32499,32502,1400-10-19,2022-01-09
40,شپلي,پلي اكريل ايران,2530,34631688,226218060590,6380,6570,6570,190,2.98,6530,150,2.35,6190,6570,1400-10-19,2022-01-09
41,وسديد,گروه ‌صنعتي‌سديد,2530,49385914,50303536786,1047,1036,1019,-28,-2.67,1019,-28,-2.67,1016,1041,1400-10-19,2022-01-09
42,خنصير,مهندسي‌نصيرماشين‌,2520,10025345,190262045590,18620,19240,19190,570,3.06,18980,360,1.93,18200,19500,1400-10-19,2022-01-09
43,زاگرس,پتروشيمي زاگرس,2492,1167488,227479991950,204650,200150,194450,-10200,-4.98,194850,-9800,-4.79,194450,204000,1400-10-19,2022-01-09
44,تاپكيش,تجارت الكترونيك پارسيان كيش,2353,12460250,231991654880,18540,18900,18680,140,0.76,18620,80,0.43,17620,19450,1400-10-19,2022-01-09
45,كيمياتك,آريان كيميا تك,2350,2480150,58610287510,23950,24000,23490,-460,-1.92,23630,-320,-1.34,23200,24120,1400-10-19,2022-01-09
46,حكشتي,كشتيراني جمهوري اسلامي ايران,2336,10876946,153128458630,13920,13700,14000,80,0.57,14080,160,1.15,13670,14450,1400-10-19,2022-01-09
47,شگويا,پتروشيمي تندگويان,2322,8500558,90361031300,11050,11050,10550,-500,-4.52,10680,-370,-3.35,10510,11050,1400-10-19,2022-01-09
48,ثبهساز,بهساز كاشانه تهران,2305,24121744,37820928772,1536,1611,1547,11,0.72,1568,32,2.08,1520,1611,1400-10-19,2022-01-09
49,مديريت,س. و خدمات مديريت صند. ب كشوري,2286,3871093,34458240510,9050,8940,8970,-80,-0.88,8900,-150,-1.66,8740,9090,1400-10-19,2022-01-09
50,لپارس,پارس‌ الكتريك‌,2237,1237497,127076197260,106840,105500,101500,-5340,-5,102690,-4150,-3.88,101500,108500,1400-10-19,2022-01-09
51,غكورش,صنعت غذايي كورش,2206,4217136,190378468050,47200,46620,45670,-1530,-3.24,45140,-2060,-4.36,44840,47000,1400-10-19,2022-01-09
52,شسينا,صنايع‌شيميايي‌سينا,2186,73383738,179270359703,2570,2442,2442,-128,-4.98,2443,-127,-4.94,2442,2474,1400-10-19,2022-01-09
53,كدما,معدني‌ دماوند,2145,2184598,142596317810,68440,66800,65020,-3420,-5,65270,-3170,-4.63,65020,68000,1400-10-19,2022-01-09
54,شفنح,ح . پتروشيمي فناوران,2143,16343785,131335792860,8440,8300,7950,-490,-5.81,8040,-400,-4.74,7950,8400,1400-10-19,2022-01-09
55,طلا,صندوق س.پشتوانه طلاي لوتوس,2119,2902630,243109135825,86503,85333,83631,-2872,-3.32,83755,-2748,-3.18,83000,85333,1400-10-19,2022-01-09
56,خاور,ايران خودرو ديزل,2103,162215934,203585524385,1285,1260,1247,-38,-2.96,1255,-30,-2.33,1247,1269,1400-10-19,2022-01-09
57,شپديس,پتروشيمي پرديس,2064,1296273,213119346420,170390,167710,162970,-7420,-4.35,164410,-5980,-3.51,162800,169900,1400-10-19,2022-01-09
58,چخزر,صنايع چوب خزر كاسپين,2062,2850610,102626480550,37573,35700,37400,-173,-0.46,36000,-1573,-4.19,35700,37850,1400-10-19,2022-01-09
59,صبا,سرمايه گذاري صبا تامين,2032,24006074,145054378220,6070,6120,6000,-70,-1.15,6040,-30,-0.49,5930,6150,1400-10-19,2022-01-09
60,قرن,پديده شيمي قرن,2028,4959801,116736235180,22670,21900,23800,1130,4.98,23540,870,3.84,21700,23800,1400-10-19,2022-01-09
61,سپيد,سپيد ماكيان,2023,2309380,132673915820,58970,58700,58000,-970,-1.64,57450,-1520,-2.58,56500,58800,1400-10-19,2022-01-09
62,شاراك,پتروشيمي شازند,2017,5472386,224648635520,43100,42050,41200,-1900,-4.41,41050,-2050,-4.76,40950,42980,1400-10-19,2022-01-09
63,گدنا,تهيه توزيع غذاي دنا آفرين فدك,1983,3095462,38488944010,13040,12800,12390,-650,-4.98,12430,-610,-4.68,12390,12800,1400-10-19,2022-01-09
64,افران,صندوق س افرا نماد پايدار-ثابت,1959,56381621,857164053674,15194,15203,15203,9,0.06,15203,9,0.06,15202,15204,1400-10-19,2022-01-09
65,خزاميا,زامياد,1949,15306112,126574153650,8310,8380,8170,-140,-1.68,8270,-40,-0.48,8020,8560,1400-10-19,2022-01-09
66,فاذر,صنايع‌ آذرآب‌,1929,72183845,61328969809,888,871,844,-44,-4.95,850,-38,-4.28,844,880,1400-10-19,2022-01-09
67,ثشاهد,سرمايه‌ گذاري‌ شاهد,1902,13166004,119253810130,9500,9340,9040,-460,-4.84,9060,-440,-4.63,9030,9510,1400-10-19,2022-01-09
68,لطيف,محصولات كاغذي لطيف,1886,2695926,105796103300,40500,40700,38500,-2000,-4.94,39250,-1250,-3.09,38500,41500,1400-10-19,2022-01-09
69,فارس,صنايع پتروشيمي خليج فارس,1875,14501302,149047700120,10690,10700,10170,-520,-4.86,10280,-410,-3.84,10160,10750,1400-10-19,2022-01-09
70,بوعلي,پتروشيمي بوعلي سينا,1874,1364328,97599204850,74280,73070,71850,-2430,-3.27,71540,-2740,-3.69,71000,73090,1400-10-19,2022-01-09
71,هاي وب,داده گسترعصرنوين-هاي وب,1852,13812944,107428842670,8080,8060,7800,-280,-3.47,7780,-300,-3.71,7680,8140,1400-10-19,2022-01-09
72,شفن,پتروشيمي فناوران,1847,5078710,62102128500,12760,12500,12160,-600,-4.7,12470,-290,-2.27,12130,12520,1400-10-19,2022-01-09
73,آپ,آسان پرداخت پرشين,1820,9383462,79926500760,8500,8690,8400,-100,-1.18,8520,20,0.24,8250,8800,1400-10-19,2022-01-09
74,ضخود2019,اختيارخ خودرو-2500-1401/02/07,1757,59871,9548280000,176,179,153,-23,-13.07,159,-17,-9.66,148,183,1400-10-19,2022-01-09
75,شاروم,پتروشيمي اروميه,1740,2189080,27857095460,13340,13170,12700,-640,-4.8,12730,-610,-4.57,12680,13190,1400-10-19,2022-01-09
76,وساغربي,شركت س استان آذربايجان غربي,1715,102523624,43113134107,434,430,419,-15,-3.46,421,-13,-3,413,430,1400-10-19,2022-01-09
77,قتربت,قند تربت حيدريه,1711,244731,13991866850,55550,57150,57200,1650,2.97,57150,1600,2.88,56100,57200,1400-10-19,2022-01-09
78,اعتماد,صندوق س.اعتماد آفرين پارسيان-د,1693,20543760,846546729480,41183,41208,41208,25,0.06,41207,24,0.06,41206,41208,1400-10-19,2022-01-09
79,شصدف,صنعتي دوده فام,1671,3474725,119038659700,35900,35000,34250,-1650,-4.6,34250,-1650,-4.6,34150,35500,1400-10-19,2022-01-09
80,حآفرين,ريل پرداز نو آفرين,1669,19678504,76771390992,4053,4090,3851,-202,-4.98,3901,-152,-3.75,3851,4188,1400-10-19,2022-01-09
81,امين يكم,صندوق درآمد ثابت امين يكم فردا,1640,36662304,369845982990,10084,10088,10088,4,0.04,10088,4,0.04,10086,10091,1400-10-19,2022-01-09
82,ومدير,گ.مديريت ارزش سرمايه ص ب كشوري,1609,12381572,53497087232,4492,4401,4359,-133,-2.96,4321,-171,-3.81,4268,4451,1400-10-19,2022-01-09
83,بگيلان,توسعه مسير برق گيلان,1596,715072,9740776460,13400,13270,13700,300,2.24,13490,90,0.67,13270,13770,1400-10-19,2022-01-09
84,سپيدار,سپيدار سيستم آسيا,1575,326191,6640957900,21300,20800,20450,-850,-3.99,20850,-450,-2.11,20250,21100,1400-10-19,2022-01-09
85,سيتا,سرمايه گذاري سيمان تامين,1552,4685094,41605360730,9130,8930,8980,-150,-1.64,8880,-250,-2.74,8740,9300,1400-10-19,2022-01-09
86,فاراك,ماشين‌ سازي‌ اراك‌,1513,42862508,59729510307,1437,1416,1379,-58,-4.04,1394,-43,-2.99,1376,1438,1400-10-19,2022-01-09
87,وهامون,سرمايه گذاري هامون صبا,1457,3706949,9867133807,2705,2680,2670,-35,-1.29,2676,-29,-1.07,2639,2720,1400-10-19,2022-01-09
88,حفارس,حمل و نقل بين المللي خليج فارس,1445,29808671,142882300087,4894,4700,4935,41,0.84,4793,-101,-2.06,4590,4935,1400-10-19,2022-01-09
89,بپيوند,برق و انرژي پيوندگستر پارس,1445,908868,8259740750,9300,9300,9130,-170,-1.83,9180,-120,-1.29,8900,9300,1400-10-19,2022-01-09
90,فخوز,فولاد  خوزستان,1437,14350637,87400606890,6350,6210,6130,-220,-3.46,6150,-200,-3.15,6050,6280,1400-10-19,2022-01-09
91,وسكرد,شركت س استان كردستان,1431,81566166,34453514373,432,430,420,-12,-2.78,422,-10,-2.31,418,430,1400-10-19,2022-01-09
92,خصدرا,صنعتي‌ دريايي‌ ايران‌,1426,27398505,55669178639,2045,2000,1998,-47,-2.3,2032,-13,-0.64,1984,2105,1400-10-19,2022-01-09
93,پارند,صندوق س. پارند پايدار سپهر,1378,45728669,458283134805,10016,10022,10021,5,0.05,10022,6,0.06,10021,10022,1400-10-19,2022-01-09
94,زنگان,صنعت روي زنگان,1376,1769293,108764988600,58800,59700,61700,2900,4.93,61450,2650,4.51,59700,61700,1400-10-19,2022-01-09
95,ولپارس,ليزينگ پارسيان,1376,3156661,8976303274,2858,2820,2877,19,0.66,2849,-9,-0.31,2750,2929,1400-10-19,2022-01-09
96,سرو,صندوق س سروسودمند مدبران-سهام,1356,1226707,82601709780,69490,68970,66920,-2570,-3.7,67340,-2150,-3.09,66650,68970,1400-10-19,2022-01-09
97,گشان,توسعه بين المللي پديده شانديز,1354,4396569,78101334410,18260,17930,18070,-190,-1.04,17760,-500,-2.74,17720,18160,1400-10-19,2022-01-09
98,سحرخيز,صندوق س. گروه زعفران سحرخيز,1342,2923184,54837722784,19595,19200,18556,-1039,-5.3,18760,-835,-4.26,18500,19349,1400-10-19,2022-01-09
99,خزر,فنرسازي‌زر,1340,6733958,64698394130,9950,9880,9460,-490,-4.92,9610,-340,-3.42,9460,10120,1400-10-19,2022-01-09
100,حتايد,تايدواترخاورميانه,1339,17407559,88090036851,4866,4940,5109,243,4.99,5060,194,3.99,4833,5109,1400-10-19,2022-01-09
101,شيران,س. صنايع‌شيميايي‌ايران,1328,8585986,166378879950,20350,20100,19340,-1010,-4.96,19380,-970,-4.77,19340,20100,1400-10-19,2022-01-09
102,وگردش,بانك گردشگري,1322,40558051,412885702140,10170,10250,10280,110,1.08,10180,10,0.1,10110,10280,1400-10-19,2022-01-09
103,رافزا,رايان هم افزا,1320,189431,10782608850,56950,56100,56850,-100,-0.18,56950,0,0,55400,58600,1400-10-19,2022-01-09
104,كارا,صندوق س. كارا -د,1314,59987210,632144665842,10531,10538,10538,7,0.07,10538,7,0.07,10537,10538,1400-10-19,2022-01-09
105,خريخت,صنايع‌ريخته‌گري‌ايران‌,1295,25717083,70467500382,2650,2700,2782,132,4.98,2740,90,3.4,2650,2782,1400-10-19,2022-01-09
106,ثاميد,توسعه و عمران اميد,1289,6707985,9219032199,1404,1388,1380,-24,-1.71,1390,-14,-1,1351,1405,1400-10-19,2022-01-09
107,ورازي,بيمه رازي,1281,43537983,52030651671,1250,1201,1207,-43,-3.44,1195,-55,-4.4,1188,1240,1400-10-19,2022-01-09
108,كزغال,زغال سنگ پروده طبس,1273,1594725,47083477900,30200,30050,29800,-400,-1.32,29500,-700,-2.32,29000,30050,1400-10-19,2022-01-09
109,خريختح,ح . صنايع‌ريخته‌گري‌ايران‌,1263,19007272,27326992616,1468,1411,1475,7,0.48,1438,-30,-2.04,1340,1530,1400-10-19,2022-01-09
110,وملي,گروه‌ صنعتي‌ ملي‌ (هلدينگ‌,1243,526290,72081819560,143720,140000,136540,-7180,-5,136960,-6760,-4.7,136540,142000,1400-10-19,2022-01-09
111,وكبهمن,مديريت سرمايه گذاري كوثربهمن,1212,247377,2301074370,9550,9560,9380,-170,-1.78,9510,-40,-0.42,9110,9560,1400-10-19,2022-01-09
112,شاوان,پالايش نفت لاوان,1206,1891012,233954262700,129800,128500,123750,-6050,-4.66,123700,-6100,-4.7,123350,128800,1400-10-19,2022-01-09
113,خكار,ايركا پارت صنعت,1201,14805099,46997576401,3146,3209,3172,26,0.83,3174,28,0.89,3061,3289,1400-10-19,2022-01-09
114,ولساپا,ليزينگ رايان‌ سايپا,1198,67141190,93192108324,1455,1431,1383,-72,-4.95,1388,-67,-4.6,1383,1446,1400-10-19,2022-01-09
115,كاوه,فولاد كاوه جنوب كيش,1193,7958705,104533078600,13750,13350,13170,-580,-4.22,13130,-620,-4.51,13070,13650,1400-10-19,2022-01-09
116,غبهار,كشت وصنعت بهاران گلبهار خراسان,1175,4269250,82296765790,18970,19530,19140,170,0.9,19280,310,1.63,18700,19530,1400-10-19,2022-01-09
117,غگيلا,شيرپاستوريزه پگاه گيلان,1172,1105041,16806141050,15590,15240,15260,-330,-2.12,15210,-380,-2.44,14900,15650,1400-10-19,2022-01-09
118,فروي,ذوب روي اصفهان,1144,3406281,60660685200,17530,16700,18400,870,4.96,17810,280,1.6,16660,18400,1400-10-19,2022-01-09
119,ونيرو,سرمايه‌گذاري‌نيرو,1126,24398273,57374123438,2391,2464,2280,-111,-4.64,2352,-39,-1.63,2272,2469,1400-10-19,2022-01-09
120,ملت,بيمه ملت,1080,76492076,92262143439,1205,1200,1208,3,0.25,1206,1,0.08,1161,1220,1400-10-19,2022-01-09
121,آگاس,صندوق س.هستي بخش آگاه-س,1074,1082940,81184091881,76895,76250,74700,-2195,-2.85,74966,-1929,-2.51,74503,76395,1400-10-19,2022-01-09
122,ولكار,ليزينگ كارآفرين,1070,590685,2364579077,4024,3971,4033,9,0.22,4021,-3,-0.07,3910,4070,1400-10-19,2022-01-09
123,وپارس,بانك‌پارسيان‌,1065,23196357,42297030239,1888,1851,1816,-72,-3.81,1864,-24,-1.27,1808,1898,1400-10-19,2022-01-09
124,چكاپا,گروه صنايع كاغذ پارس,1053,16957670,48055658563,2966,2961,2824,-142,-4.79,2834,-132,-4.45,2818,2961,1400-10-19,2022-01-09
125,فسرب,ملي‌ سرب‌وروي‌ ايران‌,1034,32003251,57457254869,1887,1887,1793,-94,-4.98,1795,-92,-4.88,1793,1887,1400-10-19,2022-01-09
126,فگستر,گسترش صنايع روي ايرانيان,1026,1521831,15663127300,10750,10900,10220,-530,-4.93,10290,-460,-4.28,10220,10900,1400-10-19,2022-01-09
127,بترانس,ايران‌ ترانسفو,1015,19813873,37745405784,1967,1960,1890,-77,-3.91,1905,-62,-3.15,1870,1998,1400-10-19,2022-01-09
128,شبريز,پالايش نفت تبريز,1012,2827118,91778600840,33230,32800,32570,-660,-1.99,32510,-720,-2.17,32100,33080,1400-10-19,2022-01-09
129,ختور,رادياتور ايران‌,1000,3834870,47113836180,12450,12750,12250,-200,-1.61,12290,-160,-1.29,11830,12750,1400-10-19,2022-01-09
130,شبصير,توليدات پتروشيمي قائد بصير,987,881065,90743072250,108050,108700,103450,-4600,-4.26,103000,-5050,-4.67,102650,108700,1400-10-19,2022-01-09
131,پارس,پتروشيمي پارس,978,580299,98894771130,178090,178170,169190,-8900,-5,170420,-7670,-4.31,169190,178170,1400-10-19,2022-01-09
132,فجر,فولاد اميركبيركاشان,975,2973242,65401297790,23090,22700,21950,-1140,-4.94,22000,-1090,-4.72,21940,22700,1400-10-19,2022-01-09
133,غنوش,نوش‌ مازندران‌,974,4223722,51674916240,12840,12370,12200,-640,-4.98,12230,-610,-4.75,12200,12690,1400-10-19,2022-01-09
134,پارسان,گسترش نفت و گاز پارسيان,972,7320398,232490963390,33350,32320,31850,-1500,-4.5,31760,-1590,-4.77,31690,32970,1400-10-19,2022-01-09
135,غدام,خوراك‌  دام‌ پارس‌,963,496121,42584364860,89620,86800,87100,-2520,-2.81,85830,-3790,-4.23,85140,89290,1400-10-19,2022-01-09
136,تملت,تامين سرمايه بانك ملت,954,5893044,14642421784,2435,2435,2500,65,2.67,2481,46,1.89,2376,2534,1400-10-19,2022-01-09
137,سكه0012پ01,تمام سكه طرح جديد0012رفاه,950,238700,284091328700,1229237,1211000,1182633,-46604,-3.79,1190161,-39076,-3.18,1179973,1211010,1400-10-19,2022-01-09
138,شغدير,پتروشيمي غدير,935,923696,78111188890,88540,89750,84120,-4420,-4.99,84560,-3980,-4.5,84120,89750,1400-10-19,2022-01-09
139,سمگا,گروه سرمايه گذاري ميراث فرهنگي,930,7831676,74874109920,9960,9770,9470,-490,-4.92,9560,-400,-4.02,9470,9980,1400-10-19,2022-01-09
140,اخابر,مخابرات ايران,925,16317769,113044754300,7270,7190,6910,-360,-4.95,6930,-340,-4.68,6910,7190,1400-10-19,2022-01-09
141,فتوسا,توليد و توسعه سرب روي ايرانيان,923,495310,5303007250,11110,10970,10710,-400,-3.6,10960,-150,-1.35,10560,11160,1400-10-19,2022-01-09
142,خمهرح,ح . مهركام‌پارس‌,919,19912394,11622642660,596,584,583,-13,-2.18,584,-12,-2.01,558,605,1400-10-19,2022-01-09
143,فسپا,گروه‌صنعتي‌سپاهان‌,912,5042777,80412163510,16720,16250,16060,-660,-3.95,15950,-770,-4.61,15890,16710,1400-10-19,2022-01-09
144,پيزد,مجتمع صنايع لاستيك يزد,908,231671,11655525900,51850,51650,49900,-1950,-3.76,50600,-1250,-2.41,49700,52000,1400-10-19,2022-01-09
145,غگل,گلوكوزان‌,907,8167578,25031407440,3120,3151,3040,-80,-2.56,3065,-55,-1.76,3002,3151,1400-10-19,2022-01-09
146,تسه0008,امتيازتسهيلات مسكن آبان1400,892,11277,12528096530,1058152,1111059,1111059,52907,5,1110942,52790,4.99,1097555,1111059,1400-10-19,2022-01-09
147,كرازي,كارخانجات‌توليدي‌شيشه‌رازي‌,886,34006780,40724079202,1250,1235,1190,-60,-4.8,1198,-52,-4.16,1188,1245,1400-10-19,2022-01-09
148,اپال,فرآوري معدني اپال كاني پارس,886,1904566,44835966010,23570,23570,23450,-120,-0.51,23560,-10,-0.04,23300,24000,1400-10-19,2022-01-09
149,غچين,كشت‌ و صنعت‌ چين‌ چين,881,3528926,40173562080,11850,12200,11260,-590,-4.98,11380,-470,-3.97,11260,12200,1400-10-19,2022-01-09
150,رتاپ,تجارت الكترونيك  پارسيان,879,3088668,15562622950,5250,5200,5090,-160,-3.05,5040,-210,-4,4990,5280,1400-10-19,2022-01-09
151,خودكفا,اقتصادي و خودكفايي آزادگان,877,17052558,111862750480,6370,6560,6560,190,2.98,6560,190,2.98,6550,6560,1400-10-19,2022-01-09
152,وهنر,گروه توسعه هنر ايران,866,15981609,39476789422,2414,2445,2483,69,2.86,2470,56,2.32,2375,2486,1400-10-19,2022-01-09
153,زدشت,كشت و صنعت دشت خرم دره,862,3739593,48114715800,13170,13540,12520,-650,-4.94,12870,-300,-2.28,12520,13550,1400-10-19,2022-01-09
154,فباهنر,مس‌ شهيدباهنر,859,2759142,71780735390,27330,26760,25970,-1360,-4.98,26020,-1310,-4.79,25970,27000,1400-10-19,2022-01-09
155,كيسون,شركت كيسون,845,28343990,44835108036,1625,1577,1589,-36,-2.22,1582,-43,-2.65,1577,1619,1400-10-19,2022-01-09
156,ثاخت,بين‌المللي‌توسعه‌ساختمان,844,21006096,38446103476,1910,1890,1817,-93,-4.87,1830,-80,-4.19,1815,1900,1400-10-19,2022-01-09
157,ثنام,س ساختماني ب نام آوران مهندسي,836,5177699,44715972190,8880,8620,8620,-260,-2.93,8640,-240,-2.7,8620,8880,1400-10-19,2022-01-09
158,غصينو,صنعتي مينو,830,2846861,41745567180,15320,14800,14560,-760,-4.96,14850,-470,-3.07,14560,15240,1400-10-19,2022-01-09
159,تملتح,ح . تامين سرمايه بانك ملت,828,3539578,4019048118,1148,1150,1120,-28,-2.44,1135,-13,-1.13,1116,1155,1400-10-19,2022-01-09
160,كوير,توليدي فولاد سپيد فراب كوير,826,10152519,51047876290,5240,5030,5000,-240,-4.58,5030,-210,-4.01,4980,5180,1400-10-19,2022-01-09
161,قجام,فرآوردههاي غذايي وقندتربت‌جام‌,825,10241060,56039169840,5470,5570,5370,-100,-1.83,5470,0,0,5370,5570,1400-10-19,2022-01-09
162,تاپيكو,س. نفت و گاز و پتروشيمي تأمين,820,6256971,88471647950,14450,14190,14100,-350,-2.42,14220,-230,-1.59,13990,14590,1400-10-19,2022-01-09
163,كماسه,تامين‌ ماسه‌ ريخته‌گري‌,812,10680820,32892187185,3222,3160,3061,-161,-5,3080,-142,-4.41,3061,3200,1400-10-19,2022-01-09
164,حسير,ريل سير كوثر,810,3565740,55261467040,16240,15600,15430,-810,-4.99,15500,-740,-4.56,15430,15980,1400-10-19,2022-01-09
165,زكوثر,سرمايه گذاري كشاورزي كوثر,810,2436543,31964524550,13750,13490,13070,-680,-4.95,13120,-630,-4.58,13070,13650,1400-10-19,2022-01-09
166,ونوين,بانك‌اقتصادنوين‌,809,13139316,45711460400,3517,3542,3450,-67,-1.91,3479,-38,-1.08,3381,3620,1400-10-19,2022-01-09
167,خكاوه,سايپا ديزل,799,26632821,103179769082,3766,3878,3878,112,2.97,3874,108,2.87,3780,3878,1400-10-19,2022-01-09
168,سفارس,سيمان فارس و خوزستان,794,5948142,92626154780,15970,15900,15510,-460,-2.88,15570,-400,-2.5,15250,16050,1400-10-19,2022-01-09
169,وپويا,سرمايه گذاري پويا,788,1631076,5349448208,3353,3302,3300,-53,-1.58,3326,-27,-0.81,3244,3397,1400-10-19,2022-01-09
170,خمهر,مهركام‌پارس‌,787,21227230,37743956887,1749,1779,1780,31,1.77,1778,29,1.66,1681,1835,1400-10-19,2022-01-09
171,فنورد,نوردوقطعات‌ فولادي‌,777,203708,32896897180,159860,166400,162040,2180,1.36,161490,1630,1.02,155000,166400,1400-10-19,2022-01-09
172,ودي,بيمه  دي,775,5906621,23803283343,4045,4045,3969,-76,-1.88,4030,-15,-0.37,3916,4180,1400-10-19,2022-01-09
173,سخاش,سيمان‌خاش‌,757,357255,28190163740,82580,80550,79230,-3350,-4.06,78910,-3670,-4.44,78460,82490,1400-10-19,2022-01-09
174,گكوثر,هتل پارسيان كوثر اصفهان,755,21844061,30309894651,1449,1403,1378,-71,-4.9,1388,-61,-4.21,1377,1444,1400-10-19,2022-01-09
175,شسپا,نفت سپاهان,754,9895468,32213629206,3348,3340,3250,-98,-2.93,3307,-41,-1.22,3214,3340,1400-10-19,2022-01-09
176,زملارد,كشاورزي و دامپروري ملارد شير,748,1717752,13835205310,8470,8050,8050,-420,-4.96,8050,-420,-4.96,8050,8160,1400-10-19,2022-01-09
177,خمحركه,نيرو محركه‌,731,7717426,25527335177,3387,3370,3263,-124,-3.66,3308,-79,-2.33,3226,3430,1400-10-19,2022-01-09
178,همراه,شركت ارتباطات سيار ايران,729,5568818,42833796610,8000,7870,7640,-360,-4.5,7890,-110,-1.38,7640,7900,1400-10-19,2022-01-09
179,وصنعت,سرمايه گذاري توسعه صنعت وتجارت,727,10046803,64962912230,6560,6500,6500,-60,-0.91,6470,-90,-1.37,6240,6670,1400-10-19,2022-01-09
180,بجهرم,توسعه مولد نيروگاهي جهرم,721,12047444,22999981210,1990,1960,1920,-70,-3.52,1909,-81,-4.07,1891,1990,1400-10-19,2022-01-09
181,ماديرا,صنايع ماديران,719,6948797,35050640590,5280,5110,5030,-250,-4.73,5040,-240,-4.55,5020,5310,1400-10-19,2022-01-09
182,جم پيلن,پلي پروپيلن جم - جم پيلن,710,632863,74180725060,122670,120000,117390,-5280,-4.3,118350,-4320,-3.52,116540,121000,1400-10-19,2022-01-09
183,تسه0006,امتيازتسهيلات مسكن شهريور1400,704,14216,15760955010,1057041,1109893,1109893,52852,5,1108677,51636,4.88,1082522,1109893,1400-10-19,2022-01-09
184,بموتو,موتوژن‌,703,587492,44333772970,75680,74550,72600,-3080,-4.07,75460,-220,-0.29,72500,78140,1400-10-19,2022-01-09
185,وسكرمان,س.سهام عدالت استان كرمان,700,49973674,21184539572,431,427,423,-8,-1.86,426,-5,-1.16,420,431,1400-10-19,2022-01-09
186,غبشهر,صنعتي‌ بهشهر,691,13187758,44165856482,3371,3420,3400,29,0.86,3349,-22,-0.65,3250,3470,1400-10-19,2022-01-09
187,سيمرغ,سيمرغ,685,3004559,65468775190,22870,22510,22100,-770,-3.37,21790,-1080,-4.72,21730,22550,1400-10-19,2022-01-09
188,نهال,صندوق س. طلاي سرخ نوويرا,673,1702668,33206131611,20202,20269,19100,-1102,-5.45,19502,-700,-3.47,18720,20269,1400-10-19,2022-01-09
189,غشصفا,شيرپاستوريزه‌پگاه‌اصفهان‌,670,2221663,45862183300,21380,20650,20320,-1060,-4.96,20640,-740,-3.46,20320,21500,1400-10-19,2022-01-09
190,تليسه,دامداري تليسه نمونه,664,13046927,27053517435,2173,2114,2065,-108,-4.97,2074,-99,-4.56,2065,2170,1400-10-19,2022-01-09
191,كرماشا,صنايع پتروشيمي كرمانشاه,662,2226527,116649483480,54620,53840,53300,-1320,-2.42,52390,-2230,-4.08,51890,53840,1400-10-19,2022-01-09
192,ومعادن,توسعه‌معادن‌وفلزات‌,662,4479692,41599607840,9560,9120,9500,-60,-0.63,9460,-100,-1.05,9120,9500,1400-10-19,2022-01-09
193,كساوه,صنايع‌ كاشي‌ و سراميك‌ سينا,661,1812439,81052098220,44490,43280,45100,610,1.37,44720,230,0.52,43280,45870,1400-10-19,2022-01-09
194,پرديسح,ح .  سرمايه گذاري پرديس,660,16150717,19608980371,1239,1245,1200,-39,-3.15,1214,-25,-2.02,1186,1245,1400-10-19,2022-01-09
195,قثابت,قند ثابت‌ خراسان‌,660,17012396,28566163079,1759,1740,1672,-87,-4.95,1679,-80,-4.55,1672,1740,1400-10-19,2022-01-09
196,حفاري,حفاري شمال,657,7252198,29502636683,4185,4189,4038,-147,-3.51,4068,-117,-2.8,4021,4189,1400-10-19,2022-01-09
197,ورنا,سرمايه‌گذاري‌ رنا(هلدينگ‌,656,9602472,28601425659,2994,3007,2987,-7,-0.23,2979,-15,-0.5,2901,3069,1400-10-19,2022-01-09
198,فرآور,فرآوري‌موادمعدني‌ايران‌,638,1735525,44222902130,26610,26100,25410,-1200,-4.51,25480,-1130,-4.25,25280,26650,1400-10-19,2022-01-09
199,تاصيكو,سرمايه گذاري صدرتامين,638,4778477,39491447710,8630,8440,8200,-430,-4.98,8490,-140,-1.62,8200,8440,1400-10-19,2022-01-09
200,سنير,سيمان‌ سفيد ني‌ريز,628,855466,22127225980,27140,27200,25800,-1340,-4.94,25870,-1270,-4.68,25790,27200,1400-10-19,2022-01-09
201,شلعاب,لعابيران‌,622,4009909,21494894740,5600,5600,5360,-240,-4.29,5360,-240,-4.29,5320,5630,1400-10-19,2022-01-09
202,حريل,ريل پردازسير,620,10619622,24444160697,2406,2370,2303,-103,-4.28,2302,-104,-4.32,2286,2445,1400-10-19,2022-01-09
203,دماوند,توليد نيروي برق دماوند,619,1460428,26084446580,18620,18300,17870,-750,-4.03,18120,-500,-2.69,17690,18490,1400-10-19,2022-01-09
204,تايرا,تراكتورسازي‌ايران‌,615,1352069,27322807430,20570,20400,20010,-560,-2.72,20210,-360,-1.75,19550,20840,1400-10-19,2022-01-09
205,اطلس,صندوق س.توسعه اندوخته آينده-س,611,174419,41073812877,240756,241300,235000,-5756,-2.39,235489,-5267,-2.19,234100,241300,1400-10-19,2022-01-09
206,چدن,توليدي چدن سازان,604,5062700,11163497184,2303,2280,2188,-115,-4.99,2226,-77,-3.34,2188,2288,1400-10-19,2022-01-09
207,وبانك,سرمايه گذاري گروه توسعه ملي,604,5806793,46588584540,8260,8170,8030,-230,-2.78,8130,-130,-1.57,7970,8180,1400-10-19,2022-01-09
208,ثتران,سرمايه گذاري مسكن تهران,602,7229406,20198972483,2869,2850,2795,-74,-2.58,2794,-75,-2.61,2730,2920,1400-10-19,2022-01-09
209,بكهنوج,توليد برق ماهتاب كهنوج,602,24138046,25966042526,1099,1100,1054,-45,-4.09,1076,-23,-2.09,1045,1105,1400-10-19,2022-01-09
210,خرينگ,رينگ‌سازي‌مشهد,599,1335875,32552173180,25430,25730,24160,-1270,-4.99,24370,-1060,-4.17,24160,25730,1400-10-19,2022-01-09
211,ضخود2018,اختيارخ خودرو-2000-1401/02/07,598,17581,6325008000,374,400,356,-18,-4.81,360,-14,-3.74,340,400,1400-10-19,2022-01-09
212,فاسمين,كالسيمين‌,596,2853270,47134292300,17150,16840,16420,-730,-4.26,16520,-630,-3.67,16300,17000,1400-10-19,2022-01-09
213,فسازانح,ح . غلتك سازان سپاهان,591,6741975,16604704696,2714,2642,2443,-271,-9.99,2463,-251,-9.25,2443,2699,1400-10-19,2022-01-09
214,كبافق,معادن‌ بافق‌,590,1400760,36129990880,27100,27600,25750,-1350,-4.98,25790,-1310,-4.83,25750,27600,1400-10-19,2022-01-09
215,سغرب,سيمان‌غرب‌,587,2633049,39545136130,14400,14100,15120,720,5,15020,620,4.31,13810,15120,1400-10-19,2022-01-09
216,فزرين,زرين معدن آسيا,586,3701932,39173639230,11090,11290,10560,-530,-4.78,10580,-510,-4.6,10540,11290,1400-10-19,2022-01-09
217,شفارس,صنايع‌ شيميايي‌ فارس‌,586,17030839,16974176703,1003,1003,982,-21,-2.09,997,-6,-0.6,980,1019,1400-10-19,2022-01-09
218,تسه0007,امتيازتسهيلات مسكن مهر1400,586,7801,8672007316,1059561,1092718,1112539,52978,5,1111653,52092,4.92,1092718,1112539,1400-10-19,2022-01-09
219,آبادا,توليد نيروي برق آبادان,584,237697,2286555530,9990,9990,9550,-440,-4.4,9930,-60,-0.6,9500,9990,1400-10-19,2022-01-09
220,خكرمان,گروه اقتصادي كرمان خودرو,582,15728768,52064787632,3363,3379,3337,-26,-0.77,3310,-53,-1.58,3263,3388,1400-10-19,2022-01-09
221,نطرين,عطرين نخ قم,577,2560692,17709313670,6940,7230,6730,-210,-3.03,6920,-20,-0.29,6660,7230,1400-10-19,2022-01-09
222,وساپا,سرمايه‌گذاري‌ سايپا,573,8745092,36193354110,4197,4199,4150,-47,-1.12,4139,-58,-1.38,4011,4200,1400-10-19,2022-01-09
223,پتاير,ايران‌ تاير,565,10948869,19625210839,1878,1852,1790,-88,-4.69,1792,-86,-4.58,1785,1868,1400-10-19,2022-01-09
224,آسيا,بيمه آسيا,563,11362616,19804225181,1772,1800,1728,-44,-2.48,1743,-29,-1.64,1720,1800,1400-10-19,2022-01-09
225,بپاس,بيمه پاسارگاد,561,2537810,93893787400,37000,37450,37050,50,0.14,37000,0,0,36500,37450,1400-10-19,2022-01-09
226,كتوكا,توليدي و خدمات صنايع نسوز توكا,559,5216582,36868067160,7430,7150,7060,-370,-4.98,7070,-360,-4.85,7060,7270,1400-10-19,2022-01-09
227,خپويش,سازه‌ پويش‌,558,561116,36073975870,65360,63210,66130,770,1.18,64290,-1070,-1.64,62100,67100,1400-10-19,2022-01-09
228,سنيرح,ح . سيمان‌ سفيدني‌ريز,549,665332,11643332450,18620,18130,17240,-1380,-7.41,17500,-1120,-6.02,16990,18580,1400-10-19,2022-01-09
229,خفنر,فنرسازي‌خاور,542,3999883,27712779780,6990,6930,6940,-50,-0.72,6930,-60,-0.86,6700,7070,1400-10-19,2022-01-09
230,هرمز,فولاد هرمزگان جنوب,539,2411336,34892268400,15000,14600,14560,-440,-2.93,14840,-160,-1.07,14310,14710,1400-10-19,2022-01-09
231,خكمك,كمك‌فنرايندامين‌,531,1268327,27876957560,22550,22100,21970,-580,-2.57,21980,-570,-2.53,21430,22900,1400-10-19,2022-01-09
232,غپينو,پارس‌ مينو,528,9469300,19348771563,2115,2080,2016,-99,-4.68,2043,-72,-3.4,2010,2120,1400-10-19,2022-01-09
233,كفپارس,فرآورده‌هاي‌ نسوز پارس‌,525,6239499,16563934494,2759,2700,2684,-75,-2.72,2655,-104,-3.77,2623,2790,1400-10-19,2022-01-09
234,كفرآور,فرآورده هاي سيمان شرق,523,4317218,81619227100,19280,18710,19480,200,1.04,18910,-370,-1.92,18710,19670,1400-10-19,2022-01-09
235,چافست,افست‌,519,4316890,39191545660,8790,9000,9220,430,4.89,9080,290,3.3,8360,9220,1400-10-19,2022-01-09
236,شرنگي,شيميايي رنگين,518,186202,40468293550,216050,222400,221300,5250,2.43,217350,1300,0.6,216050,222400,1400-10-19,2022-01-09
237,پكرمان,گروه‌ صنعتي‌ بارز,516,1621521,29870882880,19290,18890,18330,-960,-4.98,18420,-870,-4.51,18330,19000,1400-10-19,2022-01-09
238,خموتور,موتورسازان‌تراكتورسازي‌ايران‌,516,4705368,22175940123,4932,4806,4686,-246,-4.99,4713,-219,-4.44,4686,4900,1400-10-19,2022-01-09
239,انار,صندوق س.انارنماد ارزش-درسهام,514,1169708,10502760670,9320,9150,8900,-420,-4.51,8980,-340,-3.65,8860,9160,1400-10-19,2022-01-09
240,ولغدر,ليزينگ‌خودروغدير,505,4435699,36808782480,7910,8280,8300,390,4.93,8300,390,4.93,8230,8300,1400-10-19,2022-01-09
241,دلر,داروسازي‌ اكسير,504,928463,36295990190,40890,41160,39400,-1490,-3.64,39090,-1800,-4.4,38850,41160,1400-10-19,2022-01-09
242,وپسا,س. پتروشيمي ساختمان  خليج فارس,504,12766886,19488706242,1497,1529,1530,33,2.2,1527,30,2,1471,1541,1400-10-19,2022-01-09
243,كترام,توليدي‌ كاشي‌ تكسرام‌,503,3986418,77837852390,20330,19850,19710,-620,-3.05,19530,-800,-3.94,19320,20180,1400-10-19,2022-01-09
244,شزنگ,تجهيزنيروي‌زنگان‌,495,609823,71745187400,115750,119200,112300,-3450,-2.98,117650,1900,1.64,112300,119200,1400-10-19,2022-01-09
245,رانفور,خدمات‌انفورماتيك‌,494,13460938,47511594752,3708,3611,3523,-185,-4.99,3541,-167,-4.5,3523,3645,1400-10-19,2022-01-09
246,هماي,صندوق س هماي آگاه-ثابت,492,6984709,70623816648,10098,10103,10113,15,0.15,10111,13,0.13,10103,10113,1400-10-19,2022-01-09
247,البرز,بيمه البرز,492,10283506,17335937036,1716,1711,1679,-37,-2.16,1689,-27,-1.57,1662,1721,1400-10-19,2022-01-09
248,زبينا,كشاورزي و دامپروري بينالود,491,10793065,23340817875,2265,2200,2152,-113,-4.99,2163,-102,-4.5,2152,2257,1400-10-19,2022-01-09
249,وسكرشا,س.سهام عدالت استان كرمانشاه,490,23239442,9926141228,442,434,430,-12,-2.71,432,-10,-2.26,420,439,1400-10-19,2022-01-09
250,بفجر,فجر انرژي خليج فارس,483,1192736,12726286290,11080,11090,10670,-410,-3.7,11020,-60,-0.54,10530,11090,1400-10-19,2022-01-09
251,ومهان,گروه توسعه مالي مهر آيندگان,481,19216915,84407971661,4505,4520,4439,-66,-1.47,4392,-113,-2.51,4291,4520,1400-10-19,2022-01-09
252,غسالم,سالمين‌,481,4066439,10494149942,2638,2600,2570,-68,-2.58,2597,-41,-1.55,2550,2640,1400-10-19,2022-01-09
253,ديران,ايران‌دارو,471,1173030,19751227640,17440,17250,16700,-740,-4.24,16840,-600,-3.44,16600,17800,1400-10-19,2022-01-09
254,غويتا,ويتانا,470,3088160,15028812200,5050,4920,4840,-210,-4.16,4870,-180,-3.56,4800,5090,1400-10-19,2022-01-09
255,بكاب,صنايع‌جوشكاب‌يزد,466,235393,17146511310,76380,76510,72570,-3810,-4.99,72840,-3540,-4.63,72570,77790,1400-10-19,2022-01-09
256,وتوصا,گروه س توسعه صنعتي ايران,463,4821946,46872250580,9930,9830,9900,-30,-0.3,9720,-210,-2.11,9500,9930,1400-10-19,2022-01-09
257,وهور,مديريت انرژي اميد  تابان هور,462,14347223,17342626430,1233,1200,1198,-35,-2.84,1220,-13,-1.05,1184,1240,1400-10-19,2022-01-09
258,وساخت,سرمايه‌ گذاري‌ ساختمان‌ايران‌,461,639357,20121488950,32930,32060,31290,-1640,-4.98,31470,-1460,-4.43,31290,32930,1400-10-19,2022-01-09
259,بكامح,ح.كارخانجات توليدي شهيد قندي,461,11771832,5633408660,510,500,469,-41,-8.04,479,-31,-6.08,466,500,1400-10-19,2022-01-09
260,ريشمك,توليد و صادرات ريشمك,459,948241,29897527900,30800,31800,31200,400,1.3,31550,750,2.44,30800,32150,1400-10-19,2022-01-09
261,نيرو,نيرو سرمايه,456,1618764,47727937350,30250,29350,29850,-400,-1.32,29500,-750,-2.48,29350,31000,1400-10-19,2022-01-09
262,تسه0005,امتيازتسهيلات مسكن مرداد 1400,452,8263,9192634645,1060070,1089001,1090003,29933,2.82,1112506,52436,4.95,1081247,1113073,1400-10-19,2022-01-09
263,خاذين,سايپاآذين‌,449,6623876,17152456690,2612,2620,2580,-32,-1.23,2589,-23,-0.88,2504,2669,1400-10-19,2022-01-09
264,چكاوه,صنايع‌كاغذسازي‌كاوه‌,441,2861237,22219262690,7770,7980,7720,-50,-0.64,7770,0,0,7540,7980,1400-10-19,2022-01-09
265,كفرا,فراورده‌ هاي‌ نسوزايران‌,439,3557851,27510525880,7830,8070,7800,-30,-0.38,7730,-100,-1.28,7520,8190,1400-10-19,2022-01-09
266,فلوله,لوله‌وماشين‌سازي‌ايران‌,439,9884807,9432440525,984,993,960,-24,-2.44,964,-20,-2.03,940,1000,1400-10-19,2022-01-09
267,حتوكا,حمل‌ونقل‌توكا,438,2018731,24924228570,12030,12290,12630,600,4.99,12350,320,2.66,11910,12630,1400-10-19,2022-01-09
268,وصندوق,سرمايه‌گذاري‌صندوق‌بازنشستگي‌,436,4194857,49429196880,12360,11990,11750,-610,-4.94,12110,-250,-2.02,11750,12000,1400-10-19,2022-01-09
269,كلر,كلر پارس,434,309471,29915666350,98950,95700,94050,-4900,-4.95,96650,-2300,-2.32,94050,102700,1400-10-19,2022-01-09
270,غبهنوش,بهنوش‌ ايران‌,430,487900,26751747670,57610,55210,54730,-2880,-5,54830,-2780,-4.83,54730,57490,1400-10-19,2022-01-09
271,شبهرن,نفت‌ بهران‌,430,2173766,23588599370,11140,10990,10800,-340,-3.05,11010,-130,-1.17,10730,11000,1400-10-19,2022-01-09
272,اعتلاح,ح سرمايه گذاري اعتلاء البرز,428,3575938,4758895536,1350,1331,1340,-10,-0.74,1331,-19,-1.41,1311,1397,1400-10-19,2022-01-09
273,دبالك,مواد اوليه دارويي البرز بالك,428,3225980,25032514530,8100,8090,7700,-400,-4.94,7760,-340,-4.2,7700,8280,1400-10-19,2022-01-09
274,فروس,فروسيليس‌ ايران‌,427,7239191,43858009750,6190,6150,6200,10,0.16,6060,-130,-2.1,5990,6200,1400-10-19,2022-01-09
275,وفتخار,سرمايه گذاري افتخار سهام,427,2246762,4052980208,1752,1804,1804,52,2.97,1785,33,1.88,1800,1804,1400-10-19,2022-01-09
276,پكويرح,ح. كوير تاير,422,4289449,12006441324,2924,2838,2821,-103,-3.52,2799,-125,-4.27,2752,2928,1400-10-19,2022-01-09
277,سبزوا,سيمان لار سبزوار,422,7096371,12675267492,1825,1800,1795,-30,-1.64,1791,-34,-1.86,1761,1830,1400-10-19,2022-01-09
278,كگل,معدني و صنعتي گل گهر,421,1902327,42363117980,22480,22490,22260,-220,-0.98,22400,-80,-0.36,22000,22490,1400-10-19,2022-01-09
279,وسكاب,س.ص.بازنشستگي كاركنان بانكها,419,7111131,20412381032,2948,2929,2860,-88,-2.99,2870,-78,-2.65,2844,2964,1400-10-19,2022-01-09
280,شيراز,پتروشيمي‌شيراز,417,2830913,204019411040,75760,73200,71980,-3780,-4.99,72070,-3690,-4.87,71980,73540,1400-10-19,2022-01-09
281,وشهر,بانك شهر,416,3422277,13788162142,4086,4086,4057,-29,-0.71,4055,-31,-0.76,3964,4099,1400-10-19,2022-01-09
282,شجم,صنايع پتروشيمي تخت جمشيد,411,1312895,15666922780,12080,12290,11650,-430,-3.56,12010,-70,-0.58,11490,12290,1400-10-19,2022-01-09
283,شگل,گلتاش‌,410,1763314,10073555420,5890,5810,5750,-140,-2.38,5770,-120,-2.04,5650,5880,1400-10-19,2022-01-09
284,ولملت,واسپاري ملت,406,5022659,15731803339,3051,2951,3111,60,1.97,3132,81,2.65,2951,3203,1400-10-19,2022-01-09
285,كچاد,معدني‌وصنعتي‌چادرملو,406,862147,25277148770,29970,29220,29120,-850,-2.84,29830,-140,-0.47,29120,29740,1400-10-19,2022-01-09
286,قنقش,قند نقش جهان,404,749894,101267973500,132550,135200,135200,2650,2,135050,2500,1.89,130000,135200,1400-10-19,2022-01-09
287,شخارك,پتروشيمي‌ خارك‌,401,642858,31411820700,50120,49080,48000,-2120,-4.23,49710,-410,-0.82,47940,49700,1400-10-19,2022-01-09
288,دتوليد,داروسازي توليد دارو,400,1312005,9805500030,7810,7700,7440,-370,-4.74,7580,-230,-2.94,7420,7800,1400-10-19,2022-01-09
289,سشرق,سيمان‌ شرق‌,398,4446364,31861431520,7240,7110,7130,-110,-1.52,7170,-70,-0.97,6940,7270,1400-10-19,2022-01-09
290,كروي,توسعه‌ معادن‌ روي‌ ايران‌,397,2328750,50995656380,22950,22300,21830,-1120,-4.88,21900,-1050,-4.58,21810,22500,1400-10-19,2022-01-09
291,چفيبر,فيبر ايران‌,395,2475771,17465535920,7080,6810,7100,20,0.28,7050,-30,-0.42,6810,7240,1400-10-19,2022-01-09
292,اتكاي,بيمه اتكايي ايرانيان,390,10121943,98651952960,9970,9760,9800,-170,-1.71,9750,-220,-2.21,9510,9990,1400-10-19,2022-01-09
293,كامياب,صندوق س. كامياب آشنا-د,388,7058424,79234728850,11220,11226,11225,5,0.04,11226,6,0.05,11225,11226,1400-10-19,2022-01-09
294,تسه0004,امتيازتسهيلات مسكن تير1400,387,6379,7100128461,1060123,1113129,1113129,53006,5,1113047,52924,4.99,1070001,1113129,1400-10-19,2022-01-09
295,ياقوت,صندوق س ياقوت آگاه-ثابت,387,1833477,25585749967,13940,13954,13960,20,0.14,13955,15,0.11,13947,13968,1400-10-19,2022-01-09
296,سپاها,سيمان‌سپاهان‌,387,1996203,14558308070,7310,7430,7430,120,1.64,7290,-20,-0.27,7100,7580,1400-10-19,2022-01-09
297,لبوتان,گروه‌صنعتي‌بوتان‌,387,1090640,47810001300,41860,40160,43950,2090,4.99,43840,1980,4.73,40160,43950,1400-10-19,2022-01-09
298,وثنو,سرمايه گذاري ساختماني نوين,387,4148046,16632391011,3930,3876,4047,117,2.98,4010,80,2.04,3876,4047,1400-10-19,2022-01-09
299,غديس,پاكديس,385,1697684,17859523860,10990,10760,10450,-540,-4.91,10520,-470,-4.28,10450,10990,1400-10-19,2022-01-09
300,سپر,صندوق س سپر سرمايه بيدار- ثابت,379,14026809,189821262195,13528,13537,13538,10,0.07,13533,5,0.04,13530,13538,1400-10-19,2022-01-09
301,تكشا,گسترش‌صنايع‌وخدمات‌كشاورزي‌,376,822871,31966375490,40670,39000,38640,-2030,-4.99,38850,-1820,-4.48,38640,40210,1400-10-19,2022-01-09
302,وايران,ليزينگ ايرانيان,373,5152846,13423955367,2731,2651,2595,-136,-4.98,2612,-119,-4.36,2595,2660,1400-10-19,2022-01-09
303,ضخود2020,اختيارخ خودرو-3000-1401/02/07,369,19102,1516044000,88,90,79,-9,-10.23,79,-9,-10.23,75,90,1400-10-19,2022-01-09
304,سرچشمه,سرمايه گذاري مس سرچشمه,368,3010558,15571540380,5150,5160,5180,30,0.58,5170,20,0.39,5020,5290,1400-10-19,2022-01-09
305,تپمپي,پمپ‌ سازي‌ ايران‌,366,1943595,37484968390,20110,19680,19470,-640,-3.18,19290,-820,-4.08,19110,20050,1400-10-19,2022-01-09
306,دانا,بيمه دانا,366,7093619,32145654203,4716,4601,4533,-183,-3.88,4532,-184,-3.9,4490,4769,1400-10-19,2022-01-09
307,بكام,كارخانجات توليدي شهيد قندي,364,5415434,8058364720,1530,1510,1479,-51,-3.33,1507,-23,-1.5,1472,1516,1400-10-19,2022-01-09
308,فردا,صندوق س آواي فرداي زاگرس-ثابت,363,16305699,198439392276,12162,12169,12170,8,0.07,12170,8,0.07,12169,12170,1400-10-19,2022-01-09
309,سامان,بانك سامان,361,8251629,56721018970,7080,6980,6870,-210,-2.97,6870,-210,-2.97,6870,7100,1400-10-19,2022-01-09
310,بهپاك,صنعتي بهپاك,360,2776611,18421550420,6810,6810,6710,-100,-1.47,6630,-180,-2.64,6500,6810,1400-10-19,2022-01-09
311,ارزش,صندوق س ارزش آفرين بيدار-سهام,359,2444149,21935460490,9250,9130,8910,-340,-3.68,8970,-280,-3.03,8880,9130,1400-10-19,2022-01-09
312,سصفها,سيمان‌اصفهان‌,358,1065004,26788522470,25660,26150,25300,-360,-1.4,25150,-510,-1.99,24880,26150,1400-10-19,2022-01-09
313,شكام,صنايع شيميايي كيمياگران امروز,358,2180885,60222041800,28900,28250,27850,-1050,-3.63,27600,-1300,-4.5,27500,30000,1400-10-19,2022-01-09
314,دكپسول,توليد ژلاتين كپسول ايران,354,509005,14658132750,29900,29600,29050,-850,-2.84,28800,-1100,-3.68,28450,29950,1400-10-19,2022-01-09
315,تسه0002,امتيازتسهيلاتمسكن ارديبهشت1400,353,3325,3701984361,1060700,1009649,1113735,53035,5,1113379,52679,4.97,1009649,1113735,1400-10-19,2022-01-09
316,وصندوقح,ح.سرمايه گذاري صندوق بازنشستگي,352,4473643,44828461160,10480,10390,9960,-520,-4.96,10020,-460,-4.39,9850,10390,1400-10-19,2022-01-09
317,ساينا,صنايع بهداشتي ساينا,351,132910,11050219650,81450,85400,81100,-350,-0.43,82650,1200,1.47,79000,85500,1400-10-19,2022-01-09
318,بالبر,كابل‌ البرز,349,730543,15808246800,22290,22290,22350,60,0.27,21640,-650,-2.92,21180,22380,1400-10-19,2022-01-09
319,ثرود,سرمايه‌گذاري مسكن زاينده رود,349,2506589,12917587250,5400,5230,5130,-270,-5,5170,-230,-4.26,5130,5450,1400-10-19,2022-01-09
320,شرانل,نفت ايرانول,348,803207,36388216950,47100,46500,44850,-2250,-4.78,45300,-1800,-3.82,44750,46550,1400-10-19,2022-01-09
321,كسرا,سراميك‌هاي‌صنعتي‌اردكان‌,342,2148423,29159970010,14230,14270,13520,-710,-4.99,13570,-660,-4.64,13520,14270,1400-10-19,2022-01-09
322,عيار,صندوق سكه طلاي مفيد,341,485316,14613003829,31020,30650,29801,-1219,-3.93,30110,-910,-2.93,29600,30650,1400-10-19,2022-01-09
323,ارفع,شركت آهن و فولاد ارفع,339,984497,13632588930,14450,14010,13780,-670,-4.64,14330,-120,-0.83,13740,14020,1400-10-19,2022-01-09
324,تسه0003,امتيازتسهيلات مسكن خرداد1400,338,4010,4535637399,1078657,1111111,1132589,53932,5,1131082,52425,4.86,1082224,1132589,1400-10-19,2022-01-09
325,قيستو,شركت قند بيستون,337,658998,14319396400,21150,21750,21700,550,2.6,21750,600,2.84,21350,21750,1400-10-19,2022-01-09
326,وسبحان,سرمايه گذاري سبحان,336,9142804,20541871027,2345,2320,2307,-38,-1.62,2247,-98,-4.18,2228,2337,1400-10-19,2022-01-09
327,دسانكو,داروسازي سبحان انكولوژي,336,1186627,13984148080,12330,11950,11720,-610,-4.95,11800,-530,-4.3,11720,12140,1400-10-19,2022-01-09
328,شفا,سرمايه گذاري شفادارو,332,1591028,18075893800,11900,11900,11310,-590,-4.96,11360,-540,-4.54,11310,11900,1400-10-19,2022-01-09
329,غگرجي,بيسكويت‌  گرجي‌,330,11189275,19881047570,1867,1865,1774,-93,-4.98,1777,-90,-4.82,1774,1865,1400-10-19,2022-01-09
330,ثاباد,توريستي ورفاهي آبادگران ايران,330,502875,19157538260,39600,39990,37620,-1980,-5,38100,-1500,-3.79,37620,39990,1400-10-19,2022-01-09
331,شكربن,كربن‌ ايران‌,328,205028,17491468610,89240,87230,85000,-4240,-4.75,85310,-3930,-4.4,84780,88000,1400-10-19,2022-01-09
332,دروز,داروسازي‌ روزدارو,327,737020,20783429140,26900,27670,28240,1340,4.98,28200,1300,4.83,27670,28240,1400-10-19,2022-01-09
333,خراسان,پتروشيمي خراسان,326,185472,21738517560,121260,120520,117790,-3470,-2.86,120210,-1050,-0.87,115710,120520,1400-10-19,2022-01-09
334,غشهداب,كشت و صنعت شهداب ناب خراسان,326,5453972,13687623879,2570,2521,2500,-70,-2.72,2513,-57,-2.22,2448,2580,1400-10-19,2022-01-09
335,فسازان,غلتك سازان سپاهان,326,2547131,10671141829,4390,4485,4199,-191,-4.35,4239,-151,-3.44,4171,4485,1400-10-19,2022-01-09
336,ثمسكن,سرمايه‌گذاري‌ مسكن‌,325,4865571,16047782821,3438,3371,3267,-171,-4.97,3298,-140,-4.07,3267,3450,1400-10-19,2022-01-09
337,غاذر,كشت‌وصنعت‌پياذر,321,560186,19869167200,35050,35200,35450,400,1.14,35470,420,1.2,34050,36280,1400-10-19,2022-01-09
338,ميدكو,توسعه معادن وص.معدني خاورميانه,320,4737769,218790047230,46180,45500,46180,0,0,46180,0,0,45500,46190,1400-10-19,2022-01-09
339,لابسا,آبسال‌,320,474765,15571622800,32680,33100,32410,-270,-0.83,32800,120,0.37,32300,33500,1400-10-19,2022-01-09
340,گوهران,سرمايه گذاري توسعه گوهران اميد,319,3169062,15803860170,5230,5000,4970,-260,-4.97,4990,-240,-4.59,4970,5170,1400-10-19,2022-01-09
341,آ س پ,آ.س.پ,318,1163447,6557408470,5890,5710,5600,-290,-4.92,5780,-110,-1.87,5600,5790,1400-10-19,2022-01-09
342,اميد,تامين سرمايه اميد,317,2002113,17803897560,8850,8890,8890,40,0.45,8870,20,0.23,8890,8920,1400-10-19,2022-01-09
343,غالبر,لبنيات‌ كالبر,317,765925,8189046250,11180,10760,10630,-550,-4.92,10890,-290,-2.59,10630,11260,1400-10-19,2022-01-09
344,كسعدي,كاشي‌ سعدي‌,316,2338370,16514963200,7370,7430,7130,-240,-3.26,7060,-310,-4.21,7010,7430,1400-10-19,2022-01-09
345,ونيكي,سرمايه‌گذاري‌ ملي‌ايران‌,315,1638804,14837876390,9330,9200,9100,-230,-2.47,9270,-60,-0.64,8960,9250,1400-10-19,2022-01-09
346,آريان,سرمايه گذاري پارس آريان,312,6073434,78572257810,13320,13020,12990,-330,-2.48,13010,-310,-2.33,12930,13020,1400-10-19,2022-01-09
347,دزهراوي,داروسازي‌زهراوي‌,311,1693292,6797683394,4175,4120,3990,-185,-4.43,4099,-76,-1.82,3968,4120,1400-10-19,2022-01-09
348,وگستر,گسترش سرمايه گذاري ايرانيان,311,2887709,14024957140,5080,4950,4950,-130,-2.56,4860,-220,-4.33,4830,5050,1400-10-19,2022-01-09
349,غمارگ,مارگارين‌,308,4199111,10357524059,2567,2480,2439,-128,-4.99,2494,-73,-2.84,2439,2570,1400-10-19,2022-01-09
350,غمهرا,توليدي‌مهرام‌,306,1272951,11711239200,9600,9640,9160,-440,-4.58,9290,-310,-3.23,9120,9880,1400-10-19,2022-01-09
351,كپرور,فرآوري زغال سنگ پروده طبس,305,580409,15599672900,27500,27800,27400,-100,-0.36,26900,-600,-2.18,26150,28150,1400-10-19,2022-01-09
352,كپشير,پشم‌شيشه‌ايران‌,305,1866354,19700932180,11100,10770,10550,-550,-4.95,10560,-540,-4.86,10550,10780,1400-10-19,2022-01-09
353,قصفها,قنداصفهان‌,304,288270,20701862300,75470,72410,71700,-3770,-5,71810,-3660,-4.85,71700,73600,1400-10-19,2022-01-09
354,مدير,ص.س.مديريت ثروت ص.بازنشستگي-س,302,1423572,12820298710,9255,9131,8966,-289,-3.12,9006,-249,-2.69,8924,9135,1400-10-19,2022-01-09
355,وملل,اعتباري ملل,301,2801078,26731644580,9530,9900,9530,0,0,9540,10,0.1,9260,9900,1400-10-19,2022-01-09
356,تسه9908,امتياز تسهيلات مسكن آبان99,300,4718,5208972255,1052629,1100192,1105260,52631,5,1104064,51435,4.89,1060000,1105260,1400-10-19,2022-01-09
357,دتوزيع,توزيع دارو پخش,299,396054,9923085300,25850,25850,24850,-1000,-3.87,25300,-550,-2.13,24600,26500,1400-10-19,2022-01-09
358,خشرق,الكتريك‌ خودرو شرق‌,298,876001,9560616890,11250,11000,10760,-490,-4.36,11040,-210,-1.87,10750,11250,1400-10-19,2022-01-09
359,پرداخت,به پرداخت ملت,298,1119923,15155890110,13530,13500,13600,70,0.52,13530,0,0,13000,13820,1400-10-19,2022-01-09
360,ثعمرا,عمران و توسعه شاهد,298,1588982,10711868350,6920,6800,6840,-80,-1.16,6790,-130,-1.88,6590,7030,1400-10-19,2022-01-09
361,وسگيلا,شركت س استان گيلان,297,11058454,4703673621,446,428,426,-20,-4.48,442,-4,-0.9,424,429,1400-10-19,2022-01-09
362,صنوين,صندوق سرمايه‌گذاري صنوين-مختلط,296,37322,4241024780,115020,115000,113400,-1620,-1.41,113630,-1390,-1.21,112010,115020,1400-10-19,2022-01-09
363,ساوه,سيمان ساوه,296,76478,3519057750,47100,46150,45700,-1400,-2.97,46850,-250,-0.53,45350,47000,1400-10-19,2022-01-09
364,زر,صندوق س.پشتوانه سكه طلاي زر,295,134157,6823819676,52518,52933,51297,-1221,-2.32,50864,-1654,-3.15,50235,52933,1400-10-19,2022-01-09
365,غمينو,شركت صنايع غذايي مينو شرق,295,2546230,9535611275,3913,3760,3718,-195,-4.98,3801,-112,-2.86,3718,3900,1400-10-19,2022-01-09
366,ثالوند,سرمايه گذاري مسكن الوند,289,1712859,9889606380,6060,5780,5760,-300,-4.95,5860,-200,-3.3,5760,5930,1400-10-19,2022-01-09
367,شپاس,نفت پاسارگاد,289,719449,10974099670,15300,15300,15300,0,0,15270,-30,-0.2,15000,15300,1400-10-19,2022-01-09
368,وملت,سرمايه گذاري ملت,287,6619038,16690163723,2443,2530,2475,32,1.31,2522,79,3.23,2402,2540,1400-10-19,2022-01-09
369,قلرست,قند لرستان‌,285,878163,12883547390,15390,14900,14630,-760,-4.94,14740,-650,-4.22,14630,15370,1400-10-19,2022-01-09
370,وليز,ليزينگ‌ايران‌,283,4208168,7022196175,1743,1770,1656,-87,-4.99,1705,-38,-2.18,1656,1770,1400-10-19,2022-01-09
371,لخزر,پارس‌ خزر,282,156314,17039458660,114670,108940,109500,-5170,-4.51,109010,-5660,-4.94,108940,114000,1400-10-19,2022-01-09
372,تبرك,گروه كارخانجات صنعتي تبرك,281,1759601,13880825910,8060,7900,7910,-150,-1.86,7900,-160,-1.99,7750,8080,1400-10-19,2022-01-09
373,سقاين,سيمان‌ قائن‌,280,479315,19399952010,41740,41310,40000,-1740,-4.17,40470,-1270,-3.04,39660,43500,1400-10-19,2022-01-09
374,كگاز,شيشه‌ و گاز,280,1242152,17841151880,15100,14440,14400,-700,-4.64,14360,-740,-4.9,14350,14750,1400-10-19,2022-01-09
375,بشهاب,لامپ‌  پارس‌ شهاب‌,280,175566,23687889970,134730,134730,134750,20,0.01,134920,190,0.14,131900,136900,1400-10-19,2022-01-09
376,تنوين,تامين سرمايه نوين,280,5175503,32367201630,6230,6280,6160,-70,-1.12,6250,20,0.32,6090,6300,1400-10-19,2022-01-09
377,قشكر,شكرشاهرود,275,5047827,11282154002,2304,2299,2189,-115,-4.99,2250,-54,-2.34,2189,2310,1400-10-19,2022-01-09
378,ميهن,بيمه ميهن,274,6352066,14452115859,2301,2349,2252,-49,-2.13,2277,-24,-1.04,2206,2349,1400-10-19,2022-01-09
379,خاهن,آهنگري‌ تراكتورسازي‌ ايران‌,274,1456390,6082571394,4376,4210,4224,-152,-3.47,4326,-50,-1.14,4158,4300,1400-10-19,2022-01-09
380,سخواف,سيمان مجد خواف,274,1983991,12538823120,6140,6320,6320,180,2.93,6320,180,2.93,6320,6320,1400-10-19,2022-01-09
381,خمحور,توليدمحورخودرو,272,7802936,24175670601,3246,3145,3084,-162,-4.99,3098,-148,-4.56,3084,3145,1400-10-19,2022-01-09
382,ومشان,س. فني و مهندسي مشانير,270,634678,27311764800,41900,43150,43150,1250,2.98,43050,1150,2.74,40950,43150,1400-10-19,2022-01-09
383,سخزر,سيمان‌ خزر,270,519364,8544766880,16610,16970,16800,190,1.14,16520,-90,-0.54,16000,16970,1400-10-19,2022-01-09
384,وساشرقي,شركت س استان آذربايجان شرقي,268,16243832,6949157899,446,432,429,-17,-3.81,442,-4,-0.9,424,435,1400-10-19,2022-01-09
385,وتوكا,سرمايه‌گذاري‌توكافولاد(هلدينگ,266,1349260,9310478480,7200,7320,6880,-320,-4.44,7000,-200,-2.78,6850,7320,1400-10-19,2022-01-09
386,فجام,جام‌دارو,266,2413019,9424285539,4076,4027,3904,-172,-4.22,3960,-116,-2.85,3873,4027,1400-10-19,2022-01-09
387,تسه9902,امتياز تسهيلات مسكن ارديبهشت99,266,6493,7176606353,1052970,1105618,1105618,52648,5,1105284,52314,4.97,1091111,1105618,1400-10-19,2022-01-09
388,زعف0110پ20,زعفران0110نگين وحدت جام(پ),265,92554,36544242374,401512,397500,391000,-10512,-2.62,394842,-6670,-1.66,389999,398925,1400-10-19,2022-01-09
389,پاكشو,گروه صنعتي پاكشو,265,8188098,49173767640,6070,5990,5950,-120,-1.98,6040,-30,-0.49,5910,6070,1400-10-19,2022-01-09
390,وبوعلي,سرمايه‌گذاري‌بوعلي‌,264,1248482,4439352034,3648,3600,3558,-90,-2.47,3620,-28,-0.77,3501,3675,1400-10-19,2022-01-09
391,زشگزا,شير و گوشت زاگرس شهركرد,263,3781214,17362380531,4828,4600,4587,-241,-4.99,4592,-236,-4.89,4587,4745,1400-10-19,2022-01-09
392,تسه9912,امتياز تسهيلات مسكن اسفند99,263,2556,2861270806,1066357,1066700,1119674,53317,5,1119433,53076,4.98,1066700,1119674,1400-10-19,2022-01-09
393,شپاكسا,پاكسان‌,263,408510,8064480340,20190,19700,19610,-580,-2.87,19940,-250,-1.24,19410,20380,1400-10-19,2022-01-09
394,كهمدا,شيشه‌ همدان‌,263,2135876,19548786590,9600,9300,9120,-480,-5,9150,-450,-4.69,9120,9460,1400-10-19,2022-01-09
395,قشهد,شهد,262,758982,11335352220,15630,15170,14940,-690,-4.41,15100,-530,-3.39,14850,15290,1400-10-19,2022-01-09
396,اهرم,صندوق س سهامي كاريزما- اهرمي,261,12367032,123040378100,10000,9950,9890,-110,-1.1,9950,-50,-0.5,9810,10000,1400-10-19,2022-01-09
397,ثباغ,شهر سازي و خانه سازي باغميشه,259,770737,5778573930,7520,7600,7480,-40,-0.53,7510,-10,-0.13,7180,7780,1400-10-19,2022-01-09
398,كاذر,فرآورده‌هاي‌نسوزآذر,257,568409,7175052460,12900,12950,12610,-290,-2.25,12760,-140,-1.09,12500,13180,1400-10-19,2022-01-09
399,وسپه,سرمايه‌گذاري‌ سپه‌,254,1543609,12411447620,8270,8120,8110,-160,-1.93,8200,-70,-0.85,7950,8210,1400-10-19,2022-01-09
400,ختراك,ريخته‌گري‌ تراكتورسازي‌ ايران‌,252,2005433,9858706476,5035,5100,4872,-163,-3.24,4957,-78,-1.55,4790,5100,1400-10-19,2022-01-09
401,تسه0001,امتيازتسهيلات مسكن فروردين1400,250,2535,2824565130,1062384,1010055,1115503,53119,5,1114227,51843,4.88,1010055,1115503,1400-10-19,2022-01-09
402,حشكوه,دليجان طلايي شكوه پارس,250,2333951,7569336312,3191,3260,3235,44,1.38,3231,40,1.25,3170,3286,1400-10-19,2022-01-09
403,غفارس,شير پاستوريزه پگاه فارس,249,1622229,7937456810,5110,4980,4860,-250,-4.89,4990,-120,-2.35,4860,5030,1400-10-19,2022-01-09
404,دشيمي,شيمي‌ داروئي‌ داروپخش‌,249,902069,18911164660,21680,21260,20910,-770,-3.55,20960,-720,-3.32,20750,21270,1400-10-19,2022-01-09
405,سمازن,سيمان‌مازندران‌,247,1633177,22598531020,13960,13860,14000,40,0.29,13840,-120,-0.86,13750,14090,1400-10-19,2022-01-09
406,گوهر,صندوق سكه طلاي كيان,247,229820,13656917341,60960,60999,59333,-1627,-2.67,59424,-1536,-2.52,58900,60999,1400-10-19,2022-01-09
407,كوثر,بيمه كوثر,244,1648076,6170752562,3812,3740,3730,-82,-2.15,3795,-17,-0.45,3664,3798,1400-10-19,2022-01-09
408,فنوال,نورد آلومينيوم‌,244,452036,10271315850,23490,23480,22350,-1140,-4.85,22950,-540,-2.3,22350,23480,1400-10-19,2022-01-09
409,زعف0110پ18,زعفران0110نگين بهرامن(پ),243,98923,39849830958,403359,400000,401900,-1459,-0.36,402837,-522,-0.13,390020,405000,1400-10-19,2022-01-09
410,شتوكا,توكا رنگ فولاد سپاهان,243,891957,12547584340,14750,14310,14020,-730,-4.95,14120,-630,-4.27,14020,14350,1400-10-19,2022-01-09
411,خوساز,محورسازان‌ايران‌خودرو,243,1696118,12103352620,7460,7480,7090,-370,-4.96,7190,-270,-3.62,7090,7480,1400-10-19,2022-01-09
412,مبين,مبين انرژي خليج فارس,242,680488,16280497560,25030,24800,23790,-1240,-4.95,24870,-160,-0.64,23780,24800,1400-10-19,2022-01-09
413,ولقمان,سرمايه گذاري لقمان,241,1009809,2824101736,2759,2677,2679,-80,-2.9,2769,10,0.36,2677,2841,1400-10-19,2022-01-09
414,وبشهر,توسعه‌ صنايع‌ بهشهر(هلدينگ,239,3519549,23704288580,6930,6640,6820,-110,-1.59,6820,-110,-1.59,6620,6970,1400-10-19,2022-01-09
415,سغدير,توسعه سرمايه و صنعت غدير,238,674139,9697800190,14640,14640,14210,-430,-2.94,14510,-130,-0.89,14200,14640,1400-10-19,2022-01-09
416,تكمبا,كمباين‌ سازي‌ ايران‌,238,2210342,7829960514,3688,3688,3568,-120,-3.25,3608,-80,-2.17,3504,3688,1400-10-19,2022-01-09
417,حآسا,آسيا سير ارس,238,1243833,15662857460,13250,12590,12590,-660,-4.98,12590,-660,-4.98,12590,12900,1400-10-19,2022-01-09
418,اپرداز,آتيه داده پرداز,236,282087,5713215700,20800,20900,20250,-550,-2.64,20600,-200,-0.96,19850,21000,1400-10-19,2022-01-09
419,وكار,بانك‌ كارآفرين‌,235,2161668,4993819373,2351,2330,2297,-54,-2.3,2345,-6,-0.26,2262,2359,1400-10-19,2022-01-09
420,آكورد,صندوق س. آرمان آتي كوثر-د,235,3525039,127578924869,36173,36192,36192,19,0.05,36192,19,0.05,36191,36197,1400-10-19,2022-01-09
421,جم,پتروشيمي جم,233,590884,29062900200,50530,49110,49670,-860,-1.7,50130,-400,-0.79,48500,49990,1400-10-19,2022-01-09
422,ولبهمن,شركت بهمن ليزينگ,233,1688993,10559835940,6250,6290,6200,-50,-0.8,6250,0,0,6120,6560,1400-10-19,2022-01-09
423,سكه0011پ02,تمام سكه طرح جديد0011ملت,233,69800,82470690100,1229454,1212010,1178000,-51454,-4.19,1181528,-47926,-3.9,1177802,1228999,1400-10-19,2022-01-09
424,تسه9911,امتياز تسهيلات مسكن بهمن99,232,1947,2165560072,1059834,1100917,1112825,52991,5,1112255,52421,4.95,1055800,1112825,1400-10-19,2022-01-09
425,سبهان,سيمان‌ بهبهان‌,231,276360,11499391420,43220,42800,41440,-1780,-4.12,41940,-1280,-2.96,41060,42820,1400-10-19,2022-01-09
426,شپارس,بين‌ المللي‌ محصولات‌  پارس‌,231,1077812,7681563470,7450,7240,7080,-370,-4.97,7280,-170,-2.28,7080,7540,1400-10-19,2022-01-09
427,رنيك,جنرال مكانيك,230,1104973,11702793070,11120,10770,10570,-550,-4.95,10680,-440,-3.96,10570,11150,1400-10-19,2022-01-09
428,آوا,صندوق س.سهام آواي معيار-س,230,616408,4625060177,7642,7559,7472,-170,-2.22,7503,-139,-1.82,7462,7638,1400-10-19,2022-01-09
429,شدوصح,ح . دوده‌ صنعتي‌ پارس‌,227,1456179,10287775070,7400,7180,7130,-270,-3.65,7060,-340,-4.59,6970,7500,1400-10-19,2022-01-09
430,سدور,سيمان‌ دورود,226,2704489,13682715320,5280,5220,5100,-180,-3.41,5070,-210,-3.98,5020,5220,1400-10-19,2022-01-09
431,وآوا,سرمايه گذاري آوا نوين,226,1463155,3615492517,2573,2503,2460,-113,-4.39,2547,-26,-1.01,2446,2568,1400-10-19,2022-01-09
432,سصوفي,سيمان‌ صوفيان‌,225,528140,7334442840,14380,14390,13730,-650,-4.52,14130,-250,-1.74,13710,14390,1400-10-19,2022-01-09
433,پخش,پخش البرز,225,734115,18029345350,24900,24650,24700,-200,-0.8,24550,-350,-1.41,23850,25200,1400-10-19,2022-01-09
434,كگهر,سنگ آهن گهرزمين,224,1420379,68321253450,48100,48500,47500,-600,-1.25,48100,0,0,47500,48500,1400-10-19,2022-01-09
435,بزاگرس,نيروگاه زاگرس كوثر,224,1703157,5288567090,3216,3237,3140,-76,-2.36,3175,-41,-1.27,3072,3237,1400-10-19,2022-01-09
436,كاردان,صندوق س تجارت شاخصي كاردان,224,95795,17027566230,182920,179530,175820,-7100,-3.88,177750,-5170,-2.83,175820,181490,1400-10-19,2022-01-09
437,واميد,گروه مديريت سرمايه گذاري اميد,224,2885755,41532047830,14440,14550,14080,-360,-2.49,14420,-20,-0.14,14050,14550,1400-10-19,2022-01-09
438,دارا,صندوق س. دارا الگوريتم-د,223,5647944,56742196547,10047,10058,10058,11,0.11,10047,0,0,9543,10061,1400-10-19,2022-01-09
439,زشريف,كشت وصنعت شريف آباد,223,2925679,9495027746,3412,3321,3269,-143,-4.19,3305,-107,-3.14,3242,3446,1400-10-19,2022-01-09
440,پكوير,كوير تاير,223,959472,4983437020,5450,5230,5180,-270,-4.95,5360,-90,-1.65,5180,5420,1400-10-19,2022-01-09
441,سپ,پرداخت الكترونيك سامان كيش,222,394317,12691674050,31660,32800,32600,940,2.97,31760,100,0.32,31520,32850,1400-10-19,2022-01-09
442,تيپيكو,سرمايه گذاري دارويي تامين,221,617720,11026405450,18450,18000,18000,-450,-2.44,18370,-80,-0.43,17640,18430,1400-10-19,2022-01-09
443,داوه,داروسازي آوه سينا,220,747845,6454078010,9050,9120,8600,-450,-4.97,8860,-190,-2.1,8600,9120,1400-10-19,2022-01-09
444,سفانو,سيمان فارس نو,220,936440,22209036770,24900,24660,23660,-1240,-4.98,23720,-1180,-4.74,23660,24660,1400-10-19,2022-01-09
445,بميلا,توسعه بازرگاني آهن وفولادميلاد,220,2344729,19422045810,8260,8250,8350,90,1.09,8280,20,0.24,8200,8360,1400-10-19,2022-01-09
446,سكرما,سيمان‌ كرمان‌,220,1853826,27006943850,14920,14720,14880,-40,-0.27,14570,-350,-2.35,14310,15170,1400-10-19,2022-01-09
447,آساميد,صندوق س.مشترك آسمان اميد -د,219,3770276,52115451344,13815,13824,13821,6,0.04,13823,8,0.06,13821,13824,1400-10-19,2022-01-09
448,دتماد,توليدمواداوليه‌داروپخش‌,219,140872,5487123290,40580,39750,39100,-1480,-3.65,39960,-620,-1.53,38570,39860,1400-10-19,2022-01-09
449,فپنتا,سپنتا,219,52035,24215505750,489690,484900,465210,-24480,-5,465370,-24320,-4.97,465210,488900,1400-10-19,2022-01-09
450,فايرا,آلومينيوم‌ايران‌,218,531277,8603255690,16810,16230,16290,-520,-3.09,16720,-90,-0.54,16010,17080,1400-10-19,2022-01-09
451,فوكا,فولاد كاويان,217,1174098,15875240730,13920,13660,13510,-410,-2.95,13720,-200,-1.44,13510,13660,1400-10-19,2022-01-09
452,كلوند,كاشي‌ الوند,217,444402,9421552580,22080,21890,21200,-880,-3.99,21500,-580,-2.63,20980,21890,1400-10-19,2022-01-09
453,ستران,سيمان‌ تهران‌,216,476981,9009654000,19760,19500,19000,-760,-3.85,19220,-540,-2.73,18780,19500,1400-10-19,2022-01-09
454,ومعلم,بيمه معلم,214,4273216,7765231532,1903,1871,1808,-95,-4.99,1856,-47,-2.47,1808,1871,1400-10-19,2022-01-09
455,كقزوي,شيشه‌ قزوين‌,214,1533731,12399706290,8170,8150,8200,30,0.37,8080,-90,-1.1,7960,8380,1400-10-19,2022-01-09
456,آبين,كشت و صنعت آبشيرين,213,2571785,4070307689,1616,1581,1568,-48,-2.97,1602,-14,-0.87,1568,1630,1400-10-19,2022-01-09
457,كنور,توسعه معدني و صنعتي صبانور,212,456982,8311544240,18890,18330,18220,-670,-3.55,18830,-60,-0.32,18110,18340,1400-10-19,2022-01-09
458,تسه9910,امتياز تسهيلات مسكن دي99,212,2035,2262061874,1059611,1059611,1112000,52389,4.94,1111578,51967,4.9,1059611,1112591,1400-10-19,2022-01-09
459,زعف0110پ11,زعفران0110نگين سحرخيز(پ),211,70451,28302752936,406265,405000,404000,-2265,-0.56,401737,-4528,-1.11,387000,405996,1400-10-19,2022-01-09
460,ولشرق,ليزينگ ايران و شرق,211,3979554,8669765232,2284,2201,2170,-114,-4.99,2219,-65,-2.85,2170,2245,1400-10-19,2022-01-09
461,زماهان,مجتمع توليد گوشت مرغ ماهان,210,1852668,11997324910,6760,6520,6430,-330,-4.88,6520,-240,-3.55,6430,6750,1400-10-19,2022-01-09
462,فنفت,صنايع تجهيزات نفت,210,621223,12000982020,19860,19900,19270,-590,-2.97,19320,-540,-2.72,19270,19900,1400-10-19,2022-01-09
463,ولملتح,ح . واسپاري ملت,209,2655395,3268011681,1264,1259,1223,-41,-3.24,1231,-33,-2.61,1183,1316,1400-10-19,2022-01-09
464,ضخود2015,اختيارخ خودرو-1400-1401/02/07,209,7792,5433582000,715,702,693,-22,-3.08,697,-18,-2.52,670,718,1400-10-19,2022-01-09
465,كسرام,پارس‌ سرام‌,203,2063141,8387518101,4216,4100,4127,-89,-2.11,4126,-90,-2.13,4007,4210,1400-10-19,2022-01-09
466,بنو,بيمه تجارت نو,202,1704308,10830848270,6470,6320,6390,-80,-1.24,6390,-80,-1.24,6200,6420,1400-10-19,2022-01-09
467,مداران,داده‌پردازي‌ايران‌,201,560374,8439094940,15220,15650,15570,350,2.3,15130,-90,-0.59,14460,15650,1400-10-19,2022-01-09
468,تسه9909,امتياز تسهيلات مسكن آذر99,200,1970,2189957682,1058885,1100526,1111829,52944,5,1111654,52769,4.98,1100526,1111829,1400-10-19,2022-01-09
469,شوينده,مديريت صنعت شوينده ت.ص.بهشهر,199,429721,8095421120,19260,18830,18710,-550,-2.86,19030,-230,-1.19,18650,19000,1400-10-19,2022-01-09
470,قاسم,قاسم ايران,199,2031281,6856475317,3429,3443,3430,1,0.03,3404,-25,-0.73,3310,3489,1400-10-19,2022-01-09
471,هفارس104,اختيارف ت فارس-11832-01/04/12,199,5718858,71825154,1,1,13,12,1200,13,12,1200,1,13,1400-10-19,2022-01-09
472,وبيمه,سرمايه‌ گذاري‌ صنعت‌ بيمه‌,198,3150407,4911549402,1574,1551,1558,-16,-1.02,1569,-5,-0.32,1520,1598,1400-10-19,2022-01-09
473,فمراد,آلومراد,198,803246,9919201760,12620,12880,12400,-220,-1.74,12430,-190,-1.51,12040,12880,1400-10-19,2022-01-09
474,وخاور,بانك خاورميانه,197,2498690,12461180389,5040,5100,4974,-66,-1.31,5027,-13,-0.26,4942,5100,1400-10-19,2022-01-09
475,شفارا,پتروشيمي فارابي,196,1373693,8106241540,5880,5950,5890,10,0.17,5900,20,0.34,5720,6000,1400-10-19,2022-01-09
476,زعف0110پ19,زعفران0110نگين تروند قاينات(پ),196,61960,24281178791,400843,393001,390050,-10793,-2.69,391885,-8958,-2.23,383403,400000,1400-10-19,2022-01-09
477,توريل,توكاريل,195,999246,7416597860,7770,7840,7390,-380,-4.89,7580,-190,-2.45,7390,7840,1400-10-19,2022-01-09
478,مفاخر,توسعه فناوري اطلاعات خوارزمي,194,309904,8365020750,27100,26050,26400,-700,-2.58,27050,-50,-0.18,26050,27950,1400-10-19,2022-01-09
479,ضخود2016,اختيارخ خودرو-1600-1401/02/07,193,9775,5474332000,580,520,565,-15,-2.59,560,-20,-3.45,520,627,1400-10-19,2022-01-09
480,ولشرقح,ح . ليزينگ ايران و شرق,190,6802791,4694549952,725,693,689,-36,-4.97,690,-35,-4.83,689,710,1400-10-19,2022-01-09
481,ثبات,صندوق س. ثبات ويستا -د,189,7075247,75873711248,10718,10723,10724,6,0.06,10724,6,0.06,10723,10724,1400-10-19,2022-01-09
482,كيميا,معدني كيمياي زنجان گستران,189,789826,9853580880,13070,12780,12480,-590,-4.51,12670,-400,-3.06,12420,12780,1400-10-19,2022-01-09
483,سايرا,ايرانيت‌,188,200033,5186090050,25700,25200,26100,400,1.56,25950,250,0.97,25200,26200,1400-10-19,2022-01-09
484,كي بي سي,شركت كي بي سي,187,969472,16635805870,17220,17500,17250,30,0.17,17160,-60,-0.35,16700,17720,1400-10-19,2022-01-09
485,سخوز,سيمان خوزستان,186,305776,6591763400,22350,22030,21310,-1040,-4.65,21990,-360,-1.61,21250,22350,1400-10-19,2022-01-09
486,اخزا002,اسنادخزانه-م2بودجه00-031024,185,207057,106581074890,513260,514000,515920,2660,0.52,514740,1480,0.29,513260,515960,1400-10-19,2022-01-09
487,ولراز,ليزينگ رازي,182,414092,7431276310,17910,18140,18010,100,0.56,17950,40,0.22,17610,18140,1400-10-19,2022-01-09
488,غپآذر,شير پگاه آذربايجان شرقي,180,467003,12519893100,28050,27450,26650,-1400,-4.99,26900,-1150,-4.1,26650,27500,1400-10-19,2022-01-09
489,گنگين,اقتصادي نگين گردشگري ايرانيان,180,1399379,41384668450,29650,29500,29750,100,0.34,29550,-100,-0.34,28800,30000,1400-10-19,2022-01-09
490,وصنا,گروه‌صنايع‌بهشهرايران‌,179,2386396,7447227857,3283,3119,3119,-164,-5,3195,-88,-2.68,3119,3249,1400-10-19,2022-01-09
491,كمرجان,بازرگاني و توليدي مرجان كار,178,1567869,8659502340,5770,5600,5490,-280,-4.85,5620,-150,-2.6,5490,5820,1400-10-19,2022-01-09
492,مارون,پتروشيمي مارون,177,64399,11114490700,173200,172700,169600,-3600,-2.08,173150,-50,-0.03,166500,175000,1400-10-19,2022-01-09
493,پرديس,سرمايه گذاري پرديس,177,1331429,4380773011,3365,3277,3276,-89,-2.64,3343,-22,-0.65,3262,3370,1400-10-19,2022-01-09
494,كفراح,ح . فراورده‌ هاي‌ نسوزايران‌,177,876119,4208949573,4987,5010,4790,-197,-3.95,4804,-183,-3.67,4626,5149,1400-10-19,2022-01-09
495,وپترو,سرمايه‌گذاري صنايع پتروشيمي‌,175,674796,7041642460,10730,10770,10600,-130,-1.21,10580,-150,-1.4,10210,10770,1400-10-19,2022-01-09
496,بنيرو,نيروترانس‌,173,4359636,7955740319,1911,1899,1816,-95,-4.97,1864,-47,-2.46,1816,1899,1400-10-19,2022-01-09
497,وثخوز,سرمايه گذاري و توسعه خوزستان,173,569064,16417114200,28050,28850,28850,800,2.85,28850,800,2.85,28800,28850,1400-10-19,2022-01-09
498,كارين,صندوق س نگين سامان-ثابت,172,4580827,46300798250,10102,10108,10107,5,0.05,10108,6,0.06,10107,10110,1400-10-19,2022-01-09
499,تسه9907,امتياز تسهيلات مسكن مهر99,170,1552,1741632309,1069696,1055500,1123180,53484,5,1122186,52490,4.91,1055500,1123180,1400-10-19,2022-01-09
500,دامين,داروسازي‌ امين‌,169,1190385,2740472361,2410,2387,2320,-90,-3.73,2389,-21,-0.87,2290,2387,1400-10-19,2022-01-09
501,لسرما,سرما آفرين‌,169,380484,7208782410,19120,19010,19110,-10,-0.05,19040,-80,-0.42,18750,19250,1400-10-19,2022-01-09
502,شستان,پتروشيمي گلستان,169,2282665,8783403462,3700,3848,3848,148,4,3848,148,4,3750,3848,1400-10-19,2022-01-09
503,خچرخش,چرخشگر,169,851714,5800317230,7060,6850,6740,-320,-4.53,6960,-100,-1.42,6710,7090,1400-10-19,2022-01-09
504,غپاك,لبنيات‌ پاك‌,168,709530,8615132930,12420,12690,12090,-330,-2.66,12260,-160,-1.29,12050,12690,1400-10-19,2022-01-09
505,تسه9904,امتياز تسهيلات مسكن تير99,168,1913,2123845991,1057675,1110558,1110558,52883,5,1110217,52542,4.97,1060499,1110558,1400-10-19,2022-01-09
506,ساروم,سيمان‌اروميه‌,168,341067,12873715690,38390,37750,37920,-470,-1.22,37830,-560,-1.46,36610,38600,1400-10-19,2022-01-09
507,حپترو,حمل و نقل پتروشيمي( سهامي عام,167,318813,6664655980,21470,20750,20580,-890,-4.15,21210,-260,-1.21,20550,21870,1400-10-19,2022-01-09
508,حبندر,دريايي و کشتيراني خط دريابندر,166,516112,6772667950,13490,13440,13250,-240,-1.78,13230,-260,-1.93,13090,13440,1400-10-19,2022-01-09
509,شپترو,پتروشيمي آبادان,166,6235299,18594069890,3074,2983,2982,-92,-2.99,2982,-92,-2.99,2982,2984,1400-10-19,2022-01-09
510,ددام,داروسازي زاگرس فارمد پارس,165,1555534,13056875510,8830,8500,8390,-440,-4.98,8410,-420,-4.76,8390,8750,1400-10-19,2022-01-09
511,فاهواز,نورد و لوله اهواز,165,1392439,7337511970,5290,5380,5290,0,0,5280,-10,-0.19,5190,5380,1400-10-19,2022-01-09
512,وتوسم,سرمايه‌گذاري‌توسعه‌ملي‌,165,505404,4325106990,8780,8610,8500,-280,-3.19,8720,-60,-0.68,8450,8780,1400-10-19,2022-01-09
513,اعتلا,شركت سرمايه گذاري اعتلاء البرز,165,1285522,4503351269,3543,3550,3445,-98,-2.77,3531,-12,-0.34,3384,3639,1400-10-19,2022-01-09
514,شنفت,نفت‌ پارس‌,164,1380678,13128777070,10000,9700,9500,-500,-5,9900,-100,-1,9500,9700,1400-10-19,2022-01-09
515,پلاستح,ح.كارخانجات توليدي پلاستيران,163,3597073,11502012341,3295,3215,3197,-98,-2.97,3198,-97,-2.94,3197,3217,1400-10-19,2022-01-09
516,غگلستا,شير پاستوريزه پگاه گلستان,163,756557,6948723670,9450,9250,9180,-270,-2.86,9320,-130,-1.38,9000,9390,1400-10-19,2022-01-09
517,زمگسا,كشاورزي‌ ودامپروي‌ مگسال‌,162,351669,6068312830,18120,17900,17230,-890,-4.91,17750,-370,-2.04,17220,17900,1400-10-19,2022-01-09
518,زفكا,كشت و دامداري فكا,162,1633097,11899495310,7650,7650,7270,-380,-4.97,7340,-310,-4.05,7270,7650,1400-10-19,2022-01-09
519,بالاس,مهندسي ساختمان تاسيسات راه آهن,162,531468,14552347150,28750,27850,27350,-1400,-4.87,27400,-1350,-4.7,27350,28100,1400-10-19,2022-01-09
520,دجابر,داروسازي‌ جابرابن‌حيان‌,162,499516,5010490780,10530,10480,10150,-380,-3.61,10350,-180,-1.71,10010,10480,1400-10-19,2022-01-09
521,درهآور,دارويي ره آورد تامين,160,236949,4739534650,20750,20350,20000,-750,-3.61,20500,-250,-1.2,19750,20600,1400-10-19,2022-01-09
522,زكشت,كشاورزي مكانيزه اصفهان كشت,159,456154,7774700500,17920,17960,17030,-890,-4.97,17420,-500,-2.79,17030,17960,1400-10-19,2022-01-09
523,دكوثر,داروسازي‌ كوثر,159,2130216,5497749790,2710,2621,2600,-110,-4.06,2660,-50,-1.85,2575,2679,1400-10-19,2022-01-09
524,تصميم,صندوق س با درآمد ثابت تصميم,159,1402493,25931238700,18476,18490,18492,16,0.09,18489,13,0.07,18487,18492,1400-10-19,2022-01-09
525,ضخود2017,اختيارخ خودرو-1800-1401/02/07,158,7291,3325800000,468,470,457,-11,-2.35,456,-12,-2.56,442,470,1400-10-19,2022-01-09
526,فولاژ,فولاد آلياژي ايران,157,514888,8779700830,17360,17450,17050,-310,-1.79,17330,-30,-0.17,16930,17450,1400-10-19,2022-01-09
527,حسينا,توسعه خدمات دريايي وبندري سينا,157,261870,11474436500,44850,43500,43000,-1850,-4.12,44050,-800,-1.78,42900,46000,1400-10-19,2022-01-09
528,بساما,بيمه سامان,156,209162,3948465310,19800,19060,18810,-990,-5,19570,-230,-1.16,18810,19400,1400-10-19,2022-01-09
529,شراز,پالايش نفت شيراز,156,72145,7806359800,111150,109550,109050,-2100,-1.89,110650,-500,-0.45,107200,110000,1400-10-19,2022-01-09
530,نمرينو,ايران‌ مرينوس‌,154,72868,5318353410,76490,73960,74280,-2210,-2.89,75180,-1310,-1.71,72670,74990,1400-10-19,2022-01-09
531,داسوه,داروسازي‌ اسوه‌,153,404671,10393658150,27000,25660,25650,-1350,-5,26010,-990,-3.67,25650,26510,1400-10-19,2022-01-09
532,اخزا007,اسنادخزانه-م7بودجه00-030912,153,70704,37348052050,526270,527900,529010,2740,0.52,528230,1960,0.37,526270,529960,1400-10-19,2022-01-09
533,وبرق,س.کارکنان صنعت برق زنجان وقزوي,153,169447,16233022600,98750,95800,95800,-2950,-2.99,95800,-2950,-2.99,95800,95800,1400-10-19,2022-01-09
534,شاملاح,ح . معدني‌ املاح‌  ايران‌,152,561768,3908995650,7200,7210,6920,-280,-3.89,6960,-240,-3.33,6910,7210,1400-10-19,2022-01-09
535,هجرت,پخش هجرت,151,204001,5149774650,25750,26000,25050,-700,-2.72,25550,-200,-0.78,24700,26000,1400-10-19,2022-01-09
536,ماني,صندوق س. با درآمد ثابت ماني,151,3291470,35530788814,10789,10795,10795,6,0.06,10795,6,0.06,10794,10796,1400-10-19,2022-01-09
537,زعف0110پ05,زعفران0110نگين زرين(پ),150,56657,22894042945,402739,405000,400001,-2738,-0.68,404081,1342,0.33,395000,405500,1400-10-19,2022-01-09
538,شدوص,دوده‌ صنعتي‌ پارس‌,150,657836,7898182490,12460,12620,11840,-620,-4.98,12210,-250,-2.01,11840,12620,1400-10-19,2022-01-09
539,سباقر,سيمان باقران,149,923714,11123527670,12400,12740,12050,-350,-2.82,12040,-360,-2.9,12030,12740,1400-10-19,2022-01-09
540,اتكام,بيمه اتكايي امين,149,1337941,6433558293,4934,4800,4919,-15,-0.3,4879,-55,-1.11,4762,4919,1400-10-19,2022-01-09
541,كهربا,صندوق س.پشتوانه سكه طلا كهربا,149,3264503,33438069191,10487,10451,10153,-334,-3.18,10243,-244,-2.33,10153,10451,1400-10-19,2022-01-09
542,تسه9903,امتياز تسهيلات مسكن خرداد99,148,1114,1256508087,1076711,1023003,1125700,48989,4.55,1127925,51214,4.76,1023003,1130546,1400-10-19,2022-01-09
543,سفار,سيمان‌فارس‌,147,116043,5975154150,53350,52500,51310,-2040,-3.82,52580,-770,-1.44,51010,52500,1400-10-19,2022-01-09
544,حخزر,كشتيراني درياي خزر,147,194499,2725341510,13640,14320,14130,490,3.59,13710,70,0.51,13680,14320,1400-10-19,2022-01-09
545,زگلدشت,كشت و دام گلدشت نمونه اصفهان,147,666204,5678703370,8960,8670,8530,-430,-4.8,8790,-170,-1.9,8520,8670,1400-10-19,2022-01-09
546,واعتبار,سرمايه گذاري اعتبار ايران,147,1738997,4836503981,2920,2833,2774,-146,-5,2873,-47,-1.61,2774,2834,1400-10-19,2022-01-09
547,كاريس,صندوق س.سپهر كاريزما-س,146,1142251,14745224859,13173,13150,12752,-421,-3.2,12909,-264,-2,12750,13190,1400-10-19,2022-01-09
548,سكه0112پ03,تمام سكه طرح جديد0112سامان,144,34400,40670966600,1224339,1195522,1179000,-45339,-3.7,1182295,-42044,-3.43,1175120,1197000,1400-10-19,2022-01-09
549,پلاسك,پلاسكوكار,144,1011379,4187717368,4293,4175,4110,-183,-4.26,4249,-44,-1.02,4100,4300,1400-10-19,2022-01-09
550,فردا2,صندوق س آواي فرداي زاگرس-ثابت,144,14400000,14400000,12162,1,1,-12161,-99.99,1,-12161,-99.99,1,1,1400-10-19,2022-01-09
551,خديزل,بهمن  ديزل,142,211838,11213765200,53700,53000,53500,-200,-0.37,53300,-400,-0.74,52000,54500,1400-10-19,2022-01-09
552,سنوين,سرمايه گذاري اقتصاد نوين,142,442037,2386602930,5540,5390,5380,-160,-2.89,5500,-40,-0.72,5380,5600,1400-10-19,2022-01-09
553,زيتون,صندوق س زيتون نماد پايا- مختلط,141,179878,1685427910,9560,9560,9380,-180,-1.88,9370,-190,-1.99,9260,9560,1400-10-19,2022-01-09
554,غشان,شيرپاستوريزه‌پگاه‌خراسان‌,140,1727055,6601944387,4013,3844,3813,-200,-4.98,3925,-88,-2.19,3813,3948,1400-10-19,2022-01-09
555,وبهمن,سرمايه‌گذاري‌بهمن‌,140,522305,7088319260,13830,13420,13830,0,0,13710,-120,-0.87,13200,13840,1400-10-19,2022-01-09
556,نوين,بيمه نوين,140,1708071,6168745296,3673,3700,3680,7,0.19,3647,-26,-0.71,3570,3700,1400-10-19,2022-01-09
557,وآرين,شركت توسعه اقتصادي آرين,139,1276057,2239521700,1771,1797,1731,-40,-2.26,1767,-4,-0.23,1721,1799,1400-10-19,2022-01-09
558,قمرو,قند مرودشت‌,138,690510,14789060180,22490,22200,21370,-1120,-4.98,21420,-1070,-4.76,21370,22870,1400-10-19,2022-01-09
559,وتوشه,سرمايه‌ گذاري‌ پارس‌ توشه‌,138,1078932,5625544780,5330,5280,5180,-150,-2.81,5290,-40,-0.75,5180,5290,1400-10-19,2022-01-09
560,تسه9906,امتياز تسهيلات مسكن شهريور99,137,1241,1392616018,1071668,1097000,1125251,53583,5,1122172,50504,4.71,1018100,1125251,1400-10-19,2022-01-09
561,شمواد,توليد مواداوليه الياف مصنوعي,136,282375,12833943750,44600,45450,45450,850,1.91,45450,850,1.91,45450,45450,1400-10-19,2022-01-09
562,دابور,داروسازي‌ ابوريحان‌,136,358918,7750865330,21930,21370,21700,-230,-1.05,21750,-180,-0.82,21110,21860,1400-10-19,2022-01-09
563,سكرد,سيمان كردستان,136,2145540,9992576694,4640,4600,4771,131,2.82,4651,11,0.24,4600,4800,1400-10-19,2022-01-09
564,فخاس,فولاد خراسان,133,279881,6042800640,22570,21670,21480,-1090,-4.83,22510,-60,-0.27,21450,22080,1400-10-19,2022-01-09
565,واتي,سرمايه‌ گذاري‌ آتيه‌ دماوند,132,742132,6718372900,9340,9550,9060,-280,-3,9220,-120,-1.28,8890,9550,1400-10-19,2022-01-09
566,وآفري,بيمه كارآفرين,131,1726536,6940517039,4115,4003,4073,-42,-1.02,4072,-43,-1.04,3992,4089,1400-10-19,2022-01-09
567,تسه9905,امتياز تسهيلات مسكن مرداد99,131,1079,1212011255,1070853,1052088,1124395,53542,5,1123273,52420,4.9,1052088,1124395,1400-10-19,2022-01-09
568,بمپنا,توليد برق عسلويه  مپنا,130,882809,5083268380,6050,5870,5750,-300,-4.96,5970,-80,-1.32,5750,5870,1400-10-19,2022-01-09
569,اوان,مبين وان كيش,129,406699,3855810800,9940,9610,9460,-480,-4.83,9820,-120,-1.21,9450,9800,1400-10-19,2022-01-09
570,لوتوس,تامين سرمايه لوتوس پارسيان,128,1632817,9329099050,5720,5720,5720,0,0,5720,0,0,5610,5740,1400-10-19,2022-01-09
571,كطبس,ذغال‌سنگ‌ نگين‌ ط‌بس‌,128,131543,5886191820,45920,45000,45880,-40,-0.09,45450,-470,-1.02,43630,45980,1400-10-19,2022-01-09
572,اخزا005,اسنادخزانه-م5بودجه00-030626,126,129390,71577298320,551420,555990,553910,2490,0.45,553190,1770,0.32,552310,555990,1400-10-19,2022-01-09
573,كخاك,صنايع‌خاك‌چيني‌ايران‌,126,462132,6204162790,14050,13770,13690,-360,-2.56,13840,-210,-1.49,13350,14200,1400-10-19,2022-01-09
574,فبيرا,بسته‌ بندي‌ ايران‌,126,2178211,3725506935,1720,1699,1703,-17,-0.99,1716,-4,-0.23,1670,1760,1400-10-19,2022-01-09
575,تسه9901,امتياز تسهيلات مسكن فروردين99,125,1476,1645942212,1062036,1115137,1115137,53101,5,1115137,53101,5,1115137,1115137,1400-10-19,2022-01-09
576,سهرمز,سيمان‌هرمزگان‌,125,139310,2270239730,16480,16780,16300,-180,-1.09,16450,-30,-0.18,16010,16780,1400-10-19,2022-01-09
577,سرود,سيمان‌شاهرود,124,199316,4087119650,21360,21340,20770,-590,-2.76,21120,-240,-1.12,20300,21340,1400-10-19,2022-01-09
578,دعبيد,لابراتوارداروسازي‌  دكترعبيدي‌,124,257599,4744045960,18900,19200,18670,-230,-1.22,18830,-70,-0.37,18280,19220,1400-10-19,2022-01-09
579,ثامان,سامان‌ گستراصفهان‌,123,642566,5729192840,8930,8730,9150,220,2.46,8920,-10,-0.11,8690,9190,1400-10-19,2022-01-09
580,ويسا,سرمايه گذاري ايساتيس پويا,122,678428,5214302510,7550,7700,7640,90,1.19,7620,70,0.93,7480,7760,1400-10-19,2022-01-09
581,كساپا,سايپاشيشه‌,122,406643,6050234040,15230,15250,14810,-420,-2.76,15080,-150,-0.98,14690,15250,1400-10-19,2022-01-09
582,شكبير,پتروشيمي اميركبير,120,288647,26297589900,93600,92250,90800,-2800,-2.99,92950,-650,-0.69,90800,93600,1400-10-19,2022-01-09
583,دارو,كارخانجات‌داروپخش‌,119,176988,5159629570,30170,29140,29350,-820,-2.72,29870,-300,-0.99,28700,30000,1400-10-19,2022-01-09
584,اخزا006,اسنادخزانه-م6بودجه00-030723,118,196538,106753280750,543660,544100,544100,440,0.08,543170,-490,-0.09,542500,544100,1400-10-19,2022-01-09
585,هكشو208,اختيارف ت پاكشو10000-02/08/29,118,7700000,4835600000,594,628,628,34,5.72,628,34,5.72,628,628,1400-10-19,2022-01-09
586,پارسيان,بيمه پارسيان,117,1363166,11216609790,8270,8270,8280,10,0.12,8240,-30,-0.36,8110,8370,1400-10-19,2022-01-09
587,اخزا001,اسنادخزانه-م1بودجه00-030821,117,359266,192030120440,532770,537960,534310,1540,0.29,534510,1740,0.33,533000,537960,1400-10-19,2022-01-09
588,حپارسا,توسعه حمل و نقل ريلي پارسيان,115,316602,9053377850,29250,28100,28650,-600,-2.05,28850,-400,-1.37,28000,29300,1400-10-19,2022-01-09
589,سيستم,همكاران سيستم,115,1329768,6744948860,5140,5160,5060,-80,-1.56,5120,-20,-0.39,5050,5160,1400-10-19,2022-01-09
590,تسه9812,امتياز تسهيلات مسكن اسفند98,114,1127,1247887655,1054539,1107265,1107265,52726,5,1107265,52726,5,1107265,1107265,1400-10-19,2022-01-09
591,شاملا,معدني‌ املاح‌  ايران‌,113,884444,10317490970,12190,12160,11590,-600,-4.92,11810,-380,-3.12,11590,12160,1400-10-19,2022-01-09
592,فيروزه,صندوق شاخص30 شركت فيروزه- سهام,113,71198,11761763400,167630,167000,163000,-4630,-2.76,165200,-2430,-1.45,162890,167000,1400-10-19,2022-01-09
593,ولصنم,ليزينگ‌صنعت‌ومعدن‌,112,568670,1945559956,3538,3481,3419,-119,-3.36,3522,-16,-0.45,3392,3481,1400-10-19,2022-01-09
594,زعف0110پ10,زعفران0110نگين طلاي سرخ(پ),111,49108,19817369597,405273,410000,402003,-3270,-0.81,403547,-1726,-0.43,395005,410000,1400-10-19,2022-01-09
595,دحاوي,الحاوي,111,783592,3386321850,4425,4293,4293,-132,-2.98,4389,-36,-0.81,4293,4420,1400-10-19,2022-01-09
596,سكه0012پ04,تمام سكه طرح جديد0012صادرات,111,30200,35791141000,1227459,1193001,1182000,-45459,-3.7,1185137,-42322,-3.45,1179000,1212000,1400-10-19,2022-01-09
597,شصفها,پتروشيمي‌ اصفهان‌,110,40444,4819845050,120600,121900,118200,-2400,-1.99,120100,-500,-0.41,118200,121900,1400-10-19,2022-01-09
598,رتكو,كنترل‌خوردگي‌تكين‌كو,109,388236,2660679940,7200,6940,6970,-230,-3.19,7140,-60,-0.83,6840,7100,1400-10-19,2022-01-09
599,سپاس,صندوق س. پاداش سهامداري-ثابت,109,1337032,13401070111,10018,10022,10024,6,0.06,10023,5,0.05,10021,10025,1400-10-19,2022-01-09
600,ساربيل,سيمان آرتا اردبيل,109,232318,4864057760,21620,21850,20990,-630,-2.91,21390,-230,-1.06,20540,21850,1400-10-19,2022-01-09
601,بذر,صندوق س بذر اميد آفرين-سهام,108,4624513,441302051750,96440,94460,95430,-1010,-1.05,95430,-1010,-1.05,93360,95430,1400-10-19,2022-01-09
602,ثتوسا,س.توسعه و عمران استان اردبيل,107,255277,3348117610,13450,13700,13050,-400,-2.97,13270,-180,-1.34,13050,13700,1400-10-19,2022-01-09
603,فن آوا,گروه فن آوا,106,228251,2348315850,10430,10650,10450,20,0.19,10400,-30,-0.29,10120,10650,1400-10-19,2022-01-09
604,كحافظ,كاشي‌ وسراميك‌ حافظ‌,106,829771,3148503945,3972,3866,3774,-198,-4.98,3933,-39,-0.98,3774,3999,1400-10-19,2022-01-09
605,دكيمي,كيميدارو,106,253806,4263322050,17660,17030,16780,-880,-4.98,17400,-260,-1.47,16780,17390,1400-10-19,2022-01-09
606,سكارون,سيمان كارون,105,149833,5185736950,35650,35200,34600,-1050,-2.95,35100,-550,-1.54,34600,35200,1400-10-19,2022-01-09
607,كاسپين,داروسازي كاسپين تامين,104,195523,4210107400,22450,21850,21700,-750,-3.34,22200,-250,-1.11,21350,22000,1400-10-19,2022-01-09
608,ارمغان,ص سرمايه گذاري ارمغان ايرانيان,103,1117022,11190493821,10013,10021,10019,6,0.06,10018,5,0.05,10011,10021,1400-10-19,2022-01-09
609,تماوند,تامين سرمايه دماوند,103,2915344,16891500280,5840,5900,5730,-110,-1.88,5790,-50,-0.86,5700,5900,1400-10-19,2022-01-09
610,بسويچ,پارس‌سويچ‌,102,195248,2624339930,13990,13460,13380,-610,-4.36,13890,-100,-0.71,13300,13700,1400-10-19,2022-01-09
611,كخاكح,ح . صنايع‌خاك‌چيني‌ايران‌,100,593895,5630660620,9770,9960,9500,-270,-2.76,9480,-290,-2.97,9280,9960,1400-10-19,2022-01-09
612,دفارا,داروسازي‌ فارابي‌,99,143270,1773779070,12730,12640,12620,-110,-0.86,12690,-40,-0.31,12200,12640,1400-10-19,2022-01-09
613,حبندرح,ح.دريايي وكشتيراني خط دريابندر,98,1097079,10828058060,9970,9680,9970,0,0,9870,-100,-1,9680,10070,1400-10-19,2022-01-09
614,فاما,صنعتي‌ آما,98,131231,2313330350,18370,17610,17600,-770,-4.19,18250,-120,-0.65,17470,17980,1400-10-19,2022-01-09
615,ركيش,كارت اعتباري ايران كيش,95,435288,2665274980,6190,6420,6040,-150,-2.42,6180,-10,-0.16,5910,6420,1400-10-19,2022-01-09
616,وزمين,بانك ايران زمين,94,494619,4012112170,8140,7990,8050,-90,-1.11,8130,-10,-0.12,7980,8200,1400-10-19,2022-01-09
617,خلنت,لنت‌ ترمزايران‌,93,141190,9451258600,63760,66940,66940,3180,4.99,65640,1880,2.95,66940,66940,1400-10-19,2022-01-09
618,زعف0110پ21,زعفران0110نگين ملل(پ),91,43517,17500131155,402878,400999,395005,-7873,-1.95,402145,-733,-0.18,385500,405000,1400-10-19,2022-01-09
619,پاسا,ايران‌ياساتايرورابر,91,788805,10338232790,13780,13220,13100,-680,-4.93,13290,-490,-3.56,13100,13350,1400-10-19,2022-01-09
620,ضسپا1114,اختيارخ خساپا-2000-1400/11/20,90,5339,213504000,43,49,39,-4,-9.3,40,-3,-6.98,33,49,1400-10-19,2022-01-09
621,شتوكاح,ح . توكا رنگ فولاد سپاهان,89,249650,2939942690,12370,11770,11830,-540,-4.37,11780,-590,-4.77,11760,12500,1400-10-19,2022-01-09
622,تكنار,مجتمع معادن مس تكنار,89,113062,5629723550,51100,50050,50100,-1000,-1.96,50350,-750,-1.47,49600,50500,1400-10-19,2022-01-09
623,ثنور,سرمايه گذاري كوه نور,88,637052,5128076250,8280,8120,8040,-240,-2.9,8160,-120,-1.45,8040,8120,1400-10-19,2022-01-09
624,سپيدما,صندوق س. سپيد دماوند-د,88,3535463,41212314504,11650,11657,11657,7,0.06,11657,7,0.06,11656,11657,1400-10-19,2022-01-09
625,كشرق,صنعتي و معدني شمال شرق شاهرود,87,49759,3252776750,68150,65150,64750,-3400,-4.99,67500,-650,-0.95,64750,69050,1400-10-19,2022-01-09
626,غشاذر,پگاه‌آذربايجان‌غربي‌,87,498128,2331697064,4899,4899,4655,-244,-4.98,4863,-36,-0.73,4655,4899,1400-10-19,2022-01-09
627,غشهد,شهد ايران ‌,86,389827,1685880367,4445,4430,4322,-123,-2.77,4431,-14,-0.31,4250,4430,1400-10-19,2022-01-09
628,خاتم,صندوق س خاتم ايساتيس پويا-ثابت,86,1355931,17113311321,12614,12621,12621,7,0.06,12621,7,0.06,12620,12622,1400-10-19,2022-01-09
629,ما,بيمه  ما,85,352898,1679484487,4747,4922,4700,-47,-0.99,4748,1,0.02,4700,4922,1400-10-19,2022-01-09
630,اخزا917,اسنادخزانه-م17بودجه99-010226,85,206531,191982335200,929020,929400,929000,-20,0,929560,540,0.06,928600,930300,1400-10-19,2022-01-09
631,دالبر,البرزدارو,84,326261,3886726690,11880,11730,11780,-100,-0.84,11890,10,0.08,11610,12050,1400-10-19,2022-01-09
632,ضشنا1048,اختيارخ شپنا-5450-1400/10/19,84,850,461819955,548,590,305,-243,-44.34,296,-252,-45.99,201,590,1400-10-19,2022-01-09
633,تسه9811,امتياز تسهيلات مسكن بهمن98,84,803,884529393,1049078,1101531,1101531,52453,5,1101531,52453,5,1101531,1101531,1400-10-19,2022-01-09
634,سمتاز,سيمان ممتازان كرمان,83,229641,3227143040,14440,14320,14010,-430,-2.98,14310,-130,-0.9,14010,14320,1400-10-19,2022-01-09
635,اخزا004,اسنادخزانه-م4بودجه00-030522,82,174214,98361575540,565170,565800,565010,-160,-0.03,564600,-570,-0.1,563620,565910,1400-10-19,2022-01-09
636,وايرا,سرمايه گذاري صنايع ايران,82,1904270,7982235410,4318,4201,4192,-126,-2.92,4214,-104,-2.41,4189,4274,1400-10-19,2022-01-09
637,وارس,سرمايه گذاري ارس صبا,80,114467,1211619480,10830,10580,10560,-270,-2.49,10800,-30,-0.28,10510,10800,1400-10-19,2022-01-09
638,ثپرديس,سرمايه گذاري مسكن پرديس,79,879175,3108150390,3719,3543,3534,-185,-4.97,3677,-42,-1.13,3534,3543,1400-10-19,2022-01-09
639,غگلپا,شير پاستوريزه پگاه گلپايگان,79,99882,5420185900,56050,54500,54400,-1650,-2.94,55400,-650,-1.16,53250,55500,1400-10-19,2022-01-09
640,ضسپا1112,اختيارخ خساپا-1600-1400/11/20,78,2170,355234000,187,200,158,-29,-15.51,164,-23,-12.3,145,200,1400-10-19,2022-01-09
641,پسهند,صنايع‌ لاستيكي‌  سهند,78,154412,4420581680,28940,27860,28010,-930,-3.21,28850,-90,-0.31,27860,28980,1400-10-19,2022-01-09
642,ساراب,سيمان‌ داراب‌,78,203786,3220293600,16420,15950,15710,-710,-4.32,16280,-140,-0.85,15640,16000,1400-10-19,2022-01-09
643,تابا,تابان نيرو سپاهان,78,368915,7857889500,21950,21300,21300,-650,-2.96,21300,-650,-2.96,21300,21300,1400-10-19,2022-01-09
644,دسبحا,گروه دارويي سبحان,77,198746,3628959020,18880,18230,18110,-770,-4.08,18780,-100,-0.53,18070,18790,1400-10-19,2022-01-09
645,ثنوسا,نوسازي‌وساختمان‌تهران‌,77,1708511,8217937910,5060,4810,4810,-250,-4.94,4920,-140,-2.77,4810,4810,1400-10-19,2022-01-09
646,خبنيان,بنيان ديزل,77,185423,266823697,1483,1439,1439,-44,-2.97,1482,-1,-0.07,1439,1439,1400-10-19,2022-01-09
647,دقاضي,داروسازي شهيد قاضي,72,289557,7494228450,26600,25850,25900,-700,-2.63,26050,-550,-2.07,25850,26050,1400-10-19,2022-01-09
648,ضصاد1114,اختيارخ وبصادر-2500-1400/11/06,72,2293,10914000,6,12,6,0,0,5,-1,-16.67,4,12,1400-10-19,2022-01-09
649,ثمين,صندوق س. ثروت افزون ثمين-س,72,3014841,30154649680,10173,10110,10004,-169,-1.66,10002,-171,-1.68,10000,10180,1400-10-19,2022-01-09
650,ضملت1134,اختيارخ وبملت-3500-1400/11/13,71,1908,98808000,64,20,51,-13,-20.31,52,-12,-18.75,20,69,1400-10-19,2022-01-09
651,سمايه,بانك سرمايه,71,1575677,7046427544,4610,4472,4472,-138,-2.99,4507,-103,-2.23,4472,4472,1400-10-19,2022-01-09
652,سبجنو,سيمان‌ بجنورد,70,31014,1138146060,36910,36910,36760,-150,-0.41,36890,-20,-0.05,36490,37480,1400-10-19,2022-01-09
653,سيدكو,سرمايه گذاري توسعه صنايع سيمان,70,384309,2161776720,5850,5670,5570,-280,-4.79,5820,-30,-0.51,5570,5710,1400-10-19,2022-01-09
654,فسا,پتروشيمي فسا,68,1476103,1288647919,900,874,873,-27,-3,896,-4,-0.44,873,874,1400-10-19,2022-01-09
655,سجام,مجتمع سيمان غرب آسيا,68,1160920,2353723479,2087,2026,2026,-61,-2.92,2072,-15,-0.72,2025,2086,1400-10-19,2022-01-09
656,پلاست,كارخانجات توليدي پلاستيران,68,238046,1605858590,6930,6750,6730,-200,-2.89,6900,-30,-0.43,6730,6990,1400-10-19,2022-01-09
657,الماس,صندوق س.امين تدبيرگران فردا-س,67,21737,2135403060,98143,98000,98250,107,0.11,98238,95,0.1,97500,100000,1400-10-19,2022-01-09
658,ضپال2007,اختيارخ اپال-32000-1401/02/12,66,1648,285242000,166,339,152,-14,-8.43,173,7,4.22,150,339,1400-10-19,2022-01-09
659,زعف0110پ16,زعفران0110نگين بيرجند(پ),66,31136,12192830369,400904,395001,391001,-9903,-2.47,391599,-9305,-2.32,389998,396017,1400-10-19,2022-01-09
660,وكادو,تكادو,65,400806,5734012770,14580,14700,14150,-430,-2.95,14420,-160,-1.1,14150,14750,1400-10-19,2022-01-09
661,سشمال,سيمان‌ شمال‌,65,803978,6034567860,7580,7480,7550,-30,-0.4,7550,-30,-0.4,7480,7580,1400-10-19,2022-01-09
662,بفجرح,ح . فجر انرژي خليج فارس,64,379014,3245598490,8780,8500,8590,-190,-2.16,8560,-220,-2.51,8470,8750,1400-10-19,2022-01-09
663,دمعيار,صندوق س. توازن معيار-د,64,354518,3429459527,9714,9702,9667,-47,-0.48,9674,-40,-0.41,9665,9702,1400-10-19,2022-01-09
664,سهگمت,سيمان‌هگمتان‌,63,79208,1600371040,20680,19850,20030,-650,-3.14,20630,-50,-0.24,19850,20940,1400-10-19,2022-01-09
665,وامين,س. امين توان آفرين ساز,63,129010,1588190550,12480,12360,12300,-180,-1.44,12470,-10,-0.08,12200,12400,1400-10-19,2022-01-09
666,پدرخش,درخشان‌ تهران‌,62,349996,2302973680,6270,6580,6580,310,4.94,6320,50,0.8,6580,6580,1400-10-19,2022-01-09
667,غپونه,نوش پونه مشهد,62,167186,1878752210,11540,11210,11350,-190,-1.65,11480,-60,-0.52,11200,11590,1400-10-19,2022-01-09
668,تكنو,تكنوتار,62,293549,1808515180,6470,6160,6150,-320,-4.95,6430,-40,-0.62,6150,6210,1400-10-19,2022-01-09
669,دپارس,پارس‌ دارو,62,56719,1570458210,28610,28320,27550,-1060,-3.7,28510,-100,-0.35,27260,28320,1400-10-19,2022-01-09
670,دسينا,داروسازي‌ سينا,61,138381,2772477140,20460,20540,20000,-460,-2.25,20380,-80,-0.39,19800,20540,1400-10-19,2022-01-09
671,سكه0111پ05,تمام سكه طرح جديد0111آينده,60,13000,15398468000,1229358,1190001,1181000,-48358,-3.93,1184497,-44861,-3.65,1177000,1200000,1400-10-19,2022-01-09
672,زرين,صندوق س. سهام زرين كوروش-س,60,120109,1498792875,12732,12685,12418,-314,-2.47,12479,-253,-1.99,12330,12818,1400-10-19,2022-01-09
673,وپخش,داروپخش‌ (هلدينگ‌,59,51293,1686250330,33540,32470,33290,-250,-0.75,33520,-20,-0.06,32370,33300,1400-10-19,2022-01-09
674,زعف0110پ09,زعفران0110نگين نوين(پ),58,14058,5549229433,401336,398000,394000,-7336,-1.83,394738,-6598,-1.64,390000,400000,1400-10-19,2022-01-09
675,وسنا,سرمايه گذاري نيروگاهي ايران,55,365415,3263948310,9190,9090,8920,-270,-2.94,9120,-70,-0.76,8920,9090,1400-10-19,2022-01-09
676,ضبدر1163,اختيارخ شبندر-6000-1400/11/13,52,527,254101000,857,712,480,-377,-43.99,482,-375,-43.76,371,712,1400-10-19,2022-01-09
677,سجامح,ح.مجتمع سيمان غرب آسيا,51,666648,501395437,764,752,760,-4,-0.52,752,-12,-1.57,742,770,1400-10-19,2022-01-09
678,شساخت,مهندسي و ساختمان صنايع نفت,50,153228,6765692550,44150,44150,44150,0,0,44150,0,0,44150,44450,1400-10-19,2022-01-09
679,ضصاد1113,اختيارخ وبصادر-2000-1400/11/06,50,2143,154979000,83,107,69,-14,-16.87,72,-11,-13.25,50,107,1400-10-19,2022-01-09
680,وحكمت,بيمه حكمت صبا,49,1617719,5234938684,3336,3236,3236,-100,-3,3282,-54,-1.62,3236,3236,1400-10-19,2022-01-09
681,جوين,كشت و صنعت جوين,47,934013,2233225083,2464,2391,2391,-73,-2.96,2448,-16,-0.65,2391,2391,1400-10-19,2022-01-09
682,وبازار,صندوق س شاخصي بازارآشنا,47,305135,3491593720,11690,11560,11540,-150,-1.28,11440,-250,-2.14,11400,11680,1400-10-19,2022-01-09
683,آساس,صندوق س.آسمان آرماني سهام-س,47,32202,5236213524,165204,163504,162100,-3104,-1.88,162605,-2599,-1.57,160801,165199,1400-10-19,2022-01-09
684,تشتاد,صنايع توليدي اشتاد ايران‌,47,806757,3821490417,4868,4999,4722,-146,-3,4816,-52,-1.07,4722,4999,1400-10-19,2022-01-09
685,كمينا,شيشه سازي مينا,47,170810,1367542970,8240,8010,8000,-240,-2.91,8210,-30,-0.36,8000,8320,1400-10-19,2022-01-09
686,كصدف,كاشي صدف سرام استقلال آباده,46,273350,5696107050,21250,21800,20650,-600,-2.82,21000,-250,-1.18,20650,21800,1400-10-19,2022-01-09
687,وتعاون,بيمه تعاون,45,204921,330882745,1697,1613,1613,-84,-4.95,1695,-2,-0.12,1613,1665,1400-10-19,2022-01-09
688,ثاژن,سخت آژند,44,300441,1177733615,3880,3957,3946,66,1.7,3889,9,0.23,3850,3957,1400-10-19,2022-01-09
689,سدشت,صنايع سيمان دشتستان,44,22176,537417830,25500,24240,24230,-1270,-4.98,25450,-50,-0.2,24230,24250,1400-10-19,2022-01-09
690,فالوم,آلومتك‌,43,345676,6488338520,19350,18770,18770,-580,-3,18770,-580,-3,18770,18770,1400-10-19,2022-01-09
691,ضصاد1112,اختيارخ وبصادر-1800-1400/11/06,43,945,155484000,177,190,170,-7,-3.95,165,-12,-6.78,140,190,1400-10-19,2022-01-09
692,فافزا,فولاد افزا سپاهان,43,39857,1177992250,30450,29550,29550,-900,-2.96,30350,-100,-0.33,29550,29600,1400-10-19,2022-01-09
693,اوصتا,صندوق انديشه ورزان صباتامين -د,43,882877,18671070427,21137,21148,21148,11,0.05,21148,11,0.05,21147,21148,1400-10-19,2022-01-09
694,اخزا003,اسنادخزانه-م3بودجه00-030418,43,93476,53943008830,573860,580780,577900,4040,0.7,577080,3220,0.56,576010,580780,1400-10-19,2022-01-09
695,ولانا,شركت ليزينگ آريا دانا,42,242324,2695596450,11460,11170,11120,-340,-2.97,11300,-160,-1.4,11120,11180,1400-10-19,2022-01-09
696,ضسپا1111,اختيارخ خساپا-1400-1400/11/20,42,2336,691735000,303,320,284,-19,-6.27,296,-7,-2.31,278,320,1400-10-19,2022-01-09
697,اخزا910,اسنادخزانه-م10بودجه99-020807,42,38026,25837266870,679530,679870,678500,-1030,-0.15,679460,-70,-0.01,678500,680000,1400-10-19,2022-01-09
698,ضملت1133,اختيارخ وبملت-3000-1400/11/13,41,1215,317875000,281,242,259,-22,-7.83,262,-19,-6.76,220,268,1400-10-19,2022-01-09
699,اخزا903,اسنادخزانه-م3بودجه99-011110,41,29385,23607693440,803520,796010,803500,-20,0,803390,-130,-0.02,796010,805770,1400-10-19,2022-01-09
700,وثوق,سرمايه گذاري وثوق امين,40,68021,606779320,9190,8920,8920,-270,-2.94,9170,-20,-0.22,8920,8930,1400-10-19,2022-01-09
701,بخاور,بيمه زندگي خاورميانه,38,271766,580294836,2179,2229,2149,-30,-1.38,2177,-2,-0.09,2100,2229,1400-10-19,2022-01-09
702,اخزا812,اسنادخزانه-م12بودجه98-001111,37,77871,76870224040,986940,987500,987150,210,0.02,987150,210,0.02,986570,989000,1400-10-19,2022-01-09
703,اخزا008,اسنادخزانه-م8بودجه00-030919,36,85134,44832029060,524890,530000,532780,7890,1.5,526610,1720,0.33,524020,532890,1400-10-19,2022-01-09
704,ثاصفا,شركت‌ ساختمان‌ اصفهان‌,35,126484,1009342320,7750,7980,7980,230,2.97,7790,40,0.52,7980,7980,1400-10-19,2022-01-09
705,ضشنا2014,اختيارخ شپنا-5000-1401/02/25,35,1509,2504388000,1,2000,1646,1645,164500,1660,1659,165900,1598,2000,1400-10-19,2022-01-09
706,قپيرا,فرآورده‌هاي‌غدايي‌وقندپيرانشهر,34,122111,979843430,8420,8080,8000,-420,-4.99,8390,-30,-0.36,8000,8080,1400-10-19,2022-01-09
707,قشرين,قند شيرين خراسان,33,102612,566418240,5690,5520,5520,-170,-2.99,5680,-10,-0.18,5520,5520,1400-10-19,2022-01-09
708,بايكا,كارخانجات كابلسازي ‌ايران‌,32,77467,1149610280,15290,14840,14840,-450,-2.94,15240,-50,-0.33,14840,14840,1400-10-19,2022-01-09
709,اگ010155,گام بانك اقتصاد نوين0101,32,215000,202226500000,940000,940000,941100,1100,0.12,940588,588,0.06,940000,941100,1400-10-19,2022-01-09
710,صايند,صندوق س. گنجينه آينده روشن-د,32,256690,2573161110,10014,10024,10027,13,0.13,10024,10,0.1,10023,10027,1400-10-19,2022-01-09
711,ضسپا1113,اختيارخ خساپا-1800-1400/11/20,31,1348,97657000,85,78,72,-13,-15.29,72,-13,-15.29,67,90,1400-10-19,2022-01-09
712,فيروزا,صندوق بادرآمد ثابت فيروزه آسيا,30,111380,2917404335,26179,26200,26200,21,0.08,26193,14,0.05,26190,26200,1400-10-19,2022-01-09
713,كيان2,صندوق س. با درآمد ثابت كيان,30,3000000,3000000,32481,1,1,-32480,-100,1,-32480,-100,1,1,1400-10-19,2022-01-09
714,وجامي,سرمايه گذاري جامي,30,171832,650799616,3901,3784,3784,-117,-3,3893,-8,-0.21,3784,3867,1400-10-19,2022-01-09
715,ضفلا1163,اختيارخ فولاد-10000-1400/11/24,29,212,175498000,1034,900,849,-185,-17.89,828,-206,-19.92,761,900,1400-10-19,2022-01-09
716,آتيمس,صندوق س.آرمان آتيه درخشان مس-س,28,5549,981548078,180042,178410,175400,-4642,-2.58,176887,-3155,-1.75,174946,178500,1400-10-19,2022-01-09
717,برن0104پ01,برنج طارم0104تجارت مازندران(پ),28,1486,834302865,558638,560000,564800,6162,1.1,561442,2804,0.5,555500,565000,1400-10-19,2022-01-09
718,گكيش,توريستي ورفاهي آبادگران كيش,28,26975,558382500,21300,20700,20700,-600,-2.82,21250,-50,-0.23,20700,20700,1400-10-19,2022-01-09
719,اخزا902,اسنادخزانه-م2بودجه99-011019,28,13019,10582369120,812090,812500,813000,910,0.11,812840,750,0.09,812010,816380,1400-10-19,2022-01-09
720,گنجين,صندوق س. گنجينه يكم آويد-د,26,146566,2132837332,14535,14553,14550,15,0.1,14552,17,0.12,14545,14555,1400-10-19,2022-01-09
721,عيار2,صندوق سكه طلاي مفيد,25,250000,250000,31020,1,1,-31019,-100,1,-31019,-100,1,1,1400-10-19,2022-01-09
722,اخزا901,اسنادخزانه-م1بودجه99-010621,24,15649,13615581310,868370,869620,870030,1660,0.19,870060,1690,0.19,869370,872250,1400-10-19,2022-01-09
723,افق ملت,صندوق س در سهام افق ملت,23,12815,1739130000,137800,139900,134020,-3780,-2.74,135710,-2090,-1.52,134020,139900,1400-10-19,2022-01-09
724,ضشنا1047,اختيارخ شپنا-4905-1400/10/19,23,208,306204615,952,808,845,-107,-11.24,802,-150,-15.76,700,890,1400-10-19,2022-01-09
725,ثروتم,صندوق س. ثروت آفرين پارسيان-س,23,18980,1594038500,84266,84531,83500,-766,-0.91,83985,-281,-0.33,83066,85381,1400-10-19,2022-01-09
726,اخزا911,اسنادخزانه-م11بودجه99-020906,22,47047,31383850050,670230,670230,667500,-2730,-0.41,667070,-3160,-0.47,666550,670230,1400-10-19,2022-01-09
727,قنيشا,قند  نيشابور,22,34197,1457818110,44870,42630,42630,-2240,-4.99,44640,-230,-0.51,42630,42630,1400-10-19,2022-01-09
728,لازما,كارخانه هاي صنعتي آزمايش,21,40618,984986500,24950,24250,24250,-700,-2.81,24900,-50,-0.2,24250,24250,1400-10-19,2022-01-09
729,داريك,صندوق س.اعتماد داريك-د,21,514080,6235285242,12124,12129,12129,5,0.04,12129,5,0.04,12129,12131,1400-10-19,2022-01-09
730,اخزا905,اسنادخزانه-م5بودجه99-020218,21,170879,128988124450,756360,753220,757970,1610,0.21,754850,-1510,-0.2,753000,757970,1400-10-19,2022-01-09
731,اخزا914,اسنادخزانه-م14بودجه99-021025,20,22627,14767052890,650060,648590,649520,-540,-0.08,652630,2570,0.4,648590,657000,1400-10-19,2022-01-09
732,ماني2,صندوق س. با درآمد ثابت ماني,20,2000000,2000000,10789,1,1,-10788,-99.99,1,-10788,-99.99,1,1,1400-10-19,2022-01-09
733,غشوكو,شوكو پارس,20,27341,204237270,7700,7470,7470,-230,-2.99,7700,0,0,7470,7470,1400-10-19,2022-01-09
734,واحصا,احياء صنايع خراسان,20,17441,610435000,36050,35000,35000,-1050,-2.91,35000,-1050,-2.91,35000,35000,1400-10-19,2022-01-09
735,وحافظح,ح . بيمه حافظ,20,293162,1030965958,3732,3590,3509,-223,-5.98,3517,-215,-5.76,3509,3590,1400-10-19,2022-01-09
736,سخند,صندوق س.سپهرخبرگان نفت-د,19,74750,749702130,10035,10022,10020,-15,-0.15,10029,-6,-0.06,10020,10058,1400-10-19,2022-01-09
737,فافق,صنايع مس افق كرمان,19,383326,1234309720,3319,3220,3220,-99,-2.98,3306,-13,-0.39,3220,3220,1400-10-19,2022-01-09
738,اخزا918,اسنادخزانه-م18بودجه99-010323,18,9687,8859377640,913360,915000,913060,-300,-0.03,914560,1200,0.13,913060,915380,1400-10-19,2022-01-09
739,اخزا817,اسنادخزانه-م17بودجه98-010512,18,35792,31781621940,888620,887620,888010,-610,-0.07,887950,-670,-0.08,887600,890010,1400-10-19,2022-01-09
740,اراد50,مرابحه عام دولت5-ش.خ0302,17,361800,361803046000,1000000,1000010,1000010,10,0,1000010,10,0,1000000,1000010,1400-10-19,2022-01-09
741,ساروج,بين المللي ساروج بوشهر,16,74282,1232410420,16520,16600,16200,-320,-1.94,16530,10,0.06,16200,17000,1400-10-19,2022-01-09
742,اخزا815,اسنادخزانه-م15بودجه98-010406,16,3886,3522818580,908400,905510,906770,-1630,-0.18,906540,-1860,-0.2,905510,907990,1400-10-19,2022-01-09
743,فراز,صندوق س.سهام فراز داريك-س,16,82604,1176135752,14237,14238,14238,1,0.01,14238,1,0.01,14238,14240,1400-10-19,2022-01-09
744,ساذري,آذريت‌,16,25630,190174600,7640,7420,7420,-220,-2.88,7420,-220,-2.88,7420,7420,1400-10-19,2022-01-09
745,كباده,توليد خاك نسوزاستقلال آباده,15,54468,1830124800,32650,33600,33600,950,2.91,32800,150,0.46,33600,33600,1400-10-19,2022-01-09
746,طلا2,صندوق س.پشتوانه طلاي لوتوس,15,1500000,1500000,86503,1,1,-86502,-100,1,-86502,-100,1,1,1400-10-19,2022-01-09
747,ضشنا1046,اختيارخ شپنا-4360-1400/10/19,15,219,562662380,1559,1400,1400,-159,-10.2,1400,-159,-10.2,1399,1401,1400-10-19,2022-01-09
748,ولتجار,واسپاري تجارت وسرمايه ايرانيان,15,67925,171133075,2596,2521,2519,-77,-2.97,2595,-1,-0.04,2519,2521,1400-10-19,2022-01-09
749,گوهر2,صندوق سكه طلاي كيان,15,150000,150000,60960,1,1,-60959,-100,1,-60959,-100,1,1,1400-10-19,2022-01-09
750,كبورس,كارگزاران بورس اوراق بهادار,15,1500000,14550000000,10210,9700,9700,-510,-5,10070,-140,-1.37,9700,9700,1400-10-19,2022-01-09
751,اخزا820,اسنادخزانه-م20بودجه98-020806,14,8328,5639280400,676060,676500,678500,2440,0.36,677150,1090,0.16,675000,678510,1400-10-19,2022-01-09
752,اخزا818,اسنادخزانه-م18بودجه98-010614,14,5596,4882054800,886440,871000,872760,-13680,-1.54,872420,-14020,-1.58,871000,882990,1400-10-19,2022-01-09
753,افرا,افرانت,13,5321,111208900,22000,20900,20900,-1100,-5,22000,0,0,20900,20900,1400-10-19,2022-01-09
754,فنرژي,گسترش صنايع انرژي آذرآب,13,56062,565665580,10290,10090,10090,-200,-1.94,10090,-200,-1.94,10090,10090,1400-10-19,2022-01-09
755,سدبير,س. تدبيرگران فارس وخوزستان,13,13896,515541600,39050,37100,37100,-1950,-4.99,39000,-50,-0.13,37100,37100,1400-10-19,2022-01-09
756,داريوش,صندوق س. ثروت داريوش -س,13,23351,219473880,9603,9490,9468,-135,-1.41,9399,-204,-2.12,9330,9490,1400-10-19,2022-01-09
757,اخزا908,اسنادخزانه-م8بودجه99-020606,13,8779,6200194730,705420,705110,709000,3580,0.51,706250,830,0.12,705100,709000,1400-10-19,2022-01-09
758,لپيام,گسترش صنايع پيام,13,100118,2618085700,26950,26150,26150,-800,-2.97,26750,-200,-0.74,26150,26150,1400-10-19,2022-01-09
759,اخزا909,اسنادخزانه-م9بودجه99-020316,12,32521,24046295720,741180,738600,739580,-1600,-0.22,739410,-1770,-0.24,738560,740000,1400-10-19,2022-01-09
760,ثهام,صندوق س ثروت هامرز-سهام,12,12589,134946620,10750,10700,10850,100,0.93,10720,-30,-0.28,10700,10850,1400-10-19,2022-01-09
761,اخزا813,اسنادخزانه-م13بودجه98-010219,12,1429,1332364730,934360,930620,935100,740,0.08,932380,-1980,-0.21,930620,935110,1400-10-19,2022-01-09
762,ضفلا1164,اختيارخ فولاد-12000-1400/11/24,11,231,37134000,291,155,195,-96,-32.99,161,-130,-44.67,155,195,1400-10-19,2022-01-09
763,ضمخا1036,اختيارخ اخابر-8000-1400/10/26,10,159,5924000,71,41,30,-41,-57.75,37,-34,-47.89,30,41,1400-10-19,2022-01-09
764,ضصاد1111,اختيارخ وبصادر-1600-1400/11/06,10,251,94343000,381,364,370,-11,-2.89,376,-5,-1.31,364,388,1400-10-19,2022-01-09
765,زعف0110پ08,زعفران0110نگين روستا(پ),10,3700,1480249830,403509,395166,399001,-4508,-1.12,400068,-3441,-0.85,395036,405000,1400-10-19,2022-01-09
766,ضپاس1011,اختيارخ وپارس-2000-1400/10/22,10,272,1502000,4,1,5,1,25,6,2,50,1,9,1400-10-19,2022-01-09
767,اطلس2,صندوق س.توسعه اندوخته آينده-س,10,100000,100000,240756,1,1,-240755,-100,1,-240755,-100,1,1,1400-10-19,2022-01-09
768,پارتا,مجتمع‌صنعتي‌آرتاويل‌تاير,9,30201,558416490,19060,18490,18490,-570,-2.99,19040,-20,-0.1,18490,18490,1400-10-19,2022-01-09
769,ضجار2013,اختيارخ وتجارت-2000-1401/02/21,9,56,17717000,332,340,300,-32,-9.64,316,-16,-4.82,292,340,1400-10-19,2022-01-09
770,ضفلا1165,اختيارخ فولاد-14000-1400/11/24,9,32,2975000,70,70,90,20,28.57,93,23,32.86,70,98,1400-10-19,2022-01-09
771,شرق1400,مشاركت ليزينگ ايران وشرق140010,8,8970,9032970000,1000000,1001000,1010000,10000,1,1007020,7020,0.7,1001000,1010000,1400-10-19,2022-01-09
772,ضسپا1110,اختيارخ خساپا-1200-1400/11/20,8,71,35485000,512,485,500,-12,-2.34,500,-12,-2.34,485,500,1400-10-19,2022-01-09
773,اخزا904,اسنادخزانه-م4بودجه99-011215,8,3105,2446576730,790060,789500,790990,930,0.12,787950,-2110,-0.27,785030,790990,1400-10-19,2022-01-09
774,اخزا814,اسنادخزانه-م14بودجه98-010318,8,2240,2056421200,916120,920000,918110,1990,0.22,918050,1930,0.21,917000,920000,1400-10-19,2022-01-09
775,افران2,صندوق س افرا نماد پايدار-ثابت,8,38200000,38200000,15194,1,1,-15193,-99.99,1,-15193,-99.99,1,1,1400-10-19,2022-01-09
776,گپارس,امور رفاهي كارگزاران پارس,7,1362,139400700,105500,102350,102350,-3150,-2.99,105450,-50,-0.05,102350,102350,1400-10-19,2022-01-09
777,ضكاريس903,اختيارخ كاريس-16000-14010930,7,101,150530000,1501,1450,1495,-6,-0.4,1490,-11,-0.73,1450,1495,1400-10-19,2022-01-09
778,طجار2013,اختيارف وتجارت-2000-1401/02/21,7,612,122520000,1,200,210,209,20900,200,199,19900,200,210,1400-10-19,2022-01-09
779,ثنظام,س. ساختماني نظام مهندسي ايران,7,4742,77484280,16840,16340,16340,-500,-2.97,16340,-500,-2.97,16340,16340,1400-10-19,2022-01-09
780,جهرم,پتروشيمي جهرم,7,73088,94502784,1332,1293,1293,-39,-2.93,1332,0,0,1293,1293,1400-10-19,2022-01-09
781,ضملي1160,اختيارخ فملي-6000-1400/11/03,7,44,105060000,1233,1050,1320,87,7.06,1194,-39,-3.16,1050,1320,1400-10-19,2022-01-09
782,خعمرا,توسعه و عمران شهرستان نائين,7,99935,624593750,6070,6250,6250,180,2.97,6080,10,0.16,6250,6250,1400-10-19,2022-01-09
783,دفاراح,ح . داروسازي‌ فارابي‌,7,9372,96126800,10400,10500,10200,-200,-1.92,10260,-140,-1.35,10200,10500,1400-10-19,2022-01-09
784,سيناد,صندوق س.سپهرسودمند سينا-د,7,4442,44528353,10022,10025,10024,2,0.02,10024,2,0.02,10024,10025,1400-10-19,2022-01-09
785,ضفلا1162,اختيارخ فولاد-9000-1400/11/24,6,91,136079000,1454,1200,1500,46,3.16,1495,41,2.82,1200,1500,1400-10-19,2022-01-09
786,پلوله,گازلوله‌,6,10213,226217950,22800,22150,22150,-650,-2.85,22800,0,0,22150,22150,1400-10-19,2022-01-09
787,اراد61,مرابحه عام دولت61-ش.خ0309,6,44000,44000000000,1000000,1000000,1000000,0,0,1000000,0,0,1000000,1000000,1400-10-19,2022-01-09
788,غناب,روغن‌ نباتي‌ ناب,6,1400,203700000,141300,145500,145500,4200,2.97,141400,100,0.07,145500,145500,1400-10-19,2022-01-09
789,كارا2,صندوق س. كارا -د,6,57900000,57900000,10531,1,1,-10530,-99.99,1,-10530,-99.99,1,1,1400-10-19,2022-01-09
790,وحافظ,بيمه حافظ,6,190960,1275612800,6880,6680,6680,-200,-2.91,6850,-30,-0.44,6680,6680,1400-10-19,2022-01-09
791,ضشنا1049,اختيارخ شپنا-6540-1400/10/19,6,36,66060,3,1,1,-2,-66.67,1,-2,-66.67,1,1,1400-10-19,2022-01-09
792,كشم0101پ01,كشمش سبز0101خليل آباد(پ),6,64,40987812,636031,667831,665998,29967,4.71,640435,4404,0.69,622509,667831,1400-10-19,2022-01-09
793,سلار,شركت سيمان لارستان,6,24867,548317350,22700,22050,22050,-650,-2.86,22650,-50,-0.22,22050,22050,1400-10-19,2022-01-09
794,ضپاس1010,اختيارخ وپارس-1800-1400/10/22,6,191,6114000,120,11,25,-95,-79.17,32,-88,-73.33,11,50,1400-10-19,2022-01-09
795,اوج,صندوق س.اوج دماوند-س,5,17722,177259944,10002,10002,10002,0,0,10002,0,0,10002,10005,1400-10-19,2022-01-09
796,آكورد2,صندوق س. آرمان آتي كوثر-د,5,500000,500000,36173,1,1,-36172,-100,1,-36172,-100,1,1,1400-10-19,2022-01-09
797,اخزا816,اسنادخزانه-م16بودجه98-010503,5,294,262428480,894060,892610,892800,-1260,-0.14,892610,-1450,-0.16,892610,892800,1400-10-19,2022-01-09
798,اخزا009,اسناد خزانه-م9بودجه00-031101,5,258,134125530,517900,514090,519890,1990,0.38,519870,1970,0.38,514090,519890,1400-10-19,2022-01-09
799,حاريا,كشتيراني آريا,5,8045,103860950,13170,12910,12910,-260,-1.97,12910,-260,-1.97,12910,12910,1400-10-19,2022-01-09
800,سپيدما2,صندوق س. سپيد دماوند-د,5,41000000,41000000,11650,1,1,-11649,-99.99,1,-11649,-99.99,1,1,1400-10-19,2022-01-09
801,ضبدر1164,اختيارخ شبندر-7000-1400/11/13,5,40,4102000,108,125,61,-47,-43.52,103,-5,-4.63,56,125,1400-10-19,2022-01-09
802,ضملي1159,اختيارخ فملي-5000-1400/11/03,5,16,62006000,2114,1804,2000,-114,-5.39,1938,-176,-8.33,1800,2000,1400-10-19,2022-01-09
803,تپولا,مهندسي مرآت پولاد,4,1655,24825000,15460,15000,15000,-460,-2.98,15000,-460,-2.98,15000,15000,1400-10-19,2022-01-09
804,طخود2018,اختيارف خودرو-2000-1401/02/07,4,208,42584000,179,200,210,31,17.32,205,26,14.53,200,210,1400-10-19,2022-01-09
805,نبروج,نساجي بروجرد,4,54000,320760000,5828,5940,5940,112,1.92,5840,12,0.21,5940,5940,1400-10-19,2022-01-09
806,وسصفا,شركت س استان اصفهان,4,73703,51076179,729,693,693,-36,-4.94,729,0,0,693,693,1400-10-19,2022-01-09
807,ضمخا1035,اختيارخ اخابر-7000-1400/10/26,4,28,6032000,250,152,300,50,20,215,-35,-14,152,300,1400-10-19,2022-01-09
808,طخود2016,اختيارف خودرو-1600-1401/02/07,4,200,11700000,59,62,55,-4,-6.78,58,-1,-1.69,55,62,1400-10-19,2022-01-09
809,پا ه 17,بار پايه هفته 17,4,148000,76664000,515,518,518,3,0.58,518,3,0.58,518,518,1400-10-19,2022-01-09
810,مشهد0312,مشاركت ش مشهد0312-3ماهه18%,4,35000,35000000000,1000000,1000000,1000000,0,0,1000000,0,0,1000000,1000000,1400-10-19,2022-01-09
811,ضبدر1165,اختيارخ شبندر-8000-1400/11/13,4,200,6990000,42,35,34,-8,-19.05,35,-7,-16.67,34,35,1400-10-19,2022-01-09
812,ضذوب3000,اختيارخ ذوب-2000-1401/03/04,4,50,87900000,1900,1800,1730,-170,-8.95,1758,-142,-7.47,1730,1800,1400-10-19,2022-01-09
813,پادا,صندوق س.پاداش سرمايه پارس-س,4,350,36940000,105870,105700,105500,-370,-0.35,105543,-327,-0.31,105200,105700,1400-10-19,2022-01-09
814,ضبدر1162,اختيارخ شبندر-5000-1400/11/13,4,28,42018000,2000,1502,1499,-501,-25.05,1501,-499,-24.95,1499,1502,1400-10-19,2022-01-09
815,ضشنا2013,اختيارخ شپنا-4500-1401/02/25,4,20,40000000,1,2000,2000,1999,199900,2000,1999,199900,2000,2000,1400-10-19,2022-01-09
816,طخود2017,اختيارف خودرو-1800-1401/02/07,4,103,9270000,113,90,90,-23,-20.35,90,-23,-20.35,90,90,1400-10-19,2022-01-09
817,ضملت1135,اختيارخ وبملت-4000-1400/11/13,4,42,700000,99,18,17,-82,-82.83,17,-82,-82.83,10,20,1400-10-19,2022-01-09
818,اخزا907,اسنادخزانه-م7بودجه99-020704,4,3899,2698522840,692120,692100,692520,400,0.06,692110,-10,0,692100,692520,1400-10-19,2022-01-09
819,آگاس2,صندوق س.هستي بخش آگاه-س,4,500000,500000,76895,1,1,-76894,-100,1,-76894,-100,1,1,1400-10-19,2022-01-09
820,ضشگويا1202,اختيارخ شگويا-10000-14001222,4,175,368750000,2265,2300,2000,-265,-11.7,2107,-158,-6.98,2000,2300,1400-10-19,2022-01-09
821,مشهد312,مشاركت ش مشهد312-3ماهه18%,3,15022,15022000000,1000000,1000000,1000000,0,0,1000000,0,0,1000000,1000000,1400-10-19,2022-01-09
822,ويستا,صندوق س. ويستا -س,3,1558,15959750,10200,10250,10240,40,0.39,10244,44,0.43,10240,10250,1400-10-19,2022-01-09
823,پا ر 4,بار پايه روز 4,3,101000,52510000,730,520,519,-211,-28.9,520,-210,-28.77,519,520,1400-10-19,2022-01-09
824,ضصاد1110,اختيارخ وبصادر-1400-1400/11/06,3,60,35660000,465,575,597,132,28.39,594,129,27.74,575,597,1400-10-19,2022-01-09
825,اخزا010,اسناد خزانه-م10بودجه00-031115,3,24604,12483128260,513088,520000,507329,-5759,-1.12,507362,-5726,-1.12,507319,520000,1400-10-19,2022-01-09
826,خفولا,خدمات فني فولاد يزد,3,2090,46920500,23100,22450,22450,-650,-2.81,23100,0,0,22450,22450,1400-10-19,2022-01-09
827,وسالت,بانك قرض الحسنه رسالت,3,101,132815,1277,1315,1315,38,2.98,1315,38,2.98,1315,1315,1400-10-19,2022-01-09
828,ثمين2,صندوق س. ثروت افزون ثمين-س,3,3000000,3000000,10173,1,1,-10172,-99.99,1,-10172,-99.99,1,1,1400-10-19,2022-01-09
829,حرهشا,رهشاد سپاهان (سهامي عام,3,696,53661600,79450,77100,77100,-2350,-2.96,77100,-2350,-2.96,77100,77100,1400-10-19,2022-01-09
830,انار2,صندوق س.انارنماد ارزش-درسهام,3,210000,210000,9320,1,1,-9319,-99.99,1,-9319,-99.99,1,1,1400-10-19,2022-01-09
831,اراد954,مرابحه عام دولت95-ش.خ020514,3,2990000,2812787900000,941300,942210,980000,38700,4.11,940732,-568,-0.06,900000,980000,1400-10-19,2022-01-09
832,اشاد10,مشاركت دولتي10-شرايط خاص001226,3,1600,1588200000,982010,983100,999980,17970,1.83,992620,10610,1.08,983100,999980,1400-10-19,2022-01-09
833,سفاسي,شركت فارسيت اهواز,3,12000,40416000,3472,3368,3368,-104,-3,3472,0,0,3368,3368,1400-10-19,2022-01-09
834,ضملت1132,اختيارخ وبملت-2500-1400/11/13,3,9,6131000,766,680,700,-66,-8.62,681,-85,-11.1,651,700,1400-10-19,2022-01-09
835,تملي802,تسهيلات مسكن ب. ملي-ارديبهشت98,3,16,13303005,844685,843900,802451,-42234,-5,831438,-13247,-1.57,802451,886919,1400-10-19,2022-01-09
836,ضخود2021,اختيارخ خودرو-3500-1401/02/07,3,103,4525000,47,40,44,-3,-6.38,44,-3,-6.38,40,45,1400-10-19,2022-01-09
837,پا ر 6,بار پايه روز 6,3,101000,52510000,700,520,519,-181,-25.86,520,-180,-25.71,519,520,1400-10-19,2022-01-09
838,پا ر 5,بار پايه روز 5,3,101000,52510000,730,520,519,-211,-28.9,520,-210,-28.77,519,520,1400-10-19,2022-01-09
839,هنوري102,اختيارف ت نوري59561-01/02/15,3,30053,30053,1,1,1,0,0,1,0,0,1,1,1400-10-19,2022-01-09
840,سيلام,سيمان‌ ايلام‌,2,2500,16250000,6840,6500,6500,-340,-4.97,6840,0,0,6500,6500,1400-10-19,2022-01-09
841,پا ر 7,بار پايه روز 7,2,91000,47320000,700,520,520,-180,-25.71,520,-180,-25.71,520,520,1400-10-19,2022-01-09
842,اراد404,مرابحه عام دولت4-ش.خ 0207,2,2016000,1868636472000,1000000,926906,926900,-73100,-7.31,926903,-73097,-7.31,926900,926906,1400-10-19,2022-01-09
843,ضبدر1161,اختيارخ شبندر-4500-1400/11/13,2,2,3800000,2500,2000,1800,-700,-28,1900,-600,-24,1800,2000,1400-10-19,2022-01-09
844,ضترا1133,اختيارخ شتران-4411-1400/11/10,2,31,2811080,110,40,40,-70,-63.64,40,-70,-63.64,40,40,1400-10-19,2022-01-09
845,فبستم,صنايع ‌بسته‌بندي‌ مشهد,2,100,96500,937,965,965,28,2.99,965,28,2.99,965,965,1400-10-19,2022-01-09
846,ثبات2,صندوق س. ثبات ويستا -د,2,11000000,11000000,10718,1,1,-10717,-99.99,1,-10717,-99.99,1,1,1400-10-19,2022-01-09
847,ضملت1131,اختيارخ وبملت-2000-1400/11/13,2,2,1800000,1217,900,900,-317,-26.05,900,-317,-26.05,900,900,1400-10-19,2022-01-09
848,طپاس1011,اختيارف وپارس-2000-1400/10/22,2,31,2201000,93,71,71,-22,-23.66,71,-22,-23.66,71,71,1400-10-19,2022-01-09
849,ضجار2010,اختيارخ وتجارت-1400-1401/02/21,2,2,1020000,1,510,510,509,50900,510,509,50900,510,510,1400-10-19,2022-01-09
850,سرو2,صندوق س سروسودمند مدبران-سهام,2,100000,100000,69490,1,1,-69489,-100,1,-69489,-100,1,1,1400-10-19,2022-01-09
851,آسام,صندوق س.آرمان سپهر آشنا-م,2,4310,506440000,118860,117800,117500,-1360,-1.14,117503,-1357,-1.14,117500,117800,1400-10-19,2022-01-09
852,ضشنا2015,اختيارخ شپنا-6000-1401/02/25,2,45,45000000,1000,1000,1000,0,0,1000,0,0,1000,1000,1400-10-19,2022-01-09
853,اراد334,مرابحه عام دولت3-ش.خ 0303,2,3194000,2754245289000,989990,862337,862300,-127690,-12.9,862318,-127672,-12.9,862300,862337,1400-10-19,2022-01-09
854,داراب,پتروشيمي داراب,2,13000,28106000,2228,2162,2162,-66,-2.96,2228,0,0,2162,2162,1400-10-19,2022-01-09
855,ضذوب3001,اختيارخ ذوب-2500-1401/03/04,2,10,13000000,1500,1300,1300,-200,-13.33,1300,-200,-13.33,1300,1300,1400-10-19,2022-01-09
856,اراد86,مرابحه عام دولت86-ش.خ020404,2,1000,960000000,920700,955000,965000,44300,4.81,960000,39300,4.27,955000,965000,1400-10-19,2022-01-09
857,اراد87,مرابحه عام دولت87-ش.خ030304,2,2000,1920980000,935000,969990,959990,24990,2.67,960490,25490,2.73,959990,969990,1400-10-19,2022-01-09
858,ضپاس2012,اختيارخ وپارس-1800-1401/02/28,2,13,5265000,360,410,397,37,10.28,405,45,12.5,397,410,1400-10-19,2022-01-09
859,اراد49,مرابحه عام دولت4-ش.خ 0206,2,500,475000000,950049,950000,950000,-49,-0.01,950000,-49,-0.01,950000,950000,1400-10-19,2022-01-09
860,ضخوز2021,اختيارخ فخوز-4500-1401/02/18,2,100,175000000,1,1200,2300,2299,229900,1750,1749,174900,1200,2300,1400-10-19,2022-01-09
861,حگردش,ريل گردش ايرانيان,2,5000,18995000,3916,3799,3799,-117,-2.99,3916,0,0,3799,3799,1400-10-19,2022-01-09
862,لخانه,لوازم‌ خانگي‌ پارس‌,2,917,13846700,15560,15100,15100,-460,-2.96,15560,0,0,15100,15100,1400-10-19,2022-01-09
863,زگلدشتح,ح.كشت و دام گلدشت نمونه اصفهان,2,1749,13292400,6131,7600,7600,1469,23.96,7600,1469,23.96,7600,7600,1400-10-19,2022-01-09
864,هپارس102,اختيارف ت پارس-157010-01/02/05,2,15430,15430,1,1,1,0,0,1,0,0,1,1,1400-10-19,2022-01-09
865,شسم,توليد سموم‌ علف‌ كش,2,1500,156375000,101258,104250,104250,2992,2.95,101350,92,0.09,104250,104250,1400-10-19,2022-01-09
866,اراد95,مرابحه عام دولت95-ش.خ020514,2,10100,9516321000,941300,942210,942210,910,0.1,942210,910,0.1,942210,942210,1400-10-19,2022-01-09
867,ضملت3010,اختيارخ وبملت-2500-1401/03/18,2,4,3402000,1,501,1200,1199,119900,850,849,84900,501,1200,1400-10-19,2022-01-09
868,وخاور2,بانك خاورميانه,2,10000000,50200000000,5040,5040,5000,-40,-0.79,5020,-20,-0.4,5000,5040,1400-10-19,2022-01-09
869,پاكشو4,گروه صنعتي پاكشو,1,107000000,646280000000,6070,6040,6040,-30,-0.49,6040,-30,-0.49,6040,6040,1400-10-19,2022-01-09
870,اخزا0094,اسناد خزانه-م9بودجه00-031101,1,6210000,3216159000000,517900,517900,517900,0,0,517900,0,0,517900,517900,1400-10-19,2022-01-09
871,شخارك2,پتروشيمي‌ خارك‌,1,6000000,300720000000,50120,50120,50120,0,0,50120,0,0,50120,50120,1400-10-19,2022-01-09
872,ضمخا1034,اختيارخ اخابر-6000-1400/10/26,1,10,10000000,1021,1000,1000,-21,-2.06,1000,-21,-2.06,1000,1000,1400-10-19,2022-01-09
873,ضشنا1050,اختيارخ شپنا-7629-1400/10/19,1,1,1835,1,1,1,0,0,1,0,0,1,1,1400-10-19,2022-01-09
874,كمان,س.خ.كمان كاريزما 35% تاديه,1,10000,3848510000,384627,384851,384851,224,0.06,384851,224,0.06,384851,384851,1400-10-19,2022-01-09
875,شكف,كف,1,62,5034400,82850,81200,81200,-1650,-1.99,81200,-1650,-1.99,81200,81200,1400-10-19,2022-01-09
876,خفناور,مهندسي صنعتي روان فن آور,1,330,11500500,35900,34850,34850,-1050,-2.92,34850,-1050,-2.92,34850,34850,1400-10-19,2022-01-09
877,تملي703,تسهيلات مسكن ب. ملي-خرداد97,1,20,10400000,537933,520000,520000,-17933,-3.33,520000,-17933,-3.33,520000,520000,1400-10-19,2022-01-09
878,ثتران4,سرمايه گذاري مسكن تهران,1,12250000,34226500000,2869,2794,2794,-75,-2.61,2794,-75,-2.61,2794,2794,1400-10-19,2022-01-09
879,پا ر 8,بار پايه روز 8,1,6000,3120000,560,520,520,-40,-7.14,520,-40,-7.14,520,520,1400-10-19,2022-01-09
880,خاتم2,صندوق س خاتم ايساتيس پويا-ثابت,1,400000,400000,12614,1,1,-12613,-99.99,1,-12613,-99.99,1,1,1400-10-19,2022-01-09
881,پست0108پ10,پسته فندقي34-32مه ولات0108(پ),1,10,21000000,2150000,2100000,2100000,-50000,-2.33,2100000,-50000,-2.33,2100000,2100000,1400-10-19,2022-01-09
882,فن آوا2,گروه فن آوا,1,1420000,14824800000,10430,10440,10440,10,0.1,10440,10,0.1,10440,10440,1400-10-19,2022-01-09
883,اخزا9182,اسنادخزانه-م18بودجه99-010323,1,601685,549731906990,913360,913654,913654,294,0.03,913654,294,0.03,913654,913654,1400-10-19,2022-01-09
884,وگردش2,بانك گردشگري,1,8172000,83109240000,10170,10170,10170,0,0,10170,0,0,10170,10170,1400-10-19,2022-01-09
885,طجار2011,اختيارف وتجارت-1600-1401/02/21,1,1,60000,1,60,60,59,5900,60,59,5900,60,60,1400-10-19,2022-01-09
886,شگويات.ف0104,اختيارف.تبعي شگويا010408,1,10000,10000,1,1,1,0,0,1,0,0,1,1,1400-10-19,2022-01-09
887,فكمند,گسترش قطعه سازي كمند,1,767,25886250,34750,33750,33750,-1000,-2.88,34750,0,0,33750,33750,1400-10-19,2022-01-09
888,كهرام,توليدي گرانيت بهسرام,1,100,8685000,88615,86850,86850,-1765,-1.99,88600,-15,-0.02,86850,86850,1400-10-19,2022-01-09
889,ضشگويا1201,اختيارخ شگويا-9000-14001222,1,5,14000000,3300,2800,2800,-500,-15.15,2800,-500,-15.15,2800,2800,1400-10-19,2022-01-09
890,ثبات4,صندوق س. ثبات ويستا -د,1,6000000,64344000000,10718,10724,10724,6,0.06,10724,6,0.06,10724,10724,1400-10-19,2022-01-09
891,زير0103پ01,زيره سبز0103كيميابذر(پ),1,30,30000000,1030000,1000000,1000000,-30000,-2.91,1000000,-30000,-2.91,1000000,1000000,1400-10-19,2022-01-09
892,ميدكو2,توسعه معادن وص.معدني خاورميانه,1,15000000,692700000000,46180,46180,46180,0,0,46180,0,0,46180,46180,1400-10-19,2022-01-09
893,ضصاد3015,اختيارخ وبصادر-2000-1401/03/11,1,100,52000000,1,520,520,519,51900,520,519,51900,520,520,1400-10-19,2022-01-09
894,ضجار2014,اختيارخ وتجارت-2500-1401/02/21,1,80,4160000,178,52,52,-126,-70.79,52,-126,-70.79,52,52,1400-10-19,2022-01-09
895,اراد654,مرابحه عام دولتي65-ش.خ0210,1,1000000,1002720000000,1000000,1002720,1002720,2720,0.27,1002720,2720,0.27,1002720,1002720,1400-10-19,2022-01-09
896,ثپرديس4,سرمايه گذاري مسكن پرديس,1,3204775,11783957675,3719,3677,3677,-42,-1.13,3677,-42,-1.13,3677,3677,1400-10-19,2022-01-09
897,پا ر 9,بار پايه روز 9,1,6000,3120000,560,520,520,-40,-7.14,520,-40,-7.14,520,520,1400-10-19,2022-01-09
898,اراد76,مرابحه عام دولت76-ش.خ030406,1,100,99142000,944210,991420,991420,47210,5,991420,47210,5,991420,991420,1400-10-19,2022-01-09
899,افاد54,منفعت دولت5-ش.خاص لوتوس0108,1,1000,910000000,930000,910000,910000,-20000,-2.15,910000,-20000,-2.15,910000,910000,1400-10-19,2022-01-09
900,زير0103پ02,زيره سبز0103 دانش(پ),1,1,1081770,1038000,1081770,1081770,43770,4.22,1081770,43770,4.22,1081770,1081770,1400-10-19,2022-01-09
901,اوصتا4,صندوق انديشه ورزان صباتامين -د,1,10875000,229984500000,21137,21148,21148,11,0.05,21148,11,0.05,21148,21148,1400-10-19,2022-01-09
902,ضذوب3003,اختيارخ ذوب-3500-1401/03/04,1,1,800000,1000,800,800,-200,-20,800,-200,-20,800,800,1400-10-19,2022-01-09
903,سپيدما4,صندوق س. سپيد دماوند-د,1,40000000,466280000000,11650,11657,11657,7,0.06,11657,7,0.06,11657,11657,1400-10-19,2022-01-09
904,ضهمن3000,اختيارخ خبهمن-1200-1401/03/11,1,5,5250000,1000,1050,1050,50,5,1050,50,5,1050,1050,1400-10-19,2022-01-09
905,نخو0102پ01,نخود متوسط0102شيري(پ),1,20,7202000,375105,360100,360100,-15005,-4,360100,-15005,-4,360100,360100,1400-10-19,2022-01-09
906,پيشگام,ص.ج.رشد يكم پيشگام 20%تاديه,1,2000,400000000,197667,200000,200000,2333,1.18,200000,2333,1.18,200000,200000,1400-10-19,2022-01-09
907,اخزا821,اسنادخزانه-م21بودجه98-020906,1,11,7423900,670650,674900,674900,4250,0.63,674900,4250,0.63,674900,674900,1400-10-19,2022-01-09
908,سفارود,كارخانه فارسيت درود,1,378,5019840,13550,13280,13280,-270,-1.99,13280,-270,-1.99,13280,13280,1400-10-19,2022-01-09
909,وسخوز,شركت س استان خوزستان,1,49500,29848500,634,603,603,-31,-4.89,634,0,0,603,603,1400-10-19,2022-01-09
910,كابگن,توليدي و صنعتي آبگينه‌,1,1000,6550000,6490,6550,6550,60,0.92,6550,60,0.92,6550,6550,1400-10-19,2022-01-09
911,ضسپا1109,اختيارخ خساپا-1000-1400/11/20,1,6,3606000,668,601,601,-67,-10.03,601,-67,-10.03,601,601,1400-10-19,2022-01-09
912,ثالوند4,سرمايه گذاري مسكن الوند,1,1036600,6074476000,6060,5860,5860,-200,-3.3,5860,-200,-3.3,5860,5860,1400-10-19,2022-01-09
913,تصميم2,صندوق س با درآمد ثابت تصميم,1,2000000,2000000,18476,1,1,-18475,-99.99,1,-18475,-99.99,1,1,1400-10-19,2022-01-09
914,ضپال2001,اختيارخ اپال-14000-1401/02/12,1,3,30000000,12000,10000,10000,-2000,-16.67,10000,-2000,-16.67,10000,10000,1400-10-19,2022-01-09
915,اراد554,مرابحه عام دولت5-ش.خ 0209,1,95000,89515650000,922770,942270,942270,19500,2.11,942270,19500,2.11,942270,942270,1400-10-19,2022-01-09
916,مشهد0012,مشاركت شهرداري مشهد-3ماهه20%,1,12,11880000,1000000,990000,990000,-10000,-1,990000,-10000,-1,990000,990000,1400-10-19,2022-01-09
917,تبريز0342,مشاركت ش تبريز034-3 ماهه 18%,1,1200000,1200000000000,1000000,1000000,1000000,0,0,1000000,0,0,1000000,1000000,1400-10-19,2022-01-09
918,اراد934,مرابحه عام دولت93-ش.خ010809,1,530000,512160200000,970660,966340,966340,-4320,-0.45,966340,-4320,-0.45,966340,966340,1400-10-19,2022-01-09
919,وآتوس,س.آرين توسكا قيمت اسمي 350ريال,1,712,17230400,24948,24200,24200,-748,-3,24950,2,0.01,24200,24200,1400-10-19,2022-01-09
920,پارسا211,مشاركت ليزينگ پارسيان-3ماهه18%,1,500,485000000,925000,970000,970000,45000,4.86,970000,45000,4.86,970000,970000,1400-10-19,2022-01-09
921,حرم032,منفعت حرم تا حرم 14030714,1,500000,500000000000,1000000,1000000,1000000,0,0,1000000,0,0,1000000,1000000,1400-10-19,2022-01-09
922,فسديد,لوله‌وتجهيزات‌ سديد - ورشكسته,1,54,5065200,94700,93800,93800,-900,-0.95,93800,-900,-0.95,93800,93800,1400-10-19,2022-01-09
923,ضترا1131,اختيارخ شتران-3529-1400/11/10,1,2,3019644,598,666,666,68,11.37,666,68,11.37,666,666,1400-10-19,2022-01-09
924,اخزا8182,اسنادخزانه-م18بودجه98-010614,1,500000,436617000000,886440,873234,873234,-13206,-1.49,873234,-13206,-1.49,873234,873234,1400-10-19,2022-01-09
925,ضفلا1161,اختيارخ فولاد-8000-1400/11/24,1,1,2550000,3000,2550,2550,-450,-15,2550,-450,-15,2550,2550,1400-10-19,2022-01-09
926,زير0103پ04,زيره سبز0103شركت مينوبذر(پ),1,10,10000000,997000,1000000,1000000,3000,0.3,1000000,3000,0.3,1000000,1000000,1400-10-19,2022-01-09
927,ثقزوي,شركت عمران و سازندگي قزوين,1,250,5650000,23250,22600,22600,-650,-2.8,22600,-650,-2.8,22600,22600,1400-10-19,2022-01-09
