,نماد,نام,تعداد,حجم,ارزش,دیروز,اولین,آخرین معامله - مقدار,آخرین معامله - تغییر,آخرین معامله - درصد,قیمت پایانی - مقدار,قیمت پایانی - تغییر,قیمت پایانی - درصد,کمترین,بیشترین,تاریخ,gregorian_date
0,ولكار,ليزينگ كارآفرين,230364,73291854,295975463158,3883,3999,4077,194,5,4038,155,3.99,3689,4077,1400-4-13,2021-07-04
1,فتوسا,توليد و توسعه سرب روي ايرانيان,216748,96218160,1563496648983,16081,15277,16885,804,5,16249,168,1.04,15277,16885,1400-4-13,2021-07-04
2,ومدير,گ.مديريت ارزش سرمايه ص ب كشوري,77821,149711182,605826330582,4154,4002,4080,-74,-1.78,4047,-107,-2.58,3963,4154,1400-4-13,2021-07-04
3,لطيف,محصولات كاغذي لطيف,59949,1245576,56957699328,43551,45728,45728,2177,5,45728,2177,5,45728,45728,1400-4-13,2021-07-04
4,فگستر,گسترش صنايع روي ايرانيان,41816,26595830,346422001129,12750,12400,13387,637,5,13025,275,2.16,12400,13387,1400-4-13,2021-07-04
5,بركت,گروه دارويي بركت,28444,58657637,2408423366850,40450,39110,41500,1050,2.6,41060,610,1.51,39100,41990,1400-4-13,2021-07-04
6,پالايش,صندوق پالايشي يكم-سهام,22515,21134739,1464335238120,70400,69000,69230,-1170,-1.66,69290,-1110,-1.58,68200,70250,1400-4-13,2021-07-04
7,شستا,سرمايه گذاري تامين اجتماعي,20222,87815281,1167100060810,13510,13000,13200,-310,-2.29,13290,-220,-1.63,12920,13680,1400-4-13,2021-07-04
8,شپنا,پالايش نفت اصفهان,20097,136048084,1644728934320,12470,11950,12060,-410,-3.29,12090,-380,-3.05,11850,12440,1400-4-13,2021-07-04
9,كرمان,س. توسعه و عمران استان كرمان,16268,710303737,907341471228,1240,1224,1302,62,5,1277,37,2.98,1207,1302,1400-4-13,2021-07-04
10,خساپا,سايپا,14571,499646908,944732982005,1915,1850,1885,-30,-1.57,1891,-24,-1.25,1825,1960,1400-4-13,2021-07-04
11,سپيدار,سپيدار سيستم آسيا,13546,3373972,209776322507,61036,63000,62900,1864,3.05,62175,1139,1.87,59000,64087,1400-4-13,2021-07-04
12,خودرو,ايران‌ خودرو,13041,343253686,708226557336,2089,2030,2053,-36,-1.72,2063,-26,-1.24,2001,2130,1400-4-13,2021-07-04
13,دارا يكم,صندوق واسطه گري مالي يكم-سهام,11817,7671994,942218878990,124450,121500,122750,-1700,-1.37,122810,-1640,-1.32,121420,124400,1400-4-13,2021-07-04
14,شتران,پالايش نفت تهران,11391,108293807,1002452641960,9580,9160,9190,-390,-4.07,9260,-320,-3.34,9110,9510,1400-4-13,2021-07-04
15,خگستر,گسترش‌سرمايه‌گذاري‌ايران‌خودرو,11221,295173856,764940846792,2566,2481,2598,32,1.25,2591,25,0.97,2445,2670,1400-4-13,2021-07-04
16,فملي,ملي‌ صنايع‌ مس‌ ايران‌,10504,60085175,723961340370,12040,11770,12060,20,0.17,12050,10,0.08,11770,12190,1400-4-13,2021-07-04
17,فرابورس,فرابورس ايران,10141,30405779,903609487038,29951,28454,30700,749,2.5,29718,-233,-0.78,28454,31300,1400-4-13,2021-07-04
18,چخزر,صنايع چوب خزر كاسپين,9958,1667632,61590328317,37368,36001,36800,-568,-1.52,36933,-435,-1.16,35600,38130,1400-4-13,2021-07-04
19,نوري,پتروشيمي نوري,9560,12891754,1164936893050,90100,88890,89500,-600,-0.67,90360,260,0.29,87500,92400,1400-4-13,2021-07-04
20,فولاد,فولاد مباركه اصفهان,9048,55760104,572845246960,10250,10050,10230,-20,-0.2,10270,20,0.2,10010,10470,1400-4-13,2021-07-04
21,شگويا,پتروشيمي تندگويان,8604,47095150,475323265969,9804,9560,10281,477,4.87,10093,289,2.95,9550,10290,1400-4-13,2021-07-04
22,خپارس,پارس‌ خودرو,8471,603532349,718146478366,1142,1130,1199,57,4.99,1190,48,4.2,1110,1199,1400-4-13,2021-07-04
23,رافزا,رايان هم افزا,7902,665554,50844697019,76618,75410,77000,382,0.5,76395,-223,-0.29,75010,77890,1400-4-13,2021-07-04
24,كزغال,زغال سنگ پروده طبس,7056,3665237,124165150598,33333,32650,34040,707,2.12,33876,543,1.63,32650,34600,1400-4-13,2021-07-04
25,غزر,صنعتي زر ماكارون,6885,5318179,125383161330,23150,22840,23740,590,2.55,23580,430,1.86,22840,24290,1400-4-13,2021-07-04
26,بوعلي,پتروشيمي بوعلي سينا,6814,2871184,136907888410,47540,47600,47110,-430,-0.9,47680,140,0.29,46560,48550,1400-4-13,2021-07-04
27,پترول,گ.س.وت.ص.پتروشيمي خليج فارس,6624,43547944,399426775740,9110,8890,9160,50,0.55,9170,60,0.66,8880,9400,1400-4-13,2021-07-04
28,وتجارت,بانك تجارت,6569,234281508,604523422285,2588,2537,2577,-11,-0.43,2580,-8,-0.31,2536,2620,1400-4-13,2021-07-04
29,شاروم,پتروشيمي اروميه,6480,6335599,96519241620,15923,15350,15141,-782,-4.91,15234,-689,-4.33,15127,15775,1400-4-13,2021-07-04
30,زملارد,كشاورزي و دامپروري ملارد شير,6166,1146043,33092928310,29896,28830,28510,-1386,-4.64,28876,-1020,-3.41,28450,29499,1400-4-13,2021-07-04
31,وبملت,بانك ملت,5757,113568012,452283722711,4069,3930,3950,-119,-2.92,3982,-87,-2.14,3930,4059,1400-4-13,2021-07-04
32,ذوب,سهامي ذوب آهن  اصفهان,5583,88968848,317722473373,3677,3511,3546,-131,-3.56,3571,-106,-2.88,3510,3663,1400-4-13,2021-07-04
33,وكبهمن,مديريت سرمايه گذاري كوثربهمن,5561,3657641,43517305443,12295,12380,11771,-524,-4.26,11898,-397,-3.23,11681,12380,1400-4-13,2021-07-04
34,آريا,پليمر آريا ساسول,5472,2827784,260289195162,92494,91310,92510,16,0.02,92047,-447,-0.48,89050,93420,1400-4-13,2021-07-04
35,ثبهساز,بهساز كاشانه تهران,5357,28778390,53446238744,1874,1820,1875,1,0.05,1857,-17,-0.91,1805,1896,1400-4-13,2021-07-04
36,شصدف,صنعتي دوده فام,5248,3107519,93079192129,28740,29800,30177,1437,5,29953,1213,4.22,28800,30177,1400-4-13,2021-07-04
37,حفارس,حمل و نقل بين المللي خليج فارس,5075,50189413,212512105829,4245,4444,4140,-105,-2.47,4234,-11,-0.26,4050,4444,1400-4-13,2021-07-04
38,وبصادر,بانك صادرات ايران,5048,126992562,275628887125,2213,2121,2160,-53,-2.39,2170,-43,-1.94,2110,2270,1400-4-13,2021-07-04
39,كمند,صندوق س. با درآمد ثابت كمند,4531,193909831,1970055595034,10154,10160,10160,6,0.06,10160,6,0.06,10159,10161,1400-4-13,2021-07-04
40,خبهمن,گروه‌بهمن‌,4505,186941374,258773225227,1358,1380,1382,24,1.77,1384,26,1.91,1361,1421,1400-4-13,2021-07-04
41,ثاميد,توسعه و عمران اميد,4426,28140240,43624217211,1574,1510,1553,-21,-1.33,1550,-24,-1.52,1510,1579,1400-4-13,2021-07-04
42,آبادا,توليد نيروي برق آبادان,4338,3233760,37302341810,11490,11690,11260,-230,-2,11540,50,0.44,11030,11900,1400-4-13,2021-07-04
43,غگيلا,شيرپاستوريزه پگاه گيلان,4302,6007431,93469756594,15039,14670,15790,751,4.99,15559,520,3.46,14670,15790,1400-4-13,2021-07-04
44,شفن,پتروشيمي فناوران,4235,1137324,421781388450,369400,373550,369400,0,0,370850,1450,0.39,363110,379770,1400-4-13,2021-07-04
45,ولپارس,ليزينگ پارسيان,4208,3160291,12886073831,4140,4021,4049,-91,-2.2,4086,-54,-1.3,3935,4199,1400-4-13,2021-07-04
46,سيتا,سرمايه گذاري سيمان تامين,4192,5444761,82409673100,15170,15030,15130,-40,-0.26,15140,-30,-0.2,15020,15390,1400-4-13,2021-07-04
47,قنيشا,قند  نيشابور,4167,7269844,401634884440,54630,51900,57360,2730,5,55250,620,1.13,51900,57360,1400-4-13,2021-07-04
48,حكشتي,كشتيراني جمهوري اسلامي ايران,4105,17241022,285627531070,16260,15750,16700,440,2.71,16570,310,1.91,15710,16980,1400-4-13,2021-07-04
49,شبريز,پالايش نفت تبريز,4081,27729705,905245165570,31260,30820,32820,1560,4.99,32650,1390,4.45,30560,32820,1400-4-13,2021-07-04
50,وسپهر,سرمايه گذاري مالي سپهرصادرات,4054,10229171,94109843285,9196,9201,9201,5,0.05,9200,4,0.04,9200,9202,1400-4-13,2021-07-04
51,غپاك,لبنيات‌ پاك‌,4007,9150847,194693892650,21020,21400,20860,-160,-0.76,21280,260,1.24,20300,21960,1400-4-13,2021-07-04
52,بورس,بورس اوراق بهادار تهران,3971,14307015,467502182330,32410,30790,34030,1620,5,32680,270,0.83,30790,34030,1400-4-13,2021-07-04
53,خكار,ايركا پارت صنعت,3954,11274369,197177312650,17340,17100,17800,460,2.65,17490,150,0.87,17100,17850,1400-4-13,2021-07-04
54,ونيكي,سرمايه‌گذاري‌ ملي‌ايران‌,3953,38360513,383337113160,9610,9800,10090,480,4.99,9990,380,3.95,9530,10090,1400-4-13,2021-07-04
55,وخارزم,سرمايه گذاري خوارزمي,3916,42536149,218987775640,5200,5130,5150,-50,-0.96,5150,-50,-0.96,4980,5300,1400-4-13,2021-07-04
56,بپيوند,برق و انرژي پيوندگستر پارس,3671,3312506,40080542341,12232,12198,11999,-233,-1.9,12100,-132,-1.08,11750,12600,1400-4-13,2021-07-04
57,غگل,گلوكوزان‌,3622,55916923,184876274571,3225,3225,3386,161,4.99,3306,81,2.51,3150,3386,1400-4-13,2021-07-04
58,دتوليدح,ح. داروسازي توليد دارو,3621,7709699,77718393095,10579,10051,10052,-527,-4.98,10081,-498,-4.71,10051,10344,1400-4-13,2021-07-04
59,اوان,مبين وان كيش,3601,11725386,524746945796,45282,43018,46000,718,1.59,44753,-529,-1.17,43018,46850,1400-4-13,2021-07-04
60,وآيند,بانك  آينده,3542,15913760,179951092977,11619,11700,11193,-426,-3.67,11308,-311,-2.68,11158,11700,1400-4-13,2021-07-04
61,زقيام,كشت و دام قيام اصفهان,3522,5747818,138231353911,24359,24000,23350,-1009,-4.14,24049,-310,-1.27,23142,24990,1400-4-13,2021-07-04
62,خاهن,آهنگري‌ تراكتورسازي‌ ايران‌,3376,23404643,211162591500,9010,9240,8890,-120,-1.33,9020,10,0.11,8600,9300,1400-4-13,2021-07-04
63,ثشاهد,سرمايه‌ گذاري‌ شاهد,3366,16908667,242867734870,15070,14320,14320,-750,-4.98,14360,-710,-4.71,14320,14820,1400-4-13,2021-07-04
64,وپويا,سرمايه گذاري پويا,3331,3926014,17573260672,4497,4330,4490,-7,-0.16,4476,-21,-0.47,4330,4564,1400-4-13,2021-07-04
65,چفيبر,فيبر ايران‌,3305,17579229,137669843160,7920,7600,8020,100,1.26,7830,-90,-1.14,7530,8180,1400-4-13,2021-07-04
66,ديران,ايران‌دارو,3268,11935339,176797991020,14280,14200,14990,710,4.97,14810,530,3.71,13650,14990,1400-4-13,2021-07-04
67,زكوثر,سرمايه گذاري كشاورزي كوثر,3213,5814561,104088907810,18360,17800,17840,-520,-2.83,17900,-460,-2.51,17500,18290,1400-4-13,2021-07-04
68,وپارس,بانك‌پارسيان‌,3164,81443391,214358519902,2626,2605,2650,24,0.91,2632,6,0.23,2560,2686,1400-4-13,2021-07-04
69,پتاير,ايران‌ تاير,3138,71794913,203973934959,2757,2700,2894,137,4.97,2841,84,3.05,2665,2894,1400-4-13,2021-07-04
70,امين,تامين سرمايه امين,3132,1143170,8279424810,7220,7240,7250,30,0.42,7230,10,0.14,7240,7260,1400-4-13,2021-07-04
71,اخابر,مخابرات ايران,3107,30568957,256673819350,8760,8410,8350,-410,-4.68,8400,-360,-4.11,8330,8660,1400-4-13,2021-07-04
72,والبرح,ح . سرمايه گذاري‌البرز(هلدينگ‌,3057,6756057,53861561030,5083,8040,7758,2675,52.63,7972,2889,56.84,7651,8300,1400-4-13,2021-07-04
73,شلعاب,لعابيران‌,3030,12285333,132670632330,11270,11200,11090,-180,-1.6,10800,-470,-4.17,10710,11240,1400-4-13,2021-07-04
74,پيزد,مجتمع صنايع لاستيك يزد,2927,686233,42798986558,59466,62439,62439,2973,5,62368,2902,4.88,60720,62439,1400-4-13,2021-07-04
75,اپال,فرآوري معدني اپال كاني پارس,2926,3734819,71362743080,19130,19130,19180,50,0.26,19120,-10,-0.05,19090,19180,1400-4-13,2021-07-04
76,خزاميا,زامياد,2899,32678362,209791278230,6430,6230,6360,-70,-1.09,6420,-10,-0.16,6130,6630,1400-4-13,2021-07-04
77,بگيلان,توسعه مسير برق گيلان,2841,373062,7078278683,19274,18990,18900,-374,-1.94,19209,-65,-0.34,18700,19269,1400-4-13,2021-07-04
78,ثرود,سرمايه‌گذاري مسكن زاينده رود,2831,8847615,165823774166,18102,18301,19007,905,5,18742,640,3.54,17400,19007,1400-4-13,2021-07-04
79,كسرام,پارس‌ سرام‌,2829,25109341,174528178290,7280,6960,7020,-260,-3.57,6950,-330,-4.53,6920,7220,1400-4-13,2021-07-04
80,شپترو,پتروشيمي آبادان,2793,62726698,297324406476,4627,4765,4678,51,1.1,4740,113,2.44,4522,4765,1400-4-13,2021-07-04
81,قرنح,ح . پديده شيمي قرن,2790,6629883,177799094180,25030,25300,27020,1990,7.95,26820,1790,7.15,24000,27530,1400-4-13,2021-07-04
82,زاگرس,پتروشيمي زاگرس,2782,943212,226721646712,240517,238800,240500,-17,-0.01,240372,-145,-0.06,237000,244470,1400-4-13,2021-07-04
83,هاي وب,داده گسترعصرنوين-هاي وب,2747,17334868,146397076830,8470,8200,8360,-110,-1.3,8450,-20,-0.24,8200,8650,1400-4-13,2021-07-04
84,تاپيكو,س. نفت و گاز و پتروشيمي تأمين,2742,29146792,371879844450,12700,12450,12630,-70,-0.55,12760,60,0.47,12400,13210,1400-4-13,2021-07-04
85,لپارس,پارس‌ الكتريك‌,2742,2123484,150811738760,74670,70940,70940,-3730,-5,71020,-3650,-4.89,70940,72200,1400-4-13,2021-07-04
86,سيلام,سيمان‌ ايلام‌,2728,13700543,119741170360,8540,8360,8720,180,2.11,8740,200,2.34,8360,8900,1400-4-13,2021-07-04
87,غالبر,لبنيات‌ كالبر,2687,8368938,130974965460,16220,16770,15580,-640,-3.95,15650,-570,-3.51,15410,16770,1400-4-13,2021-07-04
88,فاذر,صنايع‌ آذرآب‌,2641,75598943,99084386274,1330,1310,1311,-19,-1.43,1311,-19,-1.43,1288,1341,1400-4-13,2021-07-04
89,صبا,سرمايه گذاري صبا تامين,2626,11476517,92629246412,8080,7850,8150,70,0.87,8073,-7,-0.09,7801,8320,1400-4-13,2021-07-04
90,فسرب,ملي‌ سرب‌وروي‌ ايران‌,2558,3918422,284581469190,69240,72190,72700,3460,5,72630,3390,4.9,70800,72700,1400-4-13,2021-07-04
91,تسه0003,امتيازتسهيلات مسكن خرداد1400,2438,50005,30215611322,605788,605000,601000,-4788,-0.79,604252,-1536,-0.25,590000,620000,1400-4-13,2021-07-04
92,دماوند,توليد نيروي برق دماوند,2438,5124407,140647557182,26704,27108,27000,296,1.11,27447,743,2.78,26800,27980,1400-4-13,2021-07-04
93,امين يكم,صندوق درآمد ثابت امين يكم فردا,2428,66244540,665757347697,10045,10052,10050,5,0.05,10050,5,0.05,10047,10054,1400-4-13,2021-07-04
94,غچين,كشت‌ و صنعت‌ چين‌ چين,2421,9059473,140138787740,16220,15410,15410,-810,-4.99,15470,-750,-4.62,15410,16030,1400-4-13,2021-07-04
95,وآوا,سرمايه گذاري آوا نوين,2411,17544815,96143971216,5734,5729,5469,-265,-4.62,5480,-254,-4.43,5448,5729,1400-4-13,2021-07-04
96,ختور,رادياتور ايران‌,2404,8030933,137660576290,17320,17000,16910,-410,-2.37,17140,-180,-1.04,16670,17750,1400-4-13,2021-07-04
97,حتوكا,حمل‌ونقل‌توكا,2402,7178472,126421872980,18300,17530,17390,-910,-4.97,17610,-690,-3.77,17390,18370,1400-4-13,2021-07-04
98,فارس,صنايع پتروشيمي خليج فارس,2401,28111456,286269294870,10170,10200,10240,70,0.69,10180,10,0.1,10000,10320,1400-4-13,2021-07-04
99,فاسمين,كالسيمين‌,2359,13265574,210289812580,16390,16010,15890,-500,-3.05,15850,-540,-3.29,15580,16400,1400-4-13,2021-07-04
100,افق,فروشگاههاي زنجيره اي افق كوروش,2333,2577714,180955605720,67590,69990,70880,3290,4.87,70200,2610,3.86,68000,70960,1400-4-13,2021-07-04
101,دتوليد,داروسازي توليد دارو,2324,11185060,155139478432,14566,13838,13838,-728,-5,13870,-696,-4.78,13838,14080,1400-4-13,2021-07-04
102,كلر,كلر پارس,2202,1261183,138884858049,114128,110550,108430,-5698,-4.99,110123,-4005,-3.51,108422,114000,1400-4-13,2021-07-04
103,وملي,گروه‌ صنعتي‌ ملي‌ (هلدينگ‌,2159,912066,141326720920,151700,155000,152870,1170,0.77,154950,3250,2.14,149880,159280,1400-4-13,2021-07-04
104,وايران,ليزينگ ايرانيان,2148,13229356,84599636610,6620,6320,6490,-130,-1.96,6390,-230,-3.47,6290,6750,1400-4-13,2021-07-04
105,والبر,سرمايه‌ گذاري‌ البرز(هلدينگ‌,2125,11759787,116835393940,9970,9900,9710,-260,-2.61,9940,-30,-0.3,9500,10200,1400-4-13,2021-07-04
106,كبافق,معادن‌ بافق‌,2109,2865638,100911003230,36970,35520,35130,-1840,-4.98,35210,-1760,-4.76,35130,37000,1400-4-13,2021-07-04
107,چكاپا,گروه صنايع كاغذ پارس,2083,19492216,71657384081,3685,3623,3662,-23,-0.62,3676,-9,-0.24,3570,3770,1400-4-13,2021-07-04
108,كيان,صندوق س. با درآمد ثابت كيان,2078,25883692,755994636944,29190,29208,29208,18,0.06,29207,17,0.06,29200,29210,1400-4-13,2021-07-04
109,وغدير,سرمايه‌گذاري‌غدير(هلدينگ‌,2071,15179160,176620117650,11650,11550,11640,-10,-0.09,11640,-10,-0.09,11310,11830,1400-4-13,2021-07-04
110,غصينو,صنعتي مينو,2012,3311364,179506816808,52298,53000,54912,2614,5,54209,1911,3.65,53000,54912,1400-4-13,2021-07-04
111,سصفها,سيمان‌اصفهان‌,2005,1277083,78958397190,60910,62990,60200,-710,-1.17,61830,920,1.51,59000,62990,1400-4-13,2021-07-04
112,ديرانح,ح . ‌ايران‌دارو,1977,8484762,104434543580,12030,11550,12360,330,2.74,12310,280,2.33,11000,12860,1400-4-13,2021-07-04
113,ودي,بيمه  دي,1976,6856346,129667460810,19387,18996,18800,-587,-3.03,18912,-475,-2.45,18511,19378,1400-4-13,2021-07-04
114,غشهداب,كشت و صنعت شهداب ناب خراسان,1958,25572136,84870339047,3254,3150,3363,109,3.35,3319,65,2,3150,3397,1400-4-13,2021-07-04
115,تاپكيش,تجارت الكترونيك پارسيان كيش,1953,7826891,102963157213,13125,12530,13380,255,1.94,13155,30,0.23,12530,13545,1400-4-13,2021-07-04
116,ثفارس,عمران‌وتوسعه‌فارس‌,1919,15398941,114154493620,7730,7460,7350,-380,-4.92,7410,-320,-4.14,7350,7640,1400-4-13,2021-07-04
117,شخارك,پتروشيمي‌ خارك‌,1913,2500780,121199919370,47810,48780,48000,190,0.4,48460,650,1.36,46660,49890,1400-4-13,2021-07-04
118,خاور,ايران خودرو ديزل,1864,23931621,176886449809,7249,7063,7466,217,2.99,7391,142,1.96,7063,7466,1400-4-13,2021-07-04
119,تاصيكو,سرمايه گذاري صدرتامين,1863,23058175,234718697250,10260,9820,10160,-100,-0.97,10180,-80,-0.78,9820,10470,1400-4-13,2021-07-04
120,شاراك,پتروشيمي شازند,1833,5567665,143834437820,26580,26000,25560,-1020,-3.84,25830,-750,-2.82,25400,26590,1400-4-13,2021-07-04
121,فروي,ذوب روي اصفهان,1833,1945988,59234471336,30518,30530,30990,472,1.55,30439,-79,-0.26,29610,31055,1400-4-13,2021-07-04
122,سفارس,سيمان فارس و خوزستان,1814,9877945,169330496210,16570,16010,17080,510,3.08,17140,570,3.44,16010,17390,1400-4-13,2021-07-04
123,سمگا,گروه سرمايه گذاري ميراث فرهنگي,1809,5700125,116521972286,20739,19950,20630,-109,-0.53,20442,-297,-1.43,19800,21000,1400-4-13,2021-07-04
124,شتوكا,توكا رنگ فولاد سپاهان,1809,2974543,99275283940,32335,32446,33810,1475,4.56,33375,1040,3.22,31526,33951,1400-4-13,2021-07-04
125,تبرك,گروه كارخانجات صنعتي تبرك,1804,5803099,77532243879,13911,13773,13460,-451,-3.24,13360,-551,-3.96,13216,13773,1400-4-13,2021-07-04
126,كساپا,سايپاشيشه‌,1782,4808491,105603900260,23000,22990,22400,-600,-2.61,21960,-1040,-4.52,21850,22990,1400-4-13,2021-07-04
127,بجهرم,توسعه مولد نيروگاهي جهرم,1731,22694408,53915696393,2432,2320,2360,-72,-2.96,2376,-56,-2.3,2317,2438,1400-4-13,2021-07-04
128,پاسا,ايران‌ياساتايرورابر,1701,9047623,176619429870,18920,18460,19860,940,4.97,19520,600,3.17,18460,19860,1400-4-13,2021-07-04
129,وسلرستا,شركت س استان لرستان,1695,85420873,52060059732,621,610,616,-5,-0.81,609,-12,-1.93,595,624,1400-4-13,2021-07-04
130,ثاخت,بين‌المللي‌توسعه‌ساختمان,1681,25383940,52856341966,2155,2061,2071,-84,-3.9,2082,-73,-3.39,2048,2133,1400-4-13,2021-07-04
131,رانفور,خدمات‌انفورماتيك‌,1652,15617073,96393268200,5930,5990,6220,290,4.89,6170,240,4.05,5950,6220,1400-4-13,2021-07-04
132,كاوه,فولاد كاوه جنوب كيش,1650,9121779,179146422590,19290,18910,19860,570,2.95,19640,350,1.81,18720,20200,1400-4-13,2021-07-04
133,خريخت,صنايع‌ريخته‌گري‌ايران‌,1637,44073881,138618543381,3058,2907,3210,152,4.97,3145,87,2.84,2906,3210,1400-4-13,2021-07-04
134,وبانك,سرمايه گذاري گروه توسعه ملي,1636,16586854,132177352430,8000,7790,8060,60,0.75,7970,-30,-0.38,7770,8070,1400-4-13,2021-07-04
135,خمحركه,نيرو محركه‌,1603,14179467,54155439417,3873,3700,3789,-84,-2.17,3819,-54,-1.39,3682,3947,1400-4-13,2021-07-04
136,ددام,داروسازي زاگرس فارمد پارس,1595,5301163,67043134560,13170,12590,12530,-640,-4.86,12650,-520,-3.95,12520,13050,1400-4-13,2021-07-04
137,كوير,توليدي فولاد سپيد فراب كوير,1549,6221366,85817915930,13910,13900,13750,-160,-1.15,13790,-120,-0.86,13660,13990,1400-4-13,2021-07-04
138,تليسه,دامداري تليسه نمونه,1492,16257071,51896997232,3293,3201,3172,-121,-3.67,3192,-101,-3.07,3160,3266,1400-4-13,2021-07-04
139,وپاسار,بانك  پاسارگاد,1490,19399087,294908134490,15210,15210,15210,0,0,15200,-10,-0.07,15200,15220,1400-4-13,2021-07-04
140,اعتماد,صندوق س.اعتماد آفرين پارسيان-د,1480,27921700,1042250140660,37310,37327,37328,18,0.05,37328,18,0.05,37327,37330,1400-4-13,2021-07-04
141,غپآذر,شير پگاه آذربايجان شرقي,1479,1607758,69862901851,43588,42000,44800,1212,2.78,43454,-134,-0.31,41409,45599,1400-4-13,2021-07-04
142,ساوه,سيمان ساوه,1442,795817,39736234707,48020,46351,50421,2401,5,49931,1911,3.98,46351,50421,1400-4-13,2021-07-04
143,فجر,فولاد اميركبيركاشان,1439,3492559,109857897650,30850,30500,32150,1300,4.21,31450,600,1.94,30210,32350,1400-4-13,2021-07-04
144,غبهنوش,بهنوش‌ ايران‌,1407,1110464,71365140140,62720,65830,63660,940,1.5,64270,1550,2.47,62980,65830,1400-4-13,2021-07-04
145,غويتا,ويتانا,1406,5640072,54685997165,9283,9597,9747,464,5,9696,413,4.45,9313,9747,1400-4-13,2021-07-04
146,ثزاگرس,سرمايه گذاري توسعه عمران زاگرس,1405,2311037,124223758465,56438,53617,53617,-2821,-5,53752,-2686,-4.76,53617,54500,1400-4-13,2021-07-04
147,تملت,تامين سرمايه بانك ملت,1393,9476866,45725869460,4880,4840,4900,20,0.41,4820,-60,-1.23,4700,4930,1400-4-13,2021-07-04
148,شپديس,پتروشيمي پرديس,1371,1237792,144786411200,117050,114840,117990,940,0.8,116970,-80,-0.07,113700,119000,1400-4-13,2021-07-04
149,ونوين,بانك‌اقتصادنوين‌,1366,15736460,72001625169,4618,4500,4588,-30,-0.65,4575,-43,-0.93,4440,4679,1400-4-13,2021-07-04
150,دتوزيع,توزيع دارو پخش,1363,1581338,43433821958,28572,28540,27161,-1411,-4.94,27467,-1105,-3.87,27144,28540,1400-4-13,2021-07-04
151,آگاس,صندوق س.هستي بخش آگاه-س,1360,1048716,72760960629,69644,67821,69499,-145,-0.21,69381,-263,-0.38,67811,70500,1400-4-13,2021-07-04
152,حريل,ريل پردازسير,1342,13662234,51524297436,3907,3760,3712,-195,-4.99,3771,-136,-3.48,3712,3888,1400-4-13,2021-07-04
153,وگستر,گسترش سرمايه گذاري ايرانيان,1339,5143095,81284243403,16588,15900,15759,-829,-5,15805,-783,-4.72,15759,16290,1400-4-13,2021-07-04
154,ماديرا,صنايع ماديران,1337,8258510,65041203946,7912,7800,7910,-2,-0.03,7876,-36,-0.46,7530,8080,1400-4-13,2021-07-04
155,وصنعت,سرمايه گذاري توسعه صنعت وتجارت,1327,10530207,58056344250,5390,5300,5500,110,2.04,5510,120,2.23,5250,5620,1400-4-13,2021-07-04
156,دبالك,مواد اوليه دارويي البرز بالك,1312,4715480,75100808902,16457,15635,15750,-707,-4.3,15926,-531,-3.23,15635,16700,1400-4-13,2021-07-04
157,ضخود7075,اختيارخ خودرو-2000-1400/07/07,1308,46641,15741970000,342,319,340,-2,-0.58,338,-4,-1.17,300,370,1400-4-13,2021-07-04
158,غپينو,پارس‌ مينو,1297,7936369,46059409550,5870,5730,5900,30,0.51,5800,-70,-1.19,5660,5980,1400-4-13,2021-07-04
159,توريل,توكاريل,1291,3853419,57634160396,14580,15000,14920,340,2.33,14957,377,2.59,14700,15255,1400-4-13,2021-07-04
160,داوه,داروسازي آوه سينا,1274,3347444,54744517360,17121,16310,16265,-856,-5,16354,-767,-4.48,16265,16788,1400-4-13,2021-07-04
161,فباهنرح,ح . مس‌ شهيدباهنر,1266,6348437,101588517750,15750,15060,16120,370,2.35,16000,250,1.59,15060,16350,1400-4-13,2021-07-04
162,دسانكو,داروسازي سبحان انكولوژي,1264,5735121,53577546384,9685,9900,9260,-425,-4.39,9342,-343,-3.54,9201,9900,1400-4-13,2021-07-04
163,ختوقا,قطعات‌ اتومبيل‌ ايران‌,1264,23701102,48613723479,2085,2015,2034,-51,-2.45,2051,-34,-1.63,2001,2120,1400-4-13,2021-07-04
164,زگلدشت,كشت و دام گلدشت نمونه اصفهان,1261,4308866,55835516065,12537,12500,13149,612,4.88,12958,421,3.36,11930,13149,1400-4-13,2021-07-04
165,بكام,كارخانجات توليدي شهيد قندي,1259,11590774,30706397179,2718,2653,2656,-62,-2.28,2649,-69,-2.54,2612,2700,1400-4-13,2021-07-04
166,خرينگ,رينگ‌سازي‌مشهد,1247,1586587,58804784160,38400,38880,36480,-1920,-5,37060,-1340,-3.49,36480,38880,1400-4-13,2021-07-04
167,آ س پ,آ.س.پ,1236,4500528,44657834017,10403,10000,9883,-520,-5,9923,-480,-4.61,9883,10260,1400-4-13,2021-07-04
168,وسكرمان,س.سهام عدالت استان كرمان,1230,74213826,47125779510,668,635,635,-33,-4.94,635,-33,-4.94,635,635,1400-4-13,2021-07-04
169,بنو,بيمه تجارت نو,1228,3388738,72810069812,20650,21680,21682,1032,5,21486,836,4.05,20740,21682,1400-4-13,2021-07-04
170,بترانس,ايران‌ ترانسفو,1215,26743528,59650183163,2221,2260,2258,37,1.67,2230,9,0.41,2172,2260,1400-4-13,2021-07-04
171,غگلستا,شير پاستوريزه پگاه گلستان,1206,6262867,107766616592,16782,16200,17205,423,2.52,17207,425,2.53,16200,17621,1400-4-13,2021-07-04
172,ومعلم,بيمه معلم,1193,11069169,48174000831,4575,4348,4347,-228,-4.98,4352,-223,-4.87,4347,4493,1400-4-13,2021-07-04
173,فمراد,آلومراد,1187,730468,55189382910,78490,74580,74570,-3920,-4.99,75550,-2940,-3.75,74570,79990,1400-4-13,2021-07-04
174,ولانا,شركت ليزينگ آريا دانا,1184,3763165,98939237099,27658,26276,26276,-1382,-5,26291,-1367,-4.94,26276,26678,1400-4-13,2021-07-04
175,وثوق,سرمايه گذاري وثوق امين,1181,5709387,80964925701,14552,14116,14552,0,0,14181,-371,-2.55,14116,14552,1400-4-13,2021-07-04
176,خصدرا,صنعتي‌ دريايي‌ ايران‌,1171,23385399,56703033496,2495,2432,2423,-72,-2.89,2425,-70,-2.81,2421,2463,1400-4-13,2021-07-04
177,سصوفي,سيمان‌ صوفيان‌,1160,3811126,61330222820,16310,15680,16090,-220,-1.35,16090,-220,-1.35,15570,16550,1400-4-13,2021-07-04
178,شسپا,نفت سپاهان,1160,3894876,67376623370,17300,17300,17350,50,0.29,17300,0,0,16910,17420,1400-4-13,2021-07-04
179,پلاسك,پلاسكوكار,1154,6261239,44417152030,7340,7230,6980,-360,-4.9,7090,-250,-3.41,6980,7430,1400-4-13,2021-07-04
180,قشكر,شكرشاهرود,1152,14222048,38077057746,2746,2645,2657,-89,-3.24,2677,-69,-2.51,2631,2775,1400-4-13,2021-07-04
181,آپ,آسان پرداخت پرشين,1130,3196537,62559383910,19900,19490,18910,-990,-4.97,19570,-330,-1.66,18910,20470,1400-4-13,2021-07-04
182,شلرد,كود شيميايي اوره لردگان,1119,9051841,58318195555,6443,6428,6370,-73,-1.13,6443,0,0,6300,6562,1400-4-13,2021-07-04
183,اتكاي,بيمه اتكايي ايرانيان,1119,11639876,117957875707,10607,10077,10077,-530,-5,10134,-473,-4.46,10077,10400,1400-4-13,2021-07-04
184,فسپا,گروه‌صنعتي‌سپاهان‌,1119,2903595,125585863390,42110,41600,44210,2100,4.99,43250,1140,2.71,41600,44210,1400-4-13,2021-07-04
185,گكوثر,هتل پارسيان كوثر اصفهان,1113,18676055,47627504178,2461,2461,2584,123,5,2550,89,3.62,2410,2584,1400-4-13,2021-07-04
186,داسوه,داروسازي‌ اسوه‌,1109,1985232,49524533040,25990,26300,24730,-1260,-4.85,24950,-1040,-4,24700,26300,1400-4-13,2021-07-04
187,تپمپي,پمپ‌ سازي‌ ايران‌,1108,2250026,38136417870,16840,17100,16650,-190,-1.13,16950,110,0.65,16500,17310,1400-4-13,2021-07-04
188,قرن,پديده شيمي قرن,1102,9055380,286443895420,30570,31350,32090,1520,4.97,31630,1060,3.47,30570,32090,1400-4-13,2021-07-04
189,پكوير,كوير تاير,1088,8466985,111940591460,12650,12800,13280,630,4.98,13220,570,4.51,12800,13280,1400-4-13,2021-07-04
190,خمهر,مهركام‌پارس‌,1086,24472804,44222615170,1841,1799,1810,-31,-1.68,1807,-34,-1.85,1755,1873,1400-4-13,2021-07-04
191,ضخود7077,اختيارخ خودرو-3000-1400/07/07,1083,55176,3741639000,65,65,70,5,7.69,68,3,4.62,58,75,1400-4-13,2021-07-04
192,شيران,س. صنايع‌شيميايي‌ايران,1081,3306006,72575907490,22270,21350,22000,-270,-1.21,22000,-270,-1.21,21350,22250,1400-4-13,2021-07-04
193,چدن,توليدي چدن سازان,1071,12035645,48488783030,4095,4090,4057,-38,-0.93,4029,-66,-1.61,3935,4090,1400-4-13,2021-07-04
194,غفارس,شير پاستوريزه پگاه فارس,1063,4047135,70147801928,16620,17219,17451,831,5,17333,713,4.29,16953,17451,1400-4-13,2021-07-04
195,سدور,سيمان‌ دورود,1062,6583596,52828818540,8160,8000,7910,-250,-3.06,8020,-140,-1.72,7820,8250,1400-4-13,2021-07-04
196,كسرا,سراميك‌هاي‌صنعتي‌اردكان‌,1061,3715442,51702403300,14420,14000,13780,-640,-4.44,13920,-500,-3.47,13700,14410,1400-4-13,2021-07-04
197,قاسم,قاسم ايران,1048,5774244,54429409402,9550,9620,9380,-170,-1.78,9426,-124,-1.3,9110,9660,1400-4-13,2021-07-04
198,مفاخر,توسعه فناوري اطلاعات خوارزمي,1046,1336336,50282047070,39305,39050,37340,-1965,-5,37627,-1678,-4.27,37340,39050,1400-4-13,2021-07-04
199,غسالم,سالمين‌,1039,9182236,30107854117,3280,3171,3287,7,0.21,3279,-1,-0.03,3171,3339,1400-4-13,2021-07-04
200,سبزوا,سيمان لار سبزوار,1036,8842649,25415099404,2943,2860,2845,-98,-3.33,2874,-69,-2.34,2800,2989,1400-4-13,2021-07-04
201,رتاپ,تجارت الكترونيك  پارسيان,1032,5308948,29873927220,5560,5590,5570,10,0.18,5630,70,1.26,5410,5790,1400-4-13,2021-07-04
202,كوثر,بيمه كوثر,1028,5238903,81071706196,15928,15250,15140,-788,-4.95,15475,-453,-2.84,15132,16184,1400-4-13,2021-07-04
203,كحافظ,كاشي‌ وسراميك‌ حافظ‌,1018,6346741,57227297430,8640,8640,9070,430,4.98,9020,380,4.4,8640,9070,1400-4-13,2021-07-04
204,سبهان,سيمان‌ بهبهان‌,1012,754732,41994821070,56010,55000,56020,10,0.02,55640,-370,-0.66,53700,56890,1400-4-13,2021-07-04
205,دشيمي,شيمي‌ داروئي‌ داروپخش‌,1012,2534456,52834415940,21820,21000,20790,-1030,-4.72,20850,-970,-4.45,20730,21740,1400-4-13,2021-07-04
206,ريشمك,توليد و صادرات ريشمك,1011,1119929,48377857910,45091,42837,42837,-2254,-5,43197,-1894,-4.2,42837,44200,1400-4-13,2021-07-04
207,دارو,كارخانجات‌داروپخش‌,994,3683565,81151198850,21220,22000,21900,680,3.2,22030,810,3.82,21300,22280,1400-4-13,2021-07-04
208,كسعدي,كاشي‌ سعدي‌,993,3417629,38624928910,11500,11000,11480,-20,-0.17,11300,-200,-1.74,11000,11680,1400-4-13,2021-07-04
209,دجابر,داروسازي‌ جابرابن‌حيان‌,988,2735535,34671288860,13240,12580,12620,-620,-4.68,12670,-570,-4.31,12580,13180,1400-4-13,2021-07-04
210,مرقام,ايران‌ارقام‌,979,3665884,56114364470,15450,15500,15330,-120,-0.78,15310,-140,-0.91,15020,15680,1400-4-13,2021-07-04
211,زدشت,كشت و صنعت دشت خرم دره,975,1494609,28104627612,19514,18610,18630,-884,-4.53,18804,-710,-3.64,18539,19349,1400-4-13,2021-07-04
212,غمينو,شركت صنايع غذايي مينو شرق,966,3386075,28653879931,8449,8550,8297,-152,-1.8,8462,13,0.15,8201,8640,1400-4-13,2021-07-04
213,گنگين,اقتصادي نگين گردشگري ايرانيان,963,8101106,150520497632,18540,18780,18540,0,0,18580,40,0.22,18111,18790,1400-4-13,2021-07-04
214,بكهنوج,توليد برق ماهتاب كهنوج,959,21026290,30195943512,1458,1440,1440,-18,-1.23,1436,-22,-1.51,1416,1465,1400-4-13,2021-07-04
215,فرآور,فرآوري‌موادمعدني‌ايران‌,958,1619755,47935599690,30160,30240,30000,-160,-0.53,29590,-570,-1.89,28810,30240,1400-4-13,2021-07-04
216,بالاس,مهندسي ساختمان تاسيسات راه آهن,949,1284420,42088563650,34370,33800,32652,-1718,-5,32769,-1601,-4.66,32652,33800,1400-4-13,2021-07-04
217,كفپارس,فرآورده‌هاي‌ نسوز پارس‌,946,11241444,35799248957,3204,3259,3189,-15,-0.47,3185,-19,-0.59,3131,3259,1400-4-13,2021-07-04
218,وتعاون,بيمه  تعاون,946,10554616,52384200856,4956,5104,4941,-15,-0.3,4963,7,0.14,4808,5104,1400-4-13,2021-07-04
219,فوكا,فولاد كاويان,939,7083429,107504619018,15096,15459,15250,154,1.02,15177,81,0.54,15000,15459,1400-4-13,2021-07-04
220,حفاري,حفاري شمال,922,4817049,31252078780,6480,6260,6470,-10,-0.15,6490,10,0.15,6190,6630,1400-4-13,2021-07-04
221,زنگان,صنعت روي زنگان,913,582114,34196821680,60403,58010,58390,-2013,-3.33,58746,-1657,-2.74,58010,60900,1400-4-13,2021-07-04
222,تشتاد,صنايع توليدي اشتاد ايران‌,908,4891042,32623261634,6761,6610,6900,139,2.06,6670,-91,-1.35,6559,6932,1400-4-13,2021-07-04
223,ومهان,گروه توسعه مالي مهر آيندگان,902,3256763,42041251874,13108,12510,13050,-58,-0.44,12946,-162,-1.24,12510,13108,1400-4-13,2021-07-04
224,سيمرغ,سيمرغ,898,3891558,64460111560,16390,16360,16600,210,1.28,16560,170,1.04,15800,17090,1400-4-13,2021-07-04
225,رتكو,كنترل‌خوردگي‌تكين‌كو,897,2395450,35761561740,15000,15040,14650,-350,-2.33,14930,-70,-0.47,14600,15270,1400-4-13,2021-07-04
226,خكرمان,گروه اقتصادي كرمان خودرو,896,17426408,61911165209,3474,3400,3544,70,2.01,3553,79,2.27,3400,3578,1400-4-13,2021-07-04
227,قزوين,كارخانجات‌ قند قزوين‌,889,2805446,74479456270,25980,26500,27270,1290,4.97,26550,570,2.19,24760,27270,1400-4-13,2021-07-04
228,تكشا,گسترش‌صنايع‌وخدمات‌كشاورزي‌,875,1387242,40573804180,30370,28860,28860,-1510,-4.97,29250,-1120,-3.69,28860,30540,1400-4-13,2021-07-04
229,كرماشا,صنايع پتروشيمي كرمانشاه,867,3439365,131400488700,38330,37000,37900,-430,-1.12,38200,-130,-0.34,36600,38870,1400-4-13,2021-07-04
230,وتوكا,سرمايه‌گذاري‌توكافولاد(هلدينگ,864,4236976,36568247790,8690,8400,8670,-20,-0.23,8630,-60,-0.69,8330,8900,1400-4-13,2021-07-04
231,شغدير,پتروشيمي غدير,864,1580287,100939711080,63700,61310,63830,130,0.2,63870,170,0.27,61310,64700,1400-4-13,2021-07-04
232,تسه0002,امتيازتسهيلاتمسكن ارديبهشت1400,859,13270,8024630791,606793,596599,630000,23207,3.82,604720,-2073,-0.34,596598,630000,1400-4-13,2021-07-04
233,ونيرو,سرمايه‌گذاري‌نيرو,858,17757490,42939726809,2480,2440,2434,-46,-1.85,2418,-62,-2.5,2394,2440,1400-4-13,2021-07-04
234,شپارس,بين‌ المللي‌ محصولات‌  پارس‌,857,2596480,41278917130,16410,15620,15800,-610,-3.72,15900,-510,-3.11,15620,16380,1400-4-13,2021-07-04
235,نوين,بيمه نوين,857,9163720,44185910100,4909,4712,4822,-87,-1.77,4822,-87,-1.77,4670,4945,1400-4-13,2021-07-04
236,وپست,پست بانك ايران,857,3063505,67313610010,22390,21850,21600,-790,-3.53,21970,-420,-1.88,21500,22790,1400-4-13,2021-07-04
237,كپارس,كاشي‌ پارس‌,854,473304,51311473780,107500,103510,112100,4600,4.28,108410,910,0.85,103510,112500,1400-4-13,2021-07-04
238,فباهنر,مس‌ شهيدباهنر,844,2389332,47608755820,19530,19100,20080,550,2.82,19930,400,2.05,19100,20180,1400-4-13,2021-07-04
239,ارفع,شركت آهن و فولاد ارفع,838,2646066,37062558392,14306,13750,14000,-306,-2.14,14141,-165,-1.15,13650,14306,1400-4-13,2021-07-04
240,وصندوق,سرمايه‌گذاري‌صندوق‌بازنشستگي‌,837,16202398,244782883700,15010,14700,15330,320,2.13,15110,100,0.67,14700,15660,1400-4-13,2021-07-04
241,طلا,صندوق س.پشتوانه طلاي لوتوس,834,1056304,81660912310,77486,77250,76800,-686,-0.89,77308,-178,-0.23,76800,77669,1400-4-13,2021-07-04
242,ولشرق,ليزينگ ايران و شرق,829,4145946,24915750743,6151,6045,5930,-221,-3.59,6010,-141,-2.29,5869,6169,1400-4-13,2021-07-04
243,زفكا,كشت و دامداري فكا,827,3846742,41498615035,10296,10810,10810,514,4.99,10788,492,4.78,10650,10810,1400-4-13,2021-07-04
244,البرز,بيمه البرز,822,23105080,97087600634,4234,4144,4185,-49,-1.16,4202,-32,-0.76,4100,4260,1400-4-13,2021-07-04
245,پارس,پتروشيمي پارس,820,582107,98365229630,167340,169380,168560,1220,0.73,168910,1570,0.94,165000,170480,1400-4-13,2021-07-04
246,كماسه,تامين‌ ماسه‌ ريخته‌گري‌,819,979603,31975532400,31810,30270,32800,990,3.11,32640,830,2.61,30270,33150,1400-4-13,2021-07-04
247,غديس,پاكديس,808,7112250,90562385990,12135,12741,12741,606,4.99,12733,598,4.93,12540,12741,1400-4-13,2021-07-04
248,وشهر,بانك شهر,796,7278061,39752219172,5515,5500,5450,-65,-1.18,5462,-53,-0.96,5376,5540,1400-4-13,2021-07-04
249,دكوثر,داروسازي‌ كوثر,794,6534183,31256273807,4669,4567,4790,121,2.59,4784,115,2.46,4464,4898,1400-4-13,2021-07-04
250,خوساز,محورسازان‌ايران‌خودرو,787,6500532,41461035820,6500,6180,6280,-220,-3.38,6380,-120,-1.85,6180,6610,1400-4-13,2021-07-04
251,شجم,صنايع پتروشيمي تخت جمشيد,787,15816487,158281888744,9728,9731,10019,291,2.99,10007,279,2.87,9437,10019,1400-4-13,2021-07-04
252,قهكمت,قندهكمتان‌,783,1580864,60247069310,36840,38630,38680,1840,4.99,38110,1270,3.45,35410,38680,1400-4-13,2021-07-04
253,فزرين,زرين معدن آسيا,781,4212327,73416245257,16618,17060,17448,830,4.99,17429,811,4.88,17060,17448,1400-4-13,2021-07-04
254,تكمبا,كمباين‌ سازي‌ ايران‌,780,5199952,34379864740,6540,6330,6530,-10,-0.15,6610,70,1.07,6330,6770,1400-4-13,2021-07-04
255,پارند,صندوق س. پارند پايدار سپهر,779,26961990,304727311484,11291,11302,11303,12,0.11,11302,11,0.1,11301,11304,1400-4-13,2021-07-04
256,تيپيكو,سرمايه گذاري دارويي تامين,775,2836727,120599392970,42900,43400,42500,-400,-0.93,42510,-390,-0.91,42040,43400,1400-4-13,2021-07-04
257,خچرخش,چرخشگر,772,3379552,35510793540,10990,10520,10450,-540,-4.91,10510,-480,-4.37,10450,10880,1400-4-13,2021-07-04
258,زشگزا,شير و گوشت زاگرس شهركرد,771,5083156,30809474259,5956,6000,6130,174,2.92,6061,105,1.76,5956,6130,1400-4-13,2021-07-04
259,وبيمه,سرمايه‌ گذاري‌ صنعت‌ بيمه‌,768,12766677,22196726989,1772,1710,1725,-47,-2.65,1739,-33,-1.86,1710,1789,1400-4-13,2021-07-04
260,پارسان,گسترش نفت و گاز پارسيان,762,6247918,140563680510,22150,21890,22630,480,2.17,22500,350,1.58,21610,23040,1400-4-13,2021-07-04
261,وآرين,شركت توسعه اقتصادي آرين,762,7607757,23943142074,3195,3198,3150,-45,-1.41,3147,-48,-1.5,3101,3198,1400-4-13,2021-07-04
262,دانا,بيمه دانا,762,7630608,36975329720,4920,4760,4850,-70,-1.42,4850,-70,-1.42,4750,4930,1400-4-13,2021-07-04
263,خكمك,كمك‌فنرايندامين‌,757,2489020,45134668270,17420,17430,18290,870,4.99,18130,710,4.08,17220,18290,1400-4-13,2021-07-04
264,وساخت,سرمايه‌ گذاري‌ ساختمان‌ايران‌,755,1310936,66217931460,50450,49090,50680,230,0.46,50510,60,0.12,49090,50990,1400-4-13,2021-07-04
265,ستران,سيمان‌ تهران‌,753,2182730,47775669660,21590,21000,22150,560,2.59,21890,300,1.39,20700,22300,1400-4-13,2021-07-04
266,كهمدا,شيشه‌ همدان‌,753,2610653,23652352100,9110,9070,9190,80,0.88,9060,-50,-0.55,8820,9210,1400-4-13,2021-07-04
267,خكاوه,سايپا ديزل,741,22058843,81511154186,3597,3680,3704,107,2.97,3695,98,2.72,3605,3704,1400-4-13,2021-07-04
268,وتوشه,سرمايه‌ گذاري‌ پارس‌ توشه‌,741,17847935,106874579460,6270,6010,6060,-210,-3.35,5990,-280,-4.47,5960,6240,1400-4-13,2021-07-04
269,تسه0001,امتيازتسهيلات مسكن فروردين1400,741,9425,5695314009,601066,600000,615000,13934,2.32,604277,3211,0.53,596010,619999,1400-4-13,2021-07-04
270,وبشهر,توسعه‌ صنايع‌ بهشهر(هلدينگ,734,10083668,111226137190,10570,10500,11090,520,4.92,11030,460,4.35,10300,11090,1400-4-13,2021-07-04
271,خشرق,الكتريك‌ خودرو شرق‌,734,3495531,39055119300,10820,10420,11360,540,4.99,11170,350,3.23,10420,11360,1400-4-13,2021-07-04
272,غشاذر,پگاه‌آذربايجان‌غربي‌,733,3622724,26229053150,7390,7380,7170,-220,-2.98,7240,-150,-2.03,7070,7420,1400-4-13,2021-07-04
273,وزمين,بانك ايران زمين,733,4604477,46167349247,10276,9990,10160,-116,-1.13,10027,-249,-2.42,9865,10250,1400-4-13,2021-07-04
274,دلقما,دارويي‌ لقمان‌,729,2857775,92619805090,30910,32450,32450,1540,4.98,32410,1500,4.85,31510,32450,1400-4-13,2021-07-04
275,غبهار,كشت وصنعت بهاران گلبهار خراسان,714,1938236,39359133680,20909,20510,20282,-627,-3,20307,-602,-2.88,20282,20800,1400-4-13,2021-07-04
276,چكاوه,صنايع‌كاغذسازي‌كاوه‌,713,3051851,40184709990,12720,12970,13350,630,4.95,13170,450,3.54,12520,13350,1400-4-13,2021-07-04
277,همراه,شركت ارتباطات سيار ايران,712,2134628,42636290870,20660,19630,19920,-740,-3.58,20350,-310,-1.5,19630,20430,1400-4-13,2021-07-04
278,سمايه,بانك سرمايه,710,8241507,35606293024,4206,4332,4288,82,1.95,4320,114,2.71,4193,4332,1400-4-13,2021-07-04
279,باران,بيمه زندگي باران50%تاديه,709,6434568,31675701120,4829,4880,4826,-3,-0.06,4923,94,1.95,4800,4973,1400-4-13,2021-07-04
280,شنفت,نفت‌ پارس‌,709,718060,34561201050,46900,48400,48020,1120,2.39,47780,880,1.88,47220,48490,1400-4-13,2021-07-04
281,كاريس,صندوق س.سپهر كاريزما-س,705,3833026,45595246334,12012,12010,11950,-62,-0.52,11895,-117,-0.97,11740,12053,1400-4-13,2021-07-04
282,افرا,افرانت,705,957379,24205284523,26481,25200,25157,-1324,-5,25283,-1198,-4.52,25157,26250,1400-4-13,2021-07-04
283,بزاگرس,نيروگاه زاگرس كوثر,703,4222458,19211763027,4458,4458,4532,74,1.66,4550,92,2.06,4300,4650,1400-4-13,2021-07-04
284,پارتا,مجتمع‌صنعتي‌آرتاويل‌تاير,701,1525492,47342208536,31928,30971,31000,-928,-2.91,31034,-894,-2.8,30971,31928,1400-4-13,2021-07-04
285,هرمز,فولاد هرمزگان جنوب,700,2624000,40803675061,15573,15110,15519,-54,-0.35,15565,-8,-0.05,15110,15765,1400-4-13,2021-07-04
286,لابسا,آبسال‌,697,1008892,36630367700,37510,35810,36500,-1010,-2.69,36310,-1200,-3.2,35650,37500,1400-4-13,2021-07-04
287,زبينا,كشاورزي و دامپروري بينالود,697,7924127,20813273962,2680,2590,2634,-46,-1.72,2627,-53,-1.98,2570,2723,1400-4-13,2021-07-04
288,ورنا,سرمايه‌گذاري‌ رنا(هلدينگ‌,696,7773329,35021687259,4541,4317,4486,-55,-1.21,4505,-36,-0.79,4317,4640,1400-4-13,2021-07-04
289,حتايد,تايدواترخاورميانه,691,3090360,82892317880,26930,26930,26890,-40,-0.15,26820,-110,-0.41,26020,27490,1400-4-13,2021-07-04
290,شبصير,توليدات پتروشيمي قائد بصير,691,624623,49067006637,80355,77120,78052,-2303,-2.87,78555,-1800,-2.24,77120,81048,1400-4-13,2021-07-04
291,پارند2,صندوق س. پارند پايدار سپهر,689,68900000,68900000,11291,1,1,-11290,-99.99,1,-11290,-99.99,1,1,1400-4-13,2021-07-04
292,وهور,مديريت انرژي اميد  تابان هور,687,17041296,28335966534,1662,1603,1669,7,0.42,1663,1,0.06,1603,1695,1400-4-13,2021-07-04
293,خموتور,موتورسازان‌تراكتورسازي‌ايران‌,676,3464545,31678682180,9330,9270,9080,-250,-2.68,9140,-190,-2.04,8880,9470,1400-4-13,2021-07-04
294,كيميا,معدني كيمياي زنجان گستران,673,2386297,33598022158,13902,14080,13993,91,0.65,14080,178,1.28,13207,14470,1400-4-13,2021-07-04
295,چكارن,كارتن‌ ايران‌,670,7648159,20094241885,2636,2567,2585,-51,-1.93,2627,-9,-0.34,2510,2720,1400-4-13,2021-07-04
296,رمپنا,گروه مپنا (سهامي عام),663,4733248,64344231010,13770,13240,13600,-170,-1.23,13670,-100,-0.73,13100,13770,1400-4-13,2021-07-04
297,جوين,كشت و صنعت جوين,662,5410113,20701164522,3819,3926,3780,-39,-1.02,3826,7,0.18,3721,3926,1400-4-13,2021-07-04
298,دزهراوي,داروسازي‌زهراوي‌,653,2488999,14931836200,6050,6050,5960,-90,-1.49,6000,-50,-0.83,5830,6140,1400-4-13,2021-07-04
299,ضخود7076,اختيارخ خودرو-2500-1400/07/07,649,31423,4562160000,144,138,149,5,3.47,145,1,0.69,128,161,1400-4-13,2021-07-04
300,ساروم,سيمان‌اروميه‌,648,893686,30331019860,33220,32210,33900,680,2.05,33940,720,2.17,32210,34830,1400-4-13,2021-07-04
301,كاذر,فرآورده‌هاي‌نسوزآذر,643,1955825,26737975910,13600,13120,13740,140,1.03,13670,70,0.51,13120,13950,1400-4-13,2021-07-04
302,وسينا,بانك سينا,640,17553720,46003537655,2586,2552,2674,88,3.4,2621,35,1.35,2550,2674,1400-4-13,2021-07-04
303,ميدكو,هلدينگ صنايع  معدني خاورميانه,633,3198487,136445287411,42650,42654,42653,3,0.01,42659,9,0.02,42650,42890,1400-4-13,2021-07-04
304,تكنو,تكنوتار,618,1342338,23434928240,18340,17460,17430,-910,-4.96,17460,-880,-4.8,17430,18000,1400-4-13,2021-07-04
305,واميد,گروه مديريت سرمايه گذاري اميد,617,3693778,36784680520,10230,9760,10030,-200,-1.96,10140,-90,-0.88,9760,10220,1400-4-13,2021-07-04
306,وايرا,سرمايه گذاري صنايع ايران,616,3466872,30803594026,9050,9321,8999,-51,-0.56,8885,-165,-1.82,8779,9321,1400-4-13,2021-07-04
307,شكربن,كربن‌ ايران‌,614,709633,63749964270,89370,90160,90000,630,0.7,89840,470,0.53,86800,92050,1400-4-13,2021-07-04
308,آريان,سرمايه گذاري پارس آريان,612,12500774,170349797060,13380,13100,13781,401,3,13627,247,1.85,13000,13781,1400-4-13,2021-07-04
309,قصفها,قنداصفهان‌,610,253082,21249108990,86850,83580,83200,-3650,-4.2,83960,-2890,-3.33,82970,87180,1400-4-13,2021-07-04
310,بپاس,بيمه پاسارگاد,606,440321,44572306597,101195,101200,101203,8,0.01,101209,14,0.01,101195,101340,1400-4-13,2021-07-04
311,دتماد,توليدمواداوليه‌داروپخش‌,605,1711957,70186306700,43010,41990,41260,-1750,-4.07,41000,-2010,-4.67,40860,42400,1400-4-13,2021-07-04
312,سفانو,سيمان فارس نو,603,1677100,42835688140,25040,24200,25990,950,3.79,25540,500,2,24200,25990,1400-4-13,2021-07-04
313,شبهرن,نفت‌ بهران‌,601,1786501,19925055980,11350,11400,11080,-270,-2.38,11280,-70,-0.62,10990,11400,1400-4-13,2021-07-04
314,لسرما,سرما آفرين‌,601,1775161,37818552470,20900,20900,21140,240,1.15,21300,400,1.91,20400,21800,1400-4-13,2021-07-04
315,اميد,تامين سرمايه اميد,600,3630534,21727473060,6200,6030,5980,-220,-3.55,5990,-210,-3.39,5900,6170,1400-4-13,2021-07-04
316,وپترو,سرمايه‌گذاري صنايع پتروشيمي‌,593,3889660,56041261570,13870,14340,14560,690,4.97,14410,540,3.89,13820,14560,1400-4-13,2021-07-04
317,اپرداز,آتيه داده پرداز,589,1266478,25927563466,20005,20550,20650,645,3.22,20472,467,2.33,20005,20900,1400-4-13,2021-07-04
318,سشرق,سيمان‌ شرق‌,589,7651937,49678380100,6480,6410,6490,10,0.15,6490,10,0.15,6300,6550,1400-4-13,2021-07-04
319,كخاك,صنايع‌خاك‌چيني‌ايران‌,588,887295,29610843340,34290,34290,33030,-1260,-3.67,33370,-920,-2.68,32580,34790,1400-4-13,2021-07-04
320,ساراب,سيمان‌ داراب‌,584,1212625,23133961530,19210,18990,19000,-210,-1.09,19080,-130,-0.68,18800,19450,1400-4-13,2021-07-04
321,ونفت,سرمايه‌گذاري‌ صنعت‌ نفت‌,579,11564564,165318525590,14140,13540,14400,260,1.84,14300,160,1.13,13540,14590,1400-4-13,2021-07-04
322,فايرا,آلومينيوم‌ايران‌,577,1832198,27516329620,15270,15000,14910,-360,-2.36,15150,-120,-0.79,14810,15280,1400-4-13,2021-07-04
323,پدرخش,درخشان‌ تهران‌,571,830966,21821406180,26950,25630,26000,-950,-3.53,26260,-690,-2.56,25630,27300,1400-4-13,2021-07-04
324,سامان,بانك سامان,565,7938790,73804234492,9367,9599,9367,0,0,9297,-70,-0.75,9140,9599,1400-4-13,2021-07-04
325,تسه9912,امتياز تسهيلات مسكن اسفند99,558,7661,4649206101,607612,600000,600005,-7607,-1.25,606867,-745,-0.12,592100,637977,1400-4-13,2021-07-04
326,سمازن,سيمان‌مازندران‌,555,5163678,65390657670,12650,12260,12760,110,0.87,12660,10,0.08,12180,13000,1400-4-13,2021-07-04
327,بساما,بيمه سامان,554,912376,23893576326,25723,26000,26050,327,1.27,26188,465,1.81,25730,27000,1400-4-13,2021-07-04
328,پخش,پخش البرز,551,2608104,48925662017,19474,18767,18720,-754,-3.87,18759,-715,-3.67,18501,19152,1400-4-13,2021-07-04
329,فاما,صنعتي‌ آما,547,1498007,24886612830,15840,15760,16630,790,4.99,16610,770,4.86,15760,16630,1400-4-13,2021-07-04
330,تسه9908,امتياز تسهيلات مسكن آبان99,527,9525,5744125930,605006,598588,600006,-5000,-0.83,603058,-1948,-0.32,583000,612000,1400-4-13,2021-07-04
331,كطبس,ذغال‌سنگ‌ نگين‌ ط‌بس‌,527,1253489,68033858230,52220,52500,54830,2610,5,54280,2060,3.94,51260,54830,1400-4-13,2021-07-04
332,بموتو,موتوژن‌,526,690307,38544919240,54240,53730,56020,1780,3.28,55840,1600,2.95,53210,56700,1400-4-13,2021-07-04
333,ثتران,سرمايه گذاري مسكن تهران,526,7379804,21982824549,3026,2901,2945,-81,-2.68,2979,-47,-1.55,2901,3050,1400-4-13,2021-07-04
334,سخاش,سيمان‌خاش‌,525,224411,18780061120,85080,80930,83410,-1670,-1.96,83690,-1390,-1.63,80930,84910,1400-4-13,2021-07-04
335,درهآور,دارويي ره آورد تامين,521,806336,20366002608,24489,25500,25580,1091,4.46,25257,768,3.14,24000,25590,1400-4-13,2021-07-04
336,فلامي,لاميران‌,521,687474,19801101870,30260,28950,28750,-1510,-4.99,28800,-1460,-4.82,28750,30200,1400-4-13,2021-07-04
337,لبوتان,گروه‌صنعتي‌بوتان‌,517,2295100,121040864520,50290,49360,52800,2510,4.99,52740,2450,4.87,49360,52800,1400-4-13,2021-07-04
338,وتوس,توسعه‌شهري‌توس‌گستر,517,1224903,14808249280,12220,12790,11910,-310,-2.54,12100,-120,-0.98,11810,12790,1400-4-13,2021-07-04
339,دفارا,داروسازي‌ فارابي‌,514,423796,15311049050,37170,36990,36100,-1070,-2.88,36130,-1040,-2.8,35700,36990,1400-4-13,2021-07-04
340,قشير,قند شيروان قوچان و بجنورد,507,1090571,17092003593,16150,15710,15650,-500,-3.1,15673,-477,-2.95,15343,16150,1400-4-13,2021-07-04
341,وسهرمز,شركت س استان هرمزگان,507,30589100,21474394337,738,702,702,-36,-4.88,709,-29,-3.93,702,722,1400-4-13,2021-07-04
342,كروي,توسعه‌ معادن‌ روي‌ ايران‌,507,1080185,23786352240,22290,22000,22020,-270,-1.21,22020,-270,-1.21,21750,22400,1400-4-13,2021-07-04
343,صبهمن404,صكوك مرابحه بهمن404-3ماهه 18%,506,5000000,5000000000000,1000000,1000000,1000000,0,0,1000000,0,0,1000000,1000000,1400-4-13,2021-07-04
344,سرچشمه,سرمايه گذاري مس سرچشمه,503,4013612,28254836559,7028,7040,7120,92,1.31,7040,12,0.17,6900,7160,1400-4-13,2021-07-04
345,فخاس,فولاد خراسان,503,1700044,42387608260,23780,23850,24950,1170,4.92,24240,460,1.93,23850,24960,1400-4-13,2021-07-04
346,سكه0012پ01,تمام سكه طرح جديد0012رفاه,500,183800,196308870200,1067951,1074800,1063000,-4951,-0.46,1068057,106,0.01,1060000,1075000,1400-4-13,2021-07-04
347,سكرد,سيمان كردستان,500,2279875,13371876190,5980,6030,5880,-100,-1.67,5880,-100,-1.67,5780,6030,1400-4-13,2021-07-04
348,شدوص,دوده‌ صنعتي‌ پارس‌,498,1312426,23957104670,18250,18980,18490,240,1.32,18250,0,0,17570,18980,1400-4-13,2021-07-04
349,كاسپين,داروسازي كاسپين تامين,495,793813,14546104907,18841,18841,18250,-591,-3.14,18324,-517,-2.74,18000,18841,1400-4-13,2021-07-04
350,پاكشو,گروه صنعتي پاكشو,481,2295034,12431371310,5580,5380,5480,-100,-1.79,5560,-20,-0.36,5360,5510,1400-4-13,2021-07-04
351,فولاژ,فولاد آلياژي ايران,475,1596198,24540134170,15330,15150,15500,170,1.11,15340,10,0.07,14800,15560,1400-4-13,2021-07-04
352,كنور,توسعه معدني و صنعتي صبانور,475,623444,32963428330,52700,53000,53330,630,1.2,52790,90,0.17,51250,53850,1400-4-13,2021-07-04
353,بميلا,توسعه بازرگاني آهن وفولادميلاد,472,1769171,23136114146,12996,12620,13102,106,0.82,13077,81,0.62,12620,13269,1400-4-13,2021-07-04
354,حخزر,كشتيراني درياي خزر,470,666670,14804611577,21538,21500,22548,1010,4.69,22205,667,3.1,20502,22609,1400-4-13,2021-07-04
355,زشريف,كشت وصنعت شريف آباد,470,3344241,14264093037,4290,4340,4294,4,0.09,4266,-24,-0.56,4183,4340,1400-4-13,2021-07-04
356,تسه9911,امتياز تسهيلات مسكن بهمن99,468,6640,4018600834,604497,590500,601000,-3497,-0.58,605211,714,0.12,585200,625000,1400-4-13,2021-07-04
357,حسير,ريل سير كوثر,467,1851527,29533587351,15301,15522,16066,765,5,15951,650,4.25,15450,16066,1400-4-13,2021-07-04
358,فنفت,صنايع تجهيزات نفت,464,2518024,56870303635,30057,22700,22630,-7427,-24.71,22585,-7472,-24.86,22019,23381,1400-4-13,2021-07-04
359,وگردش,بانك گردشگري,463,1177594,16991483543,14455,14400,14480,25,0.17,14450,-5,-0.03,14031,14619,1400-4-13,2021-07-04
360,غگلپا,شير پاستوريزه پگاه گلپايگان,462,464500,26956777568,58276,58495,57200,-1076,-1.85,58034,-242,-0.42,56000,60000,1400-4-13,2021-07-04
361,وتوسم,سرمايه‌گذاري‌توسعه‌ملي‌,462,4134219,31356514690,7400,7450,7690,290,3.92,7580,180,2.43,7330,7690,1400-4-13,2021-07-04
362,فروس,فروسيليس‌ ايران‌,458,5311702,28720220730,5290,5480,5390,100,1.89,5410,120,2.27,5340,5480,1400-4-13,2021-07-04
363,شسينا,صنايع‌شيميايي‌سينا,455,238401,20938776020,92320,89000,87710,-4610,-4.99,87830,-4490,-4.86,87710,89890,1400-4-13,2021-07-04
364,رنيك,جنرال مكانيك,452,841031,16885246721,20122,19390,20200,78,0.39,20077,-45,-0.22,19310,20450,1400-4-13,2021-07-04
365,واحصا,احياء صنايع خراسان,451,748139,31169065461,41961,43140,40703,-1258,-3,41662,-299,-0.71,40703,43200,1400-4-13,2021-07-04
366,معيار ,سرمايه گذاري معيار صنعت پارس,449,853096,37293030346,42579,43800,43856,1277,3,43715,1136,2.67,42600,43856,1400-4-13,2021-07-04
367,وسبحان,سرمايه گذاري سبحان,446,10774473,28051630136,2576,2610,2610,34,1.32,2604,28,1.09,2562,2624,1400-4-13,2021-07-04
368,تماوندح,ح . تامين سرمايه دماوند,444,12628143,36107988696,2902,2815,2930,28,0.96,2859,-43,-1.48,2815,2934,1400-4-13,2021-07-04
369,غمارگ,مارگارين‌,442,748309,17121848580,22660,22500,22520,-140,-0.62,22880,220,0.97,21650,23320,1400-4-13,2021-07-04
370,مدير,ص.س.مديريت ثروت ص.بازنشستگي-س,430,2089211,17391093200,8385,8250,8301,-84,-1,8324,-61,-0.73,8145,8425,1400-4-13,2021-07-04
371,جم پيلن,پلي پروپيلن جم - جم پيلن,428,770104,59653396460,77970,76000,78500,530,0.68,77480,-490,-0.63,75580,78600,1400-4-13,2021-07-04
372,آوا,صندوق س.سهام آواي معيار-س,425,2056749,14866399790,7294,7200,7205,-89,-1.22,7228,-66,-0.9,7122,7330,1400-4-13,2021-07-04
373,ختراك,ريخته‌گري‌ تراكتورسازي‌ ايران‌,425,1812464,20518692790,11460,10900,11440,-20,-0.17,11320,-140,-1.22,10900,11600,1400-4-13,2021-07-04
374,شكلر,نيروكلر,425,523994,16393025720,32570,32000,31420,-1150,-3.53,31280,-1290,-3.96,30950,32500,1400-4-13,2021-07-04
375,سخند,صندوق س.سپهرخبرگان نفت-د,421,20285850,204479407530,10068,10050,10080,12,0.12,10080,12,0.12,10050,10080,1400-4-13,2021-07-04
376,كاردان,صندوق س تجارت شاخصي كاردان,418,227491,36834746100,159700,159680,162420,2720,1.7,161920,2220,1.39,157400,163930,1400-4-13,2021-07-04
377,تسه9910,امتياز تسهيلات مسكن دي99,418,5984,3616071942,606016,620000,615000,8984,1.48,604290,-1726,-0.28,581000,620000,1400-4-13,2021-07-04
378,كفرا,فراورده‌ هاي‌ نسوزايران‌,412,766767,16178786620,21230,20250,21260,30,0.14,21100,-130,-0.61,20220,21890,1400-4-13,2021-07-04
379,شيراز,پتروشيمي‌شيراز,410,2505980,145428416360,58170,56100,58000,-170,-0.29,58030,-140,-0.24,56000,59000,1400-4-13,2021-07-04
380,آساميد2,صندوق س.مشترك آسمان اميد -د,409,40900000,40900000,12278,1,1,-12277,-99.99,1,-12277,-99.99,1,1,1400-4-13,2021-07-04
381,غشان,شيرپاستوريزه‌پگاه‌خراسان‌,407,2413133,11814121440,4940,4800,4910,-30,-0.61,4900,-40,-0.81,4800,4980,1400-4-13,2021-07-04
382,وبهمن,سرمايه‌گذاري‌بهمن‌,407,1770397,22980601440,13630,12950,12950,-680,-4.99,12980,-650,-4.77,12950,13390,1400-4-13,2021-07-04
383,پكرمان,گروه‌ صنعتي‌ بارز,406,1267576,35769371380,28050,27390,28450,400,1.43,28220,170,0.61,27390,28550,1400-4-13,2021-07-04
384,كمينا,شيشه سازي مينا,402,996352,25814398199,25299,24590,25840,541,2.14,25909,610,2.41,24590,26057,1400-4-13,2021-07-04
385,هجرت,پخش هجرت,400,1055415,24253946030,22920,21800,23028,108,0.47,22980,60,0.26,21800,23510,1400-4-13,2021-07-04
386,شرانل,نفت ايرانول,400,634529,26955551297,42326,41220,43230,904,2.14,42449,123,0.29,41020,43800,1400-4-13,2021-07-04
387,تنوين,تامين سرمايه نوين,399,10032361,70085190560,6990,7000,6920,-70,-1,6990,0,0,6860,7030,1400-4-13,2021-07-04
388,كپرور,فرآوري زغال سنگ پروده طبس,398,670532,21762308468,31063,32400,32616,1553,5,32455,1392,4.48,31300,32616,1400-4-13,2021-07-04
389,سرود,سيمان‌شاهرود,397,1621810,32497022880,19790,19650,20250,460,2.32,20040,250,1.26,19030,20300,1400-4-13,2021-07-04
390,شگل,گلتاش‌,397,964464,7433480950,7530,7680,7750,220,2.92,7620,90,1.2,7550,7860,1400-4-13,2021-07-04
391,فنوال,نورد آلومينيوم‌,397,662571,15633358650,23550,23650,23470,-80,-0.34,23590,40,0.17,23040,23970,1400-4-13,2021-07-04
392,وملل,اعتباري ملل,394,12589171,166927497922,13260,13261,13259,-1,-0.01,13260,0,0,13258,13270,1400-4-13,2021-07-04
393,بايكا,كارخانجات كابلسازي ‌ايران‌,394,1014161,26016526578,36382,26001,25221,-11161,-30.68,25653,-10729,-29.49,25221,26520,1400-4-13,2021-07-04
394,بمپنا,توليد برق عسلويه  مپنا,393,357741,22490639925,65855,63040,62563,-3292,-5,62868,-2987,-4.54,62563,65470,1400-4-13,2021-07-04
395,وسپه,سرمايه‌گذاري‌ سپه‌,392,1839367,13347688510,7370,7140,7220,-150,-2.04,7330,-40,-0.54,7140,7420,1400-4-13,2021-07-04
396,وسكاب,س.ص.بازنشستگي كاركنان بانكها,388,9127025,23903159301,2622,2550,2635,13,0.5,2619,-3,-0.11,2550,2648,1400-4-13,2021-07-04
397,غبشهر,صنعتي‌ بهشهر,387,1107386,24889110920,22840,22000,22630,-210,-0.92,22500,-340,-1.49,21900,23000,1400-4-13,2021-07-04
398,شفارا,پتروشيمي فارابي,386,9855115,38734866633,3876,3772,3992,116,2.99,3930,54,1.39,3761,3992,1400-4-13,2021-07-04
399,تسه9909,امتياز تسهيلات مسكن آذر99,384,5107,3092369017,610493,581555,605007,-5486,-0.9,605516,-4977,-0.82,581555,635000,1400-4-13,2021-07-04
400,قمرو,قند مرودشت‌,384,503122,12197669160,24340,24000,24640,300,1.23,24260,-80,-0.33,23550,24850,1400-4-13,2021-07-04
401,دسبحان,سبحان دارو,379,2139338,35798503900,16110,15480,16910,800,4.97,16730,620,3.85,15450,16910,1400-4-13,2021-07-04
402,ثمسكن,سرمايه‌گذاري‌ مسكن‌,379,8200505,33907213816,4164,4110,4140,-24,-0.58,4135,-29,-0.7,4050,4200,1400-4-13,2021-07-04
403,دعبيد,لابراتوارداروسازي‌  دكترعبيدي‌,378,628744,15702935610,25270,25170,24670,-600,-2.37,25170,-100,-0.4,24500,25300,1400-4-13,2021-07-04
404,وبوعلي,سرمايه‌گذاري‌بوعلي‌,376,2501442,9550625547,3834,3868,3872,38,0.99,3824,-10,-0.26,3662,3872,1400-4-13,2021-07-04
405,تصميم,صندوق س با درآمد ثابت تصميم,370,2446403,40965546199,16734,16743,16747,13,0.08,16745,11,0.07,16743,16747,1400-4-13,2021-07-04
406,كي بي سي,شركت كي بي سي,370,672966,13621758964,20215,19238,21000,785,3.88,20240,25,0.12,19238,21023,1400-4-13,2021-07-04
407,دكپسول,توليد ژلاتين كپسول ايران,368,507235,15046160549,29140,27825,30310,1170,4.02,29632,492,1.69,27825,30310,1400-4-13,2021-07-04
408,دامين,داروسازي‌ امين‌,368,2657660,9191037302,3580,3478,3426,-154,-4.3,3501,-79,-2.21,3415,3520,1400-4-13,2021-07-04
409,ياقوت,صندوق س ياقوت آگاه-ثابت,368,3366933,42405532321,12588,12593,12606,18,0.14,12595,7,0.06,12592,12606,1400-4-13,2021-07-04
410,خاذين,سايپاآذين‌,364,5414619,15695776360,2912,2923,2924,12,0.41,2899,-13,-0.45,2850,2970,1400-4-13,2021-07-04
411,واحيا,م .صنايع و معادن احياء سپاهان,362,509800,83242839001,164722,161000,165000,278,0.17,163285,-1437,-0.87,160400,166427,1400-4-13,2021-07-04
412,تايرا,تراكتورسازي‌ايران‌,359,758194,18902538620,25210,24100,24900,-310,-1.23,25040,-170,-0.67,23990,25700,1400-4-13,2021-07-04
413,خديزل,بهمن  ديزل,356,1100388,54001887245,50479,51490,49075,-1404,-2.78,49075,-1404,-2.78,48003,51490,1400-4-13,2021-07-04
414,ورازي,بيمه رازي,353,19002301,25979270791,1306,1360,1371,65,4.98,1367,61,4.67,1322,1371,1400-4-13,2021-07-04
415,كگاز,شيشه‌ و گاز,351,640994,9518383570,15270,14850,14850,-420,-2.75,14990,-280,-1.83,14650,15150,1400-4-13,2021-07-04
416,فنورد,نوردوقطعات‌ فولادي‌,351,89398,14852637230,168040,160010,164630,-3410,-2.03,166140,-1900,-1.13,160010,169090,1400-4-13,2021-07-04
417,سنوين,سرمايه گذاري اقتصاد نوين,351,1117923,10086372662,9044,9080,8773,-271,-3,9023,-21,-0.23,8773,9299,1400-4-13,2021-07-04
418,قپيرا,فرآورده‌هاي‌غدايي‌وقندپيرانشهر,350,1307070,11401082300,9000,8680,9050,50,0.56,8770,-230,-2.56,8550,9370,1400-4-13,2021-07-04
419,ضخود7074,اختيارخ خودرو-1800-1400/07/07,350,14226,6903358000,495,475,484,-11,-2.22,485,-10,-2.02,438,516,1400-4-13,2021-07-04
420,افران,صندوق س افرا نماد پايدار-ثابت,349,4970759,68026356783,13675,13682,13686,11,0.08,13685,10,0.07,13682,13687,1400-4-13,2021-07-04
421,بهپاك,صنعتي بهپاك,347,2439960,15654241353,6480,6290,6470,-10,-0.15,6416,-64,-0.99,6211,6665,1400-4-13,2021-07-04
422,سيستم,همكاران سيستم,347,515477,14315942060,27790,27500,27990,200,0.72,27780,-10,-0.04,26900,28270,1400-4-13,2021-07-04
423,سخزر,سيمان‌ خزر,346,1501235,30363695850,19320,20280,20280,960,4.97,20230,910,4.71,19750,20280,1400-4-13,2021-07-04
424,شاوان,پالايش نفت لاوان,345,282708,22866962673,82482,82489,82300,-182,-0.22,81495,-987,-1.2,79090,82489,1400-4-13,2021-07-04
425,كقزوي,شيشه‌ قزوين‌,339,3501953,23741510051,6929,6722,6960,31,0.45,6780,-149,-2.15,6722,6995,1400-4-13,2021-07-04
426,گشان,توسعه بين المللي پديده شانديز,338,1470282,32234462568,21081,21924,21924,843,4,21924,843,4,21924,21924,1400-4-13,2021-07-04
427,سغرب,سيمان‌غرب‌,338,655096,15137390060,23280,22300,23100,-180,-0.77,23110,-170,-0.73,22300,23820,1400-4-13,2021-07-04
428,ارزش,صندوق س ارزش آفرين بيدار-سهام,335,2206344,19508692270,8940,8860,8900,-40,-0.45,8840,-100,-1.12,8780,8980,1400-4-13,2021-07-04
429,سپاها,سيمان‌سپاهان‌,334,2214242,15802015010,7290,7250,7090,-200,-2.74,7140,-150,-2.06,6970,7290,1400-4-13,2021-07-04
430,كارين,صندوق س نگين سامان-ثابت,322,9275542,93435007059,10069,10073,10072,3,0.03,10073,4,0.04,10072,10075,1400-4-13,2021-07-04
431,وتوصا,گروه س توسعه صنعتي ايران,320,3109797,27272919690,8360,8770,8770,410,4.9,8770,410,4.9,8770,8770,1400-4-13,2021-07-04
432,وسگيلا,شركت س استان گيلان,319,10293024,6496293306,662,630,637,-25,-3.78,657,-5,-0.76,629,655,1400-4-13,2021-07-04
433,غشوكو,شوكو پارس,318,593097,14217691374,24112,24778,24200,88,0.36,23972,-140,-0.58,23410,24778,1400-4-13,2021-07-04
434,پرداخت,به پرداخت ملت,317,472426,9553246750,20890,20020,20280,-610,-2.92,20630,-260,-1.24,20020,20580,1400-4-13,2021-07-04
435,وآفري,بيمه كارآفرين,315,4119575,12190758111,2883,2890,2969,86,2.98,2959,76,2.64,2800,2969,1400-4-13,2021-07-04
436,دفرا,فرآورده‌هاي‌ تزريقي‌ ايران‌,314,746307,18555133020,23780,24960,24960,1180,4.96,24860,1080,4.54,23850,24960,1400-4-13,2021-07-04
437,غشهد,شهد ايران ‌,313,1749963,8487385295,4880,4689,4859,-21,-0.43,4863,-17,-0.35,4683,4920,1400-4-13,2021-07-04
438,شاملا,معدني‌ املاح‌  ايران‌,312,550232,20972671310,39490,37610,37540,-1950,-4.94,38120,-1370,-3.47,37520,39130,1400-4-13,2021-07-04
439,واتي,سرمايه‌ گذاري‌ آتيه‌ دماوند,310,2529416,25494693670,10040,9900,10150,110,1.1,10080,40,0.4,9880,10170,1400-4-13,2021-07-04
440,ولملت,واسپاري ملت,308,1982381,9777549260,5030,5030,4950,-80,-1.59,4970,-60,-1.19,4850,5070,1400-4-13,2021-07-04
441,سيدكو,سرمايه گذاري توسعه صنايع سيمان,307,2677857,16114710580,6000,6000,6020,20,0.33,6020,20,0.33,6000,6120,1400-4-13,2021-07-04
442,وخاور,بانك خاورميانه,305,1331762,12324780800,9320,9120,9260,-60,-0.64,9310,-10,-0.11,9120,9310,1400-4-13,2021-07-04
443,وصنا,گروه‌صنايع‌بهشهرايران‌,299,1535510,7964474920,5200,5110,5280,80,1.54,5190,-10,-0.19,5000,5340,1400-4-13,2021-07-04
444,خراسان,پتروشيمي خراسان,299,199718,13614561250,69130,69120,68050,-1080,-1.56,68860,-270,-0.39,66120,70000,1400-4-13,2021-07-04
445,سكرما,سيمان‌ كرمان‌,297,1404695,19279386080,14260,13950,13780,-480,-3.37,13720,-540,-3.79,13550,14230,1400-4-13,2021-07-04
446,فاهواز,نورد و لوله اهواز,291,2304877,21824880313,9662,9469,9469,-193,-2,9469,-193,-2,9469,9469,1400-4-13,2021-07-04
447,سخوز,سيمان خوزستان,291,840851,19971791740,23650,22900,23500,-150,-0.63,23750,100,0.42,22750,24000,1400-4-13,2021-07-04
448,آكورد,صندوق س. آرمان آتي كوثر-د,290,2249407,73991087936,32879,32893,32895,16,0.05,32894,15,0.05,32893,32900,1400-4-13,2021-07-04
449,ضخود7078,اختيارخ خودرو-3500-1400/07/07,290,18350,647147000,31,28,39,8,25.81,35,4,12.9,28,40,1400-4-13,2021-07-04
450,درازك,دارويي‌ رازك‌,284,399677,11483150150,29410,28050,28500,-910,-3.09,28870,-540,-1.84,28050,29800,1400-4-13,2021-07-04
451,قشرين,قند شيرين خراسان,277,1204388,16034279240,13722,13340,13311,-411,-3,13313,-409,-2.98,13311,13350,1400-4-13,2021-07-04
452,پرديس,سرمايه گذاري پرديس,275,2566937,12006798801,4721,4738,4698,-23,-0.49,4686,-35,-0.74,4606,4738,1400-4-13,2021-07-04
453,پارسيان,بيمه پارسيان,271,1177926,9696400770,8440,8050,8180,-260,-3.08,8320,-120,-1.42,8050,8440,1400-4-13,2021-07-04
454,فالوم,آلومتك‌,268,489340,11160649419,23477,22961,22773,-704,-3,22808,-669,-2.85,22773,23380,1400-4-13,2021-07-04
455,مارون,پتروشيمي مارون,268,120068,18443990779,146314,153089,153629,7315,5,147574,1260,0.86,153079,153629,1400-4-13,2021-07-04
456,وارس,سرمايه گذاري ارس صبا,265,1123222,15006673636,13573,13190,13166,-407,-3,13360,-213,-1.57,13166,13690,1400-4-13,2021-07-04
457,وكار,بانك‌ كارآفرين‌,265,9473463,29247063095,3064,3065,3080,16,0.52,3078,14,0.46,3060,3099,1400-4-13,2021-07-04
458,اطلس,صندوق س.توسعه اندوخته آينده-س,264,80983,17825413698,220396,221001,221970,1574,0.71,220113,-283,-0.13,215003,222001,1400-4-13,2021-07-04
459,تسه9907,امتياز تسهيلات مسكن مهر99,260,3799,2304007601,605482,592888,595591,-9891,-1.63,606477,995,0.16,580008,620000,1400-4-13,2021-07-04
460,مبين,مبين انرژي خليج فارس,259,617738,10592651610,17240,16950,17110,-130,-0.75,17230,-10,-0.06,16920,17400,1400-4-13,2021-07-04
461,زپارس,ملي كشت و صنعت و دامپروري پارس,259,192567,21814974310,112250,112970,112100,-150,-0.13,113290,1040,0.93,110620,116700,1400-4-13,2021-07-04
462,دلر,داروسازي‌ اكسير,259,425250,12636335650,29780,29990,30000,220,0.74,29720,-60,-0.2,29000,30910,1400-4-13,2021-07-04
463,شراز,پالايش نفت شيراز,257,224570,22246404259,98770,98400,98659,-111,-0.11,98930,160,0.16,96057,100099,1400-4-13,2021-07-04
464,شفا,سرمايه گذاري شفادارو,251,222996,8496042530,37420,39200,38000,580,1.55,37740,320,0.86,36420,39200,1400-4-13,2021-07-04
465,سدشت,صنايع سيمان دشتستان,249,172737,9528912770,57530,58500,55690,-1840,-3.2,56660,-870,-1.51,54660,58500,1400-4-13,2021-07-04
466,دسبحا,گروه دارويي سبحان,247,1667774,26923071610,16120,16340,16120,0,0,16140,20,0.12,15590,16600,1400-4-13,2021-07-04
467,وحكمت,بيمه حكمت صبا,247,3235164,10968680632,3316,3414,3415,99,2.99,3390,74,2.23,3232,3415,1400-4-13,2021-07-04
468,غپونه,نوش پونه مشهد,244,636264,8353870460,13507,13630,13102,-405,-3,13174,-333,-2.47,13102,13640,1400-4-13,2021-07-04
469,خلنت,لنت‌ ترمزايران‌,238,131321,5734267410,44290,42080,43040,-1250,-2.82,44040,-250,-0.56,42080,45300,1400-4-13,2021-07-04
470,وكادو,تكادو,237,1362376,24438705250,17515,17500,18040,525,3,17938,423,2.42,17500,18040,1400-4-13,2021-07-04
471,لوتوس,تامين سرمايه لوتوس پارسيان,234,1350853,10728999260,7890,7580,8000,110,1.39,7910,20,0.25,7580,8150,1400-4-13,2021-07-04
472,سقاين,سيمان‌ قائن‌,229,156057,7077575090,44900,44400,45540,640,1.43,45120,220,0.49,43010,46000,1400-4-13,2021-07-04
473,ثباغ,شهر سازي و خانه سازي باغميشه,228,602279,5986319564,10074,10001,9860,-214,-2.12,10021,-53,-0.53,9800,10200,1400-4-13,2021-07-04
474,پخشح,ح. پخش البرز,227,364348,5849747543,16589,15760,16100,-489,-2.95,16055,-534,-3.22,15760,17100,1400-4-13,2021-07-04
475,حرهشا,رهشاد سپاهان (سهامي عام,224,322357,21469063356,67954,66595,66595,-1359,-2,66600,-1354,-1.99,66595,67445,1400-4-13,2021-07-04
476,عيار,صندوق سكه طلاي مفيد,220,317526,8690450062,27231,27545,27398,167,0.61,27369,138,0.51,27301,27545,1400-4-13,2021-07-04
477,ولتجار,واسپاري تجارت وسرمايه ايرانيان,218,1665254,10930466652,6497,6670,6518,21,0.32,6564,67,1.03,6391,6670,1400-4-13,2021-07-04
478,ثعتما,س. ساختماني اعتماد گستر,212,271344,9566559257,36293,36500,35205,-1088,-3,35287,-1006,-2.77,35205,36500,1400-4-13,2021-07-04
479,دسينا,داروسازي‌ سينا,210,382646,7149481720,19080,18380,18600,-480,-2.52,18890,-190,-1,18380,18930,1400-4-13,2021-07-04
480,اعتلا,شركت سرمايه گذاري اعتلاء البرز,209,7959524,56544458496,6766,7104,7104,338,5,7104,338,5,7104,7104,1400-4-13,2021-07-04
481,سپ,پرداخت الكترونيك سامان كيش,206,243315,6636864260,27570,28090,27190,-380,-1.38,27530,-40,-0.15,26680,28090,1400-4-13,2021-07-04
482,شوينده,مديريت صنعت شوينده ت.ص.بهشهر,205,574379,12845556490,22520,22900,22590,70,0.31,22390,-130,-0.58,22000,22900,1400-4-13,2021-07-04
483,تسه9904,امتياز تسهيلات مسكن تير99,204,6206,3788780010,607353,600000,600123,-7230,-1.19,610503,3150,0.52,584444,620000,1400-4-13,2021-07-04
484,تسه9902,امتياز تسهيلات مسكن ارديبهشت99,201,2977,1811221303,603924,580289,630000,26076,4.32,608405,4481,0.74,580280,633999,1400-4-13,2021-07-04
485,وپخش,داروپخش‌ (هلدينگ‌,200,132286,14135477570,108220,106010,107600,-620,-0.57,107680,-540,-0.5,105000,109980,1400-4-13,2021-07-04
486,نمرينو,ايران‌ مرينوس‌,200,91468,6667187200,74370,72350,73600,-770,-1.04,73690,-680,-0.91,72350,75300,1400-4-13,2021-07-04
487,تماوند,تامين سرمايه دماوند,200,2298641,9854467732,4376,4288,4290,-86,-1.97,4303,-73,-1.67,4270,4370,1400-4-13,2021-07-04
488,بفجر,فجر انرژي خليج فارس,198,1042901,25994494190,25150,25180,25190,40,0.16,25060,-90,-0.36,24700,25210,1400-4-13,2021-07-04
489,پسهند,صنايع‌ لاستيكي‌  سهند,196,201392,5740991010,29670,28850,29000,-670,-2.26,29190,-480,-1.62,28190,29800,1400-4-13,2021-07-04
490,سهگمت,سيمان‌هگمتان‌,192,636489,14429304010,22470,22090,22800,330,1.47,22660,190,0.85,22090,22900,1400-4-13,2021-07-04
491,غشصفا,شيرپاستوريزه‌پگاه‌اصفهان‌,192,213170,5035031640,23510,23000,23060,-450,-1.91,23550,40,0.17,23000,24170,1400-4-13,2021-07-04
492,تسه9810,امتياز تسهيلات مسكن دي98,191,3381,2030116291,599846,582400,600000,154,0.03,600448,602,0.1,582400,609998,1400-4-13,2021-07-04
493,حسينا,توسعه خدمات دريايي وبندري سينا,190,215136,13131559381,61198,61100,61000,-198,-0.32,61056,-142,-0.23,60800,61910,1400-4-13,2021-07-04
494,وسرضوي,س.سهام عدالت استان خراسان رضوي,189,10161739,9257344229,958,911,911,-47,-4.91,954,-4,-0.42,911,911,1400-4-13,2021-07-04
495,كگهر,سنگ آهن گهرزمين,186,148806,6055060340,40470,40950,40451,-19,-0.05,40481,11,0.03,40402,41520,1400-4-13,2021-07-04
496,واعتبار,سرمايه گذاري اعتبار ايران,180,812195,5584350640,6920,6740,6960,40,0.58,6900,-20,-0.29,6720,7000,1400-4-13,2021-07-04
497,وسصفا,شركت س استان اصفهان,178,10022493,9280828518,974,926,926,-48,-4.93,969,-5,-0.51,926,926,1400-4-13,2021-07-04
498,شپاكسا,پاكسان‌,177,456512,9432792930,20800,21190,20610,-190,-0.91,20710,-90,-0.43,20090,21190,1400-4-13,2021-07-04
499,لكما,كارخانجات‌مخابراتي‌ايران‌,175,1046622,3599749823,3540,3450,3434,-106,-2.99,3503,-37,-1.05,3434,3450,1400-4-13,2021-07-04
500,ما,بيمه  ما,172,416370,3275926220,7940,7940,7910,-30,-0.38,7920,-20,-0.25,7810,7950,1400-4-13,2021-07-04
501,فافزا,فولاد افزا سپاهان,170,215136,8522909068,40827,0,39603,-1224,-3,39739,-1088,-2.66,39603,40826,1400-4-13,2021-07-04
502,فردا,صندوق س آواي فرداي زاگرس-ثابت,169,5334309,58576393786,10975,10982,10982,7,0.06,10981,6,0.05,10980,10983,1400-4-13,2021-07-04
503,نهال,صندوق س. طلاي سرخ نوويرا,168,248434,2293716498,9148,9000,9300,152,1.66,9233,85,0.93,9000,9397,1400-4-13,2021-07-04
504,فيروزه,صندوق شاخص30 شركت فيروزه- سهام,167,84035,12236978080,146380,144040,146080,-300,-0.2,145620,-760,-0.52,143450,147840,1400-4-13,2021-07-04
505,دالبر,البرزدارو,167,464553,5651508950,12280,12370,12320,40,0.33,12240,-40,-0.33,11790,12400,1400-4-13,2021-07-04
506,سبجنو,سيمان‌ بجنورد,166,188800,6396909640,33730,33000,34170,440,1.3,33790,60,0.18,33000,34290,1400-4-13,2021-07-04
507,تسه9906,امتياز تسهيلات مسكن شهريور99,166,1747,1062346124,603287,596000,610000,6713,1.11,608097,4810,0.8,595000,632998,1400-4-13,2021-07-04
508,بخاور,بيمه زندگي خاورميانه,165,869694,5163622857,5910,5703,5942,32,0.54,5919,9,0.15,5703,6094,1400-4-13,2021-07-04
509,اخزا910,اسنادخزانه-م10بودجه99-020807,157,338430,214098219708,629900,625100,638500,8600,1.37,632622,2722,0.43,625099,638500,1400-4-13,2021-07-04
510,سمتاز,سيمان ممتازان كرمان,156,460037,12132646806,25796,25780,26569,773,3,26373,577,2.24,25780,26569,1400-4-13,2021-07-04
511,زر,صندوق س.پشتوانه سكه طلاي زر,153,125362,5794263237,46058,47189,46300,242,0.53,46220,162,0.35,45610,47190,1400-4-13,2021-07-04
512,وسگلستا,شركت س استان گلستان,152,8139264,8741569536,1130,1074,1074,-56,-4.96,1120,-10,-0.88,1074,1074,1400-4-13,2021-07-04
513,شرنگي,شيميايي رنگين,151,41498,8687498599,214220,207794,207794,-6426,-3,209809,-4411,-2.06,207794,217558,1400-4-13,2021-07-04
514,تسه9905,امتياز تسهيلات مسكن مرداد99,151,2772,1695349723,604140,595000,613000,8860,1.47,611598,7458,1.23,585311,615000,1400-4-13,2021-07-04
515,دكيمي,كيميدارو,150,186993,3711262390,20240,20120,19900,-340,-1.68,20140,-100,-0.49,19700,20120,1400-4-13,2021-07-04
516,گوهر,صندوق سكه طلاي كيان,147,76533,4067622290,52852,53328,53277,425,0.8,53149,297,0.56,52651,53759,1400-4-13,2021-07-04
517,مداران,داده‌پردازي‌ايران‌,147,192359,3348614730,17220,16600,17690,470,2.73,17260,40,0.23,16600,17730,1400-4-13,2021-07-04
518,كيسون,شركت كيسون,145,2064112,21247968928,10722,10294,10294,-428,-3.99,10294,-428,-3.99,10294,10294,1400-4-13,2021-07-04
519,سحرخيز,صندوق س. گروه زعفران سحرخيز,145,403877,3640186644,9003,9057,9063,60,0.67,9013,10,0.11,8972,9180,1400-4-13,2021-07-04
520,سشمال,سيمان‌ شمال‌,145,749650,6448382220,8710,8530,8600,-110,-1.26,8660,-50,-0.57,8400,8770,1400-4-13,2021-07-04
521,اخزا902,اسنادخزانه-م2بودجه99-011019,145,254272,188701284202,740670,740001,745000,4330,0.58,742124,1454,0.2,739500,745000,1400-4-13,2021-07-04
522,تسه9903,امتياز تسهيلات مسكن خرداد99,141,1539,934379397,605268,619000,600000,-5268,-0.87,607134,1866,0.31,587136,634399,1400-4-13,2021-07-04
523,اتكام,شركت بيمه اتكايي امين,135,726804,3329800608,4693,4510,4640,-53,-1.13,4668,-25,-0.53,4510,4700,1400-4-13,2021-07-04
524,ضشنا8004,اختيارخ شپنا-10800-1400/08/16,135,1574,3342766000,2102,1955,2093,-9,-0.43,2124,22,1.05,1950,2300,1400-4-13,2021-07-04
525,سباقر,سيمان باقران,133,234467,3694190862,15847,15415,15850,3,0.02,15814,-33,-0.21,15415,15850,1400-4-13,2021-07-04
526,صايند,صندوق س. گنجينه آينده روشن-د,131,1296590,12808155090,9849,9889,9891,42,0.43,9878,29,0.29,9851,9891,1400-4-13,2021-07-04
527,دابور,داروسازي‌ ابوريحان‌,128,252019,8261643320,32710,32530,32600,-110,-0.34,32750,40,0.12,32120,33310,1400-4-13,2021-07-04
528,شپاس,نفت پاسارگاد,126,234514,3827725313,16698,16100,16520,-178,-1.07,16606,-92,-0.55,16100,16699,1400-4-13,2021-07-04
529,فيروزا,صندوق بادرآمد ثابت فيروزه آسيا,125,2109998,50041465400,23697,23750,23750,53,0.22,23716,19,0.08,23687,23820,1400-4-13,2021-07-04
530,وآذر,سرمايه‌گذاري‌توسعه‌آذربايجان‌,121,67419,4713936480,73600,69920,69920,-3680,-5,72350,-1250,-1.7,69920,69920,1400-4-13,2021-07-04
531,ارمغان,ص سرمايه گذاري ارمغان ايرانيان,120,1415650,14372307344,10148,10152,10151,3,0.03,10152,4,0.04,10151,10158,1400-4-13,2021-07-04
532,تسه9812,امتياز تسهيلات مسكن اسفند98,119,1154,693628935,599892,575500,597000,-2892,-0.48,601065,1173,0.2,575500,619000,1400-4-13,2021-07-04
533,ساينا,صنايع بهداشتي ساينا,117,20247,2438806399,126746,122000,120409,-6337,-5,125650,-1096,-0.86,120409,122000,1400-4-13,2021-07-04
534,ضسپا8041,اختيارخ خساپا-1600-1400/08/26,114,3039,1501504000,473,473,497,24,5.07,494,21,4.44,430,521,1400-4-13,2021-07-04
535,شصفها,پتروشيمي‌ اصفهان‌,110,89566,11302954757,126608,127597,125070,-1538,-1.21,126301,-307,-0.24,124120,127597,1400-4-13,2021-07-04
536,دسانكوح,ح . داروسازي سبحان انكولوژي,110,208005,1633879275,8268,7855,7855,-413,-5,7855,-413,-5,7855,7855,1400-4-13,2021-07-04
537,تسه9901,امتياز تسهيلات مسكن فروردين99,110,1514,911145058,604916,615000,582000,-22916,-3.79,601813,-3103,-0.51,582000,615000,1400-4-13,2021-07-04
538,كيان2,صندوق س. با درآمد ثابت كيان,109,10900000,10900000,29190,1,1,-29189,-100,1,-29189,-100,1,1,1400-4-13,2021-07-04
539,وساشرقي,شركت س استان آذربايجان شرقي,105,6000000,5124000000,898,854,854,-44,-4.9,895,-3,-0.33,854,854,1400-4-13,2021-07-04
540,تسه9811,امتياز تسهيلات مسكن بهمن98,105,957,575292977,600381,589999,600000,-381,-0.06,601142,761,0.13,589999,610000,1400-4-13,2021-07-04
541,خاتم,صندوق س خاتم ايساتيس پويا-ثابت,103,1922582,21870604065,11368,11374,11380,12,0.11,11376,8,0.07,11374,11380,1400-4-13,2021-07-04
542,سجام,مجتمع سيمان غرب آسيا,101,499168,1753378583,3618,3533,3511,-107,-2.96,3599,-19,-0.53,3510,3587,1400-4-13,2021-07-04
543,آساس,صندوق س.آسمان آرماني سهام-س,101,19906,3228512800,162641,160901,162305,-336,-0.21,162188,-453,-0.28,160201,163900,1400-4-13,2021-07-04
544,وسرمد,بيمه  سرمد,98,607099,2944158725,4998,4870,4849,-149,-2.98,4952,-46,-0.92,4849,4870,1400-4-13,2021-07-04
545,اخزا903,اسنادخزانه-م3بودجه99-011110,96,142345,104453391232,732033,732001,733601,1568,0.21,733804,1771,0.24,731411,736000,1400-4-13,2021-07-04
546,شساخت,مهندسي و ساختمان صنايع نفت,95,176966,6961778054,39424,39960,39000,-424,-1.08,39409,-15,-0.04,38702,40500,1400-4-13,2021-07-04
547,تسه9809,امتياز تسهيلات مسكن آذر98,94,1294,779902423,602885,580199,600005,-2880,-0.48,602707,-178,-0.03,580199,610000,1400-4-13,2021-07-04
548,زرين,صندوق س. سهام زرين كوروش-س,94,239740,2379577484,9986,9787,9900,-86,-0.86,9926,-60,-0.6,9750,9982,1400-4-13,2021-07-04
549,پلوله,گازلوله‌,93,179638,4613713188,25077,25820,25829,752,3,25342,265,1.06,25181,25829,1400-4-13,2021-07-04
550,ضملي7003,اختيارخ فملي-11720-1400/07/11,92,1332,2158784000,1631,1600,1640,9,0.55,1621,-10,-0.61,1550,1679,1400-4-13,2021-07-04
551,وسپهح,ح . سرمايه‌گذاري‌ سپه‌,91,4968823,29331019860,6010,6010,5900,-110,-1.83,5900,-110,-1.83,5900,6010,1400-4-13,2021-07-04
552,آرمان,بيمه آرمان,90,343362,2354234834,6942,6745,6811,-131,-1.89,6922,-20,-0.29,6739,6999,1400-4-13,2021-07-04
553,تسه9808,امتياز تسهيلات مسكن آبان98,88,697,426575230,605263,610000,620000,14737,2.43,612016,6753,1.12,583010,620000,1400-4-13,2021-07-04
554,ضشنا8003,اختيارخ شپنا-8800-1400/08/16,84,596,1932777000,3465,3999,3153,-312,-9,3243,-222,-6.41,3100,3999,1400-4-13,2021-07-04
555,زعف0008پ19,زعفران0008نگين تروند قاينات(پ),84,111718,14637336200,130672,129000,130500,-172,-0.13,131020,348,0.27,128000,135330,1400-4-13,2021-07-04
556,ساروج,بين المللي ساروج بوشهر,83,286126,4636611400,16254,15800,16152,-102,-0.63,16231,-23,-0.14,15800,16500,1400-4-13,2021-07-04
557,وبازار,صندوق س شاخصي بازارآشنا,80,160965,1638507930,10280,10160,10170,-110,-1.07,10180,-100,-0.97,10150,10250,1400-4-13,2021-07-04
558,آتيمس,صندوق س.آرمان آتيه درخشان مس-س,80,24626,4231162898,173669,171102,173300,-369,-0.21,171817,-1852,-1.07,168775,175279,1400-4-13,2021-07-04
559,اخزا909,اسنادخزانه-م9بودجه99-020316,79,184275,126032665732,684154,683002,686000,1846,0.27,683938,-216,-0.03,683000,686000,1400-4-13,2021-07-04
560,تسه9806,امتياز تسهيلات مسكن شهريور98,77,1180,739093060,626749,605000,611590,-15159,-2.42,626350,-399,-0.06,605000,640000,1400-4-13,2021-07-04
561,فراز,صندوق س.سهام فراز داريك-س,76,412433,4478293416,10845,10852,10866,21,0.19,10858,13,0.12,10850,10866,1400-4-13,2021-07-04
562,سپاس,صندوق س. پاداش سهامداري-ثابت,76,1508817,15327696951,10154,10162,10158,4,0.04,10159,5,0.05,10158,10162,1400-4-13,2021-07-04
563,شگويات.ف0104,اختيارف.تبعي شگويا010408,76,375355,375355,1,1,1,0,0,1,0,0,1,1,1400-4-13,2021-07-04
564,حبندر,دريايي و کشتيراني خط دريابندر,76,163545,4493071785,26673,27473,27473,800,3,27022,349,1.31,27473,27473,1400-4-13,2021-07-04
565,تسه9804,امتياز تسهيلات مسكن تير98,68,1020,614479218,601140,580333,600000,-1140,-0.19,602431,1291,0.21,580333,617900,1400-4-13,2021-07-04
566,تسه9807,امتياز تسهيلات مسكن مهر98,68,538,337531579,627632,601000,620000,-7632,-1.22,627382,-250,-0.04,601000,638450,1400-4-13,2021-07-04
567,اخزا914,اسنادخزانه-م14بودجه99-021025,67,125182,76524797925,604202,603800,609010,4808,0.8,611308,7106,1.18,603800,614542,1400-4-13,2021-07-04
568,وسديد,گروه ‌صنعتي‌سديد,63,691565,1900420620,2862,2748,2748,-114,-3.98,2855,-7,-0.24,2748,2748,1400-4-13,2021-07-04
569,اخزا908,اسنادخزانه-م8بودجه99-020606,62,148668,97115851626,651628,652000,652600,972,0.15,653240,1612,0.25,652000,656870,1400-4-13,2021-07-04
570,تسه9805,امتياز تسهيلات مسكن مرداد98,62,722,447572779,613708,606500,617900,4192,0.68,619907,6199,1.01,605010,638900,1400-4-13,2021-07-04
571,سپيدما,صندوق س. سپيد دماوند-د,61,902574,9582768241,10609,10616,10616,7,0.07,10617,8,0.08,10615,10621,1400-4-13,2021-07-04
572,دارا,صندوق س. دارا الگوريتم-د,61,2905306,29058468629,9996,10015,10002,6,0.06,10002,6,0.06,9998,10015,1400-4-13,2021-07-04
573,اخزا901,اسنادخزانه-م1بودجه99-010621,60,61821,48922998347,790367,790105,792000,1633,0.21,791365,998,0.13,790105,792485,1400-4-13,2021-07-04
574,حآسا,آسيا سير ارس,58,412260,14282747700,36468,34645,34645,-1823,-5,34645,-1823,-5,34645,34645,1400-4-13,2021-07-04
575,اخزا911,اسنادخزانه-م11بودجه99-020906,56,105685,65813027283,619958,620100,622340,2382,0.38,622728,2770,0.45,620100,629099,1400-4-13,2021-07-04
576,ضجار7040,اختيارخ وتجارت-2497-1400/07/21,56,1638,672267000,377,400,390,13,3.45,410,33,8.75,383,439,1400-4-13,2021-07-04
577,ضمخا7075,اختيارخ اخابر-8700-1400/07/28,54,1382,1597972000,1224,1180,1000,-224,-18.3,1156,-68,-5.56,1000,1260,1400-4-13,2021-07-04
578,آساميد,صندوق س.مشترك آسمان اميد -د,53,733647,9011884578,12278,12284,12284,6,0.05,12284,6,0.05,12283,12289,1400-4-13,2021-07-04
579,سكه0012پ04,تمام سكه طرح جديد0012صادرات,49,7600,8133993200,1067063,1070000,1063001,-4062,-0.38,1070262,3199,0.3,1063000,1074700,1400-4-13,2021-07-04
580,افق ملت,صندوق س در سهام افق ملت,46,9329,1219400940,131660,131660,131040,-620,-0.47,130710,-950,-0.72,130020,131950,1400-4-13,2021-07-04
581,اخزا906,اسنادخزانه-م6بودجه99-020321,45,60991,42851243627,700066,696001,708000,7934,1.13,702583,2517,0.36,696000,708000,1400-4-13,2021-07-04
582,فردا2,صندوق س آواي فرداي زاگرس-ثابت,45,4500000,4500000,10975,1,1,-10974,-99.99,1,-10974,-99.99,1,1,1400-4-13,2021-07-04
583,سكه0011پ02,تمام سكه طرح جديد0011ملت,45,8600,9182632400,1067619,1070000,1065000,-2619,-0.25,1067748,129,0.01,1065000,1074999,1400-4-13,2021-07-04
584,غويتاح,ح . ويتانا,43,285879,2208920948,7868,7868,7632,-236,-3,7727,-141,-1.79,7632,8261,1400-4-13,2021-07-04
585,ثترانح,ح سرمايه گذاري مسكن تهران,41,1814919,3119091038,1683,1767,1700,17,1.01,1719,36,2.14,1700,1767,1400-4-13,2021-07-04
586,زعف0008پ09,زعفران0008نگين نوين(پ),40,13329,1758169800,134340,126000,130000,-4340,-3.23,131906,-2434,-1.81,126000,135000,1400-4-13,2021-07-04
587,ضفلا7004,اختيارخ فولاد-9586-1400/07/25,40,281,749964850,1710,1999,1800,90,5.26,1904,194,11.35,1713,2050,1400-4-13,2021-07-04
588,ثروتم,صندوق س. ثروت آفرين پارسيان-س,39,81170,6258463920,80213,77099,77011,-3202,-3.99,77103,-3110,-3.88,76999,78400,1400-4-13,2021-07-04
589,هفجر102,اختيارف ت بفجر8626-01/02/11,39,750000,750000,1,1,1,0,0,1,0,0,1,1,1400-4-13,2021-07-04
590,گدنا,تهيه توزيع غذاي دنا آفرين فدك,38,35253,730265895,21805,20715,20715,-1090,-5,21749,-56,-0.26,20715,20715,1400-4-13,2021-07-04
591,سكه0112پ03,تمام سكه طرح جديد0112سامان,38,7400,7906874400,1068039,1073000,1061002,-7037,-0.66,1068496,457,0.04,1061001,1073500,1400-4-13,2021-07-04
592,دقاضي,داروسازي شهيد قاضي,37,130860,3363232860,26495,25701,25701,-794,-3,26216,-279,-1.05,25701,25701,1400-4-13,2021-07-04
593,اخزا907,اسنادخزانه-م7بودجه99-020704,35,179984,116438476325,642005,644986,643501,1496,0.23,646938,4933,0.77,643100,648740,1400-4-13,2021-07-04
594,زعف0008پ08,زعفران0008نگين روستا(پ),34,48629,6266421540,128474,129600,128000,-474,-0.37,128862,388,0.3,128000,129600,1400-4-13,2021-07-04
595,زعف0008پ16,زعفران0008نگين بيرجند(پ),33,23750,3029709812,126622,127998,127750,1128,0.89,127567,945,0.75,127001,128500,1400-4-13,2021-07-04
596,سيناد,صندوق س.سپهرسودمند سينا-د,31,24586,245860000,10000,10000,10000,0,0,10000,0,0,10000,10000,1400-4-13,2021-07-04
597,زعف0008پ20,زعفران0008نگين وحدت جام(پ),31,40329,5149974260,125352,127995,127000,1648,1.31,127699,2347,1.87,127000,128500,1400-4-13,2021-07-04
598,اخزا809,اسنادخزانه-م9بودجه98-000923,30,45185,41355639365,914840,914002,916000,1160,0.13,915251,411,0.04,913306,917996,1400-4-13,2021-07-04
599,شستان,پتروشيمي گلستان,29,396924,1288812228,3313,3247,3247,-66,-1.99,3295,-18,-0.54,3247,3247,1400-4-13,2021-07-04
600,ضجار7039,اختيارخ وتجارت-1997-1400/07/21,28,631,444420000,687,665,700,13,1.89,704,17,2.47,650,730,1400-4-13,2021-07-04
601,ضخود7072,اختيارخ خودرو-1400-1400/07/07,28,701,547287000,787,720,797,10,1.27,781,-6,-0.76,720,830,1400-4-13,2021-07-04
602,دمعيار,صندوق س. توازن معيار-د,28,509896,5132306971,10060,10066,10067,7,0.07,10065,5,0.05,10065,10070,1400-4-13,2021-07-04
603,زعف0008پ05,زعفران0008نگين زرين(پ),28,14353,1853298460,129508,129000,128998,-510,-0.39,129123,-385,-0.3,127502,129700,1400-4-13,2021-07-04
604,اخزا806,اسنادخزانه-م6بودجه98-000519,28,43024,42170564997,979497,978112,982200,2703,0.28,980164,667,0.07,978111,982200,1400-4-13,2021-07-04
605,هبساز103,اختيارف ت ثبهساز-2346-01/03/18,27,679274,24453864,20,36,36,16,80,36,16,80,36,36,1400-4-13,2021-07-04
606,خفولا,خدمات فني فولاد يزد,27,26408,1044013872,40756,39534,39534,-1222,-3,40624,-132,-0.32,39534,39534,1400-4-13,2021-07-04
607,هنوري102,اختيارف ت نوري59561-01/02/15,25,300000,300000,1,1,1,0,0,1,0,0,1,1,1400-4-13,2021-07-04
608,ضملي7002,اختيارخ فملي-9720-1400/07/11,25,182,540970000,2884,2800,2997,113,3.92,2972,88,3.05,2800,3050,1400-4-13,2021-07-04
609,اخزا905,اسنادخزانه-م5بودجه99-020218,24,70760,49202213090,694399,693301,699871,5472,0.79,695339,940,0.14,693300,699871,1400-4-13,2021-07-04
610,كپشير,پشم‌شيشه‌ايران‌,23,65072,2017232000,32630,31000,31000,-1630,-5,32400,-230,-0.7,31000,31000,1400-4-13,2021-07-04
611,هكوير109,اختيارف ت كوير-8194-01/09/20,22,199994,53398398,240,267,267,27,11.25,267,27,11.25,267,267,1400-4-13,2021-07-04
612,تملي804,تسهيلات مسكن ب. ملي-تير98,22,319,275714178,828281,850727,869695,41414,5,864308,36027,4.35,786867,869695,1400-4-13,2021-07-04
613,ضسپا8042,اختيارخ خساپا-1800-1400/08/26,22,691,262761000,347,250,370,23,6.63,380,33,9.51,370,400,1400-4-13,2021-07-04
614,عيار2,صندوق سكه طلاي مفيد,21,210000,210000,27231,1,1,-27230,-100,1,-27230,-100,1,1,1400-4-13,2021-07-04
615,سپر,صندوق س سپر سرمايه بيدار- ثابت,21,218491,2654980008,12144,12149,12152,8,0.07,12151,7,0.06,12149,12152,1400-4-13,2021-07-04
616,ضجار7041,اختيارخ وتجارت-2997-1400/07/21,21,386,85946000,198,200,198,0,0,223,25,12.63,198,250,1400-4-13,2021-07-04
617,ضملي7004,اختيارخ فملي-13720-1400/07/11,20,297,276803000,947,900,950,3,0.32,932,-15,-1.58,890,1000,1400-4-13,2021-07-04
618,تپكو,توليدتجهيزات‌سنگين‌هپكو,20,158124,818133576,5389,5174,5174,-215,-3.99,5385,-4,-0.07,5174,5174,1400-4-13,2021-07-04
619,گپارس,امور رفاهي كارگزاران پارس,19,15396,1973012796,132114,128151,128151,-3963,-3,131284,-830,-0.63,128151,128151,1400-4-13,2021-07-04
620,ضشنا8001,اختيارخ شپنا-6800-1400/08/16,19,126,610160000,4738,4900,4670,-68,-1.44,4843,105,2.22,4510,4998,1400-4-13,2021-07-04
621,اخزا815,اسنادخزانه-م15بودجه98-010406,18,22377,18468789877,824591,824753,825520,929,0.11,825347,756,0.09,824753,827000,1400-4-13,2021-07-04
622,هشستا103,اختيارف ت شستا-10338-01/03/08,17,81100,81100,1,1,1,0,0,1,0,0,1,1,1400-4-13,2021-07-04
623,گنجين,صندوق س. گنجينه يكم آويد-د,17,33615,442633503,13155,13170,13159,4,0.03,13168,13,0.1,13157,13170,1400-4-13,2021-07-04
624,نطرين,عطرين نخ قم,17,22594,235542450,10973,10425,10425,-548,-4.99,10964,-9,-0.08,10425,10425,1400-4-13,2021-07-04
625,تملي706,تسهيلات مسكن ب. ملي-شهريور97,16,206,171592508,801722,841808,841808,40086,5,832973,31251,3.9,761636,841808,1400-4-13,2021-07-04
626,اخزا722,اسنادخزانه-م22بودجه97-000428,15,3260,3224128917,987664,989903,988802,1138,0.12,988997,1333,0.13,988003,991999,1400-4-13,2021-07-04
627,وحافظ,بيمه حافظ,15,39279,2235996354,59297,56926,56926,-2371,-4,58192,-1105,-1.86,56926,56926,1400-4-13,2021-07-04
628,ضپاس7030,اختيارخ وپارس-3000-1400/07/28,15,449,134791000,271,330,290,19,7.01,300,29,10.7,280,330,1400-4-13,2021-07-04
629,ساذري,آذريت‌,15,199050,1432363800,6987,7196,7196,209,2.99,7016,29,0.42,7196,7196,1400-4-13,2021-07-04
630,ضصاد8033,اختيارخ وبصادر-2489-1400/08/12,15,430,112002000,256,269,245,-11,-4.3,260,4,1.56,245,271,1400-4-13,2021-07-04
631,وجامي,سرمايه گذاري جامي,15,81077,1053028076,13389,12988,12988,-401,-2.99,13345,-44,-0.33,12988,12988,1400-4-13,2021-07-04
632,اخزا814,اسنادخزانه-م14بودجه98-010318,14,11359,9477239852,833896,834120,836550,2654,0.32,834337,441,0.05,834120,836550,1400-4-13,2021-07-04
633,اخزا808,اسنادخزانه-م8بودجه98-000817,14,3004,2799611822,932070,931555,932005,-65,-0.01,931961,-109,-0.01,931555,932100,1400-4-13,2021-07-04
634,بذر,صندوق س بذر اميد آفرين-سهام,14,9646,884357180,92750,91460,92100,-650,-0.7,91680,-1070,-1.15,91050,92850,1400-4-13,2021-07-04
635,اخزا723,اسنادخزانه-م23بودجه97-000824,13,2073,1925680150,929293,928020,930000,707,0.08,928934,-359,-0.04,928020,930000,1400-4-13,2021-07-04
636,ضخود7073,اختيارخ خودرو-1600-1400/07/07,13,531,348044000,622,670,622,0,0,655,33,5.31,622,690,1400-4-13,2021-07-04
637,زعف0008پ10,زعفران0008نگين طلاي سرخ(پ),13,16087,2165068150,134516,134700,134500,-16,-0.01,134585,69,0.05,134500,135333,1400-4-13,2021-07-04
638,قيستو,شركت قند بيستون,13,120643,1684055637,14243,13959,13959,-284,-1.99,14145,-98,-0.69,13959,13959,1400-4-13,2021-07-04
639,ضشنا8005,اختيارخ شپنا-12800-1400/08/16,13,239,291526000,1074,1020,1250,176,16.39,1220,146,13.59,1020,1300,1400-4-13,2021-07-04
640,ضفلا7005,اختيارخ فولاد-11013-1400/07/25,13,25,37640896,1200,1000,1020,-180,-15,1074,-126,-10.5,1000,1200,1400-4-13,2021-07-04
641,ضصاد8032,اختيارخ وبصادر-1989-1400/08/12,13,363,161170000,381,400,460,79,20.73,444,63,16.54,380,490,1400-4-13,2021-07-04
642,ثعمرا,عمران و توسعه شاهد,12,29092,320593840,11599,11020,11020,-579,-4.99,11586,-13,-0.11,11020,11020,1400-4-13,2021-07-04
643,اخزا807,اسنادخزانه-م7بودجه98-000719,12,6614,6288102182,946909,946200,951000,4091,0.43,950726,3817,0.4,946200,951000,1400-4-13,2021-07-04
644,آسام,صندوق س.آرمان سپهر آشنا-م,12,4810,520647930,108430,108425,108430,0,0,108243,-187,-0.17,107975,108499,1400-4-13,2021-07-04
645,ضسپا8043,اختيارخ خساپا-2000-1400/08/26,11,270,80376000,279,295,290,11,3.94,298,19,6.81,290,330,1400-4-13,2021-07-04
646,اخزا821,اسنادخزانه-م21بودجه98-020906,11,18961,11863363610,623193,627000,622601,-592,-0.09,625672,2479,0.4,622055,629000,1400-4-13,2021-07-04
647,ضسپا8044,اختيارخ خساپا-2500-1400/08/26,11,155,26342000,162,169,179,17,10.49,170,8,4.94,136,180,1400-4-13,2021-07-04
648,چافست,افست‌,11,8806,123812360,14790,14060,14060,-730,-4.94,14780,-10,-0.07,14060,14060,1400-4-13,2021-07-04
649,فكمند,گسترش قطعه سازي كمند,11,200111,3432103761,16652,17151,17151,499,3,17151,499,3,17151,17151,1400-4-13,2021-07-04
650,ضسپا8040,اختيارخ خساپا-1400-1400/08/26,11,251,149815000,543,570,620,77,14.18,597,54,9.94,570,685,1400-4-13,2021-07-04
651,آكورد2,صندوق س. آرمان آتي كوثر-د,10,1000000,1000000,32879,1,1,-32878,-100,1,-32878,-100,1,1,1400-4-13,2021-07-04
652,تمحركه,ماشين سازي نيرو محركه,10,10805,163155500,15894,15100,15100,-794,-5,15880,-14,-0.09,15100,15100,1400-4-13,2021-07-04
653,اخزا904,اسنادخزانه-م4بودجه99-011215,10,9492,6834563210,720000,719568,722000,2000,0.28,720034,34,0,719568,723000,1400-4-13,2021-07-04
654,جهرمح,ح.پتروشيمي جهرم,10,369000,174490000,489,518,460,-29,-5.93,473,-16,-3.27,460,518,1400-4-13,2021-07-04
655,ساربيل,سيمان آرتا اردبيل,10,14569,700768900,50630,48100,48100,-2530,-5,50510,-120,-0.24,48100,48100,1400-4-13,2021-07-04
656,ثنوسا,نوسازي‌وساختمان‌تهران‌,10,100460,1103050800,11550,10980,10980,-570,-4.94,11510,-40,-0.35,10980,10980,1400-4-13,2021-07-04
657,ضپاس7029,اختيارخ وپارس-2500-1400/07/28,9,263,121730000,428,450,450,22,5.14,463,35,8.18,450,500,1400-4-13,2021-07-04
658,زنجان,صنايع كشاورزي وكود زنجان,9,6977,62213909,9192,8917,8917,-275,-2.99,9191,-1,-0.01,8917,8917,1400-4-13,2021-07-04
659,اوصتا,صندوق انديشه ورزان صباتامين -د,9,18731,357716115,19085,19097,19099,14,0.07,19098,13,0.07,19097,19099,1400-4-13,2021-07-04
660,اخزا713,اسنادخزانه-م13بودجه97-000518,9,970,950341682,979969,978111,980100,131,0.01,979734,-235,-0.02,978085,982000,1400-4-13,2021-07-04
661,تملي807,تسهيلات مسكن ب. ملي-مهر98,8,174,127571233,705226,669965,740487,35261,5,733168,27942,3.96,669965,740487,1400-4-13,2021-07-04
662,پلاست,كارخانجات توليدي پلاستيران,8,2701,183703113,71592,68013,68013,-3579,-5,71523,-69,-0.1,68013,68013,1400-4-13,2021-07-04
663,تملي701,تسهيلات مسكن ب. ملي-فروردين97,8,78,45962799,582227,611338,611000,28773,4.94,589267,7040,1.21,553116,611338,1400-4-13,2021-07-04
664,شزنگ,تجهيزنيروي‌زنگان‌,8,3818,570771910,154118,149495,149495,-4623,-3,153846,-272,-0.18,149495,149495,1400-4-13,2021-07-04
665,وپسا,س. پتروشيمي ساختمان  خليج فارس,8,27851,52944751,1939,1901,1901,-38,-1.96,1939,0,0,1901,1901,1400-4-13,2021-07-04
666,ضپيك7041,اختيارخ تاپيكو-7070-00/07/18,8,34,150053000,4131,4250,4301,170,4.12,4413,282,6.83,4250,4550,1400-4-13,2021-07-04
667,پست0008پ08,پسته فندقي32-30مه ولات0008(پ),8,166,310310500,1844583,1860000,1875000,30417,1.65,1869340,24757,1.34,1800000,1901500,1400-4-13,2021-07-04
668,كترام,توليدي‌ كاشي‌ تكسرام‌,8,45118,2006397460,46810,44470,44470,-2340,-5,46480,-330,-0.7,44470,44470,1400-4-13,2021-07-04
669,الماس,صندوق س.امين تدبيرگران فردا-س,8,992,102486350,103416,104800,103000,-416,-0.4,103313,-103,-0.1,103000,104800,1400-4-13,2021-07-04
670,ضپال2007,اختيارخ اپال-32000-1401/02/12,8,75,36726000,431,680,509,78,18.1,490,59,13.69,401,680,1400-4-13,2021-07-04
671,ضصاد8031,اختيارخ وبصادر-1789-1400/08/12,7,206,109000000,520,550,550,30,5.77,529,9,1.73,500,550,1400-4-13,2021-07-04
672,سنير,سيمان‌ سفيد ني‌ريز,7,657,121196790,194170,184470,184470,-9700,-5,194090,-80,-0.04,184470,184470,1400-4-13,2021-07-04
673,زعف0008پ11,زعفران0008نگين سحرخيز(پ),7,2431,319600796,129345,128166,131480,2135,1.65,131469,2124,1.64,128166,131480,1400-4-13,2021-07-04
674,حپارسا,توسعه حمل و نقل ريلي پارسيان,7,26239,822592650,33000,31350,31350,-1650,-5,32905,-95,-0.29,31350,31350,1400-4-13,2021-07-04
675,زمگسا,كشاورزي‌ ودامپروي‌ مگسال‌,7,5651,165969870,30910,29370,29370,-1540,-4.98,30890,-20,-0.06,29370,29370,1400-4-13,2021-07-04
676,اخزا820,اسنادخزانه-م20بودجه98-020806,7,3650,2306146009,631003,631319,634999,3996,0.63,631821,818,0.13,631000,635000,1400-4-13,2021-07-04
677,ضملت8041,اختيارخ وبملت-3434-1400/08/19,7,275,282370000,1019,1190,950,-69,-6.77,1027,8,0.79,950,1190,1400-4-13,2021-07-04
678,صنوين,صندوق سرمايه‌گذاري صنوين-مختلط,7,561,61059000,109620,108710,108740,-880,-0.8,108840,-780,-0.71,108710,109950,1400-4-13,2021-07-04
679,سميعا002,سلف موازي استاندارد سميعا002,7,370000,500693990000,1330675,1353227,1353227,22552,1.69,1353227,22552,1.69,1353227,1353227,1400-4-13,2021-07-04
680,اخزا718,اسنادخزانه-م18بودجه97-000525,7,160,156446294,975910,976000,979499,3589,0.37,977789,1879,0.19,976000,979499,1400-4-13,2021-07-04
681,كفرآور,فرآورده هاي سيمان شرق,7,100000,2214400000,22828,22144,22144,-684,-3,22672,-156,-0.68,22144,22144,1400-4-13,2021-07-04
682,ضشنا8002,اختيارخ شپنا-7800-1400/08/16,7,29,116883000,3982,3402,4000,18,0.45,4030,48,1.21,3402,4100,1400-4-13,2021-07-04
683,اخزا817,اسنادخزانه-م17بودجه98-010512,6,3671,2966636040,807267,807700,808105,838,0.1,808127,860,0.11,807700,809000,1400-4-13,2021-07-04
684,ثاباد,توريستي ورفاهي آبادگران ايران,6,17165,846062850,51880,49290,49290,-2590,-4.99,51730,-150,-0.29,49290,49290,1400-4-13,2021-07-04
685,تكنار,مجتمع معادن مس تكنار,6,2324,257006512,116408,110588,110588,-5820,-5,116250,-158,-0.14,110588,110588,1400-4-13,2021-07-04
686,طلا2,صندوق س.پشتوانه طلاي لوتوس,6,600000,600000,77486,1,1,-77485,-100,1,-77485,-100,1,1,1400-4-13,2021-07-04
687,كتوكا,توليدي و خدمات صنايع نسوز توكا,6,2268,69550488,32280,30666,30666,-1614,-5,32272,-8,-0.02,30666,30666,1400-4-13,2021-07-04
688,اخزا813,اسنادخزانه-م13بودجه98-010219,6,1056,893389713,845074,846000,846125,1051,0.12,846013,939,0.11,846000,846125,1400-4-13,2021-07-04
689,ثشرق,سرمايه گذاري مسكن شمال شرق,6,7115,42690000,6310,6000,6000,-310,-4.91,6310,0,0,6000,6000,1400-4-13,2021-07-04
690,زماهان,مجتمع توليد گوشت مرغ ماهان,6,4316,71908876,17537,16661,16661,-876,-5,17533,-4,-0.02,16661,16661,1400-4-13,2021-07-04
691,غدام,خوراك‌  دام‌ پارس‌,6,149,55371380,391170,371620,371620,-19550,-5,391090,-80,-0.02,371620,371620,1400-4-13,2021-07-04
692,همبين102,اختيارف ت مبين17952-01/02/10,6,179780,179780,1,1,1,0,0,1,0,0,1,1,1400-4-13,2021-07-04
693,ضملت8042,اختيارخ وبملت-3934-1400/08/19,6,52,36918000,735,670,709,-26,-3.54,710,-25,-3.4,670,749,1400-4-13,2021-07-04
694,ثهام,صندوق س ثروت هامرز-سهام,6,2926,28473045,9913,9720,9750,-163,-1.64,9731,-182,-1.84,9720,9845,1400-4-13,2021-07-04
695,بسويچ,پارس‌سويچ‌,6,5443,138796500,26840,25500,25500,-1340,-4.99,26830,-10,-0.04,25500,25500,1400-4-13,2021-07-04
696,اخزا804,اسنادخزانه-م4بودجه98-000421,6,38,37872676,994199,996000,996698,2499,0.25,996649,2450,0.25,996000,996900,1400-4-13,2021-07-04
697,ضفلا7003,اختيارخ فولاد-8160-1400/07/25,6,107,387106220,2465,2800,2510,45,1.83,2580,115,4.67,2500,2800,1400-4-13,2021-07-04
698,ضملت8043,اختيارخ وبملت-4434-1400/08/19,5,251,90980000,407,480,360,-47,-11.55,362,-45,-11.06,360,480,1400-4-13,2021-07-04
699,خزر,فنرسازي‌زر,5,1665,59373900,37530,35660,35660,-1870,-4.98,37520,-10,-0.03,35660,35660,1400-4-13,2021-07-04
700,شستا004,اجاره تامين اجتماعي-نوين000523,5,77501,77473498000,999508,999700,998000,-1508,-0.15,999645,137,0.01,998000,999700,1400-4-13,2021-07-04
701,كساوه,صنايع‌ كاشي‌ و سراميك‌ سينا,5,866,52115880,63340,60180,60180,-3160,-4.99,63330,-10,-0.02,60180,60180,1400-4-13,2021-07-04
702,اخزا721,اسنادخزانه-م21بودجه97-000728,5,1227,1155753681,941008,939436,942999,1991,0.21,941935,927,0.1,939436,942999,1400-4-13,2021-07-04
703,ثنظام,س. ساختماني نظام مهندسي ايران,5,836,38354844,47297,45879,45879,-1418,-3,47291,-6,-0.01,45879,45879,1400-4-13,2021-07-04
704,ولغدر,ليزينگ‌خودروغدير,5,3201,66132660,21740,20660,20660,-1080,-4.97,21730,-10,-0.05,20660,20660,1400-4-13,2021-07-04
705,ضملي7005,اختيارخ فملي-15720-1400/07/11,5,59,22599000,444,361,444,0,0,383,-61,-13.74,361,444,1400-4-13,2021-07-04
706,تملي712,تسهيلات مسكن ب. ملي-اسفند97,5,76,64302004,805790,846079,846079,40289,5,846079,40289,5,846079,846079,1400-4-13,2021-07-04
707,تملي803,تسهيلات مسكن ب. ملي-خرداد98,5,81,66627648,792442,800000,832064,39622,5,822564,30122,3.8,800000,832064,1400-4-13,2021-07-04
708,لپيام,گسترش صنايع پيام,5,1144,59549776,53663,52054,52054,-1609,-3,53653,-10,-0.02,52054,52054,1400-4-13,2021-07-04
709,اخزا812,اسنادخزانه-م12بودجه98-001111,5,17267,15431173000,893905,893500,894000,95,0.01,893680,-225,-0.03,893500,894000,1400-4-13,2021-07-04
710,زكشت,كشاورزي مكانيزه اصفهان كشت,5,2478,87802974,37297,35433,35433,-1864,-5,37285,-12,-0.03,35433,35433,1400-4-13,2021-07-04
711,حاريا,كشتيراني آريا,5,21657,366198213,17254,16909,16909,-345,-2,17228,-26,-0.15,16909,16909,1400-4-13,2021-07-04
712,صايپا012,صكوك مرابحه سايپا012-3ماهه 16%,4,40000,40000400000,1000010,1000010,1000010,0,0,1000010,0,0,1000010,1000010,1400-4-13,2021-07-04
713,كرونا2,تامين مالي جمعي صرفا اهداي سود,4,650,6500000,10000,10000,10000,0,0,10000,0,0,10000,10000,1400-4-13,2021-07-04
714,جهرم,پتروشيمي جهرم,4,22400,38102400,1753,1701,1701,-52,-2.97,1753,0,0,1701,1701,1400-4-13,2021-07-04
715,فبيرا,بسته‌ بندي‌ ايران‌,4,15465,45126870,3071,2918,2918,-153,-4.98,3070,-1,-0.03,2918,2918,1400-4-13,2021-07-04
716,اخزا811,اسنادخزانه-م11بودجه98-001013,4,915,828455238,905042,905000,905504,462,0.05,905416,374,0.04,905000,905504,1400-4-13,2021-07-04
717,ثاصفا,شركت‌ ساختمان‌ اصفهان‌,4,1150,29563050,26502,25707,25707,-795,-3,26500,-2,-0.01,25707,25707,1400-4-13,2021-07-04
718,سفارود,كارخانه فارسيت درود,4,23301,388660680,17374,16680,16680,-694,-3.99,17318,-56,-0.32,16680,16680,1400-4-13,2021-07-04
719,زعف0008پ15,زعفران0008پوشالمعمول طلاسرخ(پ),4,1620,160455620,99015,99000,99000,-15,-0.02,99047,32,0.03,99000,102781,1400-4-13,2021-07-04
720,ثغرب,شركت سرمايه گذاري مسكن شمالغرب,4,15800,111642800,7437,7066,7066,-371,-4.99,7434,-3,-0.04,7066,7066,1400-4-13,2021-07-04
721,اراد61,مرابحه عام دولت61-ش.خ0309,4,90000,90000000000,1000001,1000000,1000000,-1,0,1000000,-1,0,1000000,1000000,1400-4-13,2021-07-04
722,اوصتا2,صندوق انديشه ورزان صباتامين -د,4,13000000,13000000,19085,1,1,-19084,-99.99,1,-19084,-99.99,1,1,1400-4-13,2021-07-04
723,اخزا816,اسنادخزانه-م16بودجه98-010503,4,777,630740657,811202,811656,812500,1298,0.16,811764,562,0.07,811655,812500,1400-4-13,2021-07-04
724,ضسپا8039,اختيارخ خساپا-1200-1400/08/26,4,9,7219000,748,869,800,52,6.95,802,54,7.22,750,869,1400-4-13,2021-07-04
725,ضفار8047,اختيارخ فارس-4400-1400/08/05,4,18,106400000,5856,6000,5800,-56,-0.96,5911,55,0.94,5800,6000,1400-4-13,2021-07-04
726,سفاسي,شركت فارسيت اهواز,4,3910,32179300,8484,8230,8230,-254,-2.99,8483,-1,-0.01,8230,8230,1400-4-13,2021-07-04
727,ضسان7080,اختيارخ پارسان-24000-00/07/14,3,31,86800000,1,2800,2800,2799,279900,2800,2799,279900,2800,2800,1400-4-13,2021-07-04
728,نيرو,نيرو سرمايه,3,2300,116488100,52213,50647,50647,-1566,-3,52194,-19,-0.04,50647,50647,1400-4-13,2021-07-04
729,صگل14112,ص اجاره گل گهر 1411-3 ماهه 17%,3,3020000,2988682600000,998500,987960,991300,-7200,-0.72,989630,-8870,-0.89,987960,991300,1400-4-13,2021-07-04
730,پست0008پ04,پسته فندقي32-30سبزدانه0008(پ),3,33,62860000,1846363,1920000,1900000,53637,2.91,1904848,58485,3.17,1900000,1920000,1400-4-13,2021-07-04
731,خپويش,سازه‌ پويش‌,3,695,37252000,56420,53600,53600,-2820,-5,56410,-10,-0.02,53600,53600,1400-4-13,2021-07-04
732,ضصاد8030,اختيارخ وبصادر-1589-1400/08/12,3,10,7300000,650,1000,700,50,7.69,730,80,12.31,700,1000,1400-4-13,2021-07-04
733,اشاد1,مشاركت دولتي1-شرايط خاص001026,3,2400,2369694600,980000,985000,987998,7998,0.82,987373,7373,0.75,985000,987998,1400-4-13,2021-07-04
734,ضصاد8036,اختيارخ وبصادر-3989-1400/08/12,3,65,3250000,50,50,50,0,0,50,0,0,50,50,1400-4-13,2021-07-04
735,آبين,كشت و صنعت آبشيرين,3,4100,16764900,4172,4089,4089,-83,-1.99,4172,0,0,4089,4089,1400-4-13,2021-07-04
736,وملت,سرمايه گذاري ملت,3,6000,25278000,4298,4213,4213,-85,-1.98,4298,0,0,4213,4213,1400-4-13,2021-07-04
737,بكاب,صنايع‌جوشكاب‌يزد,3,58,18876680,342580,325460,325460,-17120,-5,342560,-20,-0.01,325460,325460,1400-4-13,2021-07-04
738,اراد69,مرابحه عام دولت69-ش.خ0310,3,70000,64413090000,917000,920187,920187,3187,0.35,920187,3187,0.35,920187,920187,1400-4-13,2021-07-04
739,ولصنم,ليزينگ‌صنعت‌ومعدن‌,3,2011,20230660,10580,10060,10060,-520,-4.91,10580,0,0,10060,10060,1400-4-13,2021-07-04
740,اخزا810,اسنادخزانه-م10بودجه98-001006,3,4515,4106392786,909363,909502,909500,137,0.02,909500,137,0.02,909500,909502,1400-4-13,2021-07-04
741,سدبير,س. تدبيرگران فارس وخوزستان,3,7228,580458996,84533,80307,80307,-4226,-5,84361,-172,-0.2,80307,80307,1400-4-13,2021-07-04
742,ضجار7042,اختيارخ وتجارت-3497-1400/07/21,3,105,11545000,98,109,110,12,12.24,110,12,12.24,109,110,1400-4-13,2021-07-04
743,هاميد104,اختيارف ت ثاميد-2050-01/04/20,3,19566,1858770,70,95,95,25,35.71,95,25,35.71,95,95,1400-4-13,2021-07-04
744,تملي801,تسهيلات مسكن ب. ملي-فروردين98,3,23,20700000,901370,900000,900000,-1370,-0.15,900000,-1370,-0.15,900000,900000,1400-4-13,2021-07-04
745,ضسان7079,اختيارخ پارسان-20000-00/07/14,2,18,90640000,4800,5000,5080,280,5.83,5036,236,4.92,5000,5080,1400-4-13,2021-07-04
746,هپارس102,اختيارف ت پارس-157010-01/02/05,2,100,100,1,1,1,0,0,1,0,0,1,1,1400-4-13,2021-07-04
747,سايرا,ايرانيت‌,2,285,10940295,39170,38387,38387,-783,-2,39168,-2,-0.01,38387,38387,1400-4-13,2021-07-04
748,تملي703,تسهيلات مسكن ب. ملي-خرداد97,2,200,141873000,746700,709365,709365,-37335,-5,709365,-37335,-5,709365,709365,1400-4-13,2021-07-04
749,خفناور,مهندسي صنعتي روان فن آور,2,2300,107301900,48095,46653,46653,-1442,-3,48079,-16,-0.03,46653,46653,1400-4-13,2021-07-04
750,شكف,كف,2,181,17656550,99540,97550,97550,-1990,-2,99536,-4,0,97550,97550,1400-4-13,2021-07-04
751,اراد504,مرابحه عام دولت5-ش.خ0302,2,370000,370000000000,1000000,1000000,1000000,0,0,1000000,0,0,1000000,1000000,1400-4-13,2021-07-04
752,صخود412,ص مرابحه خودرو412- 3ماهه 18%,2,13000,12935013000,995001,995001,995001,0,0,995001,0,0,995001,995001,1400-4-13,2021-07-04
753,ضمخا7076,اختيارخ اخابر-9700-1400/07/28,2,2,1330000,713,800,530,-183,-25.67,665,-48,-6.73,530,800,1400-4-13,2021-07-04
754,ضفار8050,اختيارخ فارس-7400-1400/08/05,2,2,5800000,2563,2900,2900,337,13.15,2900,337,13.15,2900,2900,1400-4-13,2021-07-04
755,سخواف,سيمان مجد خواف,2,881,13929491,16299,15811,15811,-488,-2.99,16298,-1,-0.01,15811,15811,1400-4-13,2021-07-04
756,ثامان,سامان‌ گستراصفهان‌,2,3197,66817300,21990,20900,20900,-1090,-4.96,21980,-10,-0.05,20900,20900,1400-4-13,2021-07-04
757,داريك,صندوق س.اعتماد داريك-د,2,1090,11717410,10744,10750,10749,5,0.05,10750,6,0.06,10749,10750,1400-4-13,2021-07-04
758,ضپال2006,اختيارخ اپال-28000-1401/02/12,2,50,56000000,1637,1600,1000,-637,-38.91,1120,-517,-31.58,1000,1600,1400-4-13,2021-07-04
759,اطلس2,صندوق س.توسعه اندوخته آينده-س,2,20000,20000,220396,1,1,-220395,-100,1,-220395,-100,1,1,1400-4-13,2021-07-04
760,ضمخا7077,اختيارخ اخابر-6700-1400/07/28,2,10,25000000,400,2500,2500,2100,525,2500,2100,525,2500,2500,1400-4-13,2021-07-04
761,اراد33,مرابحه عام دولت3-ش.خ 0303,2,1200,1156506200,930000,976500,900031,-29969,-3.22,963755,33755,3.63,900031,976500,1400-4-13,2021-07-04
762,وسالت,بانك قرض الحسنه رسالت,2,10388,11873484,1110,1143,1143,33,2.97,1110,0,0,1143,1143,1400-4-13,2021-07-04
763,آينده,بازرگاني آينده سازان بهشت پارس,2,570,10624800,19216,18640,18640,-576,-3,19215,-1,-0.01,18640,18640,1400-4-13,2021-07-04
764,ضپيك7042,اختيارخ تاپيكو-8070-00/07/18,2,10,33000000,3846,3300,3300,-546,-14.2,3300,-546,-14.2,3300,3300,1400-4-13,2021-07-04
765,دروز,داروسازي‌ روزدارو,2,529,15954640,31740,30160,30160,-1580,-4.98,31740,0,0,30160,30160,1400-4-13,2021-07-04
766,ضمخا7071,اختيارخ اخابر-23700-1400/07/28,2,16,208000,24,13,13,-11,-45.83,13,-11,-45.83,13,13,1400-4-13,2021-07-04
767,ضفلا7002,اختيارخ فولاد-6733-1400/07/25,2,18,121131398,3966,4799,4800,834,21.03,4800,834,21.03,4799,4800,1400-4-13,2021-07-04
768,وسنا,سرمايه گذاري نيروگاهي ايران,2,908,13558256,15393,14932,14932,-461,-2.99,15393,0,0,14932,14932,1400-4-13,2021-07-04
769,ضشنا8006,اختيارخ شپنا-14800-1400/08/16,2,14,14000000,730,1000,1000,270,36.99,1000,270,36.99,1000,1000,1400-4-13,2021-07-04
770,قجام,فرآوردههاي غذايي وقندتربت‌جام‌,2,4000,31364000,8001,7841,7841,-160,-2,8000,-1,-0.01,7841,7841,1400-4-13,2021-07-04
771,ومشان,س. فني و مهندسي مشانير,2,1119,73982685,68159,66115,66115,-2044,-3,68143,-16,-0.02,66115,66115,1400-4-13,2021-07-04
772,اشاد10,مشاركت دولتي10-شرايط خاص001226,2,200,192600100,963342,956001,970000,6658,0.69,963000,-342,-0.04,956001,970000,1400-4-13,2021-07-04
773,فجام,جام‌دارو,2,1575,13891500,9280,8820,8820,-460,-4.96,9280,0,0,8820,8820,1400-4-13,2021-07-04
774,ضترا8057,اختيارخ شتران-3000-1400/08/09,1,3,8700000,2778,2900,2900,122,4.39,2900,122,4.39,2900,2900,1400-4-13,2021-07-04
775,ضپيك7043,اختيارخ تاپيكو-10070-00/07/18,1,1,2800000,2350,2800,2800,450,19.15,2800,450,19.15,2800,2800,1400-4-13,2021-07-04
776,صپا ر 60,بار پايه روز 60صنعتي,1,1300,1079000,385,830,830,445,115.58,830,445,115.58,830,830,1400-4-13,2021-07-04
777,صپا ر 56,بار پايه روز 56صنعتي,1,1300,1079000,385,830,830,445,115.58,830,445,115.58,830,830,1400-4-13,2021-07-04
778,آساميد4,صندوق س.مشترك آسمان اميد -د,1,28000000,348208000000,12278,12436,12436,158,1.29,12436,158,1.29,12436,12436,1400-4-13,2021-07-04
779,ثجوان,تامين مسكن جوانان,1,7536,74862624,10456,9934,9934,-522,-4.99,10452,-4,-0.04,9934,9934,1400-4-13,2021-07-04
780,زير0103پ01,زيره سبز0103كيميابذر(پ),1,20,13400000,693804,670000,670000,-23804,-3.43,670000,-23804,-3.43,670000,670000,1400-4-13,2021-07-04
781,صپا ر 59,بار پايه روز 59صنعتي,1,1300,1079000,385,830,830,445,115.58,830,445,115.58,830,830,1400-4-13,2021-07-04
782,كهرام,توليدي گرانيت بهسرام,1,46,5060460,113412,110010,110010,-3402,-3,113410,-2,0,110010,110010,1400-4-13,2021-07-04
783,صگل039,صكوك اجاره گل گهر039-3ماهه20%,1,327,331905000,1014500,1015000,1015000,500,0.05,1015000,500,0.05,1015000,1015000,1400-4-13,2021-07-04
784,سكرما2,سيمان‌ كرمان‌,1,12766057,181916312250,14260,14250,14250,-10,-0.07,14250,-10,-0.07,14250,14250,1400-4-13,2021-07-04
785,اراد43,مرابحه عام دولت4-ش.خ 0205,1,20000,18700000000,935000,935000,935000,0,0,935000,0,0,935000,935000,1400-4-13,2021-07-04
786,تملي802,تسهيلات مسكن ب. ملي-ارديبهشت98,1,20,15798460,831497,789923,789923,-41574,-5,789923,-41574,-5,789923,789923,1400-4-13,2021-07-04
787,ضمخا7070,اختيارخ اخابر-19700-1400/07/28,1,1,100000,20,100,100,80,400,100,80,400,100,100,1400-4-13,2021-07-04
788,گكيش,توريستي ورفاهي آبادگران كيش,1,1030,47797150,47840,46405,46405,-1435,-3,47833,-7,-0.01,46405,46405,1400-4-13,2021-07-04
789,وثخوز,سرمايه گذاري و توسعه خوزستان,1,84,5431440,68063,64660,64660,-3403,-5,68061,-2,0,64660,64660,1400-4-13,2021-07-04
790,ثاژن,سخت آژند,1,547,5056468,9432,9244,9244,-188,-1.99,9432,0,0,9244,9244,1400-4-13,2021-07-04
791,صخابر102,صكوك اجاره مخابرات-3 ماهه 16%,1,5000,4850000000,960000,970000,970000,10000,1.04,970000,10000,1.04,970000,970000,1400-4-13,2021-07-04
792,سفار,سيمان‌فارس‌,1,187,21301170,119900,113910,113910,-5990,-5,119890,-10,-0.01,113910,113910,1400-4-13,2021-07-04
793,صپا ر 7,بار پايه روز 7صنعتي,1,1300,1051700,809,809,809,0,0,809,0,0,809,809,1400-4-13,2021-07-04
794,سمگا2,گروه سرمايه گذاري ميراث فرهنگي,1,44000000,897600000000,20739,20400,20400,-339,-1.63,20400,-339,-1.63,20400,20400,1400-4-13,2021-07-04
795,كبورس,كارگزاران بورس اوراق بهادار,1,146,4968380,32410,34030,34030,1620,5,32410,0,0,34030,34030,1400-4-13,2021-07-04
796,سحرا021,سلف موازي برق نيروي برق حرارتي,1,200,60028400,293609,300142,300142,6533,2.23,300142,6533,2.23,300142,300142,1400-4-13,2021-07-04
797,وآتوس,س.آرين توسكا قيمت اسمي 350ريال,1,120,5214480,44797,43454,43454,-1343,-3,44796,-1,0,43454,43454,1400-4-13,2021-07-04
798,زعف0008پ12,زعفران0008پوشالمعمول سحرخيز(پ),1,100,9800000,94050,98000,98000,3950,4.2,98000,3950,4.2,98000,98000,1400-4-13,2021-07-04
799,سكه0111پ05,تمام سكه طرح جديد0111آينده,1,100,106500000,1070800,1065000,1065000,-5800,-0.54,1065000,-5800,-0.54,1065000,1065000,1400-4-13,2021-07-04
800,صپا ر 58,بار پايه روز 58صنعتي,1,1300,1079000,385,830,830,445,115.58,830,445,115.58,830,830,1400-4-13,2021-07-04
801,صپا ر 6,بار پايه روز 6صنعتي,1,1300,1051700,809,809,809,0,0,809,0,0,809,809,1400-4-13,2021-07-04
802,تپولا,مهندسي مرآت پولاد,1,152,5052328,34267,33239,33239,-1028,-3,34266,-1,0,33239,33239,1400-4-13,2021-07-04
803,سنفت001,سلف موازي استاندارد سنفت001,1,21200,25011230000,1179775,1179775,1179775,0,0,1179775,0,0,1179775,1179775,1400-4-13,2021-07-04
804,قنقش,قند نقش جهان,1,1000,68586000,71443,68586,68586,-2857,-4,71402,-41,-0.06,68586,68586,1400-4-13,2021-07-04
805,ضجار7044,اختيارخ وتجارت-4497-1400/07/21,1,5,120000,24,24,24,0,0,24,0,0,24,24,1400-4-13,2021-07-04
806,فسا,پتروشيمي فسا,1,166523,279758640,1731,1680,1680,-51,-2.95,1730,-1,-0.06,1680,1680,1400-4-13,2021-07-04
807,تملي710,تسهيلات مسكن ب. ملي-دي97,1,10,7673510,807737,767351,767351,-40386,-5,767351,-40386,-5,767351,767351,1400-4-13,2021-07-04
808,فبستم,صنايع ‌بسته‌بندي‌ مشهد,1,4777,3898032,793,816,816,23,2.9,793,0,0,816,816,1400-4-13,2021-07-04
809,ضترا8060,اختيارخ شتران-4323-1400/08/09,1,8,6400000,801,800,800,-1,-0.12,800,-1,-0.12,800,800,1400-4-13,2021-07-04
810,صپا ر 55,بار پايه روز 55صنعتي,1,1300,1079000,385,830,830,445,115.58,830,445,115.58,830,830,1400-4-13,2021-07-04
811,نگين,ص.س. زمين و ساختمان نگين شهرري,1,218,10370260,48070,47570,47570,-500,-1.04,47570,-500,-1.04,47570,47570,1400-4-13,2021-07-04
812,كابگن,توليدي و صنعتي آبگينه‌,1,2000,10662000,5279,5331,5331,52,0.99,5279,0,0,5331,5331,1400-4-13,2021-07-04
813,غمهرا,توليدي‌مهرام‌,1,45,5081850,118870,112930,112930,-5940,-5,118870,0,0,112930,112930,1400-4-13,2021-07-04
814,فنوال2,نورد آلومينيوم‌,1,17000000,391000000000,23550,23000,23000,-550,-2.34,23000,-550,-2.34,23000,23000,1400-4-13,2021-07-04
815,اگ000419,گام بانك صادرات0004,1,5000,4955000000,982000,991000,991000,9000,0.92,991000,9000,0.92,991000,991000,1400-4-13,2021-07-04
816,اخزا818,اسنادخزانه-م18بودجه98-010614,1,504,400287888,794540,794222,794222,-318,-0.04,794222,-318,-0.04,794222,794222,1400-4-13,2021-07-04
817,مهان01,اجاره مهرآيندگان لوتوس0311,1,50000,50000050000,1000001,1000001,1000001,0,0,1000001,0,0,1000001,1000001,1400-4-13,2021-07-04
818,صپا ر 2,بار پايه روز 2صنعتي,1,1300,1051700,809,809,809,0,0,809,0,0,809,809,1400-4-13,2021-07-04
819,اراد65,مرابحه عام دولتي65-ش.خ0210,1,100,96500000,969000,965000,965000,-4000,-0.41,965000,-4000,-0.41,965000,965000,1400-4-13,2021-07-04
820,كمند2,صندوق س. با درآمد ثابت كمند,1,27000000,27000000,10154,1,1,-10153,-99.99,1,-10153,-99.99,1,1,1400-4-13,2021-07-04
821,ضجار7038,اختيارخ وتجارت-1797-1400/07/21,1,5,4000000,745,800,800,55,7.38,800,55,7.38,800,800,1400-4-13,2021-07-04
822,ضمخا7069,اختيارخ اخابر-17700-1400/07/28,1,1,200000,202,200,200,-2,-0.99,200,-2,-0.99,200,200,1400-4-13,2021-07-04
823,ضملي7001,اختيارخ فملي-8720-1400/07/11,1,3,10500000,3411,3500,3500,89,2.61,3500,89,2.61,3500,3500,1400-4-13,2021-07-04
824,زرين2,صندوق س. سهام زرين كوروش-س,1,200000,200000,9986,1,1,-9985,-99.99,1,-9985,-99.99,1,1,1400-4-13,2021-07-04
825,مشهد0212,مشاركت ش مشهد0212-3ماهه18%,1,10000,10000000000,1000000,1000000,1000000,0,0,1000000,0,0,1000000,1000000,1400-4-13,2021-07-04
826,صپا ر 5,بار پايه روز 5صنعتي,1,1300,1051700,809,809,809,0,0,809,0,0,809,809,1400-4-13,2021-07-04
827,اخزا9102,اسنادخزانه-م10بودجه99-020807,1,100596,63576672000,629900,632000,632000,2100,0.33,632000,2100,0.33,632000,632000,1400-4-13,2021-07-04
828,صپا ر 53,بار پايه روز 53صنعتي,1,1300,1066000,820,820,820,0,0,820,0,0,820,820,1400-4-13,2021-07-04
829,اخزا8142,اسنادخزانه-م14بودجه98-010318,1,100000,83500000000,833896,835000,835000,1104,0.13,835000,1104,0.13,835000,835000,1400-4-13,2021-07-04
830,كمرجان,بازرگاني و توليدي مرجان كار,1,37,5043544,143486,136312,136312,-7174,-5,143483,-3,0,136312,136312,1400-4-13,2021-07-04
831,تملي805,تسهيلات مسكن ب. ملي-مرداد98,1,1,880000,908562,880000,880000,-28562,-3.14,880000,-28562,-3.14,880000,880000,1400-4-13,2021-07-04
832,صپا ر 57,بار پايه روز 57صنعتي,1,1300,1079000,385,830,830,445,115.58,830,445,115.58,830,830,1400-4-13,2021-07-04
833,صپا ر 3,بار پايه روز 3صنعتي,1,1300,1051700,809,809,809,0,0,809,0,0,809,809,1400-4-13,2021-07-04
834,صپا ر 4,بار پايه روز 4صنعتي,1,1300,1051700,809,809,809,0,0,809,0,0,809,809,1400-4-13,2021-07-04
835,دارا4,صندوق س. دارا الگوريتم-د,1,2000000,20140000000,9996,10070,10070,74,0.74,10070,74,0.74,10070,10070,1400-4-13,2021-07-04
836,صعبيد312,صكوك اجاره دعبيد-3ماهه18%,1,160,160640000,1005000,1004000,1004000,-1000,-0.1,1004000,-1000,-0.1,1004000,1004000,1400-4-13,2021-07-04
837,وهنر,گروه توسعه هنر ايران,1,1000,7363000,7590,7363,7363,-227,-2.99,7590,0,0,7363,7363,1400-4-13,2021-07-04
838,اخزا9092,اسنادخزانه-م9بودجه99-020316,1,100000,68500000000,684154,685000,685000,846,0.12,685000,846,0.12,685000,685000,1400-4-13,2021-07-04
