,نماد,نام,تعداد,حجم,ارزش,دیروز,اولین,آخرین معامله - مقدار,آخرین معامله - تغییر,آخرین معامله - درصد,قیمت پایانی - مقدار,قیمت پایانی - تغییر,قیمت پایانی - درصد,کمترین,بیشترین,تاریخ,gregorian_date
0,سپيد,سپيد ماكيان,153235,22005328,1209739878950,54730,54980,54760,30,0.05,54970,240,0.44,52450,56700,1400-6-3,2021-08-25
1,پالايش,صندوق پالايشي يكم-سهام,58459,65483572,5722326761870,86870,88990,88020,1150,1.32,87390,520,0.6,84530,89200,1400-6-3,2021-08-25
2,وهامون,سرمايه گذاري هامون صبا,52581,41525312,159415672768,3657,3839,3839,182,4.98,3839,182,4.98,3839,3839,1400-6-3,2021-08-25
3,دارا يكم,صندوق واسطه گري مالي يكم-سهام,45445,35288972,5300109292340,146040,151010,151840,5800,3.97,150190,4150,2.84,144110,154150,1400-6-3,2021-08-25
4,شستا,سرمايه گذاري تامين اجتماعي,39269,179644945,2573156324060,14540,14600,14300,-240,-1.65,14320,-220,-1.51,14110,14650,1400-6-3,2021-08-25
5,دي,بانك دي,39226,1674468195,2013640733316,1162,1200,1220,58,4.99,1203,41,3.53,1167,1220,1400-6-3,2021-08-25
6,سنير,سيمان‌ سفيد ني‌ريز,22980,13815891,1911792637610,139730,132750,146700,6970,4.99,138380,-1350,-0.97,132750,146710,1400-6-3,2021-08-25
7,غدام,خوراك‌  دام‌ پارس‌,21202,7236418,2096445397600,298900,283960,293000,-5900,-1.97,289710,-9190,-3.07,283960,302900,1400-6-3,2021-08-25
8,مديريت,س. و خدمات مديريت صند. ب كشوري,21129,11740041,76216346172,6183,6492,6492,309,5,6492,309,5,6492,6492,1400-6-3,2021-08-25
9,خساپا,سايپا,20569,718580002,1557667061019,2149,2180,2202,53,2.47,2168,19,0.88,2089,2220,1400-6-3,2021-08-25
10,فملي,ملي‌ صنايع‌ مس‌ ايران‌,20164,104915100,1505281603010,14440,14600,14440,0,0,14350,-90,-0.62,14020,14600,1400-6-3,2021-08-25
11,خودرو,ايران‌ خودرو,20083,521810894,1233746293836,2343,2370,2392,49,2.09,2364,21,0.9,2275,2429,1400-6-3,2021-08-25
12,بركت,گروه دارويي بركت,19957,38651761,1419455535110,37100,37120,37100,0,0,36720,-380,-1.02,36000,37400,1400-6-3,2021-08-25
13,فولاد,فولاد مباركه اصفهان,19921,122251981,1511965006490,12470,12600,12460,-10,-0.08,12370,-100,-0.8,12210,12610,1400-6-3,2021-08-25
14,ومدير,گ.مديريت ارزش سرمايه ص ب كشوري,19645,101590648,560495779550,5670,5640,5560,-110,-1.94,5520,-150,-2.65,5390,5640,1400-6-3,2021-08-25
15,وبملت,بانك ملت,19111,519656231,2329233775832,4353,4450,4489,136,3.12,4482,129,2.96,4328,4570,1400-6-3,2021-08-25
16,پترول,گ.س.وت.ص.پتروشيمي خليج فارس,18842,148479753,660685900946,4561,4560,4441,-120,-2.63,4450,-111,-2.43,4400,4560,1400-6-3,2021-08-25
17,شپنا,پالايش نفت اصفهان,18446,102745019,1540250813280,14970,15180,15110,140,0.94,14990,20,0.13,14790,15200,1400-6-3,2021-08-25
18,شتران,پالايش نفت تهران,16936,130818459,1499019721470,11480,11500,11520,40,0.35,11460,-20,-0.17,11200,11640,1400-6-3,2021-08-25
19,وسپهر,سرمايه گذاري مالي سپهرصادرات,16637,30500183,315256262108,10668,10648,10291,-377,-3.53,10336,-332,-3.11,10160,10649,1400-6-3,2021-08-25
20,شصدف,صنعتي دوده فام,16386,20973374,991565255845,45644,47926,47500,1856,4.07,47277,1633,3.58,45740,47926,1400-6-3,2021-08-25
21,لطيف,محصولات كاغذي لطيف,16210,2683290,153228897206,57936,58195,57091,-845,-1.46,57105,-831,-1.43,56020,58195,1400-6-3,2021-08-25
22,ولكار,ليزينگ كارآفرين,15917,28406853,151829079168,5315,5580,5480,165,3.1,5345,30,0.56,5050,5580,1400-6-3,2021-08-25
23,وتجارت,بانك تجارت,15909,467574906,1365548697027,2822,2900,2927,105,3.72,2920,98,3.47,2822,2963,1400-6-3,2021-08-25
24,خبهمن,گروه‌بهمن‌,15524,755105771,1385877682378,1773,1850,1832,59,3.33,1835,62,3.5,1735,1861,1400-6-3,2021-08-25
25,گدنا,تهيه توزيع غذاي دنا آفرين فدك,14796,7525945,167964465179,22164,22480,22763,599,2.7,22318,154,0.69,21474,23100,1400-6-3,2021-08-25
26,خگستر,گسترش‌سرمايه‌گذاري‌ايران‌خودرو,14264,282367160,856190941391,2967,3010,3085,118,3.98,3032,65,2.19,2922,3110,1400-6-3,2021-08-25
27,آريا,پليمر آريا ساسول,11936,4317883,512778694435,120643,121900,119001,-1642,-1.36,118757,-1886,-1.56,116000,121900,1400-6-3,2021-08-25
28,ثبهساز,بهساز كاشانه تهران,11687,77058456,204571292484,2710,2750,2629,-81,-2.99,2655,-55,-2.03,2606,2769,1400-6-3,2021-08-25
29,شاروم,پتروشيمي اروميه,11682,14901873,303366547918,21061,20900,20090,-971,-4.61,20358,-703,-3.34,20008,20900,1400-6-3,2021-08-25
30,فگستر,گسترش صنايع روي ايرانيان,11371,6791043,112207855794,16411,16480,16601,190,1.16,16523,112,0.68,16010,16850,1400-6-3,2021-08-25
31,ثاميد,توسعه و عمران اميد,11157,82955433,158384878334,1952,1951,1902,-50,-2.56,1909,-43,-2.2,1870,1953,1400-6-3,2021-08-25
32,بوعلي,پتروشيمي بوعلي سينا,11093,5478230,366102862220,68410,68100,67040,-1370,-2,66830,-1580,-2.31,66020,68410,1400-6-3,2021-08-25
33,كمند,صندوق س. با درآمد ثابت كمند,11003,500122331,5053693742469,10099,10104,10105,6,0.06,10105,6,0.06,10104,10107,1400-6-3,2021-08-25
34,فتوسا,توليد و توسعه سرب روي ايرانيان,10666,7510741,117171766362,15790,15810,15700,-90,-0.57,15601,-189,-1.2,15341,16100,1400-6-3,2021-08-25
35,نوري,پتروشيمي نوري,10625,7639167,839619113400,110010,110100,109870,-140,-0.13,109910,-100,-0.09,108450,112000,1400-6-3,2021-08-25
36,وبصادر,بانك صادرات ايران,10389,326149564,884843478738,2629,2690,2733,104,3.96,2713,84,3.2,2612,2760,1400-6-3,2021-08-25
37,حكشتي,كشتيراني جمهوري اسلامي ايران,10326,49461923,956518768270,19330,19700,19420,90,0.47,19340,10,0.05,18870,19850,1400-6-3,2021-08-25
38,سيتا,سرمايه گذاري سيمان تامين,10275,14351733,227847508610,15770,15960,16150,380,2.41,15880,110,0.7,15370,16260,1400-6-3,2021-08-25
39,غكورش,صنعت غذايي كورش,9907,4756015,231783932230,48780,49450,49400,620,1.27,48730,-50,-0.1,47350,50000,1400-6-3,2021-08-25
40,چخزر,صنايع چوب خزر كاسپين,9833,2555930,103905219453,40112,41335,40701,589,1.47,40653,541,1.35,40112,41690,1400-6-3,2021-08-25
41,كزغال,زغال سنگ پروده طبس,9043,6375211,257674781821,39137,40995,41093,1956,5,40418,1281,3.27,39306,41093,1400-6-3,2021-08-25
42,غگيلا,شيرپاستوريزه پگاه گيلان,8632,11767420,366247432255,29921,31316,31417,1496,5,31124,1203,4.02,29310,31417,1400-6-3,2021-08-25
43,بترانس,ايران‌ ترانسفو,8577,205302982,588875351210,2787,2890,2926,139,4.99,2868,81,2.91,2707,2926,1400-6-3,2021-08-25
44,ذوب,سهامي ذوب آهن  اصفهان,8477,138336577,641076642029,4548,4650,4634,86,1.89,4634,86,1.89,4505,4749,1400-6-3,2021-08-25
45,غزر,صنعتي زر ماكارون,8421,8800784,239403811570,26140,27150,27440,1300,4.97,27200,1060,4.06,26100,27440,1400-6-3,2021-08-25
46,زملارد,كشاورزي و دامپروري ملارد شير,8350,2942529,100687641681,34354,34000,34150,-204,-0.59,34218,-136,-0.4,32820,35442,1400-6-3,2021-08-25
47,وپارس,بانك‌پارسيان‌,8029,189703564,597494560900,3175,3188,3170,-5,-0.16,3150,-25,-0.79,3050,3250,1400-6-3,2021-08-25
48,زماهان,مجتمع توليد گوشت مرغ ماهان,7967,29324252,466018674938,15368,16108,16136,768,5,15892,524,3.41,15400,16136,1400-6-3,2021-08-25
49,وكبهمن,مديريت سرمايه گذاري كوثربهمن,7865,10932021,151526334871,13259,13921,13921,662,4.99,13861,602,4.54,13286,13921,1400-6-3,2021-08-25
50,چكاپا,گروه صنايع كاغذ پارس,7853,140608488,637672673709,4354,4571,4540,186,4.27,4535,181,4.16,4400,4571,1400-6-3,2021-08-25
51,وثخوز,سرمايه گذاري و توسعه خوزستان,7851,6556979,370457238514,58067,55164,58188,121,0.21,56498,-1569,-2.7,55164,58900,1400-6-3,2021-08-25
52,ثاخت,بين‌المللي‌توسعه‌ساختمان,7580,204292673,572334698383,2762,2850,2799,37,1.34,2802,40,1.45,2740,2850,1400-6-3,2021-08-25
53,پاكشو,گروه صنعتي پاكشو,7163,115284946,711381382510,6130,6200,6320,190,3.1,6170,40,0.65,5960,6400,1400-6-3,2021-08-25
54,بپيوند,برق و انرژي پيوندگستر پارس,7007,11099783,144743510644,12713,13290,13115,402,3.16,13040,327,2.57,12720,13328,1400-6-3,2021-08-25
55,رافزا,رايان هم افزا,7004,1680694,139318456886,79162,83000,83120,3958,5,82893,3731,4.71,80030,83120,1400-6-3,2021-08-25
56,وخارزم,سرمايه گذاري خوارزمي,6894,60660039,423452384870,6760,6930,7090,330,4.88,6980,220,3.25,6750,7090,1400-6-3,2021-08-25
57,هاي وب,داده گسترعصرنوين-هاي وب,6874,38599795,394542796870,10300,10140,10310,10,0.1,10220,-80,-0.78,10010,10480,1400-6-3,2021-08-25
58,تاپيكو,س. نفت و گاز و پتروشيمي تأمين,6795,76283253,1168585958670,14760,15000,15500,740,5.01,15320,560,3.79,14870,15630,1400-6-3,2021-08-25
59,فاراك,ماشين‌ سازي‌ اراك‌,6623,155544845,347287476667,2268,2290,2233,-35,-1.54,2233,-35,-1.54,2165,2325,1400-6-3,2021-08-25
60,آبادا,توليد نيروي برق آبادان,6375,7580067,103000955750,13060,13710,13710,650,4.98,13590,530,4.06,13080,13710,1400-6-3,2021-08-25
61,وپويا,سرمايه گذاري پويا,6238,21328465,125147549354,5763,5940,5910,147,2.55,5868,105,1.82,5638,5996,1400-6-3,2021-08-25
62,ثنوسا,نوسازي‌وساختمان‌تهران‌,6230,26081633,249181716500,9790,9890,9490,-300,-3.06,9550,-240,-2.45,9310,9900,1400-6-3,2021-08-25
63,صبا,سرمايه گذاري صبا تامين,6138,26400135,267529189734,10250,10420,10135,-115,-1.12,10134,-116,-1.13,10020,10420,1400-6-3,2021-08-25
64,چدن,توليدي چدن سازان,6065,93249220,445804963358,4743,4679,4960,217,4.58,4781,38,0.8,4560,4970,1400-6-3,2021-08-25
65,امين,تامين سرمايه امين,6035,4934552,42762457610,8850,8910,8640,-210,-2.37,8670,-180,-2.03,8490,8910,1400-6-3,2021-08-25
66,فارس,صنايع پتروشيمي خليج فارس,5989,44522825,599131301060,13700,13700,13470,-230,-1.68,13460,-240,-1.75,13360,13730,1400-6-3,2021-08-25
67,بگيلان,توسعه مسير برق گيلان,5927,2335831,51955651324,21562,22360,22382,820,3.8,22243,681,3.16,21650,22600,1400-6-3,2021-08-25
68,وغدير,سرمايه‌گذاري‌غدير(هلدينگ‌,5897,44200198,731483041070,16420,16430,16580,160,0.97,16550,130,0.79,16020,16980,1400-6-3,2021-08-25
69,شگويا,پتروشيمي تندگويان,5885,23599879,315737148441,12959,12959,13381,422,3.26,13379,420,3.24,12959,13600,1400-6-3,2021-08-25
70,اخابر,مخابرات ايران,5883,69561590,794363272110,11010,11500,11500,490,4.45,11420,410,3.72,10900,11560,1400-6-3,2021-08-25
71,فروي,ذوب روي اصفهان,5751,7244443,259936098132,36450,37000,35750,-700,-1.92,35881,-569,-1.56,35190,37150,1400-6-3,2021-08-25
72,وسكرشا,س.سهام عدالت استان كرمانشاه,5675,262857121,201085970286,770,733,786,16,2.08,765,-5,-0.65,733,795,1400-6-3,2021-08-25
73,شفارس,صنايع‌ شيميايي‌ فارس‌,5672,126845640,275905397034,2106,2200,2211,105,4.99,2175,69,3.28,2110,2211,1400-6-3,2021-08-25
74,كپشير,پشم‌شيشه‌ايران‌,5574,16067034,338557942920,20870,20800,21910,1040,4.98,21070,200,0.96,20010,21910,1400-6-3,2021-08-25
75,فاذر,صنايع‌ آذرآب‌,5352,201995237,287221662457,1434,1435,1433,-1,-0.07,1422,-12,-0.84,1386,1469,1400-6-3,2021-08-25
76,شغدير,پتروشيمي غدير,5247,4732350,462532984420,96740,101370,96310,-430,-0.44,97740,1000,1.03,93520,101370,1400-6-3,2021-08-25
77,ونيكي,سرمايه‌گذاري‌ ملي‌ايران‌,5139,33460794,427290892350,13340,13350,12700,-640,-4.8,12770,-570,-4.27,12680,13400,1400-6-3,2021-08-25
78,اپال,فرآوري معدني اپال كاني پارس,4989,6194078,153130567040,24860,25120,24900,40,0.16,24720,-140,-0.56,23850,25890,1400-6-3,2021-08-25
79,ثشاهد,سرمايه‌ گذاري‌ شاهد,4974,18634283,333190987110,17640,18020,17820,180,1.02,17880,240,1.36,17250,18350,1400-6-3,2021-08-25
80,دتوليد,داروسازي توليد دارو,4936,12609221,190121503585,14890,15480,15180,290,1.95,15078,188,1.26,14400,15480,1400-6-3,2021-08-25
81,فزرين,زرين معدن آسيا,4824,20421249,385076036984,19640,19700,19000,-640,-3.26,18857,-783,-3.99,18658,19700,1400-6-3,2021-08-25
82,حفاري,حفاري شمال,4715,55680512,430556648800,7730,7730,7710,-20,-0.26,7730,0,0,7470,8000,1400-6-3,2021-08-25
83,غگل,گلوكوزان‌,4710,98418603,399335186925,3874,4064,4067,193,4.98,4058,184,4.75,3961,4067,1400-6-3,2021-08-25
84,كاوه,فولاد كاوه جنوب كيش,4589,19545346,427756331490,21840,22100,22200,360,1.65,21890,50,0.23,21330,22350,1400-6-3,2021-08-25
85,خزر,فنرسازي‌زر,4551,10802439,205762842080,19370,19120,19330,-40,-0.21,19050,-320,-1.65,18470,19600,1400-6-3,2021-08-25
86,شبريز,پالايش نفت تبريز,4535,8926219,375035356640,41080,41890,42060,980,2.39,42020,940,2.29,40110,43120,1400-6-3,2021-08-25
87,سرو,صندوق س سروسودمند مدبران-سهام,4512,5429152,485447483370,88490,91000,89600,1110,1.25,89410,920,1.04,87000,91000,1400-6-3,2021-08-25
88,غنوش,نوش‌ مازندران‌,4439,9375014,379966154610,38940,39990,40880,1940,4.98,40530,1590,4.08,39040,40880,1400-6-3,2021-08-25
89,آگاس,صندوق س.هستي بخش آگاه-س,4439,6540310,593409576138,90664,91166,90860,196,0.22,90731,67,0.07,89201,92599,1400-6-3,2021-08-25
90,سفاسي,شركت فارسيت اهواز,4421,23258009,170317852355,7144,7358,7358,214,3,7323,179,2.51,7020,7358,1400-6-3,2021-08-25
91,شيران,س. صنايع‌شيميايي‌ايران,4416,16980820,491811716540,27960,28380,29350,1390,4.97,28960,1000,3.58,27210,29350,1400-6-3,2021-08-25
92,قنيشا,قند  نيشابور,4388,5217305,281964404610,56480,56990,54350,-2130,-3.77,54040,-2440,-4.32,53660,56990,1400-6-3,2021-08-25
93,سبزوا,سيمان لار سبزوار,4360,57119892,223219964995,3869,4062,3948,79,2.04,3908,39,1.01,3676,4062,1400-6-3,2021-08-25
94,فخوز,فولاد  خوزستان,4320,28857429,526540680410,18310,18280,18300,-10,-0.05,18250,-60,-0.33,17900,18400,1400-6-3,2021-08-25
95,كوير,توليدي فولاد سپيد فراب كوير,4280,18369183,283763240270,15640,15680,15520,-120,-0.77,15450,-190,-1.21,15170,15820,1400-6-3,2021-08-25
96,ولپارس,ليزينگ پارسيان,4274,14777589,74323282475,4792,5031,5031,239,4.99,5029,237,4.95,4950,5031,1400-6-3,2021-08-25
97,فاراكح,ح . ماشين‌ سازي‌ اراك‌,4225,107190703,108411662645,1027,1035,945,-82,-7.98,1011,-16,-1.56,945,1040,1400-6-3,2021-08-25
98,شاراك,پتروشيمي شازند,4146,9252316,410173770160,44340,44000,45050,710,1.6,44330,-10,-0.02,43210,45300,1400-6-3,2021-08-25
99,پتاير,ايران‌ تاير,4144,66614501,210817599291,3237,3238,3172,-65,-2.01,3165,-72,-2.22,3110,3250,1400-6-3,2021-08-25
100,ثفارس,عمران‌وتوسعه‌فارس‌,4138,31566409,322868483190,9980,9780,10250,270,2.71,10230,250,2.51,9780,10470,1400-6-3,2021-08-25
101,فجر,فولاد اميركبيركاشان,4013,13404521,428512976560,30680,31990,32210,1530,4.99,31970,1290,4.2,31350,32210,1400-6-3,2021-08-25
102,تسه0005,امتيازتسهيلات مسكن مرداد 1400,3992,101596,61172473235,608045,605000,602500,-5545,-0.91,602115,-5930,-0.98,590006,613000,1400-6-3,2021-08-25
103,ملت,بيمه ملت,3923,119146275,160636808851,1342,1360,1346,4,0.3,1348,6,0.45,1322,1370,1400-6-3,2021-08-25
104,حگردش,ريل گردش ايرانيان,3900,19267180,57801540000,1000,3000,3000,2000,200,3000,2000,200,3000,3000,1400-6-3,2021-08-25
105,وسينا,بانك سينا,3859,182120597,600541165353,2930,3200,3360,430,14.68,3297,367,12.53,3120,3360,1400-6-3,2021-08-25
106,امين يكم,صندوق درآمد ثابت امين يكم فردا,3837,188954653,1890305108458,10001,10005,10004,3,0.03,10004,3,0.03,9999,10006,1400-6-3,2021-08-25
107,كبافق,معادن‌ بافق‌,3822,4231968,189710147110,45000,43330,45920,920,2.04,44830,-170,-0.38,42910,46650,1400-6-3,2021-08-25
108,پيزد,مجتمع صنايع لاستيك يزد,3805,1086779,82482271861,76459,76785,76100,-359,-0.47,75896,-563,-0.74,74500,78081,1400-6-3,2021-08-25
109,آريان,سرمايه گذاري پارس آريان,3767,137613739,2398140760682,16963,17471,17471,508,2.99,17427,464,2.74,16963,17471,1400-6-3,2021-08-25
110,شلعاب,لعابيران‌,3713,15331602,142562429330,9520,9600,9250,-270,-2.84,9300,-220,-2.31,9060,9700,1400-6-3,2021-08-25
111,ولراز,ليزينگ رازي,3587,9163171,286276518928,32393,30774,31320,-1073,-3.31,31242,-1151,-3.55,30774,31830,1400-6-3,2021-08-25
112,وتوصا,گروه س توسعه صنعتي ايران,3547,33940479,358082475690,10360,10390,10870,510,4.92,10550,190,1.83,9990,10870,1400-6-3,2021-08-25
113,سمگا,گروه سرمايه گذاري ميراث فرهنگي,3488,19833709,583921088382,29279,29490,28850,-429,-1.47,29441,162,0.55,28750,29950,1400-6-3,2021-08-25
114,غفارس,شير پاستوريزه پگاه فارس,3460,9685642,139358288796,14472,14790,14520,48,0.33,14388,-84,-0.58,14003,14790,1400-6-3,2021-08-25
115,ونوين,بانك‌اقتصادنوين‌,3418,69580056,364018429410,5260,5280,5300,40,0.76,5230,-30,-0.57,5090,5330,1400-6-3,2021-08-25
116,كهمدا,شيشه‌ همدان‌,3412,16141000,194123245930,11640,12140,12220,580,4.98,12030,390,3.35,11320,12220,1400-6-3,2021-08-25
117,وساپا,سرمايه‌گذاري‌ سايپا,3392,35043707,221086623100,6330,6500,6370,40,0.63,6310,-20,-0.32,6100,6500,1400-6-3,2021-08-25
118,ختور,رادياتور ايران‌,3260,13658939,288320770010,20370,20620,21380,1010,4.96,21110,740,3.63,20620,21380,1400-6-3,2021-08-25
119,كيان,صندوق س. با درآمد ثابت كيان,3257,40640229,1227178884307,30161,30195,30220,59,0.2,30196,35,0.12,30180,30220,1400-6-3,2021-08-25
120,غشهداب,كشت و صنعت شهداب ناب خراسان,3253,49522173,192003239591,3778,3850,3966,188,4.98,3877,99,2.62,3690,3966,1400-6-3,2021-08-25
121,افق,فروشگاههاي زنجيره اي افق كوروش,3228,8137888,549906415230,64760,65930,67990,3230,4.99,67570,2810,4.34,65610,67990,1400-6-3,2021-08-25
122,ومعادن,توسعه‌معادن‌وفلزات‌,3213,38813805,491210176410,12590,12510,12700,110,0.87,12660,70,0.56,12510,12990,1400-6-3,2021-08-25
123,ختوقا,قطعات‌ اتومبيل‌ ايران‌,3209,64770477,173740608828,2617,2603,2744,127,4.85,2682,65,2.48,2550,2746,1400-6-3,2021-08-25
124,كرمان,س. توسعه و عمران استان كرمان,3191,172151953,257195017782,1423,1494,1494,71,4.99,1494,71,4.99,1494,1494,1400-6-3,2021-08-25
125,خودكفا,اقتصادي و خودكفايي آزادگان,3181,13797898,205811830817,15106,15110,15100,-6,-0.04,14916,-190,-1.26,14666,15300,1400-6-3,2021-08-25
126,پارسان,گسترش نفت و گاز پارسيان,3158,45035586,1449609848400,30800,31400,32340,1540,5,32190,1390,4.51,30340,32340,1400-6-3,2021-08-25
127,تملت,تامين سرمايه بانك ملت,3145,44011109,253070894686,5483,5750,5757,274,5,5750,267,4.87,5620,5757,1400-6-3,2021-08-25
128,غچين,كشت‌ و صنعت‌ چين‌ چين,3135,9850855,206892900110,20340,20600,21260,920,4.52,21000,660,3.24,20250,21350,1400-6-3,2021-08-25
129,هرمز,فولاد هرمزگان جنوب,3083,11855980,219726393969,18725,18450,18400,-325,-1.74,18533,-192,-1.03,18150,18861,1400-6-3,2021-08-25
130,كترام,توليدي‌ كاشي‌ تكسرام‌,3075,5384311,175094530910,32400,32990,32210,-190,-0.59,32520,120,0.37,31000,33960,1400-6-3,2021-08-25
131,حشكوه,دليجان طلايي شكوه پارس,3018,15000000,45000000000,1000,3000,3000,2000,200,3000,2000,200,3000,3000,1400-6-3,2021-08-25
132,دماوند,توليد نيروي برق دماوند,3013,6231735,177601676148,28176,29000,28189,13,0.05,28500,324,1.15,28000,29280,1400-6-3,2021-08-25
133,سفارس,سيمان فارس و خوزستان,3011,13669817,335222072290,24610,24550,24810,200,0.81,24520,-90,-0.37,23990,24990,1400-6-3,2021-08-25
134,وساخت,سرمايه‌ گذاري‌ ساختمان‌ايران‌,3003,6528119,356378698370,52260,52000,54870,2610,4.99,54590,2330,4.46,51800,54870,1400-6-3,2021-08-25
135,غپينو,پارس‌ مينو,2979,27364356,158113242950,5560,5700,5830,270,4.86,5780,220,3.96,5610,5830,1400-6-3,2021-08-25
136,وبانك,سرمايه گذاري گروه توسعه ملي,2966,20401224,206727121650,10180,10400,10240,60,0.59,10130,-50,-0.49,9950,10500,1400-6-3,2021-08-25
137,بجهرم,توسعه مولد نيروگاهي جهرم,2937,38258282,109232931397,2863,2890,2863,0,0,2855,-8,-0.28,2780,2915,1400-6-3,2021-08-25
138,كنورح,ح توسعه معدني و صنعتي صبانور,2926,15336256,277432386990,18650,18500,18100,-550,-2.95,18090,-560,-3,17820,18500,1400-6-3,2021-08-25
139,خزاميا,زامياد,2922,30255373,232831275270,7510,7700,7880,370,4.93,7700,190,2.53,7380,7880,1400-6-3,2021-08-25
140,آسيا,بيمه آسيا,2921,65049194,147570293621,2262,2330,2267,5,0.22,2269,7,0.31,2220,2330,1400-6-3,2021-08-25
141,وايران,ليزينگ ايرانيان,2912,17095265,121523049550,7180,7290,7130,-50,-0.7,7110,-70,-0.97,6930,7390,1400-6-3,2021-08-25
142,حآسا,آسيا سير ارس,2909,5787325,137041525172,23841,24000,23910,69,0.29,23680,-161,-0.68,22730,24500,1400-6-3,2021-08-25
143,ولساپا,ليزينگ رايان‌ سايپا,2884,44537910,146935075854,3284,3251,3321,37,1.13,3299,15,0.46,3200,3380,1400-6-3,2021-08-25
144,قرن,پديده شيمي قرن,2884,4777458,169141219770,34300,35900,36010,1710,4.99,35400,1100,3.21,34300,36010,1400-6-3,2021-08-25
145,حريل,ريل پردازسير,2838,50394629,232218814372,4418,4638,4638,220,4.98,4608,190,4.3,4501,4638,1400-6-3,2021-08-25
146,حپترو,حمل و نقل پتروشيمي( سهامي عام,2779,4832436,180760683730,36030,37770,37830,1800,5,37410,1380,3.83,36000,37830,1400-6-3,2021-08-25
147,خپارس,پارس‌ خودرو,2765,214525445,280082755492,1245,1300,1307,62,4.98,1306,61,4.9,1285,1307,1400-6-3,2021-08-25
148,ساوه,سيمان ساوه,2734,1491557,100380371426,70097,68320,67100,-2997,-4.28,67299,-2798,-3.99,66593,69125,1400-6-3,2021-08-25
149,كلر,كلر پارس,2733,1931677,241457409446,131424,129450,124853,-6571,-5,124999,-6425,-4.89,124853,129470,1400-6-3,2021-08-25
150,مدير,ص.س.مديريت ثروت ص.بازنشستگي-س,2713,11842538,140891619799,11551,11990,12197,646,5.59,11897,346,3,11552,12200,1400-6-3,2021-08-25
151,وگستر,گسترش سرمايه گذاري ايرانيان,2702,13353078,174210721908,12643,12716,13208,565,4.47,13046,403,3.19,12716,13269,1400-6-3,2021-08-25
152,غديس,پاكديس,2649,10072168,170082192456,17311,17398,16667,-644,-3.72,16886,-425,-2.46,16560,17398,1400-6-3,2021-08-25
153,پارس,پتروشيمي پارس,2632,1348193,296262904490,219570,225420,219570,0,0,219750,180,0.08,216650,225990,1400-6-3,2021-08-25
154,سصفها,سيمان‌اصفهان‌,2629,2463207,156534314780,63440,63840,64230,790,1.25,63550,110,0.17,61160,65490,1400-6-3,2021-08-25
155,فايرا,آلومينيوم‌ايران‌,2608,11606622,208766687290,17870,18200,17970,100,0.56,17990,120,0.67,17630,18420,1400-6-3,2021-08-25
156,ورنا,سرمايه‌گذاري‌ رنا(هلدينگ‌,2607,31363628,189077807510,5790,6000,6070,280,4.84,6030,240,4.15,5790,6070,1400-6-3,2021-08-25
157,ارفع,شركت آهن و فولاد ارفع,2600,9819424,174712448167,17227,17800,17581,354,2.05,17793,566,3.29,17410,18000,1400-6-3,2021-08-25
158,خكار,ايركا پارت صنعت,2588,10207657,176407952610,16770,17030,17600,830,4.95,17280,510,3.04,16570,17600,1400-6-3,2021-08-25
159,شپديس,پتروشيمي پرديس,2548,2336159,382287885040,167800,166190,163610,-4190,-2.5,163640,-4160,-2.48,162030,166190,1400-6-3,2021-08-25
160,زكوثر,سرمايه گذاري كشاورزي كوثر,2527,5485616,114170155160,20690,20920,21200,510,2.46,20810,120,0.58,20010,21360,1400-6-3,2021-08-25
161,ولغدر,ليزينگ‌خودروغدير,2526,6971520,113522305720,16230,16340,16000,-230,-1.42,16280,50,0.31,15880,16790,1400-6-3,2021-08-25
162,تبرك,گروه كارخانجات صنعتي تبرك,2503,6947835,105582286741,15137,15787,15130,-7,-0.05,15196,59,0.39,14800,15787,1400-6-3,2021-08-25
163,اعتماد,صندوق س.اعتماد آفرين پارسيان-د,2495,51265010,1965411523760,38301,38355,38341,40,0.1,38338,37,0.1,38335,38355,1400-6-3,2021-08-25
164,طلا,صندوق س.پشتوانه طلاي لوتوس,2463,2521474,220977114279,88732,87751,88200,-532,-0.6,87638,-1094,-1.23,86800,88298,1400-6-3,2021-08-25
165,خرينگ,رينگ‌سازي‌مشهد,2451,3141633,120080997590,37940,38010,39150,1210,3.19,38220,280,0.74,36210,39690,1400-6-3,2021-08-25
166,قلرست,قند لرستان‌,2449,4779429,141462376320,28600,29170,29940,1340,4.69,29600,1000,3.5,28620,30030,1400-6-3,2021-08-25
167,وهور,مديريت انرژي اميد  تابان هور,2433,65881897,115237603328,1737,1760,1750,13,0.75,1749,12,0.69,1700,1800,1400-6-3,2021-08-25
168,كگل,معدني و صنعتي گل گهر,2426,12916806,323223669940,24660,24840,25240,580,2.35,25020,360,1.46,24500,25300,1400-6-3,2021-08-25
169,خمحركه,نيرو محركه‌,2418,32254799,146329098801,4412,4405,4632,220,4.99,4537,125,2.83,4391,4632,1400-6-3,2021-08-25
170,وپاسار,بانك  پاسارگاد,2411,41610532,623423062290,14980,15000,14990,10,0.07,14980,0,0,14960,15150,1400-6-3,2021-08-25
171,غگلپا,شير پاستوريزه پگاه گلپايگان,2397,1771036,133293930435,74892,76999,75270,378,0.5,75263,371,0.5,72500,77140,1400-6-3,2021-08-25
172,خنصير,مهندسي‌نصيرماشين‌,2396,15424527,197977095460,12250,12670,12860,610,4.98,12840,590,4.82,12510,12860,1400-6-3,2021-08-25
173,ولصنم,ليزينگ‌صنعت‌ومعدن‌,2391,13961939,113971233140,8220,8210,8360,140,1.7,8160,-60,-0.73,8000,8430,1400-6-3,2021-08-25
174,بكام,كارخانجات توليدي شهيد قندي,2377,37788192,110489512335,2885,2950,2975,90,3.12,2924,39,1.35,2835,3020,1400-6-3,2021-08-25
175,چفيبر,فيبر ايران‌,2354,13972206,130950008290,9060,9480,9320,260,2.87,9370,310,3.42,9100,9510,1400-6-3,2021-08-25
176,بكهنوج,توليد برق ماهتاب كهنوج,2350,55024573,103129239084,1840,1870,1860,20,1.09,1874,34,1.85,1800,1920,1400-6-3,2021-08-25
177,تايرا,تراكتورسازي‌ايران‌,2344,8245911,238170346230,27850,29100,29240,1390,4.99,28880,1030,3.7,27000,29240,1400-6-3,2021-08-25
178,كچاد,معدني‌وصنعتي‌چادرملو,2342,6873145,206076399560,30050,30050,30020,-30,-0.1,29980,-70,-0.23,29670,30300,1400-6-3,2021-08-25
179,غسالم,سالمين‌,2340,22843553,89996495921,3850,3890,3969,119,3.09,3940,90,2.34,3830,4004,1400-6-3,2021-08-25
180,ونيرو,سرمايه‌گذاري‌نيرو,2340,33375573,107064588504,3285,3317,3240,-45,-1.37,3208,-77,-2.34,3151,3317,1400-6-3,2021-08-25
181,سيمرغ,سيمرغ,2330,10746678,224950440750,20170,20510,21170,1000,4.96,20930,760,3.77,20200,21170,1400-6-3,2021-08-25
182,مرقام,ايران‌ارقام‌,2323,6460915,115297421220,17870,17880,18010,140,0.78,17850,-20,-0.11,17160,18100,1400-6-3,2021-08-25
183,زاگرس,پتروشيمي زاگرس,2321,873051,230873799937,259501,268000,265600,6099,2.35,264445,4944,1.91,259044,268700,1400-6-3,2021-08-25
184,غگلستا,شير پاستوريزه پگاه گلستان,2306,5837357,111476152747,19142,19410,18960,-182,-0.95,19097,-45,-0.24,18790,19580,1400-6-3,2021-08-25
185,كسرام,پارس‌ سرام‌,2303,21001440,141265474650,6780,6870,6750,-30,-0.44,6730,-50,-0.74,6600,6900,1400-6-3,2021-08-25
186,وصنعت,سرمايه گذاري توسعه صنعت وتجارت,2300,21805070,147416103370,6540,6760,6860,320,4.89,6760,220,3.36,6520,6860,1400-6-3,2021-08-25
187,قجام,فرآوردههاي غذايي وقندتربت‌جام‌,2298,13357145,85282177975,6287,6309,6410,123,1.96,6385,98,1.56,6309,6412,1400-6-3,2021-08-25
188,سشرق,سيمان‌ شرق‌,2284,8381689,83434345850,9890,9890,9970,80,0.81,9950,60,0.61,9710,10210,1400-6-3,2021-08-25
189,تكمبا,كمباين‌ سازي‌ ايران‌,2283,16997827,130955431180,7660,7570,7740,80,1.04,7700,40,0.52,7330,7980,1400-6-3,2021-08-25
190,ثزاگرس,سرمايه گذاري توسعه عمران زاگرس,2281,2715727,144279278202,50725,53261,53261,2536,5,53127,2402,4.74,51010,53261,1400-6-3,2021-08-25
191,البرز,بيمه البرز,2252,60488236,169855629774,2726,2810,2850,124,4.55,2808,82,3.01,2760,2850,1400-6-3,2021-08-25
192,شپلي,پلي اكريل ايران,2233,20216554,252813380263,12151,12510,12515,364,3,12505,354,2.91,12350,12515,1400-6-3,2021-08-25
193,دتوليدح,ح. داروسازي توليد دارو,2227,7517875,80082067843,10252,10680,10764,512,4.99,10652,400,3.9,10276,10764,1400-6-3,2021-08-25
194,كسعدي,كاشي‌ سعدي‌,2221,8203526,109905272660,12980,13540,13620,640,4.93,13400,420,3.24,13000,13620,1400-6-3,2021-08-25
195,اطلس,صندوق س.توسعه اندوخته آينده-س,2216,821743,229862867851,281786,285001,280450,-1336,-0.47,279726,-2060,-0.73,275826,288000,1400-6-3,2021-08-25
196,آپ,آسان پرداخت پرشين,2206,14972383,226647672460,15160,15190,15110,-50,-0.33,15140,-20,-0.13,14600,15440,1400-6-3,2021-08-25
197,شفن,پتروشيمي فناوران,2202,476612,187537813790,390760,398990,395000,4240,1.09,393480,2720,0.7,382170,402070,1400-6-3,2021-08-25
198,ثنور,سرمايه گذاري كوه نور,2201,14574424,107741059960,7308,7399,7527,219,3,7392,84,1.15,7190,7527,1400-6-3,2021-08-25
199,گكوثر,هتل پارسيان كوثر اصفهان,2178,56349668,144302620216,2448,2570,2570,122,4.98,2561,113,4.62,2480,2570,1400-6-3,2021-08-25
200,شيراز,پتروشيمي‌شيراز,2123,4003695,313613632800,81390,83000,78580,-2810,-3.45,78330,-3060,-3.76,77500,83000,1400-6-3,2021-08-25
201,قرنح,ح . پديده شيمي قرن,2112,4570430,132742821380,28020,29000,29560,1540,5.5,29040,1020,3.64,27520,30390,1400-6-3,2021-08-25
202,چافست,افست‌,2095,6241351,104810105100,16310,16780,17120,810,4.97,16790,480,2.94,15820,17120,1400-6-3,2021-08-25
203,وملل,اعتباري ملل,2094,20027327,248612170770,12200,12290,12810,610,5,12414,214,1.75,12129,12810,1400-6-3,2021-08-25
204,وپست,پست بانك ايران,2091,7038777,150377897400,21410,21580,21800,390,1.82,21360,-50,-0.23,20900,22050,1400-6-3,2021-08-25
205,رمپنا,گروه مپنا (سهامي عام),2078,8529091,168557830010,19830,20420,19800,-30,-0.15,19760,-70,-0.35,19200,20420,1400-6-3,2021-08-25
206,شجم,صنايع پتروشيمي تخت جمشيد,2054,24439643,358991298230,14375,14806,14469,94,0.65,14689,314,2.18,13950,14806,1400-6-3,2021-08-25
207,وآذر,سرمايه‌گذاري‌توسعه‌آذربايجان‌,2032,1849396,143476819390,74670,76700,77900,3230,4.33,77580,2910,3.9,75790,77990,1400-6-3,2021-08-25
208,تاصيكو,سرمايه گذاري صدرتامين,2016,13111745,151209255200,11730,11770,11500,-230,-1.96,11530,-200,-1.71,11350,11770,1400-6-3,2021-08-25
209,فسرب,ملي‌ سرب‌وروي‌ ايران‌,2016,1398030,119359952170,87540,87540,84810,-2730,-3.12,85380,-2160,-2.47,84500,87870,1400-6-3,2021-08-25
210,ثرود,سرمايه‌گذاري مسكن زاينده رود,2015,6322639,95652084768,15184,15600,15180,-4,-0.03,15129,-55,-0.36,14510,15700,1400-6-3,2021-08-25
211,دامين,داروسازي‌ امين‌,2014,20283306,82871458037,3859,4100,4157,298,7.72,4086,227,5.88,3930,4160,1400-6-3,2021-08-25
212,دانا,بيمه دانا,2013,16417601,97784821740,6070,6100,5960,-110,-1.81,5960,-110,-1.81,5820,6100,1400-6-3,2021-08-25
213,خمهر,مهركام‌پارس‌,2007,47088441,110667898519,2338,2368,2420,82,3.51,2350,12,0.51,2248,2420,1400-6-3,2021-08-25
214,غالبر,لبنيات‌ كالبر,1985,6702003,85410794880,12740,12800,12900,160,1.26,12740,0,0,12490,13190,1400-6-3,2021-08-25
215,فاسمين,كالسيمين‌,1984,7888910,143965776720,18140,18410,18350,210,1.16,18250,110,0.61,18010,18750,1400-6-3,2021-08-25
216,خاذين,سايپاآذين‌,1975,34467239,133801405128,3766,3780,3954,188,4.99,3882,116,3.08,3650,3954,1400-6-3,2021-08-25
217,شپارس,بين‌ المللي‌ محصولات‌  پارس‌,1940,6585367,104334037310,15480,15840,16040,560,3.62,15840,360,2.33,15270,16200,1400-6-3,2021-08-25
218,زبينا,كشاورزي و دامپروري بينالود,1938,31858787,106841881989,3266,3340,3397,131,4.01,3354,88,2.69,3200,3429,1400-6-3,2021-08-25
219,ونفت,سرمايه‌گذاري‌ صنعت‌ نفت‌,1892,12745482,242992535870,18400,18630,18920,520,2.83,19060,660,3.59,18000,19320,1400-6-3,2021-08-25
220,اميد,تامين سرمايه اميد,1878,16243035,100431696940,6260,6150,6250,-10,-0.16,6180,-80,-1.28,6000,6400,1400-6-3,2021-08-25
221,سامان,بانك سامان,1854,41236118,417122789527,9656,10138,10138,482,4.99,10115,459,4.75,9680,10138,1400-6-3,2021-08-25
222,شاوان,پالايش نفت لاوان,1845,4212225,450356636696,106742,107000,108700,1958,1.83,106917,175,0.16,103810,109200,1400-6-3,2021-08-25
223,وتوكا,سرمايه‌گذاري‌توكافولاد(هلدينگ,1831,12610654,147911745160,11860,12100,11700,-160,-1.35,11730,-130,-1.1,11400,12100,1400-6-3,2021-08-25
224,كگهر,سنگ آهن گهرزمين,1819,4833454,244141648259,50655,50666,49700,-955,-1.89,50511,-144,-0.28,49000,50960,1400-6-3,2021-08-25
225,فسپا,گروه‌صنعتي‌سپاهان‌,1810,3352323,156874929050,47400,48000,47050,-350,-0.74,46800,-600,-1.27,46110,48380,1400-6-3,2021-08-25
226,پرداخت,به پرداخت ملت,1809,3507976,75844403970,21890,22700,21500,-390,-1.78,21620,-270,-1.23,20800,22700,1400-6-3,2021-08-25
227,ميهن,بيمه ميهن,1801,16863992,63851092058,3870,3990,3800,-70,-1.81,3786,-84,-2.17,3700,3990,1400-6-3,2021-08-25
228,فنوال,نورد آلومينيوم‌,1798,6149715,192361140490,29810,31300,31300,1490,5,31280,1470,4.93,30400,31300,1400-6-3,2021-08-25
229,نطرين,عطرين نخ قم,1795,8069710,69389764337,8588,8700,8701,113,1.32,8599,11,0.13,8410,8749,1400-6-3,2021-08-25
230,ولتجارح,ح.واسپا تجارت وسرمايه ايرانيان,1792,59094479,133563088483,2327,2258,2269,-58,-2.49,2260,-67,-2.88,2258,2300,1400-6-3,2021-08-25
231,سيلام,سيمان‌ ايلام‌,1788,8207094,72838036080,9200,9200,8890,-310,-3.37,8880,-320,-3.48,8740,9200,1400-6-3,2021-08-25
232,ثمسكن,سرمايه‌گذاري‌ مسكن‌,1782,25388063,143971146256,5580,5500,5858,278,4.98,5671,91,1.63,5380,5859,1400-6-3,2021-08-25
233,كپارس,كاشي‌ پارس‌,1767,1318121,162820971510,117890,123760,123780,5890,5,123530,5640,4.78,118000,123780,1400-6-3,2021-08-25
234,واميد,گروه مديريت سرمايه گذاري اميد,1749,20858203,282843069290,13070,13010,13720,650,4.97,13560,490,3.75,12900,13720,1400-6-3,2021-08-25
235,وآوا,سرمايه گذاري آوا نوين,1743,16924970,98507702764,5575,5700,5853,278,4.99,5820,245,4.39,5653,5853,1400-6-3,2021-08-25
236,لپارس,پارس‌ الكتريك‌,1731,1535385,150327763440,93530,96000,98200,4670,4.99,97910,4380,4.68,95000,98200,1400-6-3,2021-08-25
237,خكرمان,گروه اقتصادي كرمان خودرو,1722,20823941,87380983343,4066,4180,4269,203,4.99,4196,130,3.2,4000,4269,1400-6-3,2021-08-25
238,كيسون,شركت كيسون,1713,18017262,163369775783,8897,9070,9074,177,1.99,9067,170,1.91,8930,9074,1400-6-3,2021-08-25
239,حتايد,تايدواترخاورميانه,1703,3908006,105706007090,27170,27700,27300,130,0.48,27050,-120,-0.44,26530,27970,1400-6-3,2021-08-25
240,فاهواز,نورد و لوله اهواز,1690,13636818,101267191625,7501,7426,7426,-75,-1,7426,-75,-1,7426,7440,1400-6-3,2021-08-25
241,فولاژ,فولاد آلياژي ايران,1680,6360267,121705550810,18920,19280,18980,60,0.32,19140,220,1.16,18400,19700,1400-6-3,2021-08-25
242,شخارك,پتروشيمي‌ خارك‌,1657,2617373,137869692070,50750,51200,53280,2530,4.99,52670,1920,3.78,51200,53280,1400-6-3,2021-08-25
243,كيميا,معدني كيمياي زنجان گستران,1656,7772617,128020722866,16107,16891,16299,192,1.19,16471,364,2.26,16208,16891,1400-6-3,2021-08-25
244,زدشت,كشت و صنعت دشت خرم دره,1646,3309679,80374991276,24826,24800,24330,-496,-2,24285,-541,-2.18,23790,24800,1400-6-3,2021-08-25
245,غمينو,شركت صنايع غذايي مينو شرق,1645,10480974,93074087886,8744,9110,9067,323,3.69,8880,136,1.56,8660,9151,1400-6-3,2021-08-25
246,غمهرا,توليدي‌مهرام‌,1640,1315224,88609651210,68840,70000,68750,-90,-0.13,67370,-1470,-2.14,65400,70000,1400-6-3,2021-08-25
247,كروي,توسعه‌ معادن‌ روي‌ ايران‌,1638,5392821,153541739050,28050,29390,28330,280,1,28470,420,1.5,28000,29390,1400-6-3,2021-08-25
248,شكربن,كربن‌ ايران‌,1635,2689297,314469413400,111380,116940,116940,5560,4.99,116930,5550,4.98,114000,116940,1400-6-3,2021-08-25
249,سصوفي,سيمان‌ صوفيان‌,1634,3354492,76281851260,23020,23130,22910,-110,-0.48,22740,-280,-1.22,22200,23150,1400-6-3,2021-08-25
250,وبيمه,سرمايه‌ گذاري‌ صنعت‌ بيمه‌,1632,32180705,68577895013,2080,2179,2113,33,1.59,2131,51,2.45,2081,2180,1400-6-3,2021-08-25
251,ارزش,صندوق س ارزش آفرين بيدار-سهام,1631,8437782,101906444170,11890,12110,12200,310,2.61,12080,190,1.6,11830,12290,1400-6-3,2021-08-25
252,واتي,سرمايه‌ گذاري‌ آتيه‌ دماوند,1627,16084483,219602569330,13450,13270,14100,650,4.83,13650,200,1.49,12880,14120,1400-6-3,2021-08-25
253,تاپكيش,تجارت الكترونيك پارسيان كيش,1626,5782385,77094017438,13616,13750,13374,-242,-1.78,13333,-283,-2.08,13010,13750,1400-6-3,2021-08-25
254,فپنتا,سپنتا,1620,455892,271267089440,567100,593000,595450,28350,5,595020,27920,4.92,577000,595450,1400-6-3,2021-08-25
255,سفار,سيمان‌فارس‌,1618,682406,65733165470,93740,97000,94030,290,0.31,96330,2590,2.76,93800,98410,1400-6-3,2021-08-25
256,قشكر,شكرشاهرود,1610,23367234,87612048628,3734,3900,3705,-29,-0.78,3749,15,0.4,3613,3900,1400-6-3,2021-08-25
257,فباهنر,مس‌ شهيدباهنر,1610,2385733,74204259650,30020,30090,31380,1360,4.53,31100,1080,3.6,30090,31520,1400-6-3,2021-08-25
258,سبهان,سيمان‌ بهبهان‌,1601,1383284,100369203600,69330,72780,72790,3460,4.99,72560,3230,4.66,70950,72790,1400-6-3,2021-08-25
259,دزهراوي,داروسازي‌زهراوي‌,1582,8558151,61857348540,7120,7390,7270,150,2.11,7230,110,1.54,6920,7390,1400-6-3,2021-08-25
260,كاما,باما,1581,27269068,363769367120,12710,13340,13340,630,4.96,13340,630,4.96,13340,13340,1400-6-3,2021-08-25
261,نوين,بيمه نوين,1569,13211951,77001431433,5979,5920,5860,-119,-1.99,5828,-151,-2.53,5754,5950,1400-6-3,2021-08-25
262,غويتا,ويتانا,1559,9969850,93649384794,9011,9199,9461,450,4.99,9393,382,4.24,9012,9461,1400-6-3,2021-08-25
263,دلقما,دارويي‌ لقمان‌,1552,2195794,83868800850,38490,38500,38490,0,0,38200,-290,-0.75,37000,39090,1400-6-3,2021-08-25
264,بالبر,كابل‌ البرز,1534,3500708,145432605890,40050,40210,42050,2000,4.99,41540,1490,3.72,40210,42050,1400-6-3,2021-08-25
265,سمايه,بانك سرمايه,1525,10283642,48818360656,4837,4950,4800,-37,-0.76,4747,-90,-1.86,4692,4950,1400-6-3,2021-08-25
266,غشاذر,پگاه‌آذربايجان‌غربي‌,1521,9159921,74782827480,7830,8090,8220,390,4.98,8160,330,4.21,7860,8220,1400-6-3,2021-08-25
267,بشهاب,لامپ‌  پارس‌ شهاب‌,1519,1593010,214214783280,128230,134640,134640,6410,5,134470,6240,4.87,130000,134640,1400-6-3,2021-08-25
268,كساوه,صنايع‌ كاشي‌ و سراميك‌ سينا,1518,2637174,143438158890,51830,54420,54420,2590,5,54390,2560,4.94,52960,54420,1400-6-3,2021-08-25
269,تليسه,دامداري تليسه نمونه,1516,41315678,167799428001,3870,4063,4063,193,4.99,4061,191,4.94,4000,4063,1400-6-3,2021-08-25
270,ريشمك,توليد و صادرات ريشمك,1509,2107423,93469022622,43087,43253,44772,1685,3.91,44352,1265,2.94,43253,45000,1400-6-3,2021-08-25
271,وپترو,سرمايه‌گذاري صنايع پتروشيمي‌,1506,6555259,106358596200,16070,16070,16130,60,0.37,16220,150,0.93,15860,16600,1400-6-3,2021-08-25
272,سدور,سيمان‌ دورود,1504,8487363,84956910030,10120,10200,10050,-70,-0.69,10010,-110,-1.09,9810,10290,1400-6-3,2021-08-25
273,ولانا,شركت ليزينگ آريا دانا,1498,2718189,68991290765,25402,25810,25600,198,0.78,25381,-21,-0.08,25000,25810,1400-6-3,2021-08-25
274,حسير,ريل سير كوثر,1494,8781059,277272545290,30199,31650,31708,1509,5,31576,1377,4.56,30000,31708,1400-6-3,2021-08-25
275,پكوير,كوير تاير,1486,4136639,70135184270,17260,17380,16900,-360,-2.09,16950,-310,-1.8,16580,17380,1400-6-3,2021-08-25
276,فرآور,فرآوري‌موادمعدني‌ايران‌,1486,3576261,127340271340,35120,35100,35110,-10,-0.03,35610,490,1.4,35090,36670,1400-6-3,2021-08-25
277,زشگزا,شير و گوشت زاگرس شهركرد,1466,10995328,77444794506,7112,7176,7119,7,0.1,7043,-69,-0.97,6850,7250,1400-6-3,2021-08-25
278,ومهان,گروه توسعه مالي مهر آيندگان,1464,6181711,106152252024,17206,17232,17200,-6,-0.03,17172,-34,-0.2,17000,17440,1400-6-3,2021-08-25
279,سدبير,س. تدبيرگران فارس وخوزستان,1432,1857955,85976726205,46136,46170,45731,-405,-0.88,46275,139,0.3,45040,47200,1400-6-3,2021-08-25
280,كسرا,سراميك‌هاي‌صنعتي‌اردكان‌,1427,5934395,117048041410,19520,20390,19880,360,1.84,19720,200,1.02,19120,20390,1400-6-3,2021-08-25
281,شلرد,كود شيميايي اوره لردگان,1425,18651644,185934828371,9684,9974,9974,290,2.99,9969,285,2.94,9831,9974,1400-6-3,2021-08-25
282,وخاور,بانك خاورميانه,1417,19341182,131286503160,6580,6730,6890,310,4.71,6790,210,3.19,6510,6900,1400-6-3,2021-08-25
283,وسكاب,س.ص.بازنشستگي كاركنان بانكها,1415,18236280,60877652242,3344,3400,3376,32,0.96,3338,-6,-0.18,3250,3420,1400-6-3,2021-08-25
284,سمازن,سيمان‌مازندران‌,1408,6087450,101451513610,17150,16790,16800,-350,-2.04,16670,-480,-2.8,16460,17000,1400-6-3,2021-08-25
285,وبوعلي,سرمايه‌گذاري‌بوعلي‌,1407,12448181,62894509856,5011,5150,5079,68,1.36,5053,42,0.84,4900,5249,1400-6-3,2021-08-25
286,گشان,توسعه بين المللي پديده شانديز,1394,3716654,84887585285,22566,22250,23017,451,2,22840,274,1.21,22210,23017,1400-6-3,2021-08-25
287,حتوكا,حمل‌ونقل‌توكا,1392,4480771,93757202490,20040,20330,21040,1000,4.99,20920,880,4.39,20250,21040,1400-6-3,2021-08-25
288,نمرينو,ايران‌ مرينوس‌,1387,589969,69424508890,123090,121680,116940,-6150,-5,117670,-5420,-4.4,116940,121680,1400-6-3,2021-08-25
289,بزاگرس,نيروگاه زاگرس كوثر,1377,9703701,53229845452,5433,5609,5533,100,1.84,5486,53,0.98,5320,5619,1400-6-3,2021-08-25
290,خموتور,موتورسازان‌تراكتورسازي‌ايران‌,1368,6504745,75373846730,11220,10930,11780,560,4.99,11590,370,3.3,10930,11780,1400-6-3,2021-08-25
291,والبر,سرمايه‌ گذاري‌ البرز(هلدينگ‌,1365,17079060,181600631550,10160,10540,10660,500,4.92,10630,470,4.63,10220,10660,1400-6-3,2021-08-25
292,ساربيل,سيمان آرتا اردبيل,1362,1549319,61869267200,40690,41030,39880,-810,-1.99,39930,-760,-1.87,39160,41290,1400-6-3,2021-08-25
293,آوا,صندوق س.سهام آواي معيار-س,1357,5956917,50322991305,8337,8477,8611,274,3.29,8448,111,1.33,8200,8611,1400-6-3,2021-08-25
294,فجام,جام‌دارو,1356,7537865,56120551160,7300,7500,7370,70,0.96,7450,150,2.05,7330,7660,1400-6-3,2021-08-25
295,بسويچ,پارس‌سويچ‌,1355,2394866,63719230680,25870,25570,27160,1290,4.99,26610,740,2.86,24580,27160,1400-6-3,2021-08-25
296,ودي,بيمه  دي,1344,8026058,69974194183,8845,8999,8669,-176,-1.99,8718,-127,-1.44,8622,8999,1400-6-3,2021-08-25
297,لخانه,لوازم‌ خانگي‌ پارس‌,1339,2834563,64251223706,23207,22511,22560,-647,-2.79,22667,-540,-2.33,22511,23150,1400-6-3,2021-08-25
298,شبهرن,نفت‌ بهران‌,1329,4694213,66800924880,14370,14700,14170,-200,-1.39,14230,-140,-0.97,13970,14700,1400-6-3,2021-08-25
299,كوثر,بيمه كوثر,1327,5807950,85038659764,14411,14690,14670,259,1.8,14642,231,1.6,14550,14900,1400-6-3,2021-08-25
300,غشان,شيرپاستوريزه‌پگاه‌خراسان‌,1320,12316185,76725731080,6460,6590,6250,-210,-3.25,6230,-230,-3.56,6140,6590,1400-6-3,2021-08-25
301,ومعلم,بيمه معلم,1304,11792698,52167524159,4267,4430,4479,212,4.97,4424,157,3.68,4310,4480,1400-6-3,2021-08-25
302,وصنا,گروه‌صنايع‌بهشهرايران‌,1304,9390474,77615194820,8150,8490,8250,100,1.23,8270,120,1.47,8050,8490,1400-6-3,2021-08-25
303,ثغرب,شركت سرمايه گذاري مسكن شمالغرب,1302,7036609,44795823216,6324,6490,6326,2,0.03,6366,42,0.66,6150,6540,1400-6-3,2021-08-25
304,كاذر,فرآورده‌هاي‌نسوزآذر,1300,5712874,106159077860,18490,19200,18550,60,0.32,18580,90,0.49,18000,19200,1400-6-3,2021-08-25
305,افران,صندوق س افرا نماد پايدار-ثابت,1294,46820481,659738960777,14083,14093,14092,9,0.06,14091,8,0.06,14089,14093,1400-6-3,2021-08-25
306,خفنر,فنرسازي‌خاور,1289,8780823,68266344980,7890,7890,7900,10,0.13,7770,-120,-1.52,7590,8000,1400-6-3,2021-08-25
307,رنيك,جنرال مكانيك,1274,2659610,50702728875,18830,19010,19100,270,1.43,19064,234,1.24,18500,19570,1400-6-3,2021-08-25
308,غاذر,كشت‌وصنعت‌پياذر,1272,2073235,57524603340,27590,28600,27800,210,0.76,27750,160,0.58,27010,28600,1400-6-3,2021-08-25
309,قاسم,قاسم ايران,1272,4783774,46847578690,9763,9590,9720,-43,-0.44,9793,30,0.31,9590,10079,1400-6-3,2021-08-25
310,ديران,ايران‌دارو,1269,4338911,98843101560,21750,22800,22830,1080,4.97,22780,1030,4.74,21830,22830,1400-6-3,2021-08-25
311,زنگان,صنعت روي زنگان,1265,874979,57712450091,65769,67000,65401,-368,-0.56,65959,190,0.29,64200,67500,1400-6-3,2021-08-25
312,شتوكا,توكا رنگ فولاد سپاهان,1265,1931922,70373789977,36084,36000,36390,306,0.85,36427,343,0.95,35500,37300,1400-6-3,2021-08-25
313,فسازان,غلتك سازان سپاهان,1263,2827549,100789176710,34780,35300,36110,1330,3.82,35650,870,2.5,34930,36480,1400-6-3,2021-08-25
314,ثشرق,سرمايه گذاري مسكن شمال شرق,1251,13655741,79661356700,5610,5880,5890,280,4.99,5830,220,3.92,5710,5890,1400-6-3,2021-08-25
315,تيپيكو,سرمايه گذاري دارويي تامين,1249,5499033,120566802160,21030,21970,22080,1050,4.99,21930,900,4.28,21300,22080,1400-6-3,2021-08-25
316,فخاس,فولاد خراسان,1245,2473855,71155846310,29290,30100,28160,-1130,-3.86,28940,-350,-1.19,28020,30350,1400-6-3,2021-08-25
317,لابسا,آبسال‌,1242,1947401,80812682260,41920,42970,42010,90,0.21,41500,-420,-1,40470,43000,1400-6-3,2021-08-25
318,خاور,ايران خودرو ديزل,1241,10070715,78222375742,7564,7770,7790,226,2.99,7767,203,2.68,7650,7790,1400-6-3,2021-08-25
319,زمگسا,كشاورزي‌ ودامپروي‌ مگسال‌,1239,2511527,79440458020,30530,31990,32050,1520,4.98,31630,1100,3.6,30200,32050,1400-6-3,2021-08-25
320,فكمند,گسترش قطعه سازي كمند,1236,2876857,94256615962,33322,34321,32400,-922,-2.77,32764,-558,-1.67,32323,34321,1400-6-3,2021-08-25
321,حسينا,توسعه خدمات دريايي وبندري سينا,1233,1606394,105210018475,65694,67900,64930,-764,-1.16,65495,-199,-0.3,64000,68000,1400-6-3,2021-08-25
322,داوه,داروسازي آوه سينا,1232,5227759,97183469598,17751,18500,18638,887,5,18590,839,4.73,17800,18638,1400-6-3,2021-08-25
323,دسانكو,داروسازي سبحان انكولوژي,1224,9187969,112266941421,11663,11631,12246,583,5,12219,556,4.77,11631,12246,1400-6-3,2021-08-25
324,قچار,فراوردههاي غذايي وقند چهارمحال,1219,4040575,71505301192,16957,17804,17804,847,4.99,17697,740,4.36,17150,17804,1400-6-3,2021-08-25
325,پلاسك,پلاسكوكار,1209,9829858,74333913120,7240,7280,7600,360,4.97,7560,320,4.42,7240,7600,1400-6-3,2021-08-25
326,جم,پتروشيمي جم,1208,4081009,200576290830,49560,50000,49800,240,0.48,49150,-410,-0.83,48310,50000,1400-6-3,2021-08-25
327,سپاها,سيمان‌سپاهان‌,1198,7503381,79388482560,10540,10500,10670,130,1.23,10580,40,0.38,10300,10790,1400-6-3,2021-08-25
328,وپخش,داروپخش‌ (هلدينگ‌,1196,2414105,85572897640,33950,35610,35640,1690,4.98,35450,1500,4.42,34000,35640,1400-6-3,2021-08-25
329,جم پيلن,پلي پروپيلن جم - جم پيلن,1187,1071249,123971300900,116650,118990,115580,-1070,-0.92,115730,-920,-0.79,114510,119780,1400-6-3,2021-08-25
330,شبصير,توليدات پتروشيمي قائد بصير,1177,1371120,145461470603,104722,104900,107897,3175,3.03,106090,1368,1.31,104500,109000,1400-6-3,2021-08-25
331,كمنگنز,معادن‌منگنزايران‌,1175,1288295,113431927590,83980,85000,88160,4180,4.98,88050,4070,4.85,85000,88170,1400-6-3,2021-08-25
332,تيپيكوح,ح . سرمايه گذاري دارويي تامين,1173,3587063,69463148310,19060,19110,19600,540,2.83,19360,300,1.57,18590,19900,1400-6-3,2021-08-25
333,ولشرق,ليزينگ ايران و شرق,1170,8983851,59853184156,6451,6501,6773,322,4.99,6662,211,3.27,6462,6773,1400-6-3,2021-08-25
334,حبندر,دريايي و کشتيراني خط دريابندر,1165,2486790,85922094319,33768,33768,34780,1012,3,34551,783,2.32,33092,34781,1400-6-3,2021-08-25
335,اپرداز,آتيه داده پرداز,1165,2424594,54419578989,22943,22800,22430,-513,-2.24,22445,-498,-2.17,22000,23200,1400-6-3,2021-08-25
336,داسوه,داروسازي‌ اسوه‌,1164,2333255,71922261820,30120,30690,30410,290,0.96,30820,700,2.32,30360,31620,1400-6-3,2021-08-25
337,سلار,شركت سيمان لارستان,1152,3043843,116296254478,38022,36882,39162,1140,3,38207,185,0.49,36882,39162,1400-6-3,2021-08-25
338,دكپسول,توليد ژلاتين كپسول ايران,1149,2388559,84018729001,33965,34120,35663,1698,5,35175,1210,3.56,33760,35663,1400-6-3,2021-08-25
339,كاردان,صندوق س تجارت شاخصي كاردان,1137,588359,132924363000,222060,225800,227920,5860,2.64,225920,3860,1.74,218550,228900,1400-6-3,2021-08-25
340,آ س پ,آ.س.پ,1137,3783910,36373762611,9583,9750,9672,89,0.93,9613,30,0.31,9472,9750,1400-6-3,2021-08-25
341,ما,بيمه  ما,1129,7014945,60889935040,8350,8520,8760,410,4.91,8680,330,3.95,8420,8760,1400-6-3,2021-08-25
342,زقيام,كشت و دام قيام اصفهان,1129,2369607,52620156220,22103,22700,22470,367,1.66,22206,103,0.47,21600,22700,1400-6-3,2021-08-25
343,والبرح,ح . سرمايه گذاري‌البرز(هلدينگ‌,1120,3469532,30292421544,8201,8110,9020,819,9.99,8731,530,6.46,8110,9021,1400-6-3,2021-08-25
344,ساراب,سيمان‌ داراب‌,1119,2592538,50511550210,19910,19980,19350,-560,-2.81,19480,-430,-2.16,19000,19980,1400-6-3,2021-08-25
345,كساپا,سايپاشيشه‌,1112,2090207,45579169010,21580,21900,22230,650,3.01,21810,230,1.07,21150,22640,1400-6-3,2021-08-25
346,دكوثر,داروسازي‌ كوثر,1103,8958884,45381027994,4907,5087,5150,243,4.95,5065,158,3.22,4920,5152,1400-6-3,2021-08-25
347,سيدكو,سرمايه گذاري توسعه صنايع سيمان,1102,4793387,38714586760,7920,7920,8300,380,4.8,8080,160,2.02,7820,8310,1400-6-3,2021-08-25
348,خريخت,صنايع‌ريخته‌گري‌ايران‌,1102,21903319,77232212642,3429,3600,3600,171,4.99,3526,97,2.83,3258,3600,1400-6-3,2021-08-25
349,سخاش,سيمان‌خاش‌,1095,389128,46557388330,118620,123000,120580,1960,1.65,119650,1030,0.87,116000,123000,1400-6-3,2021-08-25
350,درهآور,دارويي ره آورد تامين,1093,2180865,62982424375,28471,28920,29180,709,2.49,28880,409,1.44,28295,29300,1400-6-3,2021-08-25
351,پاسا,ايران‌ياساتايرورابر,1089,4774286,119568525310,25120,25900,24810,-310,-1.23,25040,-80,-0.32,24510,25900,1400-6-3,2021-08-25
352,وساشرقي,شركت س استان آذربايجان شرقي,1088,44573883,32766850317,748,731,736,-12,-1.6,741,-7,-0.94,721,765,1400-6-3,2021-08-25
353,وسبحان,سرمايه گذاري سبحان,1088,18750586,65224107713,3468,3547,3520,52,1.5,3479,11,0.32,3380,3547,1400-6-3,2021-08-25
354,خكمك,كمك‌فنرايندامين‌,1087,3242906,69688134570,20680,21690,21710,1030,4.98,21490,810,3.92,20690,21710,1400-6-3,2021-08-25
355,فوكا,فولاد كاويان,1087,12710433,223574966703,17099,17611,17600,501,2.93,17590,491,2.87,16800,17611,1400-6-3,2021-08-25
356,فلات,گروه صنايع معادن فلات ايرانيان,1087,4665199,65673713751,13686,14096,14096,410,3,14077,391,2.86,13701,14096,1400-6-3,2021-08-25
357,وسگيلا,شركت س استان گيلان,1086,51772523,35857302009,691,691,691,0,0,692,1,0.14,662,723,1400-6-3,2021-08-25
358,فنورد,نوردوقطعات‌ فولادي‌,1077,296266,67683501010,231470,231000,227850,-3620,-1.56,228460,-3010,-1.3,223700,238900,1400-6-3,2021-08-25
359,چكارن,كارتن‌ ايران‌,1066,63123969,196607281611,2967,3114,3115,148,4.99,3115,148,4.99,3060,3115,1400-6-3,2021-08-25
360,وآرين,شركت توسعه اقتصادي آرين,1064,15344583,49017377589,3133,3210,3195,62,1.98,3194,61,1.95,3114,3226,1400-6-3,2021-08-25
361,پكرمان,گروه‌ صنعتي‌ بارز,1061,1984525,59034941180,30590,29700,29630,-960,-3.14,29750,-840,-2.75,29320,30440,1400-6-3,2021-08-25
362,غمارگ,مارگارين‌,1057,3395103,112692175920,33120,33250,34000,880,2.66,33190,70,0.21,32630,34100,1400-6-3,2021-08-25
363,غبشهر,صنعتي‌ بهشهر,1048,2982135,86821479940,29820,30000,28550,-1270,-4.26,29110,-710,-2.38,28330,30000,1400-6-3,2021-08-25
364,كگاز,شيشه‌ و گاز,1044,3749740,76258733170,19720,19770,20700,980,4.97,20340,620,3.14,19180,20700,1400-6-3,2021-08-25
365,دفارا,داروسازي‌ فارابي‌,1037,3390971,69804096670,19960,20880,20940,980,4.91,20590,630,3.16,20020,20950,1400-6-3,2021-08-25
366,بهپاك,صنعتي بهپاك,1037,7092154,54919531486,7895,8000,7746,-149,-1.89,7744,-151,-1.91,7600,8000,1400-6-3,2021-08-25
367,لازما,كارخانه هاي صنعتي آزمايش,1027,3258016,76297437880,22818,22400,23502,684,3,23418,600,2.63,22400,23502,1400-6-3,2021-08-25
368,بنو,بيمه تجارت نو,1022,7761781,113032146474,14556,14700,14560,4,0.03,14563,7,0.05,14556,14700,1400-6-3,2021-08-25
369,رتاپ,تجارت الكترونيك  پارسيان,1015,5932869,40276654530,6830,6830,6760,-70,-1.02,6790,-40,-0.59,6500,6980,1400-6-3,2021-08-25
370,بالاس,مهندسي ساختمان تاسيسات راه آهن,1012,1371790,52257615848,37679,38150,38790,1111,2.95,38094,415,1.1,36810,38790,1400-6-3,2021-08-25
371,تسه0004,امتيازتسهيلات مسكن تير1400,1010,21123,12808774105,628957,615000,597510,-31447,-5,606390,-22567,-3.59,597510,615000,1400-6-3,2021-08-25
372,ددام,داروسازي زاگرس فارمد پارس,1007,5858636,79630487900,12970,13600,13610,640,4.93,13590,620,4.78,13260,13610,1400-6-3,2021-08-25
373,خچرخش,چرخشگر,1005,6295253,71405189130,11080,11200,11630,550,4.96,11340,260,2.35,10800,11630,1400-6-3,2021-08-25
374,سرچشمه,سرمايه گذاري مس سرچشمه,995,4958721,37437113138,7609,7600,7530,-79,-1.04,7550,-59,-0.78,7416,7700,1400-6-3,2021-08-25
375,شپاكسا,پاكسان‌,995,2593949,62651725400,23980,25000,24040,60,0.25,24150,170,0.71,23610,25000,1400-6-3,2021-08-25
376,بنيرو,نيروترانس‌,994,17029271,48145857680,2715,2845,2850,135,4.97,2827,112,4.13,2730,2850,1400-6-3,2021-08-25
377,ساروم,سيمان‌اروميه‌,990,1418929,61638158010,44290,43800,43630,-660,-1.49,43440,-850,-1.92,42870,44000,1400-6-3,2021-08-25
378,سكرد,سيمان كردستان,988,4897809,36200737890,7380,7690,7380,0,0,7390,10,0.14,7130,7690,1400-6-3,2021-08-25
379,سفانو,سيمان فارس نو,984,2084589,67244030540,33550,33600,31880,-1670,-4.98,32260,-1290,-3.85,31880,34730,1400-6-3,2021-08-25
380,بفجر,فجر انرژي خليج فارس,982,2264754,70488441400,31140,30660,31690,550,1.77,31130,-10,-0.03,30010,31890,1400-6-3,2021-08-25
381,فروس,فروسيليس‌ ايران‌,976,14002218,88050643880,6000,6100,6300,300,5,6290,290,4.83,6100,6300,1400-6-3,2021-08-25
382,كاريس,صندوق س.سپهر كاريزما-س,973,4420885,67743384445,15282,15500,15469,187,1.22,15323,41,0.27,15060,15500,1400-6-3,2021-08-25
383,زشريف,كشت وصنعت شريف آباد,973,8289297,46917743626,5638,5490,5797,159,2.82,5660,22,0.39,5490,5797,1400-6-3,2021-08-25
384,شكلر,نيروكلر,971,1085527,46608208910,43550,43600,43000,-550,-1.26,42940,-610,-1.4,42030,44460,1400-6-3,2021-08-25
385,ركيش,كارت اعتباري ايران كيش,967,6279814,46292961270,7180,7390,7400,220,3.06,7370,190,2.65,7190,7470,1400-6-3,2021-08-25
386,آبين,كشت و صنعت آبشيرين,964,11404550,30271952077,2610,2646,2662,52,1.99,2654,44,1.69,2560,2662,1400-6-3,2021-08-25
387,قنقش,قند نقش جهان,963,864615,54457053235,62780,61530,64035,1255,2,62984,204,0.32,61525,64035,1400-6-3,2021-08-25
388,ختراك,ريخته‌گري‌ تراكتورسازي‌ ايران‌,958,4790344,66186637210,13260,13290,13920,660,4.98,13820,560,4.22,13290,13920,1400-6-3,2021-08-25
389,خاهن,آهنگري‌ تراكتورسازي‌ ايران‌,956,7663193,64056013560,8140,8200,8540,400,4.91,8360,220,2.7,8060,8540,1400-6-3,2021-08-25
390,وسرمد,بيمه  سرمد,949,9363314,45748767871,4848,4890,4993,145,2.99,4886,38,0.78,4755,4993,1400-6-3,2021-08-25
391,پرديس,سرمايه گذاري پرديس,945,4366935,27211903690,6250,6300,6330,80,1.28,6230,-20,-0.32,6040,6440,1400-6-3,2021-08-25
392,دفاراح,ح . داروسازي‌ فارابي‌,940,2942278,46068326150,15360,15400,15850,490,3.19,15660,300,1.95,15340,15960,1400-6-3,2021-08-25
393,فرابورس,فرابورس ايران,940,2995818,87061466898,27678,29061,29061,1383,5,29061,1383,5,29061,29061,1400-6-3,2021-08-25
394,وسصفا,شركت س استان اصفهان,938,31421992,26518311179,858,870,850,-8,-0.93,853,-5,-0.58,830,870,1400-6-3,2021-08-25
395,وصندوق,سرمايه‌گذاري‌صندوق‌بازنشستگي‌,931,4326679,85519742060,19350,19980,19960,610,3.15,19620,270,1.4,19370,20200,1400-6-3,2021-08-25
396,افرا,افرانت,931,1290703,35888407227,28088,29000,27800,-288,-1.03,27805,-283,-1.01,26800,29000,1400-6-3,2021-08-25
397,دعبيد,لابراتوارداروسازي‌  دكترعبيدي‌,929,2104366,55835952440,26120,26600,26600,480,1.84,26530,410,1.57,26210,26910,1400-6-3,2021-08-25
398,شوينده,مديريت صنعت شوينده ت.ص.بهشهر,926,1931135,55196821900,28510,28880,28600,90,0.32,28580,70,0.25,27530,29320,1400-6-3,2021-08-25
399,سغرب,سيمان‌غرب‌,923,2208103,56495569310,24770,25400,25590,820,3.31,25590,820,3.31,25000,25860,1400-6-3,2021-08-25
400,ميدكو,توسعه معادن وص.معدني خاورميانه,921,2808487,114980992880,40910,41910,40930,20,0.05,40940,30,0.07,40910,41910,1400-6-3,2021-08-25
401,كشرق,صنعتي و معدني شمال شرق شاهرود,920,604924,42551414975,67287,70651,70500,3213,4.78,70342,3055,4.54,68103,70651,1400-6-3,2021-08-25
402,سپ,پرداخت الكترونيك سامان كيش,907,1700908,50571695200,29960,31380,30000,40,0.13,29770,-190,-0.63,28890,31380,1400-6-3,2021-08-25
403,سخوز,سيمان خوزستان,906,1817528,51043187930,28500,28400,28000,-500,-1.75,28080,-420,-1.47,27680,28620,1400-6-3,2021-08-25
404,كرماشا,صنايع پتروشيمي كرمانشاه,904,3045913,144802676850,48390,48850,47980,-410,-0.85,47540,-850,-1.76,46630,48850,1400-6-3,2021-08-25
405,خلنت,لنت‌ ترمزايران‌,904,671279,44082540220,66030,67970,66790,760,1.15,65670,-360,-0.55,63300,67970,1400-6-3,2021-08-25
406,وسهمدا,شركت س استان همدان,897,42195384,27604626352,644,659,660,16,2.48,653,9,1.4,636,674,1400-6-3,2021-08-25
407,پارند,صندوق س. پارند پايدار سپهر,891,21065608,212987504905,10097,10110,10112,15,0.15,10111,14,0.14,10109,10130,1400-6-3,2021-08-25
408,كپرور,فرآوري زغال سنگ پروده طبس,887,1849421,71620752158,36933,37400,38720,1787,4.84,38726,1793,4.85,37400,38779,1400-6-3,2021-08-25
409,غشهد,شهد ايران ‌,885,7775666,41249666888,5081,5210,5335,254,5,5305,224,4.41,5210,5335,1400-6-3,2021-08-25
410,سخزر,سيمان‌ خزر,877,2379333,71363432000,28700,29840,30130,1430,4.98,29990,1290,4.49,29110,30130,1400-6-3,2021-08-25
411,ضخود7075,اختيارخ خودرو-2000-1400/07/07,877,31151,12782725000,403,403,428,25,6.2,410,7,1.74,386,435,1400-6-3,2021-08-25
412,خوساز,محورسازان‌ايران‌خودرو,874,5410935,43342547500,8050,8100,8000,-50,-0.62,8010,-40,-0.5,7810,8180,1400-6-3,2021-08-25
413,غبهار,كشت وصنعت بهاران گلبهار خراسان,863,2065585,39509876131,18684,18750,19244,560,3,19128,444,2.38,18750,19244,1400-6-3,2021-08-25
414,اعتلا,شركت سرمايه گذاري اعتلاء البرز,854,5486954,43676583935,7687,7790,8071,384,5,7960,273,3.55,7750,8071,1400-6-3,2021-08-25
415,زكشت,كشاورزي مكانيزه اصفهان كشت,842,1558949,43787315802,27021,28270,28372,1351,5,28088,1067,3.95,27120,28372,1400-6-3,2021-08-25
416,دالبر,البرزدارو,842,2645311,38077270810,14030,14680,14380,350,2.49,14390,360,2.57,14030,14730,1400-6-3,2021-08-25
417,مبين,مبين انرژي خليج فارس,836,2906263,66633029150,23360,23690,23020,-340,-1.46,23140,-220,-0.94,22500,23690,1400-6-3,2021-08-25
418,پخش,پخش البرز,825,6099070,152791475013,23861,25054,25054,1193,5,25052,1191,4.99,24800,25054,1400-6-3,2021-08-25
419,شپترو,پتروشيمي آبادان,823,25852857,139915252084,5155,5412,5412,257,4.99,5412,257,4.99,5410,5412,1400-6-3,2021-08-25
420,وگردش,بانك گردشگري,817,2434007,33282543598,13651,13500,13849,198,1.45,13660,9,0.07,13400,13870,1400-6-3,2021-08-25
421,وسديد,گروه ‌صنعتي‌سديد,807,12158607,17423283831,1462,1433,1433,-29,-1.98,1433,-29,-1.98,1433,1433,1400-6-3,2021-08-25
422,ولملت,واسپاري ملت,802,4846110,29336365850,5930,6030,5900,-30,-0.51,6050,120,2.02,5900,6200,1400-6-3,2021-08-25
423,شپاس,نفت پاسارگاد,796,3317913,72544381595,21374,22400,22350,976,4.57,21864,490,2.29,20900,22440,1400-6-3,2021-08-25
424,تابا,تابان نيرو سپاهان,794,1182370,37765270971,31258,31900,32195,937,3,31940,682,2.18,31285,32195,1400-6-3,2021-08-25
425,معيار ,سرمايه گذاري معيار صنعت پارس,790,949643,46422482170,46987,49300,48690,1703,3.62,48884,1897,4.04,47620,49336,1400-6-3,2021-08-25
426,واعتبار,سرمايه گذاري اعتبار ايران,790,11561891,100705089680,8640,8720,8880,240,2.78,8710,70,0.81,8360,8990,1400-6-3,2021-08-25
427,دشيمي,شيمي‌ داروئي‌ داروپخش‌,789,1831462,52794110600,28280,28500,29220,940,3.32,28830,550,1.94,27600,29690,1400-6-3,2021-08-25
428,كارين,صندوق س نگين سامان-ثابت,785,31564009,316141462736,10011,10018,10016,5,0.05,10016,5,0.05,10014,10019,1400-6-3,2021-08-25
429,جهرم,پتروشيمي جهرم,774,14909701,23567896631,1540,1586,1586,46,2.99,1581,41,2.66,1551,1586,1400-6-3,2021-08-25
430,شگل,گلتاش‌,765,3443910,31804680710,9060,9460,9140,80,0.88,9240,180,1.99,9060,9480,1400-6-3,2021-08-25
431,وسپه,سرمايه‌گذاري‌ سپه‌,764,5646891,52330531680,9280,9350,9270,-10,-0.11,9270,-10,-0.11,9130,9350,1400-6-3,2021-08-25
432,بپاس,بيمه پاسارگاد,761,1312208,80714338323,61444,62248,61461,17,0.03,61490,46,0.07,61444,62248,1400-6-3,2021-08-25
433,سكرما,سيمان‌ كرمان‌,756,2240339,41710894360,19320,19180,18400,-920,-4.76,18620,-700,-3.62,18360,19180,1400-6-3,2021-08-25
434,وارس,سرمايه گذاري ارس صبا,749,3307274,45243272001,13355,13752,13755,400,3,13680,325,2.43,13380,13755,1400-6-3,2021-08-25
435,دپارس,پارس‌ دارو,744,1529405,60173619210,37960,38800,39850,1890,4.98,39340,1380,3.64,37500,39850,1400-6-3,2021-08-25
436,شدوص,دوده‌ صنعتي‌ پارس‌,744,3166094,81675838820,25190,26350,25750,560,2.22,25800,610,2.42,25200,26350,1400-6-3,2021-08-25
437,لوتوس,تامين سرمايه لوتوس پارسيان,741,5110134,47483784540,9440,9610,9340,-100,-1.06,9290,-150,-1.59,8970,9610,1400-6-3,2021-08-25
438,غپآذر,شير پگاه آذربايجان شرقي,736,862741,44800994371,52592,53500,51230,-1362,-2.59,51929,-663,-1.26,51100,53500,1400-6-3,2021-08-25
439,عيار,صندوق سكه طلاي مفيد,736,1052936,32933281353,31703,31710,31270,-433,-1.37,31278,-425,-1.34,30900,31710,1400-6-3,2021-08-25
440,سهگمت,سيمان‌هگمتان‌,733,1210513,34246713510,29200,29390,28370,-830,-2.84,28290,-910,-3.12,27830,29390,1400-6-3,2021-08-25
441,تكشا,گسترش‌صنايع‌وخدمات‌كشاورزي‌,732,1885741,64722145400,32700,34330,34330,1630,4.98,34320,1620,4.95,33800,34330,1400-6-3,2021-08-25
442,گنگين,اقتصادي نگين گردشگري ايرانيان,720,5776759,149468547449,26360,26000,25994,-366,-1.39,25874,-486,-1.84,25570,26329,1400-6-3,2021-08-25
443,پارسيان,بيمه پارسيان,713,5190172,58672423200,10960,11200,11500,540,4.93,11300,340,3.1,10510,11500,1400-6-3,2021-08-25
444,خفولا,خدمات فني فولاد يزد,710,2284898,63267858742,27030,27640,27840,810,3,27690,660,2.44,27050,27840,1400-6-3,2021-08-25
445,آكورد,صندوق س. آرمان آتي كوثر-د,708,15238788,514254439202,33725,33754,33746,21,0.06,33746,21,0.06,33745,33754,1400-6-3,2021-08-25
446,تنوين,تامين سرمايه نوين,705,8864093,63797978770,7240,7290,7230,-10,-0.14,7200,-40,-0.55,7120,7300,1400-6-3,2021-08-25
447,جوين,كشت و صنعت جوين,698,6953790,26810642442,3906,3950,3870,-36,-0.92,3856,-50,-1.28,3811,3989,1400-6-3,2021-08-25
448,ولتجار,واسپاري تجارت وسرمايه ايرانيان,698,12189045,45861798005,3692,3739,3802,110,2.98,3763,71,1.92,3622,3802,1400-6-3,2021-08-25
449,پسهند,صنايع‌ لاستيكي‌  سهند,698,1153154,40196212610,34860,35150,34470,-390,-1.12,34860,0,0,34030,35980,1400-6-3,2021-08-25
450,دتماد,توليدمواداوليه‌داروپخش‌,694,877925,45579813960,52340,53430,52490,150,0.29,51920,-420,-0.8,50750,53430,1400-6-3,2021-08-25
451,دسبحان,سبحان دارو,689,1755042,35261633630,19260,19700,20220,960,4.98,20090,830,4.31,18510,20220,1400-6-3,2021-08-25
452,رتكو,كنترل‌خوردگي‌تكين‌كو,687,1695988,21114904610,12580,12800,12500,-80,-0.64,12450,-130,-1.03,12020,12800,1400-6-3,2021-08-25
453,زفكا,كشت و دامداري فكا,686,2281184,26377878524,11568,11790,11610,42,0.36,11563,-5,-0.04,11321,11790,1400-6-3,2021-08-25
454,شفا,سرمايه گذاري شفادارو,684,1707405,77876993920,44870,47100,46370,1500,3.34,45610,740,1.65,43090,47100,1400-6-3,2021-08-25
455,ضخود7076,اختيارخ خودرو-2500-1400/07/07,680,37018,5058503000,132,136,140,8,6.06,137,5,3.79,125,143,1400-6-3,2021-08-25
456,تسه0003,امتيازتسهيلات مسكن خرداد1400,674,15769,9580319757,625869,625000,609900,-15969,-2.55,607541,-18328,-2.93,594576,625000,1400-6-3,2021-08-25
457,شرانل,نفت ايرانول,672,1763414,87901937139,50093,51100,50290,197,0.39,49848,-245,-0.49,49501,51100,1400-6-3,2021-08-25
458,فيروزه,صندوق شاخص30 شركت فيروزه- سهام,668,307208,56733190470,185280,188500,185100,-180,-0.1,184670,-610,-0.33,182000,188500,1400-6-3,2021-08-25
459,شراز,پالايش نفت شيراز,663,635968,79150962131,124598,128290,125120,522,0.42,124457,-141,-0.11,122055,128290,1400-6-3,2021-08-25
460,كطبس,ذغال‌سنگ‌ نگين‌ ط‌بس‌,659,1322865,86641351610,62500,65500,65620,3120,4.99,65500,3000,4.8,63500,65620,1400-6-3,2021-08-25
461,بموتو,موتوژن‌,657,2565103,208918708610,77590,81460,81460,3870,4.99,81450,3860,4.97,79560,81460,1400-6-3,2021-08-25
462,فردا,صندوق س آواي فرداي زاگرس-ثابت,656,29871575,337451747382,11290,11296,11296,6,0.05,11297,7,0.06,11296,11298,1400-6-3,2021-08-25
463,وسين,بيمه سينا,653,18400867,68128997944,3635,3710,3744,109,3,3702,67,1.84,3556,3744,1400-6-3,2021-08-25
464,درازك,دارويي‌ رازك‌,639,2749762,122094146840,42950,43170,45090,2140,4.98,44400,1450,3.38,42030,45090,1400-6-3,2021-08-25
465,وتوسم,سرمايه‌گذاري‌توسعه‌ملي‌,636,4846447,44501846550,9180,9180,9150,-30,-0.33,9180,0,0,9000,9390,1400-6-3,2021-08-25
466,غشوكو,شوكو پارس,636,954124,32132240556,34693,33653,33653,-1040,-3,33677,-1016,-2.93,33653,34693,1400-6-3,2021-08-25
467,دروز,داروسازي‌ روزدارو,631,1150090,38088235980,34490,33110,32770,-1720,-4.99,33120,-1370,-3.97,32770,34250,1400-6-3,2021-08-25
468,قپيرا,فرآورده‌هاي‌غدايي‌وقندپيرانشهر,627,4644941,38874425560,7990,8380,8380,390,4.88,8370,380,4.76,8200,8380,1400-6-3,2021-08-25
469,خكاوه,سايپا ديزل,622,8545412,37611533835,4318,4380,4447,129,2.99,4401,83,1.92,4331,4447,1400-6-3,2021-08-25
470,دسانكوح,ح . داروسازي سبحان انكولوژي,617,2956603,26282167651,8551,8300,8802,251,2.94,8889,338,3.95,8300,8978,1400-6-3,2021-08-25
471,دابور,داروسازي‌ ابوريحان‌,616,1017415,27869036840,27240,28100,27280,40,0.15,27390,150,0.55,26140,28100,1400-6-3,2021-08-25
472,زگلدشت,كشت و دام گلدشت نمونه اصفهان,614,2318169,28038414219,12209,12460,12130,-79,-0.65,12095,-114,-0.93,11690,12460,1400-6-3,2021-08-25
473,ومشان,س. فني و مهندسي مشانير,608,451801,30779611664,66612,68610,68610,1998,3,68126,1514,2.27,65000,68610,1400-6-3,2021-08-25
474,خراسان,پتروشيمي خراسان,603,518293,46009713190,89900,91500,88000,-1900,-2.11,89080,-820,-0.91,87010,91800,1400-6-3,2021-08-25
475,سهرمز,سيمان‌هرمزگان‌,598,1924953,37969545260,19360,19360,19610,250,1.29,19720,360,1.86,18990,20290,1400-6-3,2021-08-25
476,كاسپين,داروسازي كاسپين تامين,598,1511422,33943296374,22742,22930,22970,228,1,22458,-284,-1.25,21910,23000,1400-6-3,2021-08-25
477,حپارسا,توسعه حمل و نقل ريلي پارسيان,598,1353077,52688384670,38721,38725,39260,539,1.39,38940,219,0.57,37946,39847,1400-6-3,2021-08-25
478,ولبهمن,شركت بهمن ليزينگ,595,4556017,37137054972,8128,8370,8190,62,0.76,8151,23,0.28,7990,8370,1400-6-3,2021-08-25
479,كفرا,فراورده‌ هاي‌ نسوزايران‌,593,1122207,31583932960,28690,28020,28100,-590,-2.06,28140,-550,-1.92,27720,29250,1400-6-3,2021-08-25
480,چكاوه,صنايع‌كاغذسازي‌كاوه‌,588,1552675,21737262930,13790,14250,14000,210,1.52,14000,210,1.52,13860,14250,1400-6-3,2021-08-25
481,تكنار,مجتمع معادن مس تكنار,588,173223,17031928629,99804,98075,99249,-555,-0.56,98324,-1480,-1.48,97000,100989,1400-6-3,2021-08-25
482,تكنو,تكنوتار,587,1774894,27338693980,15340,15850,15810,470,3.06,15400,60,0.39,15010,15850,1400-6-3,2021-08-25
483,وثوق,سرمايه گذاري وثوق امين,586,2203744,38219094747,16866,17300,17371,505,2.99,17343,477,2.83,17000,17371,1400-6-3,2021-08-25
484,وثنو,سرمايه گذاري ساختماني نوين,576,5453331,26479032502,4803,4930,4917,114,2.37,4856,53,1.1,4700,4930,1400-6-3,2021-08-25
485,دابورح,ح . داروسازي‌ ابوريحان‌,573,686786,16367005460,23940,24800,24110,170,0.71,23830,-110,-0.46,23010,24800,1400-6-3,2021-08-25
486,همراه,شركت ارتباطات سيار ايران,572,9538290,100189953570,10010,10480,10510,500,5,10370,360,3.6,10380,10510,1400-6-3,2021-08-25
487,سقاين,سيمان‌ قائن‌,571,969829,70483669140,69460,71000,72930,3470,5,72680,3220,4.64,70200,72930,1400-6-3,2021-08-25
488,گوهران,سرمايه گذاري توسعه گوهران اميد,571,2602629,15149505580,5828,6040,5876,48,0.82,5821,-7,-0.12,5620,6040,1400-6-3,2021-08-25
489,بخاور,بيمه زندگي خاورميانه,568,4530088,27550676804,6019,6060,6097,78,1.3,6082,63,1.05,6000,6309,1400-6-3,2021-08-25
490,شفارا,پتروشيمي فارابي,567,6318513,37891068977,5970,6120,6040,70,1.17,5997,27,0.45,5841,6120,1400-6-3,2021-08-25
491,ركيشح,ح. كارت اعتباري ايران كيش,560,8643775,42186375140,4830,5000,4940,110,2.28,4880,50,1.04,4830,5000,1400-6-3,2021-08-25
492,وپسا,س. پتروشيمي ساختمان  خليج فارس,558,12561827,25761761016,2014,2040,2054,40,1.99,2051,37,1.84,2011,2054,1400-6-3,2021-08-25
493,وتوشه,سرمايه‌ گذاري‌ پارس‌ توشه‌,554,2823871,21908796680,7860,7920,7660,-200,-2.54,7760,-100,-1.27,7600,8130,1400-6-3,2021-08-25
494,سنوين,سرمايه گذاري اقتصاد نوين,553,2480508,19942069588,7920,8157,8157,237,2.99,8040,120,1.52,7683,8157,1400-6-3,2021-08-25
495,خديزل,بهمن  ديزل,549,827710,43763456651,54299,54888,52670,-1629,-3,52873,-1426,-2.63,51700,54888,1400-6-3,2021-08-25
496,پلوله,گازلوله‌,549,1411112,38483426261,27902,28739,27065,-837,-3,27272,-630,-2.26,27065,28739,1400-6-3,2021-08-25
497,وبهمن,سرمايه‌گذاري‌بهمن‌,547,1227793,21056007830,17600,17600,17110,-490,-2.78,17150,-450,-2.56,16900,17820,1400-6-3,2021-08-25
498,كميناح,ح . شيشه سازي مينا,545,4796100,40118053564,8183,8221,8428,245,2.99,8365,182,2.22,8171,8428,1400-6-3,2021-08-25
499,زپارس,ملي كشت و صنعت و دامپروري پارس,544,408752,52763340790,132300,133940,127610,-4690,-3.54,129080,-3220,-2.43,126690,138690,1400-6-3,2021-08-25
500,وبشهر,توسعه‌ صنايع‌ بهشهر(هلدينگ,542,2865591,43155261950,14940,15460,14950,10,0.07,15040,100,0.67,14950,15460,1400-6-3,2021-08-25
501,شكبير,پتروشيمي اميركبير,534,613335,63659758667,104545,104760,103960,-585,-0.56,104081,-464,-0.44,102360,107680,1400-6-3,2021-08-25
502,تسه0002,امتيازتسهيلاتمسكن ارديبهشت1400,525,11262,6865056658,631190,615000,607700,-23490,-3.72,609577,-21613,-3.42,599631,615000,1400-6-3,2021-08-25
503,ثامان,سامان‌ گستراصفهان‌,524,1319104,19301429390,14360,14980,14510,150,1.04,14630,270,1.88,14400,14980,1400-6-3,2021-08-25
504,آساس,صندوق س.آسمان آرماني سهام-س,522,184282,36258493155,194806,197000,198997,4191,2.15,196755,1949,1,194800,199000,1400-6-3,2021-08-25
505,لسرما,سرما آفرين‌,519,1654551,40213403080,23410,23450,24580,1170,5,24300,890,3.8,23450,24580,1400-6-3,2021-08-25
506,دسبحا,گروه دارويي سبحان,518,1622289,28190162600,17090,17500,17570,480,2.81,17380,290,1.7,16700,17700,1400-6-3,2021-08-25
507,مداران,داده‌پردازي‌ايران‌,514,1121062,25848145100,22520,22400,23300,780,3.46,23060,540,2.4,22400,23400,1400-6-3,2021-08-25
508,زرين,صندوق س. سهام زرين كوروش-س,513,7403904,103612646837,13956,14100,14170,214,1.53,13994,38,0.27,13816,14298,1400-6-3,2021-08-25
509,ثعتما,س. ساختماني اعتماد گستر,503,1442139,41419299326,28209,28500,29055,846,3,28721,512,1.82,28210,29055,1400-6-3,2021-08-25
510,بساما,بيمه سامان,501,692484,17757273778,25939,25811,25580,-359,-1.38,25690,-249,-0.96,25124,26390,1400-6-3,2021-08-25
511,سكه0012پ01,تمام سكه طرح جديد0012رفاه,487,108400,133046617000,1239465,1233999,1232000,-7465,-0.6,1227367,-12098,-0.98,1220001,1234400,1400-6-3,2021-08-25
512,سبجنو,سيمان‌ بجنورد,487,753666,35113717590,46430,48750,46650,220,0.47,46590,160,0.34,44120,48750,1400-6-3,2021-08-25
513,ياقوت,صندوق س ياقوت آگاه-ثابت,485,4067988,52720413249,12940,12946,12972,32,0.25,12960,20,0.15,12945,12979,1400-6-3,2021-08-25
514,مفاخر,توسعه فناوري اطلاعات خوارزمي,484,410632,20449438823,48524,49242,50920,2396,4.94,49800,1276,2.63,48003,50950,1400-6-3,2021-08-25
515,سشمال,سيمان‌ شمال‌,484,1768174,19298011730,11110,10900,11000,-110,-0.99,10910,-200,-1.8,10790,11180,1400-6-3,2021-08-25
516,ميدكوح,ح.توسعه م وص.معدني خاورميانه,481,567702,21870720500,39160,38410,38760,-400,-1.02,38530,-630,-1.61,38050,39230,1400-6-3,2021-08-25
517,وحكمت,بيمه حكمت صبا,475,7610133,31447154629,4015,4075,4135,120,2.99,4132,117,2.91,4070,4135,1400-6-3,2021-08-25
518,ضخود7077,اختيارخ خودرو-3000-1400/07/07,475,26821,822101000,32,33,32,0,0,31,-1,-3.13,27,35,1400-6-3,2021-08-25
519,آساميد,صندوق س.مشترك آسمان اميد -د,474,19343026,245677555679,12689,12703,12748,59,0.46,12701,12,0.09,12690,12770,1400-6-3,2021-08-25
520,دقاضي,داروسازي شهيد قاضي,473,684224,24429895200,34024,35725,35725,1701,5,35705,1681,4.94,35000,35725,1400-6-3,2021-08-25
521,لبوتان,گروه‌صنعتي‌بوتان‌,472,384617,24045336690,61810,63500,63130,1320,2.14,62520,710,1.15,61000,64120,1400-6-3,2021-08-25
522,سرود,سيمان‌شاهرود,466,1051606,28673687380,28090,27800,27550,-540,-1.92,27270,-820,-2.92,26930,28060,1400-6-3,2021-08-25
523,سپيدما,صندوق س. سپيد دماوند-د,466,22613288,247003624078,10916,10922,10926,10,0.09,10923,7,0.06,10922,10926,1400-6-3,2021-08-25
524,واحصا,احياء صنايع خراسان,461,831482,35855454722,42069,42910,43320,1251,2.97,43122,1053,2.5,41052,43331,1400-6-3,2021-08-25
525,تسه0001,امتيازتسهيلات مسكن فروردين1400,458,11064,6732912346,625526,601000,611000,-14526,-2.32,608542,-16984,-2.72,596000,615000,1400-6-3,2021-08-25
526,فسا,پتروشيمي فسا,451,10482630,15464842496,1439,1466,1482,43,2.99,1475,36,2.5,1450,1482,1400-6-3,2021-08-25
527,شاملا,معدني‌ املاح‌  ايران‌,451,522085,22218378930,42440,43740,42850,410,0.97,42560,120,0.28,42030,43740,1400-6-3,2021-08-25
528,فن آوا,گروه فن آوا,450,2436094,51570238585,20688,21307,21308,620,3,21169,481,2.33,20110,21308,1400-6-3,2021-08-25
529,تشتاد,صنايع توليدي اشتاد ايران‌,450,2338083,17133077421,7348,7554,7333,-15,-0.2,7328,-20,-0.27,7150,7554,1400-6-3,2021-08-25
530,كي بي سي,شركت كي بي سي,441,951884,26045092554,26147,26730,27454,1307,5,27362,1215,4.65,26331,27454,1400-6-3,2021-08-25
531,اوان,مبين وان كيش,441,830089,30084236066,34826,35900,36567,1741,5,36242,1416,4.07,35000,36567,1400-6-3,2021-08-25
532,خاتم,صندوق س خاتم ايساتيس پويا-ثابت,431,8767056,104211697816,11869,11888,11889,20,0.17,11887,18,0.15,11883,11890,1400-6-3,2021-08-25
533,حخزر,كشتيراني درياي خزر,428,931945,22059224467,24122,24510,23620,-502,-2.08,23670,-452,-1.87,23140,24510,1400-6-3,2021-08-25
534,پارتا,مجتمع‌صنعتي‌آرتاويل‌تاير,422,1792493,53604971814,29194,30069,29750,556,1.9,29905,711,2.44,29195,30069,1400-6-3,2021-08-25
535,تصميم,صندوق س با درآمد ثابت تصميم,414,3710243,63909778718,17222,17238,17225,3,0.02,17225,3,0.02,17204,17238,1400-6-3,2021-08-25
536,شرنگي,شيميايي رنگين,410,143998,29336957242,199035,202463,205006,5971,3,203732,4697,2.36,195400,205006,1400-6-3,2021-08-25
537,قشهد,شهد,404,1540256,27538838630,17060,17910,17910,850,4.98,17880,820,4.81,17040,17910,1400-6-3,2021-08-25
538,وايرا,سرمايه گذاري صنايع ايران,404,2432088,18702679788,7577,7760,7804,227,3,7690,113,1.49,7432,7804,1400-6-3,2021-08-25
539,پلاست,كارخانجات توليدي پلاستيران,400,513156,24527390616,46441,47834,47834,1393,3,47797,1356,2.92,45100,47834,1400-6-3,2021-08-25
540,اتكام,بيمه اتكايي امين,399,3580144,20830370560,1000,5870,5840,4840,484,5820,4820,482,5630,5900,1400-6-3,2021-08-25
541,ماديرا,صنايع ماديران,386,3605364,33857973324,8944,9391,9391,447,5,9391,447,5,9391,9391,1400-6-3,2021-08-25
542,گوهر,صندوق سكه طلاي كيان,385,292831,18030808029,62226,63479,61644,-582,-0.94,61574,-652,-1.05,61000,63479,1400-6-3,2021-08-25
543,فافزا,فولاد افزا سپاهان,379,434327,20251551585,45598,46340,46965,1367,3,46627,1029,2.26,45144,46965,1400-6-3,2021-08-25
544,وپخشح,ح . داروپخش‌ (هلدينگ‌,376,741368,23218560740,31100,31900,32400,1300,4.18,31320,220,0.71,30100,33000,1400-6-3,2021-08-25
545,تسه9912,امتياز تسهيلات مسكن اسفند99,374,12563,7656059303,622418,617000,609200,-13218,-2.12,609413,-13005,-2.09,599200,620000,1400-6-3,2021-08-25
546,غپونه,نوش پونه مشهد,371,1188466,19556653993,16155,16639,16397,242,1.5,16455,300,1.86,15673,16639,1400-6-3,2021-08-25
547,فراز,صندوق س.سهام فراز داريك-س,369,1726965,23820567870,13785,13830,13800,15,0.11,13793,8,0.06,13785,13870,1400-6-3,2021-08-25
548,ورازي,بيمه رازي,361,15180402,25373428568,1594,1673,1673,79,4.96,1671,77,4.83,1630,1673,1400-6-3,2021-08-25
549,رانفور,خدمات‌انفورماتيك‌,358,10358695,71164234650,6550,6870,6870,320,4.89,6850,300,4.58,6870,6870,1400-6-3,2021-08-25
550,فاما,صنعتي‌ آما,349,1108402,20498070020,18270,18540,18850,580,3.17,18490,220,1.2,18260,18880,1400-6-3,2021-08-25
551,بميلا,توسعه بازرگاني آهن وفولادميلاد,346,1182658,16280420599,13708,14090,13899,191,1.39,13766,58,0.42,13540,14090,1400-6-3,2021-08-25
552,دشيري,شيرين دارو,345,138624,25340033802,182374,187000,186000,3626,1.99,182797,423,0.23,177000,187830,1400-6-3,2021-08-25
553,زر,صندوق س.پشتوانه سكه طلاي زر,344,155874,8466390494,55023,54577,54250,-773,-1.4,54316,-707,-1.28,54030,54600,1400-6-3,2021-08-25
554,سدشت,صنايع سيمان دشتستان,340,150331,8375836440,55380,58140,54580,-800,-1.44,55490,110,0.2,54410,58140,1400-6-3,2021-08-25
555,وفتخار,سرمايه گذاري افتخار سهام,337,629000,4221848000,6517,6712,6712,195,2.99,6712,195,2.99,6712,6712,1400-6-3,2021-08-25
556,شسينا,صنايع‌شيميايي‌سينا,335,313378,24089366860,73210,76870,76870,3660,5,76870,3660,5,76870,76870,1400-6-3,2021-08-25
557,كخاك,صنايع‌خاك‌چيني‌ايران‌,335,382284,14827854570,38960,39800,39050,90,0.23,38850,-110,-0.28,38000,39800,1400-6-3,2021-08-25
558,وزمين,بانك ايران زمين,334,2265728,29250808996,12434,12931,12931,497,4,12910,476,3.83,12120,12931,1400-6-3,2021-08-25
559,كتوكا,توليدي و خدمات صنايع نسوز توكا,333,1140391,33212747484,27738,29124,29124,1386,5,29124,1386,5,29124,29124,1400-6-3,2021-08-25
560,دسينا,داروسازي‌ سينا,331,1543951,35768211970,22100,22530,23200,1100,4.98,23170,1070,4.84,22530,23200,1400-6-3,2021-08-25
561,سپاس,صندوق س. پاداش سهامداري-ثابت,329,11521160,116412598602,10098,10104,10104,6,0.06,10104,6,0.06,10104,10108,1400-6-3,2021-08-25
562,وكار,بانك‌ كارآفرين‌,329,5707126,18020957913,3146,3220,3150,4,0.13,3150,4,0.13,3146,3220,1400-6-3,2021-08-25
563,وكادو,تكادو,327,1381749,26788476210,18959,18820,19527,568,3,19387,428,2.26,18820,19527,1400-6-3,2021-08-25
564,اخزا910,اسنادخزانه-م10بودجه99-020807,315,406543,263048654987,653985,652501,645000,-8985,-1.37,647038,-6947,-1.06,636800,654000,1400-6-3,2021-08-25
565,كمينا,شيشه سازي مينا,312,2299045,24165253829,10254,10254,10561,307,2.99,10511,257,2.51,10112,10561,1400-6-3,2021-08-25
566,گوهرانح,ح . س. توسعه گوهران اميد,310,1636484,6938567917,4189,4397,4242,53,1.27,4240,51,1.22,4150,4397,1400-6-3,2021-08-25
567,غشصفا,شيرپاستوريزه‌پگاه‌اصفهان‌,307,460864,13961458750,30560,31050,30260,-300,-0.98,30310,-250,-0.82,29540,31050,1400-6-3,2021-08-25
568,دفرا,فرآورده‌هاي‌ تزريقي‌ ايران‌,303,615787,19710011720,31910,32790,32110,200,0.63,32010,100,0.31,31820,32790,1400-6-3,2021-08-25
569,ستران,سيمان‌ تهران‌,301,806513,26510082310,31310,32870,32870,1560,4.98,32870,1560,4.98,32870,32870,1400-6-3,2021-08-25
570,مارون,پتروشيمي مارون,300,172701,33270506093,191309,196000,193990,2681,1.4,191734,425,0.22,190200,196000,1400-6-3,2021-08-25
571,تسه9908,امتياز تسهيلات مسكن آبان99,298,6657,4008384871,619558,600001,600000,-19558,-3.16,602131,-17427,-2.81,589000,610000,1400-6-3,2021-08-25
572,ثجوان,تامين مسكن جوانان,293,998623,8962969373,9070,9199,8940,-130,-1.43,8985,-85,-0.94,8830,9220,1400-6-3,2021-08-25
573,سحرخيز,صندوق س. گروه زعفران سحرخيز,286,1009098,10568660873,10495,10585,10548,53,0.51,10473,-22,-0.21,10300,10585,1400-6-3,2021-08-25
574,وبازار,صندوق س شاخصي بازارآشنا,283,847347,11607917670,13750,13840,13700,-50,-0.36,13700,-50,-0.36,13520,13850,1400-6-3,2021-08-25
575,تسه9911,امتياز تسهيلات مسكن بهمن99,282,3688,2227281862,621369,621369,609811,-11558,-1.86,603927,-17442,-2.81,592000,621369,1400-6-3,2021-08-25
576,لكما,كارخانجات‌مخابراتي‌ايران‌,281,5902876,8647713340,1423,1465,1465,42,2.95,1456,33,2.32,1465,1465,1400-6-3,2021-08-25
577,خپويش,سازه‌ پويش‌,280,260033,13968792480,51260,52660,53820,2560,4.99,53370,2110,4.12,52650,53820,1400-6-3,2021-08-25
578,ثعمرا,عمران و توسعه شاهد,278,1558836,18174468924,11104,11659,11659,555,5,11659,555,5,11659,11659,1400-6-3,2021-08-25
579,غبهنوش,بهنوش‌ ايران‌,273,1050451,75012705910,68010,71410,71410,3400,5,71410,3400,5,71410,71410,1400-6-3,2021-08-25
580,فالوم,آلومتك‌,271,970692,24462093458,24482,25000,25216,734,3,25201,719,2.94,24400,25216,1400-6-3,2021-08-25
581,فيروزا,صندوق بادرآمد ثابت فيروزه آسيا,262,2412661,59668430727,24806,24705,24720,-86,-0.35,24731,-75,-0.3,24700,24770,1400-6-3,2021-08-25
582,نهال,صندوق س. طلاي سرخ نوويرا,261,568682,5933352117,10537,10589,10400,-137,-1.3,10434,-103,-0.98,10338,10589,1400-6-3,2021-08-25
583,تسه9910,امتياز تسهيلات مسكن دي99,253,4606,2786879877,620266,617000,600000,-20266,-3.27,605054,-15212,-2.45,590100,620000,1400-6-3,2021-08-25
584,وآفري,بيمه كارآفرين,247,3161415,9290407567,2955,2905,2945,-10,-0.34,2941,-14,-0.47,2905,3030,1400-6-3,2021-08-25
585,آتيمس,صندوق س.آرمان آتيه درخشان مس-س,245,78168,17091506438,216438,218818,219890,3452,1.59,218651,2213,1.02,217000,219911,1400-6-3,2021-08-25
586,شستان,پتروشيمي گلستان,243,2428034,7747899684,3142,3202,3204,62,1.97,3191,49,1.56,3135,3204,1400-6-3,2021-08-25
587,فولاي,صنايع فولاد آلياژي يزد,238,929974,20721680668,21221,22282,22282,1061,5,22282,1061,5,22282,22282,1400-6-3,2021-08-25
588,كامياب,صندوق س. كامياب آشنا-د,237,1795201,18504724625,10308,10320,10313,5,0.05,10308,0,0,10260,10320,1400-6-3,2021-08-25
589,ارمغان,ص سرمايه گذاري ارمغان ايرانيان,236,3746535,37821971491,10084,10096,10095,11,0.11,10095,11,0.11,10095,10097,1400-6-3,2021-08-25
590,تسه9909,امتياز تسهيلات مسكن آذر99,233,3824,2307523277,619128,601000,607000,-12128,-1.96,603432,-15696,-2.54,594000,618000,1400-6-3,2021-08-25
591,اخزا901,اسنادخزانه-م1بودجه99-010621,230,193200,157735218682,816800,815980,816801,1,0,816435,-365,-0.04,810003,818250,1400-6-3,2021-08-25
592,دتوزيع,توزيع دارو پخش,229,476817,15683464764,31326,32892,32892,1566,5,32744,1418,4.53,32892,32892,1400-6-3,2021-08-25
593,قصفها,قنداصفهان‌,226,170380,19213752600,107400,112770,112770,5370,5,112770,5370,5,112770,112770,1400-6-3,2021-08-25
594,وامين,س. امين توان آفرين ساز,225,2435506,31103202358,12767,12600,12831,64,0.5,12769,2,0.02,12600,12837,1400-6-3,2021-08-25
595,قمرو,قند مرودشت‌,224,1430372,40965854080,27280,28640,28640,1360,4.99,28640,1360,4.99,28640,28640,1400-6-3,2021-08-25
596,تماوند,تامين سرمايه دماوند,220,4939524,30947275566,6211,6335,6210,-1,-0.02,6265,54,0.87,6210,6359,1400-6-3,2021-08-25
597,تپمپي,پمپ‌ سازي‌ ايران‌,211,1468503,27651911490,17940,18830,18830,890,4.96,18830,890,4.96,18830,18830,1400-6-3,2021-08-25
598,سخند,صندوق س.سپهرخبرگان نفت-د,209,9912740,99374653330,9988,9980,10025,37,0.37,10025,37,0.37,9980,10025,1400-6-3,2021-08-25
599,كقزوي,شيشه‌ قزوين‌,205,2125270,18516658960,8460,8713,8713,253,2.99,8713,253,2.99,8533,8713,1400-6-3,2021-08-25
600,پدرخش,درخشان‌ تهران‌,197,710137,18420953780,24710,25940,25940,1230,4.98,25940,1230,4.98,25940,25940,1400-6-3,2021-08-25
601,افق ملت,صندوق س در سهام افق ملت,186,55012,9010300120,163250,165000,164180,930,0.57,163790,540,0.33,162500,165000,1400-6-3,2021-08-25
602,ساروج,بين المللي ساروج بوشهر,186,308653,6126227658,19635,19253,19800,165,0.84,19758,123,0.63,19253,20224,1400-6-3,2021-08-25
603,ضصاد8033,اختيارخ وبصادر-2489-1400/08/12,184,6845,2551929000,333,350,435,102,30.63,373,40,12.01,330,439,1400-6-3,2021-08-25
604,كفپارس,فرآورده‌هاي‌ نسوز پارس‌,184,3376337,12988768439,3664,3847,3847,183,4.99,3799,135,3.68,3847,3847,1400-6-3,2021-08-25
605,واحيا,م .صنايع و معادن احياء سپاهان,183,1176215,245313752830,202488,208562,208562,6074,3,208562,6074,3,208562,208562,1400-6-3,2021-08-25
606,سمتاز,سيمان ممتازان كرمان,183,650786,17700218050,26412,27190,27204,792,3,27198,786,2.98,27010,27204,1400-6-3,2021-08-25
607,سپر,صندوق س سپر سرمايه بيدار- ثابت,178,2496347,31455522397,12593,12600,12603,10,0.08,12601,8,0.06,12600,12603,1400-6-3,2021-08-25
608,آرمان,بيمه آرمان,175,543604,3590140804,6431,6433,6616,185,2.88,6492,61,0.95,6433,6623,1400-6-3,2021-08-25
609,كرازي,كارخانجات‌توليدي‌شيشه‌رازي‌,174,14011537,18537263451,1260,1323,1323,63,5,1323,63,5,1323,1323,1400-6-3,2021-08-25
610,وآتوس,س.آرين توسكا قيمت اسمي 350ريال,167,398175,12888342335,31716,32667,32667,951,3,32369,653,2.06,30766,32667,1400-6-3,2021-08-25
611,ضملت8042,اختيارخ وبملت-3934-1400/08/19,165,3977,3046640000,720,770,840,120,16.67,766,46,6.39,704,840,1400-6-3,2021-08-25
612,كلوند,كاشي‌ الوند,165,522670,13411712200,24440,25660,25660,1220,4.99,25410,970,3.97,25660,25660,1400-6-3,2021-08-25
613,توريل,توكاريل,164,1578337,25726893100,15524,16300,16300,776,5,16300,776,5,16300,16300,1400-6-3,2021-08-25
614,تسه9907,امتياز تسهيلات مسكن مهر99,160,2662,1602877405,620916,590015,600000,-20916,-3.37,602133,-18783,-3.03,589991,612000,1400-6-3,2021-08-25
615,دجابر,داروسازي‌ جابرابن‌حيان‌,154,1242422,19369358980,14850,15590,15590,740,4.98,15590,740,4.98,15590,15590,1400-6-3,2021-08-25
616,تسه9902,امتياز تسهيلات مسكن ارديبهشت99,153,2604,1568189685,618068,600000,600000,-18068,-2.92,602223,-15845,-2.56,588770,615000,1400-6-3,2021-08-25
617,ثپرديس,سرمايه گذاري مسكن پرديس,153,1827741,11639054688,6065,6368,6368,303,5,6262,197,3.25,6368,6368,1400-6-3,2021-08-25
618,بكاب,صنايع‌جوشكاب‌يزد,150,83579,13375983160,152420,160040,160040,7620,5,158220,5800,3.81,160040,160040,1400-6-3,2021-08-25
619,فردا2,صندوق س آواي فرداي زاگرس-ثابت,150,15000000,15000000,11290,1,1,-11289,-99.99,1,-11289,-99.99,1,1,1400-6-3,2021-08-25
620,فلامي,لاميران‌,149,651167,16513595120,24160,25360,25360,1200,4.97,25350,1190,4.93,25360,25360,1400-6-3,2021-08-25
621,ضملت8043,اختيارخ وبملت-4434-1400/08/19,148,5492,3028934000,456,450,565,109,23.9,552,96,21.05,450,629,1400-6-3,2021-08-25
622,صايند,صندوق س. گنجينه آينده روشن-د,148,725990,7377848390,10159,10185,10150,-9,-0.09,10162,3,0.03,10140,10185,1400-6-3,2021-08-25
623,وجامي,سرمايه گذاري جامي,145,876804,10834667028,11998,12357,12357,359,2.99,12357,359,2.99,12357,12357,1400-6-3,2021-08-25
624,قيستو,شركت قند بيستون,145,956734,16034192100,16434,16762,16762,328,2,16759,325,1.98,16485,16762,1400-6-3,2021-08-25
625,قزوين,كارخانجات‌ قند قزوين‌,144,724822,25122201350,33010,34660,34660,1650,5,34660,1650,5,34650,34660,1400-6-3,2021-08-25
626,ثتران,سرمايه گذاري مسكن تهران,144,2398730,9580527620,3804,3994,3994,190,4.99,3907,103,2.71,3994,3994,1400-6-3,2021-08-25
627,وتوس,توسعه‌شهري‌توس‌گستر,143,443828,6031622520,12950,13590,13590,640,4.94,13170,220,1.7,13590,13590,1400-6-3,2021-08-25
628,تسه9904,امتياز تسهيلات مسكن تير99,141,1802,1090050553,621861,595000,593400,-28461,-4.58,604911,-16950,-2.73,591111,620000,1400-6-3,2021-08-25
629,دمعيار,صندوق س. توازن معيار-د,138,5639159,56475196657,10012,10020,10015,3,0.03,10015,3,0.03,10014,10020,1400-6-3,2021-08-25
630,اخزا908,اسنادخزانه-م8بودجه99-020606,137,375441,250908104649,674005,673059,668950,-5055,-0.75,668302,-5703,-0.85,665000,673100,1400-6-3,2021-08-25
631,دارو,كارخانجات‌داروپخش‌,136,916349,27792865170,28890,30330,30330,1440,4.98,30330,1440,4.98,30330,30330,1400-6-3,2021-08-25
632,ساينا,صنايع بهداشتي ساينا,134,93182,9186906562,93897,98591,98591,4694,5,96537,2640,2.81,98591,98591,1400-6-3,2021-08-25
633,تسه9810,امتياز تسهيلات مسكن دي98,128,2419,1462855103,616565,596000,596011,-20554,-3.33,604735,-11830,-1.92,592320,629980,1400-6-3,2021-08-25
634,ضسپا8044,اختيارخ خساپا-2500-1400/08/26,126,5709,942450000,159,156,184,25,15.72,165,6,3.77,145,190,1400-6-3,2021-08-25
635,الماس,صندوق س.امين تدبيرگران فردا-س,123,42433,5623336825,126883,130997,133799,6916,5.45,132523,5640,4.45,127495,133800,1400-6-3,2021-08-25
636,ضسپا8043,اختيارخ خساپا-2000-1400/08/26,122,5081,1914389000,367,369,408,41,11.17,377,10,2.72,343,429,1400-6-3,2021-08-25
637,سكه0012پ04,تمام سكه طرح جديد0012صادرات,121,41600,50924374100,1238819,1211001,1229000,-9819,-0.79,1224144,-14675,-1.18,1211001,1231450,1400-6-3,2021-08-25
638,نتوس,پشم‌ بافي‌ توس,120,657595,9838936390,14527,14962,14962,435,2.99,14928,401,2.76,14962,14962,1400-6-3,2021-08-25
639,تسه9906,امتياز تسهيلات مسكن شهريور99,116,1469,891510494,619546,592222,597000,-22546,-3.64,606883,-12663,-2.04,592222,629777,1400-6-3,2021-08-25
640,هجرت,پخش هجرت,116,1272532,40441066960,30267,31780,31780,1513,5,31780,1513,5,31780,31780,1400-6-3,2021-08-25
641,تسه9905,امتياز تسهيلات مسكن مرداد99,116,1290,775605402,619144,600000,614900,-4244,-0.69,601244,-17900,-2.89,588187,614900,1400-6-3,2021-08-25
642,شتولي,تولي‌پرس‌,116,585310,16096025000,31422,27500,27500,-3922,-12.48,27500,-3922,-12.48,27500,27500,1400-6-3,2021-08-25
643,فبيرا,بسته‌ بندي‌ ايران‌,114,2707201,6023522225,2161,2225,2225,64,2.96,2197,36,1.67,2225,2225,1400-6-3,2021-08-25
644,قشير,قند شيروان قوچان و بجنورد,114,784515,15556932450,18886,19830,19830,944,5,19754,868,4.6,19830,19830,1400-6-3,2021-08-25
645,سكه0011پ02,تمام سكه طرح جديد0011ملت,112,20100,24691263100,1242454,1216000,1230000,-12454,-1,1228421,-14033,-1.13,1216000,1235000,1400-6-3,2021-08-25
646,ضخود7078,اختيارخ خودرو-3500-1400/07/07,111,5822,58146000,12,11,10,-2,-16.67,10,-2,-16.67,9,12,1400-6-3,2021-08-25
647,دارا,صندوق س. دارا الگوريتم-د,110,1631013,16263057540,9971,9984,9974,3,0.03,9971,0,0,9963,9984,1400-6-3,2021-08-25
648,بايكا,كارخانجات كابلسازي ‌ايران‌,108,382909,11527092536,29228,30104,30104,876,3,30104,876,3,30104,30104,1400-6-3,2021-08-25
649,اخزا903,اسنادخزانه-م3بودجه99-011110,107,174642,132690221728,760237,757001,760002,-235,-0.03,759784,-453,-0.06,757001,760980,1400-6-3,2021-08-25
650,شزنگ,تجهيزنيروي‌زنگان‌,105,51395,6873515905,127371,133739,133739,6368,5,131232,3861,3.03,133739,133739,1400-6-3,2021-08-25
651,سكه0111پ05,تمام سكه طرح جديد0111آينده,105,144500,177608024500,1239600,1218500,1230000,-9600,-0.77,1229121,-10479,-0.85,1212000,1231000,1400-6-3,2021-08-25
652,لخزر,پارس‌ خزر,104,106202,18297542580,164090,172290,172290,8200,5,172290,8200,5,172290,172290,1400-6-3,2021-08-25
653,سكه0112پ03,تمام سكه طرح جديد0112سامان,101,26600,32587590500,1238061,1238999,1230000,-8061,-0.65,1225097,-12964,-1.05,1216000,1238999,1400-6-3,2021-08-25
654,كيان2,صندوق س. با درآمد ثابت كيان,100,10000000,10000000,30161,1,1,-30160,-100,1,-30160,-100,1,1,1400-6-3,2021-08-25
655,ثباغ,شهر سازي و خانه سازي باغميشه,100,2846404,41053684892,13737,14423,14423,686,4.99,14423,686,4.99,14423,14423,1400-6-3,2021-08-25
656,تسه9806,امتياز تسهيلات مسكن شهريور98,100,2608,1554588654,602584,595555,592000,-10584,-1.76,596085,-6499,-1.08,585010,610000,1400-6-3,2021-08-25
657,دلر,داروسازي‌ اكسير,100,1241901,55264594500,42390,44500,44500,2110,4.98,44500,2110,4.98,44500,44500,1400-6-3,2021-08-25
658,تسه9903,امتياز تسهيلات مسكن خرداد99,94,929,562889318,620245,601000,600000,-20245,-3.26,605909,-14336,-2.31,589233,614000,1400-6-3,2021-08-25
659,اخزا914,اسنادخزانه-م14بودجه99-021025,93,217255,134442792284,626003,626003,618000,-8003,-1.28,618825,-7178,-1.15,612600,626003,1400-6-3,2021-08-25
660,ضپاس7030,اختيارخ وپارس-3000-1400/07/28,93,4019,1607050000,379,384,470,91,24.01,400,21,5.54,379,470,1400-6-3,2021-08-25
661,ضجار7040,اختيارخ وتجارت-2497-1400/07/21,92,2852,1374966000,433,459,503,70,16.17,482,49,11.32,449,503,1400-6-3,2021-08-25
662,كصدف,كاشي صدف سرام استقلال آباده,90,815595,16719697500,25205,20500,20500,-4705,-18.67,20500,-4705,-18.67,20500,20500,1400-6-3,2021-08-25
663,اخزا815,اسنادخزانه-م15بودجه98-010406,88,104140,88691958014,851104,851790,850542,-562,-0.07,851661,557,0.07,849006,851800,1400-6-3,2021-08-25
664,داريك,صندوق س.اعتماد داريك-د,86,1490664,16911555604,11299,11345,11347,48,0.42,11345,46,0.41,11320,11428,1400-6-3,2021-08-25
665,ثروتم,صندوق س. ثروت آفرين پارسيان-س,85,171910,16588515780,95791,96735,97184,1393,1.45,96495,704,0.73,95560,97200,1400-6-3,2021-08-25
666,ضخود7074,اختيارخ خودرو-1800-1400/07/07,85,2385,1422791000,572,561,601,29,5.07,597,25,4.37,551,624,1400-6-3,2021-08-25
667,آسام,صندوق س.آرمان سپهر آشنا-م,85,168910,21456569780,126139,126999,127200,1061,0.84,127030,891,0.71,126200,127200,1400-6-3,2021-08-25
668,اخزا911,اسنادخزانه-م11بودجه99-020906,84,323564,206262258129,643413,642565,636000,-7413,-1.15,637470,-5943,-0.92,630117,644497,1400-6-3,2021-08-25
669,صنوين,صندوق سرمايه‌گذاري صنوين-مختلط,82,21898,2425769410,110920,111500,110700,-220,-0.2,110780,-140,-0.13,110160,112000,1400-6-3,2021-08-25
670,ضملت8044,اختيارخ وبملت-4934-1400/08/19,81,2497,709783000,224,298,293,69,30.8,284,60,26.79,260,300,1400-6-3,2021-08-25
671,تسه9812,امتياز تسهيلات مسكن اسفند98,80,722,435602521,618603,587673,600000,-18603,-3.01,603328,-15275,-2.47,587673,610000,1400-6-3,2021-08-25
672,كفرآور,فرآورده هاي سيمان شرق,80,656400,13820502000,20442,21055,21055,613,3,21055,613,3,21055,21055,1400-6-3,2021-08-25
673,گكيش,توريستي ورفاهي آبادگران كيش,78,146537,6392969699,45923,43627,43627,-2296,-5,44352,-1571,-3.42,43627,43627,1400-6-3,2021-08-25
674,كمرجان,بازرگاني و توليدي مرجان كار,75,25481,3372945451,139337,132371,132371,-6966,-5,137686,-1651,-1.18,132371,132371,1400-6-3,2021-08-25
675,كهربا,صندوق س.پشتوانه سكه طلا كهربا,75,130976,1382682498,10534,10550,10574,40,0.38,10557,23,0.22,10529,10575,1400-6-3,2021-08-25
676,ثاصفا,شركت‌ ساختمان‌ اصفهان‌,75,231689,5520685492,24564,23828,23828,-736,-3,24144,-420,-1.71,23828,23828,1400-6-3,2021-08-25
677,اخزا004,اسنادخزانه-م4بودجه00-030522,74,226640,125582086926,553635,556000,551010,-2625,-0.47,554104,469,0.08,551000,556000,1400-6-3,2021-08-25
678,تسه9901,امتياز تسهيلات مسكن فروردين99,73,776,474721116,617204,640000,598900,-18304,-2.97,611754,-5450,-0.88,587000,640000,1400-6-3,2021-08-25
679,اخزا909,اسنادخزانه-م9بودجه99-020316,72,157507,110230473951,708987,707000,699000,-9987,-1.41,699845,-9142,-1.29,695101,707000,1400-6-3,2021-08-25
680,تسه9808,امتياز تسهيلات مسكن آبان98,72,1574,951607657,619974,600310,598000,-21974,-3.54,604579,-15395,-2.48,590000,614993,1400-6-3,2021-08-25
681,تپولا,مهندسي مرآت پولاد,72,406491,9743182779,24710,23969,23969,-741,-3,23969,-741,-3,23969,23969,1400-6-3,2021-08-25
682,حرهشا,رهشاد سپاهان (سهامي عام,71,46593,4014173322,82052,86154,86154,4102,5,84600,2548,3.11,86154,86154,1400-6-3,2021-08-25
683,اخزا902,اسنادخزانه-م2بودجه99-011019,71,134460,103418220193,769531,769000,769304,-227,-0.03,769137,-394,-0.05,764002,769800,1400-6-3,2021-08-25
684,وحافظح,ح . بيمه حافظ,71,526380,3684660000,9150,7000,7000,-2150,-23.5,7000,-2150,-23.5,7000,7000,1400-6-3,2021-08-25
685,سكارون,سيمان كارون,69,17759,1840507242,106843,103638,103638,-3205,-3,106214,-629,-0.59,103638,103638,1400-6-3,2021-08-25
686,ضجار7041,اختيارخ وتجارت-2997-1400/07/21,69,2452,556613000,200,219,255,55,27.5,227,27,13.5,210,256,1400-6-3,2021-08-25
687,ضشنا8004,اختيارخ شپنا-10800-1400/08/16,68,678,3142605000,4563,4500,4650,87,1.91,4635,72,1.58,3003,4777,1400-6-3,2021-08-25
688,كنور,توسعه معدني و صنعتي صبانور,67,921528,15573823200,16100,16900,16900,800,4.97,16240,140,0.87,16900,16900,1400-6-3,2021-08-25
689,ثالوند,سرمايه گذاري مسكن الوند,67,69095,1775534215,27049,25697,25697,-1352,-5,26878,-171,-0.63,25697,25697,1400-6-3,2021-08-25
690,سجام,مجتمع سيمان غرب آسيا,65,1798463,8762111736,4731,4872,4872,141,2.98,4840,109,2.3,4872,4872,1400-6-3,2021-08-25
691,ضشنا8005,اختيارخ شپنا-12800-1400/08/16,65,1152,3470944000,3030,3000,3030,0,0,3013,-17,-0.56,2900,3100,1400-6-3,2021-08-25
692,سباقر,سيمان باقران,65,690076,11545661556,15935,16731,16731,796,5,16731,796,5,16731,16731,1400-6-3,2021-08-25
693,تسه9809,امتياز تسهيلات مسكن آذر98,65,907,548621293,620014,595500,613458,-6556,-1.06,604875,-15139,-2.44,595500,613458,1400-6-3,2021-08-25
694,شصفها,پتروشيمي‌ اصفهان‌,63,138123,20623145130,146383,149310,149310,2927,2,149310,2927,2,149310,149310,1400-6-3,2021-08-25
695,تسه9811,امتياز تسهيلات مسكن بهمن98,60,404,245122883,616440,586000,599000,-17440,-2.83,606740,-9700,-1.57,586000,620000,1400-6-3,2021-08-25
696,ضملي7003,اختيارخ فملي-11720-1400/07/11,59,494,1483021000,3084,2902,3110,26,0.84,3002,-82,-2.66,2901,3110,1400-6-3,2021-08-25
697,شساخت,مهندسي و ساختمان صنايع نفت,58,435027,19575779973,43689,44999,44999,1310,3,44255,566,1.3,44999,44999,1400-6-3,2021-08-25
698,ضجار7038,اختيارخ وتجارت-1797-1400/07/21,58,2575,2830181000,1032,1100,1125,93,9.01,1099,67,6.49,700,1400,1400-6-3,2021-08-25
699,اطلس2,صندوق س.توسعه اندوخته آينده-س,58,580000,580000,281786,1,1,-281785,-100,1,-281785,-100,1,1,1400-6-3,2021-08-25
700,اخزا006,اسنادخزانه-م6بودجه00-030723,55,14287,7717338390,540631,540000,540000,-631,-0.12,540165,-466,-0.09,539990,550010,1400-6-3,2021-08-25
701,ضسپا8042,اختيارخ خساپا-1800-1400/08/26,55,1423,667969000,486,450,487,1,0.21,469,-17,-3.5,425,524,1400-6-3,2021-08-25
702,ثاباد,توريستي ورفاهي آبادگران ايران,54,48361,2224606000,48420,46000,46000,-2420,-5,48040,-380,-0.78,46000,46000,1400-6-3,2021-08-25
703,تسه9807,امتياز تسهيلات مسكن مهر98,53,856,521350550,617769,619998,598010,-19759,-3.2,609054,-8715,-1.41,598010,619998,1400-6-3,2021-08-25
704,ضسپا8041,اختيارخ خساپا-1600-1400/08/26,52,1012,639658000,635,600,660,25,3.94,632,-3,-0.47,600,679,1400-6-3,2021-08-25
705,ضپال2007,اختيارخ اپال-32000-1401/02/12,51,895,1092331000,1225,1400,1340,115,9.39,1220,-5,-0.41,1100,1400,1400-6-3,2021-08-25
706,وحافظ,بيمه حافظ,51,201542,2416085496,12232,11988,11988,-244,-1.99,12111,-121,-0.99,11988,11988,1400-6-3,2021-08-25
707,امين يكم2,صندوق درآمد ثابت امين يكم فردا,50,50000000,50000000,10001,1,1,-10000,-99.99,1,-10000,-99.99,1,1,1400-6-3,2021-08-25
708,كامياب2,صندوق س. كامياب آشنا-د,50,5000000,5000000,10308,1,1,-10307,-99.99,1,-10307,-99.99,1,1,1400-6-3,2021-08-25
709,عيار2,صندوق سكه طلاي مفيد,50,500000,500000,31703,1,1,-31702,-100,1,-31702,-100,1,1,1400-6-3,2021-08-25
710,آكورد2,صندوق س. آرمان آتي كوثر-د,47,4700000,4700000,33725,1,1,-33724,-100,1,-33724,-100,1,1,1400-6-3,2021-08-25
711,بذر,صندوق س بذر اميد آفرين-سهام,46,45193,5137289330,113410,114700,114810,1400,1.23,113670,260,0.23,112660,115470,1400-6-3,2021-08-25
712,ضپاس7029,اختيارخ وپارس-2500-1400/07/28,44,767,564544000,743,750,741,-2,-0.27,736,-7,-0.94,681,796,1400-6-3,2021-08-25
713,داراب,پتروشيمي داراب,43,493339,1139613090,2381,2310,2310,-71,-2.98,2373,-8,-0.34,2310,2310,1400-6-3,2021-08-25
714,پادا,صندوق س.پاداش سرمايه پارس-س,43,15483,1972233800,124597,128000,127600,3003,2.41,127381,2784,2.23,125000,128650,1400-6-3,2021-08-25
715,وسقم,شركت س استان قم,42,591592,780901440,1389,1320,1320,-69,-4.97,1387,-2,-0.14,1320,1320,1400-6-3,2021-08-25
716,ضملي7004,اختيارخ فملي-13720-1400/07/11,41,399,636161000,1654,1545,1600,-54,-3.26,1594,-60,-3.63,1540,1749,1400-6-3,2021-08-25
717,اخزا907,اسنادخزانه-م7بودجه99-020704,41,64309,42308055791,667195,662148,655004,-12191,-1.83,657887,-9308,-1.4,654001,662148,1400-6-3,2021-08-25
718,سخواف,سيمان مجد خواف,41,98334,1409027886,14772,14329,14329,-443,-3,14705,-67,-0.45,14329,14329,1400-6-3,2021-08-25
719,ضملت8041,اختيارخ وبملت-3434-1400/08/19,41,787,937863000,1114,1001,1250,136,12.21,1192,78,7,1001,1279,1400-6-3,2021-08-25
720,ثنظام,س. ساختماني نظام مهندسي ايران,36,18596,825904148,46750,44413,44413,-2337,-5,46546,-204,-0.44,44413,44413,1400-6-3,2021-08-25
721,ثتوسا,س.توسعه و عمران استان اردبيل,35,24321,887181438,37606,36478,36478,-1128,-3,37503,-103,-0.27,36478,36478,1400-6-3,2021-08-25
722,گپارس,امور رفاهي كارگزاران پارس,35,16120,2113912320,127317,131136,131136,3819,3,128121,804,0.63,131136,131136,1400-6-3,2021-08-25
723,اخزا905,اسنادخزانه-م5بودجه99-020218,35,138430,99297650307,717793,718000,716500,-1293,-0.18,717313,-480,-0.07,716500,719999,1400-6-3,2021-08-25
724,سحرخيز2,صندوق س. گروه زعفران سحرخيز,35,3500000,3500000,10495,1,1,-10494,-99.99,1,-10494,-99.99,1,1,1400-6-3,2021-08-25
725,سفارود,كارخانه فارسيت درود,33,48805,804111180,17162,16476,16476,-686,-4,17047,-115,-0.67,16476,16476,1400-6-3,2021-08-25
726,ضپيك7042,اختيارخ تاپيكو-8070-00/07/18,31,234,1605108000,6684,6300,7199,515,7.7,6859,175,2.62,6020,7250,1400-6-3,2021-08-25
727,ضخود7080,اختيارخ خودرو-4500-1400/07/07,30,1215,10995000,11,10,9,-2,-18.18,9,-2,-18.18,8,11,1400-6-3,2021-08-25
728,اوصتا,صندوق انديشه ورزان صباتامين -د,30,172511,3387966857,19616,19637,19637,21,0.11,19639,23,0.12,19637,19640,1400-6-3,2021-08-25
729,ثهام,صندوق س ثروت هامرز-سهام,29,58529,695865084,11810,12030,12050,240,2.03,11889,79,0.67,11810,12050,1400-6-3,2021-08-25
730,اخزا821,اسنادخزانه-م21بودجه98-020906,28,16790,10699483635,639013,634010,633000,-6013,-0.94,637253,-1760,-0.28,633000,640000,1400-6-3,2021-08-25
731,زعف0008پ09,زعفران0008نگين نوين(پ),28,7700,1168071100,154999,144000,158100,3101,2,151698,-3301,-2.13,144000,158100,1400-6-3,2021-08-25
732,گنجين,صندوق س. گنجينه يكم آويد-د,28,145932,1975799997,13537,13546,13537,0,0,13539,2,0.01,13537,13546,1400-6-3,2021-08-25
733,وهنر,گروه توسعه هنر ايران,26,47244,340345776,7426,7204,7204,-222,-2.99,7418,-8,-0.11,7204,7204,1400-6-3,2021-08-25
734,تپكو,توليدتجهيزات‌سنگين‌هپكو,26,62501,327130234,5340,5234,5234,-106,-1.99,5339,-1,-0.02,5234,5234,1400-6-3,2021-08-25
735,زعف0008پ10,زعفران0008نگين طلاي سرخ(پ),26,17606,2653876085,150291,149799,152000,1709,1.14,150737,446,0.3,146005,152000,1400-6-3,2021-08-25
736,ضمخا7075,اختيارخ اخابر-8700-1400/07/28,26,467,1358690000,2537,2200,2908,371,14.62,2909,372,14.66,2200,3000,1400-6-3,2021-08-25
737,اخزا811,اسنادخزانه-م11بودجه98-001013,25,117127,109078709214,930336,930000,931252,916,0.1,931286,950,0.1,930000,934000,1400-6-3,2021-08-25
738,ضمخا7076,اختيارخ اخابر-9700-1400/07/28,23,687,1374196000,1789,1500,2150,361,20.18,2000,211,11.79,1500,2190,1400-6-3,2021-08-25
739,آگاس2,صندوق س.هستي بخش آگاه-س,22,4000000,4000000,90664,1,1,-90663,-100,1,-90663,-100,1,1,1400-6-3,2021-08-25
740,اگ000618,گام بانك تجارت0006,22,220000,215160000000,960000,978000,978000,18000,1.88,978000,18000,1.88,978000,978000,1400-6-3,2021-08-25
741,اخزا809,اسنادخزانه-م9بودجه98-000923,22,27958,26348755326,939739,940000,941500,1761,0.19,942441,2702,0.29,938000,945000,1400-6-3,2021-08-25
742,ددامح,ح . داروسازي زاگرس فارمد پارس,21,16467,256885200,15600,15600,15600,0,0,15600,0,0,15600,15600,1400-6-3,2021-08-25
743,هنوري102,اختيارف ت نوري59561-01/02/15,21,300000,300000,1,1,1,0,0,1,0,0,1,1,1400-6-3,2021-08-25
744,اراد72,مرابحه عام دولت72-ش.خ0311,21,228200,213138619400,920000,933977,934000,14000,1.52,933999,13999,1.52,933977,934000,1400-6-3,2021-08-25
745,گوهر2,صندوق سكه طلاي كيان,20,200000,200000,62226,1,1,-62225,-100,1,-62225,-100,1,1,1400-6-3,2021-08-25
746,اخزا807,اسنادخزانه-م7بودجه98-000719,20,45449,44289844912,972925,974999,977500,4575,0.47,974495,1570,0.16,973000,977500,1400-6-3,2021-08-25
747,اخزا721,اسنادخزانه-م21بودجه97-000728,20,67112,65116690093,968835,968009,968000,-835,-0.09,970269,1434,0.15,968000,971500,1400-6-3,2021-08-25
748,خفناور,مهندسي صنعتي روان فن آور,19,16449,726947106,46520,44194,44194,-2326,-5,46342,-178,-0.38,44194,44194,1400-6-3,2021-08-25
749,اخزا812,اسنادخزانه-م12بودجه98-001111,19,92195,84959071630,915917,921999,923000,7083,0.77,921515,5598,0.61,919997,923000,1400-6-3,2021-08-25
750,ضخود7072,اختيارخ خودرو-1400-1400/07/07,19,279,269003000,957,920,1000,43,4.49,964,7,0.73,903,1079,1400-6-3,2021-08-25
751,حاريا,كشتيراني آريا,18,35468,584725448,16822,16486,16486,-336,-2,16782,-40,-0.24,16486,16486,1400-6-3,2021-08-25
752,سرو2,صندوق س سروسودمند مدبران-سهام,17,2600000,2600000,88490,1,1,-88489,-100,1,-88489,-100,1,1,1400-6-3,2021-08-25
753,اخزا904,اسنادخزانه-م4بودجه99-011215,16,12090,9025086174,745622,745622,748000,2378,0.32,746492,870,0.12,745622,748000,1400-6-3,2021-08-25
754,ثنام,س ساختماني ب نام آوران مهندسي,15,13120,204120960,16376,15558,15558,-818,-5,16358,-18,-0.11,15558,15558,1400-6-3,2021-08-25
755,ضصاد8031,اختيارخ وبصادر-1789-1400/08/12,15,582,546658000,890,900,967,77,8.65,939,49,5.51,900,1000,1400-6-3,2021-08-25
756,ضذوب905,اختيارخ ذوب-5000-14000917,15,310,193480000,549,650,630,81,14.75,624,75,13.66,540,650,1400-6-3,2021-08-25
757,ضشنا8006,اختيارخ شپنا-14800-1400/08/16,15,70,131946000,1881,1800,1900,19,1.01,1885,4,0.21,1800,1900,1400-6-3,2021-08-25
758,تملي703,تسهيلات مسكن ب. ملي-خرداد97,15,168,150669830,879999,836000,836000,-43999,-5,896844,16845,1.91,836000,923998,1400-6-3,2021-08-25
759,اخزا816,اسنادخزانه-م16بودجه98-010503,15,50551,42448847138,839338,839889,840000,662,0.08,839723,385,0.05,838351,840066,1400-6-3,2021-08-25
760,ضسپا8039,اختيارخ خساپا-1200-1400/08/26,14,145,140454000,990,950,1000,10,1.01,969,-21,-2.12,950,1001,1400-6-3,2021-08-25
761,ضفلا7006,اختيارخ فولاد-12440-1400/07/25,14,47,89514896,1500,1400,1590,90,6,1358,-142,-9.47,1300,1600,1400-6-3,2021-08-25
762,ضملي7005,اختيارخ فملي-15720-1400/07/11,14,114,88956000,882,230,810,-72,-8.16,780,-102,-11.56,230,900,1400-6-3,2021-08-25
763,ثقزوي,شركت عمران و سازندگي قزوين,13,4634,139979238,31141,30207,30207,-934,-3,31127,-14,-0.04,30207,30207,1400-6-3,2021-08-25
764,ضصاد8034,اختيارخ وبصادر-2989-1400/08/12,13,201,45419000,178,144,250,72,40.45,226,48,26.97,144,250,1400-6-3,2021-08-25
765,زعف0008پ11,زعفران0008نگين سحرخيز(پ),13,23553,3596813945,151822,152990,151000,-822,-0.54,152711,889,0.59,151000,152990,1400-6-3,2021-08-25
766,اراد50,مرابحه عام دولت5-ش.خ0302,13,258000,258000258000,1000000,1000001,1000001,1,0,1000001,1,0,1000001,1000001,1400-6-3,2021-08-25
767,ضفلا7003,اختيارخ فولاد-8160-1400/07/25,13,125,761363110,4518,500,4400,-118,-2.61,4344,-174,-3.85,500,4400,1400-6-3,2021-08-25
768,ضفلا7004,اختيارخ فولاد-9586-1400/07/25,13,154,680619126,3110,2970,3065,-45,-1.45,3152,42,1.35,2970,3200,1400-6-3,2021-08-25
769,ضشنا8002,اختيارخ شپنا-7800-1400/08/16,12,113,837742000,7264,7200,7400,136,1.87,7414,150,2.06,7200,8000,1400-6-3,2021-08-25
770,اخزا814,اسنادخزانه-م14بودجه98-010318,12,15708,13521086000,860230,861000,860000,-230,-0.03,860777,547,0.06,860000,861120,1400-6-3,2021-08-25
771,اراد61,مرابحه عام دولت61-ش.خ0309,12,120000,120000120000,1000001,1000001,1000001,0,0,1000001,0,0,1000001,1000001,1400-6-3,2021-08-25
772,ضخود7079,اختيارخ خودرو-4000-1400/07/07,12,768,100374000,20,15,10,-10,-50,131,111,555,1,450,1400-6-3,2021-08-25
773,اخزا820,اسنادخزانه-م20بودجه98-020806,12,10764,6996497886,655490,655854,642710,-12780,-1.95,649990,-5500,-0.84,637041,655854,1400-6-3,2021-08-25
774,ضپاس7028,اختيارخ وپارس-2000-1400/07/28,11,179,196371000,1186,880,1290,104,8.77,1097,-89,-7.5,880,1290,1400-6-3,2021-08-25
775,لپيام,گسترش صنايع پيام,11,5087,240472664,48733,47272,47272,-1461,-3,48695,-38,-0.08,47272,47272,1400-6-3,2021-08-25
776,ضصاد8030,اختيارخ وبصادر-1589-1400/08/12,11,332,380178000,1000,1099,1181,181,18.1,1145,145,14.5,1099,1288,1400-6-3,2021-08-25
777,ضخود7073,اختيارخ خودرو-1600-1400/07/07,11,345,276297000,762,705,800,38,4.99,801,39,5.12,705,899,1400-6-3,2021-08-25
778,اراد33,مرابحه عام دولت3-ش.خ 0303,11,126000,111136987000,870000,886987,882000,12000,1.38,882040,12040,1.38,882000,886987,1400-6-3,2021-08-25
779,زر2,صندوق س.پشتوانه سكه طلاي زر,11,1100000,1100000,55023,1,1,-55022,-100,1,-55022,-100,1,1,1400-6-3,2021-08-25
780,ضپيك7043,اختيارخ تاپيكو-10070-00/07/18,9,168,748930000,4990,4001,5550,560,11.22,4458,-532,-10.66,4001,5550,1400-6-3,2021-08-25
781,واميد2,گروه مديريت سرمايه گذاري اميد,8,80000000,1056000000000,13070,13200,13200,130,0.99,13200,130,0.99,13200,13200,1400-6-3,2021-08-25
782,زير0103پ04,زيره سبز0103شركت مينوبذر(پ),8,210,164647862,776889,858111,776388,-501,-0.06,784037,7148,0.92,776388,858111,1400-6-3,2021-08-25
783,ضجار7039,اختيارخ وتجارت-1997-1400/07/21,8,191,176448000,898,900,952,54,6.01,924,26,2.9,900,960,1400-6-3,2021-08-25
784,اخزا808,اسنادخزانه-م8بودجه98-000817,8,17150,16461324729,957996,961000,958060,64,0.01,959844,1848,0.19,958060,961999,1400-6-3,2021-08-25
785,كمند2,صندوق س. با درآمد ثابت كمند,7,453000000,453000000,10099,1,1,-10098,-99.99,1,-10098,-99.99,1,1,1400-6-3,2021-08-25
786,ضترا8058,اختيارخ شتران-3442-1400/08/09,7,26,106099000,3950,3999,4000,50,1.27,4081,131,3.32,3999,4100,1400-6-3,2021-08-25
787,ضشنا8003,اختيارخ شپنا-8800-1400/08/16,7,136,893010000,6419,6000,6600,181,2.82,6566,147,2.29,6000,6800,1400-6-3,2021-08-25
788,ومعادن2,توسعه‌معادن‌وفلزات‌,7,75000000,944400000000,12590,12600,12590,0,0,12592,2,0.02,12590,12600,1400-6-3,2021-08-25
789,زعف0008پ05,زعفران0008نگين زرين(پ),7,889,127787527,143914,143743,143743,-171,-0.12,143743,-171,-0.12,143743,143743,1400-6-3,2021-08-25
790,ضملي7002,اختيارخ فملي-9720-1400/07/11,7,151,726380000,4839,4790,4899,60,1.24,4810,-29,-0.6,4790,4900,1400-6-3,2021-08-25
791,ضشنا8001,اختيارخ شپنا-6800-1400/08/16,7,68,552954000,8075,8000,8100,25,0.31,8132,57,0.71,8000,8299,1400-6-3,2021-08-25
792,تملي803,تسهيلات مسكن ب. ملي-خرداد98,6,90,59885332,689604,670000,679000,-10604,-1.54,665393,-24211,-3.51,655124,679000,1400-6-3,2021-08-25
793,وشمال,س. چشم انداز توسعه شمال,6,24234,2031681624,86428,83836,83836,-2592,-3,85876,-552,-0.64,83836,83836,1400-6-3,2021-08-25
794,زعف0008پ12,زعفران0008پوشالمعمول سحرخيز(پ),6,3010,341076660,113173,114000,107666,-5507,-4.87,113315,142,0.13,107666,114000,1400-6-3,2021-08-25
795,ضسان7082,اختيارخ پارسان-32000-00/07/14,6,260,1040000000,1,4000,4000,3999,399900,4000,3999,399900,4000,4000,1400-6-3,2021-08-25
796,طلا2,صندوق س.پشتوانه طلاي لوتوس,6,600000,600000,88732,1,1,-88731,-100,1,-88731,-100,1,1,1400-6-3,2021-08-25
797,اخزا813,اسنادخزانه-م13بودجه98-010219,6,15579,13622867094,873567,874002,874500,933,0.11,874438,871,0.1,874002,874999,1400-6-3,2021-08-25
798,اخزا817,اسنادخزانه-م17بودجه98-010512,6,3796,3156830350,836120,831012,832040,-4080,-0.49,831620,-4500,-0.54,831012,842000,1400-6-3,2021-08-25
799,تملي801,تسهيلات مسكن ب. ملي-فروردين98,6,34,26210294,757523,795399,719647,-37876,-5,770891,13368,1.76,719647,795399,1400-6-3,2021-08-25
800,شكف,كف,6,725,70491750,99214,97230,97230,-1984,-2,99200,-14,-0.01,97230,97230,1400-6-3,2021-08-25
801,زرين2,صندوق س. سهام زرين كوروش-س,5,1400000,1400000,13956,1,1,-13955,-99.99,1,-13955,-99.99,1,1,1400-6-3,2021-08-25
802,ضمخا7066,اختيارخ اخابر-11700-1400/07/28,5,17,15545000,846,801,999,153,18.09,914,68,8.04,801,999,1400-6-3,2021-08-25
803,شگويات.ف0104,اختيارف.تبعي شگويا010408,5,35563,35563,1,1,1,0,0,1,0,0,1,1,1400-6-3,2021-08-25
804,نگين,ص.س. زمين و ساختمان نگين شهرري,5,2508,124427280,49600,49600,49600,0,0,49610,10,0.02,49600,49740,1400-6-3,2021-08-25
805,ضذوب906,اختيارخ ذوب-6000-14000917,5,280,107750000,500,400,315,-185,-37,385,-115,-23,315,400,1400-6-3,2021-08-25
806,ضجار7043,اختيارخ وتجارت-3997-1400/07/21,5,220,7580000,30,79,30,0,0,34,4,13.33,30,79,1400-6-3,2021-08-25
807,پست0008پ08,پسته فندقي32-30مه ولات0008(پ),5,15,27600000,1803396,1840000,1840000,36604,2.03,1840000,36604,2.03,1840000,1840000,1400-6-3,2021-08-25
808,سنفت010,سلف موازي استاندارد سنفت010,5,309000,499344000000,1606880,1616000,1616000,9120,0.57,1616000,9120,0.57,1616000,1616000,1400-6-3,2021-08-25
809,اخزا723,اسنادخزانه-م23بودجه97-000824,4,15583,14894420900,955850,956000,955501,-349,-0.04,955812,-38,0,953800,956000,1400-6-3,2021-08-25
810,تملي704,تسهيلات مسكن ب. ملي-تير97,4,97,82368656,865738,822452,822452,-43286,-5,849161,-16577,-1.91,822452,860000,1400-6-3,2021-08-25
811,زير0103پ01,زيره سبز0103كيميابذر(پ),4,235,201613000,846220,857800,858000,11780,1.39,857928,11708,1.38,857800,858000,1400-6-3,2021-08-25
812,ضذوب904,اختيارخ ذوب-4500-14000917,4,100,99900000,927,999,999,72,7.77,999,72,7.77,999,999,1400-6-3,2021-08-25
813,زعف0008پ18,زعفران0008نگين بهرامن(پ),4,4000,603500000,150875,152000,150000,-875,-0.58,150875,0,0,150000,152000,1400-6-3,2021-08-25
814,سلامت6,مرابحه سلامت6واجدشرايط خاص1400,4,100000,100000000000,1000000,1000000,1000000,0,0,1000000,0,0,1000000,1000000,1400-6-3,2021-08-25
815,تملي807,تسهيلات مسكن ب. ملي-مهر98,4,24,20554872,815670,856453,856453,40783,5,856453,40783,5,856453,856453,1400-6-3,2021-08-25
816,تملي702,تسهيلات مسكن ب. ملي-ارديبهشت97,3,28,13868820,471729,495315,495315,23586,5,495315,23586,5,495315,495315,1400-6-3,2021-08-25
817,ضترا8061,اختيارخ شتران-5205-1400/08/09,3,30,54800000,1790,1700,1890,100,5.59,1827,37,2.07,1700,1890,1400-6-3,2021-08-25
818,ضپيك7041,اختيارخ تاپيكو-7070-00/07/18,3,21,160000000,7537,7100,8200,663,8.8,7619,82,1.09,7100,8200,1400-6-3,2021-08-25
819,فملي2,ملي‌ صنايع‌ مس‌ ايران‌,3,274000000,3924080000000,14440,14440,14300,-140,-0.97,14321,-119,-0.82,14220,14440,1400-6-3,2021-08-25
820,صينا205,صكوك منفعت سينا دارو-3ماهه 19%,3,67,65995000,980000,985000,985000,5000,0.51,985000,5000,0.51,985000,985000,1400-6-3,2021-08-25
821,فراز2,صندوق س.سهام فراز داريك-س,3,1500000,1500000,13785,1,1,-13784,-99.99,1,-13784,-99.99,1,1,1400-6-3,2021-08-25
822,زعف0008پ19,زعفران0008نگين تروند قاينات(پ),3,1887,285650000,150947,152000,150000,-947,-0.63,151378,431,0.29,150000,152000,1400-6-3,2021-08-25
823,ضترا8057,اختيارخ شتران-3000-1400/08/09,3,6,29400000,4600,4900,4900,300,6.52,4900,300,6.52,4900,4900,1400-6-3,2021-08-25
824,كشم0006پ02,كشمش تيزابي0006تاكستان(پ),3,200,46200000,241215,231000,231000,-10215,-4.23,231000,-10215,-4.23,231000,231000,1400-6-3,2021-08-25
825,افاد44,منفعت دولتي4-شرايط خاص14010729,3,7995000,7808445000000,1000000,971115,980000,-20000,-2,976666,-23334,-2.33,971115,980000,1400-6-3,2021-08-25
826,پاسار04,اجاره انرژي پاسارگاد14040302,3,70000,70000000000,1000000,1000000,1000000,0,0,1000000,0,0,1000000,1000000,1400-6-3,2021-08-25
827,هفارس104,اختيارف ت فارس-11832-01/04/12,2,20964,20964,1,1,1,0,0,1,0,0,1,1,1400-6-3,2021-08-25
828,ثاژن,سخت آژند,2,2000,18248000,9310,9124,9124,-186,-2,9309,-1,-0.01,9124,9124,1400-6-3,2021-08-25
829,ضملي7006,اختيارخ فملي-17720-1400/07/11,2,2,250000,71,100,150,79,111.27,125,54,76.06,100,150,1400-6-3,2021-08-25
830,طملت8042,اختيارف وبملت-3934-1400/08/19,2,20,2000000,100,100,100,0,0,100,0,0,100,100,1400-6-3,2021-08-25
831,وسالت,بانك قرض الحسنه رسالت,2,53178,60888810,1112,1145,1145,33,2.97,1112,0,0,1145,1145,1400-6-3,2021-08-25
832,تملي612,تسهيلات مسكن بانك ملي-اسفند96,2,29,20901000,702867,720000,721000,18133,2.58,720724,17857,2.54,720000,721000,1400-6-3,2021-08-25
833,ضچاد7033,اختيارخ كچاد-17870-1400/07/04,2,10,120000000,11779,12000,12000,221,1.88,12000,221,1.88,12000,12000,1400-6-3,2021-08-25
834,فبستم,صنايع ‌بسته‌بندي‌ مشهد,2,44955,37402560,793,832,832,39,4.92,794,1,0.13,832,832,1400-6-3,2021-08-25
835,تملي706,تسهيلات مسكن ب. ملي-شهريور97,2,25,22327535,850720,893255,892999,42279,4.97,893101,42381,4.98,892999,893255,1400-6-3,2021-08-25
836,ضملت8040,اختيارخ وبملت-2934-1400/08/19,2,5,8650000,1680,1700,1850,170,10.12,1730,50,2.98,1700,1850,1400-6-3,2021-08-25
837,ضفلا7005,اختيارخ فولاد-11013-1400/07/25,2,8,25161694,2258,2149,2300,42,1.86,2243,-15,-0.66,2149,2300,1400-6-3,2021-08-25
838,كاوه2,فولاد كاوه جنوب كيش,2,62371410,1352691594400,21840,21840,21650,-190,-0.87,21688,-152,-0.7,21650,21840,1400-6-3,2021-08-25
839,اخزا906,اسنادخزانه-م6بودجه99-020321,2,1350,950402700,707922,704002,704002,-3920,-0.55,704002,-3920,-0.55,704002,704002,1400-6-3,2021-08-25
840,ضملت8045,اختيارخ وبملت-5934-1400/08/19,2,11,1150000,120,110,50,-70,-58.33,105,-15,-12.5,50,110,1400-6-3,2021-08-25
841,ضپال2006,اختيارخ اپال-28000-1401/02/12,2,17,51000000,3000,3000,3000,0,0,3000,0,0,3000,3000,1400-6-3,2021-08-25
842,داريك2,صندوق س.اعتماد داريك-د,2,1100000,1100000,11299,1,1,-11298,-99.99,1,-11298,-99.99,1,1,1400-6-3,2021-08-25
843,ضپنا8000,اختيارخ رمپنا-9850-1400/08/05,2,3,31200000,10400,10400,10400,0,0,10400,0,0,10400,10400,1400-6-3,2021-08-25
844,ضذوب903,اختيارخ ذوب-4000-14000917,2,101,131300000,1275,1300,1300,25,1.96,1300,25,1.96,1300,1300,1400-6-3,2021-08-25
845,ضمخا7071,اختيارخ اخابر-23700-1400/07/28,2,13,520000,50,40,40,-10,-20,40,-10,-20,40,40,1400-6-3,2021-08-25
846,ضجار7042,اختيارخ وتجارت-3497-1400/07/21,2,101,11147000,12,147,110,98,816.67,110,98,816.67,110,147,1400-6-3,2021-08-25
847,كرمان02,مرابحه كرمان موتور14020306,2,47500,46787975000,985000,985010,985010,10,0,985010,10,0,985010,985010,1400-6-3,2021-08-25
848,اخزا810,اسنادخزانه-م10بودجه98-001006,2,2008,1877461208,934875,934999,932901,-1974,-0.21,934991,116,0.01,932901,934999,1400-6-3,2021-08-25
849,ضجار7037,اختيارخ وتجارت-1597-1400/07/21,2,51,69870000,1130,1370,1370,240,21.24,1370,240,21.24,1370,1370,1400-6-3,2021-08-25
850,ضغدر8058,اختيارخ وغدير-10000-1400/08/26,2,15,79500000,7000,5000,9500,2500,35.71,5300,-1700,-24.29,5000,9500,1400-6-3,2021-08-25
851,فولاد2,فولاد مباركه اصفهان,2,33900000,419910000000,12470,12340,12500,30,0.24,12387,-83,-0.67,12340,12500,1400-6-3,2021-08-25
852,هاميد104,اختيارف ت ثاميد-2050-01/04/20,1,25000,25000,1,1,1,0,0,1,0,0,1,1,1400-6-3,2021-08-25
853,كگل2,معدني و صنعتي گل گهر,1,3500000,87500000000,24660,25000,25000,340,1.38,25000,340,1.38,25000,25000,1400-6-3,2021-08-25
854,ضمخا7067,اختيارخ اخابر-13700-1400/07/28,1,1,55000,425,55,55,-370,-87.06,55,-370,-87.06,55,55,1400-6-3,2021-08-25
855,اخزا9112,اسنادخزانه-م11بودجه99-020906,1,269500,172749500000,643413,641000,641000,-2413,-0.38,641000,-2413,-0.38,641000,641000,1400-6-3,2021-08-25
856,اراد434,مرابحه عام دولت4-ش.خ 0205,1,1568000,1626016000000,935000,1037000,1037000,102000,10.91,1037000,102000,10.91,1037000,1037000,1400-6-3,2021-08-25
857,ساذري,آذريت‌,1,2500,18587500,7219,7435,7435,216,2.99,7219,0,0,7435,7435,1400-6-3,2021-08-25
858,خساپا2,سايپا,1,464037000,999999735000,2149,2155,2155,6,0.28,2155,6,0.28,2155,2155,1400-6-3,2021-08-25
859,كوثر2,بيمه كوثر,1,4000000,58000000000,14411,14500,14500,89,0.62,14500,89,0.62,14500,14500,1400-6-3,2021-08-25
860,وصندوق2,سرمايه‌گذاري‌صندوق‌بازنشستگي‌,1,6000000,117540000000,19350,19590,19590,240,1.24,19590,240,1.24,19590,19590,1400-6-3,2021-08-25
861,ضخوز7035,اختيارخ فخوز-8200-1400/07/14,1,1,10000000,8562,10000,10000,1438,16.8,10000,1438,16.8,10000,10000,1400-6-3,2021-08-25
862,پارسيان2,بيمه پارسيان,1,49940000,546343600000,10960,10940,10940,-20,-0.18,10940,-20,-0.18,10940,10940,1400-6-3,2021-08-25
863,ضپاس7031,اختيارخ وپارس-3500-1400/07/28,1,1,300000,150,300,300,150,100,300,150,100,300,300,1400-6-3,2021-08-25
864,ضگل8072,اختيارخ كگل-8700-1400/08/23,1,29,493000000,15514,17000,17000,1486,9.58,17000,1486,9.58,17000,17000,1400-6-3,2021-08-25
865,تملي709,تسهيلات مسكن ب. ملي-آذر97,1,7,5803259,872670,829037,829037,-43633,-5,829037,-43633,-5,829037,829037,1400-6-3,2021-08-25
866,وآذر2,سرمايه‌گذاري‌توسعه‌آذربايجان‌,1,9800000,756560000000,74670,77200,77200,2530,3.39,77200,2530,3.39,77200,77200,1400-6-3,2021-08-25
867,اراد82,مرابحه عام دولت82-ش.خ010912,1,1000,888000000,897000,888000,888000,-9000,-1,888000,-9000,-1,888000,888000,1400-6-3,2021-08-25
868,وبانك2,سرمايه گذاري گروه توسعه ملي,1,9700000,97970000000,10180,10100,10100,-80,-0.79,10100,-80,-0.79,10100,10100,1400-6-3,2021-08-25
869,اراد60,مرابحه عام دولتي6-ش.خ0210,1,100,97000000,970000,970000,970000,0,0,970000,0,0,970000,970000,1400-6-3,2021-08-25
870,اراد834,مرابحه عام دولت83-ش.خ041220,1,10050000,9217548450000,1000000,917169,917169,-82831,-8.28,917169,-82831,-8.28,917169,917169,1400-6-3,2021-08-25
871,ضغدر8059,اختيارخ وغدير-12000-1400/08/26,1,30,105000000,5800,3500,3500,-2300,-39.66,3500,-2300,-39.66,3500,3500,1400-6-3,2021-08-25
872,اراد49,مرابحه عام دولت4-ش.خ 0206,1,100,94500000,938000,945000,945000,7000,0.75,945000,7000,0.75,945000,945000,1400-6-3,2021-08-25
873,سنفت004,سلف موازي استاندارد سنفت004,1,24800,30008000000,1210000,1210000,1210000,0,0,1210000,0,0,1210000,1210000,1400-6-3,2021-08-25
874,صايپا3082,صكوك مرابحه سايپا308-3ماهه 18%,1,600000,577719000000,980000,962865,962865,-17135,-1.75,962865,-17135,-1.75,962865,962865,1400-6-3,2021-08-25
875,اعتماد4,صندوق س.اعتماد آفرين پارسيان-د,1,38865000,1489967505000,38301,38337,38337,36,0.09,38337,36,0.09,38337,38337,1400-6-3,2021-08-25
876,ضسپا8040,اختيارخ خساپا-1400-1400/08/26,1,2,1660000,820,830,830,10,1.22,830,10,1.22,830,830,1400-6-3,2021-08-25
877,آوا2,صندوق س.سهام آواي معيار-س,1,100000,100000,8337,1,1,-8336,-99.99,1,-8336,-99.99,1,1,1400-6-3,2021-08-25
878,ضترا8059,اختيارخ شتران-3882-1400/08/09,1,1,2900000,3200,2900,2900,-300,-9.38,2900,-300,-9.38,2900,2900,1400-6-3,2021-08-25
879,اخزا818,اسنادخزانه-م18بودجه98-010614,1,50,41050000,821423,821000,821000,-423,-0.05,821000,-423,-0.05,821000,821000,1400-6-3,2021-08-25
880,ضپيك7039,اختيارخ تاپيكو-5070-00/07/18,1,1,9500000,7900,9500,9500,1600,20.25,9500,1600,20.25,9500,9500,1400-6-3,2021-08-25
881,افاد4,منفعت دولتي4-شرايط خاص14010729,1,5000,4900000000,1000000,980000,980000,-20000,-2,980000,-20000,-2,980000,980000,1400-6-3,2021-08-25
882,افاد53,منفعت دولت5-ش.خاص كاريزما0108,1,1000,972000000,980000,972000,972000,-8000,-0.82,972000,-8000,-0.82,972000,972000,1400-6-3,2021-08-25
883,فسديد,لوله‌وتجهيزات‌ سديد - ورشكسته,1,50,5416000,109414,108320,108320,-1094,-1,109413,-1,0,108320,108320,1400-6-3,2021-08-25
884,افرا2,افرانت,1,5300000,147340000000,28088,27800,27800,-288,-1.03,27800,-288,-1.03,27800,27800,1400-6-3,2021-08-25
885,ضصاد8038,اختيارخ وبصادر-1189-1400/08/12,1,4,6000000,1235,1500,1500,265,21.46,1500,265,21.46,1500,1500,1400-6-3,2021-08-25
886,ديزل04,مرابحه بهمن ديزل14040331,1,500,487500000,1000000,975000,975000,-25000,-2.5,975000,-25000,-2.5,975000,975000,1400-6-3,2021-08-25
887,همبين102,اختيارف ت مبين17952-01/02/10,1,217,217,1,1,1,0,0,1,0,0,1,1,1400-6-3,2021-08-25
888,ضملت8039,اختيارخ وبملت-2434-1400/08/19,1,10,21000000,1950,2100,2100,150,7.69,2100,150,7.69,2100,2100,1400-6-3,2021-08-25
889,البرز02,اجاره ريلي البرزنيرو14020514,1,10,8500000,850000,850000,850000,0,0,850000,0,0,850000,850000,1400-6-3,2021-08-25
890,ضچاد7035,اختيارخ كچاد-25870-1400/07/04,1,10,41000000,5000,4100,4100,-900,-18,4100,-900,-18,4100,4100,1400-6-3,2021-08-25
891,دمعيار2,صندوق س. توازن معيار-د,1,7200000,7200000,10012,1,1,-10011,-99.99,1,-10011,-99.99,1,1,1400-6-3,2021-08-25
892,ضصاد8036,اختيارخ وبصادر-3989-1400/08/12,1,20,800000,40,40,40,0,0,40,0,0,40,40,1400-6-3,2021-08-25
893,مصفها203,مشاركت ش اصفهان203-3ماهه18%,1,500,466550000,946100,933100,933100,-13000,-1.37,933100,-13000,-1.37,933100,933100,1400-6-3,2021-08-25
894,ضملت8038,اختيارخ وبملت-1934-1400/08/19,1,1,2790000,2430,2790,2790,360,14.81,2790,360,14.81,2790,2790,1400-6-3,2021-08-25
895,اراد404,مرابحه عام دولت4-ش.خ 0207,1,1047000,954445200000,1000000,911600,911600,-88400,-8.84,911600,-88400,-8.84,911600,911600,1400-6-3,2021-08-25
896,اراد41,مرابحه عام دولت4-ش.خ 0006,1,8400,8399983200,999998,999998,999998,0,0,999998,0,0,999998,999998,1400-6-3,2021-08-25
897,ضفلا7002,اختيارخ فولاد-6733-1400/07/25,1,1,7851200,5988,5600,5600,-388,-6.48,5600,-388,-6.48,5600,5600,1400-6-3,2021-08-25
898,ضغدر8056,اختيارخ وغدير-8000-1400/08/26,1,5,43330000,8600,8666,8666,66,0.77,8666,66,0.77,8666,8666,1400-6-3,2021-08-25
899,اراد334,مرابحه عام دولت3-ش.خ 0303,1,1597000,1414622600000,870000,885800,885800,15800,1.82,885800,15800,1.82,885800,885800,1400-6-3,2021-08-25
900,ولقمان,سرمايه گذاري لقمان,1,5000,10305000,2001,2061,2061,60,3,2001,0,0,2061,2061,1400-6-3,2021-08-25
901,اراد594,مرابحه عام دولتي5-ش.خ 0309,1,8000000,7471120000000,1000000,933890,933890,-66110,-6.61,933890,-66110,-6.61,933890,933890,1400-6-3,2021-08-25
902,ضپنا8001,اختيارخ رمپنا-11850-1400/08/05,1,1,8200000,8400,8200,8200,-200,-2.38,8200,-200,-2.38,8200,8200,1400-6-3,2021-08-25
903,طخود7077,اختيارف خودرو-3000-1400/07/07,1,1,570000,555,570,570,15,2.7,570,15,2.7,570,570,1400-6-3,2021-08-25
904,سپيدما4,صندوق س. سپيد دماوند-د,1,34500000,376843500000,10916,10923,10923,7,0.06,10923,7,0.06,10923,10923,1400-6-3,2021-08-25
905,اراد75,مرابحه عام دولت75-ش.خ040226,1,500,474750000,974500,949500,949500,-25000,-2.57,949500,-25000,-2.57,949500,949500,1400-6-3,2021-08-25
906,صبهمن404,صكوك مرابحه بهمن404-3ماهه 18%,1,19,19190000,1000000,1010000,1010000,10000,1,1010000,10000,1,1010000,1010000,1400-6-3,2021-08-25
907,ضپيك7044,اختيارخ تاپيكو-12070-00/07/18,1,1,4000000,3731,4000,4000,269,7.21,4000,269,7.21,4000,4000,1400-6-3,2021-08-25
908,افاد54,منفعت دولت5-ش.خاص لوتوس0108,1,3000,2505000000,825000,835000,835000,10000,1.21,835000,10000,1.21,835000,835000,1400-6-3,2021-08-25
909,هفجر102,اختيارف ت بفجر8626-01/02/11,1,1000,1000,1,1,1,0,0,1,0,0,1,1,1400-6-3,2021-08-25
