,نماد,نام,تعداد,حجم,ارزش,دیروز,اولین,آخرین معامله - مقدار,آخرین معامله - تغییر,آخرین معامله - درصد,قیمت پایانی - مقدار,قیمت پایانی - تغییر,قیمت پایانی - درصد,کمترین,بیشترین,تاریخ,gregorian_date
0,سپيد,سپيد ماكيان,49260,3282963,111292445700,32290,33900,33900,1610,4.99,33900,1610,4.99,33900,33900,1400-5-12,2021-08-03
1,دي,بانك دي,40039,1197029897,1410354979284,1197,1197,1163,-34,-2.84,1178,-19,-1.59,1143,1245,1400-5-12,2021-08-03
2,پترول,گ.س.وت.ص.پتروشيمي خليج فارس,29688,250615018,2701393950820,10420,10930,10590,170,1.63,10780,360,3.45,10550,10930,1400-5-12,2021-08-03
3,شستا,سرمايه گذاري تامين اجتماعي,23308,113549700,1471048970660,12580,12620,12970,390,3.1,12960,380,3.02,12600,13150,1400-5-12,2021-08-03
4,لطيف,محصولات كاغذي لطيف,21420,2171686,119700602002,55537,53900,54420,-1117,-2.01,55119,-418,-0.75,53712,57300,1400-5-12,2021-08-03
5,فجر,فولاد اميركبيركاشان,16349,55449529,1581218976670,29080,28000,29010,-70,-0.24,28520,-560,-1.93,27710,29350,1400-5-12,2021-08-03
6,خودرو,ايران‌ خودرو,16346,397514690,795587962935,2074,2050,1994,-80,-3.86,2001,-73,-3.52,1981,2060,1400-5-12,2021-08-03
7,پالايش,صندوق پالايشي يكم-سهام,14844,10846608,754697972030,69400,69590,69700,300,0.43,69580,180,0.26,69300,69860,1400-5-12,2021-08-03
8,خساپا,سايپا,13106,417365178,735479543553,1814,1822,1750,-64,-3.53,1762,-52,-2.87,1724,1822,1400-5-12,2021-08-03
9,بركت,گروه دارويي بركت,13025,21470524,808539101580,37390,37100,37640,250,0.67,37660,270,0.72,36700,38150,1400-5-12,2021-08-03
10,ولكار,ليزينگ كارآفرين,12664,13055967,55579822805,4255,4259,4258,3,0.07,4257,2,0.05,4190,4298,1400-5-12,2021-08-03
11,فرابورس,فرابورس ايران,12607,83998796,1629556686566,18497,19421,19112,615,3.32,19400,903,4.88,19000,19421,1400-5-12,2021-08-03
12,ذوب,سهامي ذوب آهن  اصفهان,12290,272397534,1155338576368,4059,4170,4261,202,4.98,4241,182,4.48,4100,4261,1400-5-12,2021-08-03
13,فملي,ملي‌ صنايع‌ مس‌ ايران‌,12166,61775075,833330350380,13310,13250,13560,250,1.88,13490,180,1.35,13190,13650,1400-5-12,2021-08-03
14,خگستر,گسترش‌سرمايه‌گذاري‌ايران‌خودرو,12089,304018337,795112876945,2734,2730,2598,-136,-4.97,2615,-119,-4.35,2598,2730,1400-5-12,2021-08-03
15,وهامون,سرمايه گذاري هامون صبا,11984,9831535,22710845850,2200,2310,2310,110,5,2310,110,5,2310,2310,1400-5-12,2021-08-03
16,شپنا,پالايش نفت اصفهان,11156,87276749,1068095302130,12040,12200,12250,210,1.74,12240,200,1.66,12070,12390,1400-5-12,2021-08-03
17,ومدير,گ.مديريت ارزش سرمايه ص ب كشوري,10909,28398119,120763444455,4270,4222,4251,-19,-0.44,4253,-17,-0.4,4180,4320,1400-5-12,2021-08-03
18,شلعاب,لعابيران‌,10285,97873400,842351495380,8660,8230,8980,320,3.7,8610,-50,-0.58,8230,9090,1400-5-12,2021-08-03
19,فتوسا,توليد و توسعه سرب روي ايرانيان,9863,11503450,165113566615,13718,14000,14403,685,4.99,14353,635,4.63,13750,14403,1400-5-12,2021-08-03
20,فگستر,گسترش صنايع روي ايرانيان,9488,10058205,146490101360,13928,14099,14624,696,5,14564,636,4.57,13614,14624,1400-5-12,2021-08-03
21,گدنا,تهيه توزيع غذاي دنا آفرين فدك,9122,5123787,110982660628,20725,21360,21761,1036,5,21660,935,4.51,21220,21761,1400-5-12,2021-08-03
22,دارا يكم,صندوق واسطه گري مالي يكم-سهام,8587,4864283,554955738220,114730,113520,114220,-510,-0.44,114090,-640,-0.56,113500,114670,1400-5-12,2021-08-03
23,كرمان,س. توسعه و عمران استان كرمان,8126,269833812,339152295411,1260,1270,1248,-12,-0.95,1257,-3,-0.24,1220,1294,1400-5-12,2021-08-03
24,ثاميد,توسعه و عمران اميد,7661,95345223,166762912582,1715,1716,1753,38,2.22,1749,34,1.98,1690,1788,1400-5-12,2021-08-03
25,بوعلي,پتروشيمي بوعلي سينا,7568,3357593,196804515840,57130,57610,58990,1860,3.26,58610,1480,2.59,57100,59300,1400-5-12,2021-08-03
26,وبملت,بانك ملت,7499,189851808,696360437892,3683,3651,3647,-36,-0.98,3668,-15,-0.41,3631,3720,1400-5-12,2021-08-03
27,آريا,پليمر آريا ساسول,7417,3418344,352976049261,102744,104259,103731,987,0.96,103259,515,0.5,101233,104750,1400-5-12,2021-08-03
28,شتران,پالايش نفت تهران,7267,56464402,520093099420,9060,9210,9240,180,1.99,9210,150,1.66,9080,9350,1400-5-12,2021-08-03
29,چخزر,صنايع چوب خزر كاسپين,7196,1637436,63000883418,39100,38020,38400,-700,-1.79,38475,-625,-1.6,37901,39530,1400-5-12,2021-08-03
30,غويتا,ويتانا,7134,68354916,546594136315,8106,7701,8350,244,3.01,7996,-110,-1.36,7701,8430,1400-5-12,2021-08-03
31,غكورش,صنعت غذايي كورش,6600,3477345,143058331340,40560,40410,41160,600,1.48,41140,580,1.43,40410,41800,1400-5-12,2021-08-03
32,نوري,پتروشيمي نوري,6344,3914684,362063103270,90930,90800,92950,2020,2.22,92490,1560,1.72,89910,93500,1400-5-12,2021-08-03
33,وتجارت,بانك تجارت,6207,221942545,549717201034,2464,2464,2466,2,0.08,2477,13,0.53,2464,2505,1400-5-12,2021-08-03
34,خپارس,پارس‌ خودرو,6186,231708331,264640884411,1191,1166,1138,-53,-4.45,1142,-49,-4.11,1132,1175,1400-5-12,2021-08-03
35,ثبهساز,بهساز كاشانه تهران,6136,55699485,122248571992,2161,2162,2203,42,1.94,2195,34,1.57,2155,2236,1400-5-12,2021-08-03
36,خبهمن,گروه‌بهمن‌,5942,242482838,330893932294,1422,1426,1361,-61,-4.29,1365,-57,-4.01,1351,1426,1400-5-12,2021-08-03
37,غزر,صنعتي زر ماكارون,5939,3891654,88505463860,22420,22350,23020,600,2.68,22740,320,1.43,22200,23200,1400-5-12,2021-08-03
38,شاروم,پتروشيمي اروميه,5767,3064595,45813506428,14878,14222,14900,22,0.15,14949,71,0.48,14222,15266,1400-5-12,2021-08-03
39,كزغال,زغال سنگ پروده طبس,5384,2281282,81245424335,35666,34820,35960,294,0.82,35614,-52,-0.15,34820,36000,1400-5-12,2021-08-03
40,فارس,صنايع پتروشيمي خليج فارس,5300,78773641,914185086840,11090,11270,11640,550,4.96,11610,520,4.69,11200,11640,1400-5-12,2021-08-03
41,شاراك,پتروشيمي شازند,4923,17925370,673336205590,36160,36300,37780,1620,4.48,37560,1400,3.87,36290,37960,1400-5-12,2021-08-03
42,زملارد,كشاورزي و دامپروري ملارد شير,4922,1238129,36401239610,30661,29530,29200,-1461,-4.77,29400,-1261,-4.11,29128,30025,1400-5-12,2021-08-03
43,وغدير,سرمايه‌گذاري‌غدير(هلدينگ‌,4733,32274534,462644985630,14250,14050,14320,70,0.49,14330,80,0.56,13910,14490,1400-5-12,2021-08-03
44,سيتا,سرمايه گذاري سيمان تامين,4589,5435783,76146494270,14200,14110,14040,-160,-1.13,14010,-190,-1.34,13850,14200,1400-5-12,2021-08-03
45,غنوش,نوش‌ مازندران‌,4466,5797138,223951605300,38610,39000,37940,-670,-1.74,38630,20,0.05,37010,40480,1400-5-12,2021-08-03
46,وسپهر,سرمايه گذاري مالي سپهرصادرات,4373,13943137,129951062906,9322,9320,9320,-2,-0.02,9320,-2,-0.02,9320,9322,1400-5-12,2021-08-03
47,وكبهمن,مديريت سرمايه گذاري كوثربهمن,4340,1766102,18659027237,10721,10650,10553,-168,-1.57,10565,-156,-1.46,10510,10848,1400-5-12,2021-08-03
48,شصدف,صنعتي دوده فام,4306,6006046,234646913069,37291,38900,39155,1864,5,39068,1777,4.77,37501,39155,1400-5-12,2021-08-03
49,شگويا,پتروشيمي تندگويان,4289,24623694,277906487308,11050,11100,11321,271,2.45,11286,236,2.14,11100,11449,1400-5-12,2021-08-03
50,رافزا,رايان هم افزا,4282,570813,42839819336,75052,75025,75008,-44,-0.06,75051,-1,0,75000,76150,1400-5-12,2021-08-03
51,وسكرمان,س.سهام عدالت استان كرمان,4232,475783451,264555922737,531,557,557,26,4.9,556,25,4.71,536,557,1400-5-12,2021-08-03
52,آبادا,توليد نيروي برق آبادان,4202,3458921,41866722200,12590,12300,12110,-480,-3.81,12100,-490,-3.89,11970,12740,1400-5-12,2021-08-03
53,وبصادر,بانك صادرات ايران,4152,98521463,201420886691,2065,2040,2030,-35,-1.69,2044,-21,-1.02,2020,2080,1400-5-12,2021-08-03
54,ولپارس,ليزينگ پارسيان,4097,6533440,26394593646,4177,4041,4050,-127,-3.04,4040,-137,-3.28,3999,4176,1400-5-12,2021-08-03
55,حكشتي,كشتيراني جمهوري اسلامي ايران,3964,19102682,317935436480,16450,16600,16840,390,2.37,16640,190,1.16,16060,17050,1400-5-12,2021-08-03
56,غگل,گلوكوزان‌,3767,55874010,203577949254,3493,3492,3667,174,4.98,3644,151,4.32,3412,3667,1400-5-12,2021-08-03
57,هاي وب,داده گسترعصرنوين-هاي وب,3698,32334532,285043801560,9010,8860,8810,-200,-2.22,8820,-190,-2.11,8710,9020,1400-5-12,2021-08-03
58,خزر,فنرسازي‌زر,3656,9959795,172151092460,18090,18000,17190,-900,-4.98,17280,-810,-4.48,17190,18000,1400-5-12,2021-08-03
59,ومعادن,توسعه‌معادن‌وفلزات‌,3638,73139836,849448865110,11080,11330,11630,550,4.96,11610,530,4.78,11170,11630,1400-5-12,2021-08-03
60,وخارزم,سرمايه گذاري خوارزمي,3592,33815909,192792757270,5780,5760,5730,-50,-0.87,5700,-80,-1.38,5610,5850,1400-5-12,2021-08-03
61,بپيوند,برق و انرژي پيوندگستر پارس,3549,1693173,18602424743,11022,11190,11102,80,0.73,10987,-35,-0.32,10850,11250,1400-5-12,2021-08-03
62,شفارس,صنايع‌ شيميايي‌ فارس‌,3542,83542043,152560440802,1915,1878,1836,-79,-4.13,1826,-89,-4.65,1820,1900,1400-5-12,2021-08-03
63,شبريز,پالايش نفت تبريز,3491,13532378,468883313520,33150,33410,34800,1650,4.98,34650,1500,4.52,33200,34800,1400-5-12,2021-08-03
64,كمند,صندوق س. با درآمد ثابت كمند,3397,132587975,1346251338212,10148,10153,10154,6,0.06,10154,6,0.06,10153,10155,1400-5-12,2021-08-03
65,وسخوز,شركت س استان خوزستان,3374,304535982,166659412646,523,549,549,26,4.97,547,24,4.59,525,549,1400-5-12,2021-08-03
66,بگيلان,توسعه مسير برق گيلان,3290,1269417,24380123514,19928,19401,19150,-778,-3.9,19395,-533,-2.67,19035,19606,1400-5-12,2021-08-03
67,فخوز,فولاد  خوزستان,3228,33574203,558893949270,16350,16360,16500,150,0.92,16650,300,1.83,16140,16800,1400-5-12,2021-08-03
68,تاپيكو,س. نفت و گاز و پتروشيمي تأمين,3205,27949950,404667721080,14280,14500,14570,290,2.03,14480,200,1.4,14300,14610,1400-5-12,2021-08-03
69,امين,تامين سرمايه امين,3162,1905305,14508981410,7590,7620,7610,20,0.26,7600,10,0.13,7610,7630,1400-5-12,2021-08-03
70,ميدكو,توسعه معادن وص.معدني خاورميانه,3149,8015623,336591024830,40040,42030,42000,1960,4.9,41990,1950,4.87,41700,42040,1400-5-12,2021-08-03
71,وپارس,بانك‌پارسيان‌,3095,69470000,188923171149,2791,2787,2732,-59,-2.11,2719,-72,-2.58,2660,2787,1400-5-12,2021-08-03
72,وپويا,سرمايه گذاري پويا,3092,5403634,23593057171,4413,4400,4380,-33,-0.75,4366,-47,-1.07,4321,4470,1400-5-12,2021-08-03
73,كبافق,معادن‌ بافق‌,2945,4438187,173941674220,37870,39750,38360,490,1.29,39190,1320,3.49,37500,39760,1400-5-12,2021-08-03
74,كروي,توسعه‌ معادن‌ روي‌ ايران‌,2871,7437377,203499080000,26700,27960,26440,-260,-0.97,27360,660,2.47,26200,28030,1400-5-12,2021-08-03
75,كاما,باما,2854,43858966,532109551740,11580,11590,12150,570,4.92,12130,550,4.75,11590,12150,1400-5-12,2021-08-03
76,صبا,سرمايه گذاري صبا تامين,2823,10859359,93954912492,8666,8530,8618,-48,-0.55,8655,-11,-0.13,8530,8800,1400-5-12,2021-08-03
77,آريان,سرمايه گذاري پارس آريان,2821,80711375,1237942029293,14943,15391,15391,448,3,15338,395,2.64,14943,15391,1400-5-12,2021-08-03
78,خزاميا,زامياد,2815,33843089,216149545280,6690,6520,6370,-320,-4.78,6390,-300,-4.48,6360,6690,1400-5-12,2021-08-03
79,رنيك,جنرال مكانيك,2752,18607275,333297691437,17065,17918,17918,853,5,17912,847,4.96,17600,17918,1400-5-12,2021-08-03
80,لپارس,پارس‌ الكتريك‌,2717,2037597,127739045680,65780,63610,62560,-3220,-4.9,62690,-3090,-4.7,62500,64620,1400-5-12,2021-08-03
81,غالبر,لبنيات‌ كالبر,2704,11300672,147053561020,12940,12410,13450,510,3.94,13010,70,0.54,12410,13580,1400-5-12,2021-08-03
82,سمگا,گروه سرمايه گذاري ميراث فرهنگي,2694,12590348,330836635273,25235,25319,26496,1261,5,26277,1042,4.13,24200,26496,1400-5-12,2021-08-03
83,اخابر,مخابرات ايران,2677,72455677,690336502950,9100,9190,9550,450,4.95,9530,430,4.73,9010,9550,1400-5-12,2021-08-03
84,خصدرا,صنعتي‌ دريايي‌ ايران‌,2658,83845266,224496112234,2613,2639,2691,78,2.99,2678,65,2.49,2560,2691,1400-5-12,2021-08-03
85,فروي,ذوب روي اصفهان,2588,2420278,78245596115,31514,32399,32321,807,2.56,32329,815,2.59,31550,32890,1400-5-12,2021-08-03
86,البرز,بيمه البرز,2570,79619607,217936857264,2728,2730,2840,112,4.11,2737,9,0.33,2631,2842,1400-5-12,2021-08-03
87,وگستر,گسترش سرمايه گذاري ايرانيان,2560,10226661,121846239225,11753,12150,11753,0,0,11915,162,1.38,11580,12250,1400-5-12,2021-08-03
88,تسه0004,امتيازتسهيلات مسكن تير1400,2523,63753,38467463567,599080,606000,609000,9920,1.66,603383,4303,0.72,596222,619990,1400-5-12,2021-08-03
89,كچاد,معدني‌وصنعتي‌چادرملو,2498,7211594,209592435560,28310,28750,29570,1260,4.45,29060,750,2.65,28310,29570,1400-5-12,2021-08-03
90,غفارس,شير پاستوريزه پگاه فارس,2481,8730356,149697998987,16451,16740,17273,822,5,17147,696,4.23,16530,17273,1400-5-12,2021-08-03
91,فاراكح,ح . ماشين‌ سازي‌ اراك‌,2468,53155754,44983922391,875,831,840,-35,-4,846,-29,-3.31,830,869,1400-5-12,2021-08-03
92,پتاير,ايران‌ تاير,2462,40371339,112059528929,2876,2770,2759,-117,-4.07,2776,-100,-3.48,2736,2898,1400-5-12,2021-08-03
93,ثنوسا,نوسازي‌وساختمان‌تهران‌,2455,15430920,131470606020,8510,8460,8530,20,0.24,8520,10,0.12,8200,8690,1400-5-12,2021-08-03
94,اپال,فرآوري معدني اپال كاني پارس,2451,2544477,56903065100,22320,22200,22350,30,0.13,22340,20,0.09,22200,22700,1400-5-12,2021-08-03
95,كگل,معدني و صنعتي گل گهر,2424,9459766,210183696540,22040,22150,22260,220,1,22220,180,0.82,22000,22390,1400-5-12,2021-08-03
96,پيزد,مجتمع صنايع لاستيك يزد,2410,460704,33687812886,74526,73200,71320,-3206,-4.3,73122,-1404,-1.88,71274,74717,1400-5-12,2021-08-03
97,امين يكم,صندوق درآمد ثابت امين يكم فردا,2391,67420300,676868214724,10034,10039,10042,8,0.08,10040,6,0.06,10039,10042,1400-5-12,2021-08-03
98,واميد,گروه مديريت سرمايه گذاري اميد,2319,17129822,211060746470,11870,12090,12460,590,4.97,12320,450,3.79,11630,12460,1400-5-12,2021-08-03
99,هجرت,پخش هجرت,2305,15919203,457799082395,28578,30006,27880,-698,-2.44,28758,180,0.63,27155,30006,1400-5-12,2021-08-03
100,قرنح,ح . پديده شيمي قرن,2288,3480081,81247227540,23270,23270,23030,-240,-1.03,23350,80,0.34,22610,24000,1400-5-12,2021-08-03
101,ديران,ايران‌دارو,2261,7707948,144080746780,17910,18450,18550,640,3.57,18690,780,4.36,18010,18800,1400-5-12,2021-08-03
102,ولانا,شركت ليزينگ آريا دانا,2254,4532566,105848367333,23593,22901,23761,168,0.71,23353,-240,-1.02,22886,24100,1400-5-12,2021-08-03
103,غاذر,كشت‌وصنعت‌پياذر,2238,5733012,148984117650,26940,26010,26180,-760,-2.82,25990,-950,-3.53,25600,26940,1400-5-12,2021-08-03
104,حتايد,تايدواترخاورميانه,2232,10575953,292840329170,28170,28370,26770,-1400,-4.97,27690,-480,-1.7,26770,28490,1400-5-12,2021-08-03
105,كلر,كلر پارس,2225,1093235,110413921242,100473,99000,102780,2307,2.3,100997,524,0.52,95806,103890,1400-5-12,2021-08-03
106,شغدير,پتروشيمي غدير,2195,2862989,224598749450,78730,76710,80100,1370,1.74,78450,-280,-0.36,76000,81290,1400-5-12,2021-08-03
107,فزرين,زرين معدن آسيا,2183,7470843,124882219428,17353,16660,16660,-693,-3.99,16716,-637,-3.67,16486,17270,1400-5-12,2021-08-03
108,زكوثر,سرمايه گذاري كشاورزي كوثر,2182,4387943,76468846750,18000,17430,17370,-630,-3.5,17430,-570,-3.17,17200,18170,1400-5-12,2021-08-03
109,كيان,صندوق س. با درآمد ثابت كيان,2076,19105070,568034422988,29711,29731,29730,19,0.06,29732,21,0.07,29730,29735,1400-5-12,2021-08-03
110,غگلستا,شير پاستوريزه پگاه گلستان,2072,8833201,205391335293,22209,23080,23319,1110,5,23252,1043,4.7,22500,23319,1400-5-12,2021-08-03
111,شلرد,كود شيميايي اوره لردگان,2067,19697251,159341230501,8120,7999,8112,-8,-0.1,8090,-30,-0.37,7880,8250,1400-5-12,2021-08-03
112,نطرين,عطرين نخ قم,2044,10635943,87645863400,8637,8637,8266,-371,-4.3,8241,-396,-4.58,8206,8637,1400-5-12,2021-08-03
113,خودكفا,اقتصادي و خودكفايي آزادگان,2006,10444782,145726845103,14352,13930,13922,-430,-3,13952,-400,-2.79,13922,14280,1400-5-12,2021-08-03
114,ثرود,سرمايه‌گذاري مسكن زاينده رود,2006,4689790,79992675696,17115,17000,16960,-155,-0.91,17057,-58,-0.34,16360,17550,1400-5-12,2021-08-03
115,بكهنوج,توليد برق ماهتاب كهنوج,2001,55470014,100289696099,1784,1808,1757,-27,-1.51,1808,24,1.35,1757,1839,1400-5-12,2021-08-03
116,بترانس,ايران‌ ترانسفو,1991,42526285,96016973586,2283,2250,2255,-28,-1.23,2258,-25,-1.1,2235,2330,1400-5-12,2021-08-03
117,آ س پ,آ.س.پ,1969,6010287,51744822288,8540,8300,8780,240,2.81,8609,69,0.81,8152,8860,1400-5-12,2021-08-03
118,حفاري,حفاري شمال,1950,12419851,71092609520,5850,5780,5710,-140,-2.39,5720,-130,-2.22,5620,5860,1400-5-12,2021-08-03
119,شفن,پتروشيمي فناوران,1937,829265,293721942290,339100,349990,356050,16950,5,354200,15100,4.45,339200,356050,1400-5-12,2021-08-03
120,فاسمين,كالسيمين‌,1935,14318040,244191730110,16410,16150,17220,810,4.94,17050,640,3.9,16150,17230,1400-5-12,2021-08-03
121,اعتماد,صندوق س.اعتماد آفرين پارسيان-د,1930,47079990,1783575832150,37864,37883,37882,18,0.05,37884,20,0.05,37882,37886,1400-5-12,2021-08-03
122,گكوثر,هتل پارسيان كوثر اصفهان,1912,34670508,84700598439,2388,2388,2507,119,4.98,2443,55,2.3,2331,2507,1400-5-12,2021-08-03
123,زمگسا,كشاورزي‌ ودامپروي‌ مگسال‌,1905,3613269,99041521710,26830,28170,26710,-120,-0.45,27410,580,2.16,26230,28170,1400-5-12,2021-08-03
124,مفاخر,توسعه فناوري اطلاعات خوارزمي,1879,1145806,47175726259,41834,42102,40260,-1574,-3.76,41173,-661,-1.58,39743,43169,1400-5-12,2021-08-03
125,ثاخت,بين‌المللي‌توسعه‌ساختمان,1872,41859567,92850852033,2274,2240,2210,-64,-2.81,2218,-56,-2.46,2180,2288,1400-5-12,2021-08-03
126,فاراك,ماشين‌ سازي‌ اراك‌,1868,30396001,56638660246,1888,1851,1859,-29,-1.54,1863,-25,-1.32,1850,1898,1400-5-12,2021-08-03
127,پارس,پتروشيمي پارس,1857,3115657,567361056200,174980,174500,183720,8740,4.99,182100,7120,4.07,170210,183720,1400-5-12,2021-08-03
128,طلا,صندوق س.پشتوانه طلاي لوتوس,1851,4097493,340247568001,82036,82046,84200,2164,2.64,83038,1002,1.22,81403,84640,1400-5-12,2021-08-03
129,ختوقا,قطعات‌ اتومبيل‌ ايران‌,1814,31025193,68459911225,2302,2320,2200,-102,-4.43,2207,-95,-4.13,2187,2320,1400-5-12,2021-08-03
130,قرن,پديده شيمي قرن,1809,2406650,71851640490,31330,29800,29770,-1560,-4.98,29860,-1470,-4.69,29770,30700,1400-5-12,2021-08-03
131,وبانك,سرمايه گذاري گروه توسعه ملي,1793,15085806,130605706810,8530,8520,8940,410,4.81,8660,130,1.52,8390,8950,1400-5-12,2021-08-03
132,سبزوا,سيمان لار سبزوار,1788,24786584,84136806814,3275,3190,3438,163,4.98,3394,119,3.63,3190,3438,1400-5-12,2021-08-03
133,جم پيلن,پلي پروپيلن جم - جم پيلن,1782,2412727,243239824370,96310,97500,101120,4810,4.99,100820,4510,4.68,96000,101120,1400-5-12,2021-08-03
134,ثفارس,عمران‌وتوسعه‌فارس‌,1770,12379393,87632895130,7110,7000,7160,50,0.7,7080,-30,-0.42,6910,7230,1400-5-12,2021-08-03
135,خمحركه,نيرو محركه‌,1762,21450752,83465990459,4066,3970,3870,-196,-4.82,3891,-175,-4.3,3863,4000,1400-5-12,2021-08-03
136,حسير,ريل سير كوثر,1758,4922473,117516252416,22982,23700,24131,1149,5,23873,891,3.88,22982,24131,1400-5-12,2021-08-03
137,آگاس,صندوق س.هستي بخش آگاه-س,1753,2979678,236013103616,78142,77821,79700,1558,1.99,79208,1066,1.36,77821,79740,1400-5-12,2021-08-03
138,كاوه,فولاد كاوه جنوب كيش,1749,10761715,198035017870,18450,18670,18460,10,0.05,18400,-50,-0.27,18110,18670,1400-5-12,2021-08-03
139,دلقما,دارويي‌ لقمان‌,1742,3489566,149743701140,40960,42290,43000,2040,4.98,42910,1950,4.76,41010,43000,1400-5-12,2021-08-03
140,بكام,كارخانجات توليدي شهيد قندي,1732,20848739,53383779893,2490,2467,2585,95,3.82,2561,71,2.85,2462,2614,1400-5-12,2021-08-03
141,ونيكي,سرمايه‌گذاري‌ ملي‌ايران‌,1722,8402337,86129501570,9950,10000,10110,160,1.61,10250,300,3.02,9880,10400,1400-5-12,2021-08-03
142,سرو,صندوق س سروسودمند مدبران-سهام,1722,3063958,222989808590,71860,71630,73890,2030,2.82,72780,920,1.28,71630,73900,1400-5-12,2021-08-03
143,حتوكا,حمل‌ونقل‌توكا,1714,4661999,83950767100,18770,18800,18400,-370,-1.97,18010,-760,-4.05,17840,18800,1400-5-12,2021-08-03
144,كوير,توليدي فولاد سپيد فراب كوير,1710,8661580,120748451930,13850,13550,13910,60,0.43,13940,90,0.65,13550,14200,1400-5-12,2021-08-03
145,سبهان,سيمان‌ بهبهان‌,1700,1076544,74284806170,72290,70000,68680,-3610,-4.99,69000,-3290,-4.55,68680,71420,1400-5-12,2021-08-03
146,دسانكو,داروسازي سبحان انكولوژي,1692,6134355,66104096102,10781,10940,11063,282,2.62,10776,-5,-0.05,10350,11180,1400-5-12,2021-08-03
147,ماديرا,صنايع ماديران,1667,11982491,89134457047,7543,7410,7547,4,0.05,7439,-104,-1.38,7330,7570,1400-5-12,2021-08-03
148,غپينو,پارس‌ مينو,1655,9391786,48997527830,5370,5310,5210,-160,-2.98,5220,-150,-2.79,5120,5400,1400-5-12,2021-08-03
149,فاذر,صنايع‌ آذرآب‌,1652,44658774,55835594771,1249,1250,1241,-8,-0.64,1250,1,0.08,1231,1278,1400-5-12,2021-08-03
150,شيران,س. صنايع‌شيميايي‌ايران,1650,6956915,179190074720,25850,25310,26210,360,1.39,25760,-90,-0.35,25230,26230,1400-5-12,2021-08-03
151,دتوزيع,توزيع دارو پخش,1650,3497379,95396903485,28541,27550,27114,-1427,-5,27277,-1264,-4.43,27114,28850,1400-5-12,2021-08-03
152,وهور,مديريت انرژي اميد  تابان هور,1649,35129396,56073020687,1644,1650,1592,-52,-3.16,1596,-48,-2.92,1562,1664,1400-5-12,2021-08-03
153,غگلپا,شير پاستوريزه پگاه گلپايگان,1645,2771634,190049411008,71900,68305,68305,-3595,-5,68569,-3331,-4.63,68305,71700,1400-5-12,2021-08-03
154,ختور,رادياتور ايران‌,1644,4573206,89658983000,19830,19860,19320,-510,-2.57,19610,-220,-1.11,19100,20590,1400-5-12,2021-08-03
155,وسهرمز,شركت س استان هرمزگان,1640,153568589,85075965142,529,555,555,26,4.91,554,25,4.73,530,555,1400-5-12,2021-08-03
156,ثشاهد,سرمايه‌ گذاري‌ شاهد,1637,5015316,68728479760,13480,13830,13820,340,2.52,13700,220,1.63,13480,13890,1400-5-12,2021-08-03
157,شپترو,پتروشيمي آبادان,1634,33840649,149301277477,4462,4399,4551,89,1.99,4412,-50,-1.12,4329,4559,1400-5-12,2021-08-03
158,دماوند,توليد نيروي برق دماوند,1629,4033075,104895178289,26083,25200,25731,-352,-1.35,26009,-74,-0.28,25200,26500,1400-5-12,2021-08-03
159,آسيا,بيمه آسيا,1610,37977573,73765463111,1989,1960,1960,-29,-1.46,1942,-47,-2.36,1920,1980,1400-5-12,2021-08-03
160,ثعمرا,عمران و توسعه شاهد,1593,6004119,58308601869,10061,9890,9590,-471,-4.68,9711,-350,-3.48,9558,10061,1400-5-12,2021-08-03
161,ديرانح,ح . ‌ايران‌دارو,1588,6529174,75079969520,11140,11130,11550,410,3.68,11500,360,3.23,11130,11850,1400-5-12,2021-08-03
162,ماني,صندوق س. با درآمد ثابت ماني,1580,4787426,47874260000,10000,10000,10000,0,0,10000,0,0,10000,10000,1400-5-12,2021-08-03
163,سكارون,سيمان كارون,1579,2426495,244864462084,103976,100857,100857,-3119,-3,100913,-3063,-2.95,100857,102914,1400-5-12,2021-08-03
164,وساپا,سرمايه‌گذاري‌ سايپا,1568,17524125,88037367532,5170,5100,5000,-170,-3.29,5024,-146,-2.82,4912,5280,1400-5-12,2021-08-03
165,بجهرم,توسعه مولد نيروگاهي جهرم,1537,21178031,51368706084,2457,2450,2421,-36,-1.47,2426,-31,-1.26,2401,2478,1400-5-12,2021-08-03
166,همراه,شركت ارتباطات سيار ايران,1534,12102707,113880124220,9280,9320,9350,70,0.75,9400,120,1.29,9180,9660,1400-5-12,2021-08-03
167,زاگرس,پتروشيمي زاگرس,1528,879552,193500131829,218524,216010,220000,1476,0.68,219999,1475,0.67,216000,222600,1400-5-12,2021-08-03
168,شپديس,پتروشيمي پرديس,1514,1025967,145689683660,141440,139860,143200,1760,1.24,142000,560,0.4,138510,144890,1400-5-12,2021-08-03
169,قنيشا,قند  نيشابور,1513,1330004,77690080370,61060,60000,58010,-3050,-5,58410,-2650,-4.34,58010,60690,1400-5-12,2021-08-03
170,خرينگ,رينگ‌سازي‌مشهد,1513,2137483,65473990440,31620,30040,30150,-1470,-4.65,30630,-990,-3.13,30040,32200,1400-5-12,2021-08-03
171,بپاس,بيمه پاسارگاد,1507,2909839,182158246901,62972,63920,62000,-972,-1.54,62601,-371,-0.59,61100,63920,1400-5-12,2021-08-03
172,غديس,پاكديس,1497,7008752,99343753449,14396,14348,14080,-316,-2.2,14174,-222,-1.54,14000,14590,1400-5-12,2021-08-03
173,ميهن,بيمه ميهن,1483,17955346,64845719931,3792,3710,3623,-169,-4.46,3611,-181,-4.77,3603,3710,1400-5-12,2021-08-03
174,فرآور,فرآوري‌موادمعدني‌ايران‌,1482,2505568,80766462630,33230,33930,31780,-1450,-4.36,32230,-1000,-3.01,31570,33930,1400-5-12,2021-08-03
175,سدور,سيمان‌ دورود,1455,7986442,75206872890,9760,9560,9310,-450,-4.61,9420,-340,-3.48,9280,9980,1400-5-12,2021-08-03
176,سفارس,سيمان فارس و خوزستان,1445,8305345,181440221020,21940,21530,22100,160,0.73,21850,-90,-0.41,21210,22180,1400-5-12,2021-08-03
177,شكلر,نيروكلر,1423,5763164,222890668330,37340,38000,39200,1860,4.98,38680,1340,3.59,36000,39200,1400-5-12,2021-08-03
178,شاوان,پالايش نفت لاوان,1416,1810125,169075035688,92360,93500,93490,1130,1.22,93405,1045,1.13,92800,94800,1400-5-12,2021-08-03
179,كحافظ,كاشي‌ وسراميك‌ حافظ‌,1413,11113800,97888828450,8670,8950,9100,430,4.96,8810,140,1.61,8360,9100,1400-5-12,2021-08-03
180,فاهواز,نورد و لوله اهواز,1408,8682862,66391458824,7645,7580,7699,54,0.71,7646,1,0.01,7569,7717,1400-5-12,2021-08-03
181,قشير,قند شيروان قوچان و بجنورد,1404,5080560,92418185017,17824,18600,17400,-424,-2.38,18191,367,2.06,17161,18715,1400-5-12,2021-08-03
182,غشهداب,كشت و صنعت شهداب ناب خراسان,1391,13179652,46537729579,3506,3455,3500,-6,-0.17,3531,25,0.71,3455,3646,1400-5-12,2021-08-03
183,چدن,توليدي چدن سازان,1384,14358639,57564227252,4083,4100,4000,-83,-2.03,4009,-74,-1.81,3965,4129,1400-5-12,2021-08-03
184,وآذر,سرمايه‌گذاري‌توسعه‌آذربايجان‌,1376,1535275,100986255570,64960,66760,66720,1760,2.71,65780,820,1.26,64110,67200,1400-5-12,2021-08-03
185,غچين,كشت‌ و صنعت‌ چين‌ چين,1366,2914949,53104812330,18730,19150,18000,-730,-3.9,18220,-510,-2.72,17800,19150,1400-5-12,2021-08-03
186,پارسان,گسترش نفت و گاز پارسيان,1360,10823954,292495411360,26790,27040,27000,210,0.78,27020,230,0.86,26500,27190,1400-5-12,2021-08-03
187,ونوين,بانك‌اقتصادنوين‌,1356,27163353,129073286277,4763,4810,4797,34,0.71,4752,-11,-0.23,4680,4810,1400-5-12,2021-08-03
188,سيمرغ,سيمرغ,1345,3825564,65751449540,17740,17630,17100,-640,-3.61,17190,-550,-3.1,16940,18020,1400-5-12,2021-08-03
189,حفارس,حمل و نقل بين المللي خليج فارس,1344,14150738,45177134278,3298,3234,3221,-77,-2.33,3193,-105,-3.18,3151,3300,1400-5-12,2021-08-03
190,غسالم,سالمين‌,1318,12955337,43616620945,3404,3360,3389,-15,-0.44,3367,-37,-1.09,3300,3440,1400-5-12,2021-08-03
191,ختراك,ريخته‌گري‌ تراكتورسازي‌ ايران‌,1304,6536472,74340802680,11890,11980,11300,-590,-4.96,11370,-520,-4.37,11300,11980,1400-5-12,2021-08-03
192,پخش,پخش البرز,1300,3449372,71184381075,19836,19800,20400,564,2.84,20637,801,4.04,19800,20827,1400-5-12,2021-08-03
193,وتوكا,سرمايه‌گذاري‌توكافولاد(هلدينگ,1298,32022264,313744670990,9370,9400,9830,460,4.91,9800,430,4.59,9200,9830,1400-5-12,2021-08-03
194,قچار,فراوردههاي غذايي وقند چهارمحال,1295,5875381,108423233847,18797,18800,17858,-939,-5,18454,-343,-1.82,17858,19480,1400-5-12,2021-08-03
195,تملت,تامين سرمايه بانك ملت,1290,11752092,53865857556,4553,4553,4582,29,0.64,4584,31,0.68,4421,4680,1400-5-12,2021-08-03
196,ولصنم,ليزينگ‌صنعت‌ومعدن‌,1289,7081289,54301269740,7520,7650,7820,300,3.99,7670,150,1.99,7320,7890,1400-5-12,2021-08-03
197,تكمبا,كمباين‌ سازي‌ ايران‌,1263,8614812,61924863120,6960,7140,7230,270,3.88,7190,230,3.3,6960,7300,1400-5-12,2021-08-03
198,تليسه,دامداري تليسه نمونه,1251,15209709,49908058401,3360,3340,3242,-118,-3.51,3281,-79,-2.35,3240,3340,1400-5-12,2021-08-03
199,خكاوه,سايپا ديزل,1239,27511353,122750220478,4336,4465,4466,130,3,4462,126,2.91,4370,4466,1400-5-12,2021-08-03
200,ساربيل,سيمان آرتا اردبيل,1238,1260592,49114743110,40420,40000,38680,-1740,-4.3,38960,-1460,-3.61,38420,41000,1400-5-12,2021-08-03
201,فولاژ,فولاد آلياژي ايران,1230,7196748,129805691420,17950,18200,17990,40,0.22,18040,90,0.5,17400,18250,1400-5-12,2021-08-03
202,شراز,پالايش نفت شيراز,1230,3018260,324697394922,102604,100131,107734,5130,5,107578,4974,4.85,100131,107734,1400-5-12,2021-08-03
203,ساوه,سيمان ساوه,1225,480329,28125531067,60016,59760,58100,-1916,-3.19,58555,-1461,-2.43,57530,59760,1400-5-12,2021-08-03
204,دتوليد,داروسازي توليد دارو,1204,2938373,38644015792,13430,13190,13070,-360,-2.68,13152,-278,-2.07,13000,13800,1400-5-12,2021-08-03
205,سفار,سيمان‌فارس‌,1202,404400,34868250750,88780,89200,86000,-2780,-3.13,86220,-2560,-2.88,84350,90500,1400-5-12,2021-08-03
206,ولساپا,ليزينگ رايان‌ سايپا,1200,19401865,54564681984,2813,2840,2835,22,0.78,2812,-1,-0.04,2741,2852,1400-5-12,2021-08-03
207,فسرب,ملي‌ سرب‌وروي‌ ايران‌,1195,1515729,116710758920,73750,74890,77430,3680,4.99,77000,3250,4.41,73260,77430,1400-5-12,2021-08-03
208,ومشان,س. فني و مهندسي مشانير,1194,872084,66658332960,75768,78000,78041,2273,3,76436,668,0.88,73495,78041,1400-5-12,2021-08-03
209,شدوص,دوده‌ صنعتي‌ پارس‌,1178,4129424,95908067680,22240,23270,22950,710,3.19,23230,990,4.45,22400,23350,1400-5-12,2021-08-03
210,خمهر,مهركام‌پارس‌,1171,23672719,54223079923,2280,2240,2313,33,1.45,2291,11,0.48,2200,2348,1400-5-12,2021-08-03
211,رمپنا,گروه مپنا (سهامي عام),1167,7226718,130222391210,18120,17880,17720,-400,-2.21,18020,-100,-0.55,17700,18360,1400-5-12,2021-08-03
212,وآوا,سرمايه گذاري آوا نوين,1156,6188443,31221872320,5148,5190,5025,-123,-2.39,5045,-103,-2,5010,5224,1400-5-12,2021-08-03
213,داسوه,داروسازي‌ اسوه‌,1156,2806384,83625214460,30840,29300,30720,-120,-0.39,29800,-1040,-3.37,29300,31490,1400-5-12,2021-08-03
214,ومهان,گروه توسعه مالي مهر آيندگان,1145,5232254,78376364951,14765,14902,15320,555,3.76,14979,214,1.45,14330,15376,1400-5-12,2021-08-03
215,فلامي,لاميران‌,1141,1625440,37341080590,23950,23740,23130,-820,-3.42,22970,-980,-4.09,22760,24010,1400-5-12,2021-08-03
216,بالاس,مهندسي ساختمان تاسيسات راه آهن,1139,2412201,98958998029,42929,41682,40783,-2146,-5,41024,-1905,-4.44,40783,42938,1400-5-12,2021-08-03
217,وليز,ليزينگ‌ايران‌,1135,13128172,73870334770,5900,5670,5610,-290,-4.92,5630,-270,-4.58,5610,5840,1400-5-12,2021-08-03
218,ونيرو,سرمايه‌گذاري‌نيرو,1130,20589778,53641873778,2629,2628,2560,-69,-2.62,2605,-24,-0.91,2510,2678,1400-5-12,2021-08-03
219,تاصيكو,سرمايه گذاري صدرتامين,1126,10768111,118384199820,11010,10780,10910,-100,-0.91,10990,-20,-0.18,10780,11150,1400-5-12,2021-08-03
220,غبهار,كشت وصنعت بهاران گلبهار خراسان,1125,2534254,43586577567,17543,17260,17195,-348,-1.98,17199,-344,-1.96,17017,17530,1400-5-12,2021-08-03
221,وملي,گروه‌ صنعتي‌ ملي‌ (هلدينگ‌,1123,364818,51780416050,146260,144260,142300,-3960,-2.71,141930,-4330,-2.96,139000,146200,1400-5-12,2021-08-03
222,شيراز,پتروشيمي‌شيراز,1123,6680541,454552896480,65450,63100,67660,2210,3.38,68040,2590,3.96,63100,68720,1400-5-12,2021-08-03
223,تاپكيش,تجارت الكترونيك پارسيان كيش,1121,3559936,44955600704,12775,12700,12799,24,0.19,12628,-147,-1.15,12137,13050,1400-5-12,2021-08-03
224,زفكا,كشت و دامداري فكا,1119,2754498,32144314601,12069,12068,11466,-603,-5,11670,-399,-3.31,11466,12430,1400-5-12,2021-08-03
225,ودي,بيمه  دي,1114,13462115,119668351421,8534,8798,8960,426,4.99,8889,355,4.16,8500,8960,1400-5-12,2021-08-03
226,كفپارس,فرآورده‌هاي‌ نسوز پارس‌,1105,10218340,31246390595,3162,3158,3082,-80,-2.53,3058,-104,-3.29,3004,3158,1400-5-12,2021-08-03
227,خفنر,فنرسازي‌خاور,1097,8687732,67097920200,7720,7700,8000,280,3.63,7720,0,0,7400,8090,1400-5-12,2021-08-03
228,افق,فروشگاههاي زنجيره اي افق كوروش,1097,690268,41469623380,61070,60800,60000,-1070,-1.75,60500,-570,-0.93,59300,61000,1400-5-12,2021-08-03
229,غشصفا,شيرپاستوريزه‌پگاه‌اصفهان‌,1090,2157441,59736128510,27900,27370,28230,330,1.18,27690,-210,-0.75,26520,28690,1400-5-12,2021-08-03
230,سهرمز,سيمان‌هرمزگان‌,1090,3397436,56070053340,16240,15610,17030,790,4.86,16500,260,1.6,15600,17040,1400-5-12,2021-08-03
231,وسپه,سرمايه‌گذاري‌ سپه‌,1068,19964229,174409213780,8610,8450,8780,170,1.97,8740,130,1.51,8450,9020,1400-5-12,2021-08-03
232,بسويچ,پارس‌سويچ‌,1054,1531719,41357085020,28320,28200,26910,-1410,-4.98,27000,-1320,-4.66,26910,29000,1400-5-12,2021-08-03
233,سخاش,سيمان‌خاش‌,1052,523841,58514483420,117090,114580,111240,-5850,-5,111700,-5390,-4.6,111240,114580,1400-5-12,2021-08-03
234,مرقام,ايران‌ارقام‌,1046,3400082,50128272380,15150,15290,14860,-290,-1.91,14740,-410,-2.71,14550,15290,1400-5-12,2021-08-03
235,دانا,بيمه دانا,1046,8912781,48067602030,5350,5400,5390,40,0.75,5390,40,0.75,5300,5580,1400-5-12,2021-08-03
236,خاذين,سايپاآذين‌,1043,9757517,33957506150,3495,3549,3401,-94,-2.69,3480,-15,-0.43,3321,3568,1400-5-12,2021-08-03
237,غپاك,لبنيات‌ پاك‌,1039,2418937,42918549870,18010,17980,17780,-230,-1.28,17740,-270,-1.5,17310,18200,1400-5-12,2021-08-03
238,ستران,سيمان‌ تهران‌,1038,2682910,68811970130,26140,26000,26000,-140,-0.54,25650,-490,-1.87,25010,26360,1400-5-12,2021-08-03
239,تيپيكو,سرمايه گذاري دارويي تامين,1029,3569373,76064737210,21300,21500,21280,-20,-0.09,21310,10,0.05,21090,21500,1400-5-12,2021-08-03
240,توريل,توكاريل,1023,3044873,39350593385,13248,13200,13030,-218,-1.65,12924,-324,-2.45,12610,13320,1400-5-12,2021-08-03
241,فباهنر,مس‌ شهيدباهنر,1021,1614181,41635399500,25610,25480,25820,210,0.82,25790,180,0.7,25320,26420,1400-5-12,2021-08-03
242,حپارسا,توسعه حمل و نقل ريلي پارسيان,1017,1952228,65468072163,33214,33800,33550,336,1.01,33535,321,0.97,32000,34400,1400-5-12,2021-08-03
243,زكشت,كشاورزي مكانيزه اصفهان كشت,1012,1311604,34128285372,27241,26530,25905,-1336,-4.9,26020,-1221,-4.48,25879,27220,1400-5-12,2021-08-03
244,كسرام,پارس‌ سرام‌,1011,7366046,49450445360,6450,6490,6770,320,4.96,6710,260,4.03,6480,6770,1400-5-12,2021-08-03
245,كسرا,سراميك‌هاي‌صنعتي‌اردكان‌,1009,3458258,53084787910,15890,15720,15170,-720,-4.53,15350,-540,-3.4,15110,16040,1400-5-12,2021-08-03
246,هرمز,فولاد هرمزگان جنوب,1000,5912381,89689725081,15420,15230,15166,-254,-1.65,15240,-180,-1.17,15030,15489,1400-5-12,2021-08-03
247,واحيا,م .صنايع و معادن احياء سپاهان,999,2716058,512621959691,183936,181710,189454,5518,3,188737,4801,2.61,181710,189454,1400-5-12,2021-08-03
248,قصفها,قنداصفهان‌,994,406277,39135312270,98050,101000,94810,-3240,-3.3,96330,-1720,-1.75,93640,101300,1400-5-12,2021-08-03
249,شبهرن,نفت‌ بهران‌,985,3266691,44277943650,13850,13890,13530,-320,-2.31,13650,-200,-1.44,13400,13910,1400-5-12,2021-08-03
250,وتوصا,گروه س توسعه صنعتي ايران,982,4992221,42826423010,8600,8510,8590,-10,-0.12,8580,-20,-0.23,8410,8800,1400-5-12,2021-08-03
251,وصندوق,سرمايه‌گذاري‌صندوق‌بازنشستگي‌,976,8988300,154365316050,16510,16580,17190,680,4.12,17170,660,4,16130,17330,1400-5-12,2021-08-03
252,نوين,بيمه نوين,974,8374644,44470526373,5423,5300,5285,-138,-2.54,5310,-113,-2.08,5211,5400,1400-5-12,2021-08-03
253,زنگان,صنعت روي زنگان,972,634780,37393022833,59300,58030,58370,-930,-1.57,58907,-393,-0.66,58030,60900,1400-5-12,2021-08-03
254,وصنعت,سرمايه گذاري توسعه صنعت وتجارت,968,6022734,32156119480,5370,5330,5320,-50,-0.93,5340,-30,-0.56,5290,5430,1400-5-12,2021-08-03
255,بشهاب,لامپ‌  پارس‌ شهاب‌,964,622691,58553097700,95930,97490,95490,-440,-0.46,94030,-1900,-1.98,91140,98000,1400-5-12,2021-08-03
256,ثغرب,شركت سرمايه گذاري مسكن شمالغرب,958,5553207,31297199475,5566,5620,5578,12,0.22,5636,70,1.26,5535,5760,1400-5-12,2021-08-03
257,دپارس,پارس‌ دارو,955,1382886,52100670040,36650,38300,36500,-150,-0.41,37680,1030,2.81,35910,38480,1400-5-12,2021-08-03
258,وسينا,بانك سينا,954,27735115,81091607219,2868,2740,2970,102,3.56,2924,56,1.95,2740,2990,1400-5-12,2021-08-03
259,خكرمان,گروه اقتصادي كرمان خودرو,953,15582898,57049395893,3759,3650,3647,-112,-2.98,3661,-98,-2.61,3647,3760,1400-5-12,2021-08-03
260,سصوفي,سيمان‌ صوفيان‌,951,3654005,67541864450,18020,18250,18810,790,4.38,18480,460,2.55,17900,18900,1400-5-12,2021-08-03
261,شپارس,بين‌ المللي‌ محصولات‌  پارس‌,951,4372660,63290205140,14640,15000,14330,-310,-2.12,14470,-170,-1.16,14150,15000,1400-5-12,2021-08-03
262,ثپرديس,سرمايه گذاري مسكن پرديس,941,6008598,30815494565,5287,5130,5210,-77,-1.46,5129,-158,-2.99,5023,5300,1400-5-12,2021-08-03
263,زقيام,كشت و دام قيام اصفهان,933,2911228,54359119987,19478,19300,18505,-973,-5,18672,-806,-4.14,18505,19300,1400-5-12,2021-08-03
264,پاسا,ايران‌ياساتايرورابر,929,4846199,97153659430,20180,19800,19920,-260,-1.29,20050,-130,-0.64,19180,20490,1400-5-12,2021-08-03
265,فنورد,نوردوقطعات‌ فولادي‌,911,208839,40967922840,202700,193000,198190,-4510,-2.22,196170,-6530,-3.22,193000,205000,1400-5-12,2021-08-03
266,زشريف,كشت وصنعت شريف آباد,900,4980146,23894130115,4921,4820,4880,-41,-0.83,4798,-123,-2.5,4689,4890,1400-5-12,2021-08-03
267,پاكشو,گروه صنعتي پاكشو,894,9720816,53382446700,5500,5600,5480,-20,-0.36,5500,0,0,5390,5680,1400-5-12,2021-08-03
268,شسينا,صنايع‌شيميايي‌سينا,889,411751,27922351940,69070,68000,68990,-80,-0.12,67810,-1260,-1.82,67000,69960,1400-5-12,2021-08-03
269,نمرينو,ايران‌ مرينوس‌,882,392871,40288382080,101680,97110,102990,1310,1.29,102550,870,0.86,97110,106190,1400-5-12,2021-08-03
270,تيپيكوح,ح . سرمايه گذاري دارويي تامين,881,2591087,39714327210,15220,15690,15310,90,0.59,15330,110,0.72,15110,15690,1400-5-12,2021-08-03
271,وپترو,سرمايه‌گذاري صنايع پتروشيمي‌,880,3083637,40592582200,13230,13050,13140,-90,-0.68,13160,-70,-0.53,12970,13500,1400-5-12,2021-08-03
272,قشكر,شكرشاهرود,878,11056041,33341735497,3079,3000,2963,-116,-3.77,3016,-63,-2.05,2936,3139,1400-5-12,2021-08-03
273,خاهن,آهنگري‌ تراكتورسازي‌ ايران‌,877,4216557,33455971760,8070,8100,7990,-80,-0.99,7930,-140,-1.73,7800,8100,1400-5-12,2021-08-03
274,تپمپي,پمپ‌ سازي‌ ايران‌,876,2190839,31745190130,15090,15090,14490,-600,-3.98,14490,-600,-3.98,14340,15270,1400-5-12,2021-08-03
275,زدشت,كشت و صنعت دشت خرم دره,872,1529531,29756538977,19185,19790,19080,-105,-0.55,19455,270,1.41,19000,19800,1400-5-12,2021-08-03
276,جم,پتروشيمي جم,871,3337856,145982462090,43490,43510,44400,910,2.09,43740,250,0.57,42500,44500,1400-5-12,2021-08-03
277,زشگزا,شير و گوشت زاگرس شهركرد,870,4892622,28730107344,5676,5800,5840,164,2.89,5872,196,3.45,5775,5949,1400-5-12,2021-08-03
278,پارند,صندوق س. پارند پايدار سپهر,862,34192026,385660042554,11273,11279,11279,6,0.05,11279,6,0.05,11278,11287,1400-5-12,2021-08-03
279,فن آوا,گروه فن آوا,860,9807710,196641060356,19139,20095,20095,956,5,20050,911,4.76,19000,20095,1400-5-12,2021-08-03
280,وساخت,سرمايه‌ گذاري‌ ساختمان‌ايران‌,859,790036,38733769620,48370,48300,49080,710,1.47,49030,660,1.36,47510,50000,1400-5-12,2021-08-03
281,فسپا,گروه‌صنعتي‌سپاهان‌,849,1540670,63609128500,42050,40520,41170,-880,-2.09,41290,-760,-1.81,40520,42840,1400-5-12,2021-08-03
282,شخارك,پتروشيمي‌ خارك‌,849,1614208,76661058580,47250,46500,48040,790,1.67,47430,180,0.38,46050,48990,1400-5-12,2021-08-03
283,كي بي سي,شركت كي بي سي,842,1502548,37750490171,26257,26000,24945,-1312,-5,25124,-1133,-4.32,24945,26500,1400-5-12,2021-08-03
284,پدرخش,درخشان‌ تهران‌,841,1689334,36401332310,22590,22890,21470,-1120,-4.96,21550,-1040,-4.6,21470,22890,1400-5-12,2021-08-03
285,غشان,شيرپاستوريزه‌پگاه‌خراسان‌,841,6727135,41254639120,6390,6100,6230,-160,-2.5,6130,-260,-4.07,6080,6290,1400-5-12,2021-08-03
286,بزاگرس,نيروگاه زاگرس كوثر,840,6580785,30694541945,4646,4600,4611,-35,-0.75,4664,18,0.39,4500,4842,1400-5-12,2021-08-03
287,ارفع,شركت آهن و فولاد ارفع,837,2896599,45927118376,15815,15800,15800,-15,-0.09,15839,24,0.15,15540,16220,1400-5-12,2021-08-03
288,چفيبر,فيبر ايران‌,835,3227804,22822161710,7050,6930,7050,0,0,7070,20,0.28,6900,7170,1400-5-12,2021-08-03
289,وتوس,توسعه‌شهري‌توس‌گستر,835,1970314,23533178530,12420,12440,12000,-420,-3.38,11940,-480,-3.86,11800,12840,1400-5-12,2021-08-03
290,دجابر,داروسازي‌ جابرابن‌حيان‌,830,2297035,28009379360,12220,12010,12000,-220,-1.8,12190,-30,-0.25,11860,12500,1400-5-12,2021-08-03
291,اميد,تامين سرمايه اميد,826,5354833,27862818830,5040,5010,5290,250,4.96,5200,160,3.17,4940,5290,1400-5-12,2021-08-03
292,مدير,ص.س.مديريت ثروت ص.بازنشستگي-س,824,6603575,60948566894,9085,9000,9218,133,1.46,9230,145,1.6,9000,9310,1400-5-12,2021-08-03
293,قاسم,قاسم ايران,823,3792379,33790250003,9025,8980,8860,-165,-1.83,8910,-115,-1.27,8812,9189,1400-5-12,2021-08-03
294,خراسان,پتروشيمي خراسان,822,869215,72995840800,81050,78710,84000,2950,3.64,83980,2930,3.62,78710,85100,1400-5-12,2021-08-03
295,اپرداز,آتيه داده پرداز,822,2107385,40341099165,18340,18410,19257,917,5,19143,803,4.38,18410,19257,1400-5-12,2021-08-03
296,وآرين,شركت توسعه اقتصادي آرين,821,11000613,31634122917,2952,2979,2864,-88,-2.98,2876,-76,-2.57,2864,2979,1400-5-12,2021-08-03
297,شپاكسا,پاكسان‌,820,3890250,77587329180,19020,19480,19760,740,3.89,19940,920,4.84,19210,19970,1400-5-12,2021-08-03
298,غمهرا,توليدي‌مهرام‌,819,605406,40328659540,69750,66270,66270,-3480,-4.99,66610,-3140,-4.5,66270,68890,1400-5-12,2021-08-03
299,كوثر,بيمه كوثر,816,5321465,69616637991,13698,13210,13300,-398,-2.91,13082,-616,-4.5,13014,13559,1400-5-12,2021-08-03
300,كهمدا,شيشه‌ همدان‌,815,4168877,39448530270,9260,9370,9460,200,2.16,9460,200,2.16,9330,9610,1400-5-12,2021-08-03
301,تكشا,گسترش‌صنايع‌وخدمات‌كشاورزي‌,809,1126832,31607842400,28950,28950,27860,-1090,-3.77,28050,-900,-3.11,27630,29000,1400-5-12,2021-08-03
302,تسه0003,امتيازتسهيلات مسكن خرداد1400,809,23860,14352903823,597799,610000,598000,201,0.03,601547,3748,0.63,595001,620000,1400-5-12,2021-08-03
303,بنيرو,نيروترانس‌,808,19120730,45146424056,2256,2318,2360,104,4.61,2361,105,4.65,2280,2368,1400-5-12,2021-08-03
304,غمينو,شركت صنايع غذايي مينو شرق,807,3003468,23902189859,8138,8012,7870,-268,-3.29,7958,-180,-2.21,7800,8199,1400-5-12,2021-08-03
305,دزهراوي,داروسازي‌زهراوي‌,807,4606696,28222691550,6260,6250,6110,-150,-2.4,6130,-130,-2.08,6040,6250,1400-5-12,2021-08-03
306,كگهر,سنگ آهن گهرزمين,805,5927689,266721303318,44900,45450,45320,420,0.94,44996,96,0.21,44270,45450,1400-5-12,2021-08-03
307,كاذر,فرآورده‌هاي‌نسوزآذر,804,2855799,43774219820,15710,15830,15440,-270,-1.72,15330,-380,-2.42,15100,15830,1400-5-12,2021-08-03
308,سشرق,سيمان‌ شرق‌,803,12663606,98482191470,7900,7800,7780,-120,-1.52,7780,-120,-1.52,7690,7980,1400-5-12,2021-08-03
309,والبر,سرمايه‌ گذاري‌ البرز(هلدينگ‌,790,2848969,24999753890,8950,8830,8750,-200,-2.23,8800,-150,-1.68,8650,9050,1400-5-12,2021-08-03
310,كلوند,كاشي‌ الوند,788,1741324,39932371930,23350,23400,22780,-570,-2.44,22930,-420,-1.8,22720,23400,1400-5-12,2021-08-03
311,ارزش,صندوق س ارزش آفرين بيدار-سهام,787,7962309,79429882280,9950,9900,10090,140,1.41,9980,30,0.3,9820,10100,1400-5-12,2021-08-03
312,وپست,پست بانك ايران,787,1920965,41182372530,21450,21220,21140,-310,-1.45,21440,-10,-0.05,21020,21940,1400-5-12,2021-08-03
313,ورنا,سرمايه‌گذاري‌ رنا(هلدينگ‌,772,8977112,41290395580,4731,4700,4601,-130,-2.75,4600,-131,-2.77,4550,4740,1400-5-12,2021-08-03
314,وملل,اعتباري ملل,772,5950194,73329479992,12399,12200,12493,94,0.76,12324,-75,-0.6,12100,12510,1400-5-12,2021-08-03
315,پلاست,كارخانجات توليدي پلاستيران,765,869940,39646369854,45076,44190,46428,1352,3,45574,498,1.1,43724,46428,1400-5-12,2021-08-03
316,خبازرس,بازرسي مهندسي و صنعتي ايران,764,1893624,42805708239,23265,22730,22990,-275,-1.18,22605,-660,-2.84,22568,23230,1400-5-12,2021-08-03
317,درهآور,دارويي ره آورد تامين,763,1316920,36098850086,28540,28000,27400,-1140,-3.99,27412,-1128,-3.95,27113,28990,1400-5-12,2021-08-03
318,كساپا,سايپاشيشه‌,760,1470455,28634262960,20230,19740,19220,-1010,-4.99,19470,-760,-3.76,19220,20240,1400-5-12,2021-08-03
319,ضخود7077,اختيارخ خودرو-3000-1400/07/07,759,38683,1928226000,59,55,50,-9,-15.25,50,-9,-15.25,47,55,1400-5-12,2021-08-03
320,ددام,داروسازي زاگرس فارمد پارس,746,2812749,33685820510,12270,11760,11960,-310,-2.53,11980,-290,-2.36,11760,12400,1400-5-12,2021-08-03
321,غمارگ,مارگارين‌,740,1694564,44100484080,26010,25000,26480,470,1.81,26020,10,0.04,24900,27000,1400-5-12,2021-08-03
322,اتكاي,بيمه اتكايي ايرانيان,739,2925769,27706158859,9718,9550,9325,-393,-4.04,9470,-248,-2.55,9300,9880,1400-5-12,2021-08-03
323,مداران,داده‌پردازي‌ايران‌,736,1623040,35991381960,23140,23950,22010,-1130,-4.88,22180,-960,-4.15,21990,23950,1400-5-12,2021-08-03
324,فوكا,فولاد كاويان,735,6600199,100079334734,14736,14971,15178,442,3,15163,427,2.9,14760,15178,1400-5-12,2021-08-03
325,زبينا,كشاورزي و دامپروري بينالود,732,9210868,25417576065,2767,2767,2710,-57,-2.06,2760,-7,-0.25,2701,2826,1400-5-12,2021-08-03
326,دكوثر,داروسازي‌ كوثر,728,7444743,32792045898,4251,4220,4463,212,4.99,4405,154,3.62,4146,4463,1400-5-12,2021-08-03
327,فروس,فروسيليس‌ ايران‌,721,12297819,67767456790,5500,5630,5500,0,0,5510,10,0.18,5430,5630,1400-5-12,2021-08-03
328,كسعدي,كاشي‌ سعدي‌,718,2499169,27569981840,11270,11250,10940,-330,-2.93,11030,-240,-2.13,10790,11400,1400-5-12,2021-08-03
329,سيلام,سيمان‌ ايلام‌,718,3817287,31236722780,8350,8230,8240,-110,-1.32,8180,-170,-2.04,8130,8370,1400-5-12,2021-08-03
330,خديزل,بهمن  ديزل,716,780719,41896231335,52109,53970,54714,2605,5,53664,1555,2.98,51107,54714,1400-5-12,2021-08-03
331,ثامان,سامان‌ گستراصفهان‌,715,1504881,21332503470,14740,14150,14010,-730,-4.95,14180,-560,-3.8,14010,14710,1400-5-12,2021-08-03
332,وسكرشا,س.سهام عدالت استان كرمانشاه,705,34089212,25701057062,792,753,753,-39,-4.92,754,-38,-4.8,753,770,1400-5-12,2021-08-03
333,چكارن,كارتن‌ ايران‌,700,6976132,17539337015,2505,2550,2548,43,1.72,2514,9,0.36,2454,2550,1400-5-12,2021-08-03
334,خريخت,صنايع‌ريخته‌گري‌ايران‌,690,11570526,34324631011,3080,2961,3017,-63,-2.05,2967,-113,-3.67,2926,3080,1400-5-12,2021-08-03
335,خشرق,الكتريك‌ خودرو شرق‌,689,3697646,48440424110,12560,13000,13180,620,4.94,13100,540,4.3,12680,13180,1400-5-12,2021-08-03
336,سپاها,سيمان‌سپاهان‌,687,5247433,46119693240,8750,8780,8870,120,1.37,8790,40,0.46,8610,8950,1400-5-12,2021-08-03
337,خكمك,كمك‌فنرايندامين‌,686,1694636,28917625240,17060,17550,16750,-310,-1.82,17060,0,0,16700,17550,1400-5-12,2021-08-03
338,وايران,ليزينگ ايرانيان,686,3412505,24549077000,7250,7400,7180,-70,-0.97,7190,-60,-0.83,7070,7400,1400-5-12,2021-08-03
339,فاما,صنعتي‌ آما,682,1830574,32730694480,17740,18200,17530,-210,-1.18,17880,140,0.79,17300,18440,1400-5-12,2021-08-03
340,ساروم,سيمان‌اروميه‌,673,1602833,62018701860,38560,38000,39070,510,1.32,38690,130,0.34,37990,39390,1400-5-12,2021-08-03
341,خوساز,محورسازان‌ايران‌خودرو,672,5992713,41560842150,7160,6940,7130,-30,-0.42,6940,-220,-3.07,6810,7160,1400-5-12,2021-08-03
342,شبصير,توليدات پتروشيمي قائد بصير,664,531180,46481321376,86883,89620,88350,1467,1.69,87506,623,0.72,84030,89620,1400-5-12,2021-08-03
343,عيار,صندوق سكه طلاي مفيد,661,2952401,86879867622,29092,28870,29810,718,2.47,29427,335,1.15,28566,30010,1400-5-12,2021-08-03
344,خچرخش,چرخشگر,657,2743220,29096572200,10980,10800,10550,-430,-3.92,10610,-370,-3.37,10440,11120,1400-5-12,2021-08-03
345,وسهمدا,شركت س استان همدان,651,29554207,17428382882,568,596,596,28,4.93,582,14,2.46,571,596,1400-5-12,2021-08-03
346,سمازن,سيمان‌مازندران‌,650,3339896,47644543300,14570,14360,14380,-190,-1.3,14270,-300,-2.06,14020,14620,1400-5-12,2021-08-03
347,كرماشا,صنايع پتروشيمي كرمانشاه,640,1533099,65286750790,42580,41510,42770,190,0.45,42580,0,0,40830,43240,1400-5-12,2021-08-03
348,دامين,داروسازي‌ امين‌,640,6321100,22524386244,3534,3471,3560,26,0.74,3563,29,0.82,3410,3680,1400-5-12,2021-08-03
349,غبهنوش,بهنوش‌ ايران‌,638,450986,27175982110,59070,61000,59530,460,0.78,60260,1190,2.01,59110,61000,1400-5-12,2021-08-03
350,فپنتا,سپنتا,636,86440,39836499870,441130,460000,463180,22050,5,460860,19730,4.47,430040,463180,1400-5-12,2021-08-03
351,فايرا,آلومينيوم‌ايران‌,632,1808816,27220250110,15250,15000,15120,-130,-0.85,15160,-90,-0.59,14950,15450,1400-5-12,2021-08-03
352,دبالك,مواد اوليه دارويي البرز بالك,632,2102944,30715093576,14754,14540,14550,-204,-1.38,14606,-148,-1,14230,14990,1400-5-12,2021-08-03
353,ولشرق,ليزينگ ايران و شرق,630,2548824,15423779175,5895,6140,6007,112,1.9,6051,156,2.65,6000,6140,1400-5-12,2021-08-03
354,وسرضوي,س.سهام عدالت استان خراسان رضوي,626,33001879,25583782778,815,775,775,-40,-4.91,805,-10,-1.23,775,787,1400-5-12,2021-08-03
355,وصنا,گروه‌صنايع‌بهشهرايران‌,619,6157029,34443948470,5670,5530,5620,-50,-0.88,5590,-80,-1.41,5530,5770,1400-5-12,2021-08-03
356,سغرب,سيمان‌غرب‌,619,1055175,24856682190,23110,23240,23810,700,3.03,23560,450,1.95,23240,24000,1400-5-12,2021-08-03
357,سپيدما,صندوق س. سپيد دماوند-د,617,33147051,357692548423,10786,10791,10792,6,0.06,10791,5,0.05,10790,10796,1400-5-12,2021-08-03
358,وسگيلا,شركت س استان گيلان,612,26761333,16040206308,599,601,585,-14,-2.34,599,0,0,573,611,1400-5-12,2021-08-03
359,لابسا,آبسال‌,612,685959,25216462800,38290,38590,36700,-1590,-4.15,36760,-1530,-4,36380,38590,1400-5-12,2021-08-03
360,خموتور,موتورسازان‌تراكتورسازي‌ايران‌,611,2358993,22005306420,9530,9440,9360,-170,-1.78,9330,-200,-2.1,9180,9580,1400-5-12,2021-08-03
361,ونفت,سرمايه‌گذاري‌ صنعت‌ نفت‌,610,4757943,73715809980,15480,15150,15700,220,1.42,15490,10,0.06,15150,15800,1400-5-12,2021-08-03
362,وسكاب,س.ص.بازنشستگي كاركنان بانكها,607,12336244,33788515047,2730,2770,2750,20,0.73,2739,9,0.33,2694,2770,1400-5-12,2021-08-03
363,شرانل,نفت ايرانول,606,982181,48309325340,49608,49999,49500,-108,-0.22,49186,-422,-0.85,48502,49999,1400-5-12,2021-08-03
364,چافست,افست‌,604,1482403,20061546910,13870,13600,13400,-470,-3.39,13530,-340,-2.45,13190,13990,1400-5-12,2021-08-03
365,كپارس,كاشي‌ پارس‌,603,194828,20070861150,106280,102010,102810,-3470,-3.26,103020,-3260,-3.07,102010,109900,1400-5-12,2021-08-03
366,ساينا,صنايع بهداشتي ساينا,603,286349,26761342745,91197,87200,95756,4559,5,93457,2260,2.48,87200,95756,1400-5-12,2021-08-03
367,رانفور,خدمات‌انفورماتيك‌,597,3869118,22732782560,5830,5780,5870,40,0.69,5850,20,0.34,5780,5950,1400-5-12,2021-08-03
368,دكپسول,توليد ژلاتين كپسول ايران,596,1335246,44875400688,32399,31872,33998,1599,4.94,33608,1209,3.73,31250,34018,1400-5-12,2021-08-03
369,ضخود7075,اختيارخ خودرو-2000-1400/07/07,593,24388,6580040000,298,299,268,-30,-10.07,270,-28,-9.4,260,299,1400-5-12,2021-08-03
370,وبيمه,سرمايه‌ گذاري‌ صنعت‌ بيمه‌,591,11601078,20283369943,1777,1729,1755,-22,-1.24,1748,-29,-1.63,1729,1785,1400-5-12,2021-08-03
371,ريشمك,توليد و صادرات ريشمك,590,567210,25948778620,45464,46022,45368,-96,-0.21,45748,284,0.62,44710,46900,1400-5-12,2021-08-03
372,كيميا,معدني كيمياي زنجان گستران,586,1664473,23211020640,13944,14280,14010,66,0.47,13945,1,0.01,13780,14280,1400-5-12,2021-08-03
373,سكه0012پ01,تمام سكه طرح جديد0012رفاه,585,150400,173283173200,1141285,1134999,1164000,22715,1.99,1152149,10864,0.95,1125600,1169360,1400-5-12,2021-08-03
374,تنوين,تامين سرمايه نوين,579,9410488,63247547750,6800,6710,6690,-110,-1.62,6720,-80,-1.18,6550,6890,1400-5-12,2021-08-03
375,بموتو,موتوژن‌,578,531516,34689582710,66490,66990,65010,-1480,-2.23,65270,-1220,-1.83,64000,66990,1400-5-12,2021-08-03
376,غپآذر,شير پگاه آذربايجان شرقي,578,989745,46613444546,44918,47100,47163,2245,5,47096,2178,4.85,46010,47163,1400-5-12,2021-08-03
377,وثنو,سرمايه گذاري ساختماني نوين,577,7225250,30991978793,4226,4330,4352,126,2.98,4289,63,1.49,4180,4352,1400-5-12,2021-08-03
378,شكربن,كربن‌ ايران‌,575,290115,29120004530,99260,100090,99000,-260,-0.26,100370,1110,1.12,98000,103100,1400-5-12,2021-08-03
379,دشيري,شيرين دارو,571,140312,28609970854,198021,203961,203961,5940,3,203903,5882,2.97,202000,203961,1400-5-12,2021-08-03
380,فخاس,فولاد خراسان,559,1768754,41259789790,22730,23500,23430,700,3.08,22960,230,1.01,22830,23640,1400-5-12,2021-08-03
381,كمنگنز,معادن‌منگنزايران‌,558,416531,29311076440,71240,71000,69800,-1440,-2.02,70370,-870,-1.22,69000,72340,1400-5-12,2021-08-03
382,ثتران,سرمايه گذاري مسكن تهران,550,4654872,14731575004,3254,3201,3106,-148,-4.55,3165,-89,-2.74,3100,3269,1400-5-12,2021-08-03
383,وبوعلي,سرمايه‌گذاري‌بوعلي‌,549,5211790,21318951974,4149,4144,4138,-11,-0.27,4091,-58,-1.4,4040,4215,1400-5-12,2021-08-03
384,بميلا,توسعه بازرگاني آهن وفولادميلاد,543,7485174,112277930138,15132,15010,14679,-453,-2.99,15000,-132,-0.87,14679,15297,1400-5-12,2021-08-03
385,وپسا,س. پتروشيمي ساختمان  خليج فارس,542,10055431,18683290291,1856,1880,1893,37,1.99,1858,2,0.11,1819,1893,1400-5-12,2021-08-03
386,وثوق,سرمايه گذاري وثوق امين,536,831240,14930145459,18172,18300,17687,-485,-2.67,17961,-211,-1.16,17627,18300,1400-5-12,2021-08-03
387,پلاسك,پلاسكوكار,531,2846862,18472049260,6420,6290,6490,70,1.09,6490,70,1.09,6290,6590,1400-5-12,2021-08-03
388,دشيمي,شيمي‌ داروئي‌ داروپخش‌,530,1014167,23819721080,24310,24000,23380,-930,-3.83,23490,-820,-3.37,23160,24000,1400-5-12,2021-08-03
389,اطلس,صندوق س.توسعه اندوخته آينده-س,527,196361,47735817477,242662,242600,244000,1338,0.55,243102,440,0.18,241260,244800,1400-5-12,2021-08-03
390,سقاين,سيمان‌ قائن‌,526,389408,24776699260,66140,64000,64000,-2140,-3.24,63630,-2510,-3.79,62840,66140,1400-5-12,2021-08-03
391,مبين,مبين انرژي خليج فارس,523,2305159,43106380400,18310,18680,18800,490,2.68,18440,130,0.71,18400,18830,1400-5-12,2021-08-03
392,وسنا,سرمايه گذاري نيروگاهي ايران,521,2183876,32986872034,14676,15115,15116,440,3,15105,429,2.92,14550,15116,1400-5-12,2021-08-03
393,ومعلم,بيمه معلم,518,3376997,13528231663,4059,4060,4005,-54,-1.33,4010,-49,-1.21,3963,4120,1400-5-12,2021-08-03
394,شتوكا,توكا رنگ فولاد سپاهان,517,1117036,38425858090,32770,34408,34408,1638,5,34400,1630,4.97,34000,34408,1400-5-12,2021-08-03
395,اعتلا,شركت سرمايه گذاري اعتلاء البرز,516,2246435,15791055893,7189,7172,7087,-102,-1.42,7029,-160,-2.23,6962,7172,1400-5-12,2021-08-03
396,معيار ,سرمايه گذاري معيار صنعت پارس,510,646336,27323738522,41207,40300,42443,1236,3,42275,1068,2.59,40211,42443,1400-5-12,2021-08-03
397,افرا,افرانت,508,812831,21652910120,27979,27000,26581,-1398,-5,26639,-1340,-4.79,26581,27000,1400-5-12,2021-08-03
398,رتكو,كنترل‌خوردگي‌تكين‌كو,507,1365803,15740215970,12030,11650,11550,-480,-3.99,11520,-510,-4.24,11430,12260,1400-5-12,2021-08-03
399,پكوير,كوير تاير,505,1998853,28202355550,14200,14390,14100,-100,-0.7,14110,-90,-0.63,14000,14390,1400-5-12,2021-08-03
400,تسه0002,امتيازتسهيلاتمسكن ارديبهشت1400,503,10419,6314734115,598794,610000,610000,11206,1.87,606079,7285,1.22,581002,610000,1400-5-12,2021-08-03
401,جوين,كشت و صنعت جوين,503,7621555,28321559695,3684,3710,3770,86,2.33,3716,32,0.87,3580,3788,1400-5-12,2021-08-03
402,شجم,صنايع پتروشيمي تخت جمشيد,499,9537921,116201921515,11830,12184,12184,354,2.99,12183,353,2.98,12110,12184,1400-5-12,2021-08-03
403,خپويش,سازه‌ پويش‌,496,472757,24094236540,52900,51130,50260,-2640,-4.99,50970,-1930,-3.65,50260,53990,1400-5-12,2021-08-03
404,شنفت,نفت‌ پارس‌,494,1103163,64258458940,58380,58110,58980,600,1.03,58250,-130,-0.22,56460,59400,1400-5-12,2021-08-03
405,تكنو,تكنوتار,493,1693095,25492624010,15610,15090,14830,-780,-5,15060,-550,-3.52,14830,16140,1400-5-12,2021-08-03
406,ركيشح,ح. كارت اعتباري ايران كيش,490,3129715,14745988640,4380,4495,4818,438,10,4712,332,7.58,4451,4818,1400-5-12,2021-08-03
407,شوينده,مديريت صنعت شوينده ت.ص.بهشهر,489,1972070,44661652830,21960,22220,22830,870,3.96,22650,690,3.14,22000,22900,1400-5-12,2021-08-03
408,ساراب,سيمان‌ داراب‌,488,2653605,47758284220,17980,18140,18000,20,0.11,18000,20,0.11,17820,18140,1400-5-12,2021-08-03
409,سكرد,سيمان كردستان,487,2767300,17460978720,6420,6350,6380,-40,-0.62,6310,-110,-1.71,6160,6470,1400-5-12,2021-08-03
410,ما,بيمه  ما,485,2337112,19331764890,8250,8490,8070,-180,-2.18,8270,20,0.24,8000,8490,1400-5-12,2021-08-03
411,كخاك,صنايع‌خاك‌چيني‌ايران‌,480,838144,31110465800,36810,38020,36800,-10,-0.03,37120,310,0.84,35950,38110,1400-5-12,2021-08-03
412,كفرآور,فرآورده هاي سيمان شرق,477,1034587,19943700699,19032,19240,19330,298,1.57,19277,245,1.29,19020,19500,1400-5-12,2021-08-03
413,پخشح,ح. پخش البرز,475,1477360,25619405282,16745,16400,17290,545,3.25,17341,596,3.56,16400,17582,1400-5-12,2021-08-03
414,اوان,مبين وان كيش,473,635411,21205513909,32773,32205,33530,757,2.31,33373,600,1.83,32205,34000,1400-5-12,2021-08-03
415,داوه,داروسازي آوه سينا,471,903385,14340260254,15815,15600,15930,115,0.73,15873,58,0.37,15600,16250,1400-5-12,2021-08-03
416,وبشهر,توسعه‌ صنايع‌ بهشهر(هلدينگ,470,3846212,46810790050,12100,11800,12000,-100,-0.83,12170,70,0.58,11600,12340,1400-5-12,2021-08-03
417,حبندر,دريايي و کشتيراني خط دريابندر,468,701977,23847216779,33296,32800,34294,998,3,33972,676,2.03,32790,34294,1400-5-12,2021-08-03
418,پرداخت,به پرداخت ملت,465,1478096,29267797230,20340,20100,20190,-150,-0.74,19800,-540,-2.65,19530,20240,1400-5-12,2021-08-03
419,سمايه,بانك سرمايه,462,4415006,20735156273,4810,4666,4828,18,0.37,4697,-113,-2.35,4666,4842,1400-5-12,2021-08-03
420,كگاز,شيشه‌ و گاز,460,1190533,20867261490,17930,17980,17420,-510,-2.84,17530,-400,-2.23,17280,18280,1400-5-12,2021-08-03
421,درازك,دارويي‌ رازك‌,459,1011696,35486053330,34900,34420,34990,90,0.26,35080,180,0.52,34420,36300,1400-5-12,2021-08-03
422,وخاور,بانك خاورميانه,457,3944139,24045506260,6150,6240,6090,-60,-0.98,6130,-20,-0.33,6000,6240,1400-5-12,2021-08-03
423,وكادو,تكادو,456,2706128,51353285154,18861,19399,19000,139,0.74,18977,116,0.62,18296,19399,1400-5-12,2021-08-03
424,لخزر,پارس‌ خزر,455,179595,21567621530,124390,120000,119980,-4410,-3.55,120090,-4300,-3.46,118180,124240,1400-5-12,2021-08-03
425,كدما,معدني‌ دماوند,453,123458,28586699900,220530,231550,231550,11020,5,231550,11020,5,231550,231550,1400-5-12,2021-08-03
426,تسه0001,امتيازتسهيلات مسكن فروردين1400,450,11308,6878535109,600046,600000,610000,9954,1.66,608289,8243,1.37,595001,610000,1400-5-12,2021-08-03
427,لسرما,سرما آفرين‌,450,854254,16733074940,19200,19300,19810,610,3.18,19590,390,2.03,19220,20140,1400-5-12,2021-08-03
428,فنوال,نورد آلومينيوم‌,447,686627,16074089440,24000,23990,23390,-610,-2.54,23410,-590,-2.46,23140,24000,1400-5-12,2021-08-03
429,رتاپ,تجارت الكترونيك  پارسيان,442,4679675,28079241160,6000,6020,6020,20,0.33,6000,0,0,5950,6080,1400-5-12,2021-08-03
430,سرود,سيمان‌شاهرود,441,3536981,85191725180,24050,24310,24000,-50,-0.21,24090,40,0.17,23920,24630,1400-5-12,2021-08-03
431,فافزا,فولاد افزا سپاهان,441,442294,18691210921,41566,40728,42812,1246,3,42260,694,1.67,40320,42812,1400-5-12,2021-08-03
432,كاردان,صندوق س تجارت شاخصي كاردان,438,179157,33503927460,183190,184800,188100,4910,2.68,187010,3820,2.09,184500,188500,1400-5-12,2021-08-03
433,چكاوه,صنايع‌كاغذسازي‌كاوه‌,426,1332751,17674906240,12900,12640,13280,380,2.95,13260,360,2.79,12600,13480,1400-5-12,2021-08-03
434,سهگمت,سيمان‌هگمتان‌,421,1100383,28568117720,25240,25950,26290,1050,4.16,25960,720,2.85,24900,26300,1400-5-12,2021-08-03
435,كفرا,فراورده‌ هاي‌ نسوزايران‌,420,953414,22374436110,23810,24350,23200,-610,-2.56,23470,-340,-1.43,22830,24720,1400-5-12,2021-08-03
436,وگردش,بانك گردشگري,417,1924410,26377161418,13972,13553,13765,-207,-1.48,13887,-85,-0.61,13553,13930,1400-5-12,2021-08-03
437,غبشهر,صنعتي‌ بهشهر,414,1245198,31084045020,25560,25600,24910,-650,-2.54,24960,-600,-2.35,24770,25600,1400-5-12,2021-08-03
438,غشاذر,پگاه‌آذربايجان‌غربي‌,414,2485173,17832674080,7210,7090,7090,-120,-1.66,7180,-30,-0.42,7010,7380,1400-5-12,2021-08-03
439,ثباغ,شهر سازي و خانه سازي باغميشه,413,879301,10156075309,11779,11698,11400,-379,-3.22,11625,-154,-1.31,11191,11990,1400-5-12,2021-08-03
440,دتوليدح,ح. داروسازي توليد دارو,413,644320,6105916503,9632,9310,9450,-182,-1.89,9477,-155,-1.61,9310,9800,1400-5-12,2021-08-03
441,بهپاك,صنعتي بهپاك,412,2692972,20143086585,7473,7500,7569,96,1.28,7480,7,0.09,7281,7620,1400-5-12,2021-08-03
442,شاملا,معدني‌ املاح‌  ايران‌,409,460267,17492553690,39310,39320,37600,-1710,-4.35,38010,-1300,-3.31,37600,39320,1400-5-12,2021-08-03
443,واعتبار,سرمايه گذاري اعتبار ايران,408,1807195,16193915740,8690,8500,9080,390,4.49,8960,270,3.11,8290,9120,1400-5-12,2021-08-03
444,وايرا,سرمايه گذاري صنايع ايران,404,2415819,18692287923,7970,7783,7731,-239,-3,7737,-233,-2.92,7731,7810,1400-5-12,2021-08-03
445,وجامي,سرمايه گذاري جامي,403,1539618,19599665043,12772,12980,12514,-258,-2.02,12730,-42,-0.33,12500,12980,1400-5-12,2021-08-03
446,ثمسكن,سرمايه‌گذاري‌ مسكن‌,398,4820700,21568978152,4539,4546,4540,1,0.02,4474,-65,-1.43,4313,4635,1400-5-12,2021-08-03
447,فسا,پتروشيمي فسا,394,8259805,11811911982,1390,1417,1431,41,2.95,1430,40,2.88,1400,1431,1400-5-12,2021-08-03
448,ركيش,كارت اعتباري ايران كيش,394,1395192,9403187070,6470,6500,6790,320,4.95,6620,150,2.32,6500,6790,1400-5-12,2021-08-03
449,دسانكوح,ح . داروسازي سبحان انكولوژي,386,1015341,8320795499,7970,7820,8349,379,4.76,8195,225,2.82,7820,8360,1400-5-12,2021-08-03
450,سيدكو,سرمايه گذاري توسعه صنايع سيمان,382,3002775,21805536150,7200,7280,7290,90,1.25,7260,60,0.83,7020,7320,1400-5-12,2021-08-03
451,واحصا,احياء صنايع خراسان,381,590588,24384932872,41416,42500,41200,-216,-0.52,41289,-127,-0.31,40174,42549,1400-5-12,2021-08-03
452,سخزر,سيمان‌ خزر,381,552075,13177892290,23790,24850,23680,-110,-0.46,23870,80,0.34,23150,24850,1400-5-12,2021-08-03
453,ولبهمن,شركت بهمن ليزينگ,380,2463491,17167484515,7069,7110,7047,-22,-0.31,6969,-100,-1.41,6840,7200,1400-5-12,2021-08-03
454,گنگين,اقتصادي نگين گردشگري ايرانيان,378,2665313,50551451775,18940,19330,18892,-48,-0.25,18966,26,0.14,18510,19500,1400-5-12,2021-08-03
455,فنفت,صنايع تجهيزات نفت,377,1075344,30116271544,27289,28104,28100,811,2.97,28006,717,2.63,27450,28107,1400-5-12,2021-08-03
456,تشتاد,صنايع توليدي اشتاد ايران‌,377,2240792,17860294775,7787,7762,8020,233,2.99,7971,184,2.36,7762,8020,1400-5-12,2021-08-03
457,شپاس,نفت پاسارگاد,375,762953,13223904334,16910,17720,17380,470,2.78,17246,336,1.99,17000,17720,1400-5-12,2021-08-03
458,دلر,داروسازي‌ اكسير,374,949676,35087475120,36910,36500,36980,70,0.19,36950,40,0.11,36100,37500,1400-5-12,2021-08-03
459,پرديس,سرمايه گذاري پرديس,372,3469369,17311557833,4977,4885,5038,61,1.23,4990,13,0.26,4885,5040,1400-5-12,2021-08-03
460,دسبحا,گروه دارويي سبحان,366,807151,11986729720,14600,14230,14770,170,1.16,14760,160,1.1,14230,15100,1400-5-12,2021-08-03
461,فسازان,غلتك سازان سپاهان,365,507618,14702316520,28870,28910,28700,-170,-0.59,28960,90,0.31,28600,29400,1400-5-12,2021-08-03
462,بخاور,بيمه زندگي خاورميانه,362,1650304,8978263968,5600,5481,5440,-160,-2.86,5491,-109,-1.95,5340,5616,1400-5-12,2021-08-03
463,كاريس,صندوق س.سپهر كاريزما-س,362,4179776,55763957743,13348,13440,13400,52,0.39,13341,-7,-0.05,13222,13440,1400-5-12,2021-08-03
464,غشهد,شهد ايران ‌,360,2591168,12195845273,4702,4700,4664,-38,-0.81,4706,4,0.09,4609,4830,1400-5-12,2021-08-03
465,خلنت,لنت‌ ترمزايران‌,356,298606,17384028020,55480,58240,58250,2770,4.99,58190,2710,4.88,57240,58250,1400-5-12,2021-08-03
466,كهربا,صندوق س.پشتوانه سكه طلا كهربا,353,3549652,36174683443,10303,10300,10140,-163,-1.58,10191,-112,-1.09,10131,10350,1400-5-12,2021-08-03
467,وسبحان,سرمايه گذاري سبحان,352,5983536,17343736156,2890,2880,2900,10,0.35,2899,9,0.31,2850,2948,1400-5-12,2021-08-03
468,تسه9908,امتياز تسهيلات مسكن آبان99,344,6103,3684385951,598663,609000,610000,11337,1.89,603701,5038,0.84,591121,610000,1400-5-12,2021-08-03
469,وتوشه,سرمايه‌ گذاري‌ پارس‌ توشه‌,343,5341955,30953928400,5920,5920,5890,-30,-0.51,5790,-130,-2.2,5700,5920,1400-5-12,2021-08-03
470,كارين,صندوق س نگين سامان-ثابت,341,12146438,122282979285,10062,10068,10069,7,0.07,10067,5,0.05,10067,10069,1400-5-12,2021-08-03
471,پكرمان,گروه‌ صنعتي‌ بارز,339,569138,14669576780,25570,25130,25900,330,1.29,25690,120,0.47,25000,26200,1400-5-12,2021-08-03
472,فبيرا,بسته‌ بندي‌ ايران‌,339,6657418,14610485490,2261,2240,2194,-67,-2.96,2195,-66,-2.92,2194,2240,1400-5-12,2021-08-03
473,دتماد,توليدمواداوليه‌داروپخش‌,338,369328,17118845680,45690,45300,46590,900,1.97,46350,660,1.44,45250,46900,1400-5-12,2021-08-03
474,سرچشمه,سرمايه گذاري مس سرچشمه,338,2059915,13840138637,6789,6650,6701,-88,-1.3,6724,-65,-0.96,6600,6789,1400-5-12,2021-08-03
475,بساما,بيمه سامان,337,414085,11580042853,28828,27398,27635,-1193,-4.14,28393,-435,-1.51,27398,29260,1400-5-12,2021-08-03
476,سفانو,سيمان فارس نو,337,415450,12454885120,30370,29010,30000,-370,-1.22,30020,-350,-1.15,29010,31000,1400-5-12,2021-08-03
477,وبهمن,سرمايه‌گذاري‌بهمن‌,336,1570187,24459077040,15000,15450,15750,750,5,15580,580,3.87,15080,15750,1400-5-12,2021-08-03
478,شفا,سرمايه گذاري شفادارو,336,409628,15179131410,36760,36110,37100,340,0.92,37020,260,0.71,36010,37710,1400-5-12,2021-08-03
479,گوهر,صندوق سكه طلاي كيان,334,253376,14573177148,57212,57490,58500,1288,2.25,57516,304,0.53,56557,58900,1400-5-12,2021-08-03
480,سخوز,سيمان خوزستان,330,1526306,37495821320,24830,25390,24510,-320,-1.29,24570,-260,-1.05,24310,25390,1400-5-12,2021-08-03
481,فنرژي,گسترش صنايع انرژي آذرآب,330,527909,8241951916,15054,15590,15656,602,4,15612,558,3.71,15090,15656,1400-5-12,2021-08-03
482,قپيرا,فرآورده‌هاي‌غدايي‌وقندپيرانشهر,327,1421451,10115380700,7180,6940,7200,20,0.28,7130,-50,-0.7,6900,7380,1400-5-12,2021-08-03
483,لبوتان,گروه‌صنعتي‌بوتان‌,327,696064,34502514540,49670,50060,50060,390,0.79,49570,-100,-0.2,48710,51550,1400-5-12,2021-08-03
484,والبرح,ح . سرمايه گذاري‌البرز(هلدينگ‌,322,626835,4635518570,7500,7400,7365,-135,-1.8,7395,-105,-1.4,7364,7470,1400-5-12,2021-08-03
485,ضخود7076,اختيارخ خودرو-2500-1400/07/07,322,14759,1610527000,125,120,107,-18,-14.4,109,-16,-12.8,103,120,1400-5-12,2021-08-03
486,گوهران,سرمايه گذاري توسعه گوهران اميد,322,1919002,9565565016,5034,5120,4952,-82,-1.63,5002,-32,-0.64,4902,5120,1400-5-12,2021-08-03
487,تسه9912,امتياز تسهيلات مسكن اسفند99,317,3919,2366630124,598132,591699,596300,-1832,-0.31,603886,5754,0.96,591699,619998,1400-5-12,2021-08-03
488,زپارس,ملي كشت و صنعت و دامپروري پارس,315,117931,14368281580,123000,124000,119590,-3410,-2.77,121950,-1050,-0.85,119560,125000,1400-5-12,2021-08-03
489,افران,صندوق س افرا نماد پايدار-ثابت,314,5340752,74390549462,13922,13932,13933,11,0.08,13929,7,0.05,13928,13933,1400-5-12,2021-08-03
490,لوتوس,تامين سرمايه لوتوس پارسيان,314,3005786,24059696670,7980,8130,8030,50,0.63,8000,20,0.25,7970,8130,1400-5-12,2021-08-03
491,مارون,پتروشيمي مارون,310,140779,23823890100,167699,176080,173000,5301,3.16,168060,361,0.22,167700,176080,1400-5-12,2021-08-03
492,دسينا,داروسازي‌ سينا,303,766787,17104368960,21870,22890,22350,480,2.19,22310,440,2.01,22000,22890,1400-5-12,2021-08-03
493,زر,صندوق س.پشتوانه سكه طلاي زر,295,157433,8068136318,50685,52000,51708,1023,2.02,51248,563,1.11,50210,52000,1400-5-12,2021-08-03
494,حخزر,كشتيراني درياي خزر,294,534607,12665981292,23371,24400,23791,420,1.8,23661,290,1.24,22342,24400,1400-5-12,2021-08-03
495,دسبحان,سبحان دارو,291,414137,7899189810,18860,19200,19120,260,1.38,18970,110,0.58,18870,19250,1400-5-12,2021-08-03
496,دعبيد,لابراتوارداروسازي‌  دكترعبيدي‌,291,498016,12069036310,24750,24430,24210,-540,-2.18,24610,-140,-0.57,24120,24430,1400-5-12,2021-08-03
497,قزوين,كارخانجات‌ قند قزوين‌,290,347805,9756336530,28970,28000,28650,-320,-1.1,28380,-590,-2.04,27600,29000,1400-5-12,2021-08-03
498,كپرور,فرآوري زغال سنگ پروده طبس,290,437515,14742080613,34009,33001,33690,-319,-0.94,33699,-310,-0.91,32900,34698,1400-5-12,2021-08-03
499,زگلدشت,كشت و دام گلدشت نمونه اصفهان,284,731876,8421874186,11626,11820,11410,-216,-1.86,11560,-66,-0.57,11200,11899,1400-5-12,2021-08-03
500,زرين,صندوق س. سهام زرين كوروش-س,279,1094806,13113360705,12163,12163,12060,-103,-0.85,11978,-185,-1.52,11861,12163,1400-5-12,2021-08-03
501,تسه9911,امتياز تسهيلات مسكن بهمن99,276,3802,2288895842,597443,593000,598030,587,0.1,602024,4581,0.77,593000,609999,1400-5-12,2021-08-03
502,تايرا,تراكتورسازي‌ايران‌,270,1412253,32556574570,22470,22000,23590,1120,4.98,23050,580,2.58,21990,23590,1400-5-12,2021-08-03
503,كشرق,صنعتي و معدني شمال شرق شاهرود,269,302234,19372845938,64383,64000,64200,-183,-0.28,64099,-284,-0.44,63311,64999,1400-5-12,2021-08-03
504,قمرو,قند مرودشت‌,269,314105,7671834190,24310,25000,23890,-420,-1.73,24370,60,0.25,23710,25000,1400-5-12,2021-08-03
505,گوهرانح,ح . س. توسعه گوهران اميد,264,739019,2589218142,3477,3560,3500,23,0.66,3504,27,0.78,3420,3600,1400-5-12,2021-08-03
506,سباقر,سيمان باقران,263,1179061,17104906899,14920,14473,14500,-420,-2.82,14507,-413,-2.77,14473,14986,1400-5-12,2021-08-03
507,واتي,سرمايه‌ گذاري‌ آتيه‌ دماوند,260,1135705,12538138000,11070,10740,11100,30,0.27,11050,-20,-0.18,10740,11250,1400-5-12,2021-08-03
508,وتوسم,سرمايه‌گذاري‌توسعه‌ملي‌,260,1258029,9846056650,7870,7810,7820,-50,-0.64,7840,-30,-0.38,7790,7880,1400-5-12,2021-08-03
509,كطبس,ذغال‌سنگ‌ نگين‌ ط‌بس‌,258,376699,21192016110,55970,55110,55520,-450,-0.8,56260,290,0.52,54530,57460,1400-5-12,2021-08-03
510,ولملت,واسپاري ملت,258,1341130,6489540530,4930,5080,4820,-110,-2.23,4890,-40,-0.81,4740,5080,1400-5-12,2021-08-03
511,شفارا,پتروشيمي فارابي,257,4535233,23702307435,5080,5232,5232,152,2.99,5226,146,2.87,5133,5232,1400-5-12,2021-08-03
512,خاور,ايران خودرو ديزل,255,2547582,19305576396,7358,7578,7578,220,2.99,7578,220,2.99,7578,7578,1400-5-12,2021-08-03
513,سكرما,سيمان‌ كرمان‌,255,800687,13509831560,16590,16510,16860,270,1.63,16850,260,1.57,16330,17100,1400-5-12,2021-08-03
514,عيار2,صندوق سكه طلاي مفيد,250,2500000,2500000,29092,1,1,-29091,-100,1,-29091,-100,1,1,1400-5-12,2021-08-03
515,دفرا,فرآورده‌هاي‌ تزريقي‌ ايران‌,247,382981,10490287550,26860,26500,27410,550,2.05,27230,370,1.38,26500,27780,1400-5-12,2021-08-03
516,تسه9910,امتياز تسهيلات مسكن دي99,247,3838,2321173506,598304,593500,609000,10696,1.79,604787,6483,1.08,593009,609999,1400-5-12,2021-08-03
517,دالبر,البرزدارو,246,544806,6577435450,12120,11830,12030,-90,-0.74,12100,-20,-0.17,11830,12300,1400-5-12,2021-08-03
518,كقزوي,شيشه‌ قزوين‌,246,1165498,8828019503,7601,7420,7618,17,0.22,7578,-23,-0.3,7420,7690,1400-5-12,2021-08-03
519,فراز,صندوق س.سهام فراز داريك-س,244,4632076,56553927818,12223,12230,12232,9,0.07,12209,-14,-0.11,12120,12235,1400-5-12,2021-08-03
520,غگيلا,شيرپاستوريزه پگاه گيلان,241,838249,19876560288,22583,23712,23712,1129,5,23712,1129,5,23712,23712,1400-5-12,2021-08-03
521,ياقوت,صندوق س ياقوت آگاه-ثابت,240,1972249,25219489242,12781,12813,12794,13,0.1,12787,6,0.05,12786,12813,1400-5-12,2021-08-03
522,پسهند,صنايع‌ لاستيكي‌  سهند,236,303083,9325776090,31080,30230,31000,-80,-0.26,30890,-190,-0.61,30230,31780,1400-5-12,2021-08-03
523,حسينا,توسعه خدمات دريايي وبندري سينا,233,204316,11264283562,55379,54000,55000,-379,-0.68,55188,-191,-0.34,54000,56500,1400-5-12,2021-08-03
524,تسه9909,امتياز تسهيلات مسكن آذر99,231,3222,1942270145,597347,596690,590000,-7347,-1.23,602815,5468,0.92,587888,609999,1400-5-12,2021-08-03
525,دارو,كارخانجات‌داروپخش‌,230,288901,7215707330,25640,24540,25270,-370,-1.44,25330,-310,-1.21,24500,25620,1400-5-12,2021-08-03
526,تماوند,تامين سرمايه دماوند,229,3510081,18911953970,5330,5300,5364,34,0.64,5388,58,1.09,5250,5470,1400-5-12,2021-08-03
527,ثجوان,تامين مسكن جوانان,226,1129817,10551338355,9584,9300,9297,-287,-2.99,9339,-245,-2.56,9297,9670,1400-5-12,2021-08-03
528,وزمين,بانك ايران زمين,226,5767830,59223704408,10284,10300,10284,0,0,10268,-16,-0.16,10200,10350,1400-5-12,2021-08-03
529,شگل,گلتاش‌,223,427492,3318167180,7810,7950,7720,-90,-1.15,7800,-10,-0.13,7590,7950,1400-5-12,2021-08-03
530,آساس,صندوق س.آسمان آرماني سهام-س,214,105651,18094831145,170197,171190,171680,1483,0.87,171270,1073,0.63,170500,171700,1400-5-12,2021-08-03
531,وآيند,بانك  آينده,214,649843,6695982272,10733,10304,10304,-429,-4,10689,-44,-0.41,10304,10304,1400-5-12,2021-08-03
532,آكورد,صندوق س. آرمان آتي كوثر-د,209,1500280,50095645305,33373,33390,33397,24,0.07,33391,18,0.05,33390,33397,1400-5-12,2021-08-03
533,قيستو,شركت قند بيستون,208,2163306,32103863238,14281,14852,14852,571,4,14840,559,3.91,13760,14852,1400-5-12,2021-08-03
534,پارسيان,بيمه پارسيان,208,2253381,20275867820,8990,9080,9000,10,0.11,9000,10,0.11,8890,9090,1400-5-12,2021-08-03
535,سشمال,سيمان‌ شمال‌,207,881954,8477942160,9790,9500,9700,-90,-0.92,9690,-100,-1.02,9370,9830,1400-5-12,2021-08-03
536,آوا,صندوق س.سهام آواي معيار-س,206,1105858,7949812816,7172,7194,7208,36,0.5,7189,17,0.24,7151,7210,1400-5-12,2021-08-03
537,آساميد,صندوق س.مشترك آسمان اميد -د,203,7420802,93016096581,12530,12534,12539,9,0.07,12535,5,0.04,12533,12539,1400-5-12,2021-08-03
538,وساشرقي,شركت س استان آذربايجان شرقي,203,11480067,8805211389,807,767,767,-40,-4.96,801,-6,-0.74,767,767,1400-5-12,2021-08-03
539,تصميم,صندوق س با درآمد ثابت تصميم,199,1552820,26418815333,17002,17011,17022,20,0.12,17013,11,0.06,17007,17026,1400-5-12,2021-08-03
540,سپ,پرداخت الكترونيك سامان كيش,197,210362,5774297650,27280,27120,27510,230,0.84,27300,20,0.07,27110,27910,1400-5-12,2021-08-03
541,پارتا,مجتمع‌صنعتي‌آرتاويل‌تاير,195,427549,12058678085,29068,28196,28201,-867,-2.98,28649,-419,-1.44,28196,28900,1400-5-12,2021-08-03
542,كاسپين,داروسازي كاسپين تامين,189,239818,4696626669,19674,19342,19690,16,0.08,19645,-29,-0.15,19231,20000,1400-5-12,2021-08-03
543,دكيمي,كيميدارو,185,394861,8405865090,21520,20820,21210,-310,-1.44,21390,-130,-0.6,20820,21500,1400-5-12,2021-08-03
544,بفجر,فجر انرژي خليج فارس,181,494260,11655509490,23740,23520,23720,-20,-0.08,23710,-30,-0.13,23180,23760,1400-5-12,2021-08-03
545,قهكمت,قندهكمتان‌,180,382004,13244966600,34660,33840,35030,370,1.07,34670,10,0.03,33840,35050,1400-5-12,2021-08-03
546,نهال,صندوق س. طلاي سرخ نوويرا,180,317522,3163862275,10081,9602,9980,-101,-1,9964,-117,-1.16,9601,10090,1400-5-12,2021-08-03
547,فيروزه,صندوق شاخص30 شركت فيروزه- سهام,179,62386,10062240270,160320,160990,161630,1310,0.82,161290,970,0.61,158900,162770,1400-5-12,2021-08-03
548,دقاضي,داروسازي شهيد قاضي,179,597959,16242904484,26652,27430,27451,799,3,27164,512,1.92,26602,27451,1400-5-12,2021-08-03
549,بنو,بيمه تجارت نو,178,2465732,29514812040,11400,11970,11970,570,5,11970,570,5,11970,11970,1400-5-12,2021-08-03
550,سكه0012پ04,تمام سكه طرح جديد0012صادرات,178,86000,98234389400,1135816,1105010,1160000,24184,2.13,1142260,6444,0.57,1105010,1165000,1400-5-12,2021-08-03
551,سنير,سيمان‌ سفيد ني‌ريز,174,179489,27248225090,168670,151810,151810,-16860,-10,151810,-16860,-10,151810,151810,1400-5-12,2021-08-03
552,وارس,سرمايه گذاري ارس صبا,173,684796,9972618421,15005,14618,14555,-450,-3,14563,-442,-2.95,14555,14899,1400-5-12,2021-08-03
553,سجام,مجتمع سيمان غرب آسيا,172,903261,3284372810,3738,3630,3630,-108,-2.89,3703,-35,-0.94,3626,3699,1400-5-12,2021-08-03
554,ضخود7078,اختيارخ خودرو-3500-1400/07/07,170,7512,176394000,29,27,23,-6,-20.69,23,-6,-20.69,22,27,1400-5-12,2021-08-03
555,وتعاون,بيمه  تعاون,168,1195641,5927988078,4814,4958,4958,144,2.99,4894,80,1.66,4958,4958,1400-5-12,2021-08-03
556,كالا,بورس كالاي ايران,167,1127156,31560368000,26670,28000,28000,1330,4.99,27420,750,2.81,28000,28000,1400-5-12,2021-08-03
557,خاتم,صندوق س خاتم ايساتيس پويا-ثابت,166,2845858,33175508855,11637,11648,11660,23,0.2,11657,20,0.17,11648,11660,1400-5-12,2021-08-03
558,سلار,شركت سيمان لارستان,165,155404,5600642606,34996,36000,36045,1049,3,35944,948,2.71,35980,36045,1400-5-12,2021-08-03
559,وسصفا,شركت س استان اصفهان,162,8077603,6946738580,905,860,860,-45,-4.97,901,-4,-0.44,860,860,1400-5-12,2021-08-03
560,صايند,صندوق س. گنجينه آينده روشن-د,162,472080,4708036590,9956,9945,9953,-3,-0.03,9973,17,0.17,9945,9999,1400-5-12,2021-08-03
561,دروز,داروسازي‌ روزدارو,157,242616,7388592290,30210,30440,30770,560,1.85,30330,120,0.4,29500,30840,1400-5-12,2021-08-03
562,اخزا910,اسنادخزانه-م10بودجه99-020807,156,360914,235773669130,652232,652500,651005,-1227,-0.19,653268,1036,0.16,651005,655000,1400-5-12,2021-08-03
563,قشرين,قند شيرين خراسان,156,1122678,20584301130,17801,18335,18335,534,3,18335,534,3,18335,18335,1400-5-12,2021-08-03
564,وبازار,صندوق س شاخصي بازارآشنا,151,394930,4785722290,12140,12100,12120,-20,-0.16,12120,-20,-0.16,12020,12200,1400-5-12,2021-08-03
565,سبجنو,سيمان‌ بجنورد,151,127722,5289007200,42470,42370,41700,-770,-1.81,42090,-380,-0.89,41000,43000,1400-5-12,2021-08-03
566,دفارا,داروسازي‌ فارابي‌,151,2660692,44406949480,15900,16690,16690,790,4.97,16690,790,4.97,16690,16690,1400-5-12,2021-08-03
567,سپر,صندوق س سپر سرمايه بيدار- ثابت,150,6296437,78112446868,12396,12403,12730,334,2.69,12406,10,0.08,12403,12730,1400-5-12,2021-08-03
568,تسه9902,امتياز تسهيلات مسكن ارديبهشت99,148,2005,1204255492,600413,590011,598000,-2413,-0.4,600626,213,0.04,590011,609940,1400-5-12,2021-08-03
569,فردا,صندوق س آواي فرداي زاگرس-ثابت,147,5130043,57264619468,11157,11162,11162,5,0.04,11163,6,0.05,11162,11163,1400-5-12,2021-08-03
570,ثشرق,سرمايه گذاري مسكن شمال شرق,146,1851903,10092871350,6050,5450,5450,-600,-9.92,5600,-450,-7.44,5450,5450,1400-5-12,2021-08-03
571,ضسپا8041,اختيارخ خساپا-1600-1400/08/26,146,5687,2348308000,438,460,397,-41,-9.36,413,-25,-5.71,397,460,1400-5-12,2021-08-03
572,تسه9907,امتياز تسهيلات مسكن مهر99,145,1516,911810684,596250,585080,585000,-11250,-1.89,601458,5208,0.87,567000,610000,1400-5-12,2021-08-03
573,سكه0112پ03,تمام سكه طرح جديد0112سامان,144,42600,48862223400,1137491,1134000,1163000,25509,2.24,1147000,9509,0.84,1125005,1168998,1400-5-12,2021-08-03
574,پلوله,گازلوله‌,142,254174,7422845455,30077,29175,29175,-902,-3,29392,-685,-2.28,29175,30000,1400-5-12,2021-08-03
575,سدشت,صنايع سيمان دشتستان,141,134971,6923664900,53950,52000,51260,-2690,-4.99,53190,-760,-1.41,51260,52000,1400-5-12,2021-08-03
576,آپ,آسان پرداخت پرشين,141,989120,11305641600,10890,11430,11430,540,4.96,11390,500,4.59,11430,11430,1400-5-12,2021-08-03
577,حآسا,آسيا سير ارس,139,235268,4998974464,22366,21248,21248,-1118,-5,21915,-451,-2.02,21248,21248,1400-5-12,2021-08-03
578,تسه9906,امتياز تسهيلات مسكن شهريور99,139,1841,1110925944,605990,600000,600000,-5990,-0.99,603436,-2554,-0.42,584410,610000,1400-5-12,2021-08-03
579,آتيمس,صندوق س.آرمان آتيه درخشان مس-س,137,31310,6087957079,192527,192527,195509,2982,1.55,194441,1914,0.99,192010,195509,1400-5-12,2021-08-03
580,فيروزا,صندوق بادرآمد ثابت فيروزه آسيا,134,406534,9989486856,24535,24528,24573,38,0.15,24572,37,0.15,24528,24600,1400-5-12,2021-08-03
581,گشان,توسعه بين المللي پديده شانديز,134,257433,6151361535,24382,23895,23895,-487,-2,24171,-211,-0.87,23895,23895,1400-5-12,2021-08-03
582,زعف0008پ16,زعفران0008نگين بيرجند(پ),129,118725,14970569485,131191,125376,126803,-4388,-3.34,126094,-5097,-3.89,125376,127999,1400-5-12,2021-08-03
583,ضسپا8043,اختيارخ خساپا-2000-1400/08/26,124,5674,1183335000,216,230,209,-7,-3.24,209,-7,-3.24,194,230,1400-5-12,2021-08-03
584,فالوم,آلومتك‌,122,225156,4020388818,18408,17856,17856,-552,-3,18160,-248,-1.35,17856,17857,1400-5-12,2021-08-03
585,تسه9904,امتياز تسهيلات مسكن تير99,121,1153,691642295,605117,583580,599000,-6117,-1.01,599863,-5254,-0.87,583580,609958,1400-5-12,2021-08-03
586,سحرخيز,صندوق س. گروه زعفران سحرخيز,121,400866,3716979791,9248,9239,9290,42,0.45,9272,24,0.26,9232,9290,1400-5-12,2021-08-03
587,تسه9810,امتياز تسهيلات مسكن دي98,118,2159,1291200479,594150,580000,586000,-8150,-1.37,598055,3905,0.66,580000,608999,1400-5-12,2021-08-03
588,سفاسي,شركت فارسيت اهواز,118,1380495,10402029825,7768,7535,7535,-233,-3,7535,-233,-3,7535,7535,1400-5-12,2021-08-03
589,سكه0011پ02,تمام سكه طرح جديد0011ملت,115,20500,23605942700,1136458,1138887,1164000,27542,2.42,1151509,15051,1.32,1127000,1166400,1400-5-12,2021-08-03
590,تسه9903,امتياز تسهيلات مسكن خرداد99,114,977,586106620,595100,579800,603000,7900,1.33,599904,4804,0.81,579800,623900,1400-5-12,2021-08-03
591,سپاس,صندوق س. پاداش سهامداري-ثابت,114,3515434,35696586743,10149,10153,10155,6,0.06,10154,5,0.05,10153,10157,1400-5-12,2021-08-03
592,سنوين,سرمايه گذاري اقتصاد نوين,111,469804,3532603060,7751,7519,7519,-232,-2.99,7662,-89,-1.15,7519,7653,1400-5-12,2021-08-03
593,ثنور,سرمايه گذاري كوه نور,111,1721205,13869469890,7824,8058,8058,234,2.99,8058,234,2.99,8058,8058,1400-5-12,2021-08-03
594,اخزا902,اسنادخزانه-م2بودجه99-011019,110,239819,182489798500,759735,759321,760707,972,0.13,760948,1213,0.16,758600,767000,1400-5-12,2021-08-03
595,تسه9812,امتياز تسهيلات مسكن اسفند98,104,1367,822484571,596401,590165,626221,29820,5,601671,5270,0.88,587010,626221,1400-5-12,2021-08-03
596,تسه9905,امتياز تسهيلات مسكن مرداد99,104,2500,1515466350,601137,600000,598000,-3137,-0.52,606187,5050,0.84,590208,610000,1400-5-12,2021-08-03
597,تكنار,مجتمع معادن مس تكنار,101,56472,5290861680,96587,93690,93690,-2897,-3,94903,-1684,-1.74,93690,93690,1400-5-12,2021-08-03
598,اخزا914,اسنادخزانه-م14بودجه99-021025,101,209405,131339805964,626074,628240,629000,2926,0.47,627205,1131,0.18,625555,629000,1400-5-12,2021-08-03
599,اخزا909,اسنادخزانه-م9بودجه99-020316,98,517598,364632769433,704089,703022,704721,632,0.09,704471,382,0.05,702706,708000,1400-5-12,2021-08-03
600,وكار,بانك‌ كارآفرين‌,97,539669,1703454185,3216,3286,3120,-96,-2.99,3214,-2,-0.06,3080,3286,1400-5-12,2021-08-03
601,اخزا903,اسنادخزانه-م3بودجه99-011110,95,198660,149581840853,751330,751300,752900,1570,0.21,752954,1624,0.22,751000,755000,1400-5-12,2021-08-03
602,تسه9806,امتياز تسهيلات مسكن شهريور98,95,2348,1398908181,596527,580000,593500,-3027,-0.51,595787,-740,-0.12,575050,601633,1400-5-12,2021-08-03
603,شرنگي,شيميايي رنگين,93,19096,3998374384,208178,208200,212341,4163,2,208660,482,0.23,208178,212341,1400-5-12,2021-08-03
604,گپارس,امور رفاهي كارگزاران پارس,92,18561,2065217746,114347,110923,112449,-1898,-1.66,113664,-683,-0.6,110917,113343,1400-5-12,2021-08-03
605,تسه9901,امتياز تسهيلات مسكن فروردين99,91,1366,848389550,611695,586090,642278,30583,5,621076,9381,1.53,586090,642279,1400-5-12,2021-08-03
606,ولراز,ليزينگ رازي,89,172577,5659933199,55967,33581,32574,-23393,-41.8,33588,-22379,-39.99,32574,33581,1400-5-12,2021-08-03
607,تسه9808,امتياز تسهيلات مسكن آبان98,88,1265,759558883,594967,592222,595100,133,0.02,600442,5475,0.92,592222,610000,1400-5-12,2021-08-03
608,اخزا911,اسنادخزانه-م11بودجه99-020906,87,303411,194820166375,642143,643700,641701,-442,-0.07,642100,-43,-0.01,635556,645000,1400-5-12,2021-08-03
609,ضملت8041,اختيارخ وبملت-3434-1400/08/19,86,2045,1545714000,754,748,728,-26,-3.45,756,2,0.27,728,888,1400-5-12,2021-08-03
610,ضشنا8004,اختيارخ شپنا-10800-1400/08/16,86,692,1989132000,2817,2900,2888,71,2.52,2874,57,2.02,2850,2950,1400-5-12,2021-08-03
611,اخزا901,اسنادخزانه-م1بودجه99-010621,85,104031,84147797986,808210,807005,810999,2789,0.35,808872,662,0.08,807001,810999,1400-5-12,2021-08-03
612,ضملت8042,اختيارخ وبملت-3934-1400/08/19,84,2328,1112728000,497,480,460,-37,-7.44,478,-19,-3.82,450,530,1400-5-12,2021-08-03
613,افق ملت,صندوق س در سهام افق ملت,83,25272,3645933090,144490,146370,145000,510,0.35,144270,-220,-0.15,143500,146370,1400-5-12,2021-08-03
614,تسه9811,امتياز تسهيلات مسكن بهمن98,81,1031,616981287,593743,581109,597100,3357,0.57,598430,4687,0.79,581109,608493,1400-5-12,2021-08-03
615,ارمغان,ص سرمايه گذاري ارمغان ايرانيان,81,1047897,10621434499,10129,10132,10140,11,0.11,10136,7,0.07,10132,10146,1400-5-12,2021-08-03
616,شستان,پتروشيمي گلستان,80,759785,2290751775,2956,3015,3015,59,2,2981,25,0.85,3015,3015,1400-5-12,2021-08-03
617,وحكمت,بيمه حكمت صبا,80,1000000,4227443221,4354,4243,4224,-130,-2.99,4300,-54,-1.24,4224,4243,1400-5-12,2021-08-03
618,غصينو,صنعتي مينو,80,70840,3135803440,46595,44266,44266,-2329,-5,46499,-96,-0.21,44266,44266,1400-5-12,2021-08-03
619,غپونه,نوش پونه مشهد,79,1267130,21787033220,16694,17194,17194,500,3,17194,500,3,17194,17194,1400-5-12,2021-08-03
620,آرمان,بيمه آرمان,78,305489,2006474815,6558,6694,6558,0,0,6560,2,0.03,6520,6730,1400-5-12,2021-08-03
621,زعف0008پ11,زعفران0008نگين سحرخيز(پ),78,220484,30549600922,138880,138571,138572,-308,-0.22,138557,-323,-0.23,134002,138572,1400-5-12,2021-08-03
622,وسديد,گروه ‌صنعتي‌سديد,77,802573,1245593296,1583,1552,1552,-31,-1.96,1581,-2,-0.13,1552,1552,1400-5-12,2021-08-03
623,تسه9809,امتياز تسهيلات مسكن آذر98,77,1158,693601058,593759,590150,595150,1391,0.23,598965,5206,0.88,590150,609000,1400-5-12,2021-08-03
624,ضسپا8042,اختيارخ خساپا-1800-1400/08/26,75,4624,1433945000,323,328,300,-23,-7.12,310,-13,-4.02,300,328,1400-5-12,2021-08-03
625,تسه9807,امتياز تسهيلات مسكن مهر98,75,821,504866666,599332,575222,596000,-3332,-0.56,614941,15609,2.6,575222,629298,1400-5-12,2021-08-03
626,شصفها,پتروشيمي‌ اصفهان‌,74,112753,14933350137,129915,132500,132513,2598,2,132290,2375,1.83,129266,132513,1400-5-12,2021-08-03
627,فجام,جام‌دارو,73,306250,2073312500,7120,6770,6770,-350,-4.92,7070,-50,-0.7,6770,6770,1400-5-12,2021-08-03
628,فردا2,صندوق س آواي فرداي زاگرس-ثابت,67,6700000,6700000,11157,1,1,-11156,-99.99,1,-11156,-99.99,1,1,1400-5-12,2021-08-03
629,خنصير,مهندسي‌نصيرماشين‌,63,413922,4706293140,11960,11370,11370,-590,-4.93,11740,-220,-1.84,11370,11370,1400-5-12,2021-08-03
630,دابور,داروسازي‌ ابوريحان‌,62,458438,11557221980,24010,25210,25210,1200,5,25210,1200,5,25210,25210,1400-5-12,2021-08-03
631,زعف0008پ20,زعفران0008نگين وحدت جام(پ),61,39999,5031260635,129376,127000,127500,-1876,-1.45,125785,-3591,-2.78,125376,127500,1400-5-12,2021-08-03
632,ولغدر,ليزينگ‌خودروغدير,60,182526,3059135760,17640,16760,16760,-880,-4.99,17430,-210,-1.19,16760,16760,1400-5-12,2021-08-03
633,تسه9805,امتياز تسهيلات مسكن مرداد98,59,972,574530947,592530,582860,562904,-29626,-5,591081,-1449,-0.24,562904,600000,1400-5-12,2021-08-03
634,دشيميح,ح . شيمي‌ داروئي‌ داروپخش‌,56,281542,5728700600,21500,23000,20000,-1500,-6.98,20350,-1150,-5.35,20000,23000,1400-5-12,2021-08-03
635,اخزا908,اسنادخزانه-م8بودجه99-020606,54,189040,127440330322,673350,673009,675500,2150,0.32,674145,795,0.12,672500,675899,1400-5-12,2021-08-03
636,شكبير,پتروشيمي اميركبير,54,317750,28277525750,84756,88993,88993,4237,5,85862,1106,1.3,88993,88993,1400-5-12,2021-08-03
637,لازما,كارخانه هاي صنعتي آزمايش,51,290068,6143060104,22292,21178,21178,-1114,-5,21552,-740,-3.32,21178,21178,1400-5-12,2021-08-03
638,وآتوس,س.آرين توسكا قيمت اسمي 350ريال,51,171326,5103972866,28924,29791,29791,867,3,29589,665,2.3,29791,29791,1400-5-12,2021-08-03
639,ضملي7003,اختيارخ فملي-11720-1400/07/11,48,364,968284000,2466,2549,2647,181,7.34,2660,194,7.87,2505,2739,1400-5-12,2021-08-03
640,ضپال2007,اختيارخ اپال-32000-1401/02/12,47,1061,851268000,789,810,820,31,3.93,802,13,1.65,761,890,1400-5-12,2021-08-03
641,صنوين,صندوق سرمايه‌گذاري صنوين-مختلط,47,19130,2131838490,112300,112000,111060,-1240,-1.1,111440,-860,-0.77,110600,112500,1400-5-12,2021-08-03
642,دارا,صندوق س. دارا الگوريتم-د,46,868466,8710529789,10029,10038,10048,19,0.19,10030,1,0.01,10018,10048,1400-5-12,2021-08-03
643,ضخود7074,اختيارخ خودرو-1800-1400/07/07,46,1573,623313000,440,425,399,-41,-9.32,396,-44,-10,386,430,1400-5-12,2021-08-03
644,آسام,صندوق س.آرمان سپهر آشنا-م,46,237000,28188981220,118326,118900,119893,1567,1.32,118941,615,0.52,118900,119893,1400-5-12,2021-08-03
645,اخزا905,اسنادخزانه-م5بودجه99-020218,44,158221,113313817787,717222,713699,717180,-42,-0.01,716174,-1048,-0.15,713253,717500,1400-5-12,2021-08-03
646,سجامح,ح.مجتمع سيمان غرب آسيا,44,925905,1935760400,2169,2299,2039,-130,-5.99,2091,-78,-3.6,2039,2299,1400-5-12,2021-08-03
647,سمتاز,سيمان ممتازان كرمان,44,127093,3331233438,26996,26700,26187,-809,-3,26747,-249,-0.92,26187,26700,1400-5-12,2021-08-03
648,اوصتا,صندوق انديشه ورزان صباتامين -د,43,1154179,22387841170,19390,19399,19399,9,0.05,19397,7,0.04,19395,19400,1400-5-12,2021-08-03
649,كيسون,شركت كيسون,42,209396,1898802928,9253,9068,9068,-185,-2,9234,-19,-0.21,9068,9068,1400-5-12,2021-08-03
650,ساروج,بين المللي ساروج بوشهر,42,218370,3913726746,18153,17900,18000,-153,-0.84,18059,-94,-0.52,17800,18145,1400-5-12,2021-08-03
651,ثالوند,سرمايه گذاري مسكن الوند,41,182146,4850365834,29587,26629,26629,-2958,-10,28518,-1069,-3.61,26629,26629,1400-5-12,2021-08-03
652,سدبير,س. تدبيرگران فارس وخوزستان,41,75616,3287178752,45759,43472,43472,-2287,-5,45210,-549,-1.2,43472,43472,1400-5-12,2021-08-03
653,گكيشح,ح.توريستي ورفاهي آبادگران كيش,39,274199,8568539500,30455,31500,31000,545,1.79,31249,794,2.61,30500,31500,1400-5-12,2021-08-03
654,ضپاس7029,اختيارخ وپارس-2500-1400/07/28,39,1596,896086000,599,600,575,-24,-4.01,561,-38,-6.34,531,608,1400-5-12,2021-08-03
655,زعف0008پ10,زعفران0008نگين طلاي سرخ(پ),37,157207,21783919252,140781,138572,138000,-2781,-1.98,138568,-2213,-1.57,138000,138572,1400-5-12,2021-08-03
656,ثروتم,صندوق س. ثروت آفرين پارسيان-س,34,83350,7107424640,85121,85014,87000,1879,2.21,85272,151,0.18,85014,87000,1400-5-12,2021-08-03
657,پادا,صندوق س.پاداش سرمايه پارس-س,33,13722,1524975210,109575,109317,111800,2225,2.03,111134,1559,1.42,109317,111800,1400-5-12,2021-08-03
658,اوصتا2,صندوق انديشه ورزان صباتامين -د,32,25700000,25700000,19390,1,1,-19389,-99.99,1,-19389,-99.99,1,1,1400-5-12,2021-08-03
659,ضمخا7071,اختيارخ اخابر-23700-1400/07/28,29,1445,72259000,58,50,51,-7,-12.07,50,-8,-13.79,50,51,1400-5-12,2021-08-03
660,قشهد,شهد,29,336803,5479784810,17120,16270,16270,-850,-4.96,16760,-360,-2.1,16270,16270,1400-5-12,2021-08-03
661,وپخش,داروپخش‌ (هلدينگ‌,29,507421,14004819600,26290,27600,27600,1310,4.98,26760,470,1.79,27600,27600,1400-5-12,2021-08-03
662,ضخود7072,اختيارخ خودرو-1400-1400/07/07,27,895,632193000,737,670,692,-45,-6.11,706,-31,-4.21,692,798,1400-5-12,2021-08-03
663,زنجان,صنايع كشاورزي وكود زنجان,27,73382,631892402,9064,8611,8611,-453,-5,9040,-24,-0.26,8611,8611,1400-5-12,2021-08-03
664,كمرجان,بازرگاني و توليدي مرجان كار,27,8457,1080483234,141957,127762,127762,-14195,-10,140821,-1136,-0.8,127762,127762,1400-5-12,2021-08-03
665,ضسپا8039,اختيارخ خساپا-1200-1400/08/26,27,433,302604000,737,750,680,-57,-7.73,699,-38,-5.16,680,750,1400-5-12,2021-08-03
666,اخزا907,اسنادخزانه-م7بودجه99-020704,25,179842,119604366169,663500,664000,667000,3500,0.53,665052,1552,0.23,652000,667000,1400-5-12,2021-08-03
667,الماس,صندوق س.امين تدبيرگران فردا-س,25,3994,450315996,111822,112000,113990,2168,1.94,112748,926,0.83,112000,114000,1400-5-12,2021-08-03
668,زعف0008پ05,زعفران0008نگين زرين(پ),24,12086,1585134461,131229,131500,130998,-231,-0.18,131155,-74,-0.06,128009,131999,1400-5-12,2021-08-03
669,گنجين,صندوق س. گنجينه يكم آويد-د,24,98792,1321635273,13370,13383,13375,5,0.04,13378,8,0.06,13372,13384,1400-5-12,2021-08-03
670,ضمخا7076,اختيارخ اخابر-9700-1400/07/28,22,560,671750000,1146,1000,1250,104,9.08,1200,54,4.71,1000,1250,1400-5-12,2021-08-03
671,دمعيار,صندوق س. توازن معيار-د,22,282281,2840552973,10055,10065,10065,10,0.1,10063,8,0.08,10061,10065,1400-5-12,2021-08-03
672,ضصاد8033,اختيارخ وبصادر-2489-1400/08/12,22,984,225790000,242,175,229,-13,-5.37,229,-13,-5.37,175,233,1400-5-12,2021-08-03
673,ضملي7004,اختيارخ فملي-13720-1400/07/11,20,228,302202000,1271,1261,1380,109,8.58,1325,54,4.25,1261,1560,1400-5-12,2021-08-03
674,اراد72,مرابحه عام دولت72-ش.خ0311,20,19700,19014300000,981000,999900,936000,-45000,-4.59,965193,-15807,-1.61,936000,999900,1400-5-12,2021-08-03
675,ضپيك7041,اختيارخ تاپيكو-7070-00/07/18,20,100,529000000,4932,4300,5600,668,13.54,5290,358,7.26,4300,6400,1400-5-12,2021-08-03
676,كترام,توليدي‌ كاشي‌ تكسرام‌,19,61046,2530356700,43630,41450,41450,-2180,-5,43240,-390,-0.89,41450,41450,1400-5-12,2021-08-03
677,تابا,تابان نيرو سپاهان,19,140298,4681042770,34396,33365,33365,-1031,-3,33890,-506,-1.47,33365,33365,1400-5-12,2021-08-03
678,تملي709,تسهيلات مسكن ب. ملي-آذر97,19,921,749398310,799999,760000,839998,39999,5,813679,13680,1.71,760000,839998,1400-5-12,2021-08-03
679,فكمند,گسترش قطعه سازي كمند,19,270736,6451368144,23135,23829,23829,694,3,23567,432,1.87,23829,23829,1400-5-12,2021-08-03
680,ضمخا7075,اختيارخ اخابر-8700-1400/07/28,18,281,501305000,1700,1700,1788,88,5.18,1784,84,4.94,1700,1800,1400-5-12,2021-08-03
681,ضسپا8044,اختيارخ خساپا-2500-1400/08/26,18,588,69378000,116,189,118,2,1.72,118,2,1.72,100,189,1400-5-12,2021-08-03
682,جهرمح,ح.پتروشيمي جهرم,17,722500,216428000,316,334,298,-18,-5.7,300,-16,-5.06,298,334,1400-5-12,2021-08-03
683,غشوكو,شوكو پارس,17,11955,372852540,32152,31188,31188,-964,-3,32115,-37,-0.12,31188,31188,1400-5-12,2021-08-03
684,ثاباد,توريستي ورفاهي آبادگران ايران,17,10000,475400000,50040,47540,47540,-2500,-5,49960,-80,-0.16,47540,47540,1400-5-12,2021-08-03
685,ضجار7040,اختيارخ وتجارت-2497-1400/07/21,17,1451,570830000,392,395,390,-2,-0.51,393,1,0.26,370,395,1400-5-12,2021-08-03
686,ضپال2006,اختيارخ اپال-28000-1401/02/12,16,321,554701000,1618,1505,1740,122,7.54,1728,110,6.8,1502,1789,1400-5-12,2021-08-03
687,مشهد0212,مشاركت ش مشهد0212-3ماهه18%,16,155000,154925500000,1000000,1000000,985100,-14900,-1.49,999519,-481,-0.05,985100,1000000,1400-5-12,2021-08-03
688,ضپاس7030,اختيارخ وپارس-3000-1400/07/28,16,325,99518000,317,309,290,-27,-8.52,306,-11,-3.47,290,310,1400-5-12,2021-08-03
689,اخزا004,اسنادخزانه-م4بودجه00-030522,16,61890,34928870120,560530,561650,564500,3970,0.71,564370,3840,0.69,561650,565000,1400-5-12,2021-08-03
690,تسه99012,امتياز تسهيلات مسكن فروردين99,16,1248,12480,611695,10,10,-611685,-100,10,-611685,-100,10,10,1400-5-12,2021-08-03
691,باران,بيمه زندگي باران50%تاديه,15,67415,277614970,4245,4118,4118,-127,-2.99,4241,-4,-0.09,4118,4118,1400-5-12,2021-08-03
692,اخزا904,اسنادخزانه-م4بودجه99-011215,15,96783,71548370292,737709,738205,739005,1296,0.18,739266,1557,0.21,738205,740000,1400-5-12,2021-08-03
693,تپكو,توليدتجهيزات‌سنگين‌هپكو,15,42109,221198577,5360,5253,5253,-107,-2,5359,-1,-0.02,5253,5253,1400-5-12,2021-08-03
694,داريك,صندوق س.اعتماد داريك-د,15,511565,5600512187,10937,10949,10947,10,0.09,10948,11,0.1,10947,10967,1400-5-12,2021-08-03
695,جهرم,پتروشيمي جهرم,14,63649,101965698,1651,1602,1602,-49,-2.97,1650,-1,-0.06,1602,1602,1400-5-12,2021-08-03
696,شزنگ,تجهيزنيروي‌زنگان‌,14,4577,577095622,129985,126086,126086,-3899,-3,129741,-244,-0.19,126086,126086,1400-5-12,2021-08-03
697,كتوكا,توليدي و خدمات صنايع نسوز توكا,14,15178,435077370,30173,28665,28665,-1508,-5,30127,-46,-0.15,28665,28665,1400-5-12,2021-08-03
698,تمحركه,ماشين سازي نيرو محركه,14,13738,180105180,13799,13110,13110,-689,-4.99,13786,-13,-0.09,13110,13110,1400-5-12,2021-08-03
699,ضمخا7077,اختيارخ اخابر-6700-1400/07/28,14,283,988400000,3100,3000,4000,900,29.03,3493,393,12.68,3000,4250,1400-5-12,2021-08-03
700,پيشرفت,ص.ج.پيشرفت30%تاديه,14,727000,218100000000,300000,300000,300000,0,0,300000,0,0,300000,300000,1400-5-12,2021-08-03
701,ثهام,صندوق س ثروت هامرز-سهام,14,30728,325362348,10555,10351,10700,145,1.37,10588,33,0.31,10351,10700,1400-5-12,2021-08-03
702,اخزا815,اسنادخزانه-م15بودجه98-010406,13,46353,39085338133,842319,840101,845400,3081,0.37,843211,892,0.11,840101,845500,1400-5-12,2021-08-03
703,وسخراج,شركت س استان خراسان جنوبي,13,47957,95770129,2218,1997,1997,-221,-9.96,2218,0,0,1997,1997,1400-5-12,2021-08-03
704,اخزا812,اسنادخزانه-م12بودجه98-001111,13,41770,37993091832,909819,906000,910000,181,0.02,909578,-241,-0.03,906000,910500,1400-5-12,2021-08-03
705,اطلس2,صندوق س.توسعه اندوخته آينده-س,13,130000,130000,242662,1,1,-242661,-100,1,-242661,-100,1,1,1400-5-12,2021-08-03
706,ضجار7041,اختيارخ وتجارت-2997-1400/07/21,12,183,39466000,204,230,219,15,7.35,216,12,5.88,189,230,1400-5-12,2021-08-03
707,امين يكم2,صندوق درآمد ثابت امين يكم فردا,12,12000000,12000000,10034,1,1,-10033,-99.99,1,-10033,-99.99,1,1,1400-5-12,2021-08-03
708,اراد50,مرابحه عام دولت5-ش.خ0302,12,130000,130000130000,1000000,1000001,1000001,1,0,1000001,1,0,1000001,1000001,1400-5-12,2021-08-03
709,بذر,صندوق س بذر اميد آفرين-سهام,12,3165,319683550,100920,100990,102130,1210,1.2,101010,90,0.09,100590,102130,1400-5-12,2021-08-03
710,ضجار7039,اختيارخ وتجارت-1997-1400/07/21,11,144,103460000,690,790,720,30,4.35,718,28,4.06,680,790,1400-5-12,2021-08-03
711,زعف0008پ12,زعفران0008پوشالمعمول سحرخيز(پ),11,30000,3165000000,105000,106000,105000,0,0,105500,500,0.48,105000,106000,1400-5-12,2021-08-03
712,دالبرح,ح . البرزدارو,10,122688,1288224000,8270,10500,10500,2230,26.96,10500,2230,26.96,10500,10500,1400-5-12,2021-08-03
713,بايكا,كارخانجات كابلسازي ‌ايران‌,10,4383,105520725,24819,24075,24075,-744,-3,24811,-8,-0.03,24075,24075,1400-5-12,2021-08-03
714,ضجار7042,اختيارخ وتجارت-3497-1400/07/21,10,331,26480000,82,80,80,-2,-2.44,80,-2,-2.44,80,80,1400-5-12,2021-08-03
715,اخزا721,اسنادخزانه-م21بودجه97-000728,10,3445,3307936526,959086,960100,960100,1014,0.11,960214,1128,0.12,960100,961086,1400-5-12,2021-08-03
716,تملي701,تسهيلات مسكن ب. ملي-فروردين97,10,152,140630570,922888,969031,880000,-42888,-4.65,925201,2313,0.25,880000,969031,1400-5-12,2021-08-03
717,اراد86,مرابحه عام دولت86-ش.خ020404,9,1550000,1448010000000,934000,934200,934200,200,0.02,934200,200,0.02,934200,934200,1400-5-12,2021-08-03
718,اخزا718,اسنادخزانه-م18بودجه97-000525,9,1026,1018666000,991164,992000,992000,836,0.08,992852,1688,0.17,992000,995000,1400-5-12,2021-08-03
719,اخزا713,اسنادخزانه-م13بودجه97-000518,9,99071,98640264000,995652,996000,995652,0,0,995652,0,0,995652,996000,1400-5-12,2021-08-03
720,تملي708,تسهيلات مسكن ب. ملي-آبان97,9,110,99869036,875277,919040,831514,-43763,-5,907900,32623,3.73,831514,919040,1400-5-12,2021-08-03
721,طلا2,صندوق س.پشتوانه طلاي لوتوس,9,900000,900000,82036,1,1,-82035,-100,1,-82035,-100,1,1,1400-5-12,2021-08-03
722,ضملت8044,اختيارخ وبملت-4934-1400/08/19,9,140,48681000,161,250,192,31,19.25,348,187,116.15,192,450,1400-5-12,2021-08-03
723,ضشنا8005,اختيارخ شپنا-12800-1400/08/16,9,58,117000000,1732,2000,2010,278,16.05,2017,285,16.45,1950,2050,1400-5-12,2021-08-03
724,تملي612,تسهيلات مسكن بانك ملي-اسفند96,8,83,57190237,725304,689039,689039,-36265,-5,689039,-36265,-5,689039,689039,1400-5-12,2021-08-03
725,اخزا807,اسنادخزانه-م7بودجه98-000719,8,2578,2487748798,964000,965000,965000,1000,0.1,964992,992,0.1,964001,965000,1400-5-12,2021-08-03
726,طخود7075,اختيارف خودرو-2000-1400/07/07,8,471,29240000,85,90,70,-15,-17.65,62,-23,-27.06,50,90,1400-5-12,2021-08-03
727,اخزا808,اسنادخزانه-م8بودجه98-000817,8,1850,1754331256,951293,952000,948004,-3289,-0.35,948287,-3006,-0.32,948004,952000,1400-5-12,2021-08-03
728,كايتا,ايتالران‌,8,30999,297931389,9332,9611,9611,279,2.99,9340,8,0.09,9611,9611,1400-5-12,2021-08-03
729,اخزا806,اسنادخزانه-م6بودجه98-000519,7,416,412844185,994237,995000,995150,913,0.09,992414,-1823,-0.18,992000,995150,1400-5-12,2021-08-03
730,اخزا811,اسنادخزانه-م11بودجه98-001013,7,4745,4380114902,922525,921418,923501,976,0.11,923101,576,0.06,921418,924100,1400-5-12,2021-08-03
731,تملي705,تسهيلات مسكن ب. ملي-مرداد97,7,83,57678111,731491,694917,694917,-36574,-5,694917,-36574,-5,694917,694917,1400-5-12,2021-08-03
732,دارا2,صندوق س. دارا الگوريتم-د,7,700000,700000,10029,1,1,-10028,-99.99,1,-10028,-99.99,1,1,1400-5-12,2021-08-03
733,داراب,پتروشيمي داراب,6,49873,117750153,2434,2361,2361,-73,-3,2433,-1,-0.04,2361,2361,1400-5-12,2021-08-03
734,ضپيك7044,اختيارخ تاپيكو-12070-00/07/18,6,79,215245000,2700,2700,2750,50,1.85,2725,25,0.93,2700,3000,1400-5-12,2021-08-03
735,هفجر102,اختيارف ت بفجر8626-01/02/11,6,134729,134729,1,1,1,0,0,1,0,0,1,1,1400-5-12,2021-08-03
736,هفارس104,اختيارف ت فارس-11832-01/04/12,6,60590,60590,1,1,1,0,0,1,0,0,1,1,1400-5-12,2021-08-03
737,اخزا816,اسنادخزانه-م16بودجه98-010503,6,25250,21020672431,830864,829911,833000,2136,0.26,832502,1638,0.2,829911,833000,1400-5-12,2021-08-03
738,گكيش,توريستي ورفاهي آبادگران كيش,6,866,39112890,47542,45165,45165,-2377,-5,47532,-10,-0.02,45165,45165,1400-5-12,2021-08-03
739,زماهان,مجتمع توليد گوشت مرغ ماهان,6,20816,328538928,16613,15783,15783,-830,-5,16594,-19,-0.11,15783,15783,1400-5-12,2021-08-03
740,ضشنا8003,اختيارخ شپنا-8800-1400/08/16,6,95,424500000,4334,4400,4500,166,3.83,4468,134,3.09,4400,4500,1400-5-12,2021-08-03
741,نگين,ص.س. زمين و ساختمان نگين شهرري,6,583,29024570,50320,49610,50540,220,0.44,49780,-540,-1.07,49610,50540,1400-5-12,2021-08-03
742,ضپيك7042,اختيارخ تاپيكو-8070-00/07/18,6,56,251550000,4250,5250,4500,250,5.88,4492,242,5.69,4300,5250,1400-5-12,2021-08-03
743,هنوري102,اختيارف ت نوري59561-01/02/15,6,65453,65453,1,1,1,0,0,1,0,0,1,1,1400-5-12,2021-08-03
744,ضترا8061,اختيارخ شتران-5205-1400/08/09,6,59,58860000,1050,999,990,-60,-5.71,998,-52,-4.95,990,1000,1400-5-12,2021-08-03
745,ضسان7077,اختيارخ پارسان-16000-00/07/14,6,36,364200000,6998,8000,11500,4502,64.33,10117,3119,44.57,8000,12000,1400-5-12,2021-08-03
746,خفناور,مهندسي صنعتي روان فن آور,5,1467,66064878,47404,45034,45034,-2370,-5,47388,-16,-0.03,45034,45034,1400-5-12,2021-08-03
747,كرونا2,تامين مالي جمعي صرفا اهداي سود,5,203,2030000,10000,10000,10000,0,0,10000,0,0,10000,10000,1400-5-12,2021-08-03
748,اخزا813,اسنادخزانه-م13بودجه98-010219,5,8326,7195967165,864373,864400,864255,-118,-0.01,864277,-96,-0.01,864101,864400,1400-5-12,2021-08-03
749,اخزا817,اسنادخزانه-م17بودجه98-010512,5,1662,1375204990,825148,825800,825947,799,0.1,827440,2292,0.28,825800,828000,1400-5-12,2021-08-03
750,اخزا814,اسنادخزانه-م14بودجه98-010318,5,13664,11624850884,850477,850751,850903,426,0.05,850765,288,0.03,850751,850903,1400-5-12,2021-08-03
751,آكورد2,صندوق س. آرمان آتي كوثر-د,5,500000,500000,33373,1,1,-33372,-100,1,-33372,-100,1,1,1400-5-12,2021-08-03
752,شگويات.ف0104,اختيارف.تبعي شگويا010408,5,41200,41200,1,1,1,0,0,1,0,0,1,1,1400-5-12,2021-08-03
753,تملي712,تسهيلات مسكن ب. ملي-اسفند97,5,38,30619000,808804,810000,809900,1096,0.14,805763,-3041,-0.38,790000,810000,1400-5-12,2021-08-03
754,ضفار8051,اختيارخ فارس-8400-1400/08/05,5,40,152000000,2600,3800,3800,1200,46.15,3800,1200,46.15,3800,3800,1400-5-12,2021-08-03
755,غدام,خوراك‌  دام‌ پارس‌,5,216,75226320,366590,348270,348270,-18320,-5,366490,-100,-0.03,348270,348270,1400-5-12,2021-08-03
756,كهرام,توليدي گرانيت بهسرام,5,584,62756640,113115,107460,107460,-5655,-5,113078,-37,-0.03,107460,107460,1400-5-12,2021-08-03
757,تسه99052,امتياز تسهيلات مسكن مرداد99,5,390,3900,601137,10,10,-601127,-100,10,-601127,-100,10,10,1400-5-12,2021-08-03
758,اعتماد2,صندوق س.اعتماد آفرين پارسيان-د,5,40300000,40300000,37864,1,1,-37863,-100,1,-37863,-100,1,1,1400-5-12,2021-08-03
759,زير0103پ01,زيره سبز0103كيميابذر(پ),5,172,124980000,750000,780000,720000,-30000,-4,726628,-23372,-3.12,720000,780000,1400-5-12,2021-08-03
760,ضملي7002,اختيارخ فملي-9720-1400/07/11,4,19,82458000,4145,4400,4378,233,5.62,4340,195,4.7,4100,4400,1400-5-12,2021-08-03
761,ضسان7078,اختيارخ پارسان-18000-00/07/14,4,20,175000000,9125,7000,10500,1375,15.07,8750,-375,-4.11,7000,10500,1400-5-12,2021-08-03
762,صينا205,صكوك منفعت سينا دارو-3ماهه 19%,4,302,295960000,980000,980000,980000,0,0,980000,0,0,980000,980000,1400-5-12,2021-08-03
763,ضشنا8006,اختيارخ شپنا-14800-1400/08/16,4,35,40850000,800,1150,1150,350,43.75,1167,367,45.88,1150,1200,1400-5-12,2021-08-03
764,سرو2,صندوق س سروسودمند مدبران-سهام,4,1000000,1000000,71860,1,1,-71859,-100,1,-71859,-100,1,1,1400-5-12,2021-08-03
765,ضپنا8001,اختيارخ رمپنا-11850-1400/08/05,4,122,875900000,4400,7150,7100,2700,61.36,7180,2780,63.18,7100,7200,1400-5-12,2021-08-03
766,نيرو,نيرو سرمايه,4,3025,146945425,50079,48577,48577,-1502,-3,50056,-23,-0.05,48577,48577,1400-5-12,2021-08-03
767,اخزا821,اسنادخزانه-م21بودجه98-020906,4,1100,714680450,658658,643610,650000,-8658,-1.31,649709,-8949,-1.36,643610,650000,1400-5-12,2021-08-03
768,لپيام,گسترش صنايع پيام,4,50535,2540798730,51832,50278,50278,-1554,-3,51425,-407,-0.79,50278,50278,1400-5-12,2021-08-03
769,ضصاد8030,اختيارخ وبصادر-1589-1400/08/12,4,51,34218000,692,670,718,26,3.76,671,-21,-3.03,670,718,1400-5-12,2021-08-03
770,ومهان2,گروه توسعه مالي مهر آيندگان,4,38000000,555560000000,14765,14620,14620,-145,-0.98,14620,-145,-0.98,14620,14620,1400-5-12,2021-08-03
771,ضخود7080,اختيارخ خودرو-4500-1400/07/07,4,200,3999000,14,19,20,6,42.86,20,6,42.86,19,20,1400-5-12,2021-08-03
772,اخزا809,اسنادخزانه-م9بودجه98-000923,4,757,705905092,931743,932000,932028,285,0.03,932503,760,0.08,932000,934000,1400-5-12,2021-08-03
773,تملي711,تسهيلات مسكن ب. ملي-بهمن97,4,62,35796568,549871,577364,577364,27493,5,577364,27493,5,577364,577364,1400-5-12,2021-08-03
774,ضترا8059,اختيارخ شتران-3882-1400/08/09,4,30,57900000,2724,1900,1950,-774,-28.41,1930,-794,-29.15,1900,1950,1400-5-12,2021-08-03
775,وهنر,گروه توسعه هنر ايران,4,12309,87283119,7464,7091,7091,-373,-5,7461,-3,-0.04,7091,7091,1400-5-12,2021-08-03
776,سايرا,ايرانيت‌,4,25000,940275000,38378,37611,37611,-767,-2,38231,-147,-0.38,37611,37611,1400-5-12,2021-08-03
777,اخزا810,اسنادخزانه-م10بودجه98-001006,4,10193,9444062353,925818,926610,926521,703,0.08,926524,706,0.08,926521,926610,1400-5-12,2021-08-03
778,كباده,توليد خاك نسوزاستقلال آباده,4,110000,1014970000,8959,9227,9227,268,2.99,8985,26,0.29,9227,9227,1400-5-12,2021-08-03
779,آگاس2,صندوق س.هستي بخش آگاه-س,4,1200000,1200000,78142,1,1,-78141,-100,1,-78141,-100,1,1,1400-5-12,2021-08-03
780,اراد49,مرابحه عام دولت4-ش.خ 0206,4,5900,5575500000,942530,945000,945000,2470,0.26,945000,2470,0.26,945000,945000,1400-5-12,2021-08-03
781,لخانه,لوازم‌ خانگي‌ پارس‌,3,740,16992620,23673,22963,22963,-710,-3,23672,-1,0,22963,22963,1400-5-12,2021-08-03
782,سخواف,سيمان مجد خواف,3,2104,32778216,16060,15579,15579,-481,-3,16058,-2,-0.01,15579,15579,1400-5-12,2021-08-03
783,وسقم,شركت س استان قم,3,21705,29019585,1407,1337,1337,-70,-4.98,1407,0,0,1337,1337,1400-5-12,2021-08-03
784,ضفار8050,اختيارخ فارس-7400-1400/08/05,3,7,31500000,4200,4500,4500,300,7.14,4500,300,7.14,4500,4500,1400-5-12,2021-08-03
785,ضسان7079,اختيارخ پارسان-20000-00/07/14,3,89,795700000,5500,8900,9300,3800,69.09,8940,3440,62.55,8900,9300,1400-5-12,2021-08-03
786,سخند,صندوق س.سپهرخبرگان نفت-د,3,900,9067560,10062,10066,10082,20,0.2,10075,13,0.13,10066,10082,1400-5-12,2021-08-03
787,ضملت8039,اختيارخ وبملت-2434-1400/08/19,3,12,21300000,1866,1900,1700,-166,-8.9,1775,-91,-4.88,1700,1900,1400-5-12,2021-08-03
788,ضملي7005,اختيارخ فملي-15720-1400/07/11,3,3,2100000,624,700,700,76,12.18,700,76,12.18,700,700,1400-5-12,2021-08-03
789,اخزا906,اسنادخزانه-م6بودجه99-020321,3,470,343079534,722967,729986,729986,7019,0.97,729956,6989,0.97,716100,729986,1400-5-12,2021-08-03
790,تپكو4,توليدتجهيزات‌سنگين‌هپكو,3,198100102,1101755906203,5360,5590,5473,113,2.11,5562,202,3.77,5473,5590,1400-5-12,2021-08-03
791,فبستم,صنايع ‌بسته‌بندي‌ مشهد,3,107909,89780288,793,832,832,39,4.92,793,0,0,832,832,1400-5-12,2021-08-03
792,پست0008پ08,پسته فندقي32-30مه ولات0008(پ),3,30,54045169,1804942,1800000,1800000,-4942,-0.27,1801506,-3436,-0.19,1800000,1845169,1400-5-12,2021-08-03
793,وملت,سرمايه گذاري ملت,3,4636,19262580,4239,4155,4155,-84,-1.98,4239,0,0,4155,4155,1400-5-12,2021-08-03
794,اخزا820,اسنادخزانه-م20بودجه98-020806,3,42,27556770,648032,653310,656989,8957,1.38,656114,8082,1.25,653310,656990,1400-5-12,2021-08-03
795,اشاد1,مشاركت دولتي1-شرايط خاص001026,3,5700,5603100000,983000,983000,983000,0,0,983000,0,0,983000,983000,1400-5-12,2021-08-03
796,ضفار8052,اختيارخ فارس-9400-1400/08/05,3,15,44250000,2500,2950,2950,450,18,2950,450,18,2950,2950,1400-5-12,2021-08-03
797,ضپيك7043,اختيارخ تاپيكو-10070-00/07/18,3,22,87400000,2005,3700,4000,1995,99.5,3973,1968,98.15,3700,4000,1400-5-12,2021-08-03
798,ضصاد8031,اختيارخ وبصادر-1789-1400/08/12,3,22,12190000,504,680,590,86,17.06,554,50,9.92,493,680,1400-5-12,2021-08-03
799,پست0008پ04,پسته فندقي32-30سبزدانه0008(پ),3,40,73580000,1921250,1830000,1850000,-71250,-3.71,1839500,-81750,-4.26,1830000,1850000,1400-5-12,2021-08-03
800,تملي704,تسهيلات مسكن ب. ملي-تير97,3,25,20961300,798526,838452,838452,39926,5,838452,39926,5,838452,838452,1400-5-12,2021-08-03
801,شتهران,داروسازي تهران شيمي,3,19976,145924680,7162,7305,7305,143,2,7166,4,0.06,7305,7305,1400-5-12,2021-08-03
802,حرهشا,رهشاد سپاهان (سهامي عام,2,778,49677634,65827,63853,63853,-1974,-3,65817,-10,-0.02,63853,63853,1400-5-12,2021-08-03
803,وسالت,بانك قرض الحسنه رسالت,2,10092,11555340,1112,1145,1145,33,2.97,1112,0,0,1145,1145,1400-5-12,2021-08-03
804,فراز2,صندوق س.سهام فراز داريك-س,2,2000000,2000000,12223,1,1,-12222,-99.99,1,-12222,-99.99,1,1,1400-5-12,2021-08-03
805,خاهن2,آهنگري‌ تراكتورسازي‌ ايران‌,2,20000000,156000000000,8070,7800,7800,-270,-3.35,7800,-270,-3.35,7800,7800,1400-5-12,2021-08-03
806,سحرا021,سلف موازي برق نيروي برق حرارتي,2,126310,38013631270,301997,298156,304117,2120,0.7,300955,-1042,-0.35,298156,304117,1400-5-12,2021-08-03
807,وثخوز,سرمايه گذاري و توسعه خوزستان,2,175,11252150,67682,64298,64298,-3384,-5,67678,-4,-0.01,64298,64298,1400-5-12,2021-08-03
808,ضپاس7027,اختيارخ وپارس-1800-1400/07/28,2,6,6180000,1170,1180,1000,-170,-14.53,1030,-140,-11.97,1000,1180,1400-5-12,2021-08-03
809,طصاد8032,اختيارف وبصادر-1989-1400/08/12,2,51,2550000,47,50,50,3,6.38,50,3,6.38,50,50,1400-5-12,2021-08-03
810,اراد35,مرابحه عام دولت3-ش.خ 0103,2,14000,13859999800,955227,989999,990000,34773,3.64,990000,34773,3.64,989999,990000,1400-5-12,2021-08-03
811,زعف0008پ09,زعفران0008نگين نوين(پ),2,300,41571600,140000,138572,138572,-1428,-1.02,138572,-1428,-1.02,138572,138572,1400-5-12,2021-08-03
812,ضچاد7033,اختيارخ كچاد-17870-1400/07/04,2,10,125000000,12282,12500,12500,218,1.77,12500,218,1.77,12500,12500,1400-5-12,2021-08-03
813,سفارود,كارخانه فارسيت درود,2,1923,31823727,17238,16549,16549,-689,-4,17233,-5,-0.03,16549,16549,1400-5-12,2021-08-03
814,سكه0111پ05,تمام سكه طرح جديد0111آينده,2,200,228734000,1147000,1143340,1144000,-3000,-0.26,1143670,-3330,-0.29,1143340,1144000,1400-5-12,2021-08-03
815,همبين102,اختيارف ت مبين17952-01/02/10,2,12000,12000,1,1,1,0,0,1,0,0,1,1,1400-5-12,2021-08-03
816,ضفار8053,اختيارخ فارس-11400-1400/08/05,2,26,51740000,1220,1990,1990,770,63.11,1990,770,63.11,1990,1990,1400-5-12,2021-08-03
817,تملي801,تسهيلات مسكن ب. ملي-فروردين98,2,41,34413750,855000,812250,855000,0,0,839360,-15640,-1.83,812250,855000,1400-5-12,2021-08-03
818,وسيزد,شركت س استان يزد,2,20000,24320000,1280,1216,1216,-64,-5,1280,0,0,1216,1216,1400-5-12,2021-08-03
819,ضمخا7066,اختيارخ اخابر-11700-1400/07/28,2,56,4590000,300,70,740,440,146.67,82,-218,-72.67,70,740,1400-5-12,2021-08-03
820,ضچاد7032,اختيارخ كچاد-15870-1400/07/04,2,20,270000000,13429,13500,13500,71,0.53,13500,71,0.53,13500,13500,1400-5-12,2021-08-03
821,صپا ه 20,بار پايه هفته 20صنعتي,2,18000,14342000,385,799,795,410,106.49,797,412,107.01,795,799,1400-5-12,2021-08-03
822,وارس4,سرمايه گذاري ارس صبا,2,4800000,69902400000,15005,14563,14563,-442,-2.95,14563,-442,-2.95,14563,14563,1400-5-12,2021-08-03
823,كگل2,معدني و صنعتي گل گهر,2,11000000,247200000000,22040,22700,22200,160,0.73,22473,433,1.96,22200,22700,1400-5-12,2021-08-03
824,خاتم2,صندوق س خاتم ايساتيس پويا-ثابت,2,2000000,2000000,11637,1,1,-11636,-99.99,1,-11636,-99.99,1,1,1400-5-12,2021-08-03
825,طمخا7072,اختيارف اخابر-27700-1400/07/28,1,2,40918000,22155,20459,20459,-1696,-7.66,20459,-1696,-7.66,20459,20459,1400-5-12,2021-08-03
826,هاي وب2,داده گسترعصرنوين-هاي وب,1,35225235,311743329750,9010,8850,8850,-160,-1.78,8850,-160,-1.78,8850,8850,1400-5-12,2021-08-03
827,وسخراش,شركت س استان خراسان شمالي,1,10000,13010000,1369,1301,1301,-68,-4.97,1369,0,0,1301,1301,1400-5-12,2021-08-03
828,اراد43,مرابحه عام دولت4-ش.خ 0205,1,2000,1860000000,945000,930000,930000,-15000,-1.59,930000,-15000,-1.59,930000,930000,1400-5-12,2021-08-03
829,زعف0008پ08,زعفران0008نگين روستا(پ),1,50,6475000,131191,129500,129500,-1691,-1.29,129500,-1691,-1.29,129500,129500,1400-5-12,2021-08-03
830,اخزا9142,اسنادخزانه-م14بودجه99-021025,1,153310,95987391000,626074,626100,626100,26,0,626100,26,0,626100,626100,1400-5-12,2021-08-03
831,وساخت2,سرمايه‌ گذاري‌ ساختمان‌ايران‌,1,400000,20250400000,48370,50626,50626,2256,4.66,50626,2256,4.66,50626,50626,1400-5-12,2021-08-03
832,ضشنا8002,اختيارخ شپنا-7800-1400/08/16,1,10,44900000,4800,4490,4490,-310,-6.46,4490,-310,-6.46,4490,4490,1400-5-12,2021-08-03
833,تملي807,تسهيلات مسكن ب. ملي-مهر98,1,7,6238169,891167,891167,891167,0,0,891167,0,0,891167,891167,1400-5-12,2021-08-03
834,صخود412,ص مرابحه خودرو412- 3ماهه 18%,1,28,28000000,995000,1000000,1000000,5000,0.5,1000000,5000,0.5,1000000,1000000,1400-5-12,2021-08-03
835,ضجار7038,اختيارخ وتجارت-1797-1400/07/21,1,1,900000,980,900,900,-80,-8.16,900,-80,-8.16,900,900,1400-5-12,2021-08-03
836,وگردش2,بانك گردشگري,1,4823695,67396666540,13972,13972,13972,0,0,13972,0,0,13972,13972,1400-5-12,2021-08-03
837,ضملي7001,اختيارخ فملي-8720-1400/07/11,1,11,58300000,5647,5300,5300,-347,-6.14,5300,-347,-6.14,5300,5300,1400-5-12,2021-08-03
838,ضسپا8040,اختيارخ خساپا-1400-1400/08/26,1,25,13950000,502,558,558,56,11.16,558,56,11.16,558,558,1400-5-12,2021-08-03
839,آوا2,صندوق س.سهام آواي معيار-س,1,500000,500000,7172,1,1,-7171,-99.99,1,-7171,-99.99,1,1,1400-5-12,2021-08-03
840,افران2,صندوق س افرا نماد پايدار-ثابت,1,1400000,1400000,13922,1,1,-13921,-99.99,1,-13921,-99.99,1,1,1400-5-12,2021-08-03
841,افاد82,منفعت دولت8-ش.خاص لوتوس0205,1,2000,1920000000,963000,960000,960000,-3000,-0.31,960000,-3000,-0.31,960000,960000,1400-5-12,2021-08-03
842,فلات,گروه صنايع معادن فلات ايرانيان,1,1936,27506688,14647,14208,14208,-439,-3,14646,-1,-0.01,14208,14208,1400-5-12,2021-08-03
843,مهان01,اجاره مهرآيندگان لوتوس0311,1,50000,49255000000,1000001,985100,985100,-14901,-1.49,985100,-14901,-1.49,985100,985100,1400-5-12,2021-08-03
844,صايپا308,صكوك مرابحه سايپا308-3ماهه 18%,1,2000,1960000000,999500,980000,980000,-19500,-1.95,980000,-19500,-1.95,980000,980000,1400-5-12,2021-08-03
845,كمند2,صندوق س. با درآمد ثابت كمند,1,40000000,40000000,10148,1,1,-10147,-99.99,1,-10147,-99.99,1,1,1400-5-12,2021-08-03
846,اعتماد4,صندوق س.اعتماد آفرين پارسيان-د,1,24000000,909216000000,37864,37884,37884,20,0.05,37884,20,0.05,37884,37884,1400-5-12,2021-08-03
847,زنجان2,صنايع كشاورزي وكود زنجان,1,10000000,86110000000,9064,8611,8611,-453,-5,8611,-453,-5,8611,8611,1400-5-12,2021-08-03
848,هجرت2,پخش هجرت,1,6080237,173761012986,28578,28578,28578,0,0,28578,0,0,28578,28578,1400-5-12,2021-08-03
849,پارسان2,گسترش نفت و گاز پارسيان,1,2500000,67500000000,26790,27000,27000,210,0.78,27000,210,0.78,27000,27000,1400-5-12,2021-08-03
850,سنفت001,سلف موازي استاندارد سنفت001,1,16960,20008984000,1179775,1179775,1179775,0,0,1179775,0,0,1179775,1179775,1400-5-12,2021-08-03
851,اراد22,مرابحه عام دولت2-ش.خ لوتوس0212,1,2000,1900000000,960000,950000,950000,-10000,-1.04,950000,-10000,-1.04,950000,950000,1400-5-12,2021-08-03
852,اخزا0042,اسنادخزانه-م4بودجه00-030522,1,260000,143860600000,560530,553310,553310,-7220,-1.29,553310,-7220,-1.29,553310,553310,1400-5-12,2021-08-03
853,ثقزوي,شركت عمران و سازندگي قزوين,1,1000,30734000,31684,30734,30734,-950,-3,31681,-3,-0.01,30734,30734,1400-5-12,2021-08-03
854,ضصاد8032,اختيارخ وبصادر-1989-1400/08/12,1,1,400000,402,400,400,-2,-0.5,400,-2,-0.5,400,400,1400-5-12,2021-08-03
855,ضفار8048,اختيارخ فارس-5400-1400/08/05,1,1,6000000,5100,6000,6000,900,17.65,6000,900,17.65,6000,6000,1400-5-12,2021-08-03
856,طخود7076,اختيارف خودرو-2500-1400/07/07,1,20,7000000,347,350,350,3,0.86,350,3,0.86,350,350,1400-5-12,2021-08-03
857,شستا003,اجاره تامين اجتماعي-سپهر000523,1,400,400000000,985056,1000000,1000000,14944,1.52,1000000,14944,1.52,1000000,1000000,1400-5-12,2021-08-03
858,پارتا2,مجتمع‌صنعتي‌آرتاويل‌تاير,1,2958609,84926871345,29068,28705,28705,-363,-1.25,28705,-363,-1.25,28705,28705,1400-5-12,2021-08-03
859,وشمال,س. چشم انداز توسعه شمال,1,65,5546775,87974,85335,85335,-2639,-3,87972,-2,0,85335,85335,1400-5-12,2021-08-03
860,اراد724,مرابحه عام دولت72-ش.خ0311,1,110000,102740000000,981000,934000,934000,-47000,-4.79,934000,-47000,-4.79,934000,934000,1400-5-12,2021-08-03
861,اراد494,مرابحه عام دولت4-ش.خ 0206,1,204100,192690810000,942530,944100,944100,1570,0.17,944100,1570,0.17,944100,944100,1400-5-12,2021-08-03
862,ضصاد8035,اختيارخ وبصادر-3489-1400/08/12,1,100,6500000,65,65,65,0,0,65,0,0,65,65,1400-5-12,2021-08-03
863,رمپنا2,گروه مپنا (سهامي عام),1,2000000,36200000000,18120,18100,18100,-20,-0.11,18100,-20,-0.11,18100,18100,1400-5-12,2021-08-03
864,ضچاد7035,اختيارخ كچاد-25870-1400/07/04,1,1,5500000,5380,5500,5500,120,2.23,5500,120,2.23,5500,5500,1400-5-12,2021-08-03
865,دمعيار2,صندوق س. توازن معيار-د,1,200000,200000,10055,1,1,-10054,-99.99,1,-10054,-99.99,1,1,1400-5-12,2021-08-03
866,اراد62,مرابحه عام دولت62-ش.خ0309,1,100,104999900,1000000,1049999,1049999,49999,5,1049999,49999,5,1049999,1049999,1400-5-12,2021-08-03
867,شرق1400,مشاركت ليزينگ ايران وشرق140010,1,10,9998000,999800,999800,999800,0,0,999800,0,0,999800,999800,1400-5-12,2021-08-03
868,ثاصفا,شركت‌ ساختمان‌ اصفهان‌,1,256,6163968,24822,24078,24078,-744,-3,24822,0,0,24078,24078,1400-5-12,2021-08-03
869,اخزا723,اسنادخزانه-م23بودجه97-000824,1,10,9510000,945078,951000,951000,5922,0.63,951000,5922,0.63,951000,951000,1400-5-12,2021-08-03
870,كچاد2,معدني‌وصنعتي‌چادرملو,1,4700000,137052000000,28310,29160,29160,850,3,29160,850,3,29160,29160,1400-5-12,2021-08-03
871,ضخود7073,اختيارخ خودرو-1600-1400/07/07,1,60,33000000,558,550,550,-8,-1.43,550,-8,-1.43,550,550,1400-5-12,2021-08-03
872,تبريز112,مشاركت شهرداري تبريز-3ماهه18%,1,16,15888000,979700,993000,993000,13300,1.36,993000,13300,1.36,993000,993000,1400-5-12,2021-08-03
873,دفارا2,داروسازي‌ فارابي‌,1,6752127,112692999630,15900,16690,16690,790,4.97,16690,790,4.97,16690,16690,1400-5-12,2021-08-03
874,صگل039,صكوك اجاره گل گهر039-3ماهه20%,1,6,6060000,1015000,1010000,1010000,-5000,-0.49,1010000,-5000,-0.49,1010000,1010000,1400-5-12,2021-08-03
875,تملي802,تسهيلات مسكن ب. ملي-ارديبهشت98,1,28,25147472,855357,898124,898124,42767,5,898124,42767,5,898124,898124,1400-5-12,2021-08-03
876,طخود7073,اختيارف خودرو-1600-1400/07/07,1,20,380000,20,19,19,-1,-5,19,-1,-5,19,19,1400-5-12,2021-08-03
877,طخود7074,اختيارف خودرو-1800-1400/07/07,1,20,800000,40,40,40,0,0,40,0,0,40,40,1400-5-12,2021-08-03
878,وسزنجان,شركت س استان زنجان,1,6400,8633600,1420,1349,1349,-71,-5,1420,0,0,1349,1349,1400-5-12,2021-08-03
879,ضملت8043,اختيارخ وبملت-4434-1400/08/19,1,6,1200000,350,200,200,-150,-42.86,200,-150,-42.86,200,200,1400-5-12,2021-08-03
880,اراد76,مرابحه عام دولت76-ش.خ030406,1,2000,1870000000,950000,935000,935000,-15000,-1.58,935000,-15000,-1.58,935000,935000,1400-5-12,2021-08-03
881,طملي7000,اختيارف فملي-7720-1400/07/11,1,1,20000,20,20,20,0,0,20,0,0,20,20,1400-5-12,2021-08-03
882,ثروت,ص.خ.ثروت آفرين فيروزه 35%تاديه,1,1000,232000000,231134,232000,232000,866,0.37,232000,866,0.37,232000,232000,1400-5-12,2021-08-03
883,زعف0008پ19,زعفران0008نگين تروند قاينات(پ),1,1702,235849544,141000,138572,138572,-2428,-1.72,138572,-2428,-1.72,138572,138572,1400-5-12,2021-08-03
884,ضخوز7038,اختيارخ فخوز-13200-1400/07/14,1,1,4800000,4300,4800,4800,500,11.63,4800,500,11.63,4800,4800,1400-5-12,2021-08-03
885,اراد864,مرابحه عام دولت86-ش.خ020404,1,1000000,934200000000,934000,934200,934200,200,0.02,934200,200,0.02,934200,934200,1400-5-12,2021-08-03
886,ضپيك7040,اختيارخ تاپيكو-6070-00/07/18,1,5,34500000,6700,6900,6900,200,2.99,6900,200,2.99,6900,6900,1400-5-12,2021-08-03
887,ياقوت2,صندوق س ياقوت آگاه-ثابت,1,2342000,2342000,12781,1,1,-12780,-99.99,1,-12780,-99.99,1,1,1400-5-12,2021-08-03
888,كگهر2,سنگ آهن گهرزمين,1,2000000,90000000000,44900,45000,45000,100,0.22,45000,100,0.22,45000,45000,1400-5-12,2021-08-03
889,ضچاد7034,اختيارخ كچاد-21870-1400/07/04,1,69,538200000,6036,7800,7800,1764,29.22,7800,1764,29.22,7800,7800,1400-5-12,2021-08-03
