,نماد,نام,تعداد,حجم,ارزش,دیروز,اولین,آخرین معامله - مقدار,آخرین معامله - تغییر,آخرین معامله - درصد,قیمت پایانی - مقدار,قیمت پایانی - تغییر,قیمت پایانی - درصد,کمترین,بیشترین,تاریخ,gregorian_date
0,ولكار,ليزينگ كارآفرين,90295,44197532,199172904744,4630,4480,4436,-194,-4.19,4506,-124,-2.68,4399,4698,1400-4-21,2021-07-12
1,ومدير,گ.مديريت ارزش سرمايه ص ب كشوري,61677,121239522,543419231141,4607,4590,4457,-150,-3.26,4482,-125,-2.71,4401,4600,1400-4-21,2021-07-12
2,لطيف,محصولات كاغذي لطيف,61331,1514773,88400637507,55580,58359,58359,2779,5,58359,2779,5,58359,58359,1400-4-21,2021-07-12
3,شستا,سرمايه گذاري تامين اجتماعي,32288,130348005,1691485392060,12940,13170,12790,-150,-1.16,12980,40,0.31,12700,13280,1400-4-21,2021-07-12
4,فتوسا,توليد و توسعه سرب روي ايرانيان,30448,10176866,166605654949,16034,16031,16101,67,0.42,16371,337,2.1,16031,16800,1400-4-21,2021-07-12
5,بركت,گروه دارويي بركت,29857,50459003,1993767451570,41090,41090,39040,-2050,-4.99,39510,-1580,-3.85,39040,41100,1400-4-21,2021-07-12
6,گدنا,تهيه توزيع غذاي دنا آفرين فدك,28319,13314792,303647516773,21832,22000,22923,1091,5,22805,973,4.46,21999,22923,1400-4-21,2021-07-12
7,پالايش,صندوق پالايشي يكم-سهام,22370,20899602,1461017006000,69740,70110,69300,-440,-0.63,69910,170,0.24,69200,70490,1400-4-21,2021-07-12
8,فولاد,فولاد مباركه اصفهان,19250,156216780,1695540395300,10540,10660,10740,200,1.9,10850,310,2.94,10610,11060,1400-4-21,2021-07-12
9,فملي,ملي‌ صنايع‌ مس‌ ايران‌,18918,106208763,1383102268310,12880,13110,12860,-20,-0.16,13020,140,1.09,12840,13340,1400-4-21,2021-07-12
10,فگستر,گسترش صنايع روي ايرانيان,16822,2125190,33225220460,14890,15634,15634,744,5,15634,744,5,15634,15634,1400-4-21,2021-07-12
11,شپنا,پالايش نفت اصفهان,16478,110060130,1427117752810,12650,12890,12790,140,1.11,12970,320,2.53,12740,13220,1400-4-21,2021-07-12
12,دارا يكم,صندوق واسطه گري مالي يكم-سهام,15829,10878068,1342547286610,122170,122600,122400,230,0.19,123420,1250,1.02,122320,124700,1400-4-21,2021-07-12
13,غكورش,صنعت غذايي كورش,15741,5338698,204486323880,38410,38200,38060,-350,-0.91,38300,-110,-0.29,37950,38840,1400-4-21,2021-07-12
14,شتران,پالايش نفت تهران,14397,178120820,1731242889550,9310,9490,9610,300,3.22,9720,410,4.4,9360,9770,1400-4-21,2021-07-12
15,كرمان,س. توسعه و عمران استان كرمان,13755,431973693,599192323915,1406,1385,1374,-32,-2.28,1387,-19,-1.35,1364,1420,1400-4-21,2021-07-12
16,خگستر,گسترش‌سرمايه‌گذاري‌ايران‌خودرو,13364,385495719,1033545328677,2579,2670,2638,59,2.29,2681,102,3.96,2622,2707,1400-4-21,2021-07-12
17,خودرو,ايران‌ خودرو,12838,315068306,660023364670,2081,2111,2060,-21,-1.01,2095,14,0.67,2054,2145,1400-4-21,2021-07-12
18,چخزر,صنايع چوب خزر كاسپين,12479,1598635,58992749461,37172,36450,36480,-692,-1.86,36902,-270,-0.73,36200,37850,1400-4-21,2021-07-12
19,خساپا,سايپا,11577,374566999,707123739952,1877,1910,1862,-15,-0.8,1888,11,0.59,1856,1934,1400-4-21,2021-07-12
20,وبصادر,بانك صادرات ايران,10242,379284857,865306143905,2185,2200,2281,96,4.39,2281,96,4.39,2200,2294,1400-4-21,2021-07-12
21,غزر,صنعتي زر ماكارون,9559,4465301,108601560160,23700,23400,24300,600,2.53,24320,620,2.62,23400,24850,1400-4-21,2021-07-12
22,ثبهساز,بهساز كاشانه تهران,9358,66914272,143306352346,2179,2168,2108,-71,-3.26,2142,-37,-1.7,2090,2200,1400-4-21,2021-07-12
23,بوعلي,پتروشيمي بوعلي سينا,9290,3607603,181428095830,50890,50980,49670,-1220,-2.4,50290,-600,-1.18,49550,51250,1400-4-21,2021-07-12
24,وتجارت,بانك تجارت,9264,189675419,510516327747,2631,2650,2655,24,0.91,2692,61,2.32,2641,2759,1400-4-21,2021-07-12
25,رافزا,رايان هم افزا,9260,2121381,176043997423,79430,80250,80900,1470,1.85,82986,3556,4.48,80250,83401,1400-4-21,2021-07-12
26,وخارزم,سرمايه گذاري خوارزمي,9117,88222065,556017954330,6070,6200,6170,100,1.65,6300,230,3.79,6080,6370,1400-4-21,2021-07-12
27,كزغال,زغال سنگ پروده طبس,9014,5410854,200291915368,36122,35800,36790,668,1.85,37017,895,2.48,35800,37800,1400-4-21,2021-07-12
28,زملارد,كشاورزي و دامپروري ملارد شير,8578,1358846,40277613708,30327,29500,29670,-657,-2.17,29641,-686,-2.26,29159,30299,1400-4-21,2021-07-12
29,ذوب,سهامي ذوب آهن  اصفهان,8102,186457786,702090836392,3697,3795,3730,33,0.89,3765,68,1.84,3697,3831,1400-4-21,2021-07-12
30,شاروم,پتروشيمي اروميه,7942,4226209,65855337746,15279,15790,15360,81,0.53,15583,304,1.99,15281,15975,1400-4-21,2021-07-12
31,نطرين,عطرين نخ قم,7743,44981477,475441921137,10814,10274,10679,-135,-1.25,10570,-244,-2.26,10274,10870,1400-4-21,2021-07-12
32,ولصنم,ليزينگ‌صنعت‌ومعدن‌,7377,46031763,378606913850,8280,8360,8390,110,1.33,8220,-60,-0.72,7940,8450,1400-4-21,2021-07-12
33,وبملت,بانك ملت,7292,179043864,732113196317,3975,4021,4060,85,2.14,4089,114,2.87,4004,4170,1400-4-21,2021-07-12
34,وكبهمن,مديريت سرمايه گذاري كوثربهمن,7051,1672465,19339653035,11552,11695,11410,-142,-1.23,11564,12,0.1,11320,11830,1400-4-21,2021-07-12
35,سيتا,سرمايه گذاري سيمان تامين,6921,10104418,155179865430,15590,16000,15150,-440,-2.82,15360,-230,-1.48,15110,16000,1400-4-21,2021-07-12
36,ولپارس,ليزينگ پارسيان,6631,6870171,29717890310,4308,4370,4310,2,0.05,4326,18,0.42,4202,4460,1400-4-21,2021-07-12
37,پترول,گ.س.وت.ص.پتروشيمي خليج فارس,6599,38230825,370694940030,9670,9680,9600,-70,-0.72,9700,30,0.31,9540,9900,1400-4-21,2021-07-12
38,ثاميد,توسعه و عمران اميد,6370,58537910,100206273669,1739,1760,1682,-57,-3.28,1712,-27,-1.55,1680,1769,1400-4-21,2021-07-12
39,هماي,صندوق س هماي آگاه-ثابت,6257,18253503,182535030000,10000,10000,10000,0,0,10000,0,0,10000,10000,1400-4-21,2021-07-12
40,ميهن,بيمه ميهن,5977,72265050,329491562889,4639,4408,4591,-48,-1.03,4559,-80,-1.72,4408,4738,1400-4-21,2021-07-12
41,آبادا,توليد نيروي برق آبادان,5941,4023355,49203601610,12600,12280,12070,-530,-4.21,12230,-370,-2.94,12000,12600,1400-4-21,2021-07-12
42,سصفها,سيمان‌اصفهان‌,5936,9029374,565100893680,61150,62380,63900,2750,4.5,62580,1430,2.34,59410,64180,1400-4-21,2021-07-12
43,كالا,بورس كالاي ايران,5899,18363638,332016255350,15700,18640,17760,2060,13.12,18080,2380,15.16,17710,18650,1400-4-21,2021-07-12
44,خزر,فنرسازي‌زر,5763,23744613,524939984010,21100,21850,22150,1050,4.98,22110,1010,4.79,21600,22150,1400-4-21,2021-07-12
45,خپارس,پارس‌ خودرو,5689,290777782,352540054948,1207,1220,1203,-4,-0.33,1212,5,0.41,1191,1242,1400-4-21,2021-07-12
46,وآيند,بانك  آينده,5408,33943321,441508068443,12575,13078,13078,503,4,13007,432,3.44,12700,13078,1400-4-21,2021-07-12
47,وغدير,سرمايه‌گذاري‌غدير(هلدينگ‌,5315,45341832,606830035690,12950,12910,13260,310,2.39,13380,430,3.32,12910,13590,1400-4-21,2021-07-12
48,بپيوند,برق و انرژي پيوندگستر پارس,5215,4949794,62961842237,12866,12760,12639,-227,-1.76,12720,-146,-1.13,12600,13060,1400-4-21,2021-07-12
49,اپال,فرآوري معدني اپال كاني پارس,5100,4402708,90393988520,20440,20700,20450,10,0.05,20510,70,0.34,20320,20910,1400-4-21,2021-07-12
50,وسپهر,سرمايه گذاري مالي سپهرصادرات,5008,12985185,119857612232,9230,9230,9231,1,0.01,9230,0,0,9230,9238,1400-4-21,2021-07-12
51,شگويا,پتروشيمي تندگويان,4990,19997028,211069369646,10449,10600,10372,-77,-0.74,10555,106,1.01,10370,10780,1400-4-21,2021-07-12
52,بترانس,ايران‌ ترانسفو,4980,105775792,270824311793,2551,2589,2497,-54,-2.12,2560,9,0.35,2453,2649,1400-4-21,2021-07-12
53,بگيلان,توسعه مسير برق گيلان,4913,1036783,21553727957,21070,20400,20659,-411,-1.95,20901,-169,-0.8,20400,21380,1400-4-21,2021-07-12
54,كيسون,شركت كيسون,4845,33312527,325679831054,9810,9750,10006,196,2,9776,-34,-0.35,9614,10006,1400-4-21,2021-07-12
55,قنيشا,قند  نيشابور,4771,5199859,341387955400,63680,66850,63900,220,0.35,65650,1970,3.09,63500,66860,1400-4-21,2021-07-12
56,آريا,پليمر آريا ساسول,4766,2526656,228741009278,90155,90900,90250,95,0.11,90531,376,0.42,89700,91180,1400-4-21,2021-07-12
57,قشكر,شكرشاهرود,4654,138744653,435506751381,2996,3145,3145,149,4.97,3139,143,4.77,3060,3145,1400-4-21,2021-07-12
58,بورس,بورس اوراق بهادار تهران,4558,9127777,324474762040,36900,36300,35060,-1840,-4.99,35550,-1350,-3.66,35060,36890,1400-4-21,2021-07-12
59,غگيلا,شيرپاستوريزه پگاه گيلان,4540,4387866,71617740484,15750,15750,16430,680,4.32,16322,572,3.63,15500,16537,1400-4-21,2021-07-12
60,كمند,صندوق س. با درآمد ثابت كمند,4519,179928795,1805286873902,10028,10033,10033,5,0.05,10033,5,0.05,10033,10035,1400-4-21,2021-07-12
61,فبيرا,بسته‌ بندي‌ ايران‌,4474,88664397,239195961688,2755,2673,2690,-65,-2.36,2698,-57,-2.07,2673,2760,1400-4-21,2021-07-12
62,چكاپا,گروه صنايع كاغذ پارس,4418,65166659,267898526551,3934,4000,4081,147,3.74,4111,177,4.5,3960,4130,1400-4-21,2021-07-12
63,وپويا,سرمايه گذاري پويا,4348,9802977,46246727100,4732,4740,4641,-91,-1.92,4718,-14,-0.3,4630,4800,1400-4-21,2021-07-12
64,صبا,سرمايه گذاري صبا تامين,4320,27139563,218058996912,8133,8140,7900,-233,-2.86,8035,-98,-1.2,7840,8269,1400-4-21,2021-07-12
65,امين,تامين سرمايه امين,4190,2253025,17154500220,7610,7620,7610,0,0,7610,0,0,7610,7640,1400-4-21,2021-07-12
66,غاذر,كشت‌وصنعت‌پياذر,4172,7785325,265807784190,33900,32350,34980,1080,3.19,34140,240,0.71,32350,35580,1400-4-21,2021-07-12
67,سفار,سيمان‌فارس‌,4160,1593925,167443601870,108030,108040,102630,-5400,-5,105050,-2980,-2.76,102630,110000,1400-4-21,2021-07-12
68,حكشتي,كشتيراني جمهوري اسلامي ايران,4001,19382224,320971358630,16640,16520,16200,-440,-2.64,16560,-80,-0.48,16140,17000,1400-4-21,2021-07-12
69,پيزد,مجتمع صنايع لاستيك يزد,3999,1446381,100943717195,69779,69990,69254,-525,-0.75,69791,12,0.02,69073,70500,1400-4-21,2021-07-12
70,هاي وب,داده گسترعصرنوين-هاي وب,3987,22881883,200311471330,8850,8850,8650,-200,-2.26,8750,-100,-1.13,8610,9030,1400-4-21,2021-07-12
71,زكشت,كشاورزي مكانيزه اصفهان كشت,3979,5313116,191748453801,34923,36478,35589,666,1.91,36090,1167,3.34,34863,36650,1400-4-21,2021-07-12
72,غنوش,نوش‌ مازندران‌,3841,4761338,188732810360,38690,39010,39050,360,0.93,39640,950,2.46,38420,40500,1400-4-21,2021-07-12
73,پتاير,ايران‌ تاير,3776,89684260,282199096252,3108,3190,3097,-11,-0.35,3147,39,1.25,3061,3224,1400-4-21,2021-07-12
74,رمپنا,گروه مپنا (سهامي عام),3733,49360988,831377421210,16110,16150,16690,580,3.6,16840,730,4.53,15810,16910,1400-4-21,2021-07-12
75,فروي,ذوب روي اصفهان,3624,4495671,157250171597,35002,36000,34100,-902,-2.58,34978,-24,-0.07,34000,36100,1400-4-21,2021-07-12
76,كپشير,پشم‌شيشه‌ايران‌,3502,8263506,223054071750,27840,27200,27270,-570,-2.05,26990,-850,-3.05,26450,27980,1400-4-21,2021-07-12
77,ولانا,شركت ليزينگ آريا دانا,3489,5836388,143212456918,24403,24850,23925,-478,-1.96,24538,135,0.55,23671,25135,1400-4-21,2021-07-12
78,فاذر,صنايع‌ آذرآب‌,3312,105272055,152102921267,1407,1469,1420,13,0.92,1445,38,2.7,1401,1477,1400-4-21,2021-07-12
79,بكهنوج,توليد برق ماهتاب كهنوج,3310,76822153,138961477903,1758,1790,1779,21,1.19,1809,51,2.9,1740,1840,1400-4-21,2021-07-12
80,وسكرمان,س.سهام عدالت استان كرمان,3254,166635048,101697348118,589,592,618,29,4.92,610,21,3.57,592,618,1400-4-21,2021-07-12
81,وتوصا,گروه س توسعه صنعتي ايران,3221,15669589,157923800350,10350,10540,9950,-400,-3.86,10080,-270,-2.61,9840,10600,1400-4-21,2021-07-12
82,ولغدر,ليزينگ‌خودروغدير,3201,12218980,257842247070,20240,20490,21250,1010,4.99,21100,860,4.25,20100,21250,1400-4-21,2021-07-12
83,بجهرم,توسعه مولد نيروگاهي جهرم,3200,52405847,141659032455,2689,2710,2667,-22,-0.82,2703,14,0.52,2601,2796,1400-4-21,2021-07-12
84,زكوثر,سرمايه گذاري كشاورزي كوثر,3156,6372691,119311387780,19170,19100,18270,-900,-4.69,18720,-450,-2.35,18220,19700,1400-4-21,2021-07-12
85,كسرام,پارس‌ سرام‌,3132,29446152,201459052720,6550,6850,6870,320,4.89,6840,290,4.43,6630,6870,1400-4-21,2021-07-12
86,زمگسا,كشاورزي‌ ودامپروي‌ مگسال‌,3126,4578924,136176502600,30580,31700,29060,-1520,-4.97,29740,-840,-2.75,29060,31700,1400-4-21,2021-07-12
87,شفارس,صنايع‌ شيميايي‌ فارس‌,3124,71195277,163960554985,2234,2222,2258,24,1.07,2303,69,3.09,2175,2345,1400-4-21,2021-07-12
88,ساربيل,سيمان آرتا اردبيل,3050,2710181,114823330820,42500,44000,40900,-1600,-3.76,42370,-130,-0.31,40800,44000,1400-4-21,2021-07-12
89,سمگا,گروه سرمايه گذاري ميراث فرهنگي,3033,11809081,281049791280,23149,23960,23160,11,0.05,23799,650,2.81,23149,24299,1400-4-21,2021-07-12
90,ثغرب,شركت سرمايه گذاري مسكن شمالغرب,3019,15402207,111048101826,7460,7500,7087,-373,-5,7210,-250,-3.35,7087,7650,1400-4-21,2021-07-12
91,وبانك,سرمايه گذاري گروه توسعه ملي,2935,33387569,302370990600,8740,8900,9080,340,3.89,9060,320,3.66,8900,9160,1400-4-21,2021-07-12
92,فارس,صنايع پتروشيمي خليج فارس,2922,39424712,423704024000,10620,10850,10610,-10,-0.09,10750,130,1.22,10600,10890,1400-4-21,2021-07-12
93,خكار,ايركا پارت صنعت,2921,7210393,129039497700,17860,18600,17520,-340,-1.9,17900,40,0.22,17200,18600,1400-4-21,2021-07-12
94,شبريز,پالايش نفت تبريز,2903,9211762,316798126110,34230,34640,34100,-130,-0.38,34390,160,0.47,34040,35260,1400-4-21,2021-07-12
95,غگل,گلوكوزان‌,2874,35276622,122237042600,3359,3383,3428,69,2.05,3465,106,3.16,3383,3511,1400-4-21,2021-07-12
96,غالبر,لبنيات‌ كالبر,2856,7952718,138481521840,17650,17100,17340,-310,-1.76,17410,-240,-1.36,17000,17990,1400-4-21,2021-07-12
97,فزرين,زرين معدن آسيا,2761,10236903,195734167008,19727,19320,19399,-328,-1.66,19120,-607,-3.08,18741,19970,1400-4-21,2021-07-12
98,اتكاي,بيمه اتكايي ايرانيان,2733,19113154,193021558096,9925,9800,10225,300,3.02,10099,174,1.75,9800,10400,1400-4-21,2021-07-12
99,وملي,گروه‌ صنعتي‌ ملي‌ (هلدينگ‌,2723,1208626,191355084410,160170,160000,162000,1830,1.14,158320,-1850,-1.16,152170,164000,1400-4-21,2021-07-12
100,فاراك,ماشين‌ سازي‌ اراك‌,2712,56247939,111232236024,1960,1999,1945,-15,-0.77,1978,18,0.92,1921,2040,1400-4-21,2021-07-12
101,كاوه,فولاد كاوه جنوب كيش,2693,16490501,347597298180,20550,20790,21100,550,2.68,21080,530,2.58,20570,21320,1400-4-21,2021-07-12
102,فولاژ,فولاد آلياژي ايران,2652,16156421,297948821090,17630,18430,18510,880,4.99,18440,810,4.59,17790,18510,1400-4-21,2021-07-12
103,شپديس,پتروشيمي پرديس,2650,3253024,435667312550,128790,128750,132210,3420,2.66,133930,5140,3.99,128750,135220,1400-4-21,2021-07-12
104,كگل,معدني و صنعتي گل گهر,2642,18635073,340111146640,17470,17530,18340,870,4.98,18250,780,4.46,17530,18340,1400-4-21,2021-07-12
105,وآذر,سرمايه‌گذاري‌توسعه‌آذربايجان‌,2599,1566454,108257469860,70750,71940,67330,-3420,-4.83,69110,-1640,-2.32,67300,71940,1400-4-21,2021-07-12
106,فولاي,صنايع فولاد آلياژي يزد,2595,4149378,172999724666,43154,43700,41294,-1860,-4.31,41693,-1461,-3.39,40997,44500,1400-4-21,2021-07-12
107,خودكفا,اقتصادي و خودكفايي آزادگان,2528,9178121,155580283100,17410,16900,16888,-522,-3,16951,-459,-2.64,16888,17270,1400-4-21,2021-07-12
108,حريل,ريل پردازسير,2458,28798243,116281599892,4093,4170,4000,-93,-2.27,4038,-55,-1.34,3930,4170,1400-4-21,2021-07-12
109,فخوز,فولاد  خوزستان,2458,11388536,179258478600,15500,15470,15740,240,1.55,15740,240,1.55,15470,15970,1400-4-21,2021-07-12
110,چفيبر,فيبر ايران‌,2454,12924764,103210626110,8270,8100,7890,-380,-4.59,7990,-280,-3.39,7870,8280,1400-4-21,2021-07-12
111,غگلستا,شير پاستوريزه پگاه گلستان,2433,11493725,240472888894,21648,22690,20566,-1082,-5,20922,-726,-3.35,20566,22690,1400-4-21,2021-07-12
112,شفن,پتروشيمي فناوران,2428,543576,183188135770,323830,338780,335000,11170,3.45,337010,13180,4.07,330020,340020,1400-4-21,2021-07-12
113,كيان,صندوق س. با درآمد ثابت كيان,2417,31543391,925799503810,29316,29339,29355,39,0.13,29350,34,0.12,29338,29359,1400-4-21,2021-07-12
114,پارسان,گسترش نفت و گاز پارسيان,2413,21018150,528627957990,24110,24110,24900,790,3.28,25150,1040,4.31,24110,25310,1400-4-21,2021-07-12
115,حتوكا,حمل‌ونقل‌توكا,2393,7324967,134105031640,18180,18010,18700,520,2.86,18310,130,0.72,17730,18920,1400-4-21,2021-07-12
116,شيران,س. صنايع‌شيميايي‌ايران,2373,10542828,263301944720,24410,24610,24500,90,0.37,24970,560,2.29,24410,25600,1400-4-21,2021-07-12
117,وپست,پست بانك ايران,2351,12031822,289235442610,23480,23900,23490,10,0.04,24040,560,2.39,23000,24650,1400-4-21,2021-07-12
118,دتوليد,داروسازي توليد دارو,2349,8224043,120829000535,15255,15190,14501,-754,-4.94,14692,-563,-3.69,14493,15190,1400-4-21,2021-07-12
119,لكما,كارخانجات‌مخابراتي‌ايران‌,2332,21803915,75692784367,3395,3496,3450,55,1.62,3472,77,2.27,3405,3496,1400-4-21,2021-07-12
120,فاسمين,كالسيمين‌,2327,12348805,194012504000,15860,15860,15400,-460,-2.9,15710,-150,-0.95,15400,16080,1400-4-21,2021-07-12
121,ستران,سيمان‌ تهران‌,2297,6282966,160683087710,24620,25850,24970,350,1.42,25570,950,3.86,24880,25850,1400-4-21,2021-07-12
122,وجامي,سرمايه گذاري جامي,2270,9455795,120844356619,12640,13019,12910,270,2.14,12780,140,1.11,12261,13019,1400-4-21,2021-07-12
123,وگستر,گسترش سرمايه گذاري ايرانيان,2248,9008783,131047083819,14422,14500,14351,-71,-0.49,14547,125,0.87,14300,15120,1400-4-21,2021-07-12
124,تاپيكو,س. نفت و گاز و پتروشيمي تأمين,2232,24793654,331778630800,13080,13400,13250,170,1.3,13380,300,2.29,13090,13680,1400-4-21,2021-07-12
125,وپاسار,بانك  پاسارگاد,2225,42525618,648905682830,15220,15220,15280,60,0.39,15260,40,0.26,15210,15540,1400-4-21,2021-07-12
126,شلعاب,لعابيران‌,2207,7569803,83480177540,10960,11300,10960,0,0,11030,70,0.64,10630,11400,1400-4-21,2021-07-12
127,خزاميا,زامياد,2203,21672215,146467234610,6700,6830,6640,-60,-0.9,6760,60,0.9,6620,6850,1400-4-21,2021-07-12
128,كوير,توليدي فولاد سپيد فراب كوير,2201,12303360,180268811510,14690,14700,14470,-220,-1.5,14650,-40,-0.27,14450,14970,1400-4-21,2021-07-12
129,اعتماد,صندوق س.اعتماد آفرين پارسيان-د,2185,55303580,2072431931080,37456,37474,37474,18,0.05,37474,18,0.05,37473,37478,1400-4-21,2021-07-12
130,ثفارس,عمران‌وتوسعه‌فارس‌,2182,14262380,104952495770,7430,7400,7240,-190,-2.56,7360,-70,-0.94,7170,7600,1400-4-21,2021-07-12
131,كبافق,معادن‌ بافق‌,2173,2662209,94547294070,36810,36970,35010,-1800,-4.89,35510,-1300,-3.53,34970,36970,1400-4-21,2021-07-12
132,حفارس,حمل و نقل بين المللي خليج فارس,2164,22805943,95275769063,4154,4196,4170,16,0.39,4178,24,0.58,4112,4280,1400-4-21,2021-07-12
133,شاراك,پتروشيمي شازند,2156,9855302,283754211780,27440,27940,28810,1370,4.99,28790,1350,4.92,27820,28810,1400-4-21,2021-07-12
134,وپارس,بانك‌پارسيان‌,2154,136762306,396374949511,2762,2889,2900,138,5,2898,136,4.92,2845,2900,1400-4-21,2021-07-12
135,سبهان,سيمان‌ بهبهان‌,2150,1435511,94941469160,63830,67020,65010,1180,1.85,66140,2310,3.62,63930,67020,1400-4-21,2021-07-12
136,غفارس,شير پاستوريزه پگاه فارس,2114,8366032,170903918850,20676,21295,19643,-1033,-5,20428,-248,-1.2,19643,21654,1400-4-21,2021-07-12
137,ثاخت,بين‌المللي‌توسعه‌ساختمان,2112,59870920,143601153073,2354,2390,2355,1,0.04,2399,45,1.91,2307,2467,1400-4-21,2021-07-12
138,امين يكم,صندوق درآمد ثابت امين يكم فردا,2109,48807666,492480439781,10086,10091,10088,2,0.02,10090,4,0.04,10086,10095,1400-4-21,2021-07-12
139,غپاك,لبنيات‌ پاك‌,2099,5176856,98135482400,18880,18780,19130,250,1.32,18960,80,0.42,18570,19400,1400-4-21,2021-07-12
140,كچاد,معدني‌وصنعتي‌چادرملو,2070,8618949,214575831810,24810,24850,24750,-60,-0.24,24900,90,0.36,24690,25230,1400-4-21,2021-07-12
141,ونوين,بانك‌اقتصادنوين‌,2067,43323874,206069195630,4641,4656,4735,94,2.03,4756,115,2.48,4651,4810,1400-4-21,2021-07-12
142,اخابر,مخابرات ايران,2060,15241268,135904444200,8930,8800,8820,-110,-1.23,8920,-10,-0.11,8730,9200,1400-4-21,2021-07-12
143,كاذر,فرآورده‌هاي‌نسوزآذر,1991,8276740,126014810840,14950,15410,15000,50,0.33,15230,280,1.87,14500,15690,1400-4-21,2021-07-12
144,وسلرستا,شركت س استان لرستان,1971,105758578,64142477965,601,592,613,12,2,606,5,0.83,592,619,1400-4-21,2021-07-12
145,تليسه,دامداري تليسه نمونه,1967,18994722,64670820401,3466,3400,3380,-86,-2.48,3405,-61,-1.76,3340,3500,1400-4-21,2021-07-12
146,ساوه,سيمان ساوه,1966,1250271,70243839055,56458,57280,55510,-948,-1.68,56183,-275,-0.49,55001,57990,1400-4-21,2021-07-12
147,سرو,صندوق س سروسودمند مدبران-سهام,1962,2669286,187705464690,69400,70200,69990,590,0.85,70320,920,1.33,69460,71150,1400-4-21,2021-07-12
148,ثشاهد,سرمايه‌ گذاري‌ شاهد,1941,5260386,77106034310,14560,14580,14370,-190,-1.3,14660,100,0.69,14370,15000,1400-4-21,2021-07-12
149,زقيام,كشت و دام قيام اصفهان,1936,3537590,82699534015,23999,23500,22820,-1179,-4.91,23377,-622,-2.59,22800,24240,1400-4-21,2021-07-12
150,خمهر,مهركام‌پارس‌,1885,48322518,97604276663,1949,2035,1989,40,2.05,2020,71,3.64,1951,2046,1400-4-21,2021-07-12
151,كلر,كلر پارس,1876,707280,77756293198,110869,112683,106000,-4869,-4.39,109937,-932,-0.84,106000,113888,1400-4-21,2021-07-12
152,دماوند,توليد نيروي برق دماوند,1866,3225463,91818199319,28778,28500,27600,-1178,-4.09,28467,-311,-1.08,27600,29198,1400-4-21,2021-07-12
153,سبزوا,سيمان لار سبزوار,1863,20960459,66603185459,3106,3199,3126,20,0.64,3178,72,2.32,3122,3250,1400-4-21,2021-07-12
154,آريان,سرمايه گذاري پارس آريان,1863,22531512,334633025393,14664,14950,14653,-11,-0.08,14852,188,1.28,14650,15100,1400-4-21,2021-07-12
155,ونيرو,سرمايه‌گذاري‌نيرو,1836,37233367,103638921251,2807,2790,2752,-55,-1.96,2783,-24,-0.86,2740,2849,1400-4-21,2021-07-12
156,چدن,توليدي چدن سازان,1835,23339551,103625976359,4555,4540,4430,-125,-2.74,4440,-115,-2.52,4390,4540,1400-4-21,2021-07-12
157,كدما,معدني‌ دماوند,1827,1336535,211905405170,151000,158550,158550,7550,5,158550,7550,5,157510,158550,1400-4-21,2021-07-12
158,تمحركه,ماشين سازي نيرو محركه,1811,7413711,114414798802,15802,15328,15328,-474,-3,15433,-369,-2.34,15328,15920,1400-4-21,2021-07-12
159,كلوند,كاشي‌ الوند,1811,2908939,63369168010,22050,22990,21370,-680,-3.08,21780,-270,-1.22,21300,22990,1400-4-21,2021-07-12
160,ومعادن,توسعه‌معادن‌وفلزات‌,1798,24245847,225597947430,8990,9350,9410,420,4.67,9300,310,3.45,9180,9430,1400-4-21,2021-07-12
161,پارس,پتروشيمي پارس,1792,1281596,232686843470,176740,180500,181450,4710,2.66,181560,4820,2.73,178990,183890,1400-4-21,2021-07-12
162,وسهرمز,شركت س استان هرمزگان,1785,74729685,45271748780,597,585,611,14,2.35,606,9,1.51,585,626,1400-4-21,2021-07-12
163,ماديرا,صنايع ماديران,1784,10126598,86404963989,8607,8607,8421,-186,-2.16,8532,-75,-0.87,8400,8797,1400-4-21,2021-07-12
164,سيلام,سيمان‌ ايلام‌,1783,7488673,65535251940,8770,9130,8580,-190,-2.17,8750,-20,-0.23,8490,9130,1400-4-21,2021-07-12
165,وسينا,بانك سينا,1783,70615106,219682693692,3006,3089,3070,64,2.13,3111,105,3.49,3025,3156,1400-4-21,2021-07-12
166,ختوقا,قطعات‌ اتومبيل‌ ايران‌,1777,28452420,65727744570,2282,2358,2280,-2,-0.09,2310,28,1.23,2250,2364,1400-4-21,2021-07-12
167,تملت,تامين سرمايه بانك ملت,1769,7875462,40078140867,4937,5080,5050,113,2.29,5089,152,3.08,5002,5173,1400-4-21,2021-07-12
168,كيميا,معدني كيمياي زنجان گستران,1751,5785133,88579386692,15775,16100,15000,-775,-4.91,15312,-463,-2.94,14987,16160,1400-4-21,2021-07-12
169,حفاري,حفاري شمال,1735,12567348,86309957150,6860,6810,6800,-60,-0.87,6870,10,0.15,6770,7030,1400-4-21,2021-07-12
170,وساپا,سرمايه‌گذاري‌ سايپا,1730,19896199,103025835290,5150,5250,5130,-20,-0.39,5180,30,0.58,5090,5260,1400-4-21,2021-07-12
171,غبهار,كشت وصنعت بهاران گلبهار خراسان,1724,3011616,55942161435,19043,18926,18472,-571,-3,18575,-468,-2.46,18472,18926,1400-4-21,2021-07-12
172,البرز,بيمه البرز,1701,20935037,98096232703,4691,4780,4615,-76,-1.62,4686,-5,-0.11,4615,4800,1400-4-21,2021-07-12
173,ديرانح,ح . ‌ايران‌دارو,1701,6804602,84734504620,12130,12270,12530,400,3.3,12450,320,2.64,12010,12830,1400-4-21,2021-07-12
174,زنگان,صنعت روي زنگان,1675,985340,67366412350,67527,70900,66840,-687,-1.02,68369,842,1.25,65800,70900,1400-4-21,2021-07-12
175,كهمدا,شيشه‌ همدان‌,1663,8334807,81707747400,9630,9630,10000,370,3.84,9800,170,1.77,9360,10110,1400-4-21,2021-07-12
176,تبرك,گروه كارخانجات صنعتي تبرك,1649,5327158,75601605363,14277,14030,14000,-277,-1.94,14192,-85,-0.6,13802,14600,1400-4-21,2021-07-12
177,ثعمرا,عمران و توسعه شاهد,1634,6178883,66638855909,10656,10735,10719,63,0.59,10785,129,1.21,10570,10980,1400-4-21,2021-07-12
178,فجر,فولاد اميركبيركاشان,1630,6813751,249889546320,34960,36300,36660,1700,4.86,36670,1710,4.89,35660,36700,1400-4-21,2021-07-12
179,وايران,ليزينگ ايرانيان,1625,17853736,130525464450,6980,7120,7320,340,4.87,7310,330,4.73,7030,7320,1400-4-21,2021-07-12
180,شتوكا,توكا رنگ فولاد سپاهان,1620,2573601,80847809782,31390,31700,31991,601,1.91,31414,24,0.08,30300,32490,1400-4-21,2021-07-12
181,بزاگرس,نيروگاه زاگرس كوثر,1620,15003318,79680609413,5463,5260,5190,-273,-5,5311,-152,-2.78,5190,5460,1400-4-21,2021-07-12
182,آگاس,صندوق س.هستي بخش آگاه-س,1616,1542651,112812501537,72162,72900,72750,588,0.81,73129,967,1.34,72490,73680,1400-4-21,2021-07-12
183,وآوا,سرمايه گذاري آوا نوين,1601,10688562,61860471359,5830,5790,5771,-59,-1.01,5788,-42,-0.72,5660,5888,1400-4-21,2021-07-12
184,همراه,شركت ارتباطات سيار ايران,1595,6104274,126179525210,20420,20680,20950,530,2.6,20670,250,1.22,20260,21090,1400-4-21,2021-07-12
185,داسوه,داروسازي‌ اسوه‌,1592,3650192,104438945360,27420,28780,28280,860,3.14,28610,1190,4.34,27510,28790,1400-4-21,2021-07-12
186,ساروم,سيمان‌اروميه‌,1589,7519309,254192963630,35160,35000,33410,-1750,-4.98,33810,-1350,-3.84,33410,35800,1400-4-21,2021-07-12
187,فمراد,آلومراد,1571,763879,53624309410,71150,72280,69510,-1640,-2.3,70200,-950,-1.34,69430,72280,1400-4-21,2021-07-12
188,زاگرس,پتروشيمي زاگرس,1564,419736,88267034136,204327,209900,211400,7073,3.46,209769,5442,2.66,208000,212000,1400-4-21,2021-07-12
189,سصوفي,سيمان‌ صوفيان‌,1562,9140523,160533924960,16860,17700,17390,530,3.14,17560,700,4.15,17110,17700,1400-4-21,2021-07-12
190,غديس,پاكديس,1561,11051336,148536487932,12936,13280,13582,646,4.99,13441,505,3.9,12880,13582,1400-4-21,2021-07-12
191,شصدف,صنعتي دوده فام,1554,242191,8920136721,35078,36831,36831,1753,5,36016,938,2.67,36831,36831,1400-4-21,2021-07-12
192,بشهاب,لامپ‌  پارس‌ شهاب‌,1553,727819,76250682520,108220,107000,102810,-5410,-5,104770,-3450,-3.19,102810,108470,1400-4-21,2021-07-12
193,ثپرديس,سرمايه گذاري مسكن پرديس,1532,6625205,41628964191,6316,6250,6203,-113,-1.79,6283,-33,-0.52,6175,6500,1400-4-21,2021-07-12
194,بكام,كارخانجات توليدي شهيد قندي,1530,18013495,50193082528,2794,2805,2763,-31,-1.11,2786,-8,-0.29,2756,2840,1400-4-21,2021-07-12
195,خصدرا,صنعتي‌ دريايي‌ ايران‌,1517,24747241,58144326076,2348,2330,2326,-22,-0.94,2350,2,0.09,2321,2390,1400-4-21,2021-07-12
196,وهور,مديريت انرژي اميد  تابان هور,1514,32414888,60565571885,1893,1890,1874,-19,-1,1868,-25,-1.32,1824,1920,1400-4-21,2021-07-12
197,كساپا,سايپاشيشه‌,1499,3649066,83081468470,23800,23210,22610,-1190,-5,22770,-1030,-4.33,22610,23500,1400-4-21,2021-07-12
198,فوكا,فولاد كاويان,1493,17170447,257696196437,15449,15400,14986,-463,-3,15008,-441,-2.85,14986,15400,1400-4-21,2021-07-12
199,آپ,آسان پرداخت پرشين,1492,12127362,232735101470,18310,18940,19220,910,4.97,19190,880,4.81,18500,19220,1400-4-21,2021-07-12
200,شغدير,پتروشيمي غدير,1484,2545831,171224726470,64550,64900,67750,3200,4.96,67260,2710,4.2,64900,67770,1400-4-21,2021-07-12
201,كفپارس,فرآورده‌هاي‌ نسوز پارس‌,1478,16895829,58347538895,3390,3441,3420,30,0.88,3453,63,1.86,3340,3555,1400-4-21,2021-07-12
202,دتوزيع,توزيع دارو پخش,1471,1981360,55423467105,28094,28750,27700,-394,-1.4,27972,-122,-0.43,27310,28750,1400-4-21,2021-07-12
203,آسيا,بيمه آسيا,1468,38054121,70252850428,1804,1845,1825,21,1.16,1846,42,2.33,1810,1885,1400-4-21,2021-07-12
204,وبيمه,سرمايه‌ گذاري‌ صنعت‌ بيمه‌,1463,29903252,56679196516,1923,1950,1877,-46,-2.39,1895,-28,-1.46,1846,1977,1400-4-21,2021-07-12
205,آ س پ,آ.س.پ,1453,4962501,48682538406,10018,9630,9569,-449,-4.48,9810,-208,-2.08,9530,10149,1400-4-21,2021-07-12
206,خموتور,موتورسازان‌تراكتورسازي‌ايران‌,1453,7813973,80243366450,10030,9940,10100,70,0.7,10270,240,2.39,9940,10530,1400-4-21,2021-07-12
207,بالاس,مهندسي ساختمان تاسيسات راه آهن,1449,2278530,81943333344,34579,35990,36307,1728,5,35963,1384,4,34581,36307,1400-4-21,2021-07-12
208,خرينگ,رينگ‌سازي‌مشهد,1448,2052065,73923505200,34880,35400,35500,620,1.78,36020,1140,3.27,35200,36600,1400-4-21,2021-07-12
209,نوين,بيمه نوين,1448,12946932,68693738497,5236,5260,5280,44,0.84,5306,70,1.34,5200,5451,1400-4-21,2021-07-12
210,لپارس,پارس‌ الكتريك‌,1444,769800,57945254500,75190,76490,74430,-760,-1.01,75270,80,0.11,74020,76490,1400-4-21,2021-07-12
211,غپينو,پارس‌ مينو,1444,8688359,51689072610,6020,6000,5860,-160,-2.66,5950,-70,-1.16,5850,6090,1400-4-21,2021-07-12
212,خفولا,خدمات فني فولاد يزد,1444,4340452,131833761949,40624,30000,30800,-9824,-24.18,30373,-10251,-25.23,29100,30900,1400-4-21,2021-07-12
213,سپاها,سيمان‌سپاهان‌,1440,9103873,76399577650,8430,8830,8250,-180,-2.14,8390,-40,-0.47,8250,8830,1400-4-21,2021-07-12
214,خمحركه,نيرو محركه‌,1427,13927369,54686120939,3878,4000,3880,2,0.05,3927,49,1.26,3870,4000,1400-4-21,2021-07-12
215,رنيك,جنرال مكانيك,1426,5018602,113280486360,21625,21625,22210,585,2.71,22572,947,4.38,21625,22706,1400-4-21,2021-07-12
216,فرآور,فرآوري‌موادمعدني‌ايران‌,1409,3757723,119829404520,31220,31900,32280,1060,3.4,31890,670,2.15,31000,32680,1400-4-21,2021-07-12
217,وبوعلي,سرمايه‌گذاري‌بوعلي‌,1392,19846286,84686983658,4086,4135,4290,204,4.99,4267,181,4.43,4080,4290,1400-4-21,2021-07-12
218,فلوله,لوله‌وماشين‌سازي‌ايران‌,1391,4360928,75941384640,17970,18000,17080,-890,-4.95,17410,-560,-3.12,17080,18200,1400-4-21,2021-07-12
219,پاسا,ايران‌ياساتايرورابر,1389,7836218,167977362100,20620,21600,21170,550,2.67,21440,820,3.98,20720,21650,1400-4-21,2021-07-12
220,وتوكا,سرمايه‌گذاري‌توكافولاد(هلدينگ,1387,8770437,88151440840,10180,10160,9800,-380,-3.73,10050,-130,-1.28,9700,10440,1400-4-21,2021-07-12
221,ختور,رادياتور ايران‌,1383,5287106,88729355420,16210,16870,16650,440,2.71,16780,570,3.52,16300,17190,1400-4-21,2021-07-12
222,وملل,اعتباري ملل,1373,9738842,137634818548,13476,13900,14149,673,4.99,14133,657,4.88,13550,14149,1400-4-21,2021-07-12
223,قرنح,ح . پديده شيمي قرن,1359,3925726,94422095830,24140,24100,23890,-250,-1.04,24050,-90,-0.37,23800,24700,1400-4-21,2021-07-12
224,فنورد,نوردوقطعات‌ فولادي‌,1358,438900,90749092060,199700,208900,201300,1600,0.8,206760,7060,3.54,199000,209680,1400-4-21,2021-07-12
225,ونفت,سرمايه‌گذاري‌ صنعت‌ نفت‌,1339,4148803,66200272970,16230,16010,15970,-260,-1.6,15960,-270,-1.66,15570,16320,1400-4-21,2021-07-12
226,ولساپا,ليزينگ رايان‌ سايپا,1333,25711445,75910993305,2966,2940,2915,-51,-1.72,2952,-14,-0.47,2880,3017,1400-4-21,2021-07-12
227,زشگزا,شير و گوشت زاگرس شهركرد,1325,8001825,50187261252,6439,6450,6160,-279,-4.33,6272,-167,-2.59,6118,6500,1400-4-21,2021-07-12
228,پدرخش,درخشان‌ تهران‌,1315,2519154,68181043500,27880,27210,26490,-1390,-4.99,27070,-810,-2.91,26490,28260,1400-4-21,2021-07-12
229,شسينا,صنايع‌شيميايي‌سينا,1314,575861,45629974240,81440,81990,78930,-2510,-3.08,79240,-2200,-2.7,78120,81990,1400-4-21,2021-07-12
230,شاوان,پالايش نفت لاوان,1314,11839033,1049655797476,84588,85298,88817,4229,5,88661,4073,4.82,84060,88817,1400-4-21,2021-07-12
231,لخزر,پارس‌ خزر,1311,553310,70838815060,126760,127300,131490,4730,3.73,128030,1270,1,122140,133090,1400-4-21,2021-07-12
232,وصنعت,سرمايه گذاري توسعه صنعت وتجارت,1293,8988734,50946609170,5610,5660,5600,-10,-0.18,5670,60,1.07,5570,5790,1400-4-21,2021-07-12
233,كسعدي,كاشي‌ سعدي‌,1287,4635267,57483736950,12160,12200,12200,40,0.33,12400,240,1.97,11730,12700,1400-4-21,2021-07-12
234,زدشت,كشت و صنعت دشت خرم دره,1276,1965104,41249511230,21759,20887,20672,-1087,-5,20991,-768,-3.53,20672,21487,1400-4-21,2021-07-12
235,سخاش,سيمان‌خاش‌,1268,427513,43938099090,100680,105700,99990,-690,-0.69,102780,2100,2.09,98650,105700,1400-4-21,2021-07-12
236,دجابر,داروسازي‌ جابرابن‌حيان‌,1258,5009691,65848848920,13060,13210,12980,-80,-0.61,13140,80,0.61,12820,13410,1400-4-21,2021-07-12
237,شبصير,توليدات پتروشيمي قائد بصير,1243,1592843,138641095331,83225,84020,87386,4161,5,87040,3815,4.58,84020,87386,1400-4-21,2021-07-12
238,شپارس,بين‌ المللي‌ محصولات‌  پارس‌,1239,5863966,95380099020,15620,15500,16400,780,4.99,16270,650,4.16,15340,16400,1400-4-21,2021-07-12
239,كاسپين,داروسازي كاسپين تامين,1233,2681354,54439750904,20400,20530,20300,-100,-0.49,20303,-97,-0.48,19582,20900,1400-4-21,2021-07-12
240,سدور,سيمان‌ دورود,1228,6211320,52341784900,8410,8560,8280,-130,-1.55,8430,20,0.24,8250,8640,1400-4-21,2021-07-12
241,تاصيكو,سرمايه گذاري صدرتامين,1225,11883856,125087101220,10450,10320,10360,-90,-0.86,10530,80,0.77,10320,10730,1400-4-21,2021-07-12
242,دزهراوي,داروسازي‌زهراوي‌,1225,6755057,44068380590,6640,6580,6490,-150,-2.26,6520,-120,-1.81,6450,6620,1400-4-21,2021-07-12
243,كسرا,سراميك‌هاي‌صنعتي‌اردكان‌,1224,7363045,110067921830,14700,14560,15070,370,2.52,14950,250,1.7,14560,15200,1400-4-21,2021-07-12
244,قرن,پديده شيمي قرن,1212,1227571,39961445180,32990,32990,32370,-620,-1.88,32550,-440,-1.33,32100,33390,1400-4-21,2021-07-12
245,كوثر,بيمه كوثر,1206,5703728,83713791371,14232,14450,14542,310,2.18,14677,445,3.13,14400,14896,1400-4-21,2021-07-12
246,وثوق,سرمايه گذاري وثوق امين,1206,3697217,60714297153,16343,15900,16833,490,3,16422,79,0.48,15900,16833,1400-4-21,2021-07-12
247,سهرمز,سيمان‌هرمزگان‌,1202,2164861,45603824510,21960,22300,20870,-1090,-4.96,21070,-890,-4.05,20870,22300,1400-4-21,2021-07-12
248,شلرد,كود شيميايي اوره لردگان,1198,22395429,155908523657,6763,6797,6965,202,2.99,6962,199,2.94,6797,6965,1400-4-21,2021-07-12
249,پكوير,كوير تاير,1189,4802121,69263883300,14710,14900,14400,-310,-2.11,14420,-290,-1.97,14020,14950,1400-4-21,2021-07-12
250,فسپا,گروه‌صنعتي‌سپاهان‌,1186,2553635,120270173000,46920,47900,46940,20,0.04,47100,180,0.38,45800,48400,1400-4-21,2021-07-12
251,وسنا,سرمايه گذاري نيروگاهي ايران,1179,4843556,73138217626,15334,15478,14874,-460,-3,15100,-234,-1.53,14874,15500,1400-4-21,2021-07-12
252,دتوليدح,ح. داروسازي توليد دارو,1172,3885395,42155520399,11108,10750,10700,-408,-3.67,10850,-258,-2.32,10553,11225,1400-4-21,2021-07-12
253,خاهن,آهنگري‌ تراكتورسازي‌ ايران‌,1170,5560851,48869258120,8930,8920,8730,-200,-2.24,8790,-140,-1.57,8620,9050,1400-4-21,2021-07-12
254,مارون,پتروشيمي مارون,1166,756252,130230535742,164472,167000,172695,8223,5,172205,7733,4.7,165500,172695,1400-4-21,2021-07-12
255,وپترو,سرمايه‌گذاري صنايع پتروشيمي‌,1164,4557197,64528344490,13980,14120,13900,-80,-0.57,14160,180,1.29,13800,14550,1400-4-21,2021-07-12
256,ورنا,سرمايه‌گذاري‌ رنا(هلدينگ‌,1158,12158180,59950074508,4885,4962,4820,-65,-1.33,4931,46,0.94,4803,5060,1400-4-21,2021-07-12
257,جم,پتروشيمي جم,1145,3125747,127528859690,39840,40090,40900,1060,2.66,40800,960,2.41,40000,41610,1400-4-21,2021-07-12
258,كمنگنز,معادن‌منگنزايران‌,1130,801261,53542566850,68050,67010,68370,320,0.47,66820,-1230,-1.81,65200,68550,1400-4-21,2021-07-12
259,فروس,فروسيليس‌ ايران‌,1124,9823824,58108594850,5700,5890,5820,120,2.11,5920,220,3.86,5710,5980,1400-4-21,2021-07-12
260,فباهنر,مس‌ شهيدباهنر,1113,1986791,42575952550,21360,21760,21200,-160,-0.75,21430,70,0.33,21100,21940,1400-4-21,2021-07-12
261,ولشرق,ليزينگ ايران و شرق,1096,6355542,40034620344,6262,6330,6148,-114,-1.82,6299,37,0.59,6140,6500,1400-4-21,2021-07-12
262,شخارك,پتروشيمي‌ خارك‌,1090,1278536,64589470910,50150,50940,50370,220,0.44,50380,230,0.46,50120,50940,1400-4-21,2021-07-12
263,چافست,افست‌,1084,2158856,30415212840,14150,14350,13970,-180,-1.27,14090,-60,-0.42,13800,14350,1400-4-21,2021-07-12
264,مرقام,ايران‌ارقام‌,1081,3884405,64050341170,16190,16270,16310,120,0.74,16490,300,1.85,16000,16780,1400-4-21,2021-07-12
265,سشرق,سيمان‌ شرق‌,1072,9586194,69696219220,7310,7400,7250,-60,-0.82,7270,-40,-0.55,7130,7410,1400-4-21,2021-07-12
266,بهپاك,صنعتي بهپاك,1059,10660439,78308764330,7128,7280,7350,222,3.11,7346,218,3.06,7100,7484,1400-4-21,2021-07-12
267,شنفت,نفت‌ پارس‌,1059,1320536,73339099920,54630,55700,55750,1120,2.05,55540,910,1.67,53010,57360,1400-4-21,2021-07-12
268,والبر,سرمايه‌ گذاري‌ البرز(هلدينگ‌,1050,3837976,35459035380,9300,9500,9110,-190,-2.04,9240,-60,-0.65,9100,9500,1400-4-21,2021-07-12
269,سيدكو,سرمايه گذاري توسعه صنايع سيمان,1047,9511141,66074529390,6920,6970,6750,-170,-2.46,6950,30,0.43,6700,7230,1400-4-21,2021-07-12
270,پرداخت,به پرداخت ملت,1046,2144294,44364102140,21500,21380,20430,-1070,-4.98,20690,-810,-3.77,20430,21380,1400-4-21,2021-07-12
271,ساراب,سيمان‌ داراب‌,1044,2097646,41535670510,20220,20160,19660,-560,-2.77,19800,-420,-2.08,19470,20340,1400-4-21,2021-07-12
272,چكارن,كارتن‌ ايران‌,1043,12317138,35251661438,2769,2769,2832,63,2.28,2862,93,3.36,2769,2906,1400-4-21,2021-07-12
273,درهآور,دارويي ره آورد تامين,1042,2081809,57200948209,28340,28000,27850,-490,-1.73,27477,-863,-3.05,26923,29000,1400-4-21,2021-07-12
274,وبشهر,توسعه‌ صنايع‌ بهشهر(هلدينگ,1041,5684705,65629513250,11890,12000,11390,-500,-4.21,11540,-350,-2.94,11300,12000,1400-4-21,2021-07-12
275,وصندوق,سرمايه‌گذاري‌صندوق‌بازنشستگي‌,1037,11042894,186849653590,16560,16700,16940,380,2.29,16920,360,2.17,16490,17150,1400-4-21,2021-07-12
276,ريشمك,توليد و صادرات ريشمك,1034,1000205,44377865167,44099,43580,43203,-896,-2.03,44369,270,0.61,43150,46000,1400-4-21,2021-07-12
277,وساخت,سرمايه‌ گذاري‌ ساختمان‌ايران‌,1033,986019,49390954240,51020,51000,49390,-1630,-3.19,50090,-930,-1.82,49320,51700,1400-4-21,2021-07-12
278,خاذين,سايپاآذين‌,1023,15953712,51706316800,3205,3299,3240,35,1.09,3241,36,1.12,3125,3348,1400-4-21,2021-07-12
279,گكوثر,هتل پارسيان كوثر اصفهان,1013,13984199,34724212043,2498,2519,2450,-48,-1.92,2483,-15,-0.6,2431,2538,1400-4-21,2021-07-12
280,سكرد,سيمان كردستان,1007,5853049,38164297040,6420,6700,6390,-30,-0.47,6520,100,1.56,6360,6700,1400-4-21,2021-07-12
281,تسه0003,امتيازتسهيلات مسكن خرداد1400,1006,26273,15814199674,600682,605000,600001,-681,-0.11,601918,1236,0.21,583900,605000,1400-4-21,2021-07-12
282,پارند,صندوق س. پارند پايدار سپهر,1005,30760052,342834617540,11139,11145,11145,6,0.05,11145,6,0.05,11145,11147,1400-4-21,2021-07-12
283,شراز,پالايش نفت شيراز,1003,2101784,237815705903,107790,109107,113179,5389,5,113149,5359,4.97,109107,113179,1400-4-21,2021-07-12
284,قاسم,قاسم ايران,1001,3674531,35479834608,9740,9930,9554,-186,-1.91,9656,-84,-0.86,9552,9930,1400-4-21,2021-07-12
285,شيراز,پتروشيمي‌شيراز,1000,2735989,163882475510,59100,59650,59620,520,0.88,59900,800,1.35,59200,60600,1400-4-21,2021-07-12
286,فلامي,لاميران‌,992,1105883,29696863800,27230,27600,26320,-910,-3.34,26850,-380,-1.4,25880,27600,1400-4-21,2021-07-12
287,زشريف,كشت وصنعت شريف آباد,990,8178941,38307322122,4742,4700,4698,-44,-0.93,4684,-58,-1.22,4581,4800,1400-4-21,2021-07-12
288,اوان,مبين وان كيش,986,1484304,61902490144,41739,42500,41703,-36,-0.09,41705,-34,-0.08,40780,42500,1400-4-21,2021-07-12
289,سيمرغ,سيمرغ,983,2605033,43995596580,16980,17300,16700,-280,-1.65,16890,-90,-0.53,16500,17480,1400-4-21,2021-07-12
290,تپمپي,پمپ‌ سازي‌ ايران‌,975,1898146,32949129940,17280,17880,16990,-290,-1.68,17360,80,0.46,16420,18000,1400-4-21,2021-07-12
291,سغرب,سيمان‌غرب‌,972,3865831,93902153880,23260,24100,24420,1160,4.99,24290,1030,4.43,23500,24420,1400-4-21,2021-07-12
292,غصينو,صنعتي مينو,966,1565169,91436721963,57554,57600,58100,546,0.95,58353,799,1.39,57600,59281,1400-4-21,2021-07-12
293,وشهر,بانك شهر,966,6647434,42542273839,6220,6400,6400,180,2.89,6400,180,2.89,6267,6468,1400-4-21,2021-07-12
294,قشير,قند شيروان قوچان و بجنورد,965,3095468,55094258106,16959,17798,17806,847,4.99,17798,839,4.95,17599,17806,1400-4-21,2021-07-12
295,دشيمي,شيمي‌ داروئي‌ داروپخش‌,959,1315046,29259041020,22710,23000,21960,-750,-3.3,22250,-460,-2.03,21820,23000,1400-4-21,2021-07-12
296,رتاپ,تجارت الكترونيك  پارسيان,954,5551681,31773119730,5810,5800,5640,-170,-2.93,5720,-90,-1.55,5620,5850,1400-4-21,2021-07-12
297,دفارا,داروسازي‌ فارابي‌,954,1705835,68168148450,39240,39800,40000,760,1.94,39960,720,1.83,39350,40300,1400-4-21,2021-07-12
298,افرا,افرانت,951,1967728,49379322588,24173,24400,25381,1208,5,25095,922,3.81,23450,25381,1400-4-21,2021-07-12
299,تاپكيش,تجارت الكترونيك پارسيان كيش,946,6448294,89345286650,13221,13870,13882,661,5,13856,635,4.8,13633,13882,1400-4-21,2021-07-12
300,هرمز,فولاد هرمزگان جنوب,929,5171704,80176125515,15322,15365,15449,127,0.83,15443,121,0.79,15332,15700,1400-4-21,2021-07-12
301,كاما,باما,928,14304480,155060563200,10330,10840,10840,510,4.94,10840,510,4.94,10840,10840,1400-4-21,2021-07-12
302,خكاوه,سايپا ديزل,917,16276995,61675923176,3683,3750,3793,110,2.99,3789,106,2.88,3695,3793,1400-4-21,2021-07-12
303,تكمبا,كمباين‌ سازي‌ ايران‌,911,3935136,27110694850,6870,6940,6780,-90,-1.31,6890,20,0.29,6670,7060,1400-4-21,2021-07-12
304,قصفها,قنداصفهان‌,898,429271,39625881110,89310,93570,91200,1890,2.12,92310,3000,3.36,90000,93680,1400-4-21,2021-07-12
305,كرماشا,صنايع پتروشيمي كرمانشاه,890,1369310,55686001770,41070,41500,39770,-1300,-3.17,40680,-390,-0.95,39520,41940,1400-4-21,2021-07-12
306,والبرح,ح . سرمايه گذاري‌البرز(هلدينگ‌,888,2056034,15946924925,7678,7850,7601,-77,-1,7756,78,1.02,7600,7950,1400-4-21,2021-07-12
307,سمازن,سيمان‌مازندران‌,883,4157355,56383822990,13660,13680,13400,-260,-1.9,13560,-100,-0.73,13310,14000,1400-4-21,2021-07-12
308,سقاين,سيمان‌ قائن‌,874,806418,44746581510,54000,56700,54680,680,1.26,55490,1490,2.76,54240,56700,1400-4-21,2021-07-12
309,اعتلا,شركت سرمايه گذاري اعتلاء البرز,872,4101972,31516333881,7645,7831,7550,-95,-1.24,7683,38,0.5,7460,7920,1400-4-21,2021-07-12
310,سخوز,سيمان خوزستان,871,1240029,31518533180,25860,26130,24800,-1060,-4.1,25420,-440,-1.7,24670,26450,1400-4-21,2021-07-12
311,دامين,داروسازي‌ امين‌,868,11446266,44834499589,3844,3990,3930,86,2.24,3917,73,1.9,3845,4028,1400-4-21,2021-07-12
312,داوه,داروسازي آوه سينا,866,1902213,32598939654,17201,17449,16900,-301,-1.75,17137,-64,-0.37,16702,17449,1400-4-21,2021-07-12
313,كنور,توسعه معدني و صنعتي صبانور,864,1188779,69688240290,58030,57550,58390,360,0.62,58620,590,1.02,57500,59970,1400-4-21,2021-07-12
314,دروز,داروسازي‌ روزدارو,859,1575479,44182513050,28700,29650,28390,-310,-1.08,28040,-660,-2.3,27270,29650,1400-4-21,2021-07-12
315,معيار ,سرمايه گذاري معيار صنعت پارس,858,968196,42369152431,43899,42831,41711,-2188,-4.98,43761,-138,-0.31,41711,45380,1400-4-21,2021-07-12
316,ونيكي,سرمايه‌گذاري‌ ملي‌ايران‌,854,5366577,52967242890,9770,10090,9750,-20,-0.2,9850,80,0.82,9600,10090,1400-4-21,2021-07-12
317,دكوثر,داروسازي‌ كوثر,843,5329715,29135864130,5250,5350,5450,200,3.81,5470,220,4.19,5350,5510,1400-4-21,2021-07-12
318,كپارس,كاشي‌ پارس‌,836,389072,47011463990,117500,123370,118000,500,0.43,120830,3330,2.83,117500,124000,1400-4-21,2021-07-12
319,شپترو,پتروشيمي آبادان,831,10901645,52831540619,4784,4816,4775,-9,-0.19,4846,62,1.3,4767,4915,1400-4-21,2021-07-12
320,ومهان,گروه توسعه مالي مهر آيندگان,829,4523041,62652660990,13721,13813,13770,49,0.36,13852,131,0.95,13721,14150,1400-4-21,2021-07-12
321,غپآذر,شير پگاه آذربايجان شرقي,823,932844,38979760014,42329,42500,41770,-559,-1.32,41786,-543,-1.28,40215,42888,1400-4-21,2021-07-12
322,سرچشمه,سرمايه گذاري مس سرچشمه,822,6290233,46723174521,7318,7270,7370,52,0.71,7428,110,1.5,7214,7550,1400-4-21,2021-07-12
323,سرود,سيمان‌شاهرود,816,2672261,61863548060,22690,22800,22830,140,0.62,23150,460,2.03,22400,23820,1400-4-21,2021-07-12
324,غچين,كشت‌ و صنعت‌ چين‌ چين,815,2699007,41303119780,15510,15300,15100,-410,-2.64,15300,-210,-1.35,15010,15750,1400-4-21,2021-07-12
325,دسانكوح,ح . داروسازي سبحان انكولوژي,814,3498659,27990238827,7659,7660,8041,382,4.99,8000,341,4.45,7660,8041,1400-4-21,2021-07-12
326,كروي,توسعه‌ معادن‌ روي‌ ايران‌,812,2105418,50974549430,24640,25030,24070,-570,-2.31,24210,-430,-1.75,23800,25030,1400-4-21,2021-07-12
327,دبالك,مواد اوليه دارويي البرز بالك,812,2597364,42663324245,16474,16971,16170,-304,-1.85,16426,-48,-0.29,16030,16971,1400-4-21,2021-07-12
328,قمرو,قند مرودشت‌,804,1621583,43452056810,25780,26940,27060,1280,4.97,26800,1020,3.96,26010,27060,1400-4-21,2021-07-12
329,ديران,ايران‌دارو,803,2754787,46913560880,16280,16990,17090,810,4.98,17030,750,4.61,16500,17090,1400-4-21,2021-07-12
330,غبهنوش,بهنوش‌ ايران‌,801,540097,34155746190,63690,65940,62450,-1240,-1.95,63240,-450,-0.71,61710,65940,1400-4-21,2021-07-12
331,ضخود7075,اختيارخ خودرو-2000-1400/07/07,793,27650,9864413000,350,370,350,0,0,357,7,2,335,380,1400-4-21,2021-07-12
332,نمرينو,ايران‌ مرينوس‌,784,608792,56218285070,88500,89900,92920,4420,4.99,92340,3840,4.34,88550,92920,1400-4-21,2021-07-12
333,چكاوه,صنايع‌كاغذسازي‌كاوه‌,783,1860414,25233173510,14000,14550,13320,-680,-4.86,13560,-440,-3.14,13300,14550,1400-4-21,2021-07-12
334,رانفور,خدمات‌انفورماتيك‌,781,5811002,36013301110,6160,6200,6160,0,0,6180,20,0.32,6120,6300,1400-4-21,2021-07-12
335,بمپنا,توليد برق عسلويه  مپنا,778,558198,41085224849,73812,74820,72460,-1352,-1.83,73603,-209,-0.28,71020,75400,1400-4-21,2021-07-12
336,وتوس,توسعه‌شهري‌توس‌گستر,777,2484310,32963642550,12690,13300,13320,630,4.96,13270,580,4.57,12940,13320,1400-4-21,2021-07-12
337,ختراك,ريخته‌گري‌ تراكتورسازي‌ ايران‌,774,2497374,33475256450,13430,13890,13440,10,0.07,13400,-30,-0.22,13230,13940,1400-4-21,2021-07-12
338,وخاور,بانك خاورميانه,772,11910338,115468992190,9510,9640,9700,190,2,9690,180,1.89,9470,9740,1400-4-21,2021-07-12
339,تكنو,تكنوتار,767,2091868,33900307390,16010,16360,15630,-380,-2.37,16210,200,1.25,15530,16730,1400-4-21,2021-07-12
340,كقزوي,شيشه‌ قزوين‌,764,6271881,48140758802,7460,7683,7683,223,2.99,7676,216,2.9,7500,7683,1400-4-21,2021-07-12
341,زفكا,كشت و دامداري فكا,756,3343839,34423583246,10246,10349,10250,4,0.04,10295,49,0.48,10100,10586,1400-4-21,2021-07-12
342,توريل,توكاريل,752,3020503,45648035185,14606,14630,14862,256,1.75,15113,507,3.47,14401,15296,1400-4-21,2021-07-12
343,پاكشو,گروه صنعتي پاكشو,752,4835710,26512515980,5530,5620,5400,-130,-2.35,5520,-10,-0.18,5390,5640,1400-4-21,2021-07-12
344,گوهران,سرمايه گذاري توسعه گوهران اميد,748,18411318,102332408406,5296,5560,5450,154,2.91,5558,262,4.95,5401,5560,1400-4-21,2021-07-12
345,شپاس,نفت پاسارگاد,746,5986972,106609292527,17851,17769,17400,-451,-2.53,17807,-44,-0.25,17200,18020,1400-4-21,2021-07-12
346,وسكرشا,س.سهام عدالت استان كرمانشاه,745,34486007,39107597469,1260,1134,1134,-126,-10,1134,-126,-10,1134,1135,1400-4-21,2021-07-12
347,فسرب,ملي‌ سرب‌وروي‌ ايران‌,745,576793,41082797270,70570,70570,70930,360,0.51,71230,660,0.94,69450,73000,1400-4-21,2021-07-12
348,بنو,بيمه تجارت نو,742,3074884,74113355864,22968,24116,24116,1148,5,24103,1135,4.94,23850,24116,1400-4-21,2021-07-12
349,شكلر,نيروكلر,734,1220513,38368408040,32340,31800,31430,-910,-2.81,31440,-900,-2.78,30730,33100,1400-4-21,2021-07-12
350,كگاز,شيشه‌ و گاز,733,2571340,39450479720,14660,15010,15390,730,4.98,15340,680,4.64,15000,15390,1400-4-21,2021-07-12
351,شوينده,مديريت صنعت شوينده ت.ص.بهشهر,731,2614968,63059348340,24060,24490,24300,240,1,24110,50,0.21,23830,24660,1400-4-21,2021-07-12
352,اميد,تامين سرمايه اميد,729,6071981,38485937870,6270,6300,6270,0,0,6340,70,1.12,6210,6490,1400-4-21,2021-07-12
353,فايرا,آلومينيوم‌ايران‌,726,2717860,42752767320,15600,15800,15600,0,0,15690,90,0.58,15510,15900,1400-4-21,2021-07-12
354,خچرخش,چرخشگر,718,1718748,18996848240,11100,10840,11030,-70,-0.63,11050,-50,-0.45,10840,11390,1400-4-21,2021-07-12
355,پلاسك,پلاسكوكار,715,3239993,23386582430,7030,7190,7230,200,2.84,7220,190,2.7,7080,7340,1400-4-21,2021-07-12
356,غويتا,ويتانا,709,7448665,75664603470,9718,10000,10203,485,4.99,10158,440,4.53,9942,10203,1400-4-21,2021-07-12
357,سمايه,بانك سرمايه,708,3981959,16804575732,4125,4247,4243,118,2.86,4220,95,2.3,4137,4248,1400-4-21,2021-07-12
358,غمينو,شركت صنايع غذايي مينو شرق,707,2755424,22821869105,8348,8400,8170,-178,-2.13,8283,-65,-0.78,8151,8439,1400-4-21,2021-07-12
359,غشهداب,كشت و صنعت شهداب ناب خراسان,701,8574408,27964068768,3247,3300,3249,2,0.06,3261,14,0.43,3220,3395,1400-4-21,2021-07-12
360,خبازرس,بازرسي مهندسي و صنعتي ايران,695,1923569,49471860963,25117,24980,25870,753,3,25719,602,2.4,24364,25870,1400-4-21,2021-07-12
361,ددام,داروسازي زاگرس فارمد پارس,695,1889129,24831460180,13430,13980,13120,-310,-2.31,13140,-290,-2.16,12800,13980,1400-4-21,2021-07-12
362,ثتران,سرمايه گذاري مسكن تهران,690,7454983,25100141982,3401,3450,3289,-112,-3.29,3367,-34,-1,3260,3490,1400-4-21,2021-07-12
363,آوا,صندوق س.سهام آواي معيار-س,689,3617281,25459561100,7075,7119,6990,-85,-1.2,7038,-37,-0.52,6944,7122,1400-4-21,2021-07-12
364,واتي,سرمايه‌ گذاري‌ آتيه‌ دماوند,683,6956469,80902502460,11620,11800,11800,180,1.55,11630,10,0.09,11300,11800,1400-4-21,2021-07-12
365,وصنا,گروه‌صنايع‌بهشهرايران‌,682,8056780,43468421450,5480,5580,5440,-40,-0.73,5400,-80,-1.46,5280,5650,1400-4-21,2021-07-12
366,مفاخر,توسعه فناوري اطلاعات خوارزمي,671,1646065,69793480540,40412,42000,42432,2020,5,42400,1988,4.92,40495,42432,1400-4-21,2021-07-12
367,شدوص,دوده‌ صنعتي‌ پارس‌,670,2430550,46080750710,19120,18900,19100,-20,-0.1,18960,-160,-0.84,18700,19250,1400-4-21,2021-07-12
368,كارين,صندوق س نگين سامان-ثابت,669,27160959,274832304217,10114,10118,10119,5,0.05,10119,5,0.05,10118,10120,1400-4-21,2021-07-12
369,شبهرن,نفت‌ بهران‌,662,2188354,26889699560,12150,12330,12200,50,0.41,12210,60,0.49,12190,12490,1400-4-21,2021-07-12
370,غشاذر,پگاه‌آذربايجان‌غربي‌,659,3499907,25616778660,7350,7450,7270,-80,-1.09,7320,-30,-0.41,7260,7460,1400-4-21,2021-07-12
371,فسازان,غلتك سازان سپاهان,652,1506920,50645304890,33260,32510,32850,-410,-1.23,33610,350,1.05,32510,34040,1400-4-21,2021-07-12
372,ثمسكن,سرمايه‌گذاري‌ مسكن‌,651,5293512,25778762423,4771,4950,4800,29,0.61,4870,99,2.08,4701,4989,1400-4-21,2021-07-12
373,فسا,پتروشيمي فسا,651,9221598,13627247455,1515,1491,1470,-45,-2.97,1478,-37,-2.44,1470,1515,1400-4-21,2021-07-12
374,سدشت,صنايع سيمان دشتستان,646,427140,24856906960,58600,59990,56730,-1870,-3.19,58230,-370,-0.63,56280,59990,1400-4-21,2021-07-12
375,گشان,توسعه بين المللي پديده شانديز,645,2225402,54029565447,23810,24286,24286,476,2,24279,469,1.97,23920,24286,1400-4-21,2021-07-12
376,غگلپا,شير پاستوريزه پگاه گلپايگان,643,591664,36680081757,60207,60735,61990,1783,2.96,61995,1788,2.97,59900,63214,1400-4-21,2021-07-12
377,سكرما,سيمان‌ كرمان‌,641,3298245,54005417320,15850,16640,16000,150,0.95,16370,520,3.28,15810,16640,1400-4-21,2021-07-12
378,لوتوس,تامين سرمايه لوتوس پارسيان,640,5855821,47396372940,8060,8290,8100,40,0.5,8090,30,0.37,8000,8290,1400-4-21,2021-07-12
379,دانا,بيمه دانا,639,16064191,90072949800,5350,5550,5610,260,4.86,5610,260,4.86,5460,5610,1400-4-21,2021-07-12
380,كفرا,فراورده‌ هاي‌ نسوزايران‌,639,1462926,34010460150,23760,23730,22920,-840,-3.54,23250,-510,-2.15,22920,23730,1400-4-21,2021-07-12
381,وگردش,بانك گردشگري,631,1395276,20120669781,14172,14589,14435,263,1.86,14230,58,0.41,14218,14589,1400-4-21,2021-07-12
382,وايرا,سرمايه گذاري صنايع ايران,623,2511483,22875511127,9170,9613,9000,-170,-1.85,9108,-62,-0.68,8810,9613,1400-4-21,2021-07-12
383,خكمك,كمك‌فنرايندامين‌,621,1139133,21403587780,18670,18780,18410,-260,-1.39,18790,120,0.64,18340,19400,1400-4-21,2021-07-12
384,بفجر,فجر انرژي خليج فارس,619,1441463,37640755000,27140,27180,25790,-1350,-4.97,26570,-570,-2.1,25790,27500,1400-4-21,2021-07-12
385,صباح,ح . سرمايه گذاري صبا تامين,615,14160837,91442703659,6760,6850,6422,-338,-5,6457,-303,-4.48,6422,6850,1400-4-21,2021-07-12
386,لابسا,آبسال‌,608,1136169,42555846720,37720,36990,37420,-300,-0.8,37460,-260,-0.69,36620,38890,1400-4-21,2021-07-12
387,وسگيلا,شركت س استان گيلان,604,19191735,11676985924,625,595,613,-12,-1.92,620,-5,-0.8,595,621,1400-4-21,2021-07-12
388,دقاضي,داروسازي شهيد قاضي,602,854868,23101425198,26463,27256,26700,237,0.9,27023,560,2.12,26200,27256,1400-4-21,2021-07-12
389,شفارا,پتروشيمي فارابي,601,6896364,32768003273,4628,4680,4766,138,2.98,4751,123,2.66,4639,4766,1400-4-21,2021-07-12
390,فنوال,نورد آلومينيوم‌,599,1120567,27747848790,24530,24400,24400,-130,-0.53,24760,230,0.94,24220,25500,1400-4-21,2021-07-12
391,پخش,پخش البرز,595,2525719,51764172211,19550,20477,20527,977,5,20495,945,4.83,19595,20527,1400-4-21,2021-07-12
392,كمينا,شيشه سازي مينا,592,1083886,26469594546,24199,24924,24007,-192,-0.79,24421,222,0.92,24002,24924,1400-4-21,2021-07-12
393,ضخود7077,اختيارخ خودرو-3000-1400/07/07,588,29672,2411198000,80,86,77,-3,-3.75,81,1,1.25,77,87,1400-4-21,2021-07-12
394,خكرمان,گروه اقتصادي كرمان خودرو,587,9621428,34621627448,3567,3619,3595,28,0.78,3598,31,0.87,3540,3639,1400-4-21,2021-07-12
395,كخاك,صنايع‌خاك‌چيني‌ايران‌,586,880580,31134753350,34550,35300,35400,850,2.46,35360,810,2.34,34360,36250,1400-4-21,2021-07-12
396,لسرما,سرما آفرين‌,583,1348380,29362053190,21800,21250,21950,150,0.69,21780,-20,-0.09,21250,22200,1400-4-21,2021-07-12
397,فالوم,آلومتك‌,578,887284,20501238178,23276,23200,22960,-316,-1.36,23106,-170,-0.73,22700,23668,1400-4-21,2021-07-12
398,خشرق,الكتريك‌ خودرو شرق‌,576,1808681,21858250080,12040,12290,11980,-60,-0.5,12090,50,0.42,11860,12490,1400-4-21,2021-07-12
399,اپرداز,آتيه داده پرداز,573,1084170,21472087574,19996,20000,19770,-226,-1.13,19805,-191,-0.96,19600,20000,1400-4-21,2021-07-12
400,وسكاب,س.ص.بازنشستگي كاركنان بانكها,571,6622600,18850301006,2787,2837,2813,26,0.93,2846,59,2.12,2802,2890,1400-4-21,2021-07-12
401,خوساز,محورسازان‌ايران‌خودرو,571,3458245,21514237610,6290,6310,6110,-180,-2.86,6220,-70,-1.11,6090,6390,1400-4-21,2021-07-12
402,وسرضوي,س.سهام عدالت استان خراسان رضوي,569,35368109,30982463484,922,876,876,-46,-4.99,909,-13,-1.41,876,876,1400-4-21,2021-07-12
403,وسپه,سرمايه‌گذاري‌ سپه‌,566,3909375,29748570650,7560,7430,7530,-30,-0.4,7600,40,0.53,7430,7800,1400-4-21,2021-07-12
404,سهگمت,سيمان‌هگمتان‌,561,1275093,32029433030,24660,25890,24470,-190,-0.77,25120,460,1.87,24120,25890,1400-4-21,2021-07-12
405,خريخت,صنايع‌ريخته‌گري‌ايران‌,558,6480585,20630522930,3196,3290,3179,-17,-0.53,3183,-13,-0.41,3121,3290,1400-4-21,2021-07-12
406,كطبس,ذغال‌سنگ‌ نگين‌ ط‌بس‌,557,859175,50465092970,57280,59000,58000,720,1.26,58740,1460,2.55,56610,59700,1400-4-21,2021-07-12
407,سفارس,سيمان فارس و خوزستان,556,4354053,93699220560,20500,21520,21520,1020,4.98,21520,1020,4.98,21520,21520,1400-4-21,2021-07-12
408,كگهر,سنگ آهن گهرزمين,556,1120494,48222611707,41058,43000,43000,1942,4.73,41807,749,1.82,42010,43110,1400-4-21,2021-07-12
409,وكار,بانك‌ كارآفرين‌,548,12713106,41671029788,3268,3279,3280,12,0.37,3276,8,0.24,3203,3298,1400-4-21,2021-07-12
410,وسرمد,بيمه  سرمد,546,4111053,22419077838,5362,5202,5522,160,2.98,5453,91,1.7,5202,5522,1400-4-21,2021-07-12
411,تكشا,گسترش‌صنايع‌وخدمات‌كشاورزي‌,541,1085835,33622260660,29020,30000,31500,2480,8.55,30960,1940,6.69,29200,31500,1400-4-21,2021-07-12
412,وتوسم,سرمايه‌گذاري‌توسعه‌ملي‌,537,3242887,26878138840,7960,7970,8250,290,3.64,8290,330,4.15,7970,8350,1400-4-21,2021-07-12
413,اطلس,صندوق س.توسعه اندوخته آينده-س,532,261337,60679768108,229587,231300,231980,2393,1.04,232190,2603,1.13,230001,234001,1400-4-21,2021-07-12
414,دتماد,توليدمواداوليه‌داروپخش‌,531,1043840,47447718420,45110,44970,44800,-310,-0.69,45450,340,0.75,43240,46490,1400-4-21,2021-07-12
415,فخاس,فولاد خراسان,527,602185,13974624510,23860,23400,22860,-1000,-4.19,23760,-100,-0.42,22750,23790,1400-4-21,2021-07-12
416,وسهمدا,شركت س استان همدان,527,21347256,13349180461,657,625,626,-31,-4.72,642,-15,-2.28,625,630,1400-4-21,2021-07-12
417,مدير,ص.س.مديريت ثروت ص.بازنشستگي-س,526,2738981,23524721269,8479,8470,8574,95,1.12,8589,110,1.3,8470,8670,1400-4-21,2021-07-12
418,حپارسا,توسعه حمل و نقل ريلي پارسيان,525,1330752,41919943300,30199,31349,31708,1509,5,31501,1302,4.31,30220,31708,1400-4-21,2021-07-12
419,وكادو,تكادو,521,2289730,43879760733,18628,19186,19186,558,3,19164,536,2.88,18910,19186,1400-4-21,2021-07-12
420,سشمال,سيمان‌ شمال‌,519,2047011,20361099990,9890,10300,9770,-120,-1.21,9950,60,0.61,9650,10310,1400-4-21,2021-07-12
421,شكربن,كربن‌ ايران‌,519,502840,45548973810,89830,90000,90700,870,0.97,90580,750,0.83,88010,92000,1400-4-21,2021-07-12
422,آكورد,صندوق س. آرمان آتي كوثر-د,515,9151815,302242976176,33009,33025,33032,23,0.07,33025,16,0.05,33025,33032,1400-4-21,2021-07-12
423,بساما,بيمه سامان,512,1947756,50373450291,24672,24900,25905,1233,5,25862,1190,4.82,24900,25905,1400-4-21,2021-07-12
424,دكيمي,كيميدارو,511,857980,19101839760,21640,22680,22290,650,3,22260,620,2.87,21260,22720,1400-4-21,2021-07-12
425,زگلدشت,كشت و دام گلدشت نمونه اصفهان,502,1459600,17506948907,12095,12130,11870,-225,-1.86,11994,-101,-0.84,11800,12400,1400-4-21,2021-07-12
426,تنوين,تامين سرمايه نوين,500,15946273,111303224250,6980,7050,7070,90,1.29,6980,0,0,6870,7070,1400-4-21,2021-07-12
427,ارزش,صندوق س ارزش آفرين بيدار-سهام,494,2714865,25234806390,9230,9230,9260,30,0.33,9300,70,0.76,9230,9370,1400-4-21,2021-07-12
428,قپيرا,فرآورده‌هاي‌غدايي‌وقندپيرانشهر,494,1717561,14607804740,8830,8500,8500,-330,-3.74,8500,-330,-3.74,8400,8840,1400-4-21,2021-07-12
429,واحصا,احياء صنايع خراسان,486,376139,15819979959,41238,42460,41920,682,1.65,42059,821,1.99,41560,42460,1400-4-21,2021-07-12
430,وتوشه,سرمايه‌ گذاري‌ پارس‌ توشه‌,481,5546709,35942270940,6500,6690,6430,-70,-1.08,6480,-20,-0.31,6320,6690,1400-4-21,2021-07-12
431,بموتو,موتوژن‌,479,622307,36507546100,57920,59800,58000,80,0.14,58660,740,1.28,57330,59800,1400-4-21,2021-07-12
432,قزوين,كارخانجات‌ قند قزوين‌,478,1348076,38959767660,27590,28550,28960,1370,4.97,28900,1310,4.75,27780,28960,1400-4-21,2021-07-12
433,غشهد,شهد ايران ‌,472,3080300,15140625050,4800,4830,4960,160,3.33,4920,120,2.5,4830,5000,1400-4-21,2021-07-12
434,وسگلستا,شركت س استان گلستان,471,26336360,26415414409,1055,1003,1003,-52,-4.93,1026,-29,-2.75,1003,1004,1400-4-21,2021-07-12
435,طلا,صندوق س.پشتوانه طلاي لوتوس,465,153677,11762439673,76615,76800,76590,-25,-0.03,76540,-75,-0.1,76100,76890,1400-4-21,2021-07-12
436,پرديس,سرمايه گذاري پرديس,464,2276597,11531589270,5060,5060,5010,-50,-0.99,5060,0,0,4980,5130,1400-4-21,2021-07-12
437,تسه0002,امتيازتسهيلاتمسكن ارديبهشت1400,455,7488,4489193407,597889,576059,599777,1888,0.32,599518,1629,0.27,576059,609990,1400-4-21,2021-07-12
438,شپاكسا,پاكسان‌,455,2047620,45241052030,22290,22000,21880,-410,-1.84,22090,-200,-0.9,21650,22490,1400-4-21,2021-07-12
439,شرانل,نفت ايرانول,455,407787,18512293800,45149,46500,45151,2,0,45275,126,0.28,44010,46500,1400-4-21,2021-07-12
440,فافزا,فولاد افزا سپاهان,455,454623,18315349679,41325,40860,40600,-725,-1.75,40287,-1038,-2.51,40086,41550,1400-4-21,2021-07-12
441,جم پيلن,پلي پروپيلن جم - جم پيلن,454,502643,40932067340,79200,80950,81050,1850,2.34,80600,1400,1.77,80110,82490,1400-4-21,2021-07-12
442,سفانو,سيمان فارس نو,450,906422,26747936350,29240,30400,29400,160,0.55,29510,270,0.92,28350,30500,1400-4-21,2021-07-12
443,دعبيد,لابراتوارداروسازي‌  دكترعبيدي‌,448,925364,24163441880,25670,26270,25850,180,0.7,25900,230,0.9,25760,26500,1400-4-21,2021-07-12
444,دسانكو,داروسازي سبحان انكولوژي,447,3687287,39772146537,10277,10780,10790,513,4.99,10786,509,4.95,10500,10790,1400-4-21,2021-07-12
445,تايرا,تراكتورسازي‌ايران‌,445,1103862,26547024090,24170,24260,23760,-410,-1.7,24070,-100,-0.41,23690,24270,1400-4-21,2021-07-12
446,ولبهمن,شركت بهمن ليزينگ,444,1896297,13466755659,7025,7062,7003,-22,-0.31,7092,67,0.95,7000,7290,1400-4-21,2021-07-12
447,فپنتا,سپنتا,440,63509,24946863900,399830,395000,395000,-4830,-1.21,392810,-7020,-1.76,386120,399990,1400-4-21,2021-07-12
448,وتعاون,بيمه  تعاون,440,2605853,12570597509,4941,4990,4793,-148,-3,4824,-117,-2.37,4793,4990,1400-4-21,2021-07-12
449,پارسيان,بيمه پارسيان,436,1935794,18314813140,9270,9600,9300,30,0.32,9460,190,2.05,9230,9600,1400-4-21,2021-07-12
450,سكه0012پ01,تمام سكه طرح جديد0012رفاه,434,147300,156043418600,1063411,1065799,1057500,-5911,-0.56,1059358,-4053,-0.38,1054000,1067500,1400-4-21,2021-07-12
451,غشوكو,شوكو پارس,433,612148,17129091500,27342,28162,28162,820,3,27982,640,2.34,27344,28162,1400-4-21,2021-07-12
452,دكپسول,توليد ژلاتين كپسول ايران,427,524752,16910612749,32655,31780,31910,-745,-2.28,32226,-429,-1.31,31780,33100,1400-4-21,2021-07-12
453,وثنو,سرمايه گذاري ساختماني نوين,427,4403984,21399179786,4985,4860,4836,-149,-2.99,4859,-126,-2.53,4836,4950,1400-4-21,2021-07-12
454,كشرق,صنعتي و معدني شمال شرق شاهرود,426,216890,14284166109,64119,65500,64900,781,1.22,65669,1550,2.42,63050,67190,1400-4-21,2021-07-12
455,غمارگ,مارگارين‌,424,843983,19114562210,22770,22770,22220,-550,-2.42,22650,-120,-0.53,22200,23150,1400-4-21,2021-07-12
456,كاريس,صندوق س.سپهر كاريزما-س,421,1819591,23361015853,12555,12570,12746,191,1.52,12839,284,2.26,12570,13000,1400-4-21,2021-07-12
457,وارس,سرمايه گذاري ارس صبا,415,1684057,23146794728,13785,13500,13800,15,0.11,13745,-40,-0.29,13395,13970,1400-4-21,2021-07-12
458,كي بي سي,شركت كي بي سي,413,789256,17924350045,22917,22910,22350,-567,-2.47,22710,-207,-0.9,22300,23230,1400-4-21,2021-07-12
459,بميلا,توسعه بازرگاني آهن وفولادميلاد,412,1735467,23675727718,13971,14001,13552,-419,-3,13642,-329,-2.35,13552,14001,1400-4-21,2021-07-12
460,ياقوت,صندوق س ياقوت آگاه-ثابت,410,1876638,23735346139,12645,12657,12658,13,0.1,12648,3,0.02,12642,12670,1400-4-21,2021-07-12
461,وسبحان,سرمايه گذاري سبحان,406,9942194,27213865300,2729,2700,2738,9,0.33,2737,8,0.29,2700,2799,1400-4-21,2021-07-12
462,كاردان,صندوق س تجارت شاخصي كاردان,406,214416,37422706270,172360,174900,173290,930,0.54,174530,2170,1.26,172300,178230,1400-4-21,2021-07-12
463,افران,صندوق س افرا نماد پايدار-ثابت,403,8067805,110940837941,13738,13750,13754,16,0.12,13751,13,0.09,13750,13754,1400-4-21,2021-07-12
464,دسبحا,گروه دارويي سبحان,402,1082685,18374572550,17190,16860,17000,-190,-1.11,17010,-180,-1.05,16410,17390,1400-4-21,2021-07-12
465,سباقر,سيمان باقران,402,1221143,19812920641,15969,16448,15969,0,0,16225,256,1.6,15969,16448,1400-4-21,2021-07-12
466,حسينا,توسعه خدمات دريايي وبندري سينا,398,340817,21335262597,63654,64000,62160,-1494,-2.35,62600,-1054,-1.66,62009,64000,1400-4-21,2021-07-12
467,ولملت,واسپاري ملت,395,1891173,10171834820,5380,5380,5300,-80,-1.49,5380,0,0,5170,5600,1400-4-21,2021-07-12
468,تشتاد,صنايع توليدي اشتاد ايران‌,393,1208194,8205353029,6771,6770,6779,8,0.12,6787,16,0.24,6727,6940,1400-4-21,2021-07-12
469,زر,صندوق س.پشتوانه سكه طلاي زر,390,1046789,48364226961,45831,45737,46522,691,1.51,46202,371,0.81,45737,47976,1400-4-21,2021-07-12
470,غبشهر,صنعتي‌ بهشهر,390,1099310,25842608800,23990,23100,23230,-760,-3.17,23550,-440,-1.83,23000,24210,1400-4-21,2021-07-12
471,شساخت,مهندسي و ساختمان صنايع نفت,386,1111974,44352337920,40865,40866,39640,-1225,-3,39886,-979,-2.4,39640,41779,1400-4-21,2021-07-12
472,وزمين,بانك ايران زمين,386,2205901,23054885214,10332,10700,10512,180,1.74,10451,119,1.15,10333,10700,1400-4-21,2021-07-12
473,واعتبار,سرمايه گذاري اعتبار ايران,386,3151694,22620412000,7150,7340,7340,190,2.66,7180,30,0.42,7020,7410,1400-4-21,2021-07-12
474,غشصفا,شيرپاستوريزه‌پگاه‌اصفهان‌,382,701427,16819091210,23890,23150,23480,-410,-1.72,23980,90,0.38,23150,24480,1400-4-21,2021-07-12
475,تسه9911,امتياز تسهيلات مسكن بهمن99,375,13867,8311976564,598620,583111,610000,11380,1.9,599407,787,0.13,583111,610000,1400-4-21,2021-07-12
476,حبندر,دريايي و کشتيراني خط دريابندر,374,436189,13291644322,30529,31440,29614,-915,-3,30472,-57,-0.19,29614,31440,1400-4-21,2021-07-12
477,دابور,داروسازي‌ ابوريحان‌,368,571083,19866200520,34980,33680,34300,-680,-1.94,34790,-190,-0.54,33680,35770,1400-4-21,2021-07-12
478,هجرت,پخش هجرت,362,963378,23057696411,23636,23500,23776,140,0.59,23934,298,1.26,23451,24200,1400-4-21,2021-07-12
479,تسه0001,امتيازتسهيلات مسكن فروردين1400,358,5402,3242874282,596785,600000,600000,3215,0.54,600310,3525,0.59,590000,609998,1400-4-21,2021-07-12
480,ومشان,س. فني و مهندسي مشانير,357,296241,19446236886,63749,65661,65661,1912,3,65643,1894,2.97,63800,65661,1400-4-21,2021-07-12
481,تصميم,صندوق س با درآمد ثابت تصميم,351,2153537,36210462898,16805,16815,16816,11,0.07,16814,9,0.05,16812,16816,1400-4-21,2021-07-12
482,واميد,گروه مديريت سرمايه گذاري اميد,350,2939748,30614710500,10190,10510,10190,0,0,10250,60,0.59,10170,10540,1400-4-21,2021-07-12
483,شگل,گلتاش‌,349,1539742,12300342710,8080,7900,7920,-160,-1.98,8010,-70,-0.87,7860,8260,1400-4-21,2021-07-12
484,دسبحان,سبحان دارو,347,771470,15359535520,19190,19000,20000,810,4.22,19900,710,3.7,19000,20140,1400-4-21,2021-07-12
485,فراز,صندوق س.سهام فراز داريك-س,347,2840922,33873935809,11697,11880,11950,253,2.16,11924,227,1.94,11880,11995,1400-4-21,2021-07-12
486,سبجنو,سيمان‌ بجنورد,345,426753,17082558440,39660,40700,40000,340,0.86,40030,370,0.93,39500,40900,1400-4-21,2021-07-12
487,دارو,كارخانجات‌داروپخش‌,341,940202,22694053340,24300,24120,23700,-600,-2.47,24140,-160,-0.66,23510,25000,1400-4-21,2021-07-12
488,سنوين,سرمايه گذاري اقتصاد نوين,340,1603520,14173994690,8623,8881,8760,137,1.59,8839,216,2.5,8760,8881,1400-4-21,2021-07-12
489,ضخود7076,اختيارخ خودرو-2500-1400/07/07,339,14443,2245322000,159,170,151,-8,-5.03,155,-4,-2.52,147,170,1400-4-21,2021-07-12
490,بخاور,بيمه زندگي خاورميانه,336,1345787,8017191823,5957,5880,5940,-17,-0.29,5957,0,0,5730,6100,1400-4-21,2021-07-12
491,شپلي,پلي اكريل ايران,325,6882460,65349604772,9540,9541,9350,-190,-1.99,9495,-45,-0.47,9350,9541,1400-4-21,2021-07-12
492,ركيش,كارت اعتباري ايران كيش,321,5149860,40256840770,7450,7820,7820,370,4.97,7820,370,4.97,7660,7820,1400-4-21,2021-07-12
493,شاملا,معدني‌ املاح‌  ايران‌,320,2594501,103075722000,37850,39150,39740,1890,4.99,39730,1880,4.97,39100,39740,1400-4-21,2021-07-12
494,تسه9910,امتياز تسهيلات مسكن دي99,320,19130,11466104283,598717,591111,595000,-3717,-0.62,599378,661,0.11,583000,600000,1400-4-21,2021-07-12
495,تسه9912,امتياز تسهيلات مسكن اسفند99,319,5234,3136149370,595278,586100,600000,4722,0.79,599188,3910,0.66,584000,609888,1400-4-21,2021-07-12
496,بنيرو,نيروترانس‌,319,21563368,58328910440,2577,2705,2705,128,4.97,2705,128,4.97,2705,2705,1400-4-21,2021-07-12
497,خراسان,پتروشيمي خراسان,308,855170,62119400860,71460,72000,72110,650,0.91,72640,1180,1.65,71060,73500,1400-4-21,2021-07-12
498,حخزر,كشتيراني درياي خزر,302,1740748,38404702593,21208,21680,22268,1060,5,22062,854,4.03,21680,22268,1400-4-21,2021-07-12
499,وپسا,س. پتروشيمي ساختمان  خليج فارس,300,6440582,12159818816,1851,1888,1888,37,2,1888,37,2,1888,1888,1400-4-21,2021-07-12
500,ما,بيمه  ما,296,1551552,12710469820,8030,8030,8210,180,2.24,8160,130,1.62,8030,8270,1400-4-21,2021-07-12
501,ضخود7078,اختيارخ خودرو-3500-1400/07/07,293,15118,633422000,42,43,41,-1,-2.38,42,0,0,39,45,1400-4-21,2021-07-12
502,قشرين,قند شيرين خراسان,292,3483677,46537911820,12971,13360,13360,389,3,13359,388,2.99,13350,13360,1400-4-21,2021-07-12
503,تماوند,تامين سرمايه دماوند,287,4410987,22574499896,5003,4902,5153,150,3,5118,115,2.3,4896,5153,1400-4-21,2021-07-12
504,تسه9908,امتياز تسهيلات مسكن آبان99,281,6794,4052591663,594489,591111,599899,5410,0.91,596496,2007,0.34,565000,601000,1400-4-21,2021-07-12
505,ثرود,سرمايه‌گذاري مسكن زاينده رود,279,1049843,21359055835,19377,20345,20345,968,5,20345,968,5,20345,20345,1400-4-21,2021-07-12
506,زپارس,ملي كشت و صنعت و دامپروري پارس,279,164540,19121718650,117390,116500,116990,-400,-0.34,116210,-1180,-1.01,111580,120000,1400-4-21,2021-07-12
507,سپ,پرداخت الكترونيك سامان كيش,270,393318,10782826210,27320,27200,27380,60,0.22,27340,20,0.07,27000,27840,1400-4-21,2021-07-12
508,حتايد,تايدواترخاورميانه,262,610805,16529611830,26430,27500,26800,370,1.4,26920,490,1.85,26140,27500,1400-4-21,2021-07-12
509,دلر,داروسازي‌ اكسير,261,1186632,38345043180,30900,31440,32440,1540,4.98,32310,1410,4.56,31000,32440,1400-4-21,2021-07-12
510,فيروزه,صندوق شاخص30 شركت فيروزه- سهام,260,93851,14339342550,152540,154000,152100,-440,-0.29,152790,250,0.16,151500,154000,1400-4-21,2021-07-12
511,كدماح,ح . معدني‌ دماوند,259,144827,22853607790,95410,158000,157600,62190,65.18,157800,62390,65.39,157600,158000,1400-4-21,2021-07-12
512,دسينا,داروسازي‌ سينا,254,743374,14252513560,19280,19040,19200,-80,-0.41,19180,-100,-0.52,18940,19490,1400-4-21,2021-07-12
513,پسهند,صنايع‌ لاستيكي‌  سهند,254,271814,8854115200,33000,33250,32370,-630,-1.91,32750,-250,-0.76,31790,33580,1400-4-21,2021-07-12
514,قهكمت,قندهكمتان‌,253,283620,10925063210,37870,37910,38220,350,0.92,38350,480,1.27,37910,39390,1400-4-21,2021-07-12
515,دفرا,فرآورده‌هاي‌ تزريقي‌ ايران‌,249,272252,7170674710,25620,26250,26270,650,2.54,25970,350,1.37,26000,26700,1400-4-21,2021-07-12
516,سيستم,همكاران سيستم,247,482299,13085054430,27200,27300,26700,-500,-1.84,27150,-50,-0.18,26700,27930,1400-4-21,2021-07-12
517,عيار,صندوق سكه طلاي مفيد,240,235368,6374196762,27146,27348,27008,-138,-0.51,27082,-64,-0.24,27000,27348,1400-4-21,2021-07-12
518,شجم,صنايع پتروشيمي تخت جمشيد,238,7072580,75563444720,10373,10684,10684,311,3,10684,311,3,10684,10684,1400-4-21,2021-07-12
519,سمتاز,سيمان ممتازان كرمان,237,304054,8599354347,28964,28830,28096,-868,-3,28446,-518,-1.79,28096,28964,1400-4-21,2021-07-12
520,درازك,دارويي‌ رازك‌,237,226882,7151195880,31200,30420,31000,-200,-0.64,31350,150,0.48,30420,32070,1400-4-21,2021-07-12
521,ثباغ,شهر سازي و خانه سازي باغميشه,236,679726,7522321284,10888,10562,10710,-178,-1.63,10975,87,0.8,10510,11432,1400-4-21,2021-07-12
522,تسه9909,امتياز تسهيلات مسكن آذر99,235,4224,2536464123,595341,591200,624999,29658,4.98,600489,5148,0.86,590001,624999,1400-4-21,2021-07-12
523,شرنگي,شيميايي رنگين,235,60167,12503299947,213624,213624,207216,-6408,-3,207810,-5814,-2.72,207216,216440,1400-4-21,2021-07-12
524,آساس,صندوق س.آسمان آرماني سهام-س,233,666448,110398020044,164764,164800,165000,236,0.14,165651,887,0.54,164764,166000,1400-4-21,2021-07-12
525,پخشح,ح. پخش البرز,232,1508119,26391608144,16679,17511,17512,833,4.99,17500,821,4.92,16755,17512,1400-4-21,2021-07-12
526,ولتجار,واسپاري تجارت وسرمايه ايرانيان,231,1280194,9865429534,7507,7732,7732,225,3,7689,182,2.42,7611,7732,1400-4-21,2021-07-12
527,وبهمن,سرمايه‌گذاري‌بهمن‌,230,478718,6273920210,13290,13250,13000,-290,-2.18,13210,-80,-0.6,12660,13730,1400-4-21,2021-07-12
528,ضشنا8004,اختيارخ شپنا-10800-1400/08/16,227,2381,5569235000,2286,2302,2435,149,6.52,2339,53,2.32,2000,2487,1400-4-21,2021-07-12
529,پلوله,گازلوله‌,227,362026,10125511818,27202,28018,28018,816,3,27969,767,2.82,27250,28018,1400-4-21,2021-07-12
530,آساميد,صندوق س.مشترك آسمان اميد -د,219,6721199,82899575627,12326,12339,12339,13,0.11,12334,8,0.06,12332,12339,1400-4-21,2021-07-12
531,صايند,صندوق س. گنجينه آينده روشن-د,219,14748450,147778422160,10011,10030,10028,17,0.17,10020,9,0.09,10007,10030,1400-4-21,2021-07-12
532,دالبر,البرزدارو,214,571326,7760004660,13650,13180,13300,-350,-2.56,13620,-30,-0.22,13180,13970,1400-4-21,2021-07-12
533,زرين,صندوق س. سهام زرين كوروش-س,208,468377,5091134030,10689,10915,10825,136,1.27,10870,181,1.69,10738,10915,1400-4-21,2021-07-12
534,ساينا,صنايع بهداشتي ساينا,202,51299,5556327741,113201,109700,107870,-5331,-4.71,111212,-1989,-1.76,107541,110666,1400-4-21,2021-07-12
535,گوهر,صندوق سكه طلاي كيان,202,333237,17802884711,53132,52500,53094,-38,-0.07,53424,292,0.55,52500,53550,1400-4-21,2021-07-12
536,سجام,مجتمع سيمان غرب آسيا,190,1253704,4577559715,3565,3644,3600,35,0.98,3603,38,1.07,3511,3671,1400-4-21,2021-07-12
537,وساشرقي,شركت س استان آذربايجان شرقي,189,12185906,10163045604,877,834,834,-43,-4.9,871,-6,-0.68,834,834,1400-4-21,2021-07-12
538,شستان,پتروشيمي گلستان,183,2109207,6408259459,3098,3071,3037,-61,-1.97,3038,-60,-1.94,3037,3080,1400-4-21,2021-07-12
539,ضخود7074,اختيارخ خودرو-1800-1400/07/07,181,6194,3107703000,487,518,475,-12,-2.46,502,15,3.08,466,540,1400-4-21,2021-07-12
540,وآفري,بيمه كارآفرين,179,1736214,4962880475,2856,2899,2879,23,0.81,2857,1,0.04,2810,2899,1400-4-21,2021-07-12
541,اتكام,شركت بيمه اتكايي امين,177,1172362,5746335116,4773,4951,4819,46,0.96,4820,47,0.98,4800,5000,1400-4-21,2021-07-12
542,خلنت,لنت‌ ترمزايران‌,174,144519,7140683790,47060,49410,49410,2350,4.99,48040,980,2.08,49410,49410,1400-4-21,2021-07-12
543,غشان,شيرپاستوريزه‌پگاه‌خراسان‌,173,3078363,17084914650,5290,5550,5550,260,4.91,5550,260,4.91,5550,5550,1400-4-21,2021-07-12
544,قشهد,شهد,172,371623,6759822370,20210,18190,18190,-2020,-10,19200,-1010,-5,18190,18190,1400-4-21,2021-07-12
545,خاور,ايران خودرو ديزل,171,4754361,38510324100,7391,8100,8100,709,9.59,8100,709,9.59,8100,8100,1400-4-21,2021-07-12
546,اوصتا,صندوق انديشه ورزان صباتامين -د,163,6027908,115591056951,19170,19179,19175,5,0.03,19176,6,0.03,19175,19179,1400-4-21,2021-07-12
547,زفكاح,ح . كشت و دامداري فكا,161,5583611,41958636890,7817,8200,7500,-317,-4.06,7515,-302,-3.86,7500,8200,1400-4-21,2021-07-12
548,ضشنا8003,اختيارخ شپنا-8800-1400/08/16,157,1760,6948627000,3423,3635,4000,577,16.86,3948,525,15.34,3505,4300,1400-4-21,2021-07-12
549,شفا,سرمايه گذاري شفادارو,152,684581,27315274060,38030,38990,39930,1900,5,39900,1870,4.92,38980,39930,1400-4-21,2021-07-12
550,گوهرانح,ح . س. توسعه گوهران اميد,152,910003,4322581705,5000,4750,4750,-250,-5,4750,-250,-5,4750,4800,1400-4-21,2021-07-12
551,ارمغان,ص سرمايه گذاري ارمغان ايرانيان,149,1657420,16617979950,10027,10028,10026,-1,-0.01,10026,-1,-0.01,10023,10035,1400-4-21,2021-07-12
552,قيستو,شركت قند بيستون,147,1578359,21188960028,13177,13440,13440,263,2,13425,248,1.88,13115,13440,1400-4-21,2021-07-12
553,سحرخيز,صندوق س. گروه زعفران سحرخيز,147,1216031,11129302807,9144,9109,9165,21,0.23,9152,8,0.09,9109,9179,1400-4-21,2021-07-12
554,كيان2,صندوق س. با درآمد ثابت كيان,146,14600000,14600000,29316,1,1,-29315,-100,1,-29315,-100,1,1,1400-4-21,2021-07-12
555,وبازار,صندوق س شاخصي بازارآشنا,146,618345,6781079860,10740,10850,11080,340,3.17,10970,230,2.14,10810,11100,1400-4-21,2021-07-12
556,تسه9907,امتياز تسهيلات مسكن مهر99,144,5043,3017059412,596925,599999,583011,-13914,-2.33,598267,1342,0.22,583011,600000,1400-4-21,2021-07-12
557,قلرست,قند لرستان‌,143,188983,5864142490,34470,31030,31030,-3440,-9.98,32970,-1500,-4.35,31030,31030,1400-4-21,2021-07-12
558,نهال,صندوق س. طلاي سرخ نوويرا,141,187656,1744478397,9247,9215,9300,53,0.57,9296,49,0.53,9215,9340,1400-4-21,2021-07-12
559,آرمان,بيمه آرمان,139,745576,4928324110,6730,6561,6599,-131,-1.95,6670,-60,-0.89,6535,6722,1400-4-21,2021-07-12
560,آتيمس,صندوق س.آرمان آتيه درخشان مس-س,135,39297,7258318973,181951,181001,184493,2542,1.4,184704,2753,1.51,181001,187601,1400-4-21,2021-07-12
561,خاتم,صندوق س خاتم ايساتيس پويا-ثابت,131,2939019,33659057806,11443,11453,11456,13,0.11,11452,9,0.08,11452,11456,1400-4-21,2021-07-12
562,فيروزا,صندوق بادرآمد ثابت فيروزه آسيا,125,299101,7136729771,23822,23826,23850,28,0.12,23861,39,0.16,23826,23900,1400-4-21,2021-07-12
563,فردا,صندوق س آواي فرداي زاگرس-ثابت,122,2978032,32847094563,11024,11030,11030,6,0.05,11030,6,0.05,11029,11031,1400-4-21,2021-07-12
564,وحكمت,بيمه حكمت صبا,120,1588010,6203114058,3800,3739,3914,114,3,3863,63,1.66,3739,3914,1400-4-21,2021-07-12
565,تسه9902,امتياز تسهيلات مسكن ارديبهشت99,118,2270,1388941555,601657,580111,627000,25343,4.21,611868,10211,1.7,580111,631000,1400-4-21,2021-07-12
566,تسه9904,امتياز تسهيلات مسكن تير99,112,1920,1146792036,595666,600000,600000,4334,0.73,597287,1621,0.27,580000,600000,1400-4-21,2021-07-12
567,سپيدما,صندوق س. سپيد دماوند-د,105,2348636,25039514782,10657,10662,10662,5,0.05,10661,4,0.04,10661,10665,1400-4-21,2021-07-12
568,تسه9806,امتياز تسهيلات مسكن شهريور98,103,1739,1034134377,593515,590222,589615,-3900,-0.66,594672,1157,0.19,587222,604000,1400-4-21,2021-07-12
569,اخزا910,اسنادخزانه-م10بودجه99-020807,102,135718,86229920862,636244,635100,636200,-44,-0.01,635361,-883,-0.14,634630,636244,1400-4-21,2021-07-12
570,تسه9906,امتياز تسهيلات مسكن شهريور99,96,3273,1961752144,598386,600000,600000,1614,0.27,599374,988,0.17,585256,600000,1400-4-21,2021-07-12
571,خفنر,فنرسازي‌خاور,95,2323512,14545185120,5970,6260,6260,290,4.86,6220,250,4.19,6260,6260,1400-4-21,2021-07-12
572,اخزا909,اسنادخزانه-م9بودجه99-020316,93,314503,215547732997,687952,680000,684111,-3841,-0.56,685360,-2592,-0.38,680000,686355,1400-4-21,2021-07-12
573,سپاس,صندوق س. پاداش سهامداري-ثابت,89,1830670,18366642955,10028,10032,10033,5,0.05,10033,5,0.05,10032,10036,1400-4-21,2021-07-12
574,ساروج,بين المللي ساروج بوشهر,88,116808,2040417128,17350,17850,17688,338,1.95,17373,23,0.13,16862,17850,1400-4-21,2021-07-12
575,ضپال2007,اختيارخ اپال-32000-1401/02/12,87,1216,1084915000,815,987,843,28,3.44,892,77,9.45,741,995,1400-4-21,2021-07-12
576,تسه9810,امتياز تسهيلات مسكن دي98,83,1456,865195537,590990,580000,600000,9010,1.52,594228,3238,0.55,580000,600000,1400-4-21,2021-07-12
577,وسين,بيمه سينا,82,1442478,5426602236,3583,3762,3762,179,5,3673,90,2.51,3762,3762,1400-4-21,2021-07-12
578,ضپاس7029,اختيارخ وپارس-2500-1400/07/28,82,2476,1611414000,519,590,683,164,31.6,651,132,25.43,575,689,1400-4-21,2021-07-12
579,پارتا,مجتمع‌صنعتي‌آرتاويل‌تاير,81,396249,12171580533,29823,30717,30717,894,3,30225,402,1.35,30717,30717,1400-4-21,2021-07-12
580,دارا,صندوق س. دارا الگوريتم-د,81,2928768,29413041506,10030,10045,10043,13,0.13,10043,13,0.13,10033,10048,1400-4-21,2021-07-12
581,آكورد2,صندوق س. آرمان آتي كوثر-د,80,8000000,8000000,33009,1,1,-33008,-100,1,-33008,-100,1,1,1400-4-21,2021-07-12
582,ضملي7003,اختيارخ فملي-11720-1400/07/11,79,962,2074811000,2166,2279,2210,44,2.03,2157,-9,-0.42,2056,2295,1400-4-21,2021-07-12
583,تسه9905,امتياز تسهيلات مسكن مرداد99,77,2701,1615169481,596409,598000,600000,3591,0.6,597989,1580,0.26,590000,600000,1400-4-21,2021-07-12
584,تسه9903,امتياز تسهيلات مسكن خرداد99,75,893,546215446,604565,585837,600000,-4565,-0.76,611663,7098,1.17,585837,633000,1400-4-21,2021-07-12
585,ضخود7072,اختيارخ خودرو-1400-1400/07/07,74,2382,1945121000,798,890,775,-23,-2.88,817,19,2.38,770,890,1400-4-21,2021-07-12
586,افق ملت,صندوق س در سهام افق ملت,73,34965,4784686560,134760,136010,137400,2640,1.96,136840,2080,1.54,136000,137550,1400-4-21,2021-07-12
587,مداران,داده‌پردازي‌ايران‌,72,888967,17521539570,18780,19710,19710,930,4.95,19710,930,4.95,19710,19710,1400-4-21,2021-07-12
588,تسه9812,امتياز تسهيلات مسكن اسفند98,71,775,457196121,587157,564122,586000,-1157,-0.2,589930,2773,0.47,564122,599900,1400-4-21,2021-07-12
589,اخزا902,اسنادخزانه-م2بودجه99-011019,70,109800,81687613102,743533,743500,744121,588,0.08,743967,434,0.06,740000,745000,1400-4-21,2021-07-12
590,ضسپا8041,اختيارخ خساپا-1600-1400/08/26,69,1794,944106000,528,535,500,-28,-5.3,526,-2,-0.38,500,558,1400-4-21,2021-07-12
591,ثروتم,صندوق س. ثروت آفرين پارسيان-س,68,69050,5673406460,80083,82100,82359,2276,2.84,82164,2081,2.6,81549,83000,1400-4-21,2021-07-12
592,سكه0012پ04,تمام سكه طرح جديد0012صادرات,67,31000,32804837600,1066560,1060015,1058800,-7760,-0.73,1058221,-8339,-0.78,1056012,1062490,1400-4-21,2021-07-12
593,جوين,كشت و صنعت جوين,63,673649,2556497955,3685,3795,3795,110,2.99,3710,25,0.68,3795,3795,1400-4-21,2021-07-12
594,ثنوسا,نوسازي‌وساختمان‌تهران‌,61,1129572,11002031280,10250,9740,9740,-510,-4.98,9850,-400,-3.9,9740,9740,1400-4-21,2021-07-12
595,تسه9811,امتياز تسهيلات مسكن بهمن98,59,697,415053526,590025,581000,586000,-4025,-0.68,595486,5461,0.93,581000,619526,1400-4-21,2021-07-12
596,اخزا903,اسنادخزانه-م3بودجه99-011110,59,150868,110869513766,734956,733001,735050,94,0.01,734878,-78,-0.01,733001,735600,1400-4-21,2021-07-12
597,فنفت,صنايع تجهيزات نفت,59,446093,10933739430,23343,24510,24510,1167,5,24502,1159,4.97,24510,24510,1400-4-21,2021-07-12
598,ضپاس7030,اختيارخ وپارس-3000-1400/07/28,58,1826,697439000,303,480,390,87,28.71,382,79,26.07,350,480,1400-4-21,2021-07-12
599,اخزا901,اسنادخزانه-م1بودجه99-010621,55,67452,53504795563,793136,791199,793400,264,0.03,793228,92,0.01,791199,793500,1400-4-21,2021-07-12
600,تسه9807,امتياز تسهيلات مسكن مهر98,54,673,401225300,595023,590000,595000,-23,0,596174,1151,0.19,590000,599000,1400-4-21,2021-07-12
601,تسه9805,امتياز تسهيلات مسكن مرداد98,54,1293,770333579,589037,599778,588691,-346,-0.06,595772,6735,1.14,587110,599778,1400-4-21,2021-07-12
602,تسه9809,امتياز تسهيلات مسكن آذر98,53,616,364980145,590118,582000,590000,-118,-0.02,592500,2382,0.4,582000,600000,1400-4-21,2021-07-12
603,ضجار7040,اختيارخ وتجارت-2497-1400/07/21,52,1167,543467000,440,487,445,5,1.14,466,26,5.91,441,495,1400-4-21,2021-07-12
604,صنوين,صندوق سرمايه‌گذاري صنوين-مختلط,51,25014,2771687950,109960,109960,109960,0,0,110810,850,0.77,109940,112000,1400-4-21,2021-07-12
605,تسه9808,امتياز تسهيلات مسكن آبان98,51,394,235140703,592831,596000,592710,-121,-0.02,596804,3973,0.67,591670,600000,1400-4-21,2021-07-12
606,اخزا914,اسنادخزانه-م14بودجه99-021025,49,55813,34298090891,616349,614566,614600,-1749,-0.28,614518,-1831,-0.3,612000,616000,1400-4-21,2021-07-12
607,ضصاد8033,اختيارخ وبصادر-2489-1400/08/12,49,1858,610004000,300,330,330,30,10,328,28,9.33,272,379,1400-4-21,2021-07-12
608,تسه9901,امتياز تسهيلات مسكن فروردين99,47,421,258171398,610179,601021,639999,29820,4.89,613234,3055,0.5,590000,639999,1400-4-21,2021-07-12
609,كساوه,صنايع‌ كاشي‌ و سراميك‌ سينا,45,63223,3588537480,59740,56760,56760,-2980,-4.99,58990,-750,-1.26,56760,56760,1400-4-21,2021-07-12
610,سنير,سيمان‌ سفيد ني‌ريز,43,4921,810882380,173450,164780,164780,-8670,-5,172900,-550,-0.32,164780,164780,1400-4-21,2021-07-12
611,دپارس,پارس‌ دارو,43,217196,7228282880,31700,33280,33280,1580,4.98,32380,680,2.15,33280,33280,1400-4-21,2021-07-12
612,فن آوا,گروه فن آوا,39,693178,10561953186,16038,15237,15237,-801,-4.99,15237,-801,-4.99,15237,15237,1400-4-21,2021-07-12
613,الماس,صندوق س.امين تدبيرگران فردا-س,39,11822,1278610203,106435,109300,108000,1565,1.47,108155,1720,1.62,107700,109488,1400-4-21,2021-07-12
614,هاميد104,اختيارف ت ثاميد-2050-01/04/20,37,1000000,1000000,1,1,1,0,0,1,0,0,1,1,1400-4-21,2021-07-12
615,ضفلا7004,اختيارخ فولاد-9586-1400/07/25,36,233,697330966,1969,2090,2150,181,9.19,2135,166,8.43,1981,2288,1400-4-21,2021-07-12
616,ضملي7002,اختيارخ فملي-9720-1400/07/11,36,317,1240506000,3643,3870,3710,67,1.84,3913,270,7.41,3700,4000,1400-4-21,2021-07-12
617,زعف0008پ10,زعفران0008نگين طلاي سرخ(پ),36,20400,2777133500,135839,137100,136000,161,0.12,136134,295,0.22,130000,137100,1400-4-21,2021-07-12
618,اخزا904,اسنادخزانه-م4بودجه99-011215,33,22223,15991424437,720630,716111,724750,4120,0.57,719589,-1041,-0.14,716111,724899,1400-4-21,2021-07-12
619,اخزا908,اسنادخزانه-م8بودجه99-020606,33,70820,46421470917,655817,656100,655030,-787,-0.12,655485,-332,-0.05,652222,656100,1400-4-21,2021-07-12
620,سكه0112پ03,تمام سكه طرح جديد0112سامان,30,4300,4555819300,1063017,1062000,1058000,-5017,-0.47,1059493,-3524,-0.33,1057000,1062000,1400-4-21,2021-07-12
621,بذر,صندوق س بذر اميد آفرين-سهام,29,10928,1063167000,95800,97390,96800,1000,1.04,97290,1490,1.56,96800,97640,1400-4-21,2021-07-12
622,وسصفا,شركت س استان اصفهان,28,1137763,1020573411,944,897,897,-47,-4.98,943,-1,-0.11,897,897,1400-4-21,2021-07-12
623,سكه0011پ02,تمام سكه طرح جديد0011ملت,28,4500,4767576400,1062724,1055100,1059000,-3724,-0.35,1059461,-3263,-0.31,1055100,1063000,1400-4-21,2021-07-12
624,اخزا911,اسنادخزانه-م11بودجه99-020906,28,55493,34902328335,629233,626711,628845,-388,-0.06,628950,-283,-0.04,626711,629300,1400-4-21,2021-07-12
625,گپارس,امور رفاهي كارگزاران پارس,27,7416,931709160,129520,125635,125635,-3885,-3,129139,-381,-0.29,125635,125635,1400-4-21,2021-07-12
626,وحافظ,بيمه حافظ,27,19458,1107023994,58054,56893,56893,-1161,-2,57791,-263,-0.45,56893,56893,1400-4-21,2021-07-12
627,سپر,صندوق س سپر سرمايه بيدار- ثابت,26,68693,841992433,12250,12256,12256,6,0.05,12257,7,0.06,12256,12259,1400-4-21,2021-07-12
628,خديزل,بهمن  ديزل,25,120544,6147744000,49126,51000,51000,1874,3.81,49691,565,1.15,51000,51000,1400-4-21,2021-07-12
629,خفناور,مهندسي صنعتي روان فن آور,25,49555,2296676030,47779,46346,46346,-1433,-3,47438,-341,-0.71,46346,46346,1400-4-21,2021-07-12
630,گنجين,صندوق س. گنجينه يكم آويد-د,25,143446,1896129542,13217,13224,13227,10,0.08,13218,1,0.01,13213,13227,1400-4-21,2021-07-12
631,اخزا806,اسنادخزانه-م6بودجه98-000519,23,11212,11041769288,984301,982508,982501,-1800,-0.18,984817,516,0.05,982500,985100,1400-4-21,2021-07-12
632,جهرم,پتروشيمي جهرم,23,166864,277327968,1713,1662,1662,-51,-2.98,1712,-1,-0.06,1662,1662,1400-4-21,2021-07-12
633,دمعيار,صندوق س. توازن معيار-د,23,224993,2274106084,10100,10106,10105,5,0.05,10107,7,0.07,10105,10110,1400-4-21,2021-07-12
634,فكمند,گسترش قطعه سازي كمند,23,530273,10827114114,19446,20418,20418,972,5,20418,972,5,20418,20418,1400-4-21,2021-07-12
635,اخزا808,اسنادخزانه-م8بودجه98-000817,23,8054,7551705432,937836,937800,938000,164,0.02,937634,-202,-0.02,935669,938000,1400-4-21,2021-07-12
636,آسام,صندوق س.آرمان سپهر آشنا-م,22,9280,1016983640,109207,109630,109511,304,0.28,109589,382,0.35,109211,110982,1400-4-21,2021-07-12
637,اخزا815,اسنادخزانه-م15بودجه98-010406,21,10702,8866802283,827632,827600,828900,1268,0.15,828518,886,0.11,827600,829000,1400-4-21,2021-07-12
638,جهرمح,ح.پتروشيمي جهرم,21,858453,320775692,387,410,364,-23,-5.94,374,-13,-3.36,364,410,1400-4-21,2021-07-12
639,كتوكا,توليدي و خدمات صنايع نسوز توكا,21,19071,559371501,30874,29331,29331,-1543,-5,30811,-63,-0.2,29331,29331,1400-4-21,2021-07-12
640,كفرآور,فرآورده هاي سيمان شرق,21,145041,3076754733,21869,21213,21213,-656,-3,21659,-210,-0.96,21213,21213,1400-4-21,2021-07-12
641,ضمخا7076,اختيارخ اخابر-9700-1400/07/28,21,835,835484000,993,1000,1000,7,0.7,1001,8,0.81,999,1100,1400-4-21,2021-07-12
642,ضفلا7005,اختيارخ فولاد-11013-1400/07/25,20,239,556141154,1433,1489,1550,117,8.16,1660,227,15.84,1489,1880,1400-4-21,2021-07-12
643,گوهر2,صندوق سكه طلاي كيان,20,200000,200000,53132,1,1,-53131,-100,1,-53131,-100,1,1,1400-4-21,2021-07-12
644,ثهام,صندوق س ثروت هامرز-سهام,20,154739,1551593372,10027,10058,10010,-17,-0.17,10027,0,0,10010,10250,1400-4-21,2021-07-12
645,حآسا,آسيا سير ارس,19,41834,1288654536,32425,30804,30804,-1621,-5,32278,-147,-0.45,30804,30804,1400-4-21,2021-07-12
646,بايكا,كارخانجات كابلسازي ‌ايران‌,19,11100,274425300,25487,24723,24723,-764,-3,25465,-22,-0.09,24723,24723,1400-4-21,2021-07-12
647,اخزا809,اسنادخزانه-م9بودجه98-000923,19,11576,10644136563,918473,919500,919500,1027,0.11,919500,1027,0.11,919500,919501,1400-4-21,2021-07-12
648,شزنگ,تجهيزنيروي‌زنگان‌,19,9153,1310288562,150688,143154,143154,-7534,-5,149646,-1042,-0.69,143154,143154,1400-4-21,2021-07-12
649,سخند,صندوق س.سپهرخبرگان نفت-د,18,81220,808938590,9945,9962,9951,6,0.06,9960,15,0.15,9950,9976,1400-4-21,2021-07-12
650,بالبر,كابل‌ البرز,17,6125,287568750,49420,46950,46950,-2470,-5,49360,-60,-0.12,46950,46950,1400-4-21,2021-07-12
651,كمان,س.خ.كمان كاريزما 35% تاديه,17,943020,330057000000,350000,350000,350000,0,0,350000,0,0,350000,350000,1400-4-21,2021-07-12
652,اخزا906,اسنادخزانه-م6بودجه99-020321,17,15852,11214564235,707618,698640,707999,381,0.05,707454,-164,-0.02,698636,709976,1400-4-21,2021-07-12
653,ضفلا7003,اختيارخ فولاد-8160-1400/07/25,17,193,885252242,2835,3100,2870,35,1.23,3272,437,15.41,2720,3800,1400-4-21,2021-07-12
654,آبين,كشت و صنعت آبشيرين,16,149552,584449216,4070,3908,3908,-162,-3.98,4050,-20,-0.49,3908,3908,1400-4-21,2021-07-12
655,اخزا810,اسنادخزانه-م10بودجه98-001006,16,48537,44271312558,911063,912100,912006,943,0.1,912115,1052,0.12,911002,914474,1400-4-21,2021-07-12
656,صعبيد312,صكوك اجاره دعبيد-3ماهه18%,15,150000,150000000000,1000000,1000000,1000000,0,0,1000000,0,0,1000000,1000000,1400-4-21,2021-07-12
657,ضملي7004,اختيارخ فملي-13720-1400/07/11,15,161,195493000,1216,1399,1170,-46,-3.78,1214,-2,-0.16,1170,1399,1400-4-21,2021-07-12
658,داريك,صندوق س.اعتماد داريك-د,15,249041,2683949210,10771,10783,10774,3,0.03,10777,6,0.06,10770,10784,1400-4-21,2021-07-12
659,ضجار7039,اختيارخ وتجارت-1997-1400/07/21,15,178,143732000,697,839,780,83,11.91,807,110,15.78,755,850,1400-4-21,2021-07-12
660,ضصاد8036,اختيارخ وبصادر-3989-1400/08/12,14,554,26888000,47,47,50,3,6.38,49,2,4.26,47,50,1400-4-21,2021-07-12
661,ضشنا8005,اختيارخ شپنا-12800-1400/08/16,14,96,145696000,1586,1748,1520,-66,-4.16,1518,-68,-4.29,1420,1748,1400-4-21,2021-07-12
662,لپيام,گسترش صنايع پيام,14,67833,3450936042,52447,50874,50874,-1573,-3,51883,-564,-1.08,50874,50874,1400-4-21,2021-07-12
663,فاهواز,نورد و لوله اهواز,14,25469,233779951,9271,9179,9179,-92,-0.99,9270,-1,-0.01,9179,9179,1400-4-21,2021-07-12
664,ضشنا8002,اختيارخ شپنا-7800-1400/08/16,14,123,545166000,4424,3334,4500,76,1.72,4432,8,0.18,3334,4694,1400-4-21,2021-07-12
665,بسويچ,پارس‌سويچ‌,14,14747,374573800,26730,25400,25400,-1330,-4.98,26710,-20,-0.07,25400,25400,1400-4-21,2021-07-12
666,ضسپا8042,اختيارخ خساپا-1800-1400/08/26,14,542,224710000,409,445,391,-18,-4.4,415,6,1.47,391,445,1400-4-21,2021-07-12
667,فلات,گروه صنايع معادن فلات ايرانيان,14,39170,575015600,15133,14680,14680,-453,-2.99,15106,-27,-0.18,14680,14680,1400-4-21,2021-07-12
668,اخزا814,اسنادخزانه-م14بودجه98-010318,14,64724,54154228750,836250,837000,836650,400,0.05,836695,445,0.05,836000,837500,1400-4-21,2021-07-12
669,وثخوز,سرمايه گذاري و توسعه خوزستان,13,8369,540093415,67931,64535,64535,-3396,-5,67738,-193,-0.28,64535,64535,1400-4-21,2021-07-12
670,قجام,فرآوردههاي غذايي وقندتربت‌جام‌,13,14566,112056238,7850,7693,7693,-157,-2,7846,-4,-0.05,7693,7693,1400-4-21,2021-07-12
671,اخزا721,اسنادخزانه-م21بودجه97-000728,12,12010,11371291182,948603,947700,947999,-604,-0.06,946819,-1784,-0.19,944000,947999,1400-4-21,2021-07-12
672,ضخود7073,اختيارخ خودرو-1600-1400/07/07,12,416,265798000,614,656,625,11,1.79,639,25,4.07,624,656,1400-4-21,2021-07-12
673,ثشرق,سرمايه گذاري مسكن شمال شرق,12,21164,123597760,6140,5840,5840,-300,-4.89,6140,0,0,5840,5840,1400-4-21,2021-07-12
674,اطلس2,صندوق س.توسعه اندوخته آينده-س,12,120000,120000,229587,1,1,-229586,-100,1,-229586,-100,1,1,1400-4-21,2021-07-12
675,اخزا907,اسنادخزانه-م7بودجه99-020704,11,12614,8139571181,645876,645009,645100,-776,-0.12,645281,-595,-0.09,645000,646000,1400-4-21,2021-07-12
676,شگويات.ف0104,اختيارف.تبعي شگويا010408,11,60949,60949,1,1,1,0,0,1,0,0,1,1,1400-4-21,2021-07-12
677,فجام,جام‌دارو,11,14353,126019340,9240,8780,8780,-460,-4.98,9240,0,0,8780,8780,1400-4-21,2021-07-12
678,عيار2,صندوق سكه طلاي مفيد,10,100000,100000,27146,1,1,-27145,-100,1,-27145,-100,1,1,1400-4-21,2021-07-12
679,دحاوي,الحاوي,10,16262,191940386,12168,11803,11803,-365,-3,12161,-7,-0.06,11803,11803,1400-4-21,2021-07-12
680,پست0008پ08,پسته فندقي32-30مه ولات0008(پ),10,307,546084100,1782823,1775000,1799000,16177,0.91,1778776,-4047,-0.23,1770000,1800000,1400-4-21,2021-07-12
681,زنجان,صنايع كشاورزي وكود زنجان,10,11986,106255890,9139,8865,8865,-274,-3,9137,-2,-0.02,8865,8865,1400-4-21,2021-07-12
682,زعف0008پ08,زعفران0008نگين روستا(پ),10,6200,792860000,128575,127500,127700,-875,-0.68,127881,-694,-0.54,127500,128000,1400-4-21,2021-07-12
683,اخزا813,اسنادخزانه-م13بودجه98-010219,10,2079,1771827307,852084,859999,852260,176,0.02,852250,166,0.02,852084,859999,1400-4-21,2021-07-12
684,دشيري,شيرين دارو,9,4378,889316274,209415,203133,203133,-6282,-3,208839,-576,-0.28,203133,203133,1400-4-21,2021-07-12
685,ساذري,آذريت‌,9,41627,312577143,7152,7509,7509,357,4.99,7163,11,0.15,7509,7509,1400-4-21,2021-07-12
686,تپولا,مهندسي مرآت پولاد,9,10940,354882660,34146,32439,32439,-1707,-5,34082,-64,-0.19,32439,32439,1400-4-21,2021-07-12
687,زعف0008پ16,زعفران0008نگين بيرجند(پ),9,4457,565922808,126995,126500,127000,5,0,126974,-21,-0.02,125008,127108,1400-4-21,2021-07-12
688,زماهان,مجتمع توليد گوشت مرغ ماهان,9,19359,316248624,17195,16336,16336,-859,-5,17176,-19,-0.11,16336,16336,1400-4-21,2021-07-12
689,غمهرا,توليدي‌مهرام‌,9,529,54058510,107560,102190,102190,-5370,-4.99,107540,-20,-0.02,102190,102190,1400-4-21,2021-07-12
690,خعمرا,توسعه و عمران شهرستان نائين,9,21391,693795694,30890,32434,32434,1544,5,30992,102,0.33,32434,32434,1400-4-21,2021-07-12
691,ضچاد7035,اختيارخ كچاد-25870-1400/07/04,8,35,107050000,2900,2900,2500,-400,-13.79,3059,159,5.48,2500,3500,1400-4-21,2021-07-12
692,ضصاد8030,اختيارخ وبصادر-1589-1400/08/12,8,132,95609000,801,800,800,-1,-0.12,724,-77,-9.61,702,800,1400-4-21,2021-07-12
693,زعف0008پ11,زعفران0008نگين سحرخيز(پ),8,1776,230339394,128344,128000,130000,1656,1.29,129696,1352,1.05,128000,130994,1400-4-21,2021-07-12
694,اخزا821,اسنادخزانه-م21بودجه98-020906,8,692,431071416,624719,623000,624200,-519,-0.08,622936,-1783,-0.29,622510,626000,1400-4-21,2021-07-12
695,اراد61,مرابحه عام دولت61-ش.خ0309,8,80000,80000080000,1000000,1000001,1000001,1,0,1000001,1,0,1000001,1000001,1400-4-21,2021-07-12
696,گكيشح,ح.توريستي ورفاهي آبادگران كيش,8,13035,534435000,41000,41000,41000,0,0,41000,0,0,41000,41000,1400-4-21,2021-07-12
697,ضشنا8001,اختيارخ شپنا-6800-1400/08/16,8,41,230994000,4500,5000,5500,1000,22.22,5634,1134,25.2,5000,5900,1400-4-21,2021-07-12
698,فنرژي,گسترش صنايع انرژي آذرآب,8,4831,66334461,14011,13731,13731,-280,-2,14006,-5,-0.04,13731,13731,1400-4-21,2021-07-12
699,ضجار7038,اختيارخ وتجارت-1797-1400/07/21,8,108,101875000,891,956,940,49,5.5,943,52,5.84,939,960,1400-4-21,2021-07-12
700,ثامان,سامان‌ گستراصفهان‌,8,33994,687018740,21270,20210,20210,-1060,-4.98,21220,-50,-0.24,20210,20210,1400-4-21,2021-07-12
701,اخزا713,اسنادخزانه-م13بودجه97-000518,8,1136,1118960136,984670,985000,985000,330,0.03,985000,330,0.03,985000,985001,1400-4-21,2021-07-12
702,تملي709,تسهيلات مسكن ب. ملي-آذر97,8,77,61810559,769165,807600,807623,38458,5,802735,33570,4.36,770000,807623,1400-4-21,2021-07-12
703,زعف0008پ20,زعفران0008نگين وحدت جام(پ),7,7976,1012848700,127076,127300,126800,-276,-0.22,126987,-89,-0.07,126700,127500,1400-4-21,2021-07-12
704,بكاب,صنايع‌جوشكاب‌يزد,7,676,219652680,342030,324930,324930,-17100,-5,341770,-260,-0.08,324930,324930,1400-4-21,2021-07-12
705,اخزا811,اسنادخزانه-م11بودجه98-001013,7,2619,2381650260,907858,909500,909001,1143,0.13,909374,1516,0.17,908999,909900,1400-4-21,2021-07-12
706,هپارس102,اختيارف ت پارس-157010-01/02/05,7,713,713,1,1,1,0,0,1,0,0,1,1,1400-4-21,2021-07-12
707,اخزا817,اسنادخزانه-م17بودجه98-010512,7,8917,7247765180,811432,813440,812999,1567,0.19,812803,1371,0.17,811500,813440,1400-4-21,2021-07-12
708,اخزا718,اسنادخزانه-م18بودجه97-000525,7,7067,6939655896,979997,982000,980000,3,0,981980,1983,0.2,979316,982000,1400-4-21,2021-07-12
709,طخود7077,اختيارف خودرو-3000-1400/07/07,7,53,45909000,1,800,900,899,89900,866,865,86500,800,905,1400-4-21,2021-07-12
710,ضخود7080,اختيارخ خودرو-4500-1400/07/07,7,313,6929000,28,22,33,5,17.86,22,-6,-21.43,22,33,1400-4-21,2021-07-12
711,ضصاد8032,اختيارخ وبصادر-1989-1400/08/12,7,369,211860000,460,560,570,110,23.91,574,114,24.78,560,600,1400-4-21,2021-07-12
712,ضسپا8043,اختيارخ خساپا-2000-1400/08/26,6,187,48209000,300,221,243,-57,-19,258,-42,-14,243,320,1400-4-21,2021-07-12
713,كترام,توليدي‌ كاشي‌ تكسرام‌,6,1767,77005860,45870,43580,43580,-2290,-4.99,45860,-10,-0.02,43580,43580,1400-4-21,2021-07-12
714,هبساز103,اختيارف ت ثبهساز-2346-01/03/18,6,70475,70475,1,1,1,0,0,1,0,0,1,1,1400-4-21,2021-07-12
715,اراد36,مرابحه عام دولت3-ش.خ 0104,6,7200,6853500000,999000,950500,955000,-44000,-4.4,951875,-47125,-4.72,950500,955000,1400-4-21,2021-07-12
716,اخزا723,اسنادخزانه-م23بودجه97-000824,6,5963,5572625500,932338,935000,934500,2162,0.23,934534,2196,0.24,934500,935000,1400-4-21,2021-07-12
717,تملي703,تسهيلات مسكن ب. ملي-خرداد97,6,175,106433775,640203,608193,608193,-32010,-5,608193,-32010,-5,608193,608193,1400-4-21,2021-07-12
718,ضسپا8039,اختيارخ خساپا-1200-1400/08/26,6,60,42844000,826,711,714,-112,-13.56,714,-112,-13.56,714,715,1400-4-21,2021-07-12
719,اخزا818,اسنادخزانه-م18بودجه98-010614,5,4912,3915885000,798000,798000,797500,-500,-0.06,797208,-792,-0.1,797060,798000,1400-4-21,2021-07-12
720,تملي701,تسهيلات مسكن ب. ملي-فروردين97,5,36,28014307,741384,778448,778453,37069,5,778175,36791,4.96,778000,778453,1400-4-21,2021-07-12
721,ضپنا8002,اختيارخ رمپنا-13850-1400/08/05,5,61,260005000,3560,4300,4499,939,26.38,4262,702,19.72,2550,4500,1400-4-21,2021-07-12
722,آساس2,صندوق س.آسمان آرماني سهام-س,5,500000,500000,164764,1,1,-164763,-100,1,-164763,-100,1,1,1400-4-21,2021-07-12
723,گكيش,توريستي ورفاهي آبادگران كيش,5,1066,48351628,47745,45358,45358,-2387,-5,47733,-12,-0.03,45358,45358,1400-4-21,2021-07-12
724,ضپاس7034,اختيارخ وپارس-5000-1400/07/28,5,44,1945000,5,5,45,40,800,44,39,780,5,50,1400-4-21,2021-07-12
725,زعف0008پ05,زعفران0008نگين زرين(پ),5,464,59073600,128697,124100,127000,-1697,-1.32,127314,-1383,-1.07,124100,129970,1400-4-21,2021-07-12
726,سنفت101,سلف موازي استاندارد سنفت101,5,858000,1199175120000,1289278,1397640,1397640,108362,8.4,1397640,108362,8.4,1397640,1397640,1400-4-21,2021-07-12
727,ضترا8058,اختيارخ شتران-3442-1400/08/09,5,64,165950000,2506,2650,2550,44,1.76,2593,87,3.47,2550,2650,1400-4-21,2021-07-12
728,اخزا905,اسنادخزانه-م5بودجه99-020218,5,29630,20621408910,696159,696159,696000,-159,-0.02,695964,-195,-0.03,695610,696159,1400-4-21,2021-07-12
729,ضخود7079,اختيارخ خودرو-4000-1400/07/07,5,204,4702000,25,23,26,1,4,23,-2,-8,23,26,1400-4-21,2021-07-12
730,ضسپا8044,اختيارخ خساپا-2500-1400/08/26,5,182,33520000,220,170,180,-40,-18.18,184,-36,-16.36,160,200,1400-4-21,2021-07-12
731,ضملت8042,اختيارخ وبملت-3934-1400/08/19,5,70,62210000,766,860,890,124,16.19,889,123,16.06,860,920,1400-4-21,2021-07-12
732,تملي710,تسهيلات مسكن ب. ملي-دي97,5,90,62258650,728131,692000,691725,-36406,-5,691763,-36368,-4.99,691725,692000,1400-4-21,2021-07-12
733,اخزا812,اسنادخزانه-م12بودجه98-001111,5,49789,44730122769,897279,898500,898400,1121,0.12,898394,1115,0.12,897279,898500,1400-4-21,2021-07-12
734,وملت,سرمايه گذاري ملت,5,19650,82490700,4283,4198,4198,-85,-1.98,4282,-1,-0.02,4198,4198,1400-4-21,2021-07-12
735,ضجار7041,اختيارخ وتجارت-2997-1400/07/21,5,114,25786000,250,299,216,-34,-13.6,226,-24,-9.6,216,299,1400-4-21,2021-07-12
736,زعف0008پ09,زعفران0008نگين نوين(پ),4,15000,2052000000,136000,137000,136500,500,0.37,136800,800,0.59,136500,137000,1400-4-21,2021-07-12
737,آسام2,صندوق س.آرمان سپهر آشنا-م,4,400000,400000,109207,1,1,-109206,-100,1,-109206,-100,1,1,1400-4-21,2021-07-12
738,تملي706,تسهيلات مسكن ب. ملي-شهريور97,4,38,30227024,837313,795448,795448,-41865,-5,795448,-41865,-5,795448,795448,1400-4-21,2021-07-12
739,تملي803,تسهيلات مسكن ب. ملي-خرداد98,4,56,40952576,769785,731296,731296,-38489,-5,731296,-38489,-5,731296,731296,1400-4-21,2021-07-12
740,ضفلا7006,اختيارخ فولاد-12440-1400/07/25,4,5,5606598,650,800,799,149,22.92,800,150,23.08,799,800,1400-4-21,2021-07-12
741,غدام,خوراك‌  دام‌ پارس‌,4,69,25567950,390050,370550,370550,-19500,-5,390010,-40,-0.01,370550,370550,1400-4-21,2021-07-12
742,اراد404,مرابحه عام دولت4-ش.خ 0207,4,16094000,15084101512000,1000000,941586,941500,-58500,-5.85,937250,-62750,-6.28,908500,941586,1400-4-21,2021-07-12
743,فراز2,صندوق س.سهام فراز داريك-س,4,2500000,2500000,11697,1,1,-11696,-99.99,1,-11696,-99.99,1,1,1400-4-21,2021-07-12
744,زعف0008پ18,زعفران0008نگين بهرامن(پ),4,2250,307825000,136591,137000,136700,109,0.08,136811,220,0.16,136700,137000,1400-4-21,2021-07-12
745,ضخوز7039,اختيارخ فخوز-15200-1400/07/14,4,33,90100000,2300,2700,2700,400,17.39,2730,430,18.7,2700,2800,1400-4-21,2021-07-12
746,زعف0008پ19,زعفران0008نگين تروند قاينات(پ),4,1870,256066000,136686,137100,136800,114,0.08,136934,248,0.18,136800,137100,1400-4-21,2021-07-12
747,تملي804,تسهيلات مسكن ب. ملي-تير98,4,15,13046890,831585,869000,870000,38415,4.62,869793,38208,4.59,869000,870000,1400-4-21,2021-07-12
748,اخزا816,اسنادخزانه-م16بودجه98-010503,4,5560,4529409200,814705,815000,814000,-705,-0.09,814642,-63,-0.01,813200,815000,1400-4-21,2021-07-12
749,طخود7075,اختيارف خودرو-2000-1400/07/07,4,60,8510000,1,150,140,139,13900,142,141,14100,140,150,1400-4-21,2021-07-12
750,وسيزد,شركت س استان يزد,4,100198,121840768,1280,1216,1216,-64,-5,1280,0,0,1216,1216,1400-4-21,2021-07-12
751,ضجار7042,اختيارخ وتجارت-3497-1400/07/21,4,126,13164000,168,101,128,-40,-23.81,104,-64,-38.1,101,128,1400-4-21,2021-07-12
752,اراد314,مرابحه عام دولت3-ش.خ 0208,4,40000000,36209127500000,950000,903861,902624,-47376,-4.99,905228,-44772,-4.71,902624,906667,1400-4-21,2021-07-12
753,لخانه,لوازم‌ خانگي‌ پارس‌,3,701,16161555,23768,23055,23055,-713,-3,23767,-1,0,23055,23055,1400-4-21,2021-07-12
754,پلاست,كارخانجات توليدي پلاستيران,3,1387,95908276,71286,69148,69148,-2138,-3,71265,-21,-0.03,69148,69148,1400-4-21,2021-07-12
755,سدبير,س. تدبيرگران فارس وخوزستان,3,136,10732984,83072,78919,78919,-4153,-5,83069,-3,0,78919,78919,1400-4-21,2021-07-12
756,سلار,شركت سيمان لارستان,3,282,16015062,58547,56791,56791,-1756,-3,58544,-3,-0.01,56791,56791,1400-4-21,2021-07-12
757,اراد324,مرابحه عام دولت3-ش.خ0211,3,87426392,78470624002832,1000000,897446,897690,-102310,-10.23,897562,-102438,-10.24,897446,897690,1400-4-21,2021-07-12
758,ضجار7037,اختيارخ وتجارت-1597-1400/07/21,3,35,38500000,1050,1050,1150,100,9.52,1100,50,4.76,1050,1150,1400-4-21,2021-07-12
759,ثنظام,س. ساختماني نظام مهندسي ايران,3,376,17224184,47225,45809,45809,-1416,-3,47222,-3,-0.01,45809,45809,1400-4-21,2021-07-12
760,سفاسي,شركت فارسيت اهواز,3,5650,46109650,8413,8161,8161,-252,-3,8412,-1,-0.01,8161,8161,1400-4-21,2021-07-12
761,ضملت8044,اختيارخ وبملت-4934-1400/08/19,3,30,10480000,297,350,350,53,17.85,349,52,17.51,348,350,1400-4-21,2021-07-12
762,ضملت8043,اختيارخ وبملت-4434-1400/08/19,3,39,20994000,497,480,549,52,10.46,538,41,8.25,480,549,1400-4-21,2021-07-12
763,ضصاد8031,اختيارخ وبصادر-1789-1400/08/12,3,60,39000000,535,747,650,115,21.5,650,115,21.5,650,650,1400-4-21,2021-07-12
764,اراد50,مرابحه عام دولت5-ش.خ0302,3,65000,65000050000,1001143,1000001,1000000,-1143,-0.11,1000001,-1142,-0.11,1000000,1000001,1400-4-21,2021-07-12
765,داراب,پتروشيمي داراب,3,14607,34574769,2440,2367,2367,-73,-2.99,2440,0,0,2367,2367,1400-4-21,2021-07-12
766,ضشنا8006,اختيارخ شپنا-14800-1400/08/16,3,31,25354000,849,1054,810,-39,-4.59,818,-31,-3.65,810,1054,1400-4-21,2021-07-12
767,شلرد02,كود شيميايي اوره لردگان,3,168,176985520,1011840,1011840,1080000,68160,6.74,1053485,41645,4.12,1011840,1080000,1400-4-21,2021-07-12
768,ضترا8057,اختيارخ شتران-3000-1400/08/09,3,43,102500000,2983,2260,3300,317,10.63,2384,-599,-20.08,2260,3300,1400-4-21,2021-07-12
769,حپترو,حمل و نقل پتروشيمي( سهامي عام,3,221,11162710,53160,50510,50510,-2650,-4.98,53160,0,0,50510,50510,1400-4-21,2021-07-12
770,خپويش,سازه‌ پويش‌,3,291,15306600,55360,52600,52600,-2760,-4.99,55360,0,0,52600,52600,1400-4-21,2021-07-12
771,اخزا807,اسنادخزانه-م7بودجه98-000719,3,1060,1011192000,951875,952890,955990,4115,0.43,953955,2080,0.22,952890,955990,1400-4-21,2021-07-12
772,نگين,ص.س. زمين و ساختمان نگين شهرري,3,363,17497910,48380,47570,48490,110,0.23,48200,-180,-0.37,47570,48490,1400-4-21,2021-07-12
773,ضجار7043,اختيارخ وتجارت-3997-1400/07/21,3,140,8275000,57,60,60,3,5.26,59,2,3.51,55,60,1400-4-21,2021-07-12
774,ضملي7000,اختيارخ فملي-7720-1400/07/11,2,2,10220000,5100,5111,5109,9,0.18,5110,10,0.2,5109,5111,1400-4-21,2021-07-12
775,ضفار8052,اختيارخ فارس-9400-1400/08/05,2,7,17500000,2300,2500,2500,200,8.7,2500,200,8.7,2500,2500,1400-4-21,2021-07-12
776,افاد73,منفعت دولت7-ش.خاص نوين0204,2,15000,15876365000,1076364,1022545,1076364,0,0,1058424,-17940,-1.67,1022545,1076364,1400-4-21,2021-07-12
777,فبستم,صنايع ‌بسته‌بندي‌ مشهد,2,43222,35960704,793,832,832,39,4.92,793,0,0,832,832,1400-4-21,2021-07-12
778,ثنام,س ساختماني ب نام آوران مهندسي,2,1850,29224450,16628,15797,15797,-831,-5,16625,-3,-0.02,15797,15797,1400-4-21,2021-07-12
779,زعف0008پ15,زعفران0008پوشالمعمول طلاسرخ(پ),2,110,11094000,99500,99900,102000,2500,2.51,100855,1355,1.36,99900,102000,1400-4-21,2021-07-12
780,سكارون,سيمان كارون,2,32,5443232,175361,170101,170101,-5260,-3,175359,-2,0,170101,170101,1400-4-21,2021-07-12
781,وآتوس,س.آرين توسكا قيمت اسمي 350ريال,2,237,10297413,44792,43449,43449,-1343,-3,44791,-1,0,43449,43449,1400-4-21,2021-07-12
782,ضپيك7042,اختيارخ تاپيكو-8070-00/07/18,2,4,17798000,3800,4400,4499,699,18.39,4449,649,17.08,4400,4499,1400-4-21,2021-07-12
783,زير0103پ04,زيره سبز0103شركت مينوبذر(پ),2,40,29358290,700000,745000,700829,829,0.12,733957,33957,4.85,700829,745000,1400-4-21,2021-07-12
784,ضملي7005,اختيارخ فملي-15720-1400/07/11,2,2,1498000,581,749,749,168,28.92,749,168,28.92,749,749,1400-4-21,2021-07-12
785,اخزا820,اسنادخزانه-م20بودجه98-020806,2,101,63931311,635824,631111,633002,-2822,-0.44,632983,-2841,-0.45,631111,633002,1400-4-21,2021-07-12
786,افرا2,افرانت,2,12400000,299745200000,24173,24173,24173,0,0,24173,0,0,24173,24173,1400-4-21,2021-07-12
787,اراد334,مرابحه عام دولت3-ش.خ 0303,2,3194000,2815429553000,963755,881549,881400,-82355,-8.55,881474,-82281,-8.54,881400,881549,1400-4-21,2021-07-12
788,ثجوان,تامين مسكن جوانان,2,13000,131612000,10437,10124,10124,-313,-3,10433,-4,-0.04,10124,10124,1400-4-21,2021-07-12
789,زير0103پ01,زيره سبز0103كيميابذر(پ),2,40,29065432,746693,774559,700831,-45862,-6.14,726636,-20057,-2.69,700831,774559,1400-4-21,2021-07-12
790,هفجر102,اختيارف ت بفجر8626-01/02/11,2,150000,150000,1,1,1,0,0,1,0,0,1,1,1400-4-21,2021-07-12
791,كصدف,كاشي صدف سرام استقلال آباده,2,1040,25442560,25220,24464,24464,-756,-3,25218,-2,-0.01,24464,24464,1400-4-21,2021-07-12
792,ضمخا7070,اختيارخ اخابر-19700-1400/07/28,2,24,353000,100,100,11,-89,-89,15,-85,-85,11,100,1400-4-21,2021-07-12
793,ضپال2006,اختيارخ اپال-28000-1401/02/12,2,11,22100000,1841,2000,2100,259,14.07,2009,168,9.13,2000,2100,1400-4-21,2021-07-12
794,فولاد2,فولاد مباركه اصفهان,2,92000000,984400000000,10540,10700,10700,160,1.52,10700,160,1.52,10700,10700,1400-4-21,2021-07-12
795,سايرا,ايرانيت‌,2,750,28281000,38477,37708,37708,-769,-2,38473,-4,-0.01,37708,37708,1400-4-21,2021-07-12
796,اراد214,مرابحه عام دولت2ش.خ صادرات0212,2,57612000,54737823738000,1000000,950145,950078,-49922,-4.99,950111,-49889,-4.99,950078,950145,1400-4-21,2021-07-12
797,نبورس,نهادهاي مالي بورس اوراق بهادار,2,100000,3506000000,36900,35060,35060,-1840,-4.99,36780,-120,-0.33,35060,35060,1400-4-21,2021-07-12
798,خاتم2,صندوق س خاتم ايساتيس پويا-ثابت,2,1700000,1700000,11443,1,1,-11442,-99.99,1,-11442,-99.99,1,1,1400-4-21,2021-07-12
799,اراد444,مرابحه عام دولت4-ش.خ 0007,2,4000000,3973872000000,1050000,993536,993400,-56600,-5.39,993468,-56532,-5.38,993400,993536,1400-4-21,2021-07-12
800,كمرجان,بازرگاني و توليدي مرجان كار,2,90,12200040,142690,135556,135556,-7134,-5,142684,-6,0,135556,135556,1400-4-21,2021-07-12
801,اراد834,مرابحه عام دولت83-ش.خ041220,2,26000000,23822513000000,1000000,916281,916220,-83780,-8.38,916250,-83750,-8.38,916220,916281,1400-4-21,2021-07-12
802,لازما,كارخانه هاي صنعتي آزمايش,2,355,11663525,33871,32855,32855,-1016,-3,33870,-1,0,32855,32855,1400-4-21,2021-07-12
803,ثتوسا,س.توسعه و عمران استان اردبيل,2,1950,72852000,38515,37360,37360,-1155,-3,38506,-9,-0.02,37360,37360,1400-4-21,2021-07-12
804,وغدير2,سرمايه‌گذاري‌غدير(هلدينگ‌,2,23500000,307380000000,12950,13080,13080,130,1,13080,130,1,13080,13080,1400-4-21,2021-07-12
805,سخواف,سيمان مجد خواف,2,806,12711426,16258,15771,15771,-487,-3,16257,-1,-0.01,15771,15771,1400-4-21,2021-07-12
806,اراد434,مرابحه عام دولت4-ش.خ 0205,2,3136000,2925737472000,935000,919904,946000,11000,1.18,932952,-2048,-0.22,919904,946000,1400-4-21,2021-07-12
807,ضپاس7032,اختيارخ وپارس-4000-1400/07/28,1,1,150000,100,150,150,50,50,150,50,50,150,150,1400-4-21,2021-07-12
808,فايرا2,آلومينيوم‌ايران‌,1,15000000,235500000000,15600,15700,15700,100,0.64,15700,100,0.64,15700,15700,1400-4-21,2021-07-12
809,حاريا,كشتيراني آريا,1,1500,25198500,17141,16799,16799,-342,-2,17139,-2,-0.01,16799,16799,1400-4-21,2021-07-12
810,كرونا2,تامين مالي جمعي صرفا اهداي سود,1,100,1000000,10000,10000,10000,0,0,10000,0,0,10000,10000,1400-4-21,2021-07-12
811,اراد60,مرابحه عام دولتي6-ش.خ0210,1,1000,960989000,969989,960989,960989,-9000,-0.93,960989,-9000,-0.93,960989,960989,1400-4-21,2021-07-12
812,وسقم,شركت س استان قم,1,4000,5356000,1409,1339,1339,-70,-4.97,1409,0,0,1339,1339,1400-4-21,2021-07-12
813,صگل1411,ص اجاره گل گهر 1411-3 ماهه 17%,1,20,19400000,970000,970000,970000,0,0,970000,0,0,970000,970000,1400-4-21,2021-07-12
814,اخزا9102,اسنادخزانه-م10بودجه99-020807,1,162728,103592644800,636244,636600,636600,356,0.06,636600,356,0.06,636600,636600,1400-4-21,2021-07-12
815,ضگل8072,اختيارخ كگل-8700-1400/08/23,1,2,14400000,6550,7200,7200,650,9.92,7200,650,9.92,7200,7200,1400-4-21,2021-07-12
816,دماوند2,توليد نيروي برق دماوند,1,14030000,403895640000,28778,28788,28788,10,0.03,28788,10,0.03,28788,28788,1400-4-21,2021-07-12
817,آگاس2,صندوق س.هستي بخش آگاه-س,1,100000,100000,72162,1,1,-72161,-100,1,-72161,-100,1,1,1400-4-21,2021-07-12
818,اراد43,مرابحه عام دولت4-ش.خ 0205,1,5000,4675000000,935000,935000,935000,0,0,935000,0,0,935000,935000,1400-4-21,2021-07-12
819,ضغدر8059,اختيارخ وغدير-12000-1400/08/26,1,1,3500000,2800,3500,3500,700,25,3500,700,25,3500,3500,1400-4-21,2021-07-12
820,افاد24,منفعت دولتي2-شرايط خاص14000626,1,5490000,5495061780000,985000,1000922,1000922,15922,1.62,1000922,15922,1.62,1000922,1000922,1400-4-21,2021-07-12
821,اراد344,مرابحه عام دولت3-ش.خ 0305,1,2000000,1752326000000,1000000,876163,876163,-123837,-12.38,876163,-123837,-12.38,876163,876163,1400-4-21,2021-07-12
822,تكنار,مجتمع معادن مس تكنار,1,90,10133550,116077,112595,112595,-3482,-3,116073,-4,0,112595,112595,1400-4-21,2021-07-12
823,ضملت8041,اختيارخ وبملت-3434-1400/08/19,1,10,10200000,1019,1020,1020,1,0.1,1020,1,0.1,1020,1020,1400-4-21,2021-07-12
824,خساپا2,سايپا,1,20000000,37540000000,1877,1877,1877,0,0,1877,0,0,1877,1877,1400-4-21,2021-07-12
825,ضچاد7032,اختيارخ كچاد-15870-1400/07/04,1,1,11500000,8650,11500,11500,2850,32.95,11500,2850,32.95,11500,11500,1400-4-21,2021-07-12
826,افران2,صندوق س افرا نماد پايدار-ثابت,1,800000,800000,13738,1,1,-13737,-99.99,1,-13737,-99.99,1,1,1400-4-21,2021-07-12
827,افاد14,منفعت دولت-با شرايط خاص140006,1,10000000,10055820000000,990000,1005582,1005582,15582,1.57,1005582,15582,1.57,1005582,1005582,1400-4-21,2021-07-12
828,ضسپا8040,اختيارخ خساپا-1400-1400/08/26,1,10,6200000,642,620,620,-22,-3.43,620,-22,-3.43,620,620,1400-4-21,2021-07-12
829,ضترا8059,اختيارخ شتران-3882-1400/08/09,1,10,20990000,1800,2099,2099,299,16.61,2099,299,16.61,2099,2099,1400-4-21,2021-07-12
830,تملي802,تسهيلات مسكن ب. ملي-ارديبهشت98,1,8,5703248,750427,712906,712906,-37521,-5,712906,-37521,-5,712906,712906,1400-4-21,2021-07-12
831,اوصتا4,صندوق انديشه ورزان صباتامين -د,1,13037130,250000004880,19170,19176,19176,6,0.03,19176,6,0.03,19176,19176,1400-4-21,2021-07-12
832,كچاد2,معدني‌وصنعتي‌چادرملو,1,24108207,598124615670,24810,24810,24810,0,0,24810,0,0,24810,24810,1400-4-21,2021-07-12
833,ضپاس7031,اختيارخ وپارس-3500-1400/07/28,1,1,320000,200,320,320,120,60,320,120,60,320,320,1400-4-21,2021-07-12
834,خپارس2,پارس‌ خودرو,1,20000000,24140000000,1207,1207,1207,0,0,1207,0,0,1207,1207,1400-4-21,2021-07-12
835,ضفار8054,اختيارخ فارس-13400-1400/08/05,1,2,200000,1,100,100,99,9900,100,99,9900,100,100,1400-4-21,2021-07-12
836,نيرو,نيرو سرمايه,1,120,5865360,51450,48878,48878,-2572,-5,51448,-2,0,48878,48878,1400-4-21,2021-07-12
837,ضپيك7043,اختيارخ تاپيكو-10070-00/07/18,1,10,31000000,2810,3100,3100,290,10.32,3100,290,10.32,3100,3100,1400-4-21,2021-07-12
838,افاد44,منفعت دولتي4-شرايط خاص14010729,1,2500000,2421330000000,1070781,968532,968532,-102249,-9.55,968532,-102249,-9.55,968532,968532,1400-4-21,2021-07-12
839,ضسان7078,اختيارخ پارسان-18000-00/07/14,1,10,79000000,7333,7900,7900,567,7.73,7900,567,7.73,7900,7900,1400-4-21,2021-07-12
840,ضغدر8056,اختيارخ وغدير-8000-1400/08/26,1,1,6000000,5001,6000,6000,999,19.98,6000,999,19.98,6000,6000,1400-4-21,2021-07-12
841,اراد594,مرابحه عام دولتي5-ش.خ 0309,1,8000000,7454800000000,1000000,931850,931850,-68150,-6.82,931850,-68150,-6.82,931850,931850,1400-4-21,2021-07-12
842,اراد644,مرابحه عام دولتي64-ش.خ0111,1,3300000,3128624400000,944500,948068,948068,3568,0.38,948068,3568,0.38,948068,948068,1400-4-21,2021-07-12
843,اخزا8202,اسنادخزانه-م20بودجه98-020806,1,130000,83200000000,635824,640000,640000,4176,0.66,640000,4176,0.66,640000,640000,1400-4-21,2021-07-12
844,كهرام,توليدي گرانيت بهسرام,1,50,5380900,113282,107618,107618,-5664,-5,113279,-3,0,107618,107618,1400-4-21,2021-07-12
845,ثزاگرس,سرمايه گذاري توسعه عمران زاگرس,1,99,5007222,53240,50578,50578,-2662,-5,53239,-1,0,50578,50578,1400-4-21,2021-07-12
846,ضسان7080,اختيارخ پارسان-24000-00/07/14,1,12,48000000,4000,4000,4000,0,0,4000,0,0,4000,4000,1400-4-21,2021-07-12
847,آريا2,پليمر آريا ساسول,1,5835000,526054425000,90155,90155,90155,0,0,90155,0,0,90155,90155,1400-4-21,2021-07-12
848,ضمخا7075,اختيارخ اخابر-8700-1400/07/28,1,6,9294000,1342,1549,1549,207,15.42,1549,207,15.42,1549,1549,1400-4-21,2021-07-12
849,اراد384,مرابحه عام دولت3-ش.خ 0105,1,1632000,1574222304000,1009000,964597,964597,-44403,-4.4,964597,-44403,-4.4,964597,964597,1400-4-21,2021-07-12
850,پارسان2,گسترش نفت و گاز پارسيان,1,8700000,211845000000,24110,24350,24350,240,1,24350,240,1,24350,24350,1400-4-21,2021-07-12
851,آسام4,صندوق س.آرمان سپهر آشنا-م,1,360000,40320000000,109207,112000,112000,2793,2.56,112000,2793,2.56,112000,112000,1400-4-21,2021-07-12
852,اراد364,مرابحه عام دولت3-ش.خ 0104,1,2622000,2500077000000,999000,953500,953500,-45500,-4.55,953500,-45500,-4.55,953500,953500,1400-4-21,2021-07-12
853,ضغدر8060,اختيارخ وغدير-14000-1400/08/26,1,20,30000000,1471,1500,1500,29,1.97,1500,29,1.97,1500,1500,1400-4-21,2021-07-12
854,اراد494,مرابحه عام دولت4-ش.خ 0206,1,103000,97850000000,967000,950000,950000,-17000,-1.76,950000,-17000,-1.76,950000,950000,1400-4-21,2021-07-12
855,ولراز,ليزينگ رازي,1,450,23938200,55995,53196,53196,-2799,-5,55988,-7,-0.01,53196,53196,1400-4-21,2021-07-12
856,ضپاس7028,اختيارخ وپارس-2000-1400/07/28,1,5,5000000,900,1000,1000,100,11.11,1000,100,11.11,1000,1000,1400-4-21,2021-07-12
857,ضفار8051,اختيارخ فارس-8400-1400/08/05,1,2,6400000,2700,3200,3200,500,18.52,3200,500,18.52,3200,3200,1400-4-21,2021-07-12
858,ضصاد8037,اختيارخ وبصادر-4489-1400/08/12,1,3,75000,20,25,25,5,25,25,5,25,25,25,1400-4-21,2021-07-12
859,اخزا722,اسنادخزانه-م22بودجه97-000428,1,51,50847000,993481,997000,997000,3519,0.35,997000,3519,0.35,997000,997000,1400-4-21,2021-07-12
860,اراد374,مرابحه عام دولت3-ش.خ 0005,1,1000000,999034000000,999999,999034,999034,-965,-0.1,999034,-965,-0.1,999034,999034,1400-4-21,2021-07-12
861,فاراك2,ماشين‌ سازي‌ اراك‌,1,206000000,403760000000,1960,1960,1960,0,0,1960,0,0,1960,1960,1400-4-21,2021-07-12
862,نكالا2,نهادهاي مالي بورس كالاي ايران,1,12388887,222999966000,16320,18000,18000,1680,10.29,18000,1680,10.29,18000,18000,1400-4-21,2021-07-12
863,فنوال2,نورد آلومينيوم‌,1,20000000,496400000000,24530,24820,24820,290,1.18,24820,290,1.18,24820,24820,1400-4-21,2021-07-12
864,ثاصفا,شركت‌ ساختمان‌ اصفهان‌,1,200,5139800,26493,25699,25699,-794,-3,26493,0,0,25699,25699,1400-4-21,2021-07-12
865,نبروج,نساجي بروجرد,1,2,11866,5817,5933,5933,116,1.99,5817,0,0,5933,5933,1400-4-21,2021-07-12
866,جم2,پتروشيمي جم,1,2000000,80000000000,39840,40000,40000,160,0.4,40000,160,0.4,40000,40000,1400-4-21,2021-07-12
867,واميد2,گروه مديريت سرمايه گذاري اميد,1,10000000,102000000000,10190,10200,10200,10,0.1,10200,10,0.1,10200,10200,1400-4-21,2021-07-12
868,ونفت2,سرمايه‌گذاري‌ صنعت‌ نفت‌,1,46700477,752811689240,16230,16120,16120,-110,-0.68,16120,-110,-0.68,16120,16120,1400-4-21,2021-07-12
869,اراد724,مرابحه عام دولت72-ش.خ0311,1,215000,200659500000,925000,933300,933300,8300,0.9,933300,8300,0.9,933300,933300,1400-4-21,2021-07-12
870,وشمال,س. چشم انداز توسعه شمال,1,60,5122920,88022,85382,85382,-2640,-3,88021,-1,0,85382,85382,1400-4-21,2021-07-12
