,نماد,نام,تعداد,حجم,ارزش,دیروز,اولین,آخرین معامله - مقدار,آخرین معامله - تغییر,آخرین معامله - درصد,قیمت پایانی - مقدار,قیمت پایانی - تغییر,قیمت پایانی - درصد,کمترین,بیشترین,تاریخ,gregorian_date
0,فسبزوار,پارس فولاد سبزوار,501537,143055136,5341083865670,38320,38800,36580,-1740,-4.54,37340,-980,-2.56,36410,39400,1400-7-3,2021-09-25
1,فجهان,مجتمع جهان فولاد سيرجان,294711,565084203,3790181992571,6968,6855,6620,-348,-4.99,6707,-261,-3.75,6620,7150,1400-7-3,2021-09-25
2,مديريت,س. و خدمات مديريت صند. ب كشوري,155749,50725203,513033428744,10180,10270,10020,-160,-1.57,10114,-66,-0.65,9773,10600,1400-7-3,2021-09-25
3,پالايش,صندوق پالايشي يكم-سهام,51663,57617377,4600941232310,75340,78950,81180,5840,7.75,79850,4510,5.99,78450,81290,1400-7-3,2021-09-25
4,توسن,توسعه سامانه ي نرم افزاري نگين,47218,3818645,38365926315,9569,10047,10047,478,5,10047,478,5,10047,10047,1400-7-3,2021-09-25
5,وهامون,سرمايه گذاري هامون صبا,24681,47142696,173446955932,3788,3845,3615,-173,-4.57,3679,-109,-2.88,3599,3930,1400-7-3,2021-09-25
6,دارا يكم,صندوق واسطه گري مالي يكم-سهام,22239,14184475,1818680137830,123440,127000,129540,6100,4.94,128220,4780,3.87,126180,129590,1400-7-3,2021-09-25
7,دي,بانك دي,19718,606675123,666111469553,1070,1100,1110,40,3.74,1098,28,2.62,1083,1120,1400-7-3,2021-09-25
8,شستا,سرمايه گذاري تامين اجتماعي,18425,74946067,954788394980,12330,12620,12760,430,3.49,12740,410,3.33,12530,12890,1400-7-3,2021-09-25
9,بركت,گروه دارويي بركت,18150,27783368,956248296880,33790,34300,34830,1040,3.08,34420,630,1.86,33100,35190,1400-7-3,2021-09-25
10,شپنا,پالايش نفت اصفهان,17592,170244153,2221267494640,12440,13030,13060,620,4.98,13050,610,4.9,12770,13060,1400-7-3,2021-09-25
11,فولاد,فولاد مباركه اصفهان,16336,101417753,1069930657640,10100,10280,10580,480,4.75,10550,450,4.46,10280,10600,1400-7-3,2021-09-25
12,سپيد,سپيد ماكيان,14792,2844907,166556796140,58310,58100,58560,250,0.43,58550,240,0.41,57590,60020,1400-7-3,2021-09-25
13,فملي,ملي‌ صنايع‌ مس‌ ايران‌,14599,91514645,1152434490030,12050,12490,12650,600,4.98,12590,540,4.48,12300,12650,1400-7-3,2021-09-25
14,سپيدار,سپيدار سيستم آسيا,13699,2017573,37226817014,18440,19230,18400,-40,-0.22,18451,11,0.06,18002,19230,1400-7-3,2021-09-25
15,خودرو,ايران‌ خودرو,13128,331653590,625213212557,1814,1900,1904,90,4.96,1885,71,3.91,1834,1904,1400-7-3,2021-09-25
16,فافق,صنايع مس افق كرمان,13079,35730502,212016285813,6115,5932,5932,-183,-2.99,5934,-181,-2.96,5932,6060,1400-7-3,2021-09-25
17,شتران,پالايش نفت تهران,12395,167851770,1832846320160,10400,10920,10920,520,5,10920,520,5,10880,10920,1400-7-3,2021-09-25
18,خساپا,سايپا,11788,354346880,621142821550,1687,1739,1771,84,4.98,1753,66,3.91,1710,1771,1400-7-3,2021-09-25
19,گدنا,تهيه توزيع غذاي دنا آفرين فدك,10455,3082949,62157089782,19849,19600,20265,416,2.1,20162,313,1.58,19600,20680,1400-7-3,2021-09-25
20,حآفرين,ريل پرداز نو آفرين,10287,43210685,202117304403,4624,4840,4624,0,0,4677,53,1.15,4420,4840,1400-7-3,2021-09-25
21,كاما,باما,9799,75210995,805048546500,10760,10880,10920,160,1.49,10700,-60,-0.56,10360,11000,1400-7-3,2021-09-25
22,آبادا,توليد نيروي برق آبادان,9006,14835259,219913032750,15500,14860,15000,-500,-3.23,14820,-680,-4.39,14730,15450,1400-7-3,2021-09-25
23,ومدير,گ.مديريت ارزش سرمايه ص ب كشوري,8913,25345349,123991310603,4710,4745,4945,235,4.99,4892,182,3.86,4745,4945,1400-7-3,2021-09-25
24,خگستر,گسترش‌سرمايه‌گذاري‌ايران‌خودرو,8693,179261061,452022656314,2436,2481,2557,121,4.97,2522,86,3.53,2461,2557,1400-7-3,2021-09-25
25,لطيف,محصولات كاغذي لطيف,8641,653323,29092060650,43946,45300,44850,904,2.06,44529,583,1.33,43750,45520,1400-7-3,2021-09-25
26,تپكو,توليدتجهيزات‌سنگين‌هپكو,8532,127508028,291260219462,3001,2350,2310,-691,-23.03,2284,-717,-23.89,2280,2350,1400-7-3,2021-09-25
27,ولپارس,ليزينگ پارسيان,8436,17650340,83075192190,4870,4650,4632,-238,-4.89,4707,-163,-3.35,4627,4990,1400-7-3,2021-09-25
28,چخزر,صنايع چوب خزر كاسپين,8353,773181,26530208590,33174,33440,34799,1625,4.9,34313,1139,3.43,32750,34832,1400-7-3,2021-09-25
29,ولكار,ليزينگ كارآفرين,8171,3672731,15176305180,4076,3955,4149,73,1.79,4132,56,1.37,3955,4200,1400-7-3,2021-09-25
30,كرمان,س. توسعه و عمران استان كرمان,7831,214049274,256638415120,1178,1210,1198,20,1.7,1199,21,1.78,1187,1224,1400-7-3,2021-09-25
31,اتكاي,بيمه اتكايي ايرانيان,7695,109484992,1219306210613,11027,11578,10476,-551,-5,11137,110,1,10476,11578,1400-7-3,2021-09-25
32,فتوسا,توليد و توسعه سرب روي ايرانيان,7203,2947566,40217718371,13003,13600,13653,650,5,13644,641,4.93,13250,13653,1400-7-3,2021-09-25
33,وسپهر,سرمايه گذاري مالي سپهرصادرات,7182,15092846,123632733035,8391,8438,8186,-205,-2.44,8191,-200,-2.38,8060,8490,1400-7-3,2021-09-25
34,حگردش,ريل گردش ايرانيان,7156,16469179,48101043476,2879,2965,2958,79,2.74,2921,42,1.46,2803,2965,1400-7-3,2021-09-25
35,رافزا,رايان هم افزا,7037,710543,59234275873,79730,79574,83716,3986,5,83365,3635,4.56,79574,83716,1400-7-3,2021-09-25
36,كماسه,تامين‌ ماسه‌ ريخته‌گري‌,6951,76404720,514326269770,6300,6500,6710,410,6.51,6730,430,6.83,6400,6820,1400-7-3,2021-09-25
37,بوعلي,پتروشيمي بوعلي سينا,6915,2924166,199636504980,65450,65600,68720,3270,5,68270,2820,4.31,65600,68720,1400-7-3,2021-09-25
38,شاروم,پتروشيمي اروميه,6860,1931256,34524379020,17317,17338,17998,681,3.93,17877,560,3.23,17338,18180,1400-7-3,2021-09-25
39,كمند,صندوق س. با درآمد ثابت كمند,6839,222103660,2244226969961,10089,10104,10105,16,0.16,10104,15,0.15,10104,10106,1400-7-3,2021-09-25
40,امين,تامين سرمايه امين,6726,3183779,32094783380,10040,10090,10070,30,0.3,10070,30,0.3,10040,10140,1400-7-3,2021-09-25
41,وكبهمن,مديريت سرمايه گذاري كوثربهمن,6661,3155547,36755866133,11192,11101,11751,559,4.99,11648,456,4.07,11101,11751,1400-7-3,2021-09-25
42,فگستر,گسترش صنايع روي ايرانيان,6651,2367142,30975403001,12888,13000,13109,221,1.71,13086,198,1.54,12880,13530,1400-7-3,2021-09-25
43,آريا,پليمر آريا ساسول,6623,2880567,301971183474,100069,103501,105072,5003,5,104830,4761,4.76,103400,105072,1400-7-3,2021-09-25
44,زملارد,كشاورزي و دامپروري ملارد شير,6620,747451,20219107267,26724,26250,26903,179,0.67,27051,327,1.22,26250,27900,1400-7-3,2021-09-25
45,غكورش,صنعت غذايي كورش,6587,4171043,191772235810,44100,45950,46300,2200,4.99,45980,1880,4.26,45000,46300,1400-7-3,2021-09-25
46,وتجارت,بانك تجارت,6527,116205179,250960644106,2117,2132,2189,72,3.4,2160,43,2.03,2132,2195,1400-7-3,2021-09-25
47,ثبهساز,بهساز كاشانه تهران,6476,32338488,64886426537,1966,1999,2020,54,2.75,2006,40,2.03,1975,2034,1400-7-3,2021-09-25
48,امين يكم,صندوق درآمد ثابت امين يكم فردا,6326,171843955,1719788308499,10154,10008,10009,-145,-1.43,10008,-146,-1.44,10001,10011,1400-7-3,2021-09-25
49,نوري,پتروشيمي نوري,6241,6188422,640808592640,98750,101890,103680,4930,4.99,103550,4800,4.86,101500,103680,1400-7-3,2021-09-25
50,ثاميد,توسعه و عمران اميد,6117,35507445,56111524466,1523,1530,1599,76,4.99,1580,57,3.74,1530,1599,1400-7-3,2021-09-25
51,پترول,گ.س.وت.ص.پتروشيمي خليج فارس,6039,65282882,243681192956,3706,3545,3781,75,2.02,3733,27,0.73,3545,3850,1400-7-3,2021-09-25
52,وبملت,بانك ملت,6020,133369254,505905256776,3662,3750,3800,138,3.77,3793,131,3.58,3740,3830,1400-7-3,2021-09-25
53,خبنيان,بنيان ديزل,6015,850800,105158880000,120000,123600,123600,3600,3,123600,3600,3,123600,123600,1400-7-3,2021-09-25
54,غگيلا,شيرپاستوريزه پگاه گيلان,5829,4566036,99278579464,21302,20700,22365,1063,4.99,21743,441,2.07,20663,22367,1400-7-3,2021-09-25
55,بپيوند,برق و انرژي پيوندگستر پارس,5662,4907726,54089739510,10895,11290,11173,278,2.55,11021,126,1.16,10895,11290,1400-7-3,2021-09-25
56,كزغال,زغال سنگ پروده طبس,5620,1975443,71199015646,35391,35140,36260,869,2.46,36042,651,1.84,34520,36700,1400-7-3,2021-09-25
57,كيان,صندوق س. با درآمد ثابت كيان,5395,59107345,1813431393583,30643,30680,30681,38,0.12,30680,37,0.12,30601,30685,1400-7-3,2021-09-25
58,كالا,بورس كالاي ايران,5162,18121610,759272421930,43870,41690,41680,-2190,-4.99,41900,-1970,-4.49,41680,43130,1400-7-3,2021-09-25
59,خصدرا,صنعتي‌ دريايي‌ ايران‌,5141,120282665,405147747828,3502,3327,3327,-175,-5,3368,-134,-3.83,3327,3600,1400-7-3,2021-09-25
60,خپارس,پارس‌ خودرو,4937,197128249,222358479577,1080,1126,1134,54,5,1128,48,4.44,1108,1134,1400-7-3,2021-09-25
61,قثابت,قند ثابت‌ خراسان‌,4909,69132732,220312092236,3287,3230,3199,-88,-2.68,3187,-100,-3.04,3123,3346,1400-7-3,2021-09-25
62,صبا,سرمايه گذاري صبا تامين,4812,33614447,237471238134,6744,6920,7081,337,5,7065,321,4.76,6920,7081,1400-7-3,2021-09-25
63,ذوب,سهامي ذوب آهن  اصفهان,4724,69580564,283608286126,3911,3951,4098,187,4.78,4076,165,4.22,3951,4106,1400-7-3,2021-09-25
64,سيتا,سرمايه گذاري سيمان تامين,4709,4746485,59466146470,12370,12500,12680,310,2.51,12530,160,1.29,12240,12800,1400-7-3,2021-09-25
65,بگيلان,توسعه مسير برق گيلان,4654,709769,12904269281,17975,18446,18290,315,1.75,18060,85,0.47,17820,18500,1400-7-3,2021-09-25
66,خزر,فنرسازي‌زر,4573,16544559,355051588270,22250,21200,21140,-1110,-4.99,21460,-790,-3.55,21140,22660,1400-7-3,2021-09-25
67,خفنر,فنرسازي‌خاور,4445,46724681,414807965020,9240,8780,9000,-240,-2.6,8880,-360,-3.9,8780,9100,1400-7-3,2021-09-25
68,سنير,سيمان‌ سفيد ني‌ريز,4245,1698832,209019485070,120870,118000,124930,4060,3.36,123040,2170,1.8,116020,126900,1400-7-3,2021-09-25
69,اعتماد,صندوق س.اعتماد آفرين پارسيان-د,4210,76011480,2959516675260,38907,38934,38936,29,0.07,38935,28,0.07,38933,38939,1400-7-3,2021-09-25
70,خبهمن,گروه‌بهمن‌,4198,206195416,337911191422,1575,1590,1653,78,4.95,1639,64,4.06,1590,1653,1400-7-3,2021-09-25
71,شبندر,پالايش نفت بندرعباس,4197,98084750,613976845640,5970,6260,6260,290,4.86,6260,290,4.86,6200,6260,1400-7-3,2021-09-25
72,وبصادر,بانك صادرات ايران,4194,100011152,211937982917,2066,2120,2150,84,4.07,2119,53,2.57,2071,2152,1400-7-3,2021-09-25
73,وپويا,سرمايه گذاري پويا,4180,8592227,40199627699,4509,4555,4699,190,4.21,4679,170,3.77,4555,4730,1400-7-3,2021-09-25
74,شگويا,پتروشيمي تندگويان,4099,23976709,264319722908,10505,11000,11030,525,5,11024,519,4.94,10800,11030,1400-7-3,2021-09-25
75,ختور,رادياتور ايران‌,3924,11077748,263717346710,24720,24100,23990,-730,-2.95,23810,-910,-3.68,23490,25500,1400-7-3,2021-09-25
76,پدرخش,درخشان‌ تهران‌,3864,11239488,345339319310,31990,30400,30400,-1590,-4.97,30730,-1260,-3.94,30400,32560,1400-7-3,2021-09-25
77,حشكوه,دليجان طلايي شكوه پارس,3810,9879792,29974951980,3116,3061,3023,-93,-2.98,3034,-82,-2.63,3023,3160,1400-7-3,2021-09-25
78,وسكرشا,س.سهام عدالت استان كرمانشاه,3795,207090766,113516940503,533,520,559,26,4.88,548,15,2.81,520,559,1400-7-3,2021-09-25
79,خنصير,مهندسي‌نصيرماشين‌,3659,18200902,363408903060,19150,19590,20100,950,4.96,19970,820,4.28,19300,20100,1400-7-3,2021-09-25
80,غفارس,شير پاستوريزه پگاه فارس,3461,16299485,162120213405,10303,10000,10090,-213,-2.07,9946,-357,-3.47,9788,10540,1400-7-3,2021-09-25
81,خريخت,صنايع‌ريخته‌گري‌ايران‌,3372,65799197,280190008516,4218,4380,4140,-78,-1.85,4258,40,0.95,4041,4428,1400-7-3,2021-09-25
82,فخوز,فولاد  خوزستان,3241,15621995,258423798650,16030,16420,16670,640,3.99,16540,510,3.18,16140,16740,1400-7-3,2021-09-25
83,سرو,صندوق س سروسودمند مدبران-سهام,3212,3583696,278888611920,74870,77200,78710,3840,5.13,77820,2950,3.94,76800,78800,1400-7-3,2021-09-25
84,سمگا,گروه سرمايه گذاري ميراث فرهنگي,3202,20028832,263223609010,13213,13420,13050,-163,-1.23,13142,-71,-0.54,13000,13513,1400-7-3,2021-09-25
85,پيزد,مجتمع صنايع لاستيك يزد,3197,216137,13836216183,63195,62090,63700,505,0.8,63943,748,1.18,62090,65358,1400-7-3,2021-09-25
86,خودكفا,اقتصادي و خودكفايي آزادگان,3113,15798505,210284452308,13460,13200,13380,-80,-0.59,13310,-150,-1.11,13060,13688,1400-7-3,2021-09-25
87,چكاپا,گروه صنايع كاغذ پارس,3089,36777545,134066742549,3496,3558,3670,174,4.98,3645,149,4.26,3558,3670,1400-7-3,2021-09-25
88,اپال,فرآوري معدني اپال كاني پارس,3059,4280245,85539881840,19650,20550,20190,540,2.75,19880,230,1.17,19600,20550,1400-7-3,2021-09-25
89,ملت,بيمه ملت,3001,104133925,131239024960,1262,1279,1270,8,0.63,1260,-2,-0.16,1236,1310,1400-7-3,2021-09-25
90,كاوه,فولاد كاوه جنوب كيش,2999,15418741,286073002180,17710,18200,18560,850,4.8,18550,840,4.74,18100,18590,1400-7-3,2021-09-25
91,غدام,خوراك‌  دام‌ پارس‌,2986,1135300,227982513410,191790,201000,201370,9580,5,200810,9020,4.7,195200,201370,1400-7-3,2021-09-25
92,وسديد,گروه ‌صنعتي‌سديد,2802,45515451,60894470497,1373,1340,1332,-41,-2.99,1338,-35,-2.55,1332,1398,1400-7-3,2021-09-25
93,هاي وب,داده گسترعصرنوين-هاي وب,2716,20544331,173555403940,8070,8200,8470,400,4.96,8450,380,4.71,8200,8470,1400-7-3,2021-09-25
94,غگل,گلوكوزان‌,2700,30301841,111755162752,3525,3630,3701,176,4.99,3688,163,4.62,3601,3701,1400-7-3,2021-09-25
95,ومعادن,توسعه‌معادن‌وفلزات‌,2646,15465868,158504822570,9890,10200,10370,480,4.85,10250,360,3.64,10000,10380,1400-7-3,2021-09-25
96,فارس,صنايع پتروشيمي خليج فارس,2607,19262111,239229042230,12100,12160,12420,320,2.64,12420,320,2.64,12160,12700,1400-7-3,2021-09-25
97,فروي,ذوب روي اصفهان,2596,2197834,66985169255,29545,30500,31022,1477,5,30478,933,3.16,30000,31022,1400-7-3,2021-09-25
98,وپارس,بانك‌پارسيان‌,2594,64745943,176700616825,2681,2710,2760,79,2.95,2729,48,1.79,2685,2779,1400-7-3,2021-09-25
99,فمراد,آلومراد,2594,5333198,118779431330,23040,23270,21910,-1130,-4.9,22270,-770,-3.34,21890,23990,1400-7-3,2021-09-25
100,كمرجان,بازرگاني و توليدي مرجان كار,2572,1700887,147026741303,83598,82510,85460,1862,2.23,86441,2843,3.4,82510,87777,1400-7-3,2021-09-25
101,شسپا,نفت سپاهان,2543,38535991,132631951338,3360,3470,3458,98,2.92,3442,82,2.44,3390,3500,1400-7-3,2021-09-25
102,وغدير,سرمايه‌گذاري‌غدير(هلدينگ‌,2542,36555512,529574711630,13800,14280,14490,690,5,14490,690,5,14150,14490,1400-7-3,2021-09-25
103,كتوكا,توليدي و خدمات صنايع نسوز توكا,2510,4682588,96141574043,20950,21110,20060,-890,-4.25,20532,-418,-2,20000,21440,1400-7-3,2021-09-25
104,تاپيكو,س. نفت و گاز و پتروشيمي تأمين,2504,20210807,276377004050,13060,13470,13690,630,4.82,13670,610,4.67,13320,13710,1400-7-3,2021-09-25
105,وخارزم,سرمايه گذاري خوارزمي,2433,35152041,183786174766,4980,5229,5229,249,5,5228,248,4.98,5180,5229,1400-7-3,2021-09-25
106,كلر,كلر پارس,2409,1805943,220848888217,116877,122100,122720,5843,5,122290,5413,4.63,119550,122720,1400-7-3,2021-09-25
107,خموتور,موتورسازان‌تراكتورسازي‌ايران‌,2372,13568370,181379636280,13780,14450,13100,-680,-4.93,13370,-410,-2.98,13100,14450,1400-7-3,2021-09-25
108,خاور,ايران خودرو ديزل,2357,16413530,122498967671,7439,7450,7524,85,1.14,7463,24,0.32,7216,7659,1400-7-3,2021-09-25
109,شپديس,پتروشيمي پرديس,2342,4273229,694415253190,154780,162510,162510,7730,4.99,162500,7720,4.99,160000,162510,1400-7-3,2021-09-25
110,شصدف,صنعتي دوده فام,2320,2595405,89573865582,32950,33900,34597,1647,5,34512,1562,4.74,33035,34597,1400-7-3,2021-09-25
111,كوير,توليدي فولاد سپيد فراب كوير,2310,8862149,124518412420,13990,14070,14100,110,0.79,14050,60,0.43,13830,14450,1400-7-3,2021-09-25
112,حريل,ريل پردازسير,2292,30075587,122313967543,3986,4023,4185,199,4.99,4067,81,2.03,3900,4185,1400-7-3,2021-09-25
113,حآسا,آسيا سير ارس,2255,4102672,93344349793,23458,24000,22286,-1172,-5,22752,-706,-3.01,22286,24330,1400-7-3,2021-09-25
114,بترانس,ايران‌ ترانسفو,2243,54280079,130061983245,2288,2400,2402,114,4.98,2396,108,4.72,2360,2402,1400-7-3,2021-09-25
115,كرازي,كارخانجات‌توليدي‌شيشه‌رازي‌,2225,77508076,122621483113,1514,1558,1589,75,4.95,1582,68,4.49,1531,1589,1400-7-3,2021-09-25
116,وبانك,سرمايه گذاري گروه توسعه ملي,2202,23906653,200412594120,8010,8150,8410,400,4.99,8380,370,4.62,8150,8410,1400-7-3,2021-09-25
117,دسانكو,داروسازي سبحان انكولوژي,2197,11516632,195038709393,16233,16800,16800,567,3.49,16935,702,4.32,16507,17044,1400-7-3,2021-09-25
118,آگاس,صندوق س.هستي بخش آگاه-س,2162,1487297,122536532128,79037,81302,83556,4519,5.72,82389,3352,4.24,81222,83700,1400-7-3,2021-09-25
119,دماوند,توليد نيروي برق دماوند,2153,5083418,130975193131,26947,25600,25940,-1007,-3.74,25765,-1182,-4.39,25600,26590,1400-7-3,2021-09-25
120,ثنوسا,نوسازي‌وساختمان‌تهران‌,2150,14117526,100502497390,7110,7200,7160,50,0.7,7120,10,0.14,6860,7380,1400-7-3,2021-09-25
121,شبهرن,نفت‌ بهران‌,2032,10689290,133750554860,12150,12160,12600,450,3.7,12510,360,2.96,12000,12750,1400-7-3,2021-09-25
122,گشان,توسعه بين المللي پديده شانديز,2031,3499978,74888976209,21019,21496,21220,201,0.96,21397,378,1.8,21060,21649,1400-7-3,2021-09-25
123,حسير,ريل سير كوثر,2028,6396835,274847881280,41471,41476,43544,2073,5,42966,1495,3.6,41475,43544,1400-7-3,2021-09-25
124,وسكرمان,س.سهام عدالت استان كرمان,2014,146995598,78179466475,508,515,533,25,4.92,532,24,4.72,515,533,1400-7-3,2021-09-25
125,خزاميا,زامياد,1995,20036518,139601736130,6660,6720,6990,330,4.95,6970,310,4.65,6720,6990,1400-7-3,2021-09-25
126,كيسون,شركت كيسون,1964,16349041,145573802633,9177,8902,8902,-275,-3,8904,-273,-2.97,8902,9090,1400-7-3,2021-09-25
127,غنوش,نوش‌ مازندران‌,1941,3435227,135707545610,41200,39300,39140,-2060,-5,39500,-1700,-4.13,39140,40980,1400-7-3,2021-09-25
128,فاراك,ماشين‌ سازي‌ اراك‌,1933,33420682,62577652779,1806,1890,1896,90,4.98,1872,66,3.65,1840,1896,1400-7-3,2021-09-25
129,ثاخت,بين‌المللي‌توسعه‌ساختمان,1931,28574038,67016565829,2301,2392,2370,69,3,2345,44,1.91,2290,2392,1400-7-3,2021-09-25
130,ضخود7075,اختيارخ خودرو-2000-1400/07/07,1927,95894,782886000,11,13,12,1,9.09,8,-3,-27.27,3,14,1400-7-3,2021-09-25
131,چدن,توليدي چدن سازان,1926,29831313,116392066991,3720,3900,3906,186,5,3902,182,4.89,3790,3906,1400-7-3,2021-09-25
132,كفپارس,فرآورده‌هاي‌ نسوز پارس‌,1921,17849140,74523261217,4204,4144,4061,-143,-3.4,4175,-29,-0.69,4001,4350,1400-7-3,2021-09-25
133,فاذر,صنايع‌ آذرآب‌,1912,49652613,61964866786,1214,1262,1253,39,3.21,1248,34,2.8,1220,1265,1400-7-3,2021-09-25
134,ريشمك,توليد و صادرات ريشمك,1898,2140488,105880580295,49946,48000,48610,-1336,-2.67,49466,-480,-0.96,48000,51499,1400-7-3,2021-09-25
135,هرمز,فولاد هرمزگان جنوب,1897,8387699,138778137547,15802,16270,16592,790,5,16545,743,4.7,16200,16592,1400-7-3,2021-09-25
136,ختوقا,قطعات‌ اتومبيل‌ ايران‌,1852,38012502,88393574104,2257,2339,2369,112,4.96,2325,68,3.01,2235,2369,1400-7-3,2021-09-25
137,غويتا,ويتانا,1844,8337164,59973035628,7182,7110,7330,148,2.06,7193,11,0.15,7005,7470,1400-7-3,2021-09-25
138,افران,صندوق س افرا نماد پايدار-ثابت,1822,37225884,533968465809,14321,14343,14344,23,0.16,14344,23,0.16,14343,14348,1400-7-3,2021-09-25
139,ديران,ايران‌دارو,1822,5622538,154413220500,26210,27420,27520,1310,5,27460,1250,4.77,27000,27520,1400-7-3,2021-09-25
140,غبهنوش,بهنوش‌ ايران‌,1815,1512247,104942446200,72610,69900,68980,-3630,-5,69400,-3210,-4.42,68980,71360,1400-7-3,2021-09-25
141,كچاد,معدني‌وصنعتي‌چادرملو,1810,3817780,103555285520,26410,26970,27350,940,3.56,27010,600,2.27,26580,27500,1400-7-3,2021-09-25
142,توريل,توكاريل,1790,6624780,112498739153,16976,16966,17100,124,0.73,16982,6,0.04,16128,17568,1400-7-3,2021-09-25
143,ولغدر,ليزينگ‌خودروغدير,1772,5880631,79886555780,13820,13250,13980,160,1.16,13580,-240,-1.74,13130,14280,1400-7-3,2021-09-25
144,شفن,پتروشيمي فناوران,1758,415121,161747377880,378430,387990,390400,11970,3.16,389640,11210,2.96,378100,392000,1400-7-3,2021-09-25
145,فاسمين,كالسيمين‌,1752,17573964,291169974730,15790,16400,16570,780,4.94,16570,780,4.94,16220,16570,1400-7-3,2021-09-25
146,شلرد,كود شيميايي اوره لردگان,1690,16904068,139309508212,8006,8160,8246,240,3,8241,235,2.94,8160,8246,1400-7-3,2021-09-25
147,زاگرس,پتروشيمي زاگرس,1687,877521,221932162770,241422,246990,253493,12071,5,252908,11486,4.76,245057,253493,1400-7-3,2021-09-25
148,بجهرم,توسعه مولد نيروگاهي جهرم,1677,22885325,53142382305,2236,2317,2347,111,4.96,2322,86,3.85,2213,2347,1400-7-3,2021-09-25
149,خمحور,توليدمحورخودرو,1675,21419541,83711926338,4014,3914,3950,-64,-1.59,3908,-106,-2.64,3814,4100,1400-7-3,2021-09-25
150,پتاير,ايران‌ تاير,1674,19420974,50709792517,2524,2580,2645,121,4.79,2611,87,3.45,2555,2647,1400-7-3,2021-09-25
151,قشكر,شكرشاهرود,1663,48547733,168508675633,3610,3590,3522,-88,-2.44,3471,-139,-3.85,3430,3719,1400-7-3,2021-09-25
152,پلاست,كارخانجات توليدي پلاستيران,1658,2692325,151911350400,56561,58257,55700,-861,-1.52,56424,-137,-0.24,54865,58257,1400-7-3,2021-09-25
153,حكشتي,كشتيراني جمهوري اسلامي ايران,1642,10758784,161010163140,14280,14800,14990,710,4.97,14970,690,4.83,14600,14990,1400-7-3,2021-09-25
154,كپشير,پشم‌شيشه‌ايران‌,1618,3293605,66158426810,20580,20690,20000,-580,-2.82,20090,-490,-2.38,19580,20990,1400-7-3,2021-09-25
155,ونوين,بانك‌اقتصادنوين‌,1614,29385259,123425754027,4042,4127,4244,202,5,4200,158,3.91,4072,4244,1400-7-3,2021-09-25
156,چكارن,كارتن‌ ايران‌,1612,39710623,133949730644,3215,3375,3375,160,4.98,3373,158,4.91,3321,3375,1400-7-3,2021-09-25
157,وساپا,سرمايه‌گذاري‌ سايپا,1598,14408982,69526085195,4690,4770,4924,234,4.99,4825,135,2.88,4660,4924,1400-7-3,2021-09-25
158,كترام,توليدي‌ كاشي‌ تكسرام‌,1591,3436809,89616512190,26900,26800,25560,-1340,-4.98,26080,-820,-3.05,25560,27220,1400-7-3,2021-09-25
159,شيران,س. صنايع‌شيميايي‌ايران,1590,4738310,116045398060,24020,25040,24850,830,3.46,24490,470,1.96,23870,25090,1400-7-3,2021-09-25
160,كنورح,ح توسعه معدني و صنعتي صبانور,1576,10718909,167989936960,15330,15330,15400,70,0.46,15670,340,2.22,15330,15990,1400-7-3,2021-09-25
161,كارين,صندوق س نگين سامان-ثابت,1540,58361786,584584638668,10176,10019,10018,-158,-1.55,10017,-159,-1.56,10014,10019,1400-7-3,2021-09-25
162,اخابر,مخابرات ايران,1539,8157914,72980688150,8680,8850,9040,360,4.15,8840,160,1.84,8740,9100,1400-7-3,2021-09-25
163,وپاسار,بانك  پاسارگاد,1538,37409243,551006501910,14720,14310,14740,20,0.14,14730,10,0.07,14310,14750,1400-7-3,2021-09-25
164,خمحركه,نيرو محركه‌,1519,13218450,54420931744,4009,4140,4130,121,3.02,4117,108,2.69,4060,4180,1400-7-3,2021-09-25
165,دتوليد,داروسازي توليد دارو,1504,4634184,60802444566,13213,13658,13498,285,2.16,13120,-93,-0.7,12600,13658,1400-7-3,2021-09-25
166,زماهان,مجتمع توليد گوشت مرغ ماهان,1498,5986818,62127587031,9981,9700,10480,499,5,10377,396,3.97,9700,10480,1400-7-3,2021-09-25
167,حفاري,حفاري شمال,1490,12253120,75441364820,5950,6190,6230,280,4.71,6160,210,3.53,6010,6240,1400-7-3,2021-09-25
168,قرن,پديده شيمي قرن,1482,1648772,48696269240,28350,29690,29760,1410,4.97,29530,1180,4.16,29000,29760,1400-7-3,2021-09-25
169,رمپنا,گروه مپنا (سهامي عام),1476,9848465,175944389400,17930,17650,18080,150,0.84,17870,-60,-0.33,17600,18400,1400-7-3,2021-09-25
170,شزنگ,تجهيزنيروي‌زنگان‌,1463,544400,68217209857,123679,125707,125900,2221,1.8,125307,1628,1.32,121700,127389,1400-7-3,2021-09-25
171,هماي,صندوق س هماي آگاه-ثابت,1458,10052104,100708499149,10479,10019,10019,-460,-4.39,10019,-460,-4.39,10016,10019,1400-7-3,2021-09-25
172,ثرود,سرمايه‌گذاري مسكن زاينده رود,1450,7588615,83377455899,11124,11150,11198,74,0.67,10987,-137,-1.23,10653,11370,1400-7-3,2021-09-25
173,سصفها,سيمان‌اصفهان‌,1438,1200545,61723056400,50980,51890,52000,1020,2,51410,430,0.84,50050,52800,1400-7-3,2021-09-25
174,ثپرديس,سرمايه گذاري مسكن پرديس,1437,21479467,149475769593,6669,6450,7002,333,4.99,6959,290,4.35,6450,7002,1400-7-3,2021-09-25
175,پارند,صندوق س. پارند پايدار سپهر,1432,39638669,400576759495,10092,10106,10106,14,0.14,10106,14,0.14,10105,10107,1400-7-3,2021-09-25
176,ساينا,صنايع بهداشتي ساينا,1423,1247585,183359266294,153241,145579,148002,-5239,-3.42,146971,-6270,-4.09,145579,160000,1400-7-3,2021-09-25
177,خرينگ,رينگ‌سازي‌مشهد,1413,2329120,90810964160,37330,37450,39190,1860,4.98,38990,1660,4.45,37450,39190,1400-7-3,2021-09-25
178,ونيكي,سرمايه‌گذاري‌ ملي‌ايران‌,1406,29270366,312850375250,10190,10600,10690,500,4.91,10690,500,4.91,10420,10690,1400-7-3,2021-09-25
179,فجر,فولاد اميركبيركاشان,1395,3483672,93733409870,25660,26930,26940,1280,4.99,26910,1250,4.87,26550,26940,1400-7-3,2021-09-25
180,دسبحا,گروه دارويي سبحان,1390,3700138,74526416550,20110,19110,20790,680,3.38,20140,30,0.15,19110,20800,1400-7-3,2021-09-25
181,غالبر,لبنيات‌ كالبر,1389,7045084,93674698100,13920,13760,13230,-690,-4.96,13300,-620,-4.45,13230,14090,1400-7-3,2021-09-25
182,خكار,ايركا پارت صنعت,1388,7525039,120758032190,15380,15570,16140,760,4.94,16050,670,4.36,15400,16140,1400-7-3,2021-09-25
183,وهور,مديريت انرژي اميد  تابان هور,1387,35576482,57296208436,1586,1650,1634,48,3.03,1611,25,1.58,1570,1660,1400-7-3,2021-09-25
184,تملت,تامين سرمايه بانك ملت,1384,5211777,25195465827,4680,4840,4877,197,4.21,4834,154,3.29,4741,4910,1400-7-3,2021-09-25
185,زنجان,صنايع كشاورزي وكود زنجان,1377,14636570,79165126498,5553,5387,5387,-166,-2.99,5409,-144,-2.59,5387,5632,1400-7-3,2021-09-25
186,مفاخر,توسعه فناوري اطلاعات خوارزمي,1375,1780083,94304656873,53848,55300,51156,-2692,-5,52978,-870,-1.62,51156,55300,1400-7-3,2021-09-25
187,وسنا,سرمايه گذاري نيروگاهي ايران,1375,5945491,88730137394,15436,14665,15001,-435,-2.82,14924,-512,-3.32,14665,15230,1400-7-3,2021-09-25
188,غپينو,پارس‌ مينو,1361,10724928,51049570490,4700,4890,4740,40,0.85,4760,60,1.28,4660,4900,1400-7-3,2021-09-25
189,فرابورس,فرابورس ايران,1361,2245314,77984245848,36560,34732,34732,-1828,-5,35059,-1501,-4.11,34732,34732,1400-7-3,2021-09-25
190,قنيشا,قند  نيشابور,1360,1561159,63569205220,40450,40560,40990,540,1.33,40720,270,0.67,40000,41600,1400-7-3,2021-09-25
191,زكوثر,سرمايه گذاري كشاورزي كوثر,1360,3014592,55857993220,17700,18570,18580,880,4.97,18530,830,4.69,18100,18580,1400-7-3,2021-09-25
192,كحافظح,ح . كاشي‌ وسراميك‌ حافظ‌,1343,13997448,32481507671,2224,2281,2350,126,5.67,2321,97,4.36,2200,2380,1400-7-3,2021-09-25
193,سفارس,سيمان فارس و خوزستان,1339,6006792,126844801890,20360,21000,21360,1000,4.91,21120,760,3.73,20720,21370,1400-7-3,2021-09-25
194,شبريز,پالايش نفت تبريز,1322,7365869,296296402390,38320,40200,40230,1910,4.98,40230,1910,4.98,39510,40230,1400-7-3,2021-09-25
195,اطلس,صندوق س.توسعه اندوخته آينده-س,1316,523142,134177539257,248462,253431,257400,8938,3.6,256484,8022,3.23,253431,257900,1400-7-3,2021-09-25
196,وصنعت,سرمايه گذاري توسعه صنعت وتجارت,1300,12458619,86288648000,6650,6740,6890,240,3.61,6930,280,4.21,6740,6980,1400-7-3,2021-09-25
197,ثالوند,سرمايه گذاري مسكن الوند,1297,2835819,51256348418,17649,18170,18120,471,2.67,18075,426,2.41,17790,18470,1400-7-3,2021-09-25
198,تسه0005,امتيازتسهيلات مسكن مرداد 1400,1295,29093,18733640605,653199,647000,645000,-8199,-1.26,643923,-9276,-1.42,620540,664999,1400-7-3,2021-09-25
199,كگل,معدني و صنعتي گل گهر,1294,8049343,176991004580,21370,22000,22000,630,2.95,21990,620,2.9,21420,22240,1400-7-3,2021-09-25
200,شغدير,پتروشيمي غدير,1293,2146483,204061565840,90670,92100,95200,4530,5,95070,4400,4.85,92100,95200,1400-7-3,2021-09-25
201,ومهان,گروه توسعه مالي مهر آيندگان,1287,6083779,92900988730,14796,15110,15280,484,3.27,15270,474,3.2,15090,15531,1400-7-3,2021-09-25
202,خمهر,مهركام‌پارس‌,1279,22390863,48589352648,2172,2171,2177,5,0.23,2170,-2,-0.09,2100,2240,1400-7-3,2021-09-25
203,شپترو,پتروشيمي آبادان,1262,12403960,58489565577,4730,4693,4730,0,0,4715,-15,-0.32,4611,4850,1400-7-3,2021-09-25
204,سيلام,سيمان‌ ايلام‌,1261,6718663,63302906690,9860,10100,9370,-490,-4.97,9420,-440,-4.46,9370,10100,1400-7-3,2021-09-25
205,بالبر,كابل‌ البرز,1257,1726785,48285193410,29060,29300,27620,-1440,-4.96,27960,-1100,-3.79,27610,29400,1400-7-3,2021-09-25
206,البرز,بيمه البرز,1255,42214385,113481522909,2587,2610,2716,129,4.99,2688,101,3.9,2591,2716,1400-7-3,2021-09-25
207,وتوس,توسعه‌شهري‌توس‌گستر,1254,3109691,49276155150,16250,15620,15440,-810,-4.98,15850,-400,-2.46,15440,16900,1400-7-3,2021-09-25
208,فباهنر,مس‌ شهيدباهنر,1248,2696220,70357014990,24880,26110,26120,1240,4.98,26090,1210,4.86,25490,26120,1400-7-3,2021-09-25
209,بكام,كارخانجات توليدي شهيد قندي,1238,12373403,31805441704,2505,2600,2588,83,3.31,2570,65,2.59,2510,2606,1400-7-3,2021-09-25
210,وپست,پست بانك ايران,1233,3656454,88528836630,24390,24410,24290,-100,-0.41,24210,-180,-0.74,23500,25390,1400-7-3,2021-09-25
211,ساوه,سيمان ساوه,1228,380629,20718854170,52451,52200,54600,2149,4.1,54433,1982,3.78,52200,55070,1400-7-3,2021-09-25
212,كدما,معدني‌ دماوند,1228,400550,60042445000,157780,149900,149900,-7880,-4.99,149900,-7880,-4.99,149900,149900,1400-7-3,2021-09-25
213,لبوتان,گروه‌صنعتي‌بوتان‌,1224,1742790,93183013640,55770,55000,54750,-1020,-1.83,53470,-2300,-4.12,52990,56870,1400-7-3,2021-09-25
214,افق,فروشگاههاي زنجيره اي افق كوروش,1219,990564,53432522370,53140,53600,55000,1860,3.5,53800,660,1.24,53150,55150,1400-7-3,2021-09-25
215,تبرك,گروه كارخانجات صنعتي تبرك,1215,5277670,59648850972,10794,11000,11333,539,4.99,11302,508,4.71,10794,11333,1400-7-3,2021-09-25
216,غپاك,لبنيات‌ پاك‌,1214,7739364,129608743820,16520,16520,17340,820,4.96,16750,230,1.39,15900,17340,1400-7-3,2021-09-25
217,قشرين,قند شيرين خراسان,1211,6051099,110810065204,18462,18990,18300,-162,-0.88,18312,-150,-0.81,17950,18990,1400-7-3,2021-09-25
218,مدير,ص.س.مديريت ثروت ص.بازنشستگي-س,1198,5089568,49194953611,9341,9499,9780,439,4.7,9666,325,3.48,9426,9849,1400-7-3,2021-09-25
219,ولصنم,ليزينگ‌صنعت‌ومعدن‌,1186,7798739,49925366750,6300,6450,6600,300,4.76,6400,100,1.59,6160,6610,1400-7-3,2021-09-25
220,گكوثر,هتل پارسيان كوثر اصفهان,1184,34618245,75936064715,2135,2150,2187,52,2.44,2194,59,2.76,2090,2228,1400-7-3,2021-09-25
221,ميدكو,توسعه معادن وص.معدني خاورميانه,1173,7805241,369170642070,47290,46210,47310,20,0.04,47300,10,0.02,46210,47350,1400-7-3,2021-09-25
222,وآذر,سرمايه‌گذاري‌توسعه‌آذربايجان‌,1171,1022113,64459573370,60630,63600,63660,3030,5,63070,2440,4.02,61860,63660,1400-7-3,2021-09-25
223,نطرين,عطرين نخ قم,1165,5446130,40819641061,7626,7500,7430,-196,-2.57,7495,-131,-1.72,7376,7796,1400-7-3,2021-09-25
224,وتوصا,گروه س توسعه صنعتي ايران,1163,7798592,75393069370,9230,9520,9690,460,4.98,9670,440,4.77,9280,9690,1400-7-3,2021-09-25
225,فسپا,گروه‌صنعتي‌سپاهان‌,1156,6022442,127738697000,20210,20710,21220,1010,5,21210,1000,4.95,20710,21220,1400-7-3,2021-09-25
226,فولاي,صنايع فولاد آلياژي يزد,1151,4161762,94065430175,21558,22635,22599,1041,4.83,22602,1044,4.84,22340,22635,1400-7-3,2021-09-25
227,كسرام,پارس‌ سرام‌,1145,7745936,44785366300,5640,5650,5750,110,1.95,5780,140,2.48,5600,5920,1400-7-3,2021-09-25
228,حفارس,حمل و نقل بين المللي خليج فارس,1141,13940750,59927399219,4310,4350,4270,-40,-0.93,4299,-11,-0.26,4110,4480,1400-7-3,2021-09-25
229,چافست,افست‌,1132,4061417,50959896990,12680,13120,13000,320,2.52,12550,-130,-1.03,12050,13120,1400-7-3,2021-09-25
230,وثخوز,سرمايه گذاري و توسعه خوزستان,1131,1549653,56263655108,37819,36000,36300,-1519,-4.02,36307,-1512,-4,35929,39200,1400-7-3,2021-09-25
231,غمينو,شركت صنايع غذايي مينو شرق,1129,6929281,70641398634,10619,10089,10089,-530,-4.99,10195,-424,-3.99,10089,10590,1400-7-3,2021-09-25
232,زشريف,كشت وصنعت شريف آباد,1122,9147419,47719256393,5335,5340,5200,-135,-2.53,5217,-118,-2.21,5089,5538,1400-7-3,2021-09-25
233,ولساپا,ليزينگ رايان‌ سايپا,1122,16030674,43851762120,2631,2700,2762,131,4.98,2735,104,3.95,2680,2762,1400-7-3,2021-09-25
234,وايران,ليزينگ ايرانيان,1120,5398650,28679604990,5160,5160,5330,170,3.29,5310,150,2.91,5160,5400,1400-7-3,2021-09-25
235,حتوكا,حمل‌ونقل‌توكا,1116,2315001,42220669840,18280,18050,18590,310,1.7,18240,-40,-0.22,17700,18880,1400-7-3,2021-09-25
236,شفارس,صنايع‌ شيميايي‌ فارس‌,1116,37371916,70438757931,1796,1885,1885,89,4.96,1885,89,4.96,1870,1885,1400-7-3,2021-09-25
237,غسالم,سالمين‌,1111,7434473,23954854864,3111,3238,3246,135,4.34,3222,111,3.57,3151,3265,1400-7-3,2021-09-25
238,ماديرا,صنايع ماديران,1107,7587572,61156248228,7697,7970,8081,384,4.99,8060,363,4.72,7801,8081,1400-7-3,2021-09-25
239,ثنور,سرمايه گذاري كوه نور,1107,8588879,65542067731,7532,7309,7480,-52,-0.69,7631,99,1.31,7309,7757,1400-7-3,2021-09-25
240,شاراك,پتروشيمي شازند,1101,4922289,223331171730,43300,45300,45460,2160,4.99,45370,2070,4.78,44500,45460,1400-7-3,2021-09-25
241,تاپكيش,تجارت الكترونيك پارسيان كيش,1095,5980978,96936583513,15472,15310,16245,773,5,16207,735,4.75,15310,16245,1400-7-3,2021-09-25
242,كبافق,معادن‌ بافق‌,1093,2123209,85077452880,38230,38700,40140,1910,5,40070,1840,4.81,38700,40140,1400-7-3,2021-09-25
243,وساغربي,شركت س استان آذربايجان غربي,1083,50870352,27706120272,558,531,555,-3,-0.54,547,-11,-1.97,531,576,1400-7-3,2021-09-25
244,آسيا,بيمه آسيا,1081,25324297,50785986742,1976,1980,2020,44,2.23,2005,29,1.47,1890,2050,1400-7-3,2021-09-25
245,كشرق,صنعتي و معدني شمال شرق شاهرود,1075,847841,70302847659,83065,85000,81000,-2065,-2.49,82920,-145,-0.17,80000,86391,1400-7-3,2021-09-25
246,زنگان,صنعت روي زنگان,1074,741992,50999688519,69025,66610,68750,-275,-0.4,68733,-292,-0.42,66300,71000,1400-7-3,2021-09-25
247,دلقما,دارويي‌ لقمان‌,1066,1453889,55772548720,37880,36650,38790,910,2.4,38360,480,1.27,36650,39750,1400-7-3,2021-09-25
248,آريان,سرمايه گذاري پارس آريان,1051,6474887,107683926542,16620,17036,16540,-80,-0.48,16631,11,0.07,16271,17036,1400-7-3,2021-09-25
249,اوان,مبين وان كيش,1051,3276162,102557451109,29849,31341,31100,1251,4.19,31304,1455,4.87,30836,31341,1400-7-3,2021-09-25
250,پارسان,گسترش نفت و گاز پارسيان,1046,15106601,456950282940,28810,30080,30250,1440,5,30250,1440,5,29810,30250,1400-7-3,2021-09-25
251,لسرما,سرما آفرين‌,1045,2070847,48213667230,22210,23320,23320,1110,5,23280,1070,4.82,22710,23320,1400-7-3,2021-09-25
252,ونيرو,سرمايه‌گذاري‌نيرو,1042,20289205,55326855136,2603,2660,2733,130,4.99,2727,124,4.76,2660,2733,1400-7-3,2021-09-25
253,سبزوا,سيمان لار سبزوار,1041,20186951,81223068939,3835,4026,4026,191,4.98,4024,189,4.93,3940,4026,1400-7-3,2021-09-25
254,لپارس,پارس‌ الكتريك‌,1038,697972,108498185750,162380,156000,154270,-8110,-4.99,155450,-6930,-4.27,154270,162000,1400-7-3,2021-09-25
255,سيمرغ,سيمرغ,1033,5152355,102796911860,19020,19900,19970,950,4.99,19950,930,4.89,19700,19970,1400-7-3,2021-09-25
256,ثشاهد,سرمايه‌ گذاري‌ شاهد,1017,4379532,66853956700,14590,15280,15310,720,4.93,15270,680,4.66,14780,15310,1400-7-3,2021-09-25
257,فپنتا,سپنتا,1013,73654,39242484540,552890,552900,533880,-19010,-3.44,532800,-20090,-3.63,528000,557890,1400-7-3,2021-09-25
258,تكمبا,كمباين‌ سازي‌ ايران‌,1010,8335179,49137755640,5650,5540,5930,280,4.96,5900,250,4.42,5540,5930,1400-7-3,2021-09-25
259,تليسه,دامداري تليسه نمونه,1005,8080475,25816057689,3128,3239,3217,89,2.85,3195,67,2.14,3142,3239,1400-7-3,2021-09-25
260,پارس,پتروشيمي پارس,1003,367140,72390002460,192160,198000,197800,5640,2.94,195700,3540,1.84,194870,198950,1400-7-3,2021-09-25
261,ثعتما,س. ساختماني اعتماد گستر,997,2136346,65074710472,30016,30916,30399,383,1.28,30461,445,1.48,29800,30916,1400-7-3,2021-09-25
262,تشتاد,صنايع توليدي اشتاد ايران‌,995,4841164,29498486174,6246,6183,6079,-167,-2.67,6093,-153,-2.45,6059,6428,1400-7-3,2021-09-25
263,فجام,جام‌دارو,995,8779232,60617233710,7160,7040,6950,-210,-2.93,6900,-260,-3.63,6810,7370,1400-7-3,2021-09-25
264,دتوزيع,توزيع دارو پخش,989,2088997,71356365145,32625,33900,34256,1631,5,34158,1533,4.7,32980,34256,1400-7-3,2021-09-25
265,سامان,بانك سامان,988,8705766,73136029691,8181,8350,8426,245,2.99,8401,220,2.69,8260,8426,1400-7-3,2021-09-25
266,فسرب,ملي‌ سرب‌وروي‌ ايران‌,978,921162,65047870040,67320,69100,70680,3360,4.99,70620,3300,4.9,68660,70680,1400-7-3,2021-09-25
267,طلا,صندوق س.پشتوانه طلاي لوتوس,972,685479,56887622550,82700,82999,82840,140,0.17,82990,290,0.35,82701,83490,1400-7-3,2021-09-25
268,دانا,بيمه دانا,966,9995577,56622047320,5440,5500,5700,260,4.78,5660,220,4.04,5500,5710,1400-7-3,2021-09-25
269,تسه0004,امتيازتسهيلات مسكن تير1400,960,19522,12520197851,653100,640000,636999,-16101,-2.47,641338,-11762,-1.8,620445,650000,1400-7-3,2021-09-25
270,لخزر,پارس‌ خزر,954,233641,37572899420,165210,167520,158340,-6870,-4.16,160810,-4400,-2.66,157100,169600,1400-7-3,2021-09-25
271,ارفع,شركت آهن و فولاد ارفع,954,2319983,35314178202,14802,15200,15400,598,4.04,15005,203,1.37,15000,15480,1400-7-3,2021-09-25
272,فايرا,آلومينيوم‌ايران‌,953,2215908,41730747620,18320,18680,18760,440,2.4,18610,290,1.58,18680,19050,1400-7-3,2021-09-25
273,دبالك,مواد اوليه دارويي البرز بالك,947,2726277,32619942065,11982,11879,12050,68,0.57,11965,-17,-0.14,11600,12500,1400-7-3,2021-09-25
274,كحافظ,كاشي‌ وسراميك‌ حافظ‌,937,11433773,44853713220,3764,3800,3949,185,4.91,3923,159,4.22,3600,3952,1400-7-3,2021-09-25
275,وپسا,س. پتروشيمي ساختمان  خليج فارس,932,19458703,42132867690,2198,2210,2133,-65,-2.96,2165,-33,-1.5,2133,2221,1400-7-3,2021-09-25
276,حپترو,حمل و نقل پتروشيمي( سهامي عام,931,1038981,30948145370,30810,29650,29280,-1530,-4.97,29790,-1020,-3.31,29270,31330,1400-7-3,2021-09-25
277,وسينا,بانك سينا,931,21581171,55745175445,2565,2690,2592,27,1.05,2583,18,0.7,2550,2690,1400-7-3,2021-09-25
278,خلنت,لنت‌ ترمزايران‌,930,492928,48352837760,94380,96330,99090,4710,4.99,98090,3710,3.93,94710,99090,1400-7-3,2021-09-25
279,ثتران,سرمايه گذاري مسكن تهران,923,12791163,47286554368,3530,3629,3706,176,4.99,3697,167,4.73,3532,3706,1400-7-3,2021-09-25
280,غگرجي,بيسكويت‌  گرجي‌,923,10718356,28733467586,2561,2687,2689,128,5,2681,120,4.69,2612,2689,1400-7-3,2021-09-25
281,وصنا,گروه‌صنايع‌بهشهرايران‌,915,5539284,38873479480,7160,7160,7120,-40,-0.56,7020,-140,-1.96,6860,7400,1400-7-3,2021-09-25
282,رنيك,جنرال مكانيك,911,2107606,32770086234,15525,16100,15200,-325,-2.09,15548,23,0.15,15130,16150,1400-7-3,2021-09-25
283,خبازرس,بازرسي مهندسي و صنعتي ايران,911,1347269,34025579863,25828,26200,25090,-738,-2.86,25255,-573,-2.22,25054,26200,1400-7-3,2021-09-25
284,شجم,صنايع پتروشيمي تخت جمشيد,911,6196158,81064574474,12496,12900,13120,624,4.99,13083,587,4.7,12650,13120,1400-7-3,2021-09-25
285,خكمك,كمك‌فنرايندامين‌,909,2082757,42187857730,19780,20400,20500,720,3.64,20260,480,2.43,19980,20600,1400-7-3,2021-09-25
286,ولشرق,ليزينگ ايران و شرق,906,5608183,33236540434,5894,5800,5877,-17,-0.29,5926,32,0.54,5800,6100,1400-7-3,2021-09-25
287,تاصيكو,سرمايه گذاري صدرتامين,904,7457176,73160252590,9410,9440,9800,390,4.14,9650,240,2.55,9440,9880,1400-7-3,2021-09-25
288,سبهان,سيمان‌ بهبهان‌,893,647613,38532795330,56860,59490,59700,2840,4.99,59500,2640,4.64,57500,59700,1400-7-3,2021-09-25
289,شلعاب,لعابيران‌,889,4127288,33634788630,8000,8070,8240,240,3,8150,150,1.88,7960,8290,1400-7-3,2021-09-25
290,كسرا,سراميك‌هاي‌صنعتي‌اردكان‌,889,3672792,64987081040,16920,17420,17760,840,4.96,17690,770,4.55,17100,17760,1400-7-3,2021-09-25
291,فنورد,نوردوقطعات‌ فولادي‌,888,128476,25632346340,194410,201000,200000,5590,2.88,199510,5100,2.62,194610,201940,1400-7-3,2021-09-25
292,وآوا,سرمايه گذاري آوا نوين,887,3947488,17401532213,4328,4500,4478,150,3.47,4408,80,1.85,4357,4500,1400-7-3,2021-09-25
293,والبر,سرمايه‌ گذاري‌ البرز(هلدينگ‌,875,4957601,42356801510,8380,8500,8790,410,4.89,8540,160,1.91,8300,8790,1400-7-3,2021-09-25
294,ياقوت,صندوق س ياقوت آگاه-ثابت,873,4486141,59203615801,13180,13212,13210,30,0.23,13197,17,0.13,13187,13212,1400-7-3,2021-09-25
295,ثغرب,شركت سرمايه گذاري مسكن شمالغرب,869,3474710,21297291454,6183,6390,6126,-57,-0.92,6129,-54,-0.87,5920,6390,1400-7-3,2021-09-25
296,كساوه,صنايع‌ كاشي‌ و سراميك‌ سينا,867,1915989,109062028640,54710,56700,57440,2730,4.99,56920,2210,4.04,54720,57440,1400-7-3,2021-09-25
297,ورنا,سرمايه‌گذاري‌ رنا(هلدينگ‌,863,7603833,36420567400,4620,4790,4851,231,5,4790,170,3.68,4680,4851,1400-7-3,2021-09-25
298,خراسان,پتروشيمي خراسان,860,2158310,183606509670,81040,82970,85090,4050,5,85070,4030,4.97,82900,85090,1400-7-3,2021-09-25
299,ارزش,صندوق س ارزش آفرين بيدار-سهام,859,4434847,45543837300,9930,10200,10420,490,4.93,10270,340,3.42,10120,10440,1400-7-3,2021-09-25
300,چفيبر,فيبر ايران‌,852,4446749,31087158880,6680,6800,7010,330,4.94,6990,310,4.64,6710,7010,1400-7-3,2021-09-25
301,فنفتح,ح . صنايع تجهيزات نفت,848,3633973,47885782702,13325,13325,12926,-399,-2.99,13177,-148,-1.11,12926,13719,1400-7-3,2021-09-25
302,شخارك,پتروشيمي‌ خارك‌,847,1798900,93460958120,50200,50400,52290,2090,4.16,51780,1580,3.15,50400,52500,1400-7-3,2021-09-25
303,كلوند,كاشي‌ الوند,843,1779109,43720020650,23640,24550,24430,790,3.34,24570,930,3.93,23750,24820,1400-7-3,2021-09-25
304,خوساز,محورسازان‌ايران‌خودرو,842,5311406,47587584140,8730,8820,9090,360,4.12,8960,230,2.63,8610,9160,1400-7-3,2021-09-25
305,پاكشو,گروه صنعتي پاكشو,841,7342399,42036980070,5570,5780,5760,190,3.41,5630,60,1.08,5670,5780,1400-7-3,2021-09-25
306,مرقام,ايران‌ارقام‌,830,3059741,45672152880,14380,14970,15090,710,4.94,14930,550,3.82,14600,15090,1400-7-3,2021-09-25
307,شپارس,بين‌ المللي‌ محصولات‌  پارس‌,827,2476210,29959003350,11580,11990,12150,570,4.92,12100,520,4.49,11700,12150,1400-7-3,2021-09-25
308,سپر,صندوق س سپر سرمايه بيدار- ثابت,822,28115453,360454808990,12780,12798,12801,21,0.16,12821,41,0.32,12781,12833,1400-7-3,2021-09-25
309,كنور,توسعه معدني و صنعتي صبانور,819,2601711,45409951980,17070,17440,17330,260,1.52,17270,200,1.17,17070,17900,1400-7-3,2021-09-25
310,وصندوق,سرمايه‌گذاري‌صندوق‌بازنشستگي‌,812,2833666,50324008300,17350,17990,17800,450,2.59,17520,170,0.98,17000,18100,1400-7-3,2021-09-25
311,تايرا,تراكتورسازي‌ايران‌,811,2237747,63174870870,29140,30300,27690,-1450,-4.98,28230,-910,-3.12,27690,30300,1400-7-3,2021-09-25
312,تكشا,گسترش‌صنايع‌وخدمات‌كشاورزي‌,810,1368333,45184311320,34400,33350,32680,-1720,-5,33020,-1380,-4.01,32680,35500,1400-7-3,2021-09-25
313,زدشت,كشت و صنعت دشت خرم دره,809,1491119,27610482185,18267,18490,18550,283,1.55,18517,250,1.37,17860,18990,1400-7-3,2021-09-25
314,بالاس,مهندسي ساختمان تاسيسات راه آهن,808,1489412,61730710297,39501,40900,41476,1975,5,41446,1945,4.92,39540,41476,1400-7-3,2021-09-25
315,خكرمان,گروه اقتصادي كرمان خودرو,805,8783454,28334479530,3160,3246,3254,94,2.97,3226,66,2.09,3113,3254,1400-7-3,2021-09-25
316,كوثر,بيمه كوثر,804,4050923,50383490603,12155,12200,12550,395,3.25,12438,283,2.33,12200,12700,1400-7-3,2021-09-25
317,بنو,بيمه تجارت نو,800,2101236,26752797772,12480,13104,12740,260,2.08,12701,221,1.77,12400,13104,1400-7-3,2021-09-25
318,فوكا,فولاد كاويان,800,4399913,69292587211,15319,15220,15778,459,3,15749,430,2.81,15220,15778,1400-7-3,2021-09-25
319,كاذر,فرآورده‌هاي‌نسوزآذر,798,2246858,36122994640,16150,16200,15800,-350,-2.17,16080,-70,-0.43,15700,16580,1400-7-3,2021-09-25
320,بكهنوج,توليد برق ماهتاب كهنوج,792,11697894,16652345883,1385,1433,1435,50,3.61,1424,39,2.82,1405,1448,1400-7-3,2021-09-25
321,كفرآور,فرآورده هاي سيمان شرق,784,3446477,54043529946,16047,16517,15820,-227,-1.41,15681,-366,-2.28,15566,16517,1400-7-3,2021-09-25
322,وگستر,گسترش سرمايه گذاري ايرانيان,782,4300122,43629678650,9681,10162,10165,484,5,10146,465,4.8,9800,10165,1400-7-3,2021-09-25
323,كپارس,كاشي‌ پارس‌,780,270422,37012376270,137150,138700,135000,-2150,-1.57,136870,-280,-0.2,131660,142060,1400-7-3,2021-09-25
324,مبين,مبين انرژي خليج فارس,776,3383959,78273475970,22210,22880,23230,1020,4.59,22790,580,2.61,22600,23320,1400-7-3,2021-09-25
325,تسه0003,امتيازتسهيلات مسكن خرداد1400,773,19193,12176841964,650497,641000,645000,-5497,-0.85,634442,-16055,-2.47,617979,659600,1400-7-3,2021-09-25
326,غشاذر,پگاه‌آذربايجان‌غربي‌,771,4179419,26026578310,6480,6230,6250,-230,-3.55,6230,-250,-3.86,6160,6640,1400-7-3,2021-09-25
327,ددام,داروسازي زاگرس فارمد پارس,770,2565740,37570787960,14980,15500,14450,-530,-3.54,14640,-340,-2.27,14310,15500,1400-7-3,2021-09-25
328,وساخت,سرمايه‌ گذاري‌ ساختمان‌ايران‌,769,765918,37193281540,46960,47590,48020,1060,2.26,48560,1600,3.41,47380,49300,1400-7-3,2021-09-25
329,بزاگرس,نيروگاه زاگرس كوثر,765,4338163,22270122006,5005,4931,5190,185,3.7,5134,129,2.58,4931,5236,1400-7-3,2021-09-25
330,دزهراوي,داروسازي‌زهراوي‌,763,3622207,22356681250,6060,6120,6170,110,1.82,6170,110,1.82,6070,6330,1400-7-3,2021-09-25
331,شرانل,نفت ايرانول,758,1646236,73917713029,43829,44480,45180,1351,3.08,44901,1072,2.45,44480,45890,1400-7-3,2021-09-25
332,غگلستا,شير پاستوريزه پگاه گلستان,757,1778466,24151173365,13231,13240,13606,375,2.83,13580,349,2.64,13240,13800,1400-7-3,2021-09-25
333,وسكاب,س.ص.بازنشستگي كاركنان بانكها,754,11045157,33076100805,2885,2930,3029,144,4.99,2995,110,3.81,2887,3029,1400-7-3,2021-09-25
334,غچين,كشت‌ و صنعت‌ چين‌ چين,745,3055746,47435409140,15030,15770,15500,470,3.13,15520,490,3.26,15030,15780,1400-7-3,2021-09-25
335,چكاوه,صنايع‌كاغذسازي‌كاوه‌,743,1952731,27654506010,14090,14410,14200,110,0.78,14160,70,0.5,13770,14680,1400-7-3,2021-09-25
336,جوين,كشت و صنعت جوين,741,6972327,23334186136,3356,3270,3367,11,0.33,3347,-9,-0.27,3270,3428,1400-7-3,2021-09-25
337,وجامي,سرمايه گذاري جامي,740,2379862,24733044095,10484,10370,10708,224,2.14,10393,-91,-0.87,10170,10774,1400-7-3,2021-09-25
338,همراه,شركت ارتباطات سيار ايران,737,2405189,23850172630,9940,10000,9930,-10,-0.1,9940,0,0,9760,10170,1400-7-3,2021-09-25
339,خاذين,سايپاآذين‌,735,12662938,39862389917,3054,3143,3206,152,4.98,3148,94,3.08,3070,3206,1400-7-3,2021-09-25
340,حتايد,تايدواترخاورميانه,734,2191826,48944770700,21680,22150,22400,720,3.32,22330,650,3,22010,22700,1400-7-3,2021-09-25
341,قلرست,قند لرستان‌,733,1108163,24441357560,22350,22530,21840,-510,-2.28,22060,-290,-1.3,21560,22990,1400-7-3,2021-09-25
342,سدبير,س. تدبيرگران فارس وخوزستان,731,813786,26678509252,32784,32501,33300,516,1.57,32783,-1,0,32000,33946,1400-7-3,2021-09-25
343,شسينا,صنايع‌شيميايي‌سينا,731,640635,65717685310,107760,103000,102380,-5380,-4.99,102580,-5180,-4.81,102380,105000,1400-7-3,2021-09-25
344,پاسا,ايران‌ياساتايرورابر,730,1825771,34639941760,18380,18620,19040,660,3.59,18970,590,3.21,18620,19200,1400-7-3,2021-09-25
345,شدوص,دوده‌ صنعتي‌ پارس‌,729,2581995,55815925410,20700,21170,21730,1030,4.98,21620,920,4.44,20750,21730,1400-7-3,2021-09-25
346,وسگيلا,شركت س استان گيلان,727,52742127,28931389901,524,520,550,26,4.96,546,22,4.2,509,550,1400-7-3,2021-09-25
347,شيراز,پتروشيمي‌شيراز,725,3527136,284071639110,76710,80540,80540,3830,4.99,80540,3830,4.99,80000,80540,1400-7-3,2021-09-25
348,ساربيل,سيمان آرتا اردبيل,723,823683,29930053180,35160,34550,36910,1750,4.98,36340,1180,3.36,34550,36910,1400-7-3,2021-09-25
349,وكار,بانك‌ كارآفرين‌,721,14060754,34537767407,2428,2440,2428,0,0,2453,25,1.03,2400,2530,1400-7-3,2021-09-25
350,قاسم,قاسم ايران,720,3324001,26455217734,7878,7970,8015,137,1.74,7959,81,1.03,7832,8090,1400-7-3,2021-09-25
351,سخاش,سيمان‌خاش‌,719,172116,22213490750,125140,130000,129000,3860,3.08,129060,3920,3.13,127500,130000,1400-7-3,2021-09-25
352,كروي,توسعه‌ معادن‌ روي‌ ايران‌,715,3488134,88804855210,24260,25390,25470,1210,4.99,25460,1200,4.95,24810,25470,1400-7-3,2021-09-25
353,ستران,سيمان‌ تهران‌,711,908962,23950424440,25570,26800,26410,840,3.29,26350,780,3.05,25970,26800,1400-7-3,2021-09-25
354,خشرق,الكتريك‌ خودرو شرق‌,709,2986675,46062844020,14750,15330,15480,730,4.95,15420,670,4.54,14750,15480,1400-7-3,2021-09-25
355,كگاز,شيشه‌ و گاز,708,2566630,57327166770,21330,22390,22370,1040,4.88,22340,1010,4.74,21810,22390,1400-7-3,2021-09-25
356,تسه0002,امتيازتسهيلاتمسكن ارديبهشت1400,703,22964,14634278707,648473,640015,620100,-28373,-4.38,637270,-11203,-1.73,616051,652000,1400-7-3,2021-09-25
357,وسبحان,سرمايه گذاري سبحان,699,10182105,35854795976,3460,3510,3500,40,1.16,3521,61,1.76,3460,3570,1400-7-3,2021-09-25
358,بشهاب,لامپ‌  پارس‌ شهاب‌,697,274433,37208837940,130680,137100,137210,6530,5,135580,4900,3.75,125000,137210,1400-7-3,2021-09-25
359,وساشرقي,شركت س استان آذربايجان شرقي,696,27863035,15274699500,568,540,557,-11,-1.94,561,-7,-1.23,540,562,1400-7-3,2021-09-25
360,غبشهر,صنعتي‌ بهشهر,693,2243147,61085827480,26180,27320,27480,1300,4.97,27230,1050,4.01,25910,27480,1400-7-3,2021-09-25
361,وسهمدا,شركت س استان همدان,692,54067920,29662774876,525,506,551,26,4.95,549,24,4.57,506,551,1400-7-3,2021-09-25
362,زشگزا,شير و گوشت زاگرس شهركرد,690,4704072,27506561886,5579,5830,5857,278,4.98,5847,268,4.8,5760,5857,1400-7-3,2021-09-25
363,كرماشا,صنايع پتروشيمي كرمانشاه,689,3046608,140588261630,43980,45300,46170,2190,4.98,46150,2170,4.93,44520,46170,1400-7-3,2021-09-25
364,ثعمرا,عمران و توسعه شاهد,682,3536568,35440170914,9557,9660,10034,477,4.99,10021,464,4.86,9660,10034,1400-7-3,2021-09-25
365,فن آوا,گروه فن آوا,680,6259713,148847710397,24900,23855,25151,251,1.01,23779,-1121,-4.5,23655,25151,1400-7-3,2021-09-25
366,نوين,بيمه نوين,679,8128704,43237637221,5086,5230,5340,254,4.99,5319,233,4.58,5160,5340,1400-7-3,2021-09-25
367,شكربن,كربن‌ ايران‌,678,401532,51628108870,123620,127100,129010,5390,4.36,128580,4960,4.01,126990,129800,1400-7-3,2021-09-25
368,ودي,بيمه  دي,674,9405370,75798443928,7707,7709,8092,385,5,8059,352,4.57,7708,8092,1400-7-3,2021-09-25
369,واميد,گروه مديريت سرمايه گذاري اميد,672,4008575,49802063020,12200,12450,12570,370,3.03,12290,90,0.74,11800,12700,1400-7-3,2021-09-25
370,خكاوه,سايپا ديزل,669,7728984,28191844335,3561,3600,3653,92,2.58,3648,87,2.44,3560,3667,1400-7-3,2021-09-25
371,وبيمه,سرمايه‌ گذاري‌ صنعت‌ بيمه‌,669,9305586,16871320867,1776,1785,1825,49,2.76,1813,37,2.08,1785,1845,1400-7-3,2021-09-25
372,شبصير,توليدات پتروشيمي قائد بصير,659,847124,83787098826,94699,93000,99433,4734,5,98908,4209,4.44,93000,99433,1400-7-3,2021-09-25
373,غديس,پاكديس,657,5359169,71909124897,12789,13400,13428,639,5,13418,629,4.92,13256,13428,1400-7-3,2021-09-25
374,فبيرا,بسته‌ بندي‌ ايران‌,651,9810025,20258017463,2096,2101,2042,-54,-2.58,2065,-31,-1.48,2034,2158,1400-7-3,2021-09-25
375,كهمدا,شيشه‌ همدان‌,646,3290709,35380723460,10360,10750,10870,510,4.92,10750,390,3.76,10400,10870,1400-7-3,2021-09-25
376,دلر,داروسازي‌ اكسير,645,1307162,59749690730,44610,44220,45110,500,1.12,45710,1100,2.47,44220,46770,1400-7-3,2021-09-25
377,واحيا,م .صنايع و معادن احياء سپاهان,643,434298,70458334200,161152,165000,162000,848,0.53,162235,1083,0.67,161165,165000,1400-7-3,2021-09-25
378,ومعلم,بيمه معلم,642,4673781,16805058459,3577,3500,3580,3,0.08,3596,19,0.53,3399,3745,1400-7-3,2021-09-25
379,كساپا,سايپاشيشه‌,642,2381983,63994241650,28180,27250,26780,-1400,-4.97,26870,-1310,-4.65,26780,27720,1400-7-3,2021-09-25
380,كسعدي,كاشي‌ سعدي‌,642,1603286,19071470430,11630,12020,12090,460,3.96,11900,270,2.32,11580,12200,1400-7-3,2021-09-25
381,اعتلا,شركت سرمايه گذاري اعتلاء البرز,642,3322441,25533844730,7773,7778,7750,-23,-0.3,7685,-88,-1.13,7501,8100,1400-7-3,2021-09-25
382,شكلر,نيروكلر,641,791531,28221525040,35430,36400,35650,220,0.62,35650,220,0.62,34530,36400,1400-7-3,2021-09-25
383,فاما,صنعتي‌ آما,640,2037022,38615951050,19440,19390,18950,-490,-2.52,18960,-480,-2.47,18630,19690,1400-7-3,2021-09-25
384,سفار,سيمان‌فارس‌,639,370439,30451722910,78390,79010,82300,3910,4.99,82200,3810,4.86,79010,82300,1400-7-3,2021-09-25
385,غمارگ,مارگارين‌,638,1205117,31328847910,24970,25780,26210,1240,4.97,26000,1030,4.12,25100,26210,1400-7-3,2021-09-25
386,فنوال,نورد آلومينيوم‌,637,1705952,49160343560,27740,28200,28450,710,2.56,28820,1080,3.89,28010,29120,1400-7-3,2021-09-25
387,وبوعلي,سرمايه‌گذاري‌بوعلي‌,637,5811375,25544883971,4211,4379,4421,210,4.99,4396,185,4.39,4270,4421,1400-7-3,2021-09-25
388,فرآور,فرآوري‌موادمعدني‌ايران‌,633,771831,24550032090,30630,31100,32110,1480,4.83,31810,1180,3.85,31100,32150,1400-7-3,2021-09-25
389,شراز,پالايش نفت شيراز,629,649122,81144725034,119215,122500,125175,5960,5,125007,5792,4.86,120200,125175,1400-7-3,2021-09-25
390,فافزا,فولاد افزا سپاهان,622,619459,30913520337,48527,49980,49982,1455,3,49904,1377,2.84,48611,49982,1400-7-3,2021-09-25
391,افرا,افرانت,620,945909,22589474803,24866,24391,23623,-1243,-5,23881,-985,-3.96,23623,24809,1400-7-3,2021-09-25
392,پلاسك,پلاسكوكار,618,4193037,26854625720,6120,6370,6420,300,4.9,6400,280,4.58,6180,6420,1400-7-3,2021-09-25
393,آوا,صندوق س.سهام آواي معيار-س,618,3381172,25485701427,7239,7533,7648,409,5.65,7538,299,4.13,7330,7699,1400-7-3,2021-09-25
394,تپمپي,پمپ‌ سازي‌ ايران‌,617,2992490,58278845820,18570,19400,19490,920,4.95,19480,910,4.9,18610,19490,1400-7-3,2021-09-25
395,آكورد,صندوق س. آرمان آتي كوثر-د,616,9615579,330020386513,34270,34321,34321,51,0.15,34321,51,0.15,34321,34328,1400-7-3,2021-09-25
396,فولاژ,فولاد آلياژي ايران,615,1689482,27349301370,15710,16290,16170,460,2.93,15880,170,1.08,15830,16490,1400-7-3,2021-09-25
397,رتاپ,تجارت الكترونيك  پارسيان,614,2373843,13882542790,5770,5670,5900,130,2.25,5840,70,1.21,5670,6050,1400-7-3,2021-09-25
398,خچرخش,چرخشگر,611,2451196,30203391370,12120,12280,12250,130,1.07,12320,200,1.65,11990,12680,1400-7-3,2021-09-25
399,خاهن,آهنگري‌ تراكتورسازي‌ ايران‌,611,3097311,25255584950,8000,8000,8260,260,3.25,8130,130,1.63,8000,8380,1400-7-3,2021-09-25
400,قشير,قند شيروان قوچان و بجنورد,610,1077195,20249317393,18918,18650,18999,81,0.43,18798,-120,-0.63,18350,19780,1400-7-3,2021-09-25
401,تسه0006,امتيازتسهيلات مسكن شهريور1400,599,11539,7190832253,653199,635000,639999,-13200,-2.02,623176,-30023,-4.6,620540,639999,1400-7-3,2021-09-25
402,ثباغ,شهر سازي و خانه سازي باغميشه,598,2043088,23955861619,11739,11989,11880,141,1.2,11725,-14,-0.12,11223,12110,1400-7-3,2021-09-25
403,داوه,داروسازي آوه سينا,596,1346173,20984168425,15638,16350,15300,-338,-2.16,15588,-50,-0.32,15110,16350,1400-7-3,2021-09-25
404,تنوين,تامين سرمايه نوين,595,4001109,26815732570,6610,6800,6670,60,0.91,6670,60,0.91,6590,6860,1400-7-3,2021-09-25
405,غاذر,كشت‌وصنعت‌پياذر,592,827832,22625534030,26380,26610,27230,850,3.22,27330,950,3.6,26610,27690,1400-7-3,2021-09-25
406,سدور,سيمان‌ دورود,585,4493107,37164994120,7890,8280,8280,390,4.94,8270,380,4.82,8080,8280,1400-7-3,2021-09-25
407,اتكام,بيمه اتكايي امين,583,7829475,31683593117,3872,4065,4019,147,3.8,4047,175,4.52,3920,4065,1400-7-3,2021-09-25
408,وتوشه,سرمايه‌ گذاري‌ پارس‌ توشه‌,576,4320625,29087123830,6600,6850,6600,0,0,6730,130,1.97,6500,6930,1400-7-3,2021-09-25
409,وتعاون,بيمه  تعاون,574,6768591,15030045896,2255,2188,2219,-36,-1.6,2221,-34,-1.51,2188,2321,1400-7-3,2021-09-25
410,تسه9908,امتياز تسهيلات مسكن آبان99,574,15226,9714063654,645294,647000,646000,706,0.11,637992,-7302,-1.13,613501,647000,1400-7-3,2021-09-25
411,آبين,كشت و صنعت آبشيرين,573,6854589,17995402714,2705,2625,2624,-81,-2.99,2625,-80,-2.96,2624,2660,1400-7-3,2021-09-25
412,زپارس,ملي كشت و صنعت و دامپروري پارس,570,256410,27664828980,111300,112000,109000,-2300,-2.07,107890,-3410,-3.06,105800,114970,1400-7-3,2021-09-25
413,ومشان,س. فني و مهندسي مشانير,569,699821,46040469110,65005,66949,65531,526,0.81,65789,784,1.21,64406,66955,1400-7-3,2021-09-25
414,كاردان,صندوق س تجارت شاخصي كاردان,568,166109,32289583300,186910,193250,197500,10590,5.67,194390,7480,4,189280,198130,1400-7-3,2021-09-25
415,بپاس,بيمه پاسارگاد,567,323414,20324952830,66152,62845,62845,-3307,-5,65562,-590,-0.89,62845,62845,1400-7-3,2021-09-25
416,سباقر,سيمان باقران,567,3162329,61063873269,18874,19200,19265,391,2.07,19310,436,2.31,19000,19440,1400-7-3,2021-09-25
417,پارسيان,بيمه پارسيان,567,2260415,25807862760,10900,11400,11440,540,4.95,11420,520,4.77,10850,11440,1400-7-3,2021-09-25
418,غصينو,صنعتي مينو,565,1902441,32704380644,18046,18948,17144,-902,-5,17639,-407,-2.26,17144,18948,1400-7-3,2021-09-25
419,بهپاك,صنعتي بهپاك,564,2993418,17898619931,5894,6000,6040,146,2.48,5979,85,1.44,5894,6150,1400-7-3,2021-09-25
420,سرچشمه,سرمايه گذاري مس سرچشمه,561,4387121,28145846411,6225,6429,6536,311,5,6416,191,3.07,6250,6536,1400-7-3,2021-09-25
421,قصفها,قنداصفهان‌,561,171145,15995448640,92960,96870,92500,-460,-0.49,93460,500,0.54,91290,96870,1400-7-3,2021-09-25
422,دكپسول,توليد ژلاتين كپسول ايران,561,921271,32829603694,34116,34000,35749,1633,4.79,35635,1519,4.45,34000,35821,1400-7-3,2021-09-25
423,وآرين,شركت توسعه اقتصادي آرين,558,8621950,23946619157,2716,2750,2794,78,2.87,2777,61,2.25,2700,2797,1400-7-3,2021-09-25
424,سصوفي,سيمان‌ صوفيان‌,556,1963502,35210728030,17220,18060,18060,840,4.88,17930,710,4.12,17510,18080,1400-7-3,2021-09-25
425,اپرداز,آتيه داده پرداز,553,1394063,27682664398,19131,19690,20087,956,5,19858,727,3.8,19300,20087,1400-7-3,2021-09-25
426,درازك,دارويي‌ رازك‌,552,528628,23810735890,46060,45010,44530,-1530,-3.32,45040,-1020,-2.21,44110,47000,1400-7-3,2021-09-25
427,ثمسكن,سرمايه‌گذاري‌ مسكن‌,551,4174559,19851732857,4680,4700,4750,70,1.5,4755,75,1.6,4560,4880,1400-7-3,2021-09-25
428,بموتو,موتوژن‌,550,820621,66293856690,77830,81580,80360,2530,3.25,80780,2950,3.79,78100,81710,1400-7-3,2021-09-25
429,بمپنا,توليد برق عسلويه  مپنا,549,3983364,27967757726,7327,6980,6961,-366,-5,7021,-306,-4.18,6961,7180,1400-7-3,2021-09-25
430,شاوان,پالايش نفت لاوان,548,3481084,397078191751,108638,114059,114069,5431,5,114067,5429,5,112800,114069,1400-7-3,2021-09-25
431,زقيام,كشت و دام قيام اصفهان,544,1049181,19804812005,18333,19210,19100,767,4.18,18876,543,2.96,18333,19240,1400-7-3,2021-09-25
432,فلامي,لاميران‌,534,577845,13083156930,22420,22450,22770,350,1.56,22610,190,0.85,22000,23200,1400-7-3,2021-09-25
433,كيميا,معدني كيمياي زنجان گستران,531,2196965,33363570733,14605,15278,15330,725,4.96,15186,581,3.98,14900,15330,1400-7-3,2021-09-25
434,تيپيكو,سرمايه گذاري دارويي تامين,531,1692020,36069813010,20530,20600,21250,720,3.51,20830,300,1.46,20600,21550,1400-7-3,2021-09-25
435,بسويچ,پارس‌سويچ‌,531,686718,14737067540,21980,20890,21490,-490,-2.23,21530,-450,-2.05,20890,22550,1400-7-3,2021-09-25
436,بفجر,فجر انرژي خليج فارس,531,1501157,46345025580,30430,30520,31150,720,2.37,30690,260,0.85,30100,31540,1400-7-3,2021-09-25
437,وتوكا,سرمايه‌گذاري‌توكافولاد(هلدينگ,527,4529353,44270835740,9330,9390,9790,460,4.93,9770,440,4.72,9390,9790,1400-7-3,2021-09-25
438,جهرم,پتروشيمي جهرم,526,8114625,10044537487,1253,1270,1225,-28,-2.23,1238,-15,-1.2,1216,1270,1400-7-3,2021-09-25
439,گپارس,امور رفاهي كارگزاران پارس,525,393265,59490725525,150812,155336,155336,4524,3,151274,462,0.31,146288,155336,1400-7-3,2021-09-25
440,دامين,داروسازي‌ امين‌,523,5285239,19490309813,3655,3580,3700,45,1.23,3688,33,0.9,3580,3810,1400-7-3,2021-09-25
441,غمهرا,توليدي‌مهرام‌,520,820442,42805635220,49790,49700,52270,2480,4.98,52170,2380,4.78,49700,52270,1400-7-3,2021-09-25
442,دارو,كارخانجات‌داروپخش‌,519,1144202,36626562960,30610,31130,31850,1240,4.05,32010,1400,4.57,31130,32140,1400-7-3,2021-09-25
443,فنفت,صنايع تجهيزات نفت,518,3746762,57087148758,14798,15241,15241,443,2.99,15236,438,2.96,15000,15241,1400-7-3,2021-09-25
444,زگلدشت,كشت و دام گلدشت نمونه اصفهان,513,1422385,16029931321,11490,11200,11150,-340,-2.96,11270,-220,-1.91,11010,11650,1400-7-3,2021-09-25
445,وسپه,سرمايه‌گذاري‌ سپه‌,513,2675334,22338347750,8110,8120,8270,160,1.97,8240,130,1.6,8120,8500,1400-7-3,2021-09-25
446,قجام,فرآوردههاي غذايي وقندتربت‌جام‌,512,2951987,17618146640,6056,6010,5960,-96,-1.59,5968,-88,-1.45,5935,6176,1400-7-3,2021-09-25
447,غبهار,كشت وصنعت بهاران گلبهار خراسان,509,741838,12200847746,16520,16513,16430,-90,-0.54,16447,-73,-0.44,16025,16999,1400-7-3,2021-09-25
448,ساروم,سيمان‌اروميه‌,504,1012861,40691633640,38800,40720,39970,1170,3.02,40170,1370,3.53,39760,40720,1400-7-3,2021-09-25
449,فسازان,غلتك سازان سپاهان,495,1272491,39928440780,30460,31020,31850,1390,4.56,31380,920,3.02,31020,31850,1400-7-3,2021-09-25
450,تسه0001,امتيازتسهيلات مسكن فروردين1400,492,10396,6695892780,654936,647000,649689,-5247,-0.8,644084,-10852,-1.66,622190,660000,1400-7-3,2021-09-25
451,جم,پتروشيمي جم,491,886152,42763601810,47070,47990,47630,560,1.19,47570,500,1.06,46430,49000,1400-7-3,2021-09-25
452,وحافظح,ح . بيمه حافظ,486,5900512,29548133159,5117,5000,4967,-150,-2.93,5008,-109,-2.13,4964,5250,1400-7-3,2021-09-25
453,پكوير,كوير تاير,476,1234588,16505243430,12970,13100,13540,570,4.39,13370,400,3.08,13100,13590,1400-7-3,2021-09-25
454,ضخود7074,اختيارخ خودرو-1800-1400/07/07,474,18775,1851062000,87,80,109,22,25.29,99,12,13.79,55,118,1400-7-3,2021-09-25
455,گنگين,اقتصادي نگين گردشگري ايرانيان,471,3371872,89484626074,26490,27270,25800,-690,-2.6,26539,49,0.18,25700,27283,1400-7-3,2021-09-25
456,زكشت,كشاورزي مكانيزه اصفهان كشت,467,1178947,29742432279,24080,25200,25284,1204,5,25228,1148,4.77,24220,25284,1400-7-3,2021-09-25
457,سمازن,سيمان‌مازندران‌,464,1638559,24796598790,14520,15210,14970,450,3.1,15130,610,4.2,14700,15240,1400-7-3,2021-09-25
458,سغرب,سيمان‌غرب‌,463,728152,17641485370,24060,24900,24000,-60,-0.25,24230,170,0.71,23880,24900,1400-7-3,2021-09-25
459,لازما,كارخانه هاي صنعتي آزمايش,459,2282601,61992393604,26500,25705,27295,795,3,27159,659,2.49,25705,27295,1400-7-3,2021-09-25
460,واحصا,احياء صنايع خراسان,459,397134,18083418844,44827,45103,45400,573,1.28,45535,708,1.58,44810,46171,1400-7-3,2021-09-25
461,غشان,شيرپاستوريزه‌پگاه‌خراسان‌,458,2780034,13974518891,4940,4750,5000,60,1.21,5019,79,1.6,4750,5150,1400-7-3,2021-09-25
462,تسه9912,امتياز تسهيلات مسكن اسفند99,458,13421,8626104093,652891,625005,640000,-12891,-1.97,642732,-10159,-1.56,625005,647000,1400-7-3,2021-09-25
463,ثاباد,توريستي ورفاهي آبادگران ايران,457,755071,38211969650,49270,51690,49900,630,1.28,50610,1340,2.72,49900,51690,1400-7-3,2021-09-25
464,سخزر,سيمان‌ خزر,455,1057526,28989174240,26780,26620,27680,900,3.36,27410,630,2.35,26520,28110,1400-7-3,2021-09-25
465,اتكامح,ح . بيمه اتكايي امين,452,4102615,10306769543,2308,2490,2538,230,9.97,2512,204,8.84,2340,2538,1400-7-3,2021-09-25
466,تكنار,مجتمع معادن مس تكنار,448,244977,18847938947,78688,81000,76328,-2360,-3,76938,-1750,-2.22,76328,81000,1400-7-3,2021-09-25
467,زمگسا,كشاورزي‌ ودامپروي‌ مگسال‌,448,763055,18931999310,24460,25600,24800,340,1.39,24810,350,1.43,24380,25600,1400-7-3,2021-09-25
468,سپاها,سيمان‌سپاهان‌,448,4593617,40653156270,8460,8700,8880,420,4.96,8850,390,4.61,8620,8880,1400-7-3,2021-09-25
469,ونفت,سرمايه‌گذاري‌ صنعت‌ نفت‌,448,1782456,29205496320,16040,16820,16500,460,2.87,16380,340,2.12,16070,16820,1400-7-3,2021-09-25
470,شفارا,پتروشيمي فارابي,447,5210507,37293414350,7373,7160,7152,-221,-3,7157,-216,-2.93,7152,7350,1400-7-3,2021-09-25
471,شپاكسا,پاكسان‌,439,1228689,25863794730,20060,20330,21060,1000,4.99,21050,990,4.94,20320,21060,1400-7-3,2021-09-25
472,سپيدما,صندوق س. سپيد دماوند-د,439,24334626,270361952169,11094,11098,11110,16,0.14,11110,16,0.14,11099,11116,1400-7-3,2021-09-25
473,جم پيلن,پلي پروپيلن جم - جم پيلن,439,383214,42317192570,108090,111990,111440,3350,3.1,109210,1120,1.04,108860,111990,1400-7-3,2021-09-25
474,سخوز,سيمان خوزستان,438,1327733,31819157300,22930,22580,24070,1140,4.97,23970,1040,4.54,22580,24070,1400-7-3,2021-09-25
475,پخش,پخش البرز,438,1785723,45904048577,24504,25000,25729,1225,5,25706,1202,4.91,24999,25729,1400-7-3,2021-09-25
476,كاسپين,داروسازي كاسپين تامين,433,1852205,43841471128,22627,23000,23758,1131,5,23670,1043,4.61,23000,23758,1400-7-3,2021-09-25
477,قچار,فراوردههاي غذايي وقند چهارمحال,430,1844667,27884957100,14617,14620,15050,433,2.96,15117,500,3.42,14600,15347,1400-7-3,2021-09-25
478,تصميم,صندوق س با درآمد ثابت تصميم,429,3465214,60492930863,17437,17456,17459,22,0.13,17457,20,0.11,17455,17460,1400-7-3,2021-09-25
479,سمايه,بانك سرمايه,429,2343250,10019143479,4240,4260,4272,32,0.75,4276,36,0.85,4240,4367,1400-7-3,2021-09-25
480,كاريس,صندوق س.سپهر كاريزما-س,426,1972766,27477058081,13441,13850,14003,562,4.18,13928,487,3.62,13750,14063,1400-7-3,2021-09-25
481,پرداخت,به پرداخت ملت,425,833180,13981044450,16310,16700,16900,590,3.62,16640,330,2.02,16350,16990,1400-7-3,2021-09-25
482,زبينا,كشاورزي و دامپروري بينالود,424,4454619,12381725905,2709,2789,2825,116,4.28,2766,57,2.1,2731,2840,1400-7-3,2021-09-25
483,آپ,آسان پرداخت پرشين,422,2725718,31591071620,12190,11590,11590,-600,-4.92,11590,-600,-4.92,11590,11590,1400-7-3,2021-09-25
484,وتوسم,سرمايه‌گذاري‌توسعه‌ملي‌,421,2169717,16926093920,7490,7700,7860,370,4.94,7800,310,4.14,7460,7860,1400-7-3,2021-09-25
485,تكنو,تكنوتار,420,2017775,25061660020,12390,12840,12300,-90,-0.73,12420,30,0.24,12110,12840,1400-7-3,2021-09-25
486,كي بي سي,شركت كي بي سي,419,1160811,30221837301,27382,26100,26013,-1369,-5,26035,-1347,-4.92,26013,26540,1400-7-3,2021-09-25
487,فسا,پتروشيمي فسا,418,7583372,9801823739,1311,1311,1272,-39,-2.97,1293,-18,-1.37,1272,1350,1400-7-3,2021-09-25
488,دفاراح,ح . داروسازي‌ فارابي‌,414,932871,12709919570,13670,13850,13560,-110,-0.8,13620,-50,-0.37,13230,13960,1400-7-3,2021-09-25
489,سپ,پرداخت الكترونيك سامان كيش,410,1332229,44468748000,32050,32900,33650,1600,4.99,32940,890,2.78,32290,33650,1400-7-3,2021-09-25
490,ولبهمن,شركت بهمن ليزينگ,406,2018763,15455095138,7444,7430,7775,331,4.45,7656,212,2.85,7430,7816,1400-7-3,2021-09-25
491,دجابر,داروسازي‌ جابرابن‌حيان‌,399,1568051,21822243540,13620,13250,14000,380,2.79,13920,300,2.2,13250,14200,1400-7-3,2021-09-25
492,درهآور,دارويي ره آورد تامين,399,502042,12816692746,24893,26090,25880,987,3.96,25423,530,2.13,24910,26090,1400-7-3,2021-09-25
493,ثتوسا,س.توسعه و عمران استان اردبيل,397,653622,18294976346,28753,27891,27891,-862,-3,27990,-763,-2.65,27891,28795,1400-7-3,2021-09-25
494,ثامان,سامان‌ گستراصفهان‌,395,1186837,14602965720,12460,12950,12490,30,0.24,12310,-150,-1.2,11920,13040,1400-7-3,2021-09-25
495,تسه9911,امتياز تسهيلات مسكن بهمن99,394,12637,8120703703,651655,620833,640000,-11655,-1.79,642613,-9042,-1.39,620000,650000,1400-7-3,2021-09-25
496,دكوثر,داروسازي‌ كوثر,394,2909349,13970912016,4640,4760,4782,142,3.06,4786,146,3.15,4701,4870,1400-7-3,2021-09-25
497,سپاس,صندوق س. پاداش سهامداري-ثابت,393,14150712,142985288215,10091,10104,10108,17,0.17,10104,13,0.13,10104,10108,1400-7-3,2021-09-25
498,زرين,صندوق س. سهام زرين كوروش-س,391,1093691,14175461288,12590,12770,13105,515,4.09,12961,371,2.95,12635,13190,1400-7-3,2021-09-25
499,وپترو,سرمايه‌گذاري صنايع پتروشيمي‌,391,1737208,22443159670,12420,12980,13000,580,4.67,12920,500,4.03,12800,13040,1400-7-3,2021-09-25
500,كيان2,صندوق س. با درآمد ثابت كيان,390,39000000,39000000,30643,1,1,-30642,-100,1,-30642,-100,1,1,1400-7-3,2021-09-25
501,دتماد,توليدمواداوليه‌داروپخش‌,390,710062,33251733490,45900,45970,47700,1800,3.92,46830,930,2.03,45890,48070,1400-7-3,2021-09-25
502,كخاك,صنايع‌خاك‌چيني‌ايران‌,389,894333,28155523560,30390,30890,31900,1510,4.97,31480,1090,3.59,30300,31900,1400-7-3,2021-09-25
503,شپاس,نفت پاسارگاد,380,837590,16335780456,18971,19840,19450,479,2.52,19435,464,2.45,19000,19919,1400-7-3,2021-09-25
504,سشرق,سيمان‌ شرق‌,379,4350967,37374035870,8190,8590,8590,400,4.88,8590,400,4.88,8520,8590,1400-7-3,2021-09-25
505,پسهند,صنايع‌ لاستيكي‌  سهند,378,510144,14935397360,28760,29750,30000,1240,4.31,29270,510,1.77,28300,30170,1400-7-3,2021-09-25
506,فكمند,گسترش قطعه سازي كمند,377,935196,34732433906,36211,37290,36800,589,1.63,37139,928,2.56,36206,37297,1400-7-3,2021-09-25
507,كپرور,فرآوري زغال سنگ پروده طبس,373,638673,24386262001,38133,39600,37416,-717,-1.88,38183,50,0.13,36227,39600,1400-7-3,2021-09-25
508,نمرينو,ايران‌ مرينوس‌,372,182685,17124116020,89540,93000,94010,4470,4.99,93740,4200,4.69,90020,94010,1400-7-3,2021-09-25
509,فيروزه,صندوق شاخص30 شركت فيروزه- سهام,372,216479,37542109370,170220,170610,173930,3710,2.18,173420,3200,1.88,170610,175000,1400-7-3,2021-09-25
510,اميد,تامين سرمايه اميد,371,2903393,17419082890,5730,5950,6010,280,4.89,5940,210,3.66,5810,6010,1400-7-3,2021-09-25
511,پكرمان,گروه‌ صنعتي‌ بارز,368,2785555,67777836880,24020,24520,24720,700,2.91,24330,310,1.29,24000,24830,1400-7-3,2021-09-25
512,ماني,صندوق س. با درآمد ثابت ماني,364,4769238,48692933905,10201,10210,10212,11,0.11,10210,9,0.09,10205,10215,1400-7-3,2021-09-25
513,واتي,سرمايه‌ گذاري‌ آتيه‌ دماوند,362,6054327,66460013130,10460,10520,10980,520,4.97,10980,520,4.97,10520,10980,1400-7-3,2021-09-25
514,وسرمد,بيمه  سرمد,359,4752478,22253096894,4783,4640,4800,17,0.36,4682,-101,-2.11,4640,4844,1400-7-3,2021-09-25
515,پرديس,سرمايه گذاري پرديس,359,5515117,29880260050,5170,5350,5420,250,4.84,5420,250,4.84,5330,5420,1400-7-3,2021-09-25
516,سقاين,سيمان‌ قائن‌,359,158571,9968638620,61930,62400,62710,780,1.26,62540,610,0.98,62020,64100,1400-7-3,2021-09-25
517,وخاور,بانك خاورميانه,356,5158391,30465183580,5800,5800,5930,130,2.24,5850,50,0.86,5630,6020,1400-7-3,2021-09-25
518,غشهد,شهد ايران ‌,355,1733905,8874840530,5030,5050,5190,160,3.18,5080,50,0.99,4940,5270,1400-7-3,2021-09-25
519,كگهر,سنگ آهن گهرزمين,347,971249,45466385056,45881,45950,47300,1419,3.09,46227,346,0.75,45000,47427,1400-7-3,2021-09-25
520,فردا,صندوق س آواي فرداي زاگرس-ثابت,346,9558981,109816488809,11470,11488,11490,20,0.17,11488,18,0.16,11488,11492,1400-7-3,2021-09-25
521,كطبس,ذغال‌سنگ‌ نگين‌ ط‌بس‌,345,506981,30642017380,57710,60270,60590,2880,4.99,60440,2730,4.73,59000,60590,1400-7-3,2021-09-25
522,ثزاگرس,سرمايه گذاري توسعه عمران زاگرس,343,615757,22901404774,39136,37180,37180,-1956,-5,37192,-1944,-4.97,37180,37973,1400-7-3,2021-09-25
523,بنيرو,نيروترانس‌,337,3681733,8869308840,2350,2458,2404,54,2.3,2384,34,1.45,2350,2458,1400-7-3,2021-09-25
524,فخاس,فولاد خراسان,336,383811,10348824450,27580,26850,27000,-580,-2.1,27510,-70,-0.25,26510,27960,1400-7-3,2021-09-25
525,سمتاز,سيمان ممتازان كرمان,335,461605,8606813873,18267,18815,18400,133,0.73,18586,319,1.75,18090,18815,1400-7-3,2021-09-25
526,آساميد,صندوق س.مشترك آسمان اميد -د,333,6978563,91011495045,13022,13047,13048,26,0.2,13042,20,0.15,13041,13048,1400-7-3,2021-09-25
527,ركيش,كارت اعتباري ايران كيش,332,1641524,11434538920,7070,6760,6980,-90,-1.27,7000,-70,-0.99,6760,7250,1400-7-3,2021-09-25
528,دشيمي,شيمي‌ داروئي‌ داروپخش‌,330,966300,27650688490,27320,27330,28680,1360,4.98,28620,1300,4.76,27330,28680,1400-7-3,2021-09-25
529,حخزر,كشتيراني درياي خزر,329,486972,10195064837,21105,20655,20421,-684,-3.24,20989,-116,-0.55,20250,21763,1400-7-3,2021-09-25
530,دابور,داروسازي‌ ابوريحان‌,327,418927,11690887150,27540,26700,27250,-290,-1.05,27820,280,1.02,26700,28900,1400-7-3,2021-09-25
531,سحرخيز,صندوق س. گروه زعفران سحرخيز,327,631988,6494243783,10360,10401,10300,-60,-0.58,10276,-84,-0.81,10150,10600,1400-7-3,2021-09-25
532,رتكو,كنترل‌خوردگي‌تكين‌كو,325,2127847,24066101370,10820,10920,11360,540,4.99,11310,490,4.53,10530,11360,1400-7-3,2021-09-25
533,سكرد,سيمان كردستان,323,2222034,13832851810,6020,6280,6270,250,4.15,6200,180,2.99,6140,6290,1400-7-3,2021-09-25
534,غگلپا,شير پاستوريزه پگاه گلپايگان,321,221318,12484387782,55433,57600,55100,-333,-0.6,56231,798,1.44,54850,57600,1400-7-3,2021-09-25
535,دفارا,داروسازي‌ فارابي‌,320,750232,13486151550,17760,18000,18040,280,1.58,17950,190,1.07,17510,18480,1400-7-3,2021-09-25
536,وسين,بيمه سينا,320,7175083,26367750793,3579,3525,3686,107,2.99,3675,96,2.68,3521,3686,1400-7-3,2021-09-25
537,واعتبار,سرمايه گذاري اعتبار ايران,320,1819787,13959499530,7350,7680,7690,340,4.63,7640,290,3.95,7410,7710,1400-7-3,2021-09-25
538,تسه9909,امتياز تسهيلات مسكن آذر99,318,8207,5283788324,649574,630000,640000,-9574,-1.47,643815,-5759,-0.89,617096,647000,1400-7-3,2021-09-25
539,دسانكوح,ح . داروسازي سبحان انكولوژي,314,1877871,22338106431,11409,11804,11978,569,4.99,11895,486,4.26,11210,11979,1400-7-3,2021-09-25
540,قشهد,شهد,313,1284864,19110574300,14300,14320,15010,710,4.97,14870,570,3.99,14320,15010,1400-7-3,2021-09-25
541,سيدكو,سرمايه گذاري توسعه صنايع سيمان,309,2465340,16324169650,6500,6580,6630,130,2,6620,120,1.85,6500,6820,1400-7-3,2021-09-25
542,ميدكوح,ح.توسعه م وص.معدني خاورميانه,309,555827,24262761350,43900,43010,44000,100,0.23,43650,-250,-0.57,43010,44500,1400-7-3,2021-09-25
543,ضخود1054,اختيارخ خودرو-3000-1400/10/08,308,17912,1178647000,58,99,70,12,20.69,66,8,13.79,60,99,1400-7-3,2021-09-25
544,ولتجار,واسپاري تجارت وسرمايه ايرانيان,306,3920347,13612543175,3460,3550,3490,30,0.87,3472,12,0.35,3420,3550,1400-7-3,2021-09-25
545,كمنگنز,معادن‌منگنزايران‌,306,113988,8802950970,74710,75000,77200,2490,3.33,76140,1430,1.91,75000,78300,1400-7-3,2021-09-25
546,تسه9910,امتياز تسهيلات مسكن دي99,306,3925,2502630439,646411,616122,640000,-6411,-0.99,637613,-8798,-1.36,614091,646799,1400-7-3,2021-09-25
547,كفرا,فراورده‌ هاي‌ نسوزايران‌,302,1042412,23208692220,21330,21930,22390,1060,4.97,22260,930,4.36,21310,22390,1400-7-3,2021-09-25
548,ثفارس,عمران‌وتوسعه‌فارس‌,302,2823225,27441747000,9260,9720,9720,460,4.97,9720,460,4.97,9720,9720,1400-7-3,2021-09-25
549,كقزوي,شيشه‌ قزوين‌,299,2456458,19553341672,7825,7891,8046,221,2.82,7960,135,1.73,7650,8046,1400-7-3,2021-09-25
550,ضخود1053,اختيارخ خودرو-2500-1400/10/08,296,17197,2673251000,152,175,151,-1,-0.66,155,3,1.97,143,199,1400-7-3,2021-09-25
551,وهنر,گروه توسعه هنر ايران,295,1319578,6088532892,4756,4614,4614,-142,-2.99,4667,-89,-1.87,4614,4614,1400-7-3,2021-09-25
552,معيار ,سرمايه گذاري معيار صنعت پارس,292,226071,11523182392,50838,51310,49500,-1338,-2.63,50972,134,0.26,49411,51900,1400-7-3,2021-09-25
553,سكه0012پ01,تمام سكه طرح جديد0012رفاه,289,59500,69547937400,1170505,1170000,1169500,-1005,-0.09,1168873,-1632,-0.14,1162001,1177770,1400-7-3,2021-09-25
554,ولملت,واسپاري ملت,287,2576349,14883377180,5510,5780,5780,270,4.9,5760,250,4.54,5710,5780,1400-7-3,2021-09-25
555,تماوند,تامين سرمايه دماوند,286,2637618,19319401326,7499,7278,7275,-224,-2.99,7335,-164,-2.19,7275,7720,1400-7-3,2021-09-25
556,دعبيد,لابراتوارداروسازي‌  دكترعبيدي‌,286,528708,13261793650,24900,25510,24980,80,0.32,24950,50,0.2,24850,25700,1400-7-3,2021-09-25
557,سرود,سيمان‌شاهرود,285,1699369,40874337140,23730,24390,23880,150,0.63,24050,320,1.35,23800,24850,1400-7-3,2021-09-25
558,خاتم,صندوق س خاتم ايساتيس پويا-ثابت,284,2496218,30065684527,12036,12041,12042,6,0.05,12044,8,0.07,12041,12047,1400-7-3,2021-09-25
559,وتعاونح,ح . بيمه  تعاون,284,9556191,8060561926,869,843,843,-26,-2.99,843,-26,-2.99,843,888,1400-7-3,2021-09-25
560,وثنو,سرمايه گذاري ساختماني نوين,282,2827414,15852564703,5453,5616,5616,163,2.99,5607,154,2.82,5463,5616,1400-7-3,2021-09-25
561,هجرت,پخش هجرت,281,417387,14056147204,32737,34300,33600,863,2.64,33593,856,2.61,32590,34370,1400-7-3,2021-09-25
562,سكرما,سيمان‌ كرمان‌,278,551181,9085813120,16410,16040,16250,-160,-0.98,16450,40,0.24,16040,16950,1400-7-3,2021-09-25
563,وبهمن,سرمايه‌گذاري‌بهمن‌,274,434754,7107843110,16740,16250,16360,-380,-2.27,16590,-150,-0.9,16000,17170,1400-7-3,2021-09-25
564,ضسپا8044,اختيارخ خساپا-2500-1400/08/26,273,12915,526249000,47,47,40,-7,-14.89,41,-6,-12.77,38,60,1400-7-3,2021-09-25
565,مداران,داده‌پردازي‌ايران‌,267,574396,10796282240,18190,17720,18600,410,2.25,18610,420,2.31,17720,19090,1400-7-3,2021-09-25
566,ولتجارح,ح.واسپا تجارت وسرمايه ايرانيان,265,8879168,15253683801,1753,1785,1701,-52,-2.97,1718,-35,-2,1701,1785,1400-7-3,2021-09-25
567,سكارون,سيمان كارون,264,128545,10125652717,81170,78735,78735,-2435,-3,78771,-2399,-2.96,78735,79509,1400-7-3,2021-09-25
568,حسينا,توسعه خدمات دريايي وبندري سينا,264,211004,10963991258,50789,52450,51850,1061,2.09,51626,837,1.65,51310,53160,1400-7-3,2021-09-25
569,بساما,بيمه سامان,260,628482,15408075149,23448,23940,24620,1172,5,24265,817,3.48,23940,24620,1400-7-3,2021-09-25
570,وارس,سرمايه گذاري ارس صبا,259,699122,8438919958,12211,12050,12182,-29,-0.24,12091,-120,-0.98,11847,12459,1400-7-3,2021-09-25
571,دكيمي,كيميدارو,258,489356,12153309520,24600,24010,24660,60,0.24,24790,190,0.77,24010,25400,1400-7-3,2021-09-25
572,شصفها,پتروشيمي‌ اصفهان‌,256,261389,36295420797,136468,139197,139000,2532,1.86,138856,2388,1.75,133810,139197,1400-7-3,2021-09-25
573,بايكا,كارخانجات كابلسازي ‌ايران‌,252,454285,11567939910,26198,25413,25413,-785,-3,25464,-734,-2.8,25413,26189,1400-7-3,2021-09-25
574,غپآذر,شير پگاه آذربايجان شرقي,250,187389,7980000664,42372,42450,42240,-132,-0.31,42485,113,0.27,41512,43499,1400-7-3,2021-09-25
575,وآفري,بيمه كارآفرين,242,5558553,18487791723,3239,3150,3336,97,2.99,3326,87,2.69,3150,3336,1400-7-3,2021-09-25
576,دسبحان,سبحان دارو,240,451171,8450144080,18300,18760,18660,360,1.97,18540,240,1.31,18420,18840,1400-7-3,2021-09-25
577,تسه9810,امتياز تسهيلات مسكن دي98,236,5586,3597481118,656738,654990,646000,-10738,-1.64,644017,-12721,-1.94,626400,659290,1400-7-3,2021-09-25
578,وملل,اعتباري ملل,234,778535,8783888674,11025,11100,11221,196,1.78,11075,50,0.45,11100,11540,1400-7-3,2021-09-25
579,تسه9907,امتياز تسهيلات مسكن مهر99,231,3089,1965607439,646961,622009,641000,-5961,-0.92,636325,-10636,-1.64,616707,649900,1400-7-3,2021-09-25
580,سبجنو,سيمان‌ بجنورد,231,194843,7999533980,40810,41990,41900,1090,2.67,40940,130,0.32,40510,42340,1400-7-3,2021-09-25
581,غشهداب,كشت و صنعت شهداب ناب خراسان,230,3626970,12023405550,3158,3315,3315,157,4.97,3278,120,3.8,3315,3315,1400-7-3,2021-09-25
582,سفانو,سيمان فارس نو,229,309869,7456436790,23900,24210,24220,320,1.34,23980,80,0.33,23530,24920,1400-7-3,2021-09-25
583,دالبر,البرزدارو,229,701502,11111410960,15610,15270,15650,40,0.26,15740,130,0.83,15270,16220,1400-7-3,2021-09-25
584,نهال,صندوق س. طلاي سرخ نوويرا,227,441600,4740953204,10697,10900,10650,-47,-0.44,10736,39,0.36,10212,10955,1400-7-3,2021-09-25
585,سدشت,صنايع سيمان دشتستان,227,366093,17773465160,48800,49900,49420,620,1.27,48610,-190,-0.39,46380,50440,1400-7-3,2021-09-25
586,ما,بيمه  ما,225,963743,7698195750,7850,7780,8030,180,2.29,7920,70,0.89,7780,8100,1400-7-3,2021-09-25
587,لخانه,لوازم‌ خانگي‌ پارس‌,225,366702,7817738234,21836,21723,21181,-655,-3,21422,-414,-1.9,21181,22396,1400-7-3,2021-09-25
588,قنقش,قند نقش جهان,222,412215,34954693983,86394,86394,84667,-1727,-2,84797,-1597,-1.85,84667,86394,1400-7-3,2021-09-25
589,وپخش,داروپخش‌ (هلدينگ‌,220,356811,10736097200,30740,29740,30170,-570,-1.85,30580,-160,-0.52,29730,31300,1400-7-3,2021-09-25
590,عيار,صندوق سكه طلاي مفيد,220,207131,6137064992,29623,29770,29680,57,0.19,29629,6,0.02,29411,29840,1400-7-3,2021-09-25
591,شكبير,پتروشيمي اميركبير,220,148490,14078177482,92974,93550,95000,2026,2.18,93227,253,0.27,93550,95700,1400-7-3,2021-09-25
592,شگل,گلتاش‌,220,1014463,7941414590,7490,7550,7860,370,4.94,7660,170,2.27,7550,7860,1400-7-3,2021-09-25
593,خپويش,سازه‌ پويش‌,219,189937,15362104560,85130,80880,80880,-4250,-4.99,80880,-4250,-4.99,80880,80880,1400-7-3,2021-09-25
594,وبازار,صندوق س شاخصي بازارآشنا,218,807223,9493875030,11170,12000,11840,670,6,11760,590,5.28,11380,12000,1400-7-3,2021-09-25
595,ركيشح,ح. كارت اعتباري ايران كيش,216,1633255,7903016399,4830,4872,4810,-20,-0.41,4839,9,0.19,4751,5085,1400-7-3,2021-09-25
596,ثاصفا,شركت‌ ساختمان‌ اصفهان‌,215,531390,9093958800,17619,17091,17091,-528,-3,17146,-473,-2.68,17091,17230,1400-7-3,2021-09-25
597,دحاوي,الحاوي,214,1225144,8811870425,7414,7192,7192,-222,-2.99,7213,-201,-2.71,7192,7218,1400-7-3,2021-09-25
598,تسه9902,امتياز تسهيلات مسكن ارديبهشت99,213,4071,2584847114,643951,611757,637000,-6951,-1.08,634942,-9009,-1.4,611757,669999,1400-7-3,2021-09-25
599,فلات,گروه صنايع معادن فلات ايرانيان,209,1134181,14770578054,12660,13039,13039,379,2.99,13023,363,2.87,12760,13039,1400-7-3,2021-09-25
600,ولانا,شركت ليزينگ آريا دانا,208,556893,12006270417,22195,21530,21530,-665,-3,21559,-636,-2.87,21530,22194,1400-7-3,2021-09-25
601,داسوه,داروسازي‌ اسوه‌,207,208290,6252095010,29560,30970,29880,320,1.08,29750,190,0.64,29200,30970,1400-7-3,2021-09-25
602,دپارس,پارس‌ دارو,206,149503,5568505520,36300,38060,37120,820,2.26,36640,340,0.94,36760,38060,1400-7-3,2021-09-25
603,گوهر,صندوق سكه طلاي كيان,200,144212,8344444665,57835,58300,58120,285,0.49,57862,27,0.05,57700,58498,1400-7-3,2021-09-25
604,سفاسي,شركت فارسيت اهواز,198,698264,3690325240,5448,5285,5285,-163,-2.99,5386,-62,-1.14,5285,5285,1400-7-3,2021-09-25
605,ساراب,سيمان‌ داراب‌,197,515781,9991595130,18880,19300,19310,430,2.28,19200,320,1.69,19030,19710,1400-7-3,2021-09-25
606,اخزا910,اسنادخزانه-م10بودجه99-020807,195,464249,296999160164,638764,639000,640000,1236,0.19,639741,977,0.15,635503,640750,1400-7-3,2021-09-25
607,گوهران,سرمايه گذاري توسعه گوهران اميد,193,997316,5167903540,5178,5247,5180,2,0.04,5179,1,0.02,5123,5330,1400-7-3,2021-09-25
608,ضخود1049,اختيارخ خودرو-1400-1400/10/08,191,8075,5379591000,647,685,729,82,12.67,666,19,2.94,639,740,1400-7-3,2021-09-25
609,ضسپا8041,اختيارخ خساپا-1600-1400/08/26,191,6493,2017565000,303,360,338,35,11.55,311,8,2.64,298,360,1400-7-3,2021-09-25
610,حپارسا,توسعه حمل و نقل ريلي پارسيان,191,460692,17158174921,36648,37747,37510,862,2.35,37244,596,1.63,34930,38000,1400-7-3,2021-09-25
611,ضخود1052,اختيارخ خودرو-2000-1400/10/08,189,6394,2174910000,311,399,338,27,8.68,340,29,9.32,320,400,1400-7-3,2021-09-25
612,ثشرق,سرمايه گذاري مسكن شمال شرق,187,2348394,12828362670,5210,5370,5470,260,4.99,5420,210,4.03,5270,5470,1400-7-3,2021-09-25
613,خديزل,بهمن  ديزل,185,149860,7728869473,50092,51594,51755,1663,3.32,50647,555,1.11,50001,52500,1400-7-3,2021-09-25
614,آساس,صندوق س.آسمان آرماني سهام-س,184,47717,8445926158,173071,173260,177500,4429,2.56,177000,3929,2.27,173260,177999,1400-7-3,2021-09-25
615,پلوله,گازلوله‌,183,345372,10200926212,29523,29915,29023,-500,-1.69,29536,13,0.04,29002,30408,1400-7-3,2021-09-25
616,خفولا,خدمات فني فولاد يزد,182,341966,11816688312,35595,34529,34528,-1067,-3,34555,-1040,-2.92,34528,35000,1400-7-3,2021-09-25
617,تسه9904,امتياز تسهيلات مسكن تير99,181,1994,1267935100,645330,613333,620000,-25330,-3.93,635875,-9455,-1.47,613333,647580,1400-7-3,2021-09-25
618,فراز,صندوق س.سهام فراز داريك-س,180,883742,12500456584,14142,14142,14151,9,0.06,14145,3,0.02,14142,14156,1400-7-3,2021-09-25
619,ختراك,ريخته‌گري‌ تراكتورسازي‌ ايران‌,179,1351345,16686985150,11770,11600,12350,580,4.93,12350,580,4.93,11600,12350,1400-7-3,2021-09-25
620,شاملا,معدني‌ املاح‌  ايران‌,177,150512,5381627010,35840,36900,36240,400,1.12,35810,-30,-0.08,34500,37250,1400-7-3,2021-09-25
621,بخاور,بيمه زندگي خاورميانه,177,834177,4488423486,5243,5460,5380,137,2.61,5283,40,0.76,5327,5460,1400-7-3,2021-09-25
622,قيستو,شركت قند بيستون,175,493882,9537941630,18776,19240,19339,563,3,19273,497,2.65,18311,19339,1400-7-3,2021-09-25
623,شوينده,مديريت صنعت شوينده ت.ص.بهشهر,174,783517,17351109480,21100,22030,22150,1050,4.98,22150,1050,4.98,22030,22150,1400-7-3,2021-09-25
624,اوصتا,صندوق انديشه ورزان صباتامين -د,174,8631944,172310178191,19932,19960,19963,31,0.16,19962,30,0.15,19959,19963,1400-7-3,2021-09-25
625,دسينا,داروسازي‌ سينا,172,371861,7767741620,20640,21000,21000,360,1.74,20770,130,0.63,20700,21200,1400-7-3,2021-09-25
626,فروس,فروسيليس‌ ايران‌,168,2027725,13017994500,6120,6420,6420,300,4.9,6370,250,4.08,6420,6420,1400-7-3,2021-09-25
627,سشمال,سيمان‌ شمال‌,161,548872,5290634040,9550,9380,9680,130,1.36,9580,30,0.31,9380,9960,1400-7-3,2021-09-25
628,تابا,تابان نيرو سپاهان,159,307749,10671812073,33026,34677,34677,1651,5,34677,1651,5,34677,34677,1400-7-3,2021-09-25
629,مارون,پتروشيمي مارون,158,50945,9381650917,184287,183200,183000,-1287,-0.7,184274,-13,-0.01,178062,186200,1400-7-3,2021-09-25
630,قزوين,كارخانجات‌ قند قزوين‌,156,207954,6080138030,29940,28800,29660,-280,-0.94,29650,-290,-0.97,28450,31180,1400-7-3,2021-09-25
631,وايرا,سرمايه گذاري صنايع ايران,152,770271,5470221306,7080,7252,7120,40,0.56,7092,12,0.17,7070,7252,1400-7-3,2021-09-25
632,بكاب,صنايع‌جوشكاب‌يزد,152,16571,3753828630,238450,226530,226530,-11920,-5,235310,-3140,-1.32,226530,226530,1400-7-3,2021-09-25
633,ضخود1051,اختيارخ خودرو-1800-1400/10/08,151,6861,2971027000,395,410,440,45,11.39,433,38,9.62,402,460,1400-7-3,2021-09-25
634,وزمين,بانك ايران زمين,151,661694,7185067589,11008,11446,10720,-288,-2.62,10946,-62,-0.56,10568,11446,1400-7-3,2021-09-25
635,غپونه,نوش پونه مشهد,151,282393,4034380807,14695,14255,14255,-440,-2.99,14525,-170,-1.16,14255,14690,1400-7-3,2021-09-25
636,اخزا901,اسنادخزانه-م1بودجه99-010621,150,98082,80689865866,822244,822790,823335,1091,0.13,822678,434,0.05,813011,823370,1400-7-3,2021-09-25
637,تسه9906,امتياز تسهيلات مسكن شهريور99,149,1537,980200944,649234,632050,635000,-14234,-2.19,637736,-11498,-1.77,620009,658590,1400-7-3,2021-09-25
638,تسه9809,امتياز تسهيلات مسكن آذر98,148,2520,1626131609,650879,664998,637002,-13877,-2.13,645290,-5589,-0.86,630000,664998,1400-7-3,2021-09-25
639,شفا,سرمايه گذاري شفادارو,147,244089,9738399200,38580,39400,40300,1720,4.46,39260,680,1.76,39400,40500,1400-7-3,2021-09-25
640,شپلي,پلي اكريل ايران,147,1720266,17871843474,10710,10389,10389,-321,-3,10389,-321,-3,10389,10389,1400-7-3,2021-09-25
641,تسه9808,امتياز تسهيلات مسكن آبان98,146,2767,1777735626,651360,632222,636001,-15359,-2.36,642478,-8882,-1.36,630040,659900,1400-7-3,2021-09-25
642,دشيري,شيرين دارو,145,72058,13102760686,177789,182999,177510,-279,-0.16,181836,4047,2.28,177000,183120,1400-7-3,2021-09-25
643,تسه9903,امتياز تسهيلات مسكن خرداد99,143,1508,964212224,642924,634000,629900,-13024,-2.03,639398,-3526,-0.55,611122,675070,1400-7-3,2021-09-25
644,دابورح,ح . داروسازي‌ ابوريحان‌,140,131332,3280546400,24330,25000,25080,750,3.08,24980,650,2.67,24310,25090,1400-7-3,2021-09-25
645,تسه9901,امتياز تسهيلات مسكن فروردين99,137,1186,757653762,648313,616005,635000,-13313,-2.05,638831,-9482,-1.46,616005,668900,1400-7-3,2021-09-25
646,تسه9812,امتياز تسهيلات مسكن اسفند98,135,944,608463507,658244,660000,635000,-23244,-3.53,644559,-13685,-2.08,625332,660000,1400-7-3,2021-09-25
647,ارمغان,ص سرمايه گذاري ارمغان ايرانيان,133,1442090,14559657082,10082,10095,10095,13,0.13,10096,14,0.14,10093,10106,1400-7-3,2021-09-25
648,پارتا,مجتمع‌صنعتي‌آرتاويل‌تاير,131,173962,4692090266,26683,26725,27149,466,1.75,26740,57,0.21,26000,27370,1400-7-3,2021-09-25
649,فزرين,زرين معدن آسيا,130,1303426,23891798580,18916,18330,18330,-586,-3.1,18330,-586,-3.1,18330,18330,1400-7-3,2021-09-25
650,تسه9811,امتياز تسهيلات مسكن بهمن98,128,1110,714989817,642761,650000,633000,-9761,-1.52,644135,1374,0.21,620019,674000,1400-7-3,2021-09-25
651,سهگمت,سيمان‌هگمتان‌,127,173255,4176939250,23680,24350,24320,640,2.7,23800,120,0.51,23820,24790,1400-7-3,2021-09-25
652,تسه9905,امتياز تسهيلات مسكن مرداد99,127,1206,769233906,640487,630000,640000,-487,-0.08,637839,-2648,-0.41,615566,650000,1400-7-3,2021-09-25
653,تسه9807,امتياز تسهيلات مسكن مهر98,126,2452,1561873656,644996,630015,625000,-19996,-3.1,636979,-8017,-1.24,620020,677245,1400-7-3,2021-09-25
654,شكام,صنايع شيميايي كيمياگران امروز,123,555000,12420900000,21315,22380,22380,1065,5,22115,800,3.75,22380,22380,1400-7-3,2021-09-25
655,اخزا902,اسنادخزانه-م2بودجه99-011019,122,177159,136455092092,770555,768001,770500,-55,-0.01,770241,-314,-0.04,768001,771199,1400-7-3,2021-09-25
656,دروز,داروسازي‌ روزدارو,122,129722,3798650230,28890,29980,28500,-390,-1.35,28990,100,0.35,28300,29980,1400-7-3,2021-09-25
657,شساخت,مهندسي و ساختمان صنايع نفت,122,138368,6321763735,46197,45510,45351,-846,-1.83,46127,-70,-0.15,45350,46900,1400-7-3,2021-09-25
658,زر,صندوق س.پشتوانه سكه طلاي زر,119,43924,2202146171,50010,49937,50030,20,0.04,50135,125,0.25,49937,50340,1400-7-3,2021-09-25
659,وآتوس,س.آرين توسكا قيمت اسمي 350ريال,118,215054,5744267558,28108,26703,26703,-1405,-5,27106,-1002,-3.56,26703,27830,1400-7-3,2021-09-25
660,ضخود1050,اختيارخ خودرو-1600-1400/10/08,117,5113,2796597000,517,536,580,63,12.19,547,30,5.8,521,580,1400-7-3,2021-09-25
661,الماس,صندوق س.امين تدبيرگران فردا-س,116,20261,2571674109,120051,124949,129000,8949,7.45,126927,6876,5.73,120001,130000,1400-7-3,2021-09-25
662,قپيرا,فرآورده‌هاي‌غدايي‌وقندپيرانشهر,116,375081,3236772420,8580,8600,8600,20,0.23,8590,10,0.12,8380,8850,1400-7-3,2021-09-25
663,اخزا903,اسنادخزانه-م3بودجه99-011110,111,210322,160374467388,761624,761000,763003,1379,0.18,762519,895,0.12,757113,763300,1400-7-3,2021-09-25
664,افق ملت,صندوق س در سهام افق ملت,111,57357,8400712700,144130,146000,148000,3870,2.69,146460,2330,1.62,145790,148000,1400-7-3,2021-09-25
665,كامياب,صندوق س. كامياب آشنا-د,110,523321,5480519281,10447,10470,10475,28,0.27,10473,26,0.25,10466,10475,1400-7-3,2021-09-25
666,اخزا003,اسنادخزانه-م3بودجه00-030418,109,105270,57893859262,1000000,550000,552000,-448000,-44.8,549956,-450044,-45,545001,600000,1400-7-3,2021-09-25
667,آ س پ,آ.س.پ,107,1125666,11299435308,9560,10038,10038,478,5,9903,343,3.59,10038,10038,1400-7-3,2021-09-25
668,شتوكا,توكا رنگ فولاد سپاهان,106,237932,9171326872,40574,38546,38546,-2028,-5,39269,-1305,-3.22,38546,38546,1400-7-3,2021-09-25
669,وامين,س. امين توان آفرين ساز,105,353241,4532840245,12818,12882,12820,2,0.02,12819,1,0.01,12750,12900,1400-7-3,2021-09-25
670,وحكمت,بيمه حكمت صبا,105,1287115,5183212105,4151,4027,4027,-124,-2.99,4085,-66,-1.59,4027,4027,1400-7-3,2021-09-25
671,دفرا,فرآورده‌هاي‌ تزريقي‌ ايران‌,103,180653,5446890280,30090,29810,30590,500,1.66,30110,20,0.07,29800,30800,1400-7-3,2021-09-25
672,فاهواز,نورد و لوله اهواز,103,1111117,6807813859,6007,6127,6127,120,2,6066,59,0.98,6127,6127,1400-7-3,2021-09-25
673,غشصفا,شيرپاستوريزه‌پگاه‌اصفهان‌,98,218266,6497778820,28360,29770,29770,1410,4.97,28940,580,2.05,29770,29770,1400-7-3,2021-09-25
674,گنجين,صندوق س. گنجينه يكم آويد-د,98,378360,5210256348,13744,13774,13774,30,0.22,13771,27,0.2,13763,13774,1400-7-3,2021-09-25
675,سهرمز,سيمان‌هرمزگان‌,98,136564,2462783870,17850,17200,17920,70,0.39,17880,30,0.17,17200,18480,1400-7-3,2021-09-25
676,دارا,صندوق س. دارا الگوريتم-د,95,982008,9605041022,10059,9090,9945,-114,-1.13,9781,-278,-2.76,9090,9999,1400-7-3,2021-09-25
677,صايند,صندوق س. گنجينه آينده روشن-د,90,578270,5834175450,10085,10100,10100,15,0.15,10089,4,0.04,10080,10107,1400-7-3,2021-09-25
678,ضجار7038,اختيارخ وتجارت-1797-1400/07/21,89,4716,2747146000,550,380,501,-49,-8.91,583,33,6,200,900,1400-7-3,2021-09-25
679,ورازي,بيمه رازي,84,1941079,3641464204,1787,1876,1876,89,4.98,1810,23,1.29,1876,1876,1400-7-3,2021-09-25
680,قمرو,قند مرودشت‌,82,254856,7164002160,26780,28110,28110,1330,4.97,27390,610,2.28,28110,28110,1400-7-3,2021-09-25
681,ضسپا8043,اختيارخ خساپا-2000-1400/08/26,81,3711,451068000,131,133,125,-6,-4.58,122,-9,-6.87,111,140,1400-7-3,2021-09-25
682,اخزا909,اسنادخزانه-م9بودجه99-020316,81,287694,201879207666,699424,700000,702001,2577,0.37,701715,2291,0.33,700000,704964,1400-7-3,2021-09-25
683,دقاضي,داروسازي شهيد قاضي,80,174508,5740128394,33910,32900,32893,-1017,-3,33388,-522,-1.54,32893,32900,1400-7-3,2021-09-25
684,اخزا004,اسنادخزانه-م4بودجه00-030522,75,464742,251155855881,539673,540001,539500,-173,-0.03,540420,747,0.14,533000,541998,1400-7-3,2021-09-25
685,اخزا908,اسنادخزانه-م8بودجه99-020606,74,160052,106543390195,663584,663990,667000,3416,0.51,665680,2096,0.32,662000,675000,1400-7-3,2021-09-25
686,فيروزا,صندوق بادرآمد ثابت فيروزه آسيا,73,271745,6796029962,24989,24948,25025,36,0.14,25009,20,0.08,24948,25049,1400-7-3,2021-09-25
687,ضسپا8042,اختيارخ خساپا-1800-1400/08/26,73,2067,443716000,188,280,225,37,19.68,215,27,14.36,192,280,1400-7-3,2021-09-25
688,وپخشح,ح . داروپخش‌ (هلدينگ‌,73,156225,4486827620,28240,29400,28980,740,2.62,28720,480,1.7,27020,29400,1400-7-3,2021-09-25
689,اخزا914,اسنادخزانه-م14بودجه99-021025,71,181440,110770878386,609677,606000,610386,709,0.12,610510,833,0.14,604111,613999,1400-7-3,2021-09-25
690,صنوين,صندوق سرمايه‌گذاري صنوين-مختلط,69,14499,1497634090,103760,101010,104000,240,0.23,103290,-470,-0.45,101010,104990,1400-7-3,2021-09-25
691,آتيمس,صندوق س.آرمان آتيه درخشان مس-س,68,15964,3127528347,191266,191000,196500,5234,2.74,195911,4645,2.43,191000,197297,1400-7-3,2021-09-25
692,ضشنا8004,اختيارخ شپنا-10800-1400/08/16,68,544,1662551000,2163,3070,3111,948,43.83,3056,893,41.29,2800,3199,1400-7-3,2021-09-25
693,ولراز,ليزينگ رازي,68,129307,3843521268,28859,29724,29724,865,3,29226,367,1.27,29724,29724,1400-7-3,2021-09-25
694,لابسا,آبسال‌,67,383879,14502948620,35990,37780,37780,1790,4.97,37640,1650,4.58,37780,37780,1400-7-3,2021-09-25
695,وليز,ليزينگ‌ايران‌,66,456215,949383415,1982,2081,2081,99,4.99,1988,6,0.3,2081,2081,1400-7-3,2021-09-25
696,اخزا911,اسنادخزانه-م11بودجه99-020906,65,396157,249135484358,628061,625002,628889,828,0.13,628881,820,0.13,625002,630000,1400-7-3,2021-09-25
697,فردا2,صندوق س آواي فرداي زاگرس-ثابت,61,6100000,6100000,11470,1,1,-11469,-99.99,1,-11469,-99.99,1,1,1400-7-3,2021-09-25
698,بميلا,توسعه بازرگاني آهن وفولادميلاد,57,827177,9652328413,11330,11669,11669,339,2.99,11648,318,2.81,11669,11669,1400-7-3,2021-09-25
699,اخزا006,اسنادخزانه-م6بودجه00-030723,55,303023,157816471726,519671,520903,520000,329,0.06,520807,1136,0.22,518344,522000,1400-7-3,2021-09-25
700,ضملي7003,اختيارخ فملي-11720-1400/07/11,54,670,594842000,676,850,999,323,47.78,888,212,31.36,800,999,1400-7-3,2021-09-25
701,ضملت8043,اختيارخ وبملت-4434-1400/08/19,54,2281,422999000,187,150,199,12,6.42,185,-2,-1.07,150,207,1400-7-3,2021-09-25
702,تمحركه,ماشين سازي نيرو محركه,53,114103,1729573274,15626,15158,15158,-468,-3,15538,-88,-0.56,15158,15158,1400-7-3,2021-09-25
703,داريك,صندوق س.اعتماد داريك-د,53,1040376,11996340063,11517,11529,11531,14,0.12,11531,14,0.12,11529,11532,1400-7-3,2021-09-25
704,آكورد2,صندوق س. آرمان آتي كوثر-د,50,5000000,5000000,34270,1,1,-34269,-100,1,-34269,-100,1,1,1400-7-3,2021-09-25
705,سكه0011پ02,تمام سكه طرح جديد0011ملت,47,9600,11188719100,1170059,1164102,1168000,-2059,-0.18,1165492,-4567,-0.39,1161000,1170000,1400-7-3,2021-09-25
706,سنوين,سرمايه گذاري اقتصاد نوين,46,577278,4620533112,7771,8004,8004,233,3,7876,105,1.35,8004,8004,1400-7-3,2021-09-25
707,اخزا001,اسنادخزانه-م1بودجه00-030821,46,33171,16932278701,509181,508000,511027,1846,0.36,510454,1273,0.25,506857,512500,1400-7-3,2021-09-25
708,اخزا815,اسنادخزانه-م15بودجه98-010406,45,67373,56895387504,858154,860000,859885,1731,0.2,844483,-13671,-1.59,815247,860579,1400-7-3,2021-09-25
709,خفناور,مهندسي صنعتي روان فن آور,44,45799,2063886136,46457,45064,45064,-1393,-3,46161,-296,-0.64,45064,45064,1400-7-3,2021-09-25
710,سكه0112پ03,تمام سكه طرح جديد0112سامان,40,11000,12839826200,1169161,1173000,1167989,-1172,-0.1,1167257,-1904,-0.16,1160000,1173000,1400-7-3,2021-09-25
711,آرمان,بيمه آرمان,39,80011,511010739,6564,6698,6372,-192,-2.93,6555,-9,-0.14,6369,6698,1400-7-3,2021-09-25
712,سكه0012پ04,تمام سكه طرح جديد0012صادرات,37,6300,7352803000,1167371,1171999,1167990,619,0.05,1167112,-259,-0.02,1161506,1171999,1400-7-3,2021-09-25
713,وسصفا,شركت س استان اصفهان,36,457764,318145980,731,695,695,-36,-4.92,731,0,0,695,695,1400-7-3,2021-09-25
714,ضملت8042,اختيارخ وبملت-3934-1400/08/19,33,697,277964000,321,365,428,107,33.33,399,78,24.3,365,500,1400-7-3,2021-09-25
715,اخزا002,اسنادخزانه-م2بودجه00-031024,33,26575,13142218188,492443,498800,494444,2001,0.41,494533,2090,0.42,493902,498800,1400-7-3,2021-09-25
716,دزهراويح,ح . ‌داروسازي‌زهراوي‌,33,58818,296164540,5580,5200,5030,-550,-9.86,5040,-540,-9.68,5030,5200,1400-7-3,2021-09-25
717,ساروج,بين المللي ساروج بوشهر,33,76146,1319553486,17429,17749,17500,71,0.41,17416,-13,-0.07,17010,17749,1400-7-3,2021-09-25
718,كهربا,صندوق س.پشتوانه سكه طلا كهربا,32,97465,1004866187,10299,10439,10300,1,0.01,10310,11,0.11,10273,10439,1400-7-3,2021-09-25
719,سيناد,صندوق س.سپهرسودمند سينا-د,31,706498,7081546125,10010,10020,10025,15,0.15,10023,13,0.13,10020,10025,1400-7-3,2021-09-25
720,ثنام,س ساختماني ب نام آوران مهندسي,31,327426,4098718668,12905,12518,12518,-387,-3,12741,-164,-1.27,12518,12518,1400-7-3,2021-09-25
721,وملت,سرمايه گذاري ملت,31,227026,739650708,3324,3258,3258,-66,-1.99,3314,-10,-0.3,3258,3258,1400-7-3,2021-09-25
722,اطلس2,صندوق س.توسعه اندوخته آينده-س,31,310000,310000,248462,1,1,-248461,-100,1,-248461,-100,1,1,1400-7-3,2021-09-25
723,ضسپا8040,اختيارخ خساپا-1400-1400/08/26,30,1714,837303000,449,549,501,52,11.58,489,40,8.91,450,640,1400-7-3,2021-09-25
724,ضصاد8033,اختيارخ وبصادر-2489-1400/08/12,30,1097,163045000,127,120,160,33,25.98,149,22,17.32,111,160,1400-7-3,2021-09-25
725,ضپاس7030,اختيارخ وپارس-3000-1400/07/28,30,415,55119000,155,130,198,43,27.74,133,-22,-14.19,109,220,1400-7-3,2021-09-25
726,زعف0008پ05,زعفران0008نگين زرين(پ),30,22294,3436607875,153676,155000,155201,1525,0.99,154149,473,0.31,151101,160998,1400-7-3,2021-09-25
727,كصدف,كاشي صدف سرام استقلال آباده,30,75107,1713190670,23515,22810,22810,-705,-3,23390,-125,-0.53,22810,22810,1400-7-3,2021-09-25
728,ضملي7002,اختيارخ فملي-9720-1400/07/11,30,176,468105000,2072,2990,2929,857,41.36,2660,588,28.38,1901,2990,1400-7-3,2021-09-25
729,زعف0008پ11,زعفران0008نگين سحرخيز(پ),29,14772,2281281009,152926,146002,154603,1677,1.1,154433,1507,0.99,146002,158990,1400-7-3,2021-09-25
730,زعف0008پ08,زعفران0008نگين روستا(پ),29,25779,4084640906,155562,150200,157000,1438,0.92,158448,2886,1.86,150200,160800,1400-7-3,2021-09-25
731,ضجار7040,اختيارخ وتجارت-2497-1400/07/21,29,1117,48123000,49,77,35,-14,-28.57,43,-6,-12.24,30,55,1400-7-3,2021-09-25
732,دمعيار,صندوق س. توازن معيار-د,28,439620,4403495548,10158,10020,10016,-142,-1.4,10017,-141,-1.39,10015,10020,1400-7-3,2021-09-25
733,ضخود7073,اختيارخ خودرو-1600-1400/07/07,28,621,177618000,226,235,309,83,36.73,286,60,26.55,234,333,1400-7-3,2021-09-25
734,صايپا012,صكوك مرابحه سايپا012-3ماهه 16%,27,135000,135000270000,1000002,1000002,1000002,0,0,1000002,0,0,1000002,1000002,1400-7-3,2021-09-25
735,پادا,صندوق س.پاداش سرمايه پارس-س,25,8648,975439920,110573,111500,113690,3117,2.82,112794,2221,2.01,111500,113700,1400-7-3,2021-09-25
736,امين يكم2,صندوق درآمد ثابت امين يكم فردا,25,25000000,25000000,10154,1,1,-10153,-99.99,1,-10153,-99.99,1,1,1400-7-3,2021-09-25
737,اخزا820,اسنادخزانه-م20بودجه98-020806,25,31066,19871027338,638447,639994,639500,1053,0.16,639639,1192,0.19,636000,642496,1400-7-3,2021-09-25
738,سجام,مجتمع سيمان غرب آسيا,25,116310,490828200,4350,4220,4220,-130,-2.99,4343,-7,-0.16,4220,4220,1400-7-3,2021-09-25
739,ضشنا8005,اختيارخ شپنا-12800-1400/08/16,24,397,654950000,1303,1700,1795,492,37.76,1650,347,26.63,1490,1800,1400-7-3,2021-09-25
740,اخزا907,اسنادخزانه-م7بودجه99-020704,24,136937,89426391333,650825,669850,654000,3175,0.49,653048,2223,0.34,652300,669850,1400-7-3,2021-09-25
741,طخود7075,اختيارف خودرو-2000-1400/07/07,23,282,19323000,109,90,90,-19,-17.43,69,-40,-36.7,50,130,1400-7-3,2021-09-25
742,ثروتم,صندوق س. ثروت آفرين پارسيان-س,22,61790,5423065900,86524,86926,88010,1486,1.72,87766,1242,1.44,86925,88550,1400-7-3,2021-09-25
743,آسام,صندوق س.آرمان سپهر آشنا-م,22,6050,740970180,120875,120900,124400,3525,2.92,122474,1599,1.32,120700,124400,1400-7-3,2021-09-25
744,تپولا,مهندسي مرآت پولاد,21,32242,819849576,26214,25428,25428,-786,-3,26148,-66,-0.25,25428,25428,1400-7-3,2021-09-25
745,ماني2,صندوق س. با درآمد ثابت ماني,20,2000000,2000000,10201,1,1,-10200,-99.99,1,-10200,-99.99,1,1,1400-7-3,2021-09-25
746,اخزا008,اسنادخزانه-م8بودجه00-030919,20,32097,16186314911,503543,505000,504117,574,0.11,504294,751,0.15,504117,505000,1400-7-3,2021-09-25
747,ضخود7072,اختيارخ خودرو-1400-1400/07/07,20,350,163935000,480,450,490,10,2.08,468,-12,-2.5,416,536,1400-7-3,2021-09-25
748,ضملي7004,اختيارخ فملي-13720-1400/07/11,19,138,17797000,178,400,110,-68,-38.2,129,-49,-27.53,100,400,1400-7-3,2021-09-25
749,زعف0008پ16,زعفران0008نگين بيرجند(پ),18,5079,790694476,153288,154000,159895,6607,4.31,155679,2391,1.56,152500,159950,1400-7-3,2021-09-25
750,زعف0008پ10,زعفران0008نگين طلاي سرخ(پ),17,7336,1170968794,157410,152000,161231,3821,2.43,159620,2210,1.4,152000,161231,1400-7-3,2021-09-25
751,فنرژي,گسترش صنايع انرژي آذرآب,17,85155,1208008830,14475,14186,14186,-289,-2,14404,-71,-0.49,14186,14186,1400-7-3,2021-09-25
752,ضملت8041,اختيارخ وبملت-3434-1400/08/19,17,694,413585000,573,520,600,27,4.71,596,23,4.01,520,680,1400-7-3,2021-09-25
753,سلار,شركت سيمان لارستان,16,9019,268071737,30642,29723,29723,-919,-3,30617,-25,-0.08,29723,29723,1400-7-3,2021-09-25
754,شتولي,تولي‌پرس‌,16,25460,539573780,21625,21193,21193,-432,-2,21577,-48,-0.22,21193,21193,1400-7-3,2021-09-25
755,اخزا817,اسنادخزانه-م17بودجه98-010512,16,16835,14192097044,840283,840153,843750,3467,0.41,843011,2728,0.32,840153,845991,1400-7-3,2021-09-25
756,ثهام,صندوق س ثروت هامرز-سهام,16,39085,443322587,11273,11310,11500,227,2.01,11343,70,0.62,11274,11500,1400-7-3,2021-09-25
757,اخزا905,اسنادخزانه-م5بودجه99-020218,16,58379,42183241203,720836,722606,722890,2054,0.28,722576,1740,0.24,722000,724000,1400-7-3,2021-09-25
758,آينده,بازرگاني آينده سازان بهشت پارس,16,35401,385127479,11215,10879,10879,-336,-3,11202,-13,-0.12,10879,10879,1400-7-3,2021-09-25
759,اراد61,مرابحه عام دولت61-ش.خ0309,15,115000,115000000000,1000000,1000000,1000000,0,0,1000000,0,0,1000000,1000000,1400-7-3,2021-09-25
760,اخزا811,اسنادخزانه-م11بودجه98-001013,15,4433,4189335360,944015,949000,945000,985,0.1,945034,1019,0.11,944901,949000,1400-7-3,2021-09-25
761,ضذوب903,اختيارخ ذوب-4000-14000917,14,215,177755000,801,899,870,69,8.61,827,26,3.25,750,899,1400-7-3,2021-09-25
762,اخزا814,اسنادخزانه-م14بودجه98-010318,14,745,647212041,868901,873400,868040,-861,-0.1,868741,-160,-0.02,868038,873400,1400-7-3,2021-09-25
763,عيار2,صندوق سكه طلاي مفيد,14,140000,140000,29623,1,1,-29622,-100,1,-29622,-100,1,1,1400-7-3,2021-09-25
764,بذر,صندوق س بذر اميد آفرين-سهام,14,6531,660628570,99080,102000,102000,2920,2.95,101150,2070,2.09,100390,102000,1400-7-3,2021-09-25
765,برن0104پ01,برنج طارم0104تجارت مازندران(پ),14,723,284223750,392495,392500,392550,55,0.01,393117,622,0.16,392500,396000,1400-7-3,2021-09-25
766,اراد50,مرابحه عام دولت5-ش.خ0302,13,302400,302400000000,1000001,1000000,1000000,-1,0,1000000,-1,0,1000000,1000000,1400-7-3,2021-09-25
767,ضصاد8034,اختيارخ وبصادر-2989-1400/08/12,13,837,25115000,30,35,30,0,0,30,0,0,30,35,1400-7-3,2021-09-25
768,سكه0111پ05,تمام سكه طرح جديد0111آينده,13,3600,4203839000,1167843,1166500,1163500,-4343,-0.37,1167733,-110,-0.01,1163500,1170000,1400-7-3,2021-09-25
769,اراد24,مرابحه عام دولت2-ش.خ ساير0212,12,300000,300000000000,1000000,1000000,1000000,0,0,1000000,0,0,1000000,1000000,1400-7-3,2021-09-25
770,ضشنا8006,اختيارخ شپنا-14800-1400/08/16,12,76,77418000,734,1000,990,256,34.88,1019,285,38.83,869,1400,1400-7-3,2021-09-25
771,سخند,صندوق س.سپهرخبرگان نفت-د,12,34610,345716410,9959,9952,9978,19,0.19,9989,30,0.3,9952,10010,1400-7-3,2021-09-25
772,اخزا917,اسنادخزانه-م17بودجه99-010226,11,100123,88057284521,878713,871012,879471,758,0.09,879491,778,0.09,871012,895000,1400-7-3,2021-09-25
773,اخزا721,اسنادخزانه-م21بودجه97-000728,11,5188,5114958355,984142,985921,985922,1780,0.18,985921,1779,0.18,985921,985923,1400-7-3,2021-09-25
774,ضفلا7005,اختيارخ فولاد-11013-1400/07/25,11,142,99040084,420,630,547,127,30.24,497,77,18.33,400,630,1400-7-3,2021-09-25
775,افاد61,منفعت دولت6-ش.خاص140109,10,240000,235560000000,981500,981500,981500,0,0,981500,0,0,981500,981500,1400-7-3,2021-09-25
776,ددامح,ح . داروسازي زاگرس فارمد پارس,10,5886,91821600,15600,15600,15600,0,0,15600,0,0,15600,15600,1400-7-3,2021-09-25
777,ضفلا1163,اختيارخ فولاد-10000-1400/11/24,10,26,77776000,2890,2900,2999,109,3.77,2991,101,3.49,2900,2999,1400-7-3,2021-09-25
778,ضپاس7029,اختيارخ وپارس-2500-1400/07/28,10,56,19584000,304,341,410,106,34.87,350,46,15.13,333,410,1400-7-3,2021-09-25
779,سرو2,صندوق س سروسودمند مدبران-سهام,10,1100000,1100000,74870,1,1,-74869,-100,1,-74869,-100,1,1,1400-7-3,2021-09-25
780,ضپال2007,اختيارخ اپال-32000-1401/02/12,10,101,111144000,895,1000,1098,203,22.68,1100,205,22.91,1000,1247,1400-7-3,2021-09-25
781,ضمخا7076,اختيارخ اخابر-9700-1400/07/28,10,25,19897000,522,3,540,18,3.45,796,274,52.49,3,1500,1400-7-3,2021-09-25
782,زعف0008پ20,زعفران0008نگين وحدت جام(پ),10,9682,1480669200,154436,152012,155000,564,0.37,152930,-1506,-0.98,145879,161000,1400-7-3,2021-09-25
783,اخزا808,اسنادخزانه-م8بودجه98-000817,9,2142,2089213144,973358,975353,975356,1998,0.21,975356,1998,0.21,975353,975500,1400-7-3,2021-09-25
784,طخود1051,اختيارف خودرو-1800-1400/10/08,9,116,9280000,50,80,80,30,60,80,30,60,80,80,1400-7-3,2021-09-25
785,تملي803,تسهيلات مسكن ب. ملي-خرداد98,9,115,91856250,760715,798750,798750,38035,5,798750,38035,5,798750,798750,1400-7-3,2021-09-25
786,وحافظ,بيمه حافظ,8,51125,537426000,10837,10512,10512,-325,-3,10819,-18,-0.17,10512,10512,1400-7-3,2021-09-25
787,اخزا809,اسنادخزانه-م9بودجه98-000923,8,4499,4300902868,952069,956999,955640,3571,0.38,955969,3900,0.41,955640,956999,1400-7-3,2021-09-25
788,نتوس,پشم‌ بافي‌ توس,8,17453,222141784,13121,12728,12728,-393,-3,13112,-9,-0.07,12728,12728,1400-7-3,2021-09-25
789,ساذري,آذريت‌,8,207325,1735724900,8129,8372,8372,243,2.99,8173,44,0.54,8372,8372,1400-7-3,2021-09-25
790,شسم,توليد سموم‌ علف‌ كش,7,6817,703868884,99281,103252,103252,3971,4,99822,541,0.54,103252,103252,1400-7-3,2021-09-25
791,تملي703,تسهيلات مسكن ب. ملي-خرداد97,7,193,119765250,635000,603250,666750,31750,5,620545,-14455,-2.28,603250,666750,1400-7-3,2021-09-25
792,كهرام,توليدي گرانيت بهسرام,7,602,50179108,85055,83354,83354,-1701,-2,85038,-17,-0.02,83354,83354,1400-7-3,2021-09-25
793,ضملت8044,اختيارخ وبملت-4934-1400/08/19,7,560,49125000,84,80,91,7,8.33,88,4,4.76,80,91,1400-7-3,2021-09-25
794,اخزا904,اسنادخزانه-م4بودجه99-011215,7,12363,9168426320,746357,745000,744810,-1547,-0.21,741602,-4755,-0.64,738016,748900,1400-7-3,2021-09-25
795,طخود7076,اختيارف خودرو-2500-1400/07/07,7,400,110200000,600,51,500,-100,-16.67,275,-325,-54.17,51,500,1400-7-3,2021-09-25
796,سفارود,كارخانه فارسيت درود,6,2006,32366810,16464,16135,16135,-329,-2,16462,-2,-0.01,16135,16135,1400-7-3,2021-09-25
797,اخزا807,اسنادخزانه-م7بودجه98-000719,6,3785,3750889972,987074,990966,991500,4426,0.45,990988,3914,0.4,990966,991500,1400-7-3,2021-09-25
798,ضفلا7006,اختيارخ فولاد-12440-1400/07/25,6,15,1738480,70,50,180,110,157.14,83,13,18.57,50,180,1400-7-3,2021-09-25
799,ضجار7041,اختيارخ وتجارت-2997-1400/07/21,6,317,3063000,10,3,15,5,50,10,0,0,3,15,1400-7-3,2021-09-25
800,نگين,ص.س. زمين و ساختمان نگين شهرري,6,664,34119950,50190,51050,52400,2210,4.4,51390,1200,2.39,51050,52400,1400-7-3,2021-09-25
801,ضپال2001,اختيارخ اپال-14000-1401/02/12,6,49,481200000,13500,1352,7800,-5700,-42.22,9820,-3680,-27.26,7800,10800,1400-7-3,2021-09-25
802,ضخود7076,اختيارخ خودرو-2500-1400/07/07,6,202,202000,1,1,1,0,0,1,0,0,1,1,1400-7-3,2021-09-25
803,ضملي7005,اختيارخ فملي-15720-1400/07/11,6,8,270000,23,40,30,7,30.43,34,11,47.83,30,40,1400-7-3,2021-09-25
804,تملي709,تسهيلات مسكن ب. ملي-آذر97,6,32,25935936,771903,810498,810498,38595,5,810498,38595,5,810498,810498,1400-7-3,2021-09-25
805,اراد314,مرابحه عام دولت3-ش.خ 0208,5,16290000,14648133000000,950000,911276,885500,-64500,-6.79,899210,-50790,-5.35,839500,912576,1400-7-3,2021-09-25
806,ضجار7042,اختيارخ وتجارت-3497-1400/07/21,5,41,41000,1,1,1,0,0,1,0,0,1,1,1400-7-3,2021-09-25
807,طسپا8043,اختيارف خساپا-2000-1400/08/26,5,92,14450000,264,300,150,-114,-43.18,157,-107,-40.53,150,300,1400-7-3,2021-09-25
808,كابگن,توليدي و صنعتي آبگينه‌,5,57000,328149000,5700,5757,5757,57,1,5707,7,0.12,5757,5757,1400-7-3,2021-09-25
809,پا ر 16,بار پايه روز 16,5,118000,69090000,650,645,580,-70,-10.77,586,-64,-9.85,580,645,1400-7-3,2021-09-25
810,ضذوب905,اختيارخ ذوب-5000-14000917,5,111,42550000,356,550,400,44,12.36,383,27,7.58,380,550,1400-7-3,2021-09-25
811,اخزا723,اسنادخزانه-م23بودجه97-000824,4,16027,15571703473,968659,971489,971489,2830,0.29,971592,2933,0.3,971489,972499,1400-7-3,2021-09-25
812,وسالت,بانك قرض الحسنه رسالت,4,20138,21769178,1050,1081,1081,31,2.95,1050,0,0,1081,1081,1400-7-3,2021-09-25
813,داراب,پتروشيمي داراب,4,10300,23041100,2306,2237,2237,-69,-2.99,2306,0,0,2237,2237,1400-7-3,2021-09-25
814,سپرمي,پرميت‌,4,3466,33134960,9466,9560,9560,94,0.99,9468,2,0.02,9560,9560,1400-7-3,2021-09-25
815,اراد644,مرابحه عام دولتي64-ش.خ0111,4,37820000,35699521890000,944500,949124,879600,-64900,-6.87,943932,-568,-0.06,879600,955686,1400-7-3,2021-09-25
816,اخزا0062,اسنادخزانه-م6بودجه00-030723,4,887940,467760678500,519671,526500,527000,7329,1.41,526793,7122,1.37,526500,527000,1400-7-3,2021-09-25
817,پادا2,صندوق س.پاداش سرمايه پارس-س,4,1350000,1350000,110573,1,1,-110572,-100,1,-110572,-100,1,1,1400-7-3,2021-09-25
818,ضبدر8076,اختيارخ شبندر-3448-1400/08/30,4,8,135648640,3987,3980,3500,-487,-12.21,3620,-367,-9.2,3500,3980,1400-7-3,2021-09-25
819,ضترا8058,اختيارخ شتران-3442-1400/08/09,4,4,12000000,2400,3000,3000,600,25,3000,600,25,3000,3000,1400-7-3,2021-09-25
820,ضجار7039,اختيارخ وتجارت-1997-1400/07/21,4,29,9255000,290,300,340,50,17.24,319,29,10,299,340,1400-7-3,2021-09-25
821,اخزا906,اسنادخزانه-م6بودجه99-020321,4,1173,835919420,703746,710700,705001,1255,0.18,712634,8888,1.26,705001,712800,1400-7-3,2021-09-25
822,شگويات.ف0104,اختيارف.تبعي شگويا010408,4,12200,12200,1,1,1,0,0,1,0,0,1,1,1400-7-3,2021-09-25
823,افران2,صندوق س افرا نماد پايدار-ثابت,4,11800000,11800000,14321,1,1,-14320,-99.99,1,-14320,-99.99,1,1,1400-7-3,2021-09-25
824,ضسپا8039,اختيارخ خساپا-1200-1400/08/26,4,76,49010000,619,635,650,31,5.01,645,26,4.2,635,650,1400-7-3,2021-09-25
825,گكيش,توريستي ورفاهي آبادگران كيش,3,5900,240873400,42088,40826,40826,-1262,-3,42057,-31,-0.07,40826,40826,1400-7-3,2021-09-25
826,حاريا,كشتيراني آريا,3,1881,28831968,15640,15328,15328,-312,-1.99,15638,-2,-0.01,15328,15328,1400-7-3,2021-09-25
827,ضمخا7068,اختيارخ اخابر-15700-1400/07/28,3,12,1110000,101,101,50,-51,-50.5,92,-9,-8.91,50,101,1400-7-3,2021-09-25
828,كگل2,معدني و صنعتي گل گهر,3,12600000,273770000000,21370,21700,21700,330,1.54,21728,358,1.68,21700,21800,1400-7-3,2021-09-25
829,ضملي1160,اختيارخ فملي-6000-1400/11/03,3,8,22756000,2891,2989,2700,-191,-6.61,2844,-47,-1.63,2700,2989,1400-7-3,2021-09-25
830,ضپيك7042,اختيارخ تاپيكو-8070-00/07/18,3,9,51200000,4603,5800,5400,797,17.31,5689,1086,23.59,5400,5900,1400-7-3,2021-09-25
831,ضسان7082,اختيارخ پارسان-32000-00/07/14,3,135,540000000,4000,4000,4000,0,0,4000,0,0,4000,4000,1400-7-3,2021-09-25
832,هنوري102,اختيارف ت نوري59561-01/02/15,3,30220,30220,1,1,1,0,0,1,0,0,1,1,1400-7-3,2021-09-25
833,ضشنا8003,اختيارخ شپنا-8800-1400/08/16,3,31,144794000,3160,4799,4600,1440,45.57,4671,1511,47.82,4600,4799,1400-7-3,2021-09-25
834,شرق1400,مشاركت ليزينگ ايران وشرق140010,3,24,24123986,1004000,1004000,1005999,1999,0.2,1005166,1166,0.12,1004000,1005999,1400-7-3,2021-09-25
835,اخزا812,اسنادخزانه-م12بودجه98-001111,3,2991,2781983420,930532,935532,930100,-432,-0.05,930118,-414,-0.04,930100,935532,1400-7-3,2021-09-25
836,تملي809,تسهيلات مسكن ب. ملي-آذر98,3,47,31594547,645001,677251,677251,32250,5,672224,27223,4.22,630001,677251,1400-7-3,2021-09-25
837,ياقوت2,صندوق س ياقوت آگاه-ثابت,3,4865000,4865000,13180,1,1,-13179,-99.99,1,-13179,-99.99,1,1,1400-7-3,2021-09-25
838,سلامت64,مرابحه سلامت6واجدشرايط خاص1400,3,900000,900000000000,1000000,1000000,1000000,0,0,1000000,0,0,1000000,1000000,1400-7-3,2021-09-25
839,خبهمن2,گروه‌بهمن‌,3,230000000,368000000000,1575,1600,1600,25,1.59,1600,25,1.59,1600,1600,1400-7-3,2021-09-25
840,طجار7040,اختيارف وتجارت-2497-1400/07/21,3,44,8770000,300,199,200,-100,-33.33,199,-101,-33.67,199,200,1400-7-3,2021-09-25
841,ضپنا8001,اختيارخ رمپنا-11850-1400/08/05,3,11,78100000,7596,7100,7100,-496,-6.53,7100,-496,-6.53,7100,7100,1400-7-3,2021-09-25
842,ضچاد7037,اختيارخ كچاد-33870-1400/07/04,2,200,300000,1,2,1,0,0,1,0,0,1,2,1400-7-3,2021-09-25
843,هفارس104,اختيارف ت فارس-11832-01/04/12,2,1776,1776,1,1,1,0,0,1,0,0,1,1,1400-7-3,2021-09-25
844,ضملي1157,اختيارخ فملي-4000-1400/11/03,2,4,18512000,5133,4056,5200,67,1.31,4628,-505,-9.84,4056,5200,1400-7-3,2021-09-25
845,پست0008پ08,پسته فندقي32-30مه ولات0008(پ),2,9,16400000,1774938,1820000,1825000,50062,2.82,1822222,47284,2.66,1820000,1825000,1400-7-3,2021-09-25
846,ضجار1021,اختيارخ وتجارت-1800-1400/10/15,2,21,14290000,750,690,680,-70,-9.33,680,-70,-9.33,680,690,1400-7-3,2021-09-25
847,خعمرا,توسعه و عمران شهرستان نائين,2,100000,391000000,3797,3910,3910,113,2.98,3801,4,0.11,3910,3910,1400-7-3,2021-09-25
848,زعف0008پ09,زعفران0008نگين نوين(پ),2,85,13600000,143302,160000,160000,16698,11.65,160000,16698,11.65,160000,160000,1400-7-3,2021-09-25
849,اراد494,مرابحه عام دولت4-ش.خ 0206,2,21424000,20232472104000,977235,944567,944200,-33035,-3.38,944383,-32852,-3.36,944200,944567,1400-7-3,2021-09-25
850,زعف0008پ12,زعفران0008پوشالمعمول سحرخيز(پ),2,800,97950800,124631,123001,121501,-3130,-2.51,122438,-2193,-1.76,121501,123001,1400-7-3,2021-09-25
851,ضپاس1013,اختيارخ وپارس-3000-1400/10/22,2,11,6501000,1,600,501,500,50000,591,590,59000,501,600,1400-7-3,2021-09-25
852,ضفلا7004,اختيارخ فولاد-9586-1400/07/25,2,20,14048040,1090,501,501,-589,-54.04,501,-589,-54.04,501,501,1400-7-3,2021-09-25
853,اخزا818,اسنادخزانه-م18بودجه98-010614,2,197,163200710,829661,828430,828430,-1231,-0.15,828430,-1231,-0.15,828430,828430,1400-7-3,2021-09-25
854,ضجار1020,اختيارخ وتجارت-1600-1400/10/15,2,10,8600000,800,860,860,60,7.5,860,60,7.5,860,860,1400-7-3,2021-09-25
855,اخزا816,اسنادخزانه-م16بودجه98-010503,2,1071,905479540,845589,844428,847900,2311,0.27,845452,-137,-0.02,844428,847900,1400-7-3,2021-09-25
856,طخود1052,اختيارف خودرو-2000-1400/10/08,2,14,2240000,180,160,160,-20,-11.11,160,-20,-11.11,160,160,1400-7-3,2021-09-25
857,اراد744,مرابحه عام دولت74-ش.خ040226,2,5000000,4861250000000,970000,972250,972250,2250,0.23,972250,2250,0.23,972250,972250,1400-7-3,2021-09-25
858,اراد834,مرابحه عام دولت83-ش.خ041220,2,21800000,20016084200000,1000000,918248,918090,-81910,-8.19,918169,-81831,-8.18,918090,918248,1400-7-3,2021-09-25
859,تملي805,تسهيلات مسكن ب. ملي-مرداد98,2,67,55442299,871049,827497,827497,-43552,-5,827497,-43552,-5,827497,827497,1400-7-3,2021-09-25
860,ضغدر8059,اختيارخ وغدير-12000-1400/08/26,1,12,32400000,3110,2700,2700,-410,-13.18,2700,-410,-13.18,2700,2700,1400-7-3,2021-09-25
861,ضترا8055,اختيارخ شتران-2118-1400/08/09,1,2,13000000,5990,6500,6500,510,8.51,6500,510,8.51,6500,6500,1400-7-3,2021-09-25
862,بركت2,گروه دارويي بركت,1,30000000,1029000000000,33790,34300,34300,510,1.51,34300,510,1.51,34300,34300,1400-7-3,2021-09-25
863,ضچاد1021,اختيارخ كچاد-24000-1400/10/05,1,10,68000000,1,6800,6800,6799,679900,6800,6799,679900,6800,6800,1400-7-3,2021-09-25
864,كنورح2,ح توسعه معدني و صنعتي صبانور,1,5000000,77000000000,15330,15400,15400,70,0.46,15400,70,0.46,15400,15400,1400-7-3,2021-09-25
865,وسقم,شركت س استان قم,1,10000,12830000,1350,1283,1283,-67,-4.96,1350,0,0,1283,1283,1400-7-3,2021-09-25
866,هماي2,صندوق س هماي آگاه-ثابت,1,6798000,6798000,10479,1,1,-10478,-99.99,1,-10478,-99.99,1,1,1400-7-3,2021-09-25
867,شبصير2,توليدات پتروشيمي قائد بصير,1,5000000,485000000000,94699,97000,97000,2301,2.43,97000,2301,2.43,97000,97000,1400-7-3,2021-09-25
868,صخود1412,ص مرابحه خودرو1412- 3ماهه 18%,1,1,986450,986450,986450,986450,0,0,986450,0,0,986450,986450,1400-7-3,2021-09-25
869,آگاس2,صندوق س.هستي بخش آگاه-س,1,200000,200000,79037,1,1,-79036,-100,1,-79036,-100,1,1,1400-7-3,2021-09-25
870,ضجار1022,اختيارخ وتجارت-2000-1400/10/15,1,11,5830000,1,530,530,529,52900,530,529,52900,530,530,1400-7-3,2021-09-25
871,مبين016,اجاره اعتماد مبين اميد011019,1,100,94000000,940000,940000,940000,0,0,940000,0,0,940000,940000,1400-7-3,2021-09-25
872,اراد214,مرابحه عام دولت2ش.خ صادرات0212,1,28806000,27438377538000,1000000,952523,952523,-47477,-4.75,952523,-47477,-4.75,952523,952523,1400-7-3,2021-09-25
873,اراد424,مرابحه عام دولت4-ش.خ 0106,1,3000000,2940000000000,980000,980000,980000,0,0,980000,0,0,980000,980000,1400-7-3,2021-09-25
874,صيدك404,صكوك مرابحه صيدك404-3ماهه18%,1,105,99151500,944300,944300,944300,0,0,944300,0,0,944300,944300,1400-7-3,2021-09-25
875,فايرا2,آلومينيوم‌ايران‌,1,42500000,786250000000,18320,18500,18500,180,0.98,18500,180,0.98,18500,18500,1400-7-3,2021-09-25
876,اراد56,مرابحه عام دولت5-ش.خ 0308,1,1000,990000000,980000,990000,990000,10000,1.02,990000,10000,1.02,990000,990000,1400-7-3,2021-09-25
877,اراد434,مرابحه عام دولت4-ش.خ 0205,1,1568000,1631930496000,924600,1040772,1040772,116172,12.56,1040772,116172,12.56,1040772,1040772,1400-7-3,2021-09-25
878,دارا4,صندوق س. دارا الگوريتم-د,1,4800000,47760000000,10059,9950,9950,-109,-1.08,9950,-109,-1.08,9950,9950,1400-7-3,2021-09-25
879,هاميد104,اختيارف ت ثاميد-2050-01/04/20,1,4000,940000,173,235,235,62,35.84,235,62,35.84,235,235,1400-7-3,2021-09-25
880,ضجار7037,اختيارخ وتجارت-1597-1400/07/21,1,6,3462000,400,577,577,177,44.25,577,177,44.25,577,577,1400-7-3,2021-09-25
881,ضملي1161,اختيارخ فملي-7000-1400/11/03,1,1,1400000,1,1400,1400,1399,139900,1400,1399,139900,1400,1400,1400-7-3,2021-09-25
882,اخزا813,اسنادخزانه-م13بودجه98-010219,1,200,176092200,881110,880461,880461,-649,-0.07,880461,-649,-0.07,880461,880461,1400-7-3,2021-09-25
883,ضخود1055,اختيارخ خودرو-3500-1400/10/08,1,8,720000,134,90,90,-44,-32.84,90,-44,-32.84,90,90,1400-7-3,2021-09-25
884,وصندوق2,سرمايه‌گذاري‌صندوق‌بازنشستگي‌,1,5700000,99750000000,17350,17500,17500,150,0.86,17500,150,0.86,17500,17500,1400-7-3,2021-09-25
885,اروند06,منفعت صبا اروند ملت 14001113,1,10000,10000000000,1000000,1000000,1000000,0,0,1000000,0,0,1000000,1000000,1400-7-3,2021-09-25
886,ضمخا7066,اختيارخ اخابر-11700-1400/07/28,1,6,930000,152,155,155,3,1.97,155,3,1.97,155,155,1400-7-3,2021-09-25
887,اراد324,مرابحه عام دولت3-ش.خ0211,1,1000000,902958000000,1000000,902958,902958,-97042,-9.7,902958,-97042,-9.7,902958,902958,1400-7-3,2021-09-25
888,ضپنا8000,اختيارخ رمپنا-9850-1400/08/05,1,2,15800000,7200,7900,7900,700,9.72,7900,700,9.72,7900,7900,1400-7-3,2021-09-25
889,ضملت8045,اختيارخ وبملت-5934-1400/08/19,1,100,5500000,65,55,55,-10,-15.38,55,-10,-15.38,55,55,1400-7-3,2021-09-25
890,اروند062,منفعت صبا اروند ملت 14001113,1,700000,700000000000,1000000,1000000,1000000,0,0,1000000,0,0,1000000,1000000,1400-7-3,2021-09-25
891,ضپنا8002,اختيارخ رمپنا-13850-1400/08/05,1,20,80000000,6605,4000,4000,-2605,-39.44,4000,-2605,-39.44,4000,4000,1400-7-3,2021-09-25
892,ضترا8059,اختيارخ شتران-3882-1400/08/09,1,4,8000000,1500,2000,2000,500,33.33,2000,500,33.33,2000,2000,1400-7-3,2021-09-25
893,كمند2,صندوق س. با درآمد ثابت كمند,1,37700000,37700000,10089,1,1,-10088,-99.99,1,-10088,-99.99,1,1,1400-7-3,2021-09-25
894,اخزا0012,اسنادخزانه-م1بودجه00-030821,1,241000,125320000000,509181,520000,520000,10819,2.12,520000,10819,2.12,520000,520000,1400-7-3,2021-09-25
895,ضفلا1161,اختيارخ فولاد-8000-1400/11/24,1,10,40000000,3900,4000,4000,100,2.56,4000,100,2.56,4000,4000,1400-7-3,2021-09-25
896,ضشنا8000,اختيارخ شپنا-5800-1400/08/16,1,10,74000000,6927,7400,7400,473,6.83,7400,473,6.83,7400,7400,1400-7-3,2021-09-25
897,ضبدر8078,اختيارخ شبندر-5157-1400/08/30,1,1,7260200,1384,1550,1550,166,11.99,1550,166,11.99,1550,1550,1400-7-3,2021-09-25
898,تاپيكو2,س. نفت و گاز و پتروشيمي تأمين,1,7500000,100425000000,13060,13390,13390,330,2.53,13390,330,2.53,13390,13390,1400-7-3,2021-09-25
899,ضخود7077,اختيارخ خودرو-3000-1400/07/07,1,14,14000,1,1,1,0,0,1,0,0,1,1,1400-7-3,2021-09-25
900,ثقزوي,شركت عمران و سازندگي قزوين,1,11111,314763519,29820,28329,28329,-1491,-5,29771,-49,-0.16,28329,28329,1400-7-3,2021-09-25
901,وشمال,س. چشم انداز توسعه شمال,1,66,5109390,78994,77415,77415,-1579,-2,78992,-2,0,77415,77415,1400-7-3,2021-09-25
902,ضملي7000,اختيارخ فملي-7720-1400/07/11,1,3,14550000,4802,4850,4850,48,1,4850,48,1,4850,4850,1400-7-3,2021-09-25
903,ضچاد7038,اختيارخ كچاد-36000-1400/07/04,1,2,2000,150,1,1,-149,-99.33,1,-149,-99.33,1,1,1400-7-3,2021-09-25
904,اراد704,مرابحه عام دولت70-ش.خ0112,1,17114000,16201053670000,943750,946655,946655,2905,0.31,946655,2905,0.31,946655,946655,1400-7-3,2021-09-25
905,مشهد0112,مشاركت ش مشهد0112-3ماهه18%,1,500,485100000,924000,970200,970200,46200,5,970200,46200,5,970200,970200,1400-7-3,2021-09-25
906,طسپا8041,اختيارف خساپا-1600-1400/08/26,1,100,4000000,39,40,40,1,2.56,40,1,2.56,40,40,1400-7-3,2021-09-25
907,اراد544,مرابحه عام دولت5-ش.خ 0109,1,10571000,10144460150000,990000,959650,959650,-30350,-3.07,959650,-30350,-3.07,959650,959650,1400-7-3,2021-09-25
908,ضفلا1164,اختيارخ فولاد-12000-1400/11/24,1,1,1500000,1100,1500,1500,400,36.36,1500,400,36.36,1500,1500,1400-7-3,2021-09-25
909,ضپاس7028,اختيارخ وپارس-2000-1400/07/28,1,3,2250000,759,750,750,-9,-1.19,750,-9,-1.19,750,750,1400-7-3,2021-09-25
910,ضپيك7041,اختيارخ تاپيكو-7070-00/07/18,1,10,66000000,4331,6600,6600,2269,52.39,6600,2269,52.39,6600,6600,1400-7-3,2021-09-25
911,اخزا821,اسنادخزانه-م21بودجه98-020906,1,50,31505500,628367,630110,630110,1743,0.28,630110,1743,0.28,630110,630110,1400-7-3,2021-09-25
912,ضپنا1030,اختيارخ رمپنا-11850-1400/10/08,1,5,40500000,8000,8100,8100,100,1.25,8100,100,1.25,8100,8100,1400-7-3,2021-09-25
913,اراد454,مرابحه عام دولت4-ش.خ 0107,1,210000,200634000000,980000,955400,955400,-24600,-2.51,955400,-24600,-2.51,955400,955400,1400-7-3,2021-09-25
914,ضصاد8030,اختيارخ وبصادر-1589-1400/08/12,1,50,35000000,600,700,700,100,16.67,700,100,16.67,700,700,1400-7-3,2021-09-25
915,ضترا8060,اختيارخ شتران-4323-1400/08/09,1,10,22000000,1450,2200,2200,750,51.72,2200,750,51.72,2200,2200,1400-7-3,2021-09-25
916,اراد524,مرابحه عام دولت5-ش.خ 0108,1,6333000,6071257110000,1000000,958670,958670,-41330,-4.13,958670,-41330,-4.13,958670,958670,1400-7-3,2021-09-25
917,اخزا9162,اسنادخزانه-م16بودجه99-020528,1,2069587,1499999405034,720833,724782,724782,3949,0.55,724782,3949,0.55,724782,724782,1400-7-3,2021-09-25
918,زير0103پ02,زيره سبز0103 دانش(پ),1,20,20000000,920000,1000000,1000000,80000,8.7,1000000,80000,8.7,1000000,1000000,1400-7-3,2021-09-25
919,ضفلا7003,اختيارخ فولاد-8160-1400/07/25,1,15,57832500,2608,2750,2750,142,5.44,2750,142,5.44,2750,2750,1400-7-3,2021-09-25
920,ضصاد8031,اختيارخ وبصادر-1789-1400/08/12,1,20,9600000,490,480,480,-10,-2.04,480,-10,-2.04,480,480,1400-7-3,2021-09-25
921,اراد334,مرابحه عام دولت3-ش.خ 0303,1,1597000,1419632389000,975580,888937,888937,-86643,-8.88,888937,-86643,-8.88,888937,888937,1400-7-3,2021-09-25
922,ضچاد7030,اختيارخ كچاد-11870-1400/07/04,1,1,17538000,10900,17538,17538,6638,60.9,17538,6638,60.9,17538,17538,1400-7-3,2021-09-25
923,ضچاد7034,اختيارخ كچاد-21870-1400/07/04,1,3,12000000,5000,4000,4000,-1000,-20,4000,-1000,-20,4000,4000,1400-7-3,2021-09-25
924,هبساز103,اختيارف ت ثبهساز-2346-01/03/18,1,22457,1774103,1,79,79,78,7800,79,78,7800,79,79,1400-7-3,2021-09-25
925,زعف0008پ18,زعفران0008نگين بهرامن(پ),1,100,16123100,155266,161231,161231,5965,3.84,161231,5965,3.84,161231,161231,1400-7-3,2021-09-25
926,اراد404,مرابحه عام دولت4-ش.خ 0207,1,1047000,956685780000,1000000,913740,913740,-86260,-8.63,913740,-86260,-8.63,913740,913740,1400-7-3,2021-09-25
927,زير0103پ01,زيره سبز0103كيميابذر(پ),1,10,9800000,959118,980000,980000,20882,2.18,980000,20882,2.18,980000,980000,1400-7-3,2021-09-25
928,ضشنا8001,اختيارخ شپنا-6800-1400/08/16,1,10,64000000,5273,6400,6400,1127,21.37,6400,1127,21.37,6400,6400,1400-7-3,2021-09-25
929,چكاپا2,گروه صنايع كاغذ پارس,1,36500000,133152000000,3496,3648,3648,152,4.35,3648,152,4.35,3648,3648,1400-7-3,2021-09-25
930,ضبدر8074,اختيارخ شبندر-2595-1400/08/30,1,2,38408800,3400,4100,4100,700,20.59,4100,700,20.59,4100,4100,1400-7-3,2021-09-25
931,اروند072,منفعت صبا اروند نوين 14001113,1,91699,91469752500,993482,997500,997500,4018,0.4,997500,4018,0.4,997500,997500,1400-7-3,2021-09-25
932,ضمخا7075,اختيارخ اخابر-8700-1400/07/28,1,5,4950000,1449,990,990,-459,-31.68,990,-459,-31.68,990,990,1400-7-3,2021-09-25
933,ضفلا1162,اختيارخ فولاد-9000-1400/11/24,1,18,64800000,3400,3600,3600,200,5.88,3600,200,5.88,3600,3600,1400-7-3,2021-09-25
