,نماد,نام,تعداد,حجم,ارزش,دیروز,اولین,آخرین معامله - مقدار,آخرین معامله - تغییر,آخرین معامله - درصد,قیمت پایانی - مقدار,قیمت پایانی - تغییر,قیمت پایانی - درصد,کمترین,بیشترین,تاریخ,gregorian_date
0,پالايش,صندوق پالايشي يكم-سهام,28854,20464980,1401807050050,71180,70180,68200,-2980,-4.19,68500,-2680,-3.77,68020,70180,1400-8-1,2021-10-23
1,فولاد,فولاد مباركه اصفهان,25408,279919222,3075311302770,10550,11070,10930,380,3.6,10990,440,4.17,10800,11070,1400-8-1,2021-10-23
2,دارا يكم,صندوق واسطه گري مالي يكم-سهام,21295,11259851,1254142496570,118450,113850,110830,-7620,-6.43,111380,-7070,-5.97,110400,113970,1400-8-1,2021-10-23
3,توسن,توسعه سامانه ي نرم افزاري نگين,19524,8153409,122716131659,14816,14715,15012,196,1.32,15051,235,1.59,14493,15490,1400-8-1,2021-10-23
4,فجهان,مجتمع جهان فولاد سيرجان,17253,78304878,469178926565,5990,6110,5992,2,0.03,5992,2,0.03,5811,6150,1400-8-1,2021-10-23
5,فسبزوار,پارس فولاد سبزوار,16473,12742621,438205965980,34870,34950,34900,30,0.09,34390,-480,-1.38,33900,34950,1400-8-1,2021-10-23
6,شتران,پالايش نفت تهران,12951,169346528,773504989275,4720,4719,4600,-120,-2.54,4568,-152,-3.22,4484,4720,1400-8-1,2021-10-23
7,خودرو,ايران‌ خودرو,12461,370691245,621171966207,1758,1730,1674,-84,-4.78,1676,-82,-4.66,1671,1730,1400-8-1,2021-10-23
8,كيمياتك,آريان كيميا تك,11073,5039635,135443054900,28110,27900,26740,-1370,-4.87,26880,-1230,-4.38,26710,28110,1400-8-1,2021-10-23
9,فملي,ملي‌ صنايع‌ مس‌ ايران‌,10103,71934487,956433812420,13530,13770,13290,-240,-1.77,13300,-230,-1.7,13140,13770,1400-8-1,2021-10-23
10,خساپا,سايپا,9807,340094572,533359932625,1647,1630,1565,-82,-4.98,1568,-79,-4.8,1565,1630,1400-8-1,2021-10-23
11,فرابورس,فرابورس ايران,9359,26640439,607571353194,22374,22920,22820,446,1.99,22806,432,1.93,21700,23400,1400-8-1,2021-10-23
12,مديريت,س. و خدمات مديريت صند. ب كشوري,8114,9065556,80194129308,9110,9130,8800,-310,-3.4,8846,-264,-2.9,8680,9258,1400-8-1,2021-10-23
13,كمند,صندوق س. با درآمد ثابت كمند,7652,309715852,3124837686283,10072,10090,10090,18,0.18,10089,17,0.17,10089,10091,1400-8-1,2021-10-23
14,كرمان,س. توسعه و عمران استان كرمان,6334,221056545,221392406546,1042,1040,1005,-37,-3.55,1002,-40,-3.84,990,1040,1400-8-1,2021-10-23
15,كالا,بورس كالاي ايران,6226,24232277,788714600470,31150,32700,32700,1550,4.98,32550,1400,4.49,31600,32700,1400-8-1,2021-10-23
16,امين,تامين سرمايه امين,6140,6640336,80453810160,12040,12040,12190,150,1.25,12120,80,0.66,11860,12420,1400-8-1,2021-10-23
17,نوري,پتروشيمي نوري,5746,4329081,457291910020,110200,110100,105700,-4500,-4.08,105630,-4570,-4.15,104690,110100,1400-8-1,2021-10-23
18,آپ,آسان پرداخت پرشين,5483,47827859,559447709730,11450,12020,11200,-250,-2.18,11700,250,2.18,11010,12020,1400-8-1,2021-10-23
19,امين يكم,صندوق درآمد ثابت امين يكم فردا,5442,141523996,1415690837728,10152,10004,10004,-148,-1.46,10003,-149,-1.47,10000,10007,1400-8-1,2021-10-23
20,آريا,پليمر آريا ساسول,4948,1410849,149627613446,110816,108000,105525,-5291,-4.77,106055,-4761,-4.3,105280,109000,1400-8-1,2021-10-23
21,شپنا,پالايش نفت اصفهان,4474,45924833,518891815600,11880,11600,11290,-590,-4.97,11300,-580,-4.88,11290,11600,1400-8-1,2021-10-23
22,وتجارت,بانك تجارت,4460,157746861,303286748709,2021,1984,1921,-100,-4.95,1923,-98,-4.85,1920,1984,1400-8-1,2021-10-23
23,خپارس,پارس‌ خودرو,4317,215760112,224028389464,1091,1085,1037,-54,-4.95,1038,-53,-4.86,1037,1085,1400-8-1,2021-10-23
24,كيان,صندوق س. با درآمد ثابت كيان,4213,31670885,987612378046,31142,31181,31183,41,0.13,31184,42,0.13,31181,31187,1400-8-1,2021-10-23
25,وهامون,سرمايه گذاري هامون صبا,4084,12688198,35446139814,2899,2954,2785,-114,-3.93,2794,-105,-3.62,2766,2954,1400-8-1,2021-10-23
26,بوعلي,پتروشيمي بوعلي سينا,4001,3908625,277436039430,74090,73980,70390,-3700,-4.99,70980,-3110,-4.2,70390,74000,1400-8-1,2021-10-23
27,ذوب,سهامي ذوب آهن  اصفهان,3858,82443360,318681537229,4006,3990,3858,-148,-3.69,3865,-141,-3.52,3822,3990,1400-8-1,2021-10-23
28,خبهمن,گروه‌بهمن‌,3833,183542307,309579350781,1751,1750,1710,-41,-2.34,1687,-64,-3.66,1664,1770,1400-8-1,2021-10-23
29,سمايه,بانك سرمايه,3765,17825936,90661267476,5134,5390,4970,-164,-3.19,5086,-48,-0.93,4878,5390,1400-8-1,2021-10-23
30,گدنا,تهيه توزيع غذاي دنا آفرين فدك,3666,2711063,42210158197,16252,16268,15447,-805,-4.95,15570,-682,-4.2,15440,16534,1400-8-1,2021-10-23
31,وسديد,گروه ‌صنعتي‌سديد,3597,70142863,79163361693,1161,1155,1127,-34,-2.93,1129,-32,-2.76,1127,1155,1400-8-1,2021-10-23
32,شبندر,پالايش نفت بندرعباس,3550,59792796,375786905690,6600,6390,6270,-330,-5,6280,-320,-4.85,6270,6480,1400-8-1,2021-10-23
33,سپيدار,سپيدار سيستم آسيا,3483,1492099,26507181963,18272,17680,17750,-522,-2.86,17765,-507,-2.77,17460,18150,1400-8-1,2021-10-23
34,خگستر,گسترش‌سرمايه‌گذاري‌ايران‌خودرو,3298,122401004,256982000646,2207,2129,2097,-110,-4.98,2100,-107,-4.85,2097,2170,1400-8-1,2021-10-23
35,آريان,سرمايه گذاري پارس آريان,3296,164838241,3165274926059,19387,19430,18806,-581,-3,19202,-185,-0.95,18806,19470,1400-8-1,2021-10-23
36,پترول,گ.س.وت.ص.پتروشيمي خليج فارس,3084,34829823,110517730234,3333,3297,3170,-163,-4.89,3173,-160,-4.8,3167,3300,1400-8-1,2021-10-23
37,صبا,سرمايه گذاري صبا تامين,3045,22395168,137203099043,6288,6292,6079,-209,-3.32,6126,-162,-2.58,6040,6380,1400-8-1,2021-10-23
38,ومدير,گ.مديريت ارزش سرمايه ص ب كشوري,3022,9406983,40714185651,4458,4486,4317,-141,-3.16,4328,-130,-2.92,4281,4486,1400-8-1,2021-10-23
39,هرمز,فولاد هرمزگان جنوب,2979,16957781,289728222585,16467,16900,17200,733,4.45,17085,618,3.75,16796,17290,1400-8-1,2021-10-23
40,شگويا,پتروشيمي تندگويان,2967,16554872,181285864965,11341,11170,11100,-241,-2.13,10951,-390,-3.44,10805,11300,1400-8-1,2021-10-23
41,غگل,گلوكوزان‌,2950,41428146,132058795778,3143,3167,3187,44,1.4,3188,45,1.43,3000,3300,1400-8-1,2021-10-23
42,حگردش,ريل گردش ايرانيان,2925,65201976,210416657244,3077,3230,3190,113,3.67,3227,150,4.87,3122,3230,1400-8-1,2021-10-23
43,آبادا,توليد نيروي برق آبادان,2888,1288949,19905372240,15630,15650,15460,-170,-1.09,15440,-190,-1.22,15060,15740,1400-8-1,2021-10-23
44,افران,صندوق س افرا نماد پايدار-ثابت,2868,101139499,1472788749912,14538,14561,14562,24,0.17,14562,24,0.17,14561,14565,1400-8-1,2021-10-23
45,وسپهر,سرمايه گذاري مالي سپهرصادرات,2857,11328532,80052915537,7066,7066,7066,0,0,7066,0,0,7066,7076,1400-8-1,2021-10-23
46,كاوه,فولاد كاوه جنوب كيش,2846,17116366,279612809840,17160,16590,16310,-850,-4.95,16340,-820,-4.78,16310,16880,1400-8-1,2021-10-23
47,ثبهساز,بهساز كاشانه تهران,2818,37759728,61682160283,1713,1700,1628,-85,-4.96,1634,-79,-4.61,1628,1710,1400-8-1,2021-10-23
48,اعتماد,صندوق س.اعتماد آفرين پارسيان-د,2815,61670590,2436449488550,39474,39501,39521,47,0.12,39507,33,0.08,39501,39521,1400-8-1,2021-10-23
49,غكورش,صنعت غذايي كورش,2793,1935873,87712439130,46880,46000,45800,-1080,-2.3,45310,-1570,-3.35,44820,46000,1400-8-1,2021-10-23
50,چخزر,صنايع چوب خزر كاسپين,2778,573031,17455291492,30871,31800,30190,-681,-2.21,30461,-410,-1.33,29412,31800,1400-8-1,2021-10-23
51,اپال,فرآوري معدني اپال كاني پارس,2768,5604621,110097733040,19200,18600,20160,960,5,19600,400,2.08,18600,20160,1400-8-1,2021-10-23
52,ولپارس,ليزينگ پارسيان,2697,7435199,30290576169,4242,4160,4039,-203,-4.79,4074,-168,-3.96,4030,4309,1400-8-1,2021-10-23
53,سيتا,سرمايه گذاري سيمان تامين,2671,5377704,53915200700,10490,10500,10000,-490,-4.67,10030,-460,-4.39,9970,10500,1400-8-1,2021-10-23
54,غزر,صنعتي زر ماكارون,2666,4276245,47889158570,11740,11740,11160,-580,-4.94,11200,-540,-4.6,11160,11740,1400-8-1,2021-10-23
55,ولكار,ليزينگ كارآفرين,2594,2098610,8898169415,4248,4315,4240,-8,-0.19,4243,-5,-0.12,4150,4315,1400-8-1,2021-10-23
56,ويسا,سرمايه گذاري ايساتيس پويا,2556,13381821,107039824352,7686,7900,8070,384,5,7999,313,4.07,7761,8070,1400-8-1,2021-10-23
57,شاروم,پتروشيمي اروميه,2542,3561638,51313768236,15136,14899,14380,-756,-4.99,14407,-729,-4.82,14380,14990,1400-8-1,2021-10-23
58,وخارزم,سرمايه گذاري خوارزمي,2522,38997531,178125927397,4802,4600,4562,-240,-5,4568,-234,-4.87,4562,4629,1400-8-1,2021-10-23
59,لطيف,محصولات كاغذي لطيف,2499,588651,22037438291,39095,38970,37150,-1945,-4.98,37437,-1658,-4.24,37141,38970,1400-8-1,2021-10-23
60,وغدير,سرمايه‌گذاري‌غدير(هلدينگ‌,2495,25560661,392581181470,16130,15330,15360,-770,-4.77,15360,-770,-4.77,15330,15570,1400-8-1,2021-10-23
61,سپيد,سپيد ماكيان,2421,5118035,278055294440,56940,57300,54100,-2840,-4.99,54330,-2610,-4.58,54100,57300,1400-8-1,2021-10-23
62,فخوز,فولاد  خوزستان,2375,15649039,252386382550,16660,16670,16120,-540,-3.24,16130,-530,-3.18,15970,16680,1400-8-1,2021-10-23
63,كماسه,تامين‌ ماسه‌ ريخته‌گري‌,2310,36926350,190295161730,5220,5080,5340,120,2.3,5150,-70,-1.34,4960,5380,1400-8-1,2021-10-23
64,وكبهمن,مديريت سرمايه گذاري كوثربهمن,2289,1416026,15217946941,11223,10960,10690,-533,-4.75,10747,-476,-4.24,10662,11100,1400-8-1,2021-10-23
65,كزغال,زغال سنگ پروده طبس,2256,3521375,112739481682,33674,32700,31991,-1683,-5,32016,-1658,-4.92,31991,33100,1400-8-1,2021-10-23
66,شبصير,توليدات پتروشيمي قائد بصير,2249,5800390,614282633993,100897,105941,105941,5044,5,105904,5007,4.96,104650,105941,1400-8-1,2021-10-23
67,رافزا,رايان هم افزا,2246,253720,17698588476,72563,75470,69029,-3534,-4.87,69756,-2807,-3.87,68935,75470,1400-8-1,2021-10-23
68,بپيوند,برق و انرژي پيوندگستر پارس,2231,1819130,17629043304,10077,9910,9590,-487,-4.83,9691,-386,-3.83,9574,9940,1400-8-1,2021-10-23
69,فجر,فولاد اميركبيركاشان,2134,8142780,204055989340,26320,25770,25010,-1310,-4.98,25060,-1260,-4.79,25010,26300,1400-8-1,2021-10-23
70,شبريز,پالايش نفت تبريز,2120,11477261,415202348490,38050,37450,36460,-1590,-4.18,36180,-1870,-4.91,36150,38000,1400-8-1,2021-10-23
71,تاپيكو,س. نفت و گاز و پتروشيمي تأمين,2074,25294282,350706246810,14540,14650,13850,-690,-4.75,13870,-670,-4.61,13820,14740,1400-8-1,2021-10-23
72,ثاميد,توسعه و عمران اميد,2073,22047857,30800661188,1467,1401,1395,-72,-4.91,1397,-70,-4.77,1394,1427,1400-8-1,2021-10-23
73,زملارد,كشاورزي و دامپروري ملارد شير,2065,753668,15924998473,22092,21230,20988,-1104,-5,21130,-962,-4.35,20988,22000,1400-8-1,2021-10-23
74,فردا,صندوق س آواي فرداي زاگرس-ثابت,2063,103242350,1204320848800,11645,11664,11665,20,0.17,11665,20,0.17,11664,11666,1400-8-1,2021-10-23
75,سنير,سيمان‌ سفيد ني‌ريز,2011,828197,88161681620,109520,107560,104490,-5030,-4.59,106450,-3070,-2.8,104050,113460,1400-8-1,2021-10-23
76,اتكاي,بيمه اتكايي ايرانيان,2006,35581260,333785706178,8952,9399,9193,241,2.69,9381,429,4.79,9120,9399,1400-8-1,2021-10-23
77,شسپا,نفت سپاهان,2005,46185446,153604323581,3357,3480,3320,-37,-1.1,3326,-31,-0.92,3280,3480,1400-8-1,2021-10-23
78,بگيلان,توسعه مسير برق گيلان,1919,618870,9401325218,15840,15258,15300,-540,-3.41,15607,-233,-1.47,15048,15686,1400-8-1,2021-10-23
79,كاما,باما,1901,13632650,120471114090,9280,9010,8820,-460,-4.96,8840,-440,-4.74,8820,9020,1400-8-1,2021-10-23
80,پارند,صندوق س. پارند پايدار سپهر,1878,72140899,727886929058,10075,10090,10090,15,0.15,10090,15,0.15,10089,10091,1400-8-1,2021-10-23
81,خكمك,كمك‌فنرايندامين‌,1836,6657969,133883611930,19880,20700,20220,340,1.71,20110,230,1.16,18890,20870,1400-8-1,2021-10-23
82,فاسمين,كالسيمين‌,1805,17280110,309014721770,18780,18150,17860,-920,-4.9,17880,-900,-4.79,17850,18490,1400-8-1,2021-10-23
83,دلر,داروسازي‌ اكسير,1760,5550107,274687402830,47200,49560,49560,2360,5,49490,2290,4.85,48500,49560,1400-8-1,2021-10-23
84,بترانس,ايران‌ ترانسفو,1679,31712004,68642760450,2266,2235,2156,-110,-4.85,2165,-101,-4.46,2153,2260,1400-8-1,2021-10-23
85,ومعادن,توسعه‌معادن‌وفلزات‌,1654,18163174,188637453860,10840,10610,10450,-390,-3.6,10390,-450,-4.15,10300,10830,1400-8-1,2021-10-23
86,غصينو,صنعتي مينو,1643,15739859,237560517929,14454,14500,15176,722,5,15093,639,4.42,14500,15176,1400-8-1,2021-10-23
87,كوير,توليدي فولاد سپيد فراب كوير,1643,13621027,190936655500,14140,14200,14130,-10,-0.07,14020,-120,-0.85,13740,14200,1400-8-1,2021-10-23
88,غشصفا,شيرپاستوريزه‌پگاه‌اصفهان‌,1600,6686219,259740552840,37130,38980,38980,1850,4.98,38850,1720,4.63,37340,38980,1400-8-1,2021-10-23
89,ونفت,سرمايه‌گذاري‌ صنعت‌ نفت‌,1597,3888188,60012523810,15410,15700,14640,-770,-5,15430,20,0.13,14640,15910,1400-8-1,2021-10-23
90,وبصادر,بانك صادرات ايران,1571,71325259,137494220902,2028,1927,1927,-101,-4.98,1928,-100,-4.93,1927,1997,1400-8-1,2021-10-23
91,شيران,س. صنايع‌شيميايي‌ايران,1536,5377549,113678399270,22220,21830,21110,-1110,-5,21140,-1080,-4.86,21110,22220,1400-8-1,2021-10-23
92,حسير,ريل سير كوثر,1526,4159204,164793993736,39577,38600,39996,419,1.06,39622,45,0.11,37668,40450,1400-8-1,2021-10-23
93,تاپكيش,تجارت الكترونيك پارسيان كيش,1516,5805235,109644850958,19074,19430,18864,-210,-1.1,18887,-187,-0.98,18121,19500,1400-8-1,2021-10-23
94,وايران,ليزينگ ايرانيان,1496,12827953,67345647800,5068,5240,5160,92,1.82,5250,182,3.59,5030,5320,1400-8-1,2021-10-23
95,كگل,معدني و صنعتي گل گهر,1483,14673248,329755940860,22730,21800,22740,10,0.04,22470,-260,-1.14,21600,22900,1400-8-1,2021-10-23
96,سرو,صندوق س سروسودمند مدبران-سهام,1474,1817220,133656162030,74800,75000,74000,-800,-1.07,73550,-1250,-1.67,73000,75000,1400-8-1,2021-10-23
97,شاوان,پالايش نفت لاوان,1461,999908,133739059297,137556,137000,133390,-4166,-3.03,133751,-3805,-2.77,131700,137000,1400-8-1,2021-10-23
98,وسپه,سرمايه‌گذاري‌ سپه‌,1453,10527296,86032392750,8230,8400,8240,10,0.12,8170,-60,-0.73,8110,8490,1400-8-1,2021-10-23
99,زنگان,صنعت روي زنگان,1449,1052476,76555173634,73179,73510,70820,-2359,-3.22,72738,-441,-0.6,70000,76721,1400-8-1,2021-10-23
100,تپكو,توليدتجهيزات‌سنگين‌هپكو,1447,36897344,103033842454,2748,2666,2830,82,2.98,2792,44,1.6,2666,2830,1400-8-1,2021-10-23
101,وبملت,بانك ملت,1443,72514990,241329886720,3503,3328,3328,-175,-5,3328,-175,-5,3328,3328,1400-8-1,2021-10-23
102,ختور,رادياتور ايران‌,1436,5118907,93499491730,18940,18950,18000,-940,-4.96,18270,-670,-3.54,18000,19700,1400-8-1,2021-10-23
103,ملت,بيمه ملت,1433,53896422,62661251359,1205,1200,1146,-59,-4.9,1163,-42,-3.49,1145,1220,1400-8-1,2021-10-23
104,وسكرمان,س.سهام عدالت استان كرمان,1393,109618405,49830998407,470,464,454,-16,-3.4,455,-15,-3.19,450,464,1400-8-1,2021-10-23
105,فلوله,لوله‌وماشين‌سازي‌ايران‌,1380,56402549,65543706516,1220,1210,1159,-61,-5,1162,-58,-4.75,1159,1210,1400-8-1,2021-10-23
106,وبانك,سرمايه گذاري گروه توسعه ملي,1375,24097625,206234773190,8990,8840,8550,-440,-4.89,8560,-430,-4.78,8550,8840,1400-8-1,2021-10-23
107,زيتون,صندوق س زيتون نماد پايا- مختلط,1356,23700845,237008450000,10000,10000,10000,0,0,10000,0,0,10000,10000,1400-8-1,2021-10-23
108,كرازي,كارخانجات‌توليدي‌شيشه‌رازي‌,1348,42740588,53288606893,1290,1300,1256,-34,-2.64,1247,-43,-3.33,1226,1308,1400-8-1,2021-10-23
109,البرز,بيمه البرز,1337,96037569,219374405385,2404,2284,2300,-104,-4.33,2284,-120,-4.99,2284,2388,1400-8-1,2021-10-23
110,كچاد,معدني‌وصنعتي‌چادرملو,1336,3813860,105546322250,28030,28400,27760,-270,-0.96,27710,-320,-1.14,27400,28400,1400-8-1,2021-10-23
111,شزنگ,تجهيزنيروي‌زنگان‌,1322,1224223,132960423854,104454,100840,108974,4520,4.33,108608,4154,3.98,100840,109676,1400-8-1,2021-10-23
112,پارس,پتروشيمي پارس,1314,1445228,279958431070,203260,200410,193100,-10160,-5,193710,-9550,-4.7,193100,200410,1400-8-1,2021-10-23
113,كلر,كلر پارس,1306,894975,104827101476,122660,123999,117999,-4661,-3.8,117129,-5531,-4.51,116527,123999,1400-8-1,2021-10-23
114,حكشتي,كشتيراني جمهوري اسلامي ايران,1277,6916257,94815595550,14380,14000,13670,-710,-4.94,13820,-560,-3.89,13670,14100,1400-8-1,2021-10-23
115,ثالوند,سرمايه گذاري مسكن الوند,1272,4858115,65373312212,13482,13512,13251,-231,-1.71,13457,-25,-0.19,12903,13820,1400-8-1,2021-10-23
116,تليسه,دامداري تليسه نمونه,1264,20348741,52653327029,2578,2700,2521,-57,-2.21,2588,10,0.39,2500,2700,1400-8-1,2021-10-23
117,آگاس,صندوق س.هستي بخش آگاه-س,1250,904524,73913075347,83374,82802,82080,-1294,-1.55,81715,-1659,-1.99,80880,83198,1400-8-1,2021-10-23
118,بكام,كارخانجات توليدي شهيد قندي,1225,31813723,65233746497,2148,2140,2084,-64,-2.98,2050,-98,-4.56,2041,2140,1400-8-1,2021-10-23
119,هماي,صندوق س هماي آگاه-ثابت,1195,9145291,91515763811,10150,10013,10012,-138,-1.36,10007,-143,-1.41,10000,10013,1400-8-1,2021-10-23
120,ثفارس,عمران‌وتوسعه‌فارس‌,1190,10702727,116067598610,11290,11470,10730,-560,-4.96,10840,-450,-3.99,10730,11470,1400-8-1,2021-10-23
121,گشان,توسعه بين المللي پديده شانديز,1177,3353067,62709092154,19148,19191,18574,-574,-3,18702,-446,-2.33,18574,19490,1400-8-1,2021-10-23
122,ساروم,سيمان‌اروميه‌,1170,4059062,164211325920,38950,40890,40000,1050,2.7,40460,1510,3.88,39570,40890,1400-8-1,2021-10-23
123,وسكرشا,س.سهام عدالت استان كرمانشاه,1152,80710911,36710270570,467,458,452,-15,-3.21,455,-12,-2.57,451,467,1400-8-1,2021-10-23
124,خنصير,مهندسي‌نصيرماشين‌,1142,4848107,124869736460,26930,27480,25590,-1340,-4.98,25760,-1170,-4.34,25590,27480,1400-8-1,2021-10-23
125,خزاميا,زامياد,1134,13651801,80468855780,6190,6020,5890,-300,-4.85,5890,-300,-4.85,5890,6080,1400-8-1,2021-10-23
126,فباهنر,مس‌ شهيدباهنر,1134,2239488,61036246380,27710,28970,27070,-640,-2.31,27250,-460,-1.66,26470,28970,1400-8-1,2021-10-23
127,زكوثر,سرمايه گذاري كشاورزي كوثر,1129,2912080,48065445350,17020,17190,16300,-720,-4.23,16510,-510,-3,16170,17190,1400-8-1,2021-10-23
128,وحكمت,بيمه حكمت صبا,1127,13654827,49250208939,3530,3635,3635,105,2.97,3607,77,2.18,3500,3635,1400-8-1,2021-10-23
129,بشهاب,لامپ‌  پارس‌ شهاب‌,1127,736763,89824090020,118040,122100,123940,5900,5,121920,3880,3.29,114710,123940,1400-8-1,2021-10-23
130,خمحركه,نيرو محركه‌,1118,17223608,55774268493,3395,3390,3260,-135,-3.98,3238,-157,-4.62,3226,3390,1400-8-1,2021-10-23
131,دلقما,دارويي‌ لقمان‌,1117,3138430,100510052220,32550,33850,31600,-950,-2.92,32030,-520,-1.6,30930,33850,1400-8-1,2021-10-23
132,ونوين,بانك‌اقتصادنوين‌,1116,25035131,89720773471,3762,3680,3574,-188,-5,3584,-178,-4.73,3574,3710,1400-8-1,2021-10-23
133,ولساپا,ليزينگ رايان‌ سايپا,1106,30616381,76472050159,2611,2620,2510,-101,-3.87,2498,-113,-4.33,2481,2620,1400-8-1,2021-10-23
134,فايرا,آلومينيوم‌ايران‌,1097,7203967,134620707210,19580,18800,18760,-820,-4.19,18690,-890,-4.55,18610,19070,1400-8-1,2021-10-23
135,دسانكو,داروسازي سبحان انكولوژي,1071,5494339,80986955902,14727,14930,14730,3,0.02,14740,13,0.09,13991,15100,1400-8-1,2021-10-23
136,بپاس,بيمه پاسارگاد,1068,1628542,105431292654,64415,65990,64600,185,0.29,64699,284,0.44,64500,65990,1400-8-1,2021-10-23
137,پارسان,گسترش نفت و گاز پارسيان,1061,11626923,390925438000,35230,34140,33470,-1760,-5,33620,-1610,-4.57,33470,35960,1400-8-1,2021-10-23
138,چكاپا,گروه صنايع كاغذ پارس,1058,16183494,51412612439,3292,3380,3128,-164,-4.98,3177,-115,-3.49,3128,3380,1400-8-1,2021-10-23
139,نطرين,عطرين نخ قم,1055,4647746,38978533502,8585,8585,8620,35,0.41,8387,-198,-2.31,8199,8750,1400-8-1,2021-10-23
140,كمرجان,بازرگاني و توليدي مرجان كار,1052,890659,61210970706,72130,72000,68524,-3606,-5,68725,-3405,-4.72,68524,72000,1400-8-1,2021-10-23
141,كاسپين,داروسازي كاسپين تامين,1049,3830531,120918666360,30118,31623,31623,1505,5,31567,1449,4.81,30800,31623,1400-8-1,2021-10-23
142,پيزد,مجتمع صنايع لاستيك يزد,1029,953408,54116978457,59730,56744,56744,-2986,-5,56762,-2968,-4.97,56744,58039,1400-8-1,2021-10-23
143,غشان,شيرپاستوريزه‌پگاه‌خراسان‌,1025,14170464,74011656370,5021,5270,5200,179,3.57,5220,199,3.96,5090,5270,1400-8-1,2021-10-23
144,گكوثر,هتل پارسيان كوثر اصفهان,1023,20201045,38150136255,1843,1892,1910,67,3.64,1889,46,2.5,1806,1934,1400-8-1,2021-10-23
145,فولاي,صنايع فولاد آلياژي يزد,1020,3984033,68873956780,17964,18500,17070,-894,-4.98,17287,-677,-3.77,17066,18789,1400-8-1,2021-10-23
146,اطلس,صندوق س.توسعه اندوخته آينده-س,1017,234890,58879606867,256233,257000,251100,-5133,-2,250669,-5564,-2.17,249101,257000,1400-8-1,2021-10-23
147,فردا2,صندوق س آواي فرداي زاگرس-ثابت,1008,100800000,100800000,11645,1,1,-11644,-99.99,1,-11644,-99.99,1,1,1400-8-1,2021-10-23
148,كيميا,معدني كيمياي زنجان گستران,993,5747335,91032554105,16406,16450,15679,-727,-4.43,15839,-567,-3.46,15586,16980,1400-8-1,2021-10-23
149,شصدف,صنعتي دوده فام,987,1706952,51803163192,31903,31704,30308,-1595,-5,30348,-1555,-4.87,30308,31704,1400-8-1,2021-10-23
150,غشاذر,پگاه‌آذربايجان‌غربي‌,986,6754674,42582555660,6060,5820,6280,220,3.63,6300,240,3.96,5820,6360,1400-8-1,2021-10-23
151,طلا,صندوق س.پشتوانه طلاي لوتوس,986,1994534,166190332318,82348,82540,83594,1246,1.51,83323,975,1.18,82540,83750,1400-8-1,2021-10-23
152,شغدير,پتروشيمي غدير,983,1812082,188401263030,109180,105680,103730,-5450,-4.99,103970,-5210,-4.77,103730,106000,1400-8-1,2021-10-23
153,وساخت,سرمايه‌ گذاري‌ ساختمان‌ايران‌,955,1005974,40503773190,40390,41880,39850,-540,-1.34,40260,-130,-0.32,39500,41880,1400-8-1,2021-10-23
154,دماوند,توليد نيروي برق دماوند,949,2469936,49931305055,21084,21083,20030,-1054,-5,20216,-868,-4.12,20030,21520,1400-8-1,2021-10-23
155,ختوقا,قطعات‌ اتومبيل‌ ايران‌,947,19581285,39090928168,2095,2090,1991,-104,-4.96,1996,-99,-4.73,1991,2090,1400-8-1,2021-10-23
156,كنور,توسعه معدني و صنعتي صبانور,947,2040043,36817865830,18240,18850,17900,-340,-1.86,18160,-80,-0.44,17530,18850,1400-8-1,2021-10-23
157,بكهنوج,توليد برق ماهتاب كهنوج,944,21819960,24152735520,1162,1188,1104,-58,-4.99,1107,-55,-4.73,1104,1188,1400-8-1,2021-10-23
158,ثاخت,بين‌المللي‌توسعه‌ساختمان,943,25042076,49553334513,2078,2030,1975,-103,-4.96,1979,-99,-4.76,1975,2088,1400-8-1,2021-10-23
159,لپيام,گسترش صنايع پيام,937,1886720,78253043475,40390,41601,41376,986,2.44,41476,1086,2.69,41006,41601,1400-8-1,2021-10-23
160,فافزا,فولاد افزا سپاهان,935,1461061,76368435947,53182,53793,52398,-784,-1.47,52269,-913,-1.72,51587,54600,1400-8-1,2021-10-23
161,وساپا,سرمايه‌گذاري‌ سايپا,934,15041501,59972197546,4163,4125,3993,-170,-4.08,3987,-176,-4.23,3955,4126,1400-8-1,2021-10-23
162,وپويا,سرمايه گذاري پويا,926,5850466,23593098678,4234,4146,4023,-211,-4.98,4033,-201,-4.75,4023,4149,1400-8-1,2021-10-23
163,سخاش,سيمان‌خاش‌,918,442682,41829275080,99070,100000,94120,-4950,-5,94490,-4580,-4.62,94120,100000,1400-8-1,2021-10-23
164,خفنر,فنرسازي‌خاور,916,8140561,61673552440,7280,7590,7640,360,4.95,7580,300,4.12,7310,7640,1400-8-1,2021-10-23
165,وسكرد,شركت س استان كردستان,891,61553334,28012425027,466,458,456,-10,-2.15,455,-11,-2.36,450,471,1400-8-1,2021-10-23
166,حريل,ريل پردازسير,886,10179626,32783520064,3367,3453,3200,-167,-4.96,3221,-146,-4.34,3199,3453,1400-8-1,2021-10-23
167,هاي وب,داده گسترعصرنوين-هاي وب,884,22746879,194485815450,8150,8550,8550,400,4.91,8550,400,4.91,8550,8550,1400-8-1,2021-10-23
168,تاصيكو,سرمايه گذاري صدرتامين,874,8482245,79000157670,9720,9920,9280,-440,-4.53,9440,-280,-2.88,9240,9920,1400-8-1,2021-10-23
169,تملت,تامين سرمايه بانك ملت,872,9853667,37623412334,3945,3945,3770,-175,-4.44,3818,-127,-3.22,3748,3945,1400-8-1,2021-10-23
170,حبندر,دريايي و کشتيراني خط دريابندر,867,4917102,168441831155,34760,33718,35802,1042,3,34256,-504,-1.45,33718,35802,1400-8-1,2021-10-23
171,خزر,فنرسازي‌زر,863,2692457,34919846080,13590,13480,12920,-670,-4.93,12970,-620,-4.56,12920,13480,1400-8-1,2021-10-23
172,وكار,بانك‌ كارآفرين‌,862,24052892,67072431699,2745,2750,2796,51,1.86,2789,44,1.6,2700,2820,1400-8-1,2021-10-23
173,كبافق,معادن‌ بافق‌,860,1092844,42002994100,38750,38430,37610,-1140,-2.94,38430,-320,-0.83,36900,40000,1400-8-1,2021-10-23
174,غسالم,سالمين‌,858,9984192,26659309352,2785,2780,2647,-138,-4.96,2670,-115,-4.13,2646,2799,1400-8-1,2021-10-23
175,شپديس,پتروشيمي پرديس,841,1415698,255426100490,189880,180610,180390,-9490,-5,180420,-9460,-4.98,180390,185000,1400-8-1,2021-10-23
176,سفارس,سيمان فارس و خوزستان,839,4718893,85082231720,18930,18260,17990,-940,-4.97,18030,-900,-4.75,17990,18950,1400-8-1,2021-10-23
177,سشرق,سيمان‌ شرق‌,834,7253896,57057034160,8210,8020,7800,-410,-4.99,7870,-340,-4.14,7800,8370,1400-8-1,2021-10-23
178,غشهداب,كشت و صنعت شهداب ناب خراسان,832,20133124,52989925558,2763,2701,2630,-133,-4.81,2632,-131,-4.74,2625,2790,1400-8-1,2021-10-23
179,همراه,شركت ارتباطات سيار ايران,827,4756705,40510026690,8790,8800,8550,-240,-2.73,8690,-100,-1.14,8370,8890,1400-8-1,2021-10-23
180,كارين,صندوق س نگين سامان-ثابت,812,27045212,270641025402,10157,10006,10008,-149,-1.47,10007,-150,-1.48,10005,10008,1400-8-1,2021-10-23
181,فزرين,زرين معدن آسيا,801,5279831,77076794768,15309,14901,14544,-765,-5,14598,-711,-4.64,14544,14901,1400-8-1,2021-10-23
182,خبنيان,بنيان ديزل,800,68512,10510905504,148949,153417,153417,4468,3,153417,4468,3,153417,153417,1400-8-1,2021-10-23
183,ضخود1053,اختيارخ خودرو-2500-1400/10/08,800,35735,914906000,39,0,24,-15,-38.46,26,-13,-33.33,22,34,1400-8-1,2021-10-23
184,ارفع,شركت آهن و فولاد ارفع,798,10437405,156041528412,15344,15220,15000,-344,-2.24,14950,-394,-2.57,14577,15600,1400-8-1,2021-10-23
185,اخابر,مخابرات ايران,796,18093886,141302927320,8150,8050,7750,-400,-4.91,7810,-340,-4.17,7750,8050,1400-8-1,2021-10-23
186,فاذر,صنايع‌ آذرآب‌,792,22394459,22140206683,1035,1030,984,-51,-4.93,989,-46,-4.44,984,1030,1400-8-1,2021-10-23
187,غپينو,پارس‌ مينو,783,6462017,23304707871,3829,3610,3580,-249,-6.5,3606,-223,-5.82,3501,3744,1400-8-1,2021-10-23
188,بجهرم,توسعه مولد نيروگاهي جهرم,781,13636013,28575830218,2139,2160,2072,-67,-3.13,2096,-43,-2.01,2039,2245,1400-8-1,2021-10-23
189,خرينگ,رينگ‌سازي‌مشهد,781,1547076,47164947310,32050,30450,30450,-1600,-4.99,30490,-1560,-4.87,30450,32000,1400-8-1,2021-10-23
190,غاذر,كشت‌وصنعت‌پياذر,776,2322378,58487696740,24720,24720,25750,1030,4.17,25180,460,1.86,24000,25950,1400-8-1,2021-10-23
191,غپاك,لبنيات‌ پاك‌,775,3264989,43586481410,14000,14400,13300,-700,-5,13350,-650,-4.64,13300,14400,1400-8-1,2021-10-23
192,سبهان,سيمان‌ بهبهان‌,772,607885,31606948980,53320,55500,51090,-2230,-4.18,51990,-1330,-2.49,50670,55500,1400-8-1,2021-10-23
193,سبزوا,سيمان لار سبزوار,772,10387907,27763500252,2809,2731,2669,-140,-4.98,2673,-136,-4.84,2669,2800,1400-8-1,2021-10-23
194,قرن,پديده شيمي قرن,771,749716,18617182630,25830,25850,24540,-1290,-4.99,24900,-930,-3.6,24540,25930,1400-8-1,2021-10-23
195,رمپنا,گروه مپنا (سهامي عام),769,10900591,169215941530,16330,16000,15520,-810,-4.96,15520,-810,-4.96,15520,16020,1400-8-1,2021-10-23
196,آ س پ,آ.س.پ,767,3080112,27807579150,8961,8513,8959,-2,-0.02,9028,67,0.75,8513,9309,1400-8-1,2021-10-23
197,دپارس,پارس‌ دارو,763,1074839,36386838090,32960,31320,33000,40,0.12,33850,890,2.7,31320,34600,1400-8-1,2021-10-23
198,ثعتما,س. ساختماني اعتماد گستر,762,1381185,46367425754,32816,33777,33800,984,3,33571,755,2.3,32101,33800,1400-8-1,2021-10-23
199,ديران,ايران‌دارو,756,2441877,73036946270,31440,31500,29870,-1570,-4.99,29910,-1530,-4.87,29870,31500,1400-8-1,2021-10-23
200,دتماد,توليدمواداوليه‌داروپخش‌,735,785730,38603431390,48080,50290,49100,1020,2.12,49130,1050,2.18,47540,50290,1400-8-1,2021-10-23
201,سپاها,سيمان‌سپاهان‌,735,8116548,71776426400,9140,9150,9050,-90,-0.98,8840,-300,-3.28,8690,9150,1400-8-1,2021-10-23
202,فروس,فروسيليس‌ ايران‌,730,11604864,84747606120,7670,7700,7290,-380,-4.95,7300,-370,-4.82,7290,7700,1400-8-1,2021-10-23
203,دكپسول,توليد ژلاتين كپسول ايران,727,2422280,81018753671,31874,33467,33467,1593,5,33447,1573,4.94,32200,33467,1400-8-1,2021-10-23
204,كسعدي,كاشي‌ سعدي‌,721,2491878,26153162140,10670,10500,10310,-360,-3.37,10500,-170,-1.59,10200,10930,1400-8-1,2021-10-23
205,فاراك,ماشين‌ سازي‌ اراك‌,721,21859787,34137134426,1640,1608,1558,-82,-5,1562,-78,-4.76,1558,1631,1400-8-1,2021-10-23
206,زاگرس,پتروشيمي زاگرس,719,213179,64205760965,317029,301180,301178,-15851,-5,306319,-10710,-3.38,301178,304550,1400-8-1,2021-10-23
207,شبهرن,نفت‌ بهران‌,718,2906537,34381810890,12260,12550,11740,-520,-4.24,12000,-260,-2.12,11670,12550,1400-8-1,2021-10-23
208,فتوسا,توليد و توسعه سرب روي ايرانيان,714,1185065,14508348694,12863,13145,12220,-643,-5,12243,-620,-4.82,12220,13145,1400-8-1,2021-10-23
209,كحافظح,ح . كاشي‌ وسراميك‌ حافظ‌,710,12616712,25941585709,2103,2150,2010,-93,-4.42,2056,-47,-2.23,2003,2150,1400-8-1,2021-10-23
210,رانفور,خدمات‌انفورماتيك‌,710,10926613,47982893154,4610,4501,4469,-141,-3.06,4444,-166,-3.6,4380,4590,1400-8-1,2021-10-23
211,رتاپ,تجارت الكترونيك  پارسيان,710,5066693,26805483550,5520,5450,5340,-180,-3.26,5290,-230,-4.17,5250,5500,1400-8-1,2021-10-23
212,لازما,كارخانه هاي صنعتي آزمايش,702,2319670,66564865104,27865,28699,28700,835,3,28696,831,2.98,28564,28700,1400-8-1,2021-10-23
213,كسرا,سراميك‌هاي‌صنعتي‌اردكان‌,690,4011244,60630834790,15880,15380,15090,-790,-4.97,15120,-760,-4.79,15090,16140,1400-8-1,2021-10-23
214,غبهار,كشت وصنعت بهاران گلبهار خراسان,687,2454470,34298996407,13701,13290,14112,411,3,13974,273,1.99,13290,14112,1400-8-1,2021-10-23
215,قلرست,قند لرستان‌,681,1642631,33994300110,20170,21000,21170,1000,4.96,20700,530,2.63,19250,21170,1400-8-1,2021-10-23
216,توريل,توكاريل,680,2584309,32749090293,13075,12700,12990,-85,-0.65,12672,-403,-3.08,12422,13140,1400-8-1,2021-10-23
217,ولغدر,ليزينگ‌خودروغدير,674,2347766,33213579000,14710,14990,13980,-730,-4.96,14150,-560,-3.81,13980,14990,1400-8-1,2021-10-23
218,وملي,گروه‌ صنعتي‌ ملي‌ (هلدينگ‌,666,276694,57355233620,217580,213490,206710,-10870,-5,207290,-10290,-4.73,206710,213490,1400-8-1,2021-10-23
219,ولملت,واسپاري ملت,664,8341444,64048989560,7740,7740,7360,-380,-4.91,7680,-60,-0.78,7360,8100,1400-8-1,2021-10-23
220,فمراد,آلومراد,664,2723550,42962917980,16220,16200,16220,0,0,15770,-450,-2.77,15410,16290,1400-8-1,2021-10-23
221,خبازرس,بازرسي مهندسي و صنعتي ايران,658,1588544,40544982155,25153,25907,25907,754,3,25523,370,1.47,24400,25907,1400-8-1,2021-10-23
222,ومهان,گروه توسعه مالي مهر آيندگان,655,7591601,109210042564,15066,14788,14313,-753,-5,14386,-680,-4.51,14313,15000,1400-8-1,2021-10-23
223,فسپا,گروه‌صنعتي‌سپاهان‌,653,3970742,74335415470,19680,18910,18700,-980,-4.98,18720,-960,-4.88,18700,19060,1400-8-1,2021-10-23
224,وپاسار,بانك  پاسارگاد,653,13929923,196453184760,14410,14300,14080,-330,-2.29,14100,-310,-2.15,14000,14400,1400-8-1,2021-10-23
225,تنوين,تامين سرمايه نوين,652,16796801,91667474080,5730,5730,5450,-280,-4.89,5460,-270,-4.71,5450,5730,1400-8-1,2021-10-23
226,وهور,مديريت انرژي اميد  تابان هور,641,16880893,22420143257,1393,1362,1324,-69,-4.95,1352,-41,-2.94,1324,1368,1400-8-1,2021-10-23
227,كوثر,بيمه كوثر,640,4107817,41196078774,10418,10700,9898,-520,-4.99,10029,-389,-3.73,9898,10700,1400-8-1,2021-10-23
228,سلار,شركت سيمان لارستان,625,1257961,38049904317,30096,30890,30998,902,3,30247,151,0.5,29194,30998,1400-8-1,2021-10-23
229,ستران,سيمان‌ تهران‌,624,2015217,40825703000,21270,20500,20240,-1030,-4.84,20260,-1010,-4.75,20210,20960,1400-8-1,2021-10-23
230,فولاژ,فولاد آلياژي ايران,623,2640164,45149630530,17080,17000,17360,280,1.64,17090,10,0.06,16920,17400,1400-8-1,2021-10-23
231,شكام,صنايع شيميايي كيمياگران امروز,623,2133294,69459831897,34153,33000,32446,-1707,-5,32560,-1593,-4.66,32446,33670,1400-8-1,2021-10-23
232,ميدكو,توسعه معادن وص.معدني خاورميانه,614,6046678,284386078830,47040,47040,47000,-40,-0.09,47030,-10,-0.02,47000,47460,1400-8-1,2021-10-23
233,سدور,سيمان‌ دورود,612,4472426,31013317790,7280,7280,6920,-360,-4.95,6930,-350,-4.81,6920,7280,1400-8-1,2021-10-23
234,ياقوت,صندوق س ياقوت آگاه-ثابت,612,3951513,52931335732,13375,13398,13398,23,0.17,13395,20,0.15,13392,13399,1400-8-1,2021-10-23
235,ضخود1052,اختيارخ خودرو-2000-1400/10/08,611,25837,2872870000,130,123,108,-22,-16.92,111,-19,-14.62,108,123,1400-8-1,2021-10-23
236,شفن,پتروشيمي فناوران,606,199420,87543385800,462090,438990,438990,-23100,-5,440800,-21290,-4.61,438990,438990,1400-8-1,2021-10-23
237,فنوال,نورد آلومينيوم‌,600,3852894,92209378090,25120,25800,23870,-1250,-4.98,23930,-1190,-4.74,23870,25800,1400-8-1,2021-10-23
238,لكما,كارخانجات‌مخابراتي‌ايران‌,597,18956657,22919699443,1245,1220,1208,-37,-2.97,1209,-36,-2.89,1208,1232,1400-8-1,2021-10-23
239,ومشان,س. فني و مهندسي مشانير,596,527792,32267454897,59549,61200,61335,1786,3,61137,1588,2.67,60001,61335,1400-8-1,2021-10-23
240,حآفرين,ريل پرداز نو آفرين,588,21635824,100276854901,4418,4479,4638,220,4.98,4635,217,4.91,4443,4638,1400-8-1,2021-10-23
241,تيپيكو,سرمايه گذاري دارويي تامين,587,2382315,51898447020,22640,22680,22020,-620,-2.74,22180,-460,-2.03,21510,22950,1400-8-1,2021-10-23
242,غگيلا,شيرپاستوريزه پگاه گيلان,587,1165865,24918911041,22251,21400,21139,-1112,-5,21374,-877,-3.94,21139,22251,1400-8-1,2021-10-23
243,غديس,پاكديس,585,4641949,57110288030,12920,12560,12479,-441,-3.41,12303,-617,-4.78,12274,13050,1400-8-1,2021-10-23
244,غمارگ,مارگارين‌,582,1475695,38466001470,26800,26910,26240,-560,-2.09,26070,-730,-2.72,25550,27540,1400-8-1,2021-10-23
245,چكارن,كارتن‌ ايران‌,578,11255203,32634334922,2987,3080,2873,-114,-3.82,2899,-88,-2.95,2850,3080,1400-8-1,2021-10-23
246,دزهراوي,داروسازي‌زهراوي‌,572,5802623,29559252870,5330,5200,5070,-260,-4.88,5090,-240,-4.5,5070,5340,1400-8-1,2021-10-23
247,آسيا,بيمه آسيا,569,10236093,18563714821,1902,1894,1807,-95,-4.99,1814,-88,-4.63,1807,1894,1400-8-1,2021-10-23
248,افق,فروشگاههاي زنجيره اي افق كوروش,564,1164183,57824256520,51960,51500,49370,-2590,-4.98,49740,-2220,-4.27,49370,51510,1400-8-1,2021-10-23
249,پكرمان,گروه‌ صنعتي‌ بارز,562,2702421,62484225240,24320,23500,23110,-1210,-4.98,23120,-1200,-4.93,23110,24000,1400-8-1,2021-10-23
250,تكنار,مجتمع معادن مس تكنار,554,590468,39028329827,64410,66342,66342,1932,3,66097,1687,2.62,62478,66342,1400-8-1,2021-10-23
251,ونيكي,سرمايه‌گذاري‌ ملي‌ايران‌,553,4045120,43955688940,11420,10850,10850,-570,-4.99,11100,-320,-2.8,10850,11240,1400-8-1,2021-10-23
252,فجام,جام‌دارو,551,5015190,26697679430,5570,5400,5360,-210,-3.77,5320,-250,-4.49,5300,5600,1400-8-1,2021-10-23
253,شجم,صنايع پتروشيمي تخت جمشيد,546,3155070,40189172469,13074,12901,12820,-254,-1.94,12738,-336,-2.57,12540,13180,1400-8-1,2021-10-23
254,كپارس,كاشي‌ پارس‌,537,400034,40693392830,106860,109970,101520,-5340,-5,101720,-5140,-4.81,101520,109970,1400-8-1,2021-10-23
255,وپخش,داروپخش‌ (هلدينگ‌,533,1256535,39472370490,30730,32260,31510,780,2.54,31330,600,1.95,30350,32260,1400-8-1,2021-10-23
256,معيار ,سرمايه گذاري معيار صنعت پارس,531,945685,46200960727,50898,48601,48900,-1998,-3.93,48854,-2044,-4.02,48354,52670,1400-8-1,2021-10-23
257,زشريف,كشت وصنعت شريف آباد,530,8076006,28539092360,3700,3710,3515,-185,-5,3534,-166,-4.49,3515,3788,1400-8-1,2021-10-23
258,ونيرو,سرمايه‌گذاري‌نيرو,528,8763130,18832753643,2256,2210,2144,-112,-4.96,2149,-107,-4.74,2144,2210,1400-8-1,2021-10-23
259,ساوه,سيمان ساوه,526,173021,8543464663,51033,51030,49270,-1763,-3.45,50059,-974,-1.91,48508,51030,1400-8-1,2021-10-23
260,وسكاب,س.ص.بازنشستگي كاركنان بانكها,523,8962957,26228935461,3024,2940,2940,-84,-2.78,2926,-98,-3.24,2874,2990,1400-8-1,2021-10-23
261,وآذر,سرمايه‌گذاري‌توسعه‌آذربايجان‌,523,837521,35901683610,44460,45500,42240,-2220,-4.99,42870,-1590,-3.58,42240,45500,1400-8-1,2021-10-23
262,فروي,ذوب روي اصفهان,516,718777,19649925626,28776,27338,27338,-1438,-5,27338,-1438,-5,27338,27338,1400-8-1,2021-10-23
263,خاذين,سايپاآذين‌,514,8154404,21166076899,2719,2739,2590,-129,-4.74,2596,-123,-4.52,2584,2739,1400-8-1,2021-10-23
264,وپست,پست بانك ايران,514,2758360,58674736110,22180,22490,21080,-1100,-4.96,21270,-910,-4.1,21080,22770,1400-8-1,2021-10-23
265,فالوم,آلومتك‌,510,1702576,46474830510,26976,27000,27610,634,2.35,27297,321,1.19,26167,27785,1400-8-1,2021-10-23
266,حفارس,حمل و نقل بين المللي خليج فارس,510,11869622,44428579882,3926,4000,3730,-196,-4.99,3743,-183,-4.66,3730,4000,1400-8-1,2021-10-23
267,بالاس,مهندسي ساختمان تاسيسات راه آهن,509,497644,17204877668,35685,36480,34203,-1482,-4.15,34573,-1112,-3.12,34000,36480,1400-8-1,2021-10-23
268,جم پيلن,پلي پروپيلن جم - جم پيلن,506,499173,56600763240,117600,116000,112800,-4800,-4.08,114970,-2630,-2.24,112310,116420,1400-8-1,2021-10-23
269,خشرق,الكتريك‌ خودرو شرق‌,503,3826021,54653463900,14890,15000,14150,-740,-4.97,14280,-610,-4.1,14150,15180,1400-8-1,2021-10-23
270,سپر,صندوق س سپر سرمايه بيدار- ثابت,502,16444597,213616209036,12982,12996,12996,14,0.11,12990,8,0.06,12989,12997,1400-8-1,2021-10-23
271,شرانل,نفت ايرانول,499,870344,41823906133,48407,49400,47700,-707,-1.46,48054,-353,-0.73,46100,49490,1400-8-1,2021-10-23
272,وبيمه,سرمايه‌ گذاري‌ صنعت‌ بيمه‌,498,11483295,18587000841,1637,1595,1638,1,0.06,1619,-18,-1.1,1572,1650,1400-8-1,2021-10-23
273,شپارس,بين‌ المللي‌ محصولات‌  پارس‌,496,4296434,38284591070,9280,9270,8820,-460,-4.96,8910,-370,-3.99,8820,9320,1400-8-1,2021-10-23
274,دارو,كارخانجات‌داروپخش‌,487,1147002,35890941520,30210,31710,30930,720,2.38,31290,1080,3.57,30020,31710,1400-8-1,2021-10-23
275,وسين,بيمه سينا,485,25120615,89732998243,3470,3574,3574,104,3,3572,102,2.94,3401,3574,1400-8-1,2021-10-23
276,شسينا,صنايع‌شيميايي‌سينا,483,339807,26781193710,82940,78800,78800,-4140,-4.99,78810,-4130,-4.98,78800,80990,1400-8-1,2021-10-23
277,سهرمز,سيمان‌هرمزگان‌,480,3740170,61456885150,16430,16060,17250,820,4.99,16430,0,0,15610,17250,1400-8-1,2021-10-23
278,سمازن,سيمان‌مازندران‌,479,3429169,49801708930,15170,15400,14440,-730,-4.81,14520,-650,-4.28,14420,15400,1400-8-1,2021-10-23
279,وسينا,بانك سينا,477,26126879,59229502009,2385,2330,2267,-118,-4.95,2267,-118,-4.95,2266,2360,1400-8-1,2021-10-23
280,سيلام,سيمان‌ ايلام‌,475,2648706,15240931170,5990,6130,5700,-290,-4.84,5750,-240,-4.01,5700,6130,1400-8-1,2021-10-23
281,اپرداز,آتيه داده پرداز,475,2136936,44561385352,21784,22199,20997,-787,-3.61,20853,-931,-4.27,20695,22199,1400-8-1,2021-10-23
282,چدن,توليدي چدن سازان,472,6950273,21207597169,3207,3167,3047,-160,-4.99,3051,-156,-4.86,3047,3170,1400-8-1,2021-10-23
283,ميهن,بيمه ميهن,472,7230479,17436418887,2520,2580,2394,-126,-5,2412,-108,-4.29,2394,2580,1400-8-1,2021-10-23
284,مبين,مبين انرژي خليج فارس,470,2541283,60285476490,24620,24000,23950,-670,-2.72,24150,-470,-1.91,23390,24190,1400-8-1,2021-10-23
285,ورنا,سرمايه‌گذاري‌ رنا(هلدينگ‌,470,10591674,28890362939,2858,2751,2716,-142,-4.97,2728,-130,-4.55,2716,2890,1400-8-1,2021-10-23
286,قصفها,قنداصفهان‌,468,273826,24947292820,95570,95570,90800,-4770,-4.99,91110,-4460,-4.67,90800,95570,1400-8-1,2021-10-23
287,پتاير,ايران‌ تاير,466,13485175,32468062422,2531,2450,2405,-126,-4.98,2408,-123,-4.86,2405,2450,1400-8-1,2021-10-23
288,پاكشو,گروه صنعتي پاكشو,465,4654855,25688857400,5720,5650,5490,-230,-4.02,5670,-50,-0.87,5440,5730,1400-8-1,2021-10-23
289,كهمدا,شيشه‌ همدان‌,463,2354172,20942392890,9320,9250,8790,-530,-5.69,8900,-420,-4.51,8790,9250,1400-8-1,2021-10-23
290,وتوصا,گروه س توسعه صنعتي ايران,459,3492619,31462025850,9260,9320,9010,-250,-2.7,9010,-250,-2.7,8950,9320,1400-8-1,2021-10-23
291,شفارس,صنايع‌ شيميايي‌ فارس‌,457,12350013,17369869822,1477,1474,1404,-73,-4.94,1406,-71,-4.81,1404,1475,1400-8-1,2021-10-23
292,قنيشا,قند  نيشابور,457,894185,31866037770,37290,37260,35820,-1470,-3.94,35640,-1650,-4.42,35430,37290,1400-8-1,2021-10-23
293,وصنعت,سرمايه گذاري توسعه صنعت وتجارت,456,4292965,25419959000,6020,6110,5820,-200,-3.32,5920,-100,-1.66,5790,6170,1400-8-1,2021-10-23
294,فنورد,نوردوقطعات‌ فولادي‌,456,291660,52531150060,183170,182000,179970,-3200,-1.75,180110,-3060,-1.67,178590,188000,1400-8-1,2021-10-23
295,سكه0012پ01,تمام سكه طرح جديد0012رفاه,456,128300,150660282800,1160822,1170000,1183900,23078,1.99,1174281,13459,1.16,1168000,1183900,1400-8-1,2021-10-23
296,مرقام,ايران‌ارقام‌,455,2550005,33250758640,13630,13800,13200,-430,-3.15,13040,-590,-4.33,12950,13800,1400-8-1,2021-10-23
297,زدشت,كشت و صنعت دشت خرم دره,454,1136037,15272697536,13940,14299,13310,-630,-4.52,13444,-496,-3.56,13300,14300,1400-8-1,2021-10-23
298,خريخت,صنايع‌ريخته‌گري‌ايران‌,454,7290127,28941185389,4083,4083,4059,-24,-0.59,3970,-113,-2.77,3880,4135,1400-8-1,2021-10-23
299,ولصنم,ليزينگ‌صنعت‌ومعدن‌,454,2110925,10327550940,5060,5000,4810,-250,-4.94,4940,-120,-2.37,4810,5110,1400-8-1,2021-10-23
300,كسرام,پارس‌ سرام‌,452,5210663,20161520359,4035,4000,3860,-175,-4.34,3869,-166,-4.11,3834,4000,1400-8-1,2021-10-23
301,قثابت,قند ثابت‌ خراسان‌,446,7792602,19976610611,2677,2687,2544,-133,-4.97,2564,-113,-4.22,2544,2687,1400-8-1,2021-10-23
302,وصندوق,سرمايه‌گذاري‌صندوق‌بازنشستگي‌,445,5632227,108060346440,19910,19620,19010,-900,-4.52,19230,-680,-3.42,18920,19990,1400-8-1,2021-10-23
303,شكربن,كربن‌ ايران‌,445,321606,32046128420,104380,102500,99970,-4410,-4.22,99640,-4740,-4.54,99170,106010,1400-8-1,2021-10-23
304,ضخود1049,اختيارخ خودرو-1400-1400/10/08,444,21403,9622014000,501,550,440,-61,-12.18,450,-51,-10.18,431,550,1400-8-1,2021-10-23
305,غبهنوش,بهنوش‌ ايران‌,440,474136,25394701320,56120,55710,53340,-2780,-4.95,53560,-2560,-4.56,53320,56820,1400-8-1,2021-10-23
306,دروز,داروسازي‌ روزدارو,436,1466983,63158259400,45300,43040,43500,-1800,-3.97,43050,-2250,-4.97,43040,43950,1400-8-1,2021-10-23
307,دتوليد,داروسازي توليد دارو,430,1772143,19248170675,11390,10823,10821,-569,-5,10862,-528,-4.64,10821,11180,1400-8-1,2021-10-23
308,آكورد,صندوق س. آرمان آتي كوثر-د,429,7626605,265468834525,34756,34813,34813,57,0.16,34808,52,0.15,34807,34814,1400-8-1,2021-10-23
309,كرماشا,صنايع پتروشيمي كرمانشاه,428,2438319,121234189800,52330,49720,49720,-2610,-4.99,49720,-2610,-4.99,49720,50400,1400-8-1,2021-10-23
310,ولقمان,سرمايه گذاري لقمان,425,2742611,11614957585,4112,4235,4235,123,2.99,4235,123,2.99,4235,4235,1400-8-1,2021-10-23
311,كروي,توسعه‌ معادن‌ روي‌ ايران‌,425,1925915,50478101010,27570,27260,26200,-1370,-4.97,26210,-1360,-4.93,26200,27260,1400-8-1,2021-10-23
312,دتوزيع,توزيع دارو پخش,425,1452005,46721214196,33764,33000,32076,-1688,-5,32177,-1587,-4.7,32076,33765,1400-8-1,2021-10-23
313,وتوكا,سرمايه‌گذاري‌توكافولاد(هلدينگ,422,3081525,26395453950,8800,8450,8610,-190,-2.16,8570,-230,-2.61,8410,8820,1400-8-1,2021-10-23
314,فلات,گروه صنايع معادن فلات ايرانيان,421,1962456,29532925954,14906,15100,15347,441,2.96,15049,143,0.96,14459,15353,1400-8-1,2021-10-23
315,سمگا,گروه سرمايه گذاري ميراث فرهنگي,416,3012543,34732826964,12000,12000,11400,-600,-5,11646,-354,-2.95,11400,12020,1400-8-1,2021-10-23
316,پدرخش,درخشان‌ تهران‌,412,892399,19864835910,23370,22690,22560,-810,-3.47,22260,-1110,-4.75,22210,22690,1400-8-1,2021-10-23
317,فگستر,گسترش صنايع روي ايرانيان,410,1342816,15877215488,12427,11830,11806,-621,-5,11824,-603,-4.85,11806,12211,1400-8-1,2021-10-23
318,ثاباد,توريستي ورفاهي آبادگران ايران,409,532088,24510476510,47280,47000,46140,-1140,-2.41,46060,-1220,-2.58,44920,48480,1400-8-1,2021-10-23
319,خكرمان,گروه اقتصادي كرمان خودرو,408,6844250,18170891845,2731,2656,2650,-81,-2.97,2655,-76,-2.78,2650,2700,1400-8-1,2021-10-23
320,انرژي3,سايراشخاص بورس انرژي,407,624667,52284627900,79720,83700,83700,3980,4.99,83170,3450,4.33,83700,83700,1400-8-1,2021-10-23
321,خپويش,سازه‌ پويش‌,406,301408,23826745020,81940,81940,77850,-4090,-4.99,79050,-2890,-3.53,77850,82980,1400-8-1,2021-10-23
322,سرچشمه,سرمايه گذاري مس سرچشمه,405,2722326,14021948778,5412,5257,5142,-270,-4.99,5155,-257,-4.75,5142,5277,1400-8-1,2021-10-23
323,حفاري,حفاري شمال,404,7628692,39669198400,5470,5200,5200,-270,-4.94,5200,-270,-4.94,5200,5200,1400-8-1,2021-10-23
324,مداران,داده‌پردازي‌ايران‌,404,905216,13096717000,14580,15200,14490,-90,-0.62,14480,-100,-0.69,13930,15280,1400-8-1,2021-10-23
325,زبينا,كشاورزي و دامپروري بينالود,402,8553160,18933784740,2301,2315,2186,-115,-5,2214,-87,-3.78,2186,2315,1400-8-1,2021-10-23
326,مدير,ص.س.مديريت ثروت ص.بازنشستگي-س,400,1428589,13429150823,9676,9800,9358,-318,-3.29,9400,-276,-2.85,9329,9800,1400-8-1,2021-10-23
327,وبوعلي,سرمايه‌گذاري‌بوعلي‌,399,4085804,15911612597,3999,4091,3854,-145,-3.63,3894,-105,-2.63,3826,4110,1400-8-1,2021-10-23
328,سباقر,سيمان باقران,398,2201517,38831221978,17195,17710,17580,385,2.24,17638,443,2.58,17250,17710,1400-8-1,2021-10-23
329,پارند2,صندوق س. پارند پايدار سپهر,398,39800000,39800000,10075,1,1,-10074,-99.99,1,-10074,-99.99,1,1,1400-8-1,2021-10-23
330,كامياب,صندوق س. كامياب آشنا-د,393,5646809,60654694128,10725,10745,10741,16,0.15,10741,16,0.15,10733,10745,1400-8-1,2021-10-23
331,سصوفي,سيمان‌ صوفيان‌,389,1133428,19118239760,17650,17090,16800,-850,-4.82,16870,-780,-4.42,16770,17640,1400-8-1,2021-10-23
332,اميد,تامين سرمايه اميد,389,9809020,60852487850,6240,6210,6200,-40,-0.64,6200,-40,-0.64,6200,6290,1400-8-1,2021-10-23
333,ورازي,بيمه رازي,389,12786952,28076047197,2294,2269,2180,-114,-4.97,2196,-98,-4.27,2180,2269,1400-8-1,2021-10-23
334,ودي,بيمه  دي,386,2963188,18758627342,6655,6655,6323,-332,-4.99,6331,-324,-4.87,6323,6500,1400-8-1,2021-10-23
335,فپنتا,سپنتا,385,59851,26641948030,467480,450080,450830,-16650,-3.56,445140,-22340,-4.78,444110,475000,1400-8-1,2021-10-23
336,زمگسا,كشاورزي‌ ودامپروي‌ مگسال‌,384,566945,10412379420,17980,18800,18420,440,2.45,18240,260,1.45,18100,18800,1400-8-1,2021-10-23
337,زكشت,كشاورزي مكانيزه اصفهان كشت,382,474437,9755813573,20963,21590,20260,-703,-3.35,20698,-265,-1.26,20220,21590,1400-8-1,2021-10-23
338,داوه,داروسازي آوه سينا,377,1004929,12580543004,13165,12525,12507,-658,-5,12595,-570,-4.33,12507,12789,1400-8-1,2021-10-23
339,زفكا,كشت و دامداري فكا,377,2004939,13696773325,7028,7249,6784,-244,-3.47,6843,-185,-2.63,6700,7249,1400-8-1,2021-10-23
340,سصفها,سيمان‌اصفهان‌,375,422292,17473813060,42790,43000,40660,-2130,-4.98,41380,-1410,-3.3,40660,43000,1400-8-1,2021-10-23
341,كحافظ,كاشي‌ وسراميك‌ حافظ‌,374,2849676,9932837312,3649,3521,3467,-182,-4.99,3536,-113,-3.1,3467,3635,1400-8-1,2021-10-23
342,ماديرا,صنايع ماديران,373,4505128,32545145672,7604,7224,7224,-380,-5,7224,-380,-5,7224,7230,1400-8-1,2021-10-23
343,غمينو,شركت صنايع غذايي مينو شرق,372,3452194,18059004871,5481,5320,5207,-274,-5,5231,-250,-4.56,5207,5450,1400-8-1,2021-10-23
344,والبر,سرمايه‌ گذاري‌ البرز(هلدينگ‌,371,1428828,12383106550,9050,8940,8650,-400,-4.42,8890,-160,-1.77,8610,8940,1400-8-1,2021-10-23
345,ثعمرا,عمران و توسعه شاهد,370,1753706,14040673622,8369,8201,7951,-418,-4.99,8014,-355,-4.24,7951,8400,1400-8-1,2021-10-23
346,خمحور,توليدمحورخودرو,365,8743848,24223899603,2914,2884,2769,-145,-4.98,2770,-144,-4.94,2769,2884,1400-8-1,2021-10-23
347,فسرب,ملي‌ سرب‌وروي‌ ايران‌,363,367059,28042907010,80190,79200,76190,-4000,-4.99,76400,-3790,-4.73,76190,80000,1400-8-1,2021-10-23
348,گنگين,اقتصادي نگين گردشگري ايرانيان,362,2716198,70079577636,25944,26000,25790,-154,-0.59,25801,-143,-0.55,24700,26746,1400-8-1,2021-10-23
349,رنيك,جنرال مكانيك,361,743539,9689060215,13594,13311,12971,-623,-4.58,13215,-379,-2.79,12940,13510,1400-8-1,2021-10-23
350,ريشمك,توليد و صادرات ريشمك,359,692458,20718511312,31279,31000,29716,-1563,-5,29920,-1359,-4.34,29716,31500,1400-8-1,2021-10-23
351,كترام,توليدي‌ كاشي‌ تكسرام‌,358,1242610,25512893390,21490,22250,20420,-1070,-4.98,20530,-960,-4.47,20420,22250,1400-8-1,2021-10-23
352,پرديس,سرمايه گذاري پرديس,357,2062239,10699473490,5360,5240,5190,-170,-3.17,5230,-130,-2.43,5100,5450,1400-8-1,2021-10-23
353,واميد,گروه مديريت سرمايه گذاري اميد,356,1559123,19905766860,12920,12500,12690,-230,-1.78,12890,-30,-0.23,12360,13150,1400-8-1,2021-10-23
354,ثمسكن,سرمايه‌گذاري‌ مسكن‌,354,4530496,18585508892,4295,4300,4081,-214,-4.98,4102,-193,-4.49,4081,4310,1400-8-1,2021-10-23
355,دفارا,داروسازي‌ فارابي‌,349,1083517,17601044950,16950,17200,16110,-840,-4.96,16240,-710,-4.19,16110,17200,1400-8-1,2021-10-23
356,لسرما,سرما آفرين‌,347,1047088,18722750880,18320,18700,17800,-520,-2.84,17880,-440,-2.4,17410,18700,1400-8-1,2021-10-23
357,شوينده,مديريت صنعت شوينده ت.ص.بهشهر,347,766629,15453299890,20990,20760,19970,-1020,-4.86,20160,-830,-3.95,19970,21600,1400-8-1,2021-10-23
358,قشكر,شكرشاهرود,345,6708071,19261502934,2967,2930,2830,-137,-4.62,2871,-96,-3.24,2820,3050,1400-8-1,2021-10-23
359,وساغربي,شركت س استان آذربايجان غربي,343,26983897,12279417685,477,456,454,-23,-4.82,468,-9,-1.89,454,463,1400-8-1,2021-10-23
360,وپترو,سرمايه‌گذاري صنايع پتروشيمي‌,342,2338296,27565247040,12370,12370,11760,-610,-4.93,11790,-580,-4.69,11760,12390,1400-8-1,2021-10-23
361,سخوز,سيمان خوزستان,341,2593133,61950803590,25030,24000,23790,-1240,-4.95,23890,-1140,-4.55,23780,24810,1400-8-1,2021-10-23
362,زشگزا,شير و گوشت زاگرس شهركرد,337,3773273,18602057095,5152,5210,4998,-154,-2.99,4930,-222,-4.31,4895,5210,1400-8-1,2021-10-23
363,لخزر,پارس‌ خزر,337,125917,18075449390,149660,143000,142210,-7450,-4.98,143550,-6110,-4.08,142180,150900,1400-8-1,2021-10-23
364,سامان,بانك سامان,334,4015150,28442010783,7191,7005,7100,-91,-1.27,7097,-94,-1.31,7000,7250,1400-8-1,2021-10-23
365,شدوص,دوده‌ صنعتي‌ پارس‌,332,786461,16458463260,21270,21980,20980,-290,-1.36,20930,-340,-1.6,20620,21980,1400-8-1,2021-10-23
366,تبرك,گروه كارخانجات صنعتي تبرك,330,2546092,22340618723,9203,8900,8743,-460,-5,8774,-429,-4.66,8743,9110,1400-8-1,2021-10-23
367,دامين,داروسازي‌ امين‌,329,2783584,7980367322,2998,3030,2849,-149,-4.97,2925,-73,-2.43,2849,3030,1400-8-1,2021-10-23
368,ارزش,صندوق س ارزش آفرين بيدار-سهام,329,1719409,16669170860,9990,9910,9710,-280,-2.8,9690,-300,-3,9640,9920,1400-8-1,2021-10-23
369,بالبر,كابل‌ البرز,326,480893,13963434350,30550,29030,29030,-1520,-4.98,29070,-1480,-4.84,29030,29850,1400-8-1,2021-10-23
370,كتوكا,توليدي و خدمات صنايع نسوز توكا,325,924978,13619925084,15318,15010,14553,-765,-4.99,14757,-561,-3.66,14553,15300,1400-8-1,2021-10-23
371,چافست,افست‌,324,1020097,10291037640,10500,10270,9980,-520,-4.95,10210,-290,-2.76,9980,10690,1400-8-1,2021-10-23
372,وكادو,تكادو,323,707700,12576466083,18315,18590,17775,-540,-2.95,17771,-544,-2.97,17766,18590,1400-8-1,2021-10-23
373,دبالك,مواد اوليه دارويي البرز بالك,322,1113519,9966243994,9391,9190,8922,-469,-4.99,9084,-307,-3.27,8922,9304,1400-8-1,2021-10-23
374,شراز,پالايش نفت شيراز,322,743652,92856147559,131436,124865,124865,-6571,-5,124865,-6571,-5,124865,125000,1400-8-1,2021-10-23
375,غمهرا,توليدي‌مهرام‌,322,474854,21800327020,48300,46520,45890,-2410,-4.99,45910,-2390,-4.95,45890,48390,1400-8-1,2021-10-23
376,بزاگرس,نيروگاه زاگرس كوثر,319,3545244,13794988757,4088,3950,3884,-204,-4.99,3898,-190,-4.65,3884,4100,1400-8-1,2021-10-23
377,وسگيلا,شركت س استان گيلان,319,19441158,8938504450,475,461,460,-15,-3.16,470,-5,-1.05,453,479,1400-8-1,2021-10-23
378,غگلستا,شير پاستوريزه پگاه گلستان,318,885771,9488997228,11251,11385,10689,-562,-5,10893,-358,-3.18,10689,11385,1400-8-1,2021-10-23
379,چفيبر,فيبر ايران‌,318,2126432,13876297250,6700,6530,6370,-330,-4.93,6530,-170,-2.54,6370,6860,1400-8-1,2021-10-23
380,غبشهر,صنعتي‌ بهشهر,318,602773,14844067240,25170,25600,24370,-800,-3.18,24900,-270,-1.07,24100,26140,1400-8-1,2021-10-23
381,بهپاك,صنعتي بهپاك,317,2673602,14527303583,5616,5614,5350,-266,-4.74,5434,-182,-3.24,5336,5657,1400-8-1,2021-10-23
382,پارسيان,بيمه پارسيان,315,3166154,32539436220,10790,11200,10260,-530,-4.91,10280,-510,-4.73,10260,11200,1400-8-1,2021-10-23
383,شپاكسا,پاكسان‌,315,1733949,30410059470,18040,18000,17530,-510,-2.83,17540,-500,-2.77,17150,18340,1400-8-1,2021-10-23
384,تصميم,صندوق س با درآمد ثابت تصميم,315,1871413,33237400005,17733,17758,17763,30,0.17,17761,28,0.16,17758,17763,1400-8-1,2021-10-23
385,ددام,داروسازي زاگرس فارمد پارس,314,698126,8447436600,12180,12720,12010,-170,-1.4,12130,-50,-0.41,11880,12720,1400-8-1,2021-10-23
386,غفارس,شير پاستوريزه پگاه فارس,314,2063471,15505742503,7906,7999,7511,-395,-5,7514,-392,-4.96,7511,7999,1400-8-1,2021-10-23
387,وشهر,بانك شهر,313,6419690,33940901030,5084,5287,5287,203,3.99,5287,203,3.99,5287,5287,1400-8-1,2021-10-23
388,ضخود1050,اختيارخ خودرو-1600-1400/10/08,312,15651,4868949000,355,310,310,-45,-12.68,311,-44,-12.39,300,330,1400-8-1,2021-10-23
389,سيمرغ,سيمرغ,311,2285066,45472813400,18960,19900,19900,940,4.96,19900,940,4.96,19900,19900,1400-8-1,2021-10-23
390,پارتا,مجتمع‌صنعتي‌آرتاويل‌تاير,308,1037076,27275061085,27020,27020,26210,-810,-3,26300,-720,-2.66,26210,27020,1400-8-1,2021-10-23
391,وهنر,گروه توسعه هنر ايران,307,3251122,12904667676,4069,4160,3947,-122,-3,3969,-100,-2.46,3947,4160,1400-8-1,2021-10-23
392,واتي,سرمايه‌ گذاري‌ آتيه‌ دماوند,307,1939725,20627966410,10970,10530,10430,-540,-4.92,10630,-340,-3.1,10430,10990,1400-8-1,2021-10-23
393,وتوس,توسعه‌شهري‌توس‌گستر,306,1964112,24675832540,13170,13560,12520,-650,-4.94,12560,-610,-4.63,12520,13560,1400-8-1,2021-10-23
394,پخش,پخش البرز,305,560526,13883873927,24796,24527,25509,713,2.88,24771,-25,-0.1,23774,25557,1400-8-1,2021-10-23
395,بنيرو,نيروترانس‌,304,5752974,11345803937,2069,2080,1968,-101,-4.88,1992,-77,-3.72,1966,2080,1400-8-1,2021-10-23
396,داريوش,صندوق س. ثروت داريوش -س,303,2410372,23596008634,9818,9821,9770,-48,-0.49,9789,-29,-0.3,9000,9840,1400-8-1,2021-10-23
397,افرا,افرانت,299,538928,10098986041,19646,19386,18664,-982,-5,19006,-640,-3.26,18664,19449,1400-8-1,2021-10-23
398,جم,پتروشيمي جم,297,1156495,57865724490,51160,50510,50400,-760,-1.49,50490,-670,-1.31,49400,51160,1400-8-1,2021-10-23
399,وسبحان,سرمايه گذاري سبحان,297,10996327,30505386010,2853,2730,2771,-82,-2.87,2774,-79,-2.77,2730,2879,1400-8-1,2021-10-23
400,لبوتان,گروه‌صنعتي‌بوتان‌,296,255381,11940783570,49140,46810,46690,-2450,-4.99,47150,-1990,-4.05,46690,48830,1400-8-1,2021-10-23
401,چكاوه,صنايع‌كاغذسازي‌كاوه‌,296,1021376,12552390140,12720,13050,12090,-630,-4.95,12350,-370,-2.91,12090,13050,1400-8-1,2021-10-23
402,درهآور,دارويي ره آورد تامين,296,370132,8981977764,24462,25540,23900,-562,-2.3,24344,-118,-0.48,23730,25540,1400-8-1,2021-10-23
403,دكپسولح,ح .توليد ژلاتين كپسول ايران,296,3120973,88050792906,27355,28722,28200,845,3.09,28213,858,3.14,28100,28722,1400-8-1,2021-10-23
404,شكلر,نيروكلر,296,439723,12444209810,29320,29000,28480,-840,-2.86,28440,-880,-3,28000,29300,1400-8-1,2021-10-23
405,سپيدما,صندوق س. سپيد دماوند-د,294,13781222,155183235710,11249,11261,11260,11,0.1,11260,11,0.1,11260,11261,1400-8-1,2021-10-23
406,شلعاب,لعابيران‌,292,3061938,20274569050,6950,6640,6610,-340,-4.89,6620,-330,-4.75,6610,6780,1400-8-1,2021-10-23
407,خراسان,پتروشيمي خراسان,291,546446,57273477160,110250,106000,104740,-5510,-5,106100,-4150,-3.76,104740,109400,1400-8-1,2021-10-23
408,وخاور,بانك خاورميانه,290,4780260,25032578280,5500,5380,5230,-270,-4.91,5370,-130,-2.36,5230,5410,1400-8-1,2021-10-23
409,خصدرا,صنعتي‌ دريايي‌ ايران‌,288,7860464,22049192213,2885,2800,2799,-86,-2.98,2825,-60,-2.08,2799,2880,1400-8-1,2021-10-23
410,وارس,سرمايه گذاري ارس صبا,287,1907925,22340098456,11702,12053,11706,4,0.03,11709,7,0.06,11351,12053,1400-8-1,2021-10-23
411,كپشير,پشم‌شيشه‌ايران‌,287,1009487,14673241440,15230,15220,14470,-760,-4.99,14540,-690,-4.53,14470,15220,1400-8-1,2021-10-23
412,دكوثر,داروسازي‌ كوثر,286,2354863,8722111633,3884,3874,3690,-194,-4.99,3774,-110,-2.83,3690,3874,1400-8-1,2021-10-23
413,فرآور,فرآوري‌موادمعدني‌ايران‌,285,774472,23442740050,31700,32000,30120,-1580,-4.98,30270,-1430,-4.51,30120,32000,1400-8-1,2021-10-23
414,لوتوس,تامين سرمايه لوتوس پارسيان,285,2074152,11374601040,5590,5490,5530,-60,-1.07,5550,-40,-0.72,5350,5780,1400-8-1,2021-10-23
415,تسه9909,امتياز تسهيلات مسكن آذر99,281,36336,25180603453,708970,690000,743999,35029,4.94,692993,-15977,-2.25,682222,744417,1400-8-1,2021-10-23
416,ولبهمن,شركت بهمن ليزينگ,280,2283160,14451784559,6435,6679,6375,-60,-0.93,6332,-103,-1.6,6114,6679,1400-8-1,2021-10-23
417,كاريس,صندوق س.سپهر كاريزما-س,279,1344211,18187115406,13953,13820,13524,-429,-3.07,13530,-423,-3.03,13450,13880,1400-8-1,2021-10-23
418,زماهان,مجتمع توليد گوشت مرغ ماهان,275,1005914,7792334518,8120,7920,7714,-406,-5,7917,-203,-2.5,7714,8100,1400-8-1,2021-10-23
419,نمرينو,ايران‌ مرينوس‌,270,117821,11156311560,98590,95000,93770,-4820,-4.89,95570,-3020,-3.06,93670,100300,1400-8-1,2021-10-23
420,كاردان,صندوق س تجارت شاخصي كاردان,270,142935,27832576690,198630,199350,195000,-3630,-1.83,194720,-3910,-1.97,193010,199350,1400-8-1,2021-10-23
421,غگرجي,بيسكويت‌  گرجي‌,269,6592259,14665779704,2339,2330,2223,-116,-4.96,2225,-114,-4.87,2223,2330,1400-8-1,2021-10-23
422,شاراك,پتروشيمي شازند,268,1386620,68568359000,52050,49450,49450,-2600,-5,50170,-1880,-3.61,49450,49450,1400-8-1,2021-10-23
423,درازك,دارويي‌ رازك‌,268,405047,15228334380,39070,37900,37930,-1140,-2.92,37600,-1470,-3.76,37120,39000,1400-8-1,2021-10-23
424,دعبيد,لابراتوارداروسازي‌  دكترعبيدي‌,268,1032384,22404664910,22600,22290,21500,-1100,-4.87,22080,-520,-2.3,21500,22290,1400-8-1,2021-10-23
425,ثتران,سرمايه گذاري مسكن تهران,267,2774248,13063933832,4956,4709,4709,-247,-4.98,4730,-226,-4.56,4709,4709,1400-8-1,2021-10-23
426,ثزاگرس,سرمايه گذاري توسعه عمران زاگرس,265,405460,15657646657,40284,38310,38270,-2014,-5,38617,-1667,-4.14,38270,39960,1400-8-1,2021-10-23
427,كفرا,فراورده‌ هاي‌ نسوزايران‌,265,686625,12320746480,18810,17970,17870,-940,-5,18060,-750,-3.99,17870,18630,1400-8-1,2021-10-23
428,اتكام,بيمه اتكايي امين,264,3230071,11458970487,3546,3560,3564,18,0.51,3547,1,0.03,3400,3606,1400-8-1,2021-10-23
429,زعف0008پ11,زعفران0008نگين سحرخيز(پ),264,41529,6656673325,158086,160000,162892,4806,3.04,160290,2204,1.39,151745,164297,1400-8-1,2021-10-23
430,دابور,داروسازي‌ ابوريحان‌,264,454923,11958686250,27420,27500,26080,-1340,-4.89,26480,-940,-3.43,26050,27510,1400-8-1,2021-10-23
431,ثباغ,شهر سازي و خانه سازي باغميشه,262,1282537,12265646447,10063,9616,9560,-503,-5,9633,-430,-4.27,9560,9960,1400-8-1,2021-10-23
432,سفار,سيمان‌فارس‌,261,199042,12015885680,63500,60340,60330,-3170,-4.99,60860,-2640,-4.16,60330,62000,1400-8-1,2021-10-23
433,عيار,صندوق سكه طلاي مفيد,259,361194,10712505081,29353,29372,29760,407,1.39,29659,306,1.04,29372,29764,1400-8-1,2021-10-23
434,ضسپا8042,اختيارخ خساپا-1800-1400/08/26,257,13512,334913000,41,27,22,-19,-46.34,25,-16,-39.02,20,40,1400-8-1,2021-10-23
435,بمپنا,توليد برق عسلويه  مپنا,256,1877564,10130048990,5650,5595,5368,-282,-4.99,5495,-155,-2.74,5368,5758,1400-8-1,2021-10-23
436,كفپارس,فرآورده‌هاي‌ نسوز پارس‌,254,3220191,11740316508,3832,3650,3641,-191,-4.98,3679,-153,-3.99,3641,3778,1400-8-1,2021-10-23
437,حپترو,حمل و نقل پتروشيمي( سهامي عام,254,299894,6740952770,23300,23870,22300,-1000,-4.29,22920,-380,-1.63,22230,23870,1400-8-1,2021-10-23
438,ثغرب,شركت سرمايه گذاري مسكن شمالغرب,251,2171538,9419801878,4499,4649,4275,-224,-4.98,4394,-105,-2.33,4275,4649,1400-8-1,2021-10-23
439,بموتو,موتوژن‌,251,185863,13655779100,75240,73150,74390,-850,-1.13,74030,-1210,-1.61,72520,74500,1400-8-1,2021-10-23
440,كگهر,سنگ آهن گهرزمين,248,347163,14986734310,44830,43222,43050,-1780,-3.97,44615,-215,-0.48,43040,44800,1400-8-1,2021-10-23
441,فوكا,فولاد كاويان,248,2330624,34066173457,15055,14720,14850,-205,-1.36,14628,-427,-2.84,14604,15000,1400-8-1,2021-10-23
442,فخاس,فولاد خراسان,244,1038339,25976629340,25990,25990,24830,-1160,-4.46,25730,-260,-1,24700,27050,1400-8-1,2021-10-23
443,هجرت,پخش هجرت,240,1149729,36165064197,33064,32400,31879,-1185,-3.58,31455,-1609,-4.87,31411,32400,1400-8-1,2021-10-23
444,دشيمي,شيمي‌ داروئي‌ داروپخش‌,240,479229,11700221450,24550,24510,24010,-540,-2.2,24440,-110,-0.45,23860,24990,1400-8-1,2021-10-23
445,شيراز,پتروشيمي‌شيراز,238,1293548,111064031280,90370,85860,85860,-4510,-4.99,85860,-4510,-4.99,85860,85860,1400-8-1,2021-10-23
446,غويتا,ويتانا,237,1097096,6092025927,5814,5650,5524,-290,-4.99,5703,-111,-1.91,5524,5660,1400-8-1,2021-10-23
447,خموتور,موتورسازان‌تراكتورسازي‌ايران‌,236,2134184,26421197920,13030,12380,12380,-650,-4.99,12380,-650,-4.99,12380,12380,1400-8-1,2021-10-23
448,وگستر,گسترش سرمايه گذاري ايرانيان,226,1951475,16882286978,9106,8651,8651,-455,-5,8651,-455,-5,8651,8653,1400-8-1,2021-10-23
449,آوا,صندوق س.سهام آواي معيار-س,226,1441378,11391573452,8005,8109,7860,-145,-1.81,7903,-102,-1.27,7851,8109,1400-8-1,2021-10-23
450,ثنوسا,نوسازي‌وساختمان‌تهران‌,225,2543209,17109735030,7060,7110,6710,-350,-4.96,6730,-330,-4.67,6710,7110,1400-8-1,2021-10-23
451,كپرور,فرآوري زغال سنگ پروده طبس,225,456831,15132975795,33795,34800,32900,-895,-2.65,33126,-669,-1.98,32150,34800,1400-8-1,2021-10-23
452,ضسپا8044,اختيارخ خساپا-2500-1400/08/26,222,10786,12962000,4,6,2,-2,-50,1,-3,-75,1,6,1400-8-1,2021-10-23
453,لپارس,پارس‌ الكتريك‌,222,121634,17851005840,154480,146760,146760,-7720,-5,146760,-7720,-5,146760,146760,1400-8-1,2021-10-23
454,دسبحان,سبحان دارو,222,568536,8888299870,16250,16250,15920,-330,-2.03,15870,-380,-2.34,15440,16250,1400-8-1,2021-10-23
455,بساما,بيمه سامان,221,660652,15689646107,23819,23342,23898,79,0.33,23763,-56,-0.24,22800,24068,1400-8-1,2021-10-23
456,لوتوسح,ح . تامين سرمايه لوتوس پارسيان,219,1619979,6769782470,4190,4130,4220,30,0.72,4180,-10,-0.24,4050,4250,1400-8-1,2021-10-23
457,وبشهر,توسعه‌ صنايع‌ بهشهر(هلدينگ,219,1455252,18729513770,13220,13040,13000,-220,-1.66,13070,-150,-1.13,12580,13220,1400-8-1,2021-10-23
458,ثرود,سرمايه‌گذاري مسكن زاينده رود,216,1135565,9584009906,8876,8487,8433,-443,-4.99,8583,-293,-3.3,8433,8895,1400-8-1,2021-10-23
459,سخزر,سيمان‌ خزر,216,686349,15479452850,23320,23320,22300,-1020,-4.37,22550,-770,-3.3,22180,23990,1400-8-1,2021-10-23
460,تكنو,تكنوتار,213,1084927,10835667080,10470,10490,10080,-390,-3.72,10100,-370,-3.53,9950,10490,1400-8-1,2021-10-23
461,خديزل,بهمن  ديزل,213,223127,11007521024,51369,50100,48801,-2568,-5,50233,-1136,-2.21,48801,51999,1400-8-1,2021-10-23
462,ساراب,سيمان‌ داراب‌,212,516367,9120320020,17660,17480,17600,-60,-0.34,17660,0,0,17480,18250,1400-8-1,2021-10-23
463,حتوكا,حمل‌ونقل‌توكا,212,555216,7462213740,14060,14090,13360,-700,-4.98,13740,-320,-2.28,13360,14090,1400-8-1,2021-10-23
464,زرين,صندوق س. سهام زرين كوروش-س,212,905236,11903952824,13531,13628,13041,-490,-3.62,13150,-381,-2.82,12990,13628,1400-8-1,2021-10-23
465,كقزوي,شيشه‌ قزوين‌,211,2437568,20314691712,8092,8334,8334,242,2.99,8334,242,2.99,8334,8334,1400-8-1,2021-10-23
466,شخارك,پتروشيمي‌ خارك‌,211,641657,39660819170,65060,61810,61810,-3250,-5,63700,-1360,-2.09,61810,61810,1400-8-1,2021-10-23
467,تسه0007,امتيازتسهيلات مسكن مهر1400,211,14686,10241737569,701684,728000,734948,33264,4.74,697381,-4303,-0.61,686111,734995,1400-8-1,2021-10-23
468,دحاوي,الحاوي,211,1653721,8227556011,5104,5100,4951,-153,-3,4995,-109,-2.14,4951,5150,1400-8-1,2021-10-23
469,سيدكو,سرمايه گذاري توسعه صنايع سيمان,208,1316065,8001817420,6290,6390,6000,-290,-4.61,6170,-120,-1.91,5980,6390,1400-8-1,2021-10-23
470,ومعلم,بيمه معلم,207,3387710,9190918178,2855,2713,2713,-142,-4.97,2763,-92,-3.22,2713,2717,1400-8-1,2021-10-23
471,كمنگنز,معادن‌منگنزايران‌,206,97440,6610361160,69090,68010,68000,-1090,-1.58,68530,-560,-0.81,67000,68180,1400-8-1,2021-10-23
472,قاسم,قاسم ايران,205,2163361,8840284658,4291,4400,4077,-214,-4.99,4164,-127,-2.96,4077,4400,1400-8-1,2021-10-23
473,فاهواز,نورد و لوله اهواز,203,2181664,13512473168,6318,6390,6192,-126,-1.99,6198,-120,-1.9,6192,6390,1400-8-1,2021-10-23
474,وآوا,سرمايه گذاري آوا نوين,203,2983141,10302448917,3627,3451,3446,-181,-4.99,3502,-125,-3.45,3446,3550,1400-8-1,2021-10-23
475,زگلدشت,كشت و دام گلدشت نمونه اصفهان,200,1162181,10684241903,9662,9872,9195,-467,-4.83,9311,-351,-3.63,9179,9872,1400-8-1,2021-10-23
476,شگل,گلتاش‌,200,1005515,6831119260,7060,7020,6890,-170,-2.41,6930,-130,-1.84,6710,7180,1400-8-1,2021-10-23
477,فلامي,لاميران‌,200,562835,9964399060,18530,18500,17610,-920,-4.96,17960,-570,-3.08,17610,18500,1400-8-1,2021-10-23
478,امين يكم2,صندوق درآمد ثابت امين يكم فردا,199,199000000,199000000,10152,1,1,-10151,-99.99,1,-10151,-99.99,1,1,1400-8-1,2021-10-23
479,خكار,ايركا پارت صنعت,199,2092963,11174707430,5610,5590,5330,-280,-4.99,5400,-210,-3.74,5330,5590,1400-8-1,2021-10-23
480,سكرد,سيمان كردستان,198,742853,3999106990,5650,5660,5370,-280,-4.96,5580,-70,-1.24,5370,5660,1400-8-1,2021-10-23
481,غدام,خوراك‌  دام‌ پارس‌,198,64669,9062713660,147510,140140,140140,-7370,-5,142820,-4690,-3.18,140140,140140,1400-8-1,2021-10-23
482,وتعاونح,ح . بيمه  تعاون,198,16286712,9039125160,572,555,555,-17,-2.97,555,-17,-2.97,555,555,1400-8-1,2021-10-23
483,سقاين,سيمان‌ قائن‌,197,227824,11823033500,54270,54850,52000,-2270,-4.18,52310,-1960,-3.61,51560,54850,1400-8-1,2021-10-23
484,پاسا,ايران‌ياساتايرورابر,197,1146218,20045771690,18390,17580,17480,-910,-4.95,17490,-900,-4.89,17480,18240,1400-8-1,2021-10-23
485,نهال,صندوق س. طلاي سرخ نوويرا,196,736549,8598611699,11523,11638,11650,127,1.1,11674,151,1.31,11380,11830,1400-8-1,2021-10-23
486,شاملا,معدني‌ املاح‌  ايران‌,195,495684,15641765610,33190,32450,31540,-1650,-4.97,31560,-1630,-4.91,31540,32450,1400-8-1,2021-10-23
487,بنو,بيمه تجارت نو,195,1100440,11298654636,10624,10624,10093,-531,-5,10460,-164,-1.54,10093,10624,1400-8-1,2021-10-23
488,كاذر,فرآورده‌هاي‌نسوزآذر,193,849236,10953847220,13560,13060,12890,-670,-4.94,13050,-510,-3.76,12890,13400,1400-8-1,2021-10-23
489,سيستم,همكاران سيستم,193,1315228,7368876440,5690,5590,5700,10,0.18,5660,-30,-0.53,5510,5860,1400-8-1,2021-10-23
490,فاما,صنعتي‌ آما,192,540335,8931580650,16990,16480,16670,-320,-1.88,16710,-280,-1.65,16310,17300,1400-8-1,2021-10-23
491,پرداخت,به پرداخت ملت,191,365573,5095725370,14210,14490,13800,-410,-2.89,14130,-80,-0.56,13610,14490,1400-8-1,2021-10-23
492,غشهد,شهد ايران ‌,190,1682316,7334495466,4584,4371,4355,-229,-5,4469,-115,-2.51,4355,4490,1400-8-1,2021-10-23
493,تسه9912,امتياز تسهيلات مسكن اسفند99,188,21458,14983833347,711149,680066,746703,35554,5,698287,-12862,-1.81,680066,746703,1400-8-1,2021-10-23
494,گوهر,صندوق سكه طلاي كيان,188,79528,4636042797,57984,57401,58256,272,0.47,58294,310,0.53,57401,58746,1400-8-1,2021-10-23
495,وحافظح,ح . بيمه حافظ,188,2548304,9339424982,3762,3670,3680,-82,-2.18,3665,-97,-2.58,3650,3790,1400-8-1,2021-10-23
496,سدبير,س. تدبيرگران فارس وخوزستان,188,352095,11985703917,35743,35980,33956,-1787,-5,34315,-1428,-4,33956,35980,1400-8-1,2021-10-23
497,ضشنا8004,اختيارخ شپنا-10800-1400/08/16,187,2613,1524453000,1331,1250,650,-681,-51.16,583,-748,-56.2,423,1250,1400-8-1,2021-10-23
498,دبالكح,ح.مواد اوليه دارويي البرز بالك,185,383107,2504637654,6865,6713,6522,-343,-5,6538,-327,-4.76,6522,6713,1400-8-1,2021-10-23
499,لابسا,آبسال‌,184,346030,11147276100,33310,32660,32340,-970,-2.91,32470,-840,-2.52,31900,32770,1400-8-1,2021-10-23
500,كطبس,ذغال‌سنگ‌ نگين‌ ط‌بس‌,181,412440,22822261500,57560,57610,54690,-2870,-4.99,55330,-2230,-3.87,54690,59340,1400-8-1,2021-10-23
501,تمحركه,ماشين سازي نيرو محركه,179,1961720,41178464520,19992,20991,20991,999,5,20991,999,5,20991,20991,1400-8-1,2021-10-23
502,وصنا,گروه‌صنايع‌بهشهرايران‌,178,1419748,9713392990,7170,7000,6820,-350,-4.88,6950,-220,-3.07,6820,7140,1400-8-1,2021-10-23
503,تكشا,گسترش‌صنايع‌وخدمات‌كشاورزي‌,177,332936,13664309700,42900,42550,40760,-2140,-4.99,41130,-1770,-4.13,40760,43280,1400-8-1,2021-10-23
504,ولتجار,واسپاري تجارت وسرمايه ايرانيان,177,4050697,14388564344,3491,3555,3595,104,2.98,3552,61,1.75,3387,3595,1400-8-1,2021-10-23
505,حخزر,كشتيراني درياي خزر,177,371605,7229001128,19290,19590,18704,-586,-3.04,19368,78,0.4,18551,20250,1400-8-1,2021-10-23
506,وآرين,شركت توسعه اقتصادي آرين,176,2779991,6363345605,2358,2289,2288,-70,-2.97,2313,-45,-1.91,2288,2370,1400-8-1,2021-10-23
507,تماوند,تامين سرمايه دماوند,176,3950951,23704701138,6178,6260,6011,-167,-2.7,6000,-178,-2.88,5993,6265,1400-8-1,2021-10-23
508,كخاك,صنايع‌خاك‌چيني‌ايران‌,176,242613,6499687430,27270,27000,26910,-360,-1.32,27080,-190,-0.7,26300,27790,1400-8-1,2021-10-23
509,قمرو,قند مرودشت‌,175,378262,9615027320,26660,25670,25400,-1260,-4.73,25830,-830,-3.11,25330,27450,1400-8-1,2021-10-23
510,خچرخش,چرخشگر,175,1417488,13398416360,9940,9670,9450,-490,-4.93,9480,-460,-4.63,9450,9670,1400-8-1,2021-10-23
511,زر,صندوق س.پشتوانه سكه طلاي زر,175,85924,4358396034,50192,50007,51001,809,1.61,50724,532,1.06,50007,51050,1400-8-1,2021-10-23
512,سفاسي,شركت فارسيت اهواز,174,1881449,7881258146,4307,4307,4178,-129,-3,4211,-96,-2.23,4178,4307,1400-8-1,2021-10-23
513,وثخوز,سرمايه گذاري و توسعه خوزستان,174,321970,9863010085,32173,30740,30565,-1608,-5,30633,-1540,-4.79,30565,31000,1400-8-1,2021-10-23
514,تكمبا,كمباين‌ سازي‌ ايران‌,171,2306573,10013653158,4554,4443,4327,-227,-4.98,4405,-149,-3.27,4327,4443,1400-8-1,2021-10-23
515,ما,بيمه  ما,171,1443581,9223607690,6580,6420,6450,-130,-1.98,6460,-120,-1.82,6270,6580,1400-8-1,2021-10-23
516,داسوه,داروسازي‌ اسوه‌,171,285094,6897503120,24010,24980,24130,120,0.5,24090,80,0.33,23860,24980,1400-8-1,2021-10-23
517,ثشرق,سرمايه گذاري مسكن شمال شرق,171,2800523,11854968296,4453,4452,4231,-222,-4.99,4270,-183,-4.11,4231,4452,1400-8-1,2021-10-23
518,كساپا,سايپاشيشه‌,169,254183,4656170620,19180,19000,18230,-950,-4.95,18900,-280,-1.46,18230,19000,1400-8-1,2021-10-23
519,وثوق,سرمايه گذاري وثوق امين,169,791102,10350778568,12703,13084,13084,381,3,13084,381,3,13084,13084,1400-8-1,2021-10-23
520,كمينا,شيشه سازي مينا,169,2228001,22447786851,10386,10080,10075,-311,-2.99,10075,-311,-2.99,10075,10299,1400-8-1,2021-10-23
521,سكرما,سيمان‌ كرمان‌,168,347181,5131574970,15000,15280,14850,-150,-1,14920,-80,-0.53,14260,15280,1400-8-1,2021-10-23
522,ساينا,صنايع بهداشتي ساينا,166,57377,6098389390,111647,106450,106065,-5582,-5,109358,-2289,-2.05,106065,112000,1400-8-1,2021-10-23
523,سبجنو,سيمان‌ بجنورد,165,145557,5347860960,35970,37040,36320,350,0.97,36240,270,0.75,36180,37600,1400-8-1,2021-10-23
524,رتكو,كنترل‌خوردگي‌تكين‌كو,164,883134,8278605970,9840,10000,9350,-490,-4.98,9570,-270,-2.74,9350,10000,1400-8-1,2021-10-23
525,ختراك,ريخته‌گري‌ تراكتورسازي‌ ايران‌,164,846025,10456146930,12880,12630,12240,-640,-4.97,12500,-380,-2.95,12240,12800,1400-8-1,2021-10-23
526,ضسپا8041,اختيارخ خساپا-1600-1400/08/26,164,5927,551420000,129,101,89,-40,-31.01,93,-36,-27.91,80,108,1400-8-1,2021-10-23
527,حپارسا,توسعه حمل و نقل ريلي پارسيان,163,400509,13996893023,36774,35056,34936,-1838,-5,34981,-1793,-4.88,34936,35890,1400-8-1,2021-10-23
528,مفاخر,توسعه فناوري اطلاعات خوارزمي,162,219820,6997213535,33360,32015,31692,-1668,-5,32613,-747,-2.24,31692,33410,1400-8-1,2021-10-23
529,حآسا,آسيا سير ارس,162,480246,7182171198,15675,15658,14892,-783,-5,15314,-361,-2.3,14892,15658,1400-8-1,2021-10-23
530,نوين,بيمه نوين,162,1595730,7198338030,4748,4511,4511,-237,-4.99,4628,-120,-2.53,4511,4511,1400-8-1,2021-10-23
531,شكبير,پتروشيمي اميركبير,162,88915,8617042036,99557,100010,97500,-2057,-2.07,99323,-234,-0.24,96571,100010,1400-8-1,2021-10-23
532,واعتبار,سرمايه گذاري اعتبار ايران,160,810263,5367032880,6800,6710,6730,-70,-1.03,6740,-60,-0.88,6500,6750,1400-8-1,2021-10-23
533,وتوسم,سرمايه‌گذاري‌توسعه‌ملي‌,160,891611,6819789340,7760,7750,7450,-310,-3.99,7710,-50,-0.64,7450,7750,1400-8-1,2021-10-23
534,فن آوا,گروه فن آوا,159,1093494,23132640421,21102,20500,21310,208,0.99,21155,53,0.25,20469,21730,1400-8-1,2021-10-23
535,دزهراويح,ح . ‌داروسازي‌زهراوي‌,158,4453784,16069009360,3913,3800,3620,-293,-7.49,3608,-305,-7.79,3600,3800,1400-8-1,2021-10-23
536,گوهران,سرمايه گذاري توسعه گوهران اميد,158,941838,4631871307,4953,5071,4840,-113,-2.28,4942,-11,-0.22,4820,5071,1400-8-1,2021-10-23
537,شفا,سرمايه گذاري شفادارو,158,145472,5173244760,36070,35550,36080,10,0.03,35910,-160,-0.44,34270,36560,1400-8-1,2021-10-23
538,ضخود1054,اختيارخ خودرو-3000-1400/10/08,157,7056,104608000,22,19,16,-6,-27.27,15,-7,-31.82,14,19,1400-8-1,2021-10-23
539,تسه0006,امتيازتسهيلات مسكن شهريور1400,157,15192,11064508932,701684,710000,673617,-28067,-4,728312,26628,3.79,673617,730000,1400-8-1,2021-10-23
540,مارون,پتروشيمي مارون,157,35158,6328730213,184999,184498,180990,-4009,-2.17,184674,-325,-0.18,178990,184498,1400-8-1,2021-10-23
541,كشرق,صنعتي و معدني شمال شرق شاهرود,156,77986,5954297571,78974,77658,76650,-2324,-2.94,77897,-1077,-1.36,75501,77660,1400-8-1,2021-10-23
542,خكاوه,سايپا ديزل,155,2073654,7044202638,3299,3397,3397,98,2.97,3366,67,2.03,3397,3397,1400-8-1,2021-10-23
543,ثامان,سامان‌ گستراصفهان‌,155,480519,4571706960,9800,9970,9380,-420,-4.29,9710,-90,-0.92,9320,9970,1400-8-1,2021-10-23
544,شلرد,كود شيميايي اوره لردگان,153,2735998,28175307404,10616,10298,10298,-318,-3,10374,-242,-2.28,10298,10298,1400-8-1,2021-10-23
545,غپآذر,شير پگاه آذربايجان شرقي,153,148045,5886880786,41360,40000,39300,-2060,-4.98,40709,-651,-1.57,39292,41650,1400-8-1,2021-10-23
546,قشهد,شهد,153,868112,12157514540,14070,14220,14060,-10,-0.07,14020,-50,-0.36,13650,14220,1400-8-1,2021-10-23
547,سشمال,سيمان‌ شمال‌,153,1052695,8699826940,8470,8340,8340,-130,-1.53,8350,-120,-1.42,8050,8590,1400-8-1,2021-10-23
548,غالبر,لبنيات‌ كالبر,151,735994,7275783120,10390,10000,9880,-510,-4.91,10130,-260,-2.5,9880,10000,1400-8-1,2021-10-23
549,آساميد,صندوق س.مشترك آسمان اميد -د,150,1572370,20831584131,13226,13250,13247,21,0.16,13249,23,0.17,13243,13257,1400-8-1,2021-10-23
550,اخزا910,اسنادخزانه-م10بودجه99-020807,150,199899,129354886222,645311,644990,648000,2689,0.42,647101,1790,0.28,643701,649460,1400-8-1,2021-10-23
551,كي بي سي,شركت كي بي سي,150,296367,5343224894,18895,18500,17960,-935,-4.95,18572,-323,-1.71,17951,18500,1400-8-1,2021-10-23
552,ثپرديس,سرمايه گذاري مسكن پرديس,149,3532946,17796638935,5297,5111,5033,-264,-4.98,5037,-260,-4.91,5033,5200,1400-8-1,2021-10-23
553,اخزا914,اسنادخزانه-م14بودجه99-021025,149,186759,115034304587,616120,615471,618000,1880,0.31,615950,-170,-0.03,606703,618200,1400-8-1,2021-10-23
554,كساوه,صنايع‌ كاشي‌ و سراميك‌ سينا,148,183008,8531137050,49050,46610,46600,-2450,-4.99,47590,-1460,-2.98,46600,47000,1400-8-1,2021-10-23
555,تايرا,تراكتورسازي‌ايران‌,148,304830,7217760070,24840,23920,23600,-1240,-4.99,24560,-280,-1.13,23600,23920,1400-8-1,2021-10-23
556,وبهمن,سرمايه‌گذاري‌بهمن‌,145,595077,9516610300,16510,15920,16470,-40,-0.24,16230,-280,-1.7,15690,16970,1400-8-1,2021-10-23
557,ضملت8042,اختيارخ وبملت-3934-1400/08/19,145,6933,67667000,39,7,10,-29,-74.36,10,-29,-74.36,7,11,1400-8-1,2021-10-23
558,وزمين,بانك ايران زمين,144,4556823,44523596640,9711,9770,9770,59,0.61,9771,60,0.62,9710,9990,1400-8-1,2021-10-23
559,دالبر,البرزدارو,144,525270,7468673450,14310,14110,14360,50,0.35,14270,-40,-0.28,13900,14500,1400-8-1,2021-10-23
560,بسويچ,پارس‌سويچ‌,143,233412,4043304090,18120,17580,17220,-900,-4.97,17900,-220,-1.21,17220,18390,1400-8-1,2021-10-23
561,پسهند,صنايع‌ لاستيكي‌  سهند,141,453156,11149070530,25870,25000,24580,-1290,-4.99,24880,-990,-3.83,24580,25650,1400-8-1,2021-10-23
562,دسينا,داروسازي‌ سينا,140,316278,5974638770,19220,19990,18700,-520,-2.71,19090,-130,-0.68,18700,19990,1400-8-1,2021-10-23
563,اخزا006,اسنادخزانه-م6بودجه00-030723,139,432082,225782466112,520308,524140,524484,4176,0.8,522545,2237,0.43,519401,524497,1400-8-1,2021-10-23
564,دسبحا,گروه دارويي سبحان,138,492110,9041209980,19300,18530,18660,-640,-3.32,18950,-350,-1.81,18340,18980,1400-8-1,2021-10-23
565,ولشرق,ليزينگ ايران و شرق,135,791540,3553387480,4715,4590,4480,-235,-4.98,4659,-56,-1.19,4480,4600,1400-8-1,2021-10-23
566,غگلپا,شير پاستوريزه پگاه گلپايگان,135,194470,12123666924,65477,63500,62204,-3273,-5,62816,-2661,-4.06,62204,63510,1400-8-1,2021-10-23
567,پلاسك,پلاسكوكار,135,773969,4129229150,5580,5740,5310,-270,-4.84,5510,-70,-1.25,5310,5740,1400-8-1,2021-10-23
568,سپاس,صندوق س. پاداش سهامداري-ثابت,133,2504313,25278160363,10073,10093,10093,20,0.2,10094,21,0.21,10093,10097,1400-8-1,2021-10-23
569,خوساز,محورسازان‌ايران‌خودرو,132,1565817,11106548210,7460,7110,7090,-370,-4.96,7170,-290,-3.89,7090,7600,1400-8-1,2021-10-23
570,دارا,صندوق س. دارا الگوريتم-د,132,2445445,24264626958,10051,9940,9910,-141,-1.4,9922,-129,-1.28,9803,9946,1400-8-1,2021-10-23
571,فيروزه,صندوق شاخص30 شركت فيروزه- سهام,132,39546,6888044570,177330,176820,172110,-5220,-2.94,174180,-3150,-1.78,171700,178170,1400-8-1,2021-10-23
572,زپارس,ملي كشت و صنعت و دامپروري پارس,129,87346,8465254660,96350,96500,97000,650,0.67,96670,320,0.33,95020,97800,1400-8-1,2021-10-23
573,حسينا,توسعه خدمات دريايي وبندري سينا,129,145995,7310708486,50970,51000,49250,-1720,-3.37,50526,-444,-0.87,49250,52298,1400-8-1,2021-10-23
574,بخاور,بيمه زندگي خاورميانه,127,696250,3035340363,4478,4380,4354,-124,-2.77,4453,-25,-0.56,4255,4558,1400-8-1,2021-10-23
575,وامين,س. امين توان آفرين ساز,127,670901,8607247252,12841,12845,12870,29,0.23,12839,-2,-0.02,12778,12890,1400-8-1,2021-10-23
576,سغرب,سيمان‌غرب‌,127,250236,4477324340,18780,18210,17850,-930,-4.95,18500,-280,-1.49,17850,18210,1400-8-1,2021-10-23
577,ساربيل,سيمان آرتا اردبيل,126,122094,3741667630,32170,32320,30570,-1600,-4.97,31770,-400,-1.24,30570,32320,1400-8-1,2021-10-23
578,شتوكا,توكا رنگ فولاد سپاهان,125,231711,6808567694,30672,29979,29139,-1533,-5,30062,-610,-1.99,29139,30000,1400-8-1,2021-10-23
579,ركيش,كارت اعتباري ايران كيش,123,1743257,10613716110,6390,6260,6080,-310,-4.85,6180,-210,-3.29,6080,6260,1400-8-1,2021-10-23
580,اخزا001,اسنادخزانه-م1بودجه00-030821,122,398260,204713339002,511660,516990,515998,4338,0.85,514019,2359,0.46,511090,516990,1400-8-1,2021-10-23
581,فنرژي,گسترش صنايع انرژي آذرآب,122,412384,5087169024,12095,12336,12336,241,1.99,12335,240,1.98,12336,12336,1400-8-1,2021-10-23
582,سرود,سيمان‌شاهرود,121,143010,3404232940,24040,25000,23570,-470,-1.96,23990,-50,-0.21,23230,25000,1400-8-1,2021-10-23
583,قزوين,كارخانجات‌ قند قزوين‌,121,190787,5456068900,29960,29330,28480,-1480,-4.94,29440,-520,-1.74,28470,29360,1400-8-1,2021-10-23
584,آبين,كشت و صنعت آبشيرين,120,2914618,5926014695,2094,2043,2032,-62,-2.96,2057,-37,-1.77,2032,2090,1400-8-1,2021-10-23
585,ماني,صندوق س. با درآمد ثابت ماني,118,1958492,20283529007,10340,10355,10357,17,0.16,10357,17,0.16,10355,10358,1400-8-1,2021-10-23
586,دكيمي,كيميدارو,116,154981,3057913440,20400,20680,19740,-660,-3.24,20260,-140,-0.69,19400,20680,1400-8-1,2021-10-23
587,وليز,ليزينگ‌ايران‌,114,855870,1956518820,2178,2286,2286,108,4.96,2191,13,0.6,2286,2286,1400-8-1,2021-10-23
588,اتكامح,ح . بيمه اتكايي امين,113,978313,1949882305,2071,1978,2030,-41,-1.98,1993,-78,-3.77,1951,2062,1400-8-1,2021-10-23
589,بكاب,صنايع‌جوشكاب‌يزد,113,25731,3560655780,145660,138380,138380,-7280,-5,143840,-1820,-1.25,138380,138380,1400-8-1,2021-10-23
590,دجابر,داروسازي‌ جابرابن‌حيان‌,112,386596,5059701150,13720,13210,13040,-680,-4.96,13500,-220,-1.6,13040,13940,1400-8-1,2021-10-23
591,غپونه,نوش پونه مشهد,111,262161,3281245392,12504,12317,12730,226,1.81,12508,4,0.03,12129,12877,1400-8-1,2021-10-23
592,اخزا004,اسنادخزانه-م4بودجه00-030522,109,374273,203260734202,540716,540070,544995,4279,0.79,543081,2365,0.44,540020,544999,1400-8-1,2021-10-23
593,كيان2,صندوق س. با درآمد ثابت كيان,107,10700000,10700000,31142,1,1,-31141,-100,1,-31141,-100,1,1,1400-8-1,2021-10-23
594,وساشرقي,شركت س استان آذربايجان شرقي,106,5939878,2735197869,484,461,460,-24,-4.96,482,-2,-0.41,460,467,1400-8-1,2021-10-23
595,كميناح,ح . شيشه سازي مينا,106,3696553,26361919027,7349,7131,7129,-220,-2.99,7131,-218,-2.97,7129,7300,1400-8-1,2021-10-23
596,فسازان,غلتك سازان سپاهان,104,210724,5799124480,28960,27520,27520,-1440,-4.97,28370,-590,-2.04,27520,27520,1400-8-1,2021-10-23
597,وتوشه,سرمايه‌ گذاري‌ پارس‌ توشه‌,101,923199,5611814940,6240,6470,6080,-160,-2.56,6180,-60,-0.96,6040,6470,1400-8-1,2021-10-23
598,فافق,صنايع مس افق كرمان,99,931357,4049144894,4466,4360,4333,-133,-2.98,4417,-49,-1.1,4333,4420,1400-8-1,2021-10-23
599,وثنو,سرمايه گذاري ساختماني نوين,98,2743437,13900123684,5208,5052,5052,-156,-3,5067,-141,-2.71,5052,5290,1400-8-1,2021-10-23
600,سمتاز,سيمان ممتازان كرمان,98,266626,4448785818,17169,16654,16654,-515,-3,16948,-221,-1.29,16654,16890,1400-8-1,2021-10-23
601,تشتاد,صنايع توليدي اشتاد ايران‌,96,762440,4285773760,5751,5582,5579,-172,-2.99,5694,-57,-0.99,5579,5920,1400-8-1,2021-10-23
602,سكه0012پ04,تمام سكه طرح جديد0012صادرات,95,19100,22378857300,1153762,1165000,1175800,22038,1.91,1171668,17906,1.55,1165000,1175800,1400-8-1,2021-10-23
603,قپيرا,فرآورده‌هاي‌غدايي‌وقندپيرانشهر,94,504555,4326276110,8810,8610,8520,-290,-3.29,8740,-70,-0.79,8400,8990,1400-8-1,2021-10-23
604,وپسا,س. پتروشيمي ساختمان  خليج فارس,93,2589261,5352286974,2130,2068,2067,-63,-2.96,2095,-35,-1.64,2067,2068,1400-8-1,2021-10-23
605,وآفري,بيمه كارآفرين,92,1466031,5233752612,3512,3616,3500,-12,-0.34,3534,22,0.63,3430,3616,1400-8-1,2021-10-23
606,شصفها,پتروشيمي‌ اصفهان‌,92,1578781,208203326507,134567,131876,131876,-2691,-2,131876,-2691,-2,131876,131879,1400-8-1,2021-10-23
607,سكارون,سيمان كارون,92,172911,10461115500,58738,60500,60500,1762,3,60500,1762,3,60500,60500,1400-8-1,2021-10-23
608,سحرخيز,صندوق س. گروه زعفران سحرخيز,91,167669,1793709523,10577,10710,10830,253,2.39,10698,121,1.14,10551,10830,1400-8-1,2021-10-23
609,صايند,صندوق س. گنجينه آينده روشن-د,90,840740,8521647780,10113,10097,10142,29,0.29,10136,23,0.23,10097,10147,1400-8-1,2021-10-23
610,وايرا,سرمايه گذاري صنايع ايران,89,1364590,7516213720,5678,5508,5508,-170,-2.99,5546,-132,-2.32,5508,5560,1400-8-1,2021-10-23
611,خلنت,لنت‌ ترمزايران‌,88,64425,6548801250,107000,101650,101650,-5350,-5,104540,-2460,-2.3,101650,101650,1400-8-1,2021-10-23
612,سهگمت,سيمان‌هگمتان‌,88,146681,3272098560,22570,22520,22150,-420,-1.86,22510,-60,-0.27,22090,22880,1400-8-1,2021-10-23
613,حشكوه,دليجان طلايي شكوه پارس,86,4187853,10993114125,2549,2625,2625,76,2.98,2625,76,2.98,2625,2625,1400-8-1,2021-10-23
614,دشيري,شيرين دارو,86,32227,5075958417,160440,155627,155627,-4813,-3,158923,-1517,-0.95,155627,161200,1400-8-1,2021-10-23
615,سپ,پرداخت الكترونيك سامان كيش,86,77088,2321529910,31660,30360,30100,-1560,-4.93,31600,-60,-0.19,30080,30360,1400-8-1,2021-10-23
616,اخزا903,اسنادخزانه-م3بودجه99-011110,85,99497,76614178793,770014,761111,773800,3786,0.49,770015,1,0,758000,773800,1400-8-1,2021-10-23
617,ثتوسا,س.توسعه و عمران استان اردبيل,84,137107,2873336757,21557,21150,20911,-646,-3,21380,-177,-0.82,20911,22181,1400-8-1,2021-10-23
618,اخزا002,اسنادخزانه-م2بودجه00-031024,84,155282,76893975223,492452,499495,499980,7528,1.53,495189,2737,0.56,492120,499980,1400-8-1,2021-10-23
619,ارمغان,ص سرمايه گذاري ارمغان ايرانيان,84,1098228,11070982533,10068,10077,10089,21,0.21,10081,13,0.13,10076,10089,1400-8-1,2021-10-23
620,ضفلا1163,اختيارخ فولاد-10000-1400/11/24,84,921,2063150000,1968,2200,2399,431,21.9,2240,272,13.82,2120,2399,1400-8-1,2021-10-23
621,شپترو,پتروشيمي آبادان,83,3619291,16120322114,4591,4454,4454,-137,-2.98,4454,-137,-2.98,4454,4454,1400-8-1,2021-10-23
622,ضملت1133,اختيارخ وبملت-3000-1400/11/13,82,3758,1559336000,881,500,490,-391,-44.38,415,-466,-52.89,300,500,1400-8-1,2021-10-23
623,فنفتح,ح . صنايع تجهيزات نفت,81,396471,4081016545,10597,10280,10280,-317,-2.99,10293,-304,-2.87,10280,10800,1400-8-1,2021-10-23
624,اوان,مبين وان كيش,80,221464,4804602215,22743,22700,21606,-1137,-5,22391,-352,-1.55,21606,22700,1400-8-1,2021-10-23
625,وبازار,صندوق س شاخصي بازارآشنا,79,329039,3978495890,12450,12230,12130,-320,-2.57,12090,-360,-2.89,11950,12400,1400-8-1,2021-10-23
626,فبيرا,بسته‌ بندي‌ ايران‌,76,737687,1360148095,1900,1844,1843,-57,-3,1892,-8,-0.42,1843,1850,1400-8-1,2021-10-23
627,اخزا911,اسنادخزانه-م11بودجه99-020906,75,266748,169409338335,634310,624121,635033,723,0.11,635091,781,0.12,624121,637008,1400-8-1,2021-10-23
628,اخزا902,اسنادخزانه-م2بودجه99-011019,75,96661,75312860483,779325,779999,781680,2355,0.3,779144,-181,-0.02,777001,781680,1400-8-1,2021-10-23
629,وتعاون,بيمه  تعاون,75,1302593,2441059282,1972,1874,1874,-98,-4.97,1947,-25,-1.27,1874,1874,1400-8-1,2021-10-23
630,اخزا909,اسنادخزانه-م9بودجه99-020316,73,92110,65403000362,706700,706700,711000,4300,0.61,710053,3353,0.47,706700,719652,1400-8-1,2021-10-23
631,خاتم,صندوق س خاتم ايساتيس پويا-ثابت,72,551209,6715591830,12170,12187,12184,14,0.12,12183,13,0.11,12182,12187,1400-8-1,2021-10-23
632,ضملت8041,اختيارخ وبملت-3434-1400/08/19,72,3952,277807000,265,70,61,-204,-76.98,70,-195,-73.58,61,100,1400-8-1,2021-10-23
633,سفانو,سيمان فارس نو,71,569615,13397344800,22400,23520,23520,1120,5,23350,950,4.24,23520,23520,1400-8-1,2021-10-23
634,وآتوس,س.آرين توسكا قيمت اسمي 350ريال,69,139177,3290830324,22957,23645,23645,688,3,23276,319,1.39,23644,23645,1400-8-1,2021-10-23
635,سكه0011پ02,تمام سكه طرح جديد0011ملت,69,11900,13923820300,1158041,1164000,1176000,17959,1.55,1170069,12028,1.04,1160000,1176900,1400-8-1,2021-10-23
636,كيسون,شركت كيسون,68,418726,3078892278,7580,7353,7353,-227,-2.99,7533,-47,-0.62,7353,7353,1400-8-1,2021-10-23
637,دفرا,فرآورده‌هاي‌ تزريقي‌ ايران‌,66,127398,3536154400,28830,28000,27610,-1220,-4.23,28570,-260,-0.9,27460,28360,1400-8-1,2021-10-23
638,تسه0005,امتيازتسهيلات مسكن مرداد 1400,64,4472,3219223956,700106,729999,705000,4894,0.7,719862,19756,2.82,692522,735111,1400-8-1,2021-10-23
639,ضملت8044,اختيارخ وبملت-4934-1400/08/19,63,3197,3500000,3,4,1,-2,-66.67,1,-2,-66.67,1,4,1400-8-1,2021-10-23
640,ضسپا8043,اختيارخ خساپا-2000-1400/08/26,61,3233,23648000,16,9,6,-10,-62.5,7,-9,-56.25,6,11,1400-8-1,2021-10-23
641,كامياب2,صندوق س. كامياب آشنا-د,60,6000000,6000000,10725,1,1,-10724,-99.99,1,-10724,-99.99,1,1,1400-8-1,2021-10-23
642,افق ملت,صندوق س در سهام افق ملت,60,32163,4704084350,148360,147550,145500,-2860,-1.93,146260,-2100,-1.42,145000,147550,1400-8-1,2021-10-23
643,اخزا008,اسنادخزانه-م8بودجه00-030919,60,53927,27252474981,503542,503000,508000,4458,0.89,505359,1817,0.36,500500,508000,1400-8-1,2021-10-23
644,آساس,صندوق س.آسمان آرماني سهام-س,60,18165,3107391548,172562,173805,170000,-2562,-1.48,171065,-1497,-0.87,169000,173805,1400-8-1,2021-10-23
645,كصدف,كاشي صدف سرام استقلال آباده,59,62026,1349483792,22403,22740,21731,-672,-3,22313,-90,-0.4,21731,22740,1400-8-1,2021-10-23
646,سدشت,صنايع سيمان دشتستان,58,46596,1754275880,39610,37670,37630,-1980,-5,39420,-190,-0.48,37630,38850,1400-8-1,2021-10-23
647,ثجوان,تامين مسكن جوانان,58,220961,1412396750,6584,6460,6387,-197,-2.99,6556,-28,-0.43,6387,6462,1400-8-1,2021-10-23
648,شساخت,مهندسي و ساختمان صنايع نفت,58,150781,6662570047,45553,44187,44187,-1366,-3,45349,-204,-0.45,44187,44188,1400-8-1,2021-10-23
649,آكورد2,صندوق س. آرمان آتي كوثر-د,57,5700000,5700000,34756,1,1,-34755,-100,1,-34755,-100,1,1,1400-8-1,2021-10-23
650,جوين,كشت و صنعت جوين,56,417612,1197523655,2953,2900,2865,-88,-2.98,2942,-11,-0.37,2865,2900,1400-8-1,2021-10-23
651,اخزا901,اسنادخزانه-م1بودجه99-010621,54,90037,74892276870,830130,830000,835000,4870,0.59,831794,1664,0.2,828564,835000,1400-8-1,2021-10-23
652,اخزا005,اسنادخزانه-م5بودجه00-030626,54,226162,120129871694,527379,533549,535500,8121,1.54,531167,3788,0.72,528660,535500,1400-8-1,2021-10-23
653,اخزا917,اسنادخزانه-م17بودجه99-010226,54,60713,53956416476,880998,888889,889300,8302,0.94,888713,7715,0.88,888211,889300,1400-8-1,2021-10-23
654,تسه9809,امتياز تسهيلات مسكن آذر98,53,2955,2057359203,686071,690000,690050,3979,0.58,696230,10159,1.48,681222,709890,1400-8-1,2021-10-23
655,اخزا003,اسنادخزانه-م3بودجه00-030418,52,144297,79904822761,552828,552828,555900,3072,0.56,553752,924,0.17,550002,555900,1400-8-1,2021-10-23
656,فراز,صندوق س.سهام فراز داريك-س,52,657478,9302720386,14149,14149,14149,0,0,14149,0,0,14149,14155,1400-8-1,2021-10-23
657,اوصتا,صندوق انديشه ورزان صباتامين -د,49,1686131,34121842093,20217,20239,20238,21,0.1,20237,20,0.1,20236,20239,1400-8-1,2021-10-23
658,الماس,صندوق س.امين تدبيرگران فردا-س,48,15138,1650693012,112120,111037,108500,-3620,-3.23,109043,-3077,-2.74,107001,114700,1400-8-1,2021-10-23
659,اخزا908,اسنادخزانه-م8بودجه99-020606,46,210011,140957708343,670837,670800,676000,5163,0.77,671192,355,0.05,670800,676500,1400-8-1,2021-10-23
660,ضفلا1162,اختيارخ فولاد-9000-1400/11/24,45,1227,3169848000,2700,2600,2800,100,3.7,2583,-117,-4.33,2500,2800,1400-8-1,2021-10-23
661,پلوله,گازلوله‌,44,65926,1888522794,29503,28631,28618,-885,-3,29336,-167,-0.57,28618,29503,1400-8-1,2021-10-23
662,آرمان,بيمه آرمان,41,115315,728382309,6463,6270,6275,-188,-2.91,6452,-11,-0.17,6270,6500,1400-8-1,2021-10-23
663,قيستو,شركت قند بيستون,41,53600,1265067200,22915,23602,23602,687,3,22999,84,0.37,23602,23602,1400-8-1,2021-10-23
664,فيروزا,صندوق بادرآمد ثابت فيروزه آسيا,40,112527,2844308863,25243,25167,25276,33,0.13,25277,34,0.13,25166,25280,1400-8-1,2021-10-23
665,تسه9810,امتياز تسهيلات مسكن دي98,40,2198,1537243901,683969,688222,709600,25631,3.75,699383,15414,2.25,688222,709990,1400-8-1,2021-10-23
666,تسه0001,امتيازتسهيلات مسكن فروردين1400,39,929,675084852,697484,732358,690500,-6984,-1,726679,29195,4.19,690500,732358,1400-8-1,2021-10-23
667,سكه0111پ05,تمام سكه طرح جديد0111آينده,39,10500,12309141300,1157501,1170000,1173000,15499,1.34,1172299,14798,1.28,1163601,1177000,1400-8-1,2021-10-23
668,ضترا1131,اختيارخ شتران-3529-1400/11/10,38,1363,4744490950,5300,1900,1510,-3790,-71.51,1535,-3765,-71.04,1450,1900,1400-8-1,2021-10-23
669,خفولا,خدمات فني فولاد يزد,38,28457,921067719,33368,32367,32367,-1001,-3,33273,-95,-0.28,32367,32367,1400-8-1,2021-10-23
670,آتيمس,صندوق س.آرمان آتيه درخشان مس-س,38,8380,1558765330,189035,187835,185194,-3841,-2.03,186010,-3025,-1.6,184542,187835,1400-8-1,2021-10-23
671,واحصا,احياء صنايع خراسان,38,80232,4336539600,55721,54050,54050,-1671,-3,54974,-747,-1.34,54050,54050,1400-8-1,2021-10-23
672,گنجين,صندوق س. گنجينه يكم آويد-د,38,137039,1915645406,13949,13986,13984,35,0.25,13979,30,0.22,13974,13986,1400-8-1,2021-10-23
673,سكه0112پ03,تمام سكه طرح جديد0112سامان,37,8000,9364201300,1158119,1189999,1177000,18881,1.63,1170525,12406,1.07,1166500,1189999,1400-8-1,2021-10-23
674,تابا,تابان نيرو سپاهان,37,87062,2505034926,30287,28773,28773,-1514,-5,29862,-425,-1.4,28773,28773,1400-8-1,2021-10-23
675,شرنگي,شيميايي رنگين,37,86918,13647082098,161866,157011,157011,-4855,-3,157011,-4855,-3,157011,157011,1400-8-1,2021-10-23
676,كهربا,صندوق س.پشتوانه سكه طلا كهربا,36,130644,1341623800,10170,10280,10330,160,1.57,10269,99,0.97,10240,10330,1400-8-1,2021-10-23
677,اخزا007,اسنادخزانه-م7بودجه00-030912,36,234137,118781738547,503392,503330,508950,5558,1.1,507317,3925,0.78,503330,508962,1400-8-1,2021-10-23
678,صنوين,صندوق سرمايه‌گذاري صنوين-مختلط,35,8750,869595570,100370,100130,99980,-390,-0.39,99380,-990,-0.99,98910,101500,1400-8-1,2021-10-23
679,دانا,بيمه دانا,34,386227,1996407130,5073,5150,5190,117,2.31,5090,17,0.34,5150,5200,1400-8-1,2021-10-23
680,ضترا8057,اختيارخ شتران-3000-1400/08/09,34,933,3199312818,4842,1450,1600,-3242,-66.96,1513,-3329,-68.75,1262,1600,1400-8-1,2021-10-23
681,تسه9908,امتياز تسهيلات مسكن آبان99,33,1777,1248905126,704018,686245,707777,3759,0.53,702817,-1201,-0.17,686009,738999,1400-8-1,2021-10-23
682,تسه0002,امتيازتسهيلاتمسكن ارديبهشت1400,32,1335,968915126,717357,718014,749000,31643,4.41,725779,8422,1.17,683579,753224,1400-8-1,2021-10-23
683,تسه0004,امتيازتسهيلات مسكن تير1400,31,648,469378031,710118,695322,735000,24882,3.5,724349,14231,2,684552,745000,1400-8-1,2021-10-23
684,داريك,صندوق س.اعتماد داريك-د,31,213223,2497493723,11694,11712,11713,19,0.16,11713,19,0.16,11712,11714,1400-8-1,2021-10-23
685,دقاضي,داروسازي شهيد قاضي,30,40238,1179480314,30090,30900,29188,-902,-3,29998,-92,-0.31,29188,30900,1400-8-1,2021-10-23
686,ضشنا8005,اختيارخ شپنا-12800-1400/08/16,28,732,124766000,341,100,235,-106,-31.09,170,-171,-50.15,100,235,1400-8-1,2021-10-23
687,سيناد,صندوق س.سپهرسودمند سينا-د,27,280695,2807583833,10215,10015,10004,-211,-2.07,10002,-213,-2.09,10000,10015,1400-8-1,2021-10-23
688,سپرمي,پرميت‌,27,168000,1772064000,10342,10548,10548,206,1.99,10539,197,1.9,10548,10548,1400-8-1,2021-10-23
689,ساروج,بين المللي ساروج بوشهر,27,281136,4641421456,16596,16400,16596,0,0,16556,-40,-0.24,16099,16596,1400-8-1,2021-10-23
690,بذر,صندوق س بذر اميد آفرين-سهام,26,2277,220438650,100740,99500,96000,-4740,-4.71,96810,-3930,-3.9,95980,99500,1400-8-1,2021-10-23
691,سخند,صندوق س.سپهرخبرگان نفت-د,26,35820,357995350,9976,9960,10023,47,0.47,9994,18,0.18,9960,10029,1400-8-1,2021-10-23
692,اخزا811,اسنادخزانه-م11بودجه98-001013,26,58029,55781986057,958706,960000,961500,2794,0.29,961278,2572,0.27,959000,962999,1400-8-1,2021-10-23
693,اخزا009,اسناد خزانه-م9بودجه00-031101,24,3204,1596542719,490163,491999,498297,8134,1.66,498297,8134,1.66,491998,514671,1400-8-1,2021-10-23
694,وگردش,بانك گردشگري,24,407756,4208857432,10641,10322,10322,-319,-3,10619,-22,-0.21,10322,10322,1400-8-1,2021-10-23
695,تسه9808,امتياز تسهيلات مسكن آبان98,23,708,487939412,684600,680122,689300,4700,0.69,689180,4580,0.67,670150,700000,1400-8-1,2021-10-23
696,ضترا8058,اختيارخ شتران-3442-1400/08/09,23,180,409338588,1365,948,1100,-265,-19.41,1003,-362,-26.52,948,1140,1400-8-1,2021-10-23
697,آسام,صندوق س.آرمان سپهر آشنا-م,23,2050,253951810,125004,124001,123800,-1204,-0.96,123879,-1125,-0.9,122501,124001,1400-8-1,2021-10-23
698,ضپال2007,اختيارخ اپال-32000-1401/02/12,23,410,178156000,442,376,580,138,31.22,435,-7,-1.58,376,580,1400-8-1,2021-10-23
699,ثبات,صندوق س. ثبات ويستا -د,23,37743,387333955,10231,10263,10263,32,0.31,10262,31,0.3,10247,10263,1400-8-1,2021-10-23
700,ولانا,شركت ليزينگ آريا دانا,23,24602,391491626,16405,15913,15913,-492,-3,16381,-24,-0.15,15913,15913,1400-8-1,2021-10-23
701,اخزا817,اسنادخزانه-م17بودجه98-010512,22,114789,97870763323,852928,851002,853500,572,0.07,852614,-314,-0.04,851002,854000,1400-8-1,2021-10-23
702,ضملت8043,اختيارخ وبملت-4434-1400/08/19,22,498,2658000,16,5,6,-10,-62.5,5,-11,-68.75,5,12,1400-8-1,2021-10-23
703,تسه9902,امتياز تسهيلات مسكن ارديبهشت99,22,887,636428084,705890,683000,741184,35294,5,717506,11616,1.65,676399,741184,1400-8-1,2021-10-23
704,ضملت1131,اختيارخ وبملت-2000-1400/11/13,21,307,317901000,1850,1000,1250,-600,-32.43,1036,-814,-44,1000,1350,1400-8-1,2021-10-23
705,تسه9811,امتياز تسهيلات مسكن بهمن98,20,1486,1051332185,689625,682721,690010,385,0.06,707491,17866,2.59,682721,713999,1400-8-1,2021-10-23
706,تسه9903,امتياز تسهيلات مسكن خرداد99,20,394,275434160,704896,672000,719090,14194,2.01,699071,-5825,-0.83,672000,719090,1400-8-1,2021-10-23
707,لخانه,لوازم‌ خانگي‌ پارس‌,19,13311,245891720,19040,18470,18469,-571,-3,19026,-14,-0.07,18469,18500,1400-8-1,2021-10-23
708,دمعيار,صندوق س. توازن معيار-د,18,151735,1518783618,10144,10005,10010,-134,-1.32,10009,-135,-1.33,10005,10010,1400-8-1,2021-10-23
709,تسه0003,امتيازتسهيلات مسكن خرداد1400,18,330,237540020,719322,712555,713000,-6322,-0.88,719818,496,0.07,685556,740000,1400-8-1,2021-10-23
710,تسه9910,امتياز تسهيلات مسكن دي99,18,162,114801196,715372,748768,705000,-10372,-1.45,708649,-6723,-0.94,679604,751140,1400-8-1,2021-10-23
711,اراد50,مرابحه عام دولت5-ش.خ0302,18,374700,374700321400,1000001,1000000,1000000,-1,0,1000001,0,0,1000000,1000001,1400-8-1,2021-10-23
712,قچار,فراوردههاي غذايي وقند چهارمحال,18,54532,546901428,10556,10029,10029,-527,-4.99,10536,-20,-0.19,10029,10029,1400-8-1,2021-10-23
713,ضفلا1164,اختيارخ فولاد-12000-1400/11/24,18,258,285219000,1020,1080,1130,110,10.78,1105,85,8.33,1061,1180,1400-8-1,2021-10-23
714,ضملت8040,اختيارخ وبملت-2934-1400/08/19,18,360,136712000,700,400,343,-357,-51,380,-320,-45.71,331,410,1400-8-1,2021-10-23
715,وملت,سرمايه گذاري ملت,18,375281,1149110422,3189,3062,3062,-127,-3.98,3159,-30,-0.94,3062,3062,1400-8-1,2021-10-23
716,زعف0008پ10,زعفران0008نگين طلاي سرخ(پ),17,11775,1945255630,161697,151752,166611,4914,3.04,165202,3505,2.17,151752,166611,1400-8-1,2021-10-23
717,اخزا808,اسنادخزانه-م8بودجه98-000817,17,7045,6979587998,989449,990501,990701,1252,0.13,990715,1266,0.13,990501,991400,1400-8-1,2021-10-23
718,ضصاد8033,اختيارخ وبصادر-2489-1400/08/12,17,853,2726000,7,3,3,-4,-57.14,3,-4,-57.14,2,7,1400-8-1,2021-10-23
719,زعف0008پ20,زعفران0008نگين وحدت جام(پ),17,50137,8121757400,158999,159000,160000,1001,0.63,161991,2992,1.88,159000,164000,1400-8-1,2021-10-23
720,ضخود1051,اختيارخ خودرو-1800-1400/10/08,16,597,114129000,235,190,195,-40,-17.02,191,-44,-18.72,178,220,1400-8-1,2021-10-23
721,اروند06,منفعت صبا اروند ملت 14001113,16,400000,400000000000,1000000,1000000,1000000,0,0,1000000,0,0,1000000,1000000,1400-8-1,2021-10-23
722,گپارس,امور رفاهي كارگزاران پارس,16,3125,418940625,141116,134061,134061,-7055,-5,140805,-311,-0.22,134061,134061,1400-8-1,2021-10-23
723,اخزا814,اسنادخزانه-م14بودجه98-010318,16,18293,16104073865,877209,880000,880014,2805,0.32,880341,3132,0.36,880000,881000,1400-8-1,2021-10-23
724,ثروتم,صندوق س. ثروت آفرين پارسيان-س,16,13700,1211991520,89211,88765,87104,-2107,-2.36,88467,-744,-0.83,86592,88765,1400-8-1,2021-10-23
725,اخزا821,اسنادخزانه-م21بودجه98-020906,16,6528,4160070386,632222,635000,637000,4778,0.76,637266,5044,0.8,635000,639000,1400-8-1,2021-10-23
726,اخزا904,اسنادخزانه-م4بودجه99-011215,16,45343,34247954730,754544,750000,755000,456,0.06,755308,764,0.1,750000,756500,1400-8-1,2021-10-23
727,ضشنا8006,اختيارخ شپنا-14800-1400/08/16,15,322,12996000,126,56,27,-99,-78.57,40,-86,-68.25,26,65,1400-8-1,2021-10-23
728,ضسپا1109,اختيارخ خساپا-1000-1400/11/20,14,227,159783000,778,700,690,-88,-11.31,704,-74,-9.51,690,711,1400-8-1,2021-10-23
729,ساذري,آذريت‌,14,312720,2965523760,9032,9483,9483,451,4.99,9159,127,1.41,9483,9483,1400-8-1,2021-10-23
730,اخزا818,اسنادخزانه-م18بودجه98-010614,13,100486,84406543140,839046,840000,835751,-3295,-0.39,839983,937,0.11,835060,840000,1400-8-1,2021-10-23
731,اخزا905,اسنادخزانه-م5بودجه99-020218,13,22629,16488630577,729007,728500,729999,992,0.14,728650,-357,-0.05,726000,730000,1400-8-1,2021-10-23
732,تسه9907,امتياز تسهيلات مسكن مهر99,13,148,104592598,690581,676090,718990,28409,4.11,706707,16126,2.34,676090,718990,1400-8-1,2021-10-23
733,زعف0008پ05,زعفران0008نگين زرين(پ),13,8470,1370897700,161450,160998,162000,550,0.34,161853,403,0.25,160014,164000,1400-8-1,2021-10-23
734,عيار2,صندوق سكه طلاي مفيد,12,120000,120000,29353,1,1,-29352,-100,1,-29352,-100,1,1,1400-8-1,2021-10-23
735,زعف0008پ19,زعفران0008نگين تروند قاينات(پ),12,6205,1009892871,157988,161000,163000,5012,3.17,162755,4767,3.02,161000,166611,1400-8-1,2021-10-23
736,ضصاد8034,اختيارخ وبصادر-2989-1400/08/12,12,1200,1200000,2,1,1,-1,-50,1,-1,-50,1,1,1400-8-1,2021-10-23
737,اخزا813,اسنادخزانه-م13بودجه98-010219,12,33549,30096314467,892259,892351,897000,4741,0.53,897085,4826,0.54,892351,898999,1400-8-1,2021-10-23
738,وجامي,سرمايه گذاري جامي,12,10347,95088930,9474,9190,9190,-284,-3,9471,-3,-0.03,9190,9190,1400-8-1,2021-10-23
739,پادا,صندوق س.پاداش سرمايه پارس-س,11,3756,415416240,114780,112540,110100,-4680,-4.08,110601,-4179,-3.64,110000,113800,1400-8-1,2021-10-23
740,فكمند,گسترش قطعه سازي كمند,11,24380,813487460,34398,33367,33367,-1031,-3,34312,-86,-0.25,33367,33367,1400-8-1,2021-10-23
741,ضترا8060,اختيارخ شتران-4323-1400/08/09,11,101,47153600,2188,100,200,-1988,-90.86,206,-1982,-90.59,100,400,1400-8-1,2021-10-23
742,وسنا,سرمايه گذاري نيروگاهي ايران,11,10455,138633300,13670,13260,13260,-410,-3,13667,-3,-0.02,13260,13260,1400-8-1,2021-10-23
743,تسه9904,امتياز تسهيلات مسكن تير99,11,160,114534000,705526,682000,700000,-5526,-0.78,715837,10311,1.46,682000,740000,1400-8-1,2021-10-23
744,اخزا816,اسنادخزانه-م16بودجه98-010503,11,5706,4884690498,854865,859999,855672,807,0.09,856062,1197,0.14,855614,862000,1400-8-1,2021-10-23
745,تملي706,تسهيلات مسكن ب. ملي-شهريور97,10,126,86109101,655812,688601,687999,32187,4.91,683406,27594,4.21,623022,688601,1400-8-1,2021-10-23
746,ثاصفا,شركت‌ ساختمان‌ اصفهان‌,10,8148,104897352,13272,12874,12874,-398,-3,13268,-4,-0.03,12874,12874,1400-8-1,2021-10-23
747,ضسپا8039,اختيارخ خساپا-1200-1400/08/26,10,403,167142000,480,320,410,-70,-14.58,415,-65,-13.54,320,440,1400-8-1,2021-10-23
748,اخزا907,اسنادخزانه-م7بودجه99-020704,9,18027,11869953000,659449,659000,660000,551,0.08,658454,-995,-0.15,655510,660000,1400-8-1,2021-10-23
749,زعف0008پ08,زعفران0008نگين روستا(پ),9,7700,1221500500,156928,158150,159501,2573,1.64,158636,1708,1.09,158030,159501,1400-8-1,2021-10-23
750,تسه9901,امتياز تسهيلات مسكن فروردين99,9,192,137206785,710705,681200,686001,-24704,-3.48,714619,3914,0.55,681200,746240,1400-8-1,2021-10-23
751,تسه9906,امتياز تسهيلات مسكن شهريور99,9,195,142719963,710993,680087,746000,35007,4.92,731897,20904,2.94,680087,746542,1400-8-1,2021-10-23
752,اخزا809,اسنادخزانه-م9بودجه98-000923,9,4140,4016378500,968014,970000,970500,2486,0.26,970140,2126,0.22,970000,972998,1400-8-1,2021-10-23
753,تپولا,مهندسي مرآت پولاد,9,59426,1150962768,19967,19368,19368,-599,-3,19896,-71,-0.36,19368,19368,1400-8-1,2021-10-23
754,تسه9812,امتياز تسهيلات مسكن اسفند98,9,119,83238848,681659,680000,709960,28301,4.15,699486,17827,2.62,670107,709960,1400-8-1,2021-10-23
755,ضصاد8031,اختيارخ وبصادر-1789-1400/08/12,9,51,9102000,278,199,131,-147,-52.88,178,-100,-35.97,125,200,1400-8-1,2021-10-23
756,تسه9911,امتياز تسهيلات مسكن بهمن99,9,127,89004575,710649,676500,739000,28351,3.99,700823,-9826,-1.38,676500,739000,1400-8-1,2021-10-23
757,اخزا815,اسنادخزانه-م15بودجه98-010406,9,6161,5359746330,868856,867835,870501,1645,0.19,869947,1091,0.13,867835,870501,1400-8-1,2021-10-23
758,وسصفا,شركت س استان اصفهان,8,429701,298212494,730,694,694,-36,-4.93,730,0,0,694,694,1400-8-1,2021-10-23
759,ضسپا1112,اختيارخ خساپا-1600-1400/11/20,7,172,63685000,647,699,301,-346,-53.48,370,-277,-42.81,301,699,1400-8-1,2021-10-23
760,برن0104پ01,برنج طارم0104تجارت مازندران(پ),7,472,187794200,397946,396000,397800,-146,-0.04,397869,-77,-0.02,396000,400000,1400-8-1,2021-10-23
761,نتوس,پشم‌ بافي‌ توس,7,5520,67791120,12927,12281,12281,-646,-5,12922,-5,-0.04,12281,12281,1400-8-1,2021-10-23
762,ضملي1161,اختيارخ فملي-7000-1400/11/03,7,18,24656000,1605,1450,1350,-255,-15.89,1370,-235,-14.64,1200,1450,1400-8-1,2021-10-23
763,طخود1049,اختيارف خودرو-1400-1400/10/08,7,145,5800000,30,40,40,10,33.33,40,10,33.33,40,40,1400-8-1,2021-10-23
764,افران2,صندوق س افرا نماد پايدار-ثابت,6,71000000,71000000,14538,1,1,-14537,-99.99,1,-14537,-99.99,1,1,1400-8-1,2021-10-23
765,اخزا810,اسنادخزانه-م10بودجه98-001006,6,13004,12536111260,962451,965000,964000,1549,0.16,964020,1569,0.16,963980,965000,1400-8-1,2021-10-23
766,طذوب904,اختيارف ذوب-4500-14000917,6,93,41915000,385,425,478,93,24.16,451,66,17.14,425,480,1400-8-1,2021-10-23
767,اخزا723,اسنادخزانه-م23بودجه97-000824,6,274,271029200,985098,985550,990000,4902,0.5,989158,4060,0.41,985550,990000,1400-8-1,2021-10-23
768,ثنظام,س. ساختماني نظام مهندسي ايران,6,1546,38637632,25764,24992,24992,-772,-3,25761,-3,-0.01,24992,24992,1400-8-1,2021-10-23
769,خعمرا,توسعه و عمران شهرستان نائين,6,23899,96121778,3831,4022,4022,191,4.99,3833,2,0.05,4022,4022,1400-8-1,2021-10-23
770,اخزا812,اسنادخزانه-م12بودجه98-001111,6,2831,2683029935,943277,945000,947990,4713,0.5,947732,4455,0.47,945000,948999,1400-8-1,2021-10-23
771,وحافظ,بيمه حافظ,6,42747,427128024,10517,9992,9992,-525,-4.99,10493,-24,-0.23,9992,9992,1400-8-1,2021-10-23
772,اخزا906,اسنادخزانه-م6بودجه99-020321,6,3744,2649926156,703925,706333,708998,5073,0.72,707779,3854,0.55,706151,708998,1400-8-1,2021-10-23
773,فسديد,لوله‌وتجهيزات‌ سديد - ورشكسته,5,7127,743959022,106516,104386,104386,-2130,-2,106128,-388,-0.36,104386,104386,1400-8-1,2021-10-23
774,ضذوب905,اختيارخ ذوب-5000-14000917,5,210,28750000,288,170,105,-183,-63.54,137,-151,-52.43,101,170,1400-8-1,2021-10-23
775,ضذوب904,اختيارخ ذوب-4500-14000917,5,23,3452000,121,151,150,29,23.97,150,29,23.97,150,151,1400-8-1,2021-10-23
776,خفناور,مهندسي صنعتي روان فن آور,5,2545,103525510,42818,40678,40678,-2140,-5,42795,-23,-0.05,40678,40678,1400-8-1,2021-10-23
777,ضملي1163,اختيارخ فملي-9000-1400/11/03,5,7,6840000,300,1000,250,-50,-16.67,977,677,225.67,250,2000,1400-8-1,2021-10-23
778,تسه9905,امتياز تسهيلات مسكن مرداد99,5,193,133747770,708679,685000,709990,1311,0.18,692994,-15685,-2.21,685000,709990,1400-8-1,2021-10-23
779,ضذوب901,اختيارخ ذوب-3000-14000917,5,60,67180000,1350,1120,1119,-231,-17.11,1120,-230,-17.04,1119,1120,1400-8-1,2021-10-23
780,طلا2,صندوق س.پشتوانه طلاي لوتوس,5,500000,500000,82348,1,1,-82347,-100,1,-82347,-100,1,1,1400-8-1,2021-10-23
781,ضپال2006,اختيارخ اپال-28000-1401/02/12,5,50,50999000,894,999,1060,166,18.57,1020,126,14.09,999,1060,1400-8-1,2021-10-23
782,سايرا,ايرانيت‌,5,941,32340288,35800,34368,34368,-1432,-4,35790,-10,-0.03,34368,34368,1400-8-1,2021-10-23
783,فنفت,صنايع تجهيزات نفت,5,5972,89896516,15518,15053,15053,-465,-3,15514,-4,-0.03,15053,15053,1400-8-1,2021-10-23
784,ضترا8061,اختيارخ شتران-5205-1400/08/09,4,20,7685130,20,1000,30,10,50,169,149,745,20,1000,1400-8-1,2021-10-23
785,غشوكو,شوكو پارس,4,41753,420202192,10375,10064,10064,-311,-3,10362,-13,-0.13,10064,10064,1400-8-1,2021-10-23
786,وسرضوي,س.سهام عدالت استان خراسان رضوي,4,63320,44007400,731,695,695,-36,-4.92,731,0,0,695,695,1400-8-1,2021-10-23
787,ضپيك1029,اختيارخ تاپيكو-10000-00/10/15,4,5,25000000,4900,5000,5000,100,2.04,5000,100,2.04,5000,5000,1400-8-1,2021-10-23
788,ضذوب900,اختيارخ ذوب-2500-14000917,4,50,79000000,1800,1580,1580,-220,-12.22,1580,-220,-12.22,1580,1580,1400-8-1,2021-10-23
789,اراد24,مرابحه عام دولت2-ش.خ ساير0212,4,100000,100000000000,1000000,1000000,1000000,0,0,1000000,0,0,1000000,1000000,1400-8-1,2021-10-23
790,سرو2,صندوق س سروسودمند مدبران-سهام,4,220000,220000,74800,1,1,-74799,-100,1,-74799,-100,1,1,1400-8-1,2021-10-23
791,سنوين,سرمايه گذاري اقتصاد نوين,4,3225,23626350,7552,7326,7326,-226,-2.99,7551,-1,-0.01,7326,7326,1400-8-1,2021-10-23
792,اراد404,مرابحه عام دولت4-ش.خ 0207,4,15880000,15014266260000,1000000,915529,949415,-50585,-5.06,945483,-54517,-5.45,915300,949626,1400-8-1,2021-10-23
793,ضفلا1161,اختيارخ فولاد-8000-1400/11/24,4,6,22699000,3600,3700,3999,399,11.08,3783,183,5.08,3700,3999,1400-8-1,2021-10-23
794,زعف0008پ16,زعفران0008نگين بيرجند(پ),4,400,64159800,159926,160000,161000,1074,0.67,160399,473,0.3,160000,161000,1400-8-1,2021-10-23
795,ضملت8039,اختيارخ وبملت-2434-1400/08/19,4,104,82906000,1351,800,702,-649,-48.04,797,-554,-41.01,702,800,1400-8-1,2021-10-23
796,پست0008پ08,پسته فندقي32-30مه ولات0008(پ),4,105,196702920,1921360,1825292,1875000,-46360,-2.41,1873361,-47999,-2.5,1825292,1880000,1400-8-1,2021-10-23
797,مكرما304,مشاركت ش كرمانشاه304-3ماهه18%,3,21000,21000000000,1000000,1000000,1000000,0,0,1000000,0,0,1000000,1000000,1400-8-1,2021-10-23
798,زير0103پ04,زيره سبز0103شركت مينوبذر(پ),3,101,85461352,890686,846152,846152,-44534,-5,846152,-44534,-5,846152,846152,1400-8-1,2021-10-23
799,ضسپا1113,اختيارخ خساپا-1800-1400/11/20,3,6,1880000,336,300,300,-36,-10.71,313,-23,-6.85,300,340,1400-8-1,2021-10-23
800,ضملت8038,اختيارخ وبملت-1934-1400/08/19,3,240,299800000,1800,1220,1290,-510,-28.33,1249,-551,-30.61,1220,1290,1400-8-1,2021-10-23
801,ضشنا1049,اختيارخ شپنا-6540-1400/10/19,3,41,49620000,1600,1220,1200,-400,-25,1210,-390,-24.38,1200,1220,1400-8-1,2021-10-23
802,طخود1050,اختيارف خودرو-1600-1400/10/08,3,218,15440000,47,70,80,33,70.21,71,24,51.06,70,80,1400-8-1,2021-10-23
803,ضترا8055,اختيارخ شتران-2118-1400/08/09,3,14,76171200,6498,2400,2400,-4098,-63.07,2400,-4098,-63.07,2400,2400,1400-8-1,2021-10-23
804,وسقم,شركت س استان قم,3,12685,16186060,1343,1276,1276,-67,-4.99,1343,0,0,1276,1276,1400-8-1,2021-10-23
805,سخواف,سيمان مجد خواف,3,3478,35162580,10422,10110,10110,-312,-2.99,10421,-1,-0.01,10110,10110,1400-8-1,2021-10-23
806,اطلس2,صندوق س.توسعه اندوخته آينده-س,3,30000,30000,256233,1,1,-256232,-100,1,-256232,-100,1,1,1400-8-1,2021-10-23
807,مهان01,اجاره مهرآيندگان لوتوس0311,3,150000,150000000000,985100,1000000,1000000,14900,1.51,1000000,14900,1.51,1000000,1000000,1400-8-1,2021-10-23
808,ضسپا8040,اختيارخ خساپا-1400-1400/08/26,2,2,470000,361,200,270,-91,-25.21,235,-126,-34.9,200,270,1400-8-1,2021-10-23
809,آوا2,صندوق س.سهام آواي معيار-س,2,1100000,1100000,8005,1,1,-8004,-99.99,1,-8004,-99.99,1,1,1400-8-1,2021-10-23
810,افاد534,منفعت دولت5-ش.خاص كاريزما0108,2,3999000,3931715000000,964000,983349,983000,19000,1.97,983175,19175,1.99,983000,983349,1400-8-1,2021-10-23
811,ضملت8045,اختيارخ وبملت-5934-1400/08/19,2,47,121000,3,3,1,-2,-66.67,3,0,0,1,3,1400-8-1,2021-10-23
812,شتولي,تولي‌پرس‌,2,980,19804820,21051,20209,20209,-842,-4,21048,-3,-0.01,20209,20209,1400-8-1,2021-10-23
813,داريوش2,صندوق س. ثروت داريوش -س,2,2200000,2200000,9818,1,1,-9817,-99.99,1,-9817,-99.99,1,1,1400-8-1,2021-10-23
814,حاريا,كشتيراني آريا,2,990,15137100,15602,15290,15290,-312,-2,15601,-1,-0.01,15290,15290,1400-8-1,2021-10-23
815,اراد504,مرابحه عام دولت5-ش.خ0302,2,4999000,4769918500000,1000001,954349,954000,-46001,-4.6,954175,-45826,-4.58,954000,954349,1400-8-1,2021-10-23
816,اراد624,مرابحه عام دولت62-ش.خ0309,2,9999000,9410474000000,1000000,941283,941000,-59000,-5.9,941141,-58859,-5.89,941000,941283,1400-8-1,2021-10-23
817,هماي2,صندوق س هماي آگاه-ثابت,2,6995000,6995000,10150,1,1,-10149,-99.99,1,-10149,-99.99,1,1,1400-8-1,2021-10-23
818,اراد594,مرابحه عام دولتي5-ش.خ 0309,2,9082900,8502943786800,1000000,936232,936065,-63935,-6.39,936149,-63851,-6.39,936065,936232,1400-8-1,2021-10-23
819,ضشنا8001,اختيارخ شپنا-6800-1400/08/16,2,3,10519000,5000,3509,3501,-1499,-29.98,3506,-1494,-29.88,3501,3509,1400-8-1,2021-10-23
820,اراد334,مرابحه عام دولت3-ش.خ 0303,2,3194000,2848305395000,965000,891835,891700,-73300,-7.6,891767,-73233,-7.59,891700,891835,1400-8-1,2021-10-23
821,زير0103پ01,زيره سبز0103كيميابذر(پ),2,149,126076660,890686,846152,846154,-44532,-5,846152,-44534,-5,846152,846154,1400-8-1,2021-10-23
822,پست0008پ04,پسته فندقي32-30سبزدانه0008(پ),2,242,459800000,1875717,1900000,1900000,24283,1.29,1900000,24283,1.29,1900000,1900000,1400-8-1,2021-10-23
823,اراد864,مرابحه عام دولت86-ش.خ020404,2,60000000,56708880000000,936100,945266,945030,8930,0.95,945148,9048,0.97,945030,945266,1400-8-1,2021-10-23
824,اراد384,مرابحه عام دولت3-ش.خ 0105,2,2300000,2242862250000,1009000,975293,975022,-33978,-3.37,975157,-33843,-3.35,975022,975293,1400-8-1,2021-10-23
825,ضپيك1028,اختيارخ تاپيكو-9000-00/10/15,2,14,81300000,6500,6000,5700,-800,-12.31,5807,-693,-10.66,5700,6000,1400-8-1,2021-10-23
826,ضترا1132,اختيارخ شتران-3970-1400/11/10,2,33,112216500,1500,1500,1500,0,0,1500,0,0,1500,1500,1400-8-1,2021-10-23
827,اراد654,مرابحه عام دولتي65-ش.خ0210,2,6460554,6090648520176,989000,942848,942640,-46360,-4.69,942744,-46256,-4.68,942640,942848,1400-8-1,2021-10-23
828,ضبدر8079,اختيارخ شبندر-6011-1400/08/30,2,15,33640488,810,666,450,-360,-44.44,479,-331,-40.86,450,666,1400-8-1,2021-10-23
829,زير0103پ02,زيره سبز0103 دانش(پ),2,20,16923040,890686,846152,846152,-44534,-5,846152,-44534,-5,846152,846152,1400-8-1,2021-10-23
830,اراد584,مرابحه عام دولت5-ش.خ 0110,2,20000000,19227890000000,960000,961519,961270,1270,0.13,961394,1394,0.15,961270,961519,1400-8-1,2021-10-23
831,افرا2,افرانت,2,10000000,191260000000,19646,19126,19126,-520,-2.65,19126,-520,-2.65,19126,19126,1400-8-1,2021-10-23
832,اخزا8182,اسنادخزانه-م18بودجه98-010614,2,200000,168000000000,839046,840000,840000,954,0.11,840000,954,0.11,840000,840000,1400-8-1,2021-10-23
833,ضبدر1161,اختيارخ شبندر-4500-1400/11/13,2,2,4800000,2700,2500,2300,-400,-14.81,2400,-300,-11.11,2300,2500,1400-8-1,2021-10-23
834,اگ001254,گام بانك پارسيان0012,2,294,270774000,906000,921000,921000,15000,1.66,921000,15000,1.66,921000,921000,1400-8-1,2021-10-23
835,آشناتك,ص.س.ج.آشناتك ايرانيان,2,24000,25307856000,1054494,1054494,1054494,0,0,1054494,0,0,1054494,1054494,1400-8-1,2021-10-23
836,شرق1400,مشاركت ليزينگ ايران وشرق140010,2,14,14052991,1005999,1005999,999800,-6199,-0.62,1003785,-2214,-0.22,999800,1005999,1400-8-1,2021-10-23
837,صخود0412,ص مرابحه خودرو041- 3ماهه 18%,2,1200000,1177680000000,1000000,981400,981400,-18600,-1.86,981400,-18600,-1.86,981400,981400,1400-8-1,2021-10-23
838,ضجار1021,اختيارخ وتجارت-1800-1400/10/15,2,6,2160000,400,360,360,-40,-10,360,-40,-10,360,360,1400-8-1,2021-10-23
839,ثنام,س ساختماني ب نام آوران مهندسي,2,1381,15489296,11562,11216,11216,-346,-2.99,11561,-1,-0.01,11216,11216,1400-8-1,2021-10-23
840,فملي2,ملي‌ صنايع‌ مس‌ ايران‌,2,1136400000,14943660000000,13530,13150,13150,-380,-2.81,13150,-380,-2.81,13150,13150,1400-8-1,2021-10-23
841,اراد604,مرابحه عام دولتي6-ش.خ0210,2,6600000,6220503300000,946000,942606,942395,-3605,-0.38,942500,-3500,-0.37,942395,942606,1400-8-1,2021-10-23
842,تملي809,تسهيلات مسكن ب. ملي-آذر98,2,20,11265000,592894,563250,563250,-29644,-5,563250,-29644,-5,563250,563250,1400-8-1,2021-10-23
843,ضصاد8030,اختيارخ وبصادر-1589-1400/08/12,1,1,250000,445,250,250,-195,-43.82,250,-195,-43.82,250,250,1400-8-1,2021-10-23
844,غشوكوح,ح . شوكو پارس,1,750,5115750,7031,6821,6821,-210,-2.99,6821,-210,-2.99,6821,6821,1400-8-1,2021-10-23
845,مشهد0012,مشاركت شهرداري مشهد-3ماهه20%,1,497,497000000,995000,1000000,1000000,5000,0.5,1000000,5000,0.5,1000000,1000000,1400-8-1,2021-10-23
846,اراد474,مرابحه عام دولت4-ش.خ 0008,1,2496200,2495171565600,998500,999588,999588,1088,0.11,999588,1088,0.11,999588,999588,1400-8-1,2021-10-23
847,ضپال2001,اختيارخ اپال-14000-1401/02/12,1,1,9300000,6000,9300,9300,3300,55,9300,3300,55,9300,9300,1400-8-1,2021-10-23
848,ضبدر8076,اختيارخ شبندر-3448-1400/08/30,1,1,6136040,2511,1310,1310,-1201,-47.83,1310,-1201,-47.83,1310,1310,1400-8-1,2021-10-23
849,تابان03,اجاره تابان سپهر14021206,1,150,150000000,1000000,1000000,1000000,0,0,1000000,0,0,1000000,1000000,1400-8-1,2021-10-23
850,سخاش2,سيمان‌خاش‌,1,6200000,614234000000,99070,99070,99070,0,0,99070,0,0,99070,99070,1400-8-1,2021-10-23
851,وسخراج,شركت س استان خراسان جنوبي,1,10000,21050000,2215,2105,2105,-110,-4.97,2215,0,0,2105,2105,1400-8-1,2021-10-23
852,نگين,ص.س. زمين و ساختمان نگين شهرري,1,100,5112000,51530,51120,51120,-410,-0.8,51120,-410,-0.8,51120,51120,1400-8-1,2021-10-23
853,وشمال,س. چشم انداز توسعه شمال,1,87,6390933,76519,73459,73459,-3060,-4,76515,-4,-0.01,73459,73459,1400-8-1,2021-10-23
854,طصاد8033,اختيارف وبصادر-2489-1400/08/12,1,1,400000,381,400,400,19,4.99,400,19,4.99,400,400,1400-8-1,2021-10-23
855,اخزا0052,اسنادخزانه-م5بودجه00-030626,1,255000,136221000000,527379,534200,534200,6821,1.29,534200,6821,1.29,534200,534200,1400-8-1,2021-10-23
856,ثقزوي,شركت عمران و سازندگي قزوين,1,2208,63451296,29625,28737,28737,-888,-3,29619,-6,-0.02,28737,28737,1400-8-1,2021-10-23
857,گواهي ظرفيت,گواهي ظرفيت نقدي,1,5365000,155751315000,27649,29031,29031,1382,5,27945,296,1.07,29031,29031,1400-8-1,2021-10-23
858,اخزا0012,اسنادخزانه-م1بودجه00-030821,1,100000,51600000000,511660,516000,516000,4340,0.85,516000,4340,0.85,516000,516000,1400-8-1,2021-10-23
859,امين يكم4,صندوق درآمد ثابت امين يكم فردا,1,180000000,1800180000000,10152,10001,10001,-151,-1.49,10001,-151,-1.49,10001,10001,1400-8-1,2021-10-23
860,تملي808,تسهيلات مسكن ب. ملي-آبان98,1,21,5865552,266012,279312,279312,13300,5,279312,13300,5,279312,279312,1400-8-1,2021-10-23
861,ضترا1130,اختيارخ شتران-3089-1400/11/10,1,10,52141000,6290,2300,2300,-3990,-63.43,2300,-3990,-63.43,2300,2300,1400-8-1,2021-10-23
862,طصاد8032,اختيارف وبصادر-1989-1400/08/12,1,1,100000,60,100,100,40,66.67,100,40,66.67,100,100,1400-8-1,2021-10-23
863,اخزا9022,اسنادخزانه-م2بودجه99-011019,1,629834,496939026000,779325,789000,789000,9675,1.24,789000,9675,1.24,789000,789000,1400-8-1,2021-10-23
864,اوصتا4,صندوق انديشه ورزان صباتامين -د,1,98833762,2000000007832,20217,20236,20236,19,0.09,20236,19,0.09,20236,20236,1400-8-1,2021-10-23
865,ضجار1022,اختيارخ وتجارت-2000-1400/10/15,1,3,720000,338,240,240,-98,-28.99,240,-98,-28.99,240,240,1400-8-1,2021-10-23
866,ضفلا1160,اختيارخ فولاد-7000-1400/11/24,1,1,4999000,4900,4999,4999,99,2.02,4999,99,2.02,4999,4999,1400-8-1,2021-10-23
867,ضملي1162,اختيارخ فملي-8000-1400/11/03,1,1,410000,633,410,410,-223,-35.23,410,-223,-35.23,410,410,1400-8-1,2021-10-23
868,اراد524,مرابحه عام دولت5-ش.خ 0108,1,2615000,2511053750000,1000000,960250,960250,-39750,-3.98,960250,-39750,-3.98,960250,960250,1400-8-1,2021-10-23
869,ضملي1158,اختيارخ فملي-4500-1400/11/03,1,6,33000000,5850,5500,5500,-350,-5.98,5500,-350,-5.98,5500,5500,1400-8-1,2021-10-23
870,سفارس2,سيمان فارس و خوزستان,1,56000000,1060080000000,18930,18930,18930,0,0,18930,0,0,18930,18930,1400-8-1,2021-10-23
871,افاد514,منفعت دولت5-ش.خاص كاردان0108,1,100000,99999900000,999999,999999,999999,0,0,999999,0,0,999999,999999,1400-8-1,2021-10-23
872,طخود1051,اختيارف خودرو-1800-1400/10/08,1,50,8500000,110,170,170,60,54.55,170,60,54.55,170,170,1400-8-1,2021-10-23
873,طفلا1162,اختيارف فولاد-9000-1400/11/24,1,1,250000,425,250,250,-175,-41.18,250,-175,-41.18,250,250,1400-8-1,2021-10-23
874,ياقوت2,صندوق س ياقوت آگاه-ثابت,1,14556000,14556000,13375,1,1,-13374,-99.99,1,-13374,-99.99,1,1,1400-8-1,2021-10-23
875,ميدكو2,توسعه معادن وص.معدني خاورميانه,1,5000000,235000000000,47040,47000,47000,-40,-0.09,47000,-40,-0.09,47000,47000,1400-8-1,2021-10-23
876,سبرق021,سلف موازي برق صادراتي گيلان021,1,80000,15048000000,188000,188100,188100,100,0.05,188100,100,0.05,188100,188100,1400-8-1,2021-10-23
877,مشهد14122,مشاركت ش مشهد1412-3ماهه18%,1,1200875,1200875000000,1000000,1000000,1000000,0,0,1000000,0,0,1000000,1000000,1400-8-1,2021-10-23
878,اخزا0062,اسنادخزانه-م6بودجه00-030723,1,170000,89080000000,520308,524000,524000,3692,0.71,524000,3692,0.71,524000,524000,1400-8-1,2021-10-23
879,ضفرابورس1200,اختيارخ فرابورس-19000-14001218,1,1,1003000,5500,1003,1003,-4497,-81.76,1003,-4497,-81.76,1003,1003,1400-8-1,2021-10-23
880,اخزا8202,اسنادخزانه-م20بودجه98-020806,1,400000,260400000000,651000,651000,651000,0,0,651000,0,0,651000,651000,1400-8-1,2021-10-23
881,اراد84,مرابحه عام دولت84-ش.خ030624,1,15000,14850000000,980000,990000,990000,10000,1.02,990000,10000,1.02,990000,990000,1400-8-1,2021-10-23
882,طفلا1163,اختيارف فولاد-10000-1400/11/24,1,30,10500000,600,350,350,-250,-41.67,350,-250,-41.67,350,350,1400-8-1,2021-10-23
883,آگاس2,صندوق س.هستي بخش آگاه-س,1,100000,100000,83374,1,1,-83373,-100,1,-83373,-100,1,1,1400-8-1,2021-10-23
884,دومينو4,اجاره دومينو14040208,1,38,37099514,1000000,976303,976303,-23697,-2.37,976303,-23697,-2.37,976303,976303,1400-8-1,2021-10-23
885,اراد794,مرابحه عام دولت79-ش.خ010612,1,2020000,1964110640000,960000,972332,972332,12332,1.28,972332,12332,1.28,972332,972332,1400-8-1,2021-10-23
886,ضترا1134,اختيارخ شتران-5294-1400/11/10,1,1,3015110,1,1330,1330,1329,132900,1330,1329,132900,1330,1330,1400-8-1,2021-10-23
887,افاد614,منفعت دولت6-ش.خاص140109,1,2150000,2112076150000,989800,982361,982361,-7439,-0.75,982361,-7439,-0.75,982361,982361,1400-8-1,2021-10-23
888,حگردش4,ريل گردش ايرانيان,1,160000000,492320000000,3077,3077,3077,0,0,3077,0,0,3077,3077,1400-8-1,2021-10-23
889,سبهان2,سيمان‌ بهبهان‌,1,9900000,527868000000,53320,53320,53320,0,0,53320,0,0,53320,53320,1400-8-1,2021-10-23
890,حشكوه4,دليجان طلايي شكوه پارس,1,172664000,440120536000,2549,2549,2549,0,0,2549,0,0,2549,2549,1400-8-1,2021-10-23
891,كمند4,صندوق س. با درآمد ثابت كمند,1,20000000,201780000000,10072,10089,10089,17,0.17,10089,17,0.17,10089,10089,1400-8-1,2021-10-23
892,اراد60,مرابحه عام دولتي6-ش.خ0210,1,100,93500000,946000,935000,935000,-11000,-1.16,935000,-11000,-1.16,935000,935000,1400-8-1,2021-10-23
893,فماك2,ماداكتو استيل كرد,1,1070000,24941700000,22850,23310,23310,460,2.01,23310,460,2.01,23310,23310,1400-8-1,2021-10-23
894,ضشنا1051,اختيارخ شپنا-8719-1400/10/19,1,1,301000,800,301,301,-499,-62.38,301,-499,-62.38,301,301,1400-8-1,2021-10-23
895,اخزا9182,اسنادخزانه-م18بودجه99-010323,1,348709,305026223570,874729,874730,874730,1,0,874730,1,0,874730,874730,1400-8-1,2021-10-23
896,اراد324,مرابحه عام دولت3-ش.خ0211,1,675900,562296755700,1000000,831923,831923,-168077,-16.81,831923,-168077,-16.81,831923,831923,1400-8-1,2021-10-23
897,طذوب903,اختيارف ذوب-4000-14000917,1,100,20000000,198,200,200,2,1.01,200,2,1.01,200,200,1400-8-1,2021-10-23
898,ضملي1160,اختيارخ فملي-6000-1400/11/03,1,4,12800000,3206,3200,3200,-6,-0.19,3200,-6,-0.19,3200,3200,1400-8-1,2021-10-23
