,نماد,نام,تعداد,حجم,ارزش,دیروز,اولین,آخرین معامله - مقدار,آخرین معامله - تغییر,آخرین معامله - درصد,قیمت پایانی - مقدار,قیمت پایانی - تغییر,قیمت پایانی - درصد,کمترین,بیشترین,تاریخ,gregorian_date
0,پالايش,صندوق پالايشي يكم-سهام,41906,55654812,4078227374110,72220,72850,72790,570,0.79,73280,1060,1.47,72600,74380,1400-4-5,2021-06-26
1,ومدير,گ.مديريت ارزش سرمايه ص ب كشوري,33031,32406901,127683189940,3753,3940,3940,187,4.98,3940,187,4.98,3940,3940,1400-4-5,2021-06-26
2,شپنا,پالايش نفت اصفهان,27467,207905327,2813653724620,13090,13240,13290,200,1.53,13530,440,3.36,13100,13740,1400-4-5,2021-06-26
3,فملي,ملي‌ صنايع‌ مس‌ ايران‌,25260,155751582,1934122998780,12310,12550,12160,-150,-1.22,12420,110,0.89,12120,12600,1400-4-5,2021-06-26
4,غكورش,صنعت غذايي كورش,25227,14159998,571994707210,41290,41330,39940,-1350,-3.27,40400,-890,-2.16,39860,41330,1400-4-5,2021-06-26
5,خودرو,ايران‌ خودرو,24530,722082093,1528784700473,2116,2100,2089,-27,-1.28,2117,1,0.05,2069,2171,1400-4-5,2021-06-26
6,شصدف,صنعتي دوده فام,22701,29227143,799777852544,27557,26180,28934,1377,5,27364,-193,-0.7,26180,28934,1400-4-5,2021-06-26
7,شستا,سرمايه گذاري تامين اجتماعي,21872,224809251,2812943425380,11930,12520,12520,590,4.95,12510,580,4.86,12200,12520,1400-4-5,2021-06-26
8,دارا يكم,صندوق واسطه گري مالي يكم-سهام,21291,15682766,2003068753820,127470,127470,126750,-720,-0.56,127720,250,0.2,126400,129000,1400-4-5,2021-06-26
9,فولاد,فولاد مباركه اصفهان,20109,144220200,1557425927120,10590,10880,10590,0,0,10800,210,1.98,10580,10960,1400-4-5,2021-06-26
10,خساپا,سايپا,18817,763725029,1412493058826,1835,1810,1813,-22,-1.2,1849,14,0.76,1780,1899,1400-4-5,2021-06-26
11,لطيف,محصولات كاغذي لطيف,17626,763512,26054847000,32500,34125,34125,1625,5,34125,1625,5,34125,34125,1400-4-5,2021-06-26
12,پترول,گ.س.وت.ص.پتروشيمي خليج فارس,15806,103417973,965922466910,9330,9100,9300,-30,-0.32,9340,10,0.11,9000,9690,1400-4-5,2021-06-26
13,شتران,پالايش نفت تهران,14354,202397376,1939840556340,9190,9470,9540,350,3.81,9580,390,4.24,9270,9640,1400-4-5,2021-06-26
14,رافزا,رايان هم افزا,12534,1898420,141247538599,75398,73001,74021,-1377,-1.83,74403,-995,-1.32,71700,76604,1400-4-5,2021-06-26
15,وتجارت,بانك تجارت,11988,314836131,805426204172,2582,2590,2515,-67,-2.59,2558,-24,-0.93,2500,2620,1400-4-5,2021-06-26
16,سيتا,سرمايه گذاري سيمان تامين,11731,34142435,552293927790,15440,15770,16210,770,4.99,16180,740,4.79,15200,16210,1400-4-5,2021-06-26
17,ذوب,سهامي ذوب آهن  اصفهان,11605,308248653,1166837759580,3650,3828,3710,60,1.64,3785,135,3.7,3671,3832,1400-4-5,2021-06-26
18,سپيدار,سپيدار سيستم آسيا,11389,839582,46447096784,53476,53210,55080,1604,3,55322,1846,3.45,53210,56149,1400-4-5,2021-06-26
19,بوعلي,پتروشيمي بوعلي سينا,11298,12060405,589618809920,46680,47710,48980,2300,4.93,48890,2210,4.73,47260,49010,1400-4-5,2021-06-26
20,چخزر,صنايع چوب خزر كاسپين,11167,3410717,115718790635,32552,32552,33929,1377,4.23,33928,1376,4.23,32552,34179,1400-4-5,2021-06-26
21,وبملت,بانك ملت,10946,271888428,1137154752228,4167,4160,4099,-68,-1.63,4182,15,0.36,4097,4280,1400-4-5,2021-06-26
22,لكما,كارخانجات‌مخابراتي‌ايران‌,9602,105175620,384472221597,3734,3622,3668,-66,-1.77,3656,-78,-2.09,3622,3800,1400-4-5,2021-06-26
23,ختور,رادياتور ايران‌,9469,44385161,732647046660,16250,16020,17060,810,4.98,16510,260,1.6,15440,17060,1400-4-5,2021-06-26
24,ثفارس,عمران‌وتوسعه‌فارس‌,9068,88142332,687501098630,7760,7380,8140,380,4.9,7800,40,0.52,7380,8140,1400-4-5,2021-06-26
25,زملارد,كشاورزي و دامپروري ملارد شير,8741,2666331,80094147683,30901,31710,29900,-1001,-3.24,30039,-862,-2.79,29440,31710,1400-4-5,2021-06-26
26,كرمان,س. توسعه و عمران استان كرمان,8561,283728929,320075284808,1127,1130,1120,-7,-0.62,1128,1,0.09,1101,1148,1400-4-5,2021-06-26
27,كاما,باما,8390,76418737,706464851400,8870,9000,9130,260,2.93,9240,370,4.17,8950,9310,1400-4-5,2021-06-26
28,كزغال,زغال سنگ پروده طبس,8057,9133672,319084723711,33675,35358,34090,415,1.23,34935,1260,3.74,34000,35358,1400-4-5,2021-06-26
29,كمند,صندوق س. با درآمد ثابت كمند,7934,345043026,3490288340006,10100,10115,10116,16,0.16,10116,16,0.16,10115,10118,1400-4-5,2021-06-26
30,خپارس,پارس‌ خودرو,7911,311367477,339508287547,1081,1096,1083,2,0.19,1090,9,0.83,1060,1110,1400-4-5,2021-06-26
31,هاي وب,داده گسترعصرنوين-هاي وب,7742,44890245,377332197570,8600,8650,8260,-340,-3.95,8410,-190,-2.21,8170,8770,1400-4-5,2021-06-26
32,اپال,فرآوري معدني اپال كاني پارس,7712,9894908,191336979040,19450,19480,19250,-200,-1.03,19340,-110,-0.57,19000,19600,1400-4-5,2021-06-26
33,غزر,صنعتي زر ماكارون,7674,4738018,114898281830,24620,24330,23850,-770,-3.13,24250,-370,-1.5,23390,24950,1400-4-5,2021-06-26
34,ثبهساز,بهساز كاشانه تهران,7655,81307878,164494466279,2060,2048,1985,-75,-3.64,2023,-37,-1.8,1966,2098,1400-4-5,2021-06-26
35,وآيند,بانك  آينده,7585,56048374,726985494253,12677,12170,13184,507,4,12971,294,2.32,12170,13184,1400-4-5,2021-06-26
36,شاروم,پتروشيمي اروميه,7341,4921840,75265872803,15060,15600,15012,-48,-0.32,15292,232,1.54,14900,15630,1400-4-5,2021-06-26
37,اخابر,مخابرات ايران,7018,131305421,1074729307420,7310,8300,8000,690,9.44,8180,870,11.9,7930,8400,1400-4-5,2021-06-26
38,شگويا,پتروشيمي تندگويان,6951,33015986,303918604303,9181,9390,9070,-111,-1.21,9205,24,0.26,9001,9390,1400-4-5,2021-06-26
39,وبصادر,بانك صادرات ايران,6686,152782571,341091418401,2244,2259,2188,-56,-2.5,2233,-11,-0.49,2172,2298,1400-4-5,2021-06-26
40,نوري,پتروشيمي نوري,6457,8213403,662864587550,79640,80000,80000,360,0.45,80710,1070,1.34,78620,82620,1400-4-5,2021-06-26
41,وسپهر,سرمايه گذاري مالي سپهرصادرات,6406,22837197,208581117605,9166,9390,9096,-70,-0.76,9133,-33,-0.36,9094,9390,1400-4-5,2021-06-26
42,ثاميد,توسعه و عمران اميد,6342,43949860,74069589176,1713,1715,1649,-64,-3.74,1685,-28,-1.63,1645,1738,1400-4-5,2021-06-26
43,خبهمن,گروه‌بهمن‌,6201,193022184,263078473019,1329,1362,1350,21,1.58,1363,34,2.56,1310,1392,1400-4-5,2021-06-26
44,وغدير,سرمايه‌گذاري‌غدير(هلدينگ‌,6118,60215914,713830827180,11400,11780,11670,270,2.37,11850,450,3.95,11480,11970,1400-4-5,2021-06-26
45,لپارس,پارس‌ الكتريك‌,5761,7413755,573512478910,79760,83000,76600,-3160,-3.96,77360,-2400,-3.01,76010,83000,1400-4-5,2021-06-26
46,ريشمك,توليد و صادرات ريشمك,5556,11063925,465894859040,42842,40843,44000,1158,2.7,42109,-733,-1.71,40710,44340,1400-4-5,2021-06-26
47,كبافق,معادن‌ بافق‌,5551,8108017,321716197280,40490,38470,41320,830,2.05,39680,-810,-2,38470,42000,1400-4-5,2021-06-26
48,آريا,پليمر آريا ساسول,5455,3565243,307258796534,84379,84700,86881,2502,2.97,86182,1803,2.14,84500,87600,1400-4-5,2021-06-26
49,فاذر,صنايع‌ آذرآب‌,5363,204271540,250311957404,1257,1280,1206,-51,-4.06,1225,-32,-2.55,1195,1289,1400-4-5,2021-06-26
50,امين يكم,صندوق درآمد ثابت امين يكم فردا,5219,151359581,1516118645555,10009,10017,10020,11,0.11,10017,8,0.08,10014,10030,1400-4-5,2021-06-26
51,شبريز,پالايش نفت تبريز,5167,18489308,573887465950,30180,30530,30550,370,1.23,31040,860,2.85,30200,31680,1400-4-5,2021-06-26
52,خزاميا,زامياد,5120,57224540,370081172990,6520,6390,6310,-210,-3.22,6470,-50,-0.77,6250,6710,1400-4-5,2021-06-26
53,فخوز,فولاد  خوزستان,5062,29727008,494641148070,16040,16660,16500,460,2.87,16640,600,3.74,16300,16840,1400-4-5,2021-06-26
54,ولپارس,ليزينگ پارسيان,4962,26702575,112782141773,4028,4147,4229,201,4.99,4224,196,4.87,4052,4229,1400-4-5,2021-06-26
55,وكبهمن,مديريت سرمايه گذاري كوثربهمن,4816,1725420,19542224561,11092,11430,11420,328,2.96,11326,234,2.11,11120,11600,1400-4-5,2021-06-26
56,غبهار,كشت وصنعت بهاران گلبهار خراسان,4757,8396709,187616385186,22500,22100,22450,-50,-0.22,22344,-156,-0.69,21825,23150,1400-4-5,2021-06-26
57,غگل,گلوكوزان‌,4686,61645779,222623143899,3558,3670,3577,19,0.53,3611,53,1.49,3508,3680,1400-4-5,2021-06-26
58,قشكر,شكرشاهرود,4599,81162540,239114815960,3018,2868,3020,2,0.07,2946,-72,-2.39,2868,3099,1400-4-5,2021-06-26
59,وپويا,سرمايه گذاري پويا,4543,20810346,99513125085,4565,4698,4793,228,4.99,4782,217,4.75,4610,4793,1400-4-5,2021-06-26
60,وخارزم,سرمايه گذاري خوارزمي,4465,47618883,225614726436,4573,4420,4765,192,4.2,4738,165,3.61,4420,4801,1400-4-5,2021-06-26
61,وپارس,بانك‌پارسيان‌,4432,116010377,329987634776,2862,2890,2761,-101,-3.53,2844,-18,-0.63,2755,2928,1400-4-5,2021-06-26
62,غگيلا,شيرپاستوريزه پگاه گيلان,4384,4530087,70514262832,15054,15251,15239,185,1.23,15566,512,3.4,15150,15806,1400-4-5,2021-06-26
63,وآوا,سرمايه گذاري آوا نوين,4371,35848414,204566451233,5565,5700,5677,112,2.01,5706,141,2.53,5550,5843,1400-4-5,2021-06-26
64,بپيوند,برق و انرژي پيوندگستر پارس,3999,3763076,45587564474,12166,12160,11950,-216,-1.78,12114,-52,-0.43,11900,12395,1400-4-5,2021-06-26
65,آبادا,توليد نيروي برق آبادان,3982,4130373,47328070340,10950,11460,11490,540,4.93,11460,510,4.66,11020,11490,1400-4-5,2021-06-26
66,بترانس,ايران‌ ترانسفو,3928,84569164,201238741580,2312,2385,2355,43,1.86,2380,68,2.94,2321,2422,1400-4-5,2021-06-26
67,مرقام,ايران‌ارقام‌,3841,12807968,198841843650,15640,15480,15250,-390,-2.49,15520,-120,-0.77,15020,15760,1400-4-5,2021-06-26
68,تسه0003,امتيازتسهيلات مسكن خرداد1400,3678,92533,51618071063,556545,584372,556000,-545,-0.1,557834,1289,0.23,540159,584372,1400-4-5,2021-06-26
69,كلر,كلر پارس,3648,3083650,315989095912,98689,103623,102800,4111,4.17,102472,3783,3.83,94000,103623,1400-4-5,2021-06-26
70,ثشاهد,سرمايه‌ گذاري‌ شاهد,3590,17559424,238938081330,13180,13350,13800,620,4.7,13610,430,3.26,13060,13830,1400-4-5,2021-06-26
71,حريل,ريل پردازسير,3568,46372194,167741259526,3738,3720,3561,-177,-4.74,3617,-121,-3.24,3561,3800,1400-4-5,2021-06-26
72,بگيلان,توسعه مسير برق گيلان,3528,1121273,22348127867,19182,19210,19640,458,2.39,19670,488,2.54,19210,20141,1400-4-5,2021-06-26
73,فارس,صنايع پتروشيمي خليج فارس,3406,23964754,247907315800,10310,10450,10300,-10,-0.1,10340,30,0.29,10150,10520,1400-4-5,2021-06-26
74,دتوزيع,توزيع دارو پخش,3369,5339758,150033740608,28709,28000,27274,-1435,-5,28097,-612,-2.13,27274,29110,1400-4-5,2021-06-26
75,كسعدي,كاشي‌ سعدي‌,3358,13168309,161250429540,12650,12320,12130,-520,-4.11,12250,-400,-3.16,12020,13000,1400-4-5,2021-06-26
76,ومعادنح,ح . توسعه‌معادن‌وفلزات‌,3346,30491181,194625038510,6370,6540,6300,-70,-1.1,6380,10,0.16,6240,6580,1400-4-5,2021-06-26
77,چكاپا,گروه صنايع كاغذ پارس,3323,32447997,122382316610,3802,3740,3735,-67,-1.76,3772,-30,-0.79,3655,3860,1400-4-5,2021-06-26
78,بكام,كارخانجات توليدي شهيد قندي,3264,36336636,103780361573,2975,2900,2827,-148,-4.97,2856,-119,-4,2827,2955,1400-4-5,2021-06-26
79,فروي,ذوب روي اصفهان,3233,3818660,120796061440,30975,31300,31290,315,1.02,31633,658,2.12,30750,32440,1400-4-5,2021-06-26
80,امين,تامين سرمايه امين,3229,1632101,11751487740,7150,7170,7160,10,0.14,7170,20,0.28,7150,7280,1400-4-5,2021-06-26
81,ومعادن,توسعه‌معادن‌وفلزات‌,3161,38052027,340740842000,8640,9060,8890,250,2.89,8950,310,3.59,8700,9060,1400-4-5,2021-06-26
82,كپارس,كاشي‌ پارس‌,3101,1794765,205481748720,118650,112720,112800,-5850,-4.93,114490,-4160,-3.51,112720,118500,1400-4-5,2021-06-26
83,غپآذر,شير پگاه آذربايجان شرقي,3072,3057946,144071411481,45422,45500,47693,2271,5,47114,1692,3.73,45422,47693,1400-4-5,2021-06-26
84,تبرك,گروه كارخانجات صنعتي تبرك,3034,8151732,121789716073,15438,15350,14885,-553,-3.58,14940,-498,-3.23,14667,15354,1400-4-5,2021-06-26
85,كيان,صندوق س. با درآمد ثابت كيان,2987,29665058,862236551664,29036,29065,29068,32,0.11,29066,30,0.1,29062,29080,1400-4-5,2021-06-26
86,كچاد,معدني‌وصنعتي‌چادرملو,2984,9561470,238152725990,24470,25000,24720,250,1.02,24910,440,1.8,24610,25500,1400-4-5,2021-06-26
87,سرو,صندوق س سروسودمند مدبران-سهام,2978,3358014,221448717670,63270,64500,65950,2680,4.24,65950,2680,4.24,63610,67480,1400-4-5,2021-06-26
88,كاوه,فولاد كاوه جنوب كيش,2917,21036388,418065595250,19120,19900,19430,310,1.62,19870,750,3.92,19370,20070,1400-4-5,2021-06-26
89,ولشرق,ليزينگ ايران و شرق,2914,21213220,138148341234,6495,6495,6610,115,1.77,6512,17,0.26,6310,6682,1400-4-5,2021-06-26
90,فاراك,ماشين‌ سازي‌ اراك‌,2905,72891180,153953325717,2092,2089,2073,-19,-0.91,2112,20,0.96,2060,2169,1400-4-5,2021-06-26
91,داسوه,داروسازي‌ اسوه‌,2874,5774400,147870164120,27710,24940,25760,-1950,-7.04,25610,-2100,-7.58,24940,26630,1400-4-5,2021-06-26
92,تليسه,دامداري تليسه نمونه,2854,33556648,114460314307,3286,3440,3350,64,1.95,3411,125,3.8,3320,3444,1400-4-5,2021-06-26
93,اعتماد,صندوق س.اعتماد آفرين پارسيان-د,2746,61838510,2299247817490,37127,37181,37184,57,0.15,37181,54,0.15,37181,37186,1400-4-5,2021-06-26
94,پيزد,مجتمع صنايع لاستيك يزد,2738,366798,23374664813,63709,63000,63050,-659,-1.03,63726,17,0.03,61000,65475,1400-4-5,2021-06-26
95,كوير,توليدي فولاد سپيد فراب كوير,2732,11362213,160355304670,14080,14400,13820,-260,-1.85,14110,30,0.21,13770,14500,1400-4-5,2021-06-26
96,سمگا,گروه سرمايه گذاري ميراث فرهنگي,2692,10248438,215536778811,21294,21100,21250,-44,-0.21,21031,-263,-1.24,20300,21490,1400-4-5,2021-06-26
97,ونوين,بانك‌اقتصادنوين‌,2678,42481813,200583697918,4717,4750,4605,-112,-2.37,4722,5,0.11,4590,4804,1400-4-5,2021-06-26
98,دشيمي,شيمي‌ داروئي‌ داروپخش‌,2663,4224769,100679068230,24840,23700,23610,-1230,-4.95,23830,-1010,-4.07,23600,24390,1400-4-5,2021-06-26
99,پتاير,ايران‌ تاير,2557,57584442,164194865278,2765,2820,2828,63,2.28,2851,86,3.11,2771,2898,1400-4-5,2021-06-26
100,وبانك,سرمايه گذاري گروه توسعه ملي,2518,19007104,154467857940,8010,8180,7950,-60,-0.75,8130,120,1.5,7910,8320,1400-4-5,2021-06-26
101,ونيكي,سرمايه‌گذاري‌ ملي‌ايران‌,2495,24293390,229368606450,9070,9260,9260,190,2.09,9440,370,4.08,9160,9520,1400-4-5,2021-06-26
102,آگاس,صندوق س.هستي بخش آگاه-س,2490,2200783,153720155468,66734,67775,69748,3014,4.52,69848,3114,4.67,67745,70980,1400-4-5,2021-06-26
103,شاراك,پتروشيمي شازند,2420,6645553,197876368050,28820,29200,29980,1160,4.02,29780,960,3.33,29200,30260,1400-4-5,2021-06-26
104,گشان,توسعه بين المللي پديده شانديز,2365,5342033,104332495085,19496,19107,19550,54,0.28,19530,34,0.17,19107,19885,1400-4-5,2021-06-26
105,فجر,فولاد اميركبيركاشان,2343,5974490,176165891850,28790,29700,29190,400,1.39,29490,700,2.43,28970,30220,1400-4-5,2021-06-26
106,غفارس,شير پاستوريزه پگاه فارس,2339,10366391,146809755433,14425,13704,14450,25,0.17,14162,-263,-1.82,13704,14955,1400-4-5,2021-06-26
107,خاهن,آهنگري‌ تراكتورسازي‌ ايران‌,2324,12063139,111522129360,9440,9430,9080,-360,-3.81,9240,-200,-2.12,9000,9440,1400-4-5,2021-06-26
108,تاپكيش,تجارت الكترونيك پارسيان كيش,2301,9682233,115945802758,11570,12148,11714,144,1.24,11975,405,3.5,11710,12148,1400-4-5,2021-06-26
109,ولساپا,ليزينگ رايان‌ سايپا,2282,70567257,206615169408,2809,2830,2925,116,4.13,2928,119,4.24,2800,2949,1400-4-5,2021-06-26
110,ماديرا,صنايع ماديران,2240,18046699,149780789078,8059,7840,8200,141,1.75,8300,241,2.99,7840,8461,1400-4-5,2021-06-26
111,وپست,پست بانك ايران,2217,6008569,140936113450,23980,23610,23080,-900,-3.75,23460,-520,-2.17,22790,24700,1400-4-5,2021-06-26
112,غشهداب,كشت و صنعت شهداب ناب خراسان,2210,22892596,76853032726,3394,3434,3311,-83,-2.45,3357,-37,-1.09,3302,3439,1400-4-5,2021-06-26
113,كگل,معدني و صنعتي گل گهر,2197,6989659,122794999200,17470,17820,17510,40,0.23,17570,100,0.57,17310,18120,1400-4-5,2021-06-26
114,فولاي,صنايع فولاد آلياژي يزد,2192,4199730,158366549954,36462,37800,35900,-562,-1.54,37709,1247,3.42,35650,38285,1400-4-5,2021-06-26
115,ثاخت,بين‌المللي‌توسعه‌ساختمان,2176,40890857,87857305417,2135,2170,2100,-35,-1.64,2149,14,0.66,2100,2185,1400-4-5,2021-06-26
116,ولانا,شركت ليزينگ آريا دانا,2141,3732841,100346590829,26531,27326,27180,649,2.45,26882,351,1.32,26000,27326,1400-4-5,2021-06-26
117,بركت,گروه دارويي بركت,2123,4848646,197873243260,38870,40810,40810,1940,4.99,40810,1940,4.99,40810,40810,1400-4-5,2021-06-26
118,غسالم,سالمين‌,2096,32360813,113762360789,3397,3350,3529,132,3.89,3515,118,3.47,3350,3566,1400-4-5,2021-06-26
119,تكمبا,كمباين‌ سازي‌ ايران‌,2092,12979602,90365201200,7190,7030,6950,-240,-3.34,6960,-230,-3.2,6840,7310,1400-4-5,2021-06-26
120,زنگان,صنعت روي زنگان,2075,1841174,121193137745,63042,62400,64950,1908,3.03,65824,2782,4.41,62400,66194,1400-4-5,2021-06-26
121,وصندوق,سرمايه‌گذاري‌صندوق‌بازنشستگي‌,2074,24903060,367992723000,14220,14740,14590,370,2.6,14780,560,3.94,14380,14930,1400-4-5,2021-06-26
122,تاصيكو,سرمايه گذاري صدرتامين,2056,51243434,528788360380,9870,10200,10350,480,4.86,10320,450,4.56,9900,10360,1400-4-5,2021-06-26
123,آريان,سرمايه گذاري پارس آريان,2050,37468164,480129022324,12325,12941,12749,424,3.44,12814,489,3.97,12500,12941,1400-4-5,2021-06-26
124,فزرين,زرين معدن آسيا,2047,8417710,132657306939,15537,15582,15451,-86,-0.55,15759,222,1.43,15020,16300,1400-4-5,2021-06-26
125,داوه,داروسازي آوه سينا,1959,11206248,210278569792,19711,18726,18800,-911,-4.62,18764,-947,-4.8,18726,19560,1400-4-5,2021-06-26
126,غگلستا,شير پاستوريزه پگاه گلستان,1930,5117230,90357947062,18291,18140,17378,-913,-4.99,17658,-633,-3.46,17377,18940,1400-4-5,2021-06-26
127,حفاري,حفاري شمال,1928,20153623,135959780480,6480,6590,6670,190,2.93,6750,270,4.17,6450,6800,1400-4-5,2021-06-26
128,غبهنوش,بهنوش‌ ايران‌,1918,1807994,106949125140,56560,59230,59380,2820,4.99,59150,2590,4.58,57600,59380,1400-4-5,2021-06-26
129,چدن,توليدي چدن سازان,1909,18214676,75206660505,4129,4100,4128,-1,-0.02,4129,0,0,4071,4198,1400-4-5,2021-06-26
130,تاپيكو,س. نفت و گاز و پتروشيمي تأمين,1898,67234940,803457533000,11390,11950,11950,560,4.92,11950,560,4.92,11950,11950,1400-4-5,2021-06-26
131,ديرانح,ح . ‌ايران‌دارو,1856,10026235,98168881450,9110,9320,10020,910,9.99,9790,680,7.46,9120,10020,1400-4-5,2021-06-26
132,تكشا,گسترش‌صنايع‌وخدمات‌كشاورزي‌,1835,2247319,68709819750,31710,31430,30700,-1010,-3.19,30570,-1140,-3.6,30130,31500,1400-4-5,2021-06-26
133,ساوه,سيمان ساوه,1825,1149514,54909011447,47809,48890,47700,-109,-0.23,47767,-42,-0.09,46510,48890,1400-4-5,2021-06-26
134,سفارس,سيمان فارس و خوزستان,1805,9310380,150137520280,15530,15810,16090,560,3.61,16130,600,3.86,15530,16300,1400-4-5,2021-06-26
135,رمپنا,گروه مپنا (سهامي عام),1779,12733164,177726113600,13660,14000,13790,130,0.95,13960,300,2.2,13660,14230,1400-4-5,2021-06-26
136,وساپا,سرمايه‌گذاري‌ سايپا,1776,19823045,99804099080,5045,5030,4940,-105,-2.08,5030,-15,-0.3,4860,5180,1400-4-5,2021-06-26
137,كگاز,شيشه‌ و گاز,1775,7248805,113013229250,16350,15540,15720,-630,-3.85,15590,-760,-4.65,15540,15830,1400-4-5,2021-06-26
138,وتوصا,گروه س توسعه صنعتي ايران,1769,11936804,101195395180,8120,8300,8510,390,4.8,8480,360,4.43,8210,8520,1400-4-5,2021-06-26
139,افران,صندوق س افرا نماد پايدار-ثابت,1759,67009978,912700773117,13606,13633,13622,16,0.12,13620,14,0.1,13620,13634,1400-4-5,2021-06-26
140,قمرو,قند مرودشت‌,1742,5619638,151489711380,26440,25120,27600,1160,4.39,26960,520,1.97,25120,27760,1400-4-5,2021-06-26
141,البرز,بيمه البرز,1740,37279017,161785145304,4173,4260,4360,187,4.48,4340,167,4,4200,4381,1400-4-5,2021-06-26
142,ختوقا,قطعات‌ اتومبيل‌ ايران‌,1740,29650850,62829370828,2115,2125,2064,-51,-2.41,2119,4,0.19,2051,2165,1400-4-5,2021-06-26
143,وساخت,سرمايه‌ گذاري‌ ساختمان‌ايران‌,1729,4657801,224130157240,49900,48280,48000,-1900,-3.81,48120,-1780,-3.57,47410,50460,1400-4-5,2021-06-26
144,وصنعت,سرمايه گذاري توسعه صنعت وتجارت,1720,14521433,82122757870,5420,5500,5580,160,2.95,5660,240,4.43,5400,5690,1400-4-5,2021-06-26
145,فاسمين,كالسيمين‌,1702,13820384,211846041650,14680,14990,15400,720,4.9,15330,650,4.43,14690,15410,1400-4-5,2021-06-26
146,حتايد,تايدواترخاورميانه,1687,9703069,273465956510,27100,28000,27910,810,2.99,28180,1080,3.99,27330,28450,1400-4-5,2021-06-26
147,پاسا,ايران‌ياساتايرورابر,1682,6857596,129700285520,23290,18600,19000,-4290,-18.42,18910,-4380,-18.81,18520,19300,1400-4-5,2021-06-26
148,پدرخش,درخشان‌ تهران‌,1679,2091134,58071013960,27740,28740,27130,-610,-2.2,27770,30,0.11,26430,28740,1400-4-5,2021-06-26
149,دماوند,توليد نيروي برق دماوند,1674,3281769,91412959632,28233,28249,27430,-803,-2.84,27855,-378,-1.34,27355,28340,1400-4-5,2021-06-26
150,وسرضوي,س.سهام عدالت استان خراسان رضوي,1641,92191014,90255122704,1030,979,980,-50,-4.85,990,-40,-3.88,979,980,1400-4-5,2021-06-26
151,فرآور,فرآوري‌موادمعدني‌ايران‌,1632,4619963,133138456770,27640,28700,29020,1380,4.99,28820,1180,4.27,27740,29020,1400-4-5,2021-06-26
152,شلرد,كود شيميايي اوره لردگان,1615,14618171,90946577918,6286,6310,6110,-176,-2.8,6221,-65,-1.03,6098,6390,1400-4-5,2021-06-26
153,ستران,سيمان‌ تهران‌,1602,6221217,138366814560,21330,21740,22390,1060,4.97,22240,910,4.27,21180,22390,1400-4-5,2021-06-26
154,خكاوه,سايپا ديزل,1576,49639631,169584896652,3258,3420,3388,130,3.99,3416,158,4.85,3330,3420,1400-4-5,2021-06-26
155,خموتور,موتورسازان‌تراكتورسازي‌ايران‌,1542,7168550,65444922210,8900,8870,9000,100,1.12,9130,230,2.58,8870,9290,1400-4-5,2021-06-26
156,قصفها,قنداصفهان‌,1538,1272110,115806686490,87330,91690,91690,4360,4.99,91040,3710,4.25,88300,91690,1400-4-5,2021-06-26
157,شيران,س. صنايع‌شيميايي‌ايران,1525,4410937,92259213950,20550,20980,20740,190,0.92,20920,370,1.8,20580,21490,1400-4-5,2021-06-26
158,كامياب,صندوق س. كامياب آشنا-د,1516,42546327,425463270000,10000,10000,10000,0,0,10000,0,0,10000,10000,1400-4-5,2021-06-26
159,جوين,كشت و صنعت جوين,1516,22093766,91848692160,4348,4131,4131,-217,-4.99,4157,-191,-4.39,4131,4339,1400-4-5,2021-06-26
160,سبهان,سيمان‌ بهبهان‌,1502,1118065,64391808390,58270,59500,57050,-1220,-2.09,57590,-680,-1.17,56300,59500,1400-4-5,2021-06-26
161,فروس,فروسيليس‌ ايران‌,1502,12267038,68198931450,5550,5620,5420,-130,-2.34,5560,10,0.18,5400,5730,1400-4-5,2021-06-26
162,بزاگرس,نيروگاه زاگرس كوثر,1478,12787314,59192773161,4463,4498,4551,88,1.97,4629,166,3.72,4445,4686,1400-4-5,2021-06-26
163,تملت,تامين سرمايه بانك ملت,1478,8234296,42204503450,5086,5130,5090,4,0.08,5130,44,0.87,5040,5200,1400-4-5,2021-06-26
164,فباهنر,مس‌ شهيدباهنر,1462,3718430,78199654930,20170,21000,20990,820,4.07,21030,860,4.26,20400,21170,1400-4-5,2021-06-26
165,ودي,بيمه  دي,1454,9284232,196152926968,20238,20666,21249,1011,5,21128,890,4.4,20002,21249,1400-4-5,2021-06-26
166,خكمك,كمك‌فنرايندامين‌,1451,5459080,92113791170,16170,16270,16970,800,4.95,16870,700,4.33,15650,16970,1400-4-5,2021-06-26
167,دزهراوي,داروسازي‌زهراوي‌,1448,11057848,69819693040,6070,6220,6260,190,3.13,6310,240,3.95,6080,6370,1400-4-5,2021-06-26
168,كمينا,شيشه سازي مينا,1446,5646111,129873759274,23145,22451,23839,694,3,23002,-143,-0.62,22451,23839,1400-4-5,2021-06-26
169,خمهر,مهركام‌پارس‌,1437,33512133,58243617501,1717,1721,1720,3,0.17,1738,21,1.22,1660,1780,1400-4-5,2021-06-26
170,كوثر,بيمه كوثر,1430,6550117,96991090845,14455,14700,14501,46,0.32,14808,353,2.44,14330,15150,1400-4-5,2021-06-26
171,دانا,بيمه دانا,1430,15546646,74711732130,4596,4750,4810,214,4.66,4806,210,4.57,4706,4825,1400-4-5,2021-06-26
172,شغدير,پتروشيمي غدير,1427,2066144,130433791240,60970,60980,62500,1530,2.51,63130,2160,3.54,60980,64010,1400-4-5,2021-06-26
173,فوكا,فولاد كاويان,1426,14266063,213258723916,14925,15100,14940,15,0.1,14949,24,0.16,14771,15200,1400-4-5,2021-06-26
174,حبندر,دريايي و کشتيراني خط دريابندر,1421,3707576,91877236155,25346,24586,24586,-760,-3,24781,-565,-2.23,24586,25600,1400-4-5,2021-06-26
175,زاگرس,پتروشيمي زاگرس,1414,470803,103629108272,218748,222000,219200,452,0.21,220111,1363,0.62,217210,223000,1400-4-5,2021-06-26
176,گكوثر,هتل پارسيان كوثر اصفهان,1394,44990377,101603518573,2159,2214,2266,107,4.96,2258,99,4.59,2158,2266,1400-4-5,2021-06-26
177,سكرد,سيمان كردستان,1386,7158694,43987079770,6340,6220,6090,-250,-3.94,6140,-200,-3.15,6050,6340,1400-4-5,2021-06-26
178,زبينا,كشاورزي و دامپروري بينالود,1372,14863862,40307185727,2751,2800,2690,-61,-2.22,2712,-39,-1.42,2640,2800,1400-4-5,2021-06-26
179,ديران,ايران‌دارو,1369,6022889,79482861210,12640,13270,13270,630,4.98,13200,560,4.43,12650,13270,1400-4-5,2021-06-26
180,غصينو,صنعتي مينو,1368,1946993,99740320711,53341,51100,50674,-2667,-5,51228,-2113,-3.96,50674,53340,1400-4-5,2021-06-26
181,كيميا,معدني كيمياي زنجان گستران,1363,5491432,75757992679,13400,13800,13900,500,3.73,13796,396,2.96,13463,14030,1400-4-5,2021-06-26
182,وملي,گروه‌ صنعتي‌ ملي‌ (هلدينگ‌,1362,589310,79312629250,135440,135550,133200,-2240,-1.65,134590,-850,-0.63,131500,138500,1400-4-5,2021-06-26
183,خودكفا,اقتصادي و خودكفايي آزادگان,1352,4521512,78882396867,17038,17220,17310,272,1.6,17446,408,2.39,17040,17549,1400-4-5,2021-06-26
184,فمراد,آلومراد,1344,777318,57793457670,71390,72000,73010,1620,2.27,74350,2960,4.15,71850,74950,1400-4-5,2021-06-26
185,كفپارس,فرآورده‌هاي‌ نسوز پارس‌,1333,16155897,51156795647,3155,3147,3170,15,0.48,3166,11,0.35,3101,3238,1400-4-5,2021-06-26
186,غپينو,پارس‌ مينو,1332,8061100,51644978160,6350,6400,6430,80,1.26,6410,60,0.94,6240,6580,1400-4-5,2021-06-26
187,آسيا,بيمه آسيا,1332,29630669,53644149405,1801,1791,1796,-5,-0.28,1810,9,0.5,1750,1845,1400-4-5,2021-06-26
188,كارين,صندوق س نگين سامان-ثابت,1331,58363868,585272032685,10010,10028,10029,19,0.19,10028,18,0.18,10027,10030,1400-4-5,2021-06-26
189,خچرخش,چرخشگر,1325,4037042,47523080300,11680,11290,11670,-10,-0.09,11770,90,0.77,11290,12150,1400-4-5,2021-06-26
190,خرينگ,رينگ‌سازي‌مشهد,1310,2325960,96055071260,39440,39000,41410,1970,4.99,41300,1860,4.72,39000,41410,1400-4-5,2021-06-26
191,پارند,صندوق س. پارند پايدار سپهر,1309,43323158,487044131631,11240,11242,11244,4,0.04,11242,2,0.02,11241,11250,1400-4-5,2021-06-26
192,نوين,بيمه نوين,1304,9451688,46433242313,4901,4738,4860,-41,-0.84,4913,12,0.24,4738,5028,1400-4-5,2021-06-26
193,ضخود7077,اختيارخ خودرو-3000-1400/07/07,1299,67351,3503991000,51,49,50,-1,-1.96,52,1,1.96,49,57,1400-4-5,2021-06-26
194,وآرين,شركت توسعه اقتصادي آرين,1289,16381160,52849046728,3268,3324,3233,-35,-1.07,3226,-42,-1.29,3200,3324,1400-4-5,2021-06-26
195,كحافظ,كاشي‌ وسراميك‌ حافظ‌,1284,4889666,39890580860,8050,8370,7900,-150,-1.86,8160,110,1.37,7770,8370,1400-4-5,2021-06-26
196,ضخود7075,اختيارخ خودرو-2000-1400/07/07,1271,47236,12908441000,261,240,267,6,2.3,273,12,4.6,240,290,1400-4-5,2021-06-26
197,كسرا,سراميك‌هاي‌صنعتي‌اردكان‌,1270,5975302,91158774940,15210,15310,14850,-360,-2.37,15260,50,0.33,14800,15700,1400-4-5,2021-06-26
198,ارفع,شركت آهن و فولاد ارفع,1251,8599069,122076922463,13575,14240,14091,516,3.8,14197,622,4.58,13760,14253,1400-4-5,2021-06-26
199,زشگزا,شير و گوشت زاگرس شهركرد,1248,8049819,47782111759,6104,6103,5900,-204,-3.34,5936,-168,-2.75,5805,6110,1400-4-5,2021-06-26
200,ونيرو,سرمايه‌گذاري‌نيرو,1247,19743519,47343728671,2367,2350,2410,43,1.82,2398,31,1.31,2301,2450,1400-4-5,2021-06-26
201,بكهنوج,توليد برق ماهتاب كهنوج,1246,27376359,39866430839,1449,1461,1442,-7,-0.48,1456,7,0.48,1430,1487,1400-4-5,2021-06-26
202,جم,پتروشيمي جم,1244,4680490,189779473360,38750,39500,40680,1930,4.98,40550,1800,4.65,39500,40680,1400-4-5,2021-06-26
203,وسلرستا,شركت س استان لرستان,1243,80367169,50470582132,599,628,628,29,4.84,628,29,4.84,628,628,1400-4-5,2021-06-26
204,پارسان,گسترش نفت و گاز پارسيان,1241,13794592,296450733600,21080,21150,21500,420,1.99,21490,410,1.94,20960,21950,1400-4-5,2021-06-26
205,صبا,سرمايه گذاري صبا تامين,1239,11349568,86522688257,7278,7410,7641,363,4.99,7516,238,3.27,7360,7641,1400-4-5,2021-06-26
206,چكارن,كارتن‌ ايران‌,1234,25200581,67180194865,2567,2650,2670,103,4.01,2666,99,3.86,2602,2695,1400-4-5,2021-06-26
207,همراه,شركت ارتباطات سيار ايران,1231,3878296,79032372690,20480,20480,20070,-410,-2,20400,-80,-0.39,19900,20880,1400-4-5,2021-06-26
208,سخاش,سيمان‌خاش‌,1199,399277,34853081040,88980,84540,86910,-2070,-2.33,87290,-1690,-1.9,84540,91500,1400-4-5,2021-06-26
209,پاكشو,گروه صنعتي پاكشو,1197,13231873,75141103390,5720,5740,5790,70,1.22,5690,-30,-0.52,5500,5850,1400-4-5,2021-06-26
210,سصوفي,سيمان‌ صوفيان‌,1189,4322387,63411718490,14170,14680,14240,70,0.49,14670,500,3.53,14100,14870,1400-4-5,2021-06-26
211,بهپاك,صنعتي بهپاك,1188,10067983,69595037999,6672,6870,6890,218,3.27,6913,241,3.61,6400,7005,1400-4-5,2021-06-26
212,شپديس,پتروشيمي پرديس,1186,1467400,163286193080,109970,112470,109990,20,0.02,111280,1310,1.19,109960,113240,1400-4-5,2021-06-26
213,كماسه,تامين‌ ماسه‌ ريخته‌گري‌,1181,1569417,50615379130,31170,31550,32100,930,2.98,32250,1080,3.46,31180,32720,1400-4-5,2021-06-26
214,كاذر,فرآورده‌هاي‌نسوزآذر,1169,8301781,114904766350,13220,13770,13880,660,4.99,13840,620,4.69,13370,13880,1400-4-5,2021-06-26
215,وبيمه,سرمايه‌ گذاري‌ صنعت‌ بيمه‌,1152,22480798,39143856316,1707,1728,1720,13,0.76,1741,34,1.99,1706,1778,1400-4-5,2021-06-26
216,كلوند,كاشي‌ الوند,1152,3195392,69639282620,21500,21850,21910,410,1.91,21790,290,1.35,21230,22470,1400-4-5,2021-06-26
217,زشريف,كشت وصنعت شريف آباد,1150,7507778,31774739142,4313,4230,4197,-116,-2.69,4232,-81,-1.88,4130,4365,1400-4-5,2021-06-26
218,قرنح,ح . پديده شيمي قرن,1148,1951697,46744394890,23850,23590,24000,150,0.63,23950,100,0.42,23590,24490,1400-4-5,2021-06-26
219,دتوليد,داروسازي توليد دارو,1130,2384806,34989849379,14583,14800,14830,247,1.69,14672,89,0.61,14180,14970,1400-4-5,2021-06-26
220,اپرداز,آتيه داده پرداز,1118,3019971,59751542083,19101,19973,19500,399,2.09,19785,684,3.58,18900,20056,1400-4-5,2021-06-26
221,شفن,پتروشيمي فناوران,1111,271169,86225863080,315640,310500,318760,3120,0.99,317640,2000,0.63,310500,320000,1400-4-5,2021-06-26
222,ورنا,سرمايه‌گذاري‌ رنا(هلدينگ‌,1107,8313581,39088197884,4747,4652,4629,-118,-2.49,4702,-45,-0.95,4580,4820,1400-4-5,2021-06-26
223,سدور,سيمان‌ دورود,1096,10966178,85339168670,7460,7500,7740,280,3.75,7780,320,4.29,7460,7830,1400-4-5,2021-06-26
224,رانفور,خدمات‌انفورماتيك‌,1096,7782596,43570176320,5600,5600,5550,-50,-0.89,5600,0,0,5500,5720,1400-4-5,2021-06-26
225,خاذين,سايپاآذين‌,1095,23950656,68914805292,2772,2760,2868,96,3.46,2877,105,3.79,2720,2910,1400-4-5,2021-06-26
226,واميدح,ح.گروه مديريت سرمايه گذار اميد,1086,15916521,117201912030,7220,7100,7360,140,1.94,7360,140,1.94,7100,7500,1400-4-5,2021-06-26
227,سيمرغ,سيمرغ,1082,3325112,53232078410,15770,15750,15600,-170,-1.08,16010,240,1.52,15600,16440,1400-4-5,2021-06-26
228,وسينا,بانك سينا,1079,28508426,76670395515,2716,2720,2650,-66,-2.43,2689,-27,-0.99,2646,2797,1400-4-5,2021-06-26
229,وتوكا,سرمايه‌گذاري‌توكافولاد(هلدينگ,1076,11633795,104923748000,8620,9000,8860,240,2.78,9020,400,4.64,8700,9050,1400-4-5,2021-06-26
230,فلوله,لوله‌وماشين‌سازي‌ايران‌,1074,3954857,63919637800,16490,16300,16010,-480,-2.91,16160,-330,-2,15990,16800,1400-4-5,2021-06-26
231,ارزش,صندوق س ارزش آفرين بيدار-سهام,1057,8597468,76788276580,8710,8800,8860,150,1.72,8930,220,2.53,8760,9070,1400-4-5,2021-06-26
232,غويتا,ويتانا,1054,3021905,29667951252,9806,9710,9800,-6,-0.06,9818,12,0.12,9650,9950,1400-4-5,2021-06-26
233,شسپا,نفت سپاهان,1054,3998815,64526660280,16080,16400,16060,-20,-0.12,16140,60,0.37,15800,16400,1400-4-5,2021-06-26
234,لسرما,سرما آفرين‌,1053,2884070,59838716560,20010,20350,21000,990,4.95,20750,740,3.7,20000,21010,1400-4-5,2021-06-26
235,ومهان,گروه توسعه مالي مهر آيندگان,1046,7334034,95422497074,12711,13200,13000,289,2.27,13011,300,2.36,12760,13200,1400-4-5,2021-06-26
236,غشان,شيرپاستوريزه‌پگاه‌خراسان‌,1042,6763353,32154743374,4944,5020,4697,-247,-5,4754,-190,-3.84,4697,5020,1400-4-5,2021-06-26
237,دكوثر,داروسازي‌ كوثر,1037,18400772,76566170659,3994,3994,4193,199,4.98,4161,167,4.18,3994,4193,1400-4-5,2021-06-26
238,ونفت,سرمايه‌گذاري‌ صنعت‌ نفت‌,1031,5621689,81151952780,13810,14490,14500,690,5,14440,630,4.56,13900,14500,1400-4-5,2021-06-26
239,شبهرن,نفت‌ بهران‌,1019,4163570,45605025750,10730,11200,10880,150,1.4,10920,190,1.77,10880,11200,1400-4-5,2021-06-26
240,چفيبر,فيبر ايران‌,1006,7000378,59997594770,8970,8900,8530,-440,-4.91,8570,-400,-4.46,8530,8960,1400-4-5,2021-06-26
241,كنور,توسعه معدني و صنعتي صبانور,1004,3359451,173338112140,49260,49950,51720,2460,4.99,51600,2340,4.75,49950,51720,1400-4-5,2021-06-26
242,سمازن,سيمان‌مازندران‌,992,5206940,65900899670,12340,12030,12860,520,4.21,12660,320,2.59,12030,12950,1400-4-5,2021-06-26
243,تسه0002,امتيازتسهيلاتمسكن ارديبهشت1400,990,14503,8242598607,587609,600000,560000,-27609,-4.7,568337,-19272,-3.28,558229,616989,1400-4-5,2021-06-26
244,فسپا,گروه‌صنعتي‌سپاهان‌,984,1741953,71965788500,41360,41490,41200,-160,-0.39,41310,-50,-0.12,40810,42210,1400-4-5,2021-06-26
245,قرن,پديده شيمي قرن,978,1333786,40599342040,30390,30930,30000,-390,-1.28,30440,50,0.16,29920,31350,1400-4-5,2021-06-26
246,خشرق,الكتريك‌ خودرو شرق‌,958,3352143,33233109300,9700,9920,9940,240,2.47,9910,210,2.16,9580,10170,1400-4-5,2021-06-26
247,كروي,توسعه‌ معادن‌ روي‌ ايران‌,937,2342695,52619985530,21920,22000,22080,160,0.73,22460,540,2.46,21900,22900,1400-4-5,2021-06-26
248,حسير,ريل سير كوثر,934,3203384,46092063393,14985,15040,14236,-749,-5,14389,-596,-3.98,14236,15113,1400-4-5,2021-06-26
249,فالوم,آلومتك‌,932,1612615,38878686241,24539,23890,23850,-689,-2.81,24109,-430,-1.75,23803,24890,1400-4-5,2021-06-26
250,حكشتي,كشتيراني جمهوري اسلامي ايران,932,11753839,188414039170,15270,16030,16030,760,4.98,16030,760,4.98,16030,16030,1400-4-5,2021-06-26
251,فباهنرح,ح . مس‌ شهيدباهنر,930,2812685,47501773910,16470,16770,16700,230,1.4,16890,420,2.55,16450,17240,1400-4-5,2021-06-26
252,رنيك,جنرال مكانيك,925,2192371,41896146810,18867,19000,19080,213,1.13,19110,243,1.29,18540,19500,1400-4-5,2021-06-26
253,كشرق,صنعتي و معدني شمال شرق شاهرود,919,798686,46564007830,55928,55520,58724,2796,5,58301,2373,4.24,55520,58724,1400-4-5,2021-06-26
254,شدوص,دوده‌ صنعتي‌ پارس‌,917,3090159,54288613620,16770,17600,17600,830,4.95,17570,800,4.77,17000,17600,1400-4-5,2021-06-26
255,خريخت,صنايع‌ريخته‌گري‌ايران‌,915,12530354,35863182563,2805,2880,2890,85,3.03,2862,57,2.03,2761,2903,1400-4-5,2021-06-26
256,ساروم,سيمان‌اروميه‌,912,1975728,60911396300,30500,31980,30230,-270,-0.89,30830,330,1.08,30200,31980,1400-4-5,2021-06-26
257,وشهر,بانك شهر,911,10830578,58571198717,5460,5500,5500,40,0.73,5408,-52,-0.95,5280,5500,1400-4-5,2021-06-26
258,پرديس,سرمايه گذاري پرديس,910,10342542,49743915364,4602,4742,4832,230,5,4810,208,4.52,4652,4832,1400-4-5,2021-06-26
259,فنوال,نورد آلومينيوم‌,890,1430760,36293203780,24430,25100,25170,740,3.03,25370,940,3.85,24580,25650,1400-4-5,2021-06-26
260,خمحركه,نيرو محركه‌,886,15680030,60386258633,3685,3710,3869,184,4.99,3851,166,4.5,3621,3869,1400-4-5,2021-06-26
261,شتوكا,توكا رنگ فولاد سپاهان,884,2723330,79829204346,28024,28940,29425,1401,5,29313,1289,4.6,28108,29425,1400-4-5,2021-06-26
262,واميد,گروه مديريت سرمايه گذاري اميد,870,9485182,92135510410,9400,9520,9730,330,3.51,9630,230,2.45,9520,9810,1400-4-5,2021-06-26
263,سامان,بانك سامان,866,8923524,81322898495,9068,9340,8980,-88,-0.97,9113,45,0.5,8980,9340,1400-4-5,2021-06-26
264,سمايه,بانك سرمايه,863,11309163,43858791460,3809,3800,3923,114,2.99,3878,69,1.81,3720,3923,1400-4-5,2021-06-26
265,غشصفا,شيرپاستوريزه‌پگاه‌اصفهان‌,857,1846272,42456448870,24120,22920,22920,-1200,-4.98,23000,-1120,-4.64,22920,23970,1400-4-5,2021-06-26
266,ختراك,ريخته‌گري‌ تراكتورسازي‌ ايران‌,856,3949097,40565171750,10450,10160,10340,-110,-1.05,10270,-180,-1.72,9960,10700,1400-4-5,2021-06-26
267,وثوق,سرمايه گذاري وثوق امين,850,7378246,99629289868,12865,13508,13508,643,5,13503,638,4.96,12900,13508,1400-4-5,2021-06-26
268,دامين,داروسازي‌ امين‌,841,6355203,22705588162,3492,3480,3610,118,3.38,3573,81,2.32,3415,3660,1400-4-5,2021-06-26
269,وسبحان,سرمايه گذاري سبحان,841,23794778,59007618428,2439,2490,2544,105,4.31,2480,41,1.68,2417,2546,1400-4-5,2021-06-26
270,شفا,سرمايه گذاري شفادارو,841,975861,35996649720,35520,35680,37260,1740,4.9,36890,1370,3.86,35530,37290,1400-4-5,2021-06-26
271,سبزوا,سيمان لار سبزوار,840,9794719,29672751058,2907,3020,3052,145,4.99,3029,122,4.2,2935,3052,1400-4-5,2021-06-26
272,قشير,قند شيروان قوچان و بجنورد,840,2133988,35951054613,16281,17090,16540,259,1.59,16847,566,3.48,16000,17095,1400-4-5,2021-06-26
273,بنو,بيمه تجارت نو,836,2343822,46176713757,19421,19393,19427,6,0.03,19701,280,1.44,19393,20300,1400-4-5,2021-06-26
274,آوا,صندوق س.سهام آواي معيار-س,826,6184713,45278438944,7209,7330,7303,94,1.3,7321,112,1.55,7230,7380,1400-4-5,2021-06-26
275,دقاضي,داروسازي شهيد قاضي,822,2026519,54495590333,27639,26810,26810,-829,-3,26891,-748,-2.71,26810,27417,1400-4-5,2021-06-26
276,پارس,پتروشيمي پارس,820,743991,114802834320,152510,156170,153590,1080,0.71,154310,1800,1.18,153520,156450,1400-4-5,2021-06-26
277,مدير,ص.س.مديريت ثروت ص.بازنشستگي-س,812,3575769,30081768604,8138,8299,8355,217,2.67,8413,275,3.38,8255,8560,1400-4-5,2021-06-26
278,اتكاي,بيمه اتكايي ايرانيان,806,4936135,48048951292,9759,9401,9759,0,0,9734,-25,-0.26,9272,9950,1400-4-5,2021-06-26
279,وهور,مديريت انرژي اميد  تابان هور,804,19514819,33916515450,1715,1766,1750,35,2.04,1732,17,0.99,1721,1766,1400-4-5,2021-06-26
280,افق,فروشگاههاي زنجيره اي افق كوروش,799,950411,62176428750,65250,65060,65560,310,0.48,65390,140,0.21,64910,66500,1400-4-5,2021-06-26
281,كمنگنز,معادن‌منگنزايران‌,798,1213743,77715163910,61090,64080,64140,3050,4.99,64030,2940,4.81,61090,64140,1400-4-5,2021-06-26
282,سشرق,سيمان‌ شرق‌,783,8141945,50851258840,6180,6280,6190,10,0.16,6250,70,1.13,6010,6400,1400-4-5,2021-06-26
283,لابسا,آبسال‌,781,1362539,50434182650,35280,37030,37040,1760,4.99,37010,1730,4.9,35580,37040,1400-4-5,2021-06-26
284,غمينو,شركت صنايع غذايي مينو شرق,774,2980173,24542554922,8250,8427,8132,-118,-1.43,8235,-15,-0.18,8035,8427,1400-4-5,2021-06-26
285,طلا,صندوق س.پشتوانه طلاي لوتوس,772,994652,75148650282,74294,75500,76250,1956,2.63,75553,1259,1.69,74810,76277,1400-4-5,2021-06-26
286,وخاور,بانك خاورميانه,769,10724171,96127605790,8570,8700,8850,280,3.27,8960,390,4.55,8620,8990,1400-4-5,2021-06-26
287,سرچشمه,سرمايه گذاري مس سرچشمه,753,7386852,52798627089,7177,7120,7200,23,0.32,7148,-29,-0.4,7080,7299,1400-4-5,2021-06-26
288,سيدكو,سرمايه گذاري توسعه صنايع سيمان,750,14242056,84917921520,5710,5830,5990,280,4.9,5960,250,4.38,5600,5990,1400-4-5,2021-06-26
289,خوساز,محورسازان‌ايران‌خودرو,750,5958318,35483112310,5980,5990,5950,-30,-0.5,5960,-20,-0.33,5750,6130,1400-4-5,2021-06-26
290,تيپيكو,سرمايه گذاري دارويي تامين,746,1721747,70941762590,40120,41360,41070,950,2.37,41190,1070,2.67,39970,41720,1400-4-5,2021-06-26
291,قاسم,قاسم ايران,746,2953203,29148150412,9849,10178,9850,1,0.01,9870,21,0.21,9625,10178,1400-4-5,2021-06-26
292,ميدكو,هلدينگ صنايع  معدني خاورميانه,742,2438795,103501344868,42272,42280,42441,169,0.4,42416,144,0.34,42280,42700,1400-4-5,2021-06-26
293,اعتلا,شركت سرمايه گذاري اعتلاء البرز,737,4328991,27705928712,6208,6295,6450,242,3.9,6400,192,3.09,6091,6518,1400-4-5,2021-06-26
294,شرانل,نفت ايرانول,734,1580211,63226210098,39179,38800,40210,1031,2.63,40011,832,2.12,38800,41000,1400-4-5,2021-06-26
295,قزوين,كارخانجات‌ قند قزوين‌,732,1133694,26893559420,23840,23700,23690,-150,-0.63,23720,-120,-0.5,22800,24690,1400-4-5,2021-06-26
296,مبين,مبين انرژي خليج فارس,727,19134044,319207596260,15900,16140,16690,790,4.97,16680,780,4.91,15970,16690,1400-4-5,2021-06-26
297,دفارا,داروسازي‌ فارابي‌,725,1370296,52800565480,36740,37920,38570,1830,4.98,38530,1790,4.87,37800,38570,1400-4-5,2021-06-26
298,پلوله,گازلوله‌,722,2131423,52951899550,24174,23200,25382,1208,5,24843,669,2.77,23200,25382,1400-4-5,2021-06-26
299,ضخود7076,اختيارخ خودرو-2500-1400/07/07,720,33019,3754309000,109,100,106,-3,-2.75,114,5,4.59,100,123,1400-4-5,2021-06-26
300,چكاوه,صنايع‌كاغذسازي‌كاوه‌,718,5551058,72463679390,12450,13070,12620,170,1.37,13050,600,4.82,12600,13070,1400-4-5,2021-06-26
301,تشتاد,صنايع توليدي اشتاد ايران‌,714,4980363,38341578726,7496,7680,7720,224,2.99,7699,203,2.71,7550,7720,1400-4-5,2021-06-26
302,اميد,تامين سرمايه اميد,709,5667106,38454398170,6490,6780,6810,320,4.93,6790,300,4.62,6600,6810,1400-4-5,2021-06-26
303,فپنتا,سپنتا,705,114639,44166592490,374020,374020,381010,6990,1.87,385270,11250,3.01,374020,392720,1400-4-5,2021-06-26
304,گوهران,سرمايه گذاري توسعه گوهران اميد,700,4758619,34673034209,7072,7150,7290,218,3.08,7286,214,3.03,7140,7425,1400-4-5,2021-06-26
305,غگلپا,شير پاستوريزه پگاه گلپايگان,694,1700524,94051545097,52743,52980,55380,2637,5,55307,2564,4.86,52980,55380,1400-4-5,2021-06-26
306,ولبهمن,شركت بهمن ليزينگ,692,6583132,44622361677,6563,6650,6874,311,4.74,6778,215,3.28,6511,6891,1400-4-5,2021-06-26
307,وتوسم,سرمايه‌گذاري‌توسعه‌ملي‌,687,6144045,45684281410,7130,7130,7480,350,4.91,7440,310,4.35,7110,7480,1400-4-5,2021-06-26
308,كهمدا,شيشه‌ همدان‌,682,2363275,21561061030,8850,9260,9050,200,2.26,9120,270,3.05,8910,9260,1400-4-5,2021-06-26
309,كرماشا,صنايع پتروشيمي كرمانشاه,680,4152228,141223647390,32460,33670,34080,1620,4.99,34010,1550,4.78,32700,34080,1400-4-5,2021-06-26
310,خكرمان,گروه اقتصادي كرمان خودرو,678,9675614,33208441042,3431,3482,3360,-71,-2.07,3432,1,0.03,3330,3498,1400-4-5,2021-06-26
311,سيناد,صندوق س.سپهرسودمند سينا-د,678,58211663,582116630000,10000,10000,10000,0,0,10000,0,0,10000,10000,1400-4-5,2021-06-26
312,شپاس,نفت پاسارگاد,670,2898436,50015909434,16442,17260,17263,821,4.99,17256,814,4.95,17140,17264,1400-4-5,2021-06-26
313,تسه0001,امتيازتسهيلات مسكن فروردين1400,669,9287,5331568848,586405,590004,557086,-29319,-5,574089,-12316,-2.1,557085,605000,1400-4-5,2021-06-26
314,سدشت,صنايع سيمان دشتستان,666,529677,29473663100,58330,55420,55420,-2910,-4.99,55640,-2690,-4.61,55420,56950,1400-4-5,2021-06-26
315,وبوعلي,سرمايه‌گذاري‌بوعلي‌,665,4790578,18729834325,3813,3880,3893,80,2.1,3910,97,2.54,3872,3990,1400-4-5,2021-06-26
316,خلنت,لنت‌ ترمزايران‌,659,397346,18365621780,45580,46970,46000,420,0.92,46220,640,1.4,43400,47700,1400-4-5,2021-06-26
317,شخارك,پتروشيمي‌ خارك‌,652,1174320,51247806060,43310,43390,43390,80,0.18,43480,170,0.39,43360,43950,1400-4-5,2021-06-26
318,دكپسول,توليد ژلاتين كپسول ايران,651,2310325,62618176708,25834,27070,27000,1166,4.51,27104,1270,4.92,26000,27125,1400-4-5,2021-06-26
319,كاردان,صندوق س تجارت شاخصي كاردان,647,202442,30758494000,146560,147700,151580,5020,3.43,151940,5380,3.67,147700,153600,1400-4-5,2021-06-26
320,وسگيلا,شركت س استان گيلان,642,23768730,15792714311,648,628,680,32,4.94,655,7,1.08,628,680,1400-4-5,2021-06-26
321,پكوير,كوير تاير,636,3041206,37542788290,12140,12500,12320,180,1.48,12340,200,1.65,12250,12560,1400-4-5,2021-06-26
322,رتاپ,تجارت الكترونيك  پارسيان,625,3084563,16624975540,5270,5310,5420,150,2.85,5390,120,2.28,5310,5450,1400-4-5,2021-06-26
323,تماوندح,ح . تامين سرمايه دماوند,616,16527481,54851480502,3251,3156,3270,19,0.58,3319,68,2.09,3156,3348,1400-4-5,2021-06-26
324,درهآور,دارويي ره آورد تامين,613,1002804,24303449792,24036,24650,23720,-316,-1.31,24235,199,0.83,23720,25220,1400-4-5,2021-06-26
325,سنوين,سرمايه گذاري اقتصاد نوين,611,2201623,19214861494,8824,8383,8890,66,0.75,8728,-96,-1.09,8383,9010,1400-4-5,2021-06-26
326,سغرب,سيمان‌غرب‌,609,1077739,24737933610,22850,22250,22960,110,0.48,22950,100,0.44,22210,23400,1400-4-5,2021-06-26
327,فايرا,آلومينيوم‌ايران‌,600,1636705,27135774920,16280,16990,16390,110,0.68,16410,130,0.8,16340,16990,1400-4-5,2021-06-26
328,خفنر,فنرسازي‌خاور,600,7947089,38740445759,4709,4927,4944,235,4.99,4875,166,3.53,4700,4944,1400-4-5,2021-06-26
329,دبالك,مواد اوليه دارويي البرز بالك,596,3790171,56045857820,14200,14400,14910,710,5,14787,587,4.13,14400,14910,1400-4-5,2021-06-26
330,شكلر,نيروكلر,590,827528,26278130920,31510,31000,32480,970,3.08,31750,240,0.76,31000,32600,1400-4-5,2021-06-26
331,بپاس,بيمه پاسارگاد,589,725936,73486186418,100887,102000,101460,573,0.57,101138,251,0.25,100887,102000,1400-4-5,2021-06-26
332,شيراز,پتروشيمي‌شيراز,582,3026806,168480319250,53080,53100,55660,2580,4.86,55660,2580,4.86,53100,55730,1400-4-5,2021-06-26
333,جم پيلن,پلي پروپيلن جم - جم پيلن,576,650754,48297081720,71450,71220,73500,2050,2.87,73700,2250,3.15,71220,75020,1400-4-5,2021-06-26
334,غشهد,شهد ايران ‌,570,3414294,16637039135,4934,4890,4770,-164,-3.32,4873,-61,-1.24,4760,4997,1400-4-5,2021-06-26
335,فولاژ,فولاد آلياژي ايران,565,1518290,21616868010,13820,14150,14100,280,2.03,13950,130,0.94,13900,14440,1400-4-5,2021-06-26
336,ضخود7074,اختيارخ خودرو-1800-1400/07/07,564,18584,7813198000,402,364,415,13,3.23,420,18,4.48,364,450,1400-4-5,2021-06-26
337,وتوشه,سرمايه‌ گذاري‌ پارس‌ توشه‌,563,4846801,28481859400,5890,5890,5780,-110,-1.87,5880,-10,-0.17,5730,6010,1400-4-5,2021-06-26
338,تسه9912,امتياز تسهيلات مسكن اسفند99,563,8007,4606174640,587402,586600,560025,-27377,-4.66,575268,-12134,-2.07,560000,600000,1400-4-5,2021-06-26
339,كگهر,سنگ آهن گهرزمين,560,674966,27550664835,39539,41500,41400,1861,4.71,39823,284,0.72,39606,41500,1400-4-5,2021-06-26
340,وپترو,سرمايه‌گذاري صنايع پتروشيمي‌,559,2517456,35314236150,14110,14180,14120,10,0.07,14030,-80,-0.57,13910,14190,1400-4-5,2021-06-26
341,وصنا,گروه‌صنايع‌بهشهرايران‌,558,4806915,25220262150,5143,5200,5190,47,0.91,5250,107,2.08,5120,5360,1400-4-5,2021-06-26
342,كخاك,صنايع‌خاك‌چيني‌ايران‌,554,833690,25095747080,30050,31000,29990,-60,-0.2,30100,50,0.17,29800,31000,1400-4-5,2021-06-26
343,شوينده,مديريت صنعت شوينده ت.ص.بهشهر,550,3080382,70593780310,21920,21930,22740,820,3.74,22920,1000,4.56,21930,23010,1400-4-5,2021-06-26
344,ياقوت,صندوق س ياقوت آگاه-ثابت,550,7079386,88819273648,12528,12543,12543,15,0.12,12546,18,0.14,12543,12566,1400-4-5,2021-06-26
345,وسكاب,س.ص.بازنشستگي كاركنان بانكها,548,6779824,17994354708,2608,2650,2655,47,1.8,2654,46,1.76,2601,2691,1400-4-5,2021-06-26
346,درازك,دارويي‌ رازك‌,535,1194524,35880080800,28760,29980,29950,1190,4.14,30040,1280,4.45,29000,30190,1400-4-5,2021-06-26
347,تنوين,تامين سرمايه نوين,532,9331865,66125810280,7070,7090,7030,-40,-0.57,7090,20,0.28,7010,7110,1400-4-5,2021-06-26
348,ثمسكن,سرمايه‌گذاري‌ مسكن‌,522,5802997,25133975450,4286,4276,4290,4,0.09,4331,45,1.05,4250,4480,1400-4-5,2021-06-26
349,شنفت,نفت‌ پارس‌,521,683424,31814486320,47530,46950,45900,-1630,-3.43,46860,-670,-1.41,45310,48440,1400-4-5,2021-06-26
350,وسكرمان,س.سهام عدالت استان كرمان,520,26324885,21850472958,873,830,830,-43,-4.93,857,-16,-1.83,830,845,1400-4-5,2021-06-26
351,سپاها,سيمان‌سپاهان‌,518,3765220,28744922880,7530,7660,7600,70,0.93,7630,100,1.33,7320,7800,1400-4-5,2021-06-26
352,فسازان,غلتك سازان سپاهان,515,1410813,42719625240,30220,30820,30280,60,0.2,30280,60,0.2,29750,31500,1400-4-5,2021-06-26
353,باران,بيمه زندگي باران50%تاديه,507,4810502,22168424997,4728,4600,4587,-141,-2.98,4608,-120,-2.54,4587,4765,1400-4-5,2021-06-26
354,كاريس,صندوق س.سپهر كاريزما-س,501,1963511,23251737319,11356,11561,11840,484,4.26,11842,486,4.28,11560,11999,1400-4-5,2021-06-26
355,دعبيد,لابراتوارداروسازي‌  دكترعبيدي‌,499,1152708,27036850020,23170,23200,23900,730,3.15,23350,180,0.78,23000,23920,1400-4-5,2021-06-26
356,فخاس,فولاد خراسان,490,1294093,29951940260,22070,23160,23130,1060,4.8,22380,310,1.4,22940,23170,1400-4-5,2021-06-26
357,تسه9908,امتياز تسهيلات مسكن آبان99,484,10835,6151267810,577664,578200,557000,-20664,-3.58,567722,-9942,-1.72,549000,598700,1400-4-5,2021-06-26
358,دتماد,توليدمواداوليه‌داروپخش‌,483,767514,30889613670,40120,40920,39770,-350,-0.87,40250,130,0.32,39510,41700,1400-4-5,2021-06-26
359,بخاور,بيمه زندگي خاورميانه,479,2697240,15294936416,5506,5360,5628,122,2.22,5669,163,2.96,5360,5781,1400-4-5,2021-06-26
360,اطلس,صندوق س.توسعه اندوخته آينده-س,478,430219,92906705667,208409,211160,213050,4641,2.23,215952,7543,3.62,209500,217000,1400-4-5,2021-06-26
361,ثتران,سرمايه گذاري مسكن تهران,472,7186013,21505550228,2964,2930,2980,16,0.54,2993,29,0.98,2920,3052,1400-4-5,2021-06-26
362,اتكام,شركت بيمه اتكايي امين,464,2379762,10482029606,4338,4274,4440,102,2.35,4384,46,1.06,4274,4540,1400-4-5,2021-06-26
363,بموتو,موتوژن‌,461,803660,44582182220,55160,56570,55490,330,0.6,55470,310,0.56,53680,56570,1400-4-5,2021-06-26
364,قهكمت,قندهكمتان‌,458,705436,22040353140,30010,31500,31510,1500,5,31240,1230,4.1,30000,31510,1400-4-5,2021-06-26
365,شپاكسا,پاكسان‌,457,1579263,34083326240,20620,21290,21650,1030,5,21580,960,4.66,20290,21650,1400-4-5,2021-06-26
366,سپيدما,صندوق س. سپيد دماوند-د,455,20836769,220223827734,10557,10573,10568,11,0.1,10569,12,0.11,10568,10574,1400-4-5,2021-06-26
367,پخش,پخش البرز,452,4411742,80930068544,17507,18382,18350,843,4.82,18344,837,4.78,17661,18382,1400-4-5,2021-06-26
368,سرود,سيمان‌شاهرود,450,2715862,53820020040,19770,19940,20060,290,1.47,19820,50,0.25,18790,20450,1400-4-5,2021-06-26
369,نمرينو,ايران‌ مرينوس‌,450,360729,26699776920,77770,74000,73930,-3840,-4.94,74020,-3750,-4.82,73890,76880,1400-4-5,2021-06-26
370,سهگمت,سيمان‌هگمتان‌,446,1607782,35599747680,21410,22460,22160,750,3.5,22140,730,3.41,21180,22480,1400-4-5,2021-06-26
371,وكار,بانك‌ كارآفرين‌,441,4771893,14220168273,2947,3011,2970,23,0.78,2957,10,0.34,2918,3011,1400-4-5,2021-06-26
372,دارو,كارخانجات‌داروپخش‌,441,985302,17940943940,18310,18890,17810,-500,-2.73,18210,-100,-0.55,17510,18890,1400-4-5,2021-06-26
373,تصميم,صندوق س با درآمد ثابت تصميم,436,3595103,59924236639,16646,16671,16671,25,0.15,16668,22,0.13,16666,16672,1400-4-5,2021-06-26
374,حسينا,توسعه خدمات دريايي وبندري سينا,436,646279,41589201359,63848,66450,64300,452,0.71,64352,504,0.79,63401,66450,1400-4-5,2021-06-26
375,فرابورس,فرابورس ايران,434,1369307,42573123937,29611,31091,31091,1480,5,31091,1480,5,31091,31091,1400-4-5,2021-06-26
376,دپارس,پارس‌ دارو,431,420186,14113571120,33240,33110,33380,140,0.42,33560,320,0.96,33000,34570,1400-4-5,2021-06-26
377,وگردش,بانك گردشگري,429,995535,14393861873,14466,14130,14400,-66,-0.46,14465,-1,-0.01,14130,14629,1400-4-5,2021-06-26
378,آكورد,صندوق س. آرمان آتي كوثر-د,426,5596302,183350021226,32714,32762,32763,49,0.15,32763,49,0.15,32762,32767,1400-4-5,2021-06-26
379,وارس,سرمايه گذاري ارس صبا,425,2573806,33756259741,13073,13430,13462,389,2.98,13115,42,0.32,12870,13465,1400-4-5,2021-06-26
380,توريل,توكاريل,424,1069033,15196964745,14018,14389,14219,201,1.43,14183,165,1.18,14018,14400,1400-4-5,2021-06-26
381,كفرا,فراورده‌ هاي‌ نسوزايران‌,421,1011733,19132091770,18070,18390,18970,900,4.98,18910,840,4.65,17850,18970,1400-4-5,2021-06-26
382,ثباغ,شهر سازي و خانه سازي باغميشه,413,1538026,16171807233,10440,10160,10500,60,0.57,10515,75,0.72,10160,10700,1400-4-5,2021-06-26
383,زگلدشت,كشت و دام گلدشت نمونه اصفهان,411,1950152,20429034814,10056,10540,10558,502,4.99,10476,420,4.18,10000,10558,1400-4-5,2021-06-26
384,دلر,داروسازي‌ اكسير,411,1390366,38375799600,27070,28400,27460,390,1.44,27600,530,1.96,26230,28400,1400-4-5,2021-06-26
385,هجرت,پخش هجرت,410,1737002,34733864019,19343,19476,20310,967,5,19996,653,3.38,19000,20310,1400-4-5,2021-06-26
386,تسه9911,امتياز تسهيلات مسكن بهمن99,408,5188,2985870727,588203,614000,558793,-29410,-5,575534,-12669,-2.15,558793,617613,1400-4-5,2021-06-26
387,واتي,سرمايه‌ گذاري‌ آتيه‌ دماوند,407,3416555,32918779120,9630,10000,9600,-30,-0.31,9640,10,0.1,9450,10000,1400-4-5,2021-06-26
388,شپارس,بين‌ المللي‌ محصولات‌  پارس‌,402,3807097,59463944320,14880,15620,15620,740,4.97,15620,740,4.97,15300,15620,1400-4-5,2021-06-26
389,دكيمي,كيميدارو,398,847418,17569338380,21040,20510,20600,-440,-2.09,20730,-310,-1.47,20510,21270,1400-4-5,2021-06-26
390,شاوان,پالايش نفت لاوان,396,412038,34133991320,79613,83500,83590,3977,5,82522,2909,3.65,81000,83593,1400-4-5,2021-06-26
391,ما,بيمه  ما,394,1730778,13742582630,7960,7940,8100,140,1.76,7940,-20,-0.25,7780,8200,1400-4-5,2021-06-26
392,پكرمان,گروه‌ صنعتي‌ بارز,387,1110179,29039249680,25900,26220,25850,-50,-0.19,26160,260,1,25300,26950,1400-4-5,2021-06-26
393,وملل,اعتباري ملل,384,5667809,75161034107,13259,13262,13260,1,0.01,13261,2,0.02,12597,13349,1400-4-5,2021-06-26
394,واعتبار,سرمايه گذاري اعتبار ايران,383,2210149,17060249240,7830,7650,7600,-230,-2.94,7720,-110,-1.4,7600,7940,1400-4-5,2021-06-26
395,غشوكو,شوكو پارس,379,950032,23695695998,24258,24985,24650,392,1.62,24942,684,2.82,23580,24985,1400-4-5,2021-06-26
396,بساما,بيمه سامان,377,1553412,36190569391,22360,23478,23478,1118,5,23297,937,4.19,21504,23478,1400-4-5,2021-06-26
397,وتوس,توسعه‌شهري‌توس‌گستر,374,986001,11205882750,11210,11590,11430,220,1.96,11320,110,0.98,10970,11590,1400-4-5,2021-06-26
398,تسه9910,امتياز تسهيلات مسكن دي99,373,7170,4146108240,591268,609999,600000,8732,1.48,578258,-13010,-2.2,561705,619999,1400-4-5,2021-06-26
399,سپ,پرداخت الكترونيك سامان كيش,373,544330,14973630280,27980,27560,27310,-670,-2.39,27850,-130,-0.46,27020,27900,1400-4-5,2021-06-26
400,دسبحا,گروه دارويي سبحان,373,2935921,46019037300,15040,14450,15790,750,4.99,15670,630,4.19,14450,15790,1400-4-5,2021-06-26
401,وثنو,سرمايه گذاري ساختماني نوين,364,3140190,13260774586,4194,4102,4183,-11,-0.26,4223,29,0.69,4102,4290,1400-4-5,2021-06-26
402,خراسان,پتروشيمي خراسان,363,557475,35582250910,61680,63200,64510,2830,4.59,63350,1670,2.71,62360,64740,1400-4-5,2021-06-26
403,كي بي سي,شركت كي بي سي,363,527553,10426613367,19583,20400,19500,-83,-0.42,19708,125,0.64,19103,20400,1400-4-5,2021-06-26
404,شاملا,معدني‌ املاح‌  ايران‌,362,492355,17795605550,36570,35500,35200,-1370,-3.75,36140,-430,-1.18,34750,38000,1400-4-5,2021-06-26
405,كالا,بورس كالاي ايران,361,1124997,37012401300,31340,32900,32900,1560,4.98,32900,1560,4.98,32900,32900,1400-4-5,2021-06-26
406,سيستم,همكاران سيستم,360,1000467,26267782080,25440,25970,26200,760,2.99,26260,820,3.22,24920,26660,1400-4-5,2021-06-26
407,غنوش,نوش‌ مازندران‌,356,441900,19293354000,45950,43660,43660,-2290,-4.98,43660,-2290,-4.98,43660,43660,1400-4-5,2021-06-26
408,سخزر,سيمان‌ خزر,356,1007238,18736052580,18340,18690,18300,-40,-0.22,18600,260,1.42,17690,19200,1400-4-5,2021-06-26
409,شجم,صنايع پتروشيمي تخت جمشيد,355,4355285,40853990427,9112,9385,9385,273,3,9380,268,2.94,9300,9385,1400-4-5,2021-06-26
410,ولملت,واسپاري ملت,355,2226961,11557636680,5220,5200,5160,-60,-1.15,5200,-20,-0.38,5130,5290,1400-4-5,2021-06-26
411,زپارس,ملي كشت و صنعت و دامپروري پارس,354,177139,20909679670,121470,115700,118000,-3470,-2.86,118040,-3430,-2.82,115700,121510,1400-4-5,2021-06-26
412,غبشهر,صنعتي‌ بهشهر,353,2547492,57496203610,21540,22270,22610,1070,4.97,22570,1030,4.78,21040,22610,1400-4-5,2021-06-26
413,فسرب,ملي‌ سرب‌وروي‌ ايران‌,351,323804,20541500290,60420,63440,63440,3020,5,63440,3020,5,62800,63440,1400-4-5,2021-06-26
414,شگل,گلتاش‌,349,997990,7624312520,7630,7460,7600,-30,-0.39,7630,0,0,7460,7770,1400-4-5,2021-06-26
415,شكربن,كربن‌ ايران‌,349,253904,19032969520,73680,73400,74100,420,0.57,74960,1280,1.74,73400,77000,1400-4-5,2021-06-26
416,پارسيان,بيمه پارسيان,349,2167328,18178208240,8040,8260,8400,360,4.48,8390,350,4.35,8130,8440,1400-4-5,2021-06-26
417,وحكمت,بيمه حكمت صبا,346,6215800,19065917998,2980,3068,3050,70,2.35,3067,87,2.92,2990,3069,1400-4-5,2021-06-26
418,ورازي,بيمه رازي,346,13532034,16921948516,1205,1206,1265,60,4.98,1251,46,3.82,1172,1265,1400-4-5,2021-06-26
419,دسينا,داروسازي‌ سينا,343,702859,13058836910,18490,18780,18650,160,0.87,18570,80,0.43,18200,18780,1400-4-5,2021-06-26
420,ركيش,كارت اعتباري ايران كيش,333,1432519,23484825640,17230,16470,16370,-860,-4.99,16390,-840,-4.88,16370,16970,1400-4-5,2021-06-26
421,فاما,صنعتي‌ آما,329,820166,13206249030,15400,15750,16160,760,4.94,15990,590,3.83,15750,16170,1400-4-5,2021-06-26
422,سقاين,سيمان‌ قائن‌,329,204942,9957510050,46730,49000,48520,1790,3.83,47920,1190,2.55,47500,49000,1400-4-5,2021-06-26
423,آساس,صندوق س.آسمان آرماني سهام-س,321,167897,26890333531,157940,159819,159411,1471,0.93,160160,2220,1.41,159000,161890,1400-4-5,2021-06-26
424,كسرام,پارس‌ سرام‌,321,1399232,9878577920,7840,7060,7060,-780,-9.95,7270,-570,-7.27,7060,7060,1400-4-5,2021-06-26
425,خاتم,صندوق س خاتم ايساتيس پويا-ثابت,320,13760551,155521451198,11291,11298,11302,11,0.1,11302,11,0.1,11298,11303,1400-4-5,2021-06-26
426,غپونه,نوش پونه مشهد,315,683968,10411058275,14852,15294,14853,1,0.01,15222,370,2.49,14641,15297,1400-4-5,2021-06-26
427,سشمال,سيمان‌ شمال‌,311,1289329,11193885010,8600,8310,8660,60,0.7,8660,60,0.7,8300,8830,1400-4-5,2021-06-26
428,پسهند,صنايع‌ لاستيكي‌  سهند,306,778163,23610115240,29780,30430,30400,620,2.08,30340,560,1.88,29900,30900,1400-4-5,2021-06-26
429,تسه9909,امتياز تسهيلات مسكن آذر99,305,3300,1879678138,587430,560000,559000,-28430,-4.84,569599,-17831,-3.04,558059,600000,1400-4-5,2021-06-26
430,وايرا,سرمايه گذاري صنايع ايران,301,1326151,13294249290,10329,10020,10020,-309,-2.99,10025,-304,-2.94,10020,10400,1400-4-5,2021-06-26
431,وسپه,سرمايه‌گذاري‌ سپه‌,297,7375033,50445225720,6520,6840,6840,320,4.91,6840,320,4.91,6840,6840,1400-4-5,2021-06-26
432,لبوتان,گروه‌صنعتي‌بوتان‌,296,378777,19176804050,48560,49000,50980,2420,4.98,50630,2070,4.26,47000,50980,1400-4-5,2021-06-26
433,آپ,آسان پرداخت پرشين,296,1896975,32152481020,16240,17000,17050,810,4.99,16950,710,4.37,16450,17050,1400-4-5,2021-06-26
434,عيار,صندوق سكه طلاي مفيد,295,211123,5626909130,26157,26499,26772,615,2.35,26652,495,1.89,26499,26880,1400-4-5,2021-06-26
435,وتعاون,بيمه  تعاون,294,2029350,11039499301,5596,5429,5429,-167,-2.98,5440,-156,-2.79,5429,5582,1400-4-5,2021-06-26
436,خصدرا,صنعتي‌ دريايي‌ ايران‌,290,8843917,22039041164,2420,2492,2492,72,2.98,2481,61,2.52,2492,2492,1400-4-5,2021-06-26
437,سكه0012پ01,تمام سكه طرح جديد0012رفاه,289,138500,145974334800,1030822,1050100,1056600,25778,2.5,1053966,23144,2.25,1050000,1059000,1400-4-5,2021-06-26
438,وبهمن,سرمايه‌گذاري‌بهمن‌,289,3511845,43650870240,11860,12250,12450,590,4.97,12430,570,4.81,12000,12450,1400-4-5,2021-06-26
439,سكرما,سيمان‌ كرمان‌,282,1438755,20490714800,13770,14170,14450,680,4.94,14240,470,3.41,13800,14450,1400-4-5,2021-06-26
440,بمپنا,توليد برق عسلويه  مپنا,278,449979,27482669484,59889,60300,62400,2511,4.19,61075,1186,1.98,59030,62500,1400-4-5,2021-06-26
441,سخوز,سيمان خوزستان,278,2806221,65677338630,22390,23400,23500,1110,4.96,23400,1010,4.51,22500,23500,1400-4-5,2021-06-26
442,ولتجار,واسپاري تجارت وسرمايه ايرانيان,274,1036601,6840758859,6518,6700,6547,29,0.44,6573,55,0.84,6540,6700,1400-4-5,2021-06-26
443,تماوند,تامين سرمايه دماوند,272,3335927,15155571209,4465,4441,4598,133,2.98,4543,78,1.75,4401,4598,1400-4-5,2021-06-26
444,فيروزه,صندوق شاخص30 شركت فيروزه- سهام,272,148081,21186735640,138170,141780,141900,3730,2.7,143080,4910,3.55,140200,144100,1400-4-5,2021-06-26
445,پرداخت,به پرداخت ملت,269,480252,10895709490,22430,21890,22290,-140,-0.62,22530,100,0.45,21810,23350,1400-4-5,2021-06-26
446,كپرور,فرآوري زغال سنگ پروده طبس,269,682252,18948468755,26770,27480,28108,1338,5,27773,1003,3.75,26504,28108,1400-4-5,2021-06-26
447,ضشنا8004,اختيارخ شپنا-10800-1400/08/16,267,3100,6264559000,1705,1888,2030,325,19.06,2021,316,18.53,1888,2210,1400-4-5,2021-06-26
448,شكبير,پتروشيمي اميركبير,265,632676,54908807159,89041,89960,87500,-1541,-1.73,87772,-1269,-1.43,86370,91500,1400-4-5,2021-06-26
449,تايرا,تراكتورسازي‌ايران‌,262,1351240,34326361810,24240,24840,25450,1210,4.99,25400,1160,4.79,24800,25450,1400-4-5,2021-06-26
450,وسهرمز,شركت س استان هرمزگان,258,11407645,9023170736,829,788,810,-19,-2.29,818,-11,-1.33,788,839,1400-4-5,2021-06-26
451,شراز,پالايش نفت شيراز,257,154266,15370467299,96749,96331,99800,3051,3.15,97833,1084,1.12,96331,101199,1400-4-5,2021-06-26
452,سفانو,سيمان فارس نو,256,326855,7688032820,23310,23550,23340,30,0.13,23420,110,0.47,23100,23740,1400-4-5,2021-06-26
453,غمارگ,مارگارين‌,250,1146396,25131885190,20900,21930,21940,1040,4.98,21920,1020,4.88,21000,21940,1400-4-5,2021-06-26
454,بورس,بورس اوراق بهادار تهران,249,1547162,45192602020,27820,29210,29210,1390,5,29160,1340,4.82,29210,29210,1400-4-5,2021-06-26
455,ساينا,صنايع بهداشتي ساينا,248,62146,8492650059,140276,145500,135970,-4306,-3.07,138172,-2104,-1.5,134350,145500,1400-4-5,2021-06-26
456,كدما,معدني‌ دماوند,245,250003,29602855230,112780,118410,118410,5630,4.99,118410,5630,4.99,118410,118410,1400-4-5,2021-06-26
457,سحرخيز,صندوق س. گروه زعفران سحرخيز,240,1289619,11467616451,8740,8838,8920,180,2.06,8892,152,1.74,8730,9321,1400-4-5,2021-06-26
458,وپخش,داروپخش‌ (هلدينگ‌,238,89790,8929846580,96780,96920,101580,4800,4.96,97490,710,0.73,96920,101600,1400-4-5,2021-06-26
459,وسرمد,بيمه  سرمد,234,1534564,7561092689,4892,4800,4969,77,1.57,4918,26,0.53,4790,5035,1400-4-5,2021-06-26
460,زعف0008پ05,زعفران0008نگين زرين(پ),234,64636,8125107611,125847,124000,125502,-345,-0.27,125706,-141,-0.11,124000,127465,1400-4-5,2021-06-26
461,دالبر,البرزدارو,234,687583,8492668650,11820,11850,12400,580,4.91,12110,290,2.45,11850,12410,1400-4-5,2021-06-26
462,بفجر,فجر انرژي خليج فارس,226,3970883,94773904280,22760,23890,23890,1130,4.96,23870,1110,4.88,22980,23890,1400-4-5,2021-06-26
463,سجام,مجتمع سيمان غرب آسيا,222,1071694,3921823009,3750,3825,3660,-90,-2.4,3714,-36,-0.96,3638,3825,1400-4-5,2021-06-26
464,زكوثر,سرمايه گذاري كشاورزي كوثر,221,774063,13251958560,18020,17120,17120,-900,-4.99,17390,-630,-3.5,17120,17120,1400-4-5,2021-06-26
465,دسبحان,سبحان دارو,219,491535,7533754520,14640,15180,15370,730,4.99,14970,330,2.25,14720,15370,1400-4-5,2021-06-26
466,سبجنو,سيمان‌ بجنورد,212,408621,13594729260,33260,33900,33520,260,0.78,33270,10,0.03,32510,33900,1400-4-5,2021-06-26
467,تسه9907,امتياز تسهيلات مسكن مهر99,205,2331,1326659957,588916,580000,559471,-29445,-5,569138,-19778,-3.36,559471,600000,1400-4-5,2021-06-26
468,سباقر,سيمان باقران,202,959558,14429973801,14608,14800,15046,438,3,15038,430,2.94,14608,15046,1400-4-5,2021-06-26
469,مارون,پتروشيمي مارون,199,160531,23552405620,142797,145000,143671,874,0.61,143695,898,0.63,142000,148000,1400-4-5,2021-06-26
470,غالبر,لبنيات‌ كالبر,198,501820,7943810600,16660,15830,15830,-830,-4.98,16200,-460,-2.76,15830,15830,1400-4-5,2021-06-26
471,وبازار,صندوق س شاخصي بازارآشنا,197,1147750,11720831360,10110,10020,10200,90,0.89,10210,100,0.99,10020,10340,1400-4-5,2021-06-26
472,غشاذر,پگاه‌آذربايجان‌غربي‌,194,3136529,24966770840,8370,7960,7960,-410,-4.9,7960,-410,-4.9,7960,7960,1400-4-5,2021-06-26
473,لوتوس,تامين سرمايه لوتوس پارسيان,187,1714765,13362171770,7430,7720,7800,370,4.98,7600,170,2.29,7550,7800,1400-4-5,2021-06-26
474,شپلي,پلي اكريل ايران,180,1237307,12011776356,9906,9708,9708,-198,-2,9734,-172,-1.74,9708,9708,1400-4-5,2021-06-26
475,شساخت,مهندسي و ساختمان صنايع نفت,180,301935,11764054427,40108,38930,38910,-1198,-2.99,39765,-343,-0.86,38905,39959,1400-4-5,2021-06-26
476,گوهر,صندوق سكه طلاي كيان,175,77445,4046775634,51453,52250,52684,1231,2.39,52254,801,1.56,51996,52689,1400-4-5,2021-06-26
477,ضسپا8041,اختيارخ خساپا-1600-1400/08/26,174,9555,3984227000,395,380,405,10,2.53,417,22,5.57,372,431,1400-4-5,2021-06-26
478,تسه9902,امتياز تسهيلات مسكن ارديبهشت99,172,2533,1448590092,578291,607205,558977,-19314,-3.34,571887,-6404,-1.11,550041,607205,1400-4-5,2021-06-26
479,پخشح,ح. پخش البرز,172,495220,7674238812,14814,15554,15554,740,5,15497,683,4.61,14560,15554,1400-4-5,2021-06-26
480,اخزا910,اسنادخزانه-م10بودجه99-020807,169,293276,183921581580,626694,626001,628000,1306,0.21,627128,434,0.07,624000,628500,1400-4-5,2021-06-26
481,دمعيار,صندوق س. توازن معيار-د,163,6824818,68432571620,10010,10030,10030,20,0.2,10027,17,0.17,10025,10030,1400-4-5,2021-06-26
482,ارمغان,ص سرمايه گذاري ارمغان ايرانيان,161,2202279,22276547191,10101,10112,10119,18,0.18,10115,14,0.14,10111,10123,1400-4-5,2021-06-26
483,تسه9904,امتياز تسهيلات مسكن تير99,157,2490,1452950099,584601,575355,555371,-29230,-5,583514,-1087,-0.19,555371,613831,1400-4-5,2021-06-26
484,تسه9810,امتياز تسهيلات مسكن دي98,155,3040,1700755015,572769,580000,547000,-25769,-4.5,559459,-13310,-2.32,544131,598000,1400-4-5,2021-06-26
485,ولصنم,ليزينگ‌صنعت‌ومعدن‌,154,264656,2572456320,10790,9720,9720,-1070,-9.92,10590,-200,-1.85,9720,9720,1400-4-5,2021-06-26
486,حخزر,كشتيراني درياي خزر,154,555470,12012877202,20598,21627,21627,1029,5,21383,785,3.81,21500,21627,1400-4-5,2021-06-26
487,خاور,ايران خودرو ديزل,153,1994150,12250063450,5965,6143,6143,178,2.98,6143,178,2.98,6143,6143,1400-4-5,2021-06-26
488,آرمان,بيمه آرمان,152,1201301,8212087636,6637,6836,6836,199,3,6796,159,2.4,6830,6836,1400-4-5,2021-06-26
489,سصفها,سيمان‌اصفهان‌,147,214732,13663397160,66970,63630,63630,-3340,-4.99,63770,-3200,-4.78,63630,63630,1400-4-5,2021-06-26
490,مداران,داده‌پردازي‌ايران‌,146,227318,4149860850,18030,18400,17500,-530,-2.94,18090,60,0.33,17500,18500,1400-4-5,2021-06-26
491,سمتاز,سيمان ممتازان كرمان,146,462167,11955606954,25780,25100,25800,20,0.08,25869,89,0.35,25100,26487,1400-4-5,2021-06-26
492,كقزوي,شيشه‌ قزوين‌,142,1269594,7960354380,6088,6270,6270,182,2.99,6229,141,2.32,6270,6270,1400-4-5,2021-06-26
493,ولغدر,ليزينگ‌خودروغدير,135,309281,6365002980,22860,20580,20580,-2280,-9.97,21790,-1070,-4.68,20580,20580,1400-4-5,2021-06-26
494,افق ملت,صندوق س در سهام افق ملت,134,32028,4106236580,125700,127000,128800,3100,2.47,128210,2510,2,127000,129490,1400-4-5,2021-06-26
495,زر,صندوق س.پشتوانه سكه طلاي زر,133,108540,5016298199,45337,46000,46400,1063,2.34,46216,879,1.94,45820,46488,1400-4-5,2021-06-26
496,فافزا,فولاد افزا سپاهان,130,228958,9923907022,44679,43339,43339,-1340,-3,43344,-1335,-2.99,43339,43805,1400-4-5,2021-06-26
497,لطيف4,محصولات كاغذي لطيف,128,3577228,116259910000,32500,32500,32500,0,0,32500,0,0,32500,32500,1400-4-5,2021-06-26
498,آتيمس,صندوق س.آرمان آتيه درخشان مس-س,128,65395,11222991570,167892,169200,171620,3728,2.22,171618,3726,2.22,169200,173688,1400-4-5,2021-06-26
499,سپاس,صندوق س. پاداش سهامداري-ثابت,126,2862321,28955789301,10102,10115,10115,13,0.13,10116,14,0.14,10115,10119,1400-4-5,2021-06-26
500,ساربيل,سيمان آرتا اردبيل,126,105433,5020719460,52910,47620,47620,-5290,-10,50940,-1970,-3.72,47620,47620,1400-4-5,2021-06-26
501,والبر,سرمايه‌ گذاري‌ البرز(هلدينگ‌,124,2224239,18283244580,7830,8220,8220,390,4.98,8090,260,3.32,8220,8220,1400-4-5,2021-06-26
502,تسه9906,امتياز تسهيلات مسكن شهريور99,123,1357,803510703,594246,580000,610580,16334,2.75,592123,-2123,-0.36,564534,623957,1400-4-5,2021-06-26
503,فيروزا,صندوق بادرآمد ثابت فيروزه آسيا,122,1750776,41134423137,23445,23586,23503,58,0.25,23495,50,0.21,23400,23586,1400-4-5,2021-06-26
504,تسه9905,امتياز تسهيلات مسكن مرداد99,118,1785,1038018826,597192,567333,618999,21807,3.65,581523,-15669,-2.62,567333,619961,1400-4-5,2021-06-26
505,اخزا902,اسنادخزانه-م2بودجه99-011019,117,195600,143888165247,736435,735300,735700,-735,-0.1,735625,-810,-0.11,731000,736222,1400-4-5,2021-06-26
506,آساميد,صندوق س.مشترك آسمان اميد -د,117,4430071,54232112217,12228,12247,12241,13,0.11,12242,14,0.11,12240,12247,1400-4-5,2021-06-26
507,غپاك,لبنيات‌ پاك‌,113,584790,13923849900,25060,23810,23810,-1250,-4.99,23840,-1220,-4.87,23810,23810,1400-4-5,2021-06-26
508,وساشرقي,شركت س استان آذربايجان شرقي,112,5272951,4577276652,913,868,870,-43,-4.71,910,-3,-0.33,868,870,1400-4-5,2021-06-26
509,شفارا,پتروشيمي فارابي,110,2882131,10255025852,3457,3560,3560,103,2.98,3558,101,2.92,3470,3560,1400-4-5,2021-06-26
510,دابور,داروسازي‌ ابوريحان‌,108,764631,24169887910,30110,31610,31610,1500,4.98,31610,1500,4.98,31590,31610,1400-4-5,2021-06-26
511,زرين,صندوق س. سهام زرين كوروش-س,107,615721,6077558499,9675,9675,9966,291,3.01,9871,196,2.03,9675,10000,1400-4-5,2021-06-26
512,فردا,صندوق س آواي فرداي زاگرس-ثابت,101,1666255,18220197045,10917,10934,10936,19,0.17,10935,18,0.16,10934,10938,1400-4-5,2021-06-26
513,حفارس,حمل و نقل بين المللي خليج فارس,96,461383,1946113494,4439,4218,4218,-221,-4.98,4409,-30,-0.68,4218,4218,1400-4-5,2021-06-26
514,شرنگي,شيميايي رنگين,96,16418,3880567408,236472,242994,230310,-6162,-2.61,236429,-43,-0.02,229390,242994,1400-4-5,2021-06-26
515,وبرق,س.کارکنان صنعت برق زنجان وقزوي,94,168473,11171950049,64382,66313,66313,1931,3,66313,1931,3,66313,66313,1400-4-5,2021-06-26
516,ثروتم,صندوق س. ثروت آفرين پارسيان-س,93,327120,25535314620,76170,78051,78848,2678,3.52,78061,1891,2.48,77662,79654,1400-4-5,2021-06-26
517,ضخود7078,اختيارخ خودرو-3500-1400/07/07,92,5194,127546000,24,28,24,0,0,25,1,4.17,23,28,1400-4-5,2021-06-26
518,اخزا908,اسنادخزانه-م8بودجه99-020606,91,240097,155717119861,649962,648003,646658,-3304,-0.51,648559,-1403,-0.22,646658,650000,1400-4-5,2021-06-26
519,نهال,صندوق س. طلاي سرخ نوويرا,91,111247,975349100,8743,8982,8850,107,1.22,8767,24,0.27,8690,8982,1400-4-5,2021-06-26
520,ساروج,بين المللي ساروج بوشهر,90,1194157,19002747799,15474,15910,15938,464,3,15913,439,2.84,15474,15938,1400-4-5,2021-06-26
521,اخزا901,اسنادخزانه-م1بودجه99-010621,89,110084,86469805217,784958,783001,783001,-1957,-0.25,785489,531,0.07,783001,786000,1400-4-5,2021-06-26
522,اخزا903,اسنادخزانه-م3بودجه99-011110,87,99471,72406336427,727794,726600,725001,-2793,-0.38,727914,120,0.02,725001,730051,1400-4-5,2021-06-26
523,دلقما,دارويي‌ لقمان‌,86,598179,15074110800,24000,25200,25200,1200,5,25150,1150,4.79,25200,25200,1400-4-5,2021-06-26
524,تسه9808,امتياز تسهيلات مسكن آبان98,83,1120,640541538,577506,580000,563003,-14503,-2.51,571912,-5594,-0.97,562322,600000,1400-4-5,2021-06-26
525,وپسا,س. پتروشيمي ساختمان  خليج فارس,83,1789772,3464998592,2016,1936,1936,-80,-3.97,1958,-58,-2.88,1936,1936,1400-4-5,2021-06-26
526,دارا,صندوق س. دارا الگوريتم-د,83,1823999,18207039289,9972,9988,9989,17,0.17,9982,10,0.1,9971,9989,1400-4-5,2021-06-26
527,تسه9903,امتياز تسهيلات مسكن خرداد99,81,524,309566639,612607,630000,582000,-30607,-5,590776,-21831,-3.56,581977,630000,1400-4-5,2021-06-26
528,ضملي7003,اختيارخ فملي-11720-1400/07/11,80,850,1557512000,1532,1862,1659,127,8.29,1832,300,19.58,1651,2100,1400-4-5,2021-06-26
529,وكادو,تكادو,77,1213747,19286439830,15428,15890,15890,462,2.99,15890,462,2.99,15890,15890,1400-4-5,2021-06-26
530,پلاسك,پلاسكوكار,76,308362,1933429740,6590,6270,6270,-320,-4.86,6550,-40,-0.61,6270,6270,1400-4-5,2021-06-26
531,فراز,صندوق س.سهام فراز داريك-س,76,597188,6361627494,10588,10640,10650,62,0.59,10653,65,0.61,10620,10720,1400-4-5,2021-06-26
532,تسه9809,امتياز تسهيلات مسكن آذر98,74,608,341726342,574368,546000,550000,-24368,-4.24,562050,-12318,-2.14,545650,584990,1400-4-5,2021-06-26
533,تسه9805,امتياز تسهيلات مسكن مرداد98,72,1036,606579563,582106,575610,588200,6094,1.05,585501,3395,0.58,556330,597798,1400-4-5,2021-06-26
534,ضملي7002,اختيارخ فملي-9720-1400/07/11,72,440,1375968000,3128,3290,3039,-89,-2.85,3127,-1,-0.03,2950,3330,1400-4-5,2021-06-26
535,ثعتما,س. ساختماني اعتماد گستر,71,162438,5154645054,32714,31733,31733,-981,-3,32193,-521,-1.59,31733,31733,1400-4-5,2021-06-26
536,تسه9804,امتياز تسهيلات مسكن تير98,71,1093,624437965,569288,579568,560062,-9226,-1.62,571306,2018,0.35,555012,589000,1400-4-5,2021-06-26
537,معيار ,سرمايه گذاري معيار صنعت پارس,70,129508,5477022828,43598,42291,42291,-1307,-3,42860,-738,-1.69,42291,42291,1400-4-5,2021-06-26
538,تسه9811,امتياز تسهيلات مسكن بهمن98,70,391,222575279,583051,553899,560000,-23051,-3.95,569246,-13805,-2.37,553899,580000,1400-4-5,2021-06-26
539,تسه9806,امتياز تسهيلات مسكن شهريور98,69,1424,844059739,593929,584010,585190,-8739,-1.47,592739,-1190,-0.2,584010,623000,1400-4-5,2021-06-26
540,صنوين,صندوق سرمايه‌گذاري صنوين-مختلط,67,17879,1960510290,107960,108000,109950,1990,1.84,109650,1690,1.57,108000,110000,1400-4-5,2021-06-26
541,بميلا,توسعه بازرگاني آهن وفولادميلاد,66,864670,10434837560,11494,12068,12068,574,4.99,12064,570,4.96,12068,12068,1400-4-5,2021-06-26
542,سكه0012پ04,تمام سكه طرح جديد0012صادرات,64,15100,15901105100,1030733,1045100,1054050,23317,2.26,1053053,22320,2.17,1045100,1055000,1400-4-5,2021-06-26
543,زعف0008پ16,زعفران0008نگين بيرجند(پ),63,57480,7145205977,124604,122222,124300,-304,-0.24,124308,-296,-0.24,122222,125190,1400-4-5,2021-06-26
544,وآذر,سرمايه‌گذاري‌توسعه‌آذربايجان‌,63,41715,3055623750,77100,73250,73250,-3850,-4.99,76270,-830,-1.08,73250,73250,1400-4-5,2021-06-26
545,ضپاس7029,اختيارخ وپارس-2500-1400/07/28,61,1542,733724000,499,600,471,-28,-5.61,476,-23,-4.61,400,600,1400-4-5,2021-06-26
546,زعف0008پ10,زعفران0008نگين طلاي سرخ(پ),60,96650,12448536100,126847,127300,128830,1983,1.56,128800,1953,1.54,127300,129000,1400-4-5,2021-06-26
547,تسه9901,امتياز تسهيلات مسكن فروردين99,60,486,281799525,606265,580000,575952,-30313,-5,579834,-26431,-4.36,575952,580000,1400-4-5,2021-06-26
548,تپمپي,پمپ‌ سازي‌ ايران‌,59,98883,1656290250,17630,16750,16750,-880,-4.99,17530,-100,-0.57,16750,16750,1400-4-5,2021-06-26
549,ضجار7040,اختيارخ وتجارت-2497-1400/07/21,58,1529,461455000,295,299,285,-10,-3.39,302,7,2.37,260,350,1400-4-5,2021-06-26
550,تسه9807,امتياز تسهيلات مسكن مهر98,57,522,308892057,597830,580999,585220,-12610,-2.11,591747,-6083,-1.02,580999,600000,1400-4-5,2021-06-26
551,تسه9812,امتياز تسهيلات مسكن اسفند98,56,382,216145929,591352,580000,569999,-21353,-3.61,565827,-25525,-4.32,561785,580000,1400-4-5,2021-06-26
552,صايند,صندوق س. گنجينه آينده روشن-د,56,387050,3883931180,9998,10000,10031,33,0.33,10035,37,0.37,10000,10045,1400-4-5,2021-06-26
553,اخزا914,اسنادخزانه-م14بودجه99-021025,56,53036,31855516529,601265,594300,600800,-465,-0.08,600639,-626,-0.1,594300,604000,1400-4-5,2021-06-26
554,ومشان,س. فني و مهندسي مشانير,55,103063,6934800081,70828,67287,67287,-3541,-5,68243,-2585,-3.65,67287,67287,1400-4-5,2021-06-26
555,اخزا909,اسنادخزانه-م9بودجه99-020316,54,210970,143473204362,680347,679706,676795,-3552,-0.52,680064,-283,-0.04,676795,681000,1400-4-5,2021-06-26
556,هاميد104,اختيارف ت ثاميد-2050-01/04/20,54,895246,895246,1,1,1,0,0,1,0,0,1,1,1400-4-5,2021-06-26
557,شلعاب,لعابيران‌,53,92841,1093666980,12390,11780,11780,-610,-4.92,12340,-50,-0.4,11780,11780,1400-4-5,2021-06-26
558,سپر,صندوق س سپر سرمايه بيدار- ثابت,50,788299,9546529337,12097,12112,12110,13,0.11,12110,13,0.11,12110,12112,1400-4-5,2021-06-26
559,كيان2,صندوق س. با درآمد ثابت كيان,50,5000000,5000000,29036,1,1,-29035,-100,1,-29035,-100,1,1,1400-4-5,2021-06-26
560,ضسپا8040,اختيارخ خساپا-1400-1400/08/26,50,1176,638616000,516,511,533,17,3.29,543,27,5.23,510,560,1400-4-5,2021-06-26
561,قنيشا,قند  نيشابور,50,89684,4806165560,56410,53590,53590,-2820,-5,55460,-950,-1.68,53590,53590,1400-4-5,2021-06-26
562,سكه0011پ02,تمام سكه طرح جديد0011ملت,48,9100,9587267500,1030293,1050000,1058000,27707,2.69,1053546,23253,2.26,1050000,1058000,1400-4-5,2021-06-26
563,غچين,كشت‌ و صنعت‌ چين‌ چين,45,208593,3408409620,17190,16340,16340,-850,-4.94,16990,-200,-1.16,16340,16340,1400-4-5,2021-06-26
564,ضشنا8003,اختيارخ شپنا-8800-1400/08/16,44,536,1937179000,3303,3499,3700,397,12.02,3614,311,9.42,3344,3994,1400-4-5,2021-06-26
565,فاهواز,نورد و لوله اهواز,43,134702,1316442646,9871,9773,9773,-98,-0.99,9865,-6,-0.06,9773,9773,1400-4-5,2021-06-26
566,دجابر,داروسازي‌ جابرابن‌حيان‌,43,55594,739956140,14010,13310,13310,-700,-5,13970,-40,-0.29,13310,13310,1400-4-5,2021-06-26
567,زير0103پ01,زيره سبز0103كيميابذر(پ),42,383,264208337,656990,689839,689839,32849,5,689839,32849,5,689839,689839,1400-4-5,2021-06-26
568,ضشنا8002,اختيارخ شپنا-7800-1400/08/16,42,508,2250728000,4025,4550,4299,274,6.81,4431,406,10.09,4200,4888,1400-4-5,2021-06-26
569,سكه0112پ03,تمام سكه طرح جديد0112سامان,41,10500,11039331200,1030594,1040000,1056000,25406,2.47,1051365,20771,2.02,1040000,1056000,1400-4-5,2021-06-26
570,اخزا814,اسنادخزانه-م14بودجه98-010318,40,144923,120006116302,829209,827900,828024,-1185,-0.14,828068,-1141,-0.14,827802,829500,1400-4-5,2021-06-26
571,امين يكم2,صندوق درآمد ثابت امين يكم فردا,40,40000000,40000000,10009,1,1,-10008,-99.99,1,-10008,-99.99,1,1,1400-4-5,2021-06-26
572,شصفها,پتروشيمي‌ اصفهان‌,39,182539,21741855212,116773,119108,119108,2335,2,119108,2335,2,119108,119108,1400-4-5,2021-06-26
573,فلامي,لاميران‌,39,322017,11077384800,36210,34400,34400,-1810,-5,34800,-1410,-3.89,34400,34400,1400-4-5,2021-06-26
574,كاسپين,داروسازي كاسپين تامين,38,100201,1952416485,20510,19485,19485,-1025,-5,20370,-140,-0.68,19485,19485,1400-4-5,2021-06-26
575,اراد50,مرابحه عام دولت5-ش.خ0302,38,473000,473000433000,1000000,1000002,1000001,1,0,1000001,1,0,1000000,1000002,1400-4-5,2021-06-26
576,اخزا815,اسنادخزانه-م15بودجه98-010406,36,49032,40206514319,819320,818113,819500,180,0.02,820006,686,0.08,818113,822000,1400-4-5,2021-06-26
577,قيستو,شركت قند بيستون,35,46503,707231972,15476,15167,15167,-309,-2,15437,-39,-0.25,15167,15693,1400-4-5,2021-06-26
578,اخزا817,اسنادخزانه-م17بودجه98-010512,35,57063,45843048005,803957,804000,803000,-957,-0.12,803376,-581,-0.07,803000,804000,1400-4-5,2021-06-26
579,شزنگ,تجهيزنيروي‌زنگان‌,33,13542,2010716160,156294,148480,148480,-7814,-5,154640,-1654,-1.06,148480,148480,1400-4-5,2021-06-26
580,ضشنا8005,اختيارخ شپنا-12800-1400/08/16,33,890,1073597000,1102,1600,1130,28,2.54,1206,104,9.44,1130,1600,1400-4-5,2021-06-26
581,هشستا103,اختيارف ت شستا-10338-01/03/08,33,142319,142319,1,1,1,0,0,1,0,0,1,1,1400-4-5,2021-06-26
582,ضمخا7075,اختيارخ اخابر-8700-1400/07/28,33,686,667193000,719,950,880,161,22.39,973,254,35.33,880,1000,1400-4-5,2021-06-26
583,وسديد,گروه ‌صنعتي‌سديد,33,498362,1403387392,2873,2816,2816,-57,-1.98,2871,-2,-0.07,2816,2816,1400-4-5,2021-06-26
584,اوصتا,صندوق انديشه ورزان صباتامين -د,32,215393,4095749752,18992,19015,19016,24,0.13,19015,23,0.12,19015,19016,1400-4-5,2021-06-26
585,وجامي,سرمايه گذاري جامي,31,635350,9010533700,14928,14182,14182,-746,-5,14220,-708,-4.74,14182,14182,1400-4-5,2021-06-26
586,بذر,صندوق س بذر اميد آفرين-سهام,31,8923,832902050,90680,90480,94420,3740,4.12,93340,2660,2.93,90480,94420,1400-4-5,2021-06-26
587,بسويچ,پارس‌سويچ‌,30,124128,3193813440,27080,25730,25730,-1350,-4.99,26870,-210,-0.78,25730,25730,1400-4-5,2021-06-26
588,ثنوسا,نوسازي‌وساختمان‌تهران‌,30,260769,2923220490,11790,11210,11210,-580,-4.92,11670,-120,-1.02,11210,11210,1400-4-5,2021-06-26
589,ددام,داروسازي زاگرس فارمد پارس,30,88400,1272960000,15150,14400,14400,-750,-4.95,15080,-70,-0.46,14400,14400,1400-4-5,2021-06-26
590,اطلس2,صندوق س.توسعه اندوخته آينده-س,30,300000,300000,208409,1,1,-208408,-100,1,-208408,-100,1,1,1400-4-5,2021-06-26
591,زقيام,كشت و دام قيام اصفهان,29,37917,938104497,26043,24741,24741,-1302,-5,25957,-86,-0.33,24741,24741,1400-4-5,2021-06-26
592,ثرود,سرمايه‌گذاري مسكن زاينده رود,29,88643,1490088830,17694,16810,16810,-884,-5,17602,-92,-0.52,16810,16810,1400-4-5,2021-06-26
593,زعف0008پ20,زعفران0008نگين وحدت جام(پ),28,21300,2629391941,124304,123011,123400,-904,-0.73,123446,-858,-0.69,123010,123517,1400-4-5,2021-06-26
594,وزمين,بانك ايران زمين,27,1510631,18074699915,12209,11965,11965,-244,-2,11979,-230,-1.88,11965,11965,1400-4-5,2021-06-26
595,حتوكا,حمل‌ونقل‌توكا,27,63792,1197375840,19750,18770,18770,-980,-4.96,19670,-80,-0.41,18770,18770,1400-4-5,2021-06-26
596,كساپا,سايپاشيشه‌,27,64401,1895965440,30980,29440,29440,-1540,-4.97,30780,-200,-0.65,29440,29440,1400-4-5,2021-06-26
597,سفاسي,شركت فارسيت اهواز,26,65149,538782230,8525,8270,8270,-255,-2.99,8511,-14,-0.16,8270,8270,1400-4-5,2021-06-26
598,هفجر102,اختيارف ت بفجر8626-01/02/11,26,750000,750000,502,1,1,-501,-99.8,1,-501,-99.8,1,1,1400-4-5,2021-06-26
599,تپكو,توليدتجهيزات‌سنگين‌هپكو,26,72109,381456610,5397,5290,5290,-107,-1.98,5396,-1,-0.02,5290,5290,1400-4-5,2021-06-26
600,لخزر,پارس‌ خزر,25,4517,753661450,175630,166850,166850,-8780,-5,175170,-460,-0.26,166850,166850,1400-4-5,2021-06-26
601,ضخود7072,اختيارخ خودرو-1400-1400/07/07,25,75,60167000,811,610,776,-35,-4.32,802,-9,-1.11,610,849,1400-4-5,2021-06-26
602,بالاس,مهندسي ساختمان تاسيسات راه آهن,24,9894,363426408,38665,36732,36732,-1933,-5,38616,-49,-0.13,36732,36732,1400-4-5,2021-06-26
603,فسا,پتروشيمي فسا,24,126194,208093906,1735,1649,1649,-86,-4.96,1733,-2,-0.12,1649,1649,1400-4-5,2021-06-26
604,وگستر,گسترش سرمايه گذاري ايرانيان,24,20035,341777065,17956,17059,17059,-897,-5,17934,-22,-0.12,17059,17059,1400-4-5,2021-06-26
605,داريك,صندوق س.اعتماد داريك-د,24,1077019,11539214472,10714,10714,10718,4,0.04,10714,0,0,10601,10725,1400-4-5,2021-06-26
606,وسپهح,ح . سرمايه‌گذاري‌ سپه‌,24,457664,2659027840,5290,5810,5810,520,9.83,5810,520,9.83,5810,5810,1400-4-5,2021-06-26
607,ضفلا7004,اختيارخ فولاد-9586-1400/07/25,23,186,407517938,1627,1500,1431,-196,-12.05,1563,-64,-3.93,1400,1860,1400-4-5,2021-06-26
608,اخزا911,اسنادخزانه-م11بودجه99-020906,23,100435,62068516350,617277,618000,618000,723,0.12,617997,720,0.12,617900,618250,1400-4-5,2021-06-26
609,غديس,پاكديس,23,44150,541897100,12919,12274,12274,-645,-4.99,12894,-25,-0.19,12274,12274,1400-4-5,2021-06-26
610,هنوري102,اختيارف ت نوري59561-01/02/15,22,300000,300000,1,1,1,0,0,1,0,0,1,1,1400-4-5,2021-06-26
611,خفولا,خدمات فني فولاد يزد,22,31529,1246089138,41602,39522,39522,-2080,-5,41329,-273,-0.66,39522,39522,1400-4-5,2021-06-26
612,ضپال2007,اختيارخ اپال-32000-1401/02/12,22,794,256403000,322,295,307,-15,-4.66,323,1,0.31,295,330,1400-4-5,2021-06-26
613,ضشنا8001,اختيارخ شپنا-6800-1400/08/16,22,137,742074000,5154,5555,5300,146,2.83,5417,263,5.1,5200,5800,1400-4-5,2021-06-26
614,كيسون,شركت كيسون,22,71279,784639232,11232,11008,11008,-224,-1.99,11224,-8,-0.07,11008,11008,1400-4-5,2021-06-26
615,خكار,ايركا پارت صنعت,22,41507,793198770,20110,19110,19110,-1000,-4.97,20050,-60,-0.3,19110,19110,1400-4-5,2021-06-26
616,هپارس102,اختيارف ت پارس-157010-01/02/05,21,97858,97858,1,1,1,0,0,1,0,0,1,1,1400-4-5,2021-06-26
617,اخزا808,اسنادخزانه-م8بودجه98-000817,21,12532,11632410835,932292,927700,928931,-3361,-0.36,928217,-4075,-0.44,927700,928931,1400-4-5,2021-06-26
618,ضپاس7030,اختيارخ وپارس-3000-1400/07/28,21,675,193672000,302,360,280,-22,-7.28,287,-15,-4.97,280,360,1400-4-5,2021-06-26
619,ومعلم,بيمه معلم,21,164008,728359528,4674,4441,4441,-233,-4.99,4662,-12,-0.26,4441,4441,1400-4-5,2021-06-26
620,رتكو,كنترل‌خوردگي‌تكين‌كو,20,16647,271679040,17170,16320,16320,-850,-4.95,17150,-20,-0.12,16320,16320,1400-4-5,2021-06-26
621,زفكا,كشت و دامداري فكا,20,15304,164579216,11319,10754,10754,-565,-4.99,11312,-7,-0.06,10754,10754,1400-4-5,2021-06-26
622,ثعمرا,عمران و توسعه شاهد,20,84360,972755160,12137,11531,11531,-606,-4.99,12096,-41,-0.34,11531,11531,1400-4-5,2021-06-26
623,ثهام,صندوق س ثروت هامرز-سهام,20,14617,148197830,10000,10011,10150,150,1.5,10139,139,1.39,10011,10150,1400-4-5,2021-06-26
624,آكورد2,صندوق س. آرمان آتي كوثر-د,20,2000000,2000000,32714,1,1,-32713,-100,1,-32713,-100,1,1,1400-4-5,2021-06-26
625,اخزا813,اسنادخزانه-م13بودجه98-010219,20,33344,28092798990,839459,842120,843000,3541,0.42,842514,3055,0.36,842001,843000,1400-4-5,2021-06-26
626,نطرين,عطرين نخ قم,20,25063,272710503,11453,10881,10881,-572,-4.99,11442,-11,-0.1,10881,10881,1400-4-5,2021-06-26
627,اخزا713,اسنادخزانه-م13بودجه97-000518,19,17880,17452690797,974223,974251,975781,1558,0.16,976101,1878,0.19,974251,976797,1400-4-5,2021-06-26
628,دروز,داروسازي‌ روزدارو,19,22433,683533510,32070,30470,30470,-1600,-4.99,31990,-80,-0.25,30470,30470,1400-4-5,2021-06-26
629,ضملت8043,اختيارخ وبملت-4434-1400/08/19,19,520,213015000,377,400,400,23,6.1,410,33,8.75,400,440,1400-4-5,2021-06-26
630,ضجار7039,اختيارخ وتجارت-1997-1400/07/21,19,345,226603000,687,699,670,-17,-2.47,657,-30,-4.37,632,699,1400-4-5,2021-06-26
631,اخزا905,اسنادخزانه-م5بودجه99-020218,18,87225,60185283000,688802,690000,690000,1198,0.17,690000,1198,0.17,690000,690010,1400-4-5,2021-06-26
632,آسام,صندوق س.آرمان سپهر آشنا-م,18,4400,470081430,105935,101210,106500,565,0.53,106837,902,0.85,101210,107024,1400-4-5,2021-06-26
633,الماس,صندوق س.امين تدبيرگران فردا-س,18,3030,312469898,101755,102000,103800,2045,2.01,103125,1370,1.35,102000,103950,1400-4-5,2021-06-26
634,حاريا,كشتيراني آريا,18,44218,751661782,17345,16999,16999,-346,-1.99,17292,-53,-0.31,16999,16999,1400-4-5,2021-06-26
635,ثپرديس,سرمايه گذاري مسكن پرديس,18,28173,261276402,9762,9274,9274,-488,-5,9753,-9,-0.09,9274,9274,1400-4-5,2021-06-26
636,افرا,افرانت,18,14275,391391950,28861,27418,27418,-1443,-5,28821,-40,-0.14,27418,27418,1400-4-5,2021-06-26
637,گنجين,صندوق س. گنجينه يكم آويد-د,17,33982,445390813,13093,13106,13108,15,0.11,13107,14,0.11,13106,13117,1400-4-5,2021-06-26
638,هبساز103,اختيارف ت ثبهساز-2346-01/03/18,17,287169,287169,1,1,1,0,0,1,0,0,1,1,1400-4-5,2021-06-26
639,ضخود7073,اختيارخ خودرو-1600-1400/07/07,17,465,263156000,640,536,578,-62,-9.69,566,-74,-11.56,536,598,1400-4-5,2021-06-26
640,ضپيك7042,اختيارخ تاپيكو-8070-00/07/18,17,178,512026000,2319,2500,2999,680,29.32,2877,558,24.06,2500,3290,1400-4-5,2021-06-26
641,زعف0008پ11,زعفران0008نگين سحرخيز(پ),17,24929,3202113900,127005,127360,128000,995,0.78,128449,1444,1.14,126300,129595,1400-4-5,2021-06-26
642,زمگسا,كشاورزي‌ ودامپروي‌ مگسال‌,16,10000,303300000,31920,30330,30330,-1590,-4.98,31890,-30,-0.09,30330,30330,1400-4-5,2021-06-26
643,ثشرق,سرمايه گذاري مسكن شمال شرق,16,20630,127287100,6490,6170,6170,-320,-4.93,6490,0,0,6170,6170,1400-4-5,2021-06-26
644,اخزا721,اسنادخزانه-م21بودجه97-000728,16,27954,26170159477,935522,937102,937401,1879,0.2,936187,665,0.07,936002,938521,1400-4-5,2021-06-26
645,اخزا806,اسنادخزانه-م6بودجه98-000519,16,42061,41061124799,974946,975500,974501,-445,-0.05,976228,1282,0.13,974500,976276,1400-4-5,2021-06-26
646,ضملي7004,اختيارخ فملي-13720-1400/07/11,16,52,52163000,955,1000,955,0,0,1003,48,5.03,955,1099,1400-4-5,2021-06-26
647,ضسپا8042,اختيارخ خساپا-1800-1400/08/26,16,463,158334000,299,350,350,51,17.06,342,43,14.38,231,350,1400-4-5,2021-06-26
648,پارتا,مجتمع‌صنعتي‌آرتاويل‌تاير,16,31099,991342823,32862,31877,31877,-985,-3,32827,-35,-0.11,31877,31877,1400-4-5,2021-06-26
649,بالبر,كابل‌ البرز,15,2867,154875340,56860,54020,54020,-2840,-4.99,56830,-30,-0.05,54020,54020,1400-4-5,2021-06-26
650,كتوكا,توليدي و خدمات صنايع نسوز توكا,15,8432,267311264,33370,31702,31702,-1668,-5,33339,-31,-0.09,31702,31702,1400-4-5,2021-06-26
651,زعف0008پ18,زعفران0008نگين بهرامن(پ),15,4995,641857500,126500,128500,128500,2000,1.58,128500,2000,1.58,128500,128500,1400-4-5,2021-06-26
652,ضصاد8031,اختيارخ وبصادر-1789-1400/08/12,14,391,222565000,611,600,590,-21,-3.44,569,-42,-6.87,470,621,1400-4-5,2021-06-26
653,ضصاد8030,اختيارخ وبصادر-1589-1400/08/12,14,63,45519000,772,750,710,-62,-8.03,723,-49,-6.35,700,790,1400-4-5,2021-06-26
654,اخزا809,اسنادخزانه-م9بودجه98-000923,14,7583,6900751211,910361,909750,911023,662,0.07,910029,-332,-0.04,909711,912999,1400-4-5,2021-06-26
655,چافست,افست‌,13,18875,277273750,15460,14690,14690,-770,-4.98,15450,-10,-0.06,14690,14690,1400-4-5,2021-06-26
656,سيلام,سيمان‌ ايلام‌,13,15756,161656560,10800,10260,10260,-540,-5,10790,-10,-0.09,10260,10260,1400-4-5,2021-06-26
657,تملي804,تسهيلات مسكن ب. ملي-تير98,13,182,138664587,744288,781502,767150,22862,3.07,761893,17605,2.37,707074,781502,1400-4-5,2021-06-26
658,اخزا818,اسنادخزانه-م18بودجه98-010614,13,4220,3328256266,788114,788000,788500,386,0.05,788686,572,0.07,788000,788990,1400-4-5,2021-06-26
659,اخزا811,اسنادخزانه-م11بودجه98-001013,13,20422,18402452480,900491,900980,901152,661,0.07,901109,618,0.07,900980,903000,1400-4-5,2021-06-26
660,واحصا,احياء صنايع خراسان,13,12974,559711334,44475,43141,43141,-1334,-3,44398,-77,-0.17,43141,43141,1400-4-5,2021-06-26
661,ضترا8055,اختيارخ شتران-2118-1400/08/09,12,52,239100000,4400,4400,4810,410,9.32,4598,198,4.5,4400,4810,1400-4-5,2021-06-26
662,گكيش,توريستي ورفاهي آبادگران كيش,12,16131,737364141,48116,45711,45711,-2405,-5,47929,-187,-0.39,45711,45711,1400-4-5,2021-06-26
663,اخزا723,اسنادخزانه-م23بودجه97-000824,12,10306,9543086126,925597,924001,924501,-1096,-0.12,925974,377,0.04,924001,926000,1400-4-5,2021-06-26
664,اخزا812,اسنادخزانه-م12بودجه98-001111,12,73810,65540898415,886172,884178,887053,881,0.1,887968,1796,0.2,884178,888002,1400-4-5,2021-06-26
665,غدام,خوراك‌  دام‌ پارس‌,12,342,127521540,392490,372870,372870,-19620,-5,392310,-180,-0.05,372870,372870,1400-4-5,2021-06-26
666,ضجار7041,اختيارخ وتجارت-2997-1400/07/21,12,473,67325000,106,157,115,9,8.49,142,36,33.96,115,157,1400-4-5,2021-06-26
667,وملت,سرمايه گذاري ملت,11,130891,555501404,4330,4244,4244,-86,-1.99,4320,-10,-0.23,4244,4244,1400-4-5,2021-06-26
668,اخزا807,اسنادخزانه-م7بودجه98-000719,11,4728,4457948479,943447,944509,943988,541,0.06,942882,-565,-0.06,941002,944509,1400-4-5,2021-06-26
669,ضترا8058,اختيارخ شتران-3442-1400/08/09,11,126,281282000,1784,2500,2000,216,12.11,2232,448,25.11,1904,2500,1400-4-5,2021-06-26
670,ضملت8042,اختيارخ وبملت-3934-1400/08/19,11,59,42680000,707,700,740,33,4.67,723,16,2.26,700,750,1400-4-5,2021-06-26
671,تكنار,مجتمع معادن مس تكنار,11,1741,197138653,116735,113233,113233,-3502,-3,116664,-71,-0.06,113233,113233,1400-4-5,2021-06-26
672,بكاب,صنايع‌جوشكاب‌يزد,11,310,102944800,349550,332080,332080,-17470,-5,349420,-130,-0.04,332080,332080,1400-4-5,2021-06-26
673,ضملت8041,اختيارخ وبملت-3434-1400/08/19,10,122,132788000,1030,1050,1099,69,6.7,1088,58,5.63,1050,1240,1400-4-5,2021-06-26
674,فيروزه2,صندوق شاخص30 شركت فيروزه- سهام,10,100000,100000,138170,1,1,-138169,-100,1,-138169,-100,1,1,1400-4-5,2021-06-26
675,سخند,صندوق س.سپهرخبرگان نفت-د,10,206270,2068474180,10023,10040,10026,3,0.03,10028,5,0.05,10026,10050,1400-4-5,2021-06-26
676,وليز,ليزينگ‌ايران‌,10,12731,112923970,9330,8870,8870,-460,-4.93,9330,0,0,8870,8870,1400-4-5,2021-06-26
677,اخزا904,اسنادخزانه-م4بودجه99-011215,10,80030,57169588331,715154,714301,714300,-854,-0.12,714352,-802,-0.11,714300,714500,1400-4-5,2021-06-26
678,وحافظ,بيمه حافظ,10,39707,2378052230,61112,59890,59890,-1222,-2,60519,-593,-0.97,59890,59890,1400-4-5,2021-06-26
679,تكنو,تكنوتار,10,56842,1077724320,19950,18960,18960,-990,-4.96,19880,-70,-0.35,18960,18960,1400-4-5,2021-06-26
680,ثترانح,ح سرمايه گذاري مسكن تهران,10,254500,471014500,1933,2029,1838,-95,-4.91,1851,-82,-4.24,1838,2029,1400-4-5,2021-06-26
681,اراد35,مرابحه عام دولت3-ش.خ 0103,10,104600,99768100000,999999,960000,953800,-46199,-4.62,953806,-46193,-4.62,953800,960000,1400-4-5,2021-06-26
682,حآسا,آسيا سير ارس,10,7054,258049428,38507,36582,36582,-1925,-5,38472,-35,-0.09,36582,36582,1400-4-5,2021-06-26
683,ضپاس7027,اختيارخ وپارس-1800-1400/07/28,9,14,12336000,997,890,990,-7,-0.7,881,-116,-11.63,866,990,1400-4-5,2021-06-26
684,زعف0008پ19,زعفران0008نگين تروند قاينات(پ),9,1825,226590795,124168,123600,123600,-568,-0.46,124159,-9,-0.01,123600,126195,1400-4-5,2021-06-26
685,حپارسا,توسعه حمل و نقل ريلي پارسيان,9,8477,276875774,34381,32662,32662,-1719,-5,34348,-33,-0.1,32662,32662,1400-4-5,2021-06-26
686,اخزا722,اسنادخزانه-م22بودجه97-000428,9,15927,15719957621,985849,986000,987001,1152,0.12,987001,1152,0.12,986000,987803,1400-4-5,2021-06-26
687,زير0103پ04,زيره سبز0103شركت مينوبذر(پ),9,90,61887120,616235,670000,689839,73604,11.94,687635,71400,11.59,670000,689839,1400-4-5,2021-06-26
688,ثقزوي,شركت عمران و سازندگي قزوين,9,3700,113911900,31739,30787,30787,-952,-3,31728,-11,-0.03,30787,30787,1400-4-5,2021-06-26
689,زعف0008پ12,زعفران0008پوشالمعمول سحرخيز(پ),9,15150,1378124024,87000,88880,91000,4000,4.6,90965,3965,4.56,88880,91349,1400-4-5,2021-06-26
690,تملي801,تسهيلات مسكن ب. ملي-فروردين98,9,59,50804530,834931,876600,876677,41746,5,861094,26163,3.13,793185,876677,1400-4-5,2021-06-26
691,اخزا907,اسنادخزانه-م7بودجه99-020704,9,38808,24798310790,639262,639010,639000,-262,-0.04,639000,-262,-0.04,638990,639010,1400-4-5,2021-06-26
692,خاتم2,صندوق س خاتم ايساتيس پويا-ثابت,9,9000000,9000000,11291,1,1,-11290,-99.99,1,-11290,-99.99,1,1,1400-4-5,2021-06-26
693,اخزا718,اسنادخزانه-م18بودجه97-000525,9,4056,3946421054,971419,969000,970745,-674,-0.07,972983,1564,0.16,969000,973100,1400-4-5,2021-06-26
694,جهرم,پتروشيمي جهرم,8,77732,132688524,1759,1707,1707,-52,-2.96,1758,-1,-0.06,1707,1707,1400-4-5,2021-06-26
695,شستان,پتروشيمي گلستان,8,33056,110671488,3416,3348,3348,-68,-1.99,3414,-2,-0.06,3348,3348,1400-4-5,2021-06-26
696,فجام,جام‌دارو,8,9735,88393800,9550,9080,9080,-470,-4.92,9550,0,0,9080,9080,1400-4-5,2021-06-26
697,خزر,فنرسازي‌زر,8,2545,95742900,39600,37620,37620,-1980,-5,39590,-10,-0.03,37620,37620,1400-4-5,2021-06-26
698,اخزا816,اسنادخزانه-م16بودجه98-010503,8,1392,1123540000,806120,807000,807000,880,0.11,807141,1021,0.13,807000,808000,1400-4-5,2021-06-26
699,اراد61,مرابحه عام دولت61-ش.خ0309,8,100000,100000100000,1000000,1000001,1000001,1,0,1000001,1,0,1000001,1000001,1400-4-5,2021-06-26
700,نيرو,نيرو سرمايه,7,1011,51686364,53814,51124,51124,-2690,-5,53799,-15,-0.03,51124,51124,1400-4-5,2021-06-26
701,ضپنا8001,اختيارخ رمپنا-11850-1400/08/05,7,220,723000000,3004,3300,3250,246,8.19,3286,282,9.39,3200,3550,1400-4-5,2021-06-26
702,كساوه,صنايع‌ كاشي‌ و سراميك‌ سينا,7,2117,139806680,69510,66040,66040,-3470,-4.99,69480,-30,-0.04,66040,66040,1400-4-5,2021-06-26
703,وسنا,سرمايه گذاري نيروگاهي ايران,7,5386,80811544,15468,15004,15004,-464,-3,15466,-2,-0.01,15004,15004,1400-4-5,2021-06-26
704,كترام,توليدي‌ كاشي‌ تكسرام‌,7,1282,57984860,47610,45230,45230,-2380,-5,47600,-10,-0.02,45230,45230,1400-4-5,2021-06-26
705,ضپيك7041,اختيارخ تاپيكو-7070-00/07/18,7,52,207949000,3183,3990,4001,818,25.7,3999,816,25.64,3990,4001,1400-4-5,2021-06-26
706,پست0008پ08,پسته فندقي32-30مه ولات0008(پ),7,7391,12594892245,1705147,1630001,1689029,-16118,-0.95,1704085,-1062,-0.06,1630000,1752000,1400-4-5,2021-06-26
707,مفاخر,توسعه فناوري اطلاعات خوارزمي,7,7780,327654700,44331,42115,42115,-2216,-5,44280,-51,-0.12,42115,42115,1400-4-5,2021-06-26
708,خعمرا,توسعه و عمران شهرستان نائين,7,2191,67872798,29503,30978,30978,1475,5,29513,10,0.03,30978,30978,1400-4-5,2021-06-26
709,زكشت,كشاورزي مكانيزه اصفهان كشت,7,3754,136195120,38189,36280,36280,-1909,-5,38171,-18,-0.05,36280,36280,1400-4-5,2021-06-26
710,اخزا906,اسنادخزانه-م6بودجه99-020321,7,6661,4646807641,701562,693002,703875,2313,0.33,697614,-3948,-0.56,690011,703875,1400-4-5,2021-06-26
711,ثغرب,شركت سرمايه گذاري مسكن شمالغرب,7,24187,173904530,7568,7190,7190,-378,-4.99,7563,-5,-0.07,7190,7190,1400-4-5,2021-06-26
712,ضفار8050,اختيارخ فارس-7400-1400/08/05,7,41,154800000,3247,3850,3850,603,18.57,3776,529,16.29,3600,3850,1400-4-5,2021-06-26
713,شكف,كف,7,2104,201285472,99654,95668,95668,-3986,-4,99570,-84,-0.08,95668,95668,1400-4-5,2021-06-26
714,فكمند,گسترش قطعه سازي كمند,7,250152,3525392136,13422,14093,14093,671,5,14093,671,5,14093,14093,1400-4-5,2021-06-26
715,ضجار7038,اختيارخ وتجارت-1797-1400/07/21,7,138,90915000,838,80,759,-79,-9.43,659,-179,-21.36,80,879,1400-4-5,2021-06-26
716,ساذري,آذريت‌,6,53200,371761600,6656,6988,6988,332,4.99,6668,12,0.18,6988,6988,1400-4-5,2021-06-26
717,اراد65,مرابحه عام دولتي65-ش.خ0210,6,5600,5276499200,960000,950003,995000,35000,3.65,942232,-17768,-1.85,935000,995000,1400-4-5,2021-06-26
718,ضپال2006,اختيارخ اپال-28000-1401/02/12,6,118,110950000,850,990,850,0,0,940,90,10.59,850,1000,1400-4-5,2021-06-26
719,زعف0008پ08,زعفران0008نگين روستا(پ),6,4118,517362341,125010,123500,125900,890,0.71,125634,624,0.5,123500,125997,1400-4-5,2021-06-26
720,سخواف,سيمان مجد خواف,6,12757,203537935,16448,15955,15955,-493,-3,16438,-10,-0.06,15955,15955,1400-4-5,2021-06-26
721,ثاصفا,شركت‌ ساختمان‌ اصفهان‌,6,11337,297414858,27045,26234,26234,-811,-3,27020,-25,-0.09,26234,26234,1400-4-5,2021-06-26
722,ضفار8051,اختيارخ فارس-8400-1400/08/05,6,52,140400000,2371,2700,2700,329,13.88,2700,329,13.88,2700,2700,1400-4-5,2021-06-26
723,سپرمي,پرميت‌,6,13837,125044969,8948,9037,9037,89,0.99,8952,4,0.04,9037,9037,1400-4-5,2021-06-26
724,داراب,پتروشيمي داراب,6,28951,68816527,2450,2377,2377,-73,-2.98,2449,-1,-0.04,2377,2377,1400-4-5,2021-06-26
725,ضفلا7003,اختيارخ فولاد-8160-1400/07/25,6,148,634489120,2659,3070,2800,141,5.3,3058,399,15.01,2800,3100,1400-4-5,2021-06-26
726,اشاد10,مشاركت دولتي10-شرايط خاص001226,6,118100,113770705000,961850,961850,963500,1650,0.17,963342,1492,0.16,961850,963500,1400-4-5,2021-06-26
727,سفار,سيمان‌فارس‌,6,416,52815360,133640,126960,126960,-6680,-5,133620,-20,-0.01,126960,126960,1400-4-5,2021-06-26
728,غاذر,كشت‌وصنعت‌پياذر,6,2645,135185950,53800,51110,51110,-2690,-5,53770,-30,-0.06,51110,51110,1400-4-5,2021-06-26
729,اخزا821,اسنادخزانه-م21بودجه98-020906,5,25351,15666918351,624335,618000,618000,-6335,-1.01,618000,-6335,-1.01,618000,618001,1400-4-5,2021-06-26
730,جهرمح,ح.پتروشيمي جهرم,5,117740,60513000,519,550,488,-31,-5.97,514,-5,-0.96,488,550,1400-4-5,2021-06-26
731,غمهرا,توليدي‌مهرام‌,5,2572,294519720,120530,114510,114510,-6020,-4.99,120410,-120,-0.1,114510,114510,1400-4-5,2021-06-26
732,زنجان,صنايع كشاورزي وكود زنجان,5,22208,199849792,9277,8999,8999,-278,-3,9273,-4,-0.04,8999,8999,1400-4-5,2021-06-26
733,تمحركه,ماشين سازي نيرو محركه,5,1407,23553180,17257,16740,16740,-517,-3,17256,-1,-0.01,16740,16740,1400-4-5,2021-06-26
734,ضغدر8058,اختيارخ وغدير-10000-1400/08/26,5,53,160300000,2614,3100,3000,386,14.77,3025,411,15.72,3000,3100,1400-4-5,2021-06-26
735,ثاباد,توريستي ورفاهي آبادگران ايران,5,734,37492720,53760,51080,51080,-2680,-4.99,53750,-10,-0.02,51080,51080,1400-4-5,2021-06-26
736,تملي709,تسهيلات مسكن ب. ملي-آذر97,5,172,135843799,823558,864600,782381,-41177,-5,789789,-33769,-4.1,782381,864600,1400-4-5,2021-06-26
737,كفرآور,فرآورده هاي سيمان شرق,5,6780,150631260,23386,22217,22217,-1169,-5,23367,-19,-0.08,22217,22217,1400-4-5,2021-06-26
738,اگ000618,گام بانك تجارت0006,5,50000,47574000000,949890,951480,951480,1590,0.17,951480,1590,0.17,951480,951480,1400-4-5,2021-06-26
739,طلا2,صندوق س.پشتوانه طلاي لوتوس,5,500000,500000,74294,1,1,-74293,-100,1,-74293,-100,1,1,1400-4-5,2021-06-26
740,تملي701,تسهيلات مسكن ب. ملي-فروردين97,5,160,99946980,625969,594671,657267,31298,5,624669,-1300,-0.21,594671,657267,1400-4-5,2021-06-26
741,ثامان,سامان‌ گستراصفهان‌,5,6500,140205000,22700,21570,21570,-1130,-4.98,22690,-10,-0.04,21570,21570,1400-4-5,2021-06-26
742,بشهاب,لامپ‌  پارس‌ شهاب‌,4,181,25245880,146820,139480,139480,-7340,-5,146810,-10,-0.01,139480,139480,1400-4-5,2021-06-26
743,فلات,گروه صنايع معادن فلات ايرانيان,4,24843,366806895,15221,14765,14765,-456,-3,15204,-17,-0.11,14765,14765,1400-4-5,2021-06-26
744,كپشير,پشم‌شيشه‌ايران‌,4,1023,35426490,36450,34630,34630,-1820,-4.99,36450,0,0,34630,34630,1400-4-5,2021-06-26
745,آ س پ,آ.س.پ,4,8345,126693790,15981,15182,15182,-799,-5,15974,-7,-0.04,15182,15182,1400-4-5,2021-06-26
746,اخزا820,اسنادخزانه-م20بودجه98-020806,4,31000,19468010000,632076,628200,628000,-4076,-0.64,628000,-4076,-0.64,628000,628200,1400-4-5,2021-06-26
747,آبين,كشت و صنعت آبشيرين,4,9450,37922850,4180,4013,4013,-167,-4,4179,-1,-0.02,4013,4013,1400-4-5,2021-06-26
748,وشمال,س. چشم انداز توسعه شمال,4,6534,548241804,88322,83906,83906,-4416,-5,88067,-255,-0.29,83906,83906,1400-4-5,2021-06-26
749,غويتاح,ح . ويتانا,4,3529,30734766,8406,8826,8574,168,2,8709,303,3.6,8574,8826,1400-4-5,2021-06-26
750,تملي712,تسهيلات مسكن ب. ملي-اسفند97,4,38,26685044,668799,702238,702238,33439,5,702238,33439,5,702238,702238,1400-4-5,2021-06-26
751,تملي706,تسهيلات مسكن ب. ملي-شهريور97,4,118,74737424,603208,633368,633368,30160,5,633368,30160,5,633368,633368,1400-4-5,2021-06-26
752,تملي809,تسهيلات مسكن ب. ملي-آذر98,4,20,14326829,729156,692699,729156,0,0,716341,-12815,-1.76,692699,729156,1400-4-5,2021-06-26
753,ضسپا8043,اختيارخ خساپا-2000-1400/08/26,4,210,41600000,209,190,199,-10,-4.78,198,-11,-5.26,190,200,1400-4-5,2021-06-26
754,ثزاگرس,سرمايه گذاري توسعه عمران زاگرس,4,5933,320761712,56909,54064,54064,-2845,-5,56813,-96,-0.17,54064,54064,1400-4-5,2021-06-26
755,اخزا804,اسنادخزانه-م4بودجه98-000421,3,1335,1321583000,989934,990000,989933,-1,0,989950,16,0,989933,990000,1400-4-5,2021-06-26
756,عيار2,صندوق سكه طلاي مفيد,3,30000,30000,26157,1,1,-26156,-100,1,-26156,-100,1,1,1400-4-5,2021-06-26
757,زماهان,مجتمع توليد گوشت مرغ ماهان,3,2578,43764128,17869,16976,16976,-893,-5,17866,-3,-0.02,16976,16976,1400-4-5,2021-06-26
758,ضپاس7028,اختيارخ وپارس-2000-1400/07/28,3,7,5731000,900,811,820,-80,-8.89,819,-81,-9,811,820,1400-4-5,2021-06-26
759,تملي612,تسهيلات مسكن بانك ملي-اسفند96,3,29,23314300,766508,804000,803900,37392,4.88,803941,37433,4.88,803900,804000,1400-4-5,2021-06-26
760,وسصفا,شركت س استان اصفهان,3,20000,20340000,1070,1017,1017,-53,-4.95,1070,0,0,1017,1017,1400-4-5,2021-06-26
761,ضترا8056,اختيارخ شتران-2558-1400/08/09,3,52,210350000,3131,3605,4150,1019,32.55,4045,914,29.19,3605,4150,1400-4-5,2021-06-26
762,پست0008پ04,پسته فندقي32-30سبزدانه0008(پ),3,77,127050144,1703279,1650001,1650002,-53277,-3.13,1650002,-53277,-3.13,1650001,1650002,1400-4-5,2021-06-26
763,وهنر,گروه توسعه هنر ايران,3,1388,10224008,7593,7366,7366,-227,-2.99,7593,0,0,7366,7366,1400-4-5,2021-06-26
764,اراد43,مرابحه عام دولت4-ش.خ 0205,3,20000,18699999600,934524,934999,935000,476,0.05,935000,476,0.05,934999,935000,1400-4-5,2021-06-26
765,ضپنا8002,اختيارخ رمپنا-13850-1400/08/05,3,60,120000000,1800,2000,2000,200,11.11,2000,200,11.11,2000,2000,1400-4-5,2021-06-26
766,وسيزد,شركت س استان يزد,3,19000,23104000,1280,1216,1216,-64,-5,1280,0,0,1216,1216,1400-4-5,2021-06-26
767,افران2,صندوق س افرا نماد پايدار-ثابت,3,36550000,36550000,13606,1,1,-13605,-99.99,1,-13605,-99.99,1,1,1400-4-5,2021-06-26
768,ضصاد8033,اختيارخ وبصادر-2489-1400/08/12,3,101,8510000,231,83,300,69,29.87,84,-147,-63.64,82,300,1400-4-5,2021-06-26
769,سدبير,س. تدبيرگران فارس وخوزستان,2,212,17383152,86311,81996,81996,-4315,-5,86306,-5,-0.01,81996,81996,1400-4-5,2021-06-26
770,شتولي,تولي‌پرس‌,2,527,16763343,32458,31809,31809,-649,-2,32456,-2,-0.01,31809,31809,1400-4-5,2021-06-26
771,اوان,مبين وان كيش,2,793,40141660,53284,50620,50620,-2664,-5,53276,-8,-0.02,50620,50620,1400-4-5,2021-06-26
772,ضپنا8000,اختيارخ رمپنا-9850-1400/08/05,2,30,153000000,4000,5100,5100,1100,27.5,5100,1100,27.5,5100,5100,1400-4-5,2021-06-26
773,ثتوسا,س.توسعه و عمران استان اردبيل,2,349,13142642,38822,37658,37658,-1164,-3,38820,-2,-0.01,37658,37658,1400-4-5,2021-06-26
774,كمرجان,بازرگاني و توليدي مرجان كار,2,92,12686524,145154,137897,137897,-7257,-5,145148,-6,0,137897,137897,1400-4-5,2021-06-26
775,شسم,توليد سموم‌ علف‌ كش,2,115,11170870,95234,97138,97138,1904,2,95238,4,0,97138,97138,1400-4-5,2021-06-26
776,تملي708,تسهيلات مسكن ب. ملي-آبان97,2,16,12794752,841760,799672,799672,-42088,-5,799672,-42088,-5,799672,799672,1400-4-5,2021-06-26
777,نتوس,پشم‌ بافي‌ توس,2,550,10570450,19813,19219,19219,-594,-3,19812,-1,-0.01,19219,19219,1400-4-5,2021-06-26
778,اراد63,مرابحه عام دولت63-ش.خ0309,2,1500,1507500000,1005000,1005000,1005000,0,0,1005000,0,0,1005000,1005000,1400-4-5,2021-06-26
779,حپترو,حمل و نقل پتروشيمي( سهامي عام,2,400,20488000,53910,51220,51220,-2690,-4.99,53910,0,0,51220,51220,1400-4-5,2021-06-26
780,ضملت8040,اختيارخ وبملت-2934-1400/08/19,2,51,81599000,1500,1600,1599,99,6.6,1600,100,6.67,1599,1600,1400-4-5,2021-06-26
781,همبين102,اختيارف ت مبين17952-01/02/10,2,4826,3662934,1707,759,759,-948,-55.54,759,-948,-55.54,759,759,1400-4-5,2021-06-26
782,ضملي7000,اختيارخ فملي-7720-1400/07/11,2,11,44502000,3160,4000,4502,1342,42.47,4046,886,28.04,4000,4502,1400-4-5,2021-06-26
783,ضصاد8036,اختيارخ وبصادر-3989-1400/08/12,2,200,6000000,27,30,30,3,11.11,30,3,11.11,30,30,1400-4-5,2021-06-26
784,زعف0008پ09,زعفران0008نگين نوين(پ),2,150,18600200,125714,126000,123002,-2712,-2.16,124001,-1713,-1.36,123002,126000,1400-4-5,2021-06-26
785,ضمخا7077,اختيارخ اخابر-6700-1400/07/28,2,30,74700000,2500,2490,2490,-10,-0.4,2490,-10,-0.4,2490,2490,1400-4-5,2021-06-26
786,قنقش,قند نقش جهان,2,290,20322330,71507,70077,70077,-1430,-2,71501,-6,-0.01,70077,70077,1400-4-5,2021-06-26
787,ضسپا8039,اختيارخ خساپا-1200-1400/08/26,2,26,16406000,631,631,631,0,0,631,0,0,631,631,1400-4-5,2021-06-26
788,اخزا805,اسنادخزانه-م5بودجه98-000422,2,34,33692980,989246,990970,990970,1724,0.17,990970,1724,0.17,990970,990970,1400-4-5,2021-06-26
789,ضملت8044,اختيارخ وبملت-4934-1400/08/19,2,106,25440000,245,240,240,-5,-2.04,240,-5,-2.04,240,240,1400-4-5,2021-06-26
790,ثاژن,سخت آژند,2,1350,12309300,9497,9118,9118,-379,-3.99,9496,-1,-0.01,9118,9118,1400-4-5,2021-06-26
791,اراد33,مرابحه عام دولت3-ش.خ 0303,2,2000,1810000000,915039,890000,920000,4961,0.54,905000,-10039,-1.1,890000,920000,1400-4-5,2021-06-26
792,شلرد02,كود شيميايي اوره لردگان,2,18,18213120,1011840,1011840,1011840,0,0,1011840,0,0,1011840,1011840,1400-4-5,2021-06-26
793,ضخوز7039,اختيارخ فخوز-15200-1400/07/14,1,2,5800000,1750,2900,2900,1150,65.71,2900,1150,65.71,2900,2900,1400-4-5,2021-06-26
794,ضخوز7038,اختيارخ فخوز-13200-1400/07/14,1,5,22250000,3581,4450,4450,869,24.27,4450,869,24.27,4450,4450,1400-4-5,2021-06-26
795,صخود0004,صكوك رهني خودرو0004- 3ماهه 16%,1,1000,990000000,1000000,990000,990000,-10000,-1,990000,-10000,-1,990000,990000,1400-4-5,2021-06-26
796,شستا004,اجاره تامين اجتماعي-نوين000523,1,20000,19982000000,998200,999100,999100,900,0.09,999100,900,0.09,999100,999100,1400-4-5,2021-06-26
797,هنوين203,اختيارف ت ونوين-6624-02/03/31,1,52200000,52200000,1,1,1,0,0,1,0,0,1,1,1400-4-5,2021-06-26
798,ونوين2,بانك‌اقتصادنوين‌,1,52200000,240120000000,4717,4600,4600,-117,-2.48,4600,-117,-2.48,4600,4600,1400-4-5,2021-06-26
799,اخزا9042,اسنادخزانه-م4بودجه99-011215,1,250000,178750000000,715154,715000,715000,-154,-0.02,715000,-154,-0.02,715000,715000,1400-4-5,2021-06-26
800,ثجوان,تامين مسكن جوانان,1,500,5109000,10533,10218,10218,-315,-2.99,10533,0,0,10218,10218,1400-4-5,2021-06-26
801,اعتماد2,صندوق س.اعتماد آفرين پارسيان-د,1,8000000,8000000,37127,1,1,-37126,-100,1,-37126,-100,1,1,1400-4-5,2021-06-26
802,ضترا8057,اختيارخ شتران-3000-1400/08/09,1,2,6400000,2541,3200,3200,659,25.93,3200,659,25.93,3200,3200,1400-4-5,2021-06-26
803,ضچاد7034,اختيارخ كچاد-21870-1400/07/04,1,2,8000000,3827,4000,4000,173,4.52,4000,173,4.52,4000,4000,1400-4-5,2021-06-26
804,اراد75,مرابحه عام دولت75-ش.خ040226,1,500,491000000,1000000,982000,982000,-18000,-1.8,982000,-18000,-1.8,982000,982000,1400-4-5,2021-06-26
805,زاگرس2,پتروشيمي زاگرس,1,450000,99000000000,218748,220000,220000,1252,0.57,220000,1252,0.57,220000,220000,1400-4-5,2021-06-26
806,گوهر2,صندوق سكه طلاي كيان,1,10000,10000,51453,1,1,-51452,-100,1,-51452,-100,1,1,1400-4-5,2021-06-26
807,قشهد,شهد,1,400,7752000,20390,19380,19380,-1010,-4.95,20390,0,0,19380,19380,1400-4-5,2021-06-26
808,طمخا7068,اختيارف اخابر-15700-1400/07/28,1,1,7735000,8500,7735,7735,-765,-9,7735,-765,-9,7735,7735,1400-4-5,2021-06-26
809,ثنظام,س. ساختماني نظام مهندسي ايران,1,110,5048670,47316,45897,45897,-1419,-3,47315,-1,0,45897,45897,1400-4-5,2021-06-26
810,مصفها112,مشاركت ش اصفهان112-3ماهه18%,1,470,443210000,960000,943000,943000,-17000,-1.77,943000,-17000,-1.77,943000,943000,1400-4-5,2021-06-26
811,مبين016,اجاره اعتماد مبين اميد011019,1,1000,990000000,1000000,990000,990000,-10000,-1,990000,-10000,-1,990000,990000,1400-4-5,2021-06-26
812,افاد54,منفعت دولت5-ش.خاص لوتوس0108,1,5000,4172500000,835800,834500,834500,-1300,-0.16,834500,-1300,-0.16,834500,834500,1400-4-5,2021-06-26
813,تملي802,تسهيلات مسكن ب. ملي-ارديبهشت98,1,6,5251554,921325,875259,875259,-46066,-5,875259,-46066,-5,875259,875259,1400-4-5,2021-06-26
814,ثالوند2,سرمايه گذاري مسكن الوند,1,713400,22458545400,31481,31481,31481,0,0,31481,0,0,31481,31481,1400-4-5,2021-06-26
815,زعف0008پ15,زعفران0008پوشالمعمول طلاسرخ(پ),1,199,17910000,88200,90000,90000,1800,2.04,90000,1800,2.04,90000,90000,1400-4-5,2021-06-26
816,وملل2,اعتباري ملل,1,48956927,649168852020,13259,13260,13260,1,0.01,13260,1,0.01,13260,13260,1400-4-5,2021-06-26
817,سفارود,كارخانه فارسيت درود,1,6240,107714880,17614,17262,17262,-352,-2,17606,-8,-0.05,17262,17262,1400-4-5,2021-06-26
818,شستا003,اجاره تامين اجتماعي-سپهر000523,1,8,8000000,995000,1000000,1000000,5000,0.5,1000000,5000,0.5,1000000,1000000,1400-4-5,2021-06-26
819,اراد62,مرابحه عام دولت62-ش.خ0309,1,100,105000000,1000000,1050000,1050000,50000,5,1050000,50000,5,1050000,1050000,1400-4-5,2021-06-26
820,ضجار7043,اختيارخ وتجارت-3997-1400/07/21,1,100,3500000,30,35,35,5,16.67,35,5,16.67,35,35,1400-4-5,2021-06-26
821,نگين,ص.س. زمين و ساختمان نگين شهرري,1,106,5050900,47610,47650,47650,40,0.08,47650,40,0.08,47650,47650,1400-4-5,2021-06-26
822,سكارون,سيمان كارون,1,29,5004008,177888,172552,172552,-5336,-3,177886,-2,0,172552,172552,1400-4-5,2021-06-26
823,ضفلا7005,اختيارخ فولاد-11013-1400/07/25,1,10,14721000,1047,1050,1050,3,0.29,1050,3,0.29,1050,1050,1400-4-5,2021-06-26
824,ضغدر8057,اختيارخ وغدير-9000-1400/08/26,1,11,46640000,2870,4240,4240,1370,47.74,4240,1370,47.74,4240,4240,1400-4-5,2021-06-26
825,ولراز,ليزينگ رازي,1,106,5640048,56008,53208,53208,-2800,-5,56006,-2,0,53208,53208,1400-4-5,2021-06-26
826,فسديد,لوله‌وتجهيزات‌ سديد - ورشكسته,1,458,49775440,109777,108680,108680,-1097,-1,109764,-13,-0.01,108680,108680,1400-4-5,2021-06-26
827,ضشنا8000,اختيارخ شپنا-5800-1400/08/16,1,1,6000000,6000,6000,6000,0,0,6000,0,0,6000,6000,1400-4-5,2021-06-26
828,اراد22,مرابحه عام دولت2-ش.خ لوتوس0212,1,5000,4850000000,978000,970000,970000,-8000,-0.82,970000,-8000,-0.82,970000,970000,1400-4-5,2021-06-26
829,اروند04,منفعت صبا اروند كاردان14001113,1,8,8000000,1000000,1000000,1000000,0,0,1000000,0,0,1000000,1000000,1400-4-5,2021-06-26
830,وسالت,بانك قرض الحسنه رسالت,1,13974,15972282,1110,1143,1143,33,2.97,1110,0,0,1143,1143,1400-4-5,2021-06-26
831,ضملت8038,اختيارخ وبملت-1934-1400/08/19,1,1,2600000,2164,2600,2600,436,20.15,2600,436,20.15,2600,2600,1400-4-5,2021-06-26
832,خفناور,مهندسي صنعتي روان فن آور,1,117,5468112,48181,46736,46736,-1445,-3,48180,-1,0,46736,46736,1400-4-5,2021-06-26
833,صعبيد312,صكوك اجاره دعبيد-3ماهه18%,1,12,12060000,1005000,1005000,1005000,0,0,1005000,0,0,1005000,1005000,1400-4-5,2021-06-26
834,قلرست,قند لرستان‌,1,500,16825000,35420,33650,33650,-1770,-5,35420,0,0,33650,33650,1400-4-5,2021-06-26
835,وسقم,شركت س استان قم,1,15000,20100000,1410,1340,1340,-70,-4.96,1410,0,0,1340,1340,1400-4-5,2021-06-26
836,افاد82,منفعت دولت8-ش.خاص لوتوس0205,1,5000,4850000000,978000,970000,970000,-8000,-0.82,970000,-8000,-0.82,970000,970000,1400-4-5,2021-06-26
837,تملي707,تسهيلات مسكن ب. ملي-مهر97,1,7,5673941,810563,810563,810563,0,0,810563,0,0,810563,810563,1400-4-5,2021-06-26
838,ضمخا7076,اختيارخ اخابر-9700-1400/07/28,1,15,7500000,590,500,500,-90,-15.25,500,-90,-15.25,500,500,1400-4-5,2021-06-26
839,كاريس2,صندوق س.سپهر كاريزما-س,1,8500000,8500000,11356,1,1,-11355,-99.99,1,-11355,-99.99,1,1,1400-4-5,2021-06-26
840,ضملي7001,اختيارخ فملي-8720-1400/07/11,1,1,3411000,3800,3411,3411,-389,-10.24,3411,-389,-10.24,3411,3411,1400-4-5,2021-06-26
841,طمخا7071,اختيارف اخابر-23700-1400/07/28,1,2,32130000,17654,16065,16065,-1589,-9,16065,-1589,-9,16065,16065,1400-4-5,2021-06-26
842,اراد69,مرابحه عام دولت69-ش.خ0310,1,22000,20174000000,912800,917000,917000,4200,0.46,917000,4200,0.46,917000,917000,1400-4-5,2021-06-26
843,خلنت2,لنت‌ ترمزايران‌,1,2717714,128792466460,45580,47390,47390,1810,3.97,47390,1810,3.97,47390,47390,1400-4-5,2021-06-26
844,اراد74,مرابحه عام دولت74-ش.خ040226,1,100,100000000,970000,1000000,1000000,30000,3.09,1000000,30000,3.09,1000000,1000000,1400-4-5,2021-06-26
845,اخزا810,اسنادخزانه-م10بودجه98-001006,1,150,135750000,902501,905000,905000,2499,0.28,905000,2499,0.28,905000,905000,1400-4-5,2021-06-26
846,دشيري,شيرين دارو,1,24,5144112,220967,214338,214338,-6629,-3,220963,-4,0,214338,214338,1400-4-5,2021-06-26
