,نماد,نام,تعداد,حجم,ارزش,دیروز,اولین,آخرین معامله - مقدار,آخرین معامله - تغییر,آخرین معامله - درصد,قیمت پایانی - مقدار,قیمت پایانی - تغییر,قیمت پایانی - درصد,کمترین,بیشترین,تاریخ,gregorian_date
0,پالايش,صندوق پالايشي يكم-سهام,35207,53055256,3814285520180,73530,71400,72400,-1130,-1.54,71890,-1640,-2.23,70500,73200,1400-10-5,2021-12-26
1,شستا,سرمايه گذاري تامين اجتماعي,31623,181278736,2031371780200,11090,11110,11320,230,2.07,11210,120,1.08,11010,11480,1400-10-5,2021-12-26
2,شبندر,پالايش نفت بندرعباس,20151,335896797,2211721322140,6380,6470,6690,310,4.86,6580,200,3.13,6410,6690,1400-10-5,2021-12-26
3,خاور,ايران خودرو ديزل,16155,841782216,1017219417769,1158,1215,1215,57,4.92,1208,50,4.32,1165,1215,1400-10-5,2021-12-26
4,دارا يكم,صندوق واسطه گري مالي يكم-سهام,15346,11134352,1241443143940,115300,110540,112490,-2810,-2.44,111500,-3800,-3.3,110030,112850,1400-10-5,2021-12-26
5,كدما,معدني‌ دماوند,10700,15812442,1141420973570,69140,72590,72500,3360,4.86,72180,3040,4.4,67000,72590,1400-10-5,2021-12-26
6,شتران,پالايش نفت تهران,10610,159220002,679031898175,4301,4200,4266,-35,-0.81,4265,-36,-0.84,4134,4390,1400-10-5,2021-12-26
7,فملي,ملي‌ صنايع‌ مس‌ ايران‌,9678,88042536,620807452740,7010,7010,7160,150,2.14,7050,40,0.57,6900,7180,1400-10-5,2021-12-26
8,خودرو,ايران‌ خودرو,9019,278809739,531227468999,1956,1910,1921,-35,-1.79,1905,-51,-2.61,1865,1932,1400-10-5,2021-12-26
9,فولاد,فولاد مباركه اصفهان,8826,71882370,769932276850,10810,10590,10910,100,0.93,10710,-100,-0.93,10450,10950,1400-10-5,2021-12-26
10,شپنا,پالايش نفت اصفهان,8513,98358388,613285893990,6190,6150,6320,130,2.1,6240,50,0.81,6010,6450,1400-10-5,2021-12-26
11,بركت,گروه دارويي بركت,7259,21832020,350874807370,16810,16300,16080,-730,-4.34,16070,-740,-4.4,15970,16300,1400-10-5,2021-12-26
12,وتجارت,بانك تجارت,6947,290254850,563510100461,1996,1958,1971,-25,-1.25,1941,-55,-2.76,1898,1979,1400-10-5,2021-12-26
13,كالا,بورس كالاي ايران,6276,15385566,464661296380,31550,30350,30000,-1550,-4.91,30200,-1350,-4.28,29980,31290,1400-10-5,2021-12-26
14,خساپا,سايپا,6271,229901013,375702972405,1662,1625,1657,-5,-0.3,1634,-28,-1.68,1600,1662,1400-10-5,2021-12-26
15,تسه0009,امتيازتسهيلات مسكن آذر 1400,5880,241090,224216172194,899017,889200,943967,44950,5,930010,30993,3.45,889200,943967,1400-10-5,2021-12-26
16,وبملت,بانك ملت,5707,156887859,483253680660,3137,3110,3149,12,0.38,3080,-57,-1.82,3015,3151,1400-10-5,2021-12-26
17,كمند,صندوق س. با درآمد ثابت كمند,5057,203114207,2053631354939,10105,10110,10111,6,0.06,10111,6,0.06,10110,10111,1400-10-5,2021-12-26
18,توسن,توسعه سامانه ي نرم افزاري نگين,4998,11217883,223734906387,19976,20100,20050,74,0.37,19944,-32,-0.16,19503,20220,1400-10-5,2021-12-26
19,خگستر,گسترش‌سرمايه‌گذاري‌ايران‌خودرو,4751,133500558,292947063971,2255,2200,2272,17,0.75,2194,-61,-2.71,2148,2278,1400-10-5,2021-12-26
20,فرابورس,فرابورس ايران,4667,17417954,314154279660,18436,17720,17999,-437,-2.37,18036,-400,-2.17,17610,18600,1400-10-5,2021-12-26
21,وبصادر,بانك صادرات ايران,4626,165763856,310074915440,1884,1876,1892,8,0.42,1871,-13,-0.69,1825,1908,1400-10-5,2021-12-26
22,فسبزوار,پارس فولاد سبزوار,4103,3257425,113349558440,35300,34990,34970,-330,-0.93,34800,-500,-1.42,34460,35130,1400-10-5,2021-12-26
23,وملي,گروه‌ صنعتي‌ ملي‌ (هلدينگ‌,4063,1811042,268716196230,145800,146300,152710,6910,4.74,148380,2580,1.77,138510,153090,1400-10-5,2021-12-26
24,لپارس,پارس‌ الكتريك‌,3909,2257835,230408870680,101460,103000,104200,2740,2.7,102050,590,0.58,98500,106000,1400-10-5,2021-12-26
25,بورس,بورس اوراق بهادار تهران,3760,21109179,242869228680,11910,11600,11420,-490,-4.11,11510,-400,-3.36,11320,11790,1400-10-5,2021-12-26
26,حسير,ريل سير كوثر,3712,11713241,218171850841,19157,19160,18222,-935,-4.88,18626,-531,-2.77,18200,19998,1400-10-5,2021-12-26
27,نوري,پتروشيمي نوري,3697,2238933,255548824830,116500,115900,114060,-2440,-2.09,114140,-2360,-2.03,112890,115900,1400-10-5,2021-12-26
28,مديريت,س. و خدمات مديريت صند. ب كشوري,3611,7513070,70775567856,9710,9400,9545,-165,-1.7,9420,-290,-2.99,9300,9550,1400-10-5,2021-12-26
29,پترول,گ.س.وت.ص.پتروشيمي خليج فارس,3605,61511551,151103946344,2541,2498,2466,-75,-2.95,2457,-84,-3.31,2415,2500,1400-10-5,2021-12-26
30,فارس,صنايع پتروشيمي خليج فارس,3598,32701984,367990778310,11090,11210,11310,220,1.98,11250,160,1.44,11090,11430,1400-10-5,2021-12-26
31,انرژي3,سايراشخاص بورس انرژي,3584,1808650,171798790460,96800,95900,94980,-1820,-1.88,94990,-1810,-1.87,93600,96000,1400-10-5,2021-12-26
32,فجهان,مجتمع جهان فولاد سيرجان,3428,15457759,84077702703,5486,5323,5445,-41,-0.75,5441,-45,-0.82,5323,5460,1400-10-5,2021-12-26
33,تپكو,توليدتجهيزات‌سنگين‌هپكو,3407,77623197,246076387980,3258,3170,3165,-93,-2.85,3170,-88,-2.7,3161,3250,1400-10-5,2021-12-26
34,وخارزم,سرمايه گذاري خوارزمي,3302,35952413,158221053224,4536,4400,4442,-94,-2.07,4401,-135,-2.98,4316,4488,1400-10-5,2021-12-26
35,خپارس,پارس‌ خودرو,3246,134902534,135552191809,1029,1001,1012,-17,-1.65,1005,-24,-2.33,988,1022,1400-10-5,2021-12-26
36,بركتح,ح . گروه دارويي بركت,3112,8365693,103909629600,13250,12320,12240,-1010,-7.62,12420,-830,-6.26,12210,13000,1400-10-5,2021-12-26
37,وپارس,بانك‌پارسيان‌,3097,45365523,86718840902,1955,1980,1935,-20,-1.02,1923,-32,-1.64,1874,1980,1400-10-5,2021-12-26
38,خصدرا,صنعتي‌ دريايي‌ ايران‌,3090,102148241,212883549518,2026,2080,2086,60,2.96,2084,58,2.86,2027,2086,1400-10-5,2021-12-26
39,گدنا,تهيه توزيع غذاي دنا آفرين فدك,2967,4051778,44490221367,11116,10660,11370,254,2.28,10980,-136,-1.22,10561,11390,1400-10-5,2021-12-26
40,كيان,صندوق س. با درآمد ثابت كيان,2965,25264438,815054316649,32241,32260,32263,22,0.07,32261,20,0.06,32259,32263,1400-10-5,2021-12-26
41,ختور,رادياتور ايران‌,2938,17881232,226471735530,12210,12820,12820,610,5,12670,460,3.77,12210,12820,1400-10-5,2021-12-26
42,ثشاهد,سرمايه‌ گذاري‌ شاهد,2914,35950309,363988734480,10340,9990,10190,-150,-1.45,10120,-220,-2.13,9830,10370,1400-10-5,2021-12-26
43,حآفرين,ريل پرداز نو آفرين,2903,40055458,176312527309,4599,4412,4370,-229,-4.98,4402,-197,-4.28,4370,4519,1400-10-5,2021-12-26
44,سپيد,سپيد ماكيان,2727,3630770,220097758010,61160,59300,61320,160,0.26,60620,-540,-0.88,59300,61400,1400-10-5,2021-12-26
45,غبشهر,صنعتي‌ بهشهر,2685,77066129,302814928852,3868,4038,3835,-33,-0.85,3929,61,1.58,3733,4038,1400-10-5,2021-12-26
46,خبهمن,گروه‌بهمن‌,2679,88440653,169972586885,1967,1939,1940,-27,-1.37,1922,-45,-2.29,1895,1950,1400-10-5,2021-12-26
47,كيمياتك,آريان كيميا تك,2609,593495,14266461500,24790,24100,24140,-650,-2.62,24060,-730,-2.94,23900,24370,1400-10-5,2021-12-26
48,آريا,پليمر آريا ساسول,2447,608267,67861454413,111591,110200,112500,909,0.81,111574,-17,-0.02,108800,115000,1400-10-5,2021-12-26
49,فسرب,ملي‌ سرب‌وروي‌ ايران‌,2429,80990119,171875606963,2055,2055,2157,102,4.96,2122,67,3.26,1983,2157,1400-10-5,2021-12-26
50,قثابت,قند ثابت‌ خراسان‌,2413,70830199,121155623585,1699,1634,1766,67,3.94,1711,12,0.71,1621,1780,1400-10-5,2021-12-26
51,امين يكم,صندوق درآمد ثابت امين يكم فردا,2413,61605924,617286578304,10012,10018,10022,10,0.1,10020,8,0.08,10016,10023,1400-10-5,2021-12-26
52,وسديد,گروه ‌صنعتي‌سديد,2344,40652720,42212670119,1069,1050,1038,-31,-2.9,1038,-31,-2.9,1037,1056,1400-10-5,2021-12-26
53,اعتماد,صندوق س.اعتماد آفرين پارسيان-د,2329,53254490,2177866214030,40872,40894,40896,24,0.06,40895,23,0.06,40893,40897,1400-10-5,2021-12-26
54,سپيدار,سپيدار سيستم آسيا,2324,1335005,26985770252,20154,20154,20541,387,1.92,20214,60,0.3,19990,20760,1400-10-5,2021-12-26
55,شگويا,پتروشيمي تندگويان,2262,7829410,91741225184,12023,11828,11771,-252,-2.1,11773,-250,-2.08,11600,11828,1400-10-5,2021-12-26
56,كاما,باما,2243,18437006,127118836330,7030,6920,6930,-100,-1.42,6890,-140,-1.99,6760,7030,1400-10-5,2021-12-26
57,غزر,صنعتي زر ماكارون,2113,2444933,23387727320,9860,9850,9530,-330,-3.35,9640,-220,-2.23,9390,9900,1400-10-5,2021-12-26
58,رافزا,رايان هم افزا,2109,697244,44704232570,62861,60600,62860,-1,0,64116,1255,2,59800,65990,1400-10-5,2021-12-26
59,امين,تامين سرمايه امين,2101,938457,11560549840,12290,12320,12330,40,0.33,12300,10,0.08,12300,12330,1400-10-5,2021-12-26
60,اتكاي,بيمه اتكايي ايرانيان,2100,22755608,246201373139,10371,10530,10799,428,4.13,10819,448,4.32,10530,10889,1400-10-5,2021-12-26
61,شفن,پتروشيمي فناوران,2095,5754336,75721630250,13590,13430,13190,-400,-2.94,13310,-280,-2.06,12980,13430,1400-10-5,2021-12-26
62,ذوب,ذوب آهن اصفهان,2090,74715054,270344068711,1000,3624,3605,2605,260.5,3618,2618,261.8,3590,3675,1400-10-5,2021-12-26
63,صبا,سرمايه گذاري صبا تامين,2047,16013562,100441768625,6320,6230,6254,-66,-1.04,6278,-42,-0.66,6175,6330,1400-10-5,2021-12-26
64,ضخود1052,اختيارخ خودرو-2000-1400/10/08,2014,92760,2812897000,54,38,27,-27,-50,30,-24,-44.44,24,39,1400-10-5,2021-12-26
65,وغدير,سرمايه‌گذاري‌غدير(هلدينگ‌,1999,14142260,215719237500,15350,15190,15390,40,0.26,15250,-100,-0.65,15010,15400,1400-10-5,2021-12-26
66,چخزر,صنايع چوب خزر كاسپين,1993,805765,21871443759,27423,26636,27740,317,1.16,27144,-279,-1.02,26636,28290,1400-10-5,2021-12-26
67,افران,صندوق س افرا نماد پايدار-ثابت,1993,64245635,969014719319,15073,15083,15083,10,0.07,15083,10,0.07,15082,15085,1400-10-5,2021-12-26
68,خزاميا,زامياد,1987,18231945,137242588940,7470,7420,7710,240,3.21,7530,60,0.8,7200,7770,1400-10-5,2021-12-26
69,شاروم,پتروشيمي اروميه,1959,1744568,24431502003,14429,14200,14140,-289,-2,14004,-425,-2.95,13708,14300,1400-10-5,2021-12-26
70,ثاميد,توسعه و عمران اميد,1904,9429990,14395406223,1581,1561,1521,-60,-3.8,1545,-36,-2.28,1512,1561,1400-10-5,2021-12-26
71,آپ,آسان پرداخت پرشين,1899,8660416,82562026200,9990,9750,9530,-460,-4.6,9530,-460,-4.6,9500,9850,1400-10-5,2021-12-26
72,اخابر,مخابرات ايران,1892,49549980,368132467180,7080,7430,7430,350,4.94,7430,350,4.94,7370,7430,1400-10-5,2021-12-26
73,بپاس,بيمه پاسارگاد,1891,14750878,536881231288,38307,36392,36392,-1915,-5,36397,-1910,-4.99,36392,36910,1400-10-5,2021-12-26
74,بوعلي,پتروشيمي بوعلي سينا,1865,1246865,90623952130,73380,74400,73100,-280,-0.38,72750,-630,-0.86,72010,74400,1400-10-5,2021-12-26
75,ثبهساز,بهساز كاشانه تهران,1775,12457564,19421040686,1606,1608,1570,-36,-2.24,1559,-47,-2.93,1530,1608,1400-10-5,2021-12-26
76,ثنور,سرمايه گذاري كوه نور,1754,16802833,120307922150,7132,7020,7345,213,2.99,7160,28,0.39,6919,7345,1400-10-5,2021-12-26
77,سرو,صندوق س سروسودمند مدبران-سهام,1752,2537832,177665546930,70550,69620,71120,570,0.81,70010,-540,-0.77,68700,71300,1400-10-5,2021-12-26
78,كمرجان,بازرگاني و توليدي مرجان كار,1731,19674346,119097594263,5800,6015,6090,290,5,6053,253,4.36,5753,6090,1400-10-5,2021-12-26
79,وهامون,سرمايه گذاري هامون صبا,1729,4592570,12965877539,2882,2842,2835,-47,-1.63,2830,-52,-1.8,2792,2870,1400-10-5,2021-12-26
80,كزغال,زغال سنگ پروده طبس,1705,1366498,43914190924,31940,31769,32470,530,1.66,32136,196,0.61,30560,32570,1400-10-5,2021-12-26
81,حفاري,حفاري شمال,1688,21331632,86975698381,4031,3886,4160,129,3.2,4077,46,1.14,3881,4174,1400-10-5,2021-12-26
82,فاذر,صنايع‌ آذرآب‌,1652,64676165,58979596916,935,929,911,-24,-2.57,912,-23,-2.46,891,929,1400-10-5,2021-12-26
83,وسپهر,سرمايه گذاري مالي سپهرصادرات,1637,4121020,29096616532,7109,7062,7060,-49,-0.69,7092,-17,-0.24,7060,7065,1400-10-5,2021-12-26
84,آگاس,صندوق س.هستي بخش آگاه-س,1622,1540902,121351653152,80155,78553,79685,-470,-0.59,78754,-1401,-1.75,77620,80000,1400-10-5,2021-12-26
85,غگل,گلوكوزان‌,1607,23241907,72873969029,3120,3179,3169,49,1.57,3135,15,0.48,3000,3190,1400-10-5,2021-12-26
86,هاي وب,داده گسترعصرنوين-هاي وب,1605,13600051,111431396840,8340,8200,8300,-40,-0.48,8190,-150,-1.8,7970,8400,1400-10-5,2021-12-26
87,ثرود,سرمايه‌گذاري مسكن زاينده رود,1595,13251848,77398145590,5931,6027,5635,-296,-4.99,5841,-90,-1.52,5635,6220,1400-10-5,2021-12-26
88,رانفور,خدمات‌انفورماتيك‌,1573,32969168,117340068025,3418,3461,3565,147,4.3,3559,141,4.13,3448,3588,1400-10-5,2021-12-26
89,وكبهمن,مديريت سرمايه گذاري كوثربهمن,1554,534932,5129380558,9464,9600,9670,206,2.18,9506,42,0.44,9301,9800,1400-10-5,2021-12-26
90,شبريز,پالايش نفت تبريز,1542,3738965,126981742380,33880,33970,34210,330,0.97,33960,80,0.24,32900,34750,1400-10-5,2021-12-26
91,ومدير,گ.مديريت ارزش سرمايه ص ب كشوري,1533,7693244,35866225633,4717,4651,4655,-62,-1.31,4662,-55,-1.17,4602,4717,1400-10-5,2021-12-26
92,سيتا,سرمايه گذاري سيمان تامين,1509,3231586,30584252190,9420,9750,9460,40,0.42,9450,30,0.32,9200,9750,1400-10-5,2021-12-26
93,كتوكا,توليدي و خدمات صنايع نسوز توكا,1499,7301216,68999916197,9919,9500,9424,-495,-4.99,9450,-469,-4.73,9424,9650,1400-10-5,2021-12-26
94,فگستر,گسترش صنايع روي ايرانيان,1468,3149016,31250065685,9453,9925,9925,472,4.99,9924,471,4.98,9620,9925,1400-10-5,2021-12-26
95,كماسه,تامين‌ ماسه‌ ريخته‌گري‌,1466,23682311,76581695041,3369,3279,3261,-108,-3.21,3234,-135,-4.01,3201,3370,1400-10-5,2021-12-26
96,غگيلا,شيرپاستوريزه پگاه گيلان,1437,2280861,33905328798,14450,14990,15172,722,5,14865,415,2.87,13729,15172,1400-10-5,2021-12-26
97,سمايه,بانك سرمايه,1389,13406142,74179007412,5690,5531,5520,-170,-2.99,5533,-157,-2.76,5520,5669,1400-10-5,2021-12-26
98,كچاد,معدني‌وصنعتي‌چادرملو,1387,3847334,115308511360,29840,29500,30230,390,1.31,29960,120,0.4,29490,30300,1400-10-5,2021-12-26
99,بپيوند,برق و انرژي پيوندگستر پارس,1357,626283,5928725462,9661,9510,9549,-112,-1.16,9583,-78,-0.81,9250,9700,1400-10-5,2021-12-26
100,حكشتي,كشتيراني جمهوري اسلامي ايران,1356,6848300,91419723330,13510,13210,13400,-110,-0.81,13380,-130,-0.96,13000,13500,1400-10-5,2021-12-26
101,ديران,ايران‌دارو,1350,5006201,90105866310,17480,17500,18350,870,4.98,18000,520,2.97,17110,18350,1400-10-5,2021-12-26
102,ثعتما,س. ساختماني اعتماد گستر,1335,2812870,70103915203,24687,25000,23947,-740,-3,24923,236,0.96,23947,25427,1400-10-5,2021-12-26
103,خنصير,مهندسي‌نصيرماشين‌,1329,7508452,125354450890,16010,16020,16810,800,5,16700,690,4.31,16020,16810,1400-10-5,2021-12-26
104,وسكرد,شركت س استان كردستان,1328,103743254,47947238395,472,473,470,-2,-0.42,462,-10,-2.12,452,480,1400-10-5,2021-12-26
105,ولكار,ليزينگ كارآفرين,1316,804927,3265893110,3990,4100,4043,53,1.33,4004,14,0.35,3872,4140,1400-10-5,2021-12-26
106,ولپارس,ليزينگ پارسيان,1313,4463861,12420591736,2838,2850,2799,-39,-1.37,2791,-47,-1.66,2730,2850,1400-10-5,2021-12-26
107,آبادا,توليد نيروي برق آبادان,1311,1245353,12049319590,9870,9900,9760,-110,-1.11,9710,-160,-1.62,9450,9900,1400-10-5,2021-12-26
108,زاگرس,پتروشيمي زاگرس,1311,341918,77754552018,232879,227300,226293,-6586,-2.83,228603,-4276,-1.84,226110,230700,1400-10-5,2021-12-26
109,تملتح,ح . تامين سرمايه بانك ملت,1297,4485217,5508224831,1276,1173,1245,-31,-2.43,1228,-48,-3.76,1173,1260,1400-10-5,2021-12-26
110,بگيلان,توسعه مسير برق گيلان,1294,248229,3474024383,13939,13902,14130,191,1.37,13947,8,0.06,13850,14340,1400-10-5,2021-12-26
111,شصدف,صنعتي دوده فام,1291,1314963,43689179788,34105,33700,33500,-605,-1.77,33225,-880,-2.58,32600,33800,1400-10-5,2021-12-26
112,غنوش,نوش‌ مازندران‌,1284,3841645,59296535940,16060,16090,15260,-800,-4.98,15440,-620,-3.86,15260,16090,1400-10-5,2021-12-26
113,بكاب,صنايع‌جوشكاب‌يزد,1268,831605,70081748550,81220,80480,85280,4060,5,84270,3050,3.76,77530,85280,1400-10-5,2021-12-26
114,شاراك,پتروشيمي شازند,1259,2672181,121364874160,45290,44890,45780,490,1.08,45420,130,0.29,44270,46400,1400-10-5,2021-12-26
115,لطيف,محصولات كاغذي لطيف,1259,255406,9746338993,38256,37501,38728,472,1.23,38194,-62,-0.16,37501,38980,1400-10-5,2021-12-26
116,غكورش,صنعت غذايي كورش,1253,848331,41674336290,49740,49930,49120,-620,-1.25,49310,-430,-0.86,48530,49930,1400-10-5,2021-12-26
117,گشان,توسعه بين المللي پديده شانديز,1252,3373098,62830352809,19168,19000,18650,-518,-2.7,18627,-541,-2.82,18593,19000,1400-10-5,2021-12-26
118,سحرخيز,صندوق س. گروه زعفران سحرخيز,1233,2281992,41024505038,18040,18070,18048,8,0.04,17977,-63,-0.35,17670,18271,1400-10-5,2021-12-26
119,فتوسا,توليد و توسعه سرب روي ايرانيان,1215,576081,6039436144,10420,10020,10608,188,1.8,10445,25,0.24,10020,10650,1400-10-5,2021-12-26
120,تاپيكو,س. نفت و گاز و پتروشيمي تأمين,1201,8646306,128520425030,15020,14820,14870,-150,-1,14860,-160,-1.07,14700,15020,1400-10-5,2021-12-26
121,غمارگ,مارگارين‌,1196,22698606,60634745136,2666,2681,2774,108,4.05,2671,5,0.19,2571,2774,1400-10-5,2021-12-26
122,زبينا,كشاورزي و دامپروري بينالود,1190,28609528,64643007071,2187,2120,2296,109,4.98,2259,72,3.29,2120,2296,1400-10-5,2021-12-26
123,فاراك,ماشين‌ سازي‌ اراك‌,1190,37672157,55929314202,1528,1490,1510,-18,-1.18,1485,-43,-2.81,1458,1513,1400-10-5,2021-12-26
124,فجر,فولاد اميركبيركاشان,1190,2053788,48547818610,24130,23650,23800,-330,-1.37,23640,-490,-2.03,23080,24100,1400-10-5,2021-12-26
125,غدام,خوراك‌  دام‌ پارس‌,1169,596481,60373964240,104640,99910,102310,-2330,-2.23,101220,-3420,-3.27,99410,104000,1400-10-5,2021-12-26
126,شسپا,نفت سپاهان,1167,22982261,79777037628,3449,3400,3485,36,1.04,3471,22,0.64,3370,3521,1400-10-5,2021-12-26
127,وساغربي,شركت س استان آذربايجان غربي,1146,66652622,29977623293,459,442,456,-3,-0.65,450,-9,-1.96,440,460,1400-10-5,2021-12-26
128,وفتخار,سرمايه گذاري افتخار سهام,1135,5596046,9854677006,1815,1761,1761,-54,-2.98,1761,-54,-2.98,1761,1762,1400-10-5,2021-12-26
129,غبهنوش,بهنوش‌ ايران‌,1111,1199853,78311955190,68660,65290,65240,-3420,-4.98,65270,-3390,-4.94,65230,68660,1400-10-5,2021-12-26
130,ختوقا,قطعات‌ اتومبيل‌ ايران‌,1109,27580696,66129865102,2493,2375,2420,-73,-2.93,2398,-95,-3.81,2369,2459,1400-10-5,2021-12-26
131,شفنح,ح . پتروشيمي فناوران,1108,7348844,69388290070,9820,9400,9450,-370,-3.77,9440,-380,-3.87,9310,9600,1400-10-5,2021-12-26
132,فخوز,فولاد  خوزستان,1108,9887057,66180537560,6600,6590,6770,170,2.58,6650,50,0.76,6400,6860,1400-10-5,2021-12-26
133,لپيام,گسترش صنايع پيام,1105,2899868,84043848346,30401,28881,28881,-1520,-5,28982,-1419,-4.67,28881,29999,1400-10-5,2021-12-26
134,شلعاب,لعابيران‌,1093,8702032,50589113440,5610,5600,5890,280,4.99,5810,200,3.57,5510,5890,1400-10-5,2021-12-26
135,پارند,صندوق س. پارند پايدار سپهر,1090,36878981,372905785067,10106,10112,10112,6,0.06,10112,6,0.06,10111,10112,1400-10-5,2021-12-26
136,ومعادن,توسعه‌معادن‌وفلزات‌,1083,6618440,64860091390,9880,9780,9900,20,0.2,9840,-40,-0.4,9600,9930,1400-10-5,2021-12-26
137,سفار,سيمان‌فارس‌,1058,836730,49280316500,56620,59440,58880,2260,3.99,58900,2280,4.03,57700,59450,1400-10-5,2021-12-26
138,سفارس,سيمان فارس و خوزستان,1056,4390349,74271532490,16770,16430,17150,380,2.27,16920,150,0.89,16300,17300,1400-10-5,2021-12-26
139,گكوثر,هتل پارسيان كوثر اصفهان,1049,28231838,43652545215,1616,1610,1565,-51,-3.16,1546,-70,-4.33,1536,1615,1400-10-5,2021-12-26
140,شلرد,كود شيميايي اوره لردگان,1040,5425554,60662833658,11397,11080,11300,-97,-0.85,11181,-216,-1.9,11056,11464,1400-10-5,2021-12-26
141,غديس,پاكديس,1038,10869915,130688990458,11606,12050,11800,194,1.67,12023,417,3.59,11040,12186,1400-10-5,2021-12-26
142,تپمپي,پمپ‌ سازي‌ ايران‌,1023,4564884,97461677450,20700,20790,21540,840,4.06,21350,650,3.14,20000,21730,1400-10-5,2021-12-26
143,كوير,توليدي فولاد سپيد فراب كوير,1020,5902996,30937436390,5430,5290,5300,-130,-2.39,5320,-110,-2.03,5170,5380,1400-10-5,2021-12-26
144,نهال,صندوق س. طلاي سرخ نوويرا,1020,2883875,55921293887,19319,18600,19563,244,1.26,19391,72,0.37,18600,19688,1400-10-5,2021-12-26
145,ونوين,بانك‌اقتصادنوين‌,1017,19333548,63301010138,3325,3295,3330,5,0.15,3274,-51,-1.53,3159,3390,1400-10-5,2021-12-26
146,شاوان,پالايش نفت لاوان,1015,606450,81245677828,132514,132600,136330,3816,2.88,133969,1455,1.1,128150,137499,1400-10-5,2021-12-26
147,چكاپا,گروه صنايع كاغذ پارس,978,11336101,34286106129,3105,3099,3016,-89,-2.87,3025,-80,-2.58,2984,3099,1400-10-5,2021-12-26
148,طلا,صندوق س.پشتوانه طلاي لوتوس,969,832140,75519165004,90214,90510,90750,536,0.59,90753,539,0.6,90215,91202,1400-10-5,2021-12-26
149,ثاخت,بين‌المللي‌توسعه‌ساختمان,954,19950136,35863237732,1871,1820,1819,-52,-2.78,1798,-73,-3.9,1778,1843,1400-10-5,2021-12-26
150,وسكرمان,س.سهام عدالت استان كرمان,952,71121529,32524513649,465,451,466,1,0.22,457,-8,-1.72,449,467,1400-10-5,2021-12-26
151,سپر,صندوق س سپر سرمايه بيدار- ثابت,951,38903295,522590039993,13430,13439,13440,10,0.07,13433,3,0.02,13431,13440,1400-10-5,2021-12-26
152,خمهرح,ح . مهركام‌پارس‌,943,19070587,11771374988,628,587,628,0,0,617,-11,-1.75,587,637,1400-10-5,2021-12-26
153,ونيرو,سرمايه‌گذاري‌نيرو,941,21495057,42994439234,2089,2058,2043,-46,-2.2,2000,-89,-4.26,1985,2071,1400-10-5,2021-12-26
154,فردا2,صندوق س آواي فرداي زاگرس-ثابت,939,93900000,93900000,12070,1,1,-12069,-99.99,1,-12069,-99.99,1,1,1400-10-5,2021-12-26
155,بترانس,ايران‌ ترانسفو,928,16758535,34620097256,2101,2078,2076,-25,-1.19,2066,-35,-1.67,2037,2099,1400-10-5,2021-12-26
156,وسكرشا,س.سهام عدالت استان كرمانشاه,927,62359666,28904707362,469,469,469,0,0,464,-5,-1.07,452,480,1400-10-5,2021-12-26
157,ثفارس,عمران‌وتوسعه‌فارس‌,927,8060510,59604105750,7730,7450,7390,-340,-4.4,7390,-340,-4.4,7350,7670,1400-10-5,2021-12-26
158,غشصفا,شيرپاستوريزه‌پگاه‌اصفهان‌,921,2683881,79074170340,29730,31210,30110,380,1.28,29460,-270,-0.91,28300,31210,1400-10-5,2021-12-26
159,وپويا,سرمايه گذاري پويا,901,1933336,6628441967,3525,3512,3480,-45,-1.28,3482,-43,-1.22,3350,3512,1400-10-5,2021-12-26
160,سبزوا,سيمان لار سبزوار,899,15136860,28876951043,1994,1975,1918,-76,-3.81,1908,-86,-4.31,1895,1975,1400-10-5,2021-12-26
161,كرازي,كارخانجات‌توليدي‌شيشه‌رازي‌,888,21045231,25363028743,1233,1190,1215,-18,-1.46,1205,-28,-2.27,1187,1225,1400-10-5,2021-12-26
162,خموتور,موتورسازان‌تراكتورسازي‌ايران‌,887,7465941,38858514070,5460,5300,5240,-220,-4.03,5200,-260,-4.76,5190,5420,1400-10-5,2021-12-26
163,بموتو,موتوژن‌,869,4241405,349263075250,80800,83950,79910,-890,-1.1,82350,1550,1.92,79520,83950,1400-10-5,2021-12-26
164,بجهرم,توسعه مولد نيروگاهي جهرم,869,11771395,22644732998,1952,1938,1922,-30,-1.54,1924,-28,-1.43,1890,1965,1400-10-5,2021-12-26
165,زكوثر,سرمايه گذاري كشاورزي كوثر,860,1996404,29826108320,14920,15090,14900,-20,-0.13,14940,20,0.13,14440,15200,1400-10-5,2021-12-26
166,پيزد,مجتمع صنايع لاستيك يزد,858,115935,6038313352,52984,51250,51999,-985,-1.86,52616,-368,-0.69,51250,53100,1400-10-5,2021-12-26
167,اپال,فرآوري معدني اپال كاني پارس,836,761680,17325353000,22760,22760,22720,-40,-0.18,22760,0,0,22720,22770,1400-10-5,2021-12-26
168,افرا,افرانت,836,2394488,59211729580,24639,25500,24700,61,0.25,24728,89,0.36,23639,25850,1400-10-5,2021-12-26
169,ثتران,سرمايه گذاري مسكن تهران,831,15416786,48261919723,3289,3200,3140,-149,-4.53,3130,-159,-4.83,3125,3200,1400-10-5,2021-12-26
170,رمپنا,گروه مپنا (سهامي عام),827,6959750,111275345610,16120,15630,16340,220,1.36,16000,-120,-0.74,15620,16440,1400-10-5,2021-12-26
171,غويتا,ويتانا,820,6035545,34266807127,5488,5320,5762,274,4.99,5677,189,3.44,5320,5762,1400-10-5,2021-12-26
172,خمحركه,نيرو محركه‌,814,9822766,33482861072,3413,3271,3469,56,1.64,3409,-4,-0.12,3271,3470,1400-10-5,2021-12-26
173,فروي,ذوب روي اصفهان,809,1205745,21120226736,17987,17600,17500,-487,-2.71,17516,-471,-2.62,17280,17799,1400-10-5,2021-12-26
174,خزر,فنرسازي‌زر,808,3408312,30804334720,9340,9070,9200,-140,-1.5,9040,-300,-3.21,8880,9300,1400-10-5,2021-12-26
175,كلر,كلر پارس,790,411216,42740697614,104155,105300,104690,535,0.51,103937,-218,-0.21,101050,105305,1400-10-5,2021-12-26
176,حفارس,حمل و نقل بين المللي خليج فارس,789,14589069,56368406305,3710,3750,3895,185,4.99,3864,154,4.15,3710,3895,1400-10-5,2021-12-26
177,وتوكا,سرمايه‌گذاري‌توكافولاد(هلدينگ,787,5358671,41190667570,7680,7590,7810,130,1.69,7690,10,0.13,7350,7890,1400-10-5,2021-12-26
178,شبصير,توليدات پتروشيمي قائد بصير,785,588154,67750355856,118939,114500,116140,-2799,-2.35,115192,-3747,-3.15,112997,118915,1400-10-5,2021-12-26
179,شغدير,پتروشيمي غدير,782,435739,39663307460,93010,92900,91560,-1450,-1.56,91350,-1660,-1.78,89900,92900,1400-10-5,2021-12-26
180,كاوه,فولاد كاوه جنوب كيش,779,5280244,76864944000,14670,14140,14510,-160,-1.09,14570,-100,-0.68,14140,14920,1400-10-5,2021-12-26
181,خرينگ,رينگ‌سازي‌مشهد,766,1196535,31499341150,26860,26810,26500,-360,-1.34,26330,-530,-1.97,25550,27080,1400-10-5,2021-12-26
182,كگل,معدني و صنعتي گل گهر,759,1557576,35072289590,22230,21640,22660,430,1.93,22310,80,0.36,21640,23200,1400-10-5,2021-12-26
183,شفا,سرمايه گذاري شفادارو,758,2524129,32445885470,13460,12910,12840,-620,-4.61,12850,-610,-4.53,12790,13230,1400-10-5,2021-12-26
184,اطلس,صندوق س.توسعه اندوخته آينده-س,755,354140,86185513201,246133,246000,245602,-531,-0.22,243366,-2767,-1.12,241810,246000,1400-10-5,2021-12-26
185,شكلر,نيروكلر,747,1065437,43272869240,40280,40280,41000,720,1.79,40620,340,0.84,38600,41950,1400-10-5,2021-12-26
186,قچار,فراوردههاي غذايي وقند چهارمحال,742,5855513,46172992111,8045,7898,7900,-145,-1.8,7885,-160,-1.99,7666,8100,1400-10-5,2021-12-26
187,ختراك,ريخته‌گري‌ تراكتورسازي‌ ايران‌,741,5204386,27192461983,5100,4920,5290,190,3.73,5225,125,2.45,4920,5337,1400-10-5,2021-12-26
188,كرماشا,صنايع پتروشيمي كرمانشاه,740,1316064,74377219740,56900,56700,56650,-250,-0.44,56540,-360,-0.63,55220,58650,1400-10-5,2021-12-26
189,كسرا,سراميك‌هاي‌صنعتي‌اردكان‌,733,5063410,67072072370,13070,13200,13490,420,3.21,13250,180,1.38,12720,13630,1400-10-5,2021-12-26
190,وهنر,گروه توسعه هنر ايران,733,16307823,38806074801,2433,2400,2430,-3,-0.12,2380,-53,-2.18,2361,2499,1400-10-5,2021-12-26
191,خاذين,سايپاآذين‌,729,12219827,30657833971,2588,2494,2527,-61,-2.36,2509,-79,-3.05,2459,2628,1400-10-5,2021-12-26
192,وتوصا,گروه س توسعه صنعتي ايران,726,5870668,62308321440,10430,10040,10750,320,3.07,10610,180,1.73,10040,10830,1400-10-5,2021-12-26
193,زماهان,مجتمع توليد گوشت مرغ ماهان,713,8355411,56578888656,6474,6797,6797,323,4.99,6772,298,4.6,6600,6797,1400-10-5,2021-12-26
194,آريان,سرمايه گذاري پارس آريان,713,3535801,50110264214,14175,14500,14273,98,0.69,14174,-1,-0.01,13840,14500,1400-10-5,2021-12-26
195,پلاستح,ح.كارخانجات توليدي پلاستيران,711,9763089,33522786948,3506,3401,3536,30,0.86,3434,-72,-2.05,3401,3578,1400-10-5,2021-12-26
196,تاصيكو,سرمايه گذاري صدرتامين,711,7164332,61716021270,8850,8810,8710,-140,-1.58,8710,-140,-1.58,8450,8810,1400-10-5,2021-12-26
197,لكما,كارخانجات‌مخابراتي‌ايران‌,692,18184914,16483453670,934,920,906,-28,-3,906,-28,-3,906,920,1400-10-5,2021-12-26
198,فباهنر,مس‌ شهيدباهنر,689,1121987,31234955430,27930,27910,28130,200,0.72,27840,-90,-0.32,27010,28350,1400-10-5,2021-12-26
199,تسه0008,امتيازتسهيلات مسكن آبان1400,687,11041,10297300393,888372,932790,932790,44418,5,932642,44270,4.98,920001,932790,1400-10-5,2021-12-26
200,شيران,س. صنايع‌شيميايي‌ايران,685,1723154,35802999260,20750,20810,20930,180,0.87,20760,10,0.05,20020,21080,1400-10-5,2021-12-26
201,خفنر,فنرسازي‌خاور,683,4284707,30211313650,7270,7010,7000,-270,-3.71,7050,-220,-3.03,6910,7270,1400-10-5,2021-12-26
202,شفارس,صنايع‌ شيميايي‌ فارس‌,680,17361459,17913579367,1077,1049,1038,-39,-3.62,1032,-45,-4.18,1026,1050,1400-10-5,2021-12-26
203,ماديرا,صنايع ماديران,679,3870967,20040900846,5316,5110,5260,-56,-1.05,5177,-139,-2.61,5100,5280,1400-10-5,2021-12-26
204,كفپارس,فرآورده‌هاي‌ نسوز پارس‌,678,7697226,21323202607,2893,2770,2809,-84,-2.9,2770,-123,-4.25,2749,2845,1400-10-5,2021-12-26
205,زشگزا,شير و گوشت زاگرس شهركرد,678,10480297,54201262873,4938,4780,5184,246,4.98,5172,234,4.74,4780,5184,1400-10-5,2021-12-26
206,وصنعت,سرمايه گذاري توسعه صنعت وتجارت,678,3986341,27429659930,7100,6940,6860,-240,-3.38,6880,-220,-3.1,6790,7000,1400-10-5,2021-12-26
207,غاذر,كشت‌وصنعت‌پياذر,676,1721262,56815458500,34400,35190,32900,-1500,-4.36,33010,-1390,-4.04,32680,35190,1400-10-5,2021-12-26
208,پارسان,گسترش نفت و گاز پارسيان,670,2062103,70254209500,33940,34680,34210,270,0.8,34010,70,0.21,32900,34700,1400-10-5,2021-12-26
209,زدشت,كشت و صنعت دشت خرم دره,665,2041709,27581454653,13076,13076,13729,653,4.99,13509,433,3.31,12510,13729,1400-10-5,2021-12-26
210,ارزش,صندوق س ارزش آفرين بيدار-سهام,665,2251030,21151787810,9610,9400,9520,-90,-0.94,9400,-210,-2.19,9270,9570,1400-10-5,2021-12-26
211,نطرين,عطرين نخ قم,665,4082509,28385396270,7282,7100,6918,-364,-5,6953,-329,-4.52,6918,7260,1400-10-5,2021-12-26
212,البرز,بيمه البرز,663,13260946,23933218222,1842,1783,1833,-9,-0.49,1805,-37,-2.01,1770,1840,1400-10-5,2021-12-26
213,سغدير,توسعه سرمايه و صنعت غدير,660,1923893,29897653989,15402,15402,15530,128,0.83,15540,138,0.9,15096,15780,1400-10-5,2021-12-26
214,كپارس,كاشي‌ پارس‌,649,4083993,27046635880,6720,6930,6600,-120,-1.79,6620,-100,-1.49,6450,6930,1400-10-5,2021-12-26
215,سنير,سيمان‌ سفيد ني‌ريز,647,1008311,27731553560,27850,26620,28350,500,1.8,27500,-350,-1.26,26460,29000,1400-10-5,2021-12-26
216,رتاپ,تجارت الكترونيك  پارسيان,639,3878377,20775438420,5610,5510,5330,-280,-4.99,5360,-250,-4.46,5330,5590,1400-10-5,2021-12-26
217,پتاير,ايران‌ تاير,639,9518593,17854112587,1892,1886,1917,25,1.32,1876,-16,-0.85,1803,1922,1400-10-5,2021-12-26
218,فزرين,زرين معدن آسيا,633,2145459,25192335822,12235,12090,11855,-380,-3.11,11742,-493,-4.03,11624,12090,1400-10-5,2021-12-26
219,شزنگ,تجهيزنيروي‌زنگان‌,629,258448,32250694641,130291,125001,123777,-6514,-5,124786,-5505,-4.23,123777,132748,1400-10-5,2021-12-26
220,هماي,صندوق س هماي آگاه-ثابت,628,6368527,63906561850,10029,10035,10035,6,0.06,10035,6,0.06,10033,10035,1400-10-5,2021-12-26
221,ملت,بيمه ملت,619,23182552,26338793408,1160,1120,1150,-10,-0.86,1136,-24,-2.07,1120,1160,1400-10-5,2021-12-26
222,توريل,توكاريل,617,2565997,19175170021,7378,7490,7650,272,3.69,7473,95,1.29,7102,7690,1400-10-5,2021-12-26
223,فنوال,نورد آلومينيوم‌,606,2012848,43070048190,20920,20120,21960,1040,4.97,21400,480,2.29,20120,21960,1400-10-5,2021-12-26
224,وبانك,سرمايه گذاري گروه توسعه ملي,603,6366022,55014938600,8640,8590,8710,70,0.81,8640,0,0,8400,8850,1400-10-5,2021-12-26
225,شنفت,نفت‌ پارس‌,602,7482580,77894786800,10180,10300,10550,370,3.63,10410,230,2.26,9990,10580,1400-10-5,2021-12-26
226,اميد,تامين سرمايه اميد,602,5640555,48730311980,8650,8650,8690,40,0.46,8640,-10,-0.12,8480,8710,1400-10-5,2021-12-26
227,سصوفي,سيمان‌ صوفيان‌,601,2222064,32306491450,14160,14460,14860,700,4.94,14540,380,2.68,13650,14860,1400-10-5,2021-12-26
228,وكار,بانك‌ كارآفرين‌,601,10830391,27387935519,2646,2630,2514,-132,-4.99,2566,-80,-3.02,2514,2646,1400-10-5,2021-12-26
229,ياقوت,صندوق س ياقوت آگاه-ثابت,600,11711552,162219946734,13845,13860,13854,9,0.07,13851,6,0.04,13851,13860,1400-10-5,2021-12-26
230,كنور,توسعه معدني و صنعتي صبانور,594,2502687,49299477890,19170,19320,19740,570,2.97,19430,260,1.36,19200,19920,1400-10-5,2021-12-26
231,ولصنم,ليزينگ‌صنعت‌ومعدن‌,593,5506780,20934328811,3683,3866,3823,140,3.8,3802,119,3.23,3610,3866,1400-10-5,2021-12-26
232,فپنتا,سپنتا,591,151647,68726840350,432470,454090,454090,21620,5,453200,20730,4.79,435000,454090,1400-10-5,2021-12-26
233,آ س پ,آ.س.پ,589,3156781,18454692540,5990,5700,6000,10,0.17,5846,-144,-2.4,5691,6030,1400-10-5,2021-12-26
234,خكاوه,سايپا ديزل,582,8671177,29987532717,3399,3406,3500,101,2.97,3458,59,1.74,3320,3500,1400-10-5,2021-12-26
235,بالبر,كابل‌ البرز,578,1033401,25547598760,25690,25900,25020,-670,-2.61,24720,-970,-3.78,24410,25900,1400-10-5,2021-12-26
236,كهمدا,شيشه‌ همدان‌,577,2854281,27538594540,10140,9640,9750,-390,-3.85,9650,-490,-4.83,9640,9800,1400-10-5,2021-12-26
237,اپرداز,آتيه داده پرداز,576,1179724,24232490534,21577,21560,20769,-808,-3.74,20541,-1036,-4.8,20499,21560,1400-10-5,2021-12-26
238,كگهر,سنگ آهن گهرزمين,571,981366,46910140689,47279,48100,48300,1021,2.16,47479,200,0.42,47279,48350,1400-10-5,2021-12-26
239,وسپه,سرمايه‌گذاري‌ سپه‌,569,7156311,60774573240,8490,8310,8580,90,1.06,8490,0,0,8250,8700,1400-10-5,2021-12-26
240,سشرق,سيمان‌ شرق‌,568,4433933,31762529510,6940,6670,7280,340,4.9,7160,220,3.17,6670,7280,1400-10-5,2021-12-26
241,فسپا,گروه‌صنعتي‌سپاهان‌,565,1643256,27429337710,17230,16380,16750,-480,-2.79,16690,-540,-3.13,16370,17000,1400-10-5,2021-12-26
242,سكارون,سيمان كارون,559,553286,22436331484,40625,41843,41300,675,1.66,40551,-74,-0.18,39407,41843,1400-10-5,2021-12-26
243,ومهان,گروه توسعه مالي مهر آيندگان,559,6804117,30397414490,4548,4340,4538,-10,-0.22,4502,-46,-1.01,4340,4550,1400-10-5,2021-12-26
244,وساپا,سرمايه‌گذاري‌ سايپا,554,4211361,17130985724,4156,4031,4080,-76,-1.83,4069,-87,-2.09,3951,4149,1400-10-5,2021-12-26
245,واميد,گروه مديريت سرمايه گذاري اميد,552,4373422,61919270950,14000,14000,14400,400,2.86,14080,80,0.57,13500,14400,1400-10-5,2021-12-26
246,چكاوه,صنايع‌كاغذسازي‌كاوه‌,549,3470725,26101287600,7870,7870,7480,-390,-4.96,7520,-350,-4.45,7480,7870,1400-10-5,2021-12-26
247,دتوليد,داروسازي توليد دارو,549,1882665,15537430581,8202,7950,8395,193,2.35,8253,51,0.62,7950,8470,1400-10-5,2021-12-26
248,غپينو,پارس‌ مينو,548,12349862,25990908488,2134,2116,2100,-34,-1.59,2105,-29,-1.36,2034,2160,1400-10-5,2021-12-26
249,وگردش,بانك گردشگري,546,6138891,64977885887,10909,10611,10582,-327,-3,10585,-324,-2.97,10582,10767,1400-10-5,2021-12-26
250,قتربت,قند تربت حيدريه,546,79153,4140410989,52009,50550,52830,821,1.58,52134,125,0.24,50531,53450,1400-10-5,2021-12-26
251,وآوا,سرمايه گذاري آوا نوين,544,4302224,11410832650,2598,2520,2714,116,4.46,2638,40,1.54,2520,2725,1400-10-5,2021-12-26
252,فولاي,صنايع فولاد آلياژي يزد,544,1443448,21447913672,14858,14930,14900,42,0.28,14859,1,0.01,14440,15290,1400-10-5,2021-12-26
253,دماوند,توليد نيروي برق دماوند,543,1084606,20567240377,19785,19790,19080,-705,-3.56,19381,-404,-2.04,18796,19790,1400-10-5,2021-12-26
254,خمهر,مهركام‌پارس‌,537,14595420,26465272774,1808,1760,1859,51,2.82,1813,5,0.28,1730,1867,1400-10-5,2021-12-26
255,وهور,مديريت انرژي اميد  تابان هور,537,14525417,18570175215,1273,1280,1296,23,1.81,1276,3,0.24,1243,1298,1400-10-5,2021-12-26
256,جم,پتروشيمي جم,536,2313185,117015753000,49730,50480,51100,1370,2.75,50590,860,1.73,48850,51610,1400-10-5,2021-12-26
257,تملت,تامين سرمايه بانك ملت,536,3869192,9580266443,2515,2500,2509,-6,-0.24,2491,-24,-0.95,2426,2545,1400-10-5,2021-12-26
258,حبندر,دريايي و کشتيراني خط دريابندر,532,1633206,24128279352,14352,14690,14782,430,3,14774,422,2.94,14500,14782,1400-10-5,2021-12-26
259,فلوله,لوله‌وماشين‌سازي‌ايران‌,531,14165736,14758548671,1068,1065,1045,-23,-2.15,1043,-25,-2.34,1020,1068,1400-10-5,2021-12-26
260,وپاسار,بانك  پاسارگاد,529,13370632,186066017410,13920,13920,13950,30,0.22,13920,0,0,13900,14120,1400-10-5,2021-12-26
261,دروز,داروسازي‌ روزدارو,528,1700526,40573727820,23560,22790,24730,1170,4.97,23860,300,1.27,22390,24730,1400-10-5,2021-12-26
262,كفراح,ح . فراورده‌ هاي‌ نسوزايران‌,527,2098243,11461907440,5870,5600,5470,-400,-6.81,5460,-410,-6.98,5330,5790,1400-10-5,2021-12-26
263,فاسمين,كالسيمين‌,526,2177643,37414783100,17500,17390,17250,-250,-1.43,17210,-290,-1.66,16990,17390,1400-10-5,2021-12-26
264,شگل,گلتاش‌,525,4501643,28141329470,6490,6270,6210,-280,-4.31,6250,-240,-3.7,6170,6370,1400-10-5,2021-12-26
265,سپيدما,صندوق س. سپيد دماوند-د,524,27941667,323796924617,11583,11589,11589,6,0.05,11588,5,0.04,11588,11593,1400-10-5,2021-12-26
266,خكمك,كمك‌فنرايندامين‌,517,1224159,25567381540,20770,19870,21370,600,2.89,20890,120,0.58,19870,21500,1400-10-5,2021-12-26
267,زشريف,كشت وصنعت شريف آباد,516,18678113,58320580601,2977,3125,3125,148,4.97,3122,145,4.87,3050,3125,1400-10-5,2021-12-26
268,ورنا,سرمايه‌گذاري‌ رنا(هلدينگ‌,515,6057922,18186797418,3059,2950,3018,-41,-1.34,3002,-57,-1.86,2950,3048,1400-10-5,2021-12-26
269,بكام,كارخانجات توليدي شهيد قندي,514,7473923,11869837527,1579,1648,1621,42,2.66,1586,7,0.44,1552,1648,1400-10-5,2021-12-26
270,غشهداب,كشت و صنعت شهداب ناب خراسان,509,6728855,18154114769,2707,2610,2708,1,0.04,2698,-9,-0.33,2610,2760,1400-10-5,2021-12-26
271,كارا,صندوق س. كارا -د,506,25473348,265890420140,10431,10438,10437,6,0.06,10438,7,0.07,10437,10438,1400-10-5,2021-12-26
272,وملل,اعتباري ملل,504,8573236,75353722398,8513,8499,8938,425,4.99,8789,276,3.24,8333,8938,1400-10-5,2021-12-26
273,شپترو,پتروشيمي آبادان,503,7982241,22363762097,2877,2801,2800,-77,-2.68,2802,-75,-2.61,2791,2837,1400-10-5,2021-12-26
274,خكار,ايركا پارت صنعت,503,7320373,21211522010,2989,2890,2905,-84,-2.81,2898,-91,-3.04,2859,2945,1400-10-5,2021-12-26
275,هرمز,فولاد هرمزگان جنوب,502,1267081,19285720879,15082,15000,15470,388,2.57,15104,22,0.15,14710,15530,1400-10-5,2021-12-26
276,فنورد,نوردوقطعات‌ فولادي‌,501,213268,36511487340,164190,172390,172390,8200,4.99,171200,7010,4.27,165000,172390,1400-10-5,2021-12-26
277,پارند2,صندوق س. پارند پايدار سپهر,500,50000000,50000000,10106,1,1,-10105,-99.99,1,-10105,-99.99,1,1,1400-10-5,2021-12-26
278,كاذر,فرآورده‌هاي‌نسوزآذر,498,3504315,46871631610,14050,13450,13600,-450,-3.2,13380,-670,-4.77,13350,13900,1400-10-5,2021-12-26
279,مرقام,ايران‌ارقام‌,489,1926572,17971466240,9370,9070,9600,230,2.45,9330,-40,-0.43,9000,9600,1400-10-5,2021-12-26
280,ساوه,سيمان ساوه,488,394728,18302297404,45785,44320,46999,1214,2.65,46367,582,1.27,44320,47317,1400-10-5,2021-12-26
281,غالبر,لبنيات‌ كالبر,484,1731791,21736260300,12490,12490,12790,300,2.4,12550,60,0.48,12270,12900,1400-10-5,2021-12-26
282,حخزر,كشتيراني درياي خزر,482,1470943,19745611664,12947,12470,13594,647,5,13424,477,3.68,12470,13594,1400-10-5,2021-12-26
283,خلنت,لنت‌ ترمزايران‌,478,264824,15608288780,60270,61800,59000,-1270,-2.11,58940,-1330,-2.21,58000,61800,1400-10-5,2021-12-26
284,وليز,ليزينگ‌ايران‌,475,6902502,13279938958,2021,1947,1920,-101,-5,1930,-91,-4.5,1920,1980,1400-10-5,2021-12-26
285,كترام,توليدي‌ كاشي‌ تكسرام‌,472,1609995,28317984580,17650,16820,18190,540,3.06,17590,-60,-0.34,16770,18190,1400-10-5,2021-12-26
286,تاپكيش,تجارت الكترونيك پارسيان كيش,467,1275787,21261597398,17223,17200,16730,-493,-2.86,16665,-558,-3.24,16450,17200,1400-10-5,2021-12-26
287,وسينا,بانك سينا,467,19880137,46968233522,2434,2380,2400,-34,-1.4,2363,-71,-2.92,2320,2455,1400-10-5,2021-12-26
288,وگستر,گسترش سرمايه گذاري ايرانيان,466,3421938,17206883689,5099,5079,5120,21,0.41,5028,-71,-1.39,4870,5149,1400-10-5,2021-12-26
289,بالاس,مهندسي ساختمان تاسيسات راه آهن,466,1004250,25059597871,26235,25180,24924,-1311,-5,24954,-1281,-4.88,24924,25690,1400-10-5,2021-12-26
290,حتايد,تايدواترخاورميانه,464,4332901,19274975310,4514,4400,4536,22,0.49,4449,-65,-1.44,4300,4536,1400-10-5,2021-12-26
291,زفكا,كشت و دامداري فكا,461,2875268,22789453040,8155,8019,7950,-205,-2.51,7926,-229,-2.81,7816,8060,1400-10-5,2021-12-26
292,بشهاب,لامپ‌  پارس‌ شهاب‌,457,282939,38603049120,137120,138900,139000,1880,1.37,136440,-680,-0.5,131500,139000,1400-10-5,2021-12-26
293,شجم,صنايع پتروشيمي تخت جمشيد,455,2822035,36260219900,12960,12961,12850,-110,-0.85,12849,-111,-0.86,12620,13100,1400-10-5,2021-12-26
294,ساينا,صنايع بهداشتي ساينا,454,211329,16777791731,76291,80105,80105,3814,5,79392,3101,4.06,77500,80105,1400-10-5,2021-12-26
295,تسه0006,امتيازتسهيلات مسكن شهريور1400,451,9253,8614647261,887063,931416,931416,44353,5,931011,43948,4.95,916500,931416,1400-10-5,2021-12-26
296,قرن,پديده شيمي قرن,450,691350,14852577120,22090,21930,21660,-430,-1.95,21570,-520,-2.35,21200,21930,1400-10-5,2021-12-26
297,خاهن,آهنگري‌ تراكتورسازي‌ ايران‌,449,4177933,18798683837,4316,4531,4531,215,4.98,4449,133,3.08,4372,4531,1400-10-5,2021-12-26
298,حتوكا,حمل‌ونقل‌توكا,449,2003104,20953908580,10930,10800,10390,-540,-4.94,10460,-470,-4.3,10390,10930,1400-10-5,2021-12-26
299,خراسان,پتروشيمي خراسان,446,311053,37750981180,118230,121500,121130,2900,2.45,119590,1360,1.15,117450,124140,1400-10-5,2021-12-26
300,بكهنوج,توليد برق ماهتاب كهنوج,444,16866812,18087988392,1081,1090,1075,-6,-0.56,1072,-9,-0.83,1055,1090,1400-10-5,2021-12-26
301,بكامح,ح.كارخانجات توليدي شهيد قندي,444,7671815,4431200846,586,566,580,-6,-1.02,578,-8,-1.37,559,597,1400-10-5,2021-12-26
302,ثالوند,سرمايه گذاري مسكن الوند,442,1923996,11897246823,6248,6420,6290,42,0.67,6199,-49,-0.78,5936,6420,1400-10-5,2021-12-26
303,وآذر,سرمايه‌گذاري‌توسعه‌آذربايجان‌,441,498643,18512907200,37770,37010,37770,0,0,37130,-640,-1.69,36200,38190,1400-10-5,2021-12-26
304,كبافق,معادن‌ بافق‌,441,577806,16536898920,29550,29540,28730,-820,-2.77,28620,-930,-3.15,28180,29540,1400-10-5,2021-12-26
305,كروي,توسعه‌ معادن‌ روي‌ ايران‌,439,1086990,25021790150,23810,23170,23350,-460,-1.93,23020,-790,-3.32,22720,23440,1400-10-5,2021-12-26
306,غگلپا,شير پاستوريزه پگاه گلپايگان,438,983833,54704885052,53502,50910,56177,2675,5,55604,2102,3.93,50910,56177,1400-10-5,2021-12-26
307,سصفها,سيمان‌اصفهان‌,436,1338681,32544510520,25210,24200,24120,-1090,-4.32,24310,-900,-3.57,24020,25060,1400-10-5,2021-12-26
308,خوساز,محورسازان‌ايران‌خودرو,433,4221516,29219718570,6690,6690,7020,330,4.93,6920,230,3.44,6600,7020,1400-10-5,2021-12-26
309,آسيا,بيمه آسيا,433,7975079,13511690903,1713,1720,1694,-19,-1.11,1697,-16,-0.93,1661,1730,1400-10-5,2021-12-26
310,شدوص,دوده‌ صنعتي‌ پارس‌,432,1348733,16176274850,11750,11770,12120,370,3.15,11990,240,2.04,11770,12150,1400-10-5,2021-12-26
311,بهپاك,صنعتي بهپاك,431,3947332,23821349703,6146,6180,6050,-96,-1.56,6035,-111,-1.81,5870,6180,1400-10-5,2021-12-26
312,دتوزيع,توزيع دارو پخش,431,787669,22311007544,28068,27660,28392,324,1.15,28325,257,0.92,27260,28760,1400-10-5,2021-12-26
313,والبر,سرمايه‌ گذاري‌ البرز(هلدينگ‌,430,3044514,22030972100,7470,7270,7470,0,0,7260,-210,-2.81,7100,7480,1400-10-5,2021-12-26
314,وخاور,بانك خاورميانه,428,9343012,47163565900,5070,5050,5070,0,0,5050,-20,-0.39,4970,5100,1400-10-5,2021-12-26
315,كاردان,صندوق س تجارت شاخصي كاردان,427,99148,18758380340,193030,188630,193050,20,0.01,189200,-3830,-1.98,185600,194520,1400-10-5,2021-12-26
316,همراه,شركت ارتباطات سيار ايران,424,2148207,17625355980,8210,8280,8230,20,0.24,8210,0,0,8030,8330,1400-10-5,2021-12-26
317,فايرا,آلومينيوم‌ايران‌,423,3333755,54539529640,16290,16300,16520,230,1.41,16350,60,0.37,15840,16540,1400-10-5,2021-12-26
318,فمراد,آلومراد,423,1674557,21513892460,12630,12400,12990,360,2.85,12850,220,1.74,12110,13040,1400-10-5,2021-12-26
319,خودكفا,اقتصادي و خودكفايي آزادگان,420,2668161,18555995567,7168,6953,6953,-215,-3,6978,-190,-2.65,6953,7050,1400-10-5,2021-12-26
320,حريل,ريل پردازسير,418,6108417,14265466256,2381,2320,2338,-43,-1.81,2337,-44,-1.85,2280,2381,1400-10-5,2021-12-26
321,ضخود1049,اختيارخ خودرو-1400-1400/10/08,415,17400,8733817000,549,480,528,-21,-3.83,502,-47,-8.56,470,533,1400-10-5,2021-12-26
322,ثاباد,توريستي ورفاهي آبادگران ايران,413,930734,37051976600,39990,38130,39250,-740,-1.85,39810,-180,-0.45,38000,41000,1400-10-5,2021-12-26
323,غمينو,شركت صنايع غذايي مينو شرق,413,3698531,14558359014,3895,3889,4028,133,3.41,3935,40,1.03,3706,4040,1400-10-5,2021-12-26
324,كمنگنز,معادن‌منگنزايران‌,410,216824,13136113740,61320,61500,61000,-320,-0.52,60670,-650,-1.06,59800,61500,1400-10-5,2021-12-26
325,دبالك,مواد اوليه دارويي البرز بالك,409,2026974,14990752932,7295,7400,7450,155,2.12,7390,95,1.3,7200,7596,1400-10-5,2021-12-26
326,خمحور,توليدمحورخودرو,407,10112663,32142029746,3335,3315,3169,-166,-4.98,3178,-157,-4.71,3169,3315,1400-10-5,2021-12-26
327,ثمسكن,سرمايه‌گذاري‌ مسكن‌,406,7653622,28126945890,3862,3677,3700,-162,-4.19,3675,-187,-4.84,3669,3876,1400-10-5,2021-12-26
328,جم پيلن,پلي پروپيلن جم - جم پيلن,406,664250,80828669150,122100,120640,122100,0,0,121750,-350,-0.29,119790,122200,1400-10-5,2021-12-26
329,شفارا,پتروشيمي فارابي,405,5661005,37277278651,6399,6340,6553,154,2.41,6585,186,2.91,6271,6590,1400-10-5,2021-12-26
330,وايران,ليزينگ ايرانيان,404,3818054,10522652040,2855,2750,2799,-56,-1.96,2781,-74,-2.59,2713,2848,1400-10-5,2021-12-26
331,ولملت,واسپاري ملت,402,8764573,27121758289,3235,3080,3127,-108,-3.34,3094,-141,-4.36,3074,3200,1400-10-5,2021-12-26
332,سنيرح,ح . سيمان‌ سفيدني‌ريز,401,499143,9914627480,20490,19030,20490,0,0,19860,-630,-3.07,18610,20830,1400-10-5,2021-12-26
333,وپسا,س. پتروشيمي ساختمان  خليج فارس,399,12938385,19052232112,1517,1474,1472,-45,-2.97,1473,-44,-2.9,1472,1501,1400-10-5,2021-12-26
334,غسالم,سالمين‌,397,3707969,10301668458,2844,2750,2815,-29,-1.02,2798,-46,-1.62,2729,2836,1400-10-5,2021-12-26
335,زكشت,كشاورزي مكانيزه اصفهان كشت,395,746468,13402842648,18123,17450,17750,-373,-2.06,17978,-145,-0.8,17330,18403,1400-10-5,2021-12-26
336,چكارن,كارتن‌ ايران‌,393,6861714,17167369845,2603,2501,2504,-99,-3.8,2502,-101,-3.88,2480,2550,1400-10-5,2021-12-26
337,ضجار1022,اختيارخ وتجارت-2000-1400/10/15,391,17083,983852000,69,36,64,-5,-7.25,58,-11,-15.94,36,68,1400-10-5,2021-12-26
338,خشرق,الكتريك‌ خودرو شرق‌,391,2821328,31682995900,10830,10480,11370,540,4.99,11230,400,3.69,10470,11370,1400-10-5,2021-12-26
339,غپاك,لبنيات‌ پاك‌,389,1075243,13575994130,12570,12310,12720,150,1.19,12620,50,0.4,11980,12910,1400-10-5,2021-12-26
340,تسه0007,امتيازتسهيلات مسكن مهر1400,385,4646,4315176924,884566,928794,928794,44228,5,928794,44228,5,928794,928794,1400-10-5,2021-12-26
341,شبهرن,نفت‌ بهران‌,383,2098803,23573592890,11290,11300,11300,10,0.09,11260,-30,-0.27,11030,11310,1400-10-5,2021-12-26
342,شكام,صنايع شيميايي كيمياگران امروز,382,1588382,45028560249,28942,28000,28650,-292,-1.01,28349,-593,-2.05,27902,28789,1400-10-5,2021-12-26
343,قلرست,قند لرستان‌,377,1109236,15811509800,13870,14100,14560,690,4.97,14250,380,2.74,13190,14560,1400-10-5,2021-12-26
344,فجام,جام‌دارو,377,4479915,18189719367,3909,3990,4104,195,4.99,4060,151,3.86,3900,4104,1400-10-5,2021-12-26
345,سخاش,سيمان‌خاش‌,374,129136,11455965460,89790,90000,87500,-2290,-2.55,88990,-800,-0.89,86210,92000,1400-10-5,2021-12-26
346,فرآور,فرآوري‌موادمعدني‌ايران‌,372,681484,18964511290,27990,27800,28340,350,1.25,27830,-160,-0.57,27000,28460,1400-10-5,2021-12-26
347,وسين,بيمه سينا,368,5974252,20272228693,3475,3410,3375,-100,-2.88,3393,-82,-2.36,3371,3525,1400-10-5,2021-12-26
348,قنيشا,قند  نيشابور,367,805044,30192776120,35750,37530,37530,1780,4.98,37500,1750,4.9,35780,37530,1400-10-5,2021-12-26
349,شرانل,نفت ايرانول,367,572515,27317258435,46384,47177,48070,1686,3.63,47336,952,2.05,46050,48171,1400-10-5,2021-12-26
350,ستران,سيمان‌ تهران‌,366,606265,12539586440,20450,20700,20730,280,1.37,20640,190,0.93,20010,20970,1400-10-5,2021-12-26
351,غصينو,صنعتي مينو,366,1007008,17776512940,18578,17650,17650,-928,-5,18345,-233,-1.25,17650,18000,1400-10-5,2021-12-26
352,دسانكو,داروسازي سبحان انكولوژي,365,1942611,25831978086,13912,14000,13217,-695,-5,13298,-614,-4.41,13217,14190,1400-10-5,2021-12-26
353,ودي,بيمه  دي,365,2581908,10797607846,4273,4140,4220,-53,-1.24,4208,-65,-1.52,4082,4280,1400-10-5,2021-12-26
354,ونفت,سرمايه‌گذاري‌ صنعت‌ نفت‌,363,979669,13770353090,14080,13900,14100,20,0.14,14060,-20,-0.14,13600,14200,1400-10-5,2021-12-26
355,سامان,بانك سامان,361,3627836,24141343673,6745,6700,6680,-65,-0.96,6674,-71,-1.05,6556,6790,1400-10-5,2021-12-26
356,وسكاب,س.ص.بازنشستگي كاركنان بانكها,360,4449398,13420748006,3044,2972,3060,16,0.53,3019,-25,-0.82,2971,3064,1400-10-5,2021-12-26
357,مدير,ص.س.مديريت ثروت ص.بازنشستگي-س,360,1059784,10195843155,9894,9444,9715,-179,-1.81,9621,-273,-2.76,9444,9749,1400-10-5,2021-12-26
358,دانا,بيمه دانا,358,5171232,22791451182,4433,4421,4370,-63,-1.42,4407,-26,-0.59,4321,4500,1400-10-5,2021-12-26
359,سپاها,سيمان‌سپاهان‌,357,2519354,18966356700,7380,7160,7640,260,3.52,7530,150,2.03,7160,7690,1400-10-5,2021-12-26
360,ولملتح,ح . واسپاري ملت,356,7417997,11017706466,1620,1473,1512,-108,-6.67,1485,-135,-8.33,1458,1600,1400-10-5,2021-12-26
361,غگلستا,شير پاستوريزه پگاه گلستان,356,2660150,26092772435,9586,9557,10065,479,5,9809,223,2.33,9300,10065,1400-10-5,2021-12-26
362,ورازي,بيمه رازي,353,11810596,16998148347,1483,1442,1439,-44,-2.97,1439,-44,-2.97,1439,1483,1400-10-5,2021-12-26
363,آوا,صندوق س.سهام آواي معيار-س,351,1264729,9802591180,7905,7641,7830,-75,-0.95,7751,-154,-1.95,7620,7860,1400-10-5,2021-12-26
364,ضخود2019,اختيارخ خودرو-2500-1401/02/07,350,17686,2748653000,166,135,158,-8,-4.82,155,-11,-6.63,130,190,1400-10-5,2021-12-26
365,سبهان,سيمان‌ بهبهان‌,344,175165,7472564510,43760,44200,43750,-10,-0.02,43210,-550,-1.26,41740,44400,1400-10-5,2021-12-26
366,وسگيلا,شركت س استان گيلان,344,19274694,8705954419,450,456,460,10,2.22,451,1,0.22,441,464,1400-10-5,2021-12-26
367,ضخود1051,اختيارخ خودرو-1800-1400/10/08,343,20085,2588401000,199,112,138,-61,-30.65,129,-70,-35.18,101,148,1400-10-5,2021-12-26
368,فسازان,غلتك سازان سپاهان,343,3000455,13481509545,4555,4619,4520,-35,-0.77,4498,-57,-1.25,4367,4619,1400-10-5,2021-12-26
369,كساوه,صنايع‌ كاشي‌ و سراميك‌ سينا,341,659487,27062051240,40700,41890,41480,780,1.92,41040,340,0.84,39100,42000,1400-10-5,2021-12-26
370,كساپا,سايپاشيشه‌,340,1246185,18835711520,15830,16010,15300,-530,-3.35,15110,-720,-4.55,15040,16020,1400-10-5,2021-12-26
371,خموتورح,ح . موتورسازان‌تراكتورسازي‌,338,3395780,8888483834,2765,2700,2645,-120,-4.34,2618,-147,-5.32,2568,2700,1400-10-5,2021-12-26
372,حشكوه,دليجان طلايي شكوه پارس,337,3125984,10828067198,3400,3502,3460,60,1.76,3464,64,1.88,3343,3502,1400-10-5,2021-12-26
373,ددام,داروسازي زاگرس فارمد پارس,334,1956564,16621114650,8160,8490,8560,400,4.9,8500,340,4.17,8190,8560,1400-10-5,2021-12-26
374,زمگسا,كشاورزي‌ ودامپروي‌ مگسال‌,334,2299406,42695688570,17700,18580,18580,880,4.97,18570,870,4.92,18310,18580,1400-10-5,2021-12-26
375,زنگان,صنعت روي زنگان,330,189918,11125060842,59966,59980,58970,-996,-1.66,58943,-1023,-1.71,57800,59980,1400-10-5,2021-12-26
376,ارفع,شركت آهن و فولاد ارفع,329,992845,14410321598,14545,14321,14650,105,0.72,14539,-6,-0.04,14160,14830,1400-10-5,2021-12-26
377,چدن,توليدي چدن سازان,329,3809415,9162490938,2445,2410,2410,-35,-1.43,2421,-24,-0.98,2350,2440,1400-10-5,2021-12-26
378,قصفها,قنداصفهان‌,329,224694,16363187950,70430,72800,73950,3520,5,72820,2390,3.39,68600,73950,1400-10-5,2021-12-26
379,خچرخش,چرخشگر,325,1647722,11789015930,7390,7090,7230,-160,-2.17,7200,-190,-2.57,7070,7430,1400-10-5,2021-12-26
380,سهرمز,سيمان‌هرمزگان‌,325,1274045,20526825700,16100,16300,16230,130,0.81,16110,10,0.06,15820,16350,1400-10-5,2021-12-26
381,شرنگي,شيميايي رنگين,323,131353,24385540701,180470,180470,185884,5414,3,185649,5179,2.87,180470,185884,1400-10-5,2021-12-26
382,كيسون,شركت كيسون,322,9801525,15742044150,1655,1606,1606,-49,-2.96,1606,-49,-2.96,1606,1619,1400-10-5,2021-12-26
383,وساخت,سرمايه‌ گذاري‌ ساختمان‌ايران‌,318,301647,10944541280,37390,36400,36390,-1000,-2.67,36620,-770,-2.06,35800,36900,1400-10-5,2021-12-26
384,ثعمرا,عمران و توسعه شاهد,318,2709866,19540621333,7566,7220,7189,-377,-4.98,7211,-355,-4.69,7188,7749,1400-10-5,2021-12-26
385,كارين,صندوق س نگين سامان-ثابت,317,11703855,117369304212,10022,10030,10030,8,0.08,10028,6,0.06,10027,10030,1400-10-5,2021-12-26
386,كامياب,صندوق س. كامياب آشنا-د,315,3269482,36412593800,11130,11137,11137,7,0.06,11137,7,0.06,11136,11139,1400-10-5,2021-12-26
387,زيتون,صندوق س زيتون نماد پايا- مختلط,313,1687584,16525107417,9997,9927,9842,-155,-1.55,9792,-205,-2.05,9552,9927,1400-10-5,2021-12-26
388,بزاگرس,نيروگاه زاگرس كوثر,313,4128678,13902344898,3420,3400,3435,15,0.44,3369,-51,-1.49,3249,3435,1400-10-5,2021-12-26
389,تيپيكو,سرمايه گذاري دارويي تامين,312,734150,13553164130,18370,18000,18800,430,2.34,18390,20,0.11,17810,18820,1400-10-5,2021-12-26
390,اتكامح,ح . بيمه اتكايي امين,312,49900944,152631946078,3055,3055,3062,7,0.23,3059,4,0.13,3055,3090,1400-10-5,2021-12-26
391,صنوين,صندوق سرمايه‌گذاري صنوين-مختلط,310,135120,15687025910,116040,116000,116880,840,0.72,116100,60,0.05,111890,116900,1400-10-5,2021-12-26
392,وبيمه,سرمايه‌ گذاري‌ صنعت‌ بيمه‌,310,7098523,10638067017,1475,1494,1475,0,0,1491,16,1.08,1440,1540,1400-10-5,2021-12-26
393,لبوتان,گروه‌صنعتي‌بوتان‌,309,360794,17061997400,46050,44500,47580,1530,3.32,47290,1240,2.69,43800,48220,1400-10-5,2021-12-26
394,سپاس,صندوق س. پاداش سهامداري-ثابت,309,12719927,128587420027,10104,10111,10109,5,0.05,10109,5,0.05,10109,10113,1400-10-5,2021-12-26
395,گوهران,سرمايه گذاري توسعه گوهران اميد,309,2604331,13972134787,5353,5492,5354,1,0.02,5364,11,0.21,5350,5492,1400-10-5,2021-12-26
396,تبرك,گروه كارخانجات صنعتي تبرك,308,920026,7458071929,8297,8080,8150,-147,-1.77,8200,-97,-1.17,7971,8259,1400-10-5,2021-12-26
397,شتوكا,توكا رنگ فولاد سپاهان,308,601886,7684258036,13313,13000,12750,-563,-4.23,13024,-289,-2.17,12680,13189,1400-10-5,2021-12-26
398,پكويرح,ح. كوير تاير,307,4179429,14037528685,3368,3276,3400,32,0.95,3359,-9,-0.27,3250,3410,1400-10-5,2021-12-26
399,ميدكو,توسعه معادن وص.معدني خاورميانه,307,4221825,195006488040,46190,46190,46190,0,0,46190,0,0,46190,46200,1400-10-5,2021-12-26
400,ميهن,بيمه ميهن,305,4065761,8574851274,2206,2113,2140,-66,-2.99,2148,-58,-2.63,2096,2200,1400-10-5,2021-12-26
401,بايكا,كارخانجات كابلسازي ‌ايران‌,305,464172,7619910184,17215,16510,16355,-860,-5,16558,-657,-3.82,16355,16950,1400-10-5,2021-12-26
402,پرديسح,ح .  سرمايه گذاري پرديس,302,3784919,5060529769,1391,1331,1354,-37,-2.66,1337,-54,-3.88,1313,1358,1400-10-5,2021-12-26
403,پلاست,كارخانجات توليدي پلاستيران,302,2037578,14718503724,7038,7210,7249,211,3,7224,186,2.64,7010,7249,1400-10-5,2021-12-26
404,سكه0012پ01,تمام سكه طرح جديد0012رفاه,300,67000,86309081900,1281551,1294000,1289975,8424,0.66,1288195,6644,0.52,1285000,1294000,1400-10-5,2021-12-26
405,وشهر,بانك شهر,300,2138257,9003660457,4132,4132,4240,108,2.61,4159,27,0.65,4132,4255,1400-10-5,2021-12-26
406,ونيكي,سرمايه‌گذاري‌ ملي‌ايران‌,297,1401284,13274744870,9580,9320,9380,-200,-2.09,9560,-20,-0.21,9320,9630,1400-10-5,2021-12-26
407,وآرين,شركت توسعه اقتصادي آرين,296,5032479,8692179107,1777,1750,1724,-53,-2.98,1732,-45,-2.53,1724,1779,1400-10-5,2021-12-26
408,ولساپا,ليزينگ رايان‌ سايپا,296,6147461,9157642684,1527,1470,1501,-26,-1.7,1504,-23,-1.51,1460,1519,1400-10-5,2021-12-26
409,شدوصح,ح . دوده‌ صنعتي‌ پارس‌,294,1670346,12316110340,7480,7190,7480,0,0,7370,-110,-1.47,7190,7560,1400-10-5,2021-12-26
410,تنوين,تامين سرمايه نوين,293,3409640,19989119430,5820,5900,5830,10,0.17,5840,20,0.34,5740,5910,1400-10-5,2021-12-26
411,ثپرديس,سرمايه گذاري مسكن پرديس,293,3102638,10574490743,3575,3419,3450,-125,-3.5,3449,-126,-3.52,3397,3530,1400-10-5,2021-12-26
412,آكورد,صندوق س. آرمان آتي كوثر-د,291,3965538,142520694687,35922,35939,35940,18,0.05,35940,18,0.05,35939,35944,1400-10-5,2021-12-26
413,شپاكسا,پاكسان‌,290,1194551,24957871020,21980,21210,20890,-1090,-4.96,20890,-1090,-4.96,20890,21210,1400-10-5,2021-12-26
414,شخارك,پتروشيمي‌ خارك‌,288,392442,19733935040,51430,51150,50460,-970,-1.89,51200,-230,-0.45,49920,51150,1400-10-5,2021-12-26
415,لخزر,پارس‌ خزر,287,178109,19298335680,112490,109330,110050,-2440,-2.17,108350,-4140,-3.68,107530,112990,1400-10-5,2021-12-26
416,درهآور,دارويي ره آورد تامين,286,1875239,40791919881,20917,20100,21962,1045,5,21753,836,4,20100,21962,1400-10-5,2021-12-26
417,ومعلم,بيمه معلم,285,2183310,4308354586,1960,1901,1990,30,1.53,1964,4,0.2,1901,2001,1400-10-5,2021-12-26
418,كيميا,معدني كيمياي زنجان گستران,284,671177,8518717565,13009,12650,12840,-169,-1.3,12823,-186,-1.43,12500,12978,1400-10-5,2021-12-26
419,خكرمان,گروه اقتصادي كرمان خودرو,283,4837122,15200928159,3128,3071,3131,3,0.1,3143,15,0.48,3071,3187,1400-10-5,2021-12-26
420,وتوس,توسعه‌شهري‌توس‌گستر,283,1859564,16499087000,8480,8900,8900,420,4.95,8870,390,4.6,8500,8900,1400-10-5,2021-12-26
421,كاريس,صندوق س.سپهر كاريزما-س,281,2136250,28690402947,13597,13410,13578,-19,-0.14,13430,-167,-1.23,13285,13578,1400-10-5,2021-12-26
422,دكوثر,داروسازي‌ كوثر,281,3157125,8183085366,2707,2638,2638,-69,-2.55,2640,-67,-2.48,2572,2638,1400-10-5,2021-12-26
423,شيراز,پتروشيمي‌شيراز,280,409013,32475711150,79020,76300,79900,880,1.11,79140,120,0.15,76300,79920,1400-10-5,2021-12-26
424,عيار,صندوق سكه طلاي مفيد,280,411502,13413068774,32436,32650,32610,174,0.54,32595,159,0.49,32500,32680,1400-10-5,2021-12-26
425,بميلا,توسعه بازرگاني آهن وفولادميلاد,279,2150209,17686443193,8015,7990,8255,240,2.99,8225,210,2.62,7811,8255,1400-10-5,2021-12-26
426,قنقش,قند نقش جهان,274,284542,38125975630,133270,135935,133001,-269,-0.2,133991,721,0.54,132044,135935,1400-10-5,2021-12-26
427,سدور,سيمان‌ دورود,274,1230058,6517901660,5360,5140,5390,30,0.56,5330,-30,-0.56,5120,5390,1400-10-5,2021-12-26
428,جمح,ح . پتروشيمي جم,273,5004762,231635056330,47150,47000,46500,-650,-1.38,46280,-870,-1.85,46000,47000,1400-10-5,2021-12-26
429,تكشا,گسترش‌صنايع‌وخدمات‌كشاورزي‌,273,544976,19100465730,33410,35030,35080,1670,5,35050,1640,4.91,33650,35080,1400-10-5,2021-12-26
430,وپترو,سرمايه‌گذاري صنايع پتروشيمي‌,267,1115467,11926892720,10670,10850,10690,20,0.19,10690,20,0.19,10370,10870,1400-10-5,2021-12-26
431,ولغدر,ليزينگ‌خودروغدير,267,1061344,7464690280,7280,7220,7080,-200,-2.75,7150,-130,-1.79,6930,7220,1400-10-5,2021-12-26
432,قيستو,شركت قند بيستون,267,605847,12849006975,20636,21255,21255,619,3,21208,572,2.77,20900,21255,1400-10-5,2021-12-26
433,پكوير,كوير تاير,266,2318134,12763590500,5450,5450,5590,140,2.57,5500,50,0.92,5440,5630,1400-10-5,2021-12-26
434,لازما,كارخانه هاي صنعتي آزمايش,265,716003,18707520750,26033,25280,26300,267,1.03,26128,95,0.36,25253,26813,1400-10-5,2021-12-26
435,لسرما,سرما آفرين‌,263,1136546,20475888860,18430,18010,18160,-270,-1.47,18020,-410,-2.22,17550,18400,1400-10-5,2021-12-26
436,فوكا,فولاد كاويان,261,1508419,21961825378,14434,14100,14800,366,2.54,14513,79,0.55,14100,14800,1400-10-5,2021-12-26
437,ولقمان,سرمايه گذاري لقمان,259,1160661,3061501132,2716,2670,2635,-81,-2.98,2691,-25,-0.92,2635,2684,1400-10-5,2021-12-26
438,بمپنا,توليد برق عسلويه  مپنا,259,930393,5578714472,6179,5990,5951,-228,-3.69,6124,-55,-0.89,5871,6229,1400-10-5,2021-12-26
439,غشهد,شهد ايران ‌,255,1371482,6093573361,4449,4291,4520,71,1.6,4447,-2,-0.04,4291,4528,1400-10-5,2021-12-26
440,پرديس,سرمايه گذاري پرديس,255,2159639,7496155559,3566,3550,3549,-17,-0.48,3519,-47,-1.32,3400,3559,1400-10-5,2021-12-26
441,كپشير,پشم‌شيشه‌ايران‌,250,565659,6157696670,10830,11060,10860,30,0.28,10850,20,0.18,10600,11140,1400-10-5,2021-12-26
442,فنفت,صنايع تجهيزات نفت,249,1140943,17967396743,15313,15764,15772,459,3,15748,435,2.84,14991,15772,1400-10-5,2021-12-26
443,كحافظ,كاشي‌ وسراميك‌ حافظ‌,249,1911942,7198815423,3776,3630,3848,72,1.91,3771,-5,-0.13,3621,3880,1400-10-5,2021-12-26
444,قاسم,قاسم ايران,248,2586882,8411516601,3302,3175,3261,-41,-1.24,3273,-29,-0.88,3175,3316,1400-10-5,2021-12-26
445,وثوق,سرمايه گذاري وثوق امين,248,1997596,18987876556,9797,9504,9505,-292,-2.98,9505,-292,-2.98,9504,9694,1400-10-5,2021-12-26
446,وساشرقي,شركت س استان آذربايجان شرقي,247,12580996,5671122093,446,445,454,8,1.79,447,1,0.22,435,460,1400-10-5,2021-12-26
447,كپرور,فرآوري زغال سنگ پروده طبس,247,527443,14482112808,26525,26900,27600,1075,4.05,27391,866,3.26,25506,27851,1400-10-5,2021-12-26
448,شاملا,معدني‌ املاح‌  ايران‌,246,812342,9824659730,12390,11810,12100,-290,-2.34,12190,-200,-1.61,11810,12250,1400-10-5,2021-12-26
449,تابا,تابان نيرو سپاهان,246,424937,8672266179,20951,20400,20323,-628,-3,20408,-543,-2.59,20323,21000,1400-10-5,2021-12-26
450,تكمبا,كمباين‌ سازي‌ ايران‌,245,1839003,6398716461,3587,3457,3518,-69,-1.92,3541,-46,-1.28,3408,3566,1400-10-5,2021-12-26
451,سرچشمه,سرمايه گذاري مس سرچشمه,244,2356333,12072171895,5154,5150,5230,76,1.47,5130,-24,-0.47,4931,5279,1400-10-5,2021-12-26
452,تسه0005,امتيازتسهيلات مسكن مرداد 1400,243,2370,2234669879,899576,920122,944554,44978,5,942899,43323,4.82,901899,944554,1400-10-5,2021-12-26
453,شپارس,بين‌ المللي‌ محصولات‌  پارس‌,243,979666,7063530780,7270,7370,7300,30,0.41,7240,-30,-0.41,7030,7370,1400-10-5,2021-12-26
454,زگلدشت,كشت و دام گلدشت نمونه اصفهان,241,871243,8188460284,9319,8892,9213,-106,-1.14,9360,41,0.44,8892,9585,1400-10-5,2021-12-26
455,وصندوق,سرمايه‌گذاري‌صندوق‌بازنشستگي‌,240,963409,12067946990,12650,12650,12750,100,0.79,12640,-10,-0.08,12310,12880,1400-10-5,2021-12-26
456,بنيرو,نيروترانس‌,239,4624138,8091050169,1708,1644,1755,47,2.75,1730,22,1.29,1643,1793,1400-10-5,2021-12-26
457,شكربن,كربن‌ ايران‌,238,102024,9612252520,95790,95000,93900,-1890,-1.97,94790,-1000,-1.04,92100,95900,1400-10-5,2021-12-26
458,ضخود1050,اختيارخ خودرو-1600-1400/10/08,238,15417,4746443000,367,300,329,-38,-10.35,308,-59,-16.08,271,330,1400-10-5,2021-12-26
459,وبشهر,توسعه‌ صنايع‌ بهشهر(هلدينگ,237,1133785,8266268360,7110,7170,7410,300,4.22,7140,30,0.42,7060,7440,1400-10-5,2021-12-26
460,كخاكح,ح . صنايع‌خاك‌چيني‌ايران‌,237,880530,8756389160,10240,10010,10000,-240,-2.34,9940,-300,-2.93,9720,10260,1400-10-5,2021-12-26
461,فيروزه,صندوق شاخص30 شركت فيروزه- سهام,236,114435,19709204950,174030,174000,174940,910,0.52,172230,-1800,-1.03,170200,175000,1400-10-5,2021-12-26
462,آساميد,صندوق س.مشترك آسمان اميد -د,235,7433686,101967370715,13709,13719,13719,10,0.07,13717,8,0.06,13716,13719,1400-10-5,2021-12-26
463,اوان,مبين وان كيش,234,1396476,15076583243,11360,10920,10792,-568,-5,10796,-564,-4.96,10792,11150,1400-10-5,2021-12-26
464,ولانا,شركت ليزينگ آريا دانا,231,1103003,11179091501,10088,10300,10390,302,2.99,10135,47,0.47,9800,10390,1400-10-5,2021-12-26
465,نوين,بيمه نوين,231,2179881,8132098685,3714,3560,3790,76,2.05,3723,9,0.24,3560,3799,1400-10-5,2021-12-26
466,شاملاح,ح . معدني‌ املاح‌  ايران‌,231,908294,6963727030,8020,7620,7640,-380,-4.74,7670,-350,-4.36,7450,7800,1400-10-5,2021-12-26
467,قهكمت,قندهكمتان‌,229,3527993,15880826611,4315,4400,4530,215,4.98,4501,186,4.31,4265,4530,1400-10-5,2021-12-26
468,وبهمن,سرمايه‌گذاري‌بهمن‌,229,661707,9380947720,14010,14040,14280,270,1.93,14110,100,0.71,13660,14700,1400-10-5,2021-12-26
469,ضجار1023,اختيارخ وتجارت-2500-1400/10/15,228,10482,28076000,5,5,3,-2,-40,3,-2,-40,2,5,1400-10-5,2021-12-26
470,فاهواز,نورد و لوله اهواز,228,2708134,14757665973,5521,5412,5415,-106,-1.92,5449,-72,-1.3,5411,5575,1400-10-5,2021-12-26
471,افق,فروشگاههاي زنجيره اي افق كوروش,228,180674,7556655290,41990,41620,41990,0,0,41970,-20,-0.05,41510,42620,1400-10-5,2021-12-26
472,اخزا006,اسنادخزانه-م6بودجه00-030723,225,723213,377964894140,524320,525880,524000,-320,-0.06,522620,-1700,-0.32,521000,525880,1400-10-5,2021-12-26
473,فردا,صندوق س آواي فرداي زاگرس-ثابت,224,11322211,136741057246,12070,12078,12078,8,0.07,12077,7,0.06,12077,12078,1400-10-5,2021-12-26
474,چافست,افست‌,224,758775,6324286530,8220,8340,8200,-20,-0.24,8270,50,0.61,8130,8540,1400-10-5,2021-12-26
475,كسرام,پارس‌ سرام‌,223,3076773,14532488422,4511,4700,4736,225,4.99,4707,196,4.34,4460,4736,1400-10-5,2021-12-26
476,ومشان,س. فني و مهندسي مشانير,222,317643,12736901389,41215,39979,40999,-216,-0.52,40098,-1117,-2.71,39979,41000,1400-10-5,2021-12-26
477,بنو,بيمه تجارت نو,222,2389367,15630276177,6577,6330,6510,-67,-1.02,6542,-35,-0.53,6311,6733,1400-10-5,2021-12-26
478,رنيك,جنرال مكانيك,220,545656,6018159345,10947,10947,11120,173,1.58,10978,31,0.28,10500,11350,1400-10-5,2021-12-26
479,ولشرقح,ح . ليزينگ ايران و شرق,220,4126630,3519516020,848,860,881,33,3.89,853,5,0.59,813,885,1400-10-5,2021-12-26
480,وصندوقح,ح.سرمايه گذاري صندوق بازنشستگي,219,1130583,12722126790,11460,11130,11460,0,0,11250,-210,-1.83,10330,11480,1400-10-5,2021-12-26
481,كهربا,صندوق س.پشتوانه سكه طلا كهربا,217,7307717,80485641184,10911,10909,11022,111,1.02,11014,103,0.94,10890,11047,1400-10-5,2021-12-26
482,تسه9908,امتياز تسهيلات مسكن آبان99,217,9398,8900184788,903270,948433,948000,44730,4.95,947030,43760,4.84,930000,948433,1400-10-5,2021-12-26
483,فسازانح,ح . غلتك سازان سپاهان,216,1678873,4690294261,1000,3000,2830,1830,183,2794,1794,179.4,2700,3000,1400-10-5,2021-12-26
484,كلوند,كاشي‌ الوند,216,689479,15071861010,22010,21310,22270,260,1.18,21860,-150,-0.68,21310,22340,1400-10-5,2021-12-26
485,فولاژ,فولاد آلياژي ايران,216,451323,7882497130,17710,17710,17460,-250,-1.41,17690,-20,-0.11,17280,18000,1400-10-5,2021-12-26
486,شراز,پالايش نفت شيراز,215,116282,12806442363,110476,111006,111864,1388,1.26,110379,-97,-0.09,106503,113878,1400-10-5,2021-12-26
487,ما,بيمه  ما,215,1013745,4506678767,4534,4500,4598,64,1.41,4507,-27,-0.6,4310,4665,1400-10-5,2021-12-26
488,فخاس,فولاد خراسان,215,376222,8279262340,22750,22250,22400,-350,-1.54,22690,-60,-0.26,21840,22490,1400-10-5,2021-12-26
489,وثخوز,سرمايه گذاري و توسعه خوزستان,212,283282,8196590783,29445,29870,29460,15,0.05,29012,-433,-1.47,28581,29870,1400-10-5,2021-12-26
490,تسه9810,امتياز تسهيلات مسكن دي98,212,4723,4296710994,868443,895001,911865,43422,5,909742,41299,4.76,895001,911865,1400-10-5,2021-12-26
491,غشاذر,پگاه‌آذربايجان‌غربي‌,211,1064744,5157410425,4825,4650,4893,68,1.41,4831,6,0.12,4650,4950,1400-10-5,2021-12-26
492,قشهد,شهد,209,605712,8563148110,13590,13210,14260,670,4.93,13890,300,2.21,13210,14260,1400-10-5,2021-12-26
493,تسه0004,امتيازتسهيلات مسكن تير1400,209,2100,1974094455,895404,940174,940174,44770,5,940045,44641,4.99,901888,940174,1400-10-5,2021-12-26
494,دزهراوي,داروسازي‌زهراوي‌,208,1280753,5487958483,4301,4103,4335,34,0.79,4295,-6,-0.14,4103,4397,1400-10-5,2021-12-26
495,وتوسم,سرمايه‌گذاري‌توسعه‌ملي‌,207,1896198,16894780980,9100,9010,8960,-140,-1.54,8910,-190,-2.09,8750,9010,1400-10-5,2021-12-26
496,لابسا,آبسال‌,207,240055,7594446870,32330,31300,31980,-350,-1.08,31970,-360,-1.11,31200,32330,1400-10-5,2021-12-26
497,كمينا,شيشه سازي مينا,204,1293015,11407276004,8584,8600,8841,257,2.99,8822,238,2.77,8600,8841,1400-10-5,2021-12-26
498,كوثر,بيمه كوثر,203,1823663,7070168927,3827,3900,3870,43,1.12,3840,13,0.34,3830,3939,1400-10-5,2021-12-26
499,وثنو,سرمايه گذاري ساختماني نوين,202,1847277,8034865052,4466,4549,4341,-125,-2.8,4370,-96,-2.15,4333,4549,1400-10-5,2021-12-26
500,تسه0003,امتيازتسهيلات مسكن خرداد1400,201,2741,2567896696,892660,918080,937293,44633,5,936847,44187,4.95,918080,937293,1400-10-5,2021-12-26
501,كسعدي,كاشي‌ سعدي‌,199,1125662,8162161770,7190,7190,7420,230,3.2,7220,30,0.42,7020,7450,1400-10-5,2021-12-26
502,وحكمت,بيمه حكمت صبا,198,2408884,7537356931,3224,3128,3128,-96,-2.98,3151,-73,-2.26,3128,3190,1400-10-5,2021-12-26
503,حبندرح,ح.دريايي وكشتيراني خط دريابندر,198,1659169,19170255507,11259,11300,11589,330,2.93,11554,295,2.62,11259,11596,1400-10-5,2021-12-26
504,غچين,كشت‌ و صنعت‌ چين‌ چين,197,455755,5096680910,11160,10830,11350,190,1.7,11170,10,0.09,10810,11350,1400-10-5,2021-12-26
505,تصميم,صندوق س با درآمد ثابت تصميم,197,3134217,57463326138,18324,18338,18336,12,0.07,18334,10,0.05,18332,18338,1400-10-5,2021-12-26
506,كگاز,شيشه‌ و گاز,195,1185641,19107926860,16310,16520,15920,-390,-2.39,16120,-190,-1.16,15670,16520,1400-10-5,2021-12-26
507,سدشت,صنايع سيمان دشتستان,193,188999,4906057470,26900,26400,26120,-780,-2.9,26580,-320,-1.19,25560,27400,1400-10-5,2021-12-26
508,وكادو,تكادو,192,592504,8558112562,14851,14631,14444,-407,-2.74,14501,-350,-2.36,14406,14631,1400-10-5,2021-12-26
509,اعتلاح,ح سرمايه گذاري اعتلاء البرز,191,2083632,3074353810,1513,1450,1482,-31,-2.05,1475,-38,-2.51,1438,1520,1400-10-5,2021-12-26
510,فسا,پتروشيمي فسا,190,3485085,3291773386,968,947,959,-9,-0.93,960,-8,-0.83,940,972,1400-10-5,2021-12-26
511,دلر,داروسازي‌ اكسير,190,256341,10850479100,42520,41800,42840,320,0.75,42410,-110,-0.26,41380,43140,1400-10-5,2021-12-26
512,غفارس,شير پاستوريزه پگاه فارس,190,859550,4356096087,5141,4920,5120,-21,-0.41,5120,-21,-0.41,4920,5128,1400-10-5,2021-12-26
513,دسبحان,سبحان دارو,189,319521,4557392750,14120,14130,14160,40,0.28,14160,40,0.28,14130,14500,1400-10-5,2021-12-26
514,فلامي,لاميران‌,189,309029,5757605630,19120,19600,18600,-520,-2.72,18930,-190,-0.99,18300,19600,1400-10-5,2021-12-26
515,تماوند,تامين سرمايه دماوند,189,1297535,7535794396,5850,5931,5799,-51,-0.87,5830,-20,-0.34,5700,5931,1400-10-5,2021-12-26
516,دامين,داروسازي‌ امين‌,186,1428350,3329692415,2380,2350,2369,-11,-0.46,2369,-11,-0.46,2291,2434,1400-10-5,2021-12-26
517,دكپسول,توليد ژلاتين كپسول ايران,185,130251,3912553509,30452,29110,30500,48,0.16,30343,-109,-0.36,29110,30600,1400-10-5,2021-12-26
518,مداران,داده‌پردازي‌ايران‌,180,526381,7572623370,14270,14350,14020,-250,-1.75,14330,60,0.42,13650,14960,1400-10-5,2021-12-26
519,ثباغ,شهر سازي و خانه سازي باغميشه,180,1676518,13606620088,7730,8116,8116,386,4.99,8051,321,4.15,8116,8116,1400-10-5,2021-12-26
520,پدرخش,درخشان‌ تهران‌,180,436888,7563248150,17140,17140,17450,310,1.81,17220,80,0.47,16780,17650,1400-10-5,2021-12-26
521,حپترو,حمل و نقل پتروشيمي( سهامي عام,180,426993,9513168530,21840,22370,22150,310,1.42,22110,270,1.24,21550,22490,1400-10-5,2021-12-26
522,خديزل,بهمن  ديزل,179,118762,6226344322,53255,53300,53010,-245,-0.46,53009,-246,-0.46,52000,53699,1400-10-5,2021-12-26
523,تليسه,دامداري تليسه نمونه,177,3366623,7073274923,2001,2101,2101,100,5,2045,44,2.2,2101,2101,1400-10-5,2021-12-26
524,كخاك,صنايع‌خاك‌چيني‌ايران‌,177,471809,6635140190,14150,14250,14190,40,0.28,14120,-30,-0.21,13460,14490,1400-10-5,2021-12-26
525,ريشمك,توليد و صادرات ريشمك,177,269380,8155902104,30923,30000,30201,-722,-2.33,30574,-349,-1.13,30000,31359,1400-10-5,2021-12-26
526,رتكو,كنترل‌خوردگي‌تكين‌كو,176,781706,5264987410,7040,6750,6880,-160,-2.27,6930,-110,-1.56,6690,7000,1400-10-5,2021-12-26
527,حپارسا,توسعه حمل و نقل ريلي پارسيان,175,280295,8207144848,29311,28002,29910,599,2.04,29295,-16,-0.05,28000,29950,1400-10-5,2021-12-26
528,ساروم,سيمان‌اروميه‌,175,587247,23561485940,41010,40860,40190,-820,-2,40120,-890,-2.17,39800,40860,1400-10-5,2021-12-26
529,ولراز,ليزينگ رازي,174,189244,3459610925,18769,18760,18480,-289,-1.54,18466,-303,-1.61,18207,18770,1400-10-5,2021-12-26
530,ضخود2015,اختيارخ خودرو-1400-1401/02/07,174,10255,7779424000,793,790,750,-43,-5.42,759,-34,-4.29,750,790,1400-10-5,2021-12-26
531,زعف0110پ20,زعفران0110نگين وحدت جام(پ),172,45714,16478443048,364044,360000,359997,-4047,-1.11,360468,-3576,-0.98,359000,362999,1400-10-5,2021-12-26
532,غپآذر,شير پگاه آذربايجان شرقي,172,275422,7733285809,28005,27330,28800,795,2.84,28044,39,0.14,26733,29285,1400-10-5,2021-12-26
533,پخش,پخش البرز,169,448163,11108126708,25094,25240,25195,101,0.4,24863,-231,-0.92,24223,25240,1400-10-5,2021-12-26
534,داسوه,داروسازي‌ اسوه‌,168,175515,4687349870,27830,27010,26920,-910,-3.27,27460,-370,-1.33,26440,27090,1400-10-5,2021-12-26
535,ولبهمن,شركت بهمن ليزينگ,168,781170,4859454925,6505,6505,6348,-157,-2.41,6408,-97,-1.49,6180,6505,1400-10-5,2021-12-26
536,گوهر,صندوق سكه طلاي كيان,167,69080,4396000141,63491,63016,63652,161,0.25,63636,145,0.23,63016,63994,1400-10-5,2021-12-26
537,كطبس,ذغال‌سنگ‌ نگين‌ ط‌بس‌,165,174385,7734358470,45700,47380,44900,-800,-1.75,44990,-710,-1.55,43700,47380,1400-10-5,2021-12-26
538,سغرب,سيمان‌غرب‌,165,353461,4953063930,13840,14190,13920,80,0.58,13890,50,0.36,13840,14300,1400-10-5,2021-12-26
539,بسويچ,پارس‌سويچ‌,163,261453,3409812170,13320,12740,13170,-150,-1.13,13250,-70,-0.53,12660,13240,1400-10-5,2021-12-26
540,غبهار,كشت وصنعت بهاران گلبهار خراسان,162,584042,10099838306,17827,17293,17293,-534,-3,17293,-534,-3,17293,17293,1400-10-5,2021-12-26
541,فاما,صنعتي‌ آما,162,707072,13460075470,19400,18930,19110,-290,-1.49,19070,-330,-1.7,18930,19230,1400-10-5,2021-12-26
542,دتماد,توليدمواداوليه‌داروپخش‌,161,192912,8293912860,42960,43540,42620,-340,-0.79,42980,20,0.05,42550,43540,1400-10-5,2021-12-26
543,دابور,داروسازي‌ ابوريحان‌,161,344543,7305786930,22050,21120,21540,-510,-2.31,21620,-430,-1.95,20950,22160,1400-10-5,2021-12-26
544,سمازن,سيمان‌مازندران‌,160,630229,8827402120,14080,14270,14270,190,1.35,14040,-40,-0.28,13700,14270,1400-10-5,2021-12-26
545,پاكشو,گروه صنعتي پاكشو,159,1441195,8715459940,6230,6040,6050,-180,-2.89,6220,-10,-0.16,6020,6170,1400-10-5,2021-12-26
546,پاسا,ايران‌ياساتايرورابر,158,354839,4638374170,13270,12810,13150,-120,-0.9,13210,-60,-0.45,12720,13480,1400-10-5,2021-12-26
547,زقيام,كشت و دام قيام اصفهان,158,6592850,8221283950,1188,1247,1247,59,4.97,1218,30,2.53,1247,1247,1400-10-5,2021-12-26
548,وملت,سرمايه گذاري ملت,158,2019644,4568374341,2242,2200,2286,44,1.96,2260,18,0.8,2200,2286,1400-10-5,2021-12-26
549,اخزا917,اسنادخزانه-م17بودجه99-010226,155,301377,277043862210,918490,919000,920000,1510,0.16,919260,770,0.08,919000,921000,1400-10-5,2021-12-26
550,كفرآور,فرآورده هاي سيمان شرق,154,298633,5766667588,19015,19538,19048,33,0.17,19178,163,0.86,19048,19585,1400-10-5,2021-12-26
551,وايرا,سرمايه گذاري صنايع ايران,154,1022082,4612586774,4576,4530,4550,-26,-0.57,4547,-29,-0.63,4444,4575,1400-10-5,2021-12-26
552,خاتم,صندوق س خاتم ايساتيس پويا-ثابت,153,3182422,39918606526,12537,12545,12544,7,0.06,12543,6,0.05,12543,12545,1400-10-5,2021-12-26
553,شپاس,نفت پاسارگاد,153,239733,3773188020,15461,15930,15800,339,2.19,15529,68,0.44,15650,15930,1400-10-5,2021-12-26
554,الماس,صندوق س.امين تدبيرگران فردا-س,152,47686,4779703728,102616,101001,101000,-1616,-1.57,100233,-2383,-2.32,96218,101899,1400-10-5,2021-12-26
555,نمرينو,ايران‌ مرينوس‌,151,103617,8107595040,78580,79290,78300,-280,-0.36,78400,-180,-0.23,76010,79290,1400-10-5,2021-12-26
556,دشيمي,شيمي‌ داروئي‌ داروپخش‌,151,254958,5713897550,22520,22280,22220,-300,-1.33,22480,-40,-0.18,22040,22790,1400-10-5,2021-12-26
557,تسه0002,امتيازتسهيلاتمسكن ارديبهشت1400,151,1962,1862693370,904177,949385,949385,45208,5,949385,45208,5,949385,949385,1400-10-5,2021-12-26
558,كي بي سي,شركت كي بي سي,151,178917,2718266500,15856,15794,15570,-286,-1.8,15727,-129,-0.81,15064,15794,1400-10-5,2021-12-26
559,هجرت,پخش هجرت,150,387923,10570207610,27018,26610,27000,-18,-0.07,27178,160,0.59,26610,27795,1400-10-5,2021-12-26
560,زر,صندوق س.پشتوانه سكه طلاي زر,149,58434,3311245907,56436,56050,56607,171,0.3,56666,230,0.41,56050,57000,1400-10-5,2021-12-26
561,قمرو,قند مرودشت‌,149,283267,6163404450,21190,22060,21850,660,3.11,21420,230,1.09,20400,22240,1400-10-5,2021-12-26
562,ثزاگرس,سرمايه گذاري توسعه عمران زاگرس,146,190670,6360365730,34319,33291,33295,-1024,-2.98,33674,-645,-1.88,33290,34500,1400-10-5,2021-12-26
563,وبرق,س.کارکنان صنعت برق زنجان وقزوي,145,321976,32824809248,98979,101948,101948,2969,3,101948,2969,3,101948,101948,1400-10-5,2021-12-26
564,سخزر,سيمان‌ خزر,145,252041,4475624030,18140,18200,18140,0,0,18030,-110,-0.61,17250,18200,1400-10-5,2021-12-26
565,اخزا002,اسنادخزانه-م2بودجه00-031024,142,275105,135938502260,494980,496000,495120,140,0.03,494130,-850,-0.17,493010,496000,1400-10-5,2021-12-26
566,پارسيان,بيمه پارسيان,142,961269,8249414130,8770,8830,8700,-70,-0.8,8680,-90,-1.03,8400,8880,1400-10-5,2021-12-26
567,سكرما,سيمان‌ كرمان‌,142,389157,5566459210,14160,13580,14520,360,2.54,14210,50,0.35,13580,14760,1400-10-5,2021-12-26
568,شتوكاح,ح . توكا رنگ فولاد سپاهان,141,711254,7450502577,10921,10600,10450,-471,-4.31,10475,-446,-4.08,10377,10600,1400-10-5,2021-12-26
569,دجابر,داروسازي‌ جابرابن‌حيان‌,140,455375,4856104470,10880,10800,10800,-80,-0.74,10810,-70,-0.64,10440,10850,1400-10-5,2021-12-26
570,شوينده,مديريت صنعت شوينده ت.ص.بهشهر,139,294160,5936300920,20030,20040,20120,90,0.45,20090,60,0.3,19810,20390,1400-10-5,2021-12-26
571,تايرا,تراكتورسازي‌ايران‌,138,237975,4964779600,21390,21820,20700,-690,-3.23,21290,-100,-0.47,20510,21820,1400-10-5,2021-12-26
572,غشان,شيرپاستوريزه‌پگاه‌خراسان‌,137,1048795,3950185968,3854,3800,3833,-21,-0.54,3831,-23,-0.6,3700,3900,1400-10-5,2021-12-26
573,ضستا1004,اختيارخ شستا-12000-1400/10/29,136,3719,1571654000,625,352,405,-220,-35.2,423,-202,-32.32,350,564,1400-10-5,2021-12-26
574,فافق,صنايع مس افق كرمان,135,1128270,3638648908,3264,3270,3240,-24,-0.74,3250,-14,-0.43,3200,3346,1400-10-5,2021-12-26
575,ويسا,سرمايه گذاري ايساتيس پويا,134,1436014,11522114027,8271,8025,8023,-248,-3,8024,-247,-2.99,8023,8220,1400-10-5,2021-12-26
576,پلاسك,پلاسكوكار,130,751839,2984477529,3939,3900,4029,90,2.28,3945,6,0.15,3863,4088,1400-10-5,2021-12-26
577,مفاخر,توسعه فناوري اطلاعات خوارزمي,129,140345,3719618911,27165,26760,26440,-725,-2.67,26998,-167,-0.61,25900,27300,1400-10-5,2021-12-26
578,آتيمس,صندوق س.آرمان آتيه درخشان مس-س,129,25659,4623465850,181071,184250,180041,-1030,-0.57,180189,-882,-0.49,178000,184250,1400-10-5,2021-12-26
579,تسه0001,امتيازتسهيلات مسكن فروردين1400,128,1458,1402953210,916424,962245,962245,45821,5,962245,45821,5,962245,962245,1400-10-5,2021-12-26
580,سقاين,سيمان‌ قائن‌,128,133983,5576536120,41670,41540,42260,590,1.42,41650,-20,-0.05,40500,42440,1400-10-5,2021-12-26
581,غپونه,نوش پونه مشهد,127,556519,6165743045,11397,11057,11200,-197,-1.73,11194,-203,-1.78,11057,11370,1400-10-5,2021-12-26
582,زعف0008پ05,زعفران0008نگين زرين(پ),127,72354,18909106003,262265,259000,263000,735,0.28,261342,-923,-0.35,259000,263990,1400-10-5,2021-12-26
583,زرين,صندوق س. سهام زرين كوروش-س,126,400772,5290502219,13378,13220,13320,-58,-0.43,13201,-177,-1.32,13000,13400,1400-10-5,2021-12-26
584,سبجنو,سيمان‌ بجنورد,125,93373,3468956540,37660,37120,37900,240,0.64,37540,-120,-0.32,36850,39000,1400-10-5,2021-12-26
585,ثبات,صندوق س. ثبات ويستا -د,124,4096578,43576656975,10632,10638,10638,6,0.06,10637,5,0.05,10637,10638,1400-10-5,2021-12-26
586,شصفها,پتروشيمي‌ اصفهان‌,122,142065,16943531722,121098,120780,118677,-2421,-2,119266,-1832,-1.51,118677,120780,1400-10-5,2021-12-26
587,سجام,مجتمع سيمان غرب آسيا,121,1328408,2779191911,2138,2074,2124,-14,-0.65,2125,-13,-0.61,2074,2177,1400-10-5,2021-12-26
588,نيرو,نيرو سرمايه,121,124077,3765291321,31267,30504,30329,-938,-3,30908,-359,-1.15,30329,31360,1400-10-5,2021-12-26
589,اعتلا,شركت سرمايه گذاري اعتلاء البرز,120,1007608,3538790316,3610,3464,3582,-28,-0.78,3587,-23,-0.64,3433,3583,1400-10-5,2021-12-26
590,كقزوي,شيشه‌ قزوين‌,120,879391,7056563780,8047,8140,8106,59,0.73,8031,-16,-0.2,7830,8140,1400-10-5,2021-12-26
591,دحاوي,الحاوي,118,2925504,12308345918,4330,4303,4201,-129,-2.98,4207,-123,-2.84,4201,4310,1400-10-5,2021-12-26
592,ثغرب,شركت سرمايه گذاري مسكن شمالغرب,117,811184,2653146233,3353,3300,3300,-53,-1.58,3338,-15,-0.45,3213,3340,1400-10-5,2021-12-26
593,دعبيد,لابراتوارداروسازي‌  دكترعبيدي‌,115,273358,5118094480,18910,18600,18800,-110,-0.58,18880,-30,-0.16,18500,18980,1400-10-5,2021-12-26
594,داوه,داروسازي آوه سينا,113,405027,3555720629,8990,8611,8905,-85,-0.95,8939,-51,-0.57,8611,8947,1400-10-5,2021-12-26
595,نتوس,پشم‌ بافي‌ توس,113,353580,4031600337,11199,11480,11498,299,2.67,11278,79,0.71,11240,11532,1400-10-5,2021-12-26
596,ثشرق,سرمايه گذاري مسكن شمال شرق,111,912025,3072976838,3390,3459,3356,-34,-1,3386,-4,-0.12,3285,3459,1400-10-5,2021-12-26
597,اخزا009,اسناد خزانه-م9بودجه00-031101,111,15273,7572189960,499510,502000,498010,-1500,-0.3,495790,-3720,-0.74,493500,502000,1400-10-5,2021-12-26
598,زعف0110پ05,زعفران0110نگين زرين(پ),111,45078,17099058114,379455,380000,374012,-5443,-1.43,379322,-133,-0.04,370010,380000,1400-10-5,2021-12-26
599,ماني,صندوق س. با درآمد ثابت ماني,109,2791611,29836120847,10682,10688,10688,6,0.06,10688,6,0.06,10687,10688,1400-10-5,2021-12-26
600,آساس,صندوق س.آسمان آرماني سهام-س,109,50703,8454791419,170083,167001,168450,-1633,-0.96,166751,-3332,-1.96,165999,168500,1400-10-5,2021-12-26
601,تسه9909,امتياز تسهيلات مسكن آذر99,109,1294,1225588609,906537,900050,951863,45326,5,947132,40595,4.48,900050,951863,1400-10-5,2021-12-26
602,سرود,سيمان‌شاهرود,108,229652,4561187140,20390,20350,20090,-300,-1.47,20220,-170,-0.83,19570,20350,1400-10-5,2021-12-26
603,حآسا,آسيا سير ارس,108,358113,4474621935,11900,12495,12495,595,5,12066,166,1.39,12495,12495,1400-10-5,2021-12-26
604,وتوشه,سرمايه‌ گذاري‌ پارس‌ توشه‌,108,1190748,6296315620,5310,5210,5260,-50,-0.94,5300,-10,-0.19,5210,5380,1400-10-5,2021-12-26
605,ثاصفا,شركت‌ ساختمان‌ اصفهان‌,107,232360,1818539881,8019,7822,7779,-240,-2.99,7963,-56,-0.7,7779,8011,1400-10-5,2021-12-26
606,واتي,سرمايه‌ گذاري‌ آتيه‌ دماوند,106,695937,6668577410,9810,9410,9650,-160,-1.63,9720,-90,-0.92,9400,9780,1400-10-5,2021-12-26
607,سكرد,سيمان كردستان,106,387345,1762423624,4502,4360,4627,125,2.78,4508,6,0.13,4360,4649,1400-10-5,2021-12-26
608,ضخود2018,اختيارخ خودرو-2000-1401/02/07,105,2855,1138884000,476,450,399,-77,-16.18,399,-77,-16.18,328,450,1400-10-5,2021-12-26
609,ولشرق,ليزينگ ايران و شرق,104,1238883,2783033258,2312,2251,2270,-42,-1.82,2300,-12,-0.52,2227,2311,1400-10-5,2021-12-26
610,اخزا004,اسنادخزانه-م4بودجه00-030522,103,292718,159383828370,545440,543510,545600,160,0.03,544500,-940,-0.17,543510,546490,1400-10-5,2021-12-26
611,خپويش,سازه‌ پويش‌,103,41287,2846466680,69450,70000,68500,-950,-1.37,69350,-100,-0.14,66170,71290,1400-10-5,2021-12-26
612,كاسپين,داروسازي كاسپين تامين,102,397760,8987471383,23141,22010,22750,-391,-1.69,22808,-333,-1.44,22000,23120,1400-10-5,2021-12-26
613,غشوكو,شوكو پارس,102,493057,3727125008,7748,7600,7516,-232,-2.99,7676,-72,-0.93,7516,7721,1400-10-5,2021-12-26
614,فبيرا,بسته‌ بندي‌ ايران‌,100,4058949,7087591554,1799,1748,1746,-53,-2.95,1760,-39,-2.17,1746,1776,1400-10-5,2021-12-26
615,اتكام,بيمه اتكايي امين,100,657408,3158531155,4872,4900,4895,23,0.47,4857,-15,-0.31,4681,4940,1400-10-5,2021-12-26
616,سيدكو,سرمايه گذاري توسعه صنايع سيمان,100,927725,5348358110,5760,5740,5850,90,1.56,5760,0,0,5630,5850,1400-10-5,2021-12-26
617,سهگمت,سيمان‌هگمتان‌,100,108346,2283974100,20880,21650,20900,20,0.1,20910,30,0.14,20510,21780,1400-10-5,2021-12-26
618,سفانو,سيمان فارس نو,100,148453,3660461260,24440,24950,25390,950,3.89,24490,50,0.2,24000,25390,1400-10-5,2021-12-26
619,سپ,پرداخت الكترونيك سامان كيش,99,140604,4467496570,31150,31460,32300,1150,3.69,31190,40,0.13,31450,32630,1400-10-5,2021-12-26
620,فيروزا,صندوق بادرآمد ثابت فيروزه آسيا,98,3261214,84787826040,25975,25990,26000,25,0.1,25999,24,0.09,25990,26020,1400-10-5,2021-12-26
621,جوين,كشت و صنعت جوين,98,4501832,10466759400,2215,2325,2325,110,4.97,2323,108,4.88,2325,2325,1400-10-5,2021-12-26
622,تسه9911,امتياز تسهيلات مسكن بهمن99,97,2153,2017694715,892529,937155,937155,44626,5,937155,44626,5,937155,937155,1400-10-5,2021-12-26
623,ساراب,سيمان‌ داراب‌,97,416748,6434897910,15820,15100,15200,-620,-3.92,15650,-170,-1.07,15100,15700,1400-10-5,2021-12-26
624,ضسپا1114,اختيارخ خساپا-2000-1400/11/20,97,4930,356811000,72,70,70,-2,-2.78,72,0,0,50,80,1400-10-5,2021-12-26
625,تسه9912,امتياز تسهيلات مسكن اسفند99,97,1201,1134255626,899454,944426,944426,44972,5,944426,44972,5,944426,944426,1400-10-5,2021-12-26
626,سجامح,ح.مجتمع سيمان غرب آسيا,97,1725863,1335006368,753,775,775,22,2.92,774,21,2.79,734,775,1400-10-5,2021-12-26
627,پرداخت,به پرداخت ملت,96,174684,2179229900,12390,12570,12700,310,2.5,12400,10,0.08,12230,12700,1400-10-5,2021-12-26
628,دپارس,پارس‌ دارو,94,75490,2159106210,28510,29380,28700,190,0.67,28520,10,0.04,27960,29380,1400-10-5,2021-12-26
629,حسينا,توسعه خدمات دريايي وبندري سينا,94,268001,11289317469,42678,40750,42000,-678,-1.59,42263,-415,-0.97,40750,43295,1400-10-5,2021-12-26
630,ساربيل,سيمان آرتا اردبيل,93,223540,4849994320,21970,21890,21810,-160,-0.73,21880,-90,-0.41,21500,22280,1400-10-5,2021-12-26
631,تكنار,مجتمع معادن مس تكنار,93,25062,1282149057,51767,52500,50701,-1066,-2.06,51688,-79,-0.15,50625,52500,1400-10-5,2021-12-26
632,اخزا003,اسنادخزانه-م3بودجه00-030418,92,201352,112089707470,557960,556000,557660,-300,-0.05,556690,-1270,-0.23,550560,557970,1400-10-5,2021-12-26
633,گنگين,اقتصادي نگين گردشگري ايرانيان,91,558861,16639551083,30113,29220,29886,-227,-0.75,29955,-158,-0.52,29220,30470,1400-10-5,2021-12-26
634,اخزا001,اسنادخزانه-م1بودجه00-030821,90,251226,129227611320,514900,515990,515200,300,0.06,514390,-510,-0.1,512520,515990,1400-10-5,2021-12-26
635,افق ملت,صندوق س در سهام افق ملت,90,29854,4124465680,139320,139000,138900,-420,-0.3,138150,-1170,-0.84,137500,139000,1400-10-5,2021-12-26
636,كشرق,صنعتي و معدني شمال شرق شاهرود,88,74386,5214554633,69926,72000,70400,474,0.68,69986,60,0.09,67012,72000,1400-10-5,2021-12-26
637,ثاژن,سخت آژند,87,1595449,6197785342,3956,3888,3900,-56,-1.42,3885,-71,-1.79,3877,3977,1400-10-5,2021-12-26
638,تسه9902,امتياز تسهيلات مسكن ارديبهشت99,87,1009,929948886,877766,921654,921654,43888,5,921654,43888,5,921654,921654,1400-10-5,2021-12-26
639,تسه9910,امتياز تسهيلات مسكن دي99,87,1211,1144780098,900303,945318,945318,45015,5,945318,45015,5,945318,945318,1400-10-5,2021-12-26
640,اخزا005,اسنادخزانه-م5بودجه00-030626,86,257908,137299568100,533410,534000,533000,-410,-0.08,532360,-1050,-0.2,528030,534000,1400-10-5,2021-12-26
641,سشمال,سيمان‌ شمال‌,85,245893,1853689930,7390,7390,7650,260,3.52,7410,20,0.27,7300,7650,1400-10-5,2021-12-26
642,ضسپا1112,اختيارخ خساپا-1600-1400/11/20,85,3211,683809000,249,170,230,-19,-7.63,213,-36,-14.46,170,249,1400-10-5,2021-12-26
643,كيان2,صندوق س. با درآمد ثابت كيان,85,8500000,8500000,32241,1,1,-32240,-100,1,-32240,-100,1,1,1400-10-5,2021-12-26
644,وارس,سرمايه گذاري ارس صبا,84,229079,2465271961,11019,10721,10838,-181,-1.64,10955,-64,-0.58,10689,11018,1400-10-5,2021-12-26
645,لوتوس,تامين سرمايه لوتوس پارسيان,84,1012999,5786152710,5720,5640,5750,30,0.52,5720,0,0,5640,5830,1400-10-5,2021-12-26
646,ضصاد1114,اختيارخ وبصادر-2500-1400/11/06,84,4539,155438000,41,40,36,-5,-12.2,34,-7,-17.07,13,47,1400-10-5,2021-12-26
647,تسه9905,امتياز تسهيلات مسكن مرداد99,81,849,812995769,923741,878009,969928,46187,5,957592,33851,3.66,878009,969928,1400-10-5,2021-12-26
648,ضملت1133,اختيارخ وبملت-3000-1400/11/13,81,2469,694980000,324,289,312,-12,-3.7,281,-43,-13.27,270,337,1400-10-5,2021-12-26
649,زعف0110پ10,زعفران0110نگين طلاي سرخ(پ),80,32940,12498758086,378888,379987,380000,1112,0.29,379440,552,0.15,374000,380000,1400-10-5,2021-12-26
650,دقاضي,داروسازي شهيد قاضي,77,166928,4031593540,24783,25438,24140,-643,-2.59,24529,-254,-1.02,24040,25438,1400-10-5,2021-12-26
651,دارو,كارخانجات‌داروپخش‌,76,60387,1756198040,29880,28560,29300,-580,-1.94,29800,-80,-0.27,28560,29870,1400-10-5,2021-12-26
652,آرمان,بيمه آرمان,76,1130389,5857042483,5341,5186,5181,-160,-3,5243,-98,-1.83,5181,5318,1400-10-5,2021-12-26
653,ضبدر1163,اختيارخ شبندر-6000-1400/11/13,76,474,479891000,928,990,1199,271,29.2,1012,84,9.05,900,1200,1400-10-5,2021-12-26
654,وجامي,سرمايه گذاري جامي,74,318862,1345828149,4289,4329,4161,-128,-2.98,4280,-9,-0.21,4161,4329,1400-10-5,2021-12-26
655,ثامان,سامان‌ گستراصفهان‌,73,291341,2604734290,9150,8700,8960,-190,-2.08,9110,-40,-0.44,8700,9100,1400-10-5,2021-12-26
656,سخوز,سيمان خوزستان,73,87469,2013542160,23080,23580,23330,250,1.08,23070,-10,-0.04,22170,23580,1400-10-5,2021-12-26
657,تكنو,تكنوتار,73,280453,1882521190,6650,6600,6720,70,1.05,6660,10,0.15,6600,6780,1400-10-5,2021-12-26
658,وبازار,صندوق س شاخصي بازارآشنا,71,404482,4847041770,12180,11850,12010,-170,-1.4,11980,-200,-1.64,11850,12200,1400-10-5,2021-12-26
659,فراز,صندوق س.سهام فراز داريك-س,70,1574981,22400971177,14222,14223,14226,4,0.03,14223,1,0.01,14222,14226,1400-10-5,2021-12-26
660,شكبير,پتروشيمي اميركبير,70,62132,5756428950,94001,93011,94350,349,0.37,93922,-79,-0.08,91800,94990,1400-10-5,2021-12-26
661,زعف0008پ10,زعفران0008نگين طلاي سرخ(پ),69,57616,14853327004,259856,260000,257225,-2631,-1.01,257799,-2057,-0.79,255000,263000,1400-10-5,2021-12-26
662,بخاور,بيمه زندگي خاورميانه,68,831026,1850223593,2226,2164,2230,4,0.18,2226,0,0,2164,2270,1400-10-5,2021-12-26
663,پسهند,صنايع‌ لاستيكي‌  سهند,68,118908,3240610660,27510,27970,28460,950,3.45,27450,-60,-0.22,26610,28460,1400-10-5,2021-12-26
664,تشتاد,صنايع توليدي اشتاد ايران‌,66,487474,2106545827,4454,4322,4350,-104,-2.33,4425,-29,-0.65,4321,4350,1400-10-5,2021-12-26
665,سمتاز,سيمان ممتازان كرمان,65,69557,1047972995,15420,15091,15001,-419,-2.72,15382,-38,-0.25,14959,15391,1400-10-5,2021-12-26
666,دالبر,البرزدارو,65,234111,2758432150,11810,11550,11880,70,0.59,11800,-10,-0.08,11510,11900,1400-10-5,2021-12-26
667,معيار ,سرمايه گذاري معيار صنعت پارس,65,75184,3008310844,40091,40173,40699,608,1.52,40067,-24,-0.06,39000,40999,1400-10-5,2021-12-26
668,آبين,كشت و صنعت آبشيرين,65,1187347,2047102239,1777,1732,1724,-53,-2.98,1766,-11,-0.62,1724,1733,1400-10-5,2021-12-26
669,ضصاد1113,اختيارخ وبصادر-2000-1400/11/06,65,3315,357464000,103,96,121,18,17.48,108,5,4.85,80,140,1400-10-5,2021-12-26
670,تسه9904,امتياز تسهيلات مسكن تير99,65,601,565173188,895608,940388,940388,44780,5,940388,44780,5,940388,940388,1400-10-5,2021-12-26
671,بساما,بيمه سامان,65,124311,2470651025,19882,19777,20080,198,1,19881,-1,-0.01,19715,20220,1400-10-5,2021-12-26
672,وپخش,داروپخش‌ (هلدينگ‌,64,58153,1926873760,33490,32710,33220,-270,-0.81,33480,-10,-0.03,32350,33400,1400-10-5,2021-12-26
673,مارون,پتروشيمي مارون,64,76610,13151800408,173770,173000,172000,-1770,-1.02,173491,-279,-0.16,170000,173886,1400-10-5,2021-12-26
674,ثروتم,صندوق س. ثروت آفرين پارسيان-س,63,24530,2126089130,90019,87850,88190,-1829,-2.03,86673,-3346,-3.72,85151,88218,1400-10-5,2021-12-26
675,تسه9901,امتياز تسهيلات مسكن فروردين99,61,721,687066420,907928,953324,953324,45396,5,952935,45007,4.96,935000,953324,1400-10-5,2021-12-26
676,تسه9903,امتياز تسهيلات مسكن خرداد99,61,434,408469173,903165,871000,948323,45158,5,941173,38008,4.21,871000,948323,1400-10-5,2021-12-26
677,ولتجار,واسپاري تجارت وسرمايه ايرانيان,61,1805426,4738863549,2703,2670,2683,-20,-0.74,2665,-38,-1.41,2622,2705,1400-10-5,2021-12-26
678,پلوله,گازلوله‌,61,303529,7086485361,22667,23347,23347,680,3,23135,468,2.06,23346,23347,1400-10-5,2021-12-26
679,وامين,س. امين توان آفرين ساز,60,107522,1330545415,12560,12434,12400,-160,-1.27,12555,-5,-0.04,12210,12600,1400-10-5,2021-12-26
680,اخزا903,اسنادخزانه-م3بودجه99-011110,60,40578,31853404630,783840,785000,785200,1360,0.17,784990,1150,0.15,784300,785200,1400-10-5,2021-12-26
681,سلار,شركت سيمان لارستان,60,47118,1174761312,25703,24932,24932,-771,-3,25608,-95,-0.37,24932,24940,1400-10-5,2021-12-26
682,دفارا,داروسازي‌ فارابي‌,59,65358,834215150,13000,12660,12760,-240,-1.85,12990,-10,-0.08,12660,12900,1400-10-5,2021-12-26
683,سدبير,س. تدبيرگران فارس وخوزستان,59,143364,6311026644,46337,44021,44021,-2316,-5,45296,-1041,-2.25,44021,44021,1400-10-5,2021-12-26
684,غمهرا,توليدي‌مهرام‌,59,142041,1441716150,9670,10150,10150,480,4.96,9710,40,0.41,10150,10150,1400-10-5,2021-12-26
685,تسه9906,امتياز تسهيلات مسكن شهريور99,59,629,598940561,915040,880050,960792,45752,5,952211,37171,4.06,880050,960792,1400-10-5,2021-12-26
686,دسينا,داروسازي‌ سينا,59,125710,2579561170,20870,20210,20300,-570,-2.73,20810,-60,-0.29,20210,20830,1400-10-5,2021-12-26
687,زعف0110پ11,زعفران0110نگين سحرخيز(پ),56,22536,8362402072,373234,374998,370898,-2336,-0.63,371069,-2165,-0.58,369000,374998,1400-10-5,2021-12-26
688,اخزا905,اسنادخزانه-م5بودجه99-020218,56,70878,52447125920,742310,738200,743930,1620,0.22,739960,-2350,-0.32,738190,743930,1400-10-5,2021-12-26
689,تسه9907,امتياز تسهيلات مسكن مهر99,56,702,656668400,892668,921222,937301,44633,5,935425,42757,4.79,921222,937301,1400-10-5,2021-12-26
690,سيستم,همكاران سيستم,56,194225,955939912,4915,4915,4921,6,0.12,4915,0,0,4890,4960,1400-10-5,2021-12-26
691,داريوش,صندوق س. ثروت داريوش -س,55,281607,2743994506,9768,9710,9800,32,0.33,9744,-24,-0.25,9660,9800,1400-10-5,2021-12-26
692,تسه9812,امتياز تسهيلات مسكن اسفند98,55,487,462224662,912042,872000,957644,45602,5,949127,37085,4.07,872000,957644,1400-10-5,2021-12-26
693,وزمين,بانك ايران زمين,55,256972,2208502904,8767,8860,8592,-175,-2,8739,-28,-0.32,8592,8860,1400-10-5,2021-12-26
694,شستان,پتروشيمي گلستان,54,925448,3186273701,3457,3400,3526,69,2,3448,-9,-0.26,3395,3526,1400-10-5,2021-12-26
695,كفرا,فراورده‌ هاي‌ نسوزايران‌,54,590121,4313784510,6970,7310,7310,340,4.88,7060,90,1.29,7310,7310,1400-10-5,2021-12-26
696,دارا,صندوق س. دارا الگوريتم-د,54,500571,4989416981,9960,9968,9967,7,0.07,9967,7,0.07,9967,9973,1400-10-5,2021-12-26
697,ضشنا1050,اختيارخ شپنا-7629-1400/10/19,54,1229,39013935,24,20,18,-6,-25,17,-7,-29.17,10,25,1400-10-5,2021-12-26
698,زعف0110پ18,زعفران0110نگين بهرامن(پ),54,7200,2599273423,364313,360104,362500,-1813,-0.5,361010,-3303,-0.91,360000,364250,1400-10-5,2021-12-26
699,ركيش,كارت اعتباري ايران كيش,53,174688,975424650,5710,5460,5590,-120,-2.1,5700,-10,-0.18,5460,5860,1400-10-5,2021-12-26
700,دسبحا,گروه دارويي سبحان,52,79052,1516354470,19600,19350,19330,-270,-1.38,19570,-30,-0.15,18820,19350,1400-10-5,2021-12-26
701,سنفت004,سلف موازي استاندارد سنفت004,52,10223800,13014309200000,1265000,1265000,1272961,7961,0.63,1272942,7942,0.63,1265000,1272961,1400-10-5,2021-12-26
702,سكه0012پ04,تمام سكه طرح جديد0012صادرات,50,9600,12352759600,1280227,1290000,1288000,7773,0.61,1286746,6519,0.51,1282103,1290000,1400-10-5,2021-12-26
703,اخزا918,اسنادخزانه-م18بودجه99-010323,46,33769,30426243170,903550,897080,903210,-340,-0.04,901010,-2540,-0.28,897080,903900,1400-10-5,2021-12-26
704,تسه9811,امتياز تسهيلات مسكن بهمن98,45,715,669547418,893770,885010,938458,44688,5,936430,42660,4.77,885010,938458,1400-10-5,2021-12-26
705,اخزا914,اسنادخزانه-م14بودجه99-021025,44,123722,77285664800,625100,624120,626960,1860,0.3,624670,-430,-0.07,624120,626960,1400-10-5,2021-12-26
706,وآفري,بيمه كارآفرين,43,265114,999152167,3697,3807,3694,-3,-0.08,3702,5,0.14,3686,3807,1400-10-5,2021-12-26
707,بفجر,فجر انرژي خليج فارس,43,155610,1787368300,11190,11670,11460,270,2.41,11200,10,0.09,11280,11670,1400-10-5,2021-12-26
708,زعف0008پ11,زعفران0008نگين سحرخيز(پ),42,35007,9584314381,273722,273973,273973,251,0.09,273783,61,0.02,266010,273973,1400-10-5,2021-12-26
709,ضخود2020,اختيارخ خودرو-3000-1401/02/07,41,3151,200695000,90,95,73,-17,-18.89,64,-26,-28.89,60,95,1400-10-5,2021-12-26
710,اخزا902,اسنادخزانه-م2بودجه99-011019,40,11638,9251724330,795520,795520,795510,-10,0,794960,-560,-0.07,794520,796940,1400-10-5,2021-12-26
711,اوصتا,صندوق انديشه ورزان صباتامين -د,40,350853,7360112139,20967,20978,20978,11,0.05,20978,11,0.05,20977,20978,1400-10-5,2021-12-26
712,اخزا812,اسنادخزانه-م12بودجه98-001111,40,19240,18828677660,978100,977170,979390,1290,0.13,978620,520,0.05,977170,979500,1400-10-5,2021-12-26
713,سايرا,ايرانيت‌,37,207485,5635085115,27713,27159,27159,-554,-2,27159,-554,-2,27159,27159,1400-10-5,2021-12-26
714,اخزا910,اسنادخزانه-م10بودجه99-020807,36,71071,46789447150,658660,656510,659870,1210,0.18,658350,-310,-0.05,656510,659880,1400-10-5,2021-12-26
715,ضستا1005,اختيارخ شستا-14000-1400/10/29,35,2219,44380000,33,20,20,-13,-39.39,20,-13,-39.39,20,20,1400-10-5,2021-12-26
716,ارمغان,ص سرمايه گذاري ارمغان ايرانيان,35,310253,3136096878,10096,10108,10107,11,0.11,10108,12,0.12,10101,10110,1400-10-5,2021-12-26
717,اگ010155,گام بانك اقتصاد نوين0101,35,222590,207016080000,929000,929000,932000,3000,0.32,930033,1033,0.11,929000,932000,1400-10-5,2021-12-26
718,كصدف,كاشي صدف سرام استقلال آباده,34,16814,337947465,19603,20184,19540,-63,-0.32,19619,16,0.08,19410,20191,1400-10-5,2021-12-26
719,ضفلا1163,اختيارخ فولاد-10000-1400/11/24,34,409,621441000,1652,1350,1550,-102,-6.17,1519,-133,-8.05,1350,1550,1400-10-5,2021-12-26
720,اخزا811,اسنادخزانه-م11بودجه98-001013,34,7779,7736975610,993500,994920,995000,1500,0.15,994600,1100,0.11,994020,995000,1400-10-5,2021-12-26
721,اراد50,مرابحه عام دولت5-ش.خ0302,33,672000,672006079000,1000000,1000000,1000010,10,0,1000010,10,0,1000000,1000010,1400-10-5,2021-12-26
722,اخزا901,اسنادخزانه-م1بودجه99-010621,33,14265,12181382370,853030,855000,856690,3660,0.43,853930,900,0.11,853540,856690,1400-10-5,2021-12-26
723,قپيرا,فرآورده‌هاي‌غدايي‌وقندپيرانشهر,32,66245,500840380,7650,7860,7710,60,0.78,7650,0,0,7440,7860,1400-10-5,2021-12-26
724,زعف0110پ16,زعفران0110نگين بيرجند(پ),32,15300,5503770200,365991,359001,360000,-5991,-1.64,359724,-6267,-1.71,358900,361000,1400-10-5,2021-12-26
725,سكه0011پ02,تمام سكه طرح جديد0011ملت,32,4200,5404511000,1280113,1283500,1288000,7887,0.62,1286788,6675,0.52,1283500,1292099,1400-10-5,2021-12-26
726,ضسپا1111,اختيارخ خساپا-1400-1400/11/20,31,930,310198000,356,333,360,4,1.12,334,-22,-6.18,293,369,1400-10-5,2021-12-26
727,فافزا,فولاد افزا سپاهان,31,29350,896407700,31486,30542,30542,-944,-3,31396,-90,-0.29,30542,30542,1400-10-5,2021-12-26
728,اخزا008,اسنادخزانه-م8بودجه00-030919,31,102865,52185198360,507170,508690,506650,-520,-0.1,507320,150,0.03,506500,508690,1400-10-5,2021-12-26
729,ثتوسا,س.توسعه و عمران استان اردبيل,30,100429,1398674683,14659,13927,13927,-732,-4.99,14506,-153,-1.04,13927,13927,1400-10-5,2021-12-26
730,حگردش,ريل گردش ايرانيان,30,249208,975898528,4037,3916,3916,-121,-3,4024,-13,-0.32,3916,3916,1400-10-5,2021-12-26
731,صايند,صندوق س. گنجينه آينده روشن-د,29,281360,2855632530,10140,10150,10154,14,0.14,10149,9,0.09,10147,10155,1400-10-5,2021-12-26
732,ثهام,صندوق س ثروت هامرز-سهام,29,114898,1250053363,10946,11050,10920,-26,-0.24,10880,-66,-0.6,10820,11050,1400-10-5,2021-12-26
733,گنجين,صندوق س. گنجينه يكم آويد-د,28,226951,3280531120,14444,14456,14456,12,0.08,14455,11,0.08,14448,14456,1400-10-5,2021-12-26
734,اخزا907,اسنادخزانه-م7بودجه99-020704,26,149583,100570682830,672000,673990,672010,10,0,672340,340,0.05,672000,674000,1400-10-5,2021-12-26
735,هفارس104,اختيارف ت فارس-11832-01/04/12,26,1208480,1208480,733,1,1,-732,-99.86,1,-732,-99.86,1,1,1400-10-5,2021-12-26
736,شساخت,مهندسي و ساختمان صنايع نفت,26,32372,1414775435,43795,43200,43795,0,0,43792,-3,-0.01,43200,43800,1400-10-5,2021-12-26
737,غناب,روغن‌ نباتي‌ ناب,25,6348,905243844,138450,142603,142603,4153,3,138798,348,0.25,142603,142603,1400-10-5,2021-12-26
738,قشرين,قند شيرين خراسان,25,94375,592203125,6469,6275,6275,-194,-3,6457,-12,-0.19,6275,6275,1400-10-5,2021-12-26
739,اخزا007,اسنادخزانه-م7بودجه00-030912,24,46372,23639566030,509540,508050,509560,20,0,509780,240,0.05,508050,510990,1400-10-5,2021-12-26
740,سكه0112پ03,تمام سكه طرح جديد0112سامان,24,3100,3997680400,1282359,1285000,1288000,5641,0.44,1289574,7215,0.56,1284200,1294000,1400-10-5,2021-12-26
741,ضبدر1164,اختيارخ شبندر-7000-1400/11/13,24,224,106492000,381,250,495,114,29.92,475,94,24.67,250,495,1400-10-5,2021-12-26
742,سفاسي,شركت فارسيت اهواز,22,120619,412516980,3525,3420,3420,-105,-2.98,3521,-4,-0.11,3420,3420,1400-10-5,2021-12-26
743,گكيش,توريستي ورفاهي آبادگران كيش,22,304511,7873740927,26656,25857,25857,-799,-3,25987,-669,-2.51,25857,25857,1400-10-5,2021-12-26
744,اخزا815,اسنادخزانه-م15بودجه98-010406,22,21566,19286041290,893230,896900,894280,1050,0.12,894280,1050,0.12,894190,896900,1400-10-5,2021-12-26
745,فالوم,آلومتك‌,22,15784,375233032,25024,23773,23773,-1251,-5,24974,-50,-0.2,23773,23773,1400-10-5,2021-12-26
746,ضسپا1113,اختيارخ خساپا-1800-1400/11/20,21,1362,163559000,113,70,125,12,10.62,120,7,6.19,70,130,1400-10-5,2021-12-26
747,ماني2,صندوق س. با درآمد ثابت ماني,20,2000000,2000000,10682,1,1,-10681,-99.99,1,-10681,-99.99,1,1,1400-10-5,2021-12-26
748,عيار2,صندوق سكه طلاي مفيد,20,200000,200000,32436,1,1,-32435,-100,1,-32435,-100,1,1,1400-10-5,2021-12-26
749,اخزا911,اسنادخزانه-م11بودجه99-020906,20,42207,27266356420,645760,646030,646010,250,0.04,646020,260,0.04,646000,646030,1400-10-5,2021-12-26
750,داريك,صندوق س.اعتماد داريك-د,20,470759,5688289141,12077,12085,12083,6,0.05,12083,6,0.05,12083,12085,1400-10-5,2021-12-26
751,اطلس2,صندوق س.توسعه اندوخته آينده-س,20,200000,200000,246133,1,1,-246132,-100,1,-246132,-100,1,1,1400-10-5,2021-12-26
752,ضستا1003,اختيارخ شستا-10000-1400/10/29,20,128,228464000,1846,1850,1958,112,6.07,1785,-61,-3.3,1603,1958,1400-10-5,2021-12-26
753,جهرم,پتروشيمي جهرم,19,135480,172601520,1341,1274,1274,-67,-5,1340,-1,-0.07,1274,1274,1400-10-5,2021-12-26
754,پادا,صندوق س.پاداش سرمايه پارس-س,19,2219,233986600,105163,104400,107000,1837,1.75,105447,284,0.27,104000,107000,1400-10-5,2021-12-26
755,ضملت1134,اختيارخ وبملت-3500-1400/11/13,18,135,13501000,99,77,105,6,6.06,100,1,1.01,77,115,1400-10-5,2021-12-26
756,آسام,صندوق س.آرمان سپهر آشنا-م,18,47140,5622024900,119904,119000,119500,-404,-0.34,119262,-642,-0.54,118500,119800,1400-10-5,2021-12-26
757,بذر,صندوق س بذر اميد آفرين-سهام,17,5348,517833490,98640,96780,96860,-1780,-1.8,96830,-1810,-1.83,96780,99300,1400-10-5,2021-12-26
758,وتعاون,بيمه  تعاون,16,104315,167321260,1653,1604,1604,-49,-2.96,1652,-1,-0.06,1604,1604,1400-10-5,2021-12-26
759,اخزا908,اسنادخزانه-م8بودجه99-020606,16,11081,7573954310,683920,683510,683500,-420,-0.06,683510,-410,-0.06,683500,683520,1400-10-5,2021-12-26
760,اخزا817,اسنادخزانه-م17بودجه98-010512,16,17377,15204892900,874460,874620,875000,540,0.06,875000,540,0.06,874500,877480,1400-10-5,2021-12-26
761,اوج,صندوق س.اوج دماوند-س,15,112392,1136063311,10177,10107,10140,-37,-0.36,10108,-69,-0.68,10104,10140,1400-10-5,2021-12-26
762,برن0104پ01,برنج طارم0104تجارت مازندران(پ),15,738,360273200,483583,481000,489700,6117,1.26,488175,4592,0.95,481000,489700,1400-10-5,2021-12-26
763,ثجوان,تامين مسكن جوانان,14,45929,208058370,4670,4530,4530,-140,-3,4667,-3,-0.06,4530,4530,1400-10-5,2021-12-26
764,ضفلا1165,اختيارخ فولاد-14000-1400/11/24,14,63,12600000,247,200,200,-47,-19.03,200,-47,-19.03,200,200,1400-10-5,2021-12-26
765,اخزا909,اسنادخزانه-م9بودجه99-020316,14,23251,16731183390,719210,719210,721000,1790,0.25,719590,380,0.05,719210,721000,1400-10-5,2021-12-26
766,اخزا820,اسنادخزانه-م20بودجه98-020806,14,100030,66020324850,660000,689990,660000,0,0,660010,10,0,660000,689990,1400-10-5,2021-12-26
767,ويستا,صندوق س. ويستا -س,14,120181,1221892260,10231,10150,10390,159,1.55,10167,-64,-0.63,10150,10390,1400-10-5,2021-12-26
768,زعف0008پ20,زعفران0008نگين وحدت جام(پ),14,1148,293848111,257503,255000,255650,-1853,-0.72,255965,-1538,-0.6,254000,257600,1400-10-5,2021-12-26
769,دمعيار,صندوق س. توازن معيار-د,13,23168,224761754,9982,9750,9980,-2,-0.02,9701,-281,-2.82,9687,9980,1400-10-5,2021-12-26
770,ثمين,صندوق س. ثروت افزون ثمين-س,13,25923,267064240,10413,10163,10400,-13,-0.12,10302,-111,-1.07,10163,10400,1400-10-5,2021-12-26
771,ضملت1132,اختيارخ وبملت-2500-1400/11/13,13,279,189461000,736,600,728,-8,-1.09,679,-57,-7.74,600,728,1400-10-5,2021-12-26
772,ساروج,بين المللي ساروج بوشهر,13,61774,1028132600,16560,16643,16800,240,1.45,16566,6,0.04,16560,16800,1400-10-5,2021-12-26
773,ضبدر1165,اختيارخ شبندر-8000-1400/11/13,12,139,35221000,286,201,280,-6,-2.1,253,-33,-11.54,200,349,1400-10-5,2021-12-26
774,سخواف,سيمان مجد خواف,12,15482,113405650,7710,7325,7325,-385,-4.99,7705,-5,-0.06,7325,7325,1400-10-5,2021-12-26
775,كباده,توليد خاك نسوزاستقلال آباده,11,29165,959207685,31932,32889,32889,957,3,32021,89,0.28,32889,32889,1400-10-5,2021-12-26
776,ضخود2016,اختيارخ خودرو-1600-1401/02/07,11,500,306410000,620,610,610,-10,-1.61,613,-7,-1.13,600,620,1400-10-5,2021-12-26
777,اخزا818,اسنادخزانه-م18بودجه98-010614,11,3118,2673607620,856030,856000,858600,2570,0.3,857480,1450,0.17,852630,861990,1400-10-5,2021-12-26
778,سكه0111پ05,تمام سكه طرح جديد0111آينده,11,2200,2826928300,1274215,1293899,1290000,15785,1.24,1284967,10752,0.84,1282311,1293899,1400-10-5,2021-12-26
779,ضترا1133,اختيارخ شتران-4411-1400/11/10,11,187,141642160,427,345,270,-157,-36.77,334,-93,-21.78,270,350,1400-10-5,2021-12-26
780,ضشنا1049,اختيارخ شپنا-6540-1400/10/19,11,142,38413890,182,129,169,-13,-7.14,147,-35,-19.23,50,169,1400-10-5,2021-12-26
781,ضفلا1164,اختيارخ فولاد-12000-1400/11/24,11,20,8381000,427,490,420,-7,-1.64,419,-8,-1.87,304,490,1400-10-5,2021-12-26
782,ثنام,س ساختماني ب نام آوران مهندسي,11,11539,122082620,11136,10580,10580,-556,-4.99,11129,-7,-0.06,10580,10580,1400-10-5,2021-12-26
783,وسخوز,شركت س استان خوزستان,10,647876,390669228,634,603,603,-31,-4.89,634,0,0,603,603,1400-10-5,2021-12-26
784,ضجار1021,اختيارخ وتجارت-1800-1400/10/15,10,629,97170000,190,32,180,-10,-5.26,154,-36,-18.95,32,180,1400-10-5,2021-12-26
785,زعف0110پ21,زعفران0110نگين ملل(پ),10,4320,1571813866,372786,367999,360009,-12777,-3.43,363846,-8940,-2.4,360009,368000,1400-10-5,2021-12-26
786,سخند,صندوق س.سپهرخبرگان نفت-د,10,25160,254378600,10108,10140,10100,-8,-0.08,10110,2,0.02,10100,10140,1400-10-5,2021-12-26
787,اخزا813,اسنادخزانه-م13بودجه98-010219,10,4529,4174366200,920040,923880,922150,2110,0.23,921700,1660,0.18,921020,923880,1400-10-5,2021-12-26
788,تملي705,تسهيلات مسكن ب. ملي-مرداد97,9,40,24505590,587190,557831,616549,29359,5,612640,25450,4.33,557831,616549,1400-10-5,2021-12-26
789,افران2,صندوق س افرا نماد پايدار-ثابت,9,108500000,108500000,15073,1,1,-15072,-99.99,1,-15072,-99.99,1,1,1400-10-5,2021-12-26
790,زعف0008پ08,زعفران0008نگين روستا(پ),9,8174,2223934432,273999,270000,273900,-99,-0.04,272074,-1925,-0.7,268000,273900,1400-10-5,2021-12-26
791,پارتا,مجتمع‌صنعتي‌آرتاويل‌تاير,9,27996,643963992,24212,23002,23002,-1210,-5,24174,-38,-0.16,23002,23002,1400-10-5,2021-12-26
792,سيناد,صندوق س.سپهرسودمند سينا-د,9,32205,322180439,10002,10004,10004,2,0.02,10004,2,0.02,10004,10005,1400-10-5,2021-12-26
793,دابورح,ح . داروسازي‌ ابوريحان‌,8,3662,73240000,21000,20000,20000,-1000,-4.76,20000,-1000,-4.76,20000,20000,1400-10-5,2021-12-26
794,زعف0110پ08,زعفران0110نگين روستا(پ),8,8000,3025000000,379626,365000,380000,374,0.1,378125,-1501,-0.4,365000,380000,1400-10-5,2021-12-26
795,زعف0110پ19,زعفران0110نگين تروند قاينات(پ),8,1706,613308700,365403,360001,359000,-6403,-1.75,359501,-5902,-1.62,359000,360001,1400-10-5,2021-12-26
796,دكيمي,كيميدارو,8,3409,58073780,17590,16920,17490,-100,-0.57,17590,0,0,16920,17570,1400-10-5,2021-12-26
797,زعف0008پ16,زعفران0008نگين بيرجند(پ),7,10142,2536345340,254936,250200,256000,1064,0.42,250083,-4853,-1.9,250000,256000,1400-10-5,2021-12-26
798,ضملي1159,اختيارخ فملي-5000-1400/11/03,7,8,35600000,1955,2200,2200,245,12.53,2225,270,13.81,2200,2250,1400-10-5,2021-12-26
799,ضچاد1022,اختيارخ كچاد-28000-1400/10/05,7,12,20450000,1135,1680,1700,565,49.78,1704,569,50.13,1680,1780,1400-10-5,2021-12-26
800,سرو2,صندوق س سروسودمند مدبران-سهام,7,470000,470000,70550,1,1,-70549,-100,1,-70549,-100,1,1,1400-10-5,2021-12-26
801,لخانه,لوازم‌ خانگي‌ پارس‌,7,10864,167034000,15850,15375,15375,-475,-3,15842,-8,-0.05,15375,15375,1400-10-5,2021-12-26
802,ضبدر1162,اختيارخ شبندر-5000-1400/11/13,7,34,66553000,1710,1600,2000,290,16.96,1957,247,14.44,1600,2000,1400-10-5,2021-12-26
803,ضصاد1112,اختيارخ وبصادر-1800-1400/11/06,7,325,63220000,229,188,195,-34,-14.85,195,-34,-14.85,188,200,1400-10-5,2021-12-26
804,ضملي1161,اختيارخ فملي-7000-1400/11/03,7,128,125518000,404,489,435,31,7.67,490,86,21.29,435,550,1400-10-5,2021-12-26
805,ضستا1001,اختيارخ شستا-8000-1400/10/29,7,21,74150000,3472,3700,3500,28,0.81,3531,59,1.7,3500,3700,1400-10-5,2021-12-26
806,ضكاريس903,اختيارخ كاريس-16000-14010930,7,185,462470000,1400,2500,2500,1100,78.57,2500,1100,78.57,2470,2500,1400-10-5,2021-12-26
807,دشيري,شيرين دارو,6,290,32243360,114622,111184,111184,-3438,-3,114611,-11,-0.01,111184,111184,1400-10-5,2021-12-26
808,ضپنا2013,اختيارخ رمپنا-14000-1401/02/07,6,97,512200000,4500,4500,5500,1000,22.22,5280,780,17.33,4500,5500,1400-10-5,2021-12-26
809,ضملت1131,اختيارخ وبملت-2000-1400/11/13,6,29,34169000,1255,1160,1197,-58,-4.62,1178,-77,-6.14,1160,1197,1400-10-5,2021-12-26
810,اخزا821,اسنادخزانه-م21بودجه98-020906,5,1110,717714680,651270,646650,646500,-4770,-0.73,646590,-4680,-0.72,646500,646650,1400-10-5,2021-12-26
811,ضپال2007,اختيارخ اپال-32000-1401/02/12,5,42,13470000,328,380,314,-14,-4.27,321,-7,-2.13,314,380,1400-10-5,2021-12-26
812,ضخود2017,اختيارخ خودرو-1800-1401/02/07,5,114,55230000,561,495,480,-81,-14.44,484,-77,-13.73,480,495,1400-10-5,2021-12-26
813,گوهر2,صندوق سكه طلاي كيان,5,50000,50000,63491,1,1,-63490,-100,1,-63490,-100,1,1,1400-10-5,2021-12-26
814,شليا,شركت مواد ويژه ليا,5,2800,102449200,37720,36589,36589,-1131,-3,37708,-12,-0.03,36589,36589,1400-10-5,2021-12-26
815,زير0103پ01,زيره سبز0103كيميابذر(پ),5,296,309650000,1049720,1038000,1050000,280,0.03,1046115,-3605,-0.34,1038000,1050000,1400-10-5,2021-12-26
816,ضجار1020,اختيارخ وتجارت-1600-1400/10/15,5,52,19091000,366,367,334,-32,-8.74,367,1,0.27,334,372,1400-10-5,2021-12-26
817,واحصا,احياء صنايع خراسان,5,2271,101064042,45878,44502,44502,-1376,-3,45864,-14,-0.03,44502,44502,1400-10-5,2021-12-26
818,فن آوا,گروه فن آوا,4,16690,173108680,10692,10372,10372,-320,-2.99,10686,-6,-0.06,10372,10372,1400-10-5,2021-12-26
819,ثنظام,س. ساختماني نظام مهندسي ايران,4,3800,80085000,21726,21075,21075,-651,-3,21719,-7,-0.03,21075,21075,1400-10-5,2021-12-26
820,صخود041,ص مرابحه خودرو041- 3ماهه 18%,4,40000,39256000000,990000,981400,981400,-8600,-0.87,981400,-8600,-0.87,981400,981400,1400-10-5,2021-12-26
821,گپارس,امور رفاهي كارگزاران پارس,4,190,24026450,130365,126455,126455,-3910,-3,130355,-10,-0.01,126455,126455,1400-10-5,2021-12-26
822,اخزا814,اسنادخزانه-م14بودجه98-010318,4,919,834910110,906360,905200,909990,3630,0.4,908500,2140,0.24,905200,909990,1400-10-5,2021-12-26
823,فنرژي,گسترش صنايع انرژي آذرآب,4,6219,73713807,12346,11853,11853,-493,-3.99,12338,-8,-0.06,11853,11853,1400-10-5,2021-12-26
824,ياقوت2,صندوق س ياقوت آگاه-ثابت,4,9092000,9092000,13845,1,1,-13844,-99.99,1,-13844,-99.99,1,1,1400-10-5,2021-12-26
825,ضشنا1048,اختيارخ شپنا-5450-1400/10/19,4,52,84483400,814,850,900,86,10.57,885,71,8.72,850,950,1400-10-5,2021-12-26
826,تپولا,مهندسي مرآت پولاد,4,1394,21162314,15650,15181,15181,-469,-3,15649,-1,-0.01,15181,15181,1400-10-5,2021-12-26
827,تملي711,تسهيلات مسكن ب. ملي-بهمن97,3,30,25092036,862269,905382,819156,-43113,-5,836401,-25868,-3,819156,905382,1400-10-5,2021-12-26
828,وسصفا,شركت س استان اصفهان,3,45140,31282020,729,693,693,-36,-4.94,729,0,0,693,693,1400-10-5,2021-12-26
829,ضترا1135,اختيارخ شتران-6176-1400/11/10,3,20,2040300,45,50,40,-5,-11.11,45,0,0,40,50,1400-10-5,2021-12-26
830,طفلا1164,اختيارف فولاد-12000-1400/11/24,3,4,3600000,900,900,900,0,0,900,0,0,900,900,1400-10-5,2021-12-26
831,شرق1400,مشاركت ليزينگ ايران وشرق140010,3,27,26999550,999950,1000000,999950,0,0,999980,30,0,999950,1000000,1400-10-5,2021-12-26
832,زعف0008پ09,زعفران0008نگين نوين(پ),3,157,42373000,270000,269000,270000,0,0,269892,-108,-0.04,269000,270000,1400-10-5,2021-12-26
833,كارا2,صندوق س. كارا -د,3,24700000,24700000,10431,1,1,-10430,-99.99,1,-10430,-99.99,1,1,1400-10-5,2021-12-26
834,تماوند2,تامين سرمايه دماوند,3,68700000,411513000000,5850,5990,5990,140,2.39,5990,140,2.39,5990,5990,1400-10-5,2021-12-26
835,قجام,فرآوردههاي غذايي وقندتربت‌جام‌,3,2670,16241610,6207,6083,6083,-124,-2,6207,0,0,6083,6083,1400-10-5,2021-12-26
836,خفولا,خدمات فني فولاد يزد,3,675,15231375,23262,22565,22565,-697,-3,23261,-1,0,22565,22565,1400-10-5,2021-12-26
837,شمواد,توليد مواداوليه الياف مصنوعي,3,363,15696846,44124,43242,43242,-882,-2,44121,-3,-0.01,43242,43242,1400-10-5,2021-12-26
838,پشاهن,توليدي پلاستيك‌ شاهين,3,18504,106490520,5481,5755,5755,274,5,5498,17,0.31,5755,5755,1400-10-5,2021-12-26
839,طستا1003,اختيارف شستا-10000-1400/10/29,3,15,1770000,500,110,130,-370,-74,118,-382,-76.4,110,130,1400-10-5,2021-12-26
840,ضپاس2012,اختيارخ وپارس-1800-1401/02/28,3,120,66800000,480,560,450,-30,-6.25,557,77,16.04,450,580,1400-10-5,2021-12-26
841,اخزا816,اسنادخزانه-م16بودجه98-010503,3,661,583003640,879660,881990,882740,3080,0.35,882000,2340,0.27,881990,882740,1400-10-5,2021-12-26
842,كايتا,ايتالران‌,3,117299,1149530200,9515,9800,9800,285,3,9548,33,0.35,9800,9800,1400-10-5,2021-12-26
843,ضپاس1009,اختيارخ وپارس-1600-1400/10/22,3,29,9870000,301,330,360,59,19.6,340,39,12.96,330,360,1400-10-5,2021-12-26
844,وسرضوي,س.سهام عدالت استان خراسان رضوي,3,186712,128644568,725,689,689,-36,-4.97,725,0,0,689,689,1400-10-5,2021-12-26
845,سپيدما2,صندوق س. سپيد دماوند-د,3,17000000,17000000,11583,1,1,-11582,-99.99,1,-11582,-99.99,1,1,1400-10-5,2021-12-26
846,شگويات.ف0104,اختيارف.تبعي شگويا010408,3,30000,30000,1,1,1,0,0,1,0,0,1,1,1400-10-5,2021-12-26
847,كمند2,صندوق س. با درآمد ثابت كمند,3,184900000,184900000,10105,1,1,-10104,-99.99,1,-10104,-99.99,1,1,1400-10-5,2021-12-26
848,ضپال2006,اختيارخ اپال-28000-1401/02/12,3,16,12465000,781,777,780,-1,-0.13,779,-2,-0.26,777,780,1400-10-5,2021-12-26
849,وگردش2,بانك گردشگري,3,448900000,4788280000000,10909,10650,10700,-209,-1.92,10667,-242,-2.22,10650,10700,1400-10-5,2021-12-26
850,اراد86,مرابحه عام دولت86-ش.خ020404,2,21000,19715000000,924467,938000,955000,30533,3.3,938810,14343,1.55,938000,955000,1400-10-5,2021-12-26
851,كمند4,صندوق س. با درآمد ثابت كمند,2,98000000,990780000000,10105,10110,10110,5,0.05,10110,5,0.05,10110,10110,1400-10-5,2021-12-26
852,صگل1411,ص اجاره گل گهر 1411-3 ماهه 17%,2,189,183630000,970000,970000,1000000,30000,3.09,971587,1587,0.16,970000,1000000,1400-10-5,2021-12-26
853,افران4,صندوق س افرا نماد پايدار-ثابت,2,73000000,1100913000000,15073,15081,15081,8,0.05,15081,8,0.05,15081,15081,1400-10-5,2021-12-26
854,وسخراش,شركت س استان خراسان شمالي,2,7870,10238870,1369,1301,1301,-68,-4.97,1369,0,0,1301,1301,1400-10-5,2021-12-26
855,ضداريوش904,اختيارخ داريوش-11500-14010915,2,109,201650000,1700,1850,1850,150,8.82,1850,150,8.82,1850,1850,1400-10-5,2021-12-26
856,وغدير2,سرمايه‌گذاري‌غدير(هلدينگ‌,2,16271987,249775000450,15350,15350,15350,0,0,15350,0,0,15350,15350,1400-10-5,2021-12-26
857,ضملت1135,اختيارخ وبملت-4000-1400/11/13,2,50,900000,19,18,18,-1,-5.26,18,-1,-5.26,18,18,1400-10-5,2021-12-26
858,اراد884,مرابحه عام دولت88-ش.خ041120,2,9229300,8515044548000,1000000,922640,922580,-77420,-7.74,922610,-77390,-7.74,922580,922640,1400-10-5,2021-12-26
859,كمان,س.خ.كمان كاريزما 35% تاديه,2,164520,62713215000,380716,380917,381600,884,0.23,381189,473,0.12,380917,381600,1400-10-5,2021-12-26
860,شزنگ2,تجهيزنيروي‌زنگان‌,2,342000,42715800000,130291,124900,124900,-5391,-4.14,124900,-5391,-4.14,124900,124900,1400-10-5,2021-12-26
861,آتيمس2,صندوق س.آرمان آتيه درخشان مس-س,2,90000,90000,181071,1,1,-181070,-100,1,-181070,-100,1,1,1400-10-5,2021-12-26
862,ضجار1019,اختيارخ وتجارت-1400-1400/10/15,2,11,5560000,549,500,560,11,2,505,-44,-8.01,500,560,1400-10-5,2021-12-26
863,اراد61,مرابحه عام دولت61-ش.خ0309,2,11000,11000110000,1000010,1000010,1000010,0,0,1000010,0,0,1000010,1000010,1400-10-5,2021-12-26
864,ضصاد1111,اختيارخ وبصادر-1600-1400/11/06,2,29,10991000,398,379,379,-19,-4.77,379,-19,-4.77,379,379,1400-10-5,2021-12-26
865,وسالت,بانك قرض الحسنه رسالت,2,10046,11080738,1051,1103,1103,52,4.95,1051,0,0,1103,1103,1400-10-5,2021-12-26
866,وسنا,سرمايه گذاري نيروگاهي ايران,2,1021,10769508,10874,10548,10548,-326,-3,10874,0,0,10548,10548,1400-10-5,2021-12-26
867,طخود1051,اختيارف خودرو-1800-1400/10/08,2,15,35000,8,2,3,-5,-62.5,2,-6,-75,2,3,1400-10-5,2021-12-26
868,خعمرا,توسعه و عمران شهرستان نائين,2,29028,142672620,4772,4915,4915,143,3,4774,2,0.04,4915,4915,1400-10-5,2021-12-26
869,طملت1133,اختيارف وبملت-3000-1400/11/13,2,10,424000,300,43,42,-258,-86,42,-258,-86,42,43,1400-10-5,2021-12-26
870,اخزا9164,اسنادخزانه-م16بودجه99-020528,2,26344000,19684895400000,746500,747450,747000,500,0.07,747225,725,0.1,747000,747450,1400-10-5,2021-12-26
871,تملي612,تسهيلات مسكن بانك ملي-اسفند96,2,29,16667750,551000,551000,578550,27550,5,574750,23750,4.31,551000,578550,1400-10-5,2021-12-26
872,نخو0102پ01,نخود متوسط0102شيري(پ),2,70,17750000,200000,250000,262500,62500,31.25,253571,53571,26.79,250000,262500,1400-10-5,2021-12-26
873,سفارود,كارخانه فارسيت درود,2,6033,94223394,16268,15618,15618,-650,-4,16255,-13,-0.08,15618,15618,1400-10-5,2021-12-26
874,ثقزوي,شركت عمران و سازندگي قزوين,2,2000,56962000,29361,28481,28481,-880,-3,29356,-5,-0.02,28481,28481,1400-10-5,2021-12-26
875,اتكاي2,بيمه اتكايي ايرانيان,2,50000000,535000000000,10371,10700,10700,329,3.17,10700,329,3.17,10700,10700,1400-10-5,2021-12-26
876,تمحركه,ماشين سازي نيرو محركه,2,3576,66871200,19278,18700,18700,-578,-3,19274,-4,-0.02,18700,18700,1400-10-5,2021-12-26
877,ضپنا1032,اختيارخ رمپنا-15850-1400/10/08,2,5,350000,600,70,70,-530,-88.33,70,-530,-88.33,70,70,1400-10-5,2021-12-26
878,كاوه2,فولاد كاوه جنوب كيش,1,6800000,99756000000,14670,14670,14670,0,0,14670,0,0,14670,14670,1400-10-5,2021-12-26
879,ماني4,صندوق س. با درآمد ثابت ماني,1,4680000,49968360000,10682,10677,10677,-5,-0.05,10677,-5,-0.05,10677,10677,1400-10-5,2021-12-26
880,ضشنا2016,اختيارخ شپنا-7000-1401/02/25,1,50,50000000,1,1000,1000,999,99900,1000,999,99900,1000,1000,1400-10-5,2021-12-26
881,ضپنا2010,اختيارخ رمپنا-9000-1401/02/07,1,1,8000000,1,8000,8000,7999,799900,8000,7999,799900,8000,8000,1400-10-5,2021-12-26
882,ضخود1053,اختيارخ خودرو-2500-1400/10/08,1,35,35000,1,1,1,0,0,1,0,0,1,1,1400-10-5,2021-12-26
883,ومعادن2,توسعه‌معادن‌وفلزات‌,1,25000000,242500000000,9880,9700,9700,-180,-1.82,9700,-180,-1.82,9700,9700,1400-10-5,2021-12-26
884,پا ه 15,بار پايه هفته 15,1,1000,520000,520,520,520,0,0,520,0,0,520,520,1400-10-5,2021-12-26
885,ضفلا1167,اختيارخ فولاد-18000-1400/11/24,1,1,50000,100,50,50,-50,-50,50,-50,-50,50,50,1400-10-5,2021-12-26
886,نگين,ص.س. زمين و ساختمان نگين شهرري,1,200,10366000,51830,51830,51830,0,0,51830,0,0,51830,51830,1400-10-5,2021-12-26
887,ضسپا1109,اختيارخ خساپا-1000-1400/11/20,1,20,14700000,743,735,735,-8,-1.08,735,-8,-1.08,735,735,1400-10-5,2021-12-26
888,واميد2,گروه مديريت سرمايه گذاري اميد,1,4000000,54400000000,14000,13600,13600,-400,-2.86,13600,-400,-2.86,13600,13600,1400-10-5,2021-12-26
889,وشمال,س. چشم انداز توسعه شمال,1,149,10695667,74773,71783,71783,-2990,-4,74766,-7,-0.01,71783,71783,1400-10-5,2021-12-26
890,ضپنا2011,اختيارخ رمپنا-10000-1401/02/07,1,1,7000000,1,7000,7000,6999,699900,7000,6999,699900,7000,7000,1400-10-5,2021-12-26
891,ضمخا1036,اختيارخ اخابر-8000-1400/10/26,1,4,400000,146,100,100,-46,-31.51,100,-46,-31.51,100,100,1400-10-5,2021-12-26
892,فردا4,صندوق س آواي فرداي زاگرس-ثابت,1,62000000,748836000000,12070,12078,12078,8,0.07,12078,8,0.07,12078,12078,1400-10-5,2021-12-26
893,شاراك2,پتروشيمي شازند,1,3311989,149999981810,45290,45290,45290,0,0,45290,0,0,45290,45290,1400-10-5,2021-12-26
894,آساميد4,صندوق س.مشترك آسمان اميد -د,1,36000000,493776000000,13709,13716,13716,7,0.05,13716,7,0.05,13716,13716,1400-10-5,2021-12-26
895,سبرق021,سلف موازي برق صادراتي گيلان021,1,677000,129984000000,192000,192000,192000,0,0,192000,0,0,192000,192000,1400-10-5,2021-12-26
896,شتهران,داروسازي تهران شيمي,1,1000,7337000,7194,7337,7337,143,1.99,7194,0,0,7337,7337,1400-10-5,2021-12-26
897,اراد35,مرابحه عام دولت3-ش.خ 0103,1,100,97500000,974311,975000,975000,689,0.07,975000,689,0.07,975000,975000,1400-10-5,2021-12-26
898,هفجر102,اختيارف ت بفجر8626-01/02/11,1,75000,75000,1,1,1,0,0,1,0,0,1,1,1400-10-5,2021-12-26
899,كهربا2,صندوق س.پشتوانه سكه طلا كهربا,1,2000000,2000000,10911,1,1,-10910,-99.99,1,-10910,-99.99,1,1,1400-10-5,2021-12-26
900,ضاريان1204,اختيارخ آريان-18000-14001211,1,50,44350000,500,887,887,387,77.4,887,387,77.4,887,887,1400-10-5,2021-12-26
901,اشاد10,مشاركت دولتي10-شرايط خاص001226,1,1500,1470000000,984700,980000,980000,-4700,-0.48,980000,-4700,-0.48,980000,980000,1400-10-5,2021-12-26
902,ضملي1158,اختيارخ فملي-4500-1400/11/03,1,1,6600000,2717,3300,3300,583,21.46,3300,583,21.46,3300,3300,1400-10-5,2021-12-26
903,مي ر 48,ميان باري روز 48,1,3000,1800000,300,600,600,300,100,600,300,100,600,600,1400-10-5,2021-12-26
904,البرز4,بيمه البرز,1,122521528,221151358040,1842,1805,1805,-37,-2.01,1805,-37,-2.01,1805,1805,1400-10-5,2021-12-26
905,ضشنا1051,اختيارخ شپنا-8719-1400/10/19,1,4,7340,2,1,1,-1,-50,1,-1,-50,1,1,1400-10-5,2021-12-26
906,اراد564,مرابحه عام دولت5-ش.خ 0308,1,500000,500000000000,1010000,1000000,1000000,-10000,-0.99,1000000,-10000,-0.99,1000000,1000000,1400-10-5,2021-12-26
907,فولاد2,فولاد مباركه اصفهان,1,10000000,105800000000,10810,10580,10580,-230,-2.13,10580,-230,-2.13,10580,10580,1400-10-5,2021-12-26
908,طخود1049,اختيارف خودرو-1400-1400/10/08,1,50,50000,1,1,1,0,0,1,0,0,1,1,1400-10-5,2021-12-26
909,خفناور,مهندسي صنعتي روان فن آور,1,134,5107678,39295,38117,38117,-1178,-3,39294,-1,0,38117,38117,1400-10-5,2021-12-26
910,حاريا,كشتيراني آريا,1,350,5311950,15486,15177,15177,-309,-2,15486,0,0,15177,15177,1400-10-5,2021-12-26
911,ضفلا1166,اختيارخ فولاد-16000-1400/11/24,1,1,50000,170,50,50,-120,-70.59,50,-120,-70.59,50,50,1400-10-5,2021-12-26
912,پويا,ص.ج.پويا الگوريتم20%تاديه,1,1000,190000000,183952,190000,190000,6048,3.29,190000,6048,3.29,190000,190000,1400-10-5,2021-12-26
913,سبزوا4,سيمان لار سبزوار,1,36973190,70544846520,1994,1908,1908,-86,-4.31,1908,-86,-4.31,1908,1908,1400-10-5,2021-12-26
914,سپر2,صندوق س سپر سرمايه بيدار- ثابت,1,23000000,23000000,13430,1,1,-13429,-99.99,1,-13429,-99.99,1,1,1400-10-5,2021-12-26
915,پارند4,صندوق س. پارند پايدار سپهر,1,49000000,495488000000,10106,10112,10112,6,0.06,10112,6,0.06,10112,10112,1400-10-5,2021-12-26
916,اخزا9172,اسنادخزانه-م17بودجه99-010226,1,153917,141757557000,918490,921000,921000,2510,0.27,921000,2510,0.27,921000,921000,1400-10-5,2021-12-26
917,ضصاد1110,اختيارخ وبصادر-1400-1400/11/06,1,3,1605000,481,535,535,54,11.23,535,54,11.23,535,535,1400-10-5,2021-12-26
918,ضچاد1021,اختيارخ كچاد-24000-1400/10/05,1,1,6000000,6600,6000,6000,-600,-9.09,6000,-600,-9.09,6000,6000,1400-10-5,2021-12-26
919,ضپنا2012,اختيارخ رمپنا-12000-1401/02/07,1,1,5500000,5500,5500,5500,0,0,5500,0,0,5500,5500,1400-10-5,2021-12-26
920,جم پيلن2,پلي پروپيلن جم - جم پيلن,1,400000,48000000000,122100,120000,120000,-2100,-1.72,120000,-2100,-1.72,120000,120000,1400-10-5,2021-12-26
921,خاتم2,صندوق س خاتم ايساتيس پويا-ثابت,1,700000,700000,12537,1,1,-12536,-99.99,1,-12536,-99.99,1,1,1400-10-5,2021-12-26
922,اعتماد4,صندوق س.اعتماد آفرين پارسيان-د,1,12000000,490740000000,40872,40895,40895,23,0.06,40895,23,0.06,40895,40895,1400-10-5,2021-12-26
923,كنور2,توسعه معدني و صنعتي صبانور,1,12200000,239120000000,19170,19600,19600,430,2.24,19600,430,2.24,19600,19600,1400-10-5,2021-12-26
