,نماد,نام,تعداد,حجم,ارزش,دیروز,اولین,آخرین معامله - مقدار,آخرین معامله - تغییر,آخرین معامله - درصد,قیمت پایانی - مقدار,قیمت پایانی - تغییر,قیمت پایانی - درصد,کمترین,بیشترین,تاریخ,gregorian_date
0,پالايش,صندوق پالايشي يكم-سهام,25278,21639553,1407237240870,68010,66700,64870,-3140,-4.62,65030,-2980,-4.38,63760,67000,1400-8-9,2021-10-31
1,فسبزوار,پارس فولاد سبزوار,16292,12386004,423008717840,34580,34250,34100,-480,-1.39,34150,-430,-1.24,33110,34590,1400-8-9,2021-10-31
2,دارا يكم,صندوق واسطه گري مالي يكم-سهام,16138,7212857,734130122750,106780,104900,101200,-5580,-5.23,101780,-5000,-4.68,100500,104900,1400-8-9,2021-10-31
3,فجهان,مجتمع جهان فولاد سيرجان,15721,43798263,253116374980,5851,6000,5750,-101,-1.73,5779,-72,-1.23,5717,6000,1400-8-9,2021-10-31
4,فولاد,فولاد مباركه اصفهان,14748,140709717,1545396383920,11310,11320,10920,-390,-3.45,10980,-330,-2.92,10770,11440,1400-8-9,2021-10-31
5,توسن,توسعه سامانه ي نرم افزاري نگين,13154,7478005,98797534825,13807,13200,13550,-257,-1.86,13212,-595,-4.31,13117,13818,1400-8-9,2021-10-31
6,كيمياتك,آريان كيميا تك,11413,5224234,131708847530,25640,26000,25040,-600,-2.34,25210,-430,-1.68,24560,26080,1400-8-9,2021-10-31
7,شپنا,پالايش نفت اصفهان,11051,120799062,1222025295920,10630,10410,10100,-530,-4.99,10120,-510,-4.8,10100,10500,1400-8-9,2021-10-31
8,مديريت,س. و خدمات مديريت صند. ب كشوري,10741,13010545,117985307085,8875,8810,9132,257,2.9,9068,193,2.17,8810,9200,1400-8-9,2021-10-31
9,خودرو,ايران‌ خودرو,10628,449967168,708234983395,1650,1640,1570,-80,-4.85,1574,-76,-4.61,1568,1640,1400-8-9,2021-10-31
10,شبندر,پالايش نفت بندرعباس,9723,144840301,831470352050,6010,5880,5780,-230,-3.83,5740,-270,-4.49,5710,5950,1400-8-9,2021-10-31
11,فملي,ملي‌ صنايع‌ مس‌ ايران‌,8637,64441597,816554139550,13010,12820,12700,-310,-2.38,12670,-340,-2.61,12540,13000,1400-8-9,2021-10-31
12,خساپا,سايپا,8491,416241478,595945189407,1502,1499,1427,-75,-4.99,1432,-70,-4.66,1427,1500,1400-8-9,2021-10-31
13,لپارس,پارس‌ الكتريك‌,8380,6453204,818863049940,127060,130100,120710,-6350,-5,126890,-170,-0.13,120710,133410,1400-8-9,2021-10-31
14,تپكو,توليدتجهيزات‌سنگين‌هپكو,7648,155020393,468773272758,2951,3030,3039,88,2.98,3024,73,2.47,2952,3039,1400-8-9,2021-10-31
15,شتران,پالايش نفت تهران,6691,134360882,567518497721,4441,4320,4219,-222,-5,4224,-217,-4.89,4219,4350,1400-8-9,2021-10-31
16,امين,تامين سرمايه امين,5785,5784945,67806143130,11630,11630,11770,140,1.2,11720,90,0.77,11580,11790,1400-8-9,2021-10-31
17,نوري,پتروشيمي نوري,5515,3381710,361175666020,108230,109500,106070,-2160,-2,106800,-1430,-1.32,104500,110000,1400-8-9,2021-10-31
18,كدما,معدني‌ دماوند,5508,4432902,428292152120,99520,99530,94550,-4970,-4.99,96620,-2900,-2.91,94550,102000,1400-8-9,2021-10-31
19,كرمان,س. توسعه و عمران استان كرمان,5326,173004610,164316572491,995,968,946,-49,-4.92,950,-45,-4.52,946,985,1400-8-9,2021-10-31
20,خپارس,پارس‌ خودرو,5209,342608051,329492041854,1009,1000,959,-50,-4.96,962,-47,-4.66,959,1001,1400-8-9,2021-10-31
21,آريا,پليمر آريا ساسول,5198,1280444,134983319119,109060,109519,104012,-5048,-4.63,105419,-3641,-3.34,103700,109999,1400-8-9,2021-10-31
22,وهامون,سرمايه گذاري هامون صبا,4974,14820453,39417047691,2755,2720,2632,-123,-4.46,2660,-95,-3.45,2620,2750,1400-8-9,2021-10-31
23,صبا,سرمايه گذاري صبا تامين,4934,42172133,243044013772,6015,5997,5715,-300,-4.99,5763,-252,-4.19,5715,5997,1400-8-9,2021-10-31
24,وتجارت,بانك تجارت,4773,185231682,313330464287,1778,1711,1690,-88,-4.95,1692,-86,-4.84,1690,1732,1400-8-9,2021-10-31
25,خگستر,گسترش‌سرمايه‌گذاري‌ايران‌خودرو,4583,189329798,349739776069,1937,1900,1842,-95,-4.9,1847,-90,-4.65,1841,1940,1400-8-9,2021-10-31
26,بوعلي,پتروشيمي بوعلي سينا,4500,2610977,184096385360,71450,72130,69480,-1970,-2.76,70510,-940,-1.32,68000,72990,1400-8-9,2021-10-31
27,ومدير,گ.مديريت ارزش سرمايه ص ب كشوري,4273,28278966,117034523913,4334,4236,4120,-214,-4.94,4139,-195,-4.5,4118,4328,1400-8-9,2021-10-31
28,كمند,صندوق س. با درآمد ثابت كمند,4246,139406325,1412567093131,10127,10133,10132,5,0.05,10133,6,0.06,10132,10134,1400-8-9,2021-10-31
29,كيان,صندوق س. با درآمد ثابت كيان,4244,44576287,1396219267700,31305,31322,31320,15,0.05,31322,17,0.05,31320,31326,1400-8-9,2021-10-31
30,سرو,صندوق س سروسودمند مدبران-سهام,3845,4273919,291336946480,71500,70990,67450,-4050,-5.66,68170,-3330,-4.66,67130,71090,1400-8-9,2021-10-31
31,سپيدار,سپيدار سيستم آسيا,3809,2546286,41623513111,17159,16410,16302,-857,-4.99,16347,-812,-4.73,16302,17200,1400-8-9,2021-10-31
32,سمايه,بانك سرمايه,3558,21667201,122363739370,5634,5785,5700,66,1.17,5647,13,0.23,5465,5803,1400-8-9,2021-10-31
33,وسپهر,سرمايه گذاري مالي سپهرصادرات,3541,20380585,143861832584,7066,7066,7066,0,0,7059,-7,-0.1,6714,7068,1400-8-9,2021-10-31
34,ذوب,سهامي ذوب آهن  اصفهان,3405,90830099,319883515890,3692,3630,3522,-170,-4.6,3522,-170,-4.6,3508,3680,1400-8-9,2021-10-31
35,ولپارس,ليزينگ پارسيان,3370,14291411,55017278232,3882,3769,3831,-51,-1.31,3850,-32,-0.82,3700,3935,1400-8-9,2021-10-31
36,وخارزم,سرمايه گذاري خوارزمي,3341,72020787,273889474020,3980,3899,3829,-151,-3.79,3803,-177,-4.45,3781,3970,1400-8-9,2021-10-31
37,شگويا,پتروشيمي تندگويان,3276,16771691,170614515847,10637,10639,10108,-529,-4.97,10173,-464,-4.36,10106,10770,1400-8-9,2021-10-31
38,غكورش,صنعت غذايي كورش,3255,4697422,194925296030,43530,42670,41380,-2150,-4.94,41500,-2030,-4.66,41360,43410,1400-8-9,2021-10-31
39,وبصادر,بانك صادرات ايران,3185,121241680,200721786158,1739,1703,1653,-86,-4.95,1656,-83,-4.77,1653,1717,1400-8-9,2021-10-31
40,اعتماد,صندوق س.اعتماد آفرين پارسيان-د,3076,42384020,1681417070460,39648,39668,39673,25,0.06,39671,23,0.06,39668,39673,1400-8-9,2021-10-31
41,وپارس,بانك‌پارسيان‌,3067,242677062,488683197071,2104,2104,1999,-105,-4.99,2014,-90,-4.28,1999,2110,1400-8-9,2021-10-31
42,پترول,گ.س.وت.ص.پتروشيمي خليج فارس,3045,48708068,140001420980,3016,2963,2870,-146,-4.84,2874,-142,-4.71,2866,3000,1400-8-9,2021-10-31
43,چخزر,صنايع چوب خزر كاسپين,2961,604645,16061263828,27455,27850,26302,-1153,-4.2,26563,-892,-3.25,26242,27850,1400-8-9,2021-10-31
44,وكبهمن,مديريت سرمايه گذاري كوثربهمن,2930,1609124,15651104687,10084,9951,9642,-442,-4.38,9726,-358,-3.55,9580,10090,1400-8-9,2021-10-31
45,امين يكم,صندوق درآمد ثابت امين يكم فردا,2918,74027591,743356056692,10037,10044,10042,5,0.05,10042,5,0.05,10039,10047,1400-8-9,2021-10-31
46,ثبهساز,بهساز كاشانه تهران,2912,36907368,59080318298,1680,1605,1596,-84,-5,1601,-79,-4.7,1596,1680,1400-8-9,2021-10-31
47,وغدير,سرمايه‌گذاري‌غدير(هلدينگ‌,2864,28417963,404931640510,14910,14530,14190,-720,-4.83,14250,-660,-4.43,14170,14890,1400-8-9,2021-10-31
48,لطيف,محصولات كاغذي لطيف,2855,1210444,43630502639,37892,38200,35998,-1894,-5,36045,-1847,-4.87,35998,38200,1400-8-9,2021-10-31
49,غزر,صنعتي زر ماكارون,2843,3293380,33676046790,10650,10980,10120,-530,-4.98,10230,-420,-3.94,10120,10980,1400-8-9,2021-10-31
50,شپلي,پلي اكريل ايران,2819,29104454,229013489758,7871,8107,8015,144,1.83,7869,-2,-0.03,7635,8107,1400-8-9,2021-10-31
51,سيتا,سرمايه گذاري سيمان تامين,2700,7582126,70190844510,9340,9240,9260,-80,-0.86,9260,-80,-0.86,9100,9340,1400-8-9,2021-10-31
52,بپيوند,برق و انرژي پيوندگستر پارس,2700,2675939,24123027618,9397,9123,8931,-466,-4.96,9015,-382,-4.07,8928,9230,1400-8-9,2021-10-31
53,فتوسا,توليد و توسعه سرب روي ايرانيان,2610,1937702,20720802130,11026,11026,10475,-551,-5,10693,-333,-3.02,10475,11200,1400-8-9,2021-10-31
54,كاما,باما,2593,23893762,185729356500,8150,7900,7750,-400,-4.91,7770,-380,-4.66,7750,8000,1400-8-9,2021-10-31
55,كزغال,زغال سنگ پروده طبس,2556,2141891,65122833661,31887,31000,30294,-1593,-5,30404,-1483,-4.65,30293,31450,1400-8-9,2021-10-31
56,فخوز,فولاد  خوزستان,2543,15252884,233843490000,15990,15680,15400,-590,-3.69,15330,-660,-4.13,15200,15990,1400-8-9,2021-10-31
57,كاوه,فولاد كاوه جنوب كيش,2520,14991877,217476978310,15170,15260,14460,-710,-4.68,14510,-660,-4.35,14420,15480,1400-8-9,2021-10-31
58,بترانس,ايران‌ ترانسفو,2469,74440247,146697260425,2071,2020,1968,-103,-4.97,1971,-100,-4.83,1968,2049,1400-8-9,2021-10-31
59,شپديس,پتروشيمي پرديس,2367,2526253,416786583100,172820,166500,164200,-8620,-4.99,164980,-7840,-4.54,164180,170900,1400-8-9,2021-10-31
60,خبهمن,گروه‌بهمن‌,2360,186862115,285258092136,1602,1532,1522,-80,-4.99,1527,-75,-4.68,1522,1580,1400-8-9,2021-10-31
61,شاروم,پتروشيمي اروميه,2289,3667889,46787555476,13400,13100,12730,-670,-5,12756,-644,-4.81,12730,13105,1400-8-9,2021-10-31
62,ثاميد,توسعه و عمران اميد,2268,32186622,43141156987,1408,1390,1339,-69,-4.9,1340,-68,-4.83,1338,1390,1400-8-9,2021-10-31
63,آبادا,توليد نيروي برق آبادان,2234,2139886,31337732450,15080,15080,14330,-750,-4.97,14640,-440,-2.92,14330,15100,1400-8-9,2021-10-31
64,وكار,بانك‌ كارآفرين‌,2149,76644487,232663076212,3023,3070,2944,-79,-2.61,3036,13,0.43,2890,3095,1400-8-9,2021-10-31
65,بگيلان,توسعه مسير برق گيلان,2115,857884,12374708182,15137,14565,14381,-756,-4.99,14782,-355,-2.35,14381,14690,1400-8-9,2021-10-31
66,ومعادن,توسعه‌معادن‌وفلزات‌,2107,20951582,204297978800,10170,10050,9690,-480,-4.72,9750,-420,-4.13,9670,10220,1400-8-9,2021-10-31
67,زملارد,كشاورزي و دامپروري ملارد شير,2094,1042142,19953076146,20098,19562,19094,-1004,-5,19146,-952,-4.74,19094,19900,1400-8-9,2021-10-31
68,اپال,فرآوري معدني اپال كاني پارس,2082,2670190,55360661900,20610,20610,20680,70,0.34,20670,60,0.29,20380,21000,1400-8-9,2021-10-31
69,وحكمت,بيمه حكمت صبا,2079,27283201,108524543603,4035,4220,3834,-201,-4.98,3978,-57,-1.41,3834,4220,1400-8-9,2021-10-31
70,شاراك,پتروشيمي شازند,2025,7753521,338005806400,45720,45000,43440,-2280,-4.99,43590,-2130,-4.66,43440,45500,1400-8-9,2021-10-31
71,آگاس,صندوق س.هستي بخش آگاه-س,1988,1440394,111128070361,79877,78900,76200,-3677,-4.6,77151,-2726,-3.41,75610,80000,1400-8-9,2021-10-31
72,چكاپا,گروه صنايع كاغذ پارس,1960,41423145,111906431309,2836,2775,2695,-141,-4.97,2702,-134,-4.72,2695,2835,1400-8-9,2021-10-31
73,اتكاي,بيمه اتكايي ايرانيان,1924,69500237,679595309214,10270,10350,9757,-513,-5,9778,-492,-4.79,9757,10350,1400-8-9,2021-10-31
74,فاراك,ماشين‌ سازي‌ اراك‌,1918,72325626,102066028704,1474,1452,1432,-42,-2.85,1411,-63,-4.27,1401,1453,1400-8-9,2021-10-31
75,حكشتي,كشتيراني جمهوري اسلامي ايران,1902,12044721,146263262740,12740,12540,12110,-630,-4.95,12140,-600,-4.71,12110,12590,1400-8-9,2021-10-31
76,وسكرشا,س.سهام عدالت استان كرمانشاه,1899,103434994,43276382986,427,412,419,-8,-1.87,418,-9,-2.11,412,425,1400-8-9,2021-10-31
77,زدشت,كشت و صنعت دشت خرم دره,1859,5693510,78347734470,13519,14194,13300,-219,-1.62,13761,242,1.79,13030,14194,1400-8-9,2021-10-31
78,خزاميا,زامياد,1843,26007977,145351667310,5790,5800,5580,-210,-3.63,5590,-200,-3.45,5510,5940,1400-8-9,2021-10-31
79,شسپا,نفت سپاهان,1832,39472889,123545321548,3271,3225,3117,-154,-4.71,3130,-141,-4.31,3108,3240,1400-8-9,2021-10-31
80,وسكرمان,س.سهام عدالت استان كرمان,1820,177783565,72773120662,429,420,410,-19,-4.43,409,-20,-4.66,408,420,1400-8-9,2021-10-31
81,غصينو,صنعتي مينو,1788,10811210,180538931871,16021,16500,16822,801,5,16699,678,4.23,16300,16822,1400-8-9,2021-10-31
82,شبريز,پالايش نفت تبريز,1781,7264713,230710100750,33390,32230,31740,-1650,-4.94,31760,-1630,-4.88,31730,32900,1400-8-9,2021-10-31
83,غويتا,ويتانا,1763,17677212,91580937122,4964,5100,5212,248,5,5181,217,4.37,5010,5212,1400-8-9,2021-10-31
84,رافزا,رايان هم افزا,1730,318542,17733784995,58237,55560,55326,-2911,-5,55672,-2565,-4.4,55326,58040,1400-8-9,2021-10-31
85,ملت,بيمه ملت,1693,84732162,92829803554,1140,1103,1097,-43,-3.77,1096,-44,-3.86,1083,1150,1400-8-9,2021-10-31
86,هرمز,فولاد هرمزگان جنوب,1690,12374586,204294119154,17346,16890,16479,-867,-5,16509,-837,-4.83,16479,17000,1400-8-9,2021-10-31
87,تاپيكو,س. نفت و گاز و پتروشيمي تأمين,1637,17297181,223234247230,13460,13400,12820,-640,-4.75,12910,-550,-4.09,12790,13400,1400-8-9,2021-10-31
88,فاذر,صنايع‌ آذرآب‌,1571,52633713,45482109186,905,900,860,-45,-4.97,864,-41,-4.53,860,900,1400-8-9,2021-10-31
89,شصدف,صنعتي دوده فام,1566,4796080,135814105745,29779,28293,28291,-1488,-5,28318,-1461,-4.91,28291,29500,1400-8-9,2021-10-31
90,ثنوسا,نوسازي‌وساختمان‌تهران‌,1561,24703065,134386225470,5700,5500,5420,-280,-4.91,5440,-260,-4.56,5420,5630,1400-8-9,2021-10-31
91,حسير,ريل سير كوثر,1543,3510213,128344218378,35297,35310,36480,1183,3.35,36563,1266,3.59,35299,37061,1400-8-9,2021-10-31
92,ويسا,سرمايه گذاري ايساتيس پويا,1540,7276390,52555325487,7119,7330,7332,213,2.99,7223,104,1.46,7000,7332,1400-8-9,2021-10-31
93,فجر,فولاد اميركبيركاشان,1525,6106320,143596255080,24450,24000,23350,-1100,-4.5,23520,-930,-3.8,23230,24210,1400-8-9,2021-10-31
94,ودي,بيمه  دي,1506,21981086,120127656247,5292,5430,5556,264,4.99,5465,173,3.27,5050,5556,1400-8-9,2021-10-31
95,ونوين,بانك‌اقتصادنوين‌,1504,55262234,165508145791,3145,3090,3010,-135,-4.29,2995,-150,-4.77,2988,3130,1400-8-9,2021-10-31
96,غفارس,شير پاستوريزه پگاه فارس,1503,9694784,66541645414,6719,6889,6750,31,0.46,6864,145,2.16,6500,7054,1400-8-9,2021-10-31
97,ثرود,سرمايه‌گذاري مسكن زاينده رود,1465,8603635,76074696088,8473,8796,8893,420,4.96,8842,369,4.36,8499,8896,1400-8-9,2021-10-31
98,فاسمين,كالسيمين‌,1462,13156039,215645827340,17220,17000,16410,-810,-4.7,16390,-830,-4.82,16360,17000,1400-8-9,2021-10-31
99,كچاد,معدني‌وصنعتي‌چادرملو,1455,5837989,160602328040,28250,28490,27240,-1010,-3.58,27510,-740,-2.62,27010,28490,1400-8-9,2021-10-31
100,ولقمان,سرمايه گذاري لقمان,1432,6460702,28194934067,4407,4329,4275,-132,-3,4364,-43,-0.98,4275,4528,1400-8-9,2021-10-31
101,سغرب,سيمان‌غرب‌,1422,5432133,94073636740,17140,17990,16690,-450,-2.63,17320,180,1.05,16370,17990,1400-8-9,2021-10-31
102,سيمرغ,سيمرغ,1419,12143031,243910104230,21090,20400,20340,-750,-3.56,20090,-1000,-4.74,20040,20970,1400-8-9,2021-10-31
103,حگردش,ريل گردش ايرانيان,1417,30356346,108516375740,3628,3600,3520,-108,-2.98,3575,-53,-1.46,3520,3728,1400-8-9,2021-10-31
104,ضخود1052,اختيارخ خودرو-2000-1400/10/08,1387,68175,2091736000,55,50,27,-28,-50.91,31,-24,-43.64,24,50,1400-8-9,2021-10-31
105,شيران,س. صنايع‌شيميايي‌ايران,1382,6110034,121984218800,20320,19980,20290,-30,-0.15,19960,-360,-1.77,19620,20300,1400-8-9,2021-10-31
106,ولكار,ليزينگ كارآفرين,1343,1771830,7340363215,4333,4200,4117,-216,-4.98,4235,-98,-2.26,4117,4300,1400-8-9,2021-10-31
107,غسالم,سالمين‌,1334,20754766,51753496135,2584,2502,2616,32,1.24,2494,-90,-3.48,2455,2670,1400-8-9,2021-10-31
108,اخابر,مخابرات ايران,1325,25958815,177888551450,7190,7010,6860,-330,-4.59,6850,-340,-4.73,6840,7100,1400-8-9,2021-10-31
109,كوير,توليدي فولاد سپيد فراب كوير,1323,15432841,201399398530,13630,13980,12950,-680,-4.99,13050,-580,-4.26,12950,13980,1400-8-9,2021-10-31
110,كسرام,پارس‌ سرام‌,1283,12515355,48724169136,3807,3997,3700,-107,-2.81,3893,86,2.26,3664,3997,1400-8-9,2021-10-31
111,غگلستا,شير پاستوريزه پگاه گلستان,1264,6572643,77296652239,11256,11450,11818,562,4.99,11760,504,4.48,10700,11818,1400-8-9,2021-10-31
112,ولساپا,ليزينگ رايان‌ سايپا,1261,27645620,65777751180,2477,2470,2419,-58,-2.34,2379,-98,-3.96,2354,2500,1400-8-9,2021-10-31
113,شغدير,پتروشيمي غدير,1257,1270129,116474129210,96250,95240,91440,-4810,-5,91700,-4550,-4.73,91440,95240,1400-8-9,2021-10-31
114,حشكوه,دليجان طلايي شكوه پارس,1246,50340240,152530646632,3010,3100,2920,-90,-2.99,3030,20,0.66,2920,3100,1400-8-9,2021-10-31
115,وصنعت,سرمايه گذاري توسعه صنعت وتجارت,1244,15483446,97251059150,6590,6560,6380,-210,-3.19,6280,-310,-4.7,6270,6560,1400-8-9,2021-10-31
116,ماديرا,صنايع ماديران,1220,21648781,134972265094,6550,6500,6223,-327,-4.99,6235,-315,-4.81,6223,6500,1400-8-9,2021-10-31
117,غگل,گلوكوزان‌,1204,17314725,54412711341,3235,3236,3074,-161,-4.98,3143,-92,-2.84,3074,3300,1400-8-9,2021-10-31
118,كگل,معدني و صنعتي گل گهر,1171,6450304,141798068450,22450,22230,21930,-520,-2.32,21980,-470,-2.09,21550,22530,1400-8-9,2021-10-31
119,خبنيان,بنيان ديزل,1164,83141,13664172868,169125,169125,164052,-5073,-3,164349,-4776,-2.82,164052,169125,1400-8-9,2021-10-31
120,فروس,فروسيليس‌ ايران‌,1150,13758407,101277150500,7790,7470,7590,-200,-2.57,7360,-430,-5.52,7100,7630,1400-8-9,2021-10-31
121,سپيدما,صندوق س. سپيد دماوند-د,1144,56646768,639875464830,11291,11295,11295,4,0.04,11296,5,0.04,11295,11301,1400-8-9,2021-10-31
122,پارس,پتروشيمي پارس,1135,477183,87383392680,185630,189000,179990,-5640,-3.04,183400,-2230,-1.2,177500,189000,1400-8-9,2021-10-31
123,كتوكا,توليدي و خدمات صنايع نسوز توكا,1134,4897043,64566547384,13676,13996,13676,0,0,13185,-491,-3.59,12993,14100,1400-8-9,2021-10-31
124,فباهنر,مس‌ شهيدباهنر,1132,3566252,88290618460,26010,25770,24800,-1210,-4.65,24760,-1250,-4.81,24710,26490,1400-8-9,2021-10-31
125,فزرين,زرين معدن آسيا,1131,7223037,94104806843,13555,12886,12878,-677,-4.99,13028,-527,-3.89,12878,14000,1400-8-9,2021-10-31
126,وبانك,سرمايه گذاري گروه توسعه ملي,1129,11972883,95088877870,8250,8130,7850,-400,-4.85,7940,-310,-3.76,7840,8200,1400-8-9,2021-10-31
127,ثاخت,بين‌المللي‌توسعه‌ساختمان,1115,40424509,72601811711,1886,1829,1794,-92,-4.88,1796,-90,-4.77,1792,1870,1400-8-9,2021-10-31
128,تسه0007,امتيازتسهيلات مسكن مهر1400,1101,26785,18730403135,687442,690111,677797,-9645,-1.4,699287,11845,1.72,660009,720000,1400-8-9,2021-10-31
129,هاي وب,داده گسترعصرنوين-هاي وب,1086,11378243,93714266780,8600,8490,8170,-430,-5,8240,-360,-4.19,8170,8490,1400-8-9,2021-10-31
130,زاگرس,پتروشيمي زاگرس,1085,347159,95125265277,287695,276800,273311,-14384,-5,274011,-13684,-4.76,273311,279000,1400-8-9,2021-10-31
131,فگستر,گسترش صنايع روي ايرانيان,1083,1731665,16937218308,10169,10000,9661,-508,-5,9781,-388,-3.82,9661,10200,1400-8-9,2021-10-31
132,پارسان,گسترش نفت و گاز پارسيان,1080,7915466,246510713850,32720,32000,31100,-1620,-4.95,31140,-1580,-4.83,31090,32000,1400-8-9,2021-10-31
133,اطلس,صندوق س.توسعه اندوخته آينده-س,1077,332012,78806761537,244244,242120,235699,-8545,-3.5,237361,-6883,-2.82,235501,243000,1400-8-9,2021-10-31
134,پارند,صندوق س. پارند پايدار سپهر,1076,28948720,293382529835,10128,10135,10135,7,0.07,10135,7,0.07,10134,10135,1400-8-9,2021-10-31
135,وملي,گروه‌ صنعتي‌ ملي‌ (هلدينگ‌,1074,396236,71867628900,187720,190500,178340,-9380,-5,181380,-6340,-3.38,178340,190500,1400-8-9,2021-10-31
136,وثنو,سرمايه گذاري ساختماني نوين,1060,17254335,91565206516,5180,5330,5180,0,0,5307,127,2.45,5086,5335,1400-8-9,2021-10-31
137,اپرداز,آتيه داده پرداز,1056,1544922,33176168078,21647,21618,21700,53,0.24,21474,-173,-0.8,20565,21930,1400-8-9,2021-10-31
138,شبهرن,نفت‌ بهران‌,1038,4634750,52413986650,11590,11260,11030,-560,-4.83,11320,-270,-2.33,11020,11570,1400-8-9,2021-10-31
139,فروي,ذوب روي اصفهان,1034,2794886,62537321474,23542,22365,22365,-1177,-5,22376,-1166,-4.95,22365,22820,1400-8-9,2021-10-31
140,كماسه,تامين‌ ماسه‌ ريخته‌گري‌,1005,17144494,89369044090,5440,5300,5170,-270,-4.96,5210,-230,-4.23,5170,5400,1400-8-9,2021-10-31
141,خاهن,آهنگري‌ تراكتورسازي‌ ايران‌,1001,45124929,244097877680,5450,5410,5390,-60,-1.1,5410,-40,-0.73,5300,5720,1400-8-9,2021-10-31
142,كحافظح,ح . كاشي‌ وسراميك‌ حافظ‌,991,18381316,35383629329,2022,1950,1900,-122,-6.03,1925,-97,-4.8,1890,1991,1400-8-9,2021-10-31
143,قيستو,شركت قند بيستون,982,3195928,82464489282,25985,26400,24686,-1299,-5,25803,-182,-0.7,24686,27284,1400-8-9,2021-10-31
144,افران,صندوق س افرا نماد پايدار-ثابت,979,15713423,229794603638,14616,14624,14624,8,0.05,14624,8,0.05,14623,14627,1400-8-9,2021-10-31
145,ثپرديس,سرمايه گذاري مسكن پرديس,971,7606005,37450440438,4880,4891,4911,31,0.64,4924,44,0.9,4680,5119,1400-8-9,2021-10-31
146,تسه0006,امتيازتسهيلات مسكن شهريور1400,966,90319,61396569917,680333,690000,675000,-5333,-0.78,679775,-558,-0.08,662000,713999,1400-8-9,2021-10-31
147,تملت,تامين سرمايه بانك ملت,965,8503609,28034964248,3452,3400,3280,-172,-4.98,3297,-155,-4.49,3280,3438,1400-8-9,2021-10-31
148,ثتران,سرمايه گذاري مسكن تهران,956,14489757,63469016319,4541,4610,4314,-227,-5,4380,-161,-3.55,4314,4623,1400-8-9,2021-10-31
149,كمرجان,بازرگاني و توليدي مرجان كار,946,916433,57207261797,64283,66200,61069,-3214,-5,62424,-1859,-2.89,61069,66243,1400-8-9,2021-10-31
150,وساپا,سرمايه‌گذاري‌ سايپا,945,16110228,61073135020,3968,3940,3780,-188,-4.74,3791,-177,-4.46,3770,3940,1400-8-9,2021-10-31
151,ياقوت,صندوق س ياقوت آگاه-ثابت,935,13887555,187307770277,13469,13488,13488,19,0.14,13487,18,0.13,13473,13488,1400-8-9,2021-10-31
152,طلا,صندوق س.پشتوانه طلاي لوتوس,931,2020491,165764232240,82835,82900,81910,-925,-1.12,82042,-793,-0.96,81520,82900,1400-8-9,2021-10-31
153,وپويا,سرمايه گذاري پويا,926,4231290,16027892588,3966,3830,3768,-198,-4.99,3788,-178,-4.49,3768,3966,1400-8-9,2021-10-31
154,گكوثر,هتل پارسيان كوثر اصفهان,894,23953230,43980621275,1839,1857,1840,1,0.05,1836,-3,-0.16,1800,1900,1400-8-9,2021-10-31
155,شتوكا,توكا رنگ فولاد سپاهان,890,2766372,84459542869,30141,31000,29880,-261,-0.87,30531,390,1.29,28634,31158,1400-8-9,2021-10-31
156,بكهنوج,توليد برق ماهتاب كهنوج,883,22416309,22256745041,1038,1013,987,-51,-4.91,993,-45,-4.34,987,1049,1400-8-9,2021-10-31
157,دتوزيع,توزيع دارو پخش,883,3215118,84148110104,27490,26502,26116,-1374,-5,26173,-1317,-4.79,26116,27550,1400-8-9,2021-10-31
158,پتاير,ايران‌ تاير,881,23474298,45711905340,2043,2000,1941,-102,-4.99,1947,-96,-4.7,1941,2000,1400-8-9,2021-10-31
159,وسكرد,شركت س استان كردستان,881,62034793,25234818936,425,408,407,-18,-4.24,407,-18,-4.24,404,412,1400-8-9,2021-10-31
160,بجهرم,توسعه مولد نيروگاهي جهرم,881,14916620,29015855530,2037,1991,1936,-101,-4.96,1945,-92,-4.52,1936,1999,1400-8-9,2021-10-31
161,كوثر,بيمه كوثر,878,15189975,156292715185,10524,10550,9998,-526,-5,10289,-235,-2.23,9998,10990,1400-8-9,2021-10-31
162,خراسان,پتروشيمي خراسان,876,1681424,163676272990,102440,98300,97360,-5080,-4.96,97340,-5100,-4.98,97320,100000,1400-8-9,2021-10-31
163,شخارك,پتروشيمي‌ خارك‌,865,1659036,89069491720,56460,53640,53640,-2820,-4.99,53730,-2730,-4.84,53640,56300,1400-8-9,2021-10-31
164,شبصير,توليدات پتروشيمي قائد بصير,864,1349180,135169057475,105003,101346,99754,-5249,-5,100186,-4817,-4.59,99753,104998,1400-8-9,2021-10-31
165,ساوه,سيمان ساوه,859,579670,26350261940,47690,46357,45306,-2384,-5,45457,-2233,-4.68,45306,46798,1400-8-9,2021-10-31
166,گدنا,تهيه توزيع غذاي دنا آفرين فدك,855,725518,10668856939,15392,15325,14623,-769,-5,14899,-493,-3.2,14623,15325,1400-8-9,2021-10-31
167,دسانكو,داروسازي سبحان انكولوژي,848,5108787,68899319697,13720,13730,13035,-685,-4.99,13486,-234,-1.71,13034,14098,1400-8-9,2021-10-31
168,بشهاب,لامپ‌  پارس‌ شهاب‌,831,537000,67914653960,129360,129360,127730,-1630,-1.26,126470,-2890,-2.23,122900,135000,1400-8-9,2021-10-31
169,زكوثر,سرمايه گذاري كشاورزي كوثر,820,3701609,55272444230,15680,15410,14900,-780,-4.97,14930,-750,-4.78,14900,15410,1400-8-9,2021-10-31
170,وتوكا,سرمايه‌گذاري‌توكافولاد(هلدينگ,815,20390954,155295136300,8010,7810,7660,-350,-4.37,7620,-390,-4.87,7610,8000,1400-8-9,2021-10-31
171,قنيشا,قند  نيشابور,810,1393042,52612724760,38460,40300,38600,140,0.36,37770,-690,-1.79,36540,40300,1400-8-9,2021-10-31
172,غشهداب,كشت و صنعت شهداب ناب خراسان,804,22310157,54307667258,2558,2500,2450,-108,-4.22,2434,-124,-4.85,2431,2501,1400-8-9,2021-10-31
173,ونيكي,سرمايه‌گذاري‌ ملي‌ايران‌,804,6457676,62897096870,10200,10240,9690,-510,-5,9780,-420,-4.12,9690,10240,1400-8-9,2021-10-31
174,نوين,بيمه نوين,801,14697407,57940154419,4104,3899,3899,-205,-5,3942,-162,-3.95,3899,4221,1400-8-9,2021-10-31
175,فلوله,لوله‌وماشين‌سازي‌ايران‌,800,30991641,29559069276,999,961,950,-49,-4.9,954,-45,-4.5,950,1002,1400-8-9,2021-10-31
176,ميدكو,توسعه معادن وص.معدني خاورميانه,799,1265236,58353462910,46960,46900,45190,-1770,-3.77,46540,-420,-0.89,44970,46990,1400-8-9,2021-10-31
177,كرازي,كارخانجات‌توليدي‌شيشه‌رازي‌,797,28502973,36157666748,1330,1299,1264,-66,-4.96,1269,-61,-4.59,1264,1329,1400-8-9,2021-10-31
178,شزنگ,تجهيزنيروي‌زنگان‌,788,617582,68436856768,110590,111864,113907,3317,3,110814,224,0.2,107273,113907,1400-8-9,2021-10-31
179,رمپنا,گروه مپنا (سهامي عام),775,14152378,197730775830,14690,14020,13960,-730,-4.97,13970,-720,-4.9,13960,14450,1400-8-9,2021-10-31
180,حآسا,آسيا سير ارس,771,3656048,49391499971,14171,14089,13463,-708,-5,13510,-661,-4.66,13463,14089,1400-8-9,2021-10-31
181,حآفرين,ريل پرداز نو آفرين,767,12173297,61415944011,5186,5200,4927,-259,-4.99,5045,-141,-2.72,4927,5345,1400-8-9,2021-10-31
182,حبندر,دريايي و کشتيراني خط دريابندر,750,4333937,133723222935,32235,30624,30624,-1611,-5,30855,-1380,-4.28,30624,33479,1400-8-9,2021-10-31
183,واميد,گروه مديريت سرمايه گذاري اميد,746,10580302,132381210630,12520,12530,12590,70,0.56,12510,-10,-0.08,12100,12770,1400-8-9,2021-10-31
184,كسرا,سراميك‌هاي‌صنعتي‌اردكان‌,746,4005388,56196196900,14230,14650,13520,-710,-4.99,14030,-200,-1.41,13520,14780,1400-8-9,2021-10-31
185,كروي,توسعه‌ معادن‌ روي‌ ايران‌,744,3328781,74322150050,23470,22720,22320,-1150,-4.9,22330,-1140,-4.86,22300,23480,1400-8-9,2021-10-31
186,ستران,سيمان‌ تهران‌,740,6247621,114908304310,19330,19390,18580,-750,-3.88,18390,-940,-4.86,18370,19390,1400-8-9,2021-10-31
187,ثشاهد,سرمايه‌ گذاري‌ شاهد,735,3958996,46826722270,12270,12310,11660,-610,-4.97,11830,-440,-3.59,11660,12310,1400-8-9,2021-10-31
188,تاصيكو,سرمايه گذاري صدرتامين,725,7606184,68362331500,9360,9190,8930,-430,-4.59,9130,-230,-2.46,8900,9250,1400-8-9,2021-10-31
189,وهور,مديريت انرژي اميد  تابان هور,725,22140610,28383377554,1296,1275,1299,3,0.23,1284,-12,-0.93,1240,1309,1400-8-9,2021-10-31
190,وتوصا,گروه س توسعه صنعتي ايران,708,6024993,51812796150,8800,8520,8410,-390,-4.43,8600,-200,-2.27,8360,8910,1400-8-9,2021-10-31
191,بركت,گروه دارويي بركت,707,2849918,61216238640,22610,21480,21480,-1130,-5,21510,-1100,-4.87,21480,21480,1400-8-9,2021-10-31
192,شيراز,پتروشيمي‌شيراز,705,2153397,160782842170,78490,75020,74580,-3910,-4.98,74660,-3830,-4.88,74570,76200,1400-8-9,2021-10-31
193,آريان,سرمايه گذاري پارس آريان,696,17191848,288059465818,17270,16763,16752,-518,-3,16756,-514,-2.98,16752,17117,1400-8-9,2021-10-31
194,دلر,داروسازي‌ اكسير,694,2698111,110906131270,43090,40940,40940,-2150,-4.99,41110,-1980,-4.6,40940,42500,1400-8-9,2021-10-31
195,وسبحان,سرمايه گذاري سبحان,693,31153506,80753207175,2717,2670,2610,-107,-3.94,2592,-125,-4.6,2582,2685,1400-8-9,2021-10-31
196,قشكر,شكرشاهرود,693,18906287,54706260134,2976,3000,2836,-140,-4.7,2894,-82,-2.76,2828,3110,1400-8-9,2021-10-31
197,ضخود1049,اختيارخ خودرو-1400-1400/10/08,691,25785,8342647000,396,380,320,-76,-19.19,324,-72,-18.18,311,380,1400-8-9,2021-10-31
198,كنور,توسعه معدني و صنعتي صبانور,686,4560075,81721315260,18780,18500,17850,-930,-4.95,18010,-770,-4.1,17850,18880,1400-8-9,2021-10-31
199,همراه,شركت ارتباطات سيار ايران,684,4162554,33893168400,8430,8230,8130,-300,-3.56,8350,-80,-0.95,8040,8360,1400-8-9,2021-10-31
200,خكمك,كمك‌فنرايندامين‌,682,1978624,40161791820,20110,20000,20110,0,0,20300,190,0.94,19350,21000,1400-8-9,2021-10-31
201,وسپه,سرمايه‌گذاري‌ سپه‌,682,14175187,107921924240,7970,7820,7580,-390,-4.89,7610,-360,-4.52,7580,7980,1400-8-9,2021-10-31
202,شرنگي,شيميايي رنگين,679,325932,53783322659,160333,165142,165142,4809,3,165014,4681,2.92,160500,165142,1400-8-9,2021-10-31
203,سبهان,سيمان‌ بهبهان‌,675,1155562,50281501700,45720,44990,44800,-920,-2.01,43510,-2210,-4.83,43440,44990,1400-8-9,2021-10-31
204,وپاسار,بانك  پاسارگاد,668,8875472,115812073810,13640,13400,13000,-640,-4.69,13050,-590,-4.33,12960,13400,1400-8-9,2021-10-31
205,هماي,صندوق س هماي آگاه-ثابت,668,8930069,89814412866,10051,10057,10058,7,0.07,10058,7,0.07,10048,10058,1400-8-9,2021-10-31
206,لازما,كارخانه هاي صنعتي آزمايش,666,2133828,56113318434,27377,27377,26367,-1010,-3.69,26297,-1080,-3.94,26009,27985,1400-8-9,2021-10-31
207,سفارس,سيمان فارس و خوزستان,663,4656009,73777423200,16630,16480,15800,-830,-4.99,15850,-780,-4.69,15800,16480,1400-8-9,2021-10-31
208,كرماشا,صنايع پتروشيمي كرمانشاه,659,4848799,221420319860,47980,46650,45880,-2100,-4.38,45660,-2320,-4.84,45590,47900,1400-8-9,2021-10-31
209,شلرد,كود شيميايي اوره لردگان,656,3394381,31784629421,9651,9362,9362,-289,-2.99,9380,-271,-2.81,9362,9580,1400-8-9,2021-10-31
210,سرچشمه,سرمايه گذاري مس سرچشمه,655,5364541,27172801166,5102,5130,4970,-132,-2.59,5065,-37,-0.73,4930,5320,1400-8-9,2021-10-31
211,سحرخيز,صندوق س. گروه زعفران سحرخيز,652,2399947,30424240475,12491,12390,12470,-21,-0.17,12677,186,1.49,12240,13149,1400-8-9,2021-10-31
212,البرز,بيمه البرز,644,20914372,43608762454,2186,2081,2077,-109,-4.99,2085,-101,-4.62,2077,2230,1400-8-9,2021-10-31
213,وپست,پست بانك ايران,643,3563244,73496667260,20860,20860,20860,0,0,20630,-230,-1.1,19920,20900,1400-8-9,2021-10-31
214,وثخوز,سرمايه گذاري و توسعه خوزستان,638,1533178,45172077699,28168,27330,29576,1408,5,29463,1295,4.6,26991,29576,1400-8-9,2021-10-31
215,فسپا,گروه‌صنعتي‌سپاهان‌,637,2649612,45314278230,17880,17650,17170,-710,-3.97,17100,-780,-4.36,16990,17870,1400-8-9,2021-10-31
216,شفا,سرمايه گذاري شفادارو,636,1204735,46338302620,39270,40600,37310,-1960,-4.99,38460,-810,-2.06,37310,41000,1400-8-9,2021-10-31
217,داسوه,داروسازي‌ اسوه‌,628,708998,15847474570,21770,20820,22850,1080,4.96,22350,580,2.66,20820,22850,1400-8-9,2021-10-31
218,كلوند,كاشي‌ الوند,624,2156147,44407371100,21230,20770,21200,-30,-0.14,20600,-630,-2.97,20190,21220,1400-8-9,2021-10-31
219,سامان,بانك سامان,619,17177636,106517787908,6391,6210,6200,-191,-2.99,6201,-190,-2.97,6200,6344,1400-8-9,2021-10-31
220,ارفع,شركت آهن و فولاد ارفع,619,2338647,33453678233,14790,14790,14290,-500,-3.38,14554,-236,-1.6,14140,14790,1400-8-9,2021-10-31
221,رتاپ,تجارت الكترونيك  پارسيان,618,3286615,17443920140,5430,5380,5220,-210,-3.87,5310,-120,-2.21,5170,5480,1400-8-9,2021-10-31
222,فاما,صنعتي‌ آما,611,2442253,39592305590,16610,17270,15780,-830,-5,16210,-400,-2.41,15780,17440,1400-8-9,2021-10-31
223,سخاش,سيمان‌خاش‌,606,466192,37963384140,85690,81420,81410,-4280,-4.99,81430,-4260,-4.97,81410,83800,1400-8-9,2021-10-31
224,غدام,خوراك‌  دام‌ پارس‌,603,368273,46665275290,130670,131230,124140,-6530,-5,126710,-3960,-3.03,124140,132350,1400-8-9,2021-10-31
225,تبرك,گروه كارخانجات صنعتي تبرك,600,4576075,36436541453,8350,8080,8000,-350,-4.19,7962,-388,-4.65,7933,8350,1400-8-9,2021-10-31
226,وسينا,بانك سينا,599,35245280,68120351316,2029,1940,1928,-101,-4.98,1933,-96,-4.73,1928,2079,1400-8-9,2021-10-31
227,دماوند,توليد نيروي برق دماوند,597,1565582,28194206729,18579,18490,17651,-928,-4.99,18175,-404,-2.17,17651,18600,1400-8-9,2021-10-31
228,فنوال,نورد آلومينيوم‌,590,2094814,47075912630,23580,23500,22410,-1170,-4.96,22470,-1110,-4.71,22410,23500,1400-8-9,2021-10-31
229,چدن,توليدي چدن سازان,580,12502457,33548766269,2811,2780,2671,-140,-4.98,2683,-128,-4.55,2671,2780,1400-8-9,2021-10-31
230,سبزوا,سيمان لار سبزوار,577,8619787,18484884885,2249,2165,2137,-112,-4.98,2144,-105,-4.67,2137,2232,1400-8-9,2021-10-31
231,ضخود1050,اختيارخ خودرو-1600-1400/10/08,576,28609,5141057000,237,177,180,-57,-24.05,180,-57,-24.05,171,220,1400-8-9,2021-10-31
232,فولاژ,فولاد آلياژي ايران,569,9468892,151363038260,16770,16350,15950,-820,-4.89,15990,-780,-4.65,15940,16690,1400-8-9,2021-10-31
233,غالبر,لبنيات‌ كالبر,563,2915242,27428550290,8990,9430,9430,440,4.89,9410,420,4.67,9160,9430,1400-8-9,2021-10-31
234,فرابورس,فرابورس ايران,556,1173902,28825163610,25847,24555,24555,-1292,-5,25305,-542,-2.1,24555,24555,1400-8-9,2021-10-31
235,خكرمان,گروه اقتصادي كرمان خودرو,555,13360870,31582822900,2426,2357,2358,-68,-2.8,2364,-62,-2.56,2354,2418,1400-8-9,2021-10-31
236,گشان,توسعه بين المللي پديده شانديز,554,913619,16270245762,18280,17880,17732,-548,-3,17809,-471,-2.58,17732,18280,1400-8-9,2021-10-31
237,غبهنوش,بهنوش‌ ايران‌,553,731629,36233829130,51470,52000,48900,-2570,-4.99,49520,-1950,-3.79,48900,52760,1400-8-9,2021-10-31
238,وسكاب,س.ص.بازنشستگي كاركنان بانكها,546,13271134,37860746891,2946,2911,2841,-105,-3.56,2853,-93,-3.16,2810,2940,1400-8-9,2021-10-31
239,شكام,صنايع شيميايي كيمياگران امروز,546,1905909,51349431238,28311,27200,26896,-1415,-5,26942,-1369,-4.84,26896,28050,1400-8-9,2021-10-31
240,فپنتا,سپنتا,544,62800,25817780460,421110,416110,415000,-6110,-1.45,411110,-10000,-2.37,405030,419970,1400-8-9,2021-10-31
241,آسيا,بيمه آسيا,542,19685901,32026252132,1703,1675,1618,-85,-4.99,1627,-76,-4.46,1618,1700,1400-8-9,2021-10-31
242,قثابت,قند ثابت‌ خراسان‌,539,12158736,25656771098,2191,2111,2082,-109,-4.97,2110,-81,-3.7,2082,2170,1400-8-9,2021-10-31
243,شراز,پالايش نفت شيراز,538,505755,54616555877,113580,109999,107901,-5679,-5,107990,-5590,-4.92,107901,112899,1400-8-9,2021-10-31
244,آكورد,صندوق س. آرمان آتي كوثر-د,535,9902023,346039355985,34930,34949,34947,17,0.05,34946,16,0.05,34936,34953,1400-8-9,2021-10-31
245,شرانل,نفت ايرانول,533,1091336,49607176640,47597,46500,45218,-2379,-5,45455,-2142,-4.5,45218,47208,1400-8-9,2021-10-31
246,ارزش,صندوق س ارزش آفرين بيدار-سهام,529,2399651,21731134460,9530,9330,8980,-550,-5.77,9060,-470,-4.93,8910,9400,1400-8-9,2021-10-31
247,قتربت,قند تربت حيدريه,528,92960,4866089168,53914,52299,52297,-1617,-3,53116,-798,-1.48,52297,53790,1400-8-9,2021-10-31
248,وزمين,بانك ايران زمين,524,11341795,115676558973,10116,10240,10200,84,0.83,10199,83,0.82,9712,10320,1400-8-9,2021-10-31
249,جم,پتروشيمي جم,521,2062010,95485637780,48520,48500,46100,-2420,-4.99,46310,-2210,-4.55,46100,49000,1400-8-9,2021-10-31
250,پاسا,ايران‌ياساتايرورابر,520,3910369,55889050200,15010,14300,14280,-730,-4.86,14290,-720,-4.8,14260,14600,1400-8-9,2021-10-31
251,تسه0005,امتيازتسهيلات مسكن مرداد 1400,519,54140,36709543225,680614,687777,675000,-5614,-0.82,678048,-2566,-0.38,668006,714620,1400-8-9,2021-10-31
252,كهمدا,شيشه‌ همدان‌,516,5689670,46615217010,8590,8740,8200,-390,-4.54,8190,-400,-4.66,8170,8740,1400-8-9,2021-10-31
253,شنفت,نفت‌ پارس‌,508,8225937,64419729070,8240,7850,7830,-410,-4.98,7830,-410,-4.98,7830,8150,1400-8-9,2021-10-31
254,كارين,صندوق س نگين سامان-ثابت,507,20238604,203358368588,10042,10048,10050,8,0.08,10048,6,0.06,10047,10050,1400-8-9,2021-10-31
255,مدير,ص.س.مديريت ثروت ص.بازنشستگي-س,505,1875733,16477500864,9139,9139,8726,-413,-4.52,8785,-354,-3.87,8636,9139,1400-8-9,2021-10-31
256,سصوفي,سيمان‌ صوفيان‌,504,3536482,52511110530,15560,15040,14790,-770,-4.95,14850,-710,-4.56,14790,15400,1400-8-9,2021-10-31
257,وصندوق,سرمايه‌گذاري‌صندوق‌بازنشستگي‌,503,5235359,95784015230,19060,18560,18110,-950,-4.98,18420,-640,-3.36,18110,18980,1400-8-9,2021-10-31
258,ضخود1053,اختيارخ خودرو-2500-1400/10/08,499,23490,193828000,14,14,8,-6,-42.86,8,-6,-42.86,6,15,1400-8-9,2021-10-31
259,آپ,آسان پرداخت پرشين,496,3720858,42308409590,11930,11370,11340,-590,-4.95,11370,-560,-4.69,11340,11760,1400-8-9,2021-10-31
260,خاهنح,ح . آهنگري تراكتورسازي‌ ايران‌,489,4990729,19905771994,4500,4000,3940,-560,-12.44,3989,-511,-11.36,3600,4098,1400-8-9,2021-10-31
261,وساخت,سرمايه‌ گذاري‌ ساختمان‌ايران‌,489,509044,18784194070,38700,37900,36770,-1930,-4.99,36900,-1800,-4.65,36770,37900,1400-8-9,2021-10-31
262,فسرب,ملي‌ سرب‌وروي‌ ايران‌,487,521101,32786807790,66210,62920,62900,-3310,-5,62920,-3290,-4.97,62900,63100,1400-8-9,2021-10-31
263,وسگيلا,شركت س استان گيلان,485,44119392,18351086767,436,420,416,-20,-4.59,421,-15,-3.44,415,422,1400-8-9,2021-10-31
264,پكرمان,گروه‌ صنعتي‌ بارز,485,1703290,36791474080,22710,22000,21630,-1080,-4.76,21600,-1110,-4.89,21580,22000,1400-8-9,2021-10-31
265,دتماد,توليدمواداوليه‌داروپخش‌,483,696240,30099971410,45360,44400,43120,-2240,-4.94,43230,-2130,-4.7,43100,45200,1400-8-9,2021-10-31
266,وبيمه,سرمايه‌ گذاري‌ صنعت‌ بيمه‌,481,16723678,25301472365,1587,1551,1538,-49,-3.09,1513,-74,-4.66,1508,1608,1400-8-9,2021-10-31
267,سجام,مجتمع سيمان غرب آسيا,481,8829374,26088837433,2879,2793,2965,86,2.99,2955,76,2.64,2793,2965,1400-8-9,2021-10-31
268,شدوص,دوده‌ صنعتي‌ پارس‌,472,3143040,60705613840,20300,19530,19330,-970,-4.78,19310,-990,-4.88,19290,19800,1400-8-9,2021-10-31
269,دكپسول,توليد ژلاتين كپسول ايران,464,900240,28188012128,32736,31720,31100,-1636,-5,31312,-1424,-4.35,31100,32730,1400-8-9,2021-10-31
270,خديزل,بهمن  ديزل,459,516248,23436755758,45439,47000,45950,511,1.12,45398,-41,-0.09,43168,47000,1400-8-9,2021-10-31
271,والبر,سرمايه‌ گذاري‌ البرز(هلدينگ‌,458,3746006,30086582940,8350,8080,7970,-380,-4.55,8030,-320,-3.83,7940,8300,1400-8-9,2021-10-31
272,مبين,مبين انرژي خليج فارس,454,2872715,66786791660,23950,24080,22760,-1190,-4.97,23550,-400,-1.67,22760,24080,1400-8-9,2021-10-31
273,حريل,ريل پردازسير,450,4775624,13549805623,2963,2841,2815,-148,-4.99,2841,-122,-4.12,2815,2949,1400-8-9,2021-10-31
274,شاوان,پالايش نفت لاوان,449,692049,86939487770,132040,128900,125438,-6602,-5,125626,-6414,-4.86,125438,129890,1400-8-9,2021-10-31
275,ارمغان,ص سرمايه گذاري ارمغان ايرانيان,443,17932694,181459718885,10114,10124,10118,4,0.04,10119,5,0.05,10118,10133,1400-8-9,2021-10-31
276,جم پيلن,پلي پروپيلن جم - جم پيلن,443,325088,35802021700,114170,112010,110140,-4030,-3.53,112530,-1640,-1.44,108510,113000,1400-8-9,2021-10-31
277,وآذر,سرمايه‌گذاري‌توسعه‌آذربايجان‌,434,1489859,53378148020,37700,36900,35820,-1880,-4.99,35830,-1870,-4.96,35820,36900,1400-8-9,2021-10-31
278,كمنگنز,معادن‌منگنزايران‌,434,618792,36980270800,62470,60850,59600,-2870,-4.59,59760,-2710,-4.34,59400,62590,1400-8-9,2021-10-31
279,كاذر,فرآورده‌هاي‌نسوزآذر,434,3372381,37622180370,11730,11210,11150,-580,-4.94,11160,-570,-4.86,11150,11980,1400-8-9,2021-10-31
280,تنوين,تامين سرمايه نوين,429,5837075,28443799480,5080,5060,5000,-80,-1.57,4880,-200,-3.94,4830,5060,1400-8-9,2021-10-31
281,پاكشو,گروه صنعتي پاكشو,424,5869954,31397240140,5490,5450,5270,-220,-4.01,5450,-40,-0.73,5250,5460,1400-8-9,2021-10-31
282,غپاك,لبنيات‌ پاك‌,422,2203912,25488338730,12010,11500,11420,-590,-4.91,11570,-440,-3.66,11410,12010,1400-8-9,2021-10-31
283,خشرق,الكتريك‌ خودرو شرق‌,416,1954542,26919765520,14270,14270,13560,-710,-4.98,13770,-500,-3.5,13560,14760,1400-8-9,2021-10-31
284,فنورد,نوردوقطعات‌ فولادي‌,412,172945,30810604110,183790,175050,179000,-4790,-2.61,178150,-5640,-3.07,175050,186000,1400-8-9,2021-10-31
285,بكاب,صنايع‌جوشكاب‌يزد,409,365493,45655100500,130390,125550,123880,-6510,-4.99,124910,-5480,-4.2,123880,129000,1400-8-9,2021-10-31
286,شكربن,كربن‌ ايران‌,409,611028,58841409700,100020,98730,95050,-4970,-4.97,96300,-3720,-3.72,95020,101500,1400-8-9,2021-10-31
287,سدبير,س. تدبيرگران فارس وخوزستان,408,454595,13074163665,29605,30750,28980,-625,-2.11,28822,-783,-2.64,28125,30888,1400-8-9,2021-10-31
288,ونيرو,سرمايه‌گذاري‌نيرو,407,10009962,18618012073,1956,1900,1859,-97,-4.96,1860,-96,-4.91,1859,1925,1400-8-9,2021-10-31
289,اميد,تامين سرمايه اميد,405,4624684,29402235860,6350,6350,6350,0,0,6360,10,0.16,6350,6450,1400-8-9,2021-10-31
290,ثعتما,س. ساختماني اعتماد گستر,400,862411,26864192242,32313,30900,30698,-1615,-5,31150,-1163,-3.6,30698,32959,1400-8-9,2021-10-31
291,غاذر,كشت‌وصنعت‌پياذر,397,1626588,43687976040,28120,27950,26720,-1400,-4.98,26860,-1260,-4.48,26720,28100,1400-8-9,2021-10-31
292,غديس,پاكديس,396,3977154,41811499311,11056,10540,10504,-552,-4.99,10513,-543,-4.91,10504,10999,1400-8-9,2021-10-31
293,افق,فروشگاههاي زنجيره اي افق كوروش,396,568539,25072075040,46070,45550,43770,-2300,-4.99,45140,-930,-2.02,43770,45560,1400-8-9,2021-10-31
294,فولاي,صنايع فولاد آلياژي يزد,391,1487623,25541290140,17991,17992,17092,-899,-5,17169,-822,-4.57,17092,17992,1400-8-9,2021-10-31
295,وبوعلي,سرمايه‌گذاري‌بوعلي‌,387,4676334,16644430207,3702,3650,3560,-142,-3.84,3559,-143,-3.86,3517,3670,1400-8-9,2021-10-31
296,وپترو,سرمايه‌گذاري صنايع پتروشيمي‌,386,2321583,27001825480,12170,12300,11570,-600,-4.93,11630,-540,-4.44,11570,12430,1400-8-9,2021-10-31
297,كيميا,معدني كيمياي زنجان گستران,384,3527588,50041006459,14922,14600,14176,-746,-5,14186,-736,-4.93,14176,14600,1400-8-9,2021-10-31
298,زشگزا,شير و گوشت زاگرس شهركرد,383,8931854,39575983466,4640,4700,4410,-230,-4.96,4431,-209,-4.5,4408,4700,1400-8-9,2021-10-31
299,كامياب,صندوق س. كامياب آشنا-د,380,4082764,44046452674,10778,10783,10788,10,0.09,10788,10,0.09,10782,10791,1400-8-9,2021-10-31
300,سفانو,سيمان فارس نو,380,1249013,30469630160,25620,24500,24340,-1280,-5,24390,-1230,-4.8,24340,25620,1400-8-9,2021-10-31
301,دشيمي,شيمي‌ داروئي‌ داروپخش‌,379,1595579,38777331350,24250,24270,24790,540,2.23,24300,50,0.21,24250,24890,1400-8-9,2021-10-31
302,دروز,داروسازي‌ روزدارو,378,1736694,64108219140,37400,38950,35530,-1870,-5,36910,-490,-1.31,35530,39240,1400-8-9,2021-10-31
303,لسرما,سرما آفرين‌,377,1880799,29357666510,16370,16370,15560,-810,-4.95,15610,-760,-4.64,15560,16630,1400-8-9,2021-10-31
304,غگيلا,شيرپاستوريزه پگاه گيلان,375,1024573,17988812312,18479,17557,17556,-923,-4.99,17557,-922,-4.99,17556,17700,1400-8-9,2021-10-31
305,دزهراوي,داروسازي‌زهراوي‌,374,3573006,16864043115,4951,4750,4704,-247,-4.99,4720,-231,-4.67,4704,4900,1400-8-9,2021-10-31
306,كپارس,كاشي‌ پارس‌,372,181016,16158623850,92860,90010,88220,-4640,-5,89270,-3590,-3.87,88220,93880,1400-8-9,2021-10-31
307,وخاور,بانك خاورميانه,369,3548704,18022321720,5260,5180,5070,-190,-3.61,5200,-60,-1.14,5000,5440,1400-8-9,2021-10-31
308,غمارگ,مارگارين‌,368,1535726,39740935710,27010,26980,25660,-1350,-5,25880,-1130,-4.18,25660,27480,1400-8-9,2021-10-31
309,پرديس,سرمايه گذاري پرديس,367,3851387,18346548120,4980,4930,4740,-240,-4.82,4760,-220,-4.42,4740,4940,1400-8-9,2021-10-31
310,ثفارس,عمران‌وتوسعه‌فارس‌,366,3601095,33797009220,9820,9700,9330,-490,-4.99,9390,-430,-4.38,9330,9750,1400-8-9,2021-10-31
311,قصفها,قنداصفهان‌,365,237434,19530215300,86460,86500,82140,-4320,-5,82260,-4200,-4.86,82140,86500,1400-8-9,2021-10-31
312,تيپيكو,سرمايه گذاري دارويي تامين,364,1881853,39112179510,21620,21640,20540,-1080,-5,21260,-360,-1.67,20540,21700,1400-8-9,2021-10-31
313,پخش,پخش البرز,364,2105632,50060025358,24925,24637,23679,-1246,-5,23774,-1151,-4.62,23679,24637,1400-8-9,2021-10-31
314,خمحركه,نيرو محركه‌,363,4040422,12711266745,3283,3150,3119,-164,-5,3157,-126,-3.84,3119,3245,1400-8-9,2021-10-31
315,نهال,صندوق س. طلاي سرخ نوويرا,362,931311,12041187733,12601,12850,12850,249,1.98,12929,328,2.6,12830,13300,1400-8-9,2021-10-31
316,غگرجي,بيسكويت‌  گرجي‌,359,7767914,16432526852,2217,2140,2107,-110,-4.96,2115,-102,-4.6,2107,2222,1400-8-9,2021-10-31
317,مرقام,ايران‌ارقام‌,359,2949026,33801755230,12050,12000,11450,-600,-4.98,11460,-590,-4.9,11450,12280,1400-8-9,2021-10-31
318,وسديد,گروه ‌صنعتي‌سديد,357,5692110,5652265230,1023,993,993,-30,-2.93,1009,-14,-1.37,993,993,1400-8-9,2021-10-31
319,ساروم,سيمان‌اروميه‌,356,1502700,51824785850,36250,34620,34440,-1810,-4.99,34490,-1760,-4.86,34440,36220,1400-8-9,2021-10-31
320,تصميم,صندوق س با درآمد ثابت تصميم,355,3077552,54865962121,17818,17829,17829,11,0.06,17828,10,0.06,17825,17837,1400-8-9,2021-10-31
321,زبينا,كشاورزي و دامپروري بينالود,353,10935634,21117563205,2031,1962,1932,-99,-4.87,1931,-100,-4.92,1930,2020,1400-8-9,2021-10-31
322,وايرا,سرمايه گذاري صنايع ايران,347,2194153,12469445225,5716,5886,5545,-171,-2.99,5683,-33,-0.58,5545,5886,1400-8-9,2021-10-31
323,زفكا,كشت و دامداري فكا,344,3850654,25904241530,7047,7100,6695,-352,-5,6727,-320,-4.54,6695,7100,1400-8-9,2021-10-31
324,ونفت,سرمايه‌گذاري‌ صنعت‌ نفت‌,343,2454041,34529153490,14710,14000,13980,-730,-4.96,14070,-640,-4.35,13980,14460,1400-8-9,2021-10-31
325,تليسه,دامداري تليسه نمونه,342,4364468,9754122021,2342,2310,2225,-117,-5,2266,-76,-3.25,2225,2310,1400-8-9,2021-10-31
326,وشهر,بانك شهر,342,5720310,28713071043,5205,5050,4997,-208,-4,5035,-170,-3.27,4997,5100,1400-8-9,2021-10-31
327,رنيك,جنرال مكانيك,339,1712976,20146940236,12340,11910,11723,-617,-5,11761,-579,-4.69,11723,12000,1400-8-9,2021-10-31
328,شوينده,مديريت صنعت شوينده ت.ص.بهشهر,336,880884,16090465460,19100,18400,18150,-950,-4.97,18270,-830,-4.35,18150,19270,1400-8-9,2021-10-31
329,وحافظح,ح . بيمه حافظ,333,6844350,22871438004,3429,3415,3431,2,0.06,3342,-87,-2.54,3327,3523,1400-8-9,2021-10-31
330,سخوز,سيمان خوزستان,332,973706,21077937540,22760,21670,21630,-1130,-4.96,21650,-1110,-4.88,21630,22200,1400-8-9,2021-10-31
331,چكارن,كارتن‌ ايران‌,331,6726145,17916792104,2797,2760,2658,-139,-4.97,2664,-133,-4.76,2658,2760,1400-8-9,2021-10-31
332,بنو,بيمه تجارت نو,330,4350924,42480904632,9997,10001,9498,-499,-4.99,9764,-233,-2.33,9498,10002,1400-8-9,2021-10-31
333,قرن,پديده شيمي قرن,330,371556,8433105780,23830,23010,22640,-1190,-4.99,23300,-530,-2.22,22640,23600,1400-8-9,2021-10-31
334,ساربيل,سيمان آرتا اردبيل,329,1385580,36881016940,27980,28340,26590,-1390,-4.97,26620,-1360,-4.86,26590,28340,1400-8-9,2021-10-31
335,سپر,صندوق س سپر سرمايه بيدار- ثابت,329,6283997,81905980953,13023,13045,13048,25,0.19,13034,11,0.08,13023,13048,1400-8-9,2021-10-31
336,كترام,توليدي‌ كاشي‌ تكسرام‌,328,642879,11897363120,19250,19090,18290,-960,-4.99,18630,-620,-3.22,18290,19400,1400-8-9,2021-10-31
337,سدور,سيمان‌ دورود,327,1779283,11080282260,6370,6220,6190,-180,-2.83,6260,-110,-1.73,6080,6400,1400-8-9,2021-10-31
338,حتوكا,حمل‌ونقل‌توكا,327,1065192,12273108680,12110,11550,11510,-600,-4.95,11590,-520,-4.29,11510,11730,1400-8-9,2021-10-31
339,سشرق,سيمان‌ شرق‌,325,3715708,25742657410,7280,7000,6920,-360,-4.95,6930,-350,-4.81,6920,7030,1400-8-9,2021-10-31
340,خلنت,لنت‌ ترمزايران‌,325,196118,17904887010,95720,91070,90940,-4780,-4.99,91300,-4420,-4.62,90940,93450,1400-8-9,2021-10-31
341,آساميد,صندوق س.مشترك آسمان اميد -د,323,7365020,97965801359,13295,13308,13301,6,0.05,13301,6,0.05,13301,13308,1400-8-9,2021-10-31
342,ختوقا,قطعات‌ اتومبيل‌ ايران‌,323,7263086,12775952106,1846,1773,1754,-92,-4.98,1765,-81,-4.39,1754,1805,1400-8-9,2021-10-31
343,ولبهمن,شركت بهمن ليزينگ,322,2513463,15009554777,6251,6115,5940,-311,-4.98,5972,-279,-4.46,5939,6350,1400-8-9,2021-10-31
344,چفيبر,فيبر ايران‌,320,4048393,22858466080,5910,5830,5620,-290,-4.91,5650,-260,-4.4,5620,5900,1400-8-9,2021-10-31
345,تكشا,گسترش‌صنايع‌وخدمات‌كشاورزي‌,320,552214,19921088080,37550,38600,35680,-1870,-4.98,36070,-1480,-3.94,35680,38600,1400-8-9,2021-10-31
346,ورنا,سرمايه‌گذاري‌ رنا(هلدينگ‌,320,7680903,19050274937,2608,2570,2478,-130,-4.98,2480,-128,-4.91,2478,2570,1400-8-9,2021-10-31
347,فردا,صندوق س آواي فرداي زاگرس-ثابت,319,12565217,147202096417,11708,11716,11716,8,0.07,11715,7,0.06,11715,11717,1400-8-9,2021-10-31
348,كحافظ,كاشي‌ وسراميك‌ حافظ‌,316,4371277,13891946290,3329,3192,3163,-166,-4.99,3178,-151,-4.54,3163,3350,1400-8-9,2021-10-31
349,تايرا,تراكتورسازي‌ايران‌,315,1014044,22200451640,23030,22810,21880,-1150,-4.99,22130,-900,-3.91,21880,22810,1400-8-9,2021-10-31
350,كفپارس,فرآورده‌هاي‌ نسوز پارس‌,313,3001733,9428898994,3296,3150,3132,-164,-4.98,3189,-107,-3.25,3132,3200,1400-8-9,2021-10-31
351,لخزر,پارس‌ خزر,313,158246,20138669730,133190,134800,126540,-6650,-4.99,127260,-5930,-4.45,126540,134800,1400-8-9,2021-10-31
352,شپاكسا,پاكسان‌,312,1529416,24021644630,16500,15810,15680,-820,-4.97,15710,-790,-4.79,15680,16480,1400-8-9,2021-10-31
353,سمازن,سيمان‌مازندران‌,310,3098440,41334171770,13930,13830,13390,-540,-3.88,13340,-590,-4.24,13250,13930,1400-8-9,2021-10-31
354,غچين,كشت‌ و صنعت‌ چين‌ چين,307,1410646,19148062300,14260,13560,13550,-710,-4.98,13570,-690,-4.84,13550,14400,1400-8-9,2021-10-31
355,كبافق,معادن‌ بافق‌,306,464095,14997397040,33970,32280,32280,-1690,-4.97,32390,-1580,-4.65,32280,33400,1400-8-9,2021-10-31
356,غپينو,پارس‌ مينو,306,2901767,8917466489,3231,3070,3070,-161,-4.98,3128,-103,-3.19,3070,3160,1400-8-9,2021-10-31
357,وبشهر,توسعه‌ صنايع‌ بهشهر(هلدينگ,304,1764784,22334602460,13080,12880,12930,-150,-1.15,12850,-230,-1.76,12430,12990,1400-8-9,2021-10-31
358,كاريس,صندوق س.سپهر كاريزما-س,304,2062673,26193170838,13099,13099,12550,-549,-4.19,12699,-400,-3.05,12510,13099,1400-8-9,2021-10-31
359,وصنا,گروه‌صنايع‌بهشهرايران‌,301,2991697,19076335760,6680,6390,6350,-330,-4.94,6380,-300,-4.49,6350,6630,1400-8-9,2021-10-31
360,ثمسكن,سرمايه‌گذاري‌ مسكن‌,301,5928857,22482957021,3974,3999,3776,-198,-4.98,3792,-182,-4.58,3776,4000,1400-8-9,2021-10-31
361,ساراب,سيمان‌ داراب‌,300,2934503,47496058440,16960,16140,16120,-840,-4.95,16190,-770,-4.54,16120,16900,1400-8-9,2021-10-31
362,بمپنا,توليد برق عسلويه  مپنا,299,2255504,10871114831,4948,4960,4701,-247,-4.99,4854,-94,-1.9,4701,5180,1400-8-9,2021-10-31
363,لابسا,آبسال‌,297,740119,21763172740,30690,30900,29160,-1530,-4.99,29400,-1290,-4.2,29160,30900,1400-8-9,2021-10-31
364,اعتلا,شركت سرمايه گذاري اعتلاء البرز,294,4373102,14638963049,3511,3375,3340,-171,-4.87,3348,-163,-4.64,3336,3462,1400-8-9,2021-10-31
365,ختور,رادياتور ايران‌,293,1210792,18630259150,15880,15340,15090,-790,-4.97,15390,-490,-3.09,15090,16180,1400-8-9,2021-10-31
366,بهپاك,صنعتي بهپاك,290,5101777,24735159539,5083,4930,4950,-133,-2.62,4848,-235,-4.62,4829,5019,1400-8-9,2021-10-31
367,كطبس,ذغال‌سنگ‌ نگين‌ ط‌بس‌,289,841387,39848945650,49740,47300,47260,-2480,-4.99,47360,-2380,-4.78,47260,49690,1400-8-9,2021-10-31
368,كاردان,صندوق س تجارت شاخصي كاردان,287,196027,36166248570,190170,188220,182520,-7650,-4.02,184500,-5670,-2.98,182400,188220,1400-8-9,2021-10-31
369,بالاس,مهندسي ساختمان تاسيسات راه آهن,285,487577,16581520290,35264,36300,33501,-1763,-5,34008,-1256,-3.56,33501,36300,1400-8-9,2021-10-31
370,ميهن,بيمه ميهن,285,7245770,14818788171,2152,2045,2045,-107,-4.97,2045,-107,-4.97,2045,2060,1400-8-9,2021-10-31
371,تكمبا,كمباين‌ سازي‌ ايران‌,284,3611085,14468976575,4186,4070,3977,-209,-4.99,4012,-174,-4.16,3977,4208,1400-8-9,2021-10-31
372,ضسپا8041,اختيارخ خساپا-1600-1400/08/26,283,12580,202313000,35,30,20,-15,-42.86,16,-19,-54.29,12,30,1400-8-9,2021-10-31
373,بموتو,موتوژن‌,281,619813,42937630880,72820,71010,69180,-3640,-5,69280,-3540,-4.86,69180,72500,1400-8-9,2021-10-31
374,وتوسم,سرمايه‌گذاري‌توسعه‌ملي‌,280,1700695,12463811590,7550,7500,7340,-210,-2.78,7360,-190,-2.52,7270,7510,1400-8-9,2021-10-31
375,ضخود1051,اختيارخ خودرو-1800-1400/10/08,279,14496,1064657000,125,84,69,-56,-44.8,73,-52,-41.6,65,90,1400-8-9,2021-10-31
376,دعبيد,لابراتوارداروسازي‌  دكترعبيدي‌,278,585304,12316399470,22120,21310,21020,-1100,-4.97,21770,-350,-1.58,21020,21310,1400-8-9,2021-10-31
377,ددام,داروسازي زاگرس فارمد پارس,275,1678064,16774388710,10490,10020,9970,-520,-4.96,10000,-490,-4.67,9970,10660,1400-8-9,2021-10-31
378,سصفها,سيمان‌اصفهان‌,268,437054,14302488890,34420,33130,32700,-1720,-5,32720,-1700,-4.94,32700,34300,1400-8-9,2021-10-31
379,پرداخت,به پرداخت ملت,267,1682918,20944053330,13060,12750,12410,-650,-4.98,12450,-610,-4.67,12410,12760,1400-8-9,2021-10-31
380,فايرا,آلومينيوم‌ايران‌,266,804888,13475589530,17550,17300,16680,-870,-4.96,17380,-170,-0.97,16680,17300,1400-8-9,2021-10-31
381,وارس,سرمايه گذاري ارس صبا,266,1160071,12534275406,11128,10795,10795,-333,-2.99,10805,-323,-2.9,10795,11000,1400-8-9,2021-10-31
382,كفرا,فراورده‌ هاي‌ نسوزايران‌,264,643110,10823317150,17570,17780,16770,-800,-4.55,17010,-560,-3.19,16700,17780,1400-8-9,2021-10-31
383,واحيا,م .صنايع و معادن احياء سپاهان,260,735744,108490170837,151223,147000,146687,-4536,-3,147456,-3767,-2.49,146687,151500,1400-8-9,2021-10-31
384,كيان2,صندوق س. با درآمد ثابت كيان,260,26000000,26000000,31305,1,1,-31304,-100,1,-31304,-100,1,1,1400-8-9,2021-10-31
385,سيستم,همكاران سيستم,258,1735167,9302088520,5610,5450,5340,-270,-4.81,5480,-130,-2.32,5330,5500,1400-8-9,2021-10-31
386,دانا,بيمه دانا,255,5730206,26360751800,4840,4600,4600,-240,-4.96,4600,-240,-4.96,4600,4610,1400-8-9,2021-10-31
387,سيلام,سيمان‌ ايلام‌,255,896301,4542992140,5310,5100,5100,-210,-3.95,5230,-80,-1.51,5050,5260,1400-8-9,2021-10-31
388,سكه0012پ01,تمام سكه طرح جديد0012رفاه,255,68200,79315111300,1168791,1168005,1168500,-291,-0.02,1162978,-5813,-0.5,1159000,1169200,1400-8-9,2021-10-31
389,كگهر,سنگ آهن گهرزمين,255,644761,28221225078,44429,44452,43889,-540,-1.22,44272,-157,-0.35,43100,44452,1400-8-9,2021-10-31
390,زمگسا,كشاورزي‌ ودامپروي‌ مگسال‌,253,946809,15425261920,17040,16210,16590,-450,-2.64,16290,-750,-4.4,16190,17040,1400-8-9,2021-10-31
391,درهآور,دارويي ره آورد تامين,252,694623,14012859187,21001,20350,19951,-1050,-5,20173,-828,-3.94,19951,20985,1400-8-9,2021-10-31
392,تپولا,مهندسي مرآت پولاد,252,908111,17203216718,19797,18808,18808,-989,-5,18944,-853,-4.31,18808,20000,1400-8-9,2021-10-31
393,ثامان,سامان‌ گستراصفهان‌,252,1104658,10940799630,10260,10670,9750,-510,-4.97,10000,-260,-2.53,9750,10670,1400-8-9,2021-10-31
394,لكما,كارخانجات‌مخابراتي‌ايران‌,249,6845294,7402080002,1113,1085,1080,-33,-2.96,1089,-24,-2.16,1080,1098,1400-8-9,2021-10-31
395,غگلپا,شير پاستوريزه پگاه گلپايگان,249,172321,8890238178,53510,53000,50900,-2610,-4.88,52278,-1232,-2.3,50835,55000,1400-8-9,2021-10-31
396,زماهان,مجتمع توليد گوشت مرغ ماهان,248,1382006,8713048945,6617,6300,6287,-330,-4.99,6418,-199,-3.01,6287,6620,1400-8-9,2021-10-31
397,غبشهر,صنعتي‌ بهشهر,247,1272165,27853393090,22990,22770,21850,-1140,-4.96,21890,-1100,-4.78,21850,23500,1400-8-9,2021-10-31
398,سهرمز,سيمان‌هرمزگان‌,246,409793,6408727220,16350,15810,15540,-810,-4.95,16030,-320,-1.96,15540,15840,1400-8-9,2021-10-31
399,فسازان,غلتك سازان سپاهان,245,662582,15613514860,24760,24390,23530,-1230,-4.97,23560,-1200,-4.85,23530,25110,1400-8-9,2021-10-31
400,آوا,صندوق س.سهام آواي معيار-س,244,1327249,9989398564,7718,7603,7416,-302,-3.91,7526,-192,-2.49,7400,7700,1400-8-9,2021-10-31
401,وسين,بيمه سينا,244,8218853,28324571796,3551,3530,3499,-52,-1.46,3446,-105,-2.96,3445,3530,1400-8-9,2021-10-31
402,ثباغ,شهر سازي و خانه سازي باغميشه,243,1238092,10508918575,8852,8547,8410,-442,-4.99,8582,-270,-3.05,8410,9200,1400-8-9,2021-10-31
403,كگاز,شيشه‌ و گاز,242,1709928,24330764540,14960,14470,14220,-740,-4.95,14230,-730,-4.88,14220,14600,1400-8-9,2021-10-31
404,بزاگرس,نيروگاه زاگرس كوثر,242,3461800,12091353403,3664,3546,3481,-183,-4.99,3521,-143,-3.9,3481,3664,1400-8-9,2021-10-31
405,رانفور,خدمات‌انفورماتيك‌,242,12670681,55251834340,4589,4370,4360,-229,-4.99,4388,-201,-4.38,4360,4550,1400-8-9,2021-10-31
406,اخزا910,اسنادخزانه-م10بودجه99-020807,241,431471,281990731274,652358,652684,653856,1498,0.23,653557,1199,0.18,652000,656000,1400-8-9,2021-10-31
407,خمهر,مهركام‌پارس‌,239,7506480,11266731346,1572,1510,1494,-78,-4.96,1514,-58,-3.69,1494,1576,1400-8-9,2021-10-31
408,وبرق,س.کارکنان صنعت برق زنجان وقزوي,237,483776,69835000704,140150,144354,144354,4204,3,144354,4204,3,144354,144354,1400-8-9,2021-10-31
409,وآوا,سرمايه گذاري آوا نوين,235,2287276,6831039904,3140,3000,2983,-157,-5,3064,-76,-2.42,2983,3037,1400-8-9,2021-10-31
410,فلامي,لاميران‌,235,536750,8644417020,16570,16010,15990,-580,-3.5,16290,-280,-1.69,15810,16780,1400-8-9,2021-10-31
411,پلاسك,پلاسكوكار,229,2833481,12793561327,4750,4550,4513,-237,-4.99,4529,-221,-4.65,4513,4599,1400-8-9,2021-10-31
412,افرا,افرانت,227,662103,10331166623,16336,15800,15520,-816,-5,15781,-555,-3.4,15520,16330,1400-8-9,2021-10-31
413,زشريف,كشت وصنعت شريف آباد,227,3605320,11344437681,3309,3146,3144,-165,-4.99,3173,-136,-4.11,3144,3237,1400-8-9,2021-10-31
414,لوتوس,تامين سرمايه لوتوس پارسيان,226,2414644,13303415620,5540,5510,5450,-90,-1.62,5530,-10,-0.18,5450,5580,1400-8-9,2021-10-31
415,كپشير,پشم‌شيشه‌ايران‌,226,1637190,19627494050,12610,11990,11980,-630,-5,11990,-620,-4.92,11980,12300,1400-8-9,2021-10-31
416,شپارس,بين‌ المللي‌ محصولات‌  پارس‌,226,1846816,13708167380,7780,7890,7400,-380,-4.88,7420,-360,-4.63,7400,7890,1400-8-9,2021-10-31
417,پدرخش,درخشان‌ تهران‌,225,415662,8354885460,20870,20600,19830,-1040,-4.98,20430,-440,-2.11,19830,21200,1400-8-9,2021-10-31
418,تماوند,تامين سرمايه دماوند,222,8092756,44823369417,5707,5869,5536,-171,-3,5539,-168,-2.94,5536,5869,1400-8-9,2021-10-31
419,شفارس,صنايع‌ شيميايي‌ فارس‌,222,5078495,5880897210,1218,1158,1158,-60,-4.93,1193,-25,-2.05,1158,1158,1400-8-9,2021-10-31
420,زنگان,صنعت روي زنگان,221,153311,9629896778,66076,63573,62773,-3303,-5,63791,-2285,-3.46,62773,63573,1400-8-9,2021-10-31
421,درازك,دارويي‌ رازك‌,221,1114038,38038078780,35930,34190,34140,-1790,-4.98,34140,-1790,-4.98,34140,34500,1400-8-9,2021-10-31
422,خبازرس,بازرسي مهندسي و صنعتي ايران,218,333279,7708613388,24290,23100,23076,-1214,-5,23335,-955,-3.93,23076,23999,1400-8-9,2021-10-31
423,ولصنم,ليزينگ‌صنعت‌ومعدن‌,218,2139703,8932551719,4389,4270,4170,-219,-4.99,4255,-134,-3.05,4170,4270,1400-8-9,2021-10-31
424,هجرت,پخش هجرت,215,529508,14537227139,28864,27810,27421,-1443,-5,27454,-1410,-4.88,27421,29049,1400-8-9,2021-10-31
425,حسينا,توسعه خدمات دريايي وبندري سينا,214,1015487,43474367707,45025,44490,42774,-2251,-5,42811,-2214,-4.92,42774,44490,1400-8-9,2021-10-31
426,نطرين,عطرين نخ قم,212,2098027,15829999338,7915,7662,7520,-395,-4.99,7545,-370,-4.67,7520,7899,1400-8-9,2021-10-31
427,صنوين,صندوق سرمايه‌گذاري صنوين-مختلط,211,55139,5062227690,96540,93500,89920,-6620,-6.86,91810,-4730,-4.9,87200,97000,1400-8-9,2021-10-31
428,بنيرو,نيروترانس‌,211,6302322,11520983653,1920,1985,1824,-96,-5,1846,-74,-3.85,1824,1985,1400-8-9,2021-10-31
429,خاذين,سايپاآذين‌,211,6376646,14703682625,2426,2312,2305,-121,-4.99,2306,-120,-4.95,2305,2377,1400-8-9,2021-10-31
430,تسه0004,امتيازتسهيلات مسكن تير1400,210,5065,3453451827,684808,699020,718999,34191,4.99,681827,-2981,-0.44,660009,719000,1400-8-9,2021-10-31
431,سقاين,سيمان‌ قائن‌,210,399469,18730963280,49330,47000,46870,-2460,-4.99,46890,-2440,-4.95,46870,47200,1400-8-9,2021-10-31
432,داريوش,صندوق س. ثروت داريوش -س,210,1089363,10402019270,9631,9680,9500,-131,-1.36,9549,-82,-0.85,9450,9680,1400-8-9,2021-10-31
433,خفنر,فنرسازي‌خاور,209,1046603,7206726460,7230,6890,6870,-360,-4.98,7050,-180,-2.49,6870,7100,1400-8-9,2021-10-31
434,قاسم,قاسم ايران,208,2077994,7109576100,3596,3500,3417,-179,-4.98,3505,-91,-2.53,3417,3550,1400-8-9,2021-10-31
435,پسهند,صنايع‌ لاستيكي‌  سهند,206,428443,9382488870,22950,21860,22100,-850,-3.7,22250,-700,-3.05,21820,22550,1400-8-9,2021-10-31
436,فوكا,فولاد كاويان,204,1966003,27192905533,14207,13892,14000,-207,-1.46,13898,-309,-2.17,13781,14100,1400-8-9,2021-10-31
437,دارا,صندوق س. دارا الگوريتم-د,202,7278607,71938852270,9881,9900,9882,1,0.01,9884,3,0.03,9870,9910,1400-8-9,2021-10-31
438,فن آوا,گروه فن آوا,199,1890875,37636259277,20130,19527,20130,0,0,19904,-226,-1.12,19527,20659,1400-8-9,2021-10-31
439,دسبحان,سبحان دارو,198,451730,6438595840,14920,14340,14180,-740,-4.96,14620,-300,-2.01,14180,14700,1400-8-9,2021-10-31
440,شاملا,معدني‌ املاح‌  ايران‌,198,404591,11869018520,30750,29420,29220,-1530,-4.98,29580,-1170,-3.8,29220,30000,1400-8-9,2021-10-31
441,كپرور,فرآوري زغال سنگ پروده طبس,198,1629220,48658207136,31430,32180,29859,-1571,-5,29866,-1564,-4.98,29859,32180,1400-8-9,2021-10-31
442,زپارس,ملي كشت و صنعت و دامپروري پارس,195,142808,14285290500,99870,98380,100000,130,0.13,100020,150,0.15,98000,101370,1400-8-9,2021-10-31
443,زرين,صندوق س. سهام زرين كوروش-س,195,947452,11387357015,12633,12508,11899,-734,-5.81,12019,-614,-4.86,11770,12508,1400-8-9,2021-10-31
444,دارو,كارخانجات‌داروپخش‌,188,554055,15592203990,29100,28700,27890,-1210,-4.16,28220,-880,-3.02,27890,28990,1400-8-9,2021-10-31
445,دپارس,پارس‌ دارو,187,348723,10376739640,31280,30520,29840,-1440,-4.6,30170,-1110,-3.55,29720,30540,1400-8-9,2021-10-31
446,غشصفا,شيرپاستوريزه‌پگاه‌اصفهان‌,186,403884,14811162910,38220,37100,36310,-1910,-5,36670,-1550,-4.06,36310,38650,1400-8-9,2021-10-31
447,ثاصفا,شركت‌ ساختمان‌ اصفهان‌,184,704660,9035530870,12955,13343,12567,-388,-2.99,12833,-122,-0.94,12567,13343,1400-8-9,2021-10-31
448,خكار,ايركا پارت صنعت,182,2557964,11290441522,4643,4430,4411,-232,-5,4452,-191,-4.11,4411,4562,1400-8-9,2021-10-31
449,وتوشه,سرمايه‌ گذاري‌ پارس‌ توشه‌,181,2285600,12950529900,5910,5750,5670,-240,-4.06,5690,-220,-3.72,5620,5830,1400-8-9,2021-10-31
450,دفرا,فرآورده‌هاي‌ تزريقي‌ ايران‌,181,285903,7834439720,28340,28450,26950,-1390,-4.9,27860,-480,-1.69,26930,28710,1400-8-9,2021-10-31
451,ثعمرا,عمران و توسعه شاهد,179,1172430,8626452474,7714,7403,7329,-385,-4.99,7508,-206,-2.67,7329,7695,1400-8-9,2021-10-31
452,تسه0002,امتيازتسهيلاتمسكن ارديبهشت1400,179,7343,5104086026,695250,680022,717999,22749,3.27,695095,-155,-0.02,663519,717999,1400-8-9,2021-10-31
453,وايران,ليزينگ ايرانيان,179,1529546,6316635846,4346,4129,4129,-217,-4.99,4246,-100,-2.3,4129,4200,1400-8-9,2021-10-31
454,تپمپي,پمپ‌ سازي‌ ايران‌,178,884614,12792036040,15180,14600,14430,-750,-4.94,14510,-670,-4.41,14430,15320,1400-8-9,2021-10-31
455,خزر,فنرسازي‌زر,177,1033967,11094465910,11290,10730,10730,-560,-4.96,10830,-460,-4.07,10730,10730,1400-8-9,2021-10-31
456,تسه0003,امتيازتسهيلات مسكن خرداد1400,176,5695,3873788651,687914,715000,715000,27086,3.94,680209,-7705,-1.12,655000,715000,1400-8-9,2021-10-31
457,سپاها,سيمان‌سپاهان‌,174,760181,6108089360,8430,8110,8010,-420,-4.98,8250,-180,-2.14,8010,8290,1400-8-9,2021-10-31
458,كساوه,صنايع‌ كاشي‌ و سراميك‌ سينا,173,162009,6743293710,43650,42190,41470,-2180,-4.99,42700,-950,-2.18,41470,42200,1400-8-9,2021-10-31
459,اتكام,بيمه اتكايي امين,172,3266643,11537696726,3550,3402,3539,-11,-0.31,3536,-14,-0.39,3402,3580,1400-8-9,2021-10-31
460,خپويش,سازه‌ پويش‌,172,77008,5862030700,78860,79400,74920,-3940,-5,77780,-1080,-1.37,74920,79400,1400-8-9,2021-10-31
461,غشهد,شهد ايران ‌,170,2559133,10047461190,4131,3925,3925,-206,-4.99,3985,-146,-3.53,3925,4020,1400-8-9,2021-10-31
462,نمرينو,ايران‌ مرينوس‌,170,126711,10287223950,85110,81590,80870,-4240,-4.98,82240,-2870,-3.37,80860,83630,1400-8-9,2021-10-31
463,سيدكو,سرمايه گذاري توسعه صنايع سيمان,169,1050622,6016406370,5980,5890,5690,-290,-4.85,5870,-110,-1.84,5690,5890,1400-8-9,2021-10-31
464,شلعاب,لعابيران‌,169,956157,5238461520,5750,5480,5470,-280,-4.87,5650,-100,-1.74,5470,5640,1400-8-9,2021-10-31
465,حپترو,حمل و نقل پتروشيمي( سهامي عام,169,310839,6472977750,21890,21770,20950,-940,-4.29,21400,-490,-2.24,20800,21770,1400-8-9,2021-10-31
466,لوتوسح,ح . تامين سرمايه لوتوس پارسيان,169,1867925,7733371450,4160,4120,4200,40,0.96,4140,-20,-0.48,4100,4200,1400-8-9,2021-10-31
467,خاتم,صندوق س خاتم ايساتيس پويا-ثابت,168,3577295,43729648762,12218,12224,12225,7,0.06,12224,6,0.05,12224,12227,1400-8-9,2021-10-31
468,معيار ,سرمايه گذاري معيار صنعت پارس,167,314396,15176568932,47900,49000,48410,510,1.06,48272,372,0.78,46821,49000,1400-8-9,2021-10-31
469,دابور,داروسازي‌ ابوريحان‌,165,547622,13381602600,25660,24610,24380,-1280,-4.99,24510,-1150,-4.48,24380,25100,1400-8-9,2021-10-31
470,شكلر,نيروكلر,165,367279,9047413280,25890,25000,24600,-1290,-4.98,25060,-830,-3.21,24600,25110,1400-8-9,2021-10-31
471,فجام,جام‌دارو,165,2091868,9870821688,4950,4739,4703,-247,-4.99,4790,-160,-3.23,4703,4950,1400-8-9,2021-10-31
472,گوهران,سرمايه گذاري توسعه گوهران اميد,164,1245842,6112230581,4912,5000,4897,-15,-0.31,4910,-2,-0.04,4810,5000,1400-8-9,2021-10-31
473,ضخود1054,اختيارخ خودرو-3000-1400/10/08,162,8073,40602000,6,7,6,0,0,5,-1,-16.67,3,7,1400-8-9,2021-10-31
474,زگلدشت,كشت و دام گلدشت نمونه اصفهان,162,748309,6257627048,8757,8970,8330,-427,-4.88,8584,-173,-1.98,8320,8970,1400-8-9,2021-10-31
475,ضشنا8004,اختيارخ شپنا-10800-1400/08/16,161,2443,435700000,330,300,180,-150,-45.45,178,-152,-46.06,107,300,1400-8-9,2021-10-31
476,سهگمت,سيمان‌هگمتان‌,161,675792,14206954420,21850,21590,20900,-950,-4.35,21030,-820,-3.75,20860,21680,1400-8-9,2021-10-31
477,واتي,سرمايه‌ گذاري‌ آتيه‌ دماوند,161,709116,6849326540,10100,9650,9600,-500,-4.95,9930,-170,-1.68,9600,10140,1400-8-9,2021-10-31
478,فنفتح,ح . صنايع تجهيزات نفت,159,780381,8039656954,10216,9910,10350,134,1.31,10302,86,0.84,9910,10495,1400-8-9,2021-10-31
479,دبالك,مواد اوليه دارويي البرز بالك,158,640120,5103100515,8373,8000,7955,-418,-4.99,8224,-149,-1.78,7955,8250,1400-8-9,2021-10-31
480,دامين,داروسازي‌ امين‌,156,2229003,5680535062,2670,2551,2537,-133,-4.98,2621,-49,-1.84,2537,2679,1400-8-9,2021-10-31
481,لبوتان,گروه‌صنعتي‌بوتان‌,156,282455,11263743400,41300,40010,39240,-2060,-4.99,40190,-1110,-2.69,39240,42000,1400-8-9,2021-10-31
482,حفارس,حمل و نقل بين المللي خليج فارس,155,1364229,4277158060,3296,3170,3132,-164,-4.98,3246,-50,-1.52,3132,3170,1400-8-9,2021-10-31
483,وليز,ليزينگ‌ايران‌,154,7026678,16625120148,2254,2366,2366,112,4.97,2366,112,4.97,2366,2366,1400-8-9,2021-10-31
484,تسه9908,امتياز تسهيلات مسكن آبان99,154,3945,2736406147,681266,647223,680000,-1266,-0.19,693639,12373,1.82,647223,711111,1400-8-9,2021-10-31
485,فرآور,فرآوري‌موادمعدني‌ايران‌,153,373021,9807080780,27500,26360,26130,-1370,-4.98,26640,-860,-3.13,26130,27200,1400-8-9,2021-10-31
486,مداران,داده‌پردازي‌ايران‌,153,797322,10460065560,13800,13110,13110,-690,-5,13280,-520,-3.77,13110,13960,1400-8-9,2021-10-31
487,سبجنو,سيمان‌ بجنورد,152,605169,21154379610,36750,35600,34920,-1830,-4.98,34960,-1790,-4.87,34920,36650,1400-8-9,2021-10-31
488,شكبير,پتروشيمي اميركبير,150,271427,25876325636,98282,95400,95334,-2948,-3,97493,-789,-0.8,95334,95400,1400-8-9,2021-10-31
489,فخاس,فولاد خراسان,150,807087,19212797630,25050,23940,23810,-1240,-4.95,24790,-260,-1.04,23800,24000,1400-8-9,2021-10-31
490,حرهشا,رهشاد سپاهان (سهامي عام,149,149992,18065964859,123839,120124,120124,-3715,-3,120446,-3393,-2.74,120124,125800,1400-8-9,2021-10-31
491,دلقما,دارويي‌ لقمان‌,147,250619,6509220300,27320,26100,25960,-1360,-4.98,26680,-640,-2.34,25960,26130,1400-8-9,2021-10-31
492,زعف0008پ10,زعفران0008نگين طلاي سرخ(پ),146,91817,16255831917,172849,175000,176200,3351,1.94,177046,4197,2.43,174000,180000,1400-8-9,2021-10-31
493,ثشرق,سرمايه گذاري مسكن شمال شرق,146,2204711,8059997857,3839,3750,3648,-191,-4.98,3733,-106,-2.76,3648,3838,1400-8-9,2021-10-31
494,پارسيان,بيمه پارسيان,145,759715,7205322400,9900,9800,9410,-490,-4.95,9740,-160,-1.62,9410,9800,1400-8-9,2021-10-31
495,سشمال,سيمان‌ شمال‌,144,522497,4179412480,8190,8100,7840,-350,-4.27,8140,-50,-0.61,7790,8250,1400-8-9,2021-10-31
496,غپآذر,شير پگاه آذربايجان شرقي,143,369871,12558337233,35725,34014,33939,-1786,-5,34097,-1628,-4.56,33939,34495,1400-8-9,2021-10-31
497,فيروزه,صندوق شاخص30 شركت فيروزه- سهام,141,79277,13118727080,169400,169290,162210,-7190,-4.24,165480,-3920,-2.31,161010,169290,1400-8-9,2021-10-31
498,اخزا911,اسنادخزانه-م11بودجه99-020906,141,293724,189267866831,642864,641233,643400,536,0.08,644373,1509,0.23,641233,646000,1400-8-9,2021-10-31
499,غمينو,شركت صنايع غذايي مينو شرق,141,842085,3856750809,4809,4751,4569,-240,-4.99,4745,-64,-1.33,4569,4751,1400-8-9,2021-10-31
500,وامين,س. امين توان آفرين ساز,141,311698,3995785332,12837,12837,12870,33,0.26,12836,-1,-0.01,12700,12900,1400-8-9,2021-10-31
501,وپخش,داروپخش‌ (هلدينگ‌,140,582783,17173284380,30630,29550,29490,-1140,-3.72,30150,-480,-1.57,29250,30000,1400-8-9,2021-10-31
502,ولغدر,ليزينگ‌خودروغدير,138,1138034,13045994560,12060,11460,11460,-600,-4.98,11490,-570,-4.73,11460,11990,1400-8-9,2021-10-31
503,دفارا,داروسازي‌ فارابي‌,138,413348,6050451340,15400,14710,14630,-770,-5,15070,-330,-2.14,14630,14950,1400-8-9,2021-10-31
504,شگل,گلتاش‌,137,598945,3812662320,6680,6450,6360,-320,-4.79,6600,-80,-1.2,6350,6650,1400-8-9,2021-10-31
505,كخاك,صنايع‌خاك‌چيني‌ايران‌,135,175397,4311404420,25470,24500,24530,-940,-3.69,25210,-260,-1.02,24500,25000,1400-8-9,2021-10-31
506,سنير,سيمان‌ سفيد ني‌ريز,135,52961,4657390340,92560,87940,87940,-4620,-4.99,90990,-1570,-1.7,87940,87940,1400-8-9,2021-10-31
507,دتوليد,داروسازي توليد دارو,132,420394,3816091063,9554,9077,9077,-477,-4.99,9420,-134,-1.4,9077,9369,1400-8-9,2021-10-31
508,كساپا,سايپاشيشه‌,132,561037,9920348370,19030,18300,17390,-1640,-8.62,18070,-960,-5.04,17390,18300,1400-8-9,2021-10-31
509,تكنار,مجتمع معادن مس تكنار,131,150285,8766427496,60131,59000,58328,-1803,-3,58456,-1675,-2.79,58328,61000,1400-8-9,2021-10-31
510,سخزر,سيمان‌ خزر,130,678645,13223432430,20500,19510,19480,-1020,-4.98,19520,-980,-4.78,19480,20200,1400-8-9,2021-10-31
511,ماني,صندوق س. با درآمد ثابت ماني,128,772998,8036718860,10392,10398,10398,6,0.06,10397,5,0.05,10396,10398,1400-8-9,2021-10-31
512,وكادو,تكادو,127,979629,15181722185,15976,15498,15497,-479,-3,15497,-479,-3,15497,15555,1400-8-9,2021-10-31
513,كسعدي,كاشي‌ سعدي‌,127,571242,4782040570,8810,8370,8370,-440,-4.99,8660,-150,-1.7,8370,8390,1400-8-9,2021-10-31
514,غشان,شيرپاستوريزه‌پگاه‌خراسان‌,127,1236194,5469276676,4638,4408,4407,-231,-4.98,4552,-86,-1.85,4407,4635,1400-8-9,2021-10-31
515,غمهرا,توليدي‌مهرام‌,127,92491,4073850820,46080,45240,43780,-2300,-4.99,45480,-600,-1.3,43780,45240,1400-8-9,2021-10-31
516,حپارسا,توسعه حمل و نقل ريلي پارسيان,126,350095,10306197913,30934,29510,29388,-1546,-5,29806,-1128,-3.65,29388,30100,1400-8-9,2021-10-31
517,دحاوي,الحاوي,126,2764921,12962394417,4831,4704,4687,-144,-2.98,4688,-143,-2.96,4687,4789,1400-8-9,2021-10-31
518,ساينا,صنايع بهداشتي ساينا,126,58311,5595346082,100265,95380,95252,-5013,-5,98505,-1760,-1.76,95252,99300,1400-8-9,2021-10-31
519,ما,بيمه  ما,125,1649523,9878382240,6290,6050,5980,-310,-4.93,6080,-210,-3.34,5980,6230,1400-8-9,2021-10-31
520,سدشت,صنايع سيمان دشتستان,125,66233,2392790050,37890,36170,36020,-1870,-4.94,37640,-250,-0.66,36000,38800,1400-8-9,2021-10-31
521,دكوثر,داروسازي‌ كوثر,124,1081971,3376908542,3283,3122,3119,-164,-5,3243,-40,-1.22,3119,3230,1400-8-9,2021-10-31
522,مارون,پتروشيمي مارون,123,23744,4200341485,183270,184880,176460,-6810,-3.72,182992,-278,-0.15,175200,184880,1400-8-9,2021-10-31
523,اخزا914,اسنادخزانه-م14بودجه99-021025,121,218698,136827406369,623845,620111,625020,1175,0.19,625645,1800,0.29,620022,627000,1400-8-9,2021-10-31
524,قمرو,قند مرودشت‌,120,345948,8005000370,24300,23450,23160,-1140,-4.69,23650,-650,-2.67,23090,23750,1400-8-9,2021-10-31
525,دسبحا,گروه دارويي سبحان,120,432383,7523628360,18210,17310,17300,-910,-5,17940,-270,-1.48,17300,17730,1400-8-9,2021-10-31
526,اخزا006,اسنادخزانه-م6بودجه00-030723,120,598361,318144441051,530091,529970,533000,2909,0.55,531693,1602,0.3,529457,535879,1400-8-9,2021-10-31
527,دسينا,داروسازي‌ سينا,119,199382,3678434090,19140,18220,18500,-640,-3.34,18960,-180,-0.94,18220,18900,1400-8-9,2021-10-31
528,خصدرا,صنعتي‌ دريايي‌ ايران‌,118,3198328,8213306304,2647,2568,2568,-79,-2.98,2623,-24,-0.91,2568,2568,1400-8-9,2021-10-31
529,فردا2,صندوق س آواي فرداي زاگرس-ثابت,117,11700000,11700000,11708,1,1,-11707,-99.99,1,-11707,-99.99,1,1,1400-8-9,2021-10-31
530,شپاس,نفت پاسارگاد,117,507128,8156539132,16917,16250,16072,-845,-4.99,16477,-440,-2.6,16072,16250,1400-8-9,2021-10-31
531,سكرما,سيمان‌ كرمان‌,116,1284901,17874842290,14620,14400,13890,-730,-4.99,13910,-710,-4.86,13890,14490,1400-8-9,2021-10-31
532,ثغرب,شركت سرمايه گذاري مسكن شمالغرب,116,628365,2392222252,3993,3990,3794,-199,-4.98,3961,-32,-0.8,3794,3990,1400-8-9,2021-10-31
533,كلر,كلر پارس,116,68419,7337595655,112889,107245,107245,-5644,-5,109941,-2948,-2.61,107245,107245,1400-8-9,2021-10-31
534,تاپكيش,تجارت الكترونيك پارسيان كيش,116,1711289,27890588122,17155,16298,16298,-857,-5,16298,-857,-5,16298,16298,1400-8-9,2021-10-31
535,خرينگ,رينگ‌سازي‌مشهد,115,174549,4543510470,27400,26030,26030,-1370,-5,26940,-460,-1.68,26030,26030,1400-8-9,2021-10-31
536,فاهواز,نورد و لوله اهواز,113,5719789,32122335024,5730,5616,5616,-114,-1.99,5616,-114,-1.99,5616,5616,1400-8-9,2021-10-31
537,تسه9810,امتياز تسهيلات مسكن دي98,113,3635,2507144235,684933,659000,692988,8055,1.18,689723,4790,0.7,659000,700000,1400-8-9,2021-10-31
538,تكنو,تكنوتار,113,544218,5026056580,9670,9350,9190,-480,-4.96,9520,-150,-1.55,9190,9400,1400-8-9,2021-10-31
539,زر,صندوق س.پشتوانه سكه طلاي زر,113,88736,4455668350,50743,50999,50201,-542,-1.07,50213,-530,-1.04,50090,50999,1400-8-9,2021-10-31
540,سپاس,صندوق س. پاداش سهامداري-ثابت,113,2342072,23743769279,10131,10138,10136,5,0.05,10138,7,0.07,10136,10140,1400-8-9,2021-10-31
541,قشهد,شهد,113,445010,5954046570,14030,13900,13330,-700,-4.99,13750,-280,-2,13330,13900,1400-8-9,2021-10-31
542,صايند,صندوق س. گنجينه آينده روشن-د,112,393620,3973428370,10106,10110,10090,-16,-0.16,10095,-11,-0.11,10087,10128,1400-8-9,2021-10-31
543,گوهر,صندوق سكه طلاي كيان,111,144337,8376298046,58285,58300,58200,-85,-0.15,58033,-252,-0.43,57921,58398,1400-8-9,2021-10-31
544,مفاخر,توسعه فناوري اطلاعات خوارزمي,110,268756,8113494505,31777,30189,30189,-1588,-5,30900,-877,-2.76,30189,30200,1400-8-9,2021-10-31
545,قنقش,قند نقش جهان,110,124230,12875197200,101608,103640,103640,2032,2,103640,2032,2,103640,103640,1400-8-9,2021-10-31
546,آكورد2,صندوق س. آرمان آتي كوثر-د,110,11000000,11000000,34930,1,1,-34929,-100,1,-34929,-100,1,1,1400-8-9,2021-10-31
547,فافزا,فولاد افزا سپاهان,108,239041,10727273662,47237,44876,44876,-2361,-5,44876,-2361,-5,44876,45000,1400-8-9,2021-10-31
548,غشاذر,پگاه‌آذربايجان‌غربي‌,107,980165,5364777950,5750,5470,5470,-280,-4.87,5640,-110,-1.91,5470,5750,1400-8-9,2021-10-31
549,بالبر,كابل‌ البرز,106,107132,2648589610,25910,25900,24620,-1290,-4.98,25680,-230,-0.89,24620,25900,1400-8-9,2021-10-31
550,خكاوه,سايپا ديزل,104,1340348,4472689680,3439,3336,3336,-103,-3,3391,-48,-1.4,3336,3400,1400-8-9,2021-10-31
551,اخزا002,اسنادخزانه-م2بودجه00-031024,104,328868,166003991986,502508,502508,502901,393,0.08,504774,2266,0.45,501004,506963,1400-8-9,2021-10-31
552,عيار,صندوق سكه طلاي مفيد,104,166034,4886616617,29598,29700,29550,-48,-0.16,29431,-167,-0.56,29310,29700,1400-8-9,2021-10-31
553,فبيرا,بسته‌ بندي‌ ايران‌,103,3259078,5436809970,1718,1667,1667,-51,-2.97,1689,-29,-1.69,1667,1714,1400-8-9,2021-10-31
554,ريشمك,توليد و صادرات ريشمك,102,206937,5395556758,27445,26076,26073,-1372,-5,26905,-540,-1.97,26073,26076,1400-8-9,2021-10-31
555,تسه0001,امتيازتسهيلات مسكن فروردين1400,102,2037,1419984494,694857,680018,718999,24142,3.47,697096,2239,0.32,680018,718999,1400-8-9,2021-10-31
556,تسه9912,امتياز تسهيلات مسكن اسفند99,102,2014,1401606528,687073,680000,655175,-31898,-4.64,695932,8859,1.29,655175,709000,1400-8-9,2021-10-31
557,شصفها,پتروشيمي‌ اصفهان‌,102,879535,108484407200,125821,123350,123305,-2516,-2,123343,-2478,-1.97,123305,125700,1400-8-9,2021-10-31
558,چكاوه,صنايع‌كاغذسازي‌كاوه‌,101,346280,3835406370,11640,11630,11060,-580,-4.98,11490,-150,-1.29,11060,11630,1400-8-9,2021-10-31
559,جوين,كشت و صنعت جوين,100,876054,2271640845,2672,2593,2592,-80,-2.99,2653,-19,-0.71,2592,2600,1400-8-9,2021-10-31
560,داوه,داروسازي آوه سينا,100,409861,4544398467,11666,11091,11083,-583,-5,11476,-190,-1.63,11083,11210,1400-8-9,2021-10-31
561,كي بي سي,شركت كي بي سي,99,249977,4025802030,16947,16110,16100,-847,-5,16702,-245,-1.45,16100,16587,1400-8-9,2021-10-31
562,اتكامح,ح . بيمه اتكايي امين,98,1066944,2005449047,1931,1910,1869,-62,-3.21,1880,-51,-2.64,1853,1943,1400-8-9,2021-10-31
563,آساس,صندوق س.آسمان آرماني سهام-س,97,48429,7581088835,163347,161300,156010,-7337,-4.49,156540,-6807,-4.17,155301,161300,1400-8-9,2021-10-31
564,وآفري,بيمه كارآفرين,97,1910513,6162833193,3324,3225,3226,-98,-2.95,3275,-49,-1.47,3225,3293,1400-8-9,2021-10-31
565,خوساز,محورسازان‌ايران‌خودرو,97,884909,5201614570,6150,5850,5850,-300,-4.88,6050,-100,-1.63,5850,6260,1400-8-9,2021-10-31
566,سرود,سيمان‌شاهرود,96,1087594,23809126080,23030,22160,21880,-1150,-4.99,21890,-1140,-4.95,21880,22200,1400-8-9,2021-10-31
567,غبهار,كشت وصنعت بهاران گلبهار خراسان,96,322771,4216516034,13430,13030,13028,-402,-2.99,13267,-163,-1.21,13028,13500,1400-8-9,2021-10-31
568,چافست,افست‌,93,613679,5227124410,8950,8520,8510,-440,-4.92,8790,-160,-1.79,8510,8800,1400-8-9,2021-10-31
569,سفار,سيمان‌فارس‌,93,34486,1809100740,55180,52460,52430,-2750,-4.98,54830,-350,-0.63,52430,53000,1400-8-9,2021-10-31
570,وبازار,صندوق س شاخصي بازارآشنا,91,527549,6056827460,11770,11600,11360,-410,-3.48,11480,-290,-2.46,11290,11610,1400-8-9,2021-10-31
571,سپ,پرداخت الكترونيك سامان كيش,91,218183,6457550310,31140,29650,29590,-1550,-4.98,30970,-170,-0.55,29590,30000,1400-8-9,2021-10-31
572,خاور,ايران خودرو ديزل,90,650020,4247230680,6736,6534,6534,-202,-3,6670,-66,-0.98,6534,6534,1400-8-9,2021-10-31
573,قزوين,كارخانجات‌ قند قزوين‌,90,475570,13001301370,28130,27500,27000,-1130,-4.02,27410,-720,-2.56,27000,27600,1400-8-9,2021-10-31
574,زكشت,كشاورزي مكانيزه اصفهان كشت,89,226945,4854714749,22340,21645,21223,-1117,-5,22017,-323,-1.45,21223,21991,1400-8-9,2021-10-31
575,خريخت,صنايع‌ريخته‌گري‌ايران‌,88,1480982,5156752935,3661,3669,3478,-183,-5,3595,-66,-1.8,3478,3669,1400-8-9,2021-10-31
576,خچرخش,چرخشگر,88,1126020,8874726600,8280,7980,7870,-410,-4.95,8020,-260,-3.14,7870,7990,1400-8-9,2021-10-31
577,توريل,توكاريل,87,304518,3131358594,10824,10283,10283,-541,-5,10700,-124,-1.15,10283,10283,1400-8-9,2021-10-31
578,تسه9911,امتياز تسهيلات مسكن بهمن99,86,1180,816970648,686996,680000,689690,2694,0.39,692348,5352,0.78,665161,720000,1400-8-9,2021-10-31
579,اراد33,مرابحه عام دولت3-ش.خ 0303,86,116300,104333389000,909770,892000,881000,-28770,-3.16,897106,-12664,-1.39,881000,939952,1400-8-9,2021-10-31
580,رتكو,كنترل‌خوردگي‌تكين‌كو,86,486666,4255413440,9190,8780,8740,-450,-4.9,9050,-140,-1.52,8740,9260,1400-8-9,2021-10-31
581,دالبر,البرزدارو,86,539861,7142670910,13920,13240,13230,-690,-4.96,13620,-300,-2.16,13230,13370,1400-8-9,2021-10-31
582,بساما,بيمه سامان,85,271495,5714611666,22112,21522,21007,-1105,-5,21761,-351,-1.59,21007,22080,1400-8-9,2021-10-31
583,ضترا8057,اختيارخ شتران-3000-1400/08/09,81,2372,5962894634,1402,1300,1045,-357,-25.46,1109,-293,-20.9,981,1300,1400-8-9,2021-10-31
584,دكيمي,كيميدارو,80,392900,6998077240,18700,17880,17770,-930,-4.97,18260,-440,-2.35,17770,18290,1400-8-9,2021-10-31
585,زقيام,كشت و دام قيام اصفهان,80,1688138,2955929638,1843,1751,1751,-92,-4.99,1824,-19,-1.03,1751,1751,1400-8-9,2021-10-31
586,اخزا902,اسنادخزانه-م2بودجه99-011019,79,132958,104390351579,783701,782000,784010,309,0.04,785138,1437,0.18,781601,788000,1400-8-9,2021-10-31
587,بخاور,بيمه زندگي خاورميانه,79,1162611,4795066431,4310,4250,4095,-215,-4.99,4248,-62,-1.44,4095,4270,1400-8-9,2021-10-31
588,وساغربي,شركت س استان آذربايجان غربي,79,2869285,1195479827,437,419,416,-21,-4.81,436,-1,-0.23,416,419,1400-8-9,2021-10-31
589,ركيش,كارت اعتباري ايران كيش,78,1026134,5449813630,5580,5310,5310,-270,-4.84,5480,-100,-1.79,5310,5330,1400-8-9,2021-10-31
590,حخزر,كشتيراني درياي خزر,78,281315,4744284119,17720,17000,16834,-886,-5,17423,-297,-1.68,16834,17222,1400-8-9,2021-10-31
591,فالوم,آلومتك‌,78,228605,5977839484,26955,26148,26147,-808,-3,26444,-511,-1.9,26147,26250,1400-8-9,2021-10-31
592,واعتبار,سرمايه گذاري اعتبار ايران,78,421331,2789211220,6310,6620,6620,310,4.91,6370,60,0.95,6620,6620,1400-8-9,2021-10-31
593,قپيرا,فرآورده‌هاي‌غدايي‌وقندپيرانشهر,77,485832,4007519870,8660,8500,8230,-430,-4.97,8540,-120,-1.39,8230,8610,1400-8-9,2021-10-31
594,تسه9808,امتياز تسهيلات مسكن آبان98,77,2890,1989967711,676149,667000,689990,13841,2.05,688570,12421,1.84,667000,700000,1400-8-9,2021-10-31
595,تسه9902,امتياز تسهيلات مسكن ارديبهشت99,76,1495,1025866914,681080,655000,670000,-11080,-1.63,686199,5119,0.75,655000,710000,1400-8-9,2021-10-31
596,تسه9910,امتياز تسهيلات مسكن دي99,75,1733,1200997764,681999,689000,690005,8006,1.17,693017,11018,1.62,681999,714000,1400-8-9,2021-10-31
597,اخزا001,اسنادخزانه-م1بودجه00-030821,73,283374,148414171562,521911,540000,522500,589,0.11,523740,1829,0.35,520003,540000,1400-8-9,2021-10-31
598,كميناح,ح . شيشه سازي مينا,72,2246436,14037696156,6441,6248,6248,-193,-3,6249,-192,-2.98,6248,6577,1400-8-9,2021-10-31
599,سايرا,ايرانيت‌,70,1109715,38335104675,35250,34545,34545,-705,-2,34545,-705,-2,34545,34545,1400-8-9,2021-10-31
600,افق ملت,صندوق س در سهام افق ملت,70,36249,5037692650,141510,140000,138000,-3510,-2.48,138970,-2540,-1.79,137500,140000,1400-8-9,2021-10-31
601,وتعاون,بيمه  تعاون,70,980027,1822937220,1917,1860,1860,-57,-2.97,1906,-11,-0.57,1860,1889,1400-8-9,2021-10-31
602,فنرژي,گسترش صنايع انرژي آذرآب,69,216096,2822862048,13607,13063,13063,-544,-4,13293,-314,-2.31,13063,13063,1400-8-9,2021-10-31
603,تسه9907,امتياز تسهيلات مسكن مهر99,68,1443,1003640913,679961,665280,665100,-14861,-2.19,695524,15563,2.29,665100,713959,1400-8-9,2021-10-31
604,غپونه,نوش پونه مشهد,67,389300,4668245292,12361,11996,11991,-370,-2.99,12179,-182,-1.47,11991,11996,1400-8-9,2021-10-31
605,ضترا8058,اختيارخ شتران-3442-1400/08/09,67,1435,2158825561,899,707,610,-289,-32.15,664,-235,-26.14,540,748,1400-8-9,2021-10-31
606,تسه9909,امتياز تسهيلات مسكن آذر99,67,1140,802041321,692214,672000,686000,-6214,-0.9,703545,11331,1.64,672000,720000,1400-8-9,2021-10-31
607,لپيام,گسترش صنايع پيام,67,161165,6049005945,38693,37533,37533,-1160,-3,37952,-741,-1.92,37533,37533,1400-8-9,2021-10-31
608,قلرست,قند لرستان‌,67,201566,3562354120,18590,17680,17670,-920,-4.95,18350,-240,-1.29,17670,17690,1400-8-9,2021-10-31
609,ضسپا8040,اختيارخ خساپا-1400-1400/08/26,67,2893,161201000,140,101,70,-70,-50,56,-84,-60,40,118,1400-8-9,2021-10-31
610,شپترو,پتروشيمي آبادان,66,481084,1837740880,3938,3820,3820,-118,-3,3915,-23,-0.58,3820,3820,1400-8-9,2021-10-31
611,سمتاز,سيمان ممتازان كرمان,66,137736,2160256640,16164,15680,15680,-484,-2.99,16056,-108,-0.67,15680,15720,1400-8-9,2021-10-31
612,هكوير109,اختيارف ت كوير-8194-01/09/20,66,1000000,847000000,807,847,847,40,4.96,847,40,4.96,847,847,1400-8-9,2021-10-31
613,زعف0110پ11,زعفران0110نگين سحرخيز(پ),65,70307,17793913672,250068,262679,251000,932,0.37,253089,3021,1.21,251000,262679,1400-8-9,2021-10-31
614,سمگا,گروه سرمايه گذاري ميراث فرهنگي,65,445357,4275427200,10105,9600,9600,-505,-5,10049,-56,-0.55,9600,9600,1400-8-9,2021-10-31
615,وتوس,توسعه‌شهري‌توس‌گستر,64,510440,5340128910,11010,10660,10460,-550,-5,10800,-210,-1.91,10460,10660,1400-8-9,2021-10-31
616,خنصير,مهندسي‌نصيرماشين‌,64,447749,9156467050,21520,20450,20450,-1070,-4.97,20800,-720,-3.35,20450,20450,1400-8-9,2021-10-31
617,اخزا908,اسنادخزانه-م8بودجه99-020606,63,83550,56732779856,677764,681000,678235,471,0.07,679028,1264,0.19,677000,684000,1400-8-9,2021-10-31
618,ثزاگرس,سرمايه گذاري توسعه عمران زاگرس,63,95953,3087783838,33840,32148,32148,-1692,-5,33290,-550,-1.63,32148,33001,1400-8-9,2021-10-31
619,سكه0012پ04,تمام سكه طرح جديد0012صادرات,62,18000,20902950800,1167808,1161001,1161033,-6775,-0.58,1161275,-6533,-0.56,1156000,1165009,1400-8-9,2021-10-31
620,كشرق,صنعتي و معدني شمال شرق شاهرود,61,120200,7725909151,67656,64300,64274,-3382,-5,65752,-1904,-2.81,64274,64300,1400-8-9,2021-10-31
621,وگردش,بانك گردشگري,61,4018297,41344257833,10607,10289,10289,-318,-3,10394,-213,-2.01,10289,10289,1400-8-9,2021-10-31
622,كقزوي,شيشه‌ قزوين‌,61,404591,3658589224,9319,9050,9040,-279,-2.99,9217,-102,-1.09,9040,9050,1400-8-9,2021-10-31
623,شجم,صنايع پتروشيمي تخت جمشيد,60,428217,4910792556,12071,11468,11468,-603,-5,11972,-99,-0.82,11468,11468,1400-8-9,2021-10-31
624,فمراد,آلومراد,60,188896,3260344960,18160,17260,17260,-900,-4.96,17960,-200,-1.1,17260,17260,1400-8-9,2021-10-31
625,اخزا909,اسنادخزانه-م9بودجه99-020316,60,127839,91763202005,717231,714446,718200,969,0.14,717803,572,0.08,714446,719990,1400-8-9,2021-10-31
626,فيروزا,صندوق بادرآمد ثابت فيروزه آسيا,59,270551,6910162050,25539,25500,25545,6,0.02,25541,2,0.01,25500,25600,1400-8-9,2021-10-31
627,سكه0112پ03,تمام سكه طرح جديد0112سامان,59,13000,15058599600,1167580,1162009,1165500,-2080,-0.18,1158354,-9226,-0.79,1150000,1165500,1400-8-9,2021-10-31
628,فراز,صندوق س.سهام فراز داريك-س,58,533507,7549884267,14151,14151,14151,0,0,14151,0,0,14150,14265,1400-8-9,2021-10-31
629,بسويچ,پارس‌سويچ‌,57,45329,727094160,16880,16040,16040,-840,-4.98,16840,-40,-0.24,16040,16050,1400-8-9,2021-10-31
630,اخزا903,اسنادخزانه-م3بودجه99-011110,56,136695,105968542360,774138,772802,774650,512,0.07,775219,1081,0.14,772802,778000,1400-8-9,2021-10-31
631,خمحور,توليدمحورخودرو,56,2196292,4917389183,2355,2238,2238,-117,-4.97,2314,-41,-1.74,2238,2250,1400-8-9,2021-10-31
632,زعف0008پ11,زعفران0008نگين سحرخيز(پ),56,55526,10001684298,173741,180476,180478,6737,3.88,180126,6385,3.68,177899,180478,1400-8-9,2021-10-31
633,تسه9811,امتياز تسهيلات مسكن بهمن98,55,406,280527700,687119,697990,684790,-2329,-0.34,690955,3836,0.56,680222,702900,1400-8-9,2021-10-31
634,ضشنا8005,اختيارخ شپنا-12800-1400/08/16,54,3049,29849000,40,109,10,-30,-75,10,-30,-75,4,110,1400-8-9,2021-10-31
635,غنوش,نوش‌ مازندران‌,54,52963,1569823320,31190,29640,29640,-1550,-4.97,31020,-170,-0.55,29640,29640,1400-8-9,2021-10-31
636,گنگين,اقتصادي نگين گردشگري ايرانيان,54,356880,8495038834,24516,23783,23781,-735,-3,24304,-212,-0.86,23781,24000,1400-8-9,2021-10-31
637,ساروج,بين المللي ساروج بوشهر,53,137737,2327653620,16930,17100,16930,0,0,16923,-7,-0.04,16760,17100,1400-8-9,2021-10-31
638,ولملت,واسپاري ملت,53,2117000,16025690000,7960,7570,7570,-390,-4.9,7570,-390,-4.9,7570,7570,1400-8-9,2021-10-31
639,سكه0011پ02,تمام سكه طرح جديد0011ملت,52,7700,8926911100,1166782,1155000,1164990,-1792,-0.15,1159339,-7443,-0.64,1151000,1164999,1400-8-9,2021-10-31
640,ديران,ايران‌دارو,52,162998,4030940540,26030,24730,24730,-1300,-4.99,25650,-380,-1.46,24730,24730,1400-8-9,2021-10-31
641,اخزا007,اسنادخزانه-م7بودجه00-030912,51,280627,145479225378,515885,519999,517600,1715,0.33,518408,2523,0.49,515209,520000,1400-8-9,2021-10-31
642,اخزا008,اسنادخزانه-م8بودجه00-030919,51,165363,85178936108,514168,516890,513500,-668,-0.13,515103,935,0.18,512003,516890,1400-8-9,2021-10-31
643,ضفلا1163,اختيارخ فولاد-10000-1400/11/24,50,549,1225100000,2408,2660,2200,-208,-8.64,2232,-176,-7.31,2157,2660,1400-8-9,2021-10-31
644,تسه9812,امتياز تسهيلات مسكن اسفند98,50,366,253479419,694621,681000,682001,-12620,-1.82,692567,-2054,-0.3,676000,729352,1400-8-9,2021-10-31
645,تسه9904,امتياز تسهيلات مسكن تير99,50,772,532533253,680655,678122,690000,9345,1.37,689810,9155,1.35,660196,714000,1400-8-9,2021-10-31
646,اخزا901,اسنادخزانه-م1بودجه99-010621,49,25362,21243040187,837885,834501,838200,315,0.04,837593,-292,-0.03,834501,839000,1400-8-9,2021-10-31
647,دجابر,داروسازي‌ جابرابن‌حيان‌,49,98537,1153137120,12300,11800,11690,-610,-4.96,12250,-50,-0.41,11690,11800,1400-8-9,2021-10-31
648,تسه9809,امتياز تسهيلات مسكن آذر98,49,442,303536483,692896,678001,684722,-8174,-1.18,686734,-6162,-0.89,678001,698966,1400-8-9,2021-10-31
649,اخزا003,اسنادخزانه-م3بودجه00-030418,49,143845,81053173623,561621,565000,562502,881,0.16,563476,1855,0.33,560557,565000,1400-8-9,2021-10-31
650,تسه9905,امتياز تسهيلات مسكن مرداد99,48,527,371748590,680184,673000,714193,34009,5,705405,25221,3.71,672222,714193,1400-8-9,2021-10-31
651,ضفلا1164,اختيارخ فولاد-12000-1400/11/24,47,1969,2250933000,1247,1200,1270,23,1.84,1143,-104,-8.34,1061,1299,1400-8-9,2021-10-31
652,برن0104پ01,برنج طارم0104تجارت مازندران(پ),44,2855,1156076668,402151,421898,407000,4849,1.21,404931,2780,0.69,402000,422258,1400-8-9,2021-10-31
653,آتيمس,صندوق س.آرمان آتيه درخشان مس-س,44,10029,1799600805,183633,182043,176168,-7465,-4.07,179440,-4193,-2.28,176168,182043,1400-8-9,2021-10-31
654,سخند,صندوق س.سپهرخبرگان نفت-د,44,336200,3401712100,10123,10119,10118,-5,-0.05,10118,-5,-0.05,10118,10119,1400-8-9,2021-10-31
655,تسه9901,امتياز تسهيلات مسكن فروردين99,42,330,227100202,695303,730068,682001,-13302,-1.91,688182,-7121,-1.02,671000,730068,1400-8-9,2021-10-31
656,سباقر,سيمان باقران,42,307175,4727730425,15867,15391,15391,-476,-3,15629,-238,-1.5,15391,15391,1400-8-9,2021-10-31
657,الماس,صندوق س.امين تدبيرگران فردا-س,41,9855,1013356329,105014,105490,99530,-5484,-5.22,102827,-2187,-2.08,99000,105490,1400-8-9,2021-10-31
658,زعف0008پ05,زعفران0008نگين زرين(پ),41,16801,3004703280,178058,180478,179000,942,0.53,178841,783,0.44,177700,180478,1400-8-9,2021-10-31
659,كمينا,شيشه سازي مينا,41,150420,1365663180,9556,9079,9079,-477,-4.99,9487,-69,-0.72,9079,9079,1400-8-9,2021-10-31
660,اوصتا,صندوق انديشه ورزان صباتامين -د,39,543894,11061151344,20316,20339,20339,23,0.11,20337,21,0.1,20336,20339,1400-8-9,2021-10-31
661,ضشنا8006,اختيارخ شپنا-14800-1400/08/16,39,1747,8588000,21,4,5,-16,-76.19,5,-16,-76.19,4,5,1400-8-9,2021-10-31
662,وآرين,شركت توسعه اقتصادي آرين,39,290066,610078863,2168,2103,2103,-65,-3,2164,-4,-0.18,2103,2130,1400-8-9,2021-10-31
663,وبهمن,سرمايه‌گذاري‌بهمن‌,39,57904,831121910,15070,14360,14320,-750,-4.98,15030,-40,-0.27,14320,14560,1400-8-9,2021-10-31
664,زعف0110پ18,زعفران0110نگين بهرامن(پ),38,45590,11499822700,248502,262679,250000,1498,0.6,252244,3742,1.51,242000,262679,1400-8-9,2021-10-31
665,فلات,گروه صنايع معادن فلات ايرانيان,35,155289,2108669331,14293,13579,13579,-714,-5,14130,-163,-1.14,13579,13579,1400-8-9,2021-10-31
666,اخزا817,اسنادخزانه-م17بودجه98-010512,35,110435,94647315453,855440,863500,857500,2060,0.24,857041,1601,0.19,857000,863500,1400-8-9,2021-10-31
667,تسه9906,امتياز تسهيلات مسكن شهريور99,35,244,170190408,684486,672682,700000,15514,2.27,697502,13016,1.9,672682,700000,1400-8-9,2021-10-31
668,دبالكح,ح.مواد اوليه دارويي البرز بالك,35,54940,317802744,6088,5784,5784,-304,-4.99,5785,-303,-4.98,5784,5958,1400-8-9,2021-10-31
669,ضترا8060,اختيارخ شتران-4323-1400/08/09,35,679,5132488,92,8,1,-91,-98.91,3,-89,-96.74,1,20,1400-8-9,2021-10-31
670,اخزا812,اسنادخزانه-م12بودجه98-001111,34,26665,25318321693,949545,953990,949600,55,0.01,949496,-49,-0.01,948005,953990,1400-8-9,2021-10-31
671,ومشان,س. فني و مهندسي مشانير,34,20976,1174131600,57706,55975,55975,-1731,-3,57343,-363,-0.63,55975,55975,1400-8-9,2021-10-31
672,تسه9903,امتياز تسهيلات مسكن خرداد99,33,271,185489069,678663,680022,682000,3337,0.49,684461,5798,0.85,664622,712593,1400-8-9,2021-10-31
673,ضپال2007,اختيارخ اپال-32000-1401/02/12,30,323,132741000,575,511,494,-81,-14.09,411,-164,-28.52,390,511,1400-8-9,2021-10-31
674,فافق,صنايع مس افق كرمان,30,347302,1383651168,4107,3984,3984,-123,-2.99,4089,-18,-0.44,3984,3984,1400-8-9,2021-10-31
675,ضسپا8042,اختيارخ خساپا-1800-1400/08/26,30,1230,4396000,7,8,3,-4,-57.14,4,-3,-42.86,1,8,1400-8-9,2021-10-31
676,كيسون,شركت كيسون,29,111353,764883757,7081,6869,6869,-212,-2.99,7069,-12,-0.17,6869,6869,1400-8-9,2021-10-31
677,ثاباد,توريستي ورفاهي آبادگران ايران,29,74734,2772631400,39050,37100,37100,-1950,-4.99,38660,-390,-1,37100,37100,1400-8-9,2021-10-31
678,كهربا,صندوق س.پشتوانه سكه طلا كهربا,29,74221,754399243,10208,10230,10140,-68,-0.67,10164,-44,-0.43,10140,10230,1400-8-9,2021-10-31
679,اخزا004,اسنادخزانه-م4بودجه00-030522,29,94302,52098652554,550794,550794,553900,3106,0.56,552466,1672,0.3,550794,555000,1400-8-9,2021-10-31
680,آبين,كشت و صنعت آبشيرين,29,303330,557557292,1893,1840,1837,-56,-2.96,1890,-3,-0.16,1837,1840,1400-8-9,2021-10-31
681,آ س پ,آ.س.پ,29,90920,704175400,8152,7745,7745,-407,-4.99,8131,-21,-0.26,7745,7745,1400-8-9,2021-10-31
682,ضشنا8003,اختيارخ شپنا-8800-1400/08/16,25,372,435293000,1801,1400,1300,-501,-27.82,1170,-631,-35.04,1100,1400,1400-8-9,2021-10-31
683,آسام,صندوق س.آرمان سپهر آشنا-م,24,14660,1759218400,120668,120000,120000,-668,-0.55,120001,-667,-0.55,120000,120100,1400-8-9,2021-10-31
684,ضشنا1048,اختيارخ شپنا-5450-1400/10/19,23,540,690390000,1556,1450,1300,-256,-16.45,1278,-278,-17.87,1180,1450,1400-8-9,2021-10-31
685,اخزا005,اسنادخزانه-م5بودجه00-030626,23,100050,53809013759,539477,545987,537003,-2474,-0.46,537821,-1656,-0.31,537000,545987,1400-8-9,2021-10-31
686,زعف0110پ10,زعفران0110نگين طلاي سرخ(پ),23,19578,4894745610,100000,262679,250000,150000,150,250013,150013,150.01,249990,262679,1400-8-9,2021-10-31
687,اخزا917,اسنادخزانه-م17بودجه99-010226,22,138000,123304772000,892620,893000,894000,1380,0.15,893513,893,0.1,893000,895000,1400-8-9,2021-10-31
688,اطلس2,صندوق س.توسعه اندوخته آينده-س,22,220000,220000,244244,1,1,-244243,-100,1,-244243,-100,1,1,1400-8-9,2021-10-31
689,اخزا904,اسنادخزانه-م4بودجه99-011215,22,75646,57450104048,757578,758540,761500,3922,0.52,759460,1882,0.25,758535,761500,1400-8-9,2021-10-31
690,سكه0111پ05,تمام سكه طرح جديد0111آينده,22,2900,3366313700,1166035,1161001,1162101,-3934,-0.34,1160798,-5237,-0.45,1158000,1163999,1400-8-9,2021-10-31
691,سكارون,سيمان كارون,22,6152,365742552,62580,59451,59451,-3129,-5,62459,-121,-0.19,59451,59451,1400-8-9,2021-10-31
692,دمعيار,صندوق س. توازن معيار-د,21,438501,4404849052,10040,10045,10045,5,0.05,10045,5,0.05,10045,10050,1400-8-9,2021-10-31
693,گنجين,صندوق س. گنجينه يكم آويد-د,21,112480,1579504566,14033,14043,14042,9,0.06,14043,10,0.07,14033,14043,1400-8-9,2021-10-31
694,وساشرقي,شركت س استان آذربايجان شرقي,21,406577,176860995,457,435,435,-22,-4.81,457,0,0,435,435,1400-8-9,2021-10-31
695,تشتاد,صنايع توليدي اشتاد ايران‌,20,137626,725426646,5433,5271,5271,-162,-2.98,5421,-12,-0.22,5271,5271,1400-8-9,2021-10-31
696,دقاضي,داروسازي شهيد قاضي,20,14635,424862115,29926,29029,29029,-897,-3,29887,-39,-0.13,29029,29140,1400-8-9,2021-10-31
697,وهنر,گروه توسعه هنر ايران,20,63503,223276548,3624,3516,3516,-108,-2.98,3621,-3,-0.08,3516,3516,1400-8-9,2021-10-31
698,اخزا907,اسنادخزانه-م7بودجه99-020704,20,37459,25096543985,663902,670500,669800,5898,0.89,669974,6072,0.91,665003,670550,1400-8-9,2021-10-31
699,اوان,مبين وان كيش,20,61668,1261850616,21538,20462,20462,-1076,-5,21441,-97,-0.45,20462,20462,1400-8-9,2021-10-31
700,ضترا8059,اختيارخ شتران-3882-1400/08/09,20,258,140563068,364,292,219,-145,-39.84,240,-124,-34.07,205,293,1400-8-9,2021-10-31
701,نگين,ص.س. زمين و ساختمان نگين شهرري,20,1447,75850510,51070,52500,52540,1470,2.88,52420,1350,2.64,51130,52550,1400-8-9,2021-10-31
702,اخزا815,اسنادخزانه-م15بودجه98-010406,20,123073,107545648140,873282,874000,873000,-282,-0.03,873836,554,0.06,873000,874000,1400-8-9,2021-10-31
703,بايكا,كارخانجات كابلسازي ‌ايران‌,20,70788,1379516544,20090,19488,19488,-602,-3,20004,-86,-0.43,19488,19488,1400-8-9,2021-10-31
704,زعف0110پ20,زعفران0110نگين وحدت جام(پ),20,2790,703996436,100000,255555,259999,159999,160,252328,152328,152.33,245500,260000,1400-8-9,2021-10-31
705,اراد61,مرابحه عام دولت61-ش.خ0309,19,129000,129000030000,1000000,1000001,1000000,0,0,1000000,0,0,1000000,1000001,1400-8-9,2021-10-31
706,اراد35,مرابحه عام دولت3-ش.خ 0103,19,299500,293210499800,970033,979000,979000,8967,0.92,979000,8967,0.92,978999,979000,1400-8-9,2021-10-31
707,فنفت,صنايع تجهيزات نفت,19,8556,125559300,15447,14675,14675,-772,-5,15437,-10,-0.06,14675,14675,1400-8-9,2021-10-31
708,ضملي1161,اختيارخ فملي-7000-1400/11/03,18,98,119959000,1502,1154,1190,-312,-20.77,1224,-278,-18.51,1152,1350,1400-8-9,2021-10-31
709,قچار,فراوردههاي غذايي وقند چهارمحال,18,99684,969925320,10242,9730,9730,-512,-5,10207,-35,-0.34,9730,9730,1400-8-9,2021-10-31
710,كاسپين,داروسازي كاسپين تامين,18,301287,8424888381,29434,27963,27963,-1471,-5,28536,-898,-3.05,27963,27963,1400-8-9,2021-10-31
711,اراد50,مرابحه عام دولت5-ش.خ0302,17,203900,203900063000,1000000,1000000,1000001,1,0,1000000,0,0,1000000,1000001,1400-8-9,2021-10-31
712,بذر,صندوق س بذر اميد آفرين-سهام,17,2757,253680430,93860,93080,91500,-2360,-2.51,92010,-1850,-1.97,90820,93080,1400-8-9,2021-10-31
713,ومعلم,بيمه معلم,17,171222,428568666,2634,2503,2503,-131,-4.97,2630,-4,-0.15,2503,2503,1400-8-9,2021-10-31
714,اخزا809,اسنادخزانه-م9بودجه98-000923,17,2821,2753863190,975332,976000,976000,668,0.07,976201,869,0.09,975500,976990,1400-8-9,2021-10-31
715,وگستر,گسترش سرمايه گذاري ايرانيان,17,49067,396166958,8498,8074,8074,-424,-4.99,8486,-12,-0.14,8074,8074,1400-8-9,2021-10-31
716,كباده,توليد خاك نسوزاستقلال آباده,17,63808,1464138368,21854,22946,22946,1092,5,22004,150,0.69,22946,22946,1400-8-9,2021-10-31
717,داريك,صندوق س.اعتماد داريك-د,17,190091,2236436671,11759,11765,11766,7,0.06,11765,6,0.05,11765,11766,1400-8-9,2021-10-31
718,ضسپا8039,اختيارخ خساپا-1200-1400/08/26,16,527,126309000,432,300,220,-212,-49.07,240,-192,-44.44,200,300,1400-8-9,2021-10-31
719,ضسپا8044,اختيارخ خساپا-2500-1400/08/26,16,884,884000,1,1,1,0,0,1,0,0,1,1,1400-8-9,2021-10-31
720,اخزا821,اسنادخزانه-م21بودجه98-020906,16,27044,17433556008,640802,639500,645000,4198,0.66,644637,3835,0.6,639013,645000,1400-8-9,2021-10-31
721,ضصاد8031,اختيارخ وبصادر-1789-1400/08/12,16,897,1438000,27,6,10,-17,-62.96,2,-25,-92.59,1,33,1400-8-9,2021-10-31
722,سيناد,صندوق س.سپهرسودمند سينا-د,16,172049,1721939183,10006,10007,10012,6,0.06,10008,2,0.02,10007,10012,1400-8-9,2021-10-31
723,زعف0110پ21,زعفران0110نگين ملل(پ),15,9077,2379544714,250687,262679,259888,9201,3.67,262151,11464,4.57,240100,262679,1400-8-9,2021-10-31
724,زعف0008پ16,زعفران0008نگين بيرجند(پ),15,2395,430329550,176877,179990,180478,3601,2.04,179678,2801,1.58,175000,180478,1400-8-9,2021-10-31
725,ضسپا1111,اختيارخ خساپا-1400-1400/11/20,15,957,247382000,330,280,250,-80,-24.24,258,-72,-21.82,200,280,1400-8-9,2021-10-31
726,وثوق,سرمايه گذاري وثوق امين,15,33130,418829460,13032,12642,12642,-390,-2.99,13015,-17,-0.13,12642,12642,1400-8-9,2021-10-31
727,اخزا814,اسنادخزانه-م14بودجه98-010318,14,54675,48282981022,882881,882886,883001,120,0.01,883091,210,0.02,882886,884200,1400-8-9,2021-10-31
728,ساذري,آذريت‌,14,422839,4083356223,9376,9657,9657,281,3,9485,109,1.16,9657,9657,1400-8-9,2021-10-31
729,زعف0110پ05,زعفران0110نگين زرين(پ),14,3172,797516192,250771,250777,251003,232,0.09,251424,653,0.26,250777,262676,1400-8-9,2021-10-31
730,ثروتم,صندوق س. ثروت آفرين پارسيان-س,14,15570,1313069510,85295,84780,82268,-3027,-3.55,84333,-962,-1.13,82268,84780,1400-8-9,2021-10-31
731,ضشنا1049,اختيارخ شپنا-6540-1400/10/19,14,162,108070000,852,800,590,-262,-30.75,667,-185,-21.71,510,800,1400-8-9,2021-10-31
732,وپسا,س. پتروشيمي ساختمان  خليج فارس,14,84193,161482174,1977,1918,1918,-59,-2.98,1976,-1,-0.05,1918,1918,1400-8-9,2021-10-31
733,دپارسح,ح . پارس‌ دارو,14,4099,184455000,45000,45000,45000,0,0,45000,0,0,45000,45000,1400-8-9,2021-10-31
734,ثبات,صندوق س. ثبات ويستا -د,14,36660,377656006,10291,10293,10307,16,0.16,10302,11,0.11,10293,10307,1400-8-9,2021-10-31
735,سپرمي,پرميت‌,13,45490,497296680,10824,10932,10932,108,1,10852,28,0.26,10932,10932,1400-8-9,2021-10-31
736,اخزا906,اسنادخزانه-م6بودجه99-020321,13,16506,11756995872,710138,715939,711112,974,0.14,712286,2148,0.3,711112,715939,1400-8-9,2021-10-31
737,ضترا8055,اختيارخ شتران-2118-1400/08/09,13,133,602124268,2213,2010,2000,-213,-9.62,1997,-216,-9.76,1866,2100,1400-8-9,2021-10-31
738,ضپاس1009,اختيارخ وپارس-1600-1400/10/22,12,80,36004000,790,450,450,-340,-43.04,450,-340,-43.04,450,451,1400-8-9,2021-10-31
739,ضترا1131,اختيارخ شتران-3529-1400/11/10,12,146,369418985,1560,1222,1100,-460,-29.49,1116,-444,-28.46,1100,1222,1400-8-9,2021-10-31
740,اخزا918,اسنادخزانه-م18بودجه99-010323,12,23036,20195693488,877591,875000,878000,409,0.05,876701,-890,-0.1,875000,878000,1400-8-9,2021-10-31
741,ثهام,صندوق س ثروت هامرز-سهام,11,91232,986117098,11134,10860,10690,-444,-3.99,10809,-325,-2.92,10500,10860,1400-8-9,2021-10-31
742,ضملي1162,اختيارخ فملي-8000-1400/11/03,11,14,5499000,318,201,400,82,25.79,393,75,23.58,201,499,1400-8-9,2021-10-31
743,ضذوب904,اختيارخ ذوب-4500-14000917,11,420,41935000,125,100,100,-25,-20,100,-25,-20,90,100,1400-8-9,2021-10-31
744,پلوله,گازلوله‌,11,15566,403906568,26750,25948,25948,-802,-3,26717,-33,-0.12,25948,25948,1400-8-9,2021-10-31
745,طخود1050,اختيارف خودرو-1600-1400/10/08,11,910,108200000,78,90,129,51,65.38,119,41,52.56,90,130,1400-8-9,2021-10-31
746,زعف0008پ08,زعفران0008نگين روستا(پ),11,5186,903611516,172108,180478,180000,7892,4.59,174241,2133,1.24,173100,180478,1400-8-9,2021-10-31
747,اخزا811,اسنادخزانه-م11بودجه98-001013,11,1472,1422100989,964454,971000,966000,1546,0.16,966101,1647,0.17,965500,971000,1400-8-9,2021-10-31
748,اخزا009,اسناد خزانه-م9بودجه00-031101,10,593,308393159,520782,546821,515000,-5782,-1.11,520056,-726,-0.14,501070,546821,1400-8-9,2021-10-31
749,غشوكو,شوكو پارس,10,56413,563960761,10306,9997,9997,-309,-3,10288,-18,-0.17,9997,9997,1400-8-9,2021-10-31
750,تابا,تابان نيرو سپاهان,10,2279,65491623,29625,28737,28737,-888,-3,29618,-7,-0.02,28737,28737,1400-8-9,2021-10-31
751,عيار2,صندوق سكه طلاي مفيد,10,100000,100000,29598,1,1,-29597,-100,1,-29597,-100,1,1,1400-8-9,2021-10-31
752,ضجار1020,اختيارخ وتجارت-1600-1400/10/15,10,403,112874000,477,300,202,-275,-57.65,280,-197,-41.3,202,300,1400-8-9,2021-10-31
753,اراد56,مرابحه عام دولت5-ش.خ 0308,10,1000,1020000000,1000000,1020000,1020000,20000,2,1020000,20000,2,1020000,1020000,1400-8-9,2021-10-31
754,سرو2,صندوق س سروسودمند مدبران-سهام,10,950000,950000,71500,1,1,-71499,-100,1,-71499,-100,1,1,1400-8-9,2021-10-31
755,ضفلا1165,اختيارخ فولاد-14000-1400/11/24,10,30,13176000,617,600,400,-217,-35.17,439,-178,-28.85,400,600,1400-8-9,2021-10-31
756,ضشنا1047,اختيارخ شپنا-4905-1400/10/19,10,111,227215000,3000,2200,2000,-1000,-33.33,2047,-953,-31.77,2000,2200,1400-8-9,2021-10-31
757,ضسپا1110,اختيارخ خساپا-1200-1400/11/20,10,637,247185000,480,410,384,-96,-20,388,-92,-19.17,310,410,1400-8-9,2021-10-31
758,سفاسي,شركت فارسيت اهواز,9,35673,136734609,3951,3833,3833,-118,-2.99,3949,-2,-0.05,3833,3833,1400-8-9,2021-10-31
759,قشرين,قند شيرين خراسان,9,14392,100110752,7171,6956,6956,-215,-3,7169,-2,-0.03,6956,6956,1400-8-9,2021-10-31
760,اخزا723,اسنادخزانه-م23بودجه97-000824,9,5357,5312854520,991004,995980,991702,698,0.07,991759,755,0.08,991560,995990,1400-8-9,2021-10-31
761,زعف0008پ19,زعفران0008نگين تروند قاينات(پ),9,6695,1208299015,170568,180478,180478,9910,5.81,180478,9910,5.81,180477,180478,1400-8-9,2021-10-31
762,اخزا808,اسنادخزانه-م8بودجه98-000817,9,695,691536458,994934,994990,995998,1064,0.11,995016,82,0.01,994990,995998,1400-8-9,2021-10-31
763,پادا,صندوق س.پاداش سرمايه پارس-س,9,888,92847000,106839,106000,104000,-2839,-2.66,104557,-2282,-2.14,104000,106000,1400-8-9,2021-10-31
764,پارتا,مجتمع‌صنعتي‌آرتاويل‌تاير,9,21888,551840256,25991,25212,25212,-779,-3,25972,-19,-0.07,25212,25212,1400-8-9,2021-10-31
765,اخزا813,اسنادخزانه-م13بودجه98-010219,8,1284,1152725418,897460,897551,899002,1542,0.17,897761,301,0.03,897551,899002,1400-8-9,2021-10-31
766,ضسپا8043,اختيارخ خساپا-2000-1400/08/26,8,288,842000,5,5,4,-1,-20,3,-2,-40,2,5,1400-8-9,2021-10-31
767,زعف0008پ09,زعفران0008نگين نوين(پ),8,2934,527548000,167068,180000,176500,9432,5.65,179805,12737,7.62,176500,180478,1400-8-9,2021-10-31
768,صايپا112,صكوك مرابحه سايپا112-3ماهه 16%,7,70000,70081550000,1000000,1001165,1001165,1165,0.12,1001165,1165,0.12,1001165,1001165,1400-8-9,2021-10-31
769,ضصاد8030,اختيارخ وبصادر-1589-1400/08/12,7,261,9602000,113,30,57,-56,-49.56,37,-76,-67.26,30,57,1400-8-9,2021-10-31
770,ضسپا1112,اختيارخ خساپا-1600-1400/11/20,7,187,28910000,150,170,200,50,33.33,155,5,3.33,120,200,1400-8-9,2021-10-31
771,كشم0101پ01,كشمش سبز0101خليل آباد(پ),7,140,87346000,621000,621450,625400,4400,0.71,623900,2900,0.47,621450,625400,1400-8-9,2021-10-31
772,ضترا8056,اختيارخ شتران-2558-1400/08/09,7,48,167211653,1744,1600,1454,-290,-16.63,1537,-207,-11.87,1454,1600,1400-8-9,2021-10-31
773,ضذوب905,اختيارخ ذوب-5000-14000917,7,237,8489000,90,15,20,-70,-77.78,36,-54,-60,15,41,1400-8-9,2021-10-31
774,قجام,فرآوردههاي غذايي وقندتربت‌جام‌,7,316733,1953609144,6293,6168,6168,-125,-1.99,6243,-50,-0.79,6168,6168,1400-8-9,2021-10-31
775,ضغدر1133,اختيارخ وغدير-16000-1400/11/20,7,17,19300000,3474,1000,1200,-2274,-65.46,1135,-2339,-67.33,1000,1200,1400-8-9,2021-10-31
776,اخزا810,اسنادخزانه-م10بودجه98-001006,7,17391,16841075400,967764,967000,967000,-764,-0.08,968379,615,0.06,967000,971000,1400-8-9,2021-10-31
777,اخزا816,اسنادخزانه-م16بودجه98-010503,7,2352,2020802922,858743,857111,860052,1309,0.15,859185,442,0.05,857110,862002,1400-8-9,2021-10-31
778,جهرم,پتروشيمي جهرم,7,52884,77792364,1516,1471,1471,-45,-2.97,1516,0,0,1471,1471,1400-8-9,2021-10-31
779,واحصا,احياء صنايع خراسان,7,3487,180490607,53361,51761,51761,-1600,-3,53331,-30,-0.06,51761,51761,1400-8-9,2021-10-31
780,سخواف,سيمان مجد خواف,6,17996,181651624,10406,10094,10094,-312,-3,10400,-6,-0.06,10094,10094,1400-8-9,2021-10-31
781,ضپاس1010,اختيارخ وپارس-1800-1400/10/22,6,59,20980000,449,351,334,-115,-25.61,356,-93,-20.71,305,360,1400-8-9,2021-10-31
782,ضجار1019,اختيارخ وتجارت-1400-1400/10/15,6,313,133733000,590,450,400,-190,-32.2,427,-163,-27.63,400,450,1400-8-9,2021-10-31
783,ثجوان,تامين مسكن جوانان,6,110653,675425912,6292,6104,6104,-188,-2.99,6279,-13,-0.21,6104,6104,1400-8-9,2021-10-31
784,اخزا905,اسنادخزانه-م5بودجه99-020218,6,48067,35098764320,728575,730000,729128,553,0.08,730205,1630,0.22,729128,732000,1400-8-9,2021-10-31
785,غشوكوح,ح . شوكو پارس,6,5385,31556100,6041,5860,5860,-181,-3,5860,-181,-3,5860,5860,1400-8-9,2021-10-31
786,فسا,پتروشيمي فسا,5,32150,42373700,1358,1318,1318,-40,-2.95,1358,0,0,1318,1318,1400-8-9,2021-10-31
787,ضسپا1109,اختيارخ خساپا-1000-1400/11/20,5,305,163865000,658,560,549,-109,-16.57,537,-121,-18.39,520,560,1400-8-9,2021-10-31
788,ضپيك1028,اختيارخ تاپيكو-9000-00/10/15,5,48,240850000,5900,4970,5000,-900,-15.25,5018,-882,-14.95,4970,5100,1400-8-9,2021-10-31
789,ضخوز1022,اختيارخ فخوز-5000-1400/10/12,5,8,36000000,6600,4500,4500,-2100,-31.82,4500,-2100,-31.82,4500,4500,1400-8-9,2021-10-31
790,زرين2,صندوق س. سهام زرين كوروش-س,5,500000,500000,12633,1,1,-12632,-99.99,1,-12632,-99.99,1,1,1400-8-9,2021-10-31
791,زعف0110پ16,زعفران0110نگين بيرجند(پ),5,2100,528311100,245099,255555,251000,5901,2.41,251577,6478,2.64,240000,255555,1400-8-9,2021-10-31
792,طخود1049,اختيارف خودرو-1400-1400/10/08,5,41,2170000,41,42,50,9,21.95,53,12,29.27,42,60,1400-8-9,2021-10-31
793,زعف0008پ20,زعفران0008نگين وحدت جام(پ),5,328,59017268,176844,180478,178000,1156,0.65,179931,3087,1.75,178000,180478,1400-8-9,2021-10-31
794,ثتوسا,س.توسعه و عمران استان اردبيل,5,1791,34899426,20088,19486,19486,-602,-3,20086,-2,-0.01,19486,19486,1400-8-9,2021-10-31
795,ضجار1022,اختيارخ وتجارت-2000-1400/10/15,5,143,15016000,146,130,98,-48,-32.88,105,-41,-28.08,98,130,1400-8-9,2021-10-31
796,طلا2,صندوق س.پشتوانه طلاي لوتوس,5,500000,500000,82835,1,1,-82834,-100,1,-82834,-100,1,1,1400-8-9,2021-10-31
797,خاتم2,صندوق س خاتم ايساتيس پويا-ثابت,4,3200000,3200000,12218,1,1,-12217,-99.99,1,-12217,-99.99,1,1,1400-8-9,2021-10-31
798,سلار,شركت سيمان لارستان,4,5763,167403624,29946,29048,29048,-898,-3,29930,-16,-0.05,29048,29048,1400-8-9,2021-10-31
799,اراد874,مرابحه عام دولت87-ش.خ030304,4,14094800,13706034941000,931969,893370,942250,10281,1.1,972418,40449,4.34,893345,1000000,1400-8-9,2021-10-31
800,ضترا1130,اختيارخ شتران-3089-1400/11/10,4,223,760918550,1501,1550,1500,-1,-0.07,1505,4,0.27,1500,1550,1400-8-9,2021-10-31
801,زعف0008پ18,زعفران0008نگين بهرامن(پ),4,955,171287290,168258,179290,180478,12220,7.26,179358,11100,6.6,179290,180478,1400-8-9,2021-10-31
802,ضمخا1037,اختيارخ اخابر-9000-1400/10/26,4,4,1297000,490,398,299,-191,-38.98,324,-166,-33.88,299,398,1400-8-9,2021-10-31
803,كصدف,كاشي صدف سرام استقلال آباده,4,2570,54859220,22006,21346,21346,-660,-3,22002,-4,-0.02,21346,21346,1400-8-9,2021-10-31
804,زعف0110پ08,زعفران0110نگين روستا(پ),4,80,21014320,238870,262679,262679,23809,9.97,262679,23809,9.97,262679,262679,1400-8-9,2021-10-31
805,ضغدر1130,اختيارخ وغدير-10000-1400/11/20,4,70,405600000,6500,5900,5400,-1100,-16.92,5794,-706,-10.86,5400,5900,1400-8-9,2021-10-31
806,ضپاس1013,اختيارخ وپارس-3000-1400/10/22,4,11,550000,50,50,50,0,0,50,0,0,50,50,1400-8-9,2021-10-31
807,ضبدر8078,اختيارخ شبندر-5157-1400/08/30,4,11,30914400,1070,600,600,-470,-43.93,600,-470,-43.93,600,600,1400-8-9,2021-10-31
808,شساخت,مهندسي و ساختمان صنايع نفت,4,4037,171406983,43772,42459,42459,-1313,-3,43767,-5,-0.01,42459,42459,1400-8-9,2021-10-31
809,افاد61,منفعت دولت6-ش.خاص140109,4,100000,99999900000,983000,999999,999999,16999,1.73,999999,16999,1.73,999999,999999,1400-8-9,2021-10-31
810,ولراز,ليزينگ رازي,3,645,15474840,24733,23992,23992,-741,-3,24731,-2,-0.01,23992,23992,1400-8-9,2021-10-31
811,سلامت6,مرابحه سلامت6واجدشرايط خاص1400,3,63400,63400000000,998000,1000000,1000000,2000,0.2,1000000,2000,0.2,1000000,1000000,1400-8-9,2021-10-31
812,وآتوس,س.آرين توسكا قيمت اسمي 350ريال,3,5252,129467052,25413,24651,24651,-762,-3,25400,-13,-0.05,24651,24651,1400-8-9,2021-10-31
813,تملي809,تسهيلات مسكن ب. ملي-آذر98,3,42,21526000,527163,525000,505000,-22163,-4.2,512524,-14639,-2.78,505000,525000,1400-8-9,2021-10-31
814,زعف0008پ15,زعفران0008پوشالمعمول طلاسرخ(پ),3,3000,468684000,148789,156228,156228,7439,5,156228,7439,5,156228,156228,1400-8-9,2021-10-31
815,بهير4,س. توسعه تجارت هيرمند,3,377915081,377915081000,1000,1000,1000,0,0,1000,0,0,1000,1000,1400-8-9,2021-10-31
816,اخزا9042,اسنادخزانه-م4بودجه99-011215,3,600000,456000000000,757578,760000,760000,2422,0.32,760000,2422,0.32,760000,760000,1400-8-9,2021-10-31
817,ضبدر8079,اختيارخ شبندر-6011-1400/08/30,3,5,4684000,509,250,100,-409,-80.35,200,-309,-60.71,100,250,1400-8-9,2021-10-31
818,ضفلا1162,اختيارخ فولاد-9000-1400/11/24,3,30,75123000,3137,2506,2504,-633,-20.18,2504,-633,-20.18,2504,2506,1400-8-9,2021-10-31
819,ضبدر1163,اختيارخ شبندر-6000-1400/11/13,3,15,9858000,1,633,666,665,66500,657,656,65600,633,666,1400-8-9,2021-10-31
820,ضشنا8001,اختيارخ شپنا-6800-1400/08/16,3,58,133800000,2900,2500,2300,-600,-20.69,2307,-593,-20.45,2300,2500,1400-8-9,2021-10-31
821,داراب,پتروشيمي داراب,3,9170,20366570,2289,2221,2221,-68,-2.97,2289,0,0,2221,2221,1400-8-9,2021-10-31
822,افران2,صندوق س افرا نماد پايدار-ثابت,3,9000000,9000000,14616,1,1,-14615,-99.99,1,-14615,-99.99,1,1,1400-8-9,2021-10-31
823,دشيري,شيرين دارو,3,855,131171535,158161,153417,153417,-4744,-3,158097,-64,-0.04,153417,153417,1400-8-9,2021-10-31
824,فولاد2,فولاد مباركه اصفهان,3,40750000,450086000000,11310,11310,10790,-520,-4.6,11045,-265,-2.34,10790,11310,1400-8-9,2021-10-31
825,تملي703,تسهيلات مسكن ب. ملي-خرداد97,3,40,20480000,525000,525000,505000,-20000,-3.81,512000,-13000,-2.48,505000,525000,1400-8-9,2021-10-31
826,پا ه 7,بار پايه هفته 7,3,19000,10830000,570,570,570,0,0,570,0,0,570,570,1400-8-9,2021-10-31
827,لخانه,لوازم‌ خانگي‌ پارس‌,3,1880,34832640,19101,18528,18528,-573,-3,19099,-2,-0.01,18528,18528,1400-8-9,2021-10-31
828,ثنظام,س. ساختماني نظام مهندسي ايران,3,673,16455523,25737,24451,24451,-1286,-5,25735,-2,-0.01,24451,24451,1400-8-9,2021-10-31
829,اراد46,مرابحه عام دولت4-ش.خ 0302,3,70000,70000000000,1000000,1000000,1000000,0,0,1000000,0,0,1000000,1000000,1400-8-9,2021-10-31
830,طسپا8043,اختيارف خساپا-2000-1400/08/26,3,38,19000000,422,500,500,78,18.48,500,78,18.48,500,500,1400-8-9,2021-10-31
831,ولانا,شركت ليزينگ آريا دانا,3,992,15611104,16223,15737,15737,-486,-3,16222,-1,-0.01,15737,15737,1400-8-9,2021-10-31
832,اخزا818,اسنادخزانه-م18بودجه98-010614,3,27523,23174366000,840211,842000,842000,1789,0.21,842000,1789,0.21,842000,842000,1400-8-9,2021-10-31
833,ضبدر1164,اختيارخ شبندر-7000-1400/11/13,2,6,1820000,600,300,320,-280,-46.67,303,-297,-49.5,300,320,1400-8-9,2021-10-31
834,آوا2,صندوق س.سهام آواي معيار-س,2,900000,900000,7718,1,1,-7717,-99.99,1,-7717,-99.99,1,1,1400-8-9,2021-10-31
835,سي تيپ2ن10,گواهي سيمان تيپ 2غرب(ن),2,20000,98740000,4794,4937,4937,143,2.98,4937,143,2.98,4937,4937,1400-8-9,2021-10-31
836,فكمند,گسترش قطعه سازي كمند,2,957,30935025,33324,32325,32325,-999,-3,33321,-3,-0.01,32325,32325,1400-8-9,2021-10-31
837,شنفت2,نفت‌ پارس‌,2,40000000,314000000000,8240,7850,7850,-390,-4.73,7850,-390,-4.73,7850,7850,1400-8-9,2021-10-31
838,ضصاد1110,اختيارخ وبصادر-1400-1400/11/06,2,4,1666000,750,422,400,-350,-46.67,416,-334,-44.53,400,422,1400-8-9,2021-10-31
839,وسرضوي,س.سهام عدالت استان خراسان رضوي,2,22000,15268000,730,694,694,-36,-4.93,730,0,0,694,694,1400-8-9,2021-10-31
840,خفناور,مهندسي صنعتي روان فن آور,2,371,15304863,42528,41253,41253,-1275,-3,42526,-2,0,41253,41253,1400-8-9,2021-10-31
841,ضمخا1034,اختيارخ اخابر-6000-1400/10/26,2,10,13200000,1600,1600,1200,-400,-25,1320,-280,-17.5,1200,1600,1400-8-9,2021-10-31
842,گپارس,امور رفاهي كارگزاران پارس,2,650,88461100,140303,136094,136094,-4209,-3,140265,-38,-0.03,136094,136094,1400-8-9,2021-10-31
843,اخزا8152,اسنادخزانه-م15بودجه98-010406,2,700000,611800000000,873282,874000,874000,718,0.08,874000,718,0.08,874000,874000,1400-8-9,2021-10-31
844,كهرام,توليدي گرانيت بهسرام,2,117,10398024,90685,88872,88872,-1813,-2,90681,-4,0,88872,88872,1400-8-9,2021-10-31
845,نيرو,نيرو سرمايه,2,550,22111650,41446,40203,40203,-1243,-3,41443,-3,-0.01,40203,40203,1400-8-9,2021-10-31
846,ضملي1157,اختيارخ فملي-4000-1400/11/03,2,3,17900000,6386,6300,5800,-586,-9.18,5967,-419,-6.56,5800,6300,1400-8-9,2021-10-31
847,پست0008پ08,پسته فندقي32-30مه ولات0008(پ),2,30,59737320,1893346,1991244,1991244,97898,5.17,1991244,97898,5.17,1991244,1991244,1400-8-9,2021-10-31
848,ضپنا1030,اختيارخ رمپنا-11850-1400/10/08,2,20,82000000,4250,4100,4100,-150,-3.53,4100,-150,-3.53,4100,4100,1400-8-9,2021-10-31
849,مدير2,ص.س.مديريت ثروت ص.بازنشستگي-س,2,200000,200000,9139,1,1,-9138,-99.99,1,-9138,-99.99,1,1,1400-8-9,2021-10-31
850,ضمخا1036,اختيارخ اخابر-8000-1400/10/26,2,3,1665000,800,555,555,-245,-30.63,555,-245,-30.63,555,555,1400-8-9,2021-10-31
851,شرق1400,مشاركت ليزينگ ايران وشرق140010,2,12,12028595,999800,1005999,999800,0,0,1002383,2583,0.26,999800,1005999,1400-8-9,2021-10-31
852,اراد364,مرابحه عام دولت3-ش.خ 0104,2,1241800,1207095200000,963550,964000,974000,10450,1.08,972053,8503,0.88,964000,974000,1400-8-9,2021-10-31
853,ضپنا1032,اختيارخ رمپنا-15850-1400/10/08,2,2,1710000,2000,855,855,-1145,-57.25,855,-1145,-57.25,855,855,1400-8-9,2021-10-31
854,طسپا8040,اختيارف خساپا-1400-1400/08/26,2,100,5500000,25,55,55,30,120,55,30,120,55,55,1400-8-9,2021-10-31
855,ضصاد8032,اختيارخ وبصادر-1989-1400/08/12,2,61,122000,24,2,2,-22,-91.67,2,-22,-91.67,2,2,1400-8-9,2021-10-31
856,اخزا820,اسنادخزانه-م20بودجه98-020806,2,20025,13093740000,652000,660000,653862,1862,0.29,653870,1870,0.29,653862,660000,1400-8-9,2021-10-31
857,وسصفا,شركت س استان اصفهان,2,16923,11744562,730,694,694,-36,-4.93,730,0,0,694,694,1400-8-9,2021-10-31
858,فخوز2,فولاد  خوزستان,1,12500000,199875000000,15990,15990,15990,0,0,15990,0,0,15990,15990,1400-8-9,2021-10-31
859,شپديس2,پتروشيمي پرديس,1,600000,98508000000,172820,164180,164180,-8640,-5,164180,-8640,-5,164180,164180,1400-8-9,2021-10-31
860,طذوب902,اختيارف ذوب-3500-14000917,1,100,10000000,1,100,100,99,9900,100,99,9900,100,100,1400-8-9,2021-10-31
861,زعف0008پ12,زعفران0008پوشالمعمول سحرخيز(پ),1,1,156228,148789,156228,156228,7439,5,156228,7439,5,156228,156228,1400-8-9,2021-10-31
862,زير0103پ04,زيره سبز0103شركت مينوبذر(پ),1,64,44800000,775691,700000,700000,-75691,-9.76,700000,-75691,-9.76,700000,700000,1400-8-9,2021-10-31
863,فسديد,لوله‌وتجهيزات‌ سديد - ورشكسته,1,303,31746219,105831,104773,104773,-1058,-1,105823,-8,-0.01,104773,104773,1400-8-9,2021-10-31
864,اخزا8182,اسنادخزانه-م18بودجه98-010614,1,126311,106101240000,840211,840000,840000,-211,-0.03,840000,-211,-0.03,840000,840000,1400-8-9,2021-10-31
865,اروند04,منفعت صبا اروند كاردان14001113,1,20,20083420,1004171,1004171,1004171,0,0,1004171,0,0,1004171,1004171,1400-8-9,2021-10-31
866,ضفلا1161,اختيارخ فولاد-8000-1400/11/24,1,35,139965000,3783,3999,3999,216,5.71,3999,216,5.71,3999,3999,1400-8-9,2021-10-31
867,اخزا0012,اسنادخزانه-م1بودجه00-030821,1,600000,316800000000,521911,528000,528000,6089,1.17,528000,6089,1.17,528000,528000,1400-8-9,2021-10-31
868,اخزا9032,اسنادخزانه-م3بودجه99-011110,1,100587,77854338000,774138,774000,774000,-138,-0.02,774000,-138,-0.02,774000,774000,1400-8-9,2021-10-31
869,ضترا1133,اختيارخ شتران-4411-1400/11/10,1,1,1360200,733,600,600,-133,-18.14,600,-133,-18.14,600,600,1400-8-9,2021-10-31
870,سخاش2,سيمان‌خاش‌,1,6200000,531278000000,85690,85690,85690,0,0,85690,0,0,85690,85690,1400-8-9,2021-10-31
871,طسپا8041,اختيارف خساپا-1600-1400/08/26,1,100,20000000,7,200,200,193,2757.14,200,193,2757.14,200,200,1400-8-9,2021-10-31
872,خعمرا,توسعه و عمران شهرستان نائين,1,16592,65538400,3835,3950,3950,115,3,3836,1,0.03,3950,3950,1400-8-9,2021-10-31
873,واميد2,گروه مديريت سرمايه گذاري اميد,1,11672598,146140926960,12520,12520,12520,0,0,12520,0,0,12520,12520,1400-8-9,2021-10-31
874,وشمال,س. چشم انداز توسعه شمال,1,69,5173551,76509,74979,74979,-1530,-2,76507,-2,0,74979,74979,1400-8-9,2021-10-31
875,صنفت312,صكوك منفعت نفت312-6ماهه 18/5%,1,30,29700000,990000,990000,990000,0,0,990000,0,0,990000,990000,1400-8-9,2021-10-31
876,ضپال2001,اختيارخ اپال-14000-1401/02/12,1,1,8888000,6220,8888,8888,2668,42.89,8888,2668,42.89,8888,8888,1400-8-9,2021-10-31
877,ضبدر8076,اختيارخ شبندر-3448-1400/08/30,1,1,8665400,2514,1850,1850,-664,-26.41,1850,-664,-26.41,1850,1850,1400-8-9,2021-10-31
878,دمعيار2,صندوق س. توازن معيار-د,1,400000,400000,10040,1,1,-10039,-99.99,1,-10039,-99.99,1,1,1400-8-9,2021-10-31
879,ومعادن2,توسعه‌معادن‌وفلزات‌,1,14300000,145431000000,10170,10170,10170,0,0,10170,0,0,10170,10170,1400-8-9,2021-10-31
880,ضشنا1046,اختيارخ شپنا-4360-1400/10/19,1,5,14000000,3500,2800,2800,-700,-20,2800,-700,-20,2800,2800,1400-8-9,2021-10-31
881,کم ر 52,کم باري روز 52,1,3000,1740000,225,580,580,355,157.78,580,355,157.78,580,580,1400-8-9,2021-10-31
882,صپا ه 7,بار پايه هفته 7صنعتي,1,8000,4640000,600,580,580,-20,-3.33,580,-20,-3.33,580,580,1400-8-9,2021-10-31
883,كسعديح,ح . كاشي‌ سعدي‌,1,10000,70000000,7500,7000,7000,-500,-6.67,7000,-500,-6.67,7000,7000,1400-8-9,2021-10-31
884,طصاد8032,اختيارف وبصادر-1989-1400/08/12,1,1,365000,220,365,365,145,65.91,365,145,65.91,365,365,1400-8-9,2021-10-31
885,سپيدما4,صندوق س. سپيد دماوند-د,1,177000000,1999392000000,11291,11296,11296,5,0.04,11296,5,0.04,11296,11296,1400-8-9,2021-10-31
886,اراد36,مرابحه عام دولت3-ش.خ 0104,1,2000,1932400000,963550,966200,966200,2650,0.28,966200,2650,0.28,966200,966200,1400-8-9,2021-10-31
887,صبهمن404,صكوك مرابحه بهمن404-3ماهه 18%,1,500,500000000,970000,1000000,1000000,30000,3.09,1000000,30000,3.09,1000000,1000000,1400-8-9,2021-10-31
888,سفارس2,سيمان فارس و خوزستان,1,56000000,931280000000,16630,16630,16630,0,0,16630,0,0,16630,16630,1400-8-9,2021-10-31
889,حريل02,اجاره ريل پردازسير021212,1,500,500000000,972500,1000000,1000000,27500,2.83,1000000,27500,2.83,1000000,1000000,1400-8-9,2021-10-31
890,ضترا1132,اختيارخ شتران-3970-1400/11/10,1,30,61209000,1500,900,900,-600,-40,900,-600,-40,900,900,1400-8-9,2021-10-31
891,ضصاد8039,اختيارخ وبصادر-1389-1400/08/12,1,20,5000000,680,250,250,-430,-63.24,250,-430,-63.24,250,250,1400-8-9,2021-10-31
892,آريا2,پليمر آريا ساسول,1,1000000,106500000000,109060,106500,106500,-2560,-2.35,106500,-2560,-2.35,106500,106500,1400-8-9,2021-10-31
893,وسنا,سرمايه گذاري نيروگاهي ايران,1,500,6615000,13639,13230,13230,-409,-3,13639,0,0,13230,13230,1400-8-9,2021-10-31
894,ضشنا8000,اختيارخ شپنا-5800-1400/08/16,1,1,3500000,7000,3500,3500,-3500,-50,3500,-3500,-50,3500,3500,1400-8-9,2021-10-31
895,ضغدر1129,اختيارخ وغدير-9000-1400/11/20,1,10,68000000,8900,6800,6800,-2100,-23.6,6800,-2100,-23.6,6800,6800,1400-8-9,2021-10-31
896,پست0008پ04,پسته فندقي32-30سبزدانه0008(پ),1,3,5700000,1900000,1900000,1900000,0,0,1900000,0,0,1900000,1900000,1400-8-9,2021-10-31
897,مشهد212,مشاركت ش مشهد212-3ماهه18%,1,500,472500000,900050,945000,945000,44950,4.99,945000,44950,4.99,945000,945000,1400-8-9,2021-10-31
898,سي تيپ2ن01,گواهي سيمان تيپ 2 فارس(ن),1,60000,367320000,5944,6122,6122,178,2.99,6122,178,2.99,6122,6122,1400-8-9,2021-10-31
899,اراد334,مرابحه عام دولت3-ش.خ 0303,1,171000,147792051000,909770,864281,864281,-45489,-5,864281,-45489,-5,864281,864281,1400-8-9,2021-10-31
900,زير0103پ01,زيره سبز0103كيميابذر(پ),1,6,4404546,716023,734091,734091,18068,2.52,734091,18068,2.52,734091,734091,1400-8-9,2021-10-31
901,ياقوت2,صندوق س ياقوت آگاه-ثابت,1,53899000,53899000,13469,1,1,-13468,-99.99,1,-13468,-99.99,1,1,1400-8-9,2021-10-31
902,ميدكو2,توسعه معادن وص.معدني خاورميانه,1,1200000,56028000000,46960,46690,46690,-270,-0.57,46690,-270,-0.57,46690,46690,1400-8-9,2021-10-31
903,اخزا0062,اسنادخزانه-م6بودجه00-030723,1,300462,160747170000,530091,535000,535000,4909,0.93,535000,4909,0.93,535000,535000,1400-8-9,2021-10-31
904,سي تيپ2ن05,گواهي سيمان تيپ 2خاش(ن),1,25000,165625000,6433,6625,6625,192,2.98,6625,192,2.98,6625,6625,1400-8-9,2021-10-31
905,ضشنا1051,اختيارخ شپنا-8719-1400/10/19,1,13,7020000,450,540,540,90,20,540,90,20,540,540,1400-8-9,2021-10-31
906,داريوش2,صندوق س. ثروت داريوش -س,1,1000000,1000000,9631,1,1,-9630,-99.99,1,-9630,-99.99,1,1,1400-8-9,2021-10-31
907,شسم,توليد سموم‌ علف‌ كش,1,500,51218000,100428,102436,102436,2008,2,100448,20,0.02,102436,102436,1400-8-9,2021-10-31
908,ضپاس1012,اختيارخ وپارس-2500-1400/10/22,1,1,100000,220,100,100,-120,-54.55,100,-120,-54.55,100,100,1400-8-9,2021-10-31
909,ضخوز1023,اختيارخ فخوز-5833-1400/10/12,1,3,9000000,5000,3000,3000,-2000,-40,3000,-2000,-40,3000,3000,1400-8-9,2021-10-31
910,حاريا,كشتيراني آريا,1,450,6731550,15582,14959,14959,-623,-4,15581,-1,-0.01,14959,14959,1400-8-9,2021-10-31
911,وجامي,سرمايه گذاري جامي,1,555,5056605,9392,9111,9111,-281,-2.99,9392,0,0,9111,9111,1400-8-9,2021-10-31
912,كگل2,معدني و صنعتي گل گهر,1,44812000,998859480000,22450,22290,22290,-160,-0.71,22290,-160,-0.71,22290,22290,1400-8-9,2021-10-31
913,اخزا8122,اسنادخزانه-م12بودجه98-001111,1,155800,147698400000,949545,948000,948000,-1545,-0.16,948000,-1545,-0.16,948000,948000,1400-8-9,2021-10-31
914,اراد49,مرابحه عام دولت4-ش.خ 0206,1,100,99000000,970000,990000,990000,20000,2.06,990000,20000,2.06,990000,990000,1400-8-9,2021-10-31
915,سپر2,صندوق س سپر سرمايه بيدار- ثابت,1,6430000,6430000,13023,1,1,-13022,-99.99,1,-13022,-99.99,1,1,1400-8-9,2021-10-31
916,صنفت1312,صكوك منفعت نفت1312-6ماهه 18/5%,1,5,5050000,1035100,1010000,1010000,-25100,-2.42,1010000,-25100,-2.42,1010000,1010000,1400-8-9,2021-10-31
917,سبهان2,سيمان‌ بهبهان‌,1,5962621,272611032120,45720,45720,45720,0,0,45720,0,0,45720,45720,1400-8-9,2021-10-31
918,كمند4,صندوق س. با درآمد ثابت كمند,1,40000000,405320000000,10127,10133,10133,6,0.06,10133,6,0.06,10133,10133,1400-8-9,2021-10-31
919,سي تيپ2ن11,گواهي سيمان تيپ2دورود(ن),1,26000,146094000,5456,5619,5619,163,2.99,5619,163,2.99,5619,5619,1400-8-9,2021-10-31
920,وغدير2,سرمايه‌گذاري‌غدير(هلدينگ‌,1,55000000,779350000000,14910,14170,14170,-740,-4.96,14170,-740,-4.96,14170,14170,1400-8-9,2021-10-31
921,صايپا308,صكوك مرابحه سايپا308-3ماهه 18%,1,50,50500000,1000000,1010000,1010000,10000,1,1010000,10000,1,1010000,1010000,1400-8-9,2021-10-31
922,ضملي1160,اختيارخ فملي-6000-1400/11/03,1,2,5200000,2950,2600,2600,-350,-11.86,2600,-350,-11.86,2600,2600,1400-8-9,2021-10-31
923,اراد86,مرابحه عام دولت86-ش.خ020404,1,500,480000000,936100,960000,960000,23900,2.55,960000,23900,2.55,960000,960000,1400-8-9,2021-10-31
924,ضپال2006,اختيارخ اپال-28000-1401/02/12,1,1,782000,1354,782,782,-572,-42.25,782,-572,-42.25,782,782,1400-8-9,2021-10-31
