,نماد,نام,تعداد,حجم,ارزش,دیروز,اولین,آخرین معامله - مقدار,آخرین معامله - تغییر,آخرین معامله - درصد,قیمت پایانی - مقدار,قیمت پایانی - تغییر,قیمت پایانی - درصد,کمترین,بیشترین,تاریخ,gregorian_date
0,لطيف,محصولات كاغذي لطيف,246912,28291510,1910787507940,64339,67555,67555,3216,5,67539,3200,4.97,66700,67555,1400-4-26,2021-07-17
1,پالايش,صندوق پالايشي يكم-سهام,55213,63680848,4704456235990,69720,75000,73020,3300,4.73,73880,4160,5.97,72700,75520,1400-4-26,2021-07-17
2,ولكار,ليزينگ كارآفرين,48952,53328888,252607915188,4794,4900,4608,-186,-3.88,4737,-57,-1.19,4559,4930,1400-4-26,2021-07-17
3,شپنا,پالايش نفت اصفهان,41865,341267445,4695652356780,13170,13820,13620,450,3.42,13760,590,4.48,13490,13820,1400-4-26,2021-07-17
4,فگستر,گسترش صنايع روي ايرانيان,34344,18959977,294124679168,16147,15860,15340,-807,-5,15513,-634,-3.93,15340,16000,1400-4-26,2021-07-17
5,شستا,سرمايه گذاري تامين اجتماعي,29048,120451891,1516366190390,12640,12870,12420,-220,-1.74,12590,-50,-0.4,12380,12940,1400-4-26,2021-07-17
6,ومدير,گ.مديريت ارزش سرمايه ص ب كشوري,25479,57537162,253310080151,4389,4410,4365,-24,-0.55,4403,14,0.32,4351,4500,1400-4-26,2021-07-17
7,فتوسا,توليد و توسعه سرب روي ايرانيان,25038,10571557,162516090412,15951,16000,15154,-797,-5,15373,-578,-3.62,15154,16000,1400-4-26,2021-07-17
8,گدنا,تهيه توزيع غذاي دنا آفرين فدك,24341,12947101,277503833208,22393,22480,21300,-1093,-4.88,21434,-959,-4.28,21274,22960,1400-4-26,2021-07-17
9,شتران,پالايش نفت تهران,20558,198983217,2080109584160,10040,10530,10300,260,2.59,10450,410,4.08,10130,10540,1400-4-26,2021-07-17
10,بركت,گروه دارويي بركت,19595,36507967,1410721930400,38670,39150,38000,-670,-1.73,38640,-30,-0.08,37590,39740,1400-4-26,2021-07-17
11,خودرو,ايران‌ خودرو,16041,445324854,930022443945,2090,2124,2057,-33,-1.58,2088,-2,-0.1,2051,2134,1400-4-26,2021-07-17
12,دارا يكم,صندوق واسطه گري مالي يكم-سهام,15628,8888708,1098980229140,121880,123650,122500,620,0.51,123640,1760,1.44,122200,126180,1400-4-26,2021-07-17
13,خگستر,گسترش‌سرمايه‌گذاري‌ايران‌خودرو,14604,355343160,1022510327326,2776,2842,2842,66,2.38,2878,102,3.67,2825,2914,1400-4-26,2021-07-17
14,فملي,ملي‌ صنايع‌ مس‌ ايران‌,14327,68542961,874010642260,12670,12800,12640,-30,-0.24,12750,80,0.63,12550,12960,1400-4-26,2021-07-17
15,غكورش,صنعت غذايي كورش,13536,6682978,251783454940,38100,38400,37410,-690,-1.81,37680,-420,-1.1,37290,38400,1400-4-26,2021-07-17
16,خبهمن,گروه‌بهمن‌,13411,929633626,1419763882107,1459,1525,1530,71,4.87,1527,68,4.66,1490,1531,1400-4-26,2021-07-17
17,خساپا,سايپا,12057,406830280,769178267035,1882,1908,1858,-24,-1.28,1891,9,0.48,1852,1928,1400-4-26,2021-07-17
18,چخزر,صنايع چوب خزر كاسپين,11581,2417456,88290991881,36121,35400,36950,829,2.3,36522,401,1.11,35400,37200,1400-4-26,2021-07-17
19,كاما,باما,11367,91175716,1098976477920,11560,12100,11850,290,2.51,12050,490,4.24,11700,12130,1400-4-26,2021-07-17
20,حآسا,آسيا سير ارس,11335,34258713,998718091798,32147,28933,28933,-3214,-10,29152,-2995,-9.32,28933,30060,1400-4-26,2021-07-17
21,نوري,پتروشيمي نوري,10964,8660059,719936750920,83560,87380,82000,-1560,-1.87,83130,-430,-0.51,80440,87380,1400-4-26,2021-07-17
22,فولاد,فولاد مباركه اصفهان,10842,77603918,826922788750,10670,10730,10640,-30,-0.28,10660,-10,-0.09,10510,10790,1400-4-26,2021-07-17
23,بوعلي,پتروشيمي بوعلي سينا,10540,5346482,271992963700,49360,49000,51200,1840,3.73,50870,1510,3.06,48810,51560,1400-4-26,2021-07-17
24,وبملت,بانك ملت,10120,298982630,1193245270561,4024,4042,3940,-84,-2.09,3991,-33,-0.82,3935,4100,1400-4-26,2021-07-17
25,فاراكح,ح . ماشين‌ سازي‌ اراك‌,10016,263540225,269686149160,1159,981,1036,-123,-10.61,1023,-136,-11.73,981,1050,1400-4-26,2021-07-17
26,كرمان,س. توسعه و عمران استان كرمان,9820,317446765,420598907856,1364,1378,1308,-56,-4.11,1325,-39,-2.86,1299,1409,1400-4-26,2021-07-17
27,كزغال,زغال سنگ پروده طبس,9057,4403194,154742144061,35893,36400,34528,-1365,-3.8,35143,-750,-2.09,34300,36400,1400-4-26,2021-07-17
28,رافزا,رايان هم افزا,8564,930340,73862044863,81892,81150,78000,-3892,-4.75,79393,-2499,-3.05,78000,81510,1400-4-26,2021-07-17
29,وتجارت,بانك تجارت,8512,223460072,609874748969,2698,2780,2713,15,0.56,2729,31,1.15,2706,2780,1400-4-26,2021-07-17
30,خپارس,پارس‌ خودرو,7891,310619191,384306313274,1243,1270,1220,-23,-1.85,1237,-6,-0.48,1208,1279,1400-4-26,2021-07-17
31,ثبهساز,بهساز كاشانه تهران,7788,57738619,120360541718,2152,2139,2055,-97,-4.51,2085,-67,-3.11,2048,2180,1400-4-26,2021-07-17
32,حكشتي,كشتيراني جمهوري اسلامي ايران,7575,56448844,1002994161180,17030,17540,17880,850,4.99,17770,740,4.35,17150,17880,1400-4-26,2021-07-17
33,صبا,سرمايه گذاري صبا تامين,7520,57486082,500095717088,8352,8694,8650,298,3.57,8699,347,4.15,8422,8769,1400-4-26,2021-07-17
34,آبادا,توليد نيروي برق آبادان,7489,14496810,195445542890,12950,12660,13240,290,2.24,13480,530,4.09,12600,13590,1400-4-26,2021-07-17
35,بورس,بورس اوراق بهادار تهران,7377,14885516,571621896930,38460,39900,37250,-1210,-3.15,38400,-60,-0.16,36840,40300,1400-4-26,2021-07-17
36,فاراك,ماشين‌ سازي‌ اراك‌,7150,318112779,649460260813,1948,1989,2045,97,4.98,2042,94,4.83,1981,2045,1400-4-26,2021-07-17
37,زملارد,كشاورزي و دامپروري ملارد شير,7135,907904,26983135761,29328,30300,29330,2,0.01,29720,392,1.34,29200,30300,1400-4-26,2021-07-17
38,غزر,صنعتي زر ماكارون,7106,2667057,61912024980,23520,23460,22840,-680,-2.89,23210,-310,-1.32,22810,24200,1400-4-26,2021-07-17
39,ثنوسا,نوسازي‌وساختمان‌تهران‌,7031,46764357,439440525550,9780,9790,9300,-480,-4.91,9400,-380,-3.89,9300,9800,1400-4-26,2021-07-17
40,ثاميد,توسعه و عمران اميد,6693,58791769,101664273431,1738,1733,1700,-38,-2.19,1729,-9,-0.52,1693,1773,1400-4-26,2021-07-17
41,شبريز,پالايش نفت تبريز,6523,43134286,1593924939050,35240,37000,37000,1760,4.99,36950,1710,4.85,36400,37000,1400-4-26,2021-07-17
42,وخارزم,سرمايه گذاري خوارزمي,6302,55790641,321843652660,5790,5850,5680,-110,-1.9,5770,-20,-0.35,5590,5950,1400-4-26,2021-07-17
43,پترول,گ.س.وت.ص.پتروشيمي خليج فارس,6295,35108959,334031137220,9400,9610,9410,10,0.11,9510,110,1.17,9370,9730,1400-4-26,2021-07-17
44,وكبهمن,مديريت سرمايه گذاري كوثربهمن,6238,1944137,21488278489,11110,11029,10922,-188,-1.69,11053,-57,-0.51,10900,11350,1400-4-26,2021-07-17
45,خزر,فنرسازي‌زر,6181,13578535,282496143640,21240,21010,20250,-990,-4.66,20800,-440,-2.07,20190,21720,1400-4-26,2021-07-17
46,ولپارس,ليزينگ پارسيان,6034,5940543,24582176725,4210,4200,4120,-90,-2.14,4138,-72,-1.71,4020,4270,1400-4-26,2021-07-17
47,آريا,پليمر آريا ساسول,5841,2293896,205005187814,90114,90970,89231,-883,-0.98,89370,-744,-0.83,88807,90970,1400-4-26,2021-07-17
48,سيتا,سرمايه گذاري سيمان تامين,5513,7206263,106843820170,14840,14980,14800,-40,-0.27,14830,-10,-0.07,14750,14980,1400-4-26,2021-07-17
49,وسپهر,سرمايه گذاري مالي سپهرصادرات,5427,13084924,121118050967,9230,9230,9260,30,0.33,9256,26,0.28,9230,9290,1400-4-26,2021-07-17
50,وبصادر,بانك صادرات ايران,5412,150835774,346195382354,2295,2301,2282,-13,-0.57,2295,0,0,2271,2347,1400-4-26,2021-07-17
51,بگيلان,توسعه مسير برق گيلان,5355,1665760,36461370207,21625,21888,21959,334,1.54,21880,255,1.18,21411,22250,1400-4-26,2021-07-17
52,بپيوند,برق و انرژي پيوندگستر پارس,5114,6158362,77354230456,12934,12990,12288,-646,-4.99,12561,-373,-2.88,12288,13150,1400-4-26,2021-07-17
53,وپارس,بانك‌پارسيان‌,5065,111106871,339603689648,3107,3151,3008,-99,-3.19,3057,-50,-1.61,2975,3153,1400-4-26,2021-07-17
54,شگويا,پتروشيمي تندگويان,5023,20885408,215684490516,10422,10500,10231,-191,-1.83,10327,-95,-0.91,10180,10652,1400-4-26,2021-07-17
55,گشان,توسعه بين المللي پديده شانديز,4937,12230324,315484380422,25687,25920,25174,-513,-2,25795,108,0.42,25174,26200,1400-4-26,2021-07-17
56,دي,بانك دي,4631,222853466,274109763180,1172,1230,1230,58,4.95,1230,58,4.95,1230,1230,1400-4-26,2021-07-17
57,وآيند,بانك  آينده,4500,49702797,641230941184,13218,13440,12690,-528,-3.99,12901,-317,-2.4,12690,13600,1400-4-26,2021-07-17
58,هاي وب,داده گسترعصرنوين-هاي وب,4441,25284955,211207544910,8450,8450,8300,-150,-1.78,8350,-100,-1.18,8240,8620,1400-4-26,2021-07-17
59,امين,تامين سرمايه امين,4338,4884116,36760746480,7520,7500,7530,10,0.13,7530,10,0.13,7420,7550,1400-4-26,2021-07-17
60,وپويا,سرمايه گذاري پويا,3987,5155771,23776673817,4610,4580,4582,-28,-0.61,4612,2,0.04,4541,4697,1400-4-26,2021-07-17
61,بترانس,ايران‌ ترانسفو,3904,83574276,210789157809,2493,2565,2467,-26,-1.04,2522,29,1.16,2435,2610,1400-4-26,2021-07-17
62,چكاپا,گروه صنايع كاغذ پارس,3885,46977531,184292926687,4029,4090,3850,-179,-4.44,3923,-106,-2.63,3833,4090,1400-4-26,2021-07-17
63,وغدير,سرمايه‌گذاري‌غدير(هلدينگ‌,3802,26442434,346098951550,13000,13510,12900,-100,-0.77,13090,90,0.69,12800,13520,1400-4-26,2021-07-17
64,كمند,صندوق س. با درآمد ثابت كمند,3769,137381244,1382104795198,10045,10061,10060,15,0.15,10060,15,0.15,10060,10062,1400-4-26,2021-07-17
65,نطرين,عطرين نخ قم,3768,13987910,138480964826,10267,10312,9754,-513,-5,9900,-367,-3.57,9754,10450,1400-4-26,2021-07-17
66,اپال,فرآوري معدني اپال كاني پارس,3735,4806911,97368774580,20300,20650,20320,20,0.1,20260,-40,-0.2,20120,20650,1400-4-26,2021-07-17
67,وآذر,سرمايه‌گذاري‌توسعه‌آذربايجان‌,3723,3200170,196654925110,64020,64140,60820,-3200,-5,61450,-2570,-4.01,60820,65000,1400-4-26,2021-07-17
68,ولغدر,ليزينگ‌خودروغدير,3604,9043838,193789673210,22120,22120,21020,-1100,-4.97,21430,-690,-3.12,21020,22650,1400-4-26,2021-07-17
69,وتوصا,گروه س توسعه صنعتي ايران,3530,21534525,206641031210,9710,9870,9400,-310,-3.19,9600,-110,-1.13,9360,10170,1400-4-26,2021-07-17
70,فزرين,زرين معدن آسيا,3512,22010660,421782220818,19724,19900,18738,-986,-5,19163,-561,-2.84,18738,20478,1400-4-26,2021-07-17
71,پيزد,مجتمع صنايع لاستيك يزد,3440,589624,40270827660,68686,67897,68499,-187,-0.27,68299,-387,-0.56,67000,69890,1400-4-26,2021-07-17
72,غگل,گلوكوزان‌,3343,40433431,136933314717,3374,3337,3437,63,1.87,3387,13,0.39,3310,3445,1400-4-26,2021-07-17
73,فروي,ذوب روي اصفهان,3314,3153141,115347037167,36041,36752,36010,-31,-0.09,36582,541,1.5,35710,37610,1400-4-26,2021-07-17
74,فارس,صنايع پتروشيمي خليج فارس,3268,34338761,363963446070,10580,10900,10520,-60,-0.57,10600,20,0.19,10350,10900,1400-4-26,2021-07-17
75,سفارس,سيمان فارس و خوزستان,3175,20591092,444737648180,21200,21310,22260,1060,5,21600,400,1.89,20750,22260,1400-4-26,2021-07-17
76,ميهن,بيمه ميهن,3166,30211243,126940731322,4336,4330,4120,-216,-4.98,4202,-134,-3.09,4120,4330,1400-4-26,2021-07-17
77,دتوزيع,توزيع دارو پخش,3147,5635192,175604232871,30199,31600,30837,638,2.11,31162,963,3.19,30199,31708,1400-4-26,2021-07-17
78,شلعاب,لعابيران‌,3127,10773047,108505636340,10430,10500,9990,-440,-4.22,10070,-360,-3.45,9910,10500,1400-4-26,2021-07-17
79,كپشير,پشم‌شيشه‌ايران‌,3101,7710492,192050680780,26130,24830,24830,-1300,-4.98,24910,-1220,-4.67,24830,25700,1400-4-26,2021-07-17
80,ديران,ايران‌دارو,3020,10300177,177218595750,17780,17050,17260,-520,-2.92,17210,-570,-3.21,16900,17970,1400-4-26,2021-07-17
81,خصدرا,صنعتي‌ دريايي‌ ايران‌,3000,69991505,169255445592,2352,2400,2422,70,2.98,2418,66,2.81,2365,2422,1400-4-26,2021-07-17
82,كيسون,شركت كيسون,2986,24279325,232481217130,9760,9565,9700,-60,-0.61,9575,-185,-1.9,9565,9760,1400-4-26,2021-07-17
83,دلقما,دارويي‌ لقمان‌,2967,5237330,200459861960,39230,40900,37270,-1960,-5,38280,-950,-2.42,37270,40900,1400-4-26,2021-07-17
84,آپ,آسان پرداخت پرشين,2961,13252940,288530046550,21080,22130,21250,170,0.81,21770,690,3.27,21080,22130,1400-4-26,2021-07-17
85,سمگا,گروه سرمايه گذاري ميراث فرهنگي,2942,13005890,314409807678,24095,24600,24020,-75,-0.31,24174,79,0.33,23623,25190,1400-4-26,2021-07-17
86,غگيلا,شيرپاستوريزه پگاه گيلان,2896,2132739,39567032996,17790,18518,18679,889,5,18552,762,4.28,18020,18679,1400-4-26,2021-07-17
87,فخوز,فولاد  خوزستان,2884,13991496,213881262790,15480,15440,15260,-220,-1.42,15290,-190,-1.23,15100,15600,1400-4-26,2021-07-17
88,فجر,فولاد اميركبيركاشان,2879,5556893,214799429130,37390,38000,38400,1010,2.7,38650,1260,3.37,37700,39250,1400-4-26,2021-07-17
89,كيان,صندوق س. با درآمد ثابت كيان,2860,44527182,1310658378036,29392,29435,29436,44,0.15,29435,43,0.15,29397,29437,1400-4-26,2021-07-17
90,غشهداب,كشت و صنعت شهداب ناب خراسان,2832,55275336,196909327223,3427,3375,3598,171,4.99,3562,135,3.94,3360,3598,1400-4-26,2021-07-17
91,امين يكم,صندوق درآمد ثابت امين يكم فردا,2829,75314733,761413686123,10099,10112,10109,10,0.1,10110,11,0.11,10100,10112,1400-4-26,2021-07-17
92,اعتماد,صندوق س.اعتماد آفرين پارسيان-د,2805,76281630,2865583311080,37529,37565,37565,36,0.1,37566,37,0.1,37565,37570,1400-4-26,2021-07-17
93,ميدكو,توسعه معادن وص.معدني خاورميانه,2804,16764769,762199317030,43730,45000,45520,1790,4.09,45460,1730,3.96,44990,45900,1400-4-26,2021-07-17
94,وسكرمان,س.سهام عدالت استان كرمان,2797,124408108,73437743059,601,603,589,-12,-2,590,-11,-1.83,576,605,1400-4-26,2021-07-17
95,بجهرم,توسعه مولد نيروگاهي جهرم,2789,34101772,90499234127,2706,2720,2600,-106,-3.92,2654,-52,-1.92,2590,2750,1400-4-26,2021-07-17
96,ختوقا,قطعات‌ اتومبيل‌ ايران‌,2766,80128505,192899316096,2302,2315,2417,115,5,2407,105,4.56,2300,2417,1400-4-26,2021-07-17
97,كفرآور,فرآورده هاي سيمان شرق,2688,12382757,245641055909,20202,19596,19600,-602,-2.98,19837,-365,-1.81,19596,20500,1400-4-26,2021-07-17
98,فاذر,صنايع‌ آذرآب‌,2653,84213877,124013660174,1473,1470,1446,-27,-1.83,1473,0,0,1440,1530,1400-4-26,2021-07-17
99,حتوكا,حمل‌ونقل‌توكا,2584,9685480,192605689840,19290,19590,20250,960,4.98,19890,600,3.11,18830,20250,1400-4-26,2021-07-17
100,ثشاهد,سرمايه‌ گذاري‌ شاهد,2555,10030432,148679495430,14280,14980,14710,430,3.01,14820,540,3.78,14580,14990,1400-4-26,2021-07-17
101,حسير,ريل سير كوثر,2538,11292120,247799057184,21029,22080,22080,1051,5,21944,915,4.35,21120,22080,1400-4-26,2021-07-17
102,پتاير,ايران‌ تاير,2536,43169495,133202695767,3153,3130,3050,-103,-3.27,3086,-67,-2.12,3043,3165,1400-4-26,2021-07-17
103,ولصنم,ليزينگ‌صنعت‌ومعدن‌,2522,11025921,90916417090,8170,8150,8180,10,0.12,8250,80,0.98,7910,8490,1400-4-26,2021-07-17
104,قرن,پديده شيمي قرن,2517,3518753,117469066550,32770,32900,33800,1030,3.14,33380,610,1.86,32460,34200,1400-4-26,2021-07-17
105,ثفارس,عمران‌وتوسعه‌فارس‌,2479,15349813,114634298680,7390,7450,7280,-110,-1.49,7470,80,1.08,7250,7700,1400-4-26,2021-07-17
106,خكار,ايركا پارت صنعت,2465,5845552,104261610510,17960,18000,17460,-500,-2.78,17840,-120,-0.67,17300,18490,1400-4-26,2021-07-17
107,كوير,توليدي فولاد سپيد فراب كوير,2461,10661233,149116278480,14070,14000,14000,-70,-0.5,13990,-80,-0.57,13800,14300,1400-4-26,2021-07-17
108,بكهنوج,توليد برق ماهتاب كهنوج,2457,49163950,88662342363,1817,1851,1771,-46,-2.53,1803,-14,-0.77,1735,1890,1400-4-26,2021-07-17
109,ساوه,سيمان ساوه,2446,2203587,126195837023,54800,55890,57540,2740,5,57268,2468,4.5,55205,57540,1400-4-26,2021-07-17
110,كچاد,معدني‌وصنعتي‌چادرملو,2428,6952032,173993409360,25430,25850,25380,-50,-0.2,25030,-400,-1.57,24670,25850,1400-4-26,2021-07-17
111,قرنح,ح . پديده شيمي قرن,2421,5460081,132534005250,24540,24200,24150,-390,-1.59,24270,-270,-1.1,23750,24980,1400-4-26,2021-07-17
112,وسخوز,شركت س استان خوزستان,2410,130411370,72125607139,576,570,556,-20,-3.47,553,-23,-3.99,548,570,1400-4-26,2021-07-17
113,خمحركه,نيرو محركه‌,2385,40892382,167617268013,3925,4000,4121,196,4.99,4099,174,4.43,3940,4121,1400-4-26,2021-07-17
114,اتكاي,بيمه اتكايي ايرانيان,2363,13263487,129641951525,9990,9720,9650,-340,-3.4,9774,-216,-2.16,9501,10130,1400-4-26,2021-07-17
115,شلرد,كود شيميايي اوره لردگان,2342,22010602,166085046988,7359,7579,7534,175,2.38,7546,187,2.54,7378,7579,1400-4-26,2021-07-17
116,بسويچ,پارس‌سويچ‌,2339,5881157,149481750080,26640,25310,25700,-940,-3.53,25420,-1220,-4.58,25310,25970,1400-4-26,2021-07-17
117,خفنر,فنرسازي‌خاور,2335,21889514,144786630730,6810,7150,6470,-340,-4.99,6610,-200,-2.94,6470,7150,1400-4-26,2021-07-17
118,رمپنا,گروه مپنا (سهامي عام),2329,12599811,215828875600,17270,18060,16800,-470,-2.72,17130,-140,-0.81,16710,18060,1400-4-26,2021-07-17
119,داسوه,داروسازي‌ اسوه‌,2328,4482067,136530074480,31040,32580,30050,-990,-3.19,30460,-580,-1.87,29490,32590,1400-4-26,2021-07-17
120,تاپيكو,س. نفت و گاز و پتروشيمي تأمين,2323,27535417,369351947130,13120,13730,13210,90,0.69,13410,290,2.21,13210,13730,1400-4-26,2021-07-17
121,چفيبر,فيبر ايران‌,2313,12249213,92894332080,7830,7840,7900,70,0.89,7580,-250,-3.19,7440,7970,1400-4-26,2021-07-17
122,غالبر,لبنيات‌ كالبر,2301,7659217,128841752190,16140,15700,16940,800,4.96,16820,680,4.21,15700,16940,1400-4-26,2021-07-17
123,زكوثر,سرمايه گذاري كشاورزي كوثر,2286,3453580,61815439490,18170,18330,17600,-570,-3.14,17900,-270,-1.49,17550,18590,1400-4-26,2021-07-17
124,وساپا,سرمايه‌گذاري‌ سايپا,2257,24191724,128353487950,5150,5250,5290,140,2.72,5310,160,3.11,5120,5400,1400-4-26,2021-07-17
125,ديرانح,ح . ‌ايران‌دارو,2241,9636779,112241050640,12470,12050,11620,-850,-6.82,11650,-820,-6.58,11230,12360,1400-4-26,2021-07-17
126,تاپكيش,تجارت الكترونيك پارسيان كيش,2219,9128902,134262580293,14452,14380,14480,28,0.19,14707,255,1.76,14100,15108,1400-4-26,2021-07-17
127,شفن,پتروشيمي فناوران,2205,356643,110016074050,309660,308780,306700,-2960,-0.96,308480,-1180,-0.38,300000,317880,1400-4-26,2021-07-17
128,وملي,گروه‌ صنعتي‌ ملي‌ (هلدينگ‌,2203,882787,145652149890,170650,171000,162120,-8530,-5,164990,-5660,-3.32,162120,172310,1400-4-26,2021-07-17
129,حفارس,حمل و نقل بين المللي خليج فارس,2200,20198221,82727467719,4147,4250,4028,-119,-2.87,4096,-51,-1.23,4006,4250,1400-4-26,2021-07-17
130,آ س پ,آ.س.پ,2191,9886707,100519481071,9784,10000,10100,316,3.23,10167,383,3.91,9878,10273,1400-4-26,2021-07-17
131,بكام,كارخانجات توليدي شهيد قندي,2156,27111051,79556477746,2888,2990,2877,-11,-0.38,2934,46,1.59,2850,3000,1400-4-26,2021-07-17
132,دسانكو,داروسازي سبحان انكولوژي,2149,14881787,180961356847,11606,11830,12186,580,5,12160,554,4.77,11830,12186,1400-4-26,2021-07-17
133,خودكفا,اقتصادي و خودكفايي آزادگان,2133,7734091,121354703834,16063,16000,15582,-481,-2.99,15691,-372,-2.32,15582,16199,1400-4-26,2021-07-17
134,زكشت,كشاورزي مكانيزه اصفهان كشت,2122,3246871,102582513452,32935,31790,31289,-1646,-5,31594,-1341,-4.07,31289,32500,1400-4-26,2021-07-17
135,تملت,تامين سرمايه بانك ملت,2054,10972393,53149136950,4999,5050,4810,-189,-3.78,4844,-155,-3.1,4766,5050,1400-4-26,2021-07-17
136,شصدف,صنعتي دوده فام,2054,1080405,44764420365,39460,41433,41433,1973,5,41433,1973,5,41433,41433,1400-4-26,2021-07-17
137,كگل,معدني و صنعتي گل گهر,2048,8670297,163341443400,18910,19350,18740,-170,-0.9,18840,-70,-0.37,18540,19350,1400-4-26,2021-07-17
138,حريل,ريل پردازسير,2047,17663778,70289414309,4030,4168,3893,-137,-3.4,3979,-51,-1.27,3882,4168,1400-4-26,2021-07-17
139,فولاژ,فولاد آلياژي ايران,2015,9535853,173469741910,17710,17700,18240,530,2.99,18190,480,2.71,17600,18420,1400-4-26,2021-07-17
140,ثاخت,بين‌المللي‌توسعه‌ساختمان,2003,33050104,77348949082,2340,2422,2336,-4,-0.17,2340,0,0,2271,2423,1400-4-26,2021-07-17
141,البرز,بيمه البرز,2001,43728349,206345847139,4619,4700,4750,131,2.84,4719,100,2.16,4640,4790,1400-4-26,2021-07-17
142,زاگرس,پتروشيمي زاگرس,1984,494305,100223894355,205527,205527,202800,-2727,-1.33,202757,-2770,-1.35,200011,207050,1400-4-26,2021-07-17
143,وليز,ليزينگ‌ايران‌,1970,12349898,84464827900,7130,7350,6780,-350,-4.91,6840,-290,-4.07,6780,7350,1400-4-26,2021-07-17
144,لپارس,پارس‌ الكتريك‌,1963,956956,70890882280,73480,73290,73000,-480,-0.65,74080,600,0.82,72510,75980,1400-4-26,2021-07-17
145,وسلرستا,شركت س استان لرستان,1951,83465584,47981057730,591,586,570,-21,-3.55,575,-16,-2.71,564,600,1400-4-26,2021-07-17
146,اخابر,مخابرات ايران,1942,23176964,204859024030,8760,8950,8650,-110,-1.26,8840,80,0.91,8650,9000,1400-4-26,2021-07-17
147,غپينو,پارس‌ مينو,1931,13509741,79687205010,5990,5930,5850,-140,-2.34,5900,-90,-1.5,5790,6090,1400-4-26,2021-07-17
148,شپديس,پتروشيمي پرديس,1919,1464254,192304129320,133080,130000,129000,-4080,-3.07,131330,-1750,-1.31,127950,135680,1400-4-26,2021-07-17
149,غشان,شيرپاستوريزه‌پگاه‌خراسان‌,1900,21456973,134819485340,6110,6180,6380,270,4.42,6280,170,2.78,6000,6410,1400-4-26,2021-07-17
150,پارسان,گسترش نفت و گاز پارسيان,1897,18741920,482804096990,24800,25990,25200,400,1.61,25760,960,3.87,25100,26020,1400-4-26,2021-07-17
151,سفار,سيمان‌فارس‌,1891,613705,62750974840,104400,100800,100300,-4100,-3.93,102250,-2150,-2.06,99730,105990,1400-4-26,2021-07-17
152,غچين,كشت‌ و صنعت‌ چين‌ چين,1875,8386284,138930255670,15890,16600,16680,790,4.97,16570,680,4.28,16000,16680,1400-4-26,2021-07-17
153,فايرا,آلومينيوم‌ايران‌,1874,6142031,104444564580,16490,17310,16990,500,3.03,17000,510,3.09,16590,17310,1400-4-26,2021-07-17
154,قشكر,شكرشاهرود,1861,23171603,72756754522,3068,3068,3160,92,3,3140,72,2.35,3052,3213,1400-4-26,2021-07-17
155,كلر,كلر پارس,1848,1440076,152558779438,106778,107000,106000,-778,-0.73,105938,-840,-0.79,103500,110000,1400-4-26,2021-07-17
156,ثعمرا,عمران و توسعه شاهد,1847,6154088,63738510969,10442,10470,10237,-205,-1.96,10357,-85,-0.81,10000,10800,1400-4-26,2021-07-17
157,غفارس,شير پاستوريزه پگاه فارس,1838,8059893,159276407690,20612,21000,19582,-1030,-5,19762,-850,-4.12,19582,21000,1400-4-26,2021-07-17
158,شخارك,پتروشيمي‌ خارك‌,1835,3435292,174802875840,50620,50650,51000,380,0.75,50880,260,0.51,50020,51790,1400-4-26,2021-07-17
159,غپاك,لبنيات‌ پاك‌,1807,4939531,89521619460,18580,19100,17890,-690,-3.71,18120,-460,-2.48,17880,19100,1400-4-26,2021-07-17
160,فبيرا,بسته‌ بندي‌ ايران‌,1772,25455082,64170026596,2575,2509,2530,-45,-1.75,2521,-54,-2.1,2498,2575,1400-4-26,2021-07-17
161,دماوند,توليد نيروي برق دماوند,1762,3989129,111818831933,28169,28203,27699,-470,-1.67,28031,-138,-0.49,27051,28697,1400-4-26,2021-07-17
162,سرو,صندوق س سروسودمند مدبران-سهام,1744,1971926,139443700450,70140,71030,70220,80,0.11,70710,570,0.81,70000,71700,1400-4-26,2021-07-17
163,شسينا,صنايع‌شيميايي‌سينا,1702,692354,49968439680,72540,73000,70650,-1890,-2.61,72170,-370,-0.51,69920,75400,1400-4-26,2021-07-17
164,غمينو,شركت صنايع غذايي مينو شرق,1702,8946341,79055050183,8446,8665,8752,306,3.62,8837,391,4.63,8665,8868,1400-4-26,2021-07-17
165,وآوا,سرمايه گذاري آوا نوين,1701,10990659,62519516498,5661,5700,5650,-11,-0.19,5688,27,0.48,5608,5766,1400-4-26,2021-07-17
166,چدن,توليدي چدن سازان,1683,25998588,116466643086,4508,4600,4410,-98,-2.17,4480,-28,-0.62,4400,4600,1400-4-26,2021-07-17
167,ونوين,بانك‌اقتصادنوين‌,1681,29038278,136271285179,4689,4720,4659,-30,-0.64,4693,4,0.09,4653,4789,1400-4-26,2021-07-17
168,شيران,س. صنايع‌شيميايي‌ايران,1668,4825496,115391799800,24160,24400,23720,-440,-1.82,23910,-250,-1.03,23400,24550,1400-4-26,2021-07-17
169,فولاي,صنايع فولاد آلياژي يزد,1652,2017296,79039030787,40813,40011,38773,-2040,-5,39181,-1632,-4,38773,40790,1400-4-26,2021-07-17
170,سدور,سيمان‌ دورود,1625,16891181,143133610370,8100,8050,8500,400,4.94,8470,370,4.57,8050,8500,1400-4-26,2021-07-17
171,ساروم,سيمان‌اروميه‌,1611,4684699,164183324750,33680,33690,35360,1680,4.99,35050,1370,4.07,33410,35360,1400-4-26,2021-07-17
172,آسيا,بيمه آسيا,1608,33352584,60693314319,1822,1860,1803,-19,-1.04,1820,-2,-0.11,1799,1880,1400-4-26,2021-07-17
173,تليسه,دامداري تليسه نمونه,1607,15034941,50001941037,3366,3420,3266,-100,-2.97,3326,-40,-1.19,3260,3430,1400-4-26,2021-07-17
174,ودي,بيمه  دي,1607,18083132,138884474950,7373,7568,7741,368,4.99,7680,307,4.16,7450,7741,1400-4-26,2021-07-17
175,حفاري,حفاري شمال,1604,11531136,79306435030,6750,6720,6810,60,0.89,6880,130,1.93,6720,7000,1400-4-26,2021-07-17
176,غديس,پاكديس,1600,7048056,96187574860,14008,13608,13520,-488,-3.48,13647,-361,-2.58,13310,14110,1400-4-26,2021-07-17
177,خموتور,موتورسازان‌تراكتورسازي‌ايران‌,1588,7564850,80322608150,10220,10550,10350,130,1.27,10620,400,3.91,10220,10730,1400-4-26,2021-07-17
178,تاصيكو,سرمايه گذاري صدرتامين,1574,14105965,148362471340,10510,10490,10520,10,0.1,10520,10,0.1,10320,10700,1400-4-26,2021-07-17
179,كيميا,معدني كيمياي زنجان گستران,1573,6828221,101739373027,15538,15729,14940,-598,-3.85,14900,-638,-4.11,14762,15729,1400-4-26,2021-07-17
180,زفكا,كشت و دامداري فكا,1572,6583494,75105209490,11094,11648,11495,401,3.61,11408,314,2.83,11130,11648,1400-4-26,2021-07-17
181,غگلستا,شير پاستوريزه پگاه گلستان,1559,5488468,117593368907,22286,22340,21181,-1105,-4.96,21426,-860,-3.86,21172,22340,1400-4-26,2021-07-17
182,وسهرمز,شركت س استان هرمزگان,1539,72456508,41768948435,594,580,573,-21,-3.54,576,-18,-3.03,570,593,1400-4-26,2021-07-17
183,دبالك,مواد اوليه دارويي البرز بالك,1535,5920543,98038474883,17279,17450,16498,-781,-4.52,16559,-720,-4.17,16416,17450,1400-4-26,2021-07-17
184,وجامي,سرمايه گذاري جامي,1529,6454500,84267691021,13069,13100,13290,221,1.69,13056,-13,-0.1,12677,13429,1400-4-26,2021-07-17
185,غسالم,سالمين‌,1507,16864905,56518968528,3360,3350,3335,-25,-0.74,3351,-9,-0.27,3305,3410,1400-4-26,2021-07-17
186,مرقام,ايران‌ارقام‌,1501,6162286,99239314100,16210,16320,15870,-340,-2.1,16100,-110,-0.68,15790,16480,1400-4-26,2021-07-17
187,ستران,سيمان‌ تهران‌,1493,5297595,135038006500,24710,25690,25940,1230,4.98,25490,780,3.16,24830,25940,1400-4-26,2021-07-17
188,غاذر,كشت‌وصنعت‌پياذر,1490,2323863,77812834120,35150,34950,33400,-1750,-4.98,33480,-1670,-4.75,33400,34950,1400-4-26,2021-07-17
189,تسه0003,امتيازتسهيلات مسكن خرداد1400,1473,53003,31793365553,601622,605000,595000,-6622,-1.1,599841,-1781,-0.3,571541,608999,1400-4-26,2021-07-17
190,كسعدي,كاشي‌ سعدي‌,1469,4454691,51887532060,11860,12170,11520,-340,-2.87,11650,-210,-1.77,11430,12170,1400-4-26,2021-07-17
191,فباهنر,مس‌ شهيدباهنر,1466,4879817,108107757770,21170,21810,22220,1050,4.96,22150,980,4.63,21200,22220,1400-4-26,2021-07-17
192,كساپا,سايپاشيشه‌,1451,2176615,49261025120,23370,23450,22820,-550,-2.35,22630,-740,-3.17,22210,23880,1400-4-26,2021-07-17
193,وگستر,گسترش سرمايه گذاري ايرانيان,1451,6600299,95309029206,14954,15200,14207,-747,-5,14440,-514,-3.44,14207,15200,1400-4-26,2021-07-17
194,وهور,مديريت انرژي اميد  تابان هور,1449,31009925,55173740799,1790,1800,1749,-41,-2.29,1779,-11,-0.61,1749,1814,1400-4-26,2021-07-17
195,فلامي,لاميران‌,1449,1697234,43561029670,26650,26650,25570,-1080,-4.05,25670,-980,-3.68,25320,26650,1400-4-26,2021-07-17
196,فاسمين,كالسيمين‌,1449,7053655,107884553720,15260,15450,15080,-180,-1.18,15290,30,0.2,15050,15700,1400-4-26,2021-07-17
197,پدرخش,درخشان‌ تهران‌,1447,2189291,58132699310,27620,27590,26240,-1380,-5,26550,-1070,-3.87,26240,27950,1400-4-26,2021-07-17
198,ولساپا,ليزينگ رايان‌ سايپا,1442,19090068,55036710851,2874,2920,2830,-44,-1.53,2883,9,0.31,2822,2965,1400-4-26,2021-07-17
199,وثوق,سرمايه گذاري وثوق امين,1429,5183048,94047724831,17384,18243,18150,766,4.41,18145,761,4.38,17550,18253,1400-4-26,2021-07-17
200,درهآور,دارويي ره آورد تامين,1427,3079468,96639533188,30041,31000,31543,1502,5,31382,1341,4.46,30160,31543,1400-4-26,2021-07-17
201,كحافظ,كاشي‌ وسراميك‌ حافظ‌,1424,6357386,61319576410,9210,9630,9670,460,4.99,9650,440,4.78,9390,9670,1400-4-26,2021-07-17
202,ولانا,شركت ليزينگ آريا دانا,1419,2583315,62690001541,24066,24000,24100,34,0.14,24267,201,0.84,23501,24730,1400-4-26,2021-07-17
203,دپارس,پارس‌ دارو,1413,9208010,344903682720,35680,37460,37460,1780,4.99,37460,1780,4.99,36900,37460,1400-4-26,2021-07-17
204,غويتا,ويتانا,1399,3823699,39045275683,10528,10530,10002,-526,-5,10211,-317,-3.01,10002,10530,1400-4-26,2021-07-17
205,شتوكا,توكا رنگ فولاد سپاهان,1389,2250220,68357999803,30378,30596,30250,-128,-0.42,30378,0,0,29822,31000,1400-4-26,2021-07-17
206,سبهان,سيمان‌ بهبهان‌,1384,1014170,69930519860,65910,68370,69200,3290,4.99,68950,3040,4.61,67360,69200,1400-4-26,2021-07-17
207,دجابر,داروسازي‌ جابرابن‌حيان‌,1384,3891315,50494537400,13350,13250,12830,-520,-3.9,12980,-370,-2.77,12770,13600,1400-4-26,2021-07-17
208,قنيشا,قند  نيشابور,1376,1457563,96357496930,65330,68000,65990,660,1.01,66110,780,1.19,64000,68000,1400-4-26,2021-07-17
209,ريشمك,توليد و صادرات ريشمك,1360,2715763,122941519144,43395,43520,45564,2169,5,45270,1875,4.32,42503,45564,1400-4-26,2021-07-17
210,آگاس,صندوق س.هستي بخش آگاه-س,1359,1200382,88401537369,73163,73800,73221,58,0.08,73645,482,0.66,72811,74480,1400-4-26,2021-07-17
211,شجم,صنايع پتروشيمي تخت جمشيد,1359,21171853,249470853662,11495,11839,11300,-195,-1.7,11783,288,2.51,11300,11839,1400-4-26,2021-07-17
212,خكرمان,گروه اقتصادي كرمان خودرو,1357,25525172,98817503878,3768,3881,3833,65,1.73,3871,103,2.73,3773,3881,1400-4-26,2021-07-17
213,تكشا,گسترش‌صنايع‌وخدمات‌كشاورزي‌,1354,1791613,53012358000,30330,30030,28830,-1500,-4.95,29590,-740,-2.44,28820,30750,1400-4-26,2021-07-17
214,ورنا,سرمايه‌گذاري‌ رنا(هلدينگ‌,1351,10889901,54923509780,4891,4990,4980,89,1.82,5044,153,3.13,4920,5130,1400-4-26,2021-07-17
215,ولشرق,ليزينگ ايران و شرق,1350,9247028,59506621812,6406,6469,6400,-6,-0.09,6435,29,0.45,6240,6690,1400-4-26,2021-07-17
216,سبزوا,سيمان لار سبزوار,1349,16117975,50273062187,3134,3155,3110,-24,-0.77,3119,-15,-0.48,3080,3196,1400-4-26,2021-07-17
217,سيلام,سيمان‌ ايلام‌,1333,5517683,47500952430,8740,8740,8420,-320,-3.66,8610,-130,-1.49,8380,9060,1400-4-26,2021-07-17
218,تمحركه,ماشين سازي نيرو محركه,1330,4075709,59744526339,14344,14469,14774,430,3,14659,315,2.2,14000,14774,1400-4-26,2021-07-17
219,وايران,ليزينگ ايرانيان,1329,11182898,87483653050,7480,7780,7850,370,4.95,7820,340,4.55,7500,7850,1400-4-26,2021-07-17
220,بزاگرس,نيروگاه زاگرس كوثر,1328,11751040,60331829846,5282,5300,5080,-202,-3.82,5134,-148,-2.8,5050,5300,1400-4-26,2021-07-17
221,وسينا,بانك سينا,1315,23565907,73133887535,3166,3166,3030,-136,-4.3,3103,-63,-1.99,3020,3240,1400-4-26,2021-07-17
222,دتوليد,داروسازي توليد دارو,1313,3746404,54828796609,14834,15080,14450,-384,-2.59,14635,-199,-1.34,14400,15080,1400-4-26,2021-07-17
223,گكوثر,هتل پارسيان كوثر اصفهان,1310,36918423,90020237789,2435,2430,2380,-55,-2.26,2438,3,0.12,2332,2485,1400-4-26,2021-07-17
224,وصنعت,سرمايه گذاري توسعه صنعت وتجارت,1286,13697568,77817612050,5600,5610,5620,20,0.36,5680,80,1.43,5610,5770,1400-4-26,2021-07-17
225,ثغرب,شركت سرمايه گذاري مسكن شمالغرب,1285,7896935,53677388778,6925,6980,6633,-292,-4.22,6797,-128,-1.85,6631,7114,1400-4-26,2021-07-17
226,زنگان,صنعت روي زنگان,1281,588337,36537953122,64268,66000,61100,-3168,-4.93,62104,-2164,-3.37,61055,66000,1400-4-26,2021-07-17
227,ومعلم,بيمه معلم,1277,13520560,57952913131,4270,4326,4290,20,0.47,4286,16,0.37,4171,4400,1400-4-26,2021-07-17
228,سشرق,سيمان‌ شرق‌,1275,11046027,83019702560,7300,7410,7660,360,4.93,7520,220,3.01,7330,7660,1400-4-26,2021-07-17
229,چافست,افست‌,1274,3258118,43934266930,13760,13500,13350,-410,-2.98,13480,-280,-2.03,13140,14000,1400-4-26,2021-07-17
230,تبرك,گروه كارخانجات صنعتي تبرك,1257,3309486,45409563579,13842,13842,13580,-262,-1.89,13721,-121,-0.87,13511,14100,1400-4-26,2021-07-17
231,ونيكي,سرمايه‌گذاري‌ ملي‌ايران‌,1242,8956485,86567082340,9900,9950,9600,-300,-3.03,9670,-230,-2.32,9510,10000,1400-4-26,2021-07-17
232,كنور,توسعه معدني و صنعتي صبانور,1241,1735152,101174576260,59290,59990,58990,-300,-0.51,58310,-980,-1.65,57400,59990,1400-4-26,2021-07-17
233,دانا,بيمه دانا,1229,9162129,51562040730,5770,5870,5560,-210,-3.64,5630,-140,-2.43,5500,5880,1400-4-26,2021-07-17
234,خشرق,الكتريك‌ خودرو شرق‌,1224,6662464,84442097840,12140,12290,12720,580,4.78,12670,530,4.37,12000,12740,1400-4-26,2021-07-17
235,معيار ,سرمايه گذاري معيار صنعت پارس,1221,1250723,53050665106,42848,42848,41563,-1285,-3,42416,-432,-1.01,41563,43500,1400-4-26,2021-07-17
236,شاراك,پتروشيمي شازند,1211,2826986,81346683190,29020,29400,28590,-430,-1.48,28810,-210,-0.72,28210,29480,1400-4-26,2021-07-17
237,كپارس,كاشي‌ پارس‌,1206,449511,51578048570,117620,119990,112590,-5030,-4.28,114740,-2880,-2.45,111750,119990,1400-4-26,2021-07-17
238,وسين,بيمه سينا,1201,38890447,147146131845,3774,3887,3661,-113,-2.99,3784,10,0.26,3661,3887,1400-4-26,2021-07-17
239,زقيام,كشت و دام قيام اصفهان,1194,2023150,46484361800,22936,23740,22390,-546,-2.38,22976,40,0.17,22300,23740,1400-4-26,2021-07-17
240,كسرا,سراميك‌هاي‌صنعتي‌اردكان‌,1192,6790737,114689545010,16210,16980,17020,810,5,16890,680,4.19,16370,17020,1400-4-26,2021-07-17
241,قصفها,قنداصفهان‌,1180,1034671,97700611700,90440,89260,94960,4520,5,94430,3990,4.41,89260,94960,1400-4-26,2021-07-17
242,افران,صندوق س افرا نماد پايدار-ثابت,1179,41423781,571067574589,13766,13786,13788,22,0.16,13786,20,0.15,13785,13789,1400-4-26,2021-07-17
243,دكوثر,داروسازي‌ كوثر,1179,7716930,41461740670,5600,5380,5340,-260,-4.64,5370,-230,-4.11,5320,5650,1400-4-26,2021-07-17
244,غپآذر,شير پگاه آذربايجان شرقي,1177,1460350,63668870849,42133,43872,44239,2106,5,43598,1465,3.48,42100,44239,1400-4-26,2021-07-17
245,كلوند,كاشي‌ الوند,1156,2199638,48919458630,22180,22050,21650,-530,-2.39,22240,60,0.27,21300,22930,1400-4-26,2021-07-17
246,جوين,كشت و صنعت جوين,1148,21519642,84499378887,3851,3966,3830,-21,-0.55,3927,76,1.97,3801,3966,1400-4-26,2021-07-17
247,افرا,افرانت,1142,1848894,47333287048,26747,26950,25600,-1147,-4.29,25601,-1146,-4.28,25410,27000,1400-4-26,2021-07-17
248,رانفور,خدمات‌انفورماتيك‌,1137,10621448,68324150790,6160,6280,6460,300,4.87,6420,260,4.22,6180,6460,1400-4-26,2021-07-17
249,زبينا,كشاورزي و دامپروري بينالود,1134,14419489,39982403773,2751,2725,2725,-26,-0.95,2773,22,0.8,2710,2829,1400-4-26,2021-07-17
250,پاسا,ايران‌ياساتايرورابر,1131,3639294,75614538220,21480,21950,20410,-1070,-4.98,20780,-700,-3.26,20410,21950,1400-4-26,2021-07-17
251,رتاپ,تجارت الكترونيك  پارسيان,1125,6439236,39673391360,6040,6300,6260,220,3.64,6160,120,1.99,5850,6300,1400-4-26,2021-07-17
252,دزهراوي,داروسازي‌زهراوي‌,1125,8175231,54331579970,6830,6520,6690,-140,-2.05,6650,-180,-2.64,6520,6790,1400-4-26,2021-07-17
253,سصوفي,سيمان‌ صوفيان‌,1121,4154951,77557870690,18330,18330,18980,650,3.55,18670,340,1.85,18330,18980,1400-4-26,2021-07-17
254,فرآور,فرآوري‌موادمعدني‌ايران‌,1116,2060061,61699158270,30200,30900,30000,-200,-0.66,29950,-250,-0.83,29620,31000,1400-4-26,2021-07-17
255,وشهر,بانك شهر,1103,12297824,80418287742,6335,6353,6481,146,2.3,6539,204,3.22,6350,6588,1400-4-26,2021-07-17
256,فنورد,نوردوقطعات‌ فولادي‌,1099,302422,63092925160,209260,215000,206500,-2760,-1.32,208630,-630,-0.3,200000,217000,1400-4-26,2021-07-17
257,زشگزا,شير و گوشت زاگرس شهركرد,1091,4955064,30714987331,6312,6430,6178,-134,-2.12,6199,-113,-1.79,6101,6430,1400-4-26,2021-07-17
258,ثپرديس,سرمايه گذاري مسكن پرديس,1087,5806820,35873993644,6120,6350,6074,-46,-0.75,6178,58,0.95,6057,6350,1400-4-26,2021-07-17
259,گوهران,سرمايه گذاري توسعه گوهران اميد,1086,6654393,34399559206,5320,5092,5054,-266,-5,5169,-151,-2.84,5054,5450,1400-4-26,2021-07-17
260,سرچشمه,سرمايه گذاري مس سرچشمه,1084,6891763,50565917544,7550,7500,7328,-222,-2.94,7337,-213,-2.82,7235,7580,1400-4-26,2021-07-17
261,سغرب,سيمان‌غرب‌,1083,2439046,62994005680,25370,25370,25860,490,1.93,25830,460,1.81,25070,26570,1400-4-26,2021-07-17
262,وتوكا,سرمايه‌گذاري‌توكافولاد(هلدينگ,1083,7924718,75426798220,9590,9930,9420,-170,-1.77,9520,-70,-0.73,9300,9930,1400-4-26,2021-07-17
263,غشاذر,پگاه‌آذربايجان‌غربي‌,1075,5535906,42157016930,7550,7650,7490,-60,-0.79,7620,70,0.93,7330,7790,1400-4-26,2021-07-17
264,واحيا,م .صنايع و معادن احياء سپاهان,1074,2252854,384072220686,166291,171000,171279,4988,3,170483,4192,2.52,161303,171279,1400-4-26,2021-07-17
265,بموتو,موتوژن‌,1069,1246018,79248619890,61910,62500,64570,2660,4.3,63600,1690,2.73,62220,65000,1400-4-26,2021-07-17
266,غصينو,صنعتي مينو,1055,1291314,69744107779,56312,56770,53497,-2815,-5,54591,-1721,-3.06,53497,56770,1400-4-26,2021-07-17
267,خلنت,لنت‌ ترمزايران‌,1050,1006030,50902734000,49700,52180,49410,-290,-0.58,50600,900,1.81,47380,52180,1400-4-26,2021-07-17
268,دسانكوح,ح . داروسازي سبحان انكولوژي,1044,6945444,59840863692,8360,8400,8778,418,5,8616,256,3.06,8261,8778,1400-4-26,2021-07-17
269,بمپنا,توليد برق عسلويه  مپنا,1037,1755217,123168257321,72219,73500,70916,-1303,-1.8,70173,-2046,-2.83,68990,73500,1400-4-26,2021-07-17
270,نوين,بيمه نوين,1036,12431905,65136708404,5181,5180,5180,-1,-0.02,5239,58,1.12,5152,5350,1400-4-26,2021-07-17
271,خكمك,كمك‌فنرايندامين‌,1011,1933358,34376508700,17330,17800,17600,270,1.56,17780,450,2.6,17420,18140,1400-4-26,2021-07-17
272,تپمپي,پمپ‌ سازي‌ ايران‌,1006,2037954,32646886390,16450,16480,15800,-650,-3.95,16020,-430,-2.61,15710,16800,1400-4-26,2021-07-17
273,دابور,داروسازي‌ ابوريحان‌,1004,1126254,43007894370,36990,38800,37120,130,0.35,38190,1200,3.24,36630,38830,1400-4-26,2021-07-17
274,فسا,پتروشيمي فسا,1000,15236984,20986863382,1422,1353,1398,-24,-1.69,1377,-45,-3.16,1352,1422,1400-4-26,2021-07-17
275,شغدير,پتروشيمي غدير,998,1210502,82269474090,67900,68620,67150,-750,-1.1,67960,60,0.09,67060,70000,1400-4-26,2021-07-17
276,زدشت,كشت و صنعت دشت خرم دره,992,1596879,33885710850,20703,21650,20850,147,0.71,21220,517,2.5,20720,21650,1400-4-26,2021-07-17
277,شكربن,كربن‌ ايران‌,984,1123077,107259496080,98350,102790,93510,-4840,-4.92,95510,-2840,-2.89,93440,102790,1400-4-26,2021-07-17
278,فخاس,فولاد خراسان,979,1948505,43100293950,23140,22900,21990,-1150,-4.97,22680,-460,-1.99,21990,22960,1400-4-26,2021-07-17
279,كاذر,فرآورده‌هاي‌نسوزآذر,979,3456209,50811351590,15090,14780,14590,-500,-3.31,14700,-390,-2.58,14410,15020,1400-4-26,2021-07-17
280,دشيمي,شيمي‌ داروئي‌ داروپخش‌,978,2758635,65224171540,22840,22630,23980,1140,4.99,23640,800,3.5,22450,23980,1400-4-26,2021-07-17
281,ثرود,سرمايه‌گذاري مسكن زاينده رود,976,3959075,74863078213,19817,18857,18827,-990,-5,18909,-908,-4.58,18827,20240,1400-4-26,2021-07-17
282,ومهان,گروه توسعه مالي مهر آيندگان,976,2514106,34103861823,13700,13700,13467,-233,-1.7,13615,-85,-0.62,13411,13995,1400-4-26,2021-07-17
283,وبيمه,سرمايه‌ گذاري‌ صنعت‌ بيمه‌,972,19757901,35904276850,1815,1831,1800,-15,-0.83,1817,2,0.11,1780,1850,1400-4-26,2021-07-17
284,بنيرو,نيروترانس‌,971,14445876,36258025704,2562,2590,2482,-80,-3.12,2510,-52,-2.03,2440,2644,1400-4-26,2021-07-17
285,سيمرغ,سيمرغ,965,2439616,39855751280,16380,16930,16000,-380,-2.32,16340,-40,-0.24,16000,16930,1400-4-26,2021-07-17
286,پلاسك,پلاسكوكار,958,6655407,44625244430,6800,6740,6710,-90,-1.32,6710,-90,-1.32,6590,7040,1400-4-26,2021-07-17
287,والبر,سرمايه‌ گذاري‌ البرز(هلدينگ‌,954,7803301,74082670500,9600,9470,9400,-200,-2.08,9490,-110,-1.15,9350,9660,1400-4-26,2021-07-17
288,فوكا,فولاد كاويان,939,5541166,82667954230,15023,14880,14600,-423,-2.82,14919,-104,-0.69,14600,15385,1400-4-26,2021-07-17
289,ساراب,سيمان‌ داراب‌,936,2458776,47737743760,18910,19000,19800,890,4.71,19420,510,2.7,19000,19820,1400-4-26,2021-07-17
290,ساربيل,سيمان آرتا اردبيل,931,1320971,56743187810,40950,42970,42990,2040,4.98,42960,2010,4.91,42500,42990,1400-4-26,2021-07-17
291,شپارس,بين‌ المللي‌ محصولات‌  پارس‌,930,3553737,55903717370,16260,16020,15510,-750,-4.61,15730,-530,-3.26,15450,16560,1400-4-26,2021-07-17
292,شپترو,پتروشيمي آبادان,923,9684205,46554443110,4766,4900,4734,-32,-0.67,4807,41,0.86,4697,4900,1400-4-26,2021-07-17
293,دتوليدح,ح. داروسازي توليد دارو,921,2192489,23026425295,10919,10700,10374,-545,-4.99,10502,-417,-3.82,10374,10880,1400-4-26,2021-07-17
294,ومشان,س. فني و مهندسي مشانير,917,982281,67703611632,69397,71478,67316,-2081,-3,68925,-472,-0.68,67316,71478,1400-4-26,2021-07-17
295,نمرينو,ايران‌ مرينوس‌,912,698403,62795602020,94270,89800,89580,-4690,-4.98,89910,-4360,-4.63,89560,93500,1400-4-26,2021-07-17
296,كمنگنز,معادن‌منگنزايران‌,897,561768,39735577080,71440,70210,70050,-1390,-1.95,70730,-710,-0.99,70020,72000,1400-4-26,2021-07-17
297,ضخود7075,اختيارخ خودرو-2000-1400/07/07,884,31931,11102094000,350,344,326,-24,-6.86,348,-2,-0.57,326,373,1400-4-26,2021-07-17
298,اوان,مبين وان كيش,882,791297,30289100827,38712,39970,38400,-312,-0.81,38278,-434,-1.12,37111,39970,1400-4-26,2021-07-17
299,ثباغ,شهر سازي و خانه سازي باغميشه,878,4559088,51067856557,10743,10745,11210,467,4.35,11201,458,4.26,10744,11280,1400-4-26,2021-07-17
300,غبهار,كشت وصنعت بهاران گلبهار خراسان,878,1587497,29604646160,19151,19090,18577,-574,-3,18649,-502,-2.62,18577,19090,1400-4-26,2021-07-17
301,ركيشح,ح. كارت اعتباري ايران كيش,878,3664905,24295306484,6666,6676,6380,-286,-4.29,6629,-37,-0.56,6310,6990,1400-4-26,2021-07-17
302,تكمبا,كمباين‌ سازي‌ ايران‌,876,6850300,48915634510,6980,7200,7040,60,0.86,7140,160,2.29,6930,7300,1400-4-26,2021-07-17
303,ددام,داروسازي زاگرس فارمد پارس,875,2506561,31961264950,13040,13210,12540,-500,-3.83,12750,-290,-2.22,12490,13210,1400-4-26,2021-07-17
304,پارند,صندوق س. پارند پايدار سپهر,872,25894541,289380489891,11164,11175,11176,12,0.11,11175,11,0.1,11175,11178,1400-4-26,2021-07-17
305,لخزر,پارس‌ خزر,866,329806,40557984140,128500,125200,122080,-6420,-5,122980,-5520,-4.3,122080,129950,1400-4-26,2021-07-17
306,اميد,تامين سرمايه اميد,866,7426458,44866245250,6110,6080,6040,-70,-1.15,6040,-70,-1.15,5850,6260,1400-4-26,2021-07-17
307,مفاخر,توسعه فناوري اطلاعات خوارزمي,856,852761,34361152227,41141,42520,39490,-1651,-4.01,40294,-847,-2.06,39100,42520,1400-4-26,2021-07-17
308,آريان,سرمايه گذاري پارس آريان,853,10724524,151119779996,14425,14423,13993,-432,-2.99,14091,-334,-2.32,13993,14680,1400-4-26,2021-07-17
309,سهرمز,سيمان‌هرمزگان‌,851,1461490,29066004160,20300,20770,19370,-930,-4.58,19890,-410,-2.02,19290,20770,1400-4-26,2021-07-17
310,فسازان,غلتك سازان سپاهان,848,2204442,70040235100,33150,32000,31990,-1160,-3.5,31770,-1380,-4.16,31500,33000,1400-4-26,2021-07-17
311,كفپارس,فرآورده‌هاي‌ نسوز پارس‌,834,8309240,27666508856,3377,3310,3273,-104,-3.08,3330,-47,-1.39,3250,3440,1400-4-26,2021-07-17
312,سپاها,سيمان‌سپاهان‌,827,6125910,50699322060,8100,8120,8500,400,4.94,8280,180,2.22,7990,8500,1400-4-26,2021-07-17
313,حتايد,تايدواترخاورميانه,824,2822512,71097309350,25990,26000,25150,-840,-3.23,25190,-800,-3.08,24700,26200,1400-4-26,2021-07-17
314,وسگلستا,شركت س استان گلستان,824,50231703,45461867586,952,905,905,-47,-4.94,905,-47,-4.94,905,952,1400-4-26,2021-07-17
315,كسرام,پارس‌ سرام‌,808,5520693,42783878920,7430,7490,7800,370,4.98,7750,320,4.31,7460,7800,1400-4-26,2021-07-17
316,وپترو,سرمايه‌گذاري صنايع پتروشيمي‌,807,7256259,105864027120,13910,14570,14600,690,4.96,14590,680,4.89,14290,14600,1400-4-26,2021-07-17
317,فنفت,صنايع تجهيزات نفت,806,2775025,68994138600,24632,25300,25230,598,2.43,24863,231,0.94,23894,25370,1400-4-26,2021-07-17
318,هرمز,فولاد هرمزگان جنوب,805,4001581,61497127179,15308,15399,15250,-58,-0.38,15339,31,0.2,15153,15650,1400-4-26,2021-07-17
319,ختور,رادياتور ايران‌,798,4732173,91130341160,18350,19260,19260,910,4.96,19260,910,4.96,19000,19260,1400-4-26,2021-07-17
320,جم,پتروشيمي جم,793,2736849,109261791320,39800,40980,39760,-40,-0.1,39920,120,0.3,39000,40980,1400-4-26,2021-07-17
321,دلر,داروسازي‌ اكسير,791,1357745,46318657290,35370,35480,34390,-980,-2.77,34110,-1260,-3.56,33610,35480,1400-4-26,2021-07-17
322,كروي,توسعه‌ معادن‌ روي‌ ايران‌,786,2228067,53422977550,23400,24020,23830,430,1.84,23980,580,2.48,23560,24380,1400-4-26,2021-07-17
323,والبرح,ح . سرمايه گذاري‌البرز(هلدينگ‌,783,2808128,22413294643,8200,8190,7790,-410,-5,7982,-218,-2.66,7600,8190,1400-4-26,2021-07-17
324,رتكو,كنترل‌خوردگي‌تكين‌كو,776,2241010,31673013190,14780,14350,14050,-730,-4.94,14130,-650,-4.4,14050,14870,1400-4-26,2021-07-17
325,كهمدا,شيشه‌ همدان‌,769,2816088,26998591960,9610,9750,9570,-40,-0.42,9590,-20,-0.21,9400,9750,1400-4-26,2021-07-17
326,قاسم,قاسم ايران,768,2860125,26963615946,9405,9330,9303,-102,-1.08,9427,22,0.23,9250,9720,1400-4-26,2021-07-17
327,كارين,صندوق س نگين سامان-ثابت,767,34025052,345281083912,10131,10147,10147,16,0.16,10148,17,0.17,10147,10149,1400-4-26,2021-07-17
328,فنوال,نورد آلومينيوم‌,765,1283932,31590260390,24760,25090,24380,-380,-1.53,24600,-160,-0.65,24270,25330,1400-4-26,2021-07-17
329,فروس,فروسيليس‌ ايران‌,764,6404010,36456031890,5780,5940,5610,-170,-2.94,5690,-90,-1.56,5590,5940,1400-4-26,2021-07-17
330,پكوير,كوير تاير,762,3002286,43519568050,14620,14950,14290,-330,-2.26,14500,-120,-0.82,14190,14980,1400-4-26,2021-07-17
331,كرماشا,صنايع پتروشيمي كرمانشاه,761,1100757,43101881110,39860,40000,38460,-1400,-3.51,39310,-550,-1.38,38230,40000,1400-4-26,2021-07-17
332,وزمين,بانك ايران زمين,757,9550854,100824195918,10867,11260,10460,-407,-3.75,10557,-310,-2.85,10433,11260,1400-4-26,2021-07-17
333,سمازن,سيمان‌مازندران‌,755,3213584,43351198910,13400,13400,13780,380,2.84,13490,90,0.67,13170,13780,1400-4-26,2021-07-17
334,دامين,داروسازي‌ امين‌,755,6842364,26910097678,3970,3902,3890,-80,-2.02,3933,-37,-0.93,3850,4037,1400-4-26,2021-07-17
335,بنو,بيمه تجارت نو,749,1993763,46468552351,24251,24001,23039,-1212,-5,23307,-944,-3.89,23039,24010,1400-4-26,2021-07-17
336,زگلدشت,كشت و دام گلدشت نمونه اصفهان,748,2905405,33935733225,12074,12390,11490,-584,-4.84,11680,-394,-3.26,11471,12401,1400-4-26,2021-07-17
337,قشير,قند شيروان قوچان و بجنورد,746,1973905,35647452680,17562,17160,18000,438,2.49,18059,497,2.83,17160,18440,1400-4-26,2021-07-17
338,شنفت,نفت‌ پارس‌,737,726324,42966322890,58570,59000,59700,1130,1.93,59000,430,0.73,58010,60000,1400-4-26,2021-07-17
339,چكارن,كارتن‌ ايران‌,736,9212995,25655363535,2756,2780,2755,-1,-0.04,2785,29,1.05,2734,2839,1400-4-26,2021-07-17
340,سرود,سيمان‌شاهرود,735,5389577,133520208260,23780,24110,24960,1180,4.96,24770,990,4.16,23800,24960,1400-4-26,2021-07-17
341,بساما,بيمه سامان,735,2869526,81876109325,27187,28540,28546,1359,5,28533,1346,4.95,27536,28546,1400-4-26,2021-07-17
342,ارفع,شركت آهن و فولاد ارفع,725,2708993,39220362530,14530,14450,14550,20,0.14,14501,-29,-0.2,14237,14800,1400-4-26,2021-07-17
343,بهپاك,صنعتي بهپاك,721,5435025,41307687189,7621,7551,7610,-11,-0.14,7600,-21,-0.28,7342,7886,1400-4-26,2021-07-17
344,ركيش,كارت اعتباري ايران كيش,720,3308313,28235466380,8540,8940,8200,-340,-3.98,8530,-10,-0.12,8200,8940,1400-4-26,2021-07-17
345,كي بي سي,شركت كي بي سي,715,1633664,41735746124,24541,25000,24750,209,0.85,25547,1006,4.1,24540,25768,1400-4-26,2021-07-17
346,ختراك,ريخته‌گري‌ تراكتورسازي‌ ايران‌,706,2259105,30248324970,13700,13550,13110,-590,-4.31,13390,-310,-2.26,13020,13950,1400-4-26,2021-07-17
347,واتي,سرمايه‌ گذاري‌ آتيه‌ دماوند,702,4010121,43963190350,11160,10840,10800,-360,-3.23,10960,-200,-1.79,10710,11200,1400-4-26,2021-07-17
348,وصندوق,سرمايه‌گذاري‌صندوق‌بازنشستگي‌,690,6263348,104293244470,16870,17000,16420,-450,-2.67,16680,-190,-1.13,16300,17000,1400-4-26,2021-07-17
349,وپسا,س. پتروشيمي ساختمان  خليج فارس,686,10450174,19389919809,1889,1900,1852,-37,-1.96,1855,-34,-1.8,1852,1900,1400-4-26,2021-07-17
350,شفا,سرمايه گذاري شفادارو,685,1083013,45287601060,43490,44800,41320,-2170,-4.99,41820,-1670,-3.84,41320,44950,1400-4-26,2021-07-17
351,افق,فروشگاههاي زنجيره اي افق كوروش,680,1060473,72555322590,68260,70000,67500,-760,-1.11,68400,140,0.21,67130,70000,1400-4-26,2021-07-17
352,ثتران,سرمايه گذاري مسكن تهران,676,6571720,22983265473,3425,3500,3450,25,0.73,3497,72,2.1,3390,3596,1400-4-26,2021-07-17
353,سكرد,سيمان كردستان,674,3427657,21172454800,6110,6390,6160,50,0.82,6180,70,1.15,6100,6390,1400-4-26,2021-07-17
354,بشهاب,لامپ‌  پارس‌ شهاب‌,670,329000,34819999220,109520,107000,104050,-5470,-4.99,105840,-3680,-3.36,104050,111920,1400-4-26,2021-07-17
355,وبوعلي,سرمايه‌گذاري‌بوعلي‌,658,6190218,26413959953,4267,4330,4240,-27,-0.63,4267,0,0,4205,4330,1400-4-26,2021-07-17
356,كماسه,تامين‌ ماسه‌ ريخته‌گري‌,656,3207356,125619129750,37440,37050,39310,1870,4.99,39170,1730,4.62,37050,39310,1400-4-26,2021-07-17
357,زشريف,كشت وصنعت شريف آباد,654,3890172,17495589092,4521,4540,4433,-88,-1.95,4497,-24,-0.53,4410,4600,1400-4-26,2021-07-17
358,خچرخش,چرخشگر,652,2103761,24260101060,11280,11600,11400,120,1.06,11530,250,2.22,11310,11700,1400-4-26,2021-07-17
359,اپرداز,آتيه داده پرداز,652,1008481,20403609382,20346,20310,20250,-96,-0.47,20232,-114,-0.56,19851,20900,1400-4-26,2021-07-17
360,وسگيلا,شركت س استان گيلان,645,29099879,17488142109,611,590,596,-15,-2.45,606,-5,-0.82,587,620,1400-4-26,2021-07-17
361,شكلر,نيروكلر,634,956477,31251110340,32090,32980,32490,400,1.25,32670,580,1.81,31800,33580,1400-4-26,2021-07-17
362,وصنا,گروه‌صنايع‌بهشهرايران‌,629,7174810,38411469560,5460,5520,5400,-60,-1.1,5350,-110,-2.01,5270,5520,1400-4-26,2021-07-17
363,توريل,توكاريل,619,2307290,33491358639,14436,14950,14510,74,0.51,14515,79,0.55,14119,14950,1400-4-26,2021-07-17
364,پخش,پخش البرز,614,1465368,29178413287,20900,20850,19855,-1045,-5,19912,-988,-4.73,19855,20850,1400-4-26,2021-07-17
365,شرانل,نفت ايرانول,611,818709,37154811065,45309,46500,44400,-909,-2.01,45382,73,0.16,44100,46500,1400-4-26,2021-07-17
366,فاما,صنعتي‌ آما,606,1715983,26225971780,15830,15300,15260,-570,-3.6,15280,-550,-3.47,15040,16130,1400-4-26,2021-07-17
367,بفجر,فجر انرژي خليج فارس,604,3112884,82949335670,26430,26200,26740,310,1.17,26650,220,0.83,26090,26890,1400-4-26,2021-07-17
368,ولملت,واسپاري ملت,603,3529829,19729606120,5600,5610,5470,-130,-2.32,5590,-10,-0.18,5430,5800,1400-4-26,2021-07-17
369,سپيدما,صندوق س. سپيد دماوند-د,588,27143658,290191862155,10676,10695,10691,15,0.14,10691,15,0.14,10690,10695,1400-4-26,2021-07-17
370,وملل,اعتباري ملل,588,3372747,45553314755,13906,13895,13371,-535,-3.85,13569,-337,-2.42,13300,13895,1400-4-26,2021-07-17
371,شبصير,توليدات پتروشيمي قائد بصير,588,797304,69167926698,86923,86920,85681,-1242,-1.43,86752,-171,-0.2,85010,88570,1400-4-26,2021-07-17
372,واعتبار,سرمايه گذاري اعتبار ايران,588,4889431,38236676060,7870,7530,7810,-60,-0.76,7820,-50,-0.64,7530,8200,1400-4-26,2021-07-17
373,فسرب,ملي‌ سرب‌وروي‌ ايران‌,587,416227,28841341360,69000,69510,68600,-400,-0.58,69290,290,0.42,68490,71000,1400-4-26,2021-07-17
374,سكه0012پ01,تمام سكه طرح جديد0012رفاه,586,341600,355404745500,1038919,1043000,1038555,-364,-0.04,1040412,1493,0.14,1037932,1048866,1400-4-26,2021-07-17
375,درازك,دارويي‌ رازك‌,583,1162784,37248037910,32870,33200,31800,-1070,-3.26,32030,-840,-2.56,31730,33200,1400-4-26,2021-07-17
376,بخاور,بيمه زندگي خاورميانه,578,3420508,21551469009,6075,6280,6360,285,4.69,6301,226,3.72,6100,6378,1400-4-26,2021-07-17
377,خبازرس,بازرسي مهندسي و صنعتي ايران,577,706750,18295740280,26344,26500,25554,-790,-3,25887,-457,-1.73,25554,26500,1400-4-26,2021-07-17
378,تسه0002,امتيازتسهيلاتمسكن ارديبهشت1400,576,12824,7664848282,598641,594112,593999,-4642,-0.78,597696,-945,-0.16,568800,610000,1400-4-26,2021-07-17
379,وسكاب,س.ص.بازنشستگي كاركنان بانكها,575,11224855,30740029244,2756,2722,2735,-21,-0.76,2739,-17,-0.62,2720,2761,1400-4-26,2021-07-17
380,ولبهمن,شركت بهمن ليزينگ,562,4590803,33493765801,7389,7688,7358,-31,-0.42,7296,-93,-1.26,7200,7688,1400-4-26,2021-07-17
381,مدير,ص.س.مديريت ثروت ص.بازنشستگي-س,562,3426017,30384474083,8728,8850,8775,47,0.54,8869,141,1.62,8761,8950,1400-4-26,2021-07-17
382,سشمال,سيمان‌ شمال‌,560,2385075,23720202930,9650,9260,10130,480,4.97,9950,300,3.11,9260,10130,1400-4-26,2021-07-17
383,هجرت,پخش هجرت,553,1326691,31139661497,24207,23653,23500,-707,-2.92,23472,-735,-3.04,23100,24800,1400-4-26,2021-07-17
384,آوا,صندوق س.سهام آواي معيار-س,551,2550269,17817056496,6933,7050,6935,2,0.03,6986,53,0.76,6900,7080,1400-4-26,2021-07-17
385,وسكرشا,س.سهام عدالت استان كرمانشاه,551,31240339,31459021373,1059,1007,1007,-52,-4.91,1012,-47,-4.44,1007,1007,1400-4-26,2021-07-17
386,وتوس,توسعه‌شهري‌توس‌گستر,546,1511045,19709390440,12890,12920,13130,240,1.86,13040,150,1.16,12520,13500,1400-4-26,2021-07-17
387,غشهد,شهد ايران ‌,544,2207746,10794331328,4910,5120,4850,-60,-1.22,4895,-15,-0.31,4792,5120,1400-4-26,2021-07-17
388,اعتلا,شركت سرمايه گذاري اعتلاء البرز,543,3007677,21880473945,7411,7250,7200,-211,-2.85,7275,-136,-1.84,7110,7520,1400-4-26,2021-07-17
389,سمايه,بانك سرمايه,539,9403107,42809689908,4422,4554,4554,132,2.99,4553,131,2.96,4500,4554,1400-4-26,2021-07-17
390,پكرمان,گروه‌ صنعتي‌ بارز,532,2619403,71382116840,27790,27010,27620,-170,-0.61,27250,-540,-1.94,26410,27790,1400-4-26,2021-07-17
391,وسبحان,سرمايه گذاري سبحان,530,9308589,25165535974,2707,2690,2705,-2,-0.07,2703,-4,-0.15,2672,2750,1400-4-26,2021-07-17
392,پرداخت,به پرداخت ملت,522,1046418,20933884860,20250,20700,19900,-350,-1.73,20040,-210,-1.04,19890,20700,1400-4-26,2021-07-17
393,واحصا,احياء صنايع خراسان,521,454140,18019026577,40508,40930,40260,-248,-0.61,39677,-831,-2.05,39293,40930,1400-4-26,2021-07-17
394,غگلپا,شير پاستوريزه پگاه گلپايگان,512,513891,31767445958,63104,61400,61185,-1919,-3.04,61817,-1287,-2.04,61161,63999,1400-4-26,2021-07-17
395,شيراز,پتروشيمي‌شيراز,508,2459102,145189319550,59020,59000,59000,-20,-0.03,59040,20,0.03,58200,59700,1400-4-26,2021-07-17
396,واميد,گروه مديريت سرمايه گذاري اميد,507,3385096,36198497110,10440,10760,10500,60,0.57,10510,70,0.67,10500,10950,1400-4-26,2021-07-17
397,دكيمي,كيميدارو,505,794797,17277701400,22600,22990,21470,-1130,-5,21740,-860,-3.81,21470,23000,1400-4-26,2021-07-17
398,كگاز,شيشه‌ و گاز,501,1285505,19935431520,15500,16000,15500,0,0,15510,10,0.06,15230,16000,1400-4-26,2021-07-17
399,فپنتا,سپنتا,500,61129,24208285780,384910,391000,393000,8090,2.1,396020,11110,2.89,385680,403980,1400-4-26,2021-07-17
400,سيدكو,سرمايه گذاري توسعه صنايع سيمان,499,3596024,23752600790,6600,6860,6650,50,0.76,6610,10,0.15,6450,6860,1400-4-26,2021-07-17
401,وثنو,سرمايه گذاري ساختماني نوين,497,5015536,23704619609,4602,4740,4661,59,1.28,4726,124,2.69,4650,4740,1400-4-26,2021-07-17
402,وسنا,سرمايه گذاري نيروگاهي ايران,496,2163028,30863751753,14602,14300,14164,-438,-3,14269,-333,-2.28,14164,14780,1400-4-26,2021-07-17
403,غمارگ,مارگارين‌,493,914497,20051362190,21860,21830,21640,-220,-1.01,21930,70,0.32,21000,22600,1400-4-26,2021-07-17
404,كگهر,سنگ آهن گهرزمين,492,1316951,55331905610,42079,42630,42050,-29,-0.07,42050,-29,-0.07,41626,42630,1400-4-26,2021-07-17
405,كخاك,صنايع‌خاك‌چيني‌ايران‌,489,662365,21871460540,34140,35300,33140,-1000,-2.93,33020,-1120,-3.28,32440,35300,1400-4-26,2021-07-17
406,ارزش,صندوق س ارزش آفرين بيدار-سهام,487,3546384,33406188770,9280,9310,9370,90,0.97,9420,140,1.51,9310,9500,1400-4-26,2021-07-17
407,دارو,كارخانجات‌داروپخش‌,485,977543,25569182420,25140,25400,26390,1250,4.97,26160,1020,4.06,25400,26390,1400-4-26,2021-07-17
408,سهگمت,سيمان‌هگمتان‌,481,1688500,42594619470,24680,24340,25910,1230,4.98,25230,550,2.23,24120,25910,1400-4-26,2021-07-17
409,اطلس,صندوق س.توسعه اندوخته آينده-س,477,177081,41628774225,232558,234004,234100,1542,0.66,235083,2525,1.09,233010,236501,1400-4-26,2021-07-17
410,چكاوه,صنايع‌كاغذسازي‌كاوه‌,475,1760485,22830453810,13020,13200,12790,-230,-1.77,12970,-50,-0.38,12450,13370,1400-4-26,2021-07-17
411,حخزر,كشتيراني درياي خزر,473,988285,24656653255,23997,25095,25196,1199,5,24949,952,3.97,24311,25196,1400-4-26,2021-07-17
412,شگل,گلتاش‌,472,3762707,31159719860,7990,8010,8380,390,4.88,8280,290,3.63,7890,8380,1400-4-26,2021-07-17
413,وبشهر,توسعه‌ صنايع‌ بهشهر(هلدينگ,472,3218582,35736267440,11410,11690,10910,-500,-4.38,11110,-300,-2.63,10890,11690,1400-4-26,2021-07-17
414,طلا,صندوق س.پشتوانه طلاي لوتوس,469,325320,24492870466,75056,75199,75115,59,0.08,75289,233,0.31,75000,75500,1400-4-26,2021-07-17
415,شپاكسا,پاكسان‌,468,1562962,34339650950,21750,22090,21770,20,0.09,21970,220,1.01,21250,22380,1400-4-26,2021-07-17
416,وايرا,سرمايه گذاري صنايع ايران,464,3012774,25178592662,8611,8353,8353,-258,-3,8357,-254,-2.95,8353,8515,1400-4-26,2021-07-17
417,سقاين,سيمان‌ قائن‌,461,602518,34916203690,55230,57980,57990,2760,5,57950,2720,4.92,56950,57990,1400-4-26,2021-07-17
418,وارس,سرمايه گذاري ارس صبا,456,2930062,41580496383,13885,13750,14301,416,3,14191,306,2.2,13750,14301,1400-4-26,2021-07-17
419,فنرژي,گسترش صنايع انرژي آذرآب,452,1181973,16350769764,13570,13840,13841,271,2,13833,263,1.94,13700,13841,1400-4-26,2021-07-17
420,شساخت,مهندسي و ساختمان صنايع نفت,452,1064646,44439287556,40550,40500,41766,1216,3,41741,1191,2.94,40500,41766,1400-4-26,2021-07-17
421,سخوز,سيمان خوزستان,452,1344397,33384039770,24420,24770,25070,650,2.66,24830,410,1.68,24400,25600,1400-4-26,2021-07-17
422,دسبحا,گروه دارويي سبحان,451,2607805,42625850210,16800,16950,15960,-840,-5,16350,-450,-2.68,15960,16950,1400-4-26,2021-07-17
423,ساينا,صنايع بهداشتي ساينا,449,167131,19374511964,111155,111000,116712,5557,5,115924,4769,4.29,111000,116712,1400-4-26,2021-07-17
424,ياقوت,صندوق س ياقوت آگاه-ثابت,448,5437819,68922560573,12662,12674,12674,12,0.09,12675,13,0.1,12674,12683,1400-4-26,2021-07-17
425,آكورد,صندوق س. آرمان آتي كوثر-د,445,7908624,261841394473,33061,33108,33111,50,0.15,33108,47,0.14,33108,33115,1400-4-26,2021-07-17
426,وسپه,سرمايه‌گذاري‌ سپه‌,443,3656341,28264743930,7700,7700,7690,-10,-0.13,7720,20,0.26,7610,7840,1400-4-26,2021-07-17
427,قهكمت,قندهكمتان‌,443,2482093,98669754270,37880,39730,39770,1890,4.99,39750,1870,4.94,37880,39770,1400-4-26,2021-07-17
428,شكبير,پتروشيمي اميركبير,438,448829,36974214202,82981,82981,81400,-1581,-1.91,82757,-224,-0.27,80620,84024,1400-4-26,2021-07-17
429,كشرق,صنعتي و معدني شمال شرق شاهرود,431,359071,22337944014,62807,61860,62950,143,0.23,62210,-597,-0.95,61030,63000,1400-4-26,2021-07-17
430,شدوص,دوده‌ صنعتي‌ پارس‌,429,1208057,23081145990,19220,19990,18970,-250,-1.3,19110,-110,-0.57,18890,19990,1400-4-26,2021-07-17
431,وتوسم,سرمايه‌گذاري‌توسعه‌ملي‌,429,1457034,11656334900,8100,8110,7900,-200,-2.47,8020,-80,-0.99,7870,8110,1400-4-26,2021-07-17
432,كمينا,شيشه سازي مينا,429,861760,20103603919,23266,23540,23544,278,1.19,23329,63,0.27,22951,23799,1400-4-26,2021-07-17
433,تنوين,تامين سرمايه نوين,425,7579171,52650339110,6930,6990,6930,0,0,6950,20,0.29,6830,6990,1400-4-26,2021-07-17
434,پاكشو,گروه صنعتي پاكشو,419,15703472,94063797280,5710,5990,5990,280,4.9,5940,230,4.03,5990,5990,1400-4-26,2021-07-17
435,شاملا,معدني‌ املاح‌  ايران‌,418,590862,24495690270,42100,41220,41440,-660,-1.57,41460,-640,-1.52,40200,42690,1400-4-26,2021-07-17
436,ثمسكن,سرمايه‌گذاري‌ مسكن‌,415,2684591,12870301963,4762,4701,4740,-22,-0.46,4789,27,0.57,4701,4890,1400-4-26,2021-07-17
437,ضخود7077,اختيارخ خودرو-3000-1400/07/07,412,21647,1748991000,80,90,78,-2,-2.5,81,1,1.25,76,90,1400-4-26,2021-07-17
438,شفارا,پتروشيمي فارابي,411,8536722,39655627030,4529,4421,4664,135,2.98,4645,116,2.56,4421,4664,1400-4-26,2021-07-17
439,سكرما,سيمان‌ كرمان‌,405,1565216,26297772680,16520,16680,16710,190,1.15,16800,280,1.69,16200,17250,1400-4-26,2021-07-17
440,دسبحان,سبحان دارو,403,745124,14668530420,20380,20400,19370,-1010,-4.96,19690,-690,-3.39,19370,20710,1400-4-26,2021-07-17
441,كطبس,ذغال‌سنگ‌ نگين‌ ط‌بس‌,399,349964,20777735220,58420,59690,59150,730,1.25,59370,950,1.63,58420,60500,1400-4-26,2021-07-17
442,كقزوي,شيشه‌ قزوين‌,398,2400076,18055538738,7524,7350,7602,78,1.04,7523,-1,-0.01,7306,7650,1400-4-26,2021-07-17
443,ثجوان,تامين مسكن جوانان,397,1243462,12568913896,10420,10108,10108,-312,-2.99,10108,-312,-2.99,10108,10108,1400-4-26,2021-07-17
444,پسهند,صنايع‌ لاستيكي‌  سهند,395,548884,17616735460,32160,31670,32180,20,0.06,32100,-60,-0.19,30920,33000,1400-4-26,2021-07-17
445,وگردش,بانك گردشگري,395,868534,12568770693,14346,14500,14440,94,0.66,14364,18,0.13,14301,14590,1400-4-26,2021-07-17
446,حبندر,دريايي و کشتيراني خط دريابندر,395,772404,24078947186,30465,31378,31302,837,2.75,31174,709,2.33,30433,31378,1400-4-26,2021-07-17
447,خوساز,محورسازان‌ايران‌خودرو,389,6849608,44932735010,6250,6560,6560,310,4.96,6560,310,4.96,6500,6560,1400-4-26,2021-07-17
448,كپرور,فرآوري زغال سنگ پروده طبس,388,816549,26358066055,32276,32990,31920,-356,-1.1,32280,4,0.01,31200,33400,1400-4-26,2021-07-17
449,تسه0001,امتيازتسهيلات مسكن فروردين1400,385,7060,4243998325,599605,590001,595000,-4605,-0.77,601133,1528,0.25,571111,609999,1400-4-26,2021-07-17
450,سدشت,صنايع سيمان دشتستان,385,301107,17206356230,56040,55440,57680,1640,2.93,56740,700,1.25,54000,58000,1400-4-26,2021-07-17
451,تسه9908,امتياز تسهيلات مسكن آبان99,383,9489,5650078696,597433,600000,580000,-17433,-2.92,595435,-1998,-0.33,572250,603999,1400-4-26,2021-07-17
452,كفرا,فراورده‌ هاي‌ نسوزايران‌,383,1050020,26677441360,24220,25430,25430,1210,5,25410,1190,4.91,24490,25430,1400-4-26,2021-07-17
453,سخزر,سيمان‌ خزر,382,1253703,30469956710,25470,25470,24200,-1270,-4.99,24300,-1170,-4.59,24200,26000,1400-4-26,2021-07-17
454,حسينا,توسعه خدمات دريايي وبندري سينا,380,246607,15965293791,64360,65000,64441,81,0.13,64740,380,0.59,63600,66341,1400-4-26,2021-07-17
455,كاريس,صندوق س.سپهر كاريزما-س,377,1435500,18683554462,12779,12839,13000,221,1.73,13015,236,1.85,12839,13100,1400-4-26,2021-07-17
456,پرديس,سرمايه گذاري پرديس,374,2079157,10430748583,4960,5070,4952,-8,-0.16,4999,39,0.79,4906,5150,1400-4-26,2021-07-17
457,ما,بيمه  ما,370,1421584,11377839390,8130,8200,7910,-220,-2.71,8030,-100,-1.23,7900,8240,1400-4-26,2021-07-17
458,غشوكو,شوكو پارس,370,657536,19337918997,28585,28685,29442,857,3,29410,825,2.89,28685,29442,1400-4-26,2021-07-17
459,دتماد,توليدمواداوليه‌داروپخش‌,369,431508,19769925570,46070,47000,45330,-740,-1.61,45820,-250,-0.54,45040,47000,1400-4-26,2021-07-17
460,خمهر,مهركام‌پارس‌,367,12936191,28666599256,2111,2216,2216,105,4.97,2216,105,4.97,2216,2216,1400-4-26,2021-07-17
461,تسه9912,امتياز تسهيلات مسكن اسفند99,366,6027,3614830392,600306,600000,576894,-23412,-3.9,599773,-533,-0.09,576894,609999,1400-4-26,2021-07-17
462,دكپسول,توليد ژلاتين كپسول ايران,364,539635,17799308186,34130,34958,33090,-1040,-3.05,32984,-1146,-3.36,32600,34958,1400-4-26,2021-07-17
463,كالا,بورس كالاي ايران,363,1464273,30032239230,19540,20510,20510,970,4.96,20250,710,3.63,20510,20510,1400-4-26,2021-07-17
464,تايرا,تراكتورسازي‌ايران‌,360,628361,15197183980,23790,24100,24090,300,1.26,23980,190,0.8,23800,24540,1400-4-26,2021-07-17
465,غبشهر,صنعتي‌ بهشهر,354,1117844,25173438680,22730,22310,22200,-530,-2.33,22530,-200,-0.88,22200,23200,1400-4-26,2021-07-17
466,خديزل,بهمن  ديزل,349,431014,21256135831,49054,50700,49800,746,1.52,49317,263,0.54,47510,50700,1400-4-26,2021-07-17
467,وبهمن,سرمايه‌گذاري‌بهمن‌,347,1238419,16312105620,12890,12890,13140,250,1.94,13170,280,2.17,12580,13310,1400-4-26,2021-07-17
468,دعبيد,لابراتوارداروسازي‌  دكترعبيدي‌,347,616407,15560469020,25740,25740,25080,-660,-2.56,25570,-170,-0.66,25010,25740,1400-4-26,2021-07-17
469,ضخود7074,اختيارخ خودرو-1800-1400/07/07,340,12972,6293151000,486,495,470,-16,-3.29,485,-1,-0.21,470,505,1400-4-26,2021-07-17
470,كاسپين,داروسازي كاسپين تامين,337,1978288,41764222564,20133,20030,21139,1006,5,21111,978,4.86,20030,21139,1400-4-26,2021-07-17
471,دسينا,داروسازي‌ سينا,336,1264048,25288484970,19690,19820,19990,300,1.52,20010,320,1.63,19700,20340,1400-4-26,2021-07-17
472,فالوم,آلومتك‌,324,805351,17866028339,22814,22600,22130,-684,-3,22184,-630,-2.76,22130,22950,1400-4-26,2021-07-17
473,تماوند,تامين سرمايه دماوند,322,5853329,31725921142,5352,5352,5400,48,0.9,5420,68,1.27,5252,5510,1400-4-26,2021-07-17
474,سخاش,سيمان‌خاش‌,315,157588,17809743270,107830,110670,113220,5390,5,113010,5180,4.8,110670,113220,1400-4-26,2021-07-17
475,ضخود7076,اختيارخ خودرو-2500-1400/07/07,314,12396,1858311000,150,160,144,-6,-4,150,0,0,140,160,1400-4-26,2021-07-17
476,وسهمدا,شركت س استان همدان,309,12183459,7322120085,625,595,615,-10,-1.6,619,-6,-0.96,594,619,1400-4-26,2021-07-17
477,جم پيلن,پلي پروپيلن جم - جم پيلن,309,367359,29774455320,80860,81300,80870,10,0.01,80950,90,0.11,80110,82500,1400-4-26,2021-07-17
478,تصميم,صندوق س با درآمد ثابت تصميم,308,1558647,26272910861,16838,16856,16859,21,0.12,16856,18,0.11,16854,16859,1400-4-26,2021-07-17
479,تسه9911,امتياز تسهيلات مسكن بهمن99,307,5501,3276660630,597674,590000,590000,-7674,-1.28,595648,-2026,-0.34,570110,610000,1400-4-26,2021-07-17
480,سفانو,سيمان فارس نو,301,421078,11946940510,28660,29000,28490,-170,-0.59,28430,-230,-0.8,28000,29010,1400-4-26,2021-07-17
481,فافزا,فولاد افزا سپاهان,299,175086,7021931992,40287,41488,40579,292,0.72,40159,-128,-0.32,39080,41488,1400-4-26,2021-07-17
482,فردا,صندوق س آواي فرداي زاگرس-ثابت,299,12006570,132790173073,11041,11059,11059,18,0.16,11060,19,0.17,11059,11061,1400-4-26,2021-07-17
483,شوينده,مديريت صنعت شوينده ت.ص.بهشهر,298,1135048,27089594110,23940,24330,23740,-200,-0.84,23870,-70,-0.29,23500,24500,1400-4-26,2021-07-17
484,گنگين,اقتصادي نگين گردشگري ايرانيان,295,2376854,47494748510,20062,19700,20000,-62,-0.31,19982,-80,-0.4,19700,20289,1400-4-26,2021-07-17
485,دفرا,فرآورده‌هاي‌ تزريقي‌ ايران‌,291,466832,12093679260,26660,26660,26080,-580,-2.18,26030,-630,-2.36,25360,26660,1400-4-26,2021-07-17
486,غپونه,نوش پونه مشهد,289,631207,8556238035,13801,13500,13387,-414,-3,13587,-214,-1.55,13387,13900,1400-4-26,2021-07-17
487,ضشنا8004,اختيارخ شپنا-10800-1400/08/16,288,2013,5936935000,2636,3485,2928,292,11.08,2949,313,11.87,2802,3485,1400-4-26,2021-07-17
488,ساروج,بين المللي ساروج بوشهر,286,1282766,22589751373,17161,17580,17674,513,2.99,17610,449,2.62,17170,17675,1400-4-26,2021-07-17
489,فراز,صندوق س.سهام فراز داريك-س,284,1791785,21639675590,11995,12010,12100,105,0.88,12077,82,0.68,12000,12150,1400-4-26,2021-07-17
490,وكادو,تكادو,284,1647680,32258791578,19949,19470,19351,-598,-3,19578,-371,-1.86,19351,19949,1400-4-26,2021-07-17
491,لوتوس,تامين سرمايه لوتوس پارسيان,283,1642712,13267365700,8100,8100,8100,0,0,8090,-10,-0.12,7900,8250,1400-4-26,2021-07-17
492,غشصفا,شيرپاستوريزه‌پگاه‌اصفهان‌,283,399315,9028202890,23210,23000,22400,-810,-3.49,22840,-370,-1.59,22200,23500,1400-4-26,2021-07-17
493,شستان,پتروشيمي گلستان,281,2776101,8269528398,3038,2980,2978,-60,-1.97,2979,-59,-1.94,2978,3000,1400-4-26,2021-07-17
494,خاذين,سايپاآذين‌,281,6457025,24149273500,3562,3740,3740,178,5,3740,178,5,3740,3740,1400-4-26,2021-07-17
495,شرنگي,شيميايي رنگين,281,113451,23732910239,204193,204193,210318,6125,3,209191,4998,2.45,204193,210318,1400-4-26,2021-07-17
496,سبجنو,سيمان‌ بجنورد,280,261721,10730900820,39820,41400,41180,1360,3.42,40640,820,2.06,39730,41790,1400-4-26,2021-07-17
497,قمرو,قند مرودشت‌,279,410527,10595262970,25760,26490,25700,-60,-0.23,25790,30,0.12,25450,26490,1400-4-26,2021-07-17
498,قزوين,كارخانجات‌ قند قزوين‌,279,304102,8806084080,28580,29450,28520,-60,-0.21,28800,220,0.77,28010,29450,1400-4-26,2021-07-17
499,سپ,پرداخت الكترونيك سامان كيش,274,381918,10656732250,27470,27500,28000,530,1.93,27550,80,0.29,27470,28070,1400-4-26,2021-07-17
500,ضخود7078,اختيارخ خودرو-3500-1400/07/07,271,15358,599885000,40,43,38,-2,-5,39,-1,-2.5,37,44,1400-4-26,2021-07-17
501,وكار,بانك‌ كارآفرين‌,270,4460907,14948916200,3316,3350,3342,26,0.78,3326,10,0.3,3321,3365,1400-4-26,2021-07-17
502,تسه9910,امتياز تسهيلات مسكن دي99,269,5593,3339630509,599937,591100,624999,25062,4.18,597109,-2828,-0.47,569941,624999,1400-4-26,2021-07-17
503,دقاضي,داروسازي شهيد قاضي,267,373891,10378911283,26988,27350,27797,809,3,27759,771,2.86,27350,27797,1400-4-26,2021-07-17
504,صباح,ح . سرمايه گذاري صبا تامين,265,50000000,339300000000,6463,6786,6786,323,5,6786,323,5,6786,6786,1400-4-26,2021-07-17
505,وسصفا,شركت س استان اصفهان,262,15217742,13528572638,935,889,889,-46,-4.92,927,-8,-0.86,889,889,1400-4-26,2021-07-17
506,ثروتم,صندوق س. ثروت آفرين پارسيان-س,261,8111660,705461866170,84709,84300,84100,-609,-0.72,86969,2260,2.67,83792,87000,1400-4-26,2021-07-17
507,كاردان,صندوق س تجارت شاخصي كاردان,257,76126,13464025250,174850,176550,177070,2220,1.27,176860,2010,1.15,176100,178230,1400-4-26,2021-07-17
508,سيستم,همكاران سيستم,256,811424,21680304410,26910,26400,26640,-270,-1,26720,-190,-0.71,26400,27450,1400-4-26,2021-07-17
509,ثعتما,س. ساختماني اعتماد گستر,253,510036,17438797146,33337,33600,32646,-691,-2.07,34191,854,2.56,32346,34337,1400-4-26,2021-07-17
510,لبوتان,گروه‌صنعتي‌بوتان‌,250,274780,13832140500,49080,48580,50990,1910,3.89,50260,1180,2.4,48580,51000,1400-4-26,2021-07-17
511,خراسان,پتروشيمي خراسان,249,259935,19016392140,73480,73480,72600,-880,-1.2,73360,-120,-0.16,70000,74000,1400-4-26,2021-07-17
512,اوصتا,صندوق انديشه ورزان صباتامين -د,246,11582733,222758330158,19200,19225,19238,38,0.2,19232,32,0.17,19225,19238,1400-4-26,2021-07-17
513,فيروزه,صندوق شاخص30 شركت فيروزه- سهام,239,148619,23128362290,152010,152040,154900,2890,1.9,155620,3610,2.37,152040,157010,1400-4-26,2021-07-17
514,دالبر,البرزدارو,237,522807,7102667290,13900,14300,13480,-420,-3.02,13770,-130,-0.94,13410,14300,1400-4-26,2021-07-17
515,كيان2,صندوق س. با درآمد ثابت كيان,232,23200000,23200000,29392,1,1,-29391,-100,1,-29391,-100,1,1,1400-4-26,2021-07-17
516,سنوين,سرمايه گذاري اقتصاد نوين,226,793260,6716067228,8459,8680,8355,-104,-1.23,8464,5,0.06,8321,8680,1400-4-26,2021-07-17
517,تسه9909,امتياز تسهيلات مسكن آذر99,222,3473,2067042868,597327,600000,600000,2673,0.45,595175,-2152,-0.36,567461,620000,1400-4-26,2021-07-17
518,زپارس,ملي كشت و صنعت و دامپروري پارس,215,261395,30749482990,114900,116690,116830,1930,1.68,117640,2740,2.38,115500,118590,1400-4-26,2021-07-17
519,اتكام,شركت بيمه اتكايي امين,210,1172204,5828598737,4898,5020,4945,47,0.96,4926,28,0.57,4801,5040,1400-4-26,2021-07-17
520,زرين,صندوق س. سهام زرين كوروش-س,206,517378,5877165147,11441,11630,11250,-191,-1.67,11360,-81,-0.71,11250,11630,1400-4-26,2021-07-17
521,پخشح,ح. پخش البرز,201,613827,10601715967,18109,17204,17450,-659,-3.64,17272,-837,-4.62,17204,18000,1400-4-26,2021-07-17
522,بالاس,مهندسي ساختمان تاسيسات راه آهن,201,616668,25480105092,39352,41319,41319,1967,5,41319,1967,5,41319,41319,1400-4-26,2021-07-17
523,ارمغان,ص سرمايه گذاري ارمغان ايرانيان,198,2019861,20287876754,10038,10043,10043,5,0.05,10044,6,0.06,10043,10048,1400-4-26,2021-07-17
524,قپيرا,فرآورده‌هاي‌غدايي‌وقندپيرانشهر,198,1505021,12548524180,8330,8210,8300,-30,-0.36,8340,10,0.12,8210,8560,1400-4-26,2021-07-17
525,ولتجار,واسپاري تجارت وسرمايه ايرانيان,192,1612782,12454158990,7950,7780,7712,-238,-2.99,7722,-228,-2.87,7712,8000,1400-4-26,2021-07-17
526,وآفري,بيمه كارآفرين,188,2705435,8241220578,2989,3078,3000,11,0.37,3030,41,1.37,2910,3078,1400-4-26,2021-07-17
527,سپاس,صندوق س. پاداش سهامداري-ثابت,186,6592405,66320271738,10046,10060,10061,15,0.15,10060,14,0.14,10060,10064,1400-4-26,2021-07-17
528,اخزا910,اسنادخزانه-م10بودجه99-020807,185,325353,207008934913,636342,635000,637000,658,0.1,636259,-83,-0.01,634111,637500,1400-4-26,2021-07-17
529,عيار,صندوق سكه طلاي مفيد,183,126561,3364092129,26482,26220,26588,106,0.4,26581,99,0.37,26220,26750,1400-4-26,2021-07-17
530,سفاسي,شركت فارسيت اهواز,179,808553,6451444387,8398,7979,7979,-419,-4.99,8113,-285,-3.39,7979,7979,1400-4-26,2021-07-17
531,مداران,داده‌پردازي‌ايران‌,179,1552991,35377134980,21700,22780,22780,1080,4.98,22780,1080,4.98,22780,22780,1400-4-26,2021-07-17
532,شراز,پالايش نفت شيراز,178,812716,97690088632,114479,120202,120202,5723,5,120202,5723,5,120202,120202,1400-4-26,2021-07-17
533,نهال,صندوق س. طلاي سرخ نوويرا,175,422665,3933258692,9279,9300,9400,121,1.3,9306,27,0.29,9238,9400,1400-4-26,2021-07-17
534,سجام,مجتمع سيمان غرب آسيا,172,722375,2546222489,3542,3462,3460,-82,-2.32,3538,-4,-0.11,3458,3590,1400-4-26,2021-07-17
535,وبرق,س.کارکنان صنعت برق زنجان وقزوي,170,308698,24597056640,77360,79680,79680,2320,3,79680,2320,3,79680,79680,1400-4-26,2021-07-17
536,پارسيان,بيمه پارسيان,167,547858,4970656210,9180,9260,9060,-120,-1.31,9150,-30,-0.33,8920,9260,1400-4-26,2021-07-17
537,تسه9907,امتياز تسهيلات مسكن مهر99,167,2019,1201368247,597927,587383,599500,1573,0.26,595031,-2896,-0.48,580000,602000,1400-4-26,2021-07-17
538,تسه9904,امتياز تسهيلات مسكن تير99,165,3836,2292756852,604839,600001,625000,20161,3.33,597695,-7144,-1.18,575020,625000,1400-4-26,2021-07-17
539,وبازار,صندوق س شاخصي بازارآشنا,162,802494,9023952880,10960,11040,11250,290,2.65,11240,280,2.55,11030,11360,1400-4-26,2021-07-17
540,دروز,داروسازي‌ روزدارو,162,1159487,36141209790,29690,31170,31170,1480,4.98,31170,1480,4.98,31170,31170,1400-4-26,2021-07-17
541,پلوله,گازلوله‌,159,331903,10077230892,29478,30362,30362,884,3,30343,865,2.93,30360,30362,1400-4-26,2021-07-17
542,آساس,صندوق س.آسمان آرماني سهام-س,154,80915,13442113334,165561,166500,165590,29,0.02,166126,565,0.34,165501,167040,1400-4-26,2021-07-17
543,تابا,تابان نيرو سپاهان,152,391890,13135760910,55864,33519,33519,-22345,-40,33519,-22345,-40,33519,33519,1400-4-26,2021-07-17
544,فيروزا,صندوق بادرآمد ثابت فيروزه آسيا,152,1221225,29142745217,23860,23880,23875,15,0.06,23864,4,0.02,23762,23880,1400-4-26,2021-07-17
545,آساميد,صندوق س.مشترك آسمان اميد -د,149,4467168,55218764023,12347,12360,12361,14,0.11,12361,14,0.11,12360,12365,1400-4-26,2021-07-17
546,تشتاد,صنايع توليدي اشتاد ايران‌,149,1453904,10433215104,6967,7176,7176,209,3,7176,209,3,7176,7176,1400-4-26,2021-07-17
547,تسه9902,امتياز تسهيلات مسكن ارديبهشت99,144,3224,1935354230,601943,594595,586000,-15943,-2.65,600296,-1647,-0.27,577000,625000,1400-4-26,2021-07-17
548,تسه9905,امتياز تسهيلات مسكن مرداد99,143,6186,3709212324,599341,600000,593000,-6341,-1.06,599614,273,0.05,570000,600000,1400-4-26,2021-07-17
549,سحرخيز,صندوق س. گروه زعفران سحرخيز,141,818547,7483217518,9149,9200,9153,4,0.04,9142,-7,-0.08,9051,9210,1400-4-26,2021-07-17
550,تسه9906,امتياز تسهيلات مسكن شهريور99,141,5197,3111214974,599871,599999,585000,-14871,-2.48,598656,-1215,-0.2,570000,600000,1400-4-26,2021-07-17
551,بميلا,توسعه بازرگاني آهن وفولادميلاد,138,1531195,21009079549,13327,13599,13726,399,2.99,13721,394,2.96,13599,13726,1400-4-26,2021-07-17
552,زر,صندوق س.پشتوانه سكه طلاي زر,135,61830,2805630425,45285,45285,45474,189,0.42,45377,92,0.2,45285,45550,1400-4-26,2021-07-17
553,مبين,مبين انرژي خليج فارس,132,1118680,18883163760,17090,16950,17070,-20,-0.12,17060,-30,-0.18,16400,17350,1400-4-26,2021-07-17
554,وحكمت,بيمه حكمت صبا,126,2449232,10235340528,4058,4179,4179,121,2.98,4178,120,2.96,4179,4179,1400-4-26,2021-07-17
555,قشرين,قند شيرين خراسان,125,825239,12164022860,14039,14740,14740,701,4.99,14740,701,4.99,14740,14740,1400-4-26,2021-07-17
556,آرمان,بيمه آرمان,124,396562,2581831056,6648,6554,6455,-193,-2.9,6612,-36,-0.54,6454,6600,1400-4-26,2021-07-17
557,زفكاح,ح . كشت و دامداري فكا,124,14900000,117650400000,7520,7896,7896,376,5,7896,376,5,7896,7896,1400-4-26,2021-07-17
558,خكاوه,سايپا ديزل,123,1190566,4896797958,3994,4113,4113,119,2.98,4051,57,1.43,4113,4113,1400-4-26,2021-07-17
559,اخزا908,اسنادخزانه-م8بودجه99-020606,122,410167,269882787235,658525,656501,659500,975,0.15,657983,-542,-0.08,655111,659500,1400-4-26,2021-07-17
560,گوهر,صندوق سكه طلاي كيان,120,24561,1276846674,51913,52361,51871,-42,-0.08,51987,74,0.14,51550,52361,1400-4-26,2021-07-17
561,تسه9810,امتياز تسهيلات مسكن دي98,119,2842,1680455629,596487,590509,566663,-29824,-5,591293,-5194,-0.87,566663,602000,1400-4-26,2021-07-17
562,كترام,توليدي‌ كاشي‌ تكسرام‌,116,125463,5172839490,45810,41230,41230,-4580,-10,44060,-1750,-3.82,41230,41230,1400-4-26,2021-07-17
563,اخزا902,اسنادخزانه-م2بودجه99-011019,110,177671,132905579762,746581,746580,750200,3619,0.48,748043,1462,0.2,746580,750200,1400-4-26,2021-07-17
564,سپر,صندوق س سپر سرمايه بيدار- ثابت,106,3225699,39644521424,12276,12294,12290,14,0.11,12290,14,0.11,12290,12294,1400-4-26,2021-07-17
565,خاتم,صندوق س خاتم ايساتيس پويا-ثابت,106,2069692,23781575205,11477,11491,11492,15,0.13,11490,13,0.11,11490,11494,1400-4-26,2021-07-17
566,شاوان,پالايش نفت لاوان,103,462694,46068128110,94824,99565,99565,4741,5,99565,4741,5,99565,99565,1400-4-26,2021-07-17
567,اخزا914,اسنادخزانه-م14بودجه99-021025,98,81672,49999767161,614732,612556,611001,-3731,-0.61,612202,-2530,-0.41,611000,615000,1400-4-26,2021-07-17
568,تسه9903,امتياز تسهيلات مسكن خرداد99,95,1180,708917248,607871,600004,625000,17129,2.82,600777,-7094,-1.17,577478,625000,1400-4-26,2021-07-17
569,تسه9806,امتياز تسهيلات مسكن شهريور98,94,1241,739911044,599076,590670,599200,124,0.02,596222,-2854,-0.48,585010,601966,1400-4-26,2021-07-17
570,تسه9901,امتياز تسهيلات مسكن فروردين99,94,1360,815635128,599606,590001,627986,28380,4.73,599732,126,0.02,570334,627986,1400-4-26,2021-07-17
571,ضصاد8033,اختيارخ وبصادر-2489-1400/08/12,93,3254,949766000,299,298,273,-26,-8.7,292,-7,-2.34,273,311,1400-4-26,2021-07-17
572,وساشرقي,شركت س استان آذربايجان شرقي,91,5063199,4151823180,863,820,820,-43,-4.98,860,-3,-0.35,820,820,1400-4-26,2021-07-17
573,پارتا,مجتمع‌صنعتي‌آرتاويل‌تاير,91,304591,9414375326,31838,31838,30883,-955,-3,31516,-322,-1.01,30883,31838,1400-4-26,2021-07-17
574,آتيمس,صندوق س.آرمان آتيه درخشان مس-س,90,15770,2927648028,184031,184031,185425,1394,0.76,185647,1616,0.88,184031,188000,1400-4-26,2021-07-17
575,صايند,صندوق س. گنجينه آينده روشن-د,90,498700,4998065120,10018,10020,10024,6,0.06,10022,4,0.04,10010,10026,1400-4-26,2021-07-17
576,سكه0012پ04,تمام سكه طرح جديد0012صادرات,87,32100,33405371400,1037592,1045099,1038900,1308,0.13,1040666,3074,0.3,1037400,1048000,1400-4-26,2021-07-17
577,جهرم,پتروشيمي جهرم,85,3370553,5473778072,1709,1624,1624,-85,-4.97,1660,-49,-2.87,1624,1624,1400-4-26,2021-07-17
578,اخزا911,اسنادخزانه-م11بودجه99-020906,81,158167,99234248964,629335,640000,626603,-2732,-0.43,627402,-1933,-0.31,597869,640000,1400-4-26,2021-07-17
579,اخزا901,اسنادخزانه-م1بودجه99-010621,81,76998,61395494339,795700,795821,797400,1700,0.21,797365,1665,0.21,795751,799989,1400-4-26,2021-07-17
580,دارا,صندوق س. دارا الگوريتم-د,78,2461367,24815612769,10061,10080,10082,21,0.21,10082,21,0.21,10080,10100,1400-4-26,2021-07-17
581,ضشنا8005,اختيارخ شپنا-12800-1400/08/16,75,550,972311000,1674,1998,1850,176,10.51,1768,94,5.62,1655,1998,1400-4-26,2021-07-17
582,ضملي7003,اختيارخ فملي-11720-1400/07/11,74,537,1127444000,2104,2101,2050,-54,-2.57,2100,-4,-0.19,2016,2237,1400-4-26,2021-07-17
583,تسه9812,امتياز تسهيلات مسكن اسفند98,74,698,416303168,593935,586500,579010,-14925,-2.51,596423,2488,0.42,578888,616000,1400-4-26,2021-07-17
584,قيستو,شركت قند بيستون,73,674049,8668843203,13110,12866,12848,-262,-2,12861,-249,-1.9,12848,13300,1400-4-26,2021-07-17
585,ضپاس7030,اختيارخ وپارس-3000-1400/07/28,73,2510,1010176000,397,440,394,-3,-0.76,402,5,1.26,385,450,1400-4-26,2021-07-17
586,تسه9811,امتياز تسهيلات مسكن بهمن98,67,972,577079268,595757,587991,565970,-29787,-5,593703,-2054,-0.34,565970,610000,1400-4-26,2021-07-17
587,افق ملت,صندوق س در سهام افق ملت,67,18277,2523901180,137840,140000,137840,0,0,138090,250,0.18,137840,140000,1400-4-26,2021-07-17
588,فن آوا,گروه فن آوا,67,2080866,33520670394,15640,16109,16109,469,3,16109,469,3,16109,16109,1400-4-26,2021-07-17
589,فردا2,صندوق س آواي فرداي زاگرس-ثابت,65,6500000,6500000,11041,1,1,-11040,-99.99,1,-11040,-99.99,1,1,1400-4-26,2021-07-17
590,زعف0008پ10,زعفران0008نگين طلاي سرخ(پ),63,71716,9863910763,136858,138000,137900,1042,0.76,137541,683,0.5,128750,138200,1400-4-26,2021-07-17
591,تسه9808,امتياز تسهيلات مسكن آبان98,62,881,525265092,602023,590020,595000,-7023,-1.17,596215,-5808,-0.96,590000,603378,1400-4-26,2021-07-17
592,آكورد2,صندوق س. آرمان آتي كوثر-د,60,6000000,6000000,33061,1,1,-33060,-100,1,-33060,-100,1,1,1400-4-26,2021-07-17
593,اخزا903,اسنادخزانه-م3بودجه99-011110,56,173395,128416453136,742098,738000,740003,-2095,-0.28,740601,-1497,-0.2,738000,742000,1400-4-26,2021-07-17
594,صنوين,صندوق سرمايه‌گذاري صنوين-مختلط,56,36998,4112282850,111060,111370,112800,1740,1.57,111150,90,0.08,110000,112800,1400-4-26,2021-07-17
595,تيپيكو,سرمايه گذاري دارويي تامين,52,580055,10551200450,17330,18190,18190,860,4.96,17440,110,0.63,18190,18190,1400-4-26,2021-07-17
596,ضپال2007,اختيارخ اپال-32000-1401/02/12,52,999,791329000,845,701,790,-55,-6.51,792,-53,-6.27,701,895,1400-4-26,2021-07-17
597,ضسپا8041,اختيارخ خساپا-1600-1400/08/26,50,1858,954618000,515,520,500,-15,-2.91,514,-1,-0.19,470,538,1400-4-26,2021-07-17
598,ثتوسا,س.توسعه و عمران استان اردبيل,50,34614,1260122670,38321,36405,36405,-1916,-5,38067,-254,-0.66,36405,36405,1400-4-26,2021-07-17
599,تسه9809,امتياز تسهيلات مسكن آذر98,48,397,237180548,595929,592500,597000,1071,0.18,597432,1503,0.25,590500,600000,1400-4-26,2021-07-17
600,ضجار7040,اختيارخ وتجارت-2497-1400/07/21,48,1357,645481000,460,470,470,10,2.17,476,16,3.48,460,520,1400-4-26,2021-07-17
601,قجام,فرآوردههاي غذايي وقندتربت‌جام‌,48,191672,1433706560,7791,7480,7480,-311,-3.99,7698,-93,-1.19,7480,7480,1400-4-26,2021-07-17
602,ضپاس7029,اختيارخ وپارس-2500-1400/07/28,48,822,581467000,720,800,669,-51,-7.08,707,-13,-1.81,631,800,1400-4-26,2021-07-17
603,اخزا909,اسنادخزانه-م9بودجه99-020316,48,142975,98751852850,689234,695000,690900,1666,0.24,690693,1459,0.21,689111,695000,1400-4-26,2021-07-17
604,زعف0008پ08,زعفران0008نگين روستا(پ),45,35223,4575721027,127650,130400,129200,1550,1.21,129907,2257,1.77,129200,130410,1400-4-26,2021-07-17
605,سكه0011پ02,تمام سكه طرح جديد0011ملت,42,7900,8234697400,1039465,1045000,1040007,542,0.05,1042367,2902,0.28,1040007,1048799,1400-4-26,2021-07-17
606,گپارس,امور رفاهي كارگزاران پارس,39,14311,1664730881,119920,116323,116323,-3597,-3,119303,-617,-0.51,116323,116682,1400-4-26,2021-07-17
607,تسه9807,امتياز تسهيلات مسكن مهر98,38,344,206392108,599530,595010,596000,-3530,-0.59,599977,447,0.07,595010,606900,1400-4-26,2021-07-17
608,ضجار7039,اختيارخ وتجارت-1997-1400/07/21,37,520,447895000,867,899,870,3,0.35,861,-6,-0.69,803,900,1400-4-26,2021-07-17
609,گوهرانح,ح . س. توسعه گوهران اميد,37,151855,618657270,4288,4074,4074,-214,-4.99,4074,-214,-4.99,4074,4074,1400-4-26,2021-07-17
610,كتوكا,توليدي و خدمات صنايع نسوز توكا,36,24435,713795220,30749,29212,29212,-1537,-5,30672,-77,-0.25,29212,29212,1400-4-26,2021-07-17
611,زعف0008پ11,زعفران0008نگين سحرخيز(پ),36,130430,16834310510,130430,130009,130000,-430,-0.33,129068,-1362,-1.04,128400,132195,1400-4-26,2021-07-17
612,فاهواز,نورد و لوله اهواز,33,132555,1192067115,9083,8993,8993,-90,-0.99,9078,-5,-0.06,8993,8993,1400-4-26,2021-07-17
613,كساوه,صنايع‌ كاشي‌ و سراميك‌ سينا,33,30562,1699552820,58530,55610,55610,-2920,-4.99,58180,-350,-0.6,55610,55610,1400-4-26,2021-07-17
614,هنوري102,اختيارف ت نوري59561-01/02/15,29,300000,300000,1,1,1,0,0,1,0,0,1,1,1400-4-26,2021-07-17
615,ضفلا7004,اختيارخ فولاد-9586-1400/07/25,29,355,934175032,2059,1943,1850,-209,-10.15,1877,-182,-8.84,1800,1943,1400-4-26,2021-07-17
616,گنجين,صندوق س. گنجينه يكم آويد-د,28,464467,6156557280,13239,13268,13268,29,0.22,13255,16,0.12,13252,13268,1400-4-26,2021-07-17
617,هاميد104,اختيارف ت ثاميد-2050-01/04/20,28,826882,826882,1,1,1,0,0,1,0,0,1,1,1400-4-26,2021-07-17
618,تسه9805,امتياز تسهيلات مسكن مرداد98,28,297,176808743,597971,595000,600000,2029,0.34,595316,-2655,-0.44,585010,600005,1400-4-26,2021-07-17
619,صنفت0312,صكوك منفعت نفت0312-6ماهه 18/5%,28,270005,270004950000,990000,990000,1000000,10000,1.01,1000000,10000,1.01,990000,1000000,1400-4-26,2021-07-17
620,اخزا905,اسنادخزانه-م5بودجه99-020218,27,149298,104648956601,700589,700500,702099,1510,0.22,700940,351,0.05,699600,702116,1400-4-26,2021-07-17
621,وسقم,شركت س استان قم,27,302495,383866155,1409,1269,1269,-140,-9.94,1407,-2,-0.14,1269,1269,1400-4-26,2021-07-17
622,فلات,گروه صنايع معادن فلات ايرانيان,27,149551,2127961179,14977,14229,14229,-748,-4.99,14809,-168,-1.12,14229,14229,1400-4-26,2021-07-17
623,اخزا907,اسنادخزانه-م7بودجه99-020704,27,92913,60155458377,648146,649810,647800,-346,-0.05,647439,-707,-0.11,642721,649810,1400-4-26,2021-07-17
624,امين يكم2,صندوق درآمد ثابت امين يكم فردا,26,26000000,26000000,10099,1,1,-10098,-99.99,1,-10098,-99.99,1,1,1400-4-26,2021-07-17
625,اوصتا2,صندوق انديشه ورزان صباتامين -د,25,18700000,18700000,19200,1,1,-19199,-99.99,1,-19199,-99.99,1,1,1400-4-26,2021-07-17
626,اخزا808,اسنادخزانه-م8بودجه98-000817,24,36940,34777139082,938508,937215,944418,5910,0.63,941449,2941,0.31,937130,944499,1400-4-26,2021-07-17
627,سحرا021,سلف موازي برق نيروي برق حرارتي,24,1840000,548015480000,295037,298159,297510,2473,0.84,297834,2797,0.95,297510,298159,1400-4-26,2021-07-17
628,كمان,س.خ.كمان كاريزما 35% تاديه,24,881650,308577500000,350000,350000,350000,0,0,350000,0,0,350000,350000,1400-4-26,2021-07-17
629,اخزا806,اسنادخزانه-م6بودجه98-000519,24,20215,19960494716,985434,988400,986972,1538,0.16,987410,1976,0.2,986972,988400,1400-4-26,2021-07-17
630,حاريا,كشتيراني آريا,23,28016,460751136,17131,16446,16446,-685,-4,17065,-66,-0.39,16446,16446,1400-4-26,2021-07-17
631,اخزا816,اسنادخزانه-م16بودجه98-010503,23,120221,98470353080,816951,817576,819700,2749,0.34,819078,2127,0.26,817576,819700,1400-4-26,2021-07-17
632,اراد61,مرابحه عام دولت61-ش.خ0309,23,450000,450000000000,1000000,1000000,1000000,0,0,1000000,0,0,1000000,1000000,1400-4-26,2021-07-17
633,ضشنا8001,اختيارخ شپنا-6800-1400/08/16,23,67,406919000,6066,6460,6090,24,0.4,6073,7,0.12,5611,6500,1400-4-26,2021-07-17
634,آسام,صندوق س.آرمان سپهر آشنا-م,22,34010,3732354850,109709,109800,109750,41,0.04,109743,34,0.03,109710,109974,1400-4-26,2021-07-17
635,ضملي7004,اختيارخ فملي-13720-1400/07/11,22,536,591397000,1099,1100,1063,-36,-3.28,1103,4,0.36,1063,1180,1400-4-26,2021-07-17
636,فكمند,گسترش قطعه سازي كمند,22,517740,11550261660,21660,22309,22309,649,3,22309,649,3,22309,22309,1400-4-26,2021-07-17
637,الماس,صندوق س.امين تدبيرگران فردا-س,21,1784,194223782,107161,107121,109350,2189,2.04,108870,1709,1.59,107121,109499,1400-4-26,2021-07-17
638,خفولا,خدمات فني فولاد يزد,20,9766,278194276,29366,28486,28486,-880,-3,29341,-25,-0.09,28486,28486,1400-4-26,2021-07-17
639,ضسپا8042,اختيارخ خساپا-1800-1400/08/26,20,559,228914000,401,415,385,-16,-3.99,410,9,2.24,385,420,1400-4-26,2021-07-17
640,شتولي,تولي‌پرس‌,19,14842,461007362,31694,31061,31061,-633,-2,31634,-60,-0.19,31061,31061,1400-4-26,2021-07-17
641,اخزا814,اسنادخزانه-م14بودجه98-010318,19,37286,31329107533,838553,836200,839403,850,0.1,840238,1685,0.2,836200,841800,1400-4-26,2021-07-17
642,هفجر102,اختيارف ت بفجر8626-01/02/11,19,750000,750000,1,1,1,0,0,1,0,0,1,1,1400-4-26,2021-07-17
643,دمعيار,صندوق س. توازن معيار-د,18,341613,3461339565,10120,10130,10130,10,0.1,10132,12,0.12,10130,10135,1400-4-26,2021-07-17
644,بذر,صندوق س بذر اميد آفرين-سهام,18,7471,732165230,97190,97640,97900,710,0.73,98000,810,0.83,97640,100260,1400-4-26,2021-07-17
645,ضملت8044,اختيارخ وبملت-4934-1400/08/19,18,1087,351445000,306,340,307,1,0.33,323,17,5.56,307,350,1400-4-26,2021-07-17
646,ضشنا8003,اختيارخ شپنا-8800-1400/08/16,18,125,581811000,4282,4800,4500,218,5.09,4654,372,8.69,4500,4900,1400-4-26,2021-07-17
647,زنجان,صنايع كشاورزي وكود زنجان,17,26124,226468956,9125,8669,8669,-456,-5,9116,-9,-0.1,8669,8669,1400-4-26,2021-07-17
648,اخزا809,اسنادخزانه-م9بودجه98-000923,17,16674,15401426187,919066,921000,922601,3535,0.38,923679,4613,0.5,918300,924900,1400-4-26,2021-07-17
649,تملي802,تسهيلات مسكن ب. ملي-ارديبهشت98,17,205,154587860,738598,745000,775526,36928,5,754087,15489,2.1,701669,775527,1400-4-26,2021-07-17
650,وخارزمح,ح.سرمايه گذاري خوارزمي,17,63621,306074010,4800,4820,4810,10,0.21,4811,11,0.23,4810,4820,1400-4-26,2021-07-17
651,فجام,جام‌دارو,16,31094,272694380,9230,8770,8770,-460,-4.98,9220,-10,-0.11,8770,8770,1400-4-26,2021-07-17
652,زعف0008پ05,زعفران0008نگين زرين(پ),16,6199,800219390,128383,128302,129290,907,0.71,129088,705,0.55,128299,129500,1400-4-26,2021-07-17
653,ضخود7073,اختيارخ خودرو-1600-1400/07/07,15,493,312239000,630,659,610,-20,-3.17,633,3,0.48,610,660,1400-4-26,2021-07-17
654,اخزا904,اسنادخزانه-م4بودجه99-011215,15,16935,12282829100,723729,724100,725451,1722,0.24,725293,1564,0.22,724100,727000,1400-4-26,2021-07-17
655,ثشرق,سرمايه گذاري مسكن شمال شرق,15,99086,574698800,6100,5800,5800,-300,-4.92,6090,-10,-0.16,5800,5800,1400-4-26,2021-07-17
656,اخزا813,اسنادخزانه-م13بودجه98-010219,15,7325,6261473952,852500,852500,853004,504,0.06,854809,2309,0.27,852500,856990,1400-4-26,2021-07-17
657,سخواف,سيمان مجد خواف,15,13629,209532246,16183,15374,15374,-809,-5,16165,-18,-0.11,15374,15374,1400-4-26,2021-07-17
658,اخزا812,اسنادخزانه-م12بودجه98-001111,14,39412,35566810847,898592,898600,902997,4405,0.49,902436,3844,0.43,898600,903000,1400-4-26,2021-07-17
659,ضخود7072,اختيارخ خودرو-1400-1400/07/07,14,495,387333000,804,830,764,-40,-4.98,782,-22,-2.74,764,830,1400-4-26,2021-07-17
660,بايكا,كارخانجات كابلسازي ‌ايران‌,14,7266,179179560,25422,24660,24660,-762,-3,25408,-14,-0.06,24660,24660,1400-4-26,2021-07-17
661,اراد50,مرابحه عام دولت5-ش.خ0302,14,148400,148400071000,1000000,1000001,1000000,0,0,1000000,0,0,1000000,1000001,1400-4-26,2021-07-17
662,ضپنا8001,اختيارخ رمپنا-11850-1400/08/05,14,73,461870000,6312,6750,6200,-112,-1.77,6327,15,0.24,6000,6750,1400-4-26,2021-07-17
663,عيار2,صندوق سكه طلاي مفيد,13,130000,130000,26482,1,1,-26481,-100,1,-26481,-100,1,1,1400-4-26,2021-07-17
664,سنير,سيمان‌ سفيد ني‌ريز,13,1729,281982610,171670,163090,163090,-8580,-5,171500,-170,-0.1,163090,163090,1400-4-26,2021-07-17
665,سخند,صندوق س.سپهرخبرگان نفت-د,13,117350,1169373260,9955,9966,9965,10,0.1,9965,10,0.1,9960,9980,1400-4-26,2021-07-17
666,وسرضوي,س.سهام عدالت استان خراسان رضوي,13,226674,193806270,899,855,855,-44,-4.89,899,0,0,855,855,1400-4-26,2021-07-17
667,اخزا713,اسنادخزانه-م13بودجه97-000518,12,3776,3728618000,985975,986010,987000,1025,0.1,987452,1477,0.15,986010,988000,1400-4-26,2021-07-17
668,بالبر,كابل‌ البرز,12,14258,668272460,49330,46870,46870,-2460,-4.99,49210,-120,-0.24,46870,46870,1400-4-26,2021-07-17
669,ضترا8059,اختيارخ شتران-3882-1400/08/09,12,100,245000000,2099,2450,2450,351,16.72,2450,351,16.72,2450,2450,1400-4-26,2021-07-17
670,داريك,صندوق س.اعتماد داريك-د,12,118263,1279461906,10800,10807,10816,16,0.15,10819,19,0.18,10804,10826,1400-4-26,2021-07-17
671,اخزا906,اسنادخزانه-م6بودجه99-020321,12,6662,4698867332,705221,700001,710000,4779,0.68,705324,103,0.01,700001,710000,1400-4-26,2021-07-17
672,ضشنا8006,اختيارخ شپنا-14800-1400/08/16,12,183,203053000,1089,1200,1099,10,0.92,1110,21,1.93,1072,1200,1400-4-26,2021-07-17
673,اطلس2,صندوق س.توسعه اندوخته آينده-س,11,110000,110000,232558,1,1,-232557,-100,1,-232557,-100,1,1,1400-4-26,2021-07-17
674,ضجار7038,اختيارخ وتجارت-1797-1400/07/21,11,176,179287000,959,1099,1020,61,6.36,1019,60,6.26,1000,1099,1400-4-26,2021-07-17
675,كرونا2,تامين مالي جمعي صرفا اهداي سود,10,5554,55540000,10000,10000,10000,0,0,10000,0,0,10000,10000,1400-4-26,2021-07-17
676,صخود412,ص مرابحه خودرو412- 3ماهه 18%,10,72000,71640072000,995001,995001,995001,0,0,995001,0,0,995001,995001,1400-4-26,2021-07-17
677,اخزا721,اسنادخزانه-م21بودجه97-000728,10,61422,58474372260,951461,947000,952000,539,0.06,952010,549,0.06,947000,953990,1400-4-26,2021-07-17
678,اخزا723,اسنادخزانه-م23بودجه97-000824,10,31561,29670202878,936494,937989,940000,3506,0.37,940091,3597,0.38,937989,940780,1400-4-26,2021-07-17
679,دحاوي,الحاوي,9,11730,135504960,12160,11552,11552,-608,-5,12151,-9,-0.07,11552,11552,1400-4-26,2021-07-17
680,ضملي7002,اختيارخ فملي-9720-1400/07/11,9,36,131664000,3618,3849,3460,-158,-4.37,3657,39,1.08,3460,3850,1400-4-26,2021-07-17
681,اخزا815,اسنادخزانه-م15بودجه98-010406,9,7087,5880758413,829398,828700,830001,603,0.07,829795,397,0.05,828700,830001,1400-4-26,2021-07-17
682,ضپيك7042,اختيارخ تاپيكو-8070-00/07/18,9,30,127901000,3999,4999,4000,1,0.03,4263,264,6.6,3801,4999,1400-4-26,2021-07-17
683,زعف0008پ16,زعفران0008نگين بيرجند(پ),9,3701,477091800,127508,129800,129000,1492,1.17,128909,1401,1.1,128299,129800,1400-4-26,2021-07-17
684,ضملي7005,اختيارخ فملي-15720-1400/07/11,9,29,19411000,654,659,629,-25,-3.82,669,15,2.29,619,700,1400-4-26,2021-07-17
685,نگين,ص.س. زمين و ساختمان نگين شهرري,9,102726,4883391740,48990,48990,48500,-490,-1,47540,-1450,-2.96,47530,48990,1400-4-26,2021-07-17
686,ثامان,سامان‌ گستراصفهان‌,9,5733,115462620,21200,20140,20140,-1060,-5,21190,-10,-0.05,20140,20140,1400-4-26,2021-07-17
687,اخزا810,اسنادخزانه-م10بودجه98-001006,9,10870,9990831776,914660,914500,916101,1441,0.16,919120,4460,0.49,914500,920500,1400-4-26,2021-07-17
688,اخزا818,اسنادخزانه-م18بودجه98-010614,8,3391,2713794950,802136,798201,803000,864,0.11,800293,-1843,-0.23,798200,803000,1400-4-26,2021-07-17
689,غمهرا,توليدي‌مهرام‌,8,627,64016700,107470,102100,102100,-5370,-5,107450,-20,-0.02,102100,102100,1400-4-26,2021-07-17
690,لپيام,گسترش صنايع پيام,8,1155,56908005,51864,49271,49271,-2593,-5,51848,-16,-0.03,49271,49271,1400-4-26,2021-07-17
691,داراب,پتروشيمي داراب,8,57390,133030020,2440,2318,2318,-122,-5,2438,-2,-0.08,2318,2318,1400-4-26,2021-07-17
692,گكيشح,ح.توريستي ورفاهي آبادگران كيش,8,26355,1080838775,40494,42900,38500,-1994,-4.92,41011,517,1.28,38065,42900,1400-4-26,2021-07-17
693,ضفلا7003,اختيارخ فولاد-8160-1400/07/25,8,36,152060920,3356,3004,3049,-307,-9.15,3013,-343,-10.22,3001,3050,1400-4-26,2021-07-17
694,ضپيك7044,اختيارخ تاپيكو-12070-00/07/18,7,236,356257000,1475,1590,1461,-14,-0.95,1510,35,2.37,1461,1590,1400-4-26,2021-07-17
695,ثاژن,سخت آژند,7,22900,211389900,9419,9231,9231,-188,-2,9411,-8,-0.08,9231,9231,1400-4-26,2021-07-17
696,اخزا807,اسنادخزانه-م7بودجه98-000719,7,20715,19815314248,955264,956000,957000,1736,0.18,956568,1304,0.14,952408,957000,1400-4-26,2021-07-17
697,زماهان,مجتمع توليد گوشت مرغ ماهان,7,14670,239223690,17165,16307,16307,-858,-5,17151,-14,-0.08,16307,16307,1400-4-26,2021-07-17
698,وملت,سرمايه گذاري ملت,7,21750,90893250,4264,4179,4179,-85,-1.99,4262,-2,-0.05,4179,4179,1400-4-26,2021-07-17
699,ضخود7079,اختيارخ خودرو-4000-1400/07/07,7,220,5420000,22,23,26,4,18.18,25,3,13.64,23,26,1400-4-26,2021-07-17
700,ضپال2006,اختيارخ اپال-28000-1401/02/12,7,247,391300000,1661,1501,1600,-61,-3.67,1584,-77,-4.64,1501,1700,1400-4-26,2021-07-17
701,اخزا811,اسنادخزانه-م11بودجه98-001013,7,5536,5057993200,911209,911600,918000,6791,0.75,913655,2446,0.27,911600,918000,1400-4-26,2021-07-17
702,سدبير,س. تدبيرگران فارس وخوزستان,7,1204,94241896,82393,78274,78274,-4119,-5,82366,-27,-0.03,78274,78274,1400-4-26,2021-07-17
703,سكه0112پ03,تمام سكه طرح جديد0112سامان,7,900,937122200,1038124,1043200,1042000,3876,0.37,1041247,3123,0.3,1039000,1043200,1400-4-26,2021-07-17
704,شگويات.ف0104,اختيارف.تبعي شگويا010408,6,33000,33000,1,1,1,0,0,1,0,0,1,1,1400-4-26,2021-07-17
705,ثالوند,سرمايه گذاري مسكن الوند,6,5764,164913804,30116,28611,28611,-1505,-5,30099,-17,-0.06,28611,28611,1400-4-26,2021-07-17
706,نيرو,نيرو سرمايه,6,11214,555597630,51077,49545,49545,-1532,-3,50989,-88,-0.17,49545,49545,1400-4-26,2021-07-17
707,قشهد,شهد,6,5356,96997160,19060,18110,18110,-950,-4.98,19050,-10,-0.05,18110,18110,1400-4-26,2021-07-17
708,ثنظام,س. ساختماني نظام مهندسي ايران,6,6525,292704975,47220,44859,44859,-2361,-5,47147,-73,-0.15,44859,44859,1400-4-26,2021-07-17
709,ضملت8043,اختيارخ وبملت-4434-1400/08/19,5,115,55568000,507,505,480,-27,-5.33,483,-24,-4.73,480,505,1400-4-26,2021-07-17
710,وثخوز,سرمايه گذاري و توسعه خوزستان,5,1449,93228660,67726,64340,64340,-3386,-5,67693,-33,-0.05,64340,64340,1400-4-26,2021-07-17
711,ضپيك7043,اختيارخ تاپيكو-10070-00/07/18,5,20,57396000,2210,3000,2800,590,26.7,2870,660,29.86,2800,3000,1400-4-26,2021-07-17
712,ضترا8057,اختيارخ شتران-3000-1400/08/09,5,24,102643000,3971,4511,4000,29,0.73,4277,306,7.71,4000,4511,1400-4-26,2021-07-17
713,زير0103پ04,زيره سبز0103شركت مينوبذر(پ),5,220,152145750,728538,693020,690806,-37732,-5.18,691572,-36966,-5.07,690806,693020,1400-4-26,2021-07-17
714,ضفار8051,اختيارخ فارس-8400-1400/08/05,5,12,34000000,3200,2900,2700,-500,-15.63,2833,-367,-11.47,2700,2900,1400-4-26,2021-07-17
715,افران2,صندوق س افرا نماد پايدار-ثابت,5,40700000,40700000,13766,1,1,-13765,-99.99,1,-13765,-99.99,1,1,1400-4-26,2021-07-17
716,شزنگ,تجهيزنيروي‌زنگان‌,5,3255,471005010,149177,144702,144702,-4475,-3,148960,-217,-0.15,144702,144702,1400-4-26,2021-07-17
717,دشيري,شيرين دارو,5,808,160081768,208548,198121,198121,-10427,-5,208372,-176,-0.08,198121,198121,1400-4-26,2021-07-17
718,ضملت8041,اختيارخ وبملت-3434-1400/08/19,5,52,47654000,978,914,915,-63,-6.44,916,-62,-6.34,914,926,1400-4-26,2021-07-17
719,شكف,كف,5,337,32862218,99504,97514,97514,-1990,-2,99497,-7,-0.01,97514,97514,1400-4-26,2021-07-17
720,غگز,گز سكه,5,200000,3600000000,18598,18000,18000,-598,-3.22,18000,-598,-3.22,18000,18000,1400-4-26,2021-07-17
721,ضمخا7076,اختيارخ اخابر-9700-1400/07/28,5,103,92200000,989,890,900,-89,-9,895,-94,-9.5,890,900,1400-4-26,2021-07-17
722,تكنار,مجتمع معادن مس تكنار,4,841,94429162,115754,112282,112282,-3472,-3,115720,-34,-0.03,112282,112282,1400-4-26,2021-07-17
723,تملي703,تسهيلات مسكن ب. ملي-خرداد97,4,41,27198621,631792,663381,663381,31589,5,663381,31589,5,663381,663381,1400-4-26,2021-07-17
724,ساذري,آذريت‌,4,20800,153670400,7173,7388,7388,215,3,7176,3,0.04,7388,7388,1400-4-26,2021-07-17
725,غدام,خوراك‌  دام‌ پارس‌,4,142,52578340,389750,370270,370270,-19480,-5,389680,-70,-0.02,370270,370270,1400-4-26,2021-07-17
726,پست0008پ08,پسته فندقي32-30مه ولات0008(پ),4,65,116241000,1786547,1810000,1780000,-6547,-0.37,1788323,1776,0.1,1780000,1820000,1400-4-26,2021-07-17
727,اخزا821,اسنادخزانه-م21بودجه98-020906,4,71,44446595,626807,625700,626330,-477,-0.08,626008,-799,-0.13,625700,634995,1400-4-26,2021-07-17
728,تملي710,تسهيلات مسكن ب. ملي-دي97,4,60,43108427,688045,709900,722447,34402,5,718474,30429,4.42,709900,722447,1400-4-26,2021-07-17
729,تملي803,تسهيلات مسكن ب. ملي-خرداد98,4,30,18809910,659996,626997,626997,-32999,-5,626997,-32999,-5,626997,626997,1400-4-26,2021-07-17
730,ضصاد8030,اختيارخ وبصادر-1589-1400/08/12,4,56,36357000,817,800,849,32,3.92,649,-168,-20.56,620,849,1400-4-26,2021-07-17
731,ضچاد7035,اختيارخ كچاد-25870-1400/07/04,4,40,99110000,2501,2500,2880,379,15.15,2478,-23,-0.92,2450,2880,1400-4-26,2021-07-17
732,اخزا820,اسنادخزانه-م20بودجه98-020806,4,429,273273200,634646,637010,637000,2354,0.37,637000,2354,0.37,637000,637010,1400-4-26,2021-07-17
733,ضملت8040,اختيارخ وبملت-2934-1400/08/19,4,12,15601000,1300,1300,1300,0,0,1300,0,0,1300,1301,1400-4-26,2021-07-17
734,ضخود7080,اختيارخ خودرو-4500-1400/07/07,4,22,684000,33,11,29,-4,-12.12,31,-2,-6.06,11,35,1400-4-26,2021-07-17
735,ضفلا7005,اختيارخ فولاد-11013-1400/07/25,4,34,56311330,1250,1185,1179,-71,-5.68,1181,-69,-5.52,1179,1185,1400-4-26,2021-07-17
736,سكارون,سيمان كارون,4,112,19050752,175356,170096,170096,-5260,-3,175349,-7,0,170096,170096,1400-4-26,2021-07-17
737,طخود7077,اختيارف خودرو-3000-1400/07/07,4,15,12771000,885,850,855,-30,-3.39,851,-34,-3.84,850,855,1400-4-26,2021-07-17
738,ضسپا8043,اختيارخ خساپا-2000-1400/08/26,4,103,32942000,335,320,302,-33,-9.85,320,-15,-4.48,302,320,1400-4-26,2021-07-17
739,ضمخا7075,اختيارخ اخابر-8700-1400/07/28,4,17,21581000,1399,1400,1208,-191,-13.65,1269,-130,-9.29,1112,1400,1400-4-26,2021-07-17
740,زعف0008پ18,زعفران0008نگين بهرامن(پ),4,1680,231500000,137000,138000,137500,500,0.36,137798,798,0.58,137500,138000,1400-4-26,2021-07-17
741,ضخوز7039,اختيارخ فخوز-15200-1400/07/14,4,45,90000000,2500,2000,2000,-500,-20,2000,-500,-20,2000,2000,1400-4-26,2021-07-17
742,ثهام,صندوق س ثروت هامرز-سهام,4,3290,33283692,10102,10102,10102,0,0,10117,15,0.15,10102,10199,1400-4-26,2021-07-17
743,گكيش,توريستي ورفاهي آبادگران كيش,4,3665,169608870,47709,46278,46278,-1431,-3,47684,-25,-0.05,46278,46278,1400-4-26,2021-07-17
744,اراد36,مرابحه عام دولت3-ش.خ 0104,4,2500,2474999500,985000,980000,995000,10000,1.02,990000,5000,0.51,980000,995000,1400-4-26,2021-07-17
745,ضمخا7071,اختيارخ اخابر-23700-1400/07/28,3,26,660000,56,25,26,-30,-53.57,25,-31,-55.36,25,26,1400-4-26,2021-07-17
746,اعتماد2,صندوق س.اعتماد آفرين پارسيان-د,3,29000000,29000000,37529,1,1,-37528,-100,1,-37528,-100,1,1,1400-4-26,2021-07-17
747,ثزاگرس,سرمايه گذاري توسعه عمران زاگرس,3,547,27495502,52911,50266,50266,-2645,-5,52903,-8,-0.02,50266,50266,1400-4-26,2021-07-17
748,زير0103پ01,زيره سبز0103كيميابذر(پ),3,207,157319793,726972,759999,759999,33027,4.54,759999,33027,4.54,759999,759999,1400-4-26,2021-07-17
749,كيسون2,شركت كيسون,3,45000000,430425000000,9760,9565,9565,-195,-2,9565,-195,-2,9565,9565,1400-4-26,2021-07-17
750,شستا001,اجاره تامين اجتماعي-امين000523,3,23,22809000,1000453,1050000,901000,-99453,-9.94,991696,-8757,-0.88,901000,1050000,1400-4-26,2021-07-17
751,ضجار7043,اختيارخ وتجارت-3997-1400/07/21,3,101,7574000,65,74,75,10,15.38,75,10,15.38,74,75,1400-4-26,2021-07-17
752,آبين,كشت و صنعت آبشيرين,3,4350,17247750,4045,3965,3965,-80,-1.98,4045,0,0,3965,3965,1400-4-26,2021-07-17
753,وصندوق2,سرمايه‌گذاري‌صندوق‌بازنشستگي‌,3,41000000,688820000000,16870,16870,16300,-570,-3.38,16800,-70,-0.41,16300,16870,1400-4-26,2021-07-17
754,اخزا817,اسنادخزانه-م17بودجه98-010512,3,22907,18669205000,813831,815000,815000,1169,0.14,815000,1169,0.14,815000,815000,1400-4-26,2021-07-17
755,زعف0008پ20,زعفران0008نگين وحدت جام(پ),3,3560,456794940,127403,128299,128400,997,0.78,128313,910,0.71,128299,128400,1400-4-26,2021-07-17
756,خاتم2,صندوق س خاتم ايساتيس پويا-ثابت,2,1900000,1900000,11477,1,1,-11476,-99.99,1,-11476,-99.99,1,1,1400-4-26,2021-07-17
757,ثروتم2,صندوق س. ثروت آفرين پارسيان-س,2,1700000,1700000,84709,1,1,-84708,-100,1,-84708,-100,1,1,1400-4-26,2021-07-17
758,كمرجان,بازرگاني و توليدي مرجان كار,2,75,10165125,142668,135535,135535,-7133,-5,142663,-5,0,135535,135535,1400-4-26,2021-07-17
759,اراد834,مرابحه عام دولت83-ش.خ041220,2,26000000,23827050000000,1000000,916510,916340,-83660,-8.37,916425,-83575,-8.36,916340,916510,1400-4-26,2021-07-17
760,صايپا012,صكوك مرابحه سايپا012-3ماهه 16%,2,20000,20000200000,1000010,1000010,1000010,0,0,1000010,0,0,1000010,1000010,1400-4-26,2021-07-17
761,قلرست,قند لرستان‌,2,350,10958500,32950,31310,31310,-1640,-4.98,32950,0,0,31310,31310,1400-4-26,2021-07-17
762,ضشنا8002,اختيارخ شپنا-7800-1400/08/16,2,23,127250000,5153,5550,5500,347,6.73,5533,380,7.37,5500,5550,1400-4-26,2021-07-17
763,اراد434,مرابحه عام دولت4-ش.خ 0205,2,3136000,2969255744000,935000,946958,946700,11700,1.25,946829,11829,1.27,946700,946958,1400-4-26,2021-07-17
764,خفناور,مهندسي صنعتي روان فن آور,2,1120,51534560,47436,46013,46013,-1423,-3,47428,-8,-0.02,46013,46013,1400-4-26,2021-07-17
765,اخزا9112,اسنادخزانه-م11بودجه99-020906,2,543194,343298608000,629335,632000,632000,2665,0.42,632000,2665,0.42,632000,632000,1400-4-26,2021-07-17
766,شسم,توليد سموم‌ علف‌ كش,2,3184,312449104,96207,98131,98131,1924,2,96325,118,0.12,98131,98131,1400-4-26,2021-07-17
767,اراد424,مرابحه عام دولت4-ش.خ 0106,2,7500000,7261398000000,999999,963292,1000000,1,0,968186,-31813,-3.18,963292,1000000,1400-4-26,2021-07-17
768,وهنر,گروه توسعه هنر ايران,2,2740,19462220,7476,7103,7103,-373,-4.99,7475,-1,-0.01,7103,7103,1400-4-26,2021-07-17
769,ضپنا8002,اختيارخ رمپنا-13850-1400/08/05,2,4,21400000,4879,5350,5350,471,9.65,5350,471,9.65,5350,5350,1400-4-26,2021-07-17
770,ضجار7037,اختيارخ وتجارت-1597-1400/07/21,2,9,10800000,1100,1200,1200,100,9.09,1200,100,9.09,1200,1200,1400-4-26,2021-07-17
771,اخزا718,اسنادخزانه-م18بودجه97-000525,2,16,15774734,983552,986000,985789,2237,0.23,985921,2369,0.24,985789,986000,1400-4-26,2021-07-17
772,اراد724,مرابحه عام دولت72-ش.خ0311,2,320000,298656000000,925000,933300,933300,8300,0.9,933300,8300,0.9,933300,933300,1400-4-26,2021-07-17
773,اشاد1,مشاركت دولتي1-شرايط خاص001026,2,2000,1955002000,987373,980000,975002,-12371,-1.25,977501,-9872,-1,975002,980000,1400-4-26,2021-07-17
774,اراد544,مرابحه عام دولت5-ش.خ 0109,2,15571000,14846115014000,1015000,953634,953050,-61950,-6.1,953446,-61554,-6.06,953050,953634,1400-4-26,2021-07-17
775,شرق1400,مشاركت ليزينگ ايران وشرق140010,2,186,185962800,999800,999800,999800,0,0,999800,0,0,999800,999800,1400-4-26,2021-07-17
776,ثاصفا,شركت‌ ساختمان‌ اصفهان‌,2,582,14950998,26483,25689,25689,-794,-3,26482,-1,0,25689,25689,1400-4-26,2021-07-17
777,اراد704,مرابحه عام دولت70-ش.خ0112,2,34228000,32366493106000,943750,946029,945200,1450,0.15,945614,1864,0.2,945200,946029,1400-4-26,2021-07-17
778,اراد494,مرابحه عام دولت4-ش.خ 0206,2,16712000,15750114400000,955000,942878,942200,-12800,-1.34,942443,-12557,-1.31,942200,942878,1400-4-26,2021-07-17
779,طخود7076,اختيارف خودرو-2500-1400/07/07,2,20,6100000,308,300,310,2,0.65,305,-3,-0.97,300,310,1400-4-26,2021-07-17
780,ثنام,س ساختماني ب نام آوران مهندسي,2,635,10227310,16604,16106,16106,-498,-3,16603,-1,-0.01,16106,16106,1400-4-26,2021-07-17
781,زعف0008پ15,زعفران0008پوشالمعمول طلاسرخ(پ),2,150,15000000,99800,100000,100000,200,0.2,100000,200,0.2,100000,100000,1400-4-26,2021-07-17
782,ضپاس7028,اختيارخ وپارس-2000-1400/07/28,2,20,22110000,1146,1111,1100,-46,-4.01,1105,-41,-3.58,1100,1111,1400-4-26,2021-07-17
783,شستا003,اجاره تامين اجتماعي-سپهر000523,2,11,11000000,985000,1000000,1000000,15000,1.52,1000000,15000,1.52,1000000,1000000,1400-4-26,2021-07-17
784,ضملت8042,اختيارخ وبملت-3934-1400/08/19,2,50,35050000,799,701,701,-98,-12.27,701,-98,-12.27,701,701,1400-4-26,2021-07-17
785,فراز2,صندوق س.سهام فراز داريك-س,2,600000,600000,11995,1,1,-11994,-99.99,1,-11994,-99.99,1,1,1400-4-26,2021-07-17
786,اراد33,مرابحه عام دولت3-ش.خ 0303,2,1000,922000000,963755,917000,927000,-36755,-3.81,922000,-41755,-4.33,917000,927000,1400-4-26,2021-07-17
787,اراد404,مرابحه عام دولت4-ش.خ 0207,2,2094000,1903853283000,1000000,909789,908600,-91400,-9.14,909194,-90806,-9.08,908600,909789,1400-4-26,2021-07-17
788,حپترو,حمل و نقل پتروشيمي( سهامي عام,2,202,10203020,53160,50510,50510,-2650,-4.98,53160,0,0,50510,50510,1400-4-26,2021-07-17
789,سكه0111پ05,تمام سكه طرح جديد0111آينده,2,200,210000000,1065000,1060000,1040000,-25000,-2.35,1050000,-15000,-1.41,1040000,1060000,1400-4-26,2021-07-17
790,اراد644,مرابحه عام دولتي64-ش.خ0111,2,31410000,29766230500000,944500,948147,947200,2700,0.29,947667,3167,0.34,947200,948147,1400-4-26,2021-07-17
791,اراد334,مرابحه عام دولت3-ش.خ 0303,2,3194000,2816699168000,963755,881944,881800,-81955,-8.5,881872,-81883,-8.5,881800,881944,1400-4-26,2021-07-17
792,اراد594,مرابحه عام دولتي5-ش.خ 0309,2,16000000,14914920000000,1000000,932265,932100,-67900,-6.79,932182,-67818,-6.78,932100,932265,1400-4-26,2021-07-17
793,هكوير109,اختيارف ت كوير-8194-01/09/20,2,1319,389105,494,295,295,-199,-40.28,295,-199,-40.28,295,295,1400-4-26,2021-07-17
794,هبساز103,اختيارف ت ثبهساز-2346-01/03/18,2,30670,30670,1,1,1,0,0,1,0,0,1,1,1400-4-26,2021-07-17
795,كصدف,كاشي صدف سرام استقلال آباده,2,1215,29098035,25209,23949,23949,-1260,-5,25205,-4,-0.02,23949,23949,1400-4-26,2021-07-17
796,طخود7073,اختيارف خودرو-1600-1400/07/07,2,11,220000,20,20,20,0,0,20,0,0,20,20,1400-4-26,2021-07-17
797,طصاد8032,اختيارف وبصادر-1989-1400/08/12,2,100,5000000,1,50,50,49,4900,50,49,4900,50,50,1400-4-26,2021-07-17
798,سپيدما4,صندوق س. سپيد دماوند-د,2,67000000,716498000000,10676,10694,10694,18,0.17,10694,18,0.17,10694,10694,1400-4-26,2021-07-17
799,فارس2,صنايع پتروشيمي خليج فارس,1,49250000,523035000000,10580,10620,10620,40,0.38,10620,40,0.38,10620,10620,1400-4-26,2021-07-17
800,سرو2,صندوق س سروسودمند مدبران-سهام,1,100000,100000,70140,1,1,-70139,-100,1,-70139,-100,1,1,1400-4-26,2021-07-17
801,اوصتا4,صندوق انديشه ورزان صباتامين -د,1,17500000,337697500000,19200,19297,19297,97,0.51,19297,97,0.51,19297,19297,1400-4-26,2021-07-17
802,صبا1401,اجاره مهندسي صبا نفت14010225,1,10,10000000,1000000,1000000,1000000,0,0,1000000,0,0,1000000,1000000,1400-4-26,2021-07-17
803,صگل039,صكوك اجاره گل گهر039-3ماهه20%,1,23,23345000,1015000,1015000,1015000,0,0,1015000,0,0,1015000,1015000,1400-4-26,2021-07-17
804,تفيرو,مهندسي فيروزا,1,364,7245420,19140,19905,19905,765,4,19141,1,0.01,19905,19905,1400-4-26,2021-07-17
805,ضسپا8039,اختيارخ خساپا-1200-1400/08/26,1,5,4250000,855,850,850,-5,-0.58,850,-5,-0.58,850,850,1400-4-26,2021-07-17
806,صپامرداد,بار پايه صنعتي مرداد,1,3000,2400000,400,800,800,400,100,800,400,100,800,800,1400-4-26,2021-07-17
807,اراد55,مرابحه عام دولت5-ش.خ 0209,1,100,94000200,964998,940002,940002,-24996,-2.59,940002,-24996,-2.59,940002,940002,1400-4-26,2021-07-17
808,صخود0004,صكوك رهني خودرو0004- 3ماهه 16%,1,1500,1500000000,975000,1000000,1000000,25000,2.56,1000000,25000,2.56,1000000,1000000,1400-4-26,2021-07-17
809,ياقوت2,صندوق س ياقوت آگاه-ثابت,1,946000,946000,12662,1,1,-12661,-99.99,1,-12661,-99.99,1,1,1400-4-26,2021-07-17
810,ضغدر8056,اختيارخ وغدير-8000-1400/08/26,1,5,34995000,6000,6999,6999,999,16.65,6999,999,16.65,6999,6999,1400-4-26,2021-07-17
811,ضملي7006,اختيارخ فملي-17720-1400/07/11,1,1,309000,350,309,309,-41,-11.71,309,-41,-11.71,309,309,1400-4-26,2021-07-17
812,خودرو2,ايران‌ خودرو,1,60000000,125400000000,2090,2090,2090,0,0,2090,0,0,2090,2090,1400-4-26,2021-07-17
813,زعف0008پ12,زعفران0008پوشالمعمول سحرخيز(پ),1,50,4750000,96150,95000,95000,-1150,-1.2,95000,-1150,-1.2,95000,95000,1400-4-26,2021-07-17
814,ضصاد8032,اختيارخ وبصادر-1989-1400/08/12,1,1,500000,616,500,500,-116,-18.83,500,-116,-18.83,500,500,1400-4-26,2021-07-17
815,اراد72,مرابحه عام دولت72-ش.خ0311,1,1000,950000000,925000,950000,950000,25000,2.7,950000,25000,2.7,950000,950000,1400-4-26,2021-07-17
816,طملي7004,اختيارف فملي-13720-1400/07/11,1,1,1000000,1010,1000,1000,-10,-0.99,1000,-10,-0.99,1000,1000,1400-4-26,2021-07-17
817,ضشنا8000,اختيارخ شپنا-5800-1400/08/16,1,2,14600000,6695,7300,7300,605,9.04,7300,605,9.04,7300,7300,1400-4-26,2021-07-17
818,سنفت001,سلف موازي استاندارد سنفت001,1,8480,10004492000,1179775,1179775,1179775,0,0,1179775,0,0,1179775,1179775,1400-4-26,2021-07-17
819,ضفار8053,اختيارخ فارس-11400-1400/08/05,1,10,13000000,999,1300,1300,301,30.13,1300,301,30.13,1300,1300,1400-4-26,2021-07-17
820,افرا2,افرانت,1,15500000,394475000000,26747,25450,25450,-1297,-4.85,25450,-1297,-4.85,25450,25450,1400-4-26,2021-07-17
821,فملي2,ملي‌ صنايع‌ مس‌ ايران‌,1,10000000,126000000000,12670,12600,12600,-70,-0.55,12600,-70,-0.55,12600,12600,1400-4-26,2021-07-17
822,خپويش,سازه‌ پويش‌,1,200,10482000,55160,52410,52410,-2750,-4.99,55160,0,0,52410,52410,1400-4-26,2021-07-17
823,ضترا8060,اختيارخ شتران-4323-1400/08/09,1,4,6052000,1700,1513,1513,-187,-11,1513,-187,-11,1513,1513,1400-4-26,2021-07-17
824,وكار2,بانك‌ كارآفرين‌,1,20000000,65000000000,3316,3250,3250,-66,-1.99,3250,-66,-1.99,3250,3250,1400-4-26,2021-07-17
825,ولراز,ليزينگ رازي,1,183,9937998,55985,54306,54306,-1679,-3,55983,-2,0,54306,54306,1400-4-26,2021-07-17
826,ضجار7041,اختيارخ وتجارت-2997-1400/07/21,1,1,350000,255,350,350,95,37.25,350,95,37.25,350,350,1400-4-26,2021-07-17
827,ضصاد8036,اختيارخ وبصادر-3989-1400/08/12,1,1,51000,73,51,51,-22,-30.14,51,-22,-30.14,51,51,1400-4-26,2021-07-17
828,فنوال2,نورد آلومينيوم‌,1,18100000,448156000000,24760,24760,24760,0,0,24760,0,0,24760,24760,1400-4-26,2021-07-17
829,تابان03,اجاره تابان سپهر14021206,1,2000,2000000000,1000000,1000000,1000000,0,0,1000000,0,0,1000000,1000000,1400-4-26,2021-07-17
830,اراد65,مرابحه عام دولتي65-ش.خ0210,1,400,390000000,965000,975000,975000,10000,1.04,975000,10000,1.04,975000,975000,1400-4-26,2021-07-17
831,اراد74,مرابحه عام دولت74-ش.خ040226,1,5000,4850000000,1000000,970000,970000,-30000,-3,970000,-30000,-3,970000,970000,1400-4-26,2021-07-17
832,ضپنا8000,اختيارخ رمپنا-9850-1400/08/05,1,1,8000000,7534,8000,8000,466,6.19,8000,466,6.19,8000,8000,1400-4-26,2021-07-17
833,طخود7075,اختيارف خودرو-2000-1400/07/07,1,16,1568000,99,98,98,-1,-1.01,98,-1,-1.01,98,98,1400-4-26,2021-07-17
834,افاد14,منفعت دولت-با شرايط خاص140006,1,10000000,10049810000000,990000,1004981,1004981,14981,1.51,1004981,14981,1.51,1004981,1004981,1400-4-26,2021-07-17
835,آوا2,صندوق س.سهام آواي معيار-س,1,6400000,6400000,6933,1,1,-6932,-99.99,1,-6932,-99.99,1,1,1400-4-26,2021-07-17
836,ضسپا8040,اختيارخ خساپا-1400-1400/08/26,1,1,620000,672,620,620,-52,-7.74,620,-52,-7.74,620,620,1400-4-26,2021-07-17
837,تملي707,تسهيلات مسكن ب. ملي-مهر97,1,3,2189109,768108,729703,729703,-38405,-5,729703,-38405,-5,729703,729703,1400-4-26,2021-07-17
838,پارسا306,صكوك اجاره پارسيان-6ماهه16%,1,400,391600000,969000,979000,979000,10000,1.03,979000,10000,1.03,979000,979000,1400-4-26,2021-07-17
839,شجم2,صنايع پتروشيمي تخت جمشيد,1,30000000,354210000000,11495,11807,11807,312,2.71,11807,312,2.71,11807,11807,1400-4-26,2021-07-17
840,ضمخا7066,اختيارخ اخابر-11700-1400/07/28,1,1,500000,500,500,500,0,0,500,0,0,500,500,1400-4-26,2021-07-17
841,البرز2,بيمه البرز,1,20000000,92380000000,4619,4619,4619,0,0,4619,0,0,4619,4619,1400-4-26,2021-07-17
842,صعبيد312,صكوك اجاره دعبيد-3ماهه18%,1,94,93624000,1000000,996000,996000,-4000,-0.4,996000,-4000,-0.4,996000,996000,1400-4-26,2021-07-17
843,كباده,توليد خاك نسوزاستقلال آباده,1,8442,77497560,8913,9180,9180,267,3,8915,2,0.02,9180,9180,1400-4-26,2021-07-17
844,دارا4,صندوق س. دارا الگوريتم-د,1,3000000,30435000000,10061,10145,10145,84,0.83,10145,84,0.83,10145,10145,1400-4-26,2021-07-17
845,اراد504,مرابحه عام دولت5-ش.خ0302,1,500000,500000000000,1000000,1000000,1000000,0,0,1000000,0,0,1000000,1000000,1400-4-26,2021-07-17
846,ضغدر8059,اختيارخ وغدير-12000-1400/08/26,1,10,28000000,3500,2800,2800,-700,-20,2800,-700,-20,2800,2800,1400-4-26,2021-07-17
847,اراد45,مرابحه عام دولت4-ش.خ 0107,1,25000,23750000000,999800,950000,950000,-49800,-4.98,950000,-49800,-4.98,950000,950000,1400-4-26,2021-07-17
848,افاد24,منفعت دولتي2-شرايط خاص14000626,1,5490000,5497016220000,985000,1001278,1001278,16278,1.65,1001278,16278,1.65,1001278,1001278,1400-4-26,2021-07-17
849,پاسار042,اجاره انرژي پاسارگاد14040302,1,500000,500000000000,1000000,1000000,1000000,0,0,1000000,0,0,1000000,1000000,1400-4-26,2021-07-17
850,پلاست,كارخانجات توليدي پلاستيران,1,196,13548892,71264,69127,69127,-2137,-3,71261,-3,0,69127,69127,1400-4-26,2021-07-17
851,اراد344,مرابحه عام دولت3-ش.خ 0305,1,9350000,8197313300000,1000000,876718,876718,-123282,-12.33,876718,-123282,-12.33,876718,876718,1400-4-26,2021-07-17
852,تملي807,تسهيلات مسكن ب. ملي-مهر98,1,14,12476338,891167,891167,891167,0,0,891167,0,0,891167,891167,1400-4-26,2021-07-17
