,نماد,نام,تعداد,حجم,ارزش,دیروز,اولین,آخرین معامله - مقدار,آخرین معامله - تغییر,آخرین معامله - درصد,قیمت پایانی - مقدار,قیمت پایانی - تغییر,قیمت پایانی - درصد,کمترین,بیشترین,تاریخ,gregorian_date
0,پالايش,صندوق پالايشي يكم-سهام,63291,73663397,6812582114450,87390,89000,94550,7160,8.19,92480,5090,5.82,88200,95550,1400-6-6,2021-08-28
1,سپيد,سپيد ماكيان,37698,18535925,1066004672400,54970,55300,57690,2720,4.95,57510,2540,4.62,55110,57710,1400-6-6,2021-08-28
2,دارا يكم,صندوق واسطه گري مالي يكم-سهام,36476,24332885,3836560533220,150190,152100,159500,9310,6.2,157670,7480,4.98,152060,161100,1400-6-6,2021-08-28
3,شستا,سرمايه گذاري تامين اجتماعي,34656,156505636,2285939809010,14320,14340,14620,300,2.09,14610,290,2.03,14340,14800,1400-6-6,2021-08-28
4,كرمان,س. توسعه و عمران استان كرمان,31747,1216955665,1882347577398,1494,1568,1520,26,1.74,1547,53,3.55,1503,1568,1400-6-6,2021-08-28
5,فولاد,فولاد مباركه اصفهان,25828,170089447,2128435976380,12370,12420,12650,280,2.26,12510,140,1.13,12290,12710,1400-6-6,2021-08-28
6,شپنا,پالايش نفت اصفهان,25753,165991495,2591088918490,14990,15190,15720,730,4.87,15610,620,4.14,15080,15730,1400-6-6,2021-08-28
7,فملي,ملي‌ صنايع‌ مس‌ ايران‌,24135,130539558,1889743198800,14350,14400,14550,200,1.39,14480,130,0.91,14200,14580,1400-6-6,2021-08-28
8,مديريت,س. و خدمات مديريت صند. ب كشوري,22640,11648675,79397368800,6492,6816,6816,324,4.99,6816,324,4.99,6816,6816,1400-6-6,2021-08-28
9,كاما,باما,22487,162677011,2238461462490,13340,13510,13800,460,3.45,13760,420,3.15,13400,14000,1400-6-6,2021-08-28
10,ثالوند,سرمايه گذاري مسكن الوند,18723,67068555,1772646452945,26878,25535,27630,752,2.8,26430,-448,-1.67,25535,27995,1400-6-6,2021-08-28
11,بركت,گروه دارويي بركت,18509,38183941,1438962340240,36720,37200,38150,1430,3.89,37690,970,2.64,36660,38450,1400-6-6,2021-08-28
12,شصدف,صنعتي دوده فام,18330,18686000,849705015062,47277,48000,45500,-1777,-3.76,45473,-1804,-3.82,44914,48000,1400-6-6,2021-08-28
13,خساپا,سايپا,17336,947615628,2153919189084,2168,2220,2276,108,4.98,2273,105,4.84,2220,2276,1400-6-6,2021-08-28
14,نوري,پتروشيمي نوري,16469,11767093,1275513136520,109910,109920,108070,-1840,-1.67,108400,-1510,-1.37,107500,111000,1400-6-6,2021-08-28
15,خبهمن,گروه‌بهمن‌,15920,594815513,1106968603353,1835,1860,1864,29,1.58,1861,26,1.42,1831,1920,1400-6-6,2021-08-28
16,وسپهر,سرمايه گذاري مالي سپهرصادرات,14488,24640664,257800924985,10336,10400,10409,73,0.71,10462,126,1.22,10330,10590,1400-6-6,2021-08-28
17,سيتا,سرمايه گذاري سيمان تامين,13768,23683061,393542581420,15880,16260,16670,790,4.97,16620,740,4.66,16260,16670,1400-6-6,2021-08-28
18,پترول,گ.س.وت.ص.پتروشيمي خليج فارس,13339,112719348,512018855506,4450,4450,4570,120,2.7,4542,92,2.07,4449,4591,1400-6-6,2021-08-28
19,شتران,پالايش نفت تهران,13276,141259548,1690068707720,11460,11670,12030,570,4.97,11960,500,4.36,11510,12030,1400-6-6,2021-08-28
20,خودرو,ايران‌ خودرو,13146,622213023,1539511816802,2364,2406,2482,118,4.99,2474,110,4.65,2396,2482,1400-6-6,2021-08-28
21,ولكار,ليزينگ كارآفرين,13014,33880381,189853829660,5345,5580,5610,265,4.96,5600,255,4.77,5400,5610,1400-6-6,2021-08-28
22,شگويا,پتروشيمي تندگويان,12989,52826900,706395273827,13379,13485,13590,211,1.58,13372,-7,-0.05,13011,13610,1400-6-6,2021-08-28
23,لطيف,محصولات كاغذي لطيف,12624,3360308,199403097406,57105,58010,59938,2833,4.96,59341,2236,3.92,57150,59950,1400-6-6,2021-08-28
24,وبملت,بانك ملت,12606,308573839,1417451441153,4482,4563,4617,135,3.01,4594,112,2.5,4500,4660,1400-6-6,2021-08-28
25,بوعلي,پتروشيمي بوعلي سينا,12155,5656971,376359998280,66830,66020,66560,-270,-0.4,66530,-300,-0.45,65960,67980,1400-6-6,2021-08-28
26,دي,بانك دي,12059,528617223,665290038416,1203,1250,1263,60,4.99,1259,56,4.66,1229,1263,1400-6-6,2021-08-28
27,فتوسا,توليد و توسعه سرب روي ايرانيان,11820,15190722,246706443033,15601,15800,16381,780,5,16241,640,4.1,15610,16381,1400-6-6,2021-08-28
28,كتوكا,توليدي و خدمات صنايع نسوز توكا,11490,30109869,876877339522,29124,30580,28870,-254,-0.87,29123,-1,0,27730,30580,1400-6-6,2021-08-28
29,ثاميد,توسعه و عمران اميد,11361,79318345,153019930899,1909,1911,1938,29,1.52,1929,20,1.05,1891,1954,1400-6-6,2021-08-28
30,گدنا,تهيه توزيع غذاي دنا آفرين فدك,11340,2999719,70291239129,22318,23433,23433,1115,5,23433,1115,5,22764,23433,1400-6-6,2021-08-28
31,آريا,پليمر آريا ساسول,11276,3942640,466081211804,118757,119950,118759,2,0,118216,-541,-0.46,116500,119950,1400-6-6,2021-08-28
32,شاروم,پتروشيمي اروميه,11042,11314305,231554517234,20358,20220,20130,-228,-1.12,20466,108,0.53,19996,20970,1400-6-6,2021-08-28
33,وتجارت,بانك تجارت,10979,211787704,632609457964,2920,3020,2972,52,1.78,2987,67,2.29,2951,3029,1400-6-6,2021-08-28
34,ولپارس,ليزينگ پارسيان,10660,63712677,328853791900,5029,5280,5060,31,0.62,5160,131,2.6,4900,5280,1400-6-6,2021-08-28
35,وسديد,گروه ‌صنعتي‌سديد,10438,188285309,272102959587,1433,1405,1461,28,1.95,1445,12,0.84,1405,1461,1400-6-6,2021-08-28
36,چخزر,صنايع چوب خزر كاسپين,10334,4249947,179997417874,40653,40105,42685,2032,5,42353,1700,4.18,40100,42685,1400-6-6,2021-08-28
37,فگستر,گسترش صنايع روي ايرانيان,9987,26534643,456418322122,16523,16850,17349,826,5,17201,678,4.1,16502,17349,1400-6-6,2021-08-28
38,غگيلا,شيرپاستوريزه پگاه گيلان,9818,9693865,297761126590,31124,31800,29990,-1134,-3.64,30716,-408,-1.31,29590,32490,1400-6-6,2021-08-28
39,ثبهساز,بهساز كاشانه تهران,9806,70556499,189203807187,2655,2700,2653,-2,-0.08,2682,27,1.02,2650,2730,1400-6-6,2021-08-28
40,ذوب,سهامي ذوب آهن  اصفهان,9510,165515606,777549469571,4634,4620,4711,77,1.66,4698,64,1.38,4610,4779,1400-6-6,2021-08-28
41,غزر,صنعتي زر ماكارون,9474,6987394,198746973290,27200,28290,28560,1360,5,28440,1240,4.56,27560,28560,1400-6-6,2021-08-28
42,زملارد,كشاورزي و دامپروري ملارد شير,9458,2676729,92465429131,34218,33600,35200,982,2.87,34544,326,0.95,33500,35800,1400-6-6,2021-08-28
43,وبصادر,بانك صادرات ايران,8757,205503812,571852740756,2713,2721,2783,70,2.58,2783,70,2.58,2721,2820,1400-6-6,2021-08-28
44,كزغال,زغال سنگ پروده طبس,8609,6128247,258937851812,40418,41101,41899,1481,3.66,42253,1835,4.54,41101,42438,1400-6-6,2021-08-28
45,ومدير,گ.مديريت ارزش سرمايه ص ب كشوري,8433,36283221,208983511730,5520,5580,5790,270,4.89,5760,240,4.35,5580,5790,1400-6-6,2021-08-28
46,حگردش,ريل گردش ايرانيان,8266,17834959,55110023310,3000,3090,3090,90,3,3090,90,3,3090,3090,1400-6-6,2021-08-28
47,آبادا,توليد نيروي برق آبادان,8205,9442797,134130014540,13590,14100,14190,600,4.42,14200,610,4.49,13800,14260,1400-6-6,2021-08-28
48,كمند,صندوق س. با درآمد ثابت كمند,8199,351331333,3556053939067,10105,10121,10122,17,0.17,10122,17,0.17,10121,10123,1400-6-6,2021-08-28
49,امين,تامين سرمايه امين,8190,9944927,88616513210,8670,8670,9060,390,4.5,8910,240,2.77,8650,9100,1400-6-6,2021-08-28
50,غكورش,صنعت غذايي كورش,7968,9467007,482723387540,48730,50010,51160,2430,4.99,50990,2260,4.64,49000,51160,1400-6-6,2021-08-28
51,سمگا,گروه سرمايه گذاري ميراث فرهنگي,7848,34027789,956467167207,29441,28900,28170,-1271,-4.32,28108,-1333,-4.53,27969,28900,1400-6-6,2021-08-28
52,سفاسي,شركت فارسيت اهواز,7754,32412517,236184497803,7323,7540,7180,-143,-1.95,7287,-36,-0.49,7104,7542,1400-6-6,2021-08-28
53,وخارزم,سرمايه گذاري خوارزمي,7650,63478089,459411208000,6980,7170,7200,220,3.15,7240,260,3.72,7020,7320,1400-6-6,2021-08-28
54,تاپيكو,س. نفت و گاز و پتروشيمي تأمين,7641,70460607,1082073713940,15320,15700,15350,30,0.2,15360,40,0.26,15200,15710,1400-6-6,2021-08-28
55,هاي وب,داده گسترعصرنوين-هاي وب,7357,54115153,574466738670,10220,10460,10570,350,3.42,10620,400,3.91,10260,10730,1400-6-6,2021-08-28
56,ثاصفا,شركت‌ ساختمان‌ اصفهان‌,7271,15648955,372612337395,24144,23828,24238,94,0.39,23811,-333,-1.38,23225,25000,1400-6-6,2021-08-28
57,بپيوند,برق و انرژي پيوندگستر پارس,7202,10290468,139591424739,13040,13289,13692,652,5,13565,525,4.03,12885,13692,1400-6-6,2021-08-28
58,غگل,گلوكوزان‌,7103,88181994,370048892422,4058,4130,4185,127,3.13,4196,138,3.4,4109,4260,1400-6-6,2021-08-28
59,غدام,خوراك‌  دام‌ پارس‌,7079,2607627,792267284070,289710,302000,304190,14480,5,303830,14120,4.87,296080,304190,1400-6-6,2021-08-28
60,سكارون,سيمان كارون,7024,5806372,600735262874,106214,100910,102800,-3414,-3.21,103461,-2753,-2.59,100910,109661,1400-6-6,2021-08-28
61,بگيلان,توسعه مسير برق گيلان,6968,2414950,54535972012,22243,22600,22630,387,1.74,22583,340,1.53,21660,22900,1400-6-6,2021-08-28
62,زماهان,مجتمع توليد گوشت مرغ ماهان,6401,23520744,385104084027,15892,16500,15900,8,0.05,16373,481,3.03,15680,16686,1400-6-6,2021-08-28
63,حكشتي,كشتيراني جمهوري اسلامي ايران,6228,33737719,680899840340,19340,19450,20300,960,4.96,20180,840,4.34,19440,20300,1400-6-6,2021-08-28
64,ملت,بيمه ملت,6142,253967740,350773404911,1348,1370,1415,67,4.97,1381,33,2.45,1334,1415,1400-6-6,2021-08-28
65,اپال,فرآوري معدني اپال كاني پارس,6137,6631266,162100403260,24720,24900,24360,-360,-1.46,24440,-280,-1.13,24000,25070,1400-6-6,2021-08-28
66,وپارس,بانك‌پارسيان‌,6061,208391796,680807759357,3150,3171,3307,157,4.98,3267,117,3.71,3171,3307,1400-6-6,2021-08-28
67,وپويا,سرمايه گذاري پويا,6014,18862735,114467483041,5868,5976,6160,292,4.98,6068,200,3.41,5748,6161,1400-6-6,2021-08-28
68,چدن,توليدي چدن سازان,5983,86737508,433412973172,4781,4960,4952,171,3.58,4997,216,4.52,4880,5020,1400-6-6,2021-08-28
69,فارس,صنايع پتروشيمي خليج فارس,5928,39491168,536083613050,13460,13360,13600,140,1.04,13570,110,0.82,13200,13820,1400-6-6,2021-08-28
70,فاذر,صنايع‌ آذرآب‌,5851,290840818,429987330873,1422,1448,1479,57,4.01,1478,56,3.94,1430,1493,1400-6-6,2021-08-28
71,فخوز,فولاد  خوزستان,5799,33945889,634283291400,18250,18300,19000,750,4.11,18690,440,2.41,18300,19090,1400-6-6,2021-08-28
72,كوير,توليدي فولاد سپيد فراب كوير,5764,47517405,743347207010,15450,15580,16200,750,4.85,15640,190,1.23,15220,16200,1400-6-6,2021-08-28
73,رافزا,رايان هم افزا,5722,590773,51418982384,82893,87037,87037,4144,5,87037,4144,5,87030,87037,1400-6-6,2021-08-28
74,ثشاهد,سرمايه‌ گذاري‌ شاهد,5690,17459891,313708886180,17880,17880,17980,100,0.56,17970,90,0.5,17180,18490,1400-6-6,2021-08-28
75,ثاخت,بين‌المللي‌توسعه‌ساختمان,5661,103296136,294621343111,2802,2793,2829,27,0.96,2852,50,1.78,2721,2933,1400-6-6,2021-08-28
76,كاوه,فولاد كاوه جنوب كيش,5615,19924975,445572644390,21890,22200,22690,800,3.65,22360,470,2.15,21510,22930,1400-6-6,2021-08-28
77,وغدير,سرمايه‌گذاري‌غدير(هلدينگ‌,5571,33200779,557293248410,16550,16510,16850,300,1.81,16790,240,1.45,16510,17000,1400-6-6,2021-08-28
78,شفارس,صنايع‌ شيميايي‌ فارس‌,5508,110951469,242739675858,2175,2230,2200,25,1.15,2188,13,0.6,2100,2253,1400-6-6,2021-08-28
79,اخابر,مخابرات ايران,5332,48006607,551061657970,11420,11830,11400,-20,-0.18,11480,60,0.53,11280,11830,1400-6-6,2021-08-28
80,پتاير,ايران‌ تاير,5315,88654355,281963012922,3165,3200,3169,4,0.13,3180,15,0.47,3140,3250,1400-6-6,2021-08-28
81,سرو,صندوق س سروسودمند مدبران-سهام,5162,6188135,555590741000,89410,90110,89780,370,0.41,89780,370,0.41,89110,90600,1400-6-6,2021-08-28
82,وسكرشا,س.سهام عدالت استان كرمانشاه,5143,213278683,167592749269,765,770,794,29,3.79,786,21,2.75,770,798,1400-6-6,2021-08-28
83,هرمز,فولاد هرمزگان جنوب,5097,22091875,411982234568,18533,18770,18982,449,2.42,18649,116,0.63,18160,19080,1400-6-6,2021-08-28
84,پاكشو,گروه صنعتي پاكشو,4996,45826740,288330683450,6170,6410,6270,100,1.62,6290,120,1.94,6200,6410,1400-6-6,2021-08-28
85,فروي,ذوب روي اصفهان,4978,6378226,234384445027,35881,36000,37665,1784,4.97,36748,867,2.42,35500,37673,1400-6-6,2021-08-28
86,وكبهمن,مديريت سرمايه گذاري كوثربهمن,4972,7688503,111825571313,13861,14554,14553,692,4.99,14545,684,4.93,13168,14554,1400-6-6,2021-08-28
87,امين يكم,صندوق درآمد ثابت امين يكم فردا,4966,157014405,1572408104446,10004,10017,10016,12,0.12,10014,10,0.1,10009,10017,1400-6-6,2021-08-28
88,صبا,سرمايه گذاري صبا تامين,4915,21064510,217594097598,10134,10134,10362,228,2.25,10330,196,1.93,10080,10480,1400-6-6,2021-08-28
89,غنوش,نوش‌ مازندران‌,4905,7981284,333006628510,40530,42480,42130,1600,3.95,41720,1190,2.94,41000,42480,1400-6-6,2021-08-28
90,فاراك,ماشين‌ سازي‌ اراك‌,4856,124735486,283748079203,2233,2248,2260,27,1.21,2275,42,1.88,2233,2320,1400-6-6,2021-08-28
91,شبريز,پالايش نفت تبريز,4814,16953303,746586975570,42020,44120,44050,2030,4.83,44040,2020,4.81,42910,44120,1400-6-6,2021-08-28
92,تسه0005,امتيازتسهيلات مسكن مرداد 1400,4780,106453,63746360920,602115,601001,595025,-7090,-1.18,598822,-3293,-0.55,585001,612000,1400-6-6,2021-08-28
93,ثاباد,توريستي ورفاهي آبادگران ايران,4659,10236700,497244912520,48040,45640,50440,2400,5,48570,530,1.1,45640,50440,1400-6-6,2021-08-28
94,پيزد,مجتمع صنايع لاستيك يزد,4656,1418394,107861149359,75896,76010,75710,-186,-0.25,76045,149,0.2,74944,78000,1400-6-6,2021-08-28
95,وپاسار,بانك  پاسارگاد,4606,91205295,1367655687860,14980,14930,15090,110,0.73,15000,20,0.13,14930,15090,1400-6-6,2021-08-28
96,فاراكح,ح . ماشين‌ سازي‌ اراك‌,4567,119111331,121229565538,1011,989,1005,-6,-0.59,1018,7,0.69,989,1039,1400-6-6,2021-08-28
97,تليسه,دامداري تليسه نمونه,4559,53685967,223523291637,4061,4190,4118,57,1.4,4164,103,2.54,4066,4264,1400-6-6,2021-08-28
98,شغدير,پتروشيمي غدير,4426,4161540,407578259300,97740,96490,97970,230,0.24,97940,200,0.2,96490,98990,1400-6-6,2021-08-28
99,لپيام,گسترش صنايع پيام,4416,10316612,480350197929,48695,46261,46261,-2434,-5,46561,-2134,-4.38,46261,47770,1400-6-6,2021-08-28
100,پارسان,گسترش نفت و گاز پارسيان,4334,40855841,1370409044540,32190,32750,33790,1600,4.97,33540,1350,4.19,32410,33790,1400-6-6,2021-08-28
101,چكاپا,گروه صنايع كاغذ پارس,4202,71930415,339933888169,4535,4640,4761,226,4.98,4726,191,4.21,4550,4761,1400-6-6,2021-08-28
102,ولراز,ليزينگ رازي,4156,6861588,211159832905,31242,32050,30305,-937,-3,30774,-468,-1.5,30305,32050,1400-6-6,2021-08-28
103,خگستر,گسترش‌سرمايه‌گذاري‌ايران‌خودرو,4098,126691955,402338313420,3032,3135,3183,151,4.98,3176,144,4.75,3101,3183,1400-6-6,2021-08-28
104,كترام,توليدي‌ كاشي‌ تكسرام‌,4053,10533187,354819614760,32520,33900,34140,1620,4.98,33690,1170,3.6,32850,34140,1400-6-6,2021-08-28
105,كيان,صندوق س. با درآمد ثابت كيان,4042,44416749,1342879372197,30196,30230,30244,48,0.16,30234,38,0.13,30220,30250,1400-6-6,2021-08-28
106,وبانك,سرمايه گذاري گروه توسعه ملي,4017,88601473,933285533030,10130,10050,10630,500,4.94,10530,400,3.95,10020,10630,1400-6-6,2021-08-28
107,شاراك,پتروشيمي شازند,3892,11409771,526900826980,44330,45010,46120,1790,4.04,46180,1850,4.17,44510,46540,1400-6-6,2021-08-28
108,وكار,بانك‌ كارآفرين‌,3865,574219452,1898557606439,3150,3170,3307,157,4.98,3306,156,4.95,3170,3307,1400-6-6,2021-08-28
109,ونيكي,سرمايه‌گذاري‌ ملي‌ايران‌,3769,16624938,212817412740,12770,12680,12640,-130,-1.02,12800,30,0.23,12500,13090,1400-6-6,2021-08-28
110,تملت,تامين سرمايه بانك ملت,3739,47141350,282615513540,5750,5900,6030,280,4.87,6000,250,4.35,5760,6030,1400-6-6,2021-08-28
111,ومعادن,توسعه‌معادن‌وفلزات‌,3728,31928558,406143333890,12660,12450,12740,80,0.63,12720,60,0.47,12450,12860,1400-6-6,2021-08-28
112,غديس,پاكديس,3680,17228864,288234921953,16886,16700,16880,-6,-0.04,16730,-156,-0.92,16042,17240,1400-6-6,2021-08-28
113,آگاس,صندوق س.هستي بخش آگاه-س,3655,3603289,329218395927,90731,91020,91847,1116,1.23,91366,635,0.7,91020,91847,1400-6-6,2021-08-28
114,شيران,س. صنايع‌شيميايي‌ايران,3627,16734203,508049860620,28960,30000,30400,1440,4.97,30360,1400,4.83,29500,30400,1400-6-6,2021-08-28
115,حفاري,حفاري شمال,3627,28323222,225026465450,7730,7790,7840,110,1.42,7940,210,2.72,7410,8100,1400-6-6,2021-08-28
116,وسينا,بانك سينا,3609,191784663,661784923415,3297,3420,3461,164,4.97,3451,154,4.67,3371,3461,1400-6-6,2021-08-28
117,غفارس,شير پاستوريزه پگاه فارس,3551,11936215,176574318723,14388,14770,14700,312,2.17,14793,405,2.81,14500,15000,1400-6-6,2021-08-28
118,بكاب,صنايع‌جوشكاب‌يزد,3534,1805789,294111697170,158220,166130,158220,0,0,162870,4650,2.94,153000,166130,1400-6-6,2021-08-28
119,حپترو,حمل و نقل پتروشيمي( سهامي عام,3505,4439245,163612632260,37410,38500,36500,-910,-2.43,36860,-550,-1.47,35540,38500,1400-6-6,2021-08-28
120,سفارس,سيمان فارس و خوزستان,3453,19944958,510421859620,24520,24450,25730,1210,4.93,25590,1070,4.36,24450,25740,1400-6-6,2021-08-28
121,ثفارس,عمران‌وتوسعه‌فارس‌,3424,31343401,330973036610,10230,10470,10740,510,4.99,10560,330,3.23,10320,10740,1400-6-6,2021-08-28
122,مدير,ص.س.مديريت ثروت ص.بازنشستگي-س,3405,20197856,248440421544,11897,12400,12359,462,3.88,12300,403,3.39,12195,12410,1400-6-6,2021-08-28
123,كلر,كلر پارس,3398,1758752,223789278373,124999,123200,128700,3701,2.96,127243,2244,1.8,122500,130800,1400-6-6,2021-08-28
124,حشكوه,دليجان طلايي شكوه پارس,3323,10438945,32256340050,3000,3090,3090,90,3,3090,90,3,3090,3090,1400-6-6,2021-08-28
125,غويتا,ويتانا,3320,15848624,153383903334,9393,9770,9862,469,4.99,9678,285,3.03,9464,9862,1400-6-6,2021-08-28
126,چفيبر,فيبر ايران‌,3261,14611224,133391320410,9370,9350,9050,-320,-3.42,9130,-240,-2.56,8950,9360,1400-6-6,2021-08-28
127,ونوين,بانك‌اقتصادنوين‌,3248,58904869,314915101610,5230,5350,5390,160,3.06,5350,120,2.29,5240,5450,1400-6-6,2021-08-28
128,بجهرم,توسعه مولد نيروگاهي جهرم,3234,41086811,119081898970,2855,2855,2916,61,2.14,2898,43,1.51,2822,2945,1400-6-6,2021-08-28
129,وصنا,گروه‌صنايع‌بهشهرايران‌,3212,39275264,319302964670,8270,8250,8100,-170,-2.06,8130,-140,-1.69,7920,8420,1400-6-6,2021-08-28
130,فزرين,زرين معدن آسيا,3149,11981178,232103477221,18857,19395,19105,248,1.32,19372,515,2.73,19000,19790,1400-6-6,2021-08-28
131,وايران,ليزينگ ايرانيان,3137,19082232,138394188030,7110,7200,7310,200,2.81,7250,140,1.97,7020,7440,1400-6-6,2021-08-28
132,اعتماد,صندوق س.اعتماد آفرين پارسيان-د,3126,71107890,2728740814760,38338,38374,38377,39,0.1,38375,37,0.1,38374,38379,1400-6-6,2021-08-28
133,شلرد,كود شيميايي اوره لردگان,3123,19457237,193429474989,9969,10100,9782,-187,-1.88,9941,-28,-0.28,9781,10110,1400-6-6,2021-08-28
134,دماوند,توليد نيروي برق دماوند,3100,7670357,219895667606,28500,28501,28730,230,0.81,28668,168,0.59,27750,29358,1400-6-6,2021-08-28
135,شپديس,پتروشيمي پرديس,3086,2652644,430867832590,163640,168000,162400,-1240,-0.76,162430,-1210,-0.74,160080,168000,1400-6-6,2021-08-28
136,كهمدا,شيشه‌ همدان‌,3055,13970945,168844183040,12030,12240,12250,220,1.83,12090,60,0.5,11620,12400,1400-6-6,2021-08-28
137,كچاد,معدني‌وصنعتي‌چادرملو,3026,7070774,218029203510,29980,31140,30790,810,2.7,30840,860,2.87,30600,31140,1400-6-6,2021-08-28
138,ثنوسا,نوسازي‌وساختمان‌تهران‌,3025,21386083,211953458820,9550,9550,10020,470,4.92,9910,360,3.77,9540,10020,1400-6-6,2021-08-28
139,غچين,كشت‌ و صنعت‌ چين‌ چين,3016,7845663,165409587010,21000,20960,21150,150,0.71,21080,80,0.38,20690,21700,1400-6-6,2021-08-28
140,ولغدر,ليزينگ‌خودروغدير,3014,9960560,163591722570,16280,16500,16400,120,0.74,16420,140,0.86,16000,16940,1400-6-6,2021-08-28
141,ارفع,شركت آهن و فولاد ارفع,2989,17406418,319226162549,17793,17750,18682,889,5,18340,547,3.07,17750,18682,1400-6-6,2021-08-28
142,تاصيكو,سرمايه گذاري صدرتامين,2966,31184732,373446775480,11530,11500,12100,570,4.94,11980,450,3.9,11490,12100,1400-6-6,2021-08-28
143,غپينو,پارس‌ مينو,2964,23801505,142364146750,5780,5800,6060,280,4.84,5980,200,3.46,5800,6060,1400-6-6,2021-08-28
144,آپ,آسان پرداخت پرشين,2924,13480002,202540868780,15140,14760,14800,-340,-2.25,15030,-110,-0.73,14760,15370,1400-6-6,2021-08-28
145,فروس,فروسيليس‌ ايران‌,2919,24063094,164709551550,6290,6710,6820,530,8.43,6840,550,8.74,6710,7040,1400-6-6,2021-08-28
146,شفن,پتروشيمي فناوران,2891,624280,242437081900,393480,400000,388320,-5160,-1.31,388350,-5130,-1.3,386740,400000,1400-6-6,2021-08-28
147,خودكفا,اقتصادي و خودكفايي آزادگان,2875,12213264,184551963938,14916,14920,15110,194,1.3,15111,195,1.31,14920,15200,1400-6-6,2021-08-28
148,رمپنا,گروه مپنا (سهامي عام),2852,13444887,264802653420,19760,19800,19680,-80,-0.4,19700,-60,-0.3,19500,20150,1400-6-6,2021-08-28
149,فوكا,فولاد كاويان,2819,17799947,314103851485,17590,17990,17890,300,1.71,17646,56,0.32,17063,18000,1400-6-6,2021-08-28
150,ولساپا,ليزينگ رايان‌ سايپا,2807,76223798,263182047707,3299,3390,3460,161,4.88,3453,154,4.67,3321,3463,1400-6-6,2021-08-28
151,آريان,سرمايه گذاري پارس آريان,2770,37134844,645129726989,17427,17700,17370,-57,-0.33,17373,-54,-0.31,17115,17700,1400-6-6,2021-08-28
152,واميد,گروه مديريت سرمايه گذاري اميد,2760,42084463,598465298080,13560,14200,14230,670,4.94,14220,660,4.87,13780,14230,1400-6-6,2021-08-28
153,پارس,پتروشيمي پارس,2740,2036054,444731815980,219750,220000,218190,-1560,-0.71,218430,-1320,-0.6,215900,220000,1400-6-6,2021-08-28
154,آسيا,بيمه آسيا,2726,81210255,190368095835,2269,2278,2382,113,4.98,2344,75,3.31,2222,2382,1400-6-6,2021-08-28
155,سصفها,سيمان‌اصفهان‌,2719,2084330,138120182510,63550,65240,66720,3170,4.99,66270,2720,4.28,64500,66720,1400-6-6,2021-08-28
156,ونيرو,سرمايه‌گذاري‌نيرو,2716,47957463,155791910586,3208,3152,3273,65,2.03,3249,41,1.28,3152,3330,1400-6-6,2021-08-28
157,قرنح,ح . پديده شيمي قرن,2699,5261980,161111291400,29040,30000,29990,950,3.27,30620,1580,5.44,29000,31350,1400-6-6,2021-08-28
158,كبافق,معادن‌ بافق‌,2668,3276182,150142504980,44830,46000,47000,2170,4.84,45830,1000,2.23,45000,47000,1400-6-6,2021-08-28
159,بكهنوج,توليد برق ماهتاب كهنوج,2636,62885896,118737803111,1874,1873,1899,25,1.33,1888,14,0.75,1801,1930,1400-6-6,2021-08-28
160,قنيشا,قند  نيشابور,2636,3884042,219583383110,54040,55180,56740,2700,5,56530,2490,4.61,55180,56740,1400-6-6,2021-08-28
161,گكوثر,هتل پارسيان كوثر اصفهان,2635,49783446,131936327105,2561,2580,2590,29,1.13,2650,89,3.48,2580,2689,1400-6-6,2021-08-28
162,فنوال,نورد آلومينيوم‌,2614,4809411,149617427380,31280,32500,31000,-280,-0.9,31110,-170,-0.54,30300,32500,1400-6-6,2021-08-28
163,البرز,بيمه البرز,2606,97677629,287536584014,2808,2890,2948,140,4.99,2944,136,4.84,2870,2948,1400-6-6,2021-08-28
164,سامان,بانك سامان,2604,29957534,309232616441,10115,10418,10200,85,0.84,10322,207,2.05,10140,10418,1400-6-6,2021-08-28
165,فاسمين,كالسيمين‌,2517,16580836,306655652410,18250,18720,18700,450,2.47,18490,240,1.32,18290,18800,1400-6-6,2021-08-28
166,فنورد,نوردوقطعات‌ فولادي‌,2495,1440306,318360874250,228460,231500,219800,-8660,-3.79,221040,-7420,-3.25,217040,231500,1400-6-6,2021-08-28
167,حآسا,آسيا سير ارس,2471,4488339,109290895845,23680,23900,24560,880,3.72,24350,670,2.83,23900,24690,1400-6-6,2021-08-28
168,طلا,صندوق س.پشتوانه طلاي لوتوس,2467,3132308,278055193340,87638,88500,88799,1161,1.32,88770,1132,1.29,88375,89200,1400-6-6,2021-08-28
169,كيسون,شركت كيسون,2460,19961281,184482644861,9067,9248,9186,119,1.31,9242,175,1.93,9145,9248,1400-6-6,2021-08-28
170,وبوعلي,سرمايه‌گذاري‌بوعلي‌,2451,21816253,110191232130,5053,5070,5140,87,1.72,5050,-3,-0.06,4900,5200,1400-6-6,2021-08-28
171,ثباغ,شهر سازي و خانه سازي باغميشه,2449,25528254,380798430584,14423,15144,14280,-143,-0.99,14917,494,3.43,14021,15144,1400-6-6,2021-08-28
172,سرچشمه,سرمايه گذاري مس سرچشمه,2386,15168738,118801658676,7550,7660,7927,377,4.99,7832,282,3.74,7471,7927,1400-6-6,2021-08-28
173,تبرك,گروه كارخانجات صنعتي تبرك,2379,6169750,95676683663,15196,15400,15478,282,1.86,15507,311,2.05,14820,15800,1400-6-6,2021-08-28
174,افق,فروشگاههاي زنجيره اي افق كوروش,2377,2793878,192224421680,67570,69000,67400,-170,-0.25,68800,1230,1.82,66000,70590,1400-6-6,2021-08-28
175,شلعاب,لعابيران‌,2375,12903324,122893312680,9300,9360,9550,250,2.69,9520,220,2.37,9300,9670,1400-6-6,2021-08-28
176,خپارس,پارس‌ خودرو,2367,214123671,293524199388,1306,1371,1371,65,4.98,1371,65,4.98,1350,1371,1400-6-6,2021-08-28
177,فپنتا,سپنتا,2360,515830,304411055590,595020,620000,582880,-12140,-2.04,590140,-4880,-0.82,569000,620000,1400-6-6,2021-08-28
178,حتايد,تايدواترخاورميانه,2358,6593722,180144899420,27050,27100,27700,650,2.4,27320,270,1,26750,27770,1400-6-6,2021-08-28
179,والبر,سرمايه‌ گذاري‌ البرز(هلدينگ‌,2317,19501042,216664596360,10630,10800,11160,530,4.99,11110,480,4.52,10700,11160,1400-6-6,2021-08-28
180,كگل,معدني و صنعتي گل گهر,2311,8603320,217072101280,25020,25570,25250,230,0.92,25230,210,0.84,25010,25570,1400-6-6,2021-08-28
181,ساوه,سيمان ساوه,2302,1331819,89988579434,67299,66000,67691,392,0.58,67568,269,0.4,65800,69120,1400-6-6,2021-08-28
182,وگستر,گسترش سرمايه گذاري ايرانيان,2298,8834627,118191789740,13046,13300,13300,254,1.95,13378,332,2.54,13101,13690,1400-6-6,2021-08-28
183,توريل,توكاريل,2290,13691013,229670388684,16300,17115,16531,231,1.42,16775,475,2.91,16500,17115,1400-6-6,2021-08-28
184,وتوكا,سرمايه‌گذاري‌توكافولاد(هلدينگ,2284,16447436,197368444640,11730,11700,12240,510,4.35,12000,270,2.3,11630,12300,1400-6-6,2021-08-28
185,ديران,ايران‌دارو,2280,8986541,208889340110,22780,22780,23750,970,4.26,23240,460,2.02,22500,23870,1400-6-6,2021-08-28
186,پدرخش,درخشان‌ تهران‌,2256,4546204,121633028940,25940,27230,26920,980,3.78,26750,810,3.12,25600,27230,1400-6-6,2021-08-28
187,وآوا,سرمايه گذاري آوا نوين,2240,14047415,84499459485,5820,6108,6081,261,4.48,6015,195,3.35,5911,6108,1400-6-6,2021-08-28
188,كگهر,سنگ آهن گهرزمين,2218,3630618,186992355842,50511,49030,51710,1199,2.37,51504,993,1.97,48972,52960,1400-6-6,2021-08-28
189,شپلي,پلي اكريل ايران,2207,14484619,184377192132,12505,12550,12610,105,0.84,12729,224,1.79,12505,12880,1400-6-6,2021-08-28
190,خزر,فنرسازي‌زر,2207,11629347,232389798160,19050,19590,20000,950,4.99,19980,930,4.88,19590,20000,1400-6-6,2021-08-28
191,سپاها,سيمان‌سپاهان‌,2207,32661103,360983301420,10580,10700,11100,520,4.91,11050,470,4.44,10500,11100,1400-6-6,2021-08-28
192,كلوند,كاشي‌ الوند,2202,9709970,256369206360,25410,26680,25770,360,1.42,26400,990,3.9,25570,26680,1400-6-6,2021-08-28
193,كروي,توسعه‌ معادن‌ روي‌ ايران‌,2196,8096676,236151593250,28470,29680,29890,1420,4.99,29170,700,2.46,28340,29890,1400-6-6,2021-08-28
194,آوا,صندوق س.سهام آواي معيار-س,2195,11745377,104790284756,8448,8709,9082,634,7.5,8922,474,5.61,8695,9180,1400-6-6,2021-08-28
195,چافست,افست‌,2195,6712813,113413700160,16790,17590,16820,30,0.18,16900,110,0.66,16070,17590,1400-6-6,2021-08-28
196,نمرينو,ايران‌ مرينوس‌,2184,983233,116804204440,117670,113100,120950,3280,2.79,118800,1130,0.96,113100,122860,1400-6-6,2021-08-28
197,فرآور,فرآوري‌موادمعدني‌ايران‌,2181,4067829,143809447390,35610,35590,34920,-690,-1.94,35350,-260,-0.73,34550,36250,1400-6-6,2021-08-28
198,قلرست,قند لرستان‌,2179,3778068,113926114540,29600,29890,29650,50,0.17,30150,550,1.86,29200,30900,1400-6-6,2021-08-28
199,سبزوا,سيمان لار سبزوار,2118,23497185,94500173661,3908,4089,4074,166,4.25,4022,114,2.92,3930,4089,1400-6-6,2021-08-28
200,وهور,مديريت انرژي اميد  تابان هور,2089,102682359,187391390840,1749,1770,1836,87,4.97,1825,76,4.35,1770,1836,1400-6-6,2021-08-28
201,غسالم,سالمين‌,2075,22887814,94394402958,3940,4010,4137,197,5,4124,184,4.67,3969,4137,1400-6-6,2021-08-28
202,ثزاگرس,سرمايه گذاري توسعه عمران زاگرس,2072,1474194,77633677043,53127,55190,53620,493,0.93,52662,-465,-0.88,51000,55190,1400-6-6,2021-08-28
203,دانا,بيمه دانا,2065,43585406,271695978020,5960,5990,6250,290,4.87,6230,270,4.53,5960,6250,1400-6-6,2021-08-28
204,فلات,گروه صنايع معادن فلات ايرانيان,2063,6607608,92616775497,14077,14400,14018,-59,-0.42,14017,-60,-0.43,13682,14400,1400-6-6,2021-08-28
205,ونفت,سرمايه‌گذاري‌ صنعت‌ نفت‌,2063,8201564,156608194000,19060,18700,19080,20,0.1,19090,30,0.16,18700,19490,1400-6-6,2021-08-28
206,ثرود,سرمايه‌گذاري مسكن زاينده رود,2060,5862775,89893360503,15129,15869,15180,51,0.34,15333,204,1.35,15019,15869,1400-6-6,2021-08-28
207,شپارس,بين‌ المللي‌ محصولات‌  پارس‌,2058,7832226,125518083270,15840,16230,15950,110,0.69,16030,190,1.2,15850,16380,1400-6-6,2021-08-28
208,قشكر,شكرشاهرود,2043,25823252,97646080059,3749,3750,3733,-16,-0.43,3781,32,0.85,3668,3846,1400-6-6,2021-08-28
209,وصنعت,سرمايه گذاري توسعه صنعت وتجارت,2042,23845585,167690342320,6760,7040,7090,330,4.88,7030,270,3.99,6760,7090,1400-6-6,2021-08-28
210,بپاس,بيمه پاسارگاد,2034,7089688,450977524726,61490,62098,64564,3074,5,63610,2120,3.45,61400,64564,1400-6-6,2021-08-28
211,سشرق,سيمان‌ شرق‌,2024,14792403,147205730780,9950,9960,10000,50,0.5,9950,0,0,9770,10190,1400-6-6,2021-08-28
212,فاهواز,نورد و لوله اهواز,2013,11742433,86715994942,7426,7499,7420,-6,-0.08,7385,-41,-0.55,7352,7499,1400-6-6,2021-08-28
213,افرا,افرانت,1983,5031495,146285049848,27805,27012,29195,1390,5,29074,1269,4.56,27012,29195,1400-6-6,2021-08-28
214,بشهاب,لامپ‌  پارس‌ شهاب‌,1983,1198706,165845154240,134470,140100,140250,5780,4.3,138350,3880,2.89,130210,141190,1400-6-6,2021-08-28
215,ختور,رادياتور ايران‌,1980,8853028,195803621850,21110,21940,22160,1050,4.97,22120,1010,4.78,21700,22160,1400-6-6,2021-08-28
216,بترانس,ايران‌ ترانسفو,1971,57334494,171843313423,2868,2930,3011,143,4.99,2997,129,4.5,2900,3011,1400-6-6,2021-08-28
217,فسرب,ملي‌ سرب‌وروي‌ ايران‌,1939,1591983,137112774380,85380,85370,85900,520,0.61,86130,750,0.88,84520,88000,1400-6-6,2021-08-28
218,زشريف,كشت وصنعت شريف آباد,1930,19568235,116053619588,5660,5840,5943,283,5,5931,271,4.79,5730,5943,1400-6-6,2021-08-28
219,تايرا,تراكتورسازي‌ايران‌,1923,4129642,118408045980,28880,29000,29100,220,0.76,28670,-210,-0.73,27700,29620,1400-6-6,2021-08-28
220,تاپكيش,تجارت الكترونيك پارسيان كيش,1911,9766426,135727927618,13333,13680,13999,666,5,13897,564,4.23,13550,13999,1400-6-6,2021-08-28
221,كنورح,ح توسعه معدني و صنعتي صبانور,1910,11590095,211826178150,18090,17960,18580,490,2.71,18280,190,1.05,17960,18600,1400-6-6,2021-08-28
222,غگلپا,شير پاستوريزه پگاه گلپايگان,1908,1552449,116489937304,75263,73610,75200,-63,-0.08,75036,-227,-0.3,73610,77000,1400-6-6,2021-08-28
223,قشهد,شهد,1894,6979037,129871970240,17880,18730,18450,570,3.19,18610,730,4.08,18000,18770,1400-6-6,2021-08-28
224,وپست,پست بانك ايران,1889,6413523,140304969780,21360,21750,21640,280,1.31,21880,520,2.43,21360,22300,1400-6-6,2021-08-28
225,فايرا,آلومينيوم‌ايران‌,1886,7585721,137756029960,17990,18000,18250,260,1.45,18160,170,0.94,17980,18420,1400-6-6,2021-08-28
226,سفار,سيمان‌فارس‌,1884,712213,68903646920,96330,94030,96700,370,0.38,96750,420,0.44,94030,98200,1400-6-6,2021-08-28
227,مرقام,ايران‌ارقام‌,1879,7449052,138884629550,17850,18480,18740,890,4.99,18640,790,4.43,18110,18740,1400-6-6,2021-08-28
228,غگلستا,شير پاستوريزه پگاه گلستان,1870,5226953,101895593562,19097,19097,19400,303,1.59,19494,397,2.08,19020,19840,1400-6-6,2021-08-28
229,پكوير,كوير تاير,1862,6804532,113623223750,16950,16520,16840,-110,-0.65,16700,-250,-1.47,16380,17050,1400-6-6,2021-08-28
230,ومعلم,بيمه معلم,1852,18049530,81246209283,4424,4580,4550,126,2.85,4501,77,1.74,4356,4580,1400-6-6,2021-08-28
231,نطرين,عطرين نخ قم,1809,11310115,101798948845,8599,8750,9028,429,4.99,9001,402,4.67,8715,9028,1400-6-6,2021-08-28
232,نوين,بيمه نوين,1804,24132151,146665559898,5828,5865,6119,291,4.99,6078,250,4.29,5835,6119,1400-6-6,2021-08-28
233,فولاژ,فولاد آلياژي ايران,1800,4800740,91157081940,19140,19100,18980,-160,-0.84,18990,-150,-0.78,18660,19480,1400-6-6,2021-08-28
234,لازما,كارخانه هاي صنعتي آزمايش,1794,3560301,83988465572,23418,24100,23710,292,1.25,23590,172,0.73,23000,24120,1400-6-6,2021-08-28
235,فباهنر,مس‌ شهيدباهنر,1782,3927260,127543100870,31100,31200,32650,1550,4.98,32480,1380,4.44,31200,32650,1400-6-6,2021-08-28
236,تكشا,گسترش‌صنايع‌وخدمات‌كشاورزي‌,1774,4182783,149332020180,34320,35590,35500,1180,3.44,35700,1380,4.02,34360,36030,1400-6-6,2021-08-28
237,كيميا,معدني كيمياي زنجان گستران,1754,6177546,101934021855,16471,16730,16500,29,0.18,16501,30,0.18,16100,16850,1400-6-6,2021-08-28
238,وپترو,سرمايه‌گذاري صنايع پتروشيمي‌,1752,7925647,129107016230,16220,16600,16490,270,1.66,16290,70,0.43,16050,16700,1400-6-6,2021-08-28
239,زدشت,كشت و صنعت دشت خرم دره,1736,3412597,83358303833,24285,24320,24382,97,0.4,24427,142,0.58,24050,25000,1400-6-6,2021-08-28
240,ودي,بيمه  دي,1733,11344051,99631598984,8718,8750,8721,3,0.03,8783,65,0.75,8550,8928,1400-6-6,2021-08-28
241,تنوين,تامين سرمايه نوين,1725,48640375,365279070660,7200,7240,7560,360,5,7510,310,4.31,7150,7560,1400-6-6,2021-08-28
242,زكوثر,سرمايه گذاري كشاورزي كوثر,1711,3970601,86090062050,20810,21110,21850,1040,5,21680,870,4.18,21030,21850,1400-6-6,2021-08-28
243,دلر,داروسازي‌ اكسير,1695,12573614,587126609730,44500,46720,46720,2220,4.99,46700,2200,4.94,45500,46720,1400-6-6,2021-08-28
244,داوه,داروسازي آوه سينا,1692,5514460,105736265945,18590,19385,19519,929,5,19174,584,3.14,18392,19519,1400-6-6,2021-08-28
245,سپيدما,صندوق س. سپيد دماوند-د,1691,81985060,896956425428,10923,10927,10941,18,0.16,10940,17,0.16,10927,10942,1400-6-6,2021-08-28
246,ارزش,صندوق س ارزش آفرين بيدار-سهام,1685,8042894,100559518080,12080,12290,12680,600,4.97,12500,420,3.48,12210,12690,1400-6-6,2021-08-28
247,زاگرس,پتروشيمي زاگرس,1669,659361,177372226501,264445,270000,270250,5805,2.2,269006,4561,1.72,265600,270790,1400-6-6,2021-08-28
248,شكربن,كربن‌ ايران‌,1655,2907993,356249470050,116930,122770,122770,5840,4.99,122510,5580,4.77,120150,122770,1400-6-6,2021-08-28
249,وبيمه,سرمايه‌ گذاري‌ صنعت‌ بيمه‌,1653,32086779,69605574678,2131,2115,2170,39,1.83,2169,38,1.78,2087,2204,1400-6-6,2021-08-28
250,ضخود7075,اختيارخ خودرو-2000-1400/07/07,1648,70245,34075741000,410,430,521,111,27.07,485,75,18.29,424,522,1400-6-6,2021-08-28
251,سدبير,س. تدبيرگران فارس وخوزستان,1642,2580253,123879333020,46275,45734,46700,425,0.92,48011,1736,3.75,45734,48588,1400-6-6,2021-08-28
252,قرن,پديده شيمي قرن,1642,3516593,130693335020,35400,37170,37140,1740,4.92,37160,1760,4.97,36330,37170,1400-6-6,2021-08-28
253,ميدكو,توسعه معادن وص.معدني خاورميانه,1630,9646741,396021178860,40940,41000,42020,1080,2.64,41050,110,0.27,40000,42040,1400-6-6,2021-08-28
254,وساپا,سرمايه‌گذاري‌ سايپا,1623,38066088,251617070820,6310,6380,6620,310,4.91,6610,300,4.75,6380,6620,1400-6-6,2021-08-28
255,سيلام,سيمان‌ ايلام‌,1621,7584244,69634061130,8880,9140,9310,430,4.84,9180,300,3.38,8920,9310,1400-6-6,2021-08-28
256,اطلس,صندوق س.توسعه اندوخته آينده-س,1615,583929,164318355200,279726,282999,281660,1934,0.69,281401,1675,0.6,279005,283000,1400-6-6,2021-08-28
257,ثغرب,شركت سرمايه گذاري مسكن شمالغرب,1601,13440955,89038287674,6366,6400,6684,318,5,6624,258,4.05,6400,6684,1400-6-6,2021-08-28
258,وساخت,سرمايه‌ گذاري‌ ساختمان‌ايران‌,1601,2411216,137468130330,54590,56440,57310,2720,4.98,57010,2420,4.43,55500,57310,1400-6-6,2021-08-28
259,لخزر,پارس‌ خزر,1592,1150274,205810067990,172290,180900,176450,4160,2.41,178920,6630,3.85,163680,180900,1400-6-6,2021-08-28
260,پاسا,ايران‌ياساتايرورابر,1575,4976912,122942987170,25040,24530,24470,-570,-2.28,24700,-340,-1.36,23790,25400,1400-6-6,2021-08-28
261,خرينگ,رينگ‌سازي‌مشهد,1573,2165039,86691491600,38220,40130,40130,1910,5,40040,1820,4.76,38830,40130,1400-6-6,2021-08-28
262,كپارس,كاشي‌ پارس‌,1569,1179577,152413822590,123530,129610,129700,6170,4.99,129210,5680,4.6,125010,129700,1400-6-6,2021-08-28
263,شبهرن,نفت‌ بهران‌,1560,7381603,105755744240,14230,14450,14370,140,0.98,14330,100,0.7,14100,14450,1400-6-6,2021-08-28
264,فسازان,غلتك سازان سپاهان,1540,4034454,143633819670,35650,37290,35400,-250,-0.7,35600,-50,-0.14,35010,37290,1400-6-6,2021-08-28
265,شجم,صنايع پتروشيمي تخت جمشيد,1537,10152705,148211994310,14689,14300,14870,181,1.23,14598,-91,-0.62,14270,15040,1400-6-6,2021-08-28
266,كوثر,بيمه كوثر,1533,6674052,101076086793,14642,14700,15061,419,2.86,15145,503,3.44,14350,15374,1400-6-6,2021-08-28
267,كصدف,كاشي صدف سرام استقلال آباده,1516,4010529,82607371086,20500,20800,20530,30,0.15,20598,98,0.48,19885,21115,1400-6-6,2021-08-28
268,جم پيلن,پلي پروپيلن جم - جم پيلن,1502,2581099,296616221670,115730,115730,115200,-530,-0.46,114920,-810,-0.7,114300,116100,1400-6-6,2021-08-28
269,ومهان,گروه توسعه مالي مهر آيندگان,1497,5395489,95124575375,17172,17420,17828,656,3.82,17630,458,2.67,17206,17949,1400-6-6,2021-08-28
270,خكرمان,گروه اقتصادي كرمان خودرو,1489,19478627,83939014058,4196,4310,4241,45,1.07,4309,113,2.69,4230,4321,1400-6-6,2021-08-28
271,كسعدي,كاشي‌ سعدي‌,1487,4553631,62449568400,13400,13960,13550,150,1.12,13710,310,2.31,13300,13960,1400-6-6,2021-08-28
272,فجام,جام‌دارو,1486,10234103,79751857340,7450,7550,7820,370,4.97,7790,340,4.56,7550,7820,1400-6-6,2021-08-28
273,ميهن,بيمه ميهن,1478,27855726,110209934070,3786,3800,3975,189,4.99,3956,170,4.49,3800,3975,1400-6-6,2021-08-28
274,سخزر,سيمان‌ خزر,1451,3311613,98633982250,29990,30190,29880,-110,-0.37,29780,-210,-0.7,29320,31190,1400-6-6,2021-08-28
275,ضخود7076,اختيارخ خودرو-2500-1400/07/07,1450,70221,11120351000,137,140,168,31,22.63,158,21,15.33,140,168,1400-6-6,2021-08-28
276,ساروم,سيمان‌اروميه‌,1438,2920791,130333343070,43440,43370,45610,2170,5,44620,1180,2.72,43370,45610,1400-6-6,2021-08-28
277,وسكاب,س.ص.بازنشستگي كاركنان بانكها,1430,19072811,64893469795,3338,3430,3430,92,2.76,3402,64,1.92,3302,3460,1400-6-6,2021-08-28
278,ولشرق,ليزينگ ايران و شرق,1422,12585875,86998396644,6662,6912,6952,290,4.35,6912,250,3.75,6630,6995,1400-6-6,2021-08-28
279,اعتلا,شركت سرمايه گذاري اعتلاء البرز,1408,13008858,108608154136,7960,8338,8358,398,5,8349,389,4.89,8200,8358,1400-6-6,2021-08-28
280,خاذين,سايپاآذين‌,1405,16089808,64425650156,3882,3982,4017,135,3.48,4004,122,3.14,3889,4070,1400-6-6,2021-08-28
281,شخارك,پتروشيمي‌ خارك‌,1405,1838634,99845165560,52670,54180,54170,1500,2.85,54250,1580,3,52970,54890,1400-6-6,2021-08-28
282,بهپاك,صنعتي بهپاك,1397,9156627,71305500919,7744,7780,7640,-104,-1.34,7787,43,0.56,7570,7900,1400-6-6,2021-08-28
283,لكما,كارخانجات‌مخابراتي‌ايران‌,1396,34752873,53078323484,1456,1528,1528,72,4.95,1527,71,4.88,1470,1528,1400-6-6,2021-08-28
284,شراز,پالايش نفت شيراز,1394,5000225,649605540119,124457,126000,130679,6222,5,129915,5458,4.39,125135,130679,1400-6-6,2021-08-28
285,سصوفي,سيمان‌ صوفيان‌,1389,4069971,96355692690,22740,22950,23870,1130,4.97,23670,930,4.09,22950,23870,1400-6-6,2021-08-28
286,خريخت,صنايع‌ريخته‌گري‌ايران‌,1388,22599457,81959892887,3526,3665,3600,74,2.1,3627,101,2.86,3526,3702,1400-6-6,2021-08-28
287,خكار,ايركا پارت صنعت,1385,5980191,108240228800,17280,17950,18140,860,4.98,18100,820,4.75,17700,18140,1400-6-6,2021-08-28
288,ضخود7077,اختيارخ خودرو-3000-1400/07/07,1384,74392,2485929000,31,34,34,3,9.68,33,2,6.45,30,36,1400-6-6,2021-08-28
289,ثمسكن,سرمايه‌گذاري‌ مسكن‌,1384,16212936,96129627850,5671,5940,5950,279,4.92,5930,259,4.57,5800,5950,1400-6-6,2021-08-28
290,زبينا,كشاورزي و دامپروري بينالود,1374,20474745,69825002747,3354,3400,3451,97,2.89,3410,56,1.67,3333,3468,1400-6-6,2021-08-28
291,كاذر,فرآورده‌هاي‌نسوزآذر,1371,5568526,104928459960,18580,18610,18610,30,0.16,18840,260,1.4,18300,19300,1400-6-6,2021-08-28
292,دامين,داروسازي‌ امين‌,1356,18193225,77809705770,4086,4230,4290,204,4.99,4277,191,4.67,4160,4290,1400-6-6,2021-08-28
293,سمايه,بانك سرمايه,1351,8334497,39542424262,4747,4889,4700,-47,-0.99,4744,-3,-0.06,4670,4889,1400-6-6,2021-08-28
294,غاذر,كشت‌وصنعت‌پياذر,1349,2043983,57237719690,27750,28970,28200,450,1.62,28000,250,0.9,26370,28970,1400-6-6,2021-08-28
295,زشگزا,شير و گوشت زاگرس شهركرد,1341,8555340,60966136838,7043,7110,7150,107,1.52,7126,83,1.18,7051,7290,1400-6-6,2021-08-28
296,پكرمان,گروه‌ صنعتي‌ بارز,1335,2917408,88061324320,29750,30660,30170,420,1.41,30180,430,1.45,29680,30660,1400-6-6,2021-08-28
297,بنو,بيمه تجارت نو,1332,11117695,162114913701,14563,14849,14700,137,0.94,14582,19,0.13,14020,14849,1400-6-6,2021-08-28
298,شتوكا,توكا رنگ فولاد سپاهان,1330,1593011,59328866229,36427,36384,36940,513,1.41,37243,816,2.24,36384,38000,1400-6-6,2021-08-28
299,ياقوت,صندوق س ياقوت آگاه-ثابت,1329,42493111,551419682116,12960,12977,12981,21,0.16,12977,17,0.13,12967,12987,1400-6-6,2021-08-28
300,رنيك,جنرال مكانيك,1324,3869651,74603153532,19064,19000,19110,46,0.24,19279,215,1.13,18999,19900,1400-6-6,2021-08-28
301,زمگسا,كشاورزي‌ ودامپروي‌ مگسال‌,1319,3430945,112882780920,31630,32900,33210,1580,5,32900,1270,4.02,31500,33210,1400-6-6,2021-08-28
302,حسير,ريل سير كوثر,1314,5715080,189456465392,31576,33000,33154,1578,5,33150,1574,4.98,33000,33154,1400-6-6,2021-08-28
303,دعبيد,لابراتوارداروسازي‌  دكترعبيدي‌,1303,3165002,87678370140,26530,26520,27850,1320,4.98,27700,1170,4.41,26520,27850,1400-6-6,2021-08-28
304,قچار,فراوردههاي غذايي وقند چهارمحال,1302,4120686,72360762816,17697,17890,17800,103,0.58,17560,-137,-0.77,17000,17890,1400-6-6,2021-08-28
305,خفولا,خدمات فني فولاد يزد,1297,3536847,100666492202,27690,28520,28520,830,3,28462,772,2.79,28100,28520,1400-6-6,2021-08-28
306,تسه0004,امتيازتسهيلات مسكن تير1400,1292,20125,12047902147,606390,610000,598939,-7451,-1.23,598653,-7737,-1.28,580001,619990,1400-6-6,2021-08-28
307,شپاكسا,پاكسان‌,1288,3361570,81208831760,24150,23830,24070,-80,-0.33,24160,10,0.04,23830,24700,1400-6-6,2021-08-28
308,سدور,سيمان‌ دورود,1268,10624038,111031029060,10010,10170,10510,500,5,10450,440,4.4,9930,10510,1400-6-6,2021-08-28
309,فخاس,فولاد خراسان,1267,4310846,126481910130,28940,28160,30380,1440,4.98,29340,400,1.38,27720,30380,1400-6-6,2021-08-28
310,غمارگ,مارگارين‌,1263,4069264,136169624170,33190,34000,32800,-390,-1.18,33460,270,0.81,32710,34200,1400-6-6,2021-08-28
311,كمنگنز,معادن‌منگنزايران‌,1257,1180387,107936820150,88050,92450,89940,1890,2.15,91440,3390,3.85,89030,92450,1400-6-6,2021-08-28
312,دتوليد,داروسازي توليد دارو,1255,8788063,137527126384,15078,15490,15831,753,4.99,15649,571,3.79,15270,15831,1400-6-6,2021-08-28
313,مبين,مبين انرژي خليج فارس,1251,4613575,103628892240,23140,22680,22470,-670,-2.9,22540,-600,-2.59,22300,22760,1400-6-6,2021-08-28
314,دفارا,داروسازي‌ فارابي‌,1251,7726691,166701260380,20590,21160,21610,1020,4.95,21570,980,4.76,20810,21610,1400-6-6,2021-08-28
315,سخوز,سيمان خوزستان,1246,3444129,98308525430,28080,27550,29350,1270,4.52,28540,460,1.64,27550,29380,1400-6-6,2021-08-28
316,ساربيل,سيمان آرتا اردبيل,1234,1225777,49945062630,39930,39000,40900,970,2.43,40750,820,2.05,39000,41650,1400-6-6,2021-08-28
317,رتاپ,تجارت الكترونيك  پارسيان,1218,6354125,44391709080,6790,6790,7080,290,4.27,6990,200,2.95,6640,7120,1400-6-6,2021-08-28
318,نتوس,پشم‌ بافي‌ توس,1208,4637716,72302775188,14928,15674,15674,746,5,15590,662,4.43,15060,15674,1400-6-6,2021-08-28
319,شوينده,مديريت صنعت شوينده ت.ص.بهشهر,1204,2317978,65427067070,28580,28600,28350,-230,-0.8,28230,-350,-1.22,27590,29150,1400-6-6,2021-08-28
320,دلقما,دارويي‌ لقمان‌,1203,1781595,69228632390,38200,38110,38540,340,0.89,38860,660,1.73,38070,39590,1400-6-6,2021-08-28
321,دابور,داروسازي‌ ابوريحان‌,1203,2633066,72757355230,27390,27390,28080,690,2.52,27630,240,0.88,27050,28300,1400-6-6,2021-08-28
322,ولانا,شركت ليزينگ آريا دانا,1201,2422482,63180441671,25381,25500,26142,761,3,26081,700,2.76,25500,26142,1400-6-6,2021-08-28
323,فسپا,گروه‌صنعتي‌سپاهان‌,1199,2948694,144789276190,46800,47500,49140,2340,5,49100,2300,4.91,47100,49140,1400-6-6,2021-08-28
324,دزهراوي,داروسازي‌زهراوي‌,1198,7626244,57243284680,7230,7270,7590,360,4.98,7510,280,3.87,7250,7590,1400-6-6,2021-08-28
325,پارند,صندوق س. پارند پايدار سپهر,1196,37273097,377369627946,10111,10124,10124,13,0.13,10124,13,0.13,10124,10129,1400-6-6,2021-08-28
326,سكرد,سيمان كردستان,1196,8568922,65830336090,7390,7400,7750,360,4.87,7680,290,3.92,7310,7750,1400-6-6,2021-08-28
327,غبشهر,صنعتي‌ بهشهر,1194,4910041,146461893310,29110,28240,29520,410,1.41,29830,720,2.47,28240,30560,1400-6-6,2021-08-28
328,كشرق,صنعتي و معدني شمال شرق شاهرود,1190,896268,63447105500,70342,72130,70900,558,0.79,70790,448,0.64,66900,73507,1400-6-6,2021-08-28
329,شبصير,توليدات پتروشيمي قائد بصير,1176,2374834,264189502719,106090,109800,111394,5304,5,111245,5155,4.86,107276,111394,1400-6-6,2021-08-28
330,ركيش,كارت اعتباري ايران كيش,1175,11828314,90473554770,7370,7690,7730,360,4.88,7650,280,3.8,7430,7730,1400-6-6,2021-08-28
331,واعتبار,سرمايه گذاري اعتبار ايران,1170,8527337,77835070700,8710,9130,9130,420,4.82,9130,420,4.82,8990,9140,1400-6-6,2021-08-28
332,كاريس,صندوق س.سپهر كاريزما-س,1167,14012594,219532285101,15323,15400,15794,471,3.07,15667,344,2.24,15400,15800,1400-6-6,2021-08-28
333,تيپيكوح,ح . سرمايه گذاري دارويي تامين,1163,3028133,63152215640,19360,18950,20700,1340,6.92,20860,1500,7.75,18950,21290,1400-6-6,2021-08-28
334,ومشان,س. فني و مهندسي مشانير,1154,558891,38704290321,68126,70000,69493,1367,2.01,69252,1126,1.65,66870,70169,1400-6-6,2021-08-28
335,وسگيلا,شركت س استان گيلان,1153,64509035,45026654394,692,691,718,26,3.76,698,6,0.87,675,718,1400-6-6,2021-08-28
336,تابا,تابان نيرو سپاهان,1148,2004612,65783753121,31940,32898,32898,958,3,32816,876,2.74,30982,32898,1400-6-6,2021-08-28
337,غشوكو,شوكو پارس,1142,1471393,48169887769,33677,33677,32950,-727,-2.16,32738,-939,-2.79,32667,34000,1400-6-6,2021-08-28
338,غمهرا,توليدي‌مهرام‌,1142,1058122,74639250180,67370,69900,70300,2930,4.35,70540,3170,4.71,69000,70730,1400-6-6,2021-08-28
339,حرهشا,رهشاد سپاهان (سهامي عام,1137,821763,69139486704,84600,87138,82062,-2538,-3,84136,-464,-0.55,82062,87138,1400-6-6,2021-08-28
340,كسرا,سراميك‌هاي‌صنعتي‌اردكان‌,1134,8111910,166562892870,19720,19780,20700,980,4.97,20530,810,4.11,19680,20700,1400-6-6,2021-08-28
341,خفنر,فنرسازي‌خاور,1130,8462517,68172959290,7770,7770,8060,290,3.73,8060,290,3.73,7770,8150,1400-6-6,2021-08-28
342,اپرداز,آتيه داده پرداز,1127,3015874,70718367401,22445,22445,23567,1122,5,23449,1004,4.47,22421,23567,1400-6-6,2021-08-28
343,لابسا,آبسال‌,1123,1497914,65028208190,41500,41500,43570,2070,4.99,43410,1910,4.6,41500,43570,1400-6-6,2021-08-28
344,شدوص,دوده‌ صنعتي‌ پارس‌,1119,2750256,70872567910,25800,25750,25850,50,0.19,25770,-30,-0.12,25060,26500,1400-6-6,2021-08-28
345,ددام,داروسازي زاگرس فارمد پارس,1103,6073505,86492238040,13590,14260,14260,670,4.93,14240,650,4.78,14000,14260,1400-6-6,2021-08-28
346,مفاخر,توسعه فناوري اطلاعات خوارزمي,1095,903204,46108259678,49800,49820,52010,2210,4.44,51050,1250,2.51,49011,52288,1400-6-6,2021-08-28
347,وصندوق,سرمايه‌گذاري‌صندوق‌بازنشستگي‌,1088,10624967,209211440650,19620,19500,19640,20,0.1,19690,70,0.36,19500,19950,1400-6-6,2021-08-28
348,ساراب,سيمان‌ داراب‌,1084,3985552,79310648330,19480,19390,20150,670,3.44,19900,420,2.16,19150,20200,1400-6-6,2021-08-28
349,جهرم,پتروشيمي جهرم,1081,21456822,34529333656,1581,1628,1604,23,1.45,1609,28,1.77,1590,1628,1400-6-6,2021-08-28
350,كاردان,صندوق س تجارت شاخصي كاردان,1080,763508,178986402820,225920,230000,237000,11080,4.9,234430,8510,3.77,229110,238210,1400-6-6,2021-08-28
351,شكلر,نيروكلر,1079,1937094,86661075810,42940,41800,45080,2140,4.98,44740,1800,4.19,41800,45080,1400-6-6,2021-08-28
352,سمازن,سيمان‌مازندران‌,1070,6273743,106391847660,16670,16900,16860,190,1.14,16960,290,1.74,16710,17300,1400-6-6,2021-08-28
353,درازك,دارويي‌ رازك‌,1064,3506064,160007325480,44400,46400,45800,1400,3.15,45640,1240,2.79,44630,46620,1400-6-6,2021-08-28
354,داسوه,داروسازي‌ اسوه‌,1060,2395296,76679045370,30820,31000,32360,1540,5,32010,1190,3.86,30240,32360,1400-6-6,2021-08-28
355,گكيش,توريستي ورفاهي آبادگران كيش,1058,1885908,84112613956,44352,43022,45682,1330,3,44601,249,0.56,43022,45682,1400-6-6,2021-08-28
356,كطبس,ذغال‌سنگ‌ نگين‌ ط‌بس‌,1051,2082508,142344195850,65500,68770,68760,3260,4.98,68350,2850,4.35,66060,68770,1400-6-6,2021-08-28
357,وسبحان,سرمايه گذاري سبحان,1050,22780280,80441619643,3479,3484,3541,62,1.78,3531,52,1.49,3484,3620,1400-6-6,2021-08-28
358,غشاذر,پگاه‌آذربايجان‌غربي‌,1049,5247063,43412387890,8160,8430,8270,110,1.35,8270,110,1.35,8200,8430,1400-6-6,2021-08-28
359,شاوان,پالايش نفت لاوان,1046,4483617,502287444089,106917,107712,112262,5345,5,112027,5110,4.78,107712,112262,1400-6-6,2021-08-28
360,شرانل,نفت ايرانول,1041,3907352,203674518901,49848,50500,52340,2492,5,52126,2278,4.57,50000,52340,1400-6-6,2021-08-28
361,شپاس,نفت پاسارگاد,1035,6780962,154611496595,21864,22800,22260,396,1.81,22801,937,4.29,21910,22957,1400-6-6,2021-08-28
362,غپآذر,شير پگاه آذربايجان شرقي,1032,1826562,95184544676,51929,51000,52500,571,1.1,52111,182,0.35,50402,53200,1400-6-6,2021-08-28
363,خكمك,كمك‌فنرايندامين‌,1031,5911713,133315444940,21490,22400,22560,1070,4.98,22550,1060,4.93,21740,22560,1400-6-6,2021-08-28
364,آبين,كشت و صنعت آبشيرين,1022,11399028,30717699362,2654,2707,2700,46,1.73,2695,41,1.54,2660,2707,1400-6-6,2021-08-28
365,پارسيان,بيمه پارسيان,1021,3808322,45074292010,11300,11860,11860,560,4.96,11840,540,4.78,11350,11860,1400-6-6,2021-08-28
366,وآرين,شركت توسعه اقتصادي آرين,1020,18299472,60029518192,3194,3225,3289,95,2.97,3280,86,2.69,3185,3289,1400-6-6,2021-08-28
367,غمينو,شركت صنايع غذايي مينو شرق,1017,4943817,45841641147,8880,9050,9324,444,5,9273,393,4.43,9050,9324,1400-6-6,2021-08-28
368,سفانو,سيمان فارس نو,1016,2015241,65455472310,32260,32450,32960,700,2.17,32480,220,0.68,31060,33350,1400-6-6,2021-08-28
369,تكمبا,كمباين‌ سازي‌ ايران‌,1015,11928482,95966899230,7700,7940,8080,380,4.94,8050,350,4.55,7750,8080,1400-6-6,2021-08-28
370,خپويش,سازه‌ پويش‌,1013,1063247,58196538090,53370,55000,56030,2660,4.98,54730,1360,2.55,51700,56030,1400-6-6,2021-08-28
371,جوين,كشت و صنعت جوين,1011,9654963,37227343753,3856,3801,3850,-6,-0.16,3856,0,0,3801,3940,1400-6-6,2021-08-28
372,زفكا,كشت و دامداري فكا,1007,6229633,75172604767,11563,11600,12141,578,5,12067,504,4.36,11500,12141,1400-6-6,2021-08-28
373,كرماشا,صنايع پتروشيمي كرمانشاه,997,2102645,99950479910,47540,46690,47540,0,0,47540,0,0,46690,48090,1400-6-6,2021-08-28
374,غبهار,كشت وصنعت بهاران گلبهار خراسان,994,2177908,42751615936,19128,19200,19670,542,2.83,19630,502,2.62,19200,19701,1400-6-6,2021-08-28
375,كارين,صندوق س نگين سامان-ثابت,990,42497951,426255658924,10016,10030,10029,13,0.13,10030,14,0.14,10028,10035,1400-6-6,2021-08-28
376,كساپا,سايپاشيشه‌,975,2773027,63223373860,21810,22560,22900,1090,5,22800,990,4.54,22280,22900,1400-6-6,2021-08-28
377,خراسان,پتروشيمي خراسان,969,776068,68210339190,89080,89150,87110,-1970,-2.21,87890,-1190,-1.34,86800,89150,1400-6-6,2021-08-28
378,بالاس,مهندسي ساختمان تاسيسات راه آهن,966,1757610,69860269713,38094,39900,39998,1904,5,39747,1653,4.34,38400,39998,1400-6-6,2021-08-28
379,وخاور,بانك خاورميانه,961,21563851,152996018460,6790,7000,7120,330,4.86,7100,310,4.57,6790,7120,1400-6-6,2021-08-28
380,ولتجارح,ح.واسپا تجارت وسرمايه ايرانيان,956,19281230,42473875183,2260,2196,2193,-67,-2.96,2203,-57,-2.52,2193,2290,1400-6-6,2021-08-28
381,وملل,اعتباري ملل,950,9454439,123218314033,12414,13020,13034,620,4.99,13033,619,4.99,13000,13034,1400-6-6,2021-08-28
382,خوساز,محورسازان‌ايران‌خودرو,950,8937318,74941387570,8010,8010,8410,400,4.99,8390,380,4.74,8000,8410,1400-6-6,2021-08-28
383,وسصفا,شركت س استان اصفهان,947,31218521,26216658320,853,836,845,-8,-0.94,849,-4,-0.47,830,852,1400-6-6,2021-08-28
384,سهگمت,سيمان‌هگمتان‌,936,2057741,60129044490,28290,28700,29680,1390,4.91,29220,930,3.29,27830,29700,1400-6-6,2021-08-28
385,ولبهمن,شركت بهمن ليزينگ,933,7829275,66281903148,8151,8290,8558,407,4.99,8466,315,3.86,8200,8558,1400-6-6,2021-08-28
386,قاسم,قاسم ايران,932,5473794,55501133947,9793,9793,10282,489,4.99,10139,346,3.53,9660,10282,1400-6-6,2021-08-28
387,حسينا,توسعه خدمات دريايي وبندري سينا,932,1284342,83489572963,65495,64930,65800,305,0.47,65006,-489,-0.75,64020,66370,1400-6-6,2021-08-28
388,زنگان,صنعت روي زنگان,927,1087348,74920763754,65959,66000,69256,3297,5,68902,2943,4.46,65450,69256,1400-6-6,2021-08-28
389,ما,بيمه  ما,912,4416205,39171756950,8680,8770,8790,110,1.27,8870,190,2.19,8770,9110,1400-6-6,2021-08-28
390,كساوه,صنايع‌ كاشي‌ و سراميك‌ سينا,911,4771039,272336238800,54390,57080,57100,2710,4.98,57080,2690,4.95,56150,57100,1400-6-6,2021-08-28
391,دفاراح,ح . داروسازي‌ فارابي‌,907,2404777,39133192350,15660,15970,16470,810,5.17,16270,610,3.9,15850,16490,1400-6-6,2021-08-28
392,بفجر,فجر انرژي خليج فارس,906,1865127,56804160950,31130,30720,30000,-1130,-3.63,30650,-480,-1.54,29790,31620,1400-6-6,2021-08-28
393,حبندر,دريايي و کشتيراني خط دريابندر,901,1903347,64852498420,34551,35584,33990,-561,-1.62,34073,-478,-1.38,33560,35584,1400-6-6,2021-08-28
394,ورنا,سرمايه‌گذاري‌ رنا(هلدينگ‌,892,10577831,66823379860,6030,6280,6330,300,4.98,6320,290,4.81,6070,6330,1400-6-6,2021-08-28
395,شيراز,پتروشيمي‌شيراز,889,2521680,199774468210,78330,80910,78820,490,0.63,79220,890,1.14,78400,80910,1400-6-6,2021-08-28
396,خلنت,لنت‌ ترمزايران‌,880,774825,52696734140,65670,66790,68950,3280,4.99,68010,2340,3.56,65600,68950,1400-6-6,2021-08-28
397,اتكام,بيمه اتكايي امين,873,7770040,44538126020,5820,5800,5720,-100,-1.72,5730,-90,-1.55,5560,5940,1400-6-6,2021-08-28
398,ركيشح,ح. كارت اعتباري ايران كيش,861,14190011,70648745100,4880,4900,5070,190,3.89,4980,100,2.05,4780,5190,1400-6-6,2021-08-28
399,وبشهر,توسعه‌ صنايع‌ بهشهر(هلدينگ,858,4000943,59912213820,15040,14940,15000,-40,-0.27,14970,-70,-0.47,14570,15230,1400-6-6,2021-08-28
400,تكنو,تكنوتار,851,3042163,46339898380,15400,15950,15070,-330,-2.14,15230,-170,-1.1,14900,15950,1400-6-6,2021-08-28
401,وساشرقي,شركت س استان آذربايجان شرقي,845,34311567,25329988369,741,728,742,1,0.13,740,-1,-0.13,727,748,1400-6-6,2021-08-28
402,فرابورس,فرابورس ايران,842,2912717,88878646538,29061,30514,30514,1453,5,30514,1453,5,30514,30514,1400-6-6,2021-08-28
403,ولملت,واسپاري ملت,835,9930849,61679963950,6050,6000,6350,300,4.96,6210,160,2.64,6000,6350,1400-6-6,2021-08-28
404,كسرام,پارس‌ سرام‌,825,12323805,85762539490,6730,6840,7060,330,4.9,6960,230,3.42,6740,7060,1400-6-6,2021-08-28
405,سبهان,سيمان‌ بهبهان‌,815,728357,55185461970,72560,74260,76180,3620,4.99,75770,3210,4.42,73790,76180,1400-6-6,2021-08-28
406,عيار,صندوق سكه طلاي مفيد,808,893792,28219558042,31278,31500,31537,259,0.83,31573,295,0.94,31400,31949,1400-6-6,2021-08-28
407,پسهند,صنايع‌ لاستيكي‌  سهند,808,1504965,54160851770,34860,35000,36500,1640,4.7,35990,1130,3.24,33870,36600,1400-6-6,2021-08-28
408,واحيا,م .صنايع و معادن احياء سپاهان,807,2631954,564868894640,208562,214818,210500,1938,0.93,214620,6058,2.9,210000,214818,1400-6-6,2021-08-28
409,بخاور,بيمه زندگي خاورميانه,806,7517172,46456059498,6082,6110,6300,218,3.58,6180,98,1.61,5979,6385,1400-6-6,2021-08-28
410,پرداخت,به پرداخت ملت,806,2209298,49807424640,21620,21500,22700,1080,5,22540,920,4.26,21500,22700,1400-6-6,2021-08-28
411,وگردش,بانك گردشگري,801,2326526,31904497052,13660,13705,13650,-10,-0.07,13681,21,0.15,13555,13900,1400-6-6,2021-08-28
412,بميلا,توسعه بازرگاني آهن وفولادميلاد,800,4343034,60043227102,13766,14084,13948,182,1.32,13825,59,0.43,13505,14084,1400-6-6,2021-08-28
413,قجام,فرآوردههاي غذايي وقندتربت‌جام‌,794,5064778,32901346518,6385,6510,6512,127,1.99,6496,111,1.74,6400,6512,1400-6-6,2021-08-28
414,پرديس,سرمايه گذاري پرديس,789,7494149,48786808770,6230,6330,6540,310,4.98,6510,280,4.49,6330,6540,1400-6-6,2021-08-28
415,وتوسم,سرمايه‌گذاري‌توسعه‌ملي‌,789,4011302,37071425590,9180,9050,9250,70,0.76,9240,60,0.65,9050,9350,1400-6-6,2021-08-28
416,اوان,مبين وان كيش,788,752365,28322895333,36242,37995,37700,1458,4.02,37645,1403,3.87,36879,37995,1400-6-6,2021-08-28
417,فيروزه,صندوق شاخص30 شركت فيروزه- سهام,783,1392512,261960692110,184670,185290,188910,4240,2.3,188120,3450,1.87,185290,189390,1400-6-6,2021-08-28
418,مداران,داده‌پردازي‌ايران‌,783,1922575,44124072300,23060,23640,22800,-260,-1.13,22950,-110,-0.48,22740,23640,1400-6-6,2021-08-28
419,وملت,سرمايه گذاري ملت,783,14000903,53804671453,3857,3780,3900,43,1.11,3843,-14,-0.36,3780,3934,1400-6-6,2021-08-28
420,چكاوه,صنايع‌كاغذسازي‌كاوه‌,781,3354857,48866468790,14000,14440,14700,700,5,14570,570,4.07,14120,14700,1400-6-6,2021-08-28
421,دكوثر,داروسازي‌ كوثر,768,12833001,67693463160,5065,5120,5310,245,4.84,5270,205,4.05,5030,5310,1400-6-6,2021-08-28
422,زقيام,كشت و دام قيام اصفهان,768,2603415,60602710746,22206,23300,23316,1110,5,23278,1072,4.83,22550,23316,1400-6-6,2021-08-28
423,سهرمز,سيمان‌هرمزگان‌,767,1562119,30619932090,19720,20300,19700,-20,-0.1,19600,-120,-0.61,19300,20300,1400-6-6,2021-08-28
424,وسهمدا,شركت س استان همدان,766,42631210,28791402306,653,653,685,32,4.9,674,21,3.22,653,685,1400-6-6,2021-08-28
425,ختوقا,قطعات‌ اتومبيل‌ ايران‌,766,18020284,50681770778,2682,2814,2816,134,5,2812,130,4.85,2750,2816,1400-6-6,2021-08-28
426,حخزر,كشتيراني درياي خزر,758,2398106,58366916530,23670,24340,24853,1183,5,24339,669,2.83,22487,24853,1400-6-6,2021-08-28
427,واتي,سرمايه‌ گذاري‌ آتيه‌ دماوند,755,3234488,45461618560,13650,14290,14130,480,3.52,14060,410,3,13720,14290,1400-6-6,2021-08-28
428,غپونه,نوش پونه مشهد,753,2913226,47836333047,16455,16556,16720,265,1.61,16420,-35,-0.21,16003,16900,1400-6-6,2021-08-28
429,ولتجار,واسپاري تجارت وسرمايه ايرانيان,753,5397591,20115010576,3763,3874,3651,-112,-2.98,3727,-36,-0.96,3651,3874,1400-6-6,2021-08-28
430,بكام,كارخانجات توليدي شهيد قندي,752,18763593,57426430097,2924,3040,3070,146,4.99,3061,137,4.69,3000,3070,1400-6-6,2021-08-28
431,سيدكو,سرمايه گذاري توسعه صنايع سيمان,743,2958107,24878097770,8080,8470,8450,370,4.58,8410,330,4.08,8300,8470,1400-6-6,2021-08-28
432,ثشرق,سرمايه گذاري مسكن شمال شرق,737,6708572,41056460640,5830,6120,6120,290,4.97,6120,290,4.97,6120,6120,1400-6-6,2021-08-28
433,شفا,سرمايه گذاري شفادارو,734,3000947,143605506880,45610,47800,47890,2280,5,47850,2240,4.91,46520,47890,1400-6-6,2021-08-28
434,تسه0003,امتيازتسهيلات مسكن خرداد1400,733,11069,6644713606,607541,605555,609707,2166,0.36,600299,-7242,-1.19,578099,628000,1400-6-6,2021-08-28
435,سغرب,سيمان‌غرب‌,732,1366432,35783862940,25590,25040,26270,680,2.66,26190,600,2.34,25040,26500,1400-6-6,2021-08-28
436,سكرما,سيمان‌ كرمان‌,732,2556934,48240462220,18620,18710,18520,-100,-0.54,18870,250,1.34,18400,19550,1400-6-6,2021-08-28
437,ثامان,سامان‌ گستراصفهان‌,725,3050519,46329200600,14630,14850,15360,730,4.99,15190,560,3.83,14630,15360,1400-6-6,2021-08-28
438,بساما,بيمه سامان,724,1807187,45803542209,25690,25950,25210,-480,-1.87,25345,-345,-1.34,24950,26190,1400-6-6,2021-08-28
439,لبوتان,گروه‌صنعتي‌بوتان‌,723,956927,61998446610,62520,64000,65640,3120,4.99,64790,2270,3.63,61560,65640,1400-6-6,2021-08-28
440,سقاين,سيمان‌ قائن‌,722,428353,31538185910,72680,75780,73010,330,0.45,73630,950,1.31,71770,75780,1400-6-6,2021-08-28
441,شگل,گلتاش‌,720,3621545,34808641180,9240,9570,9690,450,4.87,9610,370,4,9250,9700,1400-6-6,2021-08-28
442,دشيمي,شيمي‌ داروئي‌ داروپخش‌,713,1354150,40416635920,28830,30230,30260,1430,4.96,29850,1020,3.54,27390,30270,1400-6-6,2021-08-28
443,آساميد,صندوق س.مشترك آسمان اميد -د,713,26319256,334776352358,12701,12718,12737,36,0.28,12720,19,0.15,12711,12738,1400-6-6,2021-08-28
444,سيمرغ,سيمرغ,711,2994165,65479267200,20930,21500,21970,1040,4.97,21870,940,4.49,21120,21970,1400-6-6,2021-08-28
445,كپرور,فرآوري زغال سنگ پروده طبس,709,1025221,39475545299,38726,39400,38402,-324,-0.84,38504,-222,-0.57,36790,39500,1400-6-6,2021-08-28
446,دارو,كارخانجات‌داروپخش‌,708,1997656,62611399290,30330,31300,31840,1510,4.98,31340,1010,3.33,29500,31840,1400-6-6,2021-08-28
447,وتوصا,گروه س توسعه صنعتي ايران,706,6771873,74943256710,10550,11070,11070,520,4.93,11070,520,4.93,10870,11070,1400-6-6,2021-08-28
448,حريل,ريل پردازسير,700,13502523,65304020669,4608,4838,4838,230,4.99,4836,228,4.95,4750,4838,1400-6-6,2021-08-28
449,وسين,بيمه سينا,700,19614005,74510877119,3702,3813,3813,111,3,3799,97,2.62,3704,3813,1400-6-6,2021-08-28
450,تپولا,مهندسي مرآت پولاد,698,4046572,99124272338,23969,24030,24688,719,3,24496,527,2.2,24030,24688,1400-6-6,2021-08-28
451,افران,صندوق س افرا نماد پايدار-ثابت,690,12847673,181391548151,14091,14118,14119,28,0.2,14119,28,0.2,14118,14122,1400-6-6,2021-08-28
452,وتوشه,سرمايه‌ گذاري‌ پارس‌ توشه‌,684,6903082,55444451430,7760,7540,8140,380,4.9,8030,270,3.48,7540,8140,1400-6-6,2021-08-28
453,شكبير,پتروشيمي اميركبير,683,674302,69195357426,104081,103960,103000,-1081,-1.04,103054,-1027,-0.99,101509,103960,1400-6-6,2021-08-28
454,واحصا,احياء صنايع خراسان,680,870730,38312111802,43122,43360,44415,1293,3,44000,878,2.04,42792,44415,1400-6-6,2021-08-28
455,والبرح,ح . سرمايه گذاري‌البرز(هلدينگ‌,669,1874432,17235400252,8731,8921,9210,479,5.49,9195,464,5.31,8921,9490,1400-6-6,2021-08-28
456,فكمند,گسترش قطعه سازي كمند,665,1101984,35763466122,32764,33700,31782,-982,-3,32454,-310,-0.95,31782,33700,1400-6-6,2021-08-28
457,گوهران,سرمايه گذاري توسعه گوهران اميد,662,5099627,30540143950,5821,5900,6100,279,4.79,5989,168,2.89,5670,6112,1400-6-6,2021-08-28
458,كفرا,فراورده‌ هاي‌ نسوزايران‌,662,1418891,40690078120,28140,29520,29290,1150,4.09,28680,540,1.92,27800,29520,1400-6-6,2021-08-28
459,بسويچ,پارس‌سويچ‌,658,2388604,66691072810,26610,27940,27940,1330,5,27920,1310,4.92,27510,27940,1400-6-6,2021-08-28
460,شفارا,پتروشيمي فارابي,655,5999226,36303727994,5997,6140,5925,-72,-1.2,6051,54,0.9,5900,6176,1400-6-6,2021-08-28
461,آكورد,صندوق س. آرمان آتي كوثر-د,654,14850669,502049686846,33746,33806,33812,66,0.2,33807,61,0.18,33806,33812,1400-6-6,2021-08-28
462,دابورح,ح . داروسازي‌ ابوريحان‌,651,1304592,31963238040,23830,24230,24870,1040,4.36,24500,670,2.81,23200,25260,1400-6-6,2021-08-28
463,فجر,فولاد اميركبيركاشان,645,2424560,81368233600,31970,33560,33560,1590,4.97,33560,1590,4.97,33560,33560,1400-6-6,2021-08-28
464,دتماد,توليدمواداوليه‌داروپخش‌,640,1251835,67279454750,51920,52540,54140,2220,4.28,53740,1820,3.51,52030,54490,1400-6-6,2021-08-28
465,غالبر,لبنيات‌ كالبر,640,2826646,37714565560,12740,13200,13370,630,4.95,13340,600,4.71,12930,13370,1400-6-6,2021-08-28
466,سكه0012پ01,تمام سكه طرح جديد0012رفاه,634,294600,366618270300,1227367,1250000,1240800,13433,1.09,1244461,17094,1.39,1238001,1252000,1400-6-6,2021-08-28
467,لوتوس,تامين سرمايه لوتوس پارسيان,632,2326120,22128181690,9290,9400,9660,370,3.98,9430,140,1.51,9120,9720,1400-6-6,2021-08-28
468,دپارس,پارس‌ دارو,632,1308422,53628643750,39340,40200,41270,1930,4.91,40990,1650,4.19,39600,41300,1400-6-6,2021-08-28
469,ريشمك,توليد و صادرات ريشمك,631,1566452,72460113782,44352,45399,46569,2217,5,46257,1905,4.3,44775,46569,1400-6-6,2021-08-28
470,ميدكوح,ح.توسعه م وص.معدني خاورميانه,628,683361,26064815800,38530,38150,38800,270,0.7,38140,-390,-1.01,37250,38900,1400-6-6,2021-08-28
471,گشان,توسعه بين المللي پديده شانديز,625,2910957,67813654272,22840,23296,23296,456,2,23296,456,2,23296,23296,1400-6-6,2021-08-28
472,حپارسا,توسعه حمل و نقل ريلي پارسيان,620,1190822,46735736178,38940,40000,39130,190,0.49,39247,307,0.79,38262,40108,1400-6-6,2021-08-28
473,سخاش,سيمان‌خاش‌,619,419512,52461261090,119650,120010,125630,5980,5,125050,5400,4.51,120010,125630,1400-6-6,2021-08-28
474,زپارس,ملي كشت و صنعت و دامپروري پارس,619,390508,49865331090,129080,134000,124510,-4570,-3.54,127690,-1390,-1.08,123020,134400,1400-6-6,2021-08-28
475,بزاگرس,نيروگاه زاگرس كوثر,615,6881209,39259148228,5486,5691,5760,274,4.99,5705,219,3.99,5436,5760,1400-6-6,2021-08-28
476,وثنو,سرمايه گذاري ساختماني نوين,614,6970311,34287377954,4856,4932,5001,145,2.99,4919,63,1.3,4781,5001,1400-6-6,2021-08-28
477,زگلدشت,كشت و دام گلدشت نمونه اصفهان,613,2503768,31541549863,12095,12460,12699,604,4.99,12598,503,4.16,12160,12699,1400-6-6,2021-08-28
478,وسپه,سرمايه‌گذاري‌ سپه‌,611,16666042,161430367800,9270,9320,9730,460,4.96,9690,420,4.53,9250,9730,1400-6-6,2021-08-28
479,پلاسك,پلاسكوكار,610,7117767,56437616210,7560,7930,7930,370,4.89,7930,370,4.89,7700,7930,1400-6-6,2021-08-28
480,آساس,صندوق س.آسمان آرماني سهام-س,608,591502,118786221401,196755,199499,202400,5645,2.87,200821,4066,2.07,196900,202500,1400-6-6,2021-08-28
481,تسه0002,امتيازتسهيلاتمسكن ارديبهشت1400,607,11417,6875112370,609577,603500,609000,-577,-0.09,602182,-7395,-1.21,580000,620000,1400-6-6,2021-08-28
482,شاملا,معدني‌ املاح‌  ايران‌,607,1536666,68505768000,42560,43030,44680,2120,4.98,44580,2020,4.75,42900,44680,1400-6-6,2021-08-28
483,وجامي,سرمايه گذاري جامي,605,3418211,44279210545,12357,12974,12974,617,4.99,12954,597,4.83,12400,12974,1400-6-6,2021-08-28
484,سپ,پرداخت الكترونيك سامان كيش,602,1115201,33211347180,29770,29320,29770,0,0,29780,10,0.03,29070,30480,1400-6-6,2021-08-28
485,گنگين,اقتصادي نگين گردشگري ايرانيان,596,4345789,113980167200,25874,26590,25560,-314,-1.21,26228,354,1.37,25502,26650,1400-6-6,2021-08-28
486,خنصير,مهندسي‌نصيرماشين‌,595,2688254,36114270960,12840,13420,13480,640,4.98,13430,590,4.6,13150,13480,1400-6-6,2021-08-28
487,غشهداب,كشت و صنعت شهداب ناب خراسان,593,9333982,37913216693,3877,4000,4070,193,4.98,4062,185,4.77,3966,4070,1400-6-6,2021-08-28
488,سلار,شركت سيمان لارستان,567,1310025,51421520249,38207,39353,38240,33,0.09,39252,1045,2.74,38010,39353,1400-6-6,2021-08-28
489,خديزل,بهمن  ديزل,560,661016,35843829304,52873,53990,55145,2272,4.3,54225,1352,2.56,51701,55150,1400-6-6,2021-08-28
490,وپخشح,ح . داروپخش‌ (هلدينگ‌,556,1062808,35961650770,31320,33000,34450,3130,9.99,33840,2520,8.05,32400,34450,1400-6-6,2021-08-28
491,تكنار,مجتمع معادن مس تكنار,554,195751,19290302858,98324,101269,98250,-74,-0.08,98545,221,0.22,97500,101269,1400-6-6,2021-08-28
492,تصميم,صندوق س با درآمد ثابت تصميم,551,2453430,42271747359,17225,17234,17228,3,0.02,17230,5,0.03,17221,17250,1400-6-6,2021-08-28
493,رتكو,كنترل‌خوردگي‌تكين‌كو,550,2078978,26233636980,12450,12830,12650,200,1.61,12620,170,1.37,12400,12830,1400-6-6,2021-08-28
494,تشتاد,صنايع توليدي اشتاد ايران‌,545,3795314,28592201328,7328,7500,7547,219,2.99,7534,206,2.81,7355,7547,1400-6-6,2021-08-28
495,آ س پ,آ.س.پ,544,2823035,28103152059,9613,9740,10093,480,4.99,9955,342,3.56,9613,10093,1400-6-6,2021-08-28
496,پارتا,مجتمع‌صنعتي‌آرتاويل‌تاير,540,1008173,29772802928,29905,29900,29151,-754,-2.52,29531,-374,-1.25,29120,30532,1400-6-6,2021-08-28
497,تسه0001,امتيازتسهيلات مسكن فروردين1400,539,11999,7271624867,608542,611000,610000,1458,0.24,606019,-2523,-0.41,578115,620000,1400-6-6,2021-08-28
498,وثخوز,سرمايه گذاري و توسعه خوزستان,537,277201,16444117722,56498,59322,59322,2824,5,59322,2824,5,59322,59322,1400-6-6,2021-08-28
499,غشصفا,شيرپاستوريزه‌پگاه‌اصفهان‌,533,1736271,54890009730,30310,30600,31820,1510,4.98,31610,1300,4.29,30000,31820,1400-6-6,2021-08-28
500,سپاس,صندوق س. پاداش سهامداري-ثابت,532,21370771,216276269972,10104,10120,10123,19,0.19,10120,16,0.16,10120,10124,1400-6-6,2021-08-28
501,دروز,داروسازي‌ روزدارو,528,1023370,33920937410,33120,33510,33430,310,0.94,33150,30,0.09,32400,33990,1400-6-6,2021-08-28
502,وارس,سرمايه گذاري ارس صبا,523,3136855,44180804779,13680,14010,14090,410,3,14084,404,2.95,14000,14090,1400-6-6,2021-08-28
503,فبيرا,بسته‌ بندي‌ ايران‌,516,11998222,27642788739,2197,2306,2306,109,4.96,2304,107,4.87,2262,2306,1400-6-6,2021-08-28
504,گوهر,صندوق سكه طلاي كيان,513,260232,16202207786,61574,61652,62200,626,1.02,62261,687,1.12,61651,62580,1400-6-6,2021-08-28
505,درهآور,دارويي ره آورد تامين,513,3024496,91639734850,28880,29450,30324,1444,5,30299,1419,4.91,29449,30324,1400-6-6,2021-08-28
506,لسرما,سرما آفرين‌,510,1217525,30848605690,24300,25080,25510,1210,4.98,25340,1040,4.28,24550,25510,1400-6-6,2021-08-28
507,بالبر,كابل‌ البرز,507,788149,34371177890,41540,43610,43610,2070,4.98,43610,2070,4.98,43610,43610,1400-6-6,2021-08-28
508,وبهمن,سرمايه‌گذاري‌بهمن‌,506,1026386,17843831910,17150,17110,17700,550,3.21,17370,220,1.28,16900,17760,1400-6-6,2021-08-28
509,فاما,صنعتي‌ آما,504,2014073,39043747320,18490,19190,19410,920,4.98,19390,900,4.87,19000,19410,1400-6-6,2021-08-28
510,تسه9908,امتياز تسهيلات مسكن آبان99,500,12484,7429194684,602131,596000,595980,-6151,-1.02,595097,-7034,-1.17,575000,628000,1400-6-6,2021-08-28
511,سرود,سيمان‌شاهرود,491,1434457,40260157780,27270,27530,28610,1340,4.91,28070,800,2.93,27000,28630,1400-6-6,2021-08-28
512,گوهرانح,ح . س. توسعه گوهران اميد,476,5654934,24929153486,4240,4203,4452,212,5,4408,168,3.96,4202,4452,1400-6-6,2021-08-28
513,كقزوي,شيشه‌ قزوين‌,469,3720551,33309936753,8713,8970,8974,261,3,8953,240,2.75,8718,8974,1400-6-6,2021-08-28
514,غشان,شيرپاستوريزه‌پگاه‌خراسان‌,469,5998664,39055345280,6230,6400,6540,310,4.98,6510,280,4.49,6300,6540,1400-6-6,2021-08-28
515,آسام,صندوق س.آرمان سپهر آشنا-م,458,380520,49440637280,127030,128739,130000,2970,2.34,129929,2899,2.28,128000,132899,1400-6-6,2021-08-28
516,خمهر,مهركام‌پارس‌,458,12052699,29673578072,2350,2440,2467,117,4.98,2462,112,4.77,2439,2467,1400-6-6,2021-08-28
517,وهنر,گروه توسعه هنر ايران,456,2123711,14967915128,7418,7048,7048,-370,-4.99,7048,-370,-4.99,7048,7048,1400-6-6,2021-08-28
518,قپيرا,فرآورده‌هاي‌غدايي‌وقندپيرانشهر,446,1630089,13893529520,8370,8380,8370,0,0,8510,140,1.67,8020,8750,1400-6-6,2021-08-28
519,دالبر,البرزدارو,439,2641932,39634869180,14390,14390,15100,710,4.93,15000,610,4.24,14080,15100,1400-6-6,2021-08-28
520,پلوله,گازلوله‌,438,753560,21060427647,27272,27886,27860,588,2.16,27948,676,2.48,27006,28090,1400-6-6,2021-08-28
521,سشمال,سيمان‌ شمال‌,437,2320367,25880845700,10910,11220,11260,350,3.21,11150,240,2.2,10730,11350,1400-6-6,2021-08-28
522,دفرا,فرآورده‌هاي‌ تزريقي‌ ايران‌,434,736019,23664771650,32010,32100,32550,540,1.69,32150,140,0.44,31010,32750,1400-6-6,2021-08-28
523,تسه9912,امتياز تسهيلات مسكن اسفند99,434,10104,6120239000,609413,610000,578943,-30470,-5,605724,-3689,-0.61,578943,620000,1400-6-6,2021-08-28
524,ماديرا,صنايع ماديران,434,6050663,59659537180,9391,9860,9860,469,4.99,9860,469,4.99,9860,9860,1400-6-6,2021-08-28
525,كاسپين,داروسازي كاسپين تامين,432,1340185,31561951224,22458,23020,23580,1122,5,23550,1092,4.86,23020,23580,1400-6-6,2021-08-28
526,كمرجان,بازرگاني و توليدي مرجان كار,432,239606,31340944012,137686,130802,130802,-6884,-5,130802,-6884,-5,130802,130802,1400-6-6,2021-08-28
527,ثجوان,تامين مسكن جوانان,428,2604269,23693612123,8985,9200,9169,184,2.05,9098,113,1.26,8900,9200,1400-6-6,2021-08-28
528,وزمين,بانك ايران زمين,424,2858844,37483331179,12910,12984,13169,259,2.01,13111,201,1.56,12910,13426,1400-6-6,2021-08-28
529,وآفري,بيمه كارآفرين,422,24978124,75625899105,2941,3028,3029,88,2.99,3028,87,2.96,2941,3029,1400-6-6,2021-08-28
530,تيپيكو,سرمايه گذاري دارويي تامين,422,3534660,81300843140,21930,23020,23020,1090,4.97,22790,860,3.92,22220,23020,1400-6-6,2021-08-28
531,سدشت,صنايع سيمان دشتستان,415,238216,13248551580,55490,54310,56200,710,1.28,55550,60,0.11,52950,57370,1400-6-6,2021-08-28
532,تسه9911,امتياز تسهيلات مسكن بهمن99,415,6046,3611814895,603927,597200,580000,-23927,-3.96,597389,-6538,-1.08,578000,619948,1400-6-6,2021-08-28
533,زرين,صندوق س. سهام زرين كوروش-س,412,2225670,31638249138,13994,14150,14215,221,1.58,14215,221,1.58,14100,14310,1400-6-6,2021-08-28
534,وحكمت,بيمه حكمت صبا,410,3657193,15515429592,4132,4200,4255,123,2.98,4242,110,2.66,4170,4255,1400-6-6,2021-08-28
535,خزاميا,زامياد,401,4752302,38398600160,7700,8080,8080,380,4.94,8080,380,4.94,8080,8080,1400-6-6,2021-08-28
536,وپخش,داروپخش‌ (هلدينگ‌,400,1422713,52905429740,35450,37180,37220,1770,4.99,37190,1740,4.91,36430,37220,1400-6-6,2021-08-28
537,غشهد,شهد ايران ‌,396,2359678,13133243250,5305,5540,5570,265,5,5520,215,4.05,5500,5570,1400-6-6,2021-08-28
538,حتوكا,حمل‌ونقل‌توكا,393,1881925,41327073000,20920,21960,21960,1040,4.97,21960,1040,4.97,21960,21960,1400-6-6,2021-08-28
539,مارون,پتروشيمي مارون,382,212902,41607829412,191734,192000,195264,3530,1.84,193243,1509,0.79,190119,199350,1400-6-6,2021-08-28
540,اميد,تامين سرمايه اميد,379,3863317,24928989400,6180,6350,6480,300,4.85,6450,270,4.37,6310,6480,1400-6-6,2021-08-28
541,فراز,صندوق س.سهام فراز داريك-س,373,2552509,35421497068,13793,13800,13913,120,0.87,13877,84,0.61,13795,14010,1400-6-6,2021-08-28
542,خاور,ايران خودرو ديزل,373,4615987,36927896000,7767,8000,8000,233,3,8000,233,3,8000,8000,1400-6-6,2021-08-28
543,سنير,سيمان‌ سفيد ني‌ريز,368,295047,42867378630,138380,145290,145290,6910,4.99,145290,6910,4.99,145290,145290,1400-6-6,2021-08-28
544,وسرمد,بيمه  سرمد,367,3895125,19581428877,4886,5025,5032,146,2.99,5027,141,2.89,4999,5032,1400-6-6,2021-08-28
545,دسبحا,گروه دارويي سبحان,365,2636195,48010762400,17380,18000,18240,860,4.95,18210,830,4.78,17580,18240,1400-6-6,2021-08-28
546,وثوق,سرمايه گذاري وثوق امين,365,1896740,33881143348,17343,17860,17863,520,3,17863,520,3,17821,17863,1400-6-6,2021-08-28
547,دقاضي,داروسازي شهيد قاضي,359,455088,16727785950,35705,36776,36776,1071,3,36757,1052,2.95,36440,36776,1400-6-6,2021-08-28
548,لخانه,لوازم‌ خانگي‌ پارس‌,359,749692,17484552199,22667,22823,23347,680,3,23322,655,2.89,22823,23347,1400-6-6,2021-08-28
549,هجرت,پخش هجرت,349,4754039,158637527391,31780,33369,33369,1589,5,33369,1589,5,33369,33369,1400-6-6,2021-08-28
550,معيار ,سرمايه گذاري معيار صنعت پارس,345,240938,12066692562,48884,50350,49950,1066,2.18,50082,1198,2.45,48511,50350,1400-6-6,2021-08-28
551,وآذر,سرمايه‌گذاري‌توسعه‌آذربايجان‌,343,593520,48342204000,77580,81450,81450,3870,4.99,81450,3870,4.99,81450,81450,1400-6-6,2021-08-28
552,زر,صندوق س.پشتوانه سكه طلاي زر,342,232202,12713419128,54316,54620,54820,504,0.93,54752,436,0.8,54105,55100,1400-6-6,2021-08-28
553,همراه,شركت ارتباطات سيار ايران,337,14522026,157999642880,10370,10880,10880,510,4.92,10880,510,4.92,10880,10880,1400-6-6,2021-08-28
554,كخاك,صنايع‌خاك‌چيني‌ايران‌,331,648886,25907713540,38850,39730,40210,1360,3.5,39930,1080,2.78,38220,40600,1400-6-6,2021-08-28
555,وبازار,صندوق س شاخصي بازارآشنا,329,1332644,18393767990,13700,13720,13880,180,1.31,13800,100,0.73,13670,13900,1400-6-6,2021-08-28
556,فافزا,فولاد افزا سپاهان,328,269008,12695019165,46627,48025,46850,223,0.48,47192,565,1.21,46700,48025,1400-6-6,2021-08-28
557,زكشت,كشاورزي مكانيزه اصفهان كشت,320,815623,23956555037,28088,29491,29492,1404,5,29372,1284,4.57,28373,29492,1400-6-6,2021-08-28
558,دكپسول,توليد ژلاتين كپسول ايران,316,938966,34677316211,35175,36933,36933,1758,5,36931,1756,4.99,36380,36933,1400-6-6,2021-08-28
559,تسه9910,امتياز تسهيلات مسكن دي99,316,4743,2842635116,605054,600000,609999,4945,0.82,599333,-5721,-0.95,580000,624900,1400-6-6,2021-08-28
560,وفتخار,سرمايه گذاري افتخار سهام,314,603000,4168539000,6712,6913,6913,201,2.99,6913,201,2.99,6913,6913,1400-6-6,2021-08-28
561,ختراك,ريخته‌گري‌ تراكتورسازي‌ ايران‌,307,1558096,22553949680,13820,13510,14510,690,4.99,14480,660,4.78,13510,14510,1400-6-6,2021-08-28
562,ستران,سيمان‌ تهران‌,305,699734,24147820340,32870,34510,34510,1640,4.99,34510,1640,4.99,34510,34510,1400-6-6,2021-08-28
563,خمحركه,نيرو محركه‌,305,3215966,15317646058,4537,4763,4763,226,4.98,4757,220,4.85,4763,4763,1400-6-6,2021-08-28
564,وامين,س. امين توان آفرين ساز,299,3515382,44908896626,12769,12833,12769,0,0,12774,5,0.04,12741,12867,1400-6-6,2021-08-28
565,خاتم,صندوق س خاتم ايساتيس پويا-ثابت,299,4651910,55363919544,11887,11903,11902,15,0.13,11901,14,0.12,11900,11907,1400-6-6,2021-08-28
566,نهال,صندوق س. طلاي سرخ نوويرا,283,502143,5203591641,10434,10418,10400,-34,-0.33,10363,-71,-0.68,10310,10418,1400-6-6,2021-08-28
567,دسينا,داروسازي‌ سينا,282,3356910,81640051200,23170,24320,24320,1150,4.96,24320,1150,4.96,24320,24320,1400-6-6,2021-08-28
568,تسه9909,امتياز تسهيلات مسكن آذر99,281,3560,2130829957,603432,593005,583100,-20332,-3.37,598548,-4884,-0.81,577500,613380,1400-6-6,2021-08-28
569,دسانكوح,ح . داروسازي سبحان انكولوژي,280,1937300,18072507861,8889,8930,9333,444,4.99,9329,440,4.95,8930,9333,1400-6-6,2021-08-28
570,فردا,صندوق س آواي فرداي زاگرس-ثابت,278,9861818,111582976925,11297,11314,11315,18,0.16,11315,18,0.16,11314,11316,1400-6-6,2021-08-28
571,فيروزا,صندوق بادرآمد ثابت فيروزه آسيا,277,4515721,111533409123,24731,24720,24702,-29,-0.12,24699,-32,-0.13,24636,24720,1400-6-6,2021-08-28
572,فلامي,لاميران‌,273,1811021,48191268810,25350,26610,26610,1260,4.97,26610,1260,4.97,26610,26610,1400-6-6,2021-08-28
573,كگاز,شيشه‌ و گاز,271,1093301,23274470830,20340,20340,21350,1010,4.97,21290,950,4.67,20340,21350,1400-6-6,2021-08-28
574,بموتو,موتوژن‌,270,602041,51486546320,81450,85520,85520,4070,5,85520,4070,5,85520,85520,1400-6-6,2021-08-28
575,ضسپا8044,اختيارخ خساپا-2500-1400/08/26,262,11195,2312546000,165,186,201,36,21.82,207,42,25.45,170,240,1400-6-6,2021-08-28
576,تماوند,تامين سرمايه دماوند,261,3676523,23309267566,6265,6200,6284,19,0.3,6340,75,1.2,6152,6440,1400-6-6,2021-08-28
577,كي بي سي,شركت كي بي سي,261,624516,17899720215,27362,28729,28730,1368,5,28662,1300,4.75,27715,28730,1400-6-6,2021-08-28
578,خكاوه,سايپا ديزل,260,3559161,16133676813,4401,4533,4533,132,3,4533,132,3,4533,4533,1400-6-6,2021-08-28
579,ضخود7078,اختيارخ خودرو-3500-1400/07/07,255,12706,104734000,10,10,9,-1,-10,8,-2,-20,6,10,1400-6-6,2021-08-28
580,اخزا910,اسنادخزانه-م10بودجه99-020807,250,543167,348967422780,647038,630000,644999,-2039,-0.32,642468,-4570,-0.71,630000,644999,1400-6-6,2021-08-28
581,پخش,پخش البرز,246,2032540,53463932160,25052,26304,26304,1252,5,26304,1252,5,26304,26304,1400-6-6,2021-08-28
582,سمتاز,سيمان ممتازان كرمان,246,283246,7789257842,27198,27370,26910,-288,-1.06,27412,214,0.79,26383,28013,1400-6-6,2021-08-28
583,دارا,صندوق س. دارا الگوريتم-د,245,5743398,57292259448,9971,9989,9978,7,0.07,9975,4,0.04,9947,9989,1400-6-6,2021-08-28
584,رانفور,خدمات‌انفورماتيك‌,242,5269305,37886302950,6850,7190,7190,340,4.96,7010,160,2.34,7190,7190,1400-6-6,2021-08-28
585,ارمغان,ص سرمايه گذاري ارمغان ايرانيان,241,3867620,39117903041,10095,10097,10120,25,0.25,10114,19,0.19,10097,10120,1400-6-6,2021-08-28
586,كامياب,صندوق س. كامياب آشنا-د,238,1187621,12249500982,10308,10340,10320,12,0.12,10314,6,0.06,10200,10340,1400-6-6,2021-08-28
587,خشرق,الكتريك‌ خودرو شرق‌,235,1833308,34759519680,18060,18960,18960,900,4.98,18960,900,4.98,18960,18960,1400-6-6,2021-08-28
588,ثعمرا,عمران و توسعه شاهد,229,1452376,17778534616,11659,12241,12241,582,4.99,12241,582,4.99,12241,12241,1400-6-6,2021-08-28
589,افق ملت,صندوق س در سهام افق ملت,229,74362,12426330580,163790,167500,168000,4210,2.57,167110,3320,2.03,165000,168000,1400-6-6,2021-08-28
590,وآتوس,س.آرين توسكا قيمت اسمي 350ريال,221,319132,10574647883,32369,33340,33340,971,3,33136,767,2.37,32360,33340,1400-6-6,2021-08-28
591,شسينا,صنايع‌شيميايي‌سينا,221,188716,15231268360,76870,80710,80710,3840,5,80580,3710,4.83,80710,80710,1400-6-6,2021-08-28
592,شپترو,پتروشيمي آبادان,214,5351585,29829734790,5412,5574,5574,162,2.99,5574,162,2.99,5574,5574,1400-6-6,2021-08-28
593,آتيمس,صندوق س.آرمان آتيه درخشان مس-س,213,62371,13925400322,218651,219912,225000,6349,2.9,223267,4616,2.11,219600,226000,1400-6-6,2021-08-28
594,اخزا901,اسنادخزانه-م1بودجه99-010621,210,208829,169986147251,816435,816081,817001,566,0.07,813997,-2438,-0.3,808200,818200,1400-6-6,2021-08-28
595,دتوزيع,توزيع دارو پخش,209,811207,27890107867,32744,34381,34381,1637,5,34381,1637,5,34381,34381,1400-6-6,2021-08-28
596,ساروج,بين المللي ساروج بوشهر,209,1071670,21663604090,19758,19510,20350,592,3,20215,457,2.31,19362,20350,1400-6-6,2021-08-28
597,سحرخيز,صندوق س. گروه زعفران سحرخيز,205,483535,5079633447,10473,10579,10481,8,0.08,10505,32,0.31,10350,10579,1400-6-6,2021-08-28
598,وايرا,سرمايه گذاري صنايع ايران,204,1309141,10367225862,7690,7920,7920,230,2.99,7919,229,2.98,7850,7920,1400-6-6,2021-08-28
599,فسا,پتروشيمي فسا,204,3981006,6047148114,1475,1519,1519,44,2.98,1501,26,1.76,1519,1519,1400-6-6,2021-08-28
600,فولاي,صنايع فولاد آلياژي يزد,203,2336877,54673574292,22282,23396,23396,1114,5,23396,1114,5,23396,23396,1400-6-6,2021-08-28
601,ضخود7072,اختيارخ خودرو-1400-1400/07/07,202,9440,10167574000,964,1070,1100,136,14.11,1077,113,11.72,1050,1100,1400-6-6,2021-08-28
602,فالوم,آلومتك‌,202,824985,21414135645,25201,25957,25957,756,3,25957,756,3,25957,25957,1400-6-6,2021-08-28
603,تپمپي,پمپ‌ سازي‌ ايران‌,202,1624772,32121742440,18830,19770,19770,940,4.99,19770,940,4.99,19770,19770,1400-6-6,2021-08-28
604,تسه9907,امتياز تسهيلات مسكن مهر99,200,3124,1868142732,602133,582050,600000,-2133,-0.35,597997,-4136,-0.69,582000,610000,1400-6-6,2021-08-28
605,دشيري,شيرين دارو,197,95475,17975457350,182797,188260,188280,5483,3,188274,5477,3,188000,188280,1400-6-6,2021-08-28
606,خموتور,موتورسازان‌تراكتورسازي‌ايران‌,197,543051,6603500160,11590,12160,12160,570,4.92,11830,240,2.07,12160,12160,1400-6-6,2021-08-28
607,سپر,صندوق س سپر سرمايه بيدار- ثابت,195,6305854,79593396650,12601,12613,12623,22,0.17,12622,21,0.17,12611,12624,1400-6-6,2021-08-28
608,چكارن,كارتن‌ ايران‌,189,5254422,17181959940,3115,3270,3270,155,4.98,3270,155,4.98,3270,3270,1400-6-6,2021-08-28
609,دسانكو,داروسازي سبحان انكولوژي,188,1225844,15726352676,12219,12829,12829,610,4.99,12828,609,4.98,12829,12829,1400-6-6,2021-08-28
610,تسه9904,امتياز تسهيلات مسكن تير99,187,3073,1837182509,604911,595520,590000,-14911,-2.46,597847,-7064,-1.17,580000,609930,1400-6-6,2021-08-28
611,قمرو,قند مرودشت‌,183,1015595,30538941650,28640,30070,30070,1430,4.99,30070,1430,4.99,30070,30070,1400-6-6,2021-08-28
612,دسبحان,سبحان دارو,183,1380729,29119574610,20090,21090,21090,1000,4.98,21090,1000,4.98,21090,21090,1400-6-6,2021-08-28
613,تسه9902,امتياز تسهيلات مسكن ارديبهشت99,179,2915,1733649457,602223,592112,580000,-22223,-3.69,594734,-7489,-1.24,580000,620000,1400-6-6,2021-08-28
614,تسه9810,امتياز تسهيلات مسكن دي98,178,4053,2406577005,604735,595100,574499,-30236,-5,593777,-10958,-1.81,574499,620000,1400-6-6,2021-08-28
615,خاهن,آهنگري‌ تراكتورسازي‌ ايران‌,176,2214592,19421971840,8360,8770,8770,410,4.9,8610,250,2.99,8770,8770,1400-6-6,2021-08-28
616,قنقش,قند نقش جهان,171,234067,15037166281,62984,64243,64243,1259,2,64243,1259,2,64243,64243,1400-6-6,2021-08-28
617,آرمان,بيمه آرمان,167,584925,3854627250,6492,6638,6670,178,2.74,6529,37,0.57,6440,6686,1400-6-6,2021-08-28
618,كرازي,كارخانجات‌توليدي‌شيشه‌رازي‌,167,12904148,17923861572,1323,1389,1389,66,4.99,1389,66,4.99,1389,1389,1400-6-6,2021-08-28
619,غبهنوش,بهنوش‌ ايران‌,160,316947,23764686060,71410,74980,74980,3570,5,74980,3570,5,74980,74980,1400-6-6,2021-08-28
620,كپشير,پشم‌شيشه‌ايران‌,159,812014,17961749680,21070,22120,22120,1050,4.98,22120,1050,4.98,22120,22120,1400-6-6,2021-08-28
621,ثنور,سرمايه گذاري كوه نور,158,2817951,21453060963,7392,7613,7613,221,2.99,7613,221,2.99,7613,7613,1400-6-6,2021-08-28
622,بنيرو,نيروترانس‌,158,7601446,22561091728,2827,2968,2968,141,4.99,2968,141,4.99,2968,2968,1400-6-6,2021-08-28
623,تسه9906,امتياز تسهيلات مسكن شهريور99,157,2160,1287788137,606883,590000,583000,-23883,-3.94,596198,-10685,-1.76,577201,609920,1400-6-6,2021-08-28
624,ثپرديس,سرمايه گذاري مسكن پرديس,157,2355990,15490634250,6262,6575,6575,313,5,6570,308,4.92,6575,6575,1400-6-6,2021-08-28
625,وتوس,توسعه‌شهري‌توس‌گستر,156,1028013,14207139660,13170,13820,13820,650,4.94,13760,590,4.48,13820,13820,1400-6-6,2021-08-28
626,حاريا,كشتيراني آريا,155,517646,8513723762,16782,16447,16447,-335,-2,16447,-335,-2,16447,16447,1400-6-6,2021-08-28
627,الماس,صندوق س.امين تدبيرگران فردا-س,153,59441,8101166184,132523,133800,137700,5177,3.91,136289,3766,2.84,133000,137700,1400-6-6,2021-08-28
628,وشهر,بانك شهر,152,6292960,39286949280,6003,6243,6243,240,4,6243,240,4,6243,6243,1400-6-6,2021-08-28
629,اخزا902,اسنادخزانه-م2بودجه99-011019,152,212981,162659630517,769137,760047,766696,-2441,-0.32,763728,-5409,-0.7,758313,769999,1400-6-6,2021-08-28
630,سخواف,سيمان مجد خواف,151,602467,8593589288,14705,14264,14264,-441,-3,14314,-391,-2.66,14264,14264,1400-6-6,2021-08-28
631,سبجنو,سيمان‌ بجنورد,148,296182,14418741040,46590,46650,48910,2320,4.98,48510,1920,4.12,46650,48910,1400-6-6,2021-08-28
632,ضخود7074,اختيارخ خودرو-1800-1400/07/07,148,5091,3494612000,597,690,708,111,18.59,686,89,14.91,635,709,1400-6-6,2021-08-28
633,دبالك,مواد اوليه دارويي البرز بالك,146,1523412,27345245400,17096,17950,17950,854,5,17950,854,5,17950,17950,1400-6-6,2021-08-28
634,كفپارس,فرآورده‌هاي‌ نسوز پارس‌,145,2694685,10746403780,3799,3988,3988,189,4.97,3928,129,3.4,3988,3988,1400-6-6,2021-08-28
635,اوصتا,صندوق انديشه ورزان صباتامين -د,144,5443169,107046255162,19639,19667,19666,27,0.14,19666,27,0.14,19666,19670,1400-6-6,2021-08-28
636,شسپا,نفت سپاهان,144,2170175,6310868900,2770,2908,2908,138,4.98,2783,13,0.47,2908,2908,1400-6-6,2021-08-28
637,اخزا914,اسنادخزانه-م14بودجه99-021025,137,330433,204450862724,618825,611000,620000,1175,0.19,618736,-89,-0.01,611000,631000,1400-6-6,2021-08-28
638,كميناح,ح . شيشه سازي مينا,134,719429,6197880835,8365,8615,8615,250,2.99,8615,250,2.99,8615,8615,1400-6-6,2021-08-28
639,تسه9905,امتياز تسهيلات مسكن مرداد99,133,1522,907997726,601244,590000,582335,-18909,-3.14,596582,-4662,-0.78,582335,619998,1400-6-6,2021-08-28
640,ثتران,سرمايه گذاري مسكن تهران,133,1184879,4860373658,3907,4102,4102,195,4.99,3967,60,1.54,4102,4102,1400-6-6,2021-08-28
641,صايند,صندوق س. گنجينه آينده روشن-د,132,534020,5419165400,10162,10170,10150,-12,-0.12,10148,-14,-0.14,10134,10179,1400-6-6,2021-08-28
642,ضملت8042,اختيارخ وبملت-3934-1400/08/19,131,3213,2959072000,766,750,950,184,24.02,921,155,20.23,750,999,1400-6-6,2021-08-28
643,ضسپا8041,اختيارخ خساپا-1600-1400/08/26,128,4327,3244583000,632,700,760,128,20.25,750,118,18.67,700,779,1400-6-6,2021-08-28
644,وپسا,س. پتروشيمي ساختمان  خليج فارس,127,2659937,5563999256,2051,2092,2092,41,2,2092,41,2,2080,2092,1400-6-6,2021-08-28
645,وكادو,تكادو,127,1285862,25676092416,19387,19968,19968,581,3,19968,581,3,19968,19968,1400-6-6,2021-08-28
646,دجابر,داروسازي‌ جابرابن‌حيان‌,126,637665,10432199400,15590,16360,16360,770,4.94,16100,510,3.27,16360,16360,1400-6-6,2021-08-28
647,ثنام,س ساختماني ب نام آوران مهندسي,125,225399,3576631332,16358,15868,15868,-490,-3,16177,-181,-1.11,15868,15868,1400-6-6,2021-08-28
648,قصفها,قنداصفهان‌,123,89706,10621190400,112770,118400,118400,5630,4.99,116570,3800,3.37,118400,118400,1400-6-6,2021-08-28
649,ضملت8043,اختيارخ وبملت-4434-1400/08/19,122,4150,2530737000,552,590,640,88,15.94,610,58,10.51,525,640,1400-6-6,2021-08-28
650,تسه9903,امتياز تسهيلات مسكن خرداد99,121,1090,653510985,605909,575614,581010,-24899,-4.11,599551,-6358,-1.05,575614,620000,1400-6-6,2021-08-28
651,خچرخش,چرخشگر,118,1116128,13281923200,11340,11900,11900,560,4.94,11810,470,4.14,11900,11900,1400-6-6,2021-08-28
652,فن آوا,گروه فن آوا,118,1104728,24087489312,21169,21804,21804,635,3,21804,635,3,21804,21804,1400-6-6,2021-08-28
653,ضسپا8042,اختيارخ خساپا-1800-1400/08/26,118,5062,2918006000,469,540,590,121,25.8,576,107,22.81,540,600,1400-6-6,2021-08-28
654,اخزا903,اسنادخزانه-م3بودجه99-011110,116,193791,146404776556,759784,760000,758122,-1662,-0.22,755478,-4306,-0.57,750000,760500,1400-6-6,2021-08-28
655,ضملت8044,اختيارخ وبملت-4934-1400/08/19,116,4246,1423295000,284,301,367,83,29.23,335,51,17.96,301,374,1400-6-6,2021-08-28
656,امين يكم2,صندوق درآمد ثابت امين يكم فردا,115,115000000,115000000,10004,1,1,-10003,-99.99,1,-10003,-99.99,1,1,1400-6-6,2021-08-28
657,صنوين,صندوق سرمايه‌گذاري صنوين-مختلط,115,70636,7982374800,110780,110670,113900,3120,2.82,113010,2230,2.01,110020,113900,1400-6-6,2021-08-28
658,ثروتم,صندوق س. ثروت آفرين پارسيان-س,115,172570,16840758270,96495,97257,97990,1495,1.55,97588,1093,1.13,97171,97990,1400-6-6,2021-08-28
659,شستان,پتروشيمي گلستان,113,1018179,3307503757,3191,3254,3254,63,1.97,3228,37,1.16,3183,3254,1400-6-6,2021-08-28
660,سكه0111پ05,تمام سكه طرح جديد0111آينده,113,114800,142519385300,1229121,1235001,1238500,9379,0.76,1241458,12337,1,1234000,1250000,1400-6-6,2021-08-28
661,تسه9806,امتياز تسهيلات مسكن شهريور98,113,1944,1148449788,596085,570000,614000,17915,3.01,590766,-5319,-0.89,570000,614000,1400-6-6,2021-08-28
662,اخزا908,اسنادخزانه-م8بودجه99-020606,109,294891,196679948354,668302,662001,673000,4698,0.7,666958,-1344,-0.2,662001,675000,1400-6-6,2021-08-28
663,قشير,قند شيروان قوچان و بجنورد,109,659650,13681800650,19754,20741,20741,987,5,20611,857,4.34,20741,20741,1400-6-6,2021-08-28
664,ورازي,بيمه رازي,109,4592652,8055511608,1671,1754,1754,83,4.97,1721,50,2.99,1754,1754,1400-6-6,2021-08-28
665,تسه9808,امتياز تسهيلات مسكن آبان98,104,1642,986976512,604579,595889,604636,57,0.01,601082,-3497,-0.58,595000,612990,1400-6-6,2021-08-28
666,كهربا,صندوق س.پشتوانه سكه طلا كهربا,104,381019,4027427979,10557,10507,10700,143,1.35,10570,13,0.12,10507,10991,1400-6-6,2021-08-28
667,ضپاس7029,اختيارخ وپارس-2500-1400/07/28,99,2209,1831155000,736,760,940,204,27.72,829,93,12.64,760,940,1400-6-6,2021-08-28
668,ضسپا8043,اختيارخ خساپا-2000-1400/08/26,99,3658,1597740000,377,430,450,73,19.36,437,60,15.92,416,466,1400-6-6,2021-08-28
669,سكه0112پ03,تمام سكه طرح جديد0112سامان,99,19500,24199843200,1225097,1251000,1238212,13115,1.07,1241018,15921,1.3,1236001,1251010,1400-6-6,2021-08-28
670,سكه0011پ02,تمام سكه طرح جديد0011ملت,99,17900,22226808000,1228421,1244900,1240000,11579,0.94,1241721,13300,1.08,1238001,1254000,1400-6-6,2021-08-28
671,ساينا,صنايع بهداشتي ساينا,98,120462,12210389706,96537,101363,101363,4826,5,100278,3741,3.88,101363,101363,1400-6-6,2021-08-28
672,ضشنا8004,اختيارخ شپنا-10800-1400/08/16,96,1441,7290263000,4635,4800,5140,505,10.9,5059,424,9.15,4766,5239,1400-6-6,2021-08-28
673,كمينا,شيشه سازي مينا,95,641520,6945095520,10511,10826,10826,315,3,10723,212,2.02,10826,10826,1400-6-6,2021-08-28
674,تسه9809,امتياز تسهيلات مسكن آذر98,94,1057,633673076,604875,593410,596186,-8689,-1.44,599501,-5374,-0.89,593410,608800,1400-6-6,2021-08-28
675,شزنگ,تجهيزنيروي‌زنگان‌,91,51121,6909923328,131232,135168,135168,3936,3,133873,2641,2.01,135168,135168,1400-6-6,2021-08-28
676,تسه9811,امتياز تسهيلات مسكن بهمن98,90,896,530666999,606740,591200,589999,-16741,-2.76,592262,-14478,-2.39,582222,603000,1400-6-6,2021-08-28
677,داراب,پتروشيمي داراب,89,795640,1831563280,2373,2302,2302,-71,-2.99,2360,-13,-0.55,2302,2302,1400-6-6,2021-08-28
678,وليز,ليزينگ‌ايران‌,88,1151087,7654728550,6340,6650,6650,310,4.89,6490,150,2.37,6650,6650,1400-6-6,2021-08-28
679,تسه9901,امتياز تسهيلات مسكن فروردين99,88,740,442116835,611754,588050,590000,-21754,-3.56,597455,-14299,-2.34,588050,605000,1400-6-6,2021-08-28
680,ضملي7004,اختيارخ فملي-13720-1400/07/11,87,1525,2451554000,1594,1603,1680,86,5.4,1608,14,0.88,1570,1730,1400-6-6,2021-08-28
681,ضشنا8005,اختيارخ شپنا-12800-1400/08/16,87,1159,3818400000,3013,3100,3391,378,12.55,3295,282,9.36,3100,3450,1400-6-6,2021-08-28
682,ثعتما,س. ساختماني اعتماد گستر,85,458396,13560270472,28721,29582,29582,861,3,29582,861,3,29582,29582,1400-6-6,2021-08-28
683,تسه9807,امتياز تسهيلات مسكن مهر98,84,1307,791850656,609054,613990,595119,-13935,-2.29,605854,-3200,-0.53,591642,613990,1400-6-6,2021-08-28
684,كفرآور,فرآورده هاي سيمان شرق,83,574355,12697265985,21055,22107,22107,1052,5,22107,1052,5,22107,22107,1400-6-6,2021-08-28
685,تسه9812,امتياز تسهيلات مسكن اسفند98,82,755,445441705,603328,600000,594870,-8458,-1.4,589989,-13339,-2.21,573170,600000,1400-6-6,2021-08-28
686,سكه0012پ04,تمام سكه طرح جديد0012صادرات,80,22400,27785366700,1224144,1240950,1237000,12856,1.05,1240418,16274,1.33,1237000,1250000,1400-6-6,2021-08-28
687,ضصاد8033,اختيارخ وبصادر-2489-1400/08/12,79,2074,949448000,373,400,474,101,27.08,458,85,22.79,400,474,1400-6-6,2021-08-28
688,لپارس,پارس‌ الكتريك‌,78,100256,10306316800,97910,102800,102800,4890,4.99,101110,3200,3.27,102800,102800,1400-6-6,2021-08-28
689,شساخت,مهندسي و ساختمان صنايع نفت,78,685444,31243908408,44255,45582,45582,1327,3,45158,903,2.04,45582,45582,1400-6-6,2021-08-28
690,ضملي7003,اختيارخ فملي-11720-1400/07/11,77,835,2604485000,3002,3139,3179,177,5.9,3119,117,3.9,3072,3200,1400-6-6,2021-08-28
691,سنوين,سرمايه گذاري اقتصاد نوين,77,765615,6340057815,8040,8281,8281,241,3,8188,148,1.84,8281,8281,1400-6-6,2021-08-28
692,شتولي,تولي‌پرس‌,77,138001,3719126950,27500,26950,26950,-550,-2,27083,-417,-1.52,26950,26950,1400-6-6,2021-08-28
693,داريك,صندوق س.اعتماد داريك-د,76,1367012,15520179315,11345,11355,11347,2,0.02,11353,8,0.07,11347,11357,1400-6-6,2021-08-28
694,كيان2,صندوق س. با درآمد ثابت كيان,75,7500000,7500000,30196,1,1,-30195,-100,1,-30195,-100,1,1,1400-6-6,2021-08-28
695,قزوين,كارخانجات‌ قند قزوين‌,75,599302,21808599780,34660,36390,36390,1730,4.99,36390,1730,4.99,36390,36390,1400-6-6,2021-08-28
696,سجام,مجتمع سيمان غرب آسيا,73,1180473,5884657905,4840,4985,4985,145,3,4921,81,1.67,4985,4985,1400-6-6,2021-08-28
697,اخزا909,اسنادخزانه-م9بودجه99-020316,68,302541,210965145144,699845,698000,697500,-2345,-0.34,697311,-2534,-0.36,690000,702990,1400-6-6,2021-08-28
698,كنور,توسعه معدني و صنعتي صبانور,67,687544,11722625200,16240,17050,17050,810,4.99,16350,110,0.68,17050,17050,1400-6-6,2021-08-28
699,ثهام,صندوق س ثروت هامرز-سهام,67,176626,2170087122,11889,12120,12500,611,5.14,12286,397,3.34,12020,12500,1400-6-6,2021-08-28
700,اخزا006,اسنادخزانه-م6بودجه00-030723,63,10100,5337429950,540165,540001,529999,-10166,-1.88,528458,-11707,-2.17,520500,540001,1400-6-6,2021-08-28
701,پادا,صندوق س.پاداش سرمايه پارس-س,61,13569,1759764650,127381,129000,130750,3369,2.64,129690,2309,1.81,129000,130850,1400-6-6,2021-08-28
702,سباقر,سيمان باقران,61,596651,10281490032,16731,17232,17232,501,2.99,17231,500,2.99,17232,17232,1400-6-6,2021-08-28
703,بذر,صندوق س بذر اميد آفرين-سهام,58,13957,1662900610,113670,117900,119940,6270,5.52,119140,5470,4.81,117830,119950,1400-6-6,2021-08-28
704,تدبير04,اجاره اقتصادي تدبير14040606,58,5000095,4800091200000,1000000,960000,960000,-40000,-4,960000,-40000,-4,960000,960000,1400-6-6,2021-08-28
705,وحافظ,بيمه حافظ,57,197735,2346916715,12111,11869,11869,-242,-2,11995,-116,-0.96,11869,11869,1400-6-6,2021-08-28
706,پلاست,كارخانجات توليدي پلاستيران,56,79002,3889268460,47797,49230,49230,1433,3,48338,541,1.13,49230,49230,1400-6-6,2021-08-28
707,اخزا911,اسنادخزانه-م11بودجه99-020906,55,211228,133930651929,637470,620001,637000,-470,-0.07,634057,-3413,-0.54,620000,644000,1400-6-6,2021-08-28
708,ثنظام,س. ساختماني نظام مهندسي ايران,48,24691,1114798650,46546,45150,45150,-1396,-3,46386,-160,-0.34,45150,45150,1400-6-6,2021-08-28
709,ضخود7073,اختيارخ خودرو-1600-1400/07/07,48,1482,1308654000,801,869,920,119,14.86,883,82,10.24,830,920,1400-6-6,2021-08-28
710,دمعيار,صندوق س. توازن معيار-د,47,1474225,14786025711,10015,10030,10030,15,0.15,10030,15,0.15,10029,10030,1400-6-6,2021-08-28
711,اخزا907,اسنادخزانه-م7بودجه99-020704,46,151581,98936329233,657887,655730,658690,803,0.12,652696,-5191,-0.79,651001,658690,1400-6-6,2021-08-28
712,گپارس,امور رفاهي كارگزاران پارس,46,28515,3762953460,128121,131964,131964,3843,3,129553,1432,1.12,131964,131964,1400-6-6,2021-08-28
713,تپكو,توليدتجهيزات‌سنگين‌هپكو,45,170870,894162710,5339,5233,5233,-106,-1.99,5337,-2,-0.04,5233,5233,1400-6-6,2021-08-28
714,ضسپا8039,اختيارخ خساپا-1200-1400/08/26,42,364,417521000,969,1100,1090,121,12.49,1147,178,18.37,1001,1224,1400-6-6,2021-08-28
715,وحافظح,ح . بيمه حافظ,42,254337,1744751820,7000,6860,6860,-140,-2,6860,-140,-2,6860,6860,1400-6-6,2021-08-28
716,ضپال2007,اختيارخ اپال-32000-1401/02/12,42,533,713535000,1220,1150,1380,160,13.11,1339,119,9.75,1150,1400,1400-6-6,2021-08-28
717,آكورد2,صندوق س. آرمان آتي كوثر-د,40,4000000,4000000,33746,1,1,-33745,-100,1,-33745,-100,1,1,1400-6-6,2021-08-28
718,ضجار7040,اختيارخ وتجارت-2497-1400/07/21,40,1252,718284000,482,549,566,84,17.43,574,92,19.09,549,599,1400-6-6,2021-08-28
719,اخزا815,اسنادخزانه-م15بودجه98-010406,39,56216,47860615183,851661,850013,851661,0,0,851370,-291,-0.03,850013,851661,1400-6-6,2021-08-28
720,كابگن,توليدي و صنعتي آبگينه‌,37,581790,3203335740,5399,5506,5506,107,1.98,5506,107,1.98,5506,5506,1400-6-6,2021-08-28
721,دكيمي,كيميدارو,37,144240,3580036800,23640,24820,24820,1180,4.99,23910,270,1.14,24820,24820,1400-6-6,2021-08-28
722,وشمال,س. چشم انداز توسعه شمال,36,29429,2451435700,85876,83300,83300,-2576,-3,85225,-651,-0.76,83300,83300,1400-6-6,2021-08-28
723,ضپاس7030,اختيارخ وپارس-3000-1400/07/28,36,1581,801208000,400,404,550,150,37.5,507,107,26.75,404,550,1400-6-6,2021-08-28
724,ضذوب905,اختيارخ ذوب-5000-14000917,36,1458,991460000,624,650,680,56,8.97,680,56,8.97,650,700,1400-6-6,2021-08-28
725,ضشنا8006,اختيارخ شپنا-14800-1400/08/16,32,412,845028000,1885,2300,2150,265,14.06,2051,166,8.81,1910,2300,1400-6-6,2021-08-28
726,ضترا8058,اختيارخ شتران-3442-1400/08/09,31,226,994735000,4081,4499,4700,619,15.17,4401,320,7.84,4200,4700,1400-6-6,2021-08-28
727,گنجين,صندوق س. گنجينه يكم آويد-د,31,83963,1138615449,13539,13555,13566,27,0.2,13561,22,0.16,13555,13566,1400-6-6,2021-08-28
728,شصفها,پتروشيمي‌ اصفهان‌,30,16216,2469631936,149310,152296,152296,2986,2,149714,404,0.27,152296,152296,1400-6-6,2021-08-28
729,ثقزوي,شركت عمران و سازندگي قزوين,29,17080,515713520,31127,30194,30194,-933,-3,31077,-50,-0.16,30194,30194,1400-6-6,2021-08-28
730,اراد61,مرابحه عام دولت61-ش.خ0309,29,235000,235000235000,1000001,1000001,1000001,0,0,1000001,0,0,1000001,1000001,1400-6-6,2021-08-28
731,سفارود,كارخانه فارسيت درود,28,21346,356627622,17047,16707,16707,-340,-1.99,17022,-25,-0.15,16707,16707,1400-6-6,2021-08-28
732,اخزا809,اسنادخزانه-م9بودجه98-000923,27,141976,133843410982,942441,941001,941002,-1439,-0.15,942719,278,0.03,941001,944009,1400-6-6,2021-08-28
733,وسقم,شركت س استان قم,27,265474,349894732,1387,1318,1318,-69,-4.97,1386,-1,-0.07,1318,1318,1400-6-6,2021-08-28
734,هنوري102,اختيارف ت نوري59561-01/02/15,26,300000,300000,1,1,1,0,0,1,0,0,1,1,1400-6-6,2021-08-28
735,اخزا004,اسنادخزانه-م4بودجه00-030522,26,11293,6224655286,554104,551200,553399,-705,-0.13,551196,-2908,-0.52,550002,555000,1400-6-6,2021-08-28
736,فردا2,صندوق س آواي فرداي زاگرس-ثابت,25,2500000,2500000,11297,1,1,-11296,-99.99,1,-11296,-99.99,1,1,1400-6-6,2021-08-28
737,اخزا905,اسنادخزانه-م5بودجه99-020218,25,76295,54808449135,717313,729500,718502,1189,0.17,718375,1062,0.15,714400,729500,1400-6-6,2021-08-28
738,ضملت8041,اختيارخ وبملت-3434-1400/08/19,24,371,477217000,1192,1298,1270,78,6.54,1286,94,7.89,1205,1377,1400-6-6,2021-08-28
739,ضمخا7076,اختيارخ اخابر-9700-1400/07/28,22,220,467856000,2000,1980,2000,0,0,2127,127,6.35,1980,2190,1400-6-6,2021-08-28
740,ضصاد8031,اختيارخ وبصادر-1789-1400/08/12,21,341,318534000,939,804,1039,100,10.65,934,-5,-0.53,778,1047,1400-6-6,2021-08-28
741,ضشنا8003,اختيارخ شپنا-8800-1400/08/16,20,234,1661709000,6566,7000,7190,624,9.5,7101,535,8.15,6800,7200,1400-6-6,2021-08-28
742,اخزا814,اسنادخزانه-م14بودجه98-010318,20,82927,71355890646,860777,859001,860000,-777,-0.09,860466,-311,-0.04,859001,860777,1400-6-6,2021-08-28
743,اطلس2,صندوق س.توسعه اندوخته آينده-س,20,200000,200000,279726,1,1,-279725,-100,1,-279725,-100,1,1,1400-6-6,2021-08-28
744,سخند,صندوق س.سپهرخبرگان نفت-د,19,32040,321196480,10025,9995,10042,17,0.17,10025,0,0,9995,10042,1400-6-6,2021-08-28
745,اخزا808,اسنادخزانه-م8بودجه98-000817,19,14667,14090924245,959844,957000,958000,-1844,-0.19,960723,879,0.09,957000,961560,1400-6-6,2021-08-28
746,اخزا812,اسنادخزانه-م12بودجه98-001111,19,14207,13059784865,921515,917000,921000,-515,-0.06,919250,-2265,-0.25,916001,921000,1400-6-6,2021-08-28
747,ضملي7005,اختيارخ فملي-15720-1400/07/11,19,287,234931000,780,811,872,92,11.79,819,39,5,799,872,1400-6-6,2021-08-28
748,ددامح,ح . داروسازي زاگرس فارمد پارس,19,24251,378315600,15600,15600,15600,0,0,15600,0,0,15600,15600,1400-6-6,2021-08-28
749,اخزا904,اسنادخزانه-م4بودجه99-011215,18,43105,32147814205,746492,740002,742501,-3991,-0.53,745802,-690,-0.09,740002,749500,1400-6-6,2021-08-28
750,ضفلا7004,اختيارخ فولاد-9586-1400/07/25,18,112,525262104,3152,3340,3400,248,7.87,3345,193,6.12,3258,3400,1400-6-6,2021-08-28
751,اخزا721,اسنادخزانه-م21بودجه97-000728,17,9929,9646330293,970269,972000,971538,1269,0.13,971531,1262,0.13,968003,974000,1400-6-6,2021-08-28
752,خفناور,مهندسي صنعتي روان فن آور,16,10323,464039496,46342,44952,44952,-1390,-3,46276,-66,-0.14,44952,44952,1400-6-6,2021-08-28
753,اخزا811,اسنادخزانه-م11بودجه98-001013,16,19019,17671700595,931286,926502,930000,-1286,-0.14,929160,-2126,-0.23,926500,932199,1400-6-6,2021-08-28
754,ضصاد8030,اختيارخ وبصادر-1589-1400/08/12,16,84,103236000,1145,1350,1250,105,9.17,1229,84,7.34,990,1350,1400-6-6,2021-08-28
755,عيار2,صندوق سكه طلاي مفيد,16,160000,160000,31278,1,1,-31277,-100,1,-31277,-100,1,1,1400-6-6,2021-08-28
756,ضخود7079,اختيارخ خودرو-4000-1400/07/07,15,718,9210000,131,10,15,-116,-88.55,13,-118,-90.08,1,15,1400-6-6,2021-08-28
757,ضسپا8040,اختيارخ خساپا-1400-1400/08/26,15,429,409715000,830,960,940,110,13.25,955,125,15.06,900,960,1400-6-6,2021-08-28
758,اراد41,مرابحه عام دولت4-ش.خ 0006,14,140000,139999720000,999998,999998,999998,0,0,999998,0,0,999998,999998,1400-6-6,2021-08-28
759,پست0008پ04,پسته فندقي32-30سبزدانه0008(پ),13,293,525304000,1807500,1800000,1850000,42500,2.35,1792846,-14654,-0.81,1790000,1850000,1400-6-6,2021-08-28
760,ثاژن,سخت آژند,13,19031,173619813,9309,9123,9123,-186,-2,9302,-7,-0.08,9123,9123,1400-6-6,2021-08-28
761,ضشنا8001,اختيارخ شپنا-6800-1400/08/16,12,57,511690000,8132,9000,8990,858,10.55,8977,845,10.39,8930,9000,1400-6-6,2021-08-28
762,ضخود7080,اختيارخ خودرو-4500-1400/07/07,12,75,594000,9,9,8,-1,-11.11,8,-1,-11.11,5,9,1400-6-6,2021-08-28
763,ضترا8061,اختيارخ شتران-5205-1400/08/09,12,442,834800000,1827,1850,1900,73,4,1889,62,3.39,1850,1900,1400-6-6,2021-08-28
764,سايرا,ايرانيت‌,11,4060,151710020,38129,37367,37367,-762,-2,38105,-24,-0.06,37367,37367,1400-6-6,2021-08-28
765,نگين,ص.س. زمين و ساختمان نگين شهرري,11,8175,407570680,49610,49610,51190,1580,3.18,49860,250,0.5,49610,52580,1400-6-6,2021-08-28
766,ضپيك7040,اختيارخ تاپيكو-6070-00/07/18,11,32,267200000,8702,8350,8350,-352,-4.05,8350,-352,-4.05,8350,8350,1400-6-6,2021-08-28
767,ضمخا7075,اختيارخ اخابر-8700-1400/07/28,10,51,152078000,2909,3000,2950,41,1.41,2982,73,2.51,2950,3000,1400-6-6,2021-08-28
768,ضذوب904,اختيارخ ذوب-4500-14000917,10,221,220190000,999,1000,1000,1,0.1,996,-3,-0.3,950,1000,1400-6-6,2021-08-28
769,سرو2,صندوق س سروسودمند مدبران-سهام,10,2600000,2600000,89410,1,1,-89409,-100,1,-89409,-100,1,1,1400-6-6,2021-08-28
770,تملي712,تسهيلات مسكن ب. ملي-اسفند97,10,122,97355300,798024,758123,837900,39876,5,797994,-30,0,758123,837925,1400-6-6,2021-08-28
771,طلا2,صندوق س.پشتوانه طلاي لوتوس,10,1000000,1000000,87638,1,1,-87637,-100,1,-87637,-100,1,1,1400-6-6,2021-08-28
772,شكف,كف,9,4781,464789696,99200,97216,97216,-1984,-2,99105,-95,-0.1,97216,97216,1400-6-6,2021-08-28
773,اخزا810,اسنادخزانه-م10بودجه98-001006,9,7242,6773329974,934991,934101,936205,1214,0.13,935284,293,0.03,934001,936987,1400-6-6,2021-08-28
774,ضمخا7071,اختيارخ اخابر-23700-1400/07/28,9,247,10680000,40,50,40,0,0,43,3,7.5,40,50,1400-6-6,2021-08-28
775,تملي612,تسهيلات مسكن بانك ملي-اسفند96,9,104,78676660,720724,756760,756760,36036,5,756506,35782,4.96,755900,756760,1400-6-6,2021-08-28
776,اخزا807,اسنادخزانه-م7بودجه98-000719,9,15152,14795512000,974495,975000,979000,4505,0.46,976473,1978,0.2,975000,979000,1400-6-6,2021-08-28
777,زير0103پ01,زيره سبز0103كيميابذر(پ),9,391,319683961,857928,800111,830000,-27928,-3.26,817606,-40322,-4.7,798888,830000,1400-6-6,2021-08-28
778,ضسپا8046,اختيارخ خساپا-3500-1400/08/26,8,118,12230000,50,110,115,65,130,104,54,108,10,115,1400-6-6,2021-08-28
779,ضترا8060,اختيارخ شتران-4323-1400/08/09,8,150,422450000,1750,2100,3000,1250,71.43,2816,1066,60.91,2100,3000,1400-6-6,2021-08-28
780,زعف0008پ09,زعفران0008نگين نوين(پ),8,3914,605497800,151698,154700,154700,3002,1.98,154701,3003,1.98,154700,154710,1400-6-6,2021-08-28
781,ضفلا7005,اختيارخ فولاد-11013-1400/07/25,8,54,175237382,2243,2300,2339,96,4.28,2315,72,3.21,2300,2339,1400-6-6,2021-08-28
782,ضجار7039,اختيارخ وتجارت-1997-1400/07/21,8,100,117349000,924,866,1010,86,9.31,1173,249,26.95,866,1200,1400-6-6,2021-08-28
783,زعف0008پ12,زعفران0008پوشالمعمول سحرخيز(پ),7,2103,238398816,113315,114000,109000,-4315,-3.81,113361,46,0.04,107777,114000,1400-6-6,2021-08-28
784,ضجار7041,اختيارخ وتجارت-2997-1400/07/21,7,114,29810000,227,261,270,43,18.94,261,34,14.98,261,270,1400-6-6,2021-08-28
785,ضمخا7070,اختيارخ اخابر-19700-1400/07/28,7,132,4096000,140,30,31,-109,-77.86,31,-109,-77.86,30,60,1400-6-6,2021-08-28
786,اخزا816,اسنادخزانه-م16بودجه98-010503,7,2931,2458504475,839723,840000,836500,-3223,-0.38,838794,-929,-0.11,835101,840000,1400-6-6,2021-08-28
787,تملي807,تسهيلات مسكن ب. ملي-مهر98,7,54,48547925,856453,899000,899000,42547,4.97,899036,42583,4.97,899000,899275,1400-6-6,2021-08-28
788,تملي703,تسهيلات مسكن ب. ملي-خرداد97,7,104,91282120,896844,940999,852002,-44842,-5,877713,-19131,-2.13,852002,940999,1400-6-6,2021-08-28
789,اخزا817,اسنادخزانه-م17بودجه98-010512,7,14122,11734843220,831620,831620,831500,-120,-0.01,830962,-658,-0.08,830101,835500,1400-6-6,2021-08-28
790,ضمخا7068,اختيارخ اخابر-15700-1400/07/28,6,132,125748000,311,69,962,651,209.32,953,642,206.43,69,963,1400-6-6,2021-08-28
791,تملي705,تسهيلات مسكن ب. ملي-مرداد97,6,119,74044000,640000,640000,669000,29000,4.53,622218,-17782,-2.78,608000,669000,1400-6-6,2021-08-28
792,ضجار7038,اختيارخ وتجارت-1797-1400/07/21,6,55,66954000,1099,1180,1190,91,8.28,1217,118,10.74,1180,1250,1400-6-6,2021-08-28
793,آگاس2,صندوق س.هستي بخش آگاه-س,6,600000,600000,90731,1,1,-90730,-100,1,-90730,-100,1,1,1400-6-6,2021-08-28
794,اوصتا2,صندوق انديشه ورزان صباتامين -د,6,5100000,5100000,19639,1,1,-19638,-99.99,1,-19638,-99.99,1,1,1400-6-6,2021-08-28
795,ضملي7002,اختيارخ فملي-9720-1400/07/11,6,20,98528000,4810,5075,4900,90,1.87,4926,116,2.41,4900,5075,1400-6-6,2021-08-28
796,تملي809,تسهيلات مسكن ب. ملي-آذر98,6,44,29620568,670002,640001,703502,33500,5,673195,3193,0.48,640001,703502,1400-6-6,2021-08-28
797,پست0008پ08,پسته فندقي32-30مه ولات0008(پ),6,73,135789800,1840000,1835000,1899989,59989,3.26,1860134,20134,1.09,1835000,1899990,1400-6-6,2021-08-28
798,اخزا906,اسنادخزانه-م6بودجه99-020321,6,533,375123063,704002,704100,704000,-2,0,703796,-206,-0.03,702001,704100,1400-6-6,2021-08-28
799,ضپيك7042,اختيارخ تاپيكو-8070-00/07/18,5,19,141800000,6859,7500,7300,441,6.43,7463,604,8.81,7000,7500,1400-6-6,2021-08-28
800,ضفلا7006,اختيارخ فولاد-12440-1400/07/25,5,41,86391240,1358,1461,1600,242,17.82,1503,145,10.68,1461,1600,1400-6-6,2021-08-28
801,زعف0008پ11,زعفران0008نگين سحرخيز(پ),5,216,33421220,152711,158990,152000,-711,-0.47,154728,2017,1.32,150110,158990,1400-6-6,2021-08-28
802,اراد49,مرابحه عام دولت4-ش.خ 0206,5,50400,46829600000,945000,929000,949000,4000,0.42,929159,-15841,-1.68,929000,949000,1400-6-6,2021-08-28
803,زرين2,صندوق س. سهام زرين كوروش-س,5,800000,800000,13994,1,1,-13993,-99.99,1,-13993,-99.99,1,1,1400-6-6,2021-08-28
804,شسم,توليد سموم‌ علف‌ كش,5,2801,285833647,98123,102047,102047,3924,4,98343,220,0.22,102047,102047,1400-6-6,2021-08-28
805,ضمخا7067,اختيارخ اخابر-13700-1400/07/28,4,53,35256000,55,699,600,545,990.91,665,610,1109.09,600,888,1400-6-6,2021-08-28
806,اخزا813,اسنادخزانه-م13بودجه98-010219,4,2262,1973976280,874438,870001,873001,-1437,-0.16,872669,-1769,-0.2,870001,873001,1400-6-6,2021-08-28
807,ضمخا7066,اختيارخ اخابر-11700-1400/07/28,4,25,24881000,914,1000,990,76,8.32,995,81,8.86,990,1111,1400-6-6,2021-08-28
808,ضغدر8058,اختيارخ وغدير-10000-1400/08/26,4,11,81600000,5300,7500,7400,2100,39.62,7418,2118,39.96,7400,7500,1400-6-6,2021-08-28
809,شگويات.ف0104,اختيارف.تبعي شگويا010408,4,30759,30759,1,1,1,0,0,1,0,0,1,1,1400-6-6,2021-08-28
810,آسام2,صندوق س.آرمان سپهر آشنا-م,4,400000,400000,127030,1,1,-127029,-100,1,-127029,-100,1,1,1400-6-6,2021-08-28
811,ضجار7043,اختيارخ وتجارت-3997-1400/07/21,4,27,400000,34,11,40,6,17.65,15,-19,-55.88,11,40,1400-6-6,2021-08-28
812,تملي711,تسهيلات مسكن ب. ملي-بهمن97,4,37,22430584,577364,606232,606232,28868,5,606232,28868,5,606232,606232,1400-6-6,2021-08-28
813,فسديد,لوله‌وتجهيزات‌ سديد - ورشكسته,4,206,22313714,109413,108319,108319,-1094,-1,109407,-6,-0.01,108319,108319,1400-6-6,2021-08-28
814,ياقوت2,صندوق س ياقوت آگاه-ثابت,4,84727000,84727000,12960,1,1,-12959,-99.99,1,-12959,-99.99,1,1,1400-6-6,2021-08-28
815,زعف0008پ10,زعفران0008نگين طلاي سرخ(پ),4,2129,322458000,150737,152000,152000,1263,0.84,151460,723,0.48,151000,152000,1400-6-6,2021-08-28
816,ضترا8057,اختيارخ شتران-3000-1400/08/09,4,49,251580000,4900,4500,5440,540,11.02,5134,234,4.78,4500,5440,1400-6-6,2021-08-28
817,اراد50,مرابحه عام دولت5-ش.خ0302,4,24100,24100008000,1000001,1000001,1000000,-1,0,1000000,-1,0,1000000,1000001,1400-6-6,2021-08-28
818,ضسان7081,اختيارخ پارسان-28000-00/07/14,4,128,642600000,3607,4700,6200,2593,71.89,5020,1413,39.17,4700,6200,1400-6-6,2021-08-28
819,افاد44,منفعت دولتي4-شرايط خاص14010729,4,5507202,5357133344000,980000,971461,971000,-9000,-0.92,972750,-7250,-0.74,971000,975000,1400-6-6,2021-08-28
820,ضفار8047,اختيارخ فارس-4400-1400/08/05,3,4,33100000,6700,8200,8500,1800,26.87,8275,1575,23.51,8200,8500,1400-6-6,2021-08-28
821,ضملي7006,اختيارخ فملي-17720-1400/07/11,3,3,950000,125,300,300,175,140,317,192,153.6,300,350,1400-6-6,2021-08-28
822,هفارس104,اختيارف ت فارس-11832-01/04/12,3,67450,67450,1,1,1,0,0,1,0,0,1,1,1400-6-6,2021-08-28
823,اراد35,مرابحه عام دولت3-ش.خ 0103,3,2100,2093500000,989000,946000,1000000,11000,1.11,996905,7905,0.8,946000,1000000,1400-6-6,2021-08-28
824,صشستا3112,صكوك اجاره شستا311-بدون ضامن,3,2000000,2000000000000,999999,1000000,1000000,1,0,1000000,1,0,1000000,1000000,1400-6-6,2021-08-28
825,ضصاد8032,اختيارخ وبصادر-1989-1400/08/12,3,122,100778000,665,950,691,26,3.91,826,161,24.21,691,950,1400-6-6,2021-08-28
826,اپال2,فرآوري معدني اپال كاني پارس,3,40000000,982400000000,24720,24560,24560,-160,-0.65,24560,-160,-0.65,24560,24560,1400-6-6,2021-08-28
827,فملي2,ملي‌ صنايع‌ مس‌ ايران‌,3,237200000,3431740000000,14350,14360,14500,150,1.05,14468,118,0.82,14360,14500,1400-6-6,2021-08-28
828,ضترا8059,اختيارخ شتران-3882-1400/08/09,3,36,121800000,2900,3300,3500,600,20.69,3383,483,16.66,3300,3500,1400-6-6,2021-08-28
829,طخود7075,اختيارف خودرو-2000-1400/07/07,3,4,30000,50,1,9,-41,-82,7,-43,-86,1,10,1400-6-6,2021-08-28
830,داريك2,صندوق س.اعتماد داريك-د,3,3000000,3000000,11345,1,1,-11344,-99.99,1,-11344,-99.99,1,1,1400-6-6,2021-08-28
831,تملي702,تسهيلات مسكن ب. ملي-ارديبهشت97,3,31,16122480,495315,520080,520080,24765,5,520080,24765,5,520080,520080,1400-6-6,2021-08-28
832,تملي709,تسهيلات مسكن ب. ملي-آذر97,3,39,32784003,829037,787586,869999,40962,4.94,840615,11578,1.4,787586,870488,1400-6-6,2021-08-28
833,آساس2,صندوق س.آسمان آرماني سهام-س,3,300000,300000,196755,1,1,-196754,-100,1,-196754,-100,1,1,1400-6-6,2021-08-28
834,اراد504,مرابحه عام دولت5-ش.خ0302,2,370000,370000000000,1000001,1000000,1000000,-1,0,1000000,-1,0,1000000,1000000,1400-6-6,2021-08-28
835,زعف0008پ20,زعفران0008نگين وحدت جام(پ),2,36,5185620,143914,144045,144045,131,0.09,144045,131,0.09,144045,144045,1400-6-6,2021-08-28
836,ضجار7042,اختيارخ وتجارت-3497-1400/07/21,2,2,250000,110,101,149,39,35.45,125,15,13.64,101,149,1400-6-6,2021-08-28
837,ضشنا8007,اختيارخ شپنا-16800-1400/08/16,2,10,10000000,998,900,1100,102,10.22,1000,2,0.2,900,1100,1400-6-6,2021-08-28
838,تملي801,تسهيلات مسكن ب. ملي-فروردين98,2,50,36617350,770891,732347,732347,-38544,-5,732347,-38544,-5,732347,732347,1400-6-6,2021-08-28
839,اخزا818,اسنادخزانه-م18بودجه98-010614,2,550,451550000,821000,821000,821000,0,0,821000,0,0,821000,821000,1400-6-6,2021-08-28
840,ضپنا8000,اختيارخ رمپنا-9850-1400/08/05,2,13,101000000,10400,9000,1000,-9400,-90.38,7769,-2631,-25.3,1000,9000,1400-6-6,2021-08-28
841,تملي701,تسهيلات مسكن ب. ملي-فروردين97,2,94,73226000,820000,779000,779000,-41000,-5,779000,-41000,-5,779000,779000,1400-6-6,2021-08-28
842,ضمخا7077,اختيارخ اخابر-6700-1400/07/28,2,2,5019000,4412,4500,519,-3893,-88.24,2509,-1903,-43.13,519,4500,1400-6-6,2021-08-28
843,ضپاس7028,اختيارخ وپارس-2000-1400/07/28,2,4,4985000,1097,1200,1385,288,26.25,1246,149,13.58,1200,1385,1400-6-6,2021-08-28
844,ضچاد7035,اختيارخ كچاد-25870-1400/07/04,2,15,75000000,4100,5000,5000,900,21.95,5000,900,21.95,5000,5000,1400-6-6,2021-08-28
845,ضذوب906,اختيارخ ذوب-6000-14000917,2,2,900000,385,600,300,-85,-22.08,450,65,16.88,300,600,1400-6-6,2021-08-28
846,مشهد0012,مشاركت شهرداري مشهد-3ماهه20%,2,40,40000000,1000000,1000000,1000000,0,0,1000000,0,0,1000000,1000000,1400-6-6,2021-08-28
847,كاوه2,فولاد كاوه جنوب كيش,2,64514859,1424907492360,21890,22100,22040,150,0.69,22086,196,0.9,22040,22100,1400-6-6,2021-08-28
848,كچاد2,معدني‌وصنعتي‌چادرملو,2,55000000,1697700000000,29980,30870,30840,860,2.87,30867,887,2.96,30840,30870,1400-6-6,2021-08-28
849,اراد34,مرابحه عام دولت3-ش.خ 0305,2,250000,250000000000,1000000,1000000,1000000,0,0,1000000,0,0,1000000,1000000,1400-6-6,2021-08-28
850,زير0103پ02,زيره سبز0103 دانش(پ),2,103,80960000,794000,800000,785000,-9000,-1.13,786019,-7981,-1.01,785000,800000,1400-6-6,2021-08-28
851,ضپنا8001,اختيارخ رمپنا-11850-1400/08/05,2,21,167999000,8200,8000,7999,-201,-2.45,8000,-200,-2.44,7999,8000,1400-6-6,2021-08-28
852,ضپيك7043,اختيارخ تاپيكو-10070-00/07/18,2,10,45000000,4458,4500,4500,42,0.94,4500,42,0.94,4500,4500,1400-6-6,2021-08-28
853,ضفلا7003,اختيارخ فولاد-8160-1400/07/25,2,6,37524530,4344,4461,4460,116,2.67,4461,117,2.69,4460,4461,1400-6-6,2021-08-28
854,زعف0008پ05,زعفران0008نگين زرين(پ),2,101,14548545,143743,144045,144045,302,0.21,144045,302,0.21,144045,144045,1400-6-6,2021-08-28
855,اعتماد2,صندوق س.اعتماد آفرين پارسيان-د,2,14000000,14000000,38338,1,1,-38337,-100,1,-38337,-100,1,1,1400-6-6,2021-08-28
856,سپرمي,پرميت‌,2,1191,11036997,9176,9267,9267,91,0.99,9177,1,0.01,9267,9267,1400-6-6,2021-08-28
857,زعف0008پ19,زعفران0008نگين تروند قاينات(پ),2,73,11045710,151378,144045,159200,7822,5.17,151311,-67,-0.04,144045,159200,1400-6-6,2021-08-28
858,وسالت,بانك قرض الحسنه رسالت,2,19020,21777900,1112,1145,1145,33,2.97,1112,0,0,1145,1145,1400-6-6,2021-08-28
859,كاريس4,صندوق س.سپهر كاريزما-س,1,19000000,297920000000,15323,15680,15680,357,2.33,15680,357,2.33,15680,15680,1400-6-6,2021-08-28
860,ضخوز7037,اختيارخ فخوز-11200-1400/07/14,1,1,7100000,5850,7100,7100,1250,21.37,7100,1250,21.37,7100,7100,1400-6-6,2021-08-28
861,سمازن2,سيمان‌مازندران‌,1,5000000,85000000000,16670,17000,17000,330,1.98,17000,330,1.98,17000,17000,1400-6-6,2021-08-28
862,ضخوز7038,اختيارخ فخوز-13200-1400/07/14,1,50,350000000,5500,7000,7000,1500,27.27,7000,1500,27.27,7000,7000,1400-6-6,2021-08-28
863,اراد594,مرابحه عام دولتي5-ش.خ 0309,1,8000000,7473472000000,1000000,934184,934184,-65816,-6.58,934184,-65816,-6.58,934184,934184,1400-6-6,2021-08-28
864,اراد334,مرابحه عام دولت3-ش.خ 0303,1,1597000,1415323683000,882040,886239,886239,4199,0.48,886239,4199,0.48,886239,886239,1400-6-6,2021-08-28
865,ضچاد7034,اختيارخ كچاد-21870-1400/07/04,1,1,9001000,9750,9001,9001,-749,-7.68,9001,-749,-7.68,9001,9001,1400-6-6,2021-08-28
866,ضفلا7000,اختيارخ فولاد-5306-1400/07/25,1,2,22011400,8000,7850,7850,-150,-1.88,7850,-150,-1.88,7850,7850,1400-6-6,2021-08-28
867,سيدكو2,سرمايه گذاري توسعه صنايع سيمان,1,15000000,126150000000,8080,8410,8410,330,4.08,8410,330,4.08,8410,8410,1400-6-6,2021-08-28
868,اشاد10,مشاركت دولتي10-شرايط خاص001226,1,10000,9749000000,974999,974900,974900,-99,-0.01,974900,-99,-0.01,974900,974900,1400-6-6,2021-08-28
869,ضپيك7044,اختيارخ تاپيكو-12070-00/07/18,1,3,12000000,4000,4000,4000,0,0,4000,0,0,4000,4000,1400-6-6,2021-08-28
870,حكمت01,مشاركت حكمت ايرانيان 140107,1,5,4937500,1012500,987500,987500,-25000,-2.47,987500,-25000,-2.47,987500,987500,1400-6-6,2021-08-28
871,اخزا723,اسنادخزانه-م23بودجه97-000824,1,36,34483464,955812,957874,957874,2062,0.22,957874,2062,0.22,957874,957874,1400-6-6,2021-08-28
872,فارس2,صنايع پتروشيمي خليج فارس,1,11400000,154698000000,13460,13570,13570,110,0.82,13570,110,0.82,13570,13570,1400-6-6,2021-08-28
873,اراد404,مرابحه عام دولت4-ش.خ 0207,1,1047000,954812697000,1000000,911951,911951,-88049,-8.8,911951,-88049,-8.8,911951,911951,1400-6-6,2021-08-28
874,ضشنا8000,اختيارخ شپنا-5800-1400/08/16,1,3,30000000,8000,10000,10000,2000,25,10000,2000,25,10000,10000,1400-6-6,2021-08-28
875,شسپا4,نفت سپاهان,1,50000000,139150000000,2770,2783,2783,13,0.47,2783,13,0.47,2783,2783,1400-6-6,2021-08-28
876,وبصادر2,بانك صادرات ايران,1,100000000,277000000000,2713,2770,2770,57,2.1,2770,57,2.1,2770,2770,1400-6-6,2021-08-28
877,ضصاد8034,اختيارخ وبصادر-2989-1400/08/12,1,1,364000,226,364,364,138,61.06,364,138,61.06,364,364,1400-6-6,2021-08-28
878,همبين102,اختيارف ت مبين17952-01/02/10,1,100000,100000,1,1,1,0,0,1,0,0,1,1,1400-6-6,2021-08-28
879,ضترا8056,اختيارخ شتران-2558-1400/08/09,1,1,4000000,4918,4000,4000,-918,-18.67,4000,-918,-18.67,4000,4000,1400-6-6,2021-08-28
880,لوتوس2,تامين سرمايه لوتوس پارسيان,1,32000000,297280000000,9290,9290,9290,0,0,9290,0,0,9290,9290,1400-6-6,2021-08-28
881,اراد704,مرابحه عام دولت70-ش.خ0112,1,17114000,16184709800000,943750,945700,945700,1950,0.21,945700,1950,0.21,945700,945700,1400-6-6,2021-08-28
882,اراد494,مرابحه عام دولت4-ش.خ 0206,1,255000,239317500000,945000,938500,938500,-6500,-0.69,938500,-6500,-0.69,938500,938500,1400-6-6,2021-08-28
883,ضصاد8035,اختيارخ وبصادر-3489-1400/08/12,1,1,66000,119,66,66,-53,-44.54,66,-53,-44.54,66,66,1400-6-6,2021-08-28
884,دمعيار2,صندوق س. توازن معيار-د,1,6500000,6500000,10015,1,1,-10014,-99.99,1,-10014,-99.99,1,1,1400-6-6,2021-08-28
885,پادا2,صندوق س.پاداش سرمايه پارس-س,1,10000,10000,127381,1,1,-127380,-100,1,-127380,-100,1,1,1400-6-6,2021-08-28
886,مكرج112,مشاركت شهرداري كرج-3ماهه18%,1,500,476500000,943000,953000,953000,10000,1.06,953000,10000,1.06,953000,953000,1400-6-6,2021-08-28
887,اخزا821,اسنادخزانه-م21بودجه98-020906,1,200,127000000,637253,635000,635000,-2253,-0.35,635000,-2253,-0.35,635000,635000,1400-6-6,2021-08-28
888,ومعادن2,توسعه‌معادن‌وفلزات‌,1,30000000,381300000000,12660,12710,12710,50,0.39,12710,50,0.39,12710,12710,1400-6-6,2021-08-28
889,اراد454,مرابحه عام دولت4-ش.خ 0107,1,343000,330068900000,950000,962300,962300,12300,1.29,962300,12300,1.29,962300,962300,1400-6-6,2021-08-28
890,اپال4,فرآوري معدني اپال كاني پارس,1,50000000,1222000000000,24720,24440,24440,-280,-1.13,24440,-280,-1.13,24440,24440,1400-6-6,2021-08-28
891,كيش0211,خريد دين توسعه كيش14021110,1,10,10000000,990000,1000000,1000000,10000,1.01,1000000,10000,1.01,1000000,1000000,1400-6-6,2021-08-28
892,ضپيك7039,اختيارخ تاپيكو-5070-00/07/18,1,10,93000000,9500,9300,9300,-200,-2.11,9300,-200,-2.11,9300,9300,1400-6-6,2021-08-28
893,ضپال2006,اختيارخ اپال-28000-1401/02/12,1,40,140000000,3000,3500,3500,500,16.67,3500,500,16.67,3500,3500,1400-6-6,2021-08-28
894,افاد82,منفعت دولت8-ش.خاص لوتوس0205,1,2000,1900000000,960000,950000,950000,-10000,-1.04,950000,-10000,-1.04,950000,950000,1400-6-6,2021-08-28
895,اراد464,مرابحه عام دولت4-ش.خ 0302,1,235000,235000235000,1000000,1000001,1000001,1,0,1000001,1,0,1000001,1000001,1400-6-6,2021-08-28
896,فولاد2,فولاد مباركه اصفهان,1,80500000,1002225000000,12370,12450,12450,80,0.65,12450,80,0.65,12450,12450,1400-6-6,2021-08-28
897,فايرا2,آلومينيوم‌ايران‌,1,7000000,126700000000,17990,18100,18100,110,0.61,18100,110,0.61,18100,18100,1400-6-6,2021-08-28
898,كگل2,معدني و صنعتي گل گهر,1,50000000,1260500000000,25020,25210,25210,190,0.76,25210,190,0.76,25210,25210,1400-6-6,2021-08-28
899,غگز,گز سكه,1,50000,760000000,15700,15200,15200,-500,-3.18,15200,-500,-3.18,15200,15200,1400-6-6,2021-08-28
900,اراد434,مرابحه عام دولت4-ش.خ 0205,1,1568000,1626927008000,935000,1037581,1037581,102581,10.97,1037581,102581,10.97,1037581,1037581,1400-6-6,2021-08-28
901,فجوش,جوش‌ و اكسيژن‌ ايران‌,1,40,64280,1531,1607,1607,76,4.96,1531,0,0,1607,1607,1400-6-6,2021-08-28
902,ضذوب901,اختيارخ ذوب-3000-14000917,1,1,1900000,222,1900,1900,1678,755.86,1900,1678,755.86,1900,1900,1400-6-6,2021-08-28
903,اراد73,مرابحه عام دولت73-ش.خ0402,1,1000,960000000,1000000,960000,960000,-40000,-4,960000,-40000,-4,960000,960000,1400-6-6,2021-08-28
904,اخزا9082,اسنادخزانه-م8بودجه99-020606,1,281047,188863584000,668302,672000,672000,3698,0.55,672000,3698,0.55,672000,672000,1400-6-6,2021-08-28
905,وبملت2,بانك ملت,1,43000000,197800000000,4482,4600,4600,118,2.63,4600,118,2.63,4600,4600,1400-6-6,2021-08-28
906,ضغدر8059,اختيارخ وغدير-12000-1400/08/26,1,2,11400000,3500,5700,5700,2200,62.86,5700,2200,62.86,5700,5700,1400-6-6,2021-08-28
907,اخزا9102,اسنادخزانه-م10بودجه99-020807,1,200000,128300000000,647038,641500,641500,-5538,-0.86,641500,-5538,-0.86,641500,641500,1400-6-6,2021-08-28
908,الماس4,صندوق س.امين تدبيرگران فردا-س,1,50000,6765950000,132523,135319,135319,2796,2.11,135319,2796,2.11,135319,135319,1400-6-6,2021-08-28
909,ضشنا8002,اختيارخ شپنا-7800-1400/08/16,1,5,38000000,7414,7600,7600,186,2.51,7600,186,2.51,7600,7600,1400-6-6,2021-08-28
910,زعف0008پ08,زعفران0008نگين روستا(پ),1,1,144045,143914,144045,144045,131,0.09,144045,131,0.09,144045,144045,1400-6-6,2021-08-28
911,كاما2,باما,1,20000000,270000000000,13340,13500,13500,160,1.2,13500,160,1.2,13500,13500,1400-6-6,2021-08-28
912,تفيرو,مهندسي فيروزا,1,484,9450584,19144,19526,19526,382,2,19147,3,0.02,19526,19526,1400-6-6,2021-08-28
913,اراد43,مرابحه عام دولت4-ش.خ 0205,1,5900,5454550000,935000,924500,924500,-10500,-1.12,924500,-10500,-1.12,924500,924500,1400-6-6,2021-08-28
914,ضگل8072,اختيارخ كگل-8700-1400/08/23,1,1,17000000,17000,17000,17000,0,0,17000,0,0,17000,17000,1400-6-6,2021-08-28
915,ضترا8055,اختيارخ شتران-2118-1400/08/09,1,5,35500000,6500,7100,7100,600,9.23,7100,600,9.23,7100,7100,1400-6-6,2021-08-28
916,اراد834,مرابحه عام دولت83-ش.خ041220,1,10000000,9171800000000,1000000,917180,917180,-82820,-8.28,917180,-82820,-8.28,917180,917180,1400-6-6,2021-08-28
