,نماد,نام,تعداد,حجم,ارزش,دیروز,اولین,آخرین معامله - مقدار,آخرین معامله - تغییر,آخرین معامله - درصد,قیمت پایانی - مقدار,قیمت پایانی - تغییر,قیمت پایانی - درصد,کمترین,بیشترین,تاریخ,gregorian_date
0,پالايش,صندوق پالايشي يكم-سهام,40290,47481028,3421439226690,69460,71280,71190,1730,2.49,72060,2600,3.74,69770,73800,1400-8-11,2021-11-02
1,دارا يكم,صندوق واسطه گري مالي يكم-سهام,20825,13674441,1522991640030,108150,110230,109850,1700,1.57,111380,3230,2.99,108350,113350,1400-8-11,2021-11-02
2,بركت,گروه دارويي بركت,18657,54185727,1094445624950,20860,20010,20750,-110,-0.53,20200,-660,-3.16,19820,20850,1400-8-11,2021-11-02
3,بركتح,ح . گروه دارويي بركت,15929,29635500,506596631150,17214,16100,17650,436,2.53,17090,-124,-0.72,16040,18440,1400-8-11,2021-11-02
4,شبندر,پالايش نفت بندرعباس,10413,165129255,1034300329300,6010,6130,6310,300,4.99,6260,250,4.16,6070,6310,1400-8-11,2021-11-02
5,فجهان,مجتمع جهان فولاد سيرجان,10171,39679008,235269953121,5897,5830,5940,43,0.73,5929,32,0.54,5802,5999,1400-8-11,2021-11-02
6,فولاد,فولاد مباركه اصفهان,9937,80821341,942911578100,11400,11680,11800,400,3.51,11670,270,2.37,11510,11840,1400-8-11,2021-11-02
7,فسبزوار,پارس فولاد سبزوار,9831,5671333,198014791230,34840,34830,34920,80,0.23,34920,80,0.23,34700,35300,1400-8-11,2021-11-02
8,شپنا,پالايش نفت اصفهان,9353,58460472,639824600690,10610,10800,10970,360,3.39,10940,330,3.11,10630,11130,1400-8-11,2021-11-02
9,فرابورس,فرابورس ايران,8970,26620075,729469248663,26341,26700,27658,1317,5,27403,1062,4.03,26350,27658,1400-8-11,2021-11-02
10,مديريت,س. و خدمات مديريت صند. ب كشوري,8024,22600617,223565982080,9489,9850,9963,474,5,9892,403,4.25,9536,9963,1400-8-11,2021-11-02
11,كدما,معدني‌ دماوند,7398,4384625,409663292570,93470,92500,92300,-1170,-1.25,93430,-40,-0.04,90010,96500,1400-8-11,2021-11-02
12,كيمياتك,آريان كيميا تك,7116,1879654,49198787560,26190,26470,26180,-10,-0.04,26170,-20,-0.08,25910,26900,1400-8-11,2021-11-02
13,فملي,ملي‌ صنايع‌ مس‌ ايران‌,6366,32826433,435921570420,13140,13210,13300,160,1.22,13280,140,1.07,13150,13390,1400-8-11,2021-11-02
14,غزر,صنعتي زر ماكارون,6248,25951712,276423958770,10160,10660,10660,500,4.92,10650,490,4.82,10450,10660,1400-8-11,2021-11-02
15,شتران,پالايش نفت تهران,5942,54913532,249527769490,4430,4480,4534,104,2.35,4544,114,2.57,4430,4637,1400-8-11,2021-11-02
16,خودرو,ايران‌ خودرو,5866,318838776,547628392112,1648,1698,1730,82,4.98,1718,70,4.25,1681,1730,1400-8-11,2021-11-02
17,كمند,صندوق س. با درآمد ثابت كمند,5633,227526608,2307889179441,10138,10145,10144,6,0.06,10143,5,0.05,10143,10145,1400-8-11,2021-11-02
18,سپيد,سپيد ماكيان,5410,4425748,245633679540,53350,52920,55700,2350,4.4,55500,2150,4.03,52010,56010,1400-8-11,2021-11-02
19,خساپا,سايپا,5174,280573282,438137368621,1500,1535,1575,75,5,1562,62,4.13,1515,1575,1400-8-11,2021-11-02
20,وسديد,گروه ‌صنعتي‌سديد,5045,94709535,92040360380,980,960,995,15,1.53,972,-8,-0.82,932,1011,1400-8-11,2021-11-02
21,شپترو,پتروشيمي آبادان,4927,119699149,434710041636,3799,3610,3718,-81,-2.13,3632,-167,-4.4,3610,3720,1400-8-11,2021-11-02
22,توسن,توسعه سامانه ي نرم افزاري نگين,4875,1062075,15462749925,13866,14559,14559,693,5,14559,693,5,14559,14559,1400-8-11,2021-11-02
23,وتجارت,بانك تجارت,4854,114687123,210301673645,1767,1800,1830,63,3.57,1834,67,3.79,1776,1855,1400-8-11,2021-11-02
24,غگيلا,شيرپاستوريزه پگاه گيلان,4806,6852911,117593328213,17101,16690,17640,539,3.15,17160,59,0.35,16246,17900,1400-8-11,2021-11-02
25,وهامون,سرمايه گذاري هامون صبا,4592,11985565,34404027840,2763,2850,2901,138,4.99,2870,107,3.87,2760,2901,1400-8-11,2021-11-02
26,نوري,پتروشيمي نوري,4398,4675605,520399338670,110250,110800,111670,1420,1.29,111300,1050,0.95,109750,112000,1400-8-11,2021-11-02
27,آريا,پليمر آريا ساسول,4366,2919965,323327450779,108310,108700,113490,5180,4.78,110730,2420,2.23,108001,113550,1400-8-11,2021-11-02
28,كرمان,س. توسعه و عمران استان كرمان,4359,131285920,132460861202,989,995,1017,28,2.83,1009,20,2.02,981,1029,1400-8-11,2021-11-02
29,امين,تامين سرمايه امين,4236,7291847,86414562240,11840,11860,11870,30,0.25,11850,10,0.08,11600,12010,1400-8-11,2021-11-02
30,خصدرا,صنعتي‌ دريايي‌ ايران‌,4128,99322967,260183932886,2545,2541,2672,127,4.99,2620,75,2.95,2422,2672,1400-8-11,2021-11-02
31,رافزا,رايان هم افزا,3915,617661,32693179714,54609,52060,53290,-1319,-2.42,52931,-1678,-3.07,52060,54200,1400-8-11,2021-11-02
32,كيان,صندوق س. با درآمد ثابت كيان,3829,58006753,1818852269248,31339,31355,31357,18,0.06,31356,17,0.05,31354,31358,1400-8-11,2021-11-02
33,وبصادر,بانك صادرات ايران,3716,100407757,179415205142,1729,1796,1780,51,2.95,1787,58,3.35,1740,1815,1400-8-11,2021-11-02
34,تسه0007,امتيازتسهيلات مسكن مهر1400,3702,104089,73356166460,703732,695000,712000,8268,1.17,704745,1013,0.14,690001,718989,1400-8-11,2021-11-02
35,ديران,ايران‌دارو,3554,10340716,250069280050,24920,23680,24720,-200,-0.8,24180,-740,-2.97,23680,25300,1400-8-11,2021-11-02
36,سپيدار,سپيدار سيستم آسيا,3402,1982105,35548636389,17106,17500,17961,855,5,17935,829,4.85,17500,17961,1400-8-11,2021-11-02
37,سمگا,گروه سرمايه گذاري ميراث فرهنگي,3354,66937687,614716749263,9595,9170,9220,-375,-3.91,9183,-412,-4.29,9116,9547,1400-8-11,2021-11-02
38,آبادا,توليد نيروي برق آبادان,3264,2284217,33154829810,14590,14600,14610,20,0.14,14510,-80,-0.55,14060,14730,1400-8-11,2021-11-02
39,ثشاهد,سرمايه‌ گذاري‌ شاهد,3257,16449341,190030888780,11580,11400,11520,-60,-0.52,11550,-30,-0.26,11080,11900,1400-8-11,2021-11-02
40,كاما,باما,3199,18309940,148433105750,8060,7870,8110,50,0.62,8110,50,0.62,7750,8290,1400-8-11,2021-11-02
41,سنير,سيمان‌ سفيد ني‌ريز,3124,1820358,153720677830,88290,84000,83880,-4410,-4.99,84450,-3840,-4.35,83880,86800,1400-8-11,2021-11-02
42,ذوب,سهامي ذوب آهن  اصفهان,3120,49900773,188449267097,3696,3750,3790,94,2.54,3776,80,2.16,3698,3840,1400-8-11,2021-11-02
43,صبا,سرمايه گذاري صبا تامين,3101,13396593,81755522264,6000,6080,6119,119,1.98,6076,76,1.27,5931,6146,1400-8-11,2021-11-02
44,وملي,گروه‌ صنعتي‌ ملي‌ (هلدينگ‌,3060,1127843,190978970420,177100,176500,168250,-8850,-5,169330,-7770,-4.39,168250,176500,1400-8-11,2021-11-02
45,شاروم,پتروشيمي اروميه,2982,2017026,26398745937,12835,12870,13290,455,3.54,13088,253,1.97,12820,13443,1400-8-11,2021-11-02
46,بكاب,صنايع‌جوشكاب‌يزد,2935,1289313,148589153290,120090,116840,116800,-3290,-2.74,115250,-4840,-4.03,114090,121400,1400-8-11,2021-11-02
47,خگستر,گسترش‌سرمايه‌گذاري‌ايران‌خودرو,2887,107842238,217489942757,1936,1999,2032,96,4.96,2017,81,4.18,1951,2032,1400-8-11,2021-11-02
48,چخزر,صنايع چوب خزر كاسپين,2857,458137,12636763689,27234,27880,27550,316,1.16,27538,304,1.12,27005,27995,1400-8-11,2021-11-02
49,گدنا,تهيه توزيع غذاي دنا آفرين فدك,2823,2284677,33822302610,14431,14970,14660,229,1.59,14804,373,2.58,14539,15060,1400-8-11,2021-11-02
50,اعتماد,صندوق س.اعتماد آفرين پارسيان-د,2784,71438370,2837244392590,39693,39714,39719,26,0.07,39716,23,0.06,39714,39719,1400-8-11,2021-11-02
51,ولكار,ليزينگ كارآفرين,2782,3140730,13132089155,4220,4200,4190,-30,-0.71,4185,-35,-0.83,4100,4284,1400-8-11,2021-11-02
52,ومدير,گ.مديريت ارزش سرمايه ص ب كشوري,2707,12020174,52832654194,4274,4222,4389,115,2.69,4395,121,2.83,4191,4475,1400-8-11,2021-11-02
53,بوعلي,پتروشيمي بوعلي سينا,2679,1283066,93768437080,72110,72260,72910,800,1.11,73000,890,1.23,72200,73800,1400-8-11,2021-11-02
54,لطيف,محصولات كاغذي لطيف,2645,346650,12686840536,36527,35850,36451,-76,-0.21,36591,64,0.18,35810,37660,1400-8-11,2021-11-02
55,سرو,صندوق س سروسودمند مدبران-سهام,2565,2775579,197184852210,70480,70800,70750,270,0.38,71040,560,0.79,69130,72000,1400-8-11,2021-11-02
56,وسپهر,سرمايه گذاري مالي سپهرصادرات,2524,7789217,55022419123,7073,7062,7060,-13,-0.18,7067,-6,-0.08,7060,7100,1400-8-11,2021-11-02
57,غنوش,نوش‌ مازندران‌,2512,6780833,192327240820,29790,28310,28310,-1480,-4.97,28360,-1430,-4.8,28310,29790,1400-8-11,2021-11-02
58,بپيوند,برق و انرژي پيوندگستر پارس,2508,1490273,14412071571,9292,9464,9756,464,4.99,9649,357,3.84,9260,9756,1400-8-11,2021-11-02
59,سيتا,سرمايه گذاري سيمان تامين,2503,3495740,33881411540,9420,9300,9890,470,4.99,9640,220,2.34,9260,9890,1400-8-11,2021-11-02
60,ثاميد,توسعه و عمران اميد,2469,17764731,25027669884,1377,1397,1425,48,3.49,1409,32,2.32,1377,1430,1400-8-11,2021-11-02
61,ثفارس,عمران‌وتوسعه‌فارس‌,2446,18411923,165418812360,9330,9040,8880,-450,-4.82,8980,-350,-3.75,8870,9300,1400-8-11,2021-11-02
62,شصدف,صنعتي دوده فام,2435,3486970,101385797047,29129,28880,29188,59,0.2,29076,-53,-0.18,28320,29879,1400-8-11,2021-11-02
63,دماوند,توليد نيروي برق دماوند,2415,3680245,69716410578,18175,18460,19083,908,5,18943,768,4.23,18400,19083,1400-8-11,2021-11-02
64,خلنت,لنت‌ ترمزايران‌,2405,1697117,148224956010,87720,83350,89000,1280,1.46,87340,-380,-0.43,83340,92000,1400-8-11,2021-11-02
65,وهنر,گروه توسعه هنر ايران,2396,33562798,113755466043,3547,3370,3422,-125,-3.52,3389,-158,-4.45,3370,3480,1400-8-11,2021-11-02
66,فروي,ذوب روي اصفهان,2385,3851042,85236767487,22228,21700,22550,322,1.45,22133,-95,-0.43,21650,22900,1400-8-11,2021-11-02
67,فگستر,گسترش صنايع روي ايرانيان,2384,1061497,10322133229,9715,9500,9650,-65,-0.67,9722,7,0.07,9402,9940,1400-8-11,2021-11-02
68,ولپارس,ليزينگ پارسيان,2361,4376449,17460741960,3946,4050,3990,44,1.12,3990,44,1.12,3946,4050,1400-8-11,2021-11-02
69,هاي وب,داده گسترعصرنوين-هاي وب,2349,23266102,193587045080,8220,8100,8290,70,0.85,8320,100,1.22,8000,8500,1400-8-11,2021-11-02
70,حكشتي,كشتيراني جمهوري اسلامي ايران,2329,16111476,208897561560,12440,12650,13060,620,4.98,12970,530,4.26,12200,13060,1400-8-11,2021-11-02
71,تسه0006,امتيازتسهيلات مسكن شهريور1400,2320,77332,54450884323,694535,700000,700000,5465,0.79,704118,9583,1.38,684467,720000,1400-8-11,2021-11-02
72,خپارس,پارس‌ خودرو,2318,126423744,132401842427,1008,1030,1058,50,4.96,1047,39,3.87,1020,1058,1400-8-11,2021-11-02
73,آپ,آسان پرداخت پرشين,2294,12845726,135262388630,11000,10960,10490,-510,-4.64,10530,-470,-4.27,10450,10960,1400-8-11,2021-11-02
74,وكبهمن,مديريت سرمايه گذاري كوثربهمن,2291,713089,7092218931,9791,9710,9900,109,1.11,9867,76,0.78,9500,10140,1400-8-11,2021-11-02
75,كزغال,زغال سنگ پروده طبس,2282,580484,18088593208,31006,31000,31221,215,0.69,31119,113,0.36,30700,31800,1400-8-11,2021-11-02
76,حفاري,حفاري شمال,2248,20980952,88434376276,4222,4092,4260,38,0.9,4215,-7,-0.17,4050,4300,1400-8-11,2021-11-02
77,زاگرس,پتروشيمي زاگرس,2220,557077,152774143446,275247,275200,271924,-3323,-1.21,274242,-1005,-0.37,265000,284999,1400-8-11,2021-11-02
78,شاراك,پتروشيمي شازند,2200,3107332,141330558810,45280,45760,44670,-610,-1.35,45480,200,0.44,44500,46240,1400-8-11,2021-11-02
79,غكورش,صنعت غذايي كورش,2148,1382803,61001261700,42200,42270,44310,2110,5,44110,1910,4.53,42270,44310,1400-8-11,2021-11-02
80,تاپكيش,تجارت الكترونيك پارسيان كيش,2122,12511079,193317121725,15646,14869,16200,554,3.54,15452,-194,-1.24,14864,16400,1400-8-11,2021-11-02
81,شغدير,پتروشيمي غدير,2122,2175123,199948425040,92310,91900,91150,-1160,-1.26,91930,-380,-0.41,89010,93540,1400-8-11,2021-11-02
82,پترول,گ.س.وت.ص.پتروشيمي خليج فارس,2104,16886729,50850597240,2933,3030,3026,93,3.17,2980,47,1.6,2930,3050,1400-8-11,2021-11-02
83,فتوسا,توليد و توسعه سرب روي ايرانيان,2092,472689,5097299854,10769,10355,10860,91,0.85,10774,5,0.05,10355,10979,1400-8-11,2021-11-02
84,امين يكم,صندوق درآمد ثابت امين يكم فردا,2083,53291786,535763572838,10047,10055,10056,9,0.09,10053,6,0.06,10050,10058,1400-8-11,2021-11-02
85,زملارد,كشاورزي و دامپروري ملارد شير,2063,318074,6354500608,19401,19600,20150,749,3.86,19653,252,1.3,19500,20290,1400-8-11,2021-11-02
86,لكما,كارخانجات‌مخابراتي‌ايران‌,2030,60658552,65438345540,1069,1080,1098,29,2.71,1079,10,0.94,1038,1100,1400-8-11,2021-11-02
87,شگويا,پتروشيمي تندگويان,1994,8650335,94058260896,10606,10970,10990,384,3.62,10847,241,2.27,10660,10990,1400-8-11,2021-11-02
88,بگيلان,توسعه مسير برق گيلان,1988,483781,7232144895,14807,14550,14999,192,1.3,14847,40,0.27,14550,15150,1400-8-11,2021-11-02
89,وغدير,سرمايه‌گذاري‌غدير(هلدينگ‌,1982,13958301,206604593790,14730,14500,14750,20,0.14,14800,70,0.48,14490,15080,1400-8-11,2021-11-02
90,واحصا,احياء صنايع خراسان,1951,2409778,121256563989,51732,49190,51890,158,0.31,50319,-1413,-2.73,49172,52772,1400-8-11,2021-11-02
91,شپلي,پلي اكريل ايران,1949,22121930,174154875626,8047,8096,8060,13,0.16,7872,-175,-2.17,7806,8096,1400-8-11,2021-11-02
92,سفاسي,شركت فارسيت اهواز,1899,18537177,71078947669,3876,3683,3981,105,2.71,3834,-42,-1.08,3683,3981,1400-8-11,2021-11-02
93,وخارزم,سرمايه گذاري خوارزمي,1896,30933130,128476401758,3988,4068,4187,199,4.99,4153,165,4.14,4010,4187,1400-8-11,2021-11-02
94,ومعادن,توسعه‌معادن‌وفلزات‌,1870,10061922,100679817420,9850,9860,10030,180,1.83,9980,130,1.32,9860,10140,1400-8-11,2021-11-02
95,خبهمن,گروه‌بهمن‌,1773,90551698,150785529527,1602,1624,1682,80,4.99,1665,63,3.93,1602,1682,1400-8-11,2021-11-02
96,فاذر,صنايع‌ آذرآب‌,1743,55850100,49504685926,883,890,883,0,0,886,3,0.34,859,900,1400-8-11,2021-11-02
97,سيمرغ,سيمرغ,1657,9083606,200484657260,21070,21730,22120,1050,4.98,22070,1000,4.75,21130,22120,1400-8-11,2021-11-02
98,آگاس,صندوق س.هستي بخش آگاه-س,1644,1460432,116471190695,79597,79200,79220,-377,-0.47,79751,154,0.19,78414,80410,1400-8-11,2021-11-02
99,غگل,گلوكوزان‌,1639,27044029,86724864611,3161,3170,3240,79,2.5,3207,46,1.46,3110,3264,1400-8-11,2021-11-02
100,شبريز,پالايش نفت تبريز,1616,2838285,94809337640,32860,32990,33200,340,1.03,33400,540,1.64,32850,34150,1400-8-11,2021-11-02
101,وكار,بانك‌ كارآفرين‌,1611,58245277,183955528599,3136,3170,3023,-113,-3.6,3158,22,0.7,3005,3199,1400-8-11,2021-11-02
102,قيستو,شركت قند بيستون,1598,4573286,115607964455,25029,24279,24380,-649,-2.59,25279,250,1,24279,25779,1400-8-11,2021-11-02
103,قثابت,قند ثابت‌ خراسان‌,1548,58863616,127185131624,2071,2050,2174,103,4.97,2161,90,4.35,2000,2174,1400-8-11,2021-11-02
104,بترانس,ايران‌ ترانسفو,1529,25882117,55377992107,2064,2148,2157,93,4.51,2140,76,3.68,2070,2166,1400-8-11,2021-11-02
105,شلرد,كود شيميايي اوره لردگان,1512,11858291,111428496189,9194,9265,9417,223,2.43,9397,203,2.21,9175,9469,1400-8-11,2021-11-02
106,چكاپا,گروه صنايع كاغذ پارس,1507,23596111,65815225010,2782,2770,2800,18,0.65,2789,7,0.25,2701,2830,1400-8-11,2021-11-02
107,خاهن,آهنگري‌ تراكتورسازي‌ ايران‌,1503,24449094,127833970740,5400,5240,5200,-200,-3.7,5230,-170,-3.15,5130,5360,1400-8-11,2021-11-02
108,كماسه,تامين‌ ماسه‌ ريخته‌گري‌,1473,23453072,122931545990,5000,5070,5250,250,5,5240,240,4.8,5070,5250,1400-8-11,2021-11-02
109,وپويا,سرمايه گذاري پويا,1469,2972235,11877660688,3902,3920,4047,145,3.72,3976,74,1.9,3920,4050,1400-8-11,2021-11-02
110,وپارس,بانك‌پارسيان‌,1445,38173432,80222894681,2058,2108,2102,44,2.14,2088,30,1.46,2073,2131,1400-8-11,2021-11-02
111,شفارس,صنايع‌ شيميايي‌ فارس‌,1445,37782366,44102605926,1198,1190,1175,-23,-1.92,1167,-31,-2.59,1144,1209,1400-8-11,2021-11-02
112,وصنعت,سرمايه گذاري توسعه صنعت وتجارت,1434,7126854,45086621740,6570,6420,6310,-260,-3.96,6330,-240,-3.65,6250,6600,1400-8-11,2021-11-02
113,كاوه,فولاد كاوه جنوب كيش,1429,7105541,110054473860,14940,15590,15680,740,4.95,15490,550,3.68,15020,15680,1400-8-11,2021-11-02
114,حگردش,ريل گردش ايرانيان,1411,21035032,77957324419,3609,3699,3715,106,2.94,3706,97,2.69,3609,3717,1400-8-11,2021-11-02
115,ختور,رادياتور ايران‌,1406,5778839,92255800360,15680,15330,15950,270,1.72,15960,280,1.79,15040,16350,1400-8-11,2021-11-02
116,فخوز,فولاد  خوزستان,1393,5868424,92926949510,15610,15940,15840,230,1.47,15790,180,1.15,15680,16000,1400-8-11,2021-11-02
117,فروس,فروسيليس‌ ايران‌,1385,13170916,100692992040,7700,7920,7500,-200,-2.6,7650,-50,-0.65,7350,7920,1400-8-11,2021-11-02
118,شسپا,نفت سپاهان,1384,25837868,82973293762,3180,3219,3218,38,1.19,3211,31,0.97,3161,3272,1400-8-11,2021-11-02
119,ثتران,سرمايه گذاري مسكن تهران,1377,13907068,64141026938,4566,4500,4505,-61,-1.34,4612,46,1.01,4391,4767,1400-8-11,2021-11-02
120,ضخود1052,اختيارخ خودرو-2000-1400/10/08,1375,62483,4701912000,55,63,79,24,43.64,75,20,36.36,56,108,1400-8-11,2021-11-02
121,فافق,صنايع مس افق كرمان,1374,27490184,104816683498,3900,3783,3900,0,0,3813,-87,-2.23,3783,3930,1400-8-11,2021-11-02
122,خمهرح,ح . مهركام‌پارس‌,1371,27576734,21759963156,1382,735,808,-574,-41.53,789,-593,-42.91,735,808,1400-8-11,2021-11-02
123,كحافظح,ح . كاشي‌ وسراميك‌ حافظ‌,1357,20538858,38843197897,1945,1930,1880,-65,-3.34,1891,-54,-2.78,1840,1975,1400-8-11,2021-11-02
124,اپال,فرآوري معدني اپال كاني پارس,1357,1515689,32605059200,20820,21500,21570,750,3.6,21000,180,0.86,21220,21640,1400-8-11,2021-11-02
125,خبنيان,بنيان ديزل,1347,98999,16694033809,163817,168731,168731,4914,3,168628,4811,2.94,165261,168731,1400-8-11,2021-11-02
126,ولساپا,ليزينگ رايان‌ سايپا,1344,47117824,122851864429,2496,2485,2587,91,3.65,2607,111,4.45,2485,2620,1400-8-11,2021-11-02
127,وسكرمان,س.سهام عدالت استان كرمان,1335,96417121,41078331947,427,420,432,5,1.17,426,-1,-0.23,414,435,1400-8-11,2021-11-02
128,شپديس,پتروشيمي پرديس,1335,1208915,211264006500,169400,170000,174800,5400,3.19,174760,5360,3.16,170000,177800,1400-8-11,2021-11-02
129,غمينو,شركت صنايع غذايي مينو شرق,1335,10371505,47274700975,4592,4485,4638,46,1,4558,-34,-0.74,4363,4816,1400-8-11,2021-11-02
130,غدام,خوراك‌  دام‌ پارس‌,1313,466298,57116818240,121480,122880,120300,-1180,-0.97,122490,1010,0.83,116260,127400,1400-8-11,2021-11-02
131,كنور,توسعه معدني و صنعتي صبانور,1310,3641759,68130273330,18010,17560,18910,900,5,18510,500,2.78,17560,18910,1400-8-11,2021-11-02
132,دسانكو,داروسازي سبحان انكولوژي,1299,6834716,84983829031,13046,12394,12394,-652,-5,12434,-612,-4.69,12394,12781,1400-8-11,2021-11-02
133,پارند,صندوق س. پارند پايدار سپهر,1287,52714853,534879871166,10141,10146,10147,6,0.06,10147,6,0.06,10146,10147,1400-8-11,2021-11-02
134,قتربت,قند تربت حيدريه,1243,187272,9853851255,51831,52300,53385,1554,3,52618,787,1.52,50532,53385,1400-8-11,2021-11-02
135,غصينو,صنعتي مينو,1238,7081379,128646961814,17502,17900,18377,875,5,18167,665,3.8,17600,18377,1400-8-11,2021-11-02
136,بجهرم,توسعه مولد نيروگاهي جهرم,1223,16022267,32954915627,1996,1923,2068,72,3.61,2057,61,3.06,1923,2095,1400-8-11,2021-11-02
137,فجر,فولاد اميركبيركاشان,1201,1957372,47782182480,24430,24620,24460,30,0.12,24410,-20,-0.08,23900,24920,1400-8-11,2021-11-02
138,اتكاي,بيمه اتكايي ايرانيان,1200,18451367,179514019274,9357,9360,9822,465,4.97,9729,372,3.98,9160,9824,1400-8-11,2021-11-02
139,كپارس,كاشي‌ پارس‌,1195,689554,61109304230,89510,88800,90990,1480,1.65,88620,-890,-0.99,85560,93500,1400-8-11,2021-11-02
140,وسكرشا,س.سهام عدالت استان كرمانشاه,1175,56510334,24811097613,435,432,442,7,1.61,439,4,0.92,423,454,1400-8-11,2021-11-02
141,آ س پ,آ.س.پ,1168,6187893,48149675038,7755,7500,7800,45,0.58,7781,26,0.34,7400,8070,1400-8-11,2021-11-02
142,فاراك,ماشين‌ سازي‌ اراك‌,1168,27542330,41470885046,1476,1460,1498,22,1.49,1506,30,2.03,1451,1536,1400-8-11,2021-11-02
143,پتاير,ايران‌ تاير,1167,33747571,70597742852,2012,2016,2112,100,4.97,2092,80,3.98,1971,2112,1400-8-11,2021-11-02
144,گشان,توسعه بين المللي پديده شانديز,1159,2550404,45973794919,18152,18350,18005,-147,-0.81,18026,-126,-0.69,17835,18350,1400-8-11,2021-11-02
145,اخابر,مخابرات ايران,1148,11187365,80598425400,6890,6780,7230,340,4.93,7100,210,3.05,6780,7230,1400-8-11,2021-11-02
146,كگل,معدني و صنعتي گل گهر,1141,8132407,187547802060,22560,22800,23460,900,3.99,23060,500,2.22,22580,23460,1400-8-11,2021-11-02
147,كلر,كلر پارس,1139,782976,84795360200,104868,105000,107500,2632,2.51,108299,3431,3.27,105000,110111,1400-8-11,2021-11-02
148,سغرب,سيمان‌غرب‌,1133,2247958,36921326510,17170,17170,16380,-790,-4.6,16420,-750,-4.37,16320,17170,1400-8-11,2021-11-02
149,كوثر,بيمه كوثر,1122,9326279,89849768851,10103,9650,9598,-505,-5,9634,-469,-4.64,9598,9990,1400-8-11,2021-11-02
150,ومعلم,بيمه معلم,1117,13225072,32471470268,2510,2400,2456,-54,-2.15,2455,-55,-2.19,2385,2545,1400-8-11,2021-11-02
151,ماديرا,صنايع ماديران,1108,8664684,57424014262,6442,6442,6764,322,5,6627,185,2.87,6235,6764,1400-8-11,2021-11-02
152,خمحركه,نيرو محركه‌,1106,18970972,64832142873,3281,3310,3445,164,5,3417,136,4.15,3153,3445,1400-8-11,2021-11-02
153,فاسمين,كالسيمين‌,1101,3145086,52721682140,16750,16350,16770,20,0.12,16760,10,0.06,16330,17090,1400-8-11,2021-11-02
154,ثپرديس,سرمايه گذاري مسكن پرديس,1091,18440173,84987799352,4818,4650,4738,-80,-1.66,4609,-209,-4.34,4578,4800,1400-8-11,2021-11-02
155,حآسا,آسيا سير ارس,1065,4042202,50939358828,13183,12530,12524,-659,-5,12602,-581,-4.41,12524,13100,1400-8-11,2021-11-02
156,فزرين,زرين معدن آسيا,1060,3946317,51905487559,13094,13290,13200,106,0.81,13153,59,0.45,12700,13500,1400-8-11,2021-11-02
157,كمرجان,بازرگاني و توليدي مرجان كار,1060,774660,46102170748,61129,59000,59180,-1949,-3.19,59513,-1616,-2.64,58089,62400,1400-8-11,2021-11-02
158,دروز,داروسازي‌ روزدارو,1057,5937074,198312477730,35070,33320,33320,-1750,-4.99,33400,-1670,-4.76,33320,35780,1400-8-11,2021-11-02
159,خرينگ,رينگ‌سازي‌مشهد,1056,2706526,73614234040,26190,26980,27490,1300,4.96,27200,1010,3.86,26020,27490,1400-8-11,2021-11-02
160,ثاخت,بين‌المللي‌توسعه‌ساختمان,1052,17800585,34108291677,1881,1939,1910,29,1.54,1916,35,1.86,1889,1966,1400-8-11,2021-11-02
161,وايران,ليزينگ ايرانيان,1050,14539296,65090725932,4285,4388,4350,65,1.52,4477,192,4.48,4258,4499,1400-8-11,2021-11-02
162,فسپا,گروه‌صنعتي‌سپاهان‌,1046,3483239,61212668830,17740,17040,17590,-150,-0.85,17570,-170,-0.96,17040,18180,1400-8-11,2021-11-02
163,خزر,فنرسازي‌زر,1036,5992196,66361055100,10680,10700,11210,530,4.96,11070,390,3.65,10700,11210,1400-8-11,2021-11-02
164,فايرا,آلومينيوم‌ايران‌,993,3504873,59432064230,17210,16750,16990,-220,-1.28,16980,-230,-1.34,16550,17310,1400-8-11,2021-11-02
165,اطلس,صندوق س.توسعه اندوخته آينده-س,989,260933,64148981065,245289,245001,245000,-289,-0.12,245845,556,0.23,244000,247501,1400-8-11,2021-11-02
166,افران,صندوق س افرا نماد پايدار-ثابت,985,26098559,382080712698,14632,14640,14643,11,0.08,14640,8,0.05,14639,14643,1400-8-11,2021-11-02
167,دتوليد,داروسازي توليد دارو,976,3879087,35660118155,9083,9030,9312,229,2.52,9193,110,1.21,8640,9470,1400-8-11,2021-11-02
168,ونيرو,سرمايه‌گذاري‌نيرو,975,22876908,45449903308,1916,1957,2010,94,4.91,1987,71,3.71,1920,2011,1400-8-11,2021-11-02
169,كفپارس,فرآورده‌هاي‌ نسوز پارس‌,973,11007987,34536142541,3132,3010,3210,78,2.49,3137,5,0.16,3010,3210,1400-8-11,2021-11-02
170,ملت,بيمه ملت,972,41522450,48049298230,1134,1147,1176,42,3.7,1157,23,2.03,1125,1183,1400-8-11,2021-11-02
171,وبانك,سرمايه گذاري گروه توسعه ملي,972,9188417,74636556400,8040,8160,8070,30,0.37,8110,70,0.87,8040,8270,1400-8-11,2021-11-02
172,خنصير,مهندسي‌نصيرماشين‌,970,8352724,176859493370,20180,21170,21180,1000,4.96,21170,990,4.91,20750,21180,1400-8-11,2021-11-02
173,كچاد,معدني‌وصنعتي‌چادرملو,963,1527210,43756474960,28040,28200,28620,580,2.07,28260,220,0.78,28040,28900,1400-8-11,2021-11-02
174,وسكرد,شركت س استان كردستان,955,58490613,24728897246,423,430,429,6,1.42,423,0,0,413,432,1400-8-11,2021-11-02
175,فلوله,لوله‌وماشين‌سازي‌ايران‌,946,36020388,37159742446,990,970,1039,49,4.95,1032,42,4.24,970,1039,1400-8-11,2021-11-02
176,كتوكا,توليدي و خدمات صنايع نسوز توكا,934,2679083,36698720272,13762,14000,13450,-312,-2.27,13698,-64,-0.47,13300,14100,1400-8-11,2021-11-02
177,ولتجار,واسپاري تجارت وسرمايه ايرانيان,929,29716409,110095781552,3658,3767,3549,-109,-2.98,3705,47,1.28,3549,3767,1400-8-11,2021-11-02
178,تاصيكو,سرمايه گذاري صدرتامين,924,10913716,100062501190,9170,9150,9240,70,0.76,9170,0,0,8890,9260,1400-8-11,2021-11-02
179,ودي,بيمه  دي,919,8839497,51407185204,5731,5980,5731,0,0,5816,85,1.48,5537,6000,1400-8-11,2021-11-02
180,شاوان,پالايش نفت لاوان,915,618205,80321424166,128304,128300,128000,-304,-0.24,129927,1623,1.26,125000,132360,1400-8-11,2021-11-02
181,رانفور,خدمات‌انفورماتيك‌,912,8465732,36282872130,4229,4240,4299,70,1.66,4262,33,0.78,4210,4350,1400-8-11,2021-11-02
182,تاپيكو,س. نفت و گاز و پتروشيمي تأمين,899,3743262,50029762140,13240,13240,13350,110,0.83,13290,50,0.38,13240,13500,1400-8-11,2021-11-02
183,كيميا,معدني كيمياي زنجان گستران,899,3519587,49921193697,14542,13998,14117,-425,-2.92,14184,-358,-2.46,13998,14850,1400-8-11,2021-11-02
184,شيران,س. صنايع‌شيميايي‌ايران,897,3072634,65516326530,20630,21190,21660,1030,4.99,21180,550,2.67,20870,21660,1400-8-11,2021-11-02
185,تكشا,گسترش‌صنايع‌وخدمات‌كشاورزي‌,893,2732853,90843590300,34920,33180,33180,-1740,-4.98,33240,-1680,-4.81,33180,34180,1400-8-11,2021-11-02
186,گكوثر,هتل پارسيان كوثر اصفهان,893,26171072,50703169590,1865,1836,1958,93,4.99,1937,72,3.86,1836,1958,1400-8-11,2021-11-02
187,زماهان,مجتمع توليد گوشت مرغ ماهان,888,5108097,32841767484,6240,6240,6552,312,5,6429,189,3.03,6001,6552,1400-8-11,2021-11-02
188,دتوزيع,توزيع دارو پخش,886,2316555,63660493023,26461,26463,27784,1323,5,27481,1020,3.85,26461,27784,1400-8-11,2021-11-02
189,كرازي,كارخانجات‌توليدي‌شيشه‌رازي‌,885,22619045,29180192536,1281,1290,1300,19,1.48,1290,9,0.7,1249,1330,1400-8-11,2021-11-02
190,فسرب,ملي‌ سرب‌وروي‌ ايران‌,868,646209,40303314380,62700,62700,63100,400,0.64,62370,-330,-0.53,60250,64090,1400-8-11,2021-11-02
191,ونوين,بانك‌اقتصادنوين‌,863,17328913,56175637011,3141,3055,3298,157,5,3242,101,3.22,3055,3298,1400-8-11,2021-11-02
192,حريل,ريل پردازسير,862,9738505,27722854103,2828,2760,2864,36,1.27,2847,19,0.67,2750,2923,1400-8-11,2021-11-02
193,حآفرين,ريل پرداز نو آفرين,852,15598159,77904683223,5236,5093,4975,-261,-4.98,4994,-242,-4.62,4975,5279,1400-8-11,2021-11-02
194,غسالم,سالمين‌,851,9364854,25483809194,2617,2690,2747,130,4.97,2721,104,3.97,2580,2747,1400-8-11,2021-11-02
195,قهكمت,قندهكمتان‌,843,11231343,61445485900,5630,5630,5490,-140,-2.49,5470,-160,-2.84,5350,5630,1400-8-11,2021-11-02
196,كوير,توليدي فولاد سپيد فراب كوير,834,3485090,46467869650,13310,13380,13320,10,0.08,13330,20,0.15,13210,13690,1400-8-11,2021-11-02
197,غفارس,شير پاستوريزه پگاه فارس,833,4210179,29014086910,7011,6810,6774,-237,-3.38,6891,-120,-1.71,6721,7130,1400-8-11,2021-11-02
198,كبافق,معادن‌ بافق‌,821,1145968,37147626600,31950,30650,32640,690,2.16,32420,470,1.47,30650,33360,1400-8-11,2021-11-02
199,سبزوا,سيمان لار سبزوار,818,11182349,25335758739,2226,2245,2274,48,2.16,2266,40,1.8,2152,2319,1400-8-11,2021-11-02
200,هرمز,فولاد هرمزگان جنوب,814,3659225,61548031009,16673,16900,16995,322,1.93,16752,79,0.47,16501,17050,1400-8-11,2021-11-02
201,تسه0005,امتيازتسهيلات مسكن مرداد 1400,804,15159,10678334719,692168,700000,700001,7833,1.13,704422,12254,1.77,680000,719997,1400-8-11,2021-11-02
202,كرماشا,صنايع پتروشيمي كرمانشاه,804,1276434,61020754680,46210,46260,47850,1640,3.55,47650,1440,3.12,46260,48520,1400-8-11,2021-11-02
203,قرن,پديده شيمي قرن,799,1059680,26509650720,24000,24300,25200,1200,5,25020,1020,4.25,24000,25200,1400-8-11,2021-11-02
204,غمارگ,مارگارين‌,783,2254522,60039827760,26780,28000,26710,-70,-0.26,26630,-150,-0.56,26000,28000,1400-8-11,2021-11-02
205,حسير,ريل سير كوثر,774,3439156,134093700505,37309,38888,39174,1865,5,38990,1681,4.51,38000,39174,1400-8-11,2021-11-02
206,زقيام,كشت و دام قيام اصفهان,758,22722940,37490443674,1735,1649,1649,-86,-4.96,1650,-85,-4.9,1649,1680,1400-8-11,2021-11-02
207,زكوثر,سرمايه گذاري كشاورزي كوثر,748,1717880,27449329010,15530,16050,16200,670,4.31,15980,450,2.9,15010,16300,1400-8-11,2021-11-02
208,خزاميا,زامياد,747,8860266,53968435440,5840,5960,6130,290,4.97,6090,250,4.28,5890,6130,1400-8-11,2021-11-02
209,لپارس,پارس‌ الكتريك‌,745,512320,60090012800,123460,117290,117290,-6170,-5,117290,-6170,-5,117290,117290,1400-8-11,2021-11-02
210,خمهر,مهركام‌پارس‌,745,27106362,44062065152,1570,1530,1648,78,4.97,1626,56,3.57,1516,1648,1400-8-11,2021-11-02
211,ولراز,ليزينگ رازي,744,2013504,46720792721,23722,23011,23011,-711,-3,23204,-518,-2.18,23011,23722,1400-8-11,2021-11-02
212,خاهنح,ح . آهنگري تراكتورسازي‌ ايران‌,742,6161455,23142821191,3942,3700,3745,-197,-5,3756,-186,-4.72,3700,3889,1400-8-11,2021-11-02
213,تپكو,توليدتجهيزات‌سنگين‌هپكو,735,13301195,43295389725,3161,3255,3255,94,2.97,3255,94,2.97,3255,3255,1400-8-11,2021-11-02
214,مدير,ص.س.مديريت ثروت ص.بازنشستگي-س,727,3132721,29078118569,9106,9339,9500,394,4.33,9282,176,1.93,9110,9500,1400-8-11,2021-11-02
215,پارس,پتروشيمي پارس,725,695342,130540753530,184310,184310,189050,4740,2.57,187740,3430,1.86,184310,189880,1400-8-11,2021-11-02
216,دلقما,دارويي‌ لقمان‌,719,1733962,43501274980,25900,25380,25400,-500,-1.93,25090,-810,-3.13,24670,26190,1400-8-11,2021-11-02
217,كساپا,سايپاشيشه‌,717,1881000,33225514600,17300,16800,18000,700,4.05,17660,360,2.08,16800,18160,1400-8-11,2021-11-02
218,نوين,بيمه نوين,715,6241967,24048377040,3838,3873,3863,25,0.65,3853,15,0.39,3674,3946,1400-8-11,2021-11-02
219,بكهنوج,توليد برق ماهتاب كهنوج,712,23694676,25159177849,1016,1033,1066,50,4.92,1062,46,4.53,1017,1066,1400-8-11,2021-11-02
220,فمراد,آلومراد,712,1957442,33222615850,17430,16690,16780,-650,-3.73,16970,-460,-2.64,16690,17340,1400-8-11,2021-11-02
221,تملت,تامين سرمايه بانك ملت,710,4364863,14910867845,3391,3391,3410,19,0.56,3416,25,0.74,3332,3470,1400-8-11,2021-11-02
222,ونيكي,سرمايه‌گذاري‌ ملي‌ايران‌,706,3339386,33944954600,10050,10010,10100,50,0.5,10100,50,0.5,10000,10340,1400-8-11,2021-11-02
223,كسعدي,كاشي‌ سعدي‌,704,3018436,25193022170,8430,8070,8450,20,0.24,8350,-80,-0.95,8010,8720,1400-8-11,2021-11-02
224,توريل,توكاريل,702,3248322,34769163505,10383,10190,10902,519,5,10704,321,3.09,10166,10902,1400-8-11,2021-11-02
225,تسه0003,امتيازتسهيلات مسكن خرداد1400,702,27313,19213463199,700408,700000,700000,-408,-0.06,703455,3047,0.44,697000,714000,1400-8-11,2021-11-02
226,كروي,توسعه‌ معادن‌ روي‌ ايران‌,692,2096791,49027546390,22740,22650,23450,710,3.12,23380,640,2.81,22230,23870,1400-8-11,2021-11-02
227,ولغدر,ليزينگ‌خودروغدير,687,3505561,40506403160,11210,11590,11770,560,5,11550,340,3.03,10680,11770,1400-8-11,2021-11-02
228,شلعاب,لعابيران‌,687,4199955,22920179060,5460,5500,5430,-30,-0.55,5460,0,0,5300,5630,1400-8-11,2021-11-02
229,فنوال,نورد آلومينيوم‌,686,1191472,29025456570,23420,23490,24500,1080,4.61,24360,940,4.01,23000,24590,1400-8-11,2021-11-02
230,ثعتما,س. ساختماني اعتماد گستر,672,1697349,51236459005,30249,29342,30816,567,1.87,30186,-63,-0.21,29342,30984,1400-8-11,2021-11-02
231,شفا,سرمايه گذاري شفادارو,672,1145739,47912080780,39840,41830,41830,1990,4.99,41820,1980,4.97,40480,41830,1400-8-11,2021-11-02
232,قاسم,قاسم ايران,664,6157851,20460357819,3408,3242,3300,-108,-3.17,3323,-85,-2.49,3242,3448,1400-8-11,2021-11-02
233,ثاباد,توريستي ورفاهي آبادگران ايران,661,1187142,43331109040,37540,35670,35700,-1840,-4.9,36500,-1040,-2.77,35670,37900,1400-8-11,2021-11-02
234,دانا,بيمه دانا,661,6891845,31333055720,4550,4450,4630,80,1.76,4550,0,0,4350,4650,1400-8-11,2021-11-02
235,ميهن,بيمه ميهن,658,7302258,15297903832,2068,2036,2092,24,1.16,2095,27,1.31,2000,2139,1400-8-11,2021-11-02
236,آريان,سرمايه گذاري پارس آريان,657,5954509,98753374351,16425,16850,16550,125,0.76,16585,160,0.97,16310,16850,1400-8-11,2021-11-02
237,طلا,صندوق س.پشتوانه طلاي لوتوس,656,1180525,97712197282,82703,82900,83000,297,0.36,82770,67,0.08,82300,83100,1400-8-11,2021-11-02
238,فرآور,فرآوري‌موادمعدني‌ايران‌,655,1498225,39436304760,25720,25720,26950,1230,4.78,26320,600,2.33,24510,26950,1400-8-11,2021-11-02
239,چدن,توليدي چدن سازان,646,16775503,46933456795,2684,2760,2818,134,4.99,2798,114,4.25,2661,2818,1400-8-11,2021-11-02
240,تبرك,گروه كارخانجات صنعتي تبرك,644,3974217,33861051446,8177,7900,8585,408,4.99,8520,343,4.19,7900,8585,1400-8-11,2021-11-02
241,زدشت,كشت و صنعت دشت خرم دره,640,1288849,17641365820,13934,13934,13501,-433,-3.11,13688,-246,-1.77,13400,14100,1400-8-11,2021-11-02
242,قشكر,شكرشاهرود,639,11535953,35832700218,2985,2932,3134,149,4.99,3106,121,4.05,2932,3134,1400-8-11,2021-11-02
243,تسه0004,امتيازتسهيلات مسكن تير1400,632,9885,6961087448,699566,681799,700000,434,0.06,704207,4641,0.66,680000,715550,1400-8-11,2021-11-02
244,پارسان,گسترش نفت و گاز پارسيان,629,1303135,41494185790,31360,31610,31800,440,1.4,31540,180,0.57,31600,32150,1400-8-11,2021-11-02
245,خراسان,پتروشيمي خراسان,628,371664,39347110950,102190,107200,104260,2070,2.03,104100,1910,1.87,102390,107200,1400-8-11,2021-11-02
246,تسه0002,امتيازتسهيلاتمسكن ارديبهشت1400,627,23607,16628140744,701720,671010,700000,-1720,-0.25,704373,2653,0.38,671010,723000,1400-8-11,2021-11-02
247,سفارس,سيمان فارس و خوزستان,619,1996525,33812543630,16620,17280,17190,570,3.43,16900,280,1.68,16640,17280,1400-8-11,2021-11-02
248,همراه,شركت ارتباطات سيار ايران,619,3293445,27665220660,8330,8130,8350,20,0.24,8350,20,0.24,8130,8500,1400-8-11,2021-11-02
249,جم,پتروشيمي جم,615,890720,41191414100,46310,46290,46240,-70,-0.15,46280,-30,-0.06,46140,46500,1400-8-11,2021-11-02
250,پرديس,سرمايه گذاري پرديس,613,5872048,29271881260,4830,4710,5020,190,3.93,4980,150,3.11,4710,5070,1400-8-11,2021-11-02
251,ياقوت,صندوق س ياقوت آگاه-ثابت,613,6391498,86299268762,13483,13494,13503,20,0.15,13502,19,0.14,13486,13503,1400-8-11,2021-11-02
252,غشهداب,كشت و صنعت شهداب ناب خراسان,611,12080135,31682030947,2510,2555,2635,125,4.98,2623,113,4.5,2510,2635,1400-8-11,2021-11-02
253,شبصير,توليدات پتروشيمي قائد بصير,609,391498,41190442994,104803,103010,105180,377,0.36,105212,409,0.39,102700,106290,1400-8-11,2021-11-02
254,قنيشا,قند  نيشابور,609,1201292,49167201400,39120,41060,40850,1730,4.42,40930,1810,4.63,39220,41070,1400-8-11,2021-11-02
255,وآوا,سرمايه گذاري آوا نوين,606,3916056,11860459053,3026,2990,3034,8,0.26,3028,2,0.07,2910,3086,1400-8-11,2021-11-02
256,قشرين,قند شيرين خراسان,605,9759298,69481898878,6933,6730,7140,207,2.99,7120,187,2.7,6730,7140,1400-8-11,2021-11-02
257,خكاوه,سايپا ديزل,602,10096872,35057786440,3414,3354,3516,102,2.99,3472,58,1.7,3316,3516,1400-8-11,2021-11-02
258,ساوه,سيمان ساوه,601,284241,12976063009,45837,44100,46030,193,0.42,45666,-171,-0.37,44100,47000,1400-8-11,2021-11-02
259,آسيا,بيمه آسيا,598,15350478,26358704197,1665,1679,1700,35,2.1,1717,52,3.12,1630,1748,1400-8-11,2021-11-02
260,كپشير,پشم‌شيشه‌ايران‌,597,1994131,23955270850,11930,11510,12150,220,1.84,12010,80,0.67,11510,12290,1400-8-11,2021-11-02
261,افق,فروشگاههاي زنجيره اي افق كوروش,595,838667,36700312930,44670,44000,43850,-820,-1.84,44030,-640,-1.43,43010,45000,1400-8-11,2021-11-02
262,تليسه,دامداري تليسه نمونه,594,6127874,14020304024,2269,2265,2320,51,2.25,2288,19,0.84,2202,2320,1400-8-11,2021-11-02
263,تسه0001,امتيازتسهيلات مسكن فروردين1400,590,22681,15970012384,706024,690000,701000,-5024,-0.71,704114,-1910,-0.27,690000,739999,1400-8-11,2021-11-02
264,وحكمت,بيمه حكمت صبا,584,7665834,29259138085,3910,3800,3793,-117,-2.99,3817,-93,-2.38,3793,3935,1400-8-11,2021-11-02
265,وپسا,س. پتروشيمي ساختمان  خليج فارس,574,10322332,19595510308,1919,1825,1910,-9,-0.47,1898,-21,-1.09,1825,1970,1400-8-11,2021-11-02
266,ضخود1053,اختيارخ خودرو-2500-1400/10/08,573,29846,546760000,15,15,19,4,26.67,18,3,20,15,20,1400-8-11,2021-11-02
267,وساخت,سرمايه‌ گذاري‌ ساختمان‌ايران‌,570,839434,33828768770,38600,39690,40530,1930,5,40300,1700,4.4,37550,40530,1400-8-11,2021-11-02
268,غپينو,پارس‌ مينو,568,12732353,41813224634,3139,3181,3295,156,4.97,3284,145,4.62,3150,3295,1400-8-11,2021-11-02
269,وپاسار,بانك  پاسارگاد,568,7825826,103414495990,13160,13700,13280,120,0.91,13210,50,0.38,13100,13700,1400-8-11,2021-11-02
270,خاذين,سايپاآذين‌,565,15055821,36801590682,2349,2300,2466,117,4.98,2444,95,4.04,2300,2466,1400-8-11,2021-11-02
271,سدشت,صنايع سيمان دشتستان,563,423407,15253521180,36010,34230,35540,-470,-1.31,36020,10,0.03,34230,37790,1400-8-11,2021-11-02
272,سحرخيز,صندوق س. گروه زعفران سحرخيز,561,2315266,29337387657,12398,12550,12700,302,2.44,12671,273,2.2,12311,12947,1400-8-11,2021-11-02
273,شكام,صنايع شيميايي كيمياگران امروز,555,2003268,54811779422,26085,27280,27389,1304,5,27361,1276,4.89,26890,27389,1400-8-11,2021-11-02
274,اپرداز,آتيه داده پرداز,554,1342603,30905686520,22300,22300,23400,1100,4.93,23019,719,3.22,21750,23415,1400-8-11,2021-11-02
275,غديس,پاكديس,553,2803447,29423048686,10427,10138,10700,273,2.62,10495,68,0.65,10100,10800,1400-8-11,2021-11-02
276,وپست,پست بانك ايران,549,1384939,30195462770,21620,21670,21680,60,0.28,21800,180,0.83,21000,22330,1400-8-11,2021-11-02
277,مفاخر,توسعه فناوري اطلاعات خوارزمي,546,1108497,31678194114,30039,29350,28550,-1489,-4.96,28578,-1461,-4.86,28538,29990,1400-8-11,2021-11-02
278,لسرما,سرما آفرين‌,544,1282382,20740078900,16000,15710,16190,190,1.19,16170,170,1.06,15710,16750,1400-8-11,2021-11-02
279,ثاصفا,شركت‌ ساختمان‌ اصفهان‌,538,1304345,16505890341,12466,11900,13006,540,4.33,12655,189,1.52,11850,13085,1400-8-11,2021-11-02
280,فولاي,صنايع فولاد آلياژي يزد,536,1392941,23979078931,17198,16730,17260,62,0.36,17215,17,0.1,16700,17650,1400-8-11,2021-11-02
281,كسرام,پارس‌ سرام‌,536,4401425,16682690161,3864,3792,3798,-66,-1.71,3790,-74,-1.92,3710,3899,1400-8-11,2021-11-02
282,تسه9908,امتياز تسهيلات مسكن آبان99,531,10404,7326572731,694980,680010,701000,6020,0.87,704207,9227,1.33,680010,729000,1400-8-11,2021-11-02
283,شتوكا,توكا رنگ فولاد سپاهان,529,1193326,37711588316,31180,30500,31114,-66,-0.21,31602,422,1.35,30180,31999,1400-8-11,2021-11-02
284,خكار,ايركا پارت صنعت,522,4274361,19768716474,4430,4595,4651,221,4.99,4625,195,4.4,4431,4651,1400-8-11,2021-11-02
285,چكارن,كارتن‌ ايران‌,520,7144160,19123972053,2650,2570,2682,32,1.21,2677,27,1.02,2540,2744,1400-8-11,2021-11-02
286,سپاس,صندوق س. پاداش سهامداري-ثابت,519,22783055,231254087233,10142,10166,10151,9,0.09,10150,8,0.08,10147,10166,1400-8-11,2021-11-02
287,وآذر,سرمايه‌گذاري‌توسعه‌آذربايجان‌,518,1251414,49143520500,37450,38990,39320,1870,4.99,39270,1820,4.86,38220,39320,1400-8-11,2021-11-02
288,وشهر,بانك شهر,517,4065213,19966973456,4951,4850,4977,26,0.53,4925,-26,-0.53,4803,5040,1400-8-11,2021-11-02
289,كهمدا,شيشه‌ همدان‌,517,3592370,30591082290,8250,8290,8660,410,4.97,8520,270,3.27,8010,8660,1400-8-11,2021-11-02
290,پاكشو,گروه صنعتي پاكشو,515,3163989,16869787420,5440,5500,5350,-90,-1.65,5420,-20,-0.37,5270,5500,1400-8-11,2021-11-02
291,شجم,صنايع پتروشيمي تخت جمشيد,513,4004551,47502770738,11468,11110,12041,573,5,11862,394,3.44,11110,12041,1400-8-11,2021-11-02
292,فنورد,نوردوقطعات‌ فولادي‌,510,234785,45164536340,183860,192960,193050,9190,5,192370,8510,4.63,187070,193050,1400-8-11,2021-11-02
293,ضخود1049,اختيارخ خودرو-1400-1400/10/08,509,14441,6516203000,399,391,468,69,17.29,451,52,13.03,391,474,1400-8-11,2021-11-02
294,حفارس,حمل و نقل بين المللي خليج فارس,509,10442909,35256955548,3238,3238,3399,161,4.97,3376,138,4.26,3238,3399,1400-8-11,2021-11-02
295,هماي,صندوق س هماي آگاه-ثابت,506,4025863,40515490415,10062,10068,10067,5,0.05,10064,2,0.02,10055,10069,1400-8-11,2021-11-02
296,خريخت,صنايع‌ريخته‌گري‌ايران‌,501,6834439,25884240605,3632,3550,3813,181,4.98,3787,155,4.27,3550,3813,1400-8-11,2021-11-02
297,ختوقا,قطعات‌ اتومبيل‌ ايران‌,501,11140831,21411133940,1846,1881,1938,92,4.98,1922,76,4.12,1853,1938,1400-8-11,2021-11-02
298,سمايه,بانك سرمايه,500,13101147,78397261548,5810,5984,5984,174,2.99,5984,174,2.99,5983,5984,1400-8-11,2021-11-02
299,وسكاب,س.ص.بازنشستگي كاركنان بانكها,499,4761104,14126632738,2932,2969,2965,33,1.13,2965,33,1.13,2917,3040,1400-8-11,2021-11-02
300,زكشت,كشاورزي مكانيزه اصفهان كشت,499,1347523,27248938245,21275,20212,20212,-1063,-5,20222,-1053,-4.95,20212,20700,1400-8-11,2021-11-02
301,بنو,بيمه تجارت نو,497,4719412,42942127242,9569,9120,9091,-478,-5,9099,-470,-4.91,9091,9400,1400-8-11,2021-11-02
302,وثنو,سرمايه گذاري ساختماني نوين,492,7529986,41919175326,5434,5315,5597,163,3,5567,133,2.45,5315,5597,1400-8-11,2021-11-02
303,آبين,كشت و صنعت آبشيرين,492,6988289,12417620341,1857,1800,1812,-45,-2.42,1777,-80,-4.31,1765,1819,1400-8-11,2021-11-02
304,مرقام,ايران‌ارقام‌,492,2364933,27118508430,11350,10900,11550,200,1.76,11470,120,1.06,10900,11850,1400-8-11,2021-11-02
305,پدرخش,درخشان‌ تهران‌,491,888279,17719995520,19750,19410,20120,370,1.87,19950,200,1.01,18840,20730,1400-8-11,2021-11-02
306,كقزوي,شيشه‌ قزوين‌,490,3226967,28132948179,8965,8700,8697,-268,-2.99,8718,-247,-2.76,8697,9053,1400-8-11,2021-11-02
307,زنگان,صنعت روي زنگان,489,299870,18735198320,61273,60000,62000,727,1.19,62478,1205,1.97,59750,63989,1400-8-11,2021-11-02
308,خچرخش,چرخشگر,488,2352335,18863444470,8010,8170,7980,-30,-0.37,8020,10,0.12,7680,8230,1400-8-11,2021-11-02
309,تنوين,تامين سرمايه نوين,486,5643243,28739135150,4930,5000,5170,240,4.87,5080,150,3.04,5000,5170,1400-8-11,2021-11-02
310,قصفها,قنداصفهان‌,485,113098,9408861030,82320,82330,83000,680,0.83,82910,590,0.72,82330,84000,1400-8-11,2021-11-02
311,ساربيل,سيمان آرتا اردبيل,484,479144,12566169400,26410,25200,26870,460,1.74,26240,-170,-0.64,25200,26990,1400-8-11,2021-11-02
312,فباهنر,مس‌ شهيدباهنر,484,594393,15266074810,25580,25000,25750,170,0.66,25640,60,0.23,25000,26400,1400-8-11,2021-11-02
313,وثوق,سرمايه گذاري وثوق امين,483,1585047,19211409717,12669,12050,12036,-633,-5,12120,-549,-4.33,12036,12480,1400-8-11,2021-11-02
314,ولشرق,ليزينگ ايران و شرق,482,4843839,21015496448,4182,4210,4391,209,5,4339,157,3.75,4132,4391,1400-8-11,2021-11-02
315,رتاپ,تجارت الكترونيك  پارسيان,482,2175364,11757218940,5370,5520,5410,40,0.74,5400,30,0.56,5380,5520,1400-8-11,2021-11-02
316,پلاسك,پلاسكوكار,481,2389104,10521549151,4371,4240,4474,103,2.36,4397,26,0.59,4166,4476,1400-8-11,2021-11-02
317,وسپه,سرمايه‌گذاري‌ سپه‌,476,3221659,25410842410,7860,7860,7880,20,0.25,7880,20,0.25,7800,8000,1400-8-11,2021-11-02
318,سيستم,همكاران سيستم,474,1876154,10664737520,5580,5770,5730,150,2.69,5640,60,1.08,5600,5770,1400-8-11,2021-11-02
319,ضخود1051,اختيارخ خودرو-1800-1400/10/08,473,24938,3776032000,110,112,162,52,47.27,151,41,37.27,105,166,1400-8-11,2021-11-02
320,وايرا,سرمايه گذاري صنايع ايران,473,3018342,16559193655,5577,5410,5528,-49,-0.88,5486,-91,-1.63,5410,5660,1400-8-11,2021-11-02
321,كسرا,سراميك‌هاي‌صنعتي‌اردكان‌,467,3585472,52100538670,13870,14000,14560,690,4.97,14530,660,4.76,13980,14560,1400-8-11,2021-11-02
322,ارزش,صندوق س ارزش آفرين بيدار-سهام,467,2615929,24551076390,9330,9350,9320,-10,-0.11,9390,60,0.64,9240,9480,1400-8-11,2021-11-02
323,دزهراوي,داروسازي‌زهراوي‌,466,2200320,10527034673,4767,4700,4870,103,2.16,4779,12,0.25,4612,4880,1400-8-11,2021-11-02
324,حتوكا,حمل‌ونقل‌توكا,466,1480944,17254675600,11260,11000,11820,560,4.97,11650,390,3.46,11000,11820,1400-8-11,2021-11-02
325,بمپنا,توليد برق عسلويه  مپنا,453,6188137,31023050359,4817,4614,5057,240,4.98,5013,196,4.07,4614,5057,1400-8-11,2021-11-02
326,كفرآور,فرآورده هاي سيمان شرق,451,1817193,27622143695,15432,15893,15200,-232,-1.5,15200,-232,-1.5,14972,15893,1400-8-11,2021-11-02
327,كساوه,صنايع‌ كاشي‌ و سراميك‌ سينا,448,421361,17007655120,40940,41860,40260,-680,-1.66,40360,-580,-1.42,39310,41860,1400-8-11,2021-11-02
328,وتوكا,سرمايه‌گذاري‌توكافولاد(هلدينگ,445,3226322,24991191220,7660,7660,7800,140,1.83,7750,90,1.17,7390,7980,1400-8-11,2021-11-02
329,بالبر,كابل‌ البرز,440,531007,14293063520,26610,27880,26520,-90,-0.34,26910,300,1.13,25350,27880,1400-8-11,2021-11-02
330,تسه9912,امتياز تسهيلات مسكن اسفند99,440,6980,4933089720,700376,710000,710000,9624,1.37,706746,6370,0.91,686000,720000,1400-8-11,2021-11-02
331,بزاگرس,نيروگاه زاگرس كوثر,439,6828595,25427552208,3557,3650,3734,177,4.98,3724,167,4.69,3501,3734,1400-8-11,2021-11-02
332,شيراز,پتروشيمي‌شيراز,435,651443,49854445560,74960,75210,76200,1240,1.65,75800,840,1.12,75210,77500,1400-8-11,2021-11-02
333,شخارك,پتروشيمي‌ خارك‌,434,585437,32166232360,53980,53930,55400,1420,2.63,54320,340,0.63,53930,55470,1400-8-11,2021-11-02
334,بالاس,مهندسي ساختمان تاسيسات راه آهن,431,545374,17989236564,33410,33970,32651,-759,-2.27,32985,-425,-1.27,32300,33970,1400-8-11,2021-11-02
335,تپمپي,پمپ‌ سازي‌ ايران‌,425,1059179,15573823740,14890,14950,14910,20,0.13,14700,-190,-1.28,14230,15260,1400-8-11,2021-11-02
336,سجام,مجتمع سيمان غرب آسيا,424,4522032,13418651555,3040,3131,2978,-62,-2.04,2967,-73,-2.4,2949,3131,1400-8-11,2021-11-02
337,غاذر,كشت‌وصنعت‌پياذر,421,590334,15665113070,26270,26980,27220,950,3.62,26540,270,1.03,25720,27400,1400-8-11,2021-11-02
338,واحيا,م .صنايع و معادن احياء سپاهان,417,314735,46452258254,147912,145000,146499,-1413,-0.96,147660,-252,-0.17,144016,151000,1400-8-11,2021-11-02
339,حشكوه,دليجان طلايي شكوه پارس,414,7277968,22336944004,2992,3060,3027,35,1.17,3069,77,2.57,3000,3081,1400-8-11,2021-11-02
340,پلوله,گازلوله‌,413,1215920,31385396755,25387,24626,25750,363,1.43,25812,425,1.67,24626,26148,1400-8-11,2021-11-02
341,وخاور,بانك خاورميانه,412,3515907,18429669650,5190,5320,5320,130,2.5,5210,20,0.39,5060,5380,1400-8-11,2021-11-02
342,ضسپا8041,اختيارخ خساپا-1600-1400/08/26,410,17248,1050095000,45,90,70,25,55.56,61,16,35.56,32,90,1400-8-11,2021-11-02
343,سبهان,سيمان‌ بهبهان‌,409,351321,16123230520,44240,45540,46450,2210,5,45890,1650,3.73,44100,46450,1400-8-11,2021-11-02
344,سصفها,سيمان‌اصفهان‌,409,342459,11135643830,32400,32720,32090,-310,-0.96,32500,100,0.31,31570,33800,1400-8-11,2021-11-02
345,وپترو,سرمايه‌گذاري صنايع پتروشيمي‌,409,1963218,24222123000,12120,12000,12600,480,3.96,12340,220,1.82,11810,12630,1400-8-11,2021-11-02
346,رمپنا,گروه مپنا (سهامي عام),408,1457934,20778745620,14030,14080,14330,300,2.14,14070,40,0.29,14030,14390,1400-8-11,2021-11-02
347,رنيك,جنرال مكانيك,408,997346,11892358845,11836,11500,12129,293,2.48,11911,75,0.63,11500,12300,1400-8-11,2021-11-02
348,شبهرن,نفت‌ بهران‌,408,1319108,15271362750,11410,11690,11550,140,1.23,11460,50,0.44,11390,11690,1400-8-11,2021-11-02
349,نمرينو,ايران‌ مرينوس‌,407,135272,10637616350,80130,79780,78600,-1530,-1.91,78970,-1160,-1.45,77000,82240,1400-8-11,2021-11-02
350,سپيدما,صندوق س. سپيد دماوند-د,407,19861470,224538416134,11300,11305,11305,5,0.04,11305,5,0.04,11305,11306,1400-8-11,2021-11-02
351,شپارس,بين‌ المللي‌ محصولات‌  پارس‌,407,3592597,27126955600,7380,7550,7690,310,4.2,7550,170,2.3,7250,7730,1400-8-11,2021-11-02
352,وتوس,توسعه‌شهري‌توس‌گستر,406,1865916,20134091460,10480,9980,11000,520,4.96,10790,310,2.96,9980,11000,1400-8-11,2021-11-02
353,مارون,پتروشيمي مارون,405,54562,9944076012,182735,182735,182900,165,0.09,182687,-48,-0.03,181400,183200,1400-8-11,2021-11-02
354,وتوصا,گروه س توسعه صنعتي ايران,403,2794540,25566095120,8930,8700,9220,290,3.25,9150,220,2.46,8700,9260,1400-8-11,2021-11-02
355,دكپسول,توليد ژلاتين كپسول ايران,400,339759,10880080471,31490,30825,31879,389,1.24,31895,405,1.29,30825,32500,1400-8-11,2021-11-02
356,خشرق,الكتريك‌ خودرو شرق‌,400,3121560,47230161540,14440,15100,15160,720,4.99,15130,690,4.78,14580,15160,1400-8-11,2021-11-02
357,غچين,كشت‌ و صنعت‌ چين‌ چين,398,1266925,17038299510,13320,12860,13460,140,1.05,13450,130,0.98,12860,13790,1400-8-11,2021-11-02
358,كترام,توليدي‌ كاشي‌ تكسرام‌,397,1134624,21731135850,19000,18160,19200,200,1.05,19150,150,0.79,18160,19700,1400-8-11,2021-11-02
359,خكرمان,گروه اقتصادي كرمان خودرو,396,5937278,14751431311,2431,2445,2503,72,2.96,2485,54,2.22,2400,2503,1400-8-11,2021-11-02
360,جم پيلن,پلي پروپيلن جم - جم پيلن,396,222370,24885630040,112620,116950,110610,-2010,-1.78,112420,-200,-0.18,109210,116950,1400-8-11,2021-11-02
361,سرچشمه,سرمايه گذاري مس سرچشمه,396,3328193,17786686995,5129,5240,5385,256,4.99,5344,215,4.19,5130,5385,1400-8-11,2021-11-02
362,كلوند,كاشي‌ الوند,396,946229,19965912020,20940,20540,21230,290,1.38,21100,160,0.76,20540,21450,1400-8-11,2021-11-02
363,دبالك,مواد اوليه دارويي البرز بالك,394,1412128,11415499491,8000,8100,8170,170,2.13,8069,69,0.86,7700,8225,1400-8-11,2021-11-02
364,دلر,داروسازي‌ اكسير,393,717920,30909321440,42800,42910,42330,-470,-1.1,43050,250,0.58,42110,44200,1400-8-11,2021-11-02
365,ريشمك,توليد و صادرات ريشمك,391,431699,11435142340,26013,26140,26677,664,2.55,26404,391,1.5,26140,27000,1400-8-11,2021-11-02
366,ثرود,سرمايه‌گذاري مسكن زاينده رود,390,3319206,27492157707,8664,8231,8470,-194,-2.24,8283,-381,-4.4,8231,8498,1400-8-11,2021-11-02
367,فسازان,غلتك سازان سپاهان,389,761973,18463581290,23530,23000,24700,1170,4.97,24230,700,2.97,23000,24700,1400-8-11,2021-11-02
368,خفنر,فنرسازي‌خاور,387,3917142,28741715860,7010,7270,7360,350,4.99,7340,330,4.71,7050,7360,1400-8-11,2021-11-02
369,ثنوسا,نوسازي‌وساختمان‌تهران‌,384,15728121,93865454650,5690,5960,5970,280,4.92,5970,280,4.92,5710,5970,1400-8-11,2021-11-02
370,دجابر,داروسازي‌ جابرابن‌حيان‌,383,2020057,25089966750,11900,12000,12490,590,4.96,12420,520,4.37,11550,12490,1400-8-11,2021-11-02
371,سپاها,سيمان‌سپاهان‌,383,3333978,28770781040,8310,8060,8720,410,4.93,8630,320,3.85,8060,8720,1400-8-11,2021-11-02
372,زفكا,كشت و دامداري فكا,383,1983293,14032596309,6857,7000,7145,288,4.2,7069,212,3.09,6770,7170,1400-8-11,2021-11-02
373,خاور,ايران خودرو ديزل,382,11401594,78308411436,6670,6870,6870,200,3,6868,198,2.97,6710,6870,1400-8-11,2021-11-02
374,كمينا,شيشه سازي مينا,382,1604944,14663769274,9343,9063,9191,-152,-1.63,9137,-206,-2.2,9063,9340,1400-8-11,2021-11-02
375,وسين,بيمه سينا,382,7897740,28775006672,3543,3649,3649,106,2.99,3643,100,2.82,3560,3649,1400-8-11,2021-11-02
376,لازما,كارخانه هاي صنعتي آزمايش,376,667532,17401910860,26492,27017,25698,-794,-3,26069,-423,-1.6,25698,27017,1400-8-11,2021-11-02
377,ثغرب,شركت سرمايه گذاري مسكن شمالغرب,375,2238828,8614164892,3829,3801,3870,41,1.07,3840,11,0.29,3706,3929,1400-8-11,2021-11-02
378,زعف0008پ10,زعفران0008نگين طلاي سرخ(پ),375,298867,55849668908,182512,187204,191730,9218,5.05,186871,4359,2.39,184501,191739,1400-8-11,2021-11-02
379,دتماد,توليدمواداوليه‌داروپخش‌,374,628116,27408440600,43700,42830,43990,290,0.66,43640,-60,-0.14,42610,44190,1400-8-11,2021-11-02
380,سخاش,سيمان‌خاش‌,374,252081,22563159590,85440,89000,89710,4270,5,89510,4070,4.76,85800,89710,1400-8-11,2021-11-02
381,غبهنوش,بهنوش‌ ايران‌,373,307093,15555942620,50620,52650,50740,120,0.24,50660,40,0.08,50020,52650,1400-8-11,2021-11-02
382,پاسا,ايران‌ياساتايرورابر,373,1262330,18193004020,14220,14060,14470,250,1.76,14410,190,1.34,14060,14690,1400-8-11,2021-11-02
383,البرز,بيمه البرز,372,6155472,13053043240,2084,2084,2135,51,2.45,2104,20,0.96,2060,2149,1400-8-11,2021-11-02
384,تسه9911,امتياز تسهيلات مسكن بهمن99,372,7733,5523106397,700513,682000,734999,34486,4.92,714226,13713,1.96,682000,734999,1400-8-11,2021-11-02
385,شكربن,كربن‌ ايران‌,372,438749,44135487570,99910,100000,101000,1090,1.09,100590,680,0.68,96500,103010,1400-8-11,2021-11-02
386,ثجوان,تامين مسكن جوانان,371,1980634,11934906539,6241,5929,5929,-312,-5,6026,-215,-3.44,5929,6450,1400-8-11,2021-11-02
387,وبوعلي,سرمايه‌گذاري‌بوعلي‌,369,2376895,8594801382,3591,3660,3613,22,0.61,3606,15,0.42,3530,3660,1400-8-11,2021-11-02
388,خپويش,سازه‌ پويش‌,369,429281,34575271000,76840,80670,80680,3840,5,80540,3700,4.82,73910,80680,1400-8-11,2021-11-02
389,قجام,فرآوردههاي غذايي وقندتربت‌جام‌,368,2637584,16285554714,6121,6000,6243,122,1.99,6174,53,0.87,6000,6243,1400-8-11,2021-11-02
390,وساپا,سرمايه‌گذاري‌ سايپا,367,4395005,18078204443,3976,4000,4174,198,4.98,4113,137,3.45,4000,4174,1400-8-11,2021-11-02
391,غمهرا,توليدي‌مهرام‌,367,299738,12705238960,43560,42760,41830,-1730,-3.97,42440,-1120,-2.57,41390,44400,1400-8-11,2021-11-02
392,ارفع,شركت آهن و فولاد ارفع,365,1272080,19105875862,14708,15150,15100,392,2.67,14791,83,0.56,14708,15300,1400-8-11,2021-11-02
393,زشريف,كشت وصنعت شريف آباد,363,2856504,9012733874,3102,3180,3183,81,2.61,3137,35,1.13,3105,3220,1400-8-11,2021-11-02
394,تايرا,تراكتورسازي‌ايران‌,362,964090,21537505900,22140,22140,23220,1080,4.88,22290,150,0.68,21440,23240,1400-8-11,2021-11-02
395,ضخود1054,اختيارخ خودرو-3000-1400/10/08,362,18804,162819000,6,6,10,4,66.67,9,3,50,5,11,1400-8-11,2021-11-02
396,سكرد,سيمان كردستان,362,1637175,8674467290,5430,5210,5290,-140,-2.58,5350,-80,-1.47,5160,5440,1400-8-11,2021-11-02
397,كيسون,شركت كيسون,362,2901432,19239395592,6979,6631,6631,-348,-4.99,6631,-348,-4.99,6631,6631,1400-8-11,2021-11-02
398,فپنتا,سپنتا,361,35969,16094836460,429970,444280,451460,21490,5,447460,17490,4.07,430180,451460,1400-8-11,2021-11-02
399,ساروم,سيمان‌اروميه‌,359,1024580,38653560400,36110,36210,37910,1800,4.98,37730,1620,4.49,35200,37910,1400-8-11,2021-11-02
400,شراز,پالايش نفت شيراز,357,185770,21188311624,113348,110200,114300,952,0.84,113668,320,0.28,110200,116140,1400-8-11,2021-11-02
401,ونفت,سرمايه‌گذاري‌ صنعت‌ نفت‌,355,905612,12726991780,13950,13710,14060,110,0.79,14050,100,0.72,13560,14300,1400-8-11,2021-11-02
402,ثشرق,سرمايه گذاري مسكن شمال شرق,355,4259846,16188985027,3674,3655,3842,168,4.57,3800,126,3.43,3550,3857,1400-8-11,2021-11-02
403,وصنا,گروه‌صنايع‌بهشهرايران‌,355,2272991,14704383970,6430,6210,6560,130,2.02,6470,40,0.62,6210,6590,1400-8-11,2021-11-02
404,شنفت,نفت‌ پارس‌,354,1485923,11733055520,7830,7460,7980,150,1.92,7840,10,0.13,7460,8050,1400-8-11,2021-11-02
405,سهرمز,سيمان‌هرمزگان‌,352,950505,14638924540,16080,16690,15450,-630,-3.92,15400,-680,-4.23,15280,16690,1400-8-11,2021-11-02
406,خمحور,توليدمحورخودرو,351,8775922,20357299344,2252,2280,2364,112,4.97,2320,68,3.02,2142,2364,1400-8-11,2021-11-02
407,وساشرقي,شركت س استان آذربايجان شرقي,345,20049813,8675584388,450,428,436,-14,-3.11,446,-4,-0.89,428,452,1400-8-11,2021-11-02
408,سباقر,سيمان باقران,343,2279769,33872057331,15170,15000,15160,-10,-0.07,14858,-312,-2.06,14715,15487,1400-8-11,2021-11-02
409,خبازرس,بازرسي مهندسي و صنعتي ايران,342,543263,12637309860,22725,22600,23406,681,3,23262,537,2.36,22510,23406,1400-8-11,2021-11-02
410,ولصنم,ليزينگ‌صنعت‌ومعدن‌,342,1796258,7791079534,4323,4390,4330,7,0.16,4331,8,0.19,4153,4450,1400-8-11,2021-11-02
411,غگرجي,بيسكويت‌  گرجي‌,341,3928088,8515140553,2130,2110,2175,45,2.11,2151,21,0.99,2103,2218,1400-8-11,2021-11-02
412,وهور,مديريت انرژي اميد  تابان هور,340,7721853,10138655053,1298,1269,1315,17,1.31,1302,4,0.31,1269,1342,1400-8-11,2021-11-02
413,دكوثر,داروسازي‌ كوثر,338,2770096,8922668961,3150,3070,3278,128,4.06,3195,45,1.43,3070,3295,1400-8-11,2021-11-02
414,آكورد,صندوق س. آرمان آتي كوثر-د,337,5342233,186885599452,34965,34982,34987,22,0.06,34983,18,0.05,34981,34988,1400-8-11,2021-11-02
415,ستران,سيمان‌ تهران‌,336,644642,12440179010,18930,18930,19400,470,2.48,19240,310,1.64,18930,19740,1400-8-11,2021-11-02
416,وسينا,بانك سينا,336,13986743,29688756515,2027,2000,2128,101,4.98,2123,96,4.74,2000,2128,1400-8-11,2021-11-02
417,قمرو,قند مرودشت‌,335,314565,7541658950,23340,22260,23950,610,2.61,23670,330,1.41,22260,24500,1400-8-11,2021-11-02
418,وصندوق,سرمايه‌گذاري‌صندوق‌بازنشستگي‌,334,1930357,35613093650,18430,18400,18430,0,0,18440,10,0.05,18300,18740,1400-8-11,2021-11-02
419,ميدكو,توسعه معادن وص.معدني خاورميانه,329,1604196,74772677690,46600,47100,46800,200,0.43,46610,10,0.02,46600,47100,1400-8-11,2021-11-02
420,كاردان,صندوق س تجارت شاخصي كاردان,329,70177,13598758290,191900,193040,194170,2270,1.18,193780,1880,0.98,191010,195780,1400-8-11,2021-11-02
421,وساغربي,شركت س استان آذربايجان غربي,327,17825716,7513537691,431,420,424,-7,-1.62,428,-3,-0.7,414,427,1400-8-11,2021-11-02
422,ويسا,سرمايه گذاري ايساتيس پويا,325,1419173,10873703526,7439,7662,7662,223,3,7662,223,3,7662,7662,1400-8-11,2021-11-02
423,كطبس,ذغال‌سنگ‌ نگين‌ ط‌بس‌,323,187304,8996230470,48360,46760,48000,-360,-0.74,48150,-210,-0.43,46760,49830,1400-8-11,2021-11-02
424,زشگزا,شير و گوشت زاگرس شهركرد,321,2321242,11181632927,4652,4780,4800,148,3.18,4777,125,2.69,4662,4884,1400-8-11,2021-11-02
425,وآرين,شركت توسعه اقتصادي آرين,319,3793953,8019397778,2103,2120,2125,22,1.05,2112,9,0.43,2052,2160,1400-8-11,2021-11-02
426,غگلستا,شير پاستوريزه پگاه گلستان,319,1328230,16887902004,12221,12810,12832,611,5,12691,470,3.85,12358,12832,1400-8-11,2021-11-02
427,فوكا,فولاد كاويان,318,2183574,30703951081,14026,14000,14000,-26,-0.19,14058,32,0.23,13700,14250,1400-8-11,2021-11-02
428,تكمبا,كمباين‌ سازي‌ ايران‌,318,5644897,23411994835,4002,3914,4202,200,5,4147,145,3.62,3914,4202,1400-8-11,2021-11-02
429,حبندر,دريايي و کشتيراني خط دريابندر,316,900289,29304422091,31773,32394,32726,953,3,32550,777,2.45,30820,32726,1400-8-11,2021-11-02
430,غبهار,كشت وصنعت بهاران گلبهار خراسان,314,799900,10170238540,12898,12280,12470,-428,-3.32,12714,-184,-1.43,12280,12989,1400-8-11,2021-11-02
431,افرا,افرانت,313,667195,10562722486,15315,15300,16080,765,5,15709,394,2.57,14832,16080,1400-8-11,2021-11-02
432,قلرست,قند لرستان‌,312,540381,9726468510,18020,18000,18100,80,0.44,18010,-10,-0.06,17150,18450,1400-8-11,2021-11-02
433,نطرين,عطرين نخ قم,311,2673300,20477960492,7321,7580,7687,366,5,7660,339,4.63,7356,7687,1400-8-11,2021-11-02
434,ثعمرا,عمران و توسعه شاهد,310,1572548,11464249554,7286,6980,7289,3,0.04,7289,3,0.04,6980,7500,1400-8-11,2021-11-02
435,لابسا,آبسال‌,308,471943,14458071730,29730,29990,31210,1480,4.98,30620,890,2.99,28810,31210,1400-8-11,2021-11-02
436,فلات,گروه صنايع معادن فلات ايرانيان,308,1300084,17405588167,13708,13550,13297,-411,-3,13388,-320,-2.33,13297,13850,1400-8-11,2021-11-02
437,وسگيلا,شركت س استان گيلان,302,15028152,6373714522,425,435,429,4,0.94,425,0,0,411,435,1400-8-11,2021-11-02
438,داوه,داروسازي آوه سينا,301,669573,7398692776,11091,11270,11020,-71,-0.64,11069,-22,-0.2,10700,11300,1400-8-11,2021-11-02
439,شكلر,نيروكلر,300,479518,12658933450,25890,25510,27000,1110,4.29,26330,440,1.7,24600,27150,1400-8-11,2021-11-02
440,والبر,سرمايه‌ گذاري‌ البرز(هلدينگ‌,299,1023573,8320747420,8150,8000,8140,-10,-0.12,8140,-10,-0.12,7920,8270,1400-8-11,2021-11-02
441,تسه9810,امتياز تسهيلات مسكن دي98,299,6593,4656341546,698010,681500,701000,2990,0.43,706255,8245,1.18,681500,720000,1400-8-11,2021-11-02
442,سيلام,سيمان‌ ايلام‌,299,1621725,8291681250,5060,5000,5100,40,0.79,5090,30,0.59,4840,5250,1400-8-11,2021-11-02
443,قچار,فراوردههاي غذايي وقند چهارمحال,299,3700240,37731607719,9722,10000,10208,486,5,10197,475,4.89,10000,10208,1400-8-11,2021-11-02
444,چكاوه,صنايع‌كاغذسازي‌كاوه‌,297,722334,7868908050,11080,10810,10870,-210,-1.9,10980,-100,-0.9,10610,11290,1400-8-11,2021-11-02
445,ساينا,صنايع بهداشتي ساينا,296,88469,8460246816,95262,91005,96269,1007,1.06,95490,228,0.24,91005,97000,1400-8-11,2021-11-02
446,بشهاب,لامپ‌  پارس‌ شهاب‌,296,143607,19376950560,132200,132200,134050,1850,1.4,134930,2730,2.07,132200,137600,1400-8-11,2021-11-02
447,فنفتح,ح . صنايع تجهيزات نفت,295,1274696,12508736146,10023,9723,9723,-300,-2.99,9813,-210,-2.1,9723,10030,1400-8-11,2021-11-02
448,زبينا,كشاورزي و دامپروري بينالود,294,4564864,9397020069,2021,2080,2100,79,3.91,2045,24,1.19,1930,2103,1400-8-11,2021-11-02
449,غشان,شيرپاستوريزه‌پگاه‌خراسان‌,293,2174687,10098551926,4592,4520,4789,197,4.29,4628,36,0.78,4366,4820,1400-8-11,2021-11-02
450,خديزل,بهمن  ديزل,293,373525,18383067971,46905,47710,49250,2345,5,49062,2157,4.6,47710,49250,1400-8-11,2021-11-02
451,سخزر,سيمان‌ خزر,290,639764,12755897780,20050,20480,19540,-510,-2.54,19950,-100,-0.5,19110,20990,1400-8-11,2021-11-02
452,تسه9910,امتياز تسهيلات مسكن دي99,288,4009,2835493657,699290,680000,703900,4610,0.66,707282,7992,1.14,670522,730000,1400-8-11,2021-11-02
453,دامين,داروسازي‌ امين‌,287,2287335,6201827682,2671,2671,2719,48,1.8,2688,17,0.64,2671,2777,1400-8-11,2021-11-02
454,غشاذر,پگاه‌آذربايجان‌غربي‌,287,1117607,6140618880,5560,5330,5510,-50,-0.9,5530,-30,-0.54,5330,5610,1400-8-11,2021-11-02
455,اوان,مبين وان كيش,286,531906,11636751296,20917,21600,21962,1045,5,21661,744,3.56,21300,21962,1400-8-11,2021-11-02
456,وبيمه,سرمايه‌ گذاري‌ صنعت‌ بيمه‌,284,2772213,4314513323,1526,1502,1545,19,1.25,1535,9,0.59,1502,1587,1400-8-11,2021-11-02
457,اميد,تامين سرمايه اميد,280,2465354,16449285730,6400,6470,6720,320,5,6580,180,2.81,6470,6720,1400-8-11,2021-11-02
458,مبين,مبين انرژي خليج فارس,277,1014291,24513424790,23580,24460,23920,340,1.44,23700,120,0.51,23920,24470,1400-8-11,2021-11-02
459,كامياب,صندوق س. كامياب آشنا-د,276,2939299,31751071824,10796,10805,10802,6,0.06,10802,6,0.06,10797,10805,1400-8-11,2021-11-02
460,حپترو,حمل و نقل پتروشيمي( سهامي عام,275,348618,7458289960,21240,20180,21500,260,1.22,21320,80,0.38,20180,22000,1400-8-11,2021-11-02
461,غپاك,لبنيات‌ پاك‌,275,474194,5621598760,11700,12000,11930,230,1.97,11760,60,0.51,11310,12060,1400-8-11,2021-11-02
462,دشيري,شيرين دارو,274,103306,15864870729,153524,145852,150105,-3419,-2.23,153572,48,0.03,145848,160000,1400-8-11,2021-11-02
463,واميد,گروه مديريت سرمايه گذاري اميد,271,2231608,28085243700,12540,12580,12570,30,0.24,12550,10,0.08,12540,12850,1400-8-11,2021-11-02
464,سشرق,سيمان‌ شرق‌,271,1505456,11235789180,7250,7150,7530,280,3.86,7410,160,2.21,7150,7560,1400-8-11,2021-11-02
465,تسه9902,امتياز تسهيلات مسكن ارديبهشت99,268,5058,3569503138,695758,675000,696111,353,0.05,705714,9956,1.43,675000,719999,1400-8-11,2021-11-02
466,وسبحان,سرمايه گذاري سبحان,267,4944706,13454079554,2664,2698,2740,76,2.85,2716,52,1.95,2680,2765,1400-8-11,2021-11-02
467,سخوز,سيمان خوزستان,267,2369909,56400855240,22710,23600,23840,1130,4.98,23800,1090,4.8,22000,23840,1400-8-11,2021-11-02
468,لخزر,پارس‌ خزر,265,93141,11819709270,126220,125500,127780,1560,1.24,126810,590,0.47,121520,129080,1400-8-11,2021-11-02
469,تسه9909,امتياز تسهيلات مسكن آذر99,263,2538,1790801165,711372,675902,705000,-6372,-0.9,705595,-5777,-0.81,675902,729999,1400-8-11,2021-11-02
470,اعتلا,شركت سرمايه گذاري اعتلاء البرز,262,2805937,9557533234,3370,3420,3525,155,4.6,3395,25,0.74,3350,3526,1400-8-11,2021-11-02
471,نهال,صندوق س. طلاي سرخ نوويرا,258,918371,11998700938,12976,13000,13180,204,1.57,13065,89,0.69,12770,13255,1400-8-11,2021-11-02
472,خكمك,كمك‌فنرايندامين‌,256,1302460,28854495760,21160,21160,22210,1050,4.96,22150,990,4.68,21160,22210,1400-8-11,2021-11-02
473,لبوتان,گروه‌صنعتي‌بوتان‌,255,172158,7147582890,40730,41000,41870,1140,2.8,41100,370,0.91,41000,41980,1400-8-11,2021-11-02
474,سصوفي,سيمان‌ صوفيان‌,253,566781,8710501670,15180,15020,15550,370,2.44,15290,110,0.72,14810,15630,1400-8-11,2021-11-02
475,فخاس,فولاد خراسان,253,804830,20163583210,24820,24900,25290,470,1.89,24870,50,0.2,24020,25500,1400-8-11,2021-11-02
476,فافزا,فولاد افزا سپاهان,250,636903,27520706349,43977,42658,45266,1289,2.93,43210,-767,-1.74,42658,45296,1400-8-11,2021-11-02
477,غگلپا,شير پاستوريزه پگاه گلپايگان,248,212348,11239104432,51872,50100,52770,898,1.73,52708,836,1.61,50100,54355,1400-8-11,2021-11-02
478,غبشهر,صنعتي‌ بهشهر,247,1559560,35885856660,22030,22550,23130,1100,4.99,23010,980,4.45,21800,23130,1400-8-11,2021-11-02
479,غپآذر,شير پگاه آذربايجان شرقي,247,327534,11000093923,34058,33600,34300,242,0.71,33673,-385,-1.13,32500,34480,1400-8-11,2021-11-02
480,سفار,سيمان‌فارس‌,246,92456,4935248380,54330,54500,52890,-1440,-2.65,54000,-330,-0.61,52210,54500,1400-8-11,2021-11-02
481,شپاس,نفت پاسارگاد,245,684168,11250113891,16544,16010,16499,-45,-0.27,16472,-72,-0.44,16010,16959,1400-8-11,2021-11-02
482,رتكو,كنترل‌خوردگي‌تكين‌كو,245,739116,6248991860,8640,8220,8610,-30,-0.35,8550,-90,-1.04,8210,8800,1400-8-11,2021-11-02
483,كحافظ,كاشي‌ وسراميك‌ حافظ‌,243,3295832,10840886453,3167,3071,3325,158,4.99,3259,92,2.9,3071,3325,1400-8-11,2021-11-02
484,درهآور,دارويي ره آورد تامين,242,287521,5715082879,19703,20050,20139,436,2.21,19776,73,0.37,19080,20350,1400-8-11,2021-11-02
485,شدوص,دوده‌ صنعتي‌ پارس‌,241,993377,19867015670,19910,20020,20300,390,1.96,20000,90,0.45,19390,20370,1400-8-11,2021-11-02
486,تسه9907,امتياز تسهيلات مسكن مهر99,241,3344,2353686181,698043,670009,709999,11956,1.71,703853,5810,0.83,670009,715000,1400-8-11,2021-11-02
487,لپيام,گسترش صنايع پيام,238,492682,17494598116,37371,35503,35503,-1868,-5,35509,-1862,-4.98,35503,36898,1400-8-11,2021-11-02
488,كمنگنز,معادن‌منگنزايران‌,237,304616,18968374470,60950,62600,63250,2300,3.77,62270,1320,2.17,60000,63250,1400-8-11,2021-11-02
489,فولاژ,فولاد آلياژي ايران,236,703340,11400668840,16020,16020,16150,130,0.81,16050,30,0.19,15800,16520,1400-8-11,2021-11-02
490,غشهد,شهد ايران ‌,235,1872409,7511906622,3969,3810,4125,156,3.93,3991,22,0.55,3810,4160,1400-8-11,2021-11-02
491,تصميم,صندوق س با درآمد ثابت تصميم,235,2250423,40144292195,17833,17833,17843,10,0.06,17839,6,0.03,17833,17844,1400-8-11,2021-11-02
492,چفيبر,فيبر ايران‌,235,842719,4844543620,5750,5580,5720,-30,-0.52,5750,0,0,5580,5890,1400-8-11,2021-11-02
493,ركيش,كارت اعتباري ايران كيش,233,1040266,5409433380,5400,5320,5270,-130,-2.41,5320,-80,-1.48,5130,5320,1400-8-11,2021-11-02
494,حخزر,كشتيراني درياي خزر,233,585273,9738357350,17112,16552,17000,-112,-0.65,16771,-341,-1.99,16257,17884,1400-8-11,2021-11-02
495,قشهد,شهد,230,669667,8872965270,13620,13870,13400,-220,-1.62,13380,-240,-1.76,13000,13870,1400-8-11,2021-11-02
496,ورنا,سرمايه‌گذاري‌ رنا(هلدينگ‌,230,5700046,15360426924,2600,2680,2730,130,5,2695,95,3.65,2600,2730,1400-8-11,2021-11-02
497,ولقمان,سرمايه گذاري لقمان,228,1050268,4318702016,4239,4112,4112,-127,-3,4181,-58,-1.37,4112,4112,1400-8-11,2021-11-02
498,بهپاك,صنعتي بهپاك,226,2509772,12726801788,4872,4875,5115,243,4.99,5044,172,3.53,4875,5115,1400-8-11,2021-11-02
499,ثمسكن,سرمايه‌گذاري‌ مسكن‌,225,7206106,29276458777,3887,4081,4081,194,4.99,4063,176,4.53,3887,4081,1400-8-11,2021-11-02
500,پخش,پخش البرز,224,343970,8477936526,23738,23980,24924,1186,5,24281,543,2.29,23400,24924,1400-8-11,2021-11-02
501,سپر,صندوق س سپر سرمايه بيدار- ثابت,224,3800964,49629609122,13050,13062,13061,11,0.08,13057,7,0.05,13051,13063,1400-8-11,2021-11-02
502,پارسيان,بيمه پارسيان,222,2780646,25489333730,9580,9400,9400,-180,-1.88,9170,-410,-4.28,9110,9560,1400-8-11,2021-11-02
503,شزنگ,تجهيزنيروي‌زنگان‌,222,113844,13378561978,114097,117400,117519,3422,3,117517,3420,3,116471,117519,1400-8-11,2021-11-02
504,ددام,داروسازي زاگرس فارمد پارس,222,497704,5032924530,10050,10050,10010,-40,-0.4,10070,20,0.2,9810,10290,1400-8-11,2021-11-02
505,تسه9904,امتياز تسهيلات مسكن تير99,218,3125,2212303733,697127,673000,700000,2873,0.41,707937,10810,1.55,673000,730000,1400-8-11,2021-11-02
506,خوساز,محورسازان‌ايران‌خودرو,215,1789151,11865571550,6340,6380,6650,310,4.89,6560,220,3.47,6380,6650,1400-8-11,2021-11-02
507,آوا,صندوق س.سهام آواي معيار-س,215,892663,7063266717,7807,7820,7875,68,0.87,7913,106,1.36,7820,7980,1400-8-11,2021-11-02
508,وزمين,بانك ايران زمين,214,3006992,29394225216,10163,9986,9757,-406,-3.99,9775,-388,-3.82,9757,9990,1400-8-11,2021-11-02
509,تيپيكو,سرمايه گذاري دارويي تامين,214,337504,7128211340,21360,20660,20860,-500,-2.34,21340,-20,-0.09,20660,21550,1400-8-11,2021-11-02
510,كاذر,فرآورده‌هاي‌نسوزآذر,214,991009,11786202170,11430,11000,12000,570,4.99,11810,380,3.32,11000,12000,1400-8-11,2021-11-02
511,دعبيد,لابراتوارداروسازي‌  دكترعبيدي‌,213,335262,7179142240,21730,21250,21500,-230,-1.06,21670,-60,-0.28,21090,21730,1400-8-11,2021-11-02
512,دحاوي,الحاوي,213,1448021,6702485098,4607,4669,4500,-107,-2.32,4622,15,0.33,4500,4697,1400-8-11,2021-11-02
513,دبالكح,ح.مواد اوليه دارويي البرز بالك,208,446451,2527585070,5560,5500,5633,73,1.31,5662,102,1.83,5500,5749,1400-8-11,2021-11-02
514,سدبير,س. تدبيرگران فارس وخوزستان,205,883076,27639927493,29838,31280,31329,1491,5,31300,1462,4.9,30265,31329,1400-8-11,2021-11-02
515,شرانل,نفت ايرانول,204,220448,10223939538,45728,45860,46125,397,0.87,45907,179,0.39,45570,47500,1400-8-11,2021-11-02
516,فاهواز,نورد و لوله اهواز,204,1953367,11129944523,5614,5725,5726,112,2,5686,72,1.28,5614,5726,1400-8-11,2021-11-02
517,چافست,افست‌,201,480576,4149603090,8770,8540,8710,-60,-0.68,8730,-40,-0.46,8500,8950,1400-8-11,2021-11-02
518,وارس,سرمايه گذاري ارس صبا,199,484306,5288351514,10894,10582,11099,205,1.88,10908,14,0.13,10582,11150,1400-8-11,2021-11-02
519,ثباغ,شهر سازي و خانه سازي باغميشه,197,525869,4492688245,8519,8649,8600,81,0.95,8527,8,0.09,8252,8777,1400-8-11,2021-11-02
520,وتعاون,بيمه  تعاون,197,4647440,8430859221,1864,1810,1828,-36,-1.93,1820,-44,-2.36,1809,1834,1400-8-11,2021-11-02
521,واتي,سرمايه‌ گذاري‌ آتيه‌ دماوند,196,731101,7568570630,10200,9900,10330,130,1.27,10260,60,0.59,9900,10450,1400-8-11,2021-11-02
522,سرود,سيمان‌شاهرود,196,694145,15477518410,21890,21880,22490,600,2.74,22300,410,1.87,21300,22950,1400-8-11,2021-11-02
523,تسه9906,امتياز تسهيلات مسكن شهريور99,196,2307,1646063664,698761,670100,705112,6351,0.91,713508,14747,2.11,670100,733699,1400-8-11,2021-11-02
524,فبيرا,بسته‌ بندي‌ ايران‌,195,3268143,5392515807,1643,1688,1672,29,1.77,1647,4,0.24,1596,1688,1400-8-11,2021-11-02
525,شصفها,پتروشيمي‌ اصفهان‌,191,146598,17938203077,124852,122355,122355,-2497,-2,122363,-2489,-1.99,122355,122990,1400-8-11,2021-11-02
526,تكنو,تكنوتار,191,962313,9118790780,9360,9260,9570,210,2.24,9430,70,0.75,9260,9590,1400-8-11,2021-11-02
527,حپارسا,توسعه حمل و نقل ريلي پارسيان,191,832444,25877092835,29737,28520,31223,1486,5,31086,1349,4.54,28411,31223,1400-8-11,2021-11-02
528,پكرمان,گروه‌ صنعتي‌ بارز,190,239901,5333718760,21950,22680,22240,290,1.32,22020,70,0.32,21100,22680,1400-8-11,2021-11-02
529,بسويچ,پارس‌سويچ‌,190,239420,3843025740,16690,15860,16260,-430,-2.58,16520,-170,-1.02,15860,16290,1400-8-11,2021-11-02
530,ثامان,سامان‌ گستراصفهان‌,189,457840,4548006650,9950,9740,10030,80,0.8,9950,0,0,9740,10200,1400-8-11,2021-11-02
531,درازك,دارويي‌ رازك‌,189,276103,9624698270,34210,32910,34920,710,2.08,34640,430,1.26,32910,35900,1400-8-11,2021-11-02
532,فلامي,لاميران‌,188,598260,9784232680,16120,15810,16600,480,2.98,16280,160,0.99,15810,16870,1400-8-11,2021-11-02
533,كارين,صندوق س نگين سامان-ثابت,187,4403733,44295790106,10054,10060,10058,4,0.04,10059,5,0.05,10058,10061,1400-8-11,2021-11-02
534,سكه0012پ01,تمام سكه طرح جديد0012رفاه,184,35600,41617492100,1171321,1169000,1170999,-322,-0.03,1169031,-2290,-0.2,1166000,1172800,1400-8-11,2021-11-02
535,كفرا,فراورده‌ هاي‌ نسوزايران‌,184,438021,7365123490,17150,17150,17050,-100,-0.58,16980,-170,-0.99,16300,17600,1400-8-11,2021-11-02
536,دشيمي,شيمي‌ داروئي‌ داروپخش‌,184,315857,7711846150,24400,24250,24550,150,0.61,24410,10,0.04,24250,24990,1400-8-11,2021-11-02
537,كاريس,صندوق س.سپهر كاريزما-س,184,701350,9175765811,13050,12955,13036,-14,-0.11,13083,33,0.25,12860,13180,1400-8-11,2021-11-02
538,غشصفا,شيرپاستوريزه‌پگاه‌اصفهان‌,184,498995,16806983040,35450,33680,33680,-1770,-4.99,33680,-1770,-4.99,33680,33720,1400-8-11,2021-11-02
539,كيان2,صندوق س. با درآمد ثابت كيان,183,18300000,18300000,31339,1,1,-31338,-100,1,-31338,-100,1,1,1400-8-11,2021-11-02
540,ضسپا8040,اختيارخ خساپا-1400-1400/08/26,183,9439,2006027000,155,100,220,65,41.94,213,58,37.42,100,220,1400-8-11,2021-11-02
541,دارو,كارخانجات‌داروپخش‌,183,480414,13937683780,28530,27340,29400,870,3.05,28920,390,1.37,27340,29820,1400-8-11,2021-11-02
542,ساراب,سيمان‌ داراب‌,182,723779,12301946550,16280,16400,16690,410,2.52,16880,600,3.69,16000,17090,1400-8-11,2021-11-02
543,لوتوسح,ح . تامين سرمايه لوتوس پارسيان,180,3960289,16625736400,4170,4180,4190,20,0.48,4200,30,0.72,4150,4250,1400-8-11,2021-11-02
544,سپ,پرداخت الكترونيك سامان كيش,178,368062,10919456510,30790,29400,30300,-490,-1.59,30580,-210,-0.68,29260,30400,1400-8-11,2021-11-02
545,بنيرو,نيروترانس‌,178,1490320,2773379204,1839,1802,1840,1,0.05,1843,4,0.22,1761,1915,1400-8-11,2021-11-02
546,هجرت,پخش هجرت,177,258620,7091073308,26799,27690,27800,1001,3.74,27118,319,1.19,25930,28138,1400-8-11,2021-11-02
547,شاملا,معدني‌ املاح‌  ايران‌,177,314501,9138714890,29590,28550,29000,-590,-1.99,29250,-340,-1.15,28220,29800,1400-8-11,2021-11-02
548,وتوسم,سرمايه‌گذاري‌توسعه‌ملي‌,177,721889,5560991920,7700,7710,7740,40,0.52,7700,0,0,7590,7790,1400-8-11,2021-11-02
549,وبشهر,توسعه‌ صنايع‌ بهشهر(هلدينگ,176,1193061,15736373890,12940,12760,13170,230,1.78,13030,90,0.7,12760,13340,1400-8-11,2021-11-02
550,بساما,بيمه سامان,176,275967,5572645497,20927,21190,20360,-567,-2.71,20681,-246,-1.18,19881,21190,1400-8-11,2021-11-02
551,فكمند,گسترش قطعه سازي كمند,176,542403,17105591620,32471,31497,31670,-801,-2.47,31537,-934,-2.88,31497,32598,1400-8-11,2021-11-02
552,تسه9809,امتياز تسهيلات مسكن آذر98,175,4521,3188512516,699874,700000,705000,5126,0.73,705267,5393,0.77,690010,719938,1400-8-11,2021-11-02
553,شكبير,پتروشيمي اميركبير,175,150038,14083280635,96258,93371,95890,-368,-0.38,95904,-354,-0.37,93371,95890,1400-8-11,2021-11-02
554,كشرق,صنعتي و معدني شمال شرق شاهرود,174,197323,13359521937,65864,68209,69157,3293,5,67565,1701,2.58,65010,69157,1400-8-11,2021-11-02
555,بموتو,موتوژن‌,174,144717,10355922850,69990,69320,72200,2210,3.16,70820,830,1.19,68700,72450,1400-8-11,2021-11-02
556,زگلدشت,كشت و دام گلدشت نمونه اصفهان,174,577452,5017384028,8588,8600,8800,212,2.47,8622,34,0.4,8220,8920,1400-8-11,2021-11-02
557,زمگسا,كشاورزي‌ ودامپروي‌ مگسال‌,174,442065,7434103370,16550,16500,17000,450,2.72,16690,140,0.85,16370,17060,1400-8-11,2021-11-02
558,شوينده,مديريت صنعت شوينده ت.ص.بهشهر,172,519877,9679729710,18380,19040,18750,370,2.01,18540,160,0.87,18000,19040,1400-8-11,2021-11-02
559,ضخود1050,اختيارخ خودرو-1600-1400/10/08,172,4984,1494211000,247,250,315,68,27.53,300,53,21.46,246,330,1400-8-11,2021-11-02
560,پسهند,صنايع‌ لاستيكي‌  سهند,171,210165,4835853120,22390,21350,22690,300,1.34,22590,200,0.89,21350,23300,1400-8-11,2021-11-02
561,تسه9903,امتياز تسهيلات مسكن خرداد99,170,1726,1231742622,702861,680050,735998,33137,4.71,713640,10779,1.53,680050,737499,1400-8-11,2021-11-02
562,فاما,صنعتي‌ آما,168,1106132,19092072580,16520,16990,17340,820,4.96,17260,740,4.48,16320,17340,1400-8-11,2021-11-02
563,كگهر,سنگ آهن گهرزمين,167,238948,10860085571,44373,44550,45310,937,2.11,44468,95,0.21,44550,45799,1400-8-11,2021-11-02
564,كپرور,فرآوري زغال سنگ پروده طبس,167,271004,8268141354,30003,30005,30299,296,0.99,30299,296,0.99,30000,31230,1400-8-11,2021-11-02
565,كي بي سي,شركت كي بي سي,166,348822,5857017658,16652,15860,16400,-252,-1.51,16708,56,0.34,15860,17200,1400-8-11,2021-11-02
566,دالبر,البرزدارو,163,444308,5802285600,13190,12940,13150,-40,-0.3,13140,-50,-0.38,12750,13540,1400-8-11,2021-11-02
567,سقاين,سيمان‌ قائن‌,160,99287,4693832550,47020,48050,46240,-780,-1.66,47110,90,0.19,44820,48200,1400-8-11,2021-11-02
568,فردا,صندوق س آواي فرداي زاگرس-ثابت,160,4436656,52035520911,11722,11728,11729,7,0.06,11729,7,0.06,11728,11730,1400-8-11,2021-11-02
569,شپاكسا,پاكسان‌,160,824000,13360390860,15890,15890,16200,310,1.95,16190,300,1.89,15860,16480,1400-8-11,2021-11-02
570,تسه9905,امتياز تسهيلات مسكن مرداد99,159,2161,1538895401,701873,680000,736965,35092,5,712122,10249,1.46,680000,736966,1400-8-11,2021-11-02
571,پرداخت,به پرداخت ملت,156,558550,7312934230,12680,13310,13000,320,2.52,12870,190,1.5,12740,13310,1400-8-11,2021-11-02
572,اوصتا,صندوق انديشه ورزان صباتامين -د,154,6668674,135826631645,20356,20367,20366,10,0.05,20368,12,0.06,20366,20369,1400-8-11,2021-11-02
573,خاتم,صندوق س خاتم ايساتيس پويا-ثابت,154,942697,11537464373,12231,12241,12240,9,0.07,12239,8,0.07,12237,12241,1400-8-11,2021-11-02
574,وكادو,تكادو,153,425879,6646635821,15184,15100,15639,455,3,15480,296,1.95,15100,15639,1400-8-11,2021-11-02
575,ولملت,واسپاري ملت,152,2814228,19679322700,7340,6980,6980,-360,-4.9,6990,-350,-4.77,6980,7500,1400-8-11,2021-11-02
576,حسينا,توسعه خدمات دريايي وبندري سينا,150,129782,5665671798,43425,43425,43500,75,0.17,43517,92,0.21,42020,44999,1400-8-11,2021-11-02
577,داريوش,صندوق س. ثروت داريوش -س,149,608166,5844709502,9589,9680,9610,21,0.22,9610,21,0.22,9570,9680,1400-8-11,2021-11-02
578,وبهمن,سرمايه‌گذاري‌بهمن‌,148,406979,6023904690,14930,14200,14600,-330,-2.21,14880,-50,-0.33,14200,15440,1400-8-11,2021-11-02
579,گنگين,اقتصادي نگين گردشگري ايرانيان,147,1357370,33649377823,24213,24000,24939,726,3,24790,577,2.38,24000,24939,1400-8-11,2021-11-02
580,دابور,داروسازي‌ ابوريحان‌,146,243015,5990048040,24130,23550,24980,850,3.52,24350,220,0.91,23550,25180,1400-8-11,2021-11-02
581,ضشنا8004,اختيارخ شپنا-10800-1400/08/16,146,2333,927633000,381,464,352,-29,-7.61,398,17,4.46,330,490,1400-8-11,2021-11-02
582,شگل,گلتاش‌,142,459448,3039901540,6600,6600,6630,30,0.45,6600,0,0,6560,6740,1400-8-11,2021-11-02
583,مداران,داده‌پردازي‌ايران‌,142,259694,3401317900,13010,13000,13090,80,0.61,13030,20,0.15,12430,13450,1400-8-11,2021-11-02
584,تسه9808,امتياز تسهيلات مسكن آبان98,141,3169,2231759318,689220,699994,696011,6791,0.99,704247,15027,2.18,692010,720000,1400-8-11,2021-11-02
585,سفانو,سيمان فارس نو,139,180199,4567989860,24870,25790,25540,670,2.69,25020,150,0.6,24890,25790,1400-8-11,2021-11-02
586,صايند,صندوق س. گنجينه آينده روشن-د,139,725500,7270834840,10071,10037,10013,-58,-0.58,10022,-49,-0.49,10005,10037,1400-8-11,2021-11-02
587,سبجنو,سيمان‌ بجنورد,138,292925,10286679480,35190,35000,35680,490,1.39,35140,-50,-0.14,34300,36000,1400-8-11,2021-11-02
588,سمازن,سيمان‌مازندران‌,137,353353,4899800300,13510,13720,13800,290,2.15,13630,120,0.89,13510,13990,1400-8-11,2021-11-02
589,آساميد,صندوق س.مشترك آسمان اميد -د,136,2179375,29024521616,13308,13316,13323,15,0.11,13318,10,0.08,13316,13323,1400-8-11,2021-11-02
590,فيروزه,صندوق شاخص30 شركت فيروزه- سهام,136,22396,3868305920,170750,171000,171800,1050,0.61,172720,1970,1.15,171000,174400,1400-8-11,2021-11-02
591,وبازار,صندوق س شاخصي بازارآشنا,135,495270,5983731590,11700,12010,12090,390,3.33,12080,380,3.25,11910,12200,1400-8-11,2021-11-02
592,زعف0110پ11,زعفران0110نگين سحرخيز(پ),135,95753,24142436676,247790,247006,253934,6144,2.48,252132,4342,1.75,243000,253934,1400-8-11,2021-11-02
593,فيروزا,صندوق بادرآمد ثابت فيروزه آسيا,134,466491,11940468976,25555,25800,25560,5,0.02,25596,41,0.16,25541,25898,1400-8-11,2021-11-02
594,تسه9812,امتياز تسهيلات مسكن اسفند98,134,1393,984067554,704382,700000,708800,4418,0.63,706438,2056,0.29,690006,725000,1400-8-11,2021-11-02
595,عيار,صندوق سكه طلاي مفيد,134,114235,3386287339,29668,29800,29670,2,0.01,29643,-25,-0.08,29600,29800,1400-8-11,2021-11-02
596,دكيمي,كيميدارو,133,273024,5292316500,18780,17940,19700,920,4.9,18990,210,1.12,17940,19700,1400-8-11,2021-11-02
597,غويتا,ويتانا,132,2141763,12085968609,5375,5643,5643,268,4.99,5570,195,3.63,5643,5643,1400-8-11,2021-11-02
598,كخاك,صنايع‌خاك‌چيني‌ايران‌,131,182224,4745007050,25800,25790,26000,200,0.78,25870,70,0.27,25000,26550,1400-8-11,2021-11-02
599,دسينا,داروسازي‌ سينا,130,255410,5078682550,18960,19900,19900,940,4.96,19260,300,1.58,19500,19900,1400-8-11,2021-11-02
600,سشمال,سيمان‌ شمال‌,129,1057091,8815944020,8140,8450,8430,290,3.56,8260,120,1.47,8060,8520,1400-8-11,2021-11-02
601,دفرا,فرآورده‌هاي‌ تزريقي‌ ايران‌,126,197656,5461016670,27790,29000,28090,300,1.08,27730,-60,-0.22,26820,29000,1400-8-11,2021-11-02
602,زپارس,ملي كشت و صنعت و دامپروري پارس,126,48816,4964776580,100860,102360,101870,1010,1,101130,270,0.27,100010,103260,1400-8-11,2021-11-02
603,لوتوس,تامين سرمايه لوتوس پارسيان,126,972274,5398467890,5540,5550,5550,10,0.18,5540,0,0,5520,5630,1400-8-11,2021-11-02
604,زر,صندوق س.پشتوانه سكه طلاي زر,125,27093,1377781096,50704,51350,50900,196,0.39,50854,150,0.3,50450,51350,1400-8-11,2021-11-02
605,تماوند,تامين سرمايه دماوند,125,809991,4549039685,5578,5730,5690,112,2.01,5589,11,0.2,5488,5730,1400-8-11,2021-11-02
606,تسه9811,امتياز تسهيلات مسكن بهمن98,125,1292,914950575,702355,701020,702000,-355,-0.05,708166,5811,0.83,681250,719990,1400-8-11,2021-11-02
607,دسبحان,سبحان دارو,123,209779,3076084110,14590,14810,14830,240,1.64,14610,20,0.14,14030,14980,1400-8-11,2021-11-02
608,فالوم,آلومتك‌,120,170315,4277631509,25849,25075,25074,-775,-3,25503,-346,-1.34,25074,25800,1400-8-11,2021-11-02
609,اخزا006,اسنادخزانه-م6بودجه00-030723,120,640115,339838429111,531779,533000,533000,1221,0.23,530902,-877,-0.16,528000,533999,1400-8-11,2021-11-02
610,وثخوز,سرمايه گذاري و توسعه خوزستان,119,376266,12221872212,30936,32482,32482,1546,5,32482,1546,5,32482,32482,1400-8-11,2021-11-02
611,ثزاگرس,سرمايه گذاري توسعه عمران زاگرس,119,115985,3693706710,32935,31940,32170,-765,-2.32,32499,-436,-1.32,31301,32300,1400-8-11,2021-11-02
612,فن آوا,گروه فن آوا,118,633839,13192700244,20225,19810,20831,606,3,20814,589,2.91,19672,20831,1400-8-11,2021-11-02
613,قزوين,كارخانجات‌ قند قزوين‌,117,526755,15186377950,28120,29300,29400,1280,4.55,28830,710,2.52,28140,29520,1400-8-11,2021-11-02
614,معيار ,سرمايه گذاري معيار صنعت پارس,116,67474,3299985569,48709,50000,48800,91,0.19,48774,65,0.13,47361,50085,1400-8-11,2021-11-02
615,تسه9901,امتياز تسهيلات مسكن فروردين99,116,988,698389083,700521,676118,703101,2580,0.37,706872,6351,0.91,676118,719780,1400-8-11,2021-11-02
616,دپارس,پارس‌ دارو,116,159315,4902724770,30310,31390,30700,390,1.29,30460,150,0.49,29010,31390,1400-8-11,2021-11-02
617,دسبحا,گروه دارويي سبحان,115,465823,8393383480,17860,17820,18270,410,2.3,17920,60,0.34,17050,18380,1400-8-11,2021-11-02
618,كگاز,شيشه‌ و گاز,115,402998,5909429900,14360,14750,14780,420,2.92,14480,120,0.84,14050,14830,1400-8-11,2021-11-02
619,غپونه,نوش پونه مشهد,115,753503,9240624578,11925,11900,12282,357,2.99,12247,322,2.7,11569,12282,1400-8-11,2021-11-02
620,ولبهمن,شركت بهمن ليزينگ,111,666711,4125244333,6058,6052,6230,172,2.84,6095,37,0.61,5762,6250,1400-8-11,2021-11-02
621,تكنار,مجتمع معادن مس تكنار,110,48995,2816705994,58375,57000,58000,-375,-0.64,58106,-269,-0.46,56624,58790,1400-8-11,2021-11-02
622,اخزا917,اسنادخزانه-م17بودجه99-010226,108,451690,400573485544,894094,888899,895000,906,0.1,886833,-7261,-0.81,849390,896000,1400-8-11,2021-11-02
623,اخزا901,اسنادخزانه-م1بودجه99-010621,107,150968,125662953288,835887,831910,834080,-1807,-0.22,832381,-3506,-0.42,830010,834995,1400-8-11,2021-11-02
624,غالبر,لبنيات‌ كالبر,104,1101437,11421901690,9880,10370,10370,490,4.96,10200,320,3.24,10370,10370,1400-8-11,2021-11-02
625,ما,بيمه  ما,103,478120,2941446370,6080,6140,6210,130,2.14,6090,10,0.16,5990,6260,1400-8-11,2021-11-02
626,اخزا910,اسنادخزانه-م10بودجه99-020807,101,324159,211442607199,654138,652900,650995,-3143,-0.48,652281,-1857,-0.28,650116,654135,1400-8-11,2021-11-02
627,وتوشه,سرمايه‌ گذاري‌ پارس‌ توشه‌,101,519934,3017208810,5700,5790,5860,160,2.81,5720,20,0.35,5720,5910,1400-8-11,2021-11-02
628,آساس,صندوق س.آسمان آرماني سهام-س,99,54201,8778721222,161495,161000,163500,2005,1.24,161966,471,0.29,159020,163789,1400-8-11,2021-11-02
629,وامين,س. امين توان آفرين ساز,99,189393,2423037805,12837,12840,12880,43,0.33,12835,-2,-0.02,12708,12920,1400-8-11,2021-11-02
630,اخزا004,اسنادخزانه-م4بودجه00-030522,98,480652,265033402500,551796,554983,550000,-1796,-0.33,551404,-392,-0.07,548105,554983,1400-8-11,2021-11-02
631,اخزا902,اسنادخزانه-م2بودجه99-011019,96,162826,126665368555,783234,782223,778001,-5233,-0.67,777919,-5315,-0.68,774223,782223,1400-8-11,2021-11-02
632,سكرما,سيمان‌ كرمان‌,95,361324,5252337560,14090,13870,14430,340,2.41,14250,160,1.14,13870,14730,1400-8-11,2021-11-02
633,اتكامح,ح . بيمه اتكايي امين,92,348225,667375273,1917,1901,1919,2,0.1,1917,0,0,1901,1940,1400-8-11,2021-11-02
634,گوهران,سرمايه گذاري توسعه گوهران اميد,92,913551,4572099553,4932,4950,4990,58,1.18,4954,22,0.45,4950,5050,1400-8-11,2021-11-02
635,بخاور,بيمه زندگي خاورميانه,91,812209,3446780306,4252,4400,4260,8,0.19,4250,-2,-0.05,4196,4400,1400-8-11,2021-11-02
636,وليز,ليزينگ‌ايران‌,88,1572202,4038986938,2447,2569,2569,122,4.99,2476,29,1.19,2569,2569,1400-8-11,2021-11-02
637,ماني,صندوق س. با درآمد ثابت ماني,88,511415,5322331852,10401,10406,10406,5,0.05,10407,6,0.06,10406,10408,1400-8-11,2021-11-02
638,سيدكو,سرمايه گذاري توسعه صنايع سيمان,85,494325,2979830910,6000,5910,5970,-30,-0.5,6010,10,0.17,5910,6100,1400-8-11,2021-11-02
639,شساخت,مهندسي و ساختمان صنايع نفت,84,320145,13718414075,43576,42269,43000,-576,-1.32,43346,-230,-0.53,42269,44000,1400-8-11,2021-11-02
640,گوهر,صندوق سكه طلاي كيان,81,33933,1975866864,58316,58800,58400,84,0.14,58228,-88,-0.15,58000,58800,1400-8-11,2021-11-02
641,ضسپا8042,اختيارخ خساپا-1800-1400/08/26,81,3797,58664000,21,17,16,-5,-23.81,15,-6,-28.57,14,17,1400-8-11,2021-11-02
642,اخزا003,اسنادخزانه-م3بودجه00-030418,80,338883,190457256399,563440,562111,561111,-2329,-0.41,562015,-1425,-0.25,556003,565000,1400-8-11,2021-11-02
643,دقاضي,داروسازي شهيد قاضي,79,141302,4060536608,29597,29999,28711,-886,-2.99,29239,-358,-1.21,28710,29999,1400-8-11,2021-11-02
644,سدور,سيمان‌ دورود,79,825868,5690230520,6570,6890,6890,320,4.87,6680,110,1.67,6890,6890,1400-8-11,2021-11-02
645,شرنگي,شيميايي رنگين,78,83873,13032438359,160188,155383,155383,-4805,-3,155383,-4805,-3,155383,155383,1400-8-11,2021-11-02
646,اخزا808,اسنادخزانه-م8بودجه98-000817,78,116594,115961041385,993310,993501,993002,-308,-0.03,994571,1261,0.13,993000,995998,1400-8-11,2021-11-02
647,صنوين,صندوق سرمايه‌گذاري صنوين-مختلط,77,28989,2736642440,91620,90360,95000,3380,3.69,94400,2780,3.03,90360,97000,1400-8-11,2021-11-02
648,اتكام,بيمه اتكايي امين,76,704745,2513429748,3548,3550,3554,6,0.17,3551,3,0.08,3548,3609,1400-8-11,2021-11-02
649,اخزا001,اسنادخزانه-م1بودجه00-030821,75,303217,158446263437,523737,524799,522990,-747,-0.14,522551,-1186,-0.23,521407,525000,1400-8-11,2021-11-02
650,اخزا903,اسنادخزانه-م3بودجه99-011110,75,173322,133176250383,772471,774061,774051,1580,0.2,768375,-4096,-0.53,766996,774061,1400-8-11,2021-11-02
651,زرين,صندوق س. سهام زرين كوروش-س,73,286485,3627778441,12464,12554,12666,202,1.62,12663,199,1.6,12550,12750,1400-8-11,2021-11-02
652,زعف0008پ08,زعفران0008نگين روستا(پ),73,45181,8549878720,184250,185990,192648,8398,4.56,189236,4986,2.71,180101,192648,1400-8-11,2021-11-02
653,اخزا002,اسنادخزانه-م2بودجه00-031024,72,134176,67643983222,504796,507995,506000,1204,0.24,504144,-652,-0.13,502000,507995,1400-8-11,2021-11-02
654,وپخش,داروپخش‌ (هلدينگ‌,70,64224,1923038890,30110,29310,30440,330,1.1,30100,-10,-0.03,29120,30480,1400-8-11,2021-11-02
655,داسوه,داروسازي‌ اسوه‌,69,209953,5015777170,22760,23890,23890,1130,4.96,23110,350,1.54,23890,23890,1400-8-11,2021-11-02
656,زعف0110پ05,زعفران0110نگين زرين(پ),69,45813,11493332486,247605,245102,253934,6329,2.56,250875,3270,1.32,245102,253934,1400-8-11,2021-11-02
657,سلار,شركت سيمان لارستان,69,200350,5531270800,28461,27608,27608,-853,-3,27947,-514,-1.81,27608,27610,1400-8-11,2021-11-02
658,وگستر,گسترش سرمايه گذاري ايرانيان,68,317856,2542530144,8420,7999,7999,-421,-5,8344,-76,-0.9,7999,7999,1400-8-11,2021-11-02
659,كاسپين,داروسازي كاسپين تامين,68,389413,10029331815,27110,25755,25755,-1355,-5,26041,-1069,-3.94,25755,25755,1400-8-11,2021-11-02
660,اخزا812,اسنادخزانه-م12بودجه98-001111,66,200931,190181695981,949462,950500,947150,-2312,-0.24,946502,-2960,-0.31,940999,950500,1400-8-11,2021-11-02
661,زعف0008پ11,زعفران0008نگين سحرخيز(پ),65,35854,6861824389,185552,188501,192648,7096,3.82,191382,5830,3.14,175000,192648,1400-8-11,2021-11-02
662,اخزا911,اسنادخزانه-م11بودجه99-020906,65,241562,154852008365,642506,642000,641000,-1506,-0.23,641045,-1461,-0.23,639999,642001,1400-8-11,2021-11-02
663,بايكا,كارخانجات كابلسازي ‌ايران‌,62,70416,1336988592,19986,18987,18987,-999,-5,19845,-141,-0.71,18987,18987,1400-8-11,2021-11-02
664,الماس,صندوق س.امين تدبيرگران فردا-س,60,8981,928376769,102323,102000,102500,177,0.17,103371,1048,1.02,100010,104822,1400-8-11,2021-11-02
665,قپيرا,فرآورده‌هاي‌غدايي‌وقندپيرانشهر,60,151952,1288421990,8540,8590,8540,0,0,8530,-10,-0.12,8130,8660,1400-8-11,2021-11-02
666,اخزا914,اسنادخزانه-م14بودجه99-021025,59,181380,113164803058,624808,622224,628000,3192,0.51,623910,-898,-0.14,621501,628000,1400-8-11,2021-11-02
667,افق ملت,صندوق س در سهام افق ملت,59,33313,4644840510,139510,138050,140500,990,0.71,139430,-80,-0.06,138050,140500,1400-8-11,2021-11-02
668,اخزا909,اسنادخزانه-م9بودجه99-020316,59,183646,130535080462,716369,712004,711000,-5369,-0.75,710797,-5572,-0.78,707000,713000,1400-8-11,2021-11-02
669,سمتاز,سيمان ممتازان كرمان,58,72639,1142967955,15981,15503,15630,-351,-2.2,15952,-29,-0.18,15503,16249,1400-8-11,2021-11-02
670,تشتاد,صنايع توليدي اشتاد ايران‌,57,222606,1233557725,5468,5400,5505,37,0.68,5477,9,0.16,5400,5632,1400-8-11,2021-11-02
671,دارا,صندوق س. دارا الگوريتم-د,56,768165,7603848752,9889,9898,9902,13,0.13,9899,10,0.1,9875,9908,1400-8-11,2021-11-02
672,ارمغان,ص سرمايه گذاري ارمغان ايرانيان,56,456168,4624782112,10130,10131,10144,14,0.14,10138,8,0.08,10131,10151,1400-8-11,2021-11-02
673,ضسپا8043,اختيارخ خساپا-2000-1400/08/26,56,2054,7528000,4,3,3,-1,-25,4,0,0,3,5,1400-8-11,2021-11-02
674,سهگمت,سيمان‌هگمتان‌,55,81848,1749913750,21230,21250,21400,170,0.8,21250,20,0.09,20800,21650,1400-8-11,2021-11-02
675,كميناح,ح . شيشه سازي مينا,55,626472,4102681474,6393,6208,6584,191,2.99,6549,156,2.44,6208,6584,1400-8-11,2021-11-02
676,ضصاد8031,اختيارخ وبصادر-1789-1400/08/12,54,2193,29986000,5,4,6,1,20,14,9,180,4,24,1400-8-11,2021-11-02
677,سامان,بانك سامان,52,1829564,11685425268,6201,6387,6387,186,3,6275,74,1.19,6387,6387,1400-8-11,2021-11-02
678,زعف0110پ18,زعفران0110نگين بهرامن(پ),52,48147,12097205566,248830,244202,251601,2771,1.11,251256,2426,0.97,244201,253934,1400-8-11,2021-11-02
679,اخزا007,اسنادخزانه-م7بودجه00-030912,51,245810,126879636746,517996,516000,514114,-3882,-0.75,516170,-1826,-0.35,513110,518000,1400-8-11,2021-11-02
680,ومشان,س. فني و مهندسي مشانير,51,24868,1319766580,54701,53060,53060,-1641,-3,54296,-405,-0.74,53060,53601,1400-8-11,2021-11-02
681,ضصاد8030,اختيارخ وبصادر-1589-1400/08/12,51,1084,197786000,128,56,156,28,21.88,182,54,42.19,56,218,1400-8-11,2021-11-02
682,اخزا008,اسنادخزانه-م8بودجه00-030919,50,265036,136410398084,514137,516000,515999,1862,0.36,514686,549,0.11,513001,519996,1400-8-11,2021-11-02
683,ضصاد1111,اختيارخ وبصادر-1600-1400/11/06,47,1495,615329000,360,400,400,40,11.11,412,52,14.44,380,429,1400-8-11,2021-11-02
684,ثبات,صندوق س. ثبات ويستا -د,47,1909582,19687286679,10307,10312,10312,5,0.05,10310,3,0.03,10309,10312,1400-8-11,2021-11-02
685,تمحركه,ماشين سازي نيرو محركه,47,481009,10914575219,22031,22691,22691,660,3,22691,660,3,22691,22691,1400-8-11,2021-11-02
686,قنقش,قند نقش جهان,45,45682,5022279080,107785,109940,109940,2155,2,109556,1771,1.64,109940,109940,1400-8-11,2021-11-02
687,زعف0110پ10,زعفران0110نگين طلاي سرخ(پ),45,109623,27447255015,240325,245001,252001,11676,4.86,250379,10054,4.18,241000,253934,1400-8-11,2021-11-02
688,اخزا810,اسنادخزانه-م10بودجه98-001006,45,125486,121070684760,967001,967000,967500,499,0.05,964814,-2187,-0.23,960000,970000,1400-8-11,2021-11-02
689,آتيمس,صندوق س.آرمان آتيه درخشان مس-س,43,14910,2725456196,182858,182990,183200,342,0.19,182794,-64,-0.03,182001,184800,1400-8-11,2021-11-02
690,سكه0011پ02,تمام سكه طرح جديد0011ملت,42,7000,8176232900,1166437,1169995,1169900,3463,0.3,1168033,1596,0.14,1165000,1170000,1400-8-11,2021-11-02
691,اخزا908,اسنادخزانه-م8بودجه99-020606,41,219414,148519253969,677755,676003,676000,-1755,-0.26,676890,-865,-0.13,675500,678500,1400-8-11,2021-11-02
692,تپولا,مهندسي مرآت پولاد,40,142104,2581034952,18724,18163,18163,-561,-3,18566,-158,-0.84,18163,18163,1400-8-11,2021-11-02
693,واعتبار,سرمايه گذاري اعتبار ايران,39,369585,2494698750,6430,6750,6750,320,4.98,6480,50,0.78,6750,6750,1400-8-11,2021-11-02
694,اخزا815,اسنادخزانه-م15بودجه98-010406,38,89442,78021337546,873828,874000,865000,-8828,-1.01,872312,-1516,-0.17,865000,874100,1400-8-11,2021-11-02
695,زعف0008پ05,زعفران0008نگين زرين(پ),37,12939,2483462991,184441,191000,192648,8207,4.45,191936,7495,4.06,187000,192648,1400-8-11,2021-11-02
696,گنجين,صندوق س. گنجينه يكم آويد-د,37,332981,4679095487,14050,14050,14053,3,0.02,14052,2,0.01,14050,14058,1400-8-11,2021-11-02
697,سخواف,سيمان مجد خواف,35,102179,1009426341,10398,9879,9879,-519,-4.99,10343,-55,-0.53,9879,9879,1400-8-11,2021-11-02
698,زعف0110پ21,زعفران0110نگين ملل(پ),35,71917,18072530594,242687,248888,253934,11247,4.63,251297,8610,3.55,248000,253934,1400-8-11,2021-11-02
699,زعف0110پ20,زعفران0110نگين وحدت جام(پ),34,21153,5338674755,241270,242461,253934,12664,5.25,252384,11114,4.61,242461,253934,1400-8-11,2021-11-02
700,اخزا809,اسنادخزانه-م9بودجه98-000923,33,67848,66060728317,974047,976999,975000,953,0.1,973658,-389,-0.04,970000,976999,1400-8-11,2021-11-02
701,اخزا905,اسنادخزانه-م5بودجه99-020218,33,66653,48104363698,729171,732460,720001,-9170,-1.26,721713,-7458,-1.02,720000,732460,1400-8-11,2021-11-02
702,ثتوسا,س.توسعه و عمران استان اردبيل,33,49222,913904874,19141,18567,18567,-574,-3,19082,-59,-0.31,18567,18567,1400-8-11,2021-11-02
703,وجامي,سرمايه گذاري جامي,32,88943,793282617,9388,8919,8919,-469,-5,9349,-39,-0.42,8919,8919,1400-8-11,2021-11-02
704,سكارون,سيمان كارون,32,13986,845313840,62309,60440,60440,-1869,-3,62145,-164,-0.26,60440,60440,1400-8-11,2021-11-02
705,اگ010155,گام بانك اقتصاد نوين0101,32,190006,171195850094,902767,901002,901003,-1764,-0.2,901002,-1765,-0.2,901001,919999,1400-8-11,2021-11-02
706,وآفري,بيمه كارآفرين,31,348686,1114263583,3247,3152,3269,22,0.68,3242,-5,-0.15,3150,3316,1400-8-11,2021-11-02
707,پارتا,مجتمع‌صنعتي‌آرتاويل‌تاير,31,20482,514589768,25901,25124,25124,-777,-3,25883,-18,-0.07,25124,25124,1400-8-11,2021-11-02
708,سپيدما2,صندوق س. سپيد دماوند-د,30,295000000,295000000,11300,1,1,-11299,-99.99,1,-11299,-99.99,1,1,1400-8-11,2021-11-02
709,مدير2,ص.س.مديريت ثروت ص.بازنشستگي-س,30,3000000,3000000,9106,1,1,-9105,-99.99,1,-9105,-99.99,1,1,1400-8-11,2021-11-02
710,كصدف,كاشي صدف سرام استقلال آباده,30,34290,716558130,21996,20897,20897,-1099,-5,21913,-83,-0.38,20897,20897,1400-8-11,2021-11-02
711,ضشنا8005,اختيارخ شپنا-12800-1400/08/16,29,1219,11808000,17,5,7,-10,-58.82,10,-7,-41.18,5,11,1400-8-11,2021-11-02
712,فراز,صندوق س.سهام فراز داريك-س,29,229675,3250868085,14152,14161,14159,7,0.05,14154,2,0.01,14153,14170,1400-8-11,2021-11-02
713,اخزا817,اسنادخزانه-م17بودجه98-010512,29,42818,36449717269,853017,849500,850000,-3017,-0.35,851271,-1746,-0.2,849500,864388,1400-8-11,2021-11-02
714,ولانا,شركت ليزينگ آريا دانا,28,118970,1831067270,16201,15391,15391,-810,-5,16008,-193,-1.19,15391,15391,1400-8-11,2021-11-02
715,اخزا723,اسنادخزانه-م23بودجه97-000824,28,22241,22058607282,990149,992000,992000,1851,0.19,991799,1650,0.17,990301,992000,1400-8-11,2021-11-02
716,وگردش,بانك گردشگري,27,148208,1494381264,10394,10083,10083,-311,-2.99,10386,-8,-0.08,10083,10083,1400-8-11,2021-11-02
717,وسقم,شركت س استان قم,27,240632,290683456,1342,1208,1208,-134,-9.99,1340,-2,-0.15,1208,1208,1400-8-11,2021-11-02
718,ساروج,بين المللي ساروج بوشهر,26,78911,1325078572,16907,16880,16900,-7,-0.04,16892,-15,-0.09,16737,16900,1400-8-11,2021-11-02
719,اخزا816,اسنادخزانه-م16بودجه98-010503,25,38400,32897432492,860608,860608,857000,-3608,-0.42,856704,-3904,-0.45,852422,860999,1400-8-11,2021-11-02
720,ثروتم,صندوق س. ثروت آفرين پارسيان-س,25,51750,4392105250,83988,83986,85101,1113,1.33,84872,884,1.05,83770,85700,1400-8-11,2021-11-02
721,ضشنا8003,اختيارخ شپنا-8800-1400/08/16,25,321,640201000,1788,1801,2000,212,11.86,1994,206,11.52,1801,2120,1400-8-11,2021-11-02
722,ضفلا1163,اختيارخ فولاد-10000-1400/11/24,24,122,317952000,2462,2600,2650,188,7.64,2606,144,5.85,2550,2650,1400-8-11,2021-11-02
723,ضصاد8032,اختيارخ وبصادر-1989-1400/08/12,24,1300,1300000,2,1,1,-1,-50,1,-1,-50,1,1,1400-8-11,2021-11-02
724,كهربا,صندوق س.پشتوانه سكه طلا كهربا,24,67532,690771193,10263,10201,10260,-3,-0.03,10229,-34,-0.33,10201,10265,1400-8-11,2021-11-02
725,اراد33,مرابحه عام دولت3-ش.خ 0303,24,21800,19648092500,886512,900000,919980,33468,3.78,901289,14777,1.67,880115,929997,1400-8-11,2021-11-02
726,سكه0112پ03,تمام سكه طرح جديد0112سامان,23,3100,3621869900,1163478,1167001,1168999,5521,0.47,1168345,4867,0.42,1166000,1170000,1400-8-11,2021-11-02
727,اخزا907,اسنادخزانه-م7بودجه99-020704,22,131959,87757023892,664524,665600,662000,-2524,-0.38,665032,508,0.08,662000,667001,1400-8-11,2021-11-02
728,سكه0012پ04,تمام سكه طرح جديد0012صادرات,22,3900,4552013200,1169666,1166203,1170000,334,0.03,1167183,-2483,-0.21,1166100,1170400,1400-8-11,2021-11-02
729,وحافظح,ح . بيمه حافظ,21,129765,459887160,3441,3544,3544,103,2.99,3544,103,2.99,3544,3544,1400-8-11,2021-11-02
730,اخزا814,اسنادخزانه-م14بودجه98-010318,20,36801,32417640692,883462,883462,879192,-4270,-0.48,880890,-2572,-0.29,879192,884990,1400-8-11,2021-11-02
731,برن0104پ01,برنج طارم0104تجارت مازندران(پ),20,2788,1140480300,407166,407000,412000,4834,1.19,409068,1902,0.47,407000,412000,1400-8-11,2021-11-02
732,ضترا1131,اختيارخ شتران-3529-1400/11/10,20,173,488692656,1293,1222,1320,27,2.09,1246,-47,-3.63,1222,1350,1400-8-11,2021-11-02
733,آسام,صندوق س.آرمان سپهر آشنا-م,20,4740,569220370,120059,120400,120197,138,0.11,120089,30,0.02,120000,122000,1400-8-11,2021-11-02
734,كامياب2,صندوق س. كامياب آشنا-د,20,2000000,2000000,10796,1,1,-10795,-99.99,1,-10795,-99.99,1,1,1400-8-11,2021-11-02
735,فسا,پتروشيمي فسا,20,1089920,1434334720,1356,1316,1316,-40,-2.95,1350,-6,-0.44,1316,1316,1400-8-11,2021-11-02
736,غشوكوح,ح . شوكو پارس,19,44345,244562675,5685,5515,5515,-170,-2.99,5515,-170,-2.99,5515,5515,1400-8-11,2021-11-02
737,وآتوس,س.آرين توسكا قيمت اسمي 350ريال,18,31952,769915392,25364,24096,24096,-1268,-5,25229,-135,-0.53,24096,24096,1400-8-11,2021-11-02
738,ضپال2007,اختيارخ اپال-32000-1401/02/12,18,94,50527000,544,639,600,56,10.29,538,-6,-1.1,500,639,1400-8-11,2021-11-02
739,اخزا813,اسنادخزانه-م13بودجه98-010219,17,31341,28108591952,898407,898010,896999,-1408,-0.16,896863,-1544,-0.17,894000,898010,1400-8-11,2021-11-02
740,سخند,صندوق س.سپهرخبرگان نفت-د,17,50230,508829310,10123,10129,10134,11,0.11,10130,7,0.07,10128,10135,1400-8-11,2021-11-02
741,ضجار1022,اختيارخ وتجارت-2000-1400/10/15,16,1502,240300000,105,180,150,45,42.86,160,55,52.38,150,180,1400-8-11,2021-11-02
742,جهرم,پتروشيمي جهرم,16,295133,433255244,1513,1468,1468,-45,-2.97,1511,-2,-0.13,1468,1468,1400-8-11,2021-11-02
743,داريك,صندوق س.اعتماد داريك-د,16,227768,2682505056,11771,11778,11778,7,0.06,11777,6,0.05,11777,11779,1400-8-11,2021-11-02
744,كسعديح,ح . كاشي‌ سعدي‌,16,109775,757947500,7000,7000,6900,-100,-1.43,6900,-100,-1.43,6900,7000,1400-8-11,2021-11-02
745,اخزا821,اسنادخزانه-م21بودجه98-020906,15,100045,63885497821,643152,641001,636000,-7152,-1.11,638568,-4584,-0.71,635001,643001,1400-8-11,2021-11-02
746,وسخراج,شركت س استان خراسان جنوبي,15,240458,479473252,2215,1994,1994,-221,-9.98,2213,-2,-0.09,1994,1994,1400-8-11,2021-11-02
747,وحافظ,بيمه حافظ,15,44391,449059356,10428,10116,10116,-312,-2.99,10414,-14,-0.13,10116,10116,1400-8-11,2021-11-02
748,زعف0008پ18,زعفران0008نگين بهرامن(پ),15,30969,5962146304,179358,190000,192648,13290,7.41,192520,13162,7.34,190000,192648,1400-8-11,2021-11-02
749,ضپاس1010,اختيارخ وپارس-1800-1400/10/22,15,798,366197000,409,450,470,61,14.91,459,50,12.22,450,470,1400-8-11,2021-11-02
750,زعف0110پ16,زعفران0110نگين بيرجند(پ),15,27850,7031746800,246999,250000,253934,6935,2.81,252486,5487,2.22,250000,253934,1400-8-11,2021-11-02
751,ثنظام,س. ساختماني نظام مهندسي ايران,14,83410,2082080420,25733,24962,24962,-771,-3,25560,-173,-0.67,24962,24962,1400-8-11,2021-11-02
752,حرهشا,رهشاد سپاهان (سهامي عام,14,9915,1154760390,120068,116466,116466,-3602,-3,119592,-476,-0.4,116466,116466,1400-8-11,2021-11-02
753,كشم0101پ01,كشمش سبز0101خليل آباد(پ),14,276,178916681,640664,649850,655000,14336,2.24,648249,7585,1.18,633201,655000,1400-8-11,2021-11-02
754,اخزا904,اسنادخزانه-م4بودجه99-011215,14,51161,38709109932,758468,759600,759600,1132,0.15,756614,-1854,-0.24,753990,759999,1400-8-11,2021-11-02
755,اخزا005,اسنادخزانه-م5بودجه00-030626,13,16149,8745469369,541638,539001,541000,-638,-0.12,541549,-89,-0.02,539000,541700,1400-8-11,2021-11-02
756,غشوكو,شوكو پارس,13,8312,82671152,10253,9946,9946,-307,-2.99,10250,-3,-0.03,9946,9946,1400-8-11,2021-11-02
757,ضپاس1011,اختيارخ وپارس-2000-1400/10/22,12,300,106353000,292,301,360,68,23.29,355,63,21.58,301,360,1400-8-11,2021-11-02
758,ضپال2006,اختيارخ اپال-28000-1401/02/12,12,131,175240000,1245,1400,1250,5,0.4,1338,93,7.47,1250,1410,1400-8-11,2021-11-02
759,اخزا818,اسنادخزانه-م18بودجه98-010614,11,31549,26428953330,840586,831007,837500,-3086,-0.37,837711,-2875,-0.34,831007,841499,1400-8-11,2021-11-02
760,اخزا009,اسناد خزانه-م9بودجه00-031101,11,140,72123340,512823,511500,520000,7177,1.4,515167,2344,0.46,511005,520000,1400-8-11,2021-11-02
761,سكه0111پ05,تمام سكه طرح جديد0111آينده,11,1400,1634210500,1169374,1166201,1169900,526,0.04,1167293,-2081,-0.18,1165002,1169900,1400-8-11,2021-11-02
762,اخزا820,اسنادخزانه-م20بودجه98-020806,11,85819,56067340100,652708,653000,650000,-2708,-0.41,653321,613,0.09,650000,656000,1400-8-11,2021-11-02
763,ضشنا8001,اختيارخ شپنا-6800-1400/08/16,11,27,97300000,3602,3500,3615,13,0.36,3604,2,0.06,3500,3890,1400-8-11,2021-11-02
764,دپارسح,ح . پارس‌ دارو,11,5923,266535000,45000,45000,45000,0,0,45000,0,0,45000,45000,1400-8-11,2021-11-02
765,بذر,صندوق س بذر اميد آفرين-سهام,11,2033,193501220,93960,94990,95040,1080,1.15,95180,1220,1.3,94990,95800,1400-8-11,2021-11-02
766,ثقزوي,شركت عمران و سازندگي قزوين,10,61198,1758034946,29615,28727,28727,-888,-3,29454,-161,-0.54,28727,28727,1400-8-11,2021-11-02
767,زعف0008پ16,زعفران0008نگين بيرجند(پ),10,962,185042201,185210,191000,192648,7438,4.02,192352,7142,3.86,190999,192648,1400-8-11,2021-11-02
768,اطلس2,صندوق س.توسعه اندوخته آينده-س,10,100000,100000,245289,1,1,-245288,-100,1,-245288,-100,1,1,1400-8-11,2021-11-02
769,پادا,صندوق س.پاداش سرمايه پارس-س,9,2806,295674986,105463,104081,106590,1127,1.07,105372,-91,-0.09,104081,106600,1400-8-11,2021-11-02
770,اخزا811,اسنادخزانه-م11بودجه98-001013,9,1210,1169907176,963715,968000,966050,2335,0.24,966865,3150,0.33,966050,969498,1400-8-11,2021-11-02
771,فنرژي,گسترش صنايع انرژي آذرآب,9,12075,157168200,13281,13016,13016,-265,-2,13272,-9,-0.07,13016,13016,1400-8-11,2021-11-02
772,تابا,تابان نيرو سپاهان,9,2967,85093560,29567,28680,28680,-887,-3,29559,-8,-0.03,28680,28680,1400-8-11,2021-11-02
773,دمعيار,صندوق س. توازن معيار-د,9,197076,1981599185,10050,10055,10055,5,0.05,10055,5,0.05,10055,10060,1400-8-11,2021-11-02
774,زعف0008پ09,زعفران0008نگين نوين(پ),9,16304,3118971000,181080,189000,192000,10920,6.03,191301,10221,5.64,189000,192000,1400-8-11,2021-11-02
775,ضفلا1164,اختيارخ فولاد-12000-1400/11/24,9,146,210837000,1315,1550,1400,85,6.46,1444,129,9.81,1241,1550,1400-8-11,2021-11-02
776,اخزا918,اسنادخزانه-م18بودجه99-010323,9,112182,98659150000,878425,879999,879000,575,0.07,879456,1031,0.12,879000,880000,1400-8-11,2021-11-02
777,داراب,پتروشيمي داراب,9,60719,134856899,2289,2221,2221,-68,-2.97,2288,-1,-0.04,2221,2221,1400-8-11,2021-11-02
778,نيرو,نيرو سرمايه,8,20500,811902500,40829,39605,39605,-1224,-3,40725,-104,-0.25,39605,39605,1400-8-11,2021-11-02
779,هنوري102,اختيارف ت نوري59561-01/02/15,8,13466,13466,1,1,1,0,0,1,0,0,1,1,1400-8-11,2021-11-02
780,گكيش,توريستي ورفاهي آبادگران كيش,8,5764,230070060,41149,39915,39915,-1234,-3,41120,-29,-0.07,39915,39915,1400-8-11,2021-11-02
781,وسرضوي,س.سهام عدالت استان خراسان رضوي,8,163240,113288560,730,694,694,-36,-4.93,730,0,0,694,694,1400-8-11,2021-11-02
782,لخانه,لوازم‌ خانگي‌ پارس‌,8,5001,92068410,18979,18410,18410,-569,-3,18974,-5,-0.03,18410,18410,1400-8-11,2021-11-02
783,خفناور,مهندسي صنعتي روان فن آور,8,2472,101965056,42523,41248,41248,-1275,-3,42510,-13,-0.03,41248,41248,1400-8-11,2021-11-02
784,فنفت,صنايع تجهيزات نفت,7,8449,126439285,15427,14965,14965,-462,-2.99,15421,-6,-0.04,14965,14965,1400-8-11,2021-11-02
785,مشهد0212,مشاركت ش مشهد0212-3ماهه18%,7,65000,65000000000,990001,1000000,1000000,9999,1.01,1000000,9999,1.01,1000000,1000000,1400-8-11,2021-11-02
786,ثنام,س ساختماني ب نام آوران مهندسي,7,5900,66062300,11543,11197,11197,-346,-3,11541,-2,-0.02,11197,11197,1400-8-11,2021-11-02
787,ثهام,صندوق س ثروت هامرز-سهام,6,2971,31986150,10809,10880,10650,-159,-1.47,10766,-43,-0.4,10650,10880,1400-8-11,2021-11-02
788,اراد61,مرابحه عام دولت61-ش.خ0309,6,40000,40000000000,1000000,1000000,1000000,0,0,1000000,0,0,1000000,1000000,1400-8-11,2021-11-02
789,ياقوت2,صندوق س ياقوت آگاه-ثابت,6,3661000,3661000,13483,1,1,-13482,-99.99,1,-13482,-99.99,1,1,1400-8-11,2021-11-02
790,وسنا,سرمايه گذاري نيروگاهي ايران,6,8347,110222135,13613,13205,13205,-408,-3,13611,-2,-0.01,13205,13205,1400-8-11,2021-11-02
791,كهرام,توليدي گرانيت بهسرام,6,2800,248522400,90569,88758,88758,-1811,-2,90477,-92,-0.1,88758,88758,1400-8-11,2021-11-02
792,ضسپا8039,اختيارخ خساپا-1200-1400/08/26,6,91,36415000,362,400,402,40,11.05,400,38,10.5,400,402,1400-8-11,2021-11-02
793,طلا2,صندوق س.پشتوانه طلاي لوتوس,5,500000,500000,82703,1,1,-82702,-100,1,-82702,-100,1,1,1400-8-11,2021-11-02
794,ضمخا1037,اختيارخ اخابر-9000-1400/10/26,5,79,38710000,324,490,490,166,51.23,490,166,51.23,490,490,1400-8-11,2021-11-02
795,ضشنا8006,اختيارخ شپنا-14800-1400/08/16,5,129,665000,6,9,4,-2,-33.33,5,-1,-16.67,4,9,1400-8-11,2021-11-02
796,نگين,ص.س. زمين و ساختمان نگين شهرري,5,1150,58870040,52040,51080,51160,-880,-1.69,51190,-850,-1.63,51080,52500,1400-8-11,2021-11-02
797,وملت,سرمايه گذاري ملت,5,13900,42909300,3150,3087,3087,-63,-2,3149,-1,-0.03,3087,3087,1400-8-11,2021-11-02
798,فردا2,صندوق س آواي فرداي زاگرس-ثابت,5,500000,500000,11722,1,1,-11721,-99.99,1,-11721,-99.99,1,1,1400-8-11,2021-11-02
799,ضسپا1112,اختيارخ خساپا-1600-1400/11/20,4,5,1440000,155,160,320,165,106.45,288,133,85.81,160,320,1400-8-11,2021-11-02
800,وسصفا,شركت س استان اصفهان,4,40976,28437344,730,694,694,-36,-4.93,730,0,0,694,694,1400-8-11,2021-11-02
801,ضملي1159,اختيارخ فملي-5000-1400/11/03,4,55,222000000,4200,4200,4000,-200,-4.76,4036,-164,-3.9,4000,4200,1400-8-11,2021-11-02
802,ضبدر8076,اختيارخ شبندر-3448-1400/08/30,4,10,135531540,2806,2880,2899,93,3.31,2893,87,3.1,2880,2900,1400-8-11,2021-11-02
803,ضشنا1048,اختيارخ شپنا-5450-1400/10/19,4,45,87050000,1905,2250,1890,-15,-0.79,1934,29,1.52,1890,2250,1400-8-11,2021-11-02
804,ضفلا1162,اختيارخ فولاد-9000-1400/11/24,4,8,27400000,3509,3400,3500,-9,-0.26,3425,-84,-2.39,3400,3500,1400-8-11,2021-11-02
805,ضملي1162,اختيارخ فملي-8000-1400/11/03,4,5,2900000,427,500,600,173,40.52,580,153,35.83,500,600,1400-8-11,2021-11-02
806,اراد50,مرابحه عام دولت5-ش.خ0302,4,11100,11100010900,1000001,1000000,1000001,0,0,1000001,0,0,1000000,1000001,1400-8-11,2021-11-02
807,ضترا1132,اختيارخ شتران-3970-1400/11/10,4,35,66876500,900,800,900,0,0,843,-57,-6.33,800,900,1400-8-11,2021-11-02
808,ضصاد1110,اختيارخ وبصادر-1400-1400/11/06,4,106,60465000,416,570,560,144,34.62,570,154,37.02,560,595,1400-8-11,2021-11-02
809,عيار2,صندوق سكه طلاي مفيد,4,40000,40000,29668,1,1,-29667,-100,1,-29667,-100,1,1,1400-8-11,2021-11-02
810,ضشنا8002,اختيارخ شپنا-7800-1400/08/16,4,62,157824000,2467,2900,2514,47,1.91,2546,79,3.2,2514,2900,1400-8-11,2021-11-02
811,زعف0008پ20,زعفران0008نگين وحدت جام(پ),4,686,128421122,186003,187202,187204,1201,0.65,187203,1200,0.65,187202,187204,1400-8-11,2021-11-02
812,ضجار1020,اختيارخ وتجارت-1600-1400/10/15,4,89,35640000,388,400,400,12,3.09,400,12,3.09,400,402,1400-8-11,2021-11-02
813,شسم,توليد سموم‌ علف‌ كش,4,274,28072944,100448,102456,102456,2008,2,100459,11,0.01,102456,102456,1400-8-11,2021-11-02
814,ضمخا1034,اختيارخ اخابر-6000-1400/10/26,4,100,195000000,1005,1950,1950,945,94.03,1950,945,94.03,1950,1950,1400-8-11,2021-11-02
815,ساذري,آذريت‌,4,15119,147757987,9489,9773,9773,284,2.99,9493,4,0.04,9773,9773,1400-8-11,2021-11-02
816,ضملي1161,اختيارخ فملي-7000-1400/11/03,4,135,177790000,1355,1310,1210,-145,-10.7,1317,-38,-2.8,1210,1330,1400-8-11,2021-11-02
817,افران2,صندوق س افرا نماد پايدار-ثابت,3,13500000,13500000,14632,1,1,-14631,-99.99,1,-14631,-99.99,1,1,1400-8-11,2021-11-02
818,شگويات.ف0104,اختيارف.تبعي شگويا010408,3,18241,18241,1,1,1,0,0,1,0,0,1,1,1400-8-11,2021-11-02
819,اراد86,مرابحه عام دولت86-ش.خ020404,3,30000,28200000000,960000,940000,940000,-20000,-2.08,940000,-20000,-2.08,940000,940000,1400-8-11,2021-11-02
820,کم ه 8,کم باري هفته 8,3,22000,11880000,463,540,540,77,16.63,540,77,16.63,540,540,1400-8-11,2021-11-02
821,طخود1050,اختيارف خودرو-1600-1400/10/08,3,101,4050000,70,50,40,-30,-42.86,40,-30,-42.86,40,50,1400-8-11,2021-11-02
822,سيناد,صندوق س.سپهرسودمند سينا-د,3,1859,18606731,10008,10009,10009,1,0.01,10009,1,0.01,10009,10009,1400-8-11,2021-11-02
823,ضبدر1163,اختيارخ شبندر-6000-1400/11/13,3,16,18800000,900,1190,1160,260,28.89,1175,275,30.56,1160,1190,1400-8-11,2021-11-02
824,ضپال2001,اختيارخ اپال-14000-1401/02/12,3,12,107808000,8888,8888,9000,112,1.26,8984,96,1.08,8888,9000,1400-8-11,2021-11-02
825,طفلا1164,اختيارف فولاد-12000-1400/11/24,3,3,1650000,700,550,550,-150,-21.43,550,-150,-21.43,550,550,1400-8-11,2021-11-02
826,کم ه 7,کم باري هفته 7,3,22000,11880000,278,540,540,262,94.24,540,262,94.24,540,540,1400-8-11,2021-11-02
827,كابگن,توليدي و صنعتي آبگينه‌,3,6407,37858963,5851,5909,5909,58,0.99,5852,1,0.02,5909,5909,1400-8-11,2021-11-02
828,طصاد8033,اختيارف وبصادر-2489-1400/08/12,2,71,49690000,235,698,700,465,197.87,700,465,197.87,698,700,1400-8-11,2021-11-02
829,ضسان1052,اختيارخ پارسان-28000-00/10/12,2,12,82500000,7300,7000,6700,-600,-8.22,6875,-425,-5.82,6700,7000,1400-8-11,2021-11-02
830,پارسان2,گسترش نفت و گاز پارسيان,2,5000000,156800000000,31360,31360,31360,0,0,31360,0,0,31360,31360,1400-8-11,2021-11-02
831,ضترا1133,اختيارخ شتران-4411-1400/11/10,2,10,18022650,600,800,790,190,31.67,795,195,32.5,790,800,1400-8-11,2021-11-02
832,ضپاس1013,اختيارخ وپارس-3000-1400/10/22,2,60,5200000,50,100,80,30,60,87,37,74,80,100,1400-8-11,2021-11-02
833,ضبدر1161,اختيارخ شبندر-4500-1400/11/13,2,3,7050000,2100,2350,2350,250,11.9,2350,250,11.9,2350,2350,1400-8-11,2021-11-02
834,ضغدر1130,اختيارخ وغدير-10000-1400/11/20,2,100,660000000,5794,6600,6600,806,13.91,6600,806,13.91,6600,6600,1400-8-11,2021-11-02
835,فملي2,ملي‌ صنايع‌ مس‌ ايران‌,2,11700000,153738000000,13140,13140,13140,0,0,13140,0,0,13140,13140,1400-8-11,2021-11-02
836,اپرداز2,آتيه داده پرداز,2,4300000,98900000000,22300,23000,23000,700,3.14,23000,700,3.14,23000,23000,1400-8-11,2021-11-02
837,تملي612,تسهيلات مسكن بانك ملي-اسفند96,2,15,9165000,601000,611000,611000,10000,1.66,611000,10000,1.66,611000,611000,1400-8-11,2021-11-02
838,غزر2,صنعتي زر ماكارون,2,50000000,532500000000,10160,10650,10650,490,4.82,10650,490,4.82,10650,10650,1400-8-11,2021-11-02
839,ضجار1021,اختيارخ وتجارت-1800-1400/10/15,2,125,42250000,360,350,290,-70,-19.44,338,-22,-6.11,290,350,1400-8-11,2021-11-02
840,زير0103پ01,زيره سبز0103كيميابذر(پ),2,25,16776608,734091,671067,671000,-63091,-8.59,671064,-63027,-8.59,671000,671067,1400-8-11,2021-11-02
841,ضصاد8039,اختيارخ وبصادر-1389-1400/08/12,2,28,10720000,250,400,352,102,40.8,383,133,53.2,352,400,1400-8-11,2021-11-02
842,زعف0110پ08,زعفران0110نگين روستا(پ),2,1000,252000000,262679,252000,252000,-10679,-4.07,252000,-10679,-4.07,252000,252000,1400-8-11,2021-11-02
843,تملي704,تسهيلات مسكن ب. ملي-تير97,2,12,6826704,598833,568892,568892,-29941,-5,568892,-29941,-5,568892,568892,1400-8-11,2021-11-02
844,سرو2,صندوق س سروسودمند مدبران-سهام,2,280000,280000,70480,1,1,-70479,-100,1,-70479,-100,1,1,1400-8-11,2021-11-02
845,ضفلا1165,اختيارخ فولاد-14000-1400/11/24,2,2,1299000,600,649,650,50,8.33,649,49,8.17,649,650,1400-8-11,2021-11-02
846,سي تيپ2ن02,گواهي سيمان تيپ2صوفيان(ن),2,120000,620280000,5169,5169,5169,0,0,5169,0,0,5169,5169,1400-8-11,2021-11-02
847,ضملي1160,اختيارخ فملي-6000-1400/11/03,2,14,35700000,2600,2550,2550,-50,-1.92,2550,-50,-1.92,2550,2550,1400-8-11,2021-11-02
848,ضبدر1164,اختيارخ شبندر-7000-1400/11/13,2,4,3172000,475,1000,724,249,52.42,793,318,66.95,724,1000,1400-8-11,2021-11-02
849,سي تيپ2ن04,گواهي سيمان تيپ2فارس نو(ن),2,60000,368460000,6141,6141,6141,0,0,6141,0,0,6141,6141,1400-8-11,2021-11-02
850,ضجار1019,اختيارخ وتجارت-1400-1400/10/15,2,15,9000000,600,600,600,0,0,600,0,0,600,600,1400-8-11,2021-11-02
851,ضذوب902,اختيارخ ذوب-3500-14000917,2,51,19770000,945,380,770,-175,-18.52,388,-557,-58.94,380,770,1400-8-11,2021-11-02
852,هپارس102,اختيارف ت پارس-157010-01/02/05,2,19094,19094,1,1,1,0,0,1,0,0,1,1,1400-8-11,2021-11-02
853,كباده,توليد خاك نسوزاستقلال آباده,2,2633,59676945,22005,22665,22665,660,3,22009,4,0.02,22665,22665,1400-8-11,2021-11-02
854,اراد60,مرابحه عام دولتي6-ش.خ0210,2,3000,2806999000,935000,946999,930000,-5000,-0.53,935666,666,0.07,930000,946999,1400-8-11,2021-11-02
855,ضصاد1112,اختيارخ وبصادر-1800-1400/11/06,2,15,3890000,255,260,259,4,1.57,259,4,1.57,259,260,1400-8-11,2021-11-02
856,تسه00062,امتيازتسهيلات مسكن شهريور1400,2,25,250,694535,10,10,-694525,-100,10,-694525,-100,10,10,1400-8-11,2021-11-02
857,اخزا9172,اسنادخزانه-م17بودجه99-010226,1,200000,178590000000,894094,892950,892950,-1144,-0.13,892950,-1144,-0.13,892950,892950,1400-8-11,2021-11-02
858,اخزا0082,اسنادخزانه-م8بودجه00-030919,1,350000,181825000000,514137,519500,519500,5363,1.04,519500,5363,1.04,519500,519500,1400-8-11,2021-11-02
859,تسه00032,امتيازتسهيلات مسكن خرداد1400,1,14,140,700408,10,10,-700398,-100,10,-700398,-100,10,10,1400-8-11,2021-11-02
860,صخود041,ص مرابحه خودرو041- 3ماهه 18%,1,100,101000000,1000909,1010000,1010000,9091,0.91,1010000,9091,0.91,1010000,1010000,1400-8-11,2021-11-02
861,ضفلا1160,اختيارخ فولاد-7000-1400/11/24,1,10,53500000,5800,5350,5350,-450,-7.76,5350,-450,-7.76,5350,5350,1400-8-11,2021-11-02
862,پشاهن,توليدي پلاستيك‌ شاهين,1,1632,9211008,5480,5644,5644,164,2.99,5481,1,0.02,5644,5644,1400-8-11,2021-11-02
863,خريخت2,صنايع‌ريخته‌گري‌ايران‌,1,50000000,188000000000,3632,3760,3760,128,3.52,3760,128,3.52,3760,3760,1400-8-11,2021-11-02
864,اروند07,منفعت صبا اروند نوين 14001113,1,3000,2986500000,993482,995500,995500,2018,0.2,995500,2018,0.2,995500,995500,1400-8-11,2021-11-02
865,ضترا1134,اختيارخ شتران-5294-1400/11/10,1,10,11312330,1330,499,499,-831,-62.48,499,-831,-62.48,499,499,1400-8-11,2021-11-02
866,کم ر 54,کم باري روز 54,1,3000,1740000,234,580,580,346,147.86,580,346,147.86,580,580,1400-8-11,2021-11-02
867,تسه00042,امتيازتسهيلات مسكن تير1400,1,16,160,699566,10,10,-699556,-100,10,-699556,-100,10,10,1400-8-11,2021-11-02
868,جم پيلن2,پلي پروپيلن جم - جم پيلن,1,1778000,200238360000,112620,112620,112620,0,0,112620,0,0,112620,112620,1400-8-11,2021-11-02
869,خاتم2,صندوق س خاتم ايساتيس پويا-ثابت,1,600000,600000,12231,1,1,-12230,-99.99,1,-12230,-99.99,1,1,1400-8-11,2021-11-02
870,سپر2,صندوق س سپر سرمايه بيدار- ثابت,1,2100000,2100000,13050,1,1,-13049,-99.99,1,-13049,-99.99,1,1,1400-8-11,2021-11-02
871,تسه99032,امتياز تسهيلات مسكن خرداد99,1,2,20,702861,10,10,-702851,-100,10,-702851,-100,10,10,1400-8-11,2021-11-02
872,وغدير2,سرمايه‌گذاري‌غدير(هلدينگ‌,1,43000000,646720000000,14730,15040,15040,310,2.1,15040,310,2.1,15040,15040,1400-8-11,2021-11-02
873,ضسپا1111,اختيارخ خساپا-1400-1400/11/20,1,1,420000,334,420,420,86,25.75,420,86,25.75,420,420,1400-8-11,2021-11-02
874,ضپاس1009,اختيارخ وپارس-1600-1400/10/22,1,100,66000000,450,660,660,210,46.67,660,210,46.67,660,660,1400-8-11,2021-11-02
875,اراد38,مرابحه عام دولت3-ش.خ 0105,1,100,99500000,1009000,995000,995000,-14000,-1.39,995000,-14000,-1.39,995000,995000,1400-8-11,2021-11-02
876,سي تيپ2ن03,گواهي سيمان تيپ2اروميه(ن),1,20000,95880000,4794,4794,4794,0,0,4794,0,0,4794,4794,1400-8-11,2021-11-02
877,اراد56,مرابحه عام دولت5-ش.خ 0308,1,1000,1000000000,1020000,1000000,1000000,-20000,-1.96,1000000,-20000,-1.96,1000000,1000000,1400-8-11,2021-11-02
878,حاريا,كشتيراني آريا,1,332,5069640,15581,15270,15270,-311,-2,15581,0,0,15270,15270,1400-8-11,2021-11-02
879,ضصاد8033,اختيارخ وبصادر-2489-1400/08/12,1,17,17000,1,1,1,0,0,1,0,0,1,1,1400-8-11,2021-11-02
880,داريوش2,صندوق س. ثروت داريوش -س,1,300000,300000,9589,1,1,-9588,-99.99,1,-9588,-99.99,1,1,1400-8-11,2021-11-02
881,پترول2,گ.س.وت.ص.پتروشيمي خليج فارس,1,19760000,58114160000,2933,2941,2941,8,0.27,2941,8,0.27,2941,2941,1400-8-11,2021-11-02
882,مبين014,اجاره اعتماد مبين لوتوس011019,1,2,1941096,971000,970548,970548,-452,-0.05,970548,-452,-0.05,970548,970548,1400-8-11,2021-11-02
883,زعف0110پ09,زعفران0110نگين نوين(پ),1,500,126000000,100000,252000,252000,152000,152,252000,152000,152,252000,252000,1400-8-11,2021-11-02
884,اخزا8152,اسنادخزانه-م15بودجه98-010406,1,400000,349600000000,873828,874000,874000,172,0.02,874000,172,0.02,874000,874000,1400-8-11,2021-11-02
885,ضذوب901,اختيارخ ذوب-3000-14000917,1,10,10000000,1000,1000,1000,0,0,1000,0,0,1000,1000,1400-8-11,2021-11-02
886,شتولي,تولي‌پرس‌,1,390,8042580,21042,20622,20622,-420,-2,21041,-1,0,20622,20622,1400-8-11,2021-11-02
887,دامين2,داروسازي‌ امين‌,1,39100000,104436100000,2671,2671,2671,0,0,2671,0,0,2671,2671,1400-8-11,2021-11-02
888,اگ0101552,گام بانك اقتصاد نوين0101,1,200000,180884000000,902767,904420,904420,1653,0.18,904420,1653,0.18,904420,904420,1400-8-11,2021-11-02
889,كمند2,صندوق س. با درآمد ثابت كمند,1,44400000,44400000,10138,1,1,-10137,-99.99,1,-10137,-99.99,1,1,1400-8-11,2021-11-02
890,سي تيپ2ن10,گواهي سيمان تيپ 2غرب(ن),1,15000,71910000,4794,4794,4794,0,0,4794,0,0,4794,4794,1400-8-11,2021-11-02
891,تسه00022,امتيازتسهيلاتمسكن ارديبهشت1400,1,6,60,701720,10,10,-701710,-100,10,-701710,-100,10,10,1400-8-11,2021-11-02
892,تسه99012,امتياز تسهيلات مسكن فروردين99,1,2,20,700521,10,10,-700511,-100,10,-700511,-100,10,10,1400-8-11,2021-11-02
893,پا ر 56,بار پايه روز 56,1,50000,28500000,380,570,570,190,50,570,190,50,570,570,1400-8-11,2021-11-02
894,ضمخا1035,اختيارخ اخابر-7000-1400/10/26,1,10,14400000,1442,1440,1440,-2,-0.14,1440,-2,-0.14,1440,1440,1400-8-11,2021-11-02
895,طصاد8032,اختيارف وبصادر-1989-1400/08/12,1,93,18507000,365,199,199,-166,-45.48,199,-166,-45.48,199,199,1400-8-11,2021-11-02
896,صخابر102,صكوك اجاره مخابرات-3 ماهه 16%,1,30,29100000,980000,970000,970000,-10000,-1.02,970000,-10000,-1.02,970000,970000,1400-8-11,2021-11-02
897,آرمان,بيمه آرمان,1,1590,9907290,6423,6231,6231,-192,-2.99,6423,0,0,6231,6231,1400-8-11,2021-11-02
898,ضبدر8079,اختيارخ شبندر-6011-1400/08/30,1,2,5199240,585,555,555,-30,-5.13,555,-30,-5.13,555,555,1400-8-11,2021-11-02
899,وسزنجان,شركت س استان زنجان,1,7000,9443000,1419,1349,1349,-70,-4.93,1419,0,0,1349,1349,1400-8-11,2021-11-02
900,سنفت009,سلف موازي استاندارد سنفت009,1,100,167886300,1673000,1678863,1678863,5863,0.35,1678863,5863,0.35,1678863,1678863,1400-8-11,2021-11-02
901,پا ر 55,بار پايه روز 55,1,50000,28500000,380,570,570,190,50,570,190,50,570,570,1400-8-11,2021-11-02
902,پا ر 54,بار پايه روز 54,1,50000,28500000,380,570,570,190,50,570,190,50,570,570,1400-8-11,2021-11-02
903,سي تيپ2ن01,گواهي سيمان تيپ 2 فارس(ن),1,90000,534960000,5944,5944,5944,0,0,5944,0,0,5944,5944,1400-8-11,2021-11-02
904,طفلا1162,اختيارف فولاد-9000-1400/11/24,1,1,100000,100,100,100,0,0,100,0,0,100,100,1400-8-11,2021-11-02
905,شاراك2,پتروشيمي شازند,1,4360000,199906000000,45280,45850,45850,570,1.26,45850,570,1.26,45850,45850,1400-8-11,2021-11-02
906,نتوس,پشم‌ بافي‌ توس,1,403,5049993,12918,12531,12531,-387,-3,12918,0,0,12531,12531,1400-8-11,2021-11-02
907,وسالت,بانك قرض الحسنه رسالت,1,46,49772,1051,1082,1082,31,2.95,1051,0,0,1082,1082,1400-8-11,2021-11-02
908,زعف0110پ19,زعفران0110نگين تروند قاينات(پ),1,200,50020000,250100,250100,250100,0,0,250100,0,0,250100,250100,1400-8-11,2021-11-02
909,سي تيپ2ن06,گواهي سيمان تيپ 2شاهرود(ن),1,10000,47940000,4794,4794,4794,0,0,4794,0,0,4794,4794,1400-8-11,2021-11-02
910,ضشنا1049,اختيارخ شپنا-6540-1400/10/19,1,2,1860000,939,930,930,-9,-0.96,930,-9,-0.96,930,930,1400-8-11,2021-11-02
911,افاد51,منفعت دولت5-ش.خاص كاردان0108,1,10000,9999990000,999999,999999,999999,0,0,999999,0,0,999999,999999,1400-8-11,2021-11-02
912,سي تيپ2ن07,گواهي سيمان تيپ 2تهران(ن),1,30000,184050000,5957,6135,6135,178,2.99,6135,178,2.99,6135,6135,1400-8-11,2021-11-02
913,زعف0008پ19,زعفران0008نگين تروند قاينات(پ),1,1000,191000000,187204,191000,191000,3796,2.03,191000,3796,2.03,191000,191000,1400-8-11,2021-11-02
914,شبهرن2,نفت‌ بهران‌,1,17500000,200200000000,11410,11440,11440,30,0.26,11440,30,0.26,11440,11440,1400-8-11,2021-11-02
915,آريا2,پليمر آريا ساسول,1,1000000,108350000000,108310,108350,108350,40,0.04,108350,40,0.04,108350,108350,1400-8-11,2021-11-02
916,پارس2,پتروشيمي پارس,1,1600000,300064000000,184310,187540,187540,3230,1.75,187540,3230,1.75,187540,187540,1400-8-11,2021-11-02
917,وشمال,س. چشم انداز توسعه شمال,1,70,5247550,76494,74965,74965,-1529,-2,76492,-2,0,74965,74965,1400-8-11,2021-11-02
918,اراد724,مرابحه عام دولت72-ش.خ0311,1,196000,178614800000,934000,911300,911300,-22700,-2.43,911300,-22700,-2.43,911300,911300,1400-8-11,2021-11-02
919,ضغدر1131,اختيارخ وغدير-12000-1400/11/20,1,10,48800000,1,4880,4880,4879,487900,4880,4879,487900,4880,4880,1400-8-11,2021-11-02
920,جم2,پتروشيمي جم,1,10800000,500040000000,46310,46300,46300,-10,-0.02,46300,-10,-0.02,46300,46300,1400-8-11,2021-11-02
921,خعمرا,توسعه و عمران شهرستان نائين,1,1,3951,3836,3951,3951,115,3,3836,0,0,3951,3951,1400-8-11,2021-11-02
922,شرق1400,مشاركت ليزينگ ايران وشرق140010,1,5,5029985,1002383,1005997,1005997,3614,0.36,1005997,3614,0.36,1005997,1005997,1400-8-11,2021-11-02
923,ضسپا1110,اختيارخ خساپا-1200-1400/11/20,1,1,310000,480,310,310,-170,-35.42,310,-170,-35.42,310,310,1400-8-11,2021-11-02
924,تسه99022,امتياز تسهيلات مسكن ارديبهشت99,1,1,10,695758,10,10,-695748,-100,10,-695748,-100,10,10,1400-8-11,2021-11-02
925,زعف0008پ15,زعفران0008پوشالمعمول طلاسرخ(پ),1,1,157972,150318,157972,157972,7654,5.09,157972,7654,5.09,157972,157972,1400-8-11,2021-11-02
926,صپا ه 7,بار پايه هفته 7صنعتي,1,9000,5112000,580,568,568,-12,-2.07,568,-12,-2.07,568,568,1400-8-11,2021-11-02
927,صايپا112,صكوك مرابحه سايپا112-3ماهه 16%,1,100,101000000,1001165,1010000,1010000,8835,0.88,1010000,8835,0.88,1010000,1010000,1400-8-11,2021-11-02
928,تسه99042,امتياز تسهيلات مسكن تير99,1,1,10,697127,10,10,-697117,-100,10,-697117,-100,10,10,1400-8-11,2021-11-02
929,تسه00072,امتيازتسهيلات مسكن مهر1400,1,12,120,703732,10,10,-703722,-100,10,-703722,-100,10,10,1400-8-11,2021-11-02
930,سفارود,كارخانه فارسيت درود,1,510,8195190,16396,16069,16069,-327,-1.99,16395,-1,-0.01,16069,16069,1400-8-11,2021-11-02
931,اخزا906,اسنادخزانه-م6بودجه99-020321,1,14000,9980348000,710750,712882,712882,2132,0.3,712882,2132,0.3,712882,712882,1400-8-11,2021-11-02
932,ضسپا1113,اختيارخ خساپا-1800-1400/11/20,1,1,250000,190,250,250,60,31.58,250,60,31.58,250,250,1400-8-11,2021-11-02
933,زعف0008پ12,زعفران0008پوشالمعمول سحرخيز(پ),1,100,15797200,164039,157972,157972,-6067,-3.7,157972,-6067,-3.7,157972,157972,1400-8-11,2021-11-02
934,افرا2,افرانت,1,5000000,79000000000,15315,15800,15800,485,3.17,15800,485,3.17,15800,15800,1400-8-11,2021-11-02
935,ضفلا1161,اختيارخ فولاد-8000-1400/11/24,1,1,5000000,3999,5000,5000,1001,25.03,5000,1001,25.03,5000,5000,1400-8-11,2021-11-02
936,دمعيار2,صندوق س. توازن معيار-د,1,200000,200000,10050,1,1,-10049,-99.99,1,-10049,-99.99,1,1,1400-8-11,2021-11-02
937,ضصاد8038,اختيارخ وبصادر-1189-1400/08/12,1,100,58100000,1281,581,581,-700,-54.64,581,-700,-54.64,581,581,1400-8-11,2021-11-02
938,مكرما304,مشاركت ش كرمانشاه304-3ماهه18%,1,100,102000000,1010000,1020000,1020000,10000,0.99,1020000,10000,0.99,1020000,1020000,1400-8-11,2021-11-02
939,تسه00052,امتيازتسهيلات مسكن مرداد 1400,1,12,120,692168,10,10,-692158,-100,10,-692158,-100,10,10,1400-8-11,2021-11-02
940,صبهمن4042,صكوك مرابحه بهمن404-3ماهه 18%,1,200000,200000000000,1000000,1000000,1000000,0,0,1000000,0,0,1000000,1000000,1400-8-11,2021-11-02
941,تسه00012,امتيازتسهيلات مسكن فروردين1400,1,1,10,706024,10,10,-706014,-100,10,-706014,-100,10,10,1400-8-11,2021-11-02
942,طسپا8040,اختيارف خساپا-1400-1400/08/26,1,80,1600000,20,20,20,0,0,20,0,0,20,20,1400-8-11,2021-11-02
