,نماد,نام,تعداد,حجم,ارزش,دیروز,اولین,آخرین معامله - مقدار,آخرین معامله - تغییر,آخرین معامله - درصد,قیمت پایانی - مقدار,قیمت پایانی - تغییر,قیمت پایانی - درصد,کمترین,بیشترین,تاریخ,gregorian_date
0,پالايش,صندوق پالايشي يكم-سهام,28059,32399075,2309811505700,70230,70000,72490,2260,3.22,71290,1060,1.51,69610,72510,1400-8-30,2021-11-21
1,دارا يكم,صندوق واسطه گري مالي يكم-سهام,18988,12913967,1472535699540,112540,112200,115610,3070,2.73,114030,1490,1.32,111500,115640,1400-8-30,2021-11-21
2,شستا,سرمايه گذاري تامين اجتماعي,17875,119248582,1291992135540,10580,10400,11100,520,4.91,10830,250,2.36,10380,11100,1400-8-30,2021-11-21
3,فولاد,فولاد مباركه اصفهان,13456,93324728,1015589013680,10690,10700,11040,350,3.27,10880,190,1.78,10570,11170,1400-8-30,2021-11-21
4,انرژي3,سايراشخاص بورس انرژي,13328,11544767,1167860384860,105280,103960,100020,-5260,-5,101160,-4120,-3.91,100020,105270,1400-8-30,2021-11-21
5,مديريت,س. و خدمات مديريت صند. ب كشوري,11649,5527086,51161734089,9297,9290,9270,-27,-0.29,9257,-40,-0.43,9011,9444,1400-8-30,2021-11-21
6,بورس,بورس اوراق بهادار تهران,11416,109713967,1471008699680,14080,13520,13380,-700,-4.97,13410,-670,-4.76,13380,13670,1400-8-30,2021-11-21
7,خبهمن,گروه‌بهمن‌,11307,629036650,1330946456212,2023,2091,2124,101,4.99,2116,93,4.6,2050,2124,1400-8-30,2021-11-21
8,پترول,گ.س.وت.ص.پتروشيمي خليج فارس,9915,159939477,486240672818,3109,3118,3060,-49,-1.58,3040,-69,-2.22,2954,3148,1400-8-30,2021-11-21
9,خگستر,گسترش‌سرمايه‌گذاري‌ايران‌خودرو,9628,301575433,804227930462,2554,2600,2681,127,4.97,2667,113,4.42,2571,2681,1400-8-30,2021-11-21
10,بركت,گروه دارويي بركت,9236,27557100,671703833690,25580,25300,24310,-1270,-4.96,24370,-1210,-4.73,24310,25300,1400-8-30,2021-11-21
11,شبندر,پالايش نفت بندرعباس,9167,101300030,649263878200,6400,6370,6470,70,1.09,6410,10,0.16,6240,6560,1400-8-30,2021-11-21
12,فجهان,مجتمع جهان فولاد سيرجان,8485,30402775,172165090446,5641,5591,5709,68,1.21,5663,22,0.39,5560,5715,1400-8-30,2021-11-21
13,كالا,بورس كالاي ايران,8190,21713574,660520721020,31610,30710,30350,-1260,-3.99,30420,-1190,-3.76,30030,31890,1400-8-30,2021-11-21
14,فسبزوار,پارس فولاد سبزوار,7929,6866463,238052824410,34750,34610,35000,250,0.72,34670,-80,-0.23,34470,35150,1400-8-30,2021-11-21
15,ثشاهد,سرمايه‌ گذاري‌ شاهد,7760,68910857,892866948200,12940,13300,12710,-230,-1.78,12960,20,0.15,12470,13400,1400-8-30,2021-11-21
16,وبملت,بانك ملت,7089,184557689,563417644236,3048,3048,3077,29,0.95,3053,5,0.16,3000,3105,1400-8-30,2021-11-21
17,شتران,پالايش نفت تهران,6912,44529203,195354573252,4317,4243,4435,118,2.73,4387,70,1.62,4243,4500,1400-8-30,2021-11-21
18,كيمياتك,آريان كيميا تك,6338,2506262,67802848460,26510,26300,27110,600,2.26,27050,540,2.04,26290,27600,1400-8-30,2021-11-21
19,فرابورس,فرابورس ايران,6244,17241672,379601777032,22312,22201,22025,-287,-1.29,22017,-295,-1.32,21355,22800,1400-8-30,2021-11-21
20,كدما,معدني‌ دماوند,6045,3931608,320095273770,85020,81010,81940,-3080,-3.62,81420,-3600,-4.23,80770,83800,1400-8-30,2021-11-21
21,گدنا,تهيه توزيع غذاي دنا آفرين فدك,5376,7582297,123823631567,15667,16000,16450,783,5,16331,664,4.24,15670,16450,1400-8-30,2021-11-21
22,نوري,پتروشيمي نوري,5258,2781690,331684521540,118740,117880,120760,2020,1.7,119240,500,0.42,116940,122580,1400-8-30,2021-11-21
23,شبريز,پالايش نفت تبريز,5221,3134717,102963135910,32690,32450,33070,380,1.16,32850,160,0.49,32100,33600,1400-8-30,2021-11-21
24,بركتح,ح . گروه دارويي بركت,5053,12400150,240648956960,20870,20190,19190,-1680,-8.05,19410,-1460,-7,18970,20190,1400-8-30,2021-11-21
25,شفنح,ح . پتروشيمي فناوران,4842,30405959,366326203890,11780,11700,12220,440,3.74,12050,270,2.29,11180,12270,1400-8-30,2021-11-21
26,فملي,ملي‌ صنايع‌ مس‌ ايران‌,4841,41602162,552741805680,13210,13230,13230,20,0.15,13290,80,0.61,13230,13460,1400-8-30,2021-11-21
27,لطيف,محصولات كاغذي لطيف,4807,611410,25614449277,41260,40110,42220,960,2.33,41894,634,1.54,40110,42900,1400-8-30,2021-11-21
28,نهال,صندوق س. طلاي سرخ نوويرا,4760,17047348,361760156493,20230,21400,21290,1060,5.24,21221,991,4.9,20851,21900,1400-8-30,2021-11-21
29,وتجارت,بانك تجارت,4570,122696340,230614917298,1861,1821,1898,37,1.99,1880,19,1.02,1821,1925,1400-8-30,2021-11-21
30,سپيد,سپيد ماكيان,4423,4927662,302221215480,60460,59200,62800,2340,3.87,61330,870,1.44,59200,62800,1400-8-30,2021-11-21
31,كمند,صندوق س. با درآمد ثابت كمند,4338,165233236,1665950926634,10078,10082,10083,5,0.05,10082,4,0.04,10082,10083,1400-8-30,2021-11-21
32,شلرد,كود شيميايي اوره لردگان,4319,31336074,392550130545,12399,12450,12720,321,2.59,12527,128,1.03,12112,12760,1400-8-30,2021-11-21
33,توسن,توسعه سامانه ي نرم افزاري نگين,3988,4137490,84950944680,19555,20532,20532,977,5,20532,977,5,20532,20532,1400-8-30,2021-11-21
34,بوعلي,پتروشيمي بوعلي سينا,3950,1781520,129198234510,72660,71200,73550,890,1.22,72520,-140,-0.19,71190,74400,1400-8-30,2021-11-21
35,غزر,صنعتي زر ماكارون,3941,5185594,51449027030,9900,10140,9930,30,0.3,9920,20,0.2,9700,10140,1400-8-30,2021-11-21
36,غكورش,صنعت غذايي كورش,3904,2268201,108380403360,48060,47050,48100,40,0.08,47780,-280,-0.58,47050,48540,1400-8-30,2021-11-21
37,سنير,سيمان‌ سفيد ني‌ريز,3881,3648638,158853950330,43020,45170,41250,-1770,-4.11,43540,520,1.21,41110,45170,1400-8-30,2021-11-21
38,آريا,پليمر آريا ساسول,3862,938374,107374548282,112321,113316,115864,3543,3.15,114426,2105,1.87,113316,115899,1400-8-30,2021-11-21
39,كاما,باما,3829,25421024,205161732810,8080,8060,8200,120,1.49,8070,-10,-0.12,7890,8380,1400-8-30,2021-11-21
40,گشان,توسعه بين المللي پديده شانديز,3673,14109288,313111966919,21488,21310,22562,1074,5,22192,704,3.28,21010,22562,1400-8-30,2021-11-21
41,صبا,سرمايه گذاري صبا تامين,3648,22548616,138612758519,6030,6000,6259,229,3.8,6147,117,1.94,5968,6305,1400-8-30,2021-11-21
42,امين,تامين سرمايه امين,3648,4988401,60606907370,12110,12150,12150,40,0.33,12150,40,0.33,12110,12170,1400-8-30,2021-11-21
43,خبنيان,بنيان ديزل,3641,267182,46613907630,169384,174465,174465,5081,3,174465,5081,3,174465,174465,1400-8-30,2021-11-21
44,غسالم,سالمين‌,3433,66155485,227038366260,3412,3582,3295,-117,-3.43,3432,20,0.59,3265,3582,1400-8-30,2021-11-21
45,سپيدار,سپيدار سيستم آسيا,3405,1478092,28919174923,20424,19895,19600,-824,-4.03,19565,-859,-4.21,19403,20293,1400-8-30,2021-11-21
46,فاراك,ماشين‌ سازي‌ اراك‌,3398,247475006,410140948200,1584,1567,1660,76,4.8,1657,73,4.61,1560,1663,1400-8-30,2021-11-21
47,وخارزم,سرمايه گذاري خوارزمي,3394,42064543,197139511965,4678,4610,4750,72,1.54,4687,9,0.19,4578,4798,1400-8-30,2021-11-21
48,سحرخيز,صندوق س. گروه زعفران سحرخيز,3374,9068366,182625487494,18792,19850,20459,1667,8.87,20139,1347,7.17,19201,20494,1400-8-30,2021-11-21
49,شفن,پتروشيمي فناوران,3370,18493947,284785158630,14710,15370,15440,730,4.96,15400,690,4.69,14800,15440,1400-8-30,2021-11-21
50,آپ,آسان پرداخت پرشين,3200,30582445,380755371920,12100,12260,12700,600,4.96,12450,350,2.89,12200,12700,1400-8-30,2021-11-21
51,لپارس,پارس‌ الكتريك‌,3199,1780350,172797637410,101570,101600,96990,-4580,-4.51,97060,-4510,-4.44,96500,101600,1400-8-30,2021-11-21
52,هاي وب,داده گسترعصرنوين-هاي وب,3174,25425361,240475166200,9480,9250,9440,-40,-0.42,9460,-20,-0.21,9250,9740,1400-8-30,2021-11-21
53,ذوب,سهامي ذوب آهن  اصفهان,3133,45219251,165016092561,3630,3630,3665,35,0.96,3649,19,0.52,3566,3719,1400-8-30,2021-11-21
54,وهامون,سرمايه گذاري هامون صبا,3030,7174210,20649871261,2869,2825,2904,35,1.22,2878,9,0.31,2815,2930,1400-8-30,2021-11-21
55,كيان,صندوق س. با درآمد ثابت كيان,3016,29129467,922369484177,31656,31670,31669,13,0.04,31664,8,0.03,31658,31673,1400-8-30,2021-11-21
56,ثاميد,توسعه و عمران اميد,2986,24714168,35331648521,1422,1410,1425,3,0.21,1430,8,0.56,1400,1468,1400-8-30,2021-11-21
57,بپيوند,برق و انرژي پيوندگستر پارس,2957,3654678,39887812606,11206,11000,10706,-500,-4.46,10914,-292,-2.61,10647,11446,1400-8-30,2021-11-21
58,سمگا,گروه سرمايه گذاري ميراث فرهنگي,2946,23177768,302691473737,12954,12550,13200,246,1.9,13060,106,0.82,12550,13398,1400-8-30,2021-11-21
59,ثبهساز,بهساز كاشانه تهران,2931,19320499,32075801086,1658,1673,1669,11,0.66,1660,2,0.12,1630,1689,1400-8-30,2021-11-21
60,شاراك,پتروشيمي شازند,2928,4359546,193459328930,45350,44900,45170,-180,-0.4,44380,-970,-2.14,43300,45640,1400-8-30,2021-11-21
61,غصينو,صنعتي مينو,2905,12273388,309994079589,24238,24722,25449,1211,5,25257,1019,4.2,24663,25449,1400-8-30,2021-11-21
62,چخزر,صنايع چوب خزر كاسپين,2897,757059,23813709434,31606,31990,32021,415,1.31,31456,-150,-0.47,30140,32450,1400-8-30,2021-11-21
63,بكامح,ح.كارخانجات توليدي شهيد قندي,2864,29754442,23455184196,552,850,791,239,43.3,788,236,42.75,765,850,1400-8-30,2021-11-21
64,وبصادر,بانك صادرات ايران,2791,61400813,112022007841,1819,1800,1836,17,0.93,1824,5,0.27,1780,1860,1400-8-30,2021-11-21
65,خنصير,مهندسي‌نصيرماشين‌,2768,12695824,288437523830,23710,22610,22530,-1180,-4.98,22720,-990,-4.18,22530,23870,1400-8-30,2021-11-21
66,سنيرح,ح . سيمان‌ سفيدني‌ريز,2736,2766100,89712544220,23510,34000,31300,7790,33.13,32430,8920,37.94,31000,34500,1400-8-30,2021-11-21
67,كزغال,زغال سنگ پروده طبس,2675,1528163,47652277023,31489,30900,31342,-147,-0.47,31183,-306,-0.97,30179,31987,1400-8-30,2021-11-21
68,شاروم,پتروشيمي اروميه,2665,1356192,18208438256,13671,13398,13540,-131,-0.96,13426,-245,-1.79,13171,13650,1400-8-30,2021-11-21
69,ومدير,گ.مديريت ارزش سرمايه ص ب كشوري,2652,8980552,39171822507,4380,4352,4378,-2,-0.05,4362,-18,-0.41,4300,4440,1400-8-30,2021-11-21
70,زاگرس,پتروشيمي زاگرس,2626,828018,207454054888,245083,246020,253400,8317,3.39,250543,5460,2.23,246020,255552,1400-8-30,2021-11-21
71,آبادا,توليد نيروي برق آبادان,2566,1483810,19155357230,13000,13170,12970,-30,-0.23,12910,-90,-0.69,12600,13400,1400-8-30,2021-11-21
72,غبهار,كشت وصنعت بهاران گلبهار خراسان,2534,12134466,222499695734,17937,18798,17320,-617,-3.44,18336,399,2.22,17041,18833,1400-8-30,2021-11-21
73,بگيلان,توسعه مسير برق گيلان,2496,1400949,22806241558,16507,16790,16160,-347,-2.1,16321,-186,-1.13,15703,17200,1400-8-30,2021-11-21
74,امين يكم,صندوق درآمد ثابت امين يكم فردا,2496,68398310,694783909909,10147,10159,10150,3,0.03,10158,11,0.11,10148,10164,1400-8-30,2021-11-21
75,وغدير,سرمايه‌گذاري‌غدير(هلدينگ‌,2489,17954893,260741296000,14400,14300,14600,200,1.39,14520,120,0.83,14300,14920,1400-8-30,2021-11-21
76,اعتماد,صندوق س.اعتماد آفرين پارسيان-د,2408,53808330,2159032888420,40101,40123,40125,24,0.06,40125,24,0.06,40123,40128,1400-8-30,2021-11-21
77,وكبهمن,مديريت سرمايه گذاري كوثربهمن,2406,814619,8225906878,10249,10032,10150,-99,-0.97,10165,-84,-0.82,10030,10249,1400-8-30,2021-11-21
78,شصدف,صنعتي دوده فام,2399,3693923,121727740361,31806,31837,33396,1590,5,32954,1148,3.61,31000,33396,1400-8-30,2021-11-21
79,ولپارس,ليزينگ پارسيان,2384,3504198,13960273548,3981,3981,3976,-5,-0.13,3984,3,0.08,3960,4050,1400-8-30,2021-11-21
80,شگويا,پتروشيمي تندگويان,2377,7327682,77502472800,10507,10400,10605,98,0.93,10560,53,0.5,10390,10760,1400-8-30,2021-11-21
81,رافزا,رايان هم افزا,2375,467077,27872356987,60836,62000,60040,-796,-1.31,59674,-1162,-1.91,58040,62000,1400-8-30,2021-11-21
82,سيتا,سرمايه گذاري سيمان تامين,2367,3527447,34785260190,9650,9630,9970,320,3.32,9820,170,1.76,9560,10030,1400-8-30,2021-11-21
83,وسپهر,سرمايه گذاري مالي سپهرصادرات,2365,9615351,67886547041,7060,7061,7060,0,0,7060,0,0,7060,7063,1400-8-30,2021-11-21
84,حكشتي,كشتيراني جمهوري اسلامي ايران,2318,12189139,180354063040,14840,14750,14890,50,0.34,14800,-40,-0.27,14350,15190,1400-8-30,2021-11-21
85,غگيلا,شيرپاستوريزه پگاه گيلان,2316,2644687,44552609002,16977,16900,16900,-77,-0.45,16846,-131,-0.77,16500,17299,1400-8-30,2021-11-21
86,خزاميا,زامياد,2301,28482386,209172632460,7030,7240,7380,350,4.98,7340,310,4.41,7110,7380,1400-8-30,2021-11-21
87,ولكار,ليزينگ كارآفرين,2289,1173577,4772076691,4058,4150,4116,58,1.43,4061,3,0.07,4010,4150,1400-8-30,2021-11-21
88,نطرين,عطرين نخ قم,2261,13028121,114611921744,9169,8711,8989,-180,-1.96,8797,-372,-4.06,8711,9090,1400-8-30,2021-11-21
89,ثنام,س ساختماني ب نام آوران مهندسي,2229,11982139,137771550132,11377,11119,11718,341,3,11498,121,1.06,11036,11718,1400-8-30,2021-11-21
90,زملارد,كشاورزي و دامپروري ملارد شير,2200,210068,4308887526,20527,20633,20960,433,2.11,20523,-4,-0.02,20032,21000,1400-8-30,2021-11-21
91,اتكاي,بيمه اتكايي ايرانيان,2130,47560127,563310111884,12433,12060,11880,-553,-4.45,11844,-589,-4.74,11812,12300,1400-8-30,2021-11-21
92,ختور,رادياتور ايران‌,2110,6341130,119941379640,18900,18980,18640,-260,-1.38,18910,10,0.05,18300,19450,1400-8-30,2021-11-21
93,چكاوه,صنايع‌كاغذسازي‌كاوه‌,2075,15925968,161865443030,10640,10130,10250,-390,-3.67,10160,-480,-4.51,10110,10490,1400-8-30,2021-11-21
94,وفتخار,سرمايه گذاري افتخار سهام,2059,16737757,31868689328,1849,1904,1904,55,2.97,1904,55,2.97,1904,1904,1400-8-30,2021-11-21
95,لكما,كارخانجات‌مخابراتي‌ايران‌,2057,53575143,56772862701,1089,1060,1060,-29,-2.66,1060,-29,-2.66,1057,1079,1400-8-30,2021-11-21
96,وايران,ليزينگ ايرانيان,2049,21699702,89601086934,4026,4070,4227,201,4.99,4129,103,2.56,4000,4227,1400-8-30,2021-11-21
97,فارس,صنايع پتروشيمي خليج فارس,2024,9215972,98195989130,10630,10610,10800,170,1.6,10650,20,0.19,10340,10970,1400-8-30,2021-11-21
98,رتاپ,تجارت الكترونيك  پارسيان,2011,12314945,79904248750,6240,6240,6550,310,4.97,6490,250,4.01,6200,6550,1400-8-30,2021-11-21
99,غدام,خوراك‌  دام‌ پارس‌,1953,875643,128265755460,142240,149350,144110,1870,1.31,146480,4240,2.98,135130,149350,1400-8-30,2021-11-21
100,تاپيكو,س. نفت و گاز و پتروشيمي تأمين,1950,30849962,442681586250,13780,13780,14460,680,4.93,14350,570,4.14,13780,14460,1400-8-30,2021-11-21
101,خمهرح,ح . مهركام‌پارس‌,1893,33192407,30416135110,905,909,931,26,2.87,916,11,1.22,893,939,1400-8-30,2021-11-21
102,فگستر,گسترش صنايع روي ايرانيان,1891,1407422,12860157575,9200,8973,9300,100,1.09,9145,-55,-0.6,8973,9300,1400-8-30,2021-11-21
103,بنو,بيمه تجارت نو,1867,18624068,142616696425,8024,7623,7759,-265,-3.3,7658,-366,-4.56,7623,7823,1400-8-30,2021-11-21
104,خكار,ايركا پارت صنعت,1865,19425926,85192360212,4274,4380,4398,124,2.9,4385,111,2.6,4250,4433,1400-8-30,2021-11-21
105,غپينو,پارس‌ مينو,1859,54981935,207540758815,3609,3700,3750,141,3.91,3775,166,4.6,3620,3789,1400-8-30,2021-11-21
106,وآذر,سرمايه‌گذاري‌توسعه‌آذربايجان‌,1821,2218994,105364228570,45860,48000,46290,430,0.94,47480,1620,3.53,45110,48150,1400-8-30,2021-11-21
107,فاراكح,ح . ماشين‌ سازي‌ اراك‌,1816,206376909,103294434085,971,500,500,-471,-48.51,501,-470,-48.4,500,550,1400-8-30,2021-11-21
108,سدبير,س. تدبيرگران فارس وخوزستان,1809,3268504,151349797057,46116,48400,43817,-2299,-4.99,46306,190,0.41,43817,48400,1400-8-30,2021-11-21
109,خمحركه,نيرو محركه‌,1788,25288839,96414206750,3666,3724,3849,183,4.99,3813,147,4.01,3591,3849,1400-8-30,2021-11-21
110,خصدرا,صنعتي‌ دريايي‌ ايران‌,1777,48133978,121315527038,2449,2501,2522,73,2.98,2520,71,2.9,2467,2522,1400-8-30,2021-11-21
111,كمرجان,بازرگاني و توليدي مرجان كار,1776,1498062,77385273670,51312,50785,52501,1189,2.32,51657,345,0.67,48880,53620,1400-8-30,2021-11-21
112,وهور,مديريت انرژي اميد  تابان هور,1769,46169838,79423164066,1643,1694,1725,82,4.99,1720,77,4.69,1660,1725,1400-8-30,2021-11-21
113,فتوسا,توليد و توسعه سرب روي ايرانيان,1747,480126,5149101560,10826,10521,10729,-97,-0.9,10790,-36,-0.33,10511,10918,1400-8-30,2021-11-21
114,آ س پ,آ.س.پ,1714,15321921,116666790435,7676,8000,7330,-346,-4.51,7614,-62,-0.81,7293,8000,1400-8-30,2021-11-21
115,خزر,فنرسازي‌زر,1646,5831460,69148178900,11520,11540,12090,570,4.95,11860,340,2.95,11350,12090,1400-8-30,2021-11-21
116,چكاپا,گروه صنايع كاغذ پارس,1635,23589857,75187910279,3137,3137,3190,53,1.69,3187,50,1.59,3137,3249,1400-8-30,2021-11-21
117,غگل,گلوكوزان‌,1612,19254927,64649348298,3371,3311,3425,54,1.6,3358,-13,-0.39,3225,3440,1400-8-30,2021-11-21
118,ملت,بيمه ملت,1607,84740418,102775948887,1168,1156,1226,58,4.97,1213,45,3.85,1156,1226,1400-8-30,2021-11-21
119,وصنعت,سرمايه گذاري توسعه صنعت وتجارت,1604,19080522,131885055990,7120,6930,7050,-70,-0.98,6910,-210,-2.95,6770,7090,1400-8-30,2021-11-21
120,حتايد,تايدواترخاورميانه,1553,11828762,62098925180,5480,5440,5220,-260,-4.74,5250,-230,-4.2,5210,5440,1400-8-30,2021-11-21
121,وپويا,سرمايه گذاري پويا,1538,3686674,14582082091,3952,3910,4000,48,1.21,3955,3,0.08,3870,4030,1400-8-30,2021-11-21
122,بترانس,ايران‌ ترانسفو,1538,30928944,65467247339,2099,2090,2150,51,2.43,2117,18,0.86,2070,2172,1400-8-30,2021-11-21
123,فخوز,فولاد  خوزستان,1528,12674206,82908083700,6430,6420,6660,230,3.58,6510,80,1.24,6420,6690,1400-8-30,2021-11-21
124,وملي,گروه‌ صنعتي‌ ملي‌ (هلدينگ‌,1518,423252,70495318080,168240,166000,165100,-3140,-1.87,166560,-1680,-1,162500,172420,1400-8-30,2021-11-21
125,آگاس,صندوق س.هستي بخش آگاه-س,1513,1162857,92483879785,78915,79400,80710,1795,2.27,79532,617,0.78,78201,80799,1400-8-30,2021-11-21
126,قاسم,قاسم ايران,1501,26187541,97979090519,3617,3699,3797,180,4.98,3741,124,3.43,3565,3797,1400-8-30,2021-11-21
127,ثفارس,عمران‌وتوسعه‌فارس‌,1493,11958886,101409277240,8420,8580,8250,-170,-2.02,8480,60,0.71,8200,8680,1400-8-30,2021-11-21
128,سرو,صندوق س سروسودمند مدبران-سهام,1492,2402754,172003452660,70990,71230,72690,1700,2.39,71590,600,0.85,70300,72700,1400-8-30,2021-11-21
129,شغدير,پتروشيمي غدير,1460,1074285,98456565340,91890,92990,92330,440,0.48,91650,-240,-0.26,90110,93270,1400-8-30,2021-11-21
130,وسكرد,شركت س استان كردستان,1450,95116972,45141717848,483,466,483,0,0,475,-8,-1.66,459,497,1400-8-30,2021-11-21
131,وسكرمان,س.سهام عدالت استان كرمان,1446,122398974,58744007381,476,466,490,14,2.94,480,4,0.84,466,499,1400-8-30,2021-11-21
132,شبصير,توليدات پتروشيمي قائد بصير,1441,914876,101161147731,113014,111111,111098,-1916,-1.7,110574,-2440,-2.16,108010,116600,1400-8-30,2021-11-21
133,شپديس,پتروشيمي پرديس,1435,1248811,226055617490,182340,182340,182890,550,0.3,181020,-1320,-0.72,177290,184980,1400-8-30,2021-11-21
134,ثنوسا,نوسازي‌وساختمان‌تهران‌,1398,17187913,93420137080,5650,5570,5460,-190,-3.36,5440,-210,-3.72,5370,5680,1400-8-30,2021-11-21
135,سبزوا,سيمان لار سبزوار,1393,21073951,48373714575,2381,2280,2310,-71,-2.98,2295,-86,-3.61,2262,2392,1400-8-30,2021-11-21
136,ثالوند,سرمايه گذاري مسكن الوند,1382,5639429,53582742990,9190,9360,9400,210,2.29,9501,311,3.38,9220,9649,1400-8-30,2021-11-21
137,وپارس,بانك‌پارسيان‌,1380,38464731,82644678228,2143,2150,2157,14,0.65,2147,4,0.19,2135,2180,1400-8-30,2021-11-21
138,خرينگ,رينگ‌سازي‌مشهد,1372,2149992,66779248980,29730,31150,31210,1480,4.98,31060,1330,4.47,30060,31210,1400-8-30,2021-11-21
139,فروي,ذوب روي اصفهان,1371,1685571,39334593604,23282,23500,23055,-227,-0.98,23336,54,0.23,22724,24110,1400-8-30,2021-11-21
140,وسديد,گروه ‌صنعتي‌سديد,1370,31307520,39198931689,1222,1258,1258,36,2.95,1252,30,2.45,1205,1258,1400-8-30,2021-11-21
141,ختوقا,قطعات‌ اتومبيل‌ ايران‌,1368,53675826,137011051587,2435,2521,2556,121,4.97,2553,118,4.85,2485,2556,1400-8-30,2021-11-21
142,كماسه,تامين‌ ماسه‌ ريخته‌گري‌,1360,10872397,58573148780,5320,5230,5360,40,0.75,5390,70,1.32,5200,5540,1400-8-30,2021-11-21
143,ضجار1022,اختيارخ وتجارت-2000-1400/10/15,1350,56482,8836762000,161,150,161,0,0,156,-5,-3.11,147,180,1400-8-30,2021-11-21
144,غاذر,كشت‌وصنعت‌پياذر,1346,2520285,91821797280,35920,36050,37120,1200,3.34,36430,510,1.42,34900,37490,1400-8-30,2021-11-21
145,پيزد,مجتمع صنايع لاستيك يزد,1339,219728,11713909247,54520,53001,53180,-1340,-2.46,53546,-974,-1.79,52001,55203,1400-8-30,2021-11-21
146,حفاري,حفاري شمال,1318,13763799,60751007537,4375,4316,4490,115,2.63,4414,39,0.89,4316,4490,1400-8-30,2021-11-21
147,پارند,صندوق س. پارند پايدار سپهر,1304,46403424,467958517871,10079,10084,10085,6,0.06,10085,6,0.06,10084,10085,1400-8-30,2021-11-21
148,خموتور,موتورسازان‌تراكتورسازي‌ايران‌,1302,8644633,56572004630,6290,6440,6580,290,4.61,6540,250,3.97,6410,6600,1400-8-30,2021-11-21
149,زنگان,صنعت روي زنگان,1284,1023517,80956907932,82822,81840,78681,-4141,-5,79097,-3725,-4.5,78681,83135,1400-8-30,2021-11-21
150,ثاخت,بين‌المللي‌توسعه‌ساختمان,1282,21846138,43700307008,2013,1989,2006,-7,-0.35,2000,-13,-0.65,1960,2044,1400-8-30,2021-11-21
151,شسپا,نفت سپاهان,1265,21986247,78187066260,3573,3490,3590,17,0.48,3556,-17,-0.48,3481,3630,1400-8-30,2021-11-21
152,اخابر,مخابرات ايران,1264,14081622,105942058660,7510,7370,7690,180,2.4,7520,10,0.13,7300,7880,1400-8-30,2021-11-21
153,غويتا,ويتانا,1262,8939931,64053193555,6952,6810,7299,347,4.99,7165,213,3.06,6673,7299,1400-8-30,2021-11-21
154,وتوصا,گروه س توسعه صنعتي ايران,1260,9939445,107489614440,10520,10450,11040,520,4.94,10810,290,2.76,10450,11040,1400-8-30,2021-11-21
155,وبانك,سرمايه گذاري گروه توسعه ملي,1250,14435780,119956452200,8320,8200,8430,110,1.32,8310,-10,-0.12,8190,8460,1400-8-30,2021-11-21
156,كاوه,فولاد كاوه جنوب كيش,1249,3882853,59912028310,15660,15380,15500,-160,-1.02,15510,-150,-0.96,14880,15800,1400-8-30,2021-11-21
157,ومعادن,توسعه‌معادن‌وفلزات‌,1244,6951823,68793315480,9870,9790,9990,120,1.22,9890,20,0.2,9770,10040,1400-8-30,2021-11-21
158,افران,صندوق س افرا نماد پايدار-ثابت,1243,32637284,482961149587,14788,14798,14797,9,0.06,14798,10,0.07,14797,14800,1400-8-30,2021-11-21
159,زكشت,كشاورزي مكانيزه اصفهان كشت,1230,3536533,100971559790,27361,27361,28729,1368,5,28551,1190,4.35,27254,28729,1400-8-30,2021-11-21
160,اپال,فرآوري معدني اپال كاني پارس,1217,1707387,37205791610,21830,21830,21790,-40,-0.18,21820,-10,-0.05,21730,21900,1400-8-30,2021-11-21
161,قنيشا,قند  نيشابور,1216,4111591,177011969870,41010,43060,43060,2050,5,43050,2040,4.97,42060,43060,1400-8-30,2021-11-21
162,سيمرغ,سيمرغ,1202,3790648,93058961690,25180,25380,24800,-380,-1.51,24550,-630,-2.5,24200,25380,1400-8-30,2021-11-21
163,فاسمين,كالسيمين‌,1176,5550294,88790102260,16130,16000,16210,80,0.5,16000,-130,-0.81,15790,16450,1400-8-30,2021-11-21
164,كچاد,معدني‌وصنعتي‌چادرملو,1173,3854308,109125621560,28500,28170,28520,20,0.07,28320,-180,-0.63,28100,28780,1400-8-30,2021-11-21
165,بموتو,موتوژن‌,1171,867452,67183337120,80740,81000,77870,-2870,-3.55,77450,-3290,-4.07,76710,81000,1400-8-30,2021-11-21
166,بكاب,صنايع‌جوشكاب‌يزد,1153,681664,64875948580,100070,95210,95070,-5000,-5,95170,-4900,-4.9,95070,98400,1400-8-30,2021-11-21
167,گكوثر,هتل پارسيان كوثر اصفهان,1146,34605484,69760521949,2112,2011,2012,-100,-4.73,2016,-96,-4.55,2007,2070,1400-8-30,2021-11-21
168,پرديسح,ح .  سرمايه گذاري پرديس,1144,14793391,23958690827,1622,1600,1637,15,0.92,1620,-2,-0.12,1561,1698,1400-8-30,2021-11-21
169,كفپارس,فرآورده‌هاي‌ نسوز پارس‌,1134,10960317,37806748012,3601,3515,3421,-180,-5,3449,-152,-4.22,3421,3590,1400-8-30,2021-11-21
170,غمينو,شركت صنايع غذايي مينو شرق,1129,13326044,70888112795,5093,5200,5347,254,4.99,5320,227,4.46,4980,5347,1400-8-30,2021-11-21
171,كوير,توليدي فولاد سپيد فراب كوير,1129,7626436,44949763460,5730,5850,5930,200,3.49,5860,130,2.27,5760,6010,1400-8-30,2021-11-21
172,تاپكيش,تجارت الكترونيك پارسيان كيش,1129,4209428,69295232045,17216,17088,16390,-826,-4.8,16462,-754,-4.38,16356,17088,1400-8-30,2021-11-21
173,لسرما,سرما آفرين‌,1122,2630612,56984574150,20990,21900,20770,-220,-1.05,21660,670,3.19,20500,22030,1400-8-30,2021-11-21
174,وگستر,گسترش سرمايه گذاري ايرانيان,1119,5745635,38282364002,6865,6540,6646,-219,-3.19,6663,-202,-2.94,6530,6910,1400-8-30,2021-11-21
175,تملت,تامين سرمايه بانك ملت,1118,8793020,31579128643,3654,3725,3595,-59,-1.61,3591,-63,-1.72,3550,3725,1400-8-30,2021-11-21
176,دسانكو,داروسازي سبحان انكولوژي,1092,4615525,59027402363,12543,12790,13020,477,3.8,12789,246,1.96,12310,13160,1400-8-30,2021-11-21
177,بشهاب,لامپ‌  پارس‌ شهاب‌,1090,432752,66711969500,148150,148500,155540,7390,4.99,154160,6010,4.06,148250,155550,1400-8-30,2021-11-21
178,ديران,ايران‌دارو,1088,3351458,68745335380,21530,21220,20460,-1070,-4.97,20510,-1020,-4.74,20460,21490,1400-8-30,2021-11-21
179,زقيام,كشت و دام قيام اصفهان,1040,20010874,31038497608,1618,1573,1558,-60,-3.71,1551,-67,-4.14,1538,1618,1400-8-30,2021-11-21
180,خفنر,فنرسازي‌خاور,1038,5601617,48923120710,8640,8340,8700,60,0.69,8730,90,1.04,8340,9070,1400-8-30,2021-11-21
181,پارسان,گسترش نفت و گاز پارسيان,1024,3874969,122266208540,31790,30860,32000,210,0.66,31550,-240,-0.75,30860,32880,1400-8-30,2021-11-21
182,دماوند,توليد نيروي برق دماوند,1021,1912768,40513097543,20821,20800,20898,77,0.37,21132,311,1.49,20780,21750,1400-8-30,2021-11-21
183,تليسه,دامداري تليسه نمونه,1015,12191340,28396529762,2300,2320,2385,85,3.7,2329,29,1.26,2250,2397,1400-8-30,2021-11-21
184,هرمز,فولاد هرمزگان جنوب,1011,3895437,65379530509,16869,16770,16899,30,0.18,16822,-47,-0.28,16450,17190,1400-8-30,2021-11-21
185,پكويرح,ح. كوير تاير,1009,8189331,37772813300,15020,5000,4620,-10400,-69.24,4610,-10410,-69.31,4500,5000,1400-8-30,2021-11-21
186,شاوان,پالايش نفت لاوان,999,1034352,141231509445,139076,137500,138970,-106,-0.08,136541,-2535,-1.82,134933,141000,1400-8-30,2021-11-21
187,طلا,صندوق س.پشتوانه طلاي لوتوس,994,1808661,159258810042,87238,87530,88499,1261,1.45,88053,815,0.93,87230,88500,1400-8-30,2021-11-21
188,ثتران,سرمايه گذاري مسكن تهران,986,8343573,35186294421,4273,4290,4190,-83,-1.94,4217,-56,-1.31,4100,4398,1400-8-30,2021-11-21
189,كلر,كلر پارس,984,476116,52121556621,107520,109400,110898,3378,3.14,109472,1952,1.82,107550,111900,1400-8-30,2021-11-21
190,رانفور,خدمات‌انفورماتيك‌,984,25235705,103966832714,4106,4080,4101,-5,-0.12,4120,14,0.34,4071,4195,1400-8-30,2021-11-21
191,تاصيكو,سرمايه گذاري صدرتامين,980,9102841,82294833790,9010,8840,9100,90,1,9030,20,0.22,8800,9320,1400-8-30,2021-11-21
192,خاذين,سايپاآذين‌,967,16313306,51497571771,3109,3134,3150,41,1.32,3157,48,1.54,3082,3240,1400-8-30,2021-11-21
193,بجهرم,توسعه مولد نيروگاهي جهرم,959,11632248,24934559794,2129,2126,2155,26,1.22,2144,15,0.7,2109,2189,1400-8-30,2021-11-21
194,وساپا,سرمايه‌گذاري‌ سايپا,941,9163928,45006718585,4800,4840,4956,156,3.25,4911,111,2.31,4800,5000,1400-8-30,2021-11-21
195,خلنت,لنت‌ ترمزايران‌,936,452130,35543635270,80800,83800,77350,-3450,-4.27,78610,-2190,-2.71,76860,83950,1400-8-30,2021-11-21
196,وسكرشا,س.سهام عدالت استان كرمانشاه,933,61904432,29570802351,486,468,488,2,0.41,478,-8,-1.65,468,490,1400-8-30,2021-11-21
197,سصفها,سيمان‌اصفهان‌,921,1153787,37103755480,33380,31880,33150,-230,-0.69,32160,-1220,-3.65,31720,33500,1400-8-30,2021-11-21
198,غالبر,لبنيات‌ كالبر,921,7585012,98782581150,12800,12760,13130,330,2.58,13020,220,1.72,12500,13330,1400-8-30,2021-11-21
199,فجر,فولاد اميركبيركاشان,917,1751466,41844313680,23980,23650,24200,220,0.92,23890,-90,-0.38,23410,24500,1400-8-30,2021-11-21
200,ورنا,سرمايه‌گذاري‌ رنا(هلدينگ‌,914,14672958,51140696503,3358,3335,3525,167,4.97,3485,127,3.78,3335,3525,1400-8-30,2021-11-21
201,ماديرا,صنايع ماديران,913,6477324,41849060257,6383,6450,6552,169,2.65,6461,78,1.22,6295,6576,1400-8-30,2021-11-21
202,غبهنوش,بهنوش‌ ايران‌,913,1744472,109565638970,65050,64990,64500,-550,-0.85,62810,-2240,-3.44,61800,67500,1400-8-30,2021-11-21
203,زكوثر,سرمايه گذاري كشاورزي كوثر,903,1904547,33401760130,17630,17880,17830,200,1.13,17540,-90,-0.51,17210,18220,1400-8-30,2021-11-21
204,ثعمرا,عمران و توسعه شاهد,886,5766860,47249920481,7917,8312,8148,231,2.92,8193,276,3.49,7921,8312,1400-8-30,2021-11-21
205,بكام,كارخانجات توليدي شهيد قندي,884,10734847,20114824980,1855,1846,1900,45,2.43,1874,19,1.02,1818,1909,1400-8-30,2021-11-21
206,شفارس,صنايع‌ شيميايي‌ فارس‌,881,17570730,20238309760,1153,1150,1154,1,0.09,1152,-1,-0.09,1120,1174,1400-8-30,2021-11-21
207,ثاژن,سخت آژند,874,9106599,48517485882,5435,5218,5490,55,1.01,5328,-107,-1.97,5218,5620,1400-8-30,2021-11-21
208,قثابت,قند ثابت‌ خراسان‌,870,17352898,35839615233,2036,2085,2062,26,1.28,2065,29,1.42,2040,2120,1400-8-30,2021-11-21
209,ثباغ,شهر سازي و خانه سازي باغميشه,870,3994799,36514951337,9237,9200,9580,343,3.71,9141,-96,-1.04,8776,9690,1400-8-30,2021-11-21
210,ولساپا,ليزينگ رايان‌ سايپا,869,14594674,38977855199,2623,2699,2690,67,2.55,2671,48,1.83,2623,2705,1400-8-30,2021-11-21
211,كگل,معدني و صنعتي گل گهر,846,9579005,228403990270,23850,23900,23900,50,0.21,23840,-10,-0.04,23540,23940,1400-8-30,2021-11-21
212,خمهر,مهركام‌پارس‌,846,13981657,27217271755,1912,1950,1960,48,2.51,1947,35,1.83,1897,2000,1400-8-30,2021-11-21
213,حريل,ريل پردازسير,842,14370812,43005733658,2973,2917,3013,40,1.35,2993,20,0.67,2917,3080,1400-8-30,2021-11-21
214,تپكو,توليدتجهيزات‌سنگين‌هپكو,842,12303931,43851210084,3461,3564,3564,103,2.98,3564,103,2.98,3564,3564,1400-8-30,2021-11-21
215,كرازي,كارخانجات‌توليدي‌شيشه‌رازي‌,833,19129504,23955424150,1266,1255,1251,-15,-1.18,1252,-14,-1.11,1211,1285,1400-8-30,2021-11-21
216,كتوكا,توليدي و خدمات صنايع نسوز توكا,829,2527718,31053450233,12490,12490,12350,-140,-1.12,12285,-205,-1.64,12069,12740,1400-8-30,2021-11-21
217,شيران,س. صنايع‌شيميايي‌ايران,828,2193656,48075621940,22260,21770,22100,-160,-0.72,22060,-200,-0.9,21550,22450,1400-8-30,2021-11-21
218,فزرين,زرين معدن آسيا,813,2376069,30518249253,12926,12500,12900,-26,-0.2,12844,-82,-0.63,12500,13200,1400-8-30,2021-11-21
219,خشرق,الكتريك‌ خودرو شرق‌,813,3004649,42307011170,14110,13670,14150,40,0.28,14080,-30,-0.21,13670,14590,1400-8-30,2021-11-21
220,ساروم,سيمان‌اروميه‌,809,3820531,158827913680,40480,39470,42500,2020,4.99,41570,1090,2.69,39110,42500,1400-8-30,2021-11-21
221,پتاير,ايران‌ تاير,801,10586679,21735762784,2067,2021,2060,-7,-0.34,2053,-14,-0.68,2021,2089,1400-8-30,2021-11-21
222,ونيرو,سرمايه‌گذاري‌نيرو,799,16786812,39510875931,2322,2279,2360,38,1.64,2354,32,1.38,2279,2400,1400-8-30,2021-11-21
223,فسازان,غلتك سازان سپاهان,792,1026360,23978798620,24400,24630,23650,-750,-3.07,23360,-1040,-4.26,23180,24630,1400-8-30,2021-11-21
224,سبهان,سيمان‌ بهبهان‌,790,604796,29651598870,50860,48710,49100,-1760,-3.46,49030,-1830,-3.6,48320,51430,1400-8-30,2021-11-21
225,فلامي,لاميران‌,782,1653352,39010105380,23120,22370,22970,-150,-0.65,23590,470,2.03,22250,24220,1400-8-30,2021-11-21
226,اطلس,صندوق س.توسعه اندوخته آينده-س,776,330353,81113483721,244918,244990,247350,2432,0.99,245536,618,0.25,243052,247980,1400-8-30,2021-11-21
227,وسكاب,س.ص.بازنشستگي كاركنان بانكها,774,12969103,41318133795,3145,3185,3240,95,3.02,3186,41,1.3,3100,3278,1400-8-30,2021-11-21
228,حفارس,حمل و نقل بين المللي خليج فارس,769,9731220,35863825007,3803,3686,3701,-102,-2.68,3685,-118,-3.1,3613,3889,1400-8-30,2021-11-21
229,وثخوز,سرمايه گذاري و توسعه خوزستان,764,917408,30618095447,32835,33500,32460,-375,-1.14,33375,540,1.64,32000,34150,1400-8-30,2021-11-21
230,ضجار1023,اختيارخ وتجارت-2500-1400/10/15,759,27101,1588708000,53,47,59,6,11.32,59,6,11.32,46,69,1400-8-30,2021-11-21
231,كترام,توليدي‌ كاشي‌ تكسرام‌,759,2392812,55472453690,23930,23190,22740,-1190,-4.97,23180,-750,-3.13,22740,24580,1400-8-30,2021-11-21
232,سدور,سيمان‌ دورود,753,6759866,44743667190,6890,6870,6590,-300,-4.35,6620,-270,-3.92,6550,7000,1400-8-30,2021-11-21
233,فروس,فروسيليس‌ ايران‌,750,4249640,28883127470,6790,6900,6830,40,0.59,6800,10,0.15,6600,6980,1400-8-30,2021-11-21
234,خكاوه,سايپا ديزل,747,10656122,40826214542,3743,3743,3850,107,2.86,3831,88,2.35,3678,3855,1400-8-30,2021-11-21
235,قشرين,قند شيرين خراسان,747,8599869,75628364498,8620,8380,8800,180,2.09,8794,174,2.02,8380,8878,1400-8-30,2021-11-21
236,خراسان,پتروشيمي خراسان,747,538575,63934270810,118140,114010,120190,2050,1.74,118570,430,0.36,113670,122990,1400-8-30,2021-11-21
237,لازما,كارخانه هاي صنعتي آزمايش,741,1465643,46368911071,30855,31049,31780,925,3,31637,782,2.53,31049,31780,1400-8-30,2021-11-21
238,فلوله,لوله‌وماشين‌سازي‌ايران‌,740,18799752,20732461985,1120,1120,1100,-20,-1.79,1103,-17,-1.52,1083,1149,1400-8-30,2021-11-21
239,تنوين,تامين سرمايه نوين,729,17122529,91151817090,5580,5580,5320,-260,-4.66,5320,-260,-4.66,5310,5670,1400-8-30,2021-11-21
240,سخاش,سيمان‌خاش‌,725,335259,31834126120,98180,96990,96080,-2100,-2.14,94950,-3230,-3.29,93280,101920,1400-8-30,2021-11-21
241,تكشا,گسترش‌صنايع‌وخدمات‌كشاورزي‌,723,702969,25530543630,36730,37500,36490,-240,-0.65,36320,-410,-1.12,35200,37500,1400-8-30,2021-11-21
242,تسه0006,امتيازتسهيلات مسكن شهريور1400,714,26022,21659133083,822761,823299,832000,9239,1.12,832339,9578,1.16,801000,846000,1400-8-30,2021-11-21
243,وكار,بانك‌ كارآفرين‌,714,11946805,37106997067,3116,3118,3094,-22,-0.71,3108,-8,-0.26,3042,3119,1400-8-30,2021-11-21
244,خكرمان,گروه اقتصادي كرمان خودرو,712,14458338,41843965774,2815,2870,2899,84,2.98,2894,79,2.81,2815,2899,1400-8-30,2021-11-21
245,وهنر,گروه توسعه هنر ايران,706,6243778,21385101048,3393,3450,3380,-13,-0.38,3425,32,0.94,3371,3490,1400-8-30,2021-11-21
246,فسپا,گروه‌صنعتي‌سپاهان‌,702,2732366,44799602110,16560,16320,16570,10,0.06,16400,-160,-0.97,16010,16700,1400-8-30,2021-11-21
247,شكربن,كربن‌ ايران‌,700,596290,61863138490,108980,108980,103970,-5010,-4.6,103750,-5230,-4.8,103540,108980,1400-8-30,2021-11-21
248,چكارن,كارتن‌ ايران‌,697,15714675,43450071062,2837,2760,2814,-23,-0.81,2765,-72,-2.54,2720,2830,1400-8-30,2021-11-21
249,پدرخش,درخشان‌ تهران‌,693,1319429,29612248770,22210,23190,22640,430,1.94,22440,230,1.04,21710,23190,1400-8-30,2021-11-21
250,وسين,بيمه سينا,692,18165228,69536496869,3752,3850,3753,1,0.03,3828,76,2.03,3752,3880,1400-8-30,2021-11-21
251,ولغدر,ليزينگ‌خودروغدير,690,2814131,31928279830,11590,11510,11140,-450,-3.88,11350,-240,-2.07,11030,11920,1400-8-30,2021-11-21
252,تسه0007,امتيازتسهيلات مسكن مهر1400,685,20564,17259693320,826340,825555,830000,3660,0.44,839316,12976,1.57,822222,860000,1400-8-30,2021-11-21
253,شبهرن,نفت‌ بهران‌,684,3351224,39159908650,11920,11750,11610,-310,-2.6,11760,-160,-1.34,11480,11960,1400-8-30,2021-11-21
254,آريان,سرمايه گذاري پارس آريان,680,14117784,239668367107,17489,17030,16965,-524,-3,16976,-513,-2.93,16965,17396,1400-8-30,2021-11-21
255,ثاباد,توريستي ورفاهي آبادگران ايران,677,941192,47210766050,51870,54000,49280,-2590,-4.99,50160,-1710,-3.3,49280,54000,1400-8-30,2021-11-21
256,سفارس,سيمان فارس و خوزستان,676,2120074,35751539720,16740,16650,16940,200,1.19,16860,120,0.72,16650,17230,1400-8-30,2021-11-21
257,ونوين,بانك‌اقتصادنوين‌,675,9282366,30377110521,3262,3190,3300,38,1.16,3270,8,0.25,3185,3350,1400-8-30,2021-11-21
258,تپمپي,پمپ‌ سازي‌ ايران‌,674,3045800,52158054030,17590,17690,17530,-60,-0.34,17120,-470,-2.67,16720,17860,1400-8-30,2021-11-21
259,غشهداب,كشت و صنعت شهداب ناب خراسان,673,7272983,19823100212,2755,2694,2730,-25,-0.91,2726,-29,-1.05,2694,2799,1400-8-30,2021-11-21
260,حآفرين,ريل پرداز نو آفرين,670,6319292,37720117081,5856,5841,5902,46,0.79,5969,113,1.93,5800,6121,1400-8-30,2021-11-21
261,همراه,شركت ارتباطات سيار ايران,670,2256022,18476949740,8310,8240,8180,-130,-1.56,8290,-20,-0.24,8040,8330,1400-8-30,2021-11-21
262,زگلدشت,كشت و دام گلدشت نمونه اصفهان,661,4306697,40897634416,9050,9000,9497,447,4.94,9496,446,4.93,9000,9502,1400-8-30,2021-11-21
263,وثوق,سرمايه گذاري وثوق امين,659,2814872,28237630651,10313,10262,10004,-309,-3,10032,-281,-2.72,10004,10280,1400-8-30,2021-11-21
264,پاكشو,گروه صنعتي پاكشو,658,18687868,112941296830,6020,6000,6060,40,0.66,6040,20,0.33,6000,6080,1400-8-30,2021-11-21
265,كوثر,بيمه كوثر,656,5912188,24238613347,4119,4250,4168,49,1.19,4102,-17,-0.41,3914,4250,1400-8-30,2021-11-21
266,چدن,توليدي چدن سازان,654,8771080,25417106721,2910,2865,2905,-5,-0.17,2898,-12,-0.41,2830,2937,1400-8-30,2021-11-21
267,كبافق,معادن‌ بافق‌,653,762702,25017875450,33300,32720,33000,-300,-0.9,32800,-500,-1.5,31870,33840,1400-8-30,2021-11-21
268,ونفت,سرمايه‌گذاري‌ صنعت‌ نفت‌,650,1575957,22324181270,14500,14400,14140,-360,-2.48,14170,-330,-2.28,14010,14630,1400-8-30,2021-11-21
269,ساوه,سيمان ساوه,647,285881,12989971749,46317,45190,46450,133,0.29,45540,-777,-1.68,44130,46620,1400-8-30,2021-11-21
270,غشصفا,شيرپاستوريزه‌پگاه‌اصفهان‌,646,861827,27660235860,31830,32600,32430,600,1.89,32090,260,0.82,30800,32690,1400-8-30,2021-11-21
271,پكوير,كوير تاير,635,3521436,24974388350,7260,7250,6990,-270,-3.72,7090,-170,-2.34,6940,7380,1400-8-30,2021-11-21
272,ولقمان,سرمايه گذاري لقمان,633,3066063,10060137578,3206,3275,3302,96,2.99,3281,75,2.34,3125,3302,1400-8-30,2021-11-21
273,وپست,پست بانك ايران,628,2860448,55964605110,19670,19130,19880,210,1.07,19560,-110,-0.56,18850,20000,1400-8-30,2021-11-21
274,قتربت,قند تربت حيدريه,627,95732,4647941872,49790,50000,48500,-1290,-2.59,49195,-595,-1.2,48297,50000,1400-8-30,2021-11-21
275,بپاس,بيمه پاسارگاد,627,2710482,117468033873,43339,43335,43344,5,0.01,43338,-1,0,43330,43345,1400-8-30,2021-11-21
276,وساخت,سرمايه‌ گذاري‌ ساختمان‌ايران‌,624,772460,33020810070,44330,42730,42190,-2140,-4.83,42750,-1580,-3.56,42120,44000,1400-8-30,2021-11-21
277,بالبر,كابل‌ البرز,618,1083766,24480108350,22210,21710,23320,1110,5,22590,380,1.71,21340,23320,1400-8-30,2021-11-21
278,شجم,صنايع پتروشيمي تخت جمشيد,617,3933634,54951326159,14176,14000,13820,-356,-2.51,13970,-206,-1.45,13702,14270,1400-8-30,2021-11-21
279,وپاسار,بانك  پاسارگاد,613,14763935,195614454590,13240,13240,13260,20,0.15,13250,10,0.08,13220,13270,1400-8-30,2021-11-21
280,ميهن,بيمه ميهن,610,19489443,47647552369,2376,2400,2494,118,4.97,2445,69,2.9,2332,2494,1400-8-30,2021-11-21
281,وساغربي,شركت س استان آذربايجان غربي,610,45326589,21363306371,475,461,482,7,1.47,472,-3,-0.63,459,482,1400-8-30,2021-11-21
282,ونيكي,سرمايه‌گذاري‌ ملي‌ايران‌,602,2511532,25696994320,10070,10000,10220,150,1.49,10130,60,0.6,10000,10490,1400-8-30,2021-11-21
283,هماي,صندوق س هماي آگاه-ثابت,602,4336546,44089229711,10167,10164,10169,2,0.02,10167,0,0,10160,10172,1400-8-30,2021-11-21
284,شلعاب,لعابيران‌,600,3732136,20985392240,5740,5620,5630,-110,-1.92,5620,-120,-2.09,5490,5780,1400-8-30,2021-11-21
285,پارس,پتروشيمي پارس,595,151732,28360336220,189260,186850,186500,-2760,-1.46,188580,-680,-0.36,184550,189620,1400-8-30,2021-11-21
286,خديزل,بهمن  ديزل,594,1137435,62892433862,54101,55000,55180,1079,1.99,55293,1192,2.2,53000,56661,1400-8-30,2021-11-21
287,خموتورح,ح . موتورسازان‌تراكتورسازي‌,586,3720390,17799588110,4631,4850,4721,90,1.94,4784,153,3.3,4649,4940,1400-8-30,2021-11-21
288,زماهان,مجتمع توليد گوشت مرغ ماهان,584,2246528,15577178189,7152,7150,6868,-284,-3.97,6934,-218,-3.05,6850,7160,1400-8-30,2021-11-21
289,ثعتما,س. ساختماني اعتماد گستر,582,1354643,43476377848,32974,32974,31985,-989,-3,32094,-880,-2.67,31985,33362,1400-8-30,2021-11-21
290,وثنو,سرمايه گذاري ساختماني نوين,582,6022816,30529658307,5179,5030,5024,-155,-2.99,5069,-110,-2.12,5024,5259,1400-8-30,2021-11-21
291,چفيبر,فيبر ايران‌,579,3583405,24050924340,6710,6770,6620,-90,-1.34,6710,0,0,6470,6940,1400-8-30,2021-11-21
292,سغرب,سيمان‌غرب‌,576,2198727,33076090590,14520,14220,15240,720,4.96,15040,520,3.58,14210,15240,1400-8-30,2021-11-21
293,حشكوه,دليجان طلايي شكوه پارس,574,17953039,63806917122,3652,3680,3543,-109,-2.98,3554,-98,-2.68,3543,3695,1400-8-30,2021-11-21
294,قشكر,شكرشاهرود,573,7159261,21756107139,2979,3127,3020,41,1.38,3039,60,2.01,2980,3127,1400-8-30,2021-11-21
295,مفاخر,توسعه فناوري اطلاعات خوارزمي,571,969844,29507261622,29490,29400,30479,989,3.35,30425,935,3.17,29400,30900,1400-8-30,2021-11-21
296,حپترو,حمل و نقل پتروشيمي( سهامي عام,571,992147,23055239820,24070,23930,23610,-460,-1.91,23240,-830,-3.45,22870,24000,1400-8-30,2021-11-21
297,دتوليد,داروسازي توليد دارو,571,2073198,18901690600,9093,9009,9237,144,1.58,9117,24,0.26,8850,9280,1400-8-30,2021-11-21
298,ودي,بيمه  دي,570,5655058,29629242478,5254,5145,5340,86,1.64,5239,-15,-0.29,5070,5380,1400-8-30,2021-11-21
299,توريل,توكاريل,564,2210179,24892449506,11559,11091,11340,-219,-1.89,11263,-296,-2.56,10990,11740,1400-8-30,2021-11-21
300,خاهن,آهنگري‌ تراكتورسازي‌ ايران‌,561,6983154,36171142600,5180,5180,5170,-10,-0.19,5180,0,0,5160,5250,1400-8-30,2021-11-21
301,كسرا,سراميك‌هاي‌صنعتي‌اردكان‌,555,2514509,37900280430,15170,14600,15180,10,0.07,15070,-100,-0.66,14600,15420,1400-8-30,2021-11-21
302,ارزش,صندوق س ارزش آفرين بيدار-سهام,555,4419749,42162650940,9390,9450,9700,310,3.3,9540,150,1.6,9330,9700,1400-8-30,2021-11-21
303,فمراد,آلومراد,554,1879069,30117708350,16450,16200,16250,-200,-1.22,16030,-420,-2.55,15630,16620,1400-8-30,2021-11-21
304,زيتون,صندوق س زيتون نماد پايا- مختلط,553,2269196,22318591966,9811,9767,9939,128,1.3,9835,24,0.24,9725,9970,1400-8-30,2021-11-21
305,فباهنر,مس‌ شهيدباهنر,545,1031651,25706140820,25020,24700,25030,10,0.04,24920,-100,-0.4,24550,25770,1400-8-30,2021-11-21
306,وپترو,سرمايه‌گذاري صنايع پتروشيمي‌,545,1571888,19454244630,12400,12360,12560,160,1.29,12380,-20,-0.16,12140,12660,1400-8-30,2021-11-21
307,وبهمن,سرمايه‌گذاري‌بهمن‌,544,3465535,55185794100,15210,15760,15970,760,5,15920,710,4.67,15290,15970,1400-8-30,2021-11-21
308,ومعلم,بيمه معلم,543,6046611,13595899602,2325,2241,2258,-67,-2.88,2250,-75,-3.23,2209,2324,1400-8-30,2021-11-21
309,حآسا,آسيا سير ارس,543,2594511,44060881142,16206,17016,17016,810,5,16982,776,4.79,16612,17016,1400-8-30,2021-11-21
310,دبالك,مواد اوليه دارويي البرز بالك,540,2110644,16885736972,8153,8150,8000,-153,-1.88,8000,-153,-1.88,7900,8200,1400-8-30,2021-11-21
311,آوا,صندوق س.سهام آواي معيار-س,540,1729883,14145818766,7902,7800,8299,397,5.02,8177,275,3.48,7800,8348,1400-8-30,2021-11-21
312,حتوكا,حمل‌ونقل‌توكا,540,1904899,25212573420,12780,12750,13410,630,4.93,13240,460,3.6,12200,13410,1400-8-30,2021-11-21
313,دانا,بيمه دانا,536,5343916,23676133925,4441,4350,4382,-59,-1.33,4430,-11,-0.25,4290,4560,1400-8-30,2021-11-21
314,وسگيلا,شركت س استان گيلان,535,47199939,22577660241,479,462,490,11,2.3,478,-1,-0.21,462,491,1400-8-30,2021-11-21
315,بفجرح,ح . فجر انرژي خليج فارس,534,3628542,30442863760,8710,8260,8300,-410,-4.71,8390,-320,-3.67,8100,8900,1400-8-30,2021-11-21
316,وتوس,توسعه‌شهري‌توس‌گستر,531,1536578,17637537630,11370,11220,11320,-50,-0.44,11480,110,0.97,11160,11850,1400-8-30,2021-11-21
317,وسپه,سرمايه‌گذاري‌ سپه‌,529,7229867,57634949950,8080,7900,8100,20,0.25,7970,-110,-1.36,7850,8130,1400-8-30,2021-11-21
318,كروي,توسعه‌ معادن‌ روي‌ ايران‌,528,1095686,25111558660,23430,23400,23020,-410,-1.75,22920,-510,-2.18,22610,23400,1400-8-30,2021-11-21
319,فايرا,آلومينيوم‌ايران‌,527,2692942,45195384330,16700,16300,17000,300,1.8,16760,60,0.36,16170,17140,1400-8-30,2021-11-21
320,رمپنا,گروه مپنا (سهامي عام),523,3213384,50988311670,15820,15810,15880,60,0.38,15840,20,0.13,15110,16140,1400-8-30,2021-11-21
321,سپر,صندوق س سپر سرمايه بيدار- ثابت,523,17673479,233087707597,13184,13196,13196,12,0.09,13189,5,0.04,13185,13196,1400-8-30,2021-11-21
322,غديس,پاكديس,519,1723635,20475655639,11858,11850,11850,-8,-0.07,11879,21,0.18,11650,12240,1400-8-30,2021-11-21
323,فنوال,نورد آلومينيوم‌,517,636559,14186907740,22400,21730,22310,-90,-0.4,22290,-110,-0.49,21600,22960,1400-8-30,2021-11-21
324,شخارك,پتروشيمي‌ خارك‌,515,970182,51701427240,53850,52990,53000,-850,-1.58,53560,-290,-0.54,52000,54500,1400-8-30,2021-11-21
325,سپيدما,صندوق س. سپيد دماوند-د,515,26026248,296951261515,11403,11409,11409,6,0.05,11410,7,0.06,11409,11414,1400-8-30,2021-11-21
326,قچار,فراوردههاي غذايي وقند چهارمحال,508,2479343,25113325018,10298,10000,10210,-88,-0.85,10129,-169,-1.64,9840,10369,1400-8-30,2021-11-21
327,اپرداز,آتيه داده پرداز,508,1336665,35931300723,26749,26573,26830,81,0.3,26881,132,0.49,26573,27229,1400-8-30,2021-11-21
328,شكلر,نيروكلر,507,890332,27933912870,32010,30600,31860,-150,-0.47,31370,-640,-2,30600,32000,1400-8-30,2021-11-21
329,فپنتا,سپنتا,507,40587,17865074630,435590,430000,444390,8800,2.02,440170,4580,1.05,415140,444890,1400-8-30,2021-11-21
330,اعتلا,شركت سرمايه گذاري اعتلاء البرز,507,3683231,15297198085,4338,4125,4122,-216,-4.98,4153,-185,-4.26,4122,4392,1400-8-30,2021-11-21
331,اعتلاح,ح سرمايه گذاري اعتلاء البرز,507,4226108,9223004702,2274,2180,2161,-113,-4.97,2182,-92,-4.05,2161,2250,1400-8-30,2021-11-21
332,دتوزيع,توزيع دارو پخش,504,1059263,29698594985,28240,28700,28500,260,0.92,28037,-203,-0.72,27700,28700,1400-8-30,2021-11-21
333,افرا,افرانت,503,1524583,25087486297,17278,16415,16461,-817,-4.73,16455,-823,-4.76,16415,17000,1400-8-30,2021-11-21
334,وصنا,گروه‌صنايع‌بهشهرايران‌,500,3184953,19661454350,6270,6260,6260,-10,-0.16,6170,-100,-1.59,6050,6350,1400-8-30,2021-11-21
335,ياقوت,صندوق س ياقوت آگاه-ثابت,498,4818708,65618333192,13610,13617,13614,4,0.03,13617,7,0.05,13614,13624,1400-8-30,2021-11-21
336,كرماشا,صنايع پتروشيمي كرمانشاه,491,1437912,78715003710,55040,55200,54500,-540,-0.98,54740,-300,-0.55,54010,55300,1400-8-30,2021-11-21
337,قرن,پديده شيمي قرن,490,573523,13860263950,24480,24000,24400,-80,-0.33,24260,-220,-0.9,23600,24870,1400-8-30,2021-11-21
338,ثرود,سرمايه‌گذاري مسكن زاينده رود,490,2310197,17702365519,7785,7570,7662,-123,-1.58,7663,-122,-1.57,7570,7820,1400-8-30,2021-11-21
339,دزهراوي,داروسازي‌زهراوي‌,486,2226414,11100397030,4970,4980,5000,30,0.6,4980,10,0.2,4830,5120,1400-8-30,2021-11-21
340,بفجر,فجر انرژي خليج فارس,481,2023962,22232709120,11440,11360,10870,-570,-4.98,11320,-120,-1.05,10870,11360,1400-8-30,2021-11-21
341,وسبحان,سرمايه گذاري سبحان,480,9691915,28035737063,2801,2720,2941,140,5,2893,92,3.28,2720,2941,1400-8-30,2021-11-21
342,فولاي,صنايع فولاد آلياژي يزد,479,1334549,22743602082,16937,16550,17332,395,2.33,17042,105,0.62,16550,17350,1400-8-30,2021-11-21
343,ارفع,شركت آهن و فولاد ارفع,478,1558356,23930652196,15540,15220,15241,-299,-1.92,15480,-60,-0.39,15022,15600,1400-8-30,2021-11-21
344,سفاسي,شركت فارسيت اهواز,477,3475724,11925804602,3530,3450,3425,-105,-2.97,3431,-99,-2.8,3425,3525,1400-8-30,2021-11-21
345,افق,فروشگاههاي زنجيره اي افق كوروش,475,442612,19997009060,45740,45900,45060,-680,-1.49,45530,-210,-0.46,44930,45900,1400-8-30,2021-11-21
346,آسيا,بيمه آسيا,475,7247045,12149975638,1673,1640,1694,21,1.26,1676,3,0.18,1640,1698,1400-8-30,2021-11-21
347,كساوه,صنايع‌ كاشي‌ و سراميك‌ سينا,469,698329,29885102450,44200,42010,43400,-800,-1.81,42800,-1400,-3.17,42000,44440,1400-8-30,2021-11-21
348,ولملت,واسپاري ملت,468,8335281,35526590830,4050,4120,4190,140,3.46,4260,210,5.19,4070,4320,1400-8-30,2021-11-21
349,پرديس,سرمايه گذاري پرديس,467,4624140,15922476412,3435,3450,3451,16,0.47,3443,8,0.23,3323,3520,1400-8-30,2021-11-21
350,كنور,توسعه معدني و صنعتي صبانور,463,1607293,29090713270,18730,18570,18260,-470,-2.51,18530,-200,-1.07,17800,18570,1400-8-30,2021-11-21
351,ستران,سيمان‌ تهران‌,462,937638,18465218090,19560,19220,19820,260,1.33,19690,130,0.66,19220,20100,1400-8-30,2021-11-21
352,فافق,صنايع مس افق كرمان,460,4611322,18485931292,4010,4000,4034,24,0.6,4009,-1,-0.02,3921,4080,1400-8-30,2021-11-21
353,فرآور,فرآوري‌موادمعدني‌ايران‌,460,871500,24669682200,28570,28500,28500,-70,-0.25,28310,-260,-0.91,27530,29150,1400-8-30,2021-11-21
354,وتوكا,سرمايه‌گذاري‌توكافولاد(هلدينگ,458,5202541,45862431230,8740,8680,8890,150,1.72,8820,80,0.92,8470,9140,1400-8-30,2021-11-21
355,كگاز,شيشه‌ و گاز,457,1220700,21226314940,17950,17540,17310,-640,-3.57,17390,-560,-3.12,17160,17870,1400-8-30,2021-11-21
356,مداران,داده‌پردازي‌ايران‌,454,1313169,20116148790,14740,15290,15470,730,4.95,15320,580,3.93,14820,15470,1400-8-30,2021-11-21
357,وشهر,بانك شهر,452,4954693,23099153655,4723,4699,4627,-96,-2.03,4675,-48,-1.02,4601,4800,1400-8-30,2021-11-21
358,خكمك,كمك‌فنرايندامين‌,451,1344918,37483635540,26690,26630,28020,1330,4.98,27870,1180,4.42,26630,28020,1400-8-30,2021-11-21
359,دروز,داروسازي‌ روزدارو,445,1228144,36777917400,28680,29500,30110,1430,4.99,29950,1270,4.43,28000,30110,1400-8-30,2021-11-21
360,ريشمك,توليد و صادرات ريشمك,443,881180,26663370473,31664,32000,30302,-1362,-4.3,30259,-1405,-4.44,30081,32000,1400-8-30,2021-11-21
361,رنيك,جنرال مكانيك,440,1368580,16958745414,12080,12000,12580,500,4.14,12391,311,2.57,12000,12670,1400-8-30,2021-11-21
362,خچرخش,چرخشگر,438,1954374,17881998460,8920,9110,9220,300,3.36,9150,230,2.58,8920,9320,1400-8-30,2021-11-21
363,واحيا,م .صنايع و معادن احياء سپاهان,437,553803,79805962249,147526,143103,143201,-4325,-2.93,144105,-3421,-2.32,143101,147000,1400-8-30,2021-11-21
364,غگلستا,شير پاستوريزه پگاه گلستان,437,2051739,23113185099,11249,11010,11589,340,3.02,11265,16,0.14,11000,11592,1400-8-30,2021-11-21
365,مدير,ص.س.مديريت ثروت ص.بازنشستگي-س,435,1565120,15451556265,9798,9760,9997,199,2.03,9872,74,0.76,9700,9997,1400-8-30,2021-11-21
366,فردا,صندوق س آواي فرداي زاگرس-ثابت,432,19120651,226576887582,11843,11849,11850,7,0.06,11850,7,0.06,11849,11850,1400-8-30,2021-11-21
367,وپسا,س. پتروشيمي ساختمان  خليج فارس,432,8692208,14708925036,1742,1697,1690,-52,-2.99,1692,-50,-2.87,1690,1738,1400-8-30,2021-11-21
368,چافست,افست‌,431,3294431,30705554810,8900,8550,9340,440,4.94,9320,420,4.72,8550,9340,1400-8-30,2021-11-21
369,تبرك,گروه كارخانجات صنعتي تبرك,425,1486572,12827755682,8651,8500,8695,44,0.51,8631,-20,-0.23,8410,8845,1400-8-30,2021-11-21
370,فنورد,نوردوقطعات‌ فولادي‌,425,135393,26105149020,193980,194900,195790,1810,0.93,192810,-1170,-0.6,188750,198900,1400-8-30,2021-11-21
371,دلقما,دارويي‌ لقمان‌,424,700885,17344833920,25900,25900,24610,-1290,-4.98,24750,-1150,-4.44,24610,26000,1400-8-30,2021-11-21
372,شنفت,نفت‌ پارس‌,423,3057121,26263890440,8710,8350,8750,40,0.46,8660,-50,-0.57,8300,8880,1400-8-30,2021-11-21
373,بكهنوج,توليد برق ماهتاب كهنوج,422,11196247,13293989892,1185,1166,1186,1,0.08,1187,2,0.17,1166,1209,1400-8-30,2021-11-21
374,حگردش,ريل گردش ايرانيان,422,8827752,37904591391,4412,4310,4280,-132,-2.99,4294,-118,-2.67,4280,4311,1400-8-30,2021-11-21
375,كمنگنز,معادن‌منگنزايران‌,422,198989,13669951270,67880,66000,69930,2050,3.02,68610,730,1.08,66000,70000,1400-8-30,2021-11-21
376,كفرآور,فرآورده هاي سيمان شرق,421,1871118,34617915242,17981,18400,18520,539,3,18501,520,2.89,18011,18520,1400-8-30,2021-11-21
377,دبالكح,ح.مواد اوليه دارويي البرز بالك,420,1877412,11227233748,5942,5787,5940,-2,-0.03,5980,38,0.64,5787,6138,1400-8-30,2021-11-21
378,شپارس,بين‌ المللي‌ محصولات‌  پارس‌,419,4942149,38181120290,7690,7690,7680,-10,-0.13,7730,40,0.52,7430,7830,1400-8-30,2021-11-21
379,زبينا,كشاورزي و دامپروري بينالود,417,8204209,17898208830,2240,2238,2205,-35,-1.56,2182,-58,-2.59,2128,2238,1400-8-30,2021-11-21
380,زشريف,كشت وصنعت شريف آباد,417,3745115,12489448028,3306,3250,3379,73,2.21,3330,24,0.73,3235,3450,1400-8-30,2021-11-21
381,زدشت,كشت و صنعت دشت خرم دره,412,799320,11040909465,13944,13662,13730,-214,-1.53,13845,-99,-0.71,13523,14343,1400-8-30,2021-11-21
382,وساشرقي,شركت س استان آذربايجان شرقي,409,24621293,11699412514,479,464,473,-6,-1.25,478,-1,-0.21,459,495,1400-8-30,2021-11-21
383,ولصنم,ليزينگ‌صنعت‌ومعدن‌,402,2975694,13964294549,4725,4701,4751,26,0.55,4694,-31,-0.66,4521,4820,1400-8-30,2021-11-21
384,كساپا,سايپاشيشه‌,401,717703,16528700090,21940,23030,23030,1090,4.97,23030,1090,4.97,23030,23030,1400-8-30,2021-11-21
385,فسا,پتروشيمي فسا,401,9111704,10218651127,1151,1125,1127,-24,-2.09,1121,-30,-2.61,1117,1159,1400-8-30,2021-11-21
386,كلوند,كاشي‌ الوند,399,935514,21065416130,22570,22500,22740,170,0.75,22520,-50,-0.22,22200,23050,1400-8-30,2021-11-21
387,غگرجي,بيسكويت‌  گرجي‌,398,5712530,13274536240,2385,2310,2355,-30,-1.26,2329,-56,-2.35,2268,2383,1400-8-30,2021-11-21
388,بهپاك,صنعتي بهپاك,398,2742967,16153326474,6046,5771,5940,-106,-1.75,5889,-157,-2.6,5771,6090,1400-8-30,2021-11-21
389,وبيمه,سرمايه‌ گذاري‌ صنعت‌ بيمه‌,397,9476786,15074163508,1584,1600,1620,36,2.27,1591,7,0.44,1550,1625,1400-8-30,2021-11-21
390,سپاها,سيمان‌سپاهان‌,397,3254232,27200046470,8350,8380,8540,190,2.28,8360,10,0.12,8060,8590,1400-8-30,2021-11-21
391,سكه0012پ01,تمام سكه طرح جديد0012رفاه,396,170600,211957265600,1236518,1240100,1245999,9481,0.77,1242422,5904,0.48,1234501,1245999,1400-8-30,2021-11-21
392,كسرام,پارس‌ سرام‌,394,5315347,26163353653,4693,4899,4927,234,4.99,4922,229,4.88,4800,4927,1400-8-30,2021-11-21
393,خريخت,صنايع‌ريخته‌گري‌ايران‌,391,5262468,18486051424,3489,3530,3509,20,0.57,3513,24,0.69,3436,3630,1400-8-30,2021-11-21
394,كپشير,پشم‌شيشه‌ايران‌,391,1089361,13143681330,12010,11790,12100,90,0.75,12060,50,0.42,11790,12270,1400-8-30,2021-11-21
395,كهمدا,شيشه‌ همدان‌,390,2384260,21406411130,8940,8800,9060,120,1.34,8980,40,0.45,8800,9100,1400-8-30,2021-11-21
396,ثپرديس,سرمايه گذاري مسكن پرديس,385,2556862,12095617472,4692,4769,4750,58,1.24,4722,30,0.64,4551,4853,1400-8-30,2021-11-21
397,آبين,كشت و صنعت آبشيرين,384,9734596,19191731789,1917,1974,1938,21,1.1,1971,54,2.82,1918,1974,1400-8-30,2021-11-21
398,زفكا,كشت و دامداري فكا,379,2094837,16561616435,7802,7601,7860,58,0.74,7906,104,1.33,7600,8040,1400-8-30,2021-11-21
399,وسينا,بانك سينا,377,11670541,25522902702,2166,2110,2220,54,2.49,2187,21,0.97,2110,2249,1400-8-30,2021-11-21
400,ميدكو,توسعه معادن وص.معدني خاورميانه,376,5025701,232405715090,46250,46230,46250,0,0,46240,-10,-0.02,46230,46270,1400-8-30,2021-11-21
401,ولراز,ليزينگ رازي,375,448480,10001929526,22937,22249,22249,-688,-3,22302,-635,-2.77,22249,22899,1400-8-30,2021-11-21
402,ساينا,صنايع بهداشتي ساينا,375,159236,15380878625,101636,96555,96555,-5081,-5,96592,-5044,-4.96,96555,98760,1400-8-30,2021-11-21
403,البرز,بيمه البرز,373,7650495,16176151567,2112,2147,2113,1,0.05,2114,2,0.09,2060,2147,1400-8-30,2021-11-21
404,نوين,بيمه نوين,369,2888160,11534182501,4018,3902,4026,8,0.2,3999,-19,-0.47,3902,4074,1400-8-30,2021-11-21
405,تسه0005,امتيازتسهيلات مسكن مرداد 1400,369,9068,7552246503,822837,830000,840000,17163,2.09,832846,10009,1.22,806000,845000,1400-8-30,2021-11-21
406,قجام,فرآوردههاي غذايي وقندتربت‌جام‌,362,7111839,49550746401,6995,7129,6960,-35,-0.5,6967,-28,-0.4,6856,7129,1400-8-30,2021-11-21
407,نمرينو,ايران‌ مرينوس‌,361,255395,20713004880,78640,76530,82570,3930,5,81100,2460,3.13,74760,82570,1400-8-30,2021-11-21
408,سباقر,سيمان باقران,361,1525231,21637853419,14597,14200,14500,-97,-0.66,14187,-410,-2.81,14160,14800,1400-8-30,2021-11-21
409,پخش,پخش البرز,359,1059749,26760394312,26237,26000,26175,-62,-0.24,25252,-985,-3.75,24926,26488,1400-8-30,2021-11-21
410,حپارسا,توسعه حمل و نقل ريلي پارسيان,357,976814,34253989173,36886,35990,35042,-1844,-5,35067,-1819,-4.93,35042,35990,1400-8-30,2021-11-21
411,كشرق,صنعتي و معدني شمال شرق شاهرود,356,496669,39748354329,77038,78400,80889,3851,5,80030,2992,3.88,75124,80889,1400-8-30,2021-11-21
412,كيميا,معدني كيمياي زنجان گستران,355,913449,12294365069,13371,13790,13500,129,0.96,13445,74,0.55,13163,13790,1400-8-30,2021-11-21
413,وآوا,سرمايه گذاري آوا نوين,352,2964668,9241220837,3132,3080,3096,-36,-1.15,3122,-10,-0.32,3031,3176,1400-8-30,2021-11-21
414,غپاك,لبنيات‌ پاك‌,352,1146992,14424761720,12870,12630,12520,-350,-2.72,12580,-290,-2.25,12300,13120,1400-8-30,2021-11-21
415,سرچشمه,سرمايه گذاري مس سرچشمه,352,2144475,13063689640,6148,6080,6070,-78,-1.27,6099,-49,-0.8,5960,6232,1400-8-30,2021-11-21
416,وكادو,تكادو,351,1621230,25685394138,15691,15360,16161,470,3,15843,152,0.97,15250,16161,1400-8-30,2021-11-21
417,كارين2,صندوق س نگين سامان-ثابت,350,35000000,35000000,10155,1,1,-10154,-99.99,1,-10154,-99.99,1,1,1400-8-30,2021-11-21
418,لپيام,گسترش صنايع پيام,347,489060,18316633616,36382,37438,37473,1091,3,37453,1071,2.94,35910,37473,1400-8-30,2021-11-21
419,تكمبا,كمباين‌ سازي‌ ايران‌,347,2342990,10732296151,4653,4697,4588,-65,-1.4,4600,-53,-1.14,4490,4697,1400-8-30,2021-11-21
420,آكورد,صندوق س. آرمان آتي كوثر-د,345,6964429,245969358727,35300,35316,35317,17,0.05,35318,18,0.05,35316,35323,1400-8-30,2021-11-21
421,كطبس,ذغال‌سنگ‌ نگين‌ ط‌بس‌,340,373657,18188761070,48520,48500,50940,2420,4.99,48680,160,0.33,46850,50940,1400-8-30,2021-11-21
422,شيراز,پتروشيمي‌شيراز,339,496133,41767874700,85260,82150,84800,-460,-0.54,84800,-460,-0.54,82150,88000,1400-8-30,2021-11-21
423,سرود,سيمان‌شاهرود,338,852135,19598740410,23070,24050,22990,-80,-0.35,23000,-70,-0.3,22110,24050,1400-8-30,2021-11-21
424,كاردان,صندوق س تجارت شاخصي كاردان,338,98715,18990702960,191420,190000,195430,4010,2.09,192380,960,0.5,189500,195430,1400-8-30,2021-11-21
425,تسه0002,امتيازتسهيلاتمسكن ارديبهشت1400,336,15087,12599393727,821069,815222,831111,10042,1.22,835116,14047,1.71,815222,858745,1400-8-30,2021-11-21
426,ثشرق,سرمايه گذاري مسكن شمال شرق,336,3918160,17195568392,4344,4280,4499,155,3.57,4389,45,1.04,4150,4499,1400-8-30,2021-11-21
427,ختراك,ريخته‌گري‌ تراكتورسازي‌ ايران‌,335,1767627,11525801170,6490,6540,6590,100,1.54,6510,20,0.31,6290,6700,1400-8-30,2021-11-21
428,كقزوي,شيشه‌ قزوين‌,334,2362368,19798261300,8400,8600,8510,110,1.31,8381,-19,-0.23,8220,8600,1400-8-30,2021-11-21
429,سكرد,سيمان كردستان,333,1772909,8618910500,5140,5030,4890,-250,-4.86,4970,-170,-3.31,4780,5250,1400-8-30,2021-11-21
430,بزاگرس,نيروگاه زاگرس كوثر,333,2245892,8714398540,3883,4020,3844,-39,-1,3881,-2,-0.05,3780,4020,1400-8-30,2021-11-21
431,پاسا,ايران‌ياساتايرورابر,332,925007,13368991580,14250,14320,14450,200,1.4,14430,180,1.26,14300,14590,1400-8-30,2021-11-21
432,مبين,مبين انرژي خليج فارس,328,1643759,38593494050,23470,23500,23470,0,0,23470,0,0,23360,23670,1400-8-30,2021-11-21
433,فاما,صنعتي‌ آما,327,1143267,22850982380,20220,20000,20100,-120,-0.59,19990,-230,-1.14,19460,20500,1400-8-30,2021-11-21
434,والبر,سرمايه‌ گذاري‌ البرز(هلدينگ‌,327,1225582,10312598800,8700,8600,8430,-270,-3.1,8600,-100,-1.15,8330,8600,1400-8-30,2021-11-21
435,دجابر,داروسازي‌ جابرابن‌حيان‌,325,1059870,13623586260,13420,13410,12750,-670,-4.99,12900,-520,-3.87,12750,13410,1400-8-30,2021-11-21
436,تسه9908,امتياز تسهيلات مسكن آبان99,325,9021,7464845235,819989,821000,835000,15011,1.83,827496,7507,0.92,803333,840000,1400-8-30,2021-11-21
437,سصوفي,سيمان‌ صوفيان‌,319,960996,14507431880,15050,14710,15380,330,2.19,15100,50,0.33,14660,15600,1400-8-30,2021-11-21
438,خبازرس,بازرسي مهندسي و صنعتي ايران,317,473325,11495023103,23986,24260,24240,254,1.06,24286,300,1.25,23292,24695,1400-8-30,2021-11-21
439,بايكا,كارخانجات كابلسازي ‌ايران‌,317,640260,12326594868,19797,20000,19204,-593,-3,19252,-545,-2.75,19204,20000,1400-8-30,2021-11-21
440,خاهنح,ح . آهنگري تراكتورسازي‌ ايران‌,316,2863651,10399804925,3678,3630,3617,-61,-1.66,3632,-46,-1.25,3500,3719,1400-8-30,2021-11-21
441,كسعدي,كاشي‌ سعدي‌,316,915502,8039058490,8790,8580,8790,0,0,8790,0,0,8580,8950,1400-8-30,2021-11-21
442,تسه0003,امتيازتسهيلات مسكن خرداد1400,315,7309,6092501678,823309,812122,822000,-1309,-0.16,833562,10253,1.25,812122,848990,1400-8-30,2021-11-21
443,غفارس,شير پاستوريزه پگاه فارس,313,1558420,10490430363,6854,6701,6730,-124,-1.81,6766,-88,-1.28,6700,6899,1400-8-30,2021-11-21
444,قصفها,قنداصفهان‌,312,129443,11009065620,84810,84880,85020,210,0.25,84990,180,0.21,82820,86850,1400-8-30,2021-11-21
445,ضستا1004,اختيارخ شستا-12000-1400/10/29,310,11387,7760984000,565,699,720,155,27.43,682,117,20.71,480,749,1400-8-30,2021-11-21
446,بميلا,توسعه بازرگاني آهن وفولادميلاد,310,3181314,25371069925,8182,7937,8099,-83,-1.01,7975,-207,-2.53,7937,8145,1400-8-30,2021-11-21
447,اتكام,بيمه اتكايي امين,309,3044939,12096752374,3966,3900,4000,34,0.86,3971,5,0.13,3900,4050,1400-8-30,2021-11-21
448,تسه0004,امتيازتسهيلات مسكن تير1400,306,6756,5643845788,822418,810000,830000,7582,0.92,835383,12965,1.58,810000,849878,1400-8-30,2021-11-21
449,دكپسول,توليد ژلاتين كپسول ايران,305,308216,9566073007,31002,30031,30830,-172,-0.55,31024,22,0.07,30031,31680,1400-8-30,2021-11-21
450,فولاژ,فولاد آلياژي ايران,304,1286931,20830879990,16340,15930,16220,-120,-0.73,16300,-40,-0.24,15730,16400,1400-8-30,2021-11-21
451,كاذر,فرآورده‌هاي‌نسوزآذر,303,1273299,18650503160,14370,14880,14900,530,3.69,14650,280,1.95,14380,14940,1400-8-30,2021-11-21
452,جم پيلن,پلي پروپيلن جم - جم پيلن,301,144862,16758314100,114540,113510,115500,960,0.84,114750,210,0.18,113500,116800,1400-8-30,2021-11-21
453,كفرا,فراورده‌ هاي‌ نسوزايران‌,301,644954,11858607550,19220,19300,18600,-620,-3.23,18530,-690,-3.59,18260,19300,1400-8-30,2021-11-21
454,وحكمت,بيمه حكمت صبا,293,4804386,19599597021,4205,4079,4079,-126,-3,4080,-125,-2.97,4079,4158,1400-8-30,2021-11-21
455,غچين,كشت‌ و صنعت‌ چين‌ چين,292,739635,9776180140,13220,13200,13070,-150,-1.13,13220,0,0,12830,13620,1400-8-30,2021-11-21
456,پلاسك,پلاسكوكار,290,1872745,8818323730,4708,4669,4760,52,1.1,4708,0,0,4505,4860,1400-8-30,2021-11-21
457,درهآور,دارويي ره آورد تامين,290,461097,9466059067,20906,20100,20713,-193,-0.92,20666,-240,-1.15,20100,21126,1400-8-30,2021-11-21
458,غشان,شيرپاستوريزه‌پگاه‌خراسان‌,290,2322098,11055483257,4781,4700,4789,8,0.17,4766,-15,-0.31,4675,4898,1400-8-30,2021-11-21
459,خپويش,سازه‌ پويش‌,287,105696,8566135110,83760,84000,80000,-3760,-4.49,82120,-1640,-1.96,79610,84000,1400-8-30,2021-11-21
460,دامين,داروسازي‌ امين‌,286,2468187,6878355299,2850,2880,2851,1,0.04,2820,-30,-1.05,2725,2900,1400-8-30,2021-11-21
461,دفارا,داروسازي‌ فارابي‌,285,695902,10151147230,14820,15000,14290,-530,-3.58,14660,-160,-1.08,14250,15260,1400-8-30,2021-11-21
462,كپرور,فرآوري زغال سنگ پروده طبس,285,644404,19470701535,31481,30400,30330,-1151,-3.66,30215,-1266,-4.02,29907,31099,1400-8-30,2021-11-21
463,شپاكسا,پاكسان‌,284,1738390,31222821730,17960,17800,18180,220,1.22,17960,0,0,17530,18190,1400-8-30,2021-11-21
464,پكرمان,گروه‌ صنعتي‌ بارز,283,1202400,27755638980,23320,23320,22720,-600,-2.57,23080,-240,-1.03,22230,23960,1400-8-30,2021-11-21
465,وزمين,بانك ايران زمين,278,2027696,22626195412,11002,10571,11002,0,0,11159,157,1.43,10571,11440,1400-8-30,2021-11-21
466,فالوم,آلومتك‌,278,794165,21008769669,25697,26466,26467,770,3,26454,757,2.95,25800,26467,1400-8-30,2021-11-21
467,شراز,پالايش نفت شيراز,276,187123,21635537580,117321,113700,116003,-1318,-1.12,116548,-773,-0.66,113700,117000,1400-8-30,2021-11-21
468,شفارا,پتروشيمي فارابي,275,3155541,27758335811,9063,8960,8792,-271,-2.99,8797,-266,-2.94,8792,8990,1400-8-30,2021-11-21
469,دلر,داروسازي‌ اكسير,273,436110,18725602410,43050,42430,43070,20,0.05,42940,-110,-0.26,42430,44500,1400-8-30,2021-11-21
470,ثمسكن,سرمايه‌گذاري‌ مسكن‌,272,3937035,15686669933,4028,3920,4010,-18,-0.45,3984,-44,-1.09,3920,4070,1400-8-30,2021-11-21
471,فوكا,فولاد كاويان,270,5337993,87068003823,15535,16311,16311,776,5,16311,776,5,16311,16311,1400-8-30,2021-11-21
472,فاهواز,نورد و لوله اهواز,267,3168063,18451594469,5927,5910,5810,-117,-1.97,5824,-103,-1.74,5809,6040,1400-8-30,2021-11-21
473,شليا,شركت مواد ويژه ليا,261,24942,1143590700,10319,45850,45850,35531,344.33,45850,35531,344.33,45850,45850,1400-8-30,2021-11-21
474,كامياب,صندوق س. كامياب آشنا-د,260,3689345,40267306188,10908,10913,10914,6,0.06,10914,6,0.06,10913,10918,1400-8-30,2021-11-21
475,ددام,داروسازي زاگرس فارمد پارس,259,763231,7695080160,10380,10110,10230,-150,-1.45,10220,-160,-1.54,10000,10340,1400-8-30,2021-11-21
476,غگلپا,شير پاستوريزه پگاه گلپايگان,258,227777,11109786222,49747,49870,48500,-1247,-2.51,49007,-740,-1.49,48130,50600,1400-8-30,2021-11-21
477,تسه0001,امتيازتسهيلات مسكن فروردين1400,256,7728,6453306336,821205,817050,830003,8798,1.07,835055,13850,1.69,816600,844990,1400-8-30,2021-11-21
478,سخزر,سيمان‌ خزر,256,495856,9564751120,18910,18330,19550,640,3.38,19150,240,1.27,18020,19660,1400-8-30,2021-11-21
479,كاريس,صندوق س.سپهر كاريزما-س,251,1117061,14725779517,13152,13151,13260,108,0.82,13183,31,0.24,13017,13300,1400-8-30,2021-11-21
480,داوه,داروسازي آوه سينا,251,836433,9388758149,11440,11110,10900,-540,-4.72,11303,-137,-1.2,10900,11699,1400-8-30,2021-11-21
481,ساربيل,سيمان آرتا اردبيل,251,259368,6756914840,27050,26360,26300,-750,-2.77,26560,-490,-1.81,25700,26360,1400-8-30,2021-11-21
482,كحافظ,كاشي‌ وسراميك‌ حافظ‌,248,2167521,7990253139,3706,3600,3690,-16,-0.43,3696,-10,-0.27,3600,3759,1400-8-30,2021-11-21
483,تيپيكو,سرمايه گذاري دارويي تامين,247,805555,17579864570,22240,21410,21890,-350,-1.57,22160,-80,-0.36,21300,22200,1400-8-30,2021-11-21
484,وخاور,بانك خاورميانه,247,3276085,17007803740,5250,5100,5210,-40,-0.76,5230,-20,-0.38,5070,5260,1400-8-30,2021-11-21
485,لخزر,پارس‌ خزر,246,52720,7377724960,137540,140520,139700,2160,1.57,138690,1150,0.84,136700,141000,1400-8-30,2021-11-21
486,خودكفا,اقتصادي و خودكفايي آزادگان,246,2341696,23868907328,10508,10193,10193,-315,-3,10262,-246,-2.34,10193,10193,1400-8-30,2021-11-21
487,سدشت,صنايع سيمان دشتستان,245,174374,5384641050,32430,31150,30810,-1620,-5,31860,-570,-1.76,30810,31600,1400-8-30,2021-11-21
488,واتي,سرمايه‌ گذاري‌ آتيه‌ دماوند,243,1519490,15334928120,10340,9980,10090,-250,-2.42,10130,-210,-2.03,9940,10400,1400-8-30,2021-11-21
489,فخاس,فولاد خراسان,242,282868,6587169490,24250,23110,23500,-750,-3.09,24180,-70,-0.29,23090,23710,1400-8-30,2021-11-21
490,شوينده,مديريت صنعت شوينده ت.ص.بهشهر,242,566862,11615554030,20920,20320,20750,-170,-0.81,20580,-340,-1.63,20130,21000,1400-8-30,2021-11-21
491,لوتوس,تامين سرمايه لوتوس پارسيان,242,2658754,15117140620,5720,5500,5720,0,0,5700,-20,-0.35,5500,5910,1400-8-30,2021-11-21
492,سفار,سيمان‌فارس‌,241,110866,6206292320,57810,57700,56300,-1510,-2.61,56990,-820,-1.42,55020,57700,1400-8-30,2021-11-21
493,حسينا,توسعه خدمات دريايي وبندري سينا,238,123337,5457033654,44298,45960,44950,652,1.47,44279,-19,-0.04,43102,45960,1400-8-30,2021-11-21
494,سكارون,سيمان كارون,238,188287,10853445351,59298,57850,57520,-1778,-3,57643,-1655,-2.79,57520,58996,1400-8-30,2021-11-21
495,غشهد,شهد ايران ‌,238,1379953,6147340304,4512,4500,4400,-112,-2.48,4488,-24,-0.53,4310,4598,1400-8-30,2021-11-21
496,دسبحان,سبحان دارو,236,516873,7875249930,15720,15100,15080,-640,-4.07,15460,-260,-1.65,14940,15730,1400-8-30,2021-11-21
497,سكرما,سيمان‌ كرمان‌,235,868253,12729727990,14260,14460,14900,640,4.49,14580,320,2.24,14330,14940,1400-8-30,2021-11-21
498,سخوز,سيمان خوزستان,235,1192829,28435207770,23850,23190,23200,-650,-2.73,23840,-10,-0.04,23000,24170,1400-8-30,2021-11-21
499,لوتوسح,ح . تامين سرمايه لوتوس پارسيان,235,3666737,15685632886,4286,4290,4311,25,0.58,4278,-8,-0.19,4210,4330,1400-8-30,2021-11-21
500,شگل,گلتاش‌,235,1384704,9441577960,7050,7000,6890,-160,-2.27,6900,-150,-2.13,6750,7110,1400-8-30,2021-11-21
501,اميد,تامين سرمايه اميد,234,3514489,25562355160,7270,7270,7300,30,0.41,7270,0,0,7270,7310,1400-8-30,2021-11-21
502,داسوه,داروسازي‌ اسوه‌,234,253884,6083186920,24010,24530,24420,410,1.71,23990,-20,-0.08,23060,24600,1400-8-30,2021-11-21
503,سقاين,سيمان‌ قائن‌,234,215924,10682171070,50280,51690,49400,-880,-1.75,49700,-580,-1.15,49110,51720,1400-8-30,2021-11-21
504,جم,پتروشيمي جم,232,232059,11193953560,48390,47500,48500,110,0.23,48370,-20,-0.04,47500,48980,1400-8-30,2021-11-21
505,تماوند,تامين سرمايه دماوند,230,1383296,7890485300,5588,5533,5700,112,2,5645,57,1.02,5533,5750,1400-8-30,2021-11-21
506,وتوسم,سرمايه‌گذاري‌توسعه‌ملي‌,229,1795934,14610787470,8310,8190,8140,-170,-2.05,8140,-170,-2.05,8050,8360,1400-8-30,2021-11-21
507,دشيمي,شيمي‌ داروئي‌ داروپخش‌,228,409508,10101063710,24680,24310,24370,-310,-1.26,24670,-10,-0.04,24290,25380,1400-8-30,2021-11-21
508,كگهر,سنگ آهن گهرزمين,228,1348911,62717322363,48023,46210,46990,-1033,-2.15,47191,-832,-1.73,45630,47856,1400-8-30,2021-11-21
509,سپ,پرداخت الكترونيك سامان كيش,228,488894,14967989720,30520,29310,31240,720,2.36,30540,20,0.07,29310,31700,1400-8-30,2021-11-21
510,ولبهمن,شركت بهمن ليزينگ,227,1621550,11063193890,6936,6929,6880,-56,-0.81,6851,-85,-1.23,6736,6929,1400-8-30,2021-11-21
511,كارين,صندوق س نگين سامان-ثابت,227,6839459,69492825790,10155,10162,10160,5,0.05,10161,6,0.06,10160,10162,1400-8-30,2021-11-21
512,مرقام,ايران‌ارقام‌,226,1302557,16144932600,12030,12060,12500,470,3.91,12390,360,2.99,11880,12620,1400-8-30,2021-11-21
513,شپاس,نفت پاسارگاد,221,409438,6984923084,17707,17250,17180,-527,-2.98,17431,-276,-1.56,16850,17599,1400-8-30,2021-11-21
514,تسه9912,امتياز تسهيلات مسكن اسفند99,221,5405,4487082076,820127,830000,820100,-27,0,830172,10045,1.22,818001,850000,1400-8-30,2021-11-21
515,غشاذر,پگاه‌آذربايجان‌غربي‌,220,1224210,6832287380,5700,5740,5600,-100,-1.75,5640,-60,-1.05,5500,5780,1400-8-30,2021-11-21
516,وارس,سرمايه گذاري ارس صبا,218,1383437,15904305726,11184,11116,11519,335,3,11496,312,2.79,10950,11519,1400-8-30,2021-11-21
517,دكوثر,داروسازي‌ كوثر,218,1838628,5823789970,3222,3128,3156,-66,-2.05,3200,-22,-0.68,3100,3240,1400-8-30,2021-11-21
518,شرانل,نفت ايرانول,216,150679,7076764666,47716,46162,47288,-428,-0.9,47575,-141,-0.3,46162,47575,1400-8-30,2021-11-21
519,ثغرب,شركت سرمايه گذاري مسكن شمالغرب,216,2038668,8794637862,4362,4399,4380,18,0.41,4333,-29,-0.66,4181,4478,1400-8-30,2021-11-21
520,واعتبار,سرمايه گذاري اعتبار ايران,216,1107055,7647537140,6810,7090,6890,80,1.17,6860,50,0.73,6600,7090,1400-8-30,2021-11-21
521,واميد,گروه مديريت سرمايه گذاري اميد,214,1326572,17303382760,13050,13000,13080,30,0.23,13050,0,0,12730,13100,1400-8-30,2021-11-21
522,ركيش,كارت اعتباري ايران كيش,211,916021,5364767920,5920,5670,5840,-80,-1.35,5900,-20,-0.34,5630,6040,1400-8-30,2021-11-21
523,آساميد,صندوق س.مشترك آسمان اميد -د,208,4734293,63725221591,13450,13461,13461,11,0.08,13460,10,0.07,13455,13462,1400-8-30,2021-11-21
524,بسويچ,پارس‌سويچ‌,208,309163,5297144370,17200,17410,17500,300,1.74,17180,-20,-0.12,16700,17500,1400-8-30,2021-11-21
525,دعبيد,لابراتوارداروسازي‌  دكترعبيدي‌,207,243224,4938938390,20780,20780,20450,-330,-1.59,20720,-60,-0.29,20010,20780,1400-8-30,2021-11-21
526,سشمال,سيمان‌ شمال‌,207,1201306,9613247760,8240,8110,8000,-240,-2.91,8080,-160,-1.94,7850,8240,1400-8-30,2021-11-21
527,تسه9910,امتياز تسهيلات مسكن دي99,206,4031,3349259347,820428,834000,820601,173,0.02,830876,10448,1.27,810005,838875,1400-8-30,2021-11-21
528,تسه9911,امتياز تسهيلات مسكن بهمن99,204,5237,4338124975,820620,821500,830001,9381,1.14,828361,7741,0.94,792222,848888,1400-8-30,2021-11-21
529,وبوعلي,سرمايه‌گذاري‌بوعلي‌,204,1382766,5290426847,3813,3740,3840,27,0.71,3818,5,0.13,3740,3898,1400-8-30,2021-11-21
530,دتماد,توليدمواداوليه‌داروپخش‌,204,160809,7284201530,45000,46840,45450,450,1,45140,140,0.31,44500,46840,1400-8-30,2021-11-21
531,فن آوا,گروه فن آوا,203,558456,13227452882,23075,22383,23767,692,3,23686,611,2.65,22383,23767,1400-8-30,2021-11-21
532,زشگزا,شير و گوشت زاگرس شهركرد,202,1230480,6092451046,5038,4977,5010,-28,-0.56,5002,-36,-0.71,4821,5089,1400-8-30,2021-11-21
533,گوهر,صندوق سكه طلاي كيان,202,142835,8873863000,62487,61984,62300,-187,-0.3,62127,-360,-0.58,61896,62300,1400-8-30,2021-11-21
534,حخزر,كشتيراني درياي خزر,200,437018,6858585402,16417,15650,15650,-767,-4.67,16070,-347,-2.11,15597,16345,1400-8-30,2021-11-21
535,وتعاون,بيمه  تعاون,199,3426044,5964269720,1734,1786,1739,5,0.29,1738,4,0.23,1690,1786,1400-8-30,2021-11-21
536,تسه9810,امتياز تسهيلات مسكن دي98,198,5639,4665768251,815808,827777,820000,4192,0.51,827411,11603,1.42,800160,840000,1400-8-30,2021-11-21
537,غپآذر,شير پگاه آذربايجان شرقي,198,231424,7356773206,32800,32001,31672,-1128,-3.44,32280,-520,-1.59,31200,32409,1400-8-30,2021-11-21
538,دحاوي,الحاوي,197,816921,3809035639,4763,4863,4734,-29,-0.61,4724,-39,-0.82,4621,4863,1400-8-30,2021-11-21
539,تكنو,تكنوتار,197,718798,6710291890,9720,9430,9250,-470,-4.84,9540,-180,-1.85,9240,9570,1400-8-30,2021-11-21
540,بنيرو,نيروترانس‌,195,2258899,4447999007,1996,1958,1968,-28,-1.4,1988,-8,-0.4,1931,2020,1400-8-30,2021-11-21
541,لابسا,آبسال‌,193,331777,10480774570,31300,31250,31750,450,1.44,31500,200,0.64,31250,32000,1400-8-30,2021-11-21
542,سمازن,سيمان‌مازندران‌,192,545892,7366715860,13380,13260,13740,360,2.69,13440,60,0.45,13260,13740,1400-8-30,2021-11-21
543,وسنا,سرمايه گذاري نيروگاهي ايران,190,547363,6368328499,11980,11624,11621,-359,-3,11843,-137,-1.14,11621,12007,1400-8-30,2021-11-21
544,فبيرا,بسته‌ بندي‌ ايران‌,190,3702420,6480251554,1706,1700,1757,51,2.99,1734,28,1.64,1700,1757,1400-8-30,2021-11-21
545,اوان,مبين وان كيش,189,499403,11724892711,23783,23250,23600,-183,-0.77,23538,-245,-1.03,22682,24000,1400-8-30,2021-11-21
546,تسه9909,امتياز تسهيلات مسكن آذر99,189,3809,3157816212,819667,820000,840000,20333,2.48,829041,9374,1.14,812300,840000,1400-8-30,2021-11-21
547,تصميم,صندوق س با درآمد ثابت تصميم,188,1819191,32783155248,18011,18024,18026,15,0.08,18021,10,0.06,17948,18026,1400-8-30,2021-11-21
548,ضجار1020,اختيارخ وتجارت-1600-1400/10/15,188,9645,3762334000,372,375,420,48,12.9,390,18,4.84,370,439,1400-8-30,2021-11-21
549,سيستم,همكاران سيستم,185,1112720,5470297640,5000,5000,4870,-130,-2.6,4980,-20,-0.4,4800,5020,1400-8-30,2021-11-21
550,حسير,ريل سير كوثر,185,323699,9664357344,31427,29856,29856,-1571,-5,30306,-1121,-3.57,29856,29856,1400-8-30,2021-11-21
551,شرنگي,شيميايي رنگين,183,47163,6996606323,152860,148275,148275,-4585,-3,149555,-3305,-2.16,148275,150000,1400-8-30,2021-11-21
552,زعف0110پ10,زعفران0110نگين طلاي سرخ(پ),182,374523,126058440109,325587,341399,342725,17138,5.26,336584,10997,3.38,335000,342725,1400-8-30,2021-11-21
553,وايرا,سرمايه گذاري صنايع ايران,180,1053502,4947243360,4838,4721,4693,-145,-3,4765,-73,-1.51,4693,4780,1400-8-30,2021-11-21
554,قهكمت,قندهكمتان‌,179,1620900,7941145210,5060,5100,4880,-180,-3.56,4970,-90,-1.78,4810,5140,1400-8-30,2021-11-21
555,وآرين,شركت توسعه اقتصادي آرين,179,2050854,4192902057,2063,2022,2060,-3,-0.15,2055,-8,-0.39,2006,2079,1400-8-30,2021-11-21
556,ثتوسا,س.توسعه و عمران استان اردبيل,179,706546,11275497458,16446,16010,15953,-493,-3,15959,-487,-2.96,15953,16050,1400-8-30,2021-11-21
557,شكبير,پتروشيمي اميركبير,179,100976,9680334711,97740,96758,96999,-741,-0.76,97555,-185,-0.19,94808,96999,1400-8-30,2021-11-21
558,زر,صندوق س.پشتوانه سكه طلاي زر,178,91583,4983968916,54045,55000,54872,827,1.53,54420,375,0.69,54150,55000,1400-8-30,2021-11-21
559,قشهد,شهد,173,380249,5709943280,15670,15060,15020,-650,-4.15,15410,-260,-1.66,14910,15090,1400-8-30,2021-11-21
560,دابور,داروسازي‌ ابوريحان‌,171,279264,7088099400,24580,24800,25360,780,3.17,24950,370,1.51,24790,25790,1400-8-30,2021-11-21
561,غنوش,نوش‌ مازندران‌,169,950007,12236090160,12270,12880,12880,610,4.97,12730,460,3.75,12880,12880,1400-8-30,2021-11-21
562,پرداخت,به پرداخت ملت,168,386759,5201601460,13580,13420,13450,-130,-0.96,13540,-40,-0.29,13310,13790,1400-8-30,2021-11-21
563,دارو,كارخانجات‌داروپخش‌,168,262653,7501802780,28360,28830,29000,640,2.26,28450,90,0.32,28010,29060,1400-8-30,2021-11-21
564,ما,بيمه  ما,166,1279424,7690212490,6010,6120,6100,90,1.5,6010,0,0,5910,6130,1400-8-30,2021-11-21
565,غپونه,نوش پونه مشهد,165,337138,4332822024,12960,12573,12889,-71,-0.55,12912,-48,-0.37,12572,13348,1400-8-30,2021-11-21
566,زمگسا,كشاورزي‌ ودامپروي‌ مگسال‌,165,217646,4056115450,18480,17860,18800,320,1.73,18520,40,0.22,17860,19000,1400-8-30,2021-11-21
567,هجرت,پخش هجرت,161,301316,8729449428,28957,27861,29338,381,1.32,28965,8,0.03,27861,29899,1400-8-30,2021-11-21
568,سيدكو,سرمايه گذاري توسعه صنايع سيمان,161,3144548,19250759200,6070,5970,6100,30,0.49,6120,50,0.82,5950,6220,1400-8-30,2021-11-21
569,وبازار,صندوق س شاخصي بازارآشنا,158,1236315,15492457940,12440,12440,12650,210,1.69,12530,90,0.72,12330,12650,1400-8-30,2021-11-21
570,ساراب,سيمان‌ داراب‌,158,368490,5483717150,15350,14850,14800,-550,-3.58,15160,-190,-1.24,14640,15840,1400-8-30,2021-11-21
571,رتكو,كنترل‌خوردگي‌تكين‌كو,158,412546,3244644110,8070,7800,7920,-150,-1.86,8020,-50,-0.62,7760,8050,1400-8-30,2021-11-21
572,كاسپين,داروسازي كاسپين تامين,157,415972,10550186531,25629,24801,25629,0,0,25439,-190,-0.74,24801,26500,1400-8-30,2021-11-21
573,ساروج,بين المللي ساروج بوشهر,156,634175,10739141547,16503,16337,16998,495,3,16934,431,2.61,16337,16998,1400-8-30,2021-11-21
574,ولانا,شركت ليزينگ آريا دانا,155,372948,5564360082,15370,14927,14909,-461,-3,15034,-336,-2.19,14909,15350,1400-8-30,2021-11-21
575,ثامان,سامان‌ گستراصفهان‌,153,445195,4388168120,9950,9890,9900,-50,-0.5,9920,-30,-0.3,9630,10120,1400-8-30,2021-11-21
576,ثاصفا,شركت‌ ساختمان‌ اصفهان‌,151,755929,8361731837,11637,11056,11056,-581,-4.99,11093,-544,-4.67,11056,11400,1400-8-30,2021-11-21
577,وتوشه,سرمايه‌ گذاري‌ پارس‌ توشه‌,148,1537299,9065422850,6000,5870,5930,-70,-1.17,5940,-60,-1,5760,6140,1400-8-30,2021-11-21
578,تسه9907,امتياز تسهيلات مسكن مهر99,145,2285,1920277716,823217,811666,830000,6783,0.82,840384,17167,2.09,811666,864377,1400-8-30,2021-11-21
579,غشوكوح,ح . شوكو پارس,144,440865,2157108972,4949,4806,4899,-50,-1.01,4893,-56,-1.13,4806,5079,1400-8-30,2021-11-21
580,كخاك,صنايع‌خاك‌چيني‌ايران‌,144,219030,6119403170,28650,27600,28260,-390,-1.36,28390,-260,-0.91,27520,28700,1400-8-30,2021-11-21
581,تسه9902,امتياز تسهيلات مسكن ارديبهشت99,144,2731,2279211030,818226,826000,830001,11775,1.44,834570,16344,2,825001,859137,1400-8-30,2021-11-21
582,تكنار,مجتمع معادن مس تكنار,144,209816,11833832216,54759,56401,56401,1642,3,56401,1642,3,56401,56401,1400-8-30,2021-11-21
583,لبوتان,گروه‌صنعتي‌بوتان‌,142,122688,5179205060,43060,41090,42450,-610,-1.42,42760,-300,-0.7,41090,43500,1400-8-30,2021-11-21
584,زعف0110پ20,زعفران0110نگين وحدت جام(پ),141,24640,8426000173,328145,342722,342725,14580,4.44,341964,13819,4.21,340505,342725,1400-8-30,2021-11-21
585,نيرو,نيرو سرمايه,140,104810,3951386911,37954,37028,37333,-621,-1.64,37856,-98,-0.26,37028,38580,1400-8-30,2021-11-21
586,درازك,دارويي‌ رازك‌,140,133240,4638263900,35300,34020,34900,-400,-1.13,35150,-150,-0.42,34020,35300,1400-8-30,2021-11-21
587,شصفها,پتروشيمي‌ اصفهان‌,140,172968,20687712099,122006,122795,120100,-1906,-1.56,119604,-2402,-1.97,119566,122795,1400-8-30,2021-11-21
588,تسه9904,امتياز تسهيلات مسكن تير99,139,2433,2030648746,818841,810000,826022,7181,0.88,834627,15786,1.93,810000,859780,1400-8-30,2021-11-21
589,ضصاد1114,اختيارخ وبصادر-2500-1400/11/06,138,4973,381188000,75,50,77,2,2.67,77,2,2.67,50,100,1400-8-30,2021-11-21
590,عيار,صندوق سكه طلاي مفيد,135,395154,12467172860,31323,31378,31600,277,0.88,31550,227,0.72,31323,31600,1400-8-30,2021-11-21
591,ويسا,سرمايه گذاري ايساتيس پويا,132,2932527,21254288050,7054,7054,7265,211,2.99,7248,194,2.75,7054,7265,1400-8-30,2021-11-21
592,فافزا,فولاد افزا سپاهان,129,100666,4100958553,40152,40501,41170,1018,2.54,40387,235,0.59,40501,41351,1400-8-30,2021-11-21
593,دارا,صندوق س. دارا الگوريتم-د,127,4689409,47172502764,10049,10054,10070,21,0.21,10059,10,0.1,10050,10075,1400-8-30,2021-11-21
594,سهرمز,سيمان‌هرمزگان‌,127,137036,1995221750,14820,14370,14790,-30,-0.2,14780,-40,-0.27,14290,14820,1400-8-30,2021-11-21
595,پلوله,گازلوله‌,126,203639,6013614452,28951,28700,29729,778,2.69,29297,346,1.2,28700,29800,1400-8-30,2021-11-21
596,هكشو208,اختيارف ت پاكشو10000-02/08/29,124,8216479,4002184273,314,740,487,173,55.1,487,173,55.1,487,740,1400-8-30,2021-11-21
597,گوهران,سرمايه گذاري توسعه گوهران اميد,123,1063061,5379361842,5098,5100,5020,-78,-1.53,5084,-14,-0.27,4999,5115,1400-8-30,2021-11-21
598,زعف0008پ10,زعفران0008نگين طلاي سرخ(پ),122,91452,24937554354,260799,273400,273940,13141,5.04,272685,11886,4.56,265611,273940,1400-8-30,2021-11-21
599,وآفري,بيمه كارآفرين,122,5655422,20099369788,3385,3554,3554,169,4.99,3554,169,4.99,3554,3554,1400-8-30,2021-11-21
600,كارا,صندوق س. كارا -د,121,4519991,46279689895,10235,10239,10242,7,0.07,10239,4,0.04,10238,10242,1400-8-30,2021-11-21
601,فلات,گروه صنايع معادن فلات ايرانيان,120,441750,5457093464,12413,12360,12370,-43,-0.35,12379,-34,-0.27,12100,12740,1400-8-30,2021-11-21
602,سفانو,سيمان فارس نو,120,152305,3985238490,26750,25570,26550,-200,-0.75,26590,-160,-0.6,25560,27000,1400-8-30,2021-11-21
603,دپارس,پارس‌ دارو,119,123568,3902621570,32520,31010,31500,-1020,-3.14,32260,-260,-0.8,30960,32400,1400-8-30,2021-11-21
604,وجامي,سرمايه گذاري جامي,116,780441,6039832899,7978,7739,7739,-239,-3,7828,-150,-1.88,7739,7739,1400-8-30,2021-11-21
605,داريوش,صندوق س. ثروت داريوش -س,114,562867,5492307071,9797,9720,9780,-17,-0.17,9758,-39,-0.4,9690,9819,1400-8-30,2021-11-21
606,كي بي سي,شركت كي بي سي,114,218214,4202933267,19166,19300,19228,62,0.32,19192,26,0.14,18600,19499,1400-8-30,2021-11-21
607,پسهند,صنايع‌ لاستيكي‌  سهند,113,134853,3180092160,23580,24400,23810,230,0.98,23580,0,0,22840,24400,1400-8-30,2021-11-21
608,دكيمي,كيميدارو,113,115794,2238684450,19950,19050,19490,-460,-2.31,19850,-100,-0.5,19050,19850,1400-8-30,2021-11-21
609,قزوين,كارخانجات‌ قند قزوين‌,111,182345,5226297540,29230,28710,28970,-260,-0.89,29030,-200,-0.68,28200,29350,1400-8-30,2021-11-21
610,فكمند,گسترش قطعه سازي كمند,111,576497,21533391632,35575,37350,37353,1778,5,37352,1777,5,37340,37353,1400-8-30,2021-11-21
611,شاملا,معدني‌ املاح‌  ايران‌,110,140439,4141235000,30220,29700,30070,-150,-0.5,30010,-210,-0.69,28980,30100,1400-8-30,2021-11-21
612,اخزا002,اسنادخزانه-م2بودجه00-031024,108,99654,49823199455,499859,503495,499980,121,0.02,499962,103,0.02,498001,503495,1400-8-30,2021-11-21
613,زرين,صندوق س. سهام زرين كوروش-س,108,356191,4649203468,12995,13000,13141,146,1.12,13053,58,0.45,12850,13499,1400-8-30,2021-11-21
614,تشتاد,صنايع توليدي اشتاد ايران‌,106,434159,2221292927,5239,5135,5218,-21,-0.4,5211,-28,-0.53,5082,5239,1400-8-30,2021-11-21
615,بخاور,بيمه زندگي خاورميانه,106,1225162,4934551528,4001,3978,4078,77,1.92,4010,9,0.22,3922,4080,1400-8-30,2021-11-21
616,وامين,س. امين توان آفرين ساز,104,190831,2361627069,12738,12483,12356,-382,-3,12721,-17,-0.13,12356,12483,1400-8-30,2021-11-21
617,بساما,بيمه سامان,104,234980,5123671942,21763,21000,22000,237,1.09,21775,12,0.06,21000,22246,1400-8-30,2021-11-21
618,طفلا1165,اختيارف فولاد-14000-1400/11/24,102,10005,14517365000,1,1451,1452,1451,145100,1451,1450,145000,1451,1452,1400-8-30,2021-11-21
619,فيروزه,صندوق شاخص30 شركت فيروزه- سهام,102,23991,4145992810,172450,172460,174400,1950,1.13,172810,360,0.21,170200,174410,1400-8-30,2021-11-21
620,تابا,تابان نيرو سپاهان,102,263101,7149769675,28015,27175,27175,-840,-3,27302,-713,-2.55,27175,27175,1400-8-30,2021-11-21
621,مارون,پتروشيمي مارون,101,16337,2924232624,181566,175060,179498,-2068,-1.14,181490,-76,-0.04,175060,179989,1400-8-30,2021-11-21
622,آساس,صندوق س.آسمان آرماني سهام-س,100,53295,9016636582,170009,170550,170899,890,0.52,169184,-825,-0.49,168100,171359,1400-8-30,2021-11-21
623,سبجنو,سيمان‌ بجنورد,96,162968,5943551500,36710,37630,36900,190,0.52,36610,-100,-0.27,36010,37630,1400-8-30,2021-11-21
624,دالبر,البرزدارو,96,395235,4832824830,12500,12500,12210,-290,-2.32,12410,-90,-0.72,11900,12500,1400-8-30,2021-11-21
625,ضملت1133,اختيارخ وبملت-3000-1400/11/13,94,3765,1665024000,434,548,460,26,5.99,442,8,1.84,410,548,1400-8-30,2021-11-21
626,كهربا,صندوق س.پشتوانه سكه طلا كهربا,93,1929115,20641569488,10700,10719,10777,77,0.72,10700,0,0,10663,10777,1400-8-30,2021-11-21
627,تسه9906,امتياز تسهيلات مسكن شهريور99,92,1498,1246698439,818427,810000,826500,8073,0.99,832242,13815,1.69,810000,855000,1400-8-30,2021-11-21
628,دسبحا,گروه دارويي سبحان,91,102855,1867663820,18670,19080,18250,-420,-2.25,18630,-40,-0.21,17890,19080,1400-8-30,2021-11-21
629,ولتجار,واسپاري تجارت وسرمايه ايرانيان,90,1016414,3059546710,3103,3011,3010,-93,-3,3074,-29,-0.93,3010,3030,1400-8-30,2021-11-21
630,فردا2,صندوق س آواي فرداي زاگرس-ثابت,90,9000000,9000000,11843,1,1,-11842,-99.99,1,-11842,-99.99,1,1,1400-8-30,2021-11-21
631,خاتم,صندوق س خاتم ايساتيس پويا-ثابت,89,674112,8318098385,12333,12339,12339,6,0.05,12339,6,0.05,12339,12340,1400-8-30,2021-11-21
632,زعف0110پ11,زعفران0110نگين سحرخيز(پ),89,31072,10635242187,328403,342699,342725,14322,4.36,342277,13874,4.22,339000,342725,1400-8-30,2021-11-21
633,قنقش,قند نقش جهان,87,119702,13900634154,113850,116127,116127,2277,2,116127,2277,2,116127,116127,1400-8-30,2021-11-21
634,قمرو,قند مرودشت‌,87,118670,2856039430,24510,24400,24150,-360,-1.47,24420,-90,-0.37,23700,24690,1400-8-30,2021-11-21
635,گوهرانح,ح . س. توسعه گوهران اميد,87,4934435,17983502800,3831,3680,3640,-191,-4.99,3644,-187,-4.88,3640,3680,1400-8-30,2021-11-21
636,بمپنا,توليد برق عسلويه  مپنا,86,449910,2332091902,5295,5110,5229,-66,-1.25,5279,-16,-0.3,5102,5347,1400-8-30,2021-11-21
637,تسه9903,امتياز تسهيلات مسكن خرداد99,86,1369,1146853685,821173,820000,862199,41026,5,837731,16558,2.02,802000,862199,1400-8-30,2021-11-21
638,ضصاد1113,اختيارخ وبصادر-2000-1400/11/06,86,4185,793700000,171,190,185,14,8.19,190,19,11.11,180,210,1400-8-30,2021-11-21
639,ارمغان,ص سرمايه گذاري ارمغان ايرانيان,86,1642851,16550641378,10067,10076,10077,10,0.1,10074,7,0.07,10073,10079,1400-8-30,2021-11-21
640,تسه9905,امتياز تسهيلات مسكن مرداد99,84,1759,1482931262,823891,803122,850000,26109,3.17,843054,19163,2.33,803122,865085,1400-8-30,2021-11-21
641,سكه0012پ04,تمام سكه طرح جديد0012صادرات,83,24800,30790354500,1236859,1235703,1245000,8141,0.66,1241546,4687,0.38,1232703,1245000,1400-8-30,2021-11-21
642,بالاس,مهندسي ساختمان تاسيسات راه آهن,83,102195,3250414170,30292,31806,31806,1514,5,30600,308,1.02,31806,31806,1400-8-30,2021-11-21
643,ثجوان,تامين مسكن جوانان,82,471631,2452335961,5358,5220,5198,-160,-2.99,5318,-40,-0.75,5198,5338,1400-8-30,2021-11-21
644,صايند,صندوق س. گنجينه آينده روشن-د,82,640990,6387174580,9977,9993,9950,-27,-0.27,9965,-12,-0.12,9920,9995,1400-8-30,2021-11-21
645,اخزا001,اسنادخزانه-م1بودجه00-030821,81,422798,219281357211,518878,521990,519450,572,0.11,518643,-235,-0.05,517223,521990,1400-8-30,2021-11-21
646,قپيرا,فرآورده‌هاي‌غدايي‌وقندپيرانشهر,80,419839,3167881600,7780,7790,7590,-190,-2.44,7730,-50,-0.64,7470,7790,1400-8-30,2021-11-21
647,ماني,صندوق س. با درآمد ثابت ماني,79,740404,7777644345,10500,10504,10505,5,0.05,10505,5,0.05,10504,10505,1400-8-30,2021-11-21
648,سپاس,صندوق س. پاداش سهامداري-ثابت,79,931447,9391559503,10080,10085,10084,4,0.04,10083,3,0.03,10082,10085,1400-8-30,2021-11-21
649,اخزا910,اسنادخزانه-م10بودجه99-020807,78,177791,115890979305,652206,652000,651250,-956,-0.15,651838,-368,-0.06,650501,652500,1400-8-30,2021-11-21
650,الماس,صندوق س.امين تدبيرگران فردا-س,78,8866,958215103,109475,110000,108150,-1325,-1.21,108077,-1398,-1.28,107120,110000,1400-8-30,2021-11-21
651,ثزاگرس,سرمايه گذاري توسعه عمران زاگرس,77,325388,11379791481,33388,32500,35057,1669,5,34973,1585,4.75,32500,35057,1400-8-30,2021-11-21
652,شساخت,مهندسي و ساختمان صنايع نفت,77,466712,20536295957,43525,42300,44438,913,2.1,43746,221,0.51,42300,44472,1400-8-30,2021-11-21
653,سلار,شركت سيمان لارستان,76,248401,7426646730,30639,30000,29720,-919,-3,30063,-576,-1.88,29720,30196,1400-8-30,2021-11-21
654,زعف0110پ18,زعفران0110نگين بهرامن(پ),72,34837,11938240097,328053,342713,342725,14672,4.47,342689,14636,4.46,341950,342725,1400-8-30,2021-11-21
655,صنوين,صندوق سرمايه‌گذاري صنوين-مختلط,72,28911,2839229880,97340,98000,99350,2010,2.06,98210,870,0.89,96660,100680,1400-8-30,2021-11-21
656,وپخش,داروپخش‌ (هلدينگ‌,70,106199,3385559560,31580,31390,31900,320,1.01,31600,20,0.06,31390,32150,1400-8-30,2021-11-21
657,نهال2,صندوق س. طلاي سرخ نوويرا,69,6900000,6900000,20230,1,1,-20229,-100,1,-20229,-100,1,1,1400-8-30,2021-11-21
658,زعف0008پ20,زعفران0008نگين وحدت جام(پ),69,17114,4648321725,260435,273940,273940,13505,5.19,271609,11174,4.29,266000,273940,1400-8-30,2021-11-21
659,سمتاز,سيمان ممتازان كرمان,68,147513,2142935509,14830,14386,14567,-263,-1.77,14763,-67,-0.45,14386,14783,1400-8-30,2021-11-21
660,دقاضي,داروسازي شهيد قاضي,68,60039,1741124849,29473,28590,29000,-473,-1.6,29389,-84,-0.29,28590,29875,1400-8-30,2021-11-21
661,اخزا006,اسنادخزانه-م6بودجه00-030723,66,309255,163014091886,527739,527950,526002,-1737,-0.33,527119,-620,-0.12,525002,527950,1400-8-30,2021-11-21
662,ضفلا1164,اختيارخ فولاد-12000-1400/11/24,66,2450,2502796000,962,1001,1050,88,9.15,1022,60,6.24,980,1100,1400-8-30,2021-11-21
663,سهگمت,سيمان‌هگمتان‌,65,130375,2985031380,23040,22510,23190,150,0.65,23010,-30,-0.13,22510,23190,1400-8-30,2021-11-21
664,اخزا917,اسنادخزانه-م17بودجه99-010226,65,258449,232525995534,899148,900000,901647,2499,0.28,899698,550,0.06,896000,901647,1400-8-30,2021-11-21
665,تسه9901,امتياز تسهيلات مسكن فروردين99,64,983,820910571,818145,820000,827000,8855,1.08,835107,16962,2.07,820000,850000,1400-8-30,2021-11-21
666,وليز,ليزينگ‌ايران‌,63,1122434,2826288812,2650,2518,2518,-132,-4.98,2623,-27,-1.02,2518,2518,1400-8-30,2021-11-21
667,اخزا903,اسنادخزانه-م3بودجه99-011110,62,59844,46085193365,770956,770956,770400,-556,-0.07,770089,-867,-0.11,758810,770999,1400-8-30,2021-11-21
668,تسه9809,امتياز تسهيلات مسكن آذر98,62,1257,1038699190,816785,811000,830000,13215,1.62,826332,9547,1.17,811000,830000,1400-8-30,2021-11-21
669,اوصتا,صندوق انديشه ورزان صباتامين -د,62,3355946,69081073842,20560,20572,20589,29,0.14,20585,25,0.12,20571,20589,1400-8-30,2021-11-21
670,زعف0008پ08,زعفران0008نگين روستا(پ),61,41208,11244130458,261396,273940,273940,12544,4.8,272863,11467,4.39,270000,273940,1400-8-30,2021-11-21
671,ثنظام,س. ساختماني نظام مهندسي ايران,61,137419,3023630257,23161,22003,22003,-1158,-5,22734,-427,-1.84,22003,22003,1400-8-30,2021-11-21
672,دسينا,داروسازي‌ سينا,61,102134,2136485870,21230,22140,20880,-350,-1.65,21180,-50,-0.24,20850,22140,1400-8-30,2021-11-21
673,تسه9812,امتياز تسهيلات مسكن اسفند98,59,1343,1119942749,822974,810000,829010,6036,0.73,833911,10937,1.33,810000,839999,1400-8-30,2021-11-21
674,سكه0111پ05,تمام سكه طرح جديد0111آينده,58,49800,61820088200,1238500,1238900,1243900,5400,0.44,1241367,2867,0.23,1238900,1243900,1400-8-30,2021-11-21
675,اخزا004,اسنادخزانه-م4بودجه00-030522,57,176540,96700501712,547724,548500,547590,-134,-0.02,547754,30,0.01,537353,548500,1400-8-30,2021-11-21
676,فباهنرح,ح . مس‌ شهيدباهنر,57,363946,8370323400,23440,23440,22900,-540,-2.3,23000,-440,-1.88,22900,23440,1400-8-30,2021-11-21
677,زعف0008پ15,زعفران0008پوشالمعمول طلاسرخ(پ),56,5607,1400147735,243776,254474,249990,6214,2.55,249714,5938,2.44,245000,254474,1400-8-30,2021-11-21
678,شتوكا,توكا رنگ فولاد سپاهان,55,209275,2699647500,12286,12900,12900,614,5,12388,102,0.83,12900,12900,1400-8-30,2021-11-21
679,غشوكو,شوكو پارس,55,263950,2169141100,8472,8218,8218,-254,-3,8415,-57,-0.67,8218,8218,1400-8-30,2021-11-21
680,ضستا1003,اختيارخ شستا-10000-1400/10/29,55,244,455281000,1631,1654,2205,574,35.19,1866,235,14.41,1520,2400,1400-8-30,2021-11-21
681,پلاست,كارخانجات توليدي پلاستيران,54,144993,1205326809,8071,8313,8313,242,3,8099,28,0.35,8313,8313,1400-8-30,2021-11-21
682,اخزا902,اسنادخزانه-م2بودجه99-011019,54,56633,44195211538,781490,779000,780000,-1490,-0.19,780379,-1111,-0.14,779000,783600,1400-8-30,2021-11-21
683,زعف0008پ05,زعفران0008نگين زرين(پ),54,35645,9764369071,261441,273940,273940,12499,4.78,273934,12493,4.78,270002,273940,1400-8-30,2021-11-21
684,اخزا901,اسنادخزانه-م1بودجه99-010621,54,24651,20632869912,837671,837999,837671,0,0,836999,-672,-0.08,836506,839499,1400-8-30,2021-11-21
685,ضجار1021,اختيارخ وتجارت-1800-1400/10/15,53,2465,666235000,255,299,280,25,9.8,270,15,5.88,250,299,1400-8-30,2021-11-21
686,ضجار1019,اختيارخ وتجارت-1400-1400/10/15,52,3350,1982564000,542,461,590,48,8.86,592,50,9.23,461,605,1400-8-30,2021-11-21
687,ساذري,آذريت‌,50,549586,5783293478,10022,10523,10523,501,5,10295,273,2.72,10523,10523,1400-8-30,2021-11-21
688,تسه9811,امتياز تسهيلات مسكن بهمن98,50,401,332079314,817553,827000,828500,10947,1.34,828128,10575,1.29,816050,833348,1400-8-30,2021-11-21
689,وملت,سرمايه گذاري ملت,48,1108215,3052024110,2810,2754,2754,-56,-1.99,2775,-35,-1.25,2754,2754,1400-8-30,2021-11-21
690,سكه0011پ02,تمام سكه طرح جديد0011ملت,48,39200,48725010700,1231709,1235000,1243000,11291,0.92,1242985,11276,0.92,1235000,1246000,1400-8-30,2021-11-21
691,اخزا003,اسنادخزانه-م3بودجه00-030418,46,152516,85293951328,559310,558556,558555,-755,-0.13,559246,-64,-0.01,556515,560898,1400-8-30,2021-11-21
692,داريك,صندوق س.اعتماد داريك-د,44,1185701,14101203442,11887,11893,11894,7,0.06,11893,6,0.05,11890,11894,1400-8-30,2021-11-21
693,آتيمس,صندوق س.آرمان آتيه درخشان مس-س,43,7093,1308717412,183684,183000,187000,3316,1.81,184508,824,0.45,183000,187000,1400-8-30,2021-11-21
694,ضملت1131,اختيارخ وبملت-2000-1400/11/13,41,649,813760000,1243,1300,1267,24,1.93,1254,11,0.88,1150,1350,1400-8-30,2021-11-21
695,دفرا,فرآورده‌هاي‌ تزريقي‌ ايران‌,41,33327,916787960,27970,27060,27500,-470,-1.68,27940,-30,-0.11,27060,28370,1400-8-30,2021-11-21
696,ضستا1005,اختيارخ شستا-14000-1400/10/29,40,1632,489290000,124,290,300,176,141.94,300,176,141.94,290,300,1400-8-30,2021-11-21
697,ثبات,صندوق س. ثبات ويستا -د,39,495763,5169363672,10420,10426,10428,8,0.08,10427,7,0.07,10426,10429,1400-8-30,2021-11-21
698,وآتوس,س.آرين توسكا قيمت اسمي 350ريال,39,25381,637910327,25836,25958,25061,-775,-3,25777,-59,-0.23,25061,26226,1400-8-30,2021-11-21
699,فيروزا,صندوق بادرآمد ثابت فيروزه آسيا,39,44597,1150381987,25775,25832,25817,42,0.16,25795,20,0.08,25762,25977,1400-8-30,2021-11-21
700,زعف0110پ16,زعفران0110نگين بيرجند(پ),39,19320,6610579916,328147,342000,342725,14578,4.44,342163,14016,4.27,340000,342725,1400-8-30,2021-11-21
701,افق ملت,صندوق س در سهام افق ملت,38,19918,2863424220,144380,142550,144450,70,0.05,143760,-620,-0.43,142550,144990,1400-8-30,2021-11-21
702,اخزا008,اسنادخزانه-م8بودجه00-030919,36,113863,58064241989,509571,508010,509110,-461,-0.09,509948,377,0.07,508000,512000,1400-8-30,2021-11-21
703,ضفلا1163,اختيارخ فولاد-10000-1400/11/24,34,246,508680000,2098,2010,2181,83,3.96,2068,-30,-1.43,1960,2380,1400-8-30,2021-11-21
704,زعف0008پ11,زعفران0008نگين سحرخيز(پ),34,22393,6134338420,261569,273940,273940,12371,4.73,273940,12371,4.73,273940,273940,1400-8-30,2021-11-21
705,ضپيك1031,اختيارخ تاپيكو-14000-00/10/15,34,1604,2148220000,2100,1150,1420,-680,-32.38,1339,-761,-36.24,1150,1420,1400-8-30,2021-11-21
706,اخزا811,اسنادخزانه-م11بودجه98-001013,34,7974,7766488483,973867,974201,973618,-249,-0.03,973976,109,0.01,973612,975999,1400-8-30,2021-11-21
707,فنفت,صنايع تجهيزات نفت,34,195472,2322402832,12248,11881,11881,-367,-3,12159,-89,-0.73,11881,11881,1400-8-30,2021-11-21
708,اخزا814,اسنادخزانه-م14بودجه98-010318,32,16123,14346859382,888091,891000,889999,1908,0.21,889838,1747,0.2,889709,891000,1400-8-30,2021-11-21
709,زعف0110پ05,زعفران0110نگين زرين(پ),30,19154,6561803825,328516,341999,342725,14209,4.33,342581,14065,4.28,341989,342725,1400-8-30,2021-11-21
710,اراد50,مرابحه عام دولت5-ش.خ0302,30,719000,719000582000,1000001,1000001,1000001,0,0,1000001,0,0,1000000,1000001,1400-8-30,2021-11-21
711,اخزا908,اسنادخزانه-م8بودجه99-020606,30,20075,13569218246,677611,677000,672000,-5611,-0.83,675926,-1685,-0.25,672000,678000,1400-8-30,2021-11-21
712,ضپال2007,اختيارخ اپال-32000-1401/02/12,29,739,257713000,362,359,345,-17,-4.7,349,-13,-3.59,345,363,1400-8-30,2021-11-21
713,سكه0112پ03,تمام سكه طرح جديد0112سامان,29,5700,7078353700,1237926,1235600,1254920,16994,1.37,1241816,3890,0.31,1235500,1254920,1400-8-30,2021-11-21
714,اخزا914,اسنادخزانه-م14بودجه99-021025,28,38861,24230943480,623123,623500,623500,377,0.06,623529,406,0.07,623500,624000,1400-8-30,2021-11-21
715,زعف0008پ16,زعفران0008نگين بيرجند(پ),28,9024,2469883958,260434,272000,273940,13506,5.19,273702,13268,5.09,270000,273940,1400-8-30,2021-11-21
716,زعف0110پ21,زعفران0110نگين ملل(پ),27,8557,2924945275,328362,340000,342725,14363,4.37,341819,13457,4.1,340000,342725,1400-8-30,2021-11-21
717,ضبدر1163,اختيارخ شبندر-6000-1400/11/13,26,474,445916000,1001,999,1018,17,1.7,941,-60,-5.99,900,1099,1400-8-30,2021-11-21
718,عيار2,صندوق سكه طلاي مفيد,26,260000,260000,31323,1,1,-31322,-100,1,-31322,-100,1,1,1400-8-30,2021-11-21
719,ضملت1134,اختيارخ وبملت-3500-1400/11/13,26,1303,325235000,227,249,240,13,5.73,250,23,10.13,240,250,1400-8-30,2021-11-21
720,سايرا,ايرانيت‌,25,76014,2487254094,34084,32721,32721,-1363,-4,33370,-714,-2.09,32721,32721,1400-8-30,2021-11-21
721,ضبدر1164,اختيارخ شبندر-7000-1400/11/13,25,1533,869767000,597,550,599,2,0.34,567,-30,-5.03,550,600,1400-8-30,2021-11-21
722,دمعيار,صندوق س. توازن معيار-د,25,798429,8009523118,10020,10030,10043,23,0.23,10032,12,0.12,10016,10045,1400-8-30,2021-11-21
723,ضصاد1111,اختيارخ وبصادر-1600-1400/11/06,25,640,232278000,377,500,400,23,6.1,363,-14,-3.71,200,500,1400-8-30,2021-11-21
724,زيتون2,صندوق س زيتون نماد پايا- مختلط,25,1780000,1780000,9811,1,1,-9810,-99.99,1,-9810,-99.99,1,1,1400-8-30,2021-11-21
725,اخزا911,اسنادخزانه-م11بودجه99-020906,24,66655,42697858639,640059,641899,640000,-59,-0.01,640580,521,0.08,639667,642500,1400-8-30,2021-11-21
726,زعف0110پ09,زعفران0110نگين نوين(پ),23,5442,1864793899,327785,328522,342725,14940,4.56,342667,14882,4.54,328522,342725,1400-8-30,2021-11-21
727,اگ010155,گام بانك اقتصاد نوين0101,23,106200,96344622600,907197,907201,907200,3,0,907200,3,0,907199,907201,1400-8-30,2021-11-21
728,بذر,صندوق س بذر اميد آفرين-سهام,22,4357,421901970,96800,95680,97060,260,0.27,96830,30,0.03,95440,98030,1400-8-30,2021-11-21
729,وحافظ,بيمه حافظ,22,132954,1214401836,9614,9134,9134,-480,-4.99,9553,-61,-0.63,9134,9134,1400-8-30,2021-11-21
730,فراز,صندوق س.سهام فراز داريك-س,21,35248,500031133,14185,14186,14187,2,0.01,14186,1,0.01,14186,14187,1400-8-30,2021-11-21
731,زعف0008پ12,زعفران0008پوشالمعمول سحرخيز(پ),21,4342,1079148016,241378,245204,250000,8622,3.57,248537,7159,2.97,230240,254400,1400-8-30,2021-11-21
732,واحصا,احياء صنايع خراسان,21,45626,2155326614,48700,47239,47239,-1461,-3,48374,-326,-0.67,47239,47239,1400-8-30,2021-11-21
733,اخزا007,اسنادخزانه-م7بودجه00-030912,20,35284,18050881492,511653,510960,511555,-98,-0.02,511588,-65,-0.01,510334,511803,1400-8-30,2021-11-21
734,هفارس014,اختيارف ت فارس11832-1401/04/12,20,1950000,1950000,1,1,1,0,0,1,0,0,1,1,1400-8-30,2021-11-21
735,ضبدر8079,اختيارخ شبندر-6011-1400/08/30,20,67,94331076,352,350,400,48,13.64,301,-51,-14.49,215,400,1400-8-30,2021-11-21
736,اخزا918,اسنادخزانه-م18بودجه99-010323,20,29447,26043467904,884766,883534,886000,1234,0.14,884418,-348,-0.04,883500,886000,1400-8-30,2021-11-21
737,هفارس104,اختيارف ت فارس-11832-01/04/12,19,336835,336835,1,1,1,0,0,1,0,0,1,1,1400-8-30,2021-11-21
738,حرهشا,رهشاد سپاهان (سهامي عام,19,3952,390714480,104068,98865,98865,-5203,-5,103794,-274,-0.26,98865,98865,1400-8-30,2021-11-21
739,ضترا1135,اختيارخ شتران-6176-1400/11/10,19,125,26267729,84,80,99,15,17.86,93,9,10.71,80,105,1400-8-30,2021-11-21
740,گنجين,صندوق س. گنجينه يكم آويد-د,19,60866,863887750,14172,14189,14198,26,0.18,14193,21,0.15,14190,14202,1400-8-30,2021-11-21
741,ثروتم,صندوق س. ثروت آفرين پارسيان-س,19,16290,1401834350,85272,85567,87109,1837,2.15,86055,783,0.92,85400,87109,1400-8-30,2021-11-21
742,والبرح,ح . سرمايه گذاري‌البرز(هلدينگ‌,18,105700,754440000,8271,7200,7100,-1171,-14.16,7140,-1131,-13.67,7100,7200,1400-8-30,2021-11-21
743,آسام,صندوق س.آرمان سپهر آشنا-م,18,61730,7390397580,120368,120000,120500,132,0.11,119721,-647,-0.54,118000,120500,1400-8-30,2021-11-21
744,ضبدر8076,اختيارخ شبندر-3448-1400/08/30,17,64,868680588,2551,2700,2951,400,15.68,2898,347,13.6,2700,2951,1400-8-30,2021-11-21
745,اخزا005,اسنادخزانه-م5بودجه00-030626,17,47533,25498573394,536302,535500,536200,-102,-0.02,536439,137,0.03,532851,536500,1400-8-30,2021-11-21
746,كمينا,شيشه سازي مينا,17,17431,187731870,11103,10770,10770,-333,-3,11097,-6,-0.05,10770,10770,1400-8-30,2021-11-21
747,ضملت1135,اختيارخ وبملت-4000-1400/11/13,16,500,70402000,128,130,140,12,9.38,141,13,10.16,130,150,1400-8-30,2021-11-21
748,سلامت6,مرابحه سلامت6واجدشرايط خاص1400,16,400000,398200025000,1000000,995500,995501,-4499,-0.45,995500,-4500,-0.45,995500,995501,1400-8-30,2021-11-21
749,سيلام,سيمان‌ ايلام‌,16,81632,546934400,7050,6700,6700,-350,-4.96,7040,-10,-0.14,6700,6700,1400-8-30,2021-11-21
750,زعف0008پ09,زعفران0008نگين نوين(پ),15,5273,1435185544,259295,272000,273940,14645,5.65,272176,12881,4.97,270000,273940,1400-8-30,2021-11-21
751,كصدف,كاشي صدف سرام استقلال آباده,15,25394,527890472,21430,20788,20788,-642,-3,21395,-35,-0.16,20788,20788,1400-8-30,2021-11-21
752,سخواف,سيمان مجد خواف,15,39659,299465109,7784,7551,7551,-233,-2.99,7777,-7,-0.09,7551,7551,1400-8-30,2021-11-21
753,اطلس2,صندوق س.توسعه اندوخته آينده-س,15,150000,150000,244918,1,1,-244917,-100,1,-244917,-100,1,1,1400-8-30,2021-11-21
754,ضغدر1132,اختيارخ وغدير-14000-1400/11/20,14,1029,2436600000,2450,2320,2400,-50,-2.04,2368,-82,-3.35,2320,2400,1400-8-30,2021-11-21
755,پادا,صندوق س.پاداش سرمايه پارس-س,14,4859,524938200,107444,107900,108300,856,0.8,108034,590,0.55,106800,109400,1400-8-30,2021-11-21
756,اراد33,مرابحه عام دولت3-ش.خ 0303,14,9000,8118903900,947308,910000,899946,-47362,-5,902100,-45208,-4.77,899945,910000,1400-8-30,2021-11-21
757,اخزا812,اسنادخزانه-م12بودجه98-001111,14,13064,12528017285,956896,959000,961000,4104,0.43,958973,2077,0.22,958210,961999,1400-8-30,2021-11-21
758,اخزا909,اسنادخزانه-م9بودجه99-020316,12,33339,23802823185,714964,714964,714000,-964,-0.13,713963,-1001,-0.14,703003,714964,1400-8-30,2021-11-21
759,تمحركه,ماشين سازي نيرو محركه,12,10033,196546470,20195,19590,19590,-605,-3,20183,-12,-0.06,19590,19590,1400-8-30,2021-11-21
760,اخزا818,اسنادخزانه-م18بودجه98-010614,12,49296,41513167200,840949,840025,842121,1172,0.14,842120,1171,0.14,840025,843000,1400-8-30,2021-11-21
761,ضملي1161,اختيارخ فملي-7000-1400/11/03,11,60,78420000,1127,1490,1200,73,6.48,1307,180,15.97,1200,1490,1400-8-30,2021-11-21
762,ضفلا1160,اختيارخ فولاد-7000-1400/11/24,11,51,246189000,4118,4600,4999,881,21.39,4827,709,17.22,4599,5100,1400-8-30,2021-11-21
763,زير0103پ01,زيره سبز0103كيميابذر(پ),11,340,316359800,933867,945000,925000,-8867,-0.95,930470,-3397,-0.36,922000,945000,1400-8-30,2021-11-21
764,ضبدر8074,اختيارخ شبندر-2595-1400/08/30,11,26,468770036,3629,3601,3766,137,3.78,3849,220,6.06,3601,3980,1400-8-30,2021-11-21
765,ضفلا1165,اختيارخ فولاد-14000-1400/11/24,11,159,88567000,494,500,589,95,19.23,557,63,12.75,500,599,1400-8-30,2021-11-21
766,ضترا1132,اختيارخ شتران-3970-1400/11/10,11,107,217972050,1497,890,950,-547,-36.54,899,-598,-39.95,850,950,1400-8-30,2021-11-21
767,اخزا809,اسنادخزانه-م9بودجه98-000923,11,844,833096608,985734,987000,987491,1757,0.18,987081,1347,0.14,986010,987496,1400-8-30,2021-11-21
768,وسخوز,شركت س استان خوزستان,11,265811,160815655,636,605,605,-31,-4.87,636,0,0,605,605,1400-8-30,2021-11-21
769,خعمرا,توسعه و عمران شهرستان نائين,10,122809,498236113,3864,4057,4057,193,4.99,3873,9,0.23,4057,4057,1400-8-30,2021-11-21
770,تپولا,مهندسي مرآت پولاد,10,10271,173590171,17423,16901,16901,-522,-3,17414,-9,-0.05,16901,16901,1400-8-30,2021-11-21
771,اخزا904,اسنادخزانه-م4بودجه99-011215,10,19242,14629626560,756555,756000,761000,4445,0.59,760297,3742,0.49,753024,761000,1400-8-30,2021-11-21
772,زعف0008پ19,زعفران0008نگين تروند قاينات(پ),10,2474,676956980,261579,273940,273940,12361,4.73,273629,12050,4.61,263001,273940,1400-8-30,2021-11-21
773,برن0104پ01,برنج طارم0104تجارت مازندران(پ),10,564,250739000,443219,443000,445000,1781,0.4,444573,1354,0.31,443000,445000,1400-8-30,2021-11-21
774,گكيش,توريستي ورفاهي آبادگران كيش,10,4936,191200896,40774,38736,38736,-2038,-5,40733,-41,-0.1,38736,38736,1400-8-30,2021-11-21
775,دشيري,شيرين دارو,10,1278,161512362,130287,126379,126379,-3908,-3,130221,-66,-0.05,126379,126379,1400-8-30,2021-11-21
776,اخزا817,اسنادخزانه-م17بودجه98-010512,10,4114,3533671406,859151,857175,859100,-51,-0.01,858938,-213,-0.02,857175,859999,1400-8-30,2021-11-21
777,پارتا,مجتمع‌صنعتي‌آرتاويل‌تاير,8,20825,485847250,24051,23330,23330,-721,-3,24034,-17,-0.07,23330,23330,1400-8-30,2021-11-21
778,اراد61,مرابحه عام دولت61-ش.خ0309,8,55000,55000000000,1000000,1000000,1000000,0,0,1000000,0,0,1000000,1000000,1400-8-30,2021-11-21
779,ضپاس1013,اختيارخ وپارس-3000-1400/10/22,8,205,10386000,46,42,58,12,26.09,51,5,10.87,42,58,1400-8-30,2021-11-21
780,ضترا1133,اختيارخ شتران-4411-1400/11/10,8,163,204478866,370,420,550,180,48.65,553,183,49.46,420,560,1400-8-30,2021-11-21
781,اخزا906,اسنادخزانه-م6بودجه99-020321,8,2000,1439255148,712636,716000,720000,7364,1.03,719628,6992,0.98,716000,720000,1400-8-30,2021-11-21
782,آرمان,بيمه آرمان,7,24886,141974630,5881,5705,5705,-176,-2.99,5878,-3,-0.05,5705,5705,1400-8-30,2021-11-21
783,زعف0008پ18,زعفران0008نگين بهرامن(پ),7,2507,686767580,251501,273940,273940,22439,8.92,273940,22439,8.92,273940,273940,1400-8-30,2021-11-21
784,سخند,صندوق س.سپهرخبرگان نفت-د,7,46270,466123980,10075,10074,10074,-1,-0.01,10074,-1,-0.01,10074,10074,1400-8-30,2021-11-21
785,طستا1003,اختيارف شستا-10000-1400/10/29,7,11,1100000,1,100,100,99,9900,100,99,9900,100,100,1400-8-30,2021-11-21
786,اخزا907,اسنادخزانه-م7بودجه99-020704,6,2355,1564739306,665492,665100,662511,-2981,-0.45,664433,-1059,-0.16,662511,666000,1400-8-30,2021-11-21
787,ضپاس1012,اختيارخ وپارس-2500-1400/10/22,6,221,33255000,166,150,155,-11,-6.63,150,-16,-9.64,150,155,1400-8-30,2021-11-21
788,ضمخا1034,اختيارخ اخابر-6000-1400/10/26,6,40,82680000,1756,1755,2099,343,19.53,2067,311,17.71,1755,2100,1400-8-30,2021-11-21
789,ضجار1024,اختيارخ وتجارت-3000-1400/10/15,6,313,6006000,16,29,17,1,6.25,19,3,18.75,16,29,1400-8-30,2021-11-21
790,اخزا815,اسنادخزانه-م15بودجه98-010406,6,11240,9854388997,877016,876657,876703,-313,-0.04,876725,-291,-0.03,876657,876803,1400-8-30,2021-11-21
791,سپرمي,پرميت‌,6,16195,177966855,10881,10989,10989,108,0.99,10891,10,0.09,10989,10989,1400-8-30,2021-11-21
792,هكوير109,اختيارف ت كوير-8194-01/09/20,6,30002,25921064,1342,864,200,-1142,-85.1,864,-478,-35.62,200,864,1400-8-30,2021-11-21
793,كهربا2,صندوق س.پشتوانه سكه طلا كهربا,6,600000,600000,10700,1,1,-10699,-99.99,1,-10699,-99.99,1,1,1400-8-30,2021-11-21
794,ضبدر8075,اختيارخ شبندر-3021-1400/08/30,6,22,336521980,3226,3200,3370,144,4.46,3266,40,1.24,3200,3370,1400-8-30,2021-11-21
795,ضبدر1161,اختيارخ شبندر-4500-1400/11/13,5,36,79201000,2298,2200,2200,-98,-4.26,2200,-98,-4.26,2200,2201,1400-8-30,2021-11-21
796,كشم0101پ01,كشمش سبز0101خليل آباد(پ),5,49,32567500,645100,664500,664500,19400,3.01,664643,19543,3.03,664500,665000,1400-8-30,2021-11-21
797,ضپنا1030,اختيارخ رمپنا-11850-1400/10/08,5,24,111010000,2223,3800,5120,2897,130.32,4625,2402,108.05,3010,5120,1400-8-30,2021-11-21
798,سنوين,سرمايه گذاري اقتصاد نوين,5,18562,125998856,6997,6788,6788,-209,-2.99,6994,-3,-0.04,6788,6788,1400-8-30,2021-11-21
799,ضفلا1162,اختيارخ فولاد-9000-1400/11/24,5,8,22590000,2527,2640,2850,323,12.78,2824,297,11.75,2640,2850,1400-8-30,2021-11-21
800,سيناد,صندوق س.سپهرسودمند سينا-د,5,119800,1203539550,10045,10047,10047,2,0.02,10046,1,0.01,10046,10047,1400-8-30,2021-11-21
801,زعف0110پ08,زعفران0110نگين روستا(پ),5,1902,651846950,328522,342715,342725,14203,4.32,342717,14195,4.32,342715,342725,1400-8-30,2021-11-21
802,ضذوب904,اختيارخ ذوب-4500-14000917,5,25,985000,40,45,10,-30,-75,39,-1,-2.5,10,45,1400-8-30,2021-11-21
803,ضبدر1165,اختيارخ شبندر-8000-1400/11/13,5,41,12449000,318,255,399,81,25.47,304,-14,-4.4,255,399,1400-8-30,2021-11-21
804,اخزا816,اسنادخزانه-م16بودجه98-010503,5,15105,13050718000,863974,863900,864000,26,0,864000,26,0,863900,864000,1400-8-30,2021-11-21
805,ضپاس1009,اختيارخ وپارس-1600-1400/10/22,5,38,22719000,730,553,630,-100,-13.7,598,-132,-18.08,553,740,1400-8-30,2021-11-21
806,طلا2,صندوق س.پشتوانه طلاي لوتوس,5,500000,500000,87238,1,1,-87237,-100,1,-87237,-100,1,1,1400-8-30,2021-11-21
807,ضبدر8073,اختيارخ شبندر-2167-1400/08/30,4,9,179415936,4119,4236,4236,117,2.84,4256,137,3.33,4236,4296,1400-8-30,2021-11-21
808,اراد72,مرابحه عام دولت72-ش.خ0311,4,20000,18700000000,966700,935000,935000,-31700,-3.28,935000,-31700,-3.28,935000,935000,1400-8-30,2021-11-21
809,مشير112,مشاركت شهرداري شيراز-3ماهه18%,4,35000,35000000000,1000000,1000000,1000000,0,0,1000000,0,0,1000000,1000000,1400-8-30,2021-11-21
810,تملي612,تسهيلات مسكن بانك ملي-اسفند96,4,70,48833400,664400,697620,697620,33220,5,697620,33220,5,697620,697620,1400-8-30,2021-11-21
811,نگين,ص.س. زمين و ساختمان نگين شهرري,4,176,9148250,52400,52000,52000,-400,-0.76,51980,-420,-0.8,51950,52000,1400-8-30,2021-11-21
812,دمعيار2,صندوق س. توازن معيار-د,4,600000,600000,10020,1,1,-10019,-99.99,1,-10019,-99.99,1,1,1400-8-30,2021-11-21
813,رويش,ص.س.جسورانه رويش لوتوس,4,330,588060000,1782000,1782000,1782000,0,0,1782000,0,0,1782000,1782000,1400-8-30,2021-11-21
814,پلاستح,ح.كارخانجات توليدي پلاستيران,4,10114,67945852,6925,6718,6718,-207,-2.99,6718,-207,-2.99,6718,6718,1400-8-30,2021-11-21
815,فسديد,لوله‌وتجهيزات‌ سديد - ورشكسته,4,1500,155056500,105480,103371,103371,-2109,-2,105399,-81,-0.08,103371,103371,1400-8-30,2021-11-21
816,سنفت011,سلف موازي استاندارد سنفت011,3,201520,336542430400,1485722,1670020,1670020,184298,12.4,1670020,184298,12.4,1670020,1670020,1400-8-30,2021-11-21
817,ضغدر1129,اختيارخ وغدير-9000-1400/11/20,3,18,117900000,6417,6300,6600,183,2.85,6550,133,2.07,6300,6600,1400-8-30,2021-11-21
818,دپارسح,ح . پارس‌ دارو,3,676,30420000,45000,45000,45000,0,0,45000,0,0,45000,45000,1400-8-30,2021-11-21
819,همبين102,اختيارف ت مبين17952-01/02/10,3,195000,195000,1,1,1,0,0,1,0,0,1,1,1400-8-30,2021-11-21
820,اخزا821,اسنادخزانه-م21بودجه98-020906,3,1206,772184342,641001,640010,641001,0,0,640285,-716,-0.11,640000,641001,1400-8-30,2021-11-21
821,تبريز304,مشاركت ش تبريز304-3ماهه18%,3,26000,26010894000,1000000,1000419,1000419,419,0.04,1000419,419,0.04,1000419,1000419,1400-8-30,2021-11-21
822,ضبدر8077,اختيارخ شبندر-4302-1400/08/30,3,12,118809660,1914,2190,2100,186,9.72,2114,200,10.45,2100,2190,1400-8-30,2021-11-21
823,كهرام,توليدي گرانيت بهسرام,3,218,19562230,91566,89735,89735,-1831,-2,91559,-7,-0.01,89735,89735,1400-8-30,2021-11-21
824,هبساز103,اختيارف ت ثبهساز-2346-01/03/18,3,62144,27778368,427,447,447,20,4.68,447,20,4.68,447,447,1400-8-30,2021-11-21
825,ضملت1132,اختيارخ وبملت-2500-1400/11/13,3,200,160400000,795,790,800,5,0.63,802,7,0.88,790,810,1400-8-30,2021-11-21
826,ضمخا1035,اختيارخ اخابر-7000-1400/10/26,3,5,6500000,1150,1300,1300,150,13.04,1300,150,13.04,1300,1300,1400-8-30,2021-11-21
827,اخزا810,اسنادخزانه-م10بودجه98-001006,3,1687,1650296670,977992,977210,981000,3008,0.31,978243,251,0.03,977210,981000,1400-8-30,2021-11-21
828,سنفت013,سلف موازي استاندارد سنفت013,3,262320,435292234080,1477528,1659394,1659394,181866,12.31,1659394,181866,12.31,1659394,1659394,1400-8-30,2021-11-21
829,افران2,صندوق س افرا نماد پايدار-ثابت,3,16800000,16800000,14788,1,1,-14787,-99.99,1,-14787,-99.99,1,1,1400-8-30,2021-11-21
830,اخزا8152,اسنادخزانه-م15بودجه98-010406,3,577679,504313767000,877016,873000,873000,-4016,-0.46,873000,-4016,-0.46,873000,873000,1400-8-30,2021-11-21
831,هاميد104,اختيارف ت ثاميد-2050-01/04/20,3,32110,12426570,375,387,387,12,3.2,387,12,3.2,387,387,1400-8-30,2021-11-21
832,اراد45,مرابحه عام دولت4-ش.خ 0107,3,400,392296000,1001479,991980,990980,-10499,-1.05,980740,-20739,-2.07,970000,991980,1400-8-30,2021-11-21
833,جهرم,پتروشيمي جهرم,3,22000,29194000,1368,1327,1327,-41,-3,1368,0,0,1327,1327,1400-8-30,2021-11-21
834,داريك2,صندوق س.اعتماد داريك-د,3,3000000,3000000,11887,1,1,-11886,-99.99,1,-11886,-99.99,1,1,1400-8-30,2021-11-21
835,ضگل1155,اختيارخ كگل-24000-1400/11/17,3,70,189000000,3188,2700,2700,-488,-15.31,2700,-488,-15.31,2700,2700,1400-8-30,2021-11-21
836,اخزا0082,اسنادخزانه-م8بودجه00-030919,2,884500,455517500000,509571,515000,515000,5429,1.07,515000,5429,1.07,515000,515000,1400-8-30,2021-11-21
837,سپر2,صندوق س سپر سرمايه بيدار- ثابت,2,12000000,12000000,13184,1,1,-13183,-99.99,1,-13183,-99.99,1,1,1400-8-30,2021-11-21
838,وسرضوي,س.سهام عدالت استان خراسان رضوي,2,38000,26220000,726,690,690,-36,-4.96,726,0,0,690,690,1400-8-30,2021-11-21
839,ضستا1000,اختيارخ شستا-7000-1400/10/29,2,4,17600000,4380,3500,7100,2720,62.1,4400,20,0.46,3500,7100,1400-8-30,2021-11-21
840,داريوش2,صندوق س. ثروت داريوش -س,2,200000,200000,9797,1,1,-9796,-99.99,1,-9796,-99.99,1,1,1400-8-30,2021-11-21
841,فنرژي,گسترش صنايع انرژي آذرآب,2,1216,14936128,12533,12283,12283,-250,-1.99,12532,-1,-0.01,12283,12283,1400-8-30,2021-11-21
842,اخزا813,اسنادخزانه-م13بودجه98-010219,2,110,99500200,904001,908000,904202,201,0.02,904547,546,0.06,904202,908000,1400-8-30,2021-11-21
843,شتولي,تولي‌پرس‌,2,1350,26793450,20673,19847,19847,-826,-4,20668,-5,-0.02,19847,19847,1400-8-30,2021-11-21
844,اراد35,مرابحه عام دولت3-ش.خ 0103,2,200,195600000,971556,978000,978000,6444,0.66,978000,6444,0.66,978000,978000,1400-8-30,2021-11-21
845,سمگا2,گروه سرمايه گذاري ميراث فرهنگي,2,4000000,52400000000,12954,13100,13100,146,1.13,13100,146,1.13,13100,13100,1400-8-30,2021-11-21
846,سنفت006,سلف موازي استاندارد سنفت006,2,394650,472032972000,1013578,1196080,1196080,182502,18.01,1196080,182502,18.01,1196080,1196080,1400-8-30,2021-11-21
847,سفارود,كارخانه فارسيت درود,2,850,13585550,16309,15983,15983,-326,-2,16308,-1,-0.01,15983,15983,1400-8-30,2021-11-21
848,كابگن,توليدي و صنعتي آبگينه‌,2,3400,20396600,5882,5999,5999,117,1.99,5883,1,0.02,5999,5999,1400-8-30,2021-11-21
849,هنوري102,اختيارف ت نوري59561-01/02/15,2,1539,1539,1,1,1,0,0,1,0,0,1,1,1400-8-30,2021-11-21
850,اخزا905,اسنادخزانه-م5بودجه99-020218,2,612,443768402,727508,725110,725112,-2396,-0.33,725112,-2396,-0.33,725110,725112,1400-8-30,2021-11-21
851,ضترا1130,اختيارخ شتران-3089-1400/11/10,2,2,7533241,1400,1574,1749,349,24.93,1661,261,18.64,1574,1749,1400-8-30,2021-11-21
852,ضترا1131,اختيارخ شتران-3529-1400/11/10,2,7,21423150,1300,1350,1350,50,3.85,1350,50,3.85,1350,1350,1400-8-30,2021-11-21
853,زعف0110پ19,زعفران0110نگين تروند قاينات(پ),2,2,652785,319507,310085,342700,23193,7.26,326392,6885,2.15,310085,342700,1400-8-30,2021-11-21
854,ضبدر8078,اختيارخ شبندر-5157-1400/08/30,2,5,26605120,1106,1100,1145,39,3.53,1136,30,2.71,1100,1145,1400-8-30,2021-11-21
855,عسيرجان,سلف موازي كلوخه سنگ آهن سيرجان,1,49995,64771522200,1261247,1295560,1295560,34313,2.72,1295560,34313,2.72,1295560,1295560,1400-8-30,2021-11-21
856,اراد244,مرابحه عام دولت2-ش.خ ساير0212,1,2660000,2660000000000,1000000,1000000,1000000,0,0,1000000,0,0,1000000,1000000,1400-8-30,2021-11-21
857,ضفلا1161,اختيارخ فولاد-8000-1400/11/24,1,2,8000000,4650,4000,4000,-650,-13.98,4000,-650,-13.98,4000,4000,1400-8-30,2021-11-21
858,ضملي1159,اختيارخ فملي-5000-1400/11/03,1,10,40000000,4108,4000,4000,-108,-2.63,4000,-108,-2.63,4000,4000,1400-8-30,2021-11-21
859,صبا14044,اجاصبابدون ضامن بارتبه اعتباري,1,500000,502775000000,1000000,1005550,1005550,5550,0.56,1005550,5550,0.56,1005550,1005550,1400-8-30,2021-11-21
860,اخزا820,اسنادخزانه-م20بودجه98-020806,1,307,200471000,653001,653000,653000,-1,0,653000,-1,0,653000,653000,1400-8-30,2021-11-21
861,وسصفا,شركت س استان اصفهان,1,20000,13860000,729,693,693,-36,-4.94,729,0,0,693,693,1400-8-30,2021-11-21
862,شرق1400,مشاركت ليزينگ ايران وشرق140010,1,100,100599200,999800,1005992,1005992,6192,0.62,1005992,6192,0.62,1005992,1005992,1400-8-30,2021-11-21
863,ضغدر1130,اختيارخ وغدير-10000-1400/11/20,1,5,31000000,6000,6200,6200,200,3.33,6200,200,3.33,6200,6200,1400-8-30,2021-11-21
864,كاما4,باما,1,11453946,92433344220,8080,8070,8070,-10,-0.12,8070,-10,-0.12,8070,8070,1400-8-30,2021-11-21
865,سنفت102,سلف موازي استاندارد سنفت102,1,129670,191364781610,1409469,1475783,1475783,66314,4.7,1475783,66314,4.7,1475783,1475783,1400-8-30,2021-11-21
866,پيشگام,ص.ج.رشد يكم پيشگام 20%تاديه,1,1000,198000000,180000,198000,198000,18000,10,198000,18000,10,198000,198000,1400-8-30,2021-11-21
867,فملي2,ملي‌ صنايع‌ مس‌ ايران‌,1,22000000,293700000000,13210,13350,13350,140,1.06,13350,140,1.06,13350,13350,1400-8-30,2021-11-21
868,ضفار1133,اختيارخ فارس-11400-1400/11/06,1,10,8000000,1,800,800,799,79900,800,799,79900,800,800,1400-8-30,2021-11-21
869,داراب,پتروشيمي داراب,1,2352,5101488,2236,2169,2169,-67,-3,2236,0,0,2169,2169,1400-8-30,2021-11-21
870,ضچاد1022,اختيارخ كچاد-28000-1400/10/05,1,1,2550000,3000,2550,2550,-450,-15,2550,-450,-15,2550,2550,1400-8-30,2021-11-21
871,ضذوب900,اختيارخ ذوب-2500-14000917,1,7,9100000,1235,1300,1300,65,5.26,1300,65,5.26,1300,1300,1400-8-30,2021-11-21
872,وسالت,بانك قرض الحسنه رسالت,1,7,7574,1051,1082,1082,31,2.95,1051,0,0,1082,1082,1400-8-30,2021-11-21
873,سبرق021,سلف موازي برق صادراتي گيلان021,1,52000,9932000000,190500,191000,191000,500,0.26,191000,500,0.26,191000,191000,1400-8-30,2021-11-21
874,صمعاد407,صكوك اجاره معادن407-3ماهه18%,1,10,9950000,1001656,995000,995000,-6656,-0.66,995000,-6656,-0.66,995000,995000,1400-8-30,2021-11-21
875,داريك4,صندوق س.اعتماد داريك-د,1,3000000,35250000000,11887,11750,11750,-137,-1.15,11750,-137,-1.15,11750,11750,1400-8-30,2021-11-21
876,تابان01,اجاره تابان تمدن14021206,1,500,473500000,933000,947000,947000,14000,1.5,947000,14000,1.5,947000,947000,1400-8-30,2021-11-21
877,طجار1022,اختيارف وتجارت-2000-1400/10/15,1,2,160000,178,80,80,-98,-55.06,80,-98,-55.06,80,80,1400-8-30,2021-11-21
878,زاگرس2,پتروشيمي زاگرس,1,2634119,658529750000,245083,250000,250000,4917,2.01,250000,4917,2.01,250000,250000,1400-8-30,2021-11-21
879,سرو2,صندوق س سروسودمند مدبران-سهام,1,100000,100000,70990,1,1,-70989,-100,1,-70989,-100,1,1,1400-8-30,2021-11-21
880,اراد42,مرابحه عام دولت4-ش.خ 0106,1,1000,998500000,981816,998500,998500,16684,1.7,998500,16684,1.7,998500,998500,1400-8-30,2021-11-21
881,طپاس1011,اختيارف وپارس-2000-1400/10/22,1,10,520000,45,52,52,7,15.56,52,7,15.56,52,52,1400-8-30,2021-11-21
882,تملي802,تسهيلات مسكن ب. ملي-ارديبهشت98,1,12,9240000,770000,770000,770000,0,0,770000,0,0,770000,770000,1400-8-30,2021-11-21
883,هفجر102,اختيارف ت بفجر8626-01/02/11,1,3490,3490,1,1,1,0,0,1,0,0,1,1,1400-8-30,2021-11-21
884,رتاپ2,تجارت الكترونيك  پارسيان,1,13051531,84182374950,6240,6450,6450,210,3.37,6450,210,3.37,6450,6450,1400-8-30,2021-11-21
885,ضذوب905,اختيارخ ذوب-5000-14000917,1,25,375000,25,15,15,-10,-40,15,-10,-40,15,15,1400-8-30,2021-11-21
886,فولاد2,فولاد مباركه اصفهان,1,5000000,54000000000,10690,10800,10800,110,1.03,10800,110,1.03,10800,10800,1400-8-30,2021-11-21
887,ضستا1001,اختيارخ شستا-8000-1400/10/29,1,1,2500000,3600,2500,2500,-1100,-30.56,2500,-1100,-30.56,2500,2500,1400-8-30,2021-11-21
888,ضبدر8080,اختيارخ شبندر-6865-1400/08/30,1,1,46840,12,10,10,-2,-16.67,10,-2,-16.67,10,10,1400-8-30,2021-11-21
889,گپارس,امور رفاهي كارگزاران پارس,1,39,5116917,138108,131203,131203,-6905,-5,138104,-4,0,131203,131203,1400-8-30,2021-11-21
890,شسم,توليد سموم‌ علف‌ كش,1,1,104897,100863,104897,104897,4034,4,100863,0,0,104897,104897,1400-8-30,2021-11-21
891,صمعاد2122,صكوك اجاره معادن212-6ماهه21%,1,150000,150000000000,1000001,1000000,1000000,-1,0,1000000,-1,0,1000000,1000000,1400-8-30,2021-11-21
892,لوتوسح2,ح . تامين سرمايه لوتوس پارسيان,1,59900000,256731400000,4286,4286,4286,0,0,4286,0,0,4286,4286,1400-8-30,2021-11-21
893,شكف,كف,1,60,5734200,97520,95570,95570,-1950,-2,97519,-1,0,95570,95570,1400-8-30,2021-11-21
894,فايرا2,آلومينيوم‌ايران‌,1,39937733,658972594500,16700,16500,16500,-200,-1.2,16500,-200,-1.2,16500,16500,1400-8-30,2021-11-21
895,ضترا1134,اختيارخ شتران-5294-1400/11/10,1,1,566750,229,250,250,21,9.17,250,21,9.17,250,250,1400-8-30,2021-11-21
896,شبندر2,پالايش نفت بندرعباس,1,100846822,658529747660,6400,6530,6530,130,2.03,6530,130,2.03,6530,6530,1400-8-30,2021-11-21
897,دارا4,صندوق س. دارا الگوريتم-د,1,6000000,60330000000,10049,10055,10055,6,0.06,10055,6,0.06,10055,10055,1400-8-30,2021-11-21
898,ضفلا1166,اختيارخ فولاد-16000-1400/11/24,1,50,750000,250,15,15,-235,-94,15,-235,-94,15,15,1400-8-30,2021-11-21
899,اراد314,مرابحه عام دولت3-ش.خ 0208,1,679301,552879687395,929400,813895,813895,-115505,-12.43,813895,-115505,-12.43,813895,813895,1400-8-30,2021-11-21
900,تملي807,تسهيلات مسكن ب. ملي-مهر98,1,59,34425143,614186,583477,583477,-30709,-5,583477,-30709,-5,583477,583477,1400-8-30,2021-11-21
901,اخزا009,اسناد خزانه-م9بودجه00-031101,1,39,19538961,520000,500999,500999,-19001,-3.65,500999,-19001,-3.65,500999,500999,1400-8-30,2021-11-21
902,وسقم,شركت س استان قم,1,3971,5031257,1333,1267,1267,-66,-4.95,1333,0,0,1267,1267,1400-8-30,2021-11-21
903,طجار1021,اختيارف وتجارت-1800-1400/10/15,1,50,3000000,68,60,60,-8,-11.76,60,-8,-11.76,60,60,1400-8-30,2021-11-21
904,اخزا9172,اسنادخزانه-م17بودجه99-010226,1,220000,198110000000,899148,900500,900500,1352,0.15,900500,1352,0.15,900500,900500,1400-8-30,2021-11-21
905,صگل039,صكوك اجاره گل گهر039-3ماهه20%,1,119,121380000,1010000,1020000,1020000,10000,0.99,1020000,10000,0.99,1020000,1020000,1400-8-30,2021-11-21
906,ضملت1136,اختيارخ وبملت-4500-1400/11/13,1,10,990000,103,99,99,-4,-3.88,99,-4,-3.88,99,99,1400-8-30,2021-11-21
907,وسخراش,شركت س استان خراسان شمالي,1,4647,6045747,1369,1301,1301,-68,-4.97,1369,0,0,1301,1301,1400-8-30,2021-11-21
908,كمند2,صندوق س. با درآمد ثابت كمند,1,7500000,7500000,10078,1,1,-10077,-99.99,1,-10077,-99.99,1,1,1400-8-30,2021-11-21
909,پاكشو2,گروه صنعتي پاكشو,1,80000000,485600000000,6020,6070,6070,50,0.83,6070,50,0.83,6070,6070,1400-8-30,2021-11-21
910,سپيدما2,صندوق س. سپيد دماوند-د,1,10000000,10000000,11403,1,1,-11402,-99.99,1,-11402,-99.99,1,1,1400-8-30,2021-11-21
