,نماد,نام,تعداد,حجم,ارزش,دیروز,اولین,آخرین معامله - مقدار,آخرین معامله - تغییر,آخرین معامله - درصد,قیمت پایانی - مقدار,قیمت پایانی - تغییر,قیمت پایانی - درصد,کمترین,بیشترین,تاریخ,gregorian_date
0,پالايش,صندوق پالايشي يكم-سهام,34231,46825262,3382634287000,73050,72500,71180,-1870,-2.56,72240,-810,-1.11,71000,74230,1400-2-26,2021-05-16
1,دارا يكم,صندوق واسطه گري مالي يكم-سهام,20296,16764687,2207437102970,131060,129990,131850,790,0.6,131670,610,0.47,128960,133420,1400-2-26,2021-05-16
2,بركت,گروه دارويي بركت,17690,48887338,1327310459190,27380,26640,26600,-780,-2.85,27150,-230,-0.84,26150,28000,1400-2-26,2021-05-16
3,خودرو,ايران‌ خودرو,16727,1000997689,2042897794171,1950,1930,2047,97,4.97,2041,91,4.67,1925,2047,1400-2-26,2021-05-16
4,شپنا,پالايش نفت اصفهان,15785,107583700,1169924869860,10940,10920,10670,-270,-2.47,10870,-70,-0.64,10610,11190,1400-2-26,2021-05-16
5,كزغال,زغال سنگ پروده طبس,13374,12685855,396046205624,32696,31250,31240,-1456,-4.45,31220,-1476,-4.51,31062,32200,1400-2-26,2021-05-16
6,خزاميا,زامياد,13281,164701850,1343483102160,8230,7820,8280,50,0.61,8160,-70,-0.85,7820,8580,1400-2-26,2021-05-16
7,فملي,ملي‌ صنايع‌ مس‌ ايران‌,12982,69975993,914091423500,13210,13020,12870,-340,-2.57,13060,-150,-1.14,12860,13440,1400-2-26,2021-05-16
8,شبندر,پالايش نفت بندرعباس,11294,46139879,1032716745180,22310,22650,21850,-460,-2.06,22380,70,0.31,21700,23300,1400-2-26,2021-05-16
9,كاما,باما,10173,57313898,623256289310,10940,10670,11000,60,0.55,10870,-70,-0.64,10510,11130,1400-2-26,2021-05-16
10,فگستر,گسترش صنايع روي ايرانيان,10059,2500679,17032124669,6487,6811,6811,324,4.99,6811,324,4.99,6811,6811,1400-2-26,2021-05-16
11,آريا,پليمر آريا ساسول,9018,6316033,581772218116,90987,89540,92759,1772,1.95,92110,1123,1.23,89540,93510,1400-2-26,2021-05-16
12,شستا,سرمايه گذاري تامين اجتماعي,8666,30192098,328481300120,11000,10760,10790,-210,-1.91,10880,-120,-1.09,10760,11150,1400-2-26,2021-05-16
13,وتجارت,بانك تجارت,8288,238207141,584981967906,2424,2375,2474,50,2.06,2456,32,1.32,2325,2500,1400-2-26,2021-05-16
14,فولاد,فولاد مباركه اصفهان,8088,51548294,656634827320,12910,12940,12580,-330,-2.56,12740,-170,-1.32,12580,13090,1400-2-26,2021-05-16
15,كرمان,س. توسعه و عمران استان كرمان,7929,251908596,274336928846,1059,1042,1097,38,3.59,1089,30,2.83,1042,1109,1400-2-26,2021-05-16
16,خبهمن,گروه‌بهمن‌,7739,555227580,746678270486,1285,1250,1349,64,4.98,1345,60,4.67,1250,1349,1400-2-26,2021-05-16
17,فروي,ذوب روي اصفهان,7709,9003907,457944178764,53434,50763,50763,-2671,-5,50861,-2573,-4.82,50763,51830,1400-2-26,2021-05-16
18,شتران,پالايش نفت تهران,7671,52153482,422714168880,8240,8200,7970,-270,-3.28,8110,-130,-1.58,7950,8410,1400-2-26,2021-05-16
19,امينح,ح . تامين سرمايه امين,7345,6091600,28976540456,4744,4810,4800,56,1.18,4757,13,0.27,4651,4840,1400-2-26,2021-05-16
20,وسپهر,سرمايه گذاري مالي سپهرصادرات,7233,18283597,166288859247,9179,9098,9095,-84,-0.92,9095,-84,-0.92,9094,9150,1400-2-26,2021-05-16
21,خگستر,گسترش‌سرمايه‌گذاري‌ايران‌خودرو,7051,321926291,738146821869,2191,2194,2300,109,4.97,2293,102,4.66,2182,2300,1400-2-26,2021-05-16
22,خمحركه,نيرو محركه‌,6972,97951944,414466475155,4395,4176,4176,-219,-4.98,4231,-164,-3.73,4176,4359,1400-2-26,2021-05-16
23,ختوقا,قطعات‌ اتومبيل‌ ايران‌,6883,142664614,330004529353,2370,2252,2341,-29,-1.22,2313,-57,-2.41,2252,2410,1400-2-26,2021-05-16
24,بوعلي,پتروشيمي بوعلي سينا,6150,2990940,132338363320,43770,44150,44520,750,1.71,44250,480,1.1,43930,44610,1400-2-26,2021-05-16
25,ثاميد,توسعه و عمران اميد,5970,40845287,54553241644,1338,1301,1330,-8,-0.6,1336,-2,-0.15,1301,1362,1400-2-26,2021-05-16
26,حكشتي,كشتيراني جمهوري اسلامي ايران,5967,18391733,303683000410,16240,16570,16130,-110,-0.68,16510,270,1.66,16030,16980,1400-2-26,2021-05-16
27,وبصادر,بانك صادرات ايران,5408,141519578,310018029422,2169,2160,2204,35,1.61,2191,22,1.01,2110,2231,1400-2-26,2021-05-16
28,اپال,فرآوري معدني اپال كاني پارس,5361,6648680,117516042290,16760,17600,17910,1150,6.86,17640,880,5.25,17500,17980,1400-2-26,2021-05-16
29,ذوب,سهامي ذوب آهن  اصفهان,5239,93954499,317188138590,3467,3340,3310,-157,-4.53,3376,-91,-2.62,3300,3479,1400-2-26,2021-05-16
30,ورنا,سرمايه‌گذاري‌ رنا(هلدينگ‌,4926,41154566,213150154340,5190,4940,5240,50,0.96,5180,-10,-0.19,4940,5370,1400-2-26,2021-05-16
31,وكبهمن,مديريت سرمايه گذاري كوثربهمن,4850,1639634,17562635208,10521,10713,10739,218,2.07,10711,190,1.81,10550,10900,1400-2-26,2021-05-16
32,بترانس,ايران‌ ترانسفو,4801,113220725,304226539863,2586,2520,2642,56,2.17,2687,101,3.91,2510,2715,1400-2-26,2021-05-16
33,بپيوند,برق و انرژي پيوندگستر پارس,4430,4617314,50650200342,10942,10770,11222,280,2.56,10970,28,0.26,10395,11269,1400-2-26,2021-05-16
34,فجر,فولاد اميركبيركاشان,4408,9206749,611687754030,64800,66090,67390,2590,4,66440,1640,2.53,65040,67990,1400-2-26,2021-05-16
35,امين,تامين سرمايه امين,4355,3397720,23726039570,6980,6750,6990,10,0.14,6980,0,0,6750,7000,1400-2-26,2021-05-16
36,پترول,گ.س.وت.ص.پتروشيمي خليج فارس,4314,24458801,217523413850,8910,9030,8780,-130,-1.46,8890,-20,-0.22,8640,9030,1400-2-26,2021-05-16
37,وپارس,بانك‌پارسيان‌,4223,150980937,387252318296,2463,2472,2586,123,4.99,2565,102,4.14,2472,2586,1400-2-26,2021-05-16
38,وپاسار,بانك  پاسارگاد,3891,49807619,852095106660,17070,17080,17130,60,0.35,17110,40,0.23,17080,17130,1400-2-26,2021-05-16
39,فارس,صنايع پتروشيمي خليج فارس,3760,29089530,268332489480,9000,9140,9400,400,4.44,9220,220,2.44,8970,9440,1400-2-26,2021-05-16
40,ولساپا,ليزينگ رايان‌ سايپا,3663,93081890,268314557424,2980,2831,2843,-137,-4.6,2883,-97,-3.26,2831,2952,1400-2-26,2021-05-16
41,كچاد,معدني‌وصنعتي‌چادرملو,3541,14509995,327156399730,22050,22700,22140,90,0.41,22550,500,2.27,22050,23000,1400-2-26,2021-05-16
42,سيتا,سرمايه گذاري سيمان تامين,3398,6200824,93016315040,15000,15000,15000,0,0,15000,0,0,15000,15020,1400-2-26,2021-05-16
43,پيزد,مجتمع صنايع لاستيك يزد,3351,401225,22919963061,58864,56000,57000,-1864,-3.17,57125,-1739,-2.95,56000,58000,1400-2-26,2021-05-16
44,وخارزم,سرمايه گذاري خوارزمي,3228,32058884,137223065259,4331,4270,4237,-94,-2.17,4280,-51,-1.18,4146,4456,1400-2-26,2021-05-16
45,شلعاب,لعابيران‌,3222,17299187,233139970290,21890,13100,13100,-8790,-40.16,13480,-8410,-38.42,12800,13750,1400-2-26,2021-05-16
46,شگويا,پتروشيمي تندگويان,3184,13051719,117938064068,9117,9130,8904,-213,-2.34,9036,-81,-0.89,8850,9270,1400-2-26,2021-05-16
47,وساپا,سرمايه‌گذاري‌ سايپا,3167,41379858,210630915874,4964,4780,5075,111,2.24,5090,126,2.54,4780,5208,1400-2-26,2021-05-16
48,ومعادنح,ح . توسعه‌معادن‌وفلزات‌,3160,25562895,155056001560,6050,6200,5950,-100,-1.65,6070,20,0.33,5710,6280,1400-2-26,2021-05-16
49,امين يكم,صندوق درآمد ثابت امين يكم فردا,2963,89072795,903990274798,10136,10146,10150,14,0.14,10149,13,0.13,10140,10152,1400-2-26,2021-05-16
50,فخوز,فولاد  خوزستان,2922,17818044,272952140560,15140,14730,15300,160,1.06,15320,180,1.19,14730,15600,1400-2-26,2021-05-16
51,خساپا,سايپا,2912,218853528,425232404904,1851,1943,1943,92,4.97,1943,92,4.97,1943,1943,1400-2-26,2021-05-16
52,بگيلان,توسعه مسير برق گيلان,2883,497245,9739838176,19892,19600,19450,-442,-2.22,19804,-88,-0.44,19410,19740,1400-2-26,2021-05-16
53,ومعادن,توسعه‌معادن‌وفلزات‌,2764,28321703,228220305070,7940,8080,8010,70,0.88,8060,120,1.51,7810,8160,1400-2-26,2021-05-16
54,آبادا,توليد نيروي برق آبادان,2722,1726845,18899410690,11500,10930,10930,-570,-4.96,10940,-560,-4.87,10930,11200,1400-2-26,2021-05-16
55,وخارزمح,ح.سرمايه گذاري خوارزمي,2654,11182921,32953699405,2954,3048,2902,-52,-1.76,2947,-7,-0.24,2850,3048,1400-2-26,2021-05-16
56,وبانك,سرمايه گذاري گروه توسعه ملي,2554,21683222,154823303140,7250,7020,7150,-100,-1.38,7140,-110,-1.52,7020,7250,1400-2-26,2021-05-16
57,ساراب,سيمان‌ داراب‌,2537,8811510,187784737820,21560,20490,21750,190,0.88,21310,-250,-1.16,20490,22500,1400-2-26,2021-05-16
58,شپترو,پتروشيمي آبادان,2391,42811732,200293067828,4615,4675,4737,122,2.64,4678,63,1.37,4512,4753,1400-2-26,2021-05-16
59,وپست,پست بانك ايران,2348,14863134,305841717010,19890,19220,20880,990,4.98,20580,690,3.47,19220,20880,1400-2-26,2021-05-16
60,كمند,صندوق س. با درآمد ثابت كمند,2341,83016161,835208329465,10055,10061,10061,6,0.06,10061,6,0.06,10060,10063,1400-2-26,2021-05-16
61,اخابر,مخابرات ايران,2316,16358565,137248800960,8540,8210,8240,-300,-3.51,8390,-150,-1.76,8170,8720,1400-2-26,2021-05-16
62,غگل,گلوكوزان‌,2168,22502769,60629707966,2710,2651,2700,-10,-0.37,2694,-16,-0.59,2626,2760,1400-2-26,2021-05-16
63,آسيا,بيمه آسيا,2056,45695835,84478601132,1791,1820,1880,89,4.97,1849,58,3.24,1751,1880,1400-2-26,2021-05-16
64,نوري,پتروشيمي نوري,1910,1852250,110504146060,59930,60460,58750,-1180,-1.97,59660,-270,-0.45,58070,60800,1400-2-26,2021-05-16
65,خاور,ايران خودرو ديزل,1899,24245852,117154311803,4888,4742,4881,-7,-0.14,4832,-56,-1.15,4742,4950,1400-2-26,2021-05-16
66,ونوين,بانك‌اقتصادنوين‌,1783,34797207,146299386517,4183,4070,4240,57,1.36,4204,21,0.5,4070,4289,1400-2-26,2021-05-16
67,ونيكي,سرمايه‌گذاري‌ ملي‌ايران‌,1763,15456946,124696826790,7750,7460,8130,380,4.9,8070,320,4.13,7460,8130,1400-2-26,2021-05-16
68,حفاري,حفاري شمال,1675,14139349,84996010140,6050,5990,6000,-50,-0.83,6010,-40,-0.66,5900,6180,1400-2-26,2021-05-16
69,وغدير,سرمايه‌گذاري‌غدير(هلدينگ‌,1674,10074674,101670068810,10250,9900,10060,-190,-1.85,10120,-130,-1.27,9900,10290,1400-2-26,2021-05-16
70,ميدكو,هلدينگ صنايع  معدني خاورميانه,1660,6076363,217248183884,34382,35000,36101,1719,5,35753,1371,3.99,34501,36101,1400-2-26,2021-05-16
71,شبريز,پالايش نفت تبريز,1644,4377117,113678295360,26720,25600,25390,-1330,-4.98,25970,-750,-2.81,25390,27130,1400-2-26,2021-05-16
72,كگل,معدني و صنعتي گل گهر,1639,11578014,166331249880,14500,14650,14110,-390,-2.69,14370,-130,-0.9,14020,14770,1400-2-26,2021-05-16
73,ماديرا,صنايع ماديران,1631,13185399,98844351365,7446,7300,7612,166,2.23,7497,51,0.68,7220,7690,1400-2-26,2021-05-16
74,صبا,سرمايه گذاري صبا تامين,1547,4291985,31919830237,7544,7360,7407,-137,-1.82,7515,-29,-0.38,7351,7580,1400-2-26,2021-05-16
75,قرن,پديده شيمي قرن,1534,860961,52841891010,61450,61500,61300,-150,-0.24,61380,-70,-0.11,60310,62140,1400-2-26,2021-05-16
76,اعتماد,صندوق س.اعتماد آفرين پارسيان-د,1513,27094500,987434006360,36425,36445,36443,18,0.05,36444,19,0.05,36442,36447,1400-2-26,2021-05-16
77,وسينا,بانك سينا,1497,30077164,78216433354,2565,2438,2660,95,3.7,2601,36,1.4,2438,2678,1400-2-26,2021-05-16
78,كيان,صندوق س. با درآمد ثابت كيان,1483,19156031,544899222195,28430,28445,28447,17,0.06,28445,15,0.05,28444,28449,1400-2-26,2021-05-16
79,تسه0001,امتيازتسهيلات مسكن فروردين1400,1350,38323,22421422915,565314,572223,586500,21186,3.75,585064,19750,3.49,571122,593579,1400-2-26,2021-05-16
80,پرديس,سرمايه گذاري پرديس,1349,12597469,61739140680,5430,4890,4890,-540,-9.94,4900,-530,-9.76,4890,5060,1400-2-26,2021-05-16
81,هرمز,فولاد هرمزگان جنوب,1342,7741682,122100823431,15352,15840,15770,418,2.72,15757,405,2.64,15400,16100,1400-2-26,2021-05-16
82,پرداخت,به پرداخت ملت,1327,9450266,220520772700,24550,23330,23330,-1220,-4.97,23330,-1220,-4.97,23330,23720,1400-2-26,2021-05-16
83,فنوال,نورد آلومينيوم‌,1248,2434721,68897665130,27460,27460,28600,1140,4.15,28300,840,3.06,27100,28830,1400-2-26,2021-05-16
84,بجهرم,توسعه مولد نيروگاهي جهرم,1239,14706581,33463923500,2278,2247,2257,-21,-0.92,2275,-3,-0.13,2211,2330,1400-2-26,2021-05-16
85,تملت,تامين سرمايه بانك ملت,1191,5506339,27044563138,4938,4980,4883,-55,-1.11,4912,-26,-0.53,4817,5050,1400-2-26,2021-05-16
86,معيار ,سرمايه گذاري معيار صنعت پارس,1091,1221000,73919580855,60526,59000,58711,-1815,-3,60540,14,0.02,58711,62341,1400-2-26,2021-05-16
87,وگردش,بانك گردشگري,1089,11836064,181461262277,15204,14748,15390,186,1.22,15331,127,0.84,14748,15660,1400-2-26,2021-05-16
88,وسكرد,شركت س استان كردستان,1080,50750599,30157154914,623,592,592,-31,-4.98,594,-29,-4.65,592,618,1400-2-26,2021-05-16
89,وثوق,سرمايه گذاري وثوق امين,1072,2597062,44010055304,16486,16980,16980,494,3,16946,460,2.79,16530,16980,1400-2-26,2021-05-16
90,شيران,س. صنايع‌شيميايي‌ايران,1068,2380090,51140748590,21440,20890,21440,0,0,21470,30,0.14,20890,22100,1400-2-26,2021-05-16
91,وصنعت,سرمايه گذاري توسعه صنعت وتجارت,1067,13280722,73119227360,5680,5620,5520,-160,-2.82,5510,-170,-2.99,5430,5680,1400-2-26,2021-05-16
92,شجم,صنايع پتروشيمي تخت جمشيد,1061,7456621,69642675115,9534,9500,9302,-232,-2.43,9340,-194,-2.03,9248,9653,1400-2-26,2021-05-16
93,آگاس,صندوق س.هستي بخش آگاه-س,1059,1150619,74025048357,64593,64451,63860,-733,-1.13,64335,-258,-0.4,63801,65220,1400-2-26,2021-05-16
94,خفولا,خدمات فني فولاد يزد,1051,4531043,195247173913,41836,43091,43091,1255,3,43091,1255,3,43091,43091,1400-2-26,2021-05-16
95,توريل,توكاريل,1030,3768918,61492730236,16906,16125,16061,-845,-5,16316,-590,-3.49,16061,16980,1400-2-26,2021-05-16
96,دكپسول,توليد ژلاتين كپسول ايران,1026,1748611,56020578261,30610,30853,32119,1509,4.93,32037,1427,4.66,30853,32140,1400-2-26,2021-05-16
97,خكرمان,گروه اقتصادي كرمان خودرو,1019,24309617,82865034158,3314,3230,3413,99,2.99,3409,95,2.87,3230,3413,1400-2-26,2021-05-16
98,كگلح,ح . معدني و صنعتي گل گهر,1012,3775549,43016257270,11950,11950,11280,-670,-5.61,11390,-560,-4.69,11120,11990,1400-2-26,2021-05-16
99,شلرد,كود شيميايي اوره لردگان,1001,8759111,55546109533,6430,6242,6340,-90,-1.4,6342,-88,-1.37,6238,6500,1400-2-26,2021-05-16
100,آوا,صندوق س.سهام آواي معيار-س,1001,11448311,76689151231,6623,6660,6701,78,1.18,6699,76,1.15,6590,6775,1400-2-26,2021-05-16
101,تاپيكو,س. نفت و گاز و پتروشيمي تأمين,975,6610547,66509509490,10110,9950,10120,10,0.1,10080,-30,-0.3,9910,10170,1400-2-26,2021-05-16
102,ونفت,سرمايه‌گذاري‌ صنعت‌ نفت‌,974,6778324,98645396790,13870,14560,14560,690,4.97,14550,680,4.9,14210,14560,1400-2-26,2021-05-16
103,وشهر,بانك شهر,966,8493042,43807348617,5339,5126,5199,-140,-2.62,5158,-181,-3.39,5126,5350,1400-2-26,2021-05-16
104,سرو,صندوق س سروسودمند مدبران-سهام,959,948166,60397960340,63550,63500,63660,110,0.17,63700,150,0.24,62600,64750,1400-2-26,2021-05-16
105,گكوثر,هتل پارسيان كوثر اصفهان,947,13916259,30059680403,2191,2112,2110,-81,-3.7,2160,-31,-1.41,2088,2249,1400-2-26,2021-05-16
106,ارفع,شركت آهن و فولاد ارفع,930,7901743,114595040702,14092,13950,14600,508,3.6,14503,411,2.92,13760,14650,1400-2-26,2021-05-16
107,البرز,بيمه البرز,916,13306921,48843237111,3765,3749,3610,-155,-4.12,3671,-94,-2.5,3600,3765,1400-2-26,2021-05-16
108,سخزر,سيمان‌ خزر,899,2637138,51231587240,20420,19400,19400,-1020,-5,19430,-990,-4.85,19400,20300,1400-2-26,2021-05-16
109,خصدرا,صنعتي‌ دريايي‌ ايران‌,898,17667931,42441747375,2468,2400,2394,-74,-3,2402,-66,-2.67,2394,2460,1400-2-26,2021-05-16
110,خريخت,صنايع‌ريخته‌گري‌ايران‌,890,12484965,32947001396,2753,2616,2630,-123,-4.47,2639,-114,-4.14,2616,2740,1400-2-26,2021-05-16
111,رانفور,خدمات‌انفورماتيك‌,880,5863705,36681110300,6240,6210,6270,30,0.48,6250,10,0.16,6150,6390,1400-2-26,2021-05-16
112,تسه9912,امتياز تسهيلات مسكن اسفند99,863,15260,8930219140,565105,580000,593360,28255,5,585204,20099,3.56,560555,593360,1400-2-26,2021-05-16
113,جم پيلن,پلي پروپيلن جم - جم پيلن,861,1080414,76910871740,74200,74300,70920,-3280,-4.42,71190,-3010,-4.06,70490,75710,1400-2-26,2021-05-16
114,طلا,صندوق س.پشتوانه طلاي لوتوس,853,521772,38519266746,73326,74790,73050,-276,-0.38,73824,498,0.68,72809,74800,1400-2-26,2021-05-16
115,شپديس,پتروشيمي پرديس,840,2043004,192783507120,94220,94820,93950,-270,-0.29,94360,140,0.15,93010,97000,1400-2-26,2021-05-16
116,جوين,كشت و صنعت جوين,839,12523616,57076931222,4585,4451,4599,14,0.31,4558,-27,-0.59,4448,4620,1400-2-26,2021-05-16
117,فايرا,آلومينيوم‌ايران‌,830,4049098,74516355670,18240,17480,18530,290,1.59,18400,160,0.88,17480,18530,1400-2-26,2021-05-16
118,زاگرس,پتروشيمي زاگرس,821,414322,88325614018,208074,212000,213400,5326,2.56,212390,4316,2.07,208100,214000,1400-2-26,2021-05-16
119,كماسه,تامين‌ ماسه‌ ريخته‌گري‌,811,1489781,45944581370,32410,30790,30790,-1620,-5,30840,-1570,-4.84,30790,31520,1400-2-26,2021-05-16
120,سامان,بانك سامان,809,8991825,81432195865,8891,8625,9157,266,2.99,9056,165,1.86,8625,9157,1400-2-26,2021-05-16
121,لوتوس,تامين سرمايه لوتوس پارسيان,801,12207765,93453435950,8020,7620,7640,-380,-4.74,7660,-360,-4.49,7620,7900,1400-2-26,2021-05-16
122,سفارس,سيمان فارس و خوزستان,780,2847256,44156946630,15810,15700,15350,-460,-2.91,15510,-300,-1.9,15200,15900,1400-2-26,2021-05-16
123,سشرق,سيمان‌ شرق‌,778,4662035,26516656710,5720,5720,5600,-120,-2.1,5690,-30,-0.52,5500,5880,1400-2-26,2021-05-16
124,وثنو,سرمايه گذاري ساختماني نوين,777,5686884,25666384032,4413,4283,4460,47,1.07,4513,100,2.27,4283,4545,1400-2-26,2021-05-16
125,كنور,توسعه معدني و صنعتي صبانور,774,1156771,56884578850,51180,50300,48890,-2290,-4.47,49210,-1970,-3.85,48630,50990,1400-2-26,2021-05-16
126,كاوه,فولاد كاوه جنوب كيش,770,4235868,85261893430,20170,19310,19760,-410,-2.03,20140,-30,-0.15,19310,20490,1400-2-26,2021-05-16
127,فاسمين,كالسيمين‌,762,2778850,39429413600,14430,14150,14010,-420,-2.91,14190,-240,-1.66,13860,14500,1400-2-26,2021-05-16
128,ضخود7075,اختيارخ خودرو-2000-1400/07/07,747,26123,6377565000,191,194,280,89,46.6,244,53,27.75,150,292,1400-2-26,2021-05-16
129,كروي,توسعه‌ معادن‌ روي‌ ايران‌,747,1509154,34656868160,23830,23960,22680,-1150,-4.83,22960,-870,-3.65,22640,23970,1400-2-26,2021-05-16
130,جم,پتروشيمي جم,747,1664288,57161873380,35230,34410,34200,-1030,-2.92,34710,-520,-1.48,33980,35900,1400-2-26,2021-05-16
131,فسپا,گروه‌صنعتي‌سپاهان‌,746,1938301,68677352790,35180,35540,35000,-180,-0.51,35430,250,0.71,34550,36290,1400-2-26,2021-05-16
132,فباهنرح,ح . مس‌ شهيدباهنر,735,1816944,28653174430,16080,16000,15670,-410,-2.55,15770,-310,-1.93,15600,16250,1400-2-26,2021-05-16
133,تايرا,تراكتورسازي‌ايران‌,727,1524566,39111736930,25220,23960,25650,430,1.7,25650,430,1.7,23960,26430,1400-2-26,2021-05-16
134,رمپنا,گروه مپنا (سهامي عام),723,2131259,30542808020,14530,14240,14350,-180,-1.24,14480,-50,-0.34,14010,14670,1400-2-26,2021-05-16
135,ضخود7077,اختيارخ خودرو-3000-1400/07/07,718,37384,2584243000,48,56,73,25,52.08,69,21,43.75,55,75,1400-2-26,2021-05-16
136,همراه,شركت ارتباطات سيار ايران,714,3132773,70038003580,22500,22130,22000,-500,-2.22,22400,-100,-0.44,21820,22710,1400-2-26,2021-05-16
137,وسيستا,شركت س استان سيستان وبلوچستان,713,45527613,30503542710,705,670,670,-35,-4.96,680,-25,-3.55,670,671,1400-2-26,2021-05-16
138,شصدف,صنعتي دوده فام,708,137329,4545589900,31524,33100,33100,1576,5,31977,453,1.44,33100,33100,1400-2-26,2021-05-16
139,حتايد,تايدواترخاورميانه,708,1629808,39142420290,24450,23700,23730,-720,-2.94,24020,-430,-1.76,23520,24900,1400-2-26,2021-05-16
140,واتي,سرمايه‌ گذاري‌ آتيه‌ دماوند,700,4955254,47297714040,9530,9400,9720,190,1.99,9540,10,0.1,9220,9790,1400-2-26,2021-05-16
141,پاكشو,گروه صنعتي پاكشو,698,4684286,28521356050,6270,6000,6110,-160,-2.55,6230,-40,-0.64,5990,6260,1400-2-26,2021-05-16
142,تاصيكو,سرمايه گذاري صدرتامين,697,5340512,53361439670,10120,9940,10070,-50,-0.49,10060,-60,-0.59,9850,10140,1400-2-26,2021-05-16
143,بميلا,توسعه بازرگاني آهن وفولادميلاد,688,5170811,69535643815,13749,13337,13337,-412,-3,13448,-301,-2.19,13337,13980,1400-2-26,2021-05-16
144,غسالم,سالمين‌,686,7163359,24738815184,3631,3450,3450,-181,-4.98,3454,-177,-4.87,3450,3586,1400-2-26,2021-05-16
145,فنورد,نوردوقطعات‌ فولادي‌,683,235237,38389621400,160560,160830,167500,6940,4.32,163200,2640,1.64,157200,168570,1400-2-26,2021-05-16
146,والبر,سرمايه‌ گذاري‌ البرز(هلدينگ‌,672,1817980,25656150680,14590,14400,13880,-710,-4.87,14140,-450,-3.08,13880,14580,1400-2-26,2021-05-16
147,وكار,بانك‌ كارآفرين‌,670,13983593,38830983931,2800,2670,2825,25,0.89,2780,-20,-0.71,2660,2850,1400-2-26,2021-05-16
148,شسپا,نفت سپاهان,659,2107742,32481081650,15680,15600,15410,-270,-1.72,15530,-150,-0.96,15150,15670,1400-2-26,2021-05-16
149,پارند,صندوق س. پارند پايدار سپهر,659,16559268,185952562493,11215,11221,11230,15,0.13,11230,15,0.13,11220,11240,1400-2-26,2021-05-16
150,واعتبار,سرمايه گذاري اعتبار ايران,655,7754631,73292421820,9940,9450,9450,-490,-4.93,9450,-490,-4.93,9450,9720,1400-2-26,2021-05-16
151,سرچشمه,سرمايه گذاري مس سرچشمه,639,6596902,41226698073,5983,6000,6282,299,5,6249,266,4.45,6000,6282,1400-2-26,2021-05-16
152,ما,بيمه  ما,636,3775128,31297535180,8010,8300,8400,390,4.87,8290,280,3.5,8200,8410,1400-2-26,2021-05-16
153,واحيا,م .صنايع و معادن احياء سپاهان,636,965641,146341337320,155276,155793,150700,-4576,-2.95,151548,-3728,-2.4,150618,155793,1400-2-26,2021-05-16
154,سكه0012پ01,تمام سكه طرح جديد0012رفاه,614,300400,307871829300,1019012,1030111,1020000,988,0.1,1024873,5861,0.58,1015000,1038000,1400-2-26,2021-05-16
155,وتوكا,سرمايه‌گذاري‌توكافولاد(هلدينگ,614,2782942,28358832390,10260,10500,10040,-220,-2.14,10190,-70,-0.68,10000,10500,1400-2-26,2021-05-16
156,شبهرن,نفت‌ بهران‌,608,2166852,24581104870,11310,11190,11280,-30,-0.27,11330,20,0.18,11180,11490,1400-2-26,2021-05-16
157,خديزل,بهمن  ديزل,605,1249463,51102884275,39222,39228,41173,1951,4.97,40900,1678,4.28,37280,41183,1400-2-26,2021-05-16
158,فولاژ,فولاد آلياژي ايران,585,2065433,30832117560,15380,14700,14900,-480,-3.12,15190,-190,-1.24,14620,15340,1400-2-26,2021-05-16
159,ومهان,گروه توسعه مالي مهر آيندگان,581,2359695,29353096639,12564,12331,12400,-164,-1.31,12490,-74,-0.59,12331,12630,1400-2-26,2021-05-16
160,پارس,پتروشيمي پارس,577,839763,121583073270,143730,145900,145400,1670,1.16,144780,1050,0.73,144450,145950,1400-2-26,2021-05-16
161,وپترو,سرمايه‌گذاري صنايع پتروشيمي‌,567,2101059,26016046560,12890,12260,12520,-370,-2.87,12380,-510,-3.96,12250,12750,1400-2-26,2021-05-16
162,بپاس,بيمه پاسارگاد,559,639809,56803287328,88252,88300,89549,1297,1.47,88551,299,0.34,88250,89699,1400-2-26,2021-05-16
163,افق,فروشگاههاي زنجيره اي افق كوروش,556,627382,42795170380,68730,67200,67780,-950,-1.38,68460,-270,-0.39,67200,69280,1400-2-26,2021-05-16
164,سمازن,سيمان‌مازندران‌,537,3698046,44840080740,12270,12020,12080,-190,-1.55,12130,-140,-1.14,12020,12380,1400-2-26,2021-05-16
165,سپاها,سيمان‌سپاهان‌,534,4238974,31397077520,7690,7560,7310,-380,-4.94,7410,-280,-3.64,7310,7750,1400-2-26,2021-05-16
166,فپنتا,سپنتا,533,59952,21999761310,372460,372510,364610,-7850,-2.11,366960,-5500,-1.48,360000,388000,1400-2-26,2021-05-16
167,فمراد,آلومراد,528,455437,40234758200,92830,88250,88190,-4640,-5,88340,-4490,-4.84,88190,91000,1400-2-26,2021-05-16
168,وصندوق,سرمايه‌گذاري‌صندوق‌بازنشستگي‌,524,3569635,49977620060,13910,13910,14000,90,0.65,13950,40,0.29,13430,14180,1400-2-26,2021-05-16
169,شفن,پتروشيمي فناوران,518,125777,37427539070,304610,300010,300000,-4610,-1.51,301920,-2690,-0.88,289380,306580,1400-2-26,2021-05-16
170,واميدح,ح.گروه مديريت سرمايه گذار اميد,514,1856185,13746073990,7330,7500,7450,120,1.64,7410,80,1.09,7180,7620,1400-2-26,2021-05-16
171,ثمسكن,سرمايه‌گذاري‌ مسكن‌,504,4203344,18909309391,4521,4360,4430,-91,-2.01,4499,-22,-0.49,4360,4589,1400-2-26,2021-05-16
172,شپاكسا,پاكسان‌,500,778902,18939988840,24580,23400,24100,-480,-1.95,24320,-260,-1.06,23400,24980,1400-2-26,2021-05-16
173,مدير,ص.س.مديريت ثروت ص.بازنشستگي-س,498,2300815,18213304418,7885,7840,7950,65,0.82,7916,31,0.39,7840,8000,1400-2-26,2021-05-16
174,ضسپا3004,اختيارخ خساپا-2500-1400/03/26,484,25685,619093000,14,25,22,8,57.14,24,10,71.43,19,32,1400-2-26,2021-05-16
175,تسه9911,امتياز تسهيلات مسكن بهمن99,480,7345,4284875778,565569,566000,583000,17431,3.08,583373,17804,3.15,562201,593847,1400-2-26,2021-05-16
176,وتوسم,سرمايه‌گذاري‌توسعه‌ملي‌,474,3183187,22645490730,7440,7440,7070,-370,-4.97,7110,-330,-4.44,7070,7500,1400-2-26,2021-05-16
177,ضخود4002,اختيارخ خودرو-1800-1400/04/02,473,19659,5270199000,168,150,288,120,71.43,268,100,59.52,150,300,1400-2-26,2021-05-16
178,كرماشا,صنايع پتروشيمي كرمانشاه,463,1983845,64136104300,32210,32480,31980,-230,-0.71,32330,120,0.37,31090,33820,1400-2-26,2021-05-16
179,تسه9908,امتياز تسهيلات مسكن آبان99,460,11145,6498915307,561512,560012,585000,23488,4.18,583124,21612,3.85,560012,589587,1400-2-26,2021-05-16
180,شپلي,پلي اكريل ايران,459,6143151,47799857931,7629,7781,7781,152,1.99,7781,152,1.99,7781,7781,1400-2-26,2021-05-16
181,مبين,مبين انرژي خليج فارس,452,3752790,59288344100,15690,15990,15880,190,1.21,15740,50,0.32,15540,16250,1400-2-26,2021-05-16
182,گوهران,سرمايه گذاري توسعه گوهران اميد,450,1376642,9586142461,7011,7040,7013,2,0.03,6981,-30,-0.43,6830,7210,1400-2-26,2021-05-16
183,شغدير,پتروشيمي غدير,445,1114122,71880457610,65210,63540,64010,-1200,-1.84,64520,-690,-1.06,63540,65000,1400-2-26,2021-05-16
184,ضسپا3003,اختيارخ خساپا-2000-1400/03/26,444,23517,2269174000,52,94,95,43,82.69,96,44,84.62,85,109,1400-2-26,2021-05-16
185,شلعابح,ح . لعابيران‌,443,7947140,59603550000,8070,7500,7500,-570,-7.06,7500,-570,-7.06,7500,7500,1400-2-26,2021-05-16
186,سپ,پرداخت الكترونيك سامان كيش,440,2040223,51733466320,24160,25320,25360,1200,4.97,25360,1200,4.97,24850,25360,1400-2-26,2021-05-16
187,فسازان,غلتك سازان سپاهان,437,1380955,44879658810,32360,33000,32520,160,0.49,32500,140,0.43,31420,33300,1400-2-26,2021-05-16
188,غزر,صنعتي زر ماكارون,434,358938,8259163380,25560,23010,23010,-2550,-9.98,24840,-720,-2.82,23010,23010,1400-2-26,2021-05-16
189,ضخود7076,اختيارخ خودرو-2500-1400/07/07,429,16101,2344721000,121,130,144,23,19.01,146,25,20.66,125,155,1400-2-26,2021-05-16
190,دعبيد,لابراتوارداروسازي‌  دكترعبيدي‌,428,881347,21496682650,24190,24300,24800,610,2.52,24290,100,0.41,23500,24800,1400-2-26,2021-05-16
191,سخوز,سيمان خوزستان,416,2091667,43995944710,21190,21640,21630,440,2.08,21030,-160,-0.76,20160,21660,1400-2-26,2021-05-16
192,فباهنر,مس‌ شهيدباهنر,416,622478,14545433890,23410,23800,23180,-230,-0.98,23380,-30,-0.13,23040,23800,1400-2-26,2021-05-16
193,وسكاب,س.ص.بازنشستگي كاركنان بانكها,398,2445187,11910945068,4869,4815,4822,-47,-0.97,4871,2,0.04,4814,4947,1400-2-26,2021-05-16
194,ضسپا3002,اختيارخ خساپا-1800-1400/03/26,396,20452,4088286000,102,229,195,93,91.18,200,98,96.08,194,229,1400-2-26,2021-05-16
195,بساما,بيمه سامان,395,620957,12883618065,20430,19460,20710,280,1.37,20670,240,1.17,19460,21035,1400-2-26,2021-05-16
196,شرانل,نفت ايرانول,395,600430,23940627806,39788,40239,40000,212,0.53,39851,63,0.16,39060,40540,1400-2-26,2021-05-16
197,وساخت,سرمايه‌ گذاري‌ ساختمان‌ايران‌,393,333410,14493751810,43630,42000,43710,80,0.18,43510,-120,-0.28,42000,44490,1400-2-26,2021-05-16
198,تماوندح,ح . تامين سرمايه دماوند,393,15235792,54331406692,3673,3563,3620,-53,-1.44,3566,-107,-2.91,3563,3780,1400-2-26,2021-05-16
199,سباقر,سيمان باقران,393,2720135,41317028571,15316,15000,14857,-459,-3,15189,-127,-0.83,14857,15770,1400-2-26,2021-05-16
200,سشمال,سيمان‌ شمال‌,383,1779664,15522802620,9140,8710,8690,-450,-4.92,8720,-420,-4.6,8690,9000,1400-2-26,2021-05-16
201,دزهراوي,داروسازي‌زهراوي‌,383,1750825,12526004720,7520,7160,7150,-370,-4.92,7150,-370,-4.92,7150,7200,1400-2-26,2021-05-16
202,شاراك,پتروشيمي شازند,382,818710,20765722110,25370,25080,25350,-20,-0.08,25370,0,0,25080,25940,1400-2-26,2021-05-16
203,پارسان,گسترش نفت و گاز پارسيان,379,2103781,38183079620,18160,17760,17940,-220,-1.21,18160,0,0,17760,18600,1400-2-26,2021-05-16
204,ورازي,بيمه رازي,378,2851155,22839603319,8040,8189,7904,-136,-1.69,8011,-29,-0.36,7901,8200,1400-2-26,2021-05-16
205,ارزش,صندوق س ارزش آفرين بيدار-سهام,375,2264864,20320576200,9000,8950,8950,-50,-0.56,8970,-30,-0.33,8910,9070,1400-2-26,2021-05-16
206,كگهر,سنگ آهن گهرزمين,369,466258,19882398013,42608,43109,42150,-458,-1.07,42614,6,0.01,41780,43870,1400-2-26,2021-05-16
207,زگلدشتح,ح.كشت و دام گلدشت نمونه اصفهان,366,2437996,14426157785,6011,5800,5881,-130,-2.16,5917,-94,-1.56,5800,6052,1400-2-26,2021-05-16
208,بفجر,فجر انرژي خليج فارس,364,869688,19252527660,21590,22040,22490,900,4.17,21770,180,0.83,21660,22600,1400-2-26,2021-05-16
209,وسپه,سرمايه‌گذاري‌ سپه‌,361,1545351,10116437200,6600,6610,6410,-190,-2.88,6580,-20,-0.3,6400,6710,1400-2-26,2021-05-16
210,آكورد,صندوق س. آرمان آتي كوثر-د,358,5533012,177614572417,32084,32101,32100,16,0.05,32101,17,0.05,32100,32105,1400-2-26,2021-05-16
211,تسه9910,امتياز تسهيلات مسكن دي99,354,5183,3028713920,565296,554000,580000,14704,2.6,584355,19059,3.37,554000,593560,1400-2-26,2021-05-16
212,خچرخش,چرخشگر,345,2055372,28069939540,18280,14000,13300,-4980,-27.24,13660,-4620,-25.27,13300,14000,1400-2-26,2021-05-16
213,تسه9909,امتياز تسهيلات مسكن آذر99,344,5904,3447496879,563710,556625,585000,21290,3.78,583926,20216,3.59,556625,591895,1400-2-26,2021-05-16
214,درازك,دارويي‌ رازك‌,343,973550,27513812590,29280,29300,28260,-1020,-3.48,28260,-1020,-3.48,27900,29400,1400-2-26,2021-05-16
215,پارتا,مجتمع‌صنعتي‌آرتاويل‌تاير,342,437681,13980296614,31722,32673,32180,458,1.44,31831,109,0.34,30771,32673,1400-2-26,2021-05-16
216,وتوس,توسعه‌شهري‌توس‌گستر,340,1952141,25817739210,13280,13210,13400,120,0.9,13230,-50,-0.38,13050,13440,1400-2-26,2021-05-16
217,وسگيلا,شركت س استان گيلان,340,20568715,14254119495,729,693,693,-36,-4.94,717,-12,-1.65,693,693,1400-2-26,2021-05-16
218,شاوان,پالايش نفت لاوان,336,204431,15794584753,79296,78900,75510,-3786,-4.77,78386,-910,-1.15,75500,78900,1400-2-26,2021-05-16
219,گشان,توسعه بين المللي پديده شانديز,332,750720,16854414720,22011,22451,22451,440,2,22451,440,2,22451,22451,1400-2-26,2021-05-16
220,بموتو,موتوژن‌,329,187700,9600270540,51740,52200,51020,-720,-1.39,51360,-380,-0.73,50310,52200,1400-2-26,2021-05-16
221,قشرين,قند شيرين خراسان,320,3308926,38654274952,11356,11590,11696,340,2.99,11682,326,2.87,11400,11696,1400-2-26,2021-05-16
222,تنوين,تامين سرمايه نوين,292,3200610,23411878650,7250,7260,7360,110,1.52,7280,30,0.41,7260,7430,1400-2-26,2021-05-16
223,وبشهر,توسعه‌ صنايع‌ بهشهر(هلدينگ,289,1187988,11234322840,9650,9210,9600,-50,-0.52,9580,-70,-0.73,9180,9800,1400-2-26,2021-05-16
224,افران,صندوق س افرا نماد پايدار-ثابت,286,4497966,59916384854,13313,13320,13321,8,0.06,13321,8,0.06,13320,13326,1400-2-26,2021-05-16
225,سيدكو,سرمايه گذاري توسعه صنايع سيمان,286,2640836,15308257850,5840,5760,5860,20,0.34,5800,-40,-0.68,5710,5890,1400-2-26,2021-05-16
226,ضخود7074,اختيارخ خودرو-1800-1400/07/07,285,8547,2875026000,257,262,365,108,42.02,336,79,30.74,255,393,1400-2-26,2021-05-16
227,عيار,صندوق سكه طلاي مفيد,279,220593,5763680176,26100,26421,25920,-180,-0.69,26128,28,0.11,25800,26550,1400-2-26,2021-05-16
228,سدشت,صنايع سيمان دشتستان,270,352954,24538155950,70660,70250,67130,-3530,-5,69810,-850,-1.2,67130,74100,1400-2-26,2021-05-16
229,ضپاس2001,اختيارخ وپارس-2500-1400/02/29,265,16140,1339123000,33,56,81,48,145.45,83,50,151.52,50,108,1400-2-26,2021-05-16
230,ثباغ,شهر سازي و خانه سازي باغميشه,265,1096562,15251084100,14627,13900,13896,-731,-5,13908,-719,-4.92,13896,14580,1400-2-26,2021-05-16
231,تصميم,صندوق س با درآمد ثابت تصميم,263,1223022,20005055329,16339,16369,16361,22,0.13,16357,18,0.11,16345,16369,1400-2-26,2021-05-16
232,تماوند,تامين سرمايه دماوند,260,8064165,40838788138,5220,5064,5064,-156,-2.99,5064,-156,-2.99,5064,5165,1400-2-26,2021-05-16
233,وخاور,بانك خاورميانه,255,3658662,30423174160,8390,7980,8370,-20,-0.24,8340,-50,-0.6,7980,8550,1400-2-26,2021-05-16
234,شوينده,مديريت صنعت شوينده ت.ص.بهشهر,252,507224,11718180870,23730,23780,23600,-130,-0.55,23200,-530,-2.23,22570,23780,1400-2-26,2021-05-16
235,وحكمت,بيمه حكمت صبا,250,2339406,7401643802,3240,3143,3143,-97,-2.99,3181,-59,-1.82,3143,3300,1400-2-26,2021-05-16
236,ياقوت,صندوق س ياقوت آگاه-ثابت,243,2673803,33034418142,12355,12355,12354,-1,-0.01,12355,0,0,12354,12357,1400-2-26,2021-05-16
237,سيستم,همكاران سيستم,243,1420340,34275028710,25380,24120,24850,-530,-2.09,24130,-1250,-4.93,24120,24870,1400-2-26,2021-05-16
238,شيراز,پتروشيمي‌شيراز,241,839363,42481591280,50530,50020,50600,70,0.14,50560,30,0.06,50010,52100,1400-2-26,2021-05-16
239,گوهر,صندوق سكه طلاي كيان,239,333973,16877674400,50136,51400,50721,585,1.17,50536,400,0.8,49904,51400,1400-2-26,2021-05-16
240,كاريس,صندوق س.سپهر كاريزما-س,237,617131,6614772193,10772,10772,10670,-102,-0.95,10719,-53,-0.49,10635,10897,1400-2-26,2021-05-16
241,شساخت,مهندسي و ساختمان صنايع نفت,233,197327,8521902670,43680,44938,42500,-1180,-2.7,43583,-97,-0.22,42500,44938,1400-2-26,2021-05-16
242,سصوفي,سيمان‌ صوفيان‌,232,1046126,14312376900,14380,13720,13670,-710,-4.94,13680,-700,-4.87,13670,14000,1400-2-26,2021-05-16
243,ولپارس,ليزينگ پارسيان,223,3239034,15307674684,4974,4726,4726,-248,-4.99,4726,-248,-4.99,4726,4726,1400-2-26,2021-05-16
244,زر,صندوق س.پشتوانه سكه طلاي زر,217,207604,9174181129,43588,44600,43751,163,0.37,44191,603,1.38,43000,44800,1400-2-26,2021-05-16
245,سمتاز,سيمان ممتازان كرمان,215,591777,14180725681,23689,23800,23830,141,0.6,23963,274,1.16,23350,24390,1400-2-26,2021-05-16
246,شبصير,توليدات پتروشيمي قائد بصير,210,179949,11610383967,65689,65020,66190,501,0.76,64768,-921,-1.4,63300,66399,1400-2-26,2021-05-16
247,تسه9907,امتياز تسهيلات مسكن مهر99,210,3007,1754130119,561932,561650,561000,-932,-0.17,583349,21417,3.81,561000,590000,1400-2-26,2021-05-16
248,پكرمان,گروه‌ صنعتي‌ بارز,210,454822,10784484110,23870,24160,23350,-520,-2.18,23800,-70,-0.29,23150,24300,1400-2-26,2021-05-16
249,تسه9803,امتياز تسهيلات مسكن خرداد98,209,4176,2376461793,549231,535000,564500,15269,2.78,569076,19845,3.61,531014,576692,1400-2-26,2021-05-16
250,فخاس,فولاد خراسان,202,481513,11425987150,24960,23720,23720,-1240,-4.97,24810,-150,-0.6,23720,24180,1400-2-26,2021-05-16
251,كاردان,صندوق س تجارت شاخصي كاردان,198,90331,13220381130,145880,145090,145250,-630,-0.43,146350,470,0.32,143820,147300,1400-2-26,2021-05-16
252,تيپيكو,سرمايه گذاري دارويي تامين,196,277166,9342366460,34150,33090,33710,-440,-1.29,34080,-70,-0.2,33090,33810,1400-2-26,2021-05-16
253,ثهام,صندوق س ثروت هامرز-سهام,195,355485,3554850000,10000,10000,10000,0,0,10000,0,0,10000,10000,1400-2-26,2021-05-16
254,فردا,صندوق س آواي فرداي زاگرس-ثابت,192,7539082,80615831264,10688,10693,10693,5,0.05,10693,5,0.05,10692,10695,1400-2-26,2021-05-16
255,سرود,سيمان‌شاهرود,187,498455,8345876550,16720,16520,16700,-20,-0.12,16730,10,0.06,16400,17130,1400-2-26,2021-05-16
256,ضشنا2001,اختيارخ شپنا-10000-1400/02/27,183,4692,2421209000,803,835,340,-463,-57.66,516,-287,-35.74,209,890,1400-2-26,2021-05-16
257,زپارس,ملي كشت و صنعت و دامپروري پارس,183,147651,18303348980,120710,120720,124410,3700,3.07,123960,3250,2.69,120720,124500,1400-2-26,2021-05-16
258,دلر,داروسازي‌ اكسير,182,661326,20921678870,33260,31600,31600,-1660,-4.99,31640,-1620,-4.87,31600,33170,1400-2-26,2021-05-16
259,حسينا,توسعه خدمات دريايي وبندري سينا,180,111911,6498452109,57743,57500,58200,457,0.79,57882,139,0.24,57010,58599,1400-2-26,2021-05-16
260,تسه9902,امتياز تسهيلات مسكن ارديبهشت99,180,2915,1697089904,561177,556122,580000,18823,3.35,582192,21015,3.74,555725,589235,1400-2-26,2021-05-16
261,بكهنوج,توليد برق ماهتاب كهنوج,172,2053547,3166569474,1623,1542,1542,-81,-4.99,1605,-18,-1.11,1542,1542,1400-2-26,2021-05-16
262,شخارك,پتروشيمي‌ خارك‌,172,172579,7320011780,42530,42600,42430,-100,-0.24,42520,-10,-0.02,41730,42960,1400-2-26,2021-05-16
263,شصفها,پتروشيمي‌ اصفهان‌,171,166070,20325771946,124010,121540,122345,-1665,-1.34,122393,-1617,-1.3,121530,125000,1400-2-26,2021-05-16
264,آساميد,صندوق س.مشترك آسمان اميد -د,167,6598896,79328088072,12015,12021,12021,6,0.05,12021,6,0.05,12021,12026,1400-2-26,2021-05-16
265,شراز,پالايش نفت شيراز,165,88504,8796009636,104501,99278,99276,-5225,-5,103399,-1102,-1.05,99276,101999,1400-2-26,2021-05-16
266,تسه9810,امتياز تسهيلات مسكن دي98,164,3075,1773907530,557955,551000,583000,25045,4.49,576880,18925,3.39,540055,585852,1400-2-26,2021-05-16
267,اطلس,صندوق س.توسعه اندوخته آينده-س,163,54346,10871500189,199891,198400,200000,109,0.05,200042,151,0.08,197502,201470,1400-2-26,2021-05-16
268,سپيدما,صندوق س. سپيد دماوند-د,163,8292923,85593102967,10311,10314,10321,10,0.1,10321,10,0.1,10314,10326,1400-2-26,2021-05-16
269,سكه0012پ04,تمام سكه طرح جديد0012صادرات,159,131600,134640544000,1019999,1036999,1020000,1,0,1023104,3105,0.3,1015021,1036999,1400-2-26,2021-05-16
270,تسه9904,امتياز تسهيلات مسكن تير99,158,1752,1019235017,561078,563800,578100,17022,3.03,581755,20677,3.69,563800,589131,1400-2-26,2021-05-16
271,خراسان,پتروشيمي خراسان,154,249842,17055158620,67920,68240,68020,100,0.15,68040,120,0.18,66350,69000,1400-2-26,2021-05-16
272,سكرما,سيمان‌ كرمان‌,154,1044201,14614945970,14720,14000,13990,-730,-4.96,14000,-720,-4.89,13990,14910,1400-2-26,2021-05-16
273,دالبر,البرزدارو,151,367104,4867746750,13930,13240,13240,-690,-4.95,13730,-200,-1.44,13240,13920,1400-2-26,2021-05-16
274,ضجار7040,اختيارخ وتجارت-2497-1400/07/21,151,6099,1591135000,250,280,260,10,4,261,11,4.4,250,299,1400-2-26,2021-05-16
275,تسه9905,امتياز تسهيلات مسكن مرداد99,150,1886,1095511322,559712,556111,580000,20288,3.62,580865,21153,3.78,556111,587697,1400-2-26,2021-05-16
276,كوير,توليدي فولاد سپيد فراب كوير,148,4374379,77776458620,18710,17780,17780,-930,-4.97,17780,-930,-4.97,17780,17780,1400-2-26,2021-05-16
277,دسبحانح,ح. سبحان دارو,146,92056,1007315910,11020,10690,10900,-120,-1.09,10940,-80,-0.73,10690,11300,1400-2-26,2021-05-16
278,تسه9906,امتياز تسهيلات مسكن شهريور99,145,2396,1395865797,563003,560050,590000,26997,4.8,582582,19579,3.48,560050,591000,1400-2-26,2021-05-16
279,مارون,پتروشيمي مارون,144,22263,3190669433,147387,143010,143799,-3588,-2.43,147253,-134,-0.09,141106,148690,1400-2-26,2021-05-16
280,لابسا,آبسال‌,143,178518,8490316080,52840,47560,47560,-5280,-9.99,49520,-3320,-6.28,47560,47560,1400-2-26,2021-05-16
281,آساس,صندوق س.آسمان آرماني سهام-س,143,38438,6261666603,163567,163850,163000,-567,-0.35,162903,-664,-0.41,161600,164600,1400-2-26,2021-05-16
282,سفانو,سيمان فارس نو,139,315960,10009623980,33340,31680,31680,-1660,-4.98,32120,-1220,-3.66,31680,31700,1400-2-26,2021-05-16
283,وآذر,سرمايه‌گذاري‌توسعه‌آذربايجان‌,137,43231,3279071350,84270,75850,75850,-8420,-9.99,82220,-2050,-2.43,75850,75850,1400-2-26,2021-05-16
284,دروز,داروسازي‌ روزدارو,133,518341,16628379280,33760,32080,32080,-1680,-4.98,32080,-1680,-4.98,32080,32080,1400-2-26,2021-05-16
285,تسه9903,امتياز تسهيلات مسكن خرداد99,129,1452,838257395,557891,571000,580000,22109,3.96,577312,19421,3.48,555560,585785,1400-2-26,2021-05-16
286,اتكام,شركت بيمه اتكايي امين,128,512266,2264339870,4632,4402,4403,-229,-4.94,4598,-34,-0.73,4401,4499,1400-2-26,2021-05-16
287,فاراك,ماشين‌ سازي‌ اراك‌,127,3329183,7304227502,2309,2194,2194,-115,-4.98,2248,-61,-2.64,2194,2194,1400-2-26,2021-05-16
288,شنفت,نفت‌ پارس‌,124,84464,3933097030,47010,47010,46980,-30,-0.06,46970,-40,-0.09,45380,47010,1400-2-26,2021-05-16
289,اخزا910,اسنادخزانه-م10بودجه99-020807,118,183727,110924994608,603998,602012,602300,-1698,-0.28,603749,-249,-0.04,602004,604932,1400-2-26,2021-05-16
290,خاتم,صندوق س خاتم ايساتيس پويا-ثابت,113,1945415,21615458120,11102,11104,11111,9,0.08,11111,9,0.08,11104,11114,1400-2-26,2021-05-16
291,لبوتان,گروه‌صنعتي‌بوتان‌,112,72207,3977430040,57950,55070,55060,-2890,-4.99,57210,-740,-1.28,55060,55700,1400-2-26,2021-05-16
292,وسبحان,سرمايه گذاري سبحان,111,5184755,13335189860,2707,2572,2572,-135,-4.99,2576,-131,-4.84,2572,2572,1400-2-26,2021-05-16
293,فيروزه,صندوق شاخص30 شركت فيروزه- سهام,111,30922,4013860530,130950,130900,130060,-890,-0.68,129810,-1140,-0.87,129210,131990,1400-2-26,2021-05-16
294,دمعيار,صندوق س. توازن معيار-د,110,8477441,85874639346,10122,10130,10125,3,0.03,10130,8,0.08,10125,10135,1400-2-26,2021-05-16
295,بخاور,بيمه زندگي خاورميانه,106,784793,4850877556,6502,6182,6177,-325,-5,6389,-113,-1.74,6177,6420,1400-2-26,2021-05-16
296,اخزا902,اسنادخزانه-م2بودجه99-011019,103,160007,113814590377,713438,711334,711985,-1453,-0.2,711310,-2128,-0.3,690004,713437,1400-2-26,2021-05-16
297,سپاس,صندوق س. پاداش سهامداري-ثابت,101,2500867,25159684666,10054,10062,10060,6,0.06,10060,6,0.06,10060,10064,1400-2-26,2021-05-16
298,كدما,معدني‌ دماوند,100,122515,10797246950,92760,88130,88130,-4630,-4.99,89120,-3640,-3.92,88130,88130,1400-2-26,2021-05-16
299,زعف0008پ11,زعفران0008نگين سحرخيز(پ),100,3799,461085148,120362,120500,120500,138,0.11,121370,1008,0.84,120500,123340,1400-2-26,2021-05-16
300,ضخود7072,اختيارخ خودرو-1400-1400/07/07,100,1010,725213000,619,660,769,150,24.23,718,99,15.99,650,849,1400-2-26,2021-05-16
301,كارين,صندوق س نگين سامان-ثابت,99,2150030,21818079804,10141,10146,10150,9,0.09,10148,7,0.07,10146,10151,1400-2-26,2021-05-16
302,ارمغان,ص سرمايه گذاري ارمغان ايرانيان,98,1062950,10688860223,10052,10054,10053,1,0.01,10056,4,0.04,10050,10063,1400-2-26,2021-05-16
303,ثاخت,بين‌المللي‌توسعه‌ساختمان,97,1713698,3965497172,2435,2314,2314,-121,-4.97,2401,-34,-1.4,2314,2314,1400-2-26,2021-05-16
304,كخاك,صنايع‌خاك‌چيني‌ايران‌,96,27316,995610860,37520,35650,37170,-350,-0.93,37470,-50,-0.13,35650,38680,1400-2-26,2021-05-16
305,تسه9806,امتياز تسهيلات مسكن شهريور98,96,2005,1169128601,563536,561520,590000,26464,4.7,583107,19571,3.47,561520,591711,1400-2-26,2021-05-16
306,دپارس,پارس‌ دارو,95,378323,16771058590,46660,44330,44330,-2330,-4.99,44340,-2320,-4.97,44330,44330,1400-2-26,2021-05-16
307,تكشا,گسترش‌صنايع‌وخدمات‌كشاورزي‌,92,520022,21736919600,44000,41800,41800,-2200,-5,41800,-2200,-5,41800,41800,1400-2-26,2021-05-16
308,ضملي3003,اختيارخ فملي-12000-1400/03/02,90,863,702693000,1113,800,730,-383,-34.41,814,-299,-26.86,700,1140,1400-2-26,2021-05-16
309,اتكاي,بيمه اتكايي ايرانيان,90,121458,2032999448,16245,16245,16798,553,3.4,16282,37,0.23,15850,17057,1400-2-26,2021-05-16
310,كلوند,كاشي‌ الوند,87,191843,4055561020,22250,21140,21140,-1110,-4.99,21930,-320,-1.44,21140,21140,1400-2-26,2021-05-16
311,درهآور,دارويي ره آورد تامين,83,272707,7657339853,29556,28079,28079,-1477,-5,28724,-832,-2.81,28079,28079,1400-2-26,2021-05-16
312,سبجنو,سيمان‌ بجنورد,83,533602,22851155420,56270,42950,40810,-15460,-27.47,42820,-13450,-23.9,40810,42950,1400-2-26,2021-05-16
313,تسه9901,امتياز تسهيلات مسكن فروردين99,82,906,528961460,559445,587417,573110,13665,2.44,583843,24398,4.36,555333,587417,1400-2-26,2021-05-16
314,دارا,صندوق س. دارا الگوريتم-د,81,2479545,24911228456,10045,10050,10050,5,0.05,10047,2,0.02,10033,10054,1400-2-26,2021-05-16
315,هنوري102,اختيارف ت نوري59561-01/02/15,80,300000,258000000,1430,860,860,-570,-39.86,860,-570,-39.86,860,860,1400-2-26,2021-05-16
316,چكاپا,گروه صنايع كاغذ پارس,80,345426,1682224620,5120,4870,4870,-250,-4.88,5100,-20,-0.39,4870,4870,1400-2-26,2021-05-16
317,تسه9812,امتياز تسهيلات مسكن اسفند98,80,612,352640848,556485,555599,576000,19515,3.51,576211,19726,3.54,555599,584309,1400-2-26,2021-05-16
318,وتوصا,گروه س توسعه صنعتي ايران,77,1747912,17671390320,10640,10110,10110,-530,-4.98,10110,-530,-4.98,10110,10110,1400-2-26,2021-05-16
319,سجام,مجتمع سيمان غرب آسيا,77,2924778,11821952676,4254,4042,4042,-212,-4.98,4042,-212,-4.98,4042,4042,1400-2-26,2021-05-16
320,ضشنا2000,اختيارخ شپنا-9000-1400/02/27,75,1259,1946889000,1649,1701,1251,-398,-24.14,1546,-103,-6.25,1251,1701,1400-2-26,2021-05-16
321,دانا,بيمه دانا,74,1191627,7018683030,6190,5890,5890,-300,-4.85,6030,-160,-2.58,5890,5890,1400-2-26,2021-05-16
322,تسه9811,امتياز تسهيلات مسكن بهمن98,73,750,430894682,551187,578746,578746,27559,5,574526,23339,4.23,551187,578746,1400-2-26,2021-05-16
323,تسه9808,امتياز تسهيلات مسكن آبان98,73,1239,712538493,555878,561000,568000,12122,2.18,575092,19214,3.46,545000,583671,1400-2-26,2021-05-16
324,اخزا909,اسنادخزانه-م9بودجه99-020316,72,314115,205897215155,657105,657434,655000,-2105,-0.32,655484,-1621,-0.25,651010,657434,1400-2-26,2021-05-16
325,تسه9809,امتياز تسهيلات مسكن آذر98,71,961,554454796,560347,540019,588364,28017,5,576956,16609,2.96,540019,588364,1400-2-26,2021-05-16
326,اخزا903,اسنادخزانه-م3بودجه99-011110,71,159808,112386293081,704439,700037,703900,-539,-0.08,703258,-1181,-0.17,700036,704500,1400-2-26,2021-05-16
327,سحرخيز,صندوق س. گروه زعفران سحرخيز,70,94681,797204284,8439,8500,8403,-36,-0.43,8420,-19,-0.23,8384,8500,1400-2-26,2021-05-16
328,انرژي3,سايراشخاص بورس انرژي,68,7123,1681312920,248460,236040,236040,-12420,-5,248090,-370,-0.15,236040,236040,1400-2-26,2021-05-16
329,سبزوا,سيمان لار سبزوار,67,626232,1962611088,3298,3134,3134,-164,-4.97,3275,-23,-0.7,3134,3134,1400-2-26,2021-05-16
330,وملي,گروه‌ صنعتي‌ ملي‌ (هلدينگ‌,66,11776,1882629120,168280,159870,159870,-8410,-5,167280,-1000,-0.59,159870,159870,1400-2-26,2021-05-16
331,نهال,صندوق س. طلاي سرخ نوويرا,65,90652,782478577,8747,8611,8688,-59,-0.67,8632,-115,-1.31,8600,8769,1400-2-26,2021-05-16
332,تسه9804,امتياز تسهيلات مسكن تير98,65,900,520290679,555195,545010,582900,27705,4.99,578101,22906,4.13,545010,582954,1400-2-26,2021-05-16
333,سكه0112پ03,تمام سكه طرح جديد0112سامان,64,20200,20625896600,1019051,1032999,1019000,-51,-0.01,1021084,2033,0.2,1013000,1035000,1400-2-26,2021-05-16
334,غپينو,پارس‌ مينو,64,270953,1544432100,6000,5700,5700,-300,-5,5970,-30,-0.5,5700,5700,1400-2-26,2021-05-16
335,ثنوسا,نوسازي‌وساختمان‌تهران‌,62,165953,1928373860,12910,11620,11620,-1290,-9.99,12720,-190,-1.47,11620,11620,1400-2-26,2021-05-16
336,اخزا901,اسنادخزانه-م1بودجه99-010621,61,61978,47188696615,761662,759601,761501,-161,-0.02,761378,-284,-0.04,759601,762499,1400-2-26,2021-05-16
337,سپيدار,سپيدار سيستم آسيا,61,30934,1702143350,57921,55025,55025,-2896,-5,57570,-351,-0.61,55025,55025,1400-2-26,2021-05-16
338,ضشنا2002,اختيارخ شپنا-12000-1400/02/27,61,3462,4954000,7,1,1,-6,-85.71,1,-6,-85.71,1,6,1400-2-26,2021-05-16
339,فافزا,فولاد افزا سپاهان,61,241855,11574696590,49338,47858,47858,-1480,-3,47858,-1480,-3,47858,47858,1400-2-26,2021-05-16
340,ثبهساز,بهساز كاشانه تهران,60,362837,770665788,2235,2124,2124,-111,-4.97,2230,-5,-0.22,2124,2124,1400-2-26,2021-05-16
341,وهور,مديريت انرژي اميد  تابان هور,60,759641,1444077541,2001,1901,1901,-100,-5,1998,-3,-0.15,1901,1901,1400-2-26,2021-05-16
342,فردا2,صندوق س آواي فرداي زاگرس-ثابت,60,6000000,6000000,10688,1,1,-10687,-99.99,1,-10687,-99.99,1,1,1400-2-26,2021-05-16
343,افق ملت,صندوق س در سهام افق ملت,59,12717,1580921550,125240,124500,124140,-1100,-0.88,124320,-920,-0.73,124100,125000,1400-2-26,2021-05-16
344,اخزا911,اسنادخزانه-م11بودجه99-020906,58,90306,53419053091,595006,592011,591600,-3406,-0.57,591534,-3472,-0.58,590000,593945,1400-2-26,2021-05-16
345,شتوكا,توكا رنگ فولاد سپاهان,56,1308070,64045723340,51538,48962,48962,-2576,-5,48962,-2576,-5,48962,48962,1400-2-26,2021-05-16
346,وبازار,صندوق س شاخصي بازارآشنا,56,163544,1490875860,9130,8940,9100,-30,-0.33,9120,-10,-0.11,8940,9200,1400-2-26,2021-05-16
347,ضصاد3001,اختيارخ وبصادر-2000-1400/03/12,55,2365,542414000,223,196,239,16,7.17,229,6,2.69,196,242,1400-2-26,2021-05-16
348,فاما,صنعتي‌ آما,55,843845,14134403750,17630,16750,16750,-880,-4.99,16750,-880,-4.99,16750,16750,1400-2-26,2021-05-16
349,كفپارس,فرآورده‌هاي‌ نسوز پارس‌,55,338991,1042397325,3236,3075,3075,-161,-4.98,3224,-12,-0.37,3075,3075,1400-2-26,2021-05-16
350,فيروزا,صندوق بادرآمد ثابت فيروزه آسيا,55,710423,16286870127,22914,22925,22929,15,0.07,22926,12,0.05,22925,22988,1400-2-26,2021-05-16
351,تسه9805,امتياز تسهيلات مسكن مرداد98,55,559,325388074,561197,574400,589256,28059,5,582090,20893,3.72,562020,589256,1400-2-26,2021-05-16
352,وبهمن,سرمايه‌گذاري‌بهمن‌,54,691049,9287698560,14140,13440,13440,-700,-4.95,13700,-440,-3.11,13440,13440,1400-2-26,2021-05-16
353,ساروج,بين المللي ساروج بوشهر,53,226271,3940264609,17402,17910,17829,427,2.45,17407,5,0.03,17000,17910,1400-2-26,2021-05-16
354,ونيرو,سرمايه‌گذاري‌نيرو,53,344657,828210771,2529,2403,2403,-126,-4.98,2522,-7,-0.28,2403,2403,1400-2-26,2021-05-16
355,غمارگ,مارگارين‌,50,761326,21522686020,29750,28270,28270,-1480,-4.97,28270,-1480,-4.97,28270,28270,1400-2-26,2021-05-16
356,كالا,بورس كالاي ايران,50,50426,1502694800,31360,29800,29800,-1560,-4.97,31280,-80,-0.26,29800,29800,1400-2-26,2021-05-16
357,سيلام,سيمان‌ ايلام‌,50,196517,1980891360,11200,10080,10080,-1120,-10,11040,-160,-1.43,10080,10080,1400-2-26,2021-05-16
358,ولانا,شركت ليزينگ آريا دانا,49,87784,3149163216,36983,35874,35874,-1109,-3,36604,-379,-1.02,35874,35874,1400-2-26,2021-05-16
359,اخزا908,اسنادخزانه-م8بودجه99-020606,48,176886,110386218066,626736,622222,623100,-3636,-0.58,624053,-2683,-0.43,622222,625500,1400-2-26,2021-05-16
360,شفارا,پتروشيمي فارابي,48,2137018,8041598734,3879,3763,3763,-116,-2.99,3780,-99,-2.55,3763,3763,1400-2-26,2021-05-16
361,تسه9807,امتياز تسهيلات مسكن مهر98,47,291,168077281,555566,560002,583344,27778,5,577585,22019,3.96,560002,583344,1400-2-26,2021-05-16
362,سقاين,سيمان‌ قائن‌,47,206131,12033927780,61450,58380,58380,-3070,-5,58720,-2730,-4.44,58380,58380,1400-2-26,2021-05-16
363,سكه0011پ02,تمام سكه طرح جديد0011ملت,45,10200,10475227500,1020776,1034000,1017777,-2999,-0.29,1026983,6207,0.61,1017777,1040000,1400-2-26,2021-05-16
364,غدشت,دشت‌ مرغاب‌,44,2021,523317740,287710,258940,258940,-28770,-10,286590,-1120,-0.39,258940,258940,1400-2-26,2021-05-16
365,آريان,سرمايه گذاري پارس آريان,42,264149,2798394506,10286,10594,10594,308,2.99,10296,10,0.1,10594,10594,1400-2-26,2021-05-16
366,خمهر,مهركام‌پارس‌,42,328026,705255900,2263,2150,2150,-113,-4.99,2257,-6,-0.27,2150,2150,1400-2-26,2021-05-16
367,غگرجي,بيسكويت‌  گرجي‌,42,762117,12491097630,17250,16390,16390,-860,-4.99,16460,-790,-4.58,16390,16390,1400-2-26,2021-05-16
368,پتاير,ايران‌ تاير,41,260203,900822786,3644,3462,3462,-182,-4.99,3632,-12,-0.33,3462,3462,1400-2-26,2021-05-16
369,وپويا,سرمايه گذاري پويا,41,261206,1560705850,6289,5975,5975,-314,-4.99,6254,-35,-0.56,5975,5975,1400-2-26,2021-05-16
370,زعف0008پ05,زعفران0008نگين زرين(پ),40,19254,2296558982,117357,119995,119200,1843,1.57,119277,1920,1.64,118710,119995,1400-2-26,2021-05-16
371,شكبير,پتروشيمي اميركبير,40,26421,2179002764,82597,82260,82700,103,0.12,82594,-3,0,82260,82992,1400-2-26,2021-05-16
372,فسرب,ملي‌ سرب‌وروي‌ ايران‌,40,13846,969081540,73670,69990,69990,-3680,-5,73410,-260,-0.35,69990,69990,1400-2-26,2021-05-16
373,ثشاهد,سرمايه‌ گذاري‌ شاهد,40,230795,3785038000,17260,16400,16400,-860,-4.98,17140,-120,-0.7,16400,16400,1400-2-26,2021-05-16
374,بكام,كارخانجات توليدي شهيد قندي,39,287312,1072248384,3928,3732,3732,-196,-4.99,3913,-15,-0.38,3732,3732,1400-2-26,2021-05-16
375,كهمدا,شيشه‌ همدان‌,38,354400,3398696000,10090,9590,9590,-500,-4.96,9970,-120,-1.19,9590,9590,1400-2-26,2021-05-16
376,سغرب,سيمان‌غرب‌,37,728594,21566382400,31150,29600,29600,-1550,-4.98,29600,-1550,-4.98,29600,29600,1400-2-26,2021-05-16
377,غشهد,شهد ايران ‌,37,1204661,8312160900,7260,6900,6900,-360,-4.96,7050,-210,-2.89,6900,6900,1400-2-26,2021-05-16
378,فرآور,فرآوري‌موادمعدني‌ايران‌,37,532963,17236023420,34040,32340,32340,-1700,-4.99,32340,-1700,-4.99,32340,32340,1400-2-26,2021-05-16
379,هاي وب,داده گسترعصرنوين-هاي وب,37,34359,339123330,10380,9870,9870,-510,-4.91,10370,-10,-0.1,9870,9870,1400-2-26,2021-05-16
380,ودي,بيمه  دي,37,316596,6219845016,20680,19646,19646,-1034,-5,20353,-327,-1.58,19646,19646,1400-2-26,2021-05-16
381,ولبهمن,شركت بهمن ليزينگ,37,1124520,7826659200,7326,6960,6960,-366,-5,7117,-209,-2.85,6960,6960,1400-2-26,2021-05-16
382,غشهداب,كشت و صنعت شهداب ناب خراسان,36,446921,1675953750,3947,3750,3750,-197,-4.99,3924,-23,-0.58,3750,3750,1400-2-26,2021-05-16
383,ضشنا8003,اختيارخ شپنا-8800-1400/08/16,36,532,874147000,1766,1900,1550,-216,-12.23,1643,-123,-6.96,1550,1900,1400-2-26,2021-05-16
384,واميد,گروه مديريت سرمايه گذاري اميد,36,569550,6401742000,11830,11240,11240,-590,-4.99,11800,-30,-0.25,11240,11240,1400-2-26,2021-05-16
385,تليسه,دامداري تليسه نمونه,35,191058,785630496,4328,4112,4112,-216,-4.99,4316,-12,-0.28,4112,4112,1400-2-26,2021-05-16
386,نوين,بيمه نوين,34,149126,834956474,5893,5599,5599,-294,-4.99,5876,-17,-0.29,5599,5599,1400-2-26,2021-05-16
387,اوصتا,صندوق انديشه ورزان صباتامين -د,33,942630,17570715959,18633,18635,18642,9,0.05,18640,7,0.04,18635,18650,1400-2-26,2021-05-16
388,دماوند,توليد نيروي برق دماوند,33,66614,1953388936,30867,29324,29324,-1543,-5,30820,-47,-0.15,29324,29324,1400-2-26,2021-05-16
389,زعف0008پ20,زعفران0008نگين وحدت جام(پ),31,10710,1261083567,117503,118000,117990,487,0.41,117748,245,0.21,117500,120499,1400-2-26,2021-05-16
390,خرينگ,رينگ‌سازي‌مشهد,31,88499,4345300900,51680,49100,49100,-2580,-4.99,50890,-790,-1.53,49100,49100,1400-2-26,2021-05-16
391,زعف0008پ16,زعفران0008نگين بيرجند(پ),31,9166,1083590464,117068,116030,117700,632,0.54,118218,1150,0.98,116030,118998,1400-2-26,2021-05-16
392,زرين,صندوق س. سهام زرين كوروش-س,30,35832,349090486,9771,9755,9721,-50,-0.51,9742,-29,-0.3,9721,9800,1400-2-26,2021-05-16
393,ضخود7073,اختيارخ خودرو-1600-1400/07/07,30,920,491567000,424,485,600,176,41.51,534,110,25.94,451,600,1400-2-26,2021-05-16
394,ضشنا8002,اختيارخ شپنا-7800-1400/08/16,30,299,744641000,2606,2880,2300,-306,-11.74,2490,-116,-4.45,2300,2880,1400-2-26,2021-05-16
395,بورس,بورس اوراق بهادار تهران,30,78900,2483772000,33130,31480,31480,-1650,-4.98,33050,-80,-0.24,31480,31480,1400-2-26,2021-05-16
396,لسرما,سرما آفرين‌,29,61081,1327900940,22880,21740,21740,-1140,-4.98,22770,-110,-0.48,21740,21740,1400-2-26,2021-05-16
397,فراز,صندوق س.سهام فراز داريك-س,29,170263,1758399562,10326,10326,10326,0,0,10328,2,0.02,10326,10350,1400-2-26,2021-05-16
398,ملت,بيمه ملت,28,42397,620692080,15410,14640,14640,-770,-5,15380,-30,-0.19,14640,14640,1400-2-26,2021-05-16
399,خمحور,توليدمحورخودرو,28,265741,15878024750,62890,59750,59750,-3140,-4.99,59750,-3140,-4.99,59750,59750,1400-2-26,2021-05-16
400,شاروم,پتروشيمي اروميه,28,24468,447226104,19239,18278,18278,-961,-5,19209,-30,-0.16,18278,18278,1400-2-26,2021-05-16
401,دارو,كارخانجات‌داروپخش‌,28,118111,3690968750,32890,31250,31250,-1640,-4.99,32570,-320,-0.97,31250,31250,1400-2-26,2021-05-16
402,نتوس,پشم‌ بافي‌ توس,27,74558,1554757974,21950,20853,20853,-1097,-5,21770,-180,-0.82,20853,20853,1400-2-26,2021-05-16
403,خودكفا,اقتصادي و خودكفايي آزادگان,27,57158,980202542,17679,17149,17149,-530,-3,17665,-14,-0.08,17149,17149,1400-2-26,2021-05-16
404,بايكا,كارخانجات كابلسازي ‌ايران‌,26,17454,695419722,41940,39843,39843,-2097,-5,41786,-154,-0.37,39843,39843,1400-2-26,2021-05-16
405,غمينو,شركت صنايع غذايي مينو شرق,26,37896,358230888,9950,9453,9453,-497,-4.99,9936,-14,-0.14,9453,9453,1400-2-26,2021-05-16
406,ضپاس2000,اختيارخ وپارس-2000-1400/02/29,26,719,337806000,384,100,600,216,56.25,470,86,22.4,100,600,1400-2-26,2021-05-16
407,ضملي3004,اختيارخ فملي-14000-1400/03/02,26,781,74559000,207,160,89,-118,-57,95,-112,-54.11,52,175,1400-2-26,2021-05-16
408,اخزا914,اسنادخزانه-م14بودجه99-021025,26,32159,18460526998,578226,575000,575000,-3226,-0.56,574039,-4187,-0.72,570000,579845,1400-2-26,2021-05-16
409,ستران,سيمان‌ تهران‌,25,29569,644899890,22950,21810,21810,-1140,-4.97,22900,-50,-0.22,21810,21810,1400-2-26,2021-05-16
410,قثابت,قند ثابت‌ خراسان‌,25,5654,326575040,60790,57760,57760,-3030,-4.98,60710,-80,-0.13,57760,57760,1400-2-26,2021-05-16
411,آتيمس,صندوق س.آرمان آتيه درخشان مس-س,25,7783,1341115160,171867,171900,172300,433,0.25,172313,446,0.26,171400,173699,1400-2-26,2021-05-16
412,چكارن,كارتن‌ ايران‌,25,134141,422812432,3317,3152,3152,-165,-4.97,3312,-5,-0.15,3152,3152,1400-2-26,2021-05-16
413,گنجين,صندوق س. گنجينه يكم آويد-د,24,166060,2130589703,12826,12840,12830,4,0.03,12830,4,0.03,12828,12840,1400-2-26,2021-05-16
414,شستان,پتروشيمي گلستان,24,98610,363673680,3841,3688,3688,-153,-3.98,3829,-12,-0.31,3688,3688,1400-2-26,2021-05-16
415,فزرين,زرين معدن آسيا,24,54352,1380105984,26728,25392,25392,-1336,-5,26598,-130,-0.49,25392,25392,1400-2-26,2021-05-16
416,وتعاون,بيمه  تعاون,24,40311,241341957,6302,5987,5987,-315,-5,6294,-8,-0.13,5987,5987,1400-2-26,2021-05-16
417,خوساز,محورسازان‌ايران‌خودرو,24,1023385,7419541250,7630,7250,7250,-380,-4.98,7430,-200,-2.62,7250,7250,1400-2-26,2021-05-16
418,دسينا,داروسازي‌ سينا,23,131000,2885930000,23180,22030,22030,-1150,-4.96,22940,-240,-1.04,22030,22030,1400-2-26,2021-05-16
419,سپر,صندوق س سپر سرمايه بيدار- ثابت,23,785849,9281677413,11805,11812,11811,6,0.05,11811,6,0.05,11809,11812,1400-2-26,2021-05-16
420,صنوين,صندوق سرمايه‌گذاري صنوين-مختلط,23,2503,260679320,104650,104360,104020,-630,-0.6,104150,-500,-0.48,104000,105480,1400-2-26,2021-05-16
421,كيان2,صندوق س. با درآمد ثابت كيان,22,2200000,2200000,28430,1,1,-28429,-100,1,-28429,-100,1,1,1400-2-26,2021-05-16
422,اخزا904,اسنادخزانه-م4بودجه99-011215,22,51435,35442782690,690026,687005,691000,974,0.14,689079,-947,-0.14,687005,691799,1400-2-26,2021-05-16
423,ضپاس7029,اختيارخ وپارس-2500-1400/07/28,22,538,154235000,214,250,340,126,58.88,287,73,34.11,222,350,1400-2-26,2021-05-16
424,ضمخا7075,اختيارخ اخابر-8700-1400/07/28,22,266,302762000,880,880,1400,520,59.09,1138,258,29.32,800,1499,1400-2-26,2021-05-16
425,اراد50,مرابحه عام دولت5-ش.خ0302,22,198000,198000003000,1000000,1000000,1000000,0,0,1000000,0,0,1000000,1000001,1400-2-26,2021-05-16
426,ضملي7002,اختيارخ فملي-9720-1400/07/11,21,381,1525249000,4227,4490,3850,-377,-8.92,4003,-224,-5.3,3850,4490,1400-2-26,2021-05-16
427,خبازرس,بازرسي مهندسي و صنعتي ايران,21,58696,1439578096,25816,24526,24526,-1290,-5,25620,-196,-0.76,24526,24526,1400-2-26,2021-05-16
428,فرابورس,فرابورس ايران,21,13511,399939111,31158,29601,29601,-1557,-5,31139,-19,-0.06,29601,29601,1400-2-26,2021-05-16
429,فوكا,فولاد كاويان,20,73484,812659556,11401,11059,11059,-342,-3,11390,-11,-0.1,11059,11059,1400-2-26,2021-05-16
430,ثروتم,صندوق س. ثروت آفرين پارسيان-س,20,21780,1652352210,75225,75437,75460,235,0.31,75866,641,0.85,75437,76520,1400-2-26,2021-05-16
431,قيستو,شركت قند بيستون,20,259515,4801287015,18878,18501,18501,-377,-2,18501,-377,-2,18501,18501,1400-2-26,2021-05-16
432,كبافق,معادن‌ بافق‌,20,6078,276366660,47860,45470,45470,-2390,-4.99,47830,-30,-0.06,45470,45470,1400-2-26,2021-05-16
433,صايند,صندوق س. گنجينه آينده روشن-د,19,43220,417932000,9692,9670,9679,-13,-0.13,9670,-22,-0.23,9666,9679,1400-2-26,2021-05-16
434,اخزا815,اسنادخزانه-م15بودجه98-010406,19,18117,14409366222,795578,792001,795753,175,0.02,795351,-227,-0.03,792001,795753,1400-2-26,2021-05-16
435,بذر,صندوق س بذر اميد آفرين-سهام,19,2260,207854450,91560,92000,91000,-560,-0.61,91970,410,0.45,91000,92800,1400-2-26,2021-05-16
436,نمرينو,ايران‌ مرينوس‌,18,38433,4125013890,112970,107330,107330,-5640,-4.99,111340,-1630,-1.44,107330,107330,1400-2-26,2021-05-16
437,شدوص,دوده‌ صنعتي‌ پارس‌,18,401455,9064853900,23760,22580,22580,-1180,-4.97,22970,-790,-3.32,22580,22580,1400-2-26,2021-05-16
438,كسرا,سراميك‌هاي‌صنعتي‌اردكان‌,18,17290,316752800,19280,18320,18320,-960,-4.98,19260,-20,-0.1,18320,18320,1400-2-26,2021-05-16
439,آكورد2,صندوق س. آرمان آتي كوثر-د,18,1800000,1800000,32084,1,1,-32083,-100,1,-32083,-100,1,1,1400-2-26,2021-05-16
440,وارس,سرمايه گذاري ارس صبا,18,614435,9857380705,16539,16043,16043,-496,-3,16043,-496,-3,16043,16043,1400-2-26,2021-05-16
441,كپرور,فرآوري زغال سنگ پروده طبس,17,151435,5239348130,36418,34598,34598,-1820,-5,35749,-669,-1.84,34598,34598,1400-2-26,2021-05-16
442,اخزا816,اسنادخزانه-م16بودجه98-010503,17,20823,16295265631,782071,780000,783000,929,0.12,782561,490,0.06,780000,784900,1400-2-26,2021-05-16
443,فجام,جام‌دارو,17,501550,4809864500,10090,9590,9590,-500,-4.96,9920,-170,-1.68,9590,9590,1400-2-26,2021-05-16
444,گوهر2,صندوق سكه طلاي كيان,17,170000,170000,50136,1,1,-50135,-100,1,-50135,-100,1,1,1400-2-26,2021-05-16
445,پلوله,گازلوله‌,16,15721,437138126,28665,27806,27806,-859,-3,28626,-39,-0.14,27806,27806,1400-2-26,2021-05-16
446,اخزا906,اسنادخزانه-م6بودجه99-020321,16,118970,89818285673,757805,719935,760000,2195,0.29,754966,-2839,-0.37,719935,760000,1400-2-26,2021-05-16
447,وپخش,داروپخش‌ (هلدينگ‌,16,1710,163031400,100350,95340,95340,-5010,-4.99,100320,-30,-0.03,95340,95340,1400-2-26,2021-05-16
448,وكادو,تكادو,16,615132,9511170984,15940,15462,15462,-478,-3,15471,-469,-2.94,15462,15462,1400-2-26,2021-05-16
449,دامين,داروسازي‌ امين‌,16,63157,313258720,5220,4960,4960,-260,-4.98,5210,-10,-0.19,4960,4960,1400-2-26,2021-05-16
450,اخزا817,اسنادخزانه-م17بودجه98-010512,16,8939,6945599843,778856,773000,778001,-855,-0.11,777000,-1856,-0.24,773000,779000,1400-2-26,2021-05-16
451,خشرق,الكتريك‌ خودرو شرق‌,15,51883,735700940,14920,14180,14180,-740,-4.96,14880,-40,-0.27,14180,14180,1400-2-26,2021-05-16
452,كرازي,كارخانجات‌توليدي‌شيشه‌رازي‌,15,27321,579751620,22330,21220,21220,-1110,-4.97,22280,-50,-0.22,21220,21220,1400-2-26,2021-05-16
453,خكاوه,سايپا ديزل,15,90227,314441095,3592,3485,3485,-107,-2.98,3589,-3,-0.08,3485,3485,1400-2-26,2021-05-16
454,اخزا820,اسنادخزانه-م20بودجه98-020806,15,35651,21702859450,607054,608010,609000,1946,0.32,608759,1705,0.28,608000,609000,1400-2-26,2021-05-16
455,خكمك,كمك‌فنرايندامين‌,15,7366,189821820,27120,25770,25770,-1350,-4.98,27100,-20,-0.07,25770,25770,1400-2-26,2021-05-16
456,اميد,تامين سرمايه اميد,15,32671,237191460,7640,7260,7260,-380,-4.97,7640,0,0,7260,7260,1400-2-26,2021-05-16
457,ضشنا8004,اختيارخ شپنا-10800-1400/08/16,15,292,376620000,1296,1300,1290,-6,-0.46,1290,-6,-0.46,1280,1300,1400-2-26,2021-05-16
458,آسام,صندوق س.آرمان سپهر آشنا-م,15,8030,839243420,103336,104500,104993,1657,1.6,104513,1177,1.14,103570,104997,1400-2-26,2021-05-16
459,ختور,رادياتور ايران‌,15,13439,249965400,19570,18600,18600,-970,-4.96,19550,-20,-0.1,18600,18600,1400-2-26,2021-05-16
460,شرنگي,شيميايي رنگين,15,5113,1345987024,271389,263248,263248,-8141,-3,270271,-1118,-0.41,263248,263248,1400-2-26,2021-05-16
461,بمپنا,توليد برق عسلويه  مپنا,14,9127,600876045,69299,65835,65835,-3464,-5,69190,-109,-0.16,65835,65835,1400-2-26,2021-05-16
462,كمنگنز,معادن‌منگنزايران‌,14,6124,509639280,87600,83220,83220,-4380,-5,87440,-160,-0.18,83220,83220,1400-2-26,2021-05-16
463,قشكر,شكرشاهرود,14,53787,191158998,3741,3554,3554,-187,-5,3738,-3,-0.08,3554,3554,1400-2-26,2021-05-16
464,ثفارس,عمران‌وتوسعه‌فارس‌,14,82758,786201000,9990,9500,9500,-490,-4.9,9960,-30,-0.3,9500,9500,1400-2-26,2021-05-16
465,ضجار7039,اختيارخ وتجارت-1997-1400/07/21,14,151,88285000,529,550,620,91,17.2,585,56,10.59,550,620,1400-2-26,2021-05-16
466,دسبحان,سبحان دارو,14,145804,2497622520,18030,17130,17130,-900,-4.99,17870,-160,-0.89,17130,17130,1400-2-26,2021-05-16
467,ضپاس7028,اختيارخ وپارس-2000-1400/07/28,14,287,194502000,513,624,700,187,36.45,678,165,32.16,620,700,1400-2-26,2021-05-16
468,كگاز,شيشه‌ و گاز,14,9475,169034000,18770,17840,17840,-930,-4.95,18760,-10,-0.05,17840,17840,1400-2-26,2021-05-16
469,ساذري,آذريت‌,13,248961,1499741064,5849,6024,6024,175,2.99,5874,25,0.43,6024,6024,1400-2-26,2021-05-16
470,رافزا,رايان هم افزا,13,2342,237036162,106537,101211,101211,-5326,-5,106448,-89,-0.08,101211,101211,1400-2-26,2021-05-16
471,پخش,پخش البرز,13,55809,1662829155,31363,29795,29795,-1568,-5,31178,-185,-0.59,29795,29795,1400-2-26,2021-05-16
472,كپارس,كاشي‌ پارس‌,13,58633,8551623050,153520,145850,145850,-7670,-5,148920,-4600,-3,145850,145850,1400-2-26,2021-05-16
473,ثرود,سرمايه‌گذاري مسكن زاينده رود,13,18217,363939226,21029,19978,19978,-1051,-5,21002,-27,-0.13,19978,19978,1400-2-26,2021-05-16
474,بزاگرس,نيروگاه زاگرس كوثر,13,25682,174483508,7151,6794,6794,-357,-4.99,7147,-4,-0.06,6794,6794,1400-2-26,2021-05-16
475,اعتلا,شركت سرمايه گذاري اعتلاء البرز,13,237691,1637690990,7252,6890,6890,-362,-4.99,7210,-42,-0.58,6890,6890,1400-2-26,2021-05-16
476,شگل,گلتاش‌,13,92076,883008840,10090,9590,9590,-500,-4.96,10060,-30,-0.3,9590,9590,1400-2-26,2021-05-16
477,زكوثر,سرمايه گذاري كشاورزي كوثر,13,5886,117661140,21040,19990,19990,-1050,-4.99,21030,-10,-0.05,19990,19990,1400-2-26,2021-05-16
478,خاذين,سايپاآذين‌,12,119098,536417392,4741,4504,4504,-237,-5,4732,-9,-0.19,4504,4504,1400-2-26,2021-05-16
479,زدشت,كشت و صنعت دشت خرم دره,12,7450,208100850,29403,27933,27933,-1470,-5,29382,-21,-0.07,27933,27933,1400-2-26,2021-05-16
480,گدنا,تهيه توزيع غذاي دنا آفرين فدك,12,2702,87017910,33899,32205,32205,-1694,-5,33889,-10,-0.03,32205,32205,1400-2-26,2021-05-16
481,حريل,ريل پردازسير,12,26329,137595354,5501,5226,5226,-275,-5,5498,-3,-0.05,5226,5226,1400-2-26,2021-05-16
482,دتوزيع,توزيع دارو پخش,12,204569,9667726371,49746,47259,47259,-2487,-5,48686,-1060,-2.13,47259,47259,1400-2-26,2021-05-16
483,شسم,توليد سموم‌ علف‌ كش,11,63538,5837744364,90077,91878,91878,1801,2,91878,1801,2,91878,91878,1400-2-26,2021-05-16
484,صايپا012,صكوك مرابحه سايپا012-3ماهه 16%,11,110000,110000220000,1000002,1000002,1000002,0,0,1000002,0,0,1000002,1000002,1400-2-26,2021-05-16
485,اخزا812,اسنادخزانه-م12بودجه98-001111,11,3665,3179111660,871960,863101,873998,2038,0.23,867425,-4535,-0.52,863101,873998,1400-2-26,2021-05-16
486,همبين102,اختيارف ت مبين17952-01/02/10,11,41642,26192818,651,629,629,-22,-3.38,629,-22,-3.38,629,629,1400-2-26,2021-05-16
487,كوثر,بيمه كوثر,11,21847,304197628,14656,13924,13924,-732,-4.99,14650,-6,-0.04,13924,13924,1400-2-26,2021-05-16
488,وآوا,سرمايه گذاري آوا نوين,11,21166,178789202,8891,8447,8447,-444,-4.99,8885,-6,-0.07,8447,8447,1400-2-26,2021-05-16
489,اخزا905,اسنادخزانه-م5بودجه99-020218,11,36796,24454807856,664944,664944,664201,-743,-0.11,664605,-339,-0.05,663021,667000,1400-2-26,2021-05-16
490,غبهنوش,بهنوش‌ ايران‌,11,4186,284229400,71470,67900,67900,-3570,-5,71400,-70,-0.1,67900,67900,1400-2-26,2021-05-16
491,اخزا808,اسنادخزانه-م8بودجه98-000817,11,2045,1851565082,905312,905312,905979,667,0.07,905411,99,0.01,904001,906000,1400-2-26,2021-05-16
492,تكمبا,كمباين‌ سازي‌ ايران‌,11,10420,77108000,7780,7400,7400,-380,-4.88,7780,0,0,7400,7400,1400-2-26,2021-05-16
493,دتماد,توليدمواداوليه‌داروپخش‌,10,4012,167460880,43930,41740,41740,-2190,-4.99,43900,-30,-0.07,41740,41740,1400-2-26,2021-05-16
494,رنيك,جنرال مكانيك,10,15513,328673931,22302,21187,21187,-1115,-5,22276,-26,-0.12,21187,21187,1400-2-26,2021-05-16
495,فلوله,لوله‌وماشين‌سازي‌ايران‌,10,5355,112187250,22050,20950,20950,-1100,-4.99,22040,-10,-0.05,20950,20950,1400-2-26,2021-05-16
496,وسديد,گروه ‌صنعتي‌سديد,10,317944,903278904,2898,2841,2841,-57,-1.97,2896,-2,-0.07,2841,2841,1400-2-26,2021-05-16
497,سخاش,سيمان‌خاش‌,10,1048,136533440,137130,130280,130280,-6850,-5,137060,-70,-0.05,130280,130280,1400-2-26,2021-05-16
498,اخزا806,اسنادخزانه-م6بودجه98-000519,10,2000,1904100142,952254,952001,953999,1745,0.18,952050,-204,-0.02,952001,953999,1400-2-26,2021-05-16
499,ضفلا3003,اختيارخ فولاد-7133-1400/03/19,10,138,355930000,2790,2600,2510,-280,-10.04,2579,-211,-7.56,2420,3390,1400-2-26,2021-05-16
500,آپ,آسان پرداخت پرشين,10,10193,168490290,17400,16530,16530,-870,-5,17390,-10,-0.06,16530,16530,1400-2-26,2021-05-16
501,فروس,فروسيليس‌ ايران‌,10,26708,133807080,5270,5010,5010,-260,-4.93,5270,0,0,5010,5010,1400-2-26,2021-05-16
502,بنو,بيمه تجارت نو,10,25919,745352683,30270,28757,28757,-1513,-5,30237,-33,-0.11,28757,28757,1400-2-26,2021-05-16
503,تپكو,توليدتجهيزات‌سنگين‌هپكو,10,51222,266098290,5411,5195,5195,-216,-3.99,5410,-1,-0.02,5195,5195,1400-2-26,2021-05-16
504,اخزا811,اسنادخزانه-م11بودجه98-001013,10,6493,5690843655,877934,875636,876111,-1823,-0.21,876458,-1476,-0.17,875636,877800,1400-2-26,2021-05-16
505,ديران,ايران‌دارو,10,12160,200518400,17350,16490,16490,-860,-4.96,17340,-10,-0.06,16490,16490,1400-2-26,2021-05-16
506,شكف,كف,9,30700,3056062200,101577,99546,99546,-2031,-2,100953,-624,-0.61,99546,99546,1400-2-26,2021-05-16
507,كقزوي,شيشه‌ قزوين‌,9,15598,150754670,10173,9665,9665,-508,-4.99,10165,-8,-0.08,9665,9665,1400-2-26,2021-05-16
508,ضصاد8033,اختيارخ وبصادر-2489-1400/08/12,9,420,90500000,200,200,250,50,25,215,15,7.5,200,250,1400-2-26,2021-05-16
509,لپارس,پارس‌ الكتريك‌,9,966,83172600,90630,86100,86100,-4530,-5,90600,-30,-0.03,86100,86100,1400-2-26,2021-05-16
510,ضصاد3003,اختيارخ وبصادر-3000-1400/03/12,9,168,990000,2,6,7,5,250,6,4,200,2,9,1400-2-26,2021-05-16
511,سصفها,سيمان‌اصفهان‌,9,644,77640640,126900,120560,120560,-6340,-5,126880,-20,-0.02,120560,120560,1400-2-26,2021-05-16
512,ضفلا3004,اختيارخ فولاد-8560-1400/03/19,9,325,461688000,979,1449,1189,210,21.45,1421,442,45.15,1000,1449,1400-2-26,2021-05-16
513,وآرين,شركت توسعه اقتصادي آرين,9,55866,188100822,3471,3367,3367,-104,-3,3469,-2,-0.06,3367,3367,1400-2-26,2021-05-16
514,قصفها,قنداصفهان‌,9,685,101592350,156110,148310,148310,-7800,-5,156050,-60,-0.04,148310,148310,1400-2-26,2021-05-16
515,سمگا,گروه سرمايه گذاري ميراث فرهنگي,9,8233,223789406,28612,27182,27182,-1430,-5,28605,-7,-0.02,27182,27182,1400-2-26,2021-05-16
516,وآيند,بانك  آينده,9,4772,76356772,16327,16001,16001,-326,-2,16327,0,0,16001,16001,1400-2-26,2021-05-16
517,غشان,شيرپاستوريزه‌پگاه‌خراسان‌,9,51298,356008120,7300,6940,6940,-360,-4.93,7290,-10,-0.14,6940,6940,1400-2-26,2021-05-16
518,كحافظ,كاشي‌ وسراميك‌ حافظ‌,9,12721,144764980,11970,11380,11380,-590,-4.93,11960,-10,-0.08,11380,11380,1400-2-26,2021-05-16
519,شسينا,صنايع‌شيميايي‌سينا,8,873,109596420,132140,125540,125540,-6600,-4.99,132090,-50,-0.04,125540,125540,1400-2-26,2021-05-16
520,الماس,صندوق س.امين تدبيرگران فردا-س,8,600,64113760,107339,105900,107500,161,0.15,106856,-483,-0.45,105900,107500,1400-2-26,2021-05-16
521,قجام,فرآوردههاي غذايي وقندتربت‌جام‌,8,300000,4227900000,14680,14093,14093,-587,-4,14154,-526,-3.58,14093,14093,1400-2-26,2021-05-16
522,ولتجار,واسپاري تجارت وسرمايه ايرانيان,8,602535,4734720030,8101,7858,7858,-243,-3,7981,-120,-1.48,7858,7858,1400-2-26,2021-05-16
523,قاسم,قاسم ايران,8,13977,173175030,13042,12390,12390,-652,-5,13034,-8,-0.06,12390,12390,1400-2-26,2021-05-16
524,غنوش,نوش‌ مازندران‌,8,4916,263399280,56400,53580,53580,-2820,-5,56350,-50,-0.09,53580,53580,1400-2-26,2021-05-16
525,ضمخا7070,اختيارخ اخابر-19700-1400/07/28,8,67,15877000,251,251,201,-50,-19.92,237,-14,-5.58,200,251,1400-2-26,2021-05-16
526,مرقام,ايران‌ارقام‌,8,8156,150641320,19440,18470,18470,-970,-4.99,19430,-10,-0.05,18470,18470,1400-2-26,2021-05-16
527,وآفري,بيمه كارآفرين,8,195172,629234528,3323,3224,3224,-99,-2.98,3318,-5,-0.15,3224,3224,1400-2-26,2021-05-16
528,دتوليد,داروسازي توليد دارو,8,13310,334733190,26472,25149,25149,-1323,-5,26441,-31,-0.12,25149,25149,1400-2-26,2021-05-16
529,پكوير,كوير تاير,8,27733,335014640,12710,12080,12080,-630,-4.96,12700,-10,-0.08,12080,12080,1400-2-26,2021-05-16
530,ومعلم,بيمه معلم,8,77164,364831392,4976,4728,4728,-248,-4.98,4970,-6,-0.12,4728,4728,1400-2-26,2021-05-16
531,رتكو,كنترل‌خوردگي‌تكين‌كو,8,100309,1685191200,17680,16800,16800,-880,-4.98,17580,-100,-0.57,16800,16800,1400-2-26,2021-05-16
532,تبرك,گروه كارخانجات صنعتي تبرك,8,9504,178684704,19790,18801,18801,-989,-5,19779,-11,-0.06,18801,18801,1400-2-26,2021-05-16
533,دفارا,داروسازي‌ فارابي‌,8,1793,102201000,60000,57000,57000,-3000,-5,59980,-20,-0.03,57000,57000,1400-2-26,2021-05-16
534,اخزا818,اسنادخزانه-م18بودجه98-010614,8,24888,19013520278,766221,763552,765001,-1220,-0.16,763963,-2258,-0.29,763551,765001,1400-2-26,2021-05-16
535,ثامان,سامان‌ گستراصفهان‌,8,6312,136212960,22710,21580,21580,-1130,-4.98,22700,-10,-0.04,21580,21580,1400-2-26,2021-05-16
536,ضجار7038,اختيارخ وتجارت-1797-1400/07/21,8,215,170750000,1000,760,780,-220,-22,794,-206,-20.6,760,810,1400-2-26,2021-05-16
537,ضجار7037,اختيارخ وتجارت-1597-1400/07/21,7,46,43960000,917,100,990,73,7.96,956,39,4.25,100,990,1400-2-26,2021-05-16
538,زقيام,كشت و دام قيام اصفهان,7,8785,240146760,28774,27336,27336,-1438,-5,28750,-24,-0.08,27336,27336,1400-2-26,2021-05-16
539,تملي703,تسهيلات مسكن ب. ملي-خرداد97,7,102,55262126,516473,542290,542296,25823,5,541786,25313,4.9,490650,542296,1400-2-26,2021-05-16
540,ضملي7004,اختيارخ فملي-13720-1400/07/11,7,27,42120000,1619,1600,1500,-119,-7.35,1560,-59,-3.64,1500,1600,1400-2-26,2021-05-16
541,غشصفا,شيرپاستوريزه‌پگاه‌اصفهان‌,7,40797,1082752380,27930,26540,26540,-1390,-4.98,27820,-110,-0.39,26540,26540,1400-2-26,2021-05-16
542,ضمخا7066,اختيارخ اخابر-11700-1400/07/28,7,43,20244000,659,600,500,-159,-24.13,471,-188,-28.53,412,600,1400-2-26,2021-05-16
543,زفكا,كشت و دامداري فكا,7,8058,96679884,12629,11998,11998,-631,-5,12625,-4,-0.03,11998,11998,1400-2-26,2021-05-16
544,ولملت,واسپاري ملت,7,15082,112511720,7850,7460,7460,-390,-4.97,7850,0,0,7460,7460,1400-2-26,2021-05-16
545,برن0003پ01,برنج طارم0003تجارت مازندران(پ),7,650,184426500,283185,282500,283500,315,0.11,283733,548,0.19,282500,285000,1400-2-26,2021-05-16
546,كسرام,پارس‌ سرام‌,7,14074,111184600,8310,7900,7900,-410,-4.93,8310,0,0,7900,7900,1400-2-26,2021-05-16
547,اخزا809,اسنادخزانه-م9بودجه98-000923,7,3445,3059151809,887130,887997,887998,868,0.1,887998,868,0.1,887997,888000,1400-2-26,2021-05-16
548,ضسپا3005,اختيارخ خساپا-3000-1400/03/26,7,500,4955000,4,5,10,6,150,10,6,150,5,10,1400-2-26,2021-05-16
549,اكالا,كارگزاران بورس كالاي ايران,7,350000,10430000000,31360,29800,29800,-1560,-4.97,30810,-550,-1.75,29800,29800,1400-2-26,2021-05-16
550,تاپكيش,تجارت الكترونيك پارسيان كيش,7,4481,77476490,18200,17290,17290,-910,-5,18195,-5,-0.03,17290,17290,1400-2-26,2021-05-16
551,ساربيل,سيمان آرتا اردبيل,7,921,46786800,53470,50800,50800,-2670,-4.99,53460,-10,-0.02,50800,50800,1400-2-26,2021-05-16
552,شپاس,نفت پاسارگاد,7,6483,130314783,21158,20101,20101,-1057,-5,21151,-7,-0.03,20101,20101,1400-2-26,2021-05-16
553,ضملي3000,اختيارخ فملي-8000-1400/03/02,7,83,370070000,4601,3011,4750,149,3.24,4459,-142,-3.09,2002,4750,1400-2-26,2021-05-16
554,زير0003پ01,زيره سبز0003كيميابذر(پ),7,181,98883700,549976,577474,560000,10024,1.82,546319,-3657,-0.66,530000,577474,1400-2-26,2021-05-16
555,دلقما,دارويي‌ لقمان‌,7,3741,91841550,25840,24550,24550,-1290,-4.99,25830,-10,-0.04,24550,24550,1400-2-26,2021-05-16
556,باران,بيمه زندگي باران50%تاديه,6,115689,450492966,3781,3894,3894,113,2.99,3786,5,0.13,3894,3894,1400-2-26,2021-05-16
557,سيمرغ,سيمرغ,6,5604,97173360,18250,17340,17340,-910,-4.99,18240,-10,-0.05,17340,17340,1400-2-26,2021-05-16
558,كيميا,معدني كيمياي زنجان گستران,6,4491,74963772,17570,16692,16692,-878,-5,17565,-5,-0.03,16692,16692,1400-2-26,2021-05-16
559,غپونه,نوش پونه مشهد,6,8513,153566007,18596,18039,18039,-557,-3,18587,-9,-0.05,18039,18039,1400-2-26,2021-05-16
560,دجابر,داروسازي‌ جابرابن‌حيان‌,6,2455,46816850,20070,19070,19070,-1000,-4.98,20070,0,0,19070,19070,1400-2-26,2021-05-16
561,تملي709,تسهيلات مسكن ب. ملي-آذر97,6,67,61076865,911595,911595,911595,0,0,911595,0,0,911595,911595,1400-2-26,2021-05-16
562,ضملي3002,اختيارخ فملي-10000-1400/03/02,6,112,331300000,3148,3150,2950,-198,-6.29,2958,-190,-6.04,2950,3150,1400-2-26,2021-05-16
563,وگستر,گسترش سرمايه گذاري ايرانيان,6,16315,293784205,18954,18007,18007,-947,-5,18934,-20,-0.11,18007,18007,1400-2-26,2021-05-16
564,اراد35,مرابحه عام دولت3-ش.خ 0103,6,60000,57008878000,948837,949739,952800,3963,0.42,950148,1311,0.14,949739,952800,1400-2-26,2021-05-16
565,سهگمت,سيمان‌هگمتان‌,6,6668,156898040,24760,23530,23530,-1230,-4.97,24750,-10,-0.04,23530,23530,1400-2-26,2021-05-16
566,غالبر,لبنيات‌ كالبر,6,3275,62847250,20190,19190,19190,-1000,-4.95,20190,0,0,19190,19190,1400-2-26,2021-05-16
567,حتوكا,حمل‌ونقل‌توكا,6,9238,188178060,21440,20370,20370,-1070,-4.99,21430,-10,-0.05,20370,20370,1400-2-26,2021-05-16
568,فولاي,صنايع فولاد آلياژي يزد,6,13025,624392450,50461,47938,47938,-2523,-5,50350,-111,-0.22,47938,47938,1400-2-26,2021-05-16
569,زگلدشت,كشت و دام گلدشت نمونه اصفهان,6,4997,65990382,13901,13206,13206,-695,-5,13898,-3,-0.02,13206,13206,1400-2-26,2021-05-16
570,كلر,كلر پارس,6,450,55481850,129782,123293,123293,-6489,-5,129760,-22,-0.02,123293,123293,1400-2-26,2021-05-16
571,اخزا814,اسنادخزانه-م14بودجه98-010318,6,3361,2702380800,803177,804000,804000,823,0.1,804041,864,0.11,804000,804400,1400-2-26,2021-05-16
572,افاد82,منفعت دولت8-ش.خاص لوتوس0205,6,2700,2420165700,863667,906850,870001,6334,0.73,896358,32691,3.79,870001,906850,1400-2-26,2021-05-16
573,زعف0008پ08,زعفران0008نگين روستا(پ),6,419,50272182,116875,119979,119983,3108,2.66,119981,3106,2.66,119979,119984,1400-2-26,2021-05-16
574,اخزا718,اسنادخزانه-م18بودجه97-000525,6,2531,2400138494,948923,946452,949499,576,0.06,948296,-627,-0.07,946452,949999,1400-2-26,2021-05-16
575,غصينو,صنعتي مينو,5,1484,94432856,66983,63634,63634,-3349,-5,66980,-3,0,63634,63634,1400-2-26,2021-05-16
576,دتوزيعح,ح . توزيع دارو پخش,5,3240,132261000,42727,44300,40591,-2136,-5,40821,-1906,-4.46,40591,44300,1400-2-26,2021-05-16
577,داريك,صندوق س.اعتماد داريك-د,5,5000,52909000,10578,10580,10582,4,0.04,10582,4,0.04,10580,10582,1400-2-26,2021-05-16
578,دبالك,مواد اوليه دارويي البرز بالك,5,10803,213153993,20769,19731,19731,-1038,-5,20753,-16,-0.08,19731,19731,1400-2-26,2021-05-16
579,اخزا813,اسنادخزانه-م13بودجه98-010219,5,544,445953779,818819,815807,820000,1181,0.14,819768,949,0.12,815807,820000,1400-2-26,2021-05-16
580,آوا2,صندوق س.سهام آواي معيار-س,5,6500000,6500000,6623,1,1,-6622,-99.98,1,-6622,-99.98,1,1,1400-2-26,2021-05-16
581,زنگان,صنعت روي زنگان,5,462,45763872,104269,99056,99056,-5213,-5,104252,-17,-0.02,99056,99056,1400-2-26,2021-05-16
582,اخزا713,اسنادخزانه-م13بودجه97-000518,5,1026,977836455,953145,953000,952290,-855,-0.09,953057,-88,-0.01,952290,953145,1400-2-26,2021-05-16
583,پلاسك,پلاسكوكار,5,4418,31367800,7470,7100,7100,-370,-4.95,7470,0,0,7100,7100,1400-2-26,2021-05-16
584,ثنور,سرمايه گذاري كوه نور,5,103404,964345704,9614,9326,9326,-288,-3,9585,-29,-0.3,9326,9326,1400-2-26,2021-05-16
585,چفيبر,فيبر ايران‌,5,4635,60950250,13840,13150,13150,-690,-4.99,13840,0,0,13150,13150,1400-2-26,2021-05-16
586,تكنو,تكنوتار,5,50253,1041744690,21820,20730,20730,-1090,-5,21740,-80,-0.37,20730,20730,1400-2-26,2021-05-16
587,ضخود4000,اختيارخ خودرو-1400-1400/04/02,5,40,29480000,550,700,822,272,49.45,737,187,34,604,822,1400-2-26,2021-05-16
588,بنيرو,نيروترانس‌,5,18525,264537000,15030,14280,14280,-750,-4.99,15020,-10,-0.07,14280,14280,1400-2-26,2021-05-16
589,اراد33,مرابحه عام دولت3-ش.خ 0303,5,25000,21875000000,884858,875000,875000,-9858,-1.11,875000,-9858,-1.11,875000,875000,1400-2-26,2021-05-16
590,ولغدر,ليزينگ‌خودروغدير,5,1473,34070490,24340,23130,23130,-1210,-4.97,24340,0,0,23130,23130,1400-2-26,2021-05-16
591,غويتا,ويتانا,5,2285,38982100,17957,17060,17060,-897,-5,17956,-1,-0.01,17060,17060,1400-2-26,2021-05-16
592,دسبحا,گروه دارويي سبحان,5,116349,2071012200,18730,17800,17800,-930,-4.97,18650,-80,-0.43,17800,17800,1400-2-26,2021-05-16
593,هفجر102,اختيارف ت بفجر8626-01/02/11,5,82500,17490000,371,212,212,-159,-42.86,212,-159,-42.86,212,212,1400-2-26,2021-05-16
594,لكما,كارخانجات‌مخابراتي‌ايران‌,5,7600,44969200,6099,5917,5917,-182,-2.98,6098,-1,-0.02,5917,5917,1400-2-26,2021-05-16
595,اخزا907,اسنادخزانه-م7بودجه99-020704,5,16374,10068571840,615064,616000,614556,-508,-0.08,614912,-152,-0.02,614556,616000,1400-2-26,2021-05-16
596,كيسون,شركت كيسون,5,21000,235893000,11462,11233,11233,-229,-2,11460,-2,-0.02,11233,11233,1400-2-26,2021-05-16
597,دشيمي,شيمي‌ داروئي‌ داروپخش‌,5,1988,57592360,30490,28970,28970,-1520,-4.99,30480,-10,-0.03,28970,28970,1400-2-26,2021-05-16
598,زشريف,كشت وصنعت شريف آباد,5,8209,40577087,5203,4943,4943,-260,-5,5202,-1,-0.02,4943,4943,1400-2-26,2021-05-16
599,شكربن,كربن‌ ايران‌,4,50233,3906118080,81850,77760,77760,-4090,-5,80700,-1150,-1.41,77760,77760,1400-2-26,2021-05-16
600,زشگزا,شير و گوشت زاگرس شهركرد,4,7966,62118868,8208,7798,7798,-410,-5,8206,-2,-0.02,7798,7798,1400-2-26,2021-05-16
601,خفنر,فنرسازي‌خاور,4,5704,46943920,8660,8230,8230,-430,-4.97,8660,0,0,8230,8230,1400-2-26,2021-05-16
602,ضفار3001,اختيارخ فارس-9000-1400/03/05,4,220,105910000,193,720,700,507,262.69,481,288,149.22,210,750,1400-2-26,2021-05-16
603,غپاك,لبنيات‌ پاك‌,4,16661,484835100,30630,29100,29100,-1530,-5,30580,-50,-0.16,29100,29100,1400-2-26,2021-05-16
604,ضسپا3000,اختيارخ خساپا-1400-1400/03/26,4,15,8850000,468,580,595,127,27.14,590,122,26.07,580,595,1400-2-26,2021-05-16
605,شفا,سرمايه گذاري شفادارو,4,486,21252780,46030,43730,43730,-2300,-5,46030,0,0,43730,43730,1400-2-26,2021-05-16
606,قشهد,شهد,4,2310,44814000,20420,19400,19400,-1020,-5,20420,0,0,19400,19400,1400-2-26,2021-05-16
607,كايتا,ايتالران‌,4,12999,126818244,9292,9756,9756,464,4.99,9298,6,0.06,9756,9756,1400-2-26,2021-05-16
608,غچين,كشت‌ و صنعت‌ چين‌ چين,4,1985,37397400,19830,18840,18840,-990,-4.99,19830,0,0,18840,18840,1400-2-26,2021-05-16
609,دحاوي,الحاوي,4,5431,63059341,12222,11611,11611,-611,-5,12218,-4,-0.03,11611,11611,1400-2-26,2021-05-16
610,ضغدر3002,اختيارخ وغدير-8200-1400/03/26,4,37,76523000,2148,2000,2200,52,2.42,2068,-80,-3.72,1953,2200,1400-2-26,2021-05-16
611,سفار,سيمان‌فارس‌,4,192,27774720,152270,144660,144660,-7610,-5,152260,-10,-0.01,144660,144660,1400-2-26,2021-05-16
612,ختراك,ريخته‌گري‌ تراكتورسازي‌ ايران‌,4,37350,550165500,15500,14730,14730,-770,-4.97,15470,-30,-0.19,14730,14730,1400-2-26,2021-05-16
613,وسالت,بانك قرض الحسنه رسالت,4,10092,11757180,1110,1165,1165,55,4.95,1110,0,0,1165,1165,1400-2-26,2021-05-16
614,فالوم,آلومتك‌,4,6998,241095096,36265,34452,34452,-1813,-5,36223,-42,-0.12,34452,34452,1400-2-26,2021-05-16
615,زمگسا,كشاورزي‌ ودامپروي‌ مگسال‌,4,1333,41149710,32490,30870,30870,-1620,-4.99,32490,0,0,30870,30870,1400-2-26,2021-05-16
616,وحافظ,بيمه حافظ,4,390,24622650,65765,63135,63135,-2630,-4,65752,-13,-0.02,63135,63135,1400-2-26,2021-05-16
617,هجرت,پخش هجرت,4,795,21197880,28067,26664,26664,-1403,-5,28065,-2,-0.01,26664,26664,1400-2-26,2021-05-16
618,پست0008پ08,پسته فندقي32-30مه ولات0008(پ),4,30,50049910,1635000,1699970,1650000,15000,0.92,1668330,33330,2.04,1650000,1699970,1400-2-26,2021-05-16
619,ثنام,س ساختماني ب نام آوران مهندسي,4,2703,42774975,16657,15825,15825,-832,-4.99,16653,-4,-0.02,15825,15825,1400-2-26,2021-05-16
620,ضپيك7041,اختيارخ تاپيكو-7070-00/07/18,4,191,350800000,1666,1860,1820,154,9.24,1837,171,10.26,1800,1860,1400-2-26,2021-05-16
621,وايران,ليزينگ ايرانيان,4,16444,196670240,12580,11960,11960,-620,-4.93,12570,-10,-0.08,11960,11960,1400-2-26,2021-05-16
622,كطبس,ذغال‌سنگ‌ نگين‌ ط‌بس‌,4,771,59821890,81670,77590,77590,-4080,-5,81650,-20,-0.02,77590,77590,1400-2-26,2021-05-16
623,ضبدر3002,اختيارخ شبندر-3843-1400/03/30,4,19,82800000,3564,4500,4200,636,17.85,4358,794,22.28,4200,4500,1400-2-26,2021-05-16
624,ضشنا2004,اختيارخ شپنا-16000-1400/02/27,4,195,195000,1,1,1,0,0,1,0,0,1,1,1400-2-26,2021-05-16
625,سكرد,سيمان كردستان,4,5570,51856700,9790,9310,9310,-480,-4.9,9790,0,0,9310,9310,1400-2-26,2021-05-16
626,لخزر,پارس‌ خزر,4,119,21077280,186440,177120,177120,-9320,-5,186430,-10,-0.01,177120,177120,1400-2-26,2021-05-16
627,كتوكا,توليدي و خدمات صنايع نسوز توكا,4,579,18867873,34302,32587,32587,-1715,-5,34300,-2,-0.01,32587,32587,1400-2-26,2021-05-16
628,نطرين,عطرين نخ قم,3,1539,17572302,12018,11418,11418,-600,-4.99,12017,-1,-0.01,11418,11418,1400-2-26,2021-05-16
629,مداران,داده‌پردازي‌ايران‌,3,1420,33881200,25110,23860,23860,-1250,-4.98,25110,0,0,23860,23860,1400-2-26,2021-05-16
630,ولصنم,ليزينگ‌صنعت‌ومعدن‌,3,100050,1055527500,11100,10550,10550,-550,-4.95,11060,-40,-0.36,10550,10550,1400-2-26,2021-05-16
631,وسفارس,شركت س استان فارس,3,20925,20485575,1030,979,979,-51,-4.95,1030,0,0,979,979,1400-2-26,2021-05-16
632,اراد65,مرابحه عام دولتي65-ش.خ0210,3,2900,2769000000,963793,950000,955000,-8793,-0.91,954828,-8965,-0.93,950000,960000,1400-2-26,2021-05-16
633,بشهاب,لامپ‌  پارس‌ شهاب‌,3,193,27351960,149170,141720,141720,-7450,-4.99,149160,-10,-0.01,141720,141720,1400-2-26,2021-05-16
634,تكنار,مجتمع معادن مس تكنار,3,650,74019400,117397,113876,113876,-3521,-3,117370,-27,-0.02,113876,113876,1400-2-26,2021-05-16
635,افرا,افرانت,3,6160,200668160,34290,32576,32576,-1714,-5,34266,-24,-0.07,32576,32576,1400-2-26,2021-05-16
636,خموتور,موتورسازان‌تراكتورسازي‌ايران‌,3,2920,41493200,14950,14210,14210,-740,-4.95,14950,0,0,14210,14210,1400-2-26,2021-05-16
637,لخانه,لوازم‌ خانگي‌ پارس‌,3,71603,1941873360,27958,27120,27120,-838,-3,27791,-167,-0.6,27120,27120,1400-2-26,2021-05-16
638,ثپرديس,سرمايه گذاري مسكن پرديس,3,2449,23637748,10159,9652,9652,-507,-4.99,10158,-1,-0.01,9652,9652,1400-2-26,2021-05-16
639,قنيشا,قند  نيشابور,3,331,20247270,64380,61170,61170,-3210,-4.99,64380,0,0,61170,61170,1400-2-26,2021-05-16
640,بالبر,كابل‌ البرز,3,689,38659790,59060,56110,56110,-2950,-4.99,59050,-10,-0.02,56110,56110,1400-2-26,2021-05-16
641,كي بي سي,شركت كي بي سي,3,1050,25832100,25896,24602,24602,-1294,-5,25894,-2,-0.01,24602,24602,1400-2-26,2021-05-16
642,هپارس102,اختيارف ت پارس-157010-01/02/05,3,1300,3745300,3448,2881,2881,-567,-16.44,2881,-567,-16.44,2881,2881,1400-2-26,2021-05-16
643,پا ر 4,بار پايه روز 4,3,130000,84500000,380,650,650,270,71.05,650,270,71.05,650,650,1400-2-26,2021-05-16
644,سخند,صندوق س.سپهرخبرگان نفت-د,3,1750,17523980,10009,10010,10014,5,0.05,10014,5,0.05,10010,10018,1400-2-26,2021-05-16
645,فلات,گروه صنايع معادن فلات ايرانيان,3,202400,3007866400,15643,14861,14861,-782,-5,15395,-248,-1.59,14861,14861,1400-2-26,2021-05-16
646,وايرا,سرمايه گذاري صنايع ايران,3,8480,100343840,12198,11833,11833,-365,-2.99,12194,-4,-0.03,11833,11833,1400-2-26,2021-05-16
647,ريشمك,توليد و صادرات ريشمك,3,563,30099669,56276,53463,53463,-2813,-5,56270,-6,-0.01,53463,53463,1400-2-26,2021-05-16
648,پا ر 5,بار پايه روز 5,3,130000,84500000,715,650,650,-65,-9.09,650,-65,-9.09,650,650,1400-2-26,2021-05-16
649,وسصفا,شركت س استان اصفهان,3,19890,20228130,1070,1017,1017,-53,-4.95,1070,0,0,1017,1017,1400-2-26,2021-05-16
650,فسا,پتروشيمي فسا,3,11238,19295646,1770,1717,1717,-53,-2.99,1770,0,0,1717,1717,1400-2-26,2021-05-16
651,كساوه,صنايع‌ كاشي‌ و سراميك‌ سينا,3,1356,90838440,70510,66990,66990,-3520,-4.99,70490,-20,-0.03,66990,66990,1400-2-26,2021-05-16
652,غگلپا,شير پاستوريزه پگاه گلپايگان,3,3600,224532000,65652,62370,62370,-3282,-5,65600,-52,-0.08,62370,62370,1400-2-26,2021-05-16
653,دفرا,فرآورده‌هاي‌ تزريقي‌ ايران‌,3,1700,41174000,25490,24220,24220,-1270,-4.98,25490,0,0,24220,24220,1400-2-26,2021-05-16
654,اخزا716,اسنادخزانه-م16بودجه97-000407,3,36,35209000,978885,975500,978000,-885,-0.09,978028,-857,-0.09,975500,978800,1400-2-26,2021-05-16
655,ثالوند,سرمايه گذاري مسكن الوند,3,2070,63428940,32254,30642,30642,-1612,-5,32247,-7,-0.02,30642,30642,1400-2-26,2021-05-16
656,ضپاس7027,اختيارخ وپارس-1800-1400/07/28,3,101,80990000,700,800,990,290,41.43,802,102,14.57,800,990,1400-2-26,2021-05-16
657,وساغربي,شركت س استان آذربايجان غربي,3,28137,20596284,770,732,732,-38,-4.94,770,0,0,732,732,1400-2-26,2021-05-16
658,ومشان,س. فني و مهندسي مشانير,3,795,55394805,71834,69679,69679,-2155,-3,71822,-12,-0.02,69679,69679,1400-2-26,2021-05-16
659,سبهان,سيمان‌ بهبهان‌,3,188,25364960,142020,134920,134920,-7100,-5,142010,-10,-0.01,134920,134920,1400-2-26,2021-05-16
660,زعف0008پ19,زعفران0008نگين تروند قاينات(پ),3,460,54718730,117170,120900,117007,-163,-0.14,118954,1784,1.52,117007,120900,1400-2-26,2021-05-16
661,ركيش,كارت اعتباري ايران كيش,3,25453,574728740,23760,22580,22580,-1180,-4.97,23730,-30,-0.13,22580,22580,1400-2-26,2021-05-16
662,فلامي,لاميران‌,3,1119,47624640,44800,42560,42560,-2240,-5,44790,-10,-0.02,42560,42560,1400-2-26,2021-05-16
663,ثجوان,تامين مسكن جوانان,3,7700,82828900,11089,10757,10757,-332,-2.99,11086,-3,-0.03,10757,10757,1400-2-26,2021-05-16
664,كسعدي,كاشي‌ سعدي‌,2,700,14182000,21320,20260,20260,-1060,-4.97,21320,0,0,20260,20260,1400-2-26,2021-05-16
665,ضشنا8001,اختيارخ شپنا-6800-1400/08/16,2,2,7680000,3608,3880,3800,192,5.32,3840,232,6.43,3800,3880,1400-2-26,2021-05-16
666,اخزا804,اسنادخزانه-م4بودجه98-000421,2,25,24250000,965616,970000,970000,4384,0.45,970000,4384,0.45,970000,970000,1400-2-26,2021-05-16
667,تملي806,تسهيلات مسكن ب. ملي-شهريور98,2,28,15651916,588417,558997,558997,-29420,-5,558997,-29420,-5,558997,558997,1400-2-26,2021-05-16
668,ضملي7003,اختيارخ فملي-11720-1400/07/11,2,11,27500000,2500,2500,2500,0,0,2500,0,0,2500,2500,1400-2-26,2021-05-16
669,خزر,فنرسازي‌زر,2,465,21018000,47570,45200,45200,-2370,-4.98,47570,0,0,45200,45200,1400-2-26,2021-05-16
670,غاذر,كشت‌وصنعت‌پياذر,2,956,50773160,55900,53110,53110,-2790,-4.99,55890,-10,-0.02,53110,53110,1400-2-26,2021-05-16
671,سنوين,سرمايه گذاري اقتصاد نوين,2,1573,13946218,9140,8866,8866,-274,-3,9140,0,0,8866,8866,1400-2-26,2021-05-16
672,ضترا3002,اختيارخ شتران-8000-1400/03/09,2,6,2970000,499,500,470,-29,-5.81,495,-4,-0.8,470,500,1400-2-26,2021-05-16
673,وسرمد,بيمه  سرمد,2,100850,609134000,6226,6040,6040,-186,-2.99,6214,-12,-0.19,6040,6040,1400-2-26,2021-05-16
674,سمايه,بانك سرمايه,2,2138,10305160,4969,4820,4820,-149,-3,4969,0,0,4820,4820,1400-2-26,2021-05-16
675,تپمپي,پمپ‌ سازي‌ ايران‌,2,840,15489600,19410,18440,18440,-970,-5,19410,0,0,18440,18440,1400-2-26,2021-05-16
676,اخزا720,اسنادخزانه-م20بودجه97-000324,2,1000,984409600,983003,984400,986000,2997,0.3,984410,1407,0.14,984400,986000,1400-2-26,2021-05-16
677,حآسا,آسيا سير ارس,2,5500,209511500,40097,38093,38093,-2004,-5,40068,-29,-0.07,38093,38093,1400-2-26,2021-05-16
678,ضسپا8039,اختيارخ خساپا-1200-1400/08/26,2,110,99000000,1,900,900,899,89900,900,899,89900,900,900,1400-2-26,2021-05-16
679,اخزا721,اسنادخزانه-م21بودجه97-000728,2,371,339610750,917846,915350,918000,154,0.02,915393,-2453,-0.27,915350,918000,1400-2-26,2021-05-16
680,دسانكو,داروسازي سبحان انكولوژي,2,857,12027138,14772,14034,14034,-738,-5,14771,-1,-0.01,14034,14034,1400-2-26,2021-05-16
681,فبيرا,بسته‌ بندي‌ ايران‌,2,8240,24777680,3100,3007,3007,-93,-3,3100,0,0,3007,3007,1400-2-26,2021-05-16
682,لازما,كارخانه هاي صنعتي آزمايش,2,815,26577965,34327,32611,32611,-1716,-5,34322,-5,-0.01,32611,32611,1400-2-26,2021-05-16
683,خنصير,مهندسي‌نصيرماشين‌,2,87,8960130,108410,102990,102990,-5420,-5,108410,0,0,102990,102990,1400-2-26,2021-05-16
684,خلنت,لنت‌ ترمزايران‌,2,207,12059820,61320,58260,58260,-3060,-4.99,61320,0,0,58260,58260,1400-2-26,2021-05-16
685,ثعمرا,عمران و توسعه شاهد,2,1500,18594000,13048,12396,12396,-652,-5,13047,-1,-0.01,12396,12396,1400-2-26,2021-05-16
686,سكارون,سيمان كارون,2,90,15533460,177931,172594,172594,-5337,-3,177925,-6,0,172594,172594,1400-2-26,2021-05-16
687,ضترا8058,اختيارخ شتران-3442-1400/08/09,2,2,2460000,1942,1300,1160,-782,-40.27,1230,-712,-36.66,1160,1300,1400-2-26,2021-05-16
688,چافست,افست‌,2,1054,16621580,16590,15770,15770,-820,-4.94,16590,0,0,15770,15770,1400-2-26,2021-05-16
689,ضپيك7040,اختيارخ تاپيكو-6070-00/07/18,2,35,94250000,2666,2700,2690,24,0.9,2693,27,1.01,2690,2700,1400-2-26,2021-05-16
690,دكيمي,كيميدارو,2,1180,33181600,29590,28120,28120,-1470,-4.97,29590,0,0,28120,28120,1400-2-26,2021-05-16
691,وسمركز,شركت س استان مركزي,2,17300,23009000,1400,1330,1330,-70,-5,1400,0,0,1330,1330,1400-2-26,2021-05-16
692,وليز,ليزينگ‌ايران‌,2,1500,13605000,9540,9070,9070,-470,-4.93,9540,0,0,9070,9070,1400-2-26,2021-05-16
693,قنقش,قند نقش جهان,2,3025,209015400,71975,69096,69096,-2879,-4,71850,-125,-0.17,69096,69096,1400-2-26,2021-05-16
694,غديس,پاكديس,2,5400,68893200,13429,12758,12758,-671,-5,13426,-3,-0.02,12758,12758,1400-2-26,2021-05-16
695,اخزا807,اسنادخزانه-م7بودجه98-000719,2,208,191036604,918308,918102,930000,11692,1.27,918445,137,0.01,918102,930000,1400-2-26,2021-05-16
696,داوه,داروسازي آوه سينا,2,605,11595430,20174,19166,19166,-1008,-5,20173,-1,0,19166,19166,1400-2-26,2021-05-16
697,داسوه,داروسازي‌ اسوه‌,2,2150,75293000,36860,35020,35020,-1840,-4.99,36850,-10,-0.03,35020,35020,1400-2-26,2021-05-16
698,وپاسار2,بانك  پاسارگاد,2,10498841,179215215870,17070,17070,17070,0,0,17070,0,0,17070,17070,1400-2-26,2021-05-16
699,حسير,ريل سير كوثر,2,1303,21539893,17401,16531,16531,-870,-5,17400,-1,-0.01,16531,16531,1400-2-26,2021-05-16
700,صبا14044,اجاصبابدون ضامن بارتبه اعتباري,2,1000000,1000000000000,1000000,1000000,1000000,0,0,1000000,0,0,1000000,1000000,1400-2-26,2021-05-16
701,وساربيل,شركت س استان اردبيل,2,10192,12393472,1280,1216,1216,-64,-5,1280,0,0,1216,1216,1400-2-26,2021-05-16
702,ضبدر3003,اختيارخ شبندر-4270-1400/03/30,2,6,18000000,3333,3000,3000,-333,-9.99,3000,-333,-9.99,3000,3000,1400-2-26,2021-05-16
703,بالاس,مهندسي ساختمان تاسيسات راه آهن,2,3092,169302460,57636,54755,54755,-2881,-5,57602,-34,-0.06,54755,54755,1400-2-26,2021-05-16
704,پسهند,صنايع‌ لاستيكي‌  سهند,2,70237,2558031540,38330,36420,36420,-1910,-4.98,37990,-340,-0.89,36420,36420,1400-2-26,2021-05-16
705,نگين,ص.س. زمين و ساختمان نگين شهرري,2,885,42074900,48000,47540,47550,-450,-0.94,47540,-460,-0.96,47540,47550,1400-2-26,2021-05-16
706,ضملي7000,اختيارخ فملي-7720-1400/07/11,2,9,53500000,4600,6000,5500,900,19.57,5944,1344,29.22,5500,6000,1400-2-26,2021-05-16
707,شپارس,بين‌ المللي‌ محصولات‌  پارس‌,2,2265,47700900,22160,21060,21060,-1100,-4.96,22160,0,0,21060,21060,1400-2-26,2021-05-16
708,وهنر,گروه توسعه هنر ايران,2,80000,638160000,8223,7977,7977,-246,-2.99,8207,-16,-0.19,7977,7977,1400-2-26,2021-05-16
709,اروند08,منفعت صبا اروند ملت 14001222,2,25000,24625000000,965000,985000,985000,20000,2.07,985000,20000,2.07,985000,985000,1400-2-26,2021-05-16
710,وسلرستا,شركت س استان لرستان,2,13414,11468970,900,855,855,-45,-5,900,0,0,855,855,1400-2-26,2021-05-16
711,تملي707,تسهيلات مسكن ب. ملي-مهر97,2,29,20707160,680056,714058,714000,33944,4.99,714040,33984,5,714000,714058,1400-2-26,2021-05-16
712,پاسا,ايران‌ياساتايرورابر,2,650,16477500,26680,25350,25350,-1330,-4.99,26680,0,0,25350,25350,1400-2-26,2021-05-16
713,ضصاد3002,اختيارخ وبصادر-2500-1400/03/12,2,2,100000,30,50,50,20,66.67,50,20,66.67,50,50,1400-2-26,2021-05-16
714,ضمخا7078,اختيارخ اخابر-7700-1400/07/28,2,22,27400000,1500,1300,1200,-300,-20,1245,-255,-17,1200,1300,1400-2-26,2021-05-16
715,تشتاد,صنايع توليدي اشتاد ايران‌,2,7018,104596272,15688,14904,14904,-784,-5,15679,-9,-0.06,14904,14904,1400-2-26,2021-05-16
716,شتولي,تولي‌پرس‌,2,1477,51872240,35836,35120,35120,-716,-2,35828,-8,-0.02,35120,35120,1400-2-26,2021-05-16
717,تابان042,اجاره تابان سپهر14031126,2,1400000,1402157400000,1010000,1003082,1000000,-10000,-0.99,1001541,-8459,-0.84,1000000,1003082,1400-2-26,2021-05-16
718,تملي701,تسهيلات مسكن ب. ملي-فروردين97,1,9,5374494,628595,597166,597166,-31429,-5,597166,-31429,-5,597166,597166,1400-2-26,2021-05-16
719,اگ000419,گام بانك صادرات0004,1,10000,9620000000,955000,962000,962000,7000,0.73,962000,7000,0.73,962000,962000,1400-2-26,2021-05-16
720,پاكشو2,گروه صنعتي پاكشو,1,8157084,51144916680,6270,6270,6270,0,0,6270,0,0,6270,6270,1400-2-26,2021-05-16
721,وساشرقي,شركت س استان آذربايجان شرقي,1,5456,5030432,970,922,922,-48,-4.95,970,0,0,922,922,1400-2-26,2021-05-16
722,افران2,صندوق س افرا نماد پايدار-ثابت,1,2140000,2140000,13313,1,1,-13312,-99.99,1,-13312,-99.99,1,1,1400-2-26,2021-05-16
723,پاخرداد,بار پايه خرداد,1,25000,13750000,250000,550,550,-249450,-99.78,550,-249450,-99.78,550,550,1400-2-26,2021-05-16
724,غگلستا,شير پاستوريزه پگاه گلستان,1,200,5418200,28516,27091,27091,-1425,-5,28515,-1,0,27091,27091,1400-2-26,2021-05-16
725,اخزا810,اسنادخزانه-م10بودجه98-001006,1,580,511322780,881067,881591,881591,524,0.06,881591,524,0.06,881591,881591,1400-2-26,2021-05-16
726,شزنگ,تجهيزنيروي‌زنگان‌,1,23,5123825,234499,222775,222775,-11724,-5,234493,-6,0,222775,222775,1400-2-26,2021-05-16
727,كمند2,صندوق س. با درآمد ثابت كمند,1,35000000,35000000,10055,1,1,-10054,-99.99,1,-10054,-99.99,1,1,1400-2-26,2021-05-16
728,قشير,قند شيروان قوچان و بجنورد,1,206,5024546,25674,24391,24391,-1283,-5,25674,0,0,24391,24391,1400-2-26,2021-05-16
729,تسه98062,امتياز تسهيلات مسكن شهريور98,1,2,20,563536,10,10,-563526,-100,10,-563526,-100,10,10,1400-2-26,2021-05-16
730,تابا,تابان نيرو سپاهان,1,93,5070267,56205,54519,54519,-1686,-3,56204,-1,0,54519,54519,1400-2-26,2021-05-16
731,تسه99092,امتياز تسهيلات مسكن آذر99,1,8,80,563710,10,10,-563700,-100,10,-563700,-100,10,10,1400-2-26,2021-05-16
732,تسه98072,امتياز تسهيلات مسكن مهر98,1,1,10,555566,10,10,-555556,-100,10,-555556,-100,10,10,1400-2-26,2021-05-16
733,ضسان7077,اختيارخ پارسان-16000-00/07/14,1,25,90000000,1,3600,3600,3599,359900,3600,3599,359900,3600,3600,1400-2-26,2021-05-16
734,واحصا,احياء صنايع خراسان,1,87,6138546,72740,70558,70558,-2182,-3,72739,-1,0,70558,70558,1400-2-26,2021-05-16
735,كمينا,شيشه سازي مينا,1,250,6072750,25042,24291,24291,-751,-3,25042,0,0,24291,24291,1400-2-26,2021-05-16
736,تسه99072,امتياز تسهيلات مسكن مهر99,1,11,110,561932,10,10,-561922,-100,10,-561922,-100,10,10,1400-2-26,2021-05-16
737,كباده,توليد خاك نسوزاستقلال آباده,1,3459,31802046,8757,9194,9194,437,4.99,8758,1,0.01,9194,9194,1400-2-26,2021-05-16
738,سخواف,سيمان مجد خواف,1,310,5045870,16780,16277,16277,-503,-3,16780,0,0,16277,16277,1400-2-26,2021-05-16
739,كگل2,معدني و صنعتي گل گهر,1,6950000,98759500000,14500,14210,14210,-290,-2,14210,-290,-2,14210,14210,1400-2-26,2021-05-16
740,وجامي,سرمايه گذاري جامي,1,500,7310500,15073,14621,14621,-452,-3,15073,0,0,14621,14621,1400-2-26,2021-05-16
741,حاريا,كشتيراني آريا,1,2000,56096000,28915,28048,28048,-867,-3,28910,-5,-0.02,28048,28048,1400-2-26,2021-05-16
742,ضگل3004,اختيارخ كگل-15136-1400/03/23,1,5,6605000,1,1000,1000,999,99900,1000,999,99900,1000,1000,1400-2-26,2021-05-16
743,ساينا,صنايع بهداشتي ساينا,1,1000,138854000,146162,138854,138854,-7308,-5,146091,-71,-0.05,138854,138854,1400-2-26,2021-05-16
744,سدبير,س. تدبيرگران فارس وخوزستان,1,62,5264668,89383,84914,84914,-4469,-5,89381,-2,0,84914,84914,1400-2-26,2021-05-16
745,اپرداز,آتيه داده پرداز,1,255,5151255,21264,20201,20201,-1063,-5,21264,0,0,20201,20201,1400-2-26,2021-05-16
746,وصندوق2,سرمايه‌گذاري‌صندوق‌بازنشستگي‌,1,30000000,417300000000,13910,13910,13910,0,0,13910,0,0,13910,13910,1400-2-26,2021-05-16
747,سايرا,ايرانيت‌,1,964,39845976,42177,41334,41334,-843,-2,42170,-7,-0.02,41334,41334,1400-2-26,2021-05-16
748,خفناور,مهندسي صنعتي روان فن آور,1,500,23464000,48379,46928,46928,-1451,-3,48375,-4,-0.01,46928,46928,1400-2-26,2021-05-16
749,ضفلا3001,اختيارخ فولاد-5706-1400/03/19,1,20,90000000,4000,4500,4500,500,12.5,4500,500,12.5,4500,4500,1400-2-26,2021-05-16
750,خكار,ايركا پارت صنعت,1,957,19915170,21900,20810,20810,-1090,-4.98,21900,0,0,20810,20810,1400-2-26,2021-05-16
751,زير0003پ02,زيره سبز0003 دانش(پ),1,1,560000,556639,560000,560000,3361,0.6,560000,3361,0.6,560000,560000,1400-2-26,2021-05-16
752,وملت,سرمايه گذاري ملت,1,1317,5638077,4368,4281,4281,-87,-1.99,4368,0,0,4281,4281,1400-2-26,2021-05-16
753,زعف0008پ09,زعفران0008نگين نوين(پ),1,88,10388400,118100,118050,118050,-50,-0.04,118050,-50,-0.04,118050,118050,1400-2-26,2021-05-16
754,ثاصفا,شركت‌ ساختمان‌ اصفهان‌,1,270,7124490,27775,26387,26387,-1388,-5,27774,-1,0,26387,26387,1400-2-26,2021-05-16
755,خعمرا,توسعه و عمران شهرستان نائين,1,403,9468888,22812,23496,23496,684,3,22813,1,0,23496,23496,1400-2-26,2021-05-16
756,تسه99022,امتياز تسهيلات مسكن ارديبهشت99,1,3,30,561177,10,10,-561167,-100,10,-561167,-100,10,10,1400-2-26,2021-05-16
757,ضفلا3005,اختيارخ فولاد-9986-1400/03/19,1,5,750000,457,150,150,-307,-67.18,150,-307,-67.18,150,150,1400-2-26,2021-05-16
758,تسه99062,امتياز تسهيلات مسكن شهريور99,1,9,90,563003,10,10,-562993,-100,10,-562993,-100,10,10,1400-2-26,2021-05-16
759,تسه98052,امتياز تسهيلات مسكن مرداد98,1,1,10,561197,10,10,-561187,-100,10,-561187,-100,10,10,1400-2-26,2021-05-16
760,تسه99082,امتياز تسهيلات مسكن آبان99,1,10,100,561512,10,10,-561502,-100,10,-561502,-100,10,10,1400-2-26,2021-05-16
761,ضترا8060,اختيارخ شتران-4323-1400/08/09,1,20,12000000,1,600,600,599,59900,600,599,59900,600,600,1400-2-26,2021-05-16
762,غمهرا,توليدي‌مهرام‌,1,44,5098720,121970,115880,115880,-6090,-4.99,121970,0,0,115880,115880,1400-2-26,2021-05-16
763,ثشرق,سرمايه گذاري مسكن شمال شرق,1,2650,17357500,6890,6550,6550,-340,-4.93,6890,0,0,6550,6550,1400-2-26,2021-05-16
764,اخزا722,اسنادخزانه-م22بودجه97-000428,1,6352,6126504000,964420,964500,964500,80,0.01,964500,80,0.01,964500,964500,1400-2-26,2021-05-16
765,سفارود,كارخانه فارسيت درود,1,300,5201400,18060,17338,17338,-722,-4,18059,-1,-0.01,17338,17338,1400-2-26,2021-05-16
766,مفاخر,توسعه فناوري اطلاعات خوارزمي,1,90,5233950,61215,58155,58155,-3060,-5,61214,-1,0,58155,58155,1400-2-26,2021-05-16
767,تسه99042,امتياز تسهيلات مسكن تير99,1,9,90,561078,10,10,-561068,-100,10,-561068,-100,10,10,1400-2-26,2021-05-16
768,اخزا821,اسنادخزانه-م21بودجه98-020906,1,9,5337900,593164,593100,593100,-64,-0.01,593100,-64,-0.01,593100,593100,1400-2-26,2021-05-16
769,آساس4,صندوق س.آسمان آرماني سهام-س,1,142000,23146000000,163567,163000,163000,-567,-0.35,163000,-567,-0.35,163000,163000,1400-2-26,2021-05-16
770,لپيام,گسترش صنايع پيام,1,100,5322300,54869,53223,53223,-1646,-3,54868,-1,0,53223,53223,1400-2-26,2021-05-16
771,ضفلا3002,اختيارخ فولاد-6420-1400/03/19,1,4,16240000,2990,4060,4060,1070,35.79,4060,1070,35.79,4060,4060,1400-2-26,2021-05-16
772,غدام,خوراك‌  دام‌ پارس‌,1,250,93585000,394040,374340,374340,-19700,-5,393910,-130,-0.03,374340,374340,1400-2-26,2021-05-16
773,فسديد,لوله‌وتجهيزات‌ سديد - ورشكسته,1,805,89874225,112772,111645,111645,-1127,-1,112749,-23,-0.02,111645,111645,1400-2-26,2021-05-16
774,تپولا,مهندسي مرآت پولاد,1,154,5251246,35153,34099,34099,-1054,-3,35152,-1,0,34099,34099,1400-2-26,2021-05-16
775,وسهمدا,شركت س استان همدان,1,6000,5076000,890,846,846,-44,-4.94,890,0,0,846,846,1400-2-26,2021-05-16
776,اراد22,مرابحه عام دولت2-ش.خ لوتوس0212,1,3000,2910000000,990000,970000,970000,-20000,-2.02,970000,-20000,-2.02,970000,970000,1400-2-26,2021-05-16
777,تسه98082,امتياز تسهيلات مسكن آبان98,1,1,10,555878,10,10,-555868,-100,10,-555868,-100,10,10,1400-2-26,2021-05-16
778,تاپيكو2,س. نفت و گاز و پتروشيمي تأمين,1,10000000,101100000000,10110,10110,10110,0,0,10110,0,0,10110,10110,1400-2-26,2021-05-16
779,ضخود4004,اختيارخ خودرو-2500-1400/04/02,1,4,400000,50,100,100,50,100,100,50,100,100,100,1400-2-26,2021-05-16
780,ضسپا3001,اختيارخ خساپا-1600-1400/03/26,1,5,2060000,306,412,412,106,34.64,412,106,34.64,412,412,1400-2-26,2021-05-16
781,فراز2,صندوق س.سهام فراز داريك-س,1,600000,600000,10326,1,1,-10325,-99.99,1,-10325,-99.99,1,1,1400-2-26,2021-05-16
782,وسنا,سرمايه گذاري نيروگاهي ايران,1,650,9890400,15686,15216,15216,-470,-3,15686,0,0,15216,15216,1400-2-26,2021-05-16
783,تسه99052,امتياز تسهيلات مسكن مرداد99,1,9,90,559712,10,10,-559702,-100,10,-559702,-100,10,10,1400-2-26,2021-05-16
784,ضترا8056,اختيارخ شتران-2558-1400/08/09,1,1,2200000,3300,2200,2200,-1100,-33.33,2200,-1100,-33.33,2200,2200,1400-2-26,2021-05-16
785,ساروم,سيمان‌اروميه‌,1,333,11212110,35440,33670,33670,-1770,-4.99,35440,0,0,33670,33670,1400-2-26,2021-05-16
786,ضفار8048,اختيارخ فارس-5400-1400/08/05,1,1,3000000,2850,3000,3000,150,5.26,3000,150,5.26,3000,3000,1400-2-26,2021-05-16
787,قهكمت,قندهكمتان‌,1,1250,54725000,46080,43780,43780,-2300,-4.99,46070,-10,-0.02,43780,43780,1400-2-26,2021-05-16
788,سلامت6,مرابحه سلامت6واجدشرايط خاص1400,1,200,199800000,995000,999000,999000,4000,0.4,999000,4000,0.4,999000,999000,1400-2-26,2021-05-16
789,اراد364,مرابحه عام دولت3-ش.خ 0104,1,2000000,1889150000000,1000000,944575,944575,-55425,-5.54,944575,-55425,-5.54,944575,944575,1400-2-26,2021-05-16
790,آينده,بازرگاني آينده سازان بهشت پارس,1,260,5007340,19854,19259,19259,-595,-3,19854,0,0,19259,19259,1400-2-26,2021-05-16
791,ثغرب,شركت سرمايه گذاري مسكن شمالغرب,1,4000,30252000,7961,7563,7563,-398,-5,7960,-1,-0.01,7563,7563,1400-2-26,2021-05-16
792,گواهي ظرفيت,گواهي ظرفيت نقدي,1,570000,9874110000,17323,17323,17323,0,0,17323,0,0,17323,17323,1400-2-26,2021-05-16
793,كمرجان,بازرگاني و توليدي مرجان كار,1,50,6978100,146907,139562,139562,-7345,-5,146903,-4,0,139562,139562,1400-2-26,2021-05-16
794,تسه99032,امتياز تسهيلات مسكن خرداد99,1,7,70,557891,10,10,-557881,-100,10,-557881,-100,10,10,1400-2-26,2021-05-16
795,ثتوسا,س.توسعه و عمران استان اردبيل,1,263,9927461,38914,37747,37747,-1167,-3,38913,-1,0,37747,37747,1400-2-26,2021-05-16
796,ضمخا7071,اختيارخ اخابر-23700-1400/07/28,1,1,62000,100,62,62,-38,-38,62,-38,-38,62,62,1400-2-26,2021-05-16
797,تسه99012,امتياز تسهيلات مسكن فروردين99,1,3,30,559445,10,10,-559435,-100,10,-559435,-100,10,10,1400-2-26,2021-05-16
798,كشرق,صنعتي و معدني شمال شرق شاهرود,1,100,8740000,92000,87400,87400,-4600,-5,91997,-3,0,87400,87400,1400-2-26,2021-05-16
799,اراد61,مرابحه عام دولت61-ش.خ0309,1,8000,8000000000,1000000,1000000,1000000,0,0,1000000,0,0,1000000,1000000,1400-2-26,2021-05-16
800,كچاد2,معدني‌وصنعتي‌چادرملو,1,4500000,99225000000,22050,22050,22050,0,0,22050,0,0,22050,22050,1400-2-26,2021-05-16
801,اخزا723,اسنادخزانه-م23بودجه97-000824,1,1,899603,901512,899603,899603,-1909,-0.21,899603,-1909,-0.21,899603,899603,1400-2-26,2021-05-16
802,تسه98092,امتياز تسهيلات مسكن آذر98,1,2,20,560347,10,10,-560337,-100,10,-560337,-100,10,10,1400-2-26,2021-05-16
803,مبين015,اجاره اعتماد مبين تمدن011019,1,500,490000000,960000,980000,980000,20000,2.08,980000,20000,2.08,980000,980000,1400-2-26,2021-05-16
804,صخابر102,صكوك اجاره مخابرات-3 ماهه 16%,1,3000,2937000000,990000,979000,979000,-11000,-1.11,979000,-11000,-1.11,979000,979000,1400-2-26,2021-05-16
805,وسزنجان,شركت س استان زنجان,1,3800,5126200,1420,1349,1349,-71,-5,1420,0,0,1349,1349,1400-2-26,2021-05-16
806,حفارس,حمل و نقل بين المللي خليج فارس,1,7069,32376020,4821,4580,4580,-241,-5,4820,-1,-0.02,4580,4580,1400-2-26,2021-05-16
807,اراد11,مرابحه عام دولت1-ش.خ لوتوس0206,1,3000,2910000000,990000,970000,970000,-20000,-2.02,970000,-20000,-2.02,970000,970000,1400-2-26,2021-05-16
808,اخزا805,اسنادخزانه-م5بودجه98-000422,1,6,5832000,969500,972000,972000,2500,0.26,972000,2500,0.26,972000,972000,1400-2-26,2021-05-16
809,تسه98122,امتياز تسهيلات مسكن اسفند98,1,2,20,556485,10,10,-556475,-100,10,-556475,-100,10,10,1400-2-26,2021-05-16
810,سنفت009,سلف موازي استاندارد سنفت009,1,32700,50046434400,1524950,1530472,1530472,5522,0.36,1530472,5522,0.36,1530472,1530472,1400-2-26,2021-05-16
811,ونوين2,بانك‌اقتصادنوين‌,1,5000000,21000000000,4183,4200,4200,17,0.41,4200,17,0.41,4200,4200,1400-2-26,2021-05-16
812,حخزر,كشتيراني درياي خزر,1,1200,32368800,28393,26974,26974,-1419,-5,28390,-3,-0.01,26974,26974,1400-2-26,2021-05-16
813,كاسپين,داروسازي كاسپين تامين,1,209,5127188,25823,24532,24532,-1291,-5,25823,0,0,24532,24532,1400-2-26,2021-05-16
814,تسه98112,امتياز تسهيلات مسكن بهمن98,1,1,10,551187,10,10,-551177,-100,10,-551177,-100,10,10,1400-2-26,2021-05-16
815,ولشرق,ليزينگ ايران و شرق,1,1000,8280000,8715,8280,8280,-435,-4.99,8715,0,0,8280,8280,1400-2-26,2021-05-16
816,تسه98102,امتياز تسهيلات مسكن دي98,1,1,10,557955,10,10,-557945,-100,10,-557945,-100,10,10,1400-2-26,2021-05-16
817,سهرمز,سيمان‌هرمزگان‌,1,250,5890000,24800,23560,23560,-1240,-5,24800,0,0,23560,23560,1400-2-26,2021-05-16
