,نماد,نام,تعداد,حجم,ارزش,دیروز,اولین,آخرین معامله - مقدار,آخرین معامله - تغییر,آخرین معامله - درصد,قیمت پایانی - مقدار,قیمت پایانی - تغییر,قیمت پایانی - درصد,کمترین,بیشترین,تاریخ,gregorian_date
0,توسن,توسعه سامانه ي نرم افزاري نگين,304983,54505706,680985498697,13120,12464,12879,-241,-1.84,12494,-626,-4.77,12464,12989,1400-7-18,2021-10-10
1,كيمياتك,آريان كيميا تك,49808,6934554,208225875870,30680,30000,30900,220,0.72,30030,-650,-2.12,29360,31000,1400-7-18,2021-10-10
2,فجهان,مجتمع جهان فولاد سيرجان,48126,133596004,785037249635,6166,5931,5858,-308,-5,5876,-290,-4.7,5858,6078,1400-7-18,2021-10-10
3,فسبزوار,پارس فولاد سبزوار,42094,16847997,581181289110,35220,34870,34550,-670,-1.9,34500,-720,-2.04,34050,34870,1400-7-18,2021-10-10
4,پالايش,صندوق پالايشي يكم-سهام,26322,34153958,2646563211910,78030,76700,78140,110,0.14,77490,-540,-0.69,76100,78450,1400-7-18,2021-10-10
5,بركت,گروه دارويي بركت,19867,49876032,1517358467240,31830,30240,30250,-1580,-4.96,30420,-1410,-4.43,30240,31290,1400-7-18,2021-10-10
6,شبندر,پالايش نفت بندرعباس,19008,269779226,1891987052970,6980,6980,7040,60,0.86,7010,30,0.43,6780,7230,1400-7-18,2021-10-10
7,شپنا,پالايش نفت اصفهان,17794,149797345,2114109365930,14210,14000,14120,-90,-0.63,14110,-100,-0.7,13750,14430,1400-7-18,2021-10-10
8,مديريت,س. و خدمات مديريت صند. ب كشوري,17730,10893592,100994385722,9515,9299,9371,-144,-1.51,9271,-244,-2.56,9100,9462,1400-7-18,2021-10-10
9,دي,بانك دي,16511,565589250,580205726541,1044,1025,1031,-13,-1.25,1026,-18,-1.72,1007,1057,1400-7-18,2021-10-10
10,كدما,معدني‌ دماوند,15089,9209256,1192824143700,131710,134000,129400,-2310,-1.75,129520,-2190,-1.66,125130,135000,1400-7-18,2021-10-10
11,شستا,سرمايه گذاري تامين اجتماعي,14085,60005323,779874091240,13130,13010,13050,-80,-0.61,13000,-130,-0.99,12900,13100,1400-7-18,2021-10-10
12,دارا يكم,صندوق واسطه گري مالي يكم-سهام,13067,6562671,797268337700,123000,121090,122800,-200,-0.16,121490,-1510,-1.23,119750,122800,1400-7-18,2021-10-10
13,فرابورس,فرابورس ايران,9194,30951382,829265106084,28119,27800,26714,-1405,-5,26793,-1326,-4.72,26714,27800,1400-7-18,2021-10-10
14,وهامون,سرمايه گذاري هامون صبا,8333,27371215,87195434865,3319,3260,3154,-165,-4.97,3186,-133,-4.01,3154,3295,1400-7-18,2021-10-10
15,كالا,بورس كالاي ايران,7844,21466764,765169711200,36500,36300,35380,-1120,-3.07,35640,-860,-2.36,34900,36890,1400-7-18,2021-10-10
16,فولاد,فولاد مباركه اصفهان,7323,44285258,455139478460,10380,10230,10310,-70,-0.67,10280,-100,-0.96,10140,10410,1400-7-18,2021-10-10
17,فملي,ملي‌ صنايع‌ مس‌ ايران‌,7249,38542621,488801057570,12850,12700,12870,20,0.16,12680,-170,-1.32,12540,12870,1400-7-18,2021-10-10
18,خساپا,سايپا,7011,176768142,303184719702,1747,1700,1736,-11,-0.63,1715,-32,-1.83,1684,1750,1400-7-18,2021-10-10
19,خودرو,ايران‌ خودرو,6866,202202655,370088962232,1863,1799,1880,17,0.91,1830,-33,-1.77,1799,1881,1400-7-18,2021-10-10
20,سپيد,سپيد ماكيان,6844,2235699,127693101420,58520,57010,57490,-1030,-1.76,57120,-1400,-2.39,55910,58960,1400-7-18,2021-10-10
21,خنصير,مهندسي‌نصيرماشين‌,6693,34026979,707481415970,21290,20230,21410,120,0.56,20790,-500,-2.35,20230,21930,1400-7-18,2021-10-10
22,كرمان,س. توسعه و عمران استان كرمان,6148,177312591,198680527759,1154,1138,1121,-33,-2.86,1121,-33,-2.86,1100,1138,1400-7-18,2021-10-10
23,سپيدار,سپيدار سيستم آسيا,6088,4278727,77475461986,18990,18251,18188,-802,-4.22,18107,-883,-4.65,18041,18600,1400-7-18,2021-10-10
24,نوري,پتروشيمي نوري,5963,3286319,353432511600,108420,106240,108800,380,0.35,107550,-870,-0.8,104100,111250,1400-7-18,2021-10-10
25,كاما,باما,5937,31372653,309027461470,10270,9960,9890,-380,-3.7,9850,-420,-4.09,9760,10200,1400-7-18,2021-10-10
26,خبهمن,گروه‌بهمن‌,5800,254534367,457651732753,1868,1816,1830,-38,-2.03,1798,-70,-3.75,1775,1836,1400-7-18,2021-10-10
27,كمند,صندوق س. با درآمد ثابت كمند,5755,202580633,2029181070265,10011,10017,10017,6,0.06,10017,6,0.06,10016,10018,1400-7-18,2021-10-10
28,خگستر,گسترش‌سرمايه‌گذاري‌ايران‌خودرو,5634,129006112,310538352256,2476,2403,2420,-56,-2.26,2407,-69,-2.79,2373,2472,1400-7-18,2021-10-10
29,بوعلي,پتروشيمي بوعلي سينا,5299,3292908,241001325130,74500,72680,74520,20,0.03,73190,-1310,-1.76,71200,75200,1400-7-18,2021-10-10
30,تپكو,توليدتجهيزات‌سنگين‌هپكو,5282,108480970,270082547952,2473,2403,2547,74,2.99,2490,17,0.69,2399,2547,1400-7-18,2021-10-10
31,وبملت,بانك ملت,4936,96981538,353486492360,3667,3630,3680,13,0.35,3645,-22,-0.6,3600,3682,1400-7-18,2021-10-10
32,امين,تامين سرمايه امين,4920,2095693,21914714110,10360,10490,10480,120,1.16,10410,50,0.48,10430,10490,1400-7-18,2021-10-10
33,آبادا,توليد نيروي برق آبادان,4852,3235325,49478350840,15230,15240,15270,40,0.26,15290,60,0.39,14510,15500,1400-7-18,2021-10-10
34,غزر,صنعتي زر ماكارون,4692,6243990,71113231590,11870,11320,11440,-430,-3.62,11390,-480,-4.04,11280,11860,1400-7-18,2021-10-10
35,ولپارس,ليزينگ پارسيان,4432,18188719,88033516228,4987,4980,4751,-236,-4.73,4840,-147,-2.95,4738,5070,1400-7-18,2021-10-10
36,وتجارت,بانك تجارت,4398,104601181,218738362966,2120,2080,2130,10,0.47,2091,-29,-1.37,2032,2149,1400-7-18,2021-10-10
37,آريا,پليمر آريا ساسول,4356,1302041,145902676470,113965,112291,113520,-445,-0.39,112057,-1908,-1.67,109000,115000,1400-7-18,2021-10-10
38,لطيف,محصولات كاغذي لطيف,4303,1086486,45292675502,43698,42500,41522,-2176,-4.98,41687,-2011,-4.6,41514,43000,1400-7-18,2021-10-10
39,خپارس,پارس‌ خودرو,4272,134021418,144223156690,1107,1091,1072,-35,-3.16,1076,-31,-2.8,1064,1100,1400-7-18,2021-10-10
40,چخزر,صنايع چوب خزر كاسپين,4257,406880,13271093709,33695,32310,32600,-1095,-3.25,32683,-1012,-3,32212,32990,1400-7-18,2021-10-10
41,خاذين,سايپاآذين‌,4225,20725888,63709842636,3122,3020,3133,11,0.35,3074,-48,-1.54,2966,3197,1400-7-18,2021-10-10
42,شبريز,پالايش نفت تبريز,4200,11995289,510380547520,41870,42600,42990,1120,2.67,42550,680,1.62,41470,43350,1400-7-18,2021-10-10
43,شاوان,پالايش نفت لاوان,4192,7129979,1018690728916,138257,142500,145169,6912,5,142874,4617,3.34,138001,145169,1400-7-18,2021-10-10
44,فروس,فروسيليس‌ ايران‌,4125,44243748,340473481460,7410,7220,7620,210,2.83,7700,290,3.91,7120,7780,1400-7-18,2021-10-10
45,تسه0006,امتيازتسهيلات مسكن شهريور1400,4094,187759,143864922868,761442,781000,750000,-11442,-1.5,766221,4779,0.63,723370,799479,1400-7-18,2021-10-10
46,شاروم,پتروشيمي اروميه,4094,2544748,41273835132,16947,16700,16107,-840,-4.96,16219,-728,-4.3,16100,16700,1400-7-18,2021-10-10
47,ولكار,ليزينگ كارآفرين,3908,8355237,35420678906,4355,4400,4184,-171,-3.93,4239,-116,-2.66,4159,4440,1400-7-18,2021-10-10
48,ثفارس,عمران‌وتوسعه‌فارس‌,3878,28350568,324768889690,11190,11500,11200,10,0.09,11460,270,2.41,10910,11730,1400-7-18,2021-10-10
49,وسپهر,سرمايه گذاري مالي سپهرصادرات,3876,7232519,51573747540,7379,7291,7150,-229,-3.1,7229,-150,-2.03,7065,7291,1400-7-18,2021-10-10
50,وكبهمن,مديريت سرمايه گذاري كوثربهمن,3848,2655444,30307259252,11375,11500,11300,-75,-0.66,11413,38,0.33,11160,11560,1400-7-18,2021-10-10
51,شصدف,صنعتي دوده فام,3801,5561831,167309398134,31549,31000,29972,-1577,-5,30082,-1467,-4.65,29972,31200,1400-7-18,2021-10-10
52,آپ,آسان پرداخت پرشين,3776,22897902,232525303490,10600,10170,10120,-480,-4.53,10150,-450,-4.25,10070,10550,1400-7-18,2021-10-10
53,فگستر,گسترش صنايع روي ايرانيان,3760,2533325,32509438194,12665,12800,12999,334,2.64,12833,168,1.33,12666,13044,1400-7-18,2021-10-10
54,صبا,سرمايه گذاري صبا تامين,3738,18537131,119151024548,6575,6490,6420,-155,-2.36,6428,-147,-2.24,6322,6533,1400-7-18,2021-10-10
55,ثبهساز,بهساز كاشانه تهران,3555,20501430,39774641981,1973,1982,1945,-28,-1.42,1940,-33,-1.67,1904,1982,1400-7-18,2021-10-10
56,زملارد,كشاورزي و دامپروري ملارد شير,3544,1146573,27931221290,25549,24280,24273,-1276,-4.99,24361,-1188,-4.65,24272,25100,1400-7-18,2021-10-10
57,كزغال,زغال سنگ پروده طبس,3518,1472371,51510821024,35845,35370,36100,255,0.71,34985,-860,-2.4,34500,36300,1400-7-18,2021-10-10
58,شگويا,پتروشيمي تندگويان,3511,11932617,140643065908,11854,11900,11675,-179,-1.51,11786,-68,-0.57,11500,12173,1400-7-18,2021-10-10
59,گدنا,تهيه توزيع غذاي دنا آفرين فدك,3501,5684260,101545375028,18765,17840,17827,-938,-5,17864,-901,-4.8,17827,18500,1400-7-18,2021-10-10
60,فتوسا,توليد و توسعه سرب روي ايرانيان,3473,1253029,16303068173,13453,13369,13096,-357,-2.65,13011,-442,-3.29,12806,13453,1400-7-18,2021-10-10
61,كيان,صندوق س. با درآمد ثابت كيان,3447,36934622,1143503155484,30941,30958,30960,19,0.06,30960,19,0.06,30958,30972,1400-7-18,2021-10-10
62,قثابت,قند ثابت‌ خراسان‌,3418,54041565,178561196919,3300,3325,3304,4,0.12,3304,4,0.12,3201,3412,1400-7-18,2021-10-10
63,كمرجان,بازرگاني و توليدي مرجان كار,3384,2618661,222806959543,83259,87421,87160,3901,4.69,85084,1825,2.19,80333,87421,1400-7-18,2021-10-10
64,وبصادر,بانك صادرات ايران,3380,81089324,171004288544,2129,2100,2141,12,0.56,2109,-20,-0.94,2068,2170,1400-7-18,2021-10-10
65,غكورش,صنعت غذايي كورش,3323,1402488,61147566940,44600,44140,43840,-760,-1.7,43600,-1000,-2.24,43020,44730,1400-7-18,2021-10-10
66,بپيوند,برق و انرژي پيوندگستر پارس,3311,2370718,25817188808,11227,10704,11006,-221,-1.97,10890,-337,-3,10704,11220,1400-7-18,2021-10-10
67,رافزا,رايان هم افزا,3277,426547,32636542443,77704,77000,77692,-12,-0.02,76513,-1191,-1.53,75717,78999,1400-7-18,2021-10-10
68,ثاميد,توسعه و عمران اميد,3067,22317364,34908493584,1569,1530,1579,10,0.64,1564,-5,-0.32,1529,1599,1400-7-18,2021-10-10
69,نطرين,عطرين نخ قم,3063,22345614,172966980393,7455,7827,7827,372,4.99,7741,286,3.84,7461,7827,1400-7-18,2021-10-10
70,پترول,گ.س.وت.ص.پتروشيمي خليج فارس,2882,23032889,85069604676,3776,3640,3749,-27,-0.72,3708,-68,-1.8,3630,3774,1400-7-18,2021-10-10
71,سيتا,سرمايه گذاري سيمان تامين,2817,3375610,39090816210,11790,11570,11650,-140,-1.19,11630,-160,-1.36,11540,11730,1400-7-18,2021-10-10
72,شراز,پالايش نفت شيراز,2799,3861533,563626872018,139645,141000,146627,6982,5,145959,6314,4.52,139810,146627,1400-7-18,2021-10-10
73,قشير,قند شيروان قوچان و بجنورد,2754,12817720,302828010486,22736,23872,22900,164,0.72,23626,890,3.91,22407,23872,1400-7-18,2021-10-10
74,غدام,خوراك‌  دام‌ پارس‌,2745,1386287,240983174250,182280,173170,174100,-8180,-4.49,173830,-8450,-4.64,173170,178370,1400-7-18,2021-10-10
75,وغدير,سرمايه‌گذاري‌غدير(هلدينگ‌,2701,16773079,265069253550,15910,15690,16050,140,0.88,15800,-110,-0.69,15500,16110,1400-7-18,2021-10-10
76,بگيلان,توسعه مسير برق گيلان,2685,625877,11219397553,18054,17900,17870,-184,-1.02,18007,-47,-0.26,17731,18271,1400-7-18,2021-10-10
77,خزر,فنرسازي‌زر,2670,7991534,140320816190,18300,18020,17390,-910,-4.97,17560,-740,-4.04,17390,18350,1400-7-18,2021-10-10
78,شفن,پتروشيمي فناوران,2563,426888,190925896300,448590,441280,449510,920,0.21,447250,-1340,-0.3,436300,456490,1400-7-18,2021-10-10
79,ذوب,سهامي ذوب آهن  اصفهان,2531,33468418,137136062751,4108,4040,4079,-29,-0.71,4097,-11,-0.27,4040,4170,1400-7-18,2021-10-10
80,تاپيكو,س. نفت و گاز و پتروشيمي تأمين,2525,18743670,275327209950,14580,14330,14800,220,1.51,14690,110,0.75,14120,14980,1400-7-18,2021-10-10
81,ثنوسا,نوسازي‌وساختمان‌تهران‌,2461,25283340,204580848440,8160,8190,8000,-160,-1.96,8090,-70,-0.86,7800,8400,1400-7-18,2021-10-10
82,ثتران,سرمايه گذاري مسكن تهران,2434,28378551,126038136741,4628,4480,4518,-110,-2.38,4441,-187,-4.04,4397,4628,1400-7-18,2021-10-10
83,بترانس,ايران‌ ترانسفو,2393,44190226,108084203885,2522,2490,2425,-97,-3.85,2446,-76,-3.01,2402,2509,1400-7-18,2021-10-10
84,فافق,صنايع مس افق كرمان,2379,6020152,30585142513,5222,5067,5066,-156,-2.99,5080,-142,-2.72,5066,5200,1400-7-18,2021-10-10
85,وپارس,بانك‌پارسيان‌,2363,51760908,132050278474,2565,2525,2567,2,0.08,2551,-14,-0.55,2508,2630,1400-7-18,2021-10-10
86,شسينا,صنايع‌شيميايي‌سينا,2354,1876158,171237797280,90040,85800,94540,4500,5,91270,1230,1.37,85540,94540,1400-7-18,2021-10-10
87,هاي وب,داده گسترعصرنوين-هاي وب,2350,14895147,122257602360,8470,8350,8250,-220,-2.6,8210,-260,-3.07,8080,8370,1400-7-18,2021-10-10
88,شغدير,پتروشيمي غدير,2330,1949503,209017993930,109340,105500,109300,-40,-0.04,107220,-2120,-1.94,103950,109340,1400-7-18,2021-10-10
89,سرو,صندوق س سروسودمند مدبران-سهام,2258,2118808,164063084830,78710,77220,78200,-510,-0.65,77430,-1280,-1.63,76470,78500,1400-7-18,2021-10-10
90,وسكرمان,س.سهام عدالت استان كرمان,2251,135128066,64844945102,487,472,496,9,1.85,480,-7,-1.44,470,500,1400-7-18,2021-10-10
91,شلرد,كود شيميايي اوره لردگان,2242,21757024,202816546021,9529,9244,9351,-178,-1.87,9322,-207,-2.17,9244,9545,1400-7-18,2021-10-10
92,اعتماد,صندوق س.اعتماد آفرين پارسيان-د,2224,36050200,1414669010570,39217,39239,39244,27,0.07,39242,25,0.06,39239,39244,1400-7-18,2021-10-10
93,وپويا,سرمايه گذاري پويا,2191,9165301,41799621916,4681,4654,4501,-180,-3.85,4561,-120,-2.56,4457,4664,1400-7-18,2021-10-10
94,امين يكم,صندوق درآمد ثابت امين يكم فردا,2186,53554831,540088644772,10075,10082,10087,12,0.12,10085,10,0.1,10081,10087,1400-7-18,2021-10-10
95,وملي,گروه‌ صنعتي‌ ملي‌ (هلدينگ‌,2169,872983,212750214300,255740,250000,242960,-12780,-5,243700,-12040,-4.71,242960,254400,1400-7-18,2021-10-10
96,وسكرشا,س.سهام عدالت استان كرمانشاه,2161,132478032,63340182458,486,471,501,15,3.09,478,-8,-1.65,463,502,1400-7-18,2021-10-10
97,فاذر,صنايع‌ آذرآب‌,2123,65226122,80117058250,1216,1220,1227,11,0.9,1228,12,0.99,1191,1269,1400-7-18,2021-10-10
98,كاوه,فولاد كاوه جنوب كيش,2099,7280043,125971443640,17430,17200,17480,50,0.29,17300,-130,-0.75,16870,17640,1400-7-18,2021-10-10
99,غگل,گلوكوزان‌,2083,24941269,82560699548,3403,3410,3334,-69,-2.03,3310,-93,-2.73,3236,3449,1400-7-18,2021-10-10
100,وگستر,گسترش سرمايه گذاري ايرانيان,2079,10364774,107994924226,10058,10301,10379,321,3.19,10419,361,3.59,10061,10560,1400-7-18,2021-10-10
101,كماسه,تامين‌ ماسه‌ ريخته‌گري‌,2064,19719413,107209769050,5480,5500,5350,-130,-2.37,5440,-40,-0.73,5210,5650,1400-7-18,2021-10-10
102,فزرين,زرين معدن آسيا,2047,9059316,144954109189,16807,16483,16000,-807,-4.8,16001,-806,-4.8,15967,16620,1400-7-18,2021-10-10
103,شاراك,پتروشيمي شازند,1998,5025598,245858069110,49110,48700,49200,90,0.18,48920,-190,-0.39,48080,49880,1400-7-18,2021-10-10
104,غنوش,نوش‌ مازندران‌,1976,2990894,116653885500,38300,38300,39030,730,1.91,39000,700,1.83,37350,40000,1400-7-18,2021-10-10
105,دماوند,توليد نيروي برق دماوند,1961,3529853,83419300320,23670,23670,23760,90,0.38,23633,-37,-0.16,22902,24210,1400-7-18,2021-10-10
106,شسپا,نفت سپاهان,1955,33351925,117134328889,3522,3511,3510,-12,-0.34,3512,-10,-0.28,3470,3570,1400-7-18,2021-10-10
107,اپال,فرآوري معدني اپال كاني پارس,1952,2150676,42494084620,20290,19750,19700,-590,-2.91,20100,-190,-0.94,19620,20240,1400-7-18,2021-10-10
108,چكاپا,گروه صنايع كاغذ پارس,1951,22338416,76592389288,3568,3481,3450,-118,-3.31,3429,-139,-3.9,3391,3510,1400-7-18,2021-10-10
109,شپاس,نفت پاسارگاد,1950,8010735,175574788088,21014,21480,22064,1050,5,21917,903,4.3,21100,22064,1400-7-18,2021-10-10
110,شپديس,پتروشيمي پرديس,1950,1698411,317746305100,190380,184050,188870,-1510,-0.79,187080,-3300,-1.73,182500,189900,1400-7-18,2021-10-10
111,ختور,رادياتور ايران‌,1945,8289945,172913522110,21910,20820,20820,-1090,-4.97,20860,-1050,-4.79,20820,21700,1400-7-18,2021-10-10
112,گشان,توسعه بين المللي پديده شانديز,1927,5111905,102329305002,20615,20000,20000,-615,-2.98,20018,-597,-2.9,19997,20466,1400-7-18,2021-10-10
113,كسعدي,كاشي‌ سعدي‌,1915,7767844,98896393810,12240,12850,12500,260,2.12,12730,490,4,12410,12850,1400-7-18,2021-10-10
114,كرازي,كارخانجات‌توليدي‌شيشه‌رازي‌,1914,42155073,59473284774,1419,1410,1438,19,1.34,1411,-8,-0.56,1351,1467,1400-7-18,2021-10-10
115,فروي,ذوب روي اصفهان,1874,2213956,65240076281,30416,30417,29700,-716,-2.35,29468,-948,-3.12,29154,30600,1400-7-18,2021-10-10
116,دسانكو,داروسازي سبحان انكولوژي,1873,9008739,129188288607,14183,14324,14650,467,3.29,14340,157,1.11,13500,14673,1400-7-18,2021-10-10
117,فاراك,ماشين‌ سازي‌ اراك‌,1861,39036911,65735126781,1744,1729,1684,-60,-3.44,1684,-60,-3.44,1657,1729,1400-7-18,2021-10-10
118,ثنور,سرمايه گذاري كوه نور,1819,21592357,178669972342,8113,7990,8356,243,3,8275,162,2,7900,8356,1400-7-18,2021-10-10
119,پيزد,مجتمع صنايع لاستيك يزد,1806,158499,9419532365,61418,60357,59810,-1608,-2.62,60094,-1324,-2.16,58600,60500,1400-7-18,2021-10-10
120,خزاميا,زامياد,1789,14852848,101037812110,7090,6820,6890,-200,-2.82,6800,-290,-4.09,6740,7000,1400-7-18,2021-10-10
121,حسير,ريل سير كوثر,1774,4186049,166514569307,41538,41539,40198,-1340,-3.23,39778,-1760,-4.24,39462,42870,1400-7-18,2021-10-10
122,خراسان,پتروشيمي خراسان,1764,2701778,299539478500,111080,106200,111000,-80,-0.07,110870,-210,-0.19,106010,114500,1400-7-18,2021-10-10
123,مفاخر,توسعه فناوري اطلاعات خوارزمي,1762,5178917,214047922148,43435,41264,41264,-2171,-5,41331,-2104,-4.84,41264,43430,1400-7-18,2021-10-10
124,خموتور,موتورسازان‌تراكتورسازي‌ايران‌,1760,10532262,161457693010,14750,14090,15480,730,4.95,15330,580,3.93,14090,15480,1400-7-18,2021-10-10
125,شپلي,پلي اكريل ايران,1747,15817108,145895400765,9494,9340,9210,-284,-2.99,9224,-270,-2.84,9210,9480,1400-7-18,2021-10-10
126,ثشاهد,سرمايه‌ گذاري‌ شاهد,1737,6008959,79745933390,13830,13750,13230,-600,-4.34,13270,-560,-4.05,13140,13750,1400-7-18,2021-10-10
127,خمحركه,نيرو محركه‌,1733,22571524,86102694490,4003,3830,3813,-190,-4.75,3815,-188,-4.7,3803,3930,1400-7-18,2021-10-10
128,خودكفا,اقتصادي و خودكفايي آزادگان,1726,10810671,141787121893,13454,13100,13199,-255,-1.9,13115,-339,-2.52,13051,13450,1400-7-18,2021-10-10
129,همراه,شركت ارتباطات سيار ايران,1702,12618946,112901524200,9370,9170,8960,-410,-4.38,8950,-420,-4.48,8910,9170,1400-7-18,2021-10-10
130,ديران,ايران‌دارو,1685,4417283,132786306720,31420,31420,29850,-1570,-5,30060,-1360,-4.33,29850,32000,1400-7-18,2021-10-10
131,چدن,توليدي چدن سازان,1652,14611787,53875704152,3836,3720,3670,-166,-4.33,3687,-149,-3.88,3646,3800,1400-7-18,2021-10-10
132,خلنت,لنت‌ ترمزايران‌,1636,1053909,110638654610,101920,104000,107010,5090,4.99,104980,3060,3,96830,107010,1400-7-18,2021-10-10
133,پارسان,گسترش نفت و گاز پارسيان,1619,12487890,445984716170,35520,34920,35870,350,0.99,35710,190,0.53,34900,36190,1400-7-18,2021-10-10
134,تكشا,گسترش‌صنايع‌وخدمات‌كشاورزي‌,1603,4247363,153587868490,34720,34720,36450,1730,4.98,36160,1440,4.15,33500,36450,1400-7-18,2021-10-10
135,حآسا,آسيا سير ارس,1602,3322153,63813232603,19817,19190,18828,-989,-4.99,19208,-609,-3.07,18827,20198,1400-7-18,2021-10-10
136,البرز,بيمه البرز,1575,64061867,154349274493,2516,2480,2391,-125,-4.97,2409,-107,-4.25,2391,2515,1400-7-18,2021-10-10
137,فسرب,ملي‌ سرب‌وروي‌ ايران‌,1564,1169623,88548885790,74240,74990,77020,2780,3.74,75710,1470,1.98,71980,77920,1400-7-18,2021-10-10
138,تملت,تامين سرمايه بانك ملت,1530,11677764,49344028216,4419,4372,4217,-202,-4.57,4225,-194,-4.39,4199,4372,1400-7-18,2021-10-10
139,كگل,معدني و صنعتي گل گهر,1527,9551124,216929221100,22820,22300,22850,30,0.13,22710,-110,-0.48,21950,23470,1400-7-18,2021-10-10
140,دتوزيع,توزيع دارو پخش,1516,2863539,99766391200,33746,33780,35433,1687,5,34840,1094,3.24,32220,35433,1400-7-18,2021-10-10
141,كتوكا,توليدي و خدمات صنايع نسوز توكا,1512,5522386,89623838139,17005,16400,16180,-825,-4.85,16229,-776,-4.56,16155,16980,1400-7-18,2021-10-10
142,آگاس,صندوق س.هستي بخش آگاه-س,1497,1138565,94739127014,84336,83400,84269,-67,-0.08,83209,-1127,-1.34,81959,84280,1400-7-18,2021-10-10
143,فخوز,فولاد  خوزستان,1489,7379564,118419446360,16160,16100,16250,90,0.56,16050,-110,-0.68,15800,16270,1400-7-18,2021-10-10
144,شتوكا,توكا رنگ فولاد سپاهان,1483,3182485,105295668196,34778,33120,33040,-1738,-5,33086,-1692,-4.87,33040,34100,1400-7-18,2021-10-10
145,كلر,كلر پارس,1478,612255,77113374077,123195,124000,128200,5005,4.06,125950,2755,2.24,123195,128500,1400-7-18,2021-10-10
146,ملت,بيمه ملت,1474,56312189,66588666627,1208,1207,1192,-16,-1.32,1182,-26,-2.15,1164,1211,1400-7-18,2021-10-10
147,ودي,بيمه  دي,1456,15699425,107542656995,6575,6461,6903,328,4.99,6850,275,4.18,6460,6903,1400-7-18,2021-10-10
148,ويسا,سرمايه گذاري ايساتيس پويا,1455,6720013,39591978722,5722,5893,5893,171,2.99,5892,170,2.97,5770,5893,1400-7-18,2021-10-10
149,آريان,سرمايه گذاري پارس آريان,1451,22944355,397472718021,17744,17660,17430,-314,-1.77,17323,-421,-2.37,17212,17660,1400-7-18,2021-10-10
150,ورازي,بيمه رازي,1436,58050421,132624871514,2180,2180,2289,109,5,2285,105,4.82,2122,2289,1400-7-18,2021-10-10
151,غشصفا,شيرپاستوريزه‌پگاه‌اصفهان‌,1409,2342962,89899395170,37780,38090,38040,260,0.69,38370,590,1.56,37860,39290,1400-7-18,2021-10-10
152,فجر,فولاد اميركبيركاشان,1401,2899919,74513746550,26310,25900,25890,-420,-1.6,25700,-610,-2.32,25200,26250,1400-7-18,2021-10-10
153,زاگرس,پتروشيمي زاگرس,1400,358483,104378094228,290276,287000,295999,5723,1.97,291166,890,0.31,281561,297000,1400-7-18,2021-10-10
154,حريل,ريل پردازسير,1398,15545505,59230588332,3981,3900,3786,-195,-4.9,3810,-171,-4.3,3782,3980,1400-7-18,2021-10-10
155,تليسه,دامداري تليسه نمونه,1393,17953334,51024098028,2986,2900,2837,-149,-4.99,2842,-144,-4.82,2837,2900,1400-7-18,2021-10-10
156,هبهمن207,اختيارف ت بهمن-26791-02/07/17,1374,137400000,137400000,1,1,1,0,0,1,0,0,1,1,1400-7-18,2021-10-10
157,حآفرين,ريل پرداز نو آفرين,1373,13630507,58748658762,4147,4147,4330,183,4.41,4310,163,3.93,4147,4354,1400-7-18,2021-10-10
158,پتاير,ايران‌ تاير,1343,20070742,52498854720,2681,2690,2596,-85,-3.17,2616,-65,-2.42,2571,2690,1400-7-18,2021-10-10
159,ريشمك,توليد و صادرات ريشمك,1331,2000017,79093422037,41486,40020,39412,-2074,-5,39546,-1940,-4.68,39412,41970,1400-7-18,2021-10-10
160,فنوال,نورد آلومينيوم‌,1320,1662186,44061654590,27470,26280,26470,-1000,-3.64,26510,-960,-3.49,26100,27800,1400-7-18,2021-10-10
161,ثالوند,سرمايه گذاري مسكن الوند,1316,3122810,47141229950,15655,15101,14877,-778,-4.97,15096,-559,-3.57,14873,15680,1400-7-18,2021-10-10
162,ومعادن,توسعه‌معادن‌وفلزات‌,1299,6766651,70051080970,10420,10000,10490,70,0.67,10380,-40,-0.38,10000,10500,1400-7-18,2021-10-10
163,وپاسار,بانك  پاسارگاد,1292,39538519,579255013440,14680,14680,14650,-30,-0.2,14650,-30,-0.2,14640,14700,1400-7-18,2021-10-10
164,هرمز,فولاد هرمزگان جنوب,1291,5686604,92311624138,16440,16150,16700,260,1.58,16276,-164,-1,15933,16735,1400-7-18,2021-10-10
165,ثاخت,بين‌المللي‌توسعه‌ساختمان,1287,23575007,52777780400,2291,2290,2222,-69,-3.01,2239,-52,-2.27,2203,2291,1400-7-18,2021-10-10
166,وبانك,سرمايه گذاري گروه توسعه ملي,1279,9880316,87788551670,8940,8710,9020,80,0.89,8890,-50,-0.56,8650,9100,1400-7-18,2021-10-10
167,اطلس,صندوق س.توسعه اندوخته آينده-س,1277,278943,71151087118,258921,254100,256999,-1922,-0.74,255074,-3847,-1.49,252761,257996,1400-7-18,2021-10-10
168,كسرام,پارس‌ سرام‌,1274,13173684,67975596640,5380,5380,5120,-260,-4.83,5160,-220,-4.09,5120,5480,1400-7-18,2021-10-10
169,شيران,س. صنايع‌شيميايي‌ايران,1263,3954284,94616828770,24380,24000,24140,-240,-0.98,23930,-450,-1.85,23340,24400,1400-7-18,2021-10-10
170,ونوين,بانك‌اقتصادنوين‌,1258,20135959,79233401620,4012,3942,3961,-51,-1.27,3935,-77,-1.92,3860,3993,1400-7-18,2021-10-10
171,دروز,داروسازي‌ روزدارو,1256,7498663,280360860000,36200,35250,38010,1810,5,37390,1190,3.29,35250,38010,1400-7-18,2021-10-10
172,غپينو,پارس‌ مينو,1250,13836487,58444258084,4439,4301,4250,-189,-4.26,4224,-215,-4.84,4218,4303,1400-7-18,2021-10-10
173,پارند,صندوق س. پارند پايدار سپهر,1248,31457025,315125205631,10011,10018,10018,7,0.07,10018,7,0.07,10017,10019,1400-7-18,2021-10-10
174,شپترو,پتروشيمي آبادان,1246,13018710,64464005104,5050,4974,4967,-83,-1.64,4952,-98,-1.94,4899,5032,1400-7-18,2021-10-10
175,ختوقا,قطعات‌ اتومبيل‌ ايران‌,1241,20983447,48312143889,2398,2301,2324,-74,-3.09,2302,-96,-4,2279,2370,1400-7-18,2021-10-10
176,دتوليد,داروسازي توليد دارو,1240,3836754,49679381456,13545,13000,12885,-660,-4.87,12948,-597,-4.41,12868,13370,1400-7-18,2021-10-10
177,كپشير,پشم‌شيشه‌ايران‌,1237,4061983,63666179860,16430,15800,15610,-820,-4.99,15670,-760,-4.63,15610,16300,1400-7-18,2021-10-10
178,بجهرم,توسعه مولد نيروگاهي جهرم,1221,15504166,35911472976,2342,2300,2335,-7,-0.3,2316,-26,-1.11,2266,2400,1400-7-18,2021-10-10
179,غويتا,ويتانا,1215,6971389,46776833988,7040,7000,6688,-352,-5,6710,-330,-4.69,6688,7000,1400-7-18,2021-10-10
180,اخابر,مخابرات ايران,1215,7529790,62072589450,8450,8300,8260,-190,-2.25,8340,-110,-1.3,8150,8420,1400-7-18,2021-10-10
181,كفپارس,فرآورده‌هاي‌ نسوز پارس‌,1210,13244903,54675707603,4204,4002,4110,-94,-2.24,4128,-76,-1.81,3995,4300,1400-7-18,2021-10-10
182,سبزوا,سيمان لار سبزوار,1209,15380236,53040132933,3579,3580,3401,-178,-4.97,3449,-130,-3.63,3401,3650,1400-7-18,2021-10-10
183,كچاد,معدني‌وصنعتي‌چادرملو,1208,2784388,76450347430,27590,27150,27540,-50,-0.18,27500,-90,-0.33,27000,28100,1400-7-18,2021-10-10
184,سيمرغ,سيمرغ,1195,4733776,93585193450,20710,20310,19840,-870,-4.2,19770,-940,-4.54,19680,20310,1400-7-18,2021-10-10
185,كيسون,شركت كيسون,1192,13424373,120011301398,8692,8940,8952,260,2.99,8940,248,2.85,8710,8952,1400-7-18,2021-10-10
186,ماديرا,صنايع ماديران,1178,8136615,66527741417,8390,8390,8249,-141,-1.68,8176,-214,-2.55,8010,8390,1400-7-18,2021-10-10
187,سامان,بانك سامان,1157,12062024,94886249423,8013,7800,7870,-143,-1.78,7867,-146,-1.82,7773,8001,1400-7-18,2021-10-10
188,خچرخش,چرخشگر,1155,12365940,139229511460,11130,10670,11680,550,4.94,11260,130,1.17,10580,11680,1400-7-18,2021-10-10
189,فاسمين,كالسيمين‌,1143,4716952,79537895380,16840,16840,16940,100,0.59,16860,20,0.12,16350,17160,1400-7-18,2021-10-10
190,سمگا,گروه سرمايه گذاري ميراث فرهنگي,1138,5073727,62681947926,12146,12500,12250,104,0.86,12354,208,1.71,12154,12550,1400-7-18,2021-10-10
191,پدرخش,درخشان‌ تهران‌,1136,3424002,92260562570,25950,25200,27240,1290,4.97,26950,1000,3.85,25000,27240,1400-7-18,2021-10-10
192,شفارس,صنايع‌ شيميايي‌ فارس‌,1133,17475106,29914984727,1763,1779,1710,-53,-3.01,1712,-51,-2.89,1680,1779,1400-7-18,2021-10-10
193,وآذر,سرمايه‌گذاري‌توسعه‌آذربايجان‌,1129,1406760,70286117780,51920,51300,50280,-1640,-3.16,49960,-1960,-3.78,49330,52000,1400-7-18,2021-10-10
194,تاپكيش,تجارت الكترونيك پارسيان كيش,1128,5375835,96625382454,18902,18700,17957,-945,-5,17974,-928,-4.91,17957,18700,1400-7-18,2021-10-10
195,سبجنو,سيمان‌ بجنورد,1119,1961125,79117033070,38540,40440,40420,1880,4.88,40340,1800,4.67,39200,40460,1400-7-18,2021-10-10
196,ختراك,ريخته‌گري‌ تراكتورسازي‌ ايران‌,1096,4233458,58056031550,13540,13600,13850,310,2.29,13710,170,1.26,13120,13970,1400-7-18,2021-10-10
197,سصفها,سيمان‌اصفهان‌,1081,1133241,54371805840,49440,48200,46970,-2470,-5,47980,-1460,-2.95,46970,50080,1400-7-18,2021-10-10
198,غفارس,شير پاستوريزه پگاه فارس,1081,4731670,43855365551,9721,9450,9235,-486,-5,9268,-453,-4.66,9235,9500,1400-7-18,2021-10-10
199,اتكاي,بيمه اتكايي ايرانيان,1062,7069797,66426941786,9744,9990,9276,-468,-4.8,9396,-348,-3.57,9257,9990,1400-7-18,2021-10-10
200,تسه0005,امتيازتسهيلات مسكن مرداد 1400,1061,21271,16368991183,762152,800259,745000,-17152,-2.25,769545,7393,0.97,724045,800259,1400-7-18,2021-10-10
201,غپاك,لبنيات‌ پاك‌,1051,5539753,99177233080,17150,16900,18000,850,4.96,17900,750,4.37,16900,18000,1400-7-18,2021-10-10
202,ثرود,سرمايه‌گذاري مسكن زاينده رود,1050,3907684,41047445799,10231,10398,10584,353,3.45,10504,273,2.67,10110,10719,1400-7-18,2021-10-10
203,فولاي,صنايع فولاد آلياژي يزد,1045,2505756,49849163019,20847,20064,19805,-1042,-5,19894,-953,-4.57,19805,20500,1400-7-18,2021-10-10
204,قشكر,شكرشاهرود,1045,22684753,67765410614,3134,3100,2978,-156,-4.98,2987,-147,-4.69,2978,3100,1400-7-18,2021-10-10
205,غشهداب,كشت و صنعت شهداب ناب خراسان,1044,8281294,25751152330,3233,3150,3130,-103,-3.19,3110,-123,-3.8,3072,3167,1400-7-18,2021-10-10
206,زكوثر,سرمايه گذاري كشاورزي كوثر,1041,1640116,29704307540,18130,18000,18150,20,0.11,18110,-20,-0.11,17540,18480,1400-7-18,2021-10-10
207,حتوكا,حمل‌ونقل‌توكا,1034,3520432,55744952570,16540,16020,15770,-770,-4.66,15830,-710,-4.29,15720,16530,1400-7-18,2021-10-10
208,كفرآور,فرآورده هاي سيمان شرق,1034,5530583,89692822380,15755,16227,16227,472,3,16218,463,2.94,15911,16227,1400-7-18,2021-10-10
209,چكارن,كارتن‌ ايران‌,1033,15227227,49600930308,3270,3220,3266,-4,-0.12,3257,-13,-0.4,3152,3350,1400-7-18,2021-10-10
210,وهور,مديريت انرژي اميد  تابان هور,1031,21993571,33956562686,1568,1502,1566,-2,-0.13,1548,-20,-1.28,1502,1585,1400-7-18,2021-10-10
211,وساپا,سرمايه‌گذاري‌ سايپا,1007,6356746,29504659920,4850,4830,4650,-200,-4.12,4640,-210,-4.33,4610,4830,1400-7-18,2021-10-10
212,كساوه,صنايع‌ كاشي‌ و سراميك‌ سينا,1005,1824781,93808227970,53950,51260,51260,-2690,-4.99,51410,-2540,-4.71,51260,52970,1400-7-18,2021-10-10
213,غسالم,سالمين‌,1002,8057245,24239690771,3110,3019,3014,-96,-3.09,3008,-102,-3.28,2962,3060,1400-7-18,2021-10-10
214,تمحركه,ماشين سازي نيرو محركه,1000,5881178,93883557320,15513,15978,15978,465,3,15963,450,2.9,15532,15978,1400-7-18,2021-10-10
215,خرينگ,رينگ‌سازي‌مشهد,983,1848714,62932568170,35690,34120,33930,-1760,-4.93,34040,-1650,-4.62,33910,35370,1400-7-18,2021-10-10
216,كوير,توليدي فولاد سپيد فراب كوير,972,3594569,49502894720,13810,13550,13850,40,0.29,13780,-30,-0.22,13550,13980,1400-7-18,2021-10-10
217,شفارا,پتروشيمي فارابي,967,8248498,65244382058,8105,7872,7862,-243,-3,7910,-195,-2.41,7862,8300,1400-7-18,2021-10-10
218,سنير,سيمان‌ سفيد ني‌ريز,959,583047,71078057920,117340,119600,123200,5860,4.99,121910,4570,3.89,118000,123200,1400-7-18,2021-10-10
219,داوه,داروسازي آوه سينا,943,3528675,59500817042,16128,16128,16934,806,5,16862,734,4.55,16128,16934,1400-7-18,2021-10-10
220,غالبر,لبنيات‌ كالبر,934,5128399,62034376040,12590,11970,12700,110,0.87,12100,-490,-3.89,11970,12700,1400-7-18,2021-10-10
221,خمهر,مهركام‌پارس‌,930,24789855,52753106256,2223,2125,2119,-104,-4.68,2128,-95,-4.27,2112,2209,1400-7-18,2021-10-10
222,بفجر,فجر انرژي خليج فارس,929,2916927,100101391570,34200,33600,34300,100,0.29,34320,120,0.35,32820,35300,1400-7-18,2021-10-10
223,پخش,پخش البرز,921,1899532,54002430885,28419,29100,28499,80,0.28,28429,10,0.04,27100,29330,1400-7-18,2021-10-10
224,شلعاب,لعابيران‌,915,3986310,28662036940,7500,7170,7160,-340,-4.53,7190,-310,-4.13,7130,7490,1400-7-18,2021-10-10
225,كروي,توسعه‌ معادن‌ روي‌ ايران‌,914,1439784,37498032000,26130,25990,26030,-100,-0.38,26040,-90,-0.34,25430,26800,1400-7-18,2021-10-10
226,زفكا,كشت و دامداري فكا,912,8910803,71444428459,8423,8260,8002,-421,-5,8018,-405,-4.81,8002,8390,1400-7-18,2021-10-10
227,حگردش,ريل گردش ايرانيان,910,9580541,27452206643,2788,2868,2871,83,2.98,2865,77,2.76,2784,2871,1400-7-18,2021-10-10
228,خفنر,فنرسازي‌خاور,908,5166794,43027976460,8100,8290,8400,300,3.7,8330,230,2.84,8120,8400,1400-7-18,2021-10-10
229,بشهاب,لامپ‌  پارس‌ شهاب‌,905,471283,52959101220,114450,109100,108730,-5720,-5,112370,-2080,-1.82,108730,116000,1400-7-18,2021-10-10
230,آسيا,بيمه آسيا,898,16939688,32611550348,1970,1920,1950,-20,-1.02,1925,-45,-2.28,1883,1970,1400-7-18,2021-10-10
231,كبافق,معادن‌ بافق‌,886,992391,37448149650,37560,37000,38380,820,2.18,37740,180,0.48,36050,39300,1400-7-18,2021-10-10
232,مرقام,ايران‌ارقام‌,876,2652299,37638997880,14830,14240,14090,-740,-4.99,14190,-640,-4.32,14090,14880,1400-7-18,2021-10-10
233,قرن,پديده شيمي قرن,874,1315464,36153313930,28090,28400,27770,-320,-1.14,27480,-610,-2.17,26690,28500,1400-7-18,2021-10-10
234,ونيكي,سرمايه‌گذاري‌ ملي‌ايران‌,869,5072325,54359486500,10950,10820,10670,-280,-2.56,10780,-170,-1.55,10470,10940,1400-7-18,2021-10-10
235,ولساپا,ليزينگ رايان‌ سايپا,861,13721257,35895397138,2690,2614,2632,-58,-2.16,2616,-74,-2.75,2592,2698,1400-7-18,2021-10-10
236,ثعتما,س. ساختماني اعتماد گستر,858,2614306,89483466331,33611,34500,34617,1006,2.99,34228,617,1.84,32603,34619,1400-7-18,2021-10-10
237,حفاري,حفاري شمال,847,3775914,21963817160,5950,5750,5880,-70,-1.18,5820,-130,-2.18,5750,5950,1400-7-18,2021-10-10
238,تسه0003,امتيازتسهيلات مسكن خرداد1400,841,23997,18516272635,759944,797941,747990,-11954,-1.57,771608,11664,1.53,721947,797941,1400-7-18,2021-10-10
239,غگرجي,بيسكويت‌  گرجي‌,840,8355233,21805807186,2625,2600,2680,55,2.1,2610,-15,-0.57,2520,2700,1400-7-18,2021-10-10
240,توريل,توكاريل,838,3674783,50806600649,14538,14530,13812,-726,-4.99,13826,-712,-4.9,13812,14530,1400-7-18,2021-10-10
241,كيميا,معدني كيمياي زنجان گستران,832,3443246,54254639129,16377,15902,15850,-527,-3.22,15757,-620,-3.79,15559,16000,1400-7-18,2021-10-10
242,پارس,پتروشيمي پارس,828,410292,83800773990,205680,202800,204920,-760,-0.37,204460,-1220,-0.59,201560,206100,1400-7-18,2021-10-10
243,چفيبر,فيبر ايران‌,826,3372015,25145877510,7440,7570,7400,-40,-0.54,7460,20,0.27,7200,7610,1400-7-18,2021-10-10
244,زنگان,صنعت روي زنگان,825,988993,65270422911,63490,63300,66664,3174,5,65997,2507,3.95,61001,66664,1400-7-18,2021-10-10
245,دبالك,مواد اوليه دارويي البرز بالك,825,3896559,44108027592,11750,11900,11241,-509,-4.33,11320,-430,-3.66,11163,11900,1400-7-18,2021-10-10
246,وكار,بانك‌ كارآفرين‌,818,23587591,59495175072,2514,2490,2530,16,0.64,2522,8,0.32,2400,2600,1400-7-18,2021-10-10
247,فپنتا,سپنتا,817,289906,142074345730,467090,460020,490440,23350,5,490070,22980,4.92,460020,490440,1400-7-18,2021-10-10
248,ستران,سيمان‌ تهران‌,817,1641187,38571558490,24610,23950,23610,-1000,-4.06,23500,-1110,-4.51,23380,24400,1400-7-18,2021-10-10
249,ساروم,سيمان‌اروميه‌,815,1678635,62170963550,37980,36610,37490,-490,-1.29,37040,-940,-2.47,36570,37980,1400-7-18,2021-10-10
250,ثعمرا,عمران و توسعه شاهد,812,4405256,40205894012,9478,9100,9005,-473,-4.99,9127,-351,-3.7,9005,9800,1400-7-18,2021-10-10
251,قنيشا,قند  نيشابور,812,907752,35322887150,40600,40000,38890,-1710,-4.21,38910,-1690,-4.16,38570,40000,1400-7-18,2021-10-10
252,مبين,مبين انرژي خليج فارس,799,3634309,91313764900,24770,24360,25170,400,1.61,25030,260,1.05,24240,25900,1400-7-18,2021-10-10
253,بكام,كارخانجات توليدي شهيد قندي,796,9595046,23922509643,2526,2500,2500,-26,-1.03,2493,-33,-1.31,2461,2557,1400-7-18,2021-10-10
254,خكرمان,گروه اقتصادي كرمان خودرو,790,10122998,30021349662,3046,3020,3010,-36,-1.18,2966,-80,-2.63,2955,3037,1400-7-18,2021-10-10
255,تسه0004,امتيازتسهيلات مسكن تير1400,789,14289,10927966597,761763,799851,749000,-12763,-1.68,764782,3019,0.4,723675,799851,1400-7-18,2021-10-10
256,فمراد,آلومراد,787,2032335,37973985440,19520,19330,18550,-970,-4.97,18680,-840,-4.3,18550,19330,1400-7-18,2021-10-10
257,تپمپي,پمپ‌ سازي‌ ايران‌,781,3152304,63766454690,20620,20150,20200,-420,-2.04,20230,-390,-1.89,19800,20650,1400-7-18,2021-10-10
258,وپست,پست بانك ايران,777,2035201,44370729620,22560,22010,21990,-570,-2.53,21800,-760,-3.37,21500,22780,1400-7-18,2021-10-10
259,افران,صندوق س افرا نماد پايدار-ثابت,777,8926488,129125105260,14456,14464,14463,7,0.05,14465,9,0.06,14463,14468,1400-7-18,2021-10-10
260,تسه9908,امتياز تسهيلات مسكن آبان99,773,22094,16954088154,759397,769000,749000,-10397,-1.37,767362,7965,1.05,721428,797366,1400-7-18,2021-10-10
261,ركيشح,ح. كارت اعتباري ايران كيش,772,7012153,28252600393,4208,4470,4012,-196,-4.66,4029,-179,-4.25,3910,4470,1400-7-18,2021-10-10
262,ولشرق,ليزينگ ايران و شرق,771,6232069,37126343132,6107,6080,6000,-107,-1.75,5957,-150,-2.46,5850,6080,1400-7-18,2021-10-10
263,زماهان,مجتمع توليد گوشت مرغ ماهان,756,3065232,28394738582,9682,9376,9198,-484,-5,9263,-419,-4.33,9198,9579,1400-7-18,2021-10-10
264,كپارس,كاشي‌ پارس‌,755,313803,36014667200,119510,120600,113560,-5950,-4.98,114770,-4740,-3.97,113540,120600,1400-7-18,2021-10-10
265,غبهنوش,بهنوش‌ ايران‌,755,689366,42532118920,64770,64070,61600,-3170,-4.89,61700,-3070,-4.74,61540,64070,1400-7-18,2021-10-10
266,شخارك,پتروشيمي‌ خارك‌,754,1198507,69800758920,58250,58240,58200,-50,-0.09,58240,-10,-0.02,56770,59600,1400-7-18,2021-10-10
267,حفارس,حمل و نقل بين المللي خليج فارس,750,14270585,55298371153,4045,3880,3843,-202,-4.99,3875,-170,-4.2,3843,3995,1400-7-18,2021-10-10
268,فولاژ,فولاد آلياژي ايران,748,2860611,47852542110,16480,16500,16890,410,2.49,16630,150,0.91,16130,17210,1400-7-18,2021-10-10
269,فايرا,آلومينيوم‌ايران‌,736,2496855,44096402650,18070,17810,17600,-470,-2.6,17800,-270,-1.49,17510,18000,1400-7-18,2021-10-10
270,تكمبا,كمباين‌ سازي‌ ايران‌,724,4965828,26968401560,5700,5420,5420,-280,-4.91,5430,-270,-4.74,5420,5580,1400-7-18,2021-10-10
271,شوينده,مديريت صنعت شوينده ت.ص.بهشهر,716,2653502,57928134950,22870,22300,21830,-1040,-4.55,21830,-1040,-4.55,21730,22880,1400-7-18,2021-10-10
272,قصفها,قنداصفهان‌,714,356735,37526096980,110410,105400,104890,-5520,-5,105190,-5220,-4.73,104890,112000,1400-7-18,2021-10-10
273,پارسيان,بيمه پارسيان,711,4023783,48380896490,11560,11670,12100,540,4.67,12020,460,3.98,11560,12120,1400-7-18,2021-10-10
274,ولغدر,ليزينگ‌خودروغدير,708,2931262,38811945420,13860,13900,13170,-690,-4.98,13240,-620,-4.47,13170,13980,1400-7-18,2021-10-10
275,ومهان,گروه توسعه مالي مهر آيندگان,703,1926161,29192373943,15401,15210,15435,34,0.22,15283,-118,-0.77,14830,15439,1400-7-18,2021-10-10
276,ثپرديس,سرمايه گذاري مسكن پرديس,699,8451284,55130257241,6846,6601,6504,-342,-5,6523,-323,-4.72,6504,6936,1400-7-18,2021-10-10
277,خشرق,الكتريك‌ خودرو شرق‌,698,2440941,36939960970,15270,15040,15620,350,2.29,15130,-140,-0.92,14510,15780,1400-7-18,2021-10-10
278,سيستم,همكاران سيستم,696,4414585,26165720790,5990,5780,5990,0,0,5930,-60,-1,5730,6160,1400-7-18,2021-10-10
279,كسرا,سراميك‌هاي‌صنعتي‌اردكان‌,696,1999529,34952223540,17850,17700,17320,-530,-2.97,17480,-370,-2.07,17250,18000,1400-7-18,2021-10-10
280,قچار,فراوردههاي غذايي وقند چهارمحال,695,4847629,58038914210,12596,11967,12140,-456,-3.62,11973,-623,-4.95,11967,12180,1400-7-18,2021-10-10
281,كلوند,كاشي‌ الوند,692,2208360,50132083130,23670,23110,22550,-1120,-4.73,22700,-970,-4.1,22490,23580,1400-7-18,2021-10-10
282,رتاپ,تجارت الكترونيك  پارسيان,692,2750508,16145841000,6010,5810,5860,-150,-2.5,5870,-140,-2.33,5810,6000,1400-7-18,2021-10-10
283,ورنا,سرمايه‌گذاري‌ رنا(هلدينگ‌,689,6214111,20077078450,3295,3300,3221,-74,-2.25,3231,-64,-1.94,3180,3300,1400-7-18,2021-10-10
284,وصنعت,سرمايه گذاري توسعه صنعت وتجارت,683,4270369,27176193920,6520,6450,6360,-160,-2.45,6360,-160,-2.45,6240,6500,1400-7-18,2021-10-10
285,گكوثر,هتل پارسيان كوثر اصفهان,682,10159908,19362923160,1973,1922,1918,-55,-2.79,1906,-67,-3.4,1878,1930,1400-7-18,2021-10-10
286,كنور,توسعه معدني و صنعتي صبانور,681,2945742,48733524820,16770,16300,16500,-270,-1.61,16640,-130,-0.78,16150,16800,1400-7-18,2021-10-10
287,وخاور,بانك خاورميانه,675,3125340,17856817710,5750,5850,5630,-120,-2.09,5740,-10,-0.17,5570,5890,1400-7-18,2021-10-10
288,زمگسا,كشاورزي‌ ودامپروي‌ مگسال‌,674,991609,20684542270,21250,21330,20900,-350,-1.65,20860,-390,-1.84,20200,21510,1400-7-18,2021-10-10
289,فجام,جام‌دارو,674,4341568,28312517660,6820,6700,6510,-310,-4.55,6520,-300,-4.4,6480,6820,1400-7-18,2021-10-10
290,دلقما,دارويي‌ لقمان‌,674,1422689,46242435630,34060,34000,32360,-1700,-4.99,32500,-1560,-4.58,32360,34000,1400-7-18,2021-10-10
291,كگاز,شيشه‌ و گاز,673,2710401,56506409580,20050,19520,21050,1000,4.99,20850,800,3.99,19170,21050,1400-7-18,2021-10-10
292,وآوا,سرمايه گذاري آوا نوين,671,5100746,22087851061,4418,4292,4330,-88,-1.99,4330,-88,-1.99,4230,4399,1400-7-18,2021-10-10
293,تبرك,گروه كارخانجات صنعتي تبرك,670,3152325,35365527810,11738,11160,11152,-586,-4.99,11219,-519,-4.42,11152,11500,1400-7-18,2021-10-10
294,كترام,توليدي‌ كاشي‌ تكسرام‌,669,1490181,36836080560,25910,25000,24620,-1290,-4.98,24720,-1190,-4.59,24620,25840,1400-7-18,2021-10-10
295,شيراز,پتروشيمي‌شيراز,668,1545734,138981194830,90690,90900,90600,-90,-0.1,89910,-780,-0.86,87600,91870,1400-7-18,2021-10-10
296,خپويش,سازه‌ پويش‌,667,512435,39180880470,76810,73410,76870,60,0.08,76460,-350,-0.46,72970,79490,1400-7-18,2021-10-10
297,دكپسول,توليد ژلاتين كپسول ايران,667,647754,21671856890,33364,33110,34003,639,1.92,33457,93,0.28,32160,34200,1400-7-18,2021-10-10
298,لابسا,آبسال‌,663,1080028,39272692200,35510,36000,36000,490,1.38,36360,850,2.39,35510,37280,1400-7-18,2021-10-10
299,كرماشا,صنايع پتروشيمي كرمانشاه,662,1467591,76342787060,52410,50500,52500,90,0.17,52020,-390,-0.74,50500,52780,1400-7-18,2021-10-10
300,ساوه,سيمان ساوه,661,198120,10345630572,52818,52521,52250,-568,-1.08,52397,-421,-0.8,51783,52530,1400-7-18,2021-10-10
301,سشرق,سيمان‌ شرق‌,659,6890709,59768128700,8890,8520,8650,-240,-2.7,8670,-220,-2.47,8450,8900,1400-7-18,2021-10-10
302,غگلپا,شير پاستوريزه پگاه گلپايگان,659,1546215,99019929323,63251,60089,64050,799,1.26,64040,789,1.25,60089,66300,1400-7-18,2021-10-10
303,سپر,صندوق س سپر سرمايه بيدار- ثابت,658,27540103,355260401155,12893,12901,12902,9,0.07,12900,7,0.05,12896,12914,1400-7-18,2021-10-10
304,ثاباد,توريستي ورفاهي آبادگران ايران,654,952950,47954181350,50260,50280,50000,-260,-0.52,50320,60,0.12,48510,51970,1400-7-18,2021-10-10
305,وسگيلا,شركت س استان گيلان,650,41214234,19955016262,499,476,499,0,0,489,-10,-2,475,500,1400-7-18,2021-10-10
306,وتعاون,بيمه  تعاون,648,15012660,31808683115,2083,2021,2145,62,2.98,2119,36,1.73,2021,2145,1400-7-18,2021-10-10
307,جهرم,پتروشيمي جهرم,643,14315829,19557551663,1339,1346,1379,40,2.99,1366,27,2.02,1303,1379,1400-7-18,2021-10-10
308,فباهنر,مس‌ شهيدباهنر,643,1419659,38453294140,27050,27000,27350,300,1.11,27090,40,0.15,26120,27480,1400-7-18,2021-10-10
309,وايران,ليزينگ ايرانيان,641,4021029,18289151229,4736,4736,4500,-236,-4.98,4548,-188,-3.97,4500,4736,1400-7-18,2021-10-10
310,وتوصا,گروه س توسعه صنعتي ايران,638,4427849,41529207500,9650,9560,9500,-150,-1.55,9380,-270,-2.8,9170,9560,1400-7-18,2021-10-10
311,شجم,صنايع پتروشيمي تخت جمشيد,637,6061841,75644693405,12845,12210,12757,-88,-0.69,12479,-366,-2.85,12210,12980,1400-7-18,2021-10-10
312,كفرا,فراورده‌ هاي‌ نسوزايران‌,637,1367302,29314061540,20730,21190,21720,990,4.78,21440,710,3.42,20840,21760,1400-7-18,2021-10-10
313,فوكا,فولاد كاويان,631,7795620,121760021005,16092,15790,16000,-92,-0.57,15619,-473,-2.94,15610,16000,1400-7-18,2021-10-10
314,طلا,صندوق س.پشتوانه طلاي لوتوس,631,524285,43324018808,82939,82568,82701,-238,-0.29,82634,-305,-0.37,82230,83000,1400-7-18,2021-10-10
315,كاسپين,داروسازي كاسپين تامين,630,2161833,60116998522,26731,26550,28067,1336,5,27808,1077,4.03,26430,28067,1400-7-18,2021-10-10
316,پاسا,ايران‌ياساتايرورابر,628,1838244,34051299060,19140,18700,18820,-320,-1.67,18520,-620,-3.24,18190,19090,1400-7-18,2021-10-10
317,ثشرق,سرمايه گذاري مسكن شمال شرق,624,7191333,38253119390,5290,5200,5300,10,0.19,5320,30,0.57,5080,5450,1400-7-18,2021-10-10
318,كوثر,بيمه كوثر,623,3021558,36054310046,11845,12070,11999,154,1.3,11932,87,0.73,11827,12090,1400-7-18,2021-10-10
319,دكوثر,داروسازي‌ كوثر,623,9066983,38820214413,4426,4300,4205,-221,-4.99,4281,-145,-3.28,4205,4539,1400-7-18,2021-10-10
320,رانفور,خدمات‌انفورماتيك‌,620,4978427,23686832690,4882,4741,4780,-102,-2.09,4839,-43,-0.88,4715,4850,1400-7-18,2021-10-10
321,وساغربي,شركت س استان آذربايجان غربي,619,37819869,18297379277,502,479,500,-2,-0.4,491,-11,-2.19,477,501,1400-7-18,2021-10-10
322,اميد,تامين سرمايه اميد,618,5499440,35405683950,6510,6540,6300,-210,-3.23,6440,-70,-1.08,6270,6590,1400-7-18,2021-10-10
323,تاصيكو,سرمايه گذاري صدرتامين,616,3408561,32318997530,9790,9340,9500,-290,-2.96,9700,-90,-0.92,9340,9660,1400-7-18,2021-10-10
324,وسكرد,شركت س استان كردستان,613,44504728,23765524752,562,534,534,-28,-4.98,534,-28,-4.98,534,534,1400-7-18,2021-10-10
325,سصوفي,سيمان‌ صوفيان‌,612,1173799,20277438420,17140,16500,17370,230,1.34,17280,140,0.82,16500,17650,1400-7-18,2021-10-10
326,غشاذر,پگاه‌آذربايجان‌غربي‌,611,4504221,27594082430,5900,5690,6190,290,4.92,6130,230,3.9,5690,6190,1400-7-18,2021-10-10
327,وساخت,سرمايه‌ گذاري‌ ساختمان‌ايران‌,606,615621,27122995900,44960,44060,43750,-1210,-2.69,44060,-900,-2,43680,44900,1400-7-18,2021-10-10
328,زدشت,كشت و صنعت دشت خرم دره,600,1985172,34899058337,18469,18440,17546,-923,-5,17580,-889,-4.81,17546,18440,1400-7-18,2021-10-10
329,شبهرن,نفت‌ بهران‌,598,2876859,36860880230,13020,13020,12920,-100,-0.77,12900,-120,-0.92,12570,13020,1400-7-18,2021-10-10
330,دسبحان,سبحان دارو,598,1331824,25666823320,19250,19310,18830,-420,-2.18,19270,20,0.1,18830,19570,1400-7-18,2021-10-10
331,ولملت,واسپاري ملت,597,4564272,30698574160,6710,6510,6730,20,0.3,6730,20,0.3,6510,6850,1400-7-18,2021-10-10
332,غگلستا,شير پاستوريزه پگاه گلستان,593,1909676,25328941801,13928,13450,13232,-696,-5,13263,-665,-4.77,13232,13800,1400-7-18,2021-10-10
333,رنيك,جنرال مكانيك,591,1409221,21406572087,15914,15119,15131,-783,-4.92,15190,-724,-4.55,15119,15749,1400-7-18,2021-10-10
334,ونيرو,سرمايه‌گذاري‌نيرو,587,7939825,19996363293,2574,2600,2520,-54,-2.1,2518,-56,-2.18,2490,2600,1400-7-18,2021-10-10
335,قمرو,قند مرودشت‌,584,1438236,44963039400,32830,32900,31190,-1640,-5,31260,-1570,-4.78,31190,32900,1400-7-18,2021-10-10
336,ولصنم,ليزينگ‌صنعت‌ومعدن‌,582,3182732,19276332900,6310,6250,6050,-260,-4.12,6060,-250,-3.96,6000,6250,1400-7-18,2021-10-10
337,وپسا,س. پتروشيمي ساختمان  خليج فارس,581,12616988,24503953378,1995,1960,1936,-59,-2.96,1942,-53,-2.66,1936,2020,1400-7-18,2021-10-10
338,وكادو,تكادو,580,1361758,23967727095,17359,16841,17879,520,3,17601,242,1.39,16841,17879,1400-7-18,2021-10-10
339,واميد,گروه مديريت سرمايه گذاري اميد,578,1994357,25398572270,12590,12500,13040,450,3.57,12620,30,0.24,12280,13180,1400-7-18,2021-10-10
340,نوين,بيمه نوين,576,4488019,23264358453,5268,5202,5190,-78,-1.48,5184,-84,-1.59,5100,5285,1400-7-18,2021-10-10
341,پاكشو,گروه صنعتي پاكشو,576,8761225,49805970120,5730,5630,5690,-40,-0.7,5710,-20,-0.35,5600,5710,1400-7-18,2021-10-10
342,غديس,پاكديس,575,2246927,29858937785,13689,13245,13339,-350,-2.56,13289,-400,-2.92,13056,13550,1400-7-18,2021-10-10
343,بهپاك,صنعتي بهپاك,574,8857464,51154833290,5805,5848,5930,125,2.15,5775,-30,-0.52,5650,6000,1400-7-18,2021-10-10
344,شپارس,بين‌ المللي‌ محصولات‌  پارس‌,574,3198071,36126761890,11850,11320,11330,-520,-4.39,11300,-550,-4.64,11260,11540,1400-7-18,2021-10-10
345,تسه0002,امتيازتسهيلاتمسكن ارديبهشت1400,568,10232,7886772805,762083,800187,749700,-12383,-1.62,770795,8712,1.14,723979,800187,1400-7-18,2021-10-10
346,خوساز,محورسازان‌ايران‌خودرو,566,4001116,35823816670,9410,8950,8990,-420,-4.46,8950,-460,-4.89,8940,9330,1400-7-18,2021-10-10
347,بكهنوج,توليد برق ماهتاب كهنوج,561,10175430,13983554632,1394,1409,1375,-19,-1.36,1375,-19,-1.36,1340,1420,1400-7-18,2021-10-10
348,فرآور,فرآوري‌موادمعدني‌ايران‌,561,1414505,43817989920,31420,30850,31430,10,0.03,30980,-440,-1.4,30100,31700,1400-7-18,2021-10-10
349,سخاش,سيمان‌خاش‌,559,165315,18930724880,116700,114180,114530,-2170,-1.86,114510,-2190,-1.88,112070,117000,1400-7-18,2021-10-10
350,وسبحان,سرمايه گذاري سبحان,554,10124272,32148170618,3285,3449,3123,-162,-4.93,3175,-110,-3.35,3121,3449,1400-7-18,2021-10-10
351,سدور,سيمان‌ دورود,550,2798653,22150869830,8270,8260,7900,-370,-4.47,7910,-360,-4.35,7860,8260,1400-7-18,2021-10-10
352,كهمدا,شيشه‌ همدان‌,549,1904471,19552494050,10650,10590,10200,-450,-4.23,10270,-380,-3.57,10190,10590,1400-7-18,2021-10-10
353,افق,فروشگاههاي زنجيره اي افق كوروش,548,829435,45264197890,55320,54760,54610,-710,-1.28,54800,-520,-0.94,54200,55210,1400-7-18,2021-10-10
354,دانا,بيمه دانا,548,4511371,24113846650,5420,5230,5410,-10,-0.18,5350,-70,-1.29,5230,5460,1400-7-18,2021-10-10
355,ارفع,شركت آهن و فولاد ارفع,547,1596819,24766425749,15672,15597,15480,-192,-1.23,15618,-54,-0.34,15200,15720,1400-7-18,2021-10-10
356,فنورد,نوردوقطعات‌ فولادي‌,547,233694,46348915920,202550,200400,199770,-2780,-1.37,198330,-4220,-2.08,196010,203980,1400-7-18,2021-10-10
357,سپيدما,صندوق س. سپيد دماوند-د,541,23165490,259454492951,11194,11201,11200,6,0.05,11200,6,0.05,11200,11205,1400-7-18,2021-10-10
358,سدبير,س. تدبيرگران فارس وخوزستان,536,1092274,38249510130,36810,35052,34970,-1840,-5,35018,-1792,-4.87,34970,36570,1400-7-18,2021-10-10
359,بالبر,كابل‌ البرز,534,697024,22552117460,33850,34500,32160,-1690,-4.99,32350,-1500,-4.43,32160,34500,1400-7-18,2021-10-10
360,تسه0001,امتيازتسهيلات مسكن فروردين1400,533,9186,7150557784,768507,780077,750000,-18507,-2.41,778419,9912,1.29,730082,806932,1400-7-18,2021-10-10
361,تايرا,تراكتورسازي‌ايران‌,533,1029978,30288212600,28920,28920,29000,80,0.28,29310,390,1.35,28000,30300,1400-7-18,2021-10-10
362,رمپنا,گروه مپنا (سهامي عام),532,6232097,110086618190,18120,17790,17600,-520,-2.87,17690,-430,-2.37,17130,18000,1400-7-18,2021-10-10
363,ولانا,شركت ليزينگ آريا دانا,532,1150118,21134596478,18933,18366,18366,-567,-2.99,18376,-557,-2.94,18366,18750,1400-7-18,2021-10-10
364,وتوس,توسعه‌شهري‌توس‌گستر,531,2382238,31893872790,14070,13610,13370,-700,-4.98,13390,-680,-4.83,13370,14000,1400-7-18,2021-10-10
365,پرديس,سرمايه گذاري پرديس,528,3650368,20727382170,5920,5630,5710,-210,-3.55,5680,-240,-4.05,5630,5830,1400-7-18,2021-10-10
366,آوا,صندوق س.سهام آواي معيار-س,524,3479954,27901478508,7905,7850,8140,235,2.97,8018,113,1.43,7800,8160,1400-7-18,2021-10-10
367,كقزوي,شيشه‌ قزوين‌,517,3241400,27039356539,8502,8700,8349,-153,-1.8,8342,-160,-1.88,8247,8700,1400-7-18,2021-10-10
368,وملل,اعتباري ملل,514,5447043,62478463224,11424,11540,11203,-221,-1.93,11470,46,0.4,11003,11650,1400-7-18,2021-10-10
369,غبهار,كشت وصنعت بهاران گلبهار خراسان,513,1194048,17983617296,14690,14789,15130,440,3,15061,371,2.53,14340,15130,1400-7-18,2021-10-10
370,پرداخت,به پرداخت ملت,512,1440957,22582398050,16400,15670,15680,-720,-4.39,15670,-730,-4.45,15580,15900,1400-7-18,2021-10-10
371,جم پيلن,پلي پروپيلن جم - جم پيلن,510,347785,40997323950,119540,116110,118000,-1540,-1.29,118820,-720,-0.6,116000,119500,1400-7-18,2021-10-10
372,دسبحا,گروه دارويي سبحان,508,1770862,38472641250,21740,21520,21440,-300,-1.38,21730,-10,-0.05,20830,22000,1400-7-18,2021-10-10
373,تسه9912,امتياز تسهيلات مسكن اسفند99,505,8570,6602630615,757035,772222,744999,-12036,-1.59,770435,13400,1.77,719184,794886,1400-7-18,2021-10-10
374,بنو,بيمه تجارت نو,503,3115573,34739023903,11627,11500,11200,-427,-3.67,11150,-477,-4.1,11046,11500,1400-7-18,2021-10-10
375,سبهان,سيمان‌ بهبهان‌,500,273758,15317120400,57120,55800,55640,-1480,-2.59,55950,-1170,-2.05,55500,57100,1400-7-18,2021-10-10
376,كنورح,ح توسعه معدني و صنعتي صبانور,499,4631174,65176885480,14360,13950,14340,-20,-0.14,14070,-290,-2.02,13950,14390,1400-7-18,2021-10-10
377,فسپا,گروه‌صنعتي‌سپاهان‌,497,1392482,27995764640,20370,20370,20300,-70,-0.34,20100,-270,-1.33,19930,20700,1400-7-18,2021-10-10
378,ياقوت,صندوق س ياقوت آگاه-ثابت,495,4865424,64694037133,13306,13293,13306,0,0,13297,-9,-0.07,13292,13318,1400-7-18,2021-10-10
379,شبصير,توليدات پتروشيمي قائد بصير,495,714460,78160832506,109862,107500,110010,148,0.13,109398,-464,-0.42,106220,111588,1400-7-18,2021-10-10
380,حشكوه,دليجان طلايي شكوه پارس,494,7130775,18049611541,2579,2502,2590,11,0.43,2531,-48,-1.86,2502,2643,1400-7-18,2021-10-10
381,ولتجار,واسپاري تجارت وسرمايه ايرانيان,490,7393811,27624670461,3652,3834,3659,7,0.19,3736,84,2.3,3610,3834,1400-7-18,2021-10-10
382,ومشان,س. فني و مهندسي مشانير,486,386768,25087854617,64231,62311,66147,1916,2.98,64865,634,0.99,62305,66157,1400-7-18,2021-10-10
383,وبوعلي,سرمايه‌گذاري‌بوعلي‌,485,2310037,9882935927,4419,4330,4300,-119,-2.69,4324,-95,-2.15,4215,4393,1400-7-18,2021-10-10
384,دزهراوي,داروسازي‌زهراوي‌,482,1613222,9712926670,6090,6000,6000,-90,-1.48,6040,-50,-0.82,5930,6110,1400-7-18,2021-10-10
385,ثباغ,شهر سازي و خانه سازي باغميشه,480,1826224,19543178785,11107,10556,10560,-547,-4.92,10701,-406,-3.66,10552,11096,1400-7-18,2021-10-10
386,وتعاونح,ح . بيمه  تعاون,478,19096285,12998469107,672,652,692,20,2.98,681,9,1.34,652,692,1400-7-18,2021-10-10
387,ثغرب,شركت سرمايه گذاري مسكن شمالغرب,470,2198981,11554619332,5468,5220,5247,-221,-4.04,5290,-178,-3.26,5195,5589,1400-7-18,2021-10-10
388,ومعلم,بيمه معلم,467,3752756,13092720570,3476,3421,3499,23,0.66,3487,11,0.32,3361,3578,1400-7-18,2021-10-10
389,پكوير,كوير تاير,467,997693,12686560830,13180,12800,12770,-410,-3.11,12760,-420,-3.19,12530,13000,1400-7-18,2021-10-10
390,خريخت,صنايع‌ريخته‌گري‌ايران‌,462,7532360,31517627992,4280,4230,4290,10,0.23,4184,-96,-2.24,4125,4310,1400-7-18,2021-10-10
391,بايكا,كارخانجات كابلسازي ‌ايران‌,460,941300,19959141399,21561,21900,20915,-646,-3,21204,-357,-1.66,20915,21900,1400-7-18,2021-10-10
392,غمهرا,توليدي‌مهرام‌,455,404637,21829711210,56040,54000,53240,-2800,-5,53950,-2090,-3.73,53240,56000,1400-7-18,2021-10-10
393,غمارگ,مارگارين‌,455,1563041,37326516120,24720,24310,24090,-630,-2.55,23880,-840,-3.4,23490,24870,1400-7-18,2021-10-10
394,سرچشمه,سرمايه گذاري مس سرچشمه,454,2184936,13006104008,6125,6020,5920,-205,-3.35,5968,-157,-2.56,5890,6120,1400-7-18,2021-10-10
395,هماي,صندوق س هماي آگاه-ثابت,453,1893209,19118682274,10097,10100,10100,3,0.03,10099,2,0.02,10093,10103,1400-7-18,2021-10-10
396,وسينا,بانك سينا,448,8996350,23204918291,2583,2501,2590,7,0.27,2580,-3,-0.12,2480,2640,1400-7-18,2021-10-10
397,لسرما,سرما آفرين‌,446,1584971,33817362890,22080,21600,21030,-1050,-4.76,21340,-740,-3.35,20980,22080,1400-7-18,2021-10-10
398,تسه9911,امتياز تسهيلات مسكن بهمن99,442,7713,5936629310,758208,796118,740000,-18208,-2.4,769691,11483,1.51,720298,796118,1400-7-18,2021-10-10
399,لخزر,پارس‌ خزر,435,108011,16378862490,151530,145310,154120,2590,1.71,151640,110,0.07,145310,156500,1400-7-18,2021-10-10
400,غچين,كشت‌ و صنعت‌ چين‌ چين,433,2086439,33505955300,16300,16300,16070,-230,-1.41,16060,-240,-1.47,15720,16370,1400-7-18,2021-10-10
401,وبيمه,سرمايه‌ گذاري‌ صنعت‌ بيمه‌,433,6465639,11008370918,1740,1720,1717,-23,-1.32,1711,-29,-1.67,1685,1730,1400-7-18,2021-10-10
402,خاهن,آهنگري‌ تراكتورسازي‌ ايران‌,432,3313316,27212709560,8280,8130,8300,20,0.24,8220,-60,-0.72,8130,8330,1400-7-18,2021-10-10
403,چافست,افست‌,432,1293323,14238743780,11510,11700,10940,-570,-4.95,11010,-500,-4.34,10940,11700,1400-7-18,2021-10-10
404,آ س پ,آ.س.پ,430,3174500,34517773832,11398,11130,10829,-569,-4.99,10873,-525,-4.61,10829,11509,1400-7-18,2021-10-10
405,پارتا,مجتمع‌صنعتي‌آرتاويل‌تاير,429,495294,13231038642,26929,26220,27250,321,1.19,26808,-121,-0.45,26122,27490,1400-7-18,2021-10-10
406,وصنا,گروه‌صنايع‌بهشهرايران‌,428,2517828,16294835610,6740,6710,6490,-250,-3.71,6470,-270,-4.01,6410,6710,1400-7-18,2021-10-10
407,شكربن,كربن‌ ايران‌,428,281587,33640312740,119820,114150,118540,-1280,-1.07,119470,-350,-0.29,114150,123000,1400-7-18,2021-10-10
408,خبازرس,بازرسي مهندسي و صنعتي ايران,425,781010,20278095717,25304,25050,26063,759,3,25964,660,2.61,25050,26063,1400-7-18,2021-10-10
409,وحكمت,بيمه حكمت صبا,425,4244970,16069462526,3707,3600,3818,111,2.99,3786,79,2.13,3600,3818,1400-7-18,2021-10-10
410,اوان,مبين وان كيش,425,877401,24276582423,29036,28999,27998,-1038,-3.57,27669,-1367,-4.71,27585,28999,1400-7-18,2021-10-10
411,وتوكا,سرمايه‌گذاري‌توكافولاد(هلدينگ,424,2548597,23231814040,9410,9120,9120,-290,-3.08,9120,-290,-3.08,8990,9320,1400-7-18,2021-10-10
412,وسديد,گروه ‌صنعتي‌سديد,421,7247714,8218907676,1169,1134,1134,-35,-2.99,1148,-21,-1.8,1134,1134,1400-7-18,2021-10-10
413,چكاوه,صنايع‌كاغذسازي‌كاوه‌,420,1095670,16671963160,15750,15450,15100,-650,-4.13,15220,-530,-3.37,15010,15640,1400-7-18,2021-10-10
414,مدير,ص.س.مديريت ثروت ص.بازنشستگي-س,420,1967134,19120097936,9859,9700,9780,-79,-0.8,9720,-139,-1.41,9600,9830,1400-7-18,2021-10-10
415,افرا,افرانت,414,896274,19562311165,22939,21900,21793,-1146,-5,21826,-1113,-4.85,21793,22922,1400-7-18,2021-10-10
416,اعتلا,شركت سرمايه گذاري اعتلاء البرز,414,2623180,18364608393,7128,7245,7000,-128,-1.8,7001,-127,-1.78,6814,7245,1400-7-18,2021-10-10
417,ونفت,سرمايه‌گذاري‌ صنعت‌ نفت‌,410,933894,14520181530,15840,15460,15360,-480,-3.03,15550,-290,-1.83,15200,15990,1400-7-18,2021-10-10
418,والبر,سرمايه‌ گذاري‌ البرز(هلدينگ‌,409,2045339,18703555860,9220,9330,9220,0,0,9170,-50,-0.54,8930,9330,1400-7-18,2021-10-10
419,ميدكو,توسعه معادن وص.معدني خاورميانه,407,1765783,83489962900,47310,47310,47280,-30,-0.06,47290,-20,-0.04,47280,47310,1400-7-18,2021-10-10
420,خكمك,كمك‌فنرايندامين‌,407,848178,15222598830,18580,17930,18100,-480,-2.58,17950,-630,-3.39,17720,18380,1400-7-18,2021-10-10
421,ميهن,بيمه ميهن,404,4472949,11873990497,2788,2720,2649,-139,-4.99,2674,-114,-4.09,2649,2740,1400-7-18,2021-10-10
422,دبالكح,ح.مواد اوليه دارويي البرز بالك,403,1005872,8448700605,8799,8421,8370,-429,-4.88,8399,-400,-4.55,8360,8729,1400-7-18,2021-10-10
423,بموتو,موتوژن‌,401,611721,44976524040,76690,74440,74680,-2010,-2.62,73520,-3170,-4.13,72860,75040,1400-7-18,2021-10-10
424,دلر,داروسازي‌ اكسير,399,658468,29647035310,44310,43360,45940,1630,3.68,45020,710,1.6,43250,46000,1400-7-18,2021-10-10
425,پكرمان,گروه‌ صنعتي‌ بارز,397,750091,18003484030,23940,23830,24130,190,0.79,23990,50,0.21,23560,24340,1400-7-18,2021-10-10
426,شرانل,نفت ايرانول,397,380998,18689153778,49754,49100,49170,-584,-1.17,49420,-334,-0.67,48110,49949,1400-7-18,2021-10-10
427,وشهر,بانك شهر,397,6024747,32682289775,5596,5510,5373,-223,-3.98,5430,-166,-2.97,5373,5510,1400-7-18,2021-10-10
428,معيار ,سرمايه گذاري معيار صنعت پارس,397,1062497,50572009588,47683,46370,48609,926,1.94,47597,-86,-0.18,46253,48800,1400-7-18,2021-10-10
429,سفار,سيمان‌فارس‌,395,155397,12113897710,81080,81750,78000,-3080,-3.8,78460,-2620,-3.23,77030,81750,1400-7-18,2021-10-10
430,لازما,كارخانه هاي صنعتي آزمايش,393,747015,20158777066,26761,27135,27245,484,1.81,26986,225,0.84,26110,27560,1400-7-18,2021-10-10
431,ساربيل,سيمان آرتا اردبيل,391,700737,26382185300,39620,38500,37640,-1980,-5,37650,-1970,-4.97,37640,38500,1400-7-18,2021-10-10
432,بخاور,بيمه زندگي خاورميانه,390,6623341,33684479283,5329,5310,5063,-266,-4.99,5086,-243,-4.56,5063,5310,1400-7-18,2021-10-10
433,كامياب,صندوق س. كامياب آشنا-د,390,4248079,45294969426,10655,10662,10662,7,0.07,10662,7,0.07,10654,10663,1400-7-18,2021-10-10
434,بپاس,بيمه پاسارگاد,388,365675,23454760175,67516,64141,64141,-3375,-5,66811,-705,-1.04,64141,64141,1400-7-18,2021-10-10
435,وساشرقي,شركت س استان آذربايجان شرقي,388,17542738,8603277315,511,486,493,-18,-3.52,507,-4,-0.78,486,502,1400-7-18,2021-10-10
436,سخوز,سيمان خوزستان,386,1215856,29554497600,25410,24730,24140,-1270,-5,24310,-1100,-4.33,24140,25400,1400-7-18,2021-10-10
437,كارين,صندوق س نگين سامان-ثابت,381,12894143,130265537647,10097,10105,10102,5,0.05,10103,6,0.06,10102,10105,1400-7-18,2021-10-10
438,مداران,داده‌پردازي‌ايران‌,381,865485,15029160660,17830,17520,17030,-800,-4.49,17370,-460,-2.58,16940,18130,1400-7-18,2021-10-10
439,ارزش,صندوق س ارزش آفرين بيدار-سهام,380,1891188,19389400840,10370,10250,10330,-40,-0.39,10250,-120,-1.16,10150,10340,1400-7-18,2021-10-10
440,قلرست,قند لرستان‌,378,625950,13136327500,21870,20850,20820,-1050,-4.8,21050,-820,-3.75,20800,21870,1400-7-18,2021-10-10
441,دجابر,داروسازي‌ جابرابن‌حيان‌,376,2945859,41057858580,13960,13640,14190,230,1.65,13940,-20,-0.14,13300,14400,1400-7-18,2021-10-10
442,كمنگنز,معادن‌منگنزايران‌,374,137592,9838521160,73690,73000,70910,-2780,-3.77,72180,-1510,-2.05,70750,73400,1400-7-18,2021-10-10
443,پلوله,گازلوله‌,373,792564,24837886737,31126,32000,31760,634,2.04,31339,213,0.68,30193,32050,1400-7-18,2021-10-10
444,غپآذر,شير پگاه آذربايجان شرقي,370,434059,17097648752,40004,38500,39850,-154,-0.38,39390,-614,-1.53,38500,41000,1400-7-18,2021-10-10
445,جم,پتروشيمي جم,368,1496979,76465229090,51190,49400,50990,-200,-0.39,51100,-90,-0.18,49400,51970,1400-7-18,2021-10-10
446,وپترو,سرمايه‌گذاري صنايع پتروشيمي‌,367,1164570,15490835220,13620,13200,13310,-310,-2.28,13300,-320,-2.35,12970,13500,1400-7-18,2021-10-10
447,كاذر,فرآورده‌هاي‌نسوزآذر,364,868444,13183468020,15410,15030,15270,-140,-0.91,15200,-210,-1.36,15030,15700,1400-7-18,2021-10-10
448,تسه9910,امتياز تسهيلات مسكن دي99,364,4938,3777967973,759784,765000,735000,-24784,-3.26,765081,5297,0.7,721795,796999,1400-7-18,2021-10-10
449,بمپنا,توليد برق عسلويه  مپنا,363,2584132,15565755514,6303,6066,5988,-315,-5,6069,-234,-3.71,5988,6210,1400-7-18,2021-10-10
450,كاردان,صندوق س تجارت شاخصي كاردان,361,140638,28852379420,208870,203320,207750,-1120,-0.54,205150,-3720,-1.78,202500,208730,1400-7-18,2021-10-10
451,بزاگرس,نيروگاه زاگرس كوثر,360,2441259,11936622066,5026,5100,4925,-101,-2.01,4914,-112,-2.23,4837,5100,1400-7-18,2021-10-10
452,وبهمن,سرمايه‌گذاري‌بهمن‌,359,2499250,43993840400,18180,18100,17300,-880,-4.84,17600,-580,-3.19,17280,18170,1400-7-18,2021-10-10
453,بكاب,صنايع‌جوشكاب‌يزد,359,99165,18219177860,193270,183660,183610,-9660,-5,183730,-9540,-4.94,183610,187000,1400-7-18,2021-10-10
454,زشريف,كشت وصنعت شريف آباد,358,3440980,16028707814,4702,4467,4739,37,0.79,4658,-44,-0.94,4467,4820,1400-7-18,2021-10-10
455,ضخود1053,اختيارخ خودرو-2500-1400/10/08,355,13509,1169794000,96,92,88,-8,-8.33,87,-9,-9.38,82,97,1400-7-18,2021-10-10
456,تسه9909,امتياز تسهيلات مسكن آذر99,351,6016,4664501540,769540,735001,736000,-33540,-4.36,775349,5809,0.75,731063,808017,1400-7-18,2021-10-10
457,خمحور,توليدمحورخودرو,351,3604013,13469564018,3928,3760,3732,-196,-4.99,3741,-187,-4.76,3732,3881,1400-7-18,2021-10-10
458,وسكاب,س.ص.بازنشستگي كاركنان بانكها,349,2922377,8599466442,2999,2925,2965,-34,-1.13,2965,-34,-1.13,2893,2980,1400-7-18,2021-10-10
459,سكارون,سيمان كارون,349,188781,13216522985,71809,69750,69655,-2154,-3,70010,-1799,-2.51,69655,71800,1400-7-18,2021-10-10
460,واعتبار,سرمايه گذاري اعتبار ايران,349,1784235,12675042580,7440,7080,7070,-370,-4.97,7130,-310,-4.17,7070,7220,1400-7-18,2021-10-10
461,ثامان,سامان‌ گستراصفهان‌,346,792919,9766018520,12530,12760,12300,-230,-1.84,12380,-150,-1.2,12000,12800,1400-7-18,2021-10-10
462,حپترو,حمل و نقل پتروشيمي( سهامي عام,343,623170,16948208050,28610,27180,27180,-1430,-5,27200,-1410,-4.93,27180,28590,1400-7-18,2021-10-10
463,وصندوق,سرمايه‌گذاري‌صندوق‌بازنشستگي‌,343,3247510,62143631130,19190,18550,19290,100,0.52,19160,-30,-0.16,18550,19300,1400-7-18,2021-10-10
464,غبشهر,صنعتي‌ بهشهر,341,861181,20374444110,24410,23990,23530,-880,-3.61,23870,-540,-2.21,23470,23990,1400-7-18,2021-10-10
465,تشتاد,صنايع توليدي اشتاد ايران‌,340,1558914,9692068874,6279,6398,6195,-84,-1.34,6220,-59,-0.94,6091,6398,1400-7-18,2021-10-10
466,ثمسكن,سرمايه‌گذاري‌ مسكن‌,339,2867316,13542100534,4881,4882,4727,-154,-3.16,4731,-150,-3.07,4650,4882,1400-7-18,2021-10-10
467,درهآور,دارويي ره آورد تامين,338,473532,12090047583,26305,26250,25000,-1305,-4.96,25659,-646,-2.46,24990,26299,1400-7-18,2021-10-10
468,زبينا,كشاورزي و دامپروري بينالود,337,3373931,8967820983,2756,2710,2641,-115,-4.17,2693,-63,-2.29,2630,2710,1400-7-18,2021-10-10
469,شكلر,نيروكلر,336,496887,16535397200,33700,32730,33200,-500,-1.48,33280,-420,-1.25,32730,34120,1400-7-18,2021-10-10
470,فافزا,فولاد افزا سپاهان,334,317306,15896841078,51249,51010,49900,-1349,-2.63,50099,-1150,-2.24,49760,51010,1400-7-18,2021-10-10
471,وثنو,سرمايه گذاري ساختماني نوين,333,2266658,11658234812,5254,5150,5220,-34,-0.65,5143,-111,-2.11,5097,5360,1400-7-18,2021-10-10
472,فسازان,غلتك سازان سپاهان,332,1140520,35441298830,31500,31500,31100,-400,-1.27,31070,-430,-1.37,30200,31600,1400-7-18,2021-10-10
473,شدوص,دوده‌ صنعتي‌ پارس‌,332,880164,18174359090,21420,20660,20520,-900,-4.2,20650,-770,-3.59,20350,21420,1400-7-18,2021-10-10
474,كطبس,ذغال‌سنگ‌ نگين‌ ط‌بس‌,330,388946,23247996570,61900,61000,59020,-2880,-4.65,59770,-2130,-3.44,58980,61270,1400-7-18,2021-10-10
475,لوتوسح,ح . تامين سرمايه لوتوس پارسيان,329,2134987,9151467090,4410,4450,4280,-130,-2.95,4290,-120,-2.72,4250,4450,1400-7-18,2021-10-10
476,ضخود1049,اختيارخ خودرو-1400-1400/10/08,329,15557,9319903000,620,601,620,0,0,599,-21,-3.39,571,699,1400-7-18,2021-10-10
477,سكه0012پ01,تمام سكه طرح جديد0012رفاه,324,73100,85060961600,1170578,1163000,1163550,-7028,-0.6,1163625,-6953,-0.59,1160140,1167900,1400-7-18,2021-10-10
478,زشگزا,شير و گوشت زاگرس شهركرد,321,2045135,11565483889,5792,5650,5730,-62,-1.07,5682,-110,-1.9,5572,5740,1400-7-18,2021-10-10
479,وآرين,شركت توسعه اقتصادي آرين,315,5306977,14461934341,2807,2737,2723,-84,-2.99,2725,-82,-2.92,2723,2800,1400-7-18,2021-10-10
480,پسهند,صنايع‌ لاستيكي‌  سهند,311,657099,18919524880,29880,29350,28600,-1280,-4.28,28790,-1090,-3.65,28390,30500,1400-7-18,2021-10-10
481,سباقر,سيمان باقران,310,917612,16782579427,18056,17835,18470,414,2.29,18289,233,1.29,17613,18550,1400-7-18,2021-10-10
482,نمرينو,ايران‌ مرينوس‌,308,175474,18202348530,99130,103990,104080,4950,4.99,103730,4600,4.64,101900,104080,1400-7-18,2021-10-10
483,ولراز,ليزينگ رازي,306,410278,10584154498,26447,25800,25654,-793,-3,25798,-649,-2.45,25654,26650,1400-7-18,2021-10-10
484,وبشهر,توسعه‌ صنايع‌ بهشهر(هلدينگ,306,3799027,49183251810,13130,13200,12650,-480,-3.66,12950,-180,-1.37,12600,13200,1400-7-18,2021-10-10
485,واحيا,م .صنايع و معادن احياء سپاهان,306,726721,120936020428,171269,166950,166131,-5138,-3,166413,-4856,-2.84,166131,170000,1400-7-18,2021-10-10
486,تنوين,تامين سرمايه نوين,305,1287664,7798903640,6210,6250,6040,-170,-2.74,6180,-30,-0.48,5990,6250,1400-7-18,2021-10-10
487,دارو,كارخانجات‌داروپخش‌,302,393049,11809078560,30830,29800,29980,-850,-2.76,30320,-510,-1.65,29590,30670,1400-7-18,2021-10-10
488,فلامي,لاميران‌,301,465629,10583541860,22890,22070,22250,-640,-2.8,22780,-110,-0.48,22060,23100,1400-7-18,2021-10-10
489,آبين,كشت و صنعت آبشيرين,300,5104997,11189125917,2257,2190,2190,-67,-2.97,2192,-65,-2.88,2190,2280,1400-7-18,2021-10-10
490,خكاوه,سايپا ديزل,299,4501487,15802676835,3617,3519,3509,-108,-2.99,3511,-106,-2.93,3509,3523,1400-7-18,2021-10-10
491,دامين,داروسازي‌ امين‌,299,3356035,11504735337,3519,3445,3415,-104,-2.96,3447,-72,-2.05,3401,3498,1400-7-18,2021-10-10
492,غصينو,صنعتي مينو,298,1152586,18961360160,17316,16455,16451,-865,-5,17067,-249,-1.44,16451,16455,1400-7-18,2021-10-10
493,فسا,پتروشيمي فسا,298,4004059,5023062045,1254,1291,1271,17,1.36,1254,0,0,1228,1291,1400-7-18,2021-10-10
494,ددام,داروسازي زاگرس فارمد پارس,296,857403,11865883890,14320,14280,13960,-360,-2.51,13910,-410,-2.86,13610,14280,1400-7-18,2021-10-10
495,زكشت,كشاورزي مكانيزه اصفهان كشت,295,621047,13733664906,23184,22483,22025,-1159,-5,22135,-1049,-4.52,22025,22661,1400-7-18,2021-10-10
496,تسه9902,امتياز تسهيلات مسكن ارديبهشت99,295,6702,5136091351,756844,720128,745000,-11844,-1.56,766352,9508,1.26,719002,794686,1400-7-18,2021-10-10
497,غشان,شيرپاستوريزه‌پگاه‌خراسان‌,293,1866593,8651607142,4785,4700,4650,-135,-2.82,4694,-91,-1.9,4570,4700,1400-7-18,2021-10-10
498,دكيمي,كيميدارو,292,700630,16067753880,23860,23010,22670,-1190,-4.99,22930,-930,-3.9,22670,23540,1400-7-18,2021-10-10
499,بنيرو,نيروترانس‌,290,3637056,8446196570,2390,2328,2347,-43,-1.8,2350,-40,-1.67,2291,2410,1400-7-18,2021-10-10
500,تماوند,تامين سرمايه دماوند,289,2182536,15572403462,7225,7121,7009,-216,-2.99,7155,-70,-0.97,7009,7359,1400-7-18,2021-10-10
501,داسوه,داروسازي‌ اسوه‌,287,759427,19815339230,27050,27010,26400,-650,-2.4,26090,-960,-3.55,25730,27010,1400-7-18,2021-10-10
502,پلاسك,پلاسكوكار,286,1399999,8866960320,6430,6420,6300,-130,-2.02,6370,-60,-0.93,6220,6420,1400-7-18,2021-10-10
503,ضخود1052,اختيارخ خودرو-2000-1400/10/08,284,9496,2224004000,247,231,237,-10,-4.05,234,-13,-5.26,223,245,1400-7-18,2021-10-10
504,ساراب,سيمان‌ داراب‌,283,541817,9823857730,18100,17700,18100,0,0,18120,20,0.11,17530,18850,1400-7-18,2021-10-10
505,سيلام,سيمان‌ ايلام‌,282,2465923,18013212550,7660,7610,7280,-380,-4.96,7300,-360,-4.7,7280,7610,1400-7-18,2021-10-10
506,بساما,بيمه سامان,282,960145,22283805692,22834,23140,23374,540,2.36,23209,375,1.64,22000,23392,1400-7-18,2021-10-10
507,سپاها,سيمان‌سپاهان‌,282,1620993,14618796580,9170,8890,8980,-190,-2.07,9020,-150,-1.64,8830,9200,1400-7-18,2021-10-10
508,جوين,كشت و صنعت جوين,282,2356182,7845559450,3396,3305,3368,-28,-0.82,3344,-52,-1.53,3303,3389,1400-7-18,2021-10-10
509,وحافظح,ح . بيمه حافظ,282,2084650,8505020560,4179,4072,4106,-73,-1.75,4080,-99,-2.37,4054,4190,1400-7-18,2021-10-10
510,واتي,سرمايه‌ گذاري‌ آتيه‌ دماوند,280,3002553,33220802570,11060,11200,11090,30,0.27,11060,0,0,10850,11290,1400-7-18,2021-10-10
511,شفا,سرمايه گذاري شفادارو,280,648225,26231228350,42040,39960,39940,-2100,-5,40470,-1570,-3.73,39940,42250,1400-7-18,2021-10-10
512,نيرو,نيرو سرمايه,280,579397,26300156117,45045,43730,45005,-40,-0.09,45392,347,0.77,43694,46099,1400-7-18,2021-10-10
513,غاذر,كشت‌وصنعت‌پياذر,277,594880,14068977810,24060,23080,23790,-270,-1.12,23660,-400,-1.66,23050,23980,1400-7-18,2021-10-10
514,سكرما,سيمان‌ كرمان‌,275,771229,11419513240,14990,14610,14740,-250,-1.67,14850,-140,-0.93,14610,15140,1400-7-18,2021-10-10
515,فخاس,فولاد خراسان,275,376907,9856385310,27130,25960,25980,-1150,-4.24,27030,-100,-0.37,25780,26750,1400-7-18,2021-10-10
516,مارون,پتروشيمي مارون,273,179791,33048735976,185164,181510,184999,-165,-0.09,184715,-449,-0.24,180000,185400,1400-7-18,2021-10-10
517,تكنو,تكنوتار,272,869014,9796951020,11670,11900,11220,-450,-3.86,11400,-270,-2.31,11140,11900,1400-7-18,2021-10-10
518,تسه9907,امتياز تسهيلات مسكن مهر99,272,4714,3622531920,759427,766954,750000,-9427,-1.24,768462,9035,1.19,721456,797398,1400-7-18,2021-10-10
519,سمازن,سيمان‌مازندران‌,271,1009026,14736280370,14770,14540,14650,-120,-0.81,14600,-170,-1.15,14500,14950,1400-7-18,2021-10-10
520,لكما,كارخانجات‌مخابراتي‌ايران‌,271,6584416,9369623968,1467,1423,1423,-44,-3,1423,-44,-3,1423,1423,1400-7-18,2021-10-10
521,سقاين,سيمان‌ قائن‌,271,215070,12469509950,57670,59660,57950,280,0.49,57920,250,0.43,56000,59660,1400-7-18,2021-10-10
522,گپارس,امور رفاهي كارگزاران پارس,270,49407,7620511832,157593,153000,154000,-3593,-2.28,155026,-2567,-1.63,152866,159627,1400-7-18,2021-10-10
523,وتوشه,سرمايه‌ گذاري‌ پارس‌ توشه‌,270,1833308,12230099660,6640,6640,6840,200,3.01,6670,30,0.45,6470,6840,1400-7-18,2021-10-10
524,وسپه,سرمايه‌گذاري‌ سپه‌,267,1892686,15584749340,8490,8490,8240,-250,-2.94,8390,-100,-1.18,8160,8490,1400-7-18,2021-10-10
525,فنفتح,ح . صنايع تجهيزات نفت,266,1043651,13345556570,12987,12598,12849,-138,-1.06,12787,-200,-1.54,12598,13000,1400-7-18,2021-10-10
526,ضسپا8044,اختيارخ خساپا-2500-1400/08/26,265,12250,95673000,11,10,9,-2,-18.18,8,-3,-27.27,6,10,1400-7-18,2021-10-10
527,قشهد,شهد,263,526474,8715981090,16400,16260,16880,480,2.93,16490,90,0.55,16020,17000,1400-7-18,2021-10-10
528,شپاكسا,پاكسان‌,262,407014,8209894020,20610,21280,20200,-410,-1.99,20350,-260,-1.26,19900,21280,1400-7-18,2021-10-10
529,دشيمي,شيمي‌ داروئي‌ داروپخش‌,260,525857,13450384890,26230,25740,25500,-730,-2.78,25610,-620,-2.36,25030,25780,1400-7-18,2021-10-10
530,وتوسم,سرمايه‌گذاري‌توسعه‌ملي‌,258,1274474,10012465880,7820,7720,7930,110,1.41,7840,20,0.26,7720,7960,1400-7-18,2021-10-10
531,كيان2,صندوق س. با درآمد ثابت كيان,257,25700000,25700000,30941,1,1,-30940,-100,1,-30940,-100,1,1,1400-7-18,2021-10-10
532,فن آوا,گروه فن آوا,255,1132508,24887562057,21472,21465,22116,644,3,21976,504,2.35,20828,22116,1400-7-18,2021-10-10
533,تسه9810,امتياز تسهيلات مسكن دي98,252,6148,4823169546,786316,753100,751566,-34750,-4.42,784510,-1806,-0.23,750066,800000,1400-7-18,2021-10-10
534,اپرداز,آتيه داده پرداز,252,613708,12860630578,20925,21077,20960,35,0.17,20951,26,0.12,20600,21650,1400-7-18,2021-10-10
535,كشرق,صنعتي و معدني شمال شرق شاهرود,250,314104,23898060900,77490,78890,78000,510,0.66,76083,-1407,-1.82,74173,78890,1400-7-18,2021-10-10
536,غشوكو,شوكو پارس,245,1039897,11787455172,11650,11400,11301,-349,-3,11335,-315,-2.7,11301,11550,1400-7-18,2021-10-10
537,ولبهمن,شركت بهمن ليزينگ,245,3621316,26008599779,7414,7200,7224,-190,-2.56,7182,-232,-3.13,7101,7396,1400-7-18,2021-10-10
538,دتماد,توليدمواداوليه‌داروپخش‌,243,335231,16080624040,48850,47390,47800,-1050,-2.15,47970,-880,-1.8,47390,48300,1400-7-18,2021-10-10
539,ضسپا8043,اختيارخ خساپا-2000-1400/08/26,242,13040,543776000,70,40,46,-24,-34.29,42,-28,-40,38,48,1400-7-18,2021-10-10
540,كاريس,صندوق س.سپهر كاريزما-س,240,664120,9407696113,14344,14209,14289,-55,-0.38,14166,-178,-1.24,14013,14295,1400-7-18,2021-10-10
541,تيپيكو,سرمايه گذاري دارويي تامين,239,1195248,25050741330,21010,21080,21040,30,0.14,21000,-10,-0.05,20500,21080,1400-7-18,2021-10-10
542,تسه9904,امتياز تسهيلات مسكن تير99,237,3858,3014949008,758421,763000,762001,3580,0.47,781480,23059,3.04,762001,796342,1400-7-18,2021-10-10
543,آكورد,صندوق س. آرمان آتي كوثر-د,236,1920608,66422281718,34565,34582,34583,18,0.05,34584,19,0.05,34582,34589,1400-7-18,2021-10-10
544,وثخوز,سرمايه گذاري و توسعه خوزستان,235,359757,12665072335,33593,35000,35272,1679,5,35205,1612,4.8,34220,35272,1400-7-18,2021-10-10
545,فاما,صنعتي‌ آما,234,405139,7080431180,18090,17320,17550,-540,-2.99,17780,-310,-1.71,17320,17670,1400-7-18,2021-10-10
546,حسينا,توسعه خدمات دريايي وبندري سينا,232,179729,9058685886,51804,51570,50200,-1604,-3.1,50908,-896,-1.73,50000,51830,1400-7-18,2021-10-10
547,وسين,بيمه سينا,231,3609008,12779885377,3631,3550,3541,-90,-2.48,3541,-90,-2.48,3523,3599,1400-7-18,2021-10-10
548,دعبيد,لابراتوارداروسازي‌  دكترعبيدي‌,230,319155,7339310450,23740,23300,23000,-740,-3.12,23610,-130,-0.55,22710,23300,1400-7-18,2021-10-10
549,فالوم,آلومتك‌,230,865954,23455017276,26587,25790,27384,797,3,27086,499,1.88,25790,27384,1400-7-18,2021-10-10
550,شزنگ,تجهيزنيروي‌زنگان‌,227,95879,11922060714,126871,129990,123484,-3387,-2.67,124345,-2526,-1.99,123065,129990,1400-7-18,2021-10-10
551,هجرت,پخش هجرت,225,354381,11709141599,33566,33566,33001,-565,-1.68,33146,-420,-1.25,32450,33599,1400-7-18,2021-10-10
552,خديزل,بهمن  ديزل,224,146570,7899996645,53966,52360,54369,403,0.75,53941,-25,-0.05,52360,54510,1400-7-18,2021-10-10
553,زرين,صندوق س. سهام زرين كوروش-س,222,989102,13289919837,13736,13460,13580,-156,-1.14,13436,-300,-2.18,13322,13588,1400-7-18,2021-10-10
554,سغرب,سيمان‌غرب‌,219,430118,9067381320,22120,22290,21020,-1100,-4.97,21430,-690,-3.12,21020,22290,1400-7-18,2021-10-10
555,لوتوس,تامين سرمايه لوتوس پارسيان,216,2994371,17337512580,5840,5950,5790,-50,-0.86,5820,-20,-0.34,5700,5950,1400-7-18,2021-10-10
556,خاور,ايران خودرو ديزل,216,1313020,9848963020,7732,7501,7501,-231,-2.99,7580,-152,-1.97,7501,7501,1400-7-18,2021-10-10
557,كي بي سي,شركت كي بي سي,213,356930,7725087132,22566,21893,21555,-1011,-4.48,22066,-500,-2.22,21500,22248,1400-7-18,2021-10-10
558,كپرور,فرآوري زغال سنگ پروده طبس,211,543864,19922932101,37624,36400,36500,-1124,-2.99,36632,-992,-2.64,36090,37490,1400-7-18,2021-10-10
559,كخاك,صنايع‌خاك‌چيني‌ايران‌,207,296558,9023937200,30790,30160,30570,-220,-0.71,30610,-180,-0.58,29900,30930,1400-7-18,2021-10-10
560,زگلدشت,كشت و دام گلدشت نمونه اصفهان,206,614909,6088752889,10308,9813,9900,-408,-3.96,10135,-173,-1.68,9813,10249,1400-7-18,2021-10-10
561,ضخود1054,اختيارخ خودرو-3000-1400/10/08,205,10005,406841000,43,49,38,-5,-11.63,41,-2,-4.65,36,49,1400-7-18,2021-10-10
562,غشهد,شهد ايران ‌,205,830761,4177573620,5170,5200,5120,-50,-0.97,5130,-40,-0.77,4980,5200,1400-7-18,2021-10-10
563,تصميم,صندوق س با درآمد ثابت تصميم,205,1215614,21408894565,17597,17610,17612,15,0.09,17612,15,0.09,17608,17612,1400-7-18,2021-10-10
564,فبيرا,بسته‌ بندي‌ ايران‌,205,1887326,3746451491,2001,1946,1950,-51,-2.55,1995,-6,-0.3,1946,2020,1400-7-18,2021-10-10
565,قپيرا,فرآورده‌هاي‌غدايي‌وقندپيرانشهر,205,3712861,30160284070,8520,8520,8160,-360,-4.23,8120,-400,-4.69,8100,8520,1400-7-18,2021-10-10
566,حپارسا,توسعه حمل و نقل ريلي پارسيان,204,537722,19786435394,36916,36000,36479,-437,-1.18,36797,-119,-0.32,35200,37450,1400-7-18,2021-10-10
567,درازك,دارويي‌ رازك‌,201,179961,7072969480,40300,41680,39300,-1000,-2.48,39800,-500,-1.24,38450,41680,1400-7-18,2021-10-10
568,وارس,سرمايه گذاري ارس صبا,200,738288,9047553390,12353,12000,12250,-103,-0.83,12261,-92,-0.74,11990,12700,1400-7-18,2021-10-10
569,كگهر,سنگ آهن گهرزمين,199,224780,10087361899,45211,44111,45400,189,0.42,45183,-28,-0.06,44110,45499,1400-7-18,2021-10-10
570,سيدكو,سرمايه گذاري توسعه صنايع سيمان,199,935021,5827401140,6410,6330,6250,-160,-2.5,6340,-70,-1.09,6160,6330,1400-7-18,2021-10-10
571,لبوتان,گروه‌صنعتي‌بوتان‌,197,133344,7351493630,56870,54050,54770,-2100,-3.69,56040,-830,-1.46,54050,56990,1400-7-18,2021-10-10
572,اتكام,بيمه اتكايي امين,197,986699,3613872129,3812,3671,3631,-181,-4.75,3774,-38,-1,3631,3770,1400-7-18,2021-10-10
573,زپارس,ملي كشت و صنعت و دامپروري پارس,196,61984,6269614060,103250,103250,102440,-810,-0.78,102370,-880,-0.85,99720,105300,1400-7-18,2021-10-10
574,وآفري,بيمه كارآفرين,196,11280636,37412382996,3392,3300,3327,-65,-1.92,3317,-75,-2.21,3300,3391,1400-7-18,2021-10-10
575,سكرد,سيمان كردستان,195,1374461,8143761620,6050,6000,5940,-110,-1.82,5980,-70,-1.16,5820,6060,1400-7-18,2021-10-10
576,تكنار,مجتمع معادن مس تكنار,194,207240,14157734613,70368,68360,68257,-2111,-3,68316,-2052,-2.92,68257,69000,1400-7-18,2021-10-10
577,ركيش,كارت اعتباري ايران كيش,194,713430,5018707310,7300,7000,7110,-190,-2.6,7220,-80,-1.1,6940,7200,1400-7-18,2021-10-10
578,سمتاز,سيمان ممتازان كرمان,190,303569,5620008555,19052,18481,18481,-571,-3,18733,-319,-1.67,18481,18900,1400-7-18,2021-10-10
579,قاسم,قاسم ايران,188,2237975,10639333150,4528,4754,4754,226,4.99,4673,145,3.2,4754,4754,1400-7-18,2021-10-10
580,سدشت,صنايع سيمان دشتستان,184,164248,6690705740,42840,40720,40700,-2140,-5,42110,-730,-1.7,40700,41970,1400-7-18,2021-10-10
581,شگل,گلتاش‌,183,924449,6946874600,7670,7500,7520,-150,-1.96,7600,-70,-0.91,7440,7840,1400-7-18,2021-10-10
582,سشمال,سيمان‌ شمال‌,183,800263,7014636350,8940,8530,8830,-110,-1.23,8850,-90,-1.01,8530,9050,1400-7-18,2021-10-10
583,دفارا,داروسازي‌ فارابي‌,181,246110,4175347990,17490,16800,17260,-230,-1.32,17340,-150,-0.86,16700,17460,1400-7-18,2021-10-10
584,ضسپا8042,اختيارخ خساپا-1800-1400/08/26,181,7626,756290000,148,80,107,-41,-27.7,99,-49,-33.11,80,111,1400-7-18,2021-10-10
585,سمايه,بانك سرمايه,180,3078387,13440237642,4159,4366,4366,207,4.98,4366,207,4.98,4366,4366,1400-7-18,2021-10-10
586,سخزر,سيمان‌ خزر,180,889764,21692942280,25660,24380,24380,-1280,-4.99,24380,-1280,-4.99,24380,24840,1400-7-18,2021-10-10
587,ضخود1050,اختيارخ خودرو-1600-1400/10/08,180,7319,3298206000,467,450,450,-17,-3.64,451,-16,-3.43,440,460,1400-7-18,2021-10-10
588,كمينا,شيشه سازي مينا,179,635771,6984499982,11323,10984,10984,-339,-2.99,11073,-250,-2.21,10984,11323,1400-7-18,2021-10-10
589,سفانو,سيمان فارس نو,178,343932,8244712150,24510,24130,23700,-810,-3.3,24200,-310,-1.26,23650,24400,1400-7-18,2021-10-10
590,رتكو,كنترل‌خوردگي‌تكين‌كو,176,597604,6774621690,11860,11660,11340,-520,-4.38,11610,-250,-2.11,11270,11920,1400-7-18,2021-10-10
591,دابور,داروسازي‌ ابوريحان‌,176,127083,3489656700,27640,27500,27280,-360,-1.3,27600,-40,-0.14,27150,28270,1400-7-18,2021-10-10
592,تسه9809,امتياز تسهيلات مسكن آذر98,175,3099,2430218594,783792,747510,755200,-28592,-3.65,784194,402,0.05,747510,800000,1400-7-18,2021-10-10
593,نهال,صندوق س. طلاي سرخ نوويرا,175,848177,9648712242,11150,11400,11142,-8,-0.07,11376,226,2.03,11030,11750,1400-7-18,2021-10-10
594,تسه9906,امتياز تسهيلات مسكن شهريور99,172,2268,1763788290,761082,730005,724000,-37082,-4.87,777684,16602,2.18,723028,798799,1400-7-18,2021-10-10
595,ما,بيمه  ما,172,656021,5015078930,7750,7610,7670,-80,-1.03,7710,-40,-0.52,7610,7840,1400-7-18,2021-10-10
596,سهگمت,سيمان‌هگمتان‌,172,193996,4602011000,24590,23380,24000,-590,-2.4,24310,-280,-1.14,23380,24270,1400-7-18,2021-10-10
597,دالبر,البرزدارو,172,521577,7713562620,14850,14800,14940,90,0.61,14820,-30,-0.2,14510,14950,1400-7-18,2021-10-10
598,سپاس,صندوق س. پاداش سهامداري-ثابت,171,3577308,35834082897,10011,10019,10020,9,0.09,10017,6,0.06,10016,10020,1400-7-18,2021-10-10
599,ماني,صندوق س. با درآمد ثابت ماني,170,2771042,28514256438,10285,10291,10291,6,0.06,10290,5,0.05,10289,10291,1400-7-18,2021-10-10
600,دحاوي,الحاوي,169,2470462,15032712227,6269,6150,6081,-188,-3,6085,-184,-2.94,6081,6380,1400-7-18,2021-10-10
601,گوهران,سرمايه گذاري توسعه گوهران اميد,168,600212,2974474744,5046,5045,4925,-121,-2.4,5028,-18,-0.36,4920,5045,1400-7-18,2021-10-10
602,وپخش,داروپخش‌ (هلدينگ‌,166,145959,4526321850,32270,31340,31470,-800,-2.48,32140,-130,-0.4,30710,31590,1400-7-18,2021-10-10
603,عيار,صندوق سكه طلاي مفيد,165,622197,18422158642,29734,29580,29640,-94,-0.32,29608,-126,-0.42,29350,29757,1400-7-18,2021-10-10
604,تسه9905,امتياز تسهيلات مسكن مرداد99,164,2273,1787325488,757173,761000,785000,27827,3.68,786329,29156,3.85,760552,795031,1400-7-18,2021-10-10
605,سپ,پرداخت الكترونيك سامان كيش,163,146008,4722078360,33740,32890,32470,-1270,-3.76,33640,-100,-0.3,32070,32890,1400-7-18,2021-10-10
606,تسه9903,امتياز تسهيلات مسكن خرداد99,162,1561,1216037095,757598,764000,721000,-36598,-4.83,779012,21414,2.83,719719,795477,1400-7-18,2021-10-10
607,تسه9811,امتياز تسهيلات مسكن بهمن98,162,2575,2038190667,776278,770000,754220,-22058,-2.84,791530,15252,1.96,750555,800000,1400-7-18,2021-10-10
608,صايند,صندوق س. گنجينه آينده روشن-د,161,1677060,16864288760,10086,10101,10070,-16,-0.16,10056,-30,-0.3,10045,10102,1400-7-18,2021-10-10
609,بسويچ,پارس‌سويچ‌,157,110901,2176661220,20260,19400,19530,-730,-3.6,20170,-90,-0.44,19400,20630,1400-7-18,2021-10-10
610,ثجوان,تامين مسكن جوانان,157,1020017,7092072442,7166,6952,6952,-214,-2.99,7008,-158,-2.2,6952,7049,1400-7-18,2021-10-10
611,تپولا,مهندسي مرآت پولاد,155,386157,8441365109,22452,21785,21779,-673,-3,21939,-513,-2.28,21779,22930,1400-7-18,2021-10-10
612,سنوين,سرمايه گذاري اقتصاد نوين,148,667943,5239472820,7842,7890,8036,194,2.47,7843,1,0.01,7611,8040,1400-7-18,2021-10-10
613,تسه9808,امتياز تسهيلات مسكن آبان98,147,2895,2256979532,775246,745010,760000,-15246,-1.97,779613,4367,0.56,736520,800000,1400-7-18,2021-10-10
614,بميلا,توسعه بازرگاني آهن وفولادميلاد,147,756815,10121643810,12985,13374,13374,389,3,13356,371,2.86,13374,13374,1400-7-18,2021-10-10
615,ارمغان,ص سرمايه گذاري ارمغان ايرانيان,142,2125054,21302733537,10011,10026,10022,11,0.11,10025,14,0.14,10014,10027,1400-7-18,2021-10-10
616,آساميد,صندوق س.مشترك آسمان اميد -د,142,2947500,38760637045,13144,13155,13152,8,0.06,13150,6,0.05,13149,13156,1400-7-18,2021-10-10
617,ضسپا8041,اختيارخ خساپا-1600-1400/08/26,140,5743,1300316000,291,230,235,-56,-19.24,226,-65,-22.34,200,255,1400-7-18,2021-10-10
618,فكمند,گسترش قطعه سازي كمند,139,257714,9241226467,34881,34881,35927,1046,3,35764,883,2.53,34881,35927,1400-7-18,2021-10-10
619,غپونه,نوش پونه مشهد,135,199694,2714178779,13643,13250,13682,39,0.29,13629,-14,-0.1,13234,13880,1400-7-18,2021-10-10
620,بالاس,مهندسي ساختمان تاسيسات راه آهن,135,411572,17357918379,44378,42200,42160,-2218,-5,42175,-2203,-4.96,42160,42220,1400-7-18,2021-10-10
621,سحرخيز,صندوق س. گروه زعفران سحرخيز,134,127381,1301434744,10231,10113,10206,-25,-0.24,10217,-14,-0.14,10113,10349,1400-7-18,2021-10-10
622,تسه9901,امتياز تسهيلات مسكن فروردين99,133,1256,980709045,762655,730009,725000,-37655,-4.94,780819,18164,2.38,724523,800787,1400-7-18,2021-10-10
623,سرود,سيمان‌شاهرود,133,125104,3090784640,25540,25300,24970,-570,-2.23,25360,-180,-0.7,24330,25500,1400-7-18,2021-10-10
624,اخزا910,اسنادخزانه-م10بودجه99-020807,133,218315,141741951194,648994,648111,649990,996,0.15,649254,260,0.04,647897,650500,1400-7-18,2021-10-10
625,دسينا,داروسازي‌ سينا,130,208787,4099284940,20200,19330,19870,-330,-1.63,20040,-160,-0.79,19330,20300,1400-7-18,2021-10-10
626,ضملت8041,اختيارخ وبملت-3434-1400/08/19,130,6166,2362692000,422,400,390,-32,-7.58,383,-39,-9.24,320,400,1400-7-18,2021-10-10
627,شكبير,پتروشيمي اميركبير,129,50903,4899373324,98224,95501,97987,-237,-0.24,98125,-99,-0.1,95290,99899,1400-7-18,2021-10-10
628,فلات,گروه صنايع معادن فلات ايرانيان,124,592686,8770567428,14367,14798,14798,431,3,14723,356,2.48,14798,14798,1400-7-18,2021-10-10
629,قزوين,كارخانجات‌ قند قزوين‌,123,143141,4542502790,32460,30850,31980,-480,-1.48,32230,-230,-0.71,30850,32690,1400-7-18,2021-10-10
630,شاملا,معدني‌ املاح‌  ايران‌,121,148040,5040250890,35030,34800,34000,-1030,-2.94,34690,-340,-0.97,33300,34800,1400-7-18,2021-10-10
631,وامين,س. امين توان آفرين ساز,118,416780,5352782335,12833,12840,12850,17,0.13,12834,1,0.01,12833,12900,1400-7-18,2021-10-10
632,فيروزه,صندوق شاخص30 شركت فيروزه- سهام,117,47552,8435893390,180280,176810,178950,-1330,-0.74,177400,-2880,-1.6,176500,179190,1400-7-18,2021-10-10
633,اخزا006,اسنادخزانه-م6بودجه00-030723,116,594680,313803851696,526978,527500,528700,1722,0.33,527685,707,0.13,526224,529000,1400-7-18,2021-10-10
634,كميناح,ح . شيشه سازي مينا,112,1411749,11640252193,8499,8245,8245,-254,-2.99,8245,-254,-2.99,8245,8299,1400-7-18,2021-10-10
635,قتربت,قند تربت حيدريه,112,15806,760474078,46712,48113,48113,1401,3,46814,102,0.22,48113,48113,1400-7-18,2021-10-10
636,اخزا002,اسنادخزانه-م2بودجه00-031024,110,189453,94939136074,500700,501000,502342,1642,0.33,501122,422,0.08,500000,502342,1400-7-18,2021-10-10
637,حخزر,كشتيراني درياي خزر,109,130447,2576500966,20363,19400,19880,-483,-2.37,20254,-109,-0.54,19400,20399,1400-7-18,2021-10-10
638,ضشنا8004,اختيارخ شپنا-10800-1400/08/16,109,882,3125638000,3575,3900,3600,25,0.7,3544,-31,-0.87,3220,3900,1400-7-18,2021-10-10
639,خاتم,صندوق س خاتم ايساتيس پويا-ثابت,107,287761,3483789773,12099,12105,12107,8,0.07,12107,8,0.07,12105,12107,1400-7-18,2021-10-10
640,غگيلا,شيرپاستوريزه پگاه گيلان,107,515098,9937270616,20307,19292,19292,-1015,-5,19579,-728,-3.58,19292,19292,1400-7-18,2021-10-10
641,حبندر,دريايي و کشتيراني خط دريابندر,105,839564,25908945040,29391,30860,30860,1469,5,30860,1469,5,30860,30860,1400-7-18,2021-10-10
642,تسه9812,امتياز تسهيلات مسكن اسفند98,105,944,729748352,768053,732010,745000,-23053,-3,773038,4985,0.65,732010,806455,1400-7-18,2021-10-10
643,وهنر,گروه توسعه هنر ايران,104,721223,3093325447,4421,4289,4289,-132,-2.99,4378,-43,-0.97,4289,4289,1400-7-18,2021-10-10
644,اتكامح,ح . بيمه اتكايي امين,104,668523,1519812333,2330,2250,2328,-2,-0.09,2273,-57,-2.45,2203,2333,1400-7-18,2021-10-10
645,ضسپا8039,اختيارخ خساپا-1200-1400/08/26,101,4796,2806731000,612,600,600,-12,-1.96,585,-27,-4.41,563,610,1400-7-18,2021-10-10
646,لخانه,لوازم‌ خانگي‌ پارس‌,100,168857,3415607143,20790,20168,20350,-440,-2.12,20588,-202,-0.97,20167,20998,1400-7-18,2021-10-10
647,قنقش,قند نقش جهان,100,550684,54783696372,95657,99483,99483,3826,4,99483,3826,4,99483,99483,1400-7-18,2021-10-10
648,فردا,صندوق س آواي فرداي زاگرس-ثابت,98,607288,7034382689,11576,11583,11583,7,0.06,11583,7,0.06,11582,11585,1400-7-18,2021-10-10
649,دقاضي,داروسازي شهيد قاضي,97,156711,5034777990,32900,32130,31913,-987,-3,32544,-356,-1.08,31913,32890,1400-7-18,2021-10-10
650,كصدف,كاشي صدف سرام استقلال آباده,97,261259,6135095656,22897,23580,23583,686,3,23238,341,1.49,22905,23583,1400-7-18,2021-10-10
651,فاهواز,نورد و لوله اهواز,96,1295999,8592473370,6500,6630,6630,130,2,6575,75,1.15,6630,6630,1400-7-18,2021-10-10
652,دپارس,پارس‌ دارو,95,91975,3096846790,34740,33800,33620,-1120,-3.22,34510,-230,-0.66,33390,34000,1400-7-18,2021-10-10
653,دفرا,فرآورده‌هاي‌ تزريقي‌ ايران‌,94,97097,2918523610,29470,29050,29980,510,1.73,29580,110,0.37,29000,30500,1400-7-18,2021-10-10
654,ضپاس7029,اختيارخ وپارس-2500-1400/07/28,93,3971,449443000,106,120,130,24,22.64,113,7,6.6,80,168,1400-7-18,2021-10-10
655,واحصا,احياء صنايع خراسان,93,82529,4000593275,47064,48475,48475,1411,3,47612,548,1.16,48475,48475,1400-7-18,2021-10-10
656,گوهر,صندوق سكه طلاي كيان,92,395841,23056834069,58587,58000,57950,-637,-1.09,58248,-339,-0.58,57901,58450,1400-7-18,2021-10-10
657,زر,صندوق س.پشتوانه سكه طلاي زر,90,19933,998745224,50438,50100,50358,-80,-0.16,50105,-333,-0.66,49753,50410,1400-7-18,2021-10-10
658,وثوق,سرمايه گذاري وثوق امين,90,226499,3217644794,14645,14206,14206,-439,-3,14496,-149,-1.02,14206,14206,1400-7-18,2021-10-10
659,ساينا,صنايع بهداشتي ساينا,87,56984,7209501712,120494,126518,126518,6024,5,123189,2695,2.24,126518,126518,1400-7-18,2021-10-10
660,ثزاگرس,سرمايه گذاري توسعه عمران زاگرس,86,304517,11042699971,34537,36263,36263,1726,5,36263,1726,5,36263,36263,1400-7-18,2021-10-10
661,ضملت8043,اختيارخ وبملت-4434-1400/08/19,86,5294,272058000,60,59,50,-10,-16.67,51,-9,-15,40,60,1400-7-18,2021-10-10
662,آساس,صندوق س.آسمان آرماني سهام-س,83,25768,4580253476,179907,177702,177540,-2367,-1.32,177750,-2157,-1.2,177001,181499,1400-7-18,2021-10-10
663,غگز,گز سكه,80,2448252,24485238000,13000,10000,10010,-2990,-23,10001,-2999,-23.07,10000,10010,1400-7-18,2021-10-10
664,گنگين,اقتصادي نگين گردشگري ايرانيان,78,375044,9006835363,24541,24140,24545,4,0.02,24377,-164,-0.67,23805,24900,1400-7-18,2021-10-10
665,سفاسي,شركت فارسيت اهواز,77,533581,2450737533,4735,4593,4593,-142,-3,4698,-37,-0.78,4593,4593,1400-7-18,2021-10-10
666,وايرا,سرمايه گذاري صنايع ايران,77,407220,2550014503,6450,6280,6259,-191,-2.96,6400,-50,-0.78,6257,6350,1400-7-18,2021-10-10
667,سلار,شركت سيمان لارستان,76,79530,2318856210,28308,29157,29157,849,3,28494,186,0.66,29157,29157,1400-7-18,2021-10-10
668,وسنا,سرمايه گذاري نيروگاهي ايران,75,201745,2740332426,13992,13579,13573,-419,-2.99,13932,-60,-0.43,13573,14300,1400-7-18,2021-10-10
669,سهرمز,سيمان‌هرمزگان‌,73,77110,1225361180,16310,15650,15960,-350,-2.15,16270,-40,-0.25,15580,16290,1400-7-18,2021-10-10
670,اخزا901,اسنادخزانه-م1بودجه99-010621,71,85876,71159949736,828095,824458,829131,1036,0.13,828636,541,0.07,824458,829136,1400-7-18,2021-10-10
671,اخزا903,اسنادخزانه-م3بودجه99-011110,70,101691,78180298405,766957,768200,770700,3743,0.49,768803,1846,0.24,767014,770700,1400-7-18,2021-10-10
672,ثتوسا,س.توسعه و عمران استان اردبيل,69,107910,2527683840,24148,23424,23424,-724,-3,23955,-193,-0.8,23424,23424,1400-7-18,2021-10-10
673,اوصتا,صندوق انديشه ورزان صباتامين -د,67,1254395,25244764020,20113,20122,20125,12,0.06,20125,12,0.06,20122,20126,1400-7-18,2021-10-10
674,وبازار,صندوق س شاخصي بازارآشنا,66,339176,4258524540,12670,12550,12560,-110,-0.87,12560,-110,-0.87,12500,12680,1400-7-18,2021-10-10
675,حرهشا,رهشاد سپاهان (سهامي عام,66,93738,11064927258,114603,118041,118041,3438,3,118041,3438,3,118041,118041,1400-7-18,2021-10-10
676,وليز,ليزينگ‌ايران‌,65,678366,1512756180,2124,2230,2230,106,4.99,2134,10,0.47,2230,2230,1400-7-18,2021-10-10
677,فراز,صندوق س.سهام فراز داريك-س,64,571703,8094151516,14157,14157,14157,0,0,14158,1,0.01,14157,14175,1400-7-18,2021-10-10
678,شساخت,مهندسي و ساختمان صنايع نفت,63,39709,1773600199,45961,44802,44583,-1378,-3,45910,-51,-0.11,44583,45699,1400-7-18,2021-10-10
679,دارا,صندوق س. دارا الگوريتم-د,61,703794,7056802181,10020,10035,10026,6,0.06,10027,7,0.07,10021,10037,1400-7-18,2021-10-10
680,اخزا914,اسنادخزانه-م14بودجه99-021025,58,133979,83124735490,620104,619101,621002,898,0.14,620431,327,0.05,619101,621490,1400-7-18,2021-10-10
681,ضشنا8005,اختيارخ شپنا-12800-1400/08/16,57,764,1526593000,1917,1900,1945,28,1.46,1998,81,4.23,1701,2229,1400-7-18,2021-10-10
682,اخزا902,اسنادخزانه-م2بودجه99-011019,57,63236,49196424722,777819,777819,778500,681,0.09,777981,162,0.02,777001,778500,1400-7-18,2021-10-10
683,ضصاد8033,اختيارخ وبصادر-2489-1400/08/12,56,2270,64890000,46,20,40,-6,-13.04,29,-17,-36.96,20,40,1400-7-18,2021-10-10
684,ضسپا8040,اختيارخ خساپا-1400-1400/08/26,56,2459,970604000,438,380,420,-18,-4.11,395,-43,-9.82,380,420,1400-7-18,2021-10-10
685,زعف0008پ08,زعفران0008نگين روستا(پ),53,12930,1994911067,153810,154996,154100,290,0.19,154285,475,0.31,152999,154999,1400-7-18,2021-10-10
686,سكه0012پ04,تمام سكه طرح جديد0012صادرات,52,19300,22427325900,1169367,1163000,1163000,-6367,-0.54,1162038,-7329,-0.63,1144800,1166000,1400-7-18,2021-10-10
687,قجام,فرآوردههاي غذايي وقندتربت‌جام‌,52,665047,3916461783,5774,5889,5889,115,1.99,5861,87,1.51,5889,5889,1400-7-18,2021-10-10
688,اخزا909,اسنادخزانه-م9بودجه99-020316,50,234978,167509146511,711919,711900,713401,1482,0.21,712872,953,0.13,711900,714000,1400-7-18,2021-10-10
689,اخزا008,اسنادخزانه-م8بودجه00-030919,50,60576,30907760225,510623,512000,511600,977,0.19,510231,-392,-0.08,509399,513000,1400-7-18,2021-10-10
690,سجام,مجتمع سيمان غرب آسيا,49,2791621,10968278909,4135,3929,3929,-206,-4.98,3929,-206,-4.98,3929,3929,1400-7-18,2021-10-10
691,ثاصفا,شركت‌ ساختمان‌ اصفهان‌,49,76449,1140007488,15373,14912,14912,-461,-3,15318,-55,-0.36,14912,14912,1400-7-18,2021-10-10
692,ساروج,بين المللي ساروج بوشهر,48,327748,5493867565,17277,16800,16761,-516,-2.99,16985,-292,-1.69,16759,17279,1400-7-18,2021-10-10
693,اخزا004,اسنادخزانه-م4بودجه00-030522,47,74923,41058858448,549171,546555,549000,-171,-0.03,548014,-1157,-0.21,545689,549988,1400-7-18,2021-10-10
694,كساپا,سايپاشيشه‌,47,138845,3235088500,24520,23300,23300,-1220,-4.98,24230,-290,-1.18,23300,23300,1400-7-18,2021-10-10
695,ضپيك7042,اختيارخ تاپيكو-8070-00/07/18,46,561,3507818000,5619,5999,6540,921,16.39,6253,634,11.28,5809,6540,1400-7-18,2021-10-10
696,اخزا911,اسنادخزانه-م11بودجه99-020906,46,264091,168891113733,637665,637999,639101,1436,0.23,639519,1854,0.29,636800,640001,1400-7-18,2021-10-10
697,اخزا001,اسنادخزانه-م1بودجه00-030821,44,142585,74219520657,519355,520000,520000,645,0.12,520528,1173,0.23,518331,524000,1400-7-18,2021-10-10
698,كهرام,توليدي گرانيت بهسرام,44,36338,3323546156,89669,91462,91462,1793,2,90826,1157,1.29,91462,91462,1400-7-18,2021-10-10
699,اراد61,مرابحه عام دولت61-ش.خ0309,42,295000,295000000000,1000000,1000000,1000000,0,0,1000000,0,0,1000000,1000000,1400-7-18,2021-10-10
700,ضملت8042,اختيارخ وبملت-3934-1400/08/19,42,1219,153037000,165,150,140,-25,-15.15,126,-39,-23.64,110,150,1400-7-18,2021-10-10
701,سكه0111پ05,تمام سكه طرح جديد0111آينده,41,44600,51846775900,1168624,1159000,1164900,-3724,-0.32,1162484,-6140,-0.53,1158000,1165000,1400-7-18,2021-10-10
702,ضفلا1163,اختيارخ فولاد-10000-1400/11/24,40,682,1394635000,2036,3220,2150,114,5.6,2045,9,0.44,1990,3220,1400-7-18,2021-10-10
703,ارمغان2,ص سرمايه گذاري ارمغان ايرانيان,40,3991617,3991617,10011,1,1,-10010,-99.99,1,-10010,-99.99,1,1,1400-7-18,2021-10-10
704,ضفلا1162,اختيارخ فولاد-9000-1400/11/24,40,1003,2789876000,2896,2800,2750,-146,-5.04,2782,-114,-3.94,2750,2899,1400-7-18,2021-10-10
705,عيار2,صندوق سكه طلاي مفيد,39,390000,390000,29734,1,1,-29733,-100,1,-29733,-100,1,1,1400-7-18,2021-10-10
706,وگردش,بانك گردشگري,39,134747,1503372279,11502,11157,11157,-345,-3,11494,-8,-0.07,11157,11157,1400-7-18,2021-10-10
707,اخزا007,اسنادخزانه-م7بودجه00-030912,39,143132,73256455002,514076,510120,513500,-576,-0.11,511810,-2266,-0.44,503211,519800,1400-7-18,2021-10-10
708,ضخود1051,اختيارخ خودرو-1800-1400/10/08,39,1707,571544000,354,399,329,-25,-7.06,335,-19,-5.37,315,399,1400-7-18,2021-10-10
709,صنوين,صندوق سرمايه‌گذاري صنوين-مختلط,39,20505,2075148880,100530,99990,100340,-190,-0.19,101200,670,0.67,99170,101950,1400-7-18,2021-10-10
710,سخند,صندوق س.سپهرخبرگان نفت-د,37,73330,729611090,9999,9970,9940,-59,-0.59,9950,-49,-0.49,9937,9978,1400-7-18,2021-10-10
711,تابا,تابان نيرو سپاهان,36,79562,2886986732,37408,36286,36286,-1122,-3,37065,-343,-0.92,36286,36286,1400-7-18,2021-10-10
712,سكه0011پ02,تمام سكه طرح جديد0011ملت,35,5700,6625893600,1170079,1131111,1162000,-8079,-0.69,1162437,-7642,-0.65,1131111,1169000,1400-7-18,2021-10-10
713,دشيري,شيرين دارو,35,4472,711772464,164084,159162,159162,-4922,-3,163720,-364,-0.22,159162,159162,1400-7-18,2021-10-10
714,شصفها,پتروشيمي‌ اصفهان‌,35,22846,3214125630,143556,140685,140685,-2871,-2,143010,-546,-0.38,140685,141588,1400-7-18,2021-10-10
715,آرمان,بيمه آرمان,35,134151,851301945,6479,6285,6285,-194,-2.99,6467,-12,-0.19,6285,6470,1400-7-18,2021-10-10
716,ضپال2007,اختيارخ اپال-32000-1401/02/12,34,819,611640000,744,740,650,-94,-12.63,747,3,0.4,650,799,1400-7-18,2021-10-10
717,ضملت8044,اختيارخ وبملت-4934-1400/08/19,33,1663,25676000,21,15,15,-6,-28.57,15,-6,-28.57,6,21,1400-7-18,2021-10-10
718,اخزا908,اسنادخزانه-م8بودجه99-020606,33,69408,46814515466,672314,674000,674501,2187,0.33,674483,2169,0.32,674000,674898,1400-7-18,2021-10-10
719,فيروزا,صندوق بادرآمد ثابت فيروزه آسيا,33,235249,5909383404,25113,25100,25121,8,0.03,25120,7,0.03,25070,25122,1400-7-18,2021-10-10
720,قيستو,شركت قند بيستون,32,355898,7840077042,22710,22029,22029,-681,-3,22150,-560,-2.47,22029,22029,1400-7-18,2021-10-10
721,بذر,صندوق س بذر اميد آفرين-سهام,32,5553,566680940,106050,103000,101810,-4240,-4,102050,-4000,-3.77,100570,104290,1400-7-18,2021-10-10
722,فنرژي,گسترش صنايع انرژي آذرآب,32,552991,7160127468,13212,12948,12948,-264,-2,12948,-264,-2,12948,12948,1400-7-18,2021-10-10
723,سخواف,سيمان مجد خواف,31,72950,734460600,10597,10068,10068,-529,-4.99,10556,-41,-0.39,10068,10068,1400-7-18,2021-10-10
724,افق ملت,صندوق س در سهام افق ملت,31,7569,1129510230,152660,149000,151000,-1660,-1.09,149230,-3430,-2.25,147850,151000,1400-7-18,2021-10-10
725,آتيمس,صندوق س.آرمان آتيه درخشان مس-س,30,3004,585353807,198554,194031,199708,1154,0.58,194858,-3696,-1.86,194000,199708,1400-7-18,2021-10-10
726,زعف0008پ16,زعفران0008نگين بيرجند(پ),27,32481,5103077544,156601,157500,157000,399,0.25,157110,509,0.33,156000,158000,1400-7-18,2021-10-10
727,ضشنا8006,اختيارخ شپنا-14800-1400/08/16,26,277,213879000,821,660,799,-22,-2.68,772,-49,-5.97,660,940,1400-7-18,2021-10-10
728,گنجين,صندوق س. گنجينه يكم آويد-د,26,69218,960880347,13871,13884,13882,11,0.08,13882,11,0.08,13873,13884,1400-7-18,2021-10-10
729,داريك,صندوق س.اعتماد داريك-د,26,354709,4124334330,11620,11628,11628,8,0.07,11627,7,0.06,11626,11628,1400-7-18,2021-10-10
730,وجامي,سرمايه گذاري جامي,24,136129,1405832107,10646,10331,10327,-319,-3,10600,-46,-0.43,10327,10333,1400-7-18,2021-10-10
731,شرنگي,شيميايي رنگين,24,48945,6739041270,133676,137686,137686,4010,3,136257,2581,1.93,137686,137686,1400-7-18,2021-10-10
732,ثروتم,صندوق س. ثروت آفرين پارسيان-س,23,43070,3829665030,90177,88368,89250,-927,-1.03,88917,-1260,-1.4,88368,89270,1400-7-18,2021-10-10
733,دمعيار,صندوق س. توازن معيار-د,22,233186,2353814670,10085,10090,10095,10,0.1,10094,9,0.09,10090,10095,1400-7-18,2021-10-10
734,ضپيك7044,اختيارخ تاپيكو-12070-00/07/18,22,325,733799000,2066,1630,2490,424,20.52,2258,192,9.29,1630,2490,1400-7-18,2021-10-10
735,ضپيك7041,اختيارخ تاپيكو-7070-00/07/18,22,488,3314581000,6873,6000,7480,607,8.83,6792,-81,-1.18,6000,7500,1400-7-18,2021-10-10
736,ضجار7039,اختيارخ وتجارت-1997-1400/07/21,21,421,41980000,122,100,100,-22,-18.03,100,-22,-18.03,62,189,1400-7-18,2021-10-10
737,كامياب2,صندوق س. كامياب آشنا-د,20,2000000,2000000,10655,1,1,-10654,-99.99,1,-10654,-99.99,1,1,1400-7-18,2021-10-10
738,زعف0008پ05,زعفران0008نگين زرين(پ),20,20658,3248812400,156989,157000,157999,1010,0.64,157267,278,0.18,157000,158000,1400-7-18,2021-10-10
739,سيناد,صندوق س.سپهرسودمند سينا-د,20,131129,1334697673,10171,10178,10182,11,0.11,10179,8,0.08,10177,10182,1400-7-18,2021-10-10
740,فنفت,صنايع تجهيزات نفت,20,61792,1031432064,17208,16692,16692,-516,-3,17153,-55,-0.32,16692,16692,1400-7-18,2021-10-10
741,كهربا,صندوق س.پشتوانه سكه طلا كهربا,19,93591,958313958,10275,10277,10250,-25,-0.24,10239,-36,-0.35,10222,10277,1400-7-18,2021-10-10
742,ضپيك7043,اختيارخ تاپيكو-10070-00/07/18,19,155,670951000,4504,4000,4490,-14,-0.31,4329,-175,-3.89,4000,4750,1400-7-18,2021-10-10
743,ضصاد8031,اختيارخ وبصادر-1789-1400/08/12,18,400,137065000,400,359,375,-25,-6.25,343,-57,-14.25,300,395,1400-7-18,2021-10-10
744,اخزا906,اسنادخزانه-م6بودجه99-020321,18,24214,17184607748,720816,710000,710012,-10804,-1.5,709697,-11119,-1.54,708211,710490,1400-7-18,2021-10-10
745,سكه0112پ03,تمام سكه طرح جديد0112سامان,18,3300,3837089900,1170624,1159500,1162111,-8513,-0.73,1162754,-7870,-0.67,1159500,1167000,1400-7-18,2021-10-10
746,ضجار1022,اختيارخ وتجارت-2000-1400/10/15,17,622,251685000,523,460,400,-123,-23.52,405,-118,-22.56,390,460,1400-7-18,2021-10-10
747,الماس,صندوق س.امين تدبيرگران فردا-س,17,4550,548379547,121240,120600,121000,-240,-0.2,120523,-717,-0.59,120500,121000,1400-7-18,2021-10-10
748,گوهر2,صندوق سكه طلاي كيان,16,160000,160000,58587,1,1,-58586,-100,1,-58586,-100,1,1,1400-7-18,2021-10-10
749,ضملي1159,اختيارخ فملي-5000-1400/11/03,16,255,1023396000,4185,4300,3800,-385,-9.2,4013,-172,-4.11,3800,4300,1400-7-18,2021-10-10
750,پادا,صندوق س.پاداش سرمايه پارس-س,16,3365,390581215,116002,116200,116397,395,0.34,116072,70,0.06,114000,117600,1400-7-18,2021-10-10
751,ضملي1161,اختيارخ فملي-7000-1400/11/03,15,107,152560000,1515,1599,1350,-165,-10.89,1426,-89,-5.87,1350,1599,1400-7-18,2021-10-10
752,زعف0008پ11,زعفران0008نگين سحرخيز(پ),15,15874,2478483890,156677,157000,157800,1123,0.72,156135,-542,-0.35,155020,157800,1400-7-18,2021-10-10
753,وملت,سرمايه گذاري ملت,15,126419,400368973,3231,3167,3167,-64,-1.98,3226,-5,-0.15,3167,3167,1400-7-18,2021-10-10
754,برن0104پ01,برنج طارم0104تجارت مازندران(پ),15,922,365497400,396303,395000,396400,97,0.02,396418,115,0.03,395000,399000,1400-7-18,2021-10-10
755,ضپيك7040,اختيارخ تاپيكو-6070-00/07/18,14,61,504641000,7067,8000,8450,1383,19.57,8273,1206,17.07,8000,8460,1400-7-18,2021-10-10
756,آسام,صندوق س.آرمان سپهر آشنا-م,14,5970,744121500,124705,124000,125590,885,0.71,124643,-62,-0.05,123980,125600,1400-7-18,2021-10-10
757,اراد50,مرابحه عام دولت5-ش.خ0302,14,223200,223200136600,1000000,1000001,1000001,1,0,1000001,1,0,1000000,1000001,1400-7-18,2021-10-10
758,نگين,ص.س. زمين و ساختمان نگين شهرري,14,10108,516214560,51080,51070,51210,130,0.25,51070,-10,-0.02,51050,52000,1400-7-18,2021-10-10
759,اخزا808,اسنادخزانه-م8بودجه98-000817,14,5188,5106983360,983210,984000,984520,1310,0.13,984384,1174,0.12,984000,985200,1400-7-18,2021-10-10
760,اخزا917,اسنادخزانه-م17بودجه99-010226,14,131603,116595684491,885454,895000,886211,757,0.09,885965,511,0.06,885500,895000,1400-7-18,2021-10-10
761,اخزا003,اسنادخزانه-م3بودجه00-030418,14,10405,5809368158,558271,557736,559390,1119,0.2,558325,54,0.01,557736,561800,1400-7-18,2021-10-10
762,ضفلا7004,اختيارخ فولاد-9586-1400/07/25,14,75,79465360,686,605,820,134,19.53,756,70,10.2,604,820,1400-7-18,2021-10-10
763,ضشنا8003,اختيارخ شپنا-8800-1400/08/16,13,191,1042799000,5076,4999,5400,324,6.38,5460,384,7.57,4999,5500,1400-7-18,2021-10-10
764,اخزا815,اسنادخزانه-م15بودجه98-010406,12,4068,3526110561,868201,865000,866923,-1278,-0.15,866792,-1409,-0.16,865000,871399,1400-7-18,2021-10-10
765,وسرضوي,س.سهام عدالت استان خراسان رضوي,12,117182,81558672,732,696,696,-36,-4.92,732,0,0,696,696,1400-7-18,2021-10-10
766,اخزا812,اسنادخزانه-م12بودجه98-001111,11,6060,5703469763,941121,941012,941207,86,0.01,941167,46,0,941012,941300,1400-7-18,2021-10-10
767,اخزا809,اسنادخزانه-م9بودجه98-000923,11,3547,3426088529,964949,966001,965810,861,0.09,965912,963,0.1,965810,966001,1400-7-18,2021-10-10
768,اخزا907,اسنادخزانه-م7بودجه99-020704,10,94670,62890561000,662842,663000,663200,358,0.05,664313,1471,0.22,663000,665000,1400-7-18,2021-10-10
769,ضجار1019,اختيارخ وتجارت-1400-1400/10/15,10,122,100722000,888,851,810,-78,-8.78,826,-62,-6.98,810,851,1400-7-18,2021-10-10
770,اراد73,مرابحه عام دولت73-ش.خ0402,9,165000,152839500000,926000,926300,926300,300,0.03,926300,300,0.03,926300,926300,1400-7-18,2021-10-10
771,ضذوب902,اختيارخ ذوب-3500-14000917,9,700,738500000,989,1055,1055,66,6.67,1055,66,6.67,1055,1055,1400-7-18,2021-10-10
772,اخزا721,اسنادخزانه-م21بودجه97-000728,9,4001,3979272705,994042,994200,995000,958,0.1,994570,528,0.05,994200,995000,1400-7-18,2021-10-10
773,اراد72,مرابحه عام دولت72-ش.خ0311,9,165000,152971500000,926878,927100,927100,222,0.02,927100,222,0.02,927100,927100,1400-7-18,2021-10-10
774,ضمخا1037,اختيارخ اخابر-9000-1400/10/26,9,50,67552000,1065,1150,1310,245,23,1351,286,26.85,1150,1499,1400-7-18,2021-10-10
775,تملي802,تسهيلات مسكن ب. ملي-ارديبهشت98,9,67,58050408,825166,866424,866424,41258,5,866424,41258,5,866424,866424,1400-7-18,2021-10-10
776,تملي704,تسهيلات مسكن ب. ملي-تير97,8,133,92883690,676142,709949,643100,-33042,-4.89,698374,22232,3.29,643000,709949,1400-7-18,2021-10-10
777,ضصاد1113,اختيارخ وبصادر-2000-1400/11/06,8,463,233340000,530,500,509,-21,-3.96,504,-26,-4.91,480,510,1400-7-18,2021-10-10
778,اخزا816,اسنادخزانه-م16بودجه98-010503,8,3377,2885412694,852001,855001,854300,2299,0.27,854431,2430,0.29,851259,855800,1400-7-18,2021-10-10
779,ضجار7038,اختيارخ وتجارت-1797-1400/07/21,8,149,41866000,233,200,299,66,28.33,281,48,20.6,200,310,1400-7-18,2021-10-10
780,ضشنا8002,اختيارخ شپنا-7800-1400/08/16,7,27,168135000,5372,6008,6390,1018,18.95,6227,855,15.92,6000,6390,1400-7-18,2021-10-10
781,ساذري,آذريت‌,7,29951,265695321,8613,8871,8871,258,3,8620,7,0.08,8871,8871,1400-7-18,2021-10-10
782,خفناور,مهندسي صنعتي روان فن آور,7,1240,51887800,43139,41845,41845,-1294,-3,43132,-7,-0.02,41845,41845,1400-7-18,2021-10-10
783,اخزا814,اسنادخزانه-م14بودجه98-010318,7,2119,1857016149,876372,879999,876222,-150,-0.02,876364,-8,0,876007,879999,1400-7-18,2021-10-10
784,اخزا817,اسنادخزانه-م17بودجه98-010512,7,4126,3503558090,849672,850000,852000,2328,0.27,849142,-530,-0.06,848576,852000,1400-7-18,2021-10-10
785,طخود1051,اختيارف خودرو-1800-1400/10/08,7,112,14420000,106,130,126,20,18.87,129,23,21.7,120,130,1400-7-18,2021-10-10
786,اخزا904,اسنادخزانه-م4بودجه99-011215,7,30434,22935399656,748347,753500,754021,5674,0.76,753611,5264,0.7,753500,754022,1400-7-18,2021-10-10
787,اخزا905,اسنادخزانه-م5بودجه99-020218,6,7605,5526557532,726430,721006,726106,-324,-0.04,726700,270,0.04,721006,730000,1400-7-18,2021-10-10
788,ضجار1021,اختيارخ وتجارت-1800-1400/10/15,6,29,15228000,680,491,540,-140,-20.59,525,-155,-22.79,491,540,1400-7-18,2021-10-10
789,عپلي جم,سلف پلي اتيلن سنگين تزريقي,6,30000,50061750000,1667228,1668725,1668725,1497,0.09,1668725,1497,0.09,1668725,1668725,1400-7-18,2021-10-10
790,وحافظ,بيمه حافظ,6,18086,185833650,10592,10275,10275,-317,-2.99,10586,-6,-0.06,10275,10275,1400-7-18,2021-10-10
791,ضمخا7076,اختيارخ اخابر-9700-1400/07/28,6,100,2000000,63,20,20,-43,-68.25,20,-43,-68.25,20,20,1400-7-18,2021-10-10
792,ضجار7040,اختيارخ وتجارت-2497-1400/07/21,6,197,197000,1,1,1,0,0,1,0,0,1,1,1400-7-18,2021-10-10
793,اطلس2,صندوق س.توسعه اندوخته آينده-س,6,60000,60000,258921,1,1,-258920,-100,1,-258920,-100,1,1,1400-7-18,2021-10-10
794,شتولي,تولي‌پرس‌,5,4286,89183088,21232,20808,20808,-424,-2,21224,-8,-0.04,20808,20808,1400-7-18,2021-10-10
795,شگلح,ح . گلتاش‌,5,103150,670475000,5540,6500,6500,960,17.33,6500,960,17.33,6500,6500,1400-7-18,2021-10-10
796,ضملت1136,اختيارخ وبملت-4500-1400/11/13,5,118,36390000,300,309,300,0,0,308,8,2.67,300,309,1400-7-18,2021-10-10
797,ضصاد8030,اختيارخ وبصادر-1589-1400/08/12,5,214,109630000,471,500,550,79,16.77,512,41,8.7,500,550,1400-7-18,2021-10-10
798,تملي612,تسهيلات مسكن بانك ملي-اسفند96,5,61,40742998,636113,667918,667918,31805,5,667918,31805,5,667918,667918,1400-7-18,2021-10-10
799,ضفلا7005,اختيارخ فولاد-11013-1400/07/25,5,14,1648752,198,210,51,-147,-74.24,84,-114,-57.58,50,210,1400-7-18,2021-10-10
800,زعف0008پ10,زعفران0008نگين طلاي سرخ(پ),5,8738,1369133000,164187,164000,157000,-7187,-4.38,156687,-7500,-4.57,156000,164200,1400-7-18,2021-10-10
801,ثهام,صندوق س ثروت هامرز-سهام,5,3597,41762170,11884,11610,11610,-274,-2.31,11610,-274,-2.31,11610,11611,1400-7-18,2021-10-10
802,اخزا723,اسنادخزانه-م23بودجه97-000824,4,44,43186000,980226,981500,981500,1274,0.13,981500,1274,0.13,981500,981500,1400-7-18,2021-10-10
803,زعف0008پ12,زعفران0008پوشالمعمول سحرخيز(پ),4,1145,145715000,129236,129100,127000,-2236,-1.73,127262,-1974,-1.53,127000,129100,1400-7-18,2021-10-10
804,ضصاد8032,اختيارخ وبصادر-1989-1400/08/12,4,87,17487000,250,201,201,-49,-19.6,201,-49,-19.6,201,201,1400-7-18,2021-10-10
805,وسصفا,شركت س استان اصفهان,4,57600,39974400,730,694,694,-36,-4.93,730,0,0,694,694,1400-7-18,2021-10-10
806,ضپاس7030,اختيارخ وپارس-3000-1400/07/28,4,170,1690000,18,11,3,-15,-83.33,10,-8,-44.44,3,11,1400-7-18,2021-10-10
807,ضصاد8036,اختيارخ وبصادر-3989-1400/08/12,4,192,960000,5,5,5,0,0,5,0,0,5,5,1400-7-18,2021-10-10
808,گكيش,توريستي ورفاهي آبادگران كيش,4,2118,85260090,41500,40255,40255,-1245,-3,41489,-11,-0.03,40255,40255,1400-7-18,2021-10-10
809,دزهراويح,ح . ‌داروسازي‌زهراوي‌,4,12449,56142950,4650,4550,4500,-150,-3.23,4510,-140,-3.01,4500,4550,1400-7-18,2021-10-10
810,ضجار1020,اختيارخ وتجارت-1600-1400/10/15,4,76,49400000,770,670,650,-120,-15.58,650,-120,-15.58,630,670,1400-7-18,2021-10-10
811,ضپاس1011,اختيارخ وپارس-2000-1400/10/22,4,24,19731000,785,800,800,15,1.91,822,37,4.71,800,859,1400-7-18,2021-10-10
812,ضشنا8007,اختيارخ شپنا-16800-1400/08/16,4,9,1795000,250,200,200,-50,-20,199,-51,-20.4,199,200,1400-7-18,2021-10-10
813,ضجار7037,اختيارخ وتجارت-1597-1400/07/21,4,22,10040000,510,500,452,-58,-11.37,456,-54,-10.59,452,500,1400-7-18,2021-10-10
814,ضپيك7039,اختيارخ تاپيكو-5070-00/07/18,4,8,75110000,8500,9270,9500,1000,11.76,9389,889,10.46,9270,9500,1400-7-18,2021-10-10
815,اخزا811,اسنادخزانه-م11بودجه98-001013,4,711,679218300,953703,955300,955300,1597,0.17,955300,1597,0.17,955300,955300,1400-7-18,2021-10-10
816,اخزا818,اسنادخزانه-م18بودجه98-010614,4,2437,2038605743,832953,837000,836500,3547,0.43,836523,3570,0.43,835001,837000,1400-7-18,2021-10-10
817,ضپال2006,اختيارخ اپال-28000-1401/02/12,3,6,8880000,1538,1520,1400,-138,-8.97,1480,-58,-3.77,1400,1520,1400-7-18,2021-10-10
818,افران2,صندوق س افرا نماد پايدار-ثابت,3,5480000,5480000,14456,1,1,-14455,-99.99,1,-14455,-99.99,1,1,1400-7-18,2021-10-10
819,اراد90,مرابحه عام دولت90-ش.خ050217,3,70000,70000000000,1000000,1000000,1000000,0,0,1000000,0,0,1000000,1000000,1400-7-18,2021-10-10
820,اخزا813,اسنادخزانه-م13بودجه98-010219,3,641,570888248,889397,890202,892000,2603,0.29,890621,1224,0.14,890202,892000,1400-7-18,2021-10-10
821,سايرا,ايرانيت‌,3,570,20523990,36741,36007,36007,-734,-2,36738,-3,-0.01,36007,36007,1400-7-18,2021-10-10
822,تملي707,تسهيلات مسكن ب. ملي-مهر97,3,29,22111398,726155,762462,762462,36307,5,762462,36307,5,762462,762462,1400-7-18,2021-10-10
823,ضغدر8058,اختيارخ وغدير-10000-1400/08/26,3,88,528004000,5962,6000,6001,39,0.65,6000,38,0.64,6000,6001,1400-7-18,2021-10-10
824,طفلا1163,اختيارف فولاد-10000-1400/11/24,3,11,3300000,100,300,300,200,200,300,200,200,300,300,1400-7-18,2021-10-10
825,ضصاد8035,اختيارخ وبصادر-3489-1400/08/12,3,108,108000,1,1,1,0,0,1,0,0,1,1,1400-7-18,2021-10-10
826,تملي710,تسهيلات مسكن ب. ملي-دي97,3,16,12814768,784627,823858,784627,0,0,800923,16296,2.08,780000,823858,1400-7-18,2021-10-10
827,ضملت1131,اختيارخ وبملت-2000-1400/11/13,3,85,161800000,2042,1900,1900,-142,-6.95,1904,-138,-6.76,1900,1910,1400-7-18,2021-10-10
828,پست0008پ08,پسته فندقي32-30مه ولات0008(پ),3,100,182500000,1836473,1820000,1830000,-6473,-0.35,1825000,-11473,-0.62,1820000,1830000,1400-7-18,2021-10-10
829,تملي706,تسهيلات مسكن ب. ملي-شهريور97,3,28,19257280,723957,687760,687760,-36197,-5,687760,-36197,-5,687760,687760,1400-7-18,2021-10-10
830,ضپاس1013,اختيارخ وپارس-3000-1400/10/22,3,23,6614000,265,520,277,12,4.53,288,23,8.68,277,520,1400-7-18,2021-10-10
831,ضصاد8034,اختيارخ وبصادر-2989-1400/08/12,3,89,455000,6,10,5,-1,-16.67,5,-1,-16.67,5,10,1400-7-18,2021-10-10
832,ضبدر8079,اختيارخ شبندر-6011-1400/08/30,3,8,54310980,1208,1600,1400,192,15.89,1449,241,19.95,1395,1600,1400-7-18,2021-10-10
833,طخود1050,اختيارف خودرو-1600-1400/10/08,3,45,1825000,40,40,45,5,12.5,41,1,2.5,40,45,1400-7-18,2021-10-10
834,زعف0008پ19,زعفران0008نگين تروند قاينات(پ),3,7000,1099000000,154812,157000,157000,2188,1.41,157000,2188,1.41,157000,157000,1400-7-18,2021-10-10
835,نتوس,پشم‌ بافي‌ توس,3,3000,37716000,12960,12572,12572,-388,-2.99,12958,-2,-0.02,12572,12572,1400-7-18,2021-10-10
836,اراد404,مرابحه عام دولت4-ش.خ 0207,2,1730000,1581791765000,1000000,914361,914300,-85700,-8.57,914330,-85670,-8.57,914300,914361,1400-7-18,2021-10-10
837,اراد644,مرابحه عام دولتي64-ش.خ0111,2,31820000,30232293370000,944500,950157,950050,5550,0.59,950103,5603,0.59,950050,950157,1400-7-18,2021-10-10
838,ياقوت2,صندوق س ياقوت آگاه-ثابت,2,7728000,7728000,13306,1,1,-13305,-99.99,1,-13305,-99.99,1,1,1400-7-18,2021-10-10
839,اراد584,مرابحه عام دولت5-ش.خ 0110,2,9456400,9060219393800,960000,958159,958050,-1950,-0.2,958104,-1896,-0.2,958050,958159,1400-7-18,2021-10-10
840,ثاژن,سخت آژند,2,665,5876605,9017,8837,8837,-180,-2,9017,0,0,8837,8837,1400-7-18,2021-10-10
841,پاسار04,اجاره انرژي پاسارگاد14040302,2,50000,50000000000,1000000,1000000,1000000,0,0,1000000,0,0,1000000,1000000,1400-7-18,2021-10-10
842,اراد654,مرابحه عام دولتي65-ش.خ0210,2,6460554,6085425162267,989000,941970,941901,-47099,-4.76,941935,-47065,-4.76,941901,941970,1400-7-18,2021-10-10
843,وسزنجان,شركت س استان زنجان,2,17000,22933000,1419,1349,1349,-70,-4.93,1419,0,0,1349,1349,1400-7-18,2021-10-10
844,والبر2,سرمايه‌ گذاري‌ البرز(هلدينگ‌,2,18300000,168726000000,9220,9220,9220,0,0,9220,0,0,9220,9220,1400-7-18,2021-10-10
845,وآتوس,س.آرين توسكا قيمت اسمي 350ريال,2,450,10917900,25012,24262,24262,-750,-3,25011,-1,0,24262,24262,1400-7-18,2021-10-10
846,افاد53,منفعت دولت5-ش.خاص كاريزما0108,2,2000,1972500000,963000,985500,987000,24000,2.49,986250,23250,2.41,985500,987000,1400-7-18,2021-10-10
847,اراد494,مرابحه عام دولت4-ش.خ 0206,2,21424000,20258395144000,977235,945637,945550,-31685,-3.24,945593,-31642,-3.24,945550,945637,1400-7-18,2021-10-10
848,ضپيك7045,اختيارخ تاپيكو-14070-00/07/18,2,110,74990000,916,680,699,-217,-23.69,682,-234,-25.55,680,699,1400-7-18,2021-10-10
849,كيا,كيا الكترود شرق,2,62506,462544400,7400,7400,7400,0,0,7400,0,0,7400,7400,1400-7-18,2021-10-10
850,سفارود,كارخانه فارسيت درود,2,759,12222936,16432,16104,16104,-328,-2,16431,-1,-0.01,16104,16104,1400-7-18,2021-10-10
851,اراد604,مرابحه عام دولتي6-ش.خ0210,2,6600000,6212599800000,945000,941338,941268,-3732,-0.39,941303,-3697,-0.39,941268,941338,1400-7-18,2021-10-10
852,اخزا821,اسنادخزانه-م21بودجه98-020906,2,70,45179225,644582,638001,645988,1406,0.22,645417,835,0.13,638001,645988,1400-7-18,2021-10-10
853,زعف0008پ15,زعفران0008پوشالمعمول طلاسرخ(پ),2,305,37764055,129370,123776,124001,-5369,-4.15,123817,-5553,-4.29,123776,124001,1400-7-18,2021-10-10
854,نبروج,نساجي بروجرد,2,2010,11937390,5823,5939,5939,116,1.99,5823,0,0,5939,5939,1400-7-18,2021-10-10
855,اراد704,مرابحه عام دولت70-ش.خ0112,2,34228000,32451720826000,943750,948159,948050,4300,0.46,948104,4354,0.46,948050,948159,1400-7-18,2021-10-10
856,اراد544,مرابحه عام دولت5-ش.خ 0109,2,21142000,20319840475000,990000,961175,961050,-28950,-2.92,961112,-28888,-2.92,961050,961175,1400-7-18,2021-10-10
857,خعمرا,توسعه و عمران شهرستان نائين,2,10899,42745878,3808,3922,3922,114,2.99,3808,0,0,3922,3922,1400-7-18,2021-10-10
858,ضپاس7031,اختيارخ وپارس-3500-1400/07/28,2,100,100000,1,1,1,0,0,1,0,0,1,1,1400-7-18,2021-10-10
859,مبين2,مبين انرژي خليج فارس,2,4537115,114644009500,24770,25200,25300,530,2.14,25268,498,2.01,25200,25300,1400-7-18,2021-10-10
860,اراد314,مرابحه عام دولت3-ش.خ 0208,2,8210000,7358301020000,902500,912482,880000,-22500,-2.49,896261,-6239,-0.69,880000,912482,1400-7-18,2021-10-10
861,اراد444,مرابحه عام دولت4-ش.خ 0007,2,4000000,3981676000000,1020000,990605,1000233,-19767,-1.94,995419,-24581,-2.41,990605,1000233,1400-7-18,2021-10-10
862,تملي805,تسهيلات مسكن ب. ملي-مرداد98,2,60,50422070,802270,842222,839997,37727,4.7,840368,38098,4.75,839997,842222,1400-7-18,2021-10-10
863,ضمخا7078,اختيارخ اخابر-7700-1400/07/28,2,19,13300000,700,700,700,0,0,700,0,0,700,700,1400-7-18,2021-10-10
864,ضغدر8059,اختيارخ وغدير-12000-1400/08/26,2,11,44000000,3800,4000,4000,200,5.26,4000,200,5.26,4000,4000,1400-7-18,2021-10-10
865,اراد884,مرابحه عام دولت88-ش.خ041120,2,11600000,10674917400000,1000000,920278,920225,-79775,-7.98,920251,-79749,-7.97,920225,920278,1400-7-18,2021-10-10
866,طخود1049,اختيارف خودرو-1400-1400/10/08,2,15,300000,1,20,20,19,1900,20,19,1900,20,20,1400-7-18,2021-10-10
867,شسم,توليد سموم‌ علف‌ كش,2,1000,102272000,100267,102272,102272,2005,2,100307,40,0.04,102272,102272,1400-7-18,2021-10-10
868,ضخود1055,اختيارخ خودرو-3500-1400/10/08,2,200,5900000,26,29,30,4,15.38,29,3,11.54,29,30,1400-7-18,2021-10-10
869,ضشنا1051,اختيارخ شپنا-8719-1400/10/19,2,15,21000000,1391,1400,1400,9,0.65,1400,9,0.65,1400,1400,1400-7-18,2021-10-10
870,اخزا810,اسنادخزانه-م10بودجه98-001006,2,1374,1317803400,958250,959100,959100,850,0.09,959100,850,0.09,959100,959100,1400-7-18,2021-10-10
871,افاد744,منفعت دولت7-ش.خاص ساير0204,2,2000000,1911676000000,990000,955638,956038,-33962,-3.43,955838,-34162,-3.45,955638,956038,1400-7-18,2021-10-10
872,آوا2,صندوق س.سهام آواي معيار-س,2,2300000,2300000,7905,1,1,-7904,-99.99,1,-7904,-99.99,1,1,1400-7-18,2021-10-10
873,داريك2,صندوق س.اعتماد داريك-د,2,1700000,1700000,11620,1,1,-11619,-99.99,1,-11619,-99.99,1,1,1400-7-18,2021-10-10
874,ضملت8045,اختيارخ وبملت-5934-1400/08/19,2,12,360000,30,30,30,0,0,30,0,0,30,30,1400-7-18,2021-10-10
875,طسپا8043,اختيارف خساپا-2000-1400/08/26,1,1,300000,200,300,300,100,50,300,100,50,300,300,1400-7-18,2021-10-10
876,افاد534,منفعت دولت5-ش.خاص كاريزما0108,1,35000,35000000000,963000,1000000,1000000,37000,3.84,1000000,37000,3.84,1000000,1000000,1400-7-18,2021-10-10
877,وبهمن2,سرمايه‌گذاري‌بهمن‌,1,137400000,2473200000000,18180,18000,18000,-180,-0.99,18000,-180,-0.99,18000,18000,1400-7-18,2021-10-10
878,ضملي1160,اختيارخ فملي-6000-1400/11/03,1,1,2900000,2621,2900,2900,279,10.64,2900,279,10.64,2900,2900,1400-7-18,2021-10-10
879,صايپا3082,صكوك مرابحه سايپا308-3ماهه 18%,1,1060000,1001498600000,970000,944810,944810,-25190,-2.6,944810,-25190,-2.6,944810,944810,1400-7-18,2021-10-10
880,ضذوب903,اختيارخ ذوب-4000-14000917,1,5,4000000,899,800,800,-99,-11.01,800,-99,-11.01,800,800,1400-7-18,2021-10-10
881,كمند2,صندوق س. با درآمد ثابت كمند,1,101900000,101900000,10011,1,1,-10010,-99.99,1,-10010,-99.99,1,1,1400-7-18,2021-10-10
882,ضسان1055,اختيارخ پارسان-40000-00/10/12,1,100,300000000,3100,3000,3000,-100,-3.23,3000,-100,-3.23,3000,3000,1400-7-18,2021-10-10
883,تملي705,تسهيلات مسكن ب. ملي-مرداد97,1,2,1364800,718264,682400,682400,-35864,-4.99,682400,-35864,-4.99,682400,682400,1400-7-18,2021-10-10
884,ضشنا1050,اختيارخ شپنا-7629-1400/10/19,1,4,11200000,2999,2800,2800,-199,-6.64,2800,-199,-6.64,2800,2800,1400-7-18,2021-10-10
885,فولاد2,فولاد مباركه اصفهان,1,10000000,102000000000,10380,10200,10200,-180,-1.73,10200,-180,-1.73,10200,10200,1400-7-18,2021-10-10
886,ضملت1134,اختيارخ وبملت-3500-1400/11/13,1,100,98800000,1050,988,988,-62,-5.9,988,-62,-5.9,988,988,1400-7-18,2021-10-10
887,ضمخا7066,اختيارخ اخابر-11700-1400/07/28,1,20,140000,7,7,7,0,0,7,0,0,7,7,1400-7-18,2021-10-10
888,افاد82,منفعت دولت8-ش.خاص لوتوس0205,1,2000,1950000000,967000,975000,975000,8000,0.83,975000,8000,0.83,975000,975000,1400-7-18,2021-10-10
889,ضپاس7032,اختيارخ وپارس-4000-1400/07/28,1,1,1000,1,1,1,0,0,1,0,0,1,1,1400-7-18,2021-10-10
890,اخزا9112,اسنادخزانه-م11بودجه99-020906,1,130055,83040117500,637665,638500,638500,835,0.13,638500,835,0.13,638500,638500,1400-7-18,2021-10-10
891,تملي708,تسهيلات مسكن ب. ملي-آبان97,1,4,2872000,755743,718000,718000,-37743,-4.99,718000,-37743,-4.99,718000,718000,1400-7-18,2021-10-10
892,صفارس1472,صكوك اجاره فارس147- 3ماهه18%,1,599974,599974000000,1044733,1000000,1000000,-44733,-4.28,1000000,-44733,-4.28,1000000,1000000,1400-7-18,2021-10-10
893,هاميد104,اختيارف ت ثاميد-2050-01/04/20,1,1,202,200,202,202,2,1,202,2,1,202,202,1400-7-18,2021-10-10
894,وسقم,شركت س استان قم,1,5000,6395000,1346,1279,1279,-67,-4.98,1346,0,0,1279,1279,1400-7-18,2021-10-10
895,تملي703,تسهيلات مسكن ب. ملي-خرداد97,1,3,1975500,693079,658500,658500,-34579,-4.99,658500,-34579,-4.99,658500,658500,1400-7-18,2021-10-10
896,حاريا,كشتيراني آريا,1,400,6118000,15607,15295,15295,-312,-2,15607,0,0,15295,15295,1400-7-18,2021-10-10
897,اراد49,مرابحه عام دولت4-ش.خ 0206,1,1000,928373000,977235,928373,928373,-48862,-5,928373,-48862,-5,928373,928373,1400-7-18,2021-10-10
898,تسه00042,امتيازتسهيلات مسكن تير1400,1,26,260,761763,10,10,-761753,-100,10,-761753,-100,10,10,1400-7-18,2021-10-10
899,سنفت4002,سلف نفت خام سبك داخلي4002,1,200,396000000,1844572,1980000,1980000,135428,7.34,1980000,135428,7.34,1980000,1980000,1400-7-18,2021-10-10
900,زعف0008پ20,زعفران0008نگين وحدت جام(پ),1,100,15500000,156556,155000,155000,-1556,-0.99,155000,-1556,-0.99,155000,155000,1400-7-18,2021-10-10
901,تملي702,تسهيلات مسكن ب. ملي-ارديبهشت97,1,12,10241820,898405,853485,853485,-44920,-5,853485,-44920,-5,853485,853485,1400-7-18,2021-10-10
902,هماي2,صندوق س هماي آگاه-ثابت,1,63000,63000,10097,1,1,-10096,-99.99,1,-10096,-99.99,1,1,1400-7-18,2021-10-10
903,ضزاگرس1206,اختيارخ زاگرس-305000-14001204,1,10,550000000,56000,55000,55000,-1000,-1.79,55000,-1000,-1.79,55000,55000,1400-7-18,2021-10-10
904,كايتا,ايتالران‌,1,104,1023568,9374,9842,9842,468,4.99,9374,0,0,9842,9842,1400-7-18,2021-10-10
905,صخود041,ص مرابحه خودرو041- 3ماهه 18%,1,8,8080000,1010000,1010000,1010000,0,0,1010000,0,0,1010000,1010000,1400-7-18,2021-10-10
906,ضملي1163,اختيارخ فملي-9000-1400/11/03,1,1,500000,300,500,500,200,66.67,500,200,66.67,500,500,1400-7-18,2021-10-10
907,صپا ه 4,بار پايه هفته 4صنعتي,1,1200,864000,620,720,720,100,16.13,720,100,16.13,720,720,1400-7-18,2021-10-10
908,اراد554,مرابحه عام دولت5-ش.خ 0209,1,10777000,10154973114000,960000,942282,942282,-17718,-1.85,942282,-17718,-1.85,942282,942282,1400-7-18,2021-10-10
909,صنفت312,صكوك منفعت نفت312-6ماهه 18/5%,1,200,198000000,990000,990000,990000,0,0,990000,0,0,990000,990000,1400-7-18,2021-10-10
910,ضمخا1036,اختيارخ اخابر-8000-1400/10/26,1,100,195000000,1,1950,1950,1949,194900,1950,1949,194900,1950,1950,1400-7-18,2021-10-10
911,ضفلا1164,اختيارخ فولاد-12000-1400/11/24,1,1,900000,1225,900,900,-325,-26.53,900,-325,-26.53,900,900,1400-7-18,2021-10-10
912,فولاژ2,فولاد آلياژي ايران,1,4000000,66800000000,16480,16700,16700,220,1.33,16700,220,1.33,16700,16700,1400-7-18,2021-10-10
913,ضفلا7006,اختيارخ فولاد-12440-1400/07/25,1,1,7010,1,5,5,4,400,5,4,400,5,5,1400-7-18,2021-10-10
914,تملي809,تسهيلات مسكن ب. ملي-آذر98,1,7,5379759,808986,768537,768537,-40449,-5,768537,-40449,-5,768537,768537,1400-7-18,2021-10-10
915,ضپاس7028,اختيارخ وپارس-2000-1400/07/28,1,20,12000000,500,600,600,100,20,600,100,20,600,600,1400-7-18,2021-10-10
916,ضزاگرس1203,اختيارخ زاگرس-260000-14001204,1,1,85000000,1,85000,85000,84999,8499900,85000,84999,8499900,85000,85000,1400-7-18,2021-10-10
917,هنوري102,اختيارف ت نوري59561-01/02/15,1,102,102,1,1,1,0,0,1,0,0,1,1,1400-7-18,2021-10-10
918,گواهي ظرفيت,گواهي ظرفيت نقدي,1,8400000,224809200000,25489,26763,26763,1274,5,25992,503,1.97,26763,26763,1400-7-18,2021-10-10
919,اراد31,مرابحه عام دولت3-ش.خ 0208,1,10000,8800000000,902500,880000,880000,-22500,-2.49,880000,-22500,-2.49,880000,880000,1400-7-18,2021-10-10
920,طسپا8042,اختيارف خساپا-1800-1400/08/26,1,43,4730000,100,110,110,10,10,110,10,10,110,110,1400-7-18,2021-10-10
921,ضشنا1049,اختيارخ شپنا-6540-1400/10/19,1,12,47880000,3994,3990,3990,-4,-0.1,3990,-4,-0.1,3990,3990,1400-7-18,2021-10-10
922,تملي711,تسهيلات مسكن ب. ملي-بهمن97,1,2,1355904,645669,677952,677952,32283,5,677952,32283,5,677952,677952,1400-7-18,2021-10-10
923,ويسرو,ص.ج.سرو رشد پايداريكم 20%تاديه,1,5000,849355000,176948,169871,169871,-7077,-4,169871,-7077,-4,169871,169871,1400-7-18,2021-10-10
924,طجار1023,اختيارف وتجارت-2500-1400/10/15,1,5,2000000,1,400,400,399,39900,400,399,39900,400,400,1400-7-18,2021-10-10
925,اخزا0012,اسنادخزانه-م1بودجه00-030821,1,100000,52500000000,519355,525000,525000,5645,1.09,525000,5645,1.09,525000,525000,1400-7-18,2021-10-10
926,صشستا311,صكوك اجاره شستا311-بدون ضامن,1,15,15000000,990000,1000000,1000000,10000,1.01,1000000,10000,1.01,1000000,1000000,1400-7-18,2021-10-10
927,صبهمن404,صكوك مرابحه بهمن404-3ماهه 18%,1,6,5908500,970000,984750,984750,14750,1.52,984750,14750,1.52,984750,984750,1400-7-18,2021-10-10
928,اراد36,مرابحه عام دولت3-ش.خ 0104,1,72000,69375600000,960000,963550,963550,3550,0.37,963550,3550,0.37,963550,963550,1400-7-18,2021-10-10
929,ضذوب905,اختيارخ ذوب-5000-14000917,1,1,400000,300,400,400,100,33.33,400,100,33.33,400,400,1400-7-18,2021-10-10
930,ضفلا1160,اختيارخ فولاد-7000-1400/11/24,1,3,13332000,4643,4444,4444,-199,-4.29,4444,-199,-4.29,4444,4444,1400-7-18,2021-10-10
931,ضصاد1111,اختيارخ وبصادر-1600-1400/11/06,1,25,16750000,1,670,670,669,66900,670,669,66900,670,670,1400-7-18,2021-10-10
932,تبريز112,مشاركت شهرداري تبريز-3ماهه18%,1,30,29700000,960000,990000,990000,30000,3.13,990000,30000,3.13,990000,990000,1400-7-18,2021-10-10
933,طجار1022,اختيارف وتجارت-2000-1400/10/15,1,5,450000,1,90,90,89,8900,90,89,8900,90,90,1400-7-18,2021-10-10
934,ضپيك1031,اختيارخ تاپيكو-14000-00/10/15,1,1,3000000,3200,3000,3000,-200,-6.25,3000,-200,-6.25,3000,3000,1400-7-18,2021-10-10
935,اخزا0062,اسنادخزانه-م6بودجه00-030723,1,150000,79725000000,526978,531500,531500,4522,0.86,531500,4522,0.86,531500,531500,1400-7-18,2021-10-10
936,تسه98102,امتياز تسهيلات مسكن دي98,1,4,40,786316,10,10,-786306,-100,10,-786306,-100,10,10,1400-7-18,2021-10-10
937,اخزا9072,اسنادخزانه-م7بودجه99-020704,1,155661,103748056500,662842,666500,666500,3658,0.55,666500,3658,0.55,666500,666500,1400-7-18,2021-10-10
938,ضشنا8001,اختيارخ شپنا-6800-1400/08/16,1,1,7002000,6907,7002,7002,95,1.38,7002,95,1.38,7002,7002,1400-7-18,2021-10-10
939,طجار7040,اختيارف وتجارت-2497-1400/07/21,1,5,2250000,300,450,450,150,50,450,150,50,450,450,1400-7-18,2021-10-10
940,تسه99122,امتياز تسهيلات مسكن اسفند99,1,100,1000,757035,10,10,-757025,-100,10,-757025,-100,10,10,1400-7-18,2021-10-10
941,پا ه 4,بار پايه هفته 4,1,44000,25080000,560,570,570,10,1.79,570,10,1.79,570,570,1400-7-18,2021-10-10
942,سپرمي,پرميت‌,1,10,99830,9885,9983,9983,98,0.99,9885,0,0,9983,9983,1400-7-18,2021-10-10
943,داراب,پتروشيمي داراب,1,4032,8967168,2292,2224,2224,-68,-2.97,2292,0,0,2224,2224,1400-7-18,2021-10-10
944,ضچاد1022,اختيارخ كچاد-28000-1400/10/05,1,1,3500000,4000,3500,3500,-500,-12.5,3500,-500,-12.5,3500,3500,1400-7-18,2021-10-10
