,نماد,نام,تعداد,حجم,ارزش,دیروز,اولین,آخرین معامله - مقدار,آخرین معامله - تغییر,آخرین معامله - درصد,قیمت پایانی - مقدار,قیمت پایانی - تغییر,قیمت پایانی - درصد,کمترین,بیشترین,تاریخ,gregorian_date
0,پالايش,صندوق پالايشي يكم-سهام,11646,11241913,798454463320,71860,71500,71100,-760,-1.06,71020,-840,-1.17,70520,71500,1400-10-14,2022-01-04
1,خودرو,ايران‌ خودرو,10156,313410783,569565704956,1881,1850,1828,-53,-2.82,1817,-64,-3.4,1787,1879,1400-10-14,2022-01-04
2,دارا يكم,صندوق واسطه گري مالي يكم-سهام,8918,4642950,506984399670,111030,110200,109400,-1630,-1.47,109190,-1840,-1.66,108240,110430,1400-10-14,2022-01-04
3,شسينا,صنايع‌شيميايي‌سينا,8502,140134536,396428145980,2823,2865,2777,-46,-1.63,2829,6,0.21,2741,2899,1400-10-14,2022-01-04
4,بركت,گروه دارويي بركت,8449,25262944,464490110750,18420,18950,18200,-220,-1.19,18390,-30,-0.16,17700,18950,1400-10-14,2022-01-04
5,كدما,معدني‌ دماوند,8177,9437722,618991672230,68010,68500,64640,-3370,-4.96,65590,-2420,-3.56,64610,70390,1400-10-14,2022-01-04
6,انرژي3,سايراشخاص بورس انرژي,6196,5200959,453826609730,91490,90910,86920,-4570,-5,87260,-4230,-4.62,86920,91460,1400-10-14,2022-01-04
7,شتران,پالايش نفت تهران,6011,55484069,221936482149,4101,4042,3991,-110,-2.68,4000,-101,-2.46,3964,4099,1400-10-14,2022-01-04
8,فملي,ملي‌ صنايع‌ مس‌ ايران‌,5740,66542967,481646887770,7260,7210,7260,0,0,7240,-20,-0.28,7100,7310,1400-10-14,2022-01-04
9,لپارس,پارس‌ الكتريك‌,5427,3376913,356395232790,102770,106880,105240,2470,2.4,105540,2770,2.7,99690,107900,1400-10-14,2022-01-04
10,تسه0009,امتيازتسهيلات مسكن آذر 1400,5109,147471,144194769229,993367,1010000,953000,-40367,-4.06,977784,-15583,-1.57,943699,1029999,1400-10-14,2022-01-04
11,وبملت,بانك ملت,4778,78365108,239664468822,3134,3150,3080,-54,-1.72,3058,-76,-2.43,3035,3150,1400-10-14,2022-01-04
12,خساپا,سايپا,4651,152119738,243376282474,1646,1620,1598,-48,-2.92,1600,-46,-2.79,1570,1640,1400-10-14,2022-01-04
13,كالا,بورس كالاي ايران,4609,13404135,387610869230,30290,29950,28780,-1510,-4.99,28920,-1370,-4.52,28780,29950,1400-10-14,2022-01-04
14,شبندر,پالايش نفت بندرعباس,4594,55533202,356209013170,6570,6520,6450,-120,-1.83,6410,-160,-2.44,6310,6520,1400-10-14,2022-01-04
15,فولاد,فولاد مباركه اصفهان,4486,39916173,414731151650,10570,10440,10380,-190,-1.8,10390,-180,-1.7,10360,10500,1400-10-14,2022-01-04
16,فرابورس,فرابورس ايران,4214,17031621,296833314174,18265,18000,17352,-913,-5,17428,-837,-4.58,17352,18000,1400-10-14,2022-01-04
17,خپارس,پارس‌ خودرو,4111,171799885,178037556450,1081,1064,1032,-49,-4.53,1036,-45,-4.16,1027,1068,1400-10-14,2022-01-04
18,وتجارت,بانك تجارت,3886,116271191,216066341232,1906,1900,1873,-33,-1.73,1858,-48,-2.52,1839,1900,1400-10-14,2022-01-04
19,خبنيان,بنيان ديزل,3834,15156993,22826431458,1552,1506,1506,-46,-2.96,1506,-46,-2.96,1506,1506,1400-10-14,2022-01-04
20,شزنگ,تجهيزنيروي‌زنگان‌,3782,2180954,238446248070,112007,106407,111000,-1007,-0.9,109331,-2676,-2.39,106407,117007,1400-10-14,2022-01-04
21,شپديس,پتروشيمي پرديس,3768,839016,143463846770,176530,175980,169000,-7530,-4.27,170990,-5540,-3.14,168800,175980,1400-10-14,2022-01-04
22,كمند,صندوق س. با درآمد ثابت كمند,3755,141541652,1437980992562,10154,10160,10160,6,0.06,10159,5,0.05,10159,10160,1400-10-14,2022-01-04
23,بورس,بورس اوراق بهادار تهران,3714,29802477,318092958920,11180,10980,10630,-550,-4.92,10670,-510,-4.56,10630,11060,1400-10-14,2022-01-04
24,خگستر,گسترش‌سرمايه‌گذاري‌ايران‌خودرو,3638,94430197,209332396070,2305,2271,2215,-90,-3.9,2217,-88,-3.82,2190,2290,1400-10-14,2022-01-04
25,خنصير,مهندسي‌نصيرماشين‌,3552,23930889,447931012940,17900,18150,18790,890,4.97,18720,820,4.58,18000,18790,1400-10-14,2022-01-04
26,فجهان,مجتمع جهان فولاد سيرجان,3529,18001331,98974081287,5499,5500,5500,1,0.02,5498,-1,-0.02,5403,5501,1400-10-14,2022-01-04
27,شپنا,پالايش نفت اصفهان,3463,30194336,181864452270,6140,6150,6010,-130,-2.12,6020,-120,-1.95,5970,6150,1400-10-14,2022-01-04
28,حفارس,حمل و نقل بين المللي خليج فارس,3432,62508764,305923072230,4878,5121,4635,-243,-4.98,4894,16,0.33,4635,5121,1400-10-14,2022-01-04
29,فسبزوار,پارس فولاد سبزوار,3183,2444706,83889368030,34350,34170,34260,-90,-0.26,34310,-40,-0.12,34110,34520,1400-10-14,2022-01-04
30,نوري,پتروشيمي نوري,2879,1792595,191095999350,108130,107000,106900,-1230,-1.14,106600,-1530,-1.41,105300,108490,1400-10-14,2022-01-04
31,خبهمن,گروه‌بهمن‌,2834,130847935,250545606625,1934,1942,1897,-37,-1.91,1915,-19,-0.98,1865,1950,1400-10-14,2022-01-04
32,توسن,توسعه سامانه ي نرم افزاري نگين,2691,2856185,58029592917,20317,20490,20317,0,0,20317,0,0,20300,20520,1400-10-14,2022-01-04
33,سمگا,گروه سرمايه گذاري ميراث فرهنگي,2537,21465692,214563511722,10452,10320,9930,-522,-4.99,9996,-456,-4.36,9930,10470,1400-10-14,2022-01-04
34,كيان,صندوق س. با درآمد ثابت كيان,2359,17585308,569975873504,32394,32413,32412,18,0.06,32412,18,0.06,32410,32415,1400-10-14,2022-01-04
35,ذوب,ذوب آهن اصفهان,2349,64025629,223679415135,3591,3536,3495,-96,-2.67,3494,-97,-2.7,3430,3550,1400-10-14,2022-01-04
36,آريا,پليمر آريا ساسول,2272,891647,96482455285,111174,108401,108080,-3094,-2.78,108207,-2967,-2.67,108022,109000,1400-10-14,2022-01-04
37,مديريت,س. و خدمات مديريت صند. ب كشوري,2248,2709324,24591451492,9191,9150,9090,-101,-1.1,9077,-114,-1.24,8901,9300,1400-10-14,2022-01-04
38,غنوش,نوش‌ مازندران‌,2243,7703036,103021507880,14030,13550,13340,-690,-4.92,13370,-660,-4.7,13330,13950,1400-10-14,2022-01-04
39,كماسه,تامين‌ ماسه‌ ريخته‌گري‌,2124,33835663,110959163467,3161,3161,3319,158,5,3279,118,3.73,3134,3319,1400-10-14,2022-01-04
40,كيمياتك,آريان كيميا تك,2117,523376,12464902750,23850,24000,23900,50,0.21,23820,-30,-0.13,23560,24100,1400-10-14,2022-01-04
41,خزر,فنرسازي‌زر,2085,13441282,128528675430,9160,9280,9610,450,4.91,9560,400,4.37,9040,9610,1400-10-14,2022-01-04
42,سحرخيز,صندوق س. گروه زعفران سحرخيز,2068,4960285,100895197046,20046,20380,20140,94,0.47,20341,295,1.47,20070,20799,1400-10-14,2022-01-04
43,غزر,صنعتي زر ماكارون,2060,3811470,35530561620,9730,9470,9250,-480,-4.93,9320,-410,-4.21,9250,9610,1400-10-14,2022-01-04
44,وخارزم,سرمايه گذاري خوارزمي,2055,26425589,110387643096,4318,4285,4177,-141,-3.27,4177,-141,-3.27,4103,4285,1400-10-14,2022-01-04
45,وملي,گروه‌ صنعتي‌ ملي‌ (هلدينگ‌,2034,669359,95598301780,148370,148370,140960,-7410,-4.99,142820,-5550,-3.74,140960,150000,1400-10-14,2022-01-04
46,خزاميا,زامياد,2018,19469706,155751550890,8370,8290,7960,-410,-4.9,8000,-370,-4.42,7960,8290,1400-10-14,2022-01-04
47,وبصادر,بانك صادرات ايران,2009,92726451,171646408086,1888,1851,1868,-20,-1.06,1851,-37,-1.96,1837,1880,1400-10-14,2022-01-04
48,گدنا,تهيه توزيع غذاي دنا آفرين فدك,1950,6453702,81634014040,13260,13280,12690,-570,-4.3,12649,-611,-4.61,12597,13280,1400-10-14,2022-01-04
49,آپ,آسان پرداخت پرشين,1840,8751281,79111652470,9360,9380,8900,-460,-4.91,9040,-320,-3.42,8900,9440,1400-10-14,2022-01-04
50,زاگرس,پتروشيمي زاگرس,1813,320581,65793060307,211214,205900,207270,-3944,-1.87,206997,-4217,-2,201921,210997,1400-10-14,2022-01-04
51,چخزر,صنايع چوب خزر كاسپين,1804,1451188,52568987249,34680,33998,36414,1734,5,36225,1545,4.46,33551,36414,1400-10-14,2022-01-04
52,امين يكم,صندوق درآمد ثابت امين يكم فردا,1784,46585636,469146616874,10064,10069,10072,8,0.08,10071,7,0.07,10068,10073,1400-10-14,2022-01-04
53,شتوكا,توكا رنگ فولاد سپاهان,1761,8485901,137098332058,15465,16179,16238,773,5,16156,691,4.47,15510,16238,1400-10-14,2022-01-04
54,حسير,ريل سير كوثر,1760,7807237,128509973914,17270,17201,16407,-863,-5,16460,-810,-4.69,16407,17201,1400-10-14,2022-01-04
55,سپيد,سپيد ماكيان,1752,803998,47268386320,59570,59400,59700,130,0.22,58790,-780,-1.31,57650,60540,1400-10-14,2022-01-04
56,ضخود2019,اختيارخ خودرو-2500-1401/02/07,1732,65111,9322365000,175,154,144,-31,-17.71,143,-32,-18.29,133,160,1400-10-14,2022-01-04
57,اعتماد,صندوق س.اعتماد آفرين پارسيان-د,1715,29178340,1199191852100,41074,41097,41099,25,0.06,41099,25,0.06,41097,41100,1400-10-14,2022-01-04
58,ثشاهد,سرمايه‌ گذاري‌ شاهد,1694,10429614,100463782390,10100,9910,9600,-500,-4.95,9630,-470,-4.65,9600,10000,1400-10-14,2022-01-04
59,پكرمان,گروه‌ صنعتي‌ بارز,1688,4342407,88637184830,20060,20710,20500,440,2.19,20410,350,1.74,19860,20970,1400-10-14,2022-01-04
60,چكاپا,گروه صنايع كاغذ پارس,1682,15907307,46939902347,2904,2950,3015,111,3.82,2951,47,1.62,2880,3040,1400-10-14,2022-01-04
61,حآفرين,ريل پرداز نو آفرين,1653,25881325,108425816096,4370,4370,4152,-218,-4.99,4189,-181,-4.14,4152,4380,1400-10-14,2022-01-04
62,ثبهساز,بهساز كاشانه تهران,1627,13852149,20578009327,1540,1510,1471,-69,-4.48,1486,-54,-3.51,1463,1535,1400-10-14,2022-01-04
63,غگيلا,شيرپاستوريزه پگاه گيلان,1619,2560674,39555043234,16161,16130,15353,-808,-5,15447,-714,-4.42,15353,16130,1400-10-14,2022-01-04
64,كاما,باما,1616,12769503,84845209690,6810,6800,6700,-110,-1.62,6640,-170,-2.5,6470,6830,1400-10-14,2022-01-04
65,كارا,صندوق س. كارا -د,1613,75647494,794365053055,10493,10500,10501,8,0.08,10501,8,0.08,10500,10502,1400-10-14,2022-01-04
66,گشان,توسعه بين المللي پديده شانديز,1612,4281810,76590776917,18383,18450,17947,-436,-2.37,17887,-496,-2.7,17832,18450,1400-10-14,2022-01-04
67,شلرد,كود شيميايي اوره لردگان,1579,13825912,166540994133,12362,12160,11992,-370,-2.99,12046,-316,-2.56,11992,12362,1400-10-14,2022-01-04
68,قجام,فرآوردههاي غذايي وقندتربت‌جام‌,1556,17260339,94363920069,5566,5470,5455,-111,-1.99,5467,-99,-1.78,5455,5640,1400-10-14,2022-01-04
69,وگردش,بانك گردشگري,1555,21389871,217757927437,10188,10189,10002,-186,-1.83,10180,-8,-0.08,10000,10330,1400-10-14,2022-01-04
70,فاذر,صنايع‌ آذرآب‌,1504,46770606,41625549840,919,920,894,-25,-2.72,890,-29,-3.16,874,920,1400-10-14,2022-01-04
71,فسرب,ملي‌ سرب‌وروي‌ ايران‌,1450,29248536,54920742829,1957,1910,1884,-73,-3.73,1878,-79,-4.04,1860,1940,1400-10-14,2022-01-04
72,تپكو,توليدتجهيزات‌سنگين‌هپكو,1437,45096682,122315330765,2853,2711,2711,-142,-4.98,2712,-141,-4.94,2711,2744,1400-10-14,2022-01-04
73,غبشهر,صنعتي‌ بهشهر,1431,69133194,233420905109,3540,3480,3400,-140,-3.95,3376,-164,-4.63,3363,3500,1400-10-14,2022-01-04
74,شاروم,پتروشيمي اروميه,1428,830383,11522529092,14354,14000,13790,-564,-3.93,13965,-389,-2.71,13637,14300,1400-10-14,2022-01-04
75,بوعلي,پتروشيمي بوعلي سينا,1400,478699,35356638240,74480,74480,73900,-580,-0.78,74250,-230,-0.31,73500,74550,1400-10-14,2022-01-04
76,سپيدار,سپيدار سيستم آسيا,1393,186576,3701044518,20172,19750,19943,-229,-1.14,20086,-86,-0.43,19650,20180,1400-10-14,2022-01-04
77,خصدرا,صنعتي‌ دريايي‌ ايران‌,1388,43393675,90583185458,2196,2087,2087,-109,-4.96,2087,-109,-4.96,2087,2120,1400-10-14,2022-01-04
78,بگيلان,توسعه مسير برق گيلان,1378,2326959,30872320685,13925,13700,13549,-376,-2.7,13267,-658,-4.73,13229,13920,1400-10-14,2022-01-04
79,فخوز,فولاد  خوزستان,1371,11746588,74309756990,6450,6360,6310,-140,-2.17,6370,-80,-1.24,6200,6480,1400-10-14,2022-01-04
80,غكورش,صنعت غذايي كورش,1362,662465,31193176430,47960,47400,47030,-930,-1.94,47480,-480,-1,46610,47600,1400-10-14,2022-01-04
81,شگويا,پتروشيمي تندگويان,1359,4180052,46420526843,11294,11294,11105,-189,-1.67,11212,-82,-0.73,11038,11294,1400-10-14,2022-01-04
82,وهامون,سرمايه گذاري هامون صبا,1350,3306399,8973237691,2735,2739,2710,-25,-0.91,2722,-13,-0.48,2700,2743,1400-10-14,2022-01-04
83,قثابت,قند ثابت‌ خراسان‌,1346,27874808,49247270968,1766,1820,1745,-21,-1.19,1767,1,0.06,1729,1839,1400-10-14,2022-01-04
84,خموتور,موتورسازان‌تراكتورسازي‌ايران‌,1343,14186026,69156239230,4720,4610,4950,230,4.87,4870,150,3.18,4540,4950,1400-10-14,2022-01-04
85,وصنا,گروه‌صنايع‌بهشهرايران‌,1327,18522088,61444498208,3189,3344,3348,159,4.99,3317,128,4.01,3181,3348,1400-10-14,2022-01-04
86,افران,صندوق س افرا نماد پايدار-ثابت,1310,31862963,483104429303,15152,15162,15162,10,0.07,15162,10,0.07,15161,15164,1400-10-14,2022-01-04
87,ولپارس,ليزينگ پارسيان,1308,5156956,14772292586,2982,2853,2880,-102,-3.42,2865,-117,-3.92,2835,2964,1400-10-14,2022-01-04
88,وسديد,گروه ‌صنعتي‌سديد,1295,22532908,23384846223,1053,1054,1046,-7,-0.66,1038,-15,-1.42,1027,1060,1400-10-14,2022-01-04
89,تليسه,دامداري تليسه نمونه,1256,19068848,42709614263,2345,2300,2228,-117,-4.99,2240,-105,-4.48,2228,2318,1400-10-14,2022-01-04
90,صبا,سرمايه گذاري صبا تامين,1253,7681929,46711430305,6160,6089,6099,-61,-0.99,6126,-34,-0.55,6035,6160,1400-10-14,2022-01-04
91,ونيرو,سرمايه‌گذاري‌نيرو,1252,35566877,81297317637,2248,2160,2289,41,1.82,2286,38,1.69,2155,2335,1400-10-14,2022-01-04
92,كروي,توسعه‌ معادن‌ روي‌ ايران‌,1251,630042,14112389620,22830,22450,22260,-570,-2.5,22550,-280,-1.23,22040,22750,1400-10-14,2022-01-04
93,شفن,پتروشيمي فناوران,1239,2418473,30789609990,12910,12830,12800,-110,-0.85,12860,-50,-0.39,12500,12970,1400-10-14,2022-01-04
94,وسپهر,سرمايه گذاري مالي سپهرصادرات,1237,3420506,24148956716,7064,7060,7060,-4,-0.06,7063,-1,-0.01,7060,7061,1400-10-14,2022-01-04
95,آبادا,توليد نيروي برق آبادان,1236,789031,7815028760,10080,9860,9860,-220,-2.18,9990,-90,-0.89,9850,10000,1400-10-14,2022-01-04
96,هرمز,فولاد هرمزگان جنوب,1223,3938244,58427183591,15415,15110,14869,-546,-3.54,15119,-296,-1.92,14735,15110,1400-10-14,2022-01-04
97,بپيوند,برق و انرژي پيوندگستر پارس,1222,785337,7282309124,9438,9321,9276,-162,-1.72,9354,-84,-0.89,9200,9420,1400-10-14,2022-01-04
98,فتوسا,توليد و توسعه سرب روي ايرانيان,1214,717353,7967253241,10880,10710,11230,350,3.22,10998,118,1.08,10710,11260,1400-10-14,2022-01-04
99,فارس,صنايع پتروشيمي خليج فارس,1195,14619852,156947723260,10820,10820,10670,-150,-1.39,10740,-80,-0.74,10500,10880,1400-10-14,2022-01-04
100,وساغربي,شركت س استان آذربايجان غربي,1194,67058768,29166300853,444,430,436,-8,-1.8,435,-9,-2.03,430,441,1400-10-14,2022-01-04
101,شفنح,ح . پتروشيمي فناوران,1190,6151421,53305033680,8810,8770,8560,-250,-2.84,8670,-140,-1.59,8560,8880,1400-10-14,2022-01-04
102,رافزا,رايان هم افزا,1189,383313,22047081756,60242,59810,57887,-2355,-3.91,57517,-2725,-4.52,57230,59970,1400-10-14,2022-01-04
103,قشكر,شكرشاهرود,1179,28112120,64619316872,2217,2268,2325,108,4.87,2299,82,3.7,2210,2327,1400-10-14,2022-01-04
104,فنفت,صنايع تجهيزات نفت,1167,5198047,97721545387,18589,18032,19146,557,3,18800,211,1.14,18032,19146,1400-10-14,2022-01-04
105,قچار,فراوردههاي غذايي وقند چهارمحال,1166,18777174,155998384165,8584,8600,8331,-253,-2.95,8308,-276,-3.22,8196,8756,1400-10-14,2022-01-04
106,حآسا,آسيا سير ارس,1164,3697866,49849077732,13154,13469,13160,6,0.05,13480,326,2.48,12601,13811,1400-10-14,2022-01-04
107,ختور,رادياتور ايران‌,1164,4969347,56981368830,12030,11700,11480,-550,-4.57,11470,-560,-4.66,11430,11760,1400-10-14,2022-01-04
108,شصدف,صنعتي دوده فام,1158,1604108,54913913400,34194,33460,34599,405,1.18,34233,39,0.11,33460,34600,1400-10-14,2022-01-04
109,غگل,گلوكوزان‌,1153,12554705,38423597752,3173,3180,3031,-142,-4.48,3060,-113,-3.56,3020,3180,1400-10-14,2022-01-04
110,شرنگي,شيميايي رنگين,1153,322591,67508236868,203757,206000,209869,6112,3,209269,5512,2.71,205010,209869,1400-10-14,2022-01-04
111,طلا,صندوق س.پشتوانه طلاي لوتوس,1139,1933619,173848364444,90393,90399,89350,-1043,-1.15,89908,-485,-0.54,89000,90399,1400-10-14,2022-01-04
112,غشصفا,شيرپاستوريزه‌پگاه‌اصفهان‌,1139,2616208,61771983140,24610,23450,23380,-1230,-5,23610,-1000,-4.06,23380,24580,1400-10-14,2022-01-04
113,خموتورح,ح . موتورسازان‌تراكتورسازي‌,1126,15934937,37642972837,2344,2291,2427,83,3.54,2362,18,0.77,2170,2489,1400-10-14,2022-01-04
114,وغدير,سرمايه‌گذاري‌غدير(هلدينگ‌,1112,10155298,147734508440,14690,14600,14480,-210,-1.43,14550,-140,-0.95,14300,14770,1400-10-14,2022-01-04
115,حكشتي,كشتيراني جمهوري اسلامي ايران,1103,4173371,57842613930,14260,14020,13880,-380,-2.66,14060,-200,-1.4,13610,14150,1400-10-14,2022-01-04
116,زملارد,كشاورزي و دامپروري ملارد شير,1098,630493,5467004803,8259,8671,8671,412,4.99,8395,136,1.65,8671,8671,1400-10-14,2022-01-04
117,فافق,صنايع مس افق كرمان,1094,20749549,71628900909,3403,3573,3401,-2,-0.06,3452,49,1.44,3233,3573,1400-10-14,2022-01-04
118,تسه0008,امتيازتسهيلات مسكن آبان1400,1094,15859,15554092437,994689,964500,945002,-49687,-5,980774,-13915,-1.4,945000,1029000,1400-10-14,2022-01-04
119,فگستر,گسترش صنايع روي ايرانيان,1092,961492,10142700388,10449,10250,10655,206,1.97,10517,68,0.65,10240,10680,1400-10-14,2022-01-04
120,اپال,فرآوري معدني اپال كاني پارس,1074,4259381,98858864730,22760,22760,23430,670,2.94,23120,360,1.58,22730,23660,1400-10-14,2022-01-04
121,وسكرد,شركت س استان كردستان,1071,75803727,33465538687,453,436,440,-13,-2.87,441,-12,-2.65,436,451,1400-10-14,2022-01-04
122,كزغال,زغال سنگ پروده طبس,1064,498970,15433533893,31133,30912,31030,-103,-0.33,31007,-126,-0.4,30600,31490,1400-10-14,2022-01-04
123,ثاميد,توسعه و عمران اميد,1054,4611007,6405260539,1407,1400,1390,-17,-1.21,1401,-6,-0.43,1380,1400,1400-10-14,2022-01-04
124,شبصير,توليدات پتروشيمي قائد بصير,1053,625631,67948080189,113262,112000,109949,-3313,-2.93,108607,-4655,-4.11,107599,113500,1400-10-14,2022-01-04
125,وكبهمن,مديريت سرمايه گذاري كوثربهمن,1050,391159,3707187016,9671,9540,9470,-201,-2.08,9622,-49,-0.51,9410,9639,1400-10-14,2022-01-04
126,ومدير,گ.مديريت ارزش سرمايه ص ب كشوري,1039,2209751,10140726040,4657,4622,4570,-87,-1.87,4615,-42,-0.9,4550,4670,1400-10-14,2022-01-04
127,كچاد,معدني‌وصنعتي‌چادرملو,1030,5017605,150578072660,30630,30620,30000,-630,-2.06,30010,-620,-2.02,29420,30620,1400-10-14,2022-01-04
128,فجر,فولاد اميركبيركاشان,1024,2582971,60075715330,23110,22800,23710,600,2.6,23260,150,0.65,22510,24000,1400-10-14,2022-01-04
129,ولكار,ليزينگ كارآفرين,1010,748791,3005067680,4054,3999,4058,4,0.1,4046,-8,-0.2,3961,4060,1400-10-14,2022-01-04
130,تسه0006,امتيازتسهيلات مسكن شهريور1400,990,19325,18827206311,995266,965522,946504,-48762,-4.9,974241,-21025,-2.11,945503,1028776,1400-10-14,2022-01-04
131,فاراك,ماشين‌ سازي‌ اراك‌,988,23082940,33016857089,1465,1479,1424,-41,-2.8,1430,-35,-2.39,1401,1479,1400-10-14,2022-01-04
132,سرو,صندوق س سروسودمند مدبران-سهام,983,1382194,94899494760,69590,69090,68600,-990,-1.42,68660,-930,-1.34,68150,69400,1400-10-14,2022-01-04
133,غدام,خوراك‌  دام‌ پارس‌,962,423335,39358426040,96900,97110,92070,-4830,-4.98,92970,-3930,-4.06,92060,97660,1400-10-14,2022-01-04
134,وپارس,بانك‌پارسيان‌,939,30673590,57966358188,1938,1938,1886,-52,-2.68,1914,-24,-1.24,1858,1938,1400-10-14,2022-01-04
135,ختوقا,قطعات‌ اتومبيل‌ ايران‌,936,19647960,49102426844,2546,2491,2471,-75,-2.95,2499,-47,-1.85,2420,2599,1400-10-14,2022-01-04
136,لطيف,محصولات كاغذي لطيف,933,88400,3276111369,37177,37800,37240,63,0.17,37150,-27,-0.07,36750,37800,1400-10-14,2022-01-04
137,بالاس,مهندسي ساختمان تاسيسات راه آهن,930,1895340,57349656900,29648,29051,28895,-753,-2.54,30258,610,2.06,28800,31130,1400-10-14,2022-01-04
138,بترانس,ايران‌ ترانسفو,929,16257112,31896733751,2014,2029,1940,-74,-3.67,1962,-52,-2.58,1940,2029,1400-10-14,2022-01-04
139,بپاس,بيمه پاسارگاد,919,3474280,128536344367,36852,36510,36999,147,0.4,36997,145,0.39,36510,37140,1400-10-14,2022-01-04
140,بكاب,صنايع‌جوشكاب‌يزد,915,520930,41964112530,84040,83000,79850,-4190,-4.99,80560,-3480,-4.14,79840,85410,1400-10-14,2022-01-04
141,سيتا,سرمايه گذاري سيمان تامين,909,1146268,10516873900,9540,9120,9210,-330,-3.46,9440,-100,-1.05,9110,9330,1400-10-14,2022-01-04
142,شاراك,پتروشيمي شازند,905,1051368,45690215250,44560,43960,43790,-770,-1.73,44030,-530,-1.19,42900,44580,1400-10-14,2022-01-04
143,وهنر,گروه توسعه هنر ايران,897,18814408,44632462929,2372,2443,2410,38,1.6,2372,0,0,2329,2443,1400-10-14,2022-01-04
144,وصنعت,سرمايه گذاري توسعه صنعت وتجارت,896,8673452,59125007540,6730,6870,6840,110,1.63,6820,90,1.34,6730,6900,1400-10-14,2022-01-04
145,سفارس,سيمان فارس و خوزستان,884,5391854,87189254130,16620,16500,16000,-620,-3.73,16170,-450,-2.71,15910,16760,1400-10-14,2022-01-04
146,قرن,پديده شيمي قرن,882,1573567,34179653110,20820,20450,21860,1040,5,21720,900,4.32,20450,21860,1400-10-14,2022-01-04
147,كرازي,كارخانجات‌توليدي‌شيشه‌رازي‌,863,29395911,38169870488,1301,1300,1300,-1,-0.08,1298,-3,-0.23,1286,1320,1400-10-14,2022-01-04
148,شبريز,پالايش نفت تبريز,861,2032745,67572938040,34030,33330,33190,-840,-2.47,33480,-550,-1.62,32790,34350,1400-10-14,2022-01-04
149,پارند,صندوق س. پارند پايدار سپهر,852,27319895,277637562864,10156,10162,10163,7,0.07,10162,6,0.06,10162,10163,1400-10-14,2022-01-04
150,ومعادن,توسعه‌معادن‌وفلزات‌,851,9799872,93617861950,9640,9520,9580,-60,-0.62,9570,-70,-0.73,9440,9710,1400-10-14,2022-01-04
151,غصينو,صنعتي مينو,844,3131657,51372549094,17155,16420,16298,-857,-5,16567,-588,-3.43,16298,17099,1400-10-14,2022-01-04
152,ولساپا,ليزينگ رايان‌ سايپا,842,25254655,35386963023,1425,1425,1391,-34,-2.39,1401,-24,-1.68,1381,1428,1400-10-14,2022-01-04
153,تملتح,ح . تامين سرمايه بانك ملت,837,4124631,4768438884,1211,1143,1146,-65,-5.37,1156,-55,-4.54,1128,1198,1400-10-14,2022-01-04
154,غبهار,كشت وصنعت بهاران گلبهار خراسان,836,2290529,41161583409,18128,18250,18257,129,0.71,17970,-158,-0.87,17585,18341,1400-10-14,2022-01-04
155,ديران,ايران‌دارو,821,2913000,53009142380,19070,19010,18200,-870,-4.56,18200,-870,-4.56,18120,19010,1400-10-14,2022-01-04
156,خكمك,كمك‌فنرايندامين‌,820,2059556,46035167710,22130,22130,22560,430,1.94,22350,220,0.99,21680,23150,1400-10-14,2022-01-04
157,كاوه,فولاد كاوه جنوب كيش,801,3837517,52725487370,14190,13920,13780,-410,-2.89,13900,-290,-2.04,13620,14180,1400-10-14,2022-01-04
158,قلرست,قند لرستان‌,786,5192226,83531396240,15370,16130,16130,760,4.94,16090,720,4.68,15720,16130,1400-10-14,2022-01-04
159,آگاس,صندوق س.هستي بخش آگاه-س,769,938455,71872995311,77631,77490,76252,-1379,-1.78,76587,-1044,-1.34,76200,77750,1400-10-14,2022-01-04
160,بكهنوج,توليد برق ماهتاب كهنوج,766,35442804,40300143971,1109,1119,1110,1,0.09,1137,28,2.52,1100,1153,1400-10-14,2022-01-04
161,وپاسار,بانك  پاسارگاد,763,20976472,293884126910,14010,14010,14010,0,0,14010,0,0,13980,14070,1400-10-14,2022-01-04
162,نهال,صندوق س. طلاي سرخ نوويرا,759,1520502,31572554818,20749,20980,20590,-159,-0.77,20765,16,0.08,20503,21000,1400-10-14,2022-01-04
163,ددام,داروسازي زاگرس فارمد پارس,758,5175195,45936792160,8490,8900,8910,420,4.95,8880,390,4.59,8670,8910,1400-10-14,2022-01-04
164,گكوثر,هتل پارسيان كوثر اصفهان,755,17618238,25330755545,1470,1449,1466,-4,-0.27,1438,-32,-2.18,1400,1484,1400-10-14,2022-01-04
165,تاپكيش,تجارت الكترونيك پارسيان كيش,754,2147217,37038230846,17405,17400,17388,-17,-0.1,17249,-156,-0.9,16700,17600,1400-10-14,2022-01-04
166,شيران,س. صنايع‌شيميايي‌ايران,746,1792064,36295677310,21030,20900,20300,-730,-3.47,20670,-360,-1.71,20070,20900,1400-10-14,2022-01-04
167,ميدكو,توسعه معادن وص.معدني خاورميانه,739,21753951,1004456368750,46170,46170,46180,10,0.02,46170,0,0,45880,47170,1400-10-14,2022-01-04
168,سكه0012پ01,تمام سكه طرح جديد0012رفاه,739,182000,230280344200,1283080,1278234,1259004,-24076,-1.88,1265277,-17803,-1.39,1256501,1283600,1400-10-14,2022-01-04
169,خمحركه,نيرو محركه‌,729,8245496,27311441810,3444,3457,3286,-158,-4.59,3312,-132,-3.83,3272,3457,1400-10-14,2022-01-04
170,تسه9810,امتياز تسهيلات مسكن دي98,726,15180,14098386027,949040,901588,917001,-32039,-3.38,928747,-20293,-2.14,901588,988800,1400-10-14,2022-01-04
171,حفاري,حفاري شمال,724,8700751,35459633943,4080,4031,4097,17,0.42,4075,-5,-0.12,3930,4139,1400-10-14,2022-01-04
172,تسه0007,امتيازتسهيلات مسكن مهر1400,722,8722,8536900083,996533,960122,950004,-46529,-4.67,978778,-17755,-1.78,946707,1028000,1400-10-14,2022-01-04
173,ونوين,بانك‌اقتصادنوين‌,717,10828453,36580119086,3394,3396,3338,-56,-1.65,3380,-14,-0.41,3338,3426,1400-10-14,2022-01-04
174,ثتران,سرمايه گذاري مسكن تهران,704,13328429,39535124181,3108,3070,2953,-155,-4.99,2966,-142,-4.57,2953,3070,1400-10-14,2022-01-04
175,تاپيكو,س. نفت و گاز و پتروشيمي تأمين,690,4228379,60387377550,14590,14310,14360,-230,-1.58,14430,-160,-1.1,14150,14580,1400-10-14,2022-01-04
176,دبالك,مواد اوليه دارويي البرز بالك,680,2969453,23754903149,7788,8160,7950,162,2.08,8000,212,2.72,7790,8160,1400-10-14,2022-01-04
177,فروي,ذوب روي اصفهان,669,1110870,17918110156,16577,16130,16190,-387,-2.33,16130,-447,-2.7,16000,16488,1400-10-14,2022-01-04
178,پيزد,مجتمع صنايع لاستيك يزد,668,91002,4643164133,51690,51004,50923,-767,-1.48,51479,-211,-0.41,50800,51680,1400-10-14,2022-01-04
179,وپويا,سرمايه گذاري پويا,666,1245294,4274826579,3536,3430,3439,-97,-2.74,3505,-31,-0.88,3401,3480,1400-10-14,2022-01-04
180,ورنا,سرمايه‌گذاري‌ رنا(هلدينگ‌,665,9174930,26348413522,2911,2909,2855,-56,-1.92,2872,-39,-1.34,2780,2924,1400-10-14,2022-01-04
181,ثنور,سرمايه گذاري كوه نور,665,4771702,38780184026,8121,8150,8022,-99,-1.22,8127,6,0.07,7980,8229,1400-10-14,2022-01-04
182,ملت,بيمه ملت,663,27130007,32190551960,1190,1173,1191,1,0.08,1187,-3,-0.25,1173,1196,1400-10-14,2022-01-04
183,وسنا,سرمايه گذاري نيروگاهي ايران,663,3722014,33799422624,9132,9380,9300,168,1.84,9081,-51,-0.56,8861,9380,1400-10-14,2022-01-04
184,دسانكو,داروسازي سبحان انكولوژي,657,2553910,32589005369,12641,12950,12750,109,0.86,12760,119,0.94,12630,12950,1400-10-14,2022-01-04
185,ودي,بيمه  دي,657,8768967,35723818140,4114,4114,4110,-4,-0.1,4074,-40,-0.97,3957,4200,1400-10-14,2022-01-04
186,شسپا,نفت سپاهان,657,11295610,37786986504,3428,3367,3350,-78,-2.28,3386,-42,-1.23,3287,3417,1400-10-14,2022-01-04
187,شيراز,پتروشيمي‌شيراز,654,699763,52340311540,77670,75920,73980,-3690,-4.75,76090,-1580,-2.03,73790,77530,1400-10-14,2022-01-04
188,ماديرا,صنايع ماديران,651,4333995,22942219091,5328,5205,5449,121,2.27,5294,-34,-0.64,5128,5480,1400-10-14,2022-01-04
189,زكوثر,سرمايه گذاري كشاورزي كوثر,649,2079469,29539219330,14850,14990,14110,-740,-4.98,14210,-640,-4.31,14110,14990,1400-10-14,2022-01-04
190,شغدير,پتروشيمي غدير,641,494570,43775197380,89500,88800,88310,-1190,-1.33,88560,-940,-1.05,88100,89990,1400-10-14,2022-01-04
191,رتاپ,تجارت الكترونيك  پارسيان,633,2292603,12037336740,5310,5210,5290,-20,-0.38,5260,-50,-0.94,5210,5330,1400-10-14,2022-01-04
192,سيمرغ,سيمرغ,633,1739348,40412459640,24020,24030,23300,-720,-3,23230,-790,-3.29,22970,24030,1400-10-14,2022-01-04
193,قشرين,قند شيرين خراسان,627,3477222,20645080863,6052,6189,5871,-181,-2.99,5937,-115,-1.9,5871,6189,1400-10-14,2022-01-04
194,حتوكا,حمل‌ونقل‌توكا,626,1990794,24222913140,12160,12550,11910,-250,-2.06,12170,10,0.08,11850,12550,1400-10-14,2022-01-04
195,ثاخت,بين‌المللي‌توسعه‌ساختمان,621,13083784,23622768410,1793,1790,1812,19,1.06,1805,12,0.67,1778,1839,1400-10-14,2022-01-04
196,وسكرمان,س.سهام عدالت استان كرمان,616,37170098,16500430764,451,443,453,2,0.44,447,-4,-0.89,436,453,1400-10-14,2022-01-04
197,بالبر,كابل‌ البرز,614,1927291,46972545930,25240,24930,23980,-1260,-4.99,24370,-870,-3.45,23980,26480,1400-10-14,2022-01-04
198,فنورد,نوردوقطعات‌ فولادي‌,610,391467,61102488180,163800,155620,160000,-3800,-2.32,156090,-7710,-4.71,155610,163560,1400-10-14,2022-01-04
199,اخابر,مخابرات ايران,606,8293474,59840847850,7400,7210,7260,-140,-1.89,7300,-100,-1.35,7150,7330,1400-10-14,2022-01-04
200,فپنتا,سپنتا,605,44008,22519480030,501860,514980,514940,13080,2.61,511710,9850,1.96,502020,514980,1400-10-14,2022-01-04
201,وسكرشا,س.سهام عدالت استان كرمانشاه,599,29954195,13541903756,459,446,453,-6,-1.31,453,-6,-1.31,444,459,1400-10-14,2022-01-04
202,فرآور,فرآوري‌موادمعدني‌ايران‌,593,1371527,36076986850,26430,26870,26730,300,1.14,26300,-130,-0.49,25660,26900,1400-10-14,2022-01-04
203,وفتخار,سرمايه گذاري افتخار سهام,583,2935912,4944640988,1733,1691,1682,-51,-2.94,1692,-41,-2.37,1682,1706,1400-10-14,2022-01-04
204,فلوله,لوله‌وماشين‌سازي‌ايران‌,581,14129663,14098598551,1025,1036,990,-35,-3.41,998,-27,-2.63,982,1036,1400-10-14,2022-01-04
205,كوير,توليدي فولاد سپيد فراب كوير,575,8204714,42610907030,5180,5200,5190,10,0.19,5190,10,0.19,5160,5210,1400-10-14,2022-01-04
206,خلنت,لنت‌ ترمزايران‌,575,386292,23417019070,58700,60490,61630,2930,4.99,60620,1920,3.27,58740,61630,1400-10-14,2022-01-04
207,ولانا,شركت ليزينگ آريا دانا,572,1969291,22688717992,11260,11410,11595,335,2.98,11521,261,2.32,11050,11597,1400-10-14,2022-01-04
208,شپترو,پتروشيمي آبادان,571,13920844,41373576135,2890,2890,2976,86,2.98,2972,82,2.84,2890,2976,1400-10-14,2022-01-04
209,ياقوت,صندوق س ياقوت آگاه-ثابت,570,13053748,181593309683,13904,13912,13911,7,0.05,13911,7,0.05,13911,13913,1400-10-14,2022-01-04
210,ثفارس,عمران‌وتوسعه‌فارس‌,570,3764106,25506786830,6870,6810,6780,-90,-1.31,6780,-90,-1.31,6700,7000,1400-10-14,2022-01-04
211,وساپا,سرمايه‌گذاري‌ سايپا,570,6782444,26975913872,4090,4055,4016,-74,-1.81,3977,-113,-2.76,3911,4128,1400-10-14,2022-01-04
212,سنير,سيمان‌ سفيد ني‌ريز,566,523068,14523674210,29030,29240,27600,-1430,-4.93,27770,-1260,-4.34,27580,29240,1400-10-14,2022-01-04
213,خپويش,سازه‌ پويش‌,561,225371,15443877270,67940,69530,66550,-1390,-2.05,68530,590,0.87,66550,70790,1400-10-14,2022-01-04
214,ومهان,گروه توسعه مالي مهر آيندگان,556,10510284,46772392971,4497,4330,4485,-12,-0.27,4456,-41,-0.91,4273,4500,1400-10-14,2022-01-04
215,پارس,پتروشيمي پارس,550,297571,53006991690,180320,180000,178600,-1720,-0.95,179130,-1190,-0.66,176340,180000,1400-10-14,2022-01-04
216,شكلر,نيروكلر,543,1378584,52136110170,38530,37890,37100,-1430,-3.71,37820,-710,-1.84,36610,39000,1400-10-14,2022-01-04
217,تابا,تابان نيرو سپاهان,538,1428309,30998870710,21321,21555,21960,639,3,21703,382,1.79,21000,21960,1400-10-14,2022-01-04
218,كلر,كلر پارس,537,193447,19797560903,101947,101000,102000,53,0.05,102341,394,0.39,101000,103440,1400-10-14,2022-01-04
219,تملت,تامين سرمايه بانك ملت,531,3628191,8808157919,2492,2496,2446,-46,-1.85,2456,-36,-1.44,2401,2496,1400-10-14,2022-01-04
220,وهور,مديريت انرژي اميد  تابان هور,530,17120003,21257605467,1289,1290,1232,-57,-4.42,1258,-31,-2.4,1228,1290,1400-10-14,2022-01-04
221,دكپسول,توليد ژلاتين كپسول ايران,526,1064383,32845669639,31149,31200,31149,0,0,30859,-290,-0.93,30439,32167,1400-10-14,2022-01-04
222,شلعاب,لعابيران‌,524,2307283,13287418220,5710,5630,5800,90,1.58,5760,50,0.88,5630,5900,1400-10-14,2022-01-04
223,پارسان,گسترش نفت و گاز پارسيان,522,2173104,72162590220,33870,33810,32920,-950,-2.8,33460,-410,-1.21,32590,33810,1400-10-14,2022-01-04
224,تسه0004,امتيازتسهيلات مسكن تير1400,520,6615,6484687996,1001259,953599,951197,-50062,-5,980300,-20959,-2.09,951197,1029999,1400-10-14,2022-01-04
225,خودكفا,اقتصادي و خودكفايي آزادگان,516,2657967,17796392984,6881,6801,6675,-206,-2.99,6717,-164,-2.38,6675,6802,1400-10-14,2022-01-04
226,ضخود2018,اختيارخ خودرو-2000-1401/02/07,515,19323,5889496000,344,320,299,-45,-13.08,305,-39,-11.34,293,330,1400-10-14,2022-01-04
227,البرز,بيمه البرز,515,11261130,19177301229,1722,1723,1722,0,0,1703,-19,-1.1,1686,1724,1400-10-14,2022-01-04
228,خمهرح,ح . مهركام‌پارس‌,513,9766280,5722871934,603,600,587,-16,-2.65,586,-17,-2.82,579,602,1400-10-14,2022-01-04
229,بجهرم,توسعه مولد نيروگاهي جهرم,513,6611086,13115754935,2012,1992,1972,-40,-1.99,1993,-19,-0.94,1962,2025,1400-10-14,2022-01-04
230,حتايد,تايدواترخاورميانه,511,5622185,26083366241,4640,4510,4640,0,0,4639,-1,-0.02,4510,4690,1400-10-14,2022-01-04
231,تسه0005,امتيازتسهيلات مسكن مرداد 1400,509,6123,5980436842,995552,951111,946010,-49542,-4.98,976717,-18835,-1.89,946010,1027777,1400-10-14,2022-01-04
232,غمارگ,مارگارين‌,509,11310764,29178510260,2657,2650,2586,-71,-2.67,2580,-77,-2.9,2525,2697,1400-10-14,2022-01-04
233,كمرجان,بازرگاني و توليدي مرجان كار,507,3167626,18915375776,5949,5900,6000,51,0.86,5971,22,0.37,5891,6073,1400-10-14,2022-01-04
234,حريل,ريل پردازسير,502,7871510,19455570480,2523,2550,2470,-53,-2.1,2472,-51,-2.02,2444,2568,1400-10-14,2022-01-04
235,دماوند,توليد نيروي برق دماوند,498,754941,14200297132,18948,19000,18690,-258,-1.36,18901,-47,-0.25,18550,19200,1400-10-14,2022-01-04
236,كترام,توليدي‌ كاشي‌ تكسرام‌,496,2365433,48573565430,20490,20200,21080,590,2.88,20530,40,0.2,20000,21280,1400-10-14,2022-01-04
237,ضخود2020,اختيارخ خودرو-3000-1401/02/07,494,25396,1879627000,84,100,75,-9,-10.71,74,-10,-11.9,69,100,1400-10-14,2022-01-04
238,وپسا,س. پتروشيمي ساختمان  خليج فارس,491,7850106,11735214037,1504,1540,1509,5,0.33,1495,-9,-0.6,1459,1540,1400-10-14,2022-01-04
239,وسپه,سرمايه‌گذاري‌ سپه‌,490,5908630,48963824000,8540,8400,8270,-270,-3.16,8290,-250,-2.93,8120,8490,1400-10-14,2022-01-04
240,ولملت,واسپاري ملت,489,4994979,14969876485,3042,3000,3100,58,1.91,2997,-45,-1.48,2890,3132,1400-10-14,2022-01-04
241,ضخود2016,اختيارخ خودرو-1600-1401/02/07,488,29008,14155997000,527,500,482,-45,-8.54,488,-39,-7.4,475,500,1400-10-14,2022-01-04
242,غاذر,كشت‌وصنعت‌پياذر,484,857866,29666458180,35970,36300,34300,-1670,-4.64,34580,-1390,-3.86,34180,36300,1400-10-14,2022-01-04
243,فزرين,زرين معدن آسيا,479,1934004,21067981643,11068,11300,11000,-68,-0.61,10893,-175,-1.58,10710,11300,1400-10-14,2022-01-04
244,اطلس,صندوق س.توسعه اندوخته آينده-س,475,136458,32785894120,242978,241210,240045,-2933,-1.21,240264,-2714,-1.12,240000,242999,1400-10-14,2022-01-04
245,فجام,جام‌دارو,473,3705085,15575868685,4287,4290,4322,35,0.82,4204,-83,-1.94,4100,4348,1400-10-14,2022-01-04
246,هماي,صندوق س هماي آگاه-ثابت,469,6119786,61713157826,10078,10079,10085,7,0.07,10084,6,0.06,10079,10085,1400-10-14,2022-01-04
247,ساوه,سيمان ساوه,465,245937,11500601791,47051,45801,47000,-51,-0.11,46826,-225,-0.48,45410,47051,1400-10-14,2022-01-04
248,فسپا,گروه‌صنعتي‌سپاهان‌,462,1058608,17678922150,16980,17200,16820,-160,-0.94,16700,-280,-1.65,16360,17200,1400-10-14,2022-01-04
249,تماوند,تامين سرمايه دماوند,462,5221618,31300648397,5908,6000,5930,22,0.37,5994,86,1.46,5838,6085,1400-10-14,2022-01-04
250,شپاكسا,پاكسان‌,461,981197,19850535760,20930,20300,20100,-830,-3.97,20230,-700,-3.34,19900,21300,1400-10-14,2022-01-04
251,لازما,كارخانه هاي صنعتي آزمايش,454,1447352,35858576861,24753,23516,25090,337,1.36,24775,22,0.09,23516,25756,1400-10-14,2022-01-04
252,سشرق,سيمان‌ شرق‌,453,5274157,37123649140,7110,7010,7130,20,0.28,7040,-70,-0.98,6760,7140,1400-10-14,2022-01-04
253,فسازانح,ح . غلتك سازان سپاهان,452,2566172,7085873924,2847,2723,2812,-35,-1.23,2761,-86,-3.02,2711,2847,1400-10-14,2022-01-04
254,بهپاك,صنعتي بهپاك,450,6360082,42051216450,6740,6794,6727,-13,-0.19,6612,-128,-1.9,6500,6794,1400-10-14,2022-01-04
255,خكار,ايركا پارت صنعت,450,4106336,12071412430,3045,3020,2928,-117,-3.84,2954,-91,-2.99,2893,3050,1400-10-14,2022-01-04
256,كپشير,پشم‌شيشه‌ايران‌,449,1421371,16154391180,11240,11680,11490,250,2.22,11370,130,1.16,11020,11680,1400-10-14,2022-01-04
257,لكما,كارخانجات‌مخابراتي‌ايران‌,442,14515267,13059134503,894,897,903,9,1.01,900,6,0.67,875,910,1400-10-14,2022-01-04
258,فسازان,غلتك سازان سپاهان,442,2919054,12976605936,4657,4445,4425,-232,-4.98,4461,-196,-4.21,4425,4569,1400-10-14,2022-01-04
259,تسه9912,امتياز تسهيلات مسكن اسفند99,441,6187,6118429510,1009234,958773,958773,-50461,-5,988917,-20317,-2.01,958773,1050000,1400-10-14,2022-01-04
260,ولقمان,سرمايه گذاري لقمان,434,2052191,5655815756,2677,2757,2757,80,2.99,2720,43,1.61,2677,2757,1400-10-14,2022-01-04
261,وبانك,سرمايه گذاري گروه توسعه ملي,434,3023737,24824097420,8380,8250,8200,-180,-2.15,8330,-50,-0.6,8150,8350,1400-10-14,2022-01-04
262,سپر,صندوق س سپر سرمايه بيدار- ثابت,433,16078081,217094144354,13493,13502,13503,10,0.07,13502,9,0.07,13494,13503,1400-10-14,2022-01-04
263,همراه,شركت ارتباطات سيار ايران,431,3795993,30050642660,8080,7930,7900,-180,-2.23,8040,-40,-0.5,7840,8020,1400-10-14,2022-01-04
264,تسه9910,امتياز تسهيلات مسكن دي99,430,6652,6555803394,1014944,964197,965000,-49944,-4.92,985539,-29405,-2.9,964197,1065000,1400-10-14,2022-01-04
265,ثعمرا,عمران و توسعه شاهد,430,3022313,20918443325,6913,6726,7068,155,2.24,6921,8,0.12,6584,7200,1400-10-14,2022-01-04
266,پكويرح,ح. كوير تاير,425,2258528,6902028113,3148,3054,3020,-128,-4.07,3056,-92,-2.92,3000,3250,1400-10-14,2022-01-04
267,سقاين,سيمان‌ قائن‌,423,398327,16731299250,43450,43900,41300,-2150,-4.95,42000,-1450,-3.34,41280,45000,1400-10-14,2022-01-04
268,رانفور,خدمات‌انفورماتيك‌,421,10061626,37122181687,3806,3800,3627,-179,-4.7,3725,-81,-2.13,3627,3830,1400-10-14,2022-01-04
269,غسالم,سالمين‌,420,3334942,8893047626,2701,2701,2660,-41,-1.52,2679,-22,-0.81,2600,2746,1400-10-14,2022-01-04
270,ثاباد,توريستي ورفاهي آبادگران ايران,419,631893,26030294780,42410,43400,40290,-2120,-5,41190,-1220,-2.88,40290,43400,1400-10-14,2022-01-04
271,قصفها,قنداصفهان‌,418,316695,25364176940,83910,84100,79720,-4190,-4.99,80090,-3820,-4.55,79720,84990,1400-10-14,2022-01-04
272,ورازي,بيمه رازي,416,14915553,19707591892,1359,1349,1319,-40,-2.94,1321,-38,-2.8,1319,1365,1400-10-14,2022-01-04
273,اميد,تامين سرمايه اميد,415,5789181,51065325810,8850,8900,8650,-200,-2.26,8820,-30,-0.34,8580,8900,1400-10-14,2022-01-04
274,توريل,توكاريل,414,2966940,24332800530,8582,8222,8153,-429,-5,8201,-381,-4.44,8153,8498,1400-10-14,2022-01-04
275,كگل,معدني و صنعتي گل گهر,412,3196823,71751800820,22450,22350,22460,10,0.04,22450,0,0,22080,22700,1400-10-14,2022-01-04
276,كبافق,معادن‌ بافق‌,411,703329,19452096100,28470,28000,27890,-580,-2.04,27660,-810,-2.85,27300,28820,1400-10-14,2022-01-04
277,رنيك,جنرال مكانيك,410,1463437,16838966279,11943,11801,11346,-597,-5,11506,-437,-3.66,11346,11940,1400-10-14,2022-01-04
278,غويتا,ويتانا,410,2144508,10820974342,5280,5266,5063,-217,-4.11,5099,-181,-3.43,5016,5266,1400-10-14,2022-01-04
279,پتاير,ايران‌ تاير,410,6991053,13321038923,1952,1934,1900,-52,-2.66,1909,-43,-2.2,1875,1948,1400-10-14,2022-01-04
280,افق ملت,صندوق س در سهام افق ملت,410,34492,4759778560,138890,138890,139240,350,0.25,138000,-890,-0.64,137000,139400,1400-10-14,2022-01-04
281,سبزوا,سيمان لار سبزوار,405,5718012,10520090894,1845,1767,1854,9,0.49,1841,-4,-0.22,1767,1857,1400-10-14,2022-01-04
282,شبهرن,نفت‌ بهران‌,405,968334,10721937320,11170,11010,11080,-90,-0.81,11150,-20,-0.18,10900,11230,1400-10-14,2022-01-04
283,وسگيلا,شركت س استان گيلان,404,21279425,9431494821,454,442,454,0,0,450,-4,-0.88,433,454,1400-10-14,2022-01-04
284,شاوان,پالايش نفت لاوان,402,200955,25483914194,129764,129000,128350,-1414,-1.09,128468,-1296,-1,125900,129000,1400-10-14,2022-01-04
285,غگرجي,بيسكويت‌  گرجي‌,402,8300362,16032588575,2027,1960,1926,-101,-4.98,1932,-95,-4.69,1926,1999,1400-10-14,2022-01-04
286,كلوند,كاشي‌ الوند,401,857754,19356469850,22230,21760,22430,200,0.9,22570,340,1.53,21760,23120,1400-10-14,2022-01-04
287,زماهان,مجتمع توليد گوشت مرغ ماهان,399,2834966,19820136373,7219,7010,6859,-360,-4.99,6991,-228,-3.16,6859,7200,1400-10-14,2022-01-04
288,وكار,بانك‌ كارآفرين‌,399,4854749,11247401009,2391,2388,2310,-81,-3.39,2368,-23,-0.96,2300,2389,1400-10-14,2022-01-04
289,سنيرح,ح . سيمان‌ سفيدني‌ريز,397,633338,12159225290,20280,19660,19070,-1210,-5.97,19200,-1080,-5.33,19000,20280,1400-10-14,2022-01-04
290,وآذر,سرمايه‌گذاري‌توسعه‌آذربايجان‌,396,471650,17306892830,37500,36620,36320,-1180,-3.15,36690,-810,-2.16,36200,37800,1400-10-14,2022-01-04
291,فاسمين,كالسيمين‌,395,1228350,20718920460,17080,17000,16950,-130,-0.76,16970,-110,-0.64,16620,17190,1400-10-14,2022-01-04
292,تسه9908,امتياز تسهيلات مسكن آبان99,394,8212,7950049451,999990,950000,950000,-49990,-5,968101,-31889,-3.19,949991,1014999,1400-10-14,2022-01-04
293,تسه0003,امتيازتسهيلات مسكن خرداد1400,390,4554,4542907103,1025475,980000,974202,-51273,-5,997564,-27911,-2.72,974202,1076747,1400-10-14,2022-01-04
294,زشريف,كشت وصنعت شريف آباد,388,4037995,13277091655,3451,3440,3300,-151,-4.38,3313,-138,-4,3279,3440,1400-10-14,2022-01-04
295,غپينو,پارس‌ مينو,382,5376617,11459840218,2135,2150,2140,5,0.23,2132,-3,-0.14,2072,2190,1400-10-14,2022-01-04
296,سغدير,توسعه سرمايه و صنعت غدير,380,1148505,16985995030,14841,14501,14600,-241,-1.62,14797,-44,-0.3,14300,14981,1400-10-14,2022-01-04
297,بموتو,موتوژن‌,379,353408,27387835300,76620,77300,77870,1250,1.63,77500,880,1.15,75000,77880,1400-10-14,2022-01-04
298,كفپارس,فرآورده‌هاي‌ نسوز پارس‌,378,4034030,11699672969,2977,2930,2908,-69,-2.32,2916,-61,-2.05,2865,2970,1400-10-14,2022-01-04
299,كرماشا,صنايع پتروشيمي كرمانشاه,376,606065,33352817220,56240,55380,54600,-1640,-2.92,55720,-520,-0.92,54600,56100,1400-10-14,2022-01-04
300,زنگان,صنعت روي زنگان,376,238174,13055533601,56758,56800,54500,-2258,-3.98,54989,-1769,-3.12,53921,56900,1400-10-14,2022-01-04
301,غبهنوش,بهنوش‌ ايران‌,375,309395,19081308540,64100,65450,60900,-3200,-4.99,61670,-2430,-3.79,60900,65450,1400-10-14,2022-01-04
302,تاصيكو,سرمايه گذاري صدرتامين,372,2616640,22418586850,8760,8640,8560,-200,-2.28,8720,-40,-0.46,8460,8720,1400-10-14,2022-01-04
303,سامان,بانك سامان,371,3815699,25682194277,6867,6740,6800,-67,-0.98,6754,-113,-1.65,6668,6946,1400-10-14,2022-01-04
304,آسيا,بيمه آسيا,370,8080053,13764631097,1708,1700,1717,9,0.53,1704,-4,-0.23,1693,1718,1400-10-14,2022-01-04
305,ريشمك,توليد و صادرات ريشمك,368,344562,10563448027,31759,31050,30181,-1578,-4.97,30962,-797,-2.51,30173,32095,1400-10-14,2022-01-04
306,چدن,توليدي چدن سازان,367,2668539,6179926837,2377,2400,2314,-63,-2.65,2351,-26,-1.09,2290,2400,1400-10-14,2022-01-04
307,صنوين,صندوق سرمايه‌گذاري صنوين-مختلط,367,62471,6982906120,114160,114190,112990,-1170,-1.02,111780,-2380,-2.08,102750,114700,1400-10-14,2022-01-04
308,تسه0002,امتيازتسهيلاتمسكن ارديبهشت1400,365,4327,4228943692,996602,980000,955000,-41602,-4.17,977338,-19264,-1.93,950122,1025000,1400-10-14,2022-01-04
309,خكرمان,گروه اقتصادي كرمان خودرو,363,5648780,18310380625,3219,3195,3250,31,0.96,3241,22,0.68,3195,3280,1400-10-14,2022-01-04
310,تسه9902,امتياز تسهيلات مسكن ارديبهشت99,362,4666,4524955972,992711,951100,950000,-42711,-4.3,969772,-22939,-2.31,944000,1012000,1400-10-14,2022-01-04
311,سخاش,سيمان‌خاش‌,360,219333,17924012720,83640,84890,79710,-3930,-4.7,81720,-1920,-2.3,79710,84890,1400-10-14,2022-01-04
312,غديس,پاكديس,359,1379254,15633560725,11659,11581,11350,-309,-2.65,11335,-324,-2.78,11110,11583,1400-10-14,2022-01-04
313,خفنر,فنرسازي‌خاور,359,1501511,10339603930,6970,6850,6930,-40,-0.57,6910,-60,-0.86,6680,7050,1400-10-14,2022-01-04
314,سصوفي,سيمان‌ صوفيان‌,354,344468,4878630960,14320,14220,14250,-70,-0.49,14270,-50,-0.35,13960,14500,1400-10-14,2022-01-04
315,دروز,داروسازي‌ روزدارو,351,1761725,46686981850,27680,26850,26300,-1380,-4.99,26500,-1180,-4.26,26300,27670,1400-10-14,2022-01-04
316,لسرما,سرما آفرين‌,350,660111,12607488800,19030,19710,18720,-310,-1.63,19090,60,0.32,18500,19710,1400-10-14,2022-01-04
317,غمهرا,توليدي‌مهرام‌,349,1169972,11160056430,9960,9890,9470,-490,-4.92,9610,-350,-3.51,9470,10090,1400-10-14,2022-01-04
318,فنوال,نورد آلومينيوم‌,348,1490355,33314382500,23100,23600,22060,-1040,-4.5,22350,-750,-3.25,21950,23600,1400-10-14,2022-01-04
319,فباهنر,مس‌ شهيدباهنر,348,598802,16355942710,27830,27350,27130,-700,-2.52,27540,-290,-1.04,27130,27830,1400-10-14,2022-01-04
320,بشهاب,لامپ‌  پارس‌ شهاب‌,344,101401,13657070900,135730,137000,135730,0,0,134780,-950,-0.7,132000,137000,1400-10-14,2022-01-04
321,وصندوق,سرمايه‌گذاري‌صندوق‌بازنشستگي‌,343,3156177,38576890100,12660,12510,12230,-430,-3.4,12510,-150,-1.18,12030,12510,1400-10-14,2022-01-04
322,عيار,صندوق سكه طلاي مفيد,340,643339,20597155622,32428,32499,31760,-668,-2.06,32016,-412,-1.27,31700,32499,1400-10-14,2022-01-04
323,كفراح,ح . فراورده‌ هاي‌ نسوزايران‌,337,2420287,11713629767,4730,4895,4876,146,3.09,4840,110,2.33,4603,5035,1400-10-14,2022-01-04
324,اتكاي,بيمه اتكايي ايرانيان,336,2257212,22868152088,10409,10640,10110,-299,-2.87,10131,-278,-2.67,10000,10640,1400-10-14,2022-01-04
325,پلاسك,پلاسكوكار,336,2488329,10903353671,4297,4152,4325,28,0.65,4359,62,1.44,4150,4495,1400-10-14,2022-01-04
326,چفيبر,فيبر ايران‌,333,2317652,15553794720,7010,7000,6660,-350,-4.99,6710,-300,-4.28,6660,7000,1400-10-14,2022-01-04
327,چافست,افست‌,333,1330935,10909321670,8000,7870,8320,320,4,8140,140,1.75,7870,8340,1400-10-14,2022-01-04
328,فولاي,صنايع فولاد آلياژي يزد,333,723850,10164820560,14375,14030,14012,-363,-2.53,14131,-244,-1.7,13990,14365,1400-10-14,2022-01-04
329,كساوه,صنايع‌ كاشي‌ و سراميك‌ سينا,329,627003,27289901730,42840,42910,43500,660,1.54,43520,680,1.59,42130,44350,1400-10-14,2022-01-04
330,كفرا,فراورده‌ هاي‌ نسوزايران‌,328,1074957,8146479590,7500,7780,7500,0,0,7540,40,0.53,7300,7780,1400-10-14,2022-01-04
331,بنيرو,نيروترانس‌,327,5113089,9360936038,1832,1815,1856,24,1.31,1831,-1,-0.05,1770,1856,1400-10-14,2022-01-04
332,شخارك,پتروشيمي‌ خارك‌,327,516844,25742284810,50570,49010,49150,-1420,-2.81,50370,-200,-0.4,49010,50420,1400-10-14,2022-01-04
333,شفارس,صنايع‌ شيميايي‌ فارس‌,327,6491435,6496899229,1010,1010,1001,-9,-0.89,1006,-4,-0.4,990,1018,1400-10-14,2022-01-04
334,فلامي,لاميران‌,324,716795,13425370630,19420,19400,18500,-920,-4.74,18790,-630,-3.24,18500,19400,1400-10-14,2022-01-04
335,بكامح,ح.كارخانجات توليدي شهيد قندي,322,8275960,4484503143,542,546,533,-9,-1.66,542,0,0,531,560,1400-10-14,2022-01-04
336,دتوزيع,توزيع دارو پخش,322,483108,12717051755,26727,26501,26001,-726,-2.72,26368,-359,-1.34,25650,27000,1400-10-14,2022-01-04
337,ختراك,ريخته‌گري‌ تراكتورسازي‌ ايران‌,320,3501533,16924163070,4840,4810,4890,50,1.03,4830,-10,-0.21,4690,4930,1400-10-14,2022-01-04
338,خمهر,مهركام‌پارس‌,318,6963148,11708637128,1707,1670,1676,-31,-1.82,1686,-21,-1.23,1651,1716,1400-10-14,2022-01-04
339,زكشت,كشاورزي مكانيزه اصفهان كشت,317,481889,9012978116,19381,19550,18412,-969,-5,19002,-379,-1.96,18412,19550,1400-10-14,2022-01-04
340,انار,صندوق س.انارنماد ارزش-درسهام,314,1037772,9848237137,9562,9565,9420,-142,-1.49,9490,-72,-0.75,9405,9565,1400-10-14,2022-01-04
341,شگل,گلتاش‌,314,1522561,9235130440,6160,6130,6050,-110,-1.79,6100,-60,-0.97,6000,6200,1400-10-14,2022-01-04
342,پلاست,كارخانجات توليدي پلاستيران,314,1197509,8628755724,7073,7267,7029,-44,-0.62,7186,113,1.6,6872,7285,1400-10-14,2022-01-04
343,تبرك,گروه كارخانجات صنعتي تبرك,314,1347705,10882910607,8158,8056,8030,-128,-1.57,8098,-60,-0.74,7930,8210,1400-10-14,2022-01-04
344,زبينا,كشاورزي و دامپروري بينالود,313,11051562,26187517606,2491,2370,2367,-124,-4.98,2370,-121,-4.86,2367,2470,1400-10-14,2022-01-04
345,شفا,سرمايه گذاري شفادارو,313,908182,11660974460,13070,12740,12730,-340,-2.6,12880,-190,-1.45,12630,13280,1400-10-14,2022-01-04
346,حپارسا,توسعه حمل و نقل ريلي پارسيان,310,865735,25184423548,30392,30000,30299,-93,-0.31,29090,-1302,-4.28,28873,30694,1400-10-14,2022-01-04
347,پرديسح,ح .  سرمايه گذاري پرديس,310,5202256,6485812799,1267,1255,1249,-18,-1.42,1247,-20,-1.58,1240,1270,1400-10-14,2022-01-04
348,ضجار1022,اختيارخ وتجارت-2000-1400/10/15,308,14744,15054000,5,2,1,-4,-80,1,-4,-80,1,2,1400-10-14,2022-01-04
349,ولملتح,ح . واسپاري ملت,307,3356281,4273224862,1337,1340,1311,-26,-1.94,1273,-64,-4.79,1224,1340,1400-10-14,2022-01-04
350,قتربت,قند تربت حيدريه,305,38536,2051292128,53231,52010,52800,-431,-0.81,53231,0,0,52010,54449,1400-10-14,2022-01-04
351,كفرآور,فرآورده هاي سيمان شرق,305,1032555,20125197024,19049,19620,19464,415,2.18,19491,442,2.32,19021,19620,1400-10-14,2022-01-04
352,فن آوا,گروه فن آوا,305,1120351,11715063913,10377,10068,10500,123,1.19,10457,80,0.77,10068,10600,1400-10-14,2022-01-04
353,وبشهر,توسعه‌ صنايع‌ بهشهر(هلدينگ,304,3317618,22708208400,7110,7160,6770,-340,-4.78,6960,-150,-2.11,6760,7160,1400-10-14,2022-01-04
354,اهرم,صندوق س سهامي كاريزما- اهرمي,303,3013175,30120645975,10004,10000,9971,-33,-0.33,9996,-8,-0.08,9970,10002,1400-10-14,2022-01-04
355,خراسان,پتروشيمي خراسان,303,300853,36188931510,122880,120100,120010,-2870,-2.34,121790,-1090,-0.89,118500,123000,1400-10-14,2022-01-04
356,خاذين,سايپاآذين‌,302,5124783,12708395078,2539,2500,2477,-62,-2.44,2486,-53,-2.09,2422,2528,1400-10-14,2022-01-04
357,شتوكاح,ح . توكا رنگ فولاد سپاهان,302,1632678,21525664200,12606,13000,13236,630,5,13184,578,4.59,12610,13236,1400-10-14,2022-01-04
358,ونيكي,سرمايه‌گذاري‌ ملي‌ايران‌,296,1601765,14692393370,9460,9110,9200,-260,-2.75,9390,-70,-0.74,9110,9380,1400-10-14,2022-01-04
359,ضخود2015,اختيارخ خودرو-1400-1401/02/07,293,14210,8791039000,659,679,610,-49,-7.44,619,-40,-6.07,606,680,1400-10-14,2022-01-04
360,كخاك,صنايع‌خاك‌چيني‌ايران‌,293,628399,8898609280,13870,14000,14130,260,1.87,14000,130,0.94,13870,14440,1400-10-14,2022-01-04
361,سصفها,سيمان‌اصفهان‌,293,425534,10493696110,25210,25050,24830,-380,-1.51,24810,-400,-1.59,24100,25300,1400-10-14,2022-01-04
362,ضخود2017,اختيارخ خودرو-1800-1401/02/07,292,14133,5466838000,418,420,380,-38,-9.09,387,-31,-7.42,370,420,1400-10-14,2022-01-04
363,وساشرقي,شركت س استان آذربايجان شرقي,292,23997815,10602692057,452,437,448,-4,-0.88,449,-3,-0.66,431,449,1400-10-14,2022-01-04
364,تسه0001,امتيازتسهيلات مسكن فروردين1400,291,2967,2937743321,1004607,960199,967501,-37106,-3.69,990139,-14468,-1.44,954378,1020000,1400-10-14,2022-01-04
365,خمحور,توليدمحورخودرو,291,8645561,26969092449,2974,3109,3122,148,4.98,3119,145,4.88,3022,3122,1400-10-14,2022-01-04
366,ولشرق,ليزينگ ايران و شرق,289,2697589,6406486544,2346,2410,2396,50,2.13,2358,12,0.51,2342,2426,1400-10-14,2022-01-04
367,وبوعلي,سرمايه‌گذاري‌بوعلي‌,288,2458116,8909085176,3734,3700,3645,-89,-2.38,3666,-68,-1.82,3600,3700,1400-10-14,2022-01-04
368,ثالوند,سرمايه گذاري مسكن الوند,287,783135,4833548355,6410,6270,6220,-190,-2.96,6334,-76,-1.19,6090,6300,1400-10-14,2022-01-04
369,بكام,كارخانجات توليدي شهيد قندي,286,3646871,5620493881,1550,1570,1530,-20,-1.29,1547,-3,-0.19,1520,1580,1400-10-14,2022-01-04
370,كامياب,صندوق س. كامياب آشنا-د,285,4715182,52780963079,11187,11194,11194,7,0.06,11194,7,0.06,11193,11194,1400-10-14,2022-01-04
371,خرينگ,رينگ‌سازي‌مشهد,285,551597,13687158460,25510,24700,24700,-810,-3.18,24830,-680,-2.67,24400,25680,1400-10-14,2022-01-04
372,تسه9911,امتياز تسهيلات مسكن بهمن99,284,3179,3101353742,998693,967264,948859,-49834,-4.99,975575,-23118,-2.31,948859,1030000,1400-10-14,2022-01-04
373,دانا,بيمه دانا,283,6500698,29574265414,4540,4542,4570,30,0.66,4549,9,0.2,4540,4589,1400-10-14,2022-01-04
374,دارو,كارخانجات‌داروپخش‌,283,1053745,31754575550,29440,30390,30100,660,2.24,30130,690,2.34,29690,30790,1400-10-14,2022-01-04
375,غپاك,لبنيات‌ پاك‌,280,887738,11047686600,12570,12260,12430,-140,-1.11,12480,-90,-0.72,12190,12720,1400-10-14,2022-01-04
376,زدشت,كشت و صنعت دشت خرم دره,279,1399847,18713491265,14040,13770,13338,-702,-5,13368,-672,-4.79,13338,14100,1400-10-14,2022-01-04
377,وايران,ليزينگ ايرانيان,279,3385478,9267971296,2839,2730,2770,-69,-2.43,2772,-67,-2.36,2700,2860,1400-10-14,2022-01-04
378,تكشا,گسترش‌صنايع‌وخدمات‌كشاورزي‌,279,1012319,37958474130,39400,38000,38000,-1400,-3.55,37500,-1900,-4.82,37430,38900,1400-10-14,2022-01-04
379,پرداخت,به پرداخت ملت,277,1213258,15509740050,12600,12620,13170,570,4.52,12780,180,1.43,12600,13170,1400-10-14,2022-01-04
380,ثپرديس,سرمايه گذاري مسكن پرديس,276,2587927,10163631511,4102,4010,3897,-205,-5,3987,-115,-2.8,3897,4100,1400-10-14,2022-01-04
381,دزهراوي,داروسازي‌زهراوي‌,270,1083894,4541564720,4293,4156,4175,-118,-2.75,4260,-33,-0.77,4140,4289,1400-10-14,2022-01-04
382,سباقر,سيمان باقران,270,1339332,16938355253,12834,12851,12889,55,0.43,12647,-187,-1.46,12449,13200,1400-10-14,2022-01-04
383,وپترو,سرمايه‌گذاري صنايع پتروشيمي‌,269,1084717,12041903330,11140,11070,11230,90,0.81,11110,-30,-0.27,10810,11300,1400-10-14,2022-01-04
384,دتوليد,داروسازي توليد دارو,267,1014278,7907401406,7939,7900,7581,-358,-4.51,7861,-78,-0.98,7581,7990,1400-10-14,2022-01-04
385,پلاستح,ح.كارخانجات توليدي پلاستيران,267,3154894,10447899665,3225,3321,3281,56,1.74,3312,87,2.7,3211,3321,1400-10-14,2022-01-04
386,فروس,فروسيليس‌ ايران‌,266,3186635,19472224750,6250,6250,6180,-70,-1.12,6110,-140,-2.24,6000,6280,1400-10-14,2022-01-04
387,تسه9907,امتياز تسهيلات مسكن مهر99,265,3626,3598071793,1008411,958000,957991,-50420,-5,992298,-16113,-1.6,957991,1058830,1400-10-14,2022-01-04
388,ثمسكن,سرمايه‌گذاري‌ مسكن‌,261,5760886,20509277303,3660,3600,3487,-173,-4.73,3560,-100,-2.73,3477,3670,1400-10-14,2022-01-04
389,كسرا,سراميك‌هاي‌صنعتي‌اردكان‌,260,1875611,25867008700,14450,14300,13730,-720,-4.98,13790,-660,-4.57,13730,14300,1400-10-14,2022-01-04
390,شپلي,پلي اكريل ايران,259,4522186,27471473950,5899,6075,6075,176,2.98,6075,176,2.98,6069,6075,1400-10-14,2022-01-04
391,وساخت,سرمايه‌ گذاري‌ ساختمان‌ايران‌,257,198332,6773475990,34400,35300,33930,-470,-1.37,34290,-110,-0.32,33720,35300,1400-10-14,2022-01-04
392,تكنو,تكنوتار,257,1038354,6682081580,6680,6410,6520,-160,-2.4,6570,-110,-1.65,6350,6600,1400-10-14,2022-01-04
393,وسكاب,س.ص.بازنشستگي كاركنان بانكها,257,2418316,7134210090,2994,2961,2949,-45,-1.5,2973,-21,-0.7,2925,2992,1400-10-14,2022-01-04
394,شجم,صنايع پتروشيمي تخت جمشيد,257,636884,7512699087,11917,11699,11840,-77,-0.65,11887,-30,-0.25,11600,12000,1400-10-14,2022-01-04
395,غمينو,شركت صنايع غذايي مينو شرق,254,2470276,10025569932,4172,4020,4061,-111,-2.66,4092,-80,-1.92,4000,4238,1400-10-14,2022-01-04
396,لابسا,آبسال‌,254,448132,14714007500,32670,32670,33000,330,1.01,32830,160,0.49,31980,33410,1400-10-14,2022-01-04
397,گوهر,صندوق سكه طلاي كيان,253,344340,21689268007,63310,63100,62200,-1110,-1.75,62988,-322,-0.51,62200,63700,1400-10-14,2022-01-04
398,تسه9904,امتياز تسهيلات مسكن تير99,252,2558,2499321899,1007152,956795,963550,-43602,-4.33,977061,-30091,-2.99,956795,1019989,1400-10-14,2022-01-04
399,كهمدا,شيشه‌ همدان‌,252,807088,7689221590,9460,9700,9490,30,0.32,9490,30,0.32,9350,9700,1400-10-14,2022-01-04
400,غشهداب,كشت و صنعت شهداب ناب خراسان,250,4190429,11031478670,2674,2689,2601,-73,-2.73,2642,-32,-1.2,2565,2689,1400-10-14,2022-01-04
401,درهآور,دارويي ره آورد تامين,250,1092463,22713057240,21790,22000,20701,-1089,-5,20791,-999,-4.58,20701,22000,1400-10-14,2022-01-04
402,رمپنا,گروه مپنا (سهامي عام),247,1948912,31383728930,16290,16120,16100,-190,-1.17,16240,-50,-0.31,15790,16230,1400-10-14,2022-01-04
403,تنوين,تامين سرمايه نوين,246,6309782,38746049000,6080,6170,6080,0,0,6140,60,0.99,6010,6200,1400-10-14,2022-01-04
404,كاردان,صندوق س تجارت شاخصي كاردان,244,48361,8793296960,185530,184000,181310,-4220,-2.27,181830,-3700,-1.99,181100,184010,1400-10-14,2022-01-04
405,ثامان,سامان‌ گستراصفهان‌,243,921789,8293822780,8880,8870,8950,70,0.79,8950,70,0.79,8670,9160,1400-10-14,2022-01-04
406,كنور,توسعه معدني و صنعتي صبانور,242,821468,15169390780,19040,18660,18510,-530,-2.78,18950,-90,-0.47,18300,18660,1400-10-14,2022-01-04
407,مبين,مبين انرژي خليج فارس,241,1077815,26916790250,25220,25680,24800,-420,-1.67,25160,-60,-0.24,24530,25680,1400-10-14,2022-01-04
408,نطرين,عطرين نخ قم,241,980982,7042149812,7509,7292,7134,-375,-4.99,7345,-164,-2.18,7134,7363,1400-10-14,2022-01-04
409,تسه9909,امتياز تسهيلات مسكن آذر99,235,2330,2277682497,998316,948401,957500,-40816,-4.09,977546,-20770,-2.08,948401,1011000,1400-10-14,2022-01-04
410,آريان,سرمايه گذاري پارس آريان,235,2267279,30084433396,13660,13399,13348,-312,-2.28,13535,-125,-0.92,13251,13400,1400-10-14,2022-01-04
411,قنيشا,قند  نيشابور,234,602289,27441715320,45890,45000,43600,-2290,-4.99,45560,-330,-0.72,43600,46400,1400-10-14,2022-01-04
412,وآفري,بيمه كارآفرين,233,7455283,30490536252,4019,4055,4100,81,2.02,4090,71,1.77,3912,4139,1400-10-14,2022-01-04
413,كخاكح,ح . صنايع‌خاك‌چيني‌ايران‌,232,1080933,10485806310,9470,9410,9670,200,2.11,9700,230,2.43,9410,9970,1400-10-14,2022-01-04
414,وتوكا,سرمايه‌گذاري‌توكافولاد(هلدينگ,231,1986319,14638094700,7650,7360,7350,-300,-3.92,7370,-280,-3.66,7340,7690,1400-10-14,2022-01-04
415,دلر,داروسازي‌ اكسير,231,431980,17934947620,42180,40510,41320,-860,-2.04,41540,-640,-1.52,40510,42340,1400-10-14,2022-01-04
416,شصفها,پتروشيمي‌ اصفهان‌,230,267867,31892398728,117226,117302,119050,1824,1.56,119061,1835,1.57,117302,119570,1400-10-14,2022-01-04
417,اعتلاح,ح سرمايه گذاري اعتلاء البرز,229,2381441,3299109543,1420,1390,1400,-20,-1.41,1385,-35,-2.46,1358,1439,1400-10-14,2022-01-04
418,قنقش,قند نقش جهان,228,505535,64425380400,124942,127440,127440,2498,2,127440,2498,2,127440,127440,1400-10-14,2022-01-04
419,فمراد,آلومراد,226,567919,7185027460,13160,12710,12670,-490,-3.72,12910,-250,-1.9,12520,13250,1400-10-14,2022-01-04
420,وملل,اعتباري ملل,226,656986,5977141226,9153,9288,9148,-5,-0.05,9144,-9,-0.1,9008,9288,1400-10-14,2022-01-04
421,ارفع,شركت آهن و فولاد ارفع,226,815324,11683875798,14560,14250,14360,-200,-1.37,14521,-39,-0.27,14000,14500,1400-10-14,2022-01-04
422,خاور,ايران خودرو ديزل,224,9584399,12191355528,1311,1272,1272,-39,-2.97,1285,-26,-1.98,1272,1272,1400-10-14,2022-01-04
423,شنفت,نفت‌ پارس‌,224,445426,4369201470,10170,9840,9930,-240,-2.36,10150,-20,-0.2,9680,10000,1400-10-14,2022-01-04
424,بايكا,كارخانجات كابلسازي ‌ايران‌,222,310869,4854801518,15723,15951,15599,-124,-0.79,15670,-53,-0.34,15252,15951,1400-10-14,2022-01-04
425,خوساز,محورسازان‌ايران‌خودرو,222,1259042,9248070290,7430,7270,7350,-80,-1.08,7380,-50,-0.67,7240,7480,1400-10-14,2022-01-04
426,ولشرقح,ح . ليزينگ ايران و شرق,221,4101711,3115247800,784,756,763,-21,-2.68,759,-25,-3.19,750,770,1400-10-14,2022-01-04
427,آوا,صندوق س.سهام آواي معيار-س,220,546706,4129975228,7685,7640,7539,-146,-1.9,7554,-131,-1.7,7499,7640,1400-10-14,2022-01-04
428,ركيش,كارت اعتباري ايران كيش,218,1625971,9955330380,6100,6160,6090,-10,-0.16,6110,10,0.16,5940,6280,1400-10-14,2022-01-04
429,كاذر,فرآورده‌هاي‌نسوزآذر,217,565384,7194771460,12920,13110,12760,-160,-1.24,12820,-100,-0.77,12600,13110,1400-10-14,2022-01-04
430,كگهر,سنگ آهن گهرزمين,216,746270,35888584872,48062,48300,48063,1,0,48071,9,0.02,47880,48690,1400-10-14,2022-01-04
431,آساميد,صندوق س.مشترك آسمان اميد -د,215,4027618,55515115281,13776,13784,13783,7,0.05,13784,8,0.06,13783,13786,1400-10-14,2022-01-04
432,فوكا,فولاد كاويان,215,1618193,22576382208,14149,13901,13999,-150,-1.06,14015,-134,-0.95,13850,14150,1400-10-14,2022-01-04
433,فافزا,فولاد افزا سپاهان,215,235881,7364706920,30317,31226,31226,909,3,30960,643,2.12,30319,31226,1400-10-14,2022-01-04
434,حبندر,دريايي و کشتيراني خط دريابندر,214,472374,6728094612,14221,14647,14135,-86,-0.6,14236,15,0.11,13795,14647,1400-10-14,2022-01-04
435,غپونه,نوش پونه مشهد,214,446518,5303115036,11600,11600,11890,290,2.5,11738,138,1.19,11600,11948,1400-10-14,2022-01-04
436,كي بي سي,شركت كي بي سي,213,439933,7261415839,16514,17087,16520,6,0.04,16510,-4,-0.02,16100,17087,1400-10-14,2022-01-04
437,زمگسا,كشاورزي‌ ودامپروي‌ مگسال‌,212,410837,7450218110,18260,17660,18280,20,0.11,18200,-60,-0.33,17560,18440,1400-10-14,2022-01-04
438,زفكا,كشت و دامداري فكا,212,1361163,10699047711,8079,8000,7820,-259,-3.21,7921,-158,-1.96,7710,8000,1400-10-14,2022-01-04
439,زر,صندوق س.پشتوانه سكه طلاي زر,211,141723,7779839162,55292,55420,54238,-1054,-1.91,54895,-397,-0.72,54210,55420,1400-10-14,2022-01-04
440,سرچشمه,سرمايه گذاري مس سرچشمه,210,2159374,10862657555,5050,5060,5061,11,0.22,5035,-15,-0.3,4990,5061,1400-10-14,2022-01-04
441,كسرام,پارس‌ سرام‌,209,1471266,6389464421,4419,4320,4323,-96,-2.17,4385,-34,-0.77,4200,4488,1400-10-14,2022-01-04
442,مفاخر,توسعه فناوري اطلاعات خوارزمي,208,235601,6353525357,28012,26904,26830,-1182,-4.22,27573,-439,-1.57,26612,27487,1400-10-14,2022-01-04
443,سغرب,سيمان‌غرب‌,208,360442,5152953050,14570,14980,14590,20,0.14,14480,-90,-0.62,14010,15050,1400-10-14,2022-01-04
444,وثنو,سرمايه گذاري ساختماني نوين,208,1172445,4754482069,4075,4185,4140,65,1.6,4065,-10,-0.25,3953,4185,1400-10-14,2022-01-04
445,تشتاد,صنايع توليدي اشتاد ايران‌,207,1616612,7898247496,4971,5090,4822,-149,-3,4908,-63,-1.27,4822,5119,1400-10-14,2022-01-04
446,حپترو,حمل و نقل پتروشيمي( سهامي عام,207,429293,9569984520,23440,22530,22270,-1170,-4.99,22720,-720,-3.07,22270,22610,1400-10-14,2022-01-04
447,كپرور,فرآوري زغال سنگ پروده طبس,207,284612,7882712735,27822,27840,27351,-471,-1.69,27755,-67,-0.24,26850,28689,1400-10-14,2022-01-04
448,بزاگرس,نيروگاه زاگرس كوثر,206,1518526,4807621461,3280,3154,3200,-80,-2.44,3241,-39,-1.19,3116,3268,1400-10-14,2022-01-04
449,تيپيكو,سرمايه گذاري دارويي تامين,206,1062944,19437697000,18570,18560,18300,-270,-1.45,18500,-70,-0.38,18000,18560,1400-10-14,2022-01-04
450,شاملاح,ح . معدني‌ املاح‌  ايران‌,206,1195757,8982405800,7660,7660,7400,-260,-3.39,7510,-150,-1.96,7350,8000,1400-10-14,2022-01-04
451,وسبحان,سرمايه گذاري سبحان,205,4491425,10597700716,2386,2430,2355,-31,-1.3,2367,-19,-0.8,2342,2430,1400-10-14,2022-01-04
452,شاملا,معدني‌ املاح‌  ايران‌,204,1170051,14370316270,12850,12250,12210,-640,-4.98,12280,-570,-4.44,12210,12790,1400-10-14,2022-01-04
453,ومشان,س. فني و مهندسي مشانير,204,290759,11878842894,40435,40999,41648,1213,3,40855,420,1.04,39222,41648,1400-10-14,2022-01-04
454,آكورد,صندوق س. آرمان آتي كوثر-د,203,2715298,98028327616,36084,36102,36102,18,0.05,36102,18,0.05,36101,36106,1400-10-14,2022-01-04
455,شوينده,مديريت صنعت شوينده ت.ص.بهشهر,202,361742,7070450370,20010,19420,19350,-660,-3.3,19780,-230,-1.15,19160,20310,1400-10-14,2022-01-04
456,پارسيان,بيمه پارسيان,202,4197813,34839528420,8480,8620,8380,-100,-1.18,8300,-180,-2.12,8250,8620,1400-10-14,2022-01-04
457,دحاوي,الحاوي,202,2345696,10167539267,4219,4345,4345,126,2.99,4333,114,2.7,4250,4345,1400-10-14,2022-01-04
458,تپمپي,پمپ‌ سازي‌ ايران‌,202,653388,13273802660,20730,21150,20510,-220,-1.06,20360,-370,-1.78,20150,21150,1400-10-14,2022-01-04
459,ارزش,صندوق س ارزش آفرين بيدار-سهام,201,1158266,10676635460,9340,9300,9150,-190,-2.03,9220,-120,-1.28,9150,9300,1400-10-14,2022-01-04
460,نوين,بيمه نوين,201,1671241,6126683205,3663,3696,3698,35,0.96,3664,1,0.03,3630,3800,1400-10-14,2022-01-04
461,قاسم,قاسم ايران,201,1485617,5186074754,3571,3500,3472,-99,-2.77,3542,-29,-0.81,3451,3577,1400-10-14,2022-01-04
462,سبهان,سيمان‌ بهبهان‌,201,173161,7488343480,43480,43000,43200,-280,-0.64,43360,-120,-0.28,43000,43630,1400-10-14,2022-01-04
463,جم پيلن,پلي پروپيلن جم - جم پيلن,200,101040,12354137580,123460,122280,122550,-910,-0.74,123310,-150,-0.12,121350,122750,1400-10-14,2022-01-04
464,پاسا,ايران‌ياساتايرورابر,199,956304,13269610430,13970,14090,13880,-90,-0.64,13890,-80,-0.57,13620,14100,1400-10-14,2022-01-04
465,قمرو,قند مرودشت‌,198,687018,15512323950,23130,23660,22600,-530,-2.29,22580,-550,-2.38,22050,23660,1400-10-14,2022-01-04
466,ثباغ,شهر سازي و خانه سازي باغميشه,198,1426900,10734214461,7894,7560,7572,-322,-4.08,7612,-282,-3.57,7500,7650,1400-10-14,2022-01-04
467,گنگين,اقتصادي نگين گردشگري ايرانيان,196,1602857,47459203519,29616,29840,29595,-21,-0.07,29609,-7,-0.02,29250,29840,1400-10-14,2022-01-04
468,والبر,سرمايه‌ گذاري‌ البرز(هلدينگ‌,196,895794,6499436690,7400,7270,7200,-200,-2.7,7360,-40,-0.54,7190,7370,1400-10-14,2022-01-04
469,غشوكو,شوكو پارس,193,572991,4430917271,7775,7542,7799,24,0.31,7756,-19,-0.24,7542,7998,1400-10-14,2022-01-04
470,كاريس,صندوق س.سپهر كاريزما-س,192,1378943,18065689618,13280,13250,13084,-196,-1.48,13101,-179,-1.35,13011,13250,1400-10-14,2022-01-04
471,كاسپين,داروسازي كاسپين تامين,191,473252,10423640394,21956,22720,21571,-385,-1.75,22006,50,0.23,21571,22720,1400-10-14,2022-01-04
472,پخش,پخش البرز,190,463676,10839937727,23571,23120,23699,128,0.54,23430,-141,-0.6,22950,23817,1400-10-14,2022-01-04
473,غگلستا,شير پاستوريزه پگاه گلستان,190,427103,4018964017,9730,9420,9480,-250,-2.57,9636,-94,-0.97,9300,9839,1400-10-14,2022-01-04
474,خريخت,صنايع‌ريخته‌گري‌ايران‌,189,2828951,7122206342,2557,2580,2500,-57,-2.23,2538,-19,-0.74,2450,2583,1400-10-14,2022-01-04
475,ثرود,سرمايه‌گذاري مسكن زاينده رود,189,965132,5415636408,5744,5550,5570,-174,-3.03,5696,-48,-0.84,5525,5775,1400-10-14,2022-01-04
476,ثزاگرس,سرمايه گذاري توسعه عمران زاگرس,188,339615,10638711540,32276,31460,31308,-968,-3,31326,-950,-2.94,31308,31789,1400-10-14,2022-01-04
477,شكربن,كربن‌ ايران‌,188,44202,3927960970,90910,88010,90000,-910,-1,90360,-550,-0.6,88010,90140,1400-10-14,2022-01-04
478,كصدف,كاشي صدف سرام استقلال آباده,188,563780,11862976320,20079,20114,21082,1003,5,21042,963,4.8,20114,21082,1400-10-14,2022-01-04
479,وتوسم,سرمايه‌گذاري‌توسعه‌ملي‌,187,1601852,13836344870,8630,8850,8680,50,0.58,8640,10,0.12,8590,8850,1400-10-14,2022-01-04
480,وخاور,بانك خاورميانه,186,4157791,20518999769,4948,4994,4949,1,0.02,4943,-5,-0.1,4880,4994,1400-10-14,2022-01-04
481,فاهواز,نورد و لوله اهواز,185,7908141,42895181445,5534,5424,5424,-110,-1.99,5424,-110,-1.99,5424,5550,1400-10-14,2022-01-04
482,بميلا,توسعه بازرگاني آهن وفولادميلاد,184,1742333,14522409646,8290,8529,8307,17,0.21,8335,45,0.54,8300,8529,1400-10-14,2022-01-04
483,وجامي,سرمايه گذاري جامي,183,1114987,4413247945,4079,3961,3957,-122,-2.99,4022,-57,-1.4,3957,4000,1400-10-14,2022-01-04
484,غشان,شيرپاستوريزه‌پگاه‌خراسان‌,181,1430544,5745074592,3994,4000,3912,-82,-2.05,4002,8,0.2,3900,4147,1400-10-14,2022-01-04
485,غفارس,شير پاستوريزه پگاه فارس,180,825358,4200139402,5144,5022,5048,-96,-1.87,5128,-16,-0.31,5022,5150,1400-10-14,2022-01-04
486,كحافظ,كاشي‌ وسراميك‌ حافظ‌,179,939560,3722184023,4016,3896,3900,-116,-2.89,4002,-14,-0.35,3860,4069,1400-10-14,2022-01-04
487,ستران,سيمان‌ تهران‌,179,356481,7006283710,19980,19760,19650,-330,-1.65,19820,-160,-0.8,19550,19990,1400-10-14,2022-01-04
488,زيتون,صندوق س زيتون نماد پايا- مختلط,177,386962,3723652430,9773,9780,9550,-223,-2.28,9620,-153,-1.57,9500,9800,1400-10-14,2022-01-04
489,دتماد,توليدمواداوليه‌داروپخش‌,176,324531,13014412760,40130,40740,40070,-60,-0.15,40110,-20,-0.05,39840,40970,1400-10-14,2022-01-04
490,شدوص,دوده‌ صنعتي‌ پارس‌,176,1007703,12526842420,12410,12200,12360,-50,-0.4,12430,20,0.16,12200,12590,1400-10-14,2022-01-04
491,ولصنم,ليزينگ‌صنعت‌ومعدن‌,176,1215084,4245651088,3640,3647,3495,-145,-3.98,3595,-45,-1.24,3458,3647,1400-10-14,2022-01-04
492,مدير,ص.س.مديريت ثروت ص.بازنشستگي-س,174,1095206,10199587826,9435,9336,9243,-192,-2.03,9313,-122,-1.29,9226,9431,1400-10-14,2022-01-04
493,سمازن,سيمان‌مازندران‌,174,915434,12899814510,14480,14500,13980,-500,-3.45,14120,-360,-2.49,13840,14500,1400-10-14,2022-01-04
494,شفارا,پتروشيمي فارابي,173,523925,3121690538,6078,6237,6095,17,0.28,6038,-40,-0.66,5896,6237,1400-10-14,2022-01-04
495,زعف0110پ18,زعفران0110نگين بهرامن(پ),173,51441,20895355181,416379,400500,405900,-10479,-2.52,406200,-10179,-2.44,400002,411400,1400-10-14,2022-01-04
496,تصميم,صندوق س با درآمد ثابت تصميم,173,557357,10277225048,18426,18438,18440,14,0.08,18439,13,0.07,18437,18440,1400-10-14,2022-01-04
497,اراد95,مرابحه عام دولت95-ش.خ020514,172,33440000,31477072000000,1000000,941300,941300,-58700,-5.87,941300,-58700,-5.87,941300,941300,1400-10-14,2022-01-04
498,وليز,ليزينگ‌ايران‌,171,4036548,7417965414,1932,1889,1836,-96,-4.97,1881,-51,-2.64,1836,1889,1400-10-14,2022-01-04
499,تسه9812,امتياز تسهيلات مسكن اسفند98,171,2157,2120278225,1014362,968555,965000,-49362,-4.87,982976,-31386,-3.09,963644,1019990,1400-10-14,2022-01-04
500,چكاوه,صنايع‌كاغذسازي‌كاوه‌,171,794587,5891522690,7550,7470,7460,-90,-1.19,7500,-50,-0.66,7300,7820,1400-10-14,2022-01-04
501,كيميا,معدني كيمياي زنجان گستران,170,524989,6545027514,12626,12381,12500,-126,-1,12554,-72,-0.57,12265,12600,1400-10-14,2022-01-04
502,وبيمه,سرمايه‌ گذاري‌ صنعت‌ بيمه‌,170,2750933,4215670302,1576,1560,1548,-28,-1.78,1564,-12,-0.76,1498,1593,1400-10-14,2022-01-04
503,تسه9811,امتياز تسهيلات مسكن بهمن98,169,2277,2243431601,992705,943071,964000,-28705,-2.89,985258,-7447,-0.75,943071,1019991,1400-10-14,2022-01-04
504,تسه9901,امتياز تسهيلات مسكن فروردين99,169,1618,1610105791,1023411,972643,972242,-51169,-5,995121,-28290,-2.76,972241,1028999,1400-10-14,2022-01-04
505,شكام,صنايع شيميايي كيمياگران امروز,168,567770,16818075665,29615,29420,29567,-48,-0.16,29621,6,0.02,29210,30350,1400-10-14,2022-01-04
506,سپ,پرداخت الكترونيك سامان كيش,168,256207,8247387510,31420,32160,32500,1080,3.44,31520,100,0.32,31640,32700,1400-10-14,2022-01-04
507,فيروزه,صندوق شاخص30 شركت فيروزه- سهام,166,248972,42036267880,170150,170000,168000,-2150,-1.26,168840,-1310,-0.77,167500,173500,1400-10-14,2022-01-04
508,تسه9903,امتياز تسهيلات مسكن خرداد99,166,1814,1861523699,1043455,991283,1006000,-37455,-3.59,1026198,-17257,-1.65,991283,1095627,1400-10-14,2022-01-04
509,سخزر,سيمان‌ خزر,165,256857,4215878750,16980,16980,16640,-340,-2,16810,-170,-1,16180,16990,1400-10-14,2022-01-04
510,خشرق,الكتريك‌ خودرو شرق‌,165,555554,5985748800,11110,11160,10730,-380,-3.42,10960,-150,-1.35,10640,11170,1400-10-14,2022-01-04
511,واعتبار,سرمايه گذاري اعتبار ايران,164,1181466,3386421693,2986,2890,2860,-126,-4.22,2955,-31,-1.04,2837,2986,1400-10-14,2022-01-04
512,تكمبا,كمباين‌ سازي‌ ايران‌,164,1529830,5648273087,3741,3750,3635,-106,-2.83,3722,-19,-0.51,3611,3760,1400-10-14,2022-01-04
513,حسينا,توسعه خدمات دريايي وبندري سينا,163,145039,6421423199,44944,45558,45290,346,0.77,44654,-290,-0.65,43130,45558,1400-10-14,2022-01-04
514,فسا,پتروشيمي فسا,162,2976234,2665471642,921,894,894,-27,-2.93,914,-7,-0.76,894,908,1400-10-14,2022-01-04
515,آبين,كشت و صنعت آبشيرين,162,2716364,4339385512,1645,1598,1596,-49,-2.98,1623,-22,-1.34,1596,1641,1400-10-14,2022-01-04
516,پرديس,سرمايه گذاري پرديس,162,1713189,5786341694,3431,3400,3399,-32,-0.93,3410,-21,-0.61,3333,3469,1400-10-14,2022-01-04
517,دامين,داروسازي‌ امين‌,162,1270354,3039341863,2476,2385,2384,-92,-3.72,2458,-18,-0.73,2363,2440,1400-10-14,2022-01-04
518,وسين,بيمه سينا,162,3320881,9701523262,3065,2912,2993,-72,-2.35,2921,-144,-4.7,2912,3000,1400-10-14,2022-01-04
519,تسه9906,امتياز تسهيلات مسكن شهريور99,161,1884,1874481664,1000902,950857,950875,-50027,-5,994948,-5954,-0.59,950857,1050946,1400-10-14,2022-01-04
520,وآوا,سرمايه گذاري آوا نوين,161,837163,2115218466,2606,2513,2543,-63,-2.42,2594,-12,-0.46,2501,2567,1400-10-14,2022-01-04
521,كگاز,شيشه‌ و گاز,160,248283,3832695790,15320,15070,15300,-20,-0.13,15350,30,0.2,15070,15630,1400-10-14,2022-01-04
522,غشاذر,پگاه‌آذربايجان‌غربي‌,160,1257989,6098765502,4978,5110,4772,-206,-4.14,4924,-54,-1.08,4741,5110,1400-10-14,2022-01-04
523,اخزا002,اسنادخزانه-م2بودجه00-031024,158,240779,122083855240,504070,506150,508910,4840,0.96,507040,2970,0.59,505030,508920,1400-10-14,2022-01-04
524,واميد,گروه مديريت سرمايه گذاري اميد,158,1501366,21581589900,14450,14900,14310,-140,-0.97,14440,-10,-0.07,14190,14900,1400-10-14,2022-01-04
525,فولاژ,فولاد آلياژي ايران,158,501452,8563331200,17390,17390,17190,-200,-1.15,17360,-30,-0.17,16680,17390,1400-10-14,2022-01-04
526,وحكمت,بيمه حكمت صبا,156,2358800,7831664777,3387,3301,3286,-101,-2.98,3336,-51,-1.51,3286,3440,1400-10-14,2022-01-04
527,سفار,سيمان‌فارس‌,155,55144,2913588040,54560,55700,52900,-1660,-3.04,54210,-350,-0.64,51840,55700,1400-10-14,2022-01-04
528,تسه9905,امتياز تسهيلات مسكن مرداد99,155,1536,1561991370,1039062,987109,987109,-51953,-5,1016921,-22141,-2.13,987109,1091015,1400-10-14,2022-01-04
529,فبيرا,بسته‌ بندي‌ ايران‌,155,1956389,3360404577,1698,1715,1735,37,2.18,1705,7,0.41,1670,1743,1400-10-14,2022-01-04
530,امين,تامين سرمايه امين,155,3222646,35996955820,11750,11170,11170,-580,-4.94,11330,-420,-3.57,11170,11170,1400-10-14,2022-01-04
531,جم,پتروشيمي جم,154,466476,23179725070,50870,49870,49630,-1240,-2.44,50590,-280,-0.55,49390,51140,1400-10-14,2022-01-04
532,سكرما,سيمان‌ كرمان‌,153,592539,8858068720,15040,15490,14820,-220,-1.46,14990,-50,-0.33,14690,15490,1400-10-14,2022-01-04
533,اپرداز,آتيه داده پرداز,153,208860,4381823962,21574,20830,20950,-624,-2.89,21394,-180,-0.83,20710,22250,1400-10-14,2022-01-04
534,وگستر,گسترش سرمايه گذاري ايرانيان,152,684815,3508459974,5279,5349,5114,-165,-3.13,5242,-37,-0.7,5050,5349,1400-10-14,2022-01-04
535,كسعدي,كاشي‌ سعدي‌,152,504898,3746407790,7650,7650,7480,-170,-2.22,7590,-60,-0.78,7350,7650,1400-10-14,2022-01-04
536,بمپنا,توليد برق عسلويه  مپنا,149,523189,3151559863,6160,6000,6000,-160,-2.6,6137,-23,-0.37,5918,6071,1400-10-14,2022-01-04
537,شپارس,بين‌ المللي‌ محصولات‌  پارس‌,149,553892,4107695880,7670,7500,7440,-230,-3,7600,-70,-0.91,7350,7640,1400-10-14,2022-01-04
538,بنو,بيمه تجارت نو,149,1872590,12037326721,6533,6500,6390,-143,-2.19,6451,-82,-1.26,6390,6500,1400-10-14,2022-01-04
539,سمايه,بانك سرمايه,148,2970665,14547346505,5154,4897,4897,-257,-4.99,4897,-257,-4.99,4897,4897,1400-10-14,2022-01-04
540,لخزر,پارس‌ خزر,148,32473,3795564390,115990,117400,116800,810,0.7,116200,210,0.18,113020,121500,1400-10-14,2022-01-04
541,زعف0110پ11,زعفران0110نگين سحرخيز(پ),148,57095,23569734354,416886,428999,405102,-11784,-2.83,412816,-4070,-0.98,405102,428999,1400-10-14,2022-01-04
542,شمواد,توليد مواداوليه الياف مصنوعي,146,336613,14234353931,41458,42287,42287,829,2,42287,829,2,42287,42287,1400-10-14,2022-01-04
543,نمرينو,ايران‌ مرينوس‌,146,100043,7795734890,79740,79900,79890,150,0.19,78780,-960,-1.2,75780,80000,1400-10-14,2022-01-04
544,پكوير,كوير تاير,145,586521,3205558020,5590,5500,5420,-170,-3.04,5560,-30,-0.54,5420,5680,1400-10-14,2022-01-04
545,بسويچ,پارس‌سويچ‌,145,343389,4843332770,14640,14020,14590,-50,-0.34,14470,-170,-1.16,13960,14590,1400-10-14,2022-01-04
546,ثبات,صندوق س. ثبات ويستا -د,144,5501247,58824361192,10687,10693,10693,6,0.06,10693,6,0.06,10692,10693,1400-10-14,2022-01-04
547,وآرين,شركت توسعه اقتصادي آرين,143,2983785,5259295564,1815,1800,1761,-54,-2.98,1787,-28,-1.54,1761,1800,1400-10-14,2022-01-04
548,ولراز,ليزينگ رازي,143,257836,4641703809,18338,18337,17788,-550,-3,18054,-284,-1.55,17788,18337,1400-10-14,2022-01-04
549,دعبيد,لابراتوارداروسازي‌  دكترعبيدي‌,143,175148,3240651480,18970,18740,18510,-460,-2.42,18920,-50,-0.26,18200,18740,1400-10-14,2022-01-04
550,سايرا,ايرانيت‌,142,349419,9129904039,25703,26217,25189,-514,-2,26129,426,1.66,25189,26217,1400-10-14,2022-01-04
551,فايرا,آلومينيوم‌ايران‌,140,244542,4007701970,16890,16510,16390,-500,-2.96,16860,-30,-0.18,16260,16670,1400-10-14,2022-01-04
552,كوثر,بيمه كوثر,140,911169,3451296335,3834,3844,3805,-29,-0.76,3828,-6,-0.16,3713,3845,1400-10-14,2022-01-04
553,زشگزا,شير و گوشت زاگرس شهركرد,140,935466,4596272757,5093,5099,4950,-143,-2.81,5037,-56,-1.1,4861,5099,1400-10-14,2022-01-04
554,غگلپا,شير پاستوريزه پگاه گلپايگان,138,136095,7978845666,59397,59000,57218,-2179,-3.67,58982,-415,-0.7,57010,60000,1400-10-14,2022-01-04
555,خاهن,آهنگري‌ تراكتورسازي‌ ايران‌,137,871274,3761542459,4414,4316,4361,-53,-1.2,4399,-15,-0.34,4300,4423,1400-10-14,2022-01-04
556,سرود,سيمان‌شاهرود,136,279035,5923152480,21550,21790,21640,90,0.42,21420,-130,-0.6,20600,21790,1400-10-14,2022-01-04
557,حشكوه,دليجان طلايي شكوه پارس,136,2491063,8362957782,3452,3469,3349,-103,-2.98,3370,-82,-2.38,3349,3484,1400-10-14,2022-01-04
558,غچين,كشت‌ و صنعت‌ چين‌ چين,136,543345,6127731150,11510,11300,11240,-270,-2.35,11410,-100,-0.87,11020,11500,1400-10-14,2022-01-04
559,قيستو,شركت قند بيستون,135,302509,6339027675,20471,21070,21000,529,2.58,20770,299,1.46,20680,21085,1400-10-14,2022-01-04
560,ومعلم,بيمه معلم,134,1964869,3723640585,1942,1881,1891,-51,-2.63,1930,-12,-0.62,1872,1921,1400-10-14,2022-01-04
561,دجابر,داروسازي‌ جابرابن‌حيان‌,133,199651,2081426580,10720,10720,10360,-360,-3.36,10670,-50,-0.47,10280,10720,1400-10-14,2022-01-04
562,حخزر,كشتيراني درياي خزر,131,317439,4241650209,13700,13900,13580,-120,-0.88,13599,-101,-0.74,13015,13900,1400-10-14,2022-01-04
563,شرانل,نفت ايرانول,129,93162,4338950806,47376,46550,46350,-1026,-2.17,47283,-93,-0.2,46100,47001,1400-10-14,2022-01-04
564,مداران,داده‌پردازي‌ايران‌,129,224528,3246007010,14970,14800,14740,-230,-1.54,14860,-110,-0.73,14230,14800,1400-10-14,2022-01-04
565,سهرمز,سيمان‌هرمزگان‌,128,489981,8139949250,16570,16670,16600,30,0.18,16590,20,0.12,16220,17000,1400-10-14,2022-01-04
566,غالبر,لبنيات‌ كالبر,128,272296,2915123690,10980,11090,10700,-280,-2.55,10920,-60,-0.55,10610,11090,1400-10-14,2022-01-04
567,شدوصح,ح . دوده‌ صنعتي‌ پارس‌,128,832487,6271969210,7580,7760,7550,-30,-0.4,7530,-50,-0.66,7350,7800,1400-10-14,2022-01-04
568,داوه,داروسازي آوه سينا,128,259430,2400483908,9176,8953,9201,25,0.27,9188,12,0.13,8953,9358,1400-10-14,2022-01-04
569,وملت,سرمايه گذاري ملت,128,2522355,5957776060,2316,2362,2362,46,1.99,2362,46,1.99,2357,2362,1400-10-14,2022-01-04
570,سشمال,سيمان‌ شمال‌,126,2200523,16648907120,7510,7350,7690,180,2.4,7570,60,0.8,7340,7780,1400-10-14,2022-01-04
571,وشهر,بانك شهر,126,1586222,6450972594,4093,4095,4040,-53,-1.29,4086,-7,-0.17,4000,4135,1400-10-14,2022-01-04
572,ميهن,بيمه ميهن,125,776828,1681970297,2241,2160,2175,-66,-2.95,2232,-9,-0.4,2141,2240,1400-10-14,2022-01-04
573,وارس,سرمايه گذاري ارس صبا,125,649078,7020821957,11148,11080,10814,-334,-3,10916,-232,-2.08,10814,11080,1400-10-14,2022-01-04
574,پاكشو,گروه صنعتي پاكشو,124,1120527,6672686400,6120,5950,5990,-130,-2.12,6110,-10,-0.16,5910,6060,1400-10-14,2022-01-04
575,وثخوز,سرمايه گذاري و توسعه خوزستان,124,362476,9653646389,25860,25410,26635,775,3,26633,773,2.99,25410,26635,1400-10-14,2022-01-04
576,اخزا001,اسنادخزانه-م1بودجه00-030821,123,291743,153492948840,523690,525510,526320,2630,0.5,526120,2430,0.46,524290,527910,1400-10-14,2022-01-04
577,دالبر,البرزدارو,123,261906,3085090910,11760,11590,11880,120,1.02,11760,0,0,11590,11920,1400-10-14,2022-01-04
578,ويسا,سرمايه گذاري ايساتيس پويا,123,1314033,9894727073,7760,7582,7531,-229,-2.95,7530,-230,-2.96,7528,7765,1400-10-14,2022-01-04
579,غشهد,شهد ايران ‌,121,533558,2380556616,4572,4351,4430,-142,-3.11,4554,-18,-0.39,4351,4555,1400-10-14,2022-01-04
580,دپارس,پارس‌ دارو,119,89712,2512312290,28400,28600,28400,0,0,28330,-70,-0.25,27340,28600,1400-10-14,2022-01-04
581,كتوكا,توليدي و خدمات صنايع نسوز توكا,119,933873,6837818106,6974,7322,7322,348,4.99,7120,146,2.09,7322,7322,1400-10-14,2022-01-04
582,كارين,صندوق س نگين سامان-ثابت,118,2580715,26015927009,10075,10080,10082,7,0.07,10081,6,0.06,10079,10082,1400-10-14,2022-01-04
583,سدور,سيمان‌ دورود,118,633889,3332372580,5360,5210,5330,-30,-0.56,5340,-20,-0.37,5190,5360,1400-10-14,2022-01-04
584,زعف0110پ20,زعفران0110نگين وحدت جام(پ),117,30907,12616606186,415177,418993,401500,-13677,-3.29,408212,-6965,-1.68,400600,418993,1400-10-14,2022-01-04
585,دكيمي,كيميدارو,117,203181,3559726870,18340,18040,17430,-910,-4.96,18140,-200,-1.09,17430,18040,1400-10-14,2022-01-04
586,كطبس,ذغال‌سنگ‌ نگين‌ ط‌بس‌,117,224587,10398445780,45920,46000,46690,770,1.68,46190,270,0.59,44490,46860,1400-10-14,2022-01-04
587,اعتلا,شركت سرمايه گذاري اعتلاء البرز,116,1120855,3814041380,3481,3393,3432,-49,-1.41,3460,-21,-0.6,3357,3500,1400-10-14,2022-01-04
588,سلار,شركت سيمان لارستان,116,213343,4824165584,23308,22609,22609,-699,-3,22951,-357,-1.53,22609,22999,1400-10-14,2022-01-04
589,سدشت,صنايع سيمان دشتستان,115,68461,1701138490,25970,24910,24790,-1180,-4.54,25840,-130,-0.5,24730,25500,1400-10-14,2022-01-04
590,دشيمي,شيمي‌ داروئي‌ داروپخش‌,114,419458,9038494770,22050,21500,21600,-450,-2.04,21740,-310,-1.41,21320,22000,1400-10-14,2022-01-04
591,ساينا,صنايع بهداشتي ساينا,114,33038,2586139038,81722,77637,78700,-3022,-3.7,81078,-644,-0.79,77637,80500,1400-10-14,2022-01-04
592,اوان,مبين وان كيش,113,373580,3681076638,10112,9687,9930,-182,-1.8,10046,-66,-0.65,9687,10121,1400-10-14,2022-01-04
593,خچرخش,چرخشگر,112,647514,4569223680,7240,7120,7040,-200,-2.76,7180,-60,-0.83,6960,7230,1400-10-14,2022-01-04
594,داسوه,داروسازي‌ اسوه‌,111,150869,4164869310,28220,28370,27400,-820,-2.91,28040,-180,-0.64,27320,28370,1400-10-14,2022-01-04
595,پسهند,صنايع‌ لاستيكي‌  سهند,110,207472,5976166960,29130,27800,28570,-560,-1.92,29000,-130,-0.45,27800,29570,1400-10-14,2022-01-04
596,سبجنو,سيمان‌ بجنورد,109,250846,9220133300,37160,36500,37500,340,0.91,36910,-250,-0.67,35500,37600,1400-10-14,2022-01-04
597,سيستم,همكاران سيستم,109,633768,3189236470,5090,5120,5020,-70,-1.38,5080,-10,-0.2,5010,5120,1400-10-14,2022-01-04
598,سكارون,سيمان كارون,108,96584,3522372785,37594,36467,36467,-1127,-3,37160,-434,-1.15,36467,36998,1400-10-14,2022-01-04
599,دفرا,فرآورده‌هاي‌ تزريقي‌ ايران‌,107,161327,2193608560,13760,13700,13920,160,1.16,13740,-20,-0.15,13120,13920,1400-10-14,2022-01-04
600,فردا,صندوق س آواي فرداي زاگرس-ثابت,107,2933310,35600434462,12129,12137,12136,7,0.06,12137,8,0.07,12136,12137,1400-10-14,2022-01-04
601,ساروم,سيمان‌اروميه‌,106,183310,7159787860,39490,39840,38670,-820,-2.08,39280,-210,-0.53,38600,39900,1400-10-14,2022-01-04
602,اخزا005,اسنادخزانه-م5بودجه00-030626,105,333339,181616971180,541550,543210,546100,4550,0.84,544840,3290,0.61,542540,546900,1400-10-14,2022-01-04
603,سپاها,سيمان‌سپاهان‌,105,438791,3144160950,7240,7180,7240,0,0,7220,-20,-0.28,7090,7260,1400-10-14,2022-01-04
604,بفجر,فجر انرژي خليج فارس,104,226567,2464291820,11150,10850,11000,-150,-1.35,11140,-10,-0.09,10740,11130,1400-10-14,2022-01-04
605,كمينا,شيشه سازي مينا,103,264242,2191809949,8477,8612,8242,-235,-2.77,8434,-43,-0.51,8223,8612,1400-10-14,2022-01-04
606,دقاضي,داروسازي شهيد قاضي,103,861652,22203578644,25106,25859,25859,753,3,25769,663,2.64,24353,25859,1400-10-14,2022-01-04
607,شراز,پالايش نفت شيراز,103,47016,5204378536,110819,112500,110470,-349,-0.31,110805,-14,-0.01,108200,112500,1400-10-14,2022-01-04
608,سخوز,سيمان خوزستان,102,133129,2944771360,22840,22690,22430,-410,-1.8,22690,-150,-0.66,22030,22690,1400-10-14,2022-01-04
609,ضسپا1112,اختيارخ خساپا-1600-1400/11/20,102,2861,423481000,184,170,155,-29,-15.76,148,-36,-19.57,140,170,1400-10-14,2022-01-04
610,وكادو,تكادو,102,681341,9928761835,14747,14330,14372,-375,-2.54,14572,-175,-1.19,14310,15037,1400-10-14,2022-01-04
611,ولبهمن,شركت بهمن ليزينگ,97,442493,2743431698,6281,6284,6171,-110,-1.75,6266,-15,-0.24,6160,6440,1400-10-14,2022-01-04
612,فاما,صنعتي‌ آما,96,160472,2936485950,18980,18100,18240,-740,-3.9,18840,-140,-0.74,18100,18750,1400-10-14,2022-01-04
613,ساربيل,سيمان آرتا اردبيل,96,153277,3292116590,21730,21700,21360,-370,-1.7,21670,-60,-0.28,21000,22100,1400-10-14,2022-01-04
614,لبوتان,گروه‌صنعتي‌بوتان‌,96,68904,2978537220,44460,43060,42640,-1820,-4.09,44190,-270,-0.61,42640,44150,1400-10-14,2022-01-04
615,سكه0012پ04,تمام سكه طرح جديد0012صادرات,96,43900,55471179600,1280236,1272000,1260000,-20236,-1.58,1263580,-16656,-1.3,1254013,1272001,1400-10-14,2022-01-04
616,قپيرا,فرآورده‌هاي‌غدايي‌وقندپيرانشهر,95,275652,2253483880,8510,8320,8200,-310,-3.64,8460,-50,-0.59,8090,8470,1400-10-14,2022-01-04
617,سفانو,سيمان فارس نو,94,267823,6916306630,25280,25390,25150,-130,-0.51,25530,250,0.99,24550,26200,1400-10-14,2022-01-04
618,زگلدشت,كشت و دام گلدشت نمونه اصفهان,93,149100,1313788205,9125,8890,8900,-225,-2.47,9096,-29,-0.32,8740,9000,1400-10-14,2022-01-04
619,سكرد,سيمان كردستان,93,348297,1616619237,4576,4750,4694,118,2.58,4583,7,0.15,4605,4750,1400-10-14,2022-01-04
620,زرين,صندوق س. سهام زرين كوروش-س,93,247926,3157830853,12905,12887,12700,-205,-1.59,12737,-168,-1.3,12621,12887,1400-10-14,2022-01-04
621,ماني,صندوق س. با درآمد ثابت ماني,93,1861169,20038536076,10762,10767,10767,5,0.05,10767,5,0.05,10766,10768,1400-10-14,2022-01-04
622,كساپا,سايپاشيشه‌,92,96122,1462920980,15350,15300,15160,-190,-1.24,15340,-10,-0.07,14930,15690,1400-10-14,2022-01-04
623,خديزل,بهمن  ديزل,92,91485,4828408080,53458,51516,53379,-79,-0.15,53303,-155,-0.29,51516,53995,1400-10-14,2022-01-04
624,ضپال2007,اختيارخ اپال-32000-1401/02/12,91,1640,280337000,191,171,168,-23,-12.04,171,-20,-10.47,161,190,1400-10-14,2022-01-04
625,وبرق,س.کارکنان صنعت برق زنجان وقزوي,91,120307,12791521468,109612,106324,106324,-3288,-3,106801,-2811,-2.56,106324,106324,1400-10-14,2022-01-04
626,گوهران,سرمايه گذاري توسعه گوهران اميد,90,349632,1920642770,5485,5500,5486,1,0.02,5486,1,0.02,5485,5510,1400-10-14,2022-01-04
627,ثغرب,شركت سرمايه گذاري مسكن شمالغرب,90,815908,3026732685,3895,3720,3701,-194,-4.98,3859,-36,-0.92,3701,3827,1400-10-14,2022-01-04
628,زقيام,كشت و دام قيام اصفهان,89,2183255,2925561700,1277,1340,1340,63,4.93,1288,11,0.86,1340,1340,1400-10-14,2022-01-04
629,دابور,داروسازي‌ ابوريحان‌,86,152772,3331181440,21890,22200,21510,-380,-1.74,21870,-20,-0.09,21400,22240,1400-10-14,2022-01-04
630,ضجار1020,اختيارخ وتجارت-1600-1400/10/15,86,3415,734643000,290,260,250,-40,-13.79,215,-75,-25.86,185,260,1400-10-14,2022-01-04
631,غپآذر,شير پگاه آذربايجان شرقي,86,177533,5195386415,29477,29892,29100,-377,-1.28,29396,-81,-0.27,28314,29892,1400-10-14,2022-01-04
632,وبازار,صندوق س شاخصي بازارآشنا,86,1581359,18296465700,11840,11700,11500,-340,-2.87,11570,-270,-2.28,11490,11710,1400-10-14,2022-01-04
633,وصندوقح,ح.سرمايه گذاري صندوق بازنشستگي,85,321294,3463384050,10930,10800,10750,-180,-1.65,10780,-150,-1.37,10740,10850,1400-10-14,2022-01-04
634,ضجار1021,اختيارخ وتجارت-1800-1400/10/15,84,2326,107080000,120,51,55,-65,-54.17,46,-74,-61.67,35,66,1400-10-14,2022-01-04
635,دكوثر,داروسازي‌ كوثر,83,809941,2154920541,2731,2655,2687,-44,-1.61,2721,-10,-0.37,2642,2710,1400-10-14,2022-01-04
636,حبندرح,ح.دريايي وكشتيراني خط دريابندر,83,621302,6481522472,10513,10212,10330,-183,-1.74,10432,-81,-0.77,10211,10600,1400-10-14,2022-01-04
637,دفارا,داروسازي‌ فارابي‌,82,92046,1167969960,12770,12710,12700,-70,-0.55,12760,-10,-0.08,12450,13000,1400-10-14,2022-01-04
638,برن0104پ01,برنج طارم0104تجارت مازندران(پ),82,5270,2987682480,578820,580000,562000,-16820,-2.91,566923,-11897,-2.06,554000,580000,1400-10-14,2022-01-04
639,ثاژن,سخت آژند,81,220641,852715797,3845,3845,3851,6,0.16,3848,3,0.08,3800,3914,1400-10-14,2022-01-04
640,رتكو,كنترل‌خوردگي‌تكين‌كو,80,363657,2623957700,7220,7380,7140,-80,-1.11,7220,0,0,7020,7380,1400-10-14,2022-01-04
641,اخزا917,اسنادخزانه-م17بودجه99-010226,79,189769,175773535740,924790,927000,927520,2730,0.3,926250,1460,0.16,925000,928000,1400-10-14,2022-01-04
642,سمتاز,سيمان ممتازان كرمان,79,225534,3227091047,14726,14576,14285,-441,-2.99,14585,-141,-0.96,14285,14576,1400-10-14,2022-01-04
643,وثوق,سرمايه گذاري وثوق امين,79,351390,3358257039,9407,9127,9667,260,2.76,9458,51,0.54,9126,9670,1400-10-14,2022-01-04
644,ساراب,سيمان‌ داراب‌,77,158520,2579702110,16520,15840,16500,-20,-0.12,16480,-40,-0.24,15840,16500,1400-10-14,2022-01-04
645,سپاس,صندوق س. پاداش سهامداري-ثابت,76,2617716,26591745014,10153,10158,10158,5,0.05,10158,5,0.05,10158,10162,1400-10-14,2022-01-04
646,زعف0110پ19,زعفران0110نگين تروند قاينات(پ),75,26134,10645400519,412245,414997,404990,-7255,-1.76,407339,-4906,-1.19,400000,414997,1400-10-14,2022-01-04
647,اخزا006,اسنادخزانه-م6بودجه00-030723,74,246456,132012967460,532180,536870,536000,3820,0.72,535650,3470,0.65,533510,537970,1400-10-14,2022-01-04
648,اتكام,بيمه اتكايي امين,73,751077,3639753449,4989,4900,4870,-119,-2.39,4954,-35,-0.7,4803,4987,1400-10-14,2022-01-04
649,واتي,سرمايه‌ گذاري‌ آتيه‌ دماوند,72,200993,1923499620,9870,9570,9470,-400,-4.05,9840,-30,-0.3,9420,9760,1400-10-14,2022-01-04
650,تايرا,تراكتورسازي‌ايران‌,72,122992,2486744150,20760,20790,20160,-600,-2.89,20710,-50,-0.24,20090,20790,1400-10-14,2022-01-04
651,ضسپا1114,اختيارخ خساپا-2000-1400/11/20,72,4374,173047000,51,40,40,-11,-21.57,40,-11,-21.57,35,49,1400-10-14,2022-01-04
652,زعف0110پ05,زعفران0110نگين زرين(پ),72,14442,5887423942,415309,419995,403200,-12109,-2.92,407660,-7649,-1.84,402000,419996,1400-10-14,2022-01-04
653,وتوشه,سرمايه‌ گذاري‌ پارس‌ توشه‌,72,323520,1728273290,5370,5400,5370,0,0,5370,0,0,5310,5470,1400-10-14,2022-01-04
654,خكاوه,سايپا ديزل,72,2961547,10975493182,3820,3706,3706,-114,-2.98,3706,-114,-2.98,3706,3706,1400-10-14,2022-01-04
655,شستان,پتروشيمي گلستان,70,1221441,4469101898,3588,3659,3659,71,1.98,3648,60,1.67,3595,3659,1400-10-14,2022-01-04
656,سيلام,سيمان‌ ايلام‌,70,254846,1587690580,6920,6230,6230,-690,-9.97,6840,-80,-1.16,6230,6230,1400-10-14,2022-01-04
657,خاتم,صندوق س خاتم ايساتيس پويا-ثابت,68,953862,12015299214,12590,12596,12597,7,0.06,12596,6,0.05,12596,12598,1400-10-14,2022-01-04
658,سيدكو,سرمايه گذاري توسعه صنايع سيمان,68,564636,3246546910,5900,5850,5820,-80,-1.36,5870,-30,-0.51,5660,5850,1400-10-14,2022-01-04
659,لوتوس,تامين سرمايه لوتوس پارسيان,67,1031870,5899098590,5720,5790,5720,0,0,5720,0,0,5600,5790,1400-10-14,2022-01-04
660,كقزوي,شيشه‌ قزوين‌,67,586799,4896004205,8433,8251,8399,-34,-0.4,8390,-43,-0.51,8251,8500,1400-10-14,2022-01-04
661,تكنار,مجتمع معادن مس تكنار,67,24377,1245819870,51761,50220,50306,-1455,-2.81,51680,-81,-0.16,50220,52290,1400-10-14,2022-01-04
662,اخزا007,اسنادخزانه-م7بودجه00-030912,67,173708,90130212370,517060,521990,518100,1040,0.2,518860,1800,0.35,518000,522000,1400-10-14,2022-01-04
663,سكه0111پ05,تمام سكه طرح جديد0111آينده,66,14300,18049048800,1283645,1276999,1250000,-33645,-2.62,1262171,-21474,-1.67,1250000,1276999,1400-10-14,2022-01-04
664,بفجرح,ح . فجر انرژي خليج فارس,64,754250,6585834500,8840,8730,8740,-100,-1.13,8730,-110,-1.24,8670,8900,1400-10-14,2022-01-04
665,زعف0110پ10,زعفران0110نگين طلاي سرخ(پ),64,16695,6881945941,409672,400002,409999,327,0.08,412216,2544,0.62,400002,417999,1400-10-14,2022-01-04
666,اخزا004,اسنادخزانه-م4بودجه00-030522,62,137449,76571881710,554320,555600,557950,3630,0.65,557090,2770,0.5,555600,559900,1400-10-14,2022-01-04
667,وايرا,سرمايه گذاري صنايع ايران,60,294303,1252616772,4362,4242,4310,-52,-1.19,4348,-14,-0.32,4234,4320,1400-10-14,2022-01-04
668,هجرت,پخش هجرت,60,73773,1937612974,26881,26113,26300,-581,-2.16,26799,-82,-0.31,26103,26800,1400-10-14,2022-01-04
669,وامين,س. امين توان آفرين ساز,60,88044,1068299370,12501,12130,12130,-371,-2.97,12493,-8,-0.06,12126,12497,1400-10-14,2022-01-04
670,معيار ,سرمايه گذاري معيار صنعت پارس,60,39833,1612105235,40377,40499,40740,363,0.9,40392,15,0.04,40001,40999,1400-10-14,2022-01-04
671,فخاس,فولاد خراسان,59,116530,2566386740,22590,21850,22240,-350,-1.55,22580,-10,-0.04,21850,22240,1400-10-14,2022-01-04
672,شساخت,مهندسي و ساختمان صنايع نفت,58,290846,12841741918,44204,44500,44204,0,0,44189,-15,-0.03,43500,44500,1400-10-14,2022-01-04
673,وبهمن,سرمايه‌گذاري‌بهمن‌,57,128537,1744401760,14060,14050,13520,-540,-3.84,14000,-60,-0.43,13520,14050,1400-10-14,2022-01-04
674,اخزا918,اسنادخزانه-م18بودجه99-010323,56,23535,21454516580,908470,909990,910220,1750,0.19,911600,3130,0.34,909990,925020,1400-10-14,2022-01-04
675,مارون,پتروشيمي مارون,56,30476,5223880346,173387,174199,171200,-2187,-1.26,173282,-105,-0.06,170000,174480,1400-10-14,2022-01-04
676,وزمين,بانك ايران زمين,54,265839,2202453846,8440,8283,8272,-168,-1.99,8414,-26,-0.31,8272,8400,1400-10-14,2022-01-04
677,آسام,صندوق س.آرمان سپهر آشنا-م,53,2010180,240448071950,119500,119500,119626,126,0.11,119615,115,0.1,119300,119644,1400-10-14,2022-01-04
678,كشرق,صنعتي و معدني شمال شرق شاهرود,53,12994,868981558,68434,67000,67900,-534,-0.78,68341,-93,-0.14,66520,67900,1400-10-14,2022-01-04
679,شكبير,پتروشيمي اميركبير,53,110701,10244058561,93833,92600,91803,-2030,-2.16,93698,-135,-0.14,91733,93383,1400-10-14,2022-01-04
680,كهربا,صندوق س.پشتوانه سكه طلا كهربا,52,283257,3071526441,11003,11000,10895,-108,-0.98,10844,-159,-1.45,10781,11000,1400-10-14,2022-01-04
681,ما,بيمه  ما,52,263242,1222833697,4688,4810,4551,-137,-2.92,4684,-4,-0.09,4530,4810,1400-10-14,2022-01-04
682,ولغدر,ليزينگ‌خودروغدير,51,421481,3258048130,8130,7730,7730,-400,-4.92,8040,-90,-1.11,7730,7730,1400-10-14,2022-01-04
683,سهگمت,سيمان‌هگمتان‌,50,129918,2665267710,20830,20020,20330,-500,-2.4,20770,-60,-0.29,20020,20790,1400-10-14,2022-01-04
684,ضملت1133,اختيارخ وبملت-3000-1400/11/13,50,1758,445018000,305,290,258,-47,-15.41,253,-52,-17.05,242,290,1400-10-14,2022-01-04
685,صايند,صندوق س. گنجينه آينده روشن-د,49,375470,3755882710,9998,10002,10006,8,0.08,10003,5,0.05,9999,10006,1400-10-14,2022-01-04
686,سجام,مجتمع سيمان غرب آسيا,48,728058,1492120724,2112,2049,2070,-42,-1.99,2102,-10,-0.47,2049,2089,1400-10-14,2022-01-04
687,پلوله,گازلوله‌,48,97621,2144440507,23123,21967,21967,-1156,-5,22854,-269,-1.16,21967,21967,1400-10-14,2022-01-04
688,زعف0110پ09,زعفران0110نگين نوين(پ),47,31347,13008966175,416136,410000,403000,-13136,-3.16,414999,-1137,-0.27,403000,432690,1400-10-14,2022-01-04
689,آساس,صندوق س.آسمان آرماني سهام-س,47,16575,2723734650,165648,164501,163999,-1649,-1,164328,-1320,-0.8,163950,164550,1400-10-14,2022-01-04
690,ارمغان,ص سرمايه گذاري ارمغان ايرانيان,46,337794,3429321060,10148,10149,10158,10,0.1,10152,4,0.04,10149,10158,1400-10-14,2022-01-04
691,شپاس,نفت پاسارگاد,46,37156,559249360,15509,15101,15300,-209,-1.35,15491,-18,-0.12,15003,15300,1400-10-14,2022-01-04
692,سجامح,ح.مجتمع سيمان غرب آسيا,46,293225,227878900,767,788,788,21,2.74,777,10,1.3,746,789,1400-10-14,2022-01-04
693,ثاصفا,شركت‌ ساختمان‌ اصفهان‌,46,232161,1821303045,7617,7845,7845,228,2.99,7683,66,0.87,7845,7845,1400-10-14,2022-01-04
694,وپخش,داروپخش‌ (هلدينگ‌,45,30819,1009829800,33610,32900,32700,-910,-2.71,33590,-20,-0.06,32630,33400,1400-10-14,2022-01-04
695,سكه0011پ02,تمام سكه طرح جديد0011ملت,45,14100,17865157400,1281770,1281770,1260000,-21770,-1.7,1267032,-14738,-1.15,1259999,1281770,1400-10-14,2022-01-04
696,دسبحا,گروه دارويي سبحان,45,80430,1469485960,19020,18110,18180,-840,-4.42,18970,-50,-0.26,18070,18500,1400-10-14,2022-01-04
697,دسينا,داروسازي‌ سينا,43,179704,3678767640,20840,20600,20210,-630,-3.02,20750,-90,-0.43,20010,20600,1400-10-14,2022-01-04
698,ضصاد1113,اختيارخ وبصادر-2000-1400/11/06,42,1695,82502000,58,40,63,5,8.62,49,-9,-15.52,35,63,1400-10-14,2022-01-04
699,بساما,بيمه سامان,41,28275,556075643,19865,19670,19830,-35,-0.18,19858,-7,-0.04,19330,20235,1400-10-14,2022-01-04
700,داريوش,صندوق س. ثروت داريوش -س,41,95680,918269932,9647,9640,9552,-95,-0.98,9597,-50,-0.52,9551,9640,1400-10-14,2022-01-04
701,سكه0112پ03,تمام سكه طرح جديد0112سامان,41,5200,6590977900,1282898,1289900,1260000,-22898,-1.78,1267496,-15402,-1.2,1255010,1289900,1400-10-14,2022-01-04
702,الماس,صندوق س.امين تدبيرگران فردا-س,40,25411,2491360060,99597,99979,98450,-1147,-1.15,98043,-1554,-1.56,98000,99979,1400-10-14,2022-01-04
703,اخزا901,اسنادخزانه-م1بودجه99-010621,39,32457,28069160760,862460,865440,863980,1520,0.18,864810,2350,0.27,863100,866500,1400-10-14,2022-01-04
704,اخزا812,اسنادخزانه-م12بودجه98-001111,39,4073,4013660760,983690,986000,985000,1310,0.13,985430,1740,0.18,984510,986000,1400-10-14,2022-01-04
705,ضجار1019,اختيارخ وتجارت-1400-1400/10/15,39,989,420981000,456,400,478,22,4.82,426,-30,-6.58,370,478,1400-10-14,2022-01-04
706,اخزا910,اسنادخزانه-م10بودجه99-020807,38,120827,81656080390,672670,672670,676110,3440,0.51,675810,3140,0.47,670220,680000,1400-10-14,2022-01-04
707,اخزا914,اسنادخزانه-م14بودجه99-021025,38,165429,106706461090,641120,645000,645010,3890,0.61,645030,3910,0.61,639020,645990,1400-10-14,2022-01-04
708,ضخود2021,اختيارخ خودرو-3500-1401/02/07,37,2200,89000000,52,45,42,-10,-19.23,40,-12,-23.08,38,45,1400-10-14,2022-01-04
709,بخاور,بيمه زندگي خاورميانه,37,201800,440669443,2216,2250,2205,-11,-0.5,2215,-1,-0.05,2140,2250,1400-10-14,2022-01-04
710,اخزا902,اسنادخزانه-م2بودجه99-011019,36,37236,30124237340,807510,805040,808210,700,0.09,809010,1500,0.19,805040,810000,1400-10-14,2022-01-04
711,سپيدما,صندوق س. سپيد دماوند-د,35,469912,5469114122,11633,11638,11639,6,0.05,11639,6,0.05,11638,11639,1400-10-14,2022-01-04
712,قشهد,شهد,35,204065,3173210750,14810,15550,15550,740,5,14950,140,0.95,15550,15550,1400-10-14,2022-01-04
713,اخزا911,اسنادخزانه-م11بودجه99-020906,34,112433,74748058680,662200,665500,664970,2770,0.42,664820,2620,0.4,663430,665900,1400-10-14,2022-01-04
714,داريك,صندوق س.اعتماد داريك-د,34,1199236,14533297241,12116,12121,12116,0,0,12119,3,0.02,12045,12122,1400-10-14,2022-01-04
715,اخزا003,اسنادخزانه-م3بودجه00-030418,33,35152,20003893340,566690,568610,568600,1910,0.34,569070,2380,0.42,567900,569990,1400-10-14,2022-01-04
716,اخزا813,اسنادخزانه-م13بودجه98-010219,33,5333,4970348640,931520,932000,932000,480,0.05,932000,480,0.05,931130,932000,1400-10-14,2022-01-04
717,ضملت1134,اختيارخ وبملت-3500-1400/11/13,32,963,61468000,81,74,61,-20,-24.69,64,-17,-20.99,61,79,1400-10-14,2022-01-04
718,آتيمس,صندوق س.آرمان آتيه درخشان مس-س,31,2582,464302242,181981,180990,179500,-2481,-1.36,179823,-2158,-1.19,179500,180990,1400-10-14,2022-01-04
719,اخزا908,اسنادخزانه-م8بودجه99-020606,31,134832,94599332260,699450,702000,701710,2260,0.32,701610,2160,0.31,701010,703500,1400-10-14,2022-01-04
720,اوصتا,صندوق انديشه ورزان صباتامين -د,30,467998,9873760037,21088,21098,21097,9,0.04,21098,10,0.05,21097,21098,1400-10-14,2022-01-04
721,عيار2,صندوق سكه طلاي مفيد,30,300000,300000,32428,1,1,-32427,-100,1,-32427,-100,1,1,1400-10-14,2022-01-04
722,فيروزا,صندوق بادرآمد ثابت فيروزه آسيا,29,140752,3678384580,26118,26131,26139,21,0.08,26134,16,0.06,26131,26140,1400-10-14,2022-01-04
723,هفارس104,اختيارف ت فارس-11832-01/04/12,28,432277,432277,1,1,1,0,0,1,0,0,1,1,1400-10-14,2022-01-04
724,سنفت004,سلف موازي استاندارد سنفت004,28,5500000,7027047500000,1272942,1277645,1277645,4703,0.37,1277645,4703,0.37,1277645,1277645,1400-10-14,2022-01-04
725,اخزا815,اسنادخزانه-م15بودجه98-010406,26,5634,5087615590,901570,902010,904240,2670,0.3,903020,1450,0.16,902000,905720,1400-10-14,2022-01-04
726,اگ010155,گام بانك اقتصاد نوين0101,25,208426,194639934000,933500,933700,934000,500,0.05,933856,356,0.04,933700,934001,1400-10-14,2022-01-04
727,گوهر2,صندوق سكه طلاي كيان,25,250000,250000,63310,1,1,-63309,-100,1,-63309,-100,1,1,1400-10-14,2022-01-04
728,اراد50,مرابحه عام دولت5-ش.خ0302,24,513200,513200008000,1000000,1000000,1000000,0,0,1000000,0,0,1000000,1000010,1400-10-14,2022-01-04
729,ضفلا1164,اختيارخ فولاد-12000-1400/11/24,24,489,132684000,290,290,260,-30,-10.34,271,-19,-6.55,250,290,1400-10-14,2022-01-04
730,گنجين,صندوق س. گنجينه يكم آويد-د,23,110649,1605789539,14505,14510,14512,7,0.05,14512,7,0.05,14510,14520,1400-10-14,2022-01-04
731,اخزا817,اسنادخزانه-م17بودجه98-010512,23,1372,1215041390,882650,885000,885990,3340,0.38,885600,2950,0.33,885000,886110,1400-10-14,2022-01-04
732,سخواف,سيمان مجد خواف,22,69464,450196184,6681,6481,6481,-200,-2.99,6481,-200,-2.99,6481,6481,1400-10-14,2022-01-04
733,ضفلا1163,اختيارخ فولاد-10000-1400/11/24,22,114,129953000,1240,1250,1100,-140,-11.29,1140,-100,-8.06,1100,1250,1400-10-14,2022-01-04
734,وتعاون,بيمه تعاون,21,518158,881386758,1675,1701,1701,26,1.55,1701,26,1.55,1701,1701,1400-10-14,2022-01-04
735,نتوس,پشم‌ بافي‌ توس,21,88355,976764525,11636,11055,11055,-581,-4.99,11576,-60,-0.52,11055,11055,1400-10-14,2022-01-04
736,ثنظام,س. ساختماني نظام مهندسي ايران,21,27815,497526905,18828,17887,17887,-941,-5,17887,-941,-5,17887,17887,1400-10-14,2022-01-04
737,اخزا903,اسنادخزانه-م3بودجه99-011110,21,13843,11048018930,794810,795120,797990,3180,0.4,798090,3280,0.41,795120,799800,1400-10-14,2022-01-04
738,سدبير,س. تدبيرگران فارس وخوزستان,21,6604,247022620,39373,37405,37405,-1968,-5,39337,-36,-0.09,37405,37405,1400-10-14,2022-01-04
739,حگردش,ريل گردش ايرانيان,20,109493,408189904,3924,3728,3728,-196,-4.99,3916,-8,-0.2,3728,3728,1400-10-14,2022-01-04
740,آسام2,صندوق س.آرمان سپهر آشنا-م,20,2000000,2000000,119500,1,1,-119499,-100,1,-119499,-100,1,1,1400-10-14,2022-01-04
741,ثجوان,تامين مسكن جوانان,19,98409,427587105,4573,4345,4345,-228,-4.99,4563,-10,-0.22,4345,4345,1400-10-14,2022-01-04
742,ضاريان1204,اختيارخ آريان-18000-14001211,19,53,13781000,196,235,241,45,22.96,260,64,32.65,235,300,1400-10-14,2022-01-04
743,اخزا009,اسناد خزانه-م9بودجه00-031101,19,1201,607402260,504120,503010,518490,14370,2.85,505750,1630,0.32,503010,518500,1400-10-14,2022-01-04
744,ضكاريس903,اختيارخ كاريس-16000-14010930,19,1023,1484710000,1682,1500,1400,-282,-16.77,1451,-231,-13.73,1400,1500,1400-10-14,2022-01-04
745,ضجار2013,اختيارخ وتجارت-2000-1401/02/21,18,460,145918000,232,256,330,98,42.24,317,85,36.64,253,400,1400-10-14,2022-01-04
746,ضصاد1112,اختيارخ وبصادر-1800-1400/11/06,18,985,104238000,135,119,119,-16,-11.85,106,-29,-21.48,91,119,1400-10-14,2022-01-04
747,دارا,صندوق س. دارا الگوريتم-د,18,302880,3036208301,10017,10025,10025,8,0.08,10024,7,0.07,10020,10025,1400-10-14,2022-01-04
748,جوين,كشت و صنعت جوين,18,497986,1218571742,2376,2447,2447,71,2.99,2384,8,0.34,2447,2447,1400-10-14,2022-01-04
749,وحافظ,بيمه حافظ,18,451217,3089031582,7057,6846,6846,-211,-2.99,6990,-67,-0.95,6846,6846,1400-10-14,2022-01-04
750,واحصا,احياء صنايع خراسان,17,46508,1779861160,39453,38270,38270,-1183,-3,38270,-1183,-3,38270,38270,1400-10-14,2022-01-04
751,زعف0110پ16,زعفران0110نگين بيرجند(پ),17,2958,1202733337,418299,395003,405999,-12300,-2.94,406604,-11695,-2.8,395003,409997,1400-10-14,2022-01-04
752,ثمين,صندوق س. ثروت افزون ثمين-س,17,121730,1234059898,10239,10100,10319,80,0.78,10138,-101,-0.99,10100,10319,1400-10-14,2022-01-04
753,ثتوسا,س.توسعه و عمران استان اردبيل,16,16186,212149902,13512,13107,13107,-405,-3,13498,-14,-0.1,13107,13107,1400-10-14,2022-01-04
754,خبازرس,بازرسي مهندسي و صنعتي ايران,16,21950,476117450,22832,21691,21691,-1141,-5,22775,-57,-0.25,21691,21691,1400-10-14,2022-01-04
755,اخزا008,اسنادخزانه-م8بودجه00-030919,16,9595,4968542370,515340,518980,520000,4660,0.9,517830,2490,0.48,516260,520980,1400-10-14,2022-01-04
756,ضسپا1111,اختيارخ خساپا-1400-1400/11/20,15,208,57684000,304,235,280,-24,-7.89,277,-27,-8.88,235,280,1400-10-14,2022-01-04
757,ويستا,صندوق س. ويستا -س,15,93878,959314600,10306,10390,10150,-156,-1.51,10219,-87,-0.84,10150,10390,1400-10-14,2022-01-04
758,اراد61,مرابحه عام دولت61-ش.خ0309,14,210000,210000000000,1000000,1000000,1000000,0,0,1000000,0,0,1000000,1000000,1400-10-14,2022-01-04
759,سي تيپ2ن17,گواهي سيمان تيپ2ماهان كرمان(ن),13,393000,1884042000,4794,4794,4794,0,0,4794,0,0,4794,4794,1400-10-14,2022-01-04
760,غناب,روغن‌ نباتي‌ ناب,13,1217,180078273,140923,147969,147969,7046,5,141044,121,0.09,147969,147969,1400-10-14,2022-01-04
761,ضصاد1114,اختيارخ وبصادر-2500-1400/11/06,13,449,4926000,6,10,11,5,83.33,11,5,83.33,9,12,1400-10-14,2022-01-04
762,طخود2018,اختيارف خودرو-2000-1401/02/07,13,432,107080000,208,208,254,46,22.12,248,40,19.23,208,255,1400-10-14,2022-01-04
763,غدشت,دشت‌ مرغاب‌,13,6299,127428770,21290,20230,20230,-1060,-4.98,21280,-10,-0.05,20230,20230,1400-10-14,2022-01-04
764,نخو0102پ01,نخود متوسط0102شيري(پ),13,272,97048512,339806,356796,356796,16990,5,356796,16990,5,356796,356796,1400-10-14,2022-01-04
765,ولتجار,واسپاري تجارت وسرمايه ايرانيان,13,261970,665665770,2619,2541,2541,-78,-2.98,2614,-5,-0.19,2541,2541,1400-10-14,2022-01-04
766,ماني2,صندوق س. با درآمد ثابت ماني,12,1200000,1200000,10762,1,1,-10761,-99.99,1,-10761,-99.99,1,1,1400-10-14,2022-01-04
767,نيرو,نيرو سرمايه,12,9020,265206040,30311,29402,29402,-909,-3,30286,-25,-0.08,29402,29402,1400-10-14,2022-01-04
768,ثنام,س ساختماني ب نام آوران مهندسي,12,14289,137617359,9928,9631,9631,-297,-2.99,9631,-297,-2.99,9631,9631,1400-10-14,2022-01-04
769,فراز,صندوق س.سهام فراز داريك-س,12,82177,1169789595,14234,14235,14235,1,0.01,14235,1,0.01,14235,14235,1400-10-14,2022-01-04
770,اخزا906,اسنادخزانه-م6بودجه99-020321,12,3368,2455714000,725960,728060,731990,6030,0.83,729130,3170,0.44,728040,732980,1400-10-14,2022-01-04
771,ضملت1135,اختيارخ وبملت-4000-1400/11/13,12,432,4470000,6,15,11,5,83.33,10,4,66.67,10,15,1400-10-14,2022-01-04
772,دمعيار,صندوق س. توازن معيار-د,11,72229,702439076,9702,9736,9724,22,0.23,9725,23,0.24,9723,9736,1400-10-14,2022-01-04
773,ساذري,آذريت‌,11,43278,350984580,8360,8110,8110,-250,-2.99,8110,-250,-2.99,8110,8110,1400-10-14,2022-01-04
774,سخند,صندوق س.سپهرخبرگان نفت-د,11,59000,599493000,10157,10160,10162,5,0.05,10161,4,0.04,10160,10163,1400-10-14,2022-01-04
775,ضكاريس900,اختيارخ كاريس-10000-14010930,11,1001,5205999000,5000,5200,5999,999,19.98,5201,201,4.02,5200,5999,1400-10-14,2022-01-04
776,پارتا,مجتمع‌صنعتي‌آرتاويل‌تاير,10,9984,202944768,20955,20327,20327,-628,-3,20327,-628,-3,20327,20327,1400-10-14,2022-01-04
777,هكشو208,اختيارف ت پاكشو10000-02/08/29,10,1000000,558000000,534,558,558,24,4.49,558,24,4.49,558,558,1400-10-14,2022-01-04
778,گكيش,توريستي ورفاهي آبادگران كيش,10,3135,69217665,22761,22079,22079,-682,-3,22079,-682,-3,22079,22079,1400-10-14,2022-01-04
779,فيروزه2,صندوق شاخص30 شركت فيروزه- سهام,10,100000,100000,170150,1,1,-170149,-100,1,-170149,-100,1,1,1400-10-14,2022-01-04
780,اخزا907,اسنادخزانه-م7بودجه99-020704,10,9017,6224847100,689940,690010,690050,110,0.02,690350,410,0.06,690010,700000,1400-10-14,2022-01-04
781,ضشنا1049,اختيارخ شپنا-6540-1400/10/19,10,129,3792945,17,12,15,-2,-11.76,16,-1,-5.88,10,25,1400-10-14,2022-01-04
782,كشم0101پ01,كشمش سبز0101خليل آباد(پ),10,225,142776399,650000,635001,634000,-16000,-2.46,634562,-15438,-2.38,634000,635001,1400-10-14,2022-01-04
783,طخود2016,اختيارف خودرو-1600-1401/02/07,10,468,26844000,54,60,58,4,7.41,57,3,5.56,55,60,1400-10-14,2022-01-04
784,سفاسي,شركت فارسيت اهواز,9,25445,84019390,3475,3302,3302,-173,-4.98,3473,-2,-0.06,3302,3302,1400-10-14,2022-01-04
785,افرا,افرانت,9,2745,62487180,23962,22764,22764,-1198,-5,23957,-5,-0.02,22764,22764,1400-10-14,2022-01-04
786,طخود2017,اختيارف خودرو-1800-1401/02/07,9,258,35516000,96,150,139,43,44.79,138,42,43.75,125,150,1400-10-14,2022-01-04
787,اخزا814,اسنادخزانه-م14بودجه98-010318,9,1407,1286725640,912690,916490,915000,2310,0.25,914520,1830,0.2,913030,916490,1400-10-14,2022-01-04
788,لخانه,لوازم‌ خانگي‌ پارس‌,8,23506,348053342,15586,14807,14807,-779,-5,15557,-29,-0.19,14807,14807,1400-10-14,2022-01-04
789,فكمند,گسترش قطعه سازي كمند,8,3149,106404710,34835,33790,33790,-1045,-3,34823,-12,-0.03,33790,33790,1400-10-14,2022-01-04
790,ساروج,بين المللي ساروج بوشهر,8,12079,197450656,16515,16400,16224,-291,-1.76,16513,-2,-0.01,16224,16600,1400-10-14,2022-01-04
791,اخزا904,اسنادخزانه-م4بودجه99-011215,8,10582,8244113950,777150,789000,788500,11350,1.46,779070,1920,0.25,778710,789000,1400-10-14,2022-01-04
792,اخزا905,اسنادخزانه-م5بودجه99-020218,8,7644,5735292750,750340,750340,750110,-230,-0.03,750300,-40,-0.01,750110,750340,1400-10-14,2022-01-04
793,كارا2,صندوق س. كارا -د,8,55900000,55900000,10493,1,1,-10492,-99.99,1,-10492,-99.99,1,1,1400-10-14,2022-01-04
794,فالوم,آلومتك‌,7,2221,46632116,21645,20996,20996,-649,-3,20996,-649,-3,20996,20996,1400-10-14,2022-01-04
795,ضشنا1047,اختيارخ شپنا-4905-1400/10/19,7,40,62063370,1145,1150,706,-439,-38.34,846,-299,-26.11,605,1150,1400-10-14,2022-01-04
796,ضبدر1163,اختيارخ شبندر-6000-1400/11/13,7,27,21180000,863,782,800,-63,-7.3,784,-79,-9.15,770,800,1400-10-14,2022-01-04
797,داريك2,صندوق س.اعتماد داريك-د,7,6500000,6500000,12116,1,1,-12115,-99.99,1,-12115,-99.99,1,1,1400-10-14,2022-01-04
798,ثروتم,صندوق س. ثروت آفرين پارسيان-س,7,7630,646233650,85536,85010,84585,-951,-1.11,84696,-840,-0.98,84585,85010,1400-10-14,2022-01-04
799,پادا,صندوق س.پاداش سرمايه پارس-س,6,516,54625000,105895,106000,106500,605,0.57,105862,-33,-0.03,105500,106500,1400-10-14,2022-01-04
800,طسپا1112,اختيارف خساپا-1600-1400/11/20,6,195,15125000,55,70,80,25,45.45,78,23,41.82,70,85,1400-10-14,2022-01-04
801,ضصاد1111,اختيارخ وبصادر-1600-1400/11/06,6,204,61119000,337,300,300,-37,-10.98,300,-37,-10.98,249,300,1400-10-14,2022-01-04
802,فردا2,صندوق س آواي فرداي زاگرس-ثابت,6,600000,600000,12129,1,1,-12128,-99.99,1,-12128,-99.99,1,1,1400-10-14,2022-01-04
803,ضسپا1109,اختيارخ خساپا-1000-1400/11/20,5,174,116231000,680,670,621,-59,-8.68,668,-12,-1.76,621,670,1400-10-14,2022-01-04
804,ضملي1159,اختيارخ فملي-5000-1400/11/03,5,12,49850000,1922,2100,2061,139,7.23,2077,155,8.06,2000,2101,1400-10-14,2022-01-04
805,اخزا909,اسنادخزانه-م9بودجه99-020316,5,8214,6053848500,732930,737000,739900,6970,0.95,737020,4090,0.56,737000,739900,1400-10-14,2022-01-04
806,زعف0110پ21,زعفران0110نگين ملل(پ),5,229,94443397,411149,400124,400012,-11137,-2.71,412417,1268,0.31,400012,413899,1400-10-14,2022-01-04
807,تملي711,تسهيلات مسكن ب. ملي-بهمن97,5,47,40881484,838789,796850,880728,41939,5,869819,31030,3.7,796850,880728,1400-10-14,2022-01-04
808,ضسپا1113,اختيارخ خساپا-1800-1400/11/20,5,151,7755000,101,45,70,-31,-30.69,51,-50,-49.5,45,70,1400-10-14,2022-01-04
809,ضترا1133,اختيارخ شتران-4411-1400/11/10,5,109,33347570,181,130,160,-21,-11.6,135,-46,-25.41,130,160,1400-10-14,2022-01-04
810,خعمرا,توسعه و عمران شهرستان نائين,5,6510,37419480,5475,5748,5748,273,4.99,5748,273,4.99,5748,5748,1400-10-14,2022-01-04
811,ضملت1131,اختيارخ وبملت-2000-1400/11/13,5,21,23667000,1162,1127,1127,-35,-3.01,1127,-35,-3.01,1127,1127,1400-10-14,2022-01-04
812,دفاراح,ح . داروسازي‌ فارابي‌,5,7102,77411800,11700,10900,10900,-800,-6.84,10900,-800,-6.84,10900,10900,1400-10-14,2022-01-04
813,سيناد,صندوق س.سپهرسودمند سينا-د,5,6304,63153982,10017,10019,10018,1,0.01,10018,1,0.01,10018,10019,1400-10-14,2022-01-04
814,سي تيپ2ن07,گواهي سيمان تيپ 2تهران(ن),5,82000,459282000,5335,5601,5601,266,4.99,5601,266,4.99,5601,5601,1400-10-14,2022-01-04
815,ضشنا1048,اختيارخ شپنا-5450-1400/10/19,5,60,54033410,655,567,472,-183,-27.94,491,-164,-25.04,472,568,1400-10-14,2022-01-04
816,خفولا,خدمات فني فولاد يزد,5,2937,66053130,23185,22490,22490,-695,-3,23180,-5,-0.02,22490,22490,1400-10-14,2022-01-04
817,طلا2,صندوق س.پشتوانه طلاي لوتوس,5,500000,500000,90393,1,1,-90392,-100,1,-90392,-100,1,1,1400-10-14,2022-01-04
818,ضذوب3001,اختيارخ ذوب-2500-1401/03/04,5,230,348000000,1,1500,1600,1599,159900,1513,1512,151200,1500,1600,1400-10-14,2022-01-04
819,اوج,صندوق س.اوج دماوند-س,5,4375,43769000,10055,10004,10007,-48,-0.48,10004,-51,-0.51,10004,10007,1400-10-14,2022-01-04
820,سي تيپ2ن24,گواهي سيمان تيپ2هگمتان(ن),4,69000,330786000,4794,4794,4794,0,0,4794,0,0,4794,4794,1400-10-14,2022-01-04
821,كباده,توليد خاك نسوزاستقلال آباده,4,1553,51969592,32490,33464,33464,974,3,32495,5,0.02,33464,33464,1400-10-14,2022-01-04
822,اخزا816,اسنادخزانه-م16بودجه98-010503,4,425,378267800,887100,889890,891990,4890,0.55,890040,2940,0.33,889890,891990,1400-10-14,2022-01-04
823,زير0103پ02,زيره سبز0103 دانش(پ),4,177,174631284,1060000,1079242,976458,-83542,-7.88,986617,-73383,-6.92,976458,1079242,1400-10-14,2022-01-04
824,وسرضوي,س.سهام عدالت استان خراسان رضوي,4,82375,56756375,725,689,689,-36,-4.97,725,0,0,689,689,1400-10-14,2022-01-04
825,اطلس2,صندوق س.توسعه اندوخته آينده-س,4,40000,40000,242978,1,1,-242977,-100,1,-242977,-100,1,1,1400-10-14,2022-01-04
826,افران2,صندوق س افرا نماد پايدار-ثابت,4,10100000,10100000,15152,1,1,-15151,-99.99,1,-15151,-99.99,1,1,1400-10-14,2022-01-04
827,تملي808,تسهيلات مسكن ب. ملي-آبان98,4,22,8234622,356478,374301,374301,17823,5,374301,17823,5,374301,374301,1400-10-14,2022-01-04
828,اراد33,مرابحه عام دولت3-ش.خ 0303,4,500,486858000,982840,933720,984960,2120,0.22,973720,-9120,-0.93,933720,984960,1400-10-14,2022-01-04
829,اراد954,مرابحه عام دولت95-ش.خ020514,4,16560000,15587928000000,1000000,941300,941300,-58700,-5.87,941300,-58700,-5.87,941300,941300,1400-10-14,2022-01-04
830,ضملت1132,اختيارخ وبملت-2500-1400/11/13,4,6,3495000,678,621,512,-166,-24.48,582,-96,-14.16,512,625,1400-10-14,2022-01-04
831,ضپنا2013,اختيارخ رمپنا-14000-1401/02/07,4,33,157300000,4533,4800,4150,-383,-8.45,4767,234,5.16,4150,4800,1400-10-14,2022-01-04
832,ضپيك1031,اختيارخ تاپيكو-14000-00/10/15,4,6,1011000,136,101,200,64,47.06,168,32,23.53,101,200,1400-10-14,2022-01-04
833,اخزا821,اسنادخزانه-م21بودجه98-020906,4,464,307060400,659990,661000,661990,2000,0.3,661770,1780,0.27,661000,661990,1400-10-14,2022-01-04
834,لپيام,گسترش صنايع پيام,4,2585,67827815,27050,26239,26239,-811,-3,27044,-6,-0.02,26239,26239,1400-10-14,2022-01-04
835,وسخوز,شركت س استان خوزستان,3,28257,17038971,634,603,603,-31,-4.89,634,0,0,603,603,1400-10-14,2022-01-04
836,سي تيپ2ن06,گواهي سيمان تيپ 2شاهرود(ن),3,75000,377475000,4794,5033,5033,239,4.99,5033,239,4.99,5033,5033,1400-10-14,2022-01-04
837,ضصاد3012,اختيارخ وبصادر-1400-1401/03/11,3,3,2090000,790,710,690,-100,-12.66,697,-93,-11.77,690,710,1400-10-14,2022-01-04
838,ضپاس2011,اختيارخ وپارس-1600-1401/02/28,3,47,25775000,650,555,500,-150,-23.08,548,-102,-15.69,500,555,1400-10-14,2022-01-04
839,اروند10,منفعت صبا اروند لوتوس 14001222,3,1880,1868230000,999990,994000,993500,-6490,-0.65,993740,-6250,-0.63,993500,994000,1400-10-14,2022-01-04
840,ماديرا2,صنايع ماديران,3,30000000,158160000000,5328,5272,5272,-56,-1.05,5272,-56,-1.05,5272,5272,1400-10-14,2022-01-04
841,ثهام,صندوق س ثروت هامرز-سهام,3,1518,16546200,10900,10900,10900,0,0,10900,0,0,10900,10900,1400-10-14,2022-01-04
842,ضجار2014,اختيارخ وتجارت-2500-1401/02/21,3,36,7230000,200,200,200,0,0,201,1,0.5,200,230,1400-10-14,2022-01-04
843,ضجار1023,اختيارخ وتجارت-2500-1400/10/15,3,300,300000,1,1,1,0,0,1,0,0,1,1,1400-10-14,2022-01-04
844,سي تيپ2ن01,گواهي سيمان تيپ 2 فارس(ن),3,50000,269850000,5140,5397,5397,257,5,5397,257,5,5397,5397,1400-10-14,2022-01-04
845,زير0103پ01,زيره سبز0103كيميابذر(پ),3,54,55084580,1030000,976458,1030000,0,0,1020085,-9915,-0.96,976458,1030000,1400-10-14,2022-01-04
846,حرهشا,رهشاد سپاهان (سهامي عام,3,730,61618570,88851,84409,84409,-4442,-5,84409,-4442,-5,84409,84409,1400-10-14,2022-01-04
847,تپولا,مهندسي مرآت پولاد,3,918,13811310,15510,15045,15045,-465,-3,15509,-1,-0.01,15045,15045,1400-10-14,2022-01-04
848,وسالت,بانك قرض الحسنه رسالت,3,5101,6024281,1147,1181,1181,34,2.96,1181,34,2.96,1181,1181,1400-10-14,2022-01-04
849,ضپاس1011,اختيارخ وپارس-2000-1400/10/22,3,21,246000,25,6,13,-12,-48,12,-13,-52,6,13,1400-10-14,2022-01-04
850,وگردش2,بانك گردشگري,3,206200000,2099390400000,10188,10150,10190,2,0.02,10181,-7,-0.07,10150,10192,1400-10-14,2022-01-04
851,اخزا818,اسنادخزانه-م18بودجه98-010614,3,893,774592900,866570,868000,875000,8430,0.97,867410,840,0.1,867100,875000,1400-10-14,2022-01-04
852,اروند09,منفعت صبا اروند نوين 14001222,3,60000,57780000000,959500,963000,963000,3500,0.36,963000,3500,0.36,963000,963000,1400-10-14,2022-01-04
853,آگاس2,صندوق س.هستي بخش آگاه-س,3,300000,300000,77631,1,1,-77630,-100,1,-77630,-100,1,1,1400-10-14,2022-01-04
854,سي تيپ2ن12,گواهي سيمان تيپ2خزر(ن),3,125000,629125000,4794,5033,5033,239,4.99,5033,239,4.99,5033,5033,1400-10-14,2022-01-04
855,ضشنا1050,اختيارخ شپنا-7629-1400/10/19,3,112,297270,1,2,1,0,0,1,0,0,1,2,1400-10-14,2022-01-04
856,صپا ه 16,بار پايه هفته 16صنعتي,3,13990,7227200,530,530,515,-15,-2.83,517,-13,-2.45,515,530,1400-10-14,2022-01-04
857,فنرژي,گسترش صنايع انرژي آذرآب,3,5312,58044224,11149,10927,10927,-222,-1.99,10927,-222,-1.99,10927,10927,1400-10-14,2022-01-04
858,دشيري,شيرين دارو,3,424,46532304,113140,109746,109746,-3394,-3,113124,-16,-0.01,109746,109746,1400-10-14,2022-01-04
859,شسم,توليد سموم‌ علف‌ كش,3,1520,161361680,101104,106159,106159,5055,5,101258,154,0.15,106159,106159,1400-10-14,2022-01-04
860,گپارس,امور رفاهي كارگزاران پارس,2,136,14906688,112997,109608,109608,-3389,-3,109608,-3389,-3,109608,109608,1400-10-14,2022-01-04
861,هپارس102,اختيارف ت پارس-157010-01/02/05,2,30000,30000,1,1,1,0,0,1,0,0,1,1,1400-10-14,2022-01-04
862,پست0108پ08,پسته فندقي32-30مه ولات0108(پ),2,3,6689268,2180000,2229756,2229756,49756,2.28,2229756,49756,2.28,2229756,2229756,1400-10-14,2022-01-04
863,تملي709,تسهيلات مسكن ب. ملي-آذر97,2,30,15505200,544042,516840,516840,-27202,-5,516840,-27202,-5,516840,516840,1400-10-14,2022-01-04
864,سي تيپ2ن18,گواهي سيمان تيپ2سامان غرب(ن),2,70000,342230000,4794,4889,4889,95,1.98,4889,95,1.98,4889,4889,1400-10-14,2022-01-04
865,ضكاريس901,اختيارخ كاريس-12000-14010930,2,145,580000000,4120,4000,4000,-120,-2.91,4000,-120,-2.91,4000,4000,1400-10-14,2022-01-04
866,ضصاد1110,اختيارخ وبصادر-1400-1400/11/06,2,77,36839000,513,457,490,-23,-4.48,478,-35,-6.82,457,490,1400-10-14,2022-01-04
867,فن آوا2,گروه فن آوا,2,8049743,84924788650,10377,10550,10550,173,1.67,10550,173,1.67,10550,10550,1400-10-14,2022-01-04
868,ضبدر1164,اختيارخ شبندر-7000-1400/11/13,2,6,1150000,210,200,190,-20,-9.52,192,-18,-8.57,190,200,1400-10-14,2022-01-04
869,ضپاس1010,اختيارخ وپارس-1800-1400/10/22,2,50,10000000,315,200,200,-115,-36.51,200,-115,-36.51,200,200,1400-10-14,2022-01-04
870,ثعتما,س. ساختماني اعتماد گستر,2,1235,27278680,22771,22088,22088,-683,-3,22769,-2,-0.01,22088,22088,1400-10-14,2022-01-04
871,ثهام2,صندوق س ثروت هامرز-سهام,2,200000,200000,10900,1,1,-10899,-99.99,1,-10899,-99.99,1,1,1400-10-14,2022-01-04
872,اراد404,مرابحه عام دولت4-ش.خ 0207,2,2024000,1874736072000,1000000,926506,926000,-74000,-7.4,926253,-73747,-7.37,926000,926506,1400-10-14,2022-01-04
873,اراد864,مرابحه عام دولت86-ش.خ020404,2,2790000,2576025000000,945000,920700,924740,-20260,-2.14,923306,-21694,-2.3,920700,924740,1400-10-14,2022-01-04
874,سي تيپ2ن13,گواهي سيمان تيپ2بجنورد(ن),2,36000,181188000,4794,5033,5033,239,4.99,5033,239,4.99,5033,5033,1400-10-14,2022-01-04
875,ضمخا2013,اختيارخ اخابر-6000-1401/02/28,2,21,44210000,1,2210,2100,2099,209900,2105,2104,210400,2100,2210,1400-10-14,2022-01-04
876,سرو2,صندوق س سروسودمند مدبران-سهام,2,200000,200000,69590,1,1,-69589,-100,1,-69589,-100,1,1,1400-10-14,2022-01-04
877,ضفرابورس1200,اختيارخ فرابورس-19000-14001218,2,20,30000000,2000,1500,1500,-500,-25,1500,-500,-25,1500,1500,1400-10-14,2022-01-04
878,اراد334,مرابحه عام دولت3-ش.خ 0303,2,3194000,2751210989000,982840,861737,861000,-121840,-12.4,861368,-121472,-12.36,861000,861737,1400-10-14,2022-01-04
879,داريك4,صندوق س.اعتماد داريك-د,2,15000000,180492500000,12116,12100,11945,-171,-1.41,12033,-83,-0.69,11945,12100,1400-10-14,2022-01-04
880,شستا005,اجاره تامين اجتماعي-امين001220,2,495,492030000,1000000,994000,994000,-6000,-0.6,994000,-6000,-0.6,994000,994000,1400-10-14,2022-01-04
881,سنوين,سرمايه گذاري اقتصاد نوين,2,1806,10550652,6022,5842,5842,-180,-2.99,5842,-180,-2.99,5842,5842,1400-10-14,2022-01-04
882,اراد35,مرابحه عام دولت3-ش.خ 0103,2,200,194839000,978000,950100,998290,20290,2.07,974190,-3810,-0.39,950100,998290,1400-10-14,2022-01-04
883,ضملي1157,اختيارخ فملي-4000-1400/11/03,2,3,16002000,3000,3001,2500,-500,-16.67,2667,-333,-11.1,2500,3001,1400-10-14,2022-01-04
884,فخوز2,فولاد  خوزستان,2,58000000,365400000000,6450,6300,6300,-150,-2.33,6300,-150,-2.33,6300,6300,1400-10-14,2022-01-04
885,زير0103پ04,زيره سبز0103شركت مينوبذر(پ),2,26,25922000,1009000,997000,997000,-12000,-1.19,997000,-12000,-1.19,997000,997000,1400-10-14,2022-01-04
886,تماوند2,تامين سرمايه دماوند,2,69500000,418550000000,5908,6050,5940,32,0.54,6022,114,1.93,5940,6050,1400-10-14,2022-01-04
887,نگين,ص.س. زمين و ساختمان نگين شهرري,2,2400,124532000,52130,52130,51840,-290,-0.56,51890,-240,-0.46,51840,52130,1400-10-14,2022-01-04
888,وشمال,س. چشم انداز توسعه شمال,2,152,10062856,67554,66203,66203,-1351,-2,66203,-1351,-2,66203,66203,1400-10-14,2022-01-04
889,پست0108پ04,پسته فندقي32-30سبزدانه0108(پ),2,28,62433168,2347111,2229756,2229756,-117355,-5,2229756,-117355,-5,2229756,2229756,1400-10-14,2022-01-04
890,سفارود,كارخانه فارسيت درود,2,699,10062804,14689,14396,14396,-293,-1.99,14396,-293,-1.99,14396,14396,1400-10-14,2022-01-04
891,اراد454,مرابحه عام دولت4-ش.خ 0107,1,200000,191700000000,965000,958500,958500,-6500,-0.67,958500,-6500,-0.67,958500,958500,1400-10-14,2022-01-04
892,ضخود2022,اختيارخ خودرو-4000-1401/02/07,1,1,40000,1,40,40,39,3900,40,39,3900,40,40,1400-10-14,2022-01-04
893,ومهان2,گروه توسعه مالي مهر آيندگان,1,7365042,32406184800,4497,4400,4400,-97,-2.16,4400,-97,-2.16,4400,4400,1400-10-14,2022-01-04
894,فبستم,صنايع ‌بسته‌بندي‌ مشهد,1,100,86700,842,867,867,25,2.97,867,25,2.97,867,867,1400-10-14,2022-01-04
895,ضبدر3010,اختيارخ شبندر-4500-1401/03/29,1,2,5700000,1,2850,2850,2849,284900,2850,2849,284900,2850,2850,1400-10-14,2022-01-04
896,شگامرن,مجتمع پترو صنعت گامرون,1,37,9934056,268488,268488,268488,0,0,268488,0,0,268488,268488,1400-10-14,2022-01-04
897,اراد924,مرابحه عام دولت92-ش.خ020825,1,1000000,954000000000,953700,954000,954000,300,0.03,954000,300,0.03,954000,954000,1400-10-14,2022-01-04
898,کم ه 16,کم باري هفته 16,1,19500,9360000,480,480,480,0,0,480,0,0,480,480,1400-10-14,2022-01-04
899,سي تيپ2ن20,گواهي سيمان تيپ2كوير كاشان(ن),1,10000,50750000,4834,5075,5075,241,4.99,5075,241,4.99,5075,5075,1400-10-14,2022-01-04
900,ضجار1025,اختيارخ وتجارت-3500-1400/10/15,1,50,50000,211,1,1,-210,-99.53,1,-210,-99.53,1,1,1400-10-14,2022-01-04
901,ضغدر1131,اختيارخ وغدير-12000-1400/11/20,1,2,6000000,4500,3000,3000,-1500,-33.33,3000,-1500,-33.33,3000,3000,1400-10-14,2022-01-04
902,كابگن,توليدي و صنعتي آبگينه‌,1,10000,63660000,6242,6366,6366,124,1.99,6366,124,1.99,6366,6366,1400-10-14,2022-01-04
903,اراد554,مرابحه عام دولت5-ش.خ 0209,1,8140000,7444844000000,960738,914600,914600,-46138,-4.8,914600,-46138,-4.8,914600,914600,1400-10-14,2022-01-04
904,ضسپا1110,اختيارخ خساپا-1200-1400/11/20,1,95,41800000,472,440,440,-32,-6.78,440,-32,-6.78,440,440,1400-10-14,2022-01-04
905,ضبدر3009,اختيارخ شبندر-4000-1401/03/29,1,1,3400000,3600,3400,3400,-200,-5.56,3400,-200,-5.56,3400,3400,1400-10-14,2022-01-04
906,اتكاي2,بيمه اتكايي ايرانيان,1,50000000,511250000000,10409,10225,10225,-184,-1.77,10225,-184,-1.77,10225,10225,1400-10-14,2022-01-04
907,ثقزوي,شركت عمران و سازندگي قزوين,1,209,5158956,25447,24684,24684,-763,-3,24684,-763,-3,24684,24684,1400-10-14,2022-01-04
908,هنوري102,اختيارف ت نوري59561-01/02/15,1,30000,30000,1,1,1,0,0,1,0,0,1,1,1400-10-14,2022-01-04
909,شپنا2,پالايش نفت اصفهان,1,16100000,98854000000,6140,6140,6140,0,0,6140,0,0,6140,6140,1400-10-14,2022-01-04
910,فسديد,لوله‌وتجهيزات‌ سديد - ورشكسته,1,60,5795760,98567,96596,96596,-1971,-2,96596,-1971,-2,96596,96596,1400-10-14,2022-01-04
911,وبصادر2,بانك صادرات ايران,1,305449551,562027173840,1888,1840,1840,-48,-2.54,1840,-48,-2.54,1840,1840,1400-10-14,2022-01-04
912,ضپنا2016,اختيارخ رمپنا-20000-1401/02/07,1,10,11000000,1,1100,1100,1099,109900,1100,1099,109900,1100,1100,1400-10-14,2022-01-04
913,دپارس2,پارس‌ دارو,1,1650000,46860000000,28400,28400,28400,0,0,28400,0,0,28400,28400,1400-10-14,2022-01-04
914,حرم032,منفعت حرم تا حرم 14030714,1,500000,500000000000,1000000,1000000,1000000,0,0,1000000,0,0,1000000,1000000,1400-10-14,2022-01-04
915,طپاس1011,اختيارف وپارس-2000-1400/10/22,1,10,1000000,55,100,100,45,81.82,100,45,81.82,100,100,1400-10-14,2022-01-04
916,پست0108پ09,پسته بادامي32-30مه ولات0108(پ),1,3,6600000,2195167,2200000,2200000,4833,0.22,2200000,4833,0.22,2200000,2200000,1400-10-14,2022-01-04
917,بذر,صندوق س بذر اميد آفرين-سهام,1,448,43245440,97020,96530,96530,-490,-0.51,96530,-490,-0.51,96530,96530,1400-10-14,2022-01-04
918,کم ر 7,کم باري روز 7,1,19500,9360000,580,480,480,-100,-17.24,480,-100,-17.24,480,480,1400-10-14,2022-01-04
919,طجار1022,اختيارف وتجارت-2000-1400/10/15,1,8,1160000,150,145,145,-5,-3.33,145,-5,-3.33,145,145,1400-10-14,2022-01-04
920,زعف0110پ08,زعفران0110نگين روستا(پ),1,80,32000000,429293,400000,400000,-29293,-6.82,400000,-29293,-6.82,400000,400000,1400-10-14,2022-01-04
921,ضفلا1165,اختيارخ فولاد-14000-1400/11/24,1,5,500000,105,100,100,-5,-4.76,100,-5,-4.76,100,100,1400-10-14,2022-01-04
922,ضمخا1037,اختيارخ اخابر-9000-1400/10/26,1,20,400000,14,20,20,6,42.86,20,6,42.86,20,20,1400-10-14,2022-01-04
923,كخاك2,صنايع‌خاك‌چيني‌ايران‌,1,10000000,139900000000,13870,13990,13990,120,0.87,13990,120,0.87,13990,13990,1400-10-14,2022-01-04
924,سي تيپ2ن05,گواهي سيمان تيپ 2خاش(ن),1,25000,153825000,5860,6153,6153,293,5,6153,293,5,6153,6153,1400-10-14,2022-01-04
925,ضفلا1162,اختيارخ فولاد-9000-1400/11/24,1,10,16010000,1750,1601,1601,-149,-8.51,1601,-149,-8.51,1601,1601,1400-10-14,2022-01-04
926,خاهن2,آهنگري‌ تراكتورسازي‌ ايران‌,1,144000000,619200000000,4414,4300,4300,-114,-2.58,4300,-114,-2.58,4300,4300,1400-10-14,2022-01-04
927,سپرمي,پرميت‌,1,408,5053488,12264,12386,12386,122,0.99,12264,0,0,12386,12386,1400-10-14,2022-01-04
928,ياقوت2,صندوق س ياقوت آگاه-ثابت,1,10443000,10443000,13904,1,1,-13903,-99.99,1,-13903,-99.99,1,1,1400-10-14,2022-01-04
929,کم ر 4,کم باري روز 4,1,19500,9360000,600,480,480,-120,-20,480,-120,-20,480,480,1400-10-14,2022-01-04
930,سي تيپ2ن19,گواهي سيمان تيپ2غرب آسيا(ن),1,50000,239700000,4794,4794,4794,0,0,4794,0,0,4794,4794,1400-10-14,2022-01-04
931,اراد384,مرابحه عام دولت3-ش.خ 0105,1,600000,618000000000,1030000,1030000,1030000,0,0,1030000,0,0,1030000,1030000,1400-10-14,2022-01-04
932,اخزا9062,اسنادخزانه-م6بودجه99-020321,1,800000,585600000000,725960,732000,732000,6040,0.83,732000,6040,0.83,732000,732000,1400-10-14,2022-01-04
933,اراد55,مرابحه عام دولت5-ش.خ 0209,1,10000,9146000000,960738,914600,914600,-46138,-4.8,914600,-46138,-4.8,914600,914600,1400-10-14,2022-01-04
934,ضبدر3011,اختيارخ شبندر-5000-1401/03/29,1,2,4900000,2800,2450,2450,-350,-12.5,2450,-350,-12.5,2450,2450,1400-10-14,2022-01-04
935,ضترا1130,اختيارخ شتران-3089-1400/11/10,1,3,7141050,1200,1050,1050,-150,-12.5,1050,-150,-12.5,1050,1050,1400-10-14,2022-01-04
936,پا ه 16,بار پايه هفته 16,1,32000,16480000,520,515,515,-5,-0.96,515,-5,-0.96,515,515,1400-10-14,2022-01-04
937,آتيمس2,صندوق س.آرمان آتيه درخشان مس-س,1,50000,50000,181981,1,1,-181980,-100,1,-181980,-100,1,1,1400-10-14,2022-01-04
938,ضملي1161,اختيارخ فملي-7000-1400/11/03,1,1,770000,381,385,385,4,1.05,385,4,1.05,385,385,1400-10-14,2022-01-04
939,زرين2,صندوق س. سهام زرين كوروش-س,1,100000,100000,12905,1,1,-12904,-99.99,1,-12904,-99.99,1,1,1400-10-14,2022-01-04
940,شوينده2,مديريت صنعت شوينده ت.ص.بهشهر,1,2600000,49712000000,20010,19120,19120,-890,-4.45,19120,-890,-4.45,19120,19120,1400-10-14,2022-01-04
941,سي تيپ2ن04,گواهي سيمان تيپ2فارس نو(ن),1,80000,426320000,5076,5329,5329,253,4.98,5329,253,4.98,5329,5329,1400-10-14,2022-01-04
942,سي تيپ2ن25,گواهي سيمان تيپ2نهاوند(ن),1,20000,95880000,4794,4794,4794,0,0,4794,0,0,4794,4794,1400-10-14,2022-01-04
943,ضكاريس902,اختيارخ كاريس-14000-14010930,1,100,280000000,2458,2800,2800,342,13.91,2800,342,13.91,2800,2800,1400-10-14,2022-01-04
944,مهان01,اجاره مهرآيندگان لوتوس0311,1,50000,49050000000,1000000,981000,981000,-19000,-1.9,981000,-19000,-1.9,981000,981000,1400-10-14,2022-01-04
945,سپيدما2,صندوق س. سپيد دماوند-د,1,2500000,2500000,11633,1,1,-11632,-99.99,1,-11632,-99.99,1,1,1400-10-14,2022-01-04
946,كمند2,صندوق س. با درآمد ثابت كمند,1,97500000,97500000,10154,1,1,-10153,-99.99,1,-10153,-99.99,1,1,1400-10-14,2022-01-04
947,اعتماد4,صندوق س.اعتماد آفرين پارسيان-د,1,25800000,1060302600000,41074,41097,41097,23,0.06,41097,23,0.06,41097,41097,1400-10-14,2022-01-04
948,شگويات.ف0104,اختيارف.تبعي شگويا010408,1,10000,10000,1,1,1,0,0,1,0,0,1,1,1400-10-14,2022-01-04
949,اراد86,مرابحه عام دولت86-ش.خ020404,1,10000,9207000000,945000,920700,920700,-24300,-2.57,920700,-24300,-2.57,920700,920700,1400-10-14,2022-01-04
950,وآفري2,بيمه كارآفرين,1,30000000,122400000000,4019,4080,4080,61,1.52,4080,61,1.52,4080,4080,1400-10-14,2022-01-04
951,پست0108پ10,پسته فندقي34-32مه ولات0108(پ),1,10,21500000,2130163,2150000,2150000,19837,0.93,2150000,19837,0.93,2150000,2150000,1400-10-14,2022-01-04
952,طفلا1163,اختيارف فولاد-10000-1400/11/24,1,1,100000,152,100,100,-52,-34.21,100,-52,-34.21,100,100,1400-10-14,2022-01-04
953,اراد84,مرابحه عام دولت84-ش.خ030624,1,3000,2985000000,1010000,995000,995000,-15000,-1.49,995000,-15000,-1.49,995000,995000,1400-10-14,2022-01-04
954,افاد54,منفعت دولت5-ش.خاص لوتوس0108,1,1000,956410000,910875,956410,956410,45535,5,956410,45535,5,956410,956410,1400-10-14,2022-01-04
955,سي تيپ2ن02,گواهي سيمان تيپ2صوفيان(ن),1,100000,554000000,5277,5540,5540,263,4.98,5540,263,4.98,5540,5540,1400-10-14,2022-01-04
956,سپر2,صندوق س سپر سرمايه بيدار- ثابت,1,5000000,5000000,13493,1,1,-13492,-99.99,1,-13492,-99.99,1,1,1400-10-14,2022-01-04
957,وغدير2,سرمايه‌گذاري‌غدير(هلدينگ‌,1,6800000,99892000000,14690,14690,14690,0,0,14690,0,0,14690,14690,1400-10-14,2022-01-04
958,کم ر 8,کم باري روز 8,1,19500,9360000,580,480,480,-100,-17.24,480,-100,-17.24,480,480,1400-10-14,2022-01-04
959,دماوند2,توليد نيروي برق دماوند,1,26910685,509499999105,18948,18933,18933,-15,-0.08,18933,-15,-0.08,18933,18933,1400-10-14,2022-01-04
960,اراد45,مرابحه عام دولت4-ش.خ 0107,1,5000,4825000000,965000,965000,965000,0,0,965000,0,0,965000,965000,1400-10-14,2022-01-04
961,ثعمرا2,عمران و توسعه شاهد,1,12900000,90558000000,6913,7020,7020,107,1.55,7020,107,1.55,7020,7020,1400-10-14,2022-01-04
962,ضپاس1012,اختيارخ وپارس-2500-1400/10/22,1,2,6000,2,3,3,1,50,3,1,50,3,3,1400-10-14,2022-01-04
963,تملي801,تسهيلات مسكن ب. ملي-فروردين98,1,1,523360,523360,523360,523360,0,0,523360,0,0,523360,523360,1400-10-14,2022-01-04
964,کم ر 6,کم باري روز 6,1,19500,9360000,580,480,480,-100,-17.24,480,-100,-17.24,480,480,1400-10-14,2022-01-04
965,كيش1402,اجاره س. و توسعه كيش14020820,1,750,750000000,1000000,1000000,1000000,0,0,1000000,0,0,1000000,1000000,1400-10-14,2022-01-04
966,ضصاد1118,اختيارخ وبصادر-1200-1400/11/06,1,6,3600000,900,600,600,-300,-33.33,600,-300,-33.33,600,600,1400-10-14,2022-01-04
967,سرچشمه2,سرمايه گذاري مس سرچشمه,1,26350000,129115000000,5050,4900,4900,-150,-2.97,4900,-150,-2.97,4900,4900,1400-10-14,2022-01-04
968,ضصاد3011,اختيارخ وبصادر-1200-1401/03/11,1,1,870000,990,870,870,-120,-12.12,870,-120,-12.12,870,870,1400-10-14,2022-01-04
969,حاريا,كشتيراني آريا,1,1000,13712000,13991,13712,13712,-279,-1.99,13712,-279,-1.99,13712,13712,1400-10-14,2022-01-04
970,ضپاس1009,اختيارخ وپارس-1600-1400/10/22,1,1,340000,300,340,340,40,13.33,340,40,13.33,340,340,1400-10-14,2022-01-04
971,اراد314,مرابحه عام دولت3-ش.خ 0208,1,1000000,890000000000,907200,890000,890000,-17200,-1.9,890000,-17200,-1.9,890000,890000,1400-10-14,2022-01-04
972,وسقم,شركت س استان قم,1,4000,5068000,1333,1267,1267,-66,-4.95,1333,0,0,1267,1267,1400-10-14,2022-01-04
973,اراد38,مرابحه عام دولت3-ش.خ 0105,1,1000,985000000,1030000,985000,985000,-45000,-4.37,985000,-45000,-4.37,985000,985000,1400-10-14,2022-01-04
974,كگل2,معدني و صنعتي گل گهر,1,2110000,47369500000,22450,22450,22450,0,0,22450,0,0,22450,22450,1400-10-14,2022-01-04
975,اراد944,مرابحه عام دولت94-ش.خ030816,1,1085000,998764200000,920030,920520,920520,490,0.05,920520,490,0.05,920520,920520,1400-10-14,2022-01-04
976,كارين4,صندوق س نگين سامان-ثابت,1,79357000,799997917000,10075,10081,10081,6,0.06,10081,6,0.06,10081,10081,1400-10-14,2022-01-04
977,شكف,كف,1,59,5088573,88007,86247,86247,-1760,-2,86247,-1760,-2,86247,86247,1400-10-14,2022-01-04
978,کم ر 5,کم باري روز 5,1,19500,9360000,572,480,480,-92,-16.08,480,-92,-16.08,480,480,1400-10-14,2022-01-04
979,ضملي3013,اختيارخ فملي-7000-1401/03/02,1,1,750000,1,750,750,749,74900,750,749,74900,750,750,1400-10-14,2022-01-04
980,کم ر 9,کم باري روز 9,1,19500,9360000,580,480,480,-100,-17.24,480,-100,-17.24,480,480,1400-10-14,2022-01-04
