,نماد,نام,تعداد,حجم,ارزش,دیروز,اولین,آخرین معامله - مقدار,آخرین معامله - تغییر,آخرین معامله - درصد,قیمت پایانی - مقدار,قیمت پایانی - تغییر,قیمت پایانی - درصد,کمترین,بیشترین,تاریخ,gregorian_date
0,خودرو,ايران‌ خودرو,11821,423615268,870299514596,2069,2039,2027,-42,-2.03,2054,-15,-0.72,2009,2110,1400-10-22,2022-01-12
1,پالايش,صندوق پالايشي يكم-سهام,11068,11181039,789034634740,70620,70500,70350,-270,-0.38,70570,-50,-0.07,70150,71110,1400-10-22,2022-01-12
2,سمگا,گروه سرمايه گذاري ميراث فرهنگي,9371,99730524,977917642230,9560,9820,10030,470,4.92,9810,250,2.62,9530,10030,1400-10-22,2022-01-12
3,دارا يكم,صندوق واسطه گري مالي يكم-سهام,8395,5879131,650288142530,110950,110280,110250,-700,-0.63,110610,-340,-0.31,109500,111510,1400-10-22,2022-01-12
4,خگستر,گسترش‌سرمايه‌گذاري‌ايران‌خودرو,7178,210678974,542046037165,2537,2510,2558,21,0.83,2573,36,1.42,2470,2649,1400-10-22,2022-01-12
5,شپنا,پالايش نفت اصفهان,6883,51076099,292273010940,5740,5660,5680,-60,-1.05,5720,-20,-0.35,5640,5850,1400-10-22,2022-01-12
6,خساپا,سايپا,6875,194284630,330344868242,1720,1699,1682,-38,-2.21,1700,-20,-1.16,1674,1742,1400-10-22,2022-01-12
7,فرابورس,فرابورس ايران,6432,24729827,377661873350,15810,15690,15020,-790,-5,15270,-540,-3.42,15020,15970,1400-10-22,2022-01-12
8,فملي,ملي‌ صنايع‌ مس‌ ايران‌,5764,48917568,347059922980,7070,7060,7110,40,0.57,7090,20,0.28,6990,7130,1400-10-22,2022-01-12
9,انرژي3,سايراشخاص بورس انرژي,5725,3930527,293304012060,77350,76300,73590,-3760,-4.86,74620,-2730,-3.53,73490,76900,1400-10-22,2022-01-12
10,بركت,گروه دارويي بركت,5004,13872033,221269586000,16390,16290,16040,-350,-2.14,15950,-440,-2.68,15720,16340,1400-10-22,2022-01-12
11,كمند,صندوق س. با درآمد ثابت كمند,4832,196066759,1968866836149,10036,10042,10042,6,0.06,10042,6,0.06,10041,10043,1400-10-22,2022-01-12
12,سپيد,سپيد ماكيان,4711,13754420,831486575190,57830,60490,59950,2120,3.67,60450,2620,4.53,58510,60720,1400-10-22,2022-01-12
13,شفنح,ح . پتروشيمي فناوران,4597,43051024,357693467520,7940,7900,8580,640,8.06,8310,370,4.66,7900,8650,1400-10-22,2022-01-12
14,فولاد,فولاد مباركه اصفهان,4504,30675607,309719350490,10100,10020,10040,-60,-0.59,10100,0,0,10010,10180,1400-10-22,2022-01-12
15,شبندر,پالايش نفت بندرعباس,4374,54607185,351551475390,6380,6400,6390,10,0.16,6440,60,0.94,6350,6550,1400-10-22,2022-01-12
16,شتران,پالايش نفت تهران,3965,45544356,171837387811,3761,3762,3739,-22,-0.58,3773,12,0.32,3700,3838,1400-10-22,2022-01-12
17,كالا,بورس كالاي ايران,3914,8394312,224631073830,27310,27090,26250,-1060,-3.88,26760,-550,-2.01,26050,27800,1400-10-22,2022-01-12
18,بورس,بورس اوراق بهادار تهران,3763,21607337,205693239140,9840,9540,9380,-460,-4.67,9520,-320,-3.25,9350,9840,1400-10-22,2022-01-12
19,توسن,توسعه سامانه ي نرم افزاري نگين,3714,4983297,115901849800,22600,22650,23600,1000,4.42,23250,650,2.88,22600,23700,1400-10-22,2022-01-12
20,وبرق,س.کارکنان صنعت برق زنجان وقزوي,3567,2088156,185141060100,88900,90000,86250,-2650,-2.98,88650,-250,-0.28,86250,91550,1400-10-22,2022-01-12
21,وبملت,بانك ملت,3528,115558744,380595629444,3279,3300,3260,-19,-0.58,3294,15,0.46,3241,3338,1400-10-22,2022-01-12
22,كدما,معدني‌ دماوند,3494,2707633,170806771700,62630,62190,62330,-300,-0.48,63080,450,0.72,60360,64800,1400-10-22,2022-01-12
23,فسبزوار,پارس فولاد سبزوار,3340,1921876,65734506150,34190,34200,34210,20,0.06,34200,10,0.03,34150,34280,1400-10-22,2022-01-12
24,آريا,پليمر آريا ساسول,3149,1010017,108113418800,105550,105550,107700,2150,2.04,107050,1500,1.42,105550,107950,1400-10-22,2022-01-12
25,شسينا,صنايع‌شيميايي‌سينا,3122,63694390,145545378256,2381,2322,2262,-119,-5,2285,-96,-4.03,2262,2370,1400-10-22,2022-01-12
26,تپكو,توليدتجهيزات‌سنگين‌هپكو,3084,100971603,252151266066,2492,2530,2457,-35,-1.4,2497,5,0.2,2442,2530,1400-10-22,2022-01-12
27,نوري,پتروشيمي نوري,2999,1845898,193363555780,102720,103180,104150,1430,1.39,104750,2030,1.98,103000,106500,1400-10-22,2022-01-12
28,وسديد,گروه ‌صنعتي‌سديد,2963,55553988,54977836835,1008,1004,1007,-1,-0.1,990,-18,-1.79,978,1023,1400-10-22,2022-01-12
29,خپارس,پارس‌ خودرو,2942,106069135,113172094548,1088,1060,1064,-24,-2.21,1067,-21,-1.93,1051,1090,1400-10-22,2022-01-12
30,پترول,گ.س.وت.ص.پتروشيمي خليج فارس,2938,45090718,98256116142,2215,2208,2177,-38,-1.72,2179,-36,-1.63,2153,2208,1400-10-22,2022-01-12
31,حسير,ريل سير كوثر,2891,13215396,217903046530,15760,16540,16540,780,4.95,16490,730,4.63,16020,16540,1400-10-22,2022-01-12
32,وتجارت,بانك تجارت,2889,72736321,140169317931,1947,1947,1912,-35,-1.8,1927,-20,-1.03,1903,1963,1400-10-22,2022-01-12
33,خنصير,مهندسي‌نصيرماشين‌,2835,13332853,236841741320,18670,17750,17740,-930,-4.98,17760,-910,-4.87,17740,18280,1400-10-22,2022-01-12
34,فجهان,مجتمع جهان فولاد سيرجان,2793,10070448,55392997610,5500,5500,5500,0,0,5500,0,0,5490,5510,1400-10-22,2022-01-12
35,امين يكم,صندوق درآمد ثابت امين يكم فردا,2758,93913000,949308980259,10104,10109,10108,4,0.04,10108,4,0.04,10106,10113,1400-10-22,2022-01-12
36,شپديس,پتروشيمي پرديس,2737,2153908,343724224320,161260,161400,161270,10,0.01,159580,-1680,-1.04,155000,161490,1400-10-22,2022-01-12
37,تسه0009,امتيازتسهيلات مسكن آذر 1400,2732,54032,68862960242,1215885,1276679,1230005,14120,1.16,1274485,58600,4.82,1230004,1276679,1400-10-22,2022-01-12
38,فالوم,آلومتك‌,2654,8934996,155368194170,17410,17880,16890,-520,-2.99,17390,-20,-0.11,16890,17930,1400-10-22,2022-01-12
39,غكورش,صنعت غذايي كورش,2630,4141278,200398940100,46480,47000,47770,1290,2.78,48390,1910,4.11,46570,48800,1400-10-22,2022-01-12
40,ختوقا,قطعات‌ اتومبيل‌ ايران‌,2574,65820962,193967614686,2936,3000,2871,-65,-2.21,2947,11,0.37,2860,3045,1400-10-22,2022-01-12
41,وبصادر,بانك صادرات ايران,2534,74906651,150409034856,2010,2000,1989,-21,-1.04,2008,-2,-0.1,1970,2045,1400-10-22,2022-01-12
42,شفن,پتروشيمي فناوران,2509,13773376,177617755350,12330,12430,12940,610,4.95,12900,570,4.62,12430,12940,1400-10-22,2022-01-12
43,خبهمن,گروه‌بهمن‌,2479,80301271,162752022885,2038,2010,2020,-18,-0.88,2027,-11,-0.54,1993,2053,1400-10-22,2022-01-12
44,مديريت,س. و خدمات مديريت صند. ب كشوري,2469,3646319,32691879170,8850,8950,8940,90,1.02,8970,120,1.36,8820,9100,1400-10-22,2022-01-12
45,كيان,صندوق س. با درآمد ثابت كيان,2428,32470247,1057353884927,32538,32558,32567,29,0.09,32564,26,0.08,32556,32570,1400-10-22,2022-01-12
46,كيمياتك,آريان كيميا تك,2361,915689,22214962340,24070,23820,24130,60,0.25,24260,190,0.79,23820,24700,1400-10-22,2022-01-12
47,امين,تامين سرمايه امين,2359,4988287,52578553330,10450,10250,10600,150,1.44,10540,90,0.86,10250,10710,1400-10-22,2022-01-12
48,كاما,باما,2269,17507403,111759003030,6460,6520,6280,-180,-2.79,6380,-80,-1.24,6230,6590,1400-10-22,2022-01-12
49,تمحركه,ماشين سازي نيرو محركه,2213,9963485,160281857100,18695,16300,15820,-2875,-15.38,16090,-2605,-13.93,15820,16780,1400-10-22,2022-01-12
50,صبا,سرمايه گذاري صبا تامين,2128,18289813,113122358580,6120,6180,6210,90,1.47,6180,60,0.98,6080,6210,1400-10-22,2022-01-12
51,سدبير,س. تدبيرگران فارس وخوزستان,2118,9868984,328662304500,35050,33300,33300,-1750,-4.99,33300,-1750,-4.99,33300,34000,1400-10-22,2022-01-12
52,غزر,صنعتي زر ماكارون,2083,2779439,25482104870,8960,9100,9140,180,2.01,9140,180,2.01,8960,9270,1400-10-22,2022-01-12
53,سنيرح,ح . سيمان‌ سفيدني‌ريز,1979,4369691,73215766040,17160,16370,16960,-200,-1.17,16760,-400,-2.33,16100,17330,1400-10-22,2022-01-12
54,گدنا,تهيه توزيع غذاي دنا آفرين فدك,1975,1990356,24431222460,12660,12400,12040,-620,-4.9,12270,-390,-3.08,12030,12780,1400-10-22,2022-01-12
55,غنوش,نوش‌ مازندران‌,1961,7108842,88829110650,12180,12600,12510,330,2.71,12500,320,2.63,12180,12780,1400-10-22,2022-01-12
56,ذوب,ذوب آهن اصفهان,1885,32391929,105999867884,3263,3285,3294,31,0.95,3272,9,0.28,3222,3305,1400-10-22,2022-01-12
57,وخارزم,سرمايه گذاري خوارزمي,1875,19887858,82460922292,4230,4229,4147,-83,-1.96,4146,-84,-1.99,4057,4229,1400-10-22,2022-01-12
58,خلنت,لنت‌ ترمزايران‌,1826,2423262,169620271730,67090,70440,70310,3220,4.8,70000,2910,4.34,66150,70440,1400-10-22,2022-01-12
59,اعتماد,صندوق س.اعتماد آفرين پارسيان-د,1753,33426650,1380374972040,41255,41295,41296,41,0.1,41296,41,0.1,41294,41307,1400-10-22,2022-01-12
60,خزاميا,زامياد,1740,13915168,117827130290,8610,8400,8330,-280,-3.25,8470,-140,-1.63,8270,8750,1400-10-22,2022-01-12
61,كماسه,تامين‌ ماسه‌ ريخته‌گري‌,1708,21412697,62663570344,3039,3020,2960,-79,-2.6,2926,-113,-3.72,2888,3068,1400-10-22,2022-01-12
62,وغدير,سرمايه‌گذاري‌غدير(هلدينگ‌,1648,14439198,201576534480,13900,13790,13930,30,0.22,13960,60,0.43,13790,14220,1400-10-22,2022-01-12
63,شصدف,صنعتي دوده فام,1635,1929736,70614866650,36700,36000,36400,-300,-0.82,36600,-100,-0.27,35800,37450,1400-10-22,2022-01-12
64,لپارس,پارس‌ الكتريك‌,1604,815177,85694555300,103540,105500,103220,-320,-0.31,105120,1580,1.53,102510,107600,1400-10-22,2022-01-12
65,حآفرين,ريل پرداز نو آفرين,1600,15662618,58018694156,3691,3655,3740,49,1.33,3704,13,0.35,3512,3798,1400-10-22,2022-01-12
66,حتوكا,حمل‌ونقل‌توكا,1600,6692219,90113371050,13490,13470,13580,90,0.67,13470,-20,-0.15,12820,13900,1400-10-22,2022-01-12
67,فروي,ذوب روي اصفهان,1600,3946218,74813755400,18590,18450,19010,420,2.26,18960,370,1.99,17880,19280,1400-10-22,2022-01-12
68,غگيلا,شيرپاستوريزه پگاه گيلان,1597,2780698,43340881640,15280,15150,15940,660,4.32,15590,310,2.03,15130,16000,1400-10-22,2022-01-12
69,كارا,صندوق س. كارا -د,1566,71225769,751997925466,10551,10558,10558,7,0.07,10558,7,0.07,10557,10559,1400-10-22,2022-01-12
70,بوعلي,پتروشيمي بوعلي سينا,1547,530053,38107621460,71310,71300,72000,690,0.97,71540,230,0.32,70110,72500,1400-10-22,2022-01-12
71,سپيدار,سپيدار سيستم آسيا,1543,318267,6506459600,20500,20200,20250,-250,-1.22,20450,-50,-0.24,20150,21300,1400-10-22,2022-01-12
72,شگويا,پتروشيمي تندگويان,1536,4192563,44730370800,10670,10670,10670,0,0,10670,0,0,10610,10790,1400-10-22,2022-01-12
73,شاروم,پتروشيمي اروميه,1530,744186,9739728630,13120,13240,12990,-130,-0.99,13100,-20,-0.15,12820,13400,1400-10-22,2022-01-12
74,كلر,كلر پارس,1528,586731,53886806250,88900,92500,93000,4100,4.61,91850,2950,3.32,89500,93300,1400-10-22,2022-01-12
75,وساغربي,شركت س استان آذربايجان غربي,1505,78544977,32826251682,418,419,425,7,1.67,418,0,0,414,425,1400-10-22,2022-01-12
76,بترانس,ايران‌ ترانسفو,1495,42685781,79966559853,1910,1890,1868,-42,-2.2,1873,-37,-1.94,1842,1920,1400-10-22,2022-01-12
77,پرديسح,ح .  سرمايه گذاري پرديس,1487,37192661,44316431125,1211,1212,1165,-46,-3.8,1192,-19,-1.57,1120,1230,1400-10-22,2022-01-12
78,زملارد,كشاورزي و دامپروري ملارد شير,1485,1567894,12765562060,7810,7770,8200,390,4.99,8120,310,3.97,7490,8200,1400-10-22,2022-01-12
79,وهامون,سرمايه گذاري هامون صبا,1464,2504179,6736096556,2680,2651,2687,7,0.26,2685,5,0.19,2651,2720,1400-10-22,2022-01-12
80,قرن,پديده شيمي قرن,1464,3689410,95102680880,24810,24990,25820,1010,4.07,25780,970,3.91,24800,26050,1400-10-22,2022-01-12
81,غسالم,سالمين‌,1462,26382109,72497183615,2634,2634,2741,107,4.06,2748,114,4.33,2634,2765,1400-10-22,2022-01-12
82,غمارگ,مارگارين‌,1461,34554968,95173408973,2629,2680,2730,101,3.84,2754,125,4.75,2640,2760,1400-10-22,2022-01-12
83,ثاميد,توسعه و عمران اميد,1421,7267042,9952116017,1375,1362,1363,-12,-0.87,1372,-3,-0.22,1359,1386,1400-10-22,2022-01-12
84,كزغال,زغال سنگ پروده طبس,1405,1248707,37222922000,29500,29500,30000,500,1.69,29800,300,1.02,29000,30500,1400-10-22,2022-01-12
85,شزنگ,تجهيزنيروي‌زنگان‌,1404,1243516,136541177050,115550,109800,109800,-5750,-4.98,109800,-5750,-4.98,109800,111900,1400-10-22,2022-01-12
86,ثبهساز,بهساز كاشانه تهران,1400,7532996,11447053229,1533,1520,1511,-22,-1.44,1523,-10,-0.65,1500,1550,1400-10-22,2022-01-12
87,قتربت,قند تربت حيدريه,1396,198167,12008920200,58850,60600,60600,1750,2.97,60600,1750,2.97,60600,60600,1400-10-22,2022-01-12
88,فردا,صندوق س آواي فرداي زاگرس-ثابت,1381,65111739,793712426665,12182,12190,12189,7,0.06,12190,8,0.07,12189,12191,1400-10-22,2022-01-12
89,خصدرا,صنعتي‌ دريايي‌ ايران‌,1356,27893688,54464190272,1993,1991,1960,-33,-1.66,1953,-40,-2.01,1934,2010,1400-10-22,2022-01-12
90,غگل,گلوكوزان‌,1347,25300987,82411946599,3116,3102,3271,155,4.97,3257,141,4.53,3102,3271,1400-10-22,2022-01-12
91,وكبهمن,مديريت سرمايه گذاري كوثربهمن,1340,488246,4485655940,9440,9240,9160,-280,-2.97,9360,-80,-0.85,9150,9300,1400-10-22,2022-01-12
92,ثتران,سرمايه گذاري مسكن تهران,1309,18701400,58281935087,3018,3095,3050,32,1.06,3116,98,3.25,3022,3168,1400-10-22,2022-01-12
93,بپيوند,برق و انرژي پيوندگستر پارس,1304,573498,5190891630,9120,9120,9000,-120,-1.32,9100,-20,-0.22,8950,9130,1400-10-22,2022-01-12
94,كوير,توليدي فولاد سپيد فراب كوير,1290,11152327,51650551190,4840,4700,4600,-240,-4.96,4630,-210,-4.34,4600,4800,1400-10-22,2022-01-12
95,حكشتي,كشتيراني جمهوري اسلامي ايران,1286,5548953,77812469150,14220,14100,13870,-350,-2.46,14090,-130,-0.91,13840,14290,1400-10-22,2022-01-12
96,ديران,ايران‌دارو,1286,6013492,102543539790,16680,17300,16900,220,1.32,17050,370,2.22,16400,17300,1400-10-22,2022-01-12
97,رافزا,رايان هم افزا,1274,158201,9382019200,58450,57550,58500,50,0.09,58950,500,0.86,57550,61350,1400-10-22,2022-01-12
98,آبادا,توليد نيروي برق آبادان,1274,510799,4787636940,9550,9310,9300,-250,-2.62,9490,-60,-0.63,9300,9540,1400-10-22,2022-01-12
99,فخوز,فولاد  خوزستان,1266,11839643,71248266670,6070,5950,6010,-60,-0.99,6040,-30,-0.49,5910,6070,1400-10-22,2022-01-12
100,وسپهر,سرمايه گذاري مالي سپهرصادرات,1262,3833323,27066413560,7060,7060,7060,0,0,7060,0,0,7060,7080,1400-10-22,2022-01-12
101,ثبات,صندوق س. ثبات ويستا -د,1242,58909038,632800898426,10736,10741,10741,5,0.05,10742,6,0.06,10741,10743,1400-10-22,2022-01-12
102,ومدير,گ.مديريت ارزش سرمايه ص ب كشوري,1233,3809482,16863952833,4458,4361,4408,-50,-1.12,4427,-31,-0.7,4361,4480,1400-10-22,2022-01-12
103,فتوسا,توليد و توسعه سرب روي ايرانيان,1231,535783,5947968620,11030,10600,11100,70,0.63,11060,30,0.27,10600,11320,1400-10-22,2022-01-12
104,بگيلان,توسعه مسير برق گيلان,1230,295521,4037375690,13550,13630,13690,140,1.03,13570,20,0.15,13310,13770,1400-10-22,2022-01-12
105,ولپارس,ليزينگ پارسيان,1228,4211774,11785412621,2825,2780,2770,-55,-1.95,2803,-22,-0.78,2700,2854,1400-10-22,2022-01-12
106,افران,صندوق س افرا نماد پايدار-ثابت,1224,22555370,343514245512,15221,15231,15230,9,0.06,15230,9,0.06,15229,15232,1400-10-22,2022-01-12
107,خكاوه,سايپا ديزل,1213,52691854,226854840095,4181,4306,4306,125,2.99,4305,124,2.97,4203,4306,1400-10-22,2022-01-12
108,ضخود2019,اختيارخ خودرو-2500-1401/02/07,1201,45147,7758898000,178,158,168,-10,-5.62,172,-6,-3.37,158,184,1400-10-22,2022-01-12
109,سيتا,سرمايه گذاري سيمان تامين,1176,1946162,17069416720,8820,8550,8780,-40,-0.45,8800,-20,-0.23,8550,8810,1400-10-22,2022-01-12
110,ولكار,ليزينگ كارآفرين,1153,1091368,4358023565,4022,3983,3977,-45,-1.12,4014,-8,-0.2,3912,4050,1400-10-22,2022-01-12
111,شغدير,پتروشيمي غدير,1142,822412,65618172560,80960,80960,80150,-810,-1,79790,-1170,-1.45,79170,80960,1400-10-22,2022-01-12
112,فروس,فروسيليس‌ ايران‌,1125,12920578,84714401630,6340,6450,6600,260,4.1,6560,220,3.47,6360,6650,1400-10-22,2022-01-12
113,تاپكيش,تجارت الكترونيك پارسيان كيش,1125,3932751,66967494140,17360,17550,16900,-460,-2.65,17030,-330,-1.9,16610,17760,1400-10-22,2022-01-12
114,لطيف,محصولات كاغذي لطيف,1122,246830,9184527600,37700,37050,37200,-500,-1.33,37400,-300,-0.8,36550,38300,1400-10-22,2022-01-12
115,تسه0008,امتيازتسهيلات مسكن آبان1400,1112,18415,23535535157,1221318,1282383,1280000,58682,4.8,1278063,56745,4.65,1160253,1282383,1400-10-22,2022-01-12
116,هاي وب,داده گسترعصرنوين-هاي وب,1110,8327849,65374105360,7910,7930,7900,-10,-0.13,7850,-60,-0.76,7740,7990,1400-10-22,2022-01-12
117,ونيرو,سرمايه‌گذاري‌نيرو,1090,32810269,77021102372,2331,2328,2297,-34,-1.46,2347,16,0.69,2290,2400,1400-10-22,2022-01-12
118,مثقال,صندوق س.پشتوانه طلاي زرين آگاه,1082,4228442,40629199579,9927,9690,9599,-328,-3.3,9609,-318,-3.2,9545,9690,1400-10-22,2022-01-12
119,پتاير,ايران‌ تاير,1070,32409523,56732162214,1768,1768,1785,17,0.96,1750,-18,-1.02,1711,1800,1400-10-22,2022-01-12
120,زاگرس,پتروشيمي زاگرس,1063,390739,75023198700,192250,192250,191900,-350,-0.18,192050,-200,-0.1,189600,194250,1400-10-22,2022-01-12
121,كمرجان,بازرگاني و توليدي مرجان كار,1059,9424749,51986541100,5290,5390,5550,260,4.91,5520,230,4.35,5210,5550,1400-10-22,2022-01-12
122,ومعادن,توسعه‌معادن‌وفلزات‌,1055,9746543,91135863920,9390,9310,9380,-10,-0.11,9360,-30,-0.32,9220,9400,1400-10-22,2022-01-12
123,پيزد,مجتمع صنايع لاستيك يزد,1054,222975,11031124100,49150,50600,49400,250,0.51,49400,250,0.51,48900,50650,1400-10-22,2022-01-12
124,ثشاهد,سرمايه‌ گذاري‌ شاهد,1052,5963994,55760210410,9390,9370,9260,-130,-1.38,9350,-40,-0.43,9230,9490,1400-10-22,2022-01-12
125,بكام,كارخانجات توليدي شهيد قندي,1046,27267480,42884234189,1503,1496,1578,75,4.99,1573,70,4.66,1496,1578,1400-10-22,2022-01-12
126,شپلي,پلي اكريل ايران,1032,10176771,71902260850,6870,7060,7070,200,2.91,7070,200,2.91,7000,7070,1400-10-22,2022-01-12
127,ختور,رادياتور ايران‌,1026,4287388,51265479630,12440,12590,11850,-590,-4.74,11960,-480,-3.86,11820,12590,1400-10-22,2022-01-12
128,فگستر,گسترش صنايع روي ايرانيان,1023,766481,7667751530,10030,9860,10030,0,0,10020,-10,-0.1,9760,10100,1400-10-22,2022-01-12
129,طلا,صندوق س.پشتوانه طلاي لوتوس,1012,1593581,134446508737,84657,84102,83800,-857,-1.01,84368,-289,-0.34,83740,85000,1400-10-22,2022-01-12
130,لكما,كارخانجات‌مخابراتي‌ايران‌,1008,27150568,24037573907,898,880,881,-17,-1.89,885,-13,-1.45,872,907,1400-10-22,2022-01-12
131,غشهداب,كشت و صنعت شهداب ناب خراسان,1006,10851407,27546715086,2494,2461,2516,22,0.88,2539,45,1.8,2451,2600,1400-10-22,2022-01-12
132,فسرب,ملي‌ سرب‌وروي‌ ايران‌,1005,21807582,37609377444,1744,1745,1730,-14,-0.8,1725,-19,-1.09,1703,1777,1400-10-22,2022-01-12
133,گشان,توسعه بين المللي پديده شانديز,1001,1876837,33120082390,17890,17640,17600,-290,-1.62,17650,-240,-1.34,17520,18000,1400-10-22,2022-01-12
134,كهمدا,شيشه‌ همدان‌,988,9663988,97276831890,9630,9550,10110,480,4.98,10070,440,4.57,9550,10110,1400-10-22,2022-01-12
135,وگردش,بانك گردشگري,978,32306499,330777063320,10220,10230,10270,50,0.49,10240,20,0.2,10190,10400,1400-10-22,2022-01-12
136,تسه0006,امتيازتسهيلات مسكن شهريور1400,972,24642,31409024601,1217808,1278698,1240000,22192,1.82,1274613,56805,4.66,1156955,1278698,1400-10-22,2022-01-12
137,پارند,صندوق س. پارند پايدار سپهر,967,33767620,339008811040,10033,10040,10039,6,0.06,10039,6,0.06,10039,10040,1400-10-22,2022-01-12
138,خرينگ,رينگ‌سازي‌مشهد,964,2749965,69340047010,24420,24400,25400,980,4.01,25210,790,3.24,23570,25640,1400-10-22,2022-01-12
139,وسكرد,شركت س استان كردستان,963,59296448,24849228373,420,416,422,2,0.48,419,-1,-0.24,416,424,1400-10-22,2022-01-12
140,قاسم,قاسم ايران,957,13936419,51291920713,3564,3630,3695,131,3.68,3680,116,3.25,3571,3742,1400-10-22,2022-01-12
141,وفتخار,سرمايه گذاري افتخار سهام,949,5061495,9814247572,1889,1836,1945,56,2.96,1939,50,2.65,1835,1945,1400-10-22,2022-01-12
142,غپينو,پارس‌ مينو,946,20761840,44630013176,2114,2156,2110,-4,-0.19,2150,36,1.7,2090,2190,1400-10-22,2022-01-12
143,سحرخيز,صندوق س. گروه زعفران سحرخيز,934,1702942,31177654440,18791,18354,18184,-607,-3.23,18308,-483,-2.57,18165,18499,1400-10-22,2022-01-12
144,ضخود2018,اختيارخ خودرو-2000-1401/02/07,923,26757,11372764000,416,412,435,19,4.57,425,9,2.16,391,440,1400-10-22,2022-01-12
145,بكاب,صنايع‌جوشكاب‌يزد,907,353880,25375967060,74030,74100,72090,-1940,-2.62,71710,-2320,-3.13,70330,75000,1400-10-22,2022-01-12
146,تاپيكو,س. نفت و گاز و پتروشيمي تأمين,897,5489489,74791737630,13950,13700,13580,-370,-2.65,13730,-220,-1.58,13520,13830,1400-10-22,2022-01-12
147,سيمرغ,سيمرغ,879,5427671,126177962430,22150,22990,23250,1100,4.97,23250,1100,4.97,22990,23250,1400-10-22,2022-01-12
148,چكاوه,صنايع‌كاغذسازي‌كاوه‌,871,8476298,69866389710,7880,8110,8270,390,4.95,8240,360,4.57,7790,8270,1400-10-22,2022-01-12
149,آپ,آسان پرداخت پرشين,869,9736985,90060798950,8810,9250,9250,440,4.99,9250,440,4.99,9010,9250,1400-10-22,2022-01-12
150,خكار,ايركا پارت صنعت,860,12677694,39566356388,3221,3150,3125,-96,-2.98,3121,-100,-3.1,3060,3269,1400-10-22,2022-01-12
151,فاذر,صنايع‌ آذرآب‌,856,26971170,22875571885,852,849,851,-1,-0.12,848,-4,-0.47,830,860,1400-10-22,2022-01-12
152,ودي,بيمه  دي,851,11883538,49568421091,4009,4055,4209,200,4.99,4171,162,4.04,3969,4209,1400-10-22,2022-01-12
153,قثابت,قند ثابت‌ خراسان‌,842,16253829,26786259763,1614,1590,1640,26,1.61,1648,34,2.11,1590,1685,1400-10-22,2022-01-12
154,وملي,گروه‌ صنعتي‌ ملي‌ (هلدينگ‌,838,265001,35847990790,138810,136000,134350,-4460,-3.21,135270,-3540,-2.55,132000,138890,1400-10-22,2022-01-12
155,وآذر,سرمايه‌گذاري‌توسعه‌آذربايجان‌,837,1167449,39840824910,34950,34170,34000,-950,-2.72,34130,-820,-2.35,33670,35400,1400-10-22,2022-01-12
156,تسه0007,امتيازتسهيلات مسكن مهر1400,820,10958,14007843964,1221311,1261500,1170080,-51231,-4.19,1278321,57010,4.67,1170080,1282376,1400-10-22,2022-01-12
157,خزر,فنرسازي‌زر,814,3465241,32432805720,9600,9360,9250,-350,-3.65,9360,-240,-2.5,9190,9640,1400-10-22,2022-01-12
158,شاراك,پتروشيمي شازند,797,1346732,55430304750,41090,40950,40990,-100,-0.24,41130,40,0.1,40950,41530,1400-10-22,2022-01-12
159,زنگان,صنعت روي زنگان,786,681535,41087124950,63300,60400,60150,-3150,-4.98,60300,-3000,-4.74,60150,61900,1400-10-22,2022-01-12
160,تملتح,ح . تامين سرمايه بانك ملت,766,2902301,3214953625,1126,1108,1100,-26,-2.31,1108,-18,-1.6,1091,1129,1400-10-22,2022-01-12
161,غگرجي,بيسكويت‌  گرجي‌,764,20560101,38204245425,1801,1770,1891,90,5,1858,57,3.16,1770,1891,1400-10-22,2022-01-12
162,اوصتا,صندوق انديشه ورزان صباتامين -د,760,36122619,765365971734,21178,21188,21188,10,0.05,21188,10,0.05,21187,21188,1400-10-22,2022-01-12
163,خفنر,فنرسازي‌خاور,759,3144545,21304882790,7020,6780,6780,-240,-3.42,6780,-240,-3.42,6670,7000,1400-10-22,2022-01-12
164,حتايد,تايدواترخاورميانه,756,5735393,29962046580,5147,5147,5297,150,2.91,5224,77,1.5,5055,5300,1400-10-22,2022-01-12
165,نطرين,عطرين نخ قم,754,5303136,36706988860,6650,6580,6980,330,4.96,6920,270,4.06,6360,6980,1400-10-22,2022-01-12
166,فايرا,آلومينيوم‌ايران‌,754,3729126,66385488210,17130,16860,17920,790,4.61,17780,650,3.79,16860,17980,1400-10-22,2022-01-12
167,بپاس,بيمه پاسارگاد,749,1903007,70411347750,37000,37000,37000,0,0,37000,0,0,36500,37650,1400-10-22,2022-01-12
168,كاوه,فولاد كاوه جنوب كيش,742,2338280,29976164870,12870,12600,12890,20,0.16,12850,-20,-0.16,12540,12930,1400-10-22,2022-01-12
169,خريخت,صنايع‌ريخته‌گري‌ايران‌,740,8064290,22151472227,2839,2711,2729,-110,-3.87,2747,-92,-3.24,2698,2867,1400-10-22,2022-01-12
170,كچاد,معدني‌وصنعتي‌چادرملو,739,2083342,62195336050,29820,29560,29950,130,0.44,29840,20,0.07,29220,30090,1400-10-22,2022-01-12
171,خكمك,كمك‌فنرايندامين‌,736,1600369,37548914760,23600,23000,23000,-600,-2.54,23460,-140,-0.59,22530,24190,1400-10-22,2022-01-12
172,بالاس,مهندسي ساختمان تاسيسات راه آهن,736,1042764,27860256350,26150,27250,26650,500,1.91,26700,550,2.1,25900,27400,1400-10-22,2022-01-12
173,بكامح,ح.كارخانجات توليدي شهيد قندي,736,21977675,10613387107,462,489,488,26,5.63,483,21,4.55,467,498,1400-10-22,2022-01-12
174,ثنوسا,نوسازي‌وساختمان‌تهران‌,735,8353483,38947947030,4500,4550,4720,220,4.89,4660,160,3.56,4490,4720,1400-10-22,2022-01-12
175,ثفارس,عمران‌وتوسعه‌فارس‌,732,5360884,34089837340,6320,6320,6390,70,1.11,6360,40,0.63,6300,6450,1400-10-22,2022-01-12
176,مبين,مبين انرژي خليج فارس,731,3395250,77001849530,23690,23730,22590,-1100,-4.64,22970,-720,-3.04,22510,23730,1400-10-22,2022-01-12
177,غديس,پاكديس,727,9273375,98824815010,10170,10420,10570,400,3.93,10660,490,4.82,10150,10670,1400-10-22,2022-01-12
178,غبهار,كشت وصنعت بهاران گلبهار خراسان,727,1966881,39180393270,19440,20020,19900,460,2.37,19920,480,2.47,19490,20020,1400-10-22,2022-01-12
179,وپويا,سرمايه گذاري پويا,726,1822478,5956450414,3301,3264,3239,-62,-1.88,3288,-13,-0.39,3221,3300,1400-10-22,2022-01-12
180,خريختح,ح . صنايع‌ريخته‌گري‌ايران‌,723,11609595,18065177144,1597,1550,1569,-28,-1.75,1556,-41,-2.57,1503,1624,1400-10-22,2022-01-12
181,غپاك,لبنيات‌ پاك‌,717,3719740,46469592990,12260,12590,12840,580,4.73,12490,230,1.88,12160,12870,1400-10-22,2022-01-12
182,وساپا,سرمايه‌گذاري‌ سايپا,716,7923962,33517931986,4307,4250,4209,-98,-2.28,4230,-77,-1.79,4181,4360,1400-10-22,2022-01-12
183,خپويش,سازه‌ پويش‌,716,543528,39065909330,70670,69250,70990,320,0.45,71870,1200,1.7,69010,74200,1400-10-22,2022-01-12
184,فوكا,فولاد كاويان,714,3495664,47297643530,13400,13080,13680,280,2.09,13530,130,0.97,13000,13690,1400-10-22,2022-01-12
185,كاذر,فرآورده‌هاي‌نسوزآذر,713,2329858,28496068440,12300,12200,12400,100,0.81,12230,-70,-0.57,12000,12530,1400-10-22,2022-01-12
186,ملت,بيمه ملت,713,27428638,33428729889,1218,1220,1216,-2,-0.16,1219,1,0.08,1195,1240,1400-10-22,2022-01-12
187,واحيا,م .صنايع و معادن احياء سپاهان,711,6266890,100299019630,16360,16350,15870,-490,-3,16000,-360,-2.2,15870,16580,1400-10-22,2022-01-12
188,بهپاك,صنعتي بهپاك,710,8168378,56725116090,6700,6920,6860,160,2.39,6940,240,3.58,6720,7030,1400-10-22,2022-01-12
189,ولملت,واسپاري ملت,709,23618321,67817557591,3019,2910,2869,-150,-4.97,2871,-148,-4.9,2869,2950,1400-10-22,2022-01-12
190,ونوين,بانك‌اقتصادنوين‌,701,8354590,29601869031,3561,3561,3563,2,0.06,3549,-12,-0.34,3450,3600,1400-10-22,2022-01-12
191,غدام,خوراك‌  دام‌ پارس‌,700,328279,29437826800,90300,88100,89360,-940,-1.04,89670,-630,-0.7,87000,92300,1400-10-22,2022-01-12
192,خمحركه,نيرو محركه‌,698,6798646,23437205748,3478,3472,3384,-94,-2.7,3447,-31,-0.89,3375,3520,1400-10-22,2022-01-12
193,خمحور,توليدمحورخودرو,696,11161409,31800570751,2969,2950,2825,-144,-4.85,2849,-120,-4.04,2821,2950,1400-10-22,2022-01-12
194,كگل,معدني و صنعتي گل گهر,693,6979297,156341491310,22400,22400,22490,90,0.4,22400,0,0,22110,22500,1400-10-22,2022-01-12
195,وپارس,بانك‌پارسيان‌,685,12633178,23201130766,1862,1870,1858,-4,-0.21,1857,-5,-0.27,1822,1870,1400-10-22,2022-01-12
196,سخواف,سيمان مجد خواف,683,14068652,98761937040,6820,7020,7020,200,2.93,7020,200,2.93,7020,7020,1400-10-22,2022-01-12
197,حآسا,آسيا سير ارس,676,2326139,28426735410,12600,12690,12240,-360,-2.86,12220,-380,-3.02,11970,12790,1400-10-22,2022-01-12
198,غچين,كشت‌ و صنعت‌ چين‌ چين,674,2289574,25931664770,11630,11650,11400,-230,-1.98,11330,-300,-2.58,11050,11800,1400-10-22,2022-01-12
199,كتوكا,توليدي و خدمات صنايع نسوز توكا,672,4669401,30661207340,6850,6660,6530,-320,-4.67,6570,-280,-4.09,6510,6870,1400-10-22,2022-01-12
200,وسكرمان,س.سهام عدالت استان كرمان,671,51011318,21681699461,427,421,423,-4,-0.94,426,-1,-0.23,421,429,1400-10-22,2022-01-12
201,زگلدشت,كشت و دام گلدشت نمونه اصفهان,669,8283688,75655109770,8710,8800,9140,430,4.94,9130,420,4.82,8430,9140,1400-10-22,2022-01-12
202,ثاخت,بين‌المللي‌توسعه‌ساختمان,668,13937509,25363238146,1838,1840,1810,-28,-1.52,1820,-18,-0.98,1800,1846,1400-10-22,2022-01-12
203,كلوند,كاشي‌ الوند,667,819348,17745581170,20900,21430,21920,1020,4.88,21660,760,3.64,20930,21940,1400-10-22,2022-01-12
204,بجهرم,توسعه مولد نيروگاهي جهرم,666,7263693,13668575241,1888,1858,1870,-18,-0.95,1883,-5,-0.26,1858,1909,1400-10-22,2022-01-12
205,وساخت,سرمايه‌ گذاري‌ ساختمان‌ايران‌,664,1136628,38024210630,31880,33470,33470,1590,4.99,33450,1570,4.92,33010,33470,1400-10-22,2022-01-12
206,سرو,صندوق س سروسودمند مدبران-سهام,662,583017,39071412470,67750,67490,66780,-970,-1.43,67020,-730,-1.08,66430,67490,1400-10-22,2022-01-12
207,اپال,فرآوري معدني اپال كاني پارس,658,745710,17549852970,23550,23550,23520,-30,-0.13,23550,0,0,23490,23900,1400-10-22,2022-01-12
208,شلعاب,لعابيران‌,646,3964222,20921267370,5350,5480,5170,-180,-3.36,5280,-70,-1.31,5100,5490,1400-10-22,2022-01-12
209,شبصير,توليدات پتروشيمي قائد بصير,642,423358,44087598950,106000,103000,104550,-1450,-1.37,104150,-1850,-1.75,103000,106600,1400-10-22,2022-01-12
210,وصنعت,سرمايه گذاري توسعه صنعت وتجارت,639,4164554,27914829050,6640,6740,6680,40,0.6,6700,60,0.9,6510,6810,1400-10-22,2022-01-12
211,وصنا,گروه‌صنايع‌بهشهرايران‌,630,6809860,21236869008,3026,2912,3119,93,3.07,3119,93,3.07,2912,3175,1400-10-22,2022-01-12
212,غالبر,لبنيات‌ كالبر,630,3910933,38805057450,10210,10410,9900,-310,-3.04,9920,-290,-2.84,9700,10590,1400-10-22,2022-01-12
213,پكرمان,گروه‌ صنعتي‌ بارز,629,3635962,68097723360,17960,17640,18850,890,4.96,18730,770,4.29,17400,18850,1400-10-22,2022-01-12
214,شپترو,پتروشيمي آبادان,628,7829862,22605744902,2833,2763,2899,66,2.33,2887,54,1.91,2763,2917,1400-10-22,2022-01-12
215,وجامي,سرمايه گذاري جامي,627,4743506,17632529977,3800,3686,3695,-105,-2.76,3717,-83,-2.18,3686,3849,1400-10-22,2022-01-12
216,پاسا,ايران‌ياساتايرورابر,626,3028068,39409344670,12930,12400,13160,230,1.78,13010,80,0.62,12400,13400,1400-10-22,2022-01-12
217,غويتا,ويتانا,624,7806240,38490355110,4710,4630,4940,230,4.88,4930,220,4.67,4630,4940,1400-10-22,2022-01-12
218,فنورد,نوردوقطعات‌ فولادي‌,622,312048,55386040220,169260,177000,177720,8460,5,177490,8230,4.86,172330,177720,1400-10-22,2022-01-12
219,كترام,توليدي‌ كاشي‌ تكسرام‌,616,1563901,33035456110,20470,20700,21390,920,4.49,21120,650,3.18,20700,21400,1400-10-22,2022-01-12
220,توريل,توكاريل,613,4189313,32622114030,7470,7830,7770,300,4.02,7790,320,4.28,7610,7840,1400-10-22,2022-01-12
221,اخابر,مخابرات ايران,610,5429999,38925998520,7030,7010,7080,50,0.71,7080,50,0.71,7010,7290,1400-10-22,2022-01-12
222,ورنا,سرمايه‌گذاري‌ رنا(هلدينگ‌,610,10731634,32173232104,3053,3000,3015,-38,-1.24,2998,-55,-1.8,2922,3059,1400-10-22,2022-01-12
223,غبهنوش,بهنوش‌ ايران‌,596,406327,24117429570,57420,56910,60290,2870,5,59350,1930,3.36,56910,60290,1400-10-22,2022-01-12
224,وليز,ليزينگ‌ايران‌,595,8411068,13880443583,1601,1582,1681,80,5,1650,49,3.06,1552,1681,1400-10-22,2022-01-12
225,زقيام,كشت و دام قيام اصفهان,594,30656944,43322988833,1350,1417,1417,67,4.96,1413,63,4.67,1381,1417,1400-10-22,2022-01-12
226,شبريز,پالايش نفت تبريز,585,1261474,41368845310,32490,32310,32700,210,0.65,32620,130,0.4,32010,33250,1400-10-22,2022-01-12
227,پارسان,گسترش نفت و گاز پارسيان,585,3200648,101670622880,31750,31800,31660,-90,-0.28,31760,10,0.03,31000,32130,1400-10-22,2022-01-12
228,پكويرح,ح. كوير تاير,583,3560481,9739503210,2730,2720,2754,24,0.88,2735,5,0.18,2700,2760,1400-10-22,2022-01-12
229,ومهان,گروه توسعه مالي مهر آيندگان,583,5558687,23377981457,4366,4343,4164,-202,-4.63,4292,-74,-1.69,4163,4370,1400-10-22,2022-01-12
230,ولغدر,ليزينگ‌خودروغدير,581,3569463,30567839610,8920,8880,8480,-440,-4.93,8560,-360,-4.04,8480,8920,1400-10-22,2022-01-12
231,فردا2,صندوق س آواي فرداي زاگرس-ثابت,581,58100000,58100000,12182,1,1,-12181,-99.99,1,-12181,-99.99,1,1,1400-10-22,2022-01-12
232,چكاپا,گروه صنايع كاغذ پارس,580,7959865,23344257085,2872,2970,2910,38,1.32,2933,61,2.12,2883,2970,1400-10-22,2022-01-12
233,فسپا,گروه‌صنعتي‌سپاهان‌,578,2108805,35612035630,16960,17040,16970,10,0.06,16890,-70,-0.41,16500,17180,1400-10-22,2022-01-12
234,تسه0005,امتيازتسهيلات مسكن مرداد 1400,576,9272,11811260463,1216874,1277717,1235000,18126,1.49,1273863,56989,4.68,1157000,1277717,1400-10-22,2022-01-12
235,ولساپا,ليزينگ رايان‌ سايپا,576,15712895,21900395154,1399,1399,1385,-14,-1,1394,-5,-0.36,1378,1409,1400-10-22,2022-01-12
236,سرچشمه,سرمايه گذاري مس سرچشمه,570,5897884,33089375230,5450,5630,5640,190,3.49,5610,160,2.94,5540,5700,1400-10-22,2022-01-12
237,قشكر,شكرشاهرود,560,7520208,16329477779,2154,2174,2135,-19,-0.88,2171,17,0.79,2111,2199,1400-10-22,2022-01-12
238,البرز,بيمه البرز,556,14391812,24211006076,1698,1725,1700,2,0.12,1682,-16,-0.94,1662,1725,1400-10-22,2022-01-12
239,تسه0003,امتيازتسهيلات مسكن خرداد1400,555,8403,10848194161,1235104,1237843,1240000,4896,0.4,1290991,55887,4.52,1237843,1296859,1400-10-22,2022-01-12
240,زكوثر,سرمايه گذاري كشاورزي كوثر,553,2603017,37136489170,13700,13680,14380,680,4.96,14270,570,4.16,13650,14380,1400-10-22,2022-01-12
241,حفاري,حفاري شمال,552,7830811,31796576885,4070,4022,4040,-30,-0.74,4060,-10,-0.25,4022,4090,1400-10-22,2022-01-12
242,وسكرشا,س.سهام عدالت استان كرمانشاه,551,45299198,19662262690,431,425,438,7,1.62,434,3,0.7,425,442,1400-10-22,2022-01-12
243,شاوان,پالايش نفت لاوان,549,244535,30693015300,124850,126900,125700,850,0.68,125200,350,0.28,124900,127000,1400-10-22,2022-01-12
244,ماديرا,صنايع ماديران,549,3938198,19864689880,5140,5140,5020,-120,-2.33,5040,-100,-1.95,4990,5170,1400-10-22,2022-01-12
245,ثرود,سرمايه‌گذاري مسكن زاينده رود,548,4436352,23856811550,5150,5250,5400,250,4.85,5380,230,4.47,5180,5400,1400-10-22,2022-01-12
246,فاسمين,كالسيمين‌,548,3122016,52486456580,16580,16680,16750,170,1.03,16810,230,1.39,16500,17010,1400-10-22,2022-01-12
247,خبنيان,بنيان ديزل,546,2223161,2999044189,1419,1349,1349,-70,-4.93,1396,-23,-1.62,1349,1349,1400-10-22,2022-01-12
248,شتوكا,توكا رنگ فولاد سپاهان,541,1636721,22978617240,13570,13230,14240,670,4.94,14040,470,3.46,13230,14240,1400-10-22,2022-01-12
249,پارس,پتروشيمي پارس,536,257021,42755317170,166530,164510,165500,-1030,-0.62,166450,-80,-0.05,163300,168000,1400-10-22,2022-01-12
250,اپرداز,آتيه داده پرداز,536,907034,18307132400,20250,20300,20600,350,1.73,20200,-50,-0.25,19250,21000,1400-10-22,2022-01-12
251,چكارن,كارتن‌ ايران‌,536,9257955,23637968223,2573,2500,2520,-53,-2.06,2553,-20,-0.78,2500,2600,1400-10-22,2022-01-12
252,شسپا,نفت سپاهان,534,8860263,29239680941,3288,3275,3297,9,0.27,3293,5,0.15,3275,3345,1400-10-22,2022-01-12
253,خمهرح,ح . مهركام‌پارس‌,531,9174313,5441735191,611,614,584,-27,-4.42,593,-18,-2.95,583,614,1400-10-22,2022-01-12
254,سبزوا,سيمان لار سبزوار,529,6709409,11704106006,1771,1735,1740,-31,-1.75,1749,-22,-1.24,1730,1776,1400-10-22,2022-01-12
255,ثاباد,توريستي ورفاهي آبادگران ايران,528,1008721,40543072520,38430,38850,40290,1860,4.84,40190,1760,4.58,38850,40350,1400-10-22,2022-01-12
256,تسه0004,امتيازتسهيلات مسكن تير1400,522,7831,9978041686,1217849,1278741,1278741,60892,5,1274172,56323,4.62,1183333,1278741,1400-10-22,2022-01-12
257,رمپنا,گروه مپنا (سهامي عام),518,3463729,56293076770,16320,15760,16300,-20,-0.12,16290,-30,-0.18,15580,16500,1400-10-22,2022-01-12
258,ثتوسا,س.توسعه و عمران استان اردبيل,517,1376739,17287597620,12850,12450,12600,-250,-1.95,12560,-290,-2.26,12300,12850,1400-10-22,2022-01-12
259,تايرا,تراكتورسازي‌ايران‌,517,1543187,29393044550,19960,19320,18970,-990,-4.96,19050,-910,-4.56,18970,19700,1400-10-22,2022-01-12
260,رتاپ,تجارت الكترونيك  پارسيان,511,2089531,10385092590,4920,5000,4980,60,1.22,4960,40,0.81,4890,5010,1400-10-22,2022-01-12
261,فپنتا,سپنتا,508,97090,47508663450,466830,487500,490170,23340,5,489330,22500,4.82,471000,490170,1400-10-22,2022-01-12
262,وبانك,سرمايه گذاري گروه توسعه ملي,506,3399358,27110027080,8090,7950,8000,-90,-1.11,8050,-40,-0.49,7900,8030,1400-10-22,2022-01-12
263,ثامان,سامان‌ گستراصفهان‌,504,4861116,48541598690,9560,9700,10030,470,4.92,9990,430,4.5,9370,10030,1400-10-22,2022-01-12
264,كپرور,فرآوري زغال سنگ پروده طبس,499,995730,30358756000,29400,29400,29750,350,1.19,30500,1100,3.74,29000,30850,1400-10-22,2022-01-12
265,آساميد,صندوق س.مشترك آسمان اميد -د,498,18142182,251162791035,13836,13851,13847,11,0.08,13844,8,0.06,13844,13851,1400-10-22,2022-01-12
266,سنير,سيمان‌ سفيد ني‌ريز,497,492766,13454297030,26980,27580,27500,520,1.93,27270,290,1.07,27000,28000,1400-10-22,2022-01-12
267,شكربن,كربن‌ ايران‌,496,279214,23579325960,83310,83200,82310,-1000,-1.2,84450,1140,1.37,82160,84890,1400-10-22,2022-01-12
268,كامياب,صندوق س. كامياب آشنا-د,489,14078096,158307139225,11239,11244,11245,6,0.05,11245,6,0.05,11244,11245,1400-10-22,2022-01-12
269,تملت,تامين سرمايه بانك ملت,489,2054965,5149679405,2517,2518,2526,9,0.36,2513,-4,-0.16,2431,2528,1400-10-22,2022-01-12
270,وبيمه,سرمايه‌ گذاري‌ صنعت‌ بيمه‌,485,16868380,26628589935,1543,1543,1575,32,2.07,1579,36,2.33,1543,1590,1400-10-22,2022-01-12
271,كيميا,معدني كيمياي زنجان گستران,484,2368692,28797218030,12660,12500,12040,-620,-4.9,12160,-500,-3.95,12030,12780,1400-10-22,2022-01-12
272,خمهر,مهركام‌پارس‌,483,10163682,19067229975,1890,1890,1848,-42,-2.22,1876,-14,-0.74,1821,1968,1400-10-22,2022-01-12
273,تكشا,گسترش‌صنايع‌وخدمات‌كشاورزي‌,483,1680799,65562167620,37170,39020,39020,1850,4.98,39010,1840,4.95,38010,39020,1400-10-22,2022-01-12
274,پكوير,كوير تاير,482,2559666,13076250280,5030,5040,5140,110,2.19,5100,70,1.39,4930,5180,1400-10-22,2022-01-12
275,تاصيكو,سرمايه گذاري صدرتامين,479,3796454,30834623980,8370,8130,8160,-210,-2.51,8290,-80,-0.96,8060,8270,1400-10-22,2022-01-12
276,شيران,س. صنايع‌شيميايي‌ايران,479,1320345,25759933800,19460,19100,19530,70,0.36,19480,20,0.1,19100,19930,1400-10-22,2022-01-12
277,گكوثر,هتل پارسيان كوثر اصفهان,479,7864840,10872094537,1393,1400,1380,-13,-0.93,1385,-8,-0.57,1361,1421,1400-10-22,2022-01-12
278,دماوند,توليد نيروي برق دماوند,475,792197,13501358280,17330,17010,17010,-320,-1.85,17230,-100,-0.58,16960,17300,1400-10-22,2022-01-12
279,نهال,صندوق س. طلاي سرخ نوويرا,474,718132,13633506616,19150,19100,18874,-276,-1.44,18985,-165,-0.86,18860,19190,1400-10-22,2022-01-12
280,كرازي,كارخانجات‌توليدي‌شيشه‌رازي‌,471,15364466,18643060407,1213,1210,1206,-7,-0.58,1213,0,0,1201,1229,1400-10-22,2022-01-12
281,كفپارس,فرآورده‌هاي‌ نسوز پارس‌,466,5487542,15155977387,2764,2822,2750,-14,-0.51,2762,-2,-0.07,2703,2822,1400-10-22,2022-01-12
282,سكه0012پ01,تمام سكه طرح جديد0012رفاه,461,173200,208966294700,1203437,1209800,1200001,-3436,-0.29,1206503,3066,0.25,1199000,1214180,1400-10-22,2022-01-12
283,فجر,فولاد اميركبيركاشان,461,802216,18136263420,22370,22750,22580,210,0.94,22560,190,0.85,22210,22820,1400-10-22,2022-01-12
284,تسه0002,امتيازتسهيلاتمسكن ارديبهشت1400,460,5636,7198226359,1221250,1255222,1240000,18750,1.54,1277187,55937,4.58,1230000,1282312,1400-10-22,2022-01-12
285,كسرام,پارس‌ سرام‌,458,6454424,28325427177,4183,4310,4392,209,5,4389,206,4.92,4205,4392,1400-10-22,2022-01-12
286,ميدكو,توسعه معادن وص.معدني خاورميانه,457,6449617,297433179690,46180,46150,45000,-1180,-2.56,46120,-60,-0.13,44800,46180,1400-10-22,2022-01-12
287,خراسان,پتروشيمي خراسان,456,317817,36285907440,118540,114610,115370,-3170,-2.67,116600,-1940,-1.64,112630,116500,1400-10-22,2022-01-12
288,شكلر,نيروكلر,449,696795,23744850980,35670,34300,33890,-1780,-4.99,34080,-1590,-4.46,33890,35990,1400-10-22,2022-01-12
289,هماي,صندوق س هماي آگاه-ثابت,447,5837388,59121432246,10123,10129,10124,1,0.01,10128,5,0.05,10124,10129,1400-10-22,2022-01-12
290,تسه9908,امتياز تسهيلات مسكن آبان99,445,8676,10971511825,1211871,1272464,1240000,28129,2.32,1264582,52711,4.35,1151278,1272464,1400-10-22,2022-01-12
291,خاذين,سايپاآذين‌,445,7600532,20786627705,2711,2650,2681,-30,-1.11,2735,24,0.89,2650,2800,1400-10-22,2022-01-12
292,وهور,مديريت انرژي اميد  تابان هور,442,11619668,13700868310,1199,1170,1172,-27,-2.25,1190,-9,-0.75,1170,1198,1400-10-22,2022-01-12
293,هرمز,فولاد هرمزگان جنوب,437,1301887,18721058980,14660,14300,14420,-240,-1.64,14610,-50,-0.34,14300,14600,1400-10-22,2022-01-12
294,بالبر,كابل‌ البرز,436,724741,16684183210,23060,23890,22350,-710,-3.08,23020,-40,-0.17,22260,23890,1400-10-22,2022-01-12
295,غگلستا,شير پاستوريزه پگاه گلستان,436,2531132,24526774900,9330,9200,9500,170,1.82,9690,360,3.86,9200,9790,1400-10-22,2022-01-12
296,كرماشا,صنايع پتروشيمي كرمانشاه,434,427457,21838483830,51720,51000,51180,-540,-1.04,51530,-190,-0.37,50510,51580,1400-10-22,2022-01-12
297,آريان,سرمايه گذاري پارس آريان,434,5499633,69287186460,12920,12700,12540,-380,-2.94,12680,-240,-1.86,12540,12900,1400-10-22,2022-01-12
298,چدن,توليدي چدن سازان,431,8631649,18988148420,2178,2199,2190,12,0.55,2200,22,1.01,2130,2239,1400-10-22,2022-01-12
299,فسازانح,ح . غلتك سازان سپاهان,428,4817706,11080296798,2394,2232,2301,-93,-3.88,2300,-94,-3.93,2232,2363,1400-10-22,2022-01-12
300,شجم,صنايع پتروشيمي تخت جمشيد,426,2139484,23908414220,11120,11290,11240,120,1.08,11170,50,0.45,11000,11300,1400-10-22,2022-01-12
301,افرا,افرانت,426,2019609,42017305700,21850,20800,20800,-1050,-4.81,20800,-1050,-4.81,20800,21600,1400-10-22,2022-01-12
302,سفارس,سيمان فارس و خوزستان,421,1703764,26199590640,15420,15020,15350,-70,-0.45,15390,-30,-0.19,15020,15600,1400-10-22,2022-01-12
303,تسه9912,امتياز تسهيلات مسكن اسفند99,418,5571,7105688339,1223248,1266500,1240000,16752,1.37,1275478,52230,4.27,1225006,1284410,1400-10-22,2022-01-12
304,غبشهر,صنعتي‌ بهشهر,414,17987003,63571740608,3368,3508,3536,168,4.99,3534,166,4.93,3431,3536,1400-10-22,2022-01-12
305,فزرين,زرين معدن آسيا,413,1815691,19226520060,10620,10690,10660,40,0.38,10590,-30,-0.28,10310,10710,1400-10-22,2022-01-12
306,وكار,بانك‌ كارآفرين‌,408,4397920,9984151739,2316,2310,2280,-36,-1.55,2303,-13,-0.56,2260,2310,1400-10-22,2022-01-12
307,خموتور,موتورسازان‌تراكتورسازي‌ايران‌,405,3229585,14631007454,4569,4585,4500,-69,-1.51,4530,-39,-0.85,4450,4625,1400-10-22,2022-01-12
308,فنوال,نورد آلومينيوم‌,401,1488469,34783403770,23020,22610,23020,0,0,23370,350,1.52,21980,23880,1400-10-22,2022-01-12
309,جم,پتروشيمي جم,398,884741,44525319050,50090,51170,50210,120,0.24,50200,110,0.22,49000,51400,1400-10-22,2022-01-12
310,تسه0001,امتيازتسهيلات مسكن فروردين1400,398,5621,7179428125,1223242,1284404,1251000,27758,2.27,1277251,54009,4.42,1180923,1284404,1400-10-22,2022-01-12
311,بكهنوج,توليد برق ماهتاب كهنوج,391,8987447,9264380688,1048,1040,1029,-19,-1.81,1036,-12,-1.15,1017,1052,1400-10-22,2022-01-12
312,خكرمان,گروه اقتصادي كرمان خودرو,391,3821359,13119839807,3432,3510,3470,38,1.11,3433,1,0.03,3360,3510,1400-10-22,2022-01-12
313,ولشرقح,ح . ليزينگ ايران و شرق,389,13286899,8099095226,635,607,606,-29,-4.57,610,-25,-3.94,604,649,1400-10-22,2022-01-12
314,تسه9902,امتياز تسهيلات مسكن ارديبهشت99,386,8497,10748443572,1213858,1274550,1249998,36140,2.98,1264969,51111,4.21,1185000,1274550,1400-10-22,2022-01-12
315,فلوله,لوله‌وماشين‌سازي‌ايران‌,384,14582757,13934643213,951,950,952,1,0.11,955,4,0.42,946,965,1400-10-22,2022-01-12
316,شرانل,نفت ايرانول,382,560690,24814421200,45150,44500,43950,-1200,-2.66,44500,-650,-1.44,43900,45150,1400-10-22,2022-01-12
317,واحصا,احياء صنايع خراسان,382,533458,17327836950,33400,32400,32400,-1000,-2.99,32500,-900,-2.69,32400,33450,1400-10-22,2022-01-12
318,ساوه,سيمان ساوه,382,101434,4520049100,45850,44950,44350,-1500,-3.27,45450,-400,-0.87,44300,45000,1400-10-22,2022-01-12
319,پرداخت,به پرداخت ملت,381,1081585,16217229280,14620,14970,15100,480,3.28,14960,340,2.33,14500,15350,1400-10-22,2022-01-12
320,ضخود2020,اختيارخ خودرو-3000-1401/02/07,380,17497,1423093000,84,77,78,-6,-7.14,81,-3,-3.57,77,90,1400-10-22,2022-01-12
321,تسه9911,امتياز تسهيلات مسكن بهمن99,373,6539,8308294916,1219332,1266000,1210000,-9332,-0.77,1270576,51244,4.2,1200000,1280298,1400-10-22,2022-01-12
322,بموتو,موتوژن‌,372,357616,25604006410,73100,73890,70480,-2620,-3.58,71600,-1500,-2.05,70000,73890,1400-10-22,2022-01-12
323,كساوه,صنايع‌ كاشي‌ و سراميك‌ سينا,370,956109,43501454120,44920,46600,45010,90,0.2,45500,580,1.29,44140,46600,1400-10-22,2022-01-12
324,شفارس,صنايع‌ شيميايي‌ فارس‌,367,7621754,7442207026,985,990,977,-8,-0.81,981,-4,-0.41,970,997,1400-10-22,2022-01-12
325,وهنر,گروه توسعه هنر ايران,367,5203957,12259252950,2425,2360,2353,-72,-2.97,2356,-69,-2.85,2353,2402,1400-10-22,2022-01-12
326,دبالك,مواد اوليه دارويي البرز بالك,364,1383592,10915311520,7710,8060,7840,130,1.69,7840,130,1.69,7660,8060,1400-10-22,2022-01-12
327,آگاس,صندوق س.هستي بخش آگاه-س,364,485014,36352574506,75241,74400,75098,-143,-0.19,74952,-289,-0.38,74400,75500,1400-10-22,2022-01-12
328,خاهن,آهنگري‌ تراكتورسازي‌ ايران‌,363,6147895,25579715348,4180,4141,4181,1,0.02,4161,-19,-0.45,4089,4249,1400-10-22,2022-01-12
329,شنفت,نفت‌ پارس‌,362,1190347,11172474610,9800,9350,9310,-490,-5,9730,-70,-0.71,9310,9790,1400-10-22,2022-01-12
330,غمينو,شركت صنايع غذايي مينو شرق,358,2587890,10457209219,3944,4022,4041,97,2.46,4010,66,1.67,3960,4130,1400-10-22,2022-01-12
331,آبين,كشت و صنعت آبشيرين,358,8666840,13952587211,1571,1530,1618,47,2.99,1610,39,2.48,1530,1618,1400-10-22,2022-01-12
332,بشهاب,لامپ‌  پارس‌ شهاب‌,358,316551,44792055550,138510,140500,142010,3500,2.53,141500,2990,2.16,139020,144990,1400-10-22,2022-01-12
333,كبافق,معادن‌ بافق‌,358,383399,9966722250,25680,25680,25710,30,0.12,25910,230,0.9,25680,26400,1400-10-22,2022-01-12
334,دسانكو,داروسازي سبحان انكولوژي,358,1330063,15288285840,11460,11450,11600,140,1.22,11490,30,0.26,11110,11670,1400-10-22,2022-01-12
335,كسرا,سراميك‌هاي‌صنعتي‌اردكان‌,357,3048781,42664184400,13570,14240,13900,330,2.43,13990,420,3.1,13600,14240,1400-10-22,2022-01-12
336,شبهرن,نفت‌ بهران‌,356,2327582,25112711930,10940,11000,10850,-90,-0.82,10870,-70,-0.64,10650,11000,1400-10-22,2022-01-12
337,ياقوت,صندوق س ياقوت آگاه-ثابت,355,4252803,59490070350,13984,13983,13990,6,0.04,13988,4,0.03,13983,13990,1400-10-22,2022-01-12
338,تسه9910,امتياز تسهيلات مسكن دي99,352,5818,7340360291,1219990,1250000,1260000,40010,3.28,1261664,41674,3.42,1161177,1280989,1400-10-22,2022-01-12
339,كساپا,سايپاشيشه‌,351,890844,12675551700,14870,14750,14160,-710,-4.77,14290,-580,-3.9,14130,14750,1400-10-22,2022-01-12
340,تليسه,دامداري تليسه نمونه,349,6574374,13971474714,2032,2045,2133,101,4.97,2122,90,4.43,2039,2133,1400-10-22,2022-01-12
341,غاذر,كشت‌وصنعت‌پياذر,339,523671,18288659690,34790,35580,35200,410,1.18,34920,130,0.37,33960,35580,1400-10-22,2022-01-12
342,ريشمك,توليد و صادرات ريشمك,339,474363,14209958450,30850,30700,29400,-1450,-4.7,30000,-850,-2.76,29350,31000,1400-10-22,2022-01-12
343,وايران,ليزينگ ايرانيان,337,18570464,51439003920,2639,2770,2770,131,4.96,2770,131,4.96,2690,2770,1400-10-22,2022-01-12
344,ارفع,شركت آهن و فولاد ارفع,336,946742,13008140340,14230,13720,13740,-490,-3.44,14130,-100,-0.7,13600,14000,1400-10-22,2022-01-12
345,ولملتح,ح . واسپاري ملت,329,8976102,9843360239,1126,1100,1094,-32,-2.84,1097,-29,-2.58,1079,1145,1400-10-22,2022-01-12
346,وشهر,بانك شهر,329,2668412,10860209710,4049,4049,4100,51,1.26,4058,9,0.22,4047,4112,1400-10-22,2022-01-12
347,جوين,كشت و صنعت جوين,321,7439362,18090477902,2370,2380,2441,71,3,2432,62,2.62,2325,2441,1400-10-22,2022-01-12
348,فرآور,فرآوري‌موادمعدني‌ايران‌,316,379282,9550468970,25070,25560,25000,-70,-0.28,25150,80,0.32,24900,25820,1400-10-22,2022-01-12
349,لسرما,سرما آفرين‌,316,662232,13693828040,20360,20580,20800,440,2.16,20630,270,1.33,20040,21000,1400-10-22,2022-01-12
350,وسگيلا,شركت س استان گيلان,315,18258160,7837030648,434,421,434,0,0,433,-1,-0.23,419,435,1400-10-22,2022-01-12
351,مرقام,ايران‌ارقام‌,315,1454133,13771389930,9640,9270,9540,-100,-1.04,9480,-160,-1.66,9270,9950,1400-10-22,2022-01-12
352,حريل,ريل پردازسير,314,2862150,6819799155,2413,2370,2374,-39,-1.62,2399,-14,-0.58,2326,2437,1400-10-22,2022-01-12
353,سصفها,سيمان‌اصفهان‌,314,642777,16069247500,24880,25500,25180,300,1.21,25000,120,0.48,24250,25500,1400-10-22,2022-01-12
354,اطلس,صندوق س.توسعه اندوخته آينده-س,314,110009,25825887440,235589,236877,235995,406,0.17,234762,-827,-0.35,233800,236877,1400-10-22,2022-01-12
355,آكورد,صندوق س. آرمان آتي كوثر-د,313,7089545,256968790717,36228,36246,36246,18,0.05,36246,18,0.05,36245,36250,1400-10-22,2022-01-12
356,دزهراوي,داروسازي‌زهراوي‌,312,1640441,6577454955,4057,4100,3985,-72,-1.77,4035,-22,-0.54,3983,4119,1400-10-22,2022-01-12
357,وتوصا,گروه س توسعه صنعتي ايران,312,1754176,17882624890,10170,10400,10160,-10,-0.1,10190,20,0.2,10000,10400,1400-10-22,2022-01-12
358,دانا,بيمه دانا,312,9185442,41710181199,4535,4540,4540,5,0.11,4541,6,0.13,4530,4600,1400-10-22,2022-01-12
359,غپآذر,شير پگاه آذربايجان شرقي,311,1736490,50776325400,27900,29200,29250,1350,4.84,29250,1350,4.84,28500,29250,1400-10-22,2022-01-12
360,تبرك,گروه كارخانجات صنعتي تبرك,311,783635,6225117990,7880,7920,7890,10,0.13,7910,30,0.38,7820,8100,1400-10-22,2022-01-12
361,دتوليد,داروسازي توليد دارو,311,777866,5790867250,7470,7450,7400,-70,-0.94,7460,-10,-0.13,7330,7600,1400-10-22,2022-01-12
362,سغرب,سيمان‌غرب‌,310,1685293,24250522790,15050,15000,14340,-710,-4.72,14390,-660,-4.39,14300,15030,1400-10-22,2022-01-12
363,اتكاي,بيمه اتكايي ايرانيان,309,2335230,22802470590,9690,9840,9800,110,1.14,9760,70,0.72,9710,9940,1400-10-22,2022-01-12
364,كروي,توسعه‌ معادن‌ روي‌ ايران‌,305,1002437,22280320720,21810,21340,22320,510,2.34,22230,420,1.93,21340,22890,1400-10-22,2022-01-12
365,كتوكاح,ح.توليدي وخدمات صنايع نسوزتوكا,301,1334400,6214572889,4902,4659,4657,-245,-5,4657,-245,-5,4657,4660,1400-10-22,2022-01-12
366,دسبحان,سبحان دارو,300,763589,6679267430,9130,8750,8680,-450,-4.93,8860,-270,-2.96,8680,9000,1400-10-22,2022-01-12
367,شاملا,معدني‌ املاح‌  ايران‌,300,973239,11099655590,11800,12070,11240,-560,-4.75,11490,-310,-2.63,11210,12070,1400-10-22,2022-01-12
368,وپترو,سرمايه‌گذاري صنايع پتروشيمي‌,300,606817,6375885830,10500,10700,10690,190,1.81,10500,0,0,10320,10750,1400-10-22,2022-01-12
369,آسيا,بيمه آسيا,299,6228734,10734350028,1729,1720,1719,-10,-0.58,1725,-4,-0.23,1709,1738,1400-10-22,2022-01-12
370,فباهنر,مس‌ شهيدباهنر,298,578333,15552509310,26330,26160,26860,530,2.01,26640,310,1.18,26160,27200,1400-10-22,2022-01-12
371,دتوزيع,توزيع دارو پخش,297,436897,10836030950,24850,24800,24750,-100,-0.4,24800,-50,-0.2,24450,25250,1400-10-22,2022-01-12
372,شكام,صنايع شيميايي كيمياگران امروز,296,1205041,34119166800,28000,28000,28950,950,3.39,28300,300,1.07,27600,29200,1400-10-22,2022-01-12
373,وآوا,سرمايه گذاري آوا نوين,296,2077634,5089172027,2507,2416,2420,-87,-3.47,2486,-21,-0.84,2415,2494,1400-10-22,2022-01-12
374,فمراد,آلومراد,294,926055,11268064280,12320,12130,12180,-140,-1.14,12200,-120,-0.97,11990,12530,1400-10-22,2022-01-12
375,تسه9909,امتياز تسهيلات مسكن آذر99,294,5866,7358693059,1217955,1278852,1240000,22045,1.81,1254465,36510,3,1158063,1278852,1400-10-22,2022-01-12
376,ماني,صندوق س. با درآمد ثابت ماني,294,10215296,110442663418,10806,10811,10811,5,0.05,10811,5,0.05,10811,10813,1400-10-22,2022-01-12
377,سپر,صندوق س سپر سرمايه بيدار- ثابت,293,8163351,110749327093,13553,13565,13567,14,0.1,13567,14,0.1,13564,13571,1400-10-22,2022-01-12
378,چافست,افست‌,290,1092869,9014267940,8520,8200,8200,-320,-3.76,8350,-170,-2,8120,8500,1400-10-22,2022-01-12
379,زمگسا,كشاورزي‌ ودامپروي‌ مگسال‌,286,1400769,25538486690,17430,16900,18300,870,4.99,18230,800,4.59,16900,18300,1400-10-22,2022-01-12
380,قهكمت,قندهكمتان‌,285,1840311,8520805509,4578,4700,4620,42,0.92,4608,30,0.66,4380,4750,1400-10-22,2022-01-12
381,ثنور,سرمايه گذاري كوه نور,285,1906596,14186334100,7830,7440,7440,-390,-4.98,7440,-390,-4.98,7440,7650,1400-10-22,2022-01-12
382,وسكاب,س.ص.بازنشستگي كاركنان بانكها,284,2665851,7678804010,2882,2851,2880,-2,-0.07,2881,-1,-0.03,2851,2950,1400-10-22,2022-01-12
383,قچار,فراوردههاي غذايي وقند چهارمحال,284,3010589,27454728260,8760,8880,9190,430,4.91,9120,360,4.11,8770,9190,1400-10-22,2022-01-12
384,خودكفا,اقتصادي و خودكفايي آزادگان,280,3050409,21779920260,6800,7140,7140,340,5,7140,340,5,7140,7140,1400-10-22,2022-01-12
385,لابسا,آبسال‌,280,316963,10049482600,31070,32620,31300,230,0.74,31510,440,1.42,31110,32620,1400-10-22,2022-01-12
386,ورازي,بيمه رازي,279,8181299,10000954902,1259,1258,1222,-37,-2.94,1222,-37,-2.94,1222,1258,1400-10-22,2022-01-12
387,حشكوه,دليجان طلايي شكوه پارس,279,1771180,5912223192,3301,3250,3370,69,2.09,3322,21,0.64,3250,3383,1400-10-22,2022-01-12
388,وسين,بيمه سينا,278,3319135,11063816790,3261,3329,3261,0,0,3333,72,2.21,3187,3358,1400-10-22,2022-01-12
389,ساينا,صنايع بهداشتي ساينا,276,203336,18952953600,88850,92200,93250,4400,4.95,93200,4350,4.9,91450,93250,1400-10-22,2022-01-12
390,فجام,جام‌دارو,276,2131759,8577105472,3974,3921,4038,64,1.61,4004,30,0.75,3921,4121,1400-10-22,2022-01-12
391,زدشت,كشت و صنعت دشت خرم دره,274,1114938,14445870270,12360,12500,12970,610,4.94,12930,570,4.61,12500,12970,1400-10-22,2022-01-12
392,فسازان,غلتك سازان سپاهان,273,1824060,7561883344,4237,4100,4101,-136,-3.21,4188,-49,-1.16,4100,4290,1400-10-22,2022-01-12
393,سخاش,سيمان‌خاش‌,273,88221,7087846370,79850,81660,79960,110,0.14,80090,240,0.3,79850,81660,1400-10-22,2022-01-12
394,زملاردح,ح.كشاورزي و دامپروري ملارد شير,273,1013046,6105419010,5820,6070,6110,290,4.98,6030,210,3.61,5560,6110,1400-10-22,2022-01-12
395,سغدير,توسعه سرمايه و صنعت غدير,272,547260,8056817340,14650,14800,14820,170,1.16,14680,30,0.2,14510,14840,1400-10-22,2022-01-12
396,ومعلم,بيمه معلم,271,3359118,6196442841,1830,1844,1869,39,2.13,1836,6,0.33,1800,1876,1400-10-22,2022-01-12
397,ستران,سيمان‌ تهران‌,270,484072,9169336620,19110,19180,18860,-250,-1.31,19000,-110,-0.58,18800,19190,1400-10-22,2022-01-12
398,خچرخش,چرخشگر,270,1621218,10918348010,6900,6630,6620,-280,-4.06,6770,-130,-1.88,6590,7030,1400-10-22,2022-01-12
399,زشريف,كشت وصنعت شريف آباد,267,3221438,11114534715,3297,3380,3461,164,4.97,3406,109,3.31,3213,3461,1400-10-22,2022-01-12
400,بخاور,بيمه زندگي خاورميانه,267,2989798,6763455483,2177,2283,2224,47,2.16,2215,38,1.75,2081,2285,1400-10-22,2022-01-12
401,وثنو,سرمايه گذاري ساختماني نوين,266,4340514,18295099231,4164,4275,4199,35,0.84,4215,51,1.22,4103,4275,1400-10-22,2022-01-12
402,رانفور,خدمات‌انفورماتيك‌,264,5203247,18059666323,3470,3495,3475,5,0.14,3470,0,0,3410,3500,1400-10-22,2022-01-12
403,تنوين,تامين سرمايه نوين,263,9822368,61615933720,6260,6220,6180,-80,-1.28,6270,10,0.16,6170,6340,1400-10-22,2022-01-12
404,همراه,شركت ارتباطات سيار ايران,260,1251958,9651249590,7850,7720,7700,-150,-1.91,7840,-10,-0.13,7660,7790,1400-10-22,2022-01-12
405,فافق,صنايع مس افق كرمان,258,5012803,15644253149,3132,3130,3160,28,0.89,3121,-11,-0.35,3050,3190,1400-10-22,2022-01-12
406,زفكا,كشت و دامداري فكا,256,2925819,21726143920,7130,7210,7480,350,4.91,7430,300,4.21,7150,7480,1400-10-22,2022-01-12
407,كي بي سي,شركت كي بي سي,255,627883,11322101850,17360,17600,18220,860,4.95,17840,480,2.76,17410,18220,1400-10-22,2022-01-12
408,قلرست,قند لرستان‌,252,681376,10424036780,15480,15990,15000,-480,-3.1,15350,-130,-0.84,14710,16230,1400-10-22,2022-01-12
409,وسبحان,سرمايه گذاري سبحان,252,6352990,14160953206,2258,2229,2247,-11,-0.49,2229,-29,-1.28,2146,2290,1400-10-22,2022-01-12
410,گكيش,توريستي ورفاهي آبادگران كيش,250,614887,12127091750,20300,19700,19700,-600,-2.96,19700,-600,-2.96,19700,20300,1400-10-22,2022-01-12
411,بنو,بيمه تجارت نو,250,2976200,18319904060,6280,6260,6130,-150,-2.39,6160,-120,-1.91,6010,6260,1400-10-22,2022-01-12
412,آوا,صندوق س.سهام آواي معيار-س,250,1616006,12209541649,7598,7540,7570,-28,-0.37,7555,-43,-0.57,7460,7609,1400-10-22,2022-01-12
413,فلامي,لاميران‌,250,1204825,21212761070,18380,18890,17470,-910,-4.95,17610,-770,-4.19,17470,18890,1400-10-22,2022-01-12
414,تكمبا,كمباين‌ سازي‌ ايران‌,249,3216386,11404933230,3553,3620,3461,-92,-2.59,3547,-6,-0.17,3381,3648,1400-10-22,2022-01-12
415,زماهان,مجتمع توليد گوشت مرغ ماهان,248,1811506,12066452090,6370,6470,6680,310,4.87,6610,240,3.77,6410,6680,1400-10-22,2022-01-12
416,گوهر,صندوق سكه طلاي كيان,247,462433,27470983574,59608,60349,59001,-607,-1.02,59405,-203,-0.34,58900,60969,1400-10-22,2022-01-12
417,انار,صندوق س.انارنماد ارزش-درسهام,245,684618,6173665800,8870,9060,9060,190,2.14,9020,150,1.69,8940,9070,1400-10-22,2022-01-12
418,كيسون,شركت كيسون,244,13774127,22438032333,1582,1629,1629,47,2.97,1629,47,2.97,1624,1629,1400-10-22,2022-01-12
419,وتوكا,سرمايه‌گذاري‌توكافولاد(هلدينگ,242,2540984,17493273530,6930,6920,6780,-150,-2.16,6880,-50,-0.72,6770,7080,1400-10-22,2022-01-12
420,ددام,داروسازي زاگرس فارمد پارس,242,618492,5103687990,8220,8460,8080,-140,-1.7,8230,10,0.12,8070,8460,1400-10-22,2022-01-12
421,سشرق,سيمان‌ شرق‌,241,1546511,10832549720,7070,6790,7000,-70,-0.99,7020,-50,-0.71,6790,7090,1400-10-22,2022-01-12
422,قصفها,قنداصفهان‌,241,86638,6439675090,72320,74300,74140,1820,2.52,73200,880,1.22,72600,75880,1400-10-22,2022-01-12
423,غفارس,شير پاستوريزه پگاه فارس,241,1525840,7561877200,4950,4990,4890,-60,-1.21,4950,0,0,4850,5060,1400-10-22,2022-01-12
424,وسپه,سرمايه‌گذاري‌ سپه‌,240,1064048,8498146400,8060,7990,7960,-100,-1.24,8040,-20,-0.25,7940,8060,1400-10-22,2022-01-12
425,مدير,ص.س.مديريت ثروت ص.بازنشستگي-س,240,541595,4814970723,8988,8999,8910,-78,-0.87,8890,-98,-1.09,8828,8999,1400-10-22,2022-01-12
426,زبينا,كشاورزي و دامپروري بينالود,239,4603383,10306820084,2138,2180,2244,106,4.96,2209,71,3.32,2179,2244,1400-10-22,2022-01-12
427,پلاستح,ح.كارخانجات توليدي پلاستيران,236,3811339,11568057825,3091,3180,3014,-77,-2.49,3035,-56,-1.81,3011,3180,1400-10-22,2022-01-12
428,ومشان,س. فني و مهندسي مشانير,236,175313,7484636600,43800,42500,42500,-1300,-2.97,42700,-1100,-2.51,42500,44650,1400-10-22,2022-01-12
429,كسعدي,كاشي‌ سعدي‌,236,1055009,7346409410,6950,6960,6860,-90,-1.29,6960,10,0.14,6860,7140,1400-10-22,2022-01-12
430,ونيكي,سرمايه‌گذاري‌ ملي‌ايران‌,234,1144343,10322761390,9180,9000,9000,-180,-1.96,9150,-30,-0.33,8870,9250,1400-10-22,2022-01-12
431,غصينو,صنعتي مينو,232,1744172,26703273320,14590,15310,15310,720,4.93,14900,310,2.12,15310,15310,1400-10-22,2022-01-12
432,ارزش,صندوق س ارزش آفرين بيدار-سهام,231,1340719,11989447380,9000,8900,8960,-40,-0.44,8940,-60,-0.67,8900,8990,1400-10-22,2022-01-12
433,ميهن,بيمه ميهن,231,4612254,10537073129,2336,2271,2360,24,1.03,2301,-35,-1.5,2240,2361,1400-10-22,2022-01-12
434,ختراك,ريخته‌گري‌ تراكتورسازي‌ ايران‌,231,2107008,10268686851,4929,4804,4920,-9,-0.18,4891,-38,-0.77,4761,4999,1400-10-22,2022-01-12
435,ضسپا1114,اختيارخ خساپا-2000-1400/11/20,231,7569,287853000,39,40,38,-1,-2.56,38,-1,-2.56,35,42,1400-10-22,2022-01-12
436,غمهرا,توليدي‌مهرام‌,231,1111321,10070476450,9030,8900,9090,60,0.66,9050,20,0.22,8900,9180,1400-10-22,2022-01-12
437,ضصاد1113,اختيارخ وبصادر-2000-1400/11/06,230,11481,896015000,79,80,72,-7,-8.86,78,-1,-1.27,50,88,1400-10-22,2022-01-12
438,وخاور,بانك خاورميانه,230,14157275,70428223372,5009,4965,4975,-34,-0.68,4975,-34,-0.68,4880,5010,1400-10-22,2022-01-12
439,سپ,پرداخت الكترونيك سامان كيش,229,555363,17793750180,31730,30220,31240,-490,-1.54,31820,90,0.28,30220,32840,1400-10-22,2022-01-12
440,زكشت,كشاورزي مكانيزه اصفهان كشت,229,876852,15222221390,16620,16280,17450,830,4.99,17360,740,4.45,16280,17450,1400-10-22,2022-01-12
441,بنيرو,نيروترانس‌,229,2876847,4900361075,1761,1713,1725,-36,-2.04,1740,-21,-1.19,1673,1759,1400-10-22,2022-01-12
442,تپمپي,پمپ‌ سازي‌ ايران‌,228,753024,15380946370,20030,20570,20210,180,0.9,20430,400,2,20000,20630,1400-10-22,2022-01-12
443,وبوعلي,سرمايه‌گذاري‌بوعلي‌,227,1905225,6733677446,3553,3500,3525,-28,-0.79,3544,-9,-0.25,3496,3584,1400-10-22,2022-01-12
444,شرنگي,شيميايي رنگين,227,113378,24574021150,210550,212850,216850,6300,2.99,216750,6200,2.94,212850,216850,1400-10-22,2022-01-12
445,وگستر,گسترش سرمايه گذاري ايرانيان,224,2099802,10171005960,4880,4960,4860,-20,-0.41,4850,-30,-0.61,4640,4960,1400-10-22,2022-01-12
446,ولصنم,ليزينگ‌صنعت‌ومعدن‌,223,2058165,7087919998,3486,3370,3524,38,1.09,3465,-21,-0.6,3370,3547,1400-10-22,2022-01-12
447,شفا,سرمايه گذاري شفادارو,223,639550,7169378920,11150,11250,11200,50,0.45,11180,30,0.27,11030,11400,1400-10-22,2022-01-12
448,دكوثر,داروسازي‌ كوثر,220,1237163,3112849736,2597,2577,2537,-60,-2.31,2579,-18,-0.69,2468,2569,1400-10-22,2022-01-12
449,حخزر,كشتيراني درياي خزر,219,901544,13593231660,14370,15080,15080,710,4.94,14950,580,4.04,14750,15080,1400-10-22,2022-01-12
450,شپاكسا,پاكسان‌,219,877212,16837387440,19270,19280,19550,280,1.45,19190,-80,-0.42,18960,19550,1400-10-22,2022-01-12
451,شگل,گلتاش‌,219,1755467,9837250060,5640,5680,5700,60,1.06,5610,-30,-0.53,5540,5700,1400-10-22,2022-01-12
452,پاكشو,گروه صنعتي پاكشو,217,3274812,19514989950,6040,5920,5930,-110,-1.82,6030,-10,-0.17,5900,6040,1400-10-22,2022-01-12
453,وبشهر,توسعه‌ صنايع‌ بهشهر(هلدينگ,217,2266219,15475024640,6700,6530,6650,-50,-0.75,6750,50,0.75,6530,6900,1400-10-22,2022-01-12
454,تسه9907,امتياز تسهيلات مسكن مهر99,216,4569,5734135771,1215441,1216150,1262000,46559,3.83,1255009,39568,3.26,1200000,1276213,1400-10-22,2022-01-12
455,وصندوق,سرمايه‌گذاري‌صندوق‌بازنشستگي‌,215,1954988,21999825410,11580,11260,11250,-330,-2.85,11510,-70,-0.6,11170,11500,1400-10-22,2022-01-12
456,شيراز,پتروشيمي‌شيراز,215,187208,13130709910,70980,70110,69980,-1000,-1.41,70860,-120,-0.17,69500,71300,1400-10-22,2022-01-12
457,بساما,بيمه سامان,215,568941,11233544980,19290,19750,19910,620,3.21,19600,310,1.61,19260,20100,1400-10-22,2022-01-12
458,سبهان,سيمان‌ بهبهان‌,213,131154,5382499210,41450,40820,41020,-430,-1.04,41290,-160,-0.39,40820,42120,1400-10-22,2022-01-12
459,خوساز,محورسازان‌ايران‌خودرو,213,1068312,7317580090,7020,6820,6770,-250,-3.56,6930,-90,-1.28,6750,7100,1400-10-22,2022-01-12
460,آ س پ,آ.س.پ,213,1358989,7179704650,5490,5490,5220,-270,-4.92,5380,-110,-2,5220,5560,1400-10-22,2022-01-12
461,جم پيلن,پلي پروپيلن جم - جم پيلن,212,80517,9456678020,118210,115530,117110,-1100,-0.93,118130,-80,-0.07,115530,119960,1400-10-22,2022-01-12
462,كفرآور,فرآورده هاي سيمان شرق,211,676147,13106714090,19730,19550,19440,-290,-1.47,19380,-350,-1.77,19140,19990,1400-10-22,2022-01-12
463,وسنا,سرمايه گذاري نيروگاهي ايران,210,1442248,12192825150,8670,8530,8410,-260,-3,8450,-220,-2.54,8410,8790,1400-10-22,2022-01-12
464,شاملاح,ح . معدني‌ املاح‌  ايران‌,210,892953,6050589140,6970,6970,6750,-220,-3.16,6780,-190,-2.73,6640,6980,1400-10-22,2022-01-12
465,ثعمرا,عمران و توسعه شاهد,209,1054787,7139152870,6820,6750,6630,-190,-2.79,6790,-30,-0.44,6580,6940,1400-10-22,2022-01-12
466,زشگزا,شير و گوشت زاگرس شهركرد,209,2986893,14515230653,4635,4759,4866,231,4.98,4858,223,4.81,4680,4866,1400-10-22,2022-01-12
467,رنيك,جنرال مكانيك,209,686083,7347096840,10520,10500,10600,80,0.76,10620,100,0.95,10320,10910,1400-10-22,2022-01-12
468,تسه9901,امتياز تسهيلات مسكن فروردين99,209,3473,4435140419,1222886,1284030,1220000,-2886,-0.24,1277034,54148,4.43,1181010,1284030,1400-10-22,2022-01-12
469,كوثر,بيمه كوثر,208,1640890,6017383143,3782,3699,3670,-112,-2.96,3754,-28,-0.74,3640,3769,1400-10-22,2022-01-12
470,قنقش,قند نقش جهان,208,111252,15583954250,138900,141600,138750,-150,-0.11,140100,1200,0.86,136850,141600,1400-10-22,2022-01-12
471,پرديس,سرمايه گذاري پرديس,207,1809959,6132235284,3375,3469,3350,-25,-0.74,3380,5,0.15,3333,3469,1400-10-22,2022-01-12
472,شوينده,مديريت صنعت شوينده ت.ص.بهشهر,206,689124,12531877150,18300,18300,18130,-170,-0.93,18200,-100,-0.55,18120,18480,1400-10-22,2022-01-12
473,وپسا,س. پتروشيمي ساختمان  خليج فارس,204,3587256,5328344765,1511,1491,1511,0,0,1497,-14,-0.93,1469,1511,1400-10-22,2022-01-12
474,شخارك,پتروشيمي‌ خارك‌,204,187642,9015067980,49310,48740,48000,-1310,-2.66,49190,-120,-0.24,47900,48740,1400-10-22,2022-01-12
475,تابا,تابان نيرو سپاهان,202,336565,7040587800,21500,21800,20900,-600,-2.79,20900,-600,-2.79,20900,21800,1400-10-22,2022-01-12
476,تماوند,تامين سرمايه دماوند,202,3218110,19327017920,5970,5970,6000,30,0.5,6010,40,0.67,5920,6130,1400-10-22,2022-01-12
477,تكنو,تكنوتار,201,978332,5905553700,6340,6030,6030,-310,-4.89,6210,-130,-2.05,6030,6110,1400-10-22,2022-01-12
478,وثوق,سرمايه گذاري وثوق امين,201,464438,4123832850,8990,8840,8730,-260,-2.89,8940,-50,-0.56,8730,9250,1400-10-22,2022-01-12
479,كامياب2,صندوق س. كامياب آشنا-د,200,20000000,20000000,11239,1,1,-11238,-99.99,1,-11238,-99.99,1,1,1400-10-22,2022-01-12
480,نيرو,نيرو سرمايه,200,292043,9026467550,30100,30100,31000,900,2.99,30850,750,2.49,30100,31000,1400-10-22,2022-01-12
481,تسه9903,امتياز تسهيلات مسكن خرداد99,198,1754,2231188676,1225425,1210020,1200000,-25425,-2.07,1272057,46632,3.81,1164154,1286696,1400-10-22,2022-01-12
482,ولقمان,سرمايه گذاري لقمان,198,955232,2561945965,2763,2682,2682,-81,-2.93,2742,-21,-0.76,2681,2717,1400-10-22,2022-01-12
483,اعتلا,شركت سرمايه گذاري اعتلاء البرز,197,892601,3085781775,3520,3590,3410,-110,-3.13,3507,-13,-0.37,3401,3600,1400-10-22,2022-01-12
484,بايكا,كارخانجات كابلسازي ‌ايران‌,197,355236,5216218190,15000,15370,14550,-450,-3,14830,-170,-1.13,14550,15370,1400-10-22,2022-01-12
485,نوين,بيمه نوين,197,1328570,4736227838,3625,3625,3647,22,0.61,3605,-20,-0.55,3505,3666,1400-10-22,2022-01-12
486,دكپسول,توليد ژلاتين كپسول ايران,196,293953,8872777950,30400,30700,30000,-400,-1.32,30250,-150,-0.49,29950,30950,1400-10-22,2022-01-12
487,حپارسا,توسعه حمل و نقل ريلي پارسيان,196,537092,15295348550,28400,28200,28150,-250,-0.88,28500,100,0.35,28100,29250,1400-10-22,2022-01-12
488,ثشرق,سرمايه گذاري مسكن شمال شرق,195,1396958,4587615964,3266,3364,3300,34,1.04,3272,6,0.18,3200,3364,1400-10-22,2022-01-12
489,وملل,اعتباري ملل,195,1426223,13531537200,9610,9410,9500,-110,-1.14,9570,-40,-0.42,9310,9610,1400-10-22,2022-01-12
490,لبوتان,گروه‌صنعتي‌بوتان‌,195,141967,6101251670,43700,43700,42130,-1570,-3.59,43410,-290,-0.66,42000,44520,1400-10-22,2022-01-12
491,ضخود2017,اختيارخ خودرو-1800-1401/02/07,195,10295,5517191000,533,500,540,7,1.31,536,3,0.56,500,570,1400-10-22,2022-01-12
492,پلاسك,پلاسكوكار,194,1084092,4493995164,4243,4100,4122,-121,-2.85,4213,-30,-0.71,4100,4280,1400-10-22,2022-01-12
493,كمينا,شيشه سازي مينا,191,883985,6783755160,7810,7640,7680,-130,-1.66,7710,-100,-1.28,7580,7990,1400-10-22,2022-01-12
494,سپاها,سيمان‌سپاهان‌,189,920933,6633263560,7320,7200,7230,-90,-1.23,7270,-50,-0.68,7100,7330,1400-10-22,2022-01-12
495,بمپنا,توليد برق عسلويه  مپنا,189,1193367,6670716080,5860,5750,5620,-240,-4.1,5760,-100,-1.71,5570,5750,1400-10-22,2022-01-12
496,دامين,داروسازي‌ امين‌,188,2991225,6841084641,2323,2254,2269,-54,-2.32,2305,-18,-0.77,2246,2347,1400-10-22,2022-01-12
497,چفيبر,فيبر ايران‌,187,620973,4197899380,6960,7090,6730,-230,-3.3,6900,-60,-0.86,6660,7090,1400-10-22,2022-01-12
498,ثباغ,شهر سازي و خانه سازي باغميشه,186,1466246,10613623500,7510,7420,7410,-100,-1.33,7310,-200,-2.66,7140,7600,1400-10-22,2022-01-12
499,غشان,شيرپاستوريزه‌پگاه‌خراسان‌,183,1051603,4032717501,3841,3847,3804,-37,-0.96,3839,-2,-0.05,3683,3945,1400-10-22,2022-01-12
500,دلر,داروسازي‌ اكسير,183,202499,8093733470,39240,39950,40400,1160,2.96,39570,330,0.84,39030,40680,1400-10-22,2022-01-12
501,ولشرق,ليزينگ ايران و شرق,182,2320315,4881284205,2177,2122,2101,-76,-3.49,2151,-26,-1.19,2091,2150,1400-10-22,2022-01-12
502,كفرا,فراورده‌ هاي‌ نسوزايران‌,178,756136,5674162730,7560,7800,7330,-230,-3.04,7540,-20,-0.26,7330,7800,1400-10-22,2022-01-12
503,تسه9906,امتياز تسهيلات مسكن شهريور99,178,1776,2263796069,1219962,1159000,1245000,25038,2.05,1274660,54698,4.48,1159000,1280960,1400-10-22,2022-01-12
504,دروز,داروسازي‌ روزدارو,174,236677,7134626040,29820,29000,30000,180,0.6,29950,130,0.44,28360,31310,1400-10-22,2022-01-12
505,شدوصح,ح . دوده‌ صنعتي‌ پارس‌,174,1028094,7102074220,7000,6790,6860,-140,-2,6910,-90,-1.29,6790,7020,1400-10-22,2022-01-12
506,شراز,پالايش نفت شيراز,172,115061,12638317200,110100,106600,108900,-1200,-1.09,110050,-50,-0.05,106600,111800,1400-10-22,2022-01-12
507,ضخود2015,اختيارخ خودرو-1400-1401/02/07,171,5655,4584109000,823,799,805,-18,-2.19,811,-12,-1.46,765,850,1400-10-22,2022-01-12
508,تسه9904,امتياز تسهيلات مسكن تير99,170,1587,2014944570,1214878,1217050,1217000,2122,0.17,1269656,54778,4.51,1217000,1275621,1400-10-22,2022-01-12
509,وساشرقي,شركت س استان آذربايجان شرقي,170,8830501,3786478582,437,425,433,-4,-0.92,436,-1,-0.23,418,434,1400-10-22,2022-01-12
510,زعف0110پ11,زعفران0110نگين سحرخيز(پ),169,35120,13217504827,382261,375001,376290,-5971,-1.56,376353,-5908,-1.55,370000,382000,1400-10-22,2022-01-12
511,ثالوند,سرمايه گذاري مسكن الوند,169,501948,2859423020,5690,5520,5750,60,1.05,5690,0,0,5520,5780,1400-10-22,2022-01-12
512,حپترو,حمل و نقل پتروشيمي( سهامي عام,168,346184,7055015540,20310,20050,20110,-200,-0.98,20340,30,0.15,20050,20670,1400-10-22,2022-01-12
513,تسه9812,امتياز تسهيلات مسكن اسفند98,168,2247,2842585241,1208149,1268556,1241225,33076,2.74,1265058,56909,4.71,1231066,1268556,1400-10-22,2022-01-12
514,گوهران,سرمايه گذاري توسعه گوهران اميد,168,705660,3508790820,4970,4970,4920,-50,-1.01,4970,0,0,4920,5040,1400-10-22,2022-01-12
515,صنوين,صندوق سرمايه‌گذاري صنوين-مختلط,168,20378,2325598650,114500,115480,113970,-530,-0.46,114120,-380,-0.33,112430,115480,1400-10-22,2022-01-12
516,دشيمي,شيمي‌ داروئي‌ داروپخش‌,166,471635,9960953930,21020,21100,21060,40,0.19,21090,70,0.33,20980,21450,1400-10-22,2022-01-12
517,وتوس,توسعه‌شهري‌توس‌گستر,164,1567857,10974999000,6670,7000,7000,330,4.95,6960,290,4.35,7000,7000,1400-10-22,2022-01-12
518,ضخود2016,اختيارخ خودرو-1600-1401/02/07,162,10331,6857641000,671,639,660,-11,-1.64,664,-7,-1.04,639,710,1400-10-22,2022-01-12
519,نمرينو,ايران‌ مرينوس‌,162,77806,5528415620,73800,71210,71800,-2000,-2.71,72700,-1100,-1.49,70110,73460,1400-10-22,2022-01-12
520,غشهد,شهد ايران ‌,161,864684,3758664865,4386,4360,4260,-126,-2.87,4376,-10,-0.23,4229,4440,1400-10-22,2022-01-12
521,عيار,صندوق سكه طلاي مفيد,160,116813,3577826232,30612,30960,30500,-112,-0.37,30629,17,0.06,30200,30999,1400-10-22,2022-01-12
522,غشوكو,شوكو پارس,159,739309,5586629730,7780,7660,7550,-230,-2.96,7650,-130,-1.67,7550,7760,1400-10-22,2022-01-12
523,تصميم,صندوق س با درآمد ثابت تصميم,159,2225532,41223511917,18507,18508,18528,21,0.11,18523,16,0.09,18508,18528,1400-10-22,2022-01-12
524,لخزر,پارس‌ خزر,159,28023,2995187670,108960,106300,108800,-160,-0.15,108510,-450,-0.41,105900,108950,1400-10-22,2022-01-12
525,غشاذر,پگاه‌آذربايجان‌غربي‌,156,684771,3181091650,4704,4530,4588,-116,-2.47,4691,-13,-0.28,4520,4776,1400-10-22,2022-01-12
526,كگهر,سنگ آهن گهرزمين,155,674465,32358275700,48100,47250,47450,-650,-1.35,48050,-50,-0.1,47250,48350,1400-10-22,2022-01-12
527,ثاصفا,شركت‌ ساختمان‌ اصفهان‌,154,397062,3207738380,8300,8240,8060,-240,-2.89,8190,-110,-1.33,8060,8250,1400-10-22,2022-01-12
528,وحكمت,بيمه حكمت صبا,153,3126136,9404502738,3101,3008,3008,-93,-3,3008,-93,-3,3008,3170,1400-10-22,2022-01-12
529,دعبيد,لابراتوارداروسازي‌  دكترعبيدي‌,153,225862,4174651960,18780,18210,18710,-70,-0.37,18740,-40,-0.21,18200,18710,1400-10-22,2022-01-12
530,بسويچ,پارس‌سويچ‌,151,346625,4639142700,13800,13900,13300,-500,-3.62,13660,-140,-1.01,13110,13900,1400-10-22,2022-01-12
531,درهآور,دارويي ره آورد تامين,150,261699,5388650950,20400,19800,20600,200,0.98,20450,50,0.25,19800,21000,1400-10-22,2022-01-12
532,حسينا,توسعه خدمات دريايي وبندري سينا,150,212103,9650343650,45200,45600,45600,400,0.88,45400,200,0.44,43400,46100,1400-10-22,2022-01-12
533,پارسيان,بيمه پارسيان,149,951222,7884328310,8230,8340,8350,120,1.46,8260,30,0.36,8230,8380,1400-10-22,2022-01-12
534,دتماد,توليدمواداوليه‌داروپخش‌,149,134392,5289013220,39130,39180,39020,-110,-0.28,39210,80,0.2,39000,40700,1400-10-22,2022-01-12
535,شدوص,دوده‌ صنعتي‌ پارس‌,149,647223,7541244270,11940,11610,11670,-270,-2.26,11780,-160,-1.34,11450,11980,1400-10-22,2022-01-12
536,فافزا,فولاد افزا سپاهان,149,274210,7877306650,29550,28750,28700,-850,-2.88,28850,-700,-2.37,28700,29500,1400-10-22,2022-01-12
537,بزاگرس,نيروگاه زاگرس كوثر,148,1258528,3915528627,3133,3076,3112,-21,-0.67,3127,-6,-0.19,3076,3150,1400-10-22,2022-01-12
538,وتوسم,سرمايه‌گذاري‌توسعه‌ملي‌,147,1008315,8589628530,8640,8500,8500,-140,-1.62,8570,-70,-0.81,8490,8700,1400-10-22,2022-01-12
539,كگاز,شيشه‌ و گاز,147,306453,4476536420,14420,14010,14710,290,2.01,14480,60,0.42,14010,14890,1400-10-22,2022-01-12
540,كپشير,پشم‌شيشه‌ايران‌,146,339683,3536571890,10510,10240,10390,-120,-1.14,10480,-30,-0.29,10200,10590,1400-10-22,2022-01-12
541,وكادو,تكادو,145,305755,4348750470,14310,14010,14450,140,0.98,14270,-40,-0.28,14010,14570,1400-10-22,2022-01-12
542,قمرو,قند مرودشت‌,144,540099,11707826840,21080,20500,21720,640,3.04,21560,480,2.28,20050,22130,1400-10-22,2022-01-12
543,وصندوقح,ح.سرمايه گذاري صندوق بازنشستگي,144,1394942,13752762530,9980,9900,9900,-80,-0.8,9860,-120,-1.2,9780,10000,1400-10-22,2022-01-12
544,قشهد,شهد,144,446274,6745726140,14980,14890,15010,30,0.2,15040,60,0.4,14820,15350,1400-10-22,2022-01-12
545,اهرم,صندوق س سهامي كاريزما- اهرمي,143,1308449,12858842320,9820,9810,9850,30,0.31,9830,10,0.1,9810,9860,1400-10-22,2022-01-12
546,ضملت1134,اختيارخ وبملت-3500-1400/11/13,143,8275,352542000,50,40,42,-8,-16,43,-7,-14,39,49,1400-10-22,2022-01-12
547,داسوه,داروسازي‌ اسوه‌,142,154071,3725745520,24840,24590,24080,-760,-3.06,24650,-190,-0.76,23700,24840,1400-10-22,2022-01-12
548,وملت,سرمايه گذاري ملت,142,1469087,3601266070,2446,2398,2490,44,1.8,2450,4,0.16,2398,2493,1400-10-22,2022-01-12
549,ساروم,سيمان‌اروميه‌,141,215258,8045820200,37730,38030,37300,-430,-1.14,37540,-190,-0.5,37300,38030,1400-10-22,2022-01-12
550,بميلا,توسعه بازرگاني آهن وفولادميلاد,141,2428031,21607218990,8650,8850,8900,250,2.89,8900,250,2.89,8790,8900,1400-10-22,2022-01-12
551,شفارا,پتروشيمي فارابي,141,714060,4200518700,5870,5750,5940,70,1.19,5880,10,0.17,5750,6000,1400-10-22,2022-01-12
552,سكارون,سيمان كارون,139,203127,7055912250,33900,33900,34900,1000,2.95,34500,600,1.77,33050,34900,1400-10-22,2022-01-12
553,ثمسكن,سرمايه‌گذاري‌ مسكن‌,138,1004828,3409385417,3334,3440,3361,27,0.81,3348,14,0.42,3334,3440,1400-10-22,2022-01-12
554,سخزر,سيمان‌ خزر,138,397267,6467600280,16600,16310,16450,-150,-0.9,16460,-140,-0.84,16100,16600,1400-10-22,2022-01-12
555,سصوفي,سيمان‌ صوفيان‌,137,287504,4113108690,14400,14200,14230,-170,-1.18,14370,-30,-0.21,14150,14690,1400-10-22,2022-01-12
556,مداران,داده‌پردازي‌ايران‌,136,259546,3860084410,15280,14830,14760,-520,-3.4,15170,-110,-0.72,14600,15490,1400-10-22,2022-01-12
557,خشرق,الكتريك‌ خودرو شرق‌,135,404714,4614004200,11550,11230,11400,-150,-1.3,11510,-40,-0.35,11230,11630,1400-10-22,2022-01-12
558,پخش,پخش البرز,132,519826,12910720550,24800,24250,24800,0,0,24850,50,0.2,24250,25200,1400-10-22,2022-01-12
559,فولاژ,فولاد آلياژي ايران,132,508581,8704234370,17270,17050,17100,-170,-0.98,17250,-20,-0.12,17000,17380,1400-10-22,2022-01-12
560,سدور,سيمان‌ دورود,132,656147,3339349120,5110,5060,5080,-30,-0.59,5110,0,0,4920,5200,1400-10-22,2022-01-12
561,وثخوز,سرمايه گذاري و توسعه خوزستان,131,440878,12793871100,28300,27600,29100,800,2.83,29000,700,2.47,27550,29100,1400-10-22,2022-01-12
562,زعف0110پ18,زعفران0110نگين بهرامن(پ),131,45718,17083476035,377800,373000,364000,-13800,-3.65,373671,-4129,-1.09,363012,376500,1400-10-22,2022-01-12
563,واعتبار,سرمايه گذاري اعتبار ايران,130,1198796,3236644085,2820,2686,2685,-135,-4.79,2792,-28,-0.99,2680,2733,1400-10-22,2022-01-12
564,دمعيار,صندوق س. توازن معيار-د,130,4987264,48825692361,9674,9799,9801,127,1.31,9790,116,1.2,9775,9801,1400-10-22,2022-01-12
565,فلات,گروه صنايع معادن فلات ايرانيان,130,904023,8222506660,9370,9090,9350,-20,-0.21,9130,-240,-2.56,9090,9360,1400-10-22,2022-01-12
566,اتكام,بيمه اتكايي امين,130,865195,4229036914,4866,4890,4938,72,1.48,4872,6,0.12,4650,4940,1400-10-22,2022-01-12
567,شصفها,پتروشيمي‌ اصفهان‌,129,134834,15498298250,116600,115000,114350,-2250,-1.93,114950,-1650,-1.42,114300,116150,1400-10-22,2022-01-12
568,داوه,داروسازي آوه سينا,129,343253,2922181060,8740,8710,8500,-240,-2.75,8690,-50,-0.57,8440,8710,1400-10-22,2022-01-12
569,تسه9905,امتياز تسهيلات مسكن مرداد99,129,1210,1542261016,1220601,1159581,1220000,-601,-0.05,1274596,53995,4.42,1159581,1281631,1400-10-22,2022-01-12
570,قزوين,كارخانجات‌ قند قزوين‌,127,4872920,22722425960,4441,4663,4663,222,5,4663,222,5,4663,4663,1400-10-22,2022-01-12
571,كحافظ,كاشي‌ وسراميك‌ حافظ‌,126,909719,3346049681,3770,3616,3661,-109,-2.89,3748,-22,-0.58,3616,3748,1400-10-22,2022-01-12
572,واميد,گروه مديريت سرمايه گذاري اميد,126,1249158,17750549040,14270,14270,14260,-10,-0.07,14260,-10,-0.07,13950,14270,1400-10-22,2022-01-12
573,گنگين,اقتصادي نگين گردشگري ايرانيان,126,1304458,38651649650,29500,28900,29800,300,1.02,29650,150,0.51,28650,29900,1400-10-22,2022-01-12
574,سيستم,همكاران سيستم,125,1358296,6950710800,5140,5140,5170,30,0.58,5130,-10,-0.19,5060,5200,1400-10-22,2022-01-12
575,شتوكاح,ح . توكا رنگ فولاد سپاهان,125,928725,11053691920,11370,10930,11930,560,4.93,11900,530,4.66,10930,11930,1400-10-22,2022-01-12
576,سخوز,سيمان خوزستان,124,252676,5236603080,21180,20700,21000,-180,-0.85,21010,-170,-0.8,20180,21030,1400-10-22,2022-01-12
577,كنور,توسعه معدني و صنعتي صبانور,124,155971,2850742170,18760,18210,18260,-500,-2.67,18750,-10,-0.05,18150,18500,1400-10-22,2022-01-12
578,شپارس,بين‌ المللي‌ محصولات‌  پارس‌,124,514615,3635710300,7200,7280,7110,-90,-1.25,7170,-30,-0.42,6960,7280,1400-10-22,2022-01-12
579,زر,صندوق س.پشتوانه سكه طلاي زر,122,53736,2782962097,51912,52249,51636,-276,-0.53,51790,-122,-0.24,51630,52250,1400-10-22,2022-01-12
580,غگلپا,شير پاستوريزه پگاه گلپايگان,121,158082,8707811800,55000,54000,55500,500,0.91,55050,50,0.09,53750,56000,1400-10-22,2022-01-12
581,دجابر,داروسازي‌ جابرابن‌حيان‌,118,303176,3068137470,10270,10100,10010,-260,-2.53,10240,-30,-0.29,9950,10290,1400-10-22,2022-01-12
582,رتكو,كنترل‌خوردگي‌تكين‌كو,117,368212,2512304140,7080,6850,6920,-160,-2.26,7030,-50,-0.71,6730,7020,1400-10-22,2022-01-12
583,سقاين,سيمان‌ قائن‌,117,98233,3984849240,40330,40170,41000,670,1.66,40390,60,0.15,39490,41480,1400-10-22,2022-01-12
584,قپيرا,فرآورده‌هاي‌غدايي‌وقندپيرانشهر,116,398496,3149344770,8150,7870,8100,-50,-0.61,8090,-60,-0.74,7750,8150,1400-10-22,2022-01-12
585,زعف0110پ19,زعفران0110نگين تروند قاينات(پ),116,46527,17285589636,375999,371000,365010,-10989,-2.92,371517,-4482,-1.19,365010,377000,1400-10-22,2022-01-12
586,مفاخر,توسعه فناوري اطلاعات خوارزمي,114,317499,8455749750,27000,26400,26100,-900,-3.33,26800,-200,-0.74,26100,26950,1400-10-22,2022-01-12
587,وآرين,شركت توسعه اقتصادي آرين,114,2975440,5388405898,1763,1725,1815,52,2.95,1788,25,1.42,1725,1815,1400-10-22,2022-01-12
588,حبندرح,ح.دريايي وكشتيراني خط دريابندر,114,1048402,10943645690,10150,10450,10450,300,2.96,10440,290,2.86,10020,10450,1400-10-22,2022-01-12
589,اخزا006,اسنادخزانه-م6بودجه00-030723,113,218118,118763193790,543850,543860,545880,2030,0.37,544490,640,0.12,540010,545880,1400-10-22,2022-01-12
590,كطبس,ذغال‌سنگ‌ نگين‌ ط‌بس‌,112,124876,5580742360,45450,45360,44510,-940,-2.07,45160,-290,-0.64,44500,45900,1400-10-22,2022-01-12
591,فبيرا,بسته‌ بندي‌ ايران‌,110,1793393,3056287780,1730,1739,1720,-10,-0.58,1722,-8,-0.46,1679,1739,1400-10-22,2022-01-12
592,سمازن,سيمان‌مازندران‌,109,454105,6296221110,13950,13750,13900,-50,-0.36,13910,-40,-0.29,13750,14080,1400-10-22,2022-01-12
593,سپاس,صندوق س. پاداش سهامداري-ثابت,107,3653494,36686293516,10032,10042,10042,10,0.1,10041,9,0.09,10038,10042,1400-10-22,2022-01-12
594,پلاست,كارخانجات توليدي پلاستيران,106,386882,2553462510,6760,6910,6560,-200,-2.96,6720,-40,-0.59,6560,6910,1400-10-22,2022-01-12
595,كاردان,صندوق س تجارت شاخصي كاردان,106,16243,2871525640,178560,175420,176500,-2060,-1.15,176790,-1770,-0.99,175420,178610,1400-10-22,2022-01-12
596,قيستو,شركت قند بيستون,105,221964,4915188000,21700,22350,22350,650,3,21900,200,0.92,21750,22350,1400-10-22,2022-01-12
597,ركيش,كارت اعتباري ايران كيش,104,384089,2437557550,6190,6020,6310,120,1.94,6210,20,0.32,6020,6450,1400-10-22,2022-01-12
598,ولبهمن,شركت بهمن ليزينگ,104,777061,4828051900,6240,6390,6260,20,0.32,6230,-10,-0.16,6180,6390,1400-10-22,2022-01-12
599,كارين,صندوق س نگين سامان-ثابت,103,3327811,33701148107,10122,10128,10128,6,0.06,10127,5,0.05,10125,10128,1400-10-22,2022-01-12
600,ولراز,ليزينگ رازي,103,139625,2503585750,18000,18210,17970,-30,-0.17,17970,-30,-0.17,17540,18210,1400-10-22,2022-01-12
601,ويسا,سرمايه گذاري ايساتيس پويا,102,1178185,8914528630,7680,7450,7650,-30,-0.39,7580,-100,-1.3,7450,7800,1400-10-22,2022-01-12
602,كفراح,ح . فراورده‌ هاي‌ نسوزايران‌,101,470823,2217417599,4647,4888,4600,-47,-1.01,4710,63,1.36,4550,4888,1400-10-22,2022-01-12
603,وبهمن,سرمايه‌گذاري‌بهمن‌,101,192370,2691581930,13870,14490,13930,60,0.43,13890,20,0.14,13870,14490,1400-10-22,2022-01-12
604,تيپيكو,سرمايه گذاري دارويي تامين,101,310505,5582584480,18310,17730,18130,-180,-0.98,18290,-20,-0.11,17730,18300,1400-10-22,2022-01-12
605,واتي,سرمايه‌ گذاري‌ آتيه‌ دماوند,100,372696,3377093330,9200,9000,9090,-110,-1.2,9170,-30,-0.33,8880,9450,1400-10-22,2022-01-12
606,دالبر,البرزدارو,100,274683,3278266480,11930,11720,11900,-30,-0.25,11930,0,0,11720,12220,1400-10-22,2022-01-12
607,سپيدما,صندوق س. سپيد دماوند-د,99,4223666,49308001809,11669,11674,11675,6,0.05,11674,5,0.04,11674,11675,1400-10-22,2022-01-12
608,ساراب,سيمان‌ داراب‌,98,254703,4204120850,16630,16300,16520,-110,-0.66,16600,-30,-0.18,15980,16880,1400-10-22,2022-01-12
609,سفار,سيمان‌فارس‌,98,54221,2811135140,52510,51210,51990,-520,-0.99,52380,-130,-0.25,51210,52900,1400-10-22,2022-01-12
610,تسه9811,امتياز تسهيلات مسكن بهمن98,97,1345,1700443150,1204067,1264270,1264270,60203,5,1264270,60203,5,1264270,1264270,1400-10-22,2022-01-12
611,دكيمي,كيميدارو,96,162928,2621670380,16720,16200,16180,-540,-3.23,16600,-120,-0.72,16050,16400,1400-10-22,2022-01-12
612,كشرق,صنعتي و معدني شمال شرق شاهرود,96,44529,2999581500,67600,70000,68200,600,0.89,67550,-50,-0.07,65800,70000,1400-10-22,2022-01-12
613,سجامح,ح.مجتمع سيمان غرب آسيا,95,3194800,2299179978,739,733,730,-9,-1.22,720,-19,-2.57,717,741,1400-10-22,2022-01-12
614,كخاك,صنايع‌خاك‌چيني‌ايران‌,95,250787,3283417080,13520,13510,13000,-520,-3.85,13440,-80,-0.59,13000,13510,1400-10-22,2022-01-12
615,سدشت,صنايع سيمان دشتستان,94,60733,1457965590,25230,24000,23980,-1250,-4.95,25100,-130,-0.52,23970,24630,1400-10-22,2022-01-12
616,بفجر,فجر انرژي خليج فارس,93,289398,3041262840,10940,10650,10500,-440,-4.02,10920,-20,-0.18,10400,10650,1400-10-22,2022-01-12
617,وارس,سرمايه گذاري ارس صبا,92,217670,2335121960,10600,10330,10500,-100,-0.94,10630,30,0.28,10330,10800,1400-10-22,2022-01-12
618,وتوشه,سرمايه‌ گذاري‌ پارس‌ توشه‌,91,636489,3268284040,5190,5130,5130,-60,-1.16,5180,-10,-0.19,5060,5200,1400-10-22,2022-01-12
619,فيروزه,صندوق شاخص30 شركت فيروزه- سهام,91,18789,3054443030,164730,162450,162330,-2400,-1.46,162570,-2160,-1.31,162000,163970,1400-10-22,2022-01-12
620,زيتون,صندوق س زيتون نماد پايا- مختلط,91,385409,3593773880,9350,9300,9320,-30,-0.32,9320,-30,-0.32,9250,9400,1400-10-22,2022-01-12
621,سهرمز,سيمان‌هرمزگان‌,91,148536,2401478730,16410,16050,16250,-160,-0.98,16370,-40,-0.24,16050,16600,1400-10-22,2022-01-12
622,فاما,صنعتي‌ آما,90,171302,2919122350,17540,17200,16980,-560,-3.19,17430,-110,-0.63,16770,17470,1400-10-22,2022-01-12
623,وايرا,سرمايه گذاري صنايع ايران,90,570025,2430239218,4355,4268,4242,-113,-2.59,4332,-23,-0.53,4242,4340,1400-10-22,2022-01-12
624,ساربيل,سيمان آرتا اردبيل,89,273559,5808956650,21340,21000,21100,-240,-1.12,21300,-40,-0.19,20960,21670,1400-10-22,2022-01-12
625,سكه0011پ02,تمام سكه طرح جديد0011ملت,89,23200,27902379800,1203819,1208499,1199000,-4819,-0.4,1202689,-1130,-0.09,1199000,1210000,1400-10-22,2022-01-12
626,دفارا,داروسازي‌ فارابي‌,88,159225,1907524670,12460,12030,12180,-280,-2.25,12390,-70,-0.56,11840,12290,1400-10-22,2022-01-12
627,سايرا,ايرانيت‌,88,149473,3932471800,25850,25400,26350,500,1.93,26200,350,1.35,25400,26350,1400-10-22,2022-01-12
628,وآفري,بيمه كارآفرين,88,2158257,8755126590,4048,4048,4050,2,0.05,4053,5,0.12,4040,4149,1400-10-22,2022-01-12
629,اخزا005,اسنادخزانه-م5بودجه00-030626,86,121775,67363378570,552330,557000,553090,760,0.14,553180,850,0.15,548990,557000,1400-10-22,2022-01-12
630,اوان,مبين وان كيش,85,127245,1214446990,9750,9380,9450,-300,-3.08,9730,-20,-0.21,9380,9900,1400-10-22,2022-01-12
631,كاريس,صندوق س.سپهر كاريزما-س,85,393975,5068234279,12982,12880,12879,-103,-0.79,12864,-118,-0.91,12821,12940,1400-10-22,2022-01-12
632,دسبحا,گروه دارويي سبحان,83,72348,1309283910,18620,18070,17820,-800,-4.3,18590,-30,-0.16,17820,18550,1400-10-22,2022-01-12
633,كخاكح,ح . صنايع‌خاك‌چيني‌ايران‌,82,316228,2920238240,9480,9170,9160,-320,-3.38,9230,-250,-2.64,9140,9340,1400-10-22,2022-01-12
634,اخزا001,اسنادخزانه-م1بودجه00-030821,82,184621,98767578620,534610,536790,535900,1290,0.24,534970,360,0.07,533000,536790,1400-10-22,2022-01-12
635,چخزر,صنايع چوب خزر كاسپين,82,497685,17219901000,36400,34600,34600,-1800,-4.95,34600,-1800,-4.95,34600,34600,1400-10-22,2022-01-12
636,اخزا815,اسنادخزانه-م15بودجه98-010406,82,12876,11702574800,910880,906520,909020,-1860,-0.2,908870,-2010,-0.22,906520,910000,1400-10-22,2022-01-12
637,ثاژن,سخت آژند,81,512386,2030033753,3928,4005,3851,-77,-1.96,3941,13,0.33,3850,4006,1400-10-22,2022-01-12
638,شپاس,نفت پاسارگاد,81,191353,2851636750,15220,14730,14800,-420,-2.76,15160,-60,-0.39,14730,15230,1400-10-22,2022-01-12
639,خديزل,بهمن  ديزل,80,25964,1383780850,52700,54000,52800,100,0.19,52750,50,0.09,52800,54000,1400-10-22,2022-01-12
640,خاتم,صندوق س خاتم ايساتيس پويا-ثابت,80,1944767,24588760880,12634,12643,12644,10,0.08,12644,10,0.08,12643,12644,1400-10-22,2022-01-12
641,دسينا,داروسازي‌ سينا,79,222069,4556543880,20350,19350,20750,400,1.97,20400,50,0.25,19350,20750,1400-10-22,2022-01-12
642,دحاوي,الحاوي,79,486432,2054244372,4315,4190,4251,-64,-1.48,4295,-20,-0.46,4187,4297,1400-10-22,2022-01-12
643,سجام,مجتمع سيمان غرب آسيا,78,1274312,2549865795,2052,2000,2035,-17,-0.83,2038,-14,-0.68,1995,2047,1400-10-22,2022-01-12
644,ثغرب,شركت سرمايه گذاري مسكن شمالغرب,78,815723,2875433575,3710,3525,3525,-185,-4.99,3673,-37,-1,3525,3526,1400-10-22,2022-01-12
645,اخزا002,اسنادخزانه-م2بودجه00-031024,77,25974,13414435410,516490,520990,517860,1370,0.27,516460,-30,-0.01,515130,520990,1400-10-22,2022-01-12
646,كقزوي,شيشه‌ قزوين‌,75,476216,3881425620,8190,8380,8140,-50,-0.61,8170,-20,-0.24,8090,8380,1400-10-22,2022-01-12
647,پسهند,صنايع‌ لاستيكي‌  سهند,75,142969,4118322220,28720,28650,29000,280,0.97,28740,20,0.07,28620,29150,1400-10-22,2022-01-12
648,دارو,كارخانجات‌داروپخش‌,73,39263,1143061420,29690,29000,29560,-130,-0.44,29650,-40,-0.13,28880,29620,1400-10-22,2022-01-12
649,وامين,س. امين توان آفرين ساز,72,207833,2550464750,12470,12100,12150,-320,-2.57,12460,-10,-0.08,12100,12420,1400-10-22,2022-01-12
650,شكبير,پتروشيمي اميركبير,71,31367,2855005650,91850,89250,90100,-1750,-1.91,91850,0,0,89250,91850,1400-10-22,2022-01-12
651,زرين,صندوق س. سهام زرين كوروش-س,71,180546,2236928709,12560,12450,12450,-110,-0.88,12390,-170,-1.35,12240,12500,1400-10-22,2022-01-12
652,سمايه,بانك سرمايه,70,1591691,6958873052,4507,4372,4372,-135,-3,4405,-102,-2.26,4372,4372,1400-10-22,2022-01-12
653,زگلدشتح,ح.كشت و دام گلدشت نمونه اصفهان,70,3000000,21762210000,7290,7650,7250,-40,-0.55,7250,-40,-0.55,7250,7650,1400-10-22,2022-01-12
654,كاسپين,داروسازي كاسپين تامين,69,130688,2869039150,21950,21550,21850,-100,-0.46,21950,0,0,21500,22450,1400-10-22,2022-01-12
655,هجرت,پخش هجرت,69,56906,1440773150,25750,25150,25550,-200,-0.78,25700,-50,-0.19,25150,26200,1400-10-22,2022-01-12
656,وپخش,داروپخش‌ (هلدينگ‌,68,168920,5380431440,33440,32010,31770,-1670,-4.99,33250,-190,-0.57,31770,33200,1400-10-22,2022-01-12
657,اخزا902,اسنادخزانه-م2بودجه99-011019,68,348603,285091132410,814780,814500,817500,2720,0.33,817810,3030,0.37,814500,818000,1400-10-22,2022-01-12
658,ضشنا2014,اختيارخ شپنا-5000-1401/02/25,67,2050,2799237000,1426,1400,1360,-66,-4.63,1365,-61,-4.28,1350,1410,1400-10-22,2022-01-12
659,ضسپا1112,اختيارخ خساپا-1600-1400/11/20,66,3170,619974000,204,180,197,-7,-3.43,196,-8,-3.92,180,210,1400-10-22,2022-01-12
660,فنفت,صنايع تجهيزات نفت,65,624096,12244763520,19050,19620,19620,570,2.99,19620,570,2.99,19620,19620,1400-10-22,2022-01-12
661,فخاس,فولاد خراسان,64,38239,826341800,22470,21410,21570,-900,-4.01,22460,-10,-0.04,21390,21920,1400-10-22,2022-01-12
662,سشمال,سيمان‌ شمال‌,62,612717,4577475790,7510,7460,7490,-20,-0.27,7500,-10,-0.13,7450,7500,1400-10-22,2022-01-12
663,لوتوس,تامين سرمايه لوتوس پارسيان,62,1046070,5981152830,5720,5720,5720,0,0,5720,0,0,5610,5730,1400-10-22,2022-01-12
664,دابور,داروسازي‌ ابوريحان‌,62,63235,1382326120,21990,21710,22000,10,0.05,21980,-10,-0.05,21580,22050,1400-10-22,2022-01-12
665,سكرد,سيمان كردستان,61,384201,1773248098,4653,4440,4610,-43,-0.92,4649,-4,-0.09,4432,4733,1400-10-22,2022-01-12
666,زعف0110پ09,زعفران0110نگين نوين(پ),61,29583,11052650232,375826,370002,368000,-7826,-2.08,373615,-2211,-0.59,368000,377000,1400-10-22,2022-01-12
667,وتعاون,بيمه تعاون,61,591803,948732290,1685,1601,1602,-83,-4.93,1680,-5,-0.3,1601,1654,1400-10-22,2022-01-12
668,شستان,پتروشيمي گلستان,61,350011,1359961509,3836,3800,3912,76,1.98,3849,13,0.34,3800,3912,1400-10-22,2022-01-12
669,شمواد,توليد مواداوليه الياف مصنوعي,60,45704,2223499600,47700,48650,48650,950,1.99,48100,400,0.84,48650,48650,1400-10-22,2022-01-12
670,حرهشا,رهشاد سپاهان (سهامي عام,59,77193,6121404900,77000,79300,79300,2300,2.99,79300,2300,2.99,79300,79300,1400-10-22,2022-01-12
671,ولتجار,واسپاري تجارت وسرمايه ايرانيان,59,990696,2434391540,2532,2457,2457,-75,-2.96,2513,-19,-0.75,2457,2470,1400-10-22,2022-01-12
672,اخزا004,اسنادخزانه-م4بودجه00-030522,59,133999,76152122050,563970,565000,569900,5930,1.05,568300,4330,0.77,565000,570000,1400-10-22,2022-01-12
673,اخزا908,اسنادخزانه-م8بودجه99-020606,57,32384,22958598860,707180,705810,709700,2520,0.36,708950,1770,0.25,705810,709710,1400-10-22,2022-01-12
674,سكه0112پ03,تمام سكه طرح جديد0112سامان,57,11600,13978781200,1202660,1214581,1198060,-4600,-0.38,1205067,2407,0.2,1198060,1214969,1400-10-22,2022-01-12
675,سبجنو,سيمان‌ بجنورد,56,36425,1328469490,36830,36700,36870,40,0.11,36800,-30,-0.08,36170,37490,1400-10-22,2022-01-12
676,سيدكو,سرمايه گذاري توسعه صنايع سيمان,55,189626,1066967410,5790,5540,5580,-210,-3.63,5780,-10,-0.17,5540,5750,1400-10-22,2022-01-12
677,تكنار,مجتمع معادن مس تكنار,54,57743,2845270000,50250,48950,49050,-1200,-2.39,49950,-300,-0.6,48950,50300,1400-10-22,2022-01-12
678,دفرا,فرآورده‌هاي‌ تزريقي‌ ايران‌,52,63293,849919460,13760,13220,13400,-360,-2.62,13740,-20,-0.15,13220,13780,1400-10-22,2022-01-12
679,سكرما,سيمان‌ كرمان‌,51,460895,6701624450,14720,15000,14700,-20,-0.14,14640,-80,-0.54,14500,15000,1400-10-22,2022-01-12
680,حبندر,دريايي و کشتيراني خط دريابندر,51,738102,10052949240,13230,13620,13620,390,2.95,13620,390,2.95,13620,13620,1400-10-22,2022-01-12
681,اخزا917,اسنادخزانه-م17بودجه99-010226,50,252029,234569225640,929760,932000,931500,1740,0.19,930720,960,0.1,929630,932000,1400-10-22,2022-01-12
682,سرود,سيمان‌شاهرود,50,59686,1209117260,20980,20100,20170,-810,-3.86,20920,-60,-0.29,20100,20820,1400-10-22,2022-01-12
683,اخزا910,اسنادخزانه-م10بودجه99-020807,50,49154,33621693610,682830,683200,685020,2190,0.32,684010,1180,0.17,683200,685030,1400-10-22,2022-01-12
684,ثزاگرس,سرمايه گذاري توسعه عمران زاگرس,49,56474,1727779450,31200,30700,30300,-900,-2.88,31100,-100,-0.32,30300,31850,1400-10-22,2022-01-12
685,ما,بيمه  ما,48,156117,733745798,4737,4736,4680,-57,-1.2,4735,-2,-0.04,4622,4800,1400-10-22,2022-01-12
686,آتيمس,صندوق س.آرمان آتيه درخشان مس-س,48,9144,1622875059,177720,184000,179291,1571,0.88,177480,-240,-0.14,175770,184000,1400-10-22,2022-01-12
687,وحافظح,ح . بيمه حافظ,48,853031,2544840124,3158,3297,2969,-189,-5.98,2983,-175,-5.54,2969,3297,1400-10-22,2022-01-12
688,مارون,پتروشيمي مارون,47,5577,943711700,172800,173000,168850,-3950,-2.29,172750,-50,-0.03,168600,173000,1400-10-22,2022-01-12
689,تشتاد,صنايع توليدي اشتاد ايران‌,47,337511,1565320027,4769,4751,4626,-143,-3,4747,-22,-0.46,4626,4751,1400-10-22,2022-01-12
690,سفانو,سيمان فارس نو,47,48071,1137328230,23780,23650,23350,-430,-1.81,23770,-10,-0.04,23180,23990,1400-10-22,2022-01-12
691,زعف0110پ10,زعفران0110نگين طلاي سرخ(پ),46,16135,6169961660,381982,379997,373000,-8982,-2.35,382396,414,0.11,373000,386999,1400-10-22,2022-01-12
692,ضملي1160,اختيارخ فملي-6000-1400/11/03,45,902,1818602000,1000,1000,1000,0,0,1008,8,0.8,1000,1050,1400-10-22,2022-01-12
693,اخزا003,اسنادخزانه-م3بودجه00-030418,45,95948,55554575440,577310,573010,580000,2690,0.47,579010,1700,0.29,573010,580000,1400-10-22,2022-01-12
694,ولانا,شركت ليزينگ آريا دانا,44,61955,663597270,11040,10730,10710,-330,-2.99,11000,-40,-0.36,10710,10730,1400-10-22,2022-01-12
695,هكشو208,اختيارف ت پاكشو10000-02/08/29,43,2520000,1688400000,666,670,670,4,0.6,670,4,0.6,670,670,1400-10-22,2022-01-12
696,سكه0111پ05,تمام سكه طرح جديد0111آينده,43,10400,12553792500,1199860,1209999,1197004,-2856,-0.24,1207095,7235,0.6,1197004,1210799,1400-10-22,2022-01-12
697,سكه0012پ04,تمام سكه طرح جديد0012صادرات,43,14700,17702134000,1202842,1213000,1199000,-3842,-0.32,1204227,1385,0.12,1196003,1213000,1400-10-22,2022-01-12
698,بفجرح,ح . فجر انرژي خليج فارس,41,196458,1667928000,8560,8590,8460,-100,-1.17,8490,-70,-0.82,8450,8600,1400-10-22,2022-01-12
699,دقاضي,داروسازي شهيد قاضي,41,67160,1788397100,25900,26650,26650,750,2.9,26050,150,0.58,25950,26650,1400-10-22,2022-01-12
700,ضپال2007,اختيارخ اپال-32000-1401/02/12,40,926,106006000,131,120,108,-23,-17.56,114,-17,-12.98,106,120,1400-10-22,2022-01-12
701,ضسپا1111,اختيارخ خساپا-1400-1400/11/20,39,512,176408000,345,312,345,0,0,345,0,0,312,363,1400-10-22,2022-01-12
702,قنيشا,قند  نيشابور,38,37229,1561756550,44150,41950,41950,-2200,-4.98,43900,-250,-0.57,41950,41950,1400-10-22,2022-01-12
703,دپارس,پارس‌ دارو,38,19518,552133880,28540,29130,28100,-440,-1.54,28530,-10,-0.04,28090,29130,1400-10-22,2022-01-12
704,اخزا901,اسنادخزانه-م1بودجه99-010621,38,42176,36798466770,871540,871990,871530,-10,0,872500,960,0.11,871210,873500,1400-10-22,2022-01-12
705,غپونه,نوش پونه مشهد,38,69762,809392950,11420,11500,11600,180,1.58,11430,10,0.09,11410,11750,1400-10-22,2022-01-12
706,الماس,صندوق س.امين تدبيرگران فردا-س,38,7417,719688345,98545,97001,97001,-1544,-1.57,97032,-1513,-1.54,97000,97850,1400-10-22,2022-01-12
707,افق ملت,صندوق س در سهام افق ملت,38,4354,593077490,136130,136130,136340,210,0.15,136210,80,0.06,135600,137000,1400-10-22,2022-01-12
708,كصدف,كاشي صدف سرام استقلال آباده,37,203683,4105031650,20750,20150,20250,-500,-2.41,20500,-250,-1.2,20150,20250,1400-10-22,2022-01-12
709,ضصاد1114,اختيارخ وبصادر-2500-1400/11/06,36,1483,4031000,3,5,3,0,0,3,0,0,2,5,1400-10-22,2022-01-12
710,ارمغان,ص سرمايه گذاري ارمغان ايرانيان,34,203277,2039859091,10030,10045,10032,2,0.02,10035,5,0.05,10030,10045,1400-10-22,2022-01-12
711,اخزا007,اسنادخزانه-م7بودجه00-030912,33,140698,74587364620,529330,533990,530200,870,0.16,530120,790,0.15,526900,533990,1400-10-22,2022-01-12
712,فاهواز,نورد و لوله اهواز,31,598638,3041081040,5180,5080,5080,-100,-1.93,5150,-30,-0.58,5080,5080,1400-10-22,2022-01-12
713,ضملت1133,اختيارخ وبملت-3000-1400/11/13,31,499,167178000,343,330,343,0,0,335,-8,-2.33,310,360,1400-10-22,2022-01-12
714,طخود2018,اختيارف خودرو-2000-1401/02/07,29,934,137392000,136,140,149,13,9.56,147,11,8.09,106,150,1400-10-22,2022-01-12
715,شساخت,مهندسي و ساختمان صنايع نفت,29,126582,5588091650,44150,43550,44150,0,0,44150,0,0,43550,44200,1400-10-22,2022-01-12
716,ضسپا1113,اختيارخ خساپا-1800-1400/11/20,29,1159,112640000,104,91,91,-13,-12.5,97,-7,-6.73,81,127,1400-10-22,2022-01-12
717,اخزا914,اسنادخزانه-م14بودجه99-021025,29,114097,75236691760,659740,650100,660000,260,0.04,659410,-330,-0.05,650100,660000,1400-10-22,2022-01-12
718,پدرخش,درخشان‌ تهران‌,29,302129,2039370750,6430,6750,6750,320,4.98,6470,40,0.62,6750,6750,1400-10-22,2022-01-12
719,اخزا911,اسنادخزانه-م11بودجه99-020906,29,129283,86890864610,671040,669010,672510,1470,0.22,672100,1060,0.16,669010,675450,1400-10-22,2022-01-12
720,فن آوا,گروه فن آوا,28,73800,753933240,10400,10600,10350,-50,-0.48,10390,-10,-0.1,10110,10680,1400-10-22,2022-01-12
721,سمتاز,سيمان ممتازان كرمان,28,51225,713879350,14280,13860,13870,-410,-2.87,14250,-30,-0.21,13860,14150,1400-10-22,2022-01-12
722,اخزا909,اسنادخزانه-م9بودجه99-020316,28,29683,22045189340,742680,741060,745000,2320,0.31,742690,10,0,741060,745000,1400-10-22,2022-01-12
723,فراز,صندوق س.سهام فراز داريك-س,28,536343,7638554031,14241,14242,14300,59,0.41,14242,1,0.01,14241,14300,1400-10-22,2022-01-12
724,سهگمت,سيمان‌هگمتان‌,27,74685,1515590780,20520,19770,20200,-320,-1.56,20500,-20,-0.1,19770,20500,1400-10-22,2022-01-12
725,آساس,صندوق س.آسمان آرماني سهام-س,27,27859,4511354348,162674,161251,161751,-923,-0.57,161935,-739,-0.45,161251,162300,1400-10-22,2022-01-12
726,زعف0110پ20,زعفران0110نگين وحدت جام(پ),26,7347,2719811345,375951,378999,362316,-13635,-3.63,370193,-5758,-1.53,362316,378999,1400-10-22,2022-01-12
727,وبازار,صندوق س شاخصي بازارآشنا,25,270710,3076342320,11450,11370,11500,50,0.44,11360,-90,-0.79,11330,11500,1400-10-22,2022-01-12
728,گوهر2,صندوق سكه طلاي كيان,25,250000,250000,59608,1,1,-59607,-100,1,-59607,-100,1,1,1400-10-22,2022-01-12
729,كهربا,صندوق س.پشتوانه سكه طلا كهربا,24,176769,1822751859,10329,10289,10278,-51,-0.49,10311,-18,-0.17,10278,10360,1400-10-22,2022-01-12
730,داريوش,صندوق س. ثروت داريوش -س,24,24662,231477619,9392,9340,9399,7,0.07,9386,-6,-0.06,9340,9400,1400-10-22,2022-01-12
731,قشرين,قند شيرين خراسان,23,81042,439247640,5580,5420,5420,-160,-2.87,5570,-10,-0.18,5420,5420,1400-10-22,2022-01-12
732,اخزا008,اسنادخزانه-م8بودجه00-030919,23,77964,41305870660,528550,530000,530000,1450,0.27,529810,1260,0.24,525570,530000,1400-10-22,2022-01-12
733,فسا,پتروشيمي فسا,22,274634,238382312,894,868,868,-26,-2.91,893,-1,-0.11,868,868,1400-10-22,2022-01-12
734,صايند,صندوق س. گنجينه آينده روشن-د,22,99410,996510630,10022,10025,10023,1,0.01,10024,2,0.02,10023,10025,1400-10-22,2022-01-12
735,ثروتم,صندوق س. ثروت آفرين پارسيان-س,21,258260,21190418740,84508,83880,83000,-1508,-1.78,82051,-2457,-2.91,82000,84324,1400-10-22,2022-01-12
736,زعف0110پ16,زعفران0110نگين بيرجند(پ),20,42425,15908211892,376181,370000,365200,-10981,-2.92,374973,-1208,-0.32,365000,377000,1400-10-22,2022-01-12
737,ثمين,صندوق س. ثروت افزون ثمين-س,18,224416,2244080000,10000,9990,10150,150,1.5,10000,0,0,9990,10150,1400-10-22,2022-01-12
738,اخزا812,اسنادخزانه-م12بودجه98-001111,18,21543,21300771960,987810,988400,989400,1590,0.16,988760,950,0.1,988000,989490,1400-10-22,2022-01-12
739,فيروزا,صندوق بادرآمد ثابت فيروزه آسيا,17,54929,1442074038,26231,26260,26259,28,0.11,26253,22,0.08,26250,26260,1400-10-22,2022-01-12
740,پارتا,مجتمع‌صنعتي‌آرتاويل‌تاير,17,143315,2628397100,18900,18340,18340,-560,-2.96,18810,-90,-0.48,18340,18340,1400-10-22,2022-01-12
741,ضپنا2012,اختيارخ رمپنا-12000-1401/02/07,17,57,337880000,5930,6000,5999,69,1.16,5928,-2,-0.03,3500,6060,1400-10-22,2022-01-12
742,ضپاس1009,اختيارخ وپارس-1600-1400/10/22,16,258,62659000,225,299,210,-15,-6.67,243,18,8,191,299,1400-10-22,2022-01-12
743,اخزا903,اسنادخزانه-م3بودجه99-011110,16,5863,4730630400,804560,806500,808200,3640,0.45,806860,2300,0.29,804640,808200,1400-10-22,2022-01-12
744,اخزا010,اسناد خزانه-م10بودجه00-031115,16,3439,1754848481,509947,510028,511500,1553,0.3,510279,332,0.07,510009,511970,1400-10-22,2022-01-12
745,ضمخا1035,اختيارخ اخابر-7000-1400/10/26,16,116,22137000,305,200,128,-177,-58.03,191,-114,-37.38,125,250,1400-10-22,2022-01-12
746,اخزا918,اسنادخزانه-م18بودجه99-010323,16,37482,34265571880,913040,914000,914230,1190,0.13,914190,1150,0.13,914000,914350,1400-10-22,2022-01-12
747,برن0104پ01,برنج طارم0104تجارت مازندران(پ),15,439,249893819,568347,575000,567300,-1047,-0.18,569234,887,0.16,567224,575000,1400-10-22,2022-01-12
748,سيناد,صندوق س.سپهرسودمند سينا-د,15,1500000,15044000000,10025,10030,10029,4,0.04,10029,4,0.04,10029,10030,1400-10-22,2022-01-12
749,ضپاس1010,اختيارخ وپارس-1800-1400/10/22,15,585,13277000,37,83,20,-17,-45.95,23,-14,-37.84,7,83,1400-10-22,2022-01-12
750,دارا,صندوق س. دارا الگوريتم-د,14,324974,3275013911,10072,10077,10077,5,0.05,10078,6,0.06,10077,10082,1400-10-22,2022-01-12
751,لازما,كارخانه هاي صنعتي آزمايش,14,73401,1732263600,24300,23600,23600,-700,-2.88,24150,-150,-0.62,23600,23600,1400-10-22,2022-01-12
752,ضپال2006,اختيارخ اپال-28000-1401/02/12,14,492,256422000,634,551,599,-35,-5.52,521,-113,-17.82,500,599,1400-10-22,2022-01-12
753,داريك,صندوق س.اعتماد داريك-د,14,267311,3244631596,12136,12138,12138,2,0.02,12138,2,0.02,12138,12139,1400-10-22,2022-01-12
754,آسام,صندوق س.آرمان سپهر آشنا-م,12,850810,100055115000,117658,117300,117600,-58,-0.05,117600,-58,-0.05,117300,117600,1400-10-22,2022-01-12
755,ضپنا2011,اختيارخ رمپنا-10000-1401/02/07,11,50,399740000,7700,7870,8000,300,3.9,7995,295,3.83,7870,8000,1400-10-22,2022-01-12
756,اخزا906,اسنادخزانه-م6بودجه99-020321,11,30576,22686904730,740540,741930,742000,1460,0.2,741980,1440,0.19,741910,742000,1400-10-22,2022-01-12
757,اخزا817,اسنادخزانه-م17بودجه98-010512,11,5020,4476764240,888610,887540,892000,3390,0.38,891790,3180,0.36,887540,892000,1400-10-22,2022-01-12
758,اخزا814,اسنادخزانه-م14بودجه98-010318,11,14734,13583932950,921200,921000,923000,1800,0.2,921940,740,0.08,921000,923000,1400-10-22,2022-01-12
759,هپارس102,اختيارف ت پارس-157010-01/02/05,10,150000,150000,1,1,1,0,0,1,0,0,1,1,1400-10-22,2022-01-12
760,گنجين,صندوق س. گنجينه يكم آويد-د,10,9357,136382891,14566,14572,14579,13,0.09,14575,9,0.06,14572,14579,1400-10-22,2022-01-12
761,ضصاد1112,اختيارخ وبصادر-1800-1400/11/06,10,169,38790000,227,245,220,-7,-3.08,230,3,1.32,210,245,1400-10-22,2022-01-12
762,ضفلا1163,اختيارخ فولاد-10000-1400/11/24,10,75,56336000,781,790,750,-31,-3.97,751,-30,-3.84,742,800,1400-10-22,2022-01-12
763,غدشت,دشت‌ مرغاب‌,10,6595,131372400,20960,19920,19920,-1040,-4.96,20950,-10,-0.05,19920,19920,1400-10-22,2022-01-12
764,لپيام,گسترش صنايع پيام,9,37646,971266800,26550,25800,25800,-750,-2.82,26450,-100,-0.38,25800,25800,1400-10-22,2022-01-12
765,زعف0110پ08,زعفران0110نگين روستا(پ),9,2403,892158203,397268,370000,361647,-35621,-8.97,371268,-26000,-6.54,360545,379999,1400-10-22,2022-01-12
766,سپرمي,پرميت‌,9,10300,128338000,12340,12460,12460,120,0.97,12350,10,0.08,12460,12460,1400-10-22,2022-01-12
767,ساذري,آذريت‌,9,9827,67118410,7040,6830,6830,-210,-2.98,7040,0,0,6830,6830,1400-10-22,2022-01-12
768,ضبدر1164,اختيارخ شبندر-7000-1400/11/13,9,309,51282000,80,250,80,0,0,166,86,107.5,80,499,1400-10-22,2022-01-12
769,فنرژي,گسترش صنايع انرژي آذرآب,8,30931,287967610,9500,9310,9310,-190,-2,9310,-190,-2,9310,9310,1400-10-22,2022-01-12
770,سلار,شركت سيمان لارستان,8,5655,121582500,22150,21500,21500,-650,-2.93,22150,0,0,21500,21500,1400-10-22,2022-01-12
771,درهآورح,ح . دارويي ره آورد تامين,8,1298363,49986975500,38500,38500,38500,0,0,38500,0,0,38500,38500,1400-10-22,2022-01-12
772,ضملت3009,اختيارخ وبملت-2000-1401/03/18,8,235,406200000,1679,1720,1730,51,3.04,1729,50,2.98,1720,1730,1400-10-22,2022-01-12
773,ضصاد1111,اختيارخ وبصادر-1600-1400/11/06,8,198,83473000,468,450,405,-63,-13.46,422,-46,-9.83,400,450,1400-10-22,2022-01-12
774,اخزا821,اسنادخزانه-م21بودجه98-020906,8,4053,2732246210,674820,672000,674000,-820,-0.12,674130,-690,-0.1,669210,675000,1400-10-22,2022-01-12
775,ثبات2,صندوق س. ثبات ويستا -د,8,59100000,59100000,10736,1,1,-10735,-99.99,1,-10735,-99.99,1,1,1400-10-22,2022-01-12
776,كارا2,صندوق س. كارا -د,8,62300000,62300000,10551,1,1,-10550,-99.99,1,-10550,-99.99,1,1,1400-10-22,2022-01-12
777,اخزا904,اسنادخزانه-م4بودجه99-011215,8,26300,20855100000,791620,792500,792000,380,0.05,792970,1350,0.17,792000,794000,1400-10-22,2022-01-12
778,اخزا820,اسنادخزانه-م20بودجه98-020806,8,1602,1096191300,683000,680000,684620,1620,0.24,684260,1260,0.18,680000,684990,1400-10-22,2022-01-12
779,صبا1404,اجاصبابدون ضامن بارتبه اعتباري,7,350000,350320000000,1000000,1006400,1000000,0,0,1000910,910,0.09,1000000,1006400,1400-10-22,2022-01-12
780,مثقال2,صندوق س.پشتوانه طلاي زرين آگاه,7,2400000,2400000,9927,1,1,-9926,-99.99,1,-9926,-99.99,1,1,1400-10-22,2022-01-12
781,وسخوز,شركت س استان خوزستان,7,64616,38963448,634,603,603,-31,-4.89,634,0,0,603,603,1400-10-22,2022-01-12
782,آسام2,صندوق س.آرمان سپهر آشنا-م,7,700000,700000,117658,1,1,-117657,-100,1,-117657,-100,1,1,1400-10-22,2022-01-12
783,ثنام,س ساختماني ب نام آوران مهندسي,7,73455,594250950,8330,8090,8090,-240,-2.88,8310,-20,-0.24,8090,8090,1400-10-22,2022-01-12
784,غناب,روغن‌ نباتي‌ ناب,7,1411,206782050,142300,146550,146550,4250,2.99,142400,100,0.07,146550,146550,1400-10-22,2022-01-12
785,تابان04,اجاره تابان سپهر14031126,7,72200,70734340000,979700,979700,979700,0,0,979700,0,0,979700,979700,1400-10-22,2022-01-12
786,سخند,صندوق س.سپهرخبرگان نفت-د,7,27710,278162470,10036,10075,10035,-1,-0.01,10038,2,0.02,10035,10075,1400-10-22,2022-01-12
787,كرونا2,تامين مالي جمعي صرفا اهداي سود,7,1828,18280000,10000,10000,10000,0,0,10000,0,0,10000,10000,1400-10-22,2022-01-12
788,زعف0110پ05,زعفران0110نگين زرين(پ),7,589,220026537,387716,376000,372000,-15716,-4.05,373559,-14157,-3.65,372000,376000,1400-10-22,2022-01-12
789,اراد45,مرابحه عام دولت4-ش.خ 0107,7,45000,43424947000,965000,964990,964990,-10,0,965000,0,0,964990,965000,1400-10-22,2022-01-12
790,ضملت3008,اختيارخ وبملت-1800-1401/03/18,7,144,273330000,1,1900,1890,1889,188900,1898,1897,189700,1880,1900,1400-10-22,2022-01-12
791,اخزا818,اسنادخزانه-م18بودجه98-010614,6,5497,4805889770,873710,871010,876090,2380,0.27,874270,560,0.06,871010,876090,1400-10-22,2022-01-12
792,حگردش,ريل گردش ايرانيان,6,66342,251900574,3914,3797,3797,-117,-2.99,3911,-3,-0.08,3797,3797,1400-10-22,2022-01-12
793,ثنظام,س. ساختماني نظام مهندسي ايران,6,2546,37222520,15070,14620,14620,-450,-2.99,14620,-450,-2.99,14620,14620,1400-10-22,2022-01-12
794,خفناور,مهندسي صنعتي روان فن آور,6,7349,229656250,32850,31250,31250,-1600,-4.87,31250,-1600,-4.87,31250,31250,1400-10-22,2022-01-12
795,پلوله,گازلوله‌,6,3296,72676800,22700,22050,22050,-650,-2.86,22700,0,0,22050,22050,1400-10-22,2022-01-12
796,اگ010155,گام بانك اقتصاد نوين0101,6,50000,47128050000,942000,942561,942561,561,0.06,942561,561,0.06,942561,942561,1400-10-22,2022-01-12
797,تملي804,تسهيلات مسكن ب. ملي-تير98,6,46,30575702,657542,624665,690419,32877,5,664689,7147,1.09,624665,690419,1400-10-22,2022-01-12
798,ساروج,بين المللي ساروج بوشهر,6,115320,1860194400,16470,16480,15920,-550,-3.34,16430,-40,-0.24,15920,16480,1400-10-22,2022-01-12
799,تپولا,مهندسي مرآت پولاد,6,3786,50808120,13830,13420,13420,-410,-2.96,13420,-410,-2.96,13420,13420,1400-10-22,2022-01-12
800,دفاراح,ح . داروسازي‌ فارابي‌,6,14300,144430000,10140,10100,10100,-40,-0.39,10100,-40,-0.39,10100,10100,1400-10-22,2022-01-12
801,سفاسي,شركت فارسيت اهواز,6,54285,182343315,3462,3359,3359,-103,-2.98,3460,-2,-0.06,3359,3359,1400-10-22,2022-01-12
802,وزمين,بانك ايران زمين,6,7045,58966650,8210,8370,8370,160,1.95,8210,0,0,8370,8370,1400-10-22,2022-01-12
803,ثقزوي,شركت عمران و سازندگي قزوين,6,2380,48314000,20900,20300,20300,-600,-2.87,20300,-600,-2.87,20300,20300,1400-10-22,2022-01-12
804,نخو0102پ01,نخود متوسط0102شيري(پ),5,77,25971122,348369,365787,330960,-17409,-5,337287,-11082,-3.18,330951,365787,1400-10-22,2022-01-12
805,اراد50,مرابحه عام دولت5-ش.خ0302,5,71300,71300730000,1000000,1000000,1000020,20,0,1000010,10,0,1000000,1000020,1400-10-22,2022-01-12
806,خفولا,خدمات فني فولاد يزد,5,2700,55890000,21300,20700,20700,-600,-2.82,20700,-600,-2.82,20700,20700,1400-10-22,2022-01-12
807,كباده,توليد خاك نسوزاستقلال آباده,5,1259,42617150,32900,33850,33850,950,2.89,32900,0,0,33850,33850,1400-10-22,2022-01-12
808,ضكاريس903,اختيارخ كاريس-16000-14010930,5,54,83735000,1451,1560,1550,99,6.82,1551,100,6.89,1550,1560,1400-10-22,2022-01-12
809,اخزا816,اسنادخزانه-م16بودجه98-010503,5,2600,2329519120,895910,893300,896000,90,0.01,895970,60,0.01,893300,896010,1400-10-22,2022-01-12
810,طلا2,صندوق س.پشتوانه طلاي لوتوس,5,500000,500000,84657,1,1,-84656,-100,1,-84656,-100,1,1,1400-10-22,2022-01-12
811,پادا,صندوق س.پاداش سرمايه پارس-س,5,1021,106789500,104827,104500,105450,623,0.59,104593,-234,-0.22,104500,105450,1400-10-22,2022-01-12
812,شگويات.ف0104,اختيارف.تبعي شگويا010408,5,18469,18469,1,1,1,0,0,1,0,0,1,1,1400-10-22,2022-01-12
813,سپيدما2,صندوق س. سپيد دماوند-د,4,23500000,23500000,11669,1,1,-11668,-99.99,1,-11668,-99.99,1,1,1400-10-22,2022-01-12
814,تملي703,تسهيلات مسكن ب. ملي-خرداد97,4,32,17449000,520000,545000,545000,25000,4.81,545281,25281,4.86,545000,546000,1400-10-22,2022-01-12
815,ضصاد3016,اختيارخ وبصادر-2500-1401/03/11,4,31,4601000,95,150,150,55,57.89,148,53,55.79,101,150,1400-10-22,2022-01-12
816,ضمخا1034,اختيارخ اخابر-6000-1400/10/26,4,18,21240000,1000,1180,1180,180,18,1180,180,18,1180,1180,1400-10-22,2022-01-12
817,اوج,صندوق س.اوج دماوند-س,4,26879,268845518,10003,10002,10004,1,0.01,10002,-1,-0.01,10002,10004,1400-10-22,2022-01-12
818,افران2,صندوق س افرا نماد پايدار-ثابت,4,8000000,8000000,15221,1,1,-15220,-99.99,1,-15220,-99.99,1,1,1400-10-22,2022-01-12
819,اخزا813,اسنادخزانه-م13بودجه98-010219,4,513,479143790,933070,933530,937000,3930,0.42,934000,930,0.1,933530,937000,1400-10-22,2022-01-12
820,تملي808,تسهيلات مسكن ب. ملي-آبان98,4,22,8646352,374301,393016,393016,18715,5,393016,18715,5,393016,393016,1400-10-22,2022-01-12
821,ضفلا1165,اختيارخ فولاد-14000-1400/11/24,4,20,877000,52,50,43,-9,-17.31,44,-8,-15.38,42,50,1400-10-22,2022-01-12
822,خعمرا,توسعه و عمران شهرستان نائين,4,93670,590121000,6120,6300,6300,180,2.94,6130,10,0.16,6300,6300,1400-10-22,2022-01-12
823,ضسپا1110,اختيارخ خساپا-1200-1400/11/20,4,202,112060000,578,540,520,-58,-10.03,555,-23,-3.98,520,560,1400-10-22,2022-01-12
824,ضترا1135,اختيارخ شتران-6176-1400/11/10,4,200,453400,1,1,1,0,0,1,0,0,1,1,1400-10-22,2022-01-12
825,اخزا905,اسنادخزانه-م5بودجه99-020218,4,1372,1042509980,752840,760000,759960,7120,0.95,759850,7010,0.93,759490,760000,1400-10-22,2022-01-12
826,ضبدر1161,اختيارخ شبندر-4500-1400/11/13,3,4,7370000,1800,2020,1750,-50,-2.78,1842,42,2.33,1750,2020,1400-10-22,2022-01-12
827,طجار2012,اختيارف وتجارت-1800-1401/02/21,3,102,7140000,80,70,70,-10,-12.5,70,-10,-12.5,70,70,1400-10-22,2022-01-12
828,ضملي1159,اختيارخ فملي-5000-1400/11/03,3,7,28000000,2000,2000,2000,0,0,2000,0,0,2000,2000,1400-10-22,2022-01-12
829,سيلام,سيمان‌ ايلام‌,3,53650,346579000,6800,6460,6460,-340,-5,6790,-10,-0.15,6460,6460,1400-10-22,2022-01-12
830,كابگن,توليدي و صنعتي آبگينه‌,3,1843,12532400,6740,6800,6800,60,0.89,6800,60,0.89,6800,6800,1400-10-22,2022-01-12
831,ضشنا2011,اختيارخ شپنا-3500-1401/02/25,3,5,13440000,2790,2710,2600,-190,-6.81,2688,-102,-3.66,2600,2710,1400-10-22,2022-01-12
832,وحافظ,بيمه حافظ,3,57615,374497500,6700,6500,6500,-200,-2.99,6690,-10,-0.15,6500,6500,1400-10-22,2022-01-12
833,سفارود,كارخانه فارسيت درود,3,11626,142418500,12500,12250,12250,-250,-2,12250,-250,-2,12250,12250,1400-10-22,2022-01-12
834,ضخود2021,اختيارخ خودرو-3500-1401/02/07,3,70,3419000,46,49,42,-4,-8.7,49,3,6.52,42,49,1400-10-22,2022-01-12
835,وسالت,بانك قرض الحسنه رسالت,3,109,159467,1421,1463,1463,42,2.96,1463,42,2.96,1463,1463,1400-10-22,2022-01-12
836,ضصاد3015,اختيارخ وبصادر-2000-1401/03/11,3,3,604000,480,101,302,-178,-37.08,201,-279,-58.13,101,302,1400-10-22,2022-01-12
837,داراب,پتروشيمي داراب,3,26358,55799886,2228,2117,2117,-111,-4.98,2227,-1,-0.04,2117,2117,1400-10-22,2022-01-12
838,ضجار2013,اختيارخ وتجارت-2000-1401/02/21,3,15,5350000,319,379,312,-7,-2.19,357,38,11.91,312,379,1400-10-22,2022-01-12
839,شسم,توليد سموم‌ علف‌ كش,3,510,54799500,104350,107450,107450,3100,2.97,107450,3100,2.97,107450,107450,1400-10-22,2022-01-12
840,ضملت1136,اختيارخ وبملت-4500-1400/11/13,3,8,710000,12,100,10,-2,-16.67,89,77,641.67,10,100,1400-10-22,2022-01-12
841,اخزا907,اسنادخزانه-م7بودجه99-020704,3,14808,10335972400,694190,697420,698000,3810,0.55,698000,3810,0.55,697420,698000,1400-10-22,2022-01-12
842,ضمخا2015,اختيارخ اخابر-8000-1401/02/28,3,5,3000000,725,600,600,-125,-17.24,600,-125,-17.24,600,600,1400-10-22,2022-01-12
843,آگاس2,صندوق س.هستي بخش آگاه-س,3,300000,300000,75241,1,1,-75240,-100,1,-75240,-100,1,1,1400-10-22,2022-01-12
844,ضذوب3002,اختيارخ ذوب-3000-1401/03/04,3,31,27600000,850,600,900,50,5.88,890,40,4.71,600,900,1400-10-22,2022-01-12
845,كمند2,صندوق س. با درآمد ثابت كمند,3,124000000,124000000,10036,1,1,-10035,-99.99,1,-10035,-99.99,1,1,1400-10-22,2022-01-12
846,ضكاريس304,اختيارخ كاريس-15000-14010331,2,180,153000000,850,850,850,0,0,850,0,0,850,850,1400-10-22,2022-01-12
847,ضكاريس902,اختيارخ كاريس-14000-14010930,2,40,116000000,2750,2900,2900,150,5.45,2900,150,5.45,2900,2900,1400-10-22,2022-01-12
848,اراد49,مرابحه عام دولت4-ش.خ 0206,2,1000,979980000,950000,979980,979980,29980,3.16,979980,29980,3.16,979980,979980,1400-10-22,2022-01-12
849,سپر2,صندوق س سپر سرمايه بيدار- ثابت,2,10500000,10500000,13553,1,1,-13552,-99.99,1,-13552,-99.99,1,1,1400-10-22,2022-01-12
850,ضملت1135,اختيارخ وبملت-4000-1400/11/13,2,100,700000,10,7,7,-3,-30,7,-3,-30,7,7,1400-10-22,2022-01-12
851,اخزا009,اسناد خزانه-م9بودجه00-031101,2,20,10468900,517360,523890,523000,5640,1.09,523440,6080,1.18,523000,523890,1400-10-22,2022-01-12
852,ضبدر1162,اختيارخ شبندر-5000-1400/11/13,2,2,2960000,1501,1480,1480,-21,-1.4,1480,-21,-1.4,1480,1480,1400-10-22,2022-01-12
853,طخود2017,اختيارف خودرو-1800-1401/02/07,2,6,345000,60,60,55,-5,-8.33,57,-3,-5,55,60,1400-10-22,2022-01-12
854,اراد61,مرابحه عام دولت61-ش.خ0309,2,17500,17500000000,1000000,1000000,1000000,0,0,1000000,0,0,1000000,1000000,1400-10-22,2022-01-12
855,گپارس,امور رفاهي كارگزاران پارس,2,196,20031200,105350,102200,102200,-3150,-2.99,105350,0,0,102200,102200,1400-10-22,2022-01-12
856,ويستا,صندوق س. ويستا -س,2,4840,48884000,10140,10100,10100,-40,-0.39,10100,-40,-0.39,10100,10100,1400-10-22,2022-01-12
857,كمان,س.خ.كمان كاريزما 35% تاديه,2,49300,19006283900,385298,385523,385523,225,0.06,385523,225,0.06,385523,385523,1400-10-22,2022-01-12
858,لخانه,لوازم‌ خانگي‌ پارس‌,2,736,11113600,15560,15100,15100,-460,-2.96,15560,0,0,15100,15100,1400-10-22,2022-01-12
859,ضبدر1163,اختيارخ شبندر-6000-1400/11/13,2,6,3315000,539,560,515,-24,-4.45,552,13,2.41,515,560,1400-10-22,2022-01-12
860,ضفلا1162,اختيارخ فولاد-9000-1400/11/24,2,20,24200000,1440,1200,1400,-40,-2.78,1210,-230,-15.97,1200,1400,1400-10-22,2022-01-12
861,تملي806,تسهيلات مسكن ب. ملي-شهريور98,2,25,19629375,826500,785175,785175,-41325,-5,785175,-41325,-5,785175,785175,1400-10-22,2022-01-12
862,ثجوان,تامين مسكن جوانان,2,2400,10620000,4561,4425,4425,-136,-2.98,4561,0,0,4425,4425,1400-10-22,2022-01-12
863,اراد954,مرابحه عام دولت95-ش.خ020514,2,1500000,1412465000000,960000,949000,926930,-33070,-3.44,941643,-18357,-1.91,926930,949000,1400-10-22,2022-01-12
864,نتوس,پشم‌ بافي‌ توس,2,1235,13782600,11500,11160,11160,-340,-2.96,11500,0,0,11160,11160,1400-10-22,2022-01-12
865,زعف0110پ21,زعفران0110نگين ملل(پ),2,100,37100974,377340,371010,371009,-6331,-1.68,371010,-6330,-1.68,371009,371010,1400-10-22,2022-01-12
866,ثهام,صندوق س ثروت هامرز-سهام,2,4744,49574800,10450,10450,10450,0,0,10450,0,0,10450,10450,1400-10-22,2022-01-12
867,اراد36,مرابحه عام دولت3-ش.خ 0104,2,37000,36112000000,974600,976000,976000,1400,0.14,976000,1400,0.14,976000,976000,1400-10-22,2022-01-12
868,بذر,صندوق س بذر اميد آفرين-سهام,2,445,42021350,94880,94430,94430,-450,-0.47,94430,-450,-0.47,94430,94430,1400-10-22,2022-01-12
869,سنوين,سرمايه گذاري اقتصاد نوين,2,1940,10340200,5490,5330,5330,-160,-2.91,5490,0,0,5330,5330,1400-10-22,2022-01-12
870,ضملت1131,اختيارخ وبملت-2000-1400/11/13,2,8,10477000,1278,1309,1310,32,2.5,1310,32,2.5,1309,1310,1400-10-22,2022-01-12
871,ضغدر1131,اختيارخ وغدير-12000-1400/11/20,2,2,2104000,3697,1052,1052,-2645,-71.54,1052,-2645,-71.54,1052,1052,1400-10-22,2022-01-12
872,نگين,ص.س. زمين و ساختمان نگين شهرري,2,199,10314170,52510,51830,51830,-680,-1.29,51830,-680,-1.29,51830,51830,1400-10-22,2022-01-12
873,ضمخا1036,اختيارخ اخابر-8000-1400/10/26,2,58,58000,4,1,1,-3,-75,1,-3,-75,1,1,1400-10-22,2022-01-12
874,دمعيار2,صندوق س. توازن معيار-د,2,3700000,3700000,9674,1,1,-9673,-99.99,1,-9673,-99.99,1,1,1400-10-22,2022-01-12
875,ضملت3012,اختيارخ وبملت-3500-1401/03/18,2,2,1150000,50,700,450,400,800,575,525,1050,450,700,1400-10-22,2022-01-12
876,ضصاد1115,اختيارخ وبصادر-3000-1400/11/06,2,6,90000,15,15,15,0,0,15,0,0,15,15,1400-10-22,2022-01-12
877,ضترا1133,اختيارخ شتران-4411-1400/11/10,1,7,206297,38,13,13,-25,-65.79,13,-25,-65.79,13,13,1400-10-22,2022-01-12
878,ضپنا2016,اختيارخ رمپنا-20000-1401/02/07,1,3,381000,2,127,127,125,6250,127,125,6250,127,127,1400-10-22,2022-01-12
879,صغدير4082,صكوك اجاره غدير408-بدون ضامن,1,250000,250000000000,1005000,1000000,1000000,-5000,-0.5,1000000,-5000,-0.5,1000000,1000000,1400-10-22,2022-01-12
880,فسديد,لوله‌وتجهيزات‌ سديد - ورشكسته,1,100,9015000,91050,90150,90150,-900,-0.99,90150,-900,-0.99,90150,90150,1400-10-22,2022-01-12
881,وسصفا,شركت س استان اصفهان,1,10000,6930000,729,693,693,-36,-4.94,729,0,0,693,693,1400-10-22,2022-01-12
882,هنوري102,اختيارف ت نوري59561-01/02/15,1,30000,30000,1,1,1,0,0,1,0,0,1,1,1400-10-22,2022-01-12
883,پا ر 5,بار پايه روز 5,1,50000,26000000,520,520,520,0,0,520,0,0,520,520,1400-10-22,2022-01-12
884,كشم0101پ01,كشمش سبز0101خليل آباد(پ),1,8,5252520,630000,656565,656565,26565,4.22,656565,26565,4.22,656565,656565,1400-10-22,2022-01-12
885,تابان03,اجاره تابان سپهر14021206,1,500,490000000,960000,980000,980000,20000,2.08,980000,20000,2.08,980000,980000,1400-10-22,2022-01-12
886,ضسپا1109,اختيارخ خساپا-1000-1400/11/20,1,20,14200000,720,710,710,-10,-1.39,710,-10,-1.39,710,710,1400-10-22,2022-01-12
887,جم2,پتروشيمي جم,1,1100000,55099000000,50090,50090,50090,0,0,50090,0,0,50090,50090,1400-10-22,2022-01-12
888,اخزا9034,اسنادخزانه-م3بودجه99-011110,1,3651679,2937994856240,804560,804560,804560,0,0,804560,0,0,804560,804560,1400-10-22,2022-01-12
889,تماوند2,تامين سرمايه دماوند,1,69900000,426390000000,5970,6100,6100,130,2.18,6100,130,2.18,6100,6100,1400-10-22,2022-01-12
890,زرين4,صندوق س. سهام زرين كوروش-س,1,4000000,50000000000,12560,12500,12500,-60,-0.48,12500,-60,-0.48,12500,12500,1400-10-22,2022-01-12
891,ضفلا1164,اختيارخ فولاد-12000-1400/11/24,1,4,524000,199,131,131,-68,-34.17,131,-68,-34.17,131,131,1400-10-22,2022-01-12
892,تملي710,تسهيلات مسكن ب. ملي-دي97,1,12,9585696,840850,798808,798808,-42042,-5,798808,-42042,-5,798808,798808,1400-10-22,2022-01-12
893,صپابهمن,بار پايه صنعتي بهمن,1,2200,1254000,570,570,570,0,0,570,0,0,570,570,1400-10-22,2022-01-12
894,فبستم,صنايع ‌بسته‌بندي‌ مشهد,1,100,107300,1042,1073,1073,31,2.98,1073,31,2.98,1073,1073,1400-10-22,2022-01-12
895,ضبدر3010,اختيارخ شبندر-4500-1401/03/29,1,1,2143000,2917,2143,2143,-774,-26.53,2143,-774,-26.53,2143,2143,1400-10-22,2022-01-12
896,ضترا1132,اختيارخ شتران-3970-1400/11/10,1,13,11198980,160,380,380,220,137.5,380,220,137.5,380,380,1400-10-22,2022-01-12
897,سرو2,صندوق س سروسودمند مدبران-سهام,1,120000,120000,67750,1,1,-67749,-100,1,-67749,-100,1,1,1400-10-22,2022-01-12
898,ضملت1132,اختيارخ وبملت-2500-1400/11/13,1,10,7990000,806,799,799,-7,-0.87,799,-7,-0.87,799,799,1400-10-22,2022-01-12
899,شكلر2,نيروكلر,1,4900000,174783000000,35670,35670,35670,0,0,35670,0,0,35670,35670,1400-10-22,2022-01-12
900,ضخوز2027,اختيارخ فخوز-10000-1401/02/18,1,1,100000,100,100,100,0,0,100,0,0,100,100,1400-10-22,2022-01-12
901,ضاريان1204,اختيارخ آريان-18000-14001211,1,20,800000,260,40,40,-220,-84.62,40,-220,-84.62,40,40,1400-10-22,2022-01-12
902,ولقمان2,سرمايه گذاري لقمان,1,32670916,89583651672,2763,2742,2742,-21,-0.76,2742,-21,-0.76,2742,2742,1400-10-22,2022-01-12
903,طپاس1011,اختيارف وپارس-2000-1400/10/22,1,10,1300000,80,130,130,50,62.5,130,50,62.5,130,130,1400-10-22,2022-01-12
904,ضهمن3000,اختيارخ خبهمن-1200-1401/03/11,1,2,2160000,1123,1080,1080,-43,-3.83,1080,-43,-3.83,1080,1080,1400-10-22,2022-01-12
905,ضپنا2013,اختيارخ رمپنا-14000-1401/02/07,1,5,22500000,4295,4500,4500,205,4.77,4500,205,4.77,4500,4500,1400-10-22,2022-01-12
906,صكم ر 6,كم باري روز 6صنعتي,1,17000,7990000,590,470,470,-120,-20.34,470,-120,-20.34,470,470,1400-10-22,2022-01-12
907,ضملي1162,اختيارخ فملي-8000-1400/11/03,1,10,300000,10,15,15,5,50,15,5,50,15,15,1400-10-22,2022-01-12
908,اراد654,مرابحه عام دولتي65-ش.خ0210,1,300000,300000000000,1000000,1000000,1000000,0,0,1000000,0,0,1000000,1000000,1400-10-22,2022-01-12
909,سپيدما4,صندوق س. سپيد دماوند-د,1,22850000,268647450000,11669,11757,11757,88,0.75,11757,88,0.75,11757,11757,1400-10-22,2022-01-12
910,پا ر 6,بار پايه روز 6,1,50000,26000000,520,520,520,0,0,520,0,0,520,520,1400-10-22,2022-01-12
911,ضهمن3002,اختيارخ خبهمن-1600-1401/03/11,1,10,7000000,705,700,700,-5,-0.71,700,-5,-0.71,700,700,1400-10-22,2022-01-12
912,ضفلا3009,اختيارخ فولاد-7000-1401/03/18,1,2,9200000,1,4600,4600,4599,459900,4600,4599,459900,4600,4600,1400-10-22,2022-01-12
913,ضذوب3000,اختيارخ ذوب-2000-1401/03/04,1,1,1500000,1600,1500,1500,-100,-6.25,1500,-100,-6.25,1500,1500,1400-10-22,2022-01-12
914,تبريز304,مشاركت ش تبريز304-3ماهه18%,1,6000,6000000000,1000000,1000000,1000000,0,0,1000000,0,0,1000000,1000000,1400-10-22,2022-01-12
915,ضشنا2015,اختيارخ شپنا-6000-1401/02/25,1,15,12000000,1000,800,800,-200,-20,800,-200,-20,800,800,1400-10-22,2022-01-12
916,زير0103پ01,زيره سبز0103كيميابذر(پ),1,10,10200000,1000000,1020000,1020000,20000,2,1020000,20000,2,1020000,1020000,1400-10-22,2022-01-12
917,ضملي3009,اختيارخ فملي-4000-1401/03/02,1,2,9000000,4000,4500,4500,500,12.5,4500,500,12.5,4500,4500,1400-10-22,2022-01-12
918,اراد55,مرابحه عام دولت5-ش.خ 0209,1,1000,964980000,948000,964980,964980,16980,1.79,964980,16980,1.79,964980,964980,1400-10-22,2022-01-12
919,ضملي3014,اختيارخ فملي-8000-1401/03/02,1,1,500000,1400,500,500,-900,-64.29,500,-900,-64.29,500,500,1400-10-22,2022-01-12
920,صكم ر 7,كم باري روز 7صنعتي,1,17000,7990000,590,470,470,-120,-20.34,470,-120,-20.34,470,470,1400-10-22,2022-01-12
921,حاريا,كشتيراني آريا,1,500,5960000,12160,11920,11920,-240,-1.97,11920,-240,-1.97,11920,11920,1400-10-22,2022-01-12
922,اراد38,مرابحه عام دولت3-ش.خ 0105,1,1000,985000000,970000,985000,985000,15000,1.55,985000,15000,1.55,985000,985000,1400-10-22,2022-01-12
923,شكف,كف,1,67,5021650,76450,74950,74950,-1500,-1.96,74950,-1500,-1.96,74950,74950,1400-10-22,2022-01-12
924,سپر4,صندوق س سپر سرمايه بيدار- ثابت,1,5458000,73977732000,13553,13554,13554,1,0.01,13554,1,0.01,13554,13554,1400-10-22,2022-01-12
925,طسپا1112,اختيارف خساپا-1600-1400/11/20,1,100,4000000,40,40,40,0,0,40,0,0,40,40,1400-10-22,2022-01-12
926,ضپنا2014,اختيارخ رمپنا-16000-1401/02/07,1,5,16500000,3700,3300,3300,-400,-10.81,3300,-400,-10.81,3300,3300,1400-10-22,2022-01-12
927,صكم ر 5,كم باري روز 5صنعتي,1,17000,7990000,590,470,470,-120,-20.34,470,-120,-20.34,470,470,1400-10-22,2022-01-12
928,دشيري,شيرين دارو,1,50,5487500,113100,109750,109750,-3350,-2.96,113100,0,0,109750,109750,1400-10-22,2022-01-12
929,اراد95,مرابحه عام دولت95-ش.خ020514,1,10000,9400000000,960000,940000,940000,-20000,-2.08,940000,-20000,-2.08,940000,940000,1400-10-22,2022-01-12
930,ضصاد1110,اختيارخ وبصادر-1400-1400/11/06,1,1,609000,624,609,609,-15,-2.4,609,-15,-2.4,609,609,1400-10-22,2022-01-12
931,ضداريوش904,اختيارخ داريوش-11500-14010915,1,1,1700000,1470,1700,1700,230,15.65,1700,230,15.65,1700,1700,1400-10-22,2022-01-12
932,صخود041,ص مرابحه خودرو041- 3ماهه 18%,1,9000,9000000000,992000,1000000,1000000,8000,0.81,1000000,8000,0.81,1000000,1000000,1400-10-22,2022-01-12
933,صفارس307,صكوك اجاره فارس307- 3ماهه18%,1,500,495500000,999000,991000,991000,-8000,-0.8,991000,-8000,-0.8,991000,991000,1400-10-22,2022-01-12
934,ويسا2,سرمايه گذاري ايساتيس پويا,1,11000000,84480000000,7680,7680,7680,0,0,7680,0,0,7680,7680,1400-10-22,2022-01-12
935,جهرم,پتروشيمي جهرم,1,5000,6460000,1331,1292,1292,-39,-2.93,1292,-39,-2.93,1292,1292,1400-10-22,2022-01-12
936,ضملت3010,اختيارخ وبملت-2500-1401/03/18,1,6,8100000,1005,1350,1350,345,34.33,1350,345,34.33,1350,1350,1400-10-22,2022-01-12
937,اطلس2,صندوق س.توسعه اندوخته آينده-س,1,10000,10000,235589,1,1,-235588,-100,1,-235588,-100,1,1,1400-10-22,2022-01-12
938,آوا2,صندوق س.سهام آواي معيار-س,1,1100000,1100000,7598,1,1,-7597,-99.99,1,-7597,-99.99,1,1,1400-10-22,2022-01-12
939,فكمند,گسترش قطعه سازي كمند,1,160,5400000,34750,33750,33750,-1000,-2.88,34750,0,0,33750,33750,1400-10-22,2022-01-12
