,نماد,نام,تعداد,حجم,ارزش,دیروز,اولین,آخرین معامله - مقدار,آخرین معامله - تغییر,آخرین معامله - درصد,قیمت پایانی - مقدار,قیمت پایانی - تغییر,قیمت پایانی - درصد,کمترین,بیشترین,تاریخ,gregorian_date
0,سپيد,سپيد ماكيان,56912,5063403,180206512770,33900,35590,35590,1690,4.99,35590,1690,4.99,35590,35590,1400-5-13,2021-08-04
1,دي,بانك دي,44771,1395477764,1574800699534,1178,1165,1133,-45,-3.82,1129,-49,-4.16,1120,1165,1400-5-13,2021-08-04
2,شستا,سرمايه گذاري تامين اجتماعي,40637,255047784,3444194594010,12960,13010,13600,640,4.94,13500,540,4.17,13010,13600,1400-5-13,2021-08-04
3,پالايش,صندوق پالايشي يكم-سهام,26491,25231841,1778960385950,69580,69790,71070,1490,2.14,70500,920,1.32,69630,71320,1400-5-13,2021-08-04
4,فملي,ملي‌ صنايع‌ مس‌ ايران‌,23617,130718450,1832513656950,13490,13560,14150,660,4.89,14020,530,3.93,13550,14150,1400-5-13,2021-08-04
5,لطيف,محصولات كاغذي لطيف,20829,2353117,128338137327,55119,54880,53960,-1159,-2.1,54540,-579,-1.05,53700,56151,1400-5-13,2021-08-04
6,بركت,گروه دارويي بركت,19556,44661087,1748548806730,37660,38160,39540,1880,4.99,39150,1490,3.96,37660,39540,1400-5-13,2021-08-04
7,شپنا,پالايش نفت اصفهان,18422,187476042,2382366145250,12240,12250,12850,610,4.98,12710,470,3.84,12250,12850,1400-5-13,2021-08-04
8,پترول,گ.س.وت.ص.پتروشيمي خليج فارس,17342,116494793,1248439738090,10780,10680,10800,20,0.19,10720,-60,-0.56,10450,10930,1400-5-13,2021-08-04
9,گدنا,تهيه توزيع غذاي دنا آفرين فدك,17166,18663200,410550824151,21660,22220,22460,800,3.69,21998,338,1.56,20577,22743,1400-5-13,2021-08-04
10,كرمان,س. توسعه و عمران استان كرمان,16948,598000148,725783297821,1257,1257,1229,-28,-2.23,1214,-43,-3.42,1195,1266,1400-5-13,2021-08-04
11,وهامون,سرمايه گذاري هامون صبا,16112,10993466,26659155050,2310,2425,2425,115,4.98,2425,115,4.98,2425,2425,1400-5-13,2021-08-04
12,خودرو,ايران‌ خودرو,15720,408172024,804374931828,2001,1994,1961,-40,-2,1971,-30,-1.5,1952,2020,1400-5-13,2021-08-04
13,ولكار,ليزينگ كارآفرين,13972,12949421,54657197892,4257,4200,4160,-97,-2.28,4221,-36,-0.85,4100,4277,1400-5-13,2021-08-04
14,ومدير,گ.مديريت ارزش سرمايه ص ب كشوري,12387,62316540,269484585576,4253,4231,4380,127,2.99,4324,71,1.67,4212,4397,1400-5-13,2021-08-04
15,خساپا,سايپا,11618,391381009,682667111097,1762,1769,1736,-26,-1.48,1744,-18,-1.02,1720,1810,1400-5-13,2021-08-04
16,فتوسا,توليد و توسعه سرب روي ايرانيان,11135,14609159,219114936023,14353,14800,15070,717,5,14998,645,4.49,14401,15070,1400-5-13,2021-08-04
17,شتران,پالايش نفت تهران,11057,87963607,825218792180,9210,9250,9460,250,2.71,9380,170,1.85,9190,9600,1400-5-13,2021-08-04
18,دارا يكم,صندوق واسطه گري مالي يكم-سهام,10933,5301067,611970465690,114090,114230,116190,2100,1.84,115440,1350,1.18,114230,116300,1400-5-13,2021-08-04
19,خگستر,گسترش‌سرمايه‌گذاري‌ايران‌خودرو,10779,245026576,626901854341,2615,2600,2543,-72,-2.75,2559,-56,-2.14,2508,2646,1400-5-13,2021-08-04
20,غكورش,صنعت غذايي كورش,10511,10433385,443446250010,41140,41190,43190,2050,4.98,42500,1360,3.31,41190,43190,1400-5-13,2021-08-04
21,كاما,باما,9899,73302172,892995968790,12130,12320,12110,-20,-0.16,12180,50,0.41,11830,12580,1400-5-13,2021-08-04
22,وغدير,سرمايه‌گذاري‌غدير(هلدينگ‌,9870,125292500,1882644922650,14330,14330,15040,710,4.95,15030,700,4.88,14330,15040,1400-5-13,2021-08-04
23,بوعلي,پتروشيمي بوعلي سينا,9743,5144536,312923503210,58610,59000,61540,2930,5,60830,2220,3.79,58800,61540,1400-5-13,2021-08-04
24,فجر,فولاد اميركبيركاشان,9636,33464754,997806987890,28520,29200,29940,1420,4.98,29820,1300,4.56,29100,29940,1400-5-13,2021-08-04
25,فگستر,گسترش صنايع روي ايرانيان,9413,6828291,102075412871,14564,14750,14856,292,2,14949,385,2.64,14650,15181,1400-5-13,2021-08-04
26,ذوب,سهامي ذوب آهن  اصفهان,9246,153032039,653253390987,4241,4310,4299,58,1.37,4269,28,0.66,4196,4355,1400-5-13,2021-08-04
27,نوري,پتروشيمي نوري,9122,14311614,1386188518070,92490,93000,97110,4620,5,96860,4370,4.72,92950,97110,1400-5-13,2021-08-04
28,وتجارت,بانك تجارت,8807,255090945,624853770175,2477,2440,2448,-29,-1.17,2450,-27,-1.09,2402,2502,1400-5-13,2021-08-04
29,وبملت,بانك ملت,8633,287805346,1069282396217,3668,3620,3761,93,2.54,3715,47,1.28,3620,3789,1400-5-13,2021-08-04
30,شگويا,پتروشيمي تندگويان,8582,50173440,590011066505,11286,11269,11850,564,5,11759,473,4.19,11200,11850,1400-5-13,2021-08-04
31,وآيند,بانك  آينده,8275,60042068,616932622921,10689,10262,10262,-427,-3.99,10275,-414,-3.87,10262,10498,1400-5-13,2021-08-04
32,فرابورس,فرابورس ايران,8127,32324191,646194462369,19400,19270,20370,970,5,19991,591,3.05,19000,20370,1400-5-13,2021-08-04
33,كزغال,زغال سنگ پروده طبس,7852,11442432,419956403174,35614,34950,37394,1780,5,36702,1088,3.05,34950,37394,1400-5-13,2021-08-04
34,چخزر,صنايع چوب خزر كاسپين,7646,1715855,65948837748,38475,37800,38474,-1,0,38435,-40,-0.1,37732,39160,1400-5-13,2021-08-04
35,ثشرق,سرمايه گذاري مسكن شمال شرق,7377,118587303,633663836640,5600,5320,5320,-280,-5,5340,-260,-4.64,5320,5480,1400-5-13,2021-08-04
36,تاپيكو,س. نفت و گاز و پتروشيمي تأمين,6982,112594493,1709358854000,14480,14700,15200,720,4.97,15180,700,4.83,14570,15200,1400-5-13,2021-08-04
37,شلعاب,لعابيران‌,6818,38317332,336700694960,8610,9020,8530,-80,-0.93,8790,180,2.09,8400,9040,1400-5-13,2021-08-04
38,ثبهساز,بهساز كاشانه تهران,6317,50191292,110614444840,2195,2200,2220,25,1.14,2204,9,0.41,2162,2241,1400-5-13,2021-08-04
39,وبصادر,بانك صادرات ايران,6313,220619114,448160077649,2044,2005,2019,-25,-1.22,2031,-13,-0.64,2005,2070,1400-5-13,2021-08-04
40,آريا,پليمر آريا ساسول,6281,5809946,629008719976,103259,105750,108421,5162,5,108264,5005,4.85,105560,108421,1400-5-13,2021-08-04
41,شاروم,پتروشيمي اروميه,6220,3404544,51047835800,14949,15152,14990,41,0.27,14994,45,0.3,14850,15300,1400-5-13,2021-08-04
42,ثاميد,توسعه و عمران اميد,6145,57347925,100646145765,1749,1751,1763,14,0.8,1755,6,0.34,1720,1782,1400-5-13,2021-08-04
43,كمند,صندوق س. با درآمد ثابت كمند,5972,246466052,2503917583211,10154,10159,10160,6,0.06,10159,5,0.05,10158,10161,1400-5-13,2021-08-04
44,زملارد,كشاورزي و دامپروري ملارد شير,5429,1289297,37134581575,29400,29989,29011,-389,-1.32,28802,-598,-2.03,27930,29989,1400-5-13,2021-08-04
45,غزر,صنعتي زر ماكارون,5408,2170320,49815485200,22740,23020,22810,70,0.31,22950,210,0.92,22630,23500,1400-5-13,2021-08-04
46,شاراك,پتروشيمي شازند,5252,19349944,753502837970,37560,38000,39430,1870,4.98,38940,1380,3.67,37700,39430,1400-5-13,2021-08-04
47,وكبهمن,مديريت سرمايه گذاري كوثربهمن,5182,2248684,24025868286,10565,10555,10842,277,2.62,10684,119,1.13,10500,10949,1400-5-13,2021-08-04
48,حكشتي,كشتيراني جمهوري اسلامي ايران,5016,22325084,372416907270,16640,17110,16500,-140,-0.84,16680,40,0.24,16210,17110,1400-5-13,2021-08-04
49,خپارس,پارس‌ خودرو,4978,163041717,183215715130,1142,1145,1124,-18,-1.58,1124,-18,-1.58,1111,1158,1400-5-13,2021-08-04
50,وسپهر,سرمايه گذاري مالي سپهرصادرات,4832,11469512,106899686934,9320,9321,9320,0,0,9320,0,0,9320,9325,1400-5-13,2021-08-04
51,وخارزم,سرمايه گذاري خوارزمي,4624,53085395,313864384930,5700,5630,5980,280,4.91,5910,210,3.68,5630,5980,1400-5-13,2021-08-04
52,رافزا,رايان هم افزا,4601,805808,60449016576,75051,76078,75027,-24,-0.03,75017,-34,-0.05,75000,76078,1400-5-13,2021-08-04
53,خنصير,مهندسي‌نصيرماشين‌,4547,34762630,408532631550,11740,11160,12320,580,4.94,11750,10,0.09,11160,12320,1400-5-13,2021-08-04
54,ولپارس,ليزينگ پارسيان,4442,4364792,17576120096,4040,3999,4040,0,0,4027,-13,-0.32,3989,4126,1400-5-13,2021-08-04
55,آبادا,توليد نيروي برق آبادان,4352,2796197,33977739000,12100,12400,12250,150,1.24,12150,50,0.41,11910,12550,1400-5-13,2021-08-04
56,ولغدر,ليزينگ‌خودروغدير,4313,19496586,327526977620,17430,16560,16560,-870,-4.99,16800,-630,-3.61,16560,17400,1400-5-13,2021-08-04
57,سيتا,سرمايه گذاري سيمان تامين,4293,6172970,88216346210,14010,14030,14480,470,3.35,14290,280,2,14030,14510,1400-5-13,2021-08-04
58,خاور,ايران خودرو ديزل,4287,39785129,309447619115,7578,7805,7661,83,1.1,7778,200,2.64,7610,7805,1400-5-13,2021-08-04
59,خبهمن,گروه‌بهمن‌,4280,162560564,220813186214,1365,1364,1358,-7,-0.51,1358,-7,-0.51,1315,1396,1400-5-13,2021-08-04
60,پارسان,گسترش نفت و گاز پارسيان,4204,64264684,1813532337590,27020,27200,28370,1350,5,28220,1200,4.44,27000,28370,1400-5-13,2021-08-04
61,شصدف,صنعتي دوده فام,4198,6024413,246949705980,39068,40990,41021,1953,5,40991,1923,4.92,40000,41021,1400-5-13,2021-08-04
62,فخوز,فولاد  خوزستان,4108,30302226,507954585750,16650,16600,16820,170,1.02,16760,110,0.66,16530,17020,1400-5-13,2021-08-04
63,هاي وب,داده گسترعصرنوين-هاي وب,4068,37413645,333012821340,8820,8650,9010,190,2.15,8900,80,0.91,8620,9040,1400-5-13,2021-08-04
64,شبريز,پالايش نفت تبريز,4020,22890311,828015979800,34650,35900,36380,1730,4.99,36170,1520,4.39,35010,36380,1400-5-13,2021-08-04
65,كيان,صندوق س. با درآمد ثابت كيان,3999,109116662,3248350553339,29732,29760,29775,43,0.14,29770,38,0.13,29758,29780,1400-5-13,2021-08-04
66,كچاد,معدني‌وصنعتي‌چادرملو,3988,14244330,430772168700,29060,29400,30510,1450,4.99,30240,1180,4.06,28790,30510,1400-5-13,2021-08-04
67,خزر,فنرسازي‌زر,3965,16349591,269275513150,17280,16800,16420,-860,-4.98,16470,-810,-4.69,16420,17180,1400-5-13,2021-08-04
68,غگل,گلوكوزان‌,3891,48263902,179899428458,3644,3700,3748,104,2.85,3727,83,2.28,3650,3810,1400-5-13,2021-08-04
69,بگيلان,توسعه مسير برق گيلان,3878,857224,16416890703,19395,19001,19159,-236,-1.22,19274,-121,-0.62,18718,19551,1400-5-13,2021-08-04
70,اخابر,مخابرات ايران,3806,37564675,358545598250,9530,9700,9480,-50,-0.52,9540,10,0.1,9280,9900,1400-5-13,2021-08-04
71,بپيوند,برق و انرژي پيوندگستر پارس,3734,2040722,22457196987,10987,11150,10980,-7,-0.06,11005,18,0.16,10950,11150,1400-5-13,2021-08-04
72,غنوش,نوش‌ مازندران‌,3704,5408650,202543360920,38630,37000,37650,-980,-2.54,37450,-1180,-3.05,36700,38500,1400-5-13,2021-08-04
73,ميدكو,توسعه معادن وص.معدني خاورميانه,3598,7083017,305353603930,41990,43500,42900,910,2.17,43110,1120,2.67,42040,44000,1400-5-13,2021-08-04
74,وپارس,بانك‌پارسيان‌,3535,80932511,220337392304,2719,2710,2690,-29,-1.07,2722,3,0.11,2690,2810,1400-5-13,2021-08-04
75,ثنور,سرمايه گذاري كوه نور,3519,34339283,277231292346,8058,8299,7817,-241,-2.99,8073,15,0.19,7817,8299,1400-5-13,2021-08-04
76,فجام,جام‌دارو,3493,30960607,210676920690,7070,6720,6850,-220,-3.11,6800,-270,-3.82,6720,7090,1400-5-13,2021-08-04
77,امين,تامين سرمايه امين,3445,2986980,22810416700,7600,7630,7600,0,0,7620,20,0.26,7600,7690,1400-5-13,2021-08-04
78,صبا,سرمايه گذاري صبا تامين,3402,16324556,143338624102,8655,8655,8750,95,1.1,8781,126,1.46,8532,8970,1400-5-13,2021-08-04
79,فروي,ذوب روي اصفهان,3351,3896151,124381668601,32329,32329,31750,-579,-1.79,31924,-405,-1.25,31500,33000,1400-5-13,2021-08-04
80,وپويا,سرمايه گذاري پويا,3294,6190627,27096193393,4366,4390,4395,29,0.66,4377,11,0.25,4331,4411,1400-5-13,2021-08-04
81,پيزد,مجتمع صنايع لاستيك يزد,3282,809692,59215167625,73122,70921,73746,624,0.85,73133,11,0.02,70921,75000,1400-5-13,2021-08-04
82,وگستر,گسترش سرمايه گذاري ايرانيان,3202,13993536,159513062648,11915,12000,11320,-595,-4.99,11399,-516,-4.33,11320,12000,1400-5-13,2021-08-04
83,وسخوز,شركت س استان خوزستان,3195,256535026,146880673747,547,567,574,27,4.94,573,26,4.75,552,574,1400-5-13,2021-08-04
84,آگاس,صندوق س.هستي بخش آگاه-س,3165,20219182,1638010016196,79208,79828,81959,2751,3.47,81013,1805,2.28,79828,82000,1400-5-13,2021-08-04
85,ومعادن,توسعه‌معادن‌وفلزات‌,3055,44710448,542874673930,11610,11980,12190,580,5,12140,530,4.57,11480,12190,1400-5-13,2021-08-04
86,كگل,معدني و صنعتي گل گهر,3047,12277214,281071791250,22220,22260,23120,900,4.05,22890,670,3.02,22110,23210,1400-5-13,2021-08-04
87,شفارس,صنايع‌ شيميايي‌ فارس‌,3039,69466793,123565789462,1826,1801,1773,-53,-2.9,1779,-47,-2.57,1740,1850,1400-5-13,2021-08-04
88,دلقما,دارويي‌ لقمان‌,3026,4544231,191217683080,42910,43100,41700,-1210,-2.82,42080,-830,-1.93,40770,44000,1400-5-13,2021-08-04
89,سرو,صندوق س سروسودمند مدبران-سهام,2975,3569916,270360096200,72780,73800,77200,4420,6.07,75730,2950,4.05,73800,77200,1400-5-13,2021-08-04
90,امين يكم,صندوق درآمد ثابت امين يكم فردا,2940,582183378,5848062909131,10040,10046,10044,4,0.04,10045,5,0.05,10041,10050,1400-5-13,2021-08-04
91,فاراك,ماشين‌ سازي‌ اراك‌,2902,54149965,101086236475,1863,1860,1850,-13,-0.7,1867,4,0.21,1836,1909,1400-5-13,2021-08-04
92,فاذر,صنايع‌ آذرآب‌,2899,95577970,115592452526,1250,1250,1200,-50,-4,1209,-41,-3.28,1197,1260,1400-5-13,2021-08-04
93,آريان,سرمايه گذاري پارس آريان,2860,50214490,799560612319,15338,15890,15701,363,2.37,15923,585,3.81,15350,16097,1400-5-13,2021-08-04
94,وسكرمان,س.سهام عدالت استان كرمان,2787,295297627,171228871533,556,559,583,27,4.86,580,24,4.32,559,583,1400-5-13,2021-08-04
95,فارس,صنايع پتروشيمي خليج فارس,2743,68517819,835124008810,11610,12190,12190,580,5,12190,580,5,12010,12190,1400-5-13,2021-08-04
96,اپال,فرآوري معدني اپال كاني پارس,2739,4475983,100243760890,22340,22490,22350,10,0.04,22390,50,0.22,22300,22750,1400-5-13,2021-08-04
97,وبانك,سرمايه گذاري گروه توسعه ملي,2692,27567931,248238156170,8660,8800,8990,330,3.81,9000,340,3.93,8700,9090,1400-5-13,2021-08-04
98,فاراكح,ح . ماشين‌ سازي‌ اراك‌,2667,55287484,46998203355,846,826,838,-8,-0.95,850,4,0.47,826,873,1400-5-13,2021-08-04
99,ديران,ايران‌دارو,2636,8215695,151920866850,18690,18600,19220,530,2.84,18490,-200,-1.07,17760,19500,1400-5-13,2021-08-04
100,خزاميا,زامياد,2635,22881761,142850020260,6390,6330,6260,-130,-2.03,6240,-150,-2.35,6180,6460,1400-5-13,2021-08-04
101,بترانس,ايران‌ ترانسفو,2627,61341498,137322126130,2258,2273,2234,-24,-1.06,2239,-19,-0.84,2210,2289,1400-5-13,2021-08-04
102,غشهداب,كشت و صنعت شهداب ناب خراسان,2621,33156698,112031072654,3531,3452,3398,-133,-3.77,3379,-152,-4.3,3355,3575,1400-5-13,2021-08-04
103,سفارس,سيمان فارس و خوزستان,2587,12247920,277417253120,21850,21900,22700,850,3.89,22650,800,3.66,21900,22940,1400-5-13,2021-08-04
104,كروي,توسعه‌ معادن‌ روي‌ ايران‌,2565,7128515,190669203440,27360,26650,26560,-800,-2.92,26750,-610,-2.23,26200,27490,1400-5-13,2021-08-04
105,وهور,مديريت انرژي اميد  تابان هور,2550,77960748,122250510325,1596,1598,1596,0,0,1568,-28,-1.75,1520,1631,1400-5-13,2021-08-04
106,فسرب,ملي‌ سرب‌وروي‌ ايران‌,2504,2765782,220948981460,77000,80850,80850,3850,5,79890,2890,3.75,77430,80850,1400-5-13,2021-08-04
107,سبهان,سيمان‌ بهبهان‌,2491,1534121,105299664350,69000,67530,69910,910,1.32,68640,-360,-0.52,65740,72000,1400-5-13,2021-08-04
108,فزرين,زرين معدن آسيا,2474,6996038,115289081783,16716,16725,16405,-311,-1.86,16479,-237,-1.42,16100,17150,1400-5-13,2021-08-04
109,ميهن,بيمه ميهن,2458,26950608,93656929333,3611,3650,3431,-180,-4.98,3475,-136,-3.77,3431,3680,1400-5-13,2021-08-04
110,لازما,كارخانه هاي صنعتي آزمايش,2454,7761615,165994295908,21552,20906,22190,638,2.96,21387,-165,-0.77,20906,22198,1400-5-13,2021-08-04
111,پتاير,ايران‌ تاير,2449,38672306,106816406803,2776,2735,2760,-16,-0.58,2762,-14,-0.5,2720,2869,1400-5-13,2021-08-04
112,البرز,بيمه البرز,2390,75419405,212545780847,2737,2831,2790,53,1.94,2818,81,2.96,2771,2873,1400-5-13,2021-08-04
113,زكوثر,سرمايه گذاري كشاورزي كوثر,2362,6219827,107505828510,17430,17150,17120,-310,-1.78,17280,-150,-0.86,16990,17700,1400-5-13,2021-08-04
114,قنيشا,قند  نيشابور,2361,2572025,143168391060,58410,58800,55980,-2430,-4.16,55660,-2750,-4.71,55490,58800,1400-5-13,2021-08-04
115,خودكفا,اقتصادي و خودكفايي آزادگان,2341,10143212,136494479677,13952,13523,13520,-432,-3.1,13457,-495,-3.55,13257,13850,1400-5-13,2021-08-04
116,ودي,بيمه  دي,2329,18933053,172637134854,8889,8990,8952,63,0.71,9118,229,2.58,8902,9333,1400-5-13,2021-08-04
117,رنيك,جنرال مكانيك,2319,5847939,101494803098,17912,18108,17221,-691,-3.86,17356,-556,-3.1,17080,18142,1400-5-13,2021-08-04
118,تاصيكو,سرمايه گذاري صدرتامين,2306,37196364,427044345260,10990,10780,11530,540,4.91,11480,490,4.46,10780,11530,1400-5-13,2021-08-04
119,كوير,توليدي فولاد سپيد فراب كوير,2279,13891034,191376863550,13940,13990,13700,-240,-1.72,13780,-160,-1.15,13600,14100,1400-5-13,2021-08-04
120,سمگا,گروه سرمايه گذاري ميراث فرهنگي,2272,9176997,246184607906,26277,27300,26280,3,0.01,26826,549,2.09,26279,27580,1400-5-13,2021-08-04
121,ثفارس,عمران‌وتوسعه‌فارس‌,2260,19707923,138200510970,7080,7160,6990,-90,-1.27,7010,-70,-0.99,6730,7260,1400-5-13,2021-08-04
122,وايران,ليزينگ ايرانيان,2244,14819425,106685121180,7190,7290,7390,200,2.78,7200,10,0.14,6840,7470,1400-5-13,2021-08-04
123,ماديرا,صنايع ماديران,2225,15713964,119316554735,7439,7540,7500,61,0.82,7593,154,2.07,7340,7799,1400-5-13,2021-08-04
124,غالبر,لبنيات‌ كالبر,2225,6881262,89946129390,13010,13660,12780,-230,-1.77,13070,60,0.46,12450,13660,1400-5-13,2021-08-04
125,كسرام,پارس‌ سرام‌,2222,18521729,128892342290,6710,6950,6950,240,3.58,6960,250,3.73,6780,7040,1400-5-13,2021-08-04
126,ساربيل,سيمان آرتا اردبيل,2214,2266698,85506484200,38960,39960,37720,-1240,-3.18,37720,-1240,-3.18,37020,39960,1400-5-13,2021-08-04
127,ثاخت,بين‌المللي‌توسعه‌ساختمان,2183,46282346,101417180343,2218,2170,2180,-38,-1.71,2191,-27,-1.22,2170,2240,1400-5-13,2021-08-04
128,ولساپا,ليزينگ رايان‌ سايپا,2162,40304714,109213614145,2812,2782,2700,-112,-3.98,2710,-102,-3.63,2672,2850,1400-5-13,2021-08-04
129,غاذر,كشت‌وصنعت‌پياذر,2144,3772609,95152952730,25990,26010,24930,-1060,-4.08,25220,-770,-2.96,24700,26970,1400-5-13,2021-08-04
130,آسيا,بيمه آسيا,2119,58427039,117991097240,1942,1958,2039,97,4.99,2019,77,3.96,1958,2039,1400-5-13,2021-08-04
131,كبافق,معادن‌ بافق‌,2117,2821504,105500918400,39190,37800,37270,-1920,-4.9,37390,-1800,-4.59,37240,38370,1400-5-13,2021-08-04
132,كاوه,فولاد كاوه جنوب كيش,2086,10539997,198067186940,18400,18400,18850,450,2.45,18790,390,2.12,18390,19210,1400-5-13,2021-08-04
133,حآسا,آسيا سير ارس,2078,7258139,166837163204,21915,22890,23010,1095,5,22986,1071,4.89,21915,23010,1400-5-13,2021-08-04
134,حفاري,حفاري شمال,2076,17310760,101017306670,5720,5830,6000,280,4.9,5840,120,2.1,5690,6000,1400-5-13,2021-08-04
135,دتوزيع,توزيع دارو پخش,2047,5686374,150524267422,27277,27150,26890,-387,-1.42,26471,-806,-2.95,25951,27700,1400-5-13,2021-08-04
136,ثشاهد,سرمايه‌ گذاري‌ شاهد,2036,6741239,90310797830,13700,13410,13340,-360,-2.63,13400,-300,-2.19,13240,13800,1400-5-13,2021-08-04
137,ديرانح,ح . ‌ايران‌دارو,2015,9901214,112733673420,11500,11870,11350,-150,-1.3,11390,-110,-0.96,11020,11870,1400-5-13,2021-08-04
138,قرن,پديده شيمي قرن,2011,1754883,51456960650,29860,29300,29130,-730,-2.44,29320,-540,-1.81,28850,30240,1400-5-13,2021-08-04
139,ونوين,بانك‌اقتصادنوين‌,2010,67991543,324661085036,4752,4797,4800,48,1.01,4775,23,0.48,4660,4843,1400-5-13,2021-08-04
140,اعتماد,صندوق س.اعتماد آفرين پارسيان-د,2004,41115580,1559224922560,37884,37923,37939,55,0.15,37923,39,0.1,37921,37939,1400-5-13,2021-08-04
141,قرنح,ح . پديده شيمي قرن,2002,1850405,43289364870,23350,23700,23220,-130,-0.56,23390,40,0.17,23150,24000,1400-5-13,2021-08-04
142,سكارون,سيمان كارون,1959,1957122,198041816386,100913,99908,103940,3027,3,101190,277,0.27,97886,103940,1400-5-13,2021-08-04
143,واميد,گروه مديريت سرمايه گذاري اميد,1938,18899962,243870919960,12320,12790,12930,610,4.95,12900,580,4.71,12490,12930,1400-5-13,2021-08-04
144,غپآذر,شير پگاه آذربايجان شرقي,1920,2236921,107054609787,47096,49200,49241,2145,4.55,47858,762,1.62,45365,49450,1400-5-13,2021-08-04
145,وتوصا,گروه س توسعه صنعتي ايران,1917,23089431,200650875700,8580,8500,8850,270,3.15,8690,110,1.28,8500,8870,1400-5-13,2021-08-04
146,ثنوسا,نوسازي‌وساختمان‌تهران‌,1915,11704256,99100219040,8520,8510,8300,-220,-2.58,8470,-50,-0.59,8200,8750,1400-5-13,2021-08-04
147,بجهرم,توسعه مولد نيروگاهي جهرم,1900,25109816,60553053467,2426,2421,2410,-16,-0.66,2412,-14,-0.58,2382,2450,1400-5-13,2021-08-04
148,كلر,كلر پارس,1897,922584,95418301562,100997,101002,104179,3182,3.15,103425,2428,2.4,101002,104600,1400-5-13,2021-08-04
149,نطرين,عطرين نخ قم,1895,8528732,69781598450,8241,8200,8050,-191,-2.32,8182,-59,-0.72,7900,8475,1400-5-13,2021-08-04
150,شكلر,نيروكلر,1889,3721983,149642862110,38680,40610,40060,1380,3.57,40210,1530,3.96,38690,40610,1400-5-13,2021-08-04
151,وتوكا,سرمايه‌گذاري‌توكافولاد(هلدينگ,1889,22081192,223347362490,9800,10130,10290,490,5,10110,310,3.16,9940,10290,1400-5-13,2021-08-04
152,پارند,صندوق س. پارند پايدار سپهر,1867,73158227,826049742256,11279,11291,11292,13,0.12,11291,12,0.11,11290,11293,1400-5-13,2021-08-04
153,دماوند,توليد نيروي برق دماوند,1857,4460494,115237264543,26009,26200,25694,-315,-1.21,25835,-174,-0.67,25251,26200,1400-5-13,2021-08-04
154,خرينگ,رينگ‌سازي‌مشهد,1829,2593149,76355139640,30630,30360,29130,-1500,-4.9,29440,-1190,-3.89,29100,31000,1400-5-13,2021-08-04
155,تسه0004,امتيازتسهيلات مسكن تير1400,1829,36117,21968501343,603383,606000,614999,11616,1.93,608259,4876,0.81,600000,619539,1400-5-13,2021-08-04
156,غگلستا,شير پاستوريزه پگاه گلستان,1825,11154641,256418959753,23252,24270,22090,-1162,-5,22988,-264,-1.14,22090,24405,1400-5-13,2021-08-04
157,ختور,رادياتور ايران‌,1813,6754788,126371543960,19610,19120,18800,-810,-4.13,18710,-900,-4.59,18630,19780,1400-5-13,2021-08-04
158,شپديس,پتروشيمي پرديس,1808,2132275,313008311910,142000,143200,147300,5300,3.73,146800,4800,3.38,143200,148900,1400-5-13,2021-08-04
159,شغدير,پتروشيمي غدير,1807,3714094,304899295020,78450,79860,82370,3920,5,82090,3640,4.64,79860,82370,1400-5-13,2021-08-04
160,طلا,صندوق س.پشتوانه طلاي لوتوس,1788,4063673,339125016315,83038,84300,84100,1062,1.28,83453,415,0.5,82513,84300,1400-5-13,2021-08-04
161,غچين,كشت‌ و صنعت‌ چين‌ چين,1778,5813929,102034144850,18220,18350,17990,-230,-1.26,17550,-670,-3.68,17310,18350,1400-5-13,2021-08-04
162,فاهواز,نورد و لوله اهواز,1777,11576013,88642993641,7646,7645,7700,54,0.71,7657,11,0.14,7570,7722,1400-5-13,2021-08-04
163,شيران,س. صنايع‌شيميايي‌ايران,1759,5999554,156221827190,25760,26190,26200,440,1.71,26040,280,1.09,25760,26470,1400-5-13,2021-08-04
164,غفارس,شير پاستوريزه پگاه فارس,1745,5450513,89176507435,17147,17160,16290,-857,-5,16361,-786,-4.58,16290,17480,1400-5-13,2021-08-04
165,زقيام,كشت و دام قيام اصفهان,1744,4744203,84487109137,18672,17980,18505,-167,-0.89,17808,-864,-4.63,17739,18505,1400-5-13,2021-08-04
166,بكهنوج,توليد برق ماهتاب كهنوج,1743,43795847,76965857270,1808,1800,1788,-20,-1.11,1757,-51,-2.82,1725,1800,1400-5-13,2021-08-04
167,وآوا,سرمايه گذاري آوا نوين,1713,10099669,51828133206,5045,5150,5137,92,1.82,5132,87,1.72,4951,5240,1400-5-13,2021-08-04
168,تملت,تامين سرمايه بانك ملت,1707,13366409,61123428200,4584,4584,4595,11,0.24,4573,-11,-0.24,4521,4665,1400-5-13,2021-08-04
169,ومهان,گروه توسعه مالي مهر آيندگان,1698,9793236,153259392941,14979,15300,15727,748,4.99,15650,671,4.48,14981,15727,1400-5-13,2021-08-04
170,حتايد,تايدواترخاورميانه,1692,8801017,240173024090,27690,26990,26310,-1380,-4.98,27290,-400,-1.44,26310,27800,1400-5-13,2021-08-04
171,كوثر,بيمه كوثر,1688,8094590,103108334261,13082,13060,12800,-282,-2.16,12738,-344,-2.63,12438,13450,1400-5-13,2021-08-04
172,سفار,سيمان‌فارس‌,1674,911812,80293594800,86220,86220,90530,4310,5,88060,1840,2.13,82190,90530,1400-5-13,2021-08-04
173,خمحركه,نيرو محركه‌,1668,18602417,71098414252,3891,3805,3800,-91,-2.34,3822,-69,-1.77,3750,3938,1400-5-13,2021-08-04
174,زاگرس,پتروشيمي زاگرس,1667,2707486,624351998791,219999,221000,230998,10999,5,230602,10603,4.82,220000,230998,1400-5-13,2021-08-04
175,شيراز,پتروشيمي‌شيراز,1657,4686071,327988453810,68040,70900,71000,2960,4.35,69990,1950,2.87,67350,71440,1400-5-13,2021-08-04
176,ونيكي,سرمايه‌گذاري‌ ملي‌ايران‌,1653,11753574,121769705730,10250,10260,10500,250,2.44,10360,110,1.07,10100,10580,1400-5-13,2021-08-04
177,وپست,پست بانك ايران,1634,6449936,131940250530,21440,21210,20370,-1070,-4.99,20460,-980,-4.57,20370,21210,1400-5-13,2021-08-04
178,سبزوا,سيمان لار سبزوار,1626,19317055,65823615406,3394,3490,3411,17,0.5,3408,14,0.41,3300,3490,1400-5-13,2021-08-04
179,حتوكا,حمل‌ونقل‌توكا,1615,7174574,134408874590,18010,18390,18910,900,5,18730,720,4,18110,18910,1400-5-13,2021-08-04
180,جم پيلن,پلي پروپيلن جم - جم پيلن,1614,1305115,134891765330,100820,103410,104000,3180,3.15,103360,2540,2.52,101420,104900,1400-5-13,2021-08-04
181,وصندوق,سرمايه‌گذاري‌صندوق‌بازنشستگي‌,1597,27518970,493089956610,17170,17170,18020,850,4.95,17920,750,4.37,16660,18020,1400-5-13,2021-08-04
182,شاوان,پالايش نفت لاوان,1593,2886185,279249133031,93405,94990,98075,4670,5,96754,3349,3.59,94000,98075,1400-5-13,2021-08-04
183,وصنعت,سرمايه گذاري توسعه صنعت وتجارت,1587,14465080,76728445470,5340,5390,5320,-20,-0.37,5300,-40,-0.75,5250,5450,1400-5-13,2021-08-04
184,شبصير,توليدات پتروشيمي قائد بصير,1571,3514252,321588500418,87506,88000,91881,4375,5,91510,4004,4.58,86602,91881,1400-5-13,2021-08-04
185,وپاسار,بانك  پاسارگاد,1550,22784762,349636633610,15240,15600,15370,130,0.85,15350,110,0.72,15140,15600,1400-5-13,2021-08-04
186,هرمز,فولاد هرمزگان جنوب,1541,10352607,157099697479,15240,15021,15290,50,0.33,15175,-65,-0.43,15000,15402,1400-5-13,2021-08-04
187,وسكرشا,س.سهام عدالت استان كرمانشاه,1537,75656839,56026221074,754,717,791,37,4.91,741,-13,-1.72,717,791,1400-5-13,2021-08-04
188,كرماشا,صنايع پتروشيمي كرمانشاه,1535,3659897,159796443670,42580,43310,44450,1870,4.39,43660,1080,2.54,43000,44600,1400-5-13,2021-08-04
189,وسپه,سرمايه‌گذاري‌ سپه‌,1530,7349813,66024163090,8740,8900,9030,290,3.32,8980,240,2.75,8730,9120,1400-5-13,2021-08-04
190,حفارس,حمل و نقل بين المللي خليج فارس,1527,15912342,50829199380,3193,3250,3140,-53,-1.66,3194,1,0.03,3115,3315,1400-5-13,2021-08-04
191,جم,پتروشيمي جم,1523,7209911,330022223790,43740,43810,45920,2180,4.98,45770,2030,4.64,43810,45920,1400-5-13,2021-08-04
192,فپنتا,سپنتا,1522,142483,66543014410,460860,483890,452340,-8520,-1.85,467020,6160,1.34,440010,483890,1400-5-13,2021-08-04
193,ونيرو,سرمايه‌گذاري‌نيرو,1520,35433233,90365409497,2605,2565,2500,-105,-4.03,2550,-55,-2.11,2495,2659,1400-5-13,2021-08-04
194,فوكا,فولاد كاويان,1519,16192827,249237940746,15163,15609,15617,454,2.99,15392,229,1.51,15000,15617,1400-5-13,2021-08-04
195,همراه,شركت ارتباطات سيار ايران,1519,8470548,78395802250,9400,9400,9210,-190,-2.02,9310,-90,-0.96,9120,9520,1400-5-13,2021-08-04
196,تليسه,دامداري تليسه نمونه,1516,23683649,76708274339,3281,3200,3270,-11,-0.34,3239,-42,-1.28,3200,3292,1400-5-13,2021-08-04
197,مفاخر,توسعه فناوري اطلاعات خوارزمي,1503,1453593,61951755563,41173,41000,43231,2058,5,42620,1447,3.51,39761,43231,1400-5-13,2021-08-04
198,زمگسا,كشاورزي‌ ودامپروي‌ مگسال‌,1502,2659822,69831252190,27410,26500,26040,-1370,-5,26250,-1160,-4.23,26040,27500,1400-5-13,2021-08-04
199,فولاژ,فولاد آلياژي ايران,1481,5592111,99725193820,18040,18040,17710,-330,-1.83,17830,-210,-1.16,17160,18300,1400-5-13,2021-08-04
200,خكار,ايركا پارت صنعت,1478,4755837,74479242230,16080,16330,15520,-560,-3.48,15660,-420,-2.61,15520,16330,1400-5-13,2021-08-04
201,خشرق,الكتريك‌ خودرو شرق‌,1472,10074711,137923887850,13100,13720,13750,650,4.96,13690,590,4.5,13180,13750,1400-5-13,2021-08-04
202,شلرد,كود شيميايي اوره لردگان,1468,14936967,123919606134,8090,8165,8332,242,2.99,8296,206,2.55,8010,8332,1400-5-13,2021-08-04
203,ساوه,سيمان ساوه,1458,591779,35130216806,58555,57000,60100,1545,2.64,59364,809,1.38,56200,60498,1400-5-13,2021-08-04
204,وآذر,سرمايه‌گذاري‌توسعه‌آذربايجان‌,1443,2253082,154962508120,65780,65850,69060,3280,4.99,68780,3000,4.56,65850,69060,1400-5-13,2021-08-04
205,تيپيكو,سرمايه گذاري دارويي تامين,1433,8430587,184061619520,21310,21140,22370,1060,4.97,21830,520,2.44,21140,22370,1400-5-13,2021-08-04
206,وليز,ليزينگ‌ايران‌,1428,8606537,46952632570,5630,5500,5350,-280,-4.97,5460,-170,-3.02,5350,5830,1400-5-13,2021-08-04
207,تكشا,گسترش‌صنايع‌وخدمات‌كشاورزي‌,1426,2603905,69657619990,28050,28000,26700,-1350,-4.81,26750,-1300,-4.63,26650,28000,1400-5-13,2021-08-04
208,آ س پ,آ.س.پ,1425,4775393,42062705688,8609,8967,8800,191,2.22,8808,199,2.31,8620,8967,1400-5-13,2021-08-04
209,ختوقا,قطعات‌ اتومبيل‌ ايران‌,1423,20977808,45549064709,2207,2198,2160,-47,-2.13,2171,-36,-1.63,2135,2250,1400-5-13,2021-08-04
210,وساپا,سرمايه‌گذاري‌ سايپا,1421,13523975,66747630898,5024,5090,4930,-94,-1.87,4936,-88,-1.75,4840,5090,1400-5-13,2021-08-04
211,شفن,پتروشيمي فناوران,1418,715480,266067031780,354200,371910,371910,17710,5,371870,17670,4.99,367500,371910,1400-5-13,2021-08-04
212,رمپنا,گروه مپنا (سهامي عام),1415,10664629,196262802840,18020,17870,18420,400,2.22,18400,380,2.11,17620,18900,1400-5-13,2021-08-04
213,غپينو,پارس‌ مينو,1412,10106969,52578282790,5220,5150,5160,-60,-1.15,5200,-20,-0.38,5100,5370,1400-5-13,2021-08-04
214,وپترو,سرمايه‌گذاري صنايع پتروشيمي‌,1406,7391235,98160430460,13160,12900,13550,390,2.96,13280,120,0.91,12740,13800,1400-5-13,2021-08-04
215,وسرضوي,س.سهام عدالت استان خراسان رضوي,1406,68043536,53479958258,805,765,817,12,1.49,796,-9,-1.12,765,840,1400-5-13,2021-08-04
216,ثرود,سرمايه‌گذاري مسكن زاينده رود,1403,3800526,66601320096,17057,17057,17222,165,0.97,17524,467,2.74,17057,17800,1400-5-13,2021-08-04
217,سشرق,سيمان‌ شرق‌,1398,24632365,196369790480,7780,7970,8160,380,4.88,7970,190,2.44,7700,8160,1400-5-13,2021-08-04
218,وملي,گروه‌ صنعتي‌ ملي‌ (هلدينگ‌,1390,415622,60113602950,141930,144790,147400,5470,3.85,144640,2710,1.91,140080,148500,1400-5-13,2021-08-04
219,شجم,صنايع پتروشيمي تخت جمشيد,1383,10570542,129955052405,12183,12400,12000,-183,-1.5,12294,111,0.91,11991,12548,1400-5-13,2021-08-04
220,دجابر,داروسازي‌ جابرابن‌حيان‌,1381,4325802,50701749950,12190,12200,11650,-540,-4.43,11720,-470,-3.86,11590,12350,1400-5-13,2021-08-04
221,تاپكيش,تجارت الكترونيك پارسيان كيش,1372,4705924,61465439091,12628,13090,13130,502,3.98,13061,433,3.43,12628,13255,1400-5-13,2021-08-04
222,ونفت,سرمايه‌گذاري‌ صنعت‌ نفت‌,1360,13094520,212081462680,15490,15710,16260,770,4.97,16200,710,4.58,15150,16260,1400-5-13,2021-08-04
223,مدير,ص.س.مديريت ثروت ص.بازنشستگي-س,1358,10868142,103134833221,9230,9297,9717,487,5.28,9490,260,2.82,9204,9722,1400-5-13,2021-08-04
224,حسير,ريل سير كوثر,1352,4636190,113749948938,23873,24990,24690,817,3.42,24535,662,2.77,23985,25066,1400-5-13,2021-08-04
225,چفيبر,فيبر ايران‌,1348,6630786,45302212790,7070,7010,6850,-220,-3.11,6830,-240,-3.39,6730,7050,1400-5-13,2021-08-04
226,بپاس,بيمه پاسارگاد,1343,3816826,239151146056,62601,62600,63500,899,1.44,62657,56,0.09,62600,63990,1400-5-13,2021-08-04
227,وسهرمز,شركت س استان هرمزگان,1336,109314904,63098528356,554,565,581,27,4.87,577,23,4.15,555,581,1400-5-13,2021-08-04
228,زنگان,صنعت روي زنگان,1323,943496,54511672158,58907,60000,57350,-1557,-2.64,57776,-1131,-1.92,57000,60000,1400-5-13,2021-08-04
229,سدور,سيمان‌ دورود,1320,7939696,78089859250,9420,9480,9890,470,4.99,9840,420,4.46,9360,9890,1400-5-13,2021-08-04
230,غمينو,شركت صنايع غذايي مينو شرق,1310,5039199,38424536426,7958,7690,7600,-358,-4.5,7625,-333,-4.18,7561,8035,1400-5-13,2021-08-04
231,سكرما,سيمان‌ كرمان‌,1302,9744158,171353560260,16850,16860,17130,280,1.66,17590,740,4.39,16400,17690,1400-5-13,2021-08-04
232,چدن,توليدي چدن سازان,1289,14300700,57944959051,4009,4000,4028,19,0.47,4052,43,1.07,3995,4111,1400-5-13,2021-08-04
233,غگلپا,شير پاستوريزه پگاه گلپايگان,1285,1374605,92339004285,68569,71490,66051,-2518,-3.67,67175,-1394,-2.03,65156,71490,1400-5-13,2021-08-04
234,كاذر,فرآورده‌هاي‌نسوزآذر,1279,9668606,151996398450,15330,15850,16090,760,4.96,15720,390,2.54,14910,16090,1400-5-13,2021-08-04
235,شدوص,دوده‌ صنعتي‌ پارس‌,1271,3960118,89399945010,23230,22350,22690,-540,-2.32,22580,-650,-2.8,22070,23650,1400-5-13,2021-08-04
236,بكام,كارخانجات توليدي شهيد قندي,1261,13355873,33902019112,2561,2571,2550,-11,-0.43,2538,-23,-0.9,2500,2630,1400-5-13,2021-08-04
237,دتوليد,داروسازي توليد دارو,1258,3245730,41984884167,13152,13390,12790,-362,-2.75,12935,-217,-1.65,12620,13390,1400-5-13,2021-08-04
238,سيمرغ,سيمرغ,1258,4371164,73854750460,17190,17120,16770,-420,-2.44,16900,-290,-1.69,16570,17350,1400-5-13,2021-08-04
239,ولانا,شركت ليزينگ آريا دانا,1235,1976604,47504668434,23353,24053,24053,700,3,24033,680,2.91,23500,24053,1400-5-13,2021-08-04
240,دانا,بيمه دانا,1234,12034398,64555612060,5390,5510,5440,50,0.93,5360,-30,-0.56,5290,5510,1400-5-13,2021-08-04
241,هجرت,پخش هجرت,1233,4448742,128343374012,28758,27500,29200,442,1.54,28849,91,0.32,27440,29474,1400-5-13,2021-08-04
242,غسالم,سالمين‌,1224,12588607,41937907086,3367,3300,3338,-29,-0.86,3331,-36,-1.07,3300,3395,1400-5-13,2021-08-04
243,فن آوا,گروه فن آوا,1214,12597737,254484564021,20050,19700,20650,600,2.99,20201,151,0.75,19450,20651,1400-5-13,2021-08-04
244,زبينا,كشاورزي و دامپروري بينالود,1214,15113202,40282643860,2760,2795,2640,-120,-4.35,2665,-95,-3.44,2623,2795,1400-5-13,2021-08-04
245,نوين,بيمه نوين,1205,16219619,85377247733,5310,5300,5338,28,0.53,5264,-46,-0.87,5183,5395,1400-5-13,2021-08-04
246,ارفع,شركت آهن و فولاد ارفع,1190,6207212,98457584632,15839,15820,16080,241,1.52,15862,23,0.15,15550,16180,1400-5-13,2021-08-04
247,شراز,پالايش نفت شيراز,1186,1682234,181092400387,107578,111590,109200,1622,1.51,107650,72,0.07,105960,111590,1400-5-13,2021-08-04
248,تكمبا,كمباين‌ سازي‌ ايران‌,1184,8686692,60429315150,7190,7240,6840,-350,-4.87,6960,-230,-3.2,6840,7380,1400-5-13,2021-08-04
249,ريشمك,توليد و صادرات ريشمك,1182,2001393,88267830352,45748,46000,44202,-1546,-3.38,44103,-1645,-3.6,43461,46430,1400-5-13,2021-08-04
250,فباهنر,مس‌ شهيدباهنر,1175,2116031,54527651040,25790,26000,25880,90,0.35,25770,-20,-0.08,24860,26190,1400-5-13,2021-08-04
251,مرقام,ايران‌ارقام‌,1165,3489714,51168914180,14740,14990,14380,-360,-2.44,14660,-80,-0.54,14300,15100,1400-5-13,2021-08-04
252,گكوثر,هتل پارسيان كوثر اصفهان,1164,14488159,35480887501,2443,2520,2460,17,0.7,2449,6,0.25,2405,2529,1400-5-13,2021-08-04
253,كسرا,سراميك‌هاي‌صنعتي‌اردكان‌,1159,4890144,73460375980,15350,15000,15160,-190,-1.24,15020,-330,-2.15,14650,15810,1400-5-13,2021-08-04
254,فرآور,فرآوري‌موادمعدني‌ايران‌,1158,2481468,77705484380,32230,31500,31200,-1030,-3.2,31310,-920,-2.85,31020,32400,1400-5-13,2021-08-04
255,ثغرب,شركت سرمايه گذاري مسكن شمالغرب,1155,7394896,40311572784,5636,5590,5355,-281,-4.99,5451,-185,-3.28,5355,5720,1400-5-13,2021-08-04
256,سخاش,سيمان‌خاش‌,1153,441245,48836732480,111700,113390,113930,2230,2,110680,-1020,-0.91,106610,115000,1400-5-13,2021-08-04
257,شزنگ,تجهيزنيروي‌زنگان‌,1152,710315,87871312189,129741,123254,123254,-6487,-5,123708,-6033,-4.65,123254,128980,1400-5-13,2021-08-04
258,غگيلا,شيرپاستوريزه پگاه گيلان,1147,3344897,83271119455,23712,24897,24897,1185,5,24895,1183,4.99,23805,24897,1400-5-13,2021-08-04
259,تبرك,گروه كارخانجات صنعتي تبرك,1142,3679437,49393336897,13525,14199,13499,-26,-0.19,13424,-101,-0.75,12849,14199,1400-5-13,2021-08-04
260,تپمپي,پمپ‌ سازي‌ ايران‌,1110,3280970,45931708590,14490,14170,13890,-600,-4.14,14000,-490,-3.38,13770,14780,1400-5-13,2021-08-04
261,ماني,صندوق س. با درآمد ثابت ماني,1108,8264738,82647380000,10000,10000,10000,0,0,10000,0,0,10000,10000,1400-5-13,2021-08-04
262,والبر,سرمايه‌ گذاري‌ البرز(هلدينگ‌,1105,6170170,55938675590,8800,8710,9240,440,5,9070,270,3.07,8610,9240,1400-5-13,2021-08-04
263,خمهر,مهركام‌پارس‌,1092,24839764,57295995574,2291,2350,2320,29,1.27,2307,16,0.7,2240,2381,1400-5-13,2021-08-04
264,داوه,داروسازي آوه سينا,1088,2728666,44872468856,15873,15550,16666,793,5,16445,572,3.6,15550,16666,1400-5-13,2021-08-04
265,اتكاي,بيمه اتكايي ايرانيان,1086,4998337,46250919889,9470,9331,9175,-295,-3.12,9253,-217,-2.29,9010,9580,1400-5-13,2021-08-04
266,قشكر,شكرشاهرود,1079,16175003,50223616080,3016,2950,3098,82,2.72,3105,89,2.95,2950,3165,1400-5-13,2021-08-04
267,غديس,پاكديس,1078,5081458,72024008020,14174,14050,14057,-117,-0.83,14174,0,0,14037,14400,1400-5-13,2021-08-04
268,كهمدا,شيشه‌ همدان‌,1070,5521441,54134363870,9460,9500,9930,470,4.97,9800,340,3.59,9340,9930,1400-5-13,2021-08-04
269,ستران,سيمان‌ تهران‌,1053,2460969,63813202720,25650,26000,26050,400,1.56,25930,280,1.09,25450,26490,1400-5-13,2021-08-04
270,وساخت,سرمايه‌ گذاري‌ ساختمان‌ايران‌,1047,1688304,82917310810,49030,49060,50020,990,2.02,49110,80,0.16,48100,50450,1400-5-13,2021-08-04
271,غپاك,لبنيات‌ پاك‌,1047,2623232,46015469820,17740,17500,17460,-280,-1.58,17540,-200,-1.13,17230,18090,1400-5-13,2021-08-04
272,خكاوه,سايپا ديزل,1043,14312440,62225928248,4462,4500,4329,-133,-2.98,4348,-114,-2.55,4329,4500,1400-5-13,2021-08-04
273,خكرمان,گروه اقتصادي كرمان خودرو,1038,18929363,67311815273,3661,3630,3552,-109,-2.98,3556,-105,-2.87,3552,3630,1400-5-13,2021-08-04
274,زدشت,كشت و صنعت دشت خرم دره,1036,2391772,45065081353,19455,18502,18920,-535,-2.75,18842,-613,-3.15,18502,19450,1400-5-13,2021-08-04
275,فسپا,گروه‌صنعتي‌سپاهان‌,1035,1891052,79054607100,41290,40600,41590,300,0.73,41800,510,1.24,40590,42900,1400-5-13,2021-08-04
276,قچار,فراوردههاي غذايي وقند چهارمحال,1030,3407933,61354212959,18454,17560,17985,-469,-2.54,18003,-451,-2.44,17532,18850,1400-5-13,2021-08-04
277,وسينا,بانك سينا,1025,34805258,101959378590,2924,2871,2930,6,0.21,2929,5,0.17,2862,2998,1400-5-13,2021-08-04
278,كساپا,سايپاشيشه‌,1021,2650993,49664199300,19470,19010,18500,-970,-4.98,18730,-740,-3.8,18500,19970,1400-5-13,2021-08-04
279,كلوند,كاشي‌ الوند,1018,2145704,49634658060,22930,23420,23060,130,0.57,23130,200,0.87,22640,23780,1400-5-13,2021-08-04
280,ولصنم,ليزينگ‌صنعت‌ومعدن‌,996,4506570,35348213340,7670,7730,7930,260,3.39,7840,170,2.22,7670,7990,1400-5-13,2021-08-04
281,خصدرا,صنعتي‌ دريايي‌ ايران‌,995,22787883,62588088624,2678,2730,2758,80,2.99,2747,69,2.58,2693,2758,1400-5-13,2021-08-04
282,زفكا,كشت و دامداري فكا,994,4349417,48310920088,11670,11700,11087,-583,-5,11107,-563,-4.82,11087,11700,1400-5-13,2021-08-04
283,پخش,پخش البرز,994,3146941,66714089511,20637,20400,21668,1031,5,21200,563,2.73,19756,21668,1400-5-13,2021-08-04
284,وثوق,سرمايه گذاري وثوق امين,992,2795576,49122184542,17961,17424,17470,-491,-2.73,17571,-390,-2.17,17423,18258,1400-5-13,2021-08-04
285,سپاها,سيمان‌سپاهان‌,986,10673144,94399110620,8790,8980,8930,140,1.59,8840,50,0.57,8620,8980,1400-5-13,2021-08-04
286,بشهاب,لامپ‌  پارس‌ شهاب‌,983,495449,46384761020,94030,95490,91510,-2520,-2.68,93620,-410,-0.44,90910,97000,1400-5-13,2021-08-04
287,سصوفي,سيمان‌ صوفيان‌,982,4734161,91333971620,18480,18910,19400,920,4.98,19290,810,4.38,18290,19400,1400-5-13,2021-08-04
288,تيپيكوح,ح . سرمايه گذاري دارويي تامين,981,2950943,46541465610,15330,15250,16500,1170,7.63,15770,440,2.87,15250,16500,1400-5-13,2021-08-04
289,خاذين,سايپاآذين‌,980,11520395,38733177845,3480,3399,3367,-113,-3.25,3362,-118,-3.39,3306,3520,1400-5-13,2021-08-04
290,افق,فروشگاههاي زنجيره اي افق كوروش,972,909946,55997151230,60500,59210,62280,1780,2.94,61290,790,1.31,59210,63490,1400-5-13,2021-08-04
291,غبهار,كشت وصنعت بهاران گلبهار خراسان,971,2765322,46908471955,17199,17360,16850,-349,-2.03,16963,-236,-1.37,16803,17360,1400-5-13,2021-08-04
292,ثعمرا,عمران و توسعه شاهد,962,4560531,45285279080,9711,9900,9900,189,1.95,9930,219,2.26,9700,10099,1400-5-13,2021-08-04
293,غمارگ,مارگارين‌,958,2555024,65920189390,26020,26600,26490,470,1.81,25800,-220,-0.85,24950,27000,1400-5-13,2021-08-04
294,وآرين,شركت توسعه اقتصادي آرين,951,11919111,33409357130,2876,2890,2800,-76,-2.64,2803,-73,-2.54,2790,2890,1400-5-13,2021-08-04
295,قاسم,قاسم ايران,950,3496676,30313648348,8910,8998,8668,-242,-2.72,8669,-241,-2.7,8551,8998,1400-5-13,2021-08-04
296,پاسا,ايران‌ياساتايرورابر,936,3646165,72233313220,20050,19600,19600,-450,-2.24,19810,-240,-1.2,19560,20290,1400-5-13,2021-08-04
297,ثامان,سامان‌ گستراصفهان‌,934,3152247,42588941560,14180,13990,13480,-700,-4.94,13510,-670,-4.72,13480,14150,1400-5-13,2021-08-04
298,قصفها,قنداصفهان‌,932,447073,41498551430,96330,96250,94000,-2330,-2.42,92820,-3510,-3.64,91610,96250,1400-5-13,2021-08-04
299,غبهنوش,بهنوش‌ ايران‌,926,839020,49953277120,60260,60260,61100,840,1.39,59540,-720,-1.19,58030,61200,1400-5-13,2021-08-04
300,وحكمت,بيمه حكمت صبا,924,9187762,39851548762,4300,4171,4429,129,3,4337,37,0.86,4171,4429,1400-5-13,2021-08-04
301,پدرخش,درخشان‌ تهران‌,921,1618399,34403070190,21550,20900,21400,-150,-0.7,21260,-290,-1.35,20550,21850,1400-5-13,2021-08-04
302,شفارا,پتروشيمي فارابي,920,13105962,70017669209,5226,5322,5330,104,1.99,5342,116,2.22,5120,5382,1400-5-13,2021-08-04
303,اپرداز,آتيه داده پرداز,918,1436756,27908126248,19143,19980,19300,157,0.82,19424,281,1.47,18960,19980,1400-5-13,2021-08-04
304,شبهرن,نفت‌ بهران‌,906,2906497,40035282700,13650,13540,13800,150,1.1,13730,80,0.59,13460,13970,1400-5-13,2021-08-04
305,خراسان,پتروشيمي خراسان,902,742957,64012689930,83980,84930,88100,4120,4.91,86160,2180,2.6,83990,88140,1400-5-13,2021-08-04
306,دبالك,مواد اوليه دارويي البرز بالك,894,2580529,37451152811,14606,14790,14540,-66,-0.45,14513,-93,-0.64,14250,15000,1400-5-13,2021-08-04
307,خچرخش,چرخشگر,890,2969530,30313681360,10610,10550,10200,-410,-3.86,10210,-400,-3.77,10080,10820,1400-5-13,2021-08-04
308,كفپارس,فرآورده‌هاي‌ نسوز پارس‌,887,9323226,28849886810,3058,3100,3150,92,3.01,3094,36,1.18,3010,3164,1400-5-13,2021-08-04
309,پاكشو,گروه صنعتي پاكشو,881,26349478,151704793330,5500,5410,5770,270,4.91,5760,260,4.73,5330,5770,1400-5-13,2021-08-04
310,دزهراوي,داروسازي‌زهراوي‌,880,4833091,29653240170,6130,6150,6240,110,1.79,6140,10,0.16,5960,6290,1400-5-13,2021-08-04
311,رانفور,خدمات‌انفورماتيك‌,879,11240768,67198018960,5850,5960,5860,10,0.17,5980,130,2.22,5750,6060,1400-5-13,2021-08-04
312,ختراك,ريخته‌گري‌ تراكتورسازي‌ ايران‌,875,2843584,32260945350,11370,11150,11290,-80,-0.7,11350,-20,-0.18,11000,11700,1400-5-13,2021-08-04
313,كاريس,صندوق س.سپهر كاريزما-س,875,8248110,113373236667,13341,13450,13945,604,4.53,13745,404,3.03,13450,14005,1400-5-13,2021-08-04
314,اطلس,صندوق س.توسعه اندوخته آينده-س,874,506330,125848326653,243102,244000,249001,5899,2.43,248550,5448,2.24,244000,251999,1400-5-13,2021-08-04
315,غشان,شيرپاستوريزه‌پگاه‌خراسان‌,873,11133822,71194793810,6130,6100,6430,300,4.89,6390,260,4.24,6100,6430,1400-5-13,2021-08-04
316,وتوسم,سرمايه‌گذاري‌توسعه‌ملي‌,870,6376683,51846722780,7840,7840,8230,390,4.97,8130,290,3.7,7800,8230,1400-5-13,2021-08-04
317,ساروم,سيمان‌اروميه‌,869,2163769,84891846940,38690,38700,39500,810,2.09,39230,540,1.4,38000,40000,1400-5-13,2021-08-04
318,لپارس,پارس‌ الكتريك‌,862,817015,52911609110,62690,63490,65820,3130,4.99,64760,2070,3.3,61210,65820,1400-5-13,2021-08-04
319,ورنا,سرمايه‌گذاري‌ رنا(هلدينگ‌,846,10675846,49119001893,4600,4500,4636,36,0.78,4601,1,0.02,4500,4691,1400-5-13,2021-08-04
320,اميد,تامين سرمايه اميد,846,12091657,65919251810,5200,5430,5460,260,5,5450,250,4.81,5320,5460,1400-5-13,2021-08-04
321,ارزش,صندوق س ارزش آفرين بيدار-سهام,843,5334863,55021057610,9980,10010,10420,440,4.41,10310,330,3.31,10010,10490,1400-5-13,2021-08-04
322,كيميا,معدني كيمياي زنجان گستران,841,2673462,37272261295,13945,14000,14040,95,0.68,13942,-3,-0.02,13770,14180,1400-5-13,2021-08-04
323,مبين,مبين انرژي خليج فارس,839,14581323,282023440240,18440,18450,19360,920,4.99,19340,900,4.88,18450,19360,1400-5-13,2021-08-04
324,فالوم,آلومتك‌,834,2284694,40807035392,18160,17252,18642,482,2.65,17861,-299,-1.65,17252,18970,1400-5-13,2021-08-04
325,ضخود7075,اختيارخ خودرو-2000-1400/07/07,830,31248,8214058000,270,280,254,-16,-5.93,263,-7,-2.59,250,281,1400-5-13,2021-08-04
326,بزاگرس,نيروگاه زاگرس كوثر,829,6668249,30721015310,4664,4700,4613,-51,-1.09,4607,-57,-1.22,4535,4750,1400-5-13,2021-08-04
327,توريل,توكاريل,828,2935069,38173021713,12924,12450,13250,326,2.52,13006,82,0.63,12450,13340,1400-5-13,2021-08-04
328,سمازن,سيمان‌مازندران‌,824,7489235,108310059440,14270,14110,14680,410,2.87,14460,190,1.33,14010,14840,1400-5-13,2021-08-04
329,وبيمه,سرمايه‌ گذاري‌ صنعت‌ بيمه‌,822,15050840,26590125700,1748,1777,1799,51,2.92,1767,19,1.09,1701,1800,1400-5-13,2021-08-04
330,ولشرق,ليزينگ ايران و شرق,813,4999254,29636993922,6051,6100,5900,-151,-2.5,5928,-123,-2.03,5840,6100,1400-5-13,2021-08-04
331,دكوثر,داروسازي‌ كوثر,811,7095402,32284467648,4405,4625,4549,144,3.27,4550,145,3.29,4423,4625,1400-5-13,2021-08-04
332,سغرب,سيمان‌غرب‌,801,1727522,41823205580,23560,24180,24410,850,3.61,24210,650,2.76,23330,24650,1400-5-13,2021-08-04
333,شپارس,بين‌ المللي‌ محصولات‌  پارس‌,800,3394830,49629180190,14470,14500,14790,320,2.21,14620,150,1.04,14170,14870,1400-5-13,2021-08-04
334,افران,صندوق س افرا نماد پايدار-ثابت,790,21663329,301907665921,13929,13935,13939,10,0.07,13936,7,0.05,13935,13939,1400-5-13,2021-08-04
335,چكارن,كارتن‌ ايران‌,787,8172352,20534590980,2514,2560,2521,7,0.28,2513,-1,-0.04,2470,2570,1400-5-13,2021-08-04
336,بالاس,مهندسي ساختمان تاسيسات راه آهن,786,1133120,44384533393,41024,39200,38973,-2051,-5,39170,-1854,-4.52,38973,40500,1400-5-13,2021-08-04
337,خاهن,آهنگري‌ تراكتورسازي‌ ايران‌,778,4364560,34419811970,7930,7910,7920,-10,-0.13,7890,-40,-0.5,7800,8050,1400-5-13,2021-08-04
338,شسينا,صنايع‌شيميايي‌سينا,778,318681,22009338230,67810,69230,68250,440,0.65,69060,1250,1.84,67840,70280,1400-5-13,2021-08-04
339,وسگيلا,شركت س استان گيلان,778,37862683,23007061931,599,573,628,29,4.84,604,5,0.83,572,628,1400-5-13,2021-08-04
340,ومشان,س. فني و مهندسي مشانير,771,602143,46808102615,76436,78700,77366,930,1.22,77736,1300,1.7,75004,78729,1400-5-13,2021-08-04
341,زشريف,كشت وصنعت شريف آباد,769,6917242,33460975975,4798,4920,4803,5,0.1,4837,39,0.81,4760,4970,1400-5-13,2021-08-04
342,خكمك,كمك‌فنرايندامين‌,767,2669870,44236563840,17060,16450,16350,-710,-4.16,16570,-490,-2.87,16210,17140,1400-5-13,2021-08-04
343,كي بي سي,شركت كي بي سي,763,1582941,40271592489,25124,24100,26011,887,3.53,25441,317,1.26,24100,26200,1400-5-13,2021-08-04
344,تنوين,تامين سرمايه نوين,756,17055573,113572855230,6720,6490,6600,-120,-1.79,6660,-60,-0.89,6470,6730,1400-5-13,2021-08-04
345,فخاس,فولاد خراسان,755,2512912,59589917580,22960,21910,24100,1140,4.97,23360,400,1.74,21910,24100,1400-5-13,2021-08-04
346,سهرمز,سيمان‌هرمزگان‌,752,2227990,38452171480,16500,17320,17320,820,4.97,17260,760,4.61,17080,17320,1400-5-13,2021-08-04
347,خپويش,سازه‌ پويش‌,749,910506,48341028050,50970,51080,53510,2540,4.98,53090,2120,4.16,50980,53510,1400-5-13,2021-08-04
348,رتاپ,تجارت الكترونيك  پارسيان,741,10595515,63599086610,6000,5970,6090,90,1.5,6000,0,0,5850,6120,1400-5-13,2021-08-04
349,فنورد,نوردوقطعات‌ فولادي‌,738,218547,43144389860,196170,192210,203510,7340,3.74,197410,1240,0.63,192210,204290,1400-5-13,2021-08-04
350,وسبحان,سرمايه گذاري سبحان,737,19985596,59801765361,2899,2900,3000,101,3.48,2992,93,3.21,2891,3033,1400-5-13,2021-08-04
351,فايرا,آلومينيوم‌ايران‌,729,2744084,41804667230,15160,15380,15200,40,0.26,15210,50,0.33,15070,15480,1400-5-13,2021-08-04
352,خفنر,فنرسازي‌خاور,728,5597186,45257917750,7720,8080,8100,380,4.92,8090,370,4.79,7810,8100,1400-5-13,2021-08-04
353,جوين,كشت و صنعت جوين,726,10845536,41109911091,3716,3670,3788,72,1.94,3790,74,1.99,3670,3827,1400-5-13,2021-08-04
354,پكوير,كوير تاير,722,4658386,65326256190,14110,14370,14200,90,0.64,14020,-90,-0.64,13850,14370,1400-5-13,2021-08-04
355,بنيرو,نيروترانس‌,720,14711907,33418903371,2361,2365,2310,-51,-2.16,2272,-89,-3.77,2243,2365,1400-5-13,2021-08-04
356,خوساز,محورسازان‌ايران‌خودرو,716,9858218,71427691780,6940,7020,7280,340,4.9,7250,310,4.47,7000,7280,1400-5-13,2021-08-04
357,فسا,پتروشيمي فسا,713,12928287,19013207087,1430,1470,1472,42,2.94,1471,41,2.87,1432,1472,1400-5-13,2021-08-04
358,وبشهر,توسعه‌ صنايع‌ بهشهر(هلدينگ,712,5144658,61887300120,12170,11710,12400,230,1.89,12030,-140,-1.15,11710,12400,1400-5-13,2021-08-04
359,ركيشح,ح. كارت اعتباري ايران كيش,709,4451036,22641189098,4712,4980,5136,424,9,5087,375,7.96,4836,5160,1400-5-13,2021-08-04
360,كفرآور,فرآورده هاي سيمان شرق,707,3447647,68086503149,19277,19367,19855,578,3,19749,472,2.45,18890,19855,1400-5-13,2021-08-04
361,سفانو,سيمان فارس نو,703,1098556,34410369550,30020,28580,31100,1080,3.6,31320,1300,4.33,28580,31520,1400-5-13,2021-08-04
362,دسانكو,داروسازي سبحان انكولوژي,700,4451790,50283982996,10776,11240,11314,538,4.99,11295,519,4.82,11080,11314,1400-5-13,2021-08-04
363,كپارس,كاشي‌ پارس‌,695,360972,36032351620,103020,102000,99000,-4020,-3.9,99820,-3200,-3.11,98070,102180,1400-5-13,2021-08-04
364,خموتور,موتورسازان‌تراكتورسازي‌ايران‌,689,2603099,24522669740,9330,9120,9350,20,0.21,9420,90,0.96,9120,9640,1400-5-13,2021-08-04
365,كگاز,شيشه‌ و گاز,686,2193362,39951759150,17530,17050,18400,870,4.96,18210,680,3.88,17050,18400,1400-5-13,2021-08-04
366,سيلام,سيمان‌ ايلام‌,684,4121409,33945218620,8180,8140,8190,10,0.12,8240,60,0.73,8100,8330,1400-5-13,2021-08-04
367,فاما,صنعتي‌ آما,683,2776725,47545019890,17880,17020,16990,-890,-4.98,17120,-760,-4.25,16990,17950,1400-5-13,2021-08-04
368,وسكاب,س.ص.بازنشستگي كاركنان بانكها,682,9751974,27363594270,2739,2702,2850,111,4.05,2806,67,2.45,2702,2850,1400-5-13,2021-08-04
369,ددام,داروسازي زاگرس فارمد پارس,682,1799330,21295422200,11980,12310,11730,-250,-2.09,11840,-140,-1.17,11530,12310,1400-5-13,2021-08-04
370,ساراب,سيمان‌ داراب‌,675,2502809,45162261010,18000,17950,18290,290,1.61,18040,40,0.22,17820,18450,1400-5-13,2021-08-04
371,كاردان,صندوق س تجارت شاخصي كاردان,674,562700,108170832790,187010,188900,195480,8470,4.53,192240,5230,2.8,188900,197000,1400-5-13,2021-08-04
372,وجامي,سرمايه گذاري جامي,673,3978192,49536543037,12730,12356,12349,-381,-2.99,12452,-278,-2.18,12349,12797,1400-5-13,2021-08-04
373,غشصفا,شيرپاستوريزه‌پگاه‌اصفهان‌,671,1283757,34359244940,27690,28940,26310,-1380,-4.98,26760,-930,-3.36,26310,28940,1400-5-13,2021-08-04
374,فسازان,غلتك سازان سپاهان,670,1925877,57164966200,28960,28880,30330,1370,4.73,29680,720,2.49,28700,30400,1400-5-13,2021-08-04
375,فلامي,لاميران‌,670,866012,20155826370,22970,22110,23000,30,0.13,23270,300,1.31,22110,23970,1400-5-13,2021-08-04
376,كسعدي,كاشي‌ سعدي‌,667,1717624,18973568260,11030,11310,11010,-20,-0.18,11050,20,0.18,10860,11310,1400-5-13,2021-08-04
377,كطبس,ذغال‌سنگ‌ نگين‌ ط‌بس‌,666,670559,36311455730,56260,57990,53450,-2810,-4.99,54150,-2110,-3.75,53450,57990,1400-5-13,2021-08-04
378,شكربن,كربن‌ ايران‌,660,386147,38064665510,100370,102970,98800,-1570,-1.56,98580,-1790,-1.78,96990,102970,1400-5-13,2021-08-04
379,بهپاك,صنعتي بهپاك,657,5776972,44295563641,7480,7590,7650,170,2.27,7668,188,2.51,7283,7834,1400-5-13,2021-08-04
380,درهآور,دارويي ره آورد تامين,655,927117,25713746795,27412,27110,27776,364,1.33,27735,323,1.18,27000,28400,1400-5-13,2021-08-04
381,پرديس,سرمايه گذاري پرديس,649,7239418,37156761379,4990,5030,5230,240,4.81,5133,143,2.87,5010,5230,1400-5-13,2021-08-04
382,درازك,دارويي‌ رازك‌,647,1229741,43316911940,35080,34320,34630,-450,-1.28,35220,140,0.4,34320,35900,1400-5-13,2021-08-04
383,غبشهر,صنعتي‌ بهشهر,643,3852519,99675005720,24960,24040,26200,1240,4.97,25870,910,3.65,24040,26200,1400-5-13,2021-08-04
384,غشوكو,شوكو پارس,642,1412762,43253960610,32115,30510,30750,-1365,-4.25,30617,-1498,-4.66,30510,31320,1400-5-13,2021-08-04
385,زكشت,كشاورزي مكانيزه اصفهان كشت,641,779404,20176126386,26020,26778,25160,-860,-3.31,25887,-133,-0.51,25000,26778,1400-5-13,2021-08-04
386,ومعلم,بيمه معلم,641,6697599,26800426380,4010,3950,4000,-10,-0.25,4001,-9,-0.22,3950,4064,1400-5-13,2021-08-04
387,فروس,فروسيليس‌ ايران‌,640,6225920,34531785050,5510,5360,5590,80,1.45,5550,40,0.73,5360,5640,1400-5-13,2021-08-04
388,پلاست,كارخانجات توليدي پلاستيران,635,1028558,48196137709,45574,46941,46941,1367,3,46858,1284,2.82,46000,46941,1400-5-13,2021-08-04
389,شپاس,نفت پاسارگاد,631,2794651,50045211054,17246,18050,18108,862,5,17907,661,3.83,17000,18108,1400-5-13,2021-08-04
390,ضملت8042,اختيارخ وبملت-3934-1400/08/19,625,23873,9377999000,478,480,489,11,2.3,393,-85,-17.78,370,600,1400-5-13,2021-08-04
391,غشهد,شهد ايران ‌,624,4419517,20238100960,4706,4682,4588,-118,-2.51,4579,-127,-2.7,4495,4693,1400-5-13,2021-08-04
392,شپاكسا,پاكسان‌,623,1955394,38507039800,19940,19430,19870,-70,-0.35,19690,-250,-1.25,19410,20160,1400-5-13,2021-08-04
393,زشگزا,شير و گوشت زاگرس شهركرد,616,3488224,20742671761,5872,6000,5899,27,0.46,5946,74,1.26,5795,6100,1400-5-13,2021-08-04
394,افرا,افرانت,615,1230362,31519888611,26639,26142,25740,-899,-3.37,25618,-1021,-3.83,25308,26920,1400-5-13,2021-08-04
395,معيار ,سرمايه گذاري معيار صنعت پارس,610,756359,32317079641,42275,41500,43290,1015,2.4,42727,452,1.07,41368,43448,1400-5-13,2021-08-04
396,وكادو,تكادو,609,2757778,51627534363,18977,19400,18408,-569,-3,18721,-256,-1.35,18408,19400,1400-5-13,2021-08-04
397,تسه0003,امتيازتسهيلات مسكن خرداد1400,608,8954,5445121308,601547,630000,602000,453,0.08,608122,6575,1.09,598000,630000,1400-5-13,2021-08-04
398,چافست,افست‌,605,1952678,25888942750,13530,13740,13300,-230,-1.7,13260,-270,-2,13080,13740,1400-5-13,2021-08-04
399,غشاذر,پگاه‌آذربايجان‌غربي‌,601,5037073,35427534970,7180,7110,7090,-90,-1.25,7030,-150,-2.09,6950,7230,1400-5-13,2021-08-04
400,وسنا,سرمايه گذاري نيروگاهي ايران,600,2652028,39107457689,15105,15172,14880,-225,-1.49,14746,-359,-2.38,14652,15400,1400-5-13,2021-08-04
401,ثپرديس,سرمايه گذاري مسكن پرديس,599,3532713,18149907576,5129,5350,5110,-19,-0.37,5138,9,0.18,5060,5350,1400-5-13,2021-08-04
402,دشيمي,شيمي‌ داروئي‌ داروپخش‌,597,1362009,31307423810,23490,23100,23280,-210,-0.89,22990,-500,-2.13,22750,23590,1400-5-13,2021-08-04
403,كيان2,صندوق س. با درآمد ثابت كيان,595,59500000,59500000,29732,1,1,-29731,-100,1,-29731,-100,1,1,1400-5-13,2021-08-04
404,دكپسول,توليد ژلاتين كپسول ايران,595,909840,29562670321,33608,33608,32670,-938,-2.79,32492,-1116,-3.32,32082,34420,1400-5-13,2021-08-04
405,شخارك,پتروشيمي‌ خارك‌,584,2954892,146831171110,47430,48900,49800,2370,5,49690,2260,4.76,48100,49800,1400-5-13,2021-08-04
406,رتكو,كنترل‌خوردگي‌تكين‌كو,583,1510358,16762750810,11520,11100,10950,-570,-4.95,11100,-420,-3.65,10950,11830,1400-5-13,2021-08-04
407,داسوه,داروسازي‌ اسوه‌,582,591972,18267787070,29800,31240,31000,1200,4.03,30860,1060,3.56,30300,31240,1400-5-13,2021-08-04
408,مارون,پتروشيمي مارون,578,348840,59515705939,168060,175400,171995,3935,2.34,169552,1492,0.89,168140,175400,1400-5-13,2021-08-04
409,آبين,كشت و صنعت آبشيرين,577,14267583,37763804394,3956,2610,2662,-1294,-32.71,2647,-1309,-33.09,2610,2662,1400-5-13,2021-08-04
410,سرچشمه,سرمايه گذاري مس سرچشمه,575,5925318,40440230143,6724,6660,6820,96,1.43,6825,101,1.5,6660,6988,1400-5-13,2021-08-04
411,بساما,بيمه سامان,574,1128152,30658158786,28393,27387,26999,-1394,-4.91,27176,-1217,-4.29,26974,28320,1400-5-13,2021-08-04
412,غمهرا,توليدي‌مهرام‌,574,658957,41734964920,66610,63500,63280,-3330,-5,63330,-3280,-4.92,63280,65400,1400-5-13,2021-08-04
413,پلاسك,پلاسكوكار,573,3020068,19159505880,6490,6580,6300,-190,-2.93,6340,-150,-2.31,6250,6580,1400-5-13,2021-08-04
414,تايرا,تراكتورسازي‌ايران‌,572,1899609,45825390390,23050,24200,23800,750,3.25,24120,1070,4.64,23100,24200,1400-5-13,2021-08-04
415,تسه0002,امتيازتسهيلاتمسكن ارديبهشت1400,571,30772,18752745552,606079,593000,607000,921,0.15,609409,3330,0.55,593000,610000,1400-5-13,2021-08-04
416,ولملت,واسپاري ملت,568,6468892,32842655960,4890,4820,5130,240,4.91,5080,190,3.89,4750,5130,1400-5-13,2021-08-04
417,نمرينو,ايران‌ مرينوس‌,568,359906,38564531570,102550,105610,107670,5120,4.99,107150,4600,4.49,102500,107670,1400-5-13,2021-08-04
418,شوينده,مديريت صنعت شوينده ت.ص.بهشهر,565,1044155,23730634740,22650,22710,22960,310,1.37,22730,80,0.35,22230,23070,1400-5-13,2021-08-04
419,آساس,صندوق س.آسمان آرماني سهام-س,563,765011,135614319626,171270,171871,178000,6730,3.93,177271,6001,3.5,171500,178700,1400-5-13,2021-08-04
420,سكه0012پ01,تمام سكه طرح جديد0012رفاه,555,172400,199428907500,1152149,1162500,1160001,7852,0.68,1156780,4631,0.4,1141100,1166500,1400-5-13,2021-08-04
421,سيدكو,سرمايه گذاري توسعه صنايع سيمان,555,2711519,19808980790,7260,7260,7350,90,1.24,7310,50,0.69,7200,7450,1400-5-13,2021-08-04
422,ثمسكن,سرمايه‌گذاري‌ مسكن‌,553,6352297,28272932555,4474,4360,4390,-84,-1.88,4451,-23,-0.51,4360,4563,1400-5-13,2021-08-04
423,اوصتا,صندوق انديشه ورزان صباتامين -د,552,28087940,545323088662,19397,19406,19415,18,0.09,19415,18,0.09,19406,19980,1400-5-13,2021-08-04
424,دپارس,پارس‌ دارو,552,683324,24614098200,37680,37590,35800,-1880,-4.99,36020,-1660,-4.41,35800,37590,1400-5-13,2021-08-04
425,سدشت,صنايع سيمان دشتستان,535,327595,17564627730,53190,50550,54000,810,1.52,53490,300,0.56,50540,55800,1400-5-13,2021-08-04
426,والبرح,ح . سرمايه گذاري‌البرز(هلدينگ‌,534,1460993,10986858470,7395,7450,7620,225,3.04,7520,125,1.69,7260,7980,1400-5-13,2021-08-04
427,فنوال,نورد آلومينيوم‌,534,697771,16427606890,23410,23550,23670,260,1.11,23540,130,0.56,23140,24150,1400-5-13,2021-08-04
428,ثتران,سرمايه گذاري مسكن تهران,533,5561097,17309963107,3165,3070,3100,-65,-2.05,3113,-52,-1.64,3061,3215,1400-5-13,2021-08-04
429,حپارسا,توسعه حمل و نقل ريلي پارسيان,531,1423871,48528195885,33535,33050,34100,565,1.68,34082,547,1.63,33050,34600,1400-5-13,2021-08-04
430,سقاين,سيمان‌ قائن‌,529,323291,21014916640,63630,66000,65450,1820,2.86,65000,1370,2.15,61110,66480,1400-5-13,2021-08-04
431,وملل,اعتباري ملل,522,2607158,32584424643,12324,12540,12660,336,2.73,12437,113,0.92,12280,12660,1400-5-13,2021-08-04
432,امين يكم2,صندوق درآمد ثابت امين يكم فردا,519,519000000,519000000,10040,1,1,-10039,-99.99,1,-10039,-99.99,1,1,1400-5-13,2021-08-04
433,شرانل,نفت ايرانول,517,588228,29630559659,49186,49004,50310,1124,2.29,50058,872,1.77,49000,51140,1400-5-13,2021-08-04
434,كگهر,سنگ آهن گهرزمين,515,1717553,80936197832,44996,45320,47245,2249,5,46336,1340,2.98,45320,47245,1400-5-13,2021-08-04
435,بموتو,موتوژن‌,514,749826,49137325470,65270,66410,64900,-370,-0.57,65530,260,0.4,64500,66480,1400-5-13,2021-08-04
436,مداران,داده‌پردازي‌ايران‌,514,1405010,29788821460,22180,21200,21080,-1100,-4.96,21200,-980,-4.42,21080,21780,1400-5-13,2021-08-04
437,سخوز,سيمان خوزستان,513,1702677,41989641080,24570,25050,25100,530,2.16,24660,90,0.37,24090,25100,1400-5-13,2021-08-04
438,كخاك,صنايع‌خاك‌چيني‌ايران‌,509,917776,33032585620,37120,37640,36300,-820,-2.21,35990,-1130,-3.04,35500,37640,1400-5-13,2021-08-04
439,دتوليدح,ح. داروسازي توليد دارو,507,1185199,11005588230,9477,9200,9180,-297,-3.13,9286,-191,-2.02,9120,9670,1400-5-13,2021-08-04
440,پخشح,ح. پخش البرز,506,1110529,19819395662,17341,17040,18208,867,5,17847,506,2.92,17040,18208,1400-5-13,2021-08-04
441,وتوس,توسعه‌شهري‌توس‌گستر,505,1308419,15416388500,11940,11590,11810,-130,-1.09,11780,-160,-1.34,11590,12150,1400-5-13,2021-08-04
442,كشرق,صنعتي و معدني شمال شرق شاهرود,503,367146,23015064099,64099,65899,61900,-2199,-3.43,62686,-1413,-2.2,60895,65899,1400-5-13,2021-08-04
443,كدما,معدني‌ دماوند,502,161607,39289893840,231550,243120,243120,11570,5,243120,11570,5,243120,243120,1400-5-13,2021-08-04
444,كمنگنز,معادن‌منگنزايران‌,499,519938,36646326210,70370,71500,70000,-370,-0.53,70480,110,0.16,69610,71950,1400-5-13,2021-08-04
445,سكرد,سيمان كردستان,490,4124433,26328243950,6310,6300,6440,130,2.06,6380,70,1.11,6150,6500,1400-5-13,2021-08-04
446,دلر,داروسازي‌ اكسير,490,774508,28055028920,36950,37000,36350,-600,-1.62,36220,-730,-1.98,35640,36800,1400-5-13,2021-08-04
447,وبوعلي,سرمايه‌گذاري‌بوعلي‌,489,4225306,17425631662,4091,4140,4110,19,0.46,4124,33,0.81,4084,4169,1400-5-13,2021-08-04
448,واعتبار,سرمايه گذاري اعتبار ايران,488,2376944,21775959640,8960,8960,9100,140,1.56,9160,200,2.23,8860,9400,1400-5-13,2021-08-04
449,ياقوت,صندوق س ياقوت آگاه-ثابت,487,7157823,91576199385,12787,12817,12800,13,0.1,12794,7,0.05,12793,12817,1400-5-13,2021-08-04
450,حخزر,كشتيراني درياي خزر,486,1027282,24907643765,23661,24844,24700,1039,4.39,24246,585,2.47,23701,24844,1400-5-13,2021-08-04
451,وپسا,س. پتروشيمي ساختمان  خليج فارس,482,9187031,17335358169,1858,1889,1878,20,1.08,1887,29,1.56,1832,1895,1400-5-13,2021-08-04
452,وسهمدا,شركت س استان همدان,479,21246304,12806624795,582,600,611,29,4.98,592,10,1.72,582,611,1400-5-13,2021-08-04
453,وثنو,سرمايه گذاري ساختماني نوين,479,4750177,20930596895,4289,4417,4416,127,2.96,4406,117,2.73,4352,4417,1400-5-13,2021-08-04
454,لابسا,آبسال‌,478,500768,18088501940,36760,35130,36650,-110,-0.3,36120,-640,-1.74,35130,37550,1400-5-13,2021-08-04
455,فبيرا,بسته‌ بندي‌ ايران‌,475,9896576,21095672409,2195,2130,2130,-65,-2.96,2132,-63,-2.87,2130,2163,1400-5-13,2021-08-04
456,دكيمي,كيميدارو,473,706089,14979769460,21390,20860,21000,-390,-1.82,21220,-170,-0.79,20750,21980,1400-5-13,2021-08-04
457,كفرا,فراورده‌ هاي‌ نسوزايران‌,470,953393,21521986750,23470,22930,22660,-810,-3.45,22570,-900,-3.83,22300,23380,1400-5-13,2021-08-04
458,كاسپين,داروسازي كاسپين تامين,469,839767,16691378327,19645,19300,19999,354,1.8,19876,231,1.18,19300,20211,1400-5-13,2021-08-04
459,بفجر,فجر انرژي خليج فارس,468,4929452,122218451930,23710,23530,24890,1180,4.98,24790,1080,4.56,23210,24890,1400-5-13,2021-08-04
460,عيار,صندوق سكه طلاي مفيد,467,1238292,36825494477,29427,30235,29700,273,0.93,29739,312,1.06,29300,30235,1400-5-13,2021-08-04
461,كارين,صندوق س نگين سامان-ثابت,467,16171114,162891666061,10067,10072,10072,5,0.05,10073,6,0.06,10072,10075,1400-5-13,2021-08-04
462,كپرور,فرآوري زغال سنگ پروده طبس,466,1017514,33267325492,33699,32020,32351,-1348,-4,32695,-1004,-2.98,32020,34400,1400-5-13,2021-08-04
463,آوا,صندوق س.سهام آواي معيار-س,456,2381431,17374032892,7189,7239,7359,170,2.36,7296,107,1.49,7202,7370,1400-5-13,2021-08-04
464,پكرمان,گروه‌ صنعتي‌ بارز,450,900369,22987615910,25690,25990,25360,-330,-1.28,25550,-140,-0.54,25260,26490,1400-5-13,2021-08-04
465,خريخت,صنايع‌ريخته‌گري‌ايران‌,445,6009831,17834622318,2967,3016,2980,13,0.44,2968,1,0.03,2890,3038,1400-5-13,2021-08-04
466,زگلدشت,كشت و دام گلدشت نمونه اصفهان,445,1407800,15705891104,11560,11270,11139,-421,-3.64,11156,-404,-3.49,10990,11460,1400-5-13,2021-08-04
467,كقزوي,شيشه‌ قزوين‌,445,3995632,29970774313,7578,7600,7660,82,1.08,7501,-77,-1.02,7380,7727,1400-5-13,2021-08-04
468,ثباغ,شهر سازي و خانه سازي باغميشه,442,1573350,17531138520,11625,11157,11044,-581,-5,11143,-482,-4.15,11044,11788,1400-5-13,2021-08-04
469,اوان,مبين وان كيش,438,648149,21637594286,33373,34429,33700,327,0.98,33384,11,0.03,32050,34980,1400-5-13,2021-08-04
470,وصنا,گروه‌صنايع‌بهشهرايران‌,437,3740062,21269210230,5590,5620,5780,190,3.4,5690,100,1.79,5570,5780,1400-5-13,2021-08-04
471,ساينا,صنايع بهداشتي ساينا,429,182923,17571497596,93457,97900,96630,3173,3.4,96060,2603,2.79,94120,97900,1400-5-13,2021-08-04
472,فيروزه,صندوق شاخص30 شركت فيروزه- سهام,424,231368,38233117000,161290,164990,166600,5310,3.29,165250,3960,2.46,162810,166920,1400-5-13,2021-08-04
473,اعتلا,شركت سرمايه گذاري اعتلاء البرز,422,2977639,21233324941,7029,7220,7223,194,2.76,7131,102,1.45,7055,7270,1400-5-13,2021-08-04
474,ما,بيمه  ما,417,2023069,16291169260,8270,8250,8050,-220,-2.66,8050,-220,-2.66,7910,8380,1400-5-13,2021-08-04
475,سهگمت,سيمان‌هگمتان‌,414,1169225,30610962500,25960,25600,26600,640,2.47,26180,220,0.85,25300,26600,1400-5-13,2021-08-04
476,شنفت,نفت‌ پارس‌,414,758623,44782590900,58250,59000,59510,1260,2.16,58840,590,1.01,56990,59950,1400-5-13,2021-08-04
477,دتماد,توليدمواداوليه‌داروپخش‌,412,752402,35280880320,46350,47020,46960,610,1.32,46890,540,1.17,46410,47400,1400-5-13,2021-08-04
478,لخزر,پارس‌ خزر,412,125816,14936905250,120090,122700,118000,-2090,-1.74,118730,-1360,-1.13,116550,122700,1400-5-13,2021-08-04
479,سپاس,صندوق س. پاداش سهامداري-ثابت,410,16886108,171540464513,10154,10159,10159,5,0.05,10159,5,0.05,10158,10162,1400-5-13,2021-08-04
480,وخاور,بانك خاورميانه,403,5043710,30978323990,6130,6190,6140,10,0.16,6140,10,0.16,6050,6240,1400-5-13,2021-08-04
481,دامين,داروسازي‌ امين‌,399,4919778,17666184084,3563,3630,3628,65,1.82,3591,28,0.79,3540,3640,1400-5-13,2021-08-04
482,خلنت,لنت‌ ترمزايران‌,398,386194,23563478460,58190,61090,61090,2900,4.98,61010,2820,4.85,58510,61090,1400-5-13,2021-08-04
483,شتوكا,توكا رنگ فولاد سپاهان,393,1094752,39542442240,34400,36120,36120,1720,5,36120,1720,5,36120,36120,1400-5-13,2021-08-04
484,ضخود7077,اختيارخ خودرو-3000-1400/07/07,389,18300,812294000,50,48,43,-7,-14,44,-6,-12,41,50,1400-5-13,2021-08-04
485,شاملا,معدني‌ املاح‌  ايران‌,386,490565,18469160860,38010,38790,36700,-1310,-3.45,37650,-360,-0.95,36580,39760,1400-5-13,2021-08-04
486,بخاور,بيمه زندگي خاورميانه,386,2267714,12329273920,5491,5500,5532,41,0.75,5440,-51,-0.93,5278,5589,1400-5-13,2021-08-04
487,سباقر,سيمان باقران,383,2313103,33620072502,14507,14092,14450,-57,-0.39,14535,28,0.19,14092,14942,1400-5-13,2021-08-04
488,وسصفا,شركت س استان اصفهان,382,14909612,12945646295,901,856,908,7,0.78,896,-5,-0.55,856,940,1400-5-13,2021-08-04
489,تسه0001,امتيازتسهيلات مسكن فروردين1400,380,9011,5487446140,608289,610000,608000,-289,-0.05,608972,683,0.11,595512,619997,1400-5-13,2021-08-04
490,گنگين,اقتصادي نگين گردشگري ايرانيان,374,5055822,98335238366,18966,18410,19534,568,2.99,19450,484,2.55,18410,19534,1400-5-13,2021-08-04
491,زرين,صندوق س. سهام زرين كوروش-س,368,2255089,27196154551,11978,12060,12168,190,1.59,12060,82,0.68,11930,12196,1400-5-13,2021-08-04
492,لسرما,سرما آفرين‌,368,603631,11833879600,19590,19640,19600,10,0.05,19600,10,0.05,18850,20200,1400-5-13,2021-08-04
493,تسه9908,امتياز تسهيلات مسكن آبان99,364,8766,5312962384,603701,596001,602500,-1201,-0.2,606087,2386,0.4,596001,620000,1400-5-13,2021-08-04
494,تكنو,تكنوتار,364,1729524,24768480940,15060,14740,14310,-750,-4.98,14320,-740,-4.91,14310,14800,1400-5-13,2021-08-04
495,شپلي,پلي اكريل ايران,364,11716743,135094046790,9691,11530,11530,1839,18.98,11530,1839,18.98,11530,11530,1400-5-13,2021-08-04
496,حسينا,توسعه خدمات دريايي وبندري سينا,361,421944,22812872674,55188,53861,54380,-808,-1.46,54066,-1122,-2.03,53240,55150,1400-5-13,2021-08-04
497,چكاوه,صنايع‌كاغذسازي‌كاوه‌,359,1069042,13948613960,13260,13260,12860,-400,-3.02,13050,-210,-1.58,12740,13540,1400-5-13,2021-08-04
498,فنفت,صنايع تجهيزات نفت,358,1819178,52407818370,28006,28809,28846,840,3,28809,803,2.87,28001,28846,1400-5-13,2021-08-04
499,دارو,كارخانجات‌داروپخش‌,356,760732,18905302690,25330,24400,25000,-330,-1.3,24850,-480,-1.89,24070,26000,1400-5-13,2021-08-04
500,آكورد,صندوق س. آرمان آتي كوثر-د,354,5439399,181717376550,33391,33407,33407,16,0.05,33408,17,0.05,33407,33412,1400-5-13,2021-08-04
501,شپترو,پتروشيمي آبادان,353,11733301,53315459498,4412,4544,4544,132,2.99,4544,132,2.99,4501,4544,1400-5-13,2021-08-04
502,وكار,بانك‌ كارآفرين‌,351,3418052,10460707654,3214,3080,3059,-155,-4.82,3181,-33,-1.03,3054,3140,1400-5-13,2021-08-04
503,پارتا,مجتمع‌صنعتي‌آرتاويل‌تاير,349,747768,20872217424,28649,27792,27790,-859,-3,28024,-625,-2.18,27790,29000,1400-5-13,2021-08-04
504,ولبهمن,شركت بهمن ليزينگ,347,2189868,15231320490,6969,7130,7046,77,1.1,6955,-14,-0.2,6860,7140,1400-5-13,2021-08-04
505,تصميم,صندوق س با درآمد ثابت تصميم,344,2650884,45145310503,17013,17032,17059,46,0.27,17030,17,0.1,17017,17097,1400-5-13,2021-08-04
506,شفا,سرمايه گذاري شفادارو,344,350138,12908863730,37020,37310,36700,-320,-0.86,36910,-110,-0.3,36010,38780,1400-5-13,2021-08-04
507,زپارس,ملي كشت و صنعت و دامپروري پارس,343,385258,46780330180,121950,120000,120000,-1950,-1.6,121430,-520,-0.43,117350,124710,1400-5-13,2021-08-04
508,گوهر,صندوق سكه طلاي كيان,341,191886,11153170723,57516,58400,58500,984,1.71,58124,608,1.06,57400,58760,1400-5-13,2021-08-04
509,لوتوس,تامين سرمايه لوتوس پارسيان,340,2262183,18161760450,8000,7960,8020,20,0.25,8020,20,0.25,7960,8140,1400-5-13,2021-08-04
510,دقاضي,داروسازي شهيد قاضي,336,1188422,33217936263,27164,27968,27978,814,3,27951,787,2.9,27469,27978,1400-5-13,2021-08-04
511,دروز,داروسازي‌ روزدارو,336,1113256,34267809600,30330,30790,30200,-130,-0.43,30780,450,1.48,28940,31840,1400-5-13,2021-08-04
512,شگل,گلتاش‌,334,1402314,10916492060,7800,7660,7730,-70,-0.9,7790,-10,-0.13,7660,8000,1400-5-13,2021-08-04
513,قزوين,كارخانجات‌ قند قزوين‌,332,998922,27819615490,28380,27900,28240,-140,-0.49,27850,-530,-1.87,27250,28630,1400-5-13,2021-08-04
514,دسينا,داروسازي‌ سينا,331,1138494,25296174120,22310,22320,21870,-440,-1.97,22220,-90,-0.4,21800,22800,1400-5-13,2021-08-04
515,تسه9912,امتياز تسهيلات مسكن اسفند99,327,5262,3192964765,603886,591100,601000,-2886,-0.48,606797,2911,0.48,591100,619995,1400-5-13,2021-08-04
516,سخزر,سيمان‌ خزر,327,651616,15574969010,23870,23550,24200,330,1.38,23900,30,0.13,23440,24400,1400-5-13,2021-08-04
517,تشتاد,صنايع توليدي اشتاد ايران‌,326,2817448,23082354181,7971,8130,8210,239,3,8193,222,2.79,8051,8210,1400-5-13,2021-08-04
518,وايرا,سرمايه گذاري صنايع ايران,326,1956913,14708432194,7737,7519,7505,-232,-3,7516,-221,-2.86,7505,7660,1400-5-13,2021-08-04
519,دسبحا,گروه دارويي سبحان,318,835961,12490529140,14760,15440,14990,230,1.56,14880,120,0.81,14730,15440,1400-5-13,2021-08-04
520,واتي,سرمايه‌ گذاري‌ آتيه‌ دماوند,318,1583160,17917805410,11050,11100,11420,370,3.35,11290,240,2.17,11100,11470,1400-5-13,2021-08-04
521,خديزل,بهمن  ديزل,317,532188,28825968126,53664,55688,54000,336,0.63,54165,501,0.93,53664,55688,1400-5-13,2021-08-04
522,زر,صندوق س.پشتوانه سكه طلاي زر,314,175361,9027851937,51248,51400,51497,249,0.49,51482,234,0.46,51001,51980,1400-5-13,2021-08-04
523,گوهران,سرمايه گذاري توسعه گوهران اميد,314,1989635,9947338420,5002,5000,4990,-12,-0.24,5000,-2,-0.04,4980,5090,1400-5-13,2021-08-04
524,وساشرقي,شركت س استان آذربايجان شرقي,312,15079662,11639039943,801,761,811,10,1.25,796,-5,-0.62,761,828,1400-5-13,2021-08-04
525,پرداخت,به پرداخت ملت,307,633269,12570602250,19800,20320,19830,30,0.15,19830,30,0.15,19650,20320,1400-5-13,2021-08-04
526,وتوشه,سرمايه‌ گذاري‌ پارس‌ توشه‌,307,3973136,23975385380,5790,5900,6070,280,4.84,6030,240,4.15,5870,6070,1400-5-13,2021-08-04
527,واحصا,احياء صنايع خراسان,301,629042,25885574442,41289,40051,40100,-1189,-2.88,41151,-138,-0.33,40051,41923,1400-5-13,2021-08-04
528,دعبيد,لابراتوارداروسازي‌  دكترعبيدي‌,295,552898,13527359740,24610,24620,24500,-110,-0.45,24570,-40,-0.16,24340,24940,1400-5-13,2021-08-04
529,تسه9911,امتياز تسهيلات مسكن بهمن99,284,4539,2750948581,602024,598800,602001,-23,0,606069,4045,0.67,596200,614965,1400-5-13,2021-08-04
530,سشمال,سيمان‌ شمال‌,283,993762,9586448480,9690,9400,9800,110,1.14,9660,-30,-0.31,9400,9800,1400-5-13,2021-08-04
531,غويتا,ويتانا,281,1939693,16283722735,7996,8395,8395,399,4.99,8395,399,4.99,8395,8395,1400-5-13,2021-08-04
532,قمرو,قند مرودشت‌,280,306175,7271765830,24370,24110,23600,-770,-3.16,24060,-310,-1.27,23200,24440,1400-5-13,2021-08-04
533,قهكمت,قندهكمتان‌,278,652282,23625858320,34670,35040,36400,1730,4.99,36220,1550,4.47,35040,36400,1400-5-13,2021-08-04
534,گوهرانح,ح . س. توسعه گوهران اميد,278,1058207,3724044846,3504,3568,3540,36,1.03,3519,15,0.43,3501,3568,1400-5-13,2021-08-04
535,لبوتان,گروه‌صنعتي‌بوتان‌,277,289157,14642100060,49570,50900,51400,1830,3.69,50600,1030,2.08,50100,51400,1400-5-13,2021-08-04
536,سرود,سيمان‌شاهرود,273,964322,23046364960,24090,24590,24400,310,1.29,23900,-190,-0.79,23580,24590,1400-5-13,2021-08-04
537,وگردش,بانك گردشگري,267,1204245,16371172842,13887,13480,13471,-416,-3,13828,-59,-0.42,13471,13790,1400-5-13,2021-08-04
538,دشيميح,ح . شيمي‌ داروئي‌ داروپخش‌,261,5000000,99252532060,20350,21000,20000,-350,-1.72,19850,-500,-2.46,19600,21000,1400-5-13,2021-08-04
539,دسانكوح,ح . داروسازي سبحان انكولوژي,259,833322,7007876192,8195,8350,8390,195,2.38,8410,215,2.62,8350,8590,1400-5-13,2021-08-04
540,پارسيان,بيمه پارسيان,252,2701516,24306542340,9000,9090,9060,60,0.67,9000,0,0,8700,9130,1400-5-13,2021-08-04
541,بميلا,توسعه بازرگاني آهن وفولادميلاد,251,847009,12328759890,15000,14577,14550,-450,-3,14556,-444,-2.96,14550,14900,1400-5-13,2021-08-04
542,تماوند,تامين سرمايه دماوند,251,8538085,47271267178,5388,5549,5549,161,2.99,5537,149,2.77,5360,5549,1400-5-13,2021-08-04
543,فنرژي,گسترش صنايع انرژي آذرآب,251,403142,6419629384,15612,15924,15924,312,2,15924,312,2,15920,15924,1400-5-13,2021-08-04
544,خاتم,صندوق س خاتم ايساتيس پويا-ثابت,249,2138880,24977047630,11657,11676,11674,17,0.15,11678,21,0.18,11672,11680,1400-5-13,2021-08-04
545,تسه9910,امتياز تسهيلات مسكن دي99,247,3702,2243307023,604787,591050,609500,4713,0.78,605972,1185,0.2,580000,615000,1400-5-13,2021-08-04
546,سبجنو,سيمان‌ بجنورد,245,377167,15584839000,42090,41000,41600,-490,-1.16,41320,-770,-1.83,40500,42250,1400-5-13,2021-08-04
547,وتعاون,بيمه  تعاون,245,1361445,6830332092,4894,5040,5040,146,2.98,4972,78,1.59,4958,5040,1400-5-13,2021-08-04
548,فيروزا,صندوق بادرآمد ثابت فيروزه آسيا,234,810786,19861660732,24572,24573,24430,-142,-0.58,24497,-75,-0.31,24400,24580,1400-5-13,2021-08-04
549,شرنگي,شيميايي رنگين,232,62422,13401879630,208660,212833,214900,6240,2.99,214698,6038,2.89,208670,214919,1400-5-13,2021-08-04
550,دالبر,البرزدارو,226,446394,5447306350,12100,12030,12280,180,1.49,12140,40,0.33,12030,12300,1400-5-13,2021-08-04
551,لكما,كارخانجات‌مخابراتي‌ايران‌,224,9722220,14097219000,1209,1450,1450,241,19.93,1450,241,19.93,1450,1450,1400-5-13,2021-08-04
552,پسهند,صنايع‌ لاستيكي‌  سهند,218,247690,7576314020,30890,30260,30570,-320,-1.04,30740,-150,-0.49,30260,31570,1400-5-13,2021-08-04
553,وزمين,بانك ايران زمين,218,7980571,81972361313,10268,10400,10400,132,1.29,10271,3,0.03,10200,10450,1400-5-13,2021-08-04
554,دشيري,شيرين دارو,215,80631,16003775778,203903,203900,197786,-6117,-3,198482,-5421,-2.66,197786,204800,1400-5-13,2021-08-04
555,ضخود7076,اختيارخ خودرو-2500-1400/07/07,214,10935,1131518000,109,110,100,-9,-8.26,103,-6,-5.5,99,116,1400-5-13,2021-08-04
556,سكه0012پ04,تمام سكه طرح جديد0012صادرات,213,104700,120640764200,1142260,1160000,1157799,15539,1.36,1152252,9992,0.87,1145000,1164994,1400-5-13,2021-08-04
557,وبازار,صندوق س شاخصي بازارآشنا,212,1393734,17342014110,12120,12230,12580,460,3.8,12440,320,2.64,12230,12590,1400-5-13,2021-08-04
558,فافزا,فولاد افزا سپاهان,210,163315,7024673771,42260,43523,43000,740,1.75,42790,530,1.25,42800,43523,1400-5-13,2021-08-04
559,ركيش,كارت اعتباري ايران كيش,201,1031006,7162889420,6620,6950,6950,330,4.98,6750,130,1.96,6800,6950,1400-5-13,2021-08-04
560,قيستو,شركت قند بيستون,200,901632,13643331725,14840,15136,15135,295,1.99,15132,292,1.97,14580,15136,1400-5-13,2021-08-04
561,تسه9909,امتياز تسهيلات مسكن آذر99,199,3125,1892913800,602815,590011,610000,7185,1.19,605732,2917,0.48,590011,615000,1400-5-13,2021-08-04
562,حبندر,دريايي و کشتيراني خط دريابندر,197,340718,11916555085,33972,34294,34991,1019,3,34975,1003,2.95,34294,34991,1400-5-13,2021-08-04
563,ثروتم,صندوق س. ثروت آفرين پارسيان-س,197,6528850,557053046170,85272,85241,86800,1528,1.79,85322,50,0.06,85241,87326,1400-5-13,2021-08-04
564,ارمغان,ص سرمايه گذاري ارمغان ايرانيان,196,4655089,47214330007,10136,10146,10141,5,0.05,10143,7,0.07,10141,10159,1400-5-13,2021-08-04
565,خبازرس,بازرسي مهندسي و صنعتي ايران,194,381139,8865735099,22605,23248,23283,678,3,23232,627,2.77,22611,23283,1400-5-13,2021-08-04
566,صايند,صندوق س. گنجينه آينده روشن-د,194,648480,6457392730,9973,9960,9967,-6,-0.06,9958,-15,-0.15,9925,9970,1400-5-13,2021-08-04
567,وارس,سرمايه گذاري ارس صبا,194,1186694,16783357521,14563,14149,14127,-436,-2.99,14143,-420,-2.88,14127,14500,1400-5-13,2021-08-04
568,كهربا,صندوق س.پشتوانه سكه طلا كهربا,187,751166,7618923011,10191,10199,10140,-51,-0.5,10143,-48,-0.47,10136,10199,1400-5-13,2021-08-04
569,ضشنا8004,اختيارخ شپنا-10800-1400/08/16,184,2339,7349979000,2874,2950,3300,426,14.82,3142,268,9.32,2861,3500,1400-5-13,2021-08-04
570,افق ملت,صندوق س در سهام افق ملت,183,73462,10927499860,144270,144520,149990,5720,3.96,148750,4480,3.11,144520,150000,1400-5-13,2021-08-04
571,بنو,بيمه تجارت نو,183,8501675,114347528750,11970,13450,13450,1480,12.36,13450,1480,12.36,13450,13450,1400-5-13,2021-08-04
572,قپيرا,فرآورده‌هاي‌غدايي‌وقندپيرانشهر,181,1122065,7895103760,7130,7020,7130,0,0,7080,-50,-0.7,6980,7160,1400-5-13,2021-08-04
573,ضملي7003,اختيارخ فملي-11720-1400/07/11,181,1405,3959719000,2660,2533,2948,288,10.83,2818,158,5.94,2533,2949,1400-5-13,2021-08-04
574,سحرخيز,صندوق س. گروه زعفران سحرخيز,173,573818,5305460450,9272,9295,9251,-21,-0.23,9246,-26,-0.28,9200,9371,1400-5-13,2021-08-04
575,وبهمن,سرمايه‌گذاري‌بهمن‌,171,1569280,25657728000,15580,16350,16350,770,4.94,16350,770,4.94,16350,16350,1400-5-13,2021-08-04
576,فراز,صندوق س.سهام فراز داريك-س,170,1274923,15695055772,12209,12211,12369,160,1.31,12311,102,0.84,12211,12369,1400-5-13,2021-08-04
577,سپيدما,صندوق س. سپيد دماوند-د,168,6047573,65322049092,10791,10800,10801,10,0.09,10801,10,0.09,10800,10806,1400-5-13,2021-08-04
578,تسه9907,امتياز تسهيلات مسكن مهر99,168,2273,1376383185,601458,588100,605000,3542,0.59,605536,4078,0.68,588100,630000,1400-5-13,2021-08-04
579,فردا,صندوق س آواي فرداي زاگرس-ثابت,168,5558203,62074682820,11163,11169,11169,6,0.05,11168,5,0.04,11168,11169,1400-5-13,2021-08-04
580,سمتاز,سيمان ممتازان كرمان,166,373457,9725530666,26747,25950,25945,-802,-3,26089,-658,-2.46,25945,27000,1400-5-13,2021-08-04
581,غصينو,صنعتي مينو,160,140030,6185825250,46499,44175,44175,-2324,-5,46311,-188,-0.4,44175,44175,1400-5-13,2021-08-04
582,سپ,پرداخت الكترونيك سامان كيش,160,271402,7414734360,27300,27510,27300,0,0,27300,0,0,26850,27510,1400-5-13,2021-08-04
583,واحيا,م .صنايع و معادن احياء سپاهان,155,723401,140628430999,188737,194399,194399,5662,3,194399,5662,3,194399,194399,1400-5-13,2021-08-04
584,سپر,صندوق س سپر سرمايه بيدار- ثابت,154,2985044,37059539130,12406,12415,12417,11,0.09,12415,9,0.07,12410,12417,1400-5-13,2021-08-04
585,فولاي,صنايع فولاد آلياژي يزد,154,1309372,28825824580,18139,22015,22015,3876,21.37,22015,3876,21.37,22015,22015,1400-5-13,2021-08-04
586,ثجوان,تامين مسكن جوانان,154,1440480,13050152665,9339,9059,9059,-280,-3,9060,-279,-2.99,9059,9570,1400-5-13,2021-08-04
587,آپ,آسان پرداخت پرشين,150,1065529,12733071550,11390,11950,11950,560,4.92,11950,560,4.92,11950,11950,1400-5-13,2021-08-04
588,تسه9810,امتياز تسهيلات مسكن دي98,147,2967,1786474574,598055,598055,609449,11394,1.91,602115,4060,0.68,588298,613000,1400-5-13,2021-08-04
589,ضخود7074,اختيارخ خودرو-1800-1400/07/07,147,5144,2020820000,396,355,380,-16,-4.04,393,-3,-0.76,352,420,1400-5-13,2021-08-04
590,آتيمس,صندوق س.آرمان آتيه درخشان مس-س,147,38332,7526117274,194441,194010,197600,3159,1.62,196340,1899,0.98,194010,197737,1400-5-13,2021-08-04
591,تسه9906,امتياز تسهيلات مسكن شهريور99,143,4505,2741374726,603436,586222,610000,6564,1.09,608518,5082,0.84,586222,610000,1400-5-13,2021-08-04
592,وسديد,گروه ‌صنعتي‌سديد,131,1250296,1937958800,1581,1550,1550,-31,-1.96,1578,-3,-0.19,1550,1550,1400-5-13,2021-08-04
593,پلوله,گازلوله‌,127,183040,5228433325,29392,28511,28511,-881,-3,28925,-467,-1.59,28511,29800,1400-5-13,2021-08-04
594,آساميد,صندوق س.مشترك آسمان اميد -د,127,3661564,45918463865,12535,12541,12541,6,0.05,12541,6,0.05,12540,12547,1400-5-13,2021-08-04
595,قشرين,قند شيرين خراسان,126,1191166,22495169910,18335,18885,18885,550,3,18885,550,3,18885,18885,1400-5-13,2021-08-04
596,سجام,مجتمع سيمان غرب آسيا,126,713844,2624539884,3703,3630,3699,-4,-0.11,3696,-7,-0.19,3620,3744,1400-5-13,2021-08-04
597,شگويات.ف0104,اختيارف.تبعي شگويا010408,124,40120,40120,1,1,1,0,0,1,0,0,1,1,1400-5-13,2021-08-04
598,تسه9902,امتياز تسهيلات مسكن ارديبهشت99,121,1503,906714445,600626,591020,606000,5374,0.89,603270,2644,0.44,587002,609990,1400-5-13,2021-08-04
599,دفرا,فرآورده‌هاي‌ تزريقي‌ ايران‌,119,514843,14719361370,27230,28590,28590,1360,4.99,28500,1270,4.66,28590,28590,1400-5-13,2021-08-04
600,ساروج,بين المللي ساروج بوشهر,118,602680,10751783155,18059,17540,18287,228,1.26,17840,-219,-1.21,17518,18350,1400-5-13,2021-08-04
601,ضسپا8043,اختيارخ خساپا-2000-1400/08/26,117,5074,1041767000,209,210,200,-9,-4.31,205,-4,-1.91,190,220,1400-5-13,2021-08-04
602,اخزا901,اسنادخزانه-م1بودجه99-010621,117,120352,97679922658,808872,810999,812000,3128,0.39,811619,2747,0.34,801120,813400,1400-5-13,2021-08-04
603,تسه9905,امتياز تسهيلات مسكن مرداد99,114,3174,1923329764,606187,592290,610000,3813,0.63,605964,-223,-0.04,592290,610000,1400-5-13,2021-08-04
604,نهال,صندوق س. طلاي سرخ نوويرا,113,460246,4625308956,9964,9999,9990,26,0.26,10050,86,0.86,9950,10090,1400-5-13,2021-08-04
605,تسه9904,امتياز تسهيلات مسكن تير99,108,1358,823070041,599863,600000,628999,29136,4.86,606090,6227,1.04,590150,628999,1400-5-13,2021-08-04
606,اخزا910,اسنادخزانه-م10بودجه99-020807,106,179984,117986882591,653268,654999,654500,1232,0.19,655541,2273,0.35,652061,674995,1400-5-13,2021-08-04
607,دفارا,داروسازي‌ فارابي‌,104,1523994,26700374880,16690,17520,17520,830,4.97,17520,830,4.97,17520,17520,1400-5-13,2021-08-04
608,شصفها,پتروشيمي‌ اصفهان‌,103,333359,44981796665,132290,134935,134935,2645,2,134935,2645,2,134935,134935,1400-5-13,2021-08-04
609,اخزا902,اسنادخزانه-م2بودجه99-011019,102,178204,135707934437,760948,762000,761350,402,0.05,761531,583,0.08,753451,769000,1400-5-13,2021-08-04
610,ضملت8041,اختيارخ وبملت-3434-1400/08/19,102,3820,3119820000,756,738,828,72,9.52,817,61,8.07,721,1000,1400-5-13,2021-08-04
611,سكه0112پ03,تمام سكه طرح جديد0112سامان,100,16100,18605419600,1147000,1163011,1155000,8000,0.7,1155616,8616,0.75,1145100,1168000,1400-5-13,2021-08-04
612,تسه9806,امتياز تسهيلات مسكن شهريور98,100,1764,1064166687,595787,586020,602010,6223,1.04,603269,7482,1.26,586020,610000,1400-5-13,2021-08-04
613,سكه0011پ02,تمام سكه طرح جديد0011ملت,99,19300,22263421900,1151509,1163000,1160000,8491,0.74,1153545,2036,0.18,1142100,1176590,1400-5-13,2021-08-04
614,اخزا903,اسنادخزانه-م3بودجه99-011110,99,214815,162020599139,752954,752200,753220,266,0.04,754233,1279,0.17,752200,755999,1400-5-13,2021-08-04
615,تسه9903,امتياز تسهيلات مسكن خرداد99,95,908,548196136,599904,583333,611000,11096,1.85,603740,3836,0.64,583333,611000,1400-5-13,2021-08-04
616,ضخود7078,اختيارخ خودرو-3500-1400/07/07,92,5911,135235000,23,22,23,0,0,23,0,0,22,25,1400-5-13,2021-08-04
617,اوصتا2,صندوق انديشه ورزان صباتامين -د,91,87400000,87400000,19397,1,1,-19396,-99.99,1,-19396,-99.99,1,1,1400-5-13,2021-08-04
618,غپونه,نوش پونه مشهد,90,1466726,25974250734,17194,17709,17709,515,3,17709,515,3,17709,17709,1400-5-13,2021-08-04
619,تابا,تابان نيرو سپاهان,89,206419,6645866124,33890,32196,32196,-1694,-5,32666,-1224,-3.61,32196,32196,1400-5-13,2021-08-04
620,گپارس,امور رفاهي كارگزاران پارس,88,29692,3274398329,113664,110255,110400,-3264,-2.87,112463,-1201,-1.06,110255,112889,1400-5-13,2021-08-04
621,صنوين,صندوق سرمايه‌گذاري صنوين-مختلط,88,44060,4885634110,111440,111410,111060,-380,-0.34,110890,-550,-0.49,110000,113000,1400-5-13,2021-08-04
622,ضسپا8041,اختيارخ خساپا-1600-1400/08/26,88,4147,1689458000,413,331,400,-13,-3.15,407,-6,-1.45,331,431,1400-5-13,2021-08-04
623,اخزا909,اسنادخزانه-م9بودجه99-020316,83,384175,271306477005,704471,703750,706999,2528,0.36,706205,1734,0.25,703555,707000,1400-5-13,2021-08-04
624,دابور,داروسازي‌ ابوريحان‌,82,450939,11936355330,25210,26470,26470,1260,5,26470,1260,5,26470,26470,1400-5-13,2021-08-04
625,عيار2,صندوق سكه طلاي مفيد,81,810000,810000,29427,1,1,-29426,-100,1,-29426,-100,1,1,1400-5-13,2021-08-04
626,تسه9809,امتياز تسهيلات مسكن آذر98,73,990,597403982,598965,590020,609698,10733,1.79,603438,4473,0.75,590020,617000,1400-5-13,2021-08-04
627,تسه9812,امتياز تسهيلات مسكن اسفند98,71,853,513736753,601671,590500,600000,-1671,-0.28,602270,599,0.1,590500,625555,1400-5-13,2021-08-04
628,سجامح,ح.مجتمع سيمان غرب آسيا,71,1510383,3038892962,2091,2180,1966,-125,-5.98,2012,-79,-3.78,1966,2180,1400-5-13,2021-08-04
629,الماس,صندوق س.امين تدبيرگران فردا-س,68,33616,3847922885,112748,112749,116990,4242,3.76,114467,1719,1.52,112749,116990,1400-5-13,2021-08-04
630,فاسمين,كالسيمين‌,67,209555,3635264020,17050,17300,17490,440,2.58,17080,30,0.18,17300,17490,1400-5-13,2021-08-04
631,تسه9901,امتياز تسهيلات مسكن فروردين99,64,651,402262577,621076,600000,640000,18924,3.05,617915,-3161,-0.51,596666,645000,1400-5-13,2021-08-04
632,تسه9811,امتياز تسهيلات مسكن بهمن98,64,428,257382557,598430,597100,605000,6570,1.1,601361,2931,0.49,590205,628000,1400-5-13,2021-08-04
633,اخزا914,اسنادخزانه-م14بودجه99-021025,62,75327,47408759236,627205,629000,632000,4795,0.76,629373,2168,0.35,626901,632000,1400-5-13,2021-08-04
634,آرمان,بيمه آرمان,62,312603,2044449257,6560,6699,6550,-10,-0.15,6556,-4,-0.06,6500,6699,1400-5-13,2021-08-04
635,وسين,بيمه سينا,61,3230254,11305889000,3178,3500,3500,322,10.13,3500,322,10.13,3500,3500,1400-5-13,2021-08-04
636,زعف0008پ16,زعفران0008نگين بيرجند(پ),59,36549,4708034027,126094,128042,129300,3206,2.54,128814,2720,2.16,128042,129990,1400-5-13,2021-08-04
637,اخزا004,اسنادخزانه-م4بودجه00-030522,58,229426,129270408076,564370,564370,564899,529,0.09,563451,-919,-0.16,561005,565840,1400-5-13,2021-08-04
638,گكيشح,ح.توريستي ورفاهي آبادگران كيش,58,265137,8362318821,31249,33123,31000,-249,-0.8,31540,291,0.93,31000,33123,1400-5-13,2021-08-04
639,ضخود7072,اختيارخ خودرو-1400-1400/07/07,57,1919,1315105000,706,895,675,-31,-4.39,685,-21,-2.97,675,895,1400-5-13,2021-08-04
640,دارا,صندوق س. دارا الگوريتم-د,56,1835336,18411384546,10030,10048,10032,2,0.02,10032,2,0.02,10019,10048,1400-5-13,2021-08-04
641,شكبير,پتروشيمي اميركبير,55,459600,40645645200,85862,88437,88437,2575,3,86834,972,1.13,88437,88437,1400-5-13,2021-08-04
642,سحرخيز2,صندوق س. گروه زعفران سحرخيز,55,5500000,5500000,9272,1,1,-9271,-99.99,1,-9271,-99.99,1,1,1400-5-13,2021-08-04
643,ضسپا8039,اختيارخ خساپا-1200-1400/08/26,54,305,211559000,699,672,690,-9,-1.29,694,-5,-0.72,672,700,1400-5-13,2021-08-04
644,وآتوس,س.آرين توسكا قيمت اسمي 350ريال,53,212900,6488340400,29589,30476,30476,887,3,30435,846,2.86,30476,30476,1400-5-13,2021-08-04
645,ضملت8043,اختيارخ وبملت-4434-1400/08/19,52,2991,792300000,200,250,300,100,50,265,65,32.5,250,300,1400-5-13,2021-08-04
646,سنوين,سرمايه گذاري اقتصاد نوين,51,175497,1277442663,7662,7279,7279,-383,-5,7607,-55,-0.72,7279,7279,1400-5-13,2021-08-04
647,سلار,شركت سيمان لارستان,51,83676,3097852872,35944,37022,37022,1078,3,36472,528,1.47,37022,37022,1400-5-13,2021-08-04
648,كيسون,شركت كيسون,50,110847,1003165350,9234,9050,9050,-184,-1.99,9224,-10,-0.11,9050,9050,1400-5-13,2021-08-04
649,سنير,سيمان‌ سفيد ني‌ريز,50,15361,2215363420,151810,144220,144220,-7590,-5,150500,-1310,-0.86,144220,144220,1400-5-13,2021-08-04
650,تسه9808,امتياز تسهيلات مسكن آبان98,50,382,230487110,600442,593010,609000,8558,1.43,603369,2927,0.49,593010,614998,1400-5-13,2021-08-04
651,شستان,پتروشيمي گلستان,50,267236,812397440,2981,3040,3040,59,1.98,2990,9,0.3,3040,3040,1400-5-13,2021-08-04
652,وپخش,داروپخش‌ (هلدينگ‌,49,283041,7950621690,26760,28090,28090,1330,4.97,27030,270,1.01,28090,28090,1400-5-13,2021-08-04
653,هكوير109,اختيارف ت كوير-8194-01/09/20,49,466189,202326026,382,434,434,52,13.61,434,52,13.61,434,434,1400-5-13,2021-08-04
654,ضسپا8044,اختيارخ خساپا-2500-1400/08/26,48,2081,201856000,118,101,88,-30,-25.42,97,-21,-17.8,88,115,1400-5-13,2021-08-04
655,پادا,صندوق س.پاداش سرمايه پارس-س,48,62646,6964188924,111134,111028,115480,4346,3.91,111167,33,0.03,107800,115480,1400-5-13,2021-08-04
656,تسه9805,امتياز تسهيلات مسكن مرداد98,47,563,335014075,591081,563000,595000,3919,0.66,595052,3971,0.67,563000,610000,1400-5-13,2021-08-04
657,اخزا908,اسنادخزانه-م8بودجه99-020606,46,174334,117833151638,674145,674011,674700,555,0.08,675905,1760,0.26,674011,677900,1400-5-13,2021-08-04
658,ضپال2007,اختيارخ اپال-32000-1401/02/12,44,916,722990000,802,781,737,-65,-8.1,789,-13,-1.62,737,819,1400-5-13,2021-08-04
659,تسه9807,امتياز تسهيلات مسكن مهر98,44,448,273368131,614941,587020,606000,-8941,-1.45,610197,-4744,-0.77,587020,619982,1400-5-13,2021-08-04
660,دمعيار,صندوق س. توازن معيار-د,44,1363654,13725878040,10063,10070,10065,2,0.02,10066,3,0.03,10065,10070,1400-5-13,2021-08-04
661,فردا2,صندوق س آواي فرداي زاگرس-ثابت,43,4300000,4300000,11163,1,1,-11162,-99.99,1,-11162,-99.99,1,1,1400-5-13,2021-08-04
662,اخزا815,اسنادخزانه-م15بودجه98-010406,40,14463,12195703821,843211,839500,843899,688,0.08,843235,24,0,839500,844900,1400-5-13,2021-08-04
663,ضملي7004,اختيارخ فملي-13720-1400/07/11,40,334,506098000,1325,1422,1551,226,17.06,1515,190,14.34,1400,1650,1400-5-13,2021-08-04
664,بذر,صندوق س بذر اميد آفرين-سهام,39,20998,2169465940,101010,103500,103090,2080,2.06,103320,2310,2.29,101600,103900,1400-5-13,2021-08-04
665,قشهد,شهد,36,338885,5398438050,16760,15930,15930,-830,-4.95,16400,-360,-2.15,15930,15930,1400-5-13,2021-08-04
666,ضملي7005,اختيارخ فملي-15720-1400/07/11,36,428,350073000,700,800,900,200,28.57,818,118,16.86,710,900,1400-5-13,2021-08-04
667,اطلس2,صندوق س.توسعه اندوخته آينده-س,36,360000,360000,243102,1,1,-243101,-100,1,-243101,-100,1,1,1400-5-13,2021-08-04
668,اخزا911,اسنادخزانه-م11بودجه99-020906,34,127830,82587212126,642100,642140,647500,5400,0.84,646071,3971,0.62,642111,647500,1400-5-13,2021-08-04
669,تكنار,مجتمع معادن مس تكنار,32,48558,4470055248,94903,92056,92056,-2847,-3,93480,-1423,-1.5,92056,92056,1400-5-13,2021-08-04
670,آگاس2,صندوق س.هستي بخش آگاه-س,32,18300000,18300000,79208,1,1,-79207,-100,1,-79207,-100,1,1,1400-5-13,2021-08-04
671,ضسپا8042,اختيارخ خساپا-1800-1400/08/26,31,1162,362664000,310,307,300,-10,-3.23,312,2,0.65,290,326,1400-5-13,2021-08-04
672,زنجان,صنايع كشاورزي وكود زنجان,31,667136,5850115584,9040,8769,8769,-271,-3,8911,-129,-1.43,8769,8769,1400-5-13,2021-08-04
673,اخزا906,اسنادخزانه-م6بودجه99-020321,30,30035,22033457072,729956,716121,735065,5109,0.7,733593,3637,0.5,716121,735065,1400-5-13,2021-08-04
674,ضشنا8003,اختيارخ شپنا-8800-1400/08/16,29,220,1027312000,4468,4000,4993,525,11.75,4670,202,4.52,4000,4993,1400-5-13,2021-08-04
675,آسام,صندوق س.آرمان سپهر آشنا-م,28,14930,1822184490,118941,120245,121781,2840,2.39,122049,3108,2.61,120245,122194,1400-5-13,2021-08-04
676,ضملي7002,اختيارخ فملي-9720-1400/07/11,25,102,462743000,4340,4000,4700,360,8.29,4537,197,4.54,4000,4700,1400-5-13,2021-08-04
677,گنجين,صندوق س. گنجينه يكم آويد-د,25,311466,4168508034,13378,13390,13390,12,0.09,13384,6,0.04,13378,13390,1400-5-13,2021-08-04
678,طلا2,صندوق س.پشتوانه طلاي لوتوس,25,2500000,2500000,83038,1,1,-83037,-100,1,-83037,-100,1,1,1400-5-13,2021-08-04
679,سفاسي,شركت فارسيت اهواز,24,48679,355794811,7535,7309,7309,-226,-3,7526,-9,-0.12,7309,7309,1400-5-13,2021-08-04
680,ضپاس7029,اختيارخ وپارس-2500-1400/07/28,22,900,495704000,561,534,540,-21,-3.74,551,-10,-1.78,534,587,1400-5-13,2021-08-04
681,تپكو,توليدتجهيزات‌سنگين‌هپكو,22,85064,446756128,5359,5252,5252,-107,-2,5358,-1,-0.02,5252,5252,1400-5-13,2021-08-04
682,سدبير,س. تدبيرگران فارس وخوزستان,21,59547,2557543650,45210,42950,42950,-2260,-5,44783,-427,-0.94,42950,42950,1400-5-13,2021-08-04
683,خفناور,مهندسي صنعتي روان فن آور,21,86918,3995359706,47388,45967,45967,-1421,-3,46802,-586,-1.24,45967,45967,1400-5-13,2021-08-04
684,زعف0008پ05,زعفران0008نگين زرين(پ),21,13839,1817780974,131155,132000,131500,345,0.26,131352,197,0.15,131000,132999,1400-5-13,2021-08-04
685,ضصاد8030,اختيارخ وبصادر-1589-1400/08/12,21,570,370549000,671,650,650,-21,-3.13,650,-21,-3.13,650,651,1400-5-13,2021-08-04
686,هنوري102,اختيارف ت نوري59561-01/02/15,21,300000,300000,1,1,1,0,0,1,0,0,1,1,1400-5-13,2021-08-04
687,اخزا905,اسنادخزانه-م5بودجه99-020218,19,142594,102478097700,716174,717500,718000,1826,0.25,718670,2496,0.35,715600,719000,1400-5-13,2021-08-04
688,ضپيك7042,اختيارخ تاپيكو-8070-00/07/18,19,126,693345000,4492,5200,5768,1276,28.41,5503,1011,22.51,4313,5780,1400-5-13,2021-08-04
689,اخزا809,اسنادخزانه-م9بودجه98-000923,19,72250,67223630401,932503,930001,932000,-503,-0.05,930431,-2072,-0.22,930000,934000,1400-5-13,2021-08-04
690,ضصاد8033,اختيارخ وبصادر-2489-1400/08/12,19,759,185435000,229,250,230,1,0.44,244,15,6.55,225,260,1400-5-13,2021-08-04
691,ضپال2006,اختيارخ اپال-28000-1401/02/12,18,584,920580000,1728,1600,1562,-166,-9.61,1576,-152,-8.8,1520,1750,1400-5-13,2021-08-04
692,جهرم,پتروشيمي جهرم,18,216772,347051972,1650,1601,1601,-49,-2.97,1648,-2,-0.12,1601,1601,1400-5-13,2021-08-04
693,اخزا904,اسنادخزانه-م4بودجه99-011215,18,54315,40218950153,739266,738709,739300,34,0,740476,1210,0.16,738709,743000,1400-5-13,2021-08-04
694,جهرمح,ح.پتروشيمي جهرم,18,791466,225302868,300,318,282,-18,-6,285,-15,-5,282,318,1400-5-13,2021-08-04
695,ثهام,صندوق س ثروت هامرز-سهام,18,50159,541025682,10588,10700,10880,292,2.76,10786,198,1.87,10572,10910,1400-5-13,2021-08-04
696,ضشنا8005,اختيارخ شپنا-12800-1400/08/16,17,225,449016000,2017,1700,2200,183,9.07,1996,-21,-1.04,1700,2200,1400-5-13,2021-08-04
697,زعف0008پ09,زعفران0008نگين نوين(پ),17,56385,7968925200,138572,140000,141520,2948,2.13,141331,2759,1.99,140000,141520,1400-5-13,2021-08-04
698,اخزا721,اسنادخزانه-م21بودجه97-000728,17,5085,4884498752,960214,961000,960100,-114,-0.01,960570,356,0.04,960020,962500,1400-5-13,2021-08-04
699,فكمند,گسترش قطعه سازي كمند,17,345980,8398318520,23567,24274,24274,707,3,24129,562,2.38,24274,24274,1400-5-13,2021-08-04
700,سخند,صندوق س.سپهرخبرگان نفت-د,16,16110,162507930,10075,10079,10082,7,0.07,10087,12,0.12,10079,10100,1400-5-13,2021-08-04
701,كهرام,توليدي گرانيت بهسرام,16,2627,288145122,113078,109686,109686,-3392,-3,112977,-101,-0.09,109686,109686,1400-5-13,2021-08-04
702,ضسان7078,اختيارخ پارسان-18000-00/07/14,15,57,582300000,8750,8000,11850,3100,35.43,10216,1466,16.75,8000,11850,1400-5-13,2021-08-04
703,باران,بيمه زندگي باران50%تاديه,14,78191,315031539,4241,4029,4029,-212,-5,4234,-7,-0.17,4029,4029,1400-5-13,2021-08-04
704,ضپاس7030,اختيارخ وپارس-3000-1400/07/28,14,151,45091000,306,330,270,-36,-11.76,299,-7,-2.29,270,330,1400-5-13,2021-08-04
705,زعف0008پ11,زعفران0008نگين سحرخيز(پ),14,33450,4733844000,138557,141520,141520,2963,2.14,141520,2963,2.14,141520,141520,1400-5-13,2021-08-04
706,وملت,سرمايه گذاري ملت,13,139409,579244395,4239,4155,4155,-84,-1.98,4229,-10,-0.24,4155,4155,1400-5-13,2021-08-04
707,ضغدر8058,اختيارخ وغدير-10000-1400/08/26,13,38,217990000,5068,3500,6090,1022,20.17,5737,669,13.2,3500,6100,1400-5-13,2021-08-04
708,افاد84,منفعت دولت8-ش.خاص ساير0205,13,325000,308750000000,970000,950000,950000,-20000,-2.06,950000,-20000,-2.06,950000,950000,1400-5-13,2021-08-04
709,بالبر,كابل‌ البرز,12,11340,491248800,45590,43320,43320,-2270,-4.98,45510,-80,-0.18,43320,43320,1400-5-13,2021-08-04
710,شتولي,تولي‌پرس‌,12,7932,244916364,31507,30877,30877,-630,-2,31475,-32,-0.1,30877,30877,1400-5-13,2021-08-04
711,زعف0008پ08,زعفران0008نگين روستا(پ),11,8964,1180267720,129500,132000,131501,2001,1.55,131668,2168,1.67,131190,132000,1400-5-13,2021-08-04
712,ضپيك7041,اختيارخ تاپيكو-7070-00/07/18,11,65,413838000,5290,6200,6500,1210,22.87,6367,1077,20.36,6200,6500,1400-5-13,2021-08-04
713,كيا,كيا الكترود شرق,11,500000,3700000000,7120,7400,7400,280,3.93,7400,280,3.93,7400,7400,1400-5-13,2021-08-04
714,ضخود7073,اختيارخ خودرو-1600-1400/07/07,11,205,108525000,550,550,540,-10,-1.82,529,-21,-3.82,515,550,1400-5-13,2021-08-04
715,اراد50,مرابحه عام دولت5-ش.خ0302,10,209800,209800144800,1000001,1000001,1000001,0,0,1000001,0,0,1000000,1000001,1400-5-13,2021-08-04
716,زعف0008پ10,زعفران0008نگين طلاي سرخ(پ),10,29081,4115419120,138568,141520,141520,2952,2.13,141516,2948,2.13,141400,141520,1400-5-13,2021-08-04
717,ضجار7041,اختيارخ وتجارت-2997-1400/07/21,10,34,6760000,216,249,199,-17,-7.87,199,-17,-7.87,190,249,1400-5-13,2021-08-04
718,ولراز,ليزينگ رازي,10,5995,195323095,33588,32581,32581,-1007,-3,33554,-34,-0.1,32581,32581,1400-5-13,2021-08-04
719,ضمخا7076,اختيارخ اخابر-9700-1400/07/28,10,125,155412000,1200,1100,1250,50,4.17,1243,43,3.58,1100,1250,1400-5-13,2021-08-04
720,اخزا818,اسنادخزانه-م18بودجه98-010614,10,16421,13363866200,810753,811300,816000,5247,0.65,813828,3075,0.38,811300,816000,1400-5-13,2021-08-04
721,داريك,صندوق س.اعتماد داريك-د,10,96264,1056759385,10948,10960,11095,147,1.34,10978,30,0.27,10960,11095,1400-5-13,2021-08-04
722,طخود7075,اختيارف خودرو-2000-1400/07/07,9,205,15350000,62,80,75,13,20.97,75,13,20.97,70,85,1400-5-13,2021-08-04
723,اخزا713,اسنادخزانه-م13بودجه97-000518,9,81333,80980126520,995652,998000,998000,2348,0.24,995661,9,0,995110,998000,1400-5-13,2021-08-04
724,اخزا808,اسنادخزانه-م8بودجه98-000817,9,10232,9720902800,948287,950000,950100,1813,0.19,950049,1762,0.19,950000,950100,1400-5-13,2021-08-04
725,نگين,ص.س. زمين و ساختمان نگين شهرري,9,271,13596850,49780,50550,50280,500,1,50170,390,0.78,49610,50550,1400-5-13,2021-08-04
726,دالبرح,ح . البرزدارو,9,17670,185535000,10500,10500,10500,0,0,10500,0,0,10500,10500,1400-5-13,2021-08-04
727,غدام,خوراك‌  دام‌ پارس‌,9,646,224917820,366490,348170,348170,-18320,-5,366190,-300,-0.08,348170,348170,1400-5-13,2021-08-04
728,حرهشا,رهشاد سپاهان (سهامي عام,8,2610,166630230,65817,63843,63843,-1974,-3,65783,-34,-0.05,63843,63843,1400-5-13,2021-08-04
729,ضپنا8001,اختيارخ رمپنا-11850-1400/08/05,8,32,215035000,7180,7200,6799,-381,-5.31,6720,-460,-6.41,6300,7395,1400-5-13,2021-08-04
730,ضمخا7071,اختيارخ اخابر-23700-1400/07/28,8,283,13642000,50,48,49,-1,-2,48,-2,-4,48,49,1400-5-13,2021-08-04
731,اخزا816,اسنادخزانه-م16بودجه98-010503,8,10683,8904254490,832502,826000,830700,-1802,-0.22,833498,996,0.12,826000,834000,1400-5-13,2021-08-04
732,كمرجان,بازرگاني و توليدي مرجان كار,8,3428,458597840,140821,133780,133780,-7041,-5,140593,-228,-0.16,133780,133780,1400-5-13,2021-08-04
733,ضفار8050,اختيارخ فارس-7400-1400/08/05,8,44,228200000,4500,4600,5800,1300,28.89,5186,686,15.24,4600,5800,1400-5-13,2021-08-04
734,اخزا814,اسنادخزانه-م14بودجه98-010318,8,68356,58337116036,850765,853999,859597,8832,1.04,853431,2666,0.31,853000,859597,1400-5-13,2021-08-04
735,اخزا817,اسنادخزانه-م17بودجه98-010512,8,6184,5111971060,827440,826400,826400,-1040,-0.13,826645,-795,-0.1,826400,828000,1400-5-13,2021-08-04
736,لخانه,لوازم‌ خانگي‌ پارس‌,7,22411,504000979,23672,22489,22489,-1183,-5,23609,-63,-0.27,22489,22489,1400-5-13,2021-08-04
737,فماك,ماداكتو استيل كرد,7,74000,1694600000,23000,22900,22900,-100,-0.43,22900,-100,-0.43,22900,22900,1400-5-13,2021-08-04
738,داراب,پتروشيمي داراب,7,18002,42502722,2433,2361,2361,-72,-2.96,2433,0,0,2361,2361,1400-5-13,2021-08-04
739,كترام,توليدي‌ كاشي‌ تكسرام‌,7,6018,247219440,43240,41080,41080,-2160,-5,43200,-40,-0.09,41080,41080,1400-5-13,2021-08-04
740,ضفار8051,اختيارخ فارس-8400-1400/08/05,7,32,157400000,3800,4800,5000,1200,31.58,4919,1119,29.45,4800,5000,1400-5-13,2021-08-04
741,ضترا8058,اختيارخ شتران-3442-1400/08/09,7,34,90410000,2812,2400,2880,68,2.42,2659,-153,-5.44,2400,2880,1400-5-13,2021-08-04
742,سكه0111پ05,تمام سكه طرح جديد0111آينده,6,50500,58177500000,1143670,1152000,1155000,11330,0.99,1152030,8360,0.73,1152000,1155000,1400-5-13,2021-08-04
743,تمحركه,ماشين سازي نيرو محركه,6,2442,32656866,13786,13373,13373,-413,-3,13785,-1,-0.01,13373,13373,1400-5-13,2021-08-04
744,وسخراج,شركت س استان خراسان جنوبي,6,69633,146786364,2218,2108,2108,-110,-4.96,2218,0,0,2108,2108,1400-5-13,2021-08-04
745,ثاصفا,شركت‌ ساختمان‌ اصفهان‌,6,1386,32683266,24822,23581,23581,-1241,-5,24818,-4,-0.02,23581,23581,1400-5-13,2021-08-04
746,زعف0008پ19,زعفران0008نگين تروند قاينات(پ),6,37060,5244731200,138572,141520,141520,2948,2.13,141520,2948,2.13,141520,141520,1400-5-13,2021-08-04
747,ضترا8057,اختيارخ شتران-3000-1400/08/09,6,19,61950000,3450,3000,3500,50,1.45,3261,-189,-5.48,3000,3500,1400-5-13,2021-08-04
748,ضچاد7034,اختيارخ كچاد-21870-1400/07/04,6,10,93558000,7800,9000,9700,1900,24.36,9356,1556,19.95,9000,9700,1400-5-13,2021-08-04
749,وسقم,شركت س استان قم,6,26331,35204547,1407,1337,1337,-70,-4.98,1407,0,0,1337,1337,1400-5-13,2021-08-04
750,آساس2,صندوق س.آسمان آرماني سهام-س,6,600000,600000,171270,1,1,-171269,-100,1,-171269,-100,1,1,1400-5-13,2021-08-04
751,تملي709,تسهيلات مسكن ب. ملي-آذر97,6,64,54109599,813679,854362,854362,40683,5,845462,31783,3.91,772996,854362,1400-5-13,2021-08-04
752,ضمخا7066,اختيارخ اخابر-11700-1400/07/28,6,72,41950000,82,500,599,517,630.49,583,501,610.98,500,630,1400-5-13,2021-08-04
753,كتوكا,توليدي و خدمات صنايع نسوز توكا,6,1682,48140522,30127,28621,28621,-1506,-5,30122,-5,-0.02,28621,28621,1400-5-13,2021-08-04
754,اخزا811,اسنادخزانه-م11بودجه98-001013,5,7870,7272534000,923101,924000,924000,899,0.1,924083,982,0.11,924000,925500,1400-5-13,2021-08-04
755,اخزا907,اسنادخزانه-م7بودجه99-020704,5,25175,16764706000,665052,667000,666000,948,0.14,665927,875,0.13,665800,667000,1400-5-13,2021-08-04
756,اخزا806,اسنادخزانه-م6بودجه98-000519,5,1101,1095531500,992414,996000,995300,2886,0.29,995033,2619,0.26,995000,996000,1400-5-13,2021-08-04
757,ضمخا7075,اختيارخ اخابر-8700-1400/07/28,5,20,37500000,1784,1900,1700,-84,-4.71,1875,91,5.1,1700,1900,1400-5-13,2021-08-04
758,گوهر2,صندوق سكه طلاي كيان,5,50000,50000,57516,1,1,-57515,-100,1,-57515,-100,1,1,1400-5-13,2021-08-04
759,ثاژن,سخت آژند,5,1509,13614198,9397,9022,9022,-375,-3.99,9396,-1,-0.01,9022,9022,1400-5-13,2021-08-04
760,هفارس104,اختيارف ت فارس-11832-01/04/12,5,450000,450000,1,1,1,0,0,1,0,0,1,1,1400-5-13,2021-08-04
761,اخزا821,اسنادخزانه-م21بودجه98-020906,5,11065,7139344700,649709,645102,645223,-4486,-0.69,645219,-4490,-0.69,645102,645223,1400-5-13,2021-08-04
762,پست0008پ08,پسته فندقي32-30مه ولات0008(پ),5,56,101651000,1801506,1805000,1848000,46494,2.58,1815196,13690,0.76,1805000,1850000,1400-5-13,2021-08-04
763,اخزا812,اسنادخزانه-م12بودجه98-001111,5,143,130124900,909578,912000,909300,-278,-0.03,909964,386,0.04,909300,912000,1400-5-13,2021-08-04
764,ثالوند,سرمايه گذاري مسكن الوند,5,3140,85072020,28518,27093,27093,-1425,-5,28509,-9,-0.03,27093,27093,1400-5-13,2021-08-04
765,همبين102,اختيارف ت مبين17952-01/02/10,5,34000,34000,1,1,1,0,0,1,0,0,1,1,1400-5-13,2021-08-04
766,ضخود7080,اختيارخ خودرو-4500-1400/07/07,5,217,2144000,20,21,7,-13,-65,10,-10,-50,7,21,1400-5-13,2021-08-04
767,زير0103پ04,زيره سبز0103شركت مينوبذر(پ),5,68,47802327,767156,701001,710000,-57156,-7.45,702975,-64181,-8.37,690297,710002,1400-5-13,2021-08-04
768,دحاوي,الحاوي,4,1915,22560615,12145,11781,11781,-364,-3,12144,-1,-0.01,11781,11781,1400-5-13,2021-08-04
769,وسزنجان,شركت س استان زنجان,4,47505,64084245,1420,1349,1349,-71,-5,1420,0,0,1349,1349,1400-5-13,2021-08-04
770,صگل1411,ص اجاره گل گهر 1411-3 ماهه 17%,4,40000,39880000000,999900,997000,997000,-2900,-0.29,997000,-2900,-0.29,997000,997000,1400-5-13,2021-08-04
771,شسم,توليد سموم‌ علف‌ كش,4,15500,1522890500,96325,98251,98251,1926,2,96900,575,0.6,98251,98251,1400-5-13,2021-08-04
772,فلات,گروه صنايع معادن فلات ايرانيان,3,15754,223817078,14646,14207,14207,-439,-3,14636,-10,-0.07,14207,14207,1400-5-13,2021-08-04
773,ضپنا8004,اختيارخ رمپنا-17850-1400/08/05,3,5,15000000,1700,3000,3000,1300,76.47,3000,1300,76.47,3000,3000,1400-5-13,2021-08-04
774,تملي705,تسهيلات مسكن ب. ملي-مرداد97,3,45,32402608,694917,660172,729661,34744,5,720058,25141,3.62,660172,729661,1400-5-13,2021-08-04
775,ضجار7038,اختيارخ وتجارت-1797-1400/07/21,3,200,176000000,900,880,880,-20,-2.22,880,-20,-2.22,880,880,1400-5-13,2021-08-04
776,ضچاد7032,اختيارخ كچاد-15870-1400/07/04,3,10,130000000,13500,10000,16000,2500,18.52,13000,-500,-3.7,10000,16000,1400-5-13,2021-08-04
777,ضشنا8002,اختيارخ شپنا-7800-1400/08/16,3,22,125100000,4490,5500,5700,1210,26.95,5686,1196,26.64,5500,5700,1400-5-13,2021-08-04
778,حاريا,كشتيراني آريا,3,1450,24194700,17026,16686,16686,-340,-2,17024,-2,-0.01,16686,16686,1400-5-13,2021-08-04
779,كرونا2,تامين مالي جمعي صرفا اهداي سود,3,410,4100000,10000,10000,10000,0,0,10000,0,0,10000,10000,1400-5-13,2021-08-04
780,اخزا718,اسنادخزانه-م18بودجه97-000525,3,1898,1881873000,992852,990001,992500,-352,-0.04,991503,-1349,-0.14,990001,992999,1400-5-13,2021-08-04
781,نيرو,نيرو سرمايه,3,1759,85408245,50056,48555,48555,-1501,-3,50043,-13,-0.03,48555,48555,1400-5-13,2021-08-04
782,ضملت8044,اختيارخ وبملت-4934-1400/08/19,3,151,22650000,348,150,150,-198,-56.9,150,-198,-56.9,150,150,1400-5-13,2021-08-04
783,ضصاد8031,اختيارخ وبصادر-1789-1400/08/12,3,200,126000000,554,660,600,46,8.3,630,76,13.72,600,660,1400-5-13,2021-08-04
784,تسه99012,امتياز تسهيلات مسكن فروردين99,3,234,2340,621076,10,10,-621066,-100,10,-621066,-100,10,10,1400-5-13,2021-08-04
785,اوصتا4,صندوق انديشه ورزان صباتامين -د,3,252390000,4901413800000,19397,19420,19420,23,0.12,19420,23,0.12,19420,19420,1400-5-13,2021-08-04
786,ضشنا8006,اختيارخ شپنا-14800-1400/08/16,3,22,26400000,1167,1200,1200,33,2.83,1200,33,2.83,1200,1200,1400-5-13,2021-08-04
787,بايكا,كارخانجات كابلسازي ‌ايران‌,3,747,17978049,24811,24067,24067,-744,-3,24810,-1,0,24067,24067,1400-5-13,2021-08-04
788,سنفت009,سلف موازي استاندارد سنفت009,3,251000,400385160000,1578300,1595160,1595160,16860,1.07,1595160,16860,1.07,1595160,1595160,1400-5-13,2021-08-04
789,اعتماد2,صندوق س.اعتماد آفرين پارسيان-د,3,27000000,27000000,37884,1,1,-37883,-100,1,-37883,-100,1,1,1400-5-13,2021-08-04
790,لپيام,گسترش صنايع پيام,3,331,16170674,51425,48854,48854,-2571,-5,51421,-4,-0.01,48854,48854,1400-5-13,2021-08-04
791,ضمخا7077,اختيارخ اخابر-6700-1400/07/28,2,37,151397000,3493,3999,4100,607,17.38,4092,599,17.15,3999,4100,1400-5-13,2021-08-04
792,كابگن,توليدي و صنعتي آبگينه‌,2,3000,16323000,5335,5441,5441,106,1.99,5336,1,0.02,5441,5441,1400-5-13,2021-08-04
793,ضملت8040,اختيارخ وبملت-2934-1400/08/19,2,37,46110000,1117,1180,1250,133,11.91,1246,129,11.55,1180,1250,1400-5-13,2021-08-04
794,گواهي ظرفيت,گواهي ظرفيت نقدي,2,3500000,75733000000,20608,21638,21638,1030,5,20777,169,0.82,21638,21638,1400-5-13,2021-08-04
795,پارتين,ص.ج.پارتيان,2,19500,8537500000,418000,437000,441000,23000,5.5,437820,19820,4.74,437000,441000,1400-5-13,2021-08-04
796,ضجار7039,اختيارخ وتجارت-1997-1400/07/21,2,2,1419000,718,719,700,-18,-2.51,709,-9,-1.25,700,719,1400-5-13,2021-08-04
797,وسالت,بانك قرض الحسنه رسالت,2,9546,10930170,1112,1145,1145,33,2.97,1112,0,0,1145,1145,1400-5-13,2021-08-04
798,پست0008پ04,پسته فندقي32-30سبزدانه0008(پ),2,28,52640000,1839500,1880000,1880000,40500,2.2,1880000,40500,2.2,1880000,1880000,1400-5-13,2021-08-04
799,زعف0008پ18,زعفران0008نگين بهرامن(پ),2,2353,332996560,141250,141520,141520,270,0.19,141520,270,0.19,141520,141520,1400-5-13,2021-08-04
800,فراز2,صندوق س.سهام فراز داريك-س,2,1200000,1200000,12209,1,1,-12208,-99.99,1,-12208,-99.99,1,1,1400-5-13,2021-08-04
801,كاريس4,صندوق س.سپهر كاريزما-س,2,9700000,133977500000,13341,13800,13825,484,3.63,13812,471,3.53,13800,13825,1400-5-13,2021-08-04
802,تبريز112,مشاركت شهرداري تبريز-3ماهه18%,2,289,286986990,993000,993000,993999,999,0.1,993035,35,0,993000,993999,1400-5-13,2021-08-04
803,ثنظام,س. ساختماني نظام مهندسي ايران,2,248,11287968,46923,45516,45516,-1407,-3,46921,-2,0,45516,45516,1400-5-13,2021-08-04
804,ضپيك7043,اختيارخ تاپيكو-10070-00/07/18,2,4,18500000,3973,4500,5000,1027,25.85,4625,652,16.41,4500,5000,1400-5-13,2021-08-04
805,آوا2,صندوق س.سهام آواي معيار-س,2,10400000,10400000,7189,1,1,-7188,-99.99,1,-7188,-99.99,1,1,1400-5-13,2021-08-04
806,ضسپا8040,اختيارخ خساپا-1400-1400/08/26,2,40,20800000,558,520,520,-38,-6.81,520,-38,-6.81,520,520,1400-5-13,2021-08-04
807,قلرست,قند لرستان‌,2,450,13950000,32630,31000,31000,-1630,-5,32630,0,0,31000,31000,1400-5-13,2021-08-04
808,زعف0008پ20,زعفران0008نگين وحدت جام(پ),2,500,64409000,125785,128042,129982,4197,3.34,128818,3033,2.41,128042,129982,1400-5-13,2021-08-04
809,ضترا8055,اختيارخ شتران-2118-1400/08/09,2,10,40010000,5667,4001,4001,-1666,-29.4,4001,-1666,-29.4,4001,4001,1400-5-13,2021-08-04
810,وسخراش,شركت س استان خراسان شمالي,2,14096,18338896,1369,1301,1301,-68,-4.97,1369,0,0,1301,1301,1400-5-13,2021-08-04
811,كاريس2,صندوق س.سپهر كاريزما-س,2,9600000,9600000,13341,1,1,-13340,-99.99,1,-13340,-99.99,1,1,1400-5-13,2021-08-04
812,ضجار7040,اختيارخ وتجارت-2497-1400/07/21,2,60,23500000,393,380,394,1,0.25,392,-1,-0.25,380,394,1400-5-13,2021-08-04
813,تملي801,تسهيلات مسكن ب. ملي-فروردين98,2,7,5581744,839360,797392,797392,-41968,-5,797392,-41968,-5,797392,797392,1400-5-13,2021-08-04
814,وصندوق2,سرمايه‌گذاري‌صندوق‌بازنشستگي‌,2,9249042,165058909280,17170,17850,17840,670,3.9,17846,676,3.94,17840,17850,1400-5-13,2021-08-04
815,ثاباد,توريستي ورفاهي آبادگران ايران,1,750,35602500,49960,47470,47470,-2490,-4.98,49950,-10,-0.02,47470,47470,1400-5-13,2021-08-04
816,تملي708,تسهيلات مسكن ب. ملي-آبان97,1,14,12075070,907900,862505,862505,-45395,-5,862505,-45395,-5,862505,862505,1400-5-13,2021-08-04
817,شكف,كف,1,300,29223900,99401,97413,97413,-1988,-2,99395,-6,-0.01,97413,97413,1400-5-13,2021-08-04
818,شرانل2,نفت ايرانول,1,934050,46615633350,49186,49907,49907,721,1.47,49907,721,1.47,49907,49907,1400-5-13,2021-08-04
819,ضملت8045,اختيارخ وبملت-5934-1400/08/19,1,100,10000000,160,100,100,-60,-37.5,100,-60,-37.5,100,100,1400-5-13,2021-08-04
820,شوينده2,مديريت صنعت شوينده ت.ص.بهشهر,1,1150608,26072777280,22650,22660,22660,10,0.04,22660,10,0.04,22660,22660,1400-5-13,2021-08-04
821,كرماشا2,صنايع پتروشيمي كرمانشاه,1,1007597,43921153230,42580,43590,43590,1010,2.37,43590,1010,2.37,43590,43590,1400-5-13,2021-08-04
822,ضملي7007,اختيارخ فملي-19720-1400/07/11,1,1,100000,1,100,100,99,9900,100,99,9900,100,100,1400-5-13,2021-08-04
823,افران2,صندوق س افرا نماد پايدار-ثابت,1,2700000,2700000,13929,1,1,-13928,-99.99,1,-13928,-99.99,1,1,1400-5-13,2021-08-04
824,بفجر2,فجر انرژي خليج فارس,1,1755350,42935861000,23710,24460,24460,750,3.16,24460,750,3.16,24460,24460,1400-5-13,2021-08-04
825,اخزا813,اسنادخزانه-م13بودجه98-010219,1,5829,5042085000,864277,865000,865000,723,0.08,865000,723,0.08,865000,865000,1400-5-13,2021-08-04
826,اخزا810,اسنادخزانه-م10بودجه98-001006,1,30,27930000,926524,931000,931000,4476,0.48,931000,4476,0.48,931000,931000,1400-5-13,2021-08-04
827,شگويا2,پتروشيمي تندگويان,1,3702690,43465877910,11286,11739,11739,453,4.01,11739,453,4.01,11739,11739,1400-5-13,2021-08-04
828,اراد43,مرابحه عام دولت4-ش.خ 0205,1,100,94999900,930000,949999,949999,19999,2.15,949999,19999,2.15,949999,949999,1400-5-13,2021-08-04
829,ضغدر8059,اختيارخ وغدير-12000-1400/08/26,1,10,35000000,2800,3500,3500,700,25,3500,700,25,3500,3500,1400-5-13,2021-08-04
830,اراد49,مرابحه عام دولت4-ش.خ 0206,1,100,96500000,945000,965000,965000,20000,2.12,965000,20000,2.12,965000,965000,1400-5-13,2021-08-04
831,تسه00042,امتيازتسهيلات مسكن تير1400,1,2,20,603383,10,10,-603373,-100,10,-603373,-100,10,10,1400-5-13,2021-08-04
832,تملي807,تسهيلات مسكن ب. ملي-مهر98,1,6,5088000,891167,848000,848000,-43167,-4.84,848000,-43167,-4.84,848000,848000,1400-5-13,2021-08-04
833,تملي702,تسهيلات مسكن ب. ملي-ارديبهشت97,1,26,12264954,449266,471729,471729,22463,5,471729,22463,5,471729,471729,1400-5-13,2021-08-04
834,پست0008پ09,پسته بادامي30-28مه ولات0008(پ),1,3,5670000,1800000,1890000,1890000,90000,5,1890000,90000,5,1890000,1890000,1400-5-13,2021-08-04
835,وبوعلي2,سرمايه‌گذاري‌بوعلي‌,1,149900000,615039700000,4091,4103,4103,12,0.29,4103,12,0.29,4103,4103,1400-5-13,2021-08-04
836,صخود412,ص مرابحه خودرو412- 3ماهه 18%,1,69,69344931,1000000,1004999,1004999,4999,0.5,1004999,4999,0.5,1004999,1004999,1400-5-13,2021-08-04
837,تسه99092,امتياز تسهيلات مسكن آذر99,1,7,70,602815,10,10,-602805,-100,10,-602805,-100,10,10,1400-5-13,2021-08-04
838,آريان2,سرمايه گذاري پارس آريان,1,18000000,288000000000,15338,16000,16000,662,4.32,16000,662,4.32,16000,16000,1400-5-13,2021-08-04
839,تسه99112,امتياز تسهيلات مسكن بهمن99,1,5,50,602024,10,10,-602014,-100,10,-602014,-100,10,10,1400-5-13,2021-08-04
840,كباده,توليد خاك نسوزاستقلال آباده,1,6,55524,8985,9254,9254,269,2.99,8985,0,0,9254,9254,1400-5-13,2021-08-04
841,تسه99072,امتياز تسهيلات مسكن مهر99,1,5,50,601458,10,10,-601448,-100,10,-601448,-100,10,10,1400-5-13,2021-08-04
842,كمند2,صندوق س. با درآمد ثابت كمند,1,12000000,12000000,10154,1,1,-10153,-99.99,1,-10153,-99.99,1,1,1400-5-13,2021-08-04
843,اراد76,مرابحه عام دولت76-ش.خ030406,1,1000,920000000,935000,920000,920000,-15000,-1.6,920000,-15000,-1.6,920000,920000,1400-5-13,2021-08-04
844,كشم0006پ02,كشمش تيزابي0006تاكستان(پ),1,22,5054038,229729,229729,229729,0,0,229729,0,0,229729,229729,1400-5-13,2021-08-04
845,ضپنا8003,اختيارخ رمپنا-15850-1400/08/05,1,16,64800000,4000,4050,4050,50,1.25,4050,50,1.25,4050,4050,1400-5-13,2021-08-04
846,صشستا112,صكوك اجاره شستا112-6ماهه18%,1,10,9029480,859951,902948,902948,42997,5,902948,42997,5,902948,902948,1400-5-13,2021-08-04
847,زكوثر4,سرمايه گذاري كشاورزي كوثر,1,12000000,207360000000,17430,17280,17280,-150,-0.86,17280,-150,-0.86,17280,17280,1400-5-13,2021-08-04
848,سرو2,صندوق س سروسودمند مدبران-سهام,1,100000,100000,72780,1,1,-72779,-100,1,-72779,-100,1,1,1400-5-13,2021-08-04
849,مبين015,اجاره اعتماد مبين تمدن011019,1,1000,994500000,1000000,994500,994500,-5500,-0.55,994500,-5500,-0.55,994500,994500,1400-5-13,2021-08-04
850,حريل02,اجاره ريل پردازسير021212,1,615,575332500,940889,935500,935500,-5389,-0.57,935500,-5389,-0.57,935500,935500,1400-5-13,2021-08-04
851,گكيش,توريستي ورفاهي آبادگران كيش,1,128,5901696,47532,46107,46107,-1425,-3,47531,-1,0,46107,46107,1400-5-13,2021-08-04
852,هفجر102,اختيارف ت بفجر8626-01/02/11,1,7,7,1,1,1,0,0,1,0,0,1,1,1400-5-13,2021-08-04
853,اراد61,مرابحه عام دولت61-ش.خ0309,1,20000,20000020000,1000001,1000001,1000001,0,0,1000001,0,0,1000001,1000001,1400-5-13,2021-08-04
854,طصاد8032,اختيارف وبصادر-1989-1400/08/12,1,30,1500000,50,50,50,0,0,50,0,0,50,50,1400-5-13,2021-08-04
855,تسه00022,امتيازتسهيلاتمسكن ارديبهشت1400,1,4,40,606079,10,10,-606069,-100,10,-606069,-100,10,10,1400-5-13,2021-08-04
856,تسه99122,امتياز تسهيلات مسكن اسفند99,1,3,30,603886,10,10,-603876,-100,10,-603876,-100,10,10,1400-5-13,2021-08-04
857,ثروت,ص.خ.ثروت آفرين فيروزه 35%تاديه,1,1000,232200000,232000,232200,232200,200,0.09,232200,200,0.09,232200,232200,1400-5-13,2021-08-04
858,زير0103پ01,زيره سبز0103كيميابذر(پ),1,100,75500000,726628,755000,755000,28372,3.9,755000,28372,3.9,755000,755000,1400-5-13,2021-08-04
859,تسه99102,امتياز تسهيلات مسكن دي99,1,7,70,604787,10,10,-604777,-100,10,-604777,-100,10,10,1400-5-13,2021-08-04
860,تابان04,اجاره تابان سپهر14031126,1,10,10015620,1001562,1001562,1001562,0,0,1001562,0,0,1001562,1001562,1400-5-13,2021-08-04
861,ميدكو2,توسعه معادن وص.معدني خاورميانه,1,6700000,288100000000,41990,43000,43000,1010,2.41,43000,1010,2.41,43000,43000,1400-5-13,2021-08-04
862,سلامت64,مرابحه سلامت6واجدشرايط خاص1400,1,210000,210000000000,1000000,1000000,1000000,0,0,1000000,0,0,1000000,1000000,1400-5-13,2021-08-04
863,اخزا9072,اسنادخزانه-م7بودجه99-020704,1,169037,112916716000,665052,668000,668000,2948,0.44,668000,2948,0.44,668000,668000,1400-5-13,2021-08-04
864,ونوين2,بانك‌اقتصادنوين‌,1,12628554,60377116674,4752,4781,4781,29,0.61,4781,29,0.61,4781,4781,1400-5-13,2021-08-04
865,زعف0008پ12,زعفران0008پوشالمعمول سحرخيز(پ),1,200,21500000,105500,107500,107500,2000,1.9,107500,2000,1.9,107500,107500,1400-5-13,2021-08-04
866,افاد1,منفعت دولت-با شرايط خاص140006,1,200,198002000,1000000,990010,990010,-9990,-1,990010,-9990,-1,990010,990010,1400-5-13,2021-08-04
867,تسه00012,امتيازتسهيلات مسكن فروردين1400,1,6,60,608289,10,10,-608279,-100,10,-608279,-100,10,10,1400-5-13,2021-08-04
868,پارس4,پتروشيمي پارس,1,31452935,5727579463500,182100,182100,182100,0,0,182100,0,0,182100,182100,1400-5-13,2021-08-04
869,سلامت6,مرابحه سلامت6واجدشرايط خاص1400,1,10000,10000000000,1000000,1000000,1000000,0,0,1000000,0,0,1000000,1000000,1400-5-13,2021-08-04
870,قهكمت2,قندهكمتان‌,1,2500000,91000000000,34670,36400,36400,1730,4.99,36400,1730,4.99,36400,36400,1400-5-13,2021-08-04
871,ضملت8039,اختيارخ وبملت-2434-1400/08/19,1,1,1700000,1775,1700,1700,-75,-4.23,1700,-75,-4.23,1700,1700,1400-5-13,2021-08-04
872,ثقزوي,شركت عمران و سازندگي قزوين,1,331,9962107,31681,30097,30097,-1584,-5,31679,-2,-0.01,30097,30097,1400-5-13,2021-08-04
873,ضپيك7040,اختيارخ تاپيكو-6070-00/07/18,1,14,106680000,6900,7620,7620,720,10.43,7620,720,10.43,7620,7620,1400-5-13,2021-08-04
874,تيپيكوح2,ح . سرمايه گذاري دارويي تامين,1,1908976,30734513600,15330,16100,16100,770,5.02,16100,770,5.02,16100,16100,1400-5-13,2021-08-04
875,سنفت001,سلف موازي استاندارد سنفت001,1,16960,20008984000,1179775,1179775,1179775,0,0,1179775,0,0,1179775,1179775,1400-5-13,2021-08-04
876,ضغدر8057,اختيارخ وغدير-9000-1400/08/26,1,5,35000000,6320,7000,7000,680,10.76,7000,680,10.76,7000,7000,1400-5-13,2021-08-04
877,شپديس2,پتروشيمي پرديس,1,315000,46179000000,142000,146600,146600,4600,3.24,146600,4600,3.24,146600,146600,1400-5-13,2021-08-04
878,تسه99082,امتياز تسهيلات مسكن آبان99,1,7,70,603701,10,10,-603691,-100,10,-603691,-100,10,10,1400-5-13,2021-08-04
879,ضغدر8060,اختيارخ وغدير-14000-1400/08/26,1,1,1550000,1500,1550,1550,50,3.33,1550,50,3.33,1550,1550,1400-5-13,2021-08-04
880,پادا2,صندوق س.پاداش سرمايه پارس-س,1,130000,130000,111134,1,1,-111133,-100,1,-111133,-100,1,1,1400-5-13,2021-08-04
881,ضچاد7035,اختيارخ كچاد-25870-1400/07/04,1,5,34000000,5500,6800,6800,1300,23.64,6800,1300,23.64,6800,6800,1400-5-13,2021-08-04
882,مشهد0012,مشاركت شهرداري مشهد-3ماهه20%,1,50,49500000,990000,990000,990000,0,0,990000,0,0,990000,990000,1400-5-13,2021-08-04
883,صنفت312,صكوك منفعت نفت312-6ماهه 18/5%,1,9,8820000,1000000,980000,980000,-20000,-2,980000,-20000,-2,980000,980000,1400-5-13,2021-08-04
884,تملي612,تسهيلات مسكن بانك ملي-اسفند96,1,1,660000,689039,660000,660000,-29039,-4.21,660000,-29039,-4.21,660000,660000,1400-5-13,2021-08-04
885,ضفار8052,اختيارخ فارس-9400-1400/08/05,1,1,4000000,2950,4000,4000,1050,35.59,4000,1050,35.59,4000,4000,1400-5-13,2021-08-04
886,اخزا819,اسنادخزانه-م19بودجه98-020322,1,500,367076000,730500,734152,734152,3652,0.5,734152,3652,0.5,734152,734152,1400-5-13,2021-08-04
887,اراد454,مرابحه عام دولت4-ش.خ 0107,1,1145000,1099200000000,950000,960000,960000,10000,1.05,960000,10000,1.05,960000,960000,1400-5-13,2021-08-04
888,طخود7076,اختيارف خودرو-2500-1400/07/07,1,10,3500000,350,350,350,0,0,350,0,0,350,350,1400-5-13,2021-08-04
889,زماهان,مجتمع توليد گوشت مرغ ماهان,1,320,5044800,16594,15765,15765,-829,-5,16594,0,0,15765,15765,1400-5-13,2021-08-04
