,نماد,نام,تعداد,حجم,ارزش,دیروز,اولین,آخرین معامله - مقدار,آخرین معامله - تغییر,آخرین معامله - درصد,قیمت پایانی - مقدار,قیمت پایانی - تغییر,قیمت پایانی - درصد,کمترین,بیشترین,تاریخ,gregorian_date
0,سپيد,سپيد ماكيان,53940,3347888,102981034880,29300,30760,30760,1460,4.98,30760,1460,4.98,30760,30760,1400-5-10,2021-08-01
1,لطيف,محصولات كاغذي لطيف,29489,4446318,258847005968,60375,61510,57357,-3018,-5,58216,-2159,-3.58,57357,61575,1400-5-10,2021-08-01
2,فملي,ملي‌ صنايع‌ مس‌ ايران‌,23775,118858503,1615093803780,13540,13760,13420,-120,-0.89,13590,50,0.37,13410,13870,1400-5-10,2021-08-01
3,بركت,گروه دارويي بركت,21711,37308272,1400121634700,38930,39000,37050,-1880,-4.83,37530,-1400,-3.6,36990,39000,1400-5-10,2021-08-01
4,شستا,سرمايه گذاري تامين اجتماعي,19126,69665255,878620898340,12700,12850,12480,-220,-1.73,12610,-90,-0.71,12430,12880,1400-5-10,2021-08-01
5,خودرو,ايران‌ خودرو,18210,478794976,963982252009,2024,1996,1985,-39,-1.93,2013,-11,-0.54,1978,2069,1400-5-10,2021-08-01
6,پالايش,صندوق پالايشي يكم-سهام,18119,12195157,848746791430,70320,70400,69380,-940,-1.34,69600,-720,-1.02,69330,70410,1400-5-10,2021-08-01
7,گدنا,تهيه توزيع غذاي دنا آفرين فدك,17698,11649772,230703124986,19412,19270,20382,970,5,19803,391,2.01,18442,20382,1400-5-10,2021-08-01
8,ولكار,ليزينگ كارآفرين,16567,23054144,97717498134,4192,4290,4250,58,1.38,4239,47,1.12,4090,4300,1400-5-10,2021-08-01
9,بوعلي,پتروشيمي بوعلي سينا,15742,12237638,711092515020,60310,61390,58030,-2280,-3.78,58110,-2200,-3.65,57300,61390,1400-5-10,2021-08-01
10,آريا,پليمر آريا ساسول,14852,11252126,1162760551226,99043,103995,102470,3427,3.46,103337,4294,4.34,101116,103995,1400-5-10,2021-08-01
11,فگستر,گسترش صنايع روي ايرانيان,14037,6627549,91815369834,14452,14330,13735,-717,-4.96,13854,-598,-4.14,13730,14530,1400-5-10,2021-08-01
12,ومدير,گ.مديريت ارزش سرمايه ص ب كشوري,13285,43569890,188103104943,4291,4360,4260,-31,-0.72,4317,26,0.61,4252,4398,1400-5-10,2021-08-01
13,شپنا,پالايش نفت اصفهان,12883,74081658,892851906370,12180,12300,11920,-260,-2.13,12050,-130,-1.07,11880,12420,1400-5-10,2021-08-01
14,نوري,پتروشيمي نوري,12478,10326955,956674996600,90870,94000,91720,850,0.94,92640,1770,1.95,90010,95000,1400-5-10,2021-08-01
15,خساپا,سايپا,11784,331574923,575770253988,1720,1722,1718,-2,-0.12,1736,16,0.93,1681,1779,1400-5-10,2021-08-01
16,فتوسا,توليد و توسعه سرب روي ايرانيان,11528,7031658,95961994214,14208,14199,13600,-608,-4.28,13647,-561,-3.95,13498,14256,1400-5-10,2021-08-01
17,شتران,پالايش نفت تهران,10853,68005965,618976876600,9330,9330,9000,-330,-3.54,9100,-230,-2.47,8960,9400,1400-5-10,2021-08-01
18,وهامون,سرمايه گذاري هامون صبا,10386,14077501,29506442096,1997,2096,2096,99,4.96,2096,99,4.96,2096,2096,1400-5-10,2021-08-01
19,دارا يكم,صندوق واسطه گري مالي يكم-سهام,10007,5015579,580975888890,117120,117000,115200,-1920,-1.64,115830,-1290,-1.1,115200,117300,1400-5-10,2021-08-01
20,وتجارت,بانك تجارت,9083,228721710,568845354879,2551,2515,2490,-61,-2.39,2487,-64,-2.51,2430,2550,1400-5-10,2021-08-01
21,غكورش,صنعت غذايي كورش,8845,5000195,204084180790,41320,41000,40800,-520,-1.26,40820,-500,-1.21,40600,41200,1400-5-10,2021-08-01
22,خگستر,گسترش‌سرمايه‌گذاري‌ايران‌خودرو,8575,189662762,499777653911,2581,2580,2611,30,1.16,2635,54,2.09,2541,2700,1400-5-10,2021-08-01
23,وبملت,بانك ملت,8538,161992804,597384430063,3742,3742,3671,-71,-1.9,3688,-54,-1.44,3646,3769,1400-5-10,2021-08-01
24,چخزر,صنايع چوب خزر كاسپين,8473,1953937,75618058500,39370,40000,38300,-1070,-2.72,38700,-670,-1.7,37500,40580,1400-5-10,2021-08-01
25,كاما,باما,7850,46271058,543725651020,12200,12120,11590,-610,-5,11750,-450,-3.69,11590,12150,1400-5-10,2021-08-01
26,وپارس,بانك‌پارسيان‌,7837,200331567,572093630883,2744,2790,2841,97,3.53,2856,112,4.08,2704,2881,1400-5-10,2021-08-01
27,اپال,فرآوري معدني اپال كاني پارس,7697,5730585,128021651880,22280,22950,22400,120,0.54,22340,60,0.27,22180,22950,1400-5-10,2021-08-01
28,ذوب,سهامي ذوب آهن  اصفهان,7235,118550751,481654517775,4138,4120,4011,-127,-3.07,4063,-75,-1.81,4000,4155,1400-5-10,2021-08-01
29,زملارد,كشاورزي و دامپروري ملارد شير,7151,2669088,82428139347,29966,29600,30860,894,2.98,30883,917,3.06,29600,31460,1400-5-10,2021-08-01
30,ثبهساز,بهساز كاشانه تهران,6949,57374400,126878867929,2205,2226,2217,12,0.54,2211,6,0.27,2153,2241,1400-5-10,2021-08-01
31,شاراك,پتروشيمي شازند,6907,44303683,1602410742620,34500,36220,36220,1720,4.99,36170,1670,4.84,35500,36220,1400-5-10,2021-08-01
32,شاروم,پتروشيمي اروميه,6782,3191730,48664839055,15326,15479,15200,-126,-0.82,15247,-79,-0.52,15053,15542,1400-5-10,2021-08-01
33,كرمان,س. توسعه و عمران استان كرمان,6609,218973803,284902469611,1312,1318,1290,-22,-1.68,1301,-11,-0.84,1286,1329,1400-5-10,2021-08-01
34,ثاميد,توسعه و عمران اميد,6501,54596959,95174398853,1727,1770,1750,23,1.33,1743,16,0.93,1716,1778,1400-5-10,2021-08-01
35,وغدير,سرمايه‌گذاري‌غدير(هلدينگ‌,6440,60671343,850352999210,13660,14290,13890,230,1.68,14020,360,2.64,13810,14290,1400-5-10,2021-08-01
36,كزغال,زغال سنگ پروده طبس,6261,3194459,112203193813,35116,35980,35150,34,0.1,35124,8,0.02,34520,35980,1400-5-10,2021-08-01
37,شگويا,پتروشيمي تندگويان,6257,30921662,348531298953,11476,11500,11190,-286,-2.49,11271,-205,-1.79,11134,11570,1400-5-10,2021-08-01
38,هاي وب,داده گسترعصرنوين-هاي وب,6151,105347341,950633574280,8630,8420,9060,430,4.98,9020,390,4.52,8420,9060,1400-5-10,2021-08-01
39,كمند,صندوق س. با درآمد ثابت كمند,5925,258484489,2621639660481,10137,10142,10143,6,0.06,10142,5,0.05,10142,10144,1400-5-10,2021-08-01
40,غزر,صنعتي زر ماكارون,5680,2119240,47944233660,23010,23000,22480,-530,-2.3,22620,-390,-1.69,22460,23180,1400-5-10,2021-08-01
41,ولپارس,ليزينگ پارسيان,5634,11285000,46632861892,3997,4059,4196,199,4.98,4132,135,3.38,3914,4196,1400-5-10,2021-08-01
42,خبهمن,گروه‌بهمن‌,5541,196691739,274092901833,1405,1372,1405,0,0,1394,-11,-0.78,1355,1430,1400-5-10,2021-08-01
43,بپاس,بيمه پاسارگاد,5520,8760215,550737294814,60143,63150,62490,2347,3.9,62868,2725,4.53,60746,63150,1400-5-10,2021-08-01
44,رافزا,رايان هم افزا,5290,1038501,78149694708,76468,76000,75001,-1467,-1.92,75252,-1216,-1.59,75000,77000,1400-5-10,2021-08-01
45,حكشتي,كشتيراني جمهوري اسلامي ايران,5129,16946038,280806928090,17020,17020,16320,-700,-4.11,16570,-450,-2.64,16170,17140,1400-5-10,2021-08-01
46,سيتا,سرمايه گذاري سيمان تامين,5061,8032414,116303799330,14690,14690,14310,-380,-2.59,14480,-210,-1.43,14150,14690,1400-5-10,2021-08-01
47,وكبهمن,مديريت سرمايه گذاري كوثربهمن,5017,990986,10741262523,10787,10830,10802,15,0.14,10824,37,0.34,10730,11000,1400-5-10,2021-08-01
48,البرز,بيمه البرز,5015,172906624,470692146621,2610,2700,2740,130,4.98,2722,112,4.29,2587,2740,1400-5-10,2021-08-01
49,آسيا,بيمه آسيا,4950,198133352,397226531857,1913,2008,2006,93,4.86,2005,92,4.81,1969,2008,1400-5-10,2021-08-01
50,وسپهر,سرمايه گذاري مالي سپهرصادرات,4931,9851173,91814121627,9319,9320,9320,1,0.01,9320,1,0.01,9320,9323,1400-5-10,2021-08-01
51,ميدكو,توسعه معادن وص.معدني خاورميانه,4874,12428476,491730519360,37800,39400,39690,1890,5,39560,1760,4.66,38500,39690,1400-5-10,2021-08-01
52,فارس,صنايع پتروشيمي خليج فارس,4741,50940951,562733822200,10820,11190,10960,140,1.29,11050,230,2.13,10830,11230,1400-5-10,2021-08-01
53,وبصادر,بانك صادرات ايران,4547,106029631,218628034914,2095,2100,2050,-45,-2.15,2062,-33,-1.58,2041,2110,1400-5-10,2021-08-01
54,كساوه,صنايع‌ كاشي‌ و سراميك‌ سينا,4462,11218457,563669780240,50570,48050,50660,90,0.18,50240,-330,-0.65,48050,52580,1400-5-10,2021-08-01
55,آبادا,توليد نيروي برق آبادان,4457,2211854,29131000220,13150,13000,12990,-160,-1.22,13170,20,0.15,12880,13500,1400-5-10,2021-08-01
56,اخابر,مخابرات ايران,4424,58364427,536319021840,8800,8820,9080,280,3.18,9190,390,4.43,8700,9240,1400-5-10,2021-08-01
57,كدماح,ح . معدني‌ دماوند,4366,10426181,1260226829380,111170,122280,122280,11110,9.99,120870,9700,8.73,116280,122280,1400-5-10,2021-08-01
58,بپيوند,برق و انرژي پيوندگستر پارس,4267,3316714,36529456756,11199,11100,10918,-281,-2.51,11014,-185,-1.65,10900,11200,1400-5-10,2021-08-01
59,خزر,فنرسازي‌زر,4242,12000770,221136514850,17990,18030,18200,210,1.17,18430,440,2.45,17540,18810,1400-5-10,2021-08-01
60,امين يكم,صندوق درآمد ثابت امين يكم فردا,4204,146079092,1464869732225,10023,10029,10022,-1,-0.01,10028,5,0.05,10019,10033,1400-5-10,2021-08-01
61,ومعادن,توسعه‌معادن‌وفلزات‌,4026,46361009,511135622650,10890,11100,11020,130,1.19,11030,140,1.29,10610,11310,1400-5-10,2021-08-01
62,امين,تامين سرمايه امين,3962,1700982,12930707090,7570,7600,7600,30,0.4,7580,10,0.13,7580,7620,1400-5-10,2021-08-01
63,خپارس,پارس‌ خودرو,3868,145818635,169106652205,1151,1170,1146,-5,-0.43,1160,9,0.78,1141,1189,1400-5-10,2021-08-01
64,وخارزم,سرمايه گذاري خوارزمي,3810,28762696,171558211450,5980,6100,5930,-50,-0.84,5960,-20,-0.33,5800,6100,1400-5-10,2021-08-01
65,بگيلان,توسعه مسير برق گيلان,3788,655126,13000866106,20409,20040,19980,-429,-2.1,20194,-215,-1.05,19716,20100,1400-5-10,2021-08-01
66,كچاد,معدني‌وصنعتي‌چادرملو,3753,9309882,266402259910,28640,28190,28330,-310,-1.08,28610,-30,-0.1,28190,29110,1400-5-10,2021-08-01
67,پترول,گ.س.وت.ص.پتروشيمي خليج فارس,3752,40878225,405768487960,9500,9750,9970,470,4.95,9930,430,4.53,9680,9970,1400-5-10,2021-08-01
68,كگل,معدني و صنعتي گل گهر,3727,15408698,339364109710,21900,22840,22070,170,0.78,22020,120,0.55,21700,22840,1400-5-10,2021-08-01
69,فخوز,فولاد  خوزستان,3612,15977638,262715495410,16490,16700,16350,-140,-0.85,16440,-50,-0.3,16210,16770,1400-5-10,2021-08-01
70,فروي,ذوب روي اصفهان,3522,3915232,128091216996,32991,33810,32000,-991,-3,32716,-275,-0.83,31911,33990,1400-5-10,2021-08-01
71,وگستر,گسترش سرمايه گذاري ايرانيان,3489,15804345,194104356349,11947,12150,12090,143,1.2,12282,335,2.8,11899,12544,1400-5-10,2021-08-01
72,تاپيكو,س. نفت و گاز و پتروشيمي تأمين,3443,23375687,332696543630,14310,14490,14250,-60,-0.42,14230,-80,-0.56,14090,14530,1400-5-10,2021-08-01
73,غگل,گلوكوزان‌,3388,34585378,125635940879,3699,3680,3562,-137,-3.7,3633,-66,-1.78,3515,3750,1400-5-10,2021-08-01
74,پيزد,مجتمع صنايع لاستيك يزد,3365,923172,66681975745,70694,72000,73260,2566,3.63,72231,1537,2.17,70825,74104,1400-5-10,2021-08-01
75,وپويا,سرمايه گذاري پويا,3346,6003778,26788345829,4507,4590,4470,-37,-0.82,4462,-45,-1,4387,4590,1400-5-10,2021-08-01
76,غنوش,نوش‌ مازندران‌,3241,5518206,203703961690,35680,35200,37460,1780,4.99,36910,1230,3.45,34170,37460,1400-5-10,2021-08-01
77,تسه0004,امتيازتسهيلات مسكن تير1400,3201,81779,48832739795,590242,605000,600000,9758,1.65,597131,6889,1.17,587000,605000,1400-5-10,2021-08-01
78,وسرضوي,س.سهام عدالت استان خراسان رضوي,3130,162068680,134253361041,869,826,826,-43,-4.95,828,-41,-4.72,826,898,1400-5-10,2021-08-01
79,فجر,فولاد اميركبيركاشان,3081,22595837,691681875650,32210,30600,30600,-1610,-5,30610,-1600,-4.97,30600,31990,1400-5-10,2021-08-01
80,غگلپا,شير پاستوريزه پگاه گلپايگان,3077,6126600,450295494232,72909,71950,73600,691,0.95,73498,589,0.81,71950,76490,1400-5-10,2021-08-01
81,كبافق,معادن‌ بافق‌,3069,3694451,133712538650,36220,36200,37300,1080,2.98,36190,-30,-0.08,34410,37900,1400-5-10,2021-08-01
82,پتاير,ايران‌ تاير,3050,66894913,199110934014,2891,2918,2960,69,2.39,2976,85,2.94,2876,3035,1400-5-10,2021-08-01
83,ارفع,شركت آهن و فولاد ارفع,3027,14970842,240732704813,15529,16300,15998,469,3.02,16080,551,3.55,15724,16300,1400-5-10,2021-08-01
84,شفارس,صنايع‌ شيميايي‌ فارس‌,3021,108775509,210493238212,1845,1928,1937,92,4.99,1935,90,4.88,1883,1937,1400-5-10,2021-08-01
85,لپارس,پارس‌ الكتريك‌,3015,1852328,121895047370,68540,67200,66500,-2040,-2.98,65810,-2730,-3.98,65120,68370,1400-5-10,2021-08-01
86,حتايد,تايدواترخاورميانه,2971,40729881,1110602592560,26160,26920,27460,1300,4.97,27270,1110,4.24,26410,27460,1400-5-10,2021-08-01
87,شفن,پتروشيمي فناوران,2945,575831,202809088500,346760,363000,352780,6020,1.74,352200,5440,1.57,341920,363000,1400-5-10,2021-08-01
88,نطرين,عطرين نخ قم,2925,12192167,108605692520,9317,9200,8852,-465,-4.99,8908,-409,-4.39,8852,9451,1400-5-10,2021-08-01
89,ثنوسا,نوسازي‌وساختمان‌تهران‌,2914,38439613,338980642330,8400,8820,8820,420,5,8820,420,5,8700,8820,1400-5-10,2021-08-01
90,فاراكح,ح . ماشين‌ سازي‌ اراك‌,2906,52757120,47026714035,899,900,887,-12,-1.33,891,-8,-0.89,861,915,1400-5-10,2021-08-01
91,وبانك,سرمايه گذاري گروه توسعه ملي,2888,34039727,292639890310,8310,8500,8470,160,1.93,8600,290,3.49,8300,8720,1400-5-10,2021-08-01
92,شغدير,پتروشيمي غدير,2864,3387608,272161070150,79080,80000,79920,840,1.06,80340,1260,1.59,78140,82890,1400-5-10,2021-08-01
93,فجام,جام‌دارو,2815,20723714,150085817270,6980,7270,7050,70,1,7240,260,3.72,7020,7320,1400-5-10,2021-08-01
94,كوير,توليدي فولاد سپيد فراب كوير,2684,13015232,186725180930,13850,14130,14150,300,2.17,14350,500,3.61,13850,14540,1400-5-10,2021-08-01
95,طلا,صندوق س.پشتوانه طلاي لوتوس,2678,2798780,231545014201,83437,83920,81900,-1537,-1.84,82731,-706,-0.85,81500,84600,1400-5-10,2021-08-01
96,ساوه,سيمان ساوه,2660,2872714,174165622689,58291,59840,61205,2914,5,60628,2337,4.01,57000,61205,1400-5-10,2021-08-01
97,كيان,صندوق س. با درآمد ثابت كيان,2642,39145660,1162282977181,29675,29692,29692,17,0.06,29691,16,0.05,29688,29695,1400-5-10,2021-08-01
98,بترانس,ايران‌ ترانسفو,2501,48276382,111203117577,2278,2279,2295,17,0.75,2303,25,1.1,2250,2355,1400-5-10,2021-08-01
99,شيران,س. صنايع‌شيميايي‌ايران,2488,7399382,193912330320,25630,26600,25890,260,1.01,26210,580,2.26,25760,26780,1400-5-10,2021-08-01
100,دلقما,دارويي‌ لقمان‌,2476,5588764,219430682310,41040,39000,38990,-2050,-5,39260,-1780,-4.34,38990,40300,1400-5-10,2021-08-01
101,صبا,سرمايه گذاري صبا تامين,2473,11075032,96448364450,8846,8987,8700,-146,-1.65,8736,-110,-1.24,8610,9090,1400-5-10,2021-08-01
102,غچين,كشت‌ و صنعت‌ چين‌ چين,2451,9838971,193165749380,18820,19070,19300,480,2.55,19630,810,4.3,19070,19760,1400-5-10,2021-08-01
103,ومهان,گروه توسعه مالي مهر آيندگان,2435,21004854,317307717919,14811,15100,14700,-111,-0.75,15106,295,1.99,14510,15549,1400-5-10,2021-08-01
104,آگاس,صندوق س.هستي بخش آگاه-س,2429,2153696,168548999122,76582,77914,78118,1536,2.01,78260,1678,2.19,77396,78900,1400-5-10,2021-08-01
105,خمحركه,نيرو محركه‌,2418,41223008,166713874873,3874,3812,4067,193,4.98,4044,170,4.39,3812,4067,1400-5-10,2021-08-01
106,حآسا,آسيا سير ارس,2413,7629707,179626697655,24433,24100,23212,-1221,-5,23543,-890,-3.64,23212,24420,1400-5-10,2021-08-01
107,غگيلا,شيرپاستوريزه پگاه گيلان,2406,3976491,85731387481,20536,21562,21562,1026,5,21560,1024,4.99,21000,21562,1400-5-10,2021-08-01
108,بكهنوج,توليد برق ماهتاب كهنوج,2398,75521149,128655987470,1664,1633,1747,83,4.99,1704,40,2.4,1613,1747,1400-5-10,2021-08-01
109,خكار,ايركا پارت صنعت,2396,6288780,96777024270,15400,14710,15600,200,1.3,15390,-10,-0.06,14710,15950,1400-5-10,2021-08-01
110,حريل,ريل پردازسير,2395,26208159,101656541123,3752,3850,3852,100,2.67,3879,127,3.38,3760,3939,1400-5-10,2021-08-01
111,ختور,رادياتور ايران‌,2347,9672579,187257778420,20100,19600,19100,-1000,-4.98,19360,-740,-3.68,19100,20200,1400-5-10,2021-08-01
112,زاگرس,پتروشيمي زاگرس,2335,802990,180631052265,225516,228375,222500,-3016,-1.34,224948,-568,-0.25,221950,230000,1400-5-10,2021-08-01
113,ثشاهد,سرمايه‌ گذاري‌ شاهد,2293,8652207,118789785280,14180,14100,13600,-580,-4.09,13730,-450,-3.17,13480,14370,1400-5-10,2021-08-01
114,زكوثر,سرمايه گذاري كشاورزي كوثر,2287,5211469,90958200280,17970,18000,17440,-530,-2.95,17450,-520,-2.89,17200,18000,1400-5-10,2021-08-01
115,غشهداب,كشت و صنعت شهداب ناب خراسان,2279,32097853,112406827776,3369,3365,3537,168,4.99,3502,133,3.95,3365,3537,1400-5-10,2021-08-01
116,كنور,توسعه معدني و صنعتي صبانور,2261,3367905,214117378170,62140,65200,62990,850,1.37,63580,1440,2.32,62600,65200,1400-5-10,2021-08-01
117,سبهان,سيمان‌ بهبهان‌,2249,1256279,94651953990,77810,79500,73920,-3890,-5,75340,-2470,-3.17,73920,80000,1400-5-10,2021-08-01
118,ثرود,سرمايه‌گذاري مسكن زاينده رود,2232,8834493,158607841125,17803,18693,17560,-243,-1.36,17953,150,0.84,17000,18693,1400-5-10,2021-08-01
119,حفاري,حفاري شمال,2221,15862679,94884431660,6100,6100,5940,-160,-2.62,5980,-120,-1.97,5850,6190,1400-5-10,2021-08-01
120,شبريز,پالايش نفت تبريز,2200,6847659,223975208770,32900,33000,32710,-190,-0.58,32710,-190,-0.58,32250,33360,1400-5-10,2021-08-01
121,اعتماد,صندوق س.اعتماد آفرين پارسيان-د,2188,55728580,2108912139000,37823,37842,37845,22,0.06,37843,20,0.05,37842,37845,1400-5-10,2021-08-01
122,شصدف,صنعتي دوده فام,2181,6458801,232802056512,34391,36110,35470,1079,3.14,36044,1653,4.81,35000,36110,1400-5-10,2021-08-01
123,فرآور,فرآوري‌موادمعدني‌ايران‌,2155,7359072,239950250930,31120,31400,32380,1260,4.05,32610,1490,4.79,31300,32670,1400-5-10,2021-08-01
124,ثامان,سامان‌ گستراصفهان‌,2138,7137255,104176920560,14690,14200,15200,510,3.47,14600,-90,-0.61,13960,15380,1400-5-10,2021-08-01
125,خزاميا,زامياد,2111,20408359,133840308270,6600,6480,6450,-150,-2.27,6560,-40,-0.61,6400,6740,1400-5-10,2021-08-01
126,فباهنر,مس‌ شهيدباهنر,2075,5835248,156524730140,25740,27000,26440,700,2.72,26820,1080,4.2,26310,27020,1400-5-10,2021-08-01
127,ختوقا,قطعات‌ اتومبيل‌ ايران‌,2058,37181032,84729326559,2207,2190,2276,69,3.13,2279,72,3.26,2150,2316,1400-5-10,2021-08-01
128,فزرين,زرين معدن آسيا,2051,7035689,127194823936,17586,17850,17950,364,2.07,18079,493,2.8,17710,18450,1400-5-10,2021-08-01
129,شپديس,پتروشيمي پرديس,2045,1578528,230425014640,146160,147010,144530,-1630,-1.12,145970,-190,-0.13,144010,147980,1400-5-10,2021-08-01
130,فاسمين,كالسيمين‌,2033,9724979,161139761420,16600,16870,16490,-110,-0.66,16570,-30,-0.18,16200,16920,1400-5-10,2021-08-01
131,خودكفا,اقتصادي و خودكفايي آزادگان,2032,8738873,128933982489,15182,14727,14727,-455,-3,14754,-428,-2.82,14727,15150,1400-5-10,2021-08-01
132,فاراك,ماشين‌ سازي‌ اراك‌,2028,60075286,115761250219,1924,1956,1927,3,0.16,1927,3,0.16,1890,1959,1400-5-10,2021-08-01
133,حتوكا,حمل‌ونقل‌توكا,2018,5195124,101273811280,19660,19660,19590,-70,-0.36,19490,-170,-0.86,18890,20200,1400-5-10,2021-08-01
134,ميهن,بيمه ميهن,1982,19311799,75977450472,4128,4020,3922,-206,-4.99,3934,-194,-4.7,3922,4110,1400-5-10,2021-08-01
135,سمگا,گروه سرمايه گذاري ميراث فرهنگي,1964,14270271,359341710062,24054,24330,25256,1202,5,25181,1127,4.69,24200,25256,1400-5-10,2021-08-01
136,چدن,توليدي چدن سازان,1963,19516847,78484988160,4135,4186,4050,-85,-2.06,4021,-114,-2.76,3970,4186,1400-5-10,2021-08-01
137,قنيشا,قند  نيشابور,1954,2197090,140435009510,63240,65980,63140,-100,-0.16,63920,680,1.08,61700,65980,1400-5-10,2021-08-01
138,سفارس,سيمان فارس و خوزستان,1943,10061173,217815189880,22320,21800,21540,-780,-3.49,21650,-670,-3,21210,22320,1400-5-10,2021-08-01
139,غاذر,كشت‌وصنعت‌پياذر,1940,3417379,96491834850,28400,28020,27580,-820,-2.89,28240,-160,-0.56,27400,29250,1400-5-10,2021-08-01
140,كسرا,سراميك‌هاي‌صنعتي‌اردكان‌,1916,10559235,170152936880,15580,15760,16350,770,4.94,16110,530,3.4,15200,16350,1400-5-10,2021-08-01
141,كاوه,فولاد كاوه جنوب كيش,1904,12810059,236141622260,18510,18790,18390,-120,-0.65,18430,-80,-0.43,18150,18860,1400-5-10,2021-08-01
142,فاهواز,نورد و لوله اهواز,1899,11772194,89889542844,7562,7637,7637,75,0.99,7636,74,0.98,7577,7637,1400-5-10,2021-08-01
143,سرو,صندوق س سروسودمند مدبران-سهام,1888,2002748,143322882880,71130,71690,71400,270,0.38,71560,430,0.6,71070,72000,1400-5-10,2021-08-01
144,ونيكي,سرمايه‌گذاري‌ ملي‌ايران‌,1878,10763787,109085776970,9810,10070,10000,190,1.94,10130,320,3.26,9950,10300,1400-5-10,2021-08-01
145,تاصيكو,سرمايه گذاري صدرتامين,1876,13894885,153883852750,10930,11010,10980,50,0.46,11070,140,1.28,10900,11220,1400-5-10,2021-08-01
146,داسوه,داروسازي‌ اسوه‌,1873,4764660,154227898860,33490,33500,31820,-1670,-4.99,32370,-1120,-3.34,31820,34000,1400-5-10,2021-08-01
147,وساخت,سرمايه‌ گذاري‌ ساختمان‌ايران‌,1871,2451535,121638025230,51830,49600,49240,-2590,-5,49620,-2210,-4.26,49240,51220,1400-5-10,2021-08-01
148,وسكرمان,س.سهام عدالت استان كرمان,1866,121921712,61692386272,482,506,506,24,4.98,506,24,4.98,506,506,1400-5-10,2021-08-01
149,ثاخت,بين‌المللي‌توسعه‌ساختمان,1862,41426949,95233935479,2276,2230,2281,5,0.22,2299,23,1.01,2230,2359,1400-5-10,2021-08-01
150,ونوين,بانك‌اقتصادنوين‌,1838,44780315,211322997301,4648,4650,4702,54,1.16,4719,71,1.53,4631,4776,1400-5-10,2021-08-01
151,دسانكو,داروسازي سبحان انكولوژي,1833,7768074,87972609800,11545,11890,11319,-226,-1.96,11325,-220,-1.91,10970,11890,1400-5-10,2021-08-01
152,فاذر,صنايع‌ آذرآب‌,1801,56496286,71668282428,1273,1273,1256,-17,-1.34,1269,-4,-0.31,1240,1300,1400-5-10,2021-08-01
153,وسخوز,شركت س استان خوزستان,1788,120266953,60013209547,476,499,499,23,4.83,499,23,4.83,499,499,1400-5-10,2021-08-01
154,كدما,معدني‌ دماوند,1777,861312,180901359360,200030,210030,210030,10000,5,210030,10000,5,210030,210030,1400-5-10,2021-08-01
155,كلر,كلر پارس,1775,1127956,118774207247,104793,107150,102132,-2661,-2.54,105300,507,0.48,99554,109490,1400-5-10,2021-08-01
156,حفارس,حمل و نقل بين المللي خليج فارس,1755,18483965,63508592682,3530,3610,3402,-128,-3.63,3436,-94,-2.66,3354,3610,1400-5-10,2021-08-01
157,وصنعت,سرمايه گذاري توسعه صنعت وتجارت,1743,14076303,78817256930,5580,5640,5500,-80,-1.43,5600,20,0.36,5460,5690,1400-5-10,2021-08-01
158,وايران,ليزينگ ايرانيان,1739,10435913,74456046470,7240,7230,7390,150,2.07,7130,-110,-1.52,6900,7480,1400-5-10,2021-08-01
159,غمهرا,توليدي‌مهرام‌,1736,1666383,120822303520,74010,76300,70310,-3700,-5,72510,-1500,-2.03,70310,77690,1400-5-10,2021-08-01
160,تيپيكو,سرمايه گذاري دارويي تامين,1736,4927307,104862498990,21150,21170,21390,240,1.13,21280,130,0.61,20620,21620,1400-5-10,2021-08-01
161,نوين,بيمه نوين,1723,35222848,186940331490,5114,5110,5369,255,4.99,5307,193,3.77,5105,5369,1400-5-10,2021-08-01
162,غبهار,كشت وصنعت بهاران گلبهار خراسان,1722,3757436,66857846152,18598,17670,17910,-688,-3.7,17793,-805,-4.33,17669,18380,1400-5-10,2021-08-01
163,غفارس,شير پاستوريزه پگاه فارس,1699,7711667,120943666606,16239,15700,15920,-319,-1.96,15683,-556,-3.42,15428,16100,1400-5-10,2021-08-01
164,ساربيل,سيمان آرتا اردبيل,1691,1823856,74123384460,42620,41990,40900,-1720,-4.04,40640,-1980,-4.65,40490,42300,1400-5-10,2021-08-01
165,سدور,سيمان‌ دورود,1681,10277028,103655843170,10530,10500,10010,-520,-4.94,10090,-440,-4.18,10010,10500,1400-5-10,2021-08-01
166,همراه,شركت ارتباطات سيار ايران,1674,7979571,74391504740,9210,9280,9390,180,1.95,9280,70,0.76,8930,9630,1400-5-10,2021-08-01
167,وآذر,سرمايه‌گذاري‌توسعه‌آذربايجان‌,1672,2393411,152574055420,61920,62400,65010,3090,4.99,63750,1830,2.96,59010,65010,1400-5-10,2021-08-01
168,سلار,شركت سيمان لارستان,1655,3157279,107665111953,34196,33171,35221,1025,3,34101,-95,-0.28,33171,35221,1400-5-10,2021-08-01
169,سبزوا,سيمان لار سبزوار,1634,22198124,75230054604,3413,3450,3400,-13,-0.38,3389,-24,-0.7,3271,3450,1400-5-10,2021-08-01
170,دتوزيع,توزيع دارو پخش,1633,2639656,76490726962,30208,30000,28698,-1510,-5,28978,-1230,-4.07,28698,30100,1400-5-10,2021-08-01
171,پاكشو,گروه صنعتي پاكشو,1630,12847437,70327968840,5660,5490,5450,-210,-3.71,5540,-120,-2.12,5400,5620,1400-5-10,2021-08-01
172,ولصنم,ليزينگ‌صنعت‌ومعدن‌,1622,8455572,66374330210,7590,7750,7860,270,3.56,7850,260,3.43,7530,7960,1400-5-10,2021-08-01
173,غسالم,سالمين‌,1600,16332615,55108242295,3408,3401,3403,-5,-0.15,3374,-34,-1,3260,3439,1400-5-10,2021-08-01
174,وثوق,سرمايه گذاري وثوق امين,1598,3433397,64163555240,18629,19000,18340,-289,-1.55,18688,59,0.32,18071,19187,1400-5-10,2021-08-01
175,بجهرم,توسعه مولد نيروگاهي جهرم,1595,20699552,50565797438,2451,2450,2450,-1,-0.04,2443,-8,-0.33,2402,2495,1400-5-10,2021-08-01
176,شاوان,پالايش نفت لاوان,1586,1651465,159328222328,100588,101000,95559,-5029,-5,96477,-4111,-4.09,95559,103199,1400-5-10,2021-08-01
177,دماوند,توليد نيروي برق دماوند,1581,3434947,90303190674,26088,26300,25770,-318,-1.22,26290,202,0.77,25610,26800,1400-5-10,2021-08-01
178,پارسان,گسترش نفت و گاز پارسيان,1574,7824938,210912818240,26640,26900,26800,160,0.6,26950,310,1.16,26650,27290,1400-5-10,2021-08-01
179,غپينو,پارس‌ مينو,1567,10748339,59554758040,5380,5440,5510,130,2.42,5540,160,2.97,5390,5630,1400-5-10,2021-08-01
180,ثفارس,عمران‌وتوسعه‌فارس‌,1565,11368841,82300556570,7160,7170,7140,-20,-0.28,7240,80,1.12,7100,7500,1400-5-10,2021-08-01
181,فبيرا,بسته‌ بندي‌ ايران‌,1565,25650280,58890083000,2345,2300,2301,-44,-1.88,2296,-49,-2.09,2275,2414,1400-5-10,2021-08-01
182,زشريف,كشت وصنعت شريف آباد,1550,12461987,62502073709,4993,5200,5008,15,0.3,5015,22,0.44,4800,5200,1400-5-10,2021-08-01
183,كاذر,فرآورده‌هاي‌نسوزآذر,1547,10634700,165820421930,14960,15560,15630,670,4.48,15590,630,4.21,14820,15700,1400-5-10,2021-08-01
184,ديران,ايران‌دارو,1547,8107316,139092291110,16460,16800,17280,820,4.98,17160,700,4.25,16700,17280,1400-5-10,2021-08-01
185,شخارك,پتروشيمي‌ خارك‌,1546,2451389,116362762940,47490,48940,46520,-970,-2.04,47470,-20,-0.04,45800,49840,1400-5-10,2021-08-01
186,قشكر,شكرشاهرود,1521,31868753,97757545398,2927,3073,3073,146,4.99,3068,141,4.82,3000,3073,1400-5-10,2021-08-01
187,بكام,كارخانجات توليدي شهيد قندي,1518,17652041,44525306779,2576,2590,2511,-65,-2.52,2522,-54,-2.1,2480,2610,1400-5-10,2021-08-01
188,خكاوه,سايپا ديزل,1512,28485105,118505233719,4274,4150,4146,-128,-2.99,4160,-114,-2.67,4146,4274,1400-5-10,2021-08-01
189,زفكا,كشت و دامداري فكا,1504,4694557,57210361522,12632,12400,12001,-631,-5,12187,-445,-3.52,12001,12650,1400-5-10,2021-08-01
190,رمپنا,گروه مپنا (سهامي عام),1500,8192430,150021655850,18070,18840,18170,100,0.55,18310,240,1.33,18070,18840,1400-5-10,2021-08-01
191,شپترو,پتروشيمي آبادان,1500,34134302,154797463209,4664,4650,4526,-138,-2.96,4535,-129,-2.77,4525,4650,1400-5-10,2021-08-01
192,زمگسا,كشاورزي‌ ودامپروي‌ مگسال‌,1488,2309025,59351677380,25350,25700,25740,390,1.54,25700,350,1.38,24620,26120,1400-5-10,2021-08-01
193,ولساپا,ليزينگ رايان‌ سايپا,1468,33958514,94466418000,2667,2688,2800,133,4.99,2782,115,4.31,2680,2800,1400-5-10,2021-08-01
194,دسبحان,سبحان دارو,1460,2533462,49993326720,18980,19920,19680,700,3.69,19730,750,3.95,19410,19920,1400-5-10,2021-08-01
195,فسپا,گروه‌صنعتي‌سپاهان‌,1458,3108177,131669065020,40750,41000,42780,2030,4.98,42360,1610,3.95,41000,42780,1400-5-10,2021-08-01
196,تكنار,مجتمع معادن مس تكنار,1441,1077180,107005731220,102753,97616,97621,-5132,-4.99,99339,-3414,-3.32,97616,104000,1400-5-10,2021-08-01
197,خرينگ,رينگ‌سازي‌مشهد,1416,1764043,56286280070,31440,30860,31580,140,0.45,31910,470,1.49,30860,32500,1400-5-10,2021-08-01
198,تليسه,دامداري تليسه نمونه,1415,16036485,52991742980,3299,3310,3325,26,0.79,3304,5,0.15,3250,3397,1400-5-10,2021-08-01
199,پارند,صندوق س. پارند پايدار سپهر,1414,62879202,708435491835,11260,11267,11267,7,0.06,11267,7,0.06,11266,11268,1400-5-10,2021-08-01
200,تملت,تامين سرمايه بانك ملت,1411,5449927,24727067146,4602,4602,4497,-105,-2.28,4537,-65,-1.41,4450,4680,1400-5-10,2021-08-01
201,حسير,ريل سير كوثر,1401,4544373,108559205593,23014,24000,23150,136,0.59,23889,875,3.8,23075,24160,1400-5-10,2021-08-01
202,جم پيلن,پلي پروپيلن جم - جم پيلن,1387,1261555,124649234250,95570,99980,97160,1590,1.66,98810,3240,3.39,96790,99990,1400-5-10,2021-08-01
203,ثغرب,شركت سرمايه گذاري مسكن شمالغرب,1381,8301059,46486988270,5547,5600,5663,116,2.09,5600,53,0.96,5500,5747,1400-5-10,2021-08-01
204,ثعمرا,عمران و توسعه شاهد,1375,5891696,58975896485,9771,9811,10080,309,3.16,10010,239,2.45,9811,10150,1400-5-10,2021-08-01
205,دتوليد,داروسازي توليد دارو,1363,4853206,66649679784,14241,14390,13819,-422,-2.96,13733,-508,-3.57,13581,14390,1400-5-10,2021-08-01
206,غپاك,لبنيات‌ پاك‌,1356,2945542,51632025120,17360,17200,17670,310,1.79,17530,170,0.98,16700,18000,1400-5-10,2021-08-01
207,مفاخر,توسعه فناوري اطلاعات خوارزمي,1354,1116059,44751737247,38528,40150,40454,1926,5,40098,1570,4.07,38500,40454,1400-5-10,2021-08-01
208,ساراب,سيمان‌ داراب‌,1349,6137298,110255883760,18770,18770,18100,-670,-3.57,17960,-810,-4.32,17840,18770,1400-5-10,2021-08-01
209,كروي,توسعه‌ معادن‌ روي‌ ايران‌,1327,4688218,119427241710,24470,25690,25690,1220,4.99,25470,1000,4.09,24470,25690,1400-5-10,2021-08-01
210,شيراز,پتروشيمي‌شيراز,1318,2850643,188192651350,65330,67000,65100,-230,-0.35,66020,690,1.06,64400,68000,1400-5-10,2021-08-01
211,وتوصا,گروه س توسعه صنعتي ايران,1310,5360898,48070268090,8780,9200,8900,120,1.37,8970,190,2.16,8790,9200,1400-5-10,2021-08-01
212,چفيبر,فيبر ايران‌,1310,5988168,43080015040,7020,7080,7140,120,1.71,7190,170,2.42,7000,7350,1400-5-10,2021-08-01
213,وآوا,سرمايه گذاري آوا نوين,1307,7526513,38883076361,5268,5300,5135,-133,-2.52,5166,-102,-1.94,5100,5320,1400-5-10,2021-08-01
214,پكوير,كوير تاير,1306,8507712,119985108830,13530,13920,14200,670,4.95,14100,570,4.21,13450,14200,1400-5-10,2021-08-01
215,وصندوق,سرمايه‌گذاري‌صندوق‌بازنشستگي‌,1304,7581720,124780662660,16320,16800,16420,100,0.61,16460,140,0.86,16030,16960,1400-5-10,2021-08-01
216,زنگان,صنعت روي زنگان,1284,834604,50652525671,60675,61999,59720,-955,-1.57,60690,15,0.02,59301,62600,1400-5-10,2021-08-01
217,پارس,پتروشيمي پارس,1259,867352,150436343890,168450,172500,173190,4740,2.81,173440,4990,2.96,169100,174990,1400-5-10,2021-08-01
218,خاهن,آهنگري‌ تراكتورسازي‌ ايران‌,1254,9405699,74156642710,7580,7640,7940,360,4.75,7880,300,3.96,7490,7950,1400-5-10,2021-08-01
219,وسكرشا,س.سهام عدالت استان كرمانشاه,1248,65327255,54363466891,874,831,831,-43,-4.92,832,-42,-4.81,831,859,1400-5-10,2021-08-01
220,بسويچ,پارس‌سويچ‌,1247,2638395,71651783800,26140,24840,27440,1300,4.97,27160,1020,3.9,24840,27440,1400-5-10,2021-08-01
221,خاذين,سايپاآذين‌,1247,22657407,77817164081,3334,3334,3500,166,4.98,3435,101,3.03,3250,3500,1400-5-10,2021-08-01
222,شپارس,بين‌ المللي‌ محصولات‌  پارس‌,1238,4916862,75004038960,15610,15510,15090,-520,-3.33,15250,-360,-2.31,14830,15870,1400-5-10,2021-08-01
223,فخاس,فولاد خراسان,1233,6205622,139245028690,21460,22000,22530,1070,4.99,22440,980,4.57,21350,22530,1400-5-10,2021-08-01
224,وآرين,شركت توسعه اقتصادي آرين,1226,13453353,38623155194,2950,2945,2870,-80,-2.71,2871,-79,-2.68,2862,2945,1400-5-10,2021-08-01
225,شتوكا,توكا رنگ فولاد سپاهان,1223,2298735,72687725370,30631,31370,32162,1531,5,31621,990,3.23,30660,32162,1400-5-10,2021-08-01
226,بالاس,مهندسي ساختمان تاسيسات راه آهن,1203,1495434,63657720015,41572,42965,43550,1978,4.76,42568,996,2.4,40311,43650,1400-5-10,2021-08-01
227,خمهر,مهركام‌پارس‌,1199,28048501,61679002710,2219,2241,2200,-19,-0.86,2199,-20,-0.9,2122,2269,1400-5-10,2021-08-01
228,وهور,مديريت انرژي اميد  تابان هور,1198,30070825,47867205602,1631,1615,1604,-27,-1.66,1592,-39,-2.39,1574,1638,1400-5-10,2021-08-01
229,دكوثر,داروسازي‌ كوثر,1190,11271083,50066515027,4614,4640,4385,-229,-4.96,4442,-172,-3.73,4384,4640,1400-5-10,2021-08-01
230,سپيدما,صندوق س. سپيد دماوند-د,1189,60786084,655262261105,10774,10779,10780,6,0.06,10780,6,0.06,10779,10784,1400-5-10,2021-08-01
231,دانا,بيمه دانا,1177,7192475,39181228090,5480,5680,5360,-120,-2.19,5450,-30,-0.55,5320,5680,1400-5-10,2021-08-01
232,سخاش,سيمان‌خاش‌,1172,332623,40699323770,121750,126000,119990,-1760,-1.45,122360,610,0.5,118350,127000,1400-5-10,2021-08-01
233,وسپه,سرمايه‌گذاري‌ سپه‌,1170,7832457,67073131780,8430,8490,8750,320,3.8,8560,130,1.54,8260,8810,1400-5-10,2021-08-01
234,ونيرو,سرمايه‌گذاري‌نيرو,1163,19150995,49814766495,2589,2521,2618,29,1.12,2601,12,0.46,2521,2653,1400-5-10,2021-08-01
235,كلوند,كاشي‌ الوند,1161,2518522,58809446140,23050,22630,23890,840,3.64,23350,300,1.3,22500,24070,1400-5-10,2021-08-01
236,سيمرغ,سيمرغ,1157,3317422,58409483140,17960,17640,17730,-230,-1.28,17610,-350,-1.95,17360,17910,1400-5-10,2021-08-01
237,پدرخش,درخشان‌ تهران‌,1152,1962639,46297563090,22640,23580,23400,760,3.36,23590,950,4.2,22700,23770,1400-5-10,2021-08-01
238,تنوين,تامين سرمايه نوين,1146,68813960,480555855220,6930,7010,6900,-30,-0.43,6980,50,0.72,6770,7010,1400-5-10,2021-08-01
239,وساپا,سرمايه‌گذاري‌ سايپا,1139,9376295,46370789742,4914,4991,4911,-3,-0.06,4946,32,0.65,4810,5030,1400-5-10,2021-08-01
240,جم,پتروشيمي جم,1138,2752532,119747086390,42940,44050,43550,610,1.42,43500,560,1.3,42500,44400,1400-5-10,2021-08-01
241,ودي,بيمه  دي,1135,12105091,101860213363,8033,8120,8434,401,4.99,8415,382,4.76,8100,8434,1400-5-10,2021-08-01
242,اميد,تامين سرمايه اميد,1134,8189182,42901047650,5480,5420,5210,-270,-4.93,5240,-240,-4.38,5210,5440,1400-5-10,2021-08-01
243,سشرق,سيمان‌ شرق‌,1130,11107924,87640453650,8150,7910,7830,-320,-3.93,7890,-260,-3.19,7750,8150,1400-5-10,2021-08-01
244,شسينا,صنايع‌شيميايي‌سينا,1110,594341,42490637120,73480,75400,70000,-3480,-4.74,71490,-1990,-2.71,69810,75400,1400-5-10,2021-08-01
245,بشهاب,لامپ‌  پارس‌ شهاب‌,1110,589285,58912742640,102020,103500,96920,-5100,-5,99970,-2050,-2.01,96920,106490,1400-5-10,2021-08-01
246,هرمز,فولاد هرمزگان جنوب,1105,5924614,90200947524,15248,15250,15140,-108,-0.71,15231,-17,-0.11,14912,15460,1400-5-10,2021-08-01
247,ديرانح,ح . ‌ايران‌دارو,1101,4794125,50569565760,10320,10200,10660,340,3.29,10550,230,2.23,10000,10770,1400-5-10,2021-08-01
248,وپست,پست بانك ايران,1100,4809394,107259010370,22600,22850,22650,50,0.22,22300,-300,-1.33,21500,22850,1400-5-10,2021-08-01
249,كگاز,شيشه‌ و گاز,1098,4601531,86067622750,17980,18300,18870,890,4.95,18700,720,4,18000,18870,1400-5-10,2021-08-01
250,ساروم,سيمان‌اروميه‌,1092,1822444,70068126460,39740,39500,37860,-1880,-4.73,38450,-1290,-3.25,37800,39790,1400-5-10,2021-08-01
251,زكشت,كشاورزي مكانيزه اصفهان كشت,1091,1254285,33782693381,28107,27646,26702,-1405,-5,26934,-1173,-4.17,26702,27999,1400-5-10,2021-08-01
252,شبهرن,نفت‌ بهران‌,1090,3778175,52467129430,14020,14200,13750,-270,-1.93,13910,-110,-0.78,13610,14200,1400-5-10,2021-08-01
253,آ س پ,آ.س.پ,1089,3355368,29843361629,9147,9300,8825,-322,-3.52,8894,-253,-2.77,8691,9419,1400-5-10,2021-08-01
254,كحافظ,كاشي‌ وسراميك‌ حافظ‌,1087,4856994,43174376290,9330,9000,8890,-440,-4.72,8890,-440,-4.72,8870,9200,1400-5-10,2021-08-01
255,افق,فروشگاههاي زنجيره اي افق كوروش,1075,966725,59086610590,62550,62000,61370,-1180,-1.89,61400,-1150,-1.84,60500,62300,1400-5-10,2021-08-01
256,وتوكا,سرمايه‌گذاري‌توكافولاد(هلدينگ,1070,9420527,87535132330,9200,9440,9300,100,1.09,9290,90,0.98,9150,9440,1400-5-10,2021-08-01
257,ختراك,ريخته‌گري‌ تراكتورسازي‌ ايران‌,1057,5485682,65485038770,11400,11550,11970,570,5,11940,540,4.74,11550,11970,1400-5-10,2021-08-01
258,غويتا,ويتانا,1052,5056064,43004603906,8923,8580,8477,-446,-5,8506,-417,-4.67,8477,8870,1400-5-10,2021-08-01
259,سصوفي,سيمان‌ صوفيان‌,1051,3416764,63348537360,18550,19190,18170,-380,-2.05,18540,-10,-0.05,18100,19190,1400-5-10,2021-08-01
260,شبصير,توليدات پتروشيمي قائد بصير,1044,1218211,107746618639,89803,90000,86900,-2903,-3.23,88447,-1356,-1.51,86600,91400,1400-5-10,2021-08-01
261,مبين,مبين انرژي خليج فارس,1042,6934181,125859634590,17950,18050,18250,300,1.67,18150,200,1.11,17950,18580,1400-5-10,2021-08-01
262,درهآور,دارويي ره آورد تامين,1028,1192664,34968537725,30149,30100,28642,-1507,-5,29320,-829,-2.75,28642,31190,1400-5-10,2021-08-01
263,فسرب,ملي‌ سرب‌وروي‌ ايران‌,1026,802261,58672580760,72810,73800,72890,80,0.11,73130,320,0.44,70980,74410,1400-5-10,2021-08-01
264,وسهرمز,شركت س استان هرمزگان,1022,68843681,34697215224,480,504,504,24,5,504,24,5,504,504,1400-5-10,2021-08-01
265,غپآذر,شير پگاه آذربايجان شرقي,1003,2301586,99410354641,41654,41160,43736,2082,5,43192,1538,3.69,39572,43736,1400-5-10,2021-08-01
266,وبوعلي,سرمايه‌گذاري‌بوعلي‌,989,11229088,46305313804,4004,4000,4120,116,2.9,4124,120,3,3906,4200,1400-5-10,2021-08-01
267,وملي,گروه‌ صنعتي‌ ملي‌ (هلدينگ‌,988,265068,38859045050,148080,144010,146500,-1580,-1.07,146600,-1480,-1,144010,150000,1400-5-10,2021-08-01
268,مرقام,ايران‌ارقام‌,983,3035019,46014373130,15210,15490,15200,-10,-0.07,15160,-50,-0.33,14870,15490,1400-5-10,2021-08-01
269,سقاين,سيمان‌ قائن‌,973,684053,47242061950,67480,68230,67110,-370,-0.55,69060,1580,2.34,66580,70850,1400-5-10,2021-08-01
270,ددام,داروسازي زاگرس فارمد پارس,967,2639125,33181920380,12350,12680,12500,150,1.21,12570,220,1.78,12140,12850,1400-5-10,2021-08-01
271,بزاگرس,نيروگاه زاگرس كوثر,966,7578659,35262585610,4721,4700,4668,-53,-1.12,4653,-68,-1.44,4600,4800,1400-5-10,2021-08-01
272,شجم,صنايع پتروشيمي تخت جمشيد,965,8492278,98865696714,11615,11351,11770,155,1.33,11642,27,0.23,11270,11799,1400-5-10,2021-08-01
273,كفرآور,فرآورده هاي سيمان شرق,952,2420046,46690839701,19270,19848,19200,-70,-0.36,19293,23,0.12,18780,19848,1400-5-10,2021-08-01
274,فلامي,لاميران‌,950,1261280,30915501120,25460,26100,24190,-1270,-4.99,24510,-950,-3.73,24190,26100,1400-5-10,2021-08-01
275,ورنا,سرمايه‌گذاري‌ رنا(هلدينگ‌,945,7488502,34027112000,4516,4516,4460,-56,-1.24,4544,28,0.62,4410,4640,1400-5-10,2021-08-01
276,قاسم,قاسم ايران,940,4215579,38785454052,9051,9000,9198,147,1.62,9201,150,1.66,9000,9470,1400-5-10,2021-08-01
277,گكوثر,هتل پارسيان كوثر اصفهان,935,20315650,47872753030,2365,2370,2400,35,1.48,2356,-9,-0.38,2301,2428,1400-5-10,2021-08-01
278,تكمبا,كمباين‌ سازي‌ ايران‌,934,10014345,66533385710,6420,6600,6740,320,4.98,6640,220,3.43,6280,6740,1400-5-10,2021-08-01
279,ولانا,شركت ليزينگ آريا دانا,933,1987581,47584418213,24168,24000,23849,-319,-1.32,23941,-227,-0.94,23443,24689,1400-5-10,2021-08-01
280,تيپيكوح,ح . سرمايه گذاري دارويي تامين,928,2019793,31170752820,15630,15510,15440,-190,-1.22,15430,-200,-1.28,15210,15850,1400-5-10,2021-08-01
281,خراسان,پتروشيمي خراسان,928,963872,78769161510,78240,80000,82130,3890,4.97,81720,3480,4.45,79630,82150,1400-5-10,2021-08-01
282,بموتو,موتوژن‌,925,1101482,72651987590,64450,63290,67200,2750,4.27,65960,1510,2.34,63290,67200,1400-5-10,2021-08-01
283,كپارس,كاشي‌ پارس‌,912,396619,42890633530,113470,113470,107800,-5670,-5,108140,-5330,-4.7,107800,113480,1400-5-10,2021-08-01
284,سپاها,سيمان‌سپاهان‌,912,5935708,52685504550,9120,8710,8920,-200,-2.19,8880,-240,-2.63,8690,9170,1400-5-10,2021-08-01
285,چافست,افست‌,912,3296929,45076445250,13460,12890,13750,290,2.15,13670,210,1.56,12890,14000,1400-5-10,2021-08-01
286,وسينا,بانك سينا,897,32970954,94601768575,2740,2870,2877,137,5,2869,129,4.71,2738,2877,1400-5-10,2021-08-01
287,مداران,داده‌پردازي‌ايران‌,893,2264913,53154501160,23060,22900,23550,490,2.12,23470,410,1.78,21910,23980,1400-5-10,2021-08-01
288,كساپا,سايپاشيشه‌,889,2639480,53360209920,19350,19830,20310,960,4.96,20220,870,4.5,19400,20310,1400-5-10,2021-08-01
289,اتكاي,بيمه اتكايي ايرانيان,888,3581104,33815397972,9504,9420,9600,96,1.01,9443,-61,-0.64,9300,9798,1400-5-10,2021-08-01
290,غشصفا,شيرپاستوريزه‌پگاه‌اصفهان‌,885,2777652,76992924850,26550,27100,27870,1320,4.97,27720,1170,4.41,26560,27870,1400-5-10,2021-08-01
291,تسه0003,امتيازتسهيلات مسكن خرداد1400,878,14659,8764440072,596339,590990,620000,23661,3.97,597888,1549,0.26,588000,624444,1400-5-10,2021-08-01
292,واميد,گروه مديريت سرمايه گذاري اميد,856,8074323,96195278590,11780,12180,11790,10,0.08,11880,100,0.85,11710,12180,1400-5-10,2021-08-01
293,زقيام,كشت و دام قيام اصفهان,856,1651963,32876363740,19854,19872,19567,-287,-1.45,19901,47,0.24,19550,20303,1400-5-10,2021-08-01
294,والبر,سرمايه‌ گذاري‌ البرز(هلدينگ‌,852,3429589,31032969620,9200,9310,9000,-200,-2.17,9050,-150,-1.63,8930,9310,1400-5-10,2021-08-01
295,سيلام,سيمان‌ ايلام‌,849,5107006,42460713020,8450,8300,8330,-120,-1.42,8310,-140,-1.66,8230,8540,1400-5-10,2021-08-01
296,ومعلم,بيمه معلم,842,7884172,31444918100,4055,4001,4004,-51,-1.26,3988,-67,-1.65,3930,4084,1400-5-10,2021-08-01
297,اعتلا,شركت سرمايه گذاري اعتلاء البرز,842,4632528,34966339633,7498,7577,7329,-169,-2.25,7548,50,0.67,7202,7740,1400-5-10,2021-08-01
298,واعتبار,سرمايه گذاري اعتبار ايران,841,4762775,43005887860,8700,9110,9090,390,4.48,9030,330,3.79,8510,9130,1400-5-10,2021-08-01
299,تاپكيش,تجارت الكترونيك پارسيان كيش,838,3462156,46377199840,13313,12690,13010,-303,-2.28,13395,82,0.62,12690,13890,1400-5-10,2021-08-01
300,فوكا,فولاد كاويان,838,8908328,127457969910,13971,13900,14390,419,3,14308,337,2.41,13900,14390,1400-5-10,2021-08-01
301,دزهراوي,داروسازي‌زهراوي‌,826,4100025,25968506820,6260,6200,6280,20,0.32,6330,70,1.12,6200,6460,1400-5-10,2021-08-01
302,كهمدا,شيشه‌ همدان‌,824,5460347,50304422900,9310,9520,9260,-50,-0.54,9210,-100,-1.07,9100,9560,1400-5-10,2021-08-01
303,وسبحان,سرمايه گذاري سبحان,813,13393712,39001999400,2808,2851,2900,92,3.28,2912,104,3.7,2818,2944,1400-5-10,2021-08-01
304,واحيا,م .صنايع و معادن احياء سپاهان,812,1446080,266014592667,181124,181000,182300,1176,0.65,183956,2832,1.56,180200,186557,1400-5-10,2021-08-01
305,اپرداز,آتيه داده پرداز,812,1479538,26626988200,18470,18630,18250,-220,-1.19,17997,-473,-2.56,17650,18630,1400-5-10,2021-08-01
306,كفپارس,فرآورده‌هاي‌ نسوز پارس‌,811,10490495,33659409808,3255,3260,3161,-94,-2.89,3209,-46,-1.41,3161,3330,1400-5-10,2021-08-01
307,قشرين,قند شيرين خراسان,808,9343059,163697830823,17023,17533,17533,510,3,17521,498,2.93,17030,17533,1400-5-10,2021-08-01
308,وبيمه,سرمايه‌ گذاري‌ صنعت‌ بيمه‌,804,14772949,26295147347,1792,1770,1763,-29,-1.62,1780,-12,-0.67,1750,1819,1400-5-10,2021-08-01
309,فنوال,نورد آلومينيوم‌,803,1312631,32236601930,25110,25600,24400,-710,-2.83,24560,-550,-2.19,24260,25600,1400-5-10,2021-08-01
310,عيار,صندوق سكه طلاي مفيد,800,995305,29384804557,29659,30600,29090,-569,-1.92,29523,-136,-0.46,28900,30600,1400-5-10,2021-08-01
311,وگردش,بانك گردشگري,798,3260470,45741000719,14309,13901,14000,-309,-2.16,14157,-152,-1.06,13880,14350,1400-5-10,2021-08-01
312,سغرب,سيمان‌غرب‌,790,1791411,42049612800,24550,24000,23330,-1220,-4.97,23470,-1080,-4.4,23330,24000,1400-5-10,2021-08-01
313,سمازن,سيمان‌مازندران‌,787,4476650,65062706710,14670,14710,14600,-70,-0.48,14530,-140,-0.95,14210,14950,1400-5-10,2021-08-01
314,كگهر,سنگ آهن گهرزمين,782,2033510,91314139698,45130,45500,45050,-80,-0.18,44962,-168,-0.37,43634,45500,1400-5-10,2021-08-01
315,ارزش,صندوق س ارزش آفرين بيدار-سهام,781,10254876,101192546170,9670,9890,9890,220,2.28,9870,200,2.07,9700,9950,1400-5-10,2021-08-01
316,فايرا,آلومينيوم‌ايران‌,778,3376135,52013378280,15140,15640,15290,150,0.99,15370,230,1.52,15150,15680,1400-5-10,2021-08-01
317,فنرژي,گسترش صنايع انرژي آذرآب,771,2321023,34324601796,14508,14798,14798,290,2,14789,281,1.94,14578,14798,1400-5-10,2021-08-01
318,خريخت,صنايع‌ريخته‌گري‌ايران‌,768,12391410,38298194992,2962,3030,3110,148,5,3091,129,4.36,2960,3110,1400-5-10,2021-08-01
319,سكه0012پ01,تمام سكه طرح جديد0012رفاه,765,223300,256484219700,1157218,1172800,1140000,-17218,-1.49,1148608,-8610,-0.74,1138000,1172800,1400-5-10,2021-08-01
320,كيميا,معدني كيمياي زنجان گستران,760,2099517,29570009333,14053,14396,13887,-166,-1.18,14084,31,0.22,13884,14396,1400-5-10,2021-08-01
321,خوساز,محورسازان‌ايران‌خودرو,759,5182774,37725901630,7030,7150,7250,220,3.13,7280,250,3.56,6860,7380,1400-5-10,2021-08-01
322,گنگين,اقتصادي نگين گردشگري ايرانيان,757,10133861,192264895154,19542,19800,18956,-586,-3,18973,-569,-2.91,18956,19800,1400-5-10,2021-08-01
323,زبينا,كشاورزي و دامپروري بينالود,748,9160864,24949616781,2714,2690,2737,23,0.85,2724,10,0.37,2660,2797,1400-5-10,2021-08-01
324,سهرمز,سيمان‌هرمزگان‌,746,1970885,33617796320,17680,17980,16800,-880,-4.98,17060,-620,-3.51,16800,17980,1400-5-10,2021-08-01
325,دبالك,مواد اوليه دارويي البرز بالك,744,1592982,23586855104,15264,15466,14790,-474,-3.11,14807,-457,-2.99,14600,15466,1400-5-10,2021-08-01
326,لخزر,پارس‌ خزر,740,314584,38928091920,119070,122650,125020,5950,5,123740,4670,3.92,117090,125020,1400-5-10,2021-08-01
327,وسكاب,س.ص.بازنشستگي كاركنان بانكها,740,13822370,37842158872,2725,2740,2725,0,0,2738,13,0.48,2710,2790,1400-5-10,2021-08-01
328,كرماشا,صنايع پتروشيمي كرمانشاه,738,1507643,65686259480,42780,44500,43300,520,1.22,43570,790,1.85,43020,44500,1400-5-10,2021-08-01
329,سهگمت,سيمان‌هگمتان‌,736,1635706,41271828720,26200,26200,25500,-700,-2.67,25230,-970,-3.7,24890,26200,1400-5-10,2021-08-01
330,تشتاد,صنايع توليدي اشتاد ايران‌,736,4010068,32093006975,7764,8152,7765,1,0.01,8003,239,3.08,7610,8152,1400-5-10,2021-08-01
331,كسعدي,كاشي‌ سعدي‌,722,2259773,25650541740,11500,11750,11230,-270,-2.35,11350,-150,-1.3,11150,11750,1400-5-10,2021-08-01
332,سرچشمه,سرمايه گذاري مس سرچشمه,721,4911441,33818118884,6777,6948,6887,110,1.62,6886,109,1.61,6750,6948,1400-5-10,2021-08-01
333,لابسا,آبسال‌,719,1170502,45126278790,36960,38000,38800,1840,4.98,38550,1590,4.3,37000,38800,1400-5-10,2021-08-01
334,شدوص,دوده‌ صنعتي‌ پارس‌,718,1499438,32043407980,21380,22300,21370,-10,-0.05,21370,-10,-0.05,20800,22300,1400-5-10,2021-08-01
335,شراز,پالايش نفت شيراز,714,517709,54654046340,107121,106060,104132,-2989,-2.79,105569,-1552,-1.45,103310,109950,1400-5-10,2021-08-01
336,پاسا,ايران‌ياساتايرورابر,714,2833953,57853446600,20620,20520,20180,-440,-2.13,20410,-210,-1.02,20180,21000,1400-5-10,2021-08-01
337,سفار,سيمان‌فارس‌,713,298238,27770367820,97450,94530,92580,-4870,-5,93110,-4340,-4.45,92580,97000,1400-5-10,2021-08-01
338,شرانل,نفت ايرانول,709,452525,22727549195,50628,51987,49490,-1138,-2.25,50399,-229,-0.45,49000,52000,1400-5-10,2021-08-01
339,غبشهر,صنعتي‌ بهشهر,709,2322928,59647630730,26230,26000,25010,-1220,-4.65,25680,-550,-2.1,24920,26740,1400-5-10,2021-08-01
340,رتكو,كنترل‌خوردگي‌تكين‌كو,709,2473328,30871546890,12020,11690,12380,360,3,12480,460,3.83,11690,12620,1400-5-10,2021-08-01
341,غمينو,شركت صنايع غذايي مينو شرق,708,2461495,20075306804,8118,8100,8190,72,0.89,8156,38,0.47,8001,8290,1400-5-10,2021-08-01
342,اطلس,صندوق س.توسعه اندوخته آينده-س,708,598670,145476413586,241021,245000,243995,2974,1.23,242999,1978,0.82,240500,249986,1400-5-10,2021-08-01
343,وپترو,سرمايه‌گذاري صنايع پتروشيمي‌,702,3408661,45721886760,13580,13830,13230,-350,-2.58,13410,-170,-1.25,13140,13830,1400-5-10,2021-08-01
344,چكارن,كارتن‌ ايران‌,700,8074049,20492592433,2519,2582,2540,21,0.83,2538,19,0.75,2480,2582,1400-5-10,2021-08-01
345,تپمپي,پمپ‌ سازي‌ ايران‌,696,1655505,25879874300,16090,16200,15430,-660,-4.1,15630,-460,-2.86,15360,16200,1400-5-10,2021-08-01
346,شپاكسا,پاكسان‌,693,2328649,45357238110,20180,19860,19680,-500,-2.48,19480,-700,-3.47,19240,19990,1400-5-10,2021-08-01
347,ولشرق,ليزينگ ايران و شرق,692,3306408,19569590128,6033,6120,5920,-113,-1.87,5919,-114,-1.89,5851,6120,1400-5-10,2021-08-01
348,وسگيلا,شركت س استان گيلان,689,38775446,22901824097,565,589,593,28,4.96,582,17,3.01,567,593,1400-5-10,2021-08-01
349,كي بي سي,شركت كي بي سي,685,2037432,50988349142,23853,25040,25045,1192,5,25026,1173,4.92,24610,25045,1400-5-10,2021-08-01
350,كمنگنز,معادن‌منگنزايران‌,683,420128,30416290880,73020,73210,70800,-2220,-3.04,72400,-620,-0.85,70800,75800,1400-5-10,2021-08-01
351,وسصفا,شركت س استان اصفهان,681,35275835,31093375994,927,881,881,-46,-4.96,910,-17,-1.83,881,913,1400-5-10,2021-08-01
352,پخش,پخش البرز,680,2602081,49880833122,18322,19234,19238,916,5,19170,848,4.63,18580,19238,1400-5-10,2021-08-01
353,بنيرو,نيروترانس‌,674,6256759,13543648292,2238,2269,2159,-79,-3.53,2169,-69,-3.08,2135,2269,1400-5-10,2021-08-01
354,ضخود7075,اختيارخ خودرو-2000-1400/07/07,670,22476,6339222000,295,310,275,-20,-6.78,282,-13,-4.41,266,313,1400-5-10,2021-08-01
355,فنورد,نوردوقطعات‌ فولادي‌,670,155299,32974260290,205270,210010,211530,6260,3.05,212330,7060,3.44,206740,215300,1400-5-10,2021-08-01
356,زشگزا,شير و گوشت زاگرس شهركرد,666,3257954,18593426963,5819,5900,5769,-50,-0.86,5707,-112,-1.92,5590,5900,1400-5-10,2021-08-01
357,سخزر,سيمان‌ خزر,665,1816610,45274262430,25210,25810,23950,-1260,-5,24920,-290,-1.15,23950,26450,1400-5-10,2021-08-01
358,ثپرديس,سرمايه گذاري مسكن پرديس,662,3034300,16408433337,5322,5223,5362,40,0.75,5408,86,1.62,5223,5518,1400-5-10,2021-08-01
359,كوثر,بيمه كوثر,659,4069179,58184128301,14316,14400,14020,-296,-2.07,14299,-17,-0.12,13650,14780,1400-5-10,2021-08-01
360,غمارگ,مارگارين‌,658,1578202,41200322100,26370,26240,25930,-440,-1.67,26110,-260,-0.99,25600,26550,1400-5-10,2021-08-01
361,تكشا,گسترش‌صنايع‌وخدمات‌كشاورزي‌,655,875231,24520373780,28020,28100,27940,-80,-0.29,28020,0,0,27800,28550,1400-5-10,2021-08-01
362,بخاور,بيمه زندگي خاورميانه,655,8336396,48390174876,6107,5802,5802,-305,-4.99,5805,-302,-4.95,5802,5900,1400-5-10,2021-08-01
363,قصفها,قنداصفهان‌,655,381432,35714452560,89670,91690,94150,4480,5,93630,3960,4.42,90040,94150,1400-5-10,2021-08-01
364,وبشهر,توسعه‌ صنايع‌ بهشهر(هلدينگ,645,4112145,49424510510,11810,11440,12060,250,2.12,12020,210,1.78,11440,12240,1400-5-10,2021-08-01
365,زدشت,كشت و صنعت دشت خرم دره,638,927711,17726197557,19461,19260,18488,-973,-5,19107,-354,-1.82,18488,19980,1400-5-10,2021-08-01
366,دجابر,داروسازي‌ جابرابن‌حيان‌,637,1597623,20302105010,12920,12600,12750,-170,-1.32,12710,-210,-1.63,12600,13100,1400-5-10,2021-08-01
367,غبهنوش,بهنوش‌ ايران‌,637,305232,17912599290,60040,61500,58110,-1930,-3.21,58690,-1350,-2.25,58000,61500,1400-5-10,2021-08-01
368,ريشمك,توليد و صادرات ريشمك,635,881655,39495915157,45401,45401,44460,-941,-2.07,44797,-604,-1.33,44200,46000,1400-5-10,2021-08-01
369,توريل,توكاريل,634,2217303,30628919744,13779,14235,13702,-77,-0.56,13814,35,0.25,13606,14235,1400-5-10,2021-08-01
370,بساما,بيمه سامان,632,1790079,51880908294,27730,28890,28682,952,3.43,28982,1252,4.51,28000,29116,1400-5-10,2021-08-01
371,سيدكو,سرمايه گذاري توسعه صنايع سيمان,631,3506653,25284464350,7220,7150,7340,120,1.66,7210,-10,-0.14,6990,7350,1400-5-10,2021-08-01
372,شفا,سرمايه گذاري شفادارو,631,992846,36841337140,38730,37300,36800,-1930,-4.98,37110,-1620,-4.18,36800,38700,1400-5-10,2021-08-01
373,كيسون,شركت كيسون,631,6252343,58232430667,9355,9500,9168,-187,-2,9314,-41,-0.44,9168,9500,1400-5-10,2021-08-01
374,خاور,ايران خودرو ديزل,629,9345187,69605985299,7649,7632,7420,-229,-2.99,7448,-201,-2.63,7420,7638,1400-5-10,2021-08-01
375,ونفت,سرمايه‌گذاري‌ صنعت‌ نفت‌,627,2038662,31316489920,15670,15800,15300,-370,-2.36,15360,-310,-1.98,15010,16100,1400-5-10,2021-08-01
376,خچرخش,چرخشگر,625,2200188,24299450530,11130,11560,10910,-220,-1.98,11040,-90,-0.81,10700,11560,1400-5-10,2021-08-01
377,سكرد,سيمان كردستان,625,4182531,27263658630,6770,6700,6480,-290,-4.28,6520,-250,-3.69,6450,6730,1400-5-10,2021-08-01
378,زگلدشت,كشت و دام گلدشت نمونه اصفهان,624,1652768,18925607088,11066,11000,11619,553,5,11451,385,3.48,10740,11619,1400-5-10,2021-08-01
379,مدير,ص.س.مديريت ثروت ص.بازنشستگي-س,617,2427342,21928052881,8970,9010,9094,124,1.38,9034,64,0.71,8945,9150,1400-5-10,2021-08-01
380,افرا,افرانت,616,921795,26134377325,29319,30000,28850,-469,-1.6,28352,-967,-3.3,27900,30000,1400-5-10,2021-08-01
381,خبازرس,بازرسي مهندسي و صنعتي ايران,614,966617,23173863697,24438,24050,23870,-568,-2.32,23974,-464,-1.9,23705,24828,1400-5-10,2021-08-01
382,وثنو,سرمايه گذاري ساختماني نوين,613,7678373,32740630304,4343,4343,4213,-130,-2.99,4264,-79,-1.82,4213,4444,1400-5-10,2021-08-01
383,پلاسك,پلاسكوكار,612,2700809,17357827730,6580,6460,6370,-210,-3.19,6430,-150,-2.28,6300,6670,1400-5-10,2021-08-01
384,ساينا,صنايع بهداشتي ساينا,612,175271,16632101898,99039,97001,94088,-4951,-5,94894,-4145,-4.19,94088,99500,1400-5-10,2021-08-01
385,ما,بيمه  ما,610,3875416,31462287240,7780,7910,8160,380,4.88,8120,340,4.37,7800,8160,1400-5-10,2021-08-01
386,معيار ,سرمايه گذاري معيار صنعت پارس,609,795513,32977075523,42290,41323,41500,-790,-1.87,41454,-836,-1.98,41022,42800,1400-5-10,2021-08-01
387,نمرينو,ايران‌ مرينوس‌,608,423213,44175201660,99750,103000,104730,4980,4.99,104380,4630,4.64,101100,104730,1400-5-10,2021-08-01
388,ضخود7077,اختيارخ خودرو-3000-1400/07/07,608,29830,1640160000,63,69,49,-14,-22.22,55,-8,-12.7,49,70,1400-5-10,2021-08-01
389,دلر,داروسازي‌ اكسير,607,1245024,44862668630,36710,36710,36260,-450,-1.23,36030,-680,-1.85,35230,37100,1400-5-10,2021-08-01
390,وملل,اعتباري ملل,607,3646802,45615401978,12609,12400,12471,-138,-1.09,12517,-92,-0.73,12350,12980,1400-5-10,2021-08-01
391,چكاوه,صنايع‌كاغذسازي‌كاوه‌,607,2025766,26137557990,13280,13200,13070,-210,-1.58,12900,-380,-2.86,12620,13390,1400-5-10,2021-08-01
392,خموتور,موتورسازان‌تراكتورسازي‌ايران‌,605,1890721,17982098600,9490,9790,9480,-10,-0.11,9510,20,0.21,9050,9790,1400-5-10,2021-08-01
393,وخاور,بانك خاورميانه,602,9476840,56437755310,5780,5890,6010,230,3.98,5950,170,2.94,5790,6060,1400-5-10,2021-08-01
394,خشرق,الكتريك‌ خودرو شرق‌,601,1908666,22921321270,12030,12030,11940,-90,-0.75,12010,-20,-0.17,11730,12230,1400-5-10,2021-08-01
395,قشير,قند شيروان قوچان و بجنورد,600,1759936,30202183144,16512,16670,17337,825,5,17161,649,3.93,16100,17337,1400-5-10,2021-08-01
396,دشيمي,شيمي‌ داروئي‌ داروپخش‌,600,936515,22795619430,25030,25200,23800,-1230,-4.91,24340,-690,-2.76,23790,25200,1400-5-10,2021-08-01
397,بهپاك,صنعتي بهپاك,594,3451017,25305363314,7377,7250,7479,102,1.38,7333,-44,-0.6,7200,7627,1400-5-10,2021-08-01
398,سخوز,سيمان خوزستان,585,1536571,38135215280,25180,24200,24570,-610,-2.42,24820,-360,-1.43,24200,25350,1400-5-10,2021-08-01
399,فرابورس,فرابورس ايران,581,2861114,50404245338,16779,17617,17617,838,4.99,17617,838,4.99,17617,17617,1400-5-10,2021-08-01
400,فروس,فروسيليس‌ ايران‌,580,5858780,32099416220,5570,5470,5440,-130,-2.33,5480,-90,-1.62,5350,5660,1400-5-10,2021-08-01
401,فاما,صنعتي‌ آما,579,2208676,37671390180,16560,17180,17380,820,4.95,17060,500,3.02,16000,17380,1400-5-10,2021-08-01
402,رانفور,خدمات‌انفورماتيك‌,577,5308560,32021058890,5990,6140,6020,30,0.5,6010,20,0.33,6000,6140,1400-5-10,2021-08-01
403,داوه,داروسازي آوه سينا,575,1183948,19607163687,16649,16250,16352,-297,-1.78,16561,-88,-0.53,16250,16947,1400-5-10,2021-08-01
404,كشرق,صنعتي و معدني شمال شرق شاهرود,572,420974,27088650115,63070,63080,64933,1863,2.95,64348,1278,2.03,60140,65980,1400-5-10,2021-08-01
405,وصنا,گروه‌صنايع‌بهشهرايران‌,569,2129966,12219201190,5790,5910,5720,-70,-1.21,5750,-40,-0.69,5680,5910,1400-5-10,2021-08-01
406,حبندر,دريايي و کشتيراني خط دريابندر,565,1672668,55874319649,32435,33408,33408,973,3,33404,969,2.99,33080,33408,1400-5-10,2021-08-01
407,فسازان,غلتك سازان سپاهان,561,1256113,36911946060,29910,29550,29600,-310,-1.04,29390,-520,-1.74,28510,30620,1400-5-10,2021-08-01
408,وبهمن,سرمايه‌گذاري‌بهمن‌,552,2184208,32876529580,15000,15680,15250,250,1.67,15050,50,0.33,14500,15680,1400-5-10,2021-08-01
409,تسه0002,امتيازتسهيلاتمسكن ارديبهشت1400,546,8685,5212946672,598878,585999,582500,-16378,-2.73,600224,1346,0.22,582500,610000,1400-5-10,2021-08-01
410,وتوس,توسعه‌شهري‌توس‌گستر,542,1437542,17763104760,12700,12500,12070,-630,-4.96,12360,-340,-2.68,12070,12880,1400-5-10,2021-08-01
411,خكمك,كمك‌فنرايندامين‌,527,982553,16042886930,16310,16300,16260,-50,-0.31,16330,20,0.12,16000,16960,1400-5-10,2021-08-01
412,سمايه,بانك سرمايه,525,4315468,20580221545,4664,4780,4803,139,2.98,4769,105,2.25,4530,4803,1400-5-10,2021-08-01
413,رنيك,جنرال مكانيك,523,1166842,18981355944,16515,16444,16360,-155,-0.94,16267,-248,-1.5,16051,16444,1400-5-10,2021-08-01
414,فالوم,آلومتك‌,523,1413498,26523249167,19287,19550,18709,-578,-3,18764,-523,-2.71,18709,19550,1400-5-10,2021-08-01
415,درازك,دارويي‌ رازك‌,518,571620,20398448250,36480,36500,35300,-1180,-3.23,35690,-790,-2.17,35000,36500,1400-5-10,2021-08-01
416,غشان,شيرپاستوريزه‌پگاه‌خراسان‌,511,6984361,43217092440,5910,6040,6200,290,4.91,6190,280,4.74,6000,6200,1400-5-10,2021-08-01
417,پخشح,ح. پخش البرز,509,1897299,30633959657,15594,15200,16372,778,4.99,16146,552,3.54,15200,16373,1400-5-10,2021-08-01
418,افران,صندوق س افرا نماد پايدار-ثابت,507,9109007,126772427041,13911,13916,13917,6,0.04,13917,6,0.04,13916,13921,1400-5-10,2021-08-01
419,حپارسا,توسعه حمل و نقل ريلي پارسيان,507,987533,33187863527,33473,32890,33150,-323,-0.96,33607,134,0.4,32890,34890,1400-5-10,2021-08-01
420,تسه9908,امتياز تسهيلات مسكن آبان99,505,11897,7067484645,596411,587080,567000,-29411,-4.93,594056,-2355,-0.39,567000,609999,1400-5-10,2021-08-01
421,ثتران,سرمايه گذاري مسكن تهران,504,4557653,14999906937,3333,3324,3272,-61,-1.83,3291,-42,-1.26,3252,3389,1400-5-10,2021-08-01
422,لسرما,سرما آفرين‌,504,841908,16022304680,19310,19160,19010,-300,-1.55,19030,-280,-1.45,18730,19530,1400-5-10,2021-08-01
423,دتوليدح,ح. داروسازي توليد دارو,502,776273,7684276024,10280,10330,9860,-420,-4.09,9899,-381,-3.71,9766,10330,1400-5-10,2021-08-01
424,شوينده,مديريت صنعت شوينده ت.ص.بهشهر,500,1398014,30759224780,22110,22500,21600,-510,-2.31,22000,-110,-0.5,21400,22500,1400-5-10,2021-08-01
425,كقزوي,شيشه‌ قزوين‌,500,2927188,22275093725,7684,7914,7629,-55,-0.72,7610,-74,-0.96,7512,7914,1400-5-10,2021-08-01
426,فنفت,صنايع تجهيزات نفت,499,1407386,37506859867,26431,26431,27050,619,2.34,26650,219,0.83,25639,27130,1400-5-10,2021-08-01
427,كسرام,پارس‌ سرام‌,498,3354645,22403221810,7010,6980,6660,-350,-4.99,6680,-330,-4.71,6660,6980,1400-5-10,2021-08-01
428,واتي,سرمايه‌ گذاري‌ آتيه‌ دماوند,495,1934402,22367485620,11490,11870,11410,-80,-0.7,11560,70,0.61,11210,11870,1400-5-10,2021-08-01
429,وكادو,تكادو,494,1833385,33576990302,17873,18280,18409,536,3,18314,441,2.47,17900,18409,1400-5-10,2021-08-01
430,دارو,كارخانجات‌داروپخش‌,490,1589756,41371047120,25260,26520,25760,500,1.98,26020,760,3.01,24520,26520,1400-5-10,2021-08-01
431,دكپسول,توليد ژلاتين كپسول ايران,487,668256,22403947088,34352,33310,33312,-1040,-3.03,33526,-826,-2.4,33040,34000,1400-5-10,2021-08-01
432,فپنتا,سپنتا,486,106448,44979295350,403750,412420,423930,20180,5,422550,18800,4.66,405000,423930,1400-5-10,2021-08-01
433,وجامي,سرمايه گذاري جامي,478,1617175,20179674189,12744,12390,12362,-382,-3,12478,-266,-2.09,12362,12900,1400-5-10,2021-08-01
434,تسه0001,امتيازتسهيلات مسكن فروردين1400,478,7802,4684720265,599000,610000,585000,-14000,-2.34,600451,1451,0.24,585000,610000,1400-5-10,2021-08-01
435,سفانو,سيمان فارس نو,473,792355,25220954840,33220,33000,31560,-1660,-5,31830,-1390,-4.18,31560,33000,1400-5-10,2021-08-01
436,ماديرا,صنايع ماديران,468,8258973,63338063937,7304,7669,7669,365,5,7669,365,5,7669,7669,1400-5-10,2021-08-01
437,دتماد,توليدمواداوليه‌داروپخش‌,468,346579,16116338960,47220,47000,46170,-1050,-2.22,46500,-720,-1.52,46010,47700,1400-5-10,2021-08-01
438,آكورد,صندوق س. آرمان آتي كوثر-د,465,11023554,367713511643,33340,33357,33357,17,0.05,33357,17,0.05,33357,33364,1400-5-10,2021-08-01
439,كالا,بورس كالاي ايران,465,1068003,27736037910,24740,25970,25970,1230,4.97,25400,660,2.67,25970,25970,1400-5-10,2021-08-01
440,گوهر,صندوق سكه طلاي كيان,455,422065,24591502261,58331,59850,57499,-832,-1.43,58265,-66,-0.11,57021,59850,1400-5-10,2021-08-01
441,كارين,صندوق س نگين سامان-ثابت,453,15129448,152135850816,10050,10055,10055,5,0.05,10056,6,0.06,10055,10057,1400-5-10,2021-08-01
442,ركيش,كارت اعتباري ايران كيش,452,4210243,28522367560,7090,7000,6740,-350,-4.94,6770,-320,-4.51,6740,7080,1400-5-10,2021-08-01
443,دامين,داروسازي‌ امين‌,452,3400492,12429521204,3649,3769,3620,-29,-0.79,3654,5,0.14,3608,3769,1400-5-10,2021-08-01
444,وآيند,بانك  آينده,451,2162004,22733472060,10953,10515,10515,-438,-4,10805,-148,-1.35,10515,10515,1400-5-10,2021-08-01
445,پسهند,صنايع‌ لاستيكي‌  سهند,441,945730,29303813680,30340,31000,31290,950,3.13,30990,650,2.14,29600,31490,1400-5-10,2021-08-01
446,ثمسكن,سرمايه‌گذاري‌ مسكن‌,438,4133576,18761715399,4597,4475,4600,3,0.07,4539,-58,-1.26,4475,4715,1400-5-10,2021-08-01
447,اوان,مبين وان كيش,438,469595,15919151652,33895,34850,33101,-794,-2.34,33900,5,0.01,33006,34850,1400-5-10,2021-08-01
448,غشاذر,پگاه‌آذربايجان‌غربي‌,437,2817539,20419318130,7240,7410,7300,60,0.83,7250,10,0.14,7190,7410,1400-5-10,2021-08-01
449,خصدرا,صنعتي‌ دريايي‌ ايران‌,435,9889633,24733972133,2429,2501,2501,72,2.96,2497,68,2.8,2501,2501,1400-5-10,2021-08-01
450,تصميم,صندوق س با درآمد ثابت تصميم,432,4735006,80435242403,16981,16991,16990,9,0.05,16987,6,0.04,16180,16993,1400-5-10,2021-08-01
451,پارسيان,بيمه پارسيان,431,6866788,61547122660,8960,9000,8960,0,0,8960,0,0,8850,9110,1400-5-10,2021-08-01
452,كاردان,صندوق س تجارت شاخصي كاردان,422,183934,33374114980,177940,181000,182000,4060,2.28,181450,3510,1.97,179990,183000,1400-5-10,2021-08-01
453,پكرمان,گروه‌ صنعتي‌ بارز,421,879626,22960565180,26810,26110,26060,-750,-2.8,26190,-620,-2.31,25750,26990,1400-5-10,2021-08-01
454,ركيشح,ح. كارت اعتباري ايران كيش,417,2444090,10990774099,4735,4750,4446,-289,-6.1,4497,-238,-5.03,4400,4750,1400-5-10,2021-08-01
455,فسا,پتروشيمي فسا,415,7087884,9676821663,1327,1366,1366,39,2.94,1364,37,2.79,1337,1366,1400-5-10,2021-08-01
456,جوين,كشت و صنعت جوين,413,7117082,25666799518,3713,3603,3607,-106,-2.85,3606,-107,-2.88,3602,3700,1400-5-10,2021-08-01
457,قزوين,كارخانجات‌ قند قزوين‌,413,1297435,37673077490,27920,28000,28870,950,3.4,29040,1120,4.01,27110,29310,1400-5-10,2021-08-01
458,رتاپ,تجارت الكترونيك  پارسيان,413,1800613,10819785690,5990,6090,5990,0,0,6000,10,0.17,5900,6100,1400-5-10,2021-08-01
459,والبرح,ح . سرمايه گذاري‌البرز(هلدينگ‌,412,2504988,19008505859,7754,7610,7600,-154,-1.99,7588,-166,-2.14,7500,7660,1400-5-10,2021-08-01
460,قپيرا,فرآورده‌هاي‌غدايي‌وقندپيرانشهر,411,2259379,16483791100,7480,7510,7400,-80,-1.07,7300,-180,-2.41,7110,7640,1400-5-10,2021-08-01
461,سرود,سيمان‌شاهرود,410,858784,20505796660,24620,23900,23660,-960,-3.9,23880,-740,-3.01,23550,25200,1400-5-10,2021-08-01
462,تسه9912,امتياز تسهيلات مسكن اسفند99,407,6350,3800454911,598341,578099,580000,-18341,-3.07,598497,156,0.03,578099,610000,1400-5-10,2021-08-01
463,غشهد,شهد ايران ‌,407,3059913,14398365933,4663,4800,4735,72,1.54,4704,41,0.88,4600,4800,1400-5-10,2021-08-01
464,زر,صندوق س.پشتوانه سكه طلاي زر,404,267732,13658320549,51258,52400,50280,-978,-1.91,51015,-243,-0.47,50201,52400,1400-5-10,2021-08-01
465,پرداخت,به پرداخت ملت,403,738848,15019896690,20130,20000,20750,620,3.08,20250,120,0.6,20000,20800,1400-5-10,2021-08-01
466,كخاك,صنايع‌خاك‌چيني‌ايران‌,402,594454,20985789520,35560,35970,35650,90,0.25,35310,-250,-0.7,34000,36670,1400-5-10,2021-08-01
467,خديزل,بهمن  ديزل,394,574257,28541495086,50621,49900,50400,-221,-0.44,49702,-919,-1.82,48500,51100,1400-5-10,2021-08-01
468,شگل,گلتاش‌,391,1368034,10762413580,7770,7560,8000,230,2.96,7840,70,0.9,7530,8110,1400-5-10,2021-08-01
469,حسينا,توسعه خدمات دريايي وبندري سينا,391,958390,54314472574,56752,57000,56800,48,0.08,56673,-79,-0.14,55611,58000,1400-5-10,2021-08-01
470,كاسپين,داروسازي كاسپين تامين,386,851404,17034173828,20528,20500,19999,-529,-2.58,20007,-521,-2.54,19710,20900,1400-5-10,2021-08-01
471,غالبر,لبنيات‌ كالبر,386,1322857,17796562830,14100,13450,13400,-700,-4.96,13450,-650,-4.61,13400,13950,1400-5-10,2021-08-01
472,بفجر,فجر انرژي خليج فارس,384,2275903,53967582760,24280,23850,23400,-880,-3.62,23780,-500,-2.06,23350,24400,1400-5-10,2021-08-01
473,شفارا,پتروشيمي فارابي,376,4964672,24597031245,4854,4960,4930,76,1.57,4954,100,2.06,4880,4999,1400-5-10,2021-08-01
474,پرديس,سرمايه گذاري پرديس,376,3132973,15698518403,4978,5050,4980,2,0.04,5011,33,0.66,4980,5120,1400-5-10,2021-08-01
475,شلرد,كود شيميايي اوره لردگان,376,6265656,51184143864,7932,8169,8169,237,2.99,8169,237,2.99,8169,8169,1400-5-10,2021-08-01
476,دسبحا,گروه دارويي سبحان,372,1278601,19251943400,15440,15100,14900,-540,-3.5,15060,-380,-2.46,14750,15650,1400-5-10,2021-08-01
477,حخزر,كشتيراني درياي خزر,365,723203,17594198774,24732,23600,24378,-354,-1.43,24328,-404,-1.63,23496,25293,1400-5-10,2021-08-01
478,لوتوس,تامين سرمايه لوتوس پارسيان,365,4253845,33791058270,7850,7960,8120,270,3.44,7940,90,1.15,7850,8200,1400-5-10,2021-08-01
479,تسه9911,امتياز تسهيلات مسكن بهمن99,364,5799,3453514123,601250,593000,571500,-29750,-4.95,595536,-5714,-0.95,571199,609000,1400-5-10,2021-08-01
480,زپارس,ملي كشت و صنعت و دامپروري پارس,362,429585,52582493790,117300,121250,123140,5840,4.98,122400,5100,4.35,119400,123160,1400-5-10,2021-08-01
481,شنفت,نفت‌ پارس‌,360,429674,25257960020,58580,57990,58120,-460,-0.79,58670,90,0.15,57990,60200,1400-5-10,2021-08-01
482,گشان,توسعه بين المللي پديده شانديز,360,1123699,27664752007,25121,24619,24619,-502,-2,24619,-502,-2,24619,24900,1400-5-10,2021-08-01
483,خفنر,فنرسازي‌خاور,357,5573462,42407378140,7250,7610,7610,360,4.97,7610,360,4.97,7290,7610,1400-5-10,2021-08-01
484,ياقوت,صندوق س ياقوت آگاه-ثابت,356,4049870,51728751705,12768,12778,12772,4,0.03,12773,5,0.04,12772,12794,1400-5-10,2021-08-01
485,واحصا,احياء صنايع خراسان,353,1340085,54830364801,39783,39942,40976,1193,3,40916,1133,2.85,39110,40976,1400-5-10,2021-08-01
486,پلوله,گازلوله‌,352,795551,24166050160,30141,31000,30817,676,2.24,30376,235,0.78,29238,31045,1400-5-10,2021-08-01
487,وسهمدا,شركت س استان همدان,351,20291718,11544885793,546,545,573,27,4.95,556,10,1.83,545,573,1400-5-10,2021-08-01
488,سپ,پرداخت الكترونيك سامان كيش,351,414491,11347223660,27180,26400,27300,120,0.44,27220,40,0.15,26400,27930,1400-5-10,2021-08-01
489,غشوكو,شوكو پارس,348,520078,16787392322,32544,32866,31568,-976,-3,32279,-265,-0.81,31568,32999,1400-5-10,2021-08-01
490,سشمال,سيمان‌ شمال‌,347,1448834,14233126970,10200,9750,9790,-410,-4.02,9840,-360,-3.53,9750,10180,1400-5-10,2021-08-01
491,وتوسم,سرمايه‌گذاري‌توسعه‌ملي‌,346,1570707,12466556380,7820,7970,7920,100,1.28,7920,100,1.28,7810,8100,1400-5-10,2021-08-01
492,شپاس,نفت پاسارگاد,345,899944,15668502525,18041,17701,17266,-775,-4.3,17450,-591,-3.28,17250,17702,1400-5-10,2021-08-01
493,دسانكوح,ح . داروسازي سبحان انكولوژي,343,1392891,11149495092,8005,8200,8199,194,2.42,8005,0,0,7651,8200,1400-5-10,2021-08-01
494,فيروزا,صندوق بادرآمد ثابت فيروزه آسيا,343,2951552,72634056584,24498,24503,24580,82,0.33,24609,111,0.45,24503,24890,1400-5-10,2021-08-01
495,كفرا,فراورده‌ هاي‌ نسوزايران‌,332,554358,13295668010,23580,24400,24130,550,2.33,23940,360,1.53,23500,24400,1400-5-10,2021-08-01
496,گوهرانح,ح . س. توسعه گوهران اميد,332,1657255,5883012140,3620,3490,3520,-100,-2.76,3550,-70,-1.93,3490,3650,1400-5-10,2021-08-01
497,تايرا,تراكتورسازي‌ايران‌,331,1301284,29428747460,23180,23160,22210,-970,-4.18,22620,-560,-2.42,22120,23160,1400-5-10,2021-08-01
498,آوا,صندوق س.سهام آواي معيار-س,329,2735097,19518669892,7139,7159,7139,0,0,7136,-3,-0.04,7070,7171,1400-5-10,2021-08-01
499,كاريس,صندوق س.سپهر كاريزما-س,329,1186746,15851284219,13263,13415,13315,52,0.39,13357,94,0.71,13288,13470,1400-5-10,2021-08-01
500,تكنو,تكنوتار,328,607496,9298720330,15960,15490,15200,-760,-4.76,15530,-430,-2.69,15200,15700,1400-5-10,2021-08-01
501,دالبر,البرزدارو,326,920121,11194994870,12720,12600,12250,-470,-3.69,12310,-410,-3.22,12090,12720,1400-5-10,2021-08-01
502,اتكام,شركت بيمه اتكايي امين,324,1525354,7681260339,4998,4950,5060,62,1.24,5017,19,0.38,4930,5180,1400-5-10,2021-08-01
503,وپسا,س. پتروشيمي ساختمان  خليج فارس,320,4088879,7442137909,1842,1859,1830,-12,-0.65,1820,-22,-1.19,1811,1860,1400-5-10,2021-08-01
504,دكيمي,كيميدارو,315,471692,10154929350,21460,21950,21520,60,0.28,21510,50,0.23,20800,21950,1400-5-10,2021-08-01
505,ولبهمن,شركت بهمن ليزينگ,311,1591879,11372018594,7141,7171,7164,23,0.32,7143,2,0.03,7087,7270,1400-5-10,2021-08-01
506,فافزا,فولاد افزا سپاهان,305,217984,9300320161,43596,42310,42293,-1303,-2.99,42721,-875,-2.01,42289,44372,1400-5-10,2021-08-01
507,تسه9910,امتياز تسهيلات مسكن دي99,304,4424,2628228045,600740,595050,587800,-12940,-2.15,594084,-6656,-1.11,570801,619999,1400-5-10,2021-08-01
508,وارس,سرمايه گذاري ارس صبا,304,1075782,16369437868,15572,15590,15105,-467,-3,15216,-356,-2.29,15105,15998,1400-5-10,2021-08-01
509,وايرا,سرمايه گذاري صنايع ايران,304,2313470,18990551986,8204,8012,8199,-5,-0.06,8209,5,0.06,7990,8348,1400-5-10,2021-08-01
510,گوهران,سرمايه گذاري توسعه گوهران اميد,301,2226665,11220021893,5067,5165,5048,-19,-0.37,5046,-21,-0.41,4986,5165,1400-5-10,2021-08-01
511,دروز,داروسازي‌ روزدارو,300,308963,9082672980,29750,28750,29120,-630,-2.12,29530,-220,-0.74,28750,30070,1400-5-10,2021-08-01
512,لبوتان,گروه‌صنعتي‌بوتان‌,299,174077,8674456640,49100,49200,49710,610,1.24,49530,430,0.88,48820,50300,1400-5-10,2021-08-01
513,سپاس,صندوق س. پاداش سهامداري-ثابت,296,12436392,126131161800,10137,10143,10142,5,0.05,10142,5,0.05,10142,10146,1400-5-10,2021-08-01
514,شرنگي,شيميايي رنگين,294,51455,10709599951,209457,215740,203180,-6277,-3,208135,-1322,-0.63,203174,215740,1400-5-10,2021-08-01
515,كطبس,ذغال‌سنگ‌ نگين‌ ط‌بس‌,292,297975,17157019450,58450,58200,56890,-1560,-2.67,57580,-870,-1.49,56850,59300,1400-5-10,2021-08-01
516,شكربن,كربن‌ ايران‌,289,671823,63657321750,90860,91000,95400,4540,5,94750,3890,4.28,90540,95400,1400-5-10,2021-08-01
517,تسه9909,امتياز تسهيلات مسكن آذر99,288,4123,2456320454,599979,575099,590000,-9979,-1.66,595760,-4219,-0.7,575099,607990,1400-5-10,2021-08-01
518,زرين,صندوق س. سهام زرين كوروش-س,283,976873,11738416797,11539,11650,12072,533,4.62,12016,477,4.13,11650,12100,1400-5-10,2021-08-01
519,قمرو,قند مرودشت‌,277,347583,8468939220,24540,24100,24350,-190,-0.77,24440,-100,-0.41,24100,24850,1400-5-10,2021-08-01
520,دعبيد,لابراتوارداروسازي‌  دكترعبيدي‌,274,498314,12262853420,25000,24650,24570,-430,-1.72,24890,-110,-0.44,24420,24940,1400-5-10,2021-08-01
521,خلنت,لنت‌ ترمزايران‌,267,208336,11206204390,51260,53820,53820,2560,4.99,53010,1750,3.41,52250,53820,1400-5-10,2021-08-01
522,وساشرقي,شركت س استان آذربايجان شرقي,262,9544755,7445538975,818,778,782,-36,-4.4,814,-4,-0.49,778,810,1400-5-10,2021-08-01
523,فيروزه,صندوق شاخص30 شركت فيروزه- سهام,259,91726,14715006950,156340,160390,161000,4660,2.98,160420,4080,2.61,157910,161650,1400-5-10,2021-08-01
524,ضسپا8042,اختيارخ خساپا-1800-1400/08/26,259,14377,4270757000,299,296,290,-9,-3.01,297,-2,-0.67,286,310,1400-5-10,2021-08-01
525,سبجنو,سيمان‌ بجنورد,258,267004,11389649780,43720,44090,41970,-1750,-4,42930,-790,-1.81,41670,44090,1400-5-10,2021-08-01
526,خنصير,مهندسي‌نصيرماشين‌,258,2047876,25127438520,12910,12270,12270,-640,-4.96,12270,-640,-4.96,12270,12270,1400-5-10,2021-08-01
527,ضسپا8041,اختيارخ خساپا-1600-1400/08/26,254,9121,3705443000,394,405,395,1,0.25,406,12,3.05,380,449,1400-5-10,2021-08-01
528,شلعاب,لعابيران‌,252,1864150,16982406500,9580,9110,9110,-470,-4.91,9110,-470,-4.91,9110,9110,1400-5-10,2021-08-01
529,ولملت,واسپاري ملت,249,1999492,10021852740,5060,5030,4970,-90,-1.78,5030,-30,-0.59,4950,5190,1400-5-10,2021-08-01
530,وبازار,صندوق س شاخصي بازارآشنا,248,1329995,16185987040,11980,12200,12140,160,1.34,12170,190,1.59,12000,12340,1400-5-10,2021-08-01
531,شكلر,نيروكلر,245,1442078,51294714460,33880,35570,35570,1690,4.99,35570,1690,4.99,35570,35570,1400-5-10,2021-08-01
532,سباقر,سيمان باقران,232,1353477,20779788707,15808,15570,15334,-474,-3,15353,-455,-2.88,15334,15766,1400-5-10,2021-08-01
533,ثباغ,شهر سازي و خانه سازي باغميشه,231,571058,6760432276,11672,11670,11800,128,1.1,11745,73,0.63,11670,12200,1400-5-10,2021-08-01
534,كپرور,فرآوري زغال سنگ پروده طبس,230,441728,15117648051,34142,35200,34631,489,1.43,34224,82,0.24,34000,35200,1400-5-10,2021-08-01
535,بميلا,توسعه بازرگاني آهن وفولادميلاد,230,2793290,41550490776,14540,14730,14976,436,3,14875,335,2.3,14500,14976,1400-5-10,2021-08-01
536,فراز,صندوق س.سهام فراز داريك-س,227,2957985,36151510823,12221,12224,12225,4,0.03,12222,1,0.01,11000,12285,1400-5-10,2021-08-01
537,قهكمت,قندهكمتان‌,225,344950,11927725310,34990,35520,34370,-620,-1.77,34650,-340,-0.97,34000,35520,1400-5-10,2021-08-01
538,سجام,مجتمع سيمان غرب آسيا,224,2570029,9659206044,3803,3700,3780,-23,-0.6,3759,-44,-1.16,3700,3837,1400-5-10,2021-08-01
539,دسينا,داروسازي‌ سينا,223,409442,8708852790,21200,21300,21370,170,0.8,21240,40,0.19,21010,21500,1400-5-10,2021-08-01
540,سكرما,سيمان‌ كرمان‌,221,715250,11925668280,16820,17070,16540,-280,-1.66,16700,-120,-0.71,16330,17070,1400-5-10,2021-08-01
541,وتوشه,سرمايه‌ گذاري‌ پارس‌ توشه‌,221,1061923,6532657790,6170,6290,6140,-30,-0.49,6160,-10,-0.16,6110,6300,1400-5-10,2021-08-01
542,ثجوان,تامين مسكن جوانان,219,763896,7435328059,10019,10161,9719,-300,-2.99,9805,-214,-2.14,9719,10259,1400-5-10,2021-08-01
543,تسه9907,امتياز تسهيلات مسكن مهر99,215,3765,2235533481,597255,585299,580189,-17066,-2.86,593767,-3488,-0.58,570001,600001,1400-5-10,2021-08-01
544,قچار,فراوردههاي غذايي وقند چهارمحال,215,1850073,33317964657,17152,18009,18009,857,5,18009,857,5,18009,18009,1400-5-10,2021-08-01
545,آساس,صندوق س.آسمان آرماني سهام-س,215,62796,10608209699,167644,168999,169570,1926,1.15,168931,1287,0.77,167500,169900,1400-5-10,2021-08-01
546,فن آوا,گروه فن آوا,207,9824094,182551314708,18041,18582,18582,541,3,18582,541,3,18582,18582,1400-5-10,2021-08-01
547,وزمين,بانك ايران زمين,206,2355488,24212064575,10301,10005,10260,-41,-0.4,10279,-22,-0.21,10005,10310,1400-5-10,2021-08-01
548,وتعاون,بيمه  تعاون,206,1388530,6681211562,4674,4814,4814,140,3,4763,89,1.9,4751,4814,1400-5-10,2021-08-01
549,تسه9902,امتياز تسهيلات مسكن ارديبهشت99,204,3472,2073099022,606333,585555,632668,26335,4.34,597091,-9242,-1.52,576017,632668,1400-5-10,2021-08-01
550,شاملا,معدني‌ املاح‌  ايران‌,201,131211,5299070520,39390,40160,40500,1110,2.82,39730,340,0.86,39510,41070,1400-5-10,2021-08-01
551,ضخود7076,اختيارخ خودرو-2500-1400/07/07,198,8083,929537000,122,102,108,-14,-11.48,115,-7,-5.74,102,129,1400-5-10,2021-08-01
552,آريان,سرمايه گذاري پارس آريان,193,7284317,105695439670,14088,14510,14510,422,3,14508,420,2.98,14510,14510,1400-5-10,2021-08-01
553,وحكمت,بيمه حكمت صبا,186,4226776,18487918224,4247,4374,4374,127,2.99,4374,127,2.99,4374,4374,1400-5-10,2021-08-01
554,ضخود7078,اختيارخ خودرو-3500-1400/07/07,185,9142,250900000,31,27,25,-6,-19.35,27,-4,-12.9,25,34,1400-5-10,2021-08-01
555,سكه0011پ02,تمام سكه طرح جديد0011ملت,180,30400,34799096100,1160712,1190000,1137100,-23612,-2.03,1144707,-16005,-1.38,1136000,1199989,1400-5-10,2021-08-01
556,نهال,صندوق س. طلاي سرخ نوويرا,172,639656,6348489232,9763,9663,9980,217,2.22,9925,162,1.66,9663,10000,1400-5-10,2021-08-01
557,تسه9904,امتياز تسهيلات مسكن تير99,170,2635,1581146930,608184,582650,634999,26815,4.41,600056,-8128,-1.34,577775,634999,1400-5-10,2021-08-01
558,دفرا,فرآورده‌هاي‌ تزريقي‌ ايران‌,167,191489,5195154520,27150,26360,27000,-150,-0.55,27140,-10,-0.04,26250,27970,1400-5-10,2021-08-01
559,سكه0012پ04,تمام سكه طرح جديد0012صادرات,165,36100,41235903200,1154980,1156509,1136100,-18880,-1.63,1142269,-12711,-1.1,1136000,1165000,1400-5-10,2021-08-01
560,دپارس,پارس‌ دارو,159,597593,20865578420,33280,34500,34940,1660,4.99,34920,1640,4.93,34500,34940,1400-5-10,2021-08-01
561,سنوين,سرمايه گذاري اقتصاد نوين,158,1086150,8538927205,8103,7860,7860,-243,-3,7889,-214,-2.64,7860,8097,1400-5-10,2021-08-01
562,تسه9906,امتياز تسهيلات مسكن شهريور99,156,4924,2990890546,604558,610000,596300,-8258,-1.37,607411,2853,0.47,576000,610000,1400-5-10,2021-08-01
563,پارتا,مجتمع‌صنعتي‌آرتاويل‌تاير,153,521531,15147323315,29530,30400,28888,-642,-2.17,29242,-288,-0.98,28745,30400,1400-5-10,2021-08-01
564,تسه9903,امتياز تسهيلات مسكن خرداد99,150,2076,1238016574,608720,581505,636999,28279,4.65,596347,-12373,-2.03,578284,636999,1400-5-10,2021-08-01
565,ساروج,بين المللي ساروج بوشهر,150,499829,9119427613,18798,19050,18235,-563,-2.99,18282,-516,-2.74,18235,19050,1400-5-10,2021-08-01
566,آساميد,صندوق س.مشترك آسمان اميد -د,150,4497320,56322810298,12513,12520,12521,8,0.06,12524,11,0.09,12520,12527,1400-5-10,2021-08-01
567,اخزا901,اسنادخزانه-م1بودجه99-010621,149,146956,118765463121,806908,796003,808500,1592,0.2,808170,1262,0.16,796003,809908,1400-5-10,2021-08-01
568,تسه9810,امتياز تسهيلات مسكن دي98,149,2942,1748458000,591775,580107,620999,29224,4.94,594309,2534,0.43,570000,620999,1400-5-10,2021-08-01
569,اخزا910,اسنادخزانه-م10بودجه99-020807,146,269747,175748741785,652977,652010,652400,-577,-0.09,651532,-1445,-0.22,650000,653000,1400-5-10,2021-08-01
570,گپارس,امور رفاهي كارگزاران پارس,145,31128,3516242046,116267,113010,112779,-3488,-3,115038,-1229,-1.06,112779,117400,1400-5-10,2021-08-01
571,تسه9905,امتياز تسهيلات مسكن مرداد99,143,3086,1853814253,606068,585000,600000,-6068,-1,600717,-5351,-0.88,575765,610000,1400-5-10,2021-08-01
572,تماوند,تامين سرمايه دماوند,139,3370327,17478497448,5204,5211,5155,-49,-0.94,5186,-18,-0.35,5100,5330,1400-5-10,2021-08-01
573,اخزا723,اسنادخزانه-م23بودجه97-000824,137,117211,110914704197,948202,950000,946000,-2202,-0.23,946282,-1920,-0.2,944563,952000,1400-5-10,2021-08-01
574,اخزا914,اسنادخزانه-م14بودجه99-021025,136,270530,169127734373,627635,627500,626000,-1635,-0.26,625172,-2463,-0.39,623051,627500,1400-5-10,2021-08-01
575,غگلستا,شير پاستوريزه پگاه گلستان,136,400662,9125878374,23975,22777,22777,-1198,-5,23177,-798,-3.33,22777,22777,1400-5-10,2021-08-01
576,هجرت,پخش هجرت,129,703800,19156028400,25922,27218,27218,1296,5,27218,1296,5,27218,27218,1400-5-10,2021-08-01
577,وسديد,گروه ‌صنعتي‌سديد,126,1532938,2406712660,1602,1570,1570,-32,-2,1598,-4,-0.25,1570,1570,1400-5-10,2021-08-01
578,غديس,پاكديس,123,957329,13264750624,13197,13856,13856,659,4.99,13752,555,4.21,13856,13856,1400-5-10,2021-08-01
579,ولغدر,ليزينگ‌خودروغدير,123,488153,8576848210,18490,17570,17570,-920,-4.98,17910,-580,-3.14,17570,17570,1400-5-10,2021-08-01
580,فردا,صندوق س آواي فرداي زاگرس-ثابت,123,3120635,34797097253,11144,11150,11151,7,0.06,11151,7,0.06,11150,11153,1400-5-10,2021-08-01
581,ارمغان,ص سرمايه گذاري ارمغان ايرانيان,122,2147844,21745269627,10122,10120,10125,3,0.03,10124,2,0.02,10120,10126,1400-5-10,2021-08-01
582,قشهد,شهد,120,620027,10596261430,18980,17090,17090,-1890,-9.96,17500,-1480,-7.8,17090,17090,1400-5-10,2021-08-01
583,سدشت,صنايع سيمان دشتستان,117,74991,3956068380,55160,52830,52410,-2750,-4.99,54780,-380,-0.69,52410,54810,1400-5-10,2021-08-01
584,سپر,صندوق س سپر سرمايه بيدار- ثابت,114,2949242,36533101148,12380,12386,12398,18,0.15,12387,7,0.06,12385,12398,1400-5-10,2021-08-01
585,خاتم,صندوق س خاتم ايساتيس پويا-ثابت,113,1279518,14872825656,11603,11622,11627,24,0.21,11624,21,0.18,11621,11634,1400-5-10,2021-08-01
586,غصينو,صنعتي مينو,113,185684,8282620504,46953,44606,44606,-2347,-5,46701,-252,-0.54,44606,44606,1400-5-10,2021-08-01
587,تسه9812,امتياز تسهيلات مسكن اسفند98,112,1501,887262663,592308,588000,580009,-12299,-2.08,591114,-1194,-0.2,562693,608000,1400-5-10,2021-08-01
588,تسه9901,امتياز تسهيلات مسكن فروردين99,111,1542,936461831,612805,600000,635000,22195,3.62,607303,-5502,-0.9,582165,635000,1400-5-10,2021-08-01
589,دقاضي,داروسازي شهيد قاضي,110,76991,2029084254,26830,26260,26263,-567,-2.11,26731,-99,-0.37,26252,26830,1400-5-10,2021-08-01
590,ضخود7074,اختيارخ خودرو-1800-1400/07/07,109,3373,1364688000,414,260,409,-5,-1.21,405,-9,-2.17,260,426,1400-5-10,2021-08-01
591,افق ملت,صندوق س در سهام افق ملت,108,28939,4222523740,143690,146500,145800,2110,1.47,145910,2220,1.54,144000,146500,1400-5-10,2021-08-01
592,سحرخيز,صندوق س. گروه زعفران سحرخيز,107,168819,1557018315,9279,9380,9239,-40,-0.43,9223,-56,-0.6,9205,9380,1400-5-10,2021-08-01
593,ثنور,سرمايه گذاري كوه نور,105,1644900,12257794800,7235,7452,7452,217,3,7452,217,3,7452,7452,1400-5-10,2021-08-01
594,ضملي7003,اختيارخ فملي-11720-1400/07/11,105,614,1600574000,2655,2533,2560,-95,-3.58,2607,-48,-1.81,2533,2765,1400-5-10,2021-08-01
595,وسنا,سرمايه گذاري نيروگاهي ايران,104,1443963,20716537161,13930,14347,14347,417,2.99,14347,417,2.99,14347,14347,1400-5-10,2021-08-01
596,ضملت8041,اختيارخ وبملت-3434-1400/08/19,104,3312,2656086000,899,830,770,-129,-14.35,802,-97,-10.79,751,880,1400-5-10,2021-08-01
597,تابا,تابان نيرو سپاهان,103,109455,3695857530,34810,33766,33766,-1044,-3,34410,-400,-1.15,33766,33766,1400-5-10,2021-08-01
598,آتيمس,صندوق س.آرمان آتيه درخشان مس-س,98,18424,3571896185,192845,194540,194000,1155,0.6,193872,1027,0.53,192000,194540,1400-5-10,2021-08-01
599,اخزا908,اسنادخزانه-م8بودجه99-020606,96,318077,214051716910,672276,670555,673010,734,0.11,672956,680,0.1,670210,674000,1400-5-10,2021-08-01
600,غپونه,نوش پونه مشهد,95,898058,14280918316,15439,15902,15902,463,3,15902,463,3,15902,15902,1400-5-10,2021-08-01
601,ومشان,س. فني و مهندسي مشانير,95,103732,7580008436,70945,73073,73073,2128,3,72473,1528,2.15,73073,73073,1400-5-10,2021-08-01
602,شستان,پتروشيمي گلستان,93,1287935,3760618200,2863,2920,2920,57,1.99,2905,42,1.47,2880,2920,1400-5-10,2021-08-01
603,تسه9809,امتياز تسهيلات مسكن آذر98,88,709,422505587,590950,591000,580000,-10950,-1.85,595918,4968,0.84,580000,610000,1400-5-10,2021-08-01
604,تسه9805,امتياز تسهيلات مسكن مرداد98,87,2086,1226868793,584745,583333,582000,-2745,-0.47,588144,3399,0.58,581010,595000,1400-5-10,2021-08-01
605,صايند,صندوق س. گنجينه آينده روشن-د,87,517350,5248197270,10156,10120,10170,14,0.14,10144,-12,-0.12,10120,10172,1400-5-10,2021-08-01
606,تسه9806,امتياز تسهيلات مسكن شهريور98,86,1412,841006698,594245,590000,590000,-4245,-0.71,595614,1369,0.23,588010,602000,1400-5-10,2021-08-01
607,تسه9811,امتياز تسهيلات مسكن بهمن98,84,788,467667045,594094,600000,569504,-24590,-4.14,593486,-608,-0.1,564390,600000,1400-5-10,2021-08-01
608,آكورد2,صندوق س. آرمان آتي كوثر-د,84,8400000,8400000,33340,1,1,-33339,-100,1,-33339,-100,1,1,1400-5-10,2021-08-01
609,آرمان,بيمه آرمان,82,423445,2787528189,6545,6545,6660,115,1.76,6556,11,0.17,6540,6690,1400-5-10,2021-08-01
610,تسه9808,امتياز تسهيلات مسكن آبان98,81,707,419647098,599833,587510,570300,-29533,-4.92,593560,-6273,-1.05,570300,614000,1400-5-10,2021-08-01
611,ضشنا8004,اختيارخ شپنا-10800-1400/08/16,80,940,2729796000,2965,3200,2850,-115,-3.88,2904,-61,-2.06,2800,3200,1400-5-10,2021-08-01
612,ضسپا8043,اختيارخ خساپا-2000-1400/08/26,80,3666,729315000,213,192,190,-23,-10.8,199,-14,-6.57,185,220,1400-5-10,2021-08-01
613,اخزا906,اسنادخزانه-م6بودجه99-020321,72,72782,52411527332,716565,710029,724000,7435,1.04,720117,3552,0.5,707012,752393,1400-5-10,2021-08-01
614,سكه0112پ03,تمام سكه طرح جديد0112سامان,72,10500,12008644800,1159518,1162201,1140000,-19518,-1.68,1143680,-15838,-1.37,1136000,1162201,1400-5-10,2021-08-01
615,قجام,فرآوردههاي غذايي وقندتربت‌جام‌,71,536552,3602946680,6852,6715,6715,-137,-2,6749,-103,-1.5,6715,6715,1400-5-10,2021-08-01
616,تسه9807,امتياز تسهيلات مسكن مهر98,68,718,430023459,601005,586030,590010,-10995,-1.83,598918,-2087,-0.35,583150,603000,1400-5-10,2021-08-01
617,هفارس104,اختيارف ت فارس-11832-01/04/12,65,4513333,4513333,1,1,1,0,0,1,0,0,1,1,1400-5-10,2021-08-01
618,دارا,صندوق س. دارا الگوريتم-د,65,1745449,17489087999,10010,10025,10025,15,0.15,10020,10,0.1,10011,10025,1400-5-10,2021-08-01
619,اخزا911,اسنادخزانه-م11بودجه99-020906,65,285176,183105319394,643688,643000,643100,-588,-0.09,642078,-1610,-0.25,640011,643100,1400-5-10,2021-08-01
620,الماس,صندوق س.امين تدبيرگران فردا-س,63,13465,1510896185,112800,112510,112990,190,0.17,112209,-591,-0.52,112016,113000,1400-5-10,2021-08-01
621,ضپاس7029,اختيارخ وپارس-2500-1400/07/28,63,642,393238000,591,600,594,3,0.51,613,22,3.72,587,665,1400-5-10,2021-08-01
622,اخزا903,اسنادخزانه-م3بودجه99-011110,59,65515,49232706868,749774,756800,752200,2426,0.32,751472,1698,0.23,749029,756800,1400-5-10,2021-08-01
623,قلرست,قند لرستان‌,58,39787,1179286680,32930,29640,29640,-3290,-9.99,32640,-290,-0.88,29640,29640,1400-5-10,2021-08-01
624,اوصتا2,صندوق انديشه ورزان صباتامين -د,56,51500000,51500000,19357,1,1,-19356,-99.99,1,-19356,-99.99,1,1,1400-5-10,2021-08-01
625,ضمخا7076,اختيارخ اخابر-9700-1400/07/28,53,917,1098495000,1015,1050,1130,115,11.33,1198,183,18.03,855,1249,1400-5-10,2021-08-01
626,كيان2,صندوق س. با درآمد ثابت كيان,52,5200000,5200000,29675,1,1,-29674,-100,1,-29674,-100,1,1,1400-5-10,2021-08-01
627,اطلس2,صندوق س.توسعه اندوخته آينده-س,51,510000,510000,241021,1,1,-241020,-100,1,-241020,-100,1,1,1400-5-10,2021-08-01
628,زعف0008پ10,زعفران0008نگين طلاي سرخ(پ),47,152695,21510578450,140566,140000,140900,334,0.24,140873,307,0.22,139400,140900,1400-5-10,2021-08-01
629,دشيري,شيرين دارو,45,48586,9571199070,203087,196995,196995,-6092,-3,196995,-6092,-3,196995,196995,1400-5-10,2021-08-01
630,شزنگ,تجهيزنيروي‌زنگان‌,44,16088,2042822064,130905,126978,126978,-3927,-3,130042,-863,-0.66,126978,126978,1400-5-10,2021-08-01
631,اخزا902,اسنادخزانه-م2بودجه99-011019,41,74685,56753830193,758638,765000,760010,1372,0.18,759909,1271,0.17,758002,765000,1400-5-10,2021-08-01
632,بذر,صندوق س بذر اميد آفرين-سهام,41,8891,915840720,100220,100730,102700,2480,2.47,103010,2790,2.78,100730,103360,1400-5-10,2021-08-01
633,ضپال2007,اختيارخ اپال-32000-1401/02/12,39,716,575067000,834,835,787,-47,-5.64,803,-31,-3.72,785,835,1400-5-10,2021-08-01
634,ضسپا8044,اختيارخ خساپا-2500-1400/08/26,38,1577,181422000,140,120,104,-36,-25.71,115,-25,-17.86,104,139,1400-5-10,2021-08-01
635,شكبير,پتروشيمي اميركبير,38,395679,33776742156,82878,85364,85364,2486,3,83686,808,0.97,85364,85364,1400-5-10,2021-08-01
636,ضملي7004,اختيارخ فملي-13720-1400/07/11,38,176,255849000,1442,1600,1301,-141,-9.78,1454,12,0.83,1301,1600,1400-5-10,2021-08-01
637,اوصتا,صندوق انديشه ورزان صباتامين -د,36,602367,11671425761,19357,19377,19378,21,0.11,19376,19,0.1,19375,19378,1400-5-10,2021-08-01
638,ضصاد8033,اختيارخ وبصادر-2489-1400/08/12,36,1652,397475000,266,240,230,-36,-13.53,241,-25,-9.4,225,250,1400-5-10,2021-08-01
639,ضشنا8003,اختيارخ شپنا-8800-1400/08/16,36,435,1887514000,4412,4699,4100,-312,-7.07,4339,-73,-1.65,4100,4699,1400-5-10,2021-08-01
640,دارا2,صندوق س. دارا الگوريتم-د,35,3500000,3500000,10010,1,1,-10009,-99.99,1,-10009,-99.99,1,1,1400-5-10,2021-08-01
641,اخزا904,اسنادخزانه-م4بودجه99-011215,34,143211,105779524476,736493,737500,739900,3407,0.46,738627,2134,0.29,737500,740000,1400-5-10,2021-08-01
642,قيستو,شركت قند بيستون,33,1429477,20014107477,13727,14001,14001,274,2,14001,274,2,14001,14001,1400-5-10,2021-08-01
643,ثروتم,صندوق س. ثروت آفرين پارسيان-س,33,58010,4953084260,84776,85159,85334,558,0.66,85383,607,0.72,85123,85585,1400-5-10,2021-08-01
644,خپويش,سازه‌ پويش‌,32,26976,1414081920,55170,52420,52420,-2750,-4.98,54880,-290,-0.53,52420,52420,1400-5-10,2021-08-01
645,ضخود7072,اختيارخ خودرو-1400-1400/07/07,31,324,230275000,704,820,685,-19,-2.7,711,7,0.99,660,820,1400-5-10,2021-08-01
646,زعف0008پ05,زعفران0008نگين زرين(پ),31,23701,3072948763,129605,130001,130000,395,0.3,129655,50,0.04,129376,131500,1400-5-10,2021-08-01
647,اخزا814,اسنادخزانه-م14بودجه98-010318,31,74845,63604153680,848919,848800,850100,1181,0.14,849812,893,0.11,848800,850100,1400-5-10,2021-08-01
648,صنوين,صندوق سرمايه‌گذاري صنوين-مختلط,30,18972,2145394510,112480,112500,113100,620,0.55,113080,600,0.53,110130,115000,1400-5-10,2021-08-01
649,آسام,صندوق س.آرمان سپهر آشنا-م,30,3990,465501120,114551,114600,116600,2049,1.79,116667,2116,1.85,114600,117999,1400-5-10,2021-08-01
650,اخزا909,اسنادخزانه-م9بودجه99-020316,29,187889,131924882110,702001,691111,703000,999,0.14,702143,142,0.02,691111,703000,1400-5-10,2021-08-01
651,ضپاس7030,اختيارخ وپارس-3000-1400/07/28,28,327,110887000,357,302,325,-32,-8.96,339,-18,-5.04,302,370,1400-5-10,2021-08-01
652,عيار2,صندوق سكه طلاي مفيد,28,280000,280000,29659,1,1,-29658,-100,1,-29658,-100,1,1,1400-5-10,2021-08-01
653,زعف0008پ08,زعفران0008نگين روستا(پ),28,16826,2176893426,130607,129386,129376,-1231,-0.94,129377,-1230,-0.94,129376,129386,1400-5-10,2021-08-01
654,كتوكا,توليدي و خدمات صنايع نسوز توكا,27,20886,601349712,30307,28792,28792,-1515,-5,30243,-64,-0.21,28792,28792,1400-5-10,2021-08-01
655,گنجين,صندوق س. گنجينه يكم آويد-د,26,190382,2543896688,13352,13365,13367,15,0.11,13362,10,0.07,13358,13368,1400-5-10,2021-08-01
656,همبين102,اختيارف ت مبين17952-01/02/10,26,1000000,1000000,1,1,1,0,0,1,0,0,1,1,1400-5-10,2021-08-01
657,دمعيار,صندوق س. توازن معيار-د,25,241652,2428920661,10045,10050,10055,10,0.1,10051,6,0.06,10050,10055,1400-5-10,2021-08-01
658,ضملي7002,اختيارخ فملي-9720-1400/07/11,25,137,569097000,4566,4210,4101,-465,-10.18,4154,-412,-9.02,4050,4300,1400-5-10,2021-08-01
659,ضسپا8039,اختيارخ خساپا-1200-1400/08/26,24,608,420417000,683,695,680,-3,-0.44,691,8,1.17,680,700,1400-5-10,2021-08-01
660,اراد50,مرابحه عام دولت5-ش.خ0302,24,290800,290800090100,1000001,1000000,1000001,0,0,1000000,-1,0,1000000,1000001,1400-5-10,2021-08-01
661,ضصاد8030,اختيارخ وبصادر-1589-1400/08/12,24,521,378207000,782,900,657,-125,-15.98,726,-56,-7.16,657,900,1400-5-10,2021-08-01
662,اخزا806,اسنادخزانه-م6بودجه98-000519,24,4132,4111348158,994293,994999,994999,706,0.07,995002,709,0.07,994999,995999,1400-5-10,2021-08-01
663,اخزا907,اسنادخزانه-م7بودجه99-020704,24,67618,44837250453,662813,663000,663500,687,0.1,663096,283,0.04,660000,663650,1400-5-10,2021-08-01
664,جهرمح,ح.پتروشيمي جهرم,23,922200,308478400,353,374,332,-21,-5.95,335,-18,-5.1,332,374,1400-5-10,2021-08-01
665,وپخش,داروپخش‌ (هلدينگ‌,23,366807,9892784790,25690,26970,26970,1280,4.98,26020,330,1.28,26970,26970,1400-5-10,2021-08-01
666,هنوري102,اختيارف ت نوري59561-01/02/15,23,215414,215414,1,1,1,0,0,1,0,0,1,1,1400-5-10,2021-08-01
667,غدام,خوراك‌  دام‌ پارس‌,22,1492,520678160,367340,348980,348980,-18360,-5,366640,-700,-0.19,348980,348980,1400-5-10,2021-08-01
668,گوهر2,صندوق سكه طلاي كيان,20,200000,200000,58331,1,1,-58330,-100,1,-58330,-100,1,1,1400-5-10,2021-08-01
669,اخزا808,اسنادخزانه-م8بودجه98-000817,20,40533,38494060942,947802,949000,950100,2298,0.24,949697,1895,0.2,949000,950946,1400-5-10,2021-08-01
670,فكمند,گسترش قطعه سازي كمند,20,91891,2174141060,22971,23660,23660,689,3,23116,145,0.63,23660,23660,1400-5-10,2021-08-01
671,شگويات.ف0104,اختيارف.تبعي شگويا010408,20,154286,154286,1,1,1,0,0,1,0,0,1,1,1400-5-10,2021-08-01
672,هفجر102,اختيارف ت بفجر8626-01/02/11,19,750000,750000,1,1,1,0,0,1,0,0,1,1,1400-5-10,2021-08-01
673,كابگن,توليدي و صنعتي آبگينه‌,19,64500,347074500,5328,5381,5381,53,0.99,5335,7,0.13,5381,5381,1400-5-10,2021-08-01
674,ضملت8042,اختيارخ وبملت-3934-1400/08/19,19,401,233622000,672,570,541,-131,-19.49,583,-89,-13.24,500,630,1400-5-10,2021-08-01
675,ضمخا7071,اختيارخ اخابر-23700-1400/07/28,18,647,25965000,56,78,32,-24,-42.86,40,-16,-28.57,31,78,1400-5-10,2021-08-01
676,سدبير,س. تدبيرگران فارس وخوزستان,18,13232,579151408,46072,43769,43769,-2303,-5,45975,-97,-0.21,43769,43769,1400-5-10,2021-08-01
677,سجامح,ح.مجتمع سيمان غرب آسيا,17,182500,418105000,2415,2559,2271,-144,-5.96,2291,-124,-5.13,2271,2559,1400-5-10,2021-08-01
678,اخزا821,اسنادخزانه-م21بودجه98-020906,17,48184,31312061378,647248,646570,650000,2752,0.43,649844,2596,0.4,646464,650000,1400-5-10,2021-08-01
679,اخزا811,اسنادخزانه-م11بودجه98-001013,16,17714,16338821500,921845,923500,922000,155,0.02,922368,523,0.06,922000,924000,1400-5-10,2021-08-01
680,لازما,كارخانه هاي صنعتي آزمايش,16,35013,760902516,22404,21732,21732,-672,-3,22350,-54,-0.24,21732,21732,1400-5-10,2021-08-01
681,اخزا718,اسنادخزانه-م18بودجه97-000525,16,7004,6940907006,990930,989005,991970,1040,0.1,990992,62,0.01,989005,992999,1400-5-10,2021-08-01
682,اخزا817,اسنادخزانه-م17بودجه98-010512,15,105002,86628253223,822594,822590,825003,2409,0.29,825015,2421,0.29,822590,830000,1400-5-10,2021-08-01
683,زعف0008پ11,زعفران0008نگين سحرخيز(پ),15,6552,875179100,132999,134990,132000,-999,-0.75,133574,575,0.43,132000,136185,1400-5-10,2021-08-01
684,ضملت8043,اختيارخ وبملت-4434-1400/08/19,15,344,116914000,256,350,350,94,36.72,340,84,32.81,306,438,1400-5-10,2021-08-01
685,اخزا815,اسنادخزانه-م15بودجه98-010406,13,4425,3728243915,838612,839502,841016,2404,0.29,842541,3929,0.47,839501,846600,1400-5-10,2021-08-01
686,ضپنا8001,اختيارخ رمپنا-11850-1400/08/05,13,134,815250000,7389,6500,5400,-1989,-26.92,6084,-1305,-17.66,5400,7000,1400-5-10,2021-08-01
687,اخزا905,اسنادخزانه-م5بودجه99-020218,13,96346,68823345800,713479,714000,714200,721,0.1,714335,856,0.12,714000,715000,1400-5-10,2021-08-01
688,ضپال2006,اختيارخ اپال-28000-1401/02/12,13,317,542935000,1735,1751,1750,15,0.86,1713,-22,-1.27,1665,1751,1400-5-10,2021-08-01
689,داريك,صندوق س.اعتماد داريك-د,13,136877,1495385511,10895,10907,10907,12,0.11,10925,30,0.28,10907,11043,1400-5-10,2021-08-01
690,هاميد104,اختيارف ت ثاميد-2050-01/04/20,13,400000,400000,47,1,1,-46,-97.87,1,-46,-97.87,1,1,1400-5-10,2021-08-01
691,اخزا004,اسنادخزانه-م4بودجه00-030522,12,219293,122823334884,559540,561222,560000,460,0.08,560088,548,0.1,560000,561222,1400-5-10,2021-08-01
692,ضجار7041,اختيارخ وتجارت-2997-1400/07/21,12,64,13212000,194,240,191,-3,-1.55,206,12,6.19,191,246,1400-5-10,2021-08-01
693,ثهام,صندوق س ثروت هامرز-سهام,12,25478,262953933,10315,10315,10550,235,2.28,10321,6,0.06,10315,10550,1400-5-10,2021-08-01
694,تملي706,تسهيلات مسكن ب. ملي-شهريور97,11,473,447098421,928090,949999,969999,41909,4.52,945240,17150,1.85,881686,969999,1400-5-10,2021-08-01
695,سكه0111پ05,تمام سكه طرح جديد0111آينده,11,2900,3301977000,1162452,1137070,1140000,-22452,-1.93,1138613,-23839,-2.05,1134000,1140000,1400-5-10,2021-08-01
696,ضصاد8032,اختيارخ وبصادر-1989-1400/08/12,11,316,127016000,439,421,390,-49,-11.16,402,-37,-8.43,390,421,1400-5-10,2021-08-01
697,ضملي7005,اختيارخ فملي-15720-1400/07/11,11,115,91400000,779,770,780,1,0.13,795,16,2.05,620,869,1400-5-10,2021-08-01
698,جهرم,پتروشيمي جهرم,11,66232,106368592,1655,1606,1606,-49,-2.96,1654,-1,-0.06,1606,1606,1400-5-10,2021-08-01
699,فيروزه2,صندوق شاخص30 شركت فيروزه- سهام,10,100000,100000,156340,1,1,-156339,-100,1,-156339,-100,1,1,1400-5-10,2021-08-01
700,اخزا713,اسنادخزانه-م13بودجه97-000518,10,4955,4930446975,995356,994999,995000,-356,-0.04,995045,-311,-0.03,994999,995500,1400-5-10,2021-08-01
701,فلات,گروه صنايع معادن فلات ايرانيان,10,75996,1084690908,14714,14273,14273,-441,-3,14665,-49,-0.33,14273,14273,1400-5-10,2021-08-01
702,اخزا818,اسنادخزانه-م18بودجه98-010614,10,10278,8335471700,810075,811000,811010,935,0.12,811001,926,0.11,811000,811010,1400-5-10,2021-08-01
703,بالبر,كابل‌ البرز,10,20499,890886540,45740,43460,43460,-2280,-4.98,45600,-140,-0.31,43460,43460,1400-5-10,2021-08-01
704,اخزا809,اسنادخزانه-م9بودجه98-000923,10,8712,8112959703,929784,930606,931010,1226,0.13,931240,1456,0.16,930606,932450,1400-5-10,2021-08-01
705,اخزا721,اسنادخزانه-م21بودجه97-000728,10,2569,2457870104,957600,955001,958400,800,0.08,956742,-858,-0.09,955001,959699,1400-5-10,2021-08-01
706,اراد35,مرابحه عام دولت3-ش.خ 0103,10,100200,95713746200,955044,960001,955044,0,0,955227,183,0.02,955044,960001,1400-5-10,2021-08-01
707,باران,بيمه زندگي باران50%تاديه,10,61649,254117178,4249,4122,4122,-127,-2.99,4246,-3,-0.07,4122,4122,1400-5-10,2021-08-01
708,ضترا8058,اختيارخ شتران-3442-1400/08/09,9,33,85320000,3494,2750,2400,-1094,-31.31,2585,-909,-26.02,2400,2750,1400-5-10,2021-08-01
709,ضجار7039,اختيارخ وتجارت-1997-1400/07/21,9,94,66149000,674,720,720,46,6.82,704,30,4.45,680,720,1400-5-10,2021-08-01
710,وهنر,گروه توسعه هنر ايران,9,54385,394291250,7474,7250,7250,-224,-3,7465,-9,-0.12,7250,7250,1400-5-10,2021-08-01
711,اخزا812,اسنادخزانه-م12بودجه98-001111,8,30000,27280000000,908175,910000,909000,825,0.09,909333,1158,0.13,909000,910000,1400-5-10,2021-08-01
712,بايكا,كارخانجات كابلسازي ‌ايران‌,8,4700,113110200,25332,24066,24066,-1266,-5,25317,-15,-0.06,24066,24066,1400-5-10,2021-08-01
713,ضصاد8031,اختيارخ وبصادر-1789-1400/08/12,8,60,32700000,610,550,540,-70,-11.48,545,-65,-10.66,530,550,1400-5-10,2021-08-01
714,سنير,سيمان‌ سفيد ني‌ريز,7,563,90265790,168760,160330,160330,-8430,-5,168710,-50,-0.03,160330,160330,1400-5-10,2021-08-01
715,هپارس102,اختيارف ت پارس-157010-01/02/05,7,48000,48000,1,1,1,0,0,1,0,0,1,1,1400-5-10,2021-08-01
716,اخزا813,اسنادخزانه-م13بودجه98-010219,7,7164,6183698579,862159,862159,863010,851,0.1,863163,1004,0.12,862159,865000,1400-5-10,2021-08-01
717,ضملي7001,اختيارخ فملي-8720-1400/07/11,7,36,193578000,5321,5654,5100,-221,-4.15,5377,56,1.05,5100,5654,1400-5-10,2021-08-01
718,ضپنا8002,اختيارخ رمپنا-13850-1400/08/05,7,30,152350000,4500,6000,4500,0,0,5078,578,12.84,4500,6000,1400-5-10,2021-08-01
719,ثاباد,توريستي ورفاهي آبادگران ايران,7,1767,84179880,50140,47640,47640,-2500,-4.99,50130,-10,-0.02,47640,47640,1400-5-10,2021-08-01
720,شكف,كف,7,1341,128033316,99454,95476,95476,-3978,-4,99401,-53,-0.05,95476,95476,1400-5-10,2021-08-01
721,سخواف,سيمان مجد خواف,7,3265,50885025,16066,15585,15585,-481,-2.99,16063,-3,-0.02,15585,15585,1400-5-10,2021-08-01
722,تپكو,توليدتجهيزات‌سنگين‌هپكو,6,17846,94137650,5382,5275,5275,-107,-1.99,5382,0,0,5275,5275,1400-5-10,2021-08-01
723,زعف0008پ20,زعفران0008نگين وحدت جام(پ),6,1450,187595200,128109,129376,129376,1267,0.99,129376,1267,0.99,129376,129376,1400-5-10,2021-08-01
724,طخود7075,اختيارف خودرو-2000-1400/07/07,6,156,15148000,100,99,100,0,0,97,-3,-3,90,100,1400-5-10,2021-08-01
725,اخزا810,اسنادخزانه-م10بودجه98-001006,6,54071,50024961606,923209,924106,925200,1991,0.22,925172,1963,0.21,924106,926000,1400-5-10,2021-08-01
726,ثالوند,سرمايه گذاري مسكن الوند,6,48365,1366021060,29730,28244,28244,-1486,-5,29587,-143,-0.48,28244,28244,1400-5-10,2021-08-01
727,تمحركه,ماشين سازي نيرو محركه,6,9608,128670336,13806,13392,13392,-414,-3,13801,-5,-0.04,13392,13392,1400-5-10,2021-08-01
728,ضغدر8057,اختيارخ وغدير-9000-1400/08/26,6,24,149098000,4700,6200,6249,1549,32.96,6212,1512,32.17,6100,6250,1400-5-10,2021-08-01
729,ضپاس7028,اختيارخ وپارس-2000-1400/07/28,6,76,73509000,990,1009,960,-30,-3.03,967,-23,-2.32,960,1009,1400-5-10,2021-08-01
730,پست0008پ08,پسته فندقي32-30مه ولات0008(پ),6,260,469285024,1845067,1805000,1800001,-45066,-2.44,1804942,-40125,-2.17,1800001,1820000,1400-5-10,2021-08-01
731,ثشرق,سرمايه گذاري مسكن شمال شرق,6,20370,117127500,6050,5750,5750,-300,-4.96,6050,0,0,5750,5750,1400-5-10,2021-08-01
732,زعف0008پ09,زعفران0008نگين نوين(پ),6,5069,712660000,138500,141000,140000,1500,1.08,140592,2092,1.51,140000,141000,1400-5-10,2021-08-01
733,فردا2,صندوق س آواي فرداي زاگرس-ثابت,6,600000,600000,11144,1,1,-11143,-99.99,1,-11143,-99.99,1,1,1400-5-10,2021-08-01
734,ضملت8044,اختيارخ وبملت-4934-1400/08/19,6,220,44304000,125,250,200,75,60,201,76,60.8,200,250,1400-5-10,2021-08-01
735,ضمخا7075,اختيارخ اخابر-8700-1400/07/28,6,165,280450000,1446,1600,1700,254,17.57,1700,254,17.57,1600,1750,1400-5-10,2021-08-01
736,تملي804,تسهيلات مسكن ب. ملي-تير98,6,48,45582369,928669,882236,975101,46432,5,949633,20964,2.26,882236,975101,1400-5-10,2021-08-01
737,كترام,توليدي‌ كاشي‌ تكسرام‌,5,2069,85884190,43690,41510,41510,-2180,-4.99,43680,-10,-0.02,41510,41510,1400-5-10,2021-08-01
738,حرهشا,رهشاد سپاهان (سهامي عام,5,1228,78697608,66068,64086,64086,-1982,-3,66052,-16,-0.02,64086,64086,1400-5-10,2021-08-01
739,ضپاس7031,اختيارخ وپارس-3500-1400/07/28,5,10,1802000,285,100,200,-85,-29.82,180,-105,-36.84,100,200,1400-5-10,2021-08-01
740,ضصاد8036,اختيارخ وبصادر-3989-1400/08/12,5,111,4985000,45,40,45,0,0,45,0,0,40,45,1400-5-10,2021-08-01
741,اراد62,مرابحه عام دولت62-ش.خ0309,5,113000,113000000000,1000000,1000000,1000000,0,0,1000000,0,0,1000000,1000000,1400-5-10,2021-08-01
742,ثاصفا,شركت‌ ساختمان‌ اصفهان‌,5,2312,55682208,24828,24084,24084,-744,-3,24824,-4,-0.02,24084,24084,1400-5-10,2021-08-01
743,ضجار7038,اختيارخ وتجارت-1797-1400/07/21,5,72,61270000,885,850,850,-35,-3.95,851,-34,-3.84,840,900,1400-5-10,2021-08-01
744,طلا2,صندوق س.پشتوانه طلاي لوتوس,5,500000,500000,83437,1,1,-83436,-100,1,-83436,-100,1,1,1400-5-10,2021-08-01
745,شتولي,تولي‌پرس‌,5,1986,60108276,31527,30266,30266,-1261,-4,31511,-16,-0.05,30266,30266,1400-5-10,2021-08-01
746,سپيدما2,صندوق س. سپيد دماوند-د,5,50000000,50000000,10774,1,1,-10773,-99.99,1,-10773,-99.99,1,1,1400-5-10,2021-08-01
747,پست0008پ09,پسته بادامي30-28مه ولات0008(پ),5,51,91800000,1755190,1800000,1800000,44810,2.55,1800000,44810,2.55,1800000,1800000,1400-5-10,2021-08-01
748,تملي703,تسهيلات مسكن ب. ملي-خرداد97,5,33,30082262,868178,911586,911581,43403,5,911584,43406,5,911581,911586,1400-5-10,2021-08-01
749,تملي708,تسهيلات مسكن ب. ملي-آبان97,4,36,30325428,802260,842373,842373,40113,5,842373,40113,5,842373,842373,1400-5-10,2021-08-01
750,سخند,صندوق س.سپهرخبرگان نفت-د,4,4700,47271400,10036,10040,10060,24,0.24,10058,22,0.22,10040,10060,1400-5-10,2021-08-01
751,پادا,صندوق س.پاداش سرمايه پارس-س,4,149,16120783,108106,108100,108367,261,0.24,108193,87,0.08,108100,108367,1400-5-10,2021-08-01
752,ضجار7042,اختيارخ وتجارت-3497-1400/07/21,4,152,22760000,109,130,150,41,37.61,150,41,37.61,130,150,1400-5-10,2021-08-01
753,ضمخا7066,اختيارخ اخابر-11700-1400/07/28,4,32,20470000,632,620,450,-182,-28.8,640,8,1.27,450,650,1400-5-10,2021-08-01
754,ضمخا7077,اختيارخ اخابر-6700-1400/07/28,4,15,46750000,2091,3000,3350,1259,60.21,3117,1026,49.07,3000,3350,1400-5-10,2021-08-01
755,اخزا807,اسنادخزانه-م7بودجه98-000719,4,13241,12753588656,963003,963200,963186,183,0.02,963189,186,0.02,963001,963250,1400-5-10,2021-08-01
756,زماهان,مجتمع توليد گوشت مرغ ماهان,4,4825,77378525,16881,16037,16037,-844,-5,16876,-5,-0.03,16037,16037,1400-5-10,2021-08-01
757,زعف0008پ16,زعفران0008نگين بيرجند(پ),4,6550,847412800,128109,129376,129376,1267,0.99,129376,1267,0.99,129376,129376,1400-5-10,2021-08-01
758,سلامت6,مرابحه سلامت6واجدشرايط خاص1400,4,100000,100000000000,1000000,1000000,1000000,0,0,1000000,0,0,1000000,1000000,1400-5-10,2021-08-01
759,ضترا8056,اختيارخ شتران-2558-1400/08/09,4,42,163230000,4200,4200,3100,-1100,-26.19,3886,-314,-7.48,3100,4200,1400-5-10,2021-08-01
760,سفاسي,شركت فارسيت اهواز,4,3273,24812613,7815,7581,7581,-234,-2.99,7814,-1,-0.01,7581,7581,1400-5-10,2021-08-01
761,كگهر2,سنگ آهن گهرزمين,4,5000000,224750000000,45130,44950,44950,-180,-0.4,44950,-180,-0.4,44950,44950,1400-5-10,2021-08-01
762,ضشنا8001,اختيارخ شپنا-6800-1400/08/16,3,46,255661000,5915,4807,5700,-215,-3.63,5558,-357,-6.04,4807,6400,1400-5-10,2021-08-01
763,زير0103پ01,زيره سبز0103كيميابذر(پ),3,390,291279924,774252,789999,732000,-42252,-5.46,746872,-27380,-3.54,732000,789999,1400-5-10,2021-08-01
764,ثزاگرس,سرمايه گذاري توسعه عمران زاگرس,3,940,47223720,52882,50238,50238,-2644,-5,52869,-13,-0.02,50238,50238,1400-5-10,2021-08-01
765,ضخود7073,اختيارخ خودرو-1600-1400/07/07,3,15,8376000,588,558,560,-28,-4.76,558,-30,-5.1,558,560,1400-5-10,2021-08-01
766,ضخود7080,اختيارخ خودرو-4500-1400/07/07,3,61,830000,31,10,11,-20,-64.52,14,-17,-54.84,10,15,1400-5-10,2021-08-01
767,ضپيك7042,اختيارخ تاپيكو-8070-00/07/18,3,30,120450000,5021,4090,4000,-1021,-20.33,4015,-1006,-20.04,4000,4090,1400-5-10,2021-08-01
768,زعف0008پ12,زعفران0008پوشالمعمول سحرخيز(پ),3,3000,312000000,103627,104000,104000,373,0.36,104000,373,0.36,104000,104000,1400-5-10,2021-08-01
769,ضفار8053,اختيارخ فارس-11400-1400/08/05,3,27,29800000,1950,1200,1100,-850,-43.59,1104,-846,-43.38,1100,1200,1400-5-10,2021-08-01
770,ضشنا8005,اختيارخ شپنا-12800-1400/08/16,3,21,34498000,1788,1690,1630,-158,-8.84,1643,-145,-8.11,1622,1690,1400-5-10,2021-08-01
771,تملي612,تسهيلات مسكن بانك ملي-اسفند96,3,81,55952046,657873,690766,690766,32893,5,690766,32893,5,690766,690766,1400-5-10,2021-08-01
772,شرق1400,مشاركت ليزينگ ايران وشرق140010,3,99,98980200,1000000,999800,999800,-200,-0.02,999800,-200,-0.02,999800,999800,1400-5-10,2021-08-01
773,خفناور,مهندسي صنعتي روان فن آور,3,2249,103447253,47419,45997,45997,-1422,-3,47404,-15,-0.03,45997,45997,1400-5-10,2021-08-01
774,ضفار8050,اختيارخ فارس-7400-1400/08/05,3,7,30000000,4500,5000,4000,-500,-11.11,4286,-214,-4.76,4000,5000,1400-5-10,2021-08-01
775,ثتوسا,س.توسعه و عمران استان اردبيل,3,2339,85766452,37802,36668,36668,-1134,-3,37792,-10,-0.03,36668,36668,1400-5-10,2021-08-01
776,ضترا8055,اختيارخ شتران-2118-1400/08/09,3,70,220000000,3400,4000,3000,-400,-11.76,3143,-257,-7.56,3000,4000,1400-5-10,2021-08-01
777,تملي709,تسهيلات مسكن ب. ملي-آذر97,2,17,13317990,753238,789999,774000,20762,2.76,783411,30173,4.01,774000,789999,1400-5-10,2021-08-01
778,كمرجان,بازرگاني و توليدي مرجان كار,2,76,10249968,141966,134868,134868,-7098,-5,141961,-5,0,134868,134868,1400-5-10,2021-08-01
779,كباده,توليد خاك نسوزاستقلال آباده,2,3000,27612000,8936,9204,9204,268,3,8937,1,0.01,9204,9204,1400-5-10,2021-08-01
780,حاريا,كشتيراني آريا,2,1789,29876300,17040,16700,16700,-340,-2,17038,-2,-0.01,16700,16700,1400-5-10,2021-08-01
781,كگل2,معدني و صنعتي گل گهر,2,12000000,264000000000,21900,22000,22000,100,0.46,22000,100,0.46,22000,22000,1400-5-10,2021-08-01
782,اخزا9112,اسنادخزانه-م11بودجه99-020906,2,957953,619539591000,643688,647000,645000,1312,0.2,646733,3045,0.47,645000,647000,1400-5-10,2021-08-01
783,افران2,صندوق س افرا نماد پايدار-ثابت,2,6400000,6400000,13911,1,1,-13910,-99.99,1,-13910,-99.99,1,1,1400-5-10,2021-08-01
784,زنجان,صنايع كشاورزي وكود زنجان,2,3600,31665600,9068,8796,8796,-272,-3,9067,-1,-0.01,8796,8796,1400-5-10,2021-08-01
785,تصميم2,صندوق س با درآمد ثابت تصميم,2,2000000,2000000,16981,1,1,-16980,-99.99,1,-16980,-99.99,1,1,1400-5-10,2021-08-01
786,وسخراج,شركت س استان خراسان جنوبي,2,12457,26259356,2218,2108,2108,-110,-4.96,2218,0,0,2108,2108,1400-5-10,2021-08-01
787,كيا,كيا الكترود شرق,2,100000,712000000,6804,7120,7120,316,4.64,7120,316,4.64,7120,7120,1400-5-10,2021-08-01
788,كاوه2,فولاد كاوه جنوب كيش,2,10000000,185100000000,18510,18510,18510,0,0,18510,0,0,18510,18510,1400-5-10,2021-08-01
789,وسالت,بانك قرض الحسنه رسالت,2,15046,17212624,1111,1144,1144,33,2.97,1111,0,0,1144,1144,1400-5-10,2021-08-01
790,زير0103پ04,زيره سبز0103شركت مينوبذر(پ),2,38,27816007,762177,732001,732000,-30177,-3.96,732000,-30177,-3.96,732000,732001,1400-5-10,2021-08-01
791,ضپيك7043,اختيارخ تاپيكو-10070-00/07/18,2,10,20055000,3000,2100,1911,-1089,-36.3,2005,-995,-33.17,1911,2100,1400-5-10,2021-08-01
792,وثخوز,سرمايه گذاري و توسعه خوزستان,2,160,10288320,67686,64302,64302,-3384,-5,67682,-4,-0.01,64302,64302,1400-5-10,2021-08-01
793,طصاد8032,اختيارف وبصادر-1989-1400/08/12,2,20,950000,45,45,50,5,11.11,47,2,4.44,45,50,1400-5-10,2021-08-01
794,فارس2,صنايع پتروشيمي خليج فارس,2,20000000,220400000000,10820,11020,11020,200,1.85,11020,200,1.85,11020,11020,1400-5-10,2021-08-01
795,زعف0008پ19,زعفران0008نگين تروند قاينات(پ),2,1000,141000000,140500,141000,141000,500,0.36,141000,500,0.36,141000,141000,1400-5-10,2021-08-01
796,داراب,پتروشيمي داراب,2,6050,14308250,2438,2365,2365,-73,-2.99,2438,0,0,2365,2365,1400-5-10,2021-08-01
797,زعف0008پ18,زعفران0008نگين بهرامن(پ),2,2000,282500000,140000,141500,141000,1000,0.71,141250,1250,0.89,141000,141500,1400-5-10,2021-08-01
798,هبساز103,اختيارف ت ثبهساز-2346-01/03/18,1,20000,20000,1,1,1,0,0,1,0,0,1,1,1400-5-10,2021-08-01
799,كهرام,توليدي گرانيت بهسرام,1,50,5486400,113121,109728,109728,-3393,-3,113119,-2,0,109728,109728,1400-5-10,2021-08-01
800,كاريس4,صندوق س.سپهر كاريزما-س,1,8890232,119493608312,13263,13441,13441,178,1.34,13441,178,1.34,13441,13441,1400-5-10,2021-08-01
801,ضخوز7039,اختيارخ فخوز-15200-1400/07/14,1,1,4500000,3474,4500,4500,1026,29.53,4500,1026,29.53,4500,4500,1400-5-10,2021-08-01
802,اخزا8162,اسنادخزانه-م16بودجه98-010503,1,139454,115607366000,826596,829000,829000,2404,0.29,829000,2404,0.29,829000,829000,1400-5-10,2021-08-01
803,اراد384,مرابحه عام دولت3-ش.خ 0105,1,458000,458000000000,1009000,1000000,1000000,-9000,-0.89,1000000,-9000,-0.89,1000000,1000000,1400-5-10,2021-08-01
804,گكيشح,ح.توريستي ورفاهي آبادگران كيش,1,33179,995370000,31173,30000,30000,-1173,-3.76,30000,-1173,-3.76,30000,30000,1400-5-10,2021-08-01
805,شتهران,داروسازي تهران شيمي,1,2417,17656185,7162,7305,7305,143,2,7162,0,0,7305,7305,1400-5-10,2021-08-01
806,تملي704,تسهيلات مسكن ب. ملي-تير97,1,7,5552071,834897,793153,793153,-41744,-5,793153,-41744,-5,793153,793153,1400-5-10,2021-08-01
807,طخود7077,اختيارف خودرو-3000-1400/07/07,1,1,890000,556,890,890,334,60.07,890,334,60.07,890,890,1400-5-10,2021-08-01
808,آكورد4,صندوق س. آرمان آتي كوثر-د,1,2400000,80056800000,33340,33357,33357,17,0.05,33357,17,0.05,33357,33357,1400-5-10,2021-08-01
809,وسزنجان,شركت س استان زنجان,1,11500,15513500,1420,1349,1349,-71,-5,1420,0,0,1349,1349,1400-5-10,2021-08-01
810,دحاوي,الحاوي,1,500,5892500,12149,11785,11785,-364,-3,12149,0,0,11785,11785,1400-5-10,2021-08-01
811,ضمخا7070,اختيارخ اخابر-19700-1400/07/28,1,2,320000,120,160,160,40,33.33,160,40,33.33,160,160,1400-5-10,2021-08-01
812,اخزا816,اسنادخزانه-م16بودجه98-010503,1,840,696360000,826596,829000,829000,2404,0.29,829000,2404,0.29,829000,829000,1400-5-10,2021-08-01
813,ثنظام,س. ساختماني نظام مهندسي ايران,1,115,5249520,47059,45648,45648,-1411,-3,47058,-1,0,45648,45648,1400-5-10,2021-08-01
814,گكيش,توريستي ورفاهي آبادگران كيش,1,150,6919350,47555,46129,46129,-1426,-3,47554,-1,0,46129,46129,1400-5-10,2021-08-01
815,شستان03,اجاره تجاري شستان14030915,1,100,101000000,1000000,1010000,1010000,10000,1,1010000,10000,1,1010000,1010000,1400-5-10,2021-08-01
816,مكرما304,مشاركت ش كرمانشاه304-3ماهه18%,1,2000,1960000000,1000000,980000,980000,-20000,-2,980000,-20000,-2,980000,980000,1400-5-10,2021-08-01
817,مكرما034,مشاركت ش كرمانشاه034-3ماهه18%,1,2000,1960000000,1000000,980000,980000,-20000,-2,980000,-20000,-2,980000,980000,1400-5-10,2021-08-01
818,اراد414,مرابحه عام دولت4-ش.خ 0006,1,2595800,2595800000000,999998,1000000,1000000,2,0,1000000,2,0,1000000,1000000,1400-5-10,2021-08-01
819,ضشنا8000,اختيارخ شپنا-5800-1400/08/16,1,6,42000000,7300,7000,7000,-300,-4.11,7000,-300,-4.11,7000,7000,1400-5-10,2021-08-01
820,سنفت102,سلف موازي استاندارد سنفت102,1,86000,121214334000,1407101,1409469,1409469,2368,0.17,1409469,2368,0.17,1409469,1409469,1400-5-10,2021-08-01
821,ومهان2,گروه توسعه مالي مهر آيندگان,1,25000000,370000000000,14811,14800,14800,-11,-0.07,14800,-11,-0.07,14800,14800,1400-5-10,2021-08-01
822,زعف0008پ15,زعفران0008پوشالمعمول طلاسرخ(پ),1,50,5250000,104600,105000,105000,400,0.38,105000,400,0.38,105000,105000,1400-5-10,2021-08-01
823,تملي710,تسهيلات مسكن ب. ملي-دي97,1,30,29445000,935238,981500,981500,46262,4.95,981500,46262,4.95,981500,981500,1400-5-10,2021-08-01
824,شستا003,اجاره تامين اجتماعي-سپهر000523,1,15,14775000,1000000,985000,985000,-15000,-1.5,985000,-15000,-1.5,985000,985000,1400-5-10,2021-08-01
825,قنقش,قند نقش جهان,1,142,9933326,71380,69953,69953,-1427,-2,71377,-3,0,69953,69953,1400-5-10,2021-08-01
826,پادا2,صندوق س.پاداش سرمايه پارس-س,1,100000,100000,10000,1,1,-9999,-99.99,1,-9999,-99.99,1,1,1400-5-10,2021-08-01
827,ضچاد7035,اختيارخ كچاد-25870-1400/07/04,1,5,26900000,5500,5380,5380,-120,-2.18,5380,-120,-2.18,5380,5380,1400-5-10,2021-08-01
828,جم2,پتروشيمي جم,1,1100000,47685000000,42940,43350,43350,410,0.95,43350,410,0.95,43350,43350,1400-5-10,2021-08-01
829,وشمال,س. چشم انداز توسعه شمال,1,287,24493154,87981,85342,85342,-2639,-3,87974,-7,-0.01,85342,85342,1400-5-10,2021-08-01
830,شپديس2,پتروشيمي پرديس,1,1370000,200239200000,146160,146160,146160,0,0,146160,0,0,146160,146160,1400-5-10,2021-08-01
831,ضغدر8060,اختيارخ وغدير-14000-1400/08/26,1,1,1500000,2900,1500,1500,-1400,-48.28,1500,-1400,-48.28,1500,1500,1400-5-10,2021-08-01
832,وغدير4,سرمايه‌گذاري‌غدير(هلدينگ‌,1,779510023,7000000006540,13660,8980,8980,-4680,-34.26,8980,-4680,-34.26,8980,8980,1400-5-10,2021-08-01
833,وصندوق2,سرمايه‌گذاري‌صندوق‌بازنشستگي‌,1,20000000,330000000000,16320,16500,16500,180,1.1,16500,180,1.1,16500,16500,1400-5-10,2021-08-01
834,سايرا,ايرانيت‌,1,140,5266520,38385,37618,37618,-767,-2,38384,-1,0,37618,37618,1400-5-10,2021-08-01
835,افاد82,منفعت دولت8-ش.خاص لوتوس0205,1,5000,4815000000,956333,963000,963000,6667,0.7,963000,6667,0.7,963000,963000,1400-5-10,2021-08-01
836,اراد464,مرابحه عام دولت4-ش.خ 0302,1,350000,350000000000,1000000,1000000,1000000,0,0,1000000,0,0,1000000,1000000,1400-5-10,2021-08-01
837,پارسا306,صكوك اجاره پارسيان-6ماهه16%,1,400,387600000,979000,969000,969000,-10000,-1.02,969000,-10000,-1.02,969000,969000,1400-5-10,2021-08-01
838,كاريس2,صندوق س.سپهر كاريزما-س,1,8900000,8900000,13263,1,1,-13262,-99.99,1,-13262,-99.99,1,1,1400-5-10,2021-08-01
839,ضجار7040,اختيارخ وتجارت-2497-1400/07/21,1,10,3020000,481,302,302,-179,-37.21,302,-179,-37.21,302,302,1400-5-10,2021-08-01
840,آوا2,صندوق س.سهام آواي معيار-س,1,2000000,2000000,7139,1,1,-7138,-99.99,1,-7138,-99.99,1,1,1400-5-10,2021-08-01
841,اراد38,مرابحه عام دولت3-ش.خ 0105,1,3000,2955000000,1009000,985000,985000,-24000,-2.38,985000,-24000,-2.38,985000,985000,1400-5-10,2021-08-01
842,ضسان7079,اختيارخ پارسان-20000-00/07/14,1,80,440000000,7900,5500,5500,-2400,-30.38,5500,-2400,-30.38,5500,5500,1400-5-10,2021-08-01
843,كرونا2,تامين مالي جمعي صرفا اهداي سود,1,100,1000000,10000,10000,10000,0,0,10000,0,0,10000,10000,1400-5-10,2021-08-01
844,لخانه,لوازم‌ خانگي‌ پارس‌,1,219,5028897,23673,22963,22963,-710,-3,23673,0,0,22963,22963,1400-5-10,2021-08-01
845,ضغدر8058,اختيارخ وغدير-10000-1400/08/26,1,3,15300000,5058,5100,5100,42,0.83,5100,42,0.83,5100,5100,1400-5-10,2021-08-01
846,دارا4,صندوق س. دارا الگوريتم-د,1,3500000,35455000000,10010,10130,10130,120,1.2,10130,120,1.2,10130,10130,1400-5-10,2021-08-01
847,ضشنا8002,اختيارخ شپنا-7800-1400/08/16,1,1,4800000,5533,4800,4800,-733,-13.25,4800,-733,-13.25,4800,4800,1400-5-10,2021-08-01
848,وسقم,شركت س استان قم,1,3840,5134080,1407,1337,1337,-70,-4.98,1407,0,0,1337,1337,1400-5-10,2021-08-01
849,پاسار042,اجاره انرژي پاسارگاد14040302,1,750000,750000000000,1000000,1000000,1000000,0,0,1000000,0,0,1000000,1000000,1400-5-10,2021-08-01
850,اگ0006182,گام بانك تجارت0006,1,200000,192800000000,960000,964000,964000,4000,0.42,964000,4000,0.42,964000,964000,1400-5-10,2021-08-01
851,وغدير2,سرمايه‌گذاري‌غدير(هلدينگ‌,1,40000000,561600000000,13660,14040,14040,380,2.78,14040,380,2.78,14040,14040,1400-5-10,2021-08-01
