,نماد,نام,تعداد,حجم,ارزش,دیروز,اولین,آخرین معامله - مقدار,آخرین معامله - تغییر,آخرین معامله - درصد,قیمت پایانی - مقدار,قیمت پایانی - تغییر,قیمت پایانی - درصد,کمترین,بیشترین,تاریخ,gregorian_date
0,لطيف,محصولات كاغذي لطيف,176701,7390702,485181911588,67539,67900,64163,-3376,-5,65648,-1891,-2.8,64163,67980,1400-4-27,2021-07-18
1,دي,بانك دي,99756,3912691631,5024316197576,1230,1291,1291,61,4.96,1284,54,4.39,1232,1291,1400-4-27,2021-07-18
2,شستا,سرمايه گذاري تامين اجتماعي,41437,249173089,3213119799410,12590,12360,13210,620,4.92,12900,310,2.46,12350,13210,1400-4-27,2021-07-18
3,پالايش,صندوق پالايشي يكم-سهام,23459,23321032,1669331249570,73880,73000,71070,-2810,-3.8,71580,-2300,-3.11,71000,73000,1400-4-27,2021-07-18
4,بركت,گروه دارويي بركت,23455,63100287,2534524603450,38640,38690,40570,1930,4.99,40170,1530,3.96,37800,40570,1400-4-27,2021-07-18
5,ومدير,گ.مديريت ارزش سرمايه ص ب كشوري,23163,52327565,221421470133,4403,4300,4220,-183,-4.16,4231,-172,-3.91,4193,4350,1400-4-27,2021-07-18
6,خودرو,ايران‌ خودرو,16973,542502856,1107492081398,2088,2088,2025,-63,-3.02,2041,-47,-2.25,2022,2097,1400-4-27,2021-07-18
7,فملي,ملي‌ صنايع‌ مس‌ ايران‌,14485,88106162,1114772508790,12750,12600,12630,-120,-0.94,12650,-100,-0.78,12530,12880,1400-4-27,2021-07-18
8,شتران,پالايش نفت تهران,13620,104044488,1052578935710,10450,10300,10090,-360,-3.44,10120,-330,-3.16,10010,10300,1400-4-27,2021-07-18
9,خساپا,سايپا,12686,398910518,730473946786,1891,1858,1820,-71,-3.75,1831,-60,-3.17,1802,1876,1400-4-27,2021-07-18
10,كرمان,س. توسعه و عمران استان كرمان,12449,433946476,589426988338,1325,1300,1374,49,3.7,1358,33,2.49,1272,1382,1400-4-27,2021-07-18
11,فولاد,فولاد مباركه اصفهان,12234,96260142,1010096717920,10660,10490,10580,-80,-0.75,10490,-170,-1.59,10390,10630,1400-4-27,2021-07-18
12,فاراكح,ح . ماشين‌ سازي‌ اراك‌,10923,254921418,258130446747,1023,1041,1004,-19,-1.86,1013,-10,-0.98,982,1064,1400-4-27,2021-07-18
13,نوري,پتروشيمي نوري,10819,12055257,956640444010,83130,82000,79250,-3880,-4.67,79350,-3780,-4.55,78980,82000,1400-4-27,2021-07-18
14,خگستر,گسترش‌سرمايه‌گذاري‌ايران‌خودرو,10732,261380056,731981204549,2878,2848,2800,-78,-2.71,2800,-78,-2.71,2750,2870,1400-4-27,2021-07-18
15,وتجارت,بانك تجارت,10625,441040357,1203880988947,2729,2734,2740,11,0.4,2730,1,0.04,2680,2751,1400-4-27,2021-07-18
16,دارا يكم,صندوق واسطه گري مالي يكم-سهام,10354,5519678,670169599140,123640,122510,121090,-2550,-2.06,121410,-2230,-1.8,121000,122510,1400-4-27,2021-07-18
17,غكورش,صنعت غذايي كورش,10072,4917821,186754520900,37680,37890,37820,140,0.37,37980,300,0.8,37210,38500,1400-4-27,2021-07-18
18,فتوسا,توليد و توسعه سرب روي ايرانيان,9802,6572782,96329378744,15373,15000,14605,-768,-5,14656,-717,-4.66,14605,15000,1400-4-27,2021-07-18
19,خبهمن,گروه‌بهمن‌,9452,483354713,731786355456,1527,1510,1530,3,0.2,1514,-13,-0.85,1474,1563,1400-4-27,2021-07-18
20,سيتا,سرمايه گذاري سيمان تامين,9013,23990238,371756677800,14830,14800,15570,740,4.99,15500,670,4.52,14700,15570,1400-4-27,2021-07-18
21,ولكار,ليزينگ كارآفرين,8935,10190153,45906736857,4737,4640,4501,-236,-4.98,4505,-232,-4.9,4501,4640,1400-4-27,2021-07-18
22,فگستر,گسترش صنايع روي ايرانيان,8856,9751217,144154349211,15513,15018,14738,-775,-5,14783,-730,-4.71,14738,15027,1400-4-27,2021-07-18
23,اپال,فرآوري معدني اپال كاني پارس,8004,3225001,66004819080,20260,20210,20490,230,1.14,20370,110,0.54,20200,20690,1400-4-27,2021-07-18
24,وبملت,بانك ملت,7906,244596004,959314312671,3991,4005,3940,-51,-1.28,3922,-69,-1.73,3880,4005,1400-4-27,2021-07-18
25,چخزر,صنايع چوب خزر كاسپين,7826,2749220,104917914192,36522,36800,38348,1826,5,38163,1641,4.49,36800,38348,1400-4-27,2021-07-18
26,كزغال,زغال سنگ پروده طبس,7113,3604148,124412342031,35143,34300,34680,-463,-1.32,34519,-624,-1.78,33900,35143,1400-4-27,2021-07-18
27,ثبهساز,بهساز كاشانه تهران,7000,92021060,198560582959,2085,2050,2170,85,4.08,2158,73,3.5,2050,2189,1400-4-27,2021-07-18
28,تاپيكو,س. نفت و گاز و پتروشيمي تأمين,6720,122613686,1710930078750,13410,13300,14080,670,5,13950,540,4.03,13150,14080,1400-4-27,2021-07-18
29,وسخوز,شركت س استان خوزستان,6568,380572416,201737721567,553,536,528,-25,-4.52,530,-23,-4.16,526,545,1400-4-27,2021-07-18
30,رافزا,رايان هم افزا,6334,603786,48115004996,79393,79999,79662,269,0.34,79689,296,0.37,77001,81500,1400-4-27,2021-07-18
31,بوعلي,پتروشيمي بوعلي سينا,6125,2446615,123719574720,50870,51760,50070,-800,-1.57,50570,-300,-0.59,49810,51870,1400-4-27,2021-07-18
32,وخارزم,سرمايه گذاري خوارزمي,6050,60634768,334387343830,5770,5580,5530,-240,-4.16,5510,-260,-4.51,5490,5700,1400-4-27,2021-07-18
33,كدما,معدني‌ دماوند,5924,2836150,493024757600,166250,174560,174560,8310,5,173840,7590,4.57,161000,174560,1400-4-27,2021-07-18
34,غزر,صنعتي زر ماكارون,5792,2815102,64435683650,23210,22730,23040,-170,-0.73,22890,-320,-1.38,22380,23290,1400-4-27,2021-07-18
35,پترول,گ.س.وت.ص.پتروشيمي خليج فارس,5553,27852069,258080049210,9510,9350,9230,-280,-2.94,9270,-240,-2.52,9200,9450,1400-4-27,2021-07-18
36,ثاميد,توسعه و عمران اميد,5287,36806726,62248799502,1729,1690,1688,-41,-2.37,1691,-38,-2.2,1659,1743,1400-4-27,2021-07-18
37,وبصادر,بانك صادرات ايران,5227,157381218,351384436882,2295,2255,2239,-56,-2.44,2233,-62,-2.7,2206,2283,1400-4-27,2021-07-18
38,زملارد,كشاورزي و دامپروري ملارد شير,5221,887957,25920492694,29720,29000,29190,-530,-1.78,29191,-529,-1.78,28851,29820,1400-4-27,2021-07-18
39,حكشتي,كشتيراني جمهوري اسلامي ايران,5211,22958217,409099300740,17770,17900,17970,200,1.13,17820,50,0.28,17300,18150,1400-4-27,2021-07-18
40,كمند,صندوق س. با درآمد ثابت كمند,5191,216672425,2181177022863,10060,10066,10067,7,0.07,10067,7,0.07,10066,10068,1400-4-27,2021-07-18
41,كاما,باما,5111,37853976,436945692050,12050,11790,11450,-600,-4.98,11540,-510,-4.23,11450,11840,1400-4-27,2021-07-18
42,فاراك,ماشين‌ سازي‌ اراك‌,4930,117644245,239227077815,2042,2059,2019,-23,-1.13,2033,-9,-0.44,1970,2090,1400-4-27,2021-07-18
43,آبادا,توليد نيروي برق آبادان,4926,5714202,75480336240,13480,13220,12960,-520,-3.86,13210,-270,-2,12810,13830,1400-4-27,2021-07-18
44,صبا,سرمايه گذاري صبا تامين,4808,28897724,250607420561,8699,8700,8850,151,1.74,8672,-27,-0.31,8450,8900,1400-4-27,2021-07-18
45,وكبهمن,مديريت سرمايه گذاري كوثربهمن,4646,1527031,16451261085,11053,10880,10808,-245,-2.22,10773,-280,-2.53,10683,10880,1400-4-27,2021-07-18
46,كالا,بورس كالاي ايران,4573,25713794,544955548970,20250,21260,21260,1010,4.99,21190,940,4.64,20550,21260,1400-4-27,2021-07-18
47,بورس,بورس اوراق بهادار تهران,4561,12188619,445838985930,38400,37000,36480,-1920,-5,36580,-1820,-4.74,36480,37500,1400-4-27,2021-07-18
48,شبريز,پالايش نفت تبريز,4532,13298832,478778698100,36950,36770,35910,-1040,-2.81,36000,-950,-2.57,35550,37250,1400-4-27,2021-07-18
49,ولپارس,ليزينگ پارسيان,4453,4730670,19272981354,4138,4125,4112,-26,-0.63,4074,-64,-1.55,4040,4190,1400-4-27,2021-07-18
50,وسپهر,سرمايه گذاري مالي سپهرصادرات,4415,10597400,98135787035,9256,9261,9260,4,0.04,9260,4,0.04,9260,9265,1400-4-27,2021-07-18
51,كسرام,پارس‌ سرام‌,4343,33324478,266233156110,7750,8130,8000,250,3.23,7990,240,3.1,7780,8130,1400-4-27,2021-07-18
52,آريا,پليمر آريا ساسول,4279,1719308,151090338117,89370,88000,88034,-1336,-1.49,87879,-1491,-1.67,87500,88511,1400-4-27,2021-07-18
53,شگويا,پتروشيمي تندگويان,3896,18530834,188411064099,10327,10250,10169,-158,-1.53,10167,-160,-1.55,9850,10310,1400-4-27,2021-07-18
54,هاي وب,داده گسترعصرنوين-هاي وب,3874,24547589,202673786590,8350,8270,8450,100,1.2,8260,-90,-1.08,8150,8450,1400-4-27,2021-07-18
55,وپارس,بانك‌پارسيان‌,3854,107926141,315413971773,3057,2964,2905,-152,-4.97,2922,-135,-4.42,2905,3000,1400-4-27,2021-07-18
56,ختور,رادياتور ايران‌,3815,16074908,299326891770,19260,20000,18300,-960,-4.98,18620,-640,-3.32,18300,20000,1400-4-27,2021-07-18
57,پاكشو,گروه صنعتي پاكشو,3774,58768258,364352821880,5940,6230,6170,230,3.87,6200,260,4.38,6030,6230,1400-4-27,2021-07-18
58,ثنوسا,نوسازي‌وساختمان‌تهران‌,3736,31769265,284214831630,9400,9200,8930,-470,-5,8950,-450,-4.79,8930,9290,1400-4-27,2021-07-18
59,بپيوند,برق و انرژي پيوندگستر پارس,3730,3313461,40116943347,12561,12290,12012,-549,-4.37,12107,-454,-3.61,12000,12403,1400-4-27,2021-07-18
60,كيان,صندوق س. با درآمد ثابت كيان,3702,100017972,2945561837059,29435,29452,29450,15,0.05,29450,15,0.05,29440,29455,1400-4-27,2021-07-18
61,وغدير,سرمايه‌گذاري‌غدير(هلدينگ‌,3661,34887705,447117544150,13090,12990,12870,-220,-1.68,12820,-270,-2.06,12710,12990,1400-4-27,2021-07-18
62,كوير,توليدي فولاد سپيد فراب كوير,3557,18914036,268081520790,13990,14000,14050,60,0.43,14170,180,1.29,13810,14450,1400-4-27,2021-07-18
63,خودكفا,اقتصادي و خودكفايي آزادگان,3514,15722838,245480030120,15691,15221,16149,458,2.92,15613,-78,-0.5,15221,16161,1400-4-27,2021-07-18
64,فروي,ذوب روي اصفهان,3470,4751431,165336118051,36582,35200,34753,-1829,-5,34797,-1785,-4.88,34753,35450,1400-4-27,2021-07-18
65,كسرا,سراميك‌هاي‌صنعتي‌اردكان‌,3430,18731306,327230591980,16890,17600,17590,700,4.14,17470,580,3.43,17040,17730,1400-4-27,2021-07-18
66,امين,تامين سرمايه امين,3417,1947849,14681024560,7530,7540,7540,10,0.13,7530,0,0,7530,7600,1400-4-27,2021-07-18
67,وسكرمان,س.سهام عدالت استان كرمان,3390,190238683,107113714358,590,565,561,-29,-4.92,563,-27,-4.58,561,585,1400-4-27,2021-07-18
68,غشهداب,كشت و صنعت شهداب ناب خراسان,3257,36004902,128910853653,3562,3610,3540,-22,-0.62,3580,18,0.51,3450,3700,1400-4-27,2021-07-18
69,خمحركه,نيرو محركه‌,3250,54616223,233712047280,4099,4190,4303,204,4.98,4279,180,4.39,4150,4303,1400-4-27,2021-07-18
70,دلقما,دارويي‌ لقمان‌,3247,7599643,297233515430,38280,36550,40190,1910,4.99,39110,830,2.17,36370,40190,1400-4-27,2021-07-18
71,بگيلان,توسعه مسير برق گيلان,3217,1042513,21816149119,21880,21610,20786,-1094,-5,21302,-578,-2.64,20786,21610,1400-4-27,2021-07-18
72,وآذر,سرمايه‌گذاري‌توسعه‌آذربايجان‌,3212,2547793,159535197270,61450,59620,64520,3070,5,62620,1170,1.9,59620,64520,1400-4-27,2021-07-18
73,بالاس,مهندسي ساختمان تاسيسات راه آهن,3102,5074995,206005819922,41319,43384,41320,1,0,40592,-727,-1.76,39254,43384,1400-4-27,2021-07-18
74,سمگا,گروه سرمايه گذاري ميراث فرهنگي,3079,18726965,450889049464,24174,24000,24302,128,0.53,24077,-97,-0.4,23551,24699,1400-4-27,2021-07-18
75,وپويا,سرمايه گذاري پويا,3055,7226531,32375841160,4612,4544,4466,-146,-3.17,4480,-132,-2.86,4413,4650,1400-4-27,2021-07-18
76,شيران,س. صنايع‌شيميايي‌ايران,2981,13252694,319558923670,23910,23500,24010,100,0.42,24110,200,0.84,23300,24880,1400-4-27,2021-07-18
77,سفار,سيمان‌فارس‌,2881,1107681,117085562110,102250,98000,107200,4950,4.84,105700,3450,3.37,98000,107290,1400-4-27,2021-07-18
78,فجر,فولاد اميركبيركاشان,2872,8707716,320671529250,38650,38900,36720,-1930,-4.99,36830,-1820,-4.71,36720,38900,1400-4-27,2021-07-18
79,اعتماد,صندوق س.اعتماد آفرين پارسيان-د,2831,83989860,3156736392750,37566,37587,37587,21,0.06,37585,19,0.05,37584,37587,1400-4-27,2021-07-18
80,حفارس,حمل و نقل بين المللي خليج فارس,2827,31624007,123669452102,4096,4000,3892,-204,-4.98,3911,-185,-4.52,3892,4080,1400-4-27,2021-07-18
81,ودي,بيمه  دي,2811,44713294,357307006192,7680,8050,8064,384,5,7991,311,4.05,7717,8064,1400-4-27,2021-07-18
82,ونوين,بانك‌اقتصادنوين‌,2791,53191091,251941418387,4693,4660,4777,84,1.79,4737,44,0.94,4640,4820,1400-4-27,2021-07-18
83,شراز,پالايش نفت شيراز,2759,3324408,419464632156,120202,126212,126212,6010,5,126177,5975,4.97,122580,126212,1400-4-27,2021-07-18
84,چكاپا,گروه صنايع كاغذ پارس,2684,31792464,120466843194,3923,3832,3813,-110,-2.8,3789,-134,-3.42,3740,3870,1400-4-27,2021-07-18
85,فارس,صنايع پتروشيمي خليج فارس,2651,45951071,482674570140,10600,10600,10610,10,0.09,10500,-100,-0.94,10270,10630,1400-4-27,2021-07-18
86,غگل,گلوكوزان‌,2626,29189335,98630295780,3387,3457,3340,-47,-1.39,3379,-8,-0.24,3310,3457,1400-4-27,2021-07-18
87,ميدكو,توسعه معادن وص.معدني خاورميانه,2618,10920787,508394794210,45460,46980,46580,1120,2.46,46550,1090,2.4,46140,47010,1400-4-27,2021-07-18
88,بجهرم,توسعه مولد نيروگاهي جهرم,2554,39274718,99547231127,2654,2660,2522,-132,-4.97,2535,-119,-4.48,2522,2660,1400-4-27,2021-07-18
89,پتاير,ايران‌ تاير,2537,47022529,140278770692,3086,3040,3039,-47,-1.52,2983,-103,-3.34,2950,3087,1400-4-27,2021-07-18
90,امين يكم,صندوق درآمد ثابت امين يكم فردا,2529,120930988,1223388097810,10110,10119,10113,3,0.03,10116,6,0.06,10109,10122,1400-4-27,2021-07-18
91,سفارس,سيمان فارس و خوزستان,2516,22659240,512477716600,21600,22380,22670,1070,4.95,22620,1020,4.72,22060,22680,1400-4-27,2021-07-18
92,غچين,كشت‌ و صنعت‌ چين‌ چين,2427,12040721,208157843000,16570,16730,17390,820,4.95,17290,720,4.35,16690,17390,1400-4-27,2021-07-18
93,پيزد,مجتمع صنايع لاستيك يزد,2401,381999,25832294322,68299,66550,67200,-1099,-1.61,67624,-675,-0.99,66550,68390,1400-4-27,2021-07-18
94,اخابر,مخابرات ايران,2375,29742866,251372317570,8840,8660,8520,-320,-3.62,8450,-390,-4.41,8400,8850,1400-4-27,2021-07-18
95,ثعمرا,عمران و توسعه شاهد,2370,10731030,106088012205,10357,10290,9979,-378,-3.65,9886,-471,-4.55,9840,10290,1400-4-27,2021-07-18
96,ذوب,سهامي ذوب آهن  اصفهان,2370,58568063,211279555456,3666,3600,3601,-65,-1.77,3607,-59,-1.61,3420,3690,1400-4-27,2021-07-18
97,وپترو,سرمايه‌گذاري صنايع پتروشيمي‌,2369,13455760,205041672670,14590,15190,15310,720,4.93,15240,650,4.46,14810,15310,1400-4-27,2021-07-18
98,فخوز,فولاد  خوزستان,2361,16815198,251700337300,15290,15400,14990,-300,-1.96,14970,-320,-2.09,14660,15400,1400-4-27,2021-07-18
99,ثفارس,عمران‌وتوسعه‌فارس‌,2360,21888782,155899456850,7470,7240,7140,-330,-4.42,7120,-350,-4.69,7100,7450,1400-4-27,2021-07-18
100,ساوه,سيمان ساوه,2335,1593059,94258455717,57268,57999,58848,1580,2.76,59168,1900,3.32,57000,60131,1400-4-27,2021-07-18
101,خمهر,مهركام‌پارس‌,2327,66682014,148804819097,2216,2280,2183,-33,-1.49,2232,16,0.72,2150,2298,1400-4-27,2021-07-18
102,وتوصا,گروه س توسعه صنعتي ايران,2297,13399647,123240396360,9600,9600,9120,-480,-5,9200,-400,-4.17,9120,9700,1400-4-27,2021-07-18
103,وگستر,گسترش سرمايه گذاري ايرانيان,2294,10557836,145237138285,14440,13718,13718,-722,-5,13756,-684,-4.74,13718,13990,1400-4-27,2021-07-18
104,زكوثر,سرمايه گذاري كشاورزي كوثر,2258,4381200,75195886860,17900,17520,17160,-740,-4.13,17160,-740,-4.13,17010,17530,1400-4-27,2021-07-18
105,البرز,بيمه البرز,2222,46600508,226064411244,4719,4771,4870,151,3.2,4851,132,2.8,4770,4910,1400-4-27,2021-07-18
106,حتوكا,حمل‌ونقل‌توكا,2217,6799548,141348093850,19890,20590,20880,990,4.98,20790,900,4.52,20200,20880,1400-4-27,2021-07-18
107,سيلام,سيمان‌ ايلام‌,2167,11373786,101541441530,8610,8500,8940,330,3.83,8930,320,3.72,8490,9040,1400-4-27,2021-07-18
108,وايران,ليزينگ ايرانيان,2165,13023670,105771861840,7820,8150,8120,300,3.84,8120,300,3.84,7890,8210,1400-4-27,2021-07-18
109,كلر,كلر پارس,2154,1573413,172103119895,105938,107001,111217,5279,4.98,109382,3444,3.25,104650,111233,1400-4-27,2021-07-18
110,وآيند,بانك  آينده,2146,14302759,177839274761,12901,12500,12385,-516,-4,12434,-467,-3.62,12385,13000,1400-4-27,2021-07-18
111,ديران,ايران‌دارو,2144,6734614,120407319410,17210,17300,17890,680,3.95,17880,670,3.89,17300,18070,1400-4-27,2021-07-18
112,حريل,ريل پردازسير,2137,43583745,167134863660,3979,4005,3800,-179,-4.5,3835,-144,-3.62,3791,4005,1400-4-27,2021-07-18
113,لپارس,پارس‌ الكتريك‌,2125,1147265,81953504210,74080,72020,70700,-3380,-4.56,71430,-2650,-3.58,70410,74200,1400-4-27,2021-07-18
114,زكشت,كشاورزي مكانيزه اصفهان كشت,2121,3124696,93973519046,31594,30103,30015,-1579,-5,30074,-1520,-4.81,30015,31000,1400-4-27,2021-07-18
115,دسانكو,داروسازي سبحان انكولوژي,2099,8764543,106790448286,12160,12100,12290,130,1.07,12184,24,0.2,11561,12630,1400-4-27,2021-07-18
116,غالبر,لبنيات‌ كالبر,2086,6340630,105324117280,16820,17250,16340,-480,-2.85,16610,-210,-1.25,16010,17250,1400-4-27,2021-07-18
117,ختوقا,قطعات‌ اتومبيل‌ ايران‌,2077,35118453,84677012517,2407,2447,2420,13,0.54,2411,4,0.17,2320,2474,1400-4-27,2021-07-18
118,دتوزيع,توزيع دارو پخش,2049,4690274,139382525313,31162,31050,29604,-1558,-5,29717,-1445,-4.64,29604,31050,1400-4-27,2021-07-18
119,خكار,ايركا پارت صنعت,2039,4942651,84907794430,17840,17250,17050,-790,-4.43,17180,-660,-3.7,17010,17890,1400-4-27,2021-07-18
120,بترانس,ايران‌ ترانسفو,2003,41573971,102486231536,2522,2500,2470,-52,-2.06,2465,-57,-2.26,2450,2509,1400-4-27,2021-07-18
121,خاذين,سايپاآذين‌,1986,39145052,139738092735,3740,3553,3553,-187,-5,3570,-170,-4.55,3553,3710,1400-4-27,2021-07-18
122,تاپكيش,تجارت الكترونيك پارسيان كيش,1975,8734292,122749745816,14707,14401,14200,-507,-3.45,14054,-653,-4.44,13972,14700,1400-4-27,2021-07-18
123,وسلرستا,شركت س استان لرستان,1970,95980803,53030727829,575,562,550,-25,-4.35,553,-22,-3.83,547,568,1400-4-27,2021-07-18
124,غپاك,لبنيات‌ پاك‌,1925,5791940,104470208810,18120,17820,18020,-100,-0.55,18040,-80,-0.44,17500,18480,1400-4-27,2021-07-18
125,شفن,پتروشيمي فناوران,1919,332952,99939958340,308480,308480,297210,-11270,-3.65,300160,-8320,-2.7,297200,308480,1400-4-27,2021-07-18
126,غپينو,پارس‌ مينو,1916,15109303,86812138750,5900,5800,5800,-100,-1.69,5750,-150,-2.54,5650,5930,1400-4-27,2021-07-18
127,زاگرس,پتروشيمي زاگرس,1910,503175,99684313140,202757,200760,197001,-5756,-2.84,198111,-4646,-2.29,196000,202757,1400-4-27,2021-07-18
128,كماسه,تامين‌ ماسه‌ ريخته‌گري‌,1910,4046358,164149571890,39170,41000,41080,1910,4.88,40570,1400,3.57,39350,41120,1400-4-27,2021-07-18
129,خصدرا,صنعتي‌ دريايي‌ ايران‌,1902,46542962,110529591024,2418,2480,2346,-72,-2.98,2375,-43,-1.78,2346,2480,1400-4-27,2021-07-18
130,آپ,آسان پرداخت پرشين,1895,9164849,196275631710,21770,21110,21410,-360,-1.65,21420,-350,-1.61,20840,22130,1400-4-27,2021-07-18
131,شپديس,پتروشيمي پرديس,1888,1168441,150674629520,131330,129000,129990,-1340,-1.02,128950,-2380,-1.81,126510,131670,1400-4-27,2021-07-18
132,ثشاهد,سرمايه‌ گذاري‌ شاهد,1870,6790896,97328997060,14820,15000,14410,-410,-2.77,14330,-490,-3.31,14100,15000,1400-4-27,2021-07-18
133,ساربيل,سيمان آرتا اردبيل,1869,2957759,132951788760,42960,44460,45100,2140,4.98,44950,1990,4.63,43280,45100,1400-4-27,2021-07-18
134,خزر,فنرسازي‌زر,1810,4756017,94691948450,20800,20280,19760,-1040,-5,19910,-890,-4.28,19760,20500,1400-4-27,2021-07-18
135,سصوفي,سيمان‌ صوفيان‌,1802,5594628,106776493890,18670,18980,18960,290,1.55,19090,420,2.25,18510,19500,1400-4-27,2021-07-18
136,ولصنم,ليزينگ‌صنعت‌ومعدن‌,1802,8114999,65424766700,8250,8390,8050,-200,-2.42,8060,-190,-2.3,7900,8390,1400-4-27,2021-07-18
137,افران,صندوق س افرا نماد پايدار-ثابت,1785,70647575,974451786624,13786,13795,13794,8,0.06,13793,7,0.05,13792,13795,1400-4-27,2021-07-18
138,رانفور,خدمات‌انفورماتيك‌,1749,14064115,93111084070,6420,6480,6710,290,4.52,6620,200,3.12,6470,6730,1400-4-27,2021-07-18
139,فلامي,لاميران‌,1740,2536189,67381516230,25670,24910,26950,1280,4.99,26570,900,3.51,24910,26950,1400-4-27,2021-07-18
140,كفرآور,فرآورده هاي سيمان شرق,1722,4569437,89091468797,19837,20100,19399,-438,-2.21,19497,-340,-1.71,19242,20370,1400-4-27,2021-07-18
141,فاذر,صنايع‌ آذرآب‌,1720,51986001,73369126907,1473,1441,1400,-73,-4.96,1411,-62,-4.21,1400,1489,1400-4-27,2021-07-18
142,شسينا,صنايع‌شيميايي‌سينا,1705,773007,53355769070,72170,70650,68580,-3590,-4.97,69020,-3150,-4.36,68570,70650,1400-4-27,2021-07-18
143,وآوا,سرمايه گذاري آوا نوين,1700,12347850,67193931599,5688,5690,5412,-276,-4.85,5442,-246,-4.32,5404,5690,1400-4-27,2021-07-18
144,وملي,گروه‌ صنعتي‌ ملي‌ (هلدينگ‌,1694,798972,125415243870,164990,159990,156750,-8240,-4.99,156970,-8020,-4.86,156750,160000,1400-4-27,2021-07-18
145,وسهرمز,شركت س استان هرمزگان,1692,86434226,47447760880,576,551,549,-27,-4.69,549,-27,-4.69,548,560,1400-4-27,2021-07-18
146,شتوكا,توكا رنگ فولاد سپاهان,1676,2668926,81654550029,30378,30535,31400,1022,3.36,30595,217,0.71,29788,31495,1400-4-27,2021-07-18
147,دزهراوي,داروسازي‌زهراوي‌,1661,14346426,99640354490,6650,6740,6980,330,4.96,6950,300,4.51,6700,6980,1400-4-27,2021-07-18
148,فكمند,گسترش قطعه سازي كمند,1656,10773323,241095789047,22309,22309,21260,-1049,-4.7,22379,70,0.31,21194,23424,1400-4-27,2021-07-18
149,سرو,صندوق س سروسودمند مدبران-سهام,1634,1640409,113891652630,70710,70590,69590,-1120,-1.58,69430,-1280,-1.81,69040,70590,1400-4-27,2021-07-18
150,وساپا,سرمايه‌گذاري‌ سايپا,1627,15725960,83343981730,5310,5490,5280,-30,-0.56,5300,-10,-0.19,5180,5490,1400-4-27,2021-07-18
151,اتكاي,بيمه اتكايي ايرانيان,1622,10917576,101807141509,9774,9778,9286,-488,-4.99,9325,-449,-4.59,9286,9778,1400-4-27,2021-07-18
152,تبرك,گروه كارخانجات صنعتي تبرك,1621,4342021,57370688915,13721,13900,13060,-661,-4.82,13213,-508,-3.7,13037,13900,1400-4-27,2021-07-18
153,دماوند,توليد نيروي برق دماوند,1617,3017119,82768775723,28031,28030,27050,-981,-3.5,27433,-598,-2.13,26700,28300,1400-4-27,2021-07-18
154,غبهار,كشت وصنعت بهاران گلبهار خراسان,1604,3185384,60139612898,18649,18825,19208,559,3,18880,231,1.24,18095,19208,1400-4-27,2021-07-18
155,ساراب,سيمان‌ داراب‌,1596,5979393,121666587720,19420,19860,20390,970,4.99,20350,930,4.79,19800,20390,1400-4-27,2021-07-18
156,شجم,صنايع پتروشيمي تخت جمشيد,1584,25811712,295842199954,11783,11500,11530,-253,-2.15,11462,-321,-2.72,11430,11700,1400-4-27,2021-07-18
157,ديرانح,ح . ‌ايران‌دارو,1581,6374174,74552704540,11650,11100,11610,-40,-0.34,11700,50,0.43,11100,12000,1400-4-27,2021-07-18
158,ولساپا,ليزينگ رايان‌ سايپا,1578,28296636,78231357321,2883,2860,2758,-125,-4.34,2765,-118,-4.09,2739,2870,1400-4-27,2021-07-18
159,وحكمت,بيمه حكمت صبا,1564,22973909,97838622563,4178,4303,4300,122,2.92,4259,81,1.94,4053,4303,1400-4-27,2021-07-18
160,ثاخت,بين‌المللي‌توسعه‌ساختمان,1554,27591199,62940674001,2340,2329,2268,-72,-3.08,2281,-59,-2.52,2250,2354,1400-4-27,2021-07-18
161,رمپنا,گروه مپنا (سهامي عام),1550,10140035,172444112360,17130,16650,16990,-140,-0.82,17010,-120,-0.7,16550,17500,1400-4-27,2021-07-18
162,قاسم,قاسم ايران,1526,9220377,87330060018,9427,9275,9898,471,5,9471,44,0.47,8956,9898,1400-4-27,2021-07-18
163,سخزر,سيمان‌ خزر,1499,4874282,119095153520,24300,23530,24100,-200,-0.82,24430,130,0.53,23090,25420,1400-4-27,2021-07-18
164,قنيشا,قند  نيشابور,1499,1909284,125125169790,66110,66110,64690,-1420,-2.15,65540,-570,-0.86,63410,66700,1400-4-27,2021-07-18
165,دپارس,پارس‌ دارو,1495,2580435,96651800270,37460,37480,37490,30,0.08,37460,0,0,36000,38190,1400-4-27,2021-07-18
166,دتوليد,داروسازي توليد دارو,1487,4822084,71362892258,14635,14322,14780,145,0.99,14799,164,1.12,14321,15240,1400-4-27,2021-07-18
167,كگل,معدني و صنعتي گل گهر,1482,6062104,112385954940,18840,18530,18840,0,0,18550,-290,-1.54,18310,18840,1400-4-27,2021-07-18
168,غگلستا,شير پاستوريزه پگاه گلستان,1479,6162592,137686582709,21426,21450,22497,1071,5,22342,916,4.28,21450,22497,1400-4-27,2021-07-18
169,ضخود7075,اختيارخ خودرو-2000-1400/07/07,1474,61945,19370002000,348,325,312,-36,-10.34,313,-35,-10.06,302,340,1400-4-27,2021-07-18
170,فاسمين,كالسيمين‌,1463,8656829,129354460080,15290,15000,14990,-300,-1.96,14940,-350,-2.29,14750,15230,1400-4-27,2021-07-18
171,غفارس,شير پاستوريزه پگاه فارس,1461,10348810,194696654428,19762,18774,19060,-702,-3.55,18813,-949,-4.8,18774,19224,1400-4-27,2021-07-18
172,بكام,كارخانجات توليدي شهيد قندي,1460,21304420,59572238388,2934,2801,2791,-143,-4.87,2796,-138,-4.7,2788,2890,1400-4-27,2021-07-18
173,دبالك,مواد اوليه دارويي البرز بالك,1459,5306086,89278196969,16559,16020,16710,151,0.91,16826,267,1.61,16020,17190,1400-4-27,2021-07-18
174,خپويش,سازه‌ پويش‌,1439,3223090,160464250350,55160,49650,49650,-5510,-9.99,49790,-5370,-9.74,49650,51310,1400-4-27,2021-07-18
175,سمايه,بانك سرمايه,1439,17021790,79386870763,4553,4500,4780,227,4.99,4664,111,2.44,4326,4780,1400-4-27,2021-07-18
176,دشيمي,شيمي‌ داروئي‌ داروپخش‌,1436,3455581,85119084340,23640,24820,24820,1180,4.99,24630,990,4.19,24000,24820,1400-4-27,2021-07-18
177,ولانا,شركت ليزينگ آريا دانا,1418,1975916,48864982381,24267,24280,24995,728,3,24730,463,1.91,23640,24995,1400-4-27,2021-07-18
178,بسويچ,پارس‌سويچ‌,1413,3234500,85922203730,25420,26000,26690,1270,5,26560,1140,4.48,25500,26690,1400-4-27,2021-07-18
179,غگيلا,شيرپاستوريزه پگاه گيلان,1408,529010,10304585790,18552,19479,19479,927,5,19134,582,3.14,19479,19479,1400-4-27,2021-07-18
180,وهور,مديريت انرژي اميد  تابان هور,1405,27996730,47730234602,1779,1790,1691,-88,-4.95,1705,-74,-4.16,1691,1790,1400-4-27,2021-07-18
181,آريان,سرمايه گذاري پارس آريان,1397,32783287,448423816621,14091,13669,13880,-211,-1.5,13678,-413,-2.93,13669,14000,1400-4-27,2021-07-18
182,كفرا,فراورده‌ هاي‌ نسوزايران‌,1393,3003358,77466319350,25410,26110,24810,-600,-2.36,25790,380,1.5,24660,26680,1400-4-27,2021-07-18
183,نوين,بيمه نوين,1392,17928779,90632775333,5239,5122,5113,-126,-2.41,5055,-184,-3.51,4978,5130,1400-4-27,2021-07-18
184,افرا,افرانت,1366,2622404,67838919697,25601,25601,26880,1279,5,25869,268,1.05,24321,26880,1400-4-27,2021-07-18
185,خموتور,موتورسازان‌تراكتورسازي‌ايران‌,1359,8048945,81628980130,10620,10500,10090,-530,-4.99,10140,-480,-4.52,10090,10500,1400-4-27,2021-07-18
186,فبيرا,بسته‌ بندي‌ ايران‌,1345,23748259,61529851135,2521,2521,2596,75,2.98,2591,70,2.78,2521,2596,1400-4-27,2021-07-18
187,والبر,سرمايه‌ گذاري‌ البرز(هلدينگ‌,1335,7716614,74228765330,9490,9410,9690,200,2.11,9620,130,1.37,9160,9830,1400-4-27,2021-07-18
188,حآسا,آسيا سير ارس,1331,2305292,64499410112,29152,28120,27695,-1457,-5,27979,-1173,-4.02,27695,29000,1400-4-27,2021-07-18
189,غشان,شيرپاستوريزه‌پگاه‌خراسان‌,1327,13341850,86799458180,6280,6490,6470,190,3.03,6510,230,3.66,6280,6590,1400-4-27,2021-07-18
190,فولاي,صنايع فولاد آلياژي يزد,1309,2582263,97666293803,39181,37450,37400,-1781,-4.55,37822,-1359,-3.47,37222,39700,1400-4-27,2021-07-18
191,پارند,صندوق س. پارند پايدار سپهر,1304,48481250,542083976671,11175,11183,11182,7,0.06,11181,6,0.05,11181,11183,1400-4-27,2021-07-18
192,افق,فروشگاههاي زنجيره اي افق كوروش,1299,2385469,155661470720,68400,67490,64980,-3420,-5,65250,-3150,-4.61,64980,67490,1400-4-27,2021-07-18
193,كاسپين,داروسازي كاسپين تامين,1292,5429573,119441452306,21111,21560,22166,1055,5,21998,887,4.2,21100,22166,1400-4-27,2021-07-18
194,تملت,تامين سرمايه بانك ملت,1285,6433436,30701889210,4844,4844,4751,-93,-1.92,4772,-72,-1.49,4710,4844,1400-4-27,2021-07-18
195,سشرق,سيمان‌ شرق‌,1281,20777652,163335576810,7520,7700,7890,370,4.92,7860,340,4.52,7520,7890,1400-4-27,2021-07-18
196,وتوكا,سرمايه‌گذاري‌توكافولاد(هلدينگ,1281,4855008,44987400660,9520,9500,9310,-210,-2.21,9270,-250,-2.63,9150,9510,1400-4-27,2021-07-18
197,آسيا,بيمه آسيا,1279,30736939,54824676092,1820,1801,1763,-57,-3.13,1784,-36,-1.98,1760,1828,1400-4-27,2021-07-18
198,حفاري,حفاري شمال,1261,6738430,45661615810,6880,6750,6770,-110,-1.6,6780,-100,-1.45,6700,6830,1400-4-27,2021-07-18
199,سهرمز,سيمان‌هرمزگان‌,1259,3756301,75585642650,19890,19900,20140,250,1.26,20120,230,1.16,19020,20800,1400-4-27,2021-07-18
200,شفا,سرمايه گذاري شفادارو,1251,1589336,64615909200,41820,39810,39790,-2030,-4.85,40660,-1160,-2.77,39730,42900,1400-4-27,2021-07-18
201,تليسه,دامداري تليسه نمونه,1242,11872497,38408449939,3326,3266,3210,-116,-3.49,3235,-91,-2.74,3201,3310,1400-4-27,2021-07-18
202,قصفها,قنداصفهان‌,1238,552556,53418074430,94430,95020,97160,2730,2.89,96670,2240,2.37,93000,99150,1400-4-27,2021-07-18
203,شاوان,پالايش نفت لاوان,1237,8124418,849351030974,99565,104543,104543,4978,5,104543,4978,5,104543,104543,1400-4-27,2021-07-18
204,آ س پ,آ.س.پ,1228,3227649,32262276375,10167,10200,9939,-228,-2.24,9996,-171,-1.68,9796,10400,1400-4-27,2021-07-18
205,شپترو,پتروشيمي آبادان,1221,26587129,124079709471,4807,4710,4695,-112,-2.33,4667,-140,-2.91,4663,4730,1400-4-27,2021-07-18
206,فايرا,آلومينيوم‌ايران‌,1221,3480062,56887125550,17000,17340,16150,-850,-5,16410,-590,-3.47,16150,17340,1400-4-27,2021-07-18
207,سغرب,سيمان‌غرب‌,1218,2763442,74307316710,25830,27070,26950,1120,4.34,26890,1060,4.1,26010,27070,1400-4-27,2021-07-18
208,داسوه,داروسازي‌ اسوه‌,1209,2136954,62338799160,30460,28960,28940,-1520,-4.99,29170,-1290,-4.24,28940,30210,1400-4-27,2021-07-18
209,وسنا,سرمايه گذاري نيروگاهي ايران,1208,7311558,103306222276,14269,13842,14050,-219,-1.53,14129,-140,-0.98,13841,14600,1400-4-27,2021-07-18
210,كچاد,معدني‌وصنعتي‌چادرملو,1203,2801896,69710072400,25030,25130,25140,110,0.44,24940,-90,-0.36,24700,25170,1400-4-27,2021-07-18
211,تسه0003,امتيازتسهيلات مسكن خرداد1400,1179,37657,22802172997,599841,602111,610000,10159,1.69,605523,5682,0.95,591111,610000,1400-4-27,2021-07-18
212,خراسان,پتروشيمي خراسان,1165,2569468,196497610470,73360,73800,77020,3660,4.99,76470,3110,4.24,70500,77020,1400-4-27,2021-07-18
213,زقيام,كشت و دام قيام اصفهان,1149,2495307,54655384441,22976,22100,21828,-1148,-5,21903,-1073,-4.67,21828,22620,1400-4-27,2021-07-18
214,ريشمك,توليد و صادرات ريشمك,1142,2785572,132070974785,45270,47200,47533,2263,5,47413,2143,4.73,46400,47533,1400-4-27,2021-07-18
215,درهآور,دارويي ره آورد تامين,1130,1791396,56167090975,31382,32500,30999,-383,-1.22,31354,-28,-0.09,30400,32700,1400-4-27,2021-07-18
216,بشهاب,لامپ‌  پارس‌ شهاب‌,1130,811511,84463997120,105840,100600,106310,470,0.44,104080,-1760,-1.66,100550,108500,1400-4-27,2021-07-18
217,وجامي,سرمايه گذاري جامي,1129,4174291,55775288083,13056,13076,13447,391,2.99,13362,306,2.34,13076,13447,1400-4-27,2021-07-18
218,وثوق,سرمايه گذاري وثوق امين,1127,4252578,76541234750,18145,17700,18510,365,2.01,17999,-146,-0.8,17601,18513,1400-4-27,2021-07-18
219,سرود,سيمان‌شاهرود,1122,5205700,134534219000,24770,25890,25610,840,3.39,25840,1070,4.32,25000,26000,1400-4-27,2021-07-18
220,غويتا,ويتانا,1112,5186375,50445236169,10211,9701,9701,-510,-4.99,9726,-485,-4.75,9701,9998,1400-4-27,2021-07-18
221,شغدير,پتروشيمي غدير,1106,1318587,86797806620,67960,67000,66210,-1750,-2.58,65830,-2130,-3.13,65010,67000,1400-4-27,2021-07-18
222,تپمپي,پمپ‌ سازي‌ ايران‌,1104,3242942,49671847100,16020,15990,15500,-520,-3.25,15320,-700,-4.37,15220,15990,1400-4-27,2021-07-18
223,فباهنر,مس‌ شهيدباهنر,1103,2030041,44814934550,22150,22400,21880,-270,-1.22,22080,-70,-0.32,21550,22950,1400-4-27,2021-07-18
224,دانا,بيمه دانا,1099,10202397,57347735450,5630,5450,5630,0,0,5620,-10,-0.18,5450,5750,1400-4-27,2021-07-18
225,شاراك,پتروشيمي شازند,1084,2233134,62370945560,28810,28990,28100,-710,-2.46,28200,-610,-2.12,27720,28990,1400-4-27,2021-07-18
226,وشهر,بانك شهر,1083,12197721,80279886910,6539,6650,6400,-139,-2.13,6582,43,0.66,6305,6790,1400-4-27,2021-07-18
227,فرآور,فرآوري‌موادمعدني‌ايران‌,1070,2437681,70610570460,29950,29510,28670,-1280,-4.27,28970,-980,-3.27,28500,30240,1400-4-27,2021-07-18
228,آگاس,صندوق س.هستي بخش آگاه-س,1066,757300,55135833859,73645,73260,73019,-626,-0.85,72806,-839,-1.14,72200,73630,1400-4-27,2021-07-18
229,غسالم,سالمين‌,1063,10887095,35722589960,3351,3380,3273,-78,-2.33,3281,-70,-2.09,3250,3380,1400-4-27,2021-07-18
230,مرقام,ايران‌ارقام‌,1061,4431205,69149856900,16100,16200,15600,-500,-3.11,15610,-490,-3.04,15300,16200,1400-4-27,2021-07-18
231,ساينا,صنايع بهداشتي ساينا,1049,628418,76486788433,115924,121720,121720,5796,5,121713,5789,4.99,120550,121720,1400-4-27,2021-07-18
232,پلاسك,پلاسكوكار,1038,9040964,62947596970,6710,6720,7040,330,4.92,6960,250,3.73,6630,7040,1400-4-27,2021-07-18
233,بزاگرس,نيروگاه زاگرس كوثر,1037,10151395,49957727559,5134,5090,4940,-194,-3.78,4921,-213,-4.15,4878,5120,1400-4-27,2021-07-18
234,وسين,بيمه سينا,1034,39880726,146679907842,3784,3671,3671,-113,-2.99,3678,-106,-2.8,3671,3779,1400-4-27,2021-07-18
235,تكشا,گسترش‌صنايع‌وخدمات‌كشاورزي‌,1032,1835841,51925992970,29590,28500,28450,-1140,-3.85,28280,-1310,-4.43,28120,29600,1400-4-27,2021-07-18
236,كحافظ,كاشي‌ وسراميك‌ حافظ‌,1032,4728507,44580647540,9650,9800,9340,-310,-3.21,9430,-220,-2.28,9170,9990,1400-4-27,2021-07-18
237,شبصير,توليدات پتروشيمي قائد بصير,1027,1787913,159568399222,86752,83060,91089,4337,5,89248,2496,2.88,83060,91089,1400-4-27,2021-07-18
238,قشكر,شكرشاهرود,1025,15053356,46450977987,3140,3200,3045,-95,-3.03,3086,-54,-1.72,3021,3200,1400-4-27,2021-07-18
239,تاصيكو,سرمايه گذاري صدرتامين,1024,8110190,83980291370,10520,10410,10400,-120,-1.14,10400,-120,-1.14,10260,10520,1400-4-27,2021-07-18
240,سخوز,سيمان خوزستان,1021,4282596,111353383930,24830,25000,26060,1230,4.95,26000,1170,4.71,24500,26070,1400-4-27,2021-07-18
241,وسينا,بانك سينا,1020,30380700,89860349129,3103,3010,2948,-155,-5,2958,-145,-4.67,2948,3080,1400-4-27,2021-07-18
242,كلوند,كاشي‌ الوند,1013,2407587,51990387290,22240,21610,22000,-240,-1.08,21590,-650,-2.92,21210,22050,1400-4-27,2021-07-18
243,غمينو,شركت صنايع غذايي مينو شرق,1005,4108279,34922559790,8837,8601,8500,-337,-3.81,8501,-336,-3.8,8396,8865,1400-4-27,2021-07-18
244,كمنگنز,معادن‌منگنزايران‌,1005,964708,65137381250,70730,70730,67200,-3530,-4.99,67520,-3210,-4.54,67200,70900,1400-4-27,2021-07-18
245,چدن,توليدي چدن سازان,1004,13371947,58352361584,4480,4313,4330,-150,-3.35,4364,-116,-2.59,4313,4488,1400-4-27,2021-07-18
246,ساروم,سيمان‌اروميه‌,981,5381878,197497526610,35050,35970,36800,1750,4.99,36700,1650,4.71,35000,36800,1400-4-27,2021-07-18
247,چافست,افست‌,974,3008995,39780294100,13480,13490,13350,-130,-0.96,13220,-260,-1.93,12920,13590,1400-4-27,2021-07-18
248,كگاز,شيشه‌ و گاز,970,4458403,72293294460,15510,15350,16280,770,4.96,16220,710,4.58,15220,16280,1400-4-27,2021-07-18
249,ومعلم,بيمه معلم,969,9185149,37840403102,4286,4260,4120,-166,-3.87,4120,-166,-3.87,4072,4260,1400-4-27,2021-07-18
250,حتايد,تايدواترخاورميانه,969,2470320,62034455190,25190,25000,24500,-690,-2.74,25110,-80,-0.32,24220,26000,1400-4-27,2021-07-18
251,سپاس,صندوق س. پاداش سهامداري-ثابت,968,45669439,459668492520,10060,10065,10066,6,0.06,10065,5,0.05,10065,10069,1400-4-27,2021-07-18
252,رتاپ,تجارت الكترونيك  پارسيان,964,5406169,33401470870,6160,6250,6090,-70,-1.14,6180,20,0.32,6090,6330,1400-4-27,2021-07-18
253,وبانك,سرمايه گذاري گروه توسعه ملي,962,13494379,104745457500,8060,7900,7760,-300,-3.72,7760,-300,-3.72,7530,7900,1400-4-27,2021-07-18
254,زدشت,كشت و صنعت دشت خرم دره,959,1894707,38579167779,21220,20560,20470,-750,-3.53,20362,-858,-4.04,20159,21300,1400-4-27,2021-07-18
255,بكهنوج,توليد برق ماهتاب كهنوج,958,21755899,37417140584,1803,1779,1713,-90,-4.99,1720,-83,-4.6,1713,1779,1400-4-27,2021-07-18
256,كاذر,فرآورده‌هاي‌نسوزآذر,954,3383550,48030136540,14700,14700,14070,-630,-4.29,14200,-500,-3.4,13970,14790,1400-4-27,2021-07-18
257,آساميد2,صندوق س.مشترك آسمان اميد -د,954,95400000,95400000,12361,1,1,-12360,-99.99,1,-12360,-99.99,1,1,1400-4-27,2021-07-18
258,تشتاد,صنايع توليدي اشتاد ايران‌,948,5052220,36533369289,7176,7350,7391,215,3,7231,55,0.77,6965,7391,1400-4-27,2021-07-18
259,سپاها,سيمان‌سپاهان‌,939,30536868,265343008140,8280,8680,8690,410,4.95,8690,410,4.95,8400,8690,1400-4-27,2021-07-18
260,فنورد,نوردوقطعات‌ فولادي‌,937,468587,93967916430,208630,201000,198200,-10430,-5,200530,-8100,-3.88,198200,209970,1400-4-27,2021-07-18
261,صباح,ح . سرمايه گذاري صبا تامين,936,50000000,335958792114,6786,7125,6650,-136,-2,6719,-67,-0.99,6650,7125,1400-4-27,2021-07-18
262,بموتو,موتوژن‌,934,905374,57009552650,63600,64800,62350,-1250,-1.97,62970,-630,-0.99,61010,65000,1400-4-27,2021-07-18
263,وصنعت,سرمايه گذاري توسعه صنعت وتجارت,926,5997019,33250822960,5680,5600,5550,-130,-2.29,5540,-140,-2.46,5500,5660,1400-4-27,2021-07-18
264,وبرق,س.کارکنان صنعت برق زنجان وقزوي,925,3066271,251623616220,79680,82070,82070,2390,3,82062,2382,2.99,79700,82070,1400-4-27,2021-07-18
265,دروز,داروسازي‌ روزدارو,924,1566111,49370465160,31170,32000,31500,330,1.06,31520,350,1.12,30280,32450,1400-4-27,2021-07-18
266,كساپا,سايپاشيشه‌,917,1405307,32264982860,22630,23290,22730,100,0.44,22960,330,1.46,22640,23290,1400-4-27,2021-07-18
267,شپارس,بين‌ المللي‌ محصولات‌  پارس‌,917,2724198,43807583580,15730,15510,16040,310,1.97,16080,350,2.23,15220,16400,1400-4-27,2021-07-18
268,خشرق,الكتريك‌ خودرو شرق‌,917,3758174,46134309080,12670,13190,12040,-630,-4.97,12280,-390,-3.08,12040,13190,1400-4-27,2021-07-18
269,تكمبا,كمباين‌ سازي‌ ايران‌,913,6796984,46692054890,7140,7040,6810,-330,-4.62,6870,-270,-3.78,6690,7170,1400-4-27,2021-07-18
270,كسعدي,كاشي‌ سعدي‌,912,3275882,37429766380,11650,11890,11530,-120,-1.03,11430,-220,-1.89,11300,11890,1400-4-27,2021-07-18
271,دجابر,داروسازي‌ جابرابن‌حيان‌,908,2205934,28567289900,12980,12730,12900,-80,-0.62,12950,-30,-0.23,12730,13300,1400-4-27,2021-07-18
272,فوكا,فولاد كاويان,904,6704392,97454674330,14919,14500,14600,-319,-2.14,14536,-383,-2.57,14472,14900,1400-4-27,2021-07-18
273,وتوس,توسعه‌شهري‌توس‌گستر,901,4040556,54779159020,13040,13530,13630,590,4.52,13560,520,3.99,12770,13690,1400-4-27,2021-07-18
274,ورنا,سرمايه‌گذاري‌ رنا(هلدينگ‌,899,7426068,36886978733,5044,4942,4900,-144,-2.85,4967,-77,-1.53,4870,5170,1400-4-27,2021-07-18
275,ثغرب,شركت سرمايه گذاري مسكن شمالغرب,896,5364883,34771817767,6797,6700,6458,-339,-4.99,6481,-316,-4.65,6458,6700,1400-4-27,2021-07-18
276,زشريف,كشت وصنعت شريف آباد,895,7629969,33934231954,4497,4550,4595,98,2.18,4447,-50,-1.11,4300,4600,1400-4-27,2021-07-18
277,كروي,توسعه‌ معادن‌ روي‌ ايران‌,893,3214146,75417066360,23980,23150,23800,-180,-0.75,23460,-520,-2.17,23100,24380,1400-4-27,2021-07-18
278,پارسان,گسترش نفت و گاز پارسيان,893,5162332,130217153600,25760,25600,25090,-670,-2.6,25220,-540,-2.1,25000,25600,1400-4-27,2021-07-18
279,زنگان,صنعت روي زنگان,893,528882,32048906336,62104,60002,61300,-804,-1.29,60597,-1507,-2.43,59600,61950,1400-4-27,2021-07-18
280,زفكا,كشت و دامداري فكا,892,4836670,54684592265,11408,11408,11400,-8,-0.07,11306,-102,-0.89,10900,11550,1400-4-27,2021-07-18
281,كفپارس,فرآورده‌هاي‌ نسوز پارس‌,883,10819482,34875192442,3330,3221,3260,-70,-2.1,3223,-107,-3.21,3164,3300,1400-4-27,2021-07-18
282,پدرخش,درخشان‌ تهران‌,882,1403491,36873111670,26550,26600,25800,-750,-2.82,26270,-280,-1.05,25720,27060,1400-4-27,2021-07-18
283,والبرح,ح . سرمايه گذاري‌البرز(هلدينگ‌,872,4501004,36772560587,7982,7480,8200,218,2.73,8170,188,2.36,7480,8480,1400-4-27,2021-07-18
284,سيمرغ,سيمرغ,863,2061949,32621102830,16340,16000,15730,-610,-3.73,15820,-520,-3.18,15690,16290,1400-4-27,2021-07-18
285,خوساز,محورسازان‌ايران‌خودرو,858,16501191,113301931100,6560,6870,6880,320,4.88,6870,310,4.73,6610,6880,1400-4-27,2021-07-18
286,مداران,داده‌پردازي‌ايران‌,847,5545250,130618177480,22780,23910,23910,1130,4.96,23550,770,3.38,21650,23910,1400-4-27,2021-07-18
287,غپآذر,شير پگاه آذربايجان شرقي,846,1038641,44735050548,43598,44990,43182,-416,-0.95,43071,-527,-1.21,41500,44990,1400-4-27,2021-07-18
288,دكوثر,داروسازي‌ كوثر,844,5566099,29278411980,5370,5120,5300,-70,-1.3,5260,-110,-2.05,5110,5470,1400-4-27,2021-07-18
289,دامين,داروسازي‌ امين‌,839,8761504,34098811665,3933,3970,3737,-196,-4.98,3892,-41,-1.04,3737,4000,1400-4-27,2021-07-18
290,زبينا,كشاورزي و دامپروري بينالود,822,8255490,22333703083,2773,2759,2700,-73,-2.63,2705,-68,-2.45,2662,2787,1400-4-27,2021-07-18
291,شكربن,كربن‌ ايران‌,814,1330194,129659840960,95510,94450,98300,2790,2.92,97470,1960,2.05,91020,100100,1400-4-27,2021-07-18
292,فروس,فروسيليس‌ ايران‌,810,9635209,53106869480,5690,5550,5540,-150,-2.64,5510,-180,-3.16,5450,5700,1400-4-27,2021-07-18
293,پاسا,ايران‌ياساتايرورابر,809,2637728,52447932970,20780,20840,19770,-1010,-4.86,19880,-900,-4.33,19750,20840,1400-4-27,2021-07-18
294,سكرد,سيمان كردستان,809,10094496,65053566920,6180,6190,6480,300,4.85,6440,260,4.21,6070,6480,1400-4-27,2021-07-18
295,تمحركه,ماشين سازي نيرو محركه,806,1644749,23896156481,14659,15090,14457,-202,-1.38,14529,-130,-0.89,14220,15090,1400-4-27,2021-07-18
296,غصينو,صنعتي مينو,805,1283162,66635114158,54591,51865,52410,-2181,-4,52615,-1976,-3.62,51862,53400,1400-4-27,2021-07-18
297,ونيكي,سرمايه‌گذاري‌ ملي‌ايران‌,803,4864933,45866532900,9670,9510,9500,-170,-1.76,9500,-170,-1.76,9310,9680,1400-4-27,2021-07-18
298,خكرمان,گروه اقتصادي كرمان خودرو,803,11700990,44120996349,3871,3780,3755,-116,-3,3771,-100,-2.58,3755,3900,1400-4-27,2021-07-18
299,لخزر,پارس‌ خزر,802,443961,52125817130,122980,118000,116840,-6140,-4.99,117410,-5570,-4.53,116840,123650,1400-4-27,2021-07-18
300,ثپرديس,سرمايه گذاري مسكن پرديس,801,4250680,25452787314,6178,6010,5960,-218,-3.53,5988,-190,-3.08,5923,6147,1400-4-27,2021-07-18
301,ثباغ,شهر سازي و خانه سازي باغميشه,790,3459176,40310635424,11201,11399,11761,560,5,11653,452,4.04,10935,11761,1400-4-27,2021-07-18
302,ولشرق,ليزينگ ايران و شرق,790,4849349,30227092430,6435,6270,6148,-287,-4.46,6233,-202,-3.14,6147,6455,1400-4-27,2021-07-18
303,خفنر,فنرسازي‌خاور,761,9296923,58720280370,6610,6310,6280,-330,-4.99,6320,-290,-4.39,6280,6590,1400-4-27,2021-07-18
304,واعتبار,سرمايه گذاري اعتبار ايران,761,6507472,51519999370,7820,7510,8210,390,4.99,7920,100,1.28,7430,8210,1400-4-27,2021-07-18
305,اميد,تامين سرمايه اميد,754,4371374,26735805660,6040,6040,6120,80,1.32,6120,80,1.32,5960,6250,1400-4-27,2021-07-18
306,فسرب,ملي‌ سرب‌وروي‌ ايران‌,752,650348,45911244210,69290,68620,70800,1510,2.18,70590,1300,1.88,68600,72000,1400-4-27,2021-07-18
307,گكوثر,هتل پارسيان كوثر اصفهان,749,14373763,33392374525,2438,2397,2317,-121,-4.96,2323,-115,-4.72,2317,2397,1400-4-27,2021-07-18
308,بساما,بيمه سامان,749,2075057,59239722225,28533,29600,28533,0,0,28548,15,0.05,27500,29600,1400-4-27,2021-07-18
309,وسگلستا,شركت س استان گلستان,748,47192127,40585229220,905,860,860,-45,-4.97,861,-44,-4.86,860,860,1400-4-27,2021-07-18
310,اوان,مبين وان كيش,748,768143,28701067550,38278,38971,36521,-1757,-4.59,37364,-914,-2.39,36500,38971,1400-4-27,2021-07-18
311,غشاذر,پگاه‌آذربايجان‌غربي‌,741,3689398,26895340400,7620,7430,7250,-370,-4.86,7290,-330,-4.33,7240,7660,1400-4-27,2021-07-18
312,سهگمت,سيمان‌هگمتان‌,736,2626619,68903552830,25230,26400,25900,670,2.66,26230,1000,3.96,25580,26490,1400-4-27,2021-07-18
313,وبيمه,سرمايه‌ گذاري‌ صنعت‌ بيمه‌,733,13513837,23904490843,1817,1780,1760,-57,-3.14,1769,-48,-2.64,1731,1819,1400-4-27,2021-07-18
314,ميهن,بيمه ميهن,732,7159559,28827669867,4202,4080,3992,-210,-5,4026,-176,-4.19,3992,4160,1400-4-27,2021-07-18
315,ددام,داروسازي زاگرس فارمد پارس,727,2057796,26446508820,12750,12500,12990,240,1.88,12850,100,0.78,12460,13140,1400-4-27,2021-07-18
316,هرمز,فولاد هرمزگان جنوب,726,2418471,36435650212,15339,15260,15100,-239,-1.56,15255,-84,-0.55,15011,15260,1400-4-27,2021-07-18
317,ماديرا,صنايع ماديران,723,9242264,70790353091,8054,7652,7652,-402,-4.99,7659,-395,-4.9,7652,7980,1400-4-27,2021-07-18
318,حخزر,كشتيراني درياي خزر,720,2021878,49925102737,24949,26000,24490,-459,-1.84,24692,-257,-1.03,23702,26189,1400-4-27,2021-07-18
319,گوهرانح,ح . س. توسعه گوهران اميد,714,1953021,7562290720,4074,3871,3871,-203,-4.98,3872,-202,-4.96,3871,3900,1400-4-27,2021-07-18
320,پخش,پخش البرز,707,1745256,33113929285,19912,19002,19043,-869,-4.36,18974,-938,-4.71,18917,19854,1400-4-27,2021-07-18
321,سشمال,سيمان‌ شمال‌,701,6455950,67327298430,9950,10400,10440,490,4.92,10430,480,4.82,10200,10440,1400-4-27,2021-07-18
322,فن آوا,گروه فن آوا,701,12922204,213461997437,16109,16592,16592,483,3,16519,410,2.55,15633,16592,1400-4-27,2021-07-18
323,چكارن,كارتن‌ ايران‌,698,9228353,25190321165,2785,2731,2710,-75,-2.69,2730,-55,-1.97,2700,2819,1400-4-27,2021-07-18
324,كهمدا,شيشه‌ همدان‌,684,2707324,25334834800,9590,9450,9270,-320,-3.34,9360,-230,-2.4,9230,9750,1400-4-27,2021-07-18
325,دسانكوح,ح . داروسازي سبحان انكولوژي,681,3245829,28617401635,8616,8800,9032,416,4.83,8817,201,2.33,8661,9045,1400-4-27,2021-07-18
326,مبين,مبين انرژي خليج فارس,677,5495113,93611050470,17060,17100,17190,130,0.76,17040,-20,-0.12,16640,17190,1400-4-27,2021-07-18
327,واحيا,م .صنايع و معادن احياء سپاهان,675,715004,121819083878,170483,170483,170000,-483,-0.28,170375,-108,-0.06,167000,174000,1400-4-27,2021-07-18
328,دتوليدح,ح. داروسازي توليد دارو,672,1946463,19929587406,10502,10580,10300,-202,-1.92,10239,-263,-2.5,10000,10600,1400-4-27,2021-07-18
329,غمارگ,مارگارين‌,668,1928989,43536092150,21930,21100,23020,1090,4.97,22570,640,2.92,21100,23020,1400-4-27,2021-07-18
330,خكمك,كمك‌فنرايندامين‌,660,1425683,24526016370,17780,18100,17000,-780,-4.39,17200,-580,-3.26,16980,18100,1400-4-27,2021-07-18
331,كيان2,صندوق س. با درآمد ثابت كيان,655,65500000,65500000,29435,1,1,-29434,-100,1,-29434,-100,1,1,1400-4-27,2021-07-18
332,سرچشمه,سرمايه گذاري مس سرچشمه,648,4393869,31841867623,7337,7400,7269,-68,-0.93,7247,-90,-1.23,7178,7400,1400-4-27,2021-07-18
333,ثرود,سرمايه‌گذاري مسكن زاينده رود,647,2627728,47257385182,18909,18909,17964,-945,-5,17984,-925,-4.89,17964,18909,1400-4-27,2021-07-18
334,ختراك,ريخته‌گري‌ تراكتورسازي‌ ايران‌,637,4247784,54209177230,13390,13000,12730,-660,-4.93,12760,-630,-4.71,12730,13300,1400-4-27,2021-07-18
335,دتماد,توليدمواداوليه‌داروپخش‌,632,1124539,49819253240,45820,46000,43850,-1970,-4.3,44300,-1520,-3.32,43530,46000,1400-4-27,2021-07-18
336,جم,پتروشيمي جم,618,1420741,55230594960,39920,38900,39180,-740,-1.85,39330,-590,-1.48,38600,39760,1400-4-27,2021-07-18
337,توريل,توكاريل,616,2859328,40697967447,14515,14321,14499,-16,-0.11,14233,-282,-1.94,13983,14638,1400-4-27,2021-07-18
338,كرماشا,صنايع پتروشيمي كرمانشاه,615,1342895,52121130810,39310,38190,39590,280,0.71,38840,-470,-1.2,37900,39690,1400-4-27,2021-07-18
339,اپرداز,آتيه داده پرداز,614,934917,18637923840,20232,20200,19995,-237,-1.17,19935,-297,-1.47,19750,20207,1400-4-27,2021-07-18
340,شدوص,دوده‌ صنعتي‌ پارس‌,613,1711272,32918087860,19110,18840,19500,390,2.04,19240,130,0.68,18840,19740,1400-4-27,2021-07-18
341,كاوه,فولاد كاوه جنوب كيش,599,2783804,53813146620,19680,19200,19600,-80,-0.41,19480,-200,-1.02,18240,19600,1400-4-27,2021-07-18
342,وسگيلا,شركت س استان گيلان,597,26626574,15508625017,606,576,577,-29,-4.79,596,-10,-1.65,576,600,1400-4-27,2021-07-18
343,مدير,ص.س.مديريت ثروت ص.بازنشستگي-س,597,3151704,27188095499,8869,8830,8600,-269,-3.03,8626,-243,-2.74,8500,8870,1400-4-27,2021-07-18
344,سمازن,سيمان‌مازندران‌,595,4968102,70185936960,13490,13790,14160,670,4.97,14130,640,4.74,13780,14160,1400-4-27,2021-07-18
345,كي بي سي,شركت كي بي سي,594,1091216,27224464851,25547,24270,24506,-1041,-4.07,24949,-598,-2.34,24270,26000,1400-4-27,2021-07-18
346,اعتلا,شركت سرمايه گذاري اعتلاء البرز,589,3460183,24415002542,7275,7150,7020,-255,-3.51,7056,-219,-3.01,6981,7275,1400-4-27,2021-07-18
347,بنيرو,نيروترانس‌,588,12488318,30525641134,2510,2452,2450,-60,-2.39,2444,-66,-2.63,2402,2498,1400-4-27,2021-07-18
348,ومهان,گروه توسعه مالي مهر آيندگان,588,2180700,29462901865,13615,13550,13540,-75,-0.55,13558,-57,-0.42,13420,13700,1400-4-27,2021-07-18
349,تسه0002,امتيازتسهيلاتمسكن ارديبهشت1400,584,10175,6139619857,597696,595600,609000,11304,1.89,603402,5706,0.95,590080,610000,1400-4-27,2021-07-18
350,سبزوا,سيمان لار سبزوار,584,11707436,38315330236,3119,3269,3274,155,4.97,3273,154,4.94,3215,3274,1400-4-27,2021-07-18
351,بهپاك,صنعتي بهپاك,578,5001525,38734858678,7600,7770,7768,168,2.21,7745,145,1.91,7500,7899,1400-4-27,2021-07-18
352,گنگين,اقتصادي نگين گردشگري ايرانيان,572,4765567,93112315526,19982,19480,19580,-402,-2.01,19539,-443,-2.22,19383,19980,1400-4-27,2021-07-18
353,ارزش,صندوق س ارزش آفرين بيدار-سهام,570,5336749,49532182590,9420,9380,9270,-150,-1.59,9280,-140,-1.49,9200,9380,1400-4-27,2021-07-18
354,پكوير,كوير تاير,568,2649364,37270367970,14500,14490,14010,-490,-3.38,14070,-430,-2.97,13780,14490,1400-4-27,2021-07-18
355,قشير,قند شيروان قوچان و بجنورد,566,1039425,18211276843,18059,18299,17280,-779,-4.31,17521,-538,-2.98,17158,18299,1400-4-27,2021-07-18
356,فسپا,گروه‌صنعتي‌سپاهان‌,563,1004496,41822334890,43540,43530,41790,-1750,-4.02,41640,-1900,-4.36,41360,43530,1400-4-27,2021-07-18
357,آوا,صندوق س.سهام آواي معيار-س,558,7799532,54600552407,6986,6999,7037,51,0.73,7000,14,0.2,6950,7040,1400-4-27,2021-07-18
358,وبوعلي,سرمايه‌گذاري‌بوعلي‌,557,7063413,29362741443,4267,4191,4190,-77,-1.8,4157,-110,-2.58,4071,4210,1400-4-27,2021-07-18
359,ارفع,شركت آهن و فولاد ارفع,550,1713808,24731441245,14501,14500,14390,-111,-0.77,14476,-25,-0.17,14200,14600,1400-4-27,2021-07-18
360,گوهران,سرمايه گذاري توسعه گوهران اميد,535,2706258,13660030979,5169,5168,5046,-123,-2.38,5052,-117,-2.26,4940,5250,1400-4-27,2021-07-18
361,واتي,سرمايه‌ گذاري‌ آتيه‌ دماوند,530,3060684,32805570090,10960,10810,10640,-320,-2.92,10720,-240,-2.19,10450,11190,1400-4-27,2021-07-18
362,سدور,سيمان‌ دورود,528,7610102,67569451180,8470,8890,8890,420,4.96,8880,410,4.84,8630,8890,1400-4-27,2021-07-18
363,سيدكو,سرمايه گذاري توسعه صنايع سيمان,527,8365910,57849868820,6610,6510,6940,330,4.99,6910,300,4.54,6510,6940,1400-4-27,2021-07-18
364,دكيمي,كيميدارو,525,1209395,25075145740,21740,21100,20740,-1000,-4.6,20730,-1010,-4.65,20660,21490,1400-4-27,2021-07-18
365,وپسا,س. پتروشيمي ساختمان  خليج فارس,525,9056670,17028842864,1855,1847,1853,-2,-0.11,1880,25,1.35,1822,1892,1400-4-27,2021-07-18
366,غگلپا,شير پاستوريزه پگاه گلپايگان,524,527595,33250270174,61817,60927,63510,1693,2.74,63022,1205,1.95,60000,64500,1400-4-27,2021-07-18
367,فسازان,غلتك سازان سپاهان,521,911032,27777097510,31770,31000,30400,-1370,-4.31,30490,-1280,-4.03,30190,31900,1400-4-27,2021-07-18
368,لبوتان,گروه‌صنعتي‌بوتان‌,521,1009820,49211630600,50260,49640,49390,-870,-1.73,48730,-1530,-3.04,47750,52290,1400-4-27,2021-07-18
369,ولغدر,ليزينگ‌خودروغدير,518,1424131,29226213220,21430,20560,20360,-1070,-4.99,20520,-910,-4.25,20360,21160,1400-4-27,2021-07-18
370,واحصا,احياء صنايع خراسان,512,545747,21166992419,39677,40260,38799,-878,-2.21,38785,-892,-2.25,38487,40260,1400-4-27,2021-07-18
371,وصندوق,سرمايه‌گذاري‌صندوق‌بازنشستگي‌,510,5255110,86812569530,16680,16210,16300,-380,-2.28,16560,-120,-0.72,16200,16680,1400-4-27,2021-07-18
372,شگل,گلتاش‌,510,1721207,14444896540,8280,8590,8230,-50,-0.6,8380,100,1.21,8200,8590,1400-4-27,2021-07-18
373,قشرين,قند شيرين خراسان,507,9059137,137256257948,14740,15182,15182,442,3,15151,411,2.79,14797,15182,1400-4-27,2021-07-18
374,سفانو,سيمان فارس نو,507,2029606,60438670390,28430,28990,29850,1420,4.99,29780,1350,4.75,28170,29850,1400-4-27,2021-07-18
375,خچرخش,چرخشگر,503,2051430,22657643770,11530,11500,10970,-560,-4.86,11040,-490,-4.25,10960,11500,1400-4-27,2021-07-18
376,تسه9908,امتياز تسهيلات مسكن آبان99,494,14267,8540533322,595435,590560,606000,10565,1.77,598621,3186,0.54,575001,609800,1400-4-27,2021-07-18
377,وسكرشا,س.سهام عدالت استان كرمانشاه,494,30050388,28908473256,1012,962,962,-50,-4.94,968,-44,-4.35,962,962,1400-4-27,2021-07-18
378,دسبحان,سبحان دارو,485,762901,14471247280,19690,18800,18730,-960,-4.88,18970,-720,-3.66,18720,19300,1400-4-27,2021-07-18
379,كقزوي,شيشه‌ قزوين‌,482,5593732,43327048099,7523,7610,7748,225,2.99,7746,223,2.96,7523,7748,1400-4-27,2021-07-18
380,سبهان,سيمان‌ بهبهان‌,478,355156,25610294690,68950,71960,72390,3440,4.99,72110,3160,4.58,70000,72390,1400-4-27,2021-07-18
381,ضخود7074,اختيارخ خودرو-1800-1400/07/07,475,22790,10187662000,485,470,446,-39,-8.04,447,-38,-7.84,438,470,1400-4-27,2021-07-18
382,پرداخت,به پرداخت ملت,472,771391,15191372890,20040,20350,19480,-560,-2.79,19820,-220,-1.1,19440,20350,1400-4-27,2021-07-18
383,كگهر,سنگ آهن گهرزمين,472,879688,36042946282,42050,43019,41497,-553,-1.32,41718,-332,-0.79,40450,43019,1400-4-27,2021-07-18
384,تسه9912,امتياز تسهيلات مسكن اسفند99,472,13566,8221040630,599773,592705,610000,10227,1.71,606003,6230,1.04,592705,610000,1400-4-27,2021-07-18
385,وسكاب,س.ص.بازنشستگي كاركنان بانكها,469,7068254,19397907684,2739,2740,2749,10,0.37,2744,5,0.18,2690,2783,1400-4-27,2021-07-18
386,وكار,بانك‌ كارآفرين‌,468,12245602,40633479064,3326,3227,3330,4,0.12,3320,-6,-0.18,3202,3365,1400-4-27,2021-07-18
387,مفاخر,توسعه فناوري اطلاعات خوارزمي,467,496913,19282379292,40294,41000,38500,-1794,-4.45,38804,-1490,-3.7,38280,41000,1400-4-27,2021-07-18
388,فردا,صندوق س آواي فرداي زاگرس-ثابت,466,20506247,226901886144,11060,11065,11065,5,0.05,11065,5,0.05,11065,11067,1400-4-27,2021-07-18
389,كخاك,صنايع‌خاك‌چيني‌ايران‌,465,593449,19636295960,33020,33050,32700,-320,-0.97,33090,70,0.21,31710,33950,1400-4-27,2021-07-18
390,غشهد,شهد ايران ‌,465,1949904,9267823896,4895,4802,4716,-179,-3.66,4804,-91,-1.86,4701,4895,1400-4-27,2021-07-18
391,خاهن,آهنگري‌ تراكتورسازي‌ ايران‌,462,2121224,18729827390,8760,8880,8780,20,0.23,8800,40,0.46,8630,9130,1400-4-27,2021-07-18
392,وسبحان,سرمايه گذاري سبحان,461,8027002,21612021484,2703,2669,2672,-31,-1.15,2692,-11,-0.41,2623,2750,1400-4-27,2021-07-18
393,وايرا,سرمايه گذاري صنايع ايران,460,3030029,24599107128,8357,8107,8107,-250,-2.99,8118,-239,-2.86,8107,8400,1400-4-27,2021-07-18
394,ركيشح,ح. كارت اعتباري ايران كيش,451,2082382,12489642125,6629,6140,5967,-662,-9.99,5998,-631,-9.52,5967,6399,1400-4-27,2021-07-18
395,معيار ,سرمايه گذاري معيار صنعت پارس,451,631045,25990333975,42416,42350,41144,-1272,-3,41186,-1230,-2.9,41144,42350,1400-4-27,2021-07-18
396,شكلر,نيروكلر,450,663139,21461509780,32670,33670,32340,-330,-1.01,32360,-310,-0.95,31510,33670,1400-4-27,2021-07-18
397,تسه0001,امتيازتسهيلات مسكن فروردين1400,446,8172,4932174385,601133,592000,597000,-4133,-0.69,603546,2413,0.4,592000,610000,1400-4-27,2021-07-18
398,طلا,صندوق س.پشتوانه طلاي لوتوس,444,220161,16464508385,75289,75100,74730,-559,-0.74,74784,-505,-0.67,74600,75289,1400-4-27,2021-07-18
399,وملل,اعتباري ملل,443,2892049,38124698349,13569,13699,13107,-462,-3.4,13290,-279,-2.06,13028,13699,1400-4-27,2021-07-18
400,چكاوه,صنايع‌كاغذسازي‌كاوه‌,441,1175222,14995379630,12970,12490,12530,-440,-3.39,12760,-210,-1.62,12470,13250,1400-4-27,2021-07-18
401,وگردش,بانك گردشگري,441,1612310,23194172443,14364,14273,14240,-124,-0.86,14370,6,0.04,14110,14550,1400-4-27,2021-07-18
402,ولملت,واسپاري ملت,432,4728154,25259412240,5590,5410,5320,-270,-4.83,5340,-250,-4.47,5320,5640,1400-4-27,2021-07-18
403,سكرما,سيمان‌ كرمان‌,426,4143603,72821006400,16800,17000,17640,840,5,17570,770,4.58,16200,17640,1400-4-27,2021-07-18
404,شوينده,مديريت صنعت شوينده ت.ص.بهشهر,422,2013923,47829658990,23870,23580,24000,130,0.54,23750,-120,-0.5,23160,24260,1400-4-27,2021-07-18
405,وارس,سرمايه گذاري ارس صبا,422,1256357,18246564002,14191,14615,14480,289,2.04,14523,332,2.34,14191,14616,1400-4-27,2021-07-18
406,وبشهر,توسعه‌ صنايع‌ بهشهر(هلدينگ,421,3753139,40234448800,11110,10900,10750,-360,-3.24,10720,-390,-3.51,10560,10950,1400-4-27,2021-07-18
407,سبجنو,سيمان‌ بجنورد,420,1083707,46154969610,40640,42000,42670,2030,5,42590,1950,4.8,40660,42670,1400-4-27,2021-07-18
408,شيراز,پتروشيمي‌شيراز,407,1574449,92972968890,59040,59050,59040,0,0,59050,10,0.02,58250,59400,1400-4-27,2021-07-18
409,قهكمت,قندهكمتان‌,403,390957,15211019520,39750,39040,38200,-1550,-3.9,38920,-830,-2.09,37910,39990,1400-4-27,2021-07-18
410,فخاس,فولاد خراسان,402,842230,18240816520,22680,21610,21810,-870,-3.84,22480,-200,-0.88,21550,22440,1400-4-27,2021-07-18
411,دسينا,داروسازي‌ سينا,402,1435421,29826090540,20010,20040,21010,1000,5,20780,770,3.85,20030,21010,1400-4-27,2021-07-18
412,فنفت,صنايع تجهيزات نفت,397,993459,24338705920,24863,25500,24390,-473,-1.9,24499,-364,-1.46,24118,25500,1400-4-27,2021-07-18
413,درازك,دارويي‌ رازك‌,389,633950,20380124790,32030,30750,32360,330,1.03,32150,120,0.37,30750,32800,1400-4-27,2021-07-18
414,نمرينو,ايران‌ مرينوس‌,386,234994,20429191830,89910,86000,87400,-2510,-2.79,86930,-2980,-3.31,85520,91500,1400-4-27,2021-07-18
415,دلر,داروسازي‌ اكسير,385,512458,17539466710,34110,34000,34290,180,0.53,34230,120,0.35,33610,34990,1400-4-27,2021-07-18
416,ثجوان,تامين مسكن جوانان,380,1759650,17253368250,10108,9805,9805,-303,-3,9805,-303,-3,9805,9805,1400-4-27,2021-07-18
417,جوين,كشت و صنعت جوين,375,6880428,26258247141,3927,3850,3810,-117,-2.98,3816,-111,-2.83,3810,3880,1400-4-27,2021-07-18
418,ياقوت,صندوق س ياقوت آگاه-ثابت,374,7146705,90623727635,12675,12690,12681,6,0.05,12680,5,0.04,12680,12692,1400-4-27,2021-07-18
419,غبشهر,صنعتي‌ بهشهر,374,1076403,24216212750,22530,22010,22800,270,1.2,22500,-30,-0.13,21870,23100,1400-4-27,2021-07-18
420,زفكاح,ح . كشت و دامداري فكا,374,8088358,61761235331,7896,8290,7520,-376,-4.76,7636,-260,-3.29,7520,8290,1400-4-27,2021-07-18
421,دارو,كارخانجات‌داروپخش‌,373,664882,17220270990,26160,27390,25800,-360,-1.38,25900,-260,-0.99,25020,27390,1400-4-27,2021-07-18
422,شرنگي,شيميايي رنگين,370,128458,27677115050,209191,215460,215466,6275,3,215457,6266,3,210000,215466,1400-4-27,2021-07-18
423,سپيدما,صندوق س. سپيد دماوند-د,369,21156595,226323026053,10691,10701,10703,12,0.11,10698,7,0.07,10697,10703,1400-4-27,2021-07-18
424,غاذر,كشت‌وصنعت‌پياذر,368,460235,14697626440,33480,32000,31810,-1670,-4.99,31940,-1540,-4.6,31810,32990,1400-4-27,2021-07-18
425,اطلس,صندوق س.توسعه اندوخته آينده-س,366,96285,22396867246,235083,234490,232250,-2833,-1.21,232610,-2473,-1.05,231400,235000,1400-4-27,2021-07-18
426,ثمسكن,سرمايه‌گذاري‌ مسكن‌,365,4268584,19878158929,4789,4700,4657,-132,-2.76,4657,-132,-2.76,4610,4798,1400-4-27,2021-07-18
427,فسا,پتروشيمي فسا,364,7045241,9987595555,1377,1389,1418,41,2.98,1418,41,2.98,1389,1418,1400-4-27,2021-07-18
428,ضخود7077,اختيارخ خودرو-3000-1400/07/07,364,18441,1342489000,81,75,69,-12,-14.81,73,-8,-9.88,69,77,1400-4-27,2021-07-18
429,كطبس,ذغال‌سنگ‌ نگين‌ ط‌بس‌,362,528048,30990769590,59370,60000,57970,-1400,-2.36,58690,-680,-1.15,57200,61110,1400-4-27,2021-07-18
430,دعبيد,لابراتوارداروسازي‌  دكترعبيدي‌,357,665277,16487255000,25570,25000,24870,-700,-2.74,25280,-290,-1.13,24300,25300,1400-4-27,2021-07-18
431,رتكو,كنترل‌خوردگي‌تكين‌كو,355,1263290,17092145020,14130,13710,13430,-700,-4.95,13530,-600,-4.25,13430,14050,1400-4-27,2021-07-18
432,وصنا,گروه‌صنايع‌بهشهرايران‌,351,4030059,21006081240,5350,5350,5220,-130,-2.43,5210,-140,-2.62,5180,5350,1400-4-27,2021-07-18
433,تسه9911,امتياز تسهيلات مسكن بهمن99,350,6395,3857040337,595648,594000,609000,13352,2.24,603134,7486,1.26,594000,610000,1400-4-27,2021-07-18
434,ركيش,كارت اعتباري ايران كيش,350,3941061,32084869120,8530,8150,8110,-420,-4.92,8140,-390,-4.57,8110,8480,1400-4-27,2021-07-18
435,ثتران,سرمايه گذاري مسكن تهران,350,5982437,19909754806,3497,3340,3323,-174,-4.98,3328,-169,-4.83,3323,3450,1400-4-27,2021-07-18
436,غشوكو,شوكو پارس,345,537422,16213213033,29410,29442,30292,882,3,30168,758,2.58,29442,30292,1400-4-27,2021-07-18
437,ساروج,بين المللي ساروج بوشهر,340,3592074,65132805494,17610,18090,18129,519,2.95,18132,522,2.96,17675,18138,1400-4-27,2021-07-18
438,غشصفا,شيرپاستوريزه‌پگاه‌اصفهان‌,339,1214422,26461430360,22840,22400,21700,-1140,-4.99,21790,-1050,-4.6,21700,22450,1400-4-27,2021-07-18
439,هجرت,پخش هجرت,337,694362,16127694904,23472,23649,23000,-472,-2.01,23227,-245,-1.04,22780,23940,1400-4-27,2021-07-18
440,تماوند,تامين سرمايه دماوند,336,4529093,24860254178,5420,5449,5460,40,0.74,5489,69,1.27,5350,5582,1400-4-27,2021-07-18
441,ثعتما,س. ساختماني اعتماد گستر,336,887507,29518965243,34191,33166,33166,-1025,-3,33261,-930,-2.72,33166,34300,1400-4-27,2021-07-18
442,قمرو,قند مرودشت‌,333,460897,11840538260,25790,25160,25820,30,0.12,25710,-80,-0.31,25000,26340,1400-4-27,2021-07-18
443,فاما,صنعتي‌ آما,329,1123994,16741175250,15280,15000,14800,-480,-3.14,14890,-390,-2.55,14550,15260,1400-4-27,2021-07-18
444,وثنو,سرمايه گذاري ساختماني نوين,327,2180582,10024528081,4726,4600,4585,-141,-2.98,4597,-129,-2.73,4585,4720,1400-4-27,2021-07-18
445,شاملا,معدني‌ املاح‌  ايران‌,323,648521,25706192590,41460,42000,39430,-2030,-4.9,39640,-1820,-4.39,39390,42000,1400-4-27,2021-07-18
446,سدشت,صنايع سيمان دشتستان,322,235929,13553735910,56740,56740,57160,420,0.74,57090,350,0.62,54670,58380,1400-4-27,2021-07-18
447,ما,بيمه  ما,322,1195062,9404488960,8030,8030,7870,-160,-1.99,7930,-100,-1.25,7800,8100,1400-4-27,2021-07-18
448,تايرا,تراكتورسازي‌ايران‌,317,378206,8969442170,23980,24500,23920,-60,-0.25,23900,-80,-0.33,23300,24500,1400-4-27,2021-07-18
449,دكپسول,توليد ژلاتين كپسول ايران,317,369661,11789640776,32984,31838,32540,-444,-1.35,32066,-918,-2.78,31510,34000,1400-4-27,2021-07-18
450,تسه9909,امتياز تسهيلات مسكن آذر99,315,5120,3080662658,595175,576485,597000,1825,0.31,601692,6517,1.09,576485,610000,1400-4-27,2021-07-18
451,وسپه,سرمايه‌گذاري‌ سپه‌,311,1336280,10089578220,7720,7710,7560,-160,-2.07,7670,-50,-0.65,7500,7720,1400-4-27,2021-07-18
452,كارين,صندوق س نگين سامان-ثابت,310,11794562,119766383742,10148,10156,10155,7,0.07,10154,6,0.06,10152,10156,1400-4-27,2021-07-18
453,كشرق,صنعتي و معدني شمال شرق شاهرود,310,248478,15461792519,62210,62951,62250,40,0.06,62226,16,0.03,61667,63299,1400-4-27,2021-07-18
454,دابور,داروسازي‌ ابوريحان‌,310,550991,20229304050,38190,37980,36600,-1590,-4.16,36710,-1480,-3.88,36310,37980,1400-4-27,2021-07-18
455,ولبهمن,شركت بهمن ليزينگ,309,2327670,16597987273,7296,7170,7170,-126,-1.73,7131,-165,-2.26,7050,7328,1400-4-27,2021-07-18
456,آكورد,صندوق س. آرمان آتي كوثر-د,309,3932749,130270624364,33108,33124,33124,16,0.05,33125,17,0.05,33124,33130,1400-4-27,2021-07-18
457,سيستم,همكاران سيستم,307,441220,11872667730,26720,26620,26900,180,0.67,26840,120,0.45,26610,27260,1400-4-27,2021-07-18
458,سجام,مجتمع سيمان غرب آسيا,307,1535641,5536964479,3538,3457,3576,38,1.07,3575,37,1.05,3457,3637,1400-4-27,2021-07-18
459,تنوين,تامين سرمايه نوين,306,2920398,20206713950,6950,6960,6920,-30,-0.43,6930,-20,-0.29,6830,6960,1400-4-27,2021-07-18
460,سقاين,سيمان‌ قائن‌,306,605331,36822103960,57950,60840,60840,2890,4.99,60830,2880,4.97,59010,60840,1400-4-27,2021-07-18
461,سكه0012پ01,تمام سكه طرح جديد0012رفاه,303,97100,100721841800,1040412,1038000,1039900,-512,-0.05,1037300,-3112,-0.3,1036000,1040996,1400-4-27,2021-07-18
462,شپاكسا,پاكسان‌,301,1120286,24501919250,21970,22200,22100,130,0.59,21870,-100,-0.46,21430,22200,1400-4-27,2021-07-18
463,كمينا,شيشه سازي مينا,301,620449,14541742720,23329,23945,23665,336,1.44,23437,108,0.46,23100,23945,1400-4-27,2021-07-18
464,وتوسم,سرمايه‌گذاري‌توسعه‌ملي‌,297,999642,7821554390,8020,7900,7790,-230,-2.87,7910,-110,-1.37,7770,8080,1400-4-27,2021-07-18
465,شفارا,پتروشيمي فارابي,294,4914642,23500209443,4645,4784,4784,139,2.99,4782,137,2.95,4700,4784,1400-4-27,2021-07-18
466,پكرمان,گروه‌ صنعتي‌ بارز,292,1071003,29529712150,27250,27900,27260,10,0.04,27570,320,1.17,26780,28170,1400-4-27,2021-07-18
467,جم پيلن,پلي پروپيلن جم - جم پيلن,290,208106,16772035160,80950,82140,80990,40,0.05,80860,-90,-0.11,79380,82140,1400-4-27,2021-07-18
468,تكنو,تكنوتار,285,773154,12088437450,16210,16400,15580,-630,-3.89,15730,-480,-2.96,15580,16400,1400-4-27,2021-07-18
469,كپرور,فرآوري زغال سنگ پروده طبس,284,586332,19331015057,32280,32700,33660,1380,4.28,32969,689,2.13,32248,33670,1400-4-27,2021-07-18
470,تصميم,صندوق س با درآمد ثابت تصميم,284,2125075,35837395141,16856,16867,16866,10,0.06,16864,8,0.05,16861,16868,1400-4-27,2021-07-18
471,فپنتا,سپنتا,283,21121,8153640340,396020,399000,384990,-11030,-2.79,390610,-5410,-1.37,382200,399000,1400-4-27,2021-07-18
472,پرديس,سرمايه گذاري پرديس,283,1507655,7349877684,4999,4931,4900,-99,-1.98,4937,-62,-1.24,4801,5020,1400-4-27,2021-07-18
473,سفاسي,شركت فارسيت اهواز,280,2734388,21519633560,8113,7870,7870,-243,-3,7870,-243,-3,7870,7870,1400-4-27,2021-07-18
474,كدماح,ح . معدني‌ دماوند,278,143437,19469886960,146060,143060,131460,-14600,-10,135740,-10320,-7.07,131460,143060,1400-4-27,2021-07-18
475,وبهمن,سرمايه‌گذاري‌بهمن‌,274,552953,7095200460,13170,12700,12710,-460,-3.49,13010,-160,-1.21,12650,13200,1400-4-27,2021-07-18
476,تسه9910,امتياز تسهيلات مسكن دي99,274,3622,2173663842,597109,595599,596000,-1109,-0.19,600128,3019,0.51,590001,615000,1400-4-27,2021-07-18
477,زگلدشت,كشت و دام گلدشت نمونه اصفهان,272,889218,10091431006,11680,11112,11290,-390,-3.34,11443,-237,-2.03,11110,11900,1400-4-27,2021-07-18
478,شكبير,پتروشيمي اميركبير,270,1075486,86699752226,82757,81000,80275,-2482,-3,80845,-1912,-2.31,80275,83200,1400-4-27,2021-07-18
479,كاردان,صندوق س تجارت شاخصي كاردان,266,129089,22770280660,176860,178000,176350,-510,-0.29,176390,-470,-0.27,175200,178000,1400-4-27,2021-07-18
480,وسهمدا,شركت س استان همدان,264,12517302,7373105200,619,589,589,-30,-4.85,611,-8,-1.29,589,590,1400-4-27,2021-07-18
481,ونفت,سرمايه‌گذاري‌ صنعت‌ نفت‌,252,573453,8677590850,15610,15070,15070,-540,-3.46,15320,-290,-1.86,15030,15480,1400-4-27,2021-07-18
482,بنو,بيمه تجارت نو,249,1678435,37163907770,23307,22142,22142,-1165,-5,22142,-1165,-5,22142,22142,1400-4-27,2021-07-18
483,وپست,پست بانك ايران,246,500306,11800848560,24160,24100,23420,-740,-3.06,23940,-220,-0.91,23120,24150,1400-4-27,2021-07-18
484,شنفت,نفت‌ پارس‌,244,297370,17653287750,59000,60800,59500,500,0.85,59110,110,0.19,57510,60800,1400-4-27,2021-07-18
485,قزوين,كارخانجات‌ قند قزوين‌,240,232479,6545668840,28800,28010,28000,-800,-2.78,28510,-290,-1.01,27360,29290,1400-4-27,2021-07-18
486,دسبحا,گروه دارويي سبحان,235,466536,7468484660,16350,15650,16010,-340,-2.08,16230,-120,-0.73,15650,16380,1400-4-27,2021-07-18
487,ضخود7076,اختيارخ خودرو-2500-1400/07/07,234,10975,1489019000,150,142,132,-18,-12,136,-14,-9.33,125,147,1400-4-27,2021-07-18
488,زپارس,ملي كشت و صنعت و دامپروري پارس,230,180293,20765857480,117640,120450,114000,-3640,-3.09,115180,-2460,-2.09,111760,123500,1400-4-27,2021-07-18
489,كاريس,صندوق س.سپهر كاريزما-س,229,809403,10444835054,13015,13190,13048,33,0.25,12904,-111,-0.85,12835,13190,1400-4-27,2021-07-18
490,لابسا,آبسال‌,224,303565,10444083760,35180,35500,34400,-780,-2.22,34620,-560,-1.59,33730,35500,1400-4-27,2021-07-18
491,خديزل,بهمن  ديزل,215,250729,12157044422,49317,47800,48790,-527,-1.07,48797,-520,-1.05,47800,49900,1400-4-27,2021-07-18
492,تسه9907,امتياز تسهيلات مسكن مهر99,213,4219,2530514148,595031,599000,610000,14969,2.52,599790,4759,0.8,584460,610000,1400-4-27,2021-07-18
493,اتكام,شركت بيمه اتكايي امين,209,2323961,11559271516,4926,4815,5070,144,2.92,4962,36,0.73,4815,5090,1400-4-27,2021-07-18
494,پارسيان,بيمه پارسيان,208,2317891,20839470230,9150,9060,9210,60,0.66,8990,-160,-1.75,8800,9230,1400-4-27,2021-07-18
495,لوتوس,تامين سرمايه لوتوس پارسيان,208,2369999,19157203570,8090,7900,8150,60,0.74,8090,0,0,7900,8200,1400-4-27,2021-07-18
496,گشان,توسعه بين المللي پديده شانديز,207,220697,5579220160,25795,25280,25280,-515,-2,25604,-191,-0.74,25280,25280,1400-4-27,2021-07-18
497,پسهند,صنايع‌ لاستيكي‌  سهند,205,212679,6738646410,32100,32070,31840,-260,-0.81,31910,-190,-0.59,30940,32370,1400-4-27,2021-07-18
498,غپونه,نوش پونه مشهد,205,571099,7615113815,13587,13190,13532,-55,-0.4,13388,-199,-1.46,13182,13599,1400-4-27,2021-07-18
499,فردا2,صندوق س آواي فرداي زاگرس-ثابت,204,20400000,20400000,11060,1,1,-11059,-99.99,1,-11059,-99.99,1,1,1400-4-27,2021-07-18
500,پخشح,ح. پخش البرز,196,438708,7284435855,17272,16455,16410,-862,-4.99,16604,-668,-3.87,16409,17450,1400-4-27,2021-07-18
501,قپيرا,فرآورده‌هاي‌غدايي‌وقندپيرانشهر,188,1504129,12232283800,8340,8300,7930,-410,-4.92,8170,-170,-2.04,7930,8500,1400-4-27,2021-07-18
502,فافزا,فولاد افزا سپاهان,186,144577,5645454060,40159,40040,38955,-1204,-3,39512,-647,-1.61,38955,40040,1400-4-27,2021-07-18
503,تسه9904,امتياز تسهيلات مسكن تير99,185,4167,2530980650,597695,600000,600000,2305,0.39,607387,9692,1.62,582000,625000,1400-4-27,2021-07-18
504,شستان,پتروشيمي گلستان,181,1628399,4763733810,2979,2922,2920,-59,-1.98,2926,-53,-1.78,2920,2969,1400-4-27,2021-07-18
505,تسه9902,امتياز تسهيلات مسكن ارديبهشت99,181,4063,2442936304,600296,585000,600000,-296,-0.05,601264,968,0.16,585000,625000,1400-4-27,2021-07-18
506,سپ,پرداخت الكترونيك سامان كيش,178,255203,6972792270,27550,26570,27210,-340,-1.23,27520,-30,-0.11,26570,28000,1400-4-27,2021-07-18
507,واميد,گروه مديريت سرمايه گذاري اميد,176,830081,8609832980,10510,10230,10380,-130,-1.24,10500,-10,-0.1,10230,10770,1400-4-27,2021-07-18
508,دفرا,فرآورده‌هاي‌ تزريقي‌ ايران‌,175,236374,6108417590,26030,25330,26110,80,0.31,25950,-80,-0.31,25330,26400,1400-4-27,2021-07-18
509,سنوين,سرمايه گذاري اقتصاد نوين,172,730432,6003290046,8464,8250,8211,-253,-2.99,8313,-151,-1.78,8211,8350,1400-4-27,2021-07-18
510,خكاوه,سايپا ديزل,172,2538260,10795219780,4051,4253,4253,202,4.99,4253,202,4.99,4253,4253,1400-4-27,2021-07-18
511,سخاش,سيمان‌خاش‌,171,86026,10207845160,113010,118660,118660,5650,5,116500,3490,3.09,118660,118660,1400-4-27,2021-07-18
512,تسه9810,امتياز تسهيلات مسكن دي98,166,3777,2257487717,591293,599880,580001,-11292,-1.91,597693,6400,1.08,561802,620857,1400-4-27,2021-07-18
513,وكادو,تكادو,166,1193436,22675443119,19578,18991,18991,-587,-3,19000,-578,-2.95,18991,19500,1400-4-27,2021-07-18
514,پارند2,صندوق س. پارند پايدار سپهر,165,16500000,16500000,11175,1,1,-11174,-99.99,1,-11174,-99.99,1,1,1400-4-27,2021-07-18
515,فراز,صندوق س.سهام فراز داريك-س,165,1432620,17350374422,12077,12100,12120,43,0.36,12111,34,0.28,12078,12125,1400-4-27,2021-07-18
516,اخزا910,اسنادخزانه-م10بودجه99-020807,165,408389,260633037671,636259,636000,638900,2641,0.42,638198,1939,0.3,635900,640750,1400-4-27,2021-07-18
517,فيروزه,صندوق شاخص30 شركت فيروزه- سهام,164,51647,7874198980,155620,152830,152990,-2630,-1.69,152460,-3160,-2.03,152000,155700,1400-4-27,2021-07-18
518,ارمغان,ص سرمايه گذاري ارمغان ايرانيان,163,3416241,34327852308,10044,10055,10050,6,0.06,10048,4,0.04,10048,10055,1400-4-27,2021-07-18
519,دالبر,البرزدارو,161,418609,5610003010,13770,13230,13300,-470,-3.41,13640,-130,-0.94,13230,13770,1400-4-27,2021-07-18
520,ضخود7078,اختيارخ خودرو-3500-1400/07/07,160,9091,324393000,39,38,36,-3,-7.69,36,-3,-7.69,35,38,1400-4-27,2021-07-18
521,تيپيكو,سرمايه گذاري دارويي تامين,155,4420820,80945214200,17440,18310,18310,870,4.99,18310,870,4.99,18310,18310,1400-4-27,2021-07-18
522,ضسپا8041,اختيارخ خساپا-1600-1400/08/26,154,6325,3150195000,514,490,500,-14,-2.72,498,-16,-3.11,472,502,1400-4-27,2021-07-18
523,سحرخيز,صندوق س. گروه زعفران سحرخيز,153,955459,8722233902,9142,9198,9150,8,0.09,9129,-13,-0.14,9085,9198,1400-4-27,2021-07-18
524,وآفري,بيمه كارآفرين,152,1561381,4609118752,3030,3030,2996,-34,-1.12,2998,-32,-1.06,2940,3048,1400-4-27,2021-07-18
525,پلوله,گازلوله‌,148,350401,11141893850,30343,31860,31860,1517,5,31798,1455,4.8,31258,31860,1400-4-27,2021-07-18
526,عيار,صندوق سكه طلاي مفيد,139,127932,3378606154,26581,26220,26500,-81,-0.3,26409,-172,-0.65,26220,26800,1400-4-27,2021-07-18
527,فالوم,آلومتك‌,131,383626,8255630470,22184,21519,21519,-665,-3,21603,-581,-2.62,21519,21550,1400-4-27,2021-07-18
528,زرين,صندوق س. سهام زرين كوروش-س,131,335928,3730495199,11360,11438,11024,-336,-2.96,11105,-255,-2.24,11003,11438,1400-4-27,2021-07-18
529,تسه9906,امتياز تسهيلات مسكن شهريور99,126,1594,954753829,598656,584000,609999,11343,1.89,598967,311,0.05,580515,609999,1400-4-27,2021-07-18
530,حبندر,دريايي و کشتيراني خط دريابندر,121,171681,5456170030,31174,31610,31740,566,1.82,31491,317,1.02,31610,32050,1400-4-27,2021-07-18
531,گوهر,صندوق سكه طلاي كيان,120,57705,2982422000,51987,51800,51960,-27,-0.05,51684,-303,-0.58,51559,52170,1400-4-27,2021-07-18
532,اخزا914,اسنادخزانه-م14بودجه99-021025,117,187904,115539938346,612202,611050,616001,3799,0.62,614888,2686,0.44,611050,620000,1400-4-27,2021-07-18
533,تسه9806,امتياز تسهيلات مسكن شهريور98,114,2483,1485000812,596222,599953,608937,12715,2.13,598067,1845,0.31,581230,608937,1400-4-27,2021-07-18
534,تسه9903,امتياز تسهيلات مسكن خرداد99,113,1402,841710822,600777,585100,600000,-777,-0.13,600364,-413,-0.07,585100,608990,1400-4-27,2021-07-18
535,نهال,صندوق س. طلاي سرخ نوويرا,111,154914,1438519680,9306,9212,9295,-11,-0.12,9286,-20,-0.21,9212,9400,1400-4-27,2021-07-18
536,فيروزا,صندوق بادرآمد ثابت فيروزه آسيا,108,303133,7234362639,23864,23999,23881,17,0.07,23865,1,0,23825,23999,1400-4-27,2021-07-18
537,زر,صندوق س.پشتوانه سكه طلاي زر,104,60946,2754742260,45377,45474,45140,-237,-0.52,45200,-177,-0.39,45100,45480,1400-4-27,2021-07-18
538,هفارس104,اختيارف ت فارس-11832-01/04/12,103,4930997,4930997,1,1,1,0,0,1,0,0,1,1,1400-4-27,2021-07-18
539,تسه9901,امتياز تسهيلات مسكن فروردين99,103,1418,861849829,599732,586180,629717,29985,5,607793,8061,1.34,578899,629717,1400-4-27,2021-07-18
540,اخزا903,اسنادخزانه-م3بودجه99-011110,102,305821,226361685215,740601,741000,740133,-468,-0.06,740177,-424,-0.06,737500,742023,1400-4-27,2021-07-18
541,آساميد,صندوق س.مشترك آسمان اميد -د,102,2827046,34976637651,12361,12374,12369,8,0.06,12372,11,0.09,12367,12374,1400-4-27,2021-07-18
542,فنرژي,گسترش صنايع انرژي آذرآب,100,663900,9366965100,13833,14109,14109,276,2,14109,276,2,14109,14109,1400-4-27,2021-07-18
543,تسه9905,امتياز تسهيلات مسكن مرداد99,99,2163,1312686446,599614,609999,609000,9386,1.57,606882,7268,1.21,592562,610000,1400-4-27,2021-07-18
544,شصدف,صنعتي دوده فام,99,132576,5767586304,41433,43504,43504,2071,5,42155,722,1.74,43504,43504,1400-4-27,2021-07-18
545,هبساز103,اختيارف ت ثبهساز-2346-01/03/18,97,2500000,2500000,1,1,1,0,0,1,0,0,1,1,1400-4-27,2021-07-18
546,اخزا902,اسنادخزانه-م2بودجه99-011019,93,178381,133481054646,748043,746000,748500,457,0.06,748292,249,0.03,746000,750000,1400-4-27,2021-07-18
547,هفارس014,اختيارف ت فارس11832-1401/04/12,93,9227049,9227049,1,1,1,0,0,1,0,0,1,1,1400-4-27,2021-07-18
548,آساس,صندوق س.آسمان آرماني سهام-س,92,111062,18408055673,166126,166200,165400,-726,-0.44,165746,-380,-0.23,164501,166200,1400-4-27,2021-07-18
549,سنير,سيمان‌ سفيد ني‌ريز,89,16743,2727936990,171500,162930,162930,-8570,-5,169860,-1640,-0.96,162930,162930,1400-4-27,2021-07-18
550,زماهان,مجتمع توليد گوشت مرغ ماهان,86,114525,1767807900,17151,15436,15436,-1715,-10,16926,-225,-1.31,15436,15436,1400-4-27,2021-07-18
551,وبازار,صندوق س شاخصي بازارآشنا,85,530604,5947281800,11240,11390,11210,-30,-0.27,11210,-30,-0.27,11200,11390,1400-4-27,2021-07-18
552,تسه9812,امتياز تسهيلات مسكن اسفند98,84,949,568975916,596423,590110,626000,29577,4.96,599553,3130,0.52,584666,626244,1400-4-27,2021-07-18
553,اخزا004,اسنادخزانه-م4بودجه00-030522,83,756513,403592432971,1000000,534200,531102,-468898,-46.89,533490,-466510,-46.65,531000,535000,1400-4-27,2021-07-18
554,خفولا,خدمات فني فولاد يزد,82,150723,4201252902,29341,27874,27874,-1467,-5,28692,-649,-2.21,27874,27874,1400-4-27,2021-07-18
555,تسه9808,امتياز تسهيلات مسكن آبان98,80,1241,739774280,596215,584553,595000,-1215,-0.2,596111,-104,-0.02,584553,604260,1400-4-27,2021-07-18
556,تسه9811,امتياز تسهيلات مسكن بهمن98,77,692,414683541,593703,581000,590000,-3703,-0.62,599254,5551,0.93,581000,623388,1400-4-27,2021-07-18
557,ثروتم,صندوق س. ثروت آفرين پارسيان-س,77,38760,3202636650,86969,82638,82425,-4544,-5.22,82627,-4342,-4.99,82226,82925,1400-4-27,2021-07-18
558,ثامان,سامان‌ گستراصفهان‌,73,167592,3197655360,21190,19080,19080,-2110,-9.96,20690,-500,-2.36,19080,19080,1400-4-27,2021-07-18
559,اخزا909,اسنادخزانه-م9بودجه99-020316,71,395974,273994009356,690693,690000,693000,2307,0.33,691949,1256,0.18,690000,694000,1400-4-27,2021-07-18
560,آرمان,بيمه آرمان,71,245333,1584575494,6612,6456,6432,-180,-2.72,6587,-25,-0.38,6423,6608,1400-4-27,2021-07-18
561,شرانل,نفت ايرانول,71,29935,1344528133,45382,45200,44455,-927,-2.04,45365,-17,-0.04,44210,45460,1400-4-27,2021-07-18
562,قيستو,شركت قند بيستون,69,1096109,13818495652,12861,12604,12604,-257,-2,12607,-254,-1.97,12604,12861,1400-4-27,2021-07-18
563,غدام,خوراك‌  دام‌ پارس‌,68,5336,1871441920,389680,350720,350720,-38960,-10,384280,-5400,-1.39,350720,350720,1400-4-27,2021-07-18
564,تسه9807,امتياز تسهيلات مسكن مهر98,68,878,527549406,599977,572010,606800,6823,1.14,600854,877,0.15,572010,607000,1400-4-27,2021-07-18
565,تسه9809,امتياز تسهيلات مسكن آذر98,67,671,399859757,597432,590000,591000,-6432,-1.08,595916,-1516,-0.25,588105,602000,1400-4-27,2021-07-18
566,صايند,صندوق س. گنجينه آينده روشن-د,66,997230,10007690970,10022,10014,10040,18,0.18,10035,13,0.13,10014,10040,1400-4-27,2021-07-18
567,ضملي7003,اختيارخ فملي-11720-1400/07/11,61,636,1276193000,2100,2150,2037,-63,-3,2007,-93,-4.43,1819,2150,1400-4-27,2021-07-18
568,ولتجار,واسپاري تجارت وسرمايه ايرانيان,61,273205,2046578655,7722,7491,7491,-231,-2.99,7672,-50,-0.65,7491,7491,1400-4-27,2021-07-18
569,سكه0011پ02,تمام سكه طرح جديد0011ملت,61,9900,10238133800,1042367,1045000,1039000,-3367,-0.32,1034155,-8212,-0.79,1030000,1045000,1400-4-27,2021-07-18
570,دارا,صندوق س. دارا الگوريتم-د,60,1267541,12800702010,10082,10097,10095,13,0.13,10099,17,0.17,10095,10101,1400-4-27,2021-07-18
571,اخزا901,اسنادخزانه-م1بودجه99-010621,59,57840,46142667363,797365,795510,798150,785,0.1,797764,399,0.05,795510,799000,1400-4-27,2021-07-18
572,خاتم,صندوق س خاتم ايساتيس پويا-ثابت,59,544135,6262568849,11490,11501,11510,20,0.17,11509,19,0.17,11501,11510,1400-4-27,2021-07-18
573,افق ملت,صندوق س در سهام افق ملت,58,20771,2843114810,138090,137670,137300,-790,-0.57,136880,-1210,-0.88,136500,137670,1400-4-27,2021-07-18
574,ضپاس7030,اختيارخ وپارس-3000-1400/07/28,57,1361,527248000,402,330,367,-35,-8.71,387,-15,-3.73,330,402,1400-4-27,2021-07-18
575,تسه9805,امتياز تسهيلات مسكن مرداد98,56,924,552425498,595316,570010,600000,4684,0.79,597863,2547,0.43,570010,609996,1400-4-27,2021-07-18
576,اخزا908,اسنادخزانه-م8بودجه99-020606,56,131093,86428463285,657983,657155,660980,2997,0.46,659291,1308,0.2,655100,660980,1400-4-27,2021-07-18
577,گپارس,امور رفاهي كارگزاران پارس,55,46152,5357838829,119303,115724,122000,2697,2.26,117525,-1778,-1.49,115724,122000,1400-4-27,2021-07-18
578,اخزا806,اسنادخزانه-م6بودجه98-000519,53,3385,3341479380,987410,987999,987500,90,0.01,987143,-267,-0.03,985480,988890,1400-4-27,2021-07-18
579,آتيمس,صندوق س.آرمان آتيه درخشان مس-س,53,19074,3515320955,185647,186000,184110,-1537,-0.83,184299,-1348,-0.73,181384,186675,1400-4-27,2021-07-18
580,ضپاس7029,اختيارخ وپارس-2500-1400/07/28,52,1178,791842000,707,661,660,-47,-6.65,672,-35,-4.95,660,700,1400-4-27,2021-07-18
581,تابا,تابان نيرو سپاهان,51,53851,1750911414,33519,32514,32514,-1005,-3,33217,-302,-0.9,32514,32514,1400-4-27,2021-07-18
582,كارين2,صندوق س نگين سامان-ثابت,50,5000000,5000000,10148,1,1,-10147,-99.99,1,-10147,-99.99,1,1,1400-4-27,2021-07-18
583,اخزا911,اسنادخزانه-م11بودجه99-020906,49,124491,78335341157,627402,626559,632750,5348,0.85,629245,1843,0.29,626011,632750,1400-4-27,2021-07-18
584,شزنگ,تجهيزنيروي‌زنگان‌,48,67221,9512578152,148960,141512,141512,-7448,-5,141512,-7448,-5,141512,141512,1400-4-27,2021-07-18
585,ضصاد8033,اختيارخ وبصادر-2489-1400/08/12,46,1602,455945000,292,282,280,-12,-4.11,285,-7,-2.4,268,295,1400-4-27,2021-07-18
586,پارتا,مجتمع‌صنعتي‌آرتاويل‌تاير,44,192260,5877580460,31516,30571,30571,-945,-3,31310,-206,-0.65,30571,30571,1400-4-27,2021-07-18
587,اگ000618,گام بانك تجارت0006,40,400000,383480000000,955500,958700,958700,3200,0.33,958700,3200,0.33,958700,958700,1400-4-27,2021-07-18
588,گنجين,صندوق س. گنجينه يكم آويد-د,38,360352,4781865714,13255,13270,13270,15,0.11,13270,15,0.11,13268,13270,1400-4-27,2021-07-18
589,ضفلا7004,اختيارخ فولاد-9586-1400/07/25,36,461,1088681040,1877,1560,1706,-171,-9.11,1684,-193,-10.28,1556,1830,1400-4-27,2021-07-18
590,سپر,صندوق س سپر سرمايه بيدار- ثابت,34,834915,10266378049,12290,12297,12297,7,0.06,12296,6,0.05,12295,12297,1400-4-27,2021-07-18
591,ومشان,س. فني و مهندسي مشانير,33,50242,3359079636,68925,66858,66858,-2067,-3,68204,-721,-1.05,66858,66858,1400-4-27,2021-07-18
592,ضجار7040,اختيارخ وتجارت-2497-1400/07/21,33,949,448958000,476,480,480,4,0.84,473,-3,-0.63,460,480,1400-4-27,2021-07-18
593,الماس,صندوق س.امين تدبيرگران فردا-س,31,9224,1006619903,108870,110000,109950,1080,0.99,109131,261,0.24,109000,110000,1400-4-27,2021-07-18
594,اراد50,مرابحه عام دولت5-ش.خ0302,31,383500,383500000000,1000000,1000000,1000000,0,0,1000000,0,0,1000000,1000000,1400-4-27,2021-07-18
595,هكوير109,اختيارف ت كوير-8194-01/09/20,30,199994,76397708,295,382,382,87,29.49,382,87,29.49,382,382,1400-4-27,2021-07-18
596,وپخش,داروپخش‌ (هلدينگ‌,29,137993,3371168990,23270,24430,24430,1160,4.98,23750,480,2.06,24430,24430,1400-4-27,2021-07-18
597,ضپال2007,اختيارخ اپال-32000-1401/02/12,28,281,231059000,792,800,842,50,6.31,822,30,3.79,780,858,1400-4-27,2021-07-18
598,همبين102,اختيارف ت مبين17952-01/02/10,27,1000000,1000000,1,1,1,0,0,1,0,0,1,1,1400-4-27,2021-07-18
599,اوصتا,صندوق انديشه ورزان صباتامين -د,27,668191,12867691750,19232,19245,19249,17,0.09,19258,26,0.14,19245,19260,1400-4-27,2021-07-18
600,ضخود7072,اختيارخ خودرو-1400-1400/07/07,25,548,409803000,782,720,740,-42,-5.37,748,-34,-4.35,740,760,1400-4-27,2021-07-18
601,ضمخا7071,اختيارخ اخابر-23700-1400/07/28,25,424,20341000,25,40,49,24,96,48,23,92,35,49,1400-4-27,2021-07-18
602,اخزا907,اسنادخزانه-م7بودجه99-020704,24,57942,37600293446,647439,647509,648000,561,0.09,648930,1491,0.23,647500,650000,1400-4-27,2021-07-18
603,زعف0008پ16,زعفران0008نگين بيرجند(پ),24,33228,4236535193,128909,126000,127800,-1109,-0.86,127499,-1410,-1.09,126000,128300,1400-4-27,2021-07-18
604,ضپال2006,اختيارخ اپال-28000-1401/02/12,24,365,571010000,1584,1315,1700,116,7.32,1564,-20,-1.26,1315,1701,1400-4-27,2021-07-18
605,هنوري102,اختيارف ت نوري59561-01/02/15,23,300000,300000,1,1,1,0,0,1,0,0,1,1,1400-4-27,2021-07-18
606,دمعيار,صندوق س. توازن معيار-د,23,532657,5399106698,10132,10135,10135,3,0.03,10136,4,0.04,10135,10140,1400-4-27,2021-07-18
607,اخزا905,اسنادخزانه-م5بودجه99-020218,22,92485,64913300209,700940,700940,701120,180,0.03,701879,939,0.13,700700,704703,1400-4-27,2021-07-18
608,كساوه,صنايع‌ كاشي‌ و سراميك‌ سينا,22,11878,656615840,58180,55280,55280,-2900,-4.98,58050,-130,-0.22,55280,55280,1400-4-27,2021-07-18
609,اخزا812,اسنادخزانه-م12بودجه98-001111,21,62280,56113470186,902436,901501,900030,-2406,-0.27,900987,-1449,-0.16,900030,903500,1400-4-27,2021-07-18
610,اخزا815,اسنادخزانه-م15بودجه98-010406,21,23762,19758721492,829795,830532,831751,1956,0.24,831526,1731,0.21,830532,831751,1400-4-27,2021-07-18
611,ضملي7005,اختيارخ فملي-15720-1400/07/11,20,504,230433000,669,700,590,-79,-11.81,457,-212,-31.69,10,700,1400-4-27,2021-07-18
612,سكه0112پ03,تمام سكه طرح جديد0112سامان,19,3600,3745276900,1041247,1043400,1038000,-3247,-0.31,1040355,-892,-0.09,1037000,1044484,1400-4-27,2021-07-18
613,هاميد104,اختيارف ت ثاميد-2050-01/04/20,18,215460,215460,1,1,1,0,0,1,0,0,1,1,1400-4-27,2021-07-18
614,نگين,ص.س. زمين و ساختمان نگين شهرري,18,58716,2791517930,47540,48480,47530,-10,-0.02,47540,0,0,47530,48480,1400-4-27,2021-07-18
615,جهرمح,ح.پتروشيمي جهرم,18,662987,248633924,374,396,352,-22,-5.88,375,1,0.27,352,396,1400-4-27,2021-07-18
616,تملي706,تسهيلات مسكن ب. ملي-شهريور97,16,390,311962290,775441,736669,814000,38559,4.97,799903,24462,3.15,736669,814213,1400-4-27,2021-07-18
617,سنفت010,سلف موازي استاندارد سنفت010,16,1524000,2420112000000,1569000,1588000,1588000,19000,1.21,1588000,19000,1.21,1588000,1588000,1400-4-27,2021-07-18
618,سخواف,سيمان مجد خواف,16,103778,1627342818,16165,15681,15681,-484,-2.99,16084,-81,-0.5,15681,15681,1400-4-27,2021-07-18
619,صنوين,صندوق سرمايه‌گذاري صنوين-مختلط,16,9564,1062531400,111150,111070,111080,-70,-0.06,111100,-50,-0.04,111070,111700,1400-4-27,2021-07-18
620,اخزا718,اسنادخزانه-م18بودجه97-000525,15,13342,13129439688,985921,985449,983000,-2921,-0.3,984068,-1853,-0.19,982000,985449,1400-4-27,2021-07-18
621,اخزا814,اسنادخزانه-م14بودجه98-010318,15,8083,6793458865,840238,839601,840600,362,0.04,840463,225,0.03,839601,840600,1400-4-27,2021-07-18
622,اخزا816,اسنادخزانه-م16بودجه98-010503,15,112559,92265027299,819078,819700,820000,922,0.11,819704,626,0.08,819100,820000,1400-4-27,2021-07-18
623,ضمخا7075,اختيارخ اخابر-8700-1400/07/28,15,215,255925000,1269,1200,1250,-19,-1.5,1190,-79,-6.23,1110,1280,1400-4-27,2021-07-18
624,ضسپا8039,اختيارخ خساپا-1200-1400/08/26,14,325,235136000,850,635,790,-60,-7.06,723,-127,-14.94,632,799,1400-4-27,2021-07-18
625,آسام,صندوق س.آرمان سپهر آشنا-م,14,8710,957026900,109743,109850,109850,107,0.1,109877,134,0.12,109850,110499,1400-4-27,2021-07-18
626,اخزا723,اسنادخزانه-م23بودجه97-000824,14,40988,38446746181,940091,938000,938000,-2091,-0.22,938000,-2091,-0.22,938000,938003,1400-4-27,2021-07-18
627,اخزا807,اسنادخزانه-م7بودجه98-000719,14,7912,7571784000,956568,957000,957000,432,0.05,957000,432,0.05,957000,957000,1400-4-27,2021-07-18
628,غگز,گز سكه,14,465350,8226300000,18000,18000,17000,-1000,-5.56,17678,-322,-1.79,17000,18000,1400-4-27,2021-07-18
629,زعف0008پ08,زعفران0008نگين روستا(پ),14,15001,1952138218,129907,138218,130000,93,0.07,130134,227,0.17,130000,138218,1400-4-27,2021-07-18
630,ساذري,آذريت‌,14,165521,1247035214,7176,7534,7534,358,4.99,7219,43,0.6,7534,7534,1400-4-27,2021-07-18
631,تكنار,مجتمع معادن مس تكنار,13,51909,5826733341,115720,112249,112249,-3471,-3,113634,-2086,-1.8,112249,112249,1400-4-27,2021-07-18
632,ثشرق,سرمايه گذاري مسكن شمال شرق,13,216336,1252585440,6090,5790,5790,-300,-4.93,6060,-30,-0.49,5790,5790,1400-4-27,2021-07-18
633,ضجار7041,اختيارخ وتجارت-2997-1400/07/21,13,402,100425000,350,250,300,-50,-14.29,250,-100,-28.57,240,300,1400-4-27,2021-07-18
634,اخزا809,اسنادخزانه-م9بودجه98-000923,13,31322,28907549804,923679,920150,920752,-2927,-0.32,922915,-764,-0.08,920150,929000,1400-4-27,2021-07-18
635,ضخود7073,اختيارخ خودرو-1600-1400/07/07,13,714,420074000,633,560,585,-48,-7.58,588,-45,-7.11,560,602,1400-4-27,2021-07-18
636,زعف0008پ05,زعفران0008نگين زرين(پ),13,18857,2421898500,129088,129000,128500,-588,-0.46,128435,-653,-0.51,128300,129000,1400-4-27,2021-07-18
637,اخزا808,اسنادخزانه-م8بودجه98-000817,13,3053,2873013650,941449,942000,940050,-1399,-0.15,941046,-403,-0.04,940050,942100,1400-4-27,2021-07-18
638,كهرام,توليدي گرانيت بهسرام,12,1425,153300075,113241,107579,107579,-5662,-5,113150,-91,-0.08,107579,107579,1400-4-27,2021-07-18
639,گكيشح,ح.توريستي ورفاهي آبادگران كيش,12,7859,310010664,41011,41500,38551,-2460,-6,39447,-1564,-3.81,38551,41500,1400-4-27,2021-07-18
640,ضپنا8001,اختيارخ رمپنا-11850-1400/08/05,12,55,251569000,6327,3850,6000,-327,-5.17,4574,-1753,-27.71,3850,6000,1400-4-27,2021-07-18
641,كترام,توليدي‌ كاشي‌ تكسرام‌,12,9666,404618760,44060,41860,41860,-2200,-4.99,44000,-60,-0.14,41860,41860,1400-4-27,2021-07-18
642,ضفلا7005,اختيارخ فولاد-11013-1400/07/25,12,95,150162612,1181,1180,1150,-31,-2.62,1127,-54,-4.57,1060,1180,1400-4-27,2021-07-18
643,بالبر,كابل‌ البرز,12,2704,126412000,49210,46750,46750,-2460,-5,49190,-20,-0.04,46750,46750,1400-4-27,2021-07-18
644,اخزا817,اسنادخزانه-م17بودجه98-010512,12,62971,51410623491,815000,814301,817000,2000,0.25,816417,1417,0.17,814301,817000,1400-4-27,2021-07-18
645,ضملي7004,اختيارخ فملي-13720-1400/07/11,11,215,252351000,1103,1001,1200,97,8.79,1174,71,6.44,1000,1200,1400-4-27,2021-07-18
646,ضملي7002,اختيارخ فملي-9720-1400/07/11,11,104,349717000,3657,3101,3301,-356,-9.73,3363,-294,-8.04,3100,3390,1400-4-27,2021-07-18
647,ضسپا8042,اختيارخ خساپا-1800-1400/08/26,10,333,125405000,410,399,380,-30,-7.32,377,-33,-8.05,360,399,1400-4-27,2021-07-18
648,سحرا021,سلف موازي برق نيروي برق حرارتي,10,463000,139824611000,297834,301997,301997,4163,1.4,301997,4163,1.4,301997,301997,1400-4-27,2021-07-18
649,بذر,صندوق س بذر اميد آفرين-سهام,10,1915,185497880,98000,97020,96750,-1250,-1.28,96870,-1130,-1.15,96750,98690,1400-4-27,2021-07-18
650,تملي803,تسهيلات مسكن ب. ملي-خرداد98,10,120,71484800,626997,596000,595648,-31349,-5,595707,-31290,-4.99,595648,596000,1400-4-27,2021-07-18
651,اخزا713,اسنادخزانه-م13بودجه97-000518,10,985,972407070,987452,989000,987999,547,0.06,987215,-237,-0.02,986003,989000,1400-4-27,2021-07-18
652,جهرم,پتروشيمي جهرم,10,104037,167603607,1660,1611,1611,-49,-2.95,1659,-1,-0.06,1611,1611,1400-4-27,2021-07-18
653,سخند,صندوق س.سپهرخبرگان نفت-د,9,21340,212862850,9965,9969,9979,14,0.14,9975,10,0.1,9968,9982,1400-4-27,2021-07-18
654,اخزا813,اسنادخزانه-م13بودجه98-010219,9,4156,3550744587,854809,853501,854831,22,0,854366,-443,-0.05,853501,854831,1400-4-27,2021-07-18
655,ضپيك7039,اختيارخ تاپيكو-5070-00/07/18,9,33,232180000,6310,6800,7000,690,10.94,7036,726,11.51,6800,7500,1400-4-27,2021-07-18
656,شگويات.ف0104,اختيارف.تبعي شگويا010408,9,50000,50000,1,1,1,0,0,1,0,0,1,1,1400-4-27,2021-07-18
657,آبين,كشت و صنعت آبشيرين,9,23378,90800152,4045,3884,3884,-161,-3.98,4042,-3,-0.07,3884,3884,1400-4-27,2021-07-18
658,ضصاد8034,اختيارخ وبصادر-2989-1400/08/12,9,351,66614000,249,190,199,-50,-20.08,190,-59,-23.69,186,199,1400-4-27,2021-07-18
659,سكه0012پ04,تمام سكه طرح جديد0012صادرات,9,2000,2071391200,1040666,1022099,1037500,-3166,-0.3,1035696,-4970,-0.48,1022099,1038500,1400-4-27,2021-07-18
660,سپرمي,پرميت‌,8,207157,1887821741,9023,9113,9113,90,1,9090,67,0.74,9113,9113,1400-4-27,2021-07-18
661,اخزا721,اسنادخزانه-م21بودجه97-000728,8,1395,1328434336,952010,953500,947002,-5008,-0.53,952283,273,0.03,947002,953500,1400-4-27,2021-07-18
662,وملت,سرمايه گذاري ملت,8,49931,208561787,4262,4177,4177,-85,-1.99,4258,-4,-0.09,4177,4177,1400-4-27,2021-07-18
663,تملي710,تسهيلات مسكن ب. ملي-دي97,7,126,92782382,718474,754396,754396,35922,5,736368,17894,2.49,718474,754396,1400-4-27,2021-07-18
664,زعف0008پ15,زعفران0008پوشالمعمول طلاسرخ(پ),7,23096,2309600000,100000,100000,100000,0,0,100000,0,0,100000,100000,1400-4-27,2021-07-18
665,پست0008پ08,پسته فندقي32-30مه ولات0008(پ),7,33,58365060,1788323,1750000,1795000,6677,0.37,1768638,-19685,-1.1,1750000,1850000,1400-4-27,2021-07-18
666,ضپيك7042,اختيارخ تاپيكو-8070-00/07/18,7,43,230380000,4263,5500,5100,837,19.63,5358,1095,25.69,5100,5500,1400-4-27,2021-07-18
667,ثتوسا,س.توسعه و عمران استان اردبيل,7,2318,85592150,38067,36925,36925,-1142,-3,38057,-10,-0.03,36925,36925,1400-4-27,2021-07-18
668,تملي802,تسهيلات مسكن ب. ملي-ارديبهشت98,7,93,71147897,754087,791790,791779,37692,5,765031,10944,1.45,716383,791791,1400-4-27,2021-07-18
669,عيار2,صندوق سكه طلاي مفيد,7,70000,70000,26581,1,1,-26580,-100,1,-26580,-100,1,1,1400-4-27,2021-07-18
670,قشهد,شهد,7,8269,149668900,19050,18100,18100,-950,-4.99,19040,-10,-0.05,18100,18100,1400-4-27,2021-07-18
671,ضملت8043,اختيارخ وبملت-4434-1400/08/19,7,154,78210000,483,500,490,7,1.45,508,25,5.18,465,550,1400-4-27,2021-07-18
672,ثهام,صندوق س ثروت هامرز-سهام,7,8195,82605600,10117,10080,10080,-37,-0.37,10080,-37,-0.37,10080,10080,1400-4-27,2021-07-18
673,قجام,فرآوردههاي غذايي وقندتربت‌جام‌,7,7394,55787730,7698,7545,7545,-153,-1.99,7696,-2,-0.03,7545,7545,1400-4-27,2021-07-18
674,بكاب,صنايع‌جوشكاب‌يزد,7,1183,384013630,341690,324610,324610,-17080,-5,341230,-460,-0.13,324610,324610,1400-4-27,2021-07-18
675,افران2,صندوق س افرا نماد پايدار-ثابت,7,60070000,60070000,13786,1,1,-13785,-99.99,1,-13785,-99.99,1,1,1400-4-27,2021-07-18
676,تملي701,تسهيلات مسكن ب. ملي-فروردين97,6,69,58889357,823331,864495,863999,40668,4.94,853469,30138,3.66,782165,864497,1400-4-27,2021-07-18
677,آكورد2,صندوق س. آرمان آتي كوثر-د,6,600000,600000,33108,1,1,-33107,-100,1,-33107,-100,1,1,1400-4-27,2021-07-18
678,ضمخا7076,اختيارخ اخابر-9700-1400/07/28,6,205,164500000,895,800,800,-95,-10.61,802,-93,-10.39,800,810,1400-4-27,2021-07-18
679,اعتماد2,صندوق س.اعتماد آفرين پارسيان-د,6,51000000,51000000,37566,1,1,-37565,-100,1,-37565,-100,1,1,1400-4-27,2021-07-18
680,ضصاد8031,اختيارخ وبصادر-1789-1400/08/12,6,81,57635000,724,606,720,-4,-0.55,712,-12,-1.66,606,720,1400-4-27,2021-07-18
681,گكيش,توريستي ورفاهي آبادگران كيش,6,2266,102649800,47684,45300,45300,-2384,-5,47658,-26,-0.05,45300,45300,1400-4-27,2021-07-18
682,ضجار7039,اختيارخ وتجارت-1997-1400/07/21,6,74,63990000,861,852,870,9,1.05,865,4,0.46,850,870,1400-4-27,2021-07-18
683,سكارون,سيمان كارون,5,230,39120470,175349,170089,170089,-5260,-3,175335,-14,-0.01,170089,170089,1400-4-27,2021-07-18
684,اخزا904,اسنادخزانه-م4بودجه99-011215,5,20392,14811000279,725293,725682,727499,2206,0.3,726314,1021,0.14,725681,727499,1400-4-27,2021-07-18
685,تملي612,تسهيلات مسكن بانك ملي-اسفند96,5,82,58840084,755328,717562,717562,-37766,-5,717562,-37766,-5,717562,717562,1400-4-27,2021-07-18
686,وسصفا,شركت س استان اصفهان,5,155451,136952331,927,881,881,-46,-4.96,927,0,0,881,881,1400-4-27,2021-07-18
687,اراد45,مرابحه عام دولت4-ش.خ 0107,5,105000,99750000000,950000,950000,950000,0,0,950000,0,0,950000,950000,1400-4-27,2021-07-18
688,صينا205,صكوك منفعت سينا دارو-3ماهه 19%,5,620,609040110,980000,990000,980000,0,0,982323,2323,0.24,980000,990000,1400-4-27,2021-07-18
689,سنفت009,سلف موازي استاندارد سنفت009,5,445000,699451000000,1564600,1571800,1571800,7200,0.46,1571800,7200,0.46,1571800,1571800,1400-4-27,2021-07-18
690,ضسپا8043,اختيارخ خساپا-2000-1400/08/26,5,33,10680000,320,280,330,10,3.13,324,4,1.25,280,330,1400-4-27,2021-07-18
691,ضفلا7003,اختيارخ فولاد-8160-1400/07/25,5,100,396065000,3013,2800,2850,-163,-5.41,2825,-188,-6.24,2800,2850,1400-4-27,2021-07-18
692,ضملت8044,اختيارخ وبملت-4934-1400/08/19,5,217,66245000,323,290,335,12,3.72,305,-18,-5.57,287,335,1400-4-27,2021-07-18
693,زعف0008پ20,زعفران0008نگين وحدت جام(پ),5,2470,315997670,128313,127601,128300,-13,-0.01,127934,-379,-0.3,127601,128300,1400-4-27,2021-07-18
694,تملي702,تسهيلات مسكن ب. ملي-ارديبهشت97,5,65,29202290,427873,449266,449266,21393,5,449266,21393,5,449266,449266,1400-4-27,2021-07-18
695,وسرضوي,س.سهام عدالت استان خراسان رضوي,5,50170,42895350,899,855,855,-44,-4.89,899,0,0,855,855,1400-4-27,2021-07-18
696,كرونا2,تامين مالي جمعي صرفا اهداي سود,5,1582,15820000,10000,10000,10000,0,0,10000,0,0,10000,10000,1400-4-27,2021-07-18
697,شكف,كف,5,1206,117594648,99497,97508,97508,-1989,-2,99473,-24,-0.02,97508,97508,1400-4-27,2021-07-18
698,اخزا818,اسنادخزانه-م18بودجه98-010614,5,28661,22980094010,800293,800000,801200,907,0.11,801790,1497,0.19,800000,802000,1400-4-27,2021-07-18
699,اخزا811,اسنادخزانه-م11بودجه98-001013,5,3090,2822132160,913655,913001,913313,-342,-0.04,913311,-344,-0.04,913001,914000,1400-4-27,2021-07-18
700,داريك,صندوق س.اعتماد داريك-د,5,90246,977636616,10819,10836,10835,16,0.15,10833,14,0.13,10829,10836,1400-4-27,2021-07-18
701,شتولي,تولي‌پرس‌,5,21345,661737690,31634,31002,31002,-632,-2,31548,-86,-0.27,31002,31002,1400-4-27,2021-07-18
702,طخود7075,اختيارف خودرو-2000-1400/07/07,4,30,3000000,98,100,100,2,2.04,100,2,2.04,100,100,1400-4-27,2021-07-18
703,ضسپا8040,اختيارخ خساپا-1400-1400/08/26,4,84,52194000,620,628,611,-9,-1.45,621,1,0.16,611,628,1400-4-27,2021-07-18
704,وخارزمح,ح.سرمايه گذاري خوارزمي,4,13256,63296360,4811,4810,4500,-311,-6.46,4775,-36,-0.75,4500,4810,1400-4-27,2021-07-18
705,زعف0008پ10,زعفران0008نگين طلاي سرخ(پ),4,1016,139471000,137541,138218,136500,-1041,-0.76,137275,-266,-0.19,132000,138218,1400-4-27,2021-07-18
706,اخزا820,اسنادخزانه-م20بودجه98-020806,4,457,291254783,637000,637319,637319,319,0.05,637319,319,0.05,637319,637319,1400-4-27,2021-07-18
707,ضخوز7039,اختيارخ فخوز-15200-1400/07/14,4,34,73369000,2000,1999,1900,-100,-5,2158,158,7.9,1900,2490,1400-4-27,2021-07-18
708,بايكا,كارخانجات كابلسازي ‌ايران‌,3,2955,72828930,25408,24646,24646,-762,-3,25402,-6,-0.02,24646,24646,1400-4-27,2021-07-18
709,اخزا906,اسنادخزانه-م6بودجه99-020321,3,3038,2161507300,705324,711489,711499,6175,0.88,711490,6166,0.87,711489,711499,1400-4-27,2021-07-18
710,زنجان,صنايع كشاورزي وكود زنجان,3,3930,34752990,9116,8843,8843,-273,-2.99,9115,-1,-0.01,8843,8843,1400-4-27,2021-07-18
711,فملي2,ملي‌ صنايع‌ مس‌ ايران‌,3,66400000,840540000000,12750,12600,12700,-50,-0.39,12659,-91,-0.71,12600,12700,1400-4-27,2021-07-18
712,اخزا821,اسنادخزانه-م21بودجه98-020906,3,79,49476600,626008,626130,627500,1492,0.24,626286,278,0.04,626130,627500,1400-4-27,2021-07-18
713,ضصاد8030,اختيارخ وبصادر-1589-1400/08/12,3,71,52696000,649,896,740,91,14.02,742,93,14.33,740,896,1400-4-27,2021-07-18
714,طخود7076,اختيارف خودرو-2500-1400/07/07,3,85,29535000,305,340,350,45,14.75,347,42,13.77,340,350,1400-4-27,2021-07-18
715,ثروت,ص.خ.ثروت آفرين فيروزه 35%تاديه,3,3000,693402000,210122,231134,231134,21012,10,231134,21012,10,231134,231134,1400-4-27,2021-07-18
716,تملي804,تسهيلات مسكن ب. ملي-تير98,3,25,22225574,847214,889000,889574,42360,5,889023,41809,4.93,889000,889574,1400-4-27,2021-07-18
717,زعف0008پ19,زعفران0008نگين تروند قاينات(پ),3,2300,316730000,137033,138000,137100,67,0.05,137709,676,0.49,137100,138000,1400-4-27,2021-07-18
718,ضپيك7043,اختيارخ تاپيكو-10070-00/07/18,3,19,53196000,2870,2799,2800,-70,-2.44,2800,-70,-2.44,2799,2800,1400-4-27,2021-07-18
719,ضفلا7000,اختيارخ فولاد-5306-1400/07/25,3,24,195158400,5000,5800,5800,800,16,5800,800,16,5800,5800,1400-4-27,2021-07-18
720,صپامرداد,بار پايه صنعتي مرداد,3,9150,7310850,800,799,799,-1,-0.13,799,-1,-0.13,799,799,1400-4-27,2021-07-18
721,ضترا8061,اختيارخ شتران-5205-1400/08/09,3,60,77000000,800,1200,1300,500,62.5,1283,483,60.38,1200,1300,1400-4-27,2021-07-18
722,ضملت8041,اختيارخ وبملت-3434-1400/08/19,3,3,2760000,916,900,960,44,4.8,920,4,0.44,900,960,1400-4-27,2021-07-18
723,صخود412,ص مرابحه خودرو412- 3ماهه 18%,3,10055,10004725000,995001,995000,995000,-1,0,995000,-1,0,995000,995000,1400-4-27,2021-07-18
724,تملي703,تسهيلات مسكن ب. ملي-خرداد97,3,30,20896500,663381,696550,696550,33169,5,696550,33169,5,696550,696550,1400-4-27,2021-07-18
725,پلاست,كارخانجات توليدي پلاستيران,2,286,19769464,71261,69124,69124,-2137,-3,71257,-4,-0.01,69124,69124,1400-4-27,2021-07-18
726,اراد834,مرابحه عام دولت83-ش.خ041220,2,25500000,23367960000000,1000000,916420,916360,-83640,-8.36,916391,-83609,-8.36,916360,916420,1400-4-27,2021-07-18
727,فولاد2,فولاد مباركه اصفهان,2,29400000,307524000000,10660,10460,10460,-200,-1.88,10460,-200,-1.88,10460,10460,1400-4-27,2021-07-18
728,فلات,گروه صنايع معادن فلات ايرانيان,2,1000,14365000,14809,14365,14365,-444,-3,14808,-1,-0.01,14365,14365,1400-4-27,2021-07-18
729,اراد434,مرابحه عام دولت4-ش.خ 0205,2,3136000,2969194592000,935000,946819,946800,11800,1.26,946809,11809,1.26,946800,946819,1400-4-27,2021-07-18
730,ثاباد,توريستي ورفاهي آبادگران ايران,2,110,5318500,50890,48350,48350,-2540,-4.99,50890,0,0,48350,48350,1400-4-27,2021-07-18
731,اراد424,مرابحه عام دولت4-ش.خ 0106,2,7700000,7476521000000,999999,963955,1000000,1,0,970977,-29022,-2.9,963955,1000000,1400-4-27,2021-07-18
732,ضجار7037,اختيارخ وتجارت-1597-1400/07/21,2,130,143000000,1200,1100,1100,-100,-8.33,1100,-100,-8.33,1100,1100,1400-4-27,2021-07-18
733,اطلس2,صندوق س.توسعه اندوخته آينده-س,2,20000,20000,235083,1,1,-235082,-100,1,-235082,-100,1,1,1400-4-27,2021-07-18
734,آوا2,صندوق س.سهام آواي معيار-س,2,6500000,6500000,6986,1,1,-6985,-99.99,1,-6985,-99.99,1,1,1400-4-27,2021-07-18
735,ثنظام,س. ساختماني نظام مهندسي ايران,2,392,17927336,47147,45733,45733,-1414,-3,47144,-3,-0.01,45733,45733,1400-4-27,2021-07-18
736,نيرو,نيرو سرمايه,2,5121,253284660,50989,49460,49460,-1529,-3,50949,-40,-0.08,49460,49460,1400-4-27,2021-07-18
737,صگل411,ص اجاره گل گهر 411- 3 ماهه 17%,2,48,48480000,971001,1010000,1010000,38999,4.02,1010000,38999,4.02,1010000,1010000,1400-4-27,2021-07-18
738,اراد36,مرابحه عام دولت3-ش.خ 0104,2,200,194000500,990000,955005,985000,-5000,-0.51,970002,-19998,-2.02,955005,985000,1400-4-27,2021-07-18
739,اراد334,مرابحه عام دولت3-ش.خ 0303,2,3194000,2817184656000,922000,881948,882100,-39900,-4.33,882024,-39976,-4.34,881948,882100,1400-4-27,2021-07-18
740,ضچاد7034,اختيارخ كچاد-21870-1400/07/04,2,6,34800000,4000,5800,5800,1800,45,5800,1800,45,5800,5800,1400-4-27,2021-07-18
741,اشاد10,مشاركت دولتي10-شرايط خاص001226,2,1100,1068500000,955588,971000,975000,19412,2.03,971364,15776,1.65,971000,975000,1400-4-27,2021-07-18
742,داراب,پتروشيمي داراب,2,16404,38795460,2438,2365,2365,-73,-2.99,2438,0,0,2365,2365,1400-4-27,2021-07-18
743,زعف0008پ18,زعفران0008نگين بهرامن(پ),2,2000,275500000,137798,138000,137500,-298,-0.22,137750,-48,-0.03,137500,138000,1400-4-27,2021-07-18
744,زير0103پ01,زيره سبز0103كيميابذر(پ),2,20,15009810,759999,760981,740000,-19999,-2.63,750490,-9509,-1.25,740000,760981,1400-4-27,2021-07-18
745,ضپيك7041,اختيارخ تاپيكو-7070-00/07/18,2,21,125490000,4892,5490,6000,1108,22.65,5976,1084,22.16,5490,6000,1400-4-27,2021-07-18
746,ثنام,س ساختماني ب نام آوران مهندسي,2,1320,20820360,16603,15773,15773,-830,-5,16601,-2,-0.01,15773,15773,1400-4-27,2021-07-18
747,شپديس2,پتروشيمي پرديس,2,2665490,348994801700,131330,131330,130000,-1330,-1.01,130931,-399,-0.3,130000,131330,1400-4-27,2021-07-18
748,اخزا0042,اسنادخزانه-م4بودجه00-030522,2,1850000,974250000000,1000000,528000,525000,-475000,-47.5,526622,-473378,-47.34,525000,528000,1400-4-27,2021-07-18
749,وسخراج,شركت س استان خراسان جنوبي,2,82500,173992500,2220,2109,2109,-111,-5,2220,0,0,2109,2109,1400-4-27,2021-07-18
750,زعف0008پ09,زعفران0008نگين نوين(پ),2,5000,690400000,138250,138200,138000,-250,-0.18,138080,-170,-0.12,138000,138200,1400-4-27,2021-07-18
751,ضصاد8036,اختيارخ وبصادر-3989-1400/08/12,2,200,12000000,51,60,60,9,17.65,60,9,17.65,60,60,1400-4-27,2021-07-18
752,ثالوند,سرمايه گذاري مسكن الوند,2,1209,34571355,30099,28595,28595,-1504,-5,30095,-4,-0.01,28595,28595,1400-4-27,2021-07-18
753,اراد364,مرابحه عام دولت3-ش.خ 0104,2,2000000,1918900000000,990000,959450,959450,-30550,-3.09,959450,-30550,-3.09,959450,959450,1400-4-27,2021-07-18
754,پارتين,ص.ج.پارتيان,2,3000,1221000000,391581,405000,408000,16419,4.19,407000,15419,3.94,405000,408000,1400-4-27,2021-07-18
755,زير0103پ04,زيره سبز0103شركت مينوبذر(پ),2,25,17350000,691572,700000,690000,-1572,-0.23,694000,2428,0.35,690000,700000,1400-4-27,2021-07-18
756,فراز2,صندوق س.سهام فراز داريك-س,2,1000000,1000000,12077,1,1,-12076,-99.99,1,-12076,-99.99,1,1,1400-4-27,2021-07-18
757,پست0008پ04,پسته فندقي32-30سبزدانه0008(پ),2,75,138750000,1826429,1850000,1850000,23571,1.29,1850000,23571,1.29,1850000,1850000,1400-4-27,2021-07-18
758,فسديد,لوله‌وتجهيزات‌ سديد - ورشكسته,2,960,104074560,109506,108411,108411,-1095,-1,109479,-27,-0.02,108411,108411,1400-4-27,2021-07-18
759,اراد404,مرابحه عام دولت4-ش.خ 0207,2,2094000,1902812565000,1000000,908695,908700,-91300,-9.13,908697,-91303,-9.13,908695,908700,1400-4-27,2021-07-18
760,ضملت8042,اختيارخ وبملت-3934-1400/08/19,1,9,5580000,701,620,620,-81,-11.55,620,-81,-11.55,620,620,1400-4-27,2021-07-18
761,اراد33,مرابحه عام دولت3-ش.خ 0303,1,100,95000000,922000,950000,950000,28000,3.04,950000,28000,3.04,950000,950000,1400-4-27,2021-07-18
762,شاراك2,پتروشيمي شازند,1,5000000,142000000000,28810,28400,28400,-410,-1.42,28400,-410,-1.42,28400,28400,1400-4-27,2021-07-18
763,ضترا8058,اختيارخ شتران-3442-1400/08/09,1,8,28000000,2312,3500,3500,1188,51.38,3500,1188,51.38,3500,3500,1400-4-27,2021-07-18
764,افاد1,منفعت دولت-با شرايط خاص140006,1,1000,1010000000,990000,1010000,1010000,20000,2.02,1010000,20000,2.02,1010000,1010000,1400-4-27,2021-07-18
765,دپارس2,پارس‌ دارو,1,6807000,254990220000,37460,37460,37460,0,0,37460,0,0,37460,37460,1400-4-27,2021-07-18
766,صخود00042,صكوك رهني خودرو0004- 3ماهه 16%,1,1451100,1451100000000,1000000,1000000,1000000,0,0,1000000,0,0,1000000,1000000,1400-4-27,2021-07-18
767,ضسپا8044,اختيارخ خساپا-2500-1400/08/26,1,1,215000,220,215,215,-5,-2.27,215,-5,-2.27,215,215,1400-4-27,2021-07-18
768,پارسان2,گسترش نفت و گاز پارسيان,1,2134000,54971840000,25760,25760,25760,0,0,25760,0,0,25760,25760,1400-4-27,2021-07-18
769,دتماد2,توليدمواداوليه‌داروپخش‌,1,5128000,234964960000,45820,45820,45820,0,0,45820,0,0,45820,45820,1400-4-27,2021-07-18
770,مشهد0012,مشاركت شهرداري مشهد-3ماهه20%,1,50,49500000,990000,990000,990000,0,0,990000,0,0,990000,990000,1400-4-27,2021-07-18
771,درازك2,دارويي‌ رازك‌,1,6868000,219982040000,32030,32030,32030,0,0,32030,0,0,32030,32030,1400-4-27,2021-07-18
772,اشاد1,مشاركت دولتي1-شرايط خاص001026,1,1000,980000000,977501,980000,980000,2499,0.26,980000,2499,0.26,980000,980000,1400-4-27,2021-07-18
773,واميد2,گروه مديريت سرمايه گذاري اميد,1,4405644,46038979800,10510,10450,10450,-60,-0.57,10450,-60,-0.57,10450,10450,1400-4-27,2021-07-18
774,صخود0412,ص مرابحه خودرو041- 3ماهه 18%,1,1210000,1200320000000,1000000,992000,992000,-8000,-0.8,992000,-8000,-0.8,992000,992000,1400-4-27,2021-07-18
775,سنفت007,سلف موازي استاندارد سنفت007,1,87400,140714000000,1942000,1610000,1610000,-332000,-17.1,1610000,-332000,-17.1,1610000,1610000,1400-4-27,2021-07-18
776,اروند10,منفعت صبا اروند لوتوس 14001222,1,5000,4900005000,980001,980001,980001,0,0,980001,0,0,980001,980001,1400-4-27,2021-07-18
777,نبروج,نساجي بروجرد,1,1366,8105844,5818,5934,5934,116,1.99,5818,0,0,5934,5934,1400-4-27,2021-07-18
778,اراد494,مرابحه عام دولت4-ش.خ 0206,1,105000,98290500000,955000,936100,936100,-18900,-1.98,936100,-18900,-1.98,936100,936100,1400-4-27,2021-07-18
779,ولراز,ليزينگ رازي,1,1000,53184000,55983,53184,53184,-2799,-5,55967,-16,-0.03,53184,53184,1400-4-27,2021-07-18
780,ضمخا7077,اختيارخ اخابر-6700-1400/07/28,1,1,3100000,3000,3100,3100,100,3.33,3100,100,3.33,3100,3100,1400-4-27,2021-07-18
781,زعف0008پ11,زعفران0008نگين سحرخيز(پ),1,39,5151861,129068,132099,132099,3031,2.35,132099,3031,2.35,132099,132099,1400-4-27,2021-07-18
782,مشهد14122,مشاركت ش مشهد1412-3ماهه18%,1,500000,500000000000,1000000,1000000,1000000,0,0,1000000,0,0,1000000,1000000,1400-4-27,2021-07-18
783,دزهراوي2,داروسازي‌زهراوي‌,1,24000000,159600000000,6650,6650,6650,0,0,6650,0,0,6650,6650,1400-4-27,2021-07-18
784,اشاد24,مشاركت دولتي2-شرايط خاص001227,1,648000,648000000000,1000000,1000000,1000000,0,0,1000000,0,0,1000000,1000000,1400-4-27,2021-07-18
785,اراد11,مرابحه عام دولت1-ش.خ لوتوس0206,1,5000,4850000000,960000,970000,970000,10000,1.04,970000,10000,1.04,970000,970000,1400-4-27,2021-07-18
786,كاسپين2,داروسازي كاسپين تامين,1,5447000,114991617000,21111,21111,21111,0,0,21111,0,0,21111,21111,1400-4-27,2021-07-18
787,اراد594,مرابحه عام دولتي5-ش.خ 0309,1,8000000,7457640000000,1000000,932205,932205,-67795,-6.78,932205,-67795,-6.78,932205,932205,1400-4-27,2021-07-18
788,اخزا8202,اسنادخزانه-م20بودجه98-020806,1,115514,74159988000,637000,642000,642000,5000,0.78,642000,5000,0.78,642000,642000,1400-4-27,2021-07-18
789,اوصتا4,صندوق انديشه ورزان صباتامين -د,1,51950000,1000037500000,19232,19250,19250,18,0.09,19250,18,0.09,19250,19250,1400-4-27,2021-07-18
790,ضسپا8046,اختيارخ خساپا-3500-1400/08/26,1,1,50000,50,50,50,0,0,50,0,0,50,50,1400-4-27,2021-07-18
791,طصاد8032,اختيارف وبصادر-1989-1400/08/12,1,50,2500000,50,50,50,0,0,50,0,0,50,50,1400-4-27,2021-07-18
792,افاد44,منفعت دولتي4-شرايط خاص14010729,1,3000000,2906550000000,1070781,968850,968850,-101931,-9.52,968850,-101931,-9.52,968850,968850,1400-4-27,2021-07-18
793,ضفار8047,اختيارخ فارس-4400-1400/08/05,1,7,42000000,5911,6000,6000,89,1.51,6000,89,1.51,6000,6000,1400-4-27,2021-07-18
794,وغدير2,سرمايه‌گذاري‌غدير(هلدينگ‌,1,6875000,89993750000,13090,13090,13090,0,0,13090,0,0,13090,13090,1400-4-27,2021-07-18
795,دارو2,كارخانجات‌داروپخش‌,1,8600000,224976000000,26160,26160,26160,0,0,26160,0,0,26160,26160,1400-4-27,2021-07-18
796,دامين2,داروسازي‌ امين‌,1,39199000,154169667000,3933,3933,3933,0,0,3933,0,0,3933,3933,1400-4-27,2021-07-18
797,افاد534,منفعت دولت5-ش.خاص كاريزما0108,1,500000,500000000000,1000000,1000000,1000000,0,0,1000000,0,0,1000000,1000000,1400-4-27,2021-07-18
798,كمند2,صندوق س. با درآمد ثابت كمند,1,66600000,66600000,10060,1,1,-10059,-99.99,1,-10059,-99.99,1,1,1400-4-27,2021-07-18
799,اعتماد4,صندوق س.اعتماد آفرين پارسيان-د,1,53000000,1992800000000,37566,37600,37600,34,0.09,37600,34,0.09,37600,37600,1400-4-27,2021-07-18
800,ضجار7038,اختيارخ وتجارت-1797-1400/07/21,1,1,1000000,1019,1000,1000,-19,-1.86,1000,-19,-1.86,1000,1000,1400-4-27,2021-07-18
801,مكرما3042,مشاركت ش كرمانشاه304-3ماهه18%,1,1480000,1480000000000,1000000,1000000,1000000,0,0,1000000,0,0,1000000,1000000,1400-4-27,2021-07-18
802,وگردش2,بانك گردشگري,1,23800000,345100000000,14364,14500,14500,136,0.95,14500,136,0.95,14500,14500,1400-4-27,2021-07-18
803,كرماشا2,صنايع پتروشيمي كرمانشاه,1,5000000,196550000000,39310,39310,39310,0,0,39310,0,0,39310,39310,1400-4-27,2021-07-18
804,ضملت8045,اختيارخ وبملت-5934-1400/08/19,1,1,160000,156,160,160,4,2.56,160,4,2.56,160,160,1400-4-27,2021-07-18
805,افاد14,منفعت دولت-با شرايط خاص140006,1,10000000,10050580000000,990000,1005058,1005058,15058,1.52,1005058,15058,1.52,1005058,1005058,1400-4-27,2021-07-18
806,ضجار7042,اختيارخ وتجارت-3497-1400/07/21,1,1,119000,109,119,119,10,9.17,119,10,9.17,119,119,1400-4-27,2021-07-18
807,مشهد1412,مشاركت ش مشهد1412-3ماهه18%,1,100,100000000,1000000,1000000,1000000,0,0,1000000,0,0,1000000,1000000,1400-4-27,2021-07-18
808,وساشرقي,شركت س استان آذربايجان شرقي,1,12194,9962498,860,817,817,-43,-5,860,0,0,817,817,1400-4-27,2021-07-18
809,اخزا810,اسنادخزانه-م10بودجه98-001006,1,3989,3655922489,919120,916501,916501,-2619,-0.28,916501,-2619,-0.28,916501,916501,1400-4-27,2021-07-18
810,فايرا2,آلومينيوم‌ايران‌,1,15000000,247500000000,17000,16500,16500,-500,-2.94,16500,-500,-2.94,16500,16500,1400-4-27,2021-07-18
811,كگل2,معدني و صنعتي گل گهر,1,10000000,184000000000,18840,18400,18400,-440,-2.34,18400,-440,-2.34,18400,18400,1400-4-27,2021-07-18
812,سفار4,سيمان‌فارس‌,1,9320000,985124000000,102250,105700,105700,3450,3.37,105700,3450,3.37,105700,105700,1400-4-27,2021-07-18
813,دلر2,داروسازي‌ اكسير,1,7182000,244978020000,34110,34110,34110,0,0,34110,0,0,34110,34110,1400-4-27,2021-07-18
814,اخزا9092,اسنادخزانه-م9بودجه99-020316,1,231536,160917520000,690693,695000,695000,4307,0.62,695000,4307,0.62,695000,695000,1400-4-27,2021-07-18
815,وصندوق2,سرمايه‌گذاري‌صندوق‌بازنشستگي‌,1,23000000,381800000000,16680,16600,16600,-80,-0.48,16600,-80,-0.48,16600,16600,1400-4-27,2021-07-18
816,مكرما0342,مشاركت ش كرمانشاه034-3ماهه18%,1,100000,100000000000,1000000,1000000,1000000,0,0,1000000,0,0,1000000,1000000,1400-4-27,2021-07-18
817,ضمخا7066,اختيارخ اخابر-11700-1400/07/28,1,1,500000,500,500,500,0,0,500,0,0,500,500,1400-4-27,2021-07-18
818,كمرجان,بازرگاني و توليدي مرجان كار,1,37,5014610,142663,135530,135530,-7133,-5,142660,-3,0,135530,135530,1400-4-27,2021-07-18
819,اراد49,مرابحه عام دولت4-ش.خ 0206,1,2000,1880000000,955000,940000,940000,-15000,-1.57,940000,-15000,-1.57,940000,940000,1400-4-27,2021-07-18
820,اراد344,مرابحه عام دولت3-ش.خ 0305,1,9793388,8585216895992,1000000,876634,876634,-123366,-12.34,876634,-123366,-12.34,876634,876634,1400-4-27,2021-07-18
821,صنفت1312,صكوك منفعت نفت1312-6ماهه 18/5%,1,100,102510000,1005000,1025100,1025100,20100,2,1025100,20100,2,1025100,1025100,1400-4-27,2021-07-18
822,كباده,توليد خاك نسوزاستقلال آباده,1,690,6335580,8915,9182,9182,267,2.99,8915,0,0,9182,9182,1400-4-27,2021-07-18
823,صگل1411,ص اجاره گل گهر 1411-3 ماهه 17%,1,10,9700000,970000,970000,970000,0,0,970000,0,0,970000,970000,1400-4-27,2021-07-18
824,وارس4,سرمايه گذاري ارس صبا,1,41150000,576100000000,14191,14000,14000,-191,-1.35,14000,-191,-1.35,14000,14000,1400-4-27,2021-07-18
