,نماد,نام,تعداد,حجم,ارزش,دیروز,اولین,آخرین معامله - مقدار,آخرین معامله - تغییر,آخرین معامله - درصد,قیمت پایانی - مقدار,قیمت پایانی - تغییر,قیمت پایانی - درصد,کمترین,بیشترین,تاریخ,gregorian_date
0,مديريت,س. و خدمات مديريت صند. ب كشوري,58461,33254451,368991388296,10568,11096,11096,528,5,11096,528,5,11096,11096,1400-6-21,2021-09-12
1,پالايش,صندوق پالايشي يكم-سهام,48145,45434569,3595167248530,83840,82400,79050,-4790,-5.71,79130,-4710,-5.62,77450,82460,1400-6-21,2021-09-12
2,شستا,سرمايه گذاري تامين اجتماعي,28764,134219010,1743471601970,13580,13420,13020,-560,-4.12,12990,-590,-4.34,12910,13450,1400-6-21,2021-09-12
3,سپيد,سپيد ماكيان,28641,8507940,519426033800,63620,61110,61300,-2320,-3.65,61050,-2570,-4.04,60440,63670,1400-6-21,2021-09-12
4,دارا يكم,صندوق واسطه گري مالي يكم-سهام,23079,11846320,1535167638600,137170,135200,129850,-7320,-5.34,129590,-7580,-5.53,126500,135220,1400-6-21,2021-09-12
5,فرابورس,فرابورس ايران,18341,41001921,1392704407540,33302,33968,34967,1665,5,33967,665,2,32001,34967,1400-6-21,2021-09-12
6,شپنا,پالايش نفت اصفهان,18149,131681914,1747781782240,13910,13830,13230,-680,-4.89,13270,-640,-4.6,13220,13850,1400-6-21,2021-09-12
7,دي,بانك دي,17404,461090692,553852370759,1260,1230,1197,-63,-5,1201,-59,-4.68,1197,1230,1400-6-21,2021-09-12
8,فولاد,فولاد مباركه اصفهان,17391,106561064,1200061894020,11580,11440,11320,-260,-2.25,11260,-320,-2.76,11080,11450,1400-6-21,2021-09-12
9,وهامون,سرمايه گذاري هامون صبا,17359,43057983,182450975247,4446,4311,4224,-222,-4.99,4237,-209,-4.7,4224,4346,1400-6-21,2021-09-12
10,بركت,گروه دارويي بركت,17140,34665515,1421215434650,42670,41900,40540,-2130,-4.99,41000,-1670,-3.91,40540,43250,1400-6-21,2021-09-12
11,خساپا,سايپا,16386,458830421,854708350668,1954,1929,1857,-97,-4.96,1863,-91,-4.66,1857,1929,1400-6-21,2021-09-12
12,خودرو,ايران‌ خودرو,15763,389901970,802709175348,2160,2130,2052,-108,-5,2059,-101,-4.68,2052,2150,1400-6-21,2021-09-12
13,شبندر,پالايش نفت بندرعباس,15647,252282310,1560064118360,6470,6320,6150,-320,-4.95,6180,-290,-4.48,6150,6420,1400-6-21,2021-09-12
14,فملي,ملي‌ صنايع‌ مس‌ ايران‌,14629,74197866,990967413920,13910,13690,13400,-510,-3.67,13360,-550,-3.95,13220,13800,1400-6-21,2021-09-12
15,شتران,پالايش نفت تهران,13293,123539694,1309889889290,11120,10900,10580,-540,-4.86,10600,-520,-4.68,10570,11000,1400-6-21,2021-09-12
16,آبادا,توليد نيروي برق آبادان,11693,9472732,148636648260,15270,15790,15920,650,4.26,15690,420,2.75,14610,16030,1400-6-21,2021-09-12
17,وتجارت,بانك تجارت,9046,164816790,389815174160,2465,2470,2394,-71,-2.88,2365,-100,-4.06,2342,2470,1400-6-21,2021-09-12
18,نوري,پتروشيمي نوري,8987,5110419,536827751090,109100,108000,105190,-3910,-3.58,105050,-4050,-3.71,103650,109000,1400-6-21,2021-09-12
19,وبرق,س.کارکنان صنعت برق زنجان وقزوي,8835,6316889,724811850117,113777,116700,111106,-2671,-2.35,114742,965,0.85,110364,117190,1400-6-21,2021-09-12
20,لپارس,پارس‌ الكتريك‌,8490,6314908,886194749030,136440,143260,143260,6820,5,140330,3890,2.85,131500,143260,1400-6-21,2021-09-12
21,وبملت,بانك ملت,8313,174667991,664775941869,3952,3925,3819,-133,-3.37,3806,-146,-3.69,3765,3960,1400-6-21,2021-09-12
22,لطيف,محصولات كاغذي لطيف,8069,1866426,98668044402,55357,55357,53500,-1857,-3.35,52865,-2492,-4.5,52590,55357,1400-6-21,2021-09-12
23,وملي,گروه‌ صنعتي‌ ملي‌ (هلدينگ‌,7399,2593051,587794914780,230550,225000,229000,-1550,-0.67,226680,-3870,-1.68,219030,239770,1400-6-21,2021-09-12
24,بوعلي,پتروشيمي بوعلي سينا,7205,5108177,351988619290,71180,72700,69040,-2140,-3.01,68910,-2270,-3.19,67630,72700,1400-6-21,2021-09-12
25,ذوب,سهامي ذوب آهن  اصفهان,7173,152289039,641893932622,4329,4210,4309,-20,-0.46,4215,-114,-2.63,4130,4328,1400-6-21,2021-09-12
26,ومدير,گ.مديريت ارزش سرمايه ص ب كشوري,7057,26926166,140377680820,5450,5370,5220,-230,-4.22,5210,-240,-4.4,5180,5430,1400-6-21,2021-09-12
27,ولكار,ليزينگ كارآفرين,6913,6947992,33082584847,4989,4950,4741,-248,-4.97,4761,-228,-4.57,4740,4950,1400-6-21,2021-09-12
28,پترول,گ.س.وت.ص.پتروشيمي خليج فارس,6836,47214190,195142690961,4304,4280,4145,-159,-3.69,4133,-171,-3.97,4089,4280,1400-6-21,2021-09-12
29,آريا,پليمر آريا ساسول,6766,2180126,239643026426,113789,114000,111550,-2239,-1.97,109922,-3867,-3.4,108100,114000,1400-6-21,2021-09-12
30,اپال,فرآوري معدني اپال كاني پارس,6659,14510820,323790228130,22100,22990,22750,650,2.94,22310,210,0.95,21250,22990,1400-6-21,2021-09-12
31,رافزا,رايان هم افزا,6634,1936299,187963331886,92913,96397,97558,4645,5,97074,4161,4.48,93866,97558,1400-6-21,2021-09-12
32,خپارس,پارس‌ خودرو,6555,253457548,308764002346,1280,1240,1216,-64,-5,1218,-62,-4.84,1216,1279,1400-6-21,2021-09-12
33,شسپا,نفت سپاهان,6306,145383509,501571646249,3612,3480,3470,-142,-3.93,3450,-162,-4.49,3432,3580,1400-6-21,2021-09-12
34,غكورش,صنعت غذايي كورش,6300,4398093,193813718130,45800,45000,44200,-1600,-3.49,44070,-1730,-3.78,43520,45200,1400-6-21,2021-09-12
35,فايرا,آلومينيوم‌ايران‌,6200,31491804,646126849000,19900,20890,20810,910,4.57,20520,620,3.12,19770,20890,1400-6-21,2021-09-12
36,كمند,صندوق س. با درآمد ثابت كمند,6126,220483787,2212287476753,10028,10034,10034,6,0.06,10034,6,0.06,10033,10035,1400-6-21,2021-09-12
37,وبصادر,بانك صادرات ايران,6066,154090194,352308990188,2396,2389,2290,-106,-4.42,2286,-110,-4.59,2277,2394,1400-6-21,2021-09-12
38,وسپهر,سرمايه گذاري مالي سپهرصادرات,6006,11166090,98566040375,9045,8976,8793,-252,-2.79,8842,-203,-2.24,8723,9100,1400-6-21,2021-09-12
39,غزر,صنعتي زر ماكارون,5650,5678743,159592150500,29410,28500,27940,-1470,-5,28100,-1310,-4.45,27940,30000,1400-6-21,2021-09-12
40,كاما,باما,5586,28867586,367525517880,13350,13000,12700,-650,-4.87,12730,-620,-4.64,12690,13330,1400-6-21,2021-09-12
41,چخزر,صنايع چوب خزر كاسپين,5467,1430666,58398545782,42752,41610,40615,-2137,-5,40819,-1933,-4.52,40615,42500,1400-6-21,2021-09-12
42,كرمان,س. توسعه و عمران استان كرمان,5466,132348949,177063627213,1401,1380,1331,-70,-5,1338,-63,-4.5,1331,1380,1400-6-21,2021-09-12
43,وخارزم,سرمايه گذاري خوارزمي,5078,43853820,256554630740,6140,5990,5880,-260,-4.23,5850,-290,-4.72,5840,6100,1400-6-21,2021-09-12
44,خمحور,توليدمحورخودرو,5021,113233392,469792589511,3960,4158,4158,198,5,4149,189,4.77,4010,4158,1400-6-21,2021-09-12
45,كيمياتك,آريان كيميا تك,4975,1341742,34013159700,24150,25350,25350,1200,4.97,25350,1200,4.97,25350,25350,1400-6-21,2021-09-12
46,فتوسا,توليد و توسعه سرب روي ايرانيان,4963,4195101,58676704308,14646,14779,14160,-486,-3.32,13987,-659,-4.5,13914,14779,1400-6-21,2021-09-12
47,وكبهمن,مديريت سرمايه گذاري كوثربهمن,4850,3946180,49543425122,13179,13178,12869,-310,-2.35,12555,-624,-4.73,12521,13178,1400-6-21,2021-09-12
48,وسكرشا,س.سهام عدالت استان كرمانشاه,4807,194304369,130334687617,686,710,673,-13,-1.9,671,-15,-2.19,653,710,1400-6-21,2021-09-12
49,كيان,صندوق س. با درآمد ثابت كيان,4747,52973731,1615012073654,30472,30490,30490,18,0.06,30487,15,0.05,30486,30491,1400-6-21,2021-09-12
50,كزغال,زغال سنگ پروده طبس,4737,1619420,61724935846,39616,38120,38300,-1316,-3.32,38115,-1501,-3.79,37645,38880,1400-6-21,2021-09-12
51,وتوس,توسعه‌شهري‌توس‌گستر,4724,13608547,247015897660,17690,16820,18570,880,4.97,18150,460,2.6,16820,18570,1400-6-21,2021-09-12
52,خگستر,گسترش‌سرمايه‌گذاري‌ايران‌خودرو,4713,113370335,336799914995,3112,3053,2957,-155,-4.98,2971,-141,-4.53,2957,3080,1400-6-21,2021-09-12
53,خبهمن,گروه‌بهمن‌,4695,193832255,325469140497,1755,1720,1672,-83,-4.73,1679,-76,-4.33,1668,1740,1400-6-21,2021-09-12
54,شگويا,پتروشيمي تندگويان,4695,17408403,211768609011,12603,12351,12019,-584,-4.63,12165,-438,-3.48,12000,12600,1400-6-21,2021-09-12
55,سيتا,سرمايه گذاري سيمان تامين,4655,6754173,96932981700,14800,14520,14460,-340,-2.3,14350,-450,-3.04,14210,14740,1400-6-21,2021-09-12
56,شاروم,پتروشيمي اروميه,4545,2995612,54854876735,19207,19170,18250,-957,-4.98,18312,-895,-4.66,18247,19170,1400-6-21,2021-09-12
57,ثاميد,توسعه و عمران اميد,4465,35336723,59364326877,1748,1722,1685,-63,-3.6,1680,-68,-3.89,1665,1750,1400-6-21,2021-09-12
58,حسير,ريل سير كوثر,4459,10296773,441289643497,41800,43600,43850,2050,4.9,42857,1057,2.53,39710,43890,1400-6-21,2021-09-12
59,زملارد,كشاورزي و دامپروري ملارد شير,4324,1475774,45354336962,32206,31431,30990,-1216,-3.78,30733,-1473,-4.57,30596,32270,1400-6-21,2021-09-12
60,ولقمان,سرمايه گذاري لقمان,4260,41271487,141861530435,2003,3440,3543,1540,76.88,3437,1434,71.59,3337,3543,1400-6-21,2021-09-12
61,ومعادن,توسعه‌معادن‌وفلزات‌,4128,32616261,363462670840,11680,11420,11190,-490,-4.2,11140,-540,-4.62,11100,11680,1400-6-21,2021-09-12
62,حكشتي,كشتيراني جمهوري اسلامي ايران,3920,20660647,358175722530,18170,18070,17270,-900,-4.95,17340,-830,-4.57,17270,18070,1400-6-21,2021-09-12
63,كحافظح,ح . كاشي‌ وسراميك‌ حافظ‌,3883,36891358,90781239383,2700,2600,2450,-250,-9.26,2461,-239,-8.85,2430,2670,1400-6-21,2021-09-12
64,حگردش,ريل گردش ايرانيان,3799,9485158,32437659231,3524,3419,3419,-105,-2.98,3420,-104,-2.95,3419,3440,1400-6-21,2021-09-12
65,پدرخش,درخشان‌ تهران‌,3797,10085361,310975731920,30090,31590,31590,1500,4.99,30830,740,2.46,28620,31590,1400-6-21,2021-09-12
66,گدنا,تهيه توزيع غذاي دنا آفرين فدك,3796,3626376,87441821509,25197,25134,23938,-1259,-5,24113,-1084,-4.3,23938,25134,1400-6-21,2021-09-12
67,بپيوند,برق و انرژي پيوندگستر پارس,3784,4882075,59860385650,12863,12460,12240,-623,-4.84,12261,-602,-4.68,12220,12660,1400-6-21,2021-09-12
68,وغدير,سرمايه‌گذاري‌غدير(هلدينگ‌,3753,40585375,599780527420,15170,15060,14850,-320,-2.11,14780,-390,-2.57,14500,15060,1400-6-21,2021-09-12
69,فجهان,مجتمع جهان فولاد سيرجان,3741,4290932,24780132300,5500,5775,5775,275,5,5574,74,1.35,5775,5775,1400-6-21,2021-09-12
70,سرو,صندوق س سروسودمند مدبران-سهام,3728,2976515,235989443530,83170,83200,79620,-3550,-4.27,79280,-3890,-4.68,78000,83200,1400-6-21,2021-09-12
71,امين,تامين سرمايه امين,3698,2784963,26349334450,9460,9460,9470,10,0.11,9460,0,0,9450,9490,1400-6-21,2021-09-12
72,ددام,داروسازي زاگرس فارمد پارس,3544,26236627,431381294010,16070,16870,16870,800,4.98,16440,370,2.3,15270,16870,1400-6-21,2021-09-12
73,سپيدار,سپيدار سيستم آسيا,3521,2968222,61013078139,21564,20620,20486,-1078,-5,20555,-1009,-4.68,20486,21083,1400-6-21,2021-09-12
74,فخوز,فولاد  خوزستان,3423,23302067,417765280630,18310,18100,18220,-90,-0.49,17930,-380,-2.08,17450,18300,1400-6-21,2021-09-12
75,بترانس,ايران‌ ترانسفو,3366,62851337,164955246741,2741,2669,2651,-90,-3.28,2625,-116,-4.23,2604,2770,1400-6-21,2021-09-12
76,فارس,صنايع پتروشيمي خليج فارس,3357,25071853,324337131420,13000,12940,12800,-200,-1.54,12940,-60,-0.46,12610,13120,1400-6-21,2021-09-12
77,فجر,فولاد اميركبيركاشان,3313,7258917,204351846040,29480,29050,28250,-1230,-4.17,28150,-1330,-4.51,28010,29470,1400-6-21,2021-09-12
78,كساپا,سايپاشيشه‌,3280,7868056,236953715620,30130,31600,31000,870,2.89,30120,-10,-0.03,28630,31630,1400-6-21,2021-09-12
79,فسرب,ملي‌ سرب‌وروي‌ ايران‌,3252,2105259,170450931830,80890,83000,79300,-1590,-1.97,80960,70,0.09,77200,84500,1400-6-21,2021-09-12
80,بگيلان,توسعه مسير برق گيلان,3248,912184,18432239284,21026,20500,20600,-426,-2.03,20591,-435,-2.07,19985,21000,1400-6-21,2021-09-12
81,كيسون,شركت كيسون,3223,22150079,209231143492,9648,9760,9446,-202,-2.09,9446,-202,-2.09,9359,9760,1400-6-21,2021-09-12
82,رمپنا,گروه مپنا (سهامي عام),3158,30784287,604328035510,20070,19980,19940,-130,-0.65,19630,-440,-2.19,19070,20290,1400-6-21,2021-09-12
83,ديران,ايران‌دارو,3152,8608279,238794832910,26920,27850,28260,1340,4.98,27740,820,3.05,26140,28260,1400-6-21,2021-09-12
84,كاوه,فولاد كاوه جنوب كيش,3151,11853683,236130963810,20770,20760,20140,-630,-3.03,19920,-850,-4.09,19740,20930,1400-6-21,2021-09-12
85,خفناور,مهندسي صنعتي روان فن آور,3144,10057661,437032407928,42275,43543,43543,1268,3,43453,1178,2.79,42584,43543,1400-6-21,2021-09-12
86,ثبهساز,بهساز كاشانه تهران,3139,23669012,53702353215,2375,2302,2257,-118,-4.97,2269,-106,-4.46,2257,2338,1400-6-21,2021-09-12
87,وپارس,بانك‌پارسيان‌,3077,112948855,346170185366,3222,3188,3061,-161,-5,3065,-157,-4.87,3061,3188,1400-6-21,2021-09-12
88,شفارس,صنايع‌ شيميايي‌ فارس‌,3002,62524246,129249135657,2089,2130,2093,4,0.19,2067,-22,-1.05,2000,2140,1400-6-21,2021-09-12
89,آپ,آسان پرداخت پرشين,2966,23184331,336107423380,13840,14000,14530,690,4.99,14500,660,4.77,13520,14530,1400-6-21,2021-09-12
90,وهنر,گروه توسعه هنر ايران,2944,20564576,119380789612,5899,5900,5724,-175,-2.97,5805,-94,-1.59,5723,6069,1400-6-21,2021-09-12
91,بپاس,بيمه پاسارگاد,2888,5167732,412288258251,79686,81400,79750,64,0.08,79781,95,0.12,79686,81400,1400-6-21,2021-09-12
92,امين يكم,صندوق درآمد ثابت امين يكم فردا,2841,70169565,709351095912,10100,10114,10108,8,0.08,10109,9,0.09,10104,10114,1400-6-21,2021-09-12
93,كگل,معدني و صنعتي گل گهر,2809,13000836,308373362680,24900,24000,23930,-970,-3.9,23720,-1180,-4.74,23660,24370,1400-6-21,2021-09-12
94,تاپيكو,س. نفت و گاز و پتروشيمي تأمين,2809,16338938,225383546550,14190,13800,13970,-220,-1.55,13790,-400,-2.82,13490,14230,1400-6-21,2021-09-12
95,غگيلا,شيرپاستوريزه پگاه گيلان,2719,2560259,63245282710,25910,25960,24615,-1295,-5,24703,-1207,-4.66,24615,25960,1400-6-21,2021-09-12
96,ثالوند,سرمايه گذاري مسكن الوند,2684,5633790,123780222626,21945,22010,21712,-233,-1.06,21971,26,0.12,21200,22950,1400-6-21,2021-09-12
97,پتاير,ايران‌ تاير,2679,53674102,162665475864,3163,3197,3051,-112,-3.54,3031,-132,-4.17,3005,3197,1400-6-21,2021-09-12
98,اعتماد,صندوق س.اعتماد آفرين پارسيان-د,2660,47720600,1845769573830,38657,38679,38680,23,0.06,38679,22,0.06,38675,38680,1400-6-21,2021-09-12
99,پاسا,ايران‌ياساتايرورابر,2658,6139560,139728132010,22380,23390,23180,800,3.57,22760,380,1.7,22000,23390,1400-6-21,2021-09-12
100,هاي وب,داده گسترعصرنوين-هاي وب,2607,18154858,170564870350,9860,9600,9370,-490,-4.97,9390,-470,-4.77,9370,9770,1400-6-21,2021-09-12
101,ونوين,بانك‌اقتصادنوين‌,2590,53669338,240216981147,4701,4640,4466,-235,-5,4476,-225,-4.79,4466,4728,1400-6-21,2021-09-12
102,سيمرغ,سيمرغ,2579,10338781,230898771050,22960,22980,22890,-70,-0.3,22330,-630,-2.74,21820,23360,1400-6-21,2021-09-12
103,شبريز,پالايش نفت تبريز,2562,5801806,214188310440,38620,38750,36900,-1720,-4.45,36920,-1700,-4.4,36690,38750,1400-6-21,2021-09-12
104,فاما,صنعتي‌ آما,2521,10484735,198285898810,18130,19030,19030,900,4.96,18910,780,4.3,18210,19030,1400-6-21,2021-09-12
105,كنور,توسعه معدني و صنعتي صبانور,2500,7667077,142548447230,18950,18620,18830,-120,-0.63,18590,-360,-1.9,18130,18910,1400-6-21,2021-09-12
106,خفنر,فنرسازي‌خاور,2448,21884370,189774708110,8310,8720,8720,410,4.93,8670,360,4.33,8350,8720,1400-6-21,2021-09-12
107,وبانك,سرمايه گذاري گروه توسعه ملي,2418,16525205,145161442080,9170,9090,8800,-370,-4.03,8780,-390,-4.25,8720,9300,1400-6-21,2021-09-12
108,آگاس,صندوق س.هستي بخش آگاه-س,2312,1552594,130961207081,87011,86385,84600,-2411,-2.77,84350,-2661,-3.06,83000,86385,1400-6-21,2021-09-12
109,وسبحان,سرمايه گذاري سبحان,2306,47078288,166053998740,3561,3560,3600,39,1.1,3527,-34,-0.95,3384,3610,1400-6-21,2021-09-12
110,شيران,س. صنايع‌شيميايي‌ايران,2269,8117562,218003406240,28200,28000,26800,-1400,-4.96,26860,-1340,-4.75,26790,28200,1400-6-21,2021-09-12
111,افران,صندوق س افرا نماد پايدار-ثابت,2225,78093592,1112454052932,14236,14243,14248,12,0.08,14245,9,0.06,14243,14248,1400-6-21,2021-09-12
112,وپاسار,بانك  پاسارگاد,2143,52547768,787569611770,15060,15060,14800,-260,-1.73,14990,-70,-0.46,14700,15070,1400-6-21,2021-09-12
113,ولپارس,ليزينگ پارسيان,2132,9724889,52508866120,5650,5420,5370,-280,-4.96,5400,-250,-4.42,5370,5600,1400-6-21,2021-09-12
114,پارند,صندوق س. پارند پايدار سپهر,2114,80875320,811497636008,10028,10034,10034,6,0.06,10034,6,0.06,10033,10035,1400-6-21,2021-09-12
115,ثغرب,شركت سرمايه گذاري مسكن شمالغرب,2057,13911942,93696380046,6480,6641,6804,324,5,6735,255,3.94,6500,6804,1400-6-21,2021-09-12
116,كرازي,كارخانجات‌توليدي‌شيشه‌رازي‌,2029,44109868,71198566835,1689,1649,1605,-84,-4.97,1614,-75,-4.44,1605,1649,1400-6-21,2021-09-12
117,ثشاهد,سرمايه‌ گذاري‌ شاهد,2026,6290042,113537597170,18900,18890,17960,-940,-4.97,18050,-850,-4.5,17960,18890,1400-6-21,2021-09-12
118,سفارس,سيمان فارس و خوزستان,2024,18917242,380873102730,21160,20250,20350,-810,-3.83,20130,-1030,-4.87,20110,21010,1400-6-21,2021-09-12
119,زكوثر,سرمايه گذاري كشاورزي كوثر,2006,11133024,248825273220,23440,23600,22300,-1140,-4.86,22350,-1090,-4.65,22270,23620,1400-6-21,2021-09-12
120,غمينو,شركت صنايع غذايي مينو شرق,2001,10730430,118063501815,11309,11318,10800,-509,-4.5,11003,-306,-2.71,10744,11780,1400-6-21,2021-09-12
121,شاراك,پتروشيمي شازند,1991,3460377,147434937610,43960,44280,42730,-1230,-2.8,42610,-1350,-3.07,42000,44280,1400-6-21,2021-09-12
122,دارو,كارخانجات‌داروپخش‌,1990,5203325,183483555940,32690,34970,35990,3300,10.09,35260,2570,7.86,33230,36390,1400-6-21,2021-09-12
123,سيلام,سيمان‌ ايلام‌,1986,12318426,117781687120,9660,9850,9720,60,0.62,9560,-100,-1.04,9180,9970,1400-6-21,2021-09-12
124,ضخود7075,اختيارخ خودرو-2000-1400/07/07,1967,77322,13421192000,278,240,156,-122,-43.88,174,-104,-37.41,156,249,1400-6-21,2021-09-12
125,شصدف,صنعتي دوده فام,1955,1973921,73582412565,39011,38730,37061,-1950,-5,37277,-1734,-4.44,37061,38730,1400-6-21,2021-09-12
126,قثابت,قند ثابت‌ خراسان‌,1922,16481600,69436231797,4410,4313,4190,-220,-4.99,4213,-197,-4.47,4190,4389,1400-6-21,2021-09-12
127,كچاد,معدني‌وصنعتي‌چادرملو,1919,4427397,133241678300,30910,30900,30000,-910,-2.94,30090,-820,-2.65,29570,30900,1400-6-21,2021-09-12
128,بكام,كارخانجات توليدي شهيد قندي,1918,31411612,99008821574,3300,3223,3135,-165,-5,3152,-148,-4.48,3135,3280,1400-6-21,2021-09-12
129,پيزد,مجتمع صنايع لاستيك يزد,1901,544014,38121202117,73550,72610,69874,-3676,-5,70074,-3476,-4.73,69873,73000,1400-6-21,2021-09-12
130,افق,فروشگاههاي زنجيره اي افق كوروش,1841,1977552,121776877050,64700,64300,61750,-2950,-4.56,61580,-3120,-4.82,61470,64300,1400-6-21,2021-09-12
131,كپشير,پشم‌شيشه‌ايران‌,1835,4274924,90044690830,21830,21410,21000,-830,-3.8,21060,-770,-3.53,20740,22480,1400-6-21,2021-09-12
132,فپنتا,سپنتا,1779,178076,99860595180,557880,580000,563100,5220,0.94,560780,2900,0.52,540000,580000,1400-6-21,2021-09-12
133,تسه0005,امتيازتسهيلات مسكن مرداد 1400,1779,54204,32784749739,583436,612607,600000,16564,2.84,604840,21404,3.67,570000,612607,1400-6-21,2021-09-12
134,زاگرس,پتروشيمي زاگرس,1755,576124,153817304695,273071,274740,267000,-6071,-2.22,266986,-6085,-2.23,262600,274740,1400-6-21,2021-09-12
135,حفارس,حمل و نقل بين المللي خليج فارس,1743,22236601,96744456418,4675,4380,4300,-375,-8.02,4351,-324,-6.93,4164,4480,1400-6-21,2021-09-12
136,فولاي,صنايع فولاد آلياژي يزد,1731,7487212,179575419140,25024,24020,24489,-535,-2.14,23984,-1040,-4.16,23773,25024,1400-6-21,2021-09-12
137,خزاميا,زامياد,1703,13537170,103274071930,8010,7910,7610,-400,-4.99,7630,-380,-4.74,7610,7910,1400-6-21,2021-09-12
138,قجام,فرآوردههاي غذايي وقندتربت‌جام‌,1696,10976173,69081111100,6267,6392,6392,125,1.99,6294,27,0.43,6142,6392,1400-6-21,2021-09-12
139,فروي,ذوب روي اصفهان,1690,2016300,70912072151,36746,36750,34909,-1837,-5,35169,-1577,-4.29,34909,36790,1400-6-21,2021-09-12
140,فزرين,زرين معدن آسيا,1683,15302897,306704022605,21095,20041,20041,-1054,-5,20042,-1053,-4.99,20041,20295,1400-6-21,2021-09-12
141,هرمز,فولاد هرمزگان جنوب,1681,7355777,132276670260,18420,17750,18200,-220,-1.19,17983,-437,-2.37,17690,18548,1400-6-21,2021-09-12
142,شغدير,پتروشيمي غدير,1681,1846565,169017978580,93800,93990,92950,-850,-0.91,91530,-2270,-2.42,90500,93990,1400-6-21,2021-09-12
143,خوساز,محورسازان‌ايران‌خودرو,1647,25980550,235095306650,9400,9580,8930,-470,-5,9050,-350,-3.72,8930,9580,1400-6-21,2021-09-12
144,فنورد,نوردوقطعات‌ فولادي‌,1624,464218,97136792380,210320,214210,215030,4710,2.24,209250,-1070,-0.51,205030,217720,1400-6-21,2021-09-12
145,كبافق,معادن‌ بافق‌,1618,2183000,91815540850,44110,44570,42190,-1920,-4.35,42060,-2050,-4.65,41910,44570,1400-6-21,2021-09-12
146,ونيكي,سرمايه‌گذاري‌ ملي‌ايران‌,1618,7685021,82173581780,11190,11190,10680,-510,-4.56,10690,-500,-4.47,10640,11330,1400-6-21,2021-09-12
147,كنورح,ح توسعه معدني و صنعتي صبانور,1611,5318787,88485727740,17340,16810,17100,-240,-1.38,16640,-700,-4.04,16120,17280,1400-6-21,2021-09-12
148,كالا,بورس كالاي ايران,1608,8345687,343675390660,39220,41180,41180,1960,5,41180,1960,5,41180,41180,1400-6-21,2021-09-12
149,ثاخت,بين‌المللي‌توسعه‌ساختمان,1600,26737773,76016797480,2987,2850,2838,-149,-4.99,2843,-144,-4.82,2838,2920,1400-6-21,2021-09-12
150,سبزوا,سيمان لار سبزوار,1595,25026360,96806937245,4055,4020,3853,-202,-4.98,3868,-187,-4.61,3853,4020,1400-6-21,2021-09-12
151,غگل,گلوكوزان‌,1592,14438056,53087421550,3842,3801,3650,-192,-5,3677,-165,-4.29,3650,3811,1400-6-21,2021-09-12
152,آريان,سرمايه گذاري پارس آريان,1590,48737578,750112177254,15814,15700,15385,-429,-2.71,15391,-423,-2.67,15340,15800,1400-6-21,2021-09-12
153,كوير,توليدي فولاد سپيد فراب كوير,1583,11955924,181611043400,15950,15400,15180,-770,-4.83,15190,-760,-4.76,15160,15940,1400-6-21,2021-09-12
154,شفن,پتروشيمي فناوران,1576,233805,88318668030,386090,382900,378940,-7150,-1.85,378660,-7430,-1.92,370250,384570,1400-6-21,2021-09-12
155,وپسا,س. پتروشيمي ساختمان  خليج فارس,1572,31011493,68610008121,2182,2247,2190,8,0.37,2212,30,1.37,2130,2247,1400-6-21,2021-09-12
156,ثاصفا,شركت‌ ساختمان‌ اصفهان‌,1568,2285937,48536215028,21183,21818,21550,367,1.73,21233,50,0.24,20548,21818,1400-6-21,2021-09-12
157,ارفع,شركت آهن و فولاد ارفع,1558,5520600,94566005693,17744,17460,17450,-294,-1.66,17130,-614,-3.46,16861,17550,1400-6-21,2021-09-12
158,ساوه,سيمان ساوه,1547,1480201,84276735116,59852,59190,56900,-2952,-4.93,56936,-2916,-4.87,56860,59190,1400-6-21,2021-09-12
159,خپويش,سازه‌ پويش‌,1544,1832319,148275841220,82350,86390,78240,-4110,-4.99,80920,-1430,-1.74,78240,86400,1400-6-21,2021-09-12
160,ملت,بيمه ملت,1529,41622781,60244841466,1517,1461,1442,-75,-4.94,1447,-70,-4.61,1442,1500,1400-6-21,2021-09-12
161,شلعاب,لعابيران‌,1504,5942341,51195868760,9010,9080,8610,-400,-4.44,8620,-390,-4.33,8560,9080,1400-6-21,2021-09-12
162,حفاري,حفاري شمال,1480,16641868,112734219110,7100,6870,6750,-350,-4.93,6770,-330,-4.65,6750,7070,1400-6-21,2021-09-12
163,قنيشا,قند  نيشابور,1471,1228808,66074259520,56320,55540,53990,-2330,-4.14,53770,-2550,-4.53,53510,56300,1400-6-21,2021-09-12
164,كسرام,پارس‌ سرام‌,1463,11452906,73700342610,6740,6810,6410,-330,-4.9,6440,-300,-4.45,6410,6810,1400-6-21,2021-09-12
165,شپاكسا,پاكسان‌,1423,4089132,96058057420,22670,23730,23800,1130,4.98,23490,820,3.62,22700,23800,1400-6-21,2021-09-12
166,شتوكا,توكا رنگ فولاد سپاهان,1416,2135040,72043045203,34071,33900,34410,339,0.99,33743,-328,-0.96,32368,34990,1400-6-21,2021-09-12
167,پارس,پتروشيمي پارس,1390,471302,96407636510,210710,209450,209000,-1710,-0.81,204650,-6060,-2.88,200180,210000,1400-6-21,2021-09-12
168,نطرين,عطرين نخ قم,1374,7330698,62666827747,8860,8900,8450,-410,-4.63,8549,-311,-3.51,8417,9100,1400-6-21,2021-09-12
169,ساروم,سيمان‌اروميه‌,1371,6470768,260509083370,42340,40230,40920,-1420,-3.35,40260,-2080,-4.91,40230,41400,1400-6-21,2021-09-12
170,ميدكو,توسعه معادن وص.معدني خاورميانه,1366,7761855,369579900810,47700,47990,47630,-70,-0.15,47610,-90,-0.19,47010,47990,1400-6-21,2021-09-12
171,وساخت,سرمايه‌ گذاري‌ ساختمان‌ايران‌,1363,1393336,69004961190,51710,51820,49730,-1980,-3.83,49520,-2190,-4.24,49130,51820,1400-6-21,2021-09-12
172,سخاش,سيمان‌خاش‌,1362,521432,64105861350,128880,122510,122440,-6440,-5,122940,-5940,-4.61,122440,127500,1400-6-21,2021-09-12
173,وپويا,سرمايه گذاري پويا,1351,5915796,33188613187,5892,5724,5598,-294,-4.99,5610,-282,-4.79,5598,5780,1400-6-21,2021-09-12
174,پارسيان,بيمه پارسيان,1340,8029485,109521185190,14130,13620,13780,-350,-2.48,13640,-490,-3.47,13430,14460,1400-6-21,2021-09-12
175,فاراك,ماشين‌ سازي‌ اراك‌,1338,37598689,84113471058,2343,2281,2226,-117,-4.99,2237,-106,-4.52,2226,2320,1400-6-21,2021-09-12
176,ونيرو,سرمايه‌گذاري‌نيرو,1333,26115603,80103894861,3218,3200,3058,-160,-4.97,3067,-151,-4.69,3058,3200,1400-6-21,2021-09-12
177,فگستر,گسترش صنايع روي ايرانيان,1329,1676651,25109957226,15710,15420,14925,-785,-5,14976,-734,-4.67,14925,15420,1400-6-21,2021-09-12
178,نوين,بيمه نوين,1306,13286578,70126544840,5534,5448,5269,-265,-4.79,5278,-256,-4.63,5258,5450,1400-6-21,2021-09-12
179,سصوفي,سيمان‌ صوفيان‌,1294,6882180,130200707400,19880,19070,18890,-990,-4.98,18920,-960,-4.83,18890,19740,1400-6-21,2021-09-12
180,شدوص,دوده‌ صنعتي‌ پارس‌,1283,5049597,128080301930,26300,26840,25470,-830,-3.16,25360,-940,-3.57,24990,26840,1400-6-21,2021-09-12
181,سپيدما,صندوق س. سپيد دماوند-د,1276,60670617,669596193521,11031,11036,11037,6,0.05,11037,6,0.05,11036,11041,1400-6-21,2021-09-12
182,ومشان,س. فني و مهندسي مشانير,1267,731786,54423918296,75122,77375,73160,-1962,-2.61,74371,-751,-1,72869,77375,1400-6-21,2021-09-12
183,پارسان,گسترش نفت و گاز پارسيان,1265,9686280,292845542860,30960,30550,30300,-660,-2.13,30230,-730,-2.36,29620,31100,1400-6-21,2021-09-12
184,فاسمين,كالسيمين‌,1265,5544730,95715536080,17930,17870,17280,-650,-3.63,17260,-670,-3.74,17040,17930,1400-6-21,2021-09-12
185,فباهنر,مس‌ شهيدباهنر,1253,1744175,48070869830,28720,29000,27620,-1100,-3.83,27560,-1160,-4.04,27300,29000,1400-6-21,2021-09-12
186,ثشرق,سرمايه گذاري مسكن شمال شرق,1244,11426119,60593810070,5460,5380,5440,-20,-0.37,5300,-160,-2.93,5190,5490,1400-6-21,2021-09-12
187,فولاژ,فولاد آلياژي ايران,1229,4209355,75622801770,18860,18690,17920,-940,-4.98,18080,-780,-4.14,17920,18690,1400-6-21,2021-09-12
188,بجهرم,توسعه مولد نيروگاهي جهرم,1226,16464841,42234649671,2686,2622,2552,-134,-4.99,2565,-121,-4.5,2552,2696,1400-6-21,2021-09-12
189,البرز,بيمه البرز,1222,27869987,75008289804,2807,2767,2680,-127,-4.52,2691,-116,-4.13,2667,2785,1400-6-21,2021-09-12
190,وصنعت,سرمايه گذاري توسعه صنعت وتجارت,1219,12357251,85474293330,7080,7000,7060,-20,-0.28,6920,-160,-2.26,6760,7170,1400-6-21,2021-09-12
191,دلر,داروسازي‌ اكسير,1213,2781456,122611811960,46220,46890,43910,-2310,-5,44080,-2140,-4.63,43910,46890,1400-6-21,2021-09-12
192,گكوثر,هتل پارسيان كوثر اصفهان,1208,21948010,49373730158,2337,2367,2276,-61,-2.61,2250,-87,-3.72,2221,2367,1400-6-21,2021-09-12
193,مدير,ص.س.مديريت ثروت ص.بازنشستگي-س,1205,4979322,51520356043,10844,10630,10300,-544,-5.02,10347,-497,-4.58,10120,10700,1400-6-21,2021-09-12
194,وتوصا,گروه س توسعه صنعتي ايران,1200,9838536,100538966820,10720,10960,10240,-480,-4.48,10220,-500,-4.66,10190,10960,1400-6-21,2021-09-12
195,بكهنوج,توليد برق ماهتاب كهنوج,1200,26938915,44313186939,1718,1724,1645,-73,-4.25,1645,-73,-4.25,1633,1724,1400-6-21,2021-09-12
196,دلقما,دارويي‌ لقمان‌,1190,1978820,91865625430,48110,48300,45710,-2400,-4.99,46420,-1690,-3.51,45710,49500,1400-6-21,2021-09-12
197,آسيا,بيمه آسيا,1189,30047558,64050613329,2226,2160,2141,-85,-3.82,2132,-94,-4.22,2115,2230,1400-6-21,2021-09-12
198,اطلس,صندوق س.توسعه اندوخته آينده-س,1182,259696,68082187709,269649,265001,261600,-8049,-2.98,262161,-7488,-2.78,259001,267900,1400-6-21,2021-09-12
199,ثتران,سرمايه گذاري مسكن تهران,1177,18682546,76078360920,4216,4062,4150,-66,-1.57,4072,-144,-3.42,4006,4250,1400-6-21,2021-09-12
200,شپديس,پتروشيمي پرديس,1175,610802,94126638160,156280,157000,156280,0,0,154260,-2020,-1.29,151000,157000,1400-6-21,2021-09-12
201,شفارا,پتروشيمي فارابي,1175,7940484,53301375784,6633,6831,6740,107,1.61,6713,80,1.21,6440,6831,1400-6-21,2021-09-12
202,ولساپا,ليزينگ رايان‌ سايپا,1168,16014822,47383932477,3100,3030,2945,-155,-5,2959,-141,-4.55,2945,3100,1400-6-21,2021-09-12
203,تكنار,مجتمع معادن مس تكنار,1159,405627,37367340579,93213,94480,90417,-2796,-3,92122,-1091,-1.17,90417,94480,1400-6-21,2021-09-12
204,ضخود7076,اختيارخ خودرو-2500-1400/07/07,1153,61359,1337907000,46,40,19,-27,-58.7,22,-24,-52.17,17,40,1400-6-21,2021-09-12
205,تاصيكو,سرمايه گذاري صدرتامين,1153,5379670,57037759780,11030,11150,10730,-300,-2.72,10820,-210,-1.9,10480,11150,1400-6-21,2021-09-12
206,كروي,توسعه‌ معادن‌ روي‌ ايران‌,1153,7341508,210509102850,30150,30480,28650,-1500,-4.98,28670,-1480,-4.91,28650,30480,1400-6-21,2021-09-12
207,وساپا,سرمايه‌گذاري‌ سايپا,1152,11106467,60829433060,5740,5520,5460,-280,-4.88,5480,-260,-4.53,5460,5720,1400-6-21,2021-09-12
208,وسنا,سرمايه گذاري نيروگاهي ايران,1141,13154783,220423315835,16270,16758,16758,488,3,16756,486,2.99,16255,16758,1400-6-21,2021-09-12
209,وساشرقي,شركت س استان آذربايجان شرقي,1133,47093149,30815624994,676,670,645,-31,-4.59,664,-12,-1.78,643,680,1400-6-21,2021-09-12
210,خاهن,آهنگري‌ تراكتورسازي‌ ايران‌,1132,12794182,106110493560,8710,8720,8280,-430,-4.94,8290,-420,-4.82,8280,8720,1400-6-21,2021-09-12
211,همراه,شركت ارتباطات سيار ايران,1131,6919905,71178600840,10780,10500,10250,-530,-4.92,10470,-310,-2.88,10250,10590,1400-6-21,2021-09-12
212,حتايد,تايدواترخاورميانه,1129,3572693,86028371470,25120,24700,23870,-1250,-4.98,24080,-1040,-4.14,23870,25460,1400-6-21,2021-09-12
213,فوكا,فولاد كاويان,1107,13482841,208730935007,15562,15100,15096,-466,-2.99,15481,-81,-0.52,15096,15680,1400-6-21,2021-09-12
214,ريشمك,توليد و صادرات ريشمك,1104,1734721,76097653729,45808,46530,44400,-1408,-3.07,43867,-1941,-4.24,43518,46530,1400-6-21,2021-09-12
215,كدما,معدني‌ دماوند,1091,277981,53436287630,202340,192230,192230,-10110,-5,192230,-10110,-5,192230,192230,1400-6-21,2021-09-12
216,كصدف,كاشي صدف سرام استقلال آباده,1088,2244502,56041093690,25149,25903,24450,-699,-2.78,24968,-181,-0.72,24395,25903,1400-6-21,2021-09-12
217,فاذر,صنايع‌ آذرآب‌,1076,32146681,43502185116,1418,1399,1348,-70,-4.94,1353,-65,-4.58,1348,1399,1400-6-21,2021-09-12
218,وسينا,بانك سينا,1062,24365589,74321591948,3193,3240,3039,-154,-4.82,3050,-143,-4.48,3034,3240,1400-6-21,2021-09-12
219,كشرق,صنعتي و معدني شمال شرق شاهرود,1061,1157161,81464212350,71067,72330,70010,-1057,-1.49,70400,-667,-0.94,67514,73380,1400-6-21,2021-09-12
220,شبهرن,نفت‌ بهران‌,1058,3203276,41642999490,13340,13020,13070,-270,-2.02,13110,-230,-1.72,12750,13520,1400-6-21,2021-09-12
221,غسالم,سالمين‌,1055,9280667,35614788586,4028,4021,3827,-201,-4.99,3838,-190,-4.72,3827,4028,1400-6-21,2021-09-12
222,غدام,خوراك‌  دام‌ پارس‌,1051,167646,43173461080,270190,267000,256690,-13500,-5,257530,-12660,-4.69,256690,267000,1400-6-21,2021-09-12
223,پكوير,كوير تاير,1050,2850951,44238100680,15970,15270,15450,-520,-3.26,15520,-450,-2.82,15180,16450,1400-6-21,2021-09-12
224,تملت,تامين سرمايه بانك ملت,1040,9313612,49700836640,5590,5380,5320,-270,-4.83,5340,-250,-4.47,5320,5510,1400-6-21,2021-09-12
225,گشان,توسعه بين المللي پديده شانديز,1039,1846425,46449502587,25827,25320,25053,-774,-3,25156,-671,-2.6,25053,25400,1400-6-21,2021-09-12
226,تشتاد,صنايع توليدي اشتاد ايران‌,1038,8632204,61350281667,6910,7117,7117,207,3,7107,197,2.85,6963,7117,1400-6-21,2021-09-12
227,ماديرا,صنايع ماديران,1038,12285214,116871866413,9989,9550,9490,-499,-5,9513,-476,-4.77,9490,9778,1400-6-21,2021-09-12
228,غگلپا,شير پاستوريزه پگاه گلپايگان,1023,1561584,106864044799,68379,69890,69840,1461,2.14,68433,54,0.08,64961,70890,1400-6-21,2021-09-12
229,كپارس,كاشي‌ پارس‌,1023,598519,76788566490,134580,134650,129490,-5090,-3.78,128300,-6280,-4.67,127860,134650,1400-6-21,2021-09-12
230,ولشرق,ليزينگ ايران و شرق,1019,6733120,44908582584,6960,7070,6621,-339,-4.87,6670,-290,-4.17,6612,7070,1400-6-21,2021-09-12
231,حپترو,حمل و نقل پتروشيمي( سهامي عام,1015,1129768,42576188440,38940,39480,37890,-1050,-2.7,37690,-1250,-3.21,37000,39480,1400-6-21,2021-09-12
232,كمينا,شيشه سازي مينا,1015,6890889,91163385312,13001,13390,13391,390,3,13230,229,1.76,12611,13391,1400-6-21,2021-09-12
233,غنوش,نوش‌ مازندران‌,1011,1311582,56328337090,44990,43010,42750,-2240,-4.98,42950,-2040,-4.53,42750,44800,1400-6-21,2021-09-12
234,طلا,صندوق س.پشتوانه طلاي لوتوس,1003,1083076,92383948965,86463,85901,85400,-1063,-1.23,85298,-1165,-1.35,84850,85901,1400-6-21,2021-09-12
235,دعبيد,لابراتوارداروسازي‌  دكترعبيدي‌,997,2136337,60146341340,28760,29380,28200,-560,-1.95,28150,-610,-2.12,27430,29560,1400-6-21,2021-09-12
236,غبشهر,صنعتي‌ بهشهر,995,2031161,54052453350,26960,27790,27300,340,1.26,26610,-350,-1.3,25700,27790,1400-6-21,2021-09-12
237,قرن,پديده شيمي قرن,995,698574,24880172470,37260,36130,35400,-1860,-4.99,35820,-1440,-3.86,35400,36960,1400-6-21,2021-09-12
238,غديس,پاكديس,988,4487322,68632409160,15987,15500,15375,-612,-3.83,15295,-692,-4.33,15188,15990,1400-6-21,2021-09-12
239,ومهان,گروه توسعه مالي مهر آيندگان,986,3172339,49459836226,16175,16300,15558,-617,-3.81,15712,-463,-2.86,15384,16300,1400-6-21,2021-09-12
240,تكشا,گسترش‌صنايع‌وخدمات‌كشاورزي‌,985,2297352,86923069050,39550,39430,37590,-1960,-4.96,37840,-1710,-4.32,37580,39430,1400-6-21,2021-09-12
241,كارين,صندوق س نگين سامان-ثابت,981,40597268,410895819271,10115,10120,10123,8,0.08,10121,6,0.06,10119,10123,1400-6-21,2021-09-12
242,فروس,فروسيليس‌ ايران‌,979,15747149,106857488160,7130,6860,6780,-350,-4.91,6790,-340,-4.77,6780,7130,1400-6-21,2021-09-12
243,وسگيلا,شركت س استان گيلان,978,57125381,36931247499,660,666,636,-24,-3.64,647,-13,-1.97,632,666,1400-6-21,2021-09-12
244,قتربت,قند تربت حيدريه,967,249252,10685931744,41624,42872,42872,1248,3,42872,1248,3,42872,42872,1400-6-21,2021-09-12
245,چدن,توليدي چدن سازان,963,8194981,36041691922,4604,4490,4374,-230,-5,4398,-206,-4.47,4374,4592,1400-6-21,2021-09-12
246,سفار,سيمان‌فارس‌,962,556209,49951402350,94380,92310,89670,-4710,-4.99,89810,-4570,-4.84,89670,92310,1400-6-21,2021-09-12
247,وسكرمان,س.سهام عدالت استان كرمان,957,65462353,39938034971,641,612,609,-32,-4.99,612,-29,-4.52,609,628,1400-6-21,2021-09-12
248,شاوان,پالايش نفت لاوان,947,1598613,187052826566,123113,120057,116960,-6153,-5,117009,-6104,-4.96,116958,122999,1400-6-21,2021-09-12
249,ارزش,صندوق س ارزش آفرين بيدار-سهام,945,5035544,53850402450,11220,11130,10620,-600,-5.35,10690,-530,-4.72,10490,11170,1400-6-21,2021-09-12
250,تليسه,دامداري تليسه نمونه,945,9932100,36692339200,3856,3791,3664,-192,-4.98,3694,-162,-4.2,3664,3880,1400-6-21,2021-09-12
251,وسكاب,س.ص.بازنشستگي كاركنان بانكها,933,11775477,36978927999,3230,3279,3200,-30,-0.93,3140,-90,-2.79,3069,3279,1400-6-21,2021-09-12
252,سدبير,س. تدبيرگران فارس وخوزستان,928,1049192,43619631374,43565,43560,41700,-1865,-4.28,41574,-1991,-4.57,41387,43560,1400-6-21,2021-09-12
253,وتوكا,سرمايه‌گذاري‌توكافولاد(هلدينگ,927,14107762,155960605650,11610,11030,11200,-410,-3.53,11050,-560,-4.82,11030,11360,1400-6-21,2021-09-12
254,والبر,سرمايه‌ گذاري‌ البرز(هلدينگ‌,925,3745131,35666455820,9990,9650,9520,-470,-4.7,9520,-470,-4.7,9500,9700,1400-6-21,2021-09-12
255,آبين,كشت و صنعت آبشيرين,911,13791421,38771603719,2758,2840,2840,82,2.97,2811,53,1.92,2750,2840,1400-6-21,2021-09-12
256,خمحركه,نيرو محركه‌,911,9106006,42591748276,4905,4801,4660,-245,-4.99,4677,-228,-4.65,4660,4850,1400-6-21,2021-09-12
257,وحكمت,بيمه حكمت صبا,909,15842935,75287987520,4635,4690,4774,139,3,4752,117,2.52,4535,4774,1400-6-21,2021-09-12
258,وآيند,بانك  آينده,908,4514110,50426783326,11561,11300,11099,-462,-4,11286,-275,-2.38,11099,11558,1400-6-21,2021-09-12
259,كتوكا,توليدي و خدمات صنايع نسوز توكا,908,1328171,32800155999,25869,25000,24576,-1293,-5,24696,-1173,-4.53,24576,25500,1400-6-21,2021-09-12
260,غفارس,شير پاستوريزه پگاه فارس,897,3530241,45481150638,13519,13200,12844,-675,-4.99,12883,-636,-4.7,12844,13400,1400-6-21,2021-09-12
261,غالبر,لبنيات‌ كالبر,894,3702052,48418885610,13720,13040,13040,-680,-4.96,13080,-640,-4.66,13040,13580,1400-6-21,2021-09-12
262,نمرينو,ايران‌ مرينوس‌,884,349405,37396316480,106070,111000,105900,-170,-0.16,107030,960,0.91,101200,111000,1400-6-21,2021-09-12
263,سدور,سيمان‌ دورود,875,5927173,54534666380,9610,9600,9380,-230,-2.39,9200,-410,-4.27,9130,9600,1400-6-21,2021-09-12
264,تسه0002,امتيازتسهيلاتمسكن ارديبهشت1400,872,67090,37384459392,560327,551002,550000,-10327,-1.84,557228,-3099,-0.55,544333,588343,1400-6-21,2021-09-12
265,ورنا,سرمايه‌گذاري‌ رنا(هلدينگ‌,871,14540189,79454109460,5740,5700,5460,-280,-4.88,5460,-280,-4.88,5460,5700,1400-6-21,2021-09-12
266,ولصنم,ليزينگ‌صنعت‌ومعدن‌,866,5882718,45998573390,8190,8000,7900,-290,-3.54,7820,-370,-4.52,7790,8170,1400-6-21,2021-09-12
267,وسهمدا,شركت س استان همدان,861,46542135,29801733955,669,662,637,-32,-4.78,640,-29,-4.33,636,662,1400-6-21,2021-09-12
268,ولراز,ليزينگ رازي,859,1194437,32997929100,27934,28010,28150,216,0.77,27626,-308,-1.1,27200,28400,1400-6-21,2021-09-12
269,سامان,بانك سامان,853,12492848,118011021982,9721,9900,9430,-291,-2.99,9446,-275,-2.83,9430,9900,1400-6-21,2021-09-12
270,خودكفا,اقتصادي و خودكفايي آزادگان,850,3871831,64525516796,17148,16700,16634,-514,-3,16665,-483,-2.82,16634,17070,1400-6-21,2021-09-12
271,غپينو,پارس‌ مينو,850,5059793,27955481350,5800,5760,5510,-290,-5,5530,-270,-4.66,5510,5760,1400-6-21,2021-09-12
272,تيپيكوح,ح . سرمايه گذاري دارويي تامين,847,4739843,87303006000,18450,18300,18520,70,0.38,18420,-30,-0.16,18050,18520,1400-6-21,2021-09-12
273,سنير,سيمان‌ سفيد ني‌ريز,843,592575,95359134900,169340,160880,160880,-8460,-5,160920,-8420,-4.97,160880,166000,1400-6-21,2021-09-12
274,ستران,سيمان‌ تهران‌,843,2696087,75691543130,29490,28100,28020,-1470,-4.98,28070,-1420,-4.82,28020,29100,1400-6-21,2021-09-12
275,واميد,گروه مديريت سرمايه گذاري اميد,841,11618525,152632458170,13580,13430,13160,-420,-3.09,13140,-440,-3.24,12910,13600,1400-6-21,2021-09-12
276,كگاز,شيشه‌ و گاز,840,2482120,52687021460,21340,22370,21520,180,0.84,21230,-110,-0.52,20400,22370,1400-6-21,2021-09-12
277,كساوه,صنايع‌ كاشي‌ و سراميك‌ سينا,836,1270723,67316584140,55710,52940,53800,-1910,-3.43,52980,-2730,-4.9,52930,55310,1400-6-21,2021-09-12
278,ودي,بيمه  دي,835,5014931,41660852430,8729,8497,8294,-435,-4.98,8307,-422,-4.83,8293,8500,1400-6-21,2021-09-12
279,دروز,داروسازي‌ روزدارو,827,2605491,86956466290,32290,32430,33900,1610,4.99,33370,1080,3.34,30680,33900,1400-6-21,2021-09-12
280,ومعلم,بيمه معلم,827,5574356,23245419792,4286,4140,4210,-76,-1.77,4170,-116,-2.71,4090,4389,1400-6-21,2021-09-12
281,خاذين,سايپاآذين‌,826,12043518,41480701648,3604,3490,3424,-180,-4.99,3444,-160,-4.44,3424,3592,1400-6-21,2021-09-12
282,سبهان,سيمان‌ بهبهان‌,823,563483,36629610210,68320,64910,64910,-3410,-4.99,65010,-3310,-4.84,64910,67890,1400-6-21,2021-09-12
283,وملل,اعتباري ملل,820,2591115,30543326377,12138,12151,11700,-438,-3.61,11911,-227,-1.87,11532,12300,1400-6-21,2021-09-12
284,فجام,جام‌دارو,819,4466226,33706285660,7870,7890,7630,-240,-3.05,7550,-320,-4.07,7480,7890,1400-6-21,2021-09-12
285,سشرق,سيمان‌ شرق‌,818,12687478,104263588910,8630,8300,8200,-430,-4.98,8220,-410,-4.75,8200,8530,1400-6-21,2021-09-12
286,فافق,صنايع مس افق كرمان,816,2054815,11967242560,5655,5824,5824,169,2.99,5824,169,2.99,5824,5824,1400-6-21,2021-09-12
287,معيار ,سرمايه گذاري معيار صنعت پارس,812,454636,23860419107,51918,53475,53475,1557,3,52482,564,1.09,50361,53475,1400-6-21,2021-09-12
288,حبندر,دريايي و کشتيراني خط دريابندر,809,1159899,38544391659,34053,34000,33032,-1021,-3,33231,-822,-2.41,33032,34850,1400-6-21,2021-09-12
289,وبوعلي,سرمايه‌گذاري‌بوعلي‌,808,7071414,32182418956,4734,4600,4611,-123,-2.6,4551,-183,-3.87,4498,4700,1400-6-21,2021-09-12
290,وايران,ليزينگ ايرانيان,808,4570981,30830041700,7020,7090,6670,-350,-4.99,6740,-280,-3.99,6670,7090,1400-6-21,2021-09-12
291,شكربن,كربن‌ ايران‌,806,780585,89027815590,118700,121970,113000,-5700,-4.8,114050,-4650,-3.92,112770,121970,1400-6-21,2021-09-12
292,خزر,فنرسازي‌زر,805,1988809,36975094260,19530,18700,18560,-970,-4.97,18590,-940,-4.81,18560,18990,1400-6-21,2021-09-12
293,سخواف,سيمان مجد خواف,805,5658892,64463909640,11738,11386,11386,-352,-3,11392,-346,-2.95,11386,11550,1400-6-21,2021-09-12
294,خكار,ايركا پارت صنعت,797,3070115,56663755160,19410,18450,18440,-970,-5,18460,-950,-4.89,18440,18720,1400-6-21,2021-09-12
295,غصينو,صنعتي مينو,797,1598331,33668154952,22077,22044,20974,-1103,-5,21672,-405,-1.83,20974,22190,1400-6-21,2021-09-12
296,كلر,كلر پارس,793,577630,68640595693,124272,122999,118059,-6213,-5,118831,-5441,-4.38,118059,123840,1400-6-21,2021-09-12
297,كاذر,فرآورده‌هاي‌نسوزآذر,790,2893432,52725296850,18900,19000,18340,-560,-2.96,18220,-680,-3.6,17960,19090,1400-6-21,2021-09-12
298,تيپيكو,سرمايه گذاري دارويي تامين,788,3085210,66544738730,21670,21900,21940,270,1.25,21600,-70,-0.32,20850,22120,1400-6-21,2021-09-12
299,آوا,صندوق س.سهام آواي معيار-س,787,2995382,24168732245,8450,8398,8012,-438,-5.18,8069,-381,-4.51,7900,8398,1400-6-21,2021-09-12
300,رنيك,جنرال مكانيك,783,3045103,51097618016,17619,17001,17004,-615,-3.49,16780,-839,-4.76,16739,17460,1400-6-21,2021-09-12
301,غگرجي,بيسكويت‌  گرجي‌,779,8140641,24536406415,3159,3188,3002,-157,-4.97,3014,-145,-4.59,3002,3188,1400-6-21,2021-09-12
302,شپترو,پتروشيمي آبادان,779,9479971,47739395428,5176,5100,5021,-155,-2.99,5036,-140,-2.7,5021,5190,1400-6-21,2021-09-12
303,وگستر,گسترش سرمايه گذاري ايرانيان,777,2653332,30198154277,11972,11374,11374,-598,-4.99,11381,-591,-4.94,11374,11575,1400-6-21,2021-09-12
304,خمهر,مهركام‌پارس‌,772,29571307,73109220505,2598,2511,2469,-129,-4.97,2472,-126,-4.85,2469,2599,1400-6-21,2021-09-12
305,زماهان,مجتمع توليد گوشت مرغ ماهان,772,1977848,27294625267,14471,14390,13748,-723,-5,13800,-671,-4.64,13748,14390,1400-6-21,2021-09-12
306,حريل,ريل پردازسير,772,8369426,41799856317,5247,5010,4985,-262,-4.99,4994,-253,-4.82,4985,5230,1400-6-21,2021-09-12
307,هماي,صندوق س هماي آگاه-ثابت,770,3881505,40431388756,10410,10417,10417,7,0.07,10416,6,0.06,10411,10417,1400-6-21,2021-09-12
308,كيميا,معدني كيمياي زنجان گستران,763,2828194,46566742020,16970,17349,16122,-848,-5,16465,-505,-2.98,16122,17349,1400-6-21,2021-09-12
309,مداران,داده‌پردازي‌ايران‌,757,1275171,28501337530,22630,22840,22630,0,0,22350,-280,-1.24,21540,23180,1400-6-21,2021-09-12
310,بموتو,موتوژن‌,755,710686,56110520390,81370,82000,78950,-2420,-2.97,78950,-2420,-2.97,77520,82000,1400-6-21,2021-09-12
311,حآسا,آسيا سير ارس,751,1785650,44642902381,26193,26190,24884,-1309,-5,25001,-1192,-4.55,24884,26190,1400-6-21,2021-09-12
312,سرچشمه,سرمايه گذاري مس سرچشمه,749,7020323,50089082130,7493,7302,7119,-374,-4.99,7135,-358,-4.78,7119,7493,1400-6-21,2021-09-12
313,سخوز,سيمان خوزستان,746,3066460,71542193370,24350,23600,23310,-1040,-4.27,23330,-1020,-4.19,23140,24460,1400-6-21,2021-09-12
314,وصندوق,سرمايه‌گذاري‌صندوق‌بازنشستگي‌,746,4454709,80854256610,18410,18080,18410,0,0,18230,-180,-0.98,17530,18500,1400-6-21,2021-09-12
315,وپترو,سرمايه‌گذاري صنايع پتروشيمي‌,745,3413360,46459676990,14250,13830,13720,-530,-3.72,13610,-640,-4.49,13540,14200,1400-6-21,2021-09-12
316,ثپرديس,سرمايه گذاري مسكن پرديس,738,7888155,50510276420,6717,6600,6382,-335,-4.99,6403,-314,-4.67,6382,6727,1400-6-21,2021-09-12
317,وآرين,شركت توسعه اقتصادي آرين,735,10518808,33427348881,3265,3310,3168,-97,-2.97,3178,-87,-2.66,3168,3320,1400-6-21,2021-09-12
318,شبصير,توليدات پتروشيمي قائد بصير,728,567839,58256190877,105620,106360,101727,-3893,-3.69,102593,-3027,-2.87,101015,106360,1400-6-21,2021-09-12
319,دسانكو,داروسازي سبحان انكولوژي,726,3691542,65457041261,17231,17540,18000,769,4.46,17732,501,2.91,17323,18088,1400-6-21,2021-09-12
320,خاور,ايران خودرو ديزل,717,5697207,52021178083,9407,9131,9125,-282,-3,9131,-276,-2.93,9125,9299,1400-6-21,2021-09-12
321,دماوند,توليد نيروي برق دماوند,714,1102121,32418513756,30737,30736,29201,-1536,-5,30077,-660,-2.15,29201,30736,1400-6-21,2021-09-12
322,زنجان,صنايع كشاورزي وكود زنجان,713,8310144,51561017837,6528,6202,6202,-326,-4.99,6205,-323,-4.95,6202,6295,1400-6-21,2021-09-12
323,ختوقا,قطعات‌ اتومبيل‌ ايران‌,705,11061750,31554718977,2997,2903,2848,-149,-4.97,2853,-144,-4.8,2848,2903,1400-6-21,2021-09-12
324,رتاپ,تجارت الكترونيك  پارسيان,704,4501946,31819367850,7400,7390,7030,-370,-5,7070,-330,-4.46,7030,7390,1400-6-21,2021-09-12
325,فبيرا,بسته‌ بندي‌ ايران‌,699,11985750,27901402722,2301,2329,2370,69,3,2328,27,1.17,2244,2370,1400-6-21,2021-09-12
326,شلرد,كود شيميايي اوره لردگان,694,6238445,53227964617,8781,8590,8518,-263,-3,8532,-249,-2.84,8518,8817,1400-6-21,2021-09-12
327,اوان,مبين وان كيش,691,1154503,39473858966,35761,36800,34201,-1560,-4.36,34191,-1570,-4.39,33973,36800,1400-6-21,2021-09-12
328,ونفت,سرمايه‌گذاري‌ صنعت‌ نفت‌,691,3974966,69403572840,18250,17800,17360,-890,-4.88,17460,-790,-4.33,17340,18100,1400-6-21,2021-09-12
329,كهمدا,شيشه‌ همدان‌,690,4105556,46037549320,11750,11310,11170,-580,-4.94,11210,-540,-4.6,11170,11550,1400-6-21,2021-09-12
330,لپيام,گسترش صنايع پيام,689,1736382,75188583046,44521,44522,44150,-371,-0.83,43302,-1219,-2.74,43186,44522,1400-6-21,2021-09-12
331,بهپاك,صنعتي بهپاك,685,5854828,42495368225,7618,7410,7238,-380,-4.99,7258,-360,-4.73,7238,7489,1400-6-21,2021-09-12
332,غگلستا,شير پاستوريزه پگاه گلستان,682,1902340,33379869222,18373,18250,17531,-842,-4.58,17547,-826,-4.5,17455,18250,1400-6-21,2021-09-12
333,چكارن,كارتن‌ ايران‌,682,10562541,34979504983,3463,3301,3290,-173,-5,3312,-151,-4.36,3290,3421,1400-6-21,2021-09-12
334,لابسا,آبسال‌,674,1339737,55396165290,43360,42010,41790,-1570,-3.62,41350,-2010,-4.64,41200,43800,1400-6-21,2021-09-12
335,درهآور,دارويي ره آورد تامين,671,1659197,47480256272,30033,29110,29490,-543,-1.81,28616,-1417,-4.72,28532,30080,1400-6-21,2021-09-12
336,وپست,پست بانك ايران,663,7448106,165630048940,23370,23000,22210,-1160,-4.96,22240,-1130,-4.84,22210,23450,1400-6-21,2021-09-12
337,بفجر,فجر انرژي خليج فارس,662,4717051,138097885130,29180,30600,29250,70,0.24,29280,100,0.34,29100,30600,1400-6-21,2021-09-12
338,زشگزا,شير و گوشت زاگرس شهركرد,661,3949242,26180856897,6936,6756,6631,-305,-4.4,6629,-307,-4.43,6590,6820,1400-6-21,2021-09-12
339,غشان,شيرپاستوريزه‌پگاه‌خراسان‌,656,8682717,50084506700,6060,6090,5760,-300,-4.95,5770,-290,-4.79,5760,6090,1400-6-21,2021-09-12
340,غشهداب,كشت و صنعت شهداب ناب خراسان,656,4653253,17705692723,3985,3930,3786,-199,-4.99,3805,-180,-4.52,3786,3930,1400-6-21,2021-09-12
341,اخابر,مخابرات ايران,655,9846547,107130431360,11450,10880,10880,-570,-4.98,10900,-550,-4.8,10880,10880,1400-6-21,2021-09-12
342,ضخود7077,اختيارخ خودرو-3000-1400/07/07,653,32315,80717000,4,4,3,-1,-25,2,-2,-50,2,4,1400-6-21,2021-09-12
343,مرقام,ايران‌ارقام‌,652,2084640,37342230590,18760,18600,17830,-930,-4.96,17910,-850,-4.53,17830,18600,1400-6-21,2021-09-12
344,فسازان,غلتك سازان سپاهان,650,1478686,48591277940,34490,33810,32770,-1720,-4.99,32860,-1630,-4.73,32770,34470,1400-6-21,2021-09-12
345,وهور,مديريت انرژي اميد  تابان هور,647,13950328,26505307446,1995,1903,1896,-99,-4.96,1945,-50,-2.51,1896,1989,1400-6-21,2021-09-12
346,شپارس,بين‌ المللي‌ محصولات‌  پارس‌,645,1461090,21136417680,15130,15120,14380,-750,-4.96,14470,-660,-4.36,14380,15120,1400-6-21,2021-09-12
347,تسه0001,امتيازتسهيلات مسكن فروردين1400,644,45317,25532259876,561152,589209,560000,-1152,-0.21,563415,2263,0.4,545000,589209,1400-6-21,2021-09-12
348,شخارك,پتروشيمي‌ خارك‌,638,1184996,59164545510,50020,50000,50480,460,0.92,49970,-50,-0.1,49560,50480,1400-6-21,2021-09-12
349,خصدرا,صنعتي‌ دريايي‌ ايران‌,637,20108578,70882737450,3423,3525,3525,102,2.98,3525,102,2.98,3525,3525,1400-6-21,2021-09-12
350,بزاگرس,نيروگاه زاگرس كوثر,637,7511407,41293518445,5773,5770,5485,-288,-4.99,5497,-276,-4.78,5485,5770,1400-6-21,2021-09-12
351,تنوين,تامين سرمايه نوين,635,8329729,59270239700,7340,7040,6980,-360,-4.9,7120,-220,-3,6980,7420,1400-6-21,2021-09-12
352,حرهشا,رهشاد سپاهان (سهامي عام,632,380401,35963076355,94453,97286,92580,-1873,-1.98,94540,87,0.09,91620,97286,1400-6-21,2021-09-12
353,سصفها,سيمان‌اصفهان‌,631,800448,51335082040,67460,64090,64090,-3370,-5,64130,-3330,-4.94,64090,65500,1400-6-21,2021-09-12
354,جهرم,پتروشيمي جهرم,627,16828276,24232491113,1461,1450,1439,-22,-1.51,1440,-21,-1.44,1418,1498,1400-6-21,2021-09-12
355,خكمك,كمك‌فنرايندامين‌,626,1403349,29912713020,22340,21800,21230,-1110,-4.97,21320,-1020,-4.57,21230,22280,1400-6-21,2021-09-12
356,خريخت,صنايع‌ريخته‌گري‌ايران‌,624,18040232,64503697002,3758,3614,3650,-108,-2.87,3576,-182,-4.84,3571,3758,1400-6-21,2021-09-12
357,دتوزيع,توزيع دارو پخش,624,1010694,36012749993,37398,37370,35529,-1869,-5,35632,-1766,-4.72,35529,37370,1400-6-21,2021-09-12
358,كاردان,صندوق س تجارت شاخصي كاردان,620,284263,58914077960,216340,211020,206120,-10220,-4.72,207250,-9090,-4.2,203800,211020,1400-6-21,2021-09-12
359,واحيا,م .صنايع و معادن احياء سپاهان,620,757121,139578138687,189667,188000,183977,-5690,-3,184354,-5313,-2.8,183977,188301,1400-6-21,2021-09-12
360,سمازن,سيمان‌مازندران‌,620,3416694,49481369660,15020,14800,14500,-520,-3.46,14480,-540,-3.6,14270,15170,1400-6-21,2021-09-12
361,وآوا,سرمايه گذاري آوا نوين,617,4070570,21465529174,5531,5450,5255,-276,-4.99,5273,-258,-4.66,5255,5450,1400-6-21,2021-09-12
362,فرآور,فرآوري‌موادمعدني‌ايران‌,614,1561167,55655512510,37400,37350,35530,-1870,-5,35650,-1750,-4.68,35530,37350,1400-6-21,2021-09-12
363,ياقوت,صندوق س ياقوت آگاه-ثابت,612,2786799,36520588988,13076,13088,13114,38,0.29,13105,29,0.22,13084,13114,1400-6-21,2021-09-12
364,دزهراوي,داروسازي‌زهراوي‌,601,3889314,27431149320,7400,7380,7030,-370,-5,7050,-350,-4.73,7030,7380,1400-6-21,2021-09-12
365,كحافظ,كاشي‌ وسراميك‌ حافظ‌,600,4973558,20635678187,4358,4200,4141,-217,-4.98,4149,-209,-4.8,4141,4300,1400-6-21,2021-09-12
366,كوثر,بيمه كوثر,598,3325700,45813519970,14313,14000,13598,-715,-5,13776,-537,-3.75,13598,14497,1400-6-21,2021-09-12
367,دامين,داروسازي‌ امين‌,596,5793541,23870490405,4312,4160,4150,-162,-3.76,4120,-192,-4.45,4097,4390,1400-6-21,2021-09-12
368,غشاذر,پگاه‌آذربايجان‌غربي‌,595,3647629,27767843590,7950,8000,7600,-350,-4.4,7610,-340,-4.28,7560,8000,1400-6-21,2021-09-12
369,وتوشه,سرمايه‌ گذاري‌ پارس‌ توشه‌,595,3883601,28565703030,7650,7850,7290,-360,-4.71,7360,-290,-3.79,7270,7850,1400-6-21,2021-09-12
370,تپمپي,پمپ‌ سازي‌ ايران‌,594,1919668,38098941190,20820,20260,19780,-1040,-5,19850,-970,-4.66,19780,20850,1400-6-21,2021-09-12
371,رانفور,خدمات‌انفورماتيك‌,592,7702194,55241167890,7540,7170,7170,-370,-4.91,7290,-250,-3.32,7170,7290,1400-6-21,2021-09-12
372,اعتلا,شركت سرمايه گذاري اعتلاء البرز,591,3618038,27792369902,8062,7882,7663,-399,-4.95,7682,-380,-4.71,7659,8050,1400-6-21,2021-09-12
373,فافزا,فولاد افزا سپاهان,591,512610,25191510541,50245,50000,49002,-1243,-2.47,49144,-1101,-2.19,48738,50700,1400-6-21,2021-09-12
374,پخش,پخش البرز,589,2353735,58038354966,25519,24850,24248,-1271,-4.98,24658,-861,-3.37,24244,25528,1400-6-21,2021-09-12
375,زمگسا,كشاورزي‌ ودامپروي‌ مگسال‌,581,1464892,43955689240,31520,31960,29950,-1570,-4.98,30010,-1510,-4.79,29950,31960,1400-6-21,2021-09-12
376,وتوسم,سرمايه‌گذاري‌توسعه‌ملي‌,580,4456077,35904453550,8340,8340,8050,-290,-3.48,8060,-280,-3.36,7930,8430,1400-6-21,2021-09-12
377,زقيام,كشت و دام قيام اصفهان,576,1694335,35990321119,22213,22699,21117,-1096,-4.93,21242,-971,-4.37,21103,22699,1400-6-21,2021-09-12
378,وخاور,بانك خاورميانه,573,4141396,25607706730,6320,6200,6250,-70,-1.11,6260,-60,-0.95,6070,6340,1400-6-21,2021-09-12
379,پرداخت,به پرداخت ملت,566,1924744,38642618140,21040,20250,19990,-1050,-4.99,20080,-960,-4.56,19990,20920,1400-6-21,2021-09-12
380,غمارگ,مارگارين‌,565,1456368,44184720810,31750,31050,30190,-1560,-4.91,30340,-1410,-4.44,30170,32200,1400-6-21,2021-09-12
381,ثرود,سرمايه‌گذاري مسكن زاينده رود,562,2230680,31560155521,14803,14620,14063,-740,-5,14148,-655,-4.42,14063,14620,1400-6-21,2021-09-12
382,قاسم,قاسم ايران,562,2634392,24964405044,9922,9880,9426,-496,-5,9476,-446,-4.5,9426,9950,1400-6-21,2021-09-12
383,كرماشا,صنايع پتروشيمي كرمانشاه,561,1125081,50988900230,46930,46400,46000,-930,-1.98,45650,-1280,-2.73,44800,46410,1400-6-21,2021-09-12
384,تكمبا,كمباين‌ سازي‌ ايران‌,561,3119647,23133467360,7770,7780,7390,-380,-4.89,7420,-350,-4.5,7390,7780,1400-6-21,2021-09-12
385,دفارا,داروسازي‌ فارابي‌,561,1159854,22635190970,20360,20000,19890,-470,-2.31,19520,-840,-4.13,19350,20400,1400-6-21,2021-09-12
386,چكاوهح,ح . صنايع‌كاغذسازي‌كاوه‌,560,6400000,64469667730,10980,12070,10000,-980,-8.93,10070,-910,-8.29,10000,12070,1400-6-21,2021-09-12
387,خشرق,الكتريك‌ خودرو شرق‌,556,2855410,45995489440,16940,16210,16100,-840,-4.96,16110,-830,-4.9,16100,16810,1400-6-21,2021-09-12
388,وثنو,سرمايه گذاري ساختماني نوين,555,5729199,30603524388,5453,5465,5429,-24,-0.44,5342,-111,-2.04,5290,5590,1400-6-21,2021-09-12
389,كمنگنز,معادن‌منگنزايران‌,553,317183,25676846650,83990,85200,81400,-2590,-3.08,80950,-3040,-3.62,79800,85200,1400-6-21,2021-09-12
390,زگلدشت,كشت و دام گلدشت نمونه اصفهان,553,1485249,19920392058,13980,14290,13281,-699,-5,13412,-568,-4.06,13281,14290,1400-6-21,2021-09-12
391,غاذر,كشت‌وصنعت‌پياذر,553,1771343,48592396410,28770,28760,27340,-1430,-4.97,27430,-1340,-4.66,27340,28760,1400-6-21,2021-09-12
392,بنو,بيمه تجارت نو,551,5614687,82140701865,14621,14301,14650,29,0.2,14630,9,0.06,14300,14735,1400-6-21,2021-09-12
393,تسه0004,امتيازتسهيلات مسكن تير1400,545,10628,6238274443,562069,560500,585000,22931,4.08,586966,24897,4.43,560500,590172,1400-6-21,2021-09-12
394,ثنور,سرمايه گذاري كوه نور,542,2159492,16511709244,7855,7900,7620,-235,-2.99,7646,-209,-2.66,7620,7900,1400-6-21,2021-09-12
395,تبرك,گروه كارخانجات صنعتي تبرك,542,1197279,17075554111,14828,14500,14087,-741,-5,14262,-566,-3.82,14087,14870,1400-6-21,2021-09-12
396,سغرب,سيمان‌غرب‌,539,1443687,33761836140,24570,24100,23350,-1220,-4.97,23390,-1180,-4.8,23350,24100,1400-6-21,2021-09-12
397,تصميم,صندوق س با درآمد ثابت تصميم,539,9706921,168428432373,17343,17353,17352,9,0.05,17351,8,0.05,17343,17358,1400-6-21,2021-09-12
398,خلنت,لنت‌ ترمزايران‌,536,296351,22960487770,80670,77820,76640,-4030,-5,77480,-3190,-3.95,76640,80700,1400-6-21,2021-09-12
399,ساراب,سيمان‌ داراب‌,532,3250765,66299816970,21440,20950,20380,-1060,-4.94,20400,-1040,-4.85,20370,21480,1400-6-21,2021-09-12
400,وآذر,سرمايه‌گذاري‌توسعه‌آذربايجان‌,531,344193,23201751290,70590,67350,67070,-3520,-4.99,67410,-3180,-4.5,67070,69700,1400-6-21,2021-09-12
401,سكرد,سيمان كردستان,531,3439279,23335952230,7130,6780,6780,-350,-4.91,6790,-340,-4.77,6780,7000,1400-6-21,2021-09-12
402,غچين,كشت‌ و صنعت‌ چين‌ چين,530,1249788,22529004700,18860,18510,17920,-940,-4.98,18030,-830,-4.4,17920,18860,1400-6-21,2021-09-12
403,كسعدي,كاشي‌ سعدي‌,530,1516138,19857381090,13740,13120,13060,-680,-4.95,13100,-640,-4.66,13060,13490,1400-6-21,2021-09-12
404,وسپه,سرمايه‌گذاري‌ سپه‌,526,3144178,28521073750,9500,9220,9050,-450,-4.74,9220,-280,-2.95,9030,9400,1400-6-21,2021-09-12
405,دتوليد,داروسازي توليد دارو,524,1976992,32307929298,17070,16970,16217,-853,-5,16342,-728,-4.26,16217,16970,1400-6-21,2021-09-12
406,واعتبار,سرمايه گذاري اعتبار ايران,519,2728909,21973652670,8440,8210,8050,-390,-4.62,8050,-390,-4.62,8020,8380,1400-6-21,2021-09-12
407,ثاباد,توريستي ورفاهي آبادگران ايران,518,633837,33309397880,55150,54990,52400,-2750,-4.99,52550,-2600,-4.71,52400,54990,1400-6-21,2021-09-12
408,پلوله,گازلوله‌,517,734837,21381619899,28461,28700,29314,853,3,29097,636,2.23,28300,29314,1400-6-21,2021-09-12
409,تايرا,تراكتورسازي‌ايران‌,511,4052595,112255615020,29120,28460,27670,-1450,-4.98,27700,-1420,-4.88,27670,29080,1400-6-21,2021-09-12
410,قيستو,شركت قند بيستون,510,5012621,97411880702,18941,19509,19509,568,3,19433,492,2.6,18401,19509,1400-6-21,2021-09-12
411,جم,پتروشيمي جم,505,1452169,69474753130,47830,48980,47820,-10,-0.02,47840,10,0.02,47000,49310,1400-6-21,2021-09-12
412,غبهار,كشت وصنعت بهاران گلبهار خراسان,505,925184,16833027486,18694,18990,18134,-560,-3,18194,-500,-2.67,18134,18990,1400-6-21,2021-09-12
413,شراز,پالايش نفت شيراز,499,616990,74722558935,127147,127100,121100,-6047,-4.76,121108,-6039,-4.75,120790,127989,1400-6-21,2021-09-12
414,غشصفا,شيرپاستوريزه‌پگاه‌اصفهان‌,494,1028685,31188112280,31410,31410,30580,-830,-2.64,30320,-1090,-3.47,29840,32290,1400-6-21,2021-09-12
415,ثنوسا,نوسازي‌وساختمان‌تهران‌,493,3606052,33527324560,9720,9600,9240,-480,-4.94,9300,-420,-4.32,9240,9600,1400-6-21,2021-09-12
416,تپولا,مهندسي مرآت پولاد,489,1468110,36349164980,24184,24630,24909,725,3,24759,575,2.38,23700,24909,1400-6-21,2021-09-12
417,داوه,داروسازي آوه سينا,485,1087808,19735902696,18934,19200,17988,-946,-5,18143,-791,-4.18,17988,19200,1400-6-21,2021-09-12
418,جم پيلن,پلي پروپيلن جم - جم پيلن,484,199907,22108550250,113390,113070,112400,-990,-0.87,112690,-700,-0.62,108000,116000,1400-6-21,2021-09-12
419,دتماد,توليدمواداوليه‌داروپخش‌,483,524052,24727073770,49070,48370,47070,-2000,-4.08,47180,-1890,-3.85,46710,49500,1400-6-21,2021-09-12
420,كطبس,ذغال‌سنگ‌ نگين‌ ط‌بس‌,483,534961,33956832220,66290,66890,63540,-2750,-4.15,63480,-2810,-4.24,62980,66890,1400-6-21,2021-09-12
421,لخزر,پارس‌ خزر,483,120213,23054181770,199960,197020,189970,-9990,-5,191780,-8180,-4.09,189970,197020,1400-6-21,2021-09-12
422,مفاخر,توسعه فناوري اطلاعات خوارزمي,482,505594,25677209456,52851,53865,50209,-2642,-5,50786,-2065,-3.91,50209,54690,1400-6-21,2021-09-12
423,دسبحان,سبحان دارو,480,777811,14940107360,19740,20290,19010,-730,-3.7,19210,-530,-2.68,18760,20290,1400-6-21,2021-09-12
424,شرانل,نفت ايرانول,478,410019,20076751322,49768,49801,49100,-668,-1.34,49357,-411,-0.83,48000,50630,1400-6-21,2021-09-12
425,دجابر,داروسازي‌ جابرابن‌حيان‌,477,3224651,48560055890,15820,15560,15040,-780,-4.93,15060,-760,-4.8,15030,16200,1400-6-21,2021-09-12
426,اتكاي,بيمه اتكايي ايرانيان,476,3274372,27533703091,8823,8421,8382,-441,-5,8409,-414,-4.69,8382,8700,1400-6-21,2021-09-12
427,كسرا,سراميك‌هاي‌صنعتي‌اردكان‌,476,1448371,29056122690,20880,20300,19840,-1040,-4.98,20060,-820,-3.93,19840,21000,1400-6-21,2021-09-12
428,دسبحا,گروه دارويي سبحان,475,2309334,40389502670,17450,17330,17920,470,2.69,17490,40,0.23,17330,18100,1400-6-21,2021-09-12
429,پلاسك,پلاسكوكار,475,2520621,18868961810,7830,7550,7440,-390,-4.98,7490,-340,-4.34,7440,7920,1400-6-21,2021-09-12
430,سفاسي,شركت فارسيت اهواز,474,2101895,13202208382,6452,6400,6259,-193,-2.99,6281,-171,-2.65,6259,6404,1400-6-21,2021-09-12
431,شيراز,پتروشيمي‌شيراز,472,1226006,95787375100,78490,78510,79010,520,0.66,78150,-340,-0.43,75080,80490,1400-6-21,2021-09-12
432,فسپا,گروه‌صنعتي‌سپاهان‌,472,5246508,129031761550,22570,24000,25200,2630,11.65,24590,2020,8.95,24000,25200,1400-6-21,2021-09-12
433,ثعمرا,عمران و توسعه شاهد,469,2666597,32954188742,12949,12900,12302,-647,-5,12358,-591,-4.56,12302,12900,1400-6-21,2021-09-12
434,ولتجار,واسپاري تجارت وسرمايه ايرانيان,468,7914970,27683653466,3436,3539,3497,61,1.78,3498,62,1.8,3400,3539,1400-6-21,2021-09-12
435,تسه0003,امتيازتسهيلات مسكن خرداد1400,468,16068,9217705968,562155,561000,590000,27845,4.95,573669,11514,2.05,550111,590262,1400-6-21,2021-09-12
436,سقاين,سيمان‌ قائن‌,466,450314,28228443790,65800,65670,62530,-3270,-4.97,62690,-3110,-4.73,62510,65670,1400-6-21,2021-09-12
437,ثمسكن,سرمايه‌گذاري‌ مسكن‌,460,6504022,34414970800,5550,5450,5280,-270,-4.86,5290,-260,-4.68,5280,5450,1400-6-21,2021-09-12
438,كاريس,صندوق س.سپهر كاريزما-س,459,3078962,43542461051,14413,14440,14320,-93,-0.65,14142,-271,-1.88,13935,14440,1400-6-21,2021-09-12
439,پسهند,صنايع‌ لاستيكي‌  سهند,458,628979,22000741260,36630,37460,34850,-1780,-4.86,34980,-1650,-4.5,34800,37460,1400-6-21,2021-09-12
440,درازك,دارويي‌ رازك‌,458,862714,36488673130,44300,42300,43300,-1000,-2.26,42300,-2000,-4.51,42090,45020,1400-6-21,2021-09-12
441,دكپسول,توليد ژلاتين كپسول ايران,454,591304,21861205180,38667,38000,36734,-1933,-5,36971,-1696,-4.39,36734,38060,1400-6-21,2021-09-12
442,قصفها,قنداصفهان‌,453,295380,35059908650,124020,126490,117820,-6200,-5,118690,-5330,-4.3,117820,126490,1400-6-21,2021-09-12
443,بسويچ,پارس‌سويچ‌,452,436758,12304435390,29310,29890,27860,-1450,-4.95,28690,-620,-2.12,27850,29890,1400-6-21,2021-09-12
444,ثجوان,تامين مسكن جوانان,451,1324079,11088472375,8468,8718,8214,-254,-3,8374,-94,-1.11,8214,8722,1400-6-21,2021-09-12
445,آكورد,صندوق س. آرمان آتي كوثر-د,450,9112114,310695427648,34079,34096,34097,18,0.05,34097,18,0.05,34096,34103,1400-6-21,2021-09-12
446,سرود,سيمان‌شاهرود,450,4112862,106606543890,27260,27800,25900,-1360,-4.99,25920,-1340,-4.92,25900,27800,1400-6-21,2021-09-12
447,كلوند,كاشي‌ الوند,448,1384868,35536315040,26960,26010,25620,-1340,-4.97,25660,-1300,-4.82,25620,26500,1400-6-21,2021-09-12
448,غشوكو,شوكو پارس,448,872336,24067852567,28316,29118,27600,-716,-2.53,27590,-726,-2.56,27467,29118,1400-6-21,2021-09-12
449,تاپكيش,تجارت الكترونيك پارسيان كيش,444,1643101,26595600703,16776,16990,15938,-838,-5,16186,-590,-3.52,15938,16990,1400-6-21,2021-09-12
450,دانا,بيمه دانا,443,2823102,18514028370,6840,6710,6500,-340,-4.97,6560,-280,-4.09,6500,6710,1400-6-21,2021-09-12
451,وبشهر,توسعه‌ صنايع‌ بهشهر(هلدينگ,439,3140142,42499127180,14140,13650,13540,-600,-4.24,13560,-580,-4.1,13440,14170,1400-6-21,2021-09-12
452,وبيمه,سرمايه‌ گذاري‌ صنعت‌ بيمه‌,438,7170595,15029071827,2191,2165,2082,-109,-4.97,2096,-95,-4.34,2082,2170,1400-6-21,2021-09-12
453,وسين,بيمه سينا,438,6969014,23801601445,3496,3500,3420,-76,-2.17,3415,-81,-2.32,3392,3568,1400-6-21,2021-09-12
454,شوينده,مديريت صنعت شوينده ت.ص.بهشهر,437,1166680,29150741410,25440,25500,25000,-440,-1.73,24990,-450,-1.77,24500,25700,1400-6-21,2021-09-12
455,حتوكا,حمل‌ونقل‌توكا,436,892653,18248095820,21420,20970,20350,-1070,-5,20440,-980,-4.58,20350,21340,1400-6-21,2021-09-12
456,ساربيل,سيمان آرتا اردبيل,429,427032,16476716000,40280,39860,38270,-2010,-4.99,38580,-1700,-4.22,38270,39860,1400-6-21,2021-09-12
457,ولبهمن,شركت بهمن ليزينگ,429,5886783,47723614859,8502,8370,8144,-358,-4.21,8107,-395,-4.65,8077,8630,1400-6-21,2021-09-12
458,داسوه,داروسازي‌ اسوه‌,426,667648,18588496900,29200,29300,27740,-1460,-5,27840,-1360,-4.66,27740,29300,1400-6-21,2021-09-12
459,بالاس,مهندسي ساختمان تاسيسات راه آهن,425,963821,38750894363,42273,41199,40160,-2113,-5,40205,-2068,-4.89,40160,41199,1400-6-21,2021-09-12
460,هجرت,پخش هجرت,424,976498,32513666613,34955,34000,34599,-356,-1.02,33296,-1659,-4.75,33208,35500,1400-6-21,2021-09-12
461,وپخش,داروپخش‌ (هلدينگ‌,423,627820,20323467590,33830,32990,32630,-1200,-3.55,33190,-640,-1.89,32140,33000,1400-6-21,2021-09-12
462,كمرجان,بازرگاني و توليدي مرجان كار,423,171633,17958475689,110140,104633,104633,-5507,-5,104633,-5507,-5,104633,104633,1400-6-21,2021-09-12
463,تابا,تابان نيرو سپاهان,423,455696,14534435723,32593,32800,31616,-977,-3,31895,-698,-2.14,31616,32898,1400-6-21,2021-09-12
464,بالبر,كابل‌ البرز,423,268740,9986231890,39010,37910,37060,-1950,-5,37680,-1330,-3.41,37060,37910,1400-6-21,2021-09-12
465,كگهر,سنگ آهن گهرزمين,421,1490617,71862539529,49078,50130,49100,22,0.04,48550,-528,-1.08,47600,50130,1400-6-21,2021-09-12
466,زفكا,كشت و دامداري فكا,417,1357421,15872390353,12257,12200,11850,-407,-3.32,11693,-564,-4.6,11645,12200,1400-6-21,2021-09-12
467,واتي,سرمايه‌ گذاري‌ آتيه‌ دماوند,414,5174274,63892304450,12970,12630,12330,-640,-4.93,12350,-620,-4.78,12330,12820,1400-6-21,2021-09-12
468,نيرو,نيرو سرمايه,412,700006,30577896990,45651,43396,43369,-2282,-5,43682,-1969,-4.31,43369,45400,1400-6-21,2021-09-12
469,دكوثر,داروسازي‌ كوثر,412,2386737,12227989620,5370,5150,5110,-260,-4.84,5160,-210,-3.91,5110,5350,1400-6-21,2021-09-12
470,قلرست,قند لرستان‌,412,780450,21362089200,28750,28620,27320,-1430,-4.97,27370,-1380,-4.8,27320,28620,1400-6-21,2021-09-12
471,زپارس,ملي كشت و صنعت و دامپروري پارس,409,324730,45333194280,145600,146890,141370,-4230,-2.91,139600,-6000,-4.12,138320,146890,1400-6-21,2021-09-12
472,سيدكو,سرمايه گذاري توسعه صنايع سيمان,408,4051030,29444450050,7460,7550,7300,-160,-2.14,7270,-190,-2.55,7100,7550,1400-6-21,2021-09-12
473,حسينا,توسعه خدمات دريايي وبندري سينا,408,555441,32239365240,60857,59300,58101,-2756,-4.53,58043,-2814,-4.62,57815,60590,1400-6-21,2021-09-12
474,تماوند,تامين سرمايه دماوند,406,8722533,60176498208,7093,7234,6883,-210,-2.96,6899,-194,-2.74,6881,7234,1400-6-21,2021-09-12
475,چافست,افست‌,404,826543,12001975030,15210,15400,14450,-760,-5,14640,-570,-3.75,14450,15400,1400-6-21,2021-09-12
476,دشيمي,شيمي‌ داروئي‌ داروپخش‌,403,801464,20874300460,27090,26110,26670,-420,-1.55,26050,-1040,-3.84,25740,27750,1400-6-21,2021-09-12
477,سفانو,سيمان فارس نو,403,759532,20095612780,27830,26560,26440,-1390,-4.99,26460,-1370,-4.92,26440,27500,1400-6-21,2021-09-12
478,كپرور,فرآوري زغال سنگ پروده طبس,402,849077,34256029833,42282,41900,40170,-2112,-5,40345,-1937,-4.58,40168,41900,1400-6-21,2021-09-12
479,مبين,مبين انرژي خليج فارس,402,2005859,43469335300,21630,22020,21900,270,1.25,21640,10,0.05,20960,22030,1400-6-21,2021-09-12
480,پرديس,سرمايه گذاري پرديس,400,2577170,14733575660,5810,5960,5780,-30,-0.52,5720,-90,-1.55,5600,5960,1400-6-21,2021-09-12
481,شگل,گلتاش‌,400,1809585,14555704350,8420,8420,8010,-410,-4.87,8040,-380,-4.51,8000,8420,1400-6-21,2021-09-12
482,شكلر,نيروكلر,398,441531,19284927950,45760,43500,43480,-2280,-4.98,43680,-2080,-4.55,43480,44930,1400-6-21,2021-09-12
483,لبوتان,گروه‌صنعتي‌بوتان‌,398,296730,19865973280,70140,72770,66640,-3500,-4.99,66950,-3190,-4.55,66640,72770,1400-6-21,2021-09-12
484,زبينا,كشاورزي و دامپروري بينالود,396,7347613,24919081330,3550,3520,3373,-177,-4.99,3391,-159,-4.48,3373,3560,1400-6-21,2021-09-12
485,فكمند,گسترش قطعه سازي كمند,396,1251708,40888102733,32030,32950,32990,960,3,32666,636,1.99,31100,32990,1400-6-21,2021-09-12
486,سپ,پرداخت الكترونيك سامان كيش,393,1120023,34894993900,31970,32400,32000,30,0.09,31510,-460,-1.44,30650,32400,1400-6-21,2021-09-12
487,اوصتا,صندوق انديشه ورزان صباتامين -د,392,17291936,342942827508,19819,19832,19833,14,0.07,19833,14,0.07,19830,19833,1400-6-21,2021-09-12
488,قشير,قند شيروان قوچان و بجنورد,391,1490140,35544640518,24899,24500,23655,-1244,-5,23853,-1046,-4.2,23655,24500,1400-6-21,2021-09-12
489,لكما,كارخانجات‌مخابراتي‌ايران‌,390,6587044,13813031268,2036,2097,2097,61,3,2097,61,3,2097,2097,1400-6-21,2021-09-12
490,غمهرا,توليدي‌مهرام‌,390,281983,18652033600,69440,66000,65970,-3470,-5,66150,-3290,-4.74,65970,68780,1400-6-21,2021-09-12
491,فراز,صندوق س.سهام فراز داريك-س,389,4379779,61787607931,14108,14114,14110,2,0.01,14107,-1,-0.01,14102,14115,1400-6-21,2021-09-12
492,ميهن,بيمه ميهن,389,4437279,17142537335,4063,3860,3860,-203,-5,3863,-200,-4.92,3860,3980,1400-6-21,2021-09-12
493,زدشت,كشت و صنعت دشت خرم دره,389,841105,18989446115,23653,22710,22471,-1182,-5,22577,-1076,-4.55,22471,23180,1400-6-21,2021-09-12
494,حخزر,كشتيراني درياي خزر,388,1488916,33238617005,23437,22600,22450,-987,-4.21,22324,-1113,-4.75,22266,23790,1400-6-21,2021-09-12
495,كفپارس,فرآورده‌هاي‌ نسوز پارس‌,387,2726032,12399153222,4766,4560,4528,-238,-4.99,4575,-191,-4.01,4528,4676,1400-6-21,2021-09-12
496,غپاك,لبنيات‌ پاك‌,386,1732519,33202255680,20070,19470,19070,-1000,-4.98,19160,-910,-4.53,19070,19470,1400-6-21,2021-09-12
497,اپرداز,آتيه داده پرداز,386,931085,19500650028,21963,21823,20865,-1098,-5,20944,-1019,-4.64,20865,22300,1400-6-21,2021-09-12
498,دحاوي,الحاوي,384,4427618,36198838157,8424,8200,8172,-252,-2.99,8176,-248,-2.94,8172,8380,1400-6-21,2021-09-12
499,وسديد,گروه ‌صنعتي‌سديد,383,13594798,21466186042,1501,1579,1579,78,5.2,1579,78,5.2,1579,1579,1400-6-21,2021-09-12
500,خكرمان,گروه اقتصادي كرمان خودرو,382,3012644,11523383617,3933,3850,3816,-117,-2.97,3825,-108,-2.75,3816,3960,1400-6-21,2021-09-12
501,دالبر,البرزدارو,382,2067461,31541682640,15280,14630,15390,110,0.72,15260,-20,-0.13,14630,15500,1400-6-21,2021-09-12
502,سشمال,سيمان‌ شمال‌,379,2619886,27447622480,10890,10650,10370,-520,-4.78,10480,-410,-3.76,10350,11000,1400-6-21,2021-09-12
503,كفرا,فراورده‌ هاي‌ نسوزايران‌,378,607082,15833414170,26970,26760,26200,-770,-2.86,26080,-890,-3.3,25630,27800,1400-6-21,2021-09-12
504,فنوال,نورد آلومينيوم‌,378,699781,23551917230,35210,35450,33450,-1760,-5,33660,-1550,-4.4,33450,35450,1400-6-21,2021-09-12
505,شستان,پتروشيمي گلستان,375,4358938,15518836728,3502,3515,3572,70,2,3560,58,1.66,3502,3572,1400-6-21,2021-09-12
506,قشكر,شكرشاهرود,374,4868394,20697219937,4450,4449,4228,-222,-4.99,4251,-199,-4.47,4228,4449,1400-6-21,2021-09-12
507,لوتوس,تامين سرمايه لوتوس پارسيان,374,5019640,45936785560,9390,9200,9200,-190,-2.02,9150,-240,-2.56,9000,9520,1400-6-21,2021-09-12
508,اميد,تامين سرمايه اميد,372,1938132,13911013890,7540,7170,7170,-370,-4.91,7360,-180,-2.39,7170,7500,1400-6-21,2021-09-12
509,ولانا,شركت ليزينگ آريا دانا,371,743501,17557112463,24310,24310,23711,-599,-2.46,23614,-696,-2.86,23581,24310,1400-6-21,2021-09-12
510,غپونه,نوش پونه مشهد,369,715227,11639698751,16418,16800,16265,-153,-0.93,16274,-144,-0.88,15926,16910,1400-6-21,2021-09-12
511,كترام,توليدي‌ كاشي‌ تكسرام‌,369,669908,21017801250,32900,31380,31260,-1640,-4.98,31370,-1530,-4.65,31260,32640,1400-6-21,2021-09-12
512,وارس,سرمايه گذاري ارس صبا,366,1660182,21197400735,13137,13420,12850,-287,-2.18,12768,-369,-2.81,12743,13420,1400-6-21,2021-09-12
513,فلامي,لاميران‌,365,799867,20373567800,26760,25700,25430,-1330,-4.97,25470,-1290,-4.82,25430,26500,1400-6-21,2021-09-12
514,وتعاون,بيمه  تعاون,363,3562478,8583612386,2441,2514,2368,-73,-2.99,2414,-27,-1.11,2368,2514,1400-6-21,2021-09-12
515,پكرمان,گروه‌ صنعتي‌ بارز,360,544315,14711097610,28280,27200,27210,-1070,-3.78,27610,-670,-2.37,26880,28700,1400-6-21,2021-09-12
516,سهرمز,سيمان‌هرمزگان‌,354,2078207,39537517570,20020,19050,19020,-1000,-5,19020,-1000,-5,19020,19980,1400-6-21,2021-09-12
517,ولغدر,ليزينگ‌خودروغدير,350,1487511,24749629790,17470,16630,16600,-870,-4.98,16640,-830,-4.75,16600,17120,1400-6-21,2021-09-12
518,دفاراح,ح . داروسازي‌ فارابي‌,349,1056541,15927830400,15520,15400,15220,-300,-1.93,15080,-440,-2.84,14620,15400,1400-6-21,2021-09-12
519,ثامان,سامان‌ گستراصفهان‌,346,882217,12619914660,15000,14950,14250,-750,-5,14390,-610,-4.07,14250,14950,1400-6-21,2021-09-12
520,فيروزه,صندوق شاخص30 شركت فيروزه- سهام,344,126505,22665352760,183490,182110,178510,-4980,-2.71,179170,-4320,-2.35,175000,183000,1400-6-21,2021-09-12
521,وصنا,گروه‌صنايع‌بهشهرايران‌,344,4097599,31765266600,8140,8000,7740,-400,-4.91,7750,-390,-4.79,7740,8000,1400-6-21,2021-09-12
522,بساما,بيمه سامان,343,739738,17639864126,24682,23999,23555,-1127,-4.57,23930,-752,-3.05,23552,24184,1400-6-21,2021-09-12
523,ركيش,كارت اعتباري ايران كيش,342,1841024,13587563180,7710,7800,7640,-70,-0.91,7470,-240,-3.11,7330,7800,1400-6-21,2021-09-12
524,قچار,فراوردههاي غذايي وقند چهارمحال,341,1524679,23515806187,15896,15800,15102,-794,-4.99,15423,-473,-2.98,15102,15895,1400-6-21,2021-09-12
525,گنگين,اقتصادي نگين گردشگري ايرانيان,341,2928703,72780664109,25512,24760,24747,-765,-3,24851,-661,-2.59,24747,25983,1400-6-21,2021-09-12
526,شپاس,نفت پاسارگاد,340,559569,11744633419,21621,21890,21010,-611,-2.83,21252,-369,-1.71,20540,21890,1400-6-21,2021-09-12
527,دابور,داروسازي‌ ابوريحان‌,338,642353,17339843670,28260,27140,27340,-920,-3.26,26990,-1270,-4.49,26850,27880,1400-6-21,2021-09-12
528,سپر,صندوق س سپر سرمايه بيدار- ثابت,337,4128874,52548141206,12720,12726,12728,8,0.06,12727,7,0.06,12726,12728,1400-6-21,2021-09-12
529,دپارس,پارس‌ دارو,336,466817,18002999810,40310,40090,38900,-1410,-3.5,38570,-1740,-4.32,38300,40090,1400-6-21,2021-09-12
530,سكه0012پ01,تمام سكه طرح جديد0012رفاه,334,94500,113171029600,1210725,1204900,1201500,-9225,-0.76,1197577,-13148,-1.09,1190020,1204900,1400-6-21,2021-09-12
531,زكشت,كشاورزي مكانيزه اصفهان كشت,333,521119,14211400029,28631,27652,27200,-1431,-5,27271,-1360,-4.75,27200,28000,1400-6-21,2021-09-12
532,آ س پ,آ.س.پ,332,996509,11151707136,11741,11400,11154,-587,-5,11320,-421,-3.59,11154,11490,1400-6-21,2021-09-12
533,وآفري,بيمه كارآفرين,327,4598949,14893677428,3228,3229,3250,22,0.68,3238,10,0.31,3227,3309,1400-6-21,2021-09-12
534,رتكو,كنترل‌خوردگي‌تكين‌كو,325,1512171,18561792780,12900,12260,12260,-640,-4.96,12270,-630,-4.88,12260,13000,1400-6-21,2021-09-12
535,كخاك,صنايع‌خاك‌چيني‌ايران‌,324,481725,16549350280,35340,36510,34050,-1290,-3.65,34550,-790,-2.24,33640,36510,1400-6-21,2021-09-12
536,فخاس,فولاد خراسان,316,919797,27194576960,31080,29620,29800,-1280,-4.12,30650,-430,-1.38,29530,30910,1400-6-21,2021-09-12
537,تسه9908,امتياز تسهيلات مسكن آبان99,316,7878,4613726788,562572,570000,590700,28128,5,585647,23075,4.1,556220,590700,1400-6-21,2021-09-12
538,خديزل,بهمن  ديزل,316,429705,23281064880,56579,57380,54799,-1780,-3.15,54179,-2400,-4.24,53751,57500,1400-6-21,2021-09-12
539,خموتور,موتورسازان‌تراكتورسازي‌ايران‌,316,1219577,13237664710,11330,11150,10770,-560,-4.94,10880,-450,-3.97,10770,11300,1400-6-21,2021-09-12
540,خراسان,پتروشيمي خراسان,315,172480,14269929580,83440,83440,83000,-440,-0.53,83270,-170,-0.2,82200,84390,1400-6-21,2021-09-12
541,شكبير,پتروشيمي اميركبير,314,323734,30431339188,96709,96990,94001,-2708,-2.8,95861,-848,-0.88,93808,96990,1400-6-21,2021-09-12
542,سكرما,سيمان‌ كرمان‌,312,1561781,28589098580,18640,18000,18380,-260,-1.39,18310,-330,-1.77,17970,18690,1400-6-21,2021-09-12
543,غبهنوش,بهنوش‌ ايران‌,311,374509,28533840710,80200,76190,76190,-4010,-5,76190,-4010,-5,76190,76190,1400-6-21,2021-09-12
544,ويسا,سرمايه گذاري ايساتيس پويا,308,1954014,10203861108,4974,5222,5222,248,4.99,5212,238,4.78,5222,5222,1400-6-21,2021-09-12
545,غشهد,شهد ايران ‌,304,3408480,20234049980,6240,5960,5930,-310,-4.97,5940,-300,-4.81,5930,6120,1400-6-21,2021-09-12
546,كميناح,ح . شيشه سازي مينا,301,2258791,21106022060,9554,9308,9500,-54,-0.57,9344,-210,-2.2,9268,9740,1400-6-21,2021-09-12
547,كقزوي,شيشه‌ قزوين‌,299,2721753,20536581862,7754,7531,7570,-184,-2.37,7545,-209,-2.7,7522,7749,1400-6-21,2021-09-12
548,كفرآور,فرآورده هاي سيمان شرق,297,1217235,23102590799,19544,19980,18958,-586,-3,18980,-564,-2.89,18958,19980,1400-6-21,2021-09-12
549,قشرين,قند شيرين خراسان,295,1173193,20121150007,17672,17760,17142,-530,-3,17151,-521,-2.95,17142,17760,1400-6-21,2021-09-12
550,سمايه,بانك سرمايه,288,3557971,18113373836,5246,5288,5089,-157,-2.99,5091,-155,-2.95,5089,5288,1400-6-21,2021-09-12
551,فلات,گروه صنايع معادن فلات ايرانيان,286,2185194,29555777599,13932,13800,13529,-403,-2.89,13525,-407,-2.92,13515,13901,1400-6-21,2021-09-12
552,جوين,كشت و صنعت جوين,286,3198354,11801340981,3799,3760,3686,-113,-2.97,3690,-109,-2.87,3686,3760,1400-6-21,2021-09-12
553,شساخت,مهندسي و ساختمان صنايع نفت,285,760946,33113449948,44694,43355,43934,-760,-1.7,43805,-889,-1.99,43354,46000,1400-6-21,2021-09-12
554,واحصا,احياء صنايع خراسان,284,650542,28297119554,44241,44400,43371,-870,-1.97,43498,-743,-1.68,42914,44999,1400-6-21,2021-09-12
555,ميدكوح,ح.توسعه م وص.معدني خاورميانه,283,397407,17764623630,44880,44060,45700,820,1.83,44700,-180,-0.4,44060,45750,1400-6-21,2021-09-12
556,شفا,سرمايه گذاري شفادارو,282,357085,15402078870,45330,45450,43100,-2230,-4.92,43670,-1660,-3.66,43070,45450,1400-6-21,2021-09-12
557,چفيبر,فيبر ايران‌,281,1034186,8462214040,8570,8350,8150,-420,-4.9,8340,-230,-2.68,8150,8350,1400-6-21,2021-09-12
558,سدشت,صنايع سيمان دشتستان,279,170482,8755366790,54050,51350,51350,-2700,-5,53080,-970,-1.79,51350,53260,1400-6-21,2021-09-12
559,وكادو,تكادو,278,1489963,32607679754,22496,22500,21822,-674,-3,21885,-611,-2.72,21822,22820,1400-6-21,2021-09-12
560,سخزر,سيمان‌ خزر,274,869889,24758004790,29360,28200,27900,-1460,-4.97,28460,-900,-3.07,27900,30000,1400-6-21,2021-09-12
561,سپاس,صندوق س. پاداش سهامداري-ثابت,274,5165672,51833064202,10028,10035,10036,8,0.08,10034,6,0.06,10032,10036,1400-6-21,2021-09-12
562,زشريف,كشت وصنعت شريف آباد,273,1433998,7405838363,5402,5320,5132,-270,-5,5275,-127,-2.35,5132,5402,1400-6-21,2021-09-12
563,سبجنو,سيمان‌ بجنورد,272,550293,22930895010,43540,45400,42970,-570,-1.31,41670,-1870,-4.29,41370,45400,1400-6-21,2021-09-12
564,گوهران,سرمايه گذاري توسعه گوهران اميد,270,1283479,6944797229,5493,5560,5380,-113,-2.06,5455,-38,-0.69,5327,5600,1400-6-21,2021-09-12
565,ختور,رادياتور ايران‌,270,899855,21830482300,25530,24260,24260,-1270,-4.97,24260,-1270,-4.97,24260,24260,1400-6-21,2021-09-12
566,سهگمت,سيمان‌هگمتان‌,266,876801,22125633240,26240,25200,25670,-570,-2.17,25230,-1010,-3.85,24950,25790,1400-6-21,2021-09-12
567,عيار,صندوق سكه طلاي مفيد,262,489946,14879083215,30626,30620,30400,-226,-0.74,30369,-257,-0.84,30110,30620,1400-6-21,2021-09-12
568,قنقش,قند نقش جهان,261,315974,22441522989,69753,71148,71148,1395,2,71023,1270,1.82,68375,71148,1400-6-21,2021-09-12
569,افرا,افرانت,260,286857,8527326746,31213,29690,29653,-1560,-5,30302,-911,-2.92,29653,30600,1400-6-21,2021-09-12
570,دكيمي,كيميدارو,257,275200,6622783080,24810,23910,24290,-520,-2.1,24470,-340,-1.37,23580,25480,1400-6-21,2021-09-12
571,خاتم,صندوق س خاتم ايساتيس پويا-ثابت,255,4278917,51298864955,11983,11989,11992,9,0.08,11989,6,0.05,11988,11994,1400-6-21,2021-09-12
572,ثتوسا,س.توسعه و عمران استان اردبيل,252,427212,12025038010,29015,28145,28145,-870,-3,28148,-867,-2.99,28145,28435,1400-6-21,2021-09-12
573,تسه9912,امتياز تسهيلات مسكن اسفند99,251,6158,3627204309,563905,590000,585100,21195,3.76,589023,25118,4.45,564245,592100,1400-6-21,2021-09-12
574,تسه9911,امتياز تسهيلات مسكن بهمن99,251,5202,3099996749,574214,580000,600000,25786,4.49,595924,21710,3.78,562299,602924,1400-6-21,2021-09-12
575,ولملت,واسپاري ملت,249,2915316,19607982610,7070,6900,6720,-350,-4.95,6730,-340,-4.81,6720,6900,1400-6-21,2021-09-12
576,مارون,پتروشيمي مارون,248,119381,22414722822,186890,191000,186152,-738,-0.39,187083,193,0.1,183510,191000,1400-6-21,2021-09-12
577,وايرا,سرمايه گذاري صنايع ايران,244,1678282,12061889715,7369,7185,7148,-221,-3,7187,-182,-2.47,7148,7500,1400-6-21,2021-09-12
578,ختراك,ريخته‌گري‌ تراكتورسازي‌ ايران‌,244,854896,10903548370,13330,12740,12670,-660,-4.95,12880,-450,-3.38,12670,13160,1400-6-21,2021-09-12
579,ما,بيمه  ما,242,1098763,9011201580,8520,8640,8220,-300,-3.52,8310,-210,-2.46,8110,8640,1400-6-21,2021-09-12
580,غپآذر,شير پگاه آذربايجان شرقي,239,273919,12336581008,47181,44822,44950,-2231,-4.73,45334,-1847,-3.91,44822,46350,1400-6-21,2021-09-12
581,بشهاب,لامپ‌  پارس‌ شهاب‌,239,165590,23363030340,147500,148790,140130,-7370,-5,141090,-6410,-4.35,140130,148790,1400-6-21,2021-09-12
582,آساميد,صندوق س.مشترك آسمان اميد -د,234,4444604,57581012078,12948,12956,12956,8,0.06,12955,7,0.05,12950,12956,1400-6-21,2021-09-12
583,سحرخيز,صندوق س. گروه زعفران سحرخيز,232,421515,4148371286,9626,9700,9895,269,2.79,9842,216,2.24,9670,9895,1400-6-21,2021-09-12
584,خرينگ,رينگ‌سازي‌مشهد,231,300966,12926489700,45210,42950,42950,-2260,-5,43090,-2120,-4.69,42950,42950,1400-6-21,2021-09-12
585,كي بي سي,شركت كي بي سي,230,442145,10897910611,25763,25669,24523,-1240,-4.81,24915,-848,-3.29,24475,25669,1400-6-21,2021-09-12
586,وبهمن,سرمايه‌گذاري‌بهمن‌,227,478760,8108156250,17740,17790,17190,-550,-3.1,17390,-350,-1.97,16860,17790,1400-6-21,2021-09-12
587,وثخوز,سرمايه گذاري و توسعه خوزستان,226,156815,7069041278,47333,45567,44967,-2366,-5,45599,-1734,-3.66,44967,45567,1400-6-21,2021-09-12
588,تسه9910,امتياز تسهيلات مسكن دي99,226,4301,2566674397,571438,580000,590000,18562,3.25,596762,25324,4.43,565533,600009,1400-6-21,2021-09-12
589,خچرخش,چرخشگر,225,1325976,15680216760,12430,12250,11810,-620,-4.99,11830,-600,-4.83,11810,12250,1400-6-21,2021-09-12
590,حپارسا,توسعه حمل و نقل ريلي پارسيان,225,452129,17506934469,40708,40708,38673,-2035,-5,38721,-1987,-4.88,38673,40708,1400-6-21,2021-09-12
591,بميلا,توسعه بازرگاني آهن وفولادميلاد,221,623000,7779609467,12830,12600,12446,-384,-2.99,12556,-274,-2.14,12446,12900,1400-6-21,2021-09-12
592,قمرو,قند مرودشت‌,219,552680,16853337130,32090,30490,30490,-1600,-4.99,30490,-1600,-4.99,30490,31810,1400-6-21,2021-09-12
593,فردا,صندوق س آواي فرداي زاگرس-ثابت,218,7892453,90030105406,11401,11407,11408,7,0.06,11407,6,0.05,11407,11409,1400-6-21,2021-09-12
594,شسينا,صنايع‌شيميايي‌سينا,215,172629,15310466010,84470,88690,88690,4220,5,88450,3980,4.71,88690,88690,1400-6-21,2021-09-12
595,آساس,صندوق س.آسمان آرماني سهام-س,211,89552,16691379163,192922,193000,186650,-6272,-3.25,186388,-6534,-3.39,185120,193000,1400-6-21,2021-09-12
596,لسرما,سرما آفرين‌,211,400420,9657140130,25310,24980,24050,-1260,-4.98,24470,-840,-3.32,24050,24980,1400-6-21,2021-09-12
597,ضسپا8044,اختيارخ خساپا-2500-1400/08/26,206,12405,1301892000,143,126,102,-41,-28.67,105,-38,-26.57,93,126,1400-6-21,2021-09-12
598,ركيشح,ح. كارت اعتباري ايران كيش,205,872842,4457235260,5390,5180,5190,-200,-3.71,5110,-280,-5.19,4910,5460,1400-6-21,2021-09-12
599,پارتا,مجتمع‌صنعتي‌آرتاويل‌تاير,205,703357,19225177582,28163,27420,27319,-844,-3,27501,-662,-2.35,27319,27420,1400-6-21,2021-09-12
600,سپاها,سيمان‌سپاهان‌,203,2604769,26204066140,10580,10060,10060,-520,-4.91,10060,-520,-4.91,10060,10070,1400-6-21,2021-09-12
601,كيان2,صندوق س. با درآمد ثابت كيان,201,20100000,20100000,30472,1,1,-30471,-100,1,-30471,-100,1,1,1400-6-21,2021-09-12
602,شزنگ,تجهيزنيروي‌زنگان‌,200,65744,7950356176,124669,120929,120929,-3740,-3,121452,-3217,-2.58,120929,120929,1400-6-21,2021-09-12
603,دفرا,فرآورده‌هاي‌ تزريقي‌ ايران‌,200,374983,11825943660,33120,32200,31980,-1140,-3.44,31800,-1320,-3.99,31470,32560,1400-6-21,2021-09-12
604,فسا,پتروشيمي فسا,198,3888761,5551558631,1466,1487,1423,-43,-2.93,1444,-22,-1.5,1423,1487,1400-6-21,2021-09-12
605,اخزا910,اسنادخزانه-م10بودجه99-020807,198,354151,231640073655,655105,655105,653500,-1605,-0.24,654071,-1034,-0.16,653200,655105,1400-6-21,2021-09-12
606,زر,صندوق س.پشتوانه سكه طلاي زر,196,99290,5190513753,53182,52200,52650,-532,-1,52276,-906,-1.7,52020,52835,1400-6-21,2021-09-12
607,تسه9810,امتياز تسهيلات مسكن دي98,196,5123,3052259391,580477,575555,588000,7523,1.3,595795,15318,2.64,574001,609000,1400-6-21,2021-09-12
608,ضخود1052,اختيارخ خودرو-2000-1400/10/08,193,7368,3458152000,607,511,450,-157,-25.86,469,-138,-22.73,450,520,1400-6-21,2021-09-12
609,كاسپين,داروسازي كاسپين تامين,192,375300,7981197396,22253,22253,21440,-813,-3.65,21695,-558,-2.51,21141,22253,1400-6-21,2021-09-12
610,تسه9909,امتياز تسهيلات مسكن آذر99,191,3802,2239568211,562404,570000,590500,28096,5,589050,26646,4.74,563909,590524,1400-6-21,2021-09-12
611,قپيرا,فرآورده‌هاي‌غدايي‌وقندپيرانشهر,191,601607,5146355410,8970,8970,8570,-400,-4.46,8820,-150,-1.67,8530,8970,1400-6-21,2021-09-12
612,خكاوه,سايپا ديزل,188,1632828,6894314275,4343,4213,4213,-130,-2.99,4255,-88,-2.03,4213,4338,1400-6-21,2021-09-12
613,غويتا,ويتانا,188,1588671,13567250340,9129,8540,8540,-589,-6.45,8560,-569,-6.23,8540,8540,1400-6-21,2021-09-12
614,دشيري,شيرين دارو,186,67577,12683484059,192992,191720,187203,-5789,-3,187689,-5303,-2.75,187203,196307,1400-6-21,2021-09-12
615,زنگان,صنعت روي زنگان,182,178299,13036331385,76963,73115,73115,-3848,-5,73281,-3682,-4.78,73115,73115,1400-6-21,2021-09-12
616,ولتجارح,ح.واسپا تجارت وسرمايه ايرانيان,181,3042951,5927079576,1982,1983,1923,-59,-2.98,1948,-34,-1.72,1923,2020,1400-6-21,2021-09-12
617,دسينا,داروسازي‌ سينا,180,575905,12587215180,22820,23000,21900,-920,-4.03,21980,-840,-3.68,21680,23000,1400-6-21,2021-09-12
618,اتكام,بيمه اتكايي امين,178,2193251,9580665609,4578,4560,4350,-228,-4.98,4444,-134,-2.93,4350,4560,1400-6-21,2021-09-12
619,قشهد,شهد,177,423577,7762657150,19230,18380,18270,-960,-4.99,18720,-510,-2.65,18270,18990,1400-6-21,2021-09-12
620,سمتاز,سيمان ممتازان كرمان,176,516599,11945996563,23835,23120,23120,-715,-3,23124,-711,-2.98,23120,23590,1400-6-21,2021-09-12
621,ضخود7073,اختيارخ خودرو-1600-1400/07/07,173,6868,3461944000,601,500,506,-95,-15.81,504,-97,-16.14,470,520,1400-6-21,2021-09-12
622,تسه9808,امتياز تسهيلات مسكن آبان98,171,3401,2005631272,571580,572010,582000,10420,1.82,589718,18138,3.17,570600,600159,1400-6-21,2021-09-12
623,ضملت8042,اختيارخ وبملت-3934-1400/08/19,170,6742,3047835000,574,510,432,-142,-24.74,452,-122,-21.25,430,539,1400-6-21,2021-09-12
624,زرين,صندوق س. سهام زرين كوروش-س,165,729910,9732645000,13709,13550,13370,-339,-2.47,13334,-375,-2.74,13200,13700,1400-6-21,2021-09-12
625,وآتوس,س.آرين توسكا قيمت اسمي 350ريال,160,264726,7646784142,29744,29800,28854,-890,-2.99,28987,-757,-2.55,28852,29800,1400-6-21,2021-09-12
626,قزوين,كارخانجات‌ قند قزوين‌,160,156520,5661672550,38050,38040,36420,-1630,-4.28,37290,-760,-2,36150,38040,1400-6-21,2021-09-12
627,تسه9902,امتياز تسهيلات مسكن ارديبهشت99,157,1553,899159221,559652,555000,587634,27982,5,578982,19330,3.45,555000,587634,1400-6-21,2021-09-12
628,سباقر,سيمان باقران,157,983988,16941451248,17744,17300,17212,-532,-3,17217,-527,-2.97,17212,17490,1400-6-21,2021-09-12
629,لخانه,لوازم‌ خانگي‌ پارس‌,153,219051,5042903561,23696,22990,22986,-710,-3,23335,-361,-1.52,22986,23788,1400-6-21,2021-09-12
630,وپخشح,ح . داروپخش‌ (هلدينگ‌,152,346577,10201656760,30270,29300,29920,-350,-1.16,29440,-830,-2.74,28550,30000,1400-6-21,2021-09-12
631,شاملا,معدني‌ املاح‌  ايران‌,152,135389,5377814910,40950,41440,39540,-1410,-3.44,40490,-460,-1.12,39200,41440,1400-6-21,2021-09-12
632,تسه9907,امتياز تسهيلات مسكن مهر99,149,1646,972704277,577794,569999,590000,12206,2.11,590950,13156,2.28,556885,606683,1400-6-21,2021-09-12
633,تكنو,تكنوتار,147,496606,7846878120,16630,15800,15800,-830,-4.99,16160,-470,-2.83,15800,15910,1400-6-21,2021-09-12
634,ثفارس,عمران‌وتوسعه‌فارس‌,145,753419,8091720060,11300,10740,10740,-560,-4.96,10970,-330,-2.92,10740,10740,1400-6-21,2021-09-12
635,شرنگي,شيميايي رنگين,145,85969,19177276768,216575,223072,223072,6497,3,223072,6497,3,223072,223072,1400-6-21,2021-09-12
636,ضملت8043,اختيارخ وبملت-4434-1400/08/19,145,6032,1599289000,333,320,270,-63,-18.92,265,-68,-20.42,230,320,1400-6-21,2021-09-12
637,سجام,مجتمع سيمان غرب آسيا,143,2970080,13885890437,4811,4811,4667,-144,-2.99,4675,-136,-2.83,4667,4926,1400-6-21,2021-09-12
638,اخزا903,اسنادخزانه-م3بودجه99-011110,143,430422,327746551465,761439,761439,761500,61,0.01,761454,15,0,761000,761990,1400-6-21,2021-09-12
639,نهال,صندوق س. طلاي سرخ نوويرا,142,184516,1777288295,9534,9550,9720,186,1.95,9632,98,1.03,9502,9877,1400-6-21,2021-09-12
640,وبازار,صندوق س شاخصي بازارآشنا,142,1018351,12836274450,13280,13100,12510,-770,-5.8,12600,-680,-5.12,12250,13100,1400-6-21,2021-09-12
641,نتوس,پشم‌ بافي‌ توس,142,257774,3582236886,14297,13950,13869,-428,-2.99,14152,-145,-1.01,13869,14300,1400-6-21,2021-09-12
642,ارمغان,ص سرمايه گذاري ارمغان ايرانيان,141,1050960,10542603573,10026,10039,10033,7,0.07,10031,5,0.05,10026,10041,1400-6-21,2021-09-12
643,فمراد,آلومراد,141,514816,11125173760,20590,21610,21610,1020,4.95,21290,700,3.4,21610,21610,1400-6-21,2021-09-12
644,گپارس,امور رفاهي كارگزاران پارس,140,167401,21704074813,131319,127380,127380,-3939,-3,129653,-1666,-1.27,127380,133700,1400-6-21,2021-09-12
645,وجامي,سرمايه گذاري جامي,136,414875,4676981743,11619,11271,11271,-348,-3,11448,-171,-1.47,11271,11500,1400-6-21,2021-09-12
646,وسرمد,بيمه  سرمد,135,1646684,7852736292,4913,4766,4766,-147,-2.99,4795,-118,-2.4,4766,4860,1400-6-21,2021-09-12
647,ثزاگرس,سرمايه گذاري توسعه عمران زاگرس,134,151630,6411885230,44446,42800,42224,-2222,-5,42941,-1505,-3.39,42224,42910,1400-6-21,2021-09-12
648,تماوندح,ح . تامين سرمايه دماوند,130,25000859,157506784650,6227,6550,6300,73,1.17,6300,73,1.17,6300,6550,1400-6-21,2021-09-12
649,گوهر,صندوق سكه طلاي كيان,129,60491,3616439632,60205,59800,59977,-228,-0.38,59785,-420,-0.7,59700,60499,1400-6-21,2021-09-12
650,بخاور,بيمه زندگي خاورميانه,129,1526704,9333343847,6377,6180,6059,-318,-4.99,6203,-174,-2.73,6059,6300,1400-6-21,2021-09-12
651,داريك,صندوق س.اعتماد داريك-د,128,3642913,41723177970,11445,11453,11455,10,0.09,11453,8,0.07,11453,11455,1400-6-21,2021-09-12
652,وامين,س. امين توان آفرين ساز,127,512390,6521755305,12934,12934,12675,-259,-2,12908,-26,-0.2,12570,12934,1400-6-21,2021-09-12
653,تسه9811,امتياز تسهيلات مسكن بهمن98,126,950,559756899,571765,561100,588000,16235,2.84,589218,17453,3.05,561100,600353,1400-6-21,2021-09-12
654,دابورح,ح . داروسازي‌ ابوريحان‌,125,186967,4468515200,24870,24000,23770,-1100,-4.42,23900,-970,-3.9,23550,25090,1400-6-21,2021-09-12
655,وزمين,بانك ايران زمين,124,1934803,24249373413,13012,12810,12492,-520,-4,12533,-479,-3.68,12492,12990,1400-6-21,2021-09-12
656,تسه9906,امتياز تسهيلات مسكن شهريور99,121,2331,1371230882,562820,551002,590000,27180,4.83,588259,25439,4.52,551002,590961,1400-6-21,2021-09-12
657,ضخود7074,اختيارخ خودرو-1800-1400/07/07,120,4308,1474572000,443,320,330,-113,-25.51,342,-101,-22.8,300,465,1400-6-21,2021-09-12
658,ورازي,بيمه رازي,119,2970388,5524921680,1957,1860,1860,-97,-4.96,1919,-38,-1.94,1860,1860,1400-6-21,2021-09-12
659,ضسپا8043,اختيارخ خساپا-2000-1400/08/26,119,4693,1078912000,295,281,250,-45,-15.25,230,-65,-22.03,212,281,1400-6-21,2021-09-12
660,ضپال2007,اختيارخ اپال-32000-1401/02/12,119,2564,3276274000,1348,1380,1330,-18,-1.34,1278,-70,-5.19,1200,1380,1400-6-21,2021-09-12
661,ساروج,بين المللي ساروج بوشهر,118,2599346,47625000431,18845,18830,18600,-245,-1.3,18322,-523,-2.78,18280,18845,1400-6-21,2021-09-12
662,اخزا902,اسنادخزانه-م2بودجه99-011019,118,362245,278874914105,770781,769800,769850,-931,-0.12,769852,-929,-0.12,769103,770781,1400-6-21,2021-09-12
663,تسه9904,امتياز تسهيلات مسكن تير99,113,927,539067389,561353,560000,575000,13647,2.43,581518,20165,3.59,560000,589420,1400-6-21,2021-09-12
664,تسه9807,امتياز تسهيلات مسكن مهر98,112,1517,894768418,573625,577498,581120,7495,1.31,589828,16203,2.82,567000,602306,1400-6-21,2021-09-12
665,خبازرس,بازرسي مهندسي و صنعتي ايران,110,264195,7578169380,29571,28684,28684,-887,-3,28859,-712,-2.41,28684,28684,1400-6-21,2021-09-12
666,شصفها,پتروشيمي‌ اصفهان‌,109,367555,56150500092,155831,154185,152715,-3116,-2,152768,-3063,-1.97,152715,155743,1400-6-21,2021-09-12
667,چكاوه,صنايع‌كاغذسازي‌كاوه‌,106,550267,8270513010,15820,15030,15030,-790,-4.99,15340,-480,-3.03,15030,15030,1400-6-21,2021-09-12
668,تسه9809,امتياز تسهيلات مسكن آذر98,105,1149,685536501,580395,571572,583000,2605,0.45,596637,16242,2.8,571572,609000,1400-6-21,2021-09-12
669,فاهواز,نورد و لوله اهواز,104,2174366,13842013956,6495,6366,6366,-129,-1.99,6371,-124,-1.91,6366,6366,1400-6-21,2021-09-12
670,حشكوه,دليجان طلايي شكوه پارس,103,256706,915670302,3677,3567,3567,-110,-2.99,3666,-11,-0.3,3567,3567,1400-6-21,2021-09-12
671,تسه9812,امتياز تسهيلات مسكن اسفند98,102,897,521029480,560237,543000,563000,2763,0.49,580858,20621,3.68,543000,588248,1400-6-21,2021-09-12
672,افق ملت,صندوق س در سهام افق ملت,101,44056,6845820740,158460,159980,155030,-3430,-2.16,155390,-3070,-1.94,154000,159980,1400-6-21,2021-09-12
673,سنوين,سرمايه گذاري اقتصاد نوين,100,357070,2701735004,7758,7541,7700,-58,-0.75,7705,-53,-0.68,7526,7750,1400-6-21,2021-09-12
674,اخزا901,اسنادخزانه-م1بودجه99-010621,98,82518,67773436527,821473,821473,821100,-373,-0.05,821317,-156,-0.02,821001,821933,1400-6-21,2021-09-12
675,زعف0008پ05,زعفران0008نگين زرين(پ),97,135434,19032646181,141565,144978,138800,-2765,-1.95,140531,-1034,-0.73,137700,144978,1400-6-21,2021-09-12
676,سلار,شركت سيمان لارستان,95,92412,2975720815,33194,32202,32199,-995,-3,32881,-313,-0.94,32199,32205,1400-6-21,2021-09-12
677,تسه9901,امتياز تسهيلات مسكن فروردين99,95,1070,625932054,561121,580000,565167,4046,0.72,584983,23862,4.25,550000,589177,1400-6-21,2021-09-12
678,تسه9905,امتياز تسهيلات مسكن مرداد99,94,1070,626528154,566827,560000,590000,23173,4.09,585540,18713,3.3,550001,595168,1400-6-21,2021-09-12
679,دارا,صندوق س. دارا الگوريتم-د,91,1475119,14789121410,10025,10037,10026,1,0.01,10026,1,0.01,10020,10037,1400-6-21,2021-09-12
680,تسه9903,امتياز تسهيلات مسكن خرداد99,91,560,326152717,557721,560000,560100,2379,0.43,582416,24695,4.43,557500,585607,1400-6-21,2021-09-12
681,سكارون,سيمان كارون,91,19331,1811450017,96605,93707,93707,-2898,-3,96050,-555,-0.57,93707,93707,1400-6-21,2021-09-12
682,الماس,صندوق س.امين تدبيرگران فردا-س,90,21449,2962771545,141310,140999,136001,-5309,-3.76,138131,-3179,-2.25,134520,141000,1400-6-21,2021-09-12
683,ثباغ,شهر سازي و خانه سازي باغميشه,89,179698,2363567794,13845,13153,13153,-692,-5,13728,-117,-0.85,13153,13153,1400-6-21,2021-09-12
684,آتيمس,صندوق س.آرمان آتيه درخشان مس-س,88,27026,5660411484,215916,213730,209700,-6216,-2.88,209443,-6473,-3,206160,213730,1400-6-21,2021-09-12
685,اخزا004,اسنادخزانه-م4بودجه00-030522,87,181396,100474602715,556254,555100,554000,-2254,-0.41,553896,-2358,-0.42,553000,555100,1400-6-21,2021-09-12
686,فنرژي,گسترش صنايع انرژي آذرآب,87,433383,6359895525,14388,14675,14675,287,1.99,14675,287,1.99,14675,14675,1400-6-21,2021-09-12
687,صايند,صندوق س. گنجينه آينده روشن-د,82,475060,4766172030,10026,10032,10037,11,0.11,10033,7,0.07,10022,10044,1400-6-21,2021-09-12
688,فيروزا,صندوق بادرآمد ثابت فيروزه آسيا,82,154287,3850293301,24931,24989,24988,57,0.23,24955,24,0.1,24936,24990,1400-6-21,2021-09-12
689,آرمان,بيمه آرمان,81,854173,5956366352,7186,7165,6971,-215,-2.99,7054,-132,-1.84,6971,7165,1400-6-21,2021-09-12
690,اخزا914,اسنادخزانه-م14بودجه99-021025,81,173585,108967224511,628598,628000,626800,-1798,-0.29,627746,-852,-0.14,626800,629000,1400-6-21,2021-09-12
691,ثنام,س ساختماني ب نام آوران مهندسي,79,207559,2746835806,13930,13234,13234,-696,-5,13728,-202,-1.45,13234,13234,1400-6-21,2021-09-12
692,اخزا908,اسنادخزانه-م8بودجه99-020606,75,221644,150138528914,677642,677200,677403,-239,-0.04,677386,-256,-0.04,677200,677700,1400-6-21,2021-09-12
693,اخزا911,اسنادخزانه-م11بودجه99-020906,73,285960,184350796350,645853,645000,643500,-2353,-0.36,644673,-1180,-0.18,643000,645200,1400-6-21,2021-09-12
694,اخزا006,اسنادخزانه-م6بودجه00-030723,71,429801,232848189166,542307,542307,541200,-1107,-0.2,541758,-549,-0.1,541000,542307,1400-6-21,2021-09-12
695,ضشنا8005,اختيارخ شپنا-12800-1400/08/16,70,505,972567000,2315,2200,1900,-415,-17.93,1926,-389,-16.8,1779,2200,1400-6-21,2021-09-12
696,ضسپا8041,اختيارخ خساپا-1600-1400/08/26,70,3496,1511036000,509,390,433,-76,-14.93,432,-77,-15.13,390,477,1400-6-21,2021-09-12
697,ثعتما,س. ساختماني اعتماد گستر,69,38447,1145793772,30703,29790,29782,-921,-3,30595,-108,-0.35,29782,30790,1400-6-21,2021-09-12
698,فردا2,صندوق س آواي فرداي زاگرس-ثابت,66,6600000,6600000,11401,1,1,-11400,-99.99,1,-11400,-99.99,1,1,1400-6-21,2021-09-12
699,شتولي,تولي‌پرس‌,65,137736,3320645702,24599,24109,24108,-491,-2,24262,-337,-1.37,24108,24110,1400-6-21,2021-09-12
700,سكه0111پ05,تمام سكه طرح جديد0111آينده,63,22300,26639959300,1204265,1194999,1196000,-8265,-0.69,1194617,-9648,-0.8,1190000,1196500,1400-6-21,2021-09-12
701,صنوين,صندوق سرمايه‌گذاري صنوين-مختلط,61,24707,2605954830,106370,105580,105190,-1180,-1.11,105470,-900,-0.85,105020,106100,1400-6-21,2021-09-12
702,ضصاد8033,اختيارخ وبصادر-2489-1400/08/12,61,1870,423800000,302,300,270,-32,-10.6,227,-75,-24.83,200,300,1400-6-21,2021-09-12
703,اخزا909,اسنادخزانه-م9بودجه99-020316,60,278399,197625434531,710027,710000,710000,-27,0,709864,-163,-0.02,708000,710960,1400-6-21,2021-09-12
704,بايكا,كارخانجات كابلسازي ‌ايران‌,58,73461,1902199134,26694,25894,25894,-800,-3,26533,-161,-0.6,25894,25894,1400-6-21,2021-09-12
705,ضملت8041,اختيارخ وبملت-3434-1400/08/19,57,1447,1008186000,822,750,690,-132,-16.06,697,-125,-15.21,650,820,1400-6-21,2021-09-12
706,ضسپا8042,اختيارخ خساپا-1800-1400/08/26,56,2239,735809000,396,365,360,-36,-9.09,329,-67,-16.92,300,375,1400-6-21,2021-09-12
707,آكورد2,صندوق س. آرمان آتي كوثر-د,55,5500000,5500000,34079,1,1,-34078,-100,1,-34078,-100,1,1,1400-6-21,2021-09-12
708,وحافظح,ح . بيمه حافظ,54,545151,3035400768,5740,5568,5568,-172,-3,5568,-172,-3,5568,5568,1400-6-21,2021-09-12
709,زعف0008پ16,زعفران0008نگين بيرجند(پ),53,88632,12448628869,139955,144000,138011,-1944,-1.39,140453,498,0.36,137050,146094,1400-6-21,2021-09-12
710,دقاضي,داروسازي شهيد قاضي,50,90996,3478845159,39350,39979,38170,-1180,-3,39050,-300,-0.76,38170,39979,1400-6-21,2021-09-12
711,وملت,سرمايه گذاري ملت,49,460143,1593015066,3532,3462,3462,-70,-1.98,3509,-23,-0.65,3462,3462,1400-6-21,2021-09-12
712,زعف0008پ20,زعفران0008نگين وحدت جام(پ),47,52769,7388309050,137858,142400,140400,2542,1.84,140012,2154,1.56,138501,142400,1400-6-21,2021-09-12
713,اخزا008,اسنادخزانه-م8بودجه00-030919,45,28421,14743767573,519875,520000,518510,-1365,-0.26,518763,-1112,-0.21,517211,520000,1400-6-21,2021-09-12
714,وحافظ,بيمه حافظ,43,528674,5762017926,11236,10899,10899,-337,-3,11035,-201,-1.79,10899,10899,1400-6-21,2021-09-12
715,صخابر102,صكوك اجاره مخابرات-3 ماهه 16%,42,207511,202987158000,960001,978000,978200,18199,1.9,978199,18198,1.9,978000,978200,1400-6-21,2021-09-12
716,گنجين,صندوق س. گنجينه يكم آويد-د,40,242358,3311854181,13657,13665,13666,9,0.07,13665,8,0.06,13664,13666,1400-6-21,2021-09-12
717,اخزا002,اسنادخزانه-م2بودجه00-031024,39,23796,12152449715,511507,511115,510100,-1407,-0.28,510693,-814,-0.16,509010,513700,1400-6-21,2021-09-12
718,ضصاد8031,اختيارخ وبصادر-1789-1400/08/12,39,1587,1019680000,800,686,660,-140,-17.5,643,-157,-19.63,599,686,1400-6-21,2021-09-12
719,ضخود7078,اختيارخ خودرو-3500-1400/07/07,38,1694,4404000,2,2,2,0,0,3,1,50,2,3,1400-6-21,2021-09-12
720,كامياب,صندوق س. كامياب آشنا-د,38,97152,1008198833,10368,10375,10378,10,0.1,10378,10,0.1,10375,10380,1400-6-21,2021-09-12
721,ضملي7004,اختيارخ فملي-13720-1400/07/11,38,985,874467000,1121,969,885,-236,-21.05,888,-233,-20.79,749,969,1400-6-21,2021-09-12
722,اخزا907,اسنادخزانه-م7بودجه99-020704,37,121134,80742554412,666888,663599,666500,-388,-0.06,666556,-332,-0.05,661295,667000,1400-6-21,2021-09-12
723,نگين,ص.س. زمين و ساختمان نگين شهرري,37,3714,192406950,51770,51990,52450,680,1.31,51810,40,0.08,51060,52500,1400-6-21,2021-09-12
724,ضپاس7030,اختيارخ وپارس-3000-1400/07/28,37,885,325180000,501,404,400,-101,-20.16,367,-134,-26.75,335,419,1400-6-21,2021-09-12
725,كهربا,صندوق س.پشتوانه سكه طلا كهربا,36,328533,3420349519,10498,10483,10419,-79,-0.75,10411,-87,-0.83,10395,10483,1400-6-21,2021-09-12
726,سكه0012پ04,تمام سكه طرح جديد0012صادرات,35,14900,17816147500,1207103,1197000,1195990,-11113,-0.92,1195715,-11388,-0.94,1193009,1199999,1400-6-21,2021-09-12
727,ضپال2006,اختيارخ اپال-28000-1401/02/12,35,1056,2169790000,2496,2500,2230,-266,-10.66,2055,-441,-17.67,1982,2500,1400-6-21,2021-09-12
728,اخزا817,اسنادخزانه-م17بودجه98-010512,32,17426,14623004921,839502,839001,839105,-397,-0.05,839149,-353,-0.04,839000,840000,1400-6-21,2021-09-12
729,اراد50,مرابحه عام دولت5-ش.خ0302,32,629600,629600577000,1000000,1000000,1000001,1,0,1000001,1,0,1000000,1000001,1400-6-21,2021-09-12
730,امين يكم2,صندوق درآمد ثابت امين يكم فردا,32,32000000,32000000,10100,1,1,-10099,-99.99,1,-10099,-99.99,1,1,1400-6-21,2021-09-12
731,ضجار7040,اختيارخ وتجارت-2497-1400/07/21,31,739,160248000,274,250,260,-14,-5.11,217,-57,-20.8,150,275,1400-6-21,2021-09-12
732,سكه0112پ03,تمام سكه طرح جديد0112سامان,30,6300,7539992600,1208117,1198000,1198000,-10117,-0.84,1196824,-11293,-0.93,1192000,1199899,1400-6-21,2021-09-12
733,ضخود7072,اختيارخ خودرو-1400-1400/07/07,30,375,264906000,776,744,769,-7,-0.9,706,-70,-9.02,652,769,1400-6-21,2021-09-12
734,ضشنا8006,اختيارخ شپنا-14800-1400/08/16,30,338,337260000,1445,1400,990,-455,-31.49,998,-447,-30.93,900,1400,1400-6-21,2021-09-12
735,ضملي7003,اختيارخ فملي-11720-1400/07/11,29,278,585137000,2625,2102,2086,-539,-20.53,2105,-520,-19.81,2000,2159,1400-6-21,2021-09-12
736,وتعاونح,ح . بيمه  تعاون,27,714145,787701935,1137,1103,1103,-34,-2.99,1103,-34,-2.99,1103,1103,1400-6-21,2021-09-12
737,اخزا905,اسنادخزانه-م5بودجه99-020218,26,56018,40393900818,721050,721006,721100,50,0.01,721088,38,0.01,721006,721100,1400-6-21,2021-09-12
738,فنفت,صنايع تجهيزات نفت,26,881569,10771010042,11637,12218,12218,581,4.99,12217,580,4.98,12218,12218,1400-6-21,2021-09-12
739,گكيش,توريستي ورفاهي آبادگران كيش,26,6985,290995100,42948,41660,41660,-1288,-3,42909,-39,-0.09,41660,41660,1400-6-21,2021-09-12
740,سكه0011پ02,تمام سكه طرح جديد0011ملت,25,8500,10168690100,1211746,1195000,1198500,-13246,-1.09,1196316,-15430,-1.27,1193000,1200000,1400-6-21,2021-09-12
741,ضمخا7076,اختيارخ اخابر-9700-1400/07/28,25,192,267773000,1600,1301,1450,-150,-9.38,1395,-205,-12.81,1223,1450,1400-6-21,2021-09-12
742,ثروتم,صندوق س. ثروت آفرين پارسيان-س,25,26020,2392169080,96079,93794,92552,-3527,-3.67,91936,-4143,-4.31,91021,93794,1400-6-21,2021-09-12
743,آسام,صندوق س.آرمان سپهر آشنا-م,25,204330,25974688020,128039,128039,127125,-914,-0.71,127121,-918,-0.72,127000,128988,1400-6-21,2021-09-12
744,ضخود1049,اختيارخ خودرو-1400-1400/10/08,24,1223,983758000,900,900,805,-95,-10.56,804,-96,-10.67,800,900,1400-6-21,2021-09-12
745,بذر,صندوق س بذر اميد آفرين-سهام,23,2769,296658990,112850,106960,107060,-5790,-5.13,107140,-5710,-5.06,105910,109430,1400-6-21,2021-09-12
746,اخزا815,اسنادخزانه-م15بودجه98-010406,23,53555,45856539515,856021,857000,856289,268,0.03,856251,230,0.03,856207,858000,1400-6-21,2021-09-12
747,شجم,صنايع پتروشيمي تخت جمشيد,23,709527,9724067535,13736,13705,13705,-31,-0.23,13728,-8,-0.06,13705,13705,1400-6-21,2021-09-12
748,ضفلا7004,اختيارخ فولاد-9586-1400/07/25,22,133,442133318,2441,2500,2430,-11,-0.45,2371,-70,-2.87,2111,2500,1400-6-21,2021-09-12
749,اخزا808,اسنادخزانه-م8بودجه98-000817,21,13171,12714742863,968177,969423,962000,-6177,-0.64,965359,-2818,-0.29,962000,970000,1400-6-21,2021-09-12
750,ضخود1053,اختيارخ خودرو-2500-1400/10/08,21,701,252680000,359,370,360,1,0.28,360,1,0.28,350,370,1400-6-21,2021-09-12
751,ضملت8044,اختيارخ وبملت-4934-1400/08/19,21,597,103750000,191,170,163,-28,-14.66,174,-17,-8.9,163,180,1400-6-21,2021-09-12
752,ثهام,صندوق س ثروت هامرز-سهام,20,13277,158267584,12066,11860,11880,-186,-1.54,11920,-146,-1.21,11860,12080,1400-6-21,2021-09-12
753,برن0104پ01,برنج طارم0104تجارت مازندران(پ),20,5000,1955632000,100000,400000,390000,290000,290,391126,291126,291.13,390000,400000,1400-6-21,2021-09-12
754,ددامح,ح . داروسازي زاگرس فارمد پارس,20,25726,401325600,15600,15600,15600,0,0,15600,0,0,15600,15600,1400-6-21,2021-09-12
755,اخزا821,اسنادخزانه-م21بودجه98-020906,20,13170,8503476478,645716,645210,646000,284,0.04,645670,-46,-0.01,645000,646000,1400-6-21,2021-09-12
756,زعف0008پ08,زعفران0008نگين روستا(پ),20,27194,3806139258,140229,142300,140000,-229,-0.16,139962,-267,-0.19,138004,142300,1400-6-21,2021-09-12
757,ضسپا8040,اختيارخ خساپا-1400-1400/08/26,19,277,150472000,539,550,586,47,8.72,543,4,0.74,503,597,1400-6-21,2021-09-12
758,دسانكوح,ح . داروسازي سبحان انكولوژي,19,47995,611637811,12821,13100,12990,169,1.32,12744,-77,-0.6,12320,13100,1400-6-21,2021-09-12
759,وسصفا,شركت س استان اصفهان,18,313216,231466624,777,739,739,-38,-4.89,777,0,0,739,739,1400-6-21,2021-09-12
760,اخزا814,اسنادخزانه-م14بودجه98-010318,18,31627,27368160922,865822,868000,866000,178,0.02,865342,-480,-0.06,864706,868000,1400-6-21,2021-09-12
761,عيار2,صندوق سكه طلاي مفيد,18,180000,180000,30626,1,1,-30625,-100,1,-30625,-100,1,1,1400-6-21,2021-09-12
762,اخزا812,اسنادخزانه-م12بودجه98-001111,17,58734,54399633285,925667,926060,924329,-1338,-0.14,926203,536,0.06,924329,927600,1400-6-21,2021-09-12
763,ضشنا8004,اختيارخ شپنا-10800-1400/08/16,16,194,589114000,3604,3500,3000,-604,-16.76,3037,-567,-15.73,2899,3500,1400-6-21,2021-09-12
764,اخزا906,اسنادخزانه-م6بودجه99-020321,15,59586,42174032912,707504,708001,707650,146,0.02,707784,280,0.04,707650,708001,1400-6-21,2021-09-12
765,ضشنا8003,اختيارخ شپنا-8800-1400/08/16,15,158,757450000,5459,5020,5000,-459,-8.41,4794,-665,-12.18,4300,5020,1400-6-21,2021-09-12
766,هفارس104,اختيارف ت فارس-11832-01/04/12,15,1500000,1500000,1,1,1,0,0,1,0,0,1,1,1400-6-21,2021-09-12
767,اراد61,مرابحه عام دولت61-ش.خ0309,15,110000,110000000000,1000000,1000000,1000000,0,0,1000000,0,0,1000000,1000000,1400-6-21,2021-09-12
768,اخزا811,اسنادخزانه-م11بودجه98-001013,14,43387,40783940107,941913,940294,938534,-3379,-0.36,940004,-1909,-0.2,938534,942000,1400-6-21,2021-09-12
769,اخزا820,اسنادخزانه-م20بودجه98-020806,14,60631,39892159080,658000,658000,657000,-1000,-0.15,657950,-50,-0.01,657000,658000,1400-6-21,2021-09-12
770,ضمخا7075,اختيارخ اخابر-8700-1400/07/28,13,77,92984000,3271,399,2050,-1221,-37.33,1208,-2063,-63.07,399,2270,1400-6-21,2021-09-12
771,ضسپا8039,اختيارخ خساپا-1200-1400/08/26,13,392,261886000,814,711,700,-114,-14,668,-146,-17.94,600,711,1400-6-21,2021-09-12
772,ضذوب905,اختيارخ ذوب-5000-14000917,12,411,191470000,521,450,470,-51,-9.79,466,-55,-10.56,400,500,1400-6-21,2021-09-12
773,سخند,صندوق س.سپهرخبرگان نفت-د,12,35590,354375550,9943,9964,9960,17,0.17,9957,14,0.14,9940,9964,1400-6-21,2021-09-12
774,تملي702,تسهيلات مسكن ب. ملي-ارديبهشت97,12,206,155482414,718828,754769,754769,35941,5,754769,35941,5,754769,754769,1400-6-21,2021-09-12
775,ضجار7041,اختيارخ وتجارت-2997-1400/07/21,12,372,24432000,103,71,85,-18,-17.48,66,-37,-35.92,60,150,1400-6-21,2021-09-12
776,اخزا001,اسنادخزانه-م1بودجه00-030821,12,34147,18185660993,534441,534000,532509,-1932,-0.36,532570,-1871,-0.35,532500,534000,1400-6-21,2021-09-12
777,سفارود,كارخانه فارسيت درود,11,6399,101731302,16560,15898,15898,-662,-4,16546,-14,-0.08,15898,15898,1400-6-21,2021-09-12
778,تملي704,تسهيلات مسكن ب. ملي-تير97,11,122,91555144,714717,750452,750452,35735,5,750452,35735,5,750452,750452,1400-6-21,2021-09-12
779,ضمخا7066,اختيارخ اخابر-11700-1400/07/28,11,259,104387000,1100,420,112,-988,-89.82,403,-697,-63.36,112,450,1400-6-21,2021-09-12
780,اخزا721,اسنادخزانه-م21بودجه97-000728,11,3716,3639824880,979839,978978,979510,-329,-0.03,979501,-338,-0.03,978978,979600,1400-6-21,2021-09-12
781,پادا,صندوق س.پاداش سرمايه پارس-س,11,832,99274600,121581,120000,119200,-2381,-1.96,119320,-2261,-1.86,116350,120000,1400-6-21,2021-09-12
782,اخزا810,اسنادخزانه-م10بودجه98-001006,11,24719,23272936253,943327,943887,934000,-9327,-0.99,941500,-1827,-0.19,934000,944000,1400-6-21,2021-09-12
783,زعف0008پ12,زعفران0008پوشالمعمول سحرخيز(پ),10,2130,250911090,118914,113500,114000,-4914,-4.13,117799,-1115,-0.94,113500,118000,1400-6-21,2021-09-12
784,اعتماد2,صندوق س.اعتماد آفرين پارسيان-د,9,86000000,86000000,38657,1,1,-38656,-100,1,-38656,-100,1,1,1400-6-21,2021-09-12
785,اوصتا2,صندوق انديشه ورزان صباتامين -د,9,50400000,50400000,19819,1,1,-19818,-99.99,1,-19818,-99.99,1,1,1400-6-21,2021-09-12
786,حاريا,كشتيراني آريا,9,12060,181720080,15695,15068,15068,-627,-3.99,15671,-24,-0.15,15068,15068,1400-6-21,2021-09-12
787,دمعيار,صندوق س. توازن معيار-د,8,115030,1162835750,10101,10105,10109,8,0.08,10109,8,0.08,10105,10110,1400-6-21,2021-09-12
788,اخزا816,اسنادخزانه-م16بودجه98-010503,8,6631,5591635957,842770,843016,844567,1797,0.21,843257,487,0.06,843015,844567,1400-6-21,2021-09-12
789,اخزا813,اسنادخزانه-م13بودجه98-010219,8,1936,1702955366,879107,879500,879701,594,0.07,879626,519,0.06,879311,879701,1400-6-21,2021-09-12
790,داراب,پتروشيمي داراب,8,37067,83067147,2310,2241,2241,-69,-2.99,2309,-1,-0.04,2241,2241,1400-6-21,2021-09-12
791,دارا2,صندوق س. دارا الگوريتم-د,8,800000,800000,10025,1,1,-10024,-99.99,1,-10024,-99.99,1,1,1400-6-21,2021-09-12
792,اراد33,مرابحه عام دولت3-ش.خ 0303,7,1600,1465921000,888000,932400,932400,44400,5,916201,28201,3.18,870005,932400,1400-6-21,2021-09-12
793,ضخود1050,اختيارخ خودرو-1600-1400/10/08,7,179,126442000,804,800,622,-182,-22.64,706,-98,-12.19,622,800,1400-6-21,2021-09-12
794,سپرمي,پرميت‌,7,104358,977521386,9275,9367,9367,92,0.99,9330,55,0.59,9367,9367,1400-6-21,2021-09-12
795,ضملي7005,اختيارخ فملي-15720-1400/07/11,7,23,5224000,465,300,225,-240,-51.61,227,-238,-51.18,200,300,1400-6-21,2021-09-12
796,تملي706,تسهيلات مسكن ب. ملي-شهريور97,7,355,296718705,813263,772600,853925,40662,5,835827,22564,2.77,772600,853925,1400-6-21,2021-09-12
797,اخزا818,اسنادخزانه-م18بودجه98-010614,7,2074,1711365721,825301,832812,825104,-197,-0.02,825152,-149,-0.02,825103,832812,1400-6-21,2021-09-12
798,هاميد104,اختيارف ت ثاميد-2050-01/04/20,7,200000,200000,1,1,1,0,0,1,0,0,1,1,1400-6-21,2021-09-12
799,ساذري,آذريت‌,6,22770,181226430,7728,7959,7959,231,2.99,7733,5,0.06,7959,7959,1400-6-21,2021-09-12
800,هماي2,صندوق س هماي آگاه-ثابت,6,3078000,3078000,10410,1,1,-10409,-99.99,1,-10409,-99.99,1,1,1400-6-21,2021-09-12
801,ضجار7038,اختيارخ وتجارت-1797-1400/07/21,6,29,20636000,820,604,730,-90,-10.98,712,-108,-13.17,604,730,1400-6-21,2021-09-12
802,ضخود7080,اختيارخ خودرو-4500-1400/07/07,6,104,217000,2,10,2,0,0,2,0,0,2,10,1400-6-21,2021-09-12
803,ثقزوي,شركت عمران و سازندگي قزوين,6,4798,136392746,29923,28427,28427,-1496,-5,29902,-21,-0.07,28427,28427,1400-6-21,2021-09-12
804,سنفت009,سلف موازي استاندارد سنفت009,6,277500,451940160000,1608700,1629008,1614400,5700,0.35,1628613,19913,1.24,1614400,1629008,1400-6-21,2021-09-12
805,اخزا809,اسنادخزانه-م9بودجه98-000923,5,20057,19066106052,952611,950700,950596,-2015,-0.21,950596,-2015,-0.21,950596,950700,1400-6-21,2021-09-12
806,اخزا807,اسنادخزانه-م7بودجه98-000719,5,24033,23634828394,983522,984325,979000,-4522,-0.46,983432,-90,-0.01,979000,984798,1400-6-21,2021-09-12
807,زعف0008پ11,زعفران0008نگين سحرخيز(پ),5,8150,1136300000,141439,140000,139000,-2439,-1.72,139423,-2016,-1.43,139000,142000,1400-6-21,2021-09-12
808,ضملي1160,اختيارخ فملي-6000-1400/11/03,5,33,147400000,1,2800,4400,4399,439900,4467,4466,446600,2800,4800,1400-6-21,2021-09-12
809,ضخود1051,اختيارخ خودرو-1800-1400/10/08,5,70,38500000,650,550,550,-100,-15.38,550,-100,-15.38,550,550,1400-6-21,2021-09-12
810,ضملي1163,اختيارخ فملي-9000-1400/11/03,4,5,3400000,1,500,800,799,79900,680,679,67900,500,800,1400-6-21,2021-09-12
811,ضصاد8030,اختيارخ وبصادر-1589-1400/08/12,4,118,102944000,1025,888,760,-265,-25.85,872,-153,-14.93,760,888,1400-6-21,2021-09-12
812,كابگن,توليدي و صنعتي آبگينه‌,4,30900,174986700,5607,5663,5663,56,1,5611,4,0.07,5663,5663,1400-6-21,2021-09-12
813,پست0008پ04,پسته فندقي32-30سبزدانه0008(پ),4,64,113620000,1738211,1765000,1780000,41789,2.4,1775312,37101,2.13,1765000,1780000,1400-6-21,2021-09-12
814,تملي808,تسهيلات مسكن ب. ملي-آبان98,4,38,9627110,241281,253345,253345,12064,5,253345,12064,5,253345,253345,1400-6-21,2021-09-12
815,ضپاس7029,اختيارخ وپارس-2500-1400/07/28,3,32,19114000,822,561,728,-94,-11.44,597,-225,-27.37,561,728,1400-6-21,2021-09-12
816,تملي806,تسهيلات مسكن ب. ملي-شهريور98,3,16,11454592,753591,715912,715912,-37679,-5,715912,-37679,-5,715912,715912,1400-6-21,2021-09-12
817,ضغدر8055,اختيارخ وغدير-7000-1400/08/26,3,10,50000000,9800,5000,5000,-4800,-48.98,5000,-4800,-48.98,5000,5000,1400-6-21,2021-09-12
818,اراد334,مرابحه عام دولت3-ش.خ 0303,3,3484000,3083770662000,888000,887346,860900,-27100,-3.05,885124,-2876,-0.32,860900,887346,1400-6-21,2021-09-12
819,ضپنا8001,اختيارخ رمپنا-11850-1400/08/05,3,11,83554000,9101,6100,9000,-101,-1.11,7596,-1505,-16.54,6100,9000,1400-6-21,2021-09-12
820,تملي710,تسهيلات مسكن ب. ملي-دي97,3,30,25251000,886000,841700,841700,-44300,-5,841700,-44300,-5,841700,841700,1400-6-21,2021-09-12
821,هنوري102,اختيارف ت نوري59561-01/02/15,3,355,355,1,1,1,0,0,1,0,0,1,1,1400-6-21,2021-09-12
822,طصاد8033,اختيارف وبصادر-2489-1400/08/12,3,100,20000000,120,200,200,80,66.67,200,80,66.67,200,200,1400-6-21,2021-09-12
823,وسقم,شركت س استان قم,3,110000,142890000,1367,1299,1299,-68,-4.97,1367,0,0,1299,1299,1400-6-21,2021-09-12
824,پست0008پ09,پسته بادامي30-28مه ولات0008(پ),3,12,21517656,1708120,1793526,1792500,84380,4.94,1793138,85018,4.98,1792500,1793526,1400-6-21,2021-09-12
825,ضذوب901,اختيارخ ذوب-3000-14000917,3,13,22690000,1750,1690,1750,0,0,1745,-5,-0.29,1690,1750,1400-6-21,2021-09-12
826,زرين2,صندوق س. سهام زرين كوروش-س,2,400000,400000,13709,1,1,-13708,-99.99,1,-13708,-99.99,1,1,1400-6-21,2021-09-12
827,ضجار7037,اختيارخ وتجارت-1597-1400/07/21,2,5,4420000,987,860,900,-87,-8.81,884,-103,-10.44,860,900,1400-6-21,2021-09-12
828,طسپا8043,اختيارف خساپا-2000-1400/08/26,2,51,10240000,126,200,240,114,90.48,201,75,59.52,200,240,1400-6-21,2021-09-12
829,كمند2,صندوق س. با درآمد ثابت كمند,2,160000000,160000000,10028,1,1,-10027,-99.99,1,-10027,-99.99,1,1,1400-6-21,2021-09-12
830,ضشنا8002,اختيارخ شپنا-7800-1400/08/16,2,12,71000000,6004,6000,5500,-504,-8.39,5917,-87,-1.45,5500,6000,1400-6-21,2021-09-12
831,ضذوب902,اختيارخ ذوب-3500-14000917,2,2,2600000,1600,1300,1300,-300,-18.75,1300,-300,-18.75,1300,1300,1400-6-21,2021-09-12
832,شسم,توليد سموم‌ علف‌ كش,2,45,4551120,99153,101136,101136,1983,2,99155,2,0,101136,101136,1400-6-21,2021-09-12
833,شگويا2,پتروشيمي تندگويان,2,17944527,218923229400,12603,12200,12200,-403,-3.2,12200,-403,-3.2,12200,12200,1400-6-21,2021-09-12
834,اراد494,مرابحه عام دولت4-ش.خ 0206,2,21424000,20220945992000,930000,943891,943800,13800,1.48,943845,13845,1.49,943800,943891,1400-6-21,2021-09-12
835,ضخود7079,اختيارخ خودرو-4000-1400/07/07,2,20,40000,6,2,2,-4,-66.67,2,-4,-66.67,2,2,1400-6-21,2021-09-12
836,ضبدر8078,اختيارخ شبندر-5157-1400/08/30,2,10,74944000,1555,1600,1600,45,2.89,1600,45,2.89,1600,1600,1400-6-21,2021-09-12
837,اخزا904,اسنادخزانه-م4بودجه99-011215,2,31872,23796309368,746669,746608,746669,0,0,746621,-48,-0.01,746608,746669,1400-6-21,2021-09-12
838,طسپا8042,اختيارف خساپا-1800-1400/08/26,2,200,13000000,50,60,70,20,40,65,15,30,60,70,1400-6-21,2021-09-12
839,آسام2,صندوق س.آرمان سپهر آشنا-م,2,200000,200000,128039,1,1,-128038,-100,1,-128038,-100,1,1,1400-6-21,2021-09-12
840,ضترا8060,اختيارخ شتران-4323-1400/08/09,2,110,76900000,2176,589,1800,-376,-17.28,699,-1477,-67.88,589,1800,1400-6-21,2021-09-12
841,فبستم,صنايع ‌بسته‌بندي‌ مشهد,2,11048,9202984,794,833,833,39,4.91,794,0,0,833,833,1400-6-21,2021-09-12
842,تصميم2,صندوق س با درآمد ثابت تصميم,2,2000000,2000000,17343,1,1,-17342,-99.99,1,-17342,-99.99,1,1,1400-6-21,2021-09-12
843,ضچاد7035,اختيارخ كچاد-25870-1400/07/04,2,20,79000000,1001,3500,4400,3399,339.56,3950,2949,294.61,3500,4400,1400-6-21,2021-09-12
844,صنفت03122,صكوك منفعت نفت0312-6ماهه 18/5%,2,200000,200758200000,1000000,1007582,1000000,0,0,1003791,3791,0.38,1000000,1007582,1400-6-21,2021-09-12
845,وشمال,س. چشم انداز توسعه شمال,2,170,13174830,79080,77499,77499,-1581,-2,79076,-4,-0.01,77499,77499,1400-6-21,2021-09-12
846,اراد544,مرابحه عام دولت5-ش.خ 0109,2,21142000,20282641126000,990000,959406,959300,-30700,-3.1,959353,-30647,-3.1,959300,959406,1400-6-21,2021-09-12
847,اراد704,مرابحه عام دولت70-ش.خ0112,2,34214000,32378623400000,943750,946412,946300,2550,0.27,946356,2606,0.28,946300,946412,1400-6-21,2021-09-12
848,ضپيك7043,اختيارخ تاپيكو-10070-00/07/18,2,11,45930000,3999,4170,4200,201,5.03,4175,176,4.4,4170,4200,1400-6-21,2021-09-12
849,اخزا723,اسنادخزانه-م23بودجه97-000824,2,13809,13335806997,965235,965733,965733,498,0.05,965733,498,0.05,965733,965733,1400-6-21,2021-09-12
850,طصاد8032,اختيارف وبصادر-1989-1400/08/12,2,25,1250000,15,50,50,35,233.33,50,35,233.33,50,50,1400-6-21,2021-09-12
851,اراد584,مرابحه عام دولت5-ش.خ 0110,2,10602000,10140341211000,990000,956511,956400,-33600,-3.39,956455,-33545,-3.39,956400,956511,1400-6-21,2021-09-12
852,اراد524,مرابحه عام دولت5-ش.خ 0108,2,12666000,12138486432000,1000000,958404,958300,-41700,-4.17,958352,-41648,-4.16,958300,958404,1400-6-21,2021-09-12
853,افاد44,منفعت دولتي4-شرايط خاص14010729,2,260300,250408600000,970500,962000,962000,-8500,-0.88,962000,-8500,-0.88,962000,962000,1400-6-21,2021-09-12
854,زعف0008پ10,زعفران0008نگين طلاي سرخ(پ),2,70,10226580,142252,146094,146094,3842,2.7,146094,3842,2.7,146094,146094,1400-6-21,2021-09-12
855,ضبدر8074,اختيارخ شبندر-2595-1400/08/30,2,2,37003600,3917,4000,3900,-17,-0.43,3950,33,0.84,3900,4000,1400-6-21,2021-09-12
856,زير0103پ01,زيره سبز0103كيميابذر(پ),2,66,54780000,830000,830000,830000,0,0,830000,0,0,830000,830000,1400-6-21,2021-09-12
857,اراد644,مرابحه عام دولتي64-ش.خ0111,2,31820000,30176656100000,944500,948410,948300,3800,0.4,948355,3855,0.41,948300,948410,1400-6-21,2021-09-12
858,هبساز103,اختيارف ت ثبهساز-2346-01/03/18,2,31000,31000,1,1,1,0,0,1,0,0,1,1,1400-6-21,2021-09-12
859,اراد404,مرابحه عام دولت4-ش.خ 0207,2,1180000,1076816700000,1000000,912615,912500,-87500,-8.75,912556,-87444,-8.74,912500,912615,1400-6-21,2021-09-12
860,صپا ه 26,بار پايه هفته 26صنعتي,2,11500,8280000,385,720,720,335,87.01,720,335,87.01,720,720,1400-6-21,2021-09-12
861,خبهمن2,گروه‌بهمن‌,2,747675473,1247122688964,1755,1668,1668,-87,-4.96,1668,-87,-4.96,1668,1668,1400-6-21,2021-09-12
862,ضذوب900,اختيارخ ذوب-2500-14000917,2,20,43000000,2075,2150,2150,75,3.61,2150,75,3.61,2150,2150,1400-6-21,2021-09-12
863,كهرام,توليدي گرانيت بهسرام,1,77,7295057,96674,94741,94741,-1933,-2,96671,-3,0,94741,94741,1400-6-21,2021-09-12
864,فراز2,صندوق س.سهام فراز داريك-س,1,500000,500000,14108,1,1,-14107,-99.99,1,-14107,-99.99,1,1,1400-6-21,2021-09-12
865,اراد484,مرابحه عام دولت4-ش.خ 0009,1,3554000,3534453000000,980000,994500,994500,14500,1.48,994500,14500,1.48,994500,994500,1400-6-21,2021-09-12
866,ضشنا8001,اختيارخ شپنا-6800-1400/08/16,1,1,6001000,7001,6001,6001,-1000,-14.28,6001,-1000,-14.28,6001,6001,1400-6-21,2021-09-12
867,ياقوت2,صندوق س ياقوت آگاه-ثابت,1,9158000,9158000,13076,1,1,-13075,-99.99,1,-13075,-99.99,1,1,1400-6-21,2021-09-12
868,طملت8042,اختيارف وبملت-3934-1400/08/19,1,10,1500000,100,150,150,50,50,150,50,50,150,150,1400-6-21,2021-09-12
869,کم ر 4,کم باري روز 4,1,2700,1620000,710,600,600,-110,-15.49,600,-110,-15.49,600,600,1400-6-21,2021-09-12
870,وساپا4,سرمايه‌گذاري‌ سايپا,1,93278573,511166580040,5740,5480,5480,-260,-4.53,5480,-260,-4.53,5480,5480,1400-6-21,2021-09-12
871,ضملي7002,اختيارخ فملي-9720-1400/07/11,1,5,19900000,4038,3980,3980,-58,-1.44,3980,-58,-1.44,3980,3980,1400-6-21,2021-09-12
872,ضذوب904,اختيارخ ذوب-4500-14000917,1,50,18500000,500,370,370,-130,-26,370,-130,-26,370,370,1400-6-21,2021-09-12
873,زعف0008پ19,زعفران0008نگين تروند قاينات(پ),1,212,30971928,142995,146094,146094,3099,2.17,146094,3099,2.17,146094,146094,1400-6-21,2021-09-12
874,کم ر 7,کم باري روز 7,1,2700,1593000,222,590,590,368,165.77,590,368,165.77,590,590,1400-6-21,2021-09-12
875,ضفار8047,اختيارخ فارس-4400-1400/08/05,1,10,60000000,7633,6000,6000,-1633,-21.39,6000,-1633,-21.39,6000,6000,1400-6-21,2021-09-12
876,ضملي1162,اختيارخ فملي-8000-1400/11/03,1,1,1100000,1,1100,1100,1099,109900,1100,1099,109900,1100,1100,1400-6-21,2021-09-12
877,ضبدر8079,اختيارخ شبندر-6011-1400/08/30,1,10,56208000,1299,1200,1200,-99,-7.62,1200,-99,-7.62,1200,1200,1400-6-21,2021-09-12
878,سپيدما4,صندوق س. سپيد دماوند-د,1,100000000,1103600000000,11031,11036,11036,5,0.05,11036,5,0.05,11036,11036,1400-6-21,2021-09-12
879,ثاژن,سخت آژند,1,1000,8899000,9080,8899,8899,-181,-1.99,9080,0,0,8899,8899,1400-6-21,2021-09-12
880,پاسار04,اجاره انرژي پاسارگاد14040302,1,17500,17500000000,999999,1000000,1000000,1,0,1000000,1,0,1000000,1000000,1400-6-21,2021-09-12
881,سرو2,صندوق س سروسودمند مدبران-سهام,1,100000,100000,83170,1,1,-83169,-100,1,-83169,-100,1,1,1400-6-21,2021-09-12
882,ضفلا7003,اختيارخ فولاد-8160-1400/07/25,1,5,25586500,3900,3650,3650,-250,-6.41,3650,-250,-6.41,3650,3650,1400-6-21,2021-09-12
883,اراد774,مرابحه عام دولت77-ش.خ000812,1,6122000,6109756000000,1000000,998000,998000,-2000,-0.2,998000,-2000,-0.2,998000,998000,1400-6-21,2021-09-12
884,اراد594,مرابحه عام دولتي5-ش.خ 0309,1,7200000,6729372000000,1000000,934635,934635,-65365,-6.54,934635,-65365,-6.54,934635,934635,1400-6-21,2021-09-12
885,مشير112,مشاركت شهرداري شيراز-3ماهه18%,1,6,6000000,990000,1000000,1000000,10000,1.01,1000000,10000,1.01,1000000,1000000,1400-6-21,2021-09-12
886,طخود7077,اختيارف خودرو-3000-1400/07/07,1,10,9000000,700,900,900,200,28.57,900,200,28.57,900,900,1400-6-21,2021-09-12
887,شرق1400,مشاركت ليزينگ ايران وشرق140010,1,1,999000,999000,999000,999000,0,0,999000,0,0,999000,999000,1400-6-21,2021-09-12
888,اخزا8112,اسنادخزانه-م11بودجه98-001013,1,164092,154033160400,941913,938700,938700,-3213,-0.34,938700,-3213,-0.34,938700,938700,1400-6-21,2021-09-12
889,صكم ر 3,كم باري روز 3صنعتي,1,3000,1770000,385,590,590,205,53.25,590,205,53.25,590,590,1400-6-21,2021-09-12
890,خزر4,فنرسازي‌زر,1,139463,2592617170,19530,18590,18590,-940,-4.81,18590,-940,-4.81,18590,18590,1400-6-21,2021-09-12
891,اراد554,مرابحه عام دولت5-ش.خ 0209,1,10100000,9501413400000,960000,940734,940734,-19266,-2.01,940734,-19266,-2.01,940734,940734,1400-6-21,2021-09-12
892,كساپا4,سايپاشيشه‌,1,1924885,57977536200,30130,30120,30120,-10,-0.03,30120,-10,-0.03,30120,30120,1400-6-21,2021-09-12
893,ضپال2001,اختيارخ اپال-14000-1401/02/12,1,1,9663000,14000,9663,9663,-4337,-30.98,9663,-4337,-30.98,9663,9663,1400-6-21,2021-09-12
894,طخود7076,اختيارف خودرو-2500-1400/07/07,1,5,2000000,361,400,400,39,10.8,400,39,10.8,400,400,1400-6-21,2021-09-12
895,اراد454,مرابحه عام دولت4-ش.خ 0107,1,3158000,3044312000000,950000,964000,964000,14000,1.47,964000,14000,1.47,964000,964000,1400-6-21,2021-09-12
896,خكمك4,كمك‌فنرايندامين‌,1,5701508,121556150560,22340,21320,21320,-1020,-4.57,21320,-1020,-4.57,21320,21320,1400-6-21,2021-09-12
897,ضاريا1204,اختيارخ آريا-117000-14001215,1,1,33000000,1,33000,33000,32999,3299900,33000,32999,3299900,33000,33000,1400-6-21,2021-09-12
898,پست0008پ08,پسته فندقي32-30مه ولات0008(پ),1,3,5498670,1832888,1832890,1832890,2,0,1832890,2,0,1832890,1832890,1400-6-21,2021-09-12
899,اراد514,مرابحه عام دولت5-ش.خ 0010,1,1490000,1466160000000,999999,984000,984000,-15999,-1.6,984000,-15999,-1.6,984000,984000,1400-6-21,2021-09-12
900,فسديد,لوله‌وتجهيزات‌ سديد - ورشكسته,1,100,10799300,109083,107993,107993,-1090,-1,109080,-3,0,107993,107993,1400-6-21,2021-09-12
901,ولساپا4,ليزينگ رايان‌ سايپا,1,113752189,336592727251,3100,2959,2959,-141,-4.55,2959,-141,-4.55,2959,2959,1400-6-21,2021-09-12
902,ضشنا8000,اختيارخ شپنا-5800-1400/08/16,1,1,6001000,8584,6001,6001,-2583,-30.09,6001,-2583,-30.09,6001,6001,1400-6-21,2021-09-12
903,پلاسك4,پلاسكوكار,1,12545883,93968663670,7830,7490,7490,-340,-4.34,7490,-340,-4.34,7490,7490,1400-6-21,2021-09-12
904,ضپيك7042,اختيارخ تاپيكو-8070-00/07/18,1,2,9600000,5991,4800,4800,-1191,-19.88,4800,-1191,-19.88,4800,4800,1400-6-21,2021-09-12
905,ضصاد8034,اختيارخ وبصادر-2989-1400/08/12,1,1,20000,100,20,20,-80,-80,20,-80,-80,20,20,1400-6-21,2021-09-12
906,پارسان2,گسترش نفت و گاز پارسيان,1,5000000,154800000000,30960,30960,30960,0,0,30960,0,0,30960,30960,1400-6-21,2021-09-12
907,مكرما304,مشاركت ش كرمانشاه304-3ماهه18%,1,1000,990000000,980000,990000,990000,10000,1.02,990000,10000,1.02,990000,990000,1400-6-21,2021-09-12
908,اگ001254,گام بانك پارسيان0012,1,500,449500000,897977,899000,899000,1023,0.11,899000,1023,0.11,899000,899000,1400-6-21,2021-09-12
909,ضفلا7005,اختيارخ فولاد-11013-1400/07/25,1,1,2032900,1354,1450,1450,96,7.09,1450,96,7.09,1450,1450,1400-6-21,2021-09-12
910,ضجار7039,اختيارخ وتجارت-1997-1400/07/21,1,100,50000000,580,500,500,-80,-13.79,500,-80,-13.79,500,500,1400-6-21,2021-09-12
911,ختور4,رادياتور ايران‌,1,5216236,126545885360,25530,24260,24260,-1270,-4.97,24260,-1270,-4.97,24260,24260,1400-6-21,2021-09-12
912,اراد834,مرابحه عام دولت83-ش.خ041220,1,10000000,9176580000000,1000000,917658,917658,-82342,-8.23,917658,-82342,-8.23,917658,917658,1400-6-21,2021-09-12
913,اخزا916,اسنادخزانه-م16بودجه99-020528,1,1000,700800000,680400,700800,700800,20400,3,700800,20400,3,700800,700800,1400-6-21,2021-09-12
914,کم ر 8,کم باري روز 8,1,2700,1593000,236,590,590,354,150,590,354,150,590,590,1400-6-21,2021-09-12
915,اراد49,مرابحه عام دولت4-ش.خ 0206,1,500,488250000,930000,976500,976500,46500,5,976500,46500,5,976500,976500,1400-6-21,2021-09-12
916,طمخا7072,اختيارف اخابر-27700-1400/07/28,1,2,56000000,16980,28000,28000,11020,64.9,28000,11020,64.9,28000,28000,1400-6-21,2021-09-12
917,پاسار042,اجاره انرژي پاسارگاد14040302,1,143500,143500000000,999999,1000000,1000000,1,0,1000000,1,0,1000000,1000000,1400-6-21,2021-09-12
918,صخود412,ص مرابحه خودرو412- 3ماهه 18%,1,5,4950005,995000,990001,990001,-4999,-0.5,990001,-4999,-0.5,990001,990001,1400-6-21,2021-09-12
919,خاذين4,سايپاآذين‌,1,24586795,84676921980,3604,3444,3444,-160,-4.44,3444,-160,-4.44,3444,3444,1400-6-21,2021-09-12
920,اگ0006182,گام بانك تجارت0006,1,100000,99000000000,978000,990000,990000,12000,1.23,990000,12000,1.23,990000,990000,1400-6-21,2021-09-12
921,مبين2,مبين انرژي خليج فارس,1,7228389,156350054070,21630,21630,21630,0,0,21630,0,0,21630,21630,1400-6-21,2021-09-12
922,ضمخا7071,اختيارخ اخابر-23700-1400/07/28,1,35,105000,6,3,3,-3,-50,3,-3,-50,3,3,1400-6-21,2021-09-12
923,افاد54,منفعت دولت5-ش.خاص لوتوس0108,1,3000,2556000000,850000,852000,852000,2000,0.24,852000,2000,0.24,852000,852000,1400-6-21,2021-09-12
924,ضمخا7070,اختيارخ اخابر-19700-1400/07/28,1,10,1000000,216,100,100,-116,-53.7,100,-116,-53.7,100,100,1400-6-21,2021-09-12
925,کم ر 6,کم باري روز 6,1,2700,1593000,222,590,590,368,165.77,590,368,165.77,590,590,1400-6-21,2021-09-12
926,اراد51,مرابحه عام دولت5-ش.خ 0010,1,10000,9840000000,999999,984000,984000,-15999,-1.6,984000,-15999,-1.6,984000,984000,1400-6-21,2021-09-12
927,کم ر 3,کم باري روز 3,1,2700,1620000,710,600,600,-110,-15.49,600,-110,-15.49,600,600,1400-6-21,2021-09-12
928,فولاد2,فولاد مباركه اصفهان,1,50000000,567500000000,11580,11350,11350,-230,-1.99,11350,-230,-1.99,11350,11350,1400-6-21,2021-09-12
929,فماك2,ماداكتو استيل كرد,1,1705000,39044500000,22900,22900,22900,0,0,22900,0,0,22900,22900,1400-6-21,2021-09-12
930,سايرا,ايرانيت‌,1,154,5620538,37241,36497,36497,-744,-2,37240,-1,0,36497,36497,1400-6-21,2021-09-12
931,افران2,صندوق س افرا نماد پايدار-ثابت,1,18100000,18100000,14236,1,1,-14235,-99.99,1,-14235,-99.99,1,1,1400-6-21,2021-09-12
932,ضفار8050,اختيارخ فارس-7400-1400/08/05,1,10,41000000,4700,4100,4100,-600,-12.77,4100,-600,-12.77,4100,4100,1400-6-21,2021-09-12
933,اراد314,مرابحه عام دولت3-ش.خ 0208,1,2150000,1958865000000,950000,911100,911100,-38900,-4.09,911100,-38900,-4.09,911100,911100,1400-6-21,2021-09-12
934,ضپنا8006,اختيارخ رمپنا-23850-1400/08/05,1,1,999000,1995,999,999,-996,-49.92,999,-996,-49.92,999,999,1400-6-21,2021-09-12
935,تملي703,تسهيلات مسكن ب. ملي-خرداد97,1,7,5363974,806612,766282,766282,-40330,-5,766282,-40330,-5,766282,766282,1400-6-21,2021-09-12
936,صايپا012,صكوك مرابحه سايپا012-3ماهه 16%,1,5000,5000005000,1000001,1000001,1000001,0,0,1000001,0,0,1000001,1000001,1400-6-21,2021-09-12
937,صخابر1022,صكوك اجاره مخابرات-3 ماهه 16%,1,3000000,2934600000000,960001,978200,978200,18199,1.9,978200,18199,1.9,978200,978200,1400-6-21,2021-09-12
938,کم ر 9,کم باري روز 9,1,2700,1593000,222,590,590,368,165.77,590,368,165.77,590,590,1400-6-21,2021-09-12
939,اخزا9112,اسنادخزانه-م11بودجه99-020906,1,150248,97661200000,645853,650000,650000,4147,0.64,650000,4147,0.64,650000,650000,1400-6-21,2021-09-12
940,کم ر 5,کم باري روز 5,1,2700,1593000,710,590,590,-120,-16.9,590,-120,-16.9,590,590,1400-6-21,2021-09-12
941,رايان106,مشاركت رايان سايپا-3ماهه16%,1,6,5850276,1000000,975046,975046,-24954,-2.5,975046,-24954,-2.5,975046,975046,1400-6-21,2021-09-12
942,اعتماد4,صندوق س.اعتماد آفرين پارسيان-د,1,39000000,1508520000000,38657,38680,38680,23,0.06,38680,23,0.06,38680,38680,1400-6-21,2021-09-12
943,طمخا7071,اختيارف اخابر-23700-1400/07/28,1,1,24000000,14870,24000,24000,9130,61.4,24000,9130,61.4,24000,24000,1400-6-21,2021-09-12
944,افاد744,منفعت دولت7-ش.خاص ساير0204,1,337850,322646750000,969000,955000,955000,-14000,-1.44,955000,-14000,-1.44,955000,955000,1400-6-21,2021-09-12
945,فراز4,صندوق س.سهام فراز داريك-س,1,2000000,27900000000,14108,13950,13950,-158,-1.12,13950,-158,-1.12,13950,13950,1400-6-21,2021-09-12
946,آوا2,صندوق س.سهام آواي معيار-س,1,200000,200000,8450,1,1,-8449,-99.99,1,-8449,-99.99,1,1,1400-6-21,2021-09-12
947,ضپنا8000,اختيارخ رمپنا-9850-1400/08/05,1,1,10000000,11000,10000,10000,-1000,-9.09,10000,-1000,-9.09,10000,10000,1400-6-21,2021-09-12
948,طخود7075,اختيارف خودرو-2000-1400/07/07,1,100,6000000,37,60,60,23,62.16,60,23,62.16,60,60,1400-6-21,2021-09-12
