,نماد,نام,تعداد,حجم,ارزش,دیروز,اولین,آخرین معامله - مقدار,آخرین معامله - تغییر,آخرین معامله - درصد,قیمت پایانی - مقدار,قیمت پایانی - تغییر,قیمت پایانی - درصد,کمترین,بیشترین,تاریخ,gregorian_date
0,پالايش,صندوق پالايشي يكم-سهام,29835,32273190,2356285302870,73760,74510,71050,-2710,-3.67,73010,-750,-1.02,70850,75600,1400-2-11,2021-05-01
1,دارا يكم,صندوق واسطه گري مالي يكم-سهام,27515,25870537,3574383995070,140350,142770,134740,-5610,-4,138160,-2190,-1.56,134740,142900,1400-2-11,2021-05-01
2,وسپهر,سرمايه گذاري مالي سپهرصادرات,25068,87807910,886681292204,10401,10089,10100,-301,-2.89,10098,-303,-2.91,10089,10108,1400-2-11,2021-05-01
3,كرمان,س. توسعه و عمران استان كرمان,17779,689601916,874357173699,1231,1304,1238,7,0.57,1268,37,3.01,1203,1304,1400-2-11,2021-05-01
4,خبهمن,گروه‌بهمن‌,16721,758876862,1125829063550,1430,1510,1440,10,0.7,1480,50,3.5,1430,1510,1400-2-11,2021-05-01
5,خساپا,سايپا,13273,515569345,1025678529280,1990,2050,1940,-50,-2.51,1990,0,0,1940,2080,1400-2-11,2021-05-01
6,خودرو,ايران‌ خودرو,13263,590218523,1239834683120,2120,2130,2060,-60,-2.83,2100,-20,-0.94,2060,2190,1400-2-11,2021-05-01
7,امينح,ح . تامين سرمايه امين,11099,17785801,90442159170,5060,5250,4900,-160,-3.16,5090,30,0.59,4760,5500,1400-2-11,2021-05-01
8,وبملت,بانك ملت,10773,282682294,1272892280650,4490,4600,4470,-20,-0.45,4500,10,0.22,4400,4640,1400-2-11,2021-05-01
9,فملي,ملي‌ صنايع‌ مس‌ ايران‌,8265,53282390,635098080160,12210,12170,11850,-360,-2.95,11920,-290,-2.38,11850,12250,1400-2-11,2021-05-01
10,شستا,سرمايه گذاري تامين اجتماعي,7916,48553336,550847395010,11630,11550,11290,-340,-2.92,11350,-280,-2.41,11290,11780,1400-2-11,2021-05-01
11,شپنا,پالايش نفت اصفهان,7525,50659454,541165822430,10850,10850,10530,-320,-2.95,10680,-170,-1.57,10530,11050,1400-2-11,2021-05-01
12,وتجارت,بانك تجارت,6332,248143545,650180459090,2680,2710,2600,-80,-2.99,2620,-60,-2.24,2600,2730,1400-2-11,2021-05-01
13,خگستر,گسترش‌سرمايه‌گذاري‌ايران‌خودرو,6039,147888632,361612285600,2460,2510,2390,-70,-2.85,2450,-10,-0.41,2390,2560,1400-2-11,2021-05-01
14,بوعلي,پتروشيمي بوعلي سينا,5691,1929358,82961648270,42910,42020,41950,-960,-2.24,43000,90,0.21,41800,44400,1400-2-11,2021-05-01
15,امين,تامين سرمايه امين,5306,3627696,25394767210,7050,7000,6990,-60,-0.85,7020,-30,-0.43,6990,7180,1400-2-11,2021-05-01
16,وكبهمن,مديريت سرمايه گذاري كوثربهمن,5142,2093840,22232857517,10598,10600,10390,-208,-1.96,10607,9,0.08,10350,11020,1400-2-11,2021-05-01
17,فولاد,فولاد مباركه اصفهان,5079,46744067,580748556940,12770,12550,12390,-380,-2.98,12420,-350,-2.74,12390,12750,1400-2-11,2021-05-01
18,ثاميد,توسعه و عمران اميد,5011,51371738,76799644330,1580,1490,1490,-90,-5.7,1490,-90,-5.7,1490,1520,1400-2-11,2021-05-01
19,بركت,گروه دارويي بركت,5001,12377589,387636532270,32240,31290,31280,-960,-2.98,31320,-920,-2.85,31280,31900,1400-2-11,2021-05-01
20,وپاسار,بانك  پاسارگاد,4824,38659295,564854337200,14180,14500,14620,440,3.1,14610,430,3.03,14500,14800,1400-2-11,2021-05-01
21,آريا,پليمر آريا ساسول,4728,1928186,168794097020,88220,87000,87880,-340,-0.39,87540,-680,-0.77,86050,89000,1400-2-11,2021-05-01
22,وبصادر,بانك صادرات ايران,4104,134929684,310639972550,2340,2390,2270,-70,-2.99,2300,-40,-1.71,2270,2390,1400-2-11,2021-05-01
23,اپال,فرآوري معدني اپال كاني پارس,3983,5835749,99212273170,17070,17060,17080,10,0.06,17010,-60,-0.35,16900,17290,1400-2-11,2021-05-01
24,سيتا,سرمايه گذاري سيمان تامين,3908,6323316,94854965230,15000,15000,15000,0,0,15000,0,0,15000,15010,1400-2-11,2021-05-01
25,شتران,پالايش نفت تهران,3833,32111087,272325090150,8650,8540,8400,-250,-2.89,8480,-170,-1.97,8400,8780,1400-2-11,2021-05-01
26,بپيوند,برق و انرژي پيوندگستر پارس,3558,3407348,39645946800,11912,11850,11555,-357,-3,11687,-225,-1.89,11555,11990,1400-2-11,2021-05-01
27,امين يكم,صندوق درآمد ثابت امين يكم فردا,3536,112075056,1131225865857,10085,10097,10097,12,0.12,10093,8,0.08,10089,10099,1400-2-11,2021-05-01
28,بگيلان,توسعه مسير برق گيلان,3010,1240880,25217405023,20403,19870,20023,-380,-1.86,20362,-41,-0.2,19791,21500,1400-2-11,2021-05-01
29,پترول,گ.س.وت.ص.پتروشيمي خليج فارس,2959,25283240,213737468490,8680,8670,8420,-260,-3,8450,-230,-2.65,8420,8700,1400-2-11,2021-05-01
30,شبندر,پالايش نفت بندرعباس,2923,13343570,284950696910,21810,21410,21160,-650,-2.98,21350,-460,-2.11,21160,22150,1400-2-11,2021-05-01
31,كمند,صندوق س. با درآمد ثابت كمند,2789,360638792,3660112405020,10133,10148,10150,17,0.17,10149,16,0.16,10148,10150,1400-2-11,2021-05-01
32,ولانا,شركت ليزينگ آريا دانا,2633,5167448,212778143537,40541,39731,41757,1216,3,41177,636,1.57,39731,41757,1400-2-11,2021-05-01
33,ذوب,سهامي ذوب آهن  اصفهان,2428,37125364,122818497684,3389,3372,3288,-101,-2.98,3308,-81,-2.39,3288,3408,1400-2-11,2021-05-01
34,ساراب,سيمان‌ داراب‌,2226,8354646,165376328700,20250,19750,19700,-550,-2.72,19790,-460,-2.27,19650,20250,1400-2-11,2021-05-01
35,وغدير,سرمايه‌گذاري‌غدير(هلدينگ‌,2173,13808186,138869472470,10280,10080,9980,-300,-2.92,10060,-220,-2.14,9980,10390,1400-2-11,2021-05-01
36,تملت,تامين سرمايه بانك ملت,2155,16466946,81158107730,4920,4910,4850,-70,-1.42,4930,10,0.2,4820,5060,1400-2-11,2021-05-01
37,ماديرا,صنايع ماديران,2145,16408276,127659614112,7898,7710,7663,-235,-2.98,7780,-118,-1.49,7662,8090,1400-2-11,2021-05-01
38,صبا,سرمايه گذاري صبا تامين,2128,6839710,52404098329,7622,7800,7510,-112,-1.47,7639,17,0.22,7470,7900,1400-2-11,2021-05-01
39,كارين2,صندوق س نگين سامان-ثابت,2000,20000000,20000000,10046,1,1,-10045,-99.99,1,-10045,-99.99,1,1,1400-2-11,2021-05-01
40,فخوز,فولاد  خوزستان,1955,19584937,292108746050,15330,15160,14890,-440,-2.87,14910,-420,-2.74,14880,15360,1400-2-11,2021-05-01
41,تسه0001,امتيازتسهيلات مسكن فروردين1400,1921,39699,20659608914,522566,523000,515010,-7556,-1.45,520406,-2160,-0.41,512902,540000,1400-2-11,2021-05-01
42,وساپا,سرمايه‌گذاري‌ سايپا,1875,27378940,124452387450,4640,4770,4510,-130,-2.8,4550,-90,-1.94,4510,4800,1400-2-11,2021-05-01
43,كيان,صندوق س. با درآمد ثابت كيان,1867,23252295,656327559900,28191,28225,28228,37,0.13,28226,35,0.12,28222,28490,1400-2-11,2021-05-01
44,وپارس,بانك‌پارسيان‌,1865,69246986,171402415830,2500,2530,2430,-70,-2.8,2480,-20,-0.8,2430,2580,1400-2-11,2021-05-01
45,نوري,پتروشيمي نوري,1865,2906333,169411162760,59780,58890,58000,-1780,-2.98,58290,-1490,-2.49,57990,60670,1400-2-11,2021-05-01
46,شگويا,پتروشيمي تندگويان,1809,14223474,122919245377,8875,8700,8609,-266,-3,8642,-233,-2.63,8609,8875,1400-2-11,2021-05-01
47,اعتماد,صندوق س.اعتماد آفرين پارسيان-د,1792,37371240,1352010336660,36128,36176,36181,53,0.15,36178,50,0.14,36176,36181,1400-2-11,2021-05-01
48,بجهرم,توسعه مولد نيروگاهي جهرم,1780,25093224,59619965242,2435,2462,2362,-73,-3,2376,-59,-2.42,2362,2480,1400-2-11,2021-05-01
49,افران,صندوق س افرا نماد پايدار-ثابت,1777,28505695,376511211790,13186,13207,13213,27,0.2,13208,22,0.17,13207,13213,1400-2-11,2021-05-01
50,خصدرا,صنعتي‌ دريايي‌ ايران‌,1689,42437602,110440169545,2699,2612,2592,-107,-3.96,2602,-97,-3.59,2592,2697,1400-2-11,2021-05-01
51,ورازي,بيمه رازي,1688,25084237,227800757905,8681,8544,9115,434,5,9081,400,4.61,8544,9115,1400-2-11,2021-05-01
52,كروي,توسعه‌ معادن‌ روي‌ ايران‌,1669,3309656,87450457140,26290,25520,25510,-780,-2.97,26420,130,0.49,25510,27860,1400-2-11,2021-05-01
53,ونوين,بانك‌اقتصادنوين‌,1669,35143282,153399120900,4440,4400,4320,-120,-2.7,4360,-80,-1.8,4310,4530,1400-2-11,2021-05-01
54,آسيا,بيمه آسيا,1615,34204363,66946992050,1990,1980,1940,-50,-2.51,1960,-30,-1.51,1940,2040,1400-2-11,2021-05-01
55,وخارزمح,ح.سرمايه گذاري خوارزمي,1534,7553972,24027545220,3320,3320,3130,-190,-5.72,3180,-140,-4.22,3130,3390,1400-2-11,2021-05-01
56,غسالم,سالمين‌,1522,18862764,75683590180,4110,4100,4000,-110,-2.68,4010,-100,-2.43,3990,4150,1400-2-11,2021-05-01
57,ومهان,گروه توسعه مالي مهر آيندگان,1511,7712544,99522170834,12907,13031,12850,-57,-0.44,12904,-3,-0.02,12711,13208,1400-2-11,2021-05-01
58,فارس,صنايع پتروشيمي خليج فارس,1500,9749668,85355666680,8980,8900,8720,-260,-2.9,8820,-160,-1.78,8720,8950,1400-2-11,2021-05-01
59,حكشتي,كشتيراني جمهوري اسلامي ايران,1474,7328579,123818137580,17350,17010,16830,-520,-3,16900,-450,-2.59,16830,17240,1400-2-11,2021-05-01
60,وخارزم,سرمايه گذاري خوارزمي,1429,10403197,49387092190,4850,4800,4710,-140,-2.89,4750,-100,-2.06,4710,4880,1400-2-11,2021-05-01
61,آگاس,صندوق س.هستي بخش آگاه-س,1387,1756802,113123345489,65841,64741,63830,-2011,-3.05,64392,-1449,-2.2,63800,66600,1400-2-11,2021-05-01
62,آوا,صندوق س.سهام آواي معيار-س,1374,17553182,113431607408,6530,6540,6363,-167,-2.56,6462,-68,-1.04,6363,6540,1400-2-11,2021-05-01
63,پيزد,مجتمع صنايع لاستيك يزد,1352,133992,8147912664,62555,60700,60679,-1876,-3,62262,-293,-0.47,60679,62000,1400-2-11,2021-05-01
64,شبريز,پالايش نفت تبريز,1296,5258624,135052503000,26360,25700,25570,-790,-3,25680,-680,-2.58,25570,26620,1400-2-11,2021-05-01
65,دماوند,توليد نيروي برق دماوند,1276,1563950,39811126612,25202,25370,25399,197,0.78,25382,180,0.71,25370,25671,1400-2-11,2021-05-01
66,غگل,گلوكوزان‌,1270,15494064,46146287550,3040,3080,2950,-90,-2.96,2980,-60,-1.97,2950,3080,1400-2-11,2021-05-01
67,سرو,صندوق س سروسودمند مدبران-سهام,1223,1080325,68591468320,64910,64910,62930,-1980,-3.05,63490,-1420,-2.19,62730,64910,1400-2-11,2021-05-01
68,فباهنرح,ح . مس‌ شهيدباهنر,1199,5119008,87993380210,18030,18160,16950,-1080,-5.99,17190,-840,-4.66,16950,18160,1400-2-11,2021-05-01
69,شيران,س. صنايع‌شيميايي‌ايران,1191,5155410,111830825970,22260,21850,21600,-660,-2.96,21690,-570,-2.56,21600,22400,1400-2-11,2021-05-01
70,كاوه,فولاد كاوه جنوب كيش,1179,16557134,350053504300,21740,21500,21150,-590,-2.71,21140,-600,-2.76,21090,21710,1400-2-11,2021-05-01
71,غگيلا,شيرپاستوريزه پگاه گيلان,1160,43282,1065472994,23224,24617,24617,1393,6,23252,28,0.12,24617,24617,1400-2-11,2021-05-01
72,هرمز,فولاد هرمزگان جنوب,1143,5403363,82532592236,15601,15700,15134,-467,-2.99,15371,-230,-1.47,15133,15880,1400-2-11,2021-05-01
73,تسه9912,امتياز تسهيلات مسكن اسفند99,1112,21020,11276395597,532499,526000,544799,12300,2.31,536460,3961,0.74,515000,548000,1400-2-11,2021-05-01
74,وتوس,توسعه‌شهري‌توس‌گستر,1057,5915355,77639092000,13390,12990,13250,-140,-1.05,13130,-260,-1.94,12990,13440,1400-2-11,2021-05-01
75,ومعادن,توسعه‌معادن‌وفلزات‌,1049,10640721,79529785360,7680,7700,7450,-230,-2.99,7540,-140,-1.82,7450,7750,1400-2-11,2021-05-01
76,البرز,بيمه البرز,1033,17087944,61178695580,3570,3570,3560,-10,-0.28,3580,10,0.28,3530,3690,1400-2-11,2021-05-01
77,خديزل,بهمن  ديزل,1027,1514938,60479768611,38056,40313,40339,2283,6,39922,1866,4.9,38450,40339,1400-2-11,2021-05-01
78,كچاد,معدني‌وصنعتي‌چادرملو,1024,5237573,111640730930,21890,21270,21240,-650,-2.97,21340,-550,-2.51,21240,21800,1400-2-11,2021-05-01
79,شبهرن,نفت‌ بهران‌,1004,6121386,71149238920,11920,11610,11570,-350,-2.94,11620,-300,-2.52,11570,12100,1400-2-11,2021-05-01
80,وكار,بانك‌ كارآفرين‌,999,25278393,75899486570,3050,3070,2960,-90,-2.95,3000,-50,-1.64,2960,3070,1400-2-11,2021-05-01
81,زگلدشتح,ح.كشت و دام گلدشت نمونه اصفهان,999,4672458,32610981033,7065,7160,6854,-211,-2.99,6979,-86,-1.22,6854,7359,1400-2-11,2021-05-01
82,حفاري,حفاري شمال,989,7184757,47270369160,6700,6860,6500,-200,-2.99,6580,-120,-1.79,6500,6870,1400-2-11,2021-05-01
83,فاسمين,كالسيمين‌,986,6258097,91099146760,14900,14660,14460,-440,-2.95,14560,-340,-2.28,14460,15200,1400-2-11,2021-05-01
84,ضسپا3003,اختيارخ خساپا-2000-1400/03/26,985,45194,4054495000,109,108,69,-40,-36.7,90,-19,-17.43,67,117,1400-2-11,2021-05-01
85,تاپيكو,س. نفت و گاز و پتروشيمي تأمين,964,12334596,131044921690,10910,11000,10590,-320,-2.93,10620,-290,-2.66,10590,11000,1400-2-11,2021-05-01
86,جم پيلن,پلي پروپيلن جم - جم پيلن,939,1271426,103104378620,79470,81100,81500,2030,2.55,81090,1620,2.04,80000,82290,1400-2-11,2021-05-01
87,طلا,صندوق س.پشتوانه طلاي لوتوس,885,409347,28088817064,70956,70400,68500,-2456,-3.46,68619,-2337,-3.29,68001,70400,1400-2-11,2021-05-01
88,درازك,دارويي‌ رازك‌,842,3012243,93866235520,31730,32000,32100,370,1.17,31160,-570,-1.8,30780,32200,1400-2-11,2021-05-01
89,خكرمان,گروه اقتصادي كرمان خودرو,835,12735593,45428960375,3618,3700,3546,-72,-1.99,3567,-51,-1.41,3546,3700,1400-2-11,2021-05-01
90,سفارس,سيمان فارس و خوزستان,832,5649968,88078217040,15980,15800,15510,-470,-2.94,15590,-390,-2.44,15510,16260,1400-2-11,2021-05-01
91,سمازن,سيمان‌مازندران‌,814,4566084,55884692560,12500,12610,12130,-370,-2.96,12240,-260,-2.08,12130,12800,1400-2-11,2021-05-01
92,گشان,توسعه بين المللي پديده شانديز,813,3412464,80875692227,24179,23696,23696,-483,-2,23700,-479,-1.98,23696,24000,1400-2-11,2021-05-01
93,ضسپا3002,اختيارخ خساپا-1800-1400/03/26,762,46179,7860139000,214,212,150,-64,-29.91,170,-44,-20.56,144,240,1400-2-11,2021-05-01
94,شلرد,كود شيميايي اوره لردگان,757,7271227,46840776706,6504,6569,6400,-104,-1.6,6442,-62,-0.95,6384,6569,1400-2-11,2021-05-01
95,كگل,معدني و صنعتي گل گهر,726,2555003,35410732410,14020,13960,13710,-310,-2.21,13970,-50,-0.36,13600,14270,1400-2-11,2021-05-01
96,فايرا,آلومينيوم‌ايران‌,721,4219664,77108987990,18820,18340,18260,-560,-2.98,18270,-550,-2.92,18260,18790,1400-2-11,2021-05-01
97,ونيكي,سرمايه‌گذاري‌ ملي‌ايران‌,710,3781012,31248794500,8500,8500,8250,-250,-2.94,8370,-130,-1.53,8250,8500,1400-2-11,2021-05-01
98,مدير,ص.س.مديريت ثروت ص.بازنشستگي-س,702,2850471,22823227966,8173,8189,7900,-273,-3.34,8007,-166,-2.03,7870,8200,1400-2-11,2021-05-01
99,سپ,پرداخت الكترونيك سامان كيش,693,1659706,35677127760,20840,20390,21680,840,4.03,21290,450,2.16,20390,22040,1400-2-11,2021-05-01
100,شاراك,پتروشيمي شازند,689,1792570,46799691330,26550,26000,26100,-450,-1.69,26300,-250,-0.94,25800,26310,1400-2-11,2021-05-01
101,وصنعت,سرمايه گذاري توسعه صنعت وتجارت,675,3406593,20147181340,5950,6070,5850,-100,-1.68,5940,-10,-0.17,5820,6080,1400-2-11,2021-05-01
102,آبادا,توليد نيروي برق آبادان,658,445709,5459991100,12620,12250,12250,-370,-2.93,12580,-40,-0.32,12250,12300,1400-2-11,2021-05-01
103,وهور,مديريت انرژي اميد  تابان هور,638,17946718,36306035588,2081,2022,2019,-62,-2.98,2042,-39,-1.87,2019,2054,1400-2-11,2021-05-01
104,پاكشو,گروه صنعتي پاكشو,622,5115232,32196864200,6470,6350,6350,-120,-1.85,6420,-50,-0.77,6280,6440,1400-2-11,2021-05-01
105,زاگرس,پتروشيمي زاگرس,617,240255,48138938484,204509,200050,200989,-3520,-1.72,202473,-2036,-1,199000,204000,1400-2-11,2021-05-01
106,تاصيكو,سرمايه گذاري صدرتامين,614,7019937,71866370930,10540,10260,10230,-310,-2.94,10350,-190,-1.8,10230,10540,1400-2-11,2021-05-01
107,افق,فروشگاههاي زنجيره اي افق كوروش,614,891296,62930460060,71020,72360,70990,-30,-0.04,70710,-310,-0.44,70000,72400,1400-2-11,2021-05-01
108,شغدير,پتروشيمي غدير,613,523307,33549671300,64270,67590,62610,-1660,-2.58,64160,-110,-0.17,62440,67590,1400-2-11,2021-05-01
109,سمتاز,سيمان ممتازان كرمان,602,1365671,32425619315,23118,23790,23811,693,3,23743,625,2.7,23211,23811,1400-2-11,2021-05-01
110,فباهنر,مس‌ شهيدباهنر,599,1926612,47672964520,25490,24780,24730,-760,-2.98,24760,-730,-2.86,24730,25330,1400-2-11,2021-05-01
111,وساخت,سرمايه‌ گذاري‌ ساختمان‌ايران‌,594,711542,30533844960,44070,42750,42750,-1320,-3,43340,-730,-1.66,42750,44840,1400-2-11,2021-05-01
112,كگلح,ح . معدني و صنعتي گل گهر,588,1776269,19068859090,10980,10810,10680,-300,-2.73,10740,-240,-2.19,10480,11100,1400-2-11,2021-05-01
113,امين يكم2,صندوق درآمد ثابت امين يكم فردا,580,58000000,58000000,10085,1,1,-10084,-99.99,1,-10084,-99.99,1,1,1400-2-11,2021-05-01
114,فجر,فولاد اميركبيركاشان,577,717665,41360498460,59260,58090,57710,-1550,-2.62,57880,-1380,-2.33,57490,59220,1400-2-11,2021-05-01
115,شپديس,پتروشيمي پرديس,572,508293,48423709670,97500,96500,94800,-2700,-2.77,96390,-1110,-1.14,94750,98480,1400-2-11,2021-05-01
116,شصدف,صنعتي دوده فام,571,11953,389500458,30742,32586,32586,1844,6,30756,14,0.05,32586,32586,1400-2-11,2021-05-01
117,كنور,توسعه معدني و صنعتي صبانور,558,793022,38094018140,48610,49020,48390,-220,-0.45,48220,-390,-0.8,47160,51000,1400-2-11,2021-05-01
118,تنوين,تامين سرمايه نوين,558,11006800,79025262790,7110,7360,7320,210,2.95,7180,70,0.98,7120,7360,1400-2-11,2021-05-01
119,شسپا,نفت سپاهان,556,3010949,44695627550,14890,15030,14830,-60,-0.4,14850,-40,-0.27,14700,15030,1400-2-11,2021-05-01
120,وثنو,سرمايه گذاري ساختماني نوين,545,4056965,19688664217,5054,4910,4802,-252,-4.99,4853,-201,-3.98,4802,5100,1400-2-11,2021-05-01
121,وبانك,سرمايه گذاري گروه توسعه ملي,535,2823523,21804114230,7910,7720,7690,-220,-2.78,7860,-50,-0.63,7680,7880,1400-2-11,2021-05-01
122,گوهران,سرمايه گذاري توسعه گوهران اميد,528,1318516,9164230913,7004,6985,6890,-114,-1.63,6994,-10,-0.14,6824,7200,1400-2-11,2021-05-01
123,تيپيكو,سرمايه گذاري دارويي تامين,520,1967214,70811612190,36970,37900,35870,-1100,-2.98,36000,-970,-2.62,35870,37900,1400-2-11,2021-05-01
124,رمپنا,گروه مپنا (سهامي عام),515,2752097,42928406430,16050,15660,15570,-480,-2.99,15880,-170,-1.06,15570,16290,1400-2-11,2021-05-01
125,پارسان,گسترش نفت و گاز پارسيان,499,3333994,61894436430,18910,18510,18350,-560,-2.96,18730,-180,-0.95,18350,19200,1400-2-11,2021-05-01
126,وسكاب,س.ص.بازنشستگي كاركنان بانكها,487,5154743,24650951920,4900,4950,4830,-70,-1.43,4840,-60,-1.22,4760,4950,1400-2-11,2021-05-01
127,واحيا,م .صنايع و معادن احياء سپاهان,484,768151,103115973082,133269,133050,130800,-2469,-1.85,134239,970,0.73,130621,137000,1400-2-11,2021-05-01
128,ميدكو,هلدينگ صنايع  معدني خاورميانه,482,3451260,113106884659,32769,32769,32770,1,0,32772,3,0.01,32760,32960,1400-2-11,2021-05-01
129,بپاس,بيمه پاسارگاد,476,675068,59539717492,88193,88194,88191,-2,0,88196,3,0,88180,88410,1400-2-11,2021-05-01
130,فنوال,نورد آلومينيوم‌,471,1775159,49543994880,28650,28630,27800,-850,-2.97,27910,-740,-2.58,27800,28640,1400-2-11,2021-05-01
131,ضسپا3004,اختيارخ خساپا-2500-1400/03/26,466,26351,822798000,41,40,22,-19,-46.34,31,-10,-24.39,22,50,1400-2-11,2021-05-01
132,تسه9908,امتياز تسهيلات مسكن آبان99,466,12724,6784120449,530679,515122,539800,9121,1.72,533175,2496,0.47,504146,550000,1400-2-11,2021-05-01
133,همراه,شركت ارتباطات سيار ايران,460,1514975,35796228450,24300,23950,23580,-720,-2.96,24050,-250,-1.03,23580,23960,1400-2-11,2021-05-01
134,سكه0012پ01,تمام سكه طرح جديد0012رفاه,454,138500,132657777900,984942,959980,961600,-23342,-2.37,957818,-27124,-2.75,953000,965000,1400-2-11,2021-05-01
135,سامان,بانك سامان,448,3279536,28310133233,8771,8611,8596,-175,-2,8672,-99,-1.13,8596,8900,1400-2-11,2021-05-01
136,دعبيد,لابراتوارداروسازي‌  دكترعبيدي‌,439,649480,15098784370,22890,23000,23280,390,1.7,23000,110,0.48,22620,23980,1400-2-11,2021-05-01
137,شكف,كف,439,207472,21581763029,102689,104742,104742,2053,2,104023,1334,1.3,102200,104742,1400-2-11,2021-05-01
138,وسينا,بانك سينا,433,11623253,33106735480,2910,2930,2830,-80,-2.75,2870,-40,-1.37,2830,2930,1400-2-11,2021-05-01
139,ارفع,شركت آهن و فولاد ارفع,426,2357631,33785201541,14690,14400,14250,-440,-3,14513,-177,-1.2,14250,14685,1400-2-11,2021-05-01
140,تسه9911,امتياز تسهيلات مسكن بهمن99,425,5584,2974601784,532939,508000,531000,-1939,-0.36,532701,-238,-0.04,508000,559585,1400-2-11,2021-05-01
141,ياقوت,صندوق س ياقوت آگاه-ثابت,424,3776931,46631318649,12313,12332,12344,31,0.25,12346,33,0.27,12321,12352,1400-2-11,2021-05-01
142,پارند,صندوق س. پارند پايدار سپهر,424,9134413,103594191749,11330,11345,11341,11,0.1,11341,11,0.1,11340,11345,1400-2-11,2021-05-01
143,دلر,داروسازي‌ اكسير,421,618481,22248869490,35560,34520,36390,830,2.33,35740,180,0.51,34500,37690,1400-2-11,2021-05-01
144,سرچشمه,سرمايه گذاري مس سرچشمه,419,5813833,35989665712,6334,6298,6144,-190,-3,6228,-106,-1.67,6144,6298,1400-2-11,2021-05-01
145,فنورد,نوردوقطعات‌ فولادي‌,417,156371,24272395270,158540,158550,153790,-4750,-3,156900,-1640,-1.03,153790,160130,1400-2-11,2021-05-01
146,شنفت,نفت‌ پارس‌,412,385677,18393380410,47660,46440,46700,-960,-2.01,47670,10,0.02,46250,48960,1400-2-11,2021-05-01
147,حسينا,توسعه خدمات دريايي وبندري سينا,407,1122454,68340844313,62231,61100,60365,-1866,-3,60885,-1346,-2.16,60365,62880,1400-2-11,2021-05-01
148,آكورد,صندوق س. آرمان آتي كوثر-د,397,6057696,192925498310,31802,31850,31847,45,0.14,31848,46,0.14,31847,31856,1400-2-11,2021-05-01
149,قرن,پديده شيمي قرن,394,464838,28754519770,62290,62700,60430,-1860,-2.99,62040,-250,-0.4,60430,63000,1400-2-11,2021-05-01
150,ارزش,صندوق س ارزش آفرين بيدار-سهام,394,2434374,22309268490,9340,9290,9100,-240,-2.57,9160,-180,-1.93,9060,9340,1400-2-11,2021-05-01
151,ختوقا,قطعات‌ اتومبيل‌ ايران‌,390,6168430,14865916300,2560,2410,2410,-150,-5.86,2510,-50,-1.95,2410,2410,1400-2-11,2021-05-01
152,ضخود7076,اختيارخ خودرو-2500-1400/07/07,389,14460,2961077000,215,180,169,-46,-21.4,205,-10,-4.65,167,240,1400-2-11,2021-05-01
153,شرانل,نفت ايرانول,388,875027,34971460369,40138,40600,40000,-138,-0.34,40017,-121,-0.3,39700,40600,1400-2-11,2021-05-01
154,وخاور,بانك خاورميانه,372,8057171,68720545850,8500,8900,8490,-10,-0.12,8530,30,0.35,8400,8900,1400-2-11,2021-05-01
155,سخوز,سيمان خوزستان,364,1360004,28929457350,21880,21880,21520,-360,-1.65,21520,-360,-1.65,21230,21880,1400-2-11,2021-05-01
156,تسه9802,امتياز تسهيلات مسكن ارديبهشت98,358,7029,2903497895,428195,424997,410500,-17695,-4.13,413074,-15121,-3.53,407000,424999,1400-2-11,2021-05-01
157,سپيدما,صندوق س. سپيد دماوند-د,357,17065241,174763185821,10227,10245,10244,17,0.17,10241,14,0.14,10240,10245,1400-2-11,2021-05-01
158,كگهر,سنگ آهن گهرزمين,353,483706,20933470759,44344,43014,43500,-844,-1.9,44153,-191,-0.43,43014,44279,1400-2-11,2021-05-01
159,ولساپا,ليزينگ رايان‌ سايپا,339,4793261,15194637370,3370,3170,3170,-200,-5.93,3310,-60,-1.78,3170,3170,1400-2-11,2021-05-01
160,سشمال,سيمان‌ شمال‌,327,2102606,20986636630,10280,9990,9980,-300,-2.92,10150,-130,-1.26,9980,10110,1400-2-11,2021-05-01
161,ارمغان,ص سرمايه گذاري ارمغان ايرانيان,324,11879690,121202559386,10196,10200,10200,4,0.04,10203,7,0.07,10182,10215,1400-2-11,2021-05-01
162,تصميم,صندوق س با درآمد ثابت تصميم,321,1978703,32162290400,16229,16251,16257,28,0.17,16254,25,0.15,16251,16257,1400-2-11,2021-05-01
163,وسرضوي,س.سهام عدالت استان خراسان رضوي,314,18406830,18406830000,1030,1000,1000,-30,-2.91,1030,0,0,1000,1000,1400-2-11,2021-05-01
164,آريان,سرمايه گذاري پارس آريان,312,4979909,48247491069,9875,9750,9678,-197,-1.99,9758,-117,-1.18,9678,10000,1400-2-11,2021-05-01
165,پارس,پتروشيمي پارس,312,888128,127298412270,146340,145800,143100,-3240,-2.21,143330,-3010,-2.06,142550,146500,1400-2-11,2021-05-01
166,سيدكو,سرمايه گذاري توسعه صنايع سيمان,310,2611096,15073514720,5920,5890,5770,-150,-2.53,5870,-50,-0.84,5750,5890,1400-2-11,2021-05-01
167,وتوسم,سرمايه‌گذاري‌توسعه‌ملي‌,308,1951541,15317379650,8080,7840,7840,-240,-2.97,8010,-70,-0.87,7840,8100,1400-2-11,2021-05-01
168,سشرق,سيمان‌ شرق‌,307,4089471,25399055570,6400,6210,6210,-190,-2.97,6300,-100,-1.56,6210,6350,1400-2-11,2021-05-01
169,تسه9803,امتياز تسهيلات مسكن خرداد98,297,4639,2377794707,518105,500000,510910,-7195,-1.39,512566,-5539,-1.07,492200,523000,1400-2-11,2021-05-01
170,كرماشا,صنايع پتروشيمي كرمانشاه,292,552293,18924933260,34790,34990,34760,-30,-0.09,34590,-200,-0.57,33800,34990,1400-2-11,2021-05-01
171,وايرا,سرمايه گذاري صنايع ايران,290,2051920,25396069406,12619,12367,12367,-252,-2,12377,-242,-1.92,12367,12730,1400-2-11,2021-05-01
172,غزر,صنعتي زر ماكارون,289,772372,19116207000,26320,24750,24750,-1570,-5.97,25680,-640,-2.43,24750,24750,1400-2-11,2021-05-01
173,حتايد,تايدواترخاورميانه,285,918830,23134437860,25800,25770,25030,-770,-2.98,25510,-290,-1.12,25030,26200,1400-2-11,2021-05-01
174,فسپا,گروه‌صنعتي‌سپاهان‌,282,566689,20520285410,37180,37000,36070,-1110,-2.99,36770,-410,-1.1,36070,37190,1400-2-11,2021-05-01
175,والبر,سرمايه‌ گذاري‌ البرز(هلدينگ‌,279,1913861,30680856600,16510,16020,16020,-490,-2.97,16210,-300,-1.82,16020,16470,1400-2-11,2021-05-01
176,تسه9910,امتياز تسهيلات مسكن دي99,277,2818,1490024465,532034,507500,520000,-12034,-2.26,528752,-3282,-0.62,507500,557999,1400-2-11,2021-05-01
177,كارين,صندوق س نگين سامان-ثابت,275,118280306,1190268921437,10046,10062,10063,17,0.17,10063,17,0.17,10062,10065,1400-2-11,2021-05-01
178,خريخت,صنايع‌ريخته‌گري‌ايران‌,271,3424955,9927761030,2970,2990,2890,-80,-2.69,2960,-10,-0.34,2890,2990,1400-2-11,2021-05-01
179,كاردان,صندوق س تجارت شاخصي كاردان,270,62294,9182211220,151630,151550,145580,-6050,-3.99,147400,-4230,-2.79,145580,151550,1400-2-11,2021-05-01
180,ونفت,سرمايه‌گذاري‌ صنعت‌ نفت‌,267,1373936,19271746800,14440,14300,14010,-430,-2.98,14280,-160,-1.11,14010,14520,1400-2-11,2021-05-01
181,كاما,باما,262,1268735,14856886850,12070,11710,11710,-360,-2.98,11960,-110,-0.91,11710,11710,1400-2-11,2021-05-01
182,مبين,مبين انرژي خليج فارس,257,1009881,15655009480,15670,15490,15600,-70,-0.45,15650,-20,-0.13,15210,15800,1400-2-11,2021-05-01
183,شصفها,پتروشيمي‌ اصفهان‌,254,200131,25647692561,126051,128572,128572,2521,2,128155,2104,1.67,126223,128572,1400-2-11,2021-05-01
184,عيار,صندوق سكه طلاي مفيد,252,197627,4783950175,24906,24500,24234,-672,-2.7,24207,-699,-2.81,24051,24501,1400-2-11,2021-05-01
185,واعتبار,سرمايه گذاري اعتبار ايران,241,2084901,17391105640,7930,8150,8400,470,5.93,8070,140,1.77,8150,8400,1400-2-11,2021-05-01
186,جم,پتروشيمي جم,235,212415,7620573520,35740,36600,36000,260,0.73,35750,10,0.03,35520,36800,1400-2-11,2021-05-01
187,شفن,پتروشيمي فناوران,235,51480,16207055740,318740,311080,314300,-4440,-1.39,318100,-640,-0.2,311080,318740,1400-2-11,2021-05-01
188,زر,صندوق س.پشتوانه سكه طلاي زر,234,155280,6300176372,41901,41222,40699,-1202,-2.87,40573,-1328,-3.17,40400,41650,1400-2-11,2021-05-01
189,سپاها,سيمان‌سپاهان‌,233,1346792,10802222470,8220,8060,7980,-240,-2.92,8180,-40,-0.49,7980,8210,1400-2-11,2021-05-01
190,شخارك,پتروشيمي‌ خارك‌,231,417812,17963133740,44050,44000,43000,-1050,-2.38,43860,-190,-0.43,42760,44100,1400-2-11,2021-05-01
191,فافزا,فولاد افزا سپاهان,225,250841,12863685597,52260,51215,51215,-1045,-2,51619,-641,-1.23,51215,52100,1400-2-11,2021-05-01
192,تسه9909,امتياز تسهيلات مسكن آذر99,225,2308,1222048184,530946,520000,542000,11054,2.08,529484,-1462,-0.28,511650,557493,1400-2-11,2021-05-01
193,وحكمت,بيمه حكمت صبا,221,1396824,4863661347,3534,3481,3499,-35,-0.99,3521,-13,-0.37,3464,3550,1400-2-11,2021-05-01
194,فسازان,غلتك سازان سپاهان,217,673528,21901670600,33390,32680,32390,-1000,-2.99,33000,-390,-1.17,32390,33840,1400-2-11,2021-05-01
195,وپخش,داروپخش‌ (هلدينگ‌,217,375577,35183041970,96550,93660,93660,-2890,-2.99,94470,-2080,-2.15,93660,95000,1400-2-11,2021-05-01
196,اطلس,صندوق س.توسعه اندوخته آينده-س,213,229174,46122763408,204899,207000,200015,-4884,-2.38,201257,-3642,-1.78,200010,207000,1400-2-11,2021-05-01
197,فروي,ذوب روي اصفهان,213,335420,18894879440,58074,56332,56332,-1742,-3,57395,-679,-1.17,56332,56332,1400-2-11,2021-05-01
198,وسپه,سرمايه‌گذاري‌ سپه‌,212,1442200,9108195600,6500,6380,6310,-190,-2.92,6470,-30,-0.46,6310,6400,1400-2-11,2021-05-01
199,بموتو,موتوژن‌,211,224747,11745090540,53720,52810,52110,-1610,-3,53370,-350,-0.65,52110,53000,1400-2-11,2021-05-01
200,ثشاهد,سرمايه‌ گذاري‌ شاهد,211,607636,10068528520,17620,16570,16570,-1050,-5.96,17400,-220,-1.25,16570,16570,1400-2-11,2021-05-01
201,تسه9810,امتياز تسهيلات مسكن دي98,210,4564,2405736578,529204,513900,544000,14796,2.8,527111,-2093,-0.4,510001,548000,1400-2-11,2021-05-01
202,تايرا,تراكتورسازي‌ايران‌,206,762606,20305759250,27280,26470,26470,-810,-2.97,27010,-270,-0.99,26470,27430,1400-2-11,2021-05-01
203,وسفارس,شركت س استان فارس,202,14013000,14013000000,1030,1000,1000,-30,-2.91,1030,0,0,1000,1000,1400-2-11,2021-05-01
204,تسه9902,امتياز تسهيلات مسكن ارديبهشت99,200,4500,2388364405,539193,513034,516477,-22716,-4.21,530748,-8445,-1.57,513034,540000,1400-2-11,2021-05-01
205,خزاميا,زامياد,197,3636564,31674472440,8970,8710,8710,-260,-2.9,8800,-170,-1.9,8710,8710,1400-2-11,2021-05-01
206,آساميد,صندوق س.مشترك آسمان اميد -د,196,8712476,104186108309,11945,11953,11959,14,0.12,11958,13,0.11,11952,11959,1400-2-11,2021-05-01
207,پارسيان,بيمه پارسيان,195,1001087,9545728090,9800,9860,9510,-290,-2.96,9750,-50,-0.51,9510,9860,1400-2-11,2021-05-01
208,دالبرح,ح . البرزدارو,190,848611,8032762220,10040,9850,9440,-600,-5.98,9470,-570,-5.68,9440,9900,1400-2-11,2021-05-01
209,قپيرا,فرآورده‌هاي‌غدايي‌وقندپيرانشهر,186,66896,6898698840,103010,108450,99950,-3060,-2.97,103030,20,0.02,99920,108450,1400-2-11,2021-05-01
210,ضخود7075,اختيارخ خودرو-2000-1400/07/07,186,6682,2236443000,376,350,314,-62,-16.49,335,-41,-10.9,314,419,1400-2-11,2021-05-01
211,صايند,صندوق س. گنجينه آينده روشن-د,173,1701120,16628903370,9914,9849,9781,-133,-1.34,9775,-139,-1.4,9750,9849,1400-2-11,2021-05-01
212,قشرين,قند شيرين خراسان,172,2139716,27180812348,13232,12703,12703,-529,-4,12703,-529,-4,12703,12703,1400-2-11,2021-05-01
213,اخابر,مخابرات ايران,170,3301304,31362388000,9790,9500,9500,-290,-2.96,9710,-80,-0.82,9500,9500,1400-2-11,2021-05-01
214,شبصير,توليدات پتروشيمي قائد بصير,166,75204,4999375008,68173,66550,66128,-2045,-3,67999,-174,-0.26,66128,69999,1400-2-11,2021-05-01
215,فيروزه,صندوق شاخص30 شركت فيروزه- سهام,165,88362,11528338420,132310,133980,129800,-2510,-1.9,130470,-1840,-1.39,129500,133980,1400-2-11,2021-05-01
216,كالا,بورس كالاي ايران,164,290182,8850551000,32440,30500,30500,-1940,-5.98,32070,-370,-1.14,30500,30500,1400-2-11,2021-05-01
217,تسه9907,امتياز تسهيلات مسكن مهر99,164,2413,1272424478,526272,513200,534000,7728,1.47,527321,1049,0.2,511110,540000,1400-2-11,2021-05-01
218,شساخت,مهندسي و ساختمان صنايع نفت,159,181306,7035521297,38821,38045,38045,-776,-2,38818,-3,-0.01,38045,39490,1400-2-11,2021-05-01
219,آساس,صندوق س.آسمان آرماني سهام-س,158,42827,7090030290,168127,168500,164200,-3927,-2.34,165550,-2577,-1.53,164000,168500,1400-2-11,2021-05-01
220,كاريس,صندوق س.سپهر كاريزما-س,156,912662,9550212140,10609,10690,10419,-190,-1.79,10464,-145,-1.37,10301,10895,1400-2-11,2021-05-01
221,گوهر,صندوق سكه طلاي كيان,154,158938,7533588294,48514,48500,47302,-1212,-2.5,47400,-1114,-2.3,47028,48500,1400-2-11,2021-05-01
222,لوتوس,تامين سرمايه لوتوس پارسيان,148,348166,3247722490,9350,9600,9300,-50,-0.53,9350,0,0,9210,9600,1400-2-11,2021-05-01
223,كيان2,صندوق س. با درآمد ثابت كيان,145,14500000,14500000,28191,1,1,-28190,-100,1,-28190,-100,1,1,1400-2-11,2021-05-01
224,وصندوق,سرمايه‌گذاري‌صندوق‌بازنشستگي‌,145,1294656,18204889350,14480,14050,14050,-430,-2.97,14410,-70,-0.48,14050,14510,1400-2-11,2021-05-01
225,وسبحان,سرمايه گذاري سبحان,142,10048313,28919044814,2966,2878,2878,-88,-2.97,2914,-52,-1.75,2878,2878,1400-2-11,2021-05-01
226,اخزا910,اسنادخزانه-م10بودجه99-020807,141,346198,210241346349,607621,607000,608000,379,0.06,607286,-335,-0.06,606000,608450,1400-2-11,2021-05-01
227,ثمسكن,سرمايه‌گذاري‌ مسكن‌,141,1398007,6728411430,4950,4810,4810,-140,-2.83,4930,-20,-0.4,4810,4900,1400-2-11,2021-05-01
228,گكوثر,هتل پارسيان كوثر اصفهان,141,1952185,4363324869,2302,2234,2233,-69,-3,2296,-6,-0.26,2233,2260,1400-2-11,2021-05-01
229,ما,بيمه  ما,140,916867,6678734250,7450,7310,7230,-220,-2.95,7430,-20,-0.27,7230,7530,1400-2-11,2021-05-01
230,بترانس,ايران‌ ترانسفو,139,1128310,3125418700,2850,2770,2770,-80,-2.81,2840,-10,-0.35,2770,2770,1400-2-11,2021-05-01
231,كپرور,فرآوري زغال سنگ پروده طبس,138,424401,15153171203,36804,35700,35700,-1104,-3,36461,-343,-0.93,35700,35732,1400-2-11,2021-05-01
232,غصينو,صنعتي مينو,136,315253,20622905501,67440,65417,65417,-2023,-3,67010,-430,-0.64,65417,65417,1400-2-11,2021-05-01
233,شلعابح,ح . لعابيران‌,135,1900000,21887668120,12240,13000,11600,-640,-5.23,11520,-720,-5.88,11510,13000,1400-2-11,2021-05-01
234,بفجر,فجر انرژي خليج فارس,133,798408,16743691930,21580,21230,20940,-640,-2.97,21390,-190,-0.88,20940,21300,1400-2-11,2021-05-01
235,سحرخيز,صندوق س. گروه زعفران سحرخيز,130,406822,3841930907,9532,9570,9366,-166,-1.74,9444,-88,-0.92,9360,9650,1400-2-11,2021-05-01
236,دارا,صندوق س. دارا الگوريتم-د,122,1520409,15227893022,10000,10039,10018,18,0.18,10016,16,0.16,9999,10039,1400-2-11,2021-05-01
237,ثباغ,شهر سازي و خانه سازي باغميشه,122,961999,14638092355,15686,15216,15216,-470,-3,15544,-142,-0.91,15216,15400,1400-2-11,2021-05-01
238,لبوتان,گروه‌صنعتي‌بوتان‌,122,28633,1709835670,60520,59560,59420,-1100,-1.82,60490,-30,-0.05,59010,61000,1400-2-11,2021-05-01
239,وبهمن,سرمايه‌گذاري‌بهمن‌,120,886004,12466076280,14500,14070,14070,-430,-2.97,14390,-110,-0.76,14070,14070,1400-2-11,2021-05-01
240,سكرما,سيمان‌ كرمان‌,117,403436,6232952390,15880,15890,15410,-470,-2.96,15820,-60,-0.38,15410,15890,1400-2-11,2021-05-01
241,نهال,صندوق س. طلاي سرخ نوويرا,116,270443,2533750412,9547,9432,9317,-230,-2.41,9369,-178,-1.86,9300,9590,1400-2-11,2021-05-01
242,فخاس,فولاد خراسان,115,610274,15696460220,26510,25720,25720,-790,-2.98,26380,-130,-0.49,25720,25870,1400-2-11,2021-05-01
243,سپاس,صندوق س. پاداش سهامداري-ثابت,114,1638273,16630757564,10133,10153,10151,18,0.18,10151,18,0.18,10150,10153,1400-2-11,2021-05-01
244,معيار ,سرمايه گذاري معيار صنعت پارس,114,285385,17147643110,58336,60086,60086,1750,3,59793,1457,2.5,60086,60086,1400-2-11,2021-05-01
245,ضشنا2002,اختيارخ شپنا-12000-1400/02/27,111,5192,1111664000,331,181,177,-154,-46.53,214,-117,-35.35,147,412,1400-2-11,2021-05-01
246,بكهنوج,توليد برق ماهتاب كهنوج,110,1627459,2600679482,1647,1598,1598,-49,-2.98,1644,-3,-0.18,1598,1598,1400-2-11,2021-05-01
247,آكورد2,صندوق س. آرمان آتي كوثر-د,110,11000000,11000000,31802,1,1,-31801,-100,1,-31801,-100,1,1,1400-2-11,2021-05-01
248,ساوه,سيمان ساوه,105,470283,25892841414,56760,55058,55058,-1702,-3,55851,-909,-1.6,55058,55058,1400-2-11,2021-05-01
249,زشريف,كشت وصنعت شريف آباد,105,761720,3861441620,5222,5066,5066,-156,-2.99,5210,-12,-0.23,5066,5100,1400-2-11,2021-05-01
250,تسه9905,امتياز تسهيلات مسكن مرداد99,102,1510,814761995,536423,519555,563244,26821,5,539577,3154,0.59,511251,563244,1400-2-11,2021-05-01
251,تسه9906,امتياز تسهيلات مسكن شهريور99,100,981,514355929,529755,515505,537900,8145,1.54,524318,-5437,-1.03,504009,538000,1400-2-11,2021-05-01
252,تسه9904,امتياز تسهيلات مسكن تير99,99,1550,823373009,542743,517506,530000,-12743,-2.35,531208,-11535,-2.13,515606,569000,1400-2-11,2021-05-01
253,زعف0008پ10,زعفران0008نگين طلاي سرخ(پ),98,25138,3245443234,134057,129500,124200,-9857,-7.35,129105,-4952,-3.69,124123,137170,1400-2-11,2021-05-01
254,شيراز,پتروشيمي‌شيراز,98,160655,8365102000,53320,53000,52880,-440,-0.83,53210,-110,-0.21,51770,53000,1400-2-11,2021-05-01
255,سكه0112پ03,تمام سكه طرح جديد0112سامان,94,47800,45830750600,984296,970996,961001,-23295,-2.37,958802,-25494,-2.59,954500,970996,1400-2-11,2021-05-01
256,اخزا902,اسنادخزانه-م2بودجه99-011019,93,131309,93625548168,712956,710259,712740,-216,-0.03,713017,61,0.01,710259,714000,1400-2-11,2021-05-01
257,ورنا,سرمايه‌گذاري‌ رنا(هلدينگ‌,92,662333,3424261610,5490,5170,5170,-320,-5.83,5470,-20,-0.36,5170,5170,1400-2-11,2021-05-01
258,مارون,پتروشيمي مارون,92,136556,20163548033,152137,148071,147573,-4564,-3,151206,-931,-0.61,147573,151800,1400-2-11,2021-05-01
259,تسه9903,امتياز تسهيلات مسكن خرداد99,89,763,409825831,532974,559622,536000,3026,0.57,537124,4150,0.78,507300,559622,1400-2-11,2021-05-01
260,سكه0011پ02,تمام سكه طرح جديد0011ملت,88,17100,16370678100,984227,965000,963900,-20327,-2.07,957350,-26877,-2.73,954000,965000,1400-2-11,2021-05-01
261,اخزا903,اسنادخزانه-م3بودجه99-011110,87,78167,55050341281,704111,704000,704130,19,0,704266,155,0.02,703600,705890,1400-2-11,2021-05-01
262,شاوان,پالايش نفت لاوان,86,104831,8546032782,84043,81522,81522,-2521,-3,83599,-444,-0.53,81522,81522,1400-2-11,2021-05-01
263,شكبير,پتروشيمي اميركبير,85,426558,36314567501,86662,84930,84929,-1733,-2,86097,-565,-0.65,84929,87488,1400-2-11,2021-05-01
264,اتكاي,بيمه اتكايي ايرانيان,82,284026,4722532218,17020,16748,16510,-510,-3,16982,-38,-0.22,16510,16748,1400-2-11,2021-05-01
265,زعف0008پ05,زعفران0008نگين زرين(پ),82,44480,5587610789,129530,126000,124108,-5422,-4.19,125621,-3909,-3.02,124108,127999,1400-2-11,2021-05-01
266,اخزا901,اسنادخزانه-م1بودجه99-010621,82,73895,56185111529,760696,758501,760696,0,0,760337,-359,-0.05,758500,762000,1400-2-11,2021-05-01
267,تسه9812,امتياز تسهيلات مسكن اسفند98,81,520,277032949,535029,510278,513800,-21229,-3.97,532756,-2273,-0.42,510278,561780,1400-2-11,2021-05-01
268,خاتم,صندوق س خاتم ايساتيس پويا-ثابت,81,551975,6090634496,11020,11028,11036,16,0.15,11034,14,0.13,11028,11037,1400-2-11,2021-05-01
269,فاراك,ماشين‌ سازي‌ اراك‌,81,2104723,4925051820,2410,2340,2340,-70,-2.9,2400,-10,-0.41,2340,2340,1400-2-11,2021-05-01
270,وبازار,صندوق س شاخصي بازارآشنا,80,404562,3641633410,9090,9040,8990,-100,-1.1,9000,-90,-0.99,8870,9270,1400-2-11,2021-05-01
271,سخاش,سيمان‌خاش‌,77,139395,20319609150,150270,145770,145770,-4500,-2.99,148380,-1890,-1.26,145770,145770,1400-2-11,2021-05-01
272,خراسان,پتروشيمي خراسان,76,57134,3891629120,69790,68110,67780,-2010,-2.88,69660,-130,-0.19,67720,69810,1400-2-11,2021-05-01
273,تسه9901,امتياز تسهيلات مسكن فروردين99,76,592,320193095,544123,516988,518010,-26113,-4.8,540867,-3256,-0.6,516988,571328,1400-2-11,2021-05-01
274,آتيمس,صندوق س.آرمان آتيه درخشان مس-س,74,13880,2455549377,178076,179000,176000,-2076,-1.17,176913,-1163,-0.65,176000,181150,1400-2-11,2021-05-01
275,فيروزا,صندوق بادرآمد ثابت فيروزه آسيا,72,1963371,44564759703,22698,22810,22719,21,0.09,22698,0,0,22690,22810,1400-2-11,2021-05-01
276,ضجار2003,اختيارخ وتجارت-3000-1400/02/22,72,3393,54020000,56,40,10,-46,-82.14,16,-40,-71.43,9,41,1400-2-11,2021-05-01
277,شتولي,تولي‌پرس‌,71,166272,5502771840,32447,33095,33095,648,2,32797,350,1.08,33095,33095,1400-2-11,2021-05-01
278,اتكام,شركت بيمه اتكايي امين,71,895082,4149053405,4775,4632,4632,-143,-2.99,4763,-12,-0.25,4632,4717,1400-2-11,2021-05-01
279,تسه9811,امتياز تسهيلات مسكن بهمن98,68,381,199934760,528305,502390,519100,-9205,-1.74,524763,-3542,-0.67,502390,544000,1400-2-11,2021-05-01
280,اخزا908,اسنادخزانه-م8بودجه99-020606,67,118737,74712191393,631393,628000,628900,-2493,-0.39,629224,-2169,-0.34,626561,630111,1400-2-11,2021-05-01
281,ملت,بيمه ملت,66,70856,1040166080,15610,14680,14680,-930,-5.96,15590,-20,-0.13,14680,14680,1400-2-11,2021-05-01
282,وآرين,شركت توسعه اقتصادي آرين,64,1284083,4433938599,3523,3453,3453,-70,-1.99,3507,-16,-0.45,3453,3453,1400-2-11,2021-05-01
283,دارو,كارخانجات‌داروپخش‌,63,220672,7205202880,33650,32650,32650,-1000,-2.97,33500,-150,-0.45,32650,32750,1400-2-11,2021-05-01
284,تسه9809,امتياز تسهيلات مسكن آذر98,62,542,284746403,526306,499991,510001,-16305,-3.1,525362,-944,-0.18,499991,535000,1400-2-11,2021-05-01
285,دسبحا,گروه دارويي سبحان,62,332104,6190051600,19170,18600,18600,-570,-2.97,19100,-70,-0.37,18600,19000,1400-2-11,2021-05-01
286,فردا,صندوق س آواي فرداي زاگرس-ثابت,61,342085,3628603453,10589,10606,10607,18,0.17,10607,18,0.17,10606,10609,1400-2-11,2021-05-01
287,اوصتا,صندوق انديشه ورزان صباتامين -د,59,1126712,20836904170,18477,18496,18505,28,0.15,18494,17,0.09,17738,18505,1400-2-11,2021-05-01
288,سكه0012پ04,تمام سكه طرح جديد0012صادرات,59,18000,17234697200,984578,965000,962000,-22578,-2.29,957483,-27095,-2.75,953000,965000,1400-2-11,2021-05-01
289,سبزوا,سيمان لار سبزوار,59,370927,1199577918,3334,3234,3234,-100,-3,3332,-2,-0.06,3234,3234,1400-2-11,2021-05-01
290,خودكفا,اقتصادي و خودكفايي آزادگان,56,310203,5521613400,18163,17800,17800,-363,-2,18110,-53,-0.29,17800,17800,1400-2-11,2021-05-01
291,انرژي3,سايراشخاص بورس انرژي,56,6993,1705592700,251440,243900,243900,-7540,-3,251220,-220,-0.09,243900,243900,1400-2-11,2021-05-01
292,كبافق,معادن‌ بافق‌,56,228987,10817345880,48700,47240,47240,-1460,-3,48370,-330,-0.68,47240,47240,1400-2-11,2021-05-01
293,بمپنا,توليد برق عسلويه  مپنا,55,23808,1641488703,70357,68248,68247,-2110,-3,70310,-47,-0.07,68247,69922,1400-2-11,2021-05-01
294,وپويا,سرمايه گذاري پويا,55,860773,5451275409,6528,6333,6333,-195,-2.99,6506,-22,-0.34,6333,6333,1400-2-11,2021-05-01
295,زرين,صندوق س. سهام زرين كوروش-س,55,56198,523911961,9468,9470,9300,-168,-1.77,9323,-145,-1.53,9270,9470,1400-2-11,2021-05-01
296,تسه9804,امتياز تسهيلات مسكن تير98,55,1008,532148426,537369,513110,537870,501,0.09,527925,-9444,-1.76,513110,540999,1400-2-11,2021-05-01
297,تسه9806,امتياز تسهيلات مسكن شهريور98,54,428,223911402,532365,512000,521101,-11264,-2.12,523157,-9208,-1.73,512000,530000,1400-2-11,2021-05-01
298,اخزا909,اسنادخزانه-م9بودجه99-020316,54,159421,104823820089,657493,660000,656016,-1477,-0.22,657528,35,0.01,654500,660000,1400-2-11,2021-05-01
299,ضملي3003,اختيارخ فملي-12000-1400/03/02,54,919,368992000,859,500,410,-449,-52.27,402,-457,-53.2,300,510,1400-2-11,2021-05-01
300,خمهر,مهركام‌پارس‌,54,1120285,2576655500,2440,2300,2300,-140,-5.74,2430,-10,-0.41,2300,2300,1400-2-11,2021-05-01
301,تسه9805,امتياز تسهيلات مسكن مرداد98,53,733,392119330,538495,528110,538000,-495,-0.09,534951,-3544,-0.66,517260,558100,1400-2-11,2021-05-01
302,شتوكا,توكا رنگ فولاد سپاهان,53,1203105,62046531060,53167,51572,51572,-1595,-3,51572,-1595,-3,51572,51572,1400-2-11,2021-05-01
303,ونيرو,سرمايه‌گذاري‌نيرو,53,2244529,5656213080,2590,2520,2520,-70,-2.7,2580,-10,-0.39,2520,2520,1400-2-11,2021-05-01
304,واتي,سرمايه‌ گذاري‌ آتيه‌ دماوند,51,636479,6409343530,10380,10070,10070,-310,-2.99,10340,-40,-0.39,10070,10070,1400-2-11,2021-05-01
305,سباقر,سيمان باقران,50,135385,2121954040,15968,15650,15649,-319,-2,15936,-32,-0.2,15649,16240,1400-2-11,2021-05-01
306,دمعيار,صندوق س. توازن معيار-د,49,1984953,19960342124,10040,10055,10054,14,0.14,10056,16,0.16,10054,10060,1400-2-11,2021-05-01
307,سپر,صندوق س سپر سرمايه بيدار- ثابت,49,752994,8857713997,11759,11764,11764,5,0.04,11763,4,0.03,11762,11764,1400-2-11,2021-05-01
308,ساروج,بين المللي ساروج بوشهر,48,320576,5851612236,18623,18276,18251,-372,-2,18513,-110,-0.59,18251,18285,1400-2-11,2021-05-01
309,اخزا905,اسنادخزانه-م5بودجه99-020218,46,258710,172376988887,665964,669000,665550,-414,-0.06,666294,330,0.05,664511,669000,1400-2-11,2021-05-01
310,شپترو,پتروشيمي آبادان,46,3228398,15551193166,4915,4817,4817,-98,-1.99,4837,-78,-1.59,4817,4817,1400-2-11,2021-05-01
311,تكمبا,كمباين‌ سازي‌ ايران‌,45,1164398,8919288680,7890,7660,7660,-230,-2.92,7850,-40,-0.51,7660,7660,1400-2-11,2021-05-01
312,افق ملت,صندوق س در سهام افق ملت,44,25206,3097881310,122890,124900,122500,-390,-0.32,122900,10,0.01,122500,124900,1400-2-11,2021-05-01
313,ثفارس,عمران‌وتوسعه‌فارس‌,43,122711,1155937620,10020,9420,9420,-600,-5.99,10010,-10,-0.1,9420,9420,1400-2-11,2021-05-01
314,كزغال,زغال سنگ پروده طبس,43,11826,367079040,31999,31040,31040,-959,-3,31992,-7,-0.02,31040,31040,1400-2-11,2021-05-01
315,پتاير,ايران‌ تاير,43,155375,553135000,3670,3560,3560,-110,-3,3670,0,0,3560,3560,1400-2-11,2021-05-01
316,اراد50,مرابحه عام دولت5-ش.خ0302,43,533500,533500012000,1000000,1000000,1000000,0,0,1000000,0,0,1000000,1000001,1400-2-11,2021-05-01
317,اراد35,مرابحه عام دولت3-ش.خ 0103,42,435000,412739100000,960000,948800,948820,-11180,-1.16,948825,-11175,-1.16,948800,948875,1400-2-11,2021-05-01
318,ثاخت,بين‌المللي‌توسعه‌ساختمان,42,279863,674469830,2480,2410,2410,-70,-2.82,2480,0,0,2410,2410,1400-2-11,2021-05-01
319,تسه9808,امتياز تسهيلات مسكن آبان98,42,367,193472237,527860,510000,536000,8140,1.54,527172,-688,-0.13,501469,536000,1400-2-11,2021-05-01
320,چكاپا,گروه صنايع كاغذ پارس,41,274097,1381448880,5190,5040,5040,-150,-2.89,5190,0,0,5040,5040,1400-2-11,2021-05-01
321,ضخود7077,اختيارخ خودرو-3000-1400/07/07,40,1725,136110000,96,75,80,-16,-16.67,79,-17,-17.71,74,84,1400-2-11,2021-05-01
322,فپنتا,سپنتا,40,9798,3867956460,406970,394770,394770,-12200,-3,406000,-970,-0.24,394770,394770,1400-2-11,2021-05-01
323,كرازي,كارخانجات‌توليدي‌شيشه‌رازي‌,40,94696,2074789360,22580,21910,21910,-670,-2.97,22550,-30,-0.13,21910,21910,1400-2-11,2021-05-01
324,وثوق,سرمايه گذاري وثوق امين,39,316823,5586539959,18367,17633,17633,-734,-4,18153,-214,-1.17,17633,17633,1400-2-11,2021-05-01
325,همبين102,اختيارف ت مبين17952-01/02/10,39,1000000,528000000,514,528,528,14,2.72,528,14,2.72,528,528,1400-2-11,2021-05-01
326,اخزا914,اسنادخزانه-م14بودجه99-021025,39,48476,28190015406,580018,582998,580000,-18,0,581525,1507,0.26,580000,584997,1400-2-11,2021-05-01
327,اخزا815,اسنادخزانه-م15بودجه98-010406,38,25350,20230164686,798656,794521,800000,1344,0.17,798034,-622,-0.08,794521,800000,1400-2-11,2021-05-01
328,كوير,توليدي فولاد سپيد فراب كوير,37,1002909,19436376420,19970,19380,19380,-590,-2.95,19830,-140,-0.7,19380,19380,1400-2-11,2021-05-01
329,هنوري102,اختيارف ت نوري59561-01/02/15,37,300000,168300000,121,561,561,440,363.64,561,440,363.64,561,561,1400-2-11,2021-05-01
330,شاملا,معدني‌ املاح‌  ايران‌,36,75853,3691006980,50160,48660,48660,-1500,-2.99,50050,-110,-0.22,48660,48660,1400-2-11,2021-05-01
331,خمحركه,نيرو محركه‌,35,147838,660835860,4600,4470,4470,-130,-2.83,4600,0,0,4470,4470,1400-2-11,2021-05-01
332,زعف0008پ18,زعفران0008نگين بهرامن(پ),34,2850,369411550,134535,136990,126800,-7735,-5.75,129618,-4917,-3.65,126800,136990,1400-2-11,2021-05-01
333,بخاور,بيمه زندگي خاورميانه,34,123371,811534438,6781,6578,6578,-203,-2.99,6778,-3,-0.04,6578,6578,1400-2-11,2021-05-01
334,وبشهر,توسعه‌ صنايع‌ بهشهر(هلدينگ,33,933681,9803650500,10820,10500,10500,-320,-2.96,10760,-60,-0.55,10500,10500,1400-2-11,2021-05-01
335,تسه9807,امتياز تسهيلات مسكن مهر98,33,218,113191188,535931,510001,529990,-5941,-1.11,519226,-16705,-3.12,510001,529990,1400-2-11,2021-05-01
336,ضملت3002,اختيارخ وبملت-4000-1400/03/19,33,631,392495000,791,660,590,-201,-25.41,622,-169,-21.37,540,900,1400-2-11,2021-05-01
337,لسرما,سرما آفرين‌,32,319647,7511704500,24220,23500,23500,-720,-2.97,24110,-110,-0.45,23500,23500,1400-2-11,2021-05-01
338,شوينده,مديريت صنعت شوينده ت.ص.بهشهر,32,38029,959091380,26000,25220,25220,-780,-3,25980,-20,-0.08,25220,25220,1400-2-11,2021-05-01
339,فراز,صندوق س.سهام فراز داريك-س,31,194332,1991293796,10243,10247,10250,7,0.07,10247,4,0.04,10246,10250,1400-2-11,2021-05-01
340,ضجار2002,اختيارخ وتجارت-2500-1400/02/22,31,1895,257158000,211,230,95,-116,-54.98,136,-75,-35.55,95,230,1400-2-11,2021-05-01
341,اخزا817,اسنادخزانه-م17بودجه98-010512,31,22993,17937772076,784302,776111,779801,-4501,-0.57,780141,-4161,-0.53,776111,781000,1400-2-11,2021-05-01
342,وپست,پست بانك ايران,30,129880,2645655600,20990,20370,20370,-620,-2.95,20960,-30,-0.14,20370,20370,1400-2-11,2021-05-01
343,زعف0008پ16,زعفران0008نگين بيرجند(پ),30,6206,773733070,128294,126000,124108,-4186,-3.26,124675,-3619,-2.82,124108,126000,1400-2-11,2021-05-01
344,اخزا808,اسنادخزانه-م8بودجه98-000817,30,10882,9811287041,899847,899001,907000,7153,0.79,901607,1760,0.2,899001,907000,1400-2-11,2021-05-01
345,سدشت,صنايع سيمان دشتستان,30,20986,1558210500,70050,74250,74250,4200,6,70170,120,0.17,74250,74250,1400-2-11,2021-05-01
346,پكرمان,گروه‌ صنعتي‌ بارز,30,453987,11195319420,25420,24660,24660,-760,-2.99,25240,-180,-0.71,24660,24660,1400-2-11,2021-05-01
347,ضملي7002,اختيارخ فملي-9720-1400/07/11,30,509,1439360000,3651,2860,2840,-811,-22.21,2828,-823,-22.54,2800,2860,1400-2-11,2021-05-01
348,وملي,گروه‌ صنعتي‌ ملي‌ (هلدينگ‌,29,3838,636532300,170970,165850,165850,-5120,-2.99,170900,-70,-0.04,165850,165850,1400-2-11,2021-05-01
349,زعف0008پ11,زعفران0008نگين سحرخيز(پ),29,19801,2484525312,131161,130000,124108,-7053,-5.38,125475,-5686,-4.34,124108,130000,1400-2-11,2021-05-01
350,زفكا,كشت و دامداري فكا,29,1283301,15978380751,12836,12451,12451,-385,-3,12709,-127,-0.99,12451,12451,1400-2-11,2021-05-01
351,دفرا,فرآورده‌هاي‌ تزريقي‌ ايران‌,28,110850,2814481500,26170,25390,25390,-780,-2.98,26120,-50,-0.19,25390,25390,1400-2-11,2021-05-01
352,شفارا,پتروشيمي فارابي,28,886331,3234221819,3801,3649,3649,-152,-4,3775,-26,-0.68,3649,3649,1400-2-11,2021-05-01
353,جوين,كشت و صنعت جوين,28,193520,947280400,4994,4895,4895,-99,-1.98,4989,-5,-0.1,4895,4895,1400-2-11,2021-05-01
354,غگرجي,بيسكويت‌  گرجي‌,27,508652,9054005600,18350,17800,17800,-550,-3,18250,-100,-0.54,17800,17800,1400-2-11,2021-05-01
355,ثبهساز,بهساز كاشانه تهران,27,145993,327024320,2300,2240,2240,-60,-2.61,2300,0,0,2240,2240,1400-2-11,2021-05-01
356,بكام,كارخانجات توليدي شهيد قندي,27,204295,784492800,3950,3840,3840,-110,-2.78,3950,0,0,3840,3840,1400-2-11,2021-05-01
357,لپارس,پارس‌ الكتريك‌,25,44621,3996702970,92330,89570,89570,-2760,-2.99,92100,-230,-0.25,89570,89570,1400-2-11,2021-05-01
358,چدن,توليدي چدن سازان,25,38973,924049830,24440,23710,23710,-730,-2.99,24430,-10,-0.04,23710,23710,1400-2-11,2021-05-01
359,ستران,سيمان‌ تهران‌,25,28829,655859750,23450,22750,22750,-700,-2.99,23440,-10,-0.04,22750,22750,1400-2-11,2021-05-01
360,گوهر2,صندوق سكه طلاي كيان,25,250000,250000,48514,1,1,-48513,-100,1,-48513,-100,1,1,1400-2-11,2021-05-01
361,رتاپ,تجارت الكترونيك  پارسيان,25,30238,203199360,6920,6720,6720,-200,-2.89,6920,0,0,6720,6720,1400-2-11,2021-05-01
362,هپارس102,اختيارف ت پارس-157010-01/02/05,25,150000,150000,1,1,1,0,0,1,0,0,1,1,1400-2-11,2021-05-01
363,اخزا911,اسنادخزانه-م11بودجه99-020906,25,34259,20483443364,597757,595000,595170,-2587,-0.43,597900,143,0.02,593087,599929,1400-2-11,2021-05-01
364,ضخود7074,اختيارخ خودرو-1800-1400/07/07,25,597,267128000,477,599,429,-48,-10.06,447,-30,-6.29,366,599,1400-2-11,2021-05-01
365,اخزا818,اسنادخزانه-م18بودجه98-010614,24,12346,9481846427,768618,764555,769500,882,0.11,768010,-608,-0.08,764555,773202,1400-2-11,2021-05-01
366,هجرتح,ح . پخش هجرت,24,608761,12281940528,20668,20500,20048,-620,-3,20175,-493,-2.39,20048,20500,1400-2-11,2021-05-01
367,ودي,بيمه  دي,24,106153,2159258173,20970,20341,20341,-629,-3,20942,-28,-0.13,20341,20341,1400-2-11,2021-05-01
368,اخزا907,اسنادخزانه-م7بودجه99-020704,23,122390,75836843730,617117,618000,620000,2883,0.47,619633,2516,0.41,615523,620000,1400-2-11,2021-05-01
369,پلوله,گازلوله‌,23,232406,6652621750,27792,28625,28625,833,3,28061,269,0.97,28625,28625,1400-2-11,2021-05-01
370,داروح,ح . كارخانجات‌داروپخش,23,89177,2089756110,24920,23450,23430,-1490,-5.98,23430,-1490,-5.98,23430,23450,1400-2-11,2021-05-01
371,برن0003پ01,برنج طارم0003تجارت مازندران(پ),23,4197,1157502000,275076,275000,278000,2924,1.06,275793,717,0.26,275000,278000,1400-2-11,2021-05-01
372,غپينو,پارس‌ مينو,22,58529,359953350,6340,6150,6150,-190,-3,6340,0,0,6150,6150,1400-2-11,2021-05-01
373,ولملت,واسپاري ملت,22,1303903,10183482430,8050,7810,7810,-240,-2.98,8000,-50,-0.62,7810,7810,1400-2-11,2021-05-01
374,پكوير,كوير تاير,22,42779,533881920,12860,12480,12480,-380,-2.95,12860,0,0,12480,12480,1400-2-11,2021-05-01
375,ضپاس2002,اختيارخ وپارس-3000-1400/02/29,22,1180,19580000,50,35,17,-33,-66,17,-33,-66,14,35,1400-2-11,2021-05-01
376,ثروتم,صندوق س. ثروت آفرين پارسيان-س,21,48290,3534431200,73568,74054,72116,-1452,-1.97,73192,-376,-0.51,72116,74054,1400-2-11,2021-05-01
377,شكلر,نيروكلر,21,31198,1456322640,48120,46680,46680,-1440,-2.99,48080,-40,-0.08,46680,46680,1400-2-11,2021-05-01
378,ثنور,سرمايه گذاري كوه نور,21,199418,1862165284,9727,9338,9338,-389,-4,9689,-38,-0.39,9338,9338,1400-2-11,2021-05-01
379,اخزا806,اسنادخزانه-م6بودجه98-000519,21,5861,5543038970,945907,943571,948990,3083,0.33,945750,-157,-0.02,943570,948990,1400-2-11,2021-05-01
380,باران,بيمه زندگي باران50%تاديه,21,364960,1398891680,3722,3833,3833,111,2.98,3730,8,0.21,3833,3833,1400-2-11,2021-05-01
381,كسعدي,كاشي‌ سعدي‌,21,8580,172286400,21360,20080,20080,-1280,-5.99,21360,0,0,20080,20080,1400-2-11,2021-05-01
382,ولبهمن,شركت بهمن ليزينگ,20,1108750,8276818750,7695,7465,7465,-230,-2.99,7656,-39,-0.51,7465,7465,1400-2-11,2021-05-01
383,سمگا,گروه سرمايه گذاري ميراث فرهنگي,20,30222,841199148,28694,27834,27834,-860,-3,28680,-14,-0.05,27834,27834,1400-2-11,2021-05-01
384,اخزا904,اسنادخزانه-م4بودجه99-011215,20,53095,37164952290,694987,699980,694735,-252,-0.04,699971,4984,0.72,694735,700001,1400-2-11,2021-05-01
385,حتوكا,حمل‌ونقل‌توكا,20,12390,357203700,30660,28830,28830,-1830,-5.97,30650,-10,-0.03,28830,28830,1400-2-11,2021-05-01
386,اطلس2,صندوق س.توسعه اندوخته آينده-س,20,200000,200000,204899,1,1,-204898,-100,1,-204898,-100,1,1,1400-2-11,2021-05-01
387,اخزا811,اسنادخزانه-م11بودجه98-001013,19,21545,18935942923,874911,873001,875023,112,0.01,878902,3991,0.46,873001,880000,1400-2-11,2021-05-01
388,ضخود7072,اختيارخ خودرو-1400-1400/07/07,19,369,287707000,794,855,789,-5,-0.63,780,-14,-1.76,730,855,1400-2-11,2021-05-01
389,كخاك,صنايع‌خاك‌چيني‌ايران‌,19,13849,545650600,40610,39400,39400,-1210,-2.98,40600,-10,-0.02,39400,39400,1400-2-11,2021-05-01
390,ريشمك,توليد و صادرات ريشمك,19,100690,5544796920,56771,55068,55068,-1703,-3,56576,-195,-0.34,55068,55068,1400-2-11,2021-05-01
391,ضترا3000,اختيارخ شتران-6000-1400/03/09,19,229,575060000,2780,2780,2510,-270,-9.71,2511,-269,-9.68,2510,2780,1400-2-11,2021-05-01
392,تليسه,دامداري تليسه نمونه,19,97158,410298234,4353,4223,4223,-130,-2.99,4352,-1,-0.02,4223,4223,1400-2-11,2021-05-01
393,غپآذر,شير پگاه آذربايجان شرقي,18,8501,542083267,65739,63767,63767,-1972,-3,65717,-22,-0.03,63767,63767,1400-2-11,2021-05-01
394,وآيند,بانك  آينده,18,45418,728777228,16373,16046,16046,-327,-2,16371,-2,-0.01,16046,16046,1400-2-11,2021-05-01
395,ضشنا8003,اختيارخ شپنا-8800-1400/08/16,18,125,261800000,2550,2000,2100,-450,-17.65,2094,-456,-17.88,2000,2100,1400-2-11,2021-05-01
396,ضملت3001,اختيارخ وبملت-3500-1400/03/19,18,168,169590000,1293,1000,1001,-292,-22.58,1009,-284,-21.96,965,1100,1400-2-11,2021-05-01
397,چكارن,كارتن‌ ايران‌,18,348887,1130393880,3330,3240,3240,-90,-2.7,3330,0,0,3240,3240,1400-2-11,2021-05-01
398,سخند,صندوق س.سپهرخبرگان نفت-د,17,34900,353540700,10114,10133,10130,16,0.16,10130,16,0.16,10128,10133,1400-2-11,2021-05-01
399,دزهراوي,داروسازي‌زهراوي‌,17,41559,351173550,8710,8450,8450,-260,-2.99,8710,0,0,8450,8450,1400-2-11,2021-05-01
400,كپارس,كاشي‌ پارس‌,17,7117,1061927570,153820,149210,149210,-4610,-3,153720,-100,-0.07,149210,149210,1400-2-11,2021-05-01
401,دسبحانح,ح. سبحان دارو,17,10883,160306590,15670,14730,14730,-940,-6,14730,-940,-6,14730,14730,1400-2-11,2021-05-01
402,الماس,صندوق س.امين تدبيرگران فردا-س,16,1710,183060434,107922,107500,107001,-921,-0.85,107053,-869,-0.81,107001,107500,1400-2-11,2021-05-01
403,غشهداب,كشت و صنعت شهداب ناب خراسان,16,126810,487838070,3965,3847,3847,-118,-2.98,3964,-1,-0.03,3847,3847,1400-2-11,2021-05-01
404,ساروم,سيمان‌اروميه‌,16,5902,232007620,40520,39310,39310,-1210,-2.99,40510,-10,-0.02,39310,39310,1400-2-11,2021-05-01
405,غگلپا,شير پاستوريزه پگاه گلپايگان,16,26652,1702929540,65871,63895,63895,-1976,-3,65802,-69,-0.1,63895,63895,1400-2-11,2021-05-01
406,اخزا809,اسنادخزانه-م9بودجه98-000923,16,14393,12728994144,882682,884500,885750,3068,0.35,884388,1706,0.19,882058,885900,1400-2-11,2021-05-01
407,وپترو,سرمايه‌گذاري صنايع پتروشيمي‌,16,208675,2794158250,13800,13390,13390,-410,-2.97,13780,-20,-0.14,13390,13390,1400-2-11,2021-05-01
408,واميد,گروه مديريت سرمايه گذاري اميد,16,504534,6135133440,12530,12160,12160,-370,-2.95,12510,-20,-0.16,12160,12160,1400-2-11,2021-05-01
409,فرابورس,فرابورس ايران,15,8766,266468868,31338,30398,30398,-940,-3,31333,-5,-0.02,30398,30398,1400-2-11,2021-05-01
410,لابسا,آبسال‌,15,32656,1677212160,52940,51360,51360,-1580,-2.98,52890,-50,-0.09,51360,51360,1400-2-11,2021-05-01
411,دتوزيع,توزيع دارو پخش,15,412238,20389291480,50989,49460,49460,-1529,-3,50346,-643,-1.26,49460,49460,1400-2-11,2021-05-01
412,دقاضيح,ح . داروسازي شهيد قاضي,15,160461,4790083772,31095,29860,29852,-1243,-4,29852,-1243,-4,29852,29860,1400-2-11,2021-05-01
413,اخزا906,اسنادخزانه-م6بودجه99-020321,15,27084,20313000000,758708,750000,750000,-8708,-1.15,750000,-8708,-1.15,750000,750000,1400-2-11,2021-05-01
414,دتماد,توليدمواداوليه‌داروپخش‌,15,87088,3751751040,44410,43080,43080,-1330,-2.99,44310,-100,-0.23,43080,43080,1400-2-11,2021-05-01
415,ضصاد3001,اختيارخ وبصادر-2000-1400/03/12,15,834,343980000,410,660,301,-109,-26.59,412,2,0.49,301,660,1400-2-11,2021-05-01
416,ضسپا3005,اختيارخ خساپا-3000-1400/03/26,15,1270,11470000,11,11,7,-4,-36.36,9,-2,-18.18,7,11,1400-2-11,2021-05-01
417,وبوعلي,سرمايه‌گذاري‌بوعلي‌,14,46859,262410400,5770,5600,5600,-170,-2.95,5770,0,0,5600,5600,1400-2-11,2021-05-01
418,سيمرغ,سيمرغ,14,25335,449189550,18270,17730,17730,-540,-2.96,18270,0,0,17730,17730,1400-2-11,2021-05-01
419,زپارس,ملي كشت و صنعت و دامپروري پارس,14,212879,31182515920,151010,146480,146480,-4530,-3,148100,-2910,-1.93,146480,146480,1400-2-11,2021-05-01
420,قشكر,شكرشاهرود,14,38314,142911220,3840,3730,3730,-110,-2.86,3840,0,0,3730,3730,1400-2-11,2021-05-01
421,شلعاب,لعابيران‌,14,12031,255779060,21910,21260,21260,-650,-2.97,21910,0,0,21260,21260,1400-2-11,2021-05-01
422,ضملي3004,اختيارخ فملي-14000-1400/03/02,14,969,62118000,243,31,60,-183,-75.31,64,-179,-73.66,31,100,1400-2-11,2021-05-01
423,سمايه,بانك سرمايه,14,27836,136535580,5005,4905,4905,-100,-2,5004,-1,-0.02,4905,4905,1400-2-11,2021-05-01
424,وتوصا,گروه س توسعه صنعتي ايران,14,124393,1490228140,12350,11980,11980,-370,-3,12340,-10,-0.08,11980,11980,1400-2-11,2021-05-01
425,صنوين,صندوق سرمايه‌گذاري صنوين-مختلط,14,2933,304368160,104250,104270,104000,-250,-0.24,103770,-480,-0.46,103600,104270,1400-2-11,2021-05-01
426,اخزا814,اسنادخزانه-م14بودجه98-010318,14,6559,5283542073,808733,805500,805512,-3221,-0.4,805541,-3192,-0.39,805500,806000,1400-2-11,2021-05-01
427,نوين,بيمه نوين,14,119398,686777296,5929,5752,5752,-177,-2.99,5926,-3,-0.05,5752,5752,1400-2-11,2021-05-01
428,گنجين,صندوق س. گنجينه يكم آويد-د,13,46870,596627305,12715,12729,12736,21,0.17,12729,14,0.11,12729,12736,1400-2-11,2021-05-01
429,شپارس,بين‌ المللي‌ محصولات‌  پارس‌,13,83354,1804614100,22310,21650,21650,-660,-2.96,22290,-20,-0.09,21650,21650,1400-2-11,2021-05-01
430,بورس,بورس اوراق بهادار تهران,13,35022,1187245800,34940,33900,33900,-1040,-2.98,34920,-20,-0.06,33900,33900,1400-2-11,2021-05-01
431,رافزا,رايان هم افزا,13,2181,225838188,106750,103548,103548,-3202,-3,106735,-15,-0.01,103548,103548,1400-2-11,2021-05-01
432,شستان,پتروشيمي گلستان,13,214450,814910000,3877,3800,3800,-77,-1.99,3871,-6,-0.15,3800,3800,1400-2-11,2021-05-01
433,پخش,پخش البرز,13,404632,12564632864,32012,31052,31052,-960,-3,31763,-249,-0.78,31052,31052,1400-2-11,2021-05-01
434,دسبحان,سبحان دارو,13,302685,5539135500,18860,18300,18300,-560,-2.97,18800,-60,-0.32,18300,18300,1400-2-11,2021-05-01
435,بميلا,توسعه بازرگاني آهن وفولادميلاد,13,84069,1156957578,14042,13762,13762,-280,-1.99,14025,-17,-0.12,13762,13762,1400-2-11,2021-05-01
436,خبازرس,بازرسي مهندسي و صنعتي ايران,13,103707,3143359170,31572,30310,30310,-1262,-4,31365,-207,-0.66,30310,30310,1400-2-11,2021-05-01
437,فزرين,زرين معدن آسيا,13,15952,417447888,26978,26169,26169,-809,-3,26971,-7,-0.03,26169,26169,1400-2-11,2021-05-01
438,لكما,كارخانجات‌مخابراتي‌ايران‌,13,31866,186989688,6112,5868,5868,-244,-3.99,6110,-2,-0.03,5868,5868,1400-2-11,2021-05-01
439,بساما,بيمه سامان,13,45816,1001171232,22527,21852,21852,-675,-3,22513,-14,-0.06,21852,21852,1400-2-11,2021-05-01
440,ضخود7073,اختيارخ خودرو-1600-1400/07/07,12,167,100705000,730,610,566,-164,-22.47,603,-127,-17.4,566,660,1400-2-11,2021-05-01
441,وسكرد,شركت س استان كردستان,12,123326,87561460,730,710,710,-20,-2.74,730,0,0,710,710,1400-2-11,2021-05-01
442,ضشنا2000,اختيارخ شپنا-9000-1400/02/27,12,265,352910000,1777,1555,1580,-197,-11.09,1332,-445,-25.04,1300,1580,1400-2-11,2021-05-01
443,اميد,تامين سرمايه اميد,12,85710,644539200,7750,7520,7520,-230,-2.97,7750,0,0,7520,7520,1400-2-11,2021-05-01
444,زعف0008پ09,زعفران0008نگين نوين(پ),12,5793,726590347,130354,129998,124108,-6246,-4.79,125426,-4928,-3.78,124108,129999,1400-2-11,2021-05-01
445,تكنو,تكنوتار,12,50300,1073905000,22010,21350,21350,-660,-3,22000,-10,-0.05,21350,21350,1400-2-11,2021-05-01
446,كماسه,تامين‌ ماسه‌ ريخته‌گري‌,12,22342,948417900,43760,42450,42450,-1310,-2.99,43730,-30,-0.07,42450,42450,1400-2-11,2021-05-01
447,خكاوه,سايپا ديزل,12,103399,365825662,3610,3538,3538,-72,-1.99,3609,-1,-0.03,3538,3538,1400-2-11,2021-05-01
448,سغرب,سيمان‌غرب‌,12,45144,1551599280,35430,34370,34370,-1060,-2.99,35400,-30,-0.08,34370,34370,1400-2-11,2021-05-01
449,كيسون,شركت كيسون,12,86594,974442282,11482,11253,11253,-229,-1.99,11472,-10,-0.09,11253,11253,1400-2-11,2021-05-01
450,زعف0008پ20,زعفران0008نگين وحدت جام(پ),12,11133,1382147164,129155,125000,124108,-5047,-3.91,124149,-5006,-3.88,124108,125000,1400-2-11,2021-05-01
451,كاذر,فرآورده‌هاي‌نسوزآذر,11,5956,189162560,32740,31760,31760,-980,-2.99,32740,0,0,31760,31760,1400-2-11,2021-05-01
452,دابور,داروسازي‌ ابوريحان‌,11,202148,7489583400,38190,37050,37050,-1140,-2.99,38010,-180,-0.47,37050,37050,1400-2-11,2021-05-01
453,اخزا813,اسنادخزانه-م13بودجه98-010219,11,2917,2382137277,816435,817000,816100,-335,-0.04,816639,204,0.02,816000,817011,1400-2-11,2021-05-01
454,كهمدا,شيشه‌ همدان‌,11,10734,105729900,10150,9850,9850,-300,-2.96,10150,0,0,9850,9850,1400-2-11,2021-05-01
455,كدما,معدني‌ دماوند,11,1101,161780940,151480,146940,146940,-4540,-3,151460,-20,-0.01,146940,146940,1400-2-11,2021-05-01
456,عيار2,صندوق سكه طلاي مفيد,11,110000,110000,24906,1,1,-24905,-100,1,-24905,-100,1,1,1400-2-11,2021-05-01
457,وسديد,گروه ‌صنعتي‌سديد,11,83351,237216946,2904,2846,2846,-58,-2,2904,0,0,2846,2846,1400-2-11,2021-05-01
458,قصفها,قنداصفهان‌,11,1274,193635260,156690,151990,151990,-4700,-3,156670,-20,-0.01,151990,151990,1400-2-11,2021-05-01
459,وصنا,گروه‌صنايع‌بهشهرايران‌,11,53917,295465160,5640,5480,5480,-160,-2.84,5640,0,0,5480,5480,1400-2-11,2021-05-01
460,سيستم,همكاران سيستم,11,8686,216281400,25670,24900,24900,-770,-3,25670,0,0,24900,24900,1400-2-11,2021-05-01
461,بذر,صندوق س بذر اميد آفرين-سهام,10,1398,131485000,95000,94260,93100,-1900,-2,94050,-950,-1,92500,94500,1400-2-11,2021-05-01
462,ضشنا2001,اختيارخ شپنا-10000-1400/02/27,10,299,196400000,932,900,600,-332,-35.62,657,-275,-29.51,600,900,1400-2-11,2021-05-01
463,سپيدار,سپيدار سيستم آسيا,10,1055,60209905,58836,57071,57071,-1765,-3,58834,-2,0,57071,57071,1400-2-11,2021-05-01
464,عفولاد3,اوراق سلف موازي ورق گرم فولاد,10,2400000,2040000000000,845977,850000,850000,4023,0.48,850000,4023,0.48,850000,850000,1400-2-11,2021-05-01
465,شاروم,پتروشيمي اروميه,10,9262,173699548,19333,18754,18754,-579,-2.99,19331,-2,-0.01,18754,18754,1400-2-11,2021-05-01
466,زگلدشت,كشت و دام گلدشت نمونه اصفهان,10,9847,133407156,13967,13548,13548,-419,-3,13966,-1,-0.01,13548,13548,1400-2-11,2021-05-01
467,شپاكسا,پاكسان‌,10,201950,5357733500,27350,26530,26530,-820,-3,27260,-90,-0.33,26530,26530,1400-2-11,2021-05-01
468,حريل,ريل پردازسير,10,111048,600991776,5579,5412,5412,-167,-2.99,5577,-2,-0.04,5412,5412,1400-2-11,2021-05-01
469,زملارد,كشاورزي و دامپروري ملارد شير,10,83722,3066067084,37754,36622,36622,-1132,-3,37682,-72,-0.19,36622,36622,1400-2-11,2021-05-01
470,فروس,فروسيليس‌ ايران‌,10,23858,122152960,5270,5120,5120,-150,-2.85,5270,0,0,5120,5120,1400-2-11,2021-05-01
471,زعف0008پ08,زعفران0008نگين روستا(پ),10,5007,627511302,130827,125010,124108,-6719,-5.14,125327,-5500,-4.2,124108,125790,1400-2-11,2021-05-01
472,فسرب,ملي‌ سرب‌وروي‌ ايران‌,9,3635,277968450,78830,76470,76470,-2360,-2.99,78820,-10,-0.01,76470,76470,1400-2-11,2021-05-01
473,دامين,داروسازي‌ امين‌,9,62068,315305440,5230,5080,5080,-150,-2.87,5230,0,0,5080,5080,1400-2-11,2021-05-01
474,ضپنا2003,اختيارخ رمپنا-16000-1400/02/12,9,122,1588000,106,4,4,-102,-96.23,13,-93,-87.74,3,26,1400-2-11,2021-05-01
475,ضپاس2001,اختيارخ وپارس-2500-1400/02/29,9,330,40430000,206,200,106,-100,-48.54,123,-83,-40.29,106,200,1400-2-11,2021-05-01
476,جهرم,پتروشيمي جهرم,9,37229,63438216,1775,1704,1704,-71,-4,1775,0,0,1704,1704,1400-2-11,2021-05-01
477,ولپارس,ليزينگ پارسيان,8,14023,68151780,5010,4860,4860,-150,-2.99,5010,0,0,4860,4860,1400-2-11,2021-05-01
478,اخزا721,اسنادخزانه-م21بودجه97-000728,8,443,403657403,910589,922000,913000,2411,0.26,911190,601,0.07,908852,922000,1400-2-11,2021-05-01
479,چخزر,صنايع چوب خزر كاسپين,8,1044,54600156,53916,52299,52299,-1617,-3,53914,-2,0,52299,52299,1400-2-11,2021-05-01
480,سفار,سيمان‌فارس‌,8,23000,3421250000,153350,148750,148750,-4600,-3,153030,-320,-0.21,148750,148750,1400-2-11,2021-05-01
481,زكوثر,سرمايه گذاري كشاورزي كوثر,8,15811,332189110,21650,21010,21010,-640,-2.96,21650,0,0,21010,21010,1400-2-11,2021-05-01
482,بزاگرس,نيروگاه زاگرس كوثر,8,8098,56224414,7157,6943,6943,-214,-2.99,7157,0,0,6943,6943,1400-2-11,2021-05-01
483,حخزر,كشتيراني درياي خزر,8,290369,8086195912,28709,27848,27848,-861,-3,28565,-144,-0.5,27848,27848,1400-2-11,2021-05-01
484,شسينا,صنايع‌شيميايي‌سينا,8,391,50251320,132490,128520,128520,-3970,-3,132490,0,0,128520,128520,1400-2-11,2021-05-01
485,رنيك,جنرال مكانيك,8,7044,152474424,22315,21646,21646,-669,-3,22313,-2,-0.01,21646,21646,1400-2-11,2021-05-01
486,اخزا821,اسنادخزانه-م21بودجه98-020906,8,687,412200678,596887,600000,600000,3113,0.52,600001,3114,0.52,600000,600012,1400-2-11,2021-05-01
487,تملي710,تسهيلات مسكن ب. ملي-دي97,8,52,49211032,901301,946366,946366,45065,5,946366,45065,5,946366,946366,1400-2-11,2021-05-01
488,غمينو,شركت صنايع غذايي مينو شرق,8,65100,721763700,11429,11087,11087,-342,-2.99,11424,-5,-0.04,11087,11087,1400-2-11,2021-05-01
489,اخزا820,اسنادخزانه-م20بودجه98-020806,8,18578,11313240204,608329,608999,608107,-222,-0.04,608959,630,0.1,606126,609100,1400-2-11,2021-05-01
490,سصوفي,سيمان‌ صوفيان‌,8,22246,429125340,19880,19290,19290,-590,-2.97,19870,-10,-0.05,19290,19290,1400-2-11,2021-05-01
491,سجام,مجتمع سيمان غرب آسيا,8,13479,58121448,4399,4312,4312,-87,-1.98,4399,0,0,4312,4312,1400-2-11,2021-05-01
492,كسرام,پارس‌ سرام‌,8,6218,50241440,8320,8080,8080,-240,-2.88,8320,0,0,8080,8080,1400-2-11,2021-05-01
493,تمحركه,ماشين سازي نيرو محركه,8,11556,287929296,25424,24916,24916,-508,-2,25417,-7,-0.03,24916,24916,1400-2-11,2021-05-01
494,آپ,آسان پرداخت پرشين,8,3794,64080660,17410,16890,16890,-520,-2.99,17410,0,0,16890,16890,1400-2-11,2021-05-01
495,ضفلا3003,اختيارخ فولاد-7133-1400/03/19,8,141,357100000,2759,2560,2420,-339,-12.29,2533,-226,-8.19,2420,2600,1400-2-11,2021-05-01
496,تپكو,توليدتجهيزات‌سنگين‌هپكو,7,71180,378036980,5419,5311,5311,-108,-1.99,5418,-1,-0.02,5311,5311,1400-2-11,2021-05-01
497,ضشنا8002,اختيارخ شپنا-7800-1400/08/16,7,50,129972000,1,2600,2599,2598,259800,2599,2598,259800,2599,2600,1400-2-11,2021-05-01
498,زبينا,كشاورزي و دامپروري بينالود,7,38456,145748240,3907,3790,3790,-117,-2.99,3907,0,0,3790,3790,1400-2-11,2021-05-01
499,اكالا,كارگزاران بورس كالاي ايران,7,617823,19442889810,32440,31470,31470,-970,-2.99,32050,-390,-1.2,31470,31470,1400-2-11,2021-05-01
500,دشيري,شيرين دارو,7,1000,226593000,236034,226593,226593,-9441,-4,235923,-111,-0.05,226593,226593,1400-2-11,2021-05-01
501,دالبر,البرزدارو,7,23530,336949600,14760,14320,14320,-440,-2.98,14760,0,0,14320,14320,1400-2-11,2021-05-01
502,فوكا,فولاد كاويان,7,26483,309294957,11917,11679,11679,-238,-2,11914,-3,-0.03,11679,11679,1400-2-11,2021-05-01
503,افران2,صندوق س افرا نماد پايدار-ثابت,7,24000000,24000000,13186,1,1,-13185,-99.99,1,-13185,-99.99,1,1,1400-2-11,2021-05-01
504,وملت,سرمايه گذاري ملت,7,41677,179711224,4400,4312,4312,-88,-2,4398,-2,-0.05,4312,4312,1400-2-11,2021-05-01
505,گدنا,تهيه توزيع غذاي دنا آفرين فدك,7,2119,69740528,33929,32912,32912,-1017,-3,33928,-1,0,32912,32912,1400-2-11,2021-05-01
506,زعف0008پ15,زعفران0008پوشالمعمول طلاسرخ(پ),7,427,40289888,98250,88100,97188,-1062,-1.08,94356,-3894,-3.96,88100,97188,1400-2-11,2021-05-01
507,غپونه,نوش پونه مشهد,7,3886,69504996,18631,17886,17886,-745,-4,18628,-3,-0.02,17886,17886,1400-2-11,2021-05-01
508,اخزا804,اسنادخزانه-م4بودجه98-000421,7,48651,46947607860,958494,964997,961000,2506,0.26,964987,6493,0.68,961000,965000,1400-2-11,2021-05-01
509,شكربن,كربن‌ ايران‌,7,41187,3489362640,87340,84720,84720,-2620,-3,87150,-190,-0.22,84720,84720,1400-2-11,2021-05-01
510,ضملي7003,اختيارخ فملي-11720-1400/07/11,7,70,126000000,2700,1800,1800,-900,-33.33,1800,-900,-33.33,1800,1800,1400-2-11,2021-05-01
511,كهمداح,ح . شيشه‌ همدان‌,7,36143,281773300,7700,8620,7700,0,0,7800,100,1.3,7700,8620,1400-2-11,2021-05-01
512,غويتا,ويتانا,7,5590,97405750,17963,17425,17425,-538,-3,17962,-1,-0.01,17425,17425,1400-2-11,2021-05-01
513,آگاس2,صندوق س.هستي بخش آگاه-س,7,700000,700000,65841,1,1,-65840,-100,1,-65840,-100,1,1,1400-2-11,2021-05-01
514,ضمخا7071,اختيارخ اخابر-23700-1400/07/28,7,209,39625000,153,190,190,37,24.18,190,37,24.18,189,190,1400-2-11,2021-05-01
515,ضملي3002,اختيارخ فملي-10000-1400/03/02,7,23,41920000,2151,2000,1700,-451,-20.97,1823,-328,-15.25,1560,2000,1400-2-11,2021-05-01
516,وگستر,گسترش سرمايه گذاري ايرانيان,7,14513,271378587,19277,18699,18699,-578,-3,19274,-3,-0.02,18699,18699,1400-2-11,2021-05-01
517,خرينگ,رينگ‌سازي‌مشهد,6,10570,538013000,52470,50900,50900,-1570,-2.99,52450,-20,-0.04,50900,50900,1400-2-11,2021-05-01
518,غنوش,نوش‌ مازندران‌,6,1545,85222200,56860,55160,55160,-1700,-2.99,56860,0,0,55160,55160,1400-2-11,2021-05-01
519,اخزا720,اسنادخزانه-م20بودجه97-000324,6,167,162812219,976005,974747,975002,-1003,-0.1,974923,-1082,-0.11,974747,975010,1400-2-11,2021-05-01
520,كيميا,معدني كيمياي زنجان گستران,6,2528,43390592,17694,17164,17164,-530,-3,17694,0,0,17164,17164,1400-2-11,2021-05-01
521,زشگزا,شير و گوشت زاگرس شهركرد,6,14457,115511430,8237,7990,7990,-247,-3,8236,-1,-0.01,7990,7990,1400-2-11,2021-05-01
522,غالبر,لبنيات‌ كالبر,6,2922,57329640,20220,19620,19620,-600,-2.97,20220,0,0,19620,19620,1400-2-11,2021-05-01
523,اراد33,مرابحه عام دولت3-ش.خ 0303,6,2400,2138477800,870031,889999,896985,26954,3.1,891032,21001,2.41,871000,899987,1400-2-11,2021-05-01
524,شراز,پالايش نفت شيراز,6,5290,568987110,110885,107559,107559,-3326,-3,110846,-39,-0.04,107559,107559,1400-2-11,2021-05-01
525,غپاك,لبنيات‌ پاك‌,6,6042,180897480,30860,29940,29940,-920,-2.98,30860,0,0,29940,29940,1400-2-11,2021-05-01
526,حفارس,حمل و نقل بين المللي خليج فارس,6,16516,77460040,4830,4690,4690,-140,-2.9,4830,0,0,4690,4690,1400-2-11,2021-05-01
527,فسا,پتروشيمي فسا,6,36479,63327544,1771,1736,1736,-35,-1.98,1771,0,0,1736,1736,1400-2-11,2021-05-01
528,فرآور,فرآوري‌موادمعدني‌ايران‌,6,2817,95890680,35090,34040,34040,-1050,-2.99,35090,0,0,34040,34040,1400-2-11,2021-05-01
529,كلر,كلر پارس,6,835,107008590,132117,128154,128154,-3963,-3,132108,-9,-0.01,128154,128154,1400-2-11,2021-05-01
530,اخزا812,اسنادخزانه-م12بودجه98-001111,6,3436,2967049024,864925,865000,863001,-1924,-0.22,863518,-1407,-0.16,863001,865000,1400-2-11,2021-05-01
531,تملي706,تسهيلات مسكن ب. ملي-شهريور97,6,177,96558000,570000,541500,541500,-28500,-5,545525,-24475,-4.29,541500,570000,1400-2-11,2021-05-01
532,ختراك,ريخته‌گري‌ تراكتورسازي‌ ايران‌,6,34700,523623000,15550,15090,15090,-460,-2.96,15550,0,0,15090,15090,1400-2-11,2021-05-01
533,ضصاد3000,اختيارخ وبصادر-1800-1400/03/12,6,150,91900000,650,670,500,-150,-23.08,613,-37,-5.69,500,670,1400-2-11,2021-05-01
534,پرديس,سرمايه گذاري پرديس,6,18591,97974570,5430,5270,5270,-160,-2.95,5430,0,0,5270,5270,1400-2-11,2021-05-01
535,خلنت,لنت‌ ترمزايران‌,6,714,43425480,62700,60820,60820,-1880,-3,62700,0,0,60820,60820,1400-2-11,2021-05-01
536,غفارس,شير پاستوريزه پگاه فارس,6,57519,1023032934,18336,17786,17786,-550,-3,18324,-12,-0.07,17786,17786,1400-2-11,2021-05-01
537,اخزا810,اسنادخزانه-م10بودجه98-001006,6,3335,2935448291,879175,876153,877500,-1675,-0.19,880194,1019,0.12,876146,880600,1400-2-11,2021-05-01
538,وسلرستا,شركت س استان لرستان,6,86099,75767120,900,880,880,-20,-2.22,900,0,0,880,880,1400-2-11,2021-05-01
539,ثاباد,توريستي ورفاهي آبادگران ايران,6,4357,229091060,54200,52580,52580,-1620,-2.99,54190,-10,-0.02,52580,52580,1400-2-11,2021-05-01
540,سقاين,سيمان‌ قائن‌,6,3209,220297850,70770,68650,68650,-2120,-3,70760,-10,-0.01,68650,68650,1400-2-11,2021-05-01
541,وهنر,گروه توسعه هنر ايران,6,161400,1293943800,8351,8017,8017,-334,-4,8328,-23,-0.28,8017,8017,1400-2-11,2021-05-01
542,فن آوا,گروه فن آوا,6,50300,900470600,18267,17902,17902,-365,-2,18250,-17,-0.09,17902,17902,1400-2-11,2021-05-01
543,وكارح,ح . بانك‌ كارآفرين‌,6,22715,41787000,1850,1850,1800,-50,-2.7,1840,-10,-0.54,1800,1850,1400-2-11,2021-05-01
544,كگاز,شيشه‌ و گاز,5,1595,29060900,18780,18220,18220,-560,-2.98,18780,0,0,18220,18220,1400-2-11,2021-05-01
545,فنرژي,گسترش صنايع انرژي آذرآب,5,4758,88622508,19006,18626,18626,-380,-2,19003,-3,-0.02,18626,18626,1400-2-11,2021-05-01
546,صايپا012,صكوك مرابحه سايپا012-3ماهه 16%,5,50000,50000100000,1000002,1000002,1000002,0,0,1000002,0,0,1000002,1000002,1400-2-11,2021-05-01
547,داريك,صندوق س.اعتماد داريك-د,5,13184,139087880,10547,10549,10555,8,0.08,10550,3,0.03,10548,10555,1400-2-11,2021-05-01
548,زقيام,كشت و دام قيام اصفهان,5,32283,907087734,28967,28098,28098,-869,-3,28951,-16,-0.06,28098,28098,1400-2-11,2021-05-01
549,ضپنا2002,اختيارخ رمپنا-14000-1400/02/12,5,121,121000000,2600,1000,1000,-1600,-61.54,1000,-1600,-61.54,1000,1000,1400-2-11,2021-05-01
550,كوثر,بيمه كوثر,5,2466,35088714,14669,14229,14229,-440,-3,14669,0,0,14229,14229,1400-2-11,2021-05-01
551,زير0003پ04,زيره سبز0003شركت مينوبذر(پ),5,170,95359390,535502,560000,562277,26775,5,560938,25436,4.75,560000,562277,1400-2-11,2021-05-01
552,ثرود,سرمايه‌گذاري مسكن زاينده رود,5,23287,476405446,21090,20458,20458,-632,-3,21084,-6,-0.03,20458,20458,1400-2-11,2021-05-01
553,دتوليد,داروسازي توليد دارو,5,4631,119442752,26589,25792,25792,-797,-3,26587,-2,-0.01,25792,25792,1400-2-11,2021-05-01
554,قيستو,شركت قند بيستون,5,17332,330035944,18669,19042,19042,373,2,18681,12,0.06,19042,19042,1400-2-11,2021-05-01
555,اخزا722,اسنادخزانه-م22بودجه97-000428,5,3883,3723644408,956145,959400,958999,2854,0.3,958961,2816,0.29,958450,959400,1400-2-11,2021-05-01
556,داسوه,داروسازي‌ اسوه‌,5,2139,77474580,37330,36220,36220,-1110,-2.97,37330,0,0,36220,36220,1400-2-11,2021-05-01
557,شپاس,نفت پاسارگاد,5,16493,344274882,21519,20874,20874,-645,-3,21514,-5,-0.02,20874,20874,1400-2-11,2021-05-01
558,اخزا805,اسنادخزانه-م5بودجه98-000422,5,34693,33502513078,958502,964990,963999,5497,0.57,965685,7183,0.75,963999,966000,1400-2-11,2021-05-01
559,ضملت3003,اختيارخ وبملت-4500-1400/03/19,5,142,37888000,520,250,274,-246,-47.31,267,-253,-48.65,250,300,1400-2-11,2021-05-01
560,كحافظ,كاشي‌ وسراميك‌ حافظ‌,5,6520,75827600,11980,11630,11630,-350,-2.92,11980,0,0,11630,11630,1400-2-11,2021-05-01
561,دانا,بيمه دانا,5,35593,229218920,6630,6440,6440,-190,-2.87,6630,0,0,6440,6440,1400-2-11,2021-05-01
562,اخزا816,اسنادخزانه-م16بودجه98-010503,5,2040,1594548260,782210,780044,782210,0,0,781641,-569,-0.07,780044,782210,1400-2-11,2021-05-01
563,غچين,كشت‌ و صنعت‌ چين‌ چين,4,1141,21975660,19850,19260,19260,-590,-2.97,19850,0,0,19260,19260,1400-2-11,2021-05-01
564,تملي709,تسهيلات مسكن ب. ملي-آذر97,4,28,19046944,647856,680248,680248,32392,5,680248,32392,5,680248,680248,1400-2-11,2021-05-01
565,وتوكا,سرمايه‌گذاري‌توكافولاد(هلدينگ,4,6882,79831200,11950,11600,11600,-350,-2.93,11950,0,0,11600,11600,1400-2-11,2021-05-01
566,شجم,صنايع پتروشيمي تخت جمشيد,4,12399,124857930,10275,10070,10070,-205,-2,10274,-1,-0.01,10070,10070,1400-2-11,2021-05-01
567,سهگمت,سيمان‌هگمتان‌,4,6458,155250320,24780,24040,24040,-740,-2.99,24780,0,0,24040,24040,1400-2-11,2021-05-01
568,اعتلا,شركت سرمايه گذاري اعتلاء البرز,4,4201,29587643,7260,7043,7043,-217,-2.99,7260,0,0,7043,7043,1400-2-11,2021-05-01
569,دجابر,داروسازي‌ جابرابن‌حيان‌,4,2911,57172040,20240,19640,19640,-600,-2.96,20240,0,0,19640,19640,1400-2-11,2021-05-01
570,غشان,شيرپاستوريزه‌پگاه‌خراسان‌,4,3336,24886560,7690,7460,7460,-230,-2.99,7690,0,0,7460,7460,1400-2-11,2021-05-01
571,نمرينو,ايران‌ مرينوس‌,4,301,33079900,113290,109900,109900,-3390,-2.99,113290,0,0,109900,109900,1400-2-11,2021-05-01
572,قاسم,قاسم ايران,4,2600,32939400,13060,12669,12669,-391,-2.99,13060,0,0,12669,12669,1400-2-11,2021-05-01
573,ولتجار,واسپاري تجارت وسرمايه ايرانيان,4,31232,252323328,8243,8079,8079,-164,-1.99,8241,-2,-0.02,8079,8079,1400-2-11,2021-05-01
574,زدشت,كشت و صنعت دشت خرم دره,4,1576,44993224,29431,28549,28549,-882,-3,29430,-1,0,28549,28549,1400-2-11,2021-05-01
575,كفرا,فراورده‌ هاي‌ نسوزايران‌,4,2435,111985650,47410,45990,45990,-1420,-3,47410,0,0,45990,45990,1400-2-11,2021-05-01
576,مرقام,ايران‌ارقام‌,4,5735,108620900,19520,18940,18940,-580,-2.97,19520,0,0,18940,18940,1400-2-11,2021-05-01
577,زنجان,صنايع كشاورزي وكود زنجان,4,2755,24728880,9349,8976,8976,-373,-3.99,9349,0,0,8976,8976,1400-2-11,2021-05-01
578,وبيمه,سرمايه‌ گذاري‌ صنعت‌ بيمه‌,4,45700,124304000,2800,2720,2720,-80,-2.86,2800,0,0,2720,2720,1400-2-11,2021-05-01
579,وسخراج,شركت س استان خراسان جنوبي,4,102400,221184000,2220,2160,2160,-60,-2.7,2220,0,0,2160,2160,1400-2-11,2021-05-01
580,وگردش,بانك گردشگري,4,2539,42365754,17026,16686,16686,-340,-2,17026,0,0,16686,16686,1400-2-11,2021-05-01
581,خمحور,توليدمحورخودرو,4,387,23866290,63570,61670,61670,-1900,-2.99,63570,0,0,61670,61670,1400-2-11,2021-05-01
582,كسرا,سراميك‌هاي‌صنعتي‌اردكان‌,4,1877,37915400,20820,20200,20200,-620,-2.98,20820,0,0,20200,20200,1400-2-11,2021-05-01
583,رتكو,كنترل‌خوردگي‌تكين‌كو,4,2636,46209080,18070,17530,17530,-540,-2.99,18070,0,0,17530,17530,1400-2-11,2021-05-01
584,قنقش,قند نقش جهان,4,773,54521236,73470,70532,70532,-2938,-4,73453,-17,-0.02,70532,70532,1400-2-11,2021-05-01
585,وآفري,بيمه كارآفرين,4,9613,30675083,3323,3191,3191,-132,-3.97,3323,0,0,3191,3191,1400-2-11,2021-05-01
586,ضجار2005,اختيارخ وتجارت-4000-1400/02/22,4,56,83000,5,3,1,-4,-80,1,-4,-80,1,3,1400-2-11,2021-05-01
587,بنيرو,نيروترانس‌,4,14680,214474800,15060,14610,14610,-450,-2.99,15060,0,0,14610,14610,1400-2-11,2021-05-01
588,بكاب,صنايع‌جوشكاب‌يزد,4,134,46783420,359920,349130,349130,-10790,-3,359910,-10,0,349130,349130,1400-2-11,2021-05-01
589,ولصنم,ليزينگ‌صنعت‌ومعدن‌,4,5939,62003160,11100,10440,10440,-660,-5.95,11100,0,0,10440,10440,1400-2-11,2021-05-01
590,ضصاد3002,اختيارخ وبصادر-2500-1400/03/12,4,11,1253000,149,180,102,-47,-31.54,114,-35,-23.49,102,180,1400-2-11,2021-05-01
591,اپرداز,آتيه داده پرداز,4,1384,28634960,21329,20690,20690,-639,-3,21329,0,0,20690,20690,1400-2-11,2021-05-01
592,پلاسك,پلاسكوكار,4,7587,55005750,7470,7250,7250,-220,-2.95,7470,0,0,7250,7250,1400-2-11,2021-05-01
593,تكشا,گسترش‌صنايع‌وخدمات‌كشاورزي‌,4,4682,211111380,46480,45090,45090,-1390,-2.99,46470,-10,-0.02,45090,45090,1400-2-11,2021-05-01
594,كباده,توليد خاك نسوزاستقلال آباده,4,4160,38147200,8734,9170,9170,436,4.99,8735,1,0.01,9170,9170,1400-2-11,2021-05-01
595,ضجار2004,اختيارخ وتجارت-3500-1400/02/22,4,258,1184000,23,8,2,-21,-91.3,5,-18,-78.26,2,8,1400-2-11,2021-05-01
596,بنو,بيمه تجارت نو,4,6287,194368892,31872,30916,30916,-956,-3,31868,-4,-0.01,30916,30916,1400-2-11,2021-05-01
597,وارس,سرمايه گذاري ارس صبا,4,21731,359800167,17246,16557,16557,-689,-4,17233,-13,-0.08,16557,16557,1400-2-11,2021-05-01
598,تبرك,گروه كارخانجات صنعتي تبرك,4,2496,47975616,19815,19221,19221,-594,-3,19814,-1,-0.01,19221,19221,1400-2-11,2021-05-01
599,غمارگ,مارگارين‌,3,892,27206000,31440,30500,30500,-940,-2.99,31440,0,0,30500,30500,1400-2-11,2021-05-01
600,اخزا713,اسنادخزانه-م13بودجه97-000518,3,10030,9518470000,946498,949000,949000,2502,0.26,949000,2502,0.26,949000,949000,1400-2-11,2021-05-01
601,وكادو,تكادو,3,1098,17419770,16188,15865,15865,-323,-2,16188,0,0,15865,15865,1400-2-11,2021-05-01
602,قنيشا,قند  نيشابور,3,2592,167313600,66540,64550,64550,-1990,-2.99,66530,-10,-0.02,64550,64550,1400-2-11,2021-05-01
603,كقزوي,شيشه‌ قزوين‌,3,2550,25074150,10242,9833,9833,-409,-3.99,10241,-1,-0.01,9833,9833,1400-2-11,2021-05-01
604,بالبر,كابل‌ البرز,3,373,21372900,59070,57300,57300,-1770,-3,59070,0,0,57300,57300,1400-2-11,2021-05-01
605,نطرين,عطرين نخ قم,3,39509,464941912,12131,11768,11768,-363,-2.99,12128,-3,-0.02,11768,11768,1400-2-11,2021-05-01
606,اخزا9082,اسنادخزانه-م8بودجه99-020606,3,475596,297137682000,631393,622000,629500,-1893,-0.3,624769,-6624,-1.05,622000,629500,1400-2-11,2021-05-01
607,سبجنو,سيمان‌ بجنورد,3,564,32508960,59420,57640,57640,-1780,-3,59420,0,0,57640,57640,1400-2-11,2021-05-01
608,آوا2,صندوق س.سهام آواي معيار-س,3,12000000,12000000,6530,1,1,-6529,-99.98,1,-6529,-99.98,1,1,1400-2-11,2021-05-01
609,ضپنا8000,اختيارخ رمپنا-9850-1400/08/05,3,10,66500000,8500,6650,6650,-1850,-21.76,6650,-1850,-21.76,6650,6650,1400-2-11,2021-05-01
610,ضپنا8002,اختيارخ رمپنا-13850-1400/08/05,3,62,224600000,1,3700,3300,3299,329900,3623,3622,362200,3300,3700,1400-2-11,2021-05-01
611,خكمك,كمك‌فنرايندامين‌,3,2055,54087600,27130,26320,26320,-810,-2.99,27130,0,0,26320,26320,1400-2-11,2021-05-01
612,خنصير,مهندسي‌نصيرماشين‌,3,428,45038440,108480,105230,105230,-3250,-3,108480,0,0,105230,105230,1400-2-11,2021-05-01
613,ثعمرا,عمران و توسعه شاهد,3,4661,59003599,13050,12659,12659,-391,-3,13050,0,0,12659,12659,1400-2-11,2021-05-01
614,لپيام,گسترش صنايع پيام,3,362,19070160,54875,52680,52680,-2195,-4,54873,-2,0,52680,52680,1400-2-11,2021-05-01
615,غديس,پاكديس,3,5240,68287680,13435,13032,13032,-403,-3,13434,-1,-0.01,13032,13032,1400-2-11,2021-05-01
616,وسخوز,شركت س استان خوزستان,3,78000,74100000,970,950,950,-20,-2.06,970,0,0,950,950,1400-2-11,2021-05-01
617,داوه,داروسازي آوه سينا,3,2238,43815564,20183,19578,19578,-605,-3,20182,-1,0,19578,19578,1400-2-11,2021-05-01
618,شرق1400,مشاركت ليزينگ ايران وشرق140010,3,22,22135100,999807,1008000,999820,13,0,1006141,6334,0.63,999820,1008000,1400-2-11,2021-05-01
619,پسهند,صنايع‌ لاستيكي‌  سهند,3,18000,720000000,41230,40000,40000,-1230,-2.98,41210,-20,-0.05,40000,40000,1400-2-11,2021-05-01
620,دسينا,داروسازي‌ سينا,3,767,17763720,23870,23160,23160,-710,-2.97,23870,0,0,23160,23160,1400-2-11,2021-05-01
621,رطب0002پ01,رطب مضافتي0002افشارتعاون بم(پ),3,100,14099500,148415,140995,140995,-7420,-5,140995,-7420,-5,140995,140995,1400-2-11,2021-05-01
622,داراب,پتروشيمي داراب,3,10522,24758266,2451,2353,2353,-98,-4,2451,0,0,2353,2353,1400-2-11,2021-05-01
623,دلقما,دارويي‌ لقمان‌,3,3350,84051500,25860,25090,25090,-770,-2.98,25860,0,0,25090,25090,1400-2-11,2021-05-01
624,ياقوت2,صندوق س ياقوت آگاه-ثابت,3,12600000,12600000,12313,1,1,-12312,-99.99,1,-12312,-99.99,1,1,1400-2-11,2021-05-01
625,سفاسي,شركت فارسيت اهواز,3,3370,46657650,14421,13845,13845,-576,-3.99,14420,-1,-0.01,13845,13845,1400-2-11,2021-05-01
626,فجام,جام‌دارو,3,3600,36108000,10330,10030,10030,-300,-2.9,10330,0,0,10030,10030,1400-2-11,2021-05-01
627,شفا,سرمايه گذاري شفادارو,3,2352,106216320,46550,45160,45160,-1390,-2.99,46550,0,0,45160,45160,1400-2-11,2021-05-01
628,ضسپا3000,اختيارخ خساپا-1400-1400/03/26,3,50,20005000,513,401,400,-113,-22.03,400,-113,-22.03,400,401,1400-2-11,2021-05-01
629,صخابر102,صكوك اجاره مخابرات-3 ماهه 16%,3,1702,1682980000,980000,980000,990000,10000,1.02,988825,8825,0.9,980000,990000,1400-2-11,2021-05-01
630,فبيرا,بسته‌ بندي‌ ايران‌,3,11275,34298550,3104,3042,3042,-62,-2,3104,0,0,3042,3042,1400-2-11,2021-05-01
631,فلوله,لوله‌وماشين‌سازي‌ايران‌,3,1724,37066000,22160,21500,21500,-660,-2.98,22160,0,0,21500,21500,1400-2-11,2021-05-01
632,حآسا,آسيا سير ارس,3,350,15239350,44887,43541,43541,-1346,-3,44887,0,0,43541,43541,1400-2-11,2021-05-01
633,شگل,گلتاش‌,3,46598,456194420,10090,9790,9790,-300,-2.97,10090,0,0,9790,9790,1400-2-11,2021-05-01
634,ثنظام,س. ساختماني نظام مهندسي ايران,3,5429,252448500,47448,46500,46500,-948,-2,47436,-12,-0.03,46500,46500,1400-2-11,2021-05-01
635,كايتا,ايتالران‌,3,10434,99842946,9291,9569,9569,278,2.99,9292,1,0.01,9569,9569,1400-2-11,2021-05-01
636,قثابت,قند ثابت‌ خراسان‌,2,256,16803840,67660,65640,65640,-2020,-2.99,67660,0,0,65640,65640,1400-2-11,2021-05-01
637,دروز,داروسازي‌ روزدارو,2,1016,35031680,35540,34480,34480,-1060,-2.98,35540,0,0,34480,34480,1400-2-11,2021-05-01
638,خاذين,سايپاآذين‌,2,2702,12456220,4750,4610,4610,-140,-2.95,4750,0,0,4610,4610,1400-2-11,2021-05-01
639,تپمپي,پمپ‌ سازي‌ ايران‌,2,677,12747910,19410,18830,18830,-580,-2.99,19410,0,0,18830,18830,1400-2-11,2021-05-01
640,توريل,توكاريل,2,717,17395854,25012,24262,24262,-750,-3,25012,0,0,24262,24262,1400-2-11,2021-05-01
641,آسام,صندوق س.آرمان سپهر آشنا-م,2,280,29074360,103837,103837,103837,0,0,103837,0,0,103837,103837,1400-2-11,2021-05-01
642,اشاد14,مشاركت دولتي1-شرايط خاص001026,2,1500200,1476107538100,999884,984151,983730,-16154,-1.62,983940,-15944,-1.59,983730,984151,1400-2-11,2021-05-01
643,نيرو,نيرو سرمايه,2,300,15853500,53923,52845,52845,-1078,-2,53922,-1,0,52845,52845,1400-2-11,2021-05-01
644,سبهان,سيمان‌ بهبهان‌,2,100,13793000,142190,137930,137930,-4260,-3,142190,0,0,137930,137930,1400-2-11,2021-05-01
645,شتهران,داروسازي تهران شيمي,2,3995,31416680,7710,7864,7864,154,2,7710,0,0,7864,7864,1400-2-11,2021-05-01
646,ولشرق,ليزينگ ايران و شرق,2,1193,10086815,8716,8455,8455,-261,-2.99,8716,0,0,8455,8455,1400-2-11,2021-05-01
647,اراد334,مرابحه عام دولت3-ش.خ 0303,2,3194000,2796945875000,870031,875875,875500,5469,0.63,875687,5656,0.65,875500,875875,1400-2-11,2021-05-01
648,ساربيل,سيمان آرتا اردبيل,2,316,16413040,53540,51940,51940,-1600,-2.99,53540,0,0,51940,51940,1400-2-11,2021-05-01
649,ضغدر3004,اختيارخ وغدير-11200-1400/03/26,2,45,22500000,500,500,500,0,0,500,0,0,500,500,1400-2-11,2021-05-01
650,اشاد10,مشاركت دولتي10-شرايط خاص001226,2,200,193199800,953342,965999,965999,12657,1.33,965999,12657,1.33,965999,965999,1400-2-11,2021-05-01
651,ثزاگرس,سرمايه گذاري توسعه عمران زاگرس,2,200,10903400,57386,54517,54517,-2869,-5,57384,-2,0,54517,54517,1400-2-11,2021-05-01
652,خفنر,فنرسازي‌خاور,2,2014,16937740,8660,8410,8410,-250,-2.89,8660,0,0,8410,8410,1400-2-11,2021-05-01
653,كاسپين,داروسازي كاسپين تامين,2,610,15289040,25839,25064,25064,-775,-3,25839,0,0,25064,25064,1400-2-11,2021-05-01
654,بايكا,كارخانجات كابلسازي ‌ايران‌,2,6500,262203500,42019,40339,40339,-1680,-4,41996,-23,-0.05,40339,40339,1400-2-11,2021-05-01
655,اراد48,مرابحه عام دولت4-ش.خ 0009,2,7000,6720000000,980000,960000,960000,-20000,-2.04,960000,-20000,-2.04,960000,960000,1400-2-11,2021-05-01
656,كساوه,صنايع‌ كاشي‌ و سراميك‌ سينا,2,520,35594000,70560,68450,68450,-2110,-2.99,70560,0,0,68450,68450,1400-2-11,2021-05-01
657,فلامي,لاميران‌,2,699,30392520,44820,43480,43480,-1340,-2.99,44820,0,0,43480,43480,1400-2-11,2021-05-01
658,وپسا,س. پتروشيمي ساختمان  خليج فارس,2,7000,20209000,3007,2887,2887,-120,-3.99,3007,0,0,2887,2887,1400-2-11,2021-05-01
659,وسصفا,شركت س استان اصفهان,2,14900,15496000,1070,1040,1040,-30,-2.8,1070,0,0,1040,1040,1400-2-11,2021-05-01
660,نبروج,نساجي بروجرد,2,17600,106409600,5814,6046,6046,232,3.99,5816,2,0.03,6046,6046,1400-2-11,2021-05-01
661,بالاس,مهندسي ساختمان تاسيسات راه آهن,2,344,19248520,57685,55955,55955,-1730,-3,57684,-1,0,55955,55955,1400-2-11,2021-05-01
662,غمهرا,توليدي‌مهرام‌,2,50,5916500,121980,118330,118330,-3650,-2.99,121980,0,0,118330,118330,1400-2-11,2021-05-01
663,ثشرق,سرمايه گذاري مسكن شمال شرق,2,50000,334500000,6890,6690,6690,-200,-2.9,6890,0,0,6690,6690,1400-2-11,2021-05-01
664,ضپاس2000,اختيارخ وپارس-2000-1400/02/29,2,37,15590000,490,420,422,-68,-13.88,421,-69,-14.08,420,422,1400-2-11,2021-05-01
665,خعمرا,توسعه و عمران شهرستان نائين,2,472,11052824,22735,23417,23417,682,3,22735,0,0,23417,23417,1400-2-11,2021-05-01
666,هجرت,پخش هجرت,2,1000,27235000,28077,27235,27235,-842,-3,28077,0,0,27235,27235,1400-2-11,2021-05-01
667,اخزا807,اسنادخزانه-م7بودجه98-000719,2,11006,10103511000,914482,918000,918500,4018,0.44,918000,3518,0.38,918000,918500,1400-2-11,2021-05-01
668,اروند01,منفعت صبا اروند اميد14001113,2,1000,919834000,901000,970000,916000,15000,1.66,919834,18834,2.09,916000,970000,1400-2-11,2021-05-01
669,وآذر,سرمايه‌گذاري‌توسعه‌آذربايجان‌,2,600,49074000,84310,81790,81790,-2520,-2.99,84310,0,0,81790,81790,1400-2-11,2021-05-01
670,ضصاد3003,اختيارخ وبصادر-3000-1400/03/12,2,79,2170000,40,20,30,-10,-25,27,-13,-32.5,20,30,1400-2-11,2021-05-01
671,پست0008پ02,پسته فندقي32-30طلاسبززرند0008,2,34,55639640,1531604,1636460,1636460,104856,6.85,1636460,104856,6.85,1636460,1636460,1400-2-11,2021-05-01
672,صايپا112,صكوك مرابحه سايپا112-3ماهه 16%,2,20000,19667420000,983371,983371,983371,0,0,983371,0,0,983371,983371,1400-2-11,2021-05-01
673,وسيستا,شركت س استان سيستان وبلوچستان,2,13605,10067700,760,740,740,-20,-2.63,760,0,0,740,740,1400-2-11,2021-05-01
674,غبهنوش,بهنوش‌ ايران‌,2,917,63648970,71550,69410,69410,-2140,-2.99,71550,0,0,69410,69410,1400-2-11,2021-05-01
675,فولاي,صنايع فولاد آلياژي يزد,2,506,24948330,50829,49305,49305,-1524,-3,50828,-1,0,49305,49305,1400-2-11,2021-05-01
676,سنير,سيمان‌ سفيد ني‌ريز,2,1022,247232020,249390,241910,241910,-7480,-3,249350,-40,-0.02,241910,241910,1400-2-11,2021-05-01
677,حسير,ريل سير كوثر,2,890,15022310,17401,16879,16879,-522,-3,17401,0,0,16879,16879,1400-2-11,2021-05-01
678,ضفلا3005,اختيارخ فولاد-9986-1400/03/19,2,2,423000,460,150,273,-187,-40.65,211,-249,-54.13,150,273,1400-2-11,2021-05-01
679,فمراد,آلومراد,2,126,17578260,143820,139510,139510,-4310,-3,143820,0,0,139510,139510,1400-2-11,2021-05-01
680,غشهد,شهد ايران ‌,2,7775,54891500,7270,7060,7060,-210,-2.89,7270,0,0,7060,7060,1400-2-11,2021-05-01
681,وليز,ليزينگ‌ايران‌,2,2600,24076000,9540,9260,9260,-280,-2.94,9540,0,0,9260,9260,1400-2-11,2021-05-01
682,ضشنا8000,اختيارخ شپنا-5800-1400/08/16,2,2,8700000,2800,4350,4350,1550,55.36,4350,1550,55.36,4350,4350,1400-2-11,2021-05-01
683,وآوا,سرمايه گذاري آوا نوين,2,1800,15528600,8893,8627,8627,-266,-2.99,8893,0,0,8627,8627,1400-2-11,2021-05-01
684,دبالك,مواد اوليه دارويي البرز بالك,2,500,10100500,20825,20201,20201,-624,-3,20825,0,0,20201,20201,1400-2-11,2021-05-01
685,اخزا718,اسنادخزانه-م18بودجه97-000525,2,12,11312088,942973,941349,943999,1026,0.11,942674,-299,-0.03,941349,943999,1400-2-11,2021-05-01
686,سخزر,سيمان‌ خزر,2,1100,32505000,30460,29550,29550,-910,-2.99,30460,0,0,29550,29550,1400-2-11,2021-05-01
687,زنگان,صنعت روي زنگان,2,251,25436340,104474,101340,101340,-3134,-3,104472,-2,0,101340,101340,1400-2-11,2021-05-01
688,ددام,داروسازي زاگرس فارمد پارس,2,19887,423195360,21930,21280,21280,-650,-2.96,21920,-10,-0.05,21280,21280,1400-2-11,2021-05-01
689,خشرق,الكتريك‌ خودرو شرق‌,2,1112,16124000,14940,14500,14500,-440,-2.95,14940,0,0,14500,14500,1400-2-11,2021-05-01
690,ضملت3000,اختيارخ وبملت-3000-1400/03/19,2,10,14250000,1598,1450,1400,-198,-12.39,1425,-173,-10.83,1400,1450,1400-2-11,2021-05-01
691,سكرد,سيمان كردستان,2,5760,54720000,9790,9500,9500,-290,-2.96,9790,0,0,9500,9500,1400-2-11,2021-05-01
692,لخزر,پارس‌ خزر,2,56,10130400,186490,180900,180900,-5590,-3,186490,0,0,180900,180900,1400-2-11,2021-05-01
693,ضمخا7066,اختيارخ اخابر-11700-1400/07/28,2,3,1826000,1120,616,605,-515,-45.98,609,-511,-45.63,605,616,1400-2-11,2021-05-01
694,كپشير,پشم‌شيشه‌ايران‌,2,270,10470600,39970,38780,38780,-1190,-2.98,39970,0,0,38780,38780,1400-2-11,2021-05-01
695,غشاذر,پگاه‌آذربايجان‌غربي‌,2,1466,14220200,10000,9700,9700,-300,-3,10000,0,0,9700,9700,1400-2-11,2021-05-01
696,دفارا,داروسازي‌ فارابي‌,2,241,15067320,64450,62520,62520,-1930,-2.99,64450,0,0,62520,62520,1400-2-11,2021-05-01
697,ضصاد3004,اختيارخ وبصادر-3500-1400/03/12,2,94,486000,20,15,4,-16,-80,5,-15,-75,4,15,1400-2-11,2021-05-01
698,ختور,رادياتور ايران‌,2,665,12674900,19640,19060,19060,-580,-2.95,19640,0,0,19060,19060,1400-2-11,2021-05-01
699,ضشنا2004,اختيارخ شپنا-16000-1400/02/27,2,99,792000,21,8,8,-13,-61.9,8,-13,-61.9,8,8,1400-2-11,2021-05-01
700,كمنگنز,معادن‌منگنزايران‌,2,118,10122040,88430,85780,85780,-2650,-3,88430,0,0,85780,85780,1400-2-11,2021-05-01
701,لازما,كارخانه هاي صنعتي آزمايش,2,300,10092600,34328,33642,33642,-686,-2,34328,0,0,33642,33642,1400-2-11,2021-05-01
702,كمرجان,بازرگاني و توليدي مرجان كار,1,100,14252400,146931,142524,142524,-4407,-3,146930,-1,0,142524,142524,1400-2-11,2021-05-01
703,ضپنا2001,اختيارخ رمپنا-12000-1400/02/12,1,6,16200000,5100,2700,2700,-2400,-47.06,2700,-2400,-47.06,2700,2700,1400-2-11,2021-05-01
704,اراد834,مرابحه عام دولت83-ش.خ041220,1,7482500,6839319265000,1000000,914042,914042,-85958,-8.6,914042,-85958,-8.6,914042,914042,1400-2-11,2021-05-01
705,تاپكيش,تجارت الكترونيك پارسيان كيش,1,350,6180300,18204,17658,17658,-546,-3,18204,0,0,17658,17658,1400-2-11,2021-05-01
706,تكنار,مجتمع معادن مس تكنار,1,45,5186205,117601,115249,115249,-2352,-2,117600,-1,0,115249,115249,1400-2-11,2021-05-01
707,تملي702,تسهيلات مسكن ب. ملي-ارديبهشت97,1,13,6123000,492000,471000,471000,-21000,-4.27,471000,-21000,-4.27,471000,471000,1400-2-11,2021-05-01
708,سخواف,سيمان مجد خواف,1,350,5777800,16844,16508,16508,-336,-1.99,16844,0,0,16508,16508,1400-2-11,2021-05-01
709,حاريا,كشتيراني آريا,1,350,9930550,28952,28373,28373,-579,-2,28952,0,0,28373,28373,1400-2-11,2021-05-01
710,قلرست,قند لرستان‌,1,200,6948000,35810,34740,34740,-1070,-2.99,35810,0,0,34740,34740,1400-2-11,2021-05-01
711,وجامي,سرمايه گذاري جامي,1,1350,19953000,15081,14780,14780,-301,-2,15081,0,0,14780,14780,1400-2-11,2021-05-01
712,شسم,توليد سموم‌ علف‌ كش,1,60,5502420,89909,91707,91707,1798,2,89910,1,0,91707,91707,1400-2-11,2021-05-01
713,اراد424,مرابحه عام دولت4-ش.خ 0106,1,9126326,8738584913564,1007500,957514,957514,-49986,-4.96,957514,-49986,-4.96,957514,957514,1400-2-11,2021-05-01
714,پرداخت,به پرداخت ملت,1,300,9507000,32670,31690,31690,-980,-3,32670,0,0,31690,31690,1400-2-11,2021-05-01
715,ضشنا2003,اختيارخ شپنا-14000-1400/02/27,1,100,4900000,75,49,49,-26,-34.67,49,-26,-34.67,49,49,1400-2-11,2021-05-01
716,فايرا2,آلومينيوم‌ايران‌,1,15000000,282300000000,18820,18820,18820,0,0,18820,0,0,18820,18820,1400-2-11,2021-05-01
717,ضصاد3007,اختيارخ وبصادر-5000-1400/03/12,1,10,10000,20,1,1,-19,-95,1,-19,-95,1,1,1400-2-11,2021-05-01
718,خموتور,موتورسازان‌تراكتورسازي‌ايران‌,1,400,5812000,14970,14530,14530,-440,-2.94,14970,0,0,14530,14530,1400-2-11,2021-05-01
719,اراد434,مرابحه عام دولت4-ش.خ 0205,1,1568000,1477424480000,940000,942235,942235,2235,0.24,942235,2235,0.24,942235,942235,1400-2-11,2021-05-01
720,وصندوق2,سرمايه‌گذاري‌صندوق‌بازنشستگي‌,1,30000000,421500000000,14480,14050,14050,-430,-2.97,14050,-430,-2.97,14050,14050,1400-2-11,2021-05-01
721,هصيكو402,اختيارف ت تاصيكو13500-00/02/20,1,1000,2923000,3405,2923,2923,-482,-14.16,2923,-482,-14.16,2923,2923,1400-2-11,2021-05-01
722,ساذري,آذريت‌,1,74,454434,5849,6141,6141,292,4.99,5849,0,0,6141,6141,1400-2-11,2021-05-01
723,سدبير,س. تدبيرگران فارس وخوزستان,1,63,5463612,89406,86724,86724,-2682,-3,89406,0,0,86724,86724,1400-2-11,2021-05-01
724,چفيبر,فيبر ايران‌,1,1485,19988100,13870,13460,13460,-410,-2.96,13870,0,0,13460,13460,1400-2-11,2021-05-01
725,ضترا3003,اختيارخ شتران-9000-1400/03/09,1,4,1200000,700,300,300,-400,-57.14,300,-400,-57.14,300,300,1400-2-11,2021-05-01
726,غشصفا,شيرپاستوريزه‌پگاه‌اصفهان‌,1,189,5133240,28000,27160,27160,-840,-3,28000,0,0,27160,27160,1400-2-11,2021-05-01
727,فولاد2,فولاد مباركه اصفهان,1,5000000,62750000000,12770,12550,12550,-220,-1.72,12550,-220,-1.72,12550,12550,1400-2-11,2021-05-01
728,غگلستا,شير پاستوريزه پگاه گلستان,1,183,5062695,28520,27665,27665,-855,-3,28520,0,0,27665,27665,1400-2-11,2021-05-01
729,ثامان,سامان‌ گستراصفهان‌,1,1901,44084190,23900,23190,23190,-710,-2.97,23900,0,0,23190,23190,1400-2-11,2021-05-01
730,تشتاد,صنايع توليدي اشتاد ايران‌,1,400,6150400,15689,15376,15376,-313,-2,15689,0,0,15376,15376,1400-2-11,2021-05-01
731,شزنگ,تجهيزنيروي‌زنگان‌,1,22,5057140,234561,229870,229870,-4691,-2,234560,-1,0,229870,229870,1400-2-11,2021-05-01
732,ضملي7001,اختيارخ فملي-8720-1400/07/11,1,15,55500000,3084,3700,3700,616,19.97,3700,616,19.97,3700,3700,1400-2-11,2021-05-01
733,دامين2,داروسازي‌ امين‌,1,16870000,85699600000,5230,5080,5080,-150,-2.87,5080,-150,-2.87,5080,5080,1400-2-11,2021-05-01
734,قشير,قند شيروان قوچان و بجنورد,1,207,5157198,25684,24914,24914,-770,-3,25684,0,0,24914,24914,1400-2-11,2021-05-01
735,غبهار,كشت وصنعت بهاران گلبهار خراسان,1,150,5024550,34180,33497,33497,-683,-2,34180,0,0,33497,33497,1400-2-11,2021-05-01
736,ومعلم4,بيمه معلم,1,293283183,1920418282284,4986,6548,6548,1562,31.33,6548,1562,31.33,6548,6548,1400-2-11,2021-05-01
737,ضجار2007,اختيارخ وتجارت-5000-1400/02/22,1,1,1000,20,1,1,-19,-95,1,-19,-95,1,1,1400-2-11,2021-05-01
738,بشهاب,لامپ‌  پارس‌ شهاب‌,1,50,7235000,149170,144700,144700,-4470,-3,149170,0,0,144700,144700,1400-2-11,2021-05-01
739,اوان,مبين وان كيش,1,280,14836080,54624,52986,52986,-1638,-3,54623,-1,0,52986,52986,1400-2-11,2021-05-01
740,اراد404,مرابحه عام دولت4-ش.خ 0207,1,1047000,948078393000,1000000,905519,905519,-94481,-9.45,905519,-94481,-9.45,905519,905519,1400-2-11,2021-05-01
741,ولغدر,ليزينگ‌خودروغدير,1,1000,23870000,24600,23870,23870,-730,-2.97,24600,0,0,23870,23870,1400-2-11,2021-05-01
742,اراد414,مرابحه عام دولت4-ش.خ 0006,1,1000000,990000000000,992500,990000,990000,-2500,-0.25,990000,-2500,-0.25,990000,990000,1400-2-11,2021-05-01
743,اراد63,مرابحه عام دولت63-ش.خ0309,1,21500,21500000000,1000000,1000000,1000000,0,0,1000000,0,0,1000000,1000000,1400-2-11,2021-05-01
744,تاپيكو2,س. نفت و گاز و پتروشيمي تأمين,1,23600000,249924000000,10910,10590,10590,-320,-2.93,10590,-320,-2.93,10590,10590,1400-2-11,2021-05-01
745,آينده,بازرگاني آينده سازان بهشت پارس,1,350,6811700,19859,19462,19462,-397,-2,19859,0,0,19462,19462,1400-2-11,2021-05-01
746,ثغرب,شركت سرمايه گذاري مسكن شمالغرب,1,650,5020600,7962,7724,7724,-238,-2.99,7962,0,0,7724,7724,1400-2-11,2021-05-01
747,ضفلا3004,اختيارخ فولاد-8560-1400/03/19,1,20,20000000,1227,1000,1000,-227,-18.5,1000,-227,-18.5,1000,1000,1400-2-11,2021-05-01
748,اخزا716,اسنادخزانه-م16بودجه97-000407,1,105,102060000,966202,972000,972000,5798,0.6,972000,5798,0.6,972000,972000,1400-2-11,2021-05-01
749,ويسرو,ص.ج.سرو رشد پايداريكم 20%تاديه,1,5000,960000000,200000,192000,192000,-8000,-4,192000,-8000,-4,192000,192000,1400-2-11,2021-05-01
750,پارسان2,گسترش نفت و گاز پارسيان,1,5000000,93000000000,18910,18600,18600,-310,-1.64,18600,-310,-1.64,18600,18600,1400-2-11,2021-05-01
751,دكيمي,كيميدارو,1,172,5006920,30010,29110,29110,-900,-3,30010,0,0,29110,29110,1400-2-11,2021-05-01
752,صايپا1122,صكوك مرابحه سايپا112-3ماهه 16%,1,1750000,1750000000000,983371,1000000,1000000,16629,1.69,1000000,16629,1.69,1000000,1000000,1400-2-11,2021-05-01
753,فالوم,آلومتك‌,1,141,5016639,36305,35579,35579,-726,-2,36305,0,0,35579,35579,1400-2-11,2021-05-01
754,وپاسار2,بانك  پاسارگاد,1,137000000,1998830000000,14180,14590,14590,410,2.89,14590,410,2.89,14590,14590,1400-2-11,2021-05-01
755,ثقزوي,شركت عمران و سازندگي قزوين,1,1423,44401869,31839,31203,31203,-636,-2,31838,-1,0,31203,31203,1400-2-11,2021-05-01
756,سلامت6,مرابحه سلامت6واجدشرايط خاص1400,1,9100,9054500000,995000,995000,995000,0,0,995000,0,0,995000,995000,1400-2-11,2021-05-01
757,سيلام,سيمان‌ ايلام‌,1,2259,24555330,11200,10870,10870,-330,-2.95,11200,0,0,10870,10870,1400-2-11,2021-05-01
758,ضپاس2004,اختيارخ وپارس-4000-1400/02/29,1,30,120000,10,4,4,-6,-60,4,-6,-60,4,4,1400-2-11,2021-05-01
759,ثالوند,سرمايه گذاري مسكن الوند,1,160,5007200,32262,31295,31295,-967,-3,32262,0,0,31295,31295,1400-2-11,2021-05-01
760,گواهي ظرفيت,گواهي ظرفيت نقدي,1,660000,9877560000,14966,14966,14966,0,0,14966,0,0,14966,14966,1400-2-11,2021-05-01
761,آ س پ,آ.س.پ,1,684,10705968,16136,15652,15652,-484,-3,16136,0,0,15652,15652,1400-2-11,2021-05-01
762,ضخوز2012,اختيارخ فخوز-10000-1400/02/15,1,30,105000000,4100,3500,3500,-600,-14.63,3500,-600,-14.63,3500,3500,1400-2-11,2021-05-01
763,اراد31,مرابحه عام دولت3-ش.خ 0208,1,100,95000000,1000000,950000,950000,-50000,-5,950000,-50000,-5,950000,950000,1400-2-11,2021-05-01
764,حپترو,حمل و نقل پتروشيمي( سهامي عام,1,100,5230000,53910,52300,52300,-1610,-2.99,53910,0,0,52300,52300,1400-2-11,2021-05-01
765,زعف0008پ12,زعفران0008پوشالمعمول سحرخيز(پ),1,50,4450000,92560,89000,89000,-3560,-3.85,89000,-3560,-3.85,89000,89000,1400-2-11,2021-05-01
766,قزوين,كارخانجات‌ قند قزوين‌,1,203,7793170,39570,38390,38390,-1180,-2.98,39570,0,0,38390,38390,1400-2-11,2021-05-01
767,ضپيك7041,اختيارخ تاپيكو-7070-00/07/18,1,5,12850000,1,2570,2570,2569,256900,2570,2569,256900,2570,2570,1400-2-11,2021-05-01
768,ضجار2001,اختيارخ وتجارت-2000-1400/02/22,1,47,24910000,469,530,530,61,13.01,530,61,13.01,530,530,1400-2-11,2021-05-01
769,ضفلا3002,اختيارخ فولاد-6420-1400/03/19,1,1,3001000,3850,3001,3001,-849,-22.05,3001,-849,-22.05,3001,3001,1400-2-11,2021-05-01
770,حپارسا,توسعه حمل و نقل ريلي پارسيان,1,165,5638545,35229,34173,34173,-1056,-3,35229,0,0,34173,34173,1400-2-11,2021-05-01
771,فملي2,ملي‌ صنايع‌ مس‌ ايران‌,1,10000000,118600000000,12210,11860,11860,-350,-2.87,11860,-350,-2.87,11860,11860,1400-2-11,2021-05-01
772,تملي612,تسهيلات مسكن بانك ملي-اسفند96,1,10,5204030,547792,520403,520403,-27389,-5,520403,-27389,-5,520403,520403,1400-2-11,2021-05-01
773,ضپاس7028,اختيارخ وپارس-2000-1400/07/28,1,1,680000,1,680,680,679,67900,680,679,67900,680,680,1400-2-11,2021-05-01
774,ومعلم,بيمه معلم,1,8252,39914924,4986,4837,4837,-149,-2.99,4986,0,0,4837,4837,1400-2-11,2021-05-01
775,اراد554,مرابحه عام دولت5-ش.خ 0209,1,10777000,9240544664000,970000,857432,857432,-112568,-11.6,857432,-112568,-11.6,857432,857432,1400-2-11,2021-05-01
776,صخود0412,ص مرابحه خودرو041- 3ماهه 18%,1,909000,900728100000,1000000,990900,990900,-9100,-0.91,990900,-9100,-0.91,990900,990900,1400-2-11,2021-05-01
777,اشاد1,مشاركت دولتي1-شرايط خاص001026,1,500,475000000,999884,950000,950000,-49884,-4.99,950000,-49884,-4.99,950000,950000,1400-2-11,2021-05-01
778,ارمغان2,ص سرمايه گذاري ارمغان ايرانيان,1,49256230,49256230,10196,1,1,-10195,-99.99,1,-10195,-99.99,1,1,1400-2-11,2021-05-01
779,زكشت,كشاورزي مكانيزه اصفهان كشت,1,130,5090930,40372,39161,39161,-1211,-3,40372,0,0,39161,39161,1400-2-11,2021-05-01
780,سصفها,سيمان‌اصفهان‌,1,48,5912160,126970,123170,123170,-3800,-2.99,126970,0,0,123170,123170,1400-2-11,2021-05-01
781,نگين,ص.س. زمين و ساختمان نگين شهرري,1,1,47600,48070,47600,47600,-470,-0.98,47600,-470,-0.98,47600,47600,1400-2-11,2021-05-01
782,واميد2,گروه مديريت سرمايه گذاري اميد,1,25000000,313250000000,12530,12530,12530,0,0,12530,0,0,12530,12530,1400-2-11,2021-05-01
783,وشمال,س. چشم انداز توسعه شمال,1,58,5035966,88598,86827,86827,-1771,-2,88598,0,0,86827,86827,1400-2-11,2021-05-01
784,آبين,كشت و صنعت آبشيرين,1,10000,40440000,4212,4044,4044,-168,-3.99,4211,-1,-0.02,4044,4044,1400-2-11,2021-05-01
785,ضپاس2003,اختيارخ وپارس-3500-1400/02/29,1,73,365000,23,5,5,-18,-78.26,5,-18,-78.26,5,5,1400-2-11,2021-05-01
786,فخوز2,فولاد  خوزستان,1,5000000,75000000000,15330,15000,15000,-330,-2.15,15000,-330,-2.15,15000,15000,1400-2-11,2021-05-01
787,شپديس2,پتروشيمي پرديس,1,4150000,392507000000,97500,94580,94580,-2920,-2.99,94580,-2920,-2.99,94580,94580,1400-2-11,2021-05-01
788,زير0003پ01,زيره سبز0003كيميابذر(پ),1,1,562277,576419,562277,562277,-14142,-2.45,562277,-14142,-2.45,562277,562277,1400-2-11,2021-05-01
789,اراد384,مرابحه عام دولت3-ش.خ 0105,1,10000,9585650000,1050000,958565,958565,-91435,-8.71,958565,-91435,-8.71,958565,958565,1400-2-11,2021-05-01
790,چكاوه,صنايع‌كاغذسازي‌كاوه‌,1,285,5092950,18420,17870,17870,-550,-2.99,18420,0,0,17870,17870,1400-2-11,2021-05-01
791,شبهرن2,نفت‌ بهران‌,1,21600000,249912000000,11920,11570,11570,-350,-2.94,11570,-350,-2.94,11570,11570,1400-2-11,2021-05-01
792,زعف0008پ19,زعفران0008نگين تروند قاينات(پ),1,50,6290000,128579,125800,125800,-2779,-2.16,125800,-2779,-2.16,125800,125800,1400-2-11,2021-05-01
793,وتعاون,بيمه  تعاون,1,5000,30915000,6309,6183,6183,-126,-2,6309,0,0,6183,6183,1400-2-11,2021-05-01
794,سهرمز,سيمان‌هرمزگان‌,1,240,5812800,24960,24220,24220,-740,-2.96,24960,0,0,24220,24220,1400-2-11,2021-05-01
795,وتوس2,توسعه‌شهري‌توس‌گستر,1,12276600,162664950000,13390,13250,13250,-140,-1.05,13250,-140,-1.05,13250,13250,1400-2-11,2021-05-01
796,ضملي3000,اختيارخ فملي-8000-1400/03/02,1,20,74000000,3987,3700,3700,-287,-7.2,3700,-287,-7.2,3700,3700,1400-2-11,2021-05-01
797,غاذر,كشت‌وصنعت‌پياذر,1,353,19157310,55940,54270,54270,-1670,-2.99,55940,0,0,54270,54270,1400-2-11,2021-05-01
798,ضپنا8001,اختيارخ رمپنا-11850-1400/08/05,1,2,11000000,6000,5500,5500,-500,-8.33,5500,-500,-8.33,5500,5500,1400-2-11,2021-05-01
799,فاما,صنعتي‌ آما,1,460,8280000,18550,18000,18000,-550,-2.96,18550,0,0,18000,18000,1400-2-11,2021-05-01
800,كلوند,كاشي‌ الوند,1,2400,108240000,46490,45100,45100,-1390,-2.99,46490,0,0,45100,45100,1400-2-11,2021-05-01
801,ضپاس2005,اختيارخ وپارس-4500-1400/02/29,1,10,20000,1,2,2,1,100,2,1,100,2,2,1400-2-11,2021-05-01
802,خوساز,محورسازان‌ايران‌خودرو,1,4360,33920800,8020,7780,7780,-240,-2.99,8020,0,0,7780,7780,1400-2-11,2021-05-01
803,طمخا7070,اختيارف اخابر-19700-1400/07/28,1,1,10000000,6000,10000,10000,4000,66.67,10000,4000,66.67,10000,10000,1400-2-11,2021-05-01
804,آكورد4,صندوق س. آرمان آتي كوثر-د,1,10000000,318470000000,31802,31847,31847,45,0.14,31847,45,0.14,31847,31847,1400-2-11,2021-05-01
805,ضپيك2009,اختيارخ تاپيكو-10000-00/02/19,1,1,1111000,2000,1111,1111,-889,-44.45,1111,-889,-44.45,1111,1111,1400-2-11,2021-05-01
806,قمرو,قند مرودشت‌,1,157,5633160,36980,35880,35880,-1100,-2.97,36980,0,0,35880,35880,1400-2-11,2021-05-01
807,ضمخا7070,اختيارخ اخابر-19700-1400/07/28,1,2,500000,593,250,250,-343,-57.84,250,-343,-57.84,250,250,1400-2-11,2021-05-01
808,غبشهر,صنعتي‌ بهشهر,1,1000,24570000,25320,24570,24570,-750,-2.96,25320,0,0,24570,24570,1400-2-11,2021-05-01
809,اخزا723,اسنادخزانه-م23بودجه97-000824,1,300,269700000,896000,899000,899000,3000,0.33,899000,3000,0.33,899000,899000,1400-2-11,2021-05-01
810,شدوص,دوده‌ صنعتي‌ پارس‌,1,2000,53240000,27440,26620,26620,-820,-2.99,27440,0,0,26620,26620,1400-2-11,2021-05-01
811,ضترا3004,اختيارخ شتران-10000-1400/03/09,1,2,420000,185,210,210,25,13.51,210,25,13.51,210,210,1400-2-11,2021-05-01
812,گكيش,توريستي ورفاهي آبادگران كيش,1,450,20936250,48463,46525,46525,-1938,-4,48461,-2,0,46525,46525,1400-2-11,2021-05-01
813,همراه2,شركت ارتباطات سيار ايران,1,12900000,313470000000,24300,24300,24300,0,0,24300,0,0,24300,24300,1400-2-11,2021-05-01
814,كفرآور,فرآورده هاي سيمان شرق,1,220,5090800,23612,23140,23140,-472,-2,23612,0,0,23140,23140,1400-2-11,2021-05-01
815,دسانكو,داروسازي سبحان انكولوژي,1,350,5021100,14789,14346,14346,-443,-3,14789,0,0,14346,14346,1400-2-11,2021-05-01
816,وسخراش,شركت س استان خراسان شمالي,1,3800,5054000,1370,1330,1330,-40,-2.92,1370,0,0,1330,1330,1400-2-11,2021-05-01
817,ثتوسا,س.توسعه و عمران استان اردبيل,1,140,5345480,39772,38182,38182,-1590,-4,39772,0,0,38182,38182,1400-2-11,2021-05-01
