,نماد,نام,تعداد,حجم,ارزش,دیروز,اولین,آخرین معامله - مقدار,آخرین معامله - تغییر,آخرین معامله - درصد,قیمت پایانی - مقدار,قیمت پایانی - تغییر,قیمت پایانی - درصد,کمترین,بیشترین,تاریخ,gregorian_date
0,توسن,توسعه سامانه ي نرم افزاري نگين,28348,12169342,185999661153,15255,15256,15306,51,0.33,15284,29,0.19,14810,15510,1400-7-27,2021-10-19
1,پالايش,صندوق پالايشي يكم-سهام,21422,23398604,1703699296590,72090,73400,72090,0,0,72810,720,1,71930,73800,1400-7-27,2021-10-19
2,كدما,معدني‌ دماوند,17559,11518227,1138843376920,100340,95330,95700,-4640,-4.62,98870,-1470,-1.47,95330,104980,1400-7-27,2021-10-19
3,فجهان,مجتمع جهان فولاد سيرجان,16511,55864408,334893340755,5990,5971,6010,20,0.33,5995,5,0.08,5970,6050,1400-7-27,2021-10-19
4,فسبزوار,پارس فولاد سبزوار,15356,7856039,276030183170,35090,35070,34880,-210,-0.6,35140,50,0.14,34850,35720,1400-7-27,2021-10-19
5,دارا يكم,صندوق واسطه گري مالي يكم-سهام,14585,10560212,1272943758110,118310,120530,119570,1260,1.06,120540,2230,1.88,119400,122090,1400-7-27,2021-10-19
6,كيمياتك,آريان كيميا تك,13600,3118839,90875235430,29170,29000,28990,-180,-0.62,29140,-30,-0.1,28900,29870,1400-7-27,2021-10-19
7,كالا,بورس كالاي ايران,13083,40535222,1233757835030,31440,31000,29900,-1540,-4.9,30440,-1000,-3.18,29870,32460,1400-7-27,2021-10-19
8,غگيلا,شيرپاستوريزه پگاه گيلان,10608,22064491,476242689314,21274,20211,22280,1006,4.73,21584,310,1.46,20211,22337,1400-7-27,2021-10-19
9,مديريت,س. و خدمات مديريت صند. ب كشوري,10524,9726501,90329058031,9111,9201,9280,169,1.85,9287,176,1.93,9110,9429,1400-7-27,2021-10-19
10,فرابورس,فرابورس ايران,10399,32233065,706800362558,22366,22500,21304,-1062,-4.75,21928,-438,-1.96,21250,22990,1400-7-27,2021-10-19
11,فملي,ملي‌ صنايع‌ مس‌ ايران‌,10377,62249133,860082410100,13690,13700,13700,10,0.07,13820,130,0.95,13680,13950,1400-7-27,2021-10-19
12,خساپا,سايپا,10029,410654675,690419537039,1612,1650,1683,71,4.4,1681,69,4.28,1623,1692,1400-7-27,2021-10-19
13,خودرو,ايران‌ خودرو,9922,425344518,757304608576,1706,1758,1791,85,4.98,1780,74,4.34,1730,1791,1400-7-27,2021-10-19
14,كمند,صندوق س. با درآمد ثابت كمند,9880,446919781,4498806179098,10060,10066,10067,7,0.07,10066,6,0.06,10066,10067,1400-7-27,2021-10-19
15,امين,تامين سرمايه امين,9713,10939652,131021832830,11480,11800,12030,550,4.79,11980,500,4.36,11590,12050,1400-7-27,2021-10-19
16,شپنا,پالايش نفت اصفهان,8954,46283187,570842450210,12160,12460,12240,80,0.66,12330,170,1.4,12220,12510,1400-7-27,2021-10-19
17,شبندر,پالايش نفت بندرعباس,8198,106347296,717020764990,6690,6840,6720,30,0.45,6740,50,0.75,6680,6860,1400-7-27,2021-10-19
18,فولاد,فولاد مباركه اصفهان,7694,52028961,560191947270,10630,10800,10630,0,0,10770,140,1.32,10620,10870,1400-7-27,2021-10-19
19,گدنا,تهيه توزيع غذاي دنا آفرين فدك,6799,4819441,75871190820,15194,15430,15953,759,5,15743,549,3.61,14800,15953,1400-7-27,2021-10-19
20,فاسمين,كالسيمين‌,5769,35657504,676405153050,18500,18700,18890,390,2.11,18970,470,2.54,18570,19200,1400-7-27,2021-10-19
21,خگستر,گسترش‌سرمايه‌گذاري‌ايران‌خودرو,5720,170277096,380944319324,2146,2185,2228,82,3.82,2237,91,4.24,2162,2253,1400-7-27,2021-10-19
22,سپيد,سپيد ماكيان,5632,3299963,182375385560,52820,53000,55460,2640,5,55270,2450,4.64,53000,55460,1400-7-27,2021-10-19
23,شلرد,كود شيميايي اوره لردگان,5538,49694563,543130202874,10487,10800,10720,233,2.22,10929,442,4.21,10610,11011,1400-7-27,2021-10-19
24,خپارس,پارس‌ خودرو,5537,277977974,308753757059,1065,1096,1106,41,3.85,1111,46,4.32,1070,1118,1400-7-27,2021-10-19
25,وهامون,سرمايه گذاري هامون صبا,5510,10532561,29755592679,2775,2820,2857,82,2.95,2825,50,1.8,2760,2870,1400-7-27,2021-10-19
26,كاما,باما,5214,30926237,298647424850,9780,9800,9570,-210,-2.15,9660,-120,-1.23,9530,9870,1400-7-27,2021-10-19
27,شاراك,پتروشيمي شازند,5137,8304913,450125834230,54390,54900,53500,-890,-1.64,54200,-190,-0.35,53000,55460,1400-7-27,2021-10-19
28,آبادا,توليد نيروي برق آبادان,4962,2615324,40803439750,15360,15400,15610,250,1.63,15600,240,1.56,15010,15770,1400-7-27,2021-10-19
29,خزر,فنرسازي‌زر,4861,19197014,273486094550,14660,14150,13950,-710,-4.84,14250,-410,-2.8,13930,14920,1400-7-27,2021-10-19
30,سپيدار,سپيدار سيستم آسيا,4724,1323954,24108612279,17672,18270,18340,668,3.78,18210,538,3.04,17680,18400,1400-7-27,2021-10-19
31,غزر,صنعتي زر ماكارون,4655,8334345,95344461420,10990,11390,11530,540,4.91,11440,450,4.09,11090,11530,1400-7-27,2021-10-19
32,وغدير,سرمايه‌گذاري‌غدير(هلدينگ‌,4601,30594473,503013664100,15830,16010,16210,380,2.4,16440,610,3.85,15970,16620,1400-7-27,2021-10-19
33,چخزر,صنايع چوب خزر كاسپين,4581,1040928,30712983566,28359,28659,29776,1417,5,29505,1146,4.04,28659,29776,1400-7-27,2021-10-19
34,خبهمن,گروه‌بهمن‌,4315,159323639,285815253980,1737,1760,1773,36,2.07,1794,57,3.28,1737,1823,1400-7-27,2021-10-19
35,ولپارس,ليزينگ پارسيان,4311,16166052,70448215926,4335,4230,4370,35,0.81,4358,23,0.53,4230,4498,1400-7-27,2021-10-19
36,وملي,گروه‌ صنعتي‌ ملي‌ (هلدينگ‌,4265,1997688,417953201950,205850,195560,216140,10290,5,209220,3370,1.64,195560,216140,1400-7-27,2021-10-19
37,كرمان,س. توسعه و عمران استان كرمان,4201,123407213,131075234869,1037,1060,1060,23,2.22,1062,25,2.41,1050,1076,1400-7-27,2021-10-19
38,شاروم,پتروشيمي اروميه,4184,2203936,33424244609,14863,14900,15009,146,0.98,15166,303,2.04,14897,15500,1400-7-27,2021-10-19
39,خنصير,مهندسي‌نصيرماشين‌,4180,21738996,561957028560,24780,24780,26010,1230,4.96,25850,1070,4.32,24300,26010,1400-7-27,2021-10-19
40,فلوله,لوله‌وماشين‌سازي‌ايران‌,3969,156110528,188307609049,1259,1197,1220,-39,-3.1,1206,-53,-4.21,1197,1255,1400-7-27,2021-10-19
41,وبملت,بانك ملت,3879,58387816,207928495184,3483,3559,3527,44,1.26,3561,78,2.24,3514,3599,1400-7-27,2021-10-19
42,نوري,پتروشيمي نوري,3685,2586857,287787594690,110300,111440,111370,1070,0.97,111250,950,0.86,110300,111500,1400-7-27,2021-10-19
43,ختور,رادياتور ايران‌,3684,14369744,265116593730,19060,18110,18250,-810,-4.25,18450,-610,-3.2,18110,19240,1400-7-27,2021-10-19
44,آريا,پليمر آريا ساسول,3654,1433433,158180331932,110265,110265,110000,-265,-0.24,110351,86,0.08,108980,111917,1400-7-27,2021-10-19
45,ولكار,ليزينگ كارآفرين,3635,2934744,12433902640,4137,4140,4280,143,3.46,4220,83,2.01,4140,4340,1400-7-27,2021-10-19
46,بوعلي,پتروشيمي بوعلي سينا,3612,1005634,75192711540,74050,75750,74510,460,0.62,74570,520,0.7,74200,76000,1400-7-27,2021-10-19
47,ثبهساز,بهساز كاشانه تهران,3612,16861866,29428077216,1699,1700,1757,58,3.41,1745,46,2.71,1699,1775,1400-7-27,2021-10-19
48,زاگرس,پتروشيمي زاگرس,3602,770766,255683577532,337813,337000,326010,-11803,-3.49,331727,-6086,-1.8,325010,339000,1400-7-27,2021-10-19
49,وخارزم,سرمايه گذاري خوارزمي,3555,41146620,200572075885,4763,4770,4918,155,3.25,4875,112,2.35,4770,4960,1400-7-27,2021-10-19
50,ومدير,گ.مديريت ارزش سرمايه ص ب كشوري,3468,9280053,41652809966,4408,4400,4500,92,2.09,4488,80,1.81,4391,4530,1400-7-27,2021-10-19
51,وتجارت,بانك تجارت,3461,74681655,152759156134,2014,2025,2040,26,1.29,2045,31,1.54,2025,2079,1400-7-27,2021-10-19
52,كمرجان,بازرگاني و توليدي مرجان كار,3459,2690506,200090714741,76985,73920,75120,-1865,-2.42,74369,-2616,-3.4,73136,79000,1400-7-27,2021-10-19
53,شفن,پتروشيمي فناوران,3439,551329,263380202320,469800,481000,474950,5150,1.1,477720,7920,1.69,473830,483000,1400-7-27,2021-10-19
54,غكورش,صنعت غذايي كورش,3424,3372497,153350188500,43400,44010,45570,2170,5,45470,2070,4.77,43820,45570,1400-7-27,2021-10-19
55,زملارد,كشاورزي و دامپروري ملارد شير,3404,618527,13792520686,21914,22000,22360,446,2.04,22259,345,1.57,21011,22826,1400-7-27,2021-10-19
56,سنير,سيمان‌ سفيد ني‌ريز,3351,1664193,189824657980,114420,118700,110750,-3670,-3.21,114060,-360,-0.31,109000,120100,1400-7-27,2021-10-19
57,رافزا,رايان هم افزا,3299,1341318,93592934405,68754,68770,70051,1297,1.89,69777,1023,1.49,65522,71500,1400-7-27,2021-10-19
58,شغدير,پتروشيمي غدير,3292,1652157,182536481840,110040,112900,110710,670,0.61,110480,440,0.4,108000,113290,1400-7-27,2021-10-19
59,لطيف,محصولات كاغذي لطيف,3255,339993,13446641809,39237,40100,39243,6,0.02,39514,277,0.71,39240,40330,1400-7-27,2021-10-19
60,وكبهمن,مديريت سرمايه گذاري كوثربهمن,3168,1417963,15861801610,11217,11021,11070,-147,-1.31,11186,-31,-0.28,11020,11390,1400-7-27,2021-10-19
61,فگستر,گسترش صنايع روي ايرانيان,3157,2425964,30893468694,12773,12600,12800,27,0.21,12735,-38,-0.3,12517,12955,1400-7-27,2021-10-19
62,ثاميد,توسعه و عمران اميد,3110,17445112,25929721157,1462,1473,1499,37,2.53,1486,24,1.64,1466,1506,1400-7-27,2021-10-19
63,شصدف,صنعتي دوده فام,3090,2967239,99018797799,33189,33000,33110,-79,-0.24,33371,182,0.55,32510,34448,1400-7-27,2021-10-19
64,وسپهر,سرمايه گذاري مالي سپهرصادرات,3059,6575865,46569573807,7046,7109,7065,19,0.27,7066,20,0.28,7047,7160,1400-7-27,2021-10-19
65,كيان,صندوق س. با درآمد ثابت كيان,3041,27048891,841526987932,31094,31110,31112,18,0.06,31111,17,0.05,31110,31114,1400-7-27,2021-10-19
66,فتوسا,توليد و توسعه سرب روي ايرانيان,3032,2637754,34441387899,12982,12510,13050,68,0.52,13057,75,0.58,12510,13330,1400-7-27,2021-10-19
67,ذوب,سهامي ذوب آهن  اصفهان,3022,40434033,165295038187,3990,4099,4062,72,1.8,4088,98,2.46,4041,4170,1400-7-27,2021-10-19
68,غنوش,نوش‌ مازندران‌,3020,4885767,162231729900,34120,33210,32730,-1390,-4.07,33200,-920,-2.7,32700,34500,1400-7-27,2021-10-19
69,قثابت,قند ثابت‌ خراسان‌,2922,52696004,142693387504,2744,2697,2674,-70,-2.55,2708,-36,-1.31,2641,2800,1400-7-27,2021-10-19
70,شكام,صنايع شيميايي كيمياگران امروز,2807,7320973,262633564703,34445,36167,35030,585,1.7,35874,1429,4.15,34445,36167,1400-7-27,2021-10-19
71,بگيلان,توسعه مسير برق گيلان,2797,980631,15598649094,15719,15111,15860,141,0.9,15826,107,0.68,15111,16360,1400-7-27,2021-10-19
72,وگستر,گسترش سرمايه گذاري ايرانيان,2791,16325255,155388026719,9994,9495,9495,-499,-4.99,9518,-476,-4.76,9495,9749,1400-7-27,2021-10-19
73,فسرب,ملي‌ سرب‌وروي‌ ايران‌,2773,2058709,173639807030,86740,87110,82410,-4330,-4.99,84340,-2400,-2.77,82410,88400,1400-7-27,2021-10-19
74,صبا,سرمايه گذاري صبا تامين,2730,10652478,67785213117,6193,6280,6343,150,2.42,6294,101,1.63,6280,6419,1400-7-27,2021-10-19
75,تكشا,گسترش‌صنايع‌وخدمات‌كشاورزي‌,2729,7098073,293661433850,40290,40000,42300,2010,4.99,41370,1080,2.68,39010,42300,1400-7-27,2021-10-19
76,كزغال,زغال سنگ پروده طبس,2676,726054,24992063935,33770,33671,34322,552,1.63,34362,592,1.75,33200,34900,1400-7-27,2021-10-19
77,بپيوند,برق و انرژي پيوندگستر پارس,2611,1314527,13405500651,9981,9981,10210,229,2.29,10172,191,1.91,9981,10380,1400-7-27,2021-10-19
78,غمينو,شركت صنايع غذايي مينو شرق,2595,26360481,151402763439,6021,5720,5720,-301,-5,5744,-277,-4.6,5720,5959,1400-7-27,2021-10-19
79,شگويا,پتروشيمي تندگويان,2585,12557777,145494770346,11368,11500,11603,235,2.07,11586,218,1.92,11460,11690,1400-7-27,2021-10-19
80,وبصادر,بانك صادرات ايران,2532,56016204,114958173729,2013,2030,2050,37,1.84,2049,36,1.79,2029,2089,1400-7-27,2021-10-19
81,ملت,بيمه ملت,2531,107842101,134450064606,1195,1220,1241,46,3.85,1247,52,4.35,1206,1254,1400-7-27,2021-10-19
82,خموتور,موتورسازان‌تراكتورسازي‌ايران‌,2508,16800646,229743426210,14340,13630,13630,-710,-4.95,13670,-670,-4.67,13630,13930,1400-7-27,2021-10-19
83,تسه0006,امتيازتسهيلات مسكن شهريور1400,2503,100308,67627407830,692215,720000,657700,-34515,-4.99,674198,-18017,-2.6,657605,720000,1400-7-27,2021-10-19
84,سيتا,سرمايه گذاري سيمان تامين,2437,2410070,25430690650,10420,10530,10570,150,1.44,10490,70,0.67,10430,10750,1400-7-27,2021-10-19
85,پترول,گ.س.وت.ص.پتروشيمي خليج فارس,2434,24209921,81659530141,3310,3360,3378,68,2.05,3364,54,1.63,3310,3420,1400-7-27,2021-10-19
86,شپديس,پتروشيمي پرديس,2409,1614848,321146497440,200140,199900,197090,-3050,-1.52,198870,-1270,-0.63,196700,201460,1400-7-27,2021-10-19
87,فروس,فروسيليس‌ ايران‌,2381,31023369,242898167060,8210,8210,7800,-410,-4.99,7830,-380,-4.63,7800,8280,1400-7-27,2021-10-19
88,فروي,ذوب روي اصفهان,2375,2776293,82042603979,30097,29300,29185,-912,-3.03,29551,-546,-1.81,29100,30495,1400-7-27,2021-10-19
89,فزرين,زرين معدن آسيا,2360,8339940,127688981465,15615,15320,15500,-115,-0.74,15311,-304,-1.95,14911,15600,1400-7-27,2021-10-19
90,آريان,سرمايه گذاري پارس آريان,2349,65823815,1260540841558,19104,19100,19400,296,1.55,19150,46,0.24,19100,19440,1400-7-27,2021-10-19
91,ورازي,بيمه رازي,2315,82454679,181512578701,2128,2100,2234,106,4.98,2201,73,3.43,2042,2234,1400-7-27,2021-10-19
92,بكاب,صنايع‌جوشكاب‌يزد,2274,1725672,261905158920,145010,147670,152260,7250,5,151770,6760,4.66,144650,152260,1400-7-27,2021-10-19
93,وسديد,گروه ‌صنعتي‌سديد,2221,57311345,63897962199,1083,1115,1115,32,2.95,1115,32,2.95,1100,1115,1400-7-27,2021-10-19
94,شرنگي,شيميايي رنگين,2217,1000139,162960892996,163082,167974,158900,-4182,-2.56,162938,-144,-0.09,158190,167974,1400-7-27,2021-10-19
95,خكار,ايركا پارت صنعت,2179,16347420,91542845000,5550,5360,5670,120,2.16,5600,50,0.9,5360,5810,1400-7-27,2021-10-19
96,فاذر,صنايع‌ آذرآب‌,2170,77297407,81993032393,1043,1040,1063,20,1.92,1061,18,1.73,1020,1090,1400-7-27,2021-10-19
97,شسينا,صنايع‌شيميايي‌سينا,2166,1145276,99688086420,86800,84300,85000,-1800,-2.07,87040,240,0.28,83500,90900,1400-7-27,2021-10-19
98,وپويا,سرمايه گذاري پويا,2158,4744408,20134187415,4150,4200,4211,61,1.47,4244,94,2.27,4150,4290,1400-7-27,2021-10-19
99,سمگا,گروه سرمايه گذاري ميراث فرهنگي,2146,18706557,232298658869,12454,12600,12399,-55,-0.44,12418,-36,-0.29,12070,12810,1400-7-27,2021-10-19
100,اعتماد,صندوق س.اعتماد آفرين پارسيان-د,2116,42007300,1656270094320,39406,39427,39431,25,0.06,39428,22,0.06,39427,39432,1400-7-27,2021-10-19
101,ثفارس,عمران‌وتوسعه‌فارس‌,2103,19323740,214302464250,10610,10600,11140,530,5,11090,480,4.52,10500,11140,1400-7-27,2021-10-19
102,غصينو,صنعتي مينو,1980,9887635,150109247972,15969,15171,15171,-798,-5,15182,-787,-4.93,15171,15370,1400-7-27,2021-10-19
103,چكاپا,گروه صنايع كاغذ پارس,1957,26815911,91754153610,3342,3450,3405,63,1.89,3422,80,2.39,3360,3470,1400-7-27,2021-10-19
104,اخابر,مخابرات ايران,1955,70744038,569703995640,7790,8120,8170,380,4.88,8050,260,3.34,7800,8170,1400-7-27,2021-10-19
105,امين يكم,صندوق درآمد ثابت امين يكم فردا,1918,56610129,574260441281,10134,10140,10150,16,0.16,10144,10,0.1,10140,10150,1400-7-27,2021-10-19
106,شراز,پالايش نفت شيراز,1913,896981,123496157616,141093,141000,136800,-4293,-3.04,137680,-3413,-2.42,135010,141500,1400-7-27,2021-10-19
107,هاي وب,داده گسترعصرنوين-هاي وب,1874,39187778,305301484570,7430,7510,7800,370,4.98,7790,360,4.85,7510,7800,1400-7-27,2021-10-19
108,وهنر,گروه توسعه هنر ايران,1855,18820737,74543562665,4057,3960,3960,-97,-2.39,3961,-96,-2.37,3936,4080,1400-7-27,2021-10-19
109,حآسا,آسيا سير ارس,1839,5699277,85784293191,15320,14554,15340,20,0.13,15052,-268,-1.75,14554,15700,1400-7-27,2021-10-19
110,كروي,توسعه‌ معادن‌ روي‌ ايران‌,1836,9258586,265749783010,28610,28800,28500,-110,-0.38,28700,90,0.31,28020,29160,1400-7-27,2021-10-19
111,سرو,صندوق س سروسودمند مدبران-سهام,1834,1409638,107316924560,74600,75990,75520,920,1.23,76130,1530,2.05,75300,76940,1400-7-27,2021-10-19
112,ضخود1052,اختيارخ خودرو-2000-1400/10/08,1792,77433,10854474000,133,150,138,5,3.76,140,7,5.26,132,154,1400-7-27,2021-10-19
113,ثرود,سرمايه‌گذاري مسكن زاينده رود,1790,8360768,71015334255,8631,8200,8810,179,2.07,8494,-137,-1.59,8200,8960,1400-7-27,2021-10-19
114,خلنت,لنت‌ ترمزايران‌,1779,870269,97330235760,109470,110250,107730,-1740,-1.59,111840,2370,2.16,105600,114940,1400-7-27,2021-10-19
115,غگل,گلوكوزان‌,1772,43706348,131434079498,2876,2930,3019,143,4.97,3007,131,4.55,2920,3019,1400-7-27,2021-10-19
116,بترانس,ايران‌ ترانسفو,1768,33933974,75690926385,2155,2200,2235,80,3.71,2231,76,3.53,2173,2262,1400-7-27,2021-10-19
117,ونوين,بانك‌اقتصادنوين‌,1762,34958407,133522896348,3769,3860,3803,34,0.9,3819,50,1.33,3784,3900,1400-7-27,2021-10-19
118,غويتا,ويتانا,1724,11086212,65908727738,5986,5760,5881,-105,-1.75,5945,-41,-0.68,5760,6127,1400-7-27,2021-10-19
119,البرز,بيمه البرز,1721,42462407,106723809059,2526,2530,2520,-6,-0.24,2513,-13,-0.51,2473,2560,1400-7-27,2021-10-19
120,ديران,ايران‌دارو,1712,4729482,155677398050,32740,34000,32400,-340,-1.04,32920,180,0.55,31850,34000,1400-7-27,2021-10-19
121,بشهاب,لامپ‌  پارس‌ شهاب‌,1695,1645753,185175057430,113350,112140,116640,3290,2.9,112520,-830,-0.73,107690,118400,1400-7-27,2021-10-19
122,خفنر,فنرسازي‌خاور,1680,15903467,110586204830,6990,6710,7250,260,3.72,6950,-40,-0.57,6650,7330,1400-7-27,2021-10-19
123,كيميا,معدني كيمياي زنجان گستران,1637,7349481,123511546039,16863,16870,16848,-15,-0.09,16805,-58,-0.34,16210,17199,1400-7-27,2021-10-19
124,ويسا,سرمايه گذاري ايساتيس پويا,1636,9288675,69320475084,7253,7470,7470,217,2.99,7463,210,2.9,7250,7470,1400-7-27,2021-10-19
125,كوير,توليدي فولاد سپيد فراب كوير,1614,12256170,172998437620,13700,13850,14130,430,3.14,14120,420,3.07,13710,14220,1400-7-27,2021-10-19
126,تاپكيش,تجارت الكترونيك پارسيان كيش,1601,6922531,131745018034,18284,18800,18950,666,3.64,19031,747,4.09,18800,19190,1400-7-27,2021-10-19
127,كماسه,تامين‌ ماسه‌ ريخته‌گري‌,1595,18038792,96017303750,5110,5250,5270,160,3.13,5320,210,4.11,5240,5360,1400-7-27,2021-10-19
128,فرآور,فرآوري‌موادمعدني‌ايران‌,1575,3787901,124446672830,32900,33490,32670,-230,-0.7,32850,-50,-0.15,31400,33760,1400-7-27,2021-10-19
129,كپشير,پشم‌شيشه‌ايران‌,1544,7902047,121612089590,14790,15520,15130,340,2.3,15390,600,4.06,14900,15520,1400-7-27,2021-10-19
130,فاراك,ماشين‌ سازي‌ اراك‌,1536,43334591,71768771939,1589,1600,1668,79,4.97,1656,67,4.22,1577,1668,1400-7-27,2021-10-19
131,اپال,فرآوري معدني اپال كاني پارس,1520,1726957,33280257970,19230,18530,19120,-110,-0.57,19240,10,0.05,18530,19800,1400-7-27,2021-10-19
132,وسكرمان,س.سهام عدالت استان كرمان,1488,92731976,43740589144,469,464,474,5,1.07,472,3,0.64,464,480,1400-7-27,2021-10-19
133,آگاس,صندوق س.هستي بخش آگاه-س,1463,1577273,132639758072,82543,84000,84039,1496,1.81,84094,1551,1.88,83200,84500,1400-7-27,2021-10-19
134,شخارك,پتروشيمي‌ خارك‌,1459,2046748,131581013630,61720,62000,64800,3080,4.99,64290,2570,4.16,62000,64800,1400-7-27,2021-10-19
135,ولساپا,ليزينگ رايان‌ سايپا,1458,37829496,101607389830,2635,2700,2656,21,0.8,2686,51,1.94,2643,2742,1400-7-27,2021-10-19
136,سبزوا,سيمان لار سبزوار,1445,16641806,47492462160,2784,2803,2850,66,2.37,2854,70,2.51,2710,2911,1400-7-27,2021-10-19
137,شبريز,پالايش نفت تبريز,1432,2886843,112344431790,38280,39860,38580,300,0.78,38920,640,1.67,38430,39870,1400-7-27,2021-10-19
138,كاوه,فولاد كاوه جنوب كيش,1422,6119744,105658437590,17120,17210,17160,40,0.23,17270,150,0.88,17100,17570,1400-7-27,2021-10-19
139,شسپا,نفت سپاهان,1418,25699349,87302028034,3343,3389,3378,35,1.05,3397,54,1.62,3340,3470,1400-7-27,2021-10-19
140,خزاميا,زامياد,1407,13335420,84136446830,6050,6280,6300,250,4.13,6310,260,4.3,6150,6350,1400-7-27,2021-10-19
141,پارسان,گسترش نفت و گاز پارسيان,1400,6340693,226698762890,35380,35300,35390,10,0.03,35750,370,1.05,35300,36490,1400-7-27,2021-10-19
142,دتوليد,داروسازي توليد دارو,1393,5393046,59451175229,11013,10710,10864,-149,-1.35,11024,11,0.1,10710,11320,1400-7-27,2021-10-19
143,دماوند,توليد نيروي برق دماوند,1391,2483287,51217362122,21064,21200,20500,-564,-2.68,20625,-439,-2.08,20346,21500,1400-7-27,2021-10-19
144,كترام,توليدي‌ كاشي‌ تكسرام‌,1388,4126347,87081155910,21790,20710,21800,10,0.05,21100,-690,-3.17,20710,21950,1400-7-27,2021-10-19
145,فخوز,فولاد  خوزستان,1377,5176893,87820851120,16700,16930,16970,270,1.62,16880,180,1.08,16790,17300,1400-7-27,2021-10-19
146,دي,بانك دي,1367,65868453,63566253752,936,965,964,28,2.99,965,29,3.1,964,967,1400-7-27,2021-10-19
147,حفارس,حمل و نقل بين المللي خليج فارس,1362,24708076,95944098477,4057,4051,3855,-202,-4.98,3883,-174,-4.29,3855,4060,1400-7-27,2021-10-19
148,فجر,فولاد اميركبيركاشان,1349,3207893,86302645350,26780,27110,26770,-10,-0.04,26900,120,0.45,26550,27590,1400-7-27,2021-10-19
149,كرازي,كارخانجات‌توليدي‌شيشه‌رازي‌,1336,35813071,47122992297,1297,1324,1328,31,2.39,1316,19,1.46,1275,1344,1400-7-27,2021-10-19
150,زيتون,صندوق س زيتون نماد پايا- مختلط,1335,4450000,44500000000,10000,10000,10000,0,0,10000,0,0,10000,10000,1400-7-27,2021-10-19
151,غدام,خوراك‌  دام‌ پارس‌,1333,654728,97725127900,142680,142670,149810,7130,5,149260,6580,4.61,137630,149810,1400-7-27,2021-10-19
152,غمارگ,مارگارين‌,1330,3732949,104155178790,26960,27550,27290,330,1.22,27900,940,3.49,26500,28300,1400-7-27,2021-10-19
153,ومعادن,توسعه‌معادن‌وفلزات‌,1324,9469032,103550735160,10820,11000,10830,10,0.09,10910,90,0.83,10800,11180,1400-7-27,2021-10-19
154,آ س پ,آ.س.پ,1316,5783940,54025233155,9737,9355,9251,-486,-4.99,9341,-396,-4.07,9251,9700,1400-7-27,2021-10-19
155,خمحركه,نيرو محركه‌,1311,24466991,84394519084,3306,3350,3471,165,4.99,3449,143,4.33,3272,3471,1400-7-27,2021-10-19
156,كساپا,سايپاشيشه‌,1279,3929692,77576980660,19180,18440,20000,820,4.28,19740,560,2.92,18440,20130,1400-7-27,2021-10-19
157,زماهان,مجتمع توليد گوشت مرغ ماهان,1270,5704551,45140548594,8202,7792,7857,-345,-4.21,7913,-289,-3.52,7792,8100,1400-7-27,2021-10-19
158,تاپيكو,س. نفت و گاز و پتروشيمي تأمين,1264,9125002,133228525730,14500,14740,14530,30,0.21,14600,100,0.69,14480,14950,1400-7-27,2021-10-19
159,فافق,صنايع مس افق كرمان,1257,28536096,130010043811,4682,4542,4542,-140,-2.99,4556,-126,-2.69,4542,4773,1400-7-27,2021-10-19
160,خفولا,خدمات فني فولاد يزد,1246,2812625,94255639220,33724,34000,32713,-1011,-3,33512,-212,-0.63,32713,34735,1400-7-27,2021-10-19
161,كگل,معدني و صنعتي گل گهر,1244,9408736,213738266470,22610,23150,22530,-80,-0.35,22720,110,0.49,22510,23200,1400-7-27,2021-10-19
162,كتوكا,توليدي و خدمات صنايع نسوز توكا,1242,4263162,63549933932,14326,14330,15042,716,5,14907,581,4.06,14090,15042,1400-7-27,2021-10-19
163,حسير,ريل سير كوثر,1221,3449921,143600042011,42883,43000,40739,-2144,-5,41624,-1259,-2.94,40739,43549,1400-7-27,2021-10-19
164,غشهداب,كشت و صنعت شهداب ناب خراسان,1198,21222889,58682010520,2646,2720,2778,132,4.99,2765,119,4.5,2591,2778,1400-7-27,2021-10-19
165,خاهن,آهنگري‌ تراكتورسازي‌ ايران‌,1194,16935603,138496013720,8210,8200,8220,10,0.12,8180,-30,-0.37,8060,8300,1400-7-27,2021-10-19
166,وسكرشا,س.سهام عدالت استان كرمانشاه,1191,74571530,35150125144,469,463,473,4,0.85,471,2,0.43,463,478,1400-7-27,2021-10-19
167,بجهرم,توسعه مولد نيروگاهي جهرم,1185,13879813,30157774256,2136,2130,2170,34,1.59,2173,37,1.73,2130,2235,1400-7-27,2021-10-19
168,شاوان,پالايش نفت لاوان,1175,960336,136663706235,141853,143800,141540,-313,-0.22,142308,455,0.32,140011,145350,1400-7-27,2021-10-19
169,وبانك,سرمايه گذاري گروه توسعه ملي,1173,8226394,74692405550,9010,9100,9110,100,1.11,9060,50,0.55,8900,9290,1400-7-27,2021-10-19
170,افران,صندوق س افرا نماد پايدار-ثابت,1171,35326726,513260910440,14521,14529,14528,7,0.05,14529,8,0.06,14528,14532,1400-7-27,2021-10-19
171,حفاري,حفاري شمال,1170,11657135,66088510490,5420,5600,5690,270,4.98,5670,250,4.61,5400,5690,1400-7-27,2021-10-19
172,كسرام,پارس‌ سرام‌,1169,12074822,49850527897,4073,4130,4114,41,1.01,4128,55,1.35,3931,4253,1400-7-27,2021-10-19
173,تپكو,توليدتجهيزات‌سنگين‌هپكو,1164,26915660,72209754565,2607,2680,2685,78,2.99,2683,76,2.92,2642,2685,1400-7-27,2021-10-19
174,قتربت,قند تربت حيدريه,1156,174429,8858376765,48367,50785,50785,2418,5,50358,1991,4.12,50785,50785,1400-7-27,2021-10-19
175,ولغدر,ليزينگ‌خودروغدير,1150,4469857,67322033490,14830,14830,14790,-40,-0.27,15060,230,1.55,14600,15530,1400-7-27,2021-10-19
176,فايرا,آلومينيوم‌ايران‌,1125,4064468,80503272450,19830,19640,19660,-170,-0.86,19810,-20,-0.1,18840,20200,1400-7-27,2021-10-19
177,شيران,س. صنايع‌شيميايي‌ايران,1114,3497228,80021403410,22610,23300,22860,250,1.11,22860,250,1.11,22600,23300,1400-7-27,2021-10-19
178,ثاخت,بين‌المللي‌توسعه‌ساختمان,1108,21552248,43840601652,1949,1990,2046,97,4.98,2034,85,4.36,1961,2046,1400-7-27,2021-10-19
179,ثتران,سرمايه گذاري مسكن تهران,1101,12859574,61268693854,4566,4600,4794,228,4.99,4764,198,4.34,4600,4794,1400-7-27,2021-10-19
180,كچاد,معدني‌وصنعتي‌چادرملو,1098,2298494,65086546660,27810,28440,28330,520,1.87,28070,260,0.93,27810,28600,1400-7-27,2021-10-19
181,چدن,توليدي چدن سازان,1096,13735486,44577140262,3177,3260,3239,62,1.95,3245,68,2.14,3186,3294,1400-7-27,2021-10-19
182,حكشتي,كشتيراني جمهوري اسلامي ايران,1093,7539165,109770242400,13870,14560,14560,690,4.97,14520,650,4.69,14560,14560,1400-7-27,2021-10-19
183,شيراز,پتروشيمي‌شيراز,1073,983879,92968655310,94830,94600,93990,-840,-0.89,94530,-300,-0.32,93050,97500,1400-7-27,2021-10-19
184,بپاس,بيمه پاسارگاد,1065,1907393,123143950382,64487,65720,64520,33,0.05,64561,74,0.11,64499,65720,1400-7-27,2021-10-19
185,كبافق,معادن‌ بافق‌,1059,1087428,43859783980,40450,40390,39950,-500,-1.24,40330,-120,-0.3,39200,41700,1400-7-27,2021-10-19
186,تنوين,تامين سرمايه نوين,1058,24880724,143634308240,5700,5730,5800,100,1.75,5770,70,1.23,5570,5980,1400-7-27,2021-10-19
187,وسكرد,شركت س استان كردستان,1042,62368243,29172509295,464,455,469,5,1.08,468,4,0.86,455,479,1400-7-27,2021-10-19
188,لپارس,پارس‌ الكتريك‌,1037,1295622,204319589400,166000,157700,157700,-8300,-5,157700,-8300,-5,157700,157700,1400-7-27,2021-10-19
189,كفپارس,فرآورده‌هاي‌ نسوز پارس‌,1035,8852905,34506496434,3846,3880,3901,55,1.43,3898,52,1.35,3800,3980,1400-7-27,2021-10-19
190,قرن,پديده شيمي قرن,1029,1162701,29845202660,24760,24760,25820,1060,4.28,25670,910,3.68,24180,25990,1400-7-27,2021-10-19
191,ثزاگرس,سرمايه گذاري توسعه عمران زاگرس,1020,2333235,92094950984,40915,38870,39990,-925,-2.26,39471,-1444,-3.53,38870,42490,1400-7-27,2021-10-19
192,پيزد,مجتمع صنايع لاستيك يزد,1019,323123,18381174978,54178,56886,56886,2708,5,56886,2708,5,56886,56886,1400-7-27,2021-10-19
193,ريشمك,توليد و صادرات ريشمك,1017,1625929,52514598901,31637,31910,32000,363,1.15,32298,661,2.09,31022,33212,1400-7-27,2021-10-19
194,اطلس,صندوق س.توسعه اندوخته آينده-س,996,244836,63351876595,255222,258600,257600,2378,0.93,258752,3530,1.38,257150,259191,1400-7-27,2021-10-19
195,گشان,توسعه بين المللي پديده شانديز,992,2653103,49434959339,18161,18161,18705,544,3,18633,472,2.6,18161,18705,1400-7-27,2021-10-19
196,همراه,شركت ارتباطات سيار ايران,986,4701975,41879668620,8730,8790,8900,170,1.95,8790,60,0.69,8600,9130,1400-7-27,2021-10-19
197,زنگان,صنعت روي زنگان,985,1095846,76643385889,67590,66310,70969,3379,5,69940,2350,3.48,66310,70969,1400-7-27,2021-10-19
198,بالاس,مهندسي ساختمان تاسيسات راه آهن,985,1159286,39853589641,35342,35998,33690,-1652,-4.67,34378,-964,-2.73,33575,35998,1400-7-27,2021-10-19
199,ولملت,واسپاري ملت,984,13305700,98583619340,7110,7210,7460,350,4.92,7410,300,4.22,7110,7460,1400-7-27,2021-10-19
200,ختوقا,قطعات‌ اتومبيل‌ ايران‌,981,19915720,42147879450,2030,2050,2131,101,4.98,2116,86,4.24,2048,2131,1400-7-27,2021-10-19
201,حريل,ريل پردازسير,975,10487091,34996489048,3245,3333,3337,92,2.84,3337,92,2.84,3287,3397,1400-7-27,2021-10-19
202,شتوكا,توكا رنگ فولاد سپاهان,975,1387756,44526520442,33480,33800,31806,-1674,-5,32085,-1395,-4.17,31806,34380,1400-7-27,2021-10-19
203,زشريف,كشت وصنعت شريف آباد,974,10312985,39814455158,3934,3844,3860,-74,-1.88,3861,-73,-1.86,3752,4000,1400-7-27,2021-10-19
204,كلر,كلر پارس,974,434115,54089254559,120260,124157,124000,3740,3.11,124597,4337,3.61,121740,125630,1400-7-27,2021-10-19
205,خرينگ,رينگ‌سازي‌مشهد,963,1935214,64665357940,32080,32940,33250,1170,3.65,33420,1340,4.18,32000,33680,1400-7-27,2021-10-19
206,وتوصا,گروه س توسعه صنعتي ايران,955,7392645,68695486800,9150,9160,9260,110,1.2,9290,140,1.53,8910,9590,1400-7-27,2021-10-19
207,غپاك,لبنيات‌ پاك‌,955,4446324,62569202530,14550,13870,14050,-500,-3.44,14070,-480,-3.3,13840,14500,1400-7-27,2021-10-19
208,تايرا,تراكتورسازي‌ايران‌,945,9201139,231200302270,24730,25100,25150,420,1.7,25130,400,1.62,23750,25540,1400-7-27,2021-10-19
209,ميهن,بيمه ميهن,940,9932069,25120995414,2593,2520,2501,-92,-3.55,2529,-64,-2.47,2464,2684,1400-7-27,2021-10-19
210,غفارس,شير پاستوريزه پگاه فارس,938,5771573,46242862387,7730,7499,8116,386,4.99,8012,282,3.65,7451,8116,1400-7-27,2021-10-19
211,كنور,توسعه معدني و صنعتي صبانور,919,2382735,43805182020,17690,18490,18560,870,4.92,18010,320,1.81,18090,18570,1400-7-27,2021-10-19
212,مفاخر,توسعه فناوري اطلاعات خوارزمي,912,1280424,40974302775,33297,31633,32292,-1005,-3.02,32001,-1296,-3.89,31633,33000,1400-7-27,2021-10-19
213,غسالم,سالمين‌,912,15719790,43887283591,2676,2770,2809,133,4.97,2792,116,4.33,2660,2809,1400-7-27,2021-10-19
214,دبالك,مواد اوليه دارويي البرز بالك,912,4840013,45849908444,9523,9395,9600,77,0.81,9473,-50,-0.53,9151,9900,1400-7-27,2021-10-19
215,ودي,بيمه  دي,911,15295893,103424852845,6442,6656,6764,322,5,6762,320,4.97,6572,6764,1400-7-27,2021-10-19
216,شفارس,صنايع‌ شيميايي‌ فارس‌,907,20928528,32294188312,1492,1587,1515,23,1.54,1543,51,3.42,1510,1587,1400-7-27,2021-10-19
217,تملت,تامين سرمايه بانك ملت,903,3512752,13924577673,3900,3970,3968,68,1.74,3951,51,1.31,3901,4016,1400-7-27,2021-10-19
218,لپيام,گسترش صنايع پيام,899,2310395,91981255532,41021,39791,39791,-1230,-3,39812,-1209,-2.95,39791,40970,1400-7-27,2021-10-19
219,وگردش,بانك گردشگري,897,6530890,69680004814,10865,11000,10540,-325,-2.99,10669,-196,-1.8,10540,11027,1400-7-27,2021-10-19
220,سصفها,سيمان‌اصفهان‌,895,1033469,42282247680,40910,41000,41550,640,1.56,40910,0,0,39000,42490,1400-7-27,2021-10-19
221,پارند,صندوق س. پارند پايدار سپهر,891,27744120,279350579162,10063,10068,10069,6,0.06,10069,6,0.06,10068,10069,1400-7-27,2021-10-19
222,ثتوسا,س.توسعه و عمران استان اردبيل,885,1848027,41049636080,21668,22200,21910,242,1.12,22213,545,2.52,21710,22318,1400-7-27,2021-10-19
223,ياقوت,صندوق س ياقوت آگاه-ثابت,885,6173948,82638354365,13387,13391,13380,-7,-0.05,13385,-2,-0.01,13370,13394,1400-7-27,2021-10-19
224,كسرا,سراميك‌هاي‌صنعتي‌اردكان‌,883,5735960,90793616320,15410,15100,15800,390,2.53,15830,420,2.73,15100,16170,1400-7-27,2021-10-19
225,وآذر,سرمايه‌گذاري‌توسعه‌آذربايجان‌,877,896696,39800331560,44800,43710,44690,-110,-0.25,44390,-410,-0.92,42560,45410,1400-7-27,2021-10-19
226,كسعدي,كاشي‌ سعدي‌,877,3403672,37387851930,10490,10890,10800,310,2.96,10980,490,4.67,10510,11350,1400-7-27,2021-10-19
227,ثپرديس,سرمايه گذاري مسكن پرديس,876,12669577,70377378684,5392,5424,5580,188,3.49,5555,163,3.02,5260,5661,1400-7-27,2021-10-19
228,سيمرغ,سيمرغ,875,3758477,71684003810,18220,18300,19130,910,4.99,19070,850,4.67,18300,19130,1400-7-27,2021-10-19
229,هرمز,فولاد هرمزگان جنوب,868,2452662,40888519611,16489,16800,16487,-2,-0.01,16548,59,0.36,16400,16940,1400-7-27,2021-10-19
230,داوه,داروسازي آوه سينا,861,2208978,30340620300,14204,13510,13495,-709,-4.99,13735,-469,-3.3,13495,14204,1400-7-27,2021-10-19
231,وپسا,س. پتروشيمي ساختمان  خليج فارس,861,26105266,54370756211,1990,2021,2089,99,4.97,2083,93,4.67,2001,2089,1400-7-27,2021-10-19
232,تاصيكو,سرمايه گذاري صدرتامين,857,9676152,94234326520,9730,9950,9730,0,0,9740,10,0.1,9630,9980,1400-7-27,2021-10-19
233,زكوثر,سرمايه گذاري كشاورزي كوثر,855,2017555,34677088930,16780,17440,17090,310,1.85,17190,410,2.44,17000,17440,1400-7-27,2021-10-19
234,رمپنا,گروه مپنا (سهامي عام),850,5294168,88553701730,16710,16520,16530,-180,-1.08,16720,10,0.06,16520,17450,1400-7-27,2021-10-19
235,نطرين,عطرين نخ قم,850,5873988,48236821760,7877,8199,8270,393,4.99,8212,335,4.25,8011,8270,1400-7-27,2021-10-19
236,كرماشا,صنايع پتروشيمي كرمانشاه,841,2356958,129218138320,54710,53620,54420,-290,-0.53,54820,110,0.2,53620,55400,1400-7-27,2021-10-19
237,كحافظح,ح . كاشي‌ وسراميك‌ حافظ‌,837,13298680,28167433189,2080,2200,2118,38,1.83,2118,38,1.83,2060,2200,1400-7-27,2021-10-19
238,خراسان,پتروشيمي خراسان,835,507691,58559849470,114810,119980,113350,-1460,-1.27,115190,380,0.33,113300,119980,1400-7-27,2021-10-19
239,ماديرا,صنايع ماديران,832,7587673,57227401213,7258,7380,7620,362,4.99,7542,284,3.91,7211,7620,1400-7-27,2021-10-19
240,ساربيل,سيمان آرتا اردبيل,829,1186326,39171659640,34710,32980,32980,-1730,-4.98,33020,-1690,-4.87,32980,33790,1400-7-27,2021-10-19
241,خمحور,توليدمحورخودرو,795,9251199,28089787470,2995,2950,3010,15,0.5,3036,41,1.37,2940,3140,1400-7-27,2021-10-19
242,شپترو,پتروشيمي آبادان,791,12577440,57866663889,4571,4570,4630,59,1.29,4601,30,0.66,4519,4679,1400-7-27,2021-10-19
243,وساپا,سرمايه‌گذاري‌ سايپا,788,7854987,33379065997,4082,4180,4286,204,5,4249,167,4.09,4153,4286,1400-7-27,2021-10-19
244,وسپه,سرمايه‌گذاري‌ سپه‌,768,5075691,41698294780,7970,8100,8180,210,2.63,8220,250,3.14,8100,8280,1400-7-27,2021-10-19
245,سفارس,سيمان فارس و خوزستان,765,2248103,43093295660,19100,18500,19130,30,0.16,19170,70,0.37,18500,19400,1400-7-27,2021-10-19
246,تليسه,دامداري تليسه نمونه,759,12506188,30853817918,2380,2369,2499,119,5,2467,87,3.66,2369,2499,1400-7-27,2021-10-19
247,بكهنوج,توليد برق ماهتاب كهنوج,755,18066383,21327455947,1167,1162,1190,23,1.97,1181,14,1.2,1154,1199,1400-7-27,2021-10-19
248,دتوزيع,توزيع دارو پخش,754,1904285,62198850802,31181,32300,32740,1559,5,32663,1482,4.75,31318,32740,1400-7-27,2021-10-19
249,ساوه,سيمان ساوه,752,165419,8521798072,50263,49610,51600,1337,2.66,50940,677,1.35,49610,51994,1400-7-27,2021-10-19
250,بميلا,توسعه بازرگاني آهن وفولادميلاد,734,13284578,202895300081,14556,15240,15283,727,4.99,15273,717,4.93,14628,15283,1400-7-27,2021-10-19
251,پارس,پتروشيمي پارس,726,381203,77774082620,202290,207000,203500,1210,0.6,203590,1300,0.64,202320,207000,1400-7-27,2021-10-19
252,غپينو,پارس‌ مينو,721,12054094,45619044442,3641,3641,3823,182,5,3785,144,3.95,3590,3823,1400-7-27,2021-10-19
253,خاذين,سايپاآذين‌,721,11135670,31306011314,2724,2710,2796,72,2.64,2811,87,3.19,2700,2860,1400-7-27,2021-10-19
254,خكرمان,گروه اقتصادي كرمان خودرو,720,9312066,25709375527,2762,2710,2768,6,0.22,2761,-1,-0.04,2700,2820,1400-7-27,2021-10-19
255,ومهان,گروه توسعه مالي مهر آيندگان,718,2744903,41864969804,14976,15090,15235,259,1.73,15165,189,1.26,15045,15450,1400-7-27,2021-10-19
256,افق,فروشگاههاي زنجيره اي افق كوروش,717,854122,44399013940,52390,52120,51800,-590,-1.13,52100,-290,-0.55,51620,52960,1400-7-27,2021-10-19
257,رتكو,كنترل‌خوردگي‌تكين‌كو,714,4694919,47301280290,10570,10490,10050,-520,-4.92,10070,-500,-4.73,10050,10500,1400-7-27,2021-10-19
258,اتكاي,بيمه اتكايي ايرانيان,709,5179937,45771770563,8614,8990,8880,266,3.09,8836,222,2.58,8651,9043,1400-7-27,2021-10-19
259,ضخود1053,اختيارخ خودرو-2500-1400/10/08,707,32218,1373287000,38,43,40,2,5.26,43,5,13.16,37,50,1400-7-27,2021-10-19
260,وثخوز,سرمايه گذاري و توسعه خوزستان,697,738643,24260005541,34269,34270,33300,-969,-2.83,32844,-1425,-4.16,32556,34800,1400-7-27,2021-10-19
261,فباهنر,مس‌ شهيدباهنر,696,2009044,56196036070,27870,27290,27930,60,0.22,27970,100,0.36,27290,28320,1400-7-27,2021-10-19
262,خچرخش,چرخشگر,691,4722301,47242196660,10090,9900,10190,100,0.99,10000,-90,-0.89,9590,10500,1400-7-27,2021-10-19
263,ونيكي,سرمايه‌گذاري‌ ملي‌ايران‌,687,7989795,89254921270,10650,11000,11180,530,4.98,11170,520,4.88,11000,11180,1400-7-27,2021-10-19
264,فسپا,گروه‌صنعتي‌سپاهان‌,687,2787516,56387147110,19600,20380,19730,130,0.66,20230,630,3.21,19620,20580,1400-7-27,2021-10-19
265,غالبر,لبنيات‌ كالبر,685,2520156,27265475510,10950,10580,10980,30,0.27,10820,-130,-1.19,10510,11000,1400-7-27,2021-10-19
266,غبهنوش,بهنوش‌ ايران‌,681,942458,51942158030,52940,51960,55580,2640,4.99,55110,2170,4.1,51960,55580,1400-7-27,2021-10-19
267,كارين,صندوق س نگين سامان-ثابت,678,30039404,304997153093,10148,10154,10153,5,0.05,10153,5,0.05,10152,10156,1400-7-27,2021-10-19
268,غديس,پاكديس,673,3407535,44120874808,12448,12111,13010,562,4.51,12948,500,4.02,12111,13070,1400-7-27,2021-10-19
269,كفرآور,فرآورده هاي سيمان شرق,673,2984262,46973385241,15399,15860,15860,461,2.99,15740,341,2.21,15110,15860,1400-7-27,2021-10-19
270,حتوكا,حمل‌ونقل‌توكا,672,2439484,34701169960,13940,14460,14250,310,2.22,14220,280,2.01,13500,14630,1400-7-27,2021-10-19
271,پدرخش,درخشان‌ تهران‌,669,982405,23454899690,23180,23000,23700,520,2.24,23870,690,2.98,23000,24330,1400-7-27,2021-10-19
272,رانفور,خدمات‌انفورماتيك‌,667,5032061,23265577061,4617,4610,4591,-26,-0.56,4619,2,0.04,4589,4730,1400-7-27,2021-10-19
273,مدير,ص.س.مديريت ثروت ص.بازنشستگي-س,664,2476421,24344285091,9690,9705,9830,140,1.44,9830,140,1.44,9705,10000,1400-7-27,2021-10-19
274,سامان,بانك سامان,663,5914953,42533027978,7088,7259,7223,135,1.9,7191,103,1.45,7012,7259,1400-7-27,2021-10-19
275,سيلام,سيمان‌ ايلام‌,659,5089732,30540728240,6190,5980,6000,-190,-3.07,6000,-190,-3.07,5910,6280,1400-7-27,2021-10-19
276,وصنا,گروه‌صنايع‌بهشهرايران‌,659,8759455,63609106890,6940,7100,7270,330,4.76,7260,320,4.61,6800,7280,1400-7-27,2021-10-19
277,ونيرو,سرمايه‌گذاري‌نيرو,657,7718033,17609300235,2245,2220,2300,55,2.45,2282,37,1.65,2220,2310,1400-7-27,2021-10-19
278,بكام,كارخانجات توليدي شهيد قندي,657,7858193,17065271745,2145,2162,2176,31,1.45,2172,27,1.26,2120,2231,1400-7-27,2021-10-19
279,ولشرق,ليزينگ ايران و شرق,657,4111727,20152024616,4960,4899,4860,-100,-2.02,4901,-59,-1.19,4800,5100,1400-7-27,2021-10-19
280,حپترو,حمل و نقل پتروشيمي( سهامي عام,656,1436609,32790691820,23880,22900,22690,-1190,-4.98,22830,-1050,-4.4,22690,23920,1400-7-27,2021-10-19
281,وپاسار,بانك  پاسارگاد,654,13034788,187951874880,14410,14410,14420,10,0.07,14420,10,0.07,14410,14430,1400-7-27,2021-10-19
282,وصنعت,سرمايه گذاري توسعه صنعت وتجارت,653,4930035,29072899890,5680,5610,5960,280,4.93,5900,220,3.87,5610,5960,1400-7-27,2021-10-19
283,تكنو,تكنوتار,649,2797246,28576629390,10250,9780,10350,100,0.98,10220,-30,-0.29,9740,10690,1400-7-27,2021-10-19
284,طلا,صندوق س.پشتوانه طلاي لوتوس,645,1315615,108730744462,81721,82200,82889,1168,1.43,82646,925,1.13,82100,82980,1400-7-27,2021-10-19
285,بفجر,فجر انرژي خليج فارس,644,3314056,110144833840,33130,32500,33660,530,1.6,33240,110,0.33,32500,33880,1400-7-27,2021-10-19
286,ارفع,شركت آهن و فولاد ارفع,641,3698105,56989106441,15165,15293,15400,235,1.55,15354,189,1.25,15200,15700,1400-7-27,2021-10-19
287,ثنوسا,نوسازي‌وساختمان‌تهران‌,638,12909130,91629503920,6780,6950,7110,330,4.87,7100,320,4.72,6880,7110,1400-7-27,2021-10-19
288,غبهار,كشت وصنعت بهاران گلبهار خراسان,629,1685541,23039814548,13472,13170,13875,403,2.99,13669,197,1.46,13068,13876,1400-7-27,2021-10-19
289,فمراد,آلومراد,628,2123550,34785632240,16030,15520,16400,370,2.31,16380,350,2.18,15510,16770,1400-7-27,2021-10-19
290,تبرك,گروه كارخانجات صنعتي تبرك,627,4901968,45706510371,8891,8900,9335,444,4.99,9324,433,4.87,8900,9335,1400-7-27,2021-10-19
291,قنيشا,قند  نيشابور,619,789136,30676816580,38640,38800,38650,10,0.03,38870,230,0.6,38500,40390,1400-7-27,2021-10-19
292,وكار,بانك‌ كارآفرين‌,617,18221026,49064238082,2690,2636,2697,7,0.26,2693,3,0.11,2636,2740,1400-7-27,2021-10-19
293,مرقام,ايران‌ارقام‌,604,2732284,36477314700,12800,12910,13440,640,5,13350,550,4.3,12910,13440,1400-7-27,2021-10-19
294,وهور,مديريت انرژي اميد  تابان هور,601,17228078,24147028799,1373,1417,1410,37,2.69,1392,19,1.38,1370,1420,1400-7-27,2021-10-19
295,شكربن,كربن‌ ايران‌,594,369691,40429717340,105330,102540,107500,2170,2.06,109360,4030,3.83,102540,110590,1400-7-27,2021-10-19
296,كحافظ,كاشي‌ وسراميك‌ حافظ‌,593,4105031,15211651803,3766,3620,3680,-86,-2.28,3706,-60,-1.59,3620,3921,1400-7-27,2021-10-19
297,وسينا,بانك سينا,591,25692425,61250221786,2305,2397,2420,115,4.99,2384,79,3.43,2300,2420,1400-7-27,2021-10-19
298,چكارن,كارتن‌ ايران‌,590,6123331,17637294556,2818,2865,2890,72,2.56,2880,62,2.2,2820,2914,1400-7-27,2021-10-19
299,ولراز,ليزينگ رازي,584,1538470,39007429784,24744,24330,25485,741,2.99,25355,611,2.47,24101,25486,1400-7-27,2021-10-19
300,ومعلم,بيمه معلم,584,5869590,17150295261,2954,3010,2975,21,0.71,2922,-32,-1.08,2830,3010,1400-7-27,2021-10-19
301,شزنگ,تجهيزنيروي‌زنگان‌,583,252845,26932606515,109606,107000,106318,-3288,-3,106518,-3088,-2.82,106318,111000,1400-7-27,2021-10-19
302,سكارون,سيمان كارون,582,970502,56339721648,58438,56685,60191,1753,3,58052,-386,-0.66,56685,60191,1400-7-27,2021-10-19
303,دكپسول,توليد ژلاتين كپسول ايران,578,986258,29981704983,30263,29500,31000,737,2.44,30399,136,0.45,29500,31030,1400-7-27,2021-10-19
304,زدشت,كشت و صنعت دشت خرم دره,577,1268261,18037202432,14116,14228,14117,1,0.01,14222,106,0.75,13651,14440,1400-7-27,2021-10-19
305,ورنا,سرمايه‌گذاري‌ رنا(هلدينگ‌,575,9227427,26554612838,2780,2876,2919,139,5,2878,98,3.53,2787,2919,1400-7-27,2021-10-19
306,غگرجي,بيسكويت‌  گرجي‌,573,9585418,22710569090,2268,2300,2381,113,4.98,2369,101,4.45,2231,2381,1400-7-27,2021-10-19
307,رتاپ,تجارت الكترونيك  پارسيان,571,1773519,9769783110,5440,5320,5500,60,1.1,5480,40,0.74,5320,5610,1400-7-27,2021-10-19
308,تيپيكو,سرمايه گذاري دارويي تامين,570,3171413,69351020360,20960,21000,22000,1040,4.96,21610,650,3.1,20860,22000,1400-7-27,2021-10-19
309,سغرب,سيمان‌غرب‌,562,1054037,19670275910,18650,19490,18800,150,0.8,18660,10,0.05,18310,19490,1400-7-27,2021-10-19
310,كيسون,شركت كيسون,560,4268612,33953274129,8191,7960,7946,-245,-2.99,7954,-237,-2.89,7946,8160,1400-7-27,2021-10-19
311,وآوا,سرمايه گذاري آوا نوين,558,3556035,13515533844,3739,3741,3803,64,1.71,3796,57,1.52,3694,3888,1400-7-27,2021-10-19
312,لخزر,پارس‌ خزر,556,469573,70384845930,143490,144880,150000,6510,4.54,149890,6400,4.46,144880,150660,1400-7-27,2021-10-19
313,وشهر,بانك شهر,555,5905870,29151996967,4944,4918,4920,-24,-0.49,4937,-7,-0.14,4801,5030,1400-7-27,2021-10-19
314,ختراك,ريخته‌گري‌ تراكتورسازي‌ ايران‌,554,3169469,40204157080,12210,11930,12820,610,5,12680,470,3.85,11930,12820,1400-7-27,2021-10-19
315,شبهرن,نفت‌ بهران‌,554,1956012,24059064190,12260,12260,12260,0,0,12280,20,0.16,12090,12740,1400-7-27,2021-10-19
316,سصوفي,سيمان‌ صوفيان‌,554,986163,17947252200,17990,18520,17820,-170,-0.94,18200,210,1.17,17820,18600,1400-7-27,2021-10-19
317,ميدكو,توسعه معادن وص.معدني خاورميانه,553,7291456,342910921990,47030,47060,47040,10,0.02,47030,0,0,47010,47080,1400-7-27,2021-10-19
318,كوثر,بيمه كوثر,552,2806821,29142852240,10210,10353,10450,240,2.35,10383,173,1.69,10200,10580,1400-7-27,2021-10-19
319,كاسپين,داروسازي كاسپين تامين,547,1272287,37352311460,28598,29090,29880,1282,4.48,29358,760,2.66,28342,30020,1400-7-27,2021-10-19
320,شكبير,پتروشيمي اميركبير,543,364149,36836876439,98469,99880,101400,2931,2.98,99421,952,0.97,99610,101420,1400-7-27,2021-10-19
321,توريل,توكاريل,540,1452116,19437854315,12978,13200,13350,372,2.87,13386,408,3.14,13019,13599,1400-7-27,2021-10-19
322,دروز,داروسازي‌ روزدارو,539,2844632,132107881400,44760,46990,46990,2230,4.98,46440,1680,3.75,44990,46990,1400-7-27,2021-10-19
323,وصندوق,سرمايه‌گذاري‌صندوق‌بازنشستگي‌,532,3472010,69865001880,19640,19500,20000,360,1.83,19900,260,1.32,19500,20450,1400-7-27,2021-10-19
324,قشكر,شكرشاهرود,529,8344945,24701679004,2855,2830,2997,142,4.97,2960,105,3.68,2830,2997,1400-7-27,2021-10-19
325,پارسيان,بيمه پارسيان,523,3810549,42511274950,10680,10940,11100,420,3.93,11160,480,4.49,10940,11210,1400-7-27,2021-10-19
326,ثعتما,س. ساختماني اعتماد گستر,523,1086477,34623991129,30959,31000,31887,928,3,31868,909,2.94,31000,31887,1400-7-27,2021-10-19
327,غشان,شيرپاستوريزه‌پگاه‌خراسان‌,521,6304758,30228279883,4621,4500,4852,231,5,4795,174,3.77,4500,4852,1400-7-27,2021-10-19
328,فپنتا,سپنتا,519,54111,25421147180,478280,465000,467500,-10780,-2.25,469800,-8480,-1.77,465000,478620,1400-7-27,2021-10-19
329,تسه9908,امتياز تسهيلات مسكن آبان99,516,13740,9279538104,690657,668000,656125,-34532,-5,675367,-15290,-2.21,656125,698000,1400-7-27,2021-10-19
330,مبين,مبين انرژي خليج فارس,514,3555676,88034645030,24870,24670,24500,-370,-1.49,24790,-80,-0.32,24420,25370,1400-7-27,2021-10-19
331,تكمبا,كمباين‌ سازي‌ ايران‌,513,4941763,22588608802,4387,4300,4606,219,4.99,4571,184,4.19,4300,4606,1400-7-27,2021-10-19
332,وسكاب,س.ص.بازنشستگي كاركنان بانكها,511,11906961,35433297640,2857,2855,2999,142,4.97,2976,119,4.17,2855,2999,1400-7-27,2021-10-19
333,قاسم,قاسم ايران,509,2330352,10138181515,4330,4200,4292,-38,-0.88,4346,16,0.37,4140,4450,1400-7-27,2021-10-19
334,وسگيلا,شركت س استان گيلان,506,27955962,13192295166,482,472,473,-9,-1.87,477,-5,-1.04,464,490,1400-7-27,2021-10-19
335,خوساز,محورسازان‌ايران‌خودرو,505,2845293,22168776600,7530,7450,7750,220,2.92,7790,260,3.45,7450,7900,1400-7-27,2021-10-19
336,تسه0004,امتيازتسهيلات مسكن تير1400,503,23064,15631915351,690279,690111,665500,-24779,-3.59,677763,-12516,-1.81,655766,710000,1400-7-27,2021-10-19
337,غپآذر,شير پگاه آذربايجان شرقي,501,748937,32359707511,41887,43700,42300,413,0.99,43208,1321,3.15,42020,43900,1400-7-27,2021-10-19
338,فسازان,غلتك سازان سپاهان,498,1345357,38987638900,27720,28350,29100,1380,4.98,28980,1260,4.55,27740,29100,1400-7-27,2021-10-19
339,والبر,سرمايه‌ گذاري‌ البرز(هلدينگ‌,497,1675205,15116146840,9110,9020,8990,-120,-1.32,9070,-40,-0.44,8960,9210,1400-7-27,2021-10-19
340,آبين,كشت و صنعت آبشيرين,495,8578799,18432941717,2181,2117,2135,-46,-2.11,2149,-32,-1.47,2116,2220,1400-7-27,2021-10-19
341,وساغربي,شركت س استان آذربايجان غربي,495,28642874,13647368801,486,465,484,-2,-0.41,482,-4,-0.82,465,500,1400-7-27,2021-10-19
342,سدبير,س. تدبيرگران فارس وخوزستان,494,524805,18021243005,33585,35050,34210,625,1.86,34339,754,2.25,33529,35050,1400-7-27,2021-10-19
343,بنو,بيمه تجارت نو,490,2221428,23959248780,10637,10400,10699,62,0.58,10774,137,1.29,10400,11168,1400-7-27,2021-10-19
344,سجام,مجتمع سيمان غرب آسيا,487,7431172,24106619575,3342,3242,3292,-50,-1.5,3244,-98,-2.93,3242,3389,1400-7-27,2021-10-19
345,ثباغ,شهر سازي و خانه سازي باغميشه,483,3911798,40734291633,9936,10432,10432,496,4.99,10413,477,4.8,10200,10432,1400-7-27,2021-10-19
346,سپيدما,صندوق س. سپيد دماوند-د,480,30432285,342119279409,11236,11241,11242,6,0.05,11242,6,0.05,11241,11242,1400-7-27,2021-10-19
347,ونفت,سرمايه‌گذاري‌ صنعت‌ نفت‌,479,3763905,55283474760,14140,14000,14840,700,4.95,14690,550,3.89,14000,14840,1400-7-27,2021-10-19
348,ثعمرا,عمران و توسعه شاهد,474,2108341,17140791026,8062,8235,8159,97,1.2,8130,68,0.84,7802,8300,1400-7-27,2021-10-19
349,دانا,بيمه دانا,474,5182301,25440135745,4857,4989,4892,35,0.72,4909,52,1.07,4803,4997,1400-7-27,2021-10-19
350,كپارس,كاشي‌ پارس‌,472,242427,26388532440,108260,108260,106620,-1640,-1.51,108850,590,0.54,105070,111680,1400-7-27,2021-10-19
351,دلر,داروسازي‌ اكسير,468,2526064,116017273440,43890,43750,46080,2190,4.99,45930,2040,4.65,43710,46080,1400-7-27,2021-10-19
352,ستران,سيمان‌ تهران‌,466,980248,21226791080,21240,21200,21650,410,1.93,21650,410,1.93,21200,21970,1400-7-27,2021-10-19
353,فكمند,گسترش قطعه سازي كمند,465,1421853,50419745102,34669,35709,34170,-499,-1.44,35461,792,2.28,34000,35709,1400-7-27,2021-10-19
354,فافزا,فولاد افزا سپاهان,464,382704,20586694419,54582,55100,53151,-1431,-2.62,53793,-789,-1.45,52945,55100,1400-7-27,2021-10-19
355,غگلستا,شير پاستوريزه پگاه گلستان,462,1706820,19574548723,11647,11120,11546,-101,-0.87,11468,-179,-1.54,11120,11988,1400-7-27,2021-10-19
356,دامين,داروسازي‌ امين‌,459,9630294,28897730078,2976,2935,2997,21,0.71,3001,25,0.84,2935,3050,1400-7-27,2021-10-19
357,ثاباد,توريستي ورفاهي آبادگران ايران,458,665573,31833740440,47290,47500,48900,1610,3.4,47830,540,1.14,45920,49000,1400-7-27,2021-10-19
358,وملل,اعتباري ملل,455,2502628,27570921913,10875,10800,11080,205,1.89,10964,89,0.82,10770,11250,1400-7-27,2021-10-19
359,سخاش,سيمان‌خاش‌,453,113727,11562357040,100270,100010,101500,1230,1.23,101350,1080,1.08,100010,102840,1400-7-27,2021-10-19
360,خريخت,صنايع‌ريخته‌گري‌ايران‌,444,4027096,16469582040,4027,4007,4087,60,1.49,4090,63,1.56,4005,4160,1400-7-27,2021-10-19
361,كگهر,سنگ آهن گهرزمين,443,709497,31965526454,44752,45352,45677,925,2.07,44831,79,0.18,44730,46838,1400-7-27,2021-10-19
362,سبهان,سيمان‌ بهبهان‌,443,203133,10424747080,50110,51490,51970,1860,3.71,50940,830,1.66,50500,52290,1400-7-27,2021-10-19
363,چكاوه,صنايع‌كاغذسازي‌كاوه‌,442,2223811,28232384690,12700,12220,12890,190,1.5,12700,0,0,12200,13280,1400-7-27,2021-10-19
364,اوان,مبين وان كيش,442,830605,19157097541,24016,22816,22922,-1094,-4.56,23064,-952,-3.96,22816,23800,1400-7-27,2021-10-19
365,شپارس,بين‌ المللي‌ محصولات‌  پارس‌,441,2803314,26565356900,9320,9540,9400,80,0.86,9480,160,1.72,9260,9690,1400-7-27,2021-10-19
366,آسيا,بيمه آسيا,441,8511291,15837703616,1820,1820,1834,14,0.77,1856,36,1.98,1819,1880,1400-7-27,2021-10-19
367,زكشت,كشاورزي مكانيزه اصفهان كشت,441,1234230,24963229354,19586,18607,20565,979,5,20226,640,3.27,18607,20565,1400-7-27,2021-10-19
368,زبينا,كشاورزي و دامپروري بينالود,438,7044605,16012607145,2249,2180,2290,41,1.82,2273,24,1.07,2180,2328,1400-7-27,2021-10-19
369,پاكشو,گروه صنعتي پاكشو,438,5166242,29629699060,5720,5750,5770,50,0.87,5720,0,0,5700,5870,1400-7-27,2021-10-19
370,خشرق,الكتريك‌ خودرو شرق‌,435,2637782,38774712350,14060,14760,14760,700,4.98,14700,640,4.55,14280,14760,1400-7-27,2021-10-19
371,وحكمت,بيمه حكمت صبا,434,9125571,31450922221,3347,3447,3447,100,2.99,3446,99,2.96,3369,3447,1400-7-27,2021-10-19
372,اميد,تامين سرمايه اميد,433,3544808,22182324640,6220,6210,6270,50,0.8,6260,40,0.64,6200,6380,1400-7-27,2021-10-19
373,چافست,افست‌,433,1146228,12021677210,10600,10580,10460,-140,-1.32,10500,-100,-0.94,10230,10750,1400-7-27,2021-10-19
374,شدوص,دوده‌ صنعتي‌ پارس‌,433,1967540,41651456250,20260,20000,21270,1010,4.99,21170,910,4.49,20000,21270,1400-7-27,2021-10-19
375,چفيبر,فيبر ايران‌,430,2687140,18272526760,6730,6530,6850,120,1.78,6800,70,1.04,6530,6890,1400-7-27,2021-10-19
376,هماي,صندوق س هماي آگاه-ثابت,427,3059594,31068038601,10148,10148,10155,7,0.07,10154,6,0.06,10148,10155,1400-7-27,2021-10-19
377,ساروم,سيمان‌اروميه‌,424,699444,26894664600,38620,38660,38900,280,0.73,38450,-170,-0.44,37450,39450,1400-7-27,2021-10-19
378,دزهراوي,داروسازي‌زهراوي‌,423,2100447,11352595420,5380,5300,5400,20,0.37,5400,20,0.37,5300,5530,1400-7-27,2021-10-19
379,سمايه,بانك سرمايه,421,11669859,58170795434,4865,5010,5010,145,2.98,4985,120,2.47,4910,5010,1400-7-27,2021-10-19
380,فنورد,نوردوقطعات‌ فولادي‌,421,187696,35556362200,188910,188000,189980,1070,0.57,189440,530,0.28,186500,193000,1400-7-27,2021-10-19
381,رنيك,جنرال مكانيك,417,754869,10346291814,13416,13120,13829,413,3.08,13620,204,1.52,13100,14046,1400-7-27,2021-10-19
382,سفانو,سيمان فارس نو,416,1474406,32912936770,23330,23520,22690,-640,-2.74,22320,-1010,-4.33,22170,23520,1400-7-27,2021-10-19
383,كاردان,صندوق س تجارت شاخصي كاردان,416,173789,35217517800,201130,202200,201330,200,0.1,202650,1520,0.76,200550,204740,1400-7-27,2021-10-19
384,زفكا,كشت و دامداري فكا,415,2199110,15418015332,6920,6670,7010,90,1.3,7011,91,1.32,6670,7120,1400-7-27,2021-10-19
385,فاهواز,نورد و لوله اهواز,414,4077428,25939414879,6399,6301,6402,3,0.05,6362,-37,-0.58,6272,6520,1400-7-27,2021-10-19
386,وپترو,سرمايه‌گذاري صنايع پتروشيمي‌,413,2954959,35836801940,11950,12000,12390,440,3.68,12130,180,1.51,12000,12490,1400-7-27,2021-10-19
387,ساينا,صنايع بهداشتي ساينا,412,183734,21501469215,118100,121737,115700,-2400,-2.03,117025,-1075,-0.91,114351,121737,1400-7-27,2021-10-19
388,قصفها,قنداصفهان‌,410,185379,17618255530,95320,92350,96440,1120,1.17,95040,-280,-0.29,92350,97090,1400-7-27,2021-10-19
389,لسرما,سرما آفرين‌,409,1661640,31043836690,17910,18000,18800,890,4.97,18680,770,4.3,17270,18800,1400-7-27,2021-10-19
390,وتعاونح,ح . بيمه  تعاون,408,20193454,11895345147,606,588,588,-18,-2.97,589,-17,-2.81,588,606,1400-7-27,2021-10-19
391,تسه0005,امتيازتسهيلات مسكن مرداد 1400,407,6764,4601360430,693571,680299,658893,-34678,-5,680272,-13299,-1.92,658893,719000,1400-7-27,2021-10-19
392,ثشرق,سرمايه گذاري مسكن شمال شرق,405,3969626,17550020388,4434,4435,4480,46,1.04,4421,-13,-0.29,4261,4545,1400-7-27,2021-10-19
393,وساخت,سرمايه‌ گذاري‌ ساختمان‌ايران‌,403,510859,20462855770,39410,40000,40120,710,1.8,40060,650,1.65,39440,40940,1400-7-27,2021-10-19
394,غگلپا,شير پاستوريزه پگاه گلپايگان,400,622406,39935583068,63587,62010,64440,853,1.34,64163,576,0.91,61890,65000,1400-7-27,2021-10-19
395,شوينده,مديريت صنعت شوينده ت.ص.بهشهر,399,978980,19661906890,19590,19170,20510,920,4.7,20080,490,2.5,19170,20560,1400-7-27,2021-10-19
396,غاذر,كشت‌وصنعت‌پياذر,398,910987,22546267990,24160,25170,25340,1180,4.88,24750,590,2.44,23810,25360,1400-7-27,2021-10-19
397,وتوكا,سرمايه‌گذاري‌توكافولاد(هلدينگ,398,2453515,21349540130,8460,8780,8730,270,3.19,8700,240,2.84,8480,8870,1400-7-27,2021-10-19
398,سلار,شركت سيمان لارستان,396,834949,25417779687,30480,31394,29566,-914,-3,30442,-38,-0.12,29566,31394,1400-7-27,2021-10-19
399,شبصير,توليدات پتروشيمي قائد بصير,395,263360,27258506644,103135,104790,104010,875,0.85,103503,368,0.36,102343,105020,1400-7-27,2021-10-19
400,بمپنا,توليد برق عسلويه  مپنا,392,7881153,44838039351,5428,5410,5699,271,4.99,5689,261,4.81,5200,5699,1400-7-27,2021-10-19
401,وبشهر,توسعه‌ صنايع‌ بهشهر(هلدينگ,389,2797665,37479836760,13160,12980,13190,30,0.23,13360,200,1.52,12980,13520,1400-7-27,2021-10-19
402,وساشرقي,شركت س استان آذربايجان شرقي,388,23565638,11180708683,493,469,477,-16,-3.25,488,-5,-1.01,469,483,1400-7-27,2021-10-19
403,پلاسك,پلاسكوكار,385,1955396,11340261240,5620,5790,5780,160,2.85,5760,140,2.49,5510,5880,1400-7-27,2021-10-19
404,شجم,صنايع پتروشيمي تخت جمشيد,381,6965320,86793779176,11891,11800,12485,594,5,12461,570,4.79,11800,12485,1400-7-27,2021-10-19
405,سشرق,سيمان‌ شرق‌,379,2420523,19993405330,8240,8100,8240,0,0,8260,20,0.24,8070,8400,1400-7-27,2021-10-19
406,وآرين,شركت توسعه اقتصادي آرين,379,4466290,10821455641,2465,2392,2442,-23,-0.93,2423,-42,-1.7,2392,2495,1400-7-27,2021-10-19
407,ثغرب,شركت سرمايه گذاري مسكن شمالغرب,378,2586348,11404071046,4248,4153,4460,212,4.99,4381,133,3.13,4153,4460,1400-7-27,2021-10-19
408,شپاس,نفت پاسارگاد,377,1013495,20146862736,19064,20016,19800,736,3.86,19879,815,4.28,19220,20016,1400-7-27,2021-10-19
409,ارزش,صندوق س ارزش آفرين بيدار-سهام,376,1904123,19333166950,10000,10080,10150,150,1.5,10150,150,1.5,10080,10200,1400-7-27,2021-10-19
410,ثامان,سامان‌ گستراصفهان‌,376,1285160,13194852960,10650,10640,10300,-350,-3.29,10270,-380,-3.57,10120,10640,1400-7-27,2021-10-19
411,سخوز,سيمان خوزستان,374,639795,16078820200,24840,25800,24880,40,0.16,25120,280,1.13,24800,25860,1400-7-27,2021-10-19
412,لازما,كارخانه هاي صنعتي آزمايش,373,1311187,35621120725,26424,25972,27216,792,3,27167,743,2.81,25972,27216,1400-7-27,2021-10-19
413,ضسپا8041,اختيارخ خساپا-1600-1400/08/26,372,13672,2161269000,126,140,165,39,30.95,158,32,25.4,121,171,1400-7-27,2021-10-19
414,آكورد,صندوق س. آرمان آتي كوثر-د,371,7358480,255616634849,34721,34738,34738,17,0.05,34738,17,0.05,34737,34744,1400-7-27,2021-10-19
415,جم,پتروشيمي جم,369,898952,46313740930,51050,52220,51050,0,0,51260,210,0.41,51040,52220,1400-7-27,2021-10-19
416,وبيمه,سرمايه‌ گذاري‌ صنعت‌ بيمه‌,367,4763184,7779652066,1613,1649,1655,42,2.6,1623,10,0.62,1601,1659,1400-7-27,2021-10-19
417,دبالكح,ح.مواد اوليه دارويي البرز بالك,366,1701094,11754733119,6993,7185,6948,-45,-0.64,6910,-83,-1.19,6680,7185,1400-7-27,2021-10-19
418,جم پيلن,پلي پروپيلن جم - جم پيلن,365,322880,38029196460,117270,116500,117580,310,0.26,117480,210,0.18,116500,119110,1400-7-27,2021-10-19
419,تسه0003,امتيازتسهيلات مسكن خرداد1400,365,11174,7670241605,693644,683122,700000,6356,0.92,686436,-7208,-1.04,658962,700000,1400-7-27,2021-10-19
420,بسويچ,پارس‌سويچ‌,364,718819,13094290470,18790,17950,18010,-780,-4.15,18270,-520,-2.77,17910,19480,1400-7-27,2021-10-19
421,خديزل,بهمن  ديزل,363,304530,16109562516,53003,51534,52997,-6,-0.01,52924,-79,-0.15,51534,53900,1400-7-27,2021-10-19
422,ثمسكن,سرمايه‌گذاري‌ مسكن‌,361,4239252,17975498272,4087,4100,4291,204,4.99,4240,153,3.74,4100,4291,1400-7-27,2021-10-19
423,كامياب,صندوق س. كامياب آشنا-د,361,3556739,38107001953,10710,10717,10715,5,0.05,10714,4,0.04,10708,10718,1400-7-27,2021-10-19
424,فجام,جام‌دارو,359,1393204,7747752300,5560,5400,5540,-20,-0.36,5560,0,0,5400,5670,1400-7-27,2021-10-19
425,ثالوند,سرمايه گذاري مسكن الوند,356,2036842,26169784744,12272,12820,12885,613,5,12848,576,4.69,12310,12885,1400-7-27,2021-10-19
426,گكوثر,هتل پارسيان كوثر اصفهان,354,6329033,11649338355,1820,1869,1835,15,0.82,1836,16,0.88,1811,1869,1400-7-27,2021-10-19
427,افرا,افرانت,351,504673,9531799611,18576,19129,19040,464,2.5,18781,205,1.1,18380,19129,1400-7-27,2021-10-19
428,بزاگرس,نيروگاه زاگرس كوثر,351,2404967,9969038693,4074,4130,4111,37,0.91,4125,51,1.25,4074,4198,1400-7-27,2021-10-19
429,سدشت,صنايع سيمان دشتستان,351,190773,7530902340,40650,38760,40000,-650,-1.6,40180,-470,-1.16,38620,40540,1400-7-27,2021-10-19
430,نمرينو,ايران‌ مرينوس‌,350,196728,19326059660,94430,97900,99150,4720,5,98240,3810,4.03,94510,99150,1400-7-27,2021-10-19
431,كمينا,شيشه سازي مينا,350,1479795,15610991240,10767,10900,10445,-322,-2.99,10549,-218,-2.02,10444,11000,1400-7-27,2021-10-19
432,شلعاب,لعابيران‌,348,5264095,35523003100,6430,6750,6750,320,4.98,6750,320,4.98,6650,6750,1400-7-27,2021-10-19
433,وسبحان,سرمايه گذاري سبحان,347,4536509,12943169507,2798,2767,2918,120,4.29,2846,48,1.72,2767,2925,1400-7-27,2021-10-19
434,وپست,پست بانك ايران,347,1841290,38964533160,20200,20010,21210,1010,5,21160,960,4.75,20010,21210,1400-7-27,2021-10-19
435,فولاژ,فولاد آلياژي ايران,345,848339,14581196750,17050,16710,17170,120,0.7,17070,20,0.12,16710,17350,1400-7-27,2021-10-19
436,نوين,بيمه نوين,343,1946866,9550145369,4908,4987,4901,-7,-0.14,4906,-2,-0.04,4870,5046,1400-7-27,2021-10-19
437,لوتوس,تامين سرمايه لوتوس پارسيان,341,2563240,14187041040,5610,5400,5740,130,2.32,5580,-30,-0.53,5380,5740,1400-7-27,2021-10-19
438,فلامي,لاميران‌,341,615700,11595364850,19300,19230,18670,-630,-3.26,18910,-390,-2.02,18400,19230,1400-7-27,2021-10-19
439,سرچشمه,سرمايه گذاري مس سرچشمه,338,2173571,11936294435,5415,5489,5527,112,2.07,5475,60,1.11,5450,5549,1400-7-27,2021-10-19
440,ومشان,س. فني و مهندسي مشانير,337,299606,18008360303,61791,59947,59938,-1853,-3,60107,-1684,-2.73,59938,62890,1400-7-27,2021-10-19
441,هجرت,پخش هجرت,336,905667,29397964631,31269,31301,32832,1563,5,32460,1191,3.81,31301,32832,1400-7-27,2021-10-19
442,كاذر,فرآورده‌هاي‌نسوزآذر,335,1889123,25490787740,12940,12990,13580,640,4.95,13490,550,4.25,12990,13580,1400-7-27,2021-10-19
443,سدور,سيمان‌ دورود,334,1359698,10061548260,7390,7260,7410,20,0.27,7400,10,0.14,7260,7540,1400-7-27,2021-10-19
444,پرداخت,به پرداخت ملت,333,858843,12227789100,14320,14310,14010,-310,-2.16,14260,-60,-0.42,13840,14590,1400-7-27,2021-10-19
445,فالوم,آلومتك‌,330,1064547,28273106723,27372,26553,26551,-821,-3,26559,-813,-2.97,26551,28000,1400-7-27,2021-10-19
446,لوتوسح,ح . تامين سرمايه لوتوس پارسيان,329,2296809,9482771470,4130,4000,4200,70,1.69,4130,0,0,4000,4260,1400-7-27,2021-10-19
447,شكلر,نيروكلر,328,1217748,35709657030,28360,28190,29770,1410,4.97,29320,960,3.39,28190,29770,1400-7-27,2021-10-19
448,ولصنم,ليزينگ‌صنعت‌ومعدن‌,327,1457393,7528138850,5110,5090,5160,50,0.98,5140,30,0.59,5080,5360,1400-7-27,2021-10-19
449,وبوعلي,سرمايه‌گذاري‌بوعلي‌,326,2058680,8223441673,3957,3911,4060,103,2.6,3978,21,0.53,3911,4067,1400-7-27,2021-10-19
450,زمگسا,كشاورزي‌ ودامپروي‌ مگسال‌,326,727798,12995286560,17650,16900,17860,210,1.19,17840,190,1.08,16900,18400,1400-7-27,2021-10-19
451,جوين,كشت و صنعت جوين,323,3397218,10235653944,3011,3088,3005,-6,-0.2,3013,2,0.07,2930,3088,1400-7-27,2021-10-19
452,قپيرا,فرآورده‌هاي‌غدايي‌وقندپيرانشهر,322,1179090,10470115320,8570,8510,8990,420,4.9,8770,200,2.33,8480,8990,1400-7-27,2021-10-19
453,دكوثر,داروسازي‌ كوثر,319,2247059,8588319431,3807,3750,3865,58,1.52,3816,9,0.24,3650,3930,1400-7-27,2021-10-19
454,سمازن,سيمان‌مازندران‌,314,914874,13649079880,14670,14900,15020,350,2.39,14870,200,1.36,14560,15120,1400-7-27,2021-10-19
455,غبشهر,صنعتي‌ بهشهر,314,1735310,43460158950,23870,24980,25060,1190,4.99,25040,1170,4.9,24450,25060,1400-7-27,2021-10-19
456,ساراب,سيمان‌ داراب‌,313,1088065,18970461020,16800,16150,17640,840,5,17440,640,3.81,16150,17640,1400-7-27,2021-10-19
457,كطبس,ذغال‌سنگ‌ نگين‌ ط‌بس‌,309,443682,25820260840,57800,59000,58240,440,0.76,58200,400,0.69,56070,59290,1400-7-27,2021-10-19
458,خبازرس,بازرسي مهندسي و صنعتي ايران,306,515481,12705504188,24295,23602,24950,655,2.7,24648,353,1.45,23602,25000,1400-7-27,2021-10-19
459,فولاي,صنايع فولاد آلياژي يزد,302,961526,17432193615,17283,17600,18147,864,5,18130,847,4.9,17600,18147,1400-7-27,2021-10-19
460,وخاور,بانك خاورميانه,301,6495568,35854373040,5480,5380,5570,90,1.64,5510,30,0.55,5320,5600,1400-7-27,2021-10-19
461,وتوس,توسعه‌شهري‌توس‌گستر,298,2211461,27901228640,12070,12130,12670,600,4.97,12620,550,4.56,12070,12670,1400-7-27,2021-10-19
462,سكه0012پ01,تمام سكه طرح جديد0012رفاه,295,67000,77883799300,1149308,1159497,1163138,13830,1.2,1162445,13137,1.14,1152104,1166000,1400-7-27,2021-10-19
463,تپولا,مهندسي مرآت پولاد,292,567893,11595167179,21038,20510,20407,-631,-3,20418,-620,-2.95,20407,21094,1400-7-27,2021-10-19
464,فوكا,فولاد كاويان,292,2441818,37244495268,15245,15305,15200,-45,-0.3,15253,8,0.05,15000,15390,1400-7-27,2021-10-19
465,داريوش,صندوق س. ثروت داريوش -س,292,973436,9586395850,9814,9850,9831,17,0.17,9848,34,0.35,9820,9870,1400-7-27,2021-10-19
466,اپرداز,آتيه داده پرداز,291,1067708,23030869310,21266,21234,21700,434,2.04,21570,304,1.43,21234,21740,1400-7-27,2021-10-19
467,غشاذر,پگاه‌آذربايجان‌غربي‌,289,879770,5124102340,5870,5980,5790,-80,-1.36,5850,-20,-0.34,5760,5990,1400-7-27,2021-10-19
468,تسه9810,امتياز تسهيلات مسكن دي98,288,9578,6441309248,689744,680010,655260,-34484,-5,672511,-17233,-2.5,655257,693898,1400-7-27,2021-10-19
469,درهآور,دارويي ره آورد تامين,288,360899,8605256878,23921,24040,23832,-89,-0.37,23876,-45,-0.19,23400,24300,1400-7-27,2021-10-19
470,شپاكسا,پاكسان‌,288,671737,12113773830,17960,18200,18150,190,1.06,18020,60,0.33,17760,18360,1400-7-27,2021-10-19
471,آوا,صندوق س.سهام آواي معيار-س,287,1143717,9269417788,7998,8100,8101,103,1.29,8105,107,1.34,8031,8170,1400-7-27,2021-10-19
472,واعتبار,سرمايه گذاري اعتبار ايران,285,769438,5299734140,6870,6700,6860,-10,-0.15,6880,10,0.15,6700,7000,1400-7-27,2021-10-19
473,واتي,سرمايه‌ گذاري‌ آتيه‌ دماوند,284,1256966,13619120390,10790,11000,10810,20,0.19,10820,30,0.28,10690,11100,1400-7-27,2021-10-19
474,زشگزا,شير و گوشت زاگرس شهركرد,283,2452179,12478383922,4986,5198,5054,68,1.36,5074,88,1.76,4984,5198,1400-7-27,2021-10-19
475,سيستم,همكاران سيستم,280,2717883,15438442970,5640,5860,5720,80,1.42,5670,30,0.53,5570,5860,1400-7-27,2021-10-19
476,قلرست,قند لرستان‌,280,700137,13555349480,18560,18980,19480,920,4.96,19270,710,3.83,18430,19480,1400-7-27,2021-10-19
477,وتوسم,سرمايه‌گذاري‌توسعه‌ملي‌,277,1479386,11452110820,7770,7770,7770,0,0,7750,-20,-0.26,7650,7870,1400-7-27,2021-10-19
478,بموتو,موتوژن‌,277,238892,17949411540,73380,75530,75360,1980,2.7,74920,1540,2.1,72580,76000,1400-7-27,2021-10-19
479,تسه0002,امتيازتسهيلاتمسكن ارديبهشت1400,276,5537,3786334761,695752,680550,730538,34786,5,683824,-11928,-1.71,660965,730538,1400-7-27,2021-10-19
480,حگردش,ريل گردش ايرانيان,273,2690420,8119687560,2931,3018,3018,87,2.97,3000,69,2.35,3018,3018,1400-7-27,2021-10-19
481,تصميم,صندوق س با درآمد ثابت تصميم,271,3433928,60837714397,17708,17719,17719,11,0.06,17717,9,0.05,17700,17719,1400-7-27,2021-10-19
482,كي بي سي,شركت كي بي سي,269,1122386,21117928367,18128,17302,19034,906,5,18815,687,3.79,17302,19034,1400-7-27,2021-10-19
483,كلوند,كاشي‌ الوند,268,1459356,31605880380,20660,21030,21690,1030,4.99,21660,1000,4.84,21030,21690,1400-7-27,2021-10-19
484,كاريس,صندوق س.سپهر كاريزما-س,263,955055,13430293477,13842,13932,14100,258,1.86,14062,220,1.59,13932,14177,1400-7-27,2021-10-19
485,دابور,داروسازي‌ ابوريحان‌,262,624488,16690604890,25780,26480,27060,1280,4.97,26730,950,3.69,25460,27060,1400-7-27,2021-10-19
486,فبيرا,بسته‌ بندي‌ ايران‌,258,3103823,5929470945,1938,1900,1900,-38,-1.96,1921,-17,-0.88,1882,1950,1400-7-27,2021-10-19
487,وارس,سرمايه گذاري ارس صبا,257,989254,11760324394,11941,11705,11750,-191,-1.6,11888,-53,-0.44,11700,12180,1400-7-27,2021-10-19
488,پرديس,سرمايه گذاري پرديس,257,1771386,9589141440,5360,5270,5540,180,3.36,5390,30,0.56,5230,5570,1400-7-27,2021-10-19
489,بهپاك,صنعتي بهپاك,255,3092291,16661538539,5164,5369,5422,258,5,5388,224,4.34,5250,5422,1400-7-27,2021-10-19
490,غشهد,شهد ايران ‌,255,1356794,6337393593,4678,4697,4700,22,0.47,4675,-3,-0.06,4480,4799,1400-7-27,2021-10-19
491,شصفها,پتروشيمي‌ اصفهان‌,255,354667,48244689732,138802,136026,136026,-2776,-2,136028,-2774,-2,136026,141258,1400-7-27,2021-10-19
492,دارو,كارخانجات‌داروپخش‌,252,787242,22809664320,28330,27740,29520,1190,4.2,28970,640,2.26,27740,29600,1400-7-27,2021-10-19
493,ضسپا8042,اختيارخ خساپا-1800-1400/08/26,251,16307,772596000,39,33,45,6,15.38,47,8,20.51,33,51,1400-7-27,2021-10-19
494,نهال,صندوق س. طلاي سرخ نوويرا,249,3135574,35659561167,11095,11478,11400,305,2.75,11373,278,2.51,10910,11500,1400-7-27,2021-10-19
495,كخاك,صنايع‌خاك‌چيني‌ايران‌,249,917016,24947337770,27350,27500,27630,280,1.02,27200,-150,-0.55,27000,28340,1400-7-27,2021-10-19
496,دسبحان,سبحان دارو,247,621092,10132348010,16330,16080,16310,-20,-0.12,16320,-10,-0.06,16040,16730,1400-7-27,2021-10-19
497,سخزر,سيمان‌ خزر,246,1007274,22422034810,21880,21220,22030,150,0.69,22260,380,1.74,21220,22860,1400-7-27,2021-10-19
498,پسهند,صنايع‌ لاستيكي‌  سهند,245,652880,16887515380,24760,25010,25990,1230,4.97,25870,1110,4.48,25010,25990,1400-7-27,2021-10-19
499,ضملت8042,اختيارخ وبملت-3934-1400/08/19,244,10764,541207000,49,50,49,0,0,50,1,2.04,46,60,1400-7-27,2021-10-19
500,ولتجار,واسپاري تجارت وسرمايه ايرانيان,243,3666332,12446124902,3453,3357,3402,-51,-1.48,3395,-58,-1.68,3350,3518,1400-7-27,2021-10-19
501,كپرور,فرآوري زغال سنگ پروده طبس,242,381582,13067016410,33237,33793,34130,893,2.69,34117,880,2.65,33111,34780,1400-7-27,2021-10-19
502,ركيش,كارت اعتباري ايران كيش,238,1543428,10214374920,6700,6510,6620,-80,-1.19,6650,-50,-0.75,6510,6840,1400-7-27,2021-10-19
503,فاما,صنعتي‌ آما,235,649408,10927268510,16830,16140,17100,270,1.6,16830,0,0,16140,17460,1400-7-27,2021-10-19
504,ثجوان,تامين مسكن جوانان,233,1423145,9166110870,6590,6393,6393,-197,-2.99,6445,-145,-2.2,6393,6540,1400-7-27,2021-10-19
505,قشهد,شهد,231,737840,10394016260,14180,14490,13970,-210,-1.48,14110,-70,-0.49,13520,14490,1400-7-27,2021-10-19
506,قمرو,قند مرودشت‌,231,253737,6762986540,26690,26500,27030,340,1.27,26670,-20,-0.07,25380,27500,1400-7-27,2021-10-19
507,مارون,پتروشيمي مارون,231,213539,39452145952,185286,188500,184950,-336,-0.18,185076,-210,-0.11,182776,188500,1400-7-27,2021-10-19
508,آپ,آسان پرداخت پرشين,231,1278612,14230951560,10600,11130,11130,530,5,10910,310,2.92,11130,11130,1400-7-27,2021-10-19
509,دجابر,داروسازي‌ جابرابن‌حيان‌,230,404632,5548780340,13900,14110,13720,-180,-1.29,13840,-60,-0.43,13560,14110,1400-7-27,2021-10-19
510,وزمين,بانك ايران زمين,230,11492921,110802075594,9503,9504,9883,380,4,9641,138,1.45,9504,9883,1400-7-27,2021-10-19
511,ولبهمن,شركت بهمن ليزينگ,229,1029538,6669296302,6364,6232,6410,46,0.72,6414,50,0.79,6232,6670,1400-7-27,2021-10-19
512,ددام,داروسازي زاگرس فارمد پارس,226,455444,5646154180,12220,12130,12190,-30,-0.25,12290,70,0.57,12130,12600,1400-7-27,2021-10-19
513,كقزوي,شيشه‌ قزوين‌,224,2308016,18368634393,7996,7780,8038,42,0.53,7959,-37,-0.46,7780,8150,1400-7-27,2021-10-19
514,انرژي3,سايراشخاص بورس انرژي,223,210764,17135113200,77430,81300,81300,3870,5,78560,1130,1.46,81300,81300,1400-7-27,2021-10-19
515,دمعيار,صندوق س. توازن معيار-د,220,10317507,104558675938,10134,10135,10134,0,0,10134,0,0,10134,10140,1400-7-27,2021-10-19
516,دتماد,توليدمواداوليه‌داروپخش‌,219,255445,12316427050,47380,48330,48340,960,2.03,48020,640,1.35,46660,48650,1400-7-27,2021-10-19
517,بنيرو,نيروترانس‌,218,2838081,5980542750,2092,2082,2100,8,0.38,2098,6,0.29,2040,2140,1400-7-27,2021-10-19
518,غمهرا,توليدي‌مهرام‌,217,157642,7810506080,48970,50850,49290,320,0.65,49280,310,0.63,48100,50850,1400-7-27,2021-10-19
519,سهرمز,سيمان‌هرمزگان‌,215,488248,8410008220,16550,17360,17200,650,3.93,16900,350,2.11,17000,17360,1400-7-27,2021-10-19
520,كفرا,فراورده‌ هاي‌ نسوزايران‌,214,415444,7826179200,18820,18210,19050,230,1.22,18830,10,0.05,18210,19400,1400-7-27,2021-10-19
521,وكادو,تكادو,214,1615895,28900843560,17373,17200,17894,521,3,17885,512,2.95,17200,17894,1400-7-27,2021-10-19
522,تماوند,تامين سرمايه دماوند,212,5842273,36042108324,6137,6250,6165,28,0.46,6169,32,0.52,6156,6310,1400-7-27,2021-10-19
523,شاملا,معدني‌ املاح‌  ايران‌,212,275441,9017375120,31560,31380,33110,1550,4.91,32240,680,2.15,31380,33130,1400-7-27,2021-10-19
524,سپ,پرداخت الكترونيك سامان كيش,210,198646,6068718370,31910,30340,30700,-1210,-3.79,31770,-140,-0.44,30320,31270,1400-7-27,2021-10-19
525,سباقر,سيمان باقران,209,1175771,19651298956,16234,16488,16721,487,3,16714,480,2.96,16488,16721,1400-7-27,2021-10-19
526,بساما,بيمه سامان,208,470793,10971801733,22970,22002,23357,387,1.68,23162,192,0.84,22002,23900,1400-7-27,2021-10-19
527,شرانل,نفت ايرانول,208,361422,17593726438,48364,49088,48940,576,1.19,48506,142,0.29,48240,49090,1400-7-27,2021-10-19
528,زرين,صندوق س. سهام زرين كوروش-س,208,784427,10724447424,13510,13914,13621,111,0.82,13672,162,1.2,13426,13914,1400-7-27,2021-10-19
529,سفاسي,شركت فارسيت اهواز,207,963686,3954419748,4229,4103,4103,-126,-2.98,4175,-54,-1.28,4103,4177,1400-7-27,2021-10-19
530,خپويش,سازه‌ پويش‌,206,234215,18926901110,77060,80890,80910,3850,5,80810,3750,4.87,77550,80910,1400-7-27,2021-10-19
531,سقاين,سيمان‌ قائن‌,205,131007,7183066980,53870,55870,54680,810,1.5,54340,470,0.87,53000,56450,1400-7-27,2021-10-19
532,تسه9911,امتياز تسهيلات مسكن بهمن99,203,3105,2112660605,693593,688999,659000,-34593,-4.99,680406,-13187,-1.9,658914,700000,1400-7-27,2021-10-19
533,سپر,صندوق س سپر سرمايه بيدار- ثابت,202,4881416,63323534903,12963,12970,12980,17,0.13,12972,9,0.07,12970,12981,1400-7-27,2021-10-19
534,فلات,گروه صنايع معادن فلات ايرانيان,202,1075872,15655454447,14139,14490,14563,424,3,14551,412,2.91,13845,14563,1400-7-27,2021-10-19
535,لابسا,آبسال‌,201,162762,5459934030,33160,33500,33600,440,1.33,33300,140,0.42,33000,34000,1400-7-27,2021-10-19
536,سكرد,سيمان كردستان,201,959464,5445601310,5680,5550,5640,-40,-0.7,5680,0,0,5550,5820,1400-7-27,2021-10-19
537,تسه0001,امتيازتسهيلات مسكن فروردين1400,200,3723,2592905039,695515,671600,670000,-25515,-3.67,696456,941,0.14,661000,730000,1400-7-27,2021-10-19
538,سفار,سيمان‌فارس‌,200,78547,5130717160,65000,67950,65300,300,0.46,65120,120,0.18,63000,67950,1400-7-27,2021-10-19
539,وايران,ليزينگ ايرانيان,196,3592471,18547927773,4918,5163,5163,245,4.98,5163,245,4.98,5163,5163,1400-7-27,2021-10-19
540,ضسپا8044,اختيارخ خساپا-2500-1400/08/26,196,10044,48408000,3,5,4,1,33.33,5,2,66.67,3,6,1400-7-27,2021-10-19
541,ضخود1049,اختيارخ خودرو-1400-1400/10/08,195,5159,2647061000,464,480,524,60,12.93,513,49,10.56,460,527,1400-7-27,2021-10-19
542,تسه9910,امتياز تسهيلات مسكن دي99,195,3544,2426314999,691985,665000,719999,28014,4.05,684626,-7359,-1.06,662010,719999,1400-7-27,2021-10-19
543,دعبيد,لابراتوارداروسازي‌  دكترعبيدي‌,194,280673,6349051790,22640,22940,22210,-430,-1.9,22640,0,0,22040,23150,1400-7-27,2021-10-19
544,تسه9902,امتياز تسهيلات مسكن ارديبهشت99,190,3105,2089575748,689186,666850,654727,-34459,-5,672971,-16215,-2.35,654727,699970,1400-7-27,2021-10-19
545,درازك,دارويي‌ رازك‌,189,234421,9154498540,39020,40780,39200,180,0.46,39040,20,0.05,38740,40780,1400-7-27,2021-10-19
546,تسه9912,امتياز تسهيلات مسكن اسفند99,188,2314,1585064350,688433,688999,654012,-34421,-5,684989,-3444,-0.5,654012,700000,1400-7-27,2021-10-19
547,پخش,پخش البرز,187,372626,9321601008,24799,24530,24809,10,0.04,24937,138,0.56,24003,25483,1400-7-27,2021-10-19
548,سبجنو,سيمان‌ بجنورد,187,196536,7011285720,36020,36020,36150,130,0.36,35850,-170,-0.47,35100,36500,1400-7-27,2021-10-19
549,حپارسا,توسعه حمل و نقل ريلي پارسيان,186,304706,10956510796,34350,35380,36067,1717,5,35413,1063,3.09,35380,36067,1400-7-27,2021-10-19
550,سپاها,سيمان‌سپاهان‌,183,733766,6485743260,8690,8580,8890,200,2.3,8750,60,0.69,8580,8920,1400-7-27,2021-10-19
551,وحافظح,ح . بيمه حافظ,183,2522212,9664469420,3887,3800,3801,-86,-2.21,3832,-55,-1.41,3771,3985,1400-7-27,2021-10-19
552,عيار,صندوق سكه طلاي مفيد,180,237538,6989090252,29189,29500,29401,212,0.73,29423,234,0.8,29300,29549,1400-7-27,2021-10-19
553,خصدرا,صنعتي‌ دريايي‌ ايران‌,179,2513817,7430843052,3047,2956,2956,-91,-2.99,3025,-22,-0.72,2956,2956,1400-7-27,2021-10-19
554,وايرا,سرمايه گذاري صنايع ايران,179,2997908,17483994324,6001,5821,5821,-180,-3,5832,-169,-2.82,5821,6083,1400-7-27,2021-10-19
555,خكاوه,سايپا ديزل,179,2264730,7320004482,3143,3100,3237,94,2.99,3208,65,2.07,3100,3237,1400-7-27,2021-10-19
556,ما,بيمه  ما,178,1036309,6812415490,6690,6730,6580,-110,-1.64,6630,-60,-0.9,6450,6730,1400-7-27,2021-10-19
557,اتكام,بيمه اتكايي امين,176,2885285,10112732649,3534,3534,3536,2,0.06,3514,-20,-0.57,3436,3613,1400-7-27,2021-10-19
558,وتوشه,سرمايه‌ گذاري‌ پارس‌ توشه‌,176,1564972,9736559170,6210,6130,6230,20,0.32,6220,10,0.16,6080,6350,1400-7-27,2021-10-19
559,زگلدشت,كشت و دام گلدشت نمونه اصفهان,175,387577,3762313158,9651,9301,9829,178,1.84,9665,14,0.15,9293,9900,1400-7-27,2021-10-19
560,شستان,پتروشيمي گلستان,174,879980,3174018844,3591,3609,3570,-21,-0.58,3601,10,0.28,3550,3651,1400-7-27,2021-10-19
561,تسه9909,امتياز تسهيلات مسكن آذر99,173,3071,2112524044,694704,670020,718999,24295,3.5,687894,-6810,-0.98,659969,719999,1400-7-27,2021-10-19
562,دپارس,پارس‌ دارو,173,243439,7682394130,31270,31000,31070,-200,-0.64,31420,150,0.48,30720,32380,1400-7-27,2021-10-19
563,حخزر,كشتيراني درياي خزر,172,444831,8641762693,18816,18200,19311,495,2.63,19156,340,1.81,18200,19756,1400-7-27,2021-10-19
564,پلوله,گازلوله‌,170,312942,9318548591,30609,30795,29691,-918,-3,29789,-820,-2.68,29691,30795,1400-7-27,2021-10-19
565,تشتاد,صنايع توليدي اشتاد ايران‌,170,1172446,6840237790,5695,5581,5845,150,2.63,5790,95,1.67,5581,5865,1400-7-27,2021-10-19
566,واميد,گروه مديريت سرمايه گذاري اميد,169,1290166,16739492210,12900,13000,12960,60,0.47,12910,10,0.08,12720,13190,1400-7-27,2021-10-19
567,مداران,داده‌پردازي‌ايران‌,168,327005,4704455090,14640,14890,14400,-240,-1.64,14560,-80,-0.55,14110,14890,1400-7-27,2021-10-19
568,فن آوا,گروه فن آوا,165,561723,12181048693,21241,21877,21878,637,3,21685,444,2.09,21190,21878,1400-7-27,2021-10-19
569,كشرق,صنعتي و معدني شمال شرق شاهرود,165,90179,7149662397,78994,78000,79000,6,0.01,79127,133,0.17,76512,80400,1400-7-27,2021-10-19
570,دسبحا,گروه دارويي سبحان,165,333893,6500437880,19330,19990,19100,-230,-1.19,19370,40,0.21,18870,19990,1400-7-27,2021-10-19
571,كمنگنز,معادن‌منگنزايران‌,164,116095,8123880360,69270,67600,70390,1120,1.62,69630,360,0.52,67600,70880,1400-7-27,2021-10-19
572,تكنار,مجتمع معادن مس تكنار,163,245841,15374157810,60716,62537,62537,1821,3,62537,1821,3,62536,62537,1400-7-27,2021-10-19
573,داسوه,داروسازي‌ اسوه‌,163,215383,5166059740,23640,23010,24190,550,2.33,23760,120,0.51,23010,24490,1400-7-27,2021-10-19
574,حسينا,توسعه خدمات دريايي وبندري سينا,163,242715,12326710412,49873,51800,51370,1497,3,50597,724,1.45,50480,51800,1400-7-27,2021-10-19
575,سكرما,سيمان‌ كرمان‌,160,353112,5218648860,14790,15090,14740,-50,-0.34,14790,0,0,14560,15100,1400-7-27,2021-10-19
576,اخزا002,اسنادخزانه-م2بودجه00-031024,160,211953,104109185277,496065,495015,494938,-1127,-0.23,491190,-4875,-0.98,485020,497999,1400-7-27,2021-10-19
577,وثوق,سرمايه گذاري وثوق امين,160,797475,9824574250,12699,12319,12319,-380,-2.99,12320,-379,-2.98,12319,12400,1400-7-27,2021-10-19
578,ماني,صندوق س. با درآمد ثابت ماني,160,2419731,25011195670,10331,10337,10335,4,0.04,10336,5,0.05,10335,10338,1400-7-27,2021-10-19
579,دفارا,داروسازي‌ فارابي‌,159,242585,3930568430,16180,16090,16500,320,1.98,16190,10,0.06,15700,16500,1400-7-27,2021-10-19
580,لبوتان,گروه‌صنعتي‌بوتان‌,159,97714,4869928580,49070,49000,50000,930,1.9,49320,250,0.51,49000,50990,1400-7-27,2021-10-19
581,گوهر,صندوق سكه طلاي كيان,158,447560,25880076795,57238,57800,57732,494,0.86,57825,587,1.03,57056,57950,1400-7-27,2021-10-19
582,دارا,صندوق س. دارا الگوريتم-د,158,4971661,50057104602,10049,10083,10051,2,0.02,10068,19,0.19,10048,10090,1400-7-27,2021-10-19
583,حآفرين,ريل پرداز نو آفرين,157,4389697,18537690431,4022,4223,4223,201,5,4223,201,5,4223,4223,1400-7-27,2021-10-19
584,تسه9904,امتياز تسهيلات مسكن تير99,155,1704,1148259121,686864,666000,665000,-21864,-3.18,673861,-13003,-1.89,661000,698500,1400-7-27,2021-10-19
585,شگل,گلتاش‌,155,355965,2505303720,7070,7070,6990,-80,-1.13,7060,-10,-0.14,6950,7170,1400-7-27,2021-10-19
586,معيار ,سرمايه گذاري معيار صنعت پارس,155,380233,18831384125,48084,49525,49526,1442,3,49526,1442,3,49520,49526,1400-7-27,2021-10-19
587,سهگمت,سيمان‌هگمتان‌,154,273698,6155981660,22630,23000,22630,0,0,22570,-60,-0.27,22120,23050,1400-7-27,2021-10-19
588,دشيمي,شيمي‌ داروئي‌ داروپخش‌,153,228702,5621274070,24450,24350,24620,170,0.7,24500,50,0.2,24250,24980,1400-7-27,2021-10-19
589,ثاصفا,شركت‌ ساختمان‌ اصفهان‌,152,272440,3553565429,13446,13043,13043,-403,-3,13286,-160,-1.19,13043,13100,1400-7-27,2021-10-19
590,بخاور,بيمه زندگي خاورميانه,151,664122,3011189730,4472,4464,4569,97,2.17,4485,13,0.29,4464,4575,1400-7-27,2021-10-19
591,وبهمن,سرمايه‌گذاري‌بهمن‌,151,459335,7638801910,16590,15910,16600,10,0.06,16610,20,0.12,15910,17000,1400-7-27,2021-10-19
592,وپخش,داروپخش‌ (هلدينگ‌,150,621125,18874031460,30480,29830,30500,20,0.07,30440,-40,-0.13,29830,31080,1400-7-27,2021-10-19
593,دالبر,البرزدارو,150,854943,12249952380,14300,13680,14200,-100,-0.7,14320,20,0.14,13680,14500,1400-7-27,2021-10-19
594,ضخود1054,اختيارخ خودرو-3000-1400/10/08,147,10816,244343000,19,32,21,2,10.53,23,4,21.05,18,32,1400-7-27,2021-10-19
595,گوهران,سرمايه گذاري توسعه گوهران اميد,146,978770,4860584194,4948,5030,4980,32,0.65,4954,6,0.12,4886,5045,1400-7-27,2021-10-19
596,زپارس,ملي كشت و صنعت و دامپروري پارس,143,60235,5800327480,94210,92830,96200,1990,2.11,95010,800,0.85,92830,98000,1400-7-27,2021-10-19
597,غشصفا,شيرپاستوريزه‌پگاه‌اصفهان‌,142,644574,23146652340,37800,35910,35910,-1890,-5,35910,-1890,-5,35910,35910,1400-7-27,2021-10-19
598,حشكوه,دليجان طلايي شكوه پارس,142,2754431,6882452239,2427,2479,2499,72,2.97,2478,51,2.1,2479,2499,1400-7-27,2021-10-19
599,بالبر,كابل‌ البرز,141,244394,7647088260,29800,31290,31290,1490,5,30520,720,2.42,31290,31290,1400-7-27,2021-10-19
600,سشمال,سيمان‌ شمال‌,141,739469,6311204860,8460,8360,8550,90,1.06,8490,30,0.35,8360,8800,1400-7-27,2021-10-19
601,قزوين,كارخانجات‌ قند قزوين‌,139,848894,25495117450,30620,29700,30040,-580,-1.89,30030,-590,-1.93,29530,30700,1400-7-27,2021-10-19
602,پاسا,ايران‌ياساتايرورابر,139,1092126,19461685320,16980,17820,17820,840,4.95,17820,840,4.95,17820,17820,1400-7-27,2021-10-19
603,حبندر,دريايي و کشتيراني خط دريابندر,136,448004,15383561352,33338,34338,34338,1000,3,34338,1000,3,34338,34338,1400-7-27,2021-10-19
604,وسين,بيمه سينا,135,1955121,6682226024,3327,3330,3426,99,2.98,3386,59,1.77,3320,3426,1400-7-27,2021-10-19
605,ثبات,صندوق س. ثبات ويستا -د,133,10998900,112464038288,10221,10225,10227,6,0.06,10225,4,0.04,10224,10227,1400-7-27,2021-10-19
606,تسه9808,امتياز تسهيلات مسكن آبان98,128,2076,1388739804,683944,661000,649747,-34197,-5,668950,-14994,-2.19,649747,690000,1400-7-27,2021-10-19
607,وبازار,صندوق س شاخصي بازارآشنا,125,269567,3392003460,12410,12700,12580,170,1.37,12580,170,1.37,12500,12700,1400-7-27,2021-10-19
608,دكيمي,كيميدارو,124,228538,4637723250,20500,20070,20160,-340,-1.66,20430,-70,-0.34,20070,20500,1400-7-27,2021-10-19
609,فخاس,فولاد خراسان,122,168938,4449397370,25990,26560,26130,140,0.54,26010,20,0.08,26060,27050,1400-7-27,2021-10-19
610,تسه9907,امتياز تسهيلات مسكن مهر99,121,1886,1272253728,689582,662855,659200,-30382,-4.41,674578,-15004,-2.18,655103,699999,1400-7-27,2021-10-19
611,صايند,صندوق س. گنجينه آينده روشن-د,119,546860,5525869970,10097,10064,10098,1,0.01,10105,8,0.08,10064,10140,1400-7-27,2021-10-19
612,پارتا,مجتمع‌صنعتي‌آرتاويل‌تاير,119,402054,10992951984,26546,27342,27342,796,3,26909,363,1.37,27300,27342,1400-7-27,2021-10-19
613,سنوين,سرمايه گذاري اقتصاد نوين,114,424059,3150143094,7648,7419,7419,-229,-2.99,7574,-74,-0.97,7419,7539,1400-7-27,2021-10-19
614,سيدكو,سرمايه گذاري توسعه صنايع سيمان,114,390983,2471373820,6270,6290,6350,80,1.28,6280,10,0.16,6200,6400,1400-7-27,2021-10-19
615,دلقما,دارويي‌ لقمان‌,114,740706,22961886000,29530,31000,31000,1470,4.98,31000,1470,4.98,31000,31000,1400-7-27,2021-10-19
616,قيستو,شركت قند بيستون,113,503570,11456712386,22089,22751,22751,662,3,22751,662,3,22750,22751,1400-7-27,2021-10-19
617,شفا,سرمايه گذاري شفادارو,112,225956,8191938730,35760,35650,36400,640,1.79,36000,240,0.67,35650,36500,1400-7-27,2021-10-19
618,تسه9903,امتياز تسهيلات مسكن خرداد99,111,1207,814304758,692721,680000,662000,-30721,-4.43,674652,-18069,-2.61,661000,685444,1400-7-27,2021-10-19
619,تسه9809,امتياز تسهيلات مسكن آذر98,110,2792,1892489799,686987,680022,657000,-29987,-4.37,677826,-9161,-1.33,653044,691497,1400-7-27,2021-10-19
620,ضشنا8004,اختيارخ شپنا-10800-1400/08/16,108,666,1098746000,1329,1750,1597,268,20.17,1650,321,24.15,1552,1780,1400-7-27,2021-10-19
621,اخزا901,اسنادخزانه-م1بودجه99-010621,105,149258,123826942858,829385,821205,829010,-375,-0.05,829617,232,0.03,821205,830991,1400-7-27,2021-10-19
622,واحصا,احياء صنايع خراسان,104,204860,11550211660,54739,56381,56381,1642,3,56381,1642,3,56381,56381,1400-7-27,2021-10-19
623,فنرژي,گسترش صنايع انرژي آذرآب,103,316235,3778566108,11819,12054,12055,236,2,11922,103,0.87,11602,12055,1400-7-27,2021-10-19
624,خكمك,كمك‌فنرايندامين‌,103,523465,10134282400,18440,19360,19360,920,4.99,18950,510,2.77,19360,19360,1400-7-27,2021-10-19
625,فردا,صندوق س آواي فرداي زاگرس-ثابت,101,1819347,21173920629,11632,11638,11639,7,0.06,11638,6,0.05,11638,11640,1400-7-27,2021-10-19
626,اتكامح,ح . بيمه اتكايي امين,101,585867,1181733756,2007,1954,2040,33,1.64,2017,10,0.5,1950,2102,1400-7-27,2021-10-19
627,فيروزه,صندوق شاخص30 شركت فيروزه- سهام,97,22098,3948165630,175720,178460,179060,3340,1.9,178670,2950,1.68,177000,179500,1400-7-27,2021-10-19
628,دسينا,داروسازي‌ سينا,97,135777,2602102440,19330,18780,19440,110,0.57,19300,-30,-0.16,18780,19450,1400-7-27,2021-10-19
629,پكرمان,گروه‌ صنعتي‌ بارز,94,968882,22584639420,22200,23310,23310,1110,5,23260,1060,4.77,23310,23310,1400-7-27,2021-10-19
630,اخزا902,اسنادخزانه-م2بودجه99-011019,93,161373,125598932368,778512,769001,778100,-412,-0.05,778314,-198,-0.03,769001,779296,1400-7-27,2021-10-19
631,تسه9906,امتياز تسهيلات مسكن شهريور99,93,1807,1227077785,687485,660000,653111,-34374,-5,679069,-8416,-1.22,653111,700000,1400-7-27,2021-10-19
632,تمحركه,ماشين سازي نيرو محركه,89,665789,13096069630,19098,19670,19670,572,3,19670,572,3,19670,19670,1400-7-27,2021-10-19
633,آساس,صندوق س.آسمان آرماني سهام-س,89,52518,9127909594,171829,172800,175000,3171,1.85,173805,1976,1.15,172800,175000,1400-7-27,2021-10-19
634,تسه9811,امتياز تسهيلات مسكن بهمن98,88,988,675956660,690698,680030,672500,-18198,-2.63,684167,-6531,-0.95,672075,700000,1400-7-27,2021-10-19
635,تسه9812,امتياز تسهيلات مسكن اسفند98,88,797,539568426,688443,660999,660000,-28443,-4.13,676999,-11444,-1.66,660000,699977,1400-7-27,2021-10-19
636,اخزا810,اسنادخزانه-م10بودجه98-001006,87,153140,146984302412,957620,960500,958000,380,0.04,959803,2183,0.23,958000,962489,1400-7-27,2021-10-19
637,لخانه,لوازم‌ خانگي‌ پارس‌,86,101547,1904603747,19234,18658,18657,-577,-3,19138,-96,-0.5,18657,19200,1400-7-27,2021-10-19
638,سمتاز,سيمان ممتازان كرمان,86,170427,2952204530,17066,17060,17300,234,1.37,17144,78,0.46,17030,17577,1400-7-27,2021-10-19
639,تابا,تابان نيرو سپاهان,85,102656,3089432320,31025,30095,30095,-930,-3,30703,-322,-1.04,30095,30095,1400-7-27,2021-10-19
640,تسه9905,امتياز تسهيلات مسكن مرداد99,85,1001,675744086,694195,663199,660000,-34195,-4.93,675069,-19126,-2.76,660000,690000,1400-7-27,2021-10-19
641,زر,صندوق س.پشتوانه سكه طلاي زر,82,32950,1656240641,49671,50600,50217,546,1.1,50265,594,1.2,49931,50600,1400-7-27,2021-10-19
642,ارمغان,ص سرمايه گذاري ارمغان ايرانيان,81,675662,6795536844,10052,10057,10058,6,0.06,10058,6,0.06,10057,10066,1400-7-27,2021-10-19
643,سپاس,صندوق س. پاداش سهامداري-ثابت,81,1556464,15668391222,10064,10065,10069,5,0.05,10067,3,0.03,10065,10069,1400-7-27,2021-10-19
644,خاتم,صندوق س خاتم ايساتيس پويا-ثابت,80,552146,6714479679,12153,12165,12160,7,0.06,12161,8,0.07,12159,12165,1400-7-27,2021-10-19
645,اخزا005,اسنادخزانه-م5بودجه00-030626,79,402104,211224001640,529134,531753,528976,-158,-0.03,525297,-3837,-0.73,521020,531753,1400-7-27,2021-10-19
646,قچار,فراوردههاي غذايي وقند چهارمحال,78,398064,4087719216,10809,10269,10269,-540,-5,10645,-164,-1.52,10269,10269,1400-7-27,2021-10-19
647,اوصتا,صندوق انديشه ورزان صباتامين -د,76,779858,15760394507,20199,20207,20207,8,0.04,20209,10,0.05,20207,20210,1400-7-27,2021-10-19
648,تسه9901,امتياز تسهيلات مسكن فروردين99,76,647,442634942,694983,672093,675002,-19981,-2.88,684134,-10849,-1.56,665609,695000,1400-7-27,2021-10-19
649,گنگين,اقتصادي نگين گردشگري ايرانيان,75,1274365,32099979985,24456,25189,25189,733,3,25189,733,3,25189,25189,1400-7-27,2021-10-19
650,سحرخيز,صندوق س. گروه زعفران سحرخيز,75,111231,1168983175,10521,10500,10549,28,0.27,10510,-11,-0.1,10450,10587,1400-7-27,2021-10-19
651,سكه0012پ04,تمام سكه طرح جديد0012صادرات,74,20500,23779911800,1145896,1157862,1158720,12824,1.12,1159996,14100,1.23,1156002,1162000,1400-7-27,2021-10-19
652,اخزا910,اسنادخزانه-م10بودجه99-020807,74,146508,94989762702,650777,650690,647501,-3276,-0.5,648359,-2418,-0.37,645738,652890,1400-7-27,2021-10-19
653,اخزا001,اسنادخزانه-م1بودجه00-030821,74,149637,76266694370,512839,510000,510966,-1873,-0.37,509678,-3161,-0.62,508800,511000,1400-7-27,2021-10-19
654,كميناح,ح . شيشه سازي مينا,73,163432,1237421149,7704,7636,7604,-100,-1.3,7571,-133,-1.73,7522,7800,1400-7-27,2021-10-19
655,وتعاون,بيمه  تعاون,72,638341,1229444766,1985,1926,1926,-59,-2.97,1977,-8,-0.4,1926,1926,1400-7-27,2021-10-19
656,آساميد,صندوق س.مشترك آسمان اميد -د,71,1224715,16184488757,13209,13214,13218,9,0.07,13215,6,0.05,13214,13220,1400-7-27,2021-10-19
657,سرود,سيمان‌شاهرود,70,97808,2376832270,23900,23900,23900,0,0,23960,60,0.25,23900,24600,1400-7-27,2021-10-19
658,دحاوي,الحاوي,69,637252,3321994676,5374,5213,5213,-161,-3,5318,-56,-1.04,5213,5213,1400-7-27,2021-10-19
659,ويستا,صندوق س. ويستا -س,69,215593,2155930000,10000,10000,10000,0,0,10000,0,0,10000,10000,1400-7-27,2021-10-19
660,ضخود1051,اختيارخ خودرو-1800-1400/10/08,68,2449,623374000,215,240,251,36,16.74,255,40,18.6,220,289,1400-7-27,2021-10-19
661,وامين,س. امين توان آفرين ساز,68,180205,2320071912,12838,12902,12845,7,0.05,12840,2,0.02,12840,12995,1400-7-27,2021-10-19
662,ولانا,شركت ليزينگ آريا دانا,67,363506,6161063194,17473,16949,16949,-524,-3,17092,-381,-2.18,16949,16949,1400-7-27,2021-10-19
663,غپونه,نوش پونه مشهد,66,408594,5030912317,11959,12300,12317,358,2.99,12142,183,1.53,12230,12317,1400-7-27,2021-10-19
664,افق ملت,صندوق س در سهام افق ملت,66,14581,2173916520,148250,150450,149500,1250,0.84,149090,840,0.57,148500,150450,1400-7-27,2021-10-19
665,ضسپا8043,اختيارخ خساپا-2000-1400/08/26,64,3816,64451000,16,24,15,-1,-6.25,17,1,6.25,12,24,1400-7-27,2021-10-19
666,ضخود1050,اختيارخ خودرو-1600-1400/10/08,61,2362,870169000,321,322,375,54,16.82,368,47,14.64,322,380,1400-7-27,2021-10-19
667,وآفري,بيمه كارآفرين,61,1144267,3933563998,3450,3351,3446,-4,-0.12,3446,-4,-0.12,3351,3500,1400-7-27,2021-10-19
668,اخزا908,اسنادخزانه-م8بودجه99-020606,60,254414,171198957063,673315,668002,673000,-315,-0.05,672915,-400,-0.06,668001,673400,1400-7-27,2021-10-19
669,زعف0008پ05,زعفران0008نگين زرين(پ),60,14035,2251484162,159373,158600,159500,127,0.08,160419,1046,0.66,155501,163400,1400-7-27,2021-10-19
670,اخزا006,اسنادخزانه-م6بودجه00-030723,56,195023,101163044931,520719,520719,519997,-722,-0.14,518724,-1995,-0.38,517446,524899,1400-7-27,2021-10-19
671,زعف0008پ08,زعفران0008نگين روستا(پ),56,40977,6457694000,153838,159000,156500,2662,1.73,157593,3755,2.44,155000,159000,1400-7-27,2021-10-19
672,آرمان,بيمه آرمان,54,187709,1197372082,6504,6309,6331,-173,-2.66,6489,-15,-0.23,6309,6550,1400-7-27,2021-10-19
673,اخزا008,اسنادخزانه-م8بودجه00-030919,53,213268,106973949333,503559,505555,501004,-2555,-0.51,501594,-1965,-0.39,500111,505555,1400-7-27,2021-10-19
674,اخزا903,اسنادخزانه-م3بودجه99-011110,52,165996,127634850316,768546,768000,769000,454,0.06,768903,357,0.05,767551,769910,1400-7-27,2021-10-19
675,ضشنا8006,اختيارخ شپنا-14800-1400/08/16,50,913,192317000,203,250,160,-43,-21.18,211,8,3.94,131,250,1400-7-27,2021-10-19
676,سكه0011پ02,تمام سكه طرح جديد0011ملت,49,8700,10079630100,1147638,1154000,1160003,12365,1.08,1158578,10940,0.95,1152000,1167999,1400-7-27,2021-10-19
677,اخزا911,اسنادخزانه-م11بودجه99-020906,49,128797,81901830350,637040,636266,634768,-2272,-0.36,635899,-1141,-0.18,634681,637040,1400-7-27,2021-10-19
678,اخزا914,اسنادخزانه-م14بودجه99-021025,48,77699,47950819752,619808,617000,616911,-2897,-0.47,617136,-2672,-0.43,616599,619800,1400-7-27,2021-10-19
679,فيروزا,صندوق بادرآمد ثابت فيروزه آسيا,47,192073,4844358614,25212,25249,25230,18,0.07,25221,9,0.04,25178,25249,1400-7-27,2021-10-19
680,اخزا909,اسنادخزانه-م9بودجه99-020316,46,260991,185484330025,712174,708666,711000,-1174,-0.16,710692,-1482,-0.21,708666,711750,1400-7-27,2021-10-19
681,دفرا,فرآورده‌هاي‌ تزريقي‌ ايران‌,45,38463,1112876440,29140,29200,29080,-60,-0.21,29120,-20,-0.07,28410,29470,1400-7-27,2021-10-19
682,وسنا,سرمايه گذاري نيروگاهي ايران,43,341743,4495970908,13848,13156,13156,-692,-5,13677,-171,-1.23,13156,13156,1400-7-27,2021-10-19
683,ساروج,بين المللي ساروج بوشهر,43,146501,2425784765,16736,16560,16736,0,0,16692,-44,-0.26,16300,16736,1400-7-27,2021-10-19
684,ثنام,س ساختماني ب نام آوران مهندسي,41,339172,3850280544,11949,11352,11352,-597,-5,11698,-251,-2.1,11352,11352,1400-7-27,2021-10-19
685,اخزا812,اسنادخزانه-م12بودجه98-001111,41,62137,58553604676,940102,943000,942000,1898,0.2,942331,2229,0.24,942000,946999,1400-7-27,2021-10-19
686,اخزا815,اسنادخزانه-م15بودجه98-010406,39,126749,110128816708,868609,869000,868220,-389,-0.04,868873,264,0.03,867004,870000,1400-7-27,2021-10-19
687,آتيمس,صندوق س.آرمان آتيه درخشان مس-س,39,3989,758242009,188036,190668,190880,2844,1.51,190083,2047,1.09,188201,192000,1400-7-27,2021-10-19
688,الماس,صندوق س.امين تدبيرگران فردا-س,39,6279,715725640,113221,112140,113030,-191,-0.17,113987,766,0.68,112140,114995,1400-7-27,2021-10-19
689,اخزا809,اسنادخزانه-م9بودجه98-000923,38,110916,107203127765,966000,968999,966000,0,0,966525,525,0.05,966000,970000,1400-7-27,2021-10-19
690,اخزا906,اسنادخزانه-م6بودجه99-020321,38,8158,5774104996,704366,706000,705811,1445,0.21,707784,3418,0.49,705101,708749,1400-7-27,2021-10-19
691,ضملت8041,اختيارخ وبملت-3434-1400/08/19,38,691,199447000,211,300,270,59,27.96,289,78,36.97,266,309,1400-7-27,2021-10-19
692,دزهراويح,ح . ‌داروسازي‌زهراوي‌,37,688581,2733315126,3972,3980,3950,-22,-0.55,3969,-3,-0.08,3950,3980,1400-7-27,2021-10-19
693,فراز,صندوق س.سهام فراز داريك-س,37,340683,4820337170,14149,14150,14149,0,0,14149,0,0,14149,14150,1400-7-27,2021-10-19
694,ضپال2007,اختيارخ اپال-32000-1401/02/12,36,844,457474000,453,639,480,27,5.96,542,89,19.65,461,639,1400-7-27,2021-10-19
695,بذر,صندوق س بذر اميد آفرين-سهام,34,8870,905369350,99820,100530,101090,1270,1.27,102070,2250,2.25,100530,103850,1400-7-27,2021-10-19
696,كصدف,كاشي صدف سرام استقلال آباده,33,42306,910086672,22177,21512,21512,-665,-3,22110,-67,-0.3,21512,21512,1400-7-27,2021-10-19
697,ضفلا1163,اختيارخ فولاد-10000-1400/11/24,32,430,945153000,2035,2350,2090,55,2.7,2198,163,8.01,2090,2350,1400-7-27,2021-10-19
698,غشوكو,شوكو پارس,32,52908,533682996,10398,10087,10087,-311,-2.99,10381,-17,-0.16,10087,10087,1400-7-27,2021-10-19
699,گنجين,صندوق س. گنجينه يكم آويد-د,32,110423,1539333065,13938,13948,13940,2,0.01,13940,2,0.01,13939,13948,1400-7-27,2021-10-19
700,ضسپا8040,اختيارخ خساپا-1400-1400/08/26,31,1191,429761000,296,300,357,61,20.61,361,65,21.96,300,373,1400-7-27,2021-10-19
701,اخزا003,اسنادخزانه-م3بودجه00-030418,31,172437,94861625029,551385,549200,551000,-385,-0.07,550123,-1262,-0.23,548919,551999,1400-7-27,2021-10-19
702,اخزا004,اسنادخزانه-م4بودجه00-030522,31,136520,73658768582,541077,541024,539900,-1177,-0.22,539546,-1531,-0.28,538001,541024,1400-7-27,2021-10-19
703,كامياب2,صندوق س. كامياب آشنا-د,30,3000000,3000000,10710,1,1,-10709,-99.99,1,-10709,-99.99,1,1,1400-7-27,2021-10-19
704,دكپسولح,ح .توليد ژلاتين كپسول ايران,29,69325,1914288625,29066,27700,27613,-1453,-5,27613,-1453,-5,27613,27700,1400-7-27,2021-10-19
705,زعف0008پ11,زعفران0008نگين سحرخيز(پ),29,32129,5041753904,155304,155001,155500,196,0.13,156922,1618,1.04,155001,157000,1400-7-27,2021-10-19
706,داريك,صندوق س.اعتماد داريك-د,29,450706,5267620673,11681,11688,11687,6,0.05,11687,6,0.05,11687,11689,1400-7-27,2021-10-19
707,دشيري,شيرين دارو,28,8049,1251732186,160323,155514,155514,-4809,-3,159690,-633,-0.39,155514,155514,1400-7-27,2021-10-19
708,آكورد2,صندوق س. آرمان آتي كوثر-د,28,2800000,2800000,34721,1,1,-34720,-100,1,-34720,-100,1,1,1400-7-27,2021-10-19
709,صنوين,صندوق سرمايه‌گذاري صنوين-مختلط,27,4626,463945460,99750,99770,100400,650,0.65,100290,540,0.54,99770,100500,1400-7-27,2021-10-19
710,زعف0008پ16,زعفران0008نگين بيرجند(پ),27,5705,909131695,158636,158999,159000,364,0.23,159357,721,0.45,158999,160000,1400-7-27,2021-10-19
711,اخزا814,اسنادخزانه-م14بودجه98-010318,26,105466,92498512672,877542,878000,877000,-542,-0.06,877046,-496,-0.06,877000,879999,1400-7-27,2021-10-19
712,اخزا816,اسنادخزانه-م16بودجه98-010503,25,51253,43801782385,853409,853002,854600,1191,0.14,854619,1210,0.14,853002,860000,1400-7-27,2021-10-19
713,كهربا,صندوق س.پشتوانه سكه طلا كهربا,23,124990,1271499428,10124,10127,10203,79,0.78,10173,49,0.48,10125,10288,1400-7-27,2021-10-19
714,غشوكوح,ح . شوكو پارس,23,15998,115953504,7472,7248,7248,-224,-3,7248,-224,-3,7248,7248,1400-7-27,2021-10-19
715,پست0008پ08,پسته فندقي32-30مه ولات0008(پ),22,1369,2616582561,1871694,1800000,1960000,88306,4.72,1911309,39615,2.12,1780002,1963408,1400-7-27,2021-10-19
716,آرمانح,ح.بيمه آرمان,22,1026000,5105068000,5130,5437,4960,-170,-3.31,4976,-154,-3,4960,5437,1400-7-27,2021-10-19
717,ضمخا7078,اختيارخ اخابر-7700-1400/07/28,22,393,185743000,350,111,550,200,57.14,473,123,35.14,111,679,1400-7-27,2021-10-19
718,ضمخا7075,اختيارخ اخابر-8700-1400/07/28,21,935,935000,1,1,1,0,0,1,0,0,1,1,1400-7-27,2021-10-19
719,طخود1050,اختيارف خودرو-1600-1400/10/08,20,594,29686000,70,60,42,-28,-40,50,-20,-28.57,42,60,1400-7-27,2021-10-19
720,ضشنا8005,اختيارخ شپنا-12800-1400/08/16,20,153,76979000,513,510,500,-13,-2.53,503,-10,-1.95,491,689,1400-7-27,2021-10-19
721,كيان2,صندوق س. با درآمد ثابت كيان,20,2000000,2000000,31094,1,1,-31093,-100,1,-31093,-100,1,1,1400-7-27,2021-10-19
722,سخند,صندوق س.سپهرخبرگان نفت-د,20,58740,587457200,9994,9995,10018,24,0.24,10001,7,0.07,9990,10020,1400-7-27,2021-10-19
723,ثروتم,صندوق س. ثروت آفرين پارسيان-س,20,45680,4101174330,88643,89493,89570,927,1.05,89781,1138,1.28,89493,90088,1400-7-27,2021-10-19
724,اخزا817,اسنادخزانه-م17بودجه98-010512,19,108346,92196078435,851092,851000,851000,-92,-0.01,850941,-151,-0.02,850002,851000,1400-7-27,2021-10-19
725,اخزا917,اسنادخزانه-م17بودجه99-010226,19,323670,287628149912,889133,889300,888602,-531,-0.06,888646,-487,-0.05,888490,889300,1400-7-27,2021-10-19
726,ضمخا7077,اختيارخ اخابر-6700-1400/07/28,19,212,296008000,854,1000,1550,696,81.5,1396,542,63.47,940,1550,1400-7-27,2021-10-19
727,اراد50,مرابحه عام دولت5-ش.خ0302,19,438900,438900438000,1000000,1000000,1000001,1,0,1000001,1,0,1000000,1000001,1400-7-27,2021-10-19
728,آسام,صندوق س.آرمان سپهر آشنا-م,19,17100,2145993960,124829,125501,125989,1160,0.93,125497,668,0.54,125000,125994,1400-7-27,2021-10-19
729,اخزا905,اسنادخزانه-م5بودجه99-020218,18,143823,104852962500,727705,729500,729500,1795,0.25,729042,1337,0.18,729000,729500,1400-7-27,2021-10-19
730,سكه0111پ05,تمام سكه طرح جديد0111آينده,18,2300,2665631100,1147393,1162999,1162000,14607,1.27,1158970,11577,1.01,1155100,1163000,1400-7-27,2021-10-19
731,سكه0112پ03,تمام سكه طرح جديد0112سامان,17,2800,3249871000,1146570,1160000,1160611,14041,1.22,1160668,14098,1.23,1157100,1167000,1400-7-27,2021-10-19
732,اخزا813,اسنادخزانه-م13بودجه98-010219,17,100121,89309978081,892641,897999,892000,-641,-0.07,892020,-621,-0.07,892000,897999,1400-7-27,2021-10-19
733,دقاضي,داروسازي شهيد قاضي,16,10446,313839624,30973,30044,30044,-929,-3,30944,-29,-0.09,30044,30044,1400-7-27,2021-10-19
734,فردا2,صندوق س آواي فرداي زاگرس-ثابت,16,1600000,1600000,11632,1,1,-11631,-99.99,1,-11631,-99.99,1,1,1400-7-27,2021-10-19
735,فنفتح,ح . صنايع تجهيزات نفت,15,45573,492006108,11129,10796,10796,-333,-2.99,10796,-333,-2.99,10796,10796,1400-7-27,2021-10-19
736,گوهر2,صندوق سكه طلاي كيان,15,150000,150000,57238,1,1,-57237,-100,1,-57237,-100,1,1,1400-7-27,2021-10-19
737,اخزا811,اسنادخزانه-م11بودجه98-001013,15,102072,97689002918,956500,959990,957000,500,0.05,957060,560,0.06,955003,959990,1400-7-27,2021-10-19
738,اخزا808,اسنادخزانه-م8بودجه98-000817,15,100701,99492595050,987500,988000,988000,500,0.05,988000,500,0.05,988000,988011,1400-7-27,2021-10-19
739,اخزا818,اسنادخزانه-م18بودجه98-010614,14,102216,85755357900,836354,835500,839000,2646,0.32,838962,2608,0.31,835500,839000,1400-7-27,2021-10-19
740,اخزا904,اسنادخزانه-م4بودجه99-011215,14,109360,82566558771,754919,754700,755000,81,0.01,754998,79,0.01,754700,755005,1400-7-27,2021-10-19
741,پا ه 5,بار پايه هفته 5,13,515000,278163000,550,541,541,-9,-1.64,540,-10,-1.82,540,541,1400-7-27,2021-10-19
742,عيار2,صندوق سكه طلاي مفيد,13,130000,130000,29189,1,1,-29188,-100,1,-29188,-100,1,1,1400-7-27,2021-10-19
743,اخابر2,مخابرات ايران,12,1125000000,9000000000000,7790,8000,8000,210,2.7,8000,210,2.7,8000,8000,1400-7-27,2021-10-19
744,ضشنا1049,اختيارخ شپنا-6540-1400/10/19,12,83,150620000,1805,1900,1702,-103,-5.71,1815,10,0.55,1702,1900,1400-7-27,2021-10-19
745,فنفت,صنايع تجهيزات نفت,12,45352,684724496,15564,15098,15098,-466,-2.99,15530,-34,-0.22,15098,15098,1400-7-27,2021-10-19
746,اخزا007,اسنادخزانه-م7بودجه00-030912,12,13603,6854492599,506401,502909,504000,-2401,-0.47,503896,-2505,-0.49,502390,505000,1400-7-27,2021-10-19
747,زعف0008پ20,زعفران0008نگين وحدت جام(پ),12,7832,1245282288,158250,158000,159000,750,0.47,158999,749,0.47,158000,165084,1400-7-27,2021-10-19
748,وسرضوي,س.سهام عدالت استان خراسان رضوي,12,469664,326416480,731,695,695,-36,-4.92,731,0,0,695,695,1400-7-27,2021-10-19
749,هخابر201,اختيارف ت اخابر-10834-02/01/27,12,1125000000,1125000000,1,1,1,0,0,1,0,0,1,1,1400-7-27,2021-10-19
750,ضملت8043,اختيارخ وبملت-4434-1400/08/19,11,376,6091000,22,19,17,-5,-22.73,16,-6,-27.27,15,19,1400-7-27,2021-10-19
751,ثنظام,س. ساختماني نظام مهندسي ايران,10,32872,825646024,25893,25117,25117,-776,-3,25825,-68,-0.26,25117,25117,1400-7-27,2021-10-19
752,زعف0008پ10,زعفران0008نگين طلاي سرخ(پ),10,9035,1439163362,158448,163000,159000,552,0.35,159288,840,0.53,149363,163000,1400-7-27,2021-10-19
753,پست0008پ04,پسته فندقي32-30سبزدانه0008(پ),10,475,890965599,1848543,1781000,1963408,114865,6.21,1875717,27174,1.47,1781000,1963408,1400-7-27,2021-10-19
754,برن0104پ01,برنج طارم0104تجارت مازندران(پ),10,411,163519800,397883,396000,397800,-83,-0.02,397858,-25,-0.01,396000,400000,1400-7-27,2021-10-19
755,وآتوس,س.آرين توسكا قيمت اسمي 350ريال,10,9905,221634280,23068,22376,22376,-692,-3,23045,-23,-0.1,22376,22376,1400-7-27,2021-10-19
756,گپارس,امور رفاهي كارگزاران پارس,10,2690,369248230,141512,137267,137267,-4245,-3,141343,-169,-0.12,137267,137267,1400-7-27,2021-10-19
757,ضمخا1034,اختيارخ اخابر-6000-1400/10/26,9,42,105000000,2500,2400,2550,50,2,2500,0,0,2400,2550,1400-7-27,2021-10-19
758,اطلس2,صندوق س.توسعه اندوخته آينده-س,9,90000,90000,255222,1,1,-255221,-100,1,-255221,-100,1,1,1400-7-27,2021-10-19
759,وملت,سرمايه گذاري ملت,9,54798,171462942,3192,3129,3129,-63,-1.97,3190,-2,-0.06,3129,3129,1400-7-27,2021-10-19
760,اخزا009,اسناد خزانه-م9بودجه00-031101,8,210,102542382,490000,485888,486000,-4000,-0.82,488297,-1703,-0.35,485888,490555,1400-7-27,2021-10-19
761,ضسپا8039,اختيارخ خساپا-1200-1400/08/26,8,128,69556000,469,515,551,82,17.48,543,74,15.78,515,551,1400-7-27,2021-10-19
762,اخزا907,اسنادخزانه-م7بودجه99-020704,8,119828,79230562707,663310,659977,662000,-1310,-0.2,661202,-2108,-0.32,659977,663001,1400-7-27,2021-10-19
763,وجامي,سرمايه گذاري جامي,7,45506,440816622,9986,9687,9687,-299,-2.99,9972,-14,-0.14,9687,9687,1400-7-27,2021-10-19
764,تملي706,تسهيلات مسكن ب. ملي-شهريور97,7,103,67548590,637854,669745,637854,0,0,655812,17958,2.82,637854,669745,1400-7-27,2021-10-19
765,سيناد,صندوق س.سپهرسودمند سينا-د,7,22164,226232948,10201,10207,10207,6,0.06,10207,6,0.06,10207,10208,1400-7-27,2021-10-19
766,اراد61,مرابحه عام دولت61-ش.خ0309,6,40000,40000018500,1000000,1000001,1000000,0,0,1000000,0,0,1000000,1000001,1400-7-27,2021-10-19
767,ثهام,صندوق س ثروت هامرز-سهام,6,11699,134772480,11474,11520,11520,46,0.4,11520,46,0.4,11520,11520,1400-7-27,2021-10-19
768,اخزا821,اسنادخزانه-م21بودجه98-020906,6,26087,16618278603,639055,638000,637000,-2055,-0.32,637033,-2022,-0.32,637000,638000,1400-7-27,2021-10-19
769,ضفلا1164,اختيارخ فولاد-12000-1400/11/24,6,100,113990000,987,1199,1100,113,11.45,1140,153,15.5,1100,1200,1400-7-27,2021-10-19
770,فسديد,لوله‌وتجهيزات‌ سديد - ورشكسته,6,650,68554850,106534,105469,105469,-1065,-1,106516,-18,-0.02,105469,105469,1400-7-27,2021-10-19
771,شساخت,مهندسي و ساختمان صنايع نفت,6,8412,371801988,45565,44199,44199,-1366,-3,45554,-11,-0.02,44199,44199,1400-7-27,2021-10-19
772,طلا2,صندوق س.پشتوانه طلاي لوتوس,6,600000,600000,81721,1,1,-81720,-100,1,-81720,-100,1,1,1400-7-27,2021-10-19
773,پادا,صندوق س.پاداش سرمايه پارس-س,6,1439,165035884,114357,114866,114220,-137,-0.12,114688,331,0.29,114220,114871,1400-7-27,2021-10-19
774,ساذري,آذريت‌,6,4140,38423340,9011,9281,9281,270,3,9012,1,0.01,9281,9281,1400-7-27,2021-10-19
775,ضصاد8033,اختيارخ وبصادر-2489-1400/08/12,5,93,648000,15,7,8,-7,-46.67,7,-8,-53.33,6,8,1400-7-27,2021-10-19
776,خفناور,مهندسي صنعتي روان فن آور,5,1348,56049840,42865,41580,41580,-1285,-3,42858,-7,-0.02,41580,41580,1400-7-27,2021-10-19
777,ضپنا8004,اختيارخ رمپنا-17850-1400/08/05,5,14,3700000,350,350,150,-200,-57.14,264,-86,-24.57,150,350,1400-7-27,2021-10-19
778,سخواف,سيمان مجد خواف,5,4689,47485503,10440,10127,10127,-313,-3,10438,-2,-0.02,10127,10127,1400-7-27,2021-10-19
779,صايپا012,صكوك مرابحه سايپا012-3ماهه 16%,5,40000,40000080000,1000002,1000002,1000002,0,0,1000002,0,0,1000002,1000002,1400-7-27,2021-10-19
780,وسقم,شركت س استان قم,5,132135,168604260,1343,1276,1276,-67,-4.99,1343,0,0,1276,1276,1400-7-27,2021-10-19
781,ضپنا8002,اختيارخ رمپنا-13850-1400/08/05,5,32,93000000,3147,3000,2800,-347,-11.03,2906,-241,-7.66,2800,3000,1400-7-27,2021-10-19
782,ضسپا1113,اختيارخ خساپا-1800-1400/11/20,5,34,11270000,1,380,250,249,24900,331,330,33000,250,380,1400-7-27,2021-10-19
783,ضصاد8034,اختيارخ وبصادر-2989-1400/08/12,5,6,11000,2,2,1,-1,-50,2,0,0,1,2,1400-7-27,2021-10-19
784,صپاآبان,بار پايه صنعتي آبان,5,34000,20264000,597,596,596,-1,-0.17,596,-1,-0.17,596,596,1400-7-27,2021-10-19
785,اراد72,مرابحه عام دولت72-ش.خ0311,5,10300,9591002900,947150,979999,930000,-17150,-1.81,931165,-15985,-1.69,930000,980000,1400-7-27,2021-10-19
786,زعف0008پ19,زعفران0008نگين تروند قاينات(پ),4,4244,670501500,155843,157899,158000,2157,1.38,157988,2145,1.38,157899,158000,1400-7-27,2021-10-19
787,اعتماد2,صندوق س.اعتماد آفرين پارسيان-د,4,33000000,33000000,39406,1,1,-39405,-100,1,-39405,-100,1,1,1400-7-27,2021-10-19
788,زير0103پ01,زيره سبز0103كيميابذر(پ),4,57,51017016,951004,970000,878408,-72596,-7.63,895035,-55969,-5.89,878408,970000,1400-7-27,2021-10-19
789,وسزنجان,شركت س استان زنجان,4,78830,106341670,1419,1349,1349,-70,-4.93,1419,0,0,1349,1349,1400-7-27,2021-10-19
790,نگين,ص.س. زمين و ساختمان نگين شهرري,4,3115,159321610,51100,51070,52190,1090,2.13,51150,50,0.1,51070,52190,1400-7-27,2021-10-19
791,اخزا820,اسنادخزانه-م20بودجه98-020806,4,50,32550000,651016,651000,651000,-16,0,651000,-16,0,651000,651000,1400-7-27,2021-10-19
792,ضصاد1117,اختيارخ وبصادر-4000-1400/11/06,4,400,102000000,1,800,10,9,900,255,254,25400,10,800,1400-7-27,2021-10-19
793,زير0103پ04,زيره سبز0103شركت مينوبذر(پ),4,110,103434080,953870,960000,878408,-75462,-7.91,940310,-13560,-1.42,878408,965000,1400-7-27,2021-10-19
794,هنوري102,اختيارف ت نوري59561-01/02/15,4,1277,1277,1,1,1,0,0,1,0,0,1,1,1400-7-27,2021-10-19
795,طفلا1163,اختيارف فولاد-10000-1400/11/24,4,4,2400000,1000,600,600,-400,-40,600,-400,-40,600,600,1400-7-27,2021-10-19
796,ضملي1161,اختيارخ فملي-7000-1400/11/03,4,13,23265000,1766,1900,1653,-113,-6.4,1790,24,1.36,1653,1900,1400-7-27,2021-10-19
797,پاآبان,بار پايه آبان,3,100800,54432000,570,540,540,-30,-5.26,540,-30,-5.26,540,540,1400-7-27,2021-10-19
798,تملي807,تسهيلات مسكن ب. ملي-مهر98,3,9,7143687,835518,793743,793743,-41775,-5,793743,-41775,-5,793743,793743,1400-7-27,2021-10-19
799,گواهي ظرفيت,گواهي ظرفيت نقدي,3,15950000,446073650000,26636,27967,27967,1331,5,27484,848,3.18,27967,27967,1400-7-27,2021-10-19
800,وسصفا,شركت س استان اصفهان,3,34706,24085964,730,694,694,-36,-4.93,730,0,0,694,694,1400-7-27,2021-10-19
801,ضسپا1109,اختيارخ خساپا-1000-1400/11/20,3,17,15124000,1,830,999,998,99800,890,889,88900,830,999,1400-7-27,2021-10-19
802,تصميم2,صندوق س با درآمد ثابت تصميم,3,2300000,2300000,17708,1,1,-17707,-99.99,1,-17707,-99.99,1,1,1400-7-27,2021-10-19
803,شرق1400,مشاركت ليزينگ ايران وشرق140010,3,36,36215959,1004999,1005998,1005999,1000,0.1,1005999,1000,0.1,1005998,1005999,1400-7-27,2021-10-19
804,ضپنا8001,اختيارخ رمپنا-11850-1400/08/05,3,115,538888000,5500,4699,4300,-1200,-21.82,4686,-814,-14.8,4300,4700,1400-7-27,2021-10-19
805,زير0103پ02,زيره سبز0103 دانش(پ),3,372,350895914,914212,969999,878408,-35804,-3.92,943269,29057,3.18,878408,969999,1400-7-27,2021-10-19
806,ضجار1022,اختيارخ وتجارت-2000-1400/10/15,3,47,15905000,353,340,330,-23,-6.52,338,-15,-4.25,330,340,1400-7-27,2021-10-19
807,ضذوب905,اختيارخ ذوب-5000-14000917,3,34,9794000,262,288,290,28,10.69,288,26,9.92,288,290,1400-7-27,2021-10-19
808,هبساز103,اختيارف ت ثبهساز-2346-01/03/18,3,10700,3969700,293,371,371,78,26.62,371,78,26.62,371,371,1400-7-27,2021-10-19
809,اراد55,مرابحه عام دولت5-ش.خ 0209,2,15600,14669600000,940399,940000,941000,601,0.06,940359,-40,0,940000,941000,1400-7-27,2021-10-19
810,سپرمي,پرميت‌,2,2000,20888000,10341,10444,10444,103,1,10342,1,0.01,10444,10444,1400-7-27,2021-10-19
811,ضذوب900,اختيارخ ذوب-2500-14000917,2,10,18000000,1815,1800,1800,-15,-0.83,1800,-15,-0.83,1800,1800,1400-7-27,2021-10-19
812,ضمخا1037,اختيارخ اخابر-9000-1400/10/26,2,14,11200000,660,800,800,140,21.21,800,140,21.21,800,800,1400-7-27,2021-10-19
813,ضملت1136,اختيارخ وبملت-4500-1400/11/13,2,95,18905000,218,199,199,-19,-8.72,199,-19,-8.72,199,199,1400-7-27,2021-10-19
814,تملي802,تسهيلات مسكن ب. ملي-ارديبهشت98,2,17,13293116,823103,781948,781948,-41155,-5,781948,-41155,-5,781948,781948,1400-7-27,2021-10-19
815,اخزا723,اسنادخزانه-م23بودجه97-000824,2,1000,984324000,983508,984324,984324,816,0.08,984324,816,0.08,984324,984324,1400-7-27,2021-10-19
816,ضمخا1035,اختيارخ اخابر-7000-1400/10/26,2,24,46200000,1999,2100,1800,-199,-9.95,1925,-74,-3.7,1800,2100,1400-7-27,2021-10-19
817,ضصاد8031,اختيارخ وبصادر-1789-1400/08/12,2,17,5576000,336,328,328,-8,-2.38,328,-8,-2.38,328,328,1400-7-27,2021-10-19
818,ضملت8044,اختيارخ وبملت-4934-1400/08/19,2,7,215000,2,100,3,1,50,31,29,1450,3,100,1400-7-27,2021-10-19
819,خعمرا,توسعه و عمران شهرستان نائين,2,3514,13848674,3827,3941,3941,114,2.98,3827,0,0,3941,3941,1400-7-27,2021-10-19
820,ضبدر8076,اختيارخ شبندر-3448-1400/08/30,2,2,9414840,3001,1000,1010,-1991,-66.34,1005,-1996,-66.51,1000,1010,1400-7-27,2021-10-19
821,رمپنا2,گروه مپنا (سهامي عام),2,4000000,66840000000,16710,16710,16710,0,0,16710,0,0,16710,16710,1400-7-27,2021-10-19
822,ضسپا1112,اختيارخ خساپا-1600-1400/11/20,2,6,3885000,1,390,699,698,69800,647,646,64600,390,699,1400-7-27,2021-10-19
823,تملي809,تسهيلات مسكن ب. ملي-آذر98,2,32,19971136,656945,624098,624098,-32847,-5,624098,-32847,-5,624098,624098,1400-7-27,2021-10-19
824,سفارود,كارخانه فارسيت درود,2,759,12198648,16400,16072,16072,-328,-2,16399,-1,-0.01,16072,16072,1400-7-27,2021-10-19
825,ضصاد8030,اختيارخ وبصادر-1589-1400/08/12,2,15,7500000,500,500,500,0,0,500,0,0,500,500,1400-7-27,2021-10-19
826,ضسپا1114,اختيارخ خساپا-2000-1400/11/20,2,110,28490000,1,259,259,258,25800,259,258,25800,259,259,1400-7-27,2021-10-19
827,وحافظ,بيمه حافظ,2,997,10174385,10520,10205,10205,-315,-2.99,10520,0,0,10205,10205,1400-7-27,2021-10-19
828,ضمخا7076,اختيارخ اخابر-9700-1400/07/28,2,24,240000,1,10,10,9,900,10,9,900,10,10,1400-7-27,2021-10-19
829,اراد60,مرابحه عام دولتي6-ش.خ0210,2,20300,19082000000,945000,940000,940000,-5000,-0.53,940000,-5000,-0.53,940000,940000,1400-7-27,2021-10-19
830,ضملي1163,اختيارخ فملي-9000-1400/11/03,2,2,600000,500,300,300,-200,-40,300,-200,-40,300,300,1400-7-27,2021-10-19
831,طخود1052,اختيارف خودرو-2000-1400/10/08,2,2,500000,246,250,250,4,1.63,250,4,1.63,250,250,1400-7-27,2021-10-19
832,اراد794,مرابحه عام دولت79-ش.خ010612,2,8093000,7968239043000,960000,984627,984541,24541,2.56,984584,24584,2.56,984541,984627,1400-7-27,2021-10-19
833,کمآبان,کم باري آبان,2,4500,2460000,540,530,560,20,3.7,547,7,1.3,530,560,1400-7-27,2021-10-19
834,اراد504,مرابحه عام دولت5-ش.خ0302,2,4999000,4764336000000,1000000,952116,954000,-46000,-4.6,953058,-46942,-4.69,952116,954000,1400-7-27,2021-10-19
835,اراد624,مرابحه عام دولت62-ش.خ0309,2,11499000,10821176500000,1000000,941095,941000,-59000,-5.9,941054,-58946,-5.89,941000,941095,1400-7-27,2021-10-19
836,ضذوب902,اختيارخ ذوب-3500-14000917,2,30,26100000,1055,870,870,-185,-17.54,870,-185,-17.54,870,870,1400-7-27,2021-10-19
837,ضجار1020,اختيارخ وتجارت-1600-1400/10/15,2,14,8740000,668,590,630,-38,-5.69,624,-44,-6.59,590,630,1400-7-27,2021-10-19
838,طخود1049,اختيارف خودرو-1400-1400/10/08,2,2,45000,69,25,20,-49,-71.01,22,-47,-68.12,20,25,1400-7-27,2021-10-19
839,افران2,صندوق س افرا نماد پايدار-ثابت,2,21500000,21500000,14521,1,1,-14520,-99.99,1,-14520,-99.99,1,1,1400-7-27,2021-10-19
840,آوا2,صندوق س.سهام آواي معيار-س,2,400000,400000,7998,1,1,-7997,-99.99,1,-7997,-99.99,1,1,1400-7-27,2021-10-19
841,افاد534,منفعت دولت5-ش.خاص كاريزما0108,2,3999000,2704513000000,955000,369748,983000,28000,2.93,676297,-278703,-29.18,369748,983000,1400-7-27,2021-10-19
842,اراد324,مرابحه عام دولت3-ش.خ0211,1,676500,562312212000,1000000,831208,831208,-168792,-16.88,831208,-168792,-16.88,831208,831208,1400-7-27,2021-10-19
843,كمند2,صندوق س. با درآمد ثابت كمند,1,586500000,586500000,10060,1,1,-10059,-99.99,1,-10059,-99.99,1,1,1400-7-27,2021-10-19
844,اعتماد4,صندوق س.اعتماد آفرين پارسيان-د,1,48000000,1892496000000,39406,39427,39427,21,0.05,39427,21,0.05,39427,39427,1400-7-27,2021-10-19
845,شستا0052,اجاره تامين اجتماعي-امين001220,1,3000000,3000000000000,1010000,1000000,1000000,-10000,-0.99,1000000,-10000,-0.99,1000000,1000000,1400-7-27,2021-10-19
846,ضشنا8007,اختيارخ شپنا-16800-1400/08/16,1,3,3000,199,1,1,-198,-99.5,1,-198,-99.5,1,1,1400-7-27,2021-10-19
847,ضشگويا1202,اختيارخ شگويا-10000-14001222,1,15,58500000,1,3900,3900,3899,389900,3900,3899,389900,3900,3900,1400-7-27,2021-10-19
848,داريوش2,صندوق س. ثروت داريوش -س,1,800000,800000,9814,1,1,-9813,-99.99,1,-9813,-99.99,1,1,1400-7-27,2021-10-19
849,اخزا0094,اسناد خزانه-م9بودجه00-031101,1,6210000,3042900000000,490000,490000,490000,0,0,490000,0,0,490000,490000,1400-7-27,2021-10-19
850,ضجار1019,اختيارخ وتجارت-1400-1400/10/15,1,5,4000000,785,800,800,15,1.91,800,15,1.91,800,800,1400-7-27,2021-10-19
851,ضملت8045,اختيارخ وبملت-5934-1400/08/19,1,5,15000,20,3,3,-17,-85,3,-17,-85,3,3,1400-7-27,2021-10-19
852,تابان042,اجاره تابان سپهر14031126,1,1000000,963300000000,969600,963300,963300,-6300,-0.65,963300,-6300,-0.65,963300,963300,1400-7-27,2021-10-19
853,صپا ه 5,بار پايه هفته 5صنعتي,1,10000,5950000,385,595,595,210,54.55,595,210,54.55,595,595,1400-7-27,2021-10-19
854,شتولي,تولي‌پرس‌,1,587,12110397,21052,20631,20631,-421,-2,21051,-1,0,20631,20631,1400-7-27,2021-10-19
855,ضمخا7069,اختيارخ اخابر-17700-1400/07/28,1,1,1000,2,1,1,-1,-50,1,-1,-50,1,1,1400-7-27,2021-10-19
856,ضشنا1051,اختيارخ شپنا-8719-1400/10/19,1,10,3500000,500,350,350,-150,-30,350,-150,-30,350,350,1400-7-27,2021-10-19
857,هماي2,صندوق س هماي آگاه-ثابت,1,33053000,33053000,10148,1,1,-10147,-99.99,1,-10147,-99.99,1,1,1400-7-27,2021-10-19
858,اخزا9172,اسنادخزانه-م17بودجه99-010226,1,300000,266580000000,889133,888600,888600,-533,-0.06,888600,-533,-0.06,888600,888600,1400-7-27,2021-10-19
859,ضغدر8058,اختيارخ وغدير-10000-1400/08/26,1,20,16000000,6500,800,800,-5700,-87.69,800,-5700,-87.69,800,800,1400-7-27,2021-10-19
860,حاريا,كشتيراني آريا,1,328,5015120,15602,15290,15290,-312,-2,15602,0,0,15290,15290,1400-7-27,2021-10-19
861,تملي703,تسهيلات مسكن ب. ملي-خرداد97,1,10,5254000,553000,525400,525400,-27600,-4.99,525400,-27600,-4.99,525400,525400,1400-7-27,2021-10-19
862,كگل2,معدني و صنعتي گل گهر,1,6864347,156644398540,22610,22820,22820,210,0.93,22820,210,0.93,22820,22820,1400-7-27,2021-10-19
863,ضپيك1032,اختيارخ تاپيكو-16000-00/10/15,1,2,2000000,1,1000,1000,999,99900,1000,999,99900,1000,1000,1400-7-27,2021-10-19
864,ضپنا8006,اختيارخ رمپنا-23850-1400/08/05,1,1,5000,60,5,5,-55,-91.67,5,-55,-91.67,5,5,1400-7-27,2021-10-19
865,كمند4,صندوق س. با درآمد ثابت كمند,1,35000000,352345000000,10060,10067,10067,7,0.07,10067,7,0.07,10067,10067,1400-7-27,2021-10-19
866,ضغدر1130,اختيارخ وغدير-10000-1400/11/20,1,10,79990000,7600,7999,7999,399,5.25,7999,399,5.25,7999,7999,1400-7-27,2021-10-19
867,ضملت1131,اختيارخ وبملت-2000-1400/11/13,1,100,185000000,1800,1850,1850,50,2.78,1850,50,2.78,1850,1850,1400-7-27,2021-10-19
868,ضملت1133,اختيارخ وبملت-3000-1400/11/13,1,50,50000000,851,1000,1000,149,17.51,1000,149,17.51,1000,1000,1400-7-27,2021-10-19
869,فخوز2,فولاد  خوزستان,1,8450000,142298000000,16700,16840,16840,140,0.84,16840,140,0.84,16840,16840,1400-7-27,2021-10-19
870,دمعيار2,صندوق س. توازن معيار-د,1,7100000,7100000,10134,1,1,-10133,-99.99,1,-10133,-99.99,1,1,1400-7-27,2021-10-19
871,ضشنا8003,اختيارخ شپنا-8800-1400/08/16,1,3,10500000,3570,3500,3500,-70,-1.96,3500,-70,-1.96,3500,3500,1400-7-27,2021-10-19
872,كابگن,توليدي و صنعتي آبگينه‌,1,500,2941500,5825,5883,5883,58,1,5825,0,0,5883,5883,1400-7-27,2021-10-19
873,ضسپا1110,اختيارخ خساپا-1200-1400/11/20,1,1,660000,1,660,660,659,65900,660,659,65900,660,660,1400-7-27,2021-10-19
874,ضجار1021,اختيارخ وتجارت-1800-1400/10/15,1,5,2100000,362,420,420,58,16.02,420,58,16.02,420,420,1400-7-27,2021-10-19
875,همبين102,اختيارف ت مبين17952-01/02/10,1,40000,40000,1,1,1,0,0,1,0,0,1,1,1400-7-27,2021-10-19
876,مكرما304,مشاركت ش كرمانشاه304-3ماهه18%,1,5000,5000000000,1000000,1000000,1000000,0,0,1000000,0,0,1000000,1000000,1400-7-27,2021-10-19
877,ضصاد8032,اختيارخ وبصادر-1989-1400/08/12,1,100,15000000,150,150,150,0,0,150,0,0,150,150,1400-7-27,2021-10-19
878,ضاريا1200,اختيارخ آريا-87000-14001215,1,1,40000000,53000,40000,40000,-13000,-24.53,40000,-13000,-24.53,40000,40000,1400-7-27,2021-10-19
879,اراد364,مرابحه عام دولت3-ش.خ 0104,1,280000,269920000000,963550,964000,964000,450,0.05,964000,450,0.05,964000,964000,1400-7-27,2021-10-19
880,صشستا3112,صكوك اجاره شستا311-بدون ضامن,1,1000000,1000000000000,1000000,1000000,1000000,0,0,1000000,0,0,1000000,1000000,1400-7-27,2021-10-19
881,ضفلا1161,اختيارخ فولاد-8000-1400/11/24,1,1,3800000,4050,3800,3800,-250,-6.17,3800,-250,-6.17,3800,3800,1400-7-27,2021-10-19
882,ضغدر1129,اختيارخ وغدير-9000-1400/11/20,1,50,445000000,1,8900,8900,8899,889900,8900,8899,889900,8900,8900,1400-7-27,2021-10-19
883,سرو2,صندوق س سروسودمند مدبران-سهام,1,100000,100000,74600,1,1,-74599,-100,1,-74599,-100,1,1,1400-7-27,2021-10-19
884,ضغدر1134,اختيارخ وغدير-18000-1400/11/20,1,100,230000000,1,2300,2300,2299,229900,2300,2299,229900,2300,2300,1400-7-27,2021-10-19
885,سمگا2,گروه سرمايه گذاري ميراث فرهنگي,1,14400000,180000000000,12454,12500,12500,46,0.37,12500,46,0.37,12500,12500,1400-7-27,2021-10-19
886,ضملي1162,اختيارخ فملي-8000-1400/11/03,1,1,800000,665,800,800,135,20.3,800,135,20.3,800,800,1400-7-27,2021-10-19
887,ضملت1137,اختيارخ وبملت-5000-1400/11/13,1,2,10000,1,5,5,4,400,5,4,400,5,5,1400-7-27,2021-10-19
888,طصاد8032,اختيارف وبصادر-1989-1400/08/12,1,25,1500000,77,60,60,-17,-22.08,60,-17,-22.08,60,60,1400-7-27,2021-10-19
889,اراد584,مرابحه عام دولت5-ش.خ 0110,1,10000000,9609700000000,960000,960970,960970,970,0.1,960970,970,0.1,960970,960970,1400-7-27,2021-10-19
890,گكيش,توريستي ورفاهي آبادگران كيش,1,272,10879456,41235,39998,39998,-1237,-3,41234,-1,0,39998,39998,1400-7-27,2021-10-19
891,ضبدر8074,اختيارخ شبندر-2595-1400/08/30,1,1,2131220,4500,455,455,-4045,-89.89,455,-4045,-89.89,455,455,1400-7-27,2021-10-19
892,ضغدر1133,اختيارخ وغدير-16000-1400/11/20,1,30,104220000,1,3474,3474,3473,347300,3474,3473,347300,3474,3474,1400-7-27,2021-10-19
893,مشهد14122,مشاركت ش مشهد1412-3ماهه18%,1,2000000,2000000000000,1000000,1000000,1000000,0,0,1000000,0,0,1000000,1000000,1400-7-27,2021-10-19
894,نتوس,پشم‌ بافي‌ توس,1,405,5078700,12927,12540,12540,-387,-2.99,12927,0,0,12540,12540,1400-7-27,2021-10-19
895,زعف0008پ18,زعفران0008نگين بهرامن(پ),1,10,1609990,158000,160999,160999,2999,1.9,160999,2999,1.9,160999,160999,1400-7-27,2021-10-19
896,طخود1051,اختيارف خودرو-1800-1400/10/08,1,5,555000,151,111,111,-40,-26.49,111,-40,-26.49,111,111,1400-7-27,2021-10-19
