,نماد,نام,تعداد,حجم,ارزش,دیروز,اولین,آخرین معامله - مقدار,آخرین معامله - تغییر,آخرین معامله - درصد,قیمت پایانی - مقدار,قیمت پایانی - تغییر,قیمت پایانی - درصد,کمترین,بیشترین,تاریخ,gregorian_date
0,مديريت,س. و خدمات مديريت صند. ب كشوري,2796717,209999723,1054828608629,1000,5023,5023,4023,402.3,5023,4023,402.3,5023,5023,1400-5-20,2021-08-11
1,سپيد,سپيد ماكيان,88738,4916061,212521317030,41180,43230,43230,2050,4.98,43230,2050,4.98,43230,43230,1400-5-20,2021-08-11
2,پالايش,صندوق پالايشي يكم-سهام,49179,59552203,4319003762470,70500,71000,73370,2870,4.07,72520,2020,2.87,71000,73910,1400-5-20,2021-08-11
3,شستا,سرمايه گذاري تامين اجتماعي,48293,448320900,6428212635810,13680,13920,14360,680,4.97,14340,660,4.82,13810,14360,1400-5-20,2021-08-11
4,فولاد,فولاد مباركه اصفهان,36166,340891219,4185538811670,11790,12150,12370,580,4.92,12280,490,4.16,12070,12370,1400-5-20,2021-08-11
5,لطيف,محصولات كاغذي لطيف,29967,2987027,170243503538,55539,55550,57900,2361,4.25,56994,1455,2.62,54801,58000,1400-5-20,2021-08-11
6,ولكار,ليزينگ كارآفرين,26912,24079287,106553616225,4313,4240,4510,197,4.57,4425,112,2.6,4240,4528,1400-5-20,2021-08-11
7,شصدف,صنعتي دوده فام,25399,28762377,1422256435723,48768,47700,49016,248,0.51,49448,680,1.39,46690,51000,1400-5-20,2021-08-11
8,دي,بانك دي,24897,791536871,918240027224,1134,1168,1153,19,1.68,1160,26,2.29,1142,1185,1400-5-20,2021-08-11
9,بركت,گروه دارويي بركت,23275,39670556,1553195034970,39770,40000,38800,-970,-2.44,39150,-620,-1.56,38530,40110,1400-5-20,2021-08-11
10,فملي,ملي‌ صنايع‌ مس‌ ايران‌,22929,132293787,1918123473000,14070,14300,14580,510,3.62,14500,430,3.06,14200,14720,1400-5-20,2021-08-11
11,شپنا,پالايش نفت اصفهان,22599,233261878,3188216820130,13060,13550,13710,650,4.98,13670,610,4.67,13300,13710,1400-5-20,2021-08-11
12,ومدير,گ.مديريت ارزش سرمايه ص ب كشوري,21553,74581630,357174589324,4792,4830,4799,7,0.15,4789,-3,-0.06,4681,4930,1400-5-20,2021-08-11
13,خودرو,ايران‌ خودرو,18506,476978144,973984994357,2036,2047,2054,18,0.88,2042,6,0.29,2017,2074,1400-5-20,2021-08-11
14,شتران,پالايش نفت تهران,18114,250498906,2441126154410,9310,9420,9770,460,4.94,9750,440,4.73,9420,9770,1400-5-20,2021-08-11
15,دارا يكم,صندوق واسطه گري مالي يكم-سهام,18108,11937374,1457244242580,121130,121000,122680,1550,1.28,122070,940,0.78,120720,123000,1400-5-20,2021-08-11
16,خساپا,سايپا,17886,632644406,1195844293826,1869,1880,1893,24,1.28,1890,21,1.12,1860,1925,1400-5-20,2021-08-11
17,ثبهساز,بهساز كاشانه تهران,17453,75750640,189251556117,2508,2510,2525,17,0.68,2498,-10,-0.4,2425,2549,1400-5-20,2021-08-11
18,فگستر,گسترش صنايع روي ايرانيان,16863,7051740,106260100052,14728,14900,15197,469,3.18,15069,341,2.32,14630,15250,1400-5-20,2021-08-11
19,چخزر,صنايع چوب خزر كاسپين,15286,2560552,98813528394,39181,39080,38200,-981,-2.5,38591,-590,-1.51,37730,39800,1400-5-20,2021-08-11
20,فتوسا,توليد و توسعه سرب روي ايرانيان,14290,4989402,73890434307,14668,14850,14690,22,0.15,14809,141,0.96,14520,15170,1400-5-20,2021-08-11
21,آريا,پليمر آريا ساسول,13904,9017155,1063363760837,113318,117200,118983,5665,5,117927,4609,4.07,115130,118983,1400-5-20,2021-08-11
22,كزغال,زغال سنگ پروده طبس,12773,8691308,322097619392,37345,37150,37250,-95,-0.25,37060,-285,-0.76,36500,37690,1400-5-20,2021-08-11
23,ثاميد,توسعه و عمران اميد,12364,41802632,74377091911,1786,1786,1776,-10,-0.56,1779,-7,-0.39,1751,1820,1400-5-20,2021-08-11
24,ذوب,سهامي ذوب آهن  اصفهان,12286,329737746,1485395286149,4312,4370,4527,215,4.99,4505,193,4.48,4360,4527,1400-5-20,2021-08-11
25,كيسون,شركت كيسون,11967,85078731,718993893320,8660,8314,8670,10,0.12,8451,-209,-2.41,8314,8770,1400-5-20,2021-08-11
26,خگستر,گسترش‌سرمايه‌گذاري‌ايران‌خودرو,11872,266116547,713371496717,2690,2700,2680,-10,-0.37,2681,-9,-0.33,2641,2749,1400-5-20,2021-08-11
27,ملت,بيمه ملت,11859,355016453,496927876717,1416,1439,1367,-49,-3.46,1400,-16,-1.13,1346,1479,1400-5-20,2021-08-11
28,نوري,پتروشيمي نوري,11656,9077799,941718537760,99520,101510,104490,4970,4.99,103740,4220,4.24,101510,104490,1400-5-20,2021-08-11
29,بوعلي,پتروشيمي بوعلي سينا,11653,4817138,319422254600,65570,65500,66710,1140,1.74,66310,740,1.13,65300,67530,1400-5-20,2021-08-11
30,وكبهمن,مديريت سرمايه گذاري كوثربهمن,11595,4303413,50681806604,11623,11960,11899,276,2.37,11777,154,1.32,11650,11960,1400-5-20,2021-08-11
31,كمند,صندوق س. با درآمد ثابت كمند,11449,515721755,5171390449659,10023,10027,10027,4,0.04,10027,4,0.04,10027,10029,1400-5-20,2021-08-11
32,وبملت,بانك ملت,11198,324656509,1285600680950,3898,3900,4022,124,3.18,3960,62,1.59,3900,4041,1400-5-20,2021-08-11
33,غكورش,صنعت غذايي كورش,11042,6671038,301010512400,44720,45250,44600,-120,-0.27,45120,400,0.89,44300,46450,1400-5-20,2021-08-11
34,رافزا,رايان هم افزا,10890,1302139,98476133451,77126,78000,75100,-2026,-2.63,75626,-1500,-1.94,75005,78000,1400-5-20,2021-08-11
35,كرمان,س. توسعه و عمران استان كرمان,10635,331774581,447677311287,1345,1350,1344,-1,-0.07,1349,4,0.3,1325,1385,1400-5-20,2021-08-11
36,زملارد,كشاورزي و دامپروري ملارد شير,10200,1214346,35287977693,29144,29629,28930,-214,-0.73,29059,-85,-0.29,28800,29629,1400-5-20,2021-08-11
37,غزر,صنعتي زر ماكارون,9549,4323857,106881239270,24410,24710,24420,10,0.04,24720,310,1.27,24050,25440,1400-5-20,2021-08-11
38,وتجارت,بانك تجارت,9193,233295241,600314952517,2558,2520,2583,25,0.98,2573,15,0.59,2520,2597,1400-5-20,2021-08-11
39,حكشتي,كشتيراني جمهوري اسلامي ايران,8980,44342293,775023597450,17500,17900,17440,-60,-0.34,17480,-20,-0.11,17100,18090,1400-5-20,2021-08-11
40,وغدير,سرمايه‌گذاري‌غدير(هلدينگ‌,8527,86980138,1390860876170,15270,15580,16030,760,4.98,15990,720,4.72,15320,16030,1400-5-20,2021-08-11
41,فارس,صنايع پتروشيمي خليج فارس,8393,111678413,1562099305760,13440,13560,14110,670,4.99,13990,550,4.09,13500,14110,1400-5-20,2021-08-11
42,ولپارس,ليزينگ پارسيان,8367,8074370,32938073874,4099,4130,4070,-29,-0.71,4079,-20,-0.49,4045,4177,1400-5-20,2021-08-11
43,كاوه,فولاد كاوه جنوب كيش,8358,43784342,938602434350,20590,21020,21580,990,4.81,21440,850,4.13,21000,21610,1400-5-20,2021-08-11
44,وسديد,گروه ‌صنعتي‌سديد,8356,131153368,209046403553,1584,1615,1553,-31,-1.96,1594,10,0.63,1553,1615,1400-5-20,2021-08-11
45,وسپهر,سرمايه گذاري مالي سپهرصادرات,8123,11833280,110294140430,9320,9330,9320,0,0,9321,1,0.01,9320,9330,1400-5-20,2021-08-11
46,وبصادر,بانك صادرات ايران,8006,220189689,495395057384,2247,2223,2274,27,1.2,2250,3,0.13,2207,2294,1400-5-20,2021-08-11
47,آبادا,توليد نيروي برق آبادان,7993,4456294,53770818080,12050,12060,12070,20,0.17,12070,20,0.17,11920,12300,1400-5-20,2021-08-11
48,بگيلان,توسعه مسير برق گيلان,7649,1570443,31694474100,20456,19910,20050,-406,-1.98,20206,-250,-1.22,19910,20456,1400-5-20,2021-08-11
49,وپويا,سرمايه گذاري پويا,7040,41225154,207714747270,4816,4950,5056,240,4.98,5039,223,4.63,4831,5056,1400-5-20,2021-08-11
50,فخوز,فولاد  خوزستان,7034,50922432,919859943490,17530,18300,18080,550,3.14,18060,530,3.02,17810,18300,1400-5-20,2021-08-11
51,تاپيكو,س. نفت و گاز و پتروشيمي تأمين,6968,67988996,1142223876360,16090,16510,16890,800,4.97,16800,710,4.41,16500,16890,1400-5-20,2021-08-11
52,فرابورس,فرابورس ايران,6813,26858953,666513345485,23846,24500,25038,1192,5,24815,969,4.06,23350,25038,1400-5-20,2021-08-11
53,شاروم,پتروشيمي اروميه,6642,2227422,39690432618,16971,17819,17819,848,5,17819,848,5,17819,17819,1400-5-20,2021-08-11
54,بپيوند,برق و انرژي پيوندگستر پارس,6612,3442612,39010136077,11190,11200,11310,120,1.07,11332,142,1.27,11200,11473,1400-5-20,2021-08-11
55,امين,تامين سرمايه امين,6419,2433092,19847700000,7960,8330,8150,190,2.39,8070,110,1.38,8100,8330,1400-5-20,2021-08-11
56,وپارس,بانك‌پارسيان‌,6398,245522819,694463471045,2743,2770,2880,137,4.99,2829,86,3.14,2720,2880,1400-5-20,2021-08-11
57,وخارزم,سرمايه گذاري خوارزمي,6151,46983765,300219245060,6230,6350,6370,140,2.25,6390,160,2.57,6250,6510,1400-5-20,2021-08-11
58,شگويا,پتروشيمي تندگويان,6138,26637899,310535922369,11535,11789,11720,185,1.6,11658,123,1.07,11488,11798,1400-5-20,2021-08-11
59,سيتا,سرمايه گذاري سيمان تامين,5994,10094037,149744844700,14530,14370,14940,410,2.82,14830,300,2.06,14370,14950,1400-5-20,2021-08-11
60,خپارس,پارس‌ خودرو,5986,218178894,244772295215,1119,1130,1126,7,0.63,1122,3,0.27,1114,1139,1400-5-20,2021-08-11
61,امين يكم,صندوق درآمد ثابت امين يكم فردا,5823,499511631,5030707493774,10067,10073,10071,4,0.04,10071,4,0.04,10064,10079,1400-5-20,2021-08-11
62,كاما,باما,5809,35442090,425572701740,11830,12000,12000,170,1.44,12010,180,1.52,11890,12230,1400-5-20,2021-08-11
63,خبهمن,گروه‌بهمن‌,5772,247175965,348188754821,1413,1420,1424,11,0.78,1409,-4,-0.28,1384,1430,1400-5-20,2021-08-11
64,غفارس,شير پاستوريزه پگاه فارس,5746,25098234,355743372203,14775,14870,14113,-662,-4.48,14174,-601,-4.07,14037,14870,1400-5-20,2021-08-11
65,شبريز,پالايش نفت تبريز,5554,14075721,565904685700,39260,40300,40040,780,1.99,40200,940,2.39,39400,41180,1400-5-20,2021-08-11
66,پيزد,مجتمع صنايع لاستيك يزد,5291,1031970,73165113306,71592,70826,70900,-692,-0.97,70898,-694,-0.97,69888,73000,1400-5-20,2021-08-11
67,صبا,سرمايه گذاري صبا تامين,5244,33888052,311431631371,8782,8949,9221,439,5,9190,408,4.65,8850,9221,1400-5-20,2021-08-11
68,اپال,فرآوري معدني اپال كاني پارس,5228,9631653,208197433320,21800,21700,21890,90,0.41,21620,-180,-0.83,21210,22100,1400-5-20,2021-08-11
69,وآيند,بانك  آينده,4900,58545553,618136507463,10161,10527,10567,406,4,10558,397,3.91,10300,10567,1400-5-20,2021-08-11
70,فجر,فولاد اميركبيركاشان,4827,9875074,299008928730,29540,30400,30220,680,2.3,30280,740,2.51,29700,30850,1400-5-20,2021-08-11
71,فروي,ذوب روي اصفهان,4786,6268627,201439973057,32122,32010,32200,78,0.24,32135,13,0.04,31800,32730,1400-5-20,2021-08-11
72,شاراك,پتروشيمي شازند,4653,15381756,591446008230,38310,39450,38500,190,0.5,38450,140,0.37,37880,39450,1400-5-20,2021-08-11
73,كوير,توليدي فولاد سپيد فراب كوير,4558,22026281,325865922460,14480,14850,14650,170,1.17,14790,310,2.14,14520,15120,1400-5-20,2021-08-11
74,شلعاب,لعابيران‌,4513,24220088,200268046750,8550,8370,8350,-200,-2.34,8270,-280,-3.27,8130,8530,1400-5-20,2021-08-11
75,بايكا,كارخانجات كابلسازي ‌ايران‌,4413,9158209,227864068336,24703,23468,25936,1233,4.99,24881,178,0.72,23468,25938,1400-5-20,2021-08-11
76,خفولا,خدمات فني فولاد يزد,4343,11478900,311607352175,26937,25591,28277,1340,4.97,27146,209,0.78,25591,28283,1400-5-20,2021-08-11
77,غگل,گلوكوزان‌,4269,44956148,166344891206,3742,3671,3700,-42,-1.12,3700,-42,-1.12,3650,3821,1400-5-20,2021-08-11
78,خزر,فنرسازي‌زر,4233,14702812,272824830450,17860,18390,18750,890,4.98,18560,700,3.92,17880,18750,1400-5-20,2021-08-11
79,زكوثر,سرمايه گذاري كشاورزي كوثر,4058,8644087,165888181200,19280,19510,19070,-210,-1.09,19190,-90,-0.47,18900,19790,1400-5-20,2021-08-11
80,جهرم,پتروشيمي جهرم,3937,82385742,129676039638,1592,1545,1601,9,0.57,1574,-18,-1.13,1545,1630,1400-5-20,2021-08-11
81,پتاير,ايران‌ تاير,3853,74542157,220522085794,2942,2950,2925,-17,-0.58,2958,16,0.54,2900,3080,1400-5-20,2021-08-11
82,سرو,صندوق س سروسودمند مدبران-سهام,3827,4670981,389434958650,81000,81910,83990,2990,3.69,83370,2370,2.93,81910,83990,1400-5-20,2021-08-11
83,خنصير,مهندسي‌نصيرماشين‌,3810,17388500,220616047990,13150,13540,12580,-570,-4.33,12690,-460,-3.5,12500,13540,1400-5-20,2021-08-11
84,شفارس,صنايع‌ شيميايي‌ فارس‌,3749,80472805,145257687051,1836,1833,1814,-22,-1.2,1805,-31,-1.69,1775,1863,1400-5-20,2021-08-11
85,غويتا,ويتانا,3710,24756424,216638062050,8489,8539,8809,320,3.77,8751,262,3.09,8321,8913,1400-5-20,2021-08-11
86,فاراك,ماشين‌ سازي‌ اراك‌,3569,61531498,118336907616,1945,1970,1915,-30,-1.54,1923,-22,-1.13,1894,1970,1400-5-20,2021-08-11
87,غگلستا,شير پاستوريزه پگاه گلستان,3549,8765840,173581420892,19718,19720,20037,319,1.62,19802,84,0.43,18920,20300,1400-5-20,2021-08-11
88,وسرضوي,س.سهام عدالت استان خراسان رضوي,3498,133697555,108852284374,824,824,802,-22,-2.67,815,-9,-1.09,789,850,1400-5-20,2021-08-11
89,ومعادن,توسعه‌معادن‌وفلزات‌,3495,31790304,395078048650,12210,12590,12550,340,2.78,12430,220,1.8,12240,12700,1400-5-20,2021-08-11
90,كيان,صندوق س. با درآمد ثابت كيان,3471,54921521,1643891654132,29897,29948,29951,54,0.18,29932,35,0.12,29900,29959,1400-5-20,2021-08-11
91,چكاپا,گروه صنايع كاغذ پارس,3471,38428818,151508415514,3855,3960,3906,51,1.32,3943,88,2.28,3888,4021,1400-5-20,2021-08-11
92,غنوش,نوش‌ مازندران‌,3450,4714798,181457918260,39580,39030,38350,-1230,-3.11,38490,-1090,-2.75,37990,40200,1400-5-20,2021-08-11
93,وسكرشا,س.سهام عدالت استان كرمانشاه,3377,144418202,127713991194,872,872,852,-20,-2.29,884,12,1.38,829,914,1400-5-20,2021-08-11
94,كلر,كلر پارس,3347,2353922,302136572506,122489,126390,128613,6124,5,128355,5866,4.79,125000,128613,1400-5-20,2021-08-11
95,قنيشا,قند  نيشابور,3310,4802832,282303235770,61070,63290,58690,-2380,-3.9,58780,-2290,-3.75,58020,63290,1400-5-20,2021-08-11
96,فاراكح,ح . ماشين‌ سازي‌ اراك‌,3244,64196059,56462922431,889,884,874,-15,-1.69,880,-9,-1.01,860,915,1400-5-20,2021-08-11
97,اعتماد,صندوق س.اعتماد آفرين پارسيان-د,3193,82009710,3121325068640,38020,38059,38059,39,0.1,38060,40,0.11,38059,38074,1400-5-20,2021-08-11
98,آگاس,صندوق س.هستي بخش آگاه-س,3179,4980512,428702091631,83958,85000,86450,2492,2.97,86076,2118,2.52,85000,86600,1400-5-20,2021-08-11
99,چدن,توليدي چدن سازان,3176,44383696,180602295915,4110,4100,4050,-60,-1.46,4069,-41,-1,4030,4160,1400-5-20,2021-08-11
100,تملت,تامين سرمايه بانك ملت,3171,27269996,132332765703,4688,4760,4900,212,4.52,4853,165,3.52,4671,4922,1400-5-20,2021-08-11
101,سمگا,گروه سرمايه گذاري ميراث فرهنگي,3169,16908869,482855664683,27787,27210,29176,1389,5,28556,769,2.77,27210,29176,1400-5-20,2021-08-11
102,تليسه,دامداري تليسه نمونه,3150,39703983,142295641467,3454,3580,3557,103,2.98,3584,130,3.76,3500,3626,1400-5-20,2021-08-11
103,بترانس,ايران‌ ترانسفو,3145,66805836,152047562326,2268,2270,2297,29,1.28,2276,8,0.35,2250,2320,1400-5-20,2021-08-11
104,پارند,صندوق س. پارند پايدار سپهر,3143,180054918,1805379756583,10022,10027,10027,5,0.05,10027,5,0.05,10026,10033,1400-5-20,2021-08-11
105,وساخت,سرمايه‌ گذاري‌ ساختمان‌ايران‌,3123,5176895,278389394570,51790,54370,53000,1210,2.34,53780,1990,3.84,52840,54370,1400-5-20,2021-08-11
106,وسخوز,شركت س استان خوزستان,3071,215688923,153269345942,678,710,711,33,4.87,711,33,4.87,690,711,1400-5-20,2021-08-11
107,وگستر,گسترش سرمايه گذاري ايرانيان,3069,10783213,126187525529,12076,12020,11550,-526,-4.36,11702,-374,-3.1,11473,12200,1400-5-20,2021-08-11
108,وبانك,سرمايه گذاري گروه توسعه ملي,3050,42603817,387903727070,8790,8910,9220,430,4.89,9100,310,3.53,8910,9220,1400-5-20,2021-08-11
109,حريل,ريل پردازسير,3043,37725702,161413374891,4110,4300,4200,90,2.19,4279,169,4.11,4180,4315,1400-5-20,2021-08-11
110,وآذر,سرمايه‌گذاري‌توسعه‌آذربايجان‌,3029,3408263,256045296430,76720,75010,72890,-3830,-4.99,75120,-1600,-2.09,72890,78500,1400-5-20,2021-08-11
111,ثشاهد,سرمايه‌ گذاري‌ شاهد,3008,9154970,135025128480,14650,14970,14580,-70,-0.48,14750,100,0.68,14500,15250,1400-5-20,2021-08-11
112,دتوليد,داروسازي توليد دارو,2963,8183027,107810946503,13749,13710,13220,-529,-3.85,13175,-574,-4.17,13062,13720,1400-5-20,2021-08-11
113,شاوان,پالايش نفت لاوان,2924,7003251,744125535150,101638,101641,106719,5081,5,106254,4616,4.54,101641,106719,1400-5-20,2021-08-11
114,ونوين,بانك‌اقتصادنوين‌,2919,48305890,248044634119,5028,5028,5210,182,3.62,5135,107,2.13,5004,5270,1400-5-20,2021-08-11
115,شفن,پتروشيمي فناوران,2860,565760,218152988740,382930,385010,384600,1670,0.44,385590,2660,0.69,380000,395400,1400-5-20,2021-08-11
116,وپاسار,بانك  پاسارگاد,2851,49146797,748615466510,15240,15200,15250,10,0.07,15230,-10,-0.07,14920,15290,1400-5-20,2021-08-11
117,حآسا,آسيا سير ارس,2840,5067264,121212451394,24620,24610,24186,-434,-1.76,23921,-699,-2.84,23698,24990,1400-5-20,2021-08-11
118,واميد,گروه مديريت سرمايه گذاري اميد,2837,17468882,227784035440,12640,12640,13270,630,4.98,13040,400,3.16,12540,13270,1400-5-20,2021-08-11
119,چفيبر,فيبر ايران‌,2816,17441443,141125777720,7890,8050,8120,230,2.92,8090,200,2.53,7760,8250,1400-5-20,2021-08-11
120,كچاد,معدني‌وصنعتي‌چادرملو,2815,10325452,310114589570,29910,29640,29990,80,0.27,30030,120,0.4,29620,30590,1400-5-20,2021-08-11
121,اخابر,مخابرات ايران,2778,22300067,214482018010,9640,9520,9520,-120,-1.24,9620,-20,-0.21,9430,9790,1400-5-20,2021-08-11
122,وايران,ليزينگ ايرانيان,2762,15192310,110479661170,7270,7300,7130,-140,-1.93,7270,0,0,7050,7490,1400-5-20,2021-08-11
123,زدشت,كشت و صنعت دشت خرم دره,2726,8526779,189645074771,21435,22250,22506,1071,5,22241,806,3.76,21603,22506,1400-5-20,2021-08-11
124,سفارس,سيمان فارس و خوزستان,2710,16609263,422349943120,24230,24700,25440,1210,4.99,25430,1200,4.95,24700,25440,1400-5-20,2021-08-11
125,ثنوسا,نوسازي‌وساختمان‌تهران‌,2685,17448404,154856870770,8970,8970,8770,-200,-2.23,8880,-90,-1,8680,9190,1400-5-20,2021-08-11
126,ثاخت,بين‌المللي‌توسعه‌ساختمان,2678,53593582,125166774678,2338,2362,2342,4,0.17,2335,-3,-0.13,2302,2387,1400-5-20,2021-08-11
127,آبين,كشت و صنعت آبشيرين,2673,33725442,87206708928,2630,2525,2640,10,0.38,2586,-44,-1.67,2525,2700,1400-5-20,2021-08-11
128,ولانا,شركت ليزينگ آريا دانا,2663,4178820,109775741938,26805,28145,25741,-1064,-3.97,26270,-535,-2,25465,28145,1400-5-20,2021-08-11
129,شيران,س. صنايع‌شيميايي‌ايران,2651,7118359,189518774920,26550,26600,26790,240,0.9,26620,70,0.26,26030,27040,1400-5-20,2021-08-11
130,دماوند,توليد نيروي برق دماوند,2639,7239427,197414391031,26410,27470,27185,775,2.93,27269,859,3.25,26460,27729,1400-5-20,2021-08-11
131,فاسمين,كالسيمين‌,2638,15957488,297953399830,17940,18100,18800,860,4.79,18670,730,4.07,18100,18830,1400-5-20,2021-08-11
132,البرز,بيمه البرز,2607,76772270,204002368720,2638,2772,2670,32,1.21,2657,19,0.72,2634,2772,1400-5-20,2021-08-11
133,ماديرا,صنايع ماديران,2595,14504700,112231331167,7699,7900,7649,-50,-0.65,7738,39,0.51,7580,7920,1400-5-20,2021-08-11
134,فاذر,صنايع‌ آذرآب‌,2586,104480630,136062194906,1297,1320,1295,-2,-0.15,1302,5,0.39,1288,1333,1400-5-20,2021-08-11
135,طلا,صندوق س.پشتوانه طلاي لوتوس,2573,5543510,467508293476,82624,83500,85400,2776,3.36,84334,1710,2.07,82890,85750,1400-5-20,2021-08-11
136,حسير,ريل سير كوثر,2562,13142446,368429426385,27267,27267,28090,823,3.02,28034,767,2.81,25904,28630,1400-5-20,2021-08-11
137,رمپنا,گروه مپنا (سهامي عام),2524,15474641,319518850410,20310,20400,20460,150,0.74,20650,340,1.67,19990,21290,1400-5-20,2021-08-11
138,خزاميا,زامياد,2479,24298238,161384574420,6570,6500,6590,20,0.3,6640,70,1.07,6450,6850,1400-5-20,2021-08-11
139,كگل,معدني و صنعتي گل گهر,2466,11160252,267188392820,23320,23750,24120,800,3.43,23940,620,2.66,23510,24130,1400-5-20,2021-08-11
140,حفاري,حفاري شمال,2437,26784002,174985951780,6460,6600,6650,190,2.94,6530,70,1.08,6400,6710,1400-5-20,2021-08-11
141,ميهن,بيمه ميهن,2423,31484655,115251818031,3505,3680,3662,157,4.48,3661,156,4.45,3499,3680,1400-5-20,2021-08-11
142,غپينو,پارس‌ مينو,2406,17213805,90219085820,5360,5450,5210,-150,-2.8,5240,-120,-2.24,5170,5460,1400-5-20,2021-08-11
143,قشهد,شهد,2388,7411969,120247744530,16200,16180,16570,370,2.28,16220,20,0.12,15710,16900,1400-5-20,2021-08-11
144,وصنعت,سرمايه گذاري توسعه صنعت وتجارت,2382,20118369,114918443120,5560,5660,5790,230,4.14,5710,150,2.7,5590,5820,1400-5-20,2021-08-11
145,ونيكي,سرمايه‌گذاري‌ ملي‌ايران‌,2378,13513216,153150228150,11040,11210,11270,230,2.08,11330,290,2.63,11120,11580,1400-5-20,2021-08-11
146,غگيلا,شيرپاستوريزه پگاه گيلان,2374,2433781,73385798493,28718,30153,30153,1435,5,30153,1435,5,30153,30153,1400-5-20,2021-08-11
147,نمرينو,ايران‌ مرينوس‌,2373,1011281,129521628500,127440,132920,129200,1760,1.38,128080,640,0.5,121070,132920,1400-5-20,2021-08-11
148,زاگرس,پتروشيمي زاگرس,2357,1195750,283134414406,231368,235001,239900,8532,3.69,236784,5416,2.34,232002,239990,1400-5-20,2021-08-11
149,شغدير,پتروشيمي غدير,2311,2399742,199783938870,83020,83410,82450,-570,-0.69,83250,230,0.28,81750,85680,1400-5-20,2021-08-11
150,خكار,ايركا پارت صنعت,2308,7177420,109723259060,15190,15320,15350,160,1.05,15290,100,0.66,15000,15540,1400-5-20,2021-08-11
151,فاهواز,نورد و لوله اهواز,2280,14971189,112638325668,7549,7475,7474,-75,-0.99,7524,-25,-0.33,7474,7577,1400-5-20,2021-08-11
152,ارفع,شركت آهن و فولاد ارفع,2260,13460662,236461334630,16756,17550,17593,837,5,17567,811,4.84,17100,17593,1400-5-20,2021-08-11
153,دلقما,دارويي‌ لقمان‌,2255,3331962,128309060280,39980,39000,38000,-1980,-4.95,38510,-1470,-3.68,37990,39860,1400-5-20,2021-08-11
154,ومهان,گروه توسعه مالي مهر آيندگان,2252,20906908,358940293759,16525,16820,17310,785,4.75,17169,644,3.9,16737,17351,1400-5-20,2021-08-11
155,خاذين,سايپاآذين‌,2239,40630066,157906026959,3788,3977,3850,62,1.64,3886,98,2.59,3700,3977,1400-5-20,2021-08-11
156,ساوه,سيمان ساوه,2239,1171517,72464904746,62428,62020,62001,-427,-0.68,61856,-572,-0.92,61122,62500,1400-5-20,2021-08-11
157,وسكرمان,س.سهام عدالت استان كرمان,2210,158611950,112539583901,678,701,711,33,4.87,710,32,4.72,689,711,1400-5-20,2021-08-11
158,دتوزيع,توزيع دارو پخش,2209,4328378,122756361895,28317,28180,28300,-17,-0.06,28361,44,0.16,27470,29000,1400-5-20,2021-08-11
159,وساپا,سرمايه‌گذاري‌ سايپا,2207,18384464,93939477182,5167,5220,5090,-77,-1.49,5110,-57,-1.1,5060,5220,1400-5-20,2021-08-11
160,وهور,مديريت انرژي اميد  تابان هور,2163,61275182,98992022464,1565,1570,1643,78,4.98,1616,51,3.26,1570,1643,1400-5-20,2021-08-11
161,دبالك,مواد اوليه دارويي البرز بالك,2156,6299299,105400066586,17125,17428,16520,-605,-3.53,16732,-393,-2.29,16300,17428,1400-5-20,2021-08-11
162,فسرب,ملي‌ سرب‌وروي‌ ايران‌,2139,1349264,118198969080,88750,88990,87400,-1350,-1.52,87600,-1150,-1.3,85010,90000,1400-5-20,2021-08-11
163,ولغدر,ليزينگ‌خودروغدير,2139,5587311,89123119240,15660,16000,15660,0,0,15950,290,1.85,15650,16360,1400-5-20,2021-08-11
164,پارسان,گسترش نفت و گاز پارسيان,2138,22726419,660673514230,28370,28270,29600,1230,4.34,29070,700,2.47,28270,29620,1400-5-20,2021-08-11
165,ثشرق,سرمايه گذاري مسكن شمال شرق,2119,19309304,102198915420,5330,5400,5200,-130,-2.44,5290,-40,-0.75,5130,5480,1400-5-20,2021-08-11
166,وليز,ليزينگ‌ايران‌,2097,25821943,154324676020,5980,6120,6120,140,2.34,5980,0,0,5730,6140,1400-5-20,2021-08-11
167,ختوقا,قطعات‌ اتومبيل‌ ايران‌,2091,43680893,103820669891,2364,2415,2361,-3,-0.13,2377,13,0.55,2320,2447,1400-5-20,2021-08-11
168,ختور,رادياتور ايران‌,2051,8501856,160259966300,18720,18720,18620,-100,-0.53,18850,130,0.69,18250,19290,1400-5-20,2021-08-11
169,فرآور,فرآوري‌موادمعدني‌ايران‌,2043,6573156,216300518420,31730,31330,33310,1580,4.98,32910,1180,3.72,31330,33310,1400-5-20,2021-08-11
170,فولاژ,فولاد آلياژي ايران,2042,6009156,119631327520,19910,20120,19570,-340,-1.71,19910,0,0,19460,20760,1400-5-20,2021-08-11
171,خمحركه,نيرو محركه‌,2029,17771214,70373617607,3979,3930,3933,-46,-1.16,3960,-19,-0.48,3911,4012,1400-5-20,2021-08-11
172,غشهداب,كشت و صنعت شهداب ناب خراسان,2020,24702392,86252846188,3461,3421,3479,18,0.52,3492,31,0.9,3421,3547,1400-5-20,2021-08-11
173,كسعدي,كاشي‌ سعدي‌,2007,7346463,90393282460,11800,12340,12390,590,5,12300,500,4.24,12000,12390,1400-5-20,2021-08-11
174,وسهرمز,شركت س استان هرمزگان,1991,174018019,125788922722,689,723,723,34,4.93,723,34,4.93,713,723,1400-5-20,2021-08-11
175,آسيا,بيمه آسيا,1985,49359295,98639468100,2009,2040,2000,-9,-0.45,1998,-11,-0.55,1951,2042,1400-5-20,2021-08-11
176,مدير,ص.س.مديريت ثروت ص.بازنشستگي-س,1985,12058000,125172720566,9975,10000,10488,513,5.14,10381,406,4.07,10000,10500,1400-5-20,2021-08-11
177,خمهر,مهركام‌پارس‌,1982,39500204,85948912849,2229,2229,2160,-69,-3.1,2176,-53,-2.38,2133,2255,1400-5-20,2021-08-11
178,غسالم,سالمين‌,1963,17767342,62126141236,3507,3530,3497,-10,-0.29,3497,-10,-0.29,3450,3560,1400-5-20,2021-08-11
179,سصوفي,سيمان‌ صوفيان‌,1961,4906549,103614051700,20910,21850,21000,90,0.43,21120,210,1,20410,21850,1400-5-20,2021-08-11
180,نطرين,عطرين نخ قم,1942,8680942,71747981896,8517,8400,8170,-347,-4.07,8265,-252,-2.96,8139,8470,1400-5-20,2021-08-11
181,والبر,سرمايه‌ گذاري‌ البرز(هلدينگ‌,1928,8855831,88887813020,10300,9850,10160,-140,-1.36,10040,-260,-2.52,9820,10420,1400-5-20,2021-08-11
182,فايرا,آلومينيوم‌ايران‌,1922,13888861,232069986760,16060,16370,16860,800,4.98,16710,650,4.05,16280,16860,1400-5-20,2021-08-11
183,زبينا,كشاورزي و دامپروري بينالود,1916,28931283,85256091597,2889,2990,2916,27,0.93,2947,58,2.01,2882,3020,1400-5-20,2021-08-11
184,سدبير,س. تدبيرگران فارس وخوزستان,1896,2241699,101710468610,47194,47111,45099,-2095,-4.44,45372,-1822,-3.86,44835,47200,1400-5-20,2021-08-11
185,وتوصا,گروه س توسعه صنعتي ايران,1892,14657537,128843405190,8750,8830,8820,70,0.8,8790,40,0.46,8550,8950,1400-5-20,2021-08-11
186,خاور,ايران خودرو ديزل,1878,19473470,143665773537,7565,7565,7339,-226,-2.99,7378,-187,-2.47,7339,7651,1400-5-20,2021-08-11
187,تابا,تابان نيرو سپاهان,1867,2606108,83960053834,31474,32280,31800,326,1.04,32217,743,2.36,31200,32418,1400-5-20,2021-08-11
188,ثعمرا,عمران و توسعه شاهد,1852,9188551,97431581521,10327,10550,10505,178,1.72,10604,277,2.68,10327,10840,1400-5-20,2021-08-11
189,بجهرم,توسعه مولد نيروگاهي جهرم,1851,47249565,127863247922,2587,2579,2716,129,4.99,2706,119,4.6,2552,2716,1400-5-20,2021-08-11
190,كبافق,معادن‌ بافق‌,1846,2340899,88488268850,37060,37790,38590,1530,4.13,37800,740,2,36330,38800,1400-5-20,2021-08-11
191,دانا,بيمه دانا,1837,18700322,102468916470,5520,5570,5430,-90,-1.63,5480,-40,-0.72,5400,5570,1400-5-20,2021-08-11
192,شراز,پالايش نفت شيراز,1834,1479953,181772677264,121776,122800,125050,3274,2.69,122823,1047,0.86,118737,125970,1400-5-20,2021-08-11
193,سيمرغ,سيمرغ,1824,5402164,100512597130,18720,18860,18530,-190,-1.01,18610,-110,-0.59,18260,19100,1400-5-20,2021-08-11
194,حفارس,حمل و نقل بين المللي خليج فارس,1821,20518685,70051240216,3442,3459,3410,-32,-0.93,3414,-28,-0.81,3351,3480,1400-5-20,2021-08-11
195,كوثر,بيمه كوثر,1815,10109667,135283685436,12876,12950,13518,642,4.99,13382,506,3.93,12950,13519,1400-5-20,2021-08-11
196,لكما,كارخانجات‌مخابراتي‌ايران‌,1807,27539966,38334496716,1404,1394,1388,-16,-1.14,1392,-12,-0.85,1368,1420,1400-5-20,2021-08-11
197,ساروم,سيمان‌اروميه‌,1802,3252448,142871949170,43150,44980,43680,530,1.23,43930,780,1.81,42200,45300,1400-5-20,2021-08-11
198,سبزوا,سيمان لار سبزوار,1795,22640515,75863508297,3367,3410,3370,3,0.09,3351,-16,-0.48,3314,3410,1400-5-20,2021-08-11
199,پاكشو,گروه صنعتي پاكشو,1793,15786412,90299043420,5880,5880,5690,-190,-3.23,5750,-130,-2.21,5600,5880,1400-5-20,2021-08-11
200,شتوكا,توكا رنگ فولاد سپاهان,1787,2354515,84325783195,36532,36479,35650,-882,-2.41,35815,-717,-1.96,34850,37500,1400-5-20,2021-08-11
201,خودكفا,اقتصادي و خودكفايي آزادگان,1779,8410755,124658843610,14599,14600,14850,251,1.72,14821,222,1.52,14599,15036,1400-5-20,2021-08-11
202,ولصنم,ليزينگ‌صنعت‌ومعدن‌,1774,11059193,84610386020,7860,7910,7560,-300,-3.82,7650,-210,-2.67,7480,7990,1400-5-20,2021-08-11
203,غصينو,صنعتي مينو,1734,2482713,117359126883,45495,47490,47769,2274,5,47271,1776,3.9,45720,47769,1400-5-20,2021-08-11
204,ولساپا,ليزينگ رايان‌ سايپا,1707,29791961,85419374607,2887,2828,2850,-37,-1.28,2867,-20,-0.69,2828,2926,1400-5-20,2021-08-11
205,بكهنوج,توليد برق ماهتاب كهنوج,1705,44657067,80715999729,1789,1780,1800,11,0.61,1807,18,1.01,1770,1834,1400-5-20,2021-08-11
206,غالبر,لبنيات‌ كالبر,1690,4726478,58728023770,12090,12100,12540,450,3.72,12430,340,2.81,12090,12570,1400-5-20,2021-08-11
207,سبهان,سيمان‌ بهبهان‌,1683,940522,62351420360,67450,66880,65240,-2210,-3.28,66290,-1160,-1.72,65000,68590,1400-5-20,2021-08-11
208,قرن,پديده شيمي قرن,1678,2018947,62353515360,30680,31000,30600,-80,-0.26,30880,200,0.65,30570,31770,1400-5-20,2021-08-11
209,سصفها,سيمان‌اصفهان‌,1676,2045198,135644902510,69630,67000,66150,-3480,-5,66320,-3310,-4.75,66150,68000,1400-5-20,2021-08-11
210,ديران,ايران‌دارو,1675,4419689,86652207110,19540,20100,19540,0,0,19610,70,0.36,19190,20390,1400-5-20,2021-08-11
211,زكشت,كشاورزي مكانيزه اصفهان كشت,1673,3007180,85447897755,27716,29101,27990,274,0.99,28415,699,2.52,27210,29101,1400-5-20,2021-08-11
212,بكام,كارخانجات توليدي شهيد قندي,1669,20133363,52686245872,2614,2614,2619,5,0.19,2617,3,0.11,2590,2655,1400-5-20,2021-08-11
213,غگلپا,شير پاستوريزه پگاه گلپايگان,1668,3326766,268324713287,77515,80300,80440,2925,3.77,80656,3141,4.05,75990,81390,1400-5-20,2021-08-11
214,دسانكو,داروسازي سبحان انكولوژي,1656,5648573,65300658075,12043,11900,11441,-602,-5,11561,-482,-4,11441,12000,1400-5-20,2021-08-11
215,پدرخش,درخشان‌ تهران‌,1650,2918512,64749626660,23060,22610,22250,-810,-3.51,22190,-870,-3.77,21910,22980,1400-5-20,2021-08-11
216,غچين,كشت‌ و صنعت‌ چين‌ چين,1644,6237812,116372330420,17850,18380,18740,890,4.99,18660,810,4.54,17850,18740,1400-5-20,2021-08-11
217,كسرام,پارس‌ سرام‌,1617,10449480,67197808870,6480,6560,6480,0,0,6430,-50,-0.77,6260,6560,1400-5-20,2021-08-11
218,سشرق,سيمان‌ شرق‌,1614,15446534,138375176410,9030,9030,8920,-110,-1.22,8960,-70,-0.78,8810,9130,1400-5-20,2021-08-11
219,زنگان,صنعت روي زنگان,1605,1184085,73319474898,59215,61440,62175,2960,5,61921,2706,4.57,60800,62175,1400-5-20,2021-08-11
220,وآوا,سرمايه گذاري آوا نوين,1604,6513643,34824475828,5337,5336,5355,18,0.34,5346,9,0.17,5270,5459,1400-5-20,2021-08-11
221,فسپا,گروه‌صنعتي‌سپاهان‌,1579,3700866,163762294870,42230,43700,44340,2110,5,44250,2020,4.78,42570,44340,1400-5-20,2021-08-11
222,وملي,گروه‌ صنعتي‌ ملي‌ (هلدينگ‌,1560,575661,93073527100,158480,163240,162870,4390,2.77,161680,3200,2.02,159000,163980,1400-5-20,2021-08-11
223,ميدكو,توسعه معادن وص.معدني خاورميانه,1558,8121252,345675505690,42560,42560,42610,50,0.12,42560,0,0,42550,42790,1400-5-20,2021-08-11
224,نوين,بيمه نوين,1553,13921590,80142181110,5616,5660,5659,43,0.77,5757,141,2.51,5641,5841,1400-5-20,2021-08-11
225,كساپا,سايپاشيشه‌,1551,4131217,78167855450,18930,18640,19390,460,2.43,18920,-10,-0.05,18400,19710,1400-5-20,2021-08-11
226,زشگزا,شير و گوشت زاگرس شهركرد,1546,13318421,84675955041,6156,6436,6338,182,2.96,6358,202,3.28,6160,6463,1400-5-20,2021-08-11
227,فجام,جام‌دارو,1538,7618166,53265984580,7000,7100,7030,30,0.43,6990,-10,-0.14,6800,7200,1400-5-20,2021-08-11
228,شپديس,پتروشيمي پرديس,1534,2816449,432842083550,149930,152190,154100,4170,2.78,153680,3750,2.5,150000,154700,1400-5-20,2021-08-11
229,شسينا,صنايع‌شيميايي‌سينا,1528,881322,58796280490,64950,66000,67800,2850,4.39,66710,1760,2.71,64500,68010,1400-5-20,2021-08-11
230,جم پيلن,پلي پروپيلن جم - جم پيلن,1527,1002245,114731737760,110780,113900,114990,4210,3.8,114470,3690,3.33,112310,115940,1400-5-20,2021-08-11
231,تسه0004,امتيازتسهيلات مسكن تير1400,1523,45814,28145889339,606810,620000,609000,2190,0.36,614351,7541,1.24,600255,629000,1400-5-20,2021-08-11
232,دشيمي,شيمي‌ داروئي‌ داروپخش‌,1521,3148446,87560621620,27500,28830,27090,-410,-1.49,27810,310,1.13,26500,28870,1400-5-20,2021-08-11
233,تبرك,گروه كارخانجات صنعتي تبرك,1521,3707023,51749019949,14041,14190,13980,-61,-0.43,13960,-81,-0.58,13800,14200,1400-5-20,2021-08-11
234,دفاراح,ح . داروسازي‌ فارابي‌,1519,4671757,73091793080,14480,15300,15920,1440,9.94,15650,1170,8.08,14790,15920,1400-5-20,2021-08-11
235,كساوه,صنايع‌ كاشي‌ و سراميك‌ سينا,1519,1703920,87857179930,48090,52510,51690,3600,7.49,51560,3470,7.22,50680,52520,1400-5-20,2021-08-11
236,دزهراوي,داروسازي‌زهراوي‌,1517,7959624,50390865390,6460,6330,6240,-220,-3.41,6330,-130,-2.01,6240,6470,1400-5-20,2021-08-11
237,غاذر,كشت‌وصنعت‌پياذر,1506,2484810,61382955050,24940,24900,24540,-400,-1.6,24700,-240,-0.96,24120,25780,1400-5-20,2021-08-11
238,فباهنر,مس‌ شهيدباهنر,1504,4879167,128494461250,25290,25940,26550,1260,4.98,26340,1050,4.15,25300,26550,1400-5-20,2021-08-11
239,غپاك,لبنيات‌ پاك‌,1502,4600175,80537864800,17670,17710,17460,-210,-1.19,17510,-160,-0.91,17350,17800,1400-5-20,2021-08-11
240,كيميا,معدني كيمياي زنجان گستران,1502,7144386,110063018624,14748,15485,15460,712,4.83,15406,658,4.46,15010,15485,1400-5-20,2021-08-11
241,حتوكا,حمل‌ونقل‌توكا,1497,5037079,96262972680,18570,19180,19100,530,2.85,19110,540,2.91,18680,19360,1400-5-20,2021-08-11
242,غمهرا,توليدي‌مهرام‌,1485,1044904,68037523120,67940,68400,65100,-2840,-4.18,65110,-2830,-4.17,64550,68400,1400-5-20,2021-08-11
243,پكوير,كوير تاير,1484,6834766,101866887660,14580,14770,15090,510,3.5,14900,320,2.19,14580,15170,1400-5-20,2021-08-11
244,قلرست,قند لرستان‌,1484,4959123,146354186220,30980,29440,29440,-1540,-4.97,29510,-1470,-4.74,29440,30200,1400-5-20,2021-08-11
245,كرماشا,صنايع پتروشيمي كرمانشاه,1462,3423606,161028454250,45690,46010,47780,2090,4.57,47030,1340,2.93,45910,47970,1400-5-20,2021-08-11
246,وپست,پست بانك ايران,1455,4595528,93065717420,20000,20770,20490,490,2.45,20250,250,1.25,19670,20770,1400-5-20,2021-08-11
247,رتاپ,تجارت الكترونيك  پارسيان,1440,7348553,47901247030,6630,6800,6500,-130,-1.96,6520,-110,-1.66,6350,6800,1400-5-20,2021-08-11
248,فنفت,صنايع تجهيزات نفت,1434,3062430,84820036948,28513,27088,28400,-113,-0.4,27697,-816,-2.86,27088,29100,1400-5-20,2021-08-11
249,ولشرق,ليزينگ ايران و شرق,1433,8240765,49320521141,6189,6222,5981,-208,-3.36,5985,-204,-3.3,5910,6222,1400-5-20,2021-08-11
250,شخارك,پتروشيمي‌ خارك‌,1423,3029115,147458152050,48280,48500,49200,920,1.91,48680,400,0.83,48000,49530,1400-5-20,2021-08-11
251,خشرق,الكتريك‌ خودرو شرق‌,1422,7744256,121014970780,14930,15350,15670,740,4.96,15630,700,4.69,15280,15670,1400-5-20,2021-08-11
252,وپترو,سرمايه‌گذاري صنايع پتروشيمي‌,1420,6067747,86879683120,14330,14750,14290,-40,-0.28,14320,-10,-0.07,14110,14790,1400-5-20,2021-08-11
253,قجام,فرآوردههاي غذايي وقندتربت‌جام‌,1410,23139027,152196776216,6441,6184,6698,257,3.99,6577,136,2.11,6184,6698,1400-5-20,2021-08-11
254,ثغرب,شركت سرمايه گذاري مسكن شمالغرب,1406,9519028,56484249321,5834,6120,5800,-34,-0.58,5934,100,1.71,5730,6120,1400-5-20,2021-08-11
255,كلوند,كاشي‌ الوند,1405,4266837,99671616000,22500,23340,23140,640,2.84,23360,860,3.82,22800,23620,1400-5-20,2021-08-11
256,شپارس,بين‌ المللي‌ محصولات‌  پارس‌,1392,5373991,78506485370,14650,14940,14670,20,0.14,14610,-40,-0.27,14380,14940,1400-5-20,2021-08-11
257,وصندوق,سرمايه‌گذاري‌صندوق‌بازنشستگي‌,1380,14203253,253848539280,17490,17390,18000,510,2.92,17870,380,2.17,17390,18270,1400-5-20,2021-08-11
258,ونيرو,سرمايه‌گذاري‌نيرو,1370,37284966,105467185846,2724,2710,2860,136,4.99,2829,105,3.85,2710,2860,1400-5-20,2021-08-11
259,سدور,سيمان‌ دورود,1363,13142139,131501187830,9560,9560,10030,470,4.92,10010,450,4.71,9520,10030,1400-5-20,2021-08-11
260,همراه,شركت ارتباطات سيار ايران,1348,6196824,56337089430,9090,9010,9110,20,0.22,9090,0,0,9000,9290,1400-5-20,2021-08-11
261,وصنا,گروه‌صنايع‌بهشهرايران‌,1341,21555178,147786136670,6560,6850,6780,220,3.35,6860,300,4.57,6620,6880,1400-5-20,2021-08-11
262,شبهرن,نفت‌ بهران‌,1333,5600828,81147873750,14240,14350,14610,370,2.6,14490,250,1.76,14250,14750,1400-5-20,2021-08-11
263,خكاوه,سايپا ديزل,1321,19334650,81490681971,4333,4300,4241,-92,-2.12,4215,-118,-2.72,4204,4320,1400-5-20,2021-08-11
264,قاسم,قاسم ايران,1313,5221972,45724162199,8922,8866,8710,-212,-2.38,8756,-166,-1.86,8610,9010,1400-5-20,2021-08-11
265,قرنح,ح . پديده شيمي قرن,1309,2177309,54472259590,24840,24790,25000,160,0.64,25020,180,0.72,24790,25600,1400-5-20,2021-08-11
266,لازما,كارخانه هاي صنعتي آزمايش,1291,2990801,74164141630,23708,24800,24893,1185,5,24797,1089,4.59,23904,24893,1400-5-20,2021-08-11
267,كپارس,كاشي‌ پارس‌,1272,393962,43944273040,111760,113550,110120,-1640,-1.47,111540,-220,-0.2,109000,115980,1400-5-20,2021-08-11
268,سخزر,سيمان‌ خزر,1265,2728379,73701054220,26730,28060,26560,-170,-0.64,27010,280,1.05,25720,28060,1400-5-20,2021-08-11
269,زشريف,كشت وصنعت شريف آباد,1257,11979323,63626852223,5134,5309,5260,126,2.45,5311,177,3.45,5180,5390,1400-5-20,2021-08-11
270,سلار,شركت سيمان لارستان,1250,2487221,103009492484,39965,41880,41240,1275,3.19,41415,1450,3.63,37967,41963,1400-5-20,2021-08-11
271,فنوال,نورد آلومينيوم‌,1248,2275068,58003247280,25080,25670,25400,320,1.28,25500,420,1.67,24500,26290,1400-5-20,2021-08-11
272,اميد,تامين سرمايه اميد,1247,14186869,78222873590,5270,5290,5530,260,4.93,5510,240,4.55,5280,5530,1400-5-20,2021-08-11
273,بالاس,مهندسي ساختمان تاسيسات راه آهن,1245,1367537,48882825592,36356,36200,35106,-1250,-3.44,35745,-611,-1.68,35000,37399,1400-5-20,2021-08-11
274,ختراك,ريخته‌گري‌ تراكتورسازي‌ ايران‌,1242,5101264,58083190550,11770,11770,11350,-420,-3.57,11390,-380,-3.23,11190,11790,1400-5-20,2021-08-11
275,سفار,سيمان‌فارس‌,1235,479366,43563676200,91020,92600,89860,-1160,-1.27,90880,-140,-0.15,89000,92600,1400-5-20,2021-08-11
276,فوكا,فولاد كاويان,1231,13112023,226503995716,16779,17282,17282,503,3,17275,496,2.96,17000,17282,1400-5-20,2021-08-11
277,وبيمه,سرمايه‌ گذاري‌ صنعت‌ بيمه‌,1229,23696824,43744820388,1846,1836,1848,2,0.11,1846,0,0,1820,1890,1400-5-20,2021-08-11
278,كفپارس,فرآورده‌هاي‌ نسوز پارس‌,1229,14833055,48527207789,3324,3330,3289,-35,-1.05,3272,-52,-1.56,3203,3376,1400-5-20,2021-08-11
279,فلامي,لاميران‌,1225,1720594,41092715230,23250,23640,24410,1160,4.99,23880,630,2.71,22950,24410,1400-5-20,2021-08-11
280,زمگسا,كشاورزي‌ ودامپروي‌ مگسال‌,1223,2302262,62192065060,27690,27690,26860,-830,-3,27010,-680,-2.46,26340,27690,1400-5-20,2021-08-11
281,شكلر,نيروكلر,1217,2402873,107753820820,43390,45550,45050,1660,3.83,44840,1450,3.34,43300,45550,1400-5-20,2021-08-11
282,وسينا,بانك سينا,1215,45025222,132288481910,2899,2840,2995,96,3.31,2938,39,1.35,2840,3014,1400-5-20,2021-08-11
283,آ س پ,آ.س.پ,1215,5215902,45474719835,8708,8610,8860,152,1.75,8718,10,0.11,8502,8890,1400-5-20,2021-08-11
284,بزاگرس,نيروگاه زاگرس كوثر,1208,11129643,56102837694,4969,5060,5006,37,0.74,5041,72,1.45,4941,5167,1400-5-20,2021-08-11
285,فولاي,صنايع فولاد آلياژي يزد,1204,2964428,61668584119,20591,21200,20810,219,1.06,20803,212,1.03,20400,21200,1400-5-20,2021-08-11
286,افق,فروشگاههاي زنجيره اي افق كوروش,1203,1955008,119142695020,60700,60530,61000,300,0.49,60940,240,0.4,60080,61920,1400-5-20,2021-08-11
287,بنو,بيمه تجارت نو,1203,6371750,94533703657,14192,14250,14901,709,5,14836,644,4.54,14200,14901,1400-5-20,2021-08-11
288,وسكاب,س.ص.بازنشستگي كاركنان بانكها,1202,19324281,57843907192,2962,2990,3019,57,1.92,2993,31,1.05,2951,3045,1400-5-20,2021-08-11
289,مرقام,ايران‌ارقام‌,1199,3490971,53241928460,15180,15340,15100,-80,-0.53,15250,70,0.46,15010,15550,1400-5-20,2021-08-11
290,تاپكيش,تجارت الكترونيك پارسيان كيش,1195,4327007,53752014451,12273,12310,12350,77,0.63,12422,149,1.21,12300,12630,1400-5-20,2021-08-11
291,اطلس,صندوق س.توسعه اندوخته آينده-س,1194,737938,192526645596,254751,258890,261801,7050,2.77,260898,6147,2.41,258883,263000,1400-5-20,2021-08-11
292,زقيام,كشت و دام قيام اصفهان,1192,2732763,57704631205,20912,21760,20700,-212,-1.01,21116,204,0.98,20460,21760,1400-5-20,2021-08-11
293,پخش,پخش البرز,1190,2252837,51575286560,23498,22910,22480,-1018,-4.33,22893,-605,-2.57,22324,24450,1400-5-20,2021-08-11
294,مفاخر,توسعه فناوري اطلاعات خوارزمي,1187,1210878,57407558993,48431,48430,46679,-1752,-3.62,47410,-1021,-2.11,46010,48780,1400-5-20,2021-08-11
295,رانفور,خدمات‌انفورماتيك‌,1184,8693119,51844708950,6030,6010,5960,-70,-1.16,5980,-50,-0.83,5900,6110,1400-5-20,2021-08-11
296,غمينو,شركت صنايع غذايي مينو شرق,1180,5114434,41217773062,8141,8216,8020,-121,-1.49,8059,-82,-1.01,7901,8330,1400-5-20,2021-08-11
297,ومعلم,بيمه معلم,1179,8728816,33083335644,3855,3820,3800,-55,-1.43,3790,-65,-1.69,3747,3936,1400-5-20,2021-08-11
298,ثفارس,عمران‌وتوسعه‌فارس‌,1178,21625264,175558730430,7740,8120,8120,380,4.91,8120,380,4.91,7850,8120,1400-5-20,2021-08-11
299,مبين,مبين انرژي خليج فارس,1165,11939349,245850966480,20520,20700,20510,-10,-0.05,20590,70,0.34,19500,21100,1400-5-20,2021-08-11
300,كاريس,صندوق س.سپهر كاريزما-س,1163,6982614,104539986018,14612,14680,15041,429,2.94,14971,359,2.46,14680,15200,1400-5-20,2021-08-11
301,كاذر,فرآورده‌هاي‌نسوزآذر,1162,4386671,72549773120,16200,16450,16420,220,1.36,16540,340,2.1,16200,16850,1400-5-20,2021-08-11
302,كروي,توسعه‌ معادن‌ روي‌ ايران‌,1147,2884315,82652031990,28300,28970,29000,700,2.47,28660,360,1.27,28010,29230,1400-5-20,2021-08-11
303,ددام,داروسازي زاگرس فارمد پارس,1143,3879906,46999547170,12470,12590,12000,-470,-3.77,12110,-360,-2.89,11900,12590,1400-5-20,2021-08-11
304,گكوثر,هتل پارسيان كوثر اصفهان,1137,23019002,53708707523,2327,2380,2312,-15,-0.64,2333,6,0.26,2305,2385,1400-5-20,2021-08-11
305,اپرداز,آتيه داده پرداز,1136,2136048,41262939620,19426,19473,19820,394,2.03,19317,-109,-0.56,18455,19900,1400-5-20,2021-08-11
306,تايرا,تراكتورسازي‌ايران‌,1131,2043059,48086832670,23500,23920,23610,110,0.47,23540,40,0.17,23040,23930,1400-5-20,2021-08-11
307,شجم,صنايع پتروشيمي تخت جمشيد,1122,8160474,108921514709,12865,13000,13479,614,4.77,13347,482,3.75,13000,13490,1400-5-20,2021-08-11
308,جهرمح,ح.پتروشيمي جهرم,1114,1779723815,196162487700,236,160,110,-126,-53.39,110,-126,-53.39,110,160,1400-5-20,2021-08-11
309,ورازي,بيمه رازي,1113,29018512,42502844230,1489,1500,1427,-62,-4.16,1465,-24,-1.61,1415,1525,1400-5-20,2021-08-11
310,ضخود7075,اختيارخ خودرو-2000-1400/07/07,1111,49127,12582951000,261,258,260,-1,-0.38,256,-5,-1.92,245,265,1400-5-20,2021-08-11
311,تپمپي,پمپ‌ سازي‌ ايران‌,1101,3365606,53239641700,15770,15900,15840,70,0.44,15820,50,0.32,15200,16430,1400-5-20,2021-08-11
312,كهمدا,شيشه‌ همدان‌,1099,7013945,71807837250,10220,10070,10290,70,0.68,10240,20,0.2,10070,10500,1400-5-20,2021-08-11
313,سپاها,سيمان‌سپاهان‌,1099,9827291,92113370520,9410,9400,9440,30,0.32,9370,-40,-0.43,9190,9610,1400-5-20,2021-08-11
314,ورنا,سرمايه‌گذاري‌ رنا(هلدينگ‌,1089,11866185,56129927191,4739,4819,4730,-9,-0.19,4730,-9,-0.19,4690,4819,1400-5-20,2021-08-11
315,شبصير,توليدات پتروشيمي قائد بصير,1087,1076088,105706475504,95993,99600,97700,1707,1.78,98232,2239,2.33,96020,99990,1400-5-20,2021-08-11
316,سامان,بانك سامان,1061,16197517,144577437946,8892,9119,8889,-3,-0.03,8926,34,0.38,8700,9119,1400-5-20,2021-08-11
317,قشير,قند شيروان قوچان و بجنورد,1053,2276213,41968671378,18922,18710,18180,-742,-3.92,18438,-484,-2.56,18170,19300,1400-5-20,2021-08-11
318,ونفت,سرمايه‌گذاري‌ صنعت‌ نفت‌,1045,4276408,69275059530,15810,16120,16420,610,3.86,16200,390,2.47,16000,16430,1400-5-20,2021-08-11
319,تكمبا,كمباين‌ سازي‌ ايران‌,1043,6922093,46916577340,6870,6730,6710,-160,-2.33,6780,-90,-1.31,6620,7100,1400-5-20,2021-08-11
320,چافست,افست‌,1042,2650398,38653927560,14120,14570,14510,390,2.76,14580,460,3.26,14260,14750,1400-5-20,2021-08-11
321,خبازرس,بازرسي مهندسي و صنعتي ايران,1040,2353479,60108743032,25644,26398,25000,-644,-2.51,25540,-104,-0.41,24875,26399,1400-5-20,2021-08-11
322,ارزش,صندوق س ارزش آفرين بيدار-سهام,1040,8638757,93300016210,10510,10620,10920,410,3.9,10800,290,2.76,10610,10950,1400-5-20,2021-08-11
323,خكمك,كمك‌فنرايندامين‌,1037,2728805,48915903480,18430,18590,17820,-610,-3.31,17930,-500,-2.71,17510,18590,1400-5-20,2021-08-11
324,كاردان,صندوق س تجارت شاخصي كاردان,1033,568463,120745818300,205120,207950,213270,8150,3.97,212410,7290,3.55,207050,213700,1400-5-20,2021-08-11
325,مداران,داده‌پردازي‌ايران‌,1027,2181418,44997521060,21200,21640,21100,-100,-0.47,20630,-570,-2.69,20200,21640,1400-5-20,2021-08-11
326,فپنتا,سپنتا,1026,214887,107897383450,479010,500000,502960,23950,5,502110,23100,4.82,490000,502960,1400-5-20,2021-08-11
327,وثوق,سرمايه گذاري وثوق امين,1025,3706839,65728823258,18070,18100,17660,-410,-2.27,17732,-338,-1.87,17528,18420,1400-5-20,2021-08-11
328,حخزر,كشتيراني درياي خزر,1023,5022022,118030294287,24449,24600,23575,-874,-3.57,23503,-946,-3.87,23227,25000,1400-5-20,2021-08-11
329,وسصفا,شركت س استان اصفهان,1018,32114141,28214738397,904,860,872,-32,-3.54,895,-9,-1,860,919,1400-5-20,2021-08-11
330,ودي,بيمه  دي,1008,6769107,60150443366,8782,8782,8940,158,1.8,8886,104,1.18,8700,9040,1400-5-20,2021-08-11
331,تكشا,گسترش‌صنايع‌وخدمات‌كشاورزي‌,1005,1578334,43762880450,26960,27130,27940,980,3.64,27730,770,2.86,26760,28220,1400-5-20,2021-08-11
332,ثنور,سرمايه گذاري كوه نور,996,7274088,55516560028,7739,7834,7640,-99,-1.28,7632,-107,-1.38,7510,7940,1400-5-20,2021-08-11
333,وامين,س. امين توان آفرين ساز,994,14094931,175873069714,12681,12700,12730,49,0.39,12478,-203,-1.6,12428,12800,1400-5-20,2021-08-11
334,غشان,شيرپاستوريزه‌پگاه‌خراسان‌,994,7299185,50710808470,6930,6960,6900,-30,-0.43,6950,20,0.29,6680,7210,1400-5-20,2021-08-11
335,توريل,توكاريل,991,2714153,37737599321,13885,13886,13830,-55,-0.4,13904,19,0.14,13800,14290,1400-5-20,2021-08-11
336,فبيرا,بسته‌ بندي‌ ايران‌,990,11020258,23425144875,2161,2194,2129,-32,-1.48,2126,-35,-1.62,2097,2220,1400-5-20,2021-08-11
337,وتوكا,سرمايه‌گذاري‌توكافولاد(هلدينگ,986,11789554,137961777220,11190,11200,11740,550,4.92,11700,510,4.56,11200,11740,1400-5-20,2021-08-11
338,بشهاب,لامپ‌  پارس‌ شهاب‌,984,547885,55907300670,102310,106470,100610,-1700,-1.66,102040,-270,-0.26,98070,106470,1400-5-20,2021-08-11
339,خچرخش,چرخشگر,983,4615206,46397722970,10180,10330,10130,-50,-0.49,10050,-130,-1.28,9960,10330,1400-5-20,2021-08-11
340,غشصفا,شيرپاستوريزه‌پگاه‌اصفهان‌,970,2042638,61132073920,29930,29060,30650,720,2.41,29930,0,0,28700,31000,1400-5-20,2021-08-11
341,كسرا,سراميك‌هاي‌صنعتي‌اردكان‌,965,4300902,70428629710,15980,16140,16300,320,2,16380,400,2.5,15920,16690,1400-5-20,2021-08-11
342,شكربن,كربن‌ ايران‌,962,923348,92580311690,99470,99500,102800,3330,3.35,100270,800,0.8,97110,103000,1400-5-20,2021-08-11
343,اتكاي,بيمه اتكايي ايرانيان,960,5988019,58244911697,9812,9810,9840,28,0.29,9727,-85,-0.87,9542,9840,1400-5-20,2021-08-11
344,دتماد,توليدمواداوليه‌داروپخش‌,958,2190446,109063900290,49680,50630,49690,10,0.02,49790,110,0.22,47200,51340,1400-5-20,2021-08-11
345,سمازن,سيمان‌مازندران‌,957,4628238,72285434360,15410,15300,15610,200,1.3,15620,210,1.36,15300,15900,1400-5-20,2021-08-11
346,فروس,فروسيليس‌ ايران‌,953,8270278,48127170850,5760,5920,5820,60,1.04,5820,60,1.04,5760,5980,1400-5-20,2021-08-11
347,سخاش,سيمان‌خاش‌,950,283643,33216616450,118620,121030,115830,-2790,-2.35,117110,-1510,-1.27,115000,121030,1400-5-20,2021-08-11
348,ثتران,سرمايه گذاري مسكن تهران,949,8333206,27143895919,3348,3330,3230,-118,-3.52,3257,-91,-2.72,3185,3401,1400-5-20,2021-08-11
349,ساربيل,سيمان آرتا اردبيل,949,1178863,43806965240,36600,37360,36860,260,0.71,37160,560,1.53,36740,37950,1400-5-20,2021-08-11
350,قچار,فراوردههاي غذايي وقند چهارمحال,945,3189912,59211623442,18455,18811,18280,-175,-0.95,18562,107,0.58,17603,19340,1400-5-20,2021-08-11
351,شپاس,نفت پاسارگاد,929,10820196,204937561662,18083,18450,18987,904,5,18940,857,4.74,17650,18987,1400-5-20,2021-08-11
352,قصفها,قنداصفهان‌,927,484801,45542438500,93700,93060,95640,1940,2.07,93940,240,0.26,92260,95990,1400-5-20,2021-08-11
353,اعتلا,شركت سرمايه گذاري اعتلاء البرز,927,5082015,38960085140,7746,7910,7590,-156,-2.01,7666,-80,-1.03,7510,7910,1400-5-20,2021-08-11
354,درهآور,دارويي ره آورد تامين,927,2166532,64914671667,28609,30000,29789,1180,4.12,29962,1353,4.73,28790,30039,1400-5-20,2021-08-11
355,غشهد,شهد ايران ‌,924,5499385,26381490803,4938,4810,4745,-193,-3.91,4797,-141,-2.86,4710,4999,1400-5-20,2021-08-11
356,خموتور,موتورسازان‌تراكتورسازي‌ايران‌,921,3676014,36300928820,9940,9840,9760,-180,-1.81,9880,-60,-0.6,9670,10100,1400-5-20,2021-08-11
357,شيراز,پتروشيمي‌شيراز,914,2765128,193326818640,68530,71200,71470,2940,4.29,69920,1390,2.03,68320,71480,1400-5-20,2021-08-11
358,خاهن,آهنگري‌ تراكتورسازي‌ ايران‌,913,4764555,38184896040,8070,7940,8060,-10,-0.12,8010,-60,-0.74,7850,8190,1400-5-20,2021-08-11
359,كالا,بورس كالاي ايران,911,2628488,88159487520,31950,33540,33540,1590,4.98,33540,1590,4.98,33540,33540,1400-5-20,2021-08-11
360,سرچشمه,سرمايه گذاري مس سرچشمه,906,5971841,40656860171,6870,6810,6829,-41,-0.6,6808,-62,-0.9,6710,6945,1400-5-20,2021-08-11
361,بهپاك,صنعتي بهپاك,900,6587593,49063971896,7608,7450,7502,-106,-1.39,7448,-160,-2.1,7300,7666,1400-5-20,2021-08-11
362,بپاس,بيمه پاسارگاد,898,1450350,91136866006,62831,62831,63000,169,0.27,62836,5,0.01,62831,63000,1400-5-20,2021-08-11
363,غبهار,كشت وصنعت بهاران گلبهار خراسان,895,2034584,36891076549,18250,18490,18140,-110,-0.6,18132,-118,-0.65,17703,18500,1400-5-20,2021-08-11
364,ركيش,كارت اعتباري ايران كيش,891,4644115,34544076660,7500,7790,7390,-110,-1.47,7440,-60,-0.8,7130,7790,1400-5-20,2021-08-11
365,وبوعلي,سرمايه‌گذاري‌بوعلي‌,884,10929975,46094098782,4168,4220,4245,77,1.85,4217,49,1.18,4168,4275,1400-5-20,2021-08-11
366,دلر,داروسازي‌ اكسير,881,1636423,64998110330,40240,41100,40880,640,1.59,39720,-520,-1.29,38580,41200,1400-5-20,2021-08-11
367,وملل,اعتباري ملل,870,4608918,56882433618,12392,12500,12401,9,0.07,12342,-50,-0.4,12100,12550,1400-5-20,2021-08-11
368,غبشهر,صنعتي‌ بهشهر,866,2832479,76312822590,26320,26000,26960,640,2.43,26940,620,2.36,26000,27590,1400-5-20,2021-08-11
369,بموتو,موتوژن‌,865,1177637,80351059920,66650,68000,69900,3250,4.88,68230,1580,2.37,66670,69960,1400-5-20,2021-08-11
370,خفنر,فنرسازي‌خاور,863,5548239,47883798990,8250,8640,8660,410,4.97,8630,380,4.61,8260,8660,1400-5-20,2021-08-11
371,خريخت,صنايع‌ريخته‌گري‌ايران‌,850,9276618,28749787603,3141,3175,3140,-1,-0.03,3099,-42,-1.34,3040,3175,1400-5-20,2021-08-11
372,وشهر,بانك شهر,848,6849503,41137915504,6054,5950,5980,-74,-1.22,6006,-48,-0.79,5950,6150,1400-5-20,2021-08-11
373,پلاست,كارخانجات توليدي پلاستيران,848,704158,31408512824,45172,45940,45002,-170,-0.38,44604,-568,-1.26,43900,45940,1400-5-20,2021-08-11
374,ثمسكن,سرمايه‌گذاري‌ مسكن‌,846,6918595,33932424173,4929,4990,4872,-57,-1.16,4905,-24,-0.49,4760,5100,1400-5-20,2021-08-11
375,ريشمك,توليد و صادرات ريشمك,843,1090772,48911525291,44596,45000,44700,104,0.23,44841,245,0.55,43900,45600,1400-5-20,2021-08-11
376,جم,پتروشيمي جم,841,2305217,109111111830,45860,46780,47450,1590,3.47,47330,1470,3.21,45920,47990,1400-5-20,2021-08-11
377,غبهنوش,بهنوش‌ ايران‌,832,559100,35804121300,63800,66890,64100,300,0.47,64040,240,0.38,62590,66890,1400-5-20,2021-08-11
378,فخاس,فولاد خراسان,830,3127593,81850982830,25040,26100,26290,1250,4.99,25870,830,3.31,25320,26290,1400-5-20,2021-08-11
379,هجرت,پخش هجرت,830,2613696,78711422418,28998,28500,30447,1449,5,30115,1117,3.85,28200,30447,1400-5-20,2021-08-11
380,داوه,داروسازي آوه سينا,825,1685604,27690497401,16453,16390,16301,-152,-0.92,16428,-25,-0.15,16161,16790,1400-5-20,2021-08-11
381,داسوه,داروسازي‌ اسوه‌,824,977461,27726737320,28970,28690,27930,-1040,-3.59,28370,-600,-2.07,27700,29800,1400-5-20,2021-08-11
382,كگهر,سنگ آهن گهرزمين,822,3777729,187264223600,48682,49400,50296,1614,3.32,49571,889,1.83,48520,50310,1400-5-20,2021-08-11
383,وساشرقي,شركت س استان آذربايجان شرقي,822,26905905,21929246488,809,809,789,-20,-2.47,811,2,0.25,770,836,1400-5-20,2021-08-11
384,وخاور,بانك خاورميانه,818,8156057,51644855840,6430,6420,6330,-100,-1.56,6350,-80,-1.24,6210,6440,1400-5-20,2021-08-11
385,جوين,كشت و صنعت جوين,813,8605337,32720874678,3774,3731,3852,78,2.07,3802,28,0.74,3705,3859,1400-5-20,2021-08-11
386,سيلام,سيمان‌ ايلام‌,804,4020763,33429041050,8320,8390,8320,0,0,8310,-10,-0.12,8230,8450,1400-5-20,2021-08-11
387,ميدكوح,ح.توسعه م وص.معدني خاورميانه,800,1570699,64682270200,41180,41180,41180,0,0,41180,0,0,41000,41200,1400-5-20,2021-08-11
388,قشرين,قند شيرين خراسان,792,5320438,105958964272,20447,20440,19834,-613,-3,19915,-532,-2.6,19834,20446,1400-5-20,2021-08-11
389,خوساز,محورسازان‌ايران‌خودرو,788,5333147,41026870160,7580,7500,7810,230,3.03,7690,110,1.45,7440,7870,1400-5-20,2021-08-11
390,وجامي,سرمايه گذاري جامي,787,1915813,23823109503,12647,12321,12360,-287,-2.27,12435,-212,-1.68,12280,12775,1400-5-20,2021-08-11
391,رنيك,جنرال مكانيك,785,1264977,21402335570,16748,17070,16980,232,1.39,16919,171,1.02,16800,17070,1400-5-20,2021-08-11
392,رتكو,كنترل‌خوردگي‌تكين‌كو,771,2446524,27768244150,11730,11730,11280,-450,-3.84,11350,-380,-3.24,11160,11730,1400-5-20,2021-08-11
393,لابسا,آبسال‌,770,1792658,69701670560,37160,37800,39010,1850,4.98,38880,1720,4.63,36810,39010,1400-5-20,2021-08-11
394,ساراب,سيمان‌ داراب‌,762,2258220,42798825170,18950,18900,18780,-170,-0.9,18950,0,0,18500,19480,1400-5-20,2021-08-11
395,دفارا,داروسازي‌ فارابي‌,761,2756726,52559605600,18220,19130,19130,910,4.99,19070,850,4.67,18620,19130,1400-5-20,2021-08-11
396,دعبيد,لابراتوارداروسازي‌  دكترعبيدي‌,755,1542332,38839172390,25800,25210,25080,-720,-2.79,25270,-530,-2.05,24900,25650,1400-5-20,2021-08-11
397,فنورد,نوردوقطعات‌ فولادي‌,752,591929,118587409750,199640,198050,203000,3360,1.68,200340,700,0.35,198000,204000,1400-5-20,2021-08-11
398,وتوس,توسعه‌شهري‌توس‌گستر,750,2193708,25373056360,11780,11510,11500,-280,-2.38,11570,-210,-1.78,11420,11800,1400-5-20,2021-08-11
399,سخوز,سيمان خوزستان,738,2889105,75547876510,26300,26490,26030,-270,-1.03,26150,-150,-0.57,25900,26640,1400-5-20,2021-08-11
400,حپارسا,توسعه حمل و نقل ريلي پارسيان,734,1410645,55423487259,38246,40158,38590,344,0.9,39289,1043,2.73,37801,40158,1400-5-20,2021-08-11
401,دتوليدح,ح. داروسازي توليد دارو,734,3273604,31529647957,9618,9618,9632,14,0.15,9631,13,0.14,9310,9940,1400-5-20,2021-08-11
402,سرود,سيمان‌شاهرود,727,2320009,64145410010,26610,27100,27940,1330,5,27650,1040,3.91,25830,27940,1400-5-20,2021-08-11
403,دجابر,داروسازي‌ جابرابن‌حيان‌,722,3005175,38093180140,12630,12600,12660,30,0.24,12680,50,0.4,12470,12970,1400-5-20,2021-08-11
404,وتوسم,سرمايه‌گذاري‌توسعه‌ملي‌,721,5972533,50137823010,8270,8310,8420,150,1.81,8390,120,1.45,8290,8620,1400-5-20,2021-08-11
405,حبندر,دريايي و کشتيراني خط دريابندر,716,1437212,52194146849,35570,34960,36100,530,1.49,36316,746,2.1,34951,36637,1400-5-20,2021-08-11
406,دكوثر,داروسازي‌ كوثر,715,4045753,18372269866,4566,4600,4551,-15,-0.33,4541,-25,-0.55,4403,4660,1400-5-20,2021-08-11
407,تشتاد,صنايع توليدي اشتاد ايران‌,714,3606706,29340844841,8141,8060,8180,39,0.48,8135,-6,-0.07,7897,8288,1400-5-20,2021-08-11
408,سكه0012پ01,تمام سكه طرح جديد0012رفاه,712,273500,321185856100,1144161,1159999,1193000,48839,4.27,1174354,30193,2.64,1159999,1194000,1400-5-20,2021-08-11
409,شپاكسا,پاكسان‌,711,2121123,43948626570,20350,20900,20760,410,2.01,20720,370,1.82,20410,21120,1400-5-20,2021-08-11
410,واحيا,م .صنايع و معادن احياء سپاهان,710,806810,166637810824,204131,204131,205216,1085,0.53,206539,2408,1.18,202014,209900,1400-5-20,2021-08-11
411,وآرين,شركت توسعه اقتصادي آرين,710,6869546,19554308811,2827,2784,2877,50,1.77,2847,20,0.71,2784,2895,1400-5-20,2021-08-11
412,فيروزه,صندوق شاخص30 شركت فيروزه- سهام,709,296694,51535226140,172340,173400,173980,1640,0.95,173700,1360,0.79,172640,175750,1400-5-20,2021-08-11
413,ثامان,سامان‌ گستراصفهان‌,705,2099178,28202838180,13360,13680,13490,130,0.97,13440,80,0.6,13200,13680,1400-5-20,2021-08-11
414,غمارگ,مارگارين‌,699,3397287,95890665800,27050,27250,28350,1300,4.81,28230,1180,4.36,26700,28400,1400-5-20,2021-08-11
415,شاملا,معدني‌ املاح‌  ايران‌,692,1599194,65976308820,39480,41450,41450,1970,4.99,41260,1780,4.51,39780,41450,1400-5-20,2021-08-11
416,سكرد,سيمان كردستان,689,2850449,18715556600,6480,6690,6530,50,0.77,6570,90,1.39,6500,6690,1400-5-20,2021-08-11
417,پكرمان,گروه‌ صنعتي‌ بارز,685,866745,23725999370,27290,27890,26700,-590,-2.16,27360,70,0.26,26640,28400,1400-5-20,2021-08-11
418,كاسپين,داروسازي كاسپين تامين,680,1510178,31233475000,20317,20426,21206,889,4.38,20682,365,1.8,20111,21250,1400-5-20,2021-08-11
419,دامين,داروسازي‌ امين‌,678,5833774,21309923610,3632,3670,3665,33,0.91,3653,21,0.58,3601,3695,1400-5-20,2021-08-11
420,وسپه,سرمايه‌گذاري‌ سپه‌,677,5571910,51200843230,9010,9020,9160,150,1.66,9190,180,2,9000,9270,1400-5-20,2021-08-11
421,پرديس,سرمايه گذاري پرديس,672,5799994,32923570140,5570,5610,5700,130,2.33,5680,110,1.97,5580,5790,1400-5-20,2021-08-11
422,لخزر,پارس‌ خزر,672,419932,55419012010,126150,127350,132450,6300,4.99,131970,5820,4.61,127350,132450,1400-5-20,2021-08-11
423,وسين,بيمه سينا,671,9220470,33597588368,3557,3660,3663,106,2.98,3644,87,2.45,3566,3663,1400-5-20,2021-08-11
424,كدما,معدني‌ دماوند,671,217567,52596822250,254470,241750,241750,-12720,-5,241750,-12720,-5,241750,241750,1400-5-20,2021-08-11
425,فن آوا,گروه فن آوا,667,4816682,95465438516,20425,20000,19813,-612,-3,19820,-605,-2.96,19813,20002,1400-5-20,2021-08-11
426,واتي,سرمايه‌ گذاري‌ آتيه‌ دماوند,657,3457953,40311004700,11520,11700,11600,80,0.69,11660,140,1.22,11450,11900,1400-5-20,2021-08-11
427,پلاسك,پلاسكوكار,656,3496127,23058899990,6600,6520,6510,-90,-1.36,6600,0,0,6490,6760,1400-5-20,2021-08-11
428,آكورد,صندوق س. آرمان آتي كوثر-د,654,15731467,527393390266,33508,33524,33525,17,0.05,33525,17,0.05,33524,33531,1400-5-20,2021-08-11
429,دابور,داروسازي‌ ابوريحان‌,652,1664401,44644984290,27200,26920,26900,-300,-1.1,26820,-380,-1.4,26050,27340,1400-5-20,2021-08-11
430,ويسا,سرمايه گذاري ايساتيس پويا,644,687677,11222200963,15844,16319,16319,475,3,16319,475,3,16319,16319,1400-5-20,2021-08-11
431,فردا,صندوق س آواي فرداي زاگرس-ثابت,643,27478920,308043366767,11204,11212,11210,6,0.05,11210,6,0.05,11210,11212,1400-5-20,2021-08-11
432,زفكا,كشت و دامداري فكا,638,1443241,16610222705,11391,11889,11400,9,0.08,11509,118,1.04,11300,11889,1400-5-20,2021-08-11
433,تنوين,تامين سرمايه نوين,637,5960494,41514174850,6790,6900,6870,80,1.18,6960,170,2.5,6790,7080,1400-5-20,2021-08-11
434,لبوتان,گروه‌صنعتي‌بوتان‌,636,594389,32375005360,52240,54800,54850,2610,5,54470,2230,4.27,53130,54850,1400-5-20,2021-08-11
435,كارين,صندوق س نگين سامان-ثابت,636,26463259,267597019366,10109,10112,10115,6,0.06,10112,3,0.03,10111,10115,1400-5-20,2021-08-11
436,سغرب,سيمان‌غرب‌,634,1479464,36350928900,24230,24900,24230,0,0,24570,340,1.4,23910,25200,1400-5-20,2021-08-11
437,فسا,پتروشيمي فسا,632,7346638,10545644232,1442,1463,1410,-32,-2.22,1435,-7,-0.49,1406,1465,1400-5-20,2021-08-11
438,واحصا,احياء صنايع خراسان,622,1058615,41603643529,38703,37620,39864,1161,3,39300,597,1.54,37620,39864,1400-5-20,2021-08-11
439,شزنگ,تجهيزنيروي‌زنگان‌,621,378738,46489743297,119240,122817,122817,3577,3,122749,3509,2.94,121070,122817,1400-5-20,2021-08-11
440,وگردش,بانك گردشگري,621,1982474,27140505090,13787,13442,13625,-162,-1.18,13755,-32,-0.23,13442,13800,1400-5-20,2021-08-11
441,پسهند,صنايع‌ لاستيكي‌  سهند,620,704449,22630803140,32100,33400,31780,-320,-1,32130,30,0.09,30800,33470,1400-5-20,2021-08-11
442,بفجر,فجر انرژي خليج فارس,617,1481185,39007088280,26170,25660,26050,-120,-0.46,26260,90,0.34,25500,26710,1400-5-20,2021-08-11
443,فسازان,غلتك سازان سپاهان,612,1351690,42993560440,31750,32070,31380,-370,-1.17,31810,60,0.19,31200,32590,1400-5-20,2021-08-11
444,بسويچ,پارس‌سويچ‌,611,685361,18272089640,26220,26950,26440,220,0.84,26600,380,1.45,26300,27300,1400-5-20,2021-08-11
445,افران,صندوق س افرا نماد پايدار-ثابت,610,11070830,154842589253,13979,13987,13988,9,0.06,13987,8,0.06,13986,13988,1400-5-20,2021-08-11
446,دسبحا,گروه دارويي سبحان,604,2802031,46823424500,16100,16250,16560,460,2.86,16710,610,3.79,16250,16900,1400-5-20,2021-08-11
447,عيار,صندوق سكه طلاي مفيد,602,1190087,35696241512,29175,29890,30300,1125,3.86,29995,820,2.81,29350,30300,1400-5-20,2021-08-11
448,ولملت,واسپاري ملت,600,6093311,30904361330,4960,4920,5200,240,4.84,5070,110,2.22,4900,5200,1400-5-20,2021-08-11
449,كخاك,صنايع‌خاك‌چيني‌ايران‌,599,1632052,63994969790,37920,39770,38610,690,1.82,39210,1290,3.4,38450,39790,1400-5-20,2021-08-11
450,دابورح,ح . داروسازي‌ ابوريحان‌,592,1033341,24385242000,39060,23050,23990,-15070,-38.58,23600,-15460,-39.58,23020,24990,1400-5-20,2021-08-11
451,پرداخت,به پرداخت ملت,587,890910,16691927080,19000,19150,18650,-350,-1.84,18800,-200,-1.05,18410,19160,1400-5-20,2021-08-11
452,فاما,صنعتي‌ آما,585,4240997,76081434040,17120,17880,17970,850,4.96,17940,820,4.79,17500,17970,1400-5-20,2021-08-11
453,والبرح,ح . سرمايه گذاري‌البرز(هلدينگ‌,585,2144112,17611209103,8375,8011,8290,-85,-1.01,8214,-161,-1.92,8011,8449,1400-5-20,2021-08-11
454,ثپرديس,سرمايه گذاري مسكن پرديس,584,3391017,18319919719,5426,5400,5383,-43,-0.79,5402,-24,-0.44,5300,5537,1400-5-20,2021-08-11
455,كفرا,فراورده‌ هاي‌ نسوزايران‌,578,1451326,35147498310,23150,24300,24300,1150,4.97,24220,1070,4.62,23540,24300,1400-5-20,2021-08-11
456,واعتبار,سرمايه گذاري اعتبار ايران,573,2857544,26242184810,9410,9480,9200,-210,-2.23,9180,-230,-2.44,9040,9480,1400-5-20,2021-08-11
457,وبهمن,سرمايه‌گذاري‌بهمن‌,571,1595946,27022491780,16900,17690,17100,200,1.18,16930,30,0.18,16110,17690,1400-5-20,2021-08-11
458,دكپسول,توليد ژلاتين كپسول ايران,569,1019949,32943738883,31792,31801,32310,518,1.63,32299,507,1.59,31800,33000,1400-5-20,2021-08-11
459,غپآذر,شير پگاه آذربايجان شرقي,569,467872,23119836400,49042,48540,48840,-202,-0.41,49415,373,0.76,48011,50979,1400-5-20,2021-08-11
460,لسرما,سرما آفرين‌,565,1172553,23813963840,20470,20500,20200,-270,-1.32,20310,-160,-0.78,19870,20980,1400-5-20,2021-08-11
461,شدوص,دوده‌ صنعتي‌ پارس‌,562,1132716,25575755230,22440,22950,22520,80,0.36,22580,140,0.62,22010,22990,1400-5-20,2021-08-11
462,سيدكو,سرمايه گذاري توسعه صنايع سيمان,558,4398326,33901817150,7720,7900,7690,-30,-0.39,7710,-10,-0.13,7510,7900,1400-5-20,2021-08-11
463,بساما,بيمه سامان,552,976393,25705038590,25720,25760,25900,180,0.7,26327,607,2.36,25760,26900,1400-5-20,2021-08-11
464,وبشهر,توسعه‌ صنايع‌ بهشهر(هلدينگ,549,3459634,45293774460,13100,13450,13160,60,0.46,13090,-10,-0.08,12900,13450,1400-5-20,2021-08-11
465,شرانل,نفت ايرانول,548,777408,39592727815,50177,50220,51170,993,1.98,50908,731,1.46,50220,51340,1400-5-20,2021-08-11
466,وسبحان,سرمايه گذاري سبحان,547,9219907,27642990480,2928,2999,2999,71,2.42,2998,70,2.39,2930,3020,1400-5-20,2021-08-11
467,شپترو,پتروشيمي آبادان,546,16249044,77738552734,4646,4779,4785,139,2.99,4784,138,2.97,4721,4785,1400-5-20,2021-08-11
468,آپ,آسان پرداخت پرشين,544,8117320,123464437200,14490,15210,15210,720,4.97,15210,720,4.97,15210,15210,1400-5-20,2021-08-11
469,سشمال,سيمان‌ شمال‌,541,1708108,18548837740,10960,10450,10730,-230,-2.1,10860,-100,-0.91,10450,11200,1400-5-20,2021-08-11
470,كطبس,ذغال‌سنگ‌ نگين‌ ط‌بس‌,537,808338,44603187050,55120,55000,55000,-120,-0.22,55180,60,0.11,54050,56700,1400-5-20,2021-08-11
471,افرا,افرانت,536,1017233,26310984984,26205,25706,25410,-795,-3.03,25865,-340,-1.3,25400,26427,1400-5-20,2021-08-11
472,زگلدشت,كشت و دام گلدشت نمونه اصفهان,533,2453128,29952387583,11697,11697,12281,584,4.99,12210,513,4.39,11360,12281,1400-5-20,2021-08-11
473,كپرور,فرآوري زغال سنگ پروده طبس,533,1027398,37695965141,36212,36500,36350,138,0.38,36691,479,1.32,35500,38022,1400-5-20,2021-08-11
474,اوان,مبين وان كيش,532,668788,22405032185,34474,34290,33404,-1070,-3.1,33501,-973,-2.82,33200,34290,1400-5-20,2021-08-11
475,وكادو,تكادو,528,1469725,27245590366,18714,19180,18280,-434,-2.32,18538,-176,-0.94,18202,19180,1400-5-20,2021-08-11
476,شكبير,پتروشيمي اميركبير,527,1600251,156901489537,95452,98293,98315,2863,3,98048,2596,2.72,95500,98315,1400-5-20,2021-08-11
477,كفرآور,فرآورده هاي سيمان شرق,526,2330985,45592353022,19819,19381,19370,-449,-2.27,19559,-260,-1.31,19300,20099,1400-5-20,2021-08-11
478,سهگمت,سيمان‌هگمتان‌,525,980243,27010644090,26930,26930,27800,870,3.23,27560,630,2.34,26930,28040,1400-5-20,2021-08-11
479,وايرا,سرمايه گذاري صنايع ايران,524,3217248,23658834950,7202,7299,7418,216,3,7354,152,2.11,7040,7418,1400-5-20,2021-08-11
480,تسه0002,امتيازتسهيلاتمسكن ارديبهشت1400,523,19234,11756338181,606167,600001,610000,3833,0.63,611227,5060,0.83,600001,629980,1400-5-20,2021-08-11
481,ثجوان,تامين مسكن جوانان,519,1720897,15868192925,8971,9240,9205,234,2.61,9221,250,2.79,8761,9240,1400-5-20,2021-08-11
482,هرمز,فولاد هرمزگان جنوب,517,13792762,238628575362,16478,17301,17301,823,4.99,17301,823,4.99,17301,17301,1400-5-20,2021-08-11
483,دپارس,پارس‌ دارو,507,654554,24174017810,37750,37000,37000,-750,-1.99,36930,-820,-2.17,36210,38900,1400-5-20,2021-08-11
484,غشاذر,پگاه‌آذربايجان‌غربي‌,505,2509610,18465887480,7270,7480,7310,40,0.55,7360,90,1.24,7200,7480,1400-5-20,2021-08-11
485,گشان,توسعه بين المللي پديده شانديز,504,2794898,63388099981,24056,22470,22919,-1137,-4.73,22680,-1376,-5.72,22470,22919,1400-5-20,2021-08-11
486,دسبحان,سبحان دارو,502,678521,12462387030,18540,19000,18240,-300,-1.62,18390,-150,-0.81,18050,19000,1400-5-20,2021-08-11
487,تسه0003,امتيازتسهيلات مسكن خرداد1400,501,8350,5119172025,606547,610000,605000,-1547,-0.26,613074,6527,1.08,576220,629890,1400-5-20,2021-08-11
488,معيار ,سرمايه گذاري معيار صنعت پارس,501,453205,19146028036,41789,42700,41900,111,0.27,42246,457,1.09,41788,42990,1400-5-20,2021-08-11
489,خپويش,سازه‌ پويش‌,496,357692,18169385420,51100,49970,51380,280,0.55,50800,-300,-0.59,49500,52070,1400-5-20,2021-08-11
490,آوا,صندوق س.سهام آواي معيار-س,493,2678146,20632230253,7493,7510,7777,284,3.79,7704,211,2.82,7510,7777,1400-5-20,2021-08-11
491,وسرمد,بيمه  سرمد,492,2745686,13559055547,4969,5099,4913,-56,-1.13,4938,-31,-0.62,4851,5117,1400-5-20,2021-08-11
492,دالبر,البرزدارو,492,1671323,21912010310,13340,13350,12930,-410,-3.07,13110,-230,-1.72,12920,13460,1400-5-20,2021-08-11
493,تسه0001,امتيازتسهيلات مسكن فروردين1400,490,20911,12779259548,606571,600090,613000,6429,1.06,611126,4555,0.75,600020,630000,1400-5-20,2021-08-11
494,فافزا,فولاد افزا سپاهان,488,411978,18560381095,45077,43800,45740,663,1.47,45052,-25,-0.06,43800,46427,1400-5-20,2021-08-11
495,دارو,كارخانجات‌داروپخش‌,483,1426952,37604302580,25410,26200,26660,1250,4.92,26350,940,3.7,25910,26680,1400-5-20,2021-08-11
496,كگاز,شيشه‌ و گاز,481,788762,14149108070,17980,18050,17680,-300,-1.67,17940,-40,-0.22,17680,18280,1400-5-20,2021-08-11
497,بنيرو,نيروترانس‌,481,14107542,33374582546,2264,2245,2377,113,4.99,2366,102,4.51,2245,2377,1400-5-20,2021-08-11
498,گوهر,صندوق سكه طلاي كيان,479,2701315,160440930683,57649,58005,59439,1790,3.1,59394,1745,3.03,57844,59820,1400-5-20,2021-08-11
499,ولبهمن,شركت بهمن ليزينگ,479,2081626,15834611482,7524,7770,7490,-34,-0.45,7604,80,1.06,7490,7790,1400-5-20,2021-08-11
500,زپارس,ملي كشت و صنعت و دامپروري پارس,475,366197,45349389140,125700,126000,119420,-6280,-5,123840,-1860,-1.48,119420,126000,1400-5-20,2021-08-11
501,سهرمز,سيمان‌هرمزگان‌,474,1094058,19805611180,17610,18400,17940,330,1.87,18100,490,2.78,17910,18440,1400-5-20,2021-08-11
502,شگل,گلتاش‌,470,3821743,30522982380,7640,7570,8020,380,4.97,7990,350,4.58,7570,8020,1400-5-20,2021-08-11
503,سفانو,سيمان فارس نو,464,1042126,31497930130,29740,30480,30780,1040,3.5,30220,480,1.61,29180,30850,1400-5-20,2021-08-11
504,شنفت,نفت‌ پارس‌,463,614939,36696063020,59360,60000,59670,310,0.52,59550,190,0.32,59360,60550,1400-5-20,2021-08-11
505,ركيشح,ح. كارت اعتباري ايران كيش,462,2330380,11535547350,5070,5010,4840,-230,-4.54,4950,-120,-2.37,4800,5110,1400-5-20,2021-08-11
506,ومشان,س. فني و مهندسي مشانير,461,233276,17011921254,74818,73910,72574,-2244,-3,72926,-1892,-2.53,72574,76370,1400-5-20,2021-08-11
507,شفارا,پتروشيمي فارابي,459,3880052,20589781957,5250,5340,5250,0,0,5307,57,1.09,5200,5400,1400-5-20,2021-08-11
508,قمرو,قند مرودشت‌,456,1796488,45118637080,24020,25210,25220,1200,5,25110,1090,4.54,24160,25220,1400-5-20,2021-08-11
509,خراسان,پتروشيمي خراسان,453,676550,56996741600,83400,84000,85190,1790,2.15,84200,800,0.96,83410,85210,1400-5-20,2021-08-11
510,مارون,پتروشيمي مارون,451,321244,57482251859,173666,178000,179800,6134,3.53,176537,2871,1.65,176000,179900,1400-5-20,2021-08-11
511,غشوكو,شوكو پارس,450,678043,22780383270,32803,33247,33000,197,0.6,33597,794,2.42,32703,33787,1400-5-20,2021-08-11
512,سپ,پرداخت الكترونيك سامان كيش,447,824103,21880125730,27000,26940,26850,-150,-0.56,26810,-190,-0.7,25980,26940,1400-5-20,2021-08-11
513,ولتجار,واسپاري تجارت وسرمايه ايرانيان,440,15898232,58573152541,3521,3697,3697,176,5,3684,163,4.63,3570,3697,1400-5-20,2021-08-11
514,وثنو,سرمايه گذاري ساختماني نوين,439,12715099,57700591519,4407,4500,4539,132,3,4538,131,2.97,4450,4539,1400-5-20,2021-08-11
515,وفتخار,سرمايه گذاري افتخار سهام,433,828000,4882716000,5726,5897,5897,171,2.99,5805,79,1.38,5897,5897,1400-5-20,2021-08-11
516,قزوين,كارخانجات‌ قند قزوين‌,433,806955,23867740110,28400,28880,29820,1420,5,29580,1180,4.15,28300,29820,1400-5-20,2021-08-11
517,ياقوت,صندوق س ياقوت آگاه-ثابت,431,3557154,45698573896,12837,12860,12848,11,0.09,12847,10,0.08,12842,12860,1400-5-20,2021-08-11
518,كشرق,صنعتي و معدني شمال شرق شاهرود,426,374210,23609425336,63052,62741,62240,-812,-1.29,63091,39,0.06,62050,64399,1400-5-20,2021-08-11
519,ساينا,صنايع بهداشتي ساينا,424,147611,14066734755,91927,95000,95590,3663,3.98,95112,3185,3.46,92015,96500,1400-5-20,2021-08-11
520,دسانكوح,ح . داروسازي سبحان انكولوژي,422,703658,6074421867,8632,8899,8640,8,0.09,8633,1,0.01,8370,8899,1400-5-20,2021-08-11
521,كقزوي,شيشه‌ قزوين‌,420,2080670,16994615405,7942,8180,8180,238,3,8168,226,2.85,7960,8180,1400-5-20,2021-08-11
522,وحكمت,بيمه حكمت صبا,417,3282671,13989921340,4189,4314,4299,110,2.63,4262,73,1.74,4130,4314,1400-5-20,2021-08-11
523,ضخود7077,اختيارخ خودرو-3000-1400/07/07,408,21917,578460000,31,32,27,-4,-12.9,26,-5,-16.13,21,32,1400-5-20,2021-08-11
524,وارس,سرمايه گذاري ارس صبا,399,1443356,19342019915,13671,13760,13470,-201,-1.47,13401,-270,-1.97,13301,14080,1400-5-20,2021-08-11
525,درازك,دارويي‌ رازك‌,394,900667,34903953910,38030,38500,39770,1740,4.58,38750,720,1.89,38110,39770,1400-5-20,2021-08-11
526,سباقر,سيمان باقران,393,1549399,22779731340,14981,15367,14870,-111,-0.74,14702,-279,-1.86,14532,15367,1400-5-20,2021-08-11
527,سكرما,سيمان‌ كرمان‌,393,1249614,21317200610,16840,17190,17010,170,1.01,17060,220,1.31,16890,17220,1400-5-20,2021-08-11
528,لپارس,پارس‌ الكتريك‌,392,457090,37440241900,78010,81910,81910,3900,5,81910,3900,5,81910,81910,1400-5-20,2021-08-11
529,بميلا,توسعه بازرگاني آهن وفولادميلاد,391,1243942,17181946185,13847,14000,13742,-105,-0.76,13812,-35,-0.25,13650,14130,1400-5-20,2021-08-11
530,ضخود7076,اختيارخ خودرو-2500-1400/07/07,389,23214,2109953000,92,95,92,0,0,91,-1,-1.09,87,100,1400-5-20,2021-08-11
531,كي بي سي,شركت كي بي سي,388,1161988,30374994691,25886,26770,26010,124,0.48,26141,255,0.99,25550,26770,1400-5-20,2021-08-11
532,زرين,صندوق س. سهام زرين كوروش-س,386,1750059,22854409142,12437,12699,13148,711,5.72,13059,622,5,12452,13148,1400-5-20,2021-08-11
533,بخاور,بيمه زندگي خاورميانه,384,2218546,12105643576,5446,5400,5470,24,0.44,5455,9,0.17,5392,5552,1400-5-20,2021-08-11
534,ثرود,سرمايه‌گذاري مسكن زاينده رود,380,1732789,25206881583,15312,14547,14547,-765,-5,14547,-765,-5,14547,14547,1400-5-20,2021-08-11
535,تصميم,صندوق س با درآمد ثابت تصميم,380,1910894,32697673118,17106,17130,17124,18,0.11,17111,5,0.03,17101,17130,1400-5-20,2021-08-11
536,گوهران,سرمايه گذاري توسعه گوهران اميد,379,2245144,11887886611,5244,5349,5330,86,1.64,5282,38,0.72,5121,5430,1400-5-20,2021-08-11
537,سقاين,سيمان‌ قائن‌,378,262288,17014751950,64310,65000,64580,270,0.42,64870,560,0.87,64320,65480,1400-5-20,2021-08-11
538,تكنو,تكنوتار,378,1051990,14866369940,14230,14000,13920,-310,-2.18,14130,-100,-0.7,13890,14550,1400-5-20,2021-08-11
539,زر,صندوق س.پشتوانه سكه طلاي زر,374,357002,18641430393,50634,51480,52400,1766,3.49,52217,1583,3.13,51389,52800,1400-5-20,2021-08-11
540,خصدرا,صنعتي‌ دريايي‌ ايران‌,366,9480922,28566017986,2926,3013,3013,87,2.97,3005,79,2.7,3013,3013,1400-5-20,2021-08-11
541,فراز,صندوق س.سهام فراز داريك-س,364,2613926,34430859679,12874,13000,13310,436,3.39,13172,298,2.31,13000,13400,1400-5-20,2021-08-11
542,ارمغان,ص سرمايه گذاري ارمغان ايرانيان,364,11525946,115465888694,10014,10018,10015,1,0.01,10018,4,0.04,10015,10022,1400-5-20,2021-08-11
543,دفرا,فرآورده‌هاي‌ تزريقي‌ ايران‌,363,569648,17231262190,29290,30100,30700,1410,4.81,30250,960,3.28,29160,30720,1400-5-20,2021-08-11
544,سپيدما,صندوق س. سپيد دماوند-د,360,16330197,177055994201,10832,10845,10841,9,0.08,10842,10,0.09,10841,10847,1400-5-20,2021-08-11
545,تماوند,تامين سرمايه دماوند,357,7262843,44559835132,6130,6100,6101,-29,-0.47,6135,5,0.08,6093,6240,1400-5-20,2021-08-11
546,وپخشح,ح . داروپخش‌ (هلدينگ‌,355,1009649,31456241670,30600,30220,31950,1350,4.41,31160,560,1.83,30220,32230,1400-5-20,2021-08-11
547,غديس,پاكديس,355,6953474,106867941906,14638,15369,15369,731,4.99,15369,731,4.99,15369,15369,1400-5-20,2021-08-11
548,وتوشه,سرمايه‌ گذاري‌ پارس‌ توشه‌,354,8610904,60238019120,6670,6790,7000,330,4.95,7000,330,4.95,6670,7000,1400-5-20,2021-08-11
549,چكاوه,صنايع‌كاغذسازي‌كاوه‌,353,691323,8903294280,12920,13100,12880,-40,-0.31,12900,-20,-0.15,12800,13130,1400-5-20,2021-08-11
550,آساس,صندوق س.آسمان آرماني سهام-س,352,177308,32334089177,181085,181101,182589,1504,0.83,182361,1276,0.7,181101,183490,1400-5-20,2021-08-11
551,پارس,پتروشيمي پارس,350,1527573,321997112670,200760,210790,210790,10030,5,210790,10030,5,210790,210790,1400-5-20,2021-08-11
552,تسه9908,امتياز تسهيلات مسكن آبان99,349,7886,4814123283,603544,600000,610000,6456,1.07,610464,6920,1.15,599009,625000,1400-5-20,2021-08-11
553,فنرژي,گسترش صنايع انرژي آذرآب,349,936917,14693648832,16000,15680,15680,-320,-2,15683,-317,-1.98,15680,15832,1400-5-20,2021-08-11
554,ما,بيمه  ما,345,1809278,14449930300,7960,8120,7910,-50,-0.63,7990,30,0.38,7900,8140,1400-5-20,2021-08-11
555,شفا,سرمايه گذاري شفادارو,343,1689047,67933470340,38310,40220,40220,1910,4.99,40220,1910,4.99,40220,40220,1400-5-20,2021-08-11
556,دروز,داروسازي‌ روزدارو,340,1285455,43041614640,31940,33530,33530,1590,4.98,33480,1540,4.82,32570,33530,1400-5-20,2021-08-11
557,لوتوس,تامين سرمايه لوتوس پارسيان,337,1916385,15623748630,8120,8060,8220,100,1.23,8140,20,0.25,8060,8300,1400-5-20,2021-08-11
558,كمينا,شيشه سازي مينا,335,2330363,22050830730,9300,9490,9579,279,3,9462,162,1.74,9060,9579,1400-5-20,2021-08-11
559,تسه9912,امتياز تسهيلات مسكن اسفند99,331,8162,4999176124,607001,600100,610000,2999,0.49,612494,5493,0.9,600000,629890,1400-5-20,2021-08-11
560,شپلي,پلي اكريل ايران,328,3074994,37985400882,11994,12353,12353,359,2.99,12353,359,2.99,12353,12353,1400-5-20,2021-08-11
561,آتيمس,صندوق س.آرمان آتيه درخشان مس-س,320,498678,99229317494,196764,196751,199115,2351,1.19,198985,2221,1.13,196751,199680,1400-5-20,2021-08-11
562,گنگين,اقتصادي نگين گردشگري ايرانيان,320,2236989,50167487889,21787,22440,22440,653,3,22426,639,2.93,21812,22440,1400-5-20,2021-08-11
563,پلوله,گازلوله‌,319,436492,12353009383,29085,28410,28213,-872,-3,28301,-784,-2.7,28213,29440,1400-5-20,2021-08-11
564,خاتم,صندوق س خاتم ايساتيس پويا-ثابت,318,4109199,48395834828,11758,11775,11784,26,0.22,11777,19,0.16,11775,11784,1400-5-20,2021-08-11
565,گوهرانح,ح . س. توسعه گوهران اميد,315,1160907,4408089381,3748,3660,3817,69,1.84,3797,49,1.31,3660,3929,1400-5-20,2021-08-11
566,حسينا,توسعه خدمات دريايي وبندري سينا,310,649051,37546714751,55564,55560,58342,2778,5,57849,2285,4.11,55560,58342,1400-5-20,2021-08-11
567,شوينده,مديريت صنعت شوينده ت.ص.بهشهر,309,1407023,35461381420,24020,25210,25220,1200,5,25200,1180,4.91,24420,25220,1400-5-20,2021-08-11
568,قهكمت,قندهكمتان‌,309,363064,14887829820,40840,42400,41200,360,0.88,40990,150,0.37,40020,42500,1400-5-20,2021-08-11
569,پارتا,مجتمع‌صنعتي‌آرتاويل‌تاير,308,625858,17285071003,27880,28680,27678,-202,-0.72,27694,-186,-0.67,27044,28709,1400-5-20,2021-08-11
570,نهال,صندوق س. طلاي سرخ نوويرا,307,649994,6628059590,10266,10040,10113,-153,-1.49,10197,-69,-0.67,10040,10380,1400-5-20,2021-08-11
571,شرنگي,شيميايي رنگين,307,96933,21161323676,219616,219488,213035,-6581,-3,218309,-1307,-0.6,213028,220000,1400-5-20,2021-08-11
572,پاسا,ايران‌ياساتايرورابر,304,2602367,59203849250,21670,22750,22750,1080,4.98,22750,1080,4.98,22750,22750,1400-5-20,2021-08-11
573,خديزل,بهمن  ديزل,302,413246,22219544188,52685,52000,54200,1515,2.88,53768,1083,2.06,52000,54990,1400-5-20,2021-08-11
574,وزمين,بانك ايران زمين,296,10455752,109828152808,10492,10495,10412,-80,-0.76,10504,12,0.11,10400,10640,1400-5-20,2021-08-11
575,سكارون,سيمان كارون,293,141105,15952194598,114917,115178,111470,-3447,-3,113052,-1865,-1.62,111470,117949,1400-5-20,2021-08-11
576,كامياب,صندوق س. كامياب آشنا-د,290,1810697,18552248703,10241,10246,10247,6,0.06,10246,5,0.05,10245,10250,1400-5-20,2021-08-11
577,سحرخيز,صندوق س. گروه زعفران سحرخيز,288,772787,7774259948,10073,10060,10000,-73,-0.72,10060,-13,-0.13,10000,10150,1400-5-20,2021-08-11
578,دشيري,شيرين دارو,282,140353,27626429496,191198,196930,196933,5735,3,196835,5637,2.95,192000,196933,1400-5-20,2021-08-11
579,شلرد,كود شيميايي اوره لردگان,276,3628350,32310456750,8646,8905,8905,259,3,8905,259,3,8905,8905,1400-5-20,2021-08-11
580,شصفها,پتروشيمي‌ اصفهان‌,273,213969,29020571339,136588,137500,135749,-839,-0.61,135630,-958,-0.7,134318,137500,1400-5-20,2021-08-11
581,ضصاد8033,اختيارخ وبصادر-2489-1400/08/12,267,11309,2150004000,190,200,190,0,0,190,0,0,181,200,1400-5-20,2021-08-11
582,خرينگ,رينگ‌سازي‌مشهد,265,640770,22740927300,33800,35490,35490,1690,5,35490,1690,5,35490,35490,1400-5-20,2021-08-11
583,آساميد,صندوق س.مشترك آسمان اميد -د,263,9249980,116470831023,12585,12592,12591,6,0.05,12591,6,0.05,12590,12604,1400-5-20,2021-08-11
584,فردا2,صندوق س آواي فرداي زاگرس-ثابت,261,26100000,26100000,11204,1,1,-11203,-99.99,1,-11203,-99.99,1,1,1400-5-20,2021-08-11
585,سدشت,صنايع سيمان دشتستان,260,141221,7489168060,52990,54370,53500,510,0.96,53000,10,0.02,52040,54370,1400-5-20,2021-08-11
586,تسه9911,امتياز تسهيلات مسكن بهمن99,260,5541,3412746519,605187,608100,610000,4813,0.8,615908,10721,1.77,602300,628000,1400-5-20,2021-08-11
587,غپونه,نوش پونه مشهد,256,924903,15716329045,17500,18000,16975,-525,-3,16992,-508,-2.9,16975,18000,1400-5-20,2021-08-11
588,دسينا,داروسازي‌ سينا,253,1052727,22082645850,21290,21670,20750,-540,-2.54,20980,-310,-1.46,20710,21670,1400-5-20,2021-08-11
589,تسه9910,امتياز تسهيلات مسكن دي99,250,6095,3752754658,604717,600000,610000,5283,0.87,615710,10993,1.82,600000,625000,1400-5-20,2021-08-11
590,تسه9909,امتياز تسهيلات مسكن آذر99,248,4636,2844231631,604945,620000,610000,5055,0.84,613510,8565,1.42,600000,624998,1400-5-20,2021-08-11
591,وبازار,صندوق س شاخصي بازارآشنا,247,682512,8928549010,12620,12700,13350,730,5.78,13080,460,3.65,12700,13350,1400-5-20,2021-08-11
592,گوهر2,صندوق سكه طلاي كيان,245,2450000,2450000,57649,1,1,-57648,-100,1,-57648,-100,1,1,1400-5-20,2021-08-11
593,قشكر,شكرشاهرود,242,7206861,25353736998,3351,3518,3518,167,4.98,3518,167,4.98,3518,3518,1400-5-20,2021-08-11
594,فيروزا,صندوق بادرآمد ثابت فيروزه آسيا,240,2497864,61844571084,24760,24790,24723,-37,-0.15,24759,-1,0,24702,24800,1400-5-20,2021-08-11
595,وتعاون,بيمه  تعاون,238,3962314,19552605495,4804,4740,4948,144,3,4935,131,2.73,4700,4948,1400-5-20,2021-08-11
596,وكار,بانك‌ كارآفرين‌,237,3324206,10429460291,3135,3150,3170,35,1.12,3136,1,0.03,3085,3200,1400-5-20,2021-08-11
597,كمنگنز,معادن‌منگنزايران‌,234,507216,39075920640,73380,77040,77040,3660,4.99,77040,3660,4.99,77040,77040,1400-5-20,2021-08-11
598,كيان2,صندوق س. با درآمد ثابت كيان,230,23000000,23000000,29897,1,1,-29896,-100,1,-29896,-100,1,1,1400-5-20,2021-08-11
599,زماهان,مجتمع توليد گوشت مرغ ماهان,229,535433,7950109184,16497,14848,14848,-1649,-10,15520,-977,-5.92,14848,14848,1400-5-20,2021-08-11
600,اوصتا,صندوق انديشه ورزان صباتامين -د,228,8388249,163362277584,19469,19476,19476,7,0.04,19475,6,0.03,19475,19478,1400-5-20,2021-08-11
601,پارسيان,بيمه پارسيان,227,1462270,13709877090,9190,9450,9450,260,2.83,9330,140,1.52,9250,9500,1400-5-20,2021-08-11
602,وسگيلا,شركت س استان گيلان,226,13289886,9263050542,664,697,697,33,4.97,671,7,1.05,697,697,1400-5-20,2021-08-11
603,سبجنو,سيمان‌ بجنورد,216,334369,13760797310,40850,41890,41450,600,1.47,41130,280,0.69,40790,41970,1400-5-20,2021-08-11
604,سپاس,صندوق س. پاداش سهامداري-ثابت,216,6187564,62042496303,10021,10030,10024,3,0.03,10027,6,0.06,10023,10030,1400-5-20,2021-08-11
605,وسهمدا,شركت س استان همدان,211,13215119,9012711158,650,682,682,32,4.92,659,9,1.38,682,682,1400-5-20,2021-08-11
606,وآتوس,س.آرين توسكا قيمت اسمي 350ريال,206,313775,9787694717,32057,31220,31096,-961,-3,31232,-825,-2.57,31096,32178,1400-5-20,2021-08-11
607,ضشنا8004,اختيارخ شپنا-10800-1400/08/16,203,1573,5772089000,3309,3500,3930,621,18.77,3669,360,10.88,3460,3960,1400-5-20,2021-08-11
608,اخزا910,اسنادخزانه-م10بودجه99-020807,197,336835,222134305854,659822,657300,656128,-3694,-0.56,659475,-347,-0.05,655178,662700,1400-5-20,2021-08-11
609,سكه0112پ03,تمام سكه طرح جديد0112سامان,197,86100,101153106700,1141287,1155555,1188488,47201,4.14,1174833,33546,2.94,1152014,1189000,1400-5-20,2021-08-11
610,ضخود7078,اختيارخ خودرو-3500-1400/07/07,194,8995,141646000,15,17,15,0,0,16,1,6.67,13,20,1400-5-20,2021-08-11
611,قپيرا,فرآورده‌هاي‌غدايي‌وقندپيرانشهر,181,1116632,8208097740,7260,7350,7400,140,1.93,7310,50,0.69,7210,7470,1400-5-20,2021-08-11
612,تسه9907,امتياز تسهيلات مسكن مهر99,180,4150,2540498131,604180,605110,574000,-30180,-5,612168,7988,1.32,574000,625000,1400-5-20,2021-08-11
613,بالبر,كابل‌ البرز,175,208777,8532715990,45410,40870,40870,-4540,-10,42530,-2880,-6.34,40870,40870,1400-5-20,2021-08-11
614,كهربا,صندوق س.پشتوانه سكه طلا كهربا,172,2656020,27674919783,10409,10210,10420,11,0.11,10420,11,0.11,10210,10450,1400-5-20,2021-08-11
615,افق ملت,صندوق س در سهام افق ملت,170,69040,10654935610,151110,152520,155450,4340,2.87,154330,3220,2.13,152520,155450,1400-5-20,2021-08-11
616,سمتاز,سيمان ممتازان كرمان,170,235942,5730193510,24923,24520,24300,-623,-2.5,24548,-375,-1.5,24176,24780,1400-5-20,2021-08-11
617,ضملت8042,اختيارخ وبملت-3934-1400/08/19,164,4865,2601802000,507,520,560,53,10.45,535,28,5.52,491,565,1400-5-20,2021-08-11
618,وپسا,س. پتروشيمي ساختمان  خليج فارس,163,4434125,8637675500,1910,1948,1948,38,1.99,1948,38,1.99,1948,1948,1400-5-20,2021-08-11
619,ثعتما,س. ساختماني اعتماد گستر,160,322985,9873686516,31487,30543,30543,-944,-3,30570,-917,-2.91,30543,30862,1400-5-20,2021-08-11
620,سكه0012پ04,تمام سكه طرح جديد0012صادرات,156,68500,81047485500,1141549,1168999,1186022,44473,3.9,1183175,41626,3.65,1156011,1190000,1400-5-20,2021-08-11
621,اراد88,مرابحه عام دولت88-ش.خ041120,151,30000000,30000000000000,1000000,1000000,1000000,0,0,1000000,0,0,1000000,1000000,1400-5-20,2021-08-11
622,ساروج,بين المللي ساروج بوشهر,151,688651,13033451798,18543,18913,19099,556,3,18926,383,2.07,18240,19099,1400-5-20,2021-08-11
623,اراد89,مرابحه عام دولت89-ش.خ041120,150,30000000,30000000000000,1000000,1000000,1000000,0,0,1000000,0,0,1000000,1000000,1400-5-20,2021-08-11
624,ضملي7003,اختيارخ فملي-11720-1400/07/11,148,1648,5089956000,2842,2999,3170,328,11.54,3089,247,8.69,2950,3250,1400-5-20,2021-08-11
625,سكه0111پ05,تمام سكه طرح جديد0111آينده,146,177000,208425755100,1145052,1168000,1199897,54845,4.79,1177547,32495,2.84,1166000,1199897,1400-5-20,2021-08-11
626,خلنت,لنت‌ ترمزايران‌,145,141420,8585608200,63900,60710,60710,-3190,-4.99,62070,-1830,-2.86,60710,60710,1400-5-20,2021-08-11
627,دكيمي,كيميدارو,143,683240,16179123200,22560,23680,23680,1120,4.96,23640,1080,4.79,23680,23680,1400-5-20,2021-08-11
628,سپر,صندوق س سپر سرمايه بيدار- ثابت,141,779722,9736288998,12475,12484,12514,39,0.31,12487,12,0.1,12481,12530,1400-5-20,2021-08-11
629,غدام,خوراك‌  دام‌ پارس‌,139,42163,13767062760,362800,326520,326520,-36280,-10,326520,-36280,-10,326520,326520,1400-5-20,2021-08-11
630,تسه9810,امتياز تسهيلات مسكن دي98,138,2792,1704655283,599491,598010,602000,2509,0.42,610550,11059,1.84,590020,624000,1400-5-20,2021-08-11
631,گپارس,امور رفاهي كارگزاران پارس,134,46695,5362489101,111670,115020,115020,3350,3,113335,1665,1.49,112000,115020,1400-5-20,2021-08-11
632,تسه9902,امتياز تسهيلات مسكن ارديبهشت99,133,2179,1321797763,602510,595566,616000,13490,2.24,606607,4097,0.68,587000,628666,1400-5-20,2021-08-11
633,سنوين,سرمايه گذاري اقتصاد نوين,130,1644327,12618565398,7451,7674,7674,223,2.99,7674,223,2.99,7674,7674,1400-5-20,2021-08-11
634,سكه0011پ02,تمام سكه طرح جديد0011ملت,127,28400,33432568600,1145298,1159950,1190999,45701,3.99,1177203,31905,2.79,1152952,1193000,1400-5-20,2021-08-11
635,تكنار,مجتمع معادن مس تكنار,122,135811,12879092941,92069,94831,94831,2762,3,94831,2762,3,94831,94831,1400-5-20,2021-08-11
636,تسه9904,امتياز تسهيلات مسكن تير99,118,1433,874422139,608880,598944,601000,-7880,-1.29,610204,1324,0.22,589555,625000,1400-5-20,2021-08-11
637,ضخود7074,اختيارخ خودرو-1800-1400/07/07,114,4724,1905856000,398,411,417,19,4.77,403,5,1.26,392,419,1400-5-20,2021-08-11
638,اخزا901,اسنادخزانه-م1بودجه99-010621,113,96963,79029858612,814521,814000,814920,399,0.05,815052,531,0.07,812201,816900,1400-5-20,2021-08-11
639,ضملت8043,اختيارخ وبملت-4434-1400/08/19,112,4644,1401420000,283,300,303,20,7.07,302,19,6.71,265,348,1400-5-20,2021-08-11
640,تسه9906,امتياز تسهيلات مسكن شهريور99,108,1447,884688325,602271,600000,595979,-6292,-1.04,611395,9124,1.51,587000,621000,1400-5-20,2021-08-11
641,بكاب,صنايع‌جوشكاب‌يزد,106,47218,6033043860,121690,127770,127770,6080,5,127770,6080,5,127770,127770,1400-5-20,2021-08-11
642,تسه9903,امتياز تسهيلات مسكن خرداد99,101,841,513857520,601398,600000,631000,29602,4.92,611008,9610,1.6,592099,631000,1400-5-20,2021-08-11
643,حرهشا,رهشاد سپاهان (سهامي عام,95,57358,4212371520,71301,73440,73440,2139,3,72108,807,1.13,73440,73440,1400-5-20,2021-08-11
644,آرمان,بيمه آرمان,92,273967,1776378200,6542,6542,6450,-92,-1.41,6532,-10,-0.15,6353,6580,1400-5-20,2021-08-11
645,تسه9809,امتياز تسهيلات مسكن آذر98,91,2256,1394854129,605833,618998,613076,7243,1.2,618286,12453,2.06,610000,624900,1400-5-20,2021-08-11
646,تسه9807,امتياز تسهيلات مسكن مهر98,90,1389,852985000,609154,619498,610000,846,0.14,614100,4946,0.81,595010,620000,1400-5-20,2021-08-11
647,اخزا906,اسنادخزانه-م6بودجه99-020321,89,137298,98004061008,713804,716906,717801,3997,0.56,713805,1,0,681201,717801,1400-5-20,2021-08-11
648,تسه9905,امتياز تسهيلات مسكن مرداد99,89,1068,653859360,603393,601000,604900,1507,0.25,612228,8835,1.46,601000,624948,1400-5-20,2021-08-11
649,صنوين,صندوق سرمايه‌گذاري صنوين-مختلط,89,92644,10218415960,109290,109390,109900,610,0.56,110300,1010,0.92,109380,111000,1400-5-20,2021-08-11
650,ضسپا8043,اختيارخ خساپا-2000-1400/08/26,87,3025,759527000,230,230,263,33,14.35,251,21,9.13,230,265,1400-5-20,2021-08-11
651,فكمند,گسترش قطعه سازي كمند,86,654699,18895922538,27488,28862,28862,1374,5,28862,1374,5,28862,28862,1400-5-20,2021-08-11
652,ضسپا8044,اختيارخ خساپا-2500-1400/08/26,84,4715,527779000,101,110,117,16,15.84,112,11,10.89,100,119,1400-5-20,2021-08-11
653,شستان,پتروشيمي گلستان,83,1158455,3439452895,2911,2969,2969,58,1.99,2951,40,1.37,2969,2969,1400-5-20,2021-08-11
654,دالبرح,ح . البرزدارو,81,841404,9381578480,11620,12780,11000,-620,-5.34,11150,-470,-4.04,11000,12780,1400-5-20,2021-08-11
655,عيار2,صندوق سكه طلاي مفيد,80,800000,800000,29175,1,1,-29174,-100,1,-29174,-100,1,1,1400-5-20,2021-08-11
656,دارا,صندوق س. دارا الگوريتم-د,78,2470946,24831188002,10048,10041,10048,0,0,10049,1,0.01,10041,10056,1400-5-20,2021-08-11
657,تسه9811,امتياز تسهيلات مسكن بهمن98,76,863,528768931,602643,600000,600000,-2643,-0.44,612710,10067,1.67,576610,625000,1400-5-20,2021-08-11
658,تسه9808,امتياز تسهيلات مسكن آبان98,75,1161,717069934,605123,610000,610000,4877,0.81,617631,12508,2.07,605000,629000,1400-5-20,2021-08-11
659,اخزا909,اسنادخزانه-م9بودجه99-020316,74,328754,233455561676,710514,710280,711000,486,0.07,710122,-392,-0.06,706019,713300,1400-5-20,2021-08-11
660,سجام,مجتمع سيمان غرب آسيا,73,1950200,8052375800,3933,4129,4129,196,4.98,4074,141,3.59,4129,4129,1400-5-20,2021-08-11
661,ثروتم,صندوق س. ثروت آفرين پارسيان-س,73,62010,5617242080,89040,90054,91400,2360,2.65,90586,1546,1.74,89127,91550,1400-5-20,2021-08-11
662,فالوم,آلومتك‌,71,561572,11840745620,20471,21085,21085,614,3,21085,614,3,21085,21085,1400-5-20,2021-08-11
663,تسه9806,امتياز تسهيلات مسكن شهريور98,70,1071,653376231,606905,610000,600022,-6883,-1.13,610062,3157,0.52,595000,619390,1400-5-20,2021-08-11
664,اخزا914,اسنادخزانه-م14بودجه99-021025,70,141707,89764505577,633032,631333,633500,468,0.07,633451,419,0.07,630613,635000,1400-5-20,2021-08-11
665,تسه9812,امتياز تسهيلات مسكن اسفند98,70,593,363690771,604629,575500,614000,9371,1.55,613306,8677,1.44,575500,620100,1400-5-20,2021-08-11
666,ضسپا8041,اختيارخ خساپا-1600-1400/08/26,69,2336,1124512000,464,472,495,31,6.68,481,17,3.66,460,500,1400-5-20,2021-08-11
667,وحافظ,بيمه حافظ,68,1281654,15604137450,11707,12175,12175,468,4,12175,468,4,12175,12175,1400-5-20,2021-08-11
668,تسه9901,امتياز تسهيلات مسكن فروردين99,66,584,358091109,606563,600000,620000,13437,2.22,613170,6607,1.09,600000,621000,1400-5-20,2021-08-11
669,ثهام,صندوق س ثروت هامرز-سهام,65,429914,5071289353,11532,11250,12000,468,4.06,11796,264,2.29,11250,12000,1400-5-20,2021-08-11
670,آسام,صندوق س.آرمان سپهر آشنا-م,65,35020,4336370470,123545,124000,124005,460,0.37,123826,281,0.23,123111,124013,1400-5-20,2021-08-11
671,وثخوز,سرمايه گذاري و توسعه خوزستان,64,35029,2220558368,66728,63392,63392,-3336,-5,65937,-791,-1.19,63392,63392,1400-5-20,2021-08-11
672,اخزا908,اسنادخزانه-م8بودجه99-020606,64,147034,100008576770,681127,681998,681000,-127,-0.02,680173,-954,-0.14,676800,681998,1400-5-20,2021-08-11
673,ثباغ,شهر سازي و خانه سازي باغميشه,63,355414,4294467362,11508,12083,12083,575,5,11660,152,1.32,12083,12083,1400-5-20,2021-08-11
674,ضفلا7004,اختيارخ فولاد-9586-1400/07/25,63,614,2502937324,2770,2979,3060,290,10.47,2908,138,4.98,2620,3080,1400-5-20,2021-08-11
675,اخزا902,اسنادخزانه-م2بودجه99-011019,63,99108,75957492919,766528,766000,766420,-108,-0.01,766411,-117,-0.02,764509,766998,1400-5-20,2021-08-11
676,صايند,صندوق س. گنجينه آينده روشن-د,60,644420,6456069100,9999,9999,10016,17,0.17,10018,19,0.19,9999,10070,1400-5-20,2021-08-11
677,ضجار7040,اختيارخ وتجارت-2497-1400/07/21,60,2169,732955000,349,340,340,-9,-2.58,338,-11,-3.15,330,370,1400-5-20,2021-08-11
678,بذر,صندوق س بذر اميد آفرين-سهام,60,23621,2608463180,106860,107550,111550,4690,4.39,110430,3570,3.34,107550,113030,1400-5-20,2021-08-11
679,ضشنا8005,اختيارخ شپنا-12800-1400/08/16,58,1319,3033178000,2058,2058,2365,307,14.92,2300,242,11.76,2058,2400,1400-5-20,2021-08-11
680,الماس,صندوق س.امين تدبيرگران فردا-س,57,20478,2453854231,118584,119890,119501,917,0.77,119829,1245,1.05,117020,121000,1400-5-20,2021-08-11
681,وملت,سرمايه گذاري ملت,56,380248,1519471008,4162,3996,3996,-166,-3.99,4109,-53,-1.27,3996,3996,1400-5-20,2021-08-11
682,اخزا903,اسنادخزانه-م3بودجه99-011110,56,135995,103083665519,758340,757220,757826,-514,-0.07,757996,-344,-0.05,755169,758880,1400-5-20,2021-08-11
683,ضملت8041,اختيارخ وبملت-3434-1400/08/19,52,1299,1114691000,807,869,890,83,10.29,858,51,6.32,803,891,1400-5-20,2021-08-11
684,اخزا821,اسنادخزانه-م21بودجه98-020906,50,251175,163155964560,649220,646132,655000,5780,0.89,649571,351,0.05,646132,655000,1400-5-20,2021-08-11
685,دقاضي,داروسازي شهيد قاضي,49,164269,4958624034,29307,30186,30186,879,3,29711,404,1.38,30186,30186,1400-5-20,2021-08-11
686,ضملي7004,اختيارخ فملي-13720-1400/07/11,49,638,1075384000,1476,1799,1784,308,20.87,1686,210,14.23,1500,1799,1400-5-20,2021-08-11
687,داريك,صندوق س.اعتماد داريك-د,47,280345,3112021974,11089,11101,11099,10,0.09,11101,12,0.11,11099,11102,1400-5-20,2021-08-11
688,ضخود7072,اختيارخ خودرو-1400-1400/07/07,45,1174,863050000,722,799,745,23,3.19,735,13,1.8,710,884,1400-5-20,2021-08-11
689,ضملت8044,اختيارخ وبملت-4934-1400/08/19,45,1192,200731000,160,180,170,10,6.25,168,8,5,159,180,1400-5-20,2021-08-11
690,كتوكا,توليدي و خدمات صنايع نسوز توكا,43,90219,2523876525,29447,27975,27975,-1472,-5,29180,-267,-0.91,27975,27975,1400-5-20,2021-08-11
691,اخزا004,اسنادخزانه-م4بودجه00-030522,39,207465,118114948744,570044,567400,569800,-244,-0.04,569325,-719,-0.13,567400,570999,1400-5-20,2021-08-11
692,اخزا911,اسنادخزانه-م11بودجه99-020906,38,163128,106008791458,649283,649100,649600,317,0.05,649850,567,0.09,648119,650900,1400-5-20,2021-08-11
693,ضملي7002,اختيارخ فملي-9720-1400/07/11,37,460,2302460000,4502,4900,5057,555,12.33,5005,503,11.17,4850,5100,1400-5-20,2021-08-11
694,اطلس2,صندوق س.توسعه اندوخته آينده-س,36,360000,360000,254751,1,1,-254750,-100,1,-254750,-100,1,1,1400-5-20,2021-08-11
695,ضسپا8042,اختيارخ خساپا-1800-1400/08/26,34,1160,403777000,354,390,369,15,4.24,348,-6,-1.69,325,390,1400-5-20,2021-08-11
696,ضپال2007,اختيارخ اپال-32000-1401/02/12,34,769,538364000,593,610,711,118,19.9,700,107,18.04,610,770,1400-5-20,2021-08-11
697,زعف0008پ16,زعفران0008نگين بيرجند(پ),33,20035,2731384028,134629,136272,137000,2371,1.76,136331,1702,1.26,136272,137000,1400-5-20,2021-08-11
698,هنوري102,اختيارف ت نوري59561-01/02/15,32,300000,300000,1,1,1,0,0,1,0,0,1,1,1400-5-20,2021-08-11
699,وپخش,داروپخش‌ (هلدينگ‌,32,374351,11339091790,28850,30290,30290,1440,4.99,29230,380,1.32,30290,30290,1400-5-20,2021-08-11
700,اخزا006,اسنادخزانه-م6بودجه00-030723,31,50526,27845113769,550001,558890,553819,3818,0.69,551105,1104,0.2,545520,558890,1400-5-20,2021-08-11
701,گنجين,صندوق س. گنجينه يكم آويد-د,31,279492,3753630242,13423,13425,13430,7,0.05,13430,7,0.05,13425,13439,1400-5-20,2021-08-11
702,سنير,سيمان‌ سفيد ني‌ريز,29,4006,563724320,148120,140720,140720,-7400,-5,147820,-300,-0.2,140720,140720,1400-5-20,2021-08-11
703,زعف0008پ05,زعفران0008نگين زرين(پ),29,10706,1497392200,138918,139900,139999,1081,0.78,139865,947,0.68,138005,140000,1400-5-20,2021-08-11
704,ضپاس7029,اختيارخ وپارس-2500-1400/07/28,29,454,266810000,536,580,610,74,13.81,588,52,9.7,546,615,1400-5-20,2021-08-11
705,ضفلا7003,اختيارخ فولاد-8160-1400/07/25,28,314,1804947418,3789,4100,4200,411,10.85,4100,311,8.21,3750,4200,1400-5-20,2021-08-11
706,ضشنا8003,اختيارخ شپنا-8800-1400/08/16,28,314,1679175000,4952,5100,5500,548,11.07,5348,396,8,5001,5500,1400-5-20,2021-08-11
707,پادا,صندوق س.پاداش سرمايه پارس-س,28,5157,620092834,116480,117866,121750,5270,4.52,120243,3763,3.23,117866,121750,1400-5-20,2021-08-11
708,طلا2,صندوق س.پشتوانه طلاي لوتوس,27,2700000,2700000,82624,1,1,-82623,-100,1,-82623,-100,1,1,1400-5-20,2021-08-11
709,دمعيار,صندوق س. توازن معيار-د,27,165162,1668488486,10095,10100,10105,10,0.1,10102,7,0.07,10100,10105,1400-5-20,2021-08-11
710,زعف0008پ08,زعفران0008نگين روستا(پ),26,9450,1304359530,136272,136272,139000,2728,2,138027,1755,1.29,136272,139000,1400-5-20,2021-08-11
711,ضمخا7076,اختيارخ اخابر-9700-1400/07/28,26,1252,1556099000,1305,1000,1300,-5,-0.38,1243,-62,-4.75,1000,1390,1400-5-20,2021-08-11
712,زنجان,صنايع كشاورزي وكود زنجان,26,108015,865524195,8260,8013,8013,-247,-2.99,8241,-19,-0.23,8013,8013,1400-5-20,2021-08-11
713,زعف0008پ11,زعفران0008نگين سحرخيز(پ),25,44168,6604651196,148508,149005,150616,2108,1.42,149535,1027,0.69,149000,150616,1400-5-20,2021-08-11
714,ضشنا8006,اختيارخ شپنا-14800-1400/08/16,25,190,268765000,1100,1350,1500,400,36.36,1415,315,28.64,1290,1510,1400-5-20,2021-08-11
715,داراب,پتروشيمي داراب,25,214537,504805561,2425,2353,2353,-72,-2.97,2421,-4,-0.16,2353,2353,1400-5-20,2021-08-11
716,قيستو,شركت قند بيستون,24,617100,9731049900,15460,15769,15769,309,2,15769,309,2,15769,15769,1400-5-20,2021-08-11
717,ضترا8059,اختيارخ شتران-3882-1400/08/09,24,125,300364000,1736,1500,2699,963,55.47,2403,667,38.42,1500,2699,1400-5-20,2021-08-11
718,تپكو,توليدتجهيزات‌سنگين‌هپكو,23,89124,467188008,5348,5242,5242,-106,-1.98,5347,-1,-0.02,5242,5242,1400-5-20,2021-08-11
719,اخزا808,اسنادخزانه-م8بودجه98-000817,23,23378,22313270600,954578,953600,955000,422,0.04,954456,-122,-0.01,952306,955105,1400-5-20,2021-08-11
720,ضفلا7006,اختيارخ فولاد-12440-1400/07/25,23,110,204575634,1114,1250,1499,385,34.56,1327,213,19.12,1200,1499,1400-5-20,2021-08-11
721,ضملي7005,اختيارخ فملي-15720-1400/07/11,22,151,139617000,881,822,1000,119,13.51,925,44,4.99,822,1000,1400-5-20,2021-08-11
722,ضجار7039,اختيارخ وتجارت-1997-1400/07/21,20,485,358942000,741,730,810,69,9.31,740,-1,-0.13,561,840,1400-5-20,2021-08-11
723,زعف0008پ20,زعفران0008نگين وحدت جام(پ),20,15933,2171221776,134633,136272,136272,1639,1.22,136272,1639,1.22,136272,136272,1400-5-20,2021-08-11
724,آكورد2,صندوق س. آرمان آتي كوثر-د,19,1900000,1900000,33508,1,1,-33507,-100,1,-33507,-100,1,1,1400-5-20,2021-08-11
725,ضفلا7005,اختيارخ فولاد-11013-1400/07/25,19,142,381913212,1750,2000,2099,349,19.94,1918,168,9.6,1700,2099,1400-5-20,2021-08-11
726,اخزا820,اسنادخزانه-م20بودجه98-020806,18,105812,69940046657,661055,661999,661000,-55,-0.01,660984,-71,-0.01,658001,661999,1400-5-20,2021-08-11
727,هفارس104,اختيارف ت فارس-11832-01/04/12,18,800000,800000,1,1,1,0,0,1,0,0,1,1,1400-5-20,2021-08-11
728,ضشنا8001,اختيارخ شپنا-6800-1400/08/16,17,266,1930727000,6449,7099,7320,871,13.51,7258,809,12.54,6900,7320,1400-5-20,2021-08-11
729,ضذوب900,اختيارخ ذوب-2500-14000917,17,290,765190000,2318,2690,2490,172,7.42,2639,321,13.85,2490,2690,1400-5-20,2021-08-11
730,ضپاس7030,اختيارخ وپارس-3000-1400/07/28,17,277,74905000,248,250,280,32,12.9,270,22,8.87,207,280,1400-5-20,2021-08-11
731,اخزا812,اسنادخزانه-م12بودجه98-001111,17,8146,7450276062,914479,911131,914506,27,0,914593,114,0.01,911131,916130,1400-5-20,2021-08-11
732,اخزا905,اسنادخزانه-م5بودجه99-020218,16,68024,49005430973,721369,721001,720611,-758,-0.11,720414,-955,-0.13,720301,721001,1400-5-20,2021-08-11
733,سفاسي,شركت فارسيت اهواز,16,37691,274013570,7494,7270,7270,-224,-2.99,7488,-6,-0.08,7270,7270,1400-5-20,2021-08-11
734,اراد37,مرابحه عام دولت3-ش.خ 0005,16,200100,200099799900,999999,999999,999999,0,0,999999,0,0,999999,999999,1400-5-20,2021-08-11
735,ضخود7073,اختيارخ خودرو-1600-1400/07/07,15,156,92330000,592,600,599,7,1.18,592,0,0,589,600,1400-5-20,2021-08-11
736,سرو2,صندوق س سروسودمند مدبران-سهام,15,1500000,1500000,81000,1,1,-80999,-100,1,-80999,-100,1,1,1400-5-20,2021-08-11
737,ددامح,ح . داروسازي زاگرس فارمد پارس,14,17568,274060800,15600,15600,15600,0,0,15600,0,0,15600,15600,1400-5-20,2021-08-11
738,گكيش,توريستي ورفاهي آبادگران كيش,14,36562,1679219536,47348,45928,45928,-1420,-3,47101,-247,-0.52,45928,45928,1400-5-20,2021-08-11
739,آگاس2,صندوق س.هستي بخش آگاه-س,14,3300000,3300000,83958,1,1,-83957,-100,1,-83957,-100,1,1,1400-5-20,2021-08-11
740,ضذوب903,اختيارخ ذوب-4000-14000917,14,290,406080000,730,1400,1260,530,72.6,1400,670,91.78,1260,1500,1400-5-20,2021-08-11
741,ضپال2006,اختيارخ اپال-28000-1401/02/12,13,270,440393000,1405,1650,1690,285,20.28,1631,226,16.09,1405,1690,1400-5-20,2021-08-11
742,ضسپا8039,اختيارخ خساپا-1200-1400/08/26,13,251,194441000,749,849,795,46,6.14,775,26,3.47,750,849,1400-5-20,2021-08-11
743,اوصتا2,صندوق انديشه ورزان صباتامين -د,13,25600000,25600000,19469,1,1,-19468,-99.99,1,-19468,-99.99,1,1,1400-5-20,2021-08-11
744,ولتجارح,ح.واسپا تجارت وسرمايه ايرانيان,13,114334,309502138,2790,2707,2707,-83,-2.97,2707,-83,-2.97,2707,2707,1400-5-20,2021-08-11
745,حپترو,حمل و نقل پتروشيمي( سهامي عام,12,11944,601858160,53040,50390,50390,-2650,-5,52930,-110,-0.21,50390,50390,1400-5-20,2021-08-11
746,ضترا8058,اختيارخ شتران-3442-1400/08/09,12,92,270910000,2563,2750,3200,637,24.85,2945,382,14.9,2750,3200,1400-5-20,2021-08-11
747,ثتوسا,س.توسعه و عمران استان اردبيل,12,3829,139972924,37686,36556,36556,-1130,-3,37670,-16,-0.04,36556,36556,1400-5-20,2021-08-11
748,اراد61,مرابحه عام دولت61-ش.خ0309,11,125000,125000000000,1000001,1000000,1000000,-1,0,1000000,-1,0,1000000,1000000,1400-5-20,2021-08-11
749,ضشنا8002,اختيارخ شپنا-7800-1400/08/16,11,255,1581033000,5450,5700,6300,850,15.6,6200,750,13.76,5700,6300,1400-5-20,2021-08-11
750,اخزا815,اسنادخزانه-م15بودجه98-010406,11,6106,5173874460,847537,843001,847801,264,0.03,847343,-194,-0.02,843001,849550,1400-5-20,2021-08-11
751,نيرو,نيرو سرمايه,10,4473,215943021,49770,48277,48277,-1493,-3,49737,-33,-0.07,48277,48277,1400-5-20,2021-08-11
752,اخزا807,اسنادخزانه-م7بودجه98-000719,10,5709,5530769305,968900,968900,969400,500,0.05,968781,-119,-0.01,968000,969400,1400-5-20,2021-08-11
753,هپارس102,اختيارف ت پارس-157010-01/02/05,10,150000,150000,1,1,1,0,0,1,0,0,1,1,1400-5-20,2021-08-11
754,اخزا814,اسنادخزانه-م14بودجه98-010318,10,12719,10902645605,857576,857576,857580,4,0,857194,-382,-0.04,856200,857660,1400-5-20,2021-08-11
755,وسيزد,شركت س استان يزد,10,57312,69691392,1280,1216,1216,-64,-5,1280,0,0,1216,1216,1400-5-20,2021-08-11
756,اراد46,مرابحه عام دولت4-ش.خ 0302,10,189000,189000000000,1000000,1000000,1000000,0,0,1000000,0,0,1000000,1000000,1400-5-20,2021-08-11
757,اخزا811,اسنادخزانه-م11بودجه98-001013,10,1359,1259914199,927653,925001,928000,347,0.04,927089,-564,-0.06,925001,928001,1400-5-20,2021-08-11
758,سپيدما2,صندوق س. سپيد دماوند-د,9,80000000,80000000,10832,1,1,-10831,-99.99,1,-10831,-99.99,1,1,1400-5-20,2021-08-11
759,ضذوب905,اختيارخ ذوب-5000-14000917,9,65,26787000,350,371,476,126,36,412,62,17.71,370,477,1400-5-20,2021-08-11
760,تملي707,تسهيلات مسكن ب. ملي-مهر97,9,9,6158016,720235,684224,684224,-36011,-5,684224,-36011,-5,684224,684224,1400-5-20,2021-08-11
761,سفارود,كارخانه فارسيت درود,9,9294,156724722,17207,16863,16863,-344,-2,17196,-11,-0.06,16863,16863,1400-5-20,2021-08-11
762,شستا003,اجاره تامين اجتماعي-سپهر000523,9,9495,9476653678,999999,999999,998000,-1999,-0.2,998068,-1931,-0.19,998000,999999,1400-5-20,2021-08-11
763,زعف0008پ09,زعفران0008نگين نوين(پ),9,20850,3113441200,148500,150616,150616,2116,1.42,149326,826,0.56,138000,150616,1400-5-20,2021-08-11
764,ضپيك7042,اختيارخ تاپيكو-8070-00/07/18,9,42,287020000,5600,6800,6800,1200,21.43,6834,1234,22.04,6400,7095,1400-5-20,2021-08-11
765,اخزا904,اسنادخزانه-م4بودجه99-011215,9,22215,16528512070,743995,744000,744100,105,0.01,744025,30,0,744000,744100,1400-5-20,2021-08-11
766,اخزا809,اسنادخزانه-م9بودجه98-000923,9,3195,2995318817,936872,937401,937520,648,0.07,937502,630,0.07,937083,937550,1400-5-20,2021-08-11
767,زعف0008پ10,زعفران0008نگين طلاي سرخ(پ),9,5321,791177894,148730,150616,150616,1886,1.27,148690,-40,-0.03,148000,150616,1400-5-20,2021-08-11
768,سپرمي,پرميت‌,8,18168,168072168,9160,9251,9251,91,0.99,9166,6,0.07,9251,9251,1400-5-20,2021-08-11
769,تپولا,مهندسي مرآت پولاد,8,18256,442598464,24993,24244,24244,-749,-3,24947,-46,-0.18,24244,24244,1400-5-20,2021-08-11
770,اراد41,مرابحه عام دولت4-ش.خ 0006,8,155000,154999690000,999998,999998,999998,0,0,999998,0,0,999998,999998,1400-5-20,2021-08-11
771,اراد50,مرابحه عام دولت5-ش.خ0302,8,177000,177000175000,1000000,1000000,1000001,1,0,1000001,1,0,1000000,1000001,1400-5-20,2021-08-11
772,فلات,گروه صنايع معادن فلات ايرانيان,8,24858,349528338,14495,14061,14061,-434,-2.99,14479,-16,-0.11,14061,14061,1400-5-20,2021-08-11
773,ضغدر8058,اختيارخ وغدير-10000-1400/08/26,8,54,360700000,6250,6600,6900,650,10.4,6680,430,6.88,6600,6900,1400-5-20,2021-08-11
774,اخزا816,اسنادخزانه-م16بودجه98-010503,8,11152,9308862446,835167,830719,835601,434,0.05,834726,-441,-0.05,830719,835800,1400-5-20,2021-08-11
775,ضپنا8008,اختيارخ رمپنا-31850-1400/08/05,8,8,580000,1,100,50,49,4900,72,71,7100,10,120,1400-5-20,2021-08-11
776,ضترا8055,اختيارخ شتران-2118-1400/08/09,8,31,173441000,4966,5497,5999,1033,20.8,5595,629,12.67,5497,5999,1400-5-20,2021-08-11
777,اخزا907,اسنادخزانه-م7بودجه99-020704,7,23295,15662691059,669678,663410,671000,1322,0.2,672363,2685,0.4,663410,672500,1400-5-20,2021-08-11
778,اخزا721,اسنادخزانه-م21بودجه97-000728,7,1858,1792925998,964913,965000,964600,-313,-0.03,964976,63,0.01,964600,965000,1400-5-20,2021-08-11
779,طخود7075,اختيارف خودرو-2000-1400/07/07,7,70,5330000,74,68,83,9,12.16,76,2,2.7,68,83,1400-5-20,2021-08-11
780,ضصاد8031,اختيارخ وبصادر-1789-1400/08/12,7,28,17336000,620,618,600,-20,-3.23,619,-1,-0.16,600,620,1400-5-20,2021-08-11
781,پست0008پ04,پسته فندقي32-30سبزدانه0008(پ),7,357,675550000,1826317,1770000,1900000,73683,4.03,1892297,65980,3.61,1770000,1900000,1400-5-20,2021-08-11
782,اخزا723,اسنادخزانه-م23بودجه97-000824,6,5409,5144082014,950788,952000,950251,-537,-0.06,951023,235,0.02,950001,952000,1400-5-20,2021-08-11
783,ضترا8057,اختيارخ شتران-3000-1400/08/09,6,29,113248000,3235,3900,3940,705,21.79,3905,670,20.71,3680,3940,1400-5-20,2021-08-11
784,ضترا8056,اختيارخ شتران-2558-1400/08/09,6,26,87203000,4713,3003,4550,-163,-3.46,3354,-1359,-28.84,3002,4550,1400-5-20,2021-08-11
785,ضپيك7041,اختيارخ تاپيكو-7070-00/07/18,6,49,365200000,6000,7800,7600,1600,26.67,7453,1453,24.22,7300,7800,1400-5-20,2021-08-11
786,ضصاد8030,اختيارخ وبصادر-1589-1400/08/12,6,290,232980000,783,800,800,17,2.17,803,20,2.55,798,810,1400-5-20,2021-08-11
787,ضپاس7028,اختيارخ وپارس-2000-1400/07/28,6,41,41320000,884,1000,1020,136,15.38,1008,124,14.03,1000,1020,1400-5-20,2021-08-11
788,پست0008پ08,پسته فندقي32-30مه ولات0008(پ),6,213,396309900,1805555,1770000,1900000,94445,5.23,1860610,55055,3.05,1770000,1900000,1400-5-20,2021-08-11
789,ثنام,س ساختماني ب نام آوران مهندسي,6,2990,47555950,16396,15905,15905,-491,-2.99,16394,-2,-0.01,15905,15905,1400-5-20,2021-08-11
790,اخزا810,اسنادخزانه-م10بودجه98-001006,6,1371,1276775901,930842,931310,931999,1157,0.12,931273,431,0.05,931201,931999,1400-5-20,2021-08-11
791,سخند,صندوق س.سپهرخبرگان نفت-د,6,4160,41470600,9941,9960,9980,39,0.39,9969,28,0.28,9940,10000,1400-5-20,2021-08-11
792,ثاباد,توريستي ورفاهي آبادگران ايران,5,638,30266720,49930,47440,47440,-2490,-4.99,49920,-10,-0.02,47440,47440,1400-5-20,2021-08-11
793,تملي709,تسهيلات مسكن ب. ملي-آذر97,5,56,51441594,915572,961348,869794,-45778,-5,918600,3028,0.33,869794,961348,1400-5-20,2021-08-11
794,اخزا813,اسنادخزانه-م13بودجه98-010219,5,4584,3986707219,868982,869710,869701,719,0.08,869700,718,0.08,869700,869710,1400-5-20,2021-08-11
795,شگويات.ف0104,اختيارف.تبعي شگويا010408,5,39000,39000,1,1,1,0,0,1,0,0,1,1,1400-5-20,2021-08-11
796,ضچاد7035,اختيارخ كچاد-25870-1400/07/04,5,13,80300000,6800,5900,6200,-600,-8.82,6177,-623,-9.16,5900,6200,1400-5-20,2021-08-11
797,پارتين,ص.ج.پارتيان,5,14500,7181300000,469000,469000,497000,28000,5.97,495262,26262,5.6,469000,497000,1400-5-20,2021-08-11
798,پارسان2,گسترش نفت و گاز پارسيان,5,11700000,337485000000,28370,28850,28800,430,1.52,28845,475,1.67,28800,28850,1400-5-20,2021-08-11
799,تملي704,تسهيلات مسكن ب. ملي-تير97,5,30,27339081,871984,915583,910000,38016,4.36,911303,39319,4.51,910000,915583,1400-5-20,2021-08-11
800,ضفلا7002,اختيارخ فولاد-6733-1400/07/25,5,5,39108790,5184,5575,5580,396,7.64,5579,395,7.62,5575,5580,1400-5-20,2021-08-11
801,تملي806,تسهيلات مسكن ب. ملي-شهريور98,5,41,32096973,745575,782853,782853,37278,5,782853,37278,5,782853,782853,1400-5-20,2021-08-11
802,ثزاگرس,سرمايه گذاري توسعه عمران زاگرس,4,4623,231570693,52727,50091,50091,-2636,-5,52663,-64,-0.12,50091,50091,1400-5-20,2021-08-11
803,زير0103پ01,زيره سبز0103كيميابذر(پ),4,69,50280030,750000,750000,720000,-30000,-4,728696,-21304,-2.84,710001,750000,1400-5-20,2021-08-11
804,ضمخا7075,اختيارخ اخابر-8700-1400/07/28,4,41,65805000,1557,1700,1600,43,2.76,1605,48,3.08,1600,1700,1400-5-20,2021-08-11
805,اراد33,مرابحه عام دولت3-ش.خ 0303,4,27100,23981500000,870000,890000,884500,14500,1.67,884926,14926,1.72,884500,890000,1400-5-20,2021-08-11
806,ثالوند,سرمايه گذاري مسكن الوند,4,25211,661763539,27630,26249,26249,-1381,-5,27564,-66,-0.24,26249,26249,1400-5-20,2021-08-11
807,تملي612,تسهيلات مسكن بانك ملي-اسفند96,4,20,13110532,662327,629211,629211,-33116,-5,655527,-6800,-1.03,629211,695000,1400-5-20,2021-08-11
808,ضترا8060,اختيارخ شتران-4323-1400/08/09,4,103,175994000,1005,1700,1998,993,98.81,1709,704,70.05,1700,1998,1400-5-20,2021-08-11
809,ضملي7001,اختيارخ فملي-8720-1400/07/11,4,20,115900000,5420,5750,5800,380,7.01,5795,375,6.92,5750,5800,1400-5-20,2021-08-11
810,كمرجان,بازرگاني و توليدي مرجان كار,4,396,52888176,140585,133556,133556,-7029,-5,140559,-26,-0.02,133556,133556,1400-5-20,2021-08-11
811,اراد47,مرابحه عام دولت4-ش.خ 0008,4,100000,99999800000,980625,999998,999998,19373,1.98,999998,19373,1.98,999998,999998,1400-5-20,2021-08-11
812,ضمخا7071,اختيارخ اخابر-23700-1400/07/28,4,112,4975000,40,50,40,0,0,44,4,10,40,50,1400-5-20,2021-08-11
813,ضفار8050,اختيارخ فارس-7400-1400/08/05,4,17,115600000,3100,6800,6800,3700,119.35,6800,3700,119.35,6800,6800,1400-5-20,2021-08-11
814,وهنر,گروه توسعه هنر ايران,4,3534,25515480,7443,7220,7220,-223,-3,7442,-1,-0.01,7220,7220,1400-5-20,2021-08-11
815,ضمخا7066,اختيارخ اخابر-11700-1400/07/28,3,13,7791000,461,599,600,139,30.15,599,138,29.93,599,600,1400-5-20,2021-08-11
816,لخانه,لوازم‌ خانگي‌ پارس‌,3,690,15773400,23567,22860,22860,-707,-3,23566,-1,0,22860,22860,1400-5-20,2021-08-11
817,كگل2,معدني و صنعتي گل گهر,3,67750000,1601560000000,23320,23320,23670,350,1.5,23639,319,1.37,23320,23950,1400-5-20,2021-08-11
818,حاريا,كشتيراني آريا,3,3800,63315600,17002,16662,16662,-340,-2,16998,-4,-0.02,16662,16662,1400-5-20,2021-08-11
819,ثنظام,س. ساختماني نظام مهندسي ايران,3,570,25909920,46861,45456,45456,-1405,-3,46857,-4,-0.01,45456,45456,1400-5-20,2021-08-11
820,ضپاس7031,اختيارخ وپارس-3500-1400/07/28,3,9,1185000,40,55,170,130,325,132,92,230,55,170,1400-5-20,2021-08-11
821,ضترا8061,اختيارخ شتران-5205-1400/08/09,3,22,25300000,998,1091,1200,202,20.24,1150,152,15.23,1091,1200,1400-5-20,2021-08-11
822,ضذوب901,اختيارخ ذوب-3000-14000917,3,70,147600000,1,2100,2100,2099,209900,2109,2108,210800,2100,2160,1400-5-20,2021-08-11
823,ضملي7000,اختيارخ فملي-7720-1400/07/11,3,10,66000000,6400,6600,6600,200,3.13,6600,200,3.13,6600,6600,1400-5-20,2021-08-11
824,وشمال,س. چشم انداز توسعه شمال,3,353,30120078,87964,85326,85326,-2638,-3,87956,-8,-0.01,85326,85326,1400-5-20,2021-08-11
825,ضجار7041,اختيارخ وتجارت-2997-1400/07/21,3,150,24112000,170,161,160,-10,-5.88,161,-9,-5.29,160,161,1400-5-20,2021-08-11
826,ضصاد8032,اختيارخ وبصادر-1989-1400/08/12,3,15,7000000,451,450,500,49,10.86,467,16,3.55,450,500,1400-5-20,2021-08-11
827,اخزا0042,اسنادخزانه-م4بودجه00-030522,3,862113,488660184000,570044,568000,566000,-4044,-0.71,566817,-3227,-0.57,566000,568000,1400-5-20,2021-08-11
828,ولراز,ليزينگ رازي,3,600,19504200,33512,32507,32507,-1005,-3,33510,-2,-0.01,32507,32507,1400-5-20,2021-08-11
829,مكرما304,مشاركت ش كرمانشاه304-3ماهه18%,3,25000,25000025000,980000,1000001,1000001,20001,2.04,1000001,20001,2.04,1000001,1000001,1400-5-20,2021-08-11
830,فراز2,صندوق س.سهام فراز داريك-س,3,2000000,2000000,12874,1,1,-12873,-99.99,1,-12873,-99.99,1,1,1400-5-20,2021-08-11
831,طجار7040,اختيارف وتجارت-2497-1400/07/21,3,105,4950000,1,40,50,49,4900,47,46,4600,40,50,1400-5-20,2021-08-11
832,كاريس4,صندوق س.سپهر كاريزما-س,2,2600000,39130000000,14612,15050,15050,438,3,15050,438,3,15050,15050,1400-5-20,2021-08-11
833,ضخوز7039,اختيارخ فخوز-15200-1400/07/14,2,6,27300000,4100,4550,4550,450,10.98,4550,450,10.98,4550,4550,1400-5-20,2021-08-11
834,ثهام2,صندوق س ثروت هامرز-سهام,2,200000,200000,11532,1,1,-11531,-99.99,1,-11531,-99.99,1,1,1400-5-20,2021-08-11
835,ضپيك7040,اختيارخ تاپيكو-6070-00/07/18,2,5,43508000,7620,8400,8777,1157,15.18,8702,1082,14.2,8400,8777,1400-5-20,2021-08-11
836,آريا2,پليمر آريا ساسول,2,1500000,175065000000,113318,116710,116710,3392,2.99,116710,3392,2.99,116710,116710,1400-5-20,2021-08-11
837,زعف0008پ19,زعفران0008نگين تروند قاينات(پ),2,1050,158146800,148794,150616,150616,1822,1.22,150616,1822,1.22,150616,150616,1400-5-20,2021-08-11
838,ضچاد7034,اختيارخ كچاد-21870-1400/07/04,2,2,19501000,9356,9950,9551,195,2.08,9750,394,4.21,9551,9950,1400-5-20,2021-08-11
839,اراد644,مرابحه عام دولتي64-ش.خ0111,2,20800000,19712295200000,944500,947763,947650,3150,0.33,947706,3206,0.34,947650,947763,1400-5-20,2021-08-11
840,ضپنا8001,اختيارخ رمپنا-11850-1400/08/05,2,33,283800000,8776,8600,8600,-176,-2.01,8600,-176,-2.01,8600,8600,1400-5-20,2021-08-11
841,اراد76,مرابحه عام دولت76-ش.خ030406,2,2500,2280000000,900000,880000,920000,20000,2.22,912000,12000,1.33,880000,920000,1400-5-20,2021-08-11
842,ثاژن,سخت آژند,2,2100,19336800,9395,9208,9208,-187,-1.99,9394,-1,-0.01,9208,9208,1400-5-20,2021-08-11
843,وسزنجان,شركت س استان زنجان,2,75000,101175000,1420,1349,1349,-71,-5,1420,0,0,1349,1349,1400-5-20,2021-08-11
844,وپاسار2,بانك  پاسارگاد,2,26200000,399288000000,15240,15240,15240,0,0,15240,0,0,15240,15240,1400-5-20,2021-08-11
845,همبين102,اختيارف ت مبين17952-01/02/10,2,10250,10250,1,1,1,0,0,1,0,0,1,1,1400-5-20,2021-08-11
846,وآيند2,بانك  آينده,2,151900000,1605127300000,10161,10567,10567,406,4,10567,406,4,10567,10567,1400-5-20,2021-08-11
847,شپديس2,پتروشيمي پرديس,2,4200000,644910000000,149930,153550,153550,3620,2.41,153550,3620,2.41,153550,153550,1400-5-20,2021-08-11
848,زعف0008پ12,زعفران0008پوشالمعمول سحرخيز(پ),2,84,9345000,111999,111250,111250,-749,-0.67,111250,-749,-0.67,111250,111250,1400-5-20,2021-08-11
849,ضغدر8057,اختيارخ وغدير-9000-1400/08/26,2,60,450000000,7000,7500,7500,500,7.14,7500,500,7.14,7500,7500,1400-5-20,2021-08-11
850,ضفار8053,اختيارخ فارس-11400-1400/08/05,2,118,428400000,2500,3600,3800,1300,52,3631,1131,45.24,3600,3800,1400-5-20,2021-08-11
851,شستا002,اجاره تامين اجتماعي-تمدن000523,2,2045,2045900000,1000000,1000000,1020000,20000,2,1000440,440,0.04,1000000,1020000,1400-5-20,2021-08-11
852,اراد62,مرابحه عام دولت62-ش.خ0309,2,50000,50000000000,1000000,1000000,1000000,0,0,1000000,0,0,1000000,1000000,1400-5-20,2021-08-11
853,نگين,ص.س. زمين و ساختمان نگين شهرري,2,406,20177500,49630,49610,49930,300,0.6,49700,70,0.14,49610,49930,1400-5-20,2021-08-11
854,اپال2,فرآوري معدني اپال كاني پارس,2,18343269,399883264200,21800,21800,21800,0,0,21800,0,0,21800,21800,1400-5-20,2021-08-11
855,ضچاد7033,اختيارخ كچاد-17870-1400/07/04,2,3,37900000,12500,12500,12700,200,1.6,12633,133,1.06,12500,12700,1400-5-20,2021-08-11
856,قنقش,قند نقش جهان,2,164,11453596,71264,69839,69839,-1425,-2,71261,-3,0,69839,69839,1400-5-20,2021-08-11
857,ضملت8045,اختيارخ وبملت-5934-1400/08/19,2,2,210000,100,110,100,0,0,105,5,5,100,110,1400-5-20,2021-08-11
858,اخزا818,اسنادخزانه-م18بودجه98-010614,2,60,49040060,819413,817001,817501,-1912,-0.23,817334,-2079,-0.25,817001,817501,1400-5-20,2021-08-11
859,ضسپا8040,اختيارخ خساپا-1400-1400/08/26,2,51,33090000,530,650,590,60,11.32,649,119,22.45,590,650,1400-5-20,2021-08-11
860,كمند2,صندوق س. با درآمد ثابت كمند,2,40000000,40000000,10023,1,1,-10022,-99.99,1,-10022,-99.99,1,1,1400-5-20,2021-08-11
861,همراه2,شركت ارتباطات سيار ايران,2,44050000,400414500000,9090,9090,9090,0,0,9090,0,0,9090,9090,1400-5-20,2021-08-11
862,دحاوي,الحاوي,2,877,10272301,12075,11713,11713,-362,-3,12075,0,0,11713,11713,1400-5-20,2021-08-11
863,اراد35,مرابحه عام دولت3-ش.خ 0103,2,1000,973400000,975000,975000,959000,-16000,-1.64,973400,-1600,-0.16,959000,975000,1400-5-20,2021-08-11
864,اخزا9052,اسنادخزانه-م5بودجه99-020218,2,200000,144200000000,721369,721000,721000,-369,-0.05,721000,-369,-0.05,721000,721000,1400-5-20,2021-08-11
865,اخزا8122,اسنادخزانه-م12بودجه98-001111,2,315000,287280000000,914479,915300,908700,-5779,-0.63,912000,-2479,-0.27,908700,915300,1400-5-20,2021-08-11
866,اراد834,مرابحه عام دولت83-ش.خ041220,2,20200000,18521137600000,1000000,916906,916870,-83130,-8.31,916888,-83112,-8.31,916870,916906,1400-5-20,2021-08-11
867,سخواف,سيمان مجد خواف,2,10330,159836090,15951,15473,15473,-478,-3,15943,-8,-0.05,15473,15473,1400-5-20,2021-08-11
868,اراد82,مرابحه عام دولت82-ش.خ010912,2,4000,3588000000,915000,897000,897000,-18000,-1.97,897000,-18000,-1.97,897000,897000,1400-5-20,2021-08-11
869,افران2,صندوق س افرا نماد پايدار-ثابت,2,8834000,8834000,13979,1,1,-13978,-99.99,1,-13978,-99.99,1,1,1400-5-20,2021-08-11
870,اخزا817,اسنادخزانه-م17بودجه98-010512,2,492,409031533,831572,831100,831401,-171,-0.02,831365,-207,-0.02,831100,831401,1400-5-20,2021-08-11
871,اراد214,مرابحه عام دولت2ش.خ صادرات0212,2,19600000,18641001400000,1000000,951106,951037,-48963,-4.9,951071,-48929,-4.89,951037,951106,1400-5-20,2021-08-11
872,وصندوق2,سرمايه‌گذاري‌صندوق‌بازنشستگي‌,2,15000000,264900000000,17490,17490,18000,510,2.92,17660,170,0.97,17490,18000,1400-5-20,2021-08-11
873,فولاد2,فولاد مباركه اصفهان,1,77000000,942480000000,11790,12240,12240,450,3.82,12240,450,3.82,12240,12240,1400-5-20,2021-08-11
874,سكارون4,سيمان كارون,1,400000,45220800000,114917,113052,113052,-1865,-1.62,113052,-1865,-1.62,113052,113052,1400-5-20,2021-08-11
875,افاد82,منفعت دولت8-ش.خاص لوتوس0205,1,3000,2880000000,945000,960000,960000,15000,1.59,960000,15000,1.59,960000,960000,1400-5-20,2021-08-11
876,كباده,توليد خاك نسوزاستقلال آباده,1,7611,71094351,9069,9341,9341,272,3,9071,2,0.02,9341,9341,1400-5-20,2021-08-11
877,غگز,گز سكه,1,40000,628000000,15700,15700,15700,0,0,15700,0,0,15700,15700,1400-5-20,2021-08-11
878,اراد38,مرابحه عام دولت3-ش.خ 0105,1,1000,1009000000,985000,1009000,1009000,24000,2.44,1009000,24000,2.44,1009000,1009000,1400-5-20,2021-08-11
879,شسم,توليد سموم‌ علف‌ كش,1,15,1493475,97613,99565,99565,1952,2,97614,1,0,99565,99565,1400-5-20,2021-08-11
880,پاسار042,اجاره انرژي پاسارگاد14040302,1,280000,280000000000,1000000,1000000,1000000,0,0,1000000,0,0,1000000,1000000,1400-5-20,2021-08-11
881,شگويا2,پتروشيمي تندگويان,1,10093486,118053412256,11535,11696,11696,161,1.4,11696,161,1.4,11696,11696,1400-5-20,2021-08-11
882,مديريت4,س. و خدمات مديريت صند. ب كشوري,1,225000000,1130175000000,1000,5023,5023,4023,402.3,5023,4023,402.3,5023,5023,1400-5-20,2021-08-11
883,شغدير2,پتروشيمي غدير,1,1000000,83500000000,83020,83500,83500,480,0.58,83500,480,0.58,83500,83500,1400-5-20,2021-08-11
884,كچاد2,معدني‌وصنعتي‌چادرملو,1,28618903,868869895080,29910,30360,30360,450,1.5,30360,450,1.5,30360,30360,1400-5-20,2021-08-11
885,اوصتا4,صندوق انديشه ورزان صباتامين -د,1,25661000,500004585000,19469,19485,19485,16,0.08,19485,16,0.08,19485,19485,1400-5-20,2021-08-11
886,ضپيك7044,اختيارخ تاپيكو-12070-00/07/18,1,5,18750000,3000,3750,3750,750,25,3750,750,25,3750,3750,1400-5-20,2021-08-11
887,سلار4,شركت سيمان لارستان,1,1200000,49698000000,39965,41415,41415,1450,3.63,41415,1450,3.63,41415,41415,1400-5-20,2021-08-11
888,هفجر102,اختيارف ت بفجر8626-01/02/11,1,1,1,1,1,1,0,0,1,0,0,1,1,1400-5-20,2021-08-11
889,ضگل8074,اختيارخ كگل-12700-1400/08/23,1,1,13000000,9814,13000,13000,3186,32.46,13000,3186,32.46,13000,13000,1400-5-20,2021-08-11
890,صنفت3122,صكوك منفعت نفت312-6ماهه 18/5%,1,2500000,2476347500000,990000,990539,990539,539,0.05,990539,539,0.05,990539,990539,1400-5-20,2021-08-11
891,صگل039,صكوك اجاره گل گهر039-3ماهه20%,1,6,6000000,1050000,1000000,1000000,-50000,-4.76,1000000,-50000,-4.76,1000000,1000000,1400-5-20,2021-08-11
892,ضفار8054,اختيارخ فارس-13400-1400/08/05,1,100,190000000,100,1900,1900,1800,1800,1900,1800,1800,1900,1900,1400-5-20,2021-08-11
893,تملي701,تسهيلات مسكن ب. ملي-فروردين97,1,7,5740000,834994,820000,820000,-14994,-1.8,820000,-14994,-1.8,820000,820000,1400-5-20,2021-08-11
894,ضملي7007,اختيارخ فملي-19720-1400/07/11,1,1,100000,100,100,100,0,0,100,0,0,100,100,1400-5-20,2021-08-11
895,ضپنا8000,اختيارخ رمپنا-9850-1400/08/05,1,5,37500000,8000,7500,7500,-500,-6.25,7500,-500,-6.25,7500,7500,1400-5-20,2021-08-11
896,ضجار7038,اختيارخ وتجارت-1797-1400/07/21,1,3,2400000,901,800,800,-101,-11.21,800,-101,-11.21,800,800,1400-5-20,2021-08-11
897,تملي705,تسهيلات مسكن ب. ملي-مرداد97,1,8,5813712,764962,726714,726714,-38248,-5,726714,-38248,-5,726714,726714,1400-5-20,2021-08-11
898,زعف0008پ15,زعفران0008پوشالمعمول طلاسرخ(پ),1,50,5650000,112200,113000,113000,800,0.71,113000,800,0.71,113000,113000,1400-5-20,2021-08-11
899,فملي2,ملي‌ صنايع‌ مس‌ ايران‌,1,23350000,338108000000,14070,14480,14480,410,2.91,14480,410,2.91,14480,14480,1400-5-20,2021-08-11
900,لپيام,گسترش صنايع پيام,1,400,19888800,51259,49722,49722,-1537,-3,51256,-3,-0.01,49722,49722,1400-5-20,2021-08-11
901,تملي706,تسهيلات مسكن ب. ملي-شهريور97,1,6,5118480,897978,853080,853080,-44898,-5,853080,-44898,-5,853080,853080,1400-5-20,2021-08-11
902,نبروج,نساجي بروجرد,1,270,1634310,5821,6053,6053,232,3.99,5821,0,0,6053,6053,1400-5-20,2021-08-11
903,صبا4,سرمايه گذاري صبا تامين,1,199900000,1843277900000,8782,9221,9221,439,5,9221,439,5,9221,9221,1400-5-20,2021-08-11
904,واميد2,گروه مديريت سرمايه گذاري اميد,1,5150000,66435000000,12640,12900,12900,260,2.06,12900,260,2.06,12900,12900,1400-5-20,2021-08-11
905,صبا2,سرمايه گذاري صبا تامين,1,250000000,2305250000000,8782,9221,9221,439,5,9221,439,5,9221,9221,1400-5-20,2021-08-11
906,سپ2,پرداخت الكترونيك سامان كيش,1,4000000,108000000000,27000,27000,27000,0,0,27000,0,0,27000,27000,1400-5-20,2021-08-11
907,مشهد0012,مشاركت شهرداري مشهد-3ماهه20%,1,12,12000000,990000,1000000,1000000,10000,1.01,1000000,10000,1.01,1000000,1000000,1400-5-20,2021-08-11
908,صشستا3112,صكوك اجاره شستا311-بدون ضامن,1,380000,379999620000,1000000,999999,999999,-1,0,999999,-1,0,999999,999999,1400-5-20,2021-08-11
909,افرا2,افرانت,1,5600000,143360000000,26205,25600,25600,-605,-2.31,25600,-605,-2.31,25600,25600,1400-5-20,2021-08-11
910,اراد22,مرابحه عام دولت2-ش.خ لوتوس0212,1,3000,2880000000,945000,960000,960000,15000,1.59,960000,15000,1.59,960000,960000,1400-5-20,2021-08-11
911,گواهي ظرفيت,گواهي ظرفيت نقدي,1,25000000,545375000000,20777,21815,21815,1038,5,21815,1038,5,21815,21815,1400-5-20,2021-08-11
912,صبا1404,اجاصبابدون ضامن بارتبه اعتباري,1,50000,51500000000,1050000,1030000,1030000,-20000,-1.9,1030000,-20000,-1.9,1030000,1030000,1400-5-20,2021-08-11
913,زير0103پ04,زيره سبز0103شركت مينوبذر(پ),1,9,6570000,700000,730000,730000,30000,4.29,730000,30000,4.29,730000,730000,1400-5-20,2021-08-11
914,اراد494,مرابحه عام دولت4-ش.خ 0206,1,212000,200340000000,965714,945000,945000,-20714,-2.14,945000,-20714,-2.14,945000,945000,1400-5-20,2021-08-11
915,ضملت8040,اختيارخ وبملت-2934-1400/08/19,1,1,1350000,1200,1350,1350,150,12.5,1350,150,12.5,1350,1350,1400-5-20,2021-08-11
916,شيراز2,پتروشيمي‌شيراز,1,3793000,261717000000,68530,69000,69000,470,0.69,69000,470,0.69,69000,69000,1400-5-20,2021-08-11
917,صبا14044,اجاصبابدون ضامن بارتبه اعتباري,1,150000,150000000000,1050000,1000000,1000000,-50000,-4.76,1000000,-50000,-4.76,1000000,1000000,1400-5-20,2021-08-11
918,ضخود7080,اختيارخ خودرو-4500-1400/07/07,1,1,6000,9,6,6,-3,-33.33,6,-3,-33.33,6,6,1400-5-20,2021-08-11
919,سلامت6,مرابحه سلامت6واجدشرايط خاص1400,1,20700,20700000000,1000000,1000000,1000000,0,0,1000000,0,0,1000000,1000000,1400-5-20,2021-08-11
920,ومدير2,گ.مديريت ارزش سرمايه ص ب كشوري,1,89500000,422440000000,4792,4720,4720,-72,-1.5,4720,-72,-1.5,4720,4720,1400-5-20,2021-08-11
921,اراد654,مرابحه عام دولتي65-ش.خ0210,1,1010000,984750000000,977500,975000,975000,-2500,-0.26,975000,-2500,-0.26,975000,975000,1400-5-20,2021-08-11
922,طصاد8032,اختيارف وبصادر-1989-1400/08/12,1,25,700000,50,28,28,-22,-44,28,-22,-44,28,28,1400-5-20,2021-08-11
923,سپيدما4,صندوق س. سپيد دماوند-د,1,147000000,1593774000000,10832,10842,10842,10,0.09,10842,10,0.09,10842,10842,1400-5-20,2021-08-11
924,فارس2,صنايع پتروشيمي خليج فارس,1,13500000,187650000000,13440,13900,13900,460,3.42,13900,460,3.42,13900,13900,1400-5-20,2021-08-11
925,اراد11,مرابحه عام دولت1-ش.خ لوتوس0206,1,3000,2880000000,945000,960000,960000,15000,1.59,960000,15000,1.59,960000,960000,1400-5-20,2021-08-11
926,اراد774,مرابحه عام دولت77-ش.خ000812,1,3000000,2971149000000,1000000,990383,990383,-9617,-0.96,990383,-9617,-0.96,990383,990383,1400-5-20,2021-08-11
927,ضپيك7043,اختيارخ تاپيكو-10070-00/07/18,1,7,34930000,4625,4990,4990,365,7.89,4990,365,7.89,4990,4990,1400-5-20,2021-08-11
928,اراد334,مرابحه عام دولت3-ش.خ 0303,1,165000,143715000000,870000,871000,871000,1000,0.11,871000,1000,0.11,871000,871000,1400-5-20,2021-08-11
929,فباهنر2,مس‌ شهيدباهنر,1,6238222,162817594200,25290,26100,26100,810,3.2,26100,810,3.2,26100,26100,1400-5-20,2021-08-11
930,سنفت009,سلف موازي استاندارد سنفت009,1,62740,99985601000,1596710,1593650,1593650,-3060,-0.19,1593650,-3060,-0.19,1593650,1593650,1400-5-20,2021-08-11
931,سمازن2,سيمان‌مازندران‌,1,8416516,129698511560,15410,15410,15410,0,0,15410,0,0,15410,15410,1400-5-20,2021-08-11
932,شستا004,اجاره تامين اجتماعي-نوين000523,1,7,7073500,1011100,1010500,1010500,-600,-0.06,1010500,-600,-0.06,1010500,1010500,1400-5-20,2021-08-11
933,ولكار2,ليزينگ كارآفرين,1,74999999,323999995680,4313,4320,4320,7,0.16,4320,7,0.16,4320,4320,1400-5-20,2021-08-11
934,زعف0008پ18,زعفران0008نگين بهرامن(پ),1,550,82838800,148794,150616,150616,1822,1.22,150616,1822,1.22,150616,150616,1400-5-20,2021-08-11
935,آساميد4,صندوق س.مشترك آسمان اميد -د,1,12000000,152400000000,12585,12700,12700,115,0.91,12700,115,0.91,12700,12700,1400-5-20,2021-08-11
936,وسالت,بانك قرض الحسنه رسالت,1,5041,5771945,1112,1145,1145,33,2.97,1112,0,0,1145,1145,1400-5-20,2021-08-11
937,ضشنا8000,اختيارخ شپنا-5800-1400/08/16,1,4,32000000,7000,8000,8000,1000,14.29,8000,1000,14.29,8000,8000,1400-5-20,2021-08-11
938,شپنا2,پالايش نفت اصفهان,1,16102428,220120190760,13060,13670,13670,610,4.67,13670,610,4.67,13670,13670,1400-5-20,2021-08-11
939,كاوه2,فولاد كاوه جنوب كيش,1,3500000,74200000000,20590,21200,21200,610,2.96,21200,610,2.96,21200,21200,1400-5-20,2021-08-11
940,افاد53,منفعت دولت5-ش.خاص كاريزما0108,1,2000,1960000000,1000000,980000,980000,-20000,-2,980000,-20000,-2,980000,980000,1400-5-20,2021-08-11
941,فسديد,لوله‌وتجهيزات‌ سديد - ورشكسته,1,50,5361600,109420,107232,107232,-2188,-2,109417,-3,0,107232,107232,1400-5-20,2021-08-11
942,شاراك2,پتروشيمي شازند,1,2238705,85764788550,38310,38310,38310,0,0,38310,0,0,38310,38310,1400-5-20,2021-08-11
