,نماد,نام,تعداد,حجم,ارزش,دیروز,اولین,آخرین معامله - مقدار,آخرین معامله - تغییر,آخرین معامله - درصد,قیمت پایانی - مقدار,قیمت پایانی - تغییر,قیمت پایانی - درصد,کمترین,بیشترین,تاریخ,gregorian_date
0,غكورش,صنعت غذايي كورش,76432,17575129,671369927800,36390,38200,38200,1810,4.97,38200,1810,4.97,38200,38200,1400-3-12,2021-06-02
1,پالايش,صندوق پالايشي يكم-سهام,57925,97316007,7174004994700,72350,71800,74440,2090,2.89,73720,1370,1.89,71450,75330,1400-3-12,2021-06-02
2,فگستر,گسترش صنايع روي ايرانيان,31604,912780,10465935480,10920,11466,11466,546,5,11240,320,2.93,11466,11466,1400-3-12,2021-06-02
3,دارا يكم,صندوق واسطه گري مالي يكم-سهام,23205,20290965,2503617071140,121950,120730,124310,2360,1.94,123390,1440,1.18,120110,124970,1400-3-12,2021-06-02
4,سپيدار,سپيدار سيستم آسيا,20769,2779909,142257038070,48773,51211,51211,2438,5,51173,2400,4.92,50010,51211,1400-3-12,2021-06-02
5,چخزر,صنايع چوب خزر كاسپين,16502,7951770,272782663850,33617,35100,33628,11,0.03,34305,688,2.05,31966,35297,1400-3-12,2021-06-02
6,غزر,صنعتي زر ماكارون,15979,10350058,247165956310,22950,22000,24000,1050,4.58,23880,930,4.05,22000,24090,1400-3-12,2021-06-02
7,شپنا,پالايش نفت اصفهان,15710,191546097,2139912991720,10760,10700,11290,530,4.93,11170,410,3.81,10640,11290,1400-3-12,2021-06-02
8,امينح,ح . تامين سرمايه امين,15018,13767640,64025575660,4760,4610,4760,0,0,4650,-110,-2.31,4510,4880,1400-3-12,2021-06-02
9,اپال,فرآوري معدني اپال كاني پارس,12436,14529552,285571335370,19610,19700,19610,0,0,19650,40,0.2,19410,19940,1400-3-12,2021-06-02
10,خساپا,سايپا,11989,438657413,686575814828,1522,1519,1580,58,3.81,1565,43,2.83,1489,1595,1400-3-12,2021-06-02
11,خودرو,ايران‌ خودرو,11217,367809664,639429298231,1686,1687,1766,80,4.74,1738,52,3.08,1660,1769,1400-3-12,2021-06-02
12,شبندر,پالايش نفت بندرعباس,10928,56669975,1210197020260,21030,20250,21350,320,1.52,21360,330,1.57,20250,21990,1400-3-12,2021-06-02
13,فملي,ملي‌ صنايع‌ مس‌ ايران‌,10219,60394598,752545395210,12390,12190,12480,90,0.73,12460,70,0.56,12190,12590,1400-3-12,2021-06-02
14,فولاد,فولاد مباركه اصفهان,9352,89406208,880045727480,9650,9560,9870,220,2.28,9840,190,1.97,9560,9940,1400-3-12,2021-06-02
15,شستا,سرمايه گذاري تامين اجتماعي,9069,51464552,526349774110,10140,10010,10270,130,1.28,10230,90,0.89,9920,10390,1400-3-12,2021-06-02
16,شتران,پالايش نفت تهران,8783,114478144,942186567190,7950,7800,8340,390,4.91,8230,280,3.52,7740,8340,1400-3-12,2021-06-02
17,خگستر,گسترش‌سرمايه‌گذاري‌ايران‌خودرو,8566,328682776,620953236811,1838,1800,1929,91,4.95,1889,51,2.77,1750,1929,1400-3-12,2021-06-02
18,وبملت,بانك ملت,8434,180112487,664493275012,3678,3620,3715,37,1.01,3689,11,0.3,3594,3742,1400-3-12,2021-06-02
19,غگيلا,شيرپاستوريزه پگاه گيلان,8062,10584014,179927393761,16760,15922,17598,838,5,17000,240,1.43,15922,17598,1400-3-12,2021-06-02
20,شپلي,پلي اكريل ايران,8047,78775792,826252395468,10409,10590,10000,-409,-3.93,10489,80,0.77,9993,10825,1400-3-12,2021-06-02
21,ولپارس,ليزينگ پارسيان,7796,22931179,97311720034,4068,4143,4216,148,3.64,4244,176,4.33,4120,4271,1400-3-12,2021-06-02
22,ثشاهد,سرمايه‌ گذاري‌ شاهد,7260,33790473,505724953550,15550,14780,14990,-560,-3.6,14970,-580,-3.73,14780,15480,1400-3-12,2021-06-02
23,دماوند,توليد نيروي برق دماوند,6736,15888235,474225910434,30742,30742,29510,-1232,-4.01,29848,-894,-2.91,29205,30900,1400-3-12,2021-06-02
24,كمند,صندوق س. با درآمد ثابت كمند,6340,276654966,2812312597282,10149,10165,10166,17,0.17,10165,16,0.16,10165,10169,1400-3-12,2021-06-02
25,كزغال,زغال سنگ پروده طبس,5966,2608942,80208378839,30500,31000,31020,520,1.7,30744,244,0.8,30510,31700,1400-3-12,2021-06-02
26,ذوب,سهامي ذوب آهن  اصفهان,5889,177059192,600874115371,3257,3280,3419,162,4.97,3394,137,4.21,3212,3419,1400-3-12,2021-06-02
27,كوير,توليدي فولاد سپيد فراب كوير,5876,38572610,541357125640,13420,14090,13980,560,4.17,14030,610,4.55,13540,14090,1400-3-12,2021-06-02
28,ثاميد,توسعه و عمران اميد,5648,96719218,160096868338,1587,1619,1661,74,4.66,1655,68,4.28,1590,1666,1400-3-12,2021-06-02
29,ثبهساز,بهساز كاشانه تهران,5583,52318269,97115224907,1773,1810,1861,88,4.96,1856,83,4.68,1810,1861,1400-3-12,2021-06-02
30,فاراك,ماشين‌ سازي‌ اراك‌,5520,156295441,304587136582,2002,1902,1985,-17,-0.85,1949,-53,-2.65,1902,2029,1400-3-12,2021-06-02
31,كرمان,س. توسعه و عمران استان كرمان,5498,209910649,212246935562,974,960,1022,48,4.93,1011,37,3.8,960,1022,1400-3-12,2021-06-02
32,بوعلي,پتروشيمي بوعلي سينا,5047,1259784,55490684330,44160,43850,44500,340,0.77,44060,-100,-0.23,43450,44600,1400-3-12,2021-06-02
33,حكشتي,كشتيراني جمهوري اسلامي ايران,5020,28709362,363516874030,12620,12120,12980,360,2.85,12660,40,0.32,11990,13190,1400-3-12,2021-06-02
34,وكبهمن,مديريت سرمايه گذاري كوثربهمن,4998,2674036,29545408376,10818,10900,11053,235,2.17,11049,231,2.14,10900,11116,1400-3-12,2021-06-02
35,چكاپا,گروه صنايع كاغذ پارس,4988,72843240,309616031010,4070,4100,4273,203,4.99,4250,180,4.42,4100,4273,1400-3-12,2021-06-02
36,بزاگرس,نيروگاه زاگرس كوثر,4977,43911410,239948791119,5708,5423,5424,-284,-4.98,5464,-244,-4.27,5423,5610,1400-3-12,2021-06-02
37,خبهمن,گروه‌بهمن‌,4926,214125982,235292709859,1067,1050,1120,53,4.97,1099,32,3,1037,1120,1400-3-12,2021-06-02
38,وخارزمح,ح.سرمايه گذاري خوارزمي,4785,32663314,82343849119,2438,2300,2470,32,1.31,2521,83,3.4,2300,2650,1400-3-12,2021-06-02
39,آبادا,توليد نيروي برق آبادان,4487,4664462,49872255360,9970,10710,10930,960,9.63,10690,720,7.22,10330,11090,1400-3-12,2021-06-02
40,خزاميا,زامياد,4319,46398957,254224212390,5500,5230,5590,90,1.64,5480,-20,-0.36,5230,5690,1400-3-12,2021-06-02
41,وتجارت,بانك تجارت,4277,92280229,188403555391,2004,1970,2060,56,2.79,2042,38,1.9,1950,2082,1400-3-12,2021-06-02
42,بپيوند,برق و انرژي پيوندگستر پارس,4144,5343848,57406290913,10349,10480,10866,517,5,10743,394,3.81,10012,10866,1400-3-12,2021-06-02
43,آريا,پليمر آريا ساسول,4068,1709277,145104033412,83737,84980,85322,1585,1.89,84892,1155,1.38,83737,85520,1400-3-12,2021-06-02
44,وسپهر,سرمايه گذاري مالي سپهرصادرات,4063,7911842,71954438312,9095,9094,9096,1,0.01,9095,0,0,9094,9100,1400-3-12,2021-06-02
45,فجر,فولاد اميركبيركاشان,3996,14278657,354712218240,23950,25140,24440,490,2.05,24840,890,3.72,24100,25140,1400-3-12,2021-06-02
46,كاذر,فرآورده‌هاي‌نسوزآذر,3585,15063100,212507120080,14480,13820,14300,-180,-1.24,14110,-370,-2.56,13760,14800,1400-3-12,2021-06-02
47,پترول,گ.س.وت.ص.پتروشيمي خليج فارس,3445,18299759,155510350280,8380,8300,8540,160,1.91,8500,120,1.43,8250,8640,1400-3-12,2021-06-02
48,فارس,صنايع پتروشيمي خليج فارس,3129,27420149,264618199370,9550,9800,9610,60,0.63,9650,100,1.05,9410,9800,1400-3-12,2021-06-02
49,وبصادر,بانك صادرات ايران,3088,70035880,131601300027,1850,1791,1898,48,2.59,1879,29,1.57,1791,1918,1400-3-12,2021-06-02
50,امين,تامين سرمايه امين,3085,2205089,15684374440,7110,7110,7110,0,0,7110,0,0,7110,7120,1400-3-12,2021-06-02
51,بگيلان,توسعه مسير برق گيلان,3061,574506,10520522964,18207,18499,18310,103,0.57,18242,35,0.19,17870,18500,1400-3-12,2021-06-02
52,شگويا,پتروشيمي تندگويان,3042,15004896,127912732682,8408,8250,8597,189,2.25,8525,117,1.39,8250,8640,1400-3-12,2021-06-02
53,امين يكم,صندوق درآمد ثابت امين يكم فردا,2863,91915822,926031948704,10068,10071,10083,15,0.15,10075,7,0.07,10068,10083,1400-3-12,2021-06-02
54,كماسه,تامين‌ ماسه‌ ريخته‌گري‌,2818,6466249,204194585810,30320,31830,31800,1480,4.88,31580,1260,4.16,30360,31830,1400-3-12,2021-06-02
55,سيتا,سرمايه گذاري سيمان تامين,2791,3840389,57612421030,15000,15000,15000,0,0,15000,0,0,15000,15020,1400-3-12,2021-06-02
56,دفارا,داروسازي‌ فارابي‌,2672,2051827,101677474560,50620,53000,48130,-2490,-4.92,49550,-1070,-2.11,48090,53000,1400-3-12,2021-06-02
57,خاذين,سايپاآذين‌,2659,48422422,130724036530,2741,2604,2700,-41,-1.5,2700,-41,-1.5,2604,2814,1400-3-12,2021-06-02
58,توريل,توكاريل,2602,10985309,155025553163,14662,13929,14650,-12,-0.08,14112,-550,-3.75,13929,14665,1400-3-12,2021-06-02
59,فخوز,فولاد  خوزستان,2599,16328960,253609523060,15620,15200,15400,-220,-1.41,15530,-90,-0.58,15200,15730,1400-3-12,2021-06-02
60,وخارزم,سرمايه گذاري خوارزمي,2598,48469972,191655361475,3782,3780,3971,189,5,3954,172,4.55,3660,3971,1400-3-12,2021-06-02
61,چكارن,كارتن‌ ايران‌,2562,32366871,88372389974,2777,2639,2755,-22,-0.79,2730,-47,-1.69,2639,2820,1400-3-12,2021-06-02
62,ثتران,سرمايه گذاري مسكن تهران,2557,36448976,110657610498,3054,2902,3111,57,1.87,3036,-18,-0.59,2902,3170,1400-3-12,2021-06-02
63,كلوند,كاشي‌ الوند,2476,5520759,103433509500,18960,18410,19070,110,0.58,18740,-220,-1.16,18150,19310,1400-3-12,2021-06-02
64,وغدير,سرمايه‌گذاري‌غدير(هلدينگ‌,2444,16702357,175961627140,10280,10100,10600,320,3.11,10540,260,2.53,10100,10680,1400-3-12,2021-06-02
65,وپاسار,بانك  پاسارگاد,2431,35632841,564539885110,15830,15200,15850,20,0.13,15840,10,0.06,15200,15860,1400-3-12,2021-06-02
66,كاما,باما,2382,26052138,212495649720,7850,7800,8240,390,4.97,8160,310,3.95,7800,8240,1400-3-12,2021-06-02
67,پيزد,مجتمع صنايع لاستيك يزد,2366,309478,17689335020,55440,57000,57300,1860,3.35,57159,1719,3.1,56440,58180,1400-3-12,2021-06-02
68,غگل,گلوكوزان‌,2304,41966613,119903052628,2765,2793,2903,138,4.99,2857,92,3.33,2750,2903,1400-3-12,2021-06-02
69,نوري,پتروشيمي نوري,2300,2825804,181776151000,62790,63340,64580,1790,2.85,64330,1540,2.45,63000,65350,1400-3-12,2021-06-02
70,سبزوا,سيمان لار سبزوار,2277,24756953,67409797870,2683,2561,2774,91,3.39,2723,40,1.49,2561,2795,1400-3-12,2021-06-02
71,دزهراوي,داروسازي‌زهراوي‌,2148,22011733,124320650030,5890,5600,5700,-190,-3.23,5650,-240,-4.07,5600,5880,1400-3-12,2021-06-02
72,تسه0002,امتيازتسهيلاتمسكن ارديبهشت1400,2147,107941,58681042833,537476,550000,548800,11324,2.11,543640,6164,1.15,531000,550000,1400-3-12,2021-06-02
73,بترانس,ايران‌ ترانسفو,2147,39357879,85198644822,2126,2110,2192,66,3.1,2165,39,1.83,2062,2199,1400-3-12,2021-06-02
74,وملي,گروه‌ صنعتي‌ ملي‌ (هلدينگ‌,2112,889274,114485142590,131500,124930,130500,-1000,-0.76,128740,-2760,-2.1,124930,134940,1400-3-12,2021-06-02
75,وبيمه,سرمايه‌ گذاري‌ صنعت‌ بيمه‌,2110,49178392,97150331778,1899,1960,1993,94,4.95,1975,76,4,1920,1993,1400-3-12,2021-06-02
76,سبهان,سيمان‌ بهبهان‌,2092,2405107,159523604320,80480,64000,67200,-13280,-16.5,66330,-14150,-17.58,64000,67200,1400-3-12,2021-06-02
77,وپارس,بانك‌پارسيان‌,1977,42083620,120403066356,2837,2852,2889,52,1.83,2860,23,0.81,2850,2905,1400-3-12,2021-06-02
78,اعتماد,صندوق س.اعتماد آفرين پارسيان-د,1943,43676570,1606723636500,36731,36751,36786,55,0.15,36787,56,0.15,36751,36803,1400-3-12,2021-06-02
79,ثاخت,بين‌المللي‌توسعه‌ساختمان,1861,38014542,75697074182,1924,1851,2020,96,4.99,1991,67,3.48,1851,2020,1400-3-12,2021-06-02
80,ماديرا,صنايع ماديران,1846,13907474,104411409063,7232,7270,7593,361,4.99,7508,276,3.82,7101,7593,1400-3-12,2021-06-02
81,ختوقا,قطعات‌ اتومبيل‌ ايران‌,1841,30868231,53594846837,1731,1660,1770,39,2.25,1736,5,0.29,1653,1799,1400-3-12,2021-06-02
82,فرآور,فرآوري‌موادمعدني‌ايران‌,1812,7254001,173958658500,25130,23880,24130,-1000,-3.98,23980,-1150,-4.58,23880,24550,1400-3-12,2021-06-02
83,ستران,سيمان‌ تهران‌,1807,6835311,128917034030,18160,17860,19060,900,4.96,18860,700,3.85,17860,19060,1400-3-12,2021-06-02
84,سرو,صندوق س سروسودمند مدبران-سهام,1771,1504337,90635919780,58930,58700,60750,1820,3.09,60250,1320,2.24,58700,60900,1400-3-12,2021-06-02
85,بجهرم,توسعه مولد نيروگاهي جهرم,1743,27102042,56565319798,2003,2005,2103,100,4.99,2087,84,4.19,2005,2103,1400-3-12,2021-06-02
86,كيان,صندوق س. با درآمد ثابت كيان,1725,20484430,588049542280,28671,28693,28725,54,0.19,28707,36,0.13,28690,28730,1400-3-12,2021-06-02
87,بركت,گروه دارويي بركت,1643,5558045,159738213300,27380,28740,28740,1360,4.97,28740,1360,4.97,28740,28740,1400-3-12,2021-06-02
88,كفپارس,فرآورده‌هاي‌ نسوز پارس‌,1628,24084172,64084544256,2693,2563,2701,8,0.3,2661,-32,-1.19,2559,2770,1400-3-12,2021-06-02
89,گكوثر,هتل پارسيان كوثر اصفهان,1621,36073883,75928557697,2022,2092,2123,101,5,2105,83,4.1,2010,2123,1400-3-12,2021-06-02
90,شغدير,پتروشيمي غدير,1589,2260312,166087688570,71180,71900,74020,2840,3.99,73480,2300,3.23,71300,74710,1400-3-12,2021-06-02
91,ضخود7074,اختيارخ خودرو-1800-1400/07/07,1571,63481,15648130000,226,226,249,23,10.18,247,21,9.29,211,263,1400-3-12,2021-06-02
92,آگاس,صندوق س.هستي بخش آگاه-س,1558,2042311,132024788806,63692,63999,65099,1407,2.21,64645,953,1.5,63562,65296,1400-3-12,2021-06-02
93,خفنر,فنرسازي‌خاور,1548,16119709,62803166105,4010,3810,3950,-60,-1.5,3896,-114,-2.84,3810,4030,1400-3-12,2021-06-02
94,صبا,سرمايه گذاري صبا تامين,1543,4953635,35576067416,7179,6980,7204,25,0.35,7180,1,0.01,6980,7240,1400-3-12,2021-06-02
95,كگلح,ح . معدني و صنعتي گل گهر,1532,11762375,133436190770,11300,11220,11400,100,0.88,11340,40,0.35,11220,11470,1400-3-12,2021-06-02
96,خموتور,موتورسازان‌تراكتورسازي‌ايران‌,1531,11092413,118557555270,14830,10800,10260,-4570,-30.82,10690,-4140,-27.92,10260,11340,1400-3-12,2021-06-02
97,ومعادنح,ح . توسعه‌معادن‌وفلزات‌,1501,18209157,107897425840,5880,5800,6010,130,2.21,5930,50,0.85,5760,6040,1400-3-12,2021-06-02
98,كارين2,صندوق س نگين سامان-ثابت,1499,149900000,149900000,10063,1,1,-10062,-99.99,1,-10062,-99.99,1,1,1400-3-12,2021-06-02
99,شبريز,پالايش نفت تبريز,1443,4120919,102564610010,24580,24270,24800,220,0.9,24890,310,1.26,24100,25520,1400-3-12,2021-06-02
100,وپست,پست بانك ايران,1420,5134101,117861457060,23130,22260,22800,-330,-1.43,22960,-170,-0.73,22260,23540,1400-3-12,2021-06-02
101,غسالم,سالمين‌,1395,12696076,43071052505,3408,3290,3400,-8,-0.23,3392,-16,-0.47,3281,3499,1400-3-12,2021-06-02
102,ديرانح,ح . ‌ايران‌دارو,1394,2849193,27632247360,15790,9000,9900,-5890,-37.3,9700,-6090,-38.57,9000,9900,1400-3-12,2021-06-02
103,غويتا,ويتانا,1394,12000374,149590867441,17898,12000,12600,-5298,-29.6,12466,-5432,-30.35,11400,12600,1400-3-12,2021-06-02
104,حفاري,حفاري شمال,1387,20257566,123724358680,5830,5760,6120,290,4.97,6110,280,4.8,5760,6120,1400-3-12,2021-06-02
105,تملت,تامين سرمايه بانك ملت,1367,7121833,30264813514,4179,4200,4344,165,3.95,4250,71,1.7,4179,4359,1400-3-12,2021-06-02
106,ودي,بيمه  دي,1353,4977764,99313783233,19343,19350,20258,915,4.73,19951,608,3.14,19020,20300,1400-3-12,2021-06-02
107,ساوه,سيمان ساوه,1343,542739,22460120212,40694,40000,41570,876,2.15,41383,689,1.69,39801,42440,1400-3-12,2021-06-02
108,وسلرستا,شركت س استان لرستان,1338,60036580,35115839000,565,593,593,28,4.96,585,20,3.54,550,593,1400-3-12,2021-06-02
109,نوين,بيمه نوين,1328,10106387,54078433312,5252,5260,5420,168,3.2,5351,99,1.88,5190,5490,1400-3-12,2021-06-02
110,ونوين,بانك‌اقتصادنوين‌,1323,23582496,99891141521,4167,4130,4270,103,2.47,4236,69,1.66,4130,4304,1400-3-12,2021-06-02
111,دانا,بيمه دانا,1321,15764757,78574050790,4780,4800,5010,230,4.81,4980,200,4.18,4770,5010,1400-3-12,2021-06-02
112,بكهنوج,توليد برق ماهتاب كهنوج,1269,33905223,46059131583,1318,1350,1383,65,4.93,1358,40,3.03,1291,1383,1400-3-12,2021-06-02
113,سفارس,سيمان فارس و خوزستان,1266,7676200,129592535160,16220,16680,17030,810,4.99,16880,660,4.07,16320,17030,1400-3-12,2021-06-02
114,غپينو,پارس‌ مينو,1247,30959737,198796608070,6150,6160,6450,300,4.88,6420,270,4.39,5900,6450,1400-3-12,2021-06-02
115,وسگيلا,شركت س استان گيلان,1246,102591875,68592200683,646,620,678,32,4.95,669,23,3.56,620,678,1400-3-12,2021-06-02
116,خصدرا,صنعتي‌ دريايي‌ ايران‌,1244,28079233,60700584715,2102,2148,2165,63,3,2162,60,2.85,2122,2165,1400-3-12,2021-06-02
117,ومعادن,توسعه‌معادن‌وفلزات‌,1227,14384367,118601798920,8200,8110,8250,50,0.61,8240,40,0.49,8110,8340,1400-3-12,2021-06-02
118,كچاد,معدني‌وصنعتي‌چادرملو,1222,4599487,105857898270,23040,23140,22900,-140,-0.61,23020,-20,-0.09,22590,23300,1400-3-12,2021-06-02
119,گشان,توسعه بين المللي پديده شانديز,1212,2433097,53459701380,21609,21700,22041,432,2,21972,363,1.68,21616,22041,1400-3-12,2021-06-02
120,شيران,س. صنايع‌شيميايي‌ايران,1203,3882259,77607124950,20080,19560,19950,-130,-0.65,19990,-90,-0.45,19560,20280,1400-3-12,2021-06-02
121,كي بي سي,شركت كي بي سي,1196,2786502,60945324138,22728,21592,22450,-278,-1.22,21872,-856,-3.77,21592,22728,1400-3-12,2021-06-02
122,وساپا,سرمايه‌گذاري‌ سايپا,1186,14889750,62507141472,4036,4036,4237,201,4.98,4198,162,4.01,4036,4237,1400-3-12,2021-06-02
123,بنو,بيمه تجارت نو,1153,40924068,1091199349152,28067,26664,26664,-1403,-5,26664,-1403,-5,26664,26664,1400-3-12,2021-06-02
124,خودكفا,اقتصادي و خودكفايي آزادگان,1147,5420881,94253542147,16921,16940,17428,507,3,17387,466,2.75,16940,17428,1400-3-12,2021-06-02
125,ساراب,سيمان‌ داراب‌,1140,3718619,71227050460,19050,19850,19480,430,2.26,19150,100,0.52,18750,19850,1400-3-12,2021-06-02
126,شاراك,پتروشيمي شازند,1140,3892809,103453228760,26720,26400,26600,-120,-0.45,26580,-140,-0.52,26310,27000,1400-3-12,2021-06-02
127,دكوثر,داروسازي‌ كوثر,1111,10535174,48881397495,4583,4674,4669,86,1.88,4640,57,1.24,4510,4754,1400-3-12,2021-06-02
128,كگل,معدني و صنعتي گل گهر,1097,7350085,106106099260,14510,14180,14510,0,0,14450,-60,-0.41,14180,14550,1400-3-12,2021-06-02
129,سرچشمه,سرمايه گذاري مس سرچشمه,1097,7732470,55647043488,7010,7000,7360,350,4.99,7197,187,2.67,6890,7360,1400-3-12,2021-06-02
130,غمينو,شركت صنايع غذايي مينو شرق,1091,5229039,45701583245,8583,8225,8931,348,4.05,8740,157,1.83,8225,9010,1400-3-12,2021-06-02
131,وتوصا,گروه س توسعه صنعتي ايران,1089,4356371,35422360580,8100,7890,8130,30,0.37,8130,30,0.37,7890,8280,1400-3-12,2021-06-02
132,وبانك,سرمايه گذاري گروه توسعه ملي,1089,7025297,49458837100,7010,6850,7090,80,1.14,7030,20,0.29,6850,7180,1400-3-12,2021-06-02
133,قاسم,قاسم ايران,1077,4486722,45709929174,9822,9410,10300,478,4.87,10188,366,3.73,9410,10300,1400-3-12,2021-06-02
134,سصوفي,سيمان‌ صوفيان‌,1072,4367908,51360298330,11610,11250,11970,360,3.1,11760,150,1.29,11250,11990,1400-3-12,2021-06-02
135,پاكشو,گروه صنعتي پاكشو,1064,11199576,65833095390,5870,5580,5900,30,0.51,5870,0,0,5580,6100,1400-3-12,2021-06-02
136,شكربن,كربن‌ ايران‌,1049,898769,67728483260,76200,73020,74130,-2070,-2.72,75360,-840,-1.1,73020,78500,1400-3-12,2021-06-02
137,ولساپا,ليزينگ رايان‌ سايپا,1029,16629870,43346171000,2563,2550,2650,87,3.39,2607,44,1.72,2453,2680,1400-3-12,2021-06-02
138,شلرد,كود شيميايي اوره لردگان,1016,9374220,52675508031,5474,5450,5638,164,3,5619,145,2.65,5445,5638,1400-3-12,2021-06-02
139,فمراد,آلومراد,1011,535682,40710525580,75350,75810,77960,2610,3.46,76000,650,0.86,73010,78500,1400-3-12,2021-06-02
140,شپترو,پتروشيمي آبادان,1008,12273304,49675177284,4030,4026,4068,38,0.94,4047,17,0.42,3950,4111,1400-3-12,2021-06-02
141,ونيكي,سرمايه‌گذاري‌ ملي‌ايران‌,979,6406573,50919163660,7990,7710,8000,10,0.13,7950,-40,-0.5,7710,8130,1400-3-12,2021-06-02
142,البرز,بيمه البرز,944,12522271,47438895990,3667,3700,3807,140,3.82,3788,121,3.3,3600,3835,1400-3-12,2021-06-02
143,تاپيكو,س. نفت و گاز و پتروشيمي تأمين,939,11779880,121727877150,10270,10050,10390,120,1.17,10330,60,0.58,10050,10440,1400-3-12,2021-06-02
144,رمپنا,گروه مپنا (سهامي عام),919,5924585,72630571530,12310,11860,12300,-10,-0.08,12280,-30,-0.24,11850,12490,1400-3-12,2021-06-02
145,كاوه,فولاد كاوه جنوب كيش,906,5163106,95410365550,18560,18120,18450,-110,-0.59,18490,-70,-0.38,18120,18750,1400-3-12,2021-06-02
146,ورنا,سرمايه‌گذاري‌ رنا(هلدينگ‌,882,11363592,46745972165,4052,4150,4180,128,3.16,4114,62,1.53,4000,4184,1400-3-12,2021-06-02
147,ساروم,سيمان‌اروميه‌,876,2554719,67726450960,25590,25590,26810,1220,4.77,26510,920,3.6,25580,26860,1400-3-12,2021-06-02
148,ميدكو,هلدينگ صنايع  معدني خاورميانه,874,5039143,207377956612,41153,41238,41153,0,0,41153,0,0,41100,41238,1400-3-12,2021-06-02
149,معيار ,سرمايه گذاري معيار صنعت پارس,872,1523660,83011227161,53535,55140,55141,1606,3,54481,946,1.77,51929,55141,1400-3-12,2021-06-02
150,شبصير,توليدات پتروشيمي قائد بصير,872,896143,76543302241,82876,86000,86600,3724,4.49,85414,2538,3.06,83097,86690,1400-3-12,2021-06-02
151,آسيا,بيمه آسيا,864,27975011,48979920091,1684,1654,1768,84,4.99,1751,67,3.98,1650,1768,1400-3-12,2021-06-02
152,قرن,پديده شيمي قرن,851,1631236,52628861330,32170,32900,32460,290,0.9,32260,90,0.28,31990,32900,1400-3-12,2021-06-02
153,كگهر,سنگ آهن گهرزمين,850,869784,35300717639,39710,38000,41000,1290,3.25,39969,259,0.65,37855,41360,1400-3-12,2021-06-02
154,ضخود7075,اختيارخ خودرو-2000-1400/07/07,849,37865,6483909000,152,154,173,21,13.82,171,19,12.5,150,180,1400-3-12,2021-06-02
155,وبوعلي,سرمايه‌گذاري‌بوعلي‌,842,10396333,41938901011,3865,3928,4058,193,4.99,4034,169,4.37,3869,4058,1400-3-12,2021-06-02
156,كارين,صندوق س نگين سامان-ثابت,837,37157206,374272568115,10063,10066,10076,13,0.13,10073,10,0.1,10066,10076,1400-3-12,2021-06-02
157,سدور,سيمان‌ دورود,831,8974104,74421317040,7920,7880,8310,390,4.92,8290,370,4.67,7880,8310,1400-3-12,2021-06-02
158,غگرجي,بيسكويت‌  گرجي‌,829,3513585,43058208940,12230,12320,12330,100,0.82,12250,20,0.16,12230,12440,1400-3-12,2021-06-02
159,پلوله,گازلوله‌,827,3314936,83608944929,25116,24363,25869,753,3,25222,106,0.42,24363,25869,1400-3-12,2021-06-02
160,زاگرس,پتروشيمي زاگرس,826,301414,65283203078,212079,211201,217900,5821,2.74,214875,2796,1.32,211201,218500,1400-3-12,2021-06-02
161,فپنتا,سپنتا,820,191561,71354709730,387460,368090,375000,-12460,-3.22,372490,-14970,-3.86,368090,395000,1400-3-12,2021-06-02
162,ختراك,ريخته‌گري‌ تراكتورسازي‌ ايران‌,819,5313849,61513185940,12850,11360,11310,-1540,-11.98,11580,-1270,-9.88,11300,11920,1400-3-12,2021-06-02
163,وتوكا,سرمايه‌گذاري‌توكافولاد(هلدينگ,811,3539152,30199757600,8310,8650,8590,280,3.37,8530,220,2.65,8330,8650,1400-3-12,2021-06-02
164,طلا,صندوق س.پشتوانه طلاي لوتوس,806,388541,30389188839,77161,77410,78180,1019,1.32,78214,1053,1.36,77350,78690,1400-3-12,2021-06-02
165,آوا,صندوق س.سهام آواي معيار-س,803,7732906,49648345291,6341,6310,6431,90,1.42,6420,79,1.25,6285,6475,1400-3-12,2021-06-02
166,شرانل,نفت ايرانول,789,1804340,78060492135,42802,42802,43930,1128,2.64,43263,461,1.08,42000,44328,1400-3-12,2021-06-02
167,بپاس,بيمه پاسارگاد,777,2369923,232327200186,98030,94700,98065,35,0.04,98032,2,0,94700,98500,1400-3-12,2021-06-02
168,شجم,صنايع پتروشيمي تخت جمشيد,774,14228122,130928207077,8943,9211,9211,268,3,9202,259,2.9,9010,9211,1400-3-12,2021-06-02
169,فاسمين,كالسيمين‌,773,6613354,98501773520,14260,14480,14970,710,4.98,14890,630,4.42,13970,14970,1400-3-12,2021-06-02
170,فنوال,نورد آلومينيوم‌,768,878904,22891096810,25470,25950,25960,490,1.92,26050,580,2.28,25510,26680,1400-3-12,2021-06-02
171,كروي,توسعه‌ معادن‌ روي‌ ايران‌,766,2359580,49399430970,20350,19720,21000,650,3.19,20940,590,2.9,19720,21360,1400-3-12,2021-06-02
172,سفانو,سيمان فارس نو,763,2611534,64961223680,26080,24780,24780,-1300,-4.98,24870,-1210,-4.64,24780,26060,1400-3-12,2021-06-02
173,حتايد,تايدواترخاورميانه,749,2319514,60242751290,25810,26600,26300,490,1.9,25970,160,0.62,24660,26600,1400-3-12,2021-06-02
174,دتماد,توليدمواداوليه‌داروپخش‌,746,1328609,51462256450,37200,37020,39000,1800,4.84,38730,1530,4.11,37020,39060,1400-3-12,2021-06-02
175,ولتجار,واسپاري تجارت وسرمايه ايرانيان,740,8073971,53879393699,6966,6618,6796,-170,-2.44,6673,-293,-4.21,6618,6875,1400-3-12,2021-06-02
176,هرمز,فولاد هرمزگان جنوب,740,3723620,58576884659,15858,15302,15778,-80,-0.5,15798,-60,-0.38,15220,15989,1400-3-12,2021-06-02
177,سمازن,سيمان‌مازندران‌,734,4887582,53065182590,10400,10220,10870,470,4.52,10860,460,4.42,10220,10920,1400-3-12,2021-06-02
178,شنفت,نفت‌ پارس‌,725,1719275,88718887810,49400,50700,51870,2470,5,51600,2200,4.45,49500,51870,1400-3-12,2021-06-02
179,تاصيكو,سرمايه گذاري صدرتامين,723,9351518,89926018430,9610,9620,9700,90,0.94,9610,0,0,9390,9770,1400-3-12,2021-06-02
180,والبر,سرمايه‌ گذاري‌ البرز(هلدينگ‌,717,4071308,55569916330,13080,13250,13730,650,4.97,13650,570,4.36,13120,13730,1400-3-12,2021-06-02
181,لسرما,سرما آفرين‌,717,1193355,25771313030,21250,21210,21680,430,2.02,21600,350,1.65,21010,21970,1400-3-12,2021-06-02
182,ومهان,گروه توسعه مالي مهر آيندگان,716,2617759,32489900106,12133,12140,12589,456,3.76,12315,182,1.5,12000,12589,1400-3-12,2021-06-02
183,ثمسكن,سرمايه‌گذاري‌ مسكن‌,713,14291751,58676508697,4063,4000,4129,66,1.62,4106,43,1.06,4000,4200,1400-3-12,2021-06-02
184,ضسپا3002,اختيارخ خساپا-1800-1400/03/26,712,38973,608204000,20,10,18,-2,-10,16,-4,-20,10,24,1400-3-12,2021-06-02
185,وسبحان,سرمايه گذاري سبحان,701,11846836,27498971121,2299,2299,2330,31,1.35,2321,22,0.96,2201,2355,1400-3-12,2021-06-02
186,سشرق,سيمان‌ شرق‌,686,8958612,49883900640,5370,5400,5630,260,4.84,5570,200,3.72,5200,5630,1400-3-12,2021-06-02
187,وپترو,سرمايه‌گذاري صنايع پتروشيمي‌,681,2149713,25214512730,11810,11240,11660,-150,-1.27,11730,-80,-0.68,11220,12100,1400-3-12,2021-06-02
188,وكادو,تكادو,677,4793182,63083462762,13458,13055,13300,-158,-1.17,13161,-297,-2.21,13055,13668,1400-3-12,2021-06-02
189,آكورد,صندوق س. آرمان آتي كوثر-د,676,14929195,483409040027,32363,32384,32490,127,0.39,32380,17,0.05,32378,32490,1400-3-12,2021-06-02
190,فنورد,نوردوقطعات‌ فولادي‌,674,371986,60202821810,154910,159000,162650,7740,5,161840,6930,4.47,154550,162650,1400-3-12,2021-06-02
191,شسپا,نفت سپاهان,674,3172322,45377226010,14270,14270,14330,60,0.42,14300,30,0.21,14010,14540,1400-3-12,2021-06-02
192,درهآور,دارويي ره آورد تامين,672,816108,20445232645,25248,25490,24950,-298,-1.18,25052,-196,-0.78,24306,25700,1400-3-12,2021-06-02
193,ارزش,صندوق س ارزش آفرين بيدار-سهام,667,4165425,35329257120,8320,8220,8580,260,3.13,8480,160,1.92,8220,8620,1400-3-12,2021-06-02
194,ثعتما,س. ساختماني اعتماد گستر,667,1859520,49970538717,26157,26941,26941,784,3,26873,716,2.74,26162,26941,1400-3-12,2021-06-02
195,شپديس,پتروشيمي پرديس,664,992564,98018499170,97810,97780,98550,740,0.76,98680,870,0.89,97000,100100,1400-3-12,2021-06-02
196,وسكاب,س.ص.بازنشستگي كاركنان بانكها,641,5160897,25201122983,4770,4849,4946,176,3.69,4883,113,2.37,4772,4990,1400-3-12,2021-06-02
197,وساخت,سرمايه‌ گذاري‌ ساختمان‌ايران‌,640,735433,34589416180,46360,46710,47000,640,1.38,47030,670,1.45,46710,47500,1400-3-12,2021-06-02
198,دپارس,پارس‌ دارو,639,1045656,37136738710,37210,35380,35350,-1860,-5,35520,-1690,-4.54,35350,36940,1400-3-12,2021-06-02
199,افران,صندوق س افرا نماد پايدار-ثابت,630,19471006,261723793444,13433,13439,13445,12,0.09,13442,9,0.07,13439,13445,1400-3-12,2021-06-02
200,بخاور,بيمه زندگي خاورميانه,623,5270156,27967304903,5529,5253,5479,-50,-0.9,5307,-222,-4.02,5253,5540,1400-3-12,2021-06-02
201,پتاير,ايران‌ تاير,622,38422913,108775266703,2697,2831,2831,134,4.97,2831,134,4.97,2831,2831,1400-3-12,2021-06-02
202,وسخوز,شركت س استان خوزستان,621,31666714,26415849579,876,833,849,-27,-3.08,863,-13,-1.48,833,850,1400-3-12,2021-06-02
203,كهمدا,شيشه‌ همدان‌,620,1974881,17164629200,8480,8100,8830,350,4.13,8690,210,2.48,8100,8900,1400-3-12,2021-06-02
204,فروس,فروسيليس‌ ايران‌,603,13103297,70094931535,5118,5160,5373,255,4.98,5349,231,4.51,5100,5373,1400-3-12,2021-06-02
205,افق,فروشگاههاي زنجيره اي افق كوروش,597,1053527,69643603280,66270,64900,66460,190,0.29,66130,-140,-0.21,64510,67250,1400-3-12,2021-06-02
206,ارفع,شركت آهن و فولاد ارفع,591,3173633,41890345900,12845,12430,13310,465,3.62,13079,234,1.82,12430,13320,1400-3-12,2021-06-02
207,پارند,صندوق س. پارند پايدار سپهر,590,18321935,207719994505,11319,11336,11337,18,0.16,11337,18,0.16,11336,11346,1400-3-12,2021-06-02
208,خريخت,صنايع‌ريخته‌گري‌ايران‌,585,8960743,20515966028,2237,2150,2348,111,4.96,2290,53,2.37,2150,2348,1400-3-12,2021-06-02
209,دسبحان,سبحان دارو,575,1337601,19453141190,14870,14870,14430,-440,-2.96,14540,-330,-2.22,14130,14900,1400-3-12,2021-06-02
210,سامان,بانك سامان,572,5363124,48025945392,9185,9000,8930,-255,-2.78,8955,-230,-2.5,8910,9185,1400-3-12,2021-06-02
211,خكرمان,گروه اقتصادي كرمان خودرو,566,9742690,29303689890,2936,2949,3024,88,3,3008,72,2.45,2900,3024,1400-3-12,2021-06-02
212,دسبحانح,ح. سبحان دارو,565,889655,11025500480,10390,13500,12180,1790,17.23,12390,2000,19.25,12150,13500,1400-3-12,2021-06-02
213,مدير,ص.س.مديريت ثروت ص.بازنشستگي-س,565,2577257,20221628763,7733,7560,7900,167,2.16,7846,113,1.46,7560,7910,1400-3-12,2021-06-02
214,وصنعت,سرمايه گذاري توسعه صنعت وتجارت,565,4240895,23519649700,5460,5420,5550,90,1.65,5550,90,1.65,5410,5630,1400-3-12,2021-06-02
215,فسپا,گروه‌صنعتي‌سپاهان‌,541,1496644,54596523630,35100,34240,36850,1750,4.99,36480,1380,3.93,34240,36850,1400-3-12,2021-06-02
216,حخزر,كشتيراني درياي خزر,540,1813552,39639678210,20819,21800,21859,1040,5,21857,1038,4.99,21503,21859,1400-3-12,2021-06-02
217,شبهرن,نفت‌ بهران‌,534,2064237,22550545470,10800,10790,10950,150,1.39,10850,50,0.46,10780,11100,1400-3-12,2021-06-02
218,كفرا,فراورده‌ هاي‌ نسوزايران‌,531,931875,17728138010,18640,18980,19280,640,3.43,19020,380,2.04,18040,19400,1400-3-12,2021-06-02
219,تسه0001,امتيازتسهيلات مسكن فروردين1400,528,7788,4300801989,542686,550000,560000,17314,3.19,552234,9548,1.76,534005,569820,1400-3-12,2021-06-02
220,سبجنو,سيمان‌ بجنورد,516,857358,27728551470,31640,33200,32400,760,2.4,32340,700,2.21,30600,33200,1400-3-12,2021-06-02
221,فايرا,آلومينيوم‌ايران‌,511,1486879,26029685360,17820,17000,17490,-330,-1.85,17700,-120,-0.67,17000,17810,1400-3-12,2021-06-02
222,واميدح,ح.گروه مديريت سرمايه گذار اميد,509,3638745,26715388380,7350,7110,7260,-90,-1.22,7340,-10,-0.14,7110,7500,1400-3-12,2021-06-02
223,ما,بيمه  ما,506,4353769,39748768460,8780,9050,9210,430,4.9,9130,350,3.99,9030,9210,1400-3-12,2021-06-02
224,آرمان,بيمه آرمان,496,1887443,13535465432,7299,7514,7090,-209,-2.86,7171,-128,-1.75,7081,7517,1400-3-12,2021-06-02
225,كاردان,صندوق س تجارت شاخصي كاردان,492,175394,25355586310,143750,144100,146180,2430,1.69,144560,810,0.56,142000,146500,1400-3-12,2021-06-02
226,سهگمت,سيمان‌هگمتان‌,487,1788428,35351990250,19470,19270,20210,740,3.8,19770,300,1.54,19100,20270,1400-3-12,2021-06-02
227,وسينا,بانك سينا,482,11381643,26473450399,2300,2250,2338,38,1.65,2326,26,1.13,2230,2380,1400-3-12,2021-06-02
228,وگردش,بانك گردشگري,470,2678506,37602659923,14411,13979,14200,-211,-1.46,14245,-166,-1.15,13979,14397,1400-3-12,2021-06-02
229,وملل,اعتباري ملل,469,14069947,180521041711,12801,12829,12830,29,0.23,12830,29,0.23,12829,12850,1400-3-12,2021-06-02
230,تسه9803,امتياز تسهيلات مسكن خرداد98,468,4314,2307178783,532291,518666,547000,14709,2.76,534812,2521,0.47,516002,558905,1400-3-12,2021-06-02
231,همراه,شركت ارتباطات سيار ايران,466,1403419,26679992910,19350,19000,18960,-390,-2.02,19260,-90,-0.47,18800,19250,1400-3-12,2021-06-02
232,واميد,گروه مديريت سرمايه گذاري اميد,462,2037610,19745311850,9970,9500,9760,-210,-2.11,9920,-50,-0.5,9500,9920,1400-3-12,2021-06-02
233,سيدكو,سرمايه گذاري توسعه صنايع سيمان,462,8841350,48651643040,5260,5300,5520,260,4.94,5500,240,4.56,5200,5520,1400-3-12,2021-06-02
234,وصنا,گروه‌صنايع‌بهشهرايران‌,460,3988058,18895776183,4652,4550,4701,49,1.05,4738,86,1.85,4550,4820,1400-3-12,2021-06-02
235,مبين,مبين انرژي خليج فارس,459,2084482,31267925890,15120,14960,15000,-120,-0.79,15090,-30,-0.2,14750,15290,1400-3-12,2021-06-02
236,شفن,پتروشيمي فناوران,459,99219,29655392450,289280,295200,300460,11180,3.86,291940,2660,0.92,295200,300570,1400-3-12,2021-06-02
237,پارسان,گسترش نفت و گاز پارسيان,454,3894349,70212208120,17990,17450,18010,20,0.11,18010,20,0.11,17450,18210,1400-3-12,2021-06-02
238,ياقوت,صندوق س ياقوت آگاه-ثابت,450,7015858,87067290991,12401,12415,12414,13,0.1,12410,9,0.07,12405,12415,1400-3-12,2021-06-02
239,پكرمان,گروه‌ صنعتي‌ بارز,447,1235184,29610758910,23430,23360,23990,560,2.39,23970,540,2.3,23060,24290,1400-3-12,2021-06-02
240,تسه9912,امتياز تسهيلات مسكن اسفند99,447,6643,3690040484,548198,550000,530525,-17673,-3.22,555478,7280,1.33,530525,575000,1400-3-12,2021-06-02
241,قيستو,شركت قند بيستون,446,1388780,21930434795,16005,15365,15365,-640,-4,15791,-214,-1.34,15365,16645,1400-3-12,2021-06-02
242,غمارگ,مارگارين‌,438,976540,17570160970,17700,17700,18240,540,3.05,17990,290,1.64,17510,18300,1400-3-12,2021-06-02
243,وثوق,سرمايه گذاري وثوق امين,436,997284,13403496846,13807,13394,13590,-217,-1.57,13440,-367,-2.66,13393,13750,1400-3-12,2021-06-02
244,آريان,سرمايه گذاري پارس آريان,433,6023684,69017106294,11189,11200,11524,335,2.99,11393,204,1.82,10854,11524,1400-3-12,2021-06-02
245,فسازان,غلتك سازان سپاهان,431,1455613,41517593090,27690,28270,28650,960,3.47,28520,830,3,27120,28970,1400-3-12,2021-06-02
246,ولبهمن,شركت بهمن ليزينگ,428,5383674,32932452798,5893,5660,6187,294,4.99,6117,224,3.8,5660,6187,1400-3-12,2021-06-02
247,خاتم,صندوق س خاتم ايساتيس پويا-ثابت,425,18276815,204626225539,11179,11197,11197,18,0.16,11196,17,0.15,11189,11197,1400-3-12,2021-06-02
248,رانفور,خدمات‌انفورماتيك‌,424,3302430,19576601140,5950,5830,5960,10,0.17,5940,-10,-0.17,5830,5980,1400-3-12,2021-06-02
249,دكيمي,كيميدارو,414,920190,18279271500,19930,19900,19900,-30,-0.15,19860,-70,-0.35,19500,20680,1400-3-12,2021-06-02
250,كرازي,كارخانجات‌توليدي‌شيشه‌رازي‌,403,833565,15829399350,19980,18990,18990,-990,-4.95,18990,-990,-4.95,18990,18990,1400-3-12,2021-06-02
251,لوتوس,تامين سرمايه لوتوس پارسيان,400,3502704,25417096210,7210,7200,7280,70,0.97,7260,50,0.69,7100,7350,1400-3-12,2021-06-02
252,بميلا,توسعه بازرگاني آهن وفولادميلاد,398,1830322,21149967746,11593,11320,11760,167,1.44,11555,-38,-0.33,11250,11900,1400-3-12,2021-06-02
253,وشهر,بانك شهر,398,4454596,22807476307,5065,5190,5150,85,1.68,5104,39,0.77,5065,5199,1400-3-12,2021-06-02
254,وصندوق,سرمايه‌گذاري‌صندوق‌بازنشستگي‌,393,7023496,90964811530,12900,12950,12900,0,0,12940,40,0.31,12650,13090,1400-3-12,2021-06-02
255,سخوز,سيمان خوزستان,392,2346566,46905042490,19820,19940,20300,480,2.42,19990,170,0.86,18930,20300,1400-3-12,2021-06-02
256,ضخود7077,اختيارخ خودرو-3000-1400/07/07,385,21153,783447000,30,31,40,10,33.33,37,7,23.33,30,45,1400-3-12,2021-06-02
257,سپاها,سيمان‌سپاهان‌,383,3864899,27122426810,6760,6740,7090,330,4.88,7020,260,3.85,6670,7090,1400-3-12,2021-06-02
258,پكوير,كوير تاير,377,3310080,38848967060,11190,11700,11740,550,4.92,11740,550,4.92,11600,11740,1400-3-12,2021-06-02
259,قشرين,قند شيرين خراسان,375,1400227,16960062907,12109,12020,12290,181,1.49,12112,3,0.02,11918,12290,1400-3-12,2021-06-02
260,فوكا,فولاد كاويان,373,4232750,53427967377,12273,12120,12641,368,3,12623,350,2.85,12120,12641,1400-3-12,2021-06-02
261,سپ,پرداخت الكترونيك سامان كيش,369,460242,11319801920,24400,24410,24560,160,0.66,24440,40,0.16,24400,25000,1400-3-12,2021-06-02
262,سشمال,سيمان‌ شمال‌,366,1930721,15699966080,8090,8080,8220,130,1.61,8130,40,0.49,7920,8350,1400-3-12,2021-06-02
263,دروز,داروسازي‌ روزدارو,365,1014758,33138561200,31240,31400,32800,1560,4.99,32660,1420,4.55,31400,32800,1400-3-12,2021-06-02
264,ونفت,سرمايه‌گذاري‌ صنعت‌ نفت‌,365,783722,10355170870,12930,13000,13190,260,2.01,13130,200,1.55,12720,13570,1400-3-12,2021-06-02
265,وتوسم,سرمايه‌گذاري‌توسعه‌ملي‌,360,1623563,11560589540,7070,6840,7080,10,0.14,7110,40,0.57,6830,7360,1400-3-12,2021-06-02
266,فولاژ,فولاد آلياژي ايران,357,776353,10820847540,14130,13560,13930,-200,-1.42,14100,-30,-0.21,13560,14200,1400-3-12,2021-06-02
267,پخش,پخش البرز,356,2060329,37243758419,18909,17964,17964,-945,-5,18077,-832,-4.4,17964,18888,1400-3-12,2021-06-02
268,سيستم,همكاران سيستم,354,621453,14537965220,22500,22020,23620,1120,4.98,23230,730,3.24,22020,23620,1400-3-12,2021-06-02
269,غشوكو,شوكو پارس,352,542903,13687358406,24597,25095,25334,737,3,25211,614,2.5,24610,25334,1400-3-12,2021-06-02
270,گوهران,سرمايه گذاري توسعه گوهران اميد,345,570282,4051366016,7088,7100,7119,31,0.44,7092,4,0.06,7088,7199,1400-3-12,2021-06-02
271,جم,پتروشيمي جم,343,1434718,50833761350,35290,34500,35290,0,0,35360,70,0.2,34500,36390,1400-3-12,2021-06-02
272,سخزر,سيمان‌ خزر,342,1560230,27189897320,17430,16800,17620,190,1.09,17430,0,0,16800,17800,1400-3-12,2021-06-02
273,اتكام,شركت بيمه اتكايي امين,341,4938993,21800114208,4230,4090,4441,211,4.99,4414,184,4.35,4090,4441,1400-3-12,2021-06-02
274,كرماشا,صنايع پتروشيمي كرمانشاه,338,700449,21008168270,29110,29700,30100,990,3.4,29550,440,1.51,28930,30360,1400-3-12,2021-06-02
275,غبشهر,صنعتي‌ بهشهر,335,1253789,24429884650,19550,18710,19740,190,0.97,19480,-70,-0.36,18710,19770,1400-3-12,2021-06-02
276,شراز,پالايش نفت شيراز,319,230415,21371185064,97316,92451,93000,-4316,-4.44,94757,-2559,-2.63,92451,94999,1400-3-12,2021-06-02
277,پارس,پتروشيمي پارس,319,381317,57142587100,149140,150990,149800,660,0.44,149530,390,0.26,149730,151570,1400-3-12,2021-06-02
278,تسه9908,امتياز تسهيلات مسكن آبان99,319,7156,3941299272,544855,536001,547000,2145,0.39,550768,5913,1.09,535005,570000,1400-3-12,2021-06-02
279,پرديس,سرمايه گذاري پرديس,311,2136625,9330120655,4396,4250,4346,-50,-1.14,4378,-18,-0.41,4250,4427,1400-3-12,2021-06-02
280,شرنگي,شيميايي رنگين,311,70164,17927698067,248816,241352,256280,7464,3,255511,6695,2.69,241352,256280,1400-3-12,2021-06-02
281,سپاس,صندوق س. پاداش سهامداري-ثابت,309,11092588,112674742408,10149,10155,10163,14,0.14,10158,9,0.09,10155,10169,1400-3-12,2021-06-02
282,وهور,مديريت انرژي اميد  تابان هور,303,23178051,46356102000,1817,2000,2000,183,10.07,1977,160,8.81,2000,2000,1400-3-12,2021-06-02
283,وبهمن,سرمايه‌گذاري‌بهمن‌,303,1354922,15729892800,11820,11320,11780,-40,-0.34,11610,-210,-1.78,11240,11820,1400-3-12,2021-06-02
284,سقاين,سيمان‌ قائن‌,303,220548,11000845850,49810,47420,50440,630,1.26,49860,50,0.1,47420,50790,1400-3-12,2021-06-02
285,دسينا,داروسازي‌ سينا,292,1007307,17954811270,18230,18350,17810,-420,-2.3,17820,-410,-2.25,17530,18350,1400-3-12,2021-06-02
286,اطلس,صندوق س.توسعه اندوخته آينده-س,290,73108,14527195750,195329,195000,198230,2901,1.49,198709,3380,1.73,195000,200000,1400-3-12,2021-06-02
287,وارس,سرمايه گذاري ارس صبا,290,1615617,19635329745,12501,12126,12300,-201,-1.61,12153,-348,-2.78,12126,12499,1400-3-12,2021-06-02
288,حسينا,توسعه خدمات دريايي وبندري سينا,288,296990,16507399205,54660,54000,55620,960,1.76,55582,922,1.69,54000,56500,1400-3-12,2021-06-02
289,سكه0012پ01,تمام سكه طرح جديد0012رفاه,286,78800,85693189000,1080098,1080012,1085000,4902,0.45,1087477,7379,0.68,1080012,1092000,1400-3-12,2021-06-02
290,بساما,بيمه سامان,286,750989,13851176607,17587,18000,18466,879,5,18315,728,4.14,17760,18466,1400-3-12,2021-06-02
291,شخارك,پتروشيمي‌ خارك‌,281,444067,18603762660,41830,41210,41970,140,0.33,41840,10,0.02,41200,42250,1400-3-12,2021-06-02
292,وثنو,سرمايه گذاري ساختماني نوين,280,2066964,8731213327,4117,4180,4240,123,2.99,4207,90,2.19,4081,4240,1400-3-12,2021-06-02
293,تسه9911,امتياز تسهيلات مسكن بهمن99,280,3213,1783668255,550907,531609,557000,6093,1.11,555141,4234,0.77,531609,578452,1400-3-12,2021-06-02
294,شاوان,پالايش نفت لاوان,275,213736,15107449021,71773,70630,71110,-663,-0.92,71264,-509,-0.71,69220,72800,1400-3-12,2021-06-02
295,فاما,صنعتي‌ آما,274,465252,6601682080,13890,13400,14220,330,2.38,14020,130,0.94,13370,14580,1400-3-12,2021-06-02
296,بموتو,موتوژن‌,274,292410,14317592490,48720,49590,48710,-10,-0.02,48940,220,0.45,48510,49590,1400-3-12,2021-06-02
297,مداران,داده‌پردازي‌ايران‌,272,1229612,20704319160,16160,15510,16960,800,4.95,16840,680,4.21,15510,16960,1400-3-12,2021-06-02
298,فخاس,فولاد خراسان,270,344921,7419192110,22450,21330,21570,-880,-3.92,22370,-80,-0.36,21330,21840,1400-3-12,2021-06-02
299,تسه9910,امتياز تسهيلات مسكن دي99,267,5050,2828237504,556721,530050,555000,-1721,-0.31,560047,3326,0.6,530050,584557,1400-3-12,2021-06-02
300,عيار,صندوق سكه طلاي مفيد,264,346199,9545879105,27261,27590,27620,359,1.32,27573,312,1.14,27319,27700,1400-3-12,2021-06-02
301,تايرا,تراكتورسازي‌ايران‌,260,644789,14872553740,22810,22670,23420,610,2.67,22940,130,0.57,22000,23630,1400-3-12,2021-06-02
302,ولملت,واسپاري ملت,259,2616408,12645112870,4617,4780,4847,230,4.98,4794,177,3.83,4617,4847,1400-3-12,2021-06-02
303,دابور,داروسازي‌ ابوريحان‌,252,549577,14282809580,25780,25050,25870,90,0.35,25990,210,0.81,25050,26550,1400-3-12,2021-06-02
304,وسپه,سرمايه‌گذاري‌ سپه‌,251,1285526,8220632470,6390,6150,6420,30,0.47,6390,0,0,6150,6480,1400-3-12,2021-06-02
305,سرود,سيمان‌شاهرود,248,861552,15192168330,17430,16850,17880,450,2.58,17620,190,1.09,16850,18280,1400-3-12,2021-06-02
306,واعتبار,سرمايه گذاري اعتبار ايران,241,1131164,8711031790,7490,7820,7760,270,3.6,7620,130,1.74,7510,7820,1400-3-12,2021-06-02
307,دكپسول,توليد ژلاتين كپسول ايران,240,322616,8204133915,25838,25050,25758,-80,-0.31,25607,-231,-0.89,25050,26789,1400-3-12,2021-06-02
308,واحيا,م .صنايع و معادن احياء سپاهان,235,304763,45880281555,149316,148001,151100,1784,1.19,150252,936,0.63,148001,152000,1400-3-12,2021-06-02
309,خديزل,بهمن  ديزل,233,432602,17802450441,40050,40400,41501,1451,3.62,41152,1102,2.75,38582,41952,1400-3-12,2021-06-02
310,شساخت,مهندسي و ساختمان صنايع نفت,231,1223631,49045165300,40890,39664,41117,227,0.56,40082,-808,-1.98,39664,41400,1400-3-12,2021-06-02
311,اوصتا,صندوق انديشه ورزان صباتامين -د,229,10964787,205973231560,18765,18780,18785,20,0.11,18785,20,0.11,18780,18788,1400-3-12,2021-06-02
312,دامين,داروسازي‌ امين‌,227,1540461,6947479110,5010,4510,4510,-500,-9.98,4750,-260,-5.19,4510,4510,1400-3-12,2021-06-02
313,تصميم,صندوق س با درآمد ثابت تصميم,226,903183,14889093962,16460,16471,16491,31,0.19,16485,25,0.15,16467,16492,1400-3-12,2021-06-02
314,ضشنا8004,اختيارخ شپنا-10800-1400/08/16,225,5969,6387334000,902,999,1100,198,21.95,1070,168,18.63,910,1180,1400-3-12,2021-06-02
315,ضپال2007,اختيارخ اپال-32000-1401/02/12,222,10852,1107146000,84,100,150,66,78.57,102,18,21.43,85,150,1400-3-12,2021-06-02
316,دعبيد,لابراتوارداروسازي‌  دكترعبيدي‌,222,287357,6745648630,23880,23250,23670,-210,-0.88,23820,-60,-0.25,23200,23790,1400-3-12,2021-06-02
317,پرداخت,به پرداخت ملت,222,256862,5498150970,20950,20810,21390,440,2.1,21050,100,0.48,20810,21800,1400-3-12,2021-06-02
318,جم پيلن,پلي پروپيلن جم - جم پيلن,219,140191,9724704000,68460,69500,69240,780,1.14,68620,160,0.23,67500,70930,1400-3-12,2021-06-02
319,تيپيكو,سرمايه گذاري دارويي تامين,216,465737,16738581220,36100,34610,36350,250,0.69,36060,-40,-0.11,34610,36440,1400-3-12,2021-06-02
320,شيراز,پتروشيمي‌شيراز,216,480849,24746854430,51240,52000,51970,730,1.42,51290,50,0.1,50000,52000,1400-3-12,2021-06-02
321,سجام,مجتمع سيمان غرب آسيا,216,822009,3179061242,3916,3799,3846,-70,-1.79,3900,-16,-0.41,3799,3990,1400-3-12,2021-06-02
322,اتكاي,بيمه اتكايي ايرانيان,205,757158,9946375847,13489,12900,13490,1,0.01,13322,-167,-1.24,12815,13559,1400-3-12,2021-06-02
323,پسهند,صنايع‌ لاستيكي‌  سهند,202,167541,5633184770,33470,34800,32820,-650,-1.94,33530,60,0.18,32100,34800,1400-3-12,2021-06-02
324,دالبر,البرزدارو,201,616199,7349641100,12170,12200,11960,-210,-1.73,12050,-120,-0.99,11660,12250,1400-3-12,2021-06-02
325,غبهنوش,بهنوش‌ ايران‌,200,128714,7941653800,68550,61700,61700,-6850,-9.99,64500,-4050,-5.91,61700,61700,1400-3-12,2021-06-02
326,وحكمت,بيمه حكمت صبا,199,1666826,4804477913,2844,2770,2907,63,2.22,2862,18,0.63,2770,2929,1400-3-12,2021-06-02
327,تسه9909,امتياز تسهيلات مسكن آذر99,198,2842,1589789852,550473,525000,530001,-20472,-3.72,559391,8918,1.62,525000,577996,1400-3-12,2021-06-02
328,ضسپا3003,اختيارخ خساپا-2000-1400/03/26,198,9650,38009000,4,2,6,2,50,4,0,0,2,7,1400-3-12,2021-06-02
329,وتوس,توسعه‌شهري‌توس‌گستر,196,680347,9227255210,13820,13360,13550,-270,-1.95,13660,-160,-1.16,13300,13760,1400-3-12,2021-06-02
330,تماوندح,ح . تامين سرمايه دماوند,196,1862422,5693722752,3099,3083,3098,-1,-0.03,3057,-42,-1.36,3007,3098,1400-3-12,2021-06-02
331,كاريس,صندوق س.سپهر كاريزما-س,195,864982,9260898883,10633,10450,10750,117,1.1,10706,73,0.69,10450,10780,1400-3-12,2021-06-02
332,زر,صندوق س.پشتوانه سكه طلاي زر,192,80511,3819865190,47079,46910,47498,419,0.89,47445,366,0.78,46910,47600,1400-3-12,2021-06-02
333,دسبحا,گروه دارويي سبحان,191,687054,10878228110,16160,16170,16000,-160,-0.99,15990,-170,-1.05,15470,16170,1400-3-12,2021-06-02
334,ضسپا3004,اختيارخ خساپا-2500-1400/03/26,190,9286,9291000,1,1,1,0,0,1,0,0,1,2,1400-3-12,2021-06-02
335,فردا,صندوق س آواي فرداي زاگرس-ثابت,186,6511666,70356870881,10787,10793,10804,17,0.16,10805,18,0.17,10793,10806,1400-3-12,2021-06-02
336,شتوكا,توكا رنگ فولاد سپاهان,186,364945,11353803895,32748,31111,31111,-1637,-5,31611,-1137,-3.47,31111,31111,1400-3-12,2021-06-02
337,گوهر,صندوق سكه طلاي كيان,185,160835,8682998306,53335,54300,53850,515,0.97,53987,652,1.22,53252,54300,1400-3-12,2021-06-02
338,كدما,معدني‌ دماوند,185,234090,22903365600,93190,97840,97840,4650,4.99,97840,4650,4.99,97840,97840,1400-3-12,2021-06-02
339,فيروزه,صندوق شاخص30 شركت فيروزه- سهام,184,79257,10319792940,128070,128070,130600,2530,1.98,130210,2140,1.67,128070,130900,1400-3-12,2021-06-02
340,مارون,پتروشيمي مارون,183,257015,36393177533,143896,139311,141000,-2896,-2.01,143044,-852,-0.59,139311,146637,1400-3-12,2021-06-02
341,وبشهر,توسعه‌ صنايع‌ بهشهر(هلدينگ,181,981248,9157683940,9410,9150,9280,-130,-1.38,9390,-20,-0.21,9120,9500,1400-3-12,2021-06-02
342,اميد,تامين سرمايه اميد,180,2761021,18352419330,6980,6640,6740,-240,-3.44,6740,-240,-3.44,6640,6980,1400-3-12,2021-06-02
343,شوينده,مديريت صنعت شوينده ت.ص.بهشهر,180,470649,9644437110,20490,20100,20500,10,0.05,20490,0,0,20100,20840,1400-3-12,2021-06-02
344,تسه9810,امتياز تسهيلات مسكن دي98,179,2965,1624180242,536803,533333,549970,13167,2.45,547784,10981,2.05,525401,563000,1400-3-12,2021-06-02
345,واتي,سرمايه‌ گذاري‌ آتيه‌ دماوند,177,1123533,10195717660,9020,9000,9100,80,0.89,9050,30,0.33,9000,9200,1400-3-12,2021-06-02
346,كوثر,بيمه كوثر,175,2386948,33011490840,14557,13830,13830,-727,-4.99,13888,-669,-4.6,13830,13830,1400-3-12,2021-06-02
347,درازك,دارويي‌ رازك‌,173,491726,12258977070,25110,23890,25050,-60,-0.24,24960,-150,-0.6,23890,25800,1400-3-12,2021-06-02
348,سكرما,سيمان‌ كرمان‌,173,370438,4918363700,13260,12630,13400,140,1.06,13270,10,0.08,12630,13650,1400-3-12,2021-06-02
349,وكار,بانك‌ كارآفرين‌,173,1980413,5510209539,2761,2761,2800,39,1.41,2764,3,0.11,2690,2830,1400-3-12,2021-06-02
350,پارسيان,بيمه پارسيان,169,601719,4758587150,7760,7790,7980,220,2.84,7800,40,0.52,7780,8130,1400-3-12,2021-06-02
351,وپويا,سرمايه گذاري پويا,168,1267644,5438192760,4008,4290,4290,282,7.04,4104,96,2.4,4290,4290,1400-3-12,2021-06-02
352,بفجر,فجر انرژي خليج فارس,164,333922,7256003650,21530,22000,21700,170,0.79,21560,30,0.14,21350,22120,1400-3-12,2021-06-02
353,سباقر,سيمان باقران,162,819551,11895593743,14193,14500,14618,425,2.99,14515,322,2.27,13771,14618,1400-3-12,2021-06-02
354,كگاز,شيشه‌ و گاز,160,448607,7419959780,18370,16540,16540,-1830,-9.96,17360,-1010,-5.5,16540,16540,1400-3-12,2021-06-02
355,آپ,آسان پرداخت پرشين,159,1348529,19904288040,15530,14760,14760,-770,-4.96,14760,-770,-4.96,14760,14760,1400-3-12,2021-06-02
356,ارمغان,ص سرمايه گذاري ارمغان ايرانيان,159,2936117,29844308711,10151,10158,10172,21,0.21,10165,14,0.14,10149,10172,1400-3-12,2021-06-02
357,سمايه,بانك سرمايه,158,2420089,9953826057,4240,4113,4113,-127,-3,4113,-127,-3,4113,4113,1400-3-12,2021-06-02
358,بمپنا,توليد برق عسلويه  مپنا,158,99605,5964892108,61285,58600,60800,-485,-0.79,60806,-479,-0.78,58590,60920,1400-3-12,2021-06-02
359,حتوكا,حمل‌ونقل‌توكا,155,275380,5298311200,21370,19240,19240,-2130,-9.97,20530,-840,-3.93,19240,19240,1400-3-12,2021-06-02
360,تسه9907,امتياز تسهيلات مسكن مهر99,154,1768,978399970,545180,536522,572439,27259,5,553394,8214,1.51,536522,572439,1400-3-12,2021-06-02
361,زپارس,ملي كشت و صنعت و دامپروري پارس,154,519489,57424250590,107260,111190,112620,5360,5,110540,3280,3.06,108000,112620,1400-3-12,2021-06-02
362,كمنگنز,معادن‌منگنزايران‌,149,174432,10481618880,63250,60090,60090,-3160,-5,60500,-2750,-4.35,60090,60090,1400-3-12,2021-06-02
363,تسه9902,امتياز تسهيلات مسكن ارديبهشت99,146,2914,1609711219,546545,535005,540560,-5985,-1.1,552406,5861,1.07,535005,570000,1400-3-12,2021-06-02
364,خاور,ايران خودرو ديزل,142,2018095,9295345570,4472,4606,4606,134,3,4580,108,2.42,4606,4606,1400-3-12,2021-06-02
365,آساس,صندوق س.آسمان آرماني سهام-س,141,65724,10286619747,154644,155000,156500,1856,1.2,156512,1868,1.21,155000,157200,1400-3-12,2021-06-02
366,آساميد,صندوق س.مشترك آسمان اميد -د,137,10235261,124109291526,12108,12115,12115,7,0.06,12126,18,0.15,12111,12129,1400-3-12,2021-06-02
367,حريل,ريل پردازسير,135,3012586,14288695398,4992,4743,4743,-249,-4.99,4743,-249,-4.99,4743,4743,1400-3-12,2021-06-02
368,شپاكسا,پاكسان‌,133,262124,5277468580,19980,19980,20150,170,0.85,20030,50,0.25,19820,20390,1400-3-12,2021-06-02
369,سحرخيز,صندوق س. گروه زعفران سحرخيز,128,292711,2526848988,8509,8700,8697,188,2.21,8633,124,1.46,8523,8700,1400-3-12,2021-06-02
370,وخاور,بانك خاورميانه,128,2138167,17797857970,8350,8280,8360,10,0.12,8340,-10,-0.12,8270,8450,1400-3-12,2021-06-02
371,سپيدما,صندوق س. سپيد دماوند-د,127,4493237,46897328206,10425,10438,10438,13,0.12,10437,12,0.12,10437,10442,1400-3-12,2021-06-02
372,بنيرو,نيروترانس‌,120,558287,7871846700,14840,14100,14100,-740,-4.99,14430,-410,-2.76,14100,14100,1400-3-12,2021-06-02
373,تسه9904,امتياز تسهيلات مسكن تير99,119,1396,776638276,556057,540000,555000,-1057,-0.19,556331,274,0.05,535522,583799,1400-3-12,2021-06-02
374,شاملا,معدني‌ املاح‌  ايران‌,116,70480,2285598820,34080,32510,32380,-1700,-4.99,33790,-290,-0.85,32380,33560,1400-3-12,2021-06-02
375,تسه9906,امتياز تسهيلات مسكن شهريور99,115,1434,793765889,551127,534309,565000,13873,2.52,553533,2406,0.44,534309,578000,1400-3-12,2021-06-02
376,صايند,صندوق س. گنجينه آينده روشن-د,113,482210,4726598850,9814,9746,9820,6,0.06,9802,-12,-0.12,9746,9844,1400-3-12,2021-06-02
377,تماوند,تامين سرمايه دماوند,111,551568,2650646205,4786,4750,4840,54,1.13,4790,4,0.08,4675,4900,1400-3-12,2021-06-02
378,ضخود7076,اختيارخ خودرو-2500-1400/07/07,111,3995,361861000,79,71,93,14,17.72,91,12,15.19,71,110,1400-3-12,2021-06-02
379,ضشنا8003,اختيارخ شپنا-8800-1400/08/16,110,778,1756415000,1922,1510,2495,573,29.81,2258,336,17.48,1300,2748,1400-3-12,2021-06-02
380,فيروزا,صندوق بادرآمد ثابت فيروزه آسيا,110,724105,16663703858,23083,23130,23052,-31,-0.13,23013,-70,-0.3,23003,23130,1400-3-12,2021-06-02
381,لبوتان,گروه‌صنعتي‌بوتان‌,110,62520,3150157120,50600,49850,50990,390,0.77,50560,-40,-0.08,48200,51800,1400-3-12,2021-06-02
382,آكورد2,صندوق س. آرمان آتي كوثر-د,110,11000000,11000000,32363,1,1,-32362,-100,1,-32362,-100,1,1,1400-3-12,2021-06-02
383,گدنا,تهيه توزيع غذاي دنا آفرين فدك,108,446195,11834429985,27918,26523,26523,-1395,-5,26582,-1336,-4.79,26523,26523,1400-3-12,2021-06-02
384,وسهمدا,شركت س استان همدان,107,5573884,4202708536,793,754,754,-39,-4.92,788,-5,-0.63,754,754,1400-3-12,2021-06-02
385,ضخود4002,اختيارخ خودرو-1800-1400/04/02,107,3855,315779000,81,80,86,5,6.17,82,1,1.23,53,109,1400-3-12,2021-06-02
386,بورس,بورس اوراق بهادار تهران,107,489971,12837240200,27570,26200,26200,-1370,-4.97,27150,-420,-1.52,26200,26200,1400-3-12,2021-06-02
387,ضشنا8002,اختيارخ شپنا-7800-1400/08/16,106,644,1817073000,2420,2487,3078,658,27.19,2822,402,16.61,2487,3090,1400-3-12,2021-06-02
388,وساشرقي,شركت س استان آذربايجان شرقي,105,5081436,4547935220,942,895,895,-47,-4.99,939,-3,-0.32,895,896,1400-3-12,2021-06-02
389,ضفلا3004,اختيارخ فولاد-8560-1400/03/19,103,2435,3349390618,720,555,1099,379,52.64,981,261,36.25,555,1190,1400-3-12,2021-06-02
390,فزرين,زرين معدن آسيا,103,703642,12442501486,18613,17683,17683,-930,-5,17708,-905,-4.86,17683,17683,1400-3-12,2021-06-02
391,شاروم,پتروشيمي اروميه,101,174202,3049231808,18425,17504,17504,-921,-5,18221,-204,-1.11,17504,17504,1400-3-12,2021-06-02
392,نهال,صندوق س. طلاي سرخ نوويرا,99,244639,2081459870,8505,8156,8600,95,1.12,8508,3,0.04,8156,8820,1400-3-12,2021-06-02
393,كالا,بورس كالاي ايران,95,100392,2875226880,30140,28640,28640,-1500,-4.98,29990,-150,-0.5,28640,28640,1400-3-12,2021-06-02
394,كبافق,معادن‌ بافق‌,94,80145,3287547900,43170,41020,41020,-2150,-4.98,42820,-350,-0.81,41020,41020,1400-3-12,2021-06-02
395,تسه9903,امتياز تسهيلات مسكن خرداد99,94,1198,676518197,564161,560000,555000,-9161,-1.62,564706,545,0.1,538990,592369,1400-3-12,2021-06-02
396,كخاك,صنايع‌خاك‌چيني‌ايران‌,93,124741,3711503780,30850,29350,29780,-1070,-3.47,30620,-230,-0.75,29350,31000,1400-3-12,2021-06-02
397,ساينا,صنايع بهداشتي ساينا,93,11303,1580776518,145034,139900,141000,-4034,-2.78,144464,-570,-0.39,137787,146999,1400-3-12,2021-06-02
398,شكبير,پتروشيمي اميركبير,91,167959,13840300839,82598,83500,82893,295,0.36,82571,-27,-0.03,80500,83500,1400-3-12,2021-06-02
399,سكه0011پ02,تمام سكه طرح جديد0011ملت,90,23000,25049479400,1078458,1085000,1085000,6542,0.61,1089108,10650,0.99,1083000,1091000,1400-3-12,2021-06-02
400,تسه9905,امتياز تسهيلات مسكن مرداد99,90,1365,770080520,564965,560000,592998,28033,4.96,564162,-803,-0.14,537000,592998,1400-3-12,2021-06-02
401,تسه9808,امتياز تسهيلات مسكن آبان98,88,1642,905361128,548623,526000,564900,16277,2.97,551377,2754,0.5,523332,576000,1400-3-12,2021-06-02
402,وپخش,داروپخش‌ (هلدينگ‌,88,29600,2702150090,93010,89990,91110,-1900,-2.04,92860,-150,-0.16,89990,92890,1400-3-12,2021-06-02
403,دفرا,فرآورده‌هاي‌ تزريقي‌ ايران‌,84,134960,2966913880,23070,21950,22300,-770,-3.34,22830,-240,-1.04,21920,22500,1400-3-12,2021-06-02
404,تسه9806,امتياز تسهيلات مسكن شهريور98,84,1539,857308271,555036,537000,567409,12373,2.23,557055,2019,0.36,537000,567560,1400-3-12,2021-06-02
405,وايران,ليزينگ ايرانيان,83,1463504,16259529440,12340,11110,11110,-1230,-9.97,11110,-1230,-9.97,11110,11110,1400-3-12,2021-06-02
406,تسه9901,امتياز تسهيلات مسكن فروردين99,83,655,366103284,553410,531011,551120,-2290,-0.41,558936,5526,1,531011,581080,1400-3-12,2021-06-02
407,تسه9804,امتياز تسهيلات مسكن تير98,81,1322,727370246,544887,549998,552026,7139,1.31,550204,5317,0.98,520000,560000,1400-3-12,2021-06-02
408,دلر,داروسازي‌ اكسير,80,126147,3678254950,29170,28260,29160,-10,-0.03,29170,0,0,28260,29810,1400-3-12,2021-06-02
409,زرين,صندوق س. سهام زرين كوروش-س,79,233610,2196576389,9345,9559,9330,-15,-0.16,9403,58,0.62,9320,9560,1400-3-12,2021-06-02
410,فجام,جام‌دارو,78,235542,2056281660,9700,8730,8730,-970,-10,9550,-150,-1.55,8730,8730,1400-3-12,2021-06-02
411,ضسپا8041,اختيارخ خساپا-1600-1400/08/26,78,4273,1114796000,267,250,270,3,1.12,261,-6,-2.25,235,285,1400-3-12,2021-06-02
412,ضصاد3000,اختيارخ وبصادر-1800-1400/03/12,77,4442,312376000,39,30,85,46,117.95,70,31,79.49,30,98,1400-3-12,2021-06-02
413,بكام,كارخانجات توليدي شهيد قندي,75,693856,2478453632,3760,3572,3572,-188,-5,3726,-34,-0.9,3572,3572,1400-3-12,2021-06-02
414,شپاس,نفت پاسارگاد,72,273597,4638563538,17846,16954,16954,-892,-5,17592,-254,-1.42,16954,16954,1400-3-12,2021-06-02
415,دارو,كارخانجات‌داروپخش‌,69,83495,2351792670,29270,27880,28380,-890,-3.04,29120,-150,-0.51,27880,29200,1400-3-12,2021-06-02
416,اخزا901,اسنادخزانه-م1بودجه99-010621,68,69033,53372592159,773740,772015,773000,-740,-0.1,773146,-594,-0.08,771300,774500,1400-3-12,2021-06-02
417,تسه9811,امتياز تسهيلات مسكن بهمن98,68,526,287262793,547143,521000,555000,7857,1.44,546127,-1016,-0.19,521000,555000,1400-3-12,2021-06-02
418,تسه9812,امتياز تسهيلات مسكن اسفند98,67,549,301695571,535160,508402,561918,26758,5,549537,14377,2.69,508402,561918,1400-3-12,2021-06-02
419,ضسپا3001,اختيارخ خساپا-1600-1400/03/26,65,3652,301923000,60,55,110,50,83.33,83,23,38.33,43,130,1400-3-12,2021-06-02
420,اخزا909,اسنادخزانه-م9بودجه99-020316,65,207289,137416182750,661616,661947,664410,2794,0.42,662921,1305,0.2,660509,664410,1400-3-12,2021-06-02
421,وبازار,صندوق س شاخصي بازارآشنا,61,232192,2122160410,9070,9010,9240,170,1.87,9140,70,0.77,9010,9240,1400-3-12,2021-06-02
422,سمتاز,سيمان ممتازان كرمان,61,137511,3044734681,21960,21930,22020,60,0.27,22016,56,0.26,21308,22480,1400-3-12,2021-06-02
423,تليسه,دامداري تليسه نمونه,60,261443,1046817772,4214,4004,4004,-210,-4.98,4198,-16,-0.38,4004,4004,1400-3-12,2021-06-02
424,افق ملت,صندوق س در سهام افق ملت,60,13872,1684291840,120260,120250,122400,2140,1.78,121420,1160,0.96,120000,122500,1400-3-12,2021-06-02
425,كسرا,سراميك‌هاي‌صنعتي‌اردكان‌,60,149336,2487937760,17530,16660,16660,-870,-4.96,17370,-160,-0.91,16660,16660,1400-3-12,2021-06-02
426,غشهداب,كشت و صنعت شهداب ناب خراسان,59,437853,1565324475,3763,3575,3575,-188,-5,3742,-21,-0.56,3575,3575,1400-3-12,2021-06-02
427,تسه9809,امتياز تسهيلات مسكن آذر98,58,681,377967552,557662,530000,529779,-27883,-5,555018,-2644,-0.47,529779,578970,1400-3-12,2021-06-02
428,ضخود4003,اختيارخ خودرو-2000-1400/04/02,57,417,6725000,11,38,20,9,81.82,16,5,45.45,8,38,1400-3-12,2021-06-02
429,آتيمس,صندوق س.آرمان آتيه درخشان مس-س,57,26346,4412861560,165329,169210,167980,2651,1.6,167496,2167,1.31,166150,169210,1400-3-12,2021-06-02
430,ضشنا8001,اختيارخ شپنا-6800-1400/08/16,56,280,984168000,3065,3194,3500,435,14.19,3515,450,14.68,3194,3799,1400-3-12,2021-06-02
431,وبرق,س.کارکنان صنعت برق زنجان وقزوي,56,77596,3443167308,43081,44373,44373,1292,3,43481,400,0.93,44373,44373,1400-3-12,2021-06-02
432,كيان2,صندوق س. با درآمد ثابت كيان,55,5500000,5500000,28671,1,1,-28670,-100,1,-28670,-100,1,1,1400-3-12,2021-06-02
433,خفولا,خدمات فني فولاد يزد,55,44452,1793549296,42471,40348,40348,-2123,-5,42064,-407,-0.96,40348,40348,1400-3-12,2021-06-02
434,فردا2,صندوق س آواي فرداي زاگرس-ثابت,55,5500000,5500000,10787,1,1,-10786,-99.99,1,-10786,-99.99,1,1,1400-3-12,2021-06-02
435,سيمرغ,سيمرغ,54,85770,1454659200,17850,16960,16960,-890,-4.99,17760,-90,-0.5,16960,16960,1400-3-12,2021-06-02
436,اخزا902,اسنادخزانه-م2بودجه99-011019,54,113354,82121108733,724304,725000,724999,695,0.1,724466,162,0.02,722786,725500,1400-3-12,2021-06-02
437,وآيند,بانك  آينده,54,261509,4079017382,16247,15598,15598,-649,-3.99,16219,-28,-0.17,15598,15598,1400-3-12,2021-06-02
438,تسه9805,امتياز تسهيلات مسكن مرداد98,52,744,414159890,551165,532000,564998,13833,2.51,556666,5501,1,532000,564998,1400-3-12,2021-06-02
439,زشگزا,شير و گوشت زاگرس شهركرد,51,291951,2265539760,8168,7760,7760,-408,-5,8103,-65,-0.8,7760,7760,1400-3-12,2021-06-02
440,امين يكم2,صندوق درآمد ثابت امين يكم فردا,50,5000000,5000000,10068,1,1,-10067,-99.99,1,-10067,-99.99,1,1,1400-3-12,2021-06-02
441,خلنت,لنت‌ ترمزايران‌,50,25024,1335781120,56180,53380,53380,-2800,-4.98,55890,-290,-0.52,53380,53380,1400-3-12,2021-06-02
442,انرژي3,سايراشخاص بورس انرژي,50,7886,1751638320,233810,222120,222120,-11690,-5,233430,-380,-0.16,222120,222120,1400-3-12,2021-06-02
443,ضملت3001,اختيارخ وبملت-3500-1400/03/19,48,1570,321721000,215,230,200,-15,-6.98,205,-10,-4.65,120,239,1400-3-12,2021-06-02
444,ضخود7072,اختيارخ خودرو-1400-1400/07/07,47,677,337175000,458,480,480,22,4.8,498,40,8.73,450,555,1400-3-12,2021-06-02
445,هنوري102,اختيارف ت نوري59561-01/02/15,47,300000,300000,1,1,1,0,0,1,0,0,1,1,1400-3-12,2021-06-02
446,خكاوه,سايپا ديزل,46,823774,2833782560,3546,3440,3440,-106,-2.99,3515,-31,-0.87,3440,3440,1400-3-12,2021-06-02
447,شصدف,صنعتي دوده فام,45,18973,561980260,31178,29620,29620,-1558,-5,31116,-62,-0.2,29620,29620,1400-3-12,2021-06-02
448,مرقام,ايران‌ارقام‌,45,105570,1740849300,17350,16490,16490,-860,-4.96,17230,-120,-0.69,16490,16490,1400-3-12,2021-06-02
449,هاي وب,داده گسترعصرنوين-هاي وب,45,89832,874963680,10250,9740,9740,-510,-4.98,10240,-10,-0.1,9740,9740,1400-3-12,2021-06-02
450,اخزا910,اسنادخزانه-م10بودجه99-020807,44,89509,54721608080,610458,609303,611512,1054,0.17,611353,895,0.15,609303,612500,1400-3-12,2021-06-02
451,تسه9807,امتياز تسهيلات مسكن مهر98,44,591,328850930,551970,526000,569908,17938,3.25,556431,4461,0.81,526000,579568,1400-3-12,2021-06-02
452,وسرمد,بيمه  سرمد,43,141113,805190778,6006,5706,5706,-300,-5,5980,-26,-0.43,5706,5706,1400-3-12,2021-06-02
453,فرابورس,فرابورس ايران,43,49912,1443405128,30441,28919,28919,-1522,-5,30373,-68,-0.22,28919,28919,1400-3-12,2021-06-02
454,دمعيار,صندوق س. توازن معيار-د,41,2078126,20912279812,10054,10060,10063,9,0.09,10063,9,0.09,10060,10065,1400-3-12,2021-06-02
455,ساروج,بين المللي ساروج بوشهر,41,62559,998620335,16347,15910,16279,-68,-0.42,16306,-41,-0.25,15900,16314,1400-3-12,2021-06-02
456,وسهرمز,شركت س استان هرمزگان,41,2101477,1796762835,900,855,855,-45,-5,898,-2,-0.22,855,855,1400-3-12,2021-06-02
457,ضخود7073,اختيارخ خودرو-1600-1400/07/07,40,809,288715000,288,320,370,82,28.47,357,69,23.96,320,389,1400-3-12,2021-06-02
458,وسديد,گروه ‌صنعتي‌سديد,40,350734,971533180,2885,2770,2770,-115,-3.99,2882,-3,-0.1,2770,2770,1400-3-12,2021-06-02
459,اخزا903,اسنادخزانه-م3بودجه99-011110,40,142684,102327103597,716069,740000,716011,-58,-0.01,717159,1090,0.15,715016,740000,1400-3-12,2021-06-02
460,شصدفح,ح . صنعتي دوده فام,39,132421,3198730597,25211,26471,23951,-1260,-5,24156,-1055,-4.18,23951,26471,1400-3-12,2021-06-02
461,سكه0012پ04,تمام سكه طرح جديد0012صادرات,39,7900,8591349100,1080639,1080000,1081700,1061,0.1,1087512,6873,0.64,1080000,1092000,1400-3-12,2021-06-02
462,نتوس,پشم‌ بافي‌ توس,39,1018650,20821206000,21072,20440,20440,-632,-3,20440,-632,-3,20440,20440,1400-3-12,2021-06-02
463,لپارس,پارس‌ الكتريك‌,38,7823,631707250,84990,80750,80750,-4240,-4.99,84800,-190,-0.22,80750,80750,1400-3-12,2021-06-02
464,خچرخش,چرخشگر,38,546735,6959936550,13390,12730,12730,-660,-4.93,13060,-330,-2.46,12730,12730,1400-3-12,2021-06-02
465,فالوم,آلومتك‌,37,67344,1628175888,24924,24177,24177,-747,-3,24756,-168,-0.67,24177,24177,1400-3-12,2021-06-02
466,گنجين,صندوق س. گنجينه يكم آويد-د,37,428872,5571218577,12945,13498,12956,11,0.08,12990,45,0.35,12938,13498,1400-3-12,2021-06-02
467,غشان,شيرپاستوريزه‌پگاه‌خراسان‌,34,214160,1150039200,5650,5370,5370,-280,-4.96,5620,-30,-0.53,5370,5370,1400-3-12,2021-06-02
468,وآرين,شركت توسعه اقتصادي آرين,33,595210,1935027710,3351,3251,3251,-100,-2.98,3331,-20,-0.6,3251,3251,1400-3-12,2021-06-02
469,ثاصفا,شركت‌ ساختمان‌ اصفهان‌,33,240505,6443128950,27618,26790,26790,-828,-3,27068,-550,-1.99,26790,26790,1400-3-12,2021-06-02
470,سغرب,سيمان‌غرب‌,33,98360,2494409600,26690,25360,25360,-1330,-4.98,26450,-240,-0.9,25360,25360,1400-3-12,2021-06-02
471,ديران,ايران‌دارو,33,45625,730000000,16840,16000,16000,-840,-4.99,16800,-40,-0.24,16000,16000,1400-3-12,2021-06-02
472,ضسپا8040,اختيارخ خساپا-1400-1400/08/26,33,1265,432452000,326,320,350,24,7.36,342,16,4.91,306,380,1400-3-12,2021-06-02
473,سمگا,گروه سرمايه گذاري ميراث فرهنگي,30,70382,1709015724,25560,24282,24282,-1278,-5,25510,-50,-0.2,24282,24282,1400-3-12,2021-06-02
474,فراز,صندوق س.سهام فراز داريك-س,29,146688,1516868202,10337,10337,10340,3,0.03,10341,4,0.04,10337,10350,1400-3-12,2021-06-02
475,غگلپا,شير پاستوريزه پگاه گلپايگان,28,22096,1017874336,48490,46066,46066,-2424,-5,48299,-191,-0.39,46066,46066,1400-3-12,2021-06-02
476,شپاس ت.ف0103,اختيارف.ت.شپاس-23472-010311,27,243783521,649195516423,1000,2663,2663,1663,166.3,2663,1663,166.3,2663,2663,1400-3-12,2021-06-02
477,خكار,ايركا پارت صنعت,27,763347,15709681260,21660,20580,20580,-1080,-4.99,20580,-1080,-4.99,20580,20580,1400-3-12,2021-06-02
478,ضپال2006,اختيارخ اپال-28000-1401/02/12,26,372,206460000,552,555,555,3,0.54,555,3,0.54,555,555,1400-3-12,2021-06-02
479,غشهد,شهد ايران ‌,26,380210,2501781800,6920,6580,6580,-340,-4.91,6860,-60,-0.87,6580,6580,1400-3-12,2021-06-02
480,خبازرس,بازرسي مهندسي و صنعتي ايران,25,70918,1680827518,24434,23701,23701,-733,-3,24304,-130,-0.53,23701,23701,1400-3-12,2021-06-02
481,نمرينو,ايران‌ مرينوس‌,25,7230,589534200,85830,81540,81540,-4290,-5,85650,-180,-0.21,81540,81540,1400-3-12,2021-06-02
482,ثباغ,شهر سازي و خانه سازي باغميشه,25,138035,1562694235,11916,11321,11321,-595,-4.99,11847,-69,-0.58,11321,11321,1400-3-12,2021-06-02
483,سكه0112پ03,تمام سكه طرح جديد0112سامان,25,8000,8728223500,1080579,1069004,1085000,4421,0.41,1091028,10449,0.97,1069004,1094500,1400-3-12,2021-06-02
484,غنوش,نوش‌ مازندران‌,25,7175,370947500,54420,51700,51700,-2720,-5,54350,-70,-0.13,51700,51700,1400-3-12,2021-06-02
485,دارا,صندوق س. دارا الگوريتم-د,24,806316,8085299938,10021,10029,10027,6,0.06,10027,6,0.06,10026,10032,1400-3-12,2021-06-02
486,دلقما,دارويي‌ لقمان‌,24,44382,1008802860,23920,22730,22730,-1190,-4.97,23830,-90,-0.38,22730,22730,1400-3-12,2021-06-02
487,اخزا914,اسنادخزانه-م14بودجه99-021025,24,15873,9282488421,583668,584000,586000,2332,0.4,584797,1129,0.19,584000,586000,1400-3-12,2021-06-02
488,كپشيرح,ح . پشم‌شيشه‌ايران‌,24,69087,1351292300,20600,22660,19500,-1100,-5.34,19560,-1040,-5.05,19500,22660,1400-3-12,2021-06-02
489,بالاس,مهندسي ساختمان تاسيسات راه آهن,23,143516,6704493456,49174,46716,46716,-2458,-5,47891,-1283,-2.61,46716,46716,1400-3-12,2021-06-02
490,قثابت,قند ثابت‌ خراسان‌,23,9574,542367100,59630,56650,56650,-2980,-5,59520,-110,-0.18,56650,56650,1400-3-12,2021-06-02
491,هپارس102,اختيارف ت پارس-157010-01/02/05,23,81687,81687,1,1,1,0,0,1,0,0,1,1,1400-3-12,2021-06-02
492,زكوثر,سرمايه گذاري كشاورزي كوثر,22,28927,533992420,19430,18460,18460,-970,-4.99,19400,-30,-0.15,18460,18460,1400-3-12,2021-06-02
493,سحرا021,سلف موازي برق نيروي برق حرارتي,22,1034130,300001113000,289969,290100,290100,131,0.05,290100,131,0.05,290100,290100,1400-3-12,2021-06-02
494,كساپا,سايپاشيشه‌,22,12461,437007270,38960,35070,35070,-3890,-9.98,38830,-130,-0.33,35070,35070,1400-3-12,2021-06-02
495,زعف0008پ16,زعفران0008نگين بيرجند(پ),22,5781,688101315,119096,119400,118999,-97,-0.08,119028,-68,-0.06,117376,119500,1400-3-12,2021-06-02
496,اخزا906,اسنادخزانه-م6بودجه99-020321,22,71404,54017365524,756071,750000,759000,2929,0.39,756503,432,0.06,732021,759000,1400-3-12,2021-06-02
497,ضصاد8030,اختيارخ وبصادر-1589-1400/08/12,21,1206,554622000,422,430,470,48,11.37,460,38,9,430,472,1400-3-12,2021-06-02
498,كلر,كلر پارس,21,3268,396532584,127724,121338,121338,-6386,-5,127565,-159,-0.12,121338,121338,1400-3-12,2021-06-02
499,شلعاب,لعابيران‌,21,26336,318928960,12740,12110,12110,-630,-4.95,12730,-10,-0.08,12110,12110,1400-3-12,2021-06-02
500,نطرين,عطرين نخ قم,21,159856,1817562720,11968,11370,11370,-598,-5,11892,-76,-0.64,11370,11370,1400-3-12,2021-06-02
501,خرينگ,رينگ‌سازي‌مشهد,20,4970,224147000,47470,45100,45100,-2370,-4.99,47430,-40,-0.08,45100,45100,1400-3-12,2021-06-02
502,غالبر,لبنيات‌ كالبر,20,6739,123525870,19290,18330,18330,-960,-4.98,19280,-10,-0.05,18330,18330,1400-3-12,2021-06-02
503,تكمبا,كمباين‌ سازي‌ ايران‌,20,25780,186131600,7600,7220,7220,-380,-5,7590,-10,-0.13,7220,7220,1400-3-12,2021-06-02
504,ريشمك,توليد و صادرات ريشمك,20,79208,3897192016,51791,49202,49202,-2589,-5,51048,-743,-1.43,49202,49202,1400-3-12,2021-06-02
505,زملارد,كشاورزي و دامپروري ملارد شير,20,6822,235904760,36400,34580,34580,-1820,-5,36370,-30,-0.08,34580,34580,1400-3-12,2021-06-02
506,ثغرب,شركت سرمايه گذاري مسكن شمالغرب,20,1093065,8244989295,7940,7543,7543,-397,-5,7710,-230,-2.9,7543,7543,1400-3-12,2021-06-02
507,اخزا905,اسنادخزانه-م5بودجه99-020218,19,48232,32516720332,673246,673650,675002,1756,0.26,674173,927,0.14,673002,675400,1400-3-12,2021-06-02
508,ثفارس,عمران‌وتوسعه‌فارس‌,19,111980,993262600,9330,8870,8870,-460,-4.93,9300,-30,-0.32,8870,8870,1400-3-12,2021-06-02
509,ضملي7002,اختيارخ فملي-9720-1400/07/11,19,51,175569000,3421,3400,3501,80,2.34,3443,22,0.64,3350,3600,1400-3-12,2021-06-02
510,غپاك,لبنيات‌ پاك‌,18,33751,959203420,29910,28420,28420,-1490,-4.98,29820,-90,-0.3,28420,28420,1400-3-12,2021-06-02
511,ضفلا3005,اختيارخ فولاد-9986-1400/03/19,18,265,99516764,187,200,420,233,124.6,268,81,43.32,200,420,1400-3-12,2021-06-02
512,جوين,كشت و صنعت جوين,18,170775,733307850,4426,4294,4294,-132,-2.98,4418,-8,-0.18,4294,4294,1400-3-12,2021-06-02
513,اخزا911,اسنادخزانه-م11بودجه99-020906,18,52768,31719551850,599877,600100,602000,2123,0.35,601113,1236,0.21,599051,603000,1400-3-12,2021-06-02
514,رافزا,رايان هم افزا,18,2315,231900495,105445,100173,100173,-5272,-5,105359,-86,-0.08,100173,100173,1400-3-12,2021-06-02
515,خاتم2,صندوق س خاتم ايساتيس پويا-ثابت,18,17500000,17500000,11179,1,1,-11178,-99.99,1,-11178,-99.99,1,1,1400-3-12,2021-06-02
516,سپر,صندوق س سپر سرمايه بيدار- ثابت,17,205543,2443581214,11882,11887,11890,8,0.07,11888,6,0.05,11887,11890,1400-3-12,2021-06-02
517,قصفها,قنداصفهان‌,17,3085,442419850,150950,143410,143410,-7540,-5,150710,-240,-0.16,143410,143410,1400-3-12,2021-06-02
518,باران,بيمه زندگي باران50%تاديه,16,362017,1492958108,3928,4124,4124,196,4.99,3955,27,0.69,4124,4124,1400-3-12,2021-06-02
519,زدشت,كشت و صنعت دشت خرم دره,16,14709,384272625,27500,26125,26125,-1375,-5,27462,-38,-0.14,26125,26125,1400-3-12,2021-06-02
520,ضخود4000,اختيارخ خودرو-1400-1400/04/02,16,413,139185000,350,100,385,35,10,337,-13,-3.71,100,440,1400-3-12,2021-06-02
521,تمحركه,ماشين سازي نيرو محركه,16,58640,975183200,17505,16630,16630,-875,-5,17412,-93,-0.53,16630,16630,1400-3-12,2021-06-02
522,اخزا904,اسنادخزانه-م4بودجه99-011215,16,1635,1154596302,707001,700999,709960,2959,0.42,706175,-826,-0.12,700999,709999,1400-3-12,2021-06-02
523,لپيام,گسترش صنايع پيام,16,30729,1632201564,54758,53116,53116,-1642,-3,54482,-276,-0.5,53116,53116,1400-3-12,2021-06-02
524,اخزا907,اسنادخزانه-م7بودجه99-020704,16,7270,4529152419,621059,621555,622410,1351,0.22,622992,1933,0.31,621555,623000,1400-3-12,2021-06-02
525,صنوين,صندوق سرمايه‌گذاري صنوين-مختلط,16,2204,233135850,105410,105110,106880,1470,1.39,105780,370,0.35,105110,106920,1400-3-12,2021-06-02
526,پارتا,مجتمع‌صنعتي‌آرتاويل‌تاير,15,53400,1718305200,33173,32178,32178,-995,-3,33113,-60,-0.18,32178,32178,1400-3-12,2021-06-02
527,ختور,رادياتور ايران‌,15,9998,173165360,18230,17320,17320,-910,-4.99,18220,-10,-0.05,17320,17320,1400-3-12,2021-06-02
528,كيميا,معدني كيمياي زنجان گستران,15,111543,1805546541,17038,16187,16187,-851,-4.99,16927,-111,-0.65,16187,16187,1400-3-12,2021-06-02
529,رنيك,جنرال مكانيك,15,7730,160745350,21889,20795,20795,-1094,-5,21877,-12,-0.05,20795,20795,1400-3-12,2021-06-02
530,اراد50,مرابحه عام دولت5-ش.خ0302,15,245000,245000202000,1000000,1000002,1000000,0,0,1000001,1,0,1000000,1000002,1400-3-12,2021-06-02
531,اعتلا,شركت سرمايه گذاري اعتلاء البرز,15,31611,213627138,7113,6758,6758,-355,-4.99,7108,-5,-0.07,6758,6758,1400-3-12,2021-06-02
532,حفارس,حمل و نقل بين المللي خليج فارس,15,235054,1039408788,4654,4422,4422,-232,-4.98,4637,-17,-0.37,4422,4422,1400-3-12,2021-06-02
533,بذر,صندوق س بذر اميد آفرين-سهام,15,2087,183069150,86420,88190,87500,1080,1.25,87720,1300,1.5,86240,88500,1400-3-12,2021-06-02
534,ضپاس7029,اختيارخ وپارس-2500-1400/07/28,14,158,80849000,505,505,550,45,8.91,512,7,1.39,499,550,1400-3-12,2021-06-02
535,ضخود7078,اختيارخ خودرو-3500-1400/07/07,14,1061,17376000,11,16,16,5,45.45,16,5,45.45,15,18,1400-3-12,2021-06-02
536,خكمك,كمك‌فنرايندامين‌,14,26384,659600000,26310,25000,25000,-1310,-4.98,26250,-60,-0.23,25000,25000,1400-3-12,2021-06-02
537,پاسا,ايران‌ياساتايرورابر,14,128508,3226835880,26430,25110,25110,-1320,-4.99,26130,-300,-1.14,25110,25110,1400-3-12,2021-06-02
538,اخزا814,اسنادخزانه-م14بودجه98-010318,13,13669,11181118330,815021,817500,818002,2981,0.37,817991,2970,0.36,817500,818002,1400-3-12,2021-06-02
539,اخزا817,اسنادخزانه-م17بودجه98-010512,13,37348,29552717431,790150,790002,791500,1350,0.17,791280,1130,0.14,790001,791500,1400-3-12,2021-06-02
540,ضجار7038,اختيارخ وتجارت-1797-1400/07/21,13,502,237810000,376,439,480,104,27.66,474,98,26.06,439,530,1400-3-12,2021-06-02
541,ثروتم,صندوق س. ثروت آفرين پارسيان-س,13,77630,5639540060,72620,71942,73500,880,1.21,72646,26,0.04,71763,73500,1400-3-12,2021-06-02
542,ضملت3002,اختيارخ وبملت-4000-1400/03/19,13,1010,3568000,25,15,9,-16,-64,4,-21,-84,1,15,1400-3-12,2021-06-02
543,زعف0008پ08,زعفران0008نگين روستا(پ),13,8009,965471850,119054,120800,120000,946,0.79,120548,1494,1.25,119300,121000,1400-3-12,2021-06-02
544,خنصير,مهندسي‌نصيرماشين‌,13,7608,764375760,105750,100470,100470,-5280,-4.99,105460,-290,-0.27,100470,100470,1400-3-12,2021-06-02
545,ومعلم,بيمه معلم,13,83757,392485302,4932,4686,4686,-246,-4.99,4925,-7,-0.14,4686,4686,1400-3-12,2021-06-02
546,دجابر,داروسازي‌ جابرابن‌حيان‌,13,31372,471834880,15830,15040,15040,-790,-4.99,15800,-30,-0.19,15040,15040,1400-3-12,2021-06-02
547,زشريف,كشت وصنعت شريف آباد,12,69342,340122510,5163,4905,4905,-258,-5,5157,-6,-0.12,4905,4905,1400-3-12,2021-06-02
548,اخزا815,اسنادخزانه-م15بودجه98-010406,12,46005,37273200849,809699,810186,810200,501,0.06,810199,500,0.06,810186,815150,1400-3-12,2021-06-02
549,الماس,صندوق س.امين تدبيرگران فردا-س,12,1318,133338058,99069,100800,101383,2314,2.34,101167,2098,2.12,99250,101469,1400-3-12,2021-06-02
550,اخزا812,اسنادخزانه-م12بودجه98-001111,12,24742,21730911044,876923,878000,878302,1379,0.16,878300,1377,0.16,878000,879990,1400-3-12,2021-06-02
551,كمينا,شيشه سازي مينا,12,6897,155120427,23674,22491,22491,-1183,-5,23654,-20,-0.08,22491,22491,1400-3-12,2021-06-02
552,سخند,صندوق س.سپهرخبرگان نفت-د,12,36170,363899850,10055,10016,10070,15,0.15,10061,6,0.06,10016,10080,1400-3-12,2021-06-02
553,ضملت3000,اختيارخ وبملت-3000-1400/03/19,12,312,217695000,600,600,700,100,16.67,698,98,16.33,600,769,1400-3-12,2021-06-02
554,وهنر,گروه توسعه هنر ايران,12,86208,665439552,7957,7719,7719,-238,-2.99,7940,-17,-0.21,7719,7719,1400-3-12,2021-06-02
555,كتوكا,توليدي و خدمات صنايع نسوز توكا,11,25882,841656758,34230,32519,32519,-1711,-5,34129,-101,-0.3,32519,32519,1400-3-12,2021-06-02
556,اخزا806,اسنادخزانه-م6بودجه98-000519,11,6749,6492426157,961029,961501,962000,971,0.1,961983,954,0.1,960701,966500,1400-3-12,2021-06-02
557,ضفلا3003,اختيارخ فولاد-7133-1400/03/19,11,61,199513012,2261,2002,2300,39,1.72,2333,72,3.18,2002,2400,1400-3-12,2021-06-02
558,فلوله,لوله‌وماشين‌سازي‌ايران‌,11,40188,795320520,20830,19790,19790,-1040,-4.99,20770,-60,-0.29,19790,19790,1400-3-12,2021-06-02
559,زنجان,صنايع كشاورزي وكود زنجان,11,35891,318101933,9329,8863,8863,-466,-5,9317,-12,-0.13,8863,8863,1400-3-12,2021-06-02
560,كپارس,كاشي‌ پارس‌,11,1524,188122560,129930,123440,123440,-6490,-4.99,129830,-100,-0.08,123440,123440,1400-3-12,2021-06-02
561,ضشنا8000,اختيارخ شپنا-5800-1400/08/16,11,24,90902000,2500,3112,4000,1500,60,3788,1288,51.52,3112,4500,1400-3-12,2021-06-02
562,غپونه,نوش پونه مشهد,11,37586,619530038,17350,16483,16483,-867,-5,17290,-60,-0.35,16483,16483,1400-3-12,2021-06-02
563,اخزا808,اسنادخزانه-م8بودجه98-000817,11,4076,3736090544,915222,916000,917000,1778,0.19,916607,1385,0.15,916000,917000,1400-3-12,2021-06-02
564,عيار2,صندوق سكه طلاي مفيد,10,100000,100000,27261,1,1,-27260,-100,1,-27260,-100,1,1,1400-3-12,2021-06-02
565,ضسپا3000,اختيارخ خساپا-1400-1400/03/26,10,136,30146000,140,222,220,80,57.14,222,82,58.57,200,241,1400-3-12,2021-06-02
566,ثرود,سرمايه‌گذاري مسكن زاينده رود,10,28711,552112530,20242,19230,19230,-1012,-5,20201,-41,-0.2,19230,19230,1400-3-12,2021-06-02
567,خمحور,توليدمحورخودرو,10,3135,164399400,55200,52440,52440,-2760,-5,55170,-30,-0.05,52440,52440,1400-3-12,2021-06-02
568,پلاسك,پلاسكوكار,10,44570,302630300,7140,6790,6790,-350,-4.9,7130,-10,-0.14,6790,6790,1400-3-12,2021-06-02
569,غگلستا,شير پاستوريزه پگاه گلستان,10,3600,67060800,19608,18628,18628,-980,-5,19601,-7,-0.04,18628,18628,1400-3-12,2021-06-02
570,اراد65,مرابحه عام دولتي65-ش.خ0210,10,70000,68674994500,968528,940000,987000,18472,1.91,981071,12543,1.3,940000,987000,1400-3-12,2021-06-02
571,دتوزيع,توزيع دارو پخش,10,1630,72507290,46824,44483,44483,-2341,-5,46816,-8,-0.02,44483,44483,1400-3-12,2021-06-02
572,ولانا,شركت ليزينگ آريا دانا,10,16192,543031104,34574,33537,33537,-1037,-3,34515,-59,-0.17,33537,33537,1400-3-12,2021-06-02
573,چفيبر,فيبر ايران‌,9,21363,264046680,13010,12360,12360,-650,-5,13000,-10,-0.08,12360,12360,1400-3-12,2021-06-02
574,ثنور,سرمايه گذاري كوه نور,9,27501,250671615,9396,9115,9115,-281,-2.99,9389,-7,-0.07,9115,9115,1400-3-12,2021-06-02
575,كطبس,ذغال‌سنگ‌ نگين‌ ط‌بس‌,9,5078,314582100,65210,61950,61950,-3260,-5,65130,-80,-0.12,61950,61950,1400-3-12,2021-06-02
576,زماهان,مجتمع توليد گوشت مرغ ماهان,9,187269,3615789852,20324,19308,19308,-1016,-5,20063,-261,-1.28,19308,19308,1400-3-12,2021-06-02
577,تكنو,تكنوتار,9,50555,1008572250,21000,19950,19950,-1050,-5,20920,-80,-0.38,19950,19950,1400-3-12,2021-06-02
578,تملي803,تسهيلات مسكن ب. ملي-خرداد98,9,116,109213652,896664,941497,941497,44833,5,941497,44833,5,941497,941497,1400-3-12,2021-06-02
579,زعف0008پ11,زعفران0008نگين سحرخيز(پ),9,5659,680398750,122702,119609,120500,-2202,-1.79,120233,-2469,-2.01,119609,120500,1400-3-12,2021-06-02
580,آينده,بازرگاني آينده سازان بهشت پارس,9,5540,104412380,19838,18847,18847,-991,-5,19827,-11,-0.06,18847,18847,1400-3-12,2021-06-02
581,كپرور,فرآوري زغال سنگ پروده طبس,9,35784,1099606536,32346,30729,30729,-1617,-5,32217,-129,-0.4,30729,30729,1400-3-12,2021-06-02
582,بهپاك,صنعتي بهپاك,9,11092,70755868,6714,6379,6379,-335,-4.99,6712,-2,-0.03,6379,6379,1400-3-12,2021-06-02
583,ثنوسا,نوسازي‌وساختمان‌تهران‌,9,7291,87127450,12570,11950,11950,-620,-4.93,12570,0,0,11950,11950,1400-3-12,2021-06-02
584,دشيمي,شيمي‌ داروئي‌ داروپخش‌,9,7982,227646640,30020,28520,28520,-1500,-5,30000,-20,-0.07,28520,28520,1400-3-12,2021-06-02
585,زعف0008پ19,زعفران0008نگين تروند قاينات(پ),9,2203,263155950,118001,119995,118800,799,0.68,119453,1452,1.23,118800,120000,1400-3-12,2021-06-02
586,هكوير109,اختيارف ت كوير-8194-01/09/20,8,27391,16151404,1057,644,400,-657,-62.16,590,-467,-44.18,400,644,1400-3-12,2021-06-02
587,ضملي7003,اختيارخ فملي-11720-1400/07/11,8,67,120810000,1415,1536,1850,435,30.74,1803,388,27.42,1536,1850,1400-3-12,2021-06-02
588,قشكر,شكرشاهرود,8,31307,109950184,3696,3512,3512,-184,-4.98,3695,-1,-0.03,3512,3512,1400-3-12,2021-06-02
589,ضغدر3003,اختيارخ وغدير-9200-1400/03/26,8,39,46462000,897,1350,1300,403,44.93,1191,294,32.78,1100,1350,1400-3-12,2021-06-02
590,سفار,سيمان‌فارس‌,8,15805,2044534800,136160,129360,129360,-6800,-4.99,135120,-1040,-0.76,129360,129360,1400-3-12,2021-06-02
591,وگستر,گسترش سرمايه گذاري ايرانيان,8,16954,302171142,18761,17823,17823,-938,-5,18741,-20,-0.11,17823,17823,1400-3-12,2021-06-02
592,اخزا721,اسنادخزانه-م21بودجه97-000728,8,2106,1946998994,924165,924503,924503,338,0.04,924501,336,0.04,924500,924503,1400-3-12,2021-06-02
593,برن0003پ01,برنج طارم0003تجارت مازندران(پ),8,1770,487810000,275286,273000,278000,2714,0.99,275599,313,0.11,273000,278000,1400-3-12,2021-06-02
594,ضجار7039,اختيارخ وتجارت-1997-1400/07/21,8,207,63895000,280,335,315,35,12.5,309,29,10.36,295,335,1400-3-12,2021-06-02
595,كسرام,پارس‌ سرام‌,8,20227,155545630,8090,7690,7690,-400,-4.94,8090,0,0,7690,7690,1400-3-12,2021-06-02
596,لابسا,آبسال‌,8,6988,323264880,48690,46260,46260,-2430,-4.99,48630,-60,-0.12,46260,46260,1400-3-12,2021-06-02
597,تكشا,گسترش‌صنايع‌وخدمات‌كشاورزي‌,8,1749,65062800,39150,37200,37200,-1950,-4.98,39140,-10,-0.03,37200,37200,1400-3-12,2021-06-02
598,اخزا813,اسنادخزانه-م13بودجه98-010219,8,1613,1343648672,830400,832000,833200,2800,0.34,833012,2612,0.31,832000,833998,1400-3-12,2021-06-02
599,لخزر,پارس‌ خزر,8,411,69212400,177260,168400,168400,-8860,-5,177220,-40,-0.02,168400,168400,1400-3-12,2021-06-02
600,اخزا818,اسنادخزانه-م18بودجه98-010614,8,2013,1560743911,777958,772022,776000,-1958,-0.25,775332,-2626,-0.34,772022,776010,1400-3-12,2021-06-02
601,بسويچ,پارس‌سويچ‌,8,10066,262017980,27390,26030,26030,-1360,-4.97,27370,-20,-0.07,26030,26030,1400-3-12,2021-06-02
602,كيسون,شركت كيسون,8,12624,140883840,11387,11160,11160,-227,-1.99,11386,-1,-0.01,11160,11160,1400-3-12,2021-06-02
603,تملي805,تسهيلات مسكن ب. ملي-مرداد98,8,50,41913480,806029,806028,846330,40301,5,838270,32241,4,806028,846330,1400-3-12,2021-06-02
604,كفرآور,فرآورده هاي سيمان شرق,7,13571,310504480,23587,22880,22880,-707,-3,23564,-23,-0.1,22880,22880,1400-3-12,2021-06-02
605,كرونا2,تامين مالي جمعي صرفا اهداي سود,7,1237,12370000,10000,10000,10000,0,0,10000,0,0,10000,10000,1400-3-12,2021-06-02
606,زبينا,كشاورزي و دامپروري بينالود,7,20036,73852696,3880,3686,3686,-194,-5,3879,-1,-0.03,3686,3686,1400-3-12,2021-06-02
607,تپكو,توليدتجهيزات‌سنگين‌هپكو,7,8730,46242810,5405,5297,5297,-108,-2,5405,0,0,5297,5297,1400-3-12,2021-06-02
608,زقيام,كشت و دام قيام اصفهان,7,3473,94521168,28648,27216,27216,-1432,-5,28638,-10,-0.03,27216,27216,1400-3-12,2021-06-02
609,سكرد,سيمان كردستان,7,16286,150808360,9740,9260,9260,-480,-4.93,9730,-10,-0.1,9260,9260,1400-3-12,2021-06-02
610,ساذري,آذريت‌,7,13498,86157734,6198,6383,6383,185,2.98,6200,2,0.03,6383,6383,1400-3-12,2021-06-02
611,ثعمرا,عمران و توسعه شاهد,7,7545,93467460,13039,12388,12388,-651,-4.99,13035,-4,-0.03,12388,12388,1400-3-12,2021-06-02
612,اخزا908,اسنادخزانه-م8بودجه99-020606,7,5985,3791516263,632128,633005,633500,1372,0.22,633503,1375,0.22,633005,634000,1400-3-12,2021-06-02
613,اخزا821,اسنادخزانه-م21بودجه98-020906,7,6655,4000163134,600102,600102,601167,1065,0.18,601076,974,0.16,600102,601200,1400-3-12,2021-06-02
614,وآذر,سرمايه‌گذاري‌توسعه‌آذربايجان‌,7,2883,222625260,81280,77220,77220,-4060,-5,81220,-60,-0.07,77220,77220,1400-3-12,2021-06-02
615,زمگسا,كشاورزي‌ ودامپروي‌ مگسال‌,7,2889,87912270,32030,30430,30430,-1600,-5,32020,-10,-0.03,30430,30430,1400-3-12,2021-06-02
616,زفكا,كشت و دامداري فكا,7,15353,182639288,12522,11896,11896,-626,-5,12514,-8,-0.06,11896,11896,1400-3-12,2021-06-02
617,سصفها,سيمان‌اصفهان‌,7,1497,178966350,125840,119550,119550,-6290,-5,125790,-50,-0.04,119550,119550,1400-3-12,2021-06-02
618,لكما,كارخانجات‌مخابراتي‌ايران‌,7,6633,38975508,6057,5876,5876,-181,-2.99,6056,-1,-0.02,5876,5876,1400-3-12,2021-06-02
619,تملي802,تسهيلات مسكن ب. ملي-ارديبهشت98,7,65,58675030,872516,872500,916000,43484,4.98,902693,30177,3.46,872500,916141,1400-3-12,2021-06-02
620,كشرق,صنعتي و معدني شمال شرق شاهرود,7,100067,7493217094,78823,74882,74882,-3941,-5,76580,-2243,-2.85,74882,74882,1400-3-12,2021-06-02
621,اخزا720,اسنادخزانه-م20بودجه97-000324,7,2290,2272782970,993912,994985,994985,1073,0.11,992482,-1430,-0.14,992300,994985,1400-3-12,2021-06-02
622,آسام,صندوق س.آرمان سپهر آشنا-م,7,920,94191880,102531,100901,102998,467,0.46,102382,-149,-0.15,100901,102998,1400-3-12,2021-06-02
623,ولشرق,ليزينگ ايران و شرق,7,304763,2311932118,7985,7586,7586,-399,-5,7918,-67,-0.84,7586,7586,1400-3-12,2021-06-02
624,شسينا,صنايع‌شيميايي‌سينا,6,621,76047660,128900,122460,122460,-6440,-5,128870,-30,-0.02,122460,122460,1400-3-12,2021-06-02
625,خزر,فنرسازي‌زر,6,1023,42638640,43870,41680,41680,-2190,-4.99,43860,-10,-0.02,41680,41680,1400-3-12,2021-06-02
626,ثزاگرس,سرمايه گذاري توسعه عمران زاگرس,6,750,40600500,56983,54134,54134,-2849,-5,56971,-12,-0.02,54134,54134,1400-3-12,2021-06-02
627,وتعاون,بيمه  تعاون,6,83858,495097632,6086,5904,5904,-182,-2.99,6077,-9,-0.15,5904,5904,1400-3-12,2021-06-02
628,وسنا,سرمايه گذاري نيروگاهي ايران,6,9195,138347970,15511,15046,15046,-465,-3,15508,-3,-0.02,15046,15046,1400-3-12,2021-06-02
629,اخزا805,اسنادخزانه-م5بودجه98-000422,6,7050,6883622624,977713,976311,984989,7276,0.74,976400,-1313,-0.13,976310,984989,1400-3-12,2021-06-02
630,زعف0008پ05,زعفران0008نگين زرين(پ),6,2160,259104000,119803,120000,119400,-403,-0.34,119956,153,0.13,119400,120000,1400-3-12,2021-06-02
631,ضپاس7027,اختيارخ وپارس-1800-1400/07/28,6,6,6124000,1230,1058,950,-280,-22.76,1021,-209,-16.99,950,1058,1400-3-12,2021-06-02
632,شگل,گلتاش‌,6,4400,42020000,10050,9550,9550,-500,-4.98,10050,0,0,9550,9550,1400-3-12,2021-06-02
633,اخزا820,اسنادخزانه-م20بودجه98-020806,6,324,198040324,610786,611026,611307,521,0.09,611236,450,0.07,611026,611500,1400-3-12,2021-06-02
634,قنقش,قند نقش جهان,6,3104,213729024,71725,68856,68856,-2869,-4,71597,-128,-0.18,68856,68856,1400-3-12,2021-06-02
635,غفارس,شير پاستوريزه پگاه فارس,6,3745,64002050,17989,17090,17090,-899,-5,17985,-4,-0.02,17090,17090,1400-3-12,2021-06-02
636,قهكمت,قندهكمتان‌,6,1580,68856400,45870,43580,43580,-2290,-4.99,45860,-10,-0.02,43580,43580,1400-3-12,2021-06-02
637,اخزا809,اسنادخزانه-م9بودجه98-000923,6,837,751235018,896357,897501,899900,3543,0.4,897533,1176,0.13,897501,899900,1400-3-12,2021-06-02
638,قنيشا,قند  نيشابور,6,2444,148497440,63950,60760,60760,-3190,-4.99,63920,-30,-0.05,60760,60760,1400-3-12,2021-06-02
639,ددام,داروسازي زاگرس فارمد پارس,6,5742,92216520,16900,16060,16060,-840,-4.97,16890,-10,-0.06,16060,16060,1400-3-12,2021-06-02
640,دبالك,مواد اوليه دارويي البرز بالك,6,11191,217978298,20503,19478,19478,-1025,-5,20487,-16,-0.08,19478,19478,1400-3-12,2021-06-02
641,ثپرديس,سرمايه گذاري مسكن پرديس,6,25714,246262978,10081,9577,9577,-504,-5,10072,-9,-0.09,9577,9577,1400-3-12,2021-06-02
642,پلاست,كارخانجات توليدي پلاستيران,6,2294,156370510,71752,68165,68165,-3587,-5,71693,-59,-0.08,68165,68165,1400-3-12,2021-06-02
643,تبرك,گروه كارخانجات صنعتي تبرك,5,1905,35453955,19590,18611,18611,-979,-5,19588,-2,-0.01,18611,18611,1400-3-12,2021-06-02
644,تملي709,تسهيلات مسكن ب. ملي-آذر97,5,43,39592907,909137,954593,863681,-45456,-5,920765,11628,1.28,863681,954593,1400-3-12,2021-06-02
645,اخزا713,اسنادخزانه-م13بودجه97-000518,5,2010,1938940000,965122,965000,965000,-122,-0.01,964647,-475,-0.05,963900,965000,1400-3-12,2021-06-02
646,كپشير,پشم‌شيشه‌ايران‌,5,2074,71988540,36530,34710,34710,-1820,-4.98,36520,-10,-0.03,34710,34710,1400-3-12,2021-06-02
647,سايرا,ايرانيت‌,5,80248,3315767112,42162,41319,41319,-843,-2,41592,-570,-1.35,41319,41319,1400-3-12,2021-06-02
648,بالبر,كابل‌ البرز,5,939,50875020,57030,54180,54180,-2850,-5,57020,-10,-0.02,54180,54180,1400-3-12,2021-06-02
649,ضملي7005,اختيارخ فملي-15720-1400/07/11,5,10,5940000,600,590,600,0,0,594,-6,-1,590,600,1400-3-12,2021-06-02
650,داسوه,داروسازي‌ اسوه‌,5,7163,195693160,28750,27320,27320,-1430,-4.97,28730,-20,-0.07,27320,27320,1400-3-12,2021-06-02
651,غدام,خوراك‌  دام‌ پارس‌,5,233,87088410,393440,373770,373770,-19670,-5,393320,-120,-0.03,373770,373770,1400-3-12,2021-06-02
652,فملي2,ملي‌ صنايع‌ مس‌ ايران‌,5,291622000,3595762680000,12390,12250,12440,50,0.4,12330,-60,-0.48,12100,12460,1400-3-12,2021-06-02
653,غديس,پاكديس,5,3969,50525370,13399,12730,12730,-669,-4.99,13397,-2,-0.01,12730,12730,1400-3-12,2021-06-02
654,نگين,ص.س. زمين و ساختمان نگين شهرري,5,590,28276000,47600,48000,48000,400,0.84,47930,330,0.69,47600,48000,1400-3-12,2021-06-02
655,اخزا816,اسنادخزانه-م16بودجه98-010503,5,30984,24632280000,794606,795000,795000,394,0.05,795000,394,0.05,795000,795000,1400-3-12,2021-06-02
656,ضسپا8039,اختيارخ خساپا-1200-1400/08/26,5,49,22666000,447,469,434,-13,-2.91,463,16,3.58,434,469,1400-3-12,2021-06-02
657,تپمپي,پمپ‌ سازي‌ ايران‌,5,2786,48002780,18130,17230,17230,-900,-4.96,18130,0,0,17230,17230,1400-3-12,2021-06-02
658,زعف0008پ10,زعفران0008نگين طلاي سرخ(پ),5,5894,708933900,121000,120010,120100,-900,-0.74,120281,-719,-0.59,120000,120500,1400-3-12,2021-06-02
659,ضفلا7003,اختيارخ فولاد-8160-1400/07/25,5,195,683615200,2187,2510,2500,313,14.31,2501,314,14.36,2500,2510,1400-3-12,2021-06-02
660,ساربيل,سيمان آرتا اردبيل,4,1117,56274460,53030,50380,50380,-2650,-5,53020,-10,-0.02,50380,50380,1400-3-12,2021-06-02
661,غاذر,كشت‌وصنعت‌پياذر,4,580,29875800,54220,51510,51510,-2710,-5,54210,-10,-0.02,51510,51510,1400-3-12,2021-06-02
662,ضملت3003,اختيارخ وبملت-4500-1400/03/19,4,151,151000,3,1,1,-2,-66.67,1,-2,-66.67,1,1,1400-3-12,2021-06-02
663,اراد33,مرابحه عام دولت3-ش.خ 0303,4,11600,10326796800,879992,855002,895000,15008,1.71,890241,10249,1.16,855002,895000,1400-3-12,2021-06-02
664,غپآذر,شير پگاه آذربايجان شرقي,4,592,30752032,54679,51946,51946,-2733,-5,54673,-6,-0.01,51946,51946,1400-3-12,2021-06-02
665,غچين,كشت‌ و صنعت‌ چين‌ چين,4,3760,70161600,19640,18660,18660,-980,-4.99,19640,0,0,18660,18660,1400-3-12,2021-06-02
666,صگل039,صكوك اجاره گل گهر039-3ماهه20%,4,1020,1020820000,1000001,1000000,1050000,49999,5,1000804,803,0.08,1000000,1050000,1400-3-12,2021-06-02
667,ضصاد8031,اختيارخ وبصادر-1789-1400/08/12,4,240,77140000,308,321,321,13,4.22,321,13,4.22,321,322,1400-3-12,2021-06-02
668,شفا,سرمايه گذاري شفادارو,4,1188,47626920,42200,40090,40090,-2110,-5,42190,-10,-0.02,40090,40090,1400-3-12,2021-06-02
669,ثشرق,سرمايه گذاري مسكن شمال شرق,4,22788,149033520,6880,6540,6540,-340,-4.94,6880,0,0,6540,6540,1400-3-12,2021-06-02
670,سخاش,سيمان‌خاش‌,4,545,68947950,133160,126510,126510,-6650,-4.99,133130,-30,-0.02,126510,126510,1400-3-12,2021-06-02
671,ضفلا3006,اختيارخ فولاد-11413-1400/03/19,4,140,462660,6,3,3,-3,-50,2,-4,-66.67,2,3,1400-3-12,2021-06-02
672,ضپيك7041,اختيارخ تاپيكو-7070-00/07/18,4,75,170550000,1900,2222,2300,400,21.05,2274,374,19.68,2222,2300,1400-3-12,2021-06-02
673,ضپاس7028,اختيارخ وپارس-2000-1400/07/28,4,16,13580000,970,1000,830,-140,-14.43,849,-121,-12.47,650,1000,1400-3-12,2021-06-02
674,قزوين,كارخانجات‌ قند قزوين‌,4,2428,91268520,39560,37590,37590,-1970,-4.98,39550,-10,-0.03,37590,37590,1400-3-12,2021-06-02
675,اخزا716,اسنادخزانه-م16بودجه97-000407,4,1300,1282514300,984836,986101,989987,5151,0.52,986549,1713,0.17,986101,989988,1400-3-12,2021-06-02
676,وليز,ليزينگ‌ايران‌,4,8313,74733870,9460,8990,8990,-470,-4.97,9460,0,0,8990,8990,1400-3-12,2021-06-02
677,اپرداز,آتيه داده پرداز,4,1921,38735044,21225,20164,20164,-1061,-5,21222,-3,-0.01,20164,20164,1400-3-12,2021-06-02
678,ضجار7037,اختيارخ وتجارت-1597-1400/07/21,4,22,11250000,550,620,500,-50,-9.09,511,-39,-7.09,500,620,1400-3-12,2021-06-02
679,شتولي,تولي‌پرس‌,4,16838,588791184,35681,34968,34968,-713,-2,35595,-86,-0.24,34968,34968,1400-3-12,2021-06-02
680,بكاب,صنايع‌جوشكاب‌يزد,4,66,22548900,359630,341650,341650,-17980,-5,359600,-30,-0.01,341650,341650,1400-3-12,2021-06-02
681,ضجار7040,اختيارخ وتجارت-2497-1400/07/21,4,117,15220000,115,125,160,45,39.13,130,15,13.04,125,160,1400-3-12,2021-06-02
682,تملي807,تسهيلات مسكن ب. ملي-مهر98,4,72,48280176,638627,670558,670558,31931,5,670558,31931,5,670558,670558,1400-3-12,2021-06-02
683,تملي702,تسهيلات مسكن ب. ملي-ارديبهشت97,4,33,14119809,407499,427873,427873,20374,5,427873,20374,5,427873,427873,1400-3-12,2021-06-02
684,جهرم,پتروشيمي جهرم,4,18834,32319144,1769,1716,1716,-53,-3,1769,0,0,1716,1716,1400-3-12,2021-06-02
685,ضترا8055,اختيارخ شتران-2118-1400/08/09,4,91,330860000,3323,3380,3800,477,14.35,3636,313,9.42,3380,3800,1400-3-12,2021-06-02
686,لازما,كارخانه هاي صنعتي آزمايش,4,875,28825125,33961,32943,32943,-1018,-3,33958,-3,-0.01,32943,32943,1400-3-12,2021-06-02
687,زعف0008پ20,زعفران0008نگين وحدت جام(پ),3,200,23600000,117688,118000,118000,312,0.27,118000,312,0.27,118000,118000,1400-3-12,2021-06-02
688,تكنار,مجتمع معادن مس تكنار,3,139,15806385,117231,113715,113715,-3516,-3,117225,-6,-0.01,113715,113715,1400-3-12,2021-06-02
689,ضسپا8042,اختيارخ خساپا-1800-1400/08/26,3,32,6151000,187,151,200,13,6.95,192,5,2.67,151,200,1400-3-12,2021-06-02
690,اراد43,مرابحه عام دولت4-ش.خ 0205,3,1500,1466445000,973000,938000,997450,24450,2.51,977630,4630,0.48,938000,997450,1400-3-12,2021-06-02
691,فنفت,صنايع تجهيزات نفت,3,9600,301084800,33013,31363,31363,-1650,-5,32961,-52,-0.16,31363,31363,1400-3-12,2021-06-02
692,اخزا811,اسنادخزانه-م11بودجه98-001013,3,1361,1209933138,888440,889004,889003,563,0.06,889003,563,0.06,889003,889004,1400-3-12,2021-06-02
693,داريك,صندوق س.اعتماد داريك-د,3,150000,1590900000,10606,10606,10606,0,0,10606,0,0,10606,10606,1400-3-12,2021-06-02
694,سدبير,س. تدبيرگران فارس وخوزستان,3,554,45558190,86563,82235,82235,-4328,-5,86549,-14,-0.02,82235,82235,1400-3-12,2021-06-02
695,فولاد2,فولاد مباركه اصفهان,3,161224000,1569995200000,9650,9700,9800,150,1.55,9738,88,0.91,9700,9800,1400-3-12,2021-06-02
696,غشصفا,شيرپاستوريزه‌پگاه‌اصفهان‌,3,1398,36054420,27140,25790,25790,-1350,-4.97,27140,0,0,25790,25790,1400-3-12,2021-06-02
697,ولغدر,ليزينگ‌خودروغدير,3,1036,23952320,24330,23120,23120,-1210,-4.97,24330,0,0,23120,23120,1400-3-12,2021-06-02
698,ضترا8056,اختيارخ شتران-2558-1400/08/09,3,28,81088000,2668,2899,2900,232,8.7,2896,228,8.55,2888,2900,1400-3-12,2021-06-02
699,ثالوند,سرمايه گذاري مسكن الوند,3,20437,620119891,31940,30343,30343,-1597,-5,31870,-70,-0.22,30343,30343,1400-3-12,2021-06-02
700,سكه0111پ05,تمام سكه طرح جديد0111آينده,3,300,335960000,1078751,1092000,1133800,55049,5.1,1119867,41116,3.81,1092000,1133800,1400-3-12,2021-06-02
701,ضفلا3002,اختيارخ فولاد-6420-1400/03/19,3,11,46630520,2900,3100,2890,-10,-0.34,3024,124,4.28,2890,3100,1400-3-12,2021-06-02
702,داوه,داروسازي آوه سينا,3,1559,29850173,20154,19147,19147,-1007,-5,20152,-2,-0.01,19147,19147,1400-3-12,2021-06-02
703,اخزا722,اسنادخزانه-م22بودجه97-000428,3,415,405413500,976368,976900,976900,532,0.05,976900,532,0.05,976900,976900,1400-3-12,2021-06-02
704,پا ر 35,بار پايه روز 35,3,30000,20400000,650,680,680,30,4.62,680,30,4.62,680,680,1400-3-12,2021-06-02
705,ضپاس7030,اختيارخ وپارس-3000-1400/07/28,3,10,3750000,375,370,380,5,1.33,375,0,0,370,380,1400-3-12,2021-06-02
706,وملت,سرمايه گذاري ملت,3,5537,23598694,4348,4262,4262,-86,-1.98,4348,0,0,4262,4262,1400-3-12,2021-06-02
707,نبروج,نساجي بروجرد,3,4894,29031208,5816,5932,5932,116,1.99,5817,1,0.02,5932,5932,1400-3-12,2021-06-02
708,شدوص,دوده‌ صنعتي‌ پارس‌,3,2434,49434540,21370,20310,20310,-1060,-4.96,21370,0,0,20310,20310,1400-3-12,2021-06-02
709,اراد61,مرابحه عام دولت61-ش.خ0309,3,70000,70000000000,1000000,1000000,1000000,0,0,1000000,0,0,1000000,1000000,1400-3-12,2021-06-02
710,شپاس4,نفت پاسارگاد,3,229156481,4089526559926,17846,17846,17846,0,0,17846,0,0,17846,17846,1400-3-12,2021-06-02
711,چافست,افست‌,3,1665,25807500,16310,15500,15500,-810,-4.97,16310,0,0,15500,15500,1400-3-12,2021-06-02
712,پست0008پ04,پسته فندقي32-30سبزدانه0008(پ),3,295,466930308,1647097,1581630,1698116,51019,3.1,1582815,-64282,-3.9,1581630,1698116,1400-3-12,2021-06-02
713,زير0003پ01,زيره سبز0003كيميابذر(پ),3,1080,581136594,566354,538037,594671,28317,5,538089,-28265,-4.99,538037,594671,1400-3-12,2021-06-02
714,كهرام,توليدي گرانيت بهسرام,3,140,15408540,113464,110061,110061,-3403,-3,113459,-5,0,110061,110061,1400-3-12,2021-06-02
715,ضفلا7002,اختيارخ فولاد-6733-1400/07/25,3,10,40665010,3860,3001,2500,-1360,-35.23,2900,-960,-24.87,2500,3001,1400-3-12,2021-06-02
716,تملي806,تسهيلات مسكن ب. ملي-شهريور98,3,29,15499050,509000,534450,534450,25450,5,534450,25450,5,534450,534450,1400-3-12,2021-06-02
717,ضصاد3001,اختيارخ وبصادر-2000-1400/03/12,3,41,41000,3,1,1,-2,-66.67,1,-2,-66.67,1,1,1400-3-12,2021-06-02
718,سنفت009,سلف موازي استاندارد سنفت009,3,285000,440040000000,1542236,1544000,1544000,1764,0.11,1544000,1764,0.11,1544000,1544000,1400-3-12,2021-06-02
719,ضترا8057,اختيارخ شتران-3000-1400/08/09,3,26,45825000,1615,1900,1700,85,5.26,1762,147,9.1,1700,1985,1400-3-12,2021-06-02
720,ثجوان,تامين مسكن جوانان,2,2000,20016000,10534,10008,10008,-526,-4.99,10533,-1,-0.01,10008,10008,1400-3-12,2021-06-02
721,پا ر 36,بار پايه روز 36,2,30000,20400000,650,680,680,30,4.62,680,30,4.62,680,680,1400-3-12,2021-06-02
722,ومشان,س. فني و مهندسي مشانير,2,375,26095125,71739,69587,69587,-2152,-3,71733,-6,-0.01,69587,69587,1400-3-12,2021-06-02
723,اخزا804,اسنادخزانه-م4بودجه98-000421,2,318,311322000,978914,979000,979000,86,0.01,979000,86,0.01,979000,979000,1400-3-12,2021-06-02
724,ضصاد8039,اختيارخ وبصادر-1389-1400/08/12,2,200,131000000,599,650,660,61,10.18,655,56,9.35,650,660,1400-3-12,2021-06-02
725,فلامي,لاميران‌,2,640,24486400,40270,38260,38260,-2010,-4.99,40270,0,0,38260,38260,1400-3-12,2021-06-02
726,سنفت010,سلف موازي استاندارد سنفت010,2,105000,163191000000,1546150,1554200,1554200,8050,0.52,1554200,8050,0.52,1554200,1554200,1400-3-12,2021-06-02
727,پا ر 22,بار پايه روز 22,2,30000,20400000,375,680,680,305,81.33,680,305,81.33,680,680,1400-3-12,2021-06-02
728,پا ر 21,بار پايه روز 21,2,30000,20400000,380,680,680,300,78.95,680,300,78.95,680,680,1400-3-12,2021-06-02
729,ضغدر3002,اختيارخ وغدير-8200-1400/03/26,2,10,20100000,1703,2010,2010,307,18.03,2010,307,18.03,2010,2010,1400-3-12,2021-06-02
730,سنوين,سرمايه گذاري اقتصاد نوين,2,3200,28342400,9130,8857,8857,-273,-2.99,9129,-1,-0.01,8857,8857,1400-3-12,2021-06-02
731,زعف0008پ09,زعفران0008نگين نوين(پ),2,542,64991152,118830,119956,119906,1076,0.91,119910,1080,0.91,119906,119956,1400-3-12,2021-06-02
732,وايرا,سرمايه گذاري صنايع ايران,2,4000,46288000,12181,11572,11572,-609,-5,12178,-3,-0.02,11572,11572,1400-3-12,2021-06-02
733,پا ر 23,بار پايه روز 23,2,30000,20400000,345,680,680,335,97.1,680,335,97.1,680,680,1400-3-12,2021-06-02
734,پا ر 24,بار پايه روز 24,2,30000,20400000,375,680,680,305,81.33,680,305,81.33,680,680,1400-3-12,2021-06-02
735,پا ه 12,بار پايه هفته 12,2,30000,20400000,740,680,680,-60,-8.11,680,-60,-8.11,680,680,1400-3-12,2021-06-02
736,غمهرا,توليدي‌مهرام‌,2,175,20223000,121640,115560,115560,-6080,-5,121630,-10,-0.01,115560,115560,1400-3-12,2021-06-02
737,وحافظ,بيمه حافظ,2,200,12877800,65703,64389,64389,-1314,-2,65700,-3,0,64389,64389,1400-3-12,2021-06-02
738,پا ر 26,بار پايه روز 26,2,30000,20400000,380,680,680,300,78.95,680,300,78.95,680,680,1400-3-12,2021-06-02
739,حپارسا,توسعه حمل و نقل ريلي پارسيان,2,606,20252520,35178,33420,33420,-1758,-5,35175,-3,-0.01,33420,33420,1400-3-12,2021-06-02
740,آ س پ,آ.س.پ,2,748,11457116,16123,15317,15317,-806,-5,16122,-1,-0.01,15317,15317,1400-3-12,2021-06-02
741,وسالت,بانك قرض الحسنه رسالت,2,100,114300,1110,1143,1143,33,2.97,1110,0,0,1143,1143,1400-3-12,2021-06-02
742,ضملت8038,اختيارخ وبملت-1934-1400/08/19,2,15,30750000,2190,2050,2050,-140,-6.39,2050,-140,-6.39,2050,2050,1400-3-12,2021-06-02
743,زير0003پ04,زيره سبز0003شركت مينوبذر(پ),2,536,318383656,566354,594671,584671,18317,3.23,593999,27645,4.88,584671,594671,1400-3-12,2021-06-02
744,فلات,گروه صنايع معادن فلات ايرانيان,2,1400,20692000,15237,14780,14780,-457,-3,15236,-1,-0.01,14780,14780,1400-3-12,2021-06-02
745,شپارس,بين‌ المللي‌ محصولات‌  پارس‌,2,750,15690000,22020,20920,20920,-1100,-5,22020,0,0,20920,20920,1400-3-12,2021-06-02
746,وسكرمان,س.سهام عدالت استان كرمان,2,5500,5384500,1030,979,979,-51,-4.95,1030,0,0,979,979,1400-3-12,2021-06-02
747,دقاضي,داروسازي شهيد قاضي,2,625,26210625,43234,41937,41937,-1297,-3,43232,-2,0,41937,41937,1400-3-12,2021-06-02
748,افران2,صندوق س افرا نماد پايدار-ثابت,2,13350000,13350000,13433,1,1,-13432,-99.99,1,-13432,-99.99,1,1,1400-3-12,2021-06-02
749,ولصنم,ليزينگ‌صنعت‌ومعدن‌,2,2560,26752000,10990,10450,10450,-540,-4.91,10990,0,0,10450,10450,1400-3-12,2021-06-02
750,ضپيك7039,اختيارخ تاپيكو-5070-00/07/18,2,12,26401000,3127,2201,2200,-927,-29.65,2200,-927,-29.65,2200,2201,1400-3-12,2021-06-02
751,بشهاب,لامپ‌  پارس‌ شهاب‌,2,75,10596000,148710,141280,141280,-7430,-5,148700,-10,-0.01,141280,141280,1400-3-12,2021-06-02
752,پا ر 25,بار پايه روز 25,2,30000,20400000,350,680,680,330,94.29,680,330,94.29,680,680,1400-3-12,2021-06-02
753,خفناور,مهندسي صنعتي روان فن آور,2,935,43744910,48232,46786,46786,-1446,-3,48225,-7,-0.01,46786,46786,1400-3-12,2021-06-02
754,ضملي7004,اختيارخ فملي-13720-1400/07/11,2,6,6434000,909,1434,1000,91,10.01,1072,163,17.93,1000,1434,1400-3-12,2021-06-02
755,سخواف,سيمان مجد خواف,2,1351,21949697,16749,16247,16247,-502,-3,16748,-1,-0.01,16247,16247,1400-3-12,2021-06-02
756,لخانه,لوازم‌ خانگي‌ پارس‌,2,1300,33796100,27365,25997,25997,-1368,-5,27360,-5,-0.02,25997,25997,1400-3-12,2021-06-02
757,وجامي,سرمايه گذاري جامي,2,7099,101473106,15046,14294,14294,-752,-5,15038,-8,-0.05,14294,14294,1400-3-12,2021-06-02
758,ضبدر3002,اختيارخ شبندر-3843-1400/03/30,2,4,15600000,3800,3900,3900,100,2.63,3900,100,2.63,3900,3900,1400-3-12,2021-06-02
759,ثروتم2,صندوق س. ثروت آفرين پارسيان-س,2,1300000,1300000,72620,1,1,-72619,-100,1,-72619,-100,1,1,1400-3-12,2021-06-02
760,اراد744,مرابحه عام دولت74-ش.خ040226,2,2209000,2142730000000,980000,970000,970000,-10000,-1.02,970000,-10000,-1.02,970000,970000,1400-3-12,2021-06-02
761,كمرجان,بازرگاني و توليدي مرجان كار,2,203,28292922,146709,139374,139374,-7335,-5,146694,-15,-0.01,139374,139374,1400-3-12,2021-06-02
762,پا ر 34,بار پايه روز 34,2,30000,20400000,650,680,680,30,4.62,680,30,4.62,680,680,1400-3-12,2021-06-02
763,وسرضوي,س.سهام عدالت استان خراسان رضوي,1,9000,8811000,1030,979,979,-51,-4.95,1030,0,0,979,979,1400-3-12,2021-06-02
764,اراد504,مرابحه عام دولت5-ش.خ0302,1,1000000,1000000000000,1000000,1000000,1000000,0,0,1000000,0,0,1000000,1000000,1400-3-12,2021-06-02
765,كگلح2,ح . معدني و صنعتي گل گهر,1,20000000,224400000000,11300,11220,11220,-80,-0.71,11220,-80,-0.71,11220,11220,1400-3-12,2021-06-02
766,سباقر4,سيمان باقران,1,5000000,72575000000,14193,14515,14515,322,2.27,14515,322,2.27,14515,14515,1400-3-12,2021-06-02
767,ثتوسا,س.توسعه و عمران استان اردبيل,1,200,7536400,38847,37682,37682,-1165,-3,38846,-1,0,37682,37682,1400-3-12,2021-06-02
768,شغدير2,پتروشيمي غدير,1,1400000,97300000000,71180,69500,69500,-1680,-2.36,69500,-1680,-2.36,69500,69500,1400-3-12,2021-06-02
769,وغدير2,سرمايه‌گذاري‌غدير(هلدينگ‌,1,52531000,549999570000,10280,10470,10470,190,1.85,10470,190,1.85,10470,10470,1400-3-12,2021-06-02
770,فبيرا,بسته‌ بندي‌ ايران‌,1,4000,11760000,3094,2940,2940,-154,-4.98,3094,0,0,2940,2940,1400-3-12,2021-06-02
771,قلرست,قند لرستان‌,1,493,16771860,35810,34020,34020,-1790,-5,35810,0,0,34020,34020,1400-3-12,2021-06-02
772,ضفلا3001,اختيارخ فولاد-5706-1400/03/19,1,10,53276000,4000,3800,3800,-200,-5,3800,-200,-5,3800,3800,1400-3-12,2021-06-02
773,اراد434,مرابحه عام دولت4-ش.خ 0205,1,270000,251779050000,973000,932515,932515,-40485,-4.16,932515,-40485,-4.16,932515,932515,1400-3-12,2021-06-02
774,شسم,توليد سموم‌ علف‌ كش,1,2000,193024000,94620,96512,96512,1892,2,94690,70,0.07,96512,96512,1400-3-12,2021-06-02
775,ثاباد,توريستي ورفاهي آبادگران ايران,1,190,9733700,53920,51230,51230,-2690,-4.99,53920,0,0,51230,51230,1400-3-12,2021-06-02
776,غشاذر,پگاه‌آذربايجان‌غربي‌,1,924,8657880,9860,9370,9370,-490,-4.97,9860,0,0,9370,9370,1400-3-12,2021-06-02
777,اراد424,مرابحه عام دولت4-ش.خ 0106,1,298300,284068107000,999999,952290,952290,-47709,-4.77,952290,-47709,-4.77,952290,952290,1400-3-12,2021-06-02
778,اوان,مبين وان كيش,1,100,5180400,54530,51804,51804,-2726,-5,54529,-1,0,51804,51804,1400-3-12,2021-06-02
779,ضغدر3000,اختيارخ وغدير-6200-1400/03/26,1,2,8700000,3300,4350,4350,1050,31.82,4350,1050,31.82,4350,4350,1400-3-12,2021-06-02
780,اراد74,مرابحه عام دولت74-ش.خ040226,1,1000,970000000,980000,970000,970000,-10000,-1.02,970000,-10000,-1.02,970000,970000,1400-3-12,2021-06-02
781,اخزا810,اسنادخزانه-م10بودجه98-001006,1,941,838336900,890822,890900,890900,78,0.01,890900,78,0.01,890900,890900,1400-3-12,2021-06-02
782,ضملت8041,اختيارخ وبملت-3434-1400/08/19,1,10,8500000,800,850,850,50,6.25,850,50,6.25,850,850,1400-3-12,2021-06-02
783,ضصاد8033,اختيارخ وبصادر-2489-1400/08/12,1,20,2000000,100,100,100,0,0,100,0,0,100,100,1400-3-12,2021-06-02
784,افاد82,منفعت دولت8-ش.خاص لوتوس0205,1,3000,2895000000,960000,965000,965000,5000,0.52,965000,5000,0.52,965000,965000,1400-3-12,2021-06-02
785,كيش1402,اجاره س. و توسعه كيش14020820,1,200,200000000,1010000,1000000,1000000,-10000,-0.99,1000000,-10000,-0.99,1000000,1000000,1400-3-12,2021-06-02
786,اراد364,مرابحه عام دولت3-ش.خ 0104,1,800000,759072000000,992272,948840,948840,-43432,-4.38,948840,-43432,-4.38,948840,948840,1400-3-12,2021-06-02
787,تيپيكو2,سرمايه گذاري دارويي تامين,1,12500000,450000000000,36100,36000,36000,-100,-0.28,36000,-100,-0.28,36000,36000,1400-3-12,2021-06-02
788,ضملت8042,اختيارخ وبملت-3934-1400/08/19,1,20,10000000,1,500,500,499,49900,500,499,49900,500,500,1400-3-12,2021-06-02
789,وآتوس,س.آرين توسكا قيمت اسمي 350ريال,1,2000,86952000,44820,43476,43476,-1344,-3,44808,-12,-0.03,43476,43476,1400-3-12,2021-06-02
790,زعف0008پ12,زعفران0008پوشالمعمول سحرخيز(پ),1,100,8482100,84639,84821,84821,182,0.22,84821,182,0.22,84821,84821,1400-3-12,2021-06-02
791,همبين102,اختيارف ت مبين17952-01/02/10,1,100000,133800000,1280,1338,1338,58,4.53,1338,58,4.53,1338,1338,1400-3-12,2021-06-02
792,ولراز,ليزينگ رازي,1,94,5111532,56059,54378,54378,-1681,-3,56058,-1,0,54378,54378,1400-3-12,2021-06-02
793,سلامت6,مرابحه سلامت6واجدشرايط خاص1400,1,1000,991000000,999000,991000,991000,-8000,-0.8,991000,-8000,-0.8,991000,991000,1400-3-12,2021-06-02
794,سنير,سيمان‌ سفيد ني‌ريز,1,20,4662600,245400,233130,233130,-12270,-5,245400,0,0,233130,233130,1400-3-12,2021-06-02
795,پست0008پ08,پسته فندقي32-30مه ولات0008(پ),1,4,6720000,1665047,1680000,1680000,14953,0.9,1680000,14953,0.9,1680000,1680000,1400-3-12,2021-06-02
796,ثنام,س ساختماني ب نام آوران مهندسي,1,323,5217419,16652,16153,16153,-499,-3,16652,0,0,16153,16153,1400-3-12,2021-06-02
797,فسا,پتروشيمي فسا,1,11639,19925968,1764,1712,1712,-52,-2.95,1764,0,0,1712,1712,1400-3-12,2021-06-02
798,ضشنا8005,اختيارخ شپنا-12800-1400/08/16,1,10,6000000,502,600,600,98,19.52,600,98,19.52,600,600,1400-3-12,2021-06-02
799,شستا003,اجاره تامين اجتماعي-سپهر000523,1,10,9850000,989933,985000,985000,-4933,-0.5,985000,-4933,-0.5,985000,985000,1400-3-12,2021-06-02
800,مفاخر,توسعه فناوري اطلاعات خوارزمي,1,116,5009460,45457,43185,43185,-2272,-5,45456,-1,0,43185,43185,1400-3-12,2021-06-02
801,رتكو,كنترل‌خوردگي‌تكين‌كو,1,310,5071600,17220,16360,16360,-860,-4.99,17220,0,0,16360,16360,1400-3-12,2021-06-02
802,ومعادن2,توسعه‌معادن‌وفلزات‌,1,10000000,82000000000,8200,8200,8200,0,0,8200,0,0,8200,8200,1400-3-12,2021-06-02
803,اخزا819,اسنادخزانه-م19بودجه98-020322,1,1000,729565000,725935,729565,729565,3630,0.5,729565,3630,0.5,729565,729565,1400-3-12,2021-06-02
804,ضبدر3003,اختيارخ شبندر-4270-1400/03/30,1,20,39980000,2000,1999,1999,-1,-0.05,1999,-1,-0.05,1999,1999,1400-3-12,2021-06-02
805,شرق1400,مشاركت ليزينگ ايران وشرق140010,1,30,30240000,999800,1008000,1008000,8200,0.82,1008000,8200,0.82,1008000,1008000,1400-3-12,2021-06-02
806,آبين,كشت و صنعت آبشيرين,1,1300,5358600,4206,4122,4122,-84,-2,4206,0,0,4122,4122,1400-3-12,2021-06-02
807,زير0003پ02,زيره سبز0003 دانش(پ),1,9,5352039,541200,594671,594671,53471,9.88,594671,53471,9.88,594671,594671,1400-3-12,2021-06-02
808,جم2,پتروشيمي جم,1,2550000,89989500000,35290,35290,35290,0,0,35290,0,0,35290,35290,1400-3-12,2021-06-02
809,كابگن,توليدي و صنعتي آبگينه‌,1,2000,10504000,5200,5252,5252,52,1,5200,0,0,5252,5252,1400-3-12,2021-06-02
810,ضصاد8038,اختيارخ وبصادر-1189-1400/08/12,1,8,6640000,1,830,830,829,82900,830,829,82900,830,830,1400-3-12,2021-06-02
811,حريل02,اجاره ريل پردازسير021212,1,1000,943000000,965000,943000,943000,-22000,-2.28,943000,-22000,-2.28,943000,943000,1400-3-12,2021-06-02
812,قشهد,شهد,1,400,7756000,20410,19390,19390,-1020,-5,20410,0,0,19390,19390,1400-3-12,2021-06-02
813,ضفار8047,اختيارخ فارس-4400-1400/08/05,1,1,5350000,5200,5350,5350,150,2.88,5350,150,2.88,5350,5350,1400-3-12,2021-06-02
814,آكورد4,صندوق س. آرمان آتي كوثر-د,1,5500000,178139500000,32363,32389,32389,26,0.08,32389,26,0.08,32389,32389,1400-3-12,2021-06-02
815,ضبدر3001,اختيارخ شبندر-3416-1400/03/30,1,1,4000000,4241,4000,4000,-241,-5.68,4000,-241,-5.68,4000,4000,1400-3-12,2021-06-02
816,زاگرس2,پتروشيمي زاگرس,1,300000,64800000000,212079,216000,216000,3921,1.85,216000,3921,1.85,216000,216000,1400-3-12,2021-06-02
817,وثخوز,سرمايه گذاري و توسعه خوزستان,1,330,22001430,70179,66671,66671,-3508,-5,70171,-8,-0.01,66671,66671,1400-3-12,2021-06-02
818,صخابر102,صكوك اجاره مخابرات-3 ماهه 16%,1,3000,2895000000,960100,965000,965000,4900,0.51,965000,4900,0.51,965000,965000,1400-3-12,2021-06-02
819,حآسا,آسيا سير ارس,1,135,5086530,39661,37678,37678,-1983,-5,39660,-1,0,37678,37678,1400-3-12,2021-06-02
820,تفيرو,مهندسي فيروزا,1,100,1951700,19135,19517,19517,382,2,19135,0,0,19517,19517,1400-3-12,2021-06-02
821,دحاوي,الحاوي,1,425,5035400,12214,11848,11848,-366,-3,12214,0,0,11848,11848,1400-3-12,2021-06-02
822,پشاهن,توليدي پلاستيك‌ شاهين,1,671,5199579,7380,7749,7749,369,5,7380,0,0,7749,7749,1400-3-12,2021-06-02
823,اوصتا2,صندوق انديشه ورزان صباتامين -د,1,100000,100000,18765,1,1,-18764,-99.99,1,-18764,-99.99,1,1,1400-3-12,2021-06-02
824,افاد54,منفعت دولت5-ش.خاص لوتوس0108,1,3000,2527500000,839000,842500,842500,3500,0.42,842500,3500,0.42,842500,842500,1400-3-12,2021-06-02
825,اراد36,مرابحه عام دولت3-ش.خ 0104,1,7300,7243585600,992272,992272,992272,0,0,992272,0,0,992272,992272,1400-3-12,2021-06-02
826,اخزا723,اسنادخزانه-م23بودجه97-000824,1,1500,1366903500,911269,911269,911269,0,0,911269,0,0,911269,911269,1400-3-12,2021-06-02
827,شاراك2,پتروشيمي شازند,1,3400000,90848000000,26720,26720,26720,0,0,26720,0,0,26720,26720,1400-3-12,2021-06-02
828,بايكا,كارخانجات كابلسازي ‌ايران‌,1,141,5007192,36610,35512,35512,-1098,-3,36609,-1,0,35512,35512,1400-3-12,2021-06-02
829,كترام,توليدي‌ كاشي‌ تكسرام‌,1,161,7402780,48400,45980,45980,-2420,-5,48400,0,0,45980,45980,1400-3-12,2021-06-02
830,عفولاد3,اوراق سلف موازي ورق گرم فولاد,1,100,87626900,853700,876269,876269,22569,2.64,876269,22569,2.64,876269,876269,1400-3-12,2021-06-02
831,سپرمي,پرميت‌,1,1000,9029000,8940,9029,9029,89,1,8940,0,0,9029,9029,1400-3-12,2021-06-02
832,پارس2,پتروشيمي پارس,1,1232000,184147040000,149140,149470,149470,330,0.22,149470,330,0.22,149470,149470,1400-3-12,2021-06-02
833,اراد55,مرابحه عام دولت5-ش.خ 0209,1,100,97999900,954444,979999,979999,25555,2.68,979999,25555,2.68,979999,979999,1400-3-12,2021-06-02
834,كاسپين,داروسازي كاسپين تامين,1,205,5012455,25737,24451,24451,-1286,-5,25737,0,0,24451,24451,1400-3-12,2021-06-02
835,شپاس2,نفت پاسارگاد,1,14627040,261034155840,17846,17846,17846,0,0,17846,0,0,17846,17846,1400-3-12,2021-06-02
836,سفاسي,شركت فارسيت اهواز,1,577,7903169,14417,13697,13697,-720,-4.99,14416,-1,-0.01,13697,13697,1400-3-12,2021-06-02
837,صايپا2032,صكوك مرابحه سايپا203-3ماهه 16%,1,360000,347400000000,965000,965000,965000,0,0,965000,0,0,965000,965000,1400-3-12,2021-06-02
838,ونوين2,بانك‌اقتصادنوين‌,1,25000000,105575000000,4167,4223,4223,56,1.34,4223,56,1.34,4223,4223,1400-3-12,2021-06-02
839,ياقوت2,صندوق س ياقوت آگاه-ثابت,1,4553000,4553000,12401,1,1,-12400,-99.99,1,-12400,-99.99,1,1,1400-3-12,2021-06-02
840,ضغدر8056,اختيارخ وغدير-8000-1400/08/26,1,1,2400000,2500,2400,2400,-100,-4,2400,-100,-4,2400,2400,1400-3-12,2021-06-02
