,نماد,نام,تعداد,حجم,ارزش,دیروز,اولین,آخرین معامله - مقدار,آخرین معامله - تغییر,آخرین معامله - درصد,قیمت پایانی - مقدار,قیمت پایانی - تغییر,قیمت پایانی - درصد,کمترین,بیشترین,تاریخ,gregorian_date
0,بركت,گروه دارويي بركت,31363,97197089,3012253783900,30950,30340,31590,640,2.07,30990,40,0.13,30340,32350,1400-1-23,2021-04-12
1,پالايش,صندوق پالايشي يكم-سهام,29921,34494935,2481558931800,70550,72100,73220,2670,3.78,71940,1390,1.97,70800,73290,1400-1-23,2021-04-12
2,دارا يكم,صندوق واسطه گري مالي يكم-سهام,18803,13218169,1688307950530,124680,127700,129900,5220,4.19,127730,3050,2.45,126010,130000,1400-1-23,2021-04-12
3,خودرو,ايران‌ خودرو,18253,594386551,1373237701090,2340,2310,2320,-20,-0.85,2310,-30,-1.28,2300,2350,1400-1-23,2021-04-12
4,شستا,سرمايه گذاري تامين اجتماعي,15585,56375222,614067895950,10680,10750,11070,390,3.65,10890,210,1.97,10690,11150,1400-1-23,2021-04-12
5,شپنا,پالايش نفت اصفهان,14792,132339634,1587672529560,12200,11970,12100,-100,-0.82,12000,-200,-1.64,11960,12190,1400-1-23,2021-04-12
6,فملي,ملي‌ صنايع‌ مس‌ ايران‌,12245,81570567,921499089040,11510,11280,11390,-120,-1.04,11300,-210,-1.82,11280,11440,1400-1-23,2021-04-12
7,فولاد,فولاد مباركه اصفهان,12207,76851728,945807481830,12230,12250,12500,270,2.21,12310,80,0.65,12110,12530,1400-1-23,2021-04-12
8,اپال,فرآوري معدني اپال كاني پارس,10534,9742337,165951278570,17030,16900,17000,-30,-0.18,17030,0,0,16820,17290,1400-1-23,2021-04-12
9,شتران,پالايش نفت تهران,9221,103285931,992767658490,9770,9580,9690,-80,-0.82,9610,-160,-1.64,9580,9850,1400-1-23,2021-04-12
10,بوعلي,پتروشيمي بوعلي سينا,8051,3057765,129592210970,41790,41650,42430,640,1.53,42380,590,1.41,41550,42990,1400-1-23,2021-04-12
11,خزاميا,زامياد,8002,63496303,587069747200,8830,9170,9350,520,5.89,9250,420,4.76,9030,9350,1400-1-23,2021-04-12
12,پيزد,مجتمع صنايع لاستيك يزد,7570,1877451,126309362004,66774,65439,66850,76,0.11,67277,503,0.75,65439,69500,1400-1-23,2021-04-12
13,شگويا,پتروشيمي تندگويان,6647,40609083,369695594542,9225,9041,9218,-7,-0.08,9104,-121,-1.31,9041,9400,1400-1-23,2021-04-12
14,آريا,پليمر آريا ساسول,6339,2498626,209112756047,81672,80150,85040,3368,4.12,83691,2019,2.47,80150,85300,1400-1-23,2021-04-12
15,وبملت,بانك ملت,6085,105498278,415564118960,3870,3970,3930,60,1.55,3940,70,1.81,3890,4000,1400-1-23,2021-04-12
16,كمند,صندوق س. با درآمد ثابت كمند,5888,262093683,2632541828370,10040,10044,10044,4,0.04,10044,4,0.04,10044,10046,1400-1-23,2021-04-12
17,سيتا,سرمايه گذاري سيمان تامين,4937,8128069,121946348830,15020,15000,15000,-20,-0.13,15000,-20,-0.13,15000,15020,1400-1-23,2021-04-12
18,غپاك,لبنيات‌ پاك‌,4766,15214655,481508642520,32130,31500,32150,20,0.06,31650,-480,-1.49,31490,32660,1400-1-23,2021-04-12
19,وپارس,بانك‌پارسيان‌,4605,170909780,461533102960,2750,2700,2710,-40,-1.45,2700,-50,-1.82,2700,2720,1400-1-23,2021-04-12
20,بگيلان,توسعه مسير برق گيلان,4068,1586789,34586308301,21897,21461,21801,-96,-0.44,21828,-69,-0.32,21460,22250,1400-1-23,2021-04-12
21,غبشهر,صنعتي‌ بهشهر,3940,9872702,266689937430,26180,27600,26610,430,1.64,27010,830,3.17,26350,27600,1400-1-23,2021-04-12
22,وغدير,سرمايه‌گذاري‌غدير(هلدينگ‌,3404,29777719,317470878420,10870,10660,10700,-170,-1.56,10660,-210,-1.93,10660,10700,1400-1-23,2021-04-12
23,امين يكم,صندوق درآمد ثابت امين يكم فردا,3012,101602962,1034411846510,10185,10189,10180,-5,-0.05,10181,-4,-0.04,10173,10190,1400-1-23,2021-04-12
24,وتجارت,بانك تجارت,2979,162618319,435817094920,2730,2680,2680,-50,-1.83,2680,-50,-1.83,2680,2680,1400-1-23,2021-04-12
25,بپيوند,برق و انرژي پيوندگستر پارس,2847,2869978,38379796078,13641,13370,13369,-272,-1.99,13440,-201,-1.47,13369,13590,1400-1-23,2021-04-12
26,وصنعت,سرمايه گذاري توسعه صنعت وتجارت,2755,21366759,133899596450,5990,6030,6340,350,5.84,6270,280,4.67,5990,6340,1400-1-23,2021-04-12
27,نوري,پتروشيمي نوري,2704,4149960,246099036670,56800,56510,60200,3400,5.99,59300,2500,4.4,56130,60200,1400-1-23,2021-04-12
28,فباهنرح,ح . مس‌ شهيدباهنر,2641,7356116,120998716100,17040,16600,16730,-310,-1.82,16450,-590,-3.46,16360,17080,1400-1-23,2021-04-12
29,صبا,سرمايه گذاري صبا تامين,2585,8570713,64160085605,7575,7470,7590,15,0.2,7526,-49,-0.65,7434,7743,1400-1-23,2021-04-12
30,كيان,صندوق س. با درآمد ثابت كيان,2543,83196923,2323528083358,27915,27928,27929,14,0.05,27928,13,0.05,27927,27931,1400-1-23,2021-04-12
31,وخارزمح,ح.سرمايه گذاري خوارزمي,2355,5684123,21608109460,3790,3740,3870,80,2.11,3800,10,0.26,3740,3880,1400-1-23,2021-04-12
32,وبصادر,بانك صادرات ايران,2303,99321994,239377175250,2450,2410,2410,-40,-1.63,2410,-40,-1.63,2410,2430,1400-1-23,2021-04-12
33,فخوز,فولاد  خوزستان,2258,11479598,160692298860,13860,13820,14190,330,2.38,14000,140,1.01,13710,14190,1400-1-23,2021-04-12
34,تاپيكو,س. نفت و گاز و پتروشيمي تأمين,2201,10696452,117422431570,11040,10950,11230,190,1.72,10980,-60,-0.54,10820,11300,1400-1-23,2021-04-12
35,ونوين,بانك‌اقتصادنوين‌,2101,56145708,242986661730,4290,4250,4400,110,2.56,4330,40,0.93,4250,4430,1400-1-23,2021-04-12
36,وهور,مديريت انرژي اميد  تابان هور,2079,37253027,82096781667,2176,2180,2230,54,2.48,2204,28,1.29,2170,2250,1400-1-23,2021-04-12
37,فارس,صنايع پتروشيمي خليج فارس,2026,18132145,169935669010,9550,9360,9530,-20,-0.21,9370,-180,-1.88,9360,9560,1400-1-23,2021-04-12
38,آوا,صندوق س.سهام آواي معيار-س,2020,16470912,102778531720,6114,6210,6333,219,3.58,6240,126,2.06,6130,6349,1400-1-23,2021-04-12
39,حكشتي,كشتيراني جمهوري اسلامي ايران,2017,7915771,145414521270,18730,18370,18360,-370,-1.98,18370,-360,-1.92,18360,18650,1400-1-23,2021-04-12
40,خودكفا,اقتصادي و خودكفايي آزادگان,1971,6335657,144828007234,22570,22600,23120,550,2.44,22859,289,1.28,22600,23180,1400-1-23,2021-04-12
41,وپاسار,بانك  پاسارگاد,1943,29944942,398871034880,13310,13310,13330,20,0.15,13320,10,0.08,13300,13330,1400-1-23,2021-04-12
42,سمازن,سيمان‌مازندران‌,1856,8928024,120493251000,13100,13170,13690,590,4.5,13500,400,3.05,13150,13740,1400-1-23,2021-04-12
43,تملت,تامين سرمايه بانك ملت,1746,10488521,54724585650,5310,5210,5230,-80,-1.51,5220,-90,-1.69,5210,5330,1400-1-23,2021-04-12
44,خفولا,خدمات فني فولاد يزد,1742,6950338,303720977199,44031,43151,43151,-880,-2,43699,-332,-0.75,43151,45351,1400-1-23,2021-04-12
45,تسه9912,امتياز تسهيلات مسكن اسفند99,1718,29454,15228805758,519170,515888,529000,9830,1.89,517037,-2133,-0.41,500201,540000,1400-1-23,2021-04-12
46,ومعادن,توسعه‌معادن‌وفلزات‌,1716,17810784,204049010160,11680,11450,11480,-200,-1.71,11460,-220,-1.88,11450,11650,1400-1-23,2021-04-12
47,زاگرس,پتروشيمي زاگرس,1705,408309,83985691158,200269,198074,207299,7030,3.51,204789,4520,2.26,198074,210000,1400-1-23,2021-04-12
48,خگستر,گسترش‌سرمايه‌گذاري‌ايران‌خودرو,1700,35681635,97410863550,2780,2730,2730,-50,-1.8,2730,-50,-1.8,2730,2730,1400-1-23,2021-04-12
49,كچاد,معدني‌وصنعتي‌چادرملو,1640,5220454,119441644490,22700,22900,22990,290,1.28,22880,180,0.79,22700,23200,1400-1-23,2021-04-12
50,فنورد,نوردوقطعات‌ فولادي‌,1606,580115,102917971820,169890,170010,180080,10190,6,177410,7520,4.43,170010,180080,1400-1-23,2021-04-12
51,اعتماد,صندوق س.اعتماد آفرين پارسيان-د,1598,35127160,1259091176930,35828,35841,35846,18,0.05,35844,16,0.04,35841,35846,1400-1-23,2021-04-12
52,غگيلا,شيرپاستوريزه پگاه گيلان,1553,23497,570178202,22893,24266,24266,1373,6,22908,15,0.07,24266,24266,1400-1-23,2021-04-12
53,سرو,صندوق س سروسودمند مدبران-سهام,1535,1764558,117944891030,66080,66950,67300,1220,1.85,66840,760,1.15,65980,67970,1400-1-23,2021-04-12
54,ساراب,سيمان‌ داراب‌,1506,6629430,113185647110,16770,16700,17080,310,1.85,17070,300,1.79,16440,17450,1400-1-23,2021-04-12
55,آگاس,صندوق س.هستي بخش آگاه-س,1353,1903697,123984926456,64124,64820,66200,2076,3.24,65128,1004,1.57,64000,66399,1400-1-23,2021-04-12
56,شبريز,پالايش نفت تبريز,1349,3757438,108644464740,29480,28900,28900,-580,-1.97,28910,-570,-1.93,28900,29260,1400-1-23,2021-04-12
57,امين,تامين سرمايه امين,1280,3350695,24627608250,7500,7350,7350,-150,-2,7430,-70,-0.93,7350,7350,1400-1-23,2021-04-12
58,خساپا,سايپا,1261,86045112,193601502000,2290,2250,2250,-40,-1.75,2250,-40,-1.75,2250,2250,1400-1-23,2021-04-12
59,آريان,سرمايه گذاري پارس آريان,1196,29279266,321447497228,11417,10961,11244,-173,-1.52,10979,-438,-3.84,10961,11300,1400-1-23,2021-04-12
60,كاوه,فولاد كاوه جنوب كيش,1184,3295453,66318799680,19960,20100,20410,450,2.25,20070,110,0.55,19750,20440,1400-1-23,2021-04-12
61,ذوب,سهامي ذوب آهن  اصفهان,1054,32002931,123115275557,3925,3847,3847,-78,-1.99,3847,-78,-1.99,3847,3847,1400-1-23,2021-04-12
62,ومهان,گروه توسعه مالي مهر آيندگان,1038,3146559,39507995837,12632,12535,12685,53,0.42,12572,-60,-0.47,12400,12949,1400-1-23,2021-04-12
63,شسپا,نفت سپاهان,1028,4510469,66123644970,14600,14420,14670,70,0.48,14660,60,0.41,14400,14940,1400-1-23,2021-04-12
64,وملل,اعتباري ملل,994,29979422,399909804097,13338,13339,13350,12,0.09,13339,1,0.01,13337,13354,1400-1-23,2021-04-12
65,شبندر,پالايش نفت بندرعباس,967,5814366,142451967000,25000,24500,24500,-500,-2,24500,-500,-2,24500,24500,1400-1-23,2021-04-12
66,پترولح,ح . گروه پتروشيمي س. ايرانيان,964,19839800,140897831470,7360,7360,7100,-260,-3.53,7100,-260,-3.53,7100,7360,1400-1-23,2021-04-12
67,بجهرم,توسعه مولد نيروگاهي جهرم,955,12551101,34940985960,2838,2783,2782,-56,-1.97,2799,-39,-1.37,2782,2830,1400-1-23,2021-04-12
68,شلرد,كود شيميايي اوره لردگان,946,10062925,67757420146,6548,6566,6744,196,2.99,6733,185,2.83,6566,6744,1400-1-23,2021-04-12
69,واتي,سرمايه‌ گذاري‌ آتيه‌ دماوند,897,7111873,85571143910,12230,11990,12130,-100,-0.82,12030,-200,-1.64,11990,12280,1400-1-23,2021-04-12
70,ثباغ,شهر سازي و خانه سازي باغميشه,894,2470393,42071401565,16708,17010,16850,142,0.85,16971,263,1.57,16610,17480,1400-1-23,2021-04-12
71,فلوله,لوله‌وماشين‌سازي‌ايران‌,879,1904628,42720990580,22800,22600,22380,-420,-1.84,22480,-320,-1.4,22350,23270,1400-1-23,2021-04-12
72,بپاس,بيمه پاسارگاد,865,789580,69426448264,87885,88000,87886,1,0,87916,31,0.04,87885,88990,1400-1-23,2021-04-12
73,سرود,سيمان‌شاهرود,850,2523563,49968569740,19910,19550,19710,-200,-1,19800,-110,-0.55,19520,20170,1400-1-23,2021-04-12
74,حتايد,تايدواترخاورميانه,846,1904510,50841147460,26450,27000,26900,450,1.7,26700,250,0.95,26450,27250,1400-1-23,2021-04-12
75,فايرا,آلومينيوم‌ايران‌,839,3499630,58595892040,17070,16730,16730,-340,-1.99,16770,-300,-1.76,16730,17060,1400-1-23,2021-04-12
76,سباقر,سيمان باقران,833,3709108,62853516443,17623,16919,17000,-623,-3.54,16946,-677,-3.84,16919,17600,1400-1-23,2021-04-12
77,وسكاب,س.ص.بازنشستگي كاركنان بانكها,807,10705969,55123307900,5180,5110,5200,20,0.39,5150,-30,-0.58,5080,5230,1400-1-23,2021-04-12
78,پترول,گ.س.وت.ص.پتروشيمي خليج فارس,805,4770249,45126555540,9650,9460,9460,-190,-1.97,9560,-90,-0.93,9460,9460,1400-1-23,2021-04-12
79,وسينا,بانك سينا,783,27394406,84240915110,3130,3070,3070,-60,-1.92,3080,-50,-1.6,3070,3100,1400-1-23,2021-04-12
80,بموتو,موتوژن‌,772,856290,49017820100,57900,56750,57180,-720,-1.24,57250,-650,-1.12,56750,59400,1400-1-23,2021-04-12
81,نهال,صندوق س. طلاي سرخ نوويرا,760,5117117,50247224914,9305,9330,10235,930,9.99,9819,514,5.52,9255,10235,1400-1-23,2021-04-12
82,شصدف,صنعتي دوده فام,751,55374,1759730346,29981,31779,31779,1798,6,30040,59,0.2,31779,31779,1400-1-23,2021-04-12
83,كگل,معدني و صنعتي گل گهر,748,3562958,52231728650,14630,14790,14700,70,0.48,14640,10,0.07,14500,14910,1400-1-23,2021-04-12
84,خكرمان,گروه اقتصادي كرمان خودرو,741,13879370,54450816755,4001,3921,3965,-36,-0.9,3923,-78,-1.95,3921,3980,1400-1-23,2021-04-12
85,سيستم,همكاران سيستم,724,856881,22618413460,26220,25810,26360,140,0.53,26300,80,0.31,25810,26720,1400-1-23,2021-04-12
86,ضخود2007,اختيارخ خودرو-3000-1400/02/08,717,43559,426087000,9,11,11,2,22.22,10,1,11.11,8,15,1400-1-23,2021-04-12
87,فاذر,صنايع‌ آذرآب‌,706,1974994,46787607860,24170,23690,23690,-480,-1.99,23710,-460,-1.9,23690,23690,1400-1-23,2021-04-12
88,ما,بيمه  ما,704,6561121,48080339530,7380,7240,7390,10,0.14,7330,-50,-0.68,7240,7650,1400-1-23,2021-04-12
89,مدير,ص.س.مديريت ثروت ص.بازنشستگي-س,690,2581081,21255919145,8088,8270,8313,225,2.78,8235,147,1.82,8123,8314,1400-1-23,2021-04-12
90,البرز,بيمه البرز,687,8237691,30402814340,3760,3690,3690,-70,-1.86,3720,-40,-1.06,3690,3710,1400-1-23,2021-04-12
91,افق,فروشگاههاي زنجيره اي افق كوروش,687,632310,44140194070,69700,70000,69400,-300,-0.43,69760,60,0.09,69300,70900,1400-1-23,2021-04-12
92,ونيكي,سرمايه‌گذاري‌ ملي‌ايران‌,677,9052560,96409764000,10860,10650,10650,-210,-1.93,10650,-210,-1.93,10650,10650,1400-1-23,2021-04-12
93,سحرخيز,صندوق س. گروه زعفران سحرخيز,673,2965223,28772911529,9406,9380,9950,544,5.78,9703,297,3.16,9380,10090,1400-1-23,2021-04-12
94,كيان2,صندوق س. با درآمد ثابت كيان,670,67000000,67000000,27915,1,1,-27914,-100,1,-27914,-100,1,1,1400-1-23,2021-04-12
95,قجامح,ح.فرآورده غذايي وقندتربت‌جام,666,6058178,35286325868,5886,5769,5810,-76,-1.29,5825,-61,-1.04,5769,6003,1400-1-23,2021-04-12
96,سشمال,سيمان‌ شمال‌,659,4524822,50618328050,11400,11180,11180,-220,-1.93,11190,-210,-1.84,11180,11390,1400-1-23,2021-04-12
97,ضخود2006,اختيارخ خودرو-2500-1400/02/08,636,33662,2442255000,74,109,77,3,4.05,73,-1,-1.35,67,109,1400-1-23,2021-04-12
98,دفرا,فرآورده‌هاي‌ تزريقي‌ ايران‌,628,1414348,37398566530,26690,26160,26170,-520,-1.95,26500,-190,-0.71,26160,27620,1400-1-23,2021-04-12
99,پارند,صندوق س. پارند پايدار سپهر,622,18594174,209008292550,11242,11244,11242,0,0,11241,-1,-0.01,11225,11244,1400-1-23,2021-04-12
100,شاراك,پتروشيمي شازند,605,2259319,54524929200,23990,23540,24870,880,3.67,24090,100,0.42,23540,24880,1400-1-23,2021-04-12
101,ارفع,شركت آهن و فولاد ارفع,604,2441498,35834960172,14456,14321,14800,344,2.38,14569,113,0.78,14321,14850,1400-1-23,2021-04-12
102,شپديس,پتروشيمي پرديس,596,1063587,98007699420,92610,94200,93100,490,0.53,92150,-460,-0.5,91320,94200,1400-1-23,2021-04-12
103,فجر,فولاد اميركبيركاشان,590,1001349,57485381830,58530,57360,57790,-740,-1.26,57410,-1120,-1.91,57360,58290,1400-1-23,2021-04-12
104,زشگزا,شير و گوشت زاگرس شهركرد,576,4926695,40591068806,8401,8233,8233,-168,-2,8267,-134,-1.6,8233,8380,1400-1-23,2021-04-12
105,شوينده,مديريت صنعت شوينده ت.ص.بهشهر,576,1103232,32105942580,29640,29060,29200,-440,-1.48,29290,-350,-1.18,29050,29500,1400-1-23,2021-04-12
106,دشيميح,ح . شيمي‌ داروئي‌ داروپخش‌,565,1053061,17639824120,16860,16620,16770,-90,-0.53,16750,-110,-0.65,16510,17150,1400-1-23,2021-04-12
107,ميدكو,هلدينگ صنايع  معدني خاورميانه,556,4805665,154760462540,32201,32203,32214,13,0.04,32204,3,0.01,32200,32229,1400-1-23,2021-04-12
108,فسپا,گروه‌صنعتي‌سپاهان‌,548,1342564,49571451900,37580,36830,37000,-580,-1.54,36920,-660,-1.76,36830,37390,1400-1-23,2021-04-12
109,سخوز,سيمان خوزستان,537,1815654,41744271430,22680,22720,23500,820,3.62,22940,260,1.15,22720,23500,1400-1-23,2021-04-12
110,خديزل,بهمن  ديزل,530,863622,33974193258,39743,40990,39693,-50,-0.13,39464,-279,-0.7,38949,41000,1400-1-23,2021-04-12
111,تسه9911,امتياز تسهيلات مسكن بهمن99,524,11602,5961566688,515008,500044,500000,-15008,-2.91,513840,-1168,-0.23,500000,525000,1400-1-23,2021-04-12
112,ارزش,صندوق س ارزش آفرين بيدار-سهام,516,2359036,22147558820,9210,9290,9530,320,3.47,9390,180,1.95,9230,9530,1400-1-23,2021-04-12
113,وحكمت,بيمه حكمت صبا,513,8621163,33323518666,3772,3800,3885,113,3,3865,93,2.47,3720,3885,1400-1-23,2021-04-12
114,وثنو,سرمايه گذاري ساختماني نوين,507,3533385,21218578400,6294,5990,5980,-314,-4.99,6005,-289,-4.59,5980,6190,1400-1-23,2021-04-12
115,سامان,بانك سامان,481,2880026,27833468105,9665,9650,9611,-54,-0.56,9665,0,0,9600,9737,1400-1-23,2021-04-12
116,ضخود2005,اختيارخ خودرو-2000-1400/02/08,476,21867,7154015000,332,400,340,8,2.41,327,-5,-1.51,311,400,1400-1-23,2021-04-12
117,هرمز,فولاد هرمزگان جنوب,471,3707482,51794626179,13988,14195,14150,162,1.16,13980,-8,-0.06,13718,14195,1400-1-23,2021-04-12
118,شفن,پتروشيمي فناوران,465,84775,26952610470,315600,315600,318400,2800,0.89,316240,640,0.2,315600,320000,1400-1-23,2021-04-12
119,همراه,شركت ارتباطات سيار ايران,460,1677569,43536710250,26470,25950,25950,-520,-1.96,26240,-230,-0.87,25950,26300,1400-1-23,2021-04-12
120,كاريس,صندوق س.سپهر كاريزما-س,449,2135101,23607336790,11110,11110,11157,47,0.42,11057,-53,-0.48,10917,11270,1400-1-23,2021-04-12
121,فسازان,غلتك سازان سپاهان,448,709985,24192249310,34480,34220,34620,140,0.41,34280,-200,-0.58,33800,34790,1400-1-23,2021-04-12
122,بخاور,بيمه زندگي خاورميانه,447,2810835,19751137802,6951,7015,6953,2,0.03,6980,29,0.42,6900,7154,1400-1-23,2021-04-12
123,طلا,صندوق س.پشتوانه طلاي لوتوس,435,170266,12759502643,74346,75100,74820,474,0.64,74939,593,0.8,74618,75228,1400-1-23,2021-04-12
124,پارس,پتروشيمي پارس,434,391175,56989408150,145510,143000,146530,1020,0.7,145610,100,0.07,143000,147280,1400-1-23,2021-04-12
125,كنور,توسعه معدني و صنعتي صبانور,430,521522,24490063250,47030,46570,47490,460,0.98,47000,-30,-0.06,46100,47900,1400-1-23,2021-04-12
126,سمتاز,سيمان ممتازان كرمان,416,1090020,23157312790,20634,21250,21253,619,3,21245,611,2.96,20844,21253,1400-1-23,2021-04-12
127,وشهر,بانك شهر,413,8854384,48914766915,5679,5850,5452,-227,-4,5524,-155,-2.73,5452,5850,1400-1-23,2021-04-12
128,وبانك,سرمايه گذاري گروه توسعه ملي,391,4208286,34935105930,8460,8300,8310,-150,-1.77,8400,-60,-0.71,8300,8340,1400-1-23,2021-04-12
129,وارس,سرمايه گذاري ارس صبا,384,1479402,25612753185,16829,17299,17333,504,2.99,17313,484,2.88,16900,17333,1400-1-23,2021-04-12
130,گوهران,سرمايه گذاري توسعه گوهران اميد,381,1758372,12645169116,7263,7120,7118,-145,-2,7245,-18,-0.25,7118,7308,1400-1-23,2021-04-12
131,ونفت,سرمايه‌گذاري‌ صنعت‌ نفت‌,374,4977944,79900975070,16370,16050,16300,-70,-0.43,16050,-320,-1.95,16050,16370,1400-1-23,2021-04-12
132,كاردان,صندوق س تجارت شاخصي كاردان,369,117500,17731234570,148570,149510,152500,3930,2.65,150900,2330,1.57,148800,152500,1400-1-23,2021-04-12
133,خپارس,پارس‌ خودرو,367,5189627,29165703740,5730,5620,5620,-110,-1.92,5670,-60,-1.05,5620,5620,1400-1-23,2021-04-12
134,آكورد,صندوق س. آرمان آتي كوثر-د,365,5467025,172529123610,31544,31557,31560,16,0.05,31558,14,0.04,31557,31560,1400-1-23,2021-04-12
135,تصميم,صندوق س با درآمد ثابت تصميم,351,2874287,46280005705,16093,16096,16101,8,0.05,16101,8,0.05,16096,16103,1400-1-23,2021-04-12
136,شرانل,نفت ايرانول,347,520426,19708405294,37780,37220,38200,420,1.11,37816,36,0.1,37220,38290,1400-1-23,2021-04-12
137,دالبرح,ح . البرزدارو,347,534641,5082816130,9800,9410,9920,120,1.22,9510,-290,-2.96,9410,9920,1400-1-23,2021-04-12
138,تيپيكو,سرمايه گذاري دارويي تامين,344,649312,26101793830,40980,40170,40200,-780,-1.9,40690,-290,-0.71,40170,40980,1400-1-23,2021-04-12
139,مبين,مبين انرژي خليج فارس,338,3993938,66060673140,16870,16540,16540,-330,-1.96,16680,-190,-1.13,16540,16600,1400-1-23,2021-04-12
140,اتكاي,بيمه اتكايي ايرانيان,334,3752164,68357153579,18218,18218,18220,2,0.01,18218,0,0,18216,18300,1400-1-23,2021-04-12
141,پكرمان,گروه‌ صنعتي‌ بارز,328,887439,23500410570,26800,26270,26320,-480,-1.79,26650,-150,-0.56,26270,27290,1400-1-23,2021-04-12
142,خصدرا,صنعتي‌ دريايي‌ ايران‌,327,7593405,22415731560,3074,2952,2952,-122,-3.97,2986,-88,-2.86,2952,2952,1400-1-23,2021-04-12
143,تسه9910,امتياز تسهيلات مسكن دي99,319,7179,3691599561,515760,491111,495005,-20755,-4.02,514222,-1538,-0.3,491111,528000,1400-1-23,2021-04-12
144,وسپه,سرمايه‌گذاري‌ سپه‌,317,2885153,19437681150,6860,6730,6800,-60,-0.87,6810,-50,-0.73,6730,6850,1400-1-23,2021-04-12
145,آسيا,بيمه آسيا,315,8398279,17636385900,2140,2100,2100,-40,-1.87,2130,-10,-0.47,2100,2100,1400-1-23,2021-04-12
146,پارسيان,بيمه پارسيان,312,1837157,19008506390,10550,10340,10370,-180,-1.71,10470,-80,-0.76,10340,10500,1400-1-23,2021-04-12
147,جم پيلن,پلي پروپيلن جم - جم پيلن,311,342828,26661167830,77780,76990,78700,920,1.18,77780,0,0,76990,78790,1400-1-23,2021-04-12
148,پارسان,گسترش نفت و گاز پارسيان,310,3740589,74175879870,20230,19830,19830,-400,-1.98,19980,-250,-1.24,19830,19830,1400-1-23,2021-04-12
149,چكارن,كارتن‌ ايران‌,307,2559636,8537041150,3390,3330,3330,-60,-1.77,3380,-10,-0.29,3330,3390,1400-1-23,2021-04-12
150,تسه9908,امتياز تسهيلات مسكن آبان99,298,4952,2538516055,515379,506000,514000,-1379,-0.27,512624,-2755,-0.53,498499,525000,1400-1-23,2021-04-12
151,آساميد,صندوق س.مشترك آسمان اميد -د,295,13397052,159313058081,11886,11896,11888,2,0.02,11892,6,0.05,11888,11898,1400-1-23,2021-04-12
152,سيدكو,سرمايه گذاري توسعه صنايع سيمان,291,1734894,10675718430,6270,6160,6150,-120,-1.91,6240,-30,-0.48,6150,6250,1400-1-23,2021-04-12
153,ومشان,س. فني و مهندسي مشانير,289,171458,12279770488,74597,71614,71614,-2983,-4,72666,-1931,-2.59,71614,73300,1400-1-23,2021-04-12
154,كرماشا,صنايع پتروشيمي كرمانشاه,288,925915,33535966300,36940,36210,36210,-730,-1.98,36470,-470,-1.27,36210,36950,1400-1-23,2021-04-12
155,جمح,ح . پتروشيمي جم,285,1360190,36873647680,28120,27000,27440,-680,-2.42,27110,-1010,-3.59,27000,27900,1400-1-23,2021-04-12
156,سكه0012پ01,تمام سكه طرح جديد0012رفاه,284,88000,91672576300,1032512,1044444,1042400,9888,0.96,1041734,9222,0.89,1038300,1045000,1400-1-23,2021-04-12
157,شخارك,پتروشيمي‌ خارك‌,279,491193,21850574100,45230,44330,45000,-230,-0.51,45060,-170,-0.38,44330,45210,1400-1-23,2021-04-12
158,شگلح,ح . گلتاش‌,273,964010,6159454340,6320,6230,6470,150,2.37,6390,70,1.11,6230,6670,1400-1-23,2021-04-12
159,سجامح,ح.مجتمع سيمان غرب آسيا,273,1874822,3560316479,1863,1880,1890,27,1.45,1899,36,1.93,1830,1918,1400-1-23,2021-04-12
160,حسينا,توسعه خدمات دريايي وبندري سينا,272,227351,15721826327,70014,70150,68920,-1094,-1.56,69732,-282,-0.4,68631,70150,1400-1-23,2021-04-12
161,وخارزم,سرمايه گذاري خوارزمي,266,1491495,7904923500,5400,5300,5300,-100,-1.85,5380,-20,-0.37,5300,5300,1400-1-23,2021-04-12
162,امين يكم2,صندوق درآمد ثابت امين يكم فردا,260,26000000,26000000,10185,1,1,-10184,-99.99,1,-10184,-99.99,1,1,1400-1-23,2021-04-12
163,جم,پتروشيمي جم,256,1078553,37983912860,35880,35170,35450,-430,-1.2,35620,-260,-0.72,35170,35490,1400-1-23,2021-04-12
164,كارين,صندوق س نگين سامان-ثابت,254,4468014,45328345295,10144,10150,10150,6,0.06,10145,1,0.01,10144,10150,1400-1-23,2021-04-12
165,درازك,دارويي‌ رازك‌,253,350300,11550317600,33610,32940,32940,-670,-1.99,33460,-150,-0.45,32940,33620,1400-1-23,2021-04-12
166,گشان,توسعه بين المللي پديده شانديز,248,238245,6619637325,28942,27785,27785,-1157,-4,28478,-464,-1.6,27785,27785,1400-1-23,2021-04-12
167,كگهر,سنگ آهن گهرزمين,246,262077,12524266867,47719,48000,47840,121,0.25,47726,7,0.01,47719,48000,1400-1-23,2021-04-12
168,كخاك,صنايع‌خاك‌چيني‌ايران‌,243,341967,13954192210,41630,40800,40810,-820,-1.97,41390,-240,-0.58,40800,41400,1400-1-23,2021-04-12
169,ثاميد,توسعه و عمران اميد,240,3683333,5745999480,1590,1560,1560,-30,-1.89,1590,0,0,1560,1560,1400-1-23,2021-04-12
170,زپارس,ملي كشت و صنعت و دامپروري پارس,238,85788,13956745390,164410,161130,164000,-410,-0.25,163910,-500,-0.3,161130,173900,1400-1-23,2021-04-12
171,بكهنوج,توليد برق ماهتاب كهنوج,234,3927575,6582615700,1710,1676,1676,-34,-1.99,1705,-5,-0.29,1676,1676,1400-1-23,2021-04-12
172,ثمسكن,سرمايه‌گذاري‌ مسكن‌,233,2179615,11419572820,5330,5240,5230,-100,-1.88,5310,-20,-0.38,5230,5290,1400-1-23,2021-04-12
173,لبوتان,گروه‌صنعتي‌بوتان‌,231,247341,15549388630,64070,62790,62810,-1260,-1.97,63680,-390,-0.61,62790,64950,1400-1-23,2021-04-12
174,غگل,گلوكوزان‌,230,3099381,10227957300,3360,3300,3300,-60,-1.79,3350,-10,-0.3,3300,3300,1400-1-23,2021-04-12
175,ياقوت,صندوق س ياقوت آگاه-ثابت,228,1961090,24014176837,12242,12240,12251,9,0.07,12245,3,0.02,12236,12251,1400-1-23,2021-04-12
176,ثاخت,بين‌المللي‌توسعه‌ساختمان,226,4569999,11470697490,2560,2510,2510,-50,-1.95,2550,-10,-0.39,2510,2510,1400-1-23,2021-04-12
177,ضسپا3003,اختيارخ خساپا-2000-1400/03/26,224,9481,3020189000,336,334,320,-16,-4.76,319,-17,-5.06,300,334,1400-1-23,2021-04-12
178,دعبيد,لابراتوارداروسازي‌  دكترعبيدي‌,219,307987,7091833800,23380,23000,23390,10,0.04,23330,-50,-0.21,22920,23450,1400-1-23,2021-04-12
179,فيروزه,صندوق شاخص30 شركت فيروزه- سهام,218,93945,12222521640,128410,131000,131990,3580,2.79,130100,1690,1.32,129010,132000,1400-1-23,2021-04-12
180,وخاور,بانك خاورميانه,212,4560973,40228186640,9000,8820,8820,-180,-2,8860,-140,-1.56,8820,8990,1400-1-23,2021-04-12
181,تمحركه,ماشين سازي نيرو محركه,209,979625,22520599125,21895,22989,22989,1094,5,22989,1094,5,22989,22989,1400-1-23,2021-04-12
182,تنوين,تامين سرمايه نوين,209,3955629,28782236320,7410,7310,7270,-140,-1.89,7330,-80,-1.08,7270,7420,1400-1-23,2021-04-12
183,عيار,صندوق سكه طلاي مفيد,207,233191,6150671669,26138,27000,26369,231,0.88,26376,238,0.91,26205,27000,1400-1-23,2021-04-12
184,تسه9909,امتياز تسهيلات مسكن آذر99,204,1516,779330867,515740,492115,519900,4160,0.81,514070,-1670,-0.32,492115,520000,1400-1-23,2021-04-12
185,افران,صندوق س افرا نماد پايدار-ثابت,201,3281732,42915484780,13064,13072,13075,11,0.08,13077,13,0.1,13072,13078,1400-1-23,2021-04-12
186,رمپنا,گروه مپنا (سهامي عام),201,3245001,55976267250,17600,17250,17250,-350,-1.99,17430,-170,-0.97,17250,17250,1400-1-23,2021-04-12
187,سشرق,سيمان‌ شرق‌,200,3662853,25639971000,7140,7000,7000,-140,-1.96,7070,-70,-0.98,7000,7000,1400-1-23,2021-04-12
188,گكوثر,هتل پارسيان كوثر اصفهان,198,4247008,10371193536,2491,2442,2442,-49,-1.97,2481,-10,-0.4,2442,2442,1400-1-23,2021-04-12
189,سپاس,صندوق س. پاداش سهامداري-ثابت,196,6446716,64775365510,10040,10047,10048,8,0.08,10048,8,0.08,10045,10048,1400-1-23,2021-04-12
190,پكوير,كوير تاير,195,1899786,24548347150,13180,12920,12920,-260,-1.97,13050,-130,-0.99,12920,13000,1400-1-23,2021-04-12
191,اطلس,صندوق س.توسعه اندوخته آينده-س,194,24082,4954657630,204639,205800,207430,2791,1.36,205741,1102,0.54,204001,208001,1400-1-23,2021-04-12
192,كاما,باما,194,731784,9608323920,13390,13130,13130,-260,-1.94,13340,-50,-0.37,13130,13130,1400-1-23,2021-04-12
193,تسه9803,امتياز تسهيلات مسكن خرداد98,192,2541,1291942345,523879,500010,500701,-23178,-4.42,508439,-15440,-2.95,497690,520000,1400-1-23,2021-04-12
194,تاصيكو,سرمايه گذاري صدرتامين,192,6444878,67413423880,10670,10460,10460,-210,-1.97,10550,-120,-1.12,10460,10460,1400-1-23,2021-04-12
195,خريخت,صنايع‌ريخته‌گري‌ايران‌,191,3591390,11779860510,3340,3280,3280,-60,-1.8,3330,-10,-0.3,3280,3290,1400-1-23,2021-04-12
196,قپيرا,فرآورده‌هاي‌غدايي‌وقندپيرانشهر,187,126890,13255639540,106570,104440,104440,-2130,-2,106000,-570,-0.53,104440,105980,1400-1-23,2021-04-12
197,تسه9802,امتياز تسهيلات مسكن ارديبهشت98,180,2766,1367727824,509459,484500,485036,-24423,-4.79,494479,-14980,-2.94,484000,509000,1400-1-23,2021-04-12
198,دلقما,دارويي‌ لقمان‌,180,355337,9182455240,26360,25850,25840,-520,-1.97,26260,-100,-0.38,25840,26000,1400-1-23,2021-04-12
199,ساروج,بين المللي ساروج بوشهر,179,492601,9642340489,19310,18924,19880,570,2.95,19438,128,0.66,18924,19889,1400-1-23,2021-04-12
200,غپونه,نوش پونه مشهد,173,766196,14381519920,19552,18770,18770,-782,-4,18966,-586,-3,18770,18775,1400-1-23,2021-04-12
201,كهمداح,ح . شيشه‌ همدان‌,171,3358244,26865952000,9380,8000,8000,-1380,-14.71,8000,-1380,-14.71,8000,8000,1400-1-23,2021-04-12
202,وبازار,صندوق س شاخصي بازارآشنا,170,1541535,14334693460,9300,9210,9420,120,1.29,9300,0,0,9030,9450,1400-1-23,2021-04-12
203,ارمغان,ص سرمايه گذاري ارمغان ايرانيان,170,3463415,34805463055,10044,10049,10050,6,0.06,10049,5,0.05,10042,10050,1400-1-23,2021-04-12
204,وكبهمن,مديريت سرمايه گذاري كوثربهمن,169,589700,6527979000,11295,11070,11070,-225,-1.99,11265,-30,-0.27,11070,11070,1400-1-23,2021-04-12
205,كگاز,شيشه‌ و گاز,166,1078274,20099027360,19020,18640,18640,-380,-2,18860,-160,-0.84,18640,18640,1400-1-23,2021-04-12
206,تماوند,تامين سرمايه دماوند,166,1146213,18707205516,16077,16200,16401,324,2.02,16305,228,1.42,16100,16450,1400-1-23,2021-04-12
207,خمحور,توليدمحورخودرو,166,325387,20833088670,65280,63980,63980,-1300,-1.99,64740,-540,-0.83,63980,66150,1400-1-23,2021-04-12
208,مارون,پتروشيمي مارون,164,33128,5127558505,157177,154060,154051,-3126,-1.99,157051,-126,-0.08,154034,157000,1400-1-23,2021-04-12
209,بترانس,ايران‌ ترانسفو,162,4817250,14114542500,2980,2930,2930,-50,-1.68,2970,-10,-0.34,2930,2930,1400-1-23,2021-04-12
210,آساس,صندوق س.آسمان آرماني سهام-س,158,41254,6706155061,160539,160545,163899,3360,2.09,162558,2019,1.26,160545,163899,1400-1-23,2021-04-12
211,دامين,داروسازي‌ امين‌,157,933756,4837983150,5240,5240,5140,-100,-1.91,5230,-10,-0.19,5140,5240,1400-1-23,2021-04-12
212,وتوسم,سرمايه‌گذاري‌توسعه‌ملي‌,157,1496729,13201245660,9000,8820,8830,-170,-1.89,8950,-50,-0.56,8820,8830,1400-1-23,2021-04-12
213,اخزا903,اسنادخزانه-م3بودجه99-011110,153,476005,336712378740,706614,704200,710997,4383,0.62,707371,757,0.11,704051,711000,1400-1-23,2021-04-12
214,لوتوس,تامين سرمايه لوتوس پارسيان,149,1240834,11929834770,9790,9610,9640,-150,-1.53,9750,-40,-0.41,9610,9640,1400-1-23,2021-04-12
215,شصفها,پتروشيمي‌ اصفهان‌,146,196060,24189398795,125618,123110,123106,-2512,-2,123378,-2240,-1.78,123106,126211,1400-1-23,2021-04-12
216,ضسپا3004,اختيارخ خساپا-2500-1400/03/26,145,7186,1018194000,144,141,149,5,3.47,142,-2,-1.39,135,150,1400-1-23,2021-04-12
217,اوصتا,صندوق انديشه ورزان صباتامين -د,145,5622674,103176164024,18345,18351,18349,4,0.02,18350,5,0.03,18345,18352,1400-1-23,2021-04-12
218,ماديرا,صنايع ماديران,144,2273779,19047446683,8547,8377,8377,-170,-1.99,8481,-66,-0.77,8377,8377,1400-1-23,2021-04-12
219,وپخش,داروپخش‌ (هلدينگ‌,144,55364,5440322700,100210,98210,98210,-2000,-2,99990,-220,-0.22,98210,100000,1400-1-23,2021-04-12
220,اخزا909,اسنادخزانه-م9بودجه99-020316,137,460283,302224570309,659186,659023,655500,-3686,-0.56,656606,-2580,-0.39,652583,659023,1400-1-23,2021-04-12
221,ضپاس2001,اختيارخ وپارس-2500-1400/02/29,132,2914,757998000,261,300,270,9,3.45,260,-1,-0.38,250,300,1400-1-23,2021-04-12
222,پسهند,صنايع‌ لاستيكي‌  سهند,131,359359,14844031450,42140,41300,41300,-840,-1.99,41890,-250,-0.59,41300,42640,1400-1-23,2021-04-12
223,فنوال,نورد آلومينيوم‌,131,727479,18507281700,25950,25440,25440,-510,-1.97,25750,-200,-0.77,25440,25500,1400-1-23,2021-04-12
224,تسه9810,امتياز تسهيلات مسكن دي98,131,2234,1139249045,512318,495000,537933,25615,5,509959,-2359,-0.46,490908,537933,1400-1-23,2021-04-12
225,سكرما,سيمان‌ كرمان‌,129,390309,6277374070,16400,16080,16110,-290,-1.77,16360,-40,-0.24,16080,16180,1400-1-23,2021-04-12
226,خراسان,پتروشيمي خراسان,129,226515,16439805820,74010,72530,72950,-1060,-1.43,73560,-450,-0.61,72530,73890,1400-1-23,2021-04-12
227,شيراز,پتروشيمي‌شيراز,127,173470,9495209170,55470,54600,55880,410,0.74,55400,-70,-0.13,54370,57000,1400-1-23,2021-04-12
228,بفجر,فجر انرژي خليج فارس,127,860381,19733003750,23390,22930,23050,-340,-1.45,23240,-150,-0.64,22930,23490,1400-1-23,2021-04-12
229,آبادا,توليد نيروي برق آبادان,124,193176,2598217200,13720,13450,13450,-270,-1.97,13710,-10,-0.07,13450,13450,1400-1-23,2021-04-12
230,واعتبار,سرمايه گذاري اعتبار ايران,122,4107563,36762688850,9130,8950,8950,-180,-1.97,8990,-140,-1.53,8950,8950,1400-1-23,2021-04-12
231,زرين,صندوق س. سهام زرين كوروش-س,122,142347,1416976562,9704,9470,9998,294,3.03,9954,250,2.58,9470,10185,1400-1-23,2021-04-12
232,وسپهر,سرمايه گذاري مالي سپهرصادرات,121,103676,1064441492,10476,10267,10267,-209,-2,10474,-2,-0.02,10267,10267,1400-1-23,2021-04-12
233,اخزا902,اسنادخزانه-م2بودجه99-011019,120,225994,161480652987,713469,713000,713011,-458,-0.06,714535,1066,0.15,712416,717000,1400-1-23,2021-04-12
234,تسه9907,امتياز تسهيلات مسكن مهر99,117,1069,545798010,513944,520000,510100,-3844,-0.75,510569,-3375,-0.66,489352,529000,1400-1-23,2021-04-12
235,زر,صندوق س.پشتوانه سكه طلاي زر,116,53707,2414737319,44493,45010,44822,329,0.74,44961,468,1.05,44724,45160,1400-1-23,2021-04-12
236,وبشهر,توسعه‌ صنايع‌ بهشهر(هلدينگ,110,1042159,12120339200,11860,11630,11700,-160,-1.35,11800,-60,-0.51,11630,11700,1400-1-23,2021-04-12
237,فروي,ذوب روي اصفهان,108,76244,4729567808,63297,62032,62032,-1265,-2,63175,-122,-0.19,62032,62032,1400-1-23,2021-04-12
238,فراز,صندوق س.سهام فراز داريك-س,103,119484,1216942495,10181,10184,10185,4,0.04,10185,4,0.04,10184,10190,1400-1-23,2021-04-12
239,وسين,بيمه سينا,103,740680,9997698640,14060,13498,13498,-562,-4,13766,-294,-2.09,13498,13498,1400-1-23,2021-04-12
240,حفاري,حفاري شمال,100,1033802,7505402520,7400,7260,7260,-140,-1.89,7380,-20,-0.27,7260,7260,1400-1-23,2021-04-12
241,دارا2,صندوق س. دارا الگوريتم-د,100,10000000,10000000,10071,1,1,-10070,-99.99,1,-10070,-99.99,1,1,1400-1-23,2021-04-12
242,زشريف,كشت وصنعت شريف آباد,100,1171567,6271398151,5462,5353,5353,-109,-2,5448,-14,-0.26,5353,5353,1400-1-23,2021-04-12
243,اخزا910,اسنادخزانه-م10بودجه99-020807,99,130868,80204235769,614152,613000,611000,-3152,-0.51,612864,-1288,-0.21,609900,614000,1400-1-23,2021-04-12
244,تسه9902,امتياز تسهيلات مسكن ارديبهشت99,99,1441,735857476,513800,498905,505000,-8800,-1.71,510657,-3143,-0.61,491225,538999,1400-1-23,2021-04-12
245,زعف0008پ05,زعفران0008نگين زرين(پ),97,60454,7802489245,124836,128990,130000,5164,4.14,129065,4229,3.39,125001,130000,1400-1-23,2021-04-12
246,وساپا,سرمايه‌گذاري‌ سايپا,95,784205,4171970600,5420,5320,5320,-100,-1.85,5410,-10,-0.18,5320,5320,1400-1-23,2021-04-12
247,سفارس,سيمان فارس و خوزستان,94,447541,8225803580,18750,18380,18380,-370,-1.97,18690,-60,-0.32,18380,18380,1400-1-23,2021-04-12
248,ضجار2003,اختيارخ وتجارت-3000-1400/02/22,91,5170,320454000,64,69,66,2,3.13,62,-2,-3.13,55,78,1400-1-23,2021-04-12
249,شكبير,پتروشيمي اميركبير,90,124101,10894722789,89219,87440,89964,745,0.84,89060,-159,-0.18,87435,90520,1400-1-23,2021-04-12
250,پتاير,ايران‌ تاير,90,529176,1920908880,3700,3630,3630,-70,-1.89,3700,0,0,3630,3630,1400-1-23,2021-04-12
251,سجام,مجتمع سيمان غرب آسيا,89,2702122,13075568358,4937,4839,4839,-98,-1.99,4869,-68,-1.38,4839,4839,1400-1-23,2021-04-12
252,شفارا,پتروشيمي فارابي,88,746922,2879694726,3933,3855,3855,-78,-1.98,3922,-11,-0.28,3855,3884,1400-1-23,2021-04-12
253,ثبهساز,بهساز كاشانه تهران,88,437821,989475460,2300,2260,2260,-40,-1.74,2300,0,0,2260,2260,1400-1-23,2021-04-12
254,گوهر,صندوق سكه طلاي كيان,88,36088,1877700838,51745,52123,51813,68,0.13,52031,286,0.55,51701,52710,1400-1-23,2021-04-12
255,فوكا,فولاد كاويان,87,473523,5553477744,12216,11728,11728,-488,-3.99,12119,-97,-0.79,11728,11728,1400-1-23,2021-04-12
256,سمايه,بانك سرمايه,86,1473972,7885750200,5459,5350,5350,-109,-2,5413,-46,-0.84,5350,5350,1400-1-23,2021-04-12
257,واحيا,م .صنايع و معادن احياء سپاهان,85,241911,36104007195,152290,149245,149245,-3045,-2,150448,-1842,-1.21,149245,149245,1400-1-23,2021-04-12
258,خاتم,صندوق س خاتم ايساتيس پويا-ثابت,81,1739556,19028192517,10938,10939,10946,8,0.07,10939,1,0.01,10930,10947,1400-1-23,2021-04-12
259,سغرب,سيمان‌غرب‌,80,457824,17081413440,38070,37310,37310,-760,-2,37800,-270,-0.71,37310,37310,1400-1-23,2021-04-12
260,فباهنر,مس‌ شهيدباهنر,79,76269,2002823940,26790,26260,26260,-530,-1.98,26770,-20,-0.07,26260,26260,1400-1-23,2021-04-12
261,وبهمن,سرمايه‌گذاري‌بهمن‌,79,920878,13785543660,15270,14970,14970,-300,-1.96,15180,-90,-0.59,14970,14970,1400-1-23,2021-04-12
262,تسه9904,امتياز تسهيلات مسكن تير99,79,736,375907713,510849,493183,505000,-5849,-1.14,510744,-105,-0.02,493183,530000,1400-1-23,2021-04-12
263,اخزا901,اسنادخزانه-م1بودجه99-010621,78,59493,45151255222,758628,758291,758521,-107,-0.01,758934,306,0.04,758291,760000,1400-1-23,2021-04-12
264,صايند,صندوق س. گنجينه آينده روشن-د,76,305420,3018938010,9886,9872,9867,-19,-0.19,9885,-1,-0.01,9861,9896,1400-1-23,2021-04-12
265,شاوان,پالايش نفت لاوان,73,34680,2979289440,87661,85908,85908,-1753,-2,87554,-107,-0.12,85908,85908,1400-1-23,2021-04-12
266,تسه9905,امتياز تسهيلات مسكن مرداد99,72,926,474467210,523421,500022,510010,-13411,-2.56,512384,-11037,-2.11,497251,548899,1400-1-23,2021-04-12
267,بورس,بورس اوراق بهادار تهران,71,417216,14927988480,36510,35780,35780,-730,-2,36320,-190,-0.52,35780,35780,1400-1-23,2021-04-12
268,سپيدار,سپيدار سيستم آسيا,71,73471,4361385502,60573,59362,59362,-1211,-2,60463,-110,-0.18,59362,59362,1400-1-23,2021-04-12
269,جوين,كشت و صنعت جوين,70,695361,3465679224,5191,4984,4984,-207,-3.99,5154,-37,-0.71,4984,4984,1400-1-23,2021-04-12
270,چخزر,صنايع چوب خزر كاسپين,70,412502,22440108800,55510,54400,54400,-1110,-2,54992,-518,-0.93,54400,54400,1400-1-23,2021-04-12
271,تسه9906,امتياز تسهيلات مسكن شهريور99,70,470,239862901,516147,500196,510000,-6147,-1.19,510347,-5800,-1.12,495000,525000,1400-1-23,2021-04-12
272,سبزوا,سيمان لار سبزوار,70,501280,1787564480,3638,3566,3566,-72,-1.98,3635,-3,-0.08,3566,3566,1400-1-23,2021-04-12
273,ولساپا,ليزينگ رايان‌ سايپا,69,378267,1282325130,3450,3390,3390,-60,-1.74,3450,0,0,3390,3390,1400-1-23,2021-04-12
274,كزغال,زغال سنگ پروده طبس,69,935507,32700647185,35668,34955,34955,-713,-2,35185,-483,-1.35,34955,34955,1400-1-23,2021-04-12
275,دماوند,توليد نيروي برق دماوند,68,50831,2288869099,45947,45029,45029,-918,-2,45905,-42,-0.09,45029,45029,1400-1-23,2021-04-12
276,انرژي3,سايراشخاص بورس انرژي,68,6926,1742927900,256780,251650,251650,-5130,-2,256630,-150,-0.06,251650,251650,1400-1-23,2021-04-12
277,ضشنا2002,اختيارخ شپنا-12000-1400/02/27,67,1375,1534641000,1130,1170,1378,248,21.95,1116,-14,-1.24,1028,1380,1400-1-23,2021-04-12
278,حريل,ريل پردازسير,66,828631,4676793364,5759,5644,5644,-115,-2,5748,-11,-0.19,5644,5644,1400-1-23,2021-04-12
279,افق ملت,صندوق س در سهام افق ملت,66,10204,1269870180,124070,123310,125000,930,0.75,124450,380,0.31,123110,126900,1400-1-23,2021-04-12
280,ساينا,صنايع بهداشتي ساينا,66,19752,3025423281,156274,157000,153149,-3125,-2,156082,-192,-0.12,153149,157000,1400-1-23,2021-04-12
281,معيار ,سرمايه گذاري معيار صنعت پارس,65,205324,11552554860,54627,56265,56265,1638,3,55480,853,1.56,56265,56265,1400-1-23,2021-04-12
282,تايرا,تراكتورسازي‌ايران‌,64,167393,4800831240,29260,28680,28680,-580,-1.98,29200,-60,-0.21,28680,28680,1400-1-23,2021-04-12
283,سكه0012پ04,تمام سكه طرح جديد0012صادرات,64,26100,27189777300,1030000,1041001,1040000,10000,0.97,1041754,11754,1.14,1037100,1043000,1400-1-23,2021-04-12
284,ستران,سيمان‌ تهران‌,64,88070,2074929200,24040,23560,23560,-480,-2,24020,-20,-0.08,23560,23560,1400-1-23,2021-04-12
285,آتيمس,صندوق س.آرمان آتيه درخشان مس-س,63,9358,1668400560,178544,178000,180000,1456,0.82,178286,-258,-0.14,177700,182380,1400-1-23,2021-04-12
286,زعف0008پ16,زعفران0008نگين بيرجند(پ),63,41897,5363608894,123535,126001,130292,6757,5.47,128019,4484,3.63,126000,130292,1400-1-23,2021-04-12
287,سپر,صندوق س سپر سرمايه بيدار- ثابت,62,375007,4401780553,11734,11736,11737,3,0.03,11738,4,0.03,11736,11739,1400-1-23,2021-04-12
288,قچار,فراوردههاي غذايي وقند چهارمحال,62,27253,2402897010,89969,88170,88170,-1799,-2,89881,-88,-0.1,88170,88170,1400-1-23,2021-04-12
289,زعف0008پ10,زعفران0008نگين طلاي سرخ(پ),61,32114,4166054505,124378,129990,131323,6945,5.58,129727,5349,4.3,127000,131323,1400-1-23,2021-04-12
290,ثرود,سرمايه‌گذاري مسكن زاينده رود,61,217345,4547944125,21352,20925,20925,-427,-2,21312,-40,-0.19,20925,20925,1400-1-23,2021-04-12
291,فيروزا,صندوق بادرآمد ثابت فيروزه آسيا,61,626911,14219271021,22660,22680,22690,30,0.13,22681,21,0.09,22680,22694,1400-1-23,2021-04-12
292,فاراك,ماشين‌ سازي‌ اراك‌,60,407063,1038010650,2600,2550,2550,-50,-1.92,2600,0,0,2550,2550,1400-1-23,2021-04-12
293,تسه9903,امتياز تسهيلات مسكن خرداد99,59,663,347467709,537474,510601,520000,-17474,-3.25,524084,-13390,-2.49,510601,550000,1400-1-23,2021-04-12
294,دارا,صندوق س. دارا الگوريتم-د,59,1157369,11659334139,10071,10085,10070,-1,-0.01,10074,3,0.03,10063,10085,1400-1-23,2021-04-12
295,چكاپا,گروه صنايع كاغذ پارس,58,483268,2479164840,5230,5130,5130,-100,-1.91,5220,-10,-0.19,5130,5130,1400-1-23,2021-04-12
296,وسرمد,بيمه  سرمد,56,155255,931995765,6253,6003,6003,-250,-4,6241,-12,-0.19,6003,6003,1400-1-23,2021-04-12
297,تسه9809,امتياز تسهيلات مسكن آذر98,56,579,297495293,514515,491500,507717,-6798,-1.32,513809,-706,-0.14,491500,540239,1400-1-23,2021-04-12
298,اتكام,شركت بيمه اتكايي امين,56,646667,3093654928,4881,4784,4784,-97,-1.99,4875,-6,-0.12,4784,4784,1400-1-23,2021-04-12
299,شرنگي,شيميايي رنگين,55,9629,2275284555,229413,236295,236295,6882,3,230171,758,0.33,236295,236295,1400-1-23,2021-04-12
300,تسه9811,امتياز تسهيلات مسكن بهمن98,54,929,509090371,547592,574971,573999,26407,4.82,547998,406,0.07,520213,574971,1400-1-23,2021-04-12
301,وگردش,بانك گردشگري,53,86629,1450689234,17443,16746,16746,-697,-4,17432,-11,-0.06,16746,16746,1400-1-23,2021-04-12
302,سهگمت,سيمان‌هگمتان‌,53,82170,2025490500,25150,24650,24650,-500,-1.99,25130,-20,-0.08,24650,24650,1400-1-23,2021-04-12
303,وبوعلي,سرمايه‌گذاري‌بوعلي‌,53,461138,2669989020,5900,5790,5790,-110,-1.86,5890,-10,-0.17,5790,5790,1400-1-23,2021-04-12
304,تكمبا,كمباين‌ سازي‌ ايران‌,52,310182,2441132340,8030,7870,7870,-160,-1.99,8020,-10,-0.12,7870,7870,1400-1-23,2021-04-12
305,كمينا,شيشه سازي مينا,52,540691,13734092091,26459,25401,25401,-1058,-4,25680,-779,-2.94,25401,25401,1400-1-23,2021-04-12
306,ونيرو,سرمايه‌گذاري‌نيرو,52,381727,1026845630,2740,2690,2690,-50,-1.82,2740,0,0,2690,2690,1400-1-23,2021-04-12
307,ضپاس2002,اختيارخ وپارس-3000-1400/02/29,52,3303,377302000,112,112,120,8,7.14,114,2,1.79,109,120,1400-1-23,2021-04-12
308,فرابورس,فرابورس ايران,51,41132,1273775776,31599,30968,30968,-631,-2,31583,-16,-0.05,30968,30968,1400-1-23,2021-04-12
309,اخزا914,اسنادخزانه-م14بودجه99-021025,51,44708,26124473541,584616,584600,585998,1382,0.24,584336,-280,-0.05,582351,585998,1400-1-23,2021-04-12
310,ضملي3003,اختيارخ فملي-12000-1400/03/02,50,615,437665000,742,750,749,7,0.94,712,-30,-4.04,662,750,1400-1-23,2021-04-12
311,فافزا,فولاد افزا سپاهان,50,64227,3484635885,55362,54255,54255,-1107,-2,55169,-193,-0.35,54255,54255,1400-1-23,2021-04-12
312,تسه9901,امتياز تسهيلات مسكن فروردين99,49,445,228087995,517532,494444,519000,1468,0.28,512557,-4975,-0.96,494444,520000,1400-1-23,2021-04-12
313,شساخت,مهندسي و ساختمان صنايع نفت,47,1031995,36223024500,35816,35100,35100,-716,-2,35100,-716,-2,35100,35100,1400-1-23,2021-04-12
314,ضجار2002,اختيارخ وتجارت-2500-1400/02/22,47,1930,459687000,224,300,240,16,7.14,238,14,6.25,205,320,1400-1-23,2021-04-12
315,تسه9812,امتياز تسهيلات مسكن اسفند98,47,473,240375481,510565,491250,492050,-18515,-3.63,508193,-2372,-0.46,491160,528000,1400-1-23,2021-04-12
316,وملي,گروه‌ صنعتي‌ ملي‌ (هلدينگ‌,46,9348,1623654120,177230,173690,173690,-3540,-2,177110,-120,-0.07,173690,173690,1400-1-23,2021-04-12
317,بكام,كارخانجات توليدي شهيد قندي,46,216293,841379770,3960,3890,3890,-70,-1.77,3960,0,0,3890,3890,1400-1-23,2021-04-12
318,ملت,بيمه ملت,45,1318516,20740256680,16050,15730,15730,-320,-1.99,15910,-140,-0.87,15730,15730,1400-1-23,2021-04-12
319,حآسا,آسيا سير ارس,45,180263,7960594343,45062,44161,44161,-901,-2,44916,-146,-0.32,44161,44161,1400-1-23,2021-04-12
320,زعف0008پ20,زعفران0008نگين وحدت جام(پ),45,28561,3657448205,123515,128020,131240,7725,6.25,128057,4542,3.68,125000,131240,1400-1-23,2021-04-12
321,كرازي,كارخانجات‌توليدي‌شيشه‌رازي‌,45,155486,3378710780,22170,21730,21730,-440,-1.98,22140,-30,-0.14,21730,21730,1400-1-23,2021-04-12
322,سپاها,سيمان‌سپاهان‌,43,599447,5227177840,8890,8720,8720,-170,-1.91,8870,-20,-0.22,8720,8720,1400-1-23,2021-04-12
323,تسه9808,امتياز تسهيلات مسكن آبان98,43,308,155904824,519165,495000,494705,-24460,-4.71,506184,-12981,-2.5,494000,529000,1400-1-23,2021-04-12
324,ضفلا3004,اختيارخ فولاد-8560-1400/03/19,43,1058,1403651000,1358,1250,1525,167,12.3,1327,-31,-2.28,1250,1525,1400-1-23,2021-04-12
325,امينح,ح . تامين سرمايه امين,42,60046,333255300,5780,5550,5550,-230,-3.98,5550,-230,-3.98,5550,5550,1400-1-23,2021-04-12
326,ثشاهد,سرمايه‌ گذاري‌ شاهد,42,93138,1631777760,17870,17520,17520,-350,-1.96,17860,-10,-0.06,17520,17520,1400-1-23,2021-04-12
327,زعف0008پ08,زعفران0008نگين روستا(پ),41,15242,1970968917,124237,128996,131323,7086,5.7,129312,5075,4.08,126510,131323,1400-1-23,2021-04-12
328,غپينو,پارس‌ مينو,41,247580,1584512000,6530,6400,6400,-130,-1.99,6530,0,0,6400,6400,1400-1-23,2021-04-12
329,غشهداب,كشت و صنعت شهداب ناب خراسان,41,329115,1287826995,3992,3913,3913,-79,-1.98,3990,-2,-0.05,3913,3913,1400-1-23,2021-04-12
330,ختوقا,قطعات‌ اتومبيل‌ ايران‌,40,309652,780323040,2570,2520,2520,-50,-1.95,2570,0,0,2520,2520,1400-1-23,2021-04-12
331,شپارس,بين‌ المللي‌ محصولات‌  پارس‌,39,146424,3307718160,23050,22590,22590,-460,-2,23020,-30,-0.13,22590,22590,1400-1-23,2021-04-12
332,رافزا,رايان هم افزا,38,7688,854513512,113417,111149,111149,-2268,-2,113377,-40,-0.04,111149,111149,1400-1-23,2021-04-12
333,كماسه,تامين‌ ماسه‌ ريخته‌گري‌,38,65773,2878884210,44660,43770,43770,-890,-1.99,44610,-50,-0.11,43770,43770,1400-1-23,2021-04-12
334,فردا,صندوق س آواي فرداي زاگرس-ثابت,38,268118,2814278363,10492,10500,10498,6,0.06,10496,4,0.04,10496,10500,1400-1-23,2021-04-12
335,شجم,صنايع پتروشيمي تخت جمشيد,38,366245,3697975765,10517,10097,10097,-420,-3.99,10458,-59,-0.56,10097,10097,1400-1-23,2021-04-12
336,اخزا908,اسنادخزانه-م8بودجه99-020606,38,151601,96156409132,633641,630056,631726,-1915,-0.3,634273,632,0.1,630056,635000,1400-1-23,2021-04-12
337,واميد,گروه مديريت سرمايه گذاري اميد,37,1152139,14632165300,12950,12700,12700,-250,-1.93,12920,-30,-0.23,12700,12700,1400-1-23,2021-04-12
338,وكادو,تكادو,37,184250,3124880000,17666,16960,16960,-706,-4,17551,-115,-0.65,16960,16960,1400-1-23,2021-04-12
339,صنوين,صندوق سرمايه‌گذاري صنوين-مختلط,37,8799,919187230,105480,104610,105400,-80,-0.08,104460,-1020,-0.97,104200,105500,1400-1-23,2021-04-12
340,كهمدا,شيشه‌ همدان‌,37,51940,520958200,10230,10030,10030,-200,-1.96,10230,0,0,10030,10030,1400-1-23,2021-04-12
341,چدن,توليدي چدن سازان,36,89136,2160656640,24730,24240,24240,-490,-1.98,24710,-20,-0.08,24240,24240,1400-1-23,2021-04-12
342,اعتلا,شركت سرمايه گذاري اعتلاء البرز,36,778692,6497406048,8514,8344,8344,-170,-2,8491,-23,-0.27,8344,8344,1400-1-23,2021-04-12
343,غسالم,سالمين‌,35,338515,1452229350,4370,4290,4290,-80,-1.83,4370,0,0,4290,4290,1400-1-23,2021-04-12
344,شكربن,كربن‌ ايران‌,35,162311,14580397130,91660,89830,89830,-1830,-2,91110,-550,-0.6,89830,89830,1400-1-23,2021-04-12
345,وپويا,سرمايه گذاري پويا,35,28405,185115385,6649,6517,6517,-132,-1.99,6649,0,0,6517,6517,1400-1-23,2021-04-12
346,تسه9806,امتياز تسهيلات مسكن شهريور98,35,231,117796102,528718,502500,520000,-8718,-1.65,509940,-18778,-3.55,502283,520000,1400-1-23,2021-04-12
347,زعف0008پ11,زعفران0008نگين سحرخيز(پ),35,8861,1159300074,126824,131323,131323,4499,3.55,130832,4008,3.16,128600,131323,1400-1-23,2021-04-12
348,كدما,معدني‌ دماوند,34,6804,1012707360,151870,148840,148840,-3030,-2,151810,-60,-0.04,148840,148840,1400-1-23,2021-04-12
349,فولاژ,فولاد آلياژي ايران,34,580864,11472064000,20150,19750,19750,-400,-1.99,20090,-60,-0.3,19750,19750,1400-1-23,2021-04-12
350,تليسه,دامداري تليسه نمونه,33,283284,1213305372,4370,4283,4283,-87,-1.99,4368,-2,-0.05,4283,4283,1400-1-23,2021-04-12
351,قرن,پديده شيمي قرن,33,18583,1163109970,63860,62590,62590,-1270,-1.99,63830,-30,-0.05,62590,62590,1400-1-23,2021-04-12
352,اخابر,مخابرات ايران,33,49491,511242030,10540,10330,10330,-210,-1.99,10540,0,0,10330,10330,1400-1-23,2021-04-12
353,خمحركه,نيرو محركه‌,32,159029,729943110,4680,4590,4590,-90,-1.92,4680,0,0,4590,4590,1400-1-23,2021-04-12
354,سكه0112پ03,تمام سكه طرح جديد0112سامان,32,4800,5000655700,1035069,1043000,1040000,4931,0.48,1041803,6734,0.65,1040000,1044439,1400-1-23,2021-04-12
355,دكپسول,توليد ژلاتين كپسول ايران,32,107709,3556658889,33694,33021,33021,-673,-2,33645,-49,-0.15,33021,33021,1400-1-23,2021-04-12
356,تسه9804,امتياز تسهيلات مسكن تير98,31,327,171643392,540475,516040,522010,-18465,-3.42,524903,-15572,-2.88,516040,535000,1400-1-23,2021-04-12
357,وپترو,سرمايه‌گذاري صنايع پتروشيمي‌,31,531608,7442512000,14280,14000,14000,-280,-1.96,14240,-40,-0.28,14000,14000,1400-1-23,2021-04-12
358,غچين,كشت‌ و صنعت‌ چين‌ چين,31,123088,2406370400,19940,19550,19550,-390,-1.96,19920,-20,-0.1,19550,19550,1400-1-23,2021-04-12
359,زعف0008پ19,زعفران0008نگين تروند قاينات(پ),31,22446,2879329167,121979,127000,129000,7021,5.76,128278,6299,5.16,127000,129000,1400-1-23,2021-04-12
360,دلر,داروسازي‌ اكسير,31,93573,3324648690,36250,35530,35530,-720,-1.99,36200,-50,-0.14,35530,35530,1400-1-23,2021-04-12
361,وتوصا,گروه س توسعه صنعتي ايران,31,517593,6350866110,12520,12270,12270,-250,-2,12490,-30,-0.24,12270,12270,1400-1-23,2021-04-12
362,اخزا905,اسنادخزانه-م5بودجه99-020218,30,61278,40812170902,670179,665681,666000,-4179,-0.62,666017,-4162,-0.62,665681,667990,1400-1-23,2021-04-12
363,شنفت,نفت‌ پارس‌,30,12934,636611480,50220,49220,49220,-1000,-1.99,50210,-10,-0.02,49220,49220,1400-1-23,2021-04-12
364,پلوله,گازلوله‌,30,74595,1857490095,24176,24901,24901,725,3,24240,64,0.26,24901,24901,1400-1-23,2021-04-12
365,ضشنا2001,اختيارخ شپنا-10000-1400/02/27,30,543,1235153000,2457,2222,2639,182,7.41,2275,-182,-7.41,2200,2639,1400-1-23,2021-04-12
366,تسه9807,امتياز تسهيلات مسكن مهر98,30,200,101905731,531631,505200,520000,-11631,-2.19,509529,-22102,-4.16,505056,520000,1400-1-23,2021-04-12
367,ولپارس,ليزينگ پارسيان,30,62826,312245220,5070,4970,4970,-100,-1.97,5070,0,0,4970,4970,1400-1-23,2021-04-12
368,خموتور,موتورسازان‌تراكتورسازي‌ايران‌,30,82861,1192369790,14990,14390,14390,-600,-4,14980,-10,-0.07,14390,14390,1400-1-23,2021-04-12
369,سكه0011پ02,تمام سكه طرح جديد0011ملت,30,6900,7187108600,1033336,1041001,1041885,8549,0.83,1041610,8274,0.8,1040000,1046900,1400-1-23,2021-04-12
370,اخزا815,اسنادخزانه-م15بودجه98-010406,29,8511,6738979215,797180,792000,792123,-5057,-0.63,791796,-5384,-0.68,785556,796999,1400-1-23,2021-04-12
371,دكپسولح,ح .توليد ژلاتين كپسول ايران,29,37247,847406497,23215,22751,22751,-464,-2,22751,-464,-2,22751,22751,1400-1-23,2021-04-12
372,زملارد,كشاورزي و دامپروري ملارد شير,29,153504,5774973984,38388,37621,37621,-767,-2,38297,-91,-0.24,37621,37621,1400-1-23,2021-04-12
373,زعف0008پ09,زعفران0008نگين نوين(پ),29,9302,1211657550,124631,129000,131323,6692,5.37,130258,5627,4.51,128000,131323,1400-1-23,2021-04-12
374,كالا,بورس كالاي ايران,28,50991,1659247140,33200,32540,32540,-660,-1.99,33180,-20,-0.06,32540,32540,1400-1-23,2021-04-12
375,قصفها,قنداصفهان‌,28,20920,3249085200,158470,155310,155310,-3160,-1.99,158260,-210,-0.13,155310,155310,1400-1-23,2021-04-12
376,ثروتم,صندوق س. ثروت آفرين پارسيان-س,28,32200,2361800790,73073,72691,73800,727,0.99,73348,275,0.38,72691,73800,1400-1-23,2021-04-12
377,وصنا,گروه‌صنايع‌بهشهرايران‌,27,57066,316716300,5660,5550,5550,-110,-1.94,5660,0,0,5550,5550,1400-1-23,2021-04-12
378,اخزا814,اسنادخزانه-م14بودجه98-010318,27,51818,41481290438,800542,797510,802000,1458,0.18,800519,-23,0,797500,802000,1400-1-23,2021-04-12
379,وثوق,سرمايه گذاري وثوق امين,27,251807,4747820985,19239,18855,18855,-384,-2,19146,-93,-0.48,18855,18855,1400-1-23,2021-04-12
380,شدوص,دوده‌ صنعتي‌ پارس‌,27,501348,13887339600,28260,27700,27700,-560,-1.98,28100,-160,-0.57,27700,27700,1400-1-23,2021-04-12
381,كبافق,معادن‌ بافق‌,27,35345,1738620550,50190,49190,49190,-1000,-1.99,50150,-40,-0.08,49190,49190,1400-1-23,2021-04-12
382,قشرين,قند شيرين خراسان,27,89445,1383445815,15782,15467,15467,-315,-2,15760,-22,-0.14,15467,15467,1400-1-23,2021-04-12
383,سيمرغ,سيمرغ,27,245670,4409776500,18310,17950,17950,-360,-1.97,18280,-30,-0.16,17950,17950,1400-1-23,2021-04-12
384,غالبر,لبنيات‌ كالبر,26,68669,1363079650,20250,19850,19850,-400,-1.98,20240,-10,-0.05,19850,19850,1400-1-23,2021-04-12
385,وساخت,سرمايه‌ گذاري‌ ساختمان‌ايران‌,26,25264,1256378720,50740,49730,49730,-1010,-1.99,50710,-30,-0.06,49730,49730,1400-1-23,2021-04-12
386,هاي وب,داده گسترعصرنوين-هاي وب,26,29392,303619360,10540,10330,10330,-210,-1.99,10540,0,0,10330,10330,1400-1-23,2021-04-12
387,نوين,بيمه نوين,26,149745,889185810,6059,5938,5938,-121,-2,6057,-2,-0.03,5938,5938,1400-1-23,2021-04-12
388,شكف,كف,26,14737,1550347137,107347,105201,105201,-2146,-2,107031,-316,-0.29,105201,105201,1400-1-23,2021-04-12
389,دمعيار,صندوق س. توازن معيار-د,26,396999,4015273412,10107,10120,10110,3,0.03,10114,7,0.07,10110,10120,1400-1-23,2021-04-12
390,وآيند,بانك  آينده,26,29010,469642890,16519,16189,16189,-330,-2,16517,-2,-0.01,16189,16189,1400-1-23,2021-04-12
391,فسرب,ملي‌ سرب‌وروي‌ ايران‌,26,6752,524968000,79330,77750,77750,-1580,-1.99,79310,-20,-0.03,77750,77750,1400-1-23,2021-04-12
392,تپكو,توليدتجهيزات‌سنگين‌هپكو,25,107523,575355573,5460,5351,5351,-109,-2,5459,-1,-0.02,5351,5351,1400-1-23,2021-04-12
393,ولبهمن,شركت بهمن ليزينگ,25,1122650,8743198200,7946,7788,7788,-158,-1.99,7918,-28,-0.35,7788,7788,1400-1-23,2021-04-12
394,اخزا907,اسنادخزانه-م7بودجه99-020704,24,40309,25137925697,625312,623635,623510,-1802,-0.29,623631,-1681,-0.27,623510,623870,1400-1-23,2021-04-12
395,سقاين,سيمان‌ قائن‌,24,21742,1540855540,72310,70870,70870,-1440,-1.99,72260,-50,-0.07,70870,70870,1400-1-23,2021-04-12
396,ضملت3001,اختيارخ وبملت-3500-1400/03/19,24,892,588390000,661,700,758,97,14.67,660,-1,-0.15,640,760,1400-1-23,2021-04-12
397,بالاس,مهندسي ساختمان تاسيسات راه آهن,24,143639,8166020789,58011,56851,56851,-1160,-2,57817,-194,-0.33,56851,56851,1400-1-23,2021-04-12
398,لپارس,پارس‌ الكتريك‌,24,44689,4114963120,93950,92080,92080,-1870,-1.99,93790,-160,-0.17,92080,92080,1400-1-23,2021-04-12
399,شاروم,پتروشيمي اروميه,23,35759,692473035,19760,19365,19365,-395,-2,19754,-6,-0.03,19365,19365,1400-1-23,2021-04-12
400,ولتجار,واسپاري تجارت وسرمايه ايرانيان,23,105542,844969252,8339,8006,8006,-333,-3.99,8324,-15,-0.18,8006,8006,1400-1-23,2021-04-12
401,زعف0008پ18,زعفران0008نگين بهرامن(پ),23,3528,457675990,124886,127000,131323,6437,5.15,129727,4841,3.88,127000,131323,1400-1-23,2021-04-12
402,كساوه,صنايع‌ كاشي‌ و سراميك‌ سينا,23,8305,563079000,70620,67800,67800,-2820,-3.99,70590,-30,-0.04,67800,67800,1400-1-23,2021-04-12
403,ضملت3002,اختيارخ وبملت-4000-1400/03/19,23,798,342320000,391,401,426,35,8.95,429,38,9.72,400,430,1400-1-23,2021-04-12
404,خرينگ,رينگ‌سازي‌مشهد,23,19650,1016691000,52790,51740,51740,-1050,-1.99,52770,-20,-0.04,51740,51740,1400-1-23,2021-04-12
405,فاسمين,كالسيمين‌,22,43114,740267380,17520,17170,17170,-350,-2,17510,-10,-0.06,17170,17170,1400-1-23,2021-04-12
406,شسينا,صنايع‌شيميايي‌سينا,22,2071,270265500,133160,130500,130500,-2660,-2,133150,-10,-0.01,130500,130500,1400-1-23,2021-04-12
407,ضخود2013,اختيارخ خودرو-7000-1400/02/08,22,950,1950000,2,2,3,1,50,2,0,0,2,3,1400-1-23,2021-04-12
408,خبازرس,بازرسي مهندسي و صنعتي ايران,21,74641,2503533781,34225,33541,33541,-684,-2,34137,-88,-0.26,33541,33541,1400-1-23,2021-04-12
409,غگرجي,بيسكويت‌  گرجي‌,21,45299,837578510,18860,18490,18490,-370,-1.96,18850,-10,-0.05,18490,18490,1400-1-23,2021-04-12
410,دكوثر,داروسازي‌ كوثر,21,111423,2264115360,20730,20320,20320,-410,-1.98,20710,-20,-0.1,20320,20320,1400-1-23,2021-04-12
411,اخزا808,اسنادخزانه-م8بودجه98-000817,21,20773,18605329642,893636,895000,897000,3364,0.38,895650,2014,0.23,895000,897000,1400-1-23,2021-04-12
412,اخزا817,اسنادخزانه-م17بودجه98-010512,21,14800,11597948254,780327,776667,780333,6,0,783645,3318,0.43,776667,784988,1400-1-23,2021-04-12
413,وتوشه,سرمايه‌ گذاري‌ پارس‌ توشه‌,21,41588,900380200,22090,21650,21650,-440,-1.99,22080,-10,-0.05,21650,21650,1400-1-23,2021-04-12
414,والبر,سرمايه‌ گذاري‌ البرز(هلدينگ‌,21,15981,287338380,18340,17980,17980,-360,-1.96,18340,0,0,17980,17980,1400-1-23,2021-04-12
415,گنجين,صندوق س. گنجينه يكم آويد-د,21,88856,1119560028,12597,12600,12600,3,0.02,12600,3,0.02,12599,12607,1400-1-23,2021-04-12
416,آكورد2,صندوق س. آرمان آتي كوثر-د,20,2000000,2000000,31544,1,1,-31543,-100,1,-31543,-100,1,1,1400-1-23,2021-04-12
417,ودي,بيمه  دي,20,54103,1144927686,21593,21162,21162,-431,-2,21583,-10,-0.05,21162,21162,1400-1-23,2021-04-12
418,اخزا723,اسنادخزانه-م23بودجه97-000824,20,25090,22394678423,892501,892502,893500,999,0.11,892574,73,0.01,892502,893500,1400-1-23,2021-04-12
419,نمرينو,ايران‌ مرينوس‌,20,18927,2106953640,113590,111320,111320,-2270,-2,113500,-90,-0.08,111320,111320,1400-1-23,2021-04-12
420,ساوه,سيمان ساوه,20,4661,269662155,59035,57855,57855,-1180,-2,59028,-7,-0.01,57855,57855,1400-1-23,2021-04-12
421,زگلدشت,كشت و دام گلدشت نمونه اصفهان,20,182657,2522310513,14090,13809,13809,-281,-1.99,14075,-15,-0.11,13809,13809,1400-1-23,2021-04-12
422,دسينا,داروسازي‌ سينا,19,33544,795663680,24200,23720,23720,-480,-1.98,24190,-10,-0.04,23720,23720,1400-1-23,2021-04-12
423,اخزا812,اسنادخزانه-م12بودجه98-001111,19,191037,164273126460,860000,861990,863899,3899,0.45,859902,-98,-0.01,858001,863900,1400-1-23,2021-04-12
424,تسه9805,امتياز تسهيلات مسكن مرداد98,19,294,154575207,553371,526070,525703,-27668,-5,525766,-27605,-4.99,525703,527000,1400-1-23,2021-04-12
425,كروي,توسعه‌ معادن‌ روي‌ ايران‌,19,30191,872821810,29490,28910,28910,-580,-1.97,29480,-10,-0.03,28910,28910,1400-1-23,2021-04-12
426,سرچشمه,سرمايه گذاري مس سرچشمه,19,81225,538846650,6769,6634,6634,-135,-1.99,6768,-1,-0.01,6634,6634,1400-1-23,2021-04-12
427,تكشا,گسترش‌صنايع‌وخدمات‌كشاورزي‌,19,144142,6593055080,46670,45740,45740,-930,-1.99,46540,-130,-0.28,45740,45740,1400-1-23,2021-04-12
428,دانا,بيمه دانا,19,146063,950870130,6640,6510,6510,-130,-1.96,6640,0,0,6510,6510,1400-1-23,2021-04-12
429,آپ,آسان پرداخت پرشين,18,9502,162674240,17460,17120,17120,-340,-1.95,17460,0,0,17120,17120,1400-1-23,2021-04-12
430,ضشنا2003,اختيارخ شپنا-14000-1400/02/27,18,382,279769000,686,700,732,46,6.71,732,46,6.71,581,888,1400-1-23,2021-04-12
431,وپست,پست بانك ايران,18,147480,3306501600,22870,22420,22420,-450,-1.97,22840,-30,-0.13,22420,22420,1400-1-23,2021-04-12
432,اخزا809,اسنادخزانه-م9بودجه98-000923,18,8789,7728420649,878615,878880,879000,385,0.04,879329,714,0.08,878510,880000,1400-1-23,2021-04-12
433,برن0003پ01,برنج طارم0003تجارت مازندران(پ),18,2777,758153800,272721,271500,275000,2279,0.84,273012,291,0.11,271500,280000,1400-1-23,2021-04-12
434,غزر,صنعتي زر ماكارون,18,61855,1626167950,26820,26290,26290,-530,-1.98,26800,-20,-0.07,26290,26290,1400-1-23,2021-04-12
435,رتكو,كنترل‌خوردگي‌تكين‌كو,18,510130,9212947800,18420,18060,18060,-360,-1.95,18350,-70,-0.38,18060,18060,1400-1-23,2021-04-12
436,كلر,كلر پارس,17,53235,7102720170,136144,133422,133422,-2722,-2,135749,-395,-0.29,133422,133422,1400-1-23,2021-04-12
437,پرديس,سرمايه گذاري پرديس,17,59088,315529920,5440,5340,5340,-100,-1.84,5440,0,0,5340,5340,1400-1-23,2021-04-12
438,دتوليد,داروسازي توليد دارو,17,11757,309103287,26827,26291,26291,-536,-2,26824,-3,-0.01,26291,26291,1400-1-23,2021-04-12
439,بذر,صندوق س بذر اميد آفرين-سهام,17,7057,687453380,96650,97010,97790,1140,1.18,97410,760,0.79,95770,97790,1400-1-23,2021-04-12
440,شتوكا,توكا رنگ فولاد سپاهان,17,3556,189061852,54252,53167,53167,-1085,-2,54248,-4,-0.01,53167,53167,1400-1-23,2021-04-12
441,فزرين,زرين معدن آسيا,17,20341,542596175,27219,26675,26675,-544,-2,27213,-6,-0.02,26675,26675,1400-1-23,2021-04-12
442,شراز,پالايش نفت شيراز,17,2373,263403000,113265,111000,111000,-2265,-2,113253,-12,-0.01,111000,111000,1400-1-23,2021-04-12
443,فجام,جام‌دارو,17,308498,3134339680,10360,10160,10160,-200,-1.93,10350,-10,-0.1,10160,10160,1400-1-23,2021-04-12
444,شكلر,نيروكلر,17,6743,319146190,48290,47330,47330,-960,-1.99,48280,-10,-0.02,47330,47330,1400-1-23,2021-04-12
445,پلاسك,پلاسكوكار,17,79290,583574400,7510,7360,7360,-150,-2,7510,0,0,7360,7360,1400-1-23,2021-04-12
446,ختور,رادياتور ايران‌,17,8452,163039080,19680,19290,19290,-390,-1.98,19680,0,0,19290,19290,1400-1-23,2021-04-12
447,اخزا811,اسنادخزانه-م11بودجه98-001013,16,104409,90900960887,870646,866001,869100,-1546,-0.18,870624,-22,0,866000,873900,1400-1-23,2021-04-12
448,شپترو,پتروشيمي آبادان,16,152879,803837782,5365,5258,5258,-107,-1.99,5361,-4,-0.07,5258,5258,1400-1-23,2021-04-12
449,غويتا,ويتانا,16,11874,211713420,18193,17830,17830,-363,-2,18191,-2,-0.01,17830,17830,1400-1-23,2021-04-12
450,غبهنوش,بهنوش‌ ايران‌,16,3923,275355370,71620,70190,70190,-1430,-2,71610,-10,-0.01,70190,70190,1400-1-23,2021-04-12
451,غفارس,شير پاستوريزه پگاه فارس,16,21319,384189699,18388,18021,18021,-367,-2,18385,-3,-0.02,18021,18021,1400-1-23,2021-04-12
452,ورنا,سرمايه‌گذاري‌ رنا(هلدينگ‌,16,87247,481603440,5630,5520,5520,-110,-1.95,5630,0,0,5520,5520,1400-1-23,2021-04-12
453,وبيمه,سرمايه‌ گذاري‌ صنعت‌ بيمه‌,16,114428,314677000,2800,2750,2750,-50,-1.79,2800,0,0,2750,2750,1400-1-23,2021-04-12
454,سخاش,سيمان‌خاش‌,15,5026,768475400,156020,152900,152900,-3120,-2,155970,-50,-0.03,152900,152900,1400-1-23,2021-04-12
455,بمپنا,توليد برق عسلويه  مپنا,15,15794,1106195966,71468,70039,70039,-1429,-2,71436,-32,-0.04,70039,70039,1400-1-23,2021-04-12
456,اراد50,مرابحه عام دولت5-ش.خ0302,15,163000,163000040000,1000000,1000000,1000000,0,0,1000000,0,0,1000000,1000001,1400-1-23,2021-04-12
457,كحافظ,كاشي‌ وسراميك‌ حافظ‌,15,45545,536975550,12030,11790,11790,-240,-2,12030,0,0,11790,11790,1400-1-23,2021-04-12
458,شبصير,توليدات پتروشيمي قائد بصير,15,15020,1060667340,72058,70617,70617,-1441,-2,72027,-31,-0.04,70617,70617,1400-1-23,2021-04-12
459,دالبر,البرزدارو,15,49028,730026920,15190,14890,14890,-300,-1.97,15190,0,0,14890,14890,1400-1-23,2021-04-12
460,ثنور,سرمايه گذاري كوه نور,14,191672,1919786752,10220,10016,10016,-204,-2,10200,-20,-0.2,10016,10016,1400-1-23,2021-04-12
461,كي بي سي,شركت كي بي سي,14,36985,1007915220,27808,27252,27252,-556,-2,27797,-11,-0.04,27252,27252,1400-1-23,2021-04-12
462,دشيري,شيرين دارو,14,50244,11997312564,243654,238781,238781,-4873,-2,240591,-3063,-1.26,238781,238781,1400-1-23,2021-04-12
463,ضخود2008,اختيارخ خودرو-3500-1400/02/08,14,998,2596000,3,3,2,-1,-33.33,3,0,0,2,3,1400-1-23,2021-04-12
464,داريك,صندوق س.اعتماد داريك-د,14,212673,2237535593,10520,10522,10521,1,0.01,10521,1,0.01,10521,10523,1400-1-23,2021-04-12
465,رنيك,جنرال مكانيك,14,15142,334759336,22559,22108,22108,-451,-2,22556,-3,-0.01,22108,22108,1400-1-23,2021-04-12
466,وسنا,سرمايه گذاري نيروگاهي ايران,14,36682,554008246,15732,15103,15103,-629,-4,15715,-17,-0.11,15103,15103,1400-1-23,2021-04-12
467,لكما,كارخانجات‌مخابراتي‌ايران‌,14,73781,445194554,6157,6034,6034,-123,-2,6154,-3,-0.05,6034,6034,1400-1-23,2021-04-12
468,شلعاب,لعابيران‌,14,10466,225751620,22010,21570,21570,-440,-2,22010,0,0,21570,21570,1400-1-23,2021-04-12
469,حفارس,حمل و نقل بين المللي خليج فارس,14,158886,756297360,4850,4760,4760,-90,-1.86,4850,0,0,4760,4760,1400-1-23,2021-04-12
470,قيستو,شركت قند بيستون,14,155269,2651839251,16423,17079,17079,656,3.99,16588,165,1,17079,17079,1400-1-23,2021-04-12
471,زعف0008پ15,زعفران0008پوشالمعمول طلاسرخ(پ),14,1866,181151426,95575,100237,100237,4662,4.88,97080,1505,1.57,92000,100237,1400-1-23,2021-04-12
472,تكنو,تكنوتار,13,55473,1205428290,22170,21730,21730,-440,-1.98,22160,-10,-0.05,21730,21730,1400-1-23,2021-04-12
473,زعف0008پ12,زعفران0008پوشالمعمول سحرخيز(پ),13,4525,444676420,95292,95000,100237,4945,5.19,98271,2979,3.13,90692,100237,1400-1-23,2021-04-12
474,اميد,تامين سرمايه اميد,13,82541,630613240,7790,7640,7640,-150,-1.93,7790,0,0,7640,7640,1400-1-23,2021-04-12
475,شفا,سرمايه گذاري شفادارو,13,16233,741848100,46630,45700,45700,-930,-1.99,46620,-10,-0.02,45700,45700,1400-1-23,2021-04-12
476,مرقام,ايران‌ارقام‌,13,29029,556195640,19550,19160,19160,-390,-1.99,19550,0,0,19160,19160,1400-1-23,2021-04-12
477,كهرام,توليدي گرانيت بهسرام,13,1196,130496756,113657,109111,109111,-4546,-4,113626,-31,-0.03,109111,109111,1400-1-23,2021-04-12
478,شتولي,تولي‌پرس‌,13,16504,564849400,34923,34225,34225,-698,-2,34882,-41,-0.12,34225,34225,1400-1-23,2021-04-12
479,بالبر,كابل‌ البرز,13,7169,416017070,59210,58030,58030,-1180,-1.99,59200,-10,-0.02,58030,58030,1400-1-23,2021-04-12
480,سمگا,گروه سرمايه گذاري ميراث فرهنگي,13,16795,508233495,30878,30261,30261,-617,-2,30872,-6,-0.02,30261,30261,1400-1-23,2021-04-12
481,فروس,فروسيليس‌ ايران‌,13,33397,173330430,5290,5190,5190,-100,-1.89,5290,0,0,5190,5190,1400-1-23,2021-04-12
482,زبينا,كشاورزي و دامپروري بينالود,13,50725,194530375,3913,3835,3835,-78,-1.99,3913,0,0,3835,3835,1400-1-23,2021-04-12
483,كفرآور,فرآورده هاي سيمان شرق,13,16426,381296738,23686,23213,23213,-473,-2,23677,-9,-0.04,23213,23213,1400-1-23,2021-04-12
484,وجامي,سرمايه گذاري جامي,12,11718,169840692,15097,14494,14494,-603,-3.99,15092,-5,-0.03,14494,14494,1400-1-23,2021-04-12
485,ضفلا3003,اختيارخ فولاد-7133-1400/03/19,12,114,337205000,2874,2900,3300,426,14.82,2958,84,2.92,2800,3300,1400-1-23,2021-04-12
486,وكار,بانك‌ كارآفرين‌,12,111461,280881720,2570,2520,2520,-50,-1.95,2570,0,0,2520,2520,1400-1-23,2021-04-12
487,كمنگنز,معادن‌منگنزايران‌,12,15127,1322856150,89230,87450,87450,-1780,-1.99,89180,-50,-0.06,87450,87450,1400-1-23,2021-04-12
488,اخزا818,اسنادخزانه-م18بودجه98-010614,12,6264,4789509139,764142,768998,764594,452,0.06,764609,467,0.06,764591,768998,1400-1-23,2021-04-12
489,ضمخا7075,اختيارخ اخابر-8700-1400/07/28,12,162,392000000,2540,2450,2500,-40,-1.57,2420,-120,-4.72,2400,2500,1400-1-23,2021-04-12
490,رطب0002پ01,رطب مضافتي0002افشارتعاون بم(پ),12,637,98641925,161500,158425,153425,-8075,-5,154854,-6646,-4.12,153425,158425,1400-1-23,2021-04-12
491,زدشت,كشت و صنعت دشت خرم دره,12,3061,88530242,29512,28922,28922,-590,-2,29511,-1,0,28922,28922,1400-1-23,2021-04-12
492,بزاگرس,نيروگاه زاگرس كوثر,12,24650,173240200,7171,7028,7028,-143,-1.99,7170,-1,-0.01,7028,7028,1400-1-23,2021-04-12
493,الماس,صندوق س.امين تدبيرگران فردا-س,12,3514,387149400,109608,110000,110999,1391,1.27,110173,565,0.52,110000,110999,1400-1-23,2021-04-12
494,ساربيل,سيمان آرتا اردبيل,12,4061,222136700,55810,54700,54700,-1110,-1.99,55800,-10,-0.02,54700,54700,1400-1-23,2021-04-12
495,كوثر,بيمه كوثر,12,9948,143340732,14703,14409,14409,-294,-2,14702,-1,-0.01,14409,14409,1400-1-23,2021-04-12
496,زفكا,كشت و دامداري فكا,12,227043,2936120076,13195,12932,12932,-263,-1.99,13179,-16,-0.12,12932,12932,1400-1-23,2021-04-12
497,دزهراوي,داروسازي‌زهراوي‌,11,12690,108626400,8730,8560,8560,-170,-1.95,8730,0,0,8560,8560,1400-1-23,2021-04-12
498,كپارس,كاشي‌ پارس‌,11,3979,605564010,155290,152190,152190,-3100,-2,155250,-40,-0.03,152190,152190,1400-1-23,2021-04-12
499,خمهر,مهركام‌پارس‌,11,63023,151885430,2450,2410,2410,-40,-1.63,2450,0,0,2410,2410,1400-1-23,2021-04-12
500,سصوفي,سيمان‌ صوفيان‌,11,11810,236790500,20450,20050,20050,-400,-1.96,20450,0,0,20050,20050,1400-1-23,2021-04-12
501,ضسپا3000,اختيارخ خساپا-1400-1400/03/26,11,27,20640000,744,605,800,56,7.53,764,20,2.69,605,800,1400-1-23,2021-04-12
502,كوير,توليدي فولاد سپيد فراب كوير,11,5498,116722540,21660,21230,21230,-430,-1.99,21660,0,0,21230,21230,1400-1-23,2021-04-12
503,بساما,بيمه سامان,11,6124,141788972,23625,23153,23153,-472,-2,23624,-1,0,23153,23153,1400-1-23,2021-04-12
504,زكوثر,سرمايه گذاري كشاورزي كوثر,11,10192,216580000,21680,21250,21250,-430,-1.98,21680,0,0,21250,21250,1400-1-23,2021-04-12
505,شپلي,پلي اكريل ايران,11,22108,193643972,8937,8759,8759,-178,-1.99,8934,-3,-0.03,8759,8759,1400-1-23,2021-04-12
506,وتوس,توسعه‌شهري‌توس‌گستر,11,8106,109755240,13810,13540,13540,-270,-1.96,13810,0,0,13540,13540,1400-1-23,2021-04-12
507,اخزا911,اسنادخزانه-م11بودجه99-020906,11,19846,11931050794,602013,602000,601008,-1005,-0.17,601182,-831,-0.14,597510,602000,1400-1-23,2021-04-12
508,خفناور,مهندسي صنعتي روان فن آور,11,19921,974375952,49910,48912,48912,-998,-2,49860,-50,-0.1,48912,48912,1400-1-23,2021-04-12
509,سخزر,سيمان‌ خزر,10,200848,6053558720,30750,30140,30140,-610,-1.98,30670,-80,-0.26,30140,30140,1400-1-23,2021-04-12
510,لابسا,آبسال‌,10,13400,705242000,53700,52630,52630,-1070,-1.99,53680,-20,-0.04,52630,52630,1400-1-23,2021-04-12
511,كپرور,فرآوري زغال سنگ پروده طبس,10,4953,180269388,37138,36396,36396,-742,-2,37135,-3,-0.01,36396,36396,1400-1-23,2021-04-12
512,اخزا804,اسنادخزانه-م4بودجه98-000421,10,11161,10626240041,950505,953000,953000,2495,0.26,952087,1582,0.17,951501,954999,1400-1-23,2021-04-12
513,عيار2,صندوق سكه طلاي مفيد,10,100000,100000,26138,1,1,-26137,-100,1,-26137,-100,1,1,1400-1-23,2021-04-12
514,دسبحا,گروه دارويي سبحان,10,30940,591263400,19490,19110,19110,-380,-1.95,19490,0,0,19110,19110,1400-1-23,2021-04-12
515,قثابت,قند ثابت‌ خراسان‌,10,1624,108337040,68070,66710,66710,-1360,-2,68070,0,0,66710,66710,1400-1-23,2021-04-12
516,پخش,پخش البرز,10,22752,729861408,32733,32079,32079,-654,-2,32723,-10,-0.03,32079,32079,1400-1-23,2021-04-12
517,شپاكسا,پاكسان‌,10,23223,641651490,28190,27630,27630,-560,-1.99,28180,-10,-0.04,27630,27630,1400-1-23,2021-04-12
518,گدنا,تهيه توزيع غذاي دنا آفرين فدك,9,2018,67181238,33970,33291,33291,-679,-2,33969,-1,0,33291,33291,1400-1-23,2021-04-12
519,ريشمك,توليد و صادرات ريشمك,9,8305,465030170,57136,55994,55994,-1142,-2,57125,-11,-0.02,55994,55994,1400-1-23,2021-04-12
520,دسبحان,سبحان دارو,9,31759,691393430,22210,21770,21770,-440,-1.98,22200,-10,-0.05,21770,21770,1400-1-23,2021-04-12
521,وسخوز,شركت س استان خوزستان,9,66288,63636480,970,960,960,-10,-1.03,970,0,0,960,960,1400-1-23,2021-04-12
522,كسرا,سراميك‌هاي‌صنعتي‌اردكان‌,9,85119,1744088310,20900,20490,20490,-410,-1.96,20890,-10,-0.05,20490,20490,1400-1-23,2021-04-12
523,ضخود2009,اختيارخ خودرو-4000-1400/02/08,9,875,1950000,2,2,3,1,50,2,0,0,2,3,1400-1-23,2021-04-12
524,اخزا904,اسنادخزانه-م4بودجه99-011215,9,108159,75688005801,698480,700000,697121,-1359,-0.19,699785,1305,0.19,697121,700000,1400-1-23,2021-04-12
525,نيرو,نيرو سرمايه,9,1331,70353998,53936,52858,52858,-1078,-2,53932,-4,-0.01,52858,52858,1400-1-23,2021-04-12
526,كترام,توليدي‌ كاشي‌ تكسرام‌,9,2649,123549360,48580,46640,46640,-1940,-3.99,48580,0,0,46640,46640,1400-1-23,2021-04-12
527,ختراك,ريخته‌گري‌ تراكتورسازي‌ ايران‌,9,36160,553609600,15620,15310,15310,-310,-1.98,15620,0,0,15310,15310,1400-1-23,2021-04-12
528,سخند,صندوق س.سپهرخبرگان نفت-د,9,225710,2265905900,10036,10039,10039,3,0.03,10039,3,0.03,10039,10040,1400-1-23,2021-04-12
529,لسرما,سرما آفرين‌,9,12387,297659610,24520,24030,24030,-490,-2,24520,0,0,24030,24030,1400-1-23,2021-04-12
530,غنوش,نوش‌ مازندران‌,9,4481,251115240,57180,56040,56040,-1140,-1.99,57170,-10,-0.02,56040,56040,1400-1-23,2021-04-12
531,كيسون,شركت كيسون,8,42514,488145748,11716,11482,11482,-234,-2,11711,-5,-0.04,11482,11482,1400-1-23,2021-04-12
532,وسگيلا,شركت س استان گيلان,8,105031,79823560,770,760,760,-10,-1.3,770,0,0,760,760,1400-1-23,2021-04-12
533,تبرك,گروه كارخانجات صنعتي تبرك,8,6072,118731888,19953,19554,19554,-399,-2,19952,-1,-0.01,19554,19554,1400-1-23,2021-04-12
534,ضمخا7066,اختيارخ اخابر-11700-1400/07/28,8,130,180020000,1559,1350,1400,-159,-10.2,1385,-174,-11.16,1310,1800,1400-1-23,2021-04-12
535,ضصاد3002,اختيارخ وبصادر-2500-1400/03/12,8,594,144884000,289,270,230,-59,-20.42,244,-45,-15.57,230,272,1400-1-23,2021-04-12
536,دارو,كارخانجات‌داروپخش‌,8,2128,70990080,34040,33360,33360,-680,-2,34040,0,0,33360,33360,1400-1-23,2021-04-12
537,غصينو,صنعتي مينو,8,3464,230740504,67970,66611,66611,-1359,-2,67967,-3,0,66611,66611,1400-1-23,2021-04-12
538,وآرين,شركت توسعه اقتصادي آرين,8,23580,92244960,3991,3912,3912,-79,-1.98,3991,0,0,3912,3912,1400-1-23,2021-04-12
539,وتعاون,بيمه  تعاون,8,14496,89947680,6331,6205,6205,-126,-1.99,6330,-1,-0.02,6205,6205,1400-1-23,2021-04-12
540,دشيمي,شيمي‌ داروئي‌ داروپخش‌,8,104099,3151076730,30880,30270,30270,-610,-1.98,30840,-40,-0.13,30270,30270,1400-1-23,2021-04-12
541,آسام,صندوق س.آرمان سپهر آشنا-م,8,4560,471763790,103908,103365,103635,-273,-0.26,103457,-451,-0.43,102600,103635,1400-1-23,2021-04-12
542,دتماد,توليدمواداوليه‌داروپخش‌,8,3400,155108000,46550,45620,45620,-930,-2,46550,0,0,45620,45620,1400-1-23,2021-04-12
543,تپمپي,پمپ‌ سازي‌ ايران‌,8,21044,400677760,19420,19040,19040,-380,-1.96,19420,0,0,19040,19040,1400-1-23,2021-04-12
544,وليز,ليزينگ‌ايران‌,8,8857,81130120,9540,9160,9160,-380,-3.98,9540,0,0,9160,9160,1400-1-23,2021-04-12
545,فسديد,لوله‌وتجهيزات‌ سديد - ورشكسته,8,24445,2757102660,115089,112788,112788,-2301,-2,113794,-1295,-1.13,112788,112788,1400-1-23,2021-04-12
546,اخزا807,اسنادخزانه-م7بودجه98-000719,8,12448,11268877528,912371,902126,912000,-371,-0.04,905276,-7095,-0.78,902126,913000,1400-1-23,2021-04-12
547,سفانو,سيمان فارس نو,8,101887,4086687570,40920,40110,40110,-810,-1.98,40850,-70,-0.17,40110,40110,1400-1-23,2021-04-12
548,فرآور,فرآوري‌موادمعدني‌ايران‌,7,24782,856961560,35280,34580,34580,-700,-1.98,35270,-10,-0.03,34580,34580,1400-1-23,2021-04-12
549,اخزا821,اسنادخزانه-م21بودجه98-020906,7,388,234239220,603023,604210,603503,480,0.08,603709,686,0.11,603503,604210,1400-1-23,2021-04-12
550,غدشت,دشت‌ مرغاب‌,7,358,101306840,288750,282980,282980,-5770,-2,288740,-10,0,282980,282980,1400-1-23,2021-04-12
551,وسصفا,شركت س استان اصفهان,7,39733,41719650,1070,1050,1050,-20,-1.87,1070,0,0,1050,1050,1400-1-23,2021-04-12
552,زير0003پ02,زيره سبز0003 دانش(پ),7,312,169132090,501170,500009,548000,46830,9.34,542090,40920,8.16,500009,548000,1400-1-23,2021-04-12
553,زير0003پ04,زيره سبز0003شركت مينوبذر(پ),7,310,163369000,546761,521000,540000,-6761,-1.24,526997,-19764,-3.61,496900,540000,1400-1-23,2021-04-12
554,كفپارس,فرآورده‌هاي‌ نسوز پارس‌,7,31823,144476420,4630,4540,4540,-90,-1.94,4630,0,0,4540,4540,1400-1-23,2021-04-12
555,آينده,بازرگاني آينده سازان بهشت پارس,7,10455,199638225,19890,19095,19095,-795,-4,19882,-8,-0.04,19095,19095,1400-1-23,2021-04-12
556,اخزا816,اسنادخزانه-م16بودجه98-010503,7,3331,2608167313,781012,788000,781501,489,0.06,782998,1986,0.25,781121,788000,1400-1-23,2021-04-12
557,شپاس,نفت پاسارگاد,7,221505,4804664955,22133,21691,21691,-442,-2,22090,-43,-0.19,21691,21691,1400-1-23,2021-04-12
558,وساغربي,شركت س استان آذربايجان غربي,7,149443,113576680,770,760,760,-10,-1.3,770,0,0,760,760,1400-1-23,2021-04-12
559,قشكر,شكرشاهرود,7,16913,63762010,3840,3770,3770,-70,-1.82,3840,0,0,3770,3770,1400-1-23,2021-04-12
560,وصندوق,سرمايه‌گذاري‌صندوق‌بازنشستگي‌,7,179392,2608359680,14830,14540,14540,-290,-1.96,14820,-10,-0.07,14540,14540,1400-1-23,2021-04-12
561,دپارس,پارس‌ دارو,7,2849,239800330,85880,84170,84170,-1710,-1.99,85870,-10,-0.01,84170,84170,1400-1-23,2021-04-12
562,قشير,قند شيروان قوچان و بجنورد,7,3652,91953708,25692,25179,25179,-513,-2,25691,-1,0,25179,25179,1400-1-23,2021-04-12
563,پارتا,مجتمع‌صنعتي‌آرتاويل‌تاير,7,15833,832166647,53631,52559,52559,-1072,-2,53596,-35,-0.07,52559,52559,1400-1-23,2021-04-12
564,اخزا810,اسنادخزانه-م10بودجه98-001006,7,17891,15562111958,875534,869712,870974,-4560,-0.52,869829,-5705,-0.65,869712,870974,1400-1-23,2021-04-12
565,ضملت3004,اختيارخ وبملت-5000-1400/03/19,7,100,18000000,157,180,180,23,14.65,180,23,14.65,180,180,1400-1-23,2021-04-12
566,وهنر,گروه توسعه هنر ايران,7,167252,1386853584,8461,8292,8292,-169,-2,8449,-12,-0.14,8292,8292,1400-1-23,2021-04-12
567,ضمخا7076,اختيارخ اخابر-9700-1400/07/28,7,76,152000000,1801,2000,2000,199,11.05,2000,199,11.05,2000,2000,1400-1-23,2021-04-12
568,اخزا713,اسنادخزانه-م13بودجه97-000518,7,918,862936170,937892,940000,940000,2108,0.22,940018,2126,0.23,940000,940770,1400-1-23,2021-04-12
569,پست0008پ09,پسته بادامي30-28مه ولات0008(پ),7,68,113763175,1744305,1657100,1750001,5696,0.33,1672988,-71317,-4.09,1657090,1831520,1400-1-23,2021-04-12
570,لخانه,لوازم‌ خانگي‌ پارس‌,7,102697,2815130164,28554,27412,27412,-1142,-4,28386,-168,-0.59,27412,27412,1400-1-23,2021-04-12
571,اخزا806,اسنادخزانه-م6بودجه98-000519,7,52133,49000770086,936118,940000,938006,1888,0.2,939918,3800,0.41,938001,940000,1400-1-23,2021-04-12
572,ضشنا2004,اختيارخ شپنا-16000-1400/02/27,7,241,42920000,180,220,290,110,61.11,178,-2,-1.11,150,290,1400-1-23,2021-04-12
573,ضچاد2004,اختيارخ كچاد-20000-1400/02/05,6,13,35700000,2600,2500,2700,100,3.85,2746,146,5.62,2500,3000,1400-1-23,2021-04-12
574,وتوكا,سرمايه‌گذاري‌توكافولاد(هلدينگ,6,23858,280092920,11970,11740,11740,-230,-1.92,11970,0,0,11740,11740,1400-1-23,2021-04-12
575,دسانكو,داروسازي سبحان انكولوژي,6,3887,56357613,14794,14499,14499,-295,-1.99,14794,0,0,14499,14499,1400-1-23,2021-04-12
576,دفارا,داروسازي‌ فارابي‌,6,780,50497200,66060,64740,64740,-1320,-2,66060,0,0,64740,64740,1400-1-23,2021-04-12
577,فن آوا,گروه فن آوا,6,100000,1810300000,18472,18103,18103,-369,-2,18438,-34,-0.18,18103,18103,1400-1-23,2021-04-12
578,دابور,داروسازي‌ ابوريحان‌,6,2933,113389780,39440,38660,38660,-780,-1.98,39440,0,0,38660,38660,1400-1-23,2021-04-12
579,پرداخت,به پرداخت ملت,6,1561,49983220,32670,32020,32020,-650,-1.99,32670,0,0,32020,32020,1400-1-23,2021-04-12
580,خشرق,الكتريك‌ خودرو شرق‌,6,10507,154137690,14960,14670,14670,-290,-1.94,14960,0,0,14670,14670,1400-1-23,2021-04-12
581,سكرد,سيمان كردستان,6,8757,84067200,9790,9600,9600,-190,-1.94,9790,0,0,9600,9600,1400-1-23,2021-04-12
582,خكاوه,سايپا ديزل,6,40347,143675667,3633,3561,3561,-72,-1.98,3632,-1,-0.03,3561,3561,1400-1-23,2021-04-12
583,فپنتا,سپنتا,6,2635,1057451850,409500,401310,401310,-8190,-2,409320,-180,-0.04,401310,401310,1400-1-23,2021-04-12
584,اوان,مبين وان كيش,6,10863,582072129,54676,53583,53583,-1093,-2,54663,-13,-0.02,53583,53583,1400-1-23,2021-04-12
585,فاما,صنعتي‌ آما,6,19493,364908960,19100,18720,18720,-380,-1.99,19100,0,0,18720,18720,1400-1-23,2021-04-12
586,دروز,داروسازي‌ روزدارو,6,3260,120652600,37760,37010,37010,-750,-1.99,37760,0,0,37010,37010,1400-1-23,2021-04-12
587,توريل,توكاريل,6,5480,135257360,25185,24682,24682,-503,-2,25184,-1,0,24682,24682,1400-1-23,2021-04-12
588,خاذين,سايپاآذين‌,6,20089,93614740,4750,4660,4660,-90,-1.89,4750,0,0,4660,4660,1400-1-23,2021-04-12
589,ياقوت2,صندوق س ياقوت آگاه-ثابت,6,334000,334000,12242,1,1,-12241,-99.99,1,-12241,-99.99,1,1,1400-1-23,2021-04-12
590,كيميا,معدني كيمياي زنجان گستران,6,21112,367201016,17747,17393,17393,-354,-1.99,17744,-3,-0.02,17393,17393,1400-1-23,2021-04-12
591,چكاوه,صنايع‌كاغذسازي‌كاوه‌,6,8664,156471840,18420,18060,18060,-360,-1.95,18420,0,0,18060,18060,1400-1-23,2021-04-12
592,وسهمدا,شركت س استان همدان,6,91000,80080000,890,880,880,-10,-1.12,890,0,0,880,880,1400-1-23,2021-04-12
593,بهپاك,صنعتي بهپاك,6,1463,63744373,44460,43571,43571,-889,-2,44459,-1,0,43571,43571,1400-1-23,2021-04-12
594,سنير,سيمان‌ سفيد ني‌ريز,6,328,80527280,250520,245510,245510,-5010,-2,250510,-10,0,245510,245510,1400-1-23,2021-04-12
595,غگلپا,شير پاستوريزه پگاه گلپايگان,6,8774,606160564,70495,69086,69086,-1409,-2,70478,-17,-0.02,69086,69086,1400-1-23,2021-04-12
596,ولملت,واسپاري ملت,6,19052,152797040,8180,8020,8020,-160,-1.96,8180,0,0,8020,8020,1400-1-23,2021-04-12
597,ومعلم,بيمه معلم,6,215536,1055695328,4997,4898,4898,-99,-1.98,4995,-2,-0.04,4898,4898,1400-1-23,2021-04-12
598,ضپاس2003,اختيارخ وپارس-3500-1400/02/29,5,50,2500000,49,50,50,1,2.04,50,1,2.04,50,50,1400-1-23,2021-04-12
599,وآذر,سرمايه‌گذاري‌توسعه‌آذربايجان‌,5,1474,123211660,85290,83590,83590,-1700,-1.99,85290,0,0,83590,83590,1400-1-23,2021-04-12
600,شاملا,معدني‌ املاح‌  ايران‌,5,2868,143084520,50900,49890,49890,-1010,-1.98,50900,0,0,49890,49890,1400-1-23,2021-04-12
601,بنيرو,نيروترانس‌,5,3965,58642350,15090,14790,14790,-300,-1.99,15090,0,0,14790,14790,1400-1-23,2021-04-12
602,اخزا716,اسنادخزانه-م16بودجه97-000407,5,50076,48123143968,963258,963776,961000,-2258,-0.23,961002,-2256,-0.23,961000,963776,1400-1-23,2021-04-12
603,خكمك,كمك‌فنرايندامين‌,5,6915,183869850,27130,26590,26590,-540,-1.99,27130,0,0,26590,26590,1400-1-23,2021-04-12
604,پست0008پ04,پسته فندقي32-30سبزدانه0008(پ),5,324,482361000,1475094,1514000,1490000,14906,1.01,1488768,13674,0.93,1475000,1514000,1400-1-23,2021-04-12
605,اراد33,مرابحه عام دولت3-ش.خ 0303,5,50000,44175000000,883450,883500,883500,50,0.01,883500,50,0.01,883500,883500,1400-1-23,2021-04-12
606,قجام,فرآوردههاي غذايي وقندتربت‌جام‌,5,3175,50215800,16475,15816,15816,-659,-4,16472,-3,-0.02,15816,15816,1400-1-23,2021-04-12
607,اعتماد2,صندوق س.اعتماد آفرين پارسيان-د,5,47000000,47000000,35828,1,1,-35827,-100,1,-35827,-100,1,1,1400-1-23,2021-04-12
608,غشان,شيرپاستوريزه‌پگاه‌خراسان‌,5,33686,253992440,7690,7540,7540,-150,-1.95,7690,0,0,7540,7540,1400-1-23,2021-04-12
609,ثنوسا,نوسازي‌وساختمان‌تهران‌,5,12793,163366610,13030,12770,12770,-260,-2,13030,0,0,12770,12770,1400-1-23,2021-04-12
610,رتاپ,تجارت الكترونيك  پارسيان,5,6841,49597250,7390,7250,7250,-140,-1.89,7390,0,0,7250,7250,1400-1-23,2021-04-12
611,ضملي3002,اختيارخ فملي-10000-1400/03/02,5,30,35834000,1994,1001,1950,-44,-2.21,1194,-800,-40.12,430,1950,1400-1-23,2021-04-12
612,شگل,گلتاش‌,5,3620,36634400,10320,10120,10120,-200,-1.94,10320,0,0,10120,10120,1400-1-23,2021-04-12
613,ضترا3004,اختيارخ شتران-10000-1400/03/09,5,32,27230000,849,800,900,51,6.01,851,2,0.24,800,900,1400-1-23,2021-04-12
614,غاذر,كشت‌وصنعت‌پياذر,5,523,28686550,55960,54850,54850,-1110,-1.98,55960,0,0,54850,54850,1400-1-23,2021-04-12
615,تملي701,تسهيلات مسكن ب. ملي-فروردين97,5,210,106383690,495092,506589,506589,11497,2.32,506589,11497,2.32,506589,506589,1400-1-23,2021-04-12
616,مداران,داده‌پردازي‌ايران‌,5,15485,381395550,25130,24630,24630,-500,-1.99,25130,0,0,24630,24630,1400-1-23,2021-04-12
617,چفيبر,فيبر ايران‌,5,2725,37114500,13890,13620,13620,-270,-1.94,13890,0,0,13620,13620,1400-1-23,2021-04-12
618,قنيشا,قند  نيشابور,5,5458,358972660,67110,65770,65770,-1340,-2,67100,-10,-0.01,65770,65770,1400-1-23,2021-04-12
619,اراد314,مرابحه عام دولت3-ش.خ 0208,5,23492600,22123319886700,1000000,881709,1020490,20490,2.05,941714,-58286,-5.83,881709,1020490,1400-1-23,2021-04-12
620,ضملي3001,اختيارخ فملي-9000-1400/03/02,5,12,28322000,3342,2222,2550,-792,-23.7,2360,-982,-29.38,2100,2600,1400-1-23,2021-04-12
621,بسويچ,پارس‌سويچ‌,5,5213,281762650,55150,54050,54050,-1100,-1.99,55140,-10,-0.02,54050,54050,1400-1-23,2021-04-12
622,وسرضوي,س.سهام عدالت استان خراسان رضوي,5,65000,65650000,1030,1010,1010,-20,-1.94,1030,0,0,1010,1010,1400-1-23,2021-04-12
623,جهرم,پتروشيمي جهرم,5,36804,64259784,1781,1746,1746,-35,-1.97,1781,0,0,1746,1746,1400-1-23,2021-04-12
624,تكنار,مجتمع معادن مس تكنار,4,1325,164228450,126475,123946,123946,-2529,-2,126454,-21,-0.02,123946,123946,1400-1-23,2021-04-12
625,غمارگ,مارگارين‌,4,1100,34001000,31540,30910,30910,-630,-2,31540,0,0,30910,30910,1400-1-23,2021-04-12
626,وسكرمان,س.سهام عدالت استان كرمان,4,45000,45450000,1030,1010,1010,-20,-1.94,1030,0,0,1010,1010,1400-1-23,2021-04-12
627,ضملت3000,اختيارخ وبملت-3000-1400/03/19,4,111,95161000,870,901,850,-20,-2.3,857,-13,-1.49,850,901,1400-1-23,2021-04-12
628,نطرين,عطرين نخ قم,4,11583,137884032,12146,11904,11904,-242,-1.99,12145,-1,-0.01,11904,11904,1400-1-23,2021-04-12
629,وسيزد,شركت س استان يزد,4,23647,29795220,1280,1260,1260,-20,-1.56,1280,0,0,1260,1260,1400-1-23,2021-04-12
630,دتوزيع,توزيع دارو پخش,4,3496,178788936,52184,51141,51141,-1043,-2,52180,-4,-0.01,51141,51141,1400-1-23,2021-04-12
631,لخزر,پارس‌ خزر,4,860,157208000,186530,182800,182800,-3730,-2,186520,-10,-0.01,182800,182800,1400-1-23,2021-04-12
632,وساشرقي,شركت س استان آذربايجان شرقي,4,23710,22761600,970,960,960,-10,-1.03,970,0,0,960,960,1400-1-23,2021-04-12
633,طلا2,صندوق س.پشتوانه طلاي لوتوس,4,400000,400000,74346,1,1,-74345,-100,1,-74345,-100,1,1,1400-1-23,2021-04-12
634,ولصنم,ليزينگ‌صنعت‌ومعدن‌,4,3035,33020800,11100,10880,10880,-220,-1.98,11100,0,0,10880,10880,1400-1-23,2021-04-12
635,ضترا3002,اختيارخ شتران-8000-1400/03/09,4,52,102370000,1990,1960,1975,-15,-0.75,1969,-21,-1.06,1960,1975,1400-1-23,2021-04-12
636,وگستر,گسترش سرمايه گذاري ايرانيان,4,2301,43505007,19292,18907,18907,-385,-2,19292,0,0,18907,18907,1400-1-23,2021-04-12
637,اخزا720,اسنادخزانه-م20بودجه97-000324,4,122,118208000,969951,968000,969000,-951,-0.1,968918,-1033,-0.11,968000,969000,1400-1-23,2021-04-12
638,كشرق,صنعتي و معدني شمال شرق شاهرود,4,478,43145236,92104,90262,90262,-1842,-2,92102,-2,0,90262,90262,1400-1-23,2021-04-12
639,ضمخا7070,اختيارخ اخابر-19700-1400/07/28,4,27,16141000,787,605,516,-271,-34.43,598,-189,-24.02,516,605,1400-1-23,2021-04-12
640,ضصاد3001,اختيارخ وبصادر-2000-1400/03/12,4,132,68240000,538,520,510,-28,-5.2,517,-21,-3.9,510,520,1400-1-23,2021-04-12
641,گكيشح,ح.توريستي ورفاهي آبادگران كيش,4,2545,83478545,33470,32801,32801,-669,-2,32801,-669,-2,32801,32801,1400-1-23,2021-04-12
642,غشهد,شهد ايران ‌,4,4050,28876500,7270,7130,7130,-140,-1.93,7270,0,0,7130,7130,1400-1-23,2021-04-12
643,حتوكا,حمل‌ونقل‌توكا,4,2912,87592960,30690,30080,30080,-610,-1.99,30690,0,0,30080,30080,1400-1-23,2021-04-12
644,وآوا,سرمايه گذاري آوا نوين,4,2932,25561176,8895,8718,8718,-177,-1.99,8895,0,0,8718,8718,1400-1-23,2021-04-12
645,اخزا906,اسنادخزانه-م6بودجه99-020321,4,405,299650000,730187,730000,740000,9813,1.34,739877,9690,1.33,730000,740000,1400-1-23,2021-04-12
646,ضسپا3002,اختيارخ خساپا-1800-1400/03/26,4,112,58170000,496,450,520,24,4.84,519,23,4.64,450,520,1400-1-23,2021-04-12
647,درهآور,دارويي ره آورد تامين,4,1410,73569570,53241,52177,52177,-1064,-2,53239,-2,0,52177,52177,1400-1-23,2021-04-12
648,اراد454,مرابحه عام دولت4-ش.خ 0107,4,10526000,10001547542000,978000,949541,950123,-27877,-2.85,950175,-27825,-2.85,949541,950500,1400-1-23,2021-04-12
649,غديس,پاكديس,4,2690,35486480,13461,13192,13192,-269,-2,13461,0,0,13192,13192,1400-1-23,2021-04-12
650,هجرت,پخش هجرت,4,826,23112306,28552,27981,27981,-571,-2,28552,0,0,27981,27981,1400-1-23,2021-04-12
651,وحافظ,بيمه حافظ,4,1176,74333784,65842,63209,63209,-2633,-4,65822,-20,-0.03,63209,63209,1400-1-23,2021-04-12
652,فخاس,فولاد خراسان,4,11032,304372880,28150,27590,27590,-560,-1.99,28150,0,0,27590,27590,1400-1-23,2021-04-12
653,آبين,كشت و صنعت آبشيرين,4,14300,57872100,4215,4047,4047,-168,-3.99,4214,-1,-0.02,4047,4047,1400-1-23,2021-04-12
654,ضپاس2000,اختيارخ وپارس-2000-1400/02/29,4,115,80805000,717,701,730,13,1.81,703,-14,-1.95,700,730,1400-1-23,2021-04-12
655,اراد544,مرابحه عام دولت5-ش.خ 0109,4,35074450,33124179207000,1015000,942873,945898,-69102,-6.81,944396,-70604,-6.96,942817,946000,1400-1-23,2021-04-12
656,ضترا3000,اختيارخ شتران-6000-1400/03/09,3,8,28400000,3830,3400,3600,-230,-6.01,3550,-280,-7.31,3400,3600,1400-1-23,2021-04-12
657,نگين,ص.س. زمين و ساختمان نگين شهرري,3,370,18055600,48780,48820,48790,10,0.02,48800,20,0.04,48790,48820,1400-1-23,2021-04-12
658,وسمازن,س.سهام عدالت استان مازندران,3,23000,22080000,970,960,960,-10,-1.03,970,0,0,960,960,1400-1-23,2021-04-12
659,پست0008پ02,پسته فندقي32-30طلاسبززرند0008,3,23,33370189,1549419,1574771,1424795,-124624,-8.04,1450878,-98541,-6.36,1424795,1574771,1400-1-23,2021-04-12
660,فسا,پتروشيمي فسا,3,38250,66402000,1771,1736,1736,-35,-1.98,1771,0,0,1736,1736,1400-1-23,2021-04-12
661,لپيام,گسترش صنايع پيام,3,1617,87222597,55041,53941,53941,-1100,-2,55036,-5,-0.01,53941,53941,1400-1-23,2021-04-12
662,سلامت6,مرابحه سلامت6واجدشرايط خاص1400,3,38900,38316500000,985000,985000,985000,0,0,985000,0,0,985000,985000,1400-1-23,2021-04-12
663,سيلام,سيمان‌ ايلام‌,3,2704,29771040,11230,11010,11010,-220,-1.96,11230,0,0,11010,11010,1400-1-23,2021-04-12
664,اخزا8074,اسنادخزانه-م7بودجه98-000719,3,1784000,1625468330000,912371,907908,912371,0,0,911137,-1234,-0.14,907908,912371,1400-1-23,2021-04-12
665,داسوه,داروسازي‌ اسوه‌,3,3817,139854880,37380,36640,36640,-740,-1.98,37380,0,0,36640,36640,1400-1-23,2021-04-12
666,ضپاس2004,اختيارخ وپارس-4000-1400/02/29,3,300,9500000,40,30,35,-5,-12.5,32,-8,-20,30,35,1400-1-23,2021-04-12
667,وسيستا,شركت س استان سيستان وبلوچستان,3,30000,22500000,760,750,750,-10,-1.32,760,0,0,750,750,1400-1-23,2021-04-12
668,ضصاد3000,اختيارخ وبصادر-1800-1400/03/12,3,80,60940000,640,800,698,58,9.06,762,122,19.06,698,800,1400-1-23,2021-04-12
669,اراد414,مرابحه عام دولت4-ش.خ 0006,3,2398000,2364383000000,988000,989437,984906,-3094,-0.31,985981,-2019,-0.2,980000,989437,1400-1-23,2021-04-12
670,كسرام,پارس‌ سرام‌,3,8913,72819210,8330,8170,8170,-160,-1.92,8330,0,0,8170,8170,1400-1-23,2021-04-12
671,فالوم,آلومتك‌,3,2014,72068976,36514,35784,35784,-730,-2,36511,-3,-0.01,35784,35784,1400-1-23,2021-04-12
672,فمراد,آلومراد,3,236,33285440,143910,141040,141040,-2870,-1.99,143910,0,0,141040,141040,1400-1-23,2021-04-12
673,اخزا7184,اسنادخزانه-م18بودجه97-000525,3,3228000,3021545713000,937596,934016,937596,0,0,936043,-1553,-0.17,934016,937596,1400-1-23,2021-04-12
674,حخزر,كشتيراني درياي خزر,3,2945,83013660,28763,28188,28188,-575,-2,28762,-1,0,28188,28188,1400-1-23,2021-04-12
675,كساپا,سايپاشيشه‌,3,100150,3832740500,39050,38270,38270,-780,-2,38990,-60,-0.15,38270,38270,1400-1-23,2021-04-12
676,سدور,سيمان‌ دورود,3,1429,27136710,19370,18990,18990,-380,-1.96,19370,0,0,18990,18990,1400-1-23,2021-04-12
677,كفرا,فراورده‌ هاي‌ نسوزايران‌,3,258,11994420,47430,46490,46490,-940,-1.98,47430,0,0,46490,46490,1400-1-23,2021-04-12
678,قمرو,قند مرودشت‌,3,1045,37881250,36980,36250,36250,-730,-1.97,36980,0,0,36250,36250,1400-1-23,2021-04-12
679,وسبحان,سرمايه گذاري سبحان,3,25040,77198320,3145,3083,3083,-62,-1.97,3145,0,0,3083,3083,1400-1-23,2021-04-12
680,اخزا7214,اسنادخزانه-م21بودجه97-000728,3,4074000,3681541465000,903341,904074,903341,0,0,903667,326,0.04,903341,904074,1400-1-23,2021-04-12
681,دبالك,مواد اوليه دارويي البرز بالك,3,1275,26048250,20846,20430,20430,-416,-2,20846,0,0,20430,20430,1400-1-23,2021-04-12
682,زنگان,صنعت روي زنگان,3,1049,107438580,104510,102420,102420,-2090,-2,104505,-5,0,102420,102420,1400-1-23,2021-04-12
683,تملي705,تسهيلات مسكن ب. ملي-مرداد97,3,43,29988888,664206,697416,697416,33210,5,697416,33210,5,697416,697416,1400-1-23,2021-04-12
684,اخزا813,اسنادخزانه-م13بودجه98-010219,3,2413,1968469160,811573,815990,815999,4426,0.55,815777,4204,0.52,815000,815999,1400-1-23,2021-04-12
685,اپرداز,آتيه داده پرداز,3,2480,52471840,21589,21158,21158,-431,-2,21589,0,0,21158,21158,1400-1-23,2021-04-12
686,فنرژي,گسترش صنايع انرژي آذرآب,3,2956,55265376,19077,18696,18696,-381,-2,19075,-2,-0.01,18696,18696,1400-1-23,2021-04-12
687,غشصفا,شيرپاستوريزه‌پگاه‌اصفهان‌,3,983,26973520,28000,27440,27440,-560,-2,28000,0,0,27440,27440,1400-1-23,2021-04-12
688,غشاذر,پگاه‌آذربايجان‌غربي‌,3,7290,71442000,10000,9800,9800,-200,-2,10000,0,0,9800,9800,1400-1-23,2021-04-12
689,اخزا8094,اسنادخزانه-م9بودجه98-000923,3,2148000,1887333196000,878615,880034,878615,0,0,878647,32,0,878064,880034,1400-1-23,2021-04-12
690,تملي708,تسهيلات مسكن ب. ملي-آبان97,3,30,15321900,486410,510730,510730,24320,5,510730,24320,5,510730,510730,1400-1-23,2021-04-12
691,ضفلا3001,اختيارخ فولاد-5706-1400/03/19,3,20,97960000,6347,4890,4900,-1447,-22.8,4898,-1449,-22.83,4890,4900,1400-1-23,2021-04-12
692,وسقم,شركت س استان قم,3,15000,20850000,1410,1390,1390,-20,-1.42,1410,0,0,1390,1390,1400-1-23,2021-04-12
693,قلرست,قند لرستان‌,3,10147,356362640,35830,35120,35120,-710,-1.98,35820,-10,-0.03,35120,35120,1400-1-23,2021-04-12
694,اراد344,مرابحه عام دولت3-ش.خ 0305,2,19586000,16820917071000,1000000,848511,869136,-130864,-13.09,858823,-141177,-14.12,848511,869136,1400-1-23,2021-04-12
695,ضصاد3004,اختيارخ وبصادر-3500-1400/03/12,2,69,1932000,69,28,28,-41,-59.42,28,-41,-59.42,28,28,1400-1-23,2021-04-12
696,ثپرديس,سرمايه گذاري مسكن پرديس,2,1020,10156140,10160,9957,9957,-203,-2,10160,0,0,9957,9957,1400-1-23,2021-04-12
697,صخود412,ص مرابحه خودرو412- 3ماهه 18%,2,17,16978990,999999,997000,999999,0,0,998764,-1235,-0.12,997000,999999,1400-1-23,2021-04-12
698,آريان2,سرمايه گذاري پارس آريان,2,49946223,547710281418,11417,10966,10966,-451,-3.95,10966,-451,-3.95,10966,10966,1400-1-23,2021-04-12
699,ضجار2000,اختيارخ وتجارت-1800-1400/02/22,2,2,1435000,750,718,717,-33,-4.4,717,-33,-4.4,717,718,1400-1-23,2021-04-12
700,افاد24,منفعت دولتي2-شرايط خاص14000626,2,10980000,10949821470000,985000,997653,996850,11850,1.2,997251,12251,1.24,996850,997653,1400-1-23,2021-04-12
701,اراد354,مرابحه عام دولت3-ش.خ 0103,2,17800000,17028147500000,1000000,956945,956330,-43670,-4.37,956637,-43363,-4.34,956330,956945,1400-1-23,2021-04-12
702,تاپكيش,تجارت الكترونيك پارسيان كيش,2,1280,23207680,18501,18131,18131,-370,-2,18501,0,0,18131,18131,1400-1-23,2021-04-12
703,اراد834,مرابحه عام دولت83-ش.خ041220,2,27620000,25233259130000,1000000,913683,913490,-86510,-8.65,913586,-86414,-8.64,913490,913683,1400-1-23,2021-04-12
704,اراد444,مرابحه عام دولت4-ش.خ 0007,2,4000000,3937148000000,1050000,984679,983895,-66105,-6.3,984287,-65713,-6.26,983895,984679,1400-1-23,2021-04-12
705,كمرجان,بازرگاني و توليدي مرجان كار,2,500,72010500,146960,144021,144021,-2939,-2,146956,-4,0,144021,144021,1400-1-23,2021-04-12
706,وسخراش,شركت س استان خراسان شمالي,2,10000,13500000,1370,1350,1350,-20,-1.46,1370,0,0,1350,1350,1400-1-23,2021-04-12
707,كاذر,فرآورده‌هاي‌نسوزآذر,2,356,11431160,32760,32110,32110,-650,-1.98,32760,0,0,32110,32110,1400-1-23,2021-04-12
708,شسم,توليد سموم‌ علف‌ كش,2,476,43469272,89532,91322,91322,1790,2,89540,8,0.01,91322,91322,1400-1-23,2021-04-12
709,اراد214,مرابحه عام دولت2ش.خ صادرات0212,2,57612000,53882371956000,1000000,926286,944240,-55760,-5.58,935263,-64737,-6.47,926286,944240,1400-1-23,2021-04-12
710,اراد424,مرابحه عام دولت4-ش.خ 0106,2,18252652,17524845754152,1056250,965630,954622,-101628,-9.62,960126,-96124,-9.1,954622,965630,1400-1-23,2021-04-12
711,خكار,ايركا پارت صنعت,2,690,14821200,21910,21480,21480,-430,-1.96,21910,0,0,21480,21480,1400-1-23,2021-04-12
712,پاسا,ايران‌ياساتايرورابر,2,700,18305000,26680,26150,26150,-530,-1.99,26680,0,0,26150,26150,1400-1-23,2021-04-12
713,كقزوي,شيشه‌ قزوين‌,2,2000,20086000,10247,10043,10043,-204,-1.99,10247,0,0,10043,10043,1400-1-23,2021-04-12
714,گندم2,مرابحه گندم2-واجدشرايط خاص1400,2,50000,49500000000,990000,990000,990000,0,0,990000,0,0,990000,990000,1400-1-23,2021-04-12
715,اخزا8134,اسنادخزانه-م13بودجه98-010219,2,434000,354612937000,811573,822588,811573,0,0,817080,5507,0.68,811573,822588,1400-1-23,2021-04-12
716,اخزا8144,اسنادخزانه-م14بودجه98-010318,2,602000,483924623000,800542,807181,800542,0,0,803861,3319,0.41,800542,807181,1400-1-23,2021-04-12
717,غگلستا,شير پاستوريزه پگاه گلستان,2,3839,107380669,28541,27971,27971,-570,-2,28540,-1,0,27971,27971,1400-1-23,2021-04-12
718,سبجنو,سيمان‌ بجنورد,2,230,13399800,59440,58260,58260,-1180,-1.99,59440,0,0,58260,58260,1400-1-23,2021-04-12
719,ددام,داروسازي زاگرس فارمد پارس,2,1233,26817750,22190,21750,21750,-440,-1.98,22190,0,0,21750,21750,1400-1-23,2021-04-12
720,افاد14,منفعت دولت-با شرايط خاص140006,2,2175400,2298785424900,1028750,1107682,1005755,-22995,-2.24,1056718,27968,2.72,1005755,1107682,1400-1-23,2021-04-12
721,ديران,ايران‌دارو,2,1192,31540320,27000,26460,26460,-540,-2,27000,0,0,26460,26460,1400-1-23,2021-04-12
722,وسكهبو,س.عدالت ا. كهگيلويه وبويراحمد,2,10000,11100000,1130,1110,1110,-20,-1.77,1130,0,0,1110,1110,1400-1-23,2021-04-12
723,صايپا203,صكوك مرابحه سايپا203-3ماهه 16%,2,1020,972000000,952201,990000,952200,-1,0,952941,740,0.08,952200,990000,1400-1-23,2021-04-12
724,زقيام,كشت و دام قيام اصفهان,2,417,11850723,28998,28419,28419,-579,-2,28998,0,0,28419,28419,1400-1-23,2021-04-12
725,ضگل3000,اختيارخ كگل-9082-1400/03/23,2,2,14603655,6000,5555,5500,-500,-8.33,5527,-473,-7.88,5500,5555,1400-1-23,2021-04-12
726,قشهد,شهد,2,11250,225450000,20440,20040,20040,-400,-1.96,20440,0,0,20040,20040,1400-1-23,2021-04-12
727,وسناح,ح. سرمايه گذاري نيروگاهي ايران,2,7000,87017000,12948,12431,12431,-517,-3.99,12431,-517,-3.99,12431,12431,1400-1-23,2021-04-12
728,اخزا7134,اسنادخزانه-م13بودجه97-000518,2,672000,630547680000,937892,938738,937892,0,0,938315,423,0.05,937892,938738,1400-1-23,2021-04-12
729,وسزنجان,شركت س استان زنجان,2,13610,19054000,1420,1400,1400,-20,-1.41,1420,0,0,1400,1400,1400-1-23,2021-04-12
730,قاسم,قاسم ايران,2,943,12602252,13636,13364,13364,-272,-1.99,13636,0,0,13364,13364,1400-1-23,2021-04-12
731,اخزا8064,اسنادخزانه-م6بودجه98-000519,2,1478000,1384328794000,936118,937128,936118,0,0,936623,505,0.05,936118,937128,1400-1-23,2021-04-12
732,اراد584,مرابحه عام دولت5-ش.خ 0110,2,10602000,9971870130000,972287,938730,942400,-29887,-3.07,940565,-31722,-3.26,938730,942400,1400-1-23,2021-04-12
733,اراد41,مرابحه عام دولت4-ش.خ 0006,2,4000,3968000000,988000,984000,1000000,12000,1.21,992000,4000,0.4,984000,1000000,1400-1-23,2021-04-12
734,اراد484,مرابحه عام دولت4-ش.خ 0009,2,4625800,4517856957000,980000,978930,974400,-5600,-0.57,976665,-3335,-0.34,974400,978930,1400-1-23,2021-04-12
735,ضسپا3005,اختيارخ خساپا-3000-1400/03/26,2,89,6230000,59,70,70,11,18.64,70,11,18.64,70,70,1400-1-23,2021-04-12
736,زير0003پ01,زيره سبز0003كيميابذر(پ),2,56,30753184,519408,549164,549164,29756,5.73,549164,29756,5.73,549164,549164,1400-1-23,2021-04-12
737,فلامي,لاميران‌,2,235,10330600,44850,43960,43960,-890,-1.98,44850,0,0,43960,43960,1400-1-23,2021-04-12
738,اراد384,مرابحه عام دولت3-ش.خ 0105,2,4000000,3828268000000,1050000,956341,957793,-92207,-8.78,957067,-92933,-8.85,956341,957793,1400-1-23,2021-04-12
739,كاسپين,داروسازي كاسپين تامين,2,500,12806000,26134,25612,25612,-522,-2,26134,0,0,25612,25612,1400-1-23,2021-04-12
740,خفنر,فنرسازي‌خاور,2,11850,100606500,8660,8490,8490,-170,-1.96,8660,0,0,8490,8490,1400-1-23,2021-04-12
741,سپرمي,پرميت‌,2,1484,13370840,8921,9010,9010,89,1,8921,0,0,9010,9010,1400-1-23,2021-04-12
742,اراد674,مرابحه عام دولت67-ش.خ0310,2,4000000,3735884000000,1000000,934092,933850,-66150,-6.62,933971,-66029,-6.6,933850,934092,1400-1-23,2021-04-12
743,اراد644,مرابحه عام دولتي64-ش.خ0111,2,31820000,29803200670000,944500,935237,938000,-6500,-0.69,936618,-7882,-0.83,935237,938000,1400-1-23,2021-04-12
744,سبهان,سيمان‌ بهبهان‌,2,317,44186630,142230,139390,139390,-2840,-2,142230,0,0,139390,139390,1400-1-23,2021-04-12
745,اراد594,مرابحه عام دولتي5-ش.خ 0309,2,16000000,14958640000000,1000000,934980,934850,-65150,-6.52,934915,-65085,-6.51,934850,934980,1400-1-23,2021-04-12
746,آ س پ,آ.س.پ,2,784,12400528,16139,15817,15817,-322,-2,16139,0,0,15817,15817,1400-1-23,2021-04-12
747,ضچاد2005,اختيارخ كچاد-24000-1400/02/05,2,2,1457000,700,257,1200,500,71.43,728,28,4,257,1200,1400-1-23,2021-04-12
748,اخزا8114,اسنادخزانه-م11بودجه98-001013,2,1242000,1081532979000,870646,870953,870646,0,0,870799,153,0.02,870646,870953,1400-1-23,2021-04-12
749,ضشنا2006,اختيارخ شپنا-20000-1400/02/27,2,12,1500000,162,51,199,37,22.84,125,-37,-22.84,51,199,1400-1-23,2021-04-12
750,ولغدر,ليزينگ‌خودروغدير,2,776,18709360,24600,24110,24110,-490,-1.99,24600,0,0,24110,24110,1400-1-23,2021-04-12
751,اخزا7224,اسنادخزانه-م22بودجه97-000428,2,258000,244793092000,950000,948418,950000,0,0,948810,-1190,-0.13,948418,950000,1400-1-23,2021-04-12
752,قزوين,كارخانجات‌ قند قزوين‌,2,10130,393145300,39600,38810,38810,-790,-1.99,39590,-10,-0.03,38810,38810,1400-1-23,2021-04-12
753,اخزا8044,اسنادخزانه-م4بودجه98-000421,2,574000,546406959000,950505,953352,950505,0,0,951928,1423,0.15,950505,953352,1400-1-23,2021-04-12
754,اراد494,مرابحه عام دولت4-ش.خ 0206,2,21424000,19920303000000,990000,924625,935000,-55000,-5.56,929812,-60188,-6.08,924625,935000,1400-1-23,2021-04-12
755,ضفلا3005,اختيارخ فولاد-9986-1400/03/19,2,2,1170000,555,590,580,25,4.5,585,30,5.41,580,590,1400-1-23,2021-04-12
756,قهكمت,قندهكمتان‌,2,8115,366879150,46130,45210,45210,-920,-1.99,46120,-10,-0.02,45210,45210,1400-1-23,2021-04-12
757,اخزا8084,اسنادخزانه-م8بودجه98-000817,2,1234000,1103254615000,893636,894459,893636,0,0,894047,411,0.05,893636,894459,1400-1-23,2021-04-12
758,حسير,ريل سير كوثر,2,697,11885941,17401,17053,17053,-348,-2,17401,0,0,17053,17053,1400-1-23,2021-04-12
759,حپارسا,توسعه حمل و نقل ريلي پارسيان,2,291,10047066,35230,34526,34526,-704,-2,35230,0,0,34526,34526,1400-1-23,2021-04-12
760,ضترا3001,اختيارخ شتران-7000-1400/03/09,2,20,54000000,3555,2700,2700,-855,-24.05,2700,-855,-24.05,2700,2700,1400-1-23,2021-04-12
761,غدام,خوراك‌  دام‌ پارس‌,2,32,12377280,394680,386790,386790,-7890,-2,394680,0,0,386790,386790,1400-1-23,2021-04-12
762,پست0008پ08,پسته فندقي32-30مه ولات0008(پ),2,8,12320000,1504176,1540000,1540000,35824,2.38,1540000,35824,2.38,1540000,1540000,1400-1-23,2021-04-12
763,تملي712,تسهيلات مسكن ب. ملي-اسفند97,2,37,22676893,583704,612889,612889,29185,5,612889,29185,5,612889,612889,1400-1-23,2021-04-12
764,قنقش,قند نقش جهان,2,1541,112180177,74282,72797,72797,-1485,-2,74265,-17,-0.02,72797,72797,1400-1-23,2021-04-12
765,اخزا8124,اسنادخزانه-م12بودجه98-001111,2,1198000,1030571713000,860000,860487,860000,0,0,860243,243,0.03,860000,860487,1400-1-23,2021-04-12
766,خپويش,سازه‌ پويش‌,2,282,16674660,60330,59130,59130,-1200,-1.99,60330,0,0,59130,59130,1400-1-23,2021-04-12
767,زمگسا,كشاورزي‌ ودامپروي‌ مگسال‌,2,480,15292800,32510,31860,31860,-650,-2,32510,0,0,31860,31860,1400-1-23,2021-04-12
768,اخزا7164,اسنادخزانه-م16بودجه97-000407,2,774000,745125930000,963258,962132,963258,0,0,962695,-563,-0.06,962132,963258,1400-1-23,2021-04-12
769,غمينو,شركت صنايع غذايي مينو شرق,2,1000,11209000,11437,11209,11209,-228,-1.99,11437,0,0,11209,11209,1400-1-23,2021-04-12
770,سصفها,سيمان‌اصفهان‌,2,90,11277900,127860,125310,125310,-2550,-1.99,127860,0,0,125310,125310,1400-1-23,2021-04-12
771,وسخراج,شركت س استان خراسان جنوبي,2,12550,27359000,2220,2180,2180,-40,-1.8,2220,0,0,2180,2180,1400-1-23,2021-04-12
772,ضشنا2005,اختيارخ شپنا-18000-1400/02/27,2,10,1945000,117,89,300,183,156.41,194,77,65.81,89,300,1400-1-23,2021-04-12
773,اخزا820,اسنادخزانه-م20بودجه98-020806,2,25010,15289764990,613327,611345,613999,672,0.11,611346,-1981,-0.32,611345,613999,1400-1-23,2021-04-12
774,اراد474,مرابحه عام دولت4-ش.خ 0008,2,8874000,8703792243000,960000,982958,978681,18681,1.95,980819,20819,2.17,978681,982958,1400-1-23,2021-04-12
775,اشاد1,مشاركت دولتي1-شرايط خاص001026,2,200,198000000,999987,990000,990000,-9987,-1,990000,-9987,-1,990000,990000,1400-1-23,2021-04-12
776,اراد554,مرابحه عام دولت5-ش.خ 0209,2,21527700,18444089370500,970000,850053,863485,-106515,-10.98,856761,-113239,-11.67,850053,863485,1400-1-23,2021-04-12
777,اراد374,مرابحه عام دولت3-ش.خ 0005,2,2000000,1971315000000,1000000,985948,985367,-14633,-1.46,985657,-14343,-1.43,985367,985948,1400-1-23,2021-04-12
778,اراد704,مرابحه عام دولت70-ش.خ0112,2,34228000,31981684816000,943750,931744,937000,-6750,-0.72,934372,-9378,-0.99,931744,937000,1400-1-23,2021-04-12
779,ارفع2,شركت آهن و فولاد ارفع,1,3500000,50694000000,14456,14484,14484,28,0.19,14484,28,0.19,14484,14484,1400-1-23,2021-04-12
780,آرماني,ص.س.جسورانه فناوري آرماني,1,1000,1210000000,1100000,1210000,1210000,110000,10,1210000,110000,10,1210000,1210000,1400-1-23,2021-04-12
781,طخود2006,اختيارف خودرو-2500-1400/02/08,1,10,1900000,195,190,190,-5,-2.56,190,-5,-2.56,190,190,1400-1-23,2021-04-12
782,وساربيل,شركت س استان اردبيل,1,10000,12600000,1280,1260,1260,-20,-1.56,1280,0,0,1260,1260,1400-1-23,2021-04-12
783,ثشرق,سرمايه گذاري مسكن شمال شرق,1,1473,9957480,6890,6760,6760,-130,-1.89,6890,0,0,6760,6760,1400-1-23,2021-04-12
784,ولساپا2,ليزينگ رايان‌ سايپا,1,30000000,101700000000,3450,3390,3390,-60,-1.74,3390,-60,-1.74,3390,3390,1400-1-23,2021-04-12
785,وغدير4,سرمايه‌گذاري‌غدير(هلدينگ‌,1,21800000,232388000000,10870,10660,10660,-210,-1.93,10660,-210,-1.93,10660,10660,1400-1-23,2021-04-12
786,وملت,سرمايه گذاري ملت,1,4777,20674856,4416,4328,4328,-88,-1.99,4416,0,0,4328,4328,1400-1-23,2021-04-12
787,وپسا,س. پتروشيمي ساختمان  خليج فارس,1,2000,5896000,3008,2948,2948,-60,-1.99,3008,0,0,2948,2948,1400-1-23,2021-04-12
788,سفارود,كارخانه فارسيت درود,1,283,5026080,18122,17760,17760,-362,-2,18122,0,0,17760,17760,1400-1-23,2021-04-12
789,آسام2,صندوق س.آرمان سپهر آشنا-م,1,100000,100000,103908,1,1,-103907,-100,1,-103907,-100,1,1,1400-1-23,2021-04-12
790,زماهان,مجتمع توليد گوشت مرغ ماهان,1,250,5048250,20605,20193,20193,-412,-2,20605,0,0,20193,20193,1400-1-23,2021-04-12
791,وايران,ليزينگ ايرانيان,1,500,6165000,12580,12330,12330,-250,-1.99,12580,0,0,12330,12330,1400-1-23,2021-04-12
792,ضفلا3002,اختيارخ فولاد-6420-1400/03/19,1,50,180000000,3750,3600,3600,-150,-4,3600,-150,-4,3600,3600,1400-1-23,2021-04-12
793,تملي710,تسهيلات مسكن ب. ملي-دي97,1,9,5284530,587178,587170,587170,-8,0,587170,-8,0,587170,587170,1400-1-23,2021-04-12
794,ضجار2001,اختيارخ وتجارت-2000-1400/02/22,1,1,500000,560,500,500,-60,-10.71,500,-60,-10.71,500,500,1400-1-23,2021-04-12
795,فولاي,صنايع فولاد آلياژي يزد,1,300,15039900,51156,50133,50133,-1023,-2,51156,0,0,50133,50133,1400-1-23,2021-04-12
796,ثقزوي,شركت عمران و سازندگي قزوين,1,197,6149552,31853,31216,31216,-637,-2,31853,0,0,31216,31216,1400-1-23,2021-04-12
797,زنجان,صنايع كشاورزي وكود زنجان,1,560,5139680,9365,9178,9178,-187,-2,9365,0,0,9178,9178,1400-1-23,2021-04-12
798,فخوز2,فولاد  خوزستان,1,3500000,48825000000,13860,13950,13950,90,0.65,13950,90,0.65,13950,13950,1400-1-23,2021-04-12
799,ضچاد2000,اختيارخ كچاد-12000-1400/02/05,1,3,29400000,12500,9800,9800,-2700,-21.6,9800,-2700,-21.6,9800,9800,1400-1-23,2021-04-12
800,اخزا7204,اسنادخزانه-م20بودجه97-000324,1,710000,687106760000,969951,967756,967756,-2195,-0.23,967756,-2195,-0.23,967756,967756,1400-1-23,2021-04-12
801,ثعمرا,عمران و توسعه شاهد,1,3000,38373000,13052,12791,12791,-261,-2,13052,0,0,12791,12791,1400-1-23,2021-04-12
802,ساروم,سيمان‌اروميه‌,1,4956,198983400,40960,40150,40150,-810,-1.98,40960,0,0,40150,40150,1400-1-23,2021-04-12
803,حپترو,حمل و نقل پتروشيمي( سهامي عام,1,379,20113530,54150,53070,53070,-1080,-1.99,54150,0,0,53070,53070,1400-1-23,2021-04-12
804,وسالت,بانك قرض الحسنه رسالت,1,5046,5757486,1108,1141,1141,33,2.98,1108,0,0,1141,1141,1400-1-23,2021-04-12
805,اراد404,مرابحه عام دولت4-ش.خ 0207,1,7000000,6457178000000,1000000,922454,922454,-77546,-7.75,922454,-77546,-7.75,922454,922454,1400-1-23,2021-04-12
806,افاد53,منفعت دولت5-ش.خاص كاريزما0108,1,100,92400000,880000,924000,924000,44000,5,924000,44000,5,924000,924000,1400-1-23,2021-04-12
807,تملي711,تسهيلات مسكن ب. ملي-بهمن97,1,2,1045000,550000,522500,522500,-27500,-5,522500,-27500,-5,522500,522500,1400-1-23,2021-04-12
808,خنصير,مهندسي‌نصيرماشين‌,1,300,31920000,108570,106400,106400,-2170,-2,108570,0,0,106400,106400,1400-1-23,2021-04-12
809,ضفلا3007,اختيارخ فولاد-12840-1400/03/19,1,5,275000,66,55,55,-11,-16.67,55,-11,-16.67,55,55,1400-1-23,2021-04-12
810,دكيمي,كيميدارو,1,225,6619500,30020,29420,29420,-600,-2,30020,0,0,29420,29420,1400-1-23,2021-04-12
811,ضپنا2004,اختيارخ رمپنا-18000-1400/02/12,1,1,99000,950,99,99,-851,-89.58,99,-851,-89.58,99,99,1400-1-23,2021-04-12
812,خوساز,محورسازان‌ايران‌خودرو,1,666,5234760,8020,7860,7860,-160,-2,8020,0,0,7860,7860,1400-1-23,2021-04-12
813,اراد334,مرابحه عام دولت3-ش.خ 0303,1,5000000,4276840000000,883450,855368,855368,-28082,-3.18,855368,-28082,-3.18,855368,855368,1400-1-23,2021-04-12
814,ضشنا2000,اختيارخ شپنا-9000-1400/02/27,1,13,39910000,3339,3070,3070,-269,-8.06,3070,-269,-8.06,3070,3070,1400-1-23,2021-04-12
815,خچرخش,چرخشگر,1,2000,35840000,18280,17920,17920,-360,-1.97,18280,0,0,17920,17920,1400-1-23,2021-04-12
816,دجابر,داروسازي‌ جابرابن‌حيان‌,1,260,5166200,20270,19870,19870,-400,-1.97,20270,0,0,19870,19870,1400-1-23,2021-04-12
817,ثجوان,تامين مسكن جوانان,1,932,9953760,11124,10680,10680,-444,-3.99,11124,0,0,10680,10680,1400-1-23,2021-04-12
818,تابان04,اجاره تابان سپهر14031126,1,1,1010000,1001207,1010000,1010000,8793,0.88,1010000,8793,0.88,1010000,1010000,1400-1-23,2021-04-12
819,تملي806,تسهيلات مسكن ب. ملي-شهريور98,1,7,5603248,842593,800464,800464,-42129,-5,800464,-42129,-5,800464,800464,1400-1-23,2021-04-12
820,كسعدي,كاشي‌ سعدي‌,1,395,8275250,21370,20950,20950,-420,-1.97,21370,0,0,20950,20950,1400-1-23,2021-04-12
821,ركيش,كارت اعتباري ايران كيش,1,500,12035000,24560,24070,24070,-490,-2,24560,0,0,24070,24070,1400-1-23,2021-04-12
822,صنفت0312,صكوك منفعت نفت0312-6ماهه 18/5%,1,22,21780000,1000000,990000,990000,-10000,-1,990000,-10000,-1,990000,990000,1400-1-23,2021-04-12
823,داراب,پتروشيمي داراب,1,9750,22941750,2451,2353,2353,-98,-4,2451,0,0,2353,2353,1400-1-23,2021-04-12
824,صينا205,صكوك منفعت سينا دارو-3ماهه 19%,1,10,10000000,1000000,1000000,1000000,0,0,1000000,0,0,1000000,1000000,1400-1-23,2021-04-12
825,ضپيك2010,اختيارخ تاپيكو-12000-00/02/19,1,5,3250000,754,650,650,-104,-13.79,650,-104,-13.79,650,650,1400-1-23,2021-04-12
826,چافست,افست‌,1,310,5043700,16600,16270,16270,-330,-1.99,16600,0,0,16270,16270,1400-1-23,2021-04-12
827,اروند03,منفعت صبا اروند تمدن14001113,1,1000,987000000,975000,987000,987000,12000,1.23,987000,12000,1.23,987000,987000,1400-1-23,2021-04-12
828,سفار,سيمان‌فارس‌,1,40,6063600,154680,151590,151590,-3090,-2,154680,0,0,151590,151590,1400-1-23,2021-04-12
829,كچاد2,معدني‌وصنعتي‌چادرملو,1,2200000,50270000000,22700,22850,22850,150,0.66,22850,150,0.66,22850,22850,1400-1-23,2021-04-12
830,گكيش,توريستي ورفاهي آبادگران كيش,1,105,5038320,48963,47984,47984,-979,-2,48963,0,0,47984,47984,1400-1-23,2021-04-12
831,ثنظام,س. ساختماني نظام مهندسي ايران,1,299,13939081,47570,46619,46619,-951,-2,47569,-1,0,46619,46619,1400-1-23,2021-04-12
832,سفاسي,شركت فارسيت اهواز,1,400,5657600,14432,14144,14144,-288,-2,14432,0,0,14144,14144,1400-1-23,2021-04-12
833,اراد11,مرابحه عام دولت1-ش.خ لوتوس0206,1,5000,4850000000,955000,970000,970000,15000,1.57,970000,15000,1.57,970000,970000,1400-1-23,2021-04-12
834,سنوين,سرمايه گذاري اقتصاد نوين,1,600,5465400,9294,9109,9109,-185,-1.99,9294,0,0,9109,9109,1400-1-23,2021-04-12
835,مبين012,اجاره اعتماد مبين تمدن010710,1,1000,986000000,972000,986000,986000,14000,1.44,986000,14000,1.44,986000,986000,1400-1-23,2021-04-12
836,ضغدر3002,اختيارخ وغدير-8200-1400/03/26,1,2,6300000,2929,3150,3150,221,7.55,3150,221,7.55,3150,3150,1400-1-23,2021-04-12
837,وثخوز,سرمايه گذاري و توسعه خوزستان,1,75,5036025,70681,67147,67147,-3534,-5,70680,-1,0,67147,67147,1400-1-23,2021-04-12
838,وسفارس,شركت س استان فارس,1,10000,10100000,1030,1010,1010,-20,-1.94,1030,0,0,1010,1010,1400-1-23,2021-04-12
839,اراد65,مرابحه عام دولتي65-ش.خ0210,1,5300,4982000000,960000,940000,940000,-20000,-2.08,940000,-20000,-2.08,940000,940000,1400-1-23,2021-04-12
840,غبهار,كشت وصنعت بهاران گلبهار خراسان,1,150,5026650,34194,33511,33511,-683,-2,34194,0,0,33511,33511,1400-1-23,2021-04-12
841,بشهاب,لامپ‌  پارس‌ شهاب‌,1,1500,219480000,149300,146320,146320,-2980,-2,149290,-10,-0.01,146320,146320,1400-1-23,2021-04-12
842,اروند09,منفعت صبا اروند نوين 14001222,1,20000,18562000000,918418,928100,928100,9682,1.05,928100,9682,1.05,928100,928100,1400-1-23,2021-04-12
843,ثامان,سامان‌ گستراصفهان‌,1,205,4805200,23910,23440,23440,-470,-1.97,23910,0,0,23440,23440,1400-1-23,2021-04-12
844,تشتاد,صنايع توليدي اشتاد ايران‌,1,6266,96427474,15703,15389,15389,-314,-2,15701,-2,-0.01,15389,15389,1400-1-23,2021-04-12
845,كيش1402,اجاره س. و توسعه كيش14020820,1,20,20400000,1000000,1020000,1020000,20000,2,1020000,20000,2,1020000,1020000,1400-1-23,2021-04-12
846,فولاد2,فولاد مباركه اصفهان,1,1700000,20638000000,12230,12140,12140,-90,-0.74,12140,-90,-0.74,12140,12140,1400-1-23,2021-04-12
847,شخارك2,پتروشيمي‌ خارك‌,1,1000000,45010000000,45230,45010,45010,-220,-0.49,45010,-220,-0.49,45010,45010,1400-1-23,2021-04-12
848,سدبير,س. تدبيرگران فارس وخوزستان,1,58,5083874,89441,87653,87653,-1788,-2,89441,0,0,87653,87653,1400-1-23,2021-04-12
849,افران2,صندوق س افرا نماد پايدار-ثابت,1,1600000,1600000,13064,1,1,-13063,-99.99,1,-13063,-99.99,1,1,1400-1-23,2021-04-12
850,ضترا3003,اختيارخ شتران-9000-1400/03/09,1,6,9180000,1400,1530,1530,130,9.29,1530,130,9.29,1530,1530,1400-1-23,2021-04-12
851,ضمخا7067,اختيارخ اخابر-13700-1400/07/28,1,1,1001000,1001,1001,1001,0,0,1001,0,0,1001,1001,1400-1-23,2021-04-12
852,ثاباد,توريستي ورفاهي آبادگران ايران,1,100,5378000,54870,53780,53780,-1090,-1.99,54870,0,0,53780,53780,1400-1-23,2021-04-12
853,وسيلام,شركت س استان ايلام,1,10000,12200000,1240,1220,1220,-20,-1.61,1240,0,0,1220,1220,1400-1-23,2021-04-12
854,فنفت,صنايع تجهيزات نفت,1,250,8202500,33479,32810,32810,-669,-2,33479,0,0,32810,32810,1400-1-23,2021-04-12
855,فايرا2,آلومينيوم‌ايران‌,1,10000000,170700000000,17070,17070,17070,0,0,17070,0,0,17070,17070,1400-1-23,2021-04-12
856,وسكرشا,س.سهام عدالت استان كرمانشاه,1,10000,12400000,1260,1240,1240,-20,-1.59,1260,0,0,1240,1240,1400-1-23,2021-04-12
857,تملي707,تسهيلات مسكن ب. ملي-مهر97,1,7,4955433,745177,707919,707919,-37258,-5,707919,-37258,-5,707919,707919,1400-1-23,2021-04-12
858,سلار,شركت سيمان لارستان,1,236,13885060,60035,58835,58835,-1200,-2,60034,-1,0,58835,58835,1400-1-23,2021-04-12
859,ضملي3004,اختيارخ فملي-14000-1400/03/02,1,1,400000,312,400,400,88,28.21,400,88,28.21,400,400,1400-1-23,2021-04-12
860,ضخوز2013,اختيارخ فخوز-12000-1400/02/15,1,20,52000000,5000,2600,2600,-2400,-48,2600,-2400,-48,2600,2600,1400-1-23,2021-04-12
861,دارو2,كارخانجات‌داروپخش‌,1,3000000,100080000000,34040,33360,33360,-680,-2,33360,-680,-2,33360,33360,1400-1-23,2021-04-12
862,ثتوسا,س.توسعه و عمران استان اردبيل,1,214,8402924,40067,39266,39266,-801,-2,40067,0,0,39266,39266,1400-1-23,2021-04-12
863,اخزا721,اسنادخزانه-م21بودجه97-000728,1,810,732250530,903341,904013,904013,672,0.07,904013,672,0.07,904013,904013,1400-1-23,2021-04-12
864,تملي805,تسهيلات مسكن ب. ملي-مرداد98,1,8,4781008,629079,597626,597626,-31453,-5,597626,-31453,-5,597626,597626,1400-1-23,2021-04-12
865,لازما,كارخانه هاي صنعتي آزمايش,1,150,5052000,34367,33680,33680,-687,-2,34367,0,0,33680,33680,1400-1-23,2021-04-12
866,مبين011,اجاره اعتماد مبين لوتوس010710,1,280,269080000,961000,961000,961000,0,0,961000,0,0,961000,961000,1400-1-23,2021-04-12
867,ضپنا2006,اختيارخ رمپنا-24000-1400/02/12,1,1,55000,82,55,55,-27,-32.93,55,-27,-32.93,55,55,1400-1-23,2021-04-12
868,كباده,توليد خاك نسوزاستقلال آباده,1,133,1217216,8717,9152,9152,435,4.99,8717,0,0,9152,9152,1400-1-23,2021-04-12
869,صگل1411,ص اجاره گل گهر 1411-3 ماهه 17%,1,100,97000000,965000,970000,970000,5000,0.52,970000,5000,0.52,970000,970000,1400-1-23,2021-04-12
870,اخزا8214,اسنادخزانه-م21بودجه98-020906,1,8291575,5000002139650,603023,603022,603022,-1,0,603022,-1,0,603022,603022,1400-1-23,2021-04-12
871,افرا,افرانت,1,150,5044800,34318,33632,33632,-686,-2,34318,0,0,33632,33632,1400-1-23,2021-04-12
872,تملي807,تسهيلات مسكن ب. ملي-مهر98,1,10,6301190,663283,630119,630119,-33164,-5,630119,-33164,-5,630119,630119,1400-1-23,2021-04-12
873,تملي703,تسهيلات مسكن ب. ملي-خرداد97,1,16,8000000,508647,500000,500000,-8647,-1.7,500000,-8647,-1.7,500000,500000,1400-1-23,2021-04-12
874,ونچر,ص.ج.فيروزه40%تاديه,1,1000,124000000,122511,124000,124000,1489,1.22,124000,1489,1.22,124000,124000,1400-1-23,2021-04-12
875,كگل2,معدني و صنعتي گل گهر,1,3450000,49990500000,14630,14490,14490,-140,-0.96,14490,-140,-0.96,14490,14490,1400-1-23,2021-04-12
876,كپشير,پشم‌شيشه‌ايران‌,1,129,5054220,39970,39180,39180,-790,-1.98,39970,0,0,39180,39180,1400-1-23,2021-04-12
