,نماد,نام,تعداد,حجم,ارزش,دیروز,اولین,آخرین معامله - مقدار,آخرین معامله - تغییر,آخرین معامله - درصد,قیمت پایانی - مقدار,قیمت پایانی - تغییر,قیمت پایانی - درصد,کمترین,بیشترین,تاریخ,gregorian_date
0,دارا يكم,صندوق واسطه گري مالي يكم-سهام,31458,30725736,4175993862790,138160,135510,135470,-2690,-1.95,135910,-2250,-1.63,133000,139010,1400-2-12,2021-05-02
1,وبملت,بانك ملت,17752,491265655,2264635342054,4500,4600,4535,35,0.78,4610,110,2.44,4470,4740,1400-2-12,2021-05-02
2,وسپهر,سرمايه گذاري مالي سپهرصادرات,17702,55265447,557212430339,10098,9820,10101,3,0.03,10082,-16,-0.16,9796,10101,1400-2-12,2021-05-02
3,پالايش,صندوق پالايشي يكم-سهام,15445,19794092,1389609849280,73010,70500,70090,-2920,-4,70200,-2810,-3.85,70090,70800,1400-2-12,2021-05-02
4,وتجارت,بانك تجارت,10898,417413089,1069627281964,2620,2550,2550,-70,-2.67,2563,-57,-2.18,2550,2660,1400-2-12,2021-05-02
5,كارين2,صندوق س نگين سامان-ثابت,10000,100000000,100000000,10063,1,1,-10062,-99.99,1,-10062,-99.99,1,1,1400-2-12,2021-05-02
6,اپال,فرآوري معدني اپال كاني پارس,8335,5565735,94651750020,17010,17000,17060,50,0.29,17010,0,0,16860,17100,1400-2-12,2021-05-02
7,وبصادر,بانك صادرات ايران,7339,262839882,592957328340,2300,2240,2240,-60,-2.61,2256,-44,-1.91,2240,2349,1400-2-12,2021-05-02
8,شستا,سرمايه گذاري تامين اجتماعي,7206,44203443,486786988970,11350,11010,11010,-340,-3,11010,-340,-3,11010,11190,1400-2-12,2021-05-02
9,ثاميد,توسعه و عمران اميد,5884,50350412,73101716206,1490,1450,1450,-40,-2.68,1452,-38,-2.55,1450,1479,1400-2-12,2021-05-02
10,امينح,ح . تامين سرمايه امين,4827,7050806,33824427340,5090,4800,4790,-300,-5.89,4800,-290,-5.7,4790,4920,1400-2-12,2021-05-02
11,وپاسار,بانك  پاسارگاد,4757,29781678,445488683690,14610,14960,15000,390,2.67,14960,350,2.4,14890,15070,1400-2-12,2021-05-02
12,كرمان,س. توسعه و عمران استان كرمان,4696,180402072,222998506716,1268,1251,1230,-38,-3,1236,-32,-2.52,1230,1270,1400-2-12,2021-05-02
13,امين,تامين سرمايه امين,4150,3648998,25519265700,7020,6990,7020,0,0,7010,-10,-0.14,6990,7020,1400-2-12,2021-05-02
14,بوعلي,پتروشيمي بوعلي سينا,4058,2261774,96065436450,43000,41760,42150,-850,-1.98,42470,-530,-1.23,41710,43000,1400-2-12,2021-05-02
15,كمند,صندوق س. با درآمد ثابت كمند,3642,133969735,1360343823844,10149,10154,10155,6,0.06,10154,5,0.05,10153,10156,1400-2-12,2021-05-02
16,آريا,پليمر آريا ساسول,3579,1160620,100406471474,87540,86190,87130,-410,-0.47,86511,-1029,-1.18,85000,87700,1400-2-12,2021-05-02
17,وكبهمن,مديريت سرمايه گذاري كوثربهمن,3316,2077197,21391555652,10607,10317,10289,-318,-3,10471,-136,-1.28,10289,10380,1400-2-12,2021-05-02
18,وپارس,بانك‌پارسيان‌,3132,118482484,287936940556,2480,2410,2420,-60,-2.42,2430,-50,-2.02,2410,2500,1400-2-12,2021-05-02
19,بگيلان,توسعه مسير برق گيلان,3081,782595,15793960922,20362,20231,20007,-355,-1.74,20304,-58,-0.28,19802,20600,1400-2-12,2021-05-02
20,امين يكم,صندوق درآمد ثابت امين يكم فردا,2991,94655969,955591247489,10093,10099,10094,1,0.01,10095,2,0.02,10093,10099,1400-2-12,2021-05-02
21,سيتا,سرمايه گذاري سيمان تامين,2980,5244599,78672087650,15000,15000,15000,0,0,15000,0,0,15000,15010,1400-2-12,2021-05-02
22,بپيوند,برق و انرژي پيوندگستر پارس,2974,2928399,33273048704,11687,11337,11337,-350,-2.99,11460,-227,-1.94,11337,11600,1400-2-12,2021-05-02
23,بركت,گروه دارويي بركت,2939,8533566,259337471920,31320,30390,30390,-930,-2.97,30390,-930,-2.97,30390,30600,1400-2-12,2021-05-02
24,شگويا,پتروشيمي تندگويان,2606,20243200,169767161147,8642,8383,8383,-259,-3,8386,-256,-2.96,8383,8560,1400-2-12,2021-05-02
25,ومعادنح,ح . توسعه‌معادن‌وفلزات‌,2388,11729027,58861782970,14000,5000,5020,-8980,-64.14,5020,-8980,-64.14,4910,5140,1400-2-12,2021-05-02
26,ونوين,بانك‌اقتصادنوين‌,2288,28733730,125855804400,4360,4330,4358,-2,-0.05,4380,20,0.46,4240,4500,1400-2-12,2021-05-02
27,ولانا,شركت ليزينگ آريا دانا,1974,2503207,103340022572,41177,41755,41032,-145,-0.35,41283,106,0.26,40354,42400,1400-2-12,2021-05-02
28,درازك,دارويي‌ رازك‌,1929,2036867,64712368210,31160,32900,31220,60,0.19,31770,610,1.96,31200,32920,1400-2-12,2021-05-02
29,تملت,تامين سرمايه بانك ملت,1920,12603182,61845873524,4930,4931,5020,90,1.83,4907,-23,-0.47,4790,5160,1400-2-12,2021-05-02
30,وغدير,سرمايه‌گذاري‌غدير(هلدينگ‌,1909,20030005,195638720990,10060,9760,9790,-270,-2.68,9770,-290,-2.88,9760,9890,1400-2-12,2021-05-02
31,نوري,پتروشيمي نوري,1852,1920066,108880684090,58290,58080,56700,-1590,-2.73,56710,-1580,-2.71,56550,58080,1400-2-12,2021-05-02
32,فملي,ملي‌ صنايع‌ مس‌ ايران‌,1813,13213038,152878427430,11920,11570,11570,-350,-2.94,11570,-350,-2.94,11570,11600,1400-2-12,2021-05-02
33,ثمسكن,سرمايه‌گذاري‌ مسكن‌,1790,33024716,169393162043,4930,4790,5219,289,5.86,5129,199,4.04,4790,5220,1400-2-12,2021-05-02
34,تسه0001,امتيازتسهيلات مسكن فروردين1400,1714,31264,16621736836,520406,517000,523100,2694,0.52,531657,11251,2.16,517000,546426,1400-2-12,2021-05-02
35,وساپا,سرمايه‌گذاري‌ سايپا,1589,25361456,112274053673,4550,4420,4430,-120,-2.64,4427,-123,-2.7,4420,4520,1400-2-12,2021-05-02
36,اعتماد,صندوق س.اعتماد آفرين پارسيان-د,1553,27470950,994289530140,36178,36196,36195,17,0.05,36194,16,0.04,36193,36198,1400-2-12,2021-05-02
37,وخارزمح,ح.سرمايه گذاري خوارزمي,1549,9403697,28157462781,3180,2990,3000,-180,-5.66,2994,-186,-5.85,2990,3090,1400-2-12,2021-05-02
38,كيان,صندوق س. با درآمد ثابت كيان,1493,14486342,409145039770,28226,28245,28245,19,0.07,28244,18,0.06,28242,28246,1400-2-12,2021-05-02
39,وسكرد,شركت س استان كردستان,1472,101259638,71894342980,730,710,710,-20,-2.74,710,-20,-2.74,710,710,1400-2-12,2021-05-02
40,دماوند,توليد نيروي برق دماوند,1456,2740869,70213434105,25382,25680,25600,218,0.86,25617,235,0.93,24625,25690,1400-2-12,2021-05-02
41,پترول,گ.س.وت.ص.پتروشيمي خليج فارس,1431,7813335,64096253420,8450,8210,8200,-250,-2.96,8260,-190,-2.25,8200,8320,1400-2-12,2021-05-02
42,خبهمن,گروه‌بهمن‌,1388,61502834,88813716639,1480,1450,1440,-40,-2.7,1444,-36,-2.43,1440,1460,1400-2-12,2021-05-02
43,وساخت,سرمايه‌ گذاري‌ ساختمان‌ايران‌,1377,2843551,128708422040,43340,42040,45940,2600,6,45260,1920,4.43,42040,45940,1400-2-12,2021-05-02
44,صبا,سرمايه گذاري صبا تامين,1370,5546302,41167458123,7639,7460,7412,-227,-2.97,7563,-76,-0.99,7410,7511,1400-2-12,2021-05-02
45,تاپيكو,س. نفت و گاز و پتروشيمي تأمين,1327,15970210,164669728580,10620,10310,10310,-310,-2.92,10310,-310,-2.92,10310,10390,1400-2-12,2021-05-02
46,كچاد,معدني‌وصنعتي‌چادرملو,1180,6591209,136750073550,21340,20720,20700,-640,-3,20750,-590,-2.76,20700,21210,1400-2-12,2021-05-02
47,فخوز,فولاد  خوزستان,1150,10977963,158873505300,14910,14470,14470,-440,-2.95,14470,-440,-2.95,14470,14790,1400-2-12,2021-05-02
48,ورازي,بيمه رازي,1080,10305022,90873594484,9081,9300,8627,-454,-5,8818,-263,-2.9,8627,9300,1400-2-12,2021-05-02
49,تسه9912,امتياز تسهيلات مسكن اسفند99,1076,20544,11152888747,536460,548000,542000,5540,1.03,542878,6418,1.2,520222,548000,1400-2-12,2021-05-02
50,خودرو,ايران‌ خودرو,1035,19594911,39973618440,2100,2040,2040,-60,-2.86,2079,-21,-1,2040,2040,1400-2-12,2021-05-02
51,وپخش,داروپخش‌ (هلدينگ‌,991,898928,87427199400,94470,91640,100130,5660,5.99,97260,2790,2.95,91640,100130,1400-2-12,2021-05-02
52,ساراب,سيمان‌ داراب‌,991,4262990,81866882090,19790,19200,19200,-590,-2.98,19200,-590,-2.98,19200,19700,1400-2-12,2021-05-02
53,وتوس,توسعه‌شهري‌توس‌گستر,985,4218274,55736739780,13130,13180,13160,30,0.23,13210,80,0.61,13150,13490,1400-2-12,2021-05-02
54,سرو,صندوق س سروسودمند مدبران-سهام,981,1215623,75807684370,63490,62900,62450,-1040,-1.64,62360,-1130,-1.78,61980,62930,1400-2-12,2021-05-02
55,آوا,صندوق س.سهام آواي معيار-س,980,18727949,120989899782,6462,6460,6470,8,0.12,6460,-2,-0.03,6460,6479,1400-2-12,2021-05-02
56,زاگرس,پتروشيمي زاگرس,956,1401590,275331594957,202473,196399,196399,-6074,-3,196442,-6031,-2.98,196399,199500,1400-2-12,2021-05-02
57,غگيلا,شيرپاستوريزه پگاه گيلان,922,18926,466469122,23252,24647,24647,1395,6,23264,12,0.05,24647,24647,1400-2-12,2021-05-02
58,بجهرم,توسعه مولد نيروگاهي جهرم,913,13356101,30819332232,2376,2313,2305,-71,-2.99,2331,-45,-1.89,2305,2349,1400-2-12,2021-05-02
59,آگاس,صندوق س.هستي بخش آگاه-س,905,991719,62543253062,64392,63663,63100,-1292,-2.01,63065,-1327,-2.06,62700,63830,1400-2-12,2021-05-02
60,سمتاز,سيمان ممتازان كرمان,854,1765224,41652686950,23743,24390,23269,-474,-2,23596,-147,-0.62,23269,24450,1400-2-12,2021-05-02
61,خديزل,بهمن  ديزل,844,605063,24850382438,39922,41000,40965,1043,2.61,40451,529,1.33,40520,41900,1400-2-12,2021-05-02
62,سمازن,سيمان‌مازندران‌,806,7061959,84136380870,12240,11880,11880,-360,-2.94,11910,-330,-2.7,11880,12390,1400-2-12,2021-05-02
63,طلا,صندوق س.پشتوانه طلاي لوتوس,789,293949,19608104389,68619,67000,66649,-1970,-2.87,66706,-1913,-2.79,66450,67003,1400-2-12,2021-05-02
64,ومهان,گروه توسعه مالي مهر آيندگان,789,2105794,26392887452,12904,12521,12517,-387,-3,12709,-195,-1.51,12517,12800,1400-2-12,2021-05-02
65,كگل,معدني و صنعتي گل گهر,783,5664196,76918686980,13970,13560,13560,-410,-2.93,13710,-260,-1.86,13560,13840,1400-2-12,2021-05-02
66,البرز,بيمه البرز,781,9954288,34920248858,3580,3540,3489,-91,-2.54,3529,-51,-1.42,3481,3560,1400-2-12,2021-05-02
67,فولاد,فولاد مباركه اصفهان,719,8784390,105851899500,12420,12050,12050,-370,-2.98,12070,-350,-2.82,12050,12050,1400-2-12,2021-05-02
68,وصنعت,سرمايه گذاري توسعه صنعت وتجارت,684,10834995,62532971180,5940,5770,5780,-160,-2.69,5770,-170,-2.86,5770,5890,1400-2-12,2021-05-02
69,خساپا,سايپا,677,11737490,22770730600,1990,1940,1940,-50,-2.51,1980,-10,-0.5,1940,1940,1400-2-12,2021-05-02
70,افق,فروشگاههاي زنجيره اي افق كوروش,662,1706052,117747643270,70710,70010,68590,-2120,-3,69020,-1690,-2.39,68590,71190,1400-2-12,2021-05-02
71,شپنا,پالايش نفت اصفهان,653,4294798,44494107280,10680,10360,10360,-320,-3,10560,-120,-1.12,10360,10360,1400-2-12,2021-05-02
72,جم پيلن,پلي پروپيلن جم - جم پيلن,649,794317,63876205840,81090,81870,80010,-1080,-1.33,80420,-670,-0.83,78710,83000,1400-2-12,2021-05-02
73,تيپيكو,سرمايه گذاري دارويي تامين,619,1155320,41105130680,36000,34930,35700,-300,-0.83,35720,-280,-0.78,34920,36900,1400-2-12,2021-05-02
74,شلرد,كود شيميايي اوره لردگان,614,9252919,58456588314,6442,6374,6314,-128,-1.99,6318,-124,-1.92,6314,6375,1400-2-12,2021-05-02
75,سپ,پرداخت الكترونيك سامان كيش,614,952313,20636595200,21290,21450,21900,610,2.87,21440,150,0.7,21000,22140,1400-2-12,2021-05-02
76,دعبيد,لابراتوارداروسازي‌  دكترعبيدي‌,597,1171701,26897561890,23000,22410,23370,370,1.61,22980,-20,-0.09,22310,23460,1400-2-12,2021-05-02
77,كاوه,فولاد كاوه جنوب كيش,569,7963667,163380635140,21140,20570,20510,-630,-2.98,20520,-620,-2.93,20510,20600,1400-2-12,2021-05-02
78,شتران,پالايش نفت تهران,564,5269123,43364882290,8480,8230,8230,-250,-2.95,8390,-90,-1.06,8230,8230,1400-2-12,2021-05-02
79,واحيا,م .صنايع و معادن احياء سپاهان,561,795452,107238745758,134239,131559,136720,2481,1.85,134815,576,0.43,131555,136790,1400-2-12,2021-05-02
80,ماديرا,صنايع ماديران,547,3701347,27942011630,7780,7580,7547,-233,-2.99,7645,-135,-1.74,7547,7600,1400-2-12,2021-05-02
81,كگلح,ح . معدني و صنعتي گل گهر,546,2289806,23739339980,10740,10330,10440,-300,-2.79,10370,-370,-3.45,10130,10700,1400-2-12,2021-05-02
82,شرنگي,شيميايي رنگين,535,226811,56324441232,247949,242991,255387,7438,3,248332,383,0.15,242991,255387,1400-2-12,2021-05-02
83,وسكاب,س.ص.بازنشستگي كاركنان بانكها,521,3807802,18008617606,4840,4713,4814,-26,-0.54,4799,-41,-0.85,4700,4830,1400-2-12,2021-05-02
84,حسينا,توسعه خدمات دريايي وبندري سينا,520,1076720,63767975942,60885,60020,59060,-1825,-3,59224,-1661,-2.73,59059,61780,1400-2-12,2021-05-02
85,شپديس,پتروشيمي پرديس,515,1106277,103480889050,96390,93500,94000,-2390,-2.48,93540,-2850,-2.96,93500,94430,1400-2-12,2021-05-02
86,شبندر,پالايش نفت بندرعباس,506,3338727,69145036170,21350,20710,20710,-640,-3,20960,-390,-1.83,20710,20710,1400-2-12,2021-05-02
87,خكرمان,گروه اقتصادي كرمان خودرو,505,7574169,26489920761,3567,3520,3496,-71,-1.99,3497,-70,-1.96,3496,3521,1400-2-12,2021-05-02
88,شصدف,صنعتي دوده فام,502,26413,861090213,30756,32601,32601,1845,6,30786,30,0.1,32601,32601,1400-2-12,2021-05-02
89,ضسپا3004,اختيارخ خساپا-2500-1400/03/26,496,28726,607560000,31,23,22,-9,-29.03,21,-10,-32.26,18,25,1400-2-12,2021-05-02
90,هرمز,فولاد هرمزگان جنوب,494,2944402,43919771560,15371,14910,14910,-461,-3,15197,-174,-1.13,14910,15079,1400-2-12,2021-05-02
91,آساميد,صندوق س.مشترك آسمان اميد -د,489,25080207,299890193264,11958,11958,11963,5,0.04,11957,-1,-0.01,11957,11963,1400-2-12,2021-05-02
92,پارند,صندوق س. پارند پايدار سپهر,483,15036619,170636244753,11341,11347,11350,9,0.08,11348,7,0.06,11346,11351,1400-2-12,2021-05-02
93,شسپا,نفت سپاهان,475,2180778,31862101760,14850,14620,14590,-260,-1.75,14710,-140,-0.94,14510,14950,1400-2-12,2021-05-02
94,ارزش,صندوق س ارزش آفرين بيدار-سهام,466,3352057,30238153290,9160,9050,9060,-100,-1.09,9020,-140,-1.53,8960,9100,1400-2-12,2021-05-02
95,سكه0012پ01,تمام سكه طرح جديد0012رفاه,464,144500,134597913000,957818,940999,931030,-26788,-2.8,931473,-26345,-2.75,928300,940999,1400-2-12,2021-05-02
96,وخاور,بانك خاورميانه,457,10673092,91211682520,8530,8670,8540,10,0.12,8550,20,0.23,8470,8670,1400-2-12,2021-05-02
97,بپاس,بيمه پاسارگاد,432,784102,69148960184,88196,88196,88190,-6,-0.01,88191,-5,-0.01,88100,88200,1400-2-12,2021-05-02
98,كارين,صندوق س نگين سامان-ثابت,427,18422652,185495444240,10063,10067,10069,6,0.06,10069,6,0.06,10067,10071,1400-2-12,2021-05-02
99,شبهرن,نفت‌ بهران‌,422,2096050,23652912990,11620,11280,11280,-340,-2.93,11470,-150,-1.29,11280,11550,1400-2-12,2021-05-02
100,ضسپا3003,اختيارخ خساپا-2000-1400/03/26,418,18401,1204425000,90,70,64,-26,-28.89,65,-25,-27.78,60,76,1400-2-12,2021-05-02
101,وبانك,سرمايه گذاري گروه توسعه ملي,416,4422044,33794381540,7860,7630,7630,-230,-2.93,7770,-90,-1.15,7630,7790,1400-2-12,2021-05-02
102,قشرين,قند شيرين خراسان,414,2257794,28221551756,12703,12451,12449,-254,-2,12500,-203,-1.6,12449,12800,1400-2-12,2021-05-02
103,آكورد,صندوق س. آرمان آتي كوثر-د,413,8893760,283392251627,31848,31863,31870,22,0.07,31864,16,0.05,31851,31870,1400-2-12,2021-05-02
104,سرچشمه,سرمايه گذاري مس سرچشمه,411,14977038,90493085521,6228,6050,6042,-186,-2.99,6042,-186,-2.99,6042,6110,1400-2-12,2021-05-02
105,افران,صندوق س افرا نماد پايدار-ثابت,410,11365444,150248369480,13208,13215,13221,13,0.1,13220,12,0.09,13215,13222,1400-2-12,2021-05-02
106,وسينا,بانك سينا,399,10250166,28632763775,2870,2790,2790,-80,-2.79,2824,-46,-1.6,2790,2850,1400-2-12,2021-05-02
107,ومعادن,توسعه‌معادن‌وفلزات‌,398,5014891,36709002120,7540,7320,7320,-220,-2.92,7470,-70,-0.93,7320,7320,1400-2-12,2021-05-02
108,پارسان,گسترش نفت و گاز پارسيان,391,6422559,116701749950,18730,18350,18180,-550,-2.94,18170,-560,-2.99,18170,18350,1400-2-12,2021-05-02
109,فايرا,آلومينيوم‌ايران‌,378,3973802,70455641880,18270,17730,17730,-540,-2.96,17730,-540,-2.96,17730,17960,1400-2-12,2021-05-02
110,ميدكو,هلدينگ صنايع  معدني خاورميانه,373,4057618,132951531562,32772,32772,32769,-3,-0.01,32766,-6,-0.02,32763,32800,1400-2-12,2021-05-02
111,مدير,ص.س.مديريت ثروت ص.بازنشستگي-س,369,1268778,10013637018,8007,7871,7890,-117,-1.46,7892,-115,-1.44,7861,8029,1400-2-12,2021-05-02
112,تسه9908,امتياز تسهيلات مسكن آبان99,362,8171,4372591347,533175,545000,530000,-3175,-0.6,535135,1960,0.37,508150,550000,1400-2-12,2021-05-02
113,فردا,صندوق س آواي فرداي زاگرس-ثابت,358,16407168,174129559198,10607,10614,10613,6,0.06,10613,6,0.06,10613,10614,1400-2-12,2021-05-02
114,فنورد,نوردوقطعات‌ فولادي‌,357,249582,37987441370,156900,152200,152200,-4700,-3,153180,-3720,-2.37,152200,153200,1400-2-12,2021-05-02
115,شاراك,پتروشيمي شازند,357,1302368,33253879630,26300,25520,25540,-760,-2.89,25990,-310,-1.18,25520,25780,1400-2-12,2021-05-02
116,ذوب,سهامي ذوب آهن  اصفهان,355,5131061,16465574749,3308,3209,3209,-99,-2.99,3287,-21,-0.63,3209,3209,1400-2-12,2021-05-02
117,فارس,صنايع پتروشيمي خليج فارس,349,6450068,55212582080,8820,8560,8560,-260,-2.95,8690,-130,-1.47,8560,8560,1400-2-12,2021-05-02
118,شفن,پتروشيمي فناوران,349,89953,27761538640,318100,312000,308560,-9540,-3,315380,-2720,-0.86,308560,312000,1400-2-12,2021-05-02
119,تسه9911,امتياز تسهيلات مسكن بهمن99,334,3685,1990066266,532701,531000,506066,-26635,-5,540045,7344,1.38,506066,559336,1400-2-12,2021-05-02
120,كنور,توسعه معدني و صنعتي صبانور,332,430397,20579974130,48220,47040,47300,-920,-1.91,48070,-150,-0.31,47000,48290,1400-2-12,2021-05-02
121,شرانل,نفت ايرانول,317,768719,30523093529,40017,39400,39999,-18,-0.04,39825,-192,-0.48,39100,40000,1400-2-12,2021-05-02
122,عيار,صندوق سكه طلاي مفيد,313,420721,9922331577,24207,24000,23940,-267,-1.1,23584,-623,-2.57,23258,24000,1400-2-12,2021-05-02
123,گوهران,سرمايه گذاري توسعه گوهران اميد,310,773568,5292779372,6994,6800,6850,-144,-2.06,6978,-16,-0.23,6794,7035,1400-2-12,2021-05-02
124,قنيشا,قند  نيشابور,305,1085538,70060622520,66530,64540,64540,-1990,-2.99,64540,-1990,-2.99,64540,64540,1400-2-12,2021-05-02
125,شيران,س. صنايع‌شيميايي‌ايران,302,2062263,43394023970,21690,21050,21040,-650,-3,21340,-350,-1.61,21040,21160,1400-2-12,2021-05-02
126,ارمغان,ص سرمايه گذاري ارمغان ايرانيان,302,11361902,115846977884,10203,10199,10200,-3,-0.03,10196,-7,-0.07,10171,10200,1400-2-12,2021-05-02
127,كرماشا,صنايع پتروشيمي كرمانشاه,301,653280,21933107090,34590,33780,33580,-1010,-2.92,34130,-460,-1.33,33560,33990,1400-2-12,2021-05-02
128,جم,پتروشيمي جم,296,660182,23337796940,35750,35990,35230,-520,-1.45,35660,-90,-0.25,35080,35990,1400-2-12,2021-05-02
129,تسه9803,امتياز تسهيلات مسكن خرداد98,291,4209,2182776374,512566,501099,511056,-1510,-0.29,518597,6031,1.18,501099,537888,1400-2-12,2021-05-02
130,خگستر,گسترش‌سرمايه‌گذاري‌ايران‌خودرو,290,4209792,10019304960,2450,2380,2380,-70,-2.86,2436,-14,-0.57,2380,2380,1400-2-12,2021-05-02
131,آسيا,بيمه آسيا,286,9976999,19058023236,1960,1911,1910,-50,-2.55,1940,-20,-1.02,1910,1940,1400-2-12,2021-05-02
132,تصميم,صندوق س با درآمد ثابت تصميم,285,3854866,62680733547,16254,16260,16264,10,0.06,16260,6,0.04,16258,16265,1400-2-12,2021-05-02
133,تنوين,تامين سرمايه نوين,283,2766298,19846067770,7180,7300,7190,10,0.14,7180,0,0,7120,7300,1400-2-12,2021-05-02
134,غسالم,سالمين‌,278,2216480,8622812428,4010,3890,3890,-120,-2.99,3988,-22,-0.55,3890,3901,1400-2-12,2021-05-02
135,سيدكو,سرمايه گذاري توسعه صنايع سيمان,273,2319544,13232188180,5870,5710,5700,-170,-2.9,5820,-50,-0.85,5700,5820,1400-2-12,2021-05-02
136,تسه9802,امتياز تسهيلات مسكن ارديبهشت98,269,5100,2082466728,413074,416666,400009,-13065,-3.16,408327,-4747,-1.15,400000,420000,1400-2-12,2021-05-02
137,ضخود7076,اختيارخ خودرو-2500-1400/07/07,265,8274,1244645000,205,160,150,-55,-26.83,150,-55,-26.83,142,160,1400-2-12,2021-05-02
138,پاكشو,گروه صنعتي پاكشو,259,3151555,19639714790,6420,6230,6230,-190,-2.96,6390,-30,-0.47,6230,6300,1400-2-12,2021-05-02
139,غگل,گلوكوزان‌,258,1763664,5114625600,2980,2900,2900,-80,-2.68,2971,-9,-0.3,2900,2900,1400-2-12,2021-05-02
140,سامان,بانك سامان,255,3721795,31638909289,8672,8499,8499,-173,-1.99,8534,-138,-1.59,8499,8672,1400-2-12,2021-05-02
141,حكشتي,كشتيراني جمهوري اسلامي ايران,251,2127412,34889556800,16900,16400,16400,-500,-2.96,16750,-150,-0.89,16400,16400,1400-2-12,2021-05-02
142,زر,صندوق س.پشتوانه سكه طلاي زر,245,208065,8230564120,40573,39762,39611,-962,-2.37,39558,-1015,-2.5,39500,39880,1400-2-12,2021-05-02
143,وكار,بانك‌ كارآفرين‌,238,8133730,23669154300,3000,2910,2910,-90,-3,2955,-45,-1.5,2910,2910,1400-2-12,2021-05-02
144,شبريز,پالايش نفت تبريز,235,1230470,30651007700,25680,24910,24910,-770,-3,25430,-250,-0.97,24910,24910,1400-2-12,2021-05-02
145,ونيكي,سرمايه‌گذاري‌ ملي‌ايران‌,234,902401,7328020700,8370,8120,8120,-250,-2.99,8340,-30,-0.36,8120,8240,1400-2-12,2021-05-02
146,ياقوت,صندوق س ياقوت آگاه-ثابت,231,2788867,34455204257,12346,12349,12350,4,0.03,12355,9,0.07,12345,12356,1400-2-12,2021-05-02
147,سفارس,سيمان فارس و خوزستان,229,2749401,41598437130,15590,15130,15130,-460,-2.95,15190,-400,-2.57,15130,15130,1400-2-12,2021-05-02
148,كاردان,صندوق س تجارت شاخصي كاردان,228,54307,7777206420,147400,142440,143810,-3590,-2.44,143210,-4190,-2.84,142440,146450,1400-2-12,2021-05-02
149,شصفها,پتروشيمي‌ اصفهان‌,221,77758,10096691638,128155,130000,130699,2544,1.99,129252,1097,0.86,128740,130709,1400-2-12,2021-05-02
150,دالبرح,ح . البرزدارو,218,629160,5656874580,9470,9400,9180,-290,-3.06,8990,-480,-5.07,8910,9400,1400-2-12,2021-05-02
151,فجر,فولاد اميركبيركاشان,213,402904,22623391850,57880,56150,56150,-1730,-2.99,57050,-830,-1.43,56150,56660,1400-2-12,2021-05-02
152,پارس,پتروشيمي پارس,211,447165,63195537000,143330,144000,142100,-1230,-0.86,142020,-1310,-0.91,139500,144000,1400-2-12,2021-05-02
153,تسه9910,امتياز تسهيلات مسكن دي99,211,2538,1362069191,528752,521000,540000,11248,2.13,536670,7918,1.5,521000,547000,1400-2-12,2021-05-02
154,وثنو,سرمايه گذاري ساختماني نوين,204,1487588,6870163892,4853,4611,4611,-242,-4.99,4765,-88,-1.81,4611,4790,1400-2-12,2021-05-02
155,پيزد,مجتمع صنايع لاستيك يزد,202,25383,1533006285,62262,60395,60395,-1867,-3,62203,-59,-0.09,60395,60395,1400-2-12,2021-05-02
156,زگلدشتح,ح.كشت و دام گلدشت نمونه اصفهان,199,1293157,8755996338,6979,6775,6770,-209,-2.99,6771,-208,-2.98,6770,6850,1400-2-12,2021-05-02
157,دلر,داروسازي‌ اكسير,195,141652,4976295550,35740,36500,34770,-970,-2.71,35680,-60,-0.17,34670,36500,1400-2-12,2021-05-02
158,همراه,شركت ارتباطات سيار ايران,193,825368,19256449370,24050,23330,23330,-720,-2.99,23910,-140,-0.58,23330,23340,1400-2-12,2021-05-02
159,تسه9909,امتياز تسهيلات مسكن آذر99,191,4025,2160350125,529484,516450,530105,621,0.12,536733,7249,1.37,516450,548800,1400-2-12,2021-05-02
160,فاسمين,كالسيمين‌,189,1275756,18026432280,14560,14130,14130,-430,-2.95,14400,-160,-1.1,14130,14130,1400-2-12,2021-05-02
161,ضسپا3002,اختيارخ خساپا-1800-1400/03/26,188,9283,1339472000,170,140,145,-25,-14.71,144,-26,-15.29,128,150,1400-2-12,2021-05-02
162,تسه9902,امتياز تسهيلات مسكن ارديبهشت99,186,4554,2441682894,530748,515522,504211,-26537,-5,536162,5414,1.02,504211,555549,1400-2-12,2021-05-02
163,وحكمت,بيمه حكمت صبا,183,1682730,5809559164,3521,3462,3451,-70,-1.99,3501,-20,-0.57,3451,3496,1400-2-12,2021-05-02
164,شكف,كف,182,128142,13594699579,104023,106103,106103,2080,2,106091,2068,1.99,104150,106103,1400-2-12,2021-05-02
165,فنوال,نورد آلومينيوم‌,178,1732867,46926038360,27910,27080,27080,-830,-2.97,27090,-820,-2.94,27080,27080,1400-2-12,2021-05-02
166,سحرخيز,صندوق س. گروه زعفران سحرخيز,178,469261,4310070588,9444,9330,9198,-246,-2.6,9185,-259,-2.74,9120,9330,1400-2-12,2021-05-02
167,مبين,مبين انرژي خليج فارس,174,1507149,23055474890,15650,15190,15470,-180,-1.15,15580,-70,-0.45,15190,15650,1400-2-12,2021-05-02
168,اخزا910,اسنادخزانه-م10بودجه99-020807,171,484402,294276895078,607286,607998,606306,-980,-0.16,607506,220,0.04,605255,608000,1400-2-12,2021-05-02
169,ثباغ,شهر سازي و خانه سازي باغميشه,166,677150,10213687368,15544,15078,15078,-466,-3,15446,-98,-0.63,15078,15270,1400-2-12,2021-05-02
170,فافزا,فولاد افزا سپاهان,160,168981,8380537116,51619,49555,49555,-2064,-4,50725,-894,-1.73,49555,50000,1400-2-12,2021-05-02
171,شخارك,پتروشيمي‌ خارك‌,159,512107,21791979030,43860,42550,42550,-1310,-2.99,43570,-290,-0.66,42550,42750,1400-2-12,2021-05-02
172,گوهر,صندوق سكه طلاي كيان,156,56652,2598893979,47400,45703,45889,-1511,-3.19,45875,-1525,-3.22,45670,46490,1400-2-12,2021-05-02
173,شيراز,پتروشيمي‌شيراز,153,571755,29550491380,53210,51730,51690,-1520,-2.86,52740,-470,-0.88,51620,53250,1400-2-12,2021-05-02
174,شنفت,نفت‌ پارس‌,151,149230,6964166390,47670,47000,46600,-1070,-2.24,47530,-140,-0.29,46240,47500,1400-2-12,2021-05-02
175,فردا2,صندوق س آواي فرداي زاگرس-ثابت,150,15000000,15000000,10607,1,1,-10606,-99.99,1,-10606,-99.99,1,1,1400-2-12,2021-05-02
176,وخارزم,سرمايه گذاري خوارزمي,150,3634355,16754376550,4750,4610,4610,-140,-2.95,4701,-49,-1.03,4610,4610,1400-2-12,2021-05-02
177,ارفع,شركت آهن و فولاد ارفع,150,679174,9562118569,14513,14080,14078,-435,-3,14452,-61,-0.42,14078,14237,1400-2-12,2021-05-02
178,اطلس,صندوق س.توسعه اندوخته آينده-س,149,332492,66001418086,201257,200015,198502,-2755,-1.37,198505,-2752,-1.37,198301,200015,1400-2-12,2021-05-02
179,فباهنرح,ح . مس‌ شهيدباهنر,145,1073414,17346370240,17190,16160,16160,-1030,-5.99,16160,-1030,-5.99,16160,16160,1400-2-12,2021-05-02
180,بفجر,فجر انرژي خليج فارس,138,1127665,23489649200,21390,20980,20750,-640,-2.99,21150,-240,-1.12,20750,21390,1400-2-12,2021-05-02
181,سشمال,سيمان‌ شمال‌,138,1341366,13212455100,10150,9850,9850,-300,-2.96,10070,-80,-0.79,9850,9850,1400-2-12,2021-05-02
182,ونفت,سرمايه‌گذاري‌ صنعت‌ نفت‌,136,796594,11040814400,14280,13860,13860,-420,-2.94,14180,-100,-0.7,13860,13870,1400-2-12,2021-05-02
183,سكه0012پ04,تمام سكه طرح جديد0012صادرات,134,38900,36166137400,957483,944019,929611,-27872,-2.91,929721,-27762,-2.9,925519,944019,1400-2-12,2021-05-02
184,دمعيار,صندوق س. توازن معيار-د,133,6095222,61336474842,10056,10060,10065,9,0.09,10063,7,0.07,10055,10065,1400-2-12,2021-05-02
185,وهور,مديريت انرژي اميد  تابان هور,133,2469870,4892812470,2042,1981,1981,-61,-2.99,2036,-6,-0.29,1981,1981,1400-2-12,2021-05-02
186,تاصيكو,سرمايه گذاري صدرتامين,132,2814542,28258001680,10350,10040,10040,-310,-3,10270,-80,-0.77,10040,10040,1400-2-12,2021-05-02
187,تسه9810,امتياز تسهيلات مسكن دي98,128,2370,1265927939,527111,525000,501000,-26111,-4.95,534147,7036,1.33,501000,553300,1400-2-12,2021-05-02
188,كاريس,صندوق س.سپهر كاريزما-س,128,776918,8076291770,10464,10411,10363,-101,-0.97,10395,-69,-0.66,10359,10558,1400-2-12,2021-05-02
189,خراسان,پتروشيمي خراسان,125,104967,7185918850,69660,67890,67600,-2060,-2.96,69480,-180,-0.26,67580,69980,1400-2-12,2021-05-02
190,زعف0008پ05,زعفران0008نگين زرين(پ),124,70227,8607001529,125621,120004,123020,-2601,-2.07,122560,-3061,-2.44,119902,124999,1400-2-12,2021-05-02
191,دسبحانح,ح. سبحان دارو,122,217304,3009665430,14730,13850,13850,-880,-5.97,13850,-880,-5.97,13850,13860,1400-2-12,2021-05-02
192,سكه0112پ03,تمام سكه طرح جديد0112سامان,122,32200,29970925000,958802,951796,930000,-28802,-3,930774,-28028,-2.92,929000,951796,1400-2-12,2021-05-02
193,ضشنا2002,اختيارخ شپنا-12000-1400/02/27,121,5152,540177000,214,150,100,-114,-53.27,105,-109,-50.93,80,174,1400-2-12,2021-05-02
194,وسپه,سرمايه‌گذاري‌ سپه‌,121,1400723,8796540440,6470,6280,6280,-190,-2.94,6440,-30,-0.46,6280,6280,1400-2-12,2021-05-02
195,ضجار2003,اختيارخ وتجارت-3000-1400/02/22,119,8066,83569000,16,7,10,-6,-37.5,10,-6,-37.5,6,17,1400-2-12,2021-05-02
196,گكوثر,هتل پارسيان كوثر اصفهان,114,431959,962404652,2296,2228,2228,-68,-2.96,2295,-1,-0.04,2228,2228,1400-2-12,2021-05-02
197,واعتبار,سرمايه گذاري اعتبار ايران,112,2504760,21415698000,8070,8550,8550,480,5.95,8260,190,2.35,8550,8550,1400-2-12,2021-05-02
198,دارا,صندوق س. دارا الگوريتم-د,109,2681441,26920373990,10016,10030,10023,7,0.07,10040,24,0.24,10005,10060,1400-2-12,2021-05-02
199,تسه9907,امتياز تسهيلات مسكن مهر99,108,1035,561759969,527321,531000,550000,22679,4.3,542763,15442,2.93,515000,553687,1400-2-12,2021-05-02
200,اخابر,مخابرات ايران,106,3182913,29983040460,9710,9420,9420,-290,-2.99,9630,-80,-0.82,9420,9420,1400-2-12,2021-05-02
201,لبوتان,گروه‌صنعتي‌بوتان‌,105,70080,4120596220,60490,58680,59650,-840,-1.39,60350,-140,-0.23,58680,60000,1400-2-12,2021-05-02
202,كاما,باما,103,532922,6187224420,11960,11610,11610,-350,-2.93,11910,-50,-0.42,11610,11610,1400-2-12,2021-05-02
203,وصندوق,سرمايه‌گذاري‌صندوق‌بازنشستگي‌,102,1106299,15467057410,14410,13980,13980,-430,-2.98,14350,-60,-0.42,13980,13990,1400-2-12,2021-05-02
204,امين يكم2,صندوق درآمد ثابت امين يكم فردا,100,10000000,10000000,10093,1,1,-10092,-99.99,1,-10092,-99.99,1,1,1400-2-12,2021-05-02
205,فيروزا,صندوق بادرآمد ثابت فيروزه آسيا,98,3232826,73223475274,22698,22719,22650,-48,-0.21,22650,-48,-0.21,22632,22719,1400-2-12,2021-05-02
206,شلعابح,ح . لعابيران‌,97,728975,7929091830,11520,11800,10830,-690,-5.99,10880,-640,-5.56,10830,11800,1400-2-12,2021-05-02
207,سپيدما,صندوق س. سپيد دماوند-د,95,7294457,74739341004,10241,10250,10245,4,0.04,10246,5,0.05,10245,10250,1400-2-12,2021-05-02
208,اخزا902,اسنادخزانه-م2بودجه99-011019,94,159647,113883438475,713017,712000,714000,983,0.14,713345,328,0.05,711603,715000,1400-2-12,2021-05-02
209,شغدير,پتروشيمي غدير,93,72395,4506286970,64160,62250,62240,-1920,-2.99,63980,-180,-0.28,62240,63580,1400-2-12,2021-05-02
210,سكه0011پ02,تمام سكه طرح جديد0011ملت,93,20400,18991747500,957350,939000,930200,-27150,-2.84,930968,-26382,-2.76,926000,939000,1400-2-12,2021-05-02
211,كگهر,سنگ آهن گهرزمين,92,1095694,46927482674,44153,42829,42829,-1324,-3,43617,-536,-1.21,42829,42830,1400-2-12,2021-05-02
212,ما,بيمه  ما,92,860768,6248991160,7430,7210,7210,-220,-2.96,7410,-20,-0.27,7210,7420,1400-2-12,2021-05-02
213,خصدرا,صنعتي‌ دريايي‌ ايران‌,91,956368,2438738400,2602,2550,2550,-52,-2,2597,-5,-0.19,2550,2550,1400-2-12,2021-05-02
214,اخزا908,اسنادخزانه-م8بودجه99-020606,89,198633,124818295149,629224,627556,628350,-874,-0.14,628386,-838,-0.13,627000,629860,1400-2-12,2021-05-02
215,نهال,صندوق س. طلاي سرخ نوويرا,88,154791,1422225643,9369,9317,9197,-172,-1.84,9188,-181,-1.93,9112,9329,1400-2-12,2021-05-02
216,كروي,توسعه‌ معادن‌ روي‌ ايران‌,88,454799,11656498370,26420,25630,25630,-790,-2.99,26230,-190,-0.72,25630,25630,1400-2-12,2021-05-02
217,وتوسم,سرمايه‌گذاري‌توسعه‌ملي‌,87,1314679,10215055830,8010,7770,7770,-240,-3,7960,-50,-0.62,7770,7770,1400-2-12,2021-05-02
218,گشان,توسعه بين المللي پديده شانديز,87,147047,3415313622,23700,23226,23226,-474,-2,23583,-117,-0.49,23226,23226,1400-2-12,2021-05-02
219,لوتوس,تامين سرمايه لوتوس پارسيان,86,293252,2682359220,9350,9080,9090,-260,-2.78,9340,-10,-0.11,9080,9230,1400-2-12,2021-05-02
220,خريخت,صنايع‌ريخته‌گري‌ايران‌,86,1579438,4548781440,2960,2880,2880,-80,-2.7,2952,-8,-0.27,2880,2880,1400-2-12,2021-05-02
221,تسه9904,امتياز تسهيلات مسكن تير99,83,1107,599770833,531208,550000,541000,9792,1.84,541798,10590,1.99,521000,557768,1400-2-12,2021-05-02
222,وبازار,صندوق س شاخصي بازارآشنا,82,780651,6994364720,9000,8990,8950,-50,-0.56,8960,-40,-0.44,8810,9000,1400-2-12,2021-05-02
223,معيار ,سرمايه گذاري معيار صنعت پارس,82,267501,16474316586,59793,61586,61586,1793,3,61192,1399,2.34,61586,61586,1400-2-12,2021-05-02
224,سپاس,صندوق س. پاداش سهامداري-ثابت,81,1567117,15914845204,10151,10158,10155,4,0.04,10155,4,0.04,10155,10158,1400-2-12,2021-05-02
225,اخزا901,اسنادخزانه-م1بودجه99-010621,81,69309,52693413360,760337,757000,760051,-286,-0.04,760268,-69,-0.01,757000,761499,1400-2-12,2021-05-02
226,افق ملت,صندوق س در سهام افق ملت,81,824775,103002892590,122900,121720,125000,2100,1.71,124890,1990,1.62,121700,125000,1400-2-12,2021-05-02
227,آساس,صندوق س.آسمان آرماني سهام-س,81,25774,4212746899,165550,164000,163900,-1650,-1,163449,-2101,-1.27,162000,164200,1400-2-12,2021-05-02
228,آريان,سرمايه گذاري پارس آريان,79,2157696,20634050848,9758,9563,9563,-195,-2,9705,-53,-0.54,9563,9564,1400-2-12,2021-05-02
229,بترانس,ايران‌ ترانسفو,78,760033,2097691080,2840,2760,2760,-80,-2.82,2837,-3,-0.11,2760,2760,1400-2-12,2021-05-02
230,سكرما,سيمان‌ كرمان‌,77,396679,6089022650,15820,15350,15350,-470,-2.97,15760,-60,-0.38,15350,15350,1400-2-12,2021-05-02
231,خاتم,صندوق س خاتم ايساتيس پويا-ثابت,74,1054977,11647666763,11034,11038,11041,7,0.06,11041,7,0.06,11038,11041,1400-2-12,2021-05-02
232,حفاري,حفاري شمال,74,239098,1527836220,6580,6390,6390,-190,-2.89,6570,-10,-0.15,6390,6390,1400-2-12,2021-05-02
233,شساخت,مهندسي و ساختمان صنايع نفت,73,355511,13571901964,38818,38042,38042,-776,-2,38591,-227,-0.58,38042,38818,1400-2-12,2021-05-02
234,بكهنوج,توليد برق ماهتاب كهنوج,73,1896267,3024545865,1644,1595,1595,-49,-2.98,1641,-3,-0.18,1595,1595,1400-2-12,2021-05-02
235,فيروزه,صندوق شاخص30 شركت فيروزه- سهام,73,42672,5456806900,130470,127870,127900,-2570,-1.97,127880,-2590,-1.99,127860,128990,1400-2-12,2021-05-02
236,تسه9901,امتياز تسهيلات مسكن فروردين99,71,1088,595192151,540867,525000,532000,-8867,-1.64,547052,6185,1.14,521111,567910,1400-2-12,2021-05-02
237,دانا,بيمه دانا,71,289255,1804951200,6630,6240,6240,-390,-5.88,6620,-10,-0.15,6240,6240,1400-2-12,2021-05-02
238,كيان2,صندوق س. با درآمد ثابت كيان,70,7000000,7000000,28226,1,1,-28225,-100,1,-28225,-100,1,1,1400-2-12,2021-05-02
239,صايند,صندوق س. گنجينه آينده روشن-د,70,369400,3614747470,9775,9790,9786,11,0.11,9785,10,0.1,9770,9798,1400-2-12,2021-05-02
240,تسه9906,امتياز تسهيلات مسكن شهريور99,70,816,440604437,524318,520010,537999,13681,2.61,539956,15638,2.98,516125,550533,1400-2-12,2021-05-02
241,فروي,ذوب روي اصفهان,66,50595,2816826030,57395,55674,55674,-1721,-3,57294,-101,-0.18,55674,55674,1400-2-12,2021-05-02
242,قپيرا,فرآورده‌هاي‌غدايي‌وقندپيرانشهر,66,53857,5383321510,103030,103390,99940,-3090,-3,102690,-340,-0.33,99940,103390,1400-2-12,2021-05-02
243,تسه9808,امتياز تسهيلات مسكن آبان98,64,1207,641535245,527172,525000,529000,1828,0.35,531512,4340,0.82,511700,549000,1400-2-12,2021-05-02
244,وآرين,شركت توسعه اقتصادي آرين,63,420846,1416988482,3507,3367,3367,-140,-3.99,3497,-10,-0.29,3367,3367,1400-2-12,2021-05-02
245,تسه9905,امتياز تسهيلات مسكن مرداد99,63,519,285352630,539577,566555,514000,-25577,-4.74,549812,10235,1.9,513199,566555,1400-2-12,2021-05-02
246,شپترو,پتروشيمي آبادان,63,3301601,15332635044,4837,4644,4644,-193,-3.99,4680,-157,-3.25,4644,4644,1400-2-12,2021-05-02
247,اخزا903,اسنادخزانه-م3بودجه99-011110,62,101696,71564084094,704266,702510,704500,234,0.03,703706,-560,-0.08,702510,704898,1400-2-12,2021-05-02
248,ضخود7075,اختيارخ خودرو-2000-1400/07/07,62,1498,465705000,335,300,320,-15,-4.48,311,-24,-7.16,292,320,1400-2-12,2021-05-02
249,اتكام,شركت بيمه اتكايي امين,62,361944,1672556424,4763,4621,4621,-142,-2.98,4758,-5,-0.1,4621,4632,1400-2-12,2021-05-02
250,اتكاي,بيمه اتكايي ايرانيان,61,714318,11767864713,16982,16510,16473,-509,-3,16859,-123,-0.72,16473,16664,1400-2-12,2021-05-02
251,ضجار2002,اختيارخ وتجارت-2500-1400/02/22,61,2042,282558000,136,152,113,-23,-16.91,138,2,1.47,100,190,1400-2-12,2021-05-02
252,تسه9812,امتياز تسهيلات مسكن اسفند98,58,765,410822309,532756,525111,515000,-17756,-3.33,537023,4267,0.8,515000,559242,1400-2-12,2021-05-02
253,مارون,پتروشيمي مارون,57,111058,16288877210,151206,146670,146670,-4536,-3,150440,-766,-0.51,146670,146680,1400-2-12,2021-05-02
254,تسه9903,امتياز تسهيلات مسكن خرداد99,55,488,263642392,537124,563980,530008,-7116,-1.32,540251,3127,0.58,514522,563980,1400-2-12,2021-05-02
255,شتولي,تولي‌پرس‌,55,249293,8339349436,32797,33452,33452,655,2,33327,530,1.62,33452,33452,1400-2-12,2021-05-02
256,اخزا909,اسنادخزانه-م9بودجه99-020316,54,202554,133154229036,657528,656011,658898,1370,0.21,657376,-152,-0.02,656011,658898,1400-2-12,2021-05-02
257,خزاميا,زامياد,53,155933,1331667820,8800,8540,8540,-260,-2.95,8790,-10,-0.11,8540,8540,1400-2-12,2021-05-02
258,اخزا815,اسنادخزانه-م15بودجه98-010406,51,39047,31130912425,798034,795002,796701,-1333,-0.17,797268,-766,-0.1,794510,799979,1400-2-12,2021-05-02
259,تسه9804,امتياز تسهيلات مسكن تير98,51,1327,712186086,527925,530520,536061,8136,1.54,536689,8764,1.66,520000,549799,1400-2-12,2021-05-02
260,ضملي3003,اختيارخ فملي-12000-1400/03/02,50,362,90058000,402,250,270,-132,-32.84,249,-153,-38.06,222,300,1400-2-12,2021-05-02
261,بموتو,موتوژن‌,47,70722,3661277940,53370,51770,51770,-1600,-3,53250,-120,-0.22,51770,51770,1400-2-12,2021-05-02
262,تسه9807,امتياز تسهيلات مسكن مهر98,47,445,237895089,519226,513441,545187,25961,5,534596,15370,2.96,513441,545187,1400-2-12,2021-05-02
263,ضپنا2002,اختيارخ رمپنا-14000-1400/02/12,47,1202,883662000,1000,900,600,-400,-40,735,-265,-26.5,500,911,1400-2-12,2021-05-02
264,زعف0008پ10,زعفران0008نگين طلاي سرخ(پ),46,10649,1375516074,129105,125900,130480,1375,1.07,129169,64,0.05,124999,131990,1400-2-12,2021-05-02
265,وسبحان,سرمايه گذاري سبحان,46,3058803,8647236081,2914,2827,2827,-87,-2.99,2898,-16,-0.55,2827,2827,1400-2-12,2021-05-02
266,تسه9806,امتياز تسهيلات مسكن شهريور98,46,385,207065485,523157,525000,540000,16843,3.22,537832,14675,2.81,522040,549314,1400-2-12,2021-05-02
267,ضشنا8004,اختيارخ شپنا-10800-1400/08/16,45,570,572718000,1600,1101,1000,-600,-37.5,1005,-595,-37.19,1000,1101,1400-2-12,2021-05-02
268,حفارس,حمل و نقل بين المللي خليج فارس,44,185436,842064876,4830,4541,4541,-289,-5.98,4825,-5,-0.1,4541,4541,1400-2-12,2021-05-02
269,ضملت3003,اختيارخ وبملت-4500-1400/03/19,43,1108,423051000,267,300,402,135,50.56,382,115,43.07,300,450,1400-2-12,2021-05-02
270,سخوز,سيمان خوزستان,43,91579,1912169520,21520,20880,20880,-640,-2.97,21490,-30,-0.14,20880,20880,1400-2-12,2021-05-02
271,تسه9809,امتياز تسهيلات مسكن آذر98,43,484,258765004,525362,512037,522000,-3362,-0.64,534638,9276,1.77,510021,550000,1400-2-12,2021-05-02
272,پلوله,گازلوله‌,42,386006,11373280784,28061,29464,29464,1403,5,28814,753,2.68,29464,29464,1400-2-12,2021-05-02
273,همبين102,اختيارف ت مبين17952-01/02/10,41,1000000,556000000,528,556,556,28,5.3,556,28,5.3,556,556,1400-2-12,2021-05-02
274,تسه9805,امتياز تسهيلات مسكن مرداد98,41,579,315674666,534951,559667,540000,5049,0.94,545207,10256,1.92,526672,561698,1400-2-12,2021-05-02
275,رمپنا,گروه مپنا (سهامي عام),41,50049,771255090,15880,15410,15410,-470,-2.96,15880,0,0,15410,15410,1400-2-12,2021-05-02
276,آكورد2,صندوق س. آرمان آتي كوثر-د,40,4000000,4000000,31848,1,1,-31847,-100,1,-31847,-100,1,1,1400-2-12,2021-05-02
277,زعف0008پ08,زعفران0008نگين روستا(پ),39,11301,1384749954,125327,120000,122795,-2532,-2.02,122533,-2794,-2.23,120000,124000,1400-2-12,2021-05-02
278,ضملت3002,اختيارخ وبملت-4000-1400/03/19,38,626,455578000,622,724,799,177,28.46,728,106,17.04,650,820,1400-2-12,2021-05-02
279,تسه9811,امتياز تسهيلات مسكن بهمن98,38,408,216762718,524763,518011,530000,5237,1,531281,6518,1.24,506111,539995,1400-2-12,2021-05-02
280,زرين,صندوق س. سهام زرين كوروش-س,38,96451,891761252,9323,9180,9132,-191,-2.05,9246,-77,-0.83,9071,9298,1400-2-12,2021-05-02
281,اخزا907,اسنادخزانه-م7بودجه99-020704,38,234012,144568968576,619633,615194,619899,266,0.04,617784,-1849,-0.3,615194,619899,1400-2-12,2021-05-02
282,هاي وب,داده گسترعصرنوين-هاي وب,38,540166,5509693200,10510,10200,10200,-310,-2.95,10470,-40,-0.38,10200,10200,1400-2-12,2021-05-02
283,فروس,فروسيليس‌ ايران‌,37,112302,557017920,5270,4960,4960,-310,-5.88,5270,0,0,4960,4960,1400-2-12,2021-05-02
284,اخزا905,اسنادخزانه-م5بودجه99-020218,37,301822,202011057160,666294,669119,670000,3706,0.56,669305,3011,0.45,668900,670000,1400-2-12,2021-05-02
285,سبزوا,سيمان لار سبزوار,36,324694,1049735702,3332,3233,3233,-99,-2.97,3330,-2,-0.06,3233,3233,1400-2-12,2021-05-02
286,زعف0008پ20,زعفران0008نگين وحدت جام(پ),36,18769,2289899605,124149,121000,122000,-2149,-1.73,122004,-2145,-1.73,120000,123700,1400-2-12,2021-05-02
287,انرژي3,سايراشخاص بورس انرژي,35,1864,454238160,251220,243690,243690,-7530,-3,251160,-60,-0.02,243690,243690,1400-2-12,2021-05-02
288,فسپا,گروه‌صنعتي‌سپاهان‌,35,29697,1059291990,36770,35670,35670,-1100,-2.99,36750,-20,-0.05,35670,35670,1400-2-12,2021-05-02
289,ضخود7077,اختيارخ خودرو-3000-1400/07/07,35,1853,127605000,79,70,70,-9,-11.39,69,-10,-12.66,62,75,1400-2-12,2021-05-02
290,زملارد,كشاورزي و دامپروري ملارد شير,34,59700,2182154400,37682,36552,36552,-1130,-3,37631,-51,-0.14,36552,36552,1400-2-12,2021-05-02
291,وپويا,سرمايه گذاري پويا,34,818606,5166222466,6506,6311,6311,-195,-3,6485,-21,-0.32,6311,6311,1400-2-12,2021-05-02
292,حتايد,تايدواترخاورميانه,34,106311,2631197250,25510,24750,24750,-760,-2.98,25470,-40,-0.16,24750,24750,1400-2-12,2021-05-02
293,كالا,بورس كالاي ايران,34,27294,849116340,32070,31110,31110,-960,-2.99,32050,-20,-0.06,31110,31110,1400-2-12,2021-05-02
294,وآيند,بانك  آينده,34,40679,639351843,16371,15717,15717,-654,-3.99,16367,-4,-0.02,15717,15717,1400-2-12,2021-05-02
295,زعف0008پ19,زعفران0008نگين تروند قاينات(پ),33,4044,497118064,125800,121989,123599,-2201,-1.75,122927,-2873,-2.28,120805,124000,1400-2-12,2021-05-02
296,اخزا817,اسنادخزانه-م17بودجه98-010512,33,27820,21813642641,780141,777120,785000,4859,0.62,784099,3958,0.51,776112,785000,1400-2-12,2021-05-02
297,كرازي,كارخانجات‌توليدي‌شيشه‌رازي‌,32,92829,2031098520,22550,21880,21880,-670,-2.97,22520,-30,-0.13,21880,21880,1400-2-12,2021-05-02
298,ضپاس2002,اختيارخ وپارس-3000-1400/02/29,32,1932,15937000,17,11,9,-8,-47.06,8,-9,-52.94,5,12,1400-2-12,2021-05-02
299,شبصير,توليدات پتروشيمي قائد بصير,31,13726,905887321,67999,66128,65960,-2039,-3,67962,-37,-0.05,65960,66261,1400-2-12,2021-05-02
300,اطلس2,صندوق س.توسعه اندوخته آينده-س,31,310000,310000,201257,1,1,-201256,-100,1,-201256,-100,1,1,1400-2-12,2021-05-02
301,سدشت,صنايع سيمان دشتستان,31,59104,4396155520,70170,74380,74380,4210,6,70520,350,0.5,74380,74380,1400-2-12,2021-05-02
302,سمايه,بانك سرمايه,31,638817,3068876868,5004,4804,4804,-200,-4,4972,-32,-0.64,4804,4804,1400-2-12,2021-05-02
303,ضپاس2001,اختيارخ وپارس-2500-1400/02/29,31,744,90743000,123,99,128,5,4.07,122,-1,-0.81,91,145,1400-2-12,2021-05-02
304,وايرا,سرمايه گذاري صنايع ايران,31,504375,6118068750,12377,12130,12130,-247,-2,12298,-79,-0.64,12130,12130,1400-2-12,2021-05-02
305,فراز,صندوق س.سهام فراز داريك-س,31,28297,290156805,10247,10251,10251,4,0.04,10254,7,0.07,10251,10260,1400-2-12,2021-05-02
306,هنوري102,اختيارف ت نوري59561-01/02/15,30,300000,624000000,561,2080,2080,1519,270.77,2080,1519,270.77,2080,2080,1400-2-12,2021-05-02
307,ثاخت,بين‌المللي‌توسعه‌ساختمان,30,169366,408172060,2480,2410,2410,-70,-2.82,2479,-1,-0.04,2410,2410,1400-2-12,2021-05-02
308,تايرا,تراكتورسازي‌ايران‌,30,60483,1586090760,27010,26440,26200,-810,-3,26980,-30,-0.11,26200,26440,1400-2-12,2021-05-02
309,قرن,پديده شيمي قرن,29,7961,479092980,62040,60180,60180,-1860,-3,62020,-20,-0.03,60180,60180,1400-2-12,2021-05-02
310,ضصاد3001,اختيارخ وبصادر-2000-1400/03/12,28,1453,563901000,412,308,350,-62,-15.05,388,-24,-5.83,308,440,1400-2-12,2021-05-02
311,سشرق,سيمان‌ شرق‌,28,549455,3362664600,6300,6120,6120,-180,-2.86,6290,-10,-0.16,6120,6120,1400-2-12,2021-05-02
312,آتيمس,صندوق س.آرمان آتيه درخشان مس-س,28,5891,1029665334,176913,175500,175100,-1813,-1.02,174786,-2127,-1.2,174200,177000,1400-2-12,2021-05-02
313,فسازان,غلتك سازان سپاهان,28,21902,701083020,33000,32010,32010,-990,-3,32990,-10,-0.03,32010,32010,1400-2-12,2021-05-02
314,داروح,ح . كارخانجات‌داروپخش,28,45560,1008828500,23430,22400,22030,-1400,-5.98,22140,-1290,-5.51,22030,22400,1400-2-12,2021-05-02
315,وبشهر,توسعه‌ صنايع‌ بهشهر(هلدينگ,27,901469,9411336360,10760,10440,10440,-320,-2.97,10700,-60,-0.56,10440,10440,1400-2-12,2021-05-02
316,فاراك,ماشين‌ سازي‌ اراك‌,27,184591,430097030,2400,2330,2330,-70,-2.92,2399,-1,-0.04,2330,2330,1400-2-12,2021-05-02
317,زعف0008پ16,زعفران0008نگين بيرجند(پ),27,14292,1745475971,124675,121980,121700,-2975,-2.39,122130,-2545,-2.04,119990,122999,1400-2-12,2021-05-02
318,والبر,سرمايه‌ گذاري‌ البرز(هلدينگ‌,27,68587,1078873510,16210,15730,15730,-480,-2.96,16200,-10,-0.06,15730,15730,1400-2-12,2021-05-02
319,وثوق,سرمايه گذاري وثوق امين,27,164100,2919339000,18153,17790,17790,-363,-2,18098,-55,-0.3,17790,17790,1400-2-12,2021-05-02
320,هپارس102,اختيارف ت پارس-157010-01/02/05,26,150000,339600000,1,2264,2264,2263,226300,2264,2263,226300,2264,2264,1400-2-12,2021-05-02
321,ضملت3001,اختيارخ وبملت-3500-1400/03/19,26,648,720355000,1009,1100,1240,231,22.89,1112,103,10.21,1010,1499,1400-2-12,2021-05-02
322,كهمداح,ح . شيشه‌ همدان‌,26,534231,4113881010,7800,7710,7700,-100,-1.28,7700,-100,-1.28,7700,7710,1400-2-12,2021-05-02
323,عيار2,صندوق سكه طلاي مفيد,26,260000,260000,24207,1,1,-24206,-100,1,-24206,-100,1,1,1400-2-12,2021-05-02
324,سپاها,سيمان‌سپاهان‌,25,213844,1697921360,8180,7940,7940,-240,-2.93,8170,-10,-0.12,7940,7940,1400-2-12,2021-05-02
325,خودكفا,اقتصادي و خودكفايي آزادگان,25,18013,319694724,18110,17748,17748,-362,-2,18107,-3,-0.02,17748,17748,1400-2-12,2021-05-02
326,فخاس,فولاد خراسان,25,393810,10077597900,26380,25590,25590,-790,-2.99,26300,-80,-0.3,25590,25590,1400-2-12,2021-05-02
327,فباهنر,مس‌ شهيدباهنر,25,73587,1767559740,24760,24020,24020,-740,-2.99,24730,-30,-0.12,24020,24020,1400-2-12,2021-05-02
328,شاوان,پالايش نفت لاوان,25,84275,6834028300,83599,81092,81092,-2507,-3,83244,-355,-0.42,81092,81092,1400-2-12,2021-05-02
329,ضخود7074,اختيارخ خودرو-1800-1400/07/07,25,973,408521000,447,420,419,-28,-6.26,420,-27,-6.04,382,420,1400-2-12,2021-05-02
330,ثروتم,صندوق س. ثروت آفرين پارسيان-س,24,35670,2541126500,73192,72990,71060,-2132,-2.91,71240,-1952,-2.67,71030,72990,1400-2-12,2021-05-02
331,اخزا806,اسنادخزانه-م6بودجه98-000519,24,101760,96367043525,945750,947000,947000,1250,0.13,947003,1253,0.13,946000,948999,1400-2-12,2021-05-02
332,دقاضيح,ح . داروسازي شهيد قاضي,24,96062,2756278130,29852,29700,28658,-1194,-4,28693,-1159,-3.88,28658,29700,1400-2-12,2021-05-02
333,دسبحا,گروه دارويي سبحان,24,101280,1876718400,19100,18530,18530,-570,-2.98,19080,-20,-0.1,18530,18530,1400-2-12,2021-05-02
334,ساروج,بين المللي ساروج بوشهر,24,257918,4679407364,18513,18143,18143,-370,-2,18424,-89,-0.48,18143,18145,1400-2-12,2021-05-02
335,اخزا808,اسنادخزانه-م8بودجه98-000817,24,7086,6384687651,901607,901100,900003,-1604,-0.18,901028,-579,-0.06,900001,903000,1400-2-12,2021-05-02
336,پارند2,صندوق س. پارند پايدار سپهر,23,2300000,2300000,11341,1,1,-11340,-99.99,1,-11340,-99.99,1,1,1400-2-12,2021-05-02
337,سپيدار,سپيدار سيستم آسيا,23,6438,367410222,58834,57069,57069,-1765,-3,58821,-13,-0.02,57069,57069,1400-2-12,2021-05-02
338,اخزا906,اسنادخزانه-م6بودجه99-020321,23,93053,69954151272,750000,712500,759500,9500,1.27,751767,1767,0.24,712500,759990,1400-2-12,2021-05-02
339,اوصتا,صندوق انديشه ورزان صباتامين -د,23,51819,958880984,18494,18510,18510,16,0.09,18504,10,0.05,18500,18510,1400-2-12,2021-05-02
340,سپر,صندوق س سپر سرمايه بيدار- ثابت,22,323415,3805428326,11763,11767,11766,3,0.03,11766,3,0.03,11766,11768,1400-2-12,2021-05-02
341,آبادا,توليد نيروي برق آبادان,22,13717,167484570,12580,12210,12210,-370,-2.94,12580,0,0,12210,12210,1400-2-12,2021-05-02
342,ضپنا2001,اختيارخ رمپنا-12000-1400/02/12,22,774,2086808000,2700,2502,2600,-100,-3.7,2696,-4,-0.15,2500,2822,1400-2-12,2021-05-02
343,ولپارس,ليزينگ پارسيان,22,14835,72098100,5010,4860,4860,-150,-2.99,5010,0,0,4860,4860,1400-2-12,2021-05-02
344,كوير,توليدي فولاد سپيد فراب كوير,21,702634,13518678160,19830,19240,19240,-590,-2.98,19730,-100,-0.5,19240,19240,1400-2-12,2021-05-02
345,اخزا904,اسنادخزانه-م4بودجه99-011215,21,11085,7709517423,699971,696000,695011,-4960,-0.71,695491,-4480,-0.64,695000,700000,1400-2-12,2021-05-02
346,لپارس,پارس‌ الكتريك‌,21,41887,3742184580,92100,89340,89340,-2760,-3,91890,-210,-0.23,89340,89340,1400-2-12,2021-05-02
347,اخزا812,اسنادخزانه-م12بودجه98-001111,21,82982,71694141200,863518,861032,864000,482,0.06,863972,454,0.05,861032,865000,1400-2-12,2021-05-02
348,ونيرو,سرمايه‌گذاري‌نيرو,21,266214,668197140,2580,2510,2510,-70,-2.71,2579,-1,-0.04,2510,2510,1400-2-12,2021-05-02
349,اخزا911,اسنادخزانه-م11بودجه99-020906,20,26254,15658448261,597900,598880,596000,-1900,-0.32,596421,-1479,-0.25,595500,598890,1400-2-12,2021-05-02
350,صنوين,صندوق سرمايه‌گذاري صنوين-مختلط,20,5811,602797590,103770,103570,104000,230,0.22,103730,-40,-0.04,103500,104000,1400-2-12,2021-05-02
351,غزر,صنعتي زر ماكارون,20,62349,1553113590,25680,24910,24910,-770,-3,25650,-30,-0.12,24910,24910,1400-2-12,2021-05-02
352,زعف0008پ11,زعفران0008نگين سحرخيز(پ),20,12440,1554836203,125475,125739,125700,225,0.18,124987,-488,-0.39,124000,126800,1400-2-12,2021-05-02
353,وبهمن,سرمايه‌گذاري‌بهمن‌,20,506199,7066538040,14390,13960,13960,-430,-2.99,14330,-60,-0.42,13960,13960,1400-2-12,2021-05-02
354,پتاير,ايران‌ تاير,20,56100,199716000,3670,3560,3560,-110,-3,3670,0,0,3560,3560,1400-2-12,2021-05-02
355,زپارس,ملي كشت و صنعت و دامپروري پارس,20,210105,30183684300,148100,143660,143660,-4440,-3,145280,-2820,-1.9,143660,143660,1400-2-12,2021-05-02
356,واتي,سرمايه‌ گذاري‌ آتيه‌ دماوند,19,163235,1637247050,10340,10030,10030,-310,-3,10330,-10,-0.1,10030,10030,1400-2-12,2021-05-02
357,چكاپا,گروه صنايع كاغذ پارس,19,67269,339035760,5190,5040,5040,-150,-2.89,5190,0,0,5040,5040,1400-2-12,2021-05-02
358,واميد,گروه مديريت سرمايه گذاري اميد,19,682976,8291328640,12510,12140,12140,-370,-2.96,12480,-30,-0.24,12140,12140,1400-2-12,2021-05-02
359,غالبر,لبنيات‌ كالبر,19,21262,404190620,20220,19010,19010,-1210,-5.98,20210,-10,-0.05,19010,19010,1400-2-12,2021-05-02
360,جوين,كشت و صنعت جوين,19,141631,692575590,4989,4890,4890,-99,-1.98,4985,-4,-0.08,4890,4890,1400-2-12,2021-05-02
361,پارسيان,بيمه پارسيان,19,617628,5842760880,9750,9460,9460,-290,-2.97,9710,-40,-0.41,9460,9460,1400-2-12,2021-05-02
362,ضشنا2003,اختيارخ شپنا-14000-1400/02/27,19,1217,41200000,49,49,20,-29,-59.18,34,-15,-30.61,15,99,1400-2-12,2021-05-02
363,هصيكو402,اختيارف ت تاصيكو13500-00/02/20,18,201149,627182582,2923,3118,3118,195,6.67,3118,195,6.67,3118,3118,1400-2-12,2021-05-02
364,ختوقا,قطعات‌ اتومبيل‌ ايران‌,18,88391,215674040,2510,2440,2440,-70,-2.79,2510,0,0,2440,2440,1400-2-12,2021-05-02
365,تكمبا,كمباين‌ سازي‌ ايران‌,18,104443,795855660,7850,7620,7620,-230,-2.93,7850,0,0,7620,7620,1400-2-12,2021-05-02
366,ستران,سيمان‌ تهران‌,17,15654,355971960,23440,22740,22740,-700,-2.99,23430,-10,-0.04,22740,22740,1400-2-12,2021-05-02
367,سهرمز,سيمان‌هرمزگان‌,17,384000,9300480000,24960,24220,24220,-740,-2.96,24820,-140,-0.56,24220,24220,1400-2-12,2021-05-02
368,باران,بيمه زندگي باران50%تاديه,17,98377,377866057,3730,3841,3841,111,2.98,3732,2,0.05,3841,3841,1400-2-12,2021-05-02
369,الماس,صندوق س.امين تدبيرگران فردا-س,16,5909,632027264,107053,107000,106302,-751,-0.7,106960,-93,-0.09,106064,107500,1400-2-12,2021-05-02
370,ساوه,سيمان ساوه,16,17603,953660128,55851,54176,54176,-1675,-3,55818,-33,-0.06,54176,54176,1400-2-12,2021-05-02
371,اخزا914,اسنادخزانه-م14بودجه99-021025,16,24954,14510844197,581525,578340,582000,475,0.08,581504,-21,0,578340,584670,1400-2-12,2021-05-02
372,رتاپ,تجارت الكترونيك  پارسيان,16,181089,1216918080,6920,6720,6720,-200,-2.89,6910,-10,-0.14,6720,6720,1400-2-12,2021-05-02
373,چدن,توليدي چدن سازان,16,9653,228776100,24430,23700,23700,-730,-2.99,24430,0,0,23700,23700,1400-2-12,2021-05-02
374,ولملت,واسپاري ملت,16,1300650,10093044000,8000,7760,7760,-240,-3,7950,-50,-0.63,7760,7760,1400-2-12,2021-05-02
375,بكام,كارخانجات توليدي شهيد قندي,16,54935,210950400,3950,3840,3840,-110,-2.78,3950,0,0,3840,3840,1400-2-12,2021-05-02
376,غصينو,صنعتي مينو,16,1578,102570000,67010,65000,65000,-2010,-3,67008,-2,0,65000,65000,1400-2-12,2021-05-02
377,سقاين,سيمان‌ قائن‌,16,5210,357614400,70760,68640,68640,-2120,-3,70740,-20,-0.03,68640,68640,1400-2-12,2021-05-02
378,اخزا814,اسنادخزانه-م14بودجه98-010318,15,31008,24984562590,805541,802501,806000,459,0.06,805746,205,0.03,802500,808997,1400-2-12,2021-05-02
379,برن0003پ01,برنج طارم0003تجارت مازندران(پ),15,979,271736000,275793,275000,278000,2207,0.8,277565,1772,0.64,275000,283000,1400-2-12,2021-05-02
380,وسديد,گروه ‌صنعتي‌سديد,15,89693,255266278,2904,2846,2846,-58,-2,2904,0,0,2846,2846,1400-2-12,2021-05-02
381,ولساپا,ليزينگ رايان‌ سايپا,15,52516,169101520,3310,3220,3220,-90,-2.72,3310,0,0,3220,3220,1400-2-12,2021-05-02
382,ولبهمن,شركت بهمن ليزينگ,15,577400,4288349800,7656,7427,7427,-229,-2.99,7636,-20,-0.26,7427,7427,1400-2-12,2021-05-02
383,ضپنا2000,اختيارخ رمپنا-10000-1400/02/12,15,171,809628000,5850,4600,4600,-1250,-21.37,4735,-1115,-19.06,4520,4825,1400-2-12,2021-05-02
384,ضملي7002,اختيارخ فملي-9720-1400/07/11,15,138,357800000,2828,2600,2500,-328,-11.6,2593,-235,-8.31,2500,2600,1400-2-12,2021-05-02
385,خمحركه,نيرو محركه‌,15,86945,388644150,4600,4470,4470,-130,-2.83,4599,-1,-0.02,4470,4470,1400-2-12,2021-05-02
386,ضترا3002,اختيارخ شتران-8000-1400/03/09,14,257,115870000,805,450,450,-355,-44.1,451,-354,-43.98,450,454,1400-2-12,2021-05-02
387,كزغال,زغال سنگ پروده طبس,14,7464,231630312,31992,31033,31033,-959,-3,31987,-5,-0.02,31033,31033,1400-2-12,2021-05-02
388,فسرب,ملي‌ سرب‌وروي‌ ايران‌,14,3690,282137400,78820,76460,76460,-2360,-2.99,78810,-10,-0.01,76460,76460,1400-2-12,2021-05-02
389,وملي,گروه‌ صنعتي‌ ملي‌ (هلدينگ‌,14,1724,285804720,170900,165780,165780,-5120,-3,170870,-30,-0.02,165780,165780,1400-2-12,2021-05-02
390,غپينو,پارس‌ مينو,14,18949,116536350,6340,6150,6150,-190,-3,6340,0,0,6150,6150,1400-2-12,2021-05-02
391,وپست,پست بانك ايران,14,28639,582517260,20960,20340,20340,-620,-2.96,20950,-10,-0.05,20340,20340,1400-2-12,2021-05-02
392,اخزا809,اسنادخزانه-م9بودجه98-000923,14,10023,8874227963,884388,882521,886000,1612,0.18,885386,998,0.11,882521,886000,1400-2-12,2021-05-02
393,زعف0008پ15,زعفران0008پوشالمعمول طلاسرخ(پ),14,1130,104638219,94356,89113,98484,4128,4.37,92600,-1756,-1.86,89106,98484,1400-2-12,2021-05-02
394,اخزا807,اسنادخزانه-م7بودجه98-000719,14,4743,4339344274,918000,914000,918600,600,0.07,914894,-3106,-0.34,912888,918600,1400-2-12,2021-05-02
395,وسلرستا,شركت س استان لرستان,14,254865,224281200,900,880,880,-20,-2.22,900,0,0,880,880,1400-2-12,2021-05-02
396,گنجين,صندوق س. گنجينه يكم آويد-د,14,49803,634564800,12729,12748,12744,15,0.12,12741,12,0.09,12734,12748,1400-2-12,2021-05-02
397,اخزا818,اسنادخزانه-م18بودجه98-010614,14,6120,4695671100,768010,766700,766900,-1110,-0.14,767266,-744,-0.1,766700,768500,1400-2-12,2021-05-02
398,فرابورس,فرابورس ايران,13,6364,193427416,31333,30394,30394,-939,-3,31329,-4,-0.01,30394,30394,1400-2-12,2021-05-02
399,ثشاهد,سرمايه‌ گذاري‌ شاهد,13,16532,279060160,17400,16880,16880,-520,-2.99,17400,0,0,16880,16880,1400-2-12,2021-05-02
400,شاروم,پتروشيمي اروميه,13,5088,95410176,19331,18752,18752,-579,-3,19330,-1,-0.01,18752,18752,1400-2-12,2021-05-02
401,پست0008پ02,پسته فندقي32-30طلاسبززرند0008,13,334,563096914,1636460,1564637,1718283,81823,5,1685919,49459,3.02,1564637,1718283,1400-2-12,2021-05-02
402,دتوليد,داروسازي توليد دارو,13,26641,687071390,26587,25790,25790,-797,-3,26576,-11,-0.04,25790,25790,1400-2-12,2021-05-02
403,ثبهساز,بهساز كاشانه تهران,13,106698,239003520,2300,2240,2240,-60,-2.61,2300,0,0,2240,2240,1400-2-12,2021-05-02
404,اخزا816,اسنادخزانه-م16بودجه98-010503,13,10429,8171620698,781641,781000,787000,5359,0.69,783548,1907,0.24,781000,787000,1400-2-12,2021-05-02
405,بمپنا,توليد برق عسلويه  مپنا,13,6970,475360970,70310,68201,68201,-2109,-3,70289,-21,-0.03,68201,68201,1400-2-12,2021-05-02
406,وبوعلي,سرمايه‌گذاري‌بوعلي‌,12,60222,337243200,5770,5600,5600,-170,-2.95,5770,0,0,5600,5600,1400-2-12,2021-05-02
407,چكارن,كارتن‌ ايران‌,12,44250,143370000,3330,3240,3240,-90,-2.7,3330,0,0,3240,3240,1400-2-12,2021-05-02
408,اخزا722,اسنادخزانه-م22بودجه97-000428,12,8708,8352494601,958961,959440,959450,489,0.05,959175,214,0.02,959000,959450,1400-2-12,2021-05-02
409,بخاور,بيمه زندگي خاورميانه,12,21211,139462325,6778,6575,6575,-203,-2.99,6777,-1,-0.01,6575,6575,1400-2-12,2021-05-02
410,ضملت3000,اختيارخ وبملت-3000-1400/03/19,12,198,325099000,1425,1500,1969,544,38.18,1642,217,15.23,1420,1969,1400-2-12,2021-05-02
411,ضصاد3002,اختيارخ وبصادر-2500-1400/03/12,12,308,44550000,114,150,138,24,21.05,145,31,27.19,137,150,1400-2-12,2021-05-02
412,بورس,بورس اوراق بهادار تهران,12,2188,74129440,34920,33880,33880,-1040,-2.98,34920,0,0,33880,33880,1400-2-12,2021-05-02
413,لسرما,سرما آفرين‌,12,33925,793505750,24110,23390,23390,-720,-2.99,24100,-10,-0.04,23390,23390,1400-2-12,2021-05-02
414,نوين,بيمه نوين,11,110929,637730821,5926,5749,5749,-177,-2.99,5924,-2,-0.03,5749,5749,1400-2-12,2021-05-02
415,وپترو,سرمايه‌گذاري صنايع پتروشيمي‌,11,39231,524518470,13780,13370,13370,-410,-2.98,13780,0,0,13370,13370,1400-2-12,2021-05-02
416,ضپاس2003,اختيارخ وپارس-3500-1400/02/29,11,465,465000,5,1,1,-4,-80,1,-4,-80,1,1,1400-2-12,2021-05-02
417,قيستو,شركت قند بيستون,11,421726,8193292728,18681,19428,19428,747,4,19269,588,3.15,19428,19428,1400-2-12,2021-05-02
418,كخاك,صنايع‌خاك‌چيني‌ايران‌,11,3314,130538460,40600,39390,39390,-1210,-2.98,40600,0,0,39390,39390,1400-2-12,2021-05-02
419,شفارا,پتروشيمي فارابي,11,415507,1537375900,3775,3700,3700,-75,-1.99,3769,-6,-0.16,3700,3700,1400-2-12,2021-05-02
420,شاملا,معدني‌ املاح‌  ايران‌,11,4311,209299050,50050,48550,48550,-1500,-3,50040,-10,-0.02,48550,48550,1400-2-12,2021-05-02
421,سغرب,سيمان‌غرب‌,11,11192,384333280,35400,34340,34340,-1060,-2.99,35390,-10,-0.03,34340,34340,1400-2-12,2021-05-02
422,خرينگ,رينگ‌سازي‌مشهد,11,3995,203265600,52450,50880,50880,-1570,-2.99,52440,-10,-0.02,50880,50880,1400-2-12,2021-05-02
423,ودي,بيمه  دي,10,14500,294553000,20942,20314,20314,-628,-3,20938,-4,-0.02,20314,20314,1400-2-12,2021-05-02
424,حخزر,كشتيراني درياي خزر,10,290182,8040653038,28565,27709,27709,-856,-3,28422,-143,-0.5,27709,27709,1400-2-12,2021-05-02
425,گواهي ظرفيت,گواهي ظرفيت نقدي,10,105200000,1574423200000,14966,14966,14966,0,0,14966,0,0,14966,14966,1400-2-12,2021-05-02
426,ثرود,سرمايه‌گذاري مسكن زاينده رود,10,15816,323468832,21084,20452,20452,-632,-3,21080,-4,-0.02,20452,20452,1400-2-12,2021-05-02
427,ضخود7072,اختيارخ خودرو-1400-1400/07/07,10,121,93325000,780,760,740,-40,-5.13,771,-9,-1.15,740,780,1400-2-12,2021-05-02
428,ضصاد3003,اختيارخ وبصادر-3000-1400/03/12,10,455,6990000,27,11,15,-12,-44.44,15,-12,-44.44,11,20,1400-2-12,2021-05-02
429,وبيمه,سرمايه‌ گذاري‌ صنعت‌ بيمه‌,10,72110,196139200,2800,2720,2720,-80,-2.86,2800,0,0,2720,2720,1400-2-12,2021-05-02
430,كپارس,كاشي‌ پارس‌,9,420,62626200,153720,149110,149110,-4610,-3,153710,-10,-0.01,149110,149110,1400-2-12,2021-05-02
431,ضصاد3000,اختيارخ وبصادر-1800-1400/03/12,9,830,413900000,613,510,480,-133,-21.7,499,-114,-18.6,480,520,1400-2-12,2021-05-02
432,خبازرس,بازرسي مهندسي و صنعتي ايران,9,213367,6558474846,31365,30738,30738,-627,-2,31154,-211,-0.67,30738,30738,1400-2-12,2021-05-02
433,ضملي3002,اختيارخ فملي-10000-1400/03/02,9,68,107051000,1823,1600,1461,-362,-19.86,1574,-249,-13.66,1400,1650,1400-2-12,2021-05-02
434,تليسه,دامداري تليسه نمونه,9,44570,188174540,4352,4222,4222,-130,-2.99,4351,-1,-0.02,4222,4222,1400-2-12,2021-05-02
435,اراد35,مرابحه عام دولت3-ش.خ 0103,9,125000,118533500000,948825,948825,945980,-2845,-0.3,948268,-557,-0.06,945980,948855,1400-2-12,2021-05-02
436,دامين,داروسازي‌ امين‌,9,34077,173111160,5230,5080,5080,-150,-2.87,5230,0,0,5080,5080,1400-2-12,2021-05-02
437,شكبير,پتروشيمي اميركبير,9,251300,21203688800,86097,84376,84376,-1721,-2,85722,-375,-0.44,84376,84376,1400-2-12,2021-05-02
438,دارو,كارخانجات‌داروپخش‌,9,5464,177580000,33500,32500,32500,-1000,-2.99,33500,0,0,32500,32500,1400-2-12,2021-05-02
439,اخزا811,اسنادخزانه-م11بودجه98-001013,9,961,841306477,878902,875000,875102,-3800,-0.43,875449,-3453,-0.39,875000,878800,1400-2-12,2021-05-02
440,كهمدا,شيشه‌ همدان‌,8,104175,1026123750,10150,9850,9850,-300,-2.96,10140,-10,-0.1,9850,9850,1400-2-12,2021-05-02
441,ضملت3004,اختيارخ وبملت-5000-1400/03/19,8,232,35472000,203,150,244,41,20.2,153,-50,-24.63,150,244,1400-2-12,2021-05-02
442,خكاوه,سايپا ديزل,8,14115,49924755,3609,3537,3537,-72,-2,3609,0,0,3537,3537,1400-2-12,2021-05-02
443,لابسا,آبسال‌,8,5754,295237740,52890,51310,51310,-1580,-2.99,52880,-10,-0.02,51310,51310,1400-2-12,2021-05-02
444,كگاز,شيشه‌ و گاز,8,2838,51708360,18780,18220,18220,-560,-2.98,18780,0,0,18220,18220,1400-2-12,2021-05-02
445,اخزا713,اسنادخزانه-م13بودجه97-000518,8,594,563254000,949000,946000,950000,1000,0.11,948239,-761,-0.08,946000,950000,1400-2-12,2021-05-02
446,تپكو,توليدتجهيزات‌سنگين‌هپكو,8,207503,1101840930,5418,5310,5310,-108,-1.99,5415,-3,-0.06,5310,5310,1400-2-12,2021-05-02
447,تملي702,تسهيلات مسكن ب. ملي-ارديبهشت97,8,180,81459450,471000,447450,447450,-23550,-5,452552,-18448,-3.92,447450,494550,1400-2-12,2021-05-02
448,اخزا804,اسنادخزانه-م4بودجه98-000421,8,1151,1110061952,964987,969998,962100,-2887,-0.3,964433,-554,-0.06,962100,969998,1400-2-12,2021-05-02
449,آرمان,بيمه آرمان,8,56000,442624000,8233,7904,7904,-329,-4,8225,-8,-0.1,7904,7904,1400-2-12,2021-05-02
450,خفولا,خدمات فني فولاد يزد,8,4458,190615164,43630,42758,42758,-872,-2,43622,-8,-0.02,42758,42758,1400-2-12,2021-05-02
451,زعف0008پ09,زعفران0008نگين نوين(پ),8,4326,526562600,125426,121700,122000,-3426,-2.73,121720,-3706,-2.95,121000,123300,1400-2-12,2021-05-02
452,وملت,سرمايه گذاري ملت,8,209756,904258116,4398,4311,4311,-87,-1.98,4390,-8,-0.18,4311,4311,1400-2-12,2021-05-02
453,اخزا820,اسنادخزانه-م20بودجه98-020806,8,11382,6929216440,608959,608958,607016,-1943,-0.32,608787,-172,-0.03,607016,608959,1400-2-12,2021-05-02
454,خمحور,توليدمحورخودرو,8,10364,639147880,63570,61670,61670,-1900,-2.99,63540,-30,-0.05,61670,61670,1400-2-12,2021-05-02
455,دزهراوي,داروسازي‌زهراوي‌,8,7033,59428850,8710,8450,8450,-260,-2.99,8710,0,0,8450,8450,1400-2-12,2021-05-02
456,سخاش,سيمان‌خاش‌,8,1936,278648480,148380,143930,143930,-4450,-3,148350,-30,-0.02,143930,143930,1400-2-12,2021-05-02
457,نگين,ص.س. زمين و ساختمان نگين شهرري,7,858,40852140,47600,47600,47530,-70,-0.15,47610,10,0.02,47530,48500,1400-2-12,2021-05-02
458,پرديس,سرمايه گذاري پرديس,7,10890,57390300,5430,5270,5270,-160,-2.95,5430,0,0,5270,5270,1400-2-12,2021-05-02
459,اميد,تامين سرمايه اميد,7,10278,77290560,7750,7520,7520,-230,-2.97,7750,0,0,7520,7520,1400-2-12,2021-05-02
460,غشهداب,كشت و صنعت شهداب ناب خراسان,7,31420,120841320,3964,3846,3846,-118,-2.98,3964,0,0,3846,3846,1400-2-12,2021-05-02
461,ضمخا7075,اختيارخ اخابر-8700-1400/07/28,7,53,84100000,2250,1900,1500,-750,-33.33,1587,-663,-29.47,1500,1900,1400-2-12,2021-05-02
462,حرهشا,رهشاد سپاهان (سهامي عام,7,57144,3633386952,64880,63583,63583,-1297,-2,64399,-481,-0.74,63583,63583,1400-2-12,2021-05-02
463,هجرتح,ح . پخش هجرت,7,23416,458251120,20175,19570,19570,-605,-3,19570,-605,-3,19570,19570,1400-2-12,2021-05-02
464,سيستم,همكاران سيستم,7,3840,95616000,25670,24900,24900,-770,-3,25670,0,0,24900,24900,1400-2-12,2021-05-02
465,كيسون,شركت كيسون,7,7550,84884650,11472,11243,11243,-229,-2,11471,-1,-0.01,11243,11243,1400-2-12,2021-05-02
466,كبافق,معادن‌ بافق‌,7,5832,273637440,48370,46920,46920,-1450,-3,48360,-10,-0.02,46920,46920,1400-2-12,2021-05-02
467,وكارح,ح . بانك‌ كارآفرين‌,7,30374,52547020,1840,1730,1730,-110,-5.98,1730,-110,-5.98,1730,1730,1400-2-12,2021-05-02
468,فنرژي,گسترش صنايع انرژي آذرآب,7,9054,168612642,19003,18623,18623,-380,-2,18996,-7,-0.04,18623,18623,1400-2-12,2021-05-02
469,اخزا813,اسنادخزانه-م13بودجه98-010219,7,3212,2632803270,816639,819990,816700,61,0.01,819677,3038,0.37,816700,820000,1400-2-12,2021-05-02
470,اخزا810,اسنادخزانه-م10بودجه98-001006,6,2750,2418594400,880194,877525,878300,-1894,-0.22,879489,-705,-0.08,877525,879999,1400-2-12,2021-05-02
471,كماسه,تامين‌ ماسه‌ ريخته‌گري‌,6,5469,231994980,43730,42420,42420,-1310,-3,43720,-10,-0.02,42420,42420,1400-2-12,2021-05-02
472,ساينا,صنايع بهداشتي ساينا,6,2589,377240601,150215,145709,145709,-4506,-3,150180,-35,-0.02,145709,145709,1400-2-12,2021-05-02
473,بالبر,كابل‌ البرز,6,1620,92826000,59070,57300,57300,-1770,-3,59070,0,0,57300,57300,1400-2-12,2021-05-02
474,رافزا,رايان هم افزا,6,2047,211932051,106735,103533,103533,-3202,-3,106721,-14,-0.01,103533,103533,1400-2-12,2021-05-02
475,تپمپي,پمپ‌ سازي‌ ايران‌,6,3822,71968260,19410,18830,18830,-580,-2.99,19410,0,0,18830,18830,1400-2-12,2021-05-02
476,چخزر,صنايع چوب خزر كاسپين,6,945,49420665,53914,52297,52297,-1617,-3,53912,-2,0,52297,52297,1400-2-12,2021-05-02
477,قصفها,قنداصفهان‌,6,1216,184795520,156670,151970,151970,-4700,-3,156650,-20,-0.01,151970,151970,1400-2-12,2021-05-02
478,ضترا3004,اختيارخ شتران-10000-1400/03/09,6,155,16510000,210,110,200,-10,-4.76,107,-103,-49.05,100,200,1400-2-12,2021-05-02
479,اخزا721,اسنادخزانه-م21بودجه97-000728,6,6339,5775257368,911190,908503,913997,2807,0.31,911068,-122,-0.01,908503,913997,1400-2-12,2021-05-02
480,ضملي3004,اختيارخ فملي-14000-1400/03/02,6,144,8104000,64,66,34,-30,-46.88,56,-8,-12.5,32,66,1400-2-12,2021-05-02
481,فبيرا,بسته‌ بندي‌ ايران‌,6,404131,1229366502,3104,3042,3042,-62,-2,3100,-4,-0.13,3042,3042,1400-2-12,2021-05-02
482,ضشنا2001,اختيارخ شپنا-10000-1400/02/27,6,140,51520000,657,300,450,-207,-31.51,368,-289,-43.99,300,450,1400-2-12,2021-05-02
483,غپاك,لبنيات‌ پاك‌,6,2679,80209260,30860,29940,29940,-920,-2.98,30860,0,0,29940,29940,1400-2-12,2021-05-02
484,ضخوز2012,اختيارخ فخوز-10000-1400/02/15,6,229,890188000,3500,3888,3700,200,5.71,3887,387,11.06,3700,4000,1400-2-12,2021-05-02
485,غگلپا,شير پاستوريزه پگاه گلپايگان,6,6084,388329552,65802,63828,63828,-1974,-3,65786,-16,-0.02,63828,63828,1400-2-12,2021-05-02
486,نبروج,نساجي بروجرد,6,6000,35592000,5816,5932,5932,116,1.99,5816,0,0,5932,5932,1400-2-12,2021-05-02
487,پسهند,صنايع‌ لاستيكي‌  سهند,6,5262,210374760,41210,39980,39980,-1230,-2.98,41200,-10,-0.02,39980,39980,1400-2-12,2021-05-02
488,ريشمك,توليد و صادرات ريشمك,6,854,46866666,56576,54879,54879,-1697,-3,56574,-2,0,54879,54879,1400-2-12,2021-05-02
489,دسبحان,سبحان دارو,6,3537,64514880,18800,18240,18240,-560,-2.98,18800,0,0,18240,18240,1400-2-12,2021-05-02
490,ضپاس7028,اختيارخ وپارس-2000-1400/07/28,6,137,88913000,680,644,650,-30,-4.41,649,-31,-4.56,644,650,1400-2-12,2021-05-02
491,اخزا821,اسنادخزانه-م21بودجه98-020906,6,629,377400879,600001,600001,600004,3,0,600001,0,0,600000,600004,1400-2-12,2021-05-02
492,ضجار2001,اختيارخ وتجارت-2000-1400/02/22,6,117,64652000,530,560,457,-73,-13.77,553,23,4.34,457,560,1400-2-12,2021-05-02
493,تملي612,تسهيلات مسكن بانك ملي-اسفند96,5,45,22247235,520403,494383,494383,-26020,-5,494383,-26020,-5,494383,494383,1400-2-12,2021-05-02
494,شستان,پتروشيمي گلستان,5,107500,407855000,3871,3794,3794,-77,-1.99,3868,-3,-0.08,3794,3794,1400-2-12,2021-05-02
495,ورنا,سرمايه‌گذاري‌ رنا(هلدينگ‌,5,26857,142610670,5470,5310,5310,-160,-2.93,5470,0,0,5310,5310,1400-2-12,2021-05-02
496,بميلا,توسعه بازرگاني آهن وفولادميلاد,5,10524,144652380,14025,13745,13745,-280,-2,14023,-2,-0.01,13745,13745,1400-2-12,2021-05-02
497,سجام,مجتمع سيمان غرب آسيا,5,6921,29843352,4399,4312,4312,-87,-1.98,4399,0,0,4312,4312,1400-2-12,2021-05-02
498,زير0003پ04,زيره سبز0003شركت مينوبذر(پ),5,190,105521920,560938,570000,588993,28055,5,555378,-5560,-0.99,532899,588993,1400-2-12,2021-05-02
499,بنيرو,نيروترانس‌,5,12800,187008000,15060,14610,14610,-450,-2.99,15060,0,0,14610,14610,1400-2-12,2021-05-02
500,دتماد,توليدمواداوليه‌داروپخش‌,5,4022,172905780,44310,42990,42990,-1320,-2.98,44310,0,0,42990,42990,1400-2-12,2021-05-02
501,شراز,پالايش نفت شيراز,5,798,85801758,110846,107521,107521,-3325,-3,110840,-6,-0.01,107521,107521,1400-2-12,2021-05-02
502,نمرينو,ايران‌ مرينوس‌,5,1044,114735600,113290,109900,109900,-3390,-2.99,113280,-10,-0.01,109900,109900,1400-2-12,2021-05-02
503,بزاگرس,نيروگاه زاگرس كوثر,5,3910,27147130,7157,6943,6943,-214,-2.99,7157,0,0,6943,6943,1400-2-12,2021-05-02
504,ياقوت2,صندوق س ياقوت آگاه-ثابت,5,1460000,1460000,12346,1,1,-12345,-99.99,1,-12345,-99.99,1,1,1400-2-12,2021-05-02
505,كحافظ,كاشي‌ وسراميك‌ حافظ‌,5,3450,40123500,11980,11630,11630,-350,-2.92,11980,0,0,11630,11630,1400-2-12,2021-05-02
506,سيمرغ,سيمرغ,5,2638,46771740,18270,17730,17730,-540,-2.96,18270,0,0,17730,17730,1400-2-12,2021-05-02
507,فلوله,لوله‌وماشين‌سازي‌ايران‌,5,17798,382657000,22160,21500,21500,-660,-2.98,22150,-10,-0.05,21500,21500,1400-2-12,2021-05-02
508,آپ,آسان پرداخت پرشين,5,3663,61868070,17410,16890,16890,-520,-2.99,17410,0,0,16890,16890,1400-2-12,2021-05-02
509,زبينا,كشاورزي و دامپروري بينالود,5,40632,153995280,3907,3790,3790,-117,-2.99,3907,0,0,3790,3790,1400-2-12,2021-05-02
510,سفار,سيمان‌فارس‌,5,22500,3339900000,153030,148440,148440,-4590,-3,152710,-320,-0.21,148440,148440,1400-2-12,2021-05-02
511,فپنتا,سپنتا,5,145,57103900,406000,393820,393820,-12180,-3,405990,-10,0,393820,393820,1400-2-12,2021-05-02
512,خشرق,الكتريك‌ خودرو شرق‌,5,2825,40962500,14940,14500,14500,-440,-2.95,14940,0,0,14500,14500,1400-2-12,2021-05-02
513,ضجار2004,اختيارخ وتجارت-3500-1400/02/22,5,150,300000,5,2,2,-3,-60,2,-3,-60,2,2,1400-2-12,2021-05-02
514,صايپا012,صكوك مرابحه سايپا012-3ماهه 16%,5,45000,45000090000,1000002,1000002,1000002,0,0,1000002,0,0,1000002,1000002,1400-2-12,2021-05-02
515,وكادو,تكادو,4,103152,1636506480,16188,15865,15865,-323,-2,16161,-27,-0.17,15865,15865,1400-2-12,2021-05-02
516,سخند,صندوق س.سپهرخبرگان نفت-د,4,51950,526409350,10130,10133,10133,3,0.03,10133,3,0.03,10133,10133,1400-2-12,2021-05-02
517,دالبر,البرزدارو,4,4721,67604720,14760,14320,14320,-440,-2.98,14760,0,0,14320,14320,1400-2-12,2021-05-02
518,دابور,داروسازي‌ ابوريحان‌,4,2648,97631760,38010,36870,36870,-1140,-3,38010,0,0,36870,36870,1400-2-12,2021-05-02
519,اراد50,مرابحه عام دولت5-ش.خ0302,4,67300,67300000000,1000000,1000000,1000000,0,0,1000000,0,0,1000000,1000000,1400-2-12,2021-05-02
520,اخزا723,اسنادخزانه-م23بودجه97-000824,4,4283,3854670030,899000,900000,899001,1,0,899993,993,0.11,899001,900000,1400-2-12,2021-05-02
521,سنفت010,سلف موازي استاندارد سنفت010,4,328000,501462800000,1507780,1528850,1528850,21070,1.4,1528850,21070,1.4,1528850,1528850,1400-2-12,2021-05-02
522,وصنا,گروه‌صنايع‌بهشهرايران‌,4,6853,37554440,5640,5480,5480,-160,-2.84,5640,0,0,5480,5480,1400-2-12,2021-05-02
523,شگل,گلتاش‌,4,6500,63635000,10090,9790,9790,-300,-2.97,10090,0,0,9790,9790,1400-2-12,2021-05-02
524,كمينا,شيشه سازي مينا,4,4540,111924620,25156,24653,24653,-503,-2,25153,-3,-0.01,24653,24653,1400-2-12,2021-05-02
525,تكنار,مجتمع معادن مس تكنار,4,197,22240512,117600,112896,112896,-4704,-4,117595,-5,0,112896,112896,1400-2-12,2021-05-02
526,شجم,صنايع پتروشيمي تخت جمشيد,4,44500,448070500,10274,10069,10069,-205,-2,10270,-4,-0.04,10069,10069,1400-2-12,2021-05-02
527,ضشنا2004,اختيارخ شپنا-16000-1400/02/27,4,101,700000,8,7,30,22,275,7,-1,-12.5,5,30,1400-2-12,2021-05-02
528,كمنگنز,معادن‌منگنزايران‌,4,10220,876671600,88430,85780,85780,-2650,-3,88380,-50,-0.06,85780,85780,1400-2-12,2021-05-02
529,دلقما,دارويي‌ لقمان‌,4,1000,25090000,25860,25090,25090,-770,-2.98,25860,0,0,25090,25090,1400-2-12,2021-05-02
530,كيميا,معدني كيمياي زنجان گستران,4,8607,147730548,17694,17164,17164,-530,-3,17692,-2,-0.01,17164,17164,1400-2-12,2021-05-02
531,ثفارس,عمران‌وتوسعه‌فارس‌,4,3350,32528500,10010,9710,9710,-300,-3,10010,0,0,9710,9710,1400-2-12,2021-05-02
532,ولتجار,واسپاري تجارت وسرمايه ايرانيان,4,52600,424850200,8241,8077,8077,-164,-1.99,8237,-4,-0.05,8077,8077,1400-2-12,2021-05-02
533,نيرو,نيرو سرمايه,4,3300,170827800,53922,51766,51766,-2156,-4,53903,-19,-0.04,51766,51766,1400-2-12,2021-05-02
534,اعتلا,شركت سرمايه گذاري اعتلاء البرز,4,6487,45687941,7260,7043,7043,-217,-2.99,7260,0,0,7043,7043,1400-2-12,2021-05-02
535,بذر,صندوق س بذر اميد آفرين-سهام,4,985,91323350,94050,92790,92020,-2030,-2.16,92710,-1340,-1.42,92010,92900,1400-2-12,2021-05-02
536,خكمك,كمك‌فنرايندامين‌,4,5690,149760800,27130,26320,26320,-810,-2.99,27130,0,0,26320,26320,1400-2-12,2021-05-02
537,سباقر,سيمان باقران,4,12000,187416000,15936,15618,15618,-318,-2,15933,-3,-0.02,15618,15618,1400-2-12,2021-05-02
538,زدشت,كشت و صنعت دشت خرم دره,4,6750,192699000,29430,28548,28548,-882,-3,29426,-4,-0.01,28548,28548,1400-2-12,2021-05-02
539,تملي711,تسهيلات مسكن ب. ملي-بهمن97,4,69,34383443,496375,521193,471557,-24818,-5,498311,1936,0.39,471557,521193,1400-2-12,2021-05-02
540,اخزا716,اسنادخزانه-م16بودجه97-000407,4,1075,1046637381,972000,968502,974000,2000,0.21,973616,1616,0.17,968501,974000,1400-2-12,2021-05-02
541,ملت,بيمه ملت,4,6435,97361550,15590,15130,15130,-460,-2.95,15590,0,0,15130,15130,1400-2-12,2021-05-02
542,سصوفي,سيمان‌ صوفيان‌,4,4089,78835920,19870,19280,19280,-590,-2.97,19870,0,0,19280,19280,1400-2-12,2021-05-02
543,طخوز2019,اختيارف فخوز-28000-1400/02/15,4,400,5440000000,1,13600,13600,13599,1359900,13600,13599,1359900,13600,13600,1400-2-12,2021-05-02
544,پكوير,كوير تاير,4,5228,65245440,12860,12480,12480,-380,-2.95,12860,0,0,12480,12480,1400-2-12,2021-05-02
545,فسا,پتروشيمي فسا,4,10043,17083143,1771,1701,1701,-70,-3.95,1771,0,0,1701,1701,1400-2-12,2021-05-02
546,رتكو,كنترل‌خوردگي‌تكين‌كو,4,4573,80164690,18070,17530,17530,-540,-2.99,18070,0,0,17530,17530,1400-2-12,2021-05-02
547,شوينده,مديريت صنعت شوينده ت.ص.بهشهر,4,2727,68747670,25980,25210,25210,-770,-2.96,25980,0,0,25210,25210,1400-2-12,2021-05-02
548,كسرا,سراميك‌هاي‌صنعتي‌اردكان‌,4,6100,123220000,20820,20200,20200,-620,-2.98,20820,0,0,20200,20200,1400-2-12,2021-05-02
549,زفكا,كشت و دامداري فكا,4,46711,575853208,12709,12328,12328,-381,-3,12704,-5,-0.04,12328,12328,1400-2-12,2021-05-02
550,حريل,ريل پردازسير,3,3000,16230000,5577,5410,5410,-167,-2.99,5577,0,0,5410,5410,1400-2-12,2021-05-02
551,وحافظ,بيمه حافظ,3,587,37081377,65803,63171,63171,-2632,-4,65793,-10,-0.02,63171,63171,1400-2-12,2021-05-02
552,تكنو,تكنوتار,3,49000,1045660000,22000,21340,21340,-660,-3,21990,-10,-0.05,21340,21340,1400-2-12,2021-05-02
553,فرآور,فرآوري‌موادمعدني‌ايران‌,3,499,16985960,35090,34040,34040,-1050,-2.99,35090,0,0,34040,34040,1400-2-12,2021-05-02
554,صايپا112,صكوك مرابحه سايپا112-3ماهه 16%,3,30000,29501130000,983371,983371,983371,0,0,983371,0,0,983371,983371,1400-2-12,2021-05-02
555,اشاد1,مشاركت دولتي1-شرايط خاص001026,3,1100,1097240000,950000,997480,997500,47500,5,997491,47491,5,997480,997500,1400-2-12,2021-05-02
556,بالاس,مهندسي ساختمان تاسيسات راه آهن,3,3549,198580746,57684,55954,55954,-1730,-3,57677,-7,-0.01,55954,55954,1400-2-12,2021-05-02
557,زگلدشت,كشت و دام گلدشت نمونه اصفهان,3,1180,15986640,13966,13548,13548,-418,-2.99,13966,0,0,13548,13548,1400-2-12,2021-05-02
558,گدنا,تهيه توزيع غذاي دنا آفرين فدك,3,1123,36959053,33928,32911,32911,-1017,-3,33927,-1,0,32911,32911,1400-2-12,2021-05-02
559,كابگن,توليدي و صنعتي آبگينه‌,3,8263,42876707,5138,5189,5189,51,0.99,5138,0,0,5189,5189,1400-2-12,2021-05-02
560,دسينا,داروسازي‌ سينا,3,3780,87544800,23870,23160,23160,-710,-2.97,23870,0,0,23160,23160,1400-2-12,2021-05-02
561,شپاكسا,پاكسان‌,3,880,23276000,27260,26450,26450,-810,-2.97,27260,0,0,26450,26450,1400-2-12,2021-05-02
562,زعف0008پ12,زعفران0008پوشالمعمول سحرخيز(پ),3,210,19030490,89000,91999,89106,106,0.12,90621,1621,1.82,89106,91999,1400-2-12,2021-05-02
563,خنصير,مهندسي‌نصيرماشين‌,3,700,73661000,108480,105230,105230,-3250,-3,108480,0,0,105230,105230,1400-2-12,2021-05-02
564,آينده,بازرگاني آينده سازان بهشت پارس,3,5439,105853818,19859,19462,19462,-397,-2,19857,-2,-0.01,19462,19462,1400-2-12,2021-05-02
565,فمراد,آلومراد,3,387,53990370,143820,139510,139510,-4310,-3,143820,0,0,139510,139510,1400-2-12,2021-05-02
566,پكرمان,گروه‌ صنعتي‌ بارز,3,805,19714450,25240,24490,24490,-750,-2.97,25240,0,0,24490,24490,1400-2-12,2021-05-02
567,اراد33,مرابحه عام دولت3-ش.خ 0303,3,3000,2746666000,891032,875000,876000,-15032,-1.69,915555,24523,2.75,875000,935583,1400-2-12,2021-05-02
568,تمحركه,ماشين سازي نيرو محركه,3,2440,60777960,25417,24909,24909,-508,-2,25415,-2,-0.01,24909,24909,1400-2-12,2021-05-02
569,قاسم,قاسم ايران,3,17900,226775100,13060,12669,12669,-391,-2.99,13058,-2,-0.02,12669,12669,1400-2-12,2021-05-02
570,شسينا,صنايع‌شيميايي‌سينا,3,240,30844800,132490,128520,128520,-3970,-3,132490,0,0,128520,128520,1400-2-12,2021-05-02
571,ثجوان,تامين مسكن جوانان,3,28323,308295855,11107,10885,10885,-222,-2,11104,-3,-0.03,10885,10885,1400-2-12,2021-05-02
572,ضشنا8001,اختيارخ شپنا-6800-1400/08/16,3,55,182600000,4300,3320,3320,-980,-22.79,3320,-980,-22.79,3320,3320,1400-2-12,2021-05-02
573,ركيش,كارت اعتباري ايران كيش,3,25910,597484600,23770,23060,23060,-710,-2.99,23760,-10,-0.04,23060,23060,1400-2-12,2021-05-02
574,زشريف,كشت وصنعت شريف آباد,3,3594,18164076,5210,5054,5054,-156,-2.99,5210,0,0,5054,5054,1400-2-12,2021-05-02
575,كسعدي,كاشي‌ سعدي‌,3,1010,20927200,21360,20720,20720,-640,-3,21360,0,0,20720,20720,1400-2-12,2021-05-02
576,ضخوز2013,اختيارخ فخوز-12000-1400/02/15,3,20,37500000,2222,1500,2000,-222,-9.99,1875,-347,-15.62,1500,2000,1400-2-12,2021-05-02
577,تملي709,تسهيلات مسكن ب. ملي-آذر97,3,21,14999460,680248,714260,714260,34012,5,714260,34012,5,714260,714260,1400-2-12,2021-05-02
578,دسانكو,داروسازي سبحان انكولوژي,3,3850,55232100,14789,14346,14346,-443,-3,14788,-1,-0.01,14346,14346,1400-2-12,2021-05-02
579,وگستر,گسترش سرمايه گذاري ايرانيان,3,10600,198177600,19274,18696,18696,-578,-3,19272,-2,-0.01,18696,18696,1400-2-12,2021-05-02
580,وتوكا,سرمايه‌گذاري‌توكافولاد(هلدينگ,3,5400,62640000,11950,11600,11600,-350,-2.93,11950,0,0,11600,11600,1400-2-12,2021-05-02
581,خاذين,سايپاآذين‌,3,7752,35736720,4750,4610,4610,-140,-2.95,4750,0,0,4610,4610,1400-2-12,2021-05-02
582,خموتور,موتورسازان‌تراكتورسازي‌ايران‌,3,1318,19150540,14970,14530,14530,-440,-2.94,14970,0,0,14530,14530,1400-2-12,2021-05-02
583,ضفلا3003,اختيارخ فولاد-7133-1400/03/19,3,16,35286000,2533,1802,2310,-223,-8.8,2205,-328,-12.95,1802,2310,1400-2-12,2021-05-02
584,نطرين,عطرين نخ قم,3,2170,25530050,12128,11765,11765,-363,-2.99,12128,0,0,11765,11765,1400-2-12,2021-05-02
585,ثنور,سرمايه گذاري كوه نور,3,13035,123780360,9689,9496,9496,-193,-1.99,9688,-1,-0.01,9496,9496,1400-2-12,2021-05-02
586,دبالك,مواد اوليه دارويي البرز بالك,3,1286,25978486,20825,20201,20201,-624,-3,20825,0,0,20201,20201,1400-2-12,2021-05-02
587,اخزا718,اسنادخزانه-م18بودجه97-000525,3,5340,5040959994,942674,944000,944000,1326,0.14,944000,1326,0.14,943999,944000,1400-2-12,2021-05-02
588,سميعا002,سلف موازي استاندارد سميعا002,3,500000,647799000000,1293334,1295598,1295598,2264,0.18,1295598,2264,0.18,1295598,1295598,1400-2-12,2021-05-02
589,زقيام,كشت و دام قيام اصفهان,2,1355,38052465,28951,28083,28083,-868,-3,28950,-1,0,28083,28083,1400-2-12,2021-05-02
590,آوا2,صندوق س.سهام آواي معيار-س,2,15000000,15000000,6462,1,1,-6461,-99.98,1,-6461,-99.98,1,1,1400-2-12,2021-05-02
591,تكشا,گسترش‌صنايع‌وخدمات‌كشاورزي‌,2,2111,95163880,46470,45080,45080,-1390,-2.99,46470,0,0,45080,45080,1400-2-12,2021-05-02
592,افران2,صندوق س افرا نماد پايدار-ثابت,2,5500000,5500000,13208,1,1,-13207,-99.99,1,-13207,-99.99,1,1,1400-2-12,2021-05-02
593,ضچاد7032,اختيارخ كچاد-15870-1400/07/04,2,4,21080000,1,5270,5270,5269,526900,5270,5269,526900,5270,5270,1400-2-12,2021-05-02
594,غگلستا,شير پاستوريزه پگاه گلستان,2,625,17290625,28520,27665,27665,-855,-3,28520,0,0,27665,27665,1400-2-12,2021-05-02
595,سخزر,سيمان‌ خزر,2,508,15011400,30460,29550,29550,-910,-2.99,30460,0,0,29550,29550,1400-2-12,2021-05-02
596,فوكا,فولاد كاويان,2,2212,25827312,11914,11676,11676,-238,-2,11914,0,0,11676,11676,1400-2-12,2021-05-02
597,شزنگ,تجهيزنيروي‌زنگان‌,2,43,9884367,234560,229869,229869,-4691,-2,234558,-2,0,229869,229869,1400-2-12,2021-05-02
598,تشتاد,صنايع توليدي اشتاد ايران‌,2,1358,20454196,15689,15062,15062,-627,-4,15688,-1,-0.01,15062,15062,1400-2-12,2021-05-02
599,پلاسك,پلاسكوكار,2,3748,27173000,7470,7250,7250,-220,-2.95,7470,0,0,7250,7250,1400-2-12,2021-05-02
600,دفارا,داروسازي‌ فارابي‌,2,400,25008000,64450,62520,62520,-1930,-2.99,64450,0,0,62520,62520,1400-2-12,2021-05-02
601,كباده,توليد خاك نسوزاستقلال آباده,2,100000,917100000,8735,9171,9171,436,4.99,8754,19,0.22,9171,9171,1400-2-12,2021-05-02
602,ثاباد,توريستي ورفاهي آبادگران ايران,2,210,11039700,54190,52570,52570,-1620,-2.99,54190,0,0,52570,52570,1400-2-12,2021-05-02
603,شسم,توليد سموم‌ علف‌ كش,2,68,6358408,89910,93506,93506,3596,4,89912,2,0,93506,93506,1400-2-12,2021-05-02
604,غبشهر,صنعتي‌ بهشهر,2,16295,400368150,25320,24570,24570,-750,-2.96,25310,-10,-0.04,24570,24570,1400-2-12,2021-05-02
605,اخزا720,اسنادخزانه-م20بودجه97-000324,2,263,256717456,974923,976112,976112,1189,0.12,976112,1189,0.12,976112,976112,1400-2-12,2021-05-02
606,زكوثر,سرمايه گذاري كشاورزي كوثر,2,974,20463740,21650,21010,21010,-640,-2.96,21650,0,0,21010,21010,1400-2-12,2021-05-02
607,فزرين,زرين معدن آسيا,2,8325,217798650,26971,26162,26162,-809,-3,26967,-4,-0.01,26162,26162,1400-2-12,2021-05-02
608,سهگمت,سيمان‌هگمتان‌,2,750,18030000,24780,24040,24040,-740,-2.99,24780,0,0,24040,24040,1400-2-12,2021-05-02
609,سمگا,گروه سرمايه گذاري ميراث فرهنگي,2,475,13214500,28680,27820,27820,-860,-3,28680,0,0,27820,27820,1400-2-12,2021-05-02
610,حآسا,آسيا سير ارس,2,300,13062300,44887,43541,43541,-1346,-3,44887,0,0,43541,43541,1400-2-12,2021-05-02
611,اراد354,مرابحه عام دولت3-ش.خ 0103,2,2800000,2654050000000,948825,947875,947875,-950,-0.1,947875,-950,-0.1,947875,947875,1400-2-12,2021-05-02
612,ضجار2000,اختيارخ وتجارت-1800-1400/02/22,2,2,1400000,890,700,700,-190,-21.35,700,-190,-21.35,700,700,1400-2-12,2021-05-02
613,تاپكيش,تجارت الكترونيك پارسيان كيش,2,3000,52974000,18204,17658,17658,-546,-3,18203,-1,-0.01,17658,17658,1400-2-12,2021-05-02
614,بنو,بيمه تجارت نو,2,347,10726464,31868,30912,30912,-956,-3,31868,0,0,30912,30912,1400-2-12,2021-05-02
615,شكربن,كربن‌ ايران‌,2,414,34999560,87150,84540,84540,-2610,-2.99,87150,0,0,84540,84540,1400-2-12,2021-05-02
616,وتعاون,بيمه  تعاون,2,5000,30915000,6309,6183,6183,-126,-2,6309,0,0,6183,6183,1400-2-12,2021-05-02
617,فجام,جام‌دارو,2,10500,105315000,10330,10030,10030,-300,-2.9,10330,0,0,10030,10030,1400-2-12,2021-05-02
618,غگرجي,بيسكويت‌  گرجي‌,2,800,14168000,18250,17710,17710,-540,-2.96,18250,0,0,17710,17710,1400-2-12,2021-05-02
619,شتهران,داروسازي تهران شيمي,2,3961,31149304,7710,7864,7864,154,2,7710,0,0,7864,7864,1400-2-12,2021-05-02
620,خزر,فنرسازي‌زر,2,280,12924800,47580,46160,46160,-1420,-2.98,47580,0,0,46160,46160,1400-2-12,2021-05-02
621,ثنوسا,نوسازي‌وساختمان‌تهران‌,2,1647,20768670,13000,12610,12610,-390,-3,13000,0,0,12610,12610,1400-2-12,2021-05-02
622,وساغربي,شركت س استان آذربايجان غربي,2,14000,10500000,770,750,750,-20,-2.6,770,0,0,750,750,1400-2-12,2021-05-02
623,اخزا805,اسنادخزانه-م5بودجه98-000422,2,118,113398217,965685,961010,961001,-4684,-0.49,961002,-4683,-0.48,961001,961010,1400-2-12,2021-05-02
624,كلوند,كاشي‌ الوند,2,812,36621200,46490,45100,45100,-1390,-2.99,46490,0,0,45100,45100,1400-2-12,2021-05-02
625,ضشنا2000,اختيارخ شپنا-9000-1400/02/27,2,2,2232000,1332,1332,900,-432,-32.43,1116,-216,-16.22,900,1332,1400-2-12,2021-05-02
626,غويتا,ويتانا,2,1380,24045120,17962,17424,17424,-538,-3,17962,0,0,17424,17424,1400-2-12,2021-05-02
627,ثباغ2,شهر سازي و خانه سازي باغميشه,2,13100000,197521800000,15544,15078,15078,-466,-3,15078,-466,-3,15078,15078,1400-2-12,2021-05-02
628,شلعاب,لعابيران‌,2,1534,32612840,21910,21260,21260,-650,-2.97,21910,0,0,21260,21260,1400-2-12,2021-05-02
629,شتوكا,توكا رنگ فولاد سپاهان,2,1014,50725350,51572,50025,50025,-1547,-3,51570,-2,0,50025,50025,1400-2-12,2021-05-02
630,حتوكا,حمل‌ونقل‌توكا,2,505,15018700,30650,29740,29740,-910,-2.97,30650,0,0,29740,29740,1400-2-12,2021-05-02
631,كوثر,بيمه كوثر,2,2750,39129750,14669,14229,14229,-440,-3,14669,0,0,14229,14229,1400-2-12,2021-05-02
632,وزمين,بانك ايران زمين,2,1256,16297856,13240,12976,12976,-264,-1.99,13240,0,0,12976,12976,1400-2-12,2021-05-02
633,غشهد,شهد ايران ‌,2,1466,10349960,7270,7060,7060,-210,-2.89,7270,0,0,7060,7060,1400-2-12,2021-05-02
634,پست0008پ04,پسته فندقي32-30سبزدانه0008(پ),2,7,11863992,1531605,1699998,1688000,156395,10.21,1694856,163251,10.66,1688000,1699998,1400-2-12,2021-05-02
635,كپرور,فرآوري زغال سنگ پروده طبس,2,900,31831200,36461,35368,35368,-1093,-3,36460,-1,0,35368,35368,1400-2-12,2021-05-02
636,ولغدر,ليزينگ‌خودروغدير,2,2530,60391100,24600,23870,23870,-730,-2.97,24600,0,0,23870,23870,1400-2-12,2021-05-02
637,زشگزا,شير و گوشت زاگرس شهركرد,2,1947,15554583,8236,7989,7989,-247,-3,8236,0,0,7989,7989,1400-2-12,2021-05-02
638,خمهر,مهركام‌پارس‌,2,4359,10287240,2430,2360,2360,-70,-2.88,2430,0,0,2360,2360,1400-2-12,2021-05-02
639,غفارس,شير پاستوريزه پگاه فارس,2,4931,87648525,18324,17775,17775,-549,-3,18323,-1,-0.01,17775,17775,1400-2-12,2021-05-02
640,غبهنوش,بهنوش‌ ايران‌,2,687,47684670,71550,69410,69410,-2140,-2.99,71550,0,0,69410,69410,1400-2-12,2021-05-02
641,پخش,پخش البرز,2,390,12016290,31763,30811,30811,-952,-3,31763,0,0,30811,30811,1400-2-12,2021-05-02
642,زير0003پ02,زيره سبز0003 دانش(پ),2,35,18653500,496934,533000,532900,35966,7.24,532957,36023,7.25,532900,533000,1400-2-12,2021-05-02
643,كطبس,ذغال‌سنگ‌ نگين‌ ط‌بس‌,2,189,14976360,81690,79240,79240,-2450,-3,81690,0,0,79240,79240,1400-2-12,2021-05-02
644,ضپنا2003,اختيارخ رمپنا-16000-1400/02/12,2,27,37000,13,2,1,-12,-92.31,1,-12,-92.31,1,2,1400-2-12,2021-05-02
645,وگردش,بانك گردشگري,2,773,12898278,17026,16686,16686,-340,-2,17026,0,0,16686,16686,1400-2-12,2021-05-02
646,ومعلم,بيمه معلم,2,11500,55625500,4986,4837,4837,-149,-2.99,4986,0,0,4837,4837,1400-2-12,2021-05-02
647,ضترا3000,اختيارخ شتران-6000-1400/03/09,2,55,129000000,2511,2300,2350,-161,-6.41,2345,-166,-6.61,2300,2350,1400-2-12,2021-05-02
648,ضپاس2000,اختيارخ وپارس-2000-1400/02/29,2,43,22360000,421,520,520,99,23.52,520,99,23.52,520,520,1400-2-12,2021-05-02
649,وتوصا,گروه س توسعه صنعتي ايران,2,33815,404765550,12340,11970,11970,-370,-3,12340,0,0,11970,11970,1400-2-12,2021-05-02
650,وصنعت2,سرمايه گذاري توسعه صنعت وتجارت,2,30000000,173100000000,5940,5770,5770,-170,-2.86,5770,-170,-2.86,5770,5770,1400-2-12,2021-05-02
651,كلر,كلر پارس,2,84,10764180,132108,128145,128145,-3963,-3,132107,-1,0,128145,128145,1400-2-12,2021-05-02
652,تملي809,تسهيلات مسكن ب. ملي-آذر98,2,43,16899430,374296,393010,393010,18714,5,393010,18714,5,393010,393010,1400-2-12,2021-05-02
653,غمينو,شركت صنايع غذايي مينو شرق,2,1060,11746920,11424,11082,11082,-342,-2.99,11424,0,0,11082,11082,1400-2-12,2021-05-02
654,داوه,داروسازي آوه سينا,2,576,11276352,20182,19577,19577,-605,-3,20182,0,0,19577,19577,1400-2-12,2021-05-02
655,هجرت,پخش هجرت,1,185,5038475,28077,27235,27235,-842,-3,28077,0,0,27235,27235,1400-2-12,2021-05-02
656,اخزا819,اسنادخزانه-م19بودجه98-020322,1,20110,14740630000,728841,733000,733000,4159,0.57,733000,4159,0.57,733000,733000,1400-2-12,2021-05-02
657,خپويش,سازه‌ پويش‌,1,170,9948400,60320,58520,58520,-1800,-2.98,60320,0,0,58520,58520,1400-2-12,2021-05-02
658,زماهان,مجتمع توليد گوشت مرغ ماهان,1,2000,39966000,20601,19983,19983,-618,-3,20600,-1,0,19983,19983,1400-2-12,2021-05-02
659,شستا003,اجاره تامين اجتماعي-سپهر000523,1,10919,10825402332,991428,991428,991428,0,0,991428,0,0,991428,991428,1400-2-12,2021-05-02
660,غديس,پاكديس,1,385,5016935,13434,13031,13031,-403,-3,13434,0,0,13031,13031,1400-2-12,2021-05-02
661,پست0008پ08,پسته فندقي32-30مه ولات0008(پ),1,10,16400000,1588728,1640000,1640000,51272,3.23,1640000,51272,3.23,1640000,1640000,1400-2-12,2021-05-02
662,اروند01,منفعت صبا اروند اميد14001113,1,71,70368100,919834,991100,991100,71266,7.75,991100,71266,7.75,991100,991100,1400-2-12,2021-05-02
663,لپيام,گسترش صنايع پيام,1,100,5377600,54873,53776,53776,-1097,-2,54873,0,0,53776,53776,1400-2-12,2021-05-02
664,حپارسا,توسعه حمل و نقل ريلي پارسيان,1,210,7176330,35229,34173,34173,-1056,-3,35229,0,0,34173,34173,1400-2-12,2021-05-02
665,ضترا3001,اختيارخ شتران-7000-1400/03/09,1,5,6250000,1962,1250,1250,-712,-36.29,1250,-712,-36.29,1250,1250,1400-2-12,2021-05-02
666,غدشت,دشت‌ مرغاب‌,1,200,55906000,288170,279530,279530,-8640,-3,288160,-10,0,279530,279530,1400-2-12,2021-05-02
667,غدام,خوراك‌  دام‌ پارس‌,1,80,30623200,394620,382790,382790,-11830,-3,394610,-10,0,382790,382790,1400-2-12,2021-05-02
668,خعمرا,توسعه و عمران شهرستان نائين,1,100,2341700,22735,23417,23417,682,3,22735,0,0,23417,23417,1400-2-12,2021-05-02
669,وساربيل,شركت س استان اردبيل,1,7900,9875000,1280,1250,1250,-30,-2.34,1280,0,0,1250,1250,1400-2-12,2021-05-02
670,شرق1400,مشاركت ليزينگ ايران وشرق140010,1,5,4999150,1006141,999830,999830,-6311,-0.63,999830,-6311,-0.63,999830,999830,1400-2-12,2021-05-02
671,سصفها,سيمان‌اصفهان‌,1,172,21185240,126970,123170,123170,-3800,-2.99,126970,0,0,123170,123170,1400-2-12,2021-05-02
672,جم2,پتروشيمي جم,1,14300000,511225000000,35750,35750,35750,0,0,35750,0,0,35750,35750,1400-2-12,2021-05-02
673,وشمال,س. چشم انداز توسعه شمال,1,62,5383274,88598,86827,86827,-1771,-2,88598,0,0,86827,86827,1400-2-12,2021-05-02
674,داسوه,داروسازي‌ اسوه‌,1,139,5034580,37330,36220,36220,-1110,-2.97,37330,0,0,36220,36220,1400-2-12,2021-05-02
675,وپاسار2,بانك  پاسارگاد,1,45000000,670500000000,14610,14900,14900,290,1.98,14900,290,1.98,14900,14900,1400-2-12,2021-05-02
676,ثالوند,سرمايه گذاري مسكن الوند,1,335,10483825,32262,31295,31295,-967,-3,32262,0,0,31295,31295,1400-2-12,2021-05-02
677,اخزا9032,اسنادخزانه-م3بودجه99-011110,1,167077,118133630697,704266,707061,707061,2795,0.4,707061,2795,0.4,707061,707061,1400-2-12,2021-05-02
678,اراد634,مرابحه عام دولت63-ش.خ0309,1,4000000,4000000000000,1000000,1000000,1000000,0,0,1000000,0,0,1000000,1000000,1400-2-12,2021-05-02
679,اروند04,منفعت صبا اروند كاردان14001113,1,240,239760000,985000,999000,999000,14000,1.42,999000,14000,1.42,999000,999000,1400-2-12,2021-05-02
680,ثعمرا,عمران و توسعه شاهد,1,690,8734710,13050,12659,12659,-391,-3,13050,0,0,12659,12659,1400-2-12,2021-05-02
681,حپترو,حمل و نقل پتروشيمي( سهامي عام,1,190,9937000,53910,52300,52300,-1610,-2.99,53910,0,0,52300,52300,1400-2-12,2021-05-02
682,ضپاس2006,اختيارخ وپارس-5000-1400/02/29,1,50,250000,6,5,5,-1,-16.67,5,-1,-16.67,5,5,1400-2-12,2021-05-02
683,قزوين,كارخانجات‌ قند قزوين‌,1,650,24953500,39570,38390,38390,-1180,-2.98,39570,0,0,38390,38390,1400-2-12,2021-05-02
684,سنير,سيمان‌ سفيد ني‌ريز,1,100,24187000,249350,241870,241870,-7480,-3,249350,0,0,241870,241870,1400-2-12,2021-05-02
685,زير0003پ01,زيره سبز0003كيميابذر(پ),1,49,28469000,562277,581000,581000,18723,3.33,581000,18723,3.33,581000,581000,1400-2-12,2021-05-02
686,كساوه,صنايع‌ كاشي‌ و سراميك‌ سينا,1,647,44287150,70560,68450,68450,-2110,-2.99,70560,0,0,68450,68450,1400-2-12,2021-05-02
687,ضسپا3005,اختيارخ خساپا-3000-1400/03/26,1,100,700000,9,7,7,-2,-22.22,7,-2,-22.22,7,7,1400-2-12,2021-05-02
688,ضپاس7029,اختيارخ وپارس-2500-1400/07/28,1,100,50000000,1,500,500,499,49900,500,499,49900,500,500,1400-2-12,2021-05-02
689,وسالت,بانك قرض الحسنه رسالت,1,5046,5767578,1110,1143,1143,33,2.97,1110,0,0,1143,1143,1400-2-12,2021-05-02
690,ختراك,ريخته‌گري‌ تراكتورسازي‌ ايران‌,1,33000,497970000,15550,15090,15090,-460,-2.96,15550,0,0,15090,15090,1400-2-12,2021-05-02
691,كفرا,فراورده‌ هاي‌ نسوزايران‌,1,110,5058900,47410,45990,45990,-1420,-3,47410,0,0,45990,45990,1400-2-12,2021-05-02
692,مرقام,ايران‌ارقام‌,1,5681,107598140,19520,18940,18940,-580,-2.97,19520,0,0,18940,18940,1400-2-12,2021-05-02
693,اراد41,مرابحه عام دولت4-ش.خ 0006,1,5000,4995000000,992500,999000,999000,6500,0.65,999000,6500,0.65,999000,999000,1400-2-12,2021-05-02
694,دكيمي,كيميدارو,1,343,9984730,30010,29110,29110,-900,-3,30010,0,0,29110,29110,1400-2-12,2021-05-02
695,فالوم,آلومتك‌,1,172,6119588,36305,35579,35579,-726,-2,36305,0,0,35579,35579,1400-2-12,2021-05-02
696,ضشنا8000,اختيارخ شپنا-5800-1400/08/16,1,1,4100000,4350,4100,4100,-250,-5.75,4100,-250,-5.75,4100,4100,1400-2-12,2021-05-02
697,تملي808,تسهيلات مسكن ب. ملي-آبان98,1,50,11489600,218850,229792,229792,10942,5,229792,10942,5,229792,229792,1400-2-12,2021-05-02
698,دروز,داروسازي‌ روزدارو,1,250,8620000,35540,34480,34480,-1060,-2.98,35540,0,0,34480,34480,1400-2-12,2021-05-02
699,وسزنجان,شركت س استان زنجان,1,4479,6181020,1420,1380,1380,-40,-2.82,1420,0,0,1380,1380,1400-2-12,2021-05-02
700,شفا,سرمايه گذاري شفادارو,1,112,5057920,46550,45160,45160,-1390,-2.99,46550,0,0,45160,45160,1400-2-12,2021-05-02
701,سنوين,سرمايه گذاري اقتصاد نوين,1,624,5476224,9141,8776,8776,-365,-3.99,9141,0,0,8776,8776,1400-2-12,2021-05-02
702,قشكر,شكرشاهرود,1,7000,26110000,3840,3730,3730,-110,-2.86,3840,0,0,3730,3730,1400-2-12,2021-05-02
703,اشاد10,مشاركت دولتي10-شرايط خاص001226,1,300,288000000,965999,960000,960000,-5999,-0.62,960000,-5999,-0.62,960000,960000,1400-2-12,2021-05-02
704,دشيمي,شيمي‌ داروئي‌ داروپخش‌,1,500,14815000,30540,29630,29630,-910,-2.98,30540,0,0,29630,29630,1400-2-12,2021-05-02
705,فاما,صنعتي‌ آما,1,550,9900000,18550,18000,18000,-550,-2.96,18550,0,0,18000,18000,1400-2-12,2021-05-02
706,طملي7000,اختيارف فملي-7720-1400/07/11,1,2,540000,1,270,270,269,26900,270,269,26900,270,270,1400-2-12,2021-05-02
707,شپاس,نفت پاسارگاد,1,500,10434500,21514,20869,20869,-645,-3,21514,0,0,20869,20869,1400-2-12,2021-05-02
708,سبهان,سيمان‌ بهبهان‌,1,100,13793000,142190,137930,137930,-4260,-3,142190,0,0,137930,137930,1400-2-12,2021-05-02
709,غصينو2,صنعتي مينو,1,724002,47060130000,67010,65000,65000,-2010,-3,65000,-2010,-3,65000,65000,1400-2-12,2021-05-02
710,غشان,شيرپاستوريزه‌پگاه‌خراسان‌,1,680,5072800,7690,7460,7460,-230,-2.99,7690,0,0,7460,7460,1400-2-12,2021-05-02
711,اراد594,مرابحه عام دولتي5-ش.خ 0309,1,400000,400000000000,1000000,1000000,1000000,0,0,1000000,0,0,1000000,1000000,1400-2-12,2021-05-02
712,تملي804,تسهيلات مسكن ب. ملي-تير98,1,8,5047912,664198,630989,630989,-33209,-5,630989,-33209,-5,630989,630989,1400-2-12,2021-05-02
713,كساپا,سايپاشيشه‌,1,134,5066540,38970,37810,37810,-1160,-2.98,38970,0,0,37810,37810,1400-2-12,2021-05-02
714,اراد314,مرابحه عام دولت3-ش.خ 0208,1,100,95000000,950000,950000,950000,0,0,950000,0,0,950000,950000,1400-2-12,2021-05-02
715,اخزا9102,اسنادخزانه-م10بودجه99-020807,1,731170,444624477000,607286,608100,608100,814,0.13,608100,814,0.13,608100,608100,1400-2-12,2021-05-02
716,واحصا,احياء صنايع خراسان,1,148,10552104,72753,71298,71298,-1455,-2,72752,-1,0,71298,71298,1400-2-12,2021-05-02
717,تبرك,گروه كارخانجات صنعتي تبرك,1,269,5170180,19814,19220,19220,-594,-3,19814,0,0,19220,19220,1400-2-12,2021-05-02
718,طپنا2009,اختيارف رمپنا-36000-1400/02/12,1,100,2070000000,1,20700,20700,20699,2069900,20700,20699,2069900,20700,20700,1400-2-12,2021-05-02
719,غشوكو,شوكو پارس,1,130,5081440,39885,39088,39088,-797,-2,39885,0,0,39088,39088,1400-2-12,2021-05-02
720,غمارگ,مارگارين‌,1,191,5825500,31440,30500,30500,-940,-2.99,31440,0,0,30500,30500,1400-2-12,2021-05-02
721,اخزا8122,اسنادخزانه-م12بودجه98-001111,1,2260807,1960571830400,863518,867200,867200,3682,0.43,867200,3682,0.43,867200,867200,1400-2-12,2021-05-02
722,لازما,كارخانه هاي صنعتي آزمايش,1,423,13939965,34328,32955,32955,-1373,-4,34327,-1,0,32955,32955,1400-2-12,2021-05-02
723,كفرآور,فرآورده هاي سيمان شرق,1,395,8953860,23612,22668,22668,-944,-4,23612,0,0,22668,22668,1400-2-12,2021-05-02
724,طمخا7068,اختيارف اخابر-15700-1400/07/28,1,11,62700000,4851,5700,5700,849,17.5,5700,849,17.5,5700,5700,1400-2-12,2021-05-02
725,غنوش,نوش‌ مازندران‌,1,188,10370080,56860,55160,55160,-1700,-2.99,56860,0,0,55160,55160,1400-2-12,2021-05-02
726,ثنظام,س. ساختماني نظام مهندسي ايران,1,120,5464680,47436,45539,45539,-1897,-4,47435,-1,0,45539,45539,1400-2-12,2021-05-02
727,اخزا9022,اسنادخزانه-م2بودجه99-011019,1,250000,179250000000,713017,717000,717000,3983,0.56,717000,3983,0.56,717000,717000,1400-2-12,2021-05-02
728,صخابر102,صكوك اجاره مخابرات-3 ماهه 16%,1,5000,5000000000,988825,1000000,1000000,11175,1.13,1000000,11175,1.13,1000000,1000000,1400-2-12,2021-05-02
729,شدوص,دوده‌ صنعتي‌ پارس‌,1,1,26620,27440,26620,26620,-820,-2.99,27440,0,0,26620,26620,1400-2-12,2021-05-02
730,بساما,بيمه سامان,1,444,9696072,22513,21838,21838,-675,-3,22513,0,0,21838,21838,1400-2-12,2021-05-02
731,كشرق,صنعتي و معدني شمال شرق شاهرود,1,1000,89331000,92093,89331,89331,-2762,-3,92088,-5,-0.01,89331,89331,1400-2-12,2021-05-02
732,دلرح,ح . داروسازي‌ اكسير,1,50000,1635000000,27330,32700,32700,5370,19.65,32700,5370,19.65,32700,32700,1400-2-12,2021-05-02
733,ضملت3006,اختيارخ وبملت-7000-1400/03/19,1,1,3000,33,3,3,-30,-90.91,3,-30,-90.91,3,3,1400-2-12,2021-05-02
734,خكار,ايركا پارت صنعت,1,1000,21260000,21910,21260,21260,-650,-2.97,21910,0,0,21260,21260,1400-2-12,2021-05-02
735,غشصفا,شيرپاستوريزه‌پگاه‌اصفهان‌,1,200,5432000,28000,27160,27160,-840,-3,28000,0,0,27160,27160,1400-2-12,2021-05-02
736,شپارس,بين‌ المللي‌ محصولات‌  پارس‌,1,330,7137900,22290,21630,21630,-660,-2.96,22290,0,0,21630,21630,1400-2-12,2021-05-02
737,غشاذر,پگاه‌آذربايجان‌غربي‌,1,600,5820000,10000,9700,9700,-300,-3,10000,0,0,9700,9700,1400-2-12,2021-05-02
738,سخواف,سيمان مجد خواف,1,400,6468400,16844,16171,16171,-673,-4,16844,0,0,16171,16171,1400-2-12,2021-05-02
739,وسقم,شركت س استان قم,1,5000,6850000,1410,1370,1370,-40,-2.84,1410,0,0,1370,1370,1400-2-12,2021-05-02
740,حاريا,كشتيراني آريا,1,668,18953164,28952,28373,28373,-579,-2,28951,-1,0,28373,28373,1400-2-12,2021-05-02
741,ضفلا3001,اختيارخ فولاد-5706-1400/03/19,1,1,4300000,4812,4300,4300,-512,-10.64,4300,-512,-10.64,4300,4300,1400-2-12,2021-05-02
742,كپشير,پشم‌شيشه‌ايران‌,1,141,5467980,39970,38780,38780,-1190,-2.98,39970,0,0,38780,38780,1400-2-12,2021-05-02
743,ددام,داروسازي زاگرس فارمد پارس,1,1600,34032000,21920,21270,21270,-650,-2.97,21920,0,0,21270,21270,1400-2-12,2021-05-02
744,زنگان,صنعت روي زنگان,1,400,40535200,104472,101338,101338,-3134,-3,104469,-3,0,101338,101338,1400-2-12,2021-05-02
745,اگ000419,گام بانك صادرات0004,1,10000,9550000000,948083,955000,955000,6917,0.73,955000,6917,0.73,955000,955000,1400-2-12,2021-05-02
746,وصندوق2,سرمايه‌گذاري‌صندوق‌بازنشستگي‌,1,36000000,503280000000,14410,13980,13980,-430,-2.98,13980,-430,-2.98,13980,13980,1400-2-12,2021-05-02
747,سدبير,س. تدبيرگران فارس وخوزستان,1,58,5029992,89406,86724,86724,-2682,-3,89406,0,0,86724,86724,1400-2-12,2021-05-02
748,چفيبر,فيبر ايران‌,1,1485,19988100,13870,13460,13460,-410,-2.96,13870,0,0,13460,13460,1400-2-12,2021-05-02
749,طمخا7071,اختيارف اخابر-23700-1400/07/28,1,21,270900000,11500,12900,12900,1400,12.17,12900,1400,12.17,12900,12900,1400-2-12,2021-05-02
750,ضپنا8002,اختيارخ رمپنا-13850-1400/08/05,1,100,300000000,3623,3000,3000,-623,-17.2,3000,-623,-17.2,3000,3000,1400-2-12,2021-05-02
751,كمند2,صندوق س. با درآمد ثابت كمند,1,236500000,236500000,10149,1,1,-10148,-99.99,1,-10148,-99.99,1,1,1400-2-12,2021-05-02
