,نماد,نام,تعداد,حجم,ارزش,دیروز,اولین,آخرین معامله - مقدار,آخرین معامله - تغییر,آخرین معامله - درصد,قیمت پایانی - مقدار,قیمت پایانی - تغییر,قیمت پایانی - درصد,کمترین,بیشترین,تاریخ,gregorian_date
0,مديريت,س. و خدمات مديريت صند. ب كشوري,119094,53124797,618903885050,11096,11650,11650,554,4.99,11650,554,4.99,11650,11650,1400-6-22,2021-09-13
1,وهامون,سرمايه گذاري هامون صبا,65233,120370220,492682255243,4237,4120,4154,-83,-1.96,4093,-144,-3.4,4026,4299,1400-6-22,2021-09-13
2,پالايش,صندوق پالايشي يكم-سهام,36665,40284137,3142084078100,79130,79150,78410,-720,-0.91,78000,-1130,-1.43,76300,79990,1400-6-22,2021-09-13
3,سپيد,سپيد ماكيان,36195,15430277,977551313420,61050,59830,64100,3050,5,63350,2300,3.77,59810,64100,1400-6-22,2021-09-13
4,دي,بانك دي,29477,901681155,1045704203629,1201,1171,1164,-37,-3.08,1160,-41,-3.41,1141,1217,1400-6-22,2021-09-13
5,بركت,گروه دارويي بركت,27713,52373047,2110246252660,41000,40540,41300,300,0.73,40290,-710,-1.73,38950,42200,1400-6-22,2021-09-13
6,دارا يكم,صندوق واسطه گري مالي يكم-سهام,21494,13971508,1808725354960,129590,130500,131150,1560,1.2,129460,-130,-0.1,125120,132100,1400-6-22,2021-09-13
7,شستا,سرمايه گذاري تامين اجتماعي,20428,76932006,987739492700,12990,12900,12860,-130,-1,12840,-150,-1.15,12500,13210,1400-6-22,2021-09-13
8,خودرو,ايران‌ خودرو,18991,513769623,1065346164019,2059,2130,2079,20,0.97,2074,15,0.73,1980,2133,1400-6-22,2021-09-13
9,سپيدار,سپيدار سيستم آسيا,18621,8085487,159106104032,20555,19700,19528,-1027,-5,19678,-877,-4.27,19528,20400,1400-6-22,2021-09-13
10,آبادا,توليد نيروي برق آبادان,18078,7472933,120341185860,15690,16030,16160,470,3,16100,410,2.61,15700,16390,1400-6-22,2021-09-13
11,خساپا,سايپا,16685,475724283,899521536188,1863,1890,1913,50,2.68,1891,28,1.5,1804,1950,1400-6-22,2021-09-13
12,شبندر,پالايش نفت بندرعباس,15873,213859664,1290874240070,6180,6030,6030,-150,-2.43,6040,-140,-2.27,5890,6220,1400-6-22,2021-09-13
13,فولاد,فولاد مباركه اصفهان,14257,95728347,1070467663800,11260,11200,11190,-70,-0.62,11180,-80,-0.71,11060,11390,1400-6-22,2021-09-13
14,ولكار,ليزينگ كارآفرين,13522,15119004,69995980339,4761,4531,4523,-238,-5,4630,-131,-2.75,4523,4916,1400-6-22,2021-09-13
15,لطيف,محصولات كاغذي لطيف,13381,1338926,69797406499,52865,51550,51550,-1315,-2.49,52129,-736,-1.39,50500,54000,1400-6-22,2021-09-13
16,خگستر,گسترش‌سرمايه‌گذاري‌ايران‌خودرو,13264,296169611,860743004650,2971,2950,2888,-83,-2.79,2906,-65,-2.19,2823,3050,1400-6-22,2021-09-13
17,گدنا,تهيه توزيع غذاي دنا آفرين فدك,13227,5302662,122649650428,24113,23014,23550,-563,-2.33,23130,-983,-4.08,22908,23880,1400-6-22,2021-09-13
18,كرمان,س. توسعه و عمران استان كرمان,12185,395388550,506583721848,1338,1300,1274,-64,-4.78,1281,-57,-4.26,1272,1349,1400-6-22,2021-09-13
19,صبا,سرمايه گذاري صبا تامين,12015,101331817,758016800094,7846,7502,7454,-392,-5,7481,-365,-4.65,7454,7800,1400-6-22,2021-09-13
20,شپنا,پالايش نفت اصفهان,11917,59206007,765508113550,13270,12970,12950,-320,-2.41,12930,-340,-2.56,12700,13400,1400-6-22,2021-09-13
21,ومدير,گ.مديريت ارزش سرمايه ص ب كشوري,11733,33212799,169869230480,5210,5200,5190,-20,-0.38,5110,-100,-1.92,4950,5320,1400-6-22,2021-09-13
22,فتوسا,توليد و توسعه سرب روي ايرانيان,11721,7757245,112069787354,13987,14044,14500,513,3.67,14447,460,3.29,13650,14686,1400-6-22,2021-09-13
23,رافزا,رايان هم افزا,11542,2531437,255212046096,97074,99500,101927,4853,5,100817,3743,3.86,97100,101927,1400-6-22,2021-09-13
24,فملي,ملي‌ صنايع‌ مس‌ ايران‌,11346,56114222,736944899240,13360,13130,13110,-250,-1.87,13130,-230,-1.72,12850,13410,1400-6-22,2021-09-13
25,فگستر,گسترش صنايع روي ايرانيان,11048,5516429,79923807636,14976,14228,14530,-446,-2.98,14488,-488,-3.26,14228,15100,1400-6-22,2021-09-13
26,خصدرا,صنعتي‌ دريايي‌ ايران‌,10680,284886652,1013237010123,3525,3630,3440,-85,-2.41,3557,32,0.91,3420,3630,1400-6-22,2021-09-13
27,چخزر,صنايع چوب خزر كاسپين,9829,947952,37810577609,40819,40040,39349,-1470,-3.6,39887,-932,-2.28,38984,41700,1400-6-22,2021-09-13
28,لپارس,پارس‌ الكتريك‌,9711,6941525,1012754312410,140330,144100,147340,7010,5,145900,5570,3.97,137380,147340,1400-6-22,2021-09-13
29,وكبهمن,مديريت سرمايه گذاري كوثربهمن,9552,2004124,25189711928,12555,12431,12615,60,0.48,12569,14,0.11,12120,12870,1400-6-22,2021-09-13
30,شتران,پالايش نفت تهران,9504,58037301,602847244080,10600,10400,10350,-250,-2.36,10390,-210,-1.98,10120,10700,1400-6-22,2021-09-13
31,ذوب,سهامي ذوب آهن  اصفهان,9408,156892396,682225270609,4215,4270,4425,210,4.98,4348,133,3.16,4150,4425,1400-6-22,2021-09-13
32,غزر,صنعتي زر ماكارون,9340,4008626,110533286830,28100,27000,28310,210,0.75,27570,-530,-1.89,26700,28740,1400-6-22,2021-09-13
33,شاروم,پتروشيمي اروميه,9320,4427066,79746595357,18312,17850,18385,73,0.4,18013,-299,-1.63,17397,18893,1400-6-22,2021-09-13
34,امين,تامين سرمايه امين,9287,3709310,35538218520,9460,9460,9680,220,2.33,9560,100,1.06,9460,9680,1400-6-22,2021-09-13
35,وسديد,گروه ‌صنعتي‌سديد,9146,154156056,246945070373,1579,1626,1563,-16,-1.01,1602,23,1.46,1542,1626,1400-6-22,2021-09-13
36,بوعلي,پتروشيمي بوعلي سينا,8907,3351474,228520609090,68910,68500,69040,130,0.19,68190,-720,-1.04,66160,69990,1400-6-22,2021-09-13
37,وبملت,بانك ملت,8335,152350443,579423476532,3806,3840,3820,14,0.37,3803,-3,-0.08,3710,3850,1400-6-22,2021-09-13
38,وسپهر,سرمايه گذاري مالي سپهرصادرات,8326,14598048,127249532722,8842,8781,8680,-162,-1.83,8717,-125,-1.41,8603,8990,1400-6-22,2021-09-13
39,كاما,باما,8146,45124292,550282584620,12730,12410,12100,-630,-4.95,12190,-540,-4.24,12100,12790,1400-6-22,2021-09-13
40,ثاميد,توسعه و عمران اميد,8089,46561326,75785599830,1680,1641,1636,-44,-2.62,1628,-52,-3.1,1600,1730,1400-6-22,2021-09-13
41,غكورش,صنعت غذايي كورش,8073,3969562,175244245680,44070,44000,44460,390,0.88,44150,80,0.18,43000,45480,1400-6-22,2021-09-13
42,زملارد,كشاورزي و دامپروري ملارد شير,8020,984256,29590329111,30733,29230,29999,-734,-2.39,30064,-669,-2.18,29230,31300,1400-6-22,2021-09-13
43,وتجارت,بانك تجارت,8004,171073213,407009173542,2365,2360,2366,1,0.04,2379,14,0.59,2300,2430,1400-6-22,2021-09-13
44,وخارزم,سرمايه گذاري خوارزمي,7994,74059562,414851600860,5850,5560,5620,-230,-3.93,5600,-250,-4.27,5560,5830,1400-6-22,2021-09-13
45,بپيوند,برق و انرژي پيوندگستر پارس,7396,3921570,47732390252,12261,12440,12214,-47,-0.38,12172,-89,-0.73,11890,12560,1400-6-22,2021-09-13
46,سيتا,سرمايه گذاري سيمان تامين,7236,7413031,107427745690,14350,14250,14740,390,2.72,14490,140,0.98,14100,14880,1400-6-22,2021-09-13
47,كزغال,زغال سنگ پروده طبس,7121,1681220,63616550914,38115,38000,37841,-274,-0.72,37840,-275,-0.72,37000,39130,1400-6-22,2021-09-13
48,شصدف,صنعتي دوده فام,7106,7826105,279135708285,37277,35800,35414,-1863,-5,35667,-1610,-4.32,35414,36790,1400-6-22,2021-09-13
49,بگيلان,توسعه مسير برق گيلان,6838,988529,20005085856,20591,20030,20302,-289,-1.4,20388,-203,-0.99,19900,20890,1400-6-22,2021-09-13
50,آريا,پليمر آريا ساسول,6824,1595467,172908386731,109922,109800,107850,-2072,-1.88,108375,-1547,-1.41,106000,111000,1400-6-22,2021-09-13
51,خپارس,پارس‌ خودرو,6776,214963347,260691617015,1218,1215,1215,-3,-0.25,1213,-5,-0.41,1159,1256,1400-6-22,2021-09-13
52,اپال,فرآوري معدني اپال كاني پارس,6697,13831570,316495553230,22310,23200,22930,620,2.78,22880,570,2.55,21830,23200,1400-6-22,2021-09-13
53,نوري,پتروشيمي نوري,6511,3047945,314300695080,105050,104000,103800,-1250,-1.19,103120,-1930,-1.84,101230,106810,1400-6-22,2021-09-13
54,ولپارس,ليزينگ پارسيان,6115,21362789,109944216800,5400,5150,5130,-270,-5,5150,-250,-4.63,5130,5300,1400-6-22,2021-09-13
55,خبهمن,گروه‌بهمن‌,6008,215708164,368567977675,1679,1710,1730,51,3.04,1709,30,1.79,1628,1760,1400-6-22,2021-09-13
56,كيمياتك,آريان كيميا تك,5679,1376435,36626935350,25350,26610,26610,1260,4.97,26610,1260,4.97,26610,26610,1400-6-22,2021-09-13
57,كمند,صندوق س. با درآمد ثابت كمند,5635,221831964,2226939749668,10034,10039,10039,5,0.05,10039,5,0.05,10038,10040,1400-6-22,2021-09-13
58,پترول,گ.س.وت.ص.پتروشيمي خليج فارس,5524,36863077,150936643740,4133,4145,4129,-4,-0.1,4095,-38,-0.92,3991,4206,1400-6-22,2021-09-13
59,لكما,كارخانجات‌مخابراتي‌ايران‌,5306,122820225,252345903742,2097,2201,1993,-104,-4.96,2055,-42,-2,1993,2201,1400-6-22,2021-09-13
60,وبرق,س.کارکنان صنعت برق زنجان وقزوي,5242,3774664,430151682253,114742,111310,113398,-1344,-1.17,113958,-784,-0.68,111300,118000,1400-6-22,2021-09-13
61,فجهان,مجتمع جهان فولاد سيرجان,5213,5752261,33662231372,5574,5852,5852,278,4.99,5674,100,1.79,5852,5852,1400-6-22,2021-09-13
62,شگويا,پتروشيمي تندگويان,5165,23726039,277348308267,12165,12030,11720,-445,-3.66,11690,-475,-3.9,11557,12220,1400-6-22,2021-09-13
63,فسپا,گروه‌صنعتي‌سپاهان‌,5145,23073006,590899518480,24590,25810,25410,820,3.33,25610,1020,4.15,24800,25810,1400-6-22,2021-09-13
64,وپويا,سرمايه گذاري پويا,5126,19275849,103249440033,5610,5500,5380,-230,-4.1,5356,-254,-4.53,5330,5563,1400-6-22,2021-09-13
65,وسكرشا,س.سهام عدالت استان كرمانشاه,5063,268136184,177425580317,671,650,681,10,1.49,662,-9,-1.34,638,695,1400-6-22,2021-09-13
66,وسكرمان,س.سهام عدالت استان كرمان,5013,335888397,195934427217,612,582,590,-22,-3.59,583,-29,-4.74,582,607,1400-6-22,2021-09-13
67,فزرين,زرين معدن آسيا,4965,30431013,581117143402,20042,19040,19040,-1002,-5,19096,-946,-4.72,19040,19850,1400-6-22,2021-09-13
68,شسپا,نفت سپاهان,4961,122896420,440085795451,3450,3500,3622,172,4.99,3581,131,3.8,3364,3622,1400-6-22,2021-09-13
69,وبصادر,بانك صادرات ايران,4861,92454840,208659372209,2286,2241,2277,-9,-0.39,2257,-29,-1.27,2190,2325,1400-6-22,2021-09-13
70,حكشتي,كشتيراني جمهوري اسلامي ايران,4786,17770320,296082871090,17340,16740,16600,-740,-4.27,16660,-680,-3.92,16480,17470,1400-6-22,2021-09-13
71,سيمرغ,سيمرغ,4573,22479671,524939890010,22330,22900,23440,1110,4.97,23350,1020,4.57,22400,23440,1400-6-22,2021-09-13
72,ختور,رادياتور ايران‌,4436,17758677,436109413140,24260,23050,25470,1210,4.99,24560,300,1.24,23050,25470,1400-6-22,2021-09-13
73,كرازي,كارخانجات‌توليدي‌شيشه‌رازي‌,4396,118710931,186433868956,1614,1551,1601,-13,-0.81,1570,-44,-2.73,1534,1648,1400-6-22,2021-09-13
74,هاي وب,داده گسترعصرنوين-هاي وب,4357,27692873,252782457260,9390,9300,9170,-220,-2.34,9130,-260,-2.77,8930,9500,1400-6-22,2021-09-13
75,ملت,بيمه ملت,4086,158222755,218456988054,1447,1376,1375,-72,-4.98,1381,-66,-4.56,1375,1440,1400-6-22,2021-09-13
76,وملي,گروه‌ صنعتي‌ ملي‌ (هلدينگ‌,4035,1440790,334296555400,226680,220000,238010,11330,5,232020,5340,2.36,219000,238010,1400-6-22,2021-09-13
77,فروي,ذوب روي اصفهان,3830,4352239,146745899472,35169,34000,33800,-1369,-3.89,33717,-1452,-4.13,33411,35500,1400-6-22,2021-09-13
78,ثشاهد,سرمايه‌ گذاري‌ شاهد,3801,14880380,256084175610,18050,17220,17170,-880,-4.88,17210,-840,-4.65,17150,17940,1400-6-22,2021-09-13
79,ددام,داروسازي زاگرس فارمد پارس,3711,17869520,301078769200,16440,16940,16700,260,1.58,16850,410,2.49,15700,17260,1400-6-22,2021-09-13
80,وپارس,بانك‌پارسيان‌,3710,82605363,250192065369,3065,3024,3050,-15,-0.49,3029,-36,-1.17,2946,3150,1400-6-22,2021-09-13
81,غگل,گلوكوزان‌,3660,54329464,190371969151,3677,3500,3494,-183,-4.98,3504,-173,-4.7,3494,3600,1400-6-22,2021-09-13
82,بپاس,بيمه پاسارگاد,3531,3560493,277307577275,79781,79790,75792,-3989,-5,77885,-1896,-2.38,75792,80000,1400-6-22,2021-09-13
83,قثابت,قند ثابت‌ خراسان‌,3516,62088604,248913995233,4213,4010,4003,-210,-4.98,4009,-204,-4.84,4003,4170,1400-6-22,2021-09-13
84,پيزد,مجتمع صنايع لاستيك يزد,3474,264391,18050512521,70074,68020,68100,-1974,-2.82,68272,-1802,-2.57,67003,69992,1400-6-22,2021-09-13
85,خمحور,توليدمحورخودرو,3378,54460870,221452780750,4149,4250,4038,-111,-2.68,4066,-83,-2,3942,4338,1400-6-22,2021-09-13
86,خزر,فنرسازي‌زر,3368,12573423,223339176010,18590,17680,17670,-920,-4.95,17760,-830,-4.46,17670,18480,1400-6-22,2021-09-13
87,سرو,صندوق س سروسودمند مدبران-سهام,3336,2976820,231543217360,79280,80000,78000,-1280,-1.61,77780,-1500,-1.89,76210,80500,1400-6-22,2021-09-13
88,خرينگ,رينگ‌سازي‌مشهد,3331,6998346,288154705520,43090,40940,41000,-2090,-4.85,41170,-1920,-4.46,40940,42160,1400-6-22,2021-09-13
89,ماديرا,صنايع ماديران,3277,36909685,334280074009,9513,9110,9150,-363,-3.82,9057,-456,-4.79,9038,9316,1400-6-22,2021-09-13
90,خزاميا,زامياد,3251,26508124,196942813070,7630,7520,7400,-230,-3.01,7430,-200,-2.62,7250,7850,1400-6-22,2021-09-13
91,ديران,ايران‌دارو,3245,10433031,300830942150,27740,28750,29120,1380,4.97,28830,1090,3.93,27740,29120,1400-6-22,2021-09-13
92,قتربت,قند تربت حيدريه,3236,592571,26674583565,42872,45015,45015,2143,5,45015,2143,5,45015,45015,1400-6-22,2021-09-13
93,كالا,بورس كالاي ايران,3194,10962841,473923616430,41180,43230,43230,2050,4.98,43230,2050,4.98,43230,43230,1400-6-22,2021-09-13
94,ثاخت,بين‌المللي‌توسعه‌ساختمان,3162,59930822,162896482811,2843,2701,2710,-133,-4.68,2718,-125,-4.4,2701,2819,1400-6-22,2021-09-13
95,كيان,صندوق س. با درآمد ثابت كيان,3140,34987749,1067218104460,30487,30503,30501,14,0.05,30503,16,0.05,30500,30506,1400-6-22,2021-09-13
96,سصفها,سيمان‌اصفهان‌,3138,3342691,204183077960,64130,60930,60930,-3200,-4.99,61080,-3050,-4.76,60930,63000,1400-6-22,2021-09-13
97,وتوس,توسعه‌شهري‌توس‌گستر,3089,9957829,187501784490,18150,19040,19050,900,4.96,18830,680,3.75,17900,19050,1400-6-22,2021-09-13
98,فايرا,آلومينيوم‌ايران‌,3085,11070086,228955872370,20520,20810,21110,590,2.88,20680,160,0.78,19750,21370,1400-6-22,2021-09-13
99,غويتا,ويتانا,3063,16016652,141055005918,8560,8250,8900,340,3.97,8807,247,2.89,8250,8988,1400-6-22,2021-09-13
100,كنور,توسعه معدني و صنعتي صبانور,3052,15491314,296806169420,18590,19100,19510,920,4.95,19160,570,3.07,18200,19510,1400-6-22,2021-09-13
101,وغدير,سرمايه‌گذاري‌غدير(هلدينگ‌,3032,17736203,261602595260,14780,14500,14970,190,1.29,14750,-30,-0.2,14500,15100,1400-6-22,2021-09-13
102,فاراك,ماشين‌ سازي‌ اراك‌,2929,98263649,209905453756,2237,2133,2126,-111,-4.96,2136,-101,-4.51,2126,2212,1400-6-22,2021-09-13
103,بترانس,ايران‌ ترانسفو,2907,57300824,151678568173,2625,2680,2660,35,1.33,2647,22,0.84,2552,2715,1400-6-22,2021-09-13
104,فاذر,صنايع‌ آذرآب‌,2880,122729775,158715121135,1353,1300,1286,-67,-4.95,1293,-60,-4.43,1286,1326,1400-6-22,2021-09-13
105,ولقمان,سرمايه گذاري لقمان,2858,14011445,49600515300,3437,3540,3540,103,3,3540,103,3,3540,3540,1400-6-22,2021-09-13
106,بجهرم,توسعه مولد نيروگاهي جهرم,2841,41083008,101211716912,2565,2490,2460,-105,-4.09,2464,-101,-3.94,2437,2542,1400-6-22,2021-09-13
107,حسير,ريل سير كوثر,2805,9105174,409434417494,42857,43901,44999,2142,5,44967,2110,4.92,43901,44999,1400-6-22,2021-09-13
108,فارس,صنايع پتروشيمي خليج فارس,2797,13301805,168331606070,12940,12940,12510,-430,-3.32,12650,-290,-2.24,12400,13000,1400-6-22,2021-09-13
109,فخوز,فولاد  خوزستان,2797,12048768,215967283410,17930,17720,17970,40,0.22,17920,-10,-0.06,17560,18260,1400-6-22,2021-09-13
110,زكوثر,سرمايه گذاري كشاورزي كوثر,2779,6350037,138859383760,22350,21600,22100,-250,-1.12,21870,-480,-2.15,21240,23000,1400-6-22,2021-09-13
111,اعتماد,صندوق س.اعتماد آفرين پارسيان-د,2759,61780990,2390965202820,38679,38697,38700,21,0.05,38701,22,0.06,38697,38702,1400-6-22,2021-09-13
112,چدن,توليدي چدن سازان,2740,38460702,161586445922,4398,4180,4179,-219,-4.98,4201,-197,-4.48,4179,4340,1400-6-22,2021-09-13
113,خمحركه,نيرو محركه‌,2702,27555171,125191242671,4677,4541,4530,-147,-3.14,4543,-134,-2.87,4444,4890,1400-6-22,2021-09-13
114,ختوقا,قطعات‌ اتومبيل‌ ايران‌,2676,58719216,160810877890,2853,2750,2711,-142,-4.98,2739,-114,-4,2711,2900,1400-6-22,2021-09-13
115,فنورد,نوردوقطعات‌ فولادي‌,2644,886449,193271719540,209250,210600,219710,10460,5,218030,8780,4.2,208000,219710,1400-6-22,2021-09-13
116,وآيند,بانك  آينده,2615,21736238,235592418375,11286,10835,10835,-451,-4,10839,-447,-3.96,10835,11061,1400-6-22,2021-09-13
117,اخابر,مخابرات ايران,2549,35775469,371250383140,10900,10360,10360,-540,-4.95,10380,-520,-4.77,10360,10740,1400-6-22,2021-09-13
118,آپ,آسان پرداخت پرشين,2492,14679465,205009206380,14500,14690,13940,-560,-3.86,13970,-530,-3.66,13780,14890,1400-6-22,2021-09-13
119,امين يكم,صندوق درآمد ثابت امين يكم فردا,2487,60193686,608845087655,10109,10114,10118,9,0.09,10115,6,0.06,10112,10130,1400-6-22,2021-09-13
120,كلر,كلر پارس,2461,1931069,219441982338,118831,113000,112890,-5941,-5,113638,-5193,-4.37,112890,121000,1400-6-22,2021-09-13
121,فجر,فولاد اميركبيركاشان,2445,4142957,113822980710,28150,28030,27540,-610,-2.17,27470,-680,-2.42,26890,28500,1400-6-22,2021-09-13
122,پتاير,ايران‌ تاير,2423,36880725,108926686969,3031,2985,2925,-106,-3.5,2953,-78,-2.57,2880,3110,1400-6-22,2021-09-13
123,كاوه,فولاد كاوه جنوب كيش,2420,7284000,143516684670,19920,19740,19790,-130,-0.65,19700,-220,-1.1,19020,20300,1400-6-22,2021-09-13
124,خكار,ايركا پارت صنعت,2409,12576608,221690424420,18460,17710,17540,-920,-4.98,17630,-830,-4.5,17540,18380,1400-6-22,2021-09-13
125,كيسون,شركت كيسون,2395,11059386,105008088206,9446,9252,9629,183,1.94,9495,49,0.52,9167,9700,1400-6-22,2021-09-13
126,ضخود7075,اختيارخ خودرو-2000-1400/07/07,2386,95311,16023778000,174,170,171,-3,-1.72,168,-6,-3.45,122,209,1400-6-22,2021-09-13
127,فولاي,صنايع فولاد آلياژي يزد,2342,7444080,185627998413,23984,24480,25183,1199,5,24936,952,3.97,23984,25183,1400-6-22,2021-09-13
128,ونوين,بانك‌اقتصادنوين‌,2335,27775925,121891842424,4476,4476,4378,-98,-2.19,4388,-88,-1.97,4260,4609,1400-6-22,2021-09-13
129,كحافظح,ح . كاشي‌ وسراميك‌ حافظ‌,2325,24817238,65433000177,2461,2370,2707,246,10,2637,176,7.15,2370,2707,1400-6-22,2021-09-13
130,تملت,تامين سرمايه بانك ملت,2306,13448189,69258657850,5340,5200,5110,-230,-4.31,5150,-190,-3.56,5080,5340,1400-6-22,2021-09-13
131,شيران,س. صنايع‌شيميايي‌ايران,2245,5717099,153766577750,26860,26000,26980,120,0.45,26900,40,0.15,26000,27300,1400-6-22,2021-09-13
132,كوير,توليدي فولاد سپيد فراب كوير,2225,12948360,193977509590,15190,14900,15060,-130,-0.86,14980,-210,-1.38,14540,15300,1400-6-22,2021-09-13
133,زنگان,صنعت روي زنگان,2200,2165080,151829351191,73281,69617,69617,-3664,-5,70126,-3155,-4.31,69617,72940,1400-6-22,2021-09-13
134,غدام,خوراك‌  دام‌ پارس‌,2199,974807,240635777600,257530,244660,248740,-8790,-3.41,246850,-10680,-4.15,244660,255560,1400-6-22,2021-09-13
135,سيلام,سيمان‌ ايلام‌,2187,17135482,170482947280,9560,9620,10030,470,4.92,9950,390,4.08,9570,10030,1400-6-22,2021-09-13
136,وبانك,سرمايه گذاري گروه توسعه ملي,2174,14582387,125810235280,8780,8600,8720,-60,-0.68,8630,-150,-1.71,8460,8890,1400-6-22,2021-09-13
137,قنيشا,قند  نيشابور,2159,2213602,113997988500,53770,53100,51090,-2680,-4.98,51500,-2270,-4.22,51090,54770,1400-6-22,2021-09-13
138,ومعادن,توسعه‌معادن‌وفلزات‌,2145,21706498,237569854290,11140,10900,11020,-120,-1.08,10940,-200,-1.8,10590,11300,1400-6-22,2021-09-13
139,كنورح,ح توسعه معدني و صنعتي صبانور,2140,13010864,217890770250,16640,16650,16900,260,1.56,16750,110,0.66,16000,17400,1400-6-22,2021-09-13
140,شبريز,پالايش نفت تبريز,2075,4323443,157320506110,36920,37640,36700,-220,-0.6,36390,-530,-1.44,35510,37640,1400-6-22,2021-09-13
141,خشرق,الكتريك‌ خودرو شرق‌,2064,5377072,87601513480,16110,15310,16720,610,3.79,16290,180,1.12,15310,16910,1400-6-22,2021-09-13
142,آگاس,صندوق س.هستي بخش آگاه-س,2064,1823046,151789266992,84350,85200,83235,-1115,-1.32,83261,-1089,-1.29,82138,85306,1400-6-22,2021-09-13
143,غنوش,نوش‌ مازندران‌,2044,4145116,169837841790,42950,41100,40810,-2140,-4.98,40970,-1980,-4.61,40810,42700,1400-6-22,2021-09-13
144,وگستر,گسترش سرمايه گذاري ايرانيان,2030,7021885,76247933413,11381,11268,10812,-569,-5,10859,-522,-4.59,10812,11268,1400-6-22,2021-09-13
145,سفارس,سيمان فارس و خوزستان,2025,6452812,129431102240,20130,20000,20480,350,1.74,20060,-70,-0.35,19180,21000,1400-6-22,2021-09-13
146,حفاري,حفاري شمال,1976,15185263,98567648270,6770,6510,6500,-270,-3.99,6490,-280,-4.14,6440,6800,1400-6-22,2021-09-13
147,غمينو,شركت صنايع غذايي مينو شرق,1971,9917861,111016946340,11003,10800,11553,550,5,11194,191,1.74,10453,11553,1400-6-22,2021-09-13
148,ميدكو,توسعه معادن وص.معدني خاورميانه,1961,9443618,440666495080,47610,47630,46030,-1580,-3.32,46660,-950,-2,45800,47630,1400-6-22,2021-09-13
149,وصنعت,سرمايه گذاري توسعه صنعت وتجارت,1961,14411845,101748931550,6920,7040,7190,270,3.9,7060,140,2.02,6660,7250,1400-6-22,2021-09-13
150,تبرك,گروه كارخانجات صنعتي تبرك,1955,9162548,124750971815,14262,13580,13620,-642,-4.5,13615,-647,-4.54,13549,14400,1400-6-22,2021-09-13
151,وحكمت,بيمه حكمت صبا,1955,22244152,106438688784,4752,4840,4850,98,2.06,4785,33,0.69,4610,4894,1400-6-22,2021-09-13
152,ساوه,سيمان ساوه,1931,623293,35556489563,56936,57000,58220,1284,2.26,57046,110,0.19,54350,59782,1400-6-22,2021-09-13
153,خاور,ايران خودرو ديزل,1904,14953725,132755610183,9131,8858,8858,-273,-2.99,8878,-253,-2.77,8858,9125,1400-6-22,2021-09-13
154,وتوصا,گروه س توسعه صنعتي ايران,1890,11030803,108073465010,10220,9900,9720,-500,-4.89,9800,-420,-4.11,9710,10350,1400-6-22,2021-09-13
155,تاپيكو,س. نفت و گاز و پتروشيمي تأمين,1884,12693947,173540307150,13790,13810,13790,0,0,13670,-120,-0.87,13230,13970,1400-6-22,2021-09-13
156,اتكاي,بيمه اتكايي ايرانيان,1882,31386781,252400285500,8409,7989,8260,-149,-1.77,8042,-367,-4.36,7989,8399,1400-6-22,2021-09-13
157,رانفور,خدمات‌انفورماتيك‌,1857,27769104,192543491690,7290,6930,6930,-360,-4.94,6930,-360,-4.94,6930,7070,1400-6-22,2021-09-13
158,غشهداب,كشت و صنعت شهداب ناب خراسان,1846,22744325,82503274388,3805,3620,3675,-130,-3.42,3627,-178,-4.68,3615,3750,1400-6-22,2021-09-13
159,قرن,پديده شيمي قرن,1840,2011593,68846844380,35820,34030,34030,-1790,-5,34230,-1590,-4.44,34030,35850,1400-6-22,2021-09-13
160,چكارن,كارتن‌ ايران‌,1809,32769632,104776108816,3312,3250,3188,-124,-3.74,3197,-115,-3.47,3147,3310,1400-6-22,2021-09-13
161,كوثر,بيمه كوثر,1795,13188453,173384071466,13776,13100,13150,-626,-4.54,13147,-629,-4.57,13088,13570,1400-6-22,2021-09-13
162,شفارس,صنايع‌ شيميايي‌ فارس‌,1789,34090286,69196437173,2067,2098,2009,-58,-2.81,2030,-37,-1.79,1976,2124,1400-6-22,2021-09-13
163,خوساز,محورسازان‌ايران‌خودرو,1784,20236149,187771264760,9050,9090,9110,60,0.66,9280,230,2.54,8940,9500,1400-6-22,2021-09-13
164,حريل,ريل پردازسير,1778,25266277,120312167089,4994,4745,4745,-249,-4.99,4762,-232,-4.65,4745,4960,1400-6-22,2021-09-13
165,رمپنا,گروه مپنا (سهامي عام),1772,15044835,293759170810,19630,20000,19400,-230,-1.17,19530,-100,-0.51,18850,20100,1400-6-22,2021-09-13
166,ولساپا,ليزينگ رايان‌ سايپا,1761,26203594,76629845330,2959,2870,2925,-34,-1.15,2924,-35,-1.18,2836,3020,1400-6-22,2021-09-13
167,پاسا,ايران‌ياساتايرورابر,1753,4196570,96328253280,22760,22760,22970,210,0.92,22950,190,0.83,22320,23490,1400-6-22,2021-09-13
168,دلقما,دارويي‌ لقمان‌,1748,2801411,126616767550,46420,44180,45330,-1090,-2.35,45200,-1220,-2.63,44100,47950,1400-6-22,2021-09-13
169,كساپا,سايپاشيشه‌,1745,4336691,135343501360,30120,31490,31620,1500,4.98,31210,1090,3.62,30360,31620,1400-6-22,2021-09-13
170,وساپا,سرمايه‌گذاري‌ سايپا,1744,14021353,75980560850,5480,5390,5480,0,0,5420,-60,-1.09,5210,5690,1400-6-22,2021-09-13
171,شاراك,پتروشيمي شازند,1741,3686932,155411911140,42610,42510,42100,-510,-1.2,42150,-460,-1.08,41000,43300,1400-6-22,2021-09-13
172,كگل,معدني و صنعتي گل گهر,1738,6783401,160472294390,23720,23510,23590,-130,-0.55,23660,-60,-0.25,22930,24100,1400-6-22,2021-09-13
173,كتوكا,توليدي و خدمات صنايع نسوز توكا,1732,4970650,116775628538,24696,23462,23462,-1234,-5,23493,-1203,-4.87,23462,24490,1400-6-22,2021-09-13
174,سبزوا,سيمان لار سبزوار,1719,20269204,76311276892,3868,3800,3741,-127,-3.28,3765,-103,-2.66,3675,3940,1400-6-22,2021-09-13
175,سخاش,سيمان‌خاش‌,1716,749676,91232272470,122940,116800,124500,1560,1.27,121700,-1240,-1.01,116800,127000,1400-6-22,2021-09-13
176,دتوزيع,توزيع دارو پخش,1711,5567828,189061552527,35632,34010,33851,-1781,-5,33956,-1676,-4.7,33851,35501,1400-6-22,2021-09-13
177,بكام,كارخانجات توليدي شهيد قندي,1704,21988886,66483013780,3152,3110,2995,-157,-4.98,3023,-129,-4.09,2995,3179,1400-6-22,2021-09-13
178,حتوكا,حمل‌ونقل‌توكا,1703,5113203,102099422960,20440,19520,20330,-110,-0.54,19970,-470,-2.3,19420,20850,1400-6-22,2021-09-13
179,قشكر,شكرشاهرود,1696,38090376,155508752752,4251,4199,4090,-161,-3.79,4083,-168,-3.95,4039,4300,1400-6-22,2021-09-13
180,شغدير,پتروشيمي غدير,1696,1548986,142775455200,91530,90810,93680,2150,2.35,92170,640,0.7,89510,93900,1400-6-22,2021-09-13
181,بنو,بيمه تجارت نو,1686,29982237,459619103559,14630,14700,15361,731,5,15330,700,4.78,14700,15361,1400-6-22,2021-09-13
182,دتوليد,داروسازي توليد دارو,1678,6945126,108662636935,16342,15550,15528,-814,-4.98,15646,-696,-4.26,15525,16250,1400-6-22,2021-09-13
183,خفنر,فنرسازي‌خاور,1661,15540500,140898958470,8670,8890,9100,430,4.96,9070,400,4.61,8820,9100,1400-6-22,2021-09-13
184,فسرب,ملي‌ سرب‌وروي‌ ايران‌,1654,923928,72838124440,80960,77480,78000,-2960,-3.66,78840,-2120,-2.62,77450,83350,1400-6-22,2021-09-13
185,ثالوند,سرمايه گذاري مسكن الوند,1634,3945149,85278213528,21971,21730,21331,-640,-2.91,21616,-355,-1.62,21311,22350,1400-6-22,2021-09-13
186,تاپكيش,تجارت الكترونيك پارسيان كيش,1627,10050790,155859994042,16186,15377,15377,-809,-5,15507,-679,-4.19,15377,16390,1400-6-22,2021-09-13
187,كبافق,معادن‌ بافق‌,1616,1612684,65231941000,42060,41000,40450,-1610,-3.83,40450,-1610,-3.83,39960,42000,1400-6-22,2021-09-13
188,غپينو,پارس‌ مينو,1616,15825713,83764954180,5530,5320,5260,-270,-4.88,5290,-240,-4.34,5260,5560,1400-6-22,2021-09-13
189,تليسه,دامداري تليسه نمونه,1610,16281619,57435161607,3694,3550,3510,-184,-4.98,3528,-166,-4.49,3510,3690,1400-6-22,2021-09-13
190,وپاسار,بانك  پاسارگاد,1607,37839149,565996948530,14990,14970,14950,-40,-0.27,14960,-30,-0.2,14940,14980,1400-6-22,2021-09-13
191,دانا,بيمه دانا,1604,25850554,161886635400,6560,6270,6240,-320,-4.88,6260,-300,-4.57,6240,6500,1400-6-22,2021-09-13
192,غگيلا,شيرپاستوريزه پگاه گيلان,1602,1809164,42562075584,24703,23471,23468,-1235,-5,23526,-1177,-4.76,23468,24390,1400-6-22,2021-09-13
193,فرابورس,فرابورس ايران,1592,7827527,279168449815,33967,35665,35665,1698,5,35665,1698,5,35655,35665,1400-6-22,2021-09-13
194,شلرد,كود شيميايي اوره لردگان,1575,14770163,122361099557,8532,8277,8310,-222,-2.6,8284,-248,-2.91,8277,8449,1400-6-22,2021-09-13
195,كسرام,پارس‌ سرام‌,1570,11187802,69999824210,6440,6250,6370,-70,-1.09,6260,-180,-2.8,6120,6650,1400-6-22,2021-09-13
196,وسنا,سرمايه گذاري نيروگاهي ايران,1564,8101447,137270905641,16756,17250,16501,-255,-1.52,16944,188,1.12,16258,17258,1400-6-22,2021-09-13
197,شپارس,بين‌ المللي‌ محصولات‌  پارس‌,1551,5769242,79813363430,14470,13910,13920,-550,-3.8,13830,-640,-4.42,13750,14470,1400-6-22,2021-09-13
198,گشان,توسعه بين المللي پديده شانديز,1542,4582890,111944841763,25156,24402,24402,-754,-3,24427,-729,-2.9,24402,25000,1400-6-22,2021-09-13
199,حفارس,حمل و نقل بين المللي خليج فارس,1524,31396661,130812892714,4351,4260,4190,-161,-3.7,4166,-185,-4.25,4134,4420,1400-6-22,2021-09-13
200,ثغرب,شركت سرمايه گذاري مسكن شمالغرب,1520,9468258,64294863171,6735,6990,6740,5,0.07,6791,56,0.83,6500,7054,1400-6-22,2021-09-13
201,شپترو,پتروشيمي آبادان,1495,21776898,106863768039,5036,4930,4885,-151,-3,4907,-129,-2.56,4885,5021,1400-6-22,2021-09-13
202,خلنت,لنت‌ ترمزايران‌,1491,1306333,101809299340,77480,73610,81350,3870,4.99,77940,460,0.59,73610,81350,1400-6-22,2021-09-13
203,زماهان,مجتمع توليد گوشت مرغ ماهان,1490,5752972,75712876334,13800,13120,13110,-690,-5,13161,-639,-4.63,13110,13690,1400-6-22,2021-09-13
204,ورازي,بيمه رازي,1486,56305768,102964233780,1919,1824,1824,-95,-4.95,1829,-90,-4.69,1824,1919,1400-6-22,2021-09-13
205,طلا,صندوق س.پشتوانه طلاي لوتوس,1484,2323638,195049526917,85298,84499,84090,-1208,-1.42,83941,-1357,-1.59,83512,84499,1400-6-22,2021-09-13
206,هرمز,فولاد هرمزگان جنوب,1480,5715706,102861608201,17983,18300,18130,147,0.82,17995,12,0.07,17501,18570,1400-6-22,2021-09-13
207,غسالم,سالمين‌,1466,12354803,46108317599,3838,3690,3770,-68,-1.77,3732,-106,-2.76,3647,3899,1400-6-22,2021-09-13
208,ثنوسا,نوسازي‌وساختمان‌تهران‌,1448,16418403,145256882890,9300,8840,8840,-460,-4.95,8850,-450,-4.84,8840,9100,1400-6-22,2021-09-13
209,وآوا,سرمايه گذاري آوا نوين,1447,9316121,47186291600,5273,5035,5110,-163,-3.09,5065,-208,-3.94,5010,5255,1400-6-22,2021-09-13
210,غگرجي,بيسكويت‌  گرجي‌,1435,17274784,49780877258,3014,2990,2868,-146,-4.84,2882,-132,-4.38,2864,2999,1400-6-22,2021-09-13
211,فنوال,نورد آلومينيوم‌,1430,3930345,126966369300,33660,32100,32390,-1270,-3.77,32300,-1360,-4.04,31980,34000,1400-6-22,2021-09-13
212,فاسمين,كالسيمين‌,1421,5952776,99101118980,17260,17100,16650,-610,-3.53,16650,-610,-3.53,16400,17330,1400-6-22,2021-09-13
213,شفن,پتروشيمي فناوران,1419,257931,98420225960,378660,376100,379390,730,0.19,381520,2860,0.76,376100,385980,1400-6-22,2021-09-13
214,زاگرس,پتروشيمي زاگرس,1409,448311,118895120875,266986,262000,264900,-2086,-0.78,265207,-1779,-0.67,257170,270230,1400-6-22,2021-09-13
215,كپشير,پشم‌شيشه‌ايران‌,1407,3432779,69637390170,21060,20400,20010,-1050,-4.99,20290,-770,-3.66,20010,21490,1400-6-22,2021-09-13
216,كچاد,معدني‌وصنعتي‌چادرملو,1403,2814879,84429955490,30090,29700,29870,-220,-0.73,30020,-70,-0.23,29510,30710,1400-6-22,2021-09-13
217,پارند,صندوق س. پارند پايدار سپهر,1384,50630840,508319944944,10034,10040,10040,6,0.06,10040,6,0.06,10039,10041,1400-6-22,2021-09-13
218,نوين,بيمه نوين,1351,12541967,67874257515,5278,5230,5541,263,4.98,5412,134,2.54,5204,5541,1400-6-22,2021-09-13
219,كسرا,سراميك‌هاي‌صنعتي‌اردكان‌,1351,7941214,151608774320,20060,19210,19060,-1000,-4.99,19090,-970,-4.84,19060,19720,1400-6-22,2021-09-13
220,ثتران,سرمايه گذاري مسكن تهران,1350,17480051,72459043745,4072,4142,4130,58,1.42,4145,73,1.79,3945,4250,1400-6-22,2021-09-13
221,وهنر,گروه توسعه هنر ايران,1348,9210920,51939133893,5805,5641,5631,-174,-3,5639,-166,-2.86,5631,5770,1400-6-22,2021-09-13
222,غچين,كشت‌ و صنعت‌ چين‌ چين,1348,4013981,69103338300,18030,17600,17130,-900,-4.99,17220,-810,-4.49,17130,18490,1400-6-22,2021-09-13
223,فپنتا,سپنتا,1345,117229,63270649370,560780,568680,532750,-28030,-5,539720,-21060,-3.76,532750,568680,1400-6-22,2021-09-13
224,وبيمه,سرمايه‌ گذاري‌ صنعت‌ بيمه‌,1337,29666885,59386142533,2096,2000,1992,-104,-4.96,2002,-94,-4.48,1992,2082,1400-6-22,2021-09-13
225,پارس,پتروشيمي پارس,1320,639747,131563083610,204650,209000,204650,0,0,205650,1000,0.49,204000,209000,1400-6-22,2021-09-13
226,كروي,توسعه‌ معادن‌ روي‌ ايران‌,1319,5223117,142718155770,28670,28200,27270,-1400,-4.88,27320,-1350,-4.71,27240,29090,1400-6-22,2021-09-13
227,سبهان,سيمان‌ بهبهان‌,1308,860759,53580222810,65010,62020,62000,-3010,-4.63,62250,-2760,-4.25,61760,65000,1400-6-22,2021-09-13
228,سشرق,سيمان‌ شرق‌,1302,9684543,80505472470,8220,8000,8420,200,2.43,8310,90,1.09,8000,8550,1400-6-22,2021-09-13
229,آريان,سرمايه گذاري پارس آريان,1302,21332383,327691800581,15391,15400,15311,-80,-0.52,15361,-30,-0.19,15203,15700,1400-6-22,2021-09-13
230,غبشهر,صنعتي‌ بهشهر,1302,6473993,180350746070,26610,27200,27940,1330,5,27860,1250,4.7,26890,27940,1400-6-22,2021-09-13
231,فرآور,فرآوري‌موادمعدني‌ايران‌,1301,3277818,111552647500,35650,33870,33990,-1660,-4.66,34030,-1620,-4.54,33870,35280,1400-6-22,2021-09-13
232,وملل,اعتباري ملل,1301,5260446,62794871641,11911,11880,12349,438,3.68,11937,26,0.22,11317,12469,1400-6-22,2021-09-13
233,سپاها,سيمان‌سپاهان‌,1300,13476764,129975885390,10060,9560,9780,-280,-2.78,9640,-420,-4.17,9560,10160,1400-6-22,2021-09-13
234,غالبر,لبنيات‌ كالبر,1264,3696261,48597797350,13080,12800,13210,130,0.99,13150,70,0.54,12430,13500,1400-6-22,2021-09-13
235,افق,فروشگاههاي زنجيره اي افق كوروش,1264,877128,53394086160,61580,61570,60880,-700,-1.14,61060,-520,-0.84,60000,62600,1400-6-22,2021-09-13
236,وپست,پست بانك ايران,1252,4052291,90152739690,22240,21490,22530,290,1.3,22250,10,0.04,21490,22800,1400-6-22,2021-09-13
237,فاما,صنعتي‌ آما,1244,3751406,71450313910,18910,19200,19200,290,1.53,19050,140,0.74,18510,19530,1400-6-22,2021-09-13
238,ونيكي,سرمايه‌گذاري‌ ملي‌ايران‌,1238,6643738,69507510720,10690,10800,10690,0,0,10470,-220,-2.06,10210,11000,1400-6-22,2021-09-13
239,سامان,بانك سامان,1230,11784225,108683246902,9446,9170,9349,-97,-1.03,9223,-223,-2.36,9163,9430,1400-6-22,2021-09-13
240,شاوان,پالايش نفت لاوان,1227,1497144,167793297155,117009,115000,112001,-5008,-4.28,112076,-4933,-4.22,111159,118000,1400-6-22,2021-09-13
241,تسه0005,امتيازتسهيلات مسكن مرداد 1400,1226,23239,13770447273,604840,600000,601000,-3840,-0.63,592558,-12282,-2.03,575400,604500,1400-6-22,2021-09-13
242,زگلدشت,كشت و دام گلدشت نمونه اصفهان,1225,6011098,78941156435,13412,13281,12837,-575,-4.29,13133,-279,-2.08,12742,14082,1400-6-22,2021-09-13
243,كلوند,كاشي‌ الوند,1225,3581148,87820681540,25660,24600,24640,-1020,-3.98,24520,-1140,-4.44,24380,25620,1400-6-22,2021-09-13
244,حآسا,آسيا سير ارس,1220,3700340,88123805195,25001,23752,23751,-1250,-5,23815,-1186,-4.74,23751,25000,1400-6-22,2021-09-13
245,وسبحان,سرمايه گذاري سبحان,1217,16455961,57442646134,3527,3500,3411,-116,-3.29,3491,-36,-1.02,3367,3597,1400-6-22,2021-09-13
246,خكمك,كمك‌فنرايندامين‌,1216,2232832,47551160370,21320,21230,21530,210,0.98,21300,-20,-0.09,20260,21990,1400-6-22,2021-09-13
247,شلعاب,لعابيران‌,1212,5183161,44173302370,8620,8500,8620,0,0,8520,-100,-1.16,8230,8880,1400-6-22,2021-09-13
248,فوكا,فولاد كاويان,1206,8221664,125356611397,15481,15017,15400,-81,-0.52,15247,-234,-1.51,15017,15799,1400-6-22,2021-09-13
249,بكهنوج,توليد برق ماهتاب كهنوج,1205,24266165,39022280179,1645,1622,1605,-40,-2.43,1608,-37,-2.25,1571,1678,1400-6-22,2021-09-13
250,پاكشو,گروه صنعتي پاكشو,1204,9195237,53858503600,6110,5850,5870,-240,-3.93,5990,-120,-1.96,5750,6030,1400-6-22,2021-09-13
251,تپمپي,پمپ‌ سازي‌ ايران‌,1194,4817764,91939909160,19850,18980,19860,10,0.05,19080,-770,-3.88,18860,19920,1400-6-22,2021-09-13
252,چكاوه,صنايع‌كاغذسازي‌كاوه‌,1192,6349336,93201103900,15340,14580,14760,-580,-3.78,14680,-660,-4.3,14580,15380,1400-6-22,2021-09-13
253,فباهنر,مس‌ شهيدباهنر,1191,1881277,52188917540,27560,27350,28300,740,2.69,27740,180,0.65,26260,28700,1400-6-22,2021-09-13
254,ونيرو,سرمايه‌گذاري‌نيرو,1183,15265524,45658815451,3067,2930,2990,-77,-2.51,2991,-76,-2.48,2920,3119,1400-6-22,2021-09-13
255,ثپرديس,سرمايه گذاري مسكن پرديس,1183,9585918,60567838332,6403,6481,6320,-83,-1.3,6318,-85,-1.33,6084,6677,1400-6-22,2021-09-13
256,كحافظ,كاشي‌ وسراميك‌ حافظ‌,1172,14513261,62069115354,4149,3942,4356,207,4.99,4277,128,3.09,3942,4356,1400-6-22,2021-09-13
257,غديس,پاكديس,1162,7320167,108337537635,15295,15250,14730,-565,-3.69,14800,-495,-3.24,14560,15600,1400-6-22,2021-09-13
258,شپديس,پتروشيمي پرديس,1161,530505,82105959150,154260,156490,154890,630,0.41,154670,410,0.27,150580,156490,1400-6-22,2021-09-13
259,خريخت,صنايع‌ريخته‌گري‌ايران‌,1155,18287795,66891636556,3576,3680,3754,178,4.98,3658,82,2.29,3398,3754,1400-6-22,2021-09-13
260,خپويش,سازه‌ پويش‌,1151,1181048,93530104790,80920,76880,80930,10,0.01,79190,-1730,-2.14,76880,82500,1400-6-22,2021-09-13
261,غپاك,لبنيات‌ پاك‌,1148,5014989,92159965780,19160,18300,18210,-950,-4.96,18380,-780,-4.07,18210,18980,1400-6-22,2021-09-13
262,حتايد,تايدواترخاورميانه,1147,3098806,72175283640,24080,24000,23300,-780,-3.24,23290,-790,-3.28,22950,24500,1400-6-22,2021-09-13
263,ستران,سيمان‌ تهران‌,1145,3356240,92496252140,28070,26830,27800,-270,-0.96,27560,-510,-1.82,26670,28450,1400-6-22,2021-09-13
264,مرقام,ايران‌ارقام‌,1138,4471241,76412349310,17910,17020,17020,-890,-4.97,17090,-820,-4.58,17020,17910,1400-6-22,2021-09-13
265,وهور,مديريت انرژي اميد  تابان هور,1130,32509285,60217635653,1945,1848,1848,-97,-4.99,1852,-93,-4.78,1848,1900,1400-6-22,2021-09-13
266,سپيدما,صندوق س. سپيد دماوند-د,1127,53718539,593163986255,11037,11042,11042,5,0.05,11042,5,0.05,11042,11045,1400-6-22,2021-09-13
267,كدما,معدني‌ دماوند,1124,353816,64613877920,192230,182620,182620,-9610,-5,182620,-9610,-5,182620,182620,1400-6-22,2021-09-13
268,رتاپ,تجارت الكترونيك  پارسيان,1123,8785406,59305429140,7070,6750,6720,-350,-4.95,6750,-320,-4.53,6720,7060,1400-6-22,2021-09-13
269,گكوثر,هتل پارسيان كوثر اصفهان,1122,20822641,46340769217,2250,2200,2236,-14,-0.62,2225,-25,-1.11,2170,2312,1400-6-22,2021-09-13
270,تيپيكوح,ح . سرمايه گذاري دارويي تامين,1119,6327341,117054344400,18420,18020,18640,220,1.19,18500,80,0.43,18020,18670,1400-6-22,2021-09-13
271,ودي,بيمه  دي,1115,5735463,48913427003,8307,8002,8650,343,4.13,8528,221,2.66,8002,8722,1400-6-22,2021-09-13
272,تسه0002,امتيازتسهيلاتمسكن ارديبهشت1400,1115,70436,39141332034,557228,557228,550000,-7228,-1.3,555701,-1527,-0.27,540000,585089,1400-6-22,2021-09-13
273,غگلپا,شير پاستوريزه پگاه گلپايگان,1106,1221645,84396277176,68433,68000,68600,167,0.24,69084,651,0.95,65300,70080,1400-6-22,2021-09-13
274,دارو,كارخانجات‌داروپخش‌,1106,1992943,67828835870,35260,36620,34010,-1250,-3.55,34030,-1230,-3.49,33500,36620,1400-6-22,2021-09-13
275,خمهر,مهركام‌پارس‌,1105,29503171,71060411683,2472,2420,2418,-54,-2.18,2409,-63,-2.55,2349,2579,1400-6-22,2021-09-13
276,همراه,شركت ارتباطات سيار ايران,1101,4642811,46777094100,10470,9970,10140,-330,-3.15,10300,-170,-1.62,9950,10300,1400-6-22,2021-09-13
277,اعتلا,شركت سرمايه گذاري اعتلاء البرز,1099,15739615,126113449119,7682,7500,8066,384,5,8012,330,4.3,7391,8066,1400-6-22,2021-09-13
278,اطلس,صندوق س.توسعه اندوخته آينده-س,1096,274423,71111451525,262161,262000,258831,-3330,-1.27,259131,-3030,-1.16,255437,264000,1400-6-22,2021-09-13
279,تاصيكو,سرمايه گذاري صدرتامين,1088,6852820,71934569480,10820,10450,10440,-380,-3.51,10620,-200,-1.85,10290,10910,1400-6-22,2021-09-13
280,ولشرق,ليزينگ ايران و شرق,1080,7067438,45345781335,6670,6621,6480,-190,-2.85,6416,-254,-3.81,6337,6680,1400-6-22,2021-09-13
281,سغرب,سيمان‌غرب‌,1080,4029550,98157407110,23390,22310,24550,1160,4.96,24360,970,4.15,22310,24550,1400-6-22,2021-09-13
282,قاسم,قاسم ايران,1079,6406572,58054384770,9476,9410,9024,-452,-4.77,9062,-414,-4.37,9003,9410,1400-6-22,2021-09-13
283,پارسان,گسترش نفت و گاز پارسيان,1078,5426442,163705260620,30230,30230,30320,90,0.3,30170,-60,-0.2,29700,30990,1400-6-22,2021-09-13
284,ثشرق,سرمايه گذاري مسكن شمال شرق,1074,9517505,52410020730,5300,5460,5560,260,4.91,5510,210,3.96,5260,5560,1400-6-22,2021-09-13
285,خودكفا,اقتصادي و خودكفايي آزادگان,1073,10662963,172494333155,16665,16166,16166,-499,-2.99,16177,-488,-2.93,16166,16497,1400-6-22,2021-09-13
286,تكشا,گسترش‌صنايع‌وخدمات‌كشاورزي‌,1073,2371566,86409845200,37840,36300,36520,-1320,-3.49,36440,-1400,-3.7,35950,38100,1400-6-22,2021-09-13
287,مدير,ص.س.مديريت ثروت ص.بازنشستگي-س,1070,4170691,42114392355,10347,10300,10186,-161,-1.56,10098,-249,-2.41,9920,10477,1400-6-22,2021-09-13
288,ومشان,س. فني و مهندسي مشانير,1066,672183,49328390938,74371,74822,73600,-771,-1.04,73385,-986,-1.33,72140,76590,1400-6-22,2021-09-13
289,ومهان,گروه توسعه مالي مهر آيندگان,1056,2181404,33753713907,15712,15401,15676,-36,-0.23,15582,-130,-0.83,15011,15800,1400-6-22,2021-09-13
290,البرز,بيمه البرز,1053,20389329,53461386133,2691,2670,2618,-73,-2.71,2622,-69,-2.56,2586,2699,1400-6-22,2021-09-13
291,شكربن,كربن‌ ايران‌,1047,1118461,133616029390,114050,116900,119750,5700,5,119460,5410,4.74,110000,119750,1400-6-22,2021-09-13
292,خنصير,مهندسي‌نصيرماشين‌,1047,8996378,174001128830,18590,18990,19510,920,4.95,19340,750,4.03,18990,19510,1400-6-22,2021-09-13
293,شجم,صنايع پتروشيمي تخت جمشيد,1046,7919301,107120170476,13728,13410,13099,-629,-4.58,13526,-202,-1.47,13042,14400,1400-6-22,2021-09-13
294,اپرداز,آتيه داده پرداز,1046,2832687,60970833709,20944,20860,21905,961,4.59,21524,580,2.77,20351,21989,1400-6-22,2021-09-13
295,وصنا,گروه‌صنايع‌بهشهرايران‌,1046,10340101,78225561900,7750,7410,7540,-210,-2.71,7570,-180,-2.32,7370,8030,1400-6-22,2021-09-13
296,سصوفي,سيمان‌ صوفيان‌,1044,1939414,36135448750,18920,19000,18870,-50,-0.26,18630,-290,-1.53,18000,19550,1400-6-22,2021-09-13
297,آسيا,بيمه آسيا,1039,18322603,37831953637,2132,2177,2076,-56,-2.63,2065,-67,-3.14,2026,2177,1400-6-22,2021-09-13
298,افران,صندوق س افرا نماد پايدار-ثابت,1028,27196241,387641697580,14245,14253,14252,7,0.05,14254,9,0.06,14252,14256,1400-6-22,2021-09-13
299,كمرجان,بازرگاني و توليدي مرجان كار,1025,751578,74977765977,104633,99402,99402,-5231,-5,99760,-4873,-4.66,99402,101941,1400-6-22,2021-09-13
300,خموتور,موتورسازان‌تراكتورسازي‌ايران‌,1025,4723047,49327950650,10880,10450,10590,-290,-2.67,10440,-440,-4.04,10340,10950,1400-6-22,2021-09-13
301,حگردش,ريل گردش ايرانيان,1025,2749836,9123955848,3420,3318,3318,-102,-2.98,3320,-100,-2.92,3318,3318,1400-6-22,2021-09-13
302,غگلستا,شير پاستوريزه پگاه گلستان,1020,2263951,38066565758,17547,17900,16730,-817,-4.66,16814,-733,-4.18,16670,17900,1400-6-22,2021-09-13
303,غمهرا,توليدي‌مهرام‌,1017,910879,57331435760,66150,63000,62850,-3300,-4.99,62940,-3210,-4.85,62850,65760,1400-6-22,2021-09-13
304,دزهراوي,داروسازي‌زهراوي‌,1015,5594161,37842024560,7050,6820,6770,-280,-3.97,6760,-290,-4.11,6700,7030,1400-6-22,2021-09-13
305,فروس,فروسيليس‌ ايران‌,1014,8300214,55622540410,6790,6890,6600,-190,-2.8,6700,-90,-1.33,6550,6980,1400-6-22,2021-09-13
306,فافق,صنايع مس افق كرمان,1013,2523579,15431685585,5824,6115,6115,291,5,6115,291,5,6115,6115,1400-6-22,2021-09-13
307,ثعمرا,عمران و توسعه شاهد,1010,5875946,69134242836,12358,11741,11819,-539,-4.36,11766,-592,-4.79,11741,12200,1400-6-22,2021-09-13
308,ارفع,شركت آهن و فولاد ارفع,1004,2761856,46710426080,17130,16900,16862,-268,-1.56,17005,-125,-0.73,16600,17650,1400-6-22,2021-09-13
309,كيميا,معدني كيمياي زنجان گستران,1000,4210174,66305786165,16465,16300,15890,-575,-3.49,15749,-716,-4.35,15642,16300,1400-6-22,2021-09-13
310,ولصنم,ليزينگ‌صنعت‌ومعدن‌,999,4509284,34012248780,7820,7900,7600,-220,-2.81,7540,-280,-3.58,7430,7900,1400-6-22,2021-09-13
311,تكمبا,كمباين‌ سازي‌ ايران‌,997,7079732,50122369070,7420,7080,7050,-370,-4.99,7080,-340,-4.58,7050,7480,1400-6-22,2021-09-13
312,خكرمان,گروه اقتصادي كرمان خودرو,983,19609017,72837233696,3825,3711,3711,-114,-2.98,3714,-111,-2.9,3711,3802,1400-6-22,2021-09-13
313,ثفارس,عمران‌وتوسعه‌فارس‌,980,13464792,140649356510,10970,10430,10430,-540,-4.92,10450,-520,-4.74,10430,10660,1400-6-22,2021-09-13
314,ورنا,سرمايه‌گذاري‌ رنا(هلدينگ‌,973,8174714,44086747330,5460,5520,5410,-50,-0.92,5390,-70,-1.28,5190,5590,1400-6-22,2021-09-13
315,دلر,داروسازي‌ اكسير,970,2856234,120230406070,44080,43050,41880,-2200,-4.99,42090,-1990,-4.51,41880,44080,1400-6-22,2021-09-13
316,نطرين,عطرين نخ قم,963,5600835,47353919042,8549,8150,8500,-49,-0.57,8455,-94,-1.1,8150,8799,1400-6-22,2021-09-13
317,وبوعلي,سرمايه‌گذاري‌بوعلي‌,954,17950635,82352602385,4551,4600,4690,139,3.05,4588,37,0.81,4500,4770,1400-6-22,2021-09-13
318,كگاز,شيشه‌ و گاز,951,3408943,75036691670,21230,21390,22290,1060,4.99,22010,780,3.67,20600,22290,1400-6-22,2021-09-13
319,بالاس,مهندسي ساختمان تاسيسات راه آهن,949,1989541,76292672511,40205,38196,38900,-1305,-3.25,38347,-1858,-4.62,38195,39600,1400-6-22,2021-09-13
320,وساخت,سرمايه‌ گذاري‌ ساختمان‌ايران‌,942,830858,40571512870,49520,49250,48900,-620,-1.25,48830,-690,-1.39,48100,50870,1400-6-22,2021-09-13
321,سدور,سيمان‌ دورود,939,4317617,39264352520,9200,9290,9110,-90,-0.98,9090,-110,-1.2,8800,9570,1400-6-22,2021-09-13
322,شتوكا,توكا رنگ فولاد سپاهان,938,1174192,40228363159,33743,34800,33810,67,0.2,34260,517,1.53,33701,34800,1400-6-22,2021-09-13
323,شپاكسا,پاكسان‌,935,2471852,57899309420,23490,23990,23750,260,1.11,23420,-70,-0.3,22600,24370,1400-6-22,2021-09-13
324,ثاباد,توريستي ورفاهي آبادگران ايران,935,1010232,53984643780,52550,51230,53670,1120,2.13,53440,890,1.69,51000,54990,1400-6-22,2021-09-13
325,پكوير,كوير تاير,929,3235663,48542812350,15520,15450,15300,-220,-1.42,15000,-520,-3.35,14750,15990,1400-6-22,2021-09-13
326,دكپسول,توليد ژلاتين كپسول ايران,926,1061917,37726927161,36971,35200,35605,-1366,-3.69,35527,-1444,-3.91,35124,37900,1400-6-22,2021-09-13
327,كسعدي,كاشي‌ سعدي‌,917,2901731,36454901620,13100,12560,12450,-650,-4.96,12560,-540,-4.12,12450,12990,1400-6-22,2021-09-13
328,ارزش,صندوق س ارزش آفرين بيدار-سهام,916,5254547,54666272940,10690,10700,10440,-250,-2.34,10400,-290,-2.71,10240,10770,1400-6-22,2021-09-13
329,غصينو,صنعتي مينو,915,2340664,48348581559,21672,20950,20589,-1083,-5,21077,-595,-2.75,20589,20990,1400-6-22,2021-09-13
330,ولغدر,ليزينگ‌خودروغدير,909,3896384,61703409560,16640,15810,15810,-830,-4.99,15840,-800,-4.81,15810,16160,1400-6-22,2021-09-13
331,غاذر,كشت‌وصنعت‌پياذر,905,2269509,64179116160,27430,26800,28800,1370,4.99,28280,850,3.1,26700,28800,1400-6-22,2021-09-13
332,وساشرقي,شركت س استان آذربايجان شرقي,900,41392621,26235411726,664,649,631,-33,-4.97,649,-15,-2.26,631,650,1400-6-22,2021-09-13
333,كهمدا,شيشه‌ همدان‌,899,4900966,52841835190,11210,10900,10800,-410,-3.66,10780,-430,-3.84,10650,11470,1400-6-22,2021-09-13
334,شفارا,پتروشيمي فارابي,894,8345848,56699488502,6713,6800,6906,193,2.88,6794,81,1.21,6512,6914,1400-6-22,2021-09-13
335,فجام,جام‌دارو,893,5922417,45360849920,7550,7730,7790,240,3.18,7660,110,1.46,7320,7860,1400-6-22,2021-09-13
336,ضخود7076,اختيارخ خودرو-2500-1400/07/07,891,43457,885189000,22,20,18,-4,-18.18,20,-2,-9.09,15,28,1400-6-22,2021-09-13
337,سفار,سيمان‌فارس‌,887,267176,23670959470,89810,85370,88500,-1310,-1.46,88600,-1210,-1.35,85370,91780,1400-6-22,2021-09-13
338,غفارس,شير پاستوريزه پگاه فارس,886,5308135,65062342397,12883,12239,12239,-644,-5,12257,-626,-4.86,12239,12800,1400-6-22,2021-09-13
339,بموتو,موتوژن‌,885,863936,68378880200,78950,77310,81200,2250,2.85,79150,200,0.25,76050,81820,1400-6-22,2021-09-13
340,وسهمدا,شركت س استان همدان,884,51859070,31596060485,640,640,608,-32,-5,609,-31,-4.84,608,640,1400-6-22,2021-09-13
341,وسينا,بانك سينا,881,22136268,66561708974,3050,3050,3018,-32,-1.05,3007,-43,-1.41,2910,3097,1400-6-22,2021-09-13
342,وپسا,س. پتروشيمي ساختمان  خليج فارس,874,23863718,51710583248,2212,2240,2146,-66,-2.98,2167,-45,-2.03,2146,2240,1400-6-22,2021-09-13
343,خاهن,آهنگري‌ تراكتورسازي‌ ايران‌,873,7017580,56551745380,8290,8380,8030,-260,-3.14,8060,-230,-2.77,7950,8380,1400-6-22,2021-09-13
344,خفناور,مهندسي صنعتي روان فن آور,864,2088747,93218169243,43453,43543,44756,1303,3,44629,1176,2.71,43543,44756,1400-6-22,2021-09-13
345,آوا,صندوق س.سهام آواي معيار-س,856,3485316,27371988447,8069,8029,7840,-229,-2.84,7854,-215,-2.66,7740,8112,1400-6-22,2021-09-13
346,ريشمك,توليد و صادرات ريشمك,852,943235,41616836851,43867,42370,44300,433,0.99,44121,254,0.58,42370,45000,1400-6-22,2021-09-13
347,رنيك,جنرال مكانيك,837,1455377,24179341278,16780,17100,16640,-140,-0.83,16614,-166,-0.99,16163,17280,1400-6-22,2021-09-13
348,بهپاك,صنعتي بهپاك,836,8241728,57782930984,7258,7050,6969,-289,-3.98,7011,-247,-3.4,6896,7420,1400-6-22,2021-09-13
349,زشريف,كشت وصنعت شريف آباد,835,8783682,44291626970,5275,5012,5028,-247,-4.68,5042,-233,-4.42,5012,5280,1400-6-22,2021-09-13
350,حپترو,حمل و نقل پتروشيمي( سهامي عام,834,874708,32696635130,37690,37890,37000,-690,-1.83,37380,-310,-0.82,35820,38700,1400-6-22,2021-09-13
351,تپولا,مهندسي مرآت پولاد,832,1689901,41535728731,24759,25501,24017,-742,-3,24579,-180,-0.73,24017,25501,1400-6-22,2021-09-13
352,كاذر,فرآورده‌هاي‌نسوزآذر,832,2943989,51863086090,18220,18230,17410,-810,-4.45,17620,-600,-3.29,17310,18740,1400-6-22,2021-09-13
353,زدشت,كشت و صنعت دشت خرم دره,824,1948296,41991533277,22577,21560,21449,-1128,-5,21553,-1024,-4.54,21449,22290,1400-6-22,2021-09-13
354,ضخود7077,اختيارخ خودرو-3000-1400/07/07,820,40279,95039000,2,5,3,1,50,2,0,0,2,5,1400-6-22,2021-09-13
355,افرا,افرانت,819,1595216,45961911582,30302,28787,28787,-1515,-5,28812,-1490,-4.92,28787,29650,1400-6-22,2021-09-13
356,وسگيلا,شركت س استان گيلان,819,49701276,30683475199,647,621,615,-32,-4.95,622,-25,-3.86,615,630,1400-6-22,2021-09-13
357,شدوص,دوده‌ صنعتي‌ پارس‌,818,2309292,57010546860,25360,25310,24360,-1000,-3.94,24690,-670,-2.64,24220,25840,1400-6-22,2021-09-13
358,والبر,سرمايه‌ گذاري‌ البرز(هلدينگ‌,816,3006922,27801914640,9520,9090,9340,-180,-1.89,9270,-250,-2.63,9050,9620,1400-6-22,2021-09-13
359,قصفها,قنداصفهان‌,814,543792,61396129800,118690,112760,112760,-5930,-5,112900,-5790,-4.88,112760,116150,1400-6-22,2021-09-13
360,خچرخش,چرخشگر,804,3482642,40751301460,11830,11240,11920,90,0.76,11700,-130,-1.1,11240,12420,1400-6-22,2021-09-13
361,فلامي,لاميران‌,800,1400529,34138044710,25470,24450,24400,-1070,-4.2,24380,-1090,-4.28,24200,25470,1400-6-22,2021-09-13
362,شبهرن,نفت‌ بهران‌,800,2245606,28802445100,13110,13000,12920,-190,-1.45,12980,-130,-0.99,12620,13090,1400-6-22,2021-09-13
363,اميد,تامين سرمايه اميد,794,6662287,46683889840,7360,7000,7000,-360,-4.89,7010,-350,-4.76,7000,7160,1400-6-22,2021-09-13
364,قشرين,قند شيرين خراسان,793,7423341,123563085936,17151,16640,16637,-514,-3,16645,-506,-2.95,16637,17140,1400-6-22,2021-09-13
365,پارسيان,بيمه پارسيان,790,3747681,49576546310,13640,13400,13400,-240,-1.76,13230,-410,-3.01,12960,13940,1400-6-22,2021-09-13
366,آبين,كشت و صنعت آبشيرين,789,16794715,48592908324,2811,2895,2895,84,2.99,2893,82,2.92,2815,2895,1400-6-22,2021-09-13
367,ولراز,ليزينگ رازي,787,1535858,43432900929,27626,27400,28454,828,3,28279,653,2.36,27400,28454,1400-6-22,2021-09-13
368,آ س پ,آ.س.پ,785,6446478,69347614097,11320,10754,10754,-566,-5,10757,-563,-4.97,10754,11100,1400-6-22,2021-09-13
369,پدرخش,درخشان‌ تهران‌,776,1918048,61881752400,30830,31890,32370,1540,5,32260,1430,4.64,31000,32370,1400-6-22,2021-09-13
370,وتوكا,سرمايه‌گذاري‌توكافولاد(هلدينگ,776,6016376,65399948840,11050,11030,11000,-50,-0.45,10870,-180,-1.63,10530,11380,1400-6-22,2021-09-13
371,سدبير,س. تدبيرگران فارس وخوزستان,775,1086002,43078077261,41574,41414,39496,-2078,-5,39667,-1907,-4.59,39496,41414,1400-6-22,2021-09-13
372,غمارگ,مارگارين‌,771,1919857,56772004680,30340,28910,30000,-340,-1.12,29570,-770,-2.54,28830,30980,1400-6-22,2021-09-13
373,چافست,افست‌,771,2988597,41715023460,14640,13950,13910,-730,-4.99,13960,-680,-4.64,13910,14400,1400-6-22,2021-09-13
374,هماي,صندوق س هماي آگاه-ثابت,768,2449217,25521357648,10416,10423,10417,1,0.01,10420,4,0.04,10412,10423,1400-6-22,2021-09-13
375,تايرا,تراكتورسازي‌ايران‌,767,2607099,69604115590,27700,26960,26790,-910,-3.29,26700,-1000,-3.61,26320,27610,1400-6-22,2021-09-13
376,واعتبار,سرمايه گذاري اعتبار ايران,761,4407480,33917566460,8050,8050,7650,-400,-4.97,7700,-350,-4.35,7650,8330,1400-6-22,2021-09-13
377,غشان,شيرپاستوريزه‌پگاه‌خراسان‌,752,11614092,63868383780,5770,5550,5490,-280,-4.85,5500,-270,-4.68,5490,5760,1400-6-22,2021-09-13
378,ساروم,سيمان‌اروميه‌,750,1556321,62818220470,40260,40920,40350,90,0.22,40360,100,0.25,39210,41400,1400-6-22,2021-09-13
379,خاذين,سايپاآذين‌,744,8136998,27452312526,3444,3500,3370,-74,-2.15,3374,-70,-2.03,3280,3545,1400-6-22,2021-09-13
380,غشاذر,پگاه‌آذربايجان‌غربي‌,742,6737345,53302355620,7610,7310,7990,380,4.99,7910,300,3.94,7310,7990,1400-6-22,2021-09-13
381,پرداخت,به پرداخت ملت,741,1915989,36709527550,20080,19170,19080,-1000,-4.98,19160,-920,-4.58,19080,19980,1400-6-22,2021-09-13
382,شكلر,نيروكلر,740,856132,35703070200,43680,41740,41500,-2180,-4.99,41700,-1980,-4.53,41500,42940,1400-6-22,2021-09-13
383,سرچشمه,سرمايه گذاري مس سرچشمه,738,4690046,32384303492,7135,6930,7000,-135,-1.89,6905,-230,-3.22,6779,7178,1400-6-22,2021-09-13
384,زبينا,كشاورزي و دامپروري بينالود,737,14710933,47701676184,3391,3230,3222,-169,-4.98,3243,-148,-4.36,3222,3360,1400-6-22,2021-09-13
385,ساربيل,سيمان آرتا اردبيل,731,764962,28351075710,38580,36800,36700,-1880,-4.87,37060,-1520,-3.94,36660,38500,1400-6-22,2021-09-13
386,خكاوه,سايپا ديزل,729,11904064,49208113787,4255,4131,4128,-127,-2.98,4134,-121,-2.84,4128,4213,1400-6-22,2021-09-13
387,ولانا,شركت ليزينگ آريا دانا,723,1670141,39264969158,23614,24000,23250,-364,-1.54,23510,-104,-0.44,23065,24000,1400-6-22,2021-09-13
388,قجام,فرآوردههاي غذايي وقندتربت‌جام‌,720,4955968,31562905672,6294,6400,6371,77,1.22,6369,75,1.19,6180,6419,1400-6-22,2021-09-13
389,ومعلم,بيمه معلم,718,6674158,28070328451,4170,4140,4295,125,3,4206,36,0.86,4100,4300,1400-6-22,2021-09-13
390,پلاسك,پلاسكوكار,715,5060689,36324132540,7490,7180,7290,-200,-2.67,7180,-310,-4.14,7120,7460,1400-6-22,2021-09-13
391,قلرست,قند لرستان‌,714,1213630,31732741210,27370,26710,26010,-1360,-4.97,26150,-1220,-4.46,26010,27580,1400-6-22,2021-09-13
392,ميهن,بيمه ميهن,705,8800251,32363612343,3863,3670,3670,-193,-5,3678,-185,-4.79,3670,3790,1400-6-22,2021-09-13
393,جوين,كشت و صنعت جوين,705,6654379,23892885087,3690,3740,3581,-109,-2.95,3591,-99,-2.68,3580,3740,1400-6-22,2021-09-13
394,داوه,داروسازي آوه سينا,699,2528558,44192599303,18143,18140,17238,-905,-4.99,17477,-666,-3.67,17236,18480,1400-6-22,2021-09-13
395,زشگزا,شير و گوشت زاگرس شهركرد,696,4185477,26749745080,6629,6590,6335,-294,-4.44,6391,-238,-3.59,6303,6740,1400-6-22,2021-09-13
396,ولبهمن,شركت بهمن ليزينگ,695,6197939,49412729726,8107,7803,8132,25,0.31,7972,-135,-1.67,7710,8379,1400-6-22,2021-09-13
397,فولاژ,فولاد آلياژي ايران,694,1982139,35284422260,18080,17800,17950,-130,-0.72,17960,-120,-0.66,17220,18150,1400-6-22,2021-09-13
398,وسكاب,س.ص.بازنشستگي كاركنان بانكها,685,10342747,32277768990,3140,3126,3145,5,0.16,3121,-19,-0.61,3030,3250,1400-6-22,2021-09-13
399,دماوند,توليد نيروي برق دماوند,677,1329175,38248894213,30077,29000,28574,-1503,-5,29294,-783,-2.6,28574,29480,1400-6-22,2021-09-13
400,كاردان,صندوق س تجارت شاخصي كاردان,676,305204,61527870200,207250,204210,202580,-4670,-2.25,201600,-5650,-2.73,200000,211260,1400-6-22,2021-09-13
401,غشوكو,شوكو پارس,673,875711,23832504713,27590,28290,27279,-311,-1.13,27215,-375,-1.36,26763,28290,1400-6-22,2021-09-13
402,كپارس,كاشي‌ پارس‌,673,806972,108356386840,128300,123000,134710,6410,5,134280,5980,4.66,123000,134710,1400-6-22,2021-09-13
403,نيرو,نيرو سرمايه,673,1183186,50852551474,43682,42373,44500,818,1.87,42979,-703,-1.61,42372,44899,1400-6-22,2021-09-13
404,وصندوق,سرمايه‌گذاري‌صندوق‌بازنشستگي‌,672,1708108,30731518880,18230,17990,18160,-70,-0.38,18170,-60,-0.33,17680,18440,1400-6-22,2021-09-13
405,ونفت,سرمايه‌گذاري‌ صنعت‌ نفت‌,670,3716699,62691162650,17460,17460,17080,-380,-2.18,16870,-590,-3.38,16600,17610,1400-6-22,2021-09-13
406,درهآور,دارويي ره آورد تامين,670,543233,15693069801,28616,29400,28900,284,0.99,28888,272,0.95,27530,29970,1400-6-22,2021-09-13
407,ختراك,ريخته‌گري‌ تراكتورسازي‌ ايران‌,668,2817925,35298224330,12880,12600,12730,-150,-1.16,12530,-350,-2.72,12240,13390,1400-6-22,2021-09-13
408,لپيام,گسترش صنايع پيام,663,1297718,57520570038,43302,44000,44601,1299,3,44324,1022,2.36,43004,44601,1400-6-22,2021-09-13
409,واحيا,م .صنايع و معادن احياء سپاهان,662,946207,169713317807,184354,179100,179768,-4586,-2.49,179362,-4992,-2.71,178824,183688,1400-6-22,2021-09-13
410,بزاگرس,نيروگاه زاگرس كوثر,659,4165619,22295557082,5497,5600,5310,-187,-3.4,5352,-145,-2.64,5238,5600,1400-6-22,2021-09-13
411,قشير,قند شيروان قوچان و بجنورد,658,2989800,67983281159,23853,23020,22661,-1192,-5,22738,-1115,-4.67,22661,23655,1400-6-22,2021-09-13
412,زكشت,كشاورزي مكانيزه اصفهان كشت,656,1394136,39326340199,27271,26050,28634,1363,5,28208,937,3.44,26050,28634,1400-6-22,2021-09-13
413,دامين,داروسازي‌ امين‌,651,4475593,18249012734,4120,4100,4100,-20,-0.49,4077,-43,-1.04,3923,4248,1400-6-22,2021-09-13
414,وپترو,سرمايه‌گذاري صنايع پتروشيمي‌,647,2182387,29963149150,13610,13550,13870,260,1.91,13730,120,0.88,13410,14100,1400-6-22,2021-09-13
415,ياقوت,صندوق س ياقوت آگاه-ثابت,647,9595489,125901473430,13105,13120,13121,16,0.12,13121,16,0.12,13114,13121,1400-6-22,2021-09-13
416,تابا,تابان نيرو سپاهان,646,1213811,37607503645,31895,30939,31080,-815,-2.56,30983,-912,-2.86,30939,31480,1400-6-22,2021-09-13
417,دجابر,داروسازي‌ جابرابن‌حيان‌,645,3177091,49530482740,15060,14600,15810,750,4.98,15590,530,3.52,14600,15810,1400-6-22,2021-09-13
418,ثمسكن,سرمايه‌گذاري‌ مسكن‌,638,5045206,26716557900,5290,5200,5350,60,1.13,5300,10,0.19,5050,5500,1400-6-22,2021-09-13
419,داسوه,داروسازي‌ اسوه‌,636,1491630,42243524520,27840,26610,29230,1390,4.99,28320,480,1.72,26500,29230,1400-6-22,2021-09-13
420,شوينده,مديريت صنعت شوينده ت.ص.بهشهر,634,1107126,27782901440,24990,25940,24990,0,0,25090,100,0.4,24000,25940,1400-6-22,2021-09-13
421,زنجان,صنايع كشاورزي وكود زنجان,627,7099116,42729596704,6205,6019,6019,-186,-3,6019,-186,-3,6019,6020,1400-6-22,2021-09-13
422,سمازن,سيمان‌مازندران‌,626,3152639,45796485420,14480,14320,14760,280,1.93,14530,50,0.35,14200,15000,1400-6-22,2021-09-13
423,سفانو,سيمان فارس نو,623,867189,21968830670,26460,25900,25140,-1320,-4.99,25330,-1130,-4.27,25140,26440,1400-6-22,2021-09-13
424,كمنگنز,معادن‌منگنزايران‌,621,470896,36752862430,80950,82290,78000,-2950,-3.64,78050,-2900,-3.58,76910,82290,1400-6-22,2021-09-13
425,كساوه,صنايع‌ كاشي‌ و سراميك‌ سينا,619,763564,40227071340,52980,53990,53070,90,0.17,52680,-300,-0.57,51050,53990,1400-6-22,2021-09-13
426,وايرا,سرمايه گذاري صنايع ايران,616,3235136,23584361160,7187,7000,7400,213,2.96,7290,103,1.43,6972,7402,1400-6-22,2021-09-13
427,دكوثر,داروسازي‌ كوثر,603,4525029,22420577870,5160,4920,5020,-140,-2.71,4950,-210,-4.07,4910,5270,1400-6-22,2021-09-13
428,زقيام,كشت و دام قيام اصفهان,599,1486543,30325572469,21242,20500,20590,-652,-3.07,20400,-842,-3.96,20180,21242,1400-6-22,2021-09-13
429,سخوز,سيمان خوزستان,595,976412,22640209460,23330,22250,23900,570,2.44,23190,-140,-0.6,22210,24050,1400-6-22,2021-09-13
430,تسه0004,امتيازتسهيلات مسكن تير1400,587,12928,7565357964,586966,586966,560000,-26966,-4.59,585192,-1774,-0.3,560000,601000,1400-6-22,2021-09-13
431,فسازان,غلتك سازان سپاهان,586,1239480,40197707990,32860,32000,32400,-460,-1.4,32430,-430,-1.31,31420,33320,1400-6-22,2021-09-13
432,زمگسا,كشاورزي‌ ودامپروي‌ مگسال‌,579,1139632,32922395910,30010,30000,29010,-1000,-3.33,28890,-1120,-3.73,28510,30510,1400-6-22,2021-09-13
433,نمرينو,ايران‌ مرينوس‌,577,243606,24973762940,107030,108000,101990,-5040,-4.71,102520,-4510,-4.21,101680,108000,1400-6-22,2021-09-13
434,شخارك,پتروشيمي‌ خارك‌,575,565258,28373517540,49970,49800,50130,160,0.32,50030,60,0.12,49560,50740,1400-6-22,2021-09-13
435,كارين,صندوق س نگين سامان-ثابت,571,7564470,76591135471,10121,10125,10128,7,0.07,10125,4,0.04,10124,10128,1400-6-22,2021-09-13
436,دعبيد,لابراتوارداروسازي‌  دكترعبيدي‌,565,1071811,29240659010,28150,28500,27250,-900,-3.2,27630,-520,-1.85,26920,28500,1400-6-22,2021-09-13
437,بشهاب,لامپ‌  پارس‌ شهاب‌,557,421676,56851485980,141090,134040,134040,-7050,-5,134820,-6270,-4.44,134040,140110,1400-6-22,2021-09-13
438,وآرين,شركت توسعه اقتصادي آرين,555,7086383,21933371478,3178,3200,3083,-95,-2.99,3095,-83,-2.61,3083,3200,1400-6-22,2021-09-13
439,كپرور,فرآوري زغال سنگ پروده طبس,554,1090980,44598441629,40345,40212,41413,1068,2.65,40879,534,1.32,39200,42290,1400-6-22,2021-09-13
440,وسين,بيمه سينا,551,16568271,57657280782,3415,3450,3517,102,2.99,3480,65,1.9,3356,3517,1400-6-22,2021-09-13
441,تيپيكو,سرمايه گذاري دارويي تامين,550,1318376,28043733100,21600,22000,21670,70,0.32,21500,-100,-0.46,20520,22000,1400-6-22,2021-09-13
442,جم پيلن,پلي پروپيلن جم - جم پيلن,550,893363,99410817570,112690,110000,113000,310,0.28,111280,-1410,-1.25,108270,116000,1400-6-22,2021-09-13
443,كترام,توليدي‌ كاشي‌ تكسرام‌,546,1666614,49693120230,31370,29810,29810,-1560,-4.97,29820,-1550,-4.94,29810,30870,1400-6-22,2021-09-13
444,وثنو,سرمايه گذاري ساختماني نوين,545,4862302,25360813329,5342,5220,5182,-160,-3,5216,-126,-2.36,5182,5450,1400-6-22,2021-09-13
445,شبصير,توليدات پتروشيمي قائد بصير,544,461743,46709905813,102593,100120,101000,-1593,-1.55,101160,-1433,-1.4,100120,103967,1400-6-22,2021-09-13
446,شراز,پالايش نفت شيراز,536,217970,25419288161,121108,116700,116032,-5076,-4.19,118727,-2381,-1.97,115053,121098,1400-6-22,2021-09-13
447,كشرق,صنعتي و معدني شمال شرق شاهرود,533,484794,34778385898,70400,70800,72200,1800,2.56,71738,1338,1.9,68360,73437,1400-6-22,2021-09-13
448,چكاوهح,ح . صنايع‌كاغذسازي‌كاوه‌,532,10000000,102431573380,10070,11070,10350,280,2.78,10240,170,1.69,10000,11070,1400-6-22,2021-09-13
449,دفرا,فرآورده‌هاي‌ تزريقي‌ ايران‌,526,1278431,42608926760,31800,31650,33380,1580,4.97,33330,1530,4.81,31650,33390,1400-6-22,2021-09-13
450,چفيبر,فيبر ايران‌,522,5020482,39829862950,8340,7930,7930,-410,-4.92,7930,-410,-4.92,7930,8190,1400-6-22,2021-09-13
451,وايران,ليزينگ ايرانيان,518,3016383,19591057370,6740,6510,6410,-330,-4.9,6490,-250,-3.71,6410,6730,1400-6-22,2021-09-13
452,مبين,مبين انرژي خليج فارس,516,8760347,189914402610,21640,21640,21640,0,0,21680,40,0.18,21200,21930,1400-6-22,2021-09-13
453,معيار ,سرمايه گذاري معيار صنعت پارس,510,304080,16022854142,52482,54000,53500,1018,1.94,52693,211,0.4,51000,54000,1400-6-22,2021-09-13
454,جهرم,پتروشيمي جهرم,507,11345505,16062205913,1440,1470,1397,-43,-2.99,1416,-24,-1.67,1397,1474,1400-6-22,2021-09-13
455,دروز,داروسازي‌ روزدارو,504,1049439,34643454600,33370,33990,32110,-1260,-3.78,33010,-360,-1.08,32000,34400,1400-6-22,2021-09-13
456,پلوله,گازلوله‌,500,836939,24611284416,29097,29100,29967,870,2.99,29406,309,1.06,28225,29969,1400-6-22,2021-09-13
457,سكرد,سيمان كردستان,500,3155655,20592491050,6790,6490,6500,-290,-4.27,6530,-260,-3.83,6460,6890,1400-6-22,2021-09-13
458,غپآذر,شير پگاه آذربايجان شرقي,497,1060659,45906937722,45334,45334,43068,-2266,-5,43282,-2052,-4.53,43068,45334,1400-6-22,2021-09-13
459,سبجنو,سيمان‌ بجنورد,494,519495,21950091950,41670,43750,41770,100,0.24,42250,580,1.39,41000,43750,1400-6-22,2021-09-13
460,سكه0012پ01,تمام سكه طرح جديد0012رفاه,494,122000,143978595100,1197577,1181600,1180001,-17576,-1.47,1180152,-17425,-1.46,1176500,1187799,1400-6-22,2021-09-13
461,رتكو,كنترل‌خوردگي‌تكين‌كو,486,1564505,18380248700,12270,11830,11660,-610,-4.97,11750,-520,-4.24,11660,12600,1400-6-22,2021-09-13
462,وآتوس,س.آرين توسكا قيمت اسمي 350ريال,485,822820,24213115532,28987,28250,29856,869,3,29427,440,1.52,28118,29856,1400-6-22,2021-09-13
463,تكنار,مجتمع معادن مس تكنار,485,211407,18920759012,92122,89370,89359,-2763,-3,89499,-2623,-2.85,89359,92000,1400-6-22,2021-09-13
464,لابسا,آبسال‌,479,661017,26743470320,41350,42300,39750,-1600,-3.87,40460,-890,-2.15,39630,42300,1400-6-22,2021-09-13
465,وشهر,بانك شهر,477,8014544,50257653467,6307,6309,6280,-27,-0.43,6271,-36,-0.57,6118,6350,1400-6-22,2021-09-13
466,سقاين,سيمان‌ قائن‌,476,394244,23649380580,62690,62520,60570,-2120,-3.38,59990,-2700,-4.31,59560,62520,1400-6-22,2021-09-13
467,لسرما,سرما آفرين‌,475,1059793,24686109900,24470,23250,23470,-1000,-4.09,23290,-1180,-4.82,23250,24300,1400-6-22,2021-09-13
468,وكادو,تكادو,471,2174141,46227736634,21885,21320,21229,-656,-3,21263,-622,-2.84,21229,22100,1400-6-22,2021-09-13
469,وخاور,بانك خاورميانه,471,4153881,25468175070,6260,6230,6160,-100,-1.6,6210,-50,-0.8,6060,6230,1400-6-22,2021-09-13
470,كفرآور,فرآورده هاي سيمان شرق,470,1148554,21185055262,18980,18412,18411,-569,-3,18445,-535,-2.82,18411,19341,1400-6-22,2021-09-13
471,وآذر,سرمايه‌گذاري‌توسعه‌آذربايجان‌,468,412351,26561594590,67410,64100,64040,-3370,-5,64420,-2990,-4.44,64040,67140,1400-6-22,2021-09-13
472,كقزوي,شيشه‌ قزوين‌,466,3468540,26487290546,7545,7600,7720,175,2.32,7636,91,1.21,7331,7771,1400-6-22,2021-09-13
473,تنوين,تامين سرمايه نوين,463,4395269,30626495000,7120,6950,7030,-90,-1.26,7010,-110,-1.54,6840,7100,1400-6-22,2021-09-13
474,اوان,مبين وان كيش,459,469544,15808118231,34191,32505,33602,-589,-1.72,33667,-524,-1.53,32505,34920,1400-6-22,2021-09-13
475,وسپه,سرمايه‌گذاري‌ سپه‌,458,1827005,16342371190,9220,8810,9010,-210,-2.28,9120,-100,-1.08,8810,9160,1400-6-22,2021-09-13
476,وتوسم,سرمايه‌گذاري‌توسعه‌ملي‌,453,5660445,45656004060,8060,7970,8110,50,0.62,8070,10,0.12,7890,8170,1400-6-22,2021-09-13
477,قچار,فراوردههاي غذايي وقند چهارمحال,452,1396339,20503088152,15423,14700,14652,-771,-5,14683,-740,-4.8,14652,15300,1400-6-22,2021-09-13
478,سمايه,بانك سرمايه,452,6092169,30090734900,5091,4940,4939,-152,-2.99,4939,-152,-2.99,4939,4985,1400-6-22,2021-09-13
479,ركيش,كارت اعتباري ايران كيش,450,2379962,18002906010,7470,7300,7690,220,2.95,7560,90,1.2,7200,7770,1400-6-22,2021-09-13
480,هجرت,پخش هجرت,445,889155,29855165688,33296,34952,33596,300,0.9,33577,281,0.84,31800,34952,1400-6-22,2021-09-13
481,دتماد,توليدمواداوليه‌داروپخش‌,444,642084,30001151210,47180,47010,47280,100,0.21,46720,-460,-0.97,45900,48000,1400-6-22,2021-09-13
482,دفارا,داروسازي‌ فارابي‌,430,1011431,19907274110,19520,19520,19560,40,0.2,19680,160,0.82,18690,20300,1400-6-22,2021-09-13
483,دشيمي,شيمي‌ داروئي‌ داروپخش‌,429,945013,24028435250,26050,26110,25950,-100,-0.38,25430,-620,-2.38,24760,26990,1400-6-22,2021-09-13
484,دسبحا,گروه دارويي سبحان,427,3256558,57548186400,17490,17500,17660,170,0.97,17670,180,1.03,17000,17870,1400-6-22,2021-09-13
485,فافزا,فولاد افزا سپاهان,426,305832,14996273320,49144,49999,49700,556,1.13,49034,-110,-0.22,47690,49999,1400-6-22,2021-09-13
486,سيدكو,سرمايه گذاري توسعه صنايع سيمان,425,6295514,44971116520,7270,7070,7280,10,0.14,7140,-130,-1.79,7000,7290,1400-6-22,2021-09-13
487,مفاخر,توسعه فناوري اطلاعات خوارزمي,425,566397,27493027238,50786,50209,48247,-2539,-5,48540,-2246,-4.42,48247,50786,1400-6-22,2021-09-13
488,زفكا,كشت و دامداري فكا,424,1172436,13335933403,11693,11960,11410,-283,-2.42,11389,-304,-2.6,11109,11960,1400-6-22,2021-09-13
489,سخزر,سيمان‌ خزر,421,1461426,39532940670,28460,27040,27040,-1420,-4.99,27050,-1410,-4.95,27040,27870,1400-6-22,2021-09-13
490,تشتاد,صنايع توليدي اشتاد ايران‌,420,3471705,25370406177,7107,7273,7320,213,3,7308,201,2.83,7143,7320,1400-6-22,2021-09-13
491,پسهند,صنايع‌ لاستيكي‌  سهند,420,831767,27997919230,34980,34000,33350,-1630,-4.66,33660,-1320,-3.77,33240,35830,1400-6-22,2021-09-13
492,ثنور,سرمايه گذاري كوه نور,419,2500376,18551032625,7646,7417,7417,-229,-3,7419,-227,-2.97,7417,7480,1400-6-22,2021-09-13
493,حسينا,توسعه خدمات دريايي وبندري سينا,416,535611,30551051461,58043,59359,56210,-1833,-3.16,57040,-1003,-1.73,56085,59360,1400-6-22,2021-09-13
494,حپارسا,توسعه حمل و نقل ريلي پارسيان,415,724545,27065824129,38721,37559,38290,-431,-1.11,37356,-1365,-3.53,36785,39450,1400-6-22,2021-09-13
495,ساراب,سيمان‌ داراب‌,415,1024473,20300907460,20400,20100,19620,-780,-3.82,19820,-580,-2.84,19420,20690,1400-6-22,2021-09-13
496,ثزاگرس,سرمايه گذاري توسعه عمران زاگرس,412,514441,21025396573,42941,40794,40794,-2147,-5,40870,-2071,-4.82,40794,42224,1400-6-22,2021-09-13
497,بسويچ,پارس‌سويچ‌,411,385164,10702980120,28690,28800,27870,-820,-2.86,28260,-430,-1.5,27260,28800,1400-6-22,2021-09-13
498,ساينا,صنايع بهداشتي ساينا,410,243447,36073149053,142185,144000,149294,7109,5,148177,5992,4.21,143500,149294,1400-6-22,2021-09-13
499,تسه0003,امتيازتسهيلات مسكن خرداد1400,407,5637,3285301130,573669,590000,593000,19331,3.37,582810,9141,1.59,550000,599990,1400-6-22,2021-09-13
500,شزنگ,تجهيزنيروي‌زنگان‌,403,240946,28410129041,121452,117809,117809,-3643,-3,117911,-3541,-2.92,117809,121200,1400-6-22,2021-09-13
501,شيراز,پتروشيمي‌شيراز,402,622373,48852626400,78150,76150,77670,-480,-0.61,78320,170,0.22,75400,80000,1400-6-22,2021-09-13
502,وثخوز,سرمايه گذاري و توسعه خوزستان,401,472583,20492402435,45599,43320,43320,-2279,-5,43363,-2236,-4.9,43320,43990,1400-6-22,2021-09-13
503,سيناد,صندوق س.سپهرسودمند سينا-د,401,14298064,142999620414,10000,10000,10000,0,0,10001,1,0.01,10000,10570,1400-6-22,2021-09-13
504,كفرا,فراورده‌ هاي‌ نسوزايران‌,400,579926,14502685730,26080,26100,24920,-1160,-4.45,25010,-1070,-4.1,24780,26100,1400-6-22,2021-09-13
505,سشمال,سيمان‌ شمال‌,399,3870834,40128781260,10480,10040,10400,-80,-0.76,10370,-110,-1.05,10040,10760,1400-6-22,2021-09-13
506,كاريس,صندوق س.سپهر كاريزما-س,397,2787217,39375998919,14142,14257,14172,30,0.21,14127,-15,-0.11,14000,14388,1400-6-22,2021-09-13
507,پخش,پخش البرز,394,1102947,27215137640,24658,23520,24600,-58,-0.24,24675,17,0.07,23520,25200,1400-6-22,2021-09-13
508,لبوتان,گروه‌صنعتي‌بوتان‌,393,240828,15530803450,66950,65680,63810,-3140,-4.69,64840,-2110,-3.15,63610,68400,1400-6-22,2021-09-13
509,شرانل,نفت ايرانول,392,222487,10830561014,49357,48450,49000,-357,-0.72,49169,-188,-0.38,47500,50000,1400-6-22,2021-09-13
510,وارس,سرمايه گذاري ارس صبا,389,1345281,16924012691,12768,13000,12410,-358,-2.8,12580,-188,-1.47,12385,13000,1400-6-22,2021-09-13
511,غشصفا,شيرپاستوريزه‌پگاه‌اصفهان‌,387,896042,26060511420,30320,30990,28810,-1510,-4.98,29080,-1240,-4.09,28810,30990,1400-6-22,2021-09-13
512,سهرمز,سيمان‌هرمزگان‌,379,720337,13963487520,19020,19010,19590,570,3,19380,360,1.89,18420,19930,1400-6-22,2021-09-13
513,اتكام,بيمه اتكايي امين,378,7127041,30123814132,4444,4250,4222,-222,-5,4227,-217,-4.88,4222,4429,1400-6-22,2021-09-13
514,درازك,دارويي‌ رازك‌,378,993036,41629947780,42300,43440,42290,-10,-0.02,41920,-380,-0.9,40800,43440,1400-6-22,2021-09-13
515,سباقر,سيمان باقران,377,2790814,46656486365,17217,16701,16860,-357,-2.07,16718,-499,-2.9,16701,17050,1400-6-22,2021-09-13
516,ثاصفا,شركت‌ ساختمان‌ اصفهان‌,372,543938,11283609340,21233,20810,20597,-636,-3,20744,-489,-2.3,20597,21749,1400-6-22,2021-09-13
517,سپ,پرداخت الكترونيك سامان كيش,370,437149,13881373120,31510,30960,32150,640,2.03,31560,50,0.16,30650,32290,1400-6-22,2021-09-13
518,دالبر,البرزدارو,368,2095196,32311160300,15260,15060,15600,340,2.23,15420,160,1.05,15060,15670,1400-6-22,2021-09-13
519,قشهد,شهد,368,1992111,35460950780,18720,17790,17790,-930,-4.97,17800,-920,-4.91,17790,18200,1400-6-22,2021-09-13
520,آكورد,صندوق س. آرمان آتي كوثر-د,364,4650273,158639236912,34097,34119,34114,17,0.05,34114,17,0.05,34113,34119,1400-6-22,2021-09-13
521,شپاس,نفت پاسارگاد,360,895409,18450482163,21252,20830,20227,-1025,-4.82,20649,-603,-2.84,20210,21650,1400-6-22,2021-09-13
522,وپخش,داروپخش‌ (هلدينگ‌,359,704605,22775474820,33190,31660,32510,-680,-2.05,32760,-430,-1.3,31540,33150,1400-6-22,2021-09-13
523,تسه0001,امتيازتسهيلات مسكن فروردين1400,357,11393,6541039336,563415,563415,590002,26587,4.72,574128,10713,1.9,552111,591585,1400-6-22,2021-09-13
524,واميد,گروه مديريت سرمايه گذاري اميد,357,1922175,25160929880,13140,13390,13180,40,0.3,13130,-10,-0.08,12740,13390,1400-6-22,2021-09-13
525,تسه9908,امتياز تسهيلات مسكن آبان99,356,12966,7527933855,585647,585647,592000,6353,1.08,580590,-5057,-0.86,556485,599877,1400-6-22,2021-09-13
526,مداران,داده‌پردازي‌ايران‌,354,677039,14869338910,22350,22800,22000,-350,-1.57,21960,-390,-1.74,21540,22800,1400-6-22,2021-09-13
527,تماوند,تامين سرمايه دماوند,353,5528693,38608090601,6899,6967,7015,116,1.68,6983,84,1.22,6800,7104,1400-6-22,2021-09-13
528,وتوشه,سرمايه‌ گذاري‌ پارس‌ توشه‌,353,1454472,10398121030,7360,7100,7140,-220,-2.99,7210,-150,-2.04,7010,7690,1400-6-22,2021-09-13
529,شفا,سرمايه گذاري شفادارو,348,573776,24005089110,43670,41490,42000,-1670,-3.82,41840,-1830,-4.19,41490,43980,1400-6-22,2021-09-13
530,غپونه,نوش پونه مشهد,336,877327,14481449336,16274,16100,16762,488,3,16506,232,1.43,16000,16762,1400-6-22,2021-09-13
531,تصميم,صندوق س با درآمد ثابت تصميم,334,3786779,65739205024,17351,17361,17362,11,0.06,17360,9,0.05,17352,17363,1400-6-22,2021-09-13
532,كخاك,صنايع‌خاك‌چيني‌ايران‌,330,465625,15737813860,34550,34000,34100,-450,-1.3,33970,-580,-1.68,32840,35640,1400-6-22,2021-09-13
533,دسبحان,سبحان دارو,329,860829,16222042780,19210,18590,18710,-500,-2.6,18840,-370,-1.93,18260,19200,1400-6-22,2021-09-13
534,كرماشا,صنايع پتروشيمي كرمانشاه,329,622738,28195220570,45650,46490,45570,-80,-0.18,45490,-160,-0.35,43910,46490,1400-6-22,2021-09-13
535,فخاس,فولاد خراسان,327,883933,26153564330,30650,29530,29470,-1180,-3.85,30360,-290,-0.95,29210,30480,1400-6-22,2021-09-13
536,بساما,بيمه سامان,324,433297,10485164182,23930,23556,24450,520,2.17,24072,142,0.59,23382,24900,1400-6-22,2021-09-13
537,ضخود7078,اختيارخ خودرو-3500-1400/07/07,324,18429,25729000,3,2,1,-2,-66.67,1,-2,-66.67,1,2,1400-6-22,2021-09-13
538,كگهر,سنگ آهن گهرزمين,323,307557,14877338324,48550,48530,48500,-50,-0.1,48528,-22,-0.05,47510,49800,1400-6-22,2021-09-13
539,فبيرا,بسته‌ بندي‌ ايران‌,322,5309576,12696458855,2328,2390,2397,69,2.96,2391,63,2.71,2302,2397,1400-6-22,2021-09-13
540,فلات,گروه صنايع معادن فلات ايرانيان,321,1207036,16265816770,13525,13890,13260,-265,-1.96,13476,-49,-0.36,13120,13890,1400-6-22,2021-09-13
541,واتي,سرمايه‌ گذاري‌ آتيه‌ دماوند,319,1773319,21364633030,12350,11830,12030,-320,-2.59,12050,-300,-2.43,11800,12640,1400-6-22,2021-09-13
542,شگل,گلتاش‌,315,890091,7147400620,8040,7750,7950,-90,-1.12,8030,-10,-0.12,7710,8390,1400-6-22,2021-09-13
543,گوهران,سرمايه گذاري توسعه گوهران اميد,314,1778056,9584850323,5455,5539,5428,-27,-0.49,5414,-41,-0.75,5300,5539,1400-6-22,2021-09-13
544,جم,پتروشيمي جم,313,293186,14115186500,47840,48900,48100,260,0.54,47880,40,0.08,47150,48980,1400-6-22,2021-09-13
545,سپر,صندوق س سپر سرمايه بيدار- ثابت,312,7846731,99900871565,12727,12732,12732,5,0.04,12732,5,0.04,12727,12735,1400-6-22,2021-09-13
546,خراسان,پتروشيمي خراسان,310,263185,21650313560,83270,84420,83000,-270,-0.32,82900,-370,-0.44,81210,84420,1400-6-22,2021-09-13
547,كطبس,ذغال‌سنگ‌ نگين‌ ط‌بس‌,307,199760,12592748990,63480,62200,63200,-280,-0.44,63100,-380,-0.6,61020,65400,1400-6-22,2021-09-13
548,سرود,سيمان‌شاهرود,305,720987,17953813360,25920,24650,24690,-1230,-4.75,24900,-1020,-3.94,24650,25790,1400-6-22,2021-09-13
549,زپارس,ملي كشت و صنعت و دامپروري پارس,305,210493,29244141830,139600,141500,138760,-840,-0.6,138930,-670,-0.48,133250,142920,1400-6-22,2021-09-13
550,دفاراح,ح . داروسازي‌ فارابي‌,305,645867,9767987400,15080,15100,15160,80,0.53,15120,40,0.27,14800,15430,1400-6-22,2021-09-13
551,لوتوس,تامين سرمايه لوتوس پارسيان,302,2613839,23663380710,9150,9150,9050,-100,-1.09,9080,-70,-0.77,8970,9400,1400-6-22,2021-09-13
552,حخزر,كشتيراني درياي خزر,300,878292,18862428667,22324,21257,21530,-794,-3.56,21476,-848,-3.8,21208,22600,1400-6-22,2021-09-13
553,ميدكوح,ح.توسعه م وص.معدني خاورميانه,300,625091,27718676370,44700,46000,44030,-670,-1.5,44340,-360,-0.81,44020,46000,1400-6-22,2021-09-13
554,دكيمي,كيميدارو,300,249035,5980295590,24470,24500,24350,-120,-0.49,24280,-190,-0.78,23250,25490,1400-6-22,2021-09-13
555,سفاسي,شركت فارسيت اهواز,294,1429640,8710796520,6281,6093,6093,-188,-2.99,6111,-170,-2.71,6093,6093,1400-6-22,2021-09-13
556,وبهمن,سرمايه‌گذاري‌بهمن‌,293,628119,10515073080,17390,17200,17100,-290,-1.67,17020,-370,-2.13,16530,17200,1400-6-22,2021-09-13
557,وبشهر,توسعه‌ صنايع‌ بهشهر(هلدينگ,290,1122696,15085230740,13560,13090,13650,90,0.66,13520,-40,-0.29,13090,13900,1400-6-22,2021-09-13
558,بخاور,بيمه زندگي خاورميانه,290,3106660,18364654337,6203,5893,5893,-310,-5,5911,-292,-4.71,5893,6060,1400-6-22,2021-09-13
559,دابور,داروسازي‌ ابوريحان‌,289,474770,12857712870,26990,27000,27200,210,0.78,27070,80,0.3,26600,28070,1400-6-22,2021-09-13
560,غبهار,كشت وصنعت بهاران گلبهار خراسان,289,598331,10566256729,18194,17649,17649,-545,-3,17660,-534,-2.94,17649,18188,1400-6-22,2021-09-13
561,خاتم,صندوق س خاتم ايساتيس پويا-ثابت,286,8822692,105832372232,11989,11994,11999,10,0.08,11995,6,0.05,11994,12000,1400-6-22,2021-09-13
562,پرديس,سرمايه گذاري پرديس,284,1497292,8515324350,5720,5740,5720,0,0,5700,-20,-0.35,5600,5880,1400-6-22,2021-09-13
563,بفجر,فجر انرژي خليج فارس,284,1631217,47445481040,29280,28990,29290,10,0.03,29160,-120,-0.41,27820,29800,1400-6-22,2021-09-13
564,فردا,صندوق س آواي فرداي زاگرس-ثابت,283,11660368,133080392740,11407,11413,11413,6,0.05,11413,6,0.05,11413,11415,1400-6-22,2021-09-13
565,عيار,صندوق سكه طلاي مفيد,283,554891,16609146086,30369,30000,29999,-370,-1.22,29932,-437,-1.44,29733,30049,1400-6-22,2021-09-13
566,چكاپا,گروه صنايع كاغذ پارس,280,2555933,11545149361,4754,4517,4517,-237,-4.99,4592,-162,-3.41,4517,4517,1400-6-22,2021-09-13
567,سنير,سيمان‌ سفيد ني‌ريز,276,178939,27356194320,160920,152880,152880,-8040,-5,152880,-8040,-5,152880,152880,1400-6-22,2021-09-13
568,دپارس,پارس‌ دارو,275,201837,7555732770,38570,37380,37970,-600,-1.56,37970,-600,-1.56,36730,40000,1400-6-22,2021-09-13
569,بنيرو,نيروترانس‌,273,5392586,14820328551,2886,2742,2742,-144,-4.99,2748,-138,-4.78,2742,2849,1400-6-22,2021-09-13
570,ضسپا8044,اختيارخ خساپا-2500-1400/08/26,268,15526,1887258000,105,127,122,17,16.19,122,17,16.19,95,155,1400-6-22,2021-09-13
571,تسه9912,امتياز تسهيلات مسكن اسفند99,268,7989,4684020996,589023,559590,595000,5977,1.01,586309,-2714,-0.46,559590,600000,1400-6-22,2021-09-13
572,دحاوي,الحاوي,267,1097942,8717471456,8176,7933,7931,-245,-3,7959,-217,-2.65,7931,8170,1400-6-22,2021-09-13
573,كي بي سي,شركت كي بي سي,254,573556,14248001637,24915,23900,24442,-473,-1.9,24843,-72,-0.29,23900,25200,1400-6-22,2021-09-13
574,فراز,صندوق س.سهام فراز داريك-س,252,2652351,37440730371,14107,14107,14169,62,0.44,14116,9,0.06,14105,14170,1400-6-22,2021-09-13
575,غشهد,شهد ايران ‌,252,3747838,21178481390,5940,5650,5650,-290,-4.88,5650,-290,-4.88,5650,5890,1400-6-22,2021-09-13
576,ولتجار,واسپاري تجارت وسرمايه ايرانيان,252,6541100,22368342662,3498,3599,3394,-104,-2.97,3420,-78,-2.23,3394,3599,1400-6-22,2021-09-13
577,وسرمد,بيمه  سرمد,250,2103478,9809544634,4795,4700,4652,-143,-2.98,4663,-132,-2.75,4652,4750,1400-6-22,2021-09-13
578,حرهشا,رهشاد سپاهان (سهامي عام,248,181064,17520225951,94540,91710,97376,2836,3,96763,2223,2.35,91710,97376,1400-6-22,2021-09-13
579,ركيشح,ح. كارت اعتباري ايران كيش,247,1526641,8118936890,5110,5110,5400,290,5.68,5320,210,4.11,4930,5490,1400-6-22,2021-09-13
580,قمرو,قند مرودشت‌,247,474869,14130162240,30490,29000,30050,-440,-1.44,29760,-730,-2.39,28970,31000,1400-6-22,2021-09-13
581,ثامان,سامان‌ گستراصفهان‌,244,462065,6507019630,14390,13720,14080,-310,-2.15,14250,-140,-0.97,13680,14780,1400-6-22,2021-09-13
582,ضملت8042,اختيارخ وبملت-3934-1400/08/19,244,10261,4599286000,452,589,450,-2,-0.44,448,-4,-0.88,400,589,1400-6-22,2021-09-13
583,پكرمان,گروه‌ صنعتي‌ بارز,243,474240,12772961480,27610,26890,27150,-460,-1.67,27290,-320,-1.16,26230,27990,1400-6-22,2021-09-13
584,فيروزا,صندوق بادرآمد ثابت فيروزه آسيا,242,7828882,195329358962,24955,24990,24950,-5,-0.02,24950,-5,-0.02,24750,24990,1400-6-22,2021-09-13
585,تسه9911,امتياز تسهيلات مسكن بهمن99,241,6178,3639484050,595924,566333,595924,0,0,589104,-6820,-1.14,566128,595924,1400-6-22,2021-09-13
586,فيروزه,صندوق شاخص30 شركت فيروزه- سهام,240,79391,14079373860,179170,178500,177210,-1960,-1.09,177340,-1830,-1.02,176500,181560,1400-6-22,2021-09-13
587,بميلا,توسعه بازرگاني آهن وفولادميلاد,233,929512,11324520505,12556,12180,12180,-376,-2.99,12183,-373,-2.97,12180,12480,1400-6-22,2021-09-13
588,سمتاز,سيمان ممتازان كرمان,232,959573,21539330718,23124,22431,22431,-693,-3,22447,-677,-2.93,22431,22900,1400-6-22,2021-09-13
589,آساس,صندوق س.آسمان آرماني سهام-س,229,85676,15758866918,186388,186500,183350,-3038,-1.63,183936,-2452,-1.32,182000,187898,1400-6-22,2021-09-13
590,وبازار,صندوق س شاخصي بازارآشنا,228,1398260,17540266310,12600,13100,12470,-130,-1.03,12540,-60,-0.48,12200,13100,1400-6-22,2021-09-13
591,شكبير,پتروشيمي اميركبير,227,662014,62956371935,95861,97900,95969,108,0.11,95372,-489,-0.51,93001,98736,1400-6-22,2021-09-13
592,ما,بيمه  ما,227,1020177,8197130860,8310,8200,8090,-220,-2.65,8140,-170,-2.05,7960,8300,1400-6-22,2021-09-13
593,حبندر,دريايي و کشتيراني خط دريابندر,221,522259,16854086675,33231,32251,32235,-996,-3,32272,-959,-2.89,32235,33180,1400-6-22,2021-09-13
594,كاسپين,داروسازي كاسپين تامين,217,317857,6769401230,21695,21150,21690,-5,-0.02,21505,-190,-0.88,20628,21800,1400-6-22,2021-09-13
595,پارتا,مجتمع‌صنعتي‌آرتاويل‌تاير,216,944176,25211215769,27501,26676,26676,-825,-3,26702,-799,-2.91,26676,27363,1400-6-22,2021-09-13
596,سدشت,صنايع سيمان دشتستان,215,184145,9301057680,53080,50430,51080,-2000,-3.77,52080,-1000,-1.88,50430,52000,1400-6-22,2021-09-13
597,وتعاون,بيمه  تعاون,214,3004446,7042472946,2414,2342,2342,-72,-2.98,2364,-50,-2.07,2342,2391,1400-6-22,2021-09-13
598,گنگين,اقتصادي نگين گردشگري ايرانيان,211,1776884,43768107848,24851,24120,24126,-725,-2.92,24632,-219,-0.88,24106,25100,1400-6-22,2021-09-13
599,فسا,پتروشيمي فسا,209,4361287,6129415582,1444,1405,1401,-43,-2.98,1419,-25,-1.73,1401,1459,1400-6-22,2021-09-13
600,تسه9909,امتياز تسهيلات مسكن آذر99,199,6762,3965468610,589050,559598,589999,949,0.16,586434,-2616,-0.44,559598,590000,1400-6-22,2021-09-13
601,خديزل,بهمن  ديزل,198,107818,5803378466,54179,54960,53690,-489,-0.9,54084,-95,-0.18,52640,55053,1400-6-22,2021-09-13
602,ضخود1052,اختيارخ خودرو-2000-1400/10/08,198,8893,4273751000,469,549,500,31,6.61,481,12,2.56,433,549,1400-6-22,2021-09-13
603,شستان,پتروشيمي گلستان,194,1459619,5131908086,3560,3629,3550,-10,-0.28,3516,-44,-1.24,3489,3629,1400-6-22,2021-09-13
604,وامين,س. امين توان آفرين ساز,192,932194,11949652019,12908,12650,12910,2,0.02,12887,-21,-0.16,12647,12970,1400-6-22,2021-09-13
605,ضخود7074,اختيارخ خودرو-1800-1400/07/07,192,9788,3173048000,342,350,350,8,2.34,324,-18,-5.26,279,365,1400-6-22,2021-09-13
606,تسه9810,امتياز تسهيلات مسكن دي98,190,3677,2169621596,595795,577100,594599,-1196,-0.2,590052,-5743,-0.96,570122,600000,1400-6-22,2021-09-13
607,آساميد,صندوق س.مشترك آسمان اميد -د,188,4100071,53125373338,12955,12963,12958,3,0.02,12957,2,0.02,12956,12963,1400-6-22,2021-09-13
608,شصفها,پتروشيمي‌ اصفهان‌,187,339535,50844230971,152768,149713,149713,-3055,-2,149747,-3021,-1.98,149713,151869,1400-6-22,2021-09-13
609,اوصتا,صندوق انديشه ورزان صباتامين -د,187,9522910,188931939308,19833,19840,19840,7,0.04,19840,7,0.04,19839,19843,1400-6-22,2021-09-13
610,تسه9910,امتياز تسهيلات مسكن دي99,187,3771,2210299137,596762,566966,596762,0,0,586131,-10631,-1.78,566924,596762,1400-6-22,2021-09-13
611,ولملت,واسپاري ملت,186,4428478,28342259200,6730,6400,6400,-330,-4.9,6400,-330,-4.9,6400,6400,1400-6-22,2021-09-13
612,واحصا,احياء صنايع خراسان,184,160474,6789836170,43498,42208,42649,-849,-1.95,42657,-841,-1.93,42194,42900,1400-6-22,2021-09-13
613,زرين,صندوق س. سهام زرين كوروش-س,183,331210,4454154471,13334,13430,13505,171,1.28,13448,114,0.85,13322,13560,1400-6-22,2021-09-13
614,سحرخيز,صندوق س. گروه زعفران سحرخيز,180,296085,2885587499,9842,9895,9800,-42,-0.43,9746,-96,-0.98,9562,9895,1400-6-22,2021-09-13
615,بالبر,كابل‌ البرز,180,146855,5257409000,37680,35800,35800,-1880,-4.99,36940,-740,-1.96,35800,35800,1400-6-22,2021-09-13
616,ثرود,سرمايه‌گذاري مسكن زاينده رود,180,1652510,22211386910,14148,13441,13441,-707,-5,13441,-707,-5,13441,13441,1400-6-22,2021-09-13
617,دسينا,داروسازي‌ سينا,180,485577,10239210650,21980,21020,20890,-1090,-4.96,21320,-660,-3,20890,21600,1400-6-22,2021-09-13
618,سهگمت,سيمان‌هگمتان‌,180,245892,6214441640,25230,25040,25400,170,0.67,25250,20,0.08,24800,26150,1400-6-22,2021-09-13
619,سكرما,سيمان‌ كرمان‌,179,657981,12000681510,18310,18600,18210,-100,-0.55,18250,-60,-0.33,17900,18600,1400-6-22,2021-09-13
620,قزوين,كارخانجات‌ قند قزوين‌,179,167937,5990396850,37290,37200,35600,-1690,-4.53,36580,-710,-1.9,35430,37200,1400-6-22,2021-09-13
621,كفپارس,فرآورده‌هاي‌ نسوز پارس‌,179,2010165,8738187255,4575,4347,4347,-228,-4.98,4427,-148,-3.23,4347,4347,1400-6-22,2021-09-13
622,لخزر,پارس‌ خزر,179,90906,16563073200,191780,182200,182200,-9580,-5,182200,-9580,-5,182200,182200,1400-6-22,2021-09-13
623,اخزا910,اسنادخزانه-م10بودجه99-020807,178,252518,164586087063,654071,654000,649100,-4971,-0.76,651780,-2291,-0.35,649001,654000,1400-6-22,2021-09-13
624,نهال,صندوق س. طلاي سرخ نوويرا,177,706307,6807390534,9632,9620,9670,38,0.39,9638,6,0.06,9301,9770,1400-6-22,2021-09-13
625,قپيرا,فرآورده‌هاي‌غدايي‌وقندپيرانشهر,172,705625,5977966150,8820,8640,8380,-440,-4.99,8670,-150,-1.7,8380,8780,1400-6-22,2021-09-13
626,شسينا,صنايع‌شيميايي‌سينا,171,114465,10630364550,88450,92870,92870,4420,5,91210,2760,3.12,92870,92870,1400-6-22,2021-09-13
627,شاملا,معدني‌ املاح‌  ايران‌,168,163243,6411478740,40490,38920,39170,-1320,-3.26,39950,-540,-1.33,38530,40430,1400-6-22,2021-09-13
628,فاهواز,نورد و لوله اهواز,164,1810105,11072412285,6371,6117,6117,-254,-3.99,6168,-203,-3.19,6117,6117,1400-6-22,2021-09-13
629,مارون,پتروشيمي مارون,159,96883,18007180900,187083,183551,185980,-1103,-0.59,186863,-220,-0.12,182719,187370,1400-6-22,2021-09-13
630,دابورح,ح . داروسازي‌ ابوريحان‌,159,183140,4306600220,23900,23250,23990,90,0.38,23520,-380,-1.59,23250,25350,1400-6-22,2021-09-13
631,سپاس,صندوق س. پاداش سهامداري-ثابت,159,3373057,33865791506,10034,10041,10042,8,0.08,10040,6,0.06,10038,10042,1400-6-22,2021-09-13
632,تسه9902,امتياز تسهيلات مسكن ارديبهشت99,157,2281,1318950660,578982,555827,562481,-16501,-2.85,578233,-749,-0.13,555827,607931,1400-6-22,2021-09-13
633,وآفري,بيمه كارآفرين,156,1013785,3315644277,3238,3280,3278,40,1.24,3247,9,0.28,3238,3296,1400-6-22,2021-09-13
634,ضسپا8043,اختيارخ خساپا-2000-1400/08/26,156,5541,1361334000,230,270,263,33,14.35,246,16,6.96,200,280,1400-6-22,2021-09-13
635,سجام,مجتمع سيمان غرب آسيا,154,2934360,13327828783,4675,4667,4535,-140,-2.99,4542,-133,-2.84,4535,4667,1400-6-22,2021-09-13
636,زر,صندوق س.پشتوانه سكه طلاي زر,153,64898,3333017747,52276,51541,51284,-992,-1.9,51358,-918,-1.76,51011,51958,1400-6-22,2021-09-13
637,تماوندح,ح . تامين سرمايه دماوند,152,30001000,190057039050,6300,6450,6450,150,2.38,6335,35,0.56,6300,6450,1400-6-22,2021-09-13
638,ضپال2007,اختيارخ اپال-32000-1401/02/12,148,3504,4809971000,1278,1390,1400,122,9.55,1373,95,7.43,1250,1490,1400-6-22,2021-09-13
639,تسه9808,امتياز تسهيلات مسكن آبان98,147,2685,1579281612,589718,572222,582033,-7685,-1.3,588187,-1531,-0.26,572222,605000,1400-6-22,2021-09-13
640,گوهر,صندوق سكه طلاي كيان,145,121446,7171639351,59785,59000,59100,-685,-1.15,59052,-733,-1.23,58701,59490,1400-6-22,2021-09-13
641,خبازرس,بازرسي مهندسي و صنعتي ايران,142,474909,13294602546,28859,27994,27994,-865,-3,27994,-865,-3,27994,27994,1400-6-22,2021-09-13
642,فنرژي,گسترش صنايع انرژي آذرآب,141,814819,12196210792,14675,14968,14968,293,2,14968,293,2,14968,14968,1400-6-22,2021-09-13
643,حآفرين,ريل پرداز نو آفرين,139,371399916,1237875920028,1000,3333,3333,2333,233.3,3333,2333,233.3,3333,3333,1400-6-22,2021-09-13
644,فمراد,آلومراد,139,614845,13741785750,21290,22350,22350,1060,4.98,22160,870,4.09,22350,22350,1400-6-22,2021-09-13
645,آتيمس,صندوق س.آرمان آتيه درخشان مس-س,139,26067,5391057511,209443,207038,207990,-1453,-0.69,206815,-2628,-1.25,204515,210501,1400-6-22,2021-09-13
646,اخزا902,اسنادخزانه-م2بودجه99-011019,137,237748,182999801617,769852,769849,769666,-186,-0.02,769722,-130,-0.02,769500,770000,1400-6-22,2021-09-13
647,گپارس,امور رفاهي كارگزاران پارس,136,43766,5512986323,129653,125766,126700,-2953,-2.28,127515,-2138,-1.65,125764,133000,1400-6-22,2021-09-13
648,وجامي,سرمايه گذاري جامي,136,312724,3472800020,11448,11105,11105,-343,-3,11320,-128,-1.12,11105,11105,1400-6-22,2021-09-13
649,ارمغان,ص سرمايه گذاري ارمغان ايرانيان,136,1981771,19874681724,10031,10033,10036,5,0.05,10029,-2,-0.02,10025,10045,1400-6-22,2021-09-13
650,ضملت8043,اختيارخ وبملت-4434-1400/08/19,133,7317,1800191000,265,319,260,-5,-1.89,246,-19,-7.17,230,319,1400-6-22,2021-09-13
651,تكنو,تكنوتار,133,655575,10074298110,16160,15360,15360,-800,-4.95,15570,-590,-3.65,15360,15820,1400-6-22,2021-09-13
652,دبالك,مواد اوليه دارويي البرز بالك,133,1583786,24406142260,13955,15410,15410,1455,10.43,15410,1455,10.43,15410,15410,1400-6-22,2021-09-13
653,ولتجارح,ح.واسپا تجارت وسرمايه ايرانيان,131,5134099,9704107108,1948,1896,1890,-58,-2.98,1890,-58,-2.98,1890,1929,1400-6-22,2021-09-13
654,شساخت,مهندسي و ساختمان صنايع نفت,129,259612,11058952227,43805,42551,43999,194,0.44,43494,-311,-0.71,42491,43999,1400-6-22,2021-09-13
655,تسه9907,امتياز تسهيلات مسكن مهر99,120,2194,1267015439,590950,561405,585000,-5950,-1.01,577491,-13459,-2.28,561405,590000,1400-6-22,2021-09-13
656,ضشنا8005,اختيارخ شپنا-12800-1400/08/16,119,1165,2128315000,1926,1750,1990,64,3.32,1827,-99,-5.14,1750,1990,1400-6-22,2021-09-13
657,افق ملت,صندوق س در سهام افق ملت,112,39388,6024953200,155390,156180,151710,-3680,-2.37,152960,-2430,-1.56,151120,156180,1400-6-22,2021-09-13
658,فردا2,صندوق س آواي فرداي زاگرس-ثابت,112,11200000,11200000,11407,1,1,-11406,-99.99,1,-11406,-99.99,1,1,1400-6-22,2021-09-13
659,الماس,صندوق س.امين تدبيرگران فردا-س,112,29123,3867936200,138131,134505,132590,-5541,-4.01,132814,-5317,-3.85,131151,136988,1400-6-22,2021-09-13
660,سنوين,سرمايه گذاري اقتصاد نوين,107,634458,4748288133,7705,7759,7570,-135,-1.75,7596,-109,-1.41,7474,7759,1400-6-22,2021-09-13
661,تسه9904,امتياز تسهيلات مسكن تير99,105,1212,699706933,581518,575000,568000,-13518,-2.32,577316,-4202,-0.72,552500,589940,1400-6-22,2021-09-13
662,كصدف,كاشي صدف سرام استقلال آباده,102,146371,3545022483,24968,24230,24219,-749,-3,24694,-274,-1.1,24219,24230,1400-6-22,2021-09-13
663,كيان2,صندوق س. با درآمد ثابت كيان,100,10000000,10000000,30487,1,1,-30486,-100,1,-30486,-100,1,1,1400-6-22,2021-09-13
664,سيناد2,صندوق س.سپهرسودمند سينا-د,100,10000000,10000000,10000,1,1,-9999,-99.99,1,-9999,-99.99,1,1,1400-6-22,2021-09-13
665,وزمين,بانك ايران زمين,100,425820,5399966344,12533,12998,12558,25,0.2,12572,39,0.31,12470,12999,1400-6-22,2021-09-13
666,لخانه,لوازم‌ خانگي‌ پارس‌,95,334999,7582702365,23335,22635,22635,-700,-3,22763,-572,-2.45,22635,22635,1400-6-22,2021-09-13
667,تسه9809,امتياز تسهيلات مسكن آذر98,95,1707,1009950851,596637,571000,599952,3315,0.56,591652,-4985,-0.84,571000,605000,1400-6-22,2021-09-13
668,اخزا917,اسنادخزانه-م17بودجه99-010226,94,11439,10465840033,1000000,914414,880000,-120000,-12,914926,-85074,-8.51,871566,1000000,1400-6-22,2021-09-13
669,نتوس,پشم‌ بافي‌ توس,93,247474,3398079740,14152,13728,13728,-424,-3,14005,-147,-1.04,13728,13750,1400-6-22,2021-09-13
670,سكه0012پ04,تمام سكه طرح جديد0012صادرات,92,44300,52221854000,1195715,1191998,1178000,-17715,-1.48,1178823,-16892,-1.41,1174007,1191998,1400-6-22,2021-09-13
671,وپخشح,ح . داروپخش‌ (هلدينگ‌,92,272123,8340126960,29440,29920,30900,1460,4.96,30650,1210,4.11,28630,30900,1400-6-22,2021-09-13
672,فنفت,صنايع تجهيزات نفت,91,3604995,45361652085,12217,12583,12583,366,3,12583,366,3,12583,12583,1400-6-22,2021-09-13
673,دشيري,شيرين دارو,91,11859,2172745050,187689,183000,182230,-5459,-2.91,186682,-1007,-0.54,182059,188770,1400-6-22,2021-09-13
674,تسه9903,امتياز تسهيلات مسكن خرداد99,91,772,441700237,582416,553296,590000,7584,1.3,572151,-10265,-1.76,553296,590000,1400-6-22,2021-09-13
675,برن0104پ01,برنج طارم0104تجارت مازندران(پ),90,4826,1915589324,391126,398000,399000,7874,2.01,396931,5805,1.48,392000,399000,1400-6-22,2021-09-13
676,بايكا,كارخانجات كابلسازي ‌ايران‌,88,207881,5240056367,26533,25207,25207,-1326,-5,25779,-754,-2.84,25207,25207,1400-6-22,2021-09-13
677,ساروج,بين المللي ساروج بوشهر,88,141835,2628282346,18322,18688,18500,178,0.97,18377,55,0.3,17956,18688,1400-6-22,2021-09-13
678,اخزا903,اسنادخزانه-م3بودجه99-011110,87,204203,155480601301,761454,761499,761800,346,0.05,761402,-52,-0.01,760205,762000,1400-6-22,2021-09-13
679,تسه9812,امتياز تسهيلات مسكن اسفند98,86,970,559367058,580858,580000,566928,-13930,-2.4,576667,-4191,-0.72,551889,596000,1400-6-22,2021-09-13
680,تسه9905,امتياز تسهيلات مسكن مرداد99,83,1562,903386993,585540,556264,577000,-8540,-1.46,578353,-7187,-1.23,556264,595000,1400-6-22,2021-09-13
681,اخزا911,اسنادخزانه-م11بودجه99-020906,81,393959,253000401413,644673,644000,639999,-4674,-0.73,642200,-2473,-0.38,638500,644000,1400-6-22,2021-09-13
682,تسه9811,امتياز تسهيلات مسكن بهمن98,80,571,336671149,589218,560000,578000,-11218,-1.9,589617,399,0.07,560000,618678,1400-6-22,2021-09-13
683,اخزا901,اسنادخزانه-م1بودجه99-010621,78,72402,59450489433,821317,821001,820519,-798,-0.1,821117,-200,-0.02,820501,821800,1400-6-22,2021-09-13
684,ضذوب905,اختيارخ ذوب-5000-14000917,77,4457,2231155000,466,480,510,44,9.44,501,35,7.51,475,520,1400-6-22,2021-09-13
685,اخزا914,اسنادخزانه-م14بودجه99-021025,76,148200,92695877737,627746,627000,623000,-4746,-0.76,625478,-2268,-0.36,623000,627000,1400-6-22,2021-09-13
686,تسه9906,امتياز تسهيلات مسكن شهريور99,75,647,373170350,588259,559000,580000,-8259,-1.4,576770,-11489,-1.95,559000,600000,1400-6-22,2021-09-13
687,سخواف,سيمان مجد خواف,73,152865,1689311115,11392,11051,11051,-341,-2.99,11328,-64,-0.56,11051,11051,1400-6-22,2021-09-13
688,ثباغ,شهر سازي و خانه سازي باغميشه,72,648404,8456484968,13728,13042,13042,-686,-5,13309,-419,-3.05,13042,13042,1400-6-22,2021-09-13
689,فكمند,گسترش قطعه سازي كمند,72,366612,12334660740,32666,33645,33645,979,3,33645,979,3,33645,33645,1400-6-22,2021-09-13
690,شرنگي,شيميايي رنگين,72,66224,15215891136,223072,229764,229764,6692,3,229764,6692,3,229764,229764,1400-6-22,2021-09-13
691,قنقش,قند نقش جهان,71,260864,18897770752,71023,72443,72443,1420,2,72443,1420,2,72443,72443,1400-6-22,2021-09-13
692,تسه9901,امتياز تسهيلات مسكن فروردين99,71,859,494907017,584983,555834,565401,-19582,-3.35,576143,-8840,-1.51,555834,597990,1400-6-22,2021-09-13
693,سكه0011پ02,تمام سكه طرح جديد0011ملت,68,16800,19859621400,1196316,1196955,1182488,-13828,-1.16,1182120,-14196,-1.19,1176501,1196955,1400-6-22,2021-09-13
694,اخزا004,اسنادخزانه-م4بودجه00-030522,67,149994,82932854863,553896,552099,553490,-406,-0.07,552908,-988,-0.18,550002,553501,1400-6-22,2021-09-13
695,سكه0111پ05,تمام سكه طرح جديد0111آينده,67,28600,33707288200,1194617,1179800,1179250,-15367,-1.29,1178576,-16041,-1.34,1174600,1198299,1400-6-22,2021-09-13
696,ضسپا8041,اختيارخ خساپا-1600-1400/08/26,66,2050,915676000,432,450,480,48,11.11,447,15,3.47,400,499,1400-6-22,2021-09-13
697,اخزا909,اسنادخزانه-م9بودجه99-020316,62,251236,177820718352,709864,710218,705500,-4364,-0.61,707784,-2080,-0.29,705500,710218,1400-6-22,2021-09-13
698,ضسپا8042,اختيارخ خساپا-1800-1400/08/26,61,2649,927133000,329,388,365,36,10.94,350,21,6.38,297,390,1400-6-22,2021-09-13
699,سلار,شركت سيمان لارستان,60,84113,2682784135,32881,31895,31895,-986,-3,32598,-283,-0.86,31895,31895,1400-6-22,2021-09-13
700,آرمان,بيمه آرمان,58,1073524,7346169868,7054,6843,6843,-211,-2.99,6889,-165,-2.34,6843,6848,1400-6-22,2021-09-13
701,كامياب,صندوق س. كامياب آشنا-د,57,207233,2152750743,10378,10394,10388,10,0.1,10388,10,0.1,10388,10394,1400-6-22,2021-09-13
702,سكارون,سيمان كارون,57,14834,1382068946,96050,93169,93169,-2881,-3,95626,-424,-0.44,93169,93169,1400-6-22,2021-09-13
703,اخزا008,اسنادخزانه-م8بودجه00-030919,56,119094,61652304848,518763,520000,518749,-14,0,517678,-1085,-0.21,517000,520000,1400-6-22,2021-09-13
704,ضخود1053,اختيارخ خودرو-2500-1400/10/08,56,2687,806757000,360,252,299,-61,-16.94,300,-60,-16.67,252,330,1400-6-22,2021-09-13
705,صايند,صندوق س. گنجينه آينده روشن-د,55,233420,2343578840,10033,10037,10045,12,0.12,10040,7,0.07,10035,10045,1400-6-22,2021-09-13
706,اخزا006,اسنادخزانه-م6بودجه00-030723,54,195504,105759912086,541758,541100,540501,-1257,-0.23,540960,-798,-0.15,540500,541100,1400-6-22,2021-09-13
707,اتكامح,ح . بيمه اتكايي امين,54,74623,190897726,1000,2509,2690,1690,169,2558,1558,155.8,2509,2758,1400-6-22,2021-09-13
708,زعف0008پ05,زعفران0008نگين زرين(پ),54,70707,9918186266,140531,135504,143980,3449,2.45,140272,-259,-0.18,135501,143980,1400-6-22,2021-09-13
709,ثجوان,تامين مسكن جوانان,54,171646,1397156016,8374,8380,8123,-251,-3,8340,-34,-0.41,8123,8380,1400-6-22,2021-09-13
710,ثتوسا,س.توسعه و عمران استان اردبيل,53,53151,1451234904,28148,27304,27304,-844,-3,28013,-135,-0.48,27304,27304,1400-6-22,2021-09-13
711,ضملي7004,اختيارخ فملي-13720-1400/07/11,52,1050,784518000,888,749,799,-89,-10.02,747,-141,-15.88,603,888,1400-6-22,2021-09-13
712,تسه9807,امتياز تسهيلات مسكن مهر98,52,396,228230050,589828,568010,580000,-9828,-1.67,576338,-13490,-2.29,568010,587996,1400-6-22,2021-09-13
713,اخزا908,اسنادخزانه-م8بودجه99-020606,49,104545,70641226600,677386,677000,673500,-3886,-0.57,675702,-1684,-0.25,673500,677300,1400-6-22,2021-09-13
714,امين يكم2,صندوق درآمد ثابت امين يكم فردا,49,49000000,49000000,10109,1,1,-10108,-99.99,1,-10108,-99.99,1,1,1400-6-22,2021-09-13
715,سكه0112پ03,تمام سكه طرح جديد0112سامان,48,6800,8020296400,1196824,1191000,1181739,-15085,-1.26,1179455,-17369,-1.45,1174000,1191000,1400-6-22,2021-09-13
716,ثعتما,س. ساختماني اعتماد گستر,47,38830,1152396740,30595,29678,29678,-917,-3,30484,-111,-0.36,29678,29678,1400-6-22,2021-09-13
717,آسام,صندوق س.آرمان سپهر آشنا-م,44,29960,3789761340,127121,127121,125821,-1300,-1.02,126494,-627,-0.49,115001,127121,1400-6-22,2021-09-13
718,صنوين,صندوق سرمايه‌گذاري صنوين-مختلط,43,7725,808361830,105470,105040,104320,-1150,-1.09,104640,-830,-0.79,104260,105040,1400-6-22,2021-09-13
719,حشكوه,دليجان طلايي شكوه پارس,43,95634,340170138,3666,3557,3557,-109,-2.97,3662,-4,-0.11,3557,3557,1400-6-22,2021-09-13
720,ضخود7073,اختيارخ خودرو-1600-1400/07/07,43,1198,610879000,504,451,553,49,9.72,510,6,1.19,440,554,1400-6-22,2021-09-13
721,ضصاد8033,اختيارخ وبصادر-2489-1400/08/12,41,895,223439000,227,221,260,33,14.54,250,23,10.13,212,281,1400-6-22,2021-09-13
722,ضپال2006,اختيارخ اپال-28000-1401/02/12,41,1153,2778175000,2055,2400,2400,345,16.79,2410,355,17.27,2205,2500,1400-6-22,2021-09-13
723,دارا,صندوق س. دارا الگوريتم-د,40,538988,5406082904,10026,10033,10032,6,0.06,10030,4,0.04,10023,10033,1400-6-22,2021-09-13
724,زعف0008پ16,زعفران0008نگين بيرجند(پ),40,90044,12612953517,140453,137000,145000,4547,3.24,140075,-378,-0.27,136000,145000,1400-6-22,2021-09-13
725,نگين,ص.س. زمين و ساختمان نگين شهرري,38,4363,227042700,51810,52500,52490,680,1.31,52040,230,0.44,51060,52500,1400-6-22,2021-09-13
726,آكورد2,صندوق س. آرمان آتي كوثر-د,35,3500000,3500000,34097,1,1,-34096,-100,1,-34096,-100,1,1,1400-6-22,2021-09-13
727,داريك,صندوق س.اعتماد داريك-د,35,458792,5258003814,11453,11460,11459,6,0.05,11461,8,0.07,11459,11461,1400-6-22,2021-09-13
728,زعف0008پ08,زعفران0008نگين روستا(پ),33,19698,2761391429,139962,135501,143998,4036,2.88,140186,224,0.16,135332,143998,1400-6-22,2021-09-13
729,ضملت8041,اختيارخ وبملت-3434-1400/08/19,32,795,571977000,697,670,716,19,2.73,719,22,3.16,651,760,1400-6-22,2021-09-13
730,گنجين,صندوق س. گنجينه يكم آويد-د,30,85004,1162043097,13665,13668,13670,5,0.04,13670,5,0.04,13668,13679,1400-6-22,2021-09-13
731,وحافظح,ح . بيمه حافظ,30,188084,1015841684,5568,5401,5401,-167,-3,5401,-167,-3,5401,5401,1400-6-22,2021-09-13
732,ضملي7003,اختيارخ فملي-11720-1400/07/11,30,331,616661000,2105,1809,1970,-135,-6.41,1863,-242,-11.5,1749,1985,1400-6-22,2021-09-13
733,اراد50,مرابحه عام دولت5-ش.خ0302,29,592900,592900389000,1000001,1000000,1000001,0,0,1000001,0,0,1000000,1000002,1400-6-22,2021-09-13
734,سنفت009,سلف موازي استاندارد سنفت009,28,1359000,2216355510000,1628613,1630940,1612550,-16063,-0.99,1630872,2259,0.14,1612550,1630940,1400-6-22,2021-09-13
735,كهرام,توليدي گرانيت بهسرام,27,135815,12866841470,96671,94738,94738,-1933,-2,94738,-1933,-2,94738,94738,1400-6-22,2021-09-13
736,ضخود1050,اختيارخ خودرو-1600-1400/10/08,27,1527,1103698000,706,716,750,44,6.23,723,17,2.41,707,760,1400-6-22,2021-09-13
737,زعف0008پ11,زعفران0008نگين سحرخيز(پ),27,26247,3761185000,139423,141999,146000,6577,4.72,143300,3877,2.78,141998,146000,1400-6-22,2021-09-13
738,سخند,صندوق س.سپهرخبرگان نفت-د,27,217090,2152982640,9957,9940,9930,-27,-0.27,9917,-40,-0.4,9911,9940,1400-6-22,2021-09-13
739,اخزا905,اسنادخزانه-م5بودجه99-020218,26,109572,78987401092,721088,721001,721497,409,0.06,720872,-216,-0.03,720500,721497,1400-6-22,2021-09-13
740,زعف0008پ12,زعفران0008پوشالمعمول سحرخيز(پ),25,5900,709067730,117799,119000,118003,204,0.17,120181,2382,2.02,114445,123688,1400-6-22,2021-09-13
741,كهربا,صندوق س.پشتوانه سكه طلا كهربا,25,47602,493713193,10411,10400,10354,-57,-0.55,10372,-39,-0.37,10354,10400,1400-6-22,2021-09-13
742,زعف0008پ20,زعفران0008نگين وحدت جام(پ),25,45108,6319376100,140012,135332,142700,2688,1.92,140094,82,0.06,135332,142700,1400-6-22,2021-09-13
743,صخود412,ص مرابحه خودرو412- 3ماهه 18%,25,250000,248450000000,990001,993800,993800,3799,0.38,993800,3799,0.38,993800,993800,1400-6-22,2021-09-13
744,ثروتم,صندوق س. ثروت آفرين پارسيان-س,25,64530,5905167260,91936,92237,91390,-546,-0.59,91510,-426,-0.46,89100,92490,1400-6-22,2021-09-13
745,ويسا,سرمايه گذاري ايساتيس پويا,20,89400,479899200,5212,5368,5368,156,2.99,5219,7,0.13,5368,5368,1400-6-22,2021-09-13
746,ضخود1051,اختيارخ خودرو-1800-1400/10/08,20,898,513590000,550,570,601,51,9.27,572,22,4,550,630,1400-6-22,2021-09-13
747,اخزا808,اسنادخزانه-م8بودجه98-000817,20,21695,21043819660,965359,970000,962515,-2844,-0.29,969985,4626,0.48,962515,979000,1400-6-22,2021-09-13
748,اراد61,مرابحه عام دولت61-ش.خ0309,19,150000,150000000000,1000000,1000000,1000000,0,0,1000000,0,0,1000000,1000000,1400-6-22,2021-09-13
749,دقاضي,داروسازي شهيد قاضي,19,97128,3679111512,39050,37879,37879,-1171,-3,38715,-335,-0.86,37879,37879,1400-6-22,2021-09-13
750,ضخود1049,اختيارخ خودرو-1400-1400/10/08,18,916,788462000,804,811,900,96,11.94,861,57,7.09,811,900,1400-6-22,2021-09-13
751,گكيش,توريستي ورفاهي آبادگران كيش,18,8182,340551204,42909,41622,41622,-1287,-3,42863,-46,-0.11,41622,41622,1400-6-22,2021-09-13
752,زعف0008پ10,زعفران0008نگين طلاي سرخ(پ),18,17200,2534156540,146094,147359,145000,-1094,-0.75,147335,1241,0.85,145000,147365,1400-6-22,2021-09-13
753,ضخود7072,اختيارخ خودرو-1400-1400/07/07,18,392,291169000,706,799,720,14,1.98,743,37,5.24,622,799,1400-6-22,2021-09-13
754,ضپاس7030,اختيارخ وپارس-3000-1400/07/28,18,214,85376000,367,490,379,12,3.27,399,32,8.72,316,490,1400-6-22,2021-09-13
755,بذر,صندوق س بذر اميد آفرين-سهام,17,6912,733445870,107140,107180,106210,-930,-0.87,106110,-1030,-0.96,104280,107190,1400-6-22,2021-09-13
756,اخزا816,اسنادخزانه-م16بودجه98-010503,17,50522,42685628488,843257,845000,845000,1743,0.21,844892,1635,0.19,843079,845400,1400-6-22,2021-09-13
757,دمعيار,صندوق س. توازن معيار-د,16,488291,4937833350,10109,10110,10110,1,0.01,10112,3,0.03,10110,10115,1400-6-22,2021-09-13
758,ضپاس7029,اختيارخ وپارس-2500-1400/07/28,16,302,192445000,597,601,640,43,7.2,637,40,6.7,601,699,1400-6-22,2021-09-13
759,وسصفا,شركت س استان اصفهان,16,262614,194071746,777,739,739,-38,-4.89,777,0,0,739,739,1400-6-22,2021-09-13
760,ددامح,ح . داروسازي زاگرس فارمد پارس,15,9891,154299600,15600,15600,15600,0,0,15600,0,0,15600,15600,1400-6-22,2021-09-13
761,ضذوب904,اختيارخ ذوب-4500-14000917,15,450,327500000,370,700,750,380,102.7,728,358,96.76,700,750,1400-6-22,2021-09-13
762,سحرا021,سلف موازي برق نيروي برق حرارتي,15,726000,220330110000,302574,303485,303485,911,0.3,303485,911,0.3,303485,303485,1400-6-22,2021-09-13
763,اخزا721,اسنادخزانه-م21بودجه97-000728,15,6513,6381323109,979501,972503,981000,1499,0.15,979782,281,0.03,972503,981000,1400-6-22,2021-09-13
764,ضمخا7076,اختيارخ اخابر-9700-1400/07/28,15,115,173690000,1395,1500,1600,205,14.7,1510,115,8.24,1470,1600,1400-6-22,2021-09-13
765,شتولي,تولي‌پرس‌,15,59985,1426263345,24262,23777,23777,-485,-2,24117,-145,-0.6,23777,23777,1400-6-22,2021-09-13
766,پادا,صندوق س.پاداش سرمايه پارس-س,14,2575,301569870,119320,119600,118690,-630,-0.53,117115,-2205,-1.85,115200,121000,1400-6-22,2021-09-13
767,ضجار7040,اختيارخ وتجارت-2497-1400/07/21,14,147,30945000,217,199,230,13,5.99,211,-6,-2.76,195,230,1400-6-22,2021-09-13
768,اخزا817,اسنادخزانه-م17بودجه98-010512,14,45879,38579549800,839149,839036,841000,1851,0.22,840898,1749,0.21,839036,841000,1400-6-22,2021-09-13
769,ضجار7042,اختيارخ وتجارت-3497-1400/07/21,14,801,8965000,30,29,10,-20,-66.67,11,-19,-63.33,10,29,1400-6-22,2021-09-13
770,عيار2,صندوق سكه طلاي مفيد,14,140000,140000,30369,1,1,-30368,-100,1,-30368,-100,1,1,1400-6-22,2021-09-13
771,ضشنا8003,اختيارخ شپنا-8800-1400/08/16,14,71,320225000,4794,4400,4700,-94,-1.96,4510,-284,-5.92,4200,4700,1400-6-22,2021-09-13
772,تملي706,تسهيلات مسكن ب. ملي-شهريور97,13,80,68389278,835827,877618,854999,19172,2.29,854866,19039,2.28,794036,877618,1400-6-22,2021-09-13
773,اخزا001,اسنادخزانه-م1بودجه00-030821,13,90138,47958012066,532570,531500,531200,-1370,-0.26,532051,-519,-0.1,531000,532599,1400-6-22,2021-09-13
774,اخزا809,اسنادخزانه-م9بودجه98-000923,13,8911,8464916526,950596,950596,950596,0,0,949940,-656,-0.07,949000,950596,1400-6-22,2021-09-13
775,اخزا820,اسنادخزانه-م20بودجه98-020806,13,5879,3862503679,657950,657001,657000,-950,-0.14,657000,-950,-0.14,657000,657001,1400-6-22,2021-09-13
776,ضملت8044,اختيارخ وبملت-4934-1400/08/19,13,427,66895000,174,155,157,-17,-9.77,157,-17,-9.77,155,179,1400-6-22,2021-09-13
777,سايرا,ايرانيت‌,13,36000,1313856000,37240,36496,36496,-744,-2,37036,-204,-0.55,36496,36496,1400-6-22,2021-09-13
778,اخزا002,اسنادخزانه-م2بودجه00-031024,13,6010,3062849046,510693,510100,510300,-393,-0.08,509625,-1068,-0.21,509001,510300,1400-6-22,2021-09-13
779,اخزا907,اسنادخزانه-م7بودجه99-020704,12,26913,17924624945,666556,666500,666021,-535,-0.08,666021,-535,-0.08,665500,666500,1400-6-22,2021-09-13
780,ضجار7038,اختيارخ وتجارت-1797-1400/07/21,12,46,26760000,712,599,605,-107,-15.03,582,-130,-18.26,501,700,1400-6-22,2021-09-13
781,ثهام,صندوق س ثروت هامرز-سهام,12,17756,210022040,11920,11825,11815,-105,-0.88,11828,-92,-0.77,11815,11950,1400-6-22,2021-09-13
782,ضپيك7043,اختيارخ تاپيكو-10070-00/07/18,11,84,338710000,4175,3500,4199,24,0.57,4032,-143,-3.43,3500,4200,1400-6-22,2021-09-13
783,ضشنا8006,اختيارخ شپنا-14800-1400/08/16,11,137,156002000,998,1002,1180,182,18.24,1139,141,14.13,1002,1190,1400-6-22,2021-09-13
784,اخزا815,اسنادخزانه-م15بودجه98-010406,11,13084,11201420815,856251,856006,856042,-209,-0.02,856116,-135,-0.02,856006,858499,1400-6-22,2021-09-13
785,وحافظ,بيمه حافظ,11,53014,567461856,11035,10704,10704,-331,-3,11015,-20,-0.18,10704,10704,1400-6-22,2021-09-13
786,اخزا807,اسنادخزانه-م7بودجه98-000719,11,32034,31551779852,983432,984994,984860,1428,0.15,984947,1515,0.15,980003,989500,1400-6-22,2021-09-13
787,ثنام,س ساختماني ب نام آوران مهندسي,11,9800,130506600,13728,13317,13317,-411,-2.99,13722,-6,-0.04,13317,13317,1400-6-22,2021-09-13
788,اخزا810,اسنادخزانه-م10بودجه98-001006,11,62239,58709652985,941500,943000,946970,5470,0.58,943294,1794,0.19,941117,946970,1400-6-22,2021-09-13
789,طلا2,صندوق س.پشتوانه طلاي لوتوس,10,1000000,1000000,85298,1,1,-85297,-100,1,-85297,-100,1,1,1400-6-22,2021-09-13
790,ضفلا7004,اختيارخ فولاد-9586-1400/07/25,10,146,456750570,2371,1205,2280,-91,-3.84,2231,-140,-5.9,1205,2385,1400-6-22,2021-09-13
791,وملت,سرمايه گذاري ملت,10,28217,97038263,3509,3439,3439,-70,-1.99,3508,-1,-0.03,3439,3439,1400-6-22,2021-09-13
792,ضشنا8004,اختيارخ شپنا-10800-1400/08/16,10,105,338900000,3037,3600,3200,163,5.37,3228,191,6.29,3100,3600,1400-6-22,2021-09-13
793,ضخود7079,اختيارخ خودرو-4000-1400/07/07,9,455,910000,2,2,2,0,0,2,0,0,2,2,1400-6-22,2021-09-13
794,ضصاد8032,اختيارخ وبصادر-1989-1400/08/12,9,282,140550000,740,500,495,-245,-33.11,498,-242,-32.7,455,500,1400-6-22,2021-09-13
795,اراد32,مرابحه عام دولت3-ش.خ0211,9,120100,120100000000,1000000,1000000,1000000,0,0,1000000,0,0,1000000,1000000,1400-6-22,2021-09-13
796,اخزا821,اسنادخزانه-م21بودجه98-020906,9,10744,6929881062,645670,645000,645000,-670,-0.1,645000,-670,-0.1,645000,645002,1400-6-22,2021-09-13
797,ضملي7002,اختيارخ فملي-9720-1400/07/11,9,27,89359000,3980,3001,3100,-880,-22.11,3310,-670,-16.83,3001,3550,1400-6-22,2021-09-13
798,ضمخا7075,اختيارخ اخابر-8700-1400/07/28,8,58,116567000,1208,1999,2050,842,69.7,2010,802,66.39,1999,2050,1400-6-22,2021-09-13
799,وتعاونح,ح . بيمه  تعاون,8,69100,73937000,1103,1070,1070,-33,-2.99,1070,-33,-2.99,1070,1070,1400-6-22,2021-09-13
800,اخزا904,اسنادخزانه-م4بودجه99-011215,8,43095,32154529498,746621,746032,747000,379,0.05,746131,-490,-0.07,746032,747000,1400-6-22,2021-09-13
801,اخزا906,اسنادخزانه-م6بودجه99-020321,8,7574,5356396000,707784,707700,707500,-284,-0.04,707208,-576,-0.08,706500,707700,1400-6-22,2021-09-13
802,ضسپا8040,اختيارخ خساپا-1400-1400/08/26,8,233,134803000,543,545,555,12,2.21,579,36,6.63,545,619,1400-6-22,2021-09-13
803,اخزا818,اسنادخزانه-م18بودجه98-010614,8,6481,5347675715,825152,825111,827998,2846,0.34,825131,-21,0,823513,827998,1400-6-22,2021-09-13
804,كباده,توليد خاك نسوزاستقلال آباده,8,8831,81810384,8823,9264,9264,441,5,8827,4,0.05,9264,9264,1400-6-22,2021-09-13
805,ساذري,آذريت‌,7,151240,1204475360,7733,7964,7964,231,2.99,7764,31,0.4,7964,7964,1400-6-22,2021-09-13
806,ضسپا8039,اختيارخ خساپا-1200-1400/08/26,7,52,32344000,668,503,710,42,6.29,622,-46,-6.89,503,710,1400-6-22,2021-09-13
807,فجهان4,مجتمع جهان فولاد سيرجان,7,3998000000,21989000000000,5574,5500,5500,-74,-1.33,5500,-74,-1.33,5500,5500,1400-6-22,2021-09-13
808,نبروج,نساجي بروجرد,7,6000,35628000,5822,5938,5938,116,1.99,5823,1,0.02,5938,5938,1400-6-22,2021-09-13
809,اخزا812,اسنادخزانه-م12بودجه98-001111,7,5660,5244104026,926203,926505,927990,1787,0.19,926520,317,0.03,926505,927990,1400-6-22,2021-09-13
810,ثاژن,سخت آژند,7,1226,10910174,9080,8899,8899,-181,-1.99,9080,0,0,8899,8899,1400-6-22,2021-09-13
811,گوهر2,صندوق سكه طلاي كيان,6,60000,60000,59785,1,1,-59784,-100,1,-59784,-100,1,1,1400-6-22,2021-09-13
812,تملي803,تسهيلات مسكن ب. ملي-خرداد98,6,51,37920183,708127,743533,743533,35406,5,743533,35406,5,743533,743533,1400-6-22,2021-09-13
813,هاميد104,اختيارف ت ثاميد-2050-01/04/20,6,200000,200000,1,1,1,0,0,1,0,0,1,1,1400-6-22,2021-09-13
814,صعبيد312,صكوك اجاره دعبيد-3ماهه18%,5,50000,50000000000,1001000,1000000,1000000,-1000,-0.1,1000000,-1000,-0.1,1000000,1000000,1400-6-22,2021-09-13
815,تملي702,تسهيلات مسكن ب. ملي-ارديبهشت97,5,92,72910644,754769,792507,792507,37738,5,792507,37738,5,792507,792507,1400-6-22,2021-09-13
816,اخزا814,اسنادخزانه-م14بودجه98-010318,5,3253,2817086774,865342,866004,866500,1158,0.13,865997,655,0.08,863642,866500,1400-6-22,2021-09-13
817,شسم,توليد سموم‌ علف‌ كش,5,939,96830619,99155,103121,103121,3966,4,99229,74,0.07,103121,103121,1400-6-22,2021-09-13
818,ضترا8055,اختيارخ شتران-2118-1400/08/09,5,10,55000000,7200,5500,5500,-1700,-23.61,5500,-1700,-23.61,5500,5500,1400-6-22,2021-09-13
819,كمند2,صندوق س. با درآمد ثابت كمند,5,1172000000,1172000000,10034,1,1,-10033,-99.99,1,-10033,-99.99,1,1,1400-6-22,2021-09-13
820,داريك2,صندوق س.اعتماد داريك-د,5,4410000,4410000,11453,1,1,-11452,-99.99,1,-11452,-99.99,1,1,1400-6-22,2021-09-13
821,اخزا811,اسنادخزانه-م11بودجه98-001013,5,1081,1016596779,940004,939250,940807,803,0.09,940423,419,0.04,939250,940807,1400-6-22,2021-09-13
822,افران2,صندوق س افرا نماد پايدار-ثابت,5,22300000,22300000,14245,1,1,-14244,-99.99,1,-14244,-99.99,1,1,1400-6-22,2021-09-13
823,ضصاد8034,اختيارخ وبصادر-2989-1400/08/12,5,100,15068000,20,149,88,68,340,151,131,655,88,189,1400-6-22,2021-09-13
824,ضصاد8035,اختيارخ وبصادر-3489-1400/08/12,5,100,4000000,37,40,40,3,8.11,40,3,8.11,40,40,1400-6-22,2021-09-13
825,ياقوت2,صندوق س ياقوت آگاه-ثابت,5,6005000,6005000,13105,1,1,-13104,-99.99,1,-13104,-99.99,1,1,1400-6-22,2021-09-13
826,طملت8042,اختيارف وبملت-3934-1400/08/19,5,52,8040000,150,150,170,20,13.33,155,5,3.33,150,170,1400-6-22,2021-09-13
827,اعتماد2,صندوق س.اعتماد آفرين پارسيان-د,5,50000000,50000000,38679,1,1,-38678,-100,1,-38678,-100,1,1,1400-6-22,2021-09-13
828,داراب,پتروشيمي داراب,4,13450,30128000,2309,2240,2240,-69,-2.99,2309,0,0,2240,2240,1400-6-22,2021-09-13
829,ضملت8040,اختيارخ وبملت-2934-1400/08/19,4,7,7392000,1490,1056,1056,-434,-29.13,1056,-434,-29.13,1056,1056,1400-6-22,2021-09-13
830,فخوز2,فولاد  خوزستان,4,26500000,475250000000,17930,17540,18260,330,1.84,17934,4,0.02,17540,18260,1400-6-22,2021-09-13
831,ضجار7039,اختيارخ وتجارت-1997-1400/07/21,4,197,81180000,500,350,430,-70,-14,412,-88,-17.6,350,500,1400-6-22,2021-09-13
832,اراد62,مرابحه عام دولت62-ش.خ0309,4,80000,80000000000,1000000,1000000,1000000,0,0,1000000,0,0,1000000,1000000,1400-6-22,2021-09-13
833,كابگن,توليدي و صنعتي آبگينه‌,4,25373,145209679,5611,5723,5723,112,2,5617,6,0.11,5723,5723,1400-6-22,2021-09-13
834,طخود7075,اختيارف خودرو-2000-1400/07/07,4,14,910000,60,50,80,20,33.33,65,5,8.33,50,80,1400-6-22,2021-09-13
835,تملي709,تسهيلات مسكن ب. ملي-آذر97,4,207,158515267,767125,805481,728769,-38356,-5,765774,-1351,-0.18,728769,805481,1400-6-22,2021-09-13
836,اراد45,مرابحه عام دولت4-ش.خ 0107,4,74200,71411970800,950000,959999,964000,14000,1.47,962425,12425,1.31,959999,964000,1400-6-22,2021-09-13
837,اخزا916,اسنادخزانه-م16بودجه99-020528,4,1220,879416200,700800,700800,721344,20544,2.93,720833,20033,2.86,669089,721344,1400-6-22,2021-09-13
838,تملي805,تسهيلات مسكن ب. ملي-مرداد98,3,66,57489228,830037,871538,871000,40963,4.94,871049,41012,4.94,871000,871538,1400-6-22,2021-09-13
839,اراد314,مرابحه عام دولت3-ش.خ 0208,3,15760000,14348276350000,950000,910125,911200,-38800,-4.08,910424,-39576,-4.17,910125,911259,1400-6-22,2021-09-13
840,حآفرين4,ريل پرداز نو آفرين,3,1485600000,4951504800000,1000,3333,3333,2333,233.3,3333,2333,233.3,3333,3333,1400-6-22,2021-09-13
841,وسقم,شركت س استان قم,3,20520,26655480,1367,1299,1299,-68,-4.97,1367,0,0,1299,1299,1400-6-22,2021-09-13
842,كمند4,صندوق س. با درآمد ثابت كمند,3,1025000000,10289975000000,10034,10039,10039,5,0.05,10039,5,0.05,10039,10039,1400-6-22,2021-09-13
843,اخزا813,اسنادخزانه-م13بودجه98-010219,3,492,433096875,879626,880000,886900,7274,0.83,880278,652,0.07,880000,886900,1400-6-22,2021-09-13
844,تصميم2,صندوق س با درآمد ثابت تصميم,3,2500000,2500000,17351,1,1,-17350,-99.99,1,-17350,-99.99,1,1,1400-6-22,2021-09-13
845,ضذوب906,اختيارخ ذوب-6000-14000917,3,24,13150000,550,540,550,0,0,548,-2,-0.36,540,550,1400-6-22,2021-09-13
846,ضخود1056,اختيارخ خودرو-4000-1400/10/08,3,12,1690000,1,50,140,139,13900,141,140,14000,50,150,1400-6-22,2021-09-13
847,ضجار7041,اختيارخ وتجارت-2997-1400/07/21,3,43,2838000,66,66,66,0,0,66,0,0,66,66,1400-6-22,2021-09-13
848,سفارود,كارخانه فارسيت درود,3,1400,22702400,16546,16216,16216,-330,-1.99,16544,-2,-0.01,16216,16216,1400-6-22,2021-09-13
849,هنوري102,اختيارف ت نوري59561-01/02/15,3,33000,33000,1,1,1,0,0,1,0,0,1,1,1400-6-22,2021-09-13
850,ضپيك7042,اختيارخ تاپيكو-8070-00/07/18,3,12,57000000,4800,4500,4800,0,0,4750,-50,-1.04,4500,4800,1400-6-22,2021-09-13
851,كاوه2,فولاد كاوه جنوب كيش,3,8500000,165425000000,19920,19610,19430,-490,-2.46,19462,-458,-2.3,19430,19610,1400-6-22,2021-09-13
852,تملي806,تسهيلات مسكن ب. ملي-شهريور98,3,10,6900000,715912,690000,690000,-25912,-3.62,690000,-25912,-3.62,690000,690000,1400-6-22,2021-09-13
853,اراد33,مرابحه عام دولت3-ش.خ 0303,3,10100,8937289800,916201,872898,885000,-31201,-3.41,884880,-31321,-3.42,872898,885000,1400-6-22,2021-09-13
854,خبهمن2,گروه‌بهمن‌,3,923587981,1588571327320,1679,1720,1720,41,2.44,1720,41,2.44,1720,1720,1400-6-22,2021-09-13
855,تملي704,تسهيلات مسكن ب. ملي-تير97,3,16,12007232,750452,787974,712930,-37522,-5,750452,0,0,712930,787974,1400-6-22,2021-09-13
856,ضشنا8001,اختيارخ شپنا-6800-1400/08/16,3,6,37727000,6001,6222,6301,300,5,6288,287,4.78,6222,6301,1400-6-22,2021-09-13
857,اراد644,مرابحه عام دولتي64-ش.خ0111,2,31820000,30178247100000,944500,948460,948350,3850,0.41,948405,3905,0.41,948350,948460,1400-6-22,2021-09-13
858,اراد334,مرابحه عام دولت3-ش.خ 0303,2,2687000,2384517262000,916201,887446,887400,-28801,-3.14,887427,-28774,-3.14,887400,887446,1400-6-22,2021-09-13
859,افاد514,منفعت دولت5-ش.خاص كاردان0108,2,800000,810092000000,999999,1049998,975232,-24767,-2.48,1012615,12616,1.26,975232,1049998,1400-6-22,2021-09-13
860,صشستا112,صكوك اجاره شستا112-6ماهه18%,2,200,180000000,920000,900000,900000,-20000,-2.17,900000,-20000,-2.17,900000,900000,1400-6-22,2021-09-13
861,اراد774,مرابحه عام دولت77-ش.خ000812,2,12244000,12221048622000,1000000,998201,998050,-1950,-0.2,998125,-1875,-0.19,998050,998201,1400-6-22,2021-09-13
862,سفارس2,سيمان فارس و خوزستان,2,2000000,39060000000,20130,19530,19530,-600,-2.98,19530,-600,-2.98,19530,19530,1400-6-22,2021-09-13
863,اراد524,مرابحه عام دولت5-ش.خ 0108,2,12666000,12139119732000,1000000,958454,958350,-41650,-4.17,958402,-41598,-4.16,958350,958454,1400-6-22,2021-09-13
864,اراد584,مرابحه عام دولت5-ش.خ 0110,2,10602000,10140871311000,990000,956561,956450,-33550,-3.39,956505,-33495,-3.38,956450,956561,1400-6-22,2021-09-13
865,هفارس104,اختيارف ت فارس-11832-01/04/12,2,51000,51000,1,1,1,0,0,1,0,0,1,1,1400-6-22,2021-09-13
866,اراد79,مرابحه عام دولت79-ش.خ010612,2,40500,38880000000,940800,960000,960000,19200,2.04,960000,19200,2.04,960000,960000,1400-6-22,2021-09-13
867,افاد524,منفعت دولت5-ش.خاص سپهر0108,2,870000,893107200000,1026560,1077888,975232,-51328,-5,1026560,0,0,975232,1077888,1400-6-22,2021-09-13
868,ضسپا8046,اختيارخ خساپا-3500-1400/08/26,2,200,10000000,49,50,50,1,2.04,50,1,2.04,50,50,1400-6-22,2021-09-13
869,امين يكم4,صندوق درآمد ثابت امين يكم فردا,2,55000000,556490000000,10109,10118,10118,9,0.09,10118,9,0.09,10118,10118,1400-6-22,2021-09-13
870,اراد484,مرابحه عام دولت4-ش.خ 0009,2,7108000,7069805162000,980000,994703,994550,14550,1.48,994626,14626,1.49,994550,994703,1400-6-22,2021-09-13
871,اراد494,مرابحه عام دولت4-ش.خ 0206,2,21424000,20222017192000,976500,943941,943850,-32650,-3.34,943895,-32605,-3.34,943850,943941,1400-6-22,2021-09-13
872,شيراز2,پتروشيمي‌شيراز,2,972605,74063870750,78150,76150,76150,-2000,-2.56,76150,-2000,-2.56,76150,76150,1400-6-22,2021-09-13
873,ضخود7080,اختيارخ خودرو-4500-1400/07/07,2,15,15000,2,1,1,-1,-50,1,-1,-50,1,1,1400-6-22,2021-09-13
874,اراد454,مرابحه عام دولت4-ش.خ 0107,2,6316000,6089328234000,950000,964173,964050,14050,1.48,964111,14111,1.49,964050,964173,1400-6-22,2021-09-13
875,ضچاد7033,اختيارخ كچاد-17870-1400/07/04,2,5,55000000,12911,11000,11000,-1911,-14.8,11000,-1911,-14.8,11000,11000,1400-6-22,2021-09-13
876,اپرداز2,آتيه داده پرداز,2,19700000,425126000000,20944,21580,21580,636,3.04,21580,636,3.04,21580,21580,1400-6-22,2021-09-13
877,دسبحا2,گروه دارويي سبحان,2,10000000,175300000000,17490,17530,17530,40,0.23,17530,40,0.23,17530,17530,1400-6-22,2021-09-13
878,اراد704,مرابحه عام دولت70-ش.خ0112,2,34228000,32393584568000,943750,946462,946350,2600,0.28,946406,2656,0.28,946350,946462,1400-6-22,2021-09-13
879,اراد544,مرابحه عام دولت5-ش.خ 0109,2,21142000,20283698226000,990000,959456,959350,-30650,-3.1,959403,-30597,-3.09,959350,959456,1400-6-22,2021-09-13
880,ضجار7037,اختيارخ وتجارت-1597-1400/07/21,2,6,5295000,884,880,883,-1,-0.11,882,-2,-0.23,880,883,1400-6-22,2021-09-13
881,ضملت8045,اختيارخ وبملت-5934-1400/08/19,2,3,300000,105,100,100,-5,-4.76,100,-5,-4.76,100,100,1400-6-22,2021-09-13
882,سنفت004,سلف موازي استاندارد سنفت004,2,49200,60024000000,1205324,1220000,1220000,14676,1.22,1220000,14676,1.22,1220000,1220000,1400-6-22,2021-09-13
883,ضذوب907,اختيارخ ذوب-7000-14000917,2,150,70000000,220,400,500,280,127.27,467,247,112.27,400,500,1400-6-22,2021-09-13
884,صخود0012,ص مرابحه خودرو0012- 3ماهه 18%,2,10,10150000,1020000,1010000,1020000,0,0,1015000,-5000,-0.49,1010000,1020000,1400-6-22,2021-09-13
885,ضملي1160,اختيارخ فملي-6000-1400/11/03,2,5,18300000,4467,3500,3700,-767,-17.17,3660,-807,-18.07,3500,3700,1400-6-22,2021-09-13
886,ضغدر8058,اختيارخ وغدير-10000-1400/08/26,2,14,81400000,6200,5600,5900,-300,-4.84,5814,-386,-6.23,5600,5900,1400-6-22,2021-09-13
887,فاما2,صنعتي‌ آما,2,81424086,1616268107100,18910,19850,19850,940,4.97,19850,940,4.97,19850,19850,1400-6-22,2021-09-13
888,حاريا,كشتيراني آريا,2,974,14958692,15671,15358,15358,-313,-2,15670,-1,-0.01,15358,15358,1400-6-22,2021-09-13
889,اراد214,مرابحه عام دولت2ش.خ صادرات0212,2,39421000,37530041482000,1000000,952242,951898,-48102,-4.81,952032,-47968,-4.8,951898,952242,1400-6-22,2021-09-13
890,فولاد2,فولاد مباركه اصفهان,2,34000000,379780000000,11260,11170,11170,-90,-0.8,11170,-90,-0.8,11170,11170,1400-6-22,2021-09-13
891,ضخود1055,اختيارخ خودرو-3500-1400/10/08,2,2,290000,1,150,140,139,13900,145,144,14400,140,150,1400-6-22,2021-09-13
892,هماي2,صندوق س هماي آگاه-ثابت,2,2159000,2159000,10416,1,1,-10415,-99.99,1,-10415,-99.99,1,1,1400-6-22,2021-09-13
893,اخزا9172,اسنادخزانه-م17بودجه99-010226,1,10690000,9775085660000,1000000,914414,914414,-85586,-8.56,914414,-85586,-8.56,914414,914414,1400-6-22,2021-09-13
894,ضمخا7071,اختيارخ اخابر-23700-1400/07/28,1,18,198000,3,11,11,8,266.67,11,8,266.67,11,11,1400-6-22,2021-09-13
895,فروس2,فروسيليس‌ ايران‌,1,3500000,23450000000,6790,6700,6700,-90,-1.33,6700,-90,-1.33,6700,6700,1400-6-22,2021-09-13
896,سنفت010,سلف موازي استاندارد سنفت010,1,5930,9669102200,1621900,1630540,1630540,8640,0.53,1630540,8640,0.53,1630540,1630540,1400-6-22,2021-09-13
897,افاد54,منفعت دولت5-ش.خاص لوتوس0108,1,2000,1708000000,852000,854000,854000,2000,0.23,854000,2000,0.23,854000,854000,1400-6-22,2021-09-13
898,اخزا9162,اسنادخزانه-م16بودجه99-020528,1,5544000,3999131136000,700800,721344,721344,20544,2.93,721344,20544,2.93,721344,721344,1400-6-22,2021-09-13
899,سپر2,صندوق س سپر سرمايه بيدار- ثابت,1,2000000,2000000,12727,1,1,-12726,-99.99,1,-12726,-99.99,1,1,1400-6-22,2021-09-13
900,اراد49,مرابحه عام دولت4-ش.خ 0206,1,5500,5170000000,976500,940000,940000,-36500,-3.74,940000,-36500,-3.74,940000,940000,1400-6-22,2021-09-13
901,اراد834,مرابحه عام دولت83-ش.خ041220,1,7700000,7064634500000,1000000,917485,917485,-82515,-8.25,917485,-82515,-8.25,917485,917485,1400-6-22,2021-09-13
902,پاسار042,اجاره انرژي پاسارگاد14040302,1,100000,100000000000,1000000,1000000,1000000,0,0,1000000,0,0,1000000,1000000,1400-6-22,2021-09-13
903,طمخا7072,اختيارف اخابر-27700-1400/07/28,1,2,37508000,28000,18754,18754,-9246,-33.02,18754,-9246,-33.02,18754,18754,1400-6-22,2021-09-13
904,وغدير2,سرمايه‌گذاري‌غدير(هلدينگ‌,1,18620000,273714000000,14780,14700,14700,-80,-0.54,14700,-80,-0.54,14700,14700,1400-6-22,2021-09-13
905,ضپال2000,اختيارخ اپال-12000-1401/02/12,1,1,12000,11100,12,12,-11088,-99.89,12,-11088,-99.89,12,12,1400-6-22,2021-09-13
906,اراد90,مرابحه عام دولت90-ش.خ050217,1,1000,980000000,1000000,980000,980000,-20000,-2,980000,-20000,-2,980000,980000,1400-6-22,2021-09-13
907,ضمخا7067,اختيارخ اخابر-13700-1400/07/28,1,1,40000,300,40,40,-260,-86.67,40,-260,-86.67,40,40,1400-6-22,2021-09-13
908,فايرا2,آلومينيوم‌ايران‌,1,35000000,721000000000,20520,20600,20600,80,0.39,20600,80,0.39,20600,20600,1400-6-22,2021-09-13
909,رايان106,مشاركت رايان سايپا-3ماهه16%,1,100,100000000,975046,1000000,1000000,24954,2.56,1000000,24954,2.56,1000000,1000000,1400-6-22,2021-09-13
910,ضترا8059,اختيارخ شتران-3882-1400/08/09,1,1,2000000,2944,2000,2000,-944,-32.07,2000,-944,-32.07,2000,2000,1400-6-22,2021-09-13
911,اعتماد4,صندوق س.اعتماد آفرين پارسيان-د,1,64600000,2499826200000,38679,38697,38697,18,0.05,38697,18,0.05,38697,38697,1400-6-22,2021-09-13
912,اراد324,مرابحه عام دولت3-ش.خ0211,1,15846400,14409860454400,1000000,909346,909346,-90654,-9.07,909346,-90654,-9.07,909346,909346,1400-6-22,2021-09-13
913,طمخا7071,اختيارف اخابر-23700-1400/07/28,1,2,33560000,24000,16780,16780,-7220,-30.08,16780,-7220,-30.08,16780,16780,1400-6-22,2021-09-13
914,افاد534,منفعت دولت5-ش.خاص كاريزما0108,1,835000,817047500000,963000,978500,978500,15500,1.61,978500,15500,1.61,978500,978500,1400-6-22,2021-09-13
915,زشريف4,كشت وصنعت شريف آباد,1,20985618,105809485956,5275,5042,5042,-233,-4.42,5042,-233,-4.42,5042,5042,1400-6-22,2021-09-13
916,بفجر2,فجر انرژي خليج فارس,1,3230468,95298806000,29280,29500,29500,220,0.75,29500,220,0.75,29500,29500,1400-6-22,2021-09-13
917,وشمال,س. چشم انداز توسعه شمال,1,65,5037175,79076,77495,77495,-1581,-2,79074,-2,0,77495,77495,1400-6-22,2021-09-13
918,ضپال2001,اختيارخ اپال-14000-1401/02/12,1,1,13500000,9663,13500,13500,3837,39.71,13500,3837,39.71,13500,13500,1400-6-22,2021-09-13
919,مصفها203,مشاركت ش اصفهان203-3ماهه18%,1,500,492500000,1000000,985000,985000,-15000,-1.5,985000,-15000,-1.5,985000,985000,1400-6-22,2021-09-13
920,اراد554,مرابحه عام دولت5-ش.خ 0209,1,10100000,9502655700000,960000,940857,940857,-19143,-1.99,940857,-19143,-1.99,940857,940857,1400-6-22,2021-09-13
921,ضصاد8036,اختيارخ وبصادر-3989-1400/08/12,1,1,40000,40,40,40,0,0,40,0,0,40,40,1400-6-22,2021-09-13
922,ضترا8060,اختيارخ شتران-4323-1400/08/09,1,4,26668000,699,6667,6667,5968,853.79,6667,5968,853.79,6667,6667,1400-6-22,2021-09-13
923,خديزل2,بهمن  ديزل,1,4845068,262118178800,54179,54100,54100,-79,-0.15,54100,-79,-0.15,54100,54100,1400-6-22,2021-09-13
924,زعف0008پ15,زعفران0008پوشالمعمول طلاسرخ(پ),1,1006,122732000,122000,122000,122000,0,0,122000,0,0,122000,122000,1400-6-22,2021-09-13
925,فملي2,ملي‌ صنايع‌ مس‌ ايران‌,1,20000000,265600000000,13360,13280,13280,-80,-0.6,13280,-80,-0.6,13280,13280,1400-6-22,2021-09-13
926,ضفلا7006,اختيارخ فولاد-12440-1400/07/25,1,100,12758200,1000,91,91,-909,-90.9,91,-909,-90.9,91,91,1400-6-22,2021-09-13
927,مكرج112,مشاركت شهرداري كرج-3ماهه18%,1,500,492500000,1000000,985000,985000,-15000,-1.5,985000,-15000,-1.5,985000,985000,1400-6-22,2021-09-13
928,ضپاس7028,اختيارخ وپارس-2000-1400/07/28,1,1,1100000,1402,1100,1100,-302,-21.54,1100,-302,-21.54,1100,1100,1400-6-22,2021-09-13
929,ضپال2004,اختيارخ اپال-20000-1401/02/12,1,1,15000,5000,15,15,-4985,-99.7,15,-4985,-99.7,15,15,1400-6-22,2021-09-13
930,ضپيك7041,اختيارخ تاپيكو-7070-00/07/18,1,2,10940000,7000,5470,5470,-1530,-21.86,5470,-1530,-21.86,5470,5470,1400-6-22,2021-09-13
931,طخود7076,اختيارف خودرو-2500-1400/07/07,1,20,9000000,400,450,450,50,12.5,450,50,12.5,450,450,1400-6-22,2021-09-13
932,ضپنا1035,اختيارخ رمپنا-23850-1400/10/08,1,1,1120000,1,1120,1120,1119,111900,1120,1119,111900,1120,1120,1400-6-22,2021-09-13
933,ضترا8056,اختيارخ شتران-2558-1400/08/09,1,1,4900000,5300,4900,4900,-400,-7.55,4900,-400,-7.55,4900,4900,1400-6-22,2021-09-13
934,شپديس2,پتروشيمي پرديس,1,2000000,310800000000,154260,155400,155400,1140,0.74,155400,1140,0.74,155400,155400,1400-6-22,2021-09-13
935,ضخود1054,اختيارخ خودرو-3000-1400/10/08,1,1,200000,1,200,200,199,19900,200,199,19900,200,200,1400-6-22,2021-09-13
936,مكرما304,مشاركت ش كرمانشاه304-3ماهه18%,1,1000,1000000000,990000,1000000,1000000,10000,1.01,1000000,10000,1.01,1000000,1000000,1400-6-22,2021-09-13
937,ضملي7005,اختيارخ فملي-15720-1400/07/11,1,1,200000,227,200,200,-27,-11.89,200,-27,-11.89,200,200,1400-6-22,2021-09-13
938,صشستا3112,صكوك اجاره شستا311-بدون ضامن,1,20000,20000000000,999999,1000000,1000000,1,0,1000000,1,0,1000000,1000000,1400-6-22,2021-09-13
939,اراد22,مرابحه عام دولت2-ش.خ لوتوس0212,1,3000,2910000000,960000,970000,970000,10000,1.04,970000,10000,1.04,970000,970000,1400-6-22,2021-09-13
940,پارسان2,گسترش نفت و گاز پارسيان,1,5000000,151500000000,30230,30300,30300,70,0.23,30300,70,0.23,30300,30300,1400-6-22,2021-09-13
941,گواهي ظرفيت,گواهي ظرفيت نقدي,1,1575000,40115250000,24258,25470,25470,1212,5,24348,90,0.37,25470,25470,1400-6-22,2021-09-13
942,اخزا0012,اسنادخزانه-م1بودجه00-030821,1,100000,53450000000,532570,534500,534500,1930,0.36,534500,1930,0.36,534500,534500,1400-6-22,2021-09-13
943,تاصيكو2,سرمايه گذاري صدرتامين,1,26000000,283660000000,10820,10910,10910,90,0.83,10910,90,0.83,10910,10910,1400-6-22,2021-09-13
944,زعف0008پ18,زعفران0008نگين بهرامن(پ),1,37,5161500,139500,139500,139500,0,0,139500,0,0,139500,139500,1400-6-22,2021-09-13
945,بميلا4,توسعه بازرگاني آهن وفولادميلاد,1,9462670,115283708610,12556,12183,12183,-373,-2.97,12183,-373,-2.97,12183,12183,1400-6-22,2021-09-13
946,طسپا8042,اختيارف خساپا-1800-1400/08/26,1,3,195000,65,65,65,0,0,65,0,0,65,65,1400-6-22,2021-09-13
947,اراد404,مرابحه عام دولت4-ش.خ 0207,1,600000,547569000000,1000000,912615,912615,-87385,-8.74,912615,-87385,-8.74,912615,912615,1400-6-22,2021-09-13
948,ضذوب900,اختيارخ ذوب-2500-14000917,1,2,4440000,2150,2220,2220,70,3.26,2220,70,3.26,2220,2220,1400-6-22,2021-09-13
949,شتران2,پالايش نفت تهران,1,15000000,160500000000,10600,10700,10700,100,0.94,10700,100,0.94,10700,10700,1400-6-22,2021-09-13
950,پست0008پ04,پسته فندقي32-30سبزدانه0008(پ),1,1,1850000,1775312,1850000,1850000,74688,4.21,1850000,74688,4.21,1850000,1850000,1400-6-22,2021-09-13
951,سپرمي,پرميت‌,1,2000,18846000,9330,9423,9423,93,1,9331,1,0.01,9423,9423,1400-6-22,2021-09-13
952,زعف0008پ19,زعفران0008نگين تروند قاينات(پ),1,200,28900000,146094,144500,144500,-1594,-1.09,144500,-1594,-1.09,144500,144500,1400-6-22,2021-09-13
953,صينا205,صكوك منفعت سينا دارو-3ماهه 19%,1,20,19600000,980000,980000,980000,0,0,980000,0,0,980000,980000,1400-6-22,2021-09-13
954,اراد904,مرابحه عام دولت90-ش.خ050217,1,2450000,2327500000000,1000000,950000,950000,-50000,-5,950000,-50000,-5,950000,950000,1400-6-22,2021-09-13
955,آبين2,كشت و صنعت آبشيرين,1,18000000,52074000000,2811,2893,2893,82,2.92,2893,82,2.92,2893,2893,1400-6-22,2021-09-13
956,صپامهر,بار پايه صنعتي مهر,1,15000,10200000,439,680,680,241,54.9,680,241,54.9,680,680,1400-6-22,2021-09-13
957,ميدكو2,توسعه معادن وص.معدني خاورميانه,1,25000000,1152500000000,47610,46100,46100,-1510,-3.17,46100,-1510,-3.17,46100,46100,1400-6-22,2021-09-13
958,ضبدر8074,اختيارخ شبندر-2595-1400/08/30,1,3,47776800,3950,3400,3400,-550,-13.92,3400,-550,-13.92,3400,3400,1400-6-22,2021-09-13
959,ضپنا8003,اختيارخ رمپنا-15850-1400/08/05,1,3,15000000,5750,5000,5000,-750,-13.04,5000,-750,-13.04,5000,5000,1400-6-22,2021-09-13
960,ضفلا7003,اختيارخ فولاد-8160-1400/07/25,1,8,35106080,3650,3130,3130,-520,-14.25,3130,-520,-14.25,3130,3130,1400-6-22,2021-09-13
961,ضفرابورس1200,اختيارخ فرابورس-19000-14001218,1,1,22000000,19750,22000,22000,2250,11.39,22000,2250,11.39,22000,22000,1400-6-22,2021-09-13
962,داريك4,صندوق س.اعتماد داريك-د,1,4410000,50009400000,11453,11340,11340,-113,-0.99,11340,-113,-0.99,11340,11340,1400-6-22,2021-09-13
963,مشير112,مشاركت شهرداري شيراز-3ماهه18%,1,6,5940000,1000000,990000,990000,-10000,-1,990000,-10000,-1,990000,990000,1400-6-22,2021-09-13
964,ضترا8057,اختيارخ شتران-3000-1400/08/09,1,1,3900000,4657,3900,3900,-757,-16.26,3900,-757,-16.26,3900,3900,1400-6-22,2021-09-13
965,اراد594,مرابحه عام دولتي5-ش.خ 0309,1,7200000,6730056000000,1000000,934730,934730,-65270,-6.53,934730,-65270,-6.53,934730,934730,1400-6-22,2021-09-13
