,نماد,نام,تعداد,حجم,ارزش,دیروز,اولین,آخرین معامله - مقدار,آخرین معامله - تغییر,آخرین معامله - درصد,قیمت پایانی - مقدار,قیمت پایانی - تغییر,قیمت پایانی - درصد,کمترین,بیشترین,تاریخ,gregorian_date
0,چخزر,صنايع چوب خزر كاسپين,57430,7740758,255415174242,32622,30991,34253,1631,5,32996,374,1.15,30991,34253,1400-3-8,2021-05-29
1,پالايش,صندوق پالايشي يكم-سهام,54477,63626527,4515308290940,66700,67530,73370,6670,10,70970,4270,6.4,67530,73370,1400-3-8,2021-05-29
2,غگيلا,شيرپاستوريزه پگاه گيلان,34688,31644498,544240750896,17736,16850,17600,-136,-0.77,17199,-537,-3.03,16850,18500,1400-3-8,2021-05-29
3,دارا يكم,صندوق واسطه گري مالي يكم-سهام,31595,26005568,3214697759960,117060,118000,127000,9940,8.49,123620,6560,5.6,117560,128300,1400-3-8,2021-05-29
4,وپويا,سرمايه گذاري پويا,25857,55276725,306143144499,5619,5339,5651,32,0.57,5538,-81,-1.44,5339,5760,1400-3-8,2021-05-29
5,فتوسا,توليد و توسعه سرب روي ايرانيان,23924,1545948,16209264780,9986,10485,10485,499,5,10485,499,5,10485,10485,1400-3-8,2021-05-29
6,ثبهساز,بهساز كاشانه تهران,21012,149402325,270954005177,1805,1805,1816,11,0.61,1814,9,0.5,1770,1870,1400-3-8,2021-05-29
7,كوير,توليدي فولاد سپيد فراب كوير,14269,104954254,1379445076700,13590,12920,13360,-230,-1.69,13140,-450,-3.31,12920,13790,1400-3-8,2021-05-29
8,سپيدار,سپيدار سيستم آسيا,14252,3325518,167698667561,51617,52060,49457,-2160,-4.18,50428,-1189,-2.3,49457,52060,1400-3-8,2021-05-29
9,وبملت,بانك ملت,13663,288881925,1152129407017,3874,3884,4033,159,4.1,3988,114,2.94,3817,4057,1400-3-8,2021-05-29
10,ولپارس,ليزينگ پارسيان,11876,32737040,135480379841,4126,4332,4041,-85,-2.06,4138,12,0.29,3920,4332,1400-3-8,2021-05-29
11,پتاير,ايران‌ تاير,11396,240391559,698791336904,2902,2800,2923,21,0.72,2907,5,0.17,2800,3039,1400-3-8,2021-05-29
12,خساپا,سايپا,10173,414603637,665708505104,1536,1540,1612,76,4.95,1606,70,4.56,1540,1612,1400-3-8,2021-05-29
13,فاراك,ماشين‌ سازي‌ اراك‌,9660,223570947,466028816997,2168,2060,2088,-80,-3.69,2084,-84,-3.87,2060,2144,1400-3-8,2021-05-29
14,خودرو,ايران‌ خودرو,9402,437004822,772189270134,1688,1712,1772,84,4.98,1767,79,4.68,1689,1772,1400-3-8,2021-05-29
15,كاما,باما,9235,60040743,527989512090,8520,8500,8940,420,4.93,8790,270,3.17,8400,8940,1400-3-8,2021-05-29
16,فملي,ملي‌ صنايع‌ مس‌ ايران‌,9061,81333758,1008451678120,11830,12030,12420,590,4.99,12400,570,4.82,11910,12420,1400-3-8,2021-05-29
17,امينح,ح . تامين سرمايه امين,8723,5053531,25957188290,5024,4990,5150,126,2.51,5140,116,2.31,4960,5200,1400-3-8,2021-05-29
18,شستا,سرمايه گذاري تامين اجتماعي,8408,58872678,598565615420,9720,9670,10200,480,4.94,10170,450,4.63,9670,10200,1400-3-8,2021-05-29
19,غكورش,صنعت غذايي كورش,8310,1583237,49776971280,29950,31440,31440,1490,4.97,31440,1490,4.97,31440,31440,1400-3-8,2021-05-29
20,ثاخت,بين‌المللي‌توسعه‌ساختمان,7596,150244681,311818738740,2107,2002,2111,4,0.19,2075,-32,-1.52,2002,2149,1400-3-8,2021-05-29
21,وسپهر,سرمايه گذاري مالي سپهرصادرات,6525,8816532,80832667011,9094,9095,9102,8,0.09,9149,55,0.6,9094,9382,1400-3-8,2021-05-29
22,فولاد,فولاد مباركه اصفهان,6145,98191699,921701755030,8970,9040,9410,440,4.91,9390,420,4.68,9040,9410,1400-3-8,2021-05-29
23,امين يكم,صندوق درآمد ثابت امين يكم فردا,6124,174482467,1750906708532,10037,10042,10034,-3,-0.03,10035,-2,-0.02,10020,10043,1400-3-8,2021-05-29
24,وكبهمن,مديريت سرمايه گذاري كوثربهمن,5969,3740079,40710110540,10465,10465,10977,512,4.89,10885,420,4.01,10465,10988,1400-3-8,2021-05-29
25,ثاميد,توسعه و عمران اميد,5905,77446112,118352822534,1460,1501,1533,73,5,1528,68,4.66,1481,1533,1400-3-8,2021-05-29
26,وتجارت,بانك تجارت,5825,207255047,408263888881,1889,1900,1983,94,4.98,1970,81,4.29,1900,1983,1400-3-8,2021-05-29
27,سبزوا,سيمان لار سبزوار,5774,68969716,208784192482,3156,2999,2999,-157,-4.97,3027,-129,-4.09,2999,3140,1400-3-8,2021-05-29
28,كمند,صندوق س. با درآمد ثابت كمند,5380,305431522,3094804840751,10116,10132,10132,16,0.16,10133,17,0.17,10132,10134,1400-3-8,2021-05-29
29,دانا,بيمه دانا,5123,83628312,450143686010,5650,5370,5390,-260,-4.6,5380,-270,-4.78,5370,5500,1400-3-8,2021-05-29
30,خزاميا,زامياد,5094,51126320,315497856230,5900,6140,6190,290,4.92,6170,270,4.58,6090,6290,1400-3-8,2021-05-29
31,اپال,فرآوري معدني اپال كاني پارس,5073,7788993,145609987880,18330,18350,18800,470,2.56,18690,360,1.96,18350,18900,1400-3-8,2021-05-29
32,سيتا,سرمايه گذاري سيمان تامين,4971,4265642,64343908800,15000,15000,15100,100,0.67,15080,80,0.53,15000,15400,1400-3-8,2021-05-29
33,كلوند,كاشي‌ الوند,4841,14296142,282516092690,20100,19100,19810,-290,-1.44,19760,-340,-1.69,19100,20810,1400-3-8,2021-05-29
34,وبيمه,سرمايه‌ گذاري‌ صنعت‌ بيمه‌,4782,243481246,470110384937,2024,1923,1923,-101,-4.99,1931,-93,-4.59,1923,1982,1400-3-8,2021-05-29
35,ونيرو,سرمايه‌گذاري‌نيرو,4571,88165401,206872395474,2456,2334,2350,-106,-4.32,2346,-110,-4.48,2334,2400,1400-3-8,2021-05-29
36,بركت,گروه دارويي بركت,4540,16165613,391708227280,23220,23400,24380,1160,5,24230,1010,4.35,23400,24380,1400-3-8,2021-05-29
37,آبادا,توليد نيروي برق آبادان,4513,1523345,14970387670,9380,9790,9840,460,4.9,9810,430,4.58,9540,9840,1400-3-8,2021-05-29
38,بكهنوج,توليد برق ماهتاب كهنوج,4494,118535034,175070539435,1545,1468,1481,-64,-4.14,1477,-68,-4.4,1468,1534,1400-3-8,2021-05-29
39,خبهمن,گروه‌بهمن‌,4417,271437510,316846619846,1114,1130,1169,55,4.94,1167,53,4.76,1110,1169,1400-3-8,2021-05-29
40,امين,تامين سرمايه امين,4391,2760001,19649979520,7100,7200,7110,10,0.14,7110,10,0.14,7100,7270,1400-3-8,2021-05-29
41,گشان,توسعه بين المللي پديده شانديز,4242,7313888,161003941449,21901,22339,21670,-231,-1.05,22013,112,0.51,21500,22339,1400-3-8,2021-05-29
42,خاذين,سايپاآذين‌,4142,71692905,217223723003,3161,3003,3038,-123,-3.89,3030,-131,-4.14,3003,3130,1400-3-8,2021-05-29
43,ستران,سيمان‌ تهران‌,4098,9859364,199566531110,20900,19860,20280,-620,-2.97,20240,-660,-3.16,19860,21150,1400-3-8,2021-05-29
44,بگيلان,توسعه مسير برق گيلان,4081,955839,17385979924,17808,17506,18355,547,3.07,18020,212,1.19,17506,18586,1400-3-8,2021-05-29
45,وپاسار,بانك  پاسارگاد,3881,48504282,765508524840,15690,15790,15800,110,0.7,15780,90,0.57,15750,15800,1400-3-8,2021-05-29
46,شگويا,پتروشيمي تندگويان,3844,24561072,218522171101,8522,8527,8948,426,5,8897,375,4.4,8527,8948,1400-3-8,2021-05-29
47,خمحركه,نيرو محركه‌,3805,44314865,161687316616,3584,3480,3708,124,3.46,3649,65,1.81,3450,3739,1400-3-8,2021-05-29
48,آريا,پليمر آريا ساسول,3757,2278911,183140767238,76908,77810,80753,3845,5,80363,3455,4.49,77500,80753,1400-3-8,2021-05-29
49,وپارس,بانك‌پارسيان‌,3731,75516799,211125182673,2729,2750,2840,111,4.07,2796,67,2.46,2740,2854,1400-3-8,2021-05-29
50,كدما,معدني‌ دماوند,3681,2420300,199251661530,82250,78140,86360,4110,5,82330,80,0.1,78140,86360,1400-3-8,2021-05-29
51,كفپارس,فرآورده‌هاي‌ نسوز پارس‌,3645,47099448,133067715455,2865,2722,2869,4,0.14,2825,-40,-1.4,2722,2969,1400-3-8,2021-05-29
52,بپيوند,برق و انرژي پيوندگستر پارس,3603,2481397,26017686384,10017,10180,10517,500,4.99,10485,468,4.67,10180,10517,1400-3-8,2021-05-29
53,نوري,پتروشيمي نوري,3536,4769209,300061215860,60320,60100,63330,3010,4.99,62920,2600,4.31,60100,63330,1400-3-8,2021-05-29
54,فارس,صنايع پتروشيمي خليج فارس,3438,41953609,393994310510,8990,9260,9430,440,4.89,9390,400,4.45,9230,9430,1400-3-8,2021-05-29
55,پيزد,مجتمع صنايع لاستيك يزد,3423,455128,24728940981,51821,52400,54412,2591,5,54334,2513,4.85,52400,54412,1400-3-8,2021-05-29
56,فخوز,فولاد  خوزستان,3305,29321387,454340530590,14820,14890,15560,740,4.99,15500,680,4.59,14890,15560,1400-3-8,2021-05-29
57,شپنا,پالايش نفت اصفهان,3178,57785485,576672750100,9530,9790,10000,470,4.93,9980,450,4.72,9660,10000,1400-3-8,2021-05-29
58,تسه0002,امتيازتسهيلاتمسكن ارديبهشت1400,3074,66894,36510761888,540545,540666,546010,5465,1.01,545800,5255,0.97,522222,564985,1400-3-8,2021-05-29
59,غگرجي,بيسكويت‌  گرجي‌,2913,8533822,104658979360,12290,12770,12300,10,0.08,12260,-30,-0.24,11710,12770,1400-3-8,2021-05-29
60,اعتماد,صندوق س.اعتماد آفرين پارسيان-د,2835,46520130,1706136928620,36640,36676,36677,37,0.1,36675,35,0.1,36675,36680,1400-3-8,2021-05-29
61,ساوه,سيمان ساوه,2824,1575512,68049898131,41412,41710,43482,2070,5,43192,1780,4.3,41710,43482,1400-3-8,2021-05-29
62,كرمان,س. توسعه و عمران استان كرمان,2823,124825440,119433440142,916,936,961,45,4.91,957,41,4.48,921,961,1400-3-8,2021-05-29
63,پترول,گ.س.وت.ص.پتروشيمي خليج فارس,2791,21251035,186976950670,8410,8550,8830,420,4.99,8800,390,4.64,8550,8830,1400-3-8,2021-05-29
64,وبصادر,بانك صادرات ايران,2758,96934460,179497220306,1768,1818,1856,88,4.98,1852,84,4.75,1804,1856,1400-3-8,2021-05-29
65,سرو,صندوق س سروسودمند مدبران-سهام,2722,3152676,189103432830,57010,57880,60820,3810,6.68,59980,2970,5.21,57880,61200,1400-3-8,2021-05-29
66,كيان,صندوق س. با درآمد ثابت كيان,2692,22996943,658299011177,28596,28626,28627,31,0.11,28625,29,0.1,28624,28628,1400-3-8,2021-05-29
67,افران,صندوق س افرا نماد پايدار-ثابت,2680,52933507,709580819714,13389,13405,13407,18,0.13,13405,16,0.12,13403,13410,1400-3-8,2021-05-29
68,صبا,سرمايه گذاري صبا تامين,2631,12453803,90249249341,6972,7000,7320,348,4.99,7171,199,2.85,7000,7320,1400-3-8,2021-05-29
69,حكشتي,كشتيراني جمهوري اسلامي ايران,2529,14009795,192050166190,13110,13250,13760,650,4.96,13710,600,4.58,13150,13760,1400-3-8,2021-05-29
70,ختوقا,قطعات‌ اتومبيل‌ ايران‌,2510,41405788,80099893368,1856,1881,1948,92,4.96,1935,79,4.26,1870,1948,1400-3-8,2021-05-29
71,كارين,صندوق س نگين سامان-ثابت,2499,119595660,1201458704743,10029,10046,10046,17,0.17,10046,17,0.17,10045,10047,1400-3-8,2021-05-29
72,غمينو,شركت صنايع غذايي مينو شرق,2445,8866776,81658414383,8955,9104,9040,85,0.95,9209,254,2.84,9030,9402,1400-3-8,2021-05-29
73,كماسه,تامين‌ ماسه‌ ريخته‌گري‌,2444,3070028,80945842260,26290,25650,26510,220,0.84,26370,80,0.3,25120,27000,1400-3-8,2021-05-29
74,غسالم,سالمين‌,2415,21881222,72325991400,3229,3350,3269,40,1.24,3305,76,2.35,3235,3390,1400-3-8,2021-05-29
75,آگاس,صندوق س.هستي بخش آگاه-س,2353,3282340,210417062118,61008,61170,65500,4492,7.36,64106,3098,5.08,61170,65656,1400-3-8,2021-05-29
76,توريل,توكاريل,2317,12596942,192760236160,16066,15263,15263,-803,-5,15302,-764,-4.76,15263,15740,1400-3-8,2021-05-29
77,خگستر,گسترش‌سرمايه‌گذاري‌ايران‌خودرو,2259,86431990,167376286673,1857,1880,1949,92,4.95,1937,80,4.31,1880,1949,1400-3-8,2021-05-29
78,كچاد,معدني‌وصنعتي‌چادرملو,2226,7838514,181273382740,22230,22400,23340,1110,4.99,23130,900,4.05,22400,23340,1400-3-8,2021-05-29
79,وهور,مديريت انرژي اميد  تابان هور,2180,91609710,176225457519,1988,1889,2028,40,2.01,1924,-64,-3.22,1889,2044,1400-3-8,2021-05-29
80,شتران,پالايش نفت تهران,2161,36255127,281498786280,7420,7560,7790,370,4.99,7760,340,4.58,7560,7790,1400-3-8,2021-05-29
81,ومعادنح,ح . توسعه‌معادن‌وفلزات‌,2144,23107868,139058465340,5650,5610,6120,470,8.32,6020,370,6.55,5610,6130,1400-3-8,2021-05-29
82,بجهرم,توسعه مولد نيروگاهي جهرم,2137,29829830,63249869356,2031,2092,2132,101,4.97,2120,89,4.38,2051,2132,1400-3-8,2021-05-29
83,فباهنرح,ح . مس‌ شهيدباهنر,2052,10802016,148735704940,12810,13310,14090,1280,9.99,13770,960,7.49,13200,14090,1400-3-8,2021-05-29
84,شلعابح,ح . لعابيران‌,2052,97261889,428561272505,4730,5000,5203,473,10,4406,-324,-6.85,4400,5203,1400-3-8,2021-05-29
85,قاسم,قاسم ايران,1940,18752852,194058588907,10854,10700,10316,-538,-4.96,10348,-506,-4.66,10312,10700,1400-3-8,2021-05-29
86,شكربن,كربن‌ ايران‌,1898,2512627,171019339960,71520,67950,68970,-2550,-3.57,68060,-3460,-4.84,67950,71200,1400-3-8,2021-05-29
87,كهمدا,شيشه‌ همدان‌,1872,13736579,128819724610,9860,9370,9370,-490,-4.97,9380,-480,-4.87,9370,9580,1400-3-8,2021-05-29
88,ونيكي,سرمايه‌گذاري‌ ملي‌ايران‌,1785,12254068,103400486180,8250,8250,8610,360,4.36,8440,190,2.3,8250,8630,1400-3-8,2021-05-29
89,وساپا,سرمايه‌گذاري‌ سايپا,1736,29924564,131554099464,4200,4200,4410,210,5,4396,196,4.67,4200,4410,1400-3-8,2021-05-29
90,آوا,صندوق س.سهام آواي معيار-س,1725,14126145,90676787935,6207,6200,6550,343,5.53,6419,212,3.42,6200,6550,1400-3-8,2021-05-29
91,تاصيكو,سرمايه گذاري صدرتامين,1665,27141388,263146527860,9440,9480,9910,470,4.98,9700,260,2.75,9420,9910,1400-3-8,2021-05-29
92,ختراك,ريخته‌گري‌ تراكتورسازي‌ ايران‌,1656,11833884,154926004640,14510,13060,13060,-1450,-9.99,13090,-1420,-9.79,13060,13300,1400-3-8,2021-05-29
93,نوين,بيمه نوين,1637,23251813,127383660516,5754,5467,5467,-287,-4.99,5478,-276,-4.8,5467,5590,1400-3-8,2021-05-29
94,كفرا,فراورده‌ هاي‌ نسوزايران‌,1631,3865041,82867486880,21150,22200,20790,-360,-1.7,21440,290,1.37,20510,22200,1400-3-8,2021-05-29
95,رمپنا,گروه مپنا (سهامي عام),1605,20332225,265299611160,12490,12660,13110,620,4.96,13050,560,4.48,12510,13110,1400-3-8,2021-05-29
96,شبندر,پالايش نفت بندرعباس,1597,15301457,322221336740,20080,20450,21080,1000,4.98,21060,980,4.88,20370,21080,1400-3-8,2021-05-29
97,ذوب,سهامي ذوب آهن  اصفهان,1550,59287856,184966201553,2974,3020,3122,148,4.98,3120,146,4.91,3020,3122,1400-3-8,2021-05-29
98,گكوثر,هتل پارسيان كوثر اصفهان,1513,24396681,47141769567,1922,1855,1980,58,3.02,1932,10,0.52,1831,1990,1400-3-8,2021-05-29
99,كاوه,فولاد كاوه جنوب كيش,1501,18367716,336444784840,17470,17880,18340,870,4.98,18320,850,4.87,17620,18340,1400-3-8,2021-05-29
100,ساراب,سيمان‌ داراب‌,1487,4160019,81530910480,19950,20380,19090,-860,-4.31,19600,-350,-1.75,18960,20510,1400-3-8,2021-05-29
101,دتماد,توليدمواداوليه‌داروپخش‌,1476,5028060,197990266810,41180,39130,40290,-890,-2.16,39380,-1800,-4.37,39130,40690,1400-3-8,2021-05-29
102,دزهراوي,داروسازي‌زهراوي‌,1467,11251828,72296577400,6140,6350,6440,300,4.89,6430,290,4.72,6210,6440,1400-3-8,2021-05-29
103,تملت,تامين سرمايه بانك ملت,1452,7778613,34242002381,4220,4230,4431,211,5,4402,182,4.31,4230,4431,1400-3-8,2021-05-29
104,شكلر,نيروكلر,1445,3239217,126495553660,41080,39030,39030,-2050,-4.99,39050,-2030,-4.94,39030,40470,1400-3-8,2021-05-29
105,طلا,صندوق س.پشتوانه طلاي لوتوس,1443,2045758,158382744608,75266,77000,77990,2724,3.62,77420,2154,2.86,76160,78150,1400-3-8,2021-05-29
106,كگلح,ح . معدني و صنعتي گل گهر,1427,6458519,74086964400,10780,10800,11580,800,7.42,11470,690,6.4,10430,11600,1400-3-8,2021-05-29
107,ولبهمن,شركت بهمن ليزينگ,1422,18175760,120293627827,6962,6614,6614,-348,-5,6618,-344,-4.94,6614,6739,1400-3-8,2021-05-29
108,ميدكو,هلدينگ صنايع  معدني خاورميانه,1405,5546178,223028890413,40207,40207,40216,9,0.02,40213,6,0.01,40206,40400,1400-3-8,2021-05-29
109,شلرد,كود شيميايي اوره لردگان,1375,20885395,119910613393,5579,5565,5746,167,2.99,5741,162,2.9,5560,5746,1400-3-8,2021-05-29
110,تنوين,تامين سرمايه نوين,1355,24462378,187763735300,7400,7430,7740,340,4.59,7680,280,3.78,7410,7750,1400-3-8,2021-05-29
111,ولساپا,ليزينگ رايان‌ سايپا,1305,18117885,51040237135,2739,2739,2812,73,2.67,2817,78,2.85,2717,2875,1400-3-8,2021-05-29
112,كارين2,صندوق س نگين سامان-ثابت,1300,130000000,130000000,10029,1,1,-10028,-99.99,1,-10028,-99.99,1,1,1400-3-8,2021-05-29
113,بترانس,ايران‌ ترانسفو,1289,23730748,53204411320,2147,2188,2254,107,4.98,2242,95,4.42,2170,2254,1400-3-8,2021-05-29
114,زاگرس,پتروشيمي زاگرس,1277,642390,136432203714,205610,206800,214350,8740,4.25,212382,6772,3.29,201000,214985,1400-3-8,2021-05-29
115,ومعادن,توسعه‌معادن‌وفلزات‌,1273,20384802,162172957200,7620,7570,8000,380,4.99,7960,340,4.46,7570,8000,1400-3-8,2021-05-29
116,ومهان,گروه توسعه مالي مهر آيندگان,1258,13105140,160803175344,11791,11820,12380,589,5,12270,479,4.06,11820,12380,1400-3-8,2021-05-29
117,فمراد,آلومراد,1251,603580,48984941060,77980,80000,81000,3020,3.87,81160,3180,4.08,78660,81870,1400-3-8,2021-05-29
118,دسينا,داروسازي‌ سينا,1235,3174783,62013952810,20020,19020,19980,-40,-0.2,19530,-490,-2.45,19020,20100,1400-3-8,2021-05-29
119,دفارا,داروسازي‌ فارابي‌,1223,3102501,176724198590,59930,56940,56940,-2990,-4.99,56960,-2970,-4.96,56940,57990,1400-3-8,2021-05-29
120,تمحركه,ماشين سازي نيرو محركه,1222,6471829,116682398214,18066,17525,17525,-541,-2.99,18029,-37,-0.2,17525,18607,1400-3-8,2021-05-29
121,تاپيكو,س. نفت و گاز و پتروشيمي تأمين,1213,27923216,285285296990,9740,9740,10220,480,4.93,10220,480,4.93,9740,10220,1400-3-8,2021-05-29
122,شبريز,پالايش نفت تبريز,1194,10626195,258494290510,23190,23130,24340,1150,4.96,24330,1140,4.92,23130,24340,1400-3-8,2021-05-29
123,فباهنر,مس‌ شهيدباهنر,1188,5654225,121544827750,20500,21510,21520,1020,4.98,21500,1000,4.88,21270,21520,1400-3-8,2021-05-29
124,شپديس,پتروشيمي پرديس,1186,3808183,371545303260,93130,95500,97780,4650,4.99,97560,4430,4.76,93760,97780,1400-3-8,2021-05-29
125,غپينو,پارس‌ مينو,1183,13526851,79941248830,5700,5800,5980,280,4.91,5910,210,3.68,5710,5980,1400-3-8,2021-05-29
126,وبانك,سرمايه گذاري گروه توسعه ملي,1177,16914287,120364733320,6800,6710,7140,340,5,7120,320,4.71,6710,7140,1400-3-8,2021-05-29
127,فولاژ,فولاد آلياژي ايران,1168,6390965,89315421190,13930,13500,14200,270,1.94,13980,50,0.36,13430,14400,1400-3-8,2021-05-29
128,غمارگ,مارگارين‌,1157,3264273,60281497780,18350,18550,18550,200,1.09,18470,120,0.65,18000,19150,1400-3-8,2021-05-29
129,شپاس,نفت پاسارگاد,1143,3683710,71796040578,20464,19441,19441,-1023,-5,19490,-974,-4.76,19441,20407,1400-3-8,2021-05-29
130,تسه0001,امتيازتسهيلات مسكن فروردين1400,1139,14737,8114376498,543304,520000,555025,11721,2.16,550612,7308,1.35,520000,570000,1400-3-8,2021-05-29
131,وغدير,سرمايه‌گذاري‌غدير(هلدينگ‌,1124,23807862,236132495320,9460,9500,9930,470,4.97,9920,460,4.86,9500,9930,1400-3-8,2021-05-29
132,سشرق,سيمان‌ شرق‌,1119,11365856,62987607190,5350,5420,5610,260,4.86,5540,190,3.55,5380,5610,1400-3-8,2021-05-29
133,شبهرن,نفت‌ بهران‌,1107,4884580,51458836170,10230,10470,10720,490,4.79,10530,300,2.93,9720,10740,1400-3-8,2021-05-29
134,پاكشو,گروه صنعتي پاكشو,1105,6527477,38257724170,5980,5990,5850,-130,-2.17,5940,-40,-0.67,5770,5990,1400-3-8,2021-05-29
135,درهآور,دارويي ره آورد تامين,1102,1514873,39801860552,25962,25963,26400,438,1.69,26274,312,1.2,25810,26945,1400-3-8,2021-05-29
136,ضسپا3004,اختيارخ خساپا-2500-1400/03/26,1082,57338,90085000,4,6,2,-2,-50,2,-2,-50,1,6,1400-3-8,2021-05-29
137,شغدير,پتروشيمي غدير,1077,1848002,127825155030,66390,66970,69700,3310,4.99,69170,2780,4.19,66390,69700,1400-3-8,2021-05-29
138,آساميد,صندوق س.مشترك آسمان اميد -د,1060,50502702,610472507588,12076,12087,12088,12,0.1,12088,12,0.1,12087,12092,1400-3-8,2021-05-29
139,پسهند,صنايع‌ لاستيكي‌  سهند,1055,2717156,99996028080,37980,36090,36100,-1880,-4.95,36800,-1180,-3.11,36090,38500,1400-3-8,2021-05-29
140,وپست,پست بانك ايران,1054,8379170,180783608500,20580,21600,21600,1020,4.96,21580,1000,4.86,21020,21600,1400-3-8,2021-05-29
141,ساروم,سيمان‌اروميه‌,1047,2972423,78662889060,25650,26670,26930,1280,4.99,26460,810,3.16,25660,26930,1400-3-8,2021-05-29
142,وتوصا,گروه س توسعه صنعتي ايران,1026,8754083,72137758590,7870,8200,8260,390,4.96,8240,370,4.7,7940,8260,1400-3-8,2021-05-29
143,لسرما,سرما آفرين‌,1020,2725289,54456145790,20980,19940,19940,-1040,-4.96,19980,-1000,-4.77,19940,20500,1400-3-8,2021-05-29
144,كي بي سي,شركت كي بي سي,993,5549352,136537719551,25875,24582,24582,-1293,-5,24604,-1271,-4.91,24582,25230,1400-3-8,2021-05-29
145,وثوق,سرمايه گذاري وثوق امين,991,2729064,39229452788,15003,14253,14400,-603,-4.02,14375,-628,-4.19,14253,14967,1400-3-8,2021-05-29
146,ارفع,شركت آهن و فولاد ارفع,986,4907574,64337581422,12640,12540,13240,600,4.75,13110,470,3.72,12540,13258,1400-3-8,2021-05-29
147,تايرا,تراكتورسازي‌ايران‌,981,4057673,93940099810,22960,22970,23400,440,1.92,23150,190,0.83,22430,23830,1400-3-8,2021-05-29
148,كگل,معدني و صنعتي گل گهر,981,11468383,160974176530,13390,13670,14050,660,4.93,14040,650,4.85,13410,14050,1400-3-8,2021-05-29
149,سبجنو,سيمان‌ بجنورد,968,2266516,76080491170,35090,34110,33340,-1750,-4.99,33570,-1520,-4.33,33340,35400,1400-3-8,2021-05-29
150,شاراك,پتروشيمي شازند,942,8466102,222998147860,25110,25600,26360,1250,4.98,26340,1230,4.9,25600,26360,1400-3-8,2021-05-29
151,شيران,س. صنايع‌شيميايي‌ايران,929,4395320,88464391170,19210,19700,20170,960,5,20130,920,4.79,19400,20170,1400-3-8,2021-05-29
152,ورنا,سرمايه‌گذاري‌ رنا(هلدينگ‌,902,7447435,32175419257,4183,4200,4384,201,4.81,4320,137,3.28,4200,4384,1400-3-8,2021-05-29
153,واميد,گروه مديريت سرمايه گذاري اميد,896,10243596,104988935460,10830,9790,10260,-570,-5.26,10290,-540,-4.99,9790,10270,1400-3-8,2021-05-29
154,پارند,صندوق س. پارند پايدار سپهر,891,23379453,264194952607,11291,11300,11300,9,0.08,11300,9,0.08,11300,11304,1400-3-8,2021-05-29
155,حخزر,كشتيراني درياي خزر,883,3695428,83480025831,23541,22364,23180,-361,-1.53,22590,-951,-4.04,22364,23540,1400-3-8,2021-05-29
156,بپاس,بيمه پاسارگاد,873,1013797,98370403303,95372,97000,97800,2428,2.55,96977,1605,1.68,96500,97800,1400-3-8,2021-05-29
157,وبرق,س.کارکنان صنعت برق زنجان وقزوي,870,2673080,105027085934,39932,38735,38735,-1197,-3,39291,-641,-1.61,38735,41129,1400-3-8,2021-05-29
158,وسلرستا,شركت س استان لرستان,865,48246024,29165505006,635,604,605,-30,-4.72,605,-30,-4.72,604,633,1400-3-8,2021-05-29
159,كمنگنز,معادن‌منگنزايران‌,860,1153127,82133608600,74930,71190,71190,-3740,-4.99,71230,-3700,-4.94,71190,72900,1400-3-8,2021-05-29
160,ثمسكن,سرمايه‌گذاري‌ مسكن‌,855,11907320,48546551464,3896,3810,4090,194,4.98,4077,181,4.65,3810,4090,1400-3-8,2021-05-29
161,ارزش,صندوق س ارزش آفرين بيدار-سهام,853,5134721,43696509060,8130,8200,8700,570,7.01,8510,380,4.67,8200,8790,1400-3-8,2021-05-29
162,وسبحان,سرمايه گذاري سبحان,847,21310056,51069129382,2297,2301,2411,114,4.96,2396,99,4.31,2301,2411,1400-3-8,2021-05-29
163,اخابر,مخابرات ايران,841,21831288,166421769780,7270,7230,7630,360,4.95,7620,350,4.81,7230,7630,1400-3-8,2021-05-29
164,مدير,ص.س.مديريت ثروت ص.بازنشستگي-س,840,4718321,36465938532,7384,7353,7948,564,7.64,7729,345,4.67,7353,7999,1400-3-8,2021-05-29
165,دابور,داروسازي‌ ابوريحان‌,829,1325944,35550525100,26960,27900,27000,40,0.15,26810,-150,-0.56,26000,27900,1400-3-8,2021-05-29
166,سهگمت,سيمان‌هگمتان‌,819,3476793,67005004760,18650,18660,19300,650,3.49,19270,620,3.32,18660,19570,1400-3-8,2021-05-29
167,كنور,توسعه معدني و صنعتي صبانور,814,1681101,86701806660,49160,50500,51610,2450,4.98,51570,2410,4.9,49500,51610,1400-3-8,2021-05-29
168,وملل,اعتباري ملل,813,19658098,249716233355,12604,12652,12649,45,0.36,12703,99,0.79,12645,12849,1400-3-8,2021-05-29
169,افق,فروشگاههاي زنجيره اي افق كوروش,813,1026812,68786478280,65550,65010,67040,1490,2.27,66780,1230,1.88,65010,68000,1400-3-8,2021-05-29
170,امين يكم2,صندوق درآمد ثابت امين يكم فردا,800,80000000,80000000,10037,1,1,-10036,-99.99,1,-10036,-99.99,1,1,1400-3-8,2021-05-29
171,درازك,دارويي‌ رازك‌,795,2048951,52304103680,24680,24550,25910,1230,4.98,25530,850,3.44,24100,25910,1400-3-8,2021-05-29
172,سفانو,سيمان فارس نو,774,1313427,35900639810,28330,26920,26930,-1400,-4.94,27330,-1000,-3.53,26920,29490,1400-3-8,2021-05-29
173,خصدرا,صنعتي‌ دريايي‌ ايران‌,771,24284020,52068749550,2083,2141,2145,62,2.98,2144,61,2.93,2101,2145,1400-3-8,2021-05-29
174,والبر,سرمايه‌ گذاري‌ البرز(هلدينگ‌,768,3998274,51284596200,12260,12700,12870,610,4.98,12830,570,4.65,12400,12870,1400-3-8,2021-05-29
175,ونوين,بانك‌اقتصادنوين‌,766,12600427,51831758150,3931,3990,4127,196,4.99,4113,182,4.63,3990,4127,1400-3-8,2021-05-29
176,سمازن,سيمان‌مازندران‌,766,3799847,42736741630,11070,11200,11220,150,1.36,11250,180,1.63,11080,11460,1400-3-8,2021-05-29
177,وخارزمح,ح.سرمايه گذاري خوارزمي,765,6190623,16832559457,2477,2724,2724,247,9.97,2719,242,9.77,2551,2724,1400-3-8,2021-05-29
178,هرمز,فولاد هرمزگان جنوب,765,8371656,133681076988,15248,15620,16010,762,5,15968,720,4.72,15600,16010,1400-3-8,2021-05-29
179,تسه9912,امتياز تسهيلات مسكن اسفند99,750,12843,7059889542,546927,541000,550000,3073,0.56,549707,2780,0.51,520000,570000,1400-3-8,2021-05-29
180,كاردان,صندوق س تجارت شاخصي كاردان,743,381664,54547751360,135860,135520,146000,10140,7.46,142920,7060,5.2,135520,146540,1400-3-8,2021-05-29
181,واتي,سرمايه‌ گذاري‌ آتيه‌ دماوند,742,14363618,129413937210,8610,8630,9040,430,4.99,9010,400,4.65,8630,9040,1400-3-8,2021-05-29
182,وصندوق,سرمايه‌گذاري‌صندوق‌بازنشستگي‌,734,16192115,210781607040,12600,12510,13150,550,4.37,13020,420,3.33,12510,13230,1400-3-8,2021-05-29
183,دروز,داروسازي‌ روزدارو,731,2237253,66048236770,29200,27740,30660,1460,5,29520,320,1.1,27740,30660,1400-3-8,2021-05-29
184,خريخت,صنايع‌ريخته‌گري‌ايران‌,720,15340586,35400774962,2202,2200,2312,110,5,2308,106,4.81,2200,2312,1400-3-8,2021-05-29
185,سپ,پرداخت الكترونيك سامان كيش,719,1505529,34644879900,23610,22710,22690,-920,-3.9,23160,-450,-1.91,22430,24050,1400-3-8,2021-05-29
186,سپيدما,صندوق س. سپيد دماوند-د,717,36472232,379531640742,10395,10409,10407,12,0.12,10406,11,0.11,10405,10410,1400-3-8,2021-05-29
187,وشهر,بانك شهر,710,6684848,34563418722,5028,5000,5219,191,3.8,5170,142,2.82,5000,5229,1400-3-8,2021-05-29
188,شسپا,نفت سپاهان,704,2789477,41301752770,14170,14430,14870,700,4.94,14640,470,3.32,14180,14870,1400-3-8,2021-05-29
189,ونفت,سرمايه‌گذاري‌ صنعت‌ نفت‌,689,2768088,38188369920,13480,13610,13860,380,2.82,13800,320,2.37,13490,14100,1400-3-8,2021-05-29
190,نمرينو,ايران‌ مرينوس‌,682,564293,49664964410,87010,91360,82660,-4350,-5,88010,1000,1.15,82660,91360,1400-3-8,2021-05-29
191,سپاها,سيمان‌سپاهان‌,678,3841017,27656394730,6970,7220,7200,230,3.3,7200,230,3.3,7050,7310,1400-3-8,2021-05-29
192,وتوكا,سرمايه‌گذاري‌توكافولاد(هلدينگ,677,12557904,109337894230,8300,8620,8710,410,4.94,8710,410,4.94,8500,8710,1400-3-8,2021-05-29
193,وتوسم,سرمايه‌گذاري‌توسعه‌ملي‌,668,3707744,27030961390,7100,7250,7400,300,4.23,7290,190,2.68,7100,7400,1400-3-8,2021-05-29
194,واعتبار,سرمايه گذاري اعتبار ايران,666,3169477,25140685920,8060,8060,7850,-210,-2.61,7930,-130,-1.61,7690,8390,1400-3-8,2021-05-29
195,سقاين,سيمان‌ قائن‌,659,336113,18231085680,52260,54860,54340,2080,3.98,54240,1980,3.79,52260,54860,1400-3-8,2021-05-29
196,فايرا,آلومينيوم‌ايران‌,655,3810341,66618725050,16750,16970,17580,830,4.96,17480,730,4.36,16750,17580,1400-3-8,2021-05-29
197,پارسان,گسترش نفت و گاز پارسيان,650,13869246,248876743680,17130,17400,17980,850,4.96,17940,810,4.73,17240,17980,1400-3-8,2021-05-29
198,ثشاهد,سرمايه‌ گذاري‌ شاهد,647,4937841,78363536670,16700,15870,15870,-830,-4.97,15870,-830,-4.97,15870,15870,1400-3-8,2021-05-29
199,فسپا,گروه‌صنعتي‌سپاهان‌,642,1461419,52065270120,34050,33920,35750,1700,4.99,35630,1580,4.64,33920,35750,1400-3-8,2021-05-29
200,سصوفي,سيمان‌ صوفيان‌,634,3969899,48843082920,11730,12300,12310,580,4.94,12300,570,4.86,12000,12310,1400-3-8,2021-05-29
201,سرچشمه,سرمايه گذاري مس سرچشمه,628,4507074,30330381710,6431,6490,6752,321,4.99,6730,299,4.65,6334,6752,1400-3-8,2021-05-29
202,همراه,شركت ارتباطات سيار ايران,626,1296338,25458609340,19180,18410,19750,570,2.97,19290,110,0.57,18410,19950,1400-3-8,2021-05-29
203,فوكا,فولاد كاويان,614,5549704,63043394090,11047,11040,11378,331,3,11360,313,2.83,11040,11378,1400-3-8,2021-05-29
204,رانفور,خدمات‌انفورماتيك‌,611,3562128,21616659080,5940,5890,6050,110,1.85,5980,40,0.67,5890,6150,1400-3-8,2021-05-29
205,آسيا,بيمه آسيا,605,19053241,33381338391,1674,1670,1757,83,4.96,1752,78,4.66,1670,1757,1400-3-8,2021-05-29
206,شخارك,پتروشيمي‌ خارك‌,603,798659,33665085290,41580,42140,41870,290,0.7,41770,190,0.46,41590,42610,1400-3-8,2021-05-29
207,عيار,صندوق سكه طلاي مفيد,599,1026552,28627805525,26697,27350,27550,853,3.2,27887,1190,4.46,27349,28200,1400-3-8,2021-05-29
208,آكورد,صندوق س. آرمان آتي كوثر-د,595,7233454,233749950174,32267,32315,32317,50,0.15,32315,48,0.15,32315,32320,1400-3-8,2021-05-29
209,سخزر,سيمان‌ خزر,587,2169585,41236341890,18430,18430,19170,740,4.02,19010,580,3.15,18430,19350,1400-3-8,2021-05-29
210,معيار ,سرمايه گذاري معيار صنعت پارس,586,802934,41774391746,53303,53800,51704,-1599,-3,52027,-1276,-2.39,51704,54153,1400-3-8,2021-05-29
211,فسازان,غلتك سازان سپاهان,564,2466891,71234625970,27570,27160,28940,1370,4.97,28880,1310,4.75,27160,28940,1400-3-8,2021-05-29
212,فخاس,فولاد خراسان,557,1438604,33770738830,23560,22390,23400,-160,-0.68,23530,-30,-0.13,22390,24100,1400-3-8,2021-05-29
213,شرانل,نفت ايرانول,551,1296320,53894253376,39978,40560,41976,1998,5,41575,1597,3.99,39501,41976,1400-3-8,2021-05-29
214,شفارا,پتروشيمي فارابي,542,4524016,14199878644,3176,3103,3130,-46,-1.45,3139,-37,-1.16,3081,3239,1400-3-8,2021-05-29
215,تسه9911,امتياز تسهيلات مسكن بهمن99,537,9070,4974586010,545233,531050,554000,8767,1.61,548466,3233,0.59,531050,572494,1400-3-8,2021-05-29
216,شفن,پتروشيمي فناوران,537,142624,41439857990,278870,284000,291000,12130,4.35,283520,4650,1.67,284000,291780,1400-3-8,2021-05-29
217,ياقوت,صندوق س ياقوت آگاه-ثابت,535,2834368,35095156441,12374,12390,12381,7,0.06,12382,8,0.06,12381,12399,1400-3-8,2021-05-29
218,ضخود7075,اختيارخ خودرو-2000-1400/07/07,526,19555,3293231000,128,130,190,62,48.44,168,40,31.25,130,190,1400-3-8,2021-05-29
219,فنوال,نورد آلومينيوم‌,520,2190795,56423918660,24550,24830,25770,1220,4.97,25750,1200,4.89,24810,25770,1400-3-8,2021-05-29
220,ساينا,صنايع بهداشتي ساينا,520,259565,37085509879,145951,138654,148990,3039,2.08,142876,-3075,-2.11,138654,153248,1400-3-8,2021-05-29
221,ولملت,واسپاري ملت,517,3254431,15540725939,4700,4900,4710,10,0.21,4775,75,1.6,4601,4930,1400-3-8,2021-05-29
222,كگهر,سنگ آهن گهرزمين,513,600635,24123131721,40791,38752,40588,-203,-0.5,40663,-128,-0.31,38752,40780,1400-3-8,2021-05-29
223,سكه0012پ01,تمام سكه طرح جديد0012رفاه,510,155600,167451532000,1041794,1065100,1083801,42007,4.03,1076167,34373,3.3,1065100,1084000,1400-3-8,2021-05-29
224,پرداخت,به پرداخت ملت,510,1262297,25881811240,20270,20300,20760,490,2.42,20500,230,1.13,20050,21190,1400-3-8,2021-05-29
225,وسخوز,شركت س استان خوزستان,506,29205628,25467307616,917,872,872,-45,-4.91,904,-13,-1.42,872,872,1400-3-8,2021-05-29
226,پكرمان,گروه‌ صنعتي‌ بارز,500,4836494,113031189480,22370,22880,23480,1110,4.96,23370,1000,4.47,22760,23480,1400-3-8,2021-05-29
227,ضخود7074,اختيارخ خودرو-1800-1400/07/07,499,17766,4400347000,190,170,283,93,48.95,248,58,30.53,170,285,1400-3-8,2021-05-29
228,وسكاب,س.ص.بازنشستگي كاركنان بانكها,492,7027899,33601888954,4560,4650,4788,228,5,4781,221,4.85,4650,4788,1400-3-8,2021-05-29
229,وسينا,بانك سينا,491,35771348,83734344599,2233,2241,2344,111,4.97,2341,108,4.84,2241,2344,1400-3-8,2021-05-29
230,فنورد,نوردوقطعات‌ فولادي‌,489,524066,80389314450,146220,152000,153530,7310,5,153400,7180,4.91,148000,153530,1400-3-8,2021-05-29
231,پارتا,مجتمع‌صنعتي‌آرتاويل‌تاير,488,672025,22334793142,33407,34409,33400,-7,-0.02,33276,-131,-0.39,32405,34409,1400-3-8,2021-05-29
232,فاسمين,كالسيمين‌,487,6226342,88069800480,13520,13700,14190,670,4.96,14140,620,4.59,13700,14190,1400-3-8,2021-05-29
233,ضخود7077,اختيارخ خودرو-3000-1400/07/07,486,29085,1297739000,28,34,47,19,67.86,45,17,60.71,34,54,1400-3-8,2021-05-29
234,زگلدشتح,ح.كشت و دام گلدشت نمونه اصفهان,485,2096079,12064713266,5660,5555,5849,189,3.34,5756,96,1.7,5553,5900,1400-3-8,2021-05-29
235,تسه9908,امتياز تسهيلات مسكن آبان99,476,9984,5453041970,543860,530050,516667,-27193,-5,546178,2318,0.43,516667,569950,1400-3-8,2021-05-29
236,واميدح,ح.گروه مديريت سرمايه گذار اميد,469,7380202,59771687060,7290,8170,8150,860,11.8,8100,810,11.11,8010,8260,1400-3-8,2021-05-29
237,دسبحا,گروه دارويي سبحان,464,3787799,63719851580,17690,16810,16810,-880,-4.97,16820,-870,-4.92,16810,17500,1400-3-8,2021-05-29
238,غبشهر,صنعتي‌ بهشهر,456,1083285,21873425540,19380,19680,20200,820,4.23,20110,730,3.77,19400,20340,1400-3-8,2021-05-29
239,چكاپا,گروه صنايع كاغذ پارس,455,4772991,22581020421,4980,4731,4731,-249,-5,4731,-249,-5,4731,4731,1400-3-8,2021-05-29
240,فيروزه,صندوق شاخص30 شركت فيروزه- سهام,451,249529,31509816190,121320,122990,129000,7680,6.33,126280,4960,4.09,122990,129000,1400-3-8,2021-05-29
241,دكپسول,توليد ژلاتين كپسول ايران,448,618325,16348569337,26382,26000,26730,348,1.32,26440,58,0.22,25600,27100,1400-3-8,2021-05-29
242,گوهر,صندوق سكه طلاي كيان,443,366051,19883048950,52363,53200,53998,1635,3.12,54318,1955,3.73,53200,55099,1400-3-8,2021-05-29
243,وثنو,سرمايه گذاري ساختماني نوين,438,2727580,11161673043,4055,4065,4087,32,0.79,4092,37,0.91,4002,4147,1400-3-8,2021-05-29
244,سفارس,سيمان فارس و خوزستان,437,2715669,43183982920,15210,15420,15970,760,5,15900,690,4.54,15420,15970,1400-3-8,2021-05-29
245,ضسپا3002,اختيارخ خساپا-1800-1400/03/26,433,24969,1212497000,32,30,50,18,56.25,49,17,53.13,30,70,1400-3-8,2021-05-29
246,بموتو,موتوژن‌,433,2114290,102947248280,46510,48490,48830,2320,4.99,48690,2180,4.69,47000,48830,1400-3-8,2021-05-29
247,خاتم,صندوق س خاتم ايساتيس پويا-ثابت,429,17654062,197063133848,11159,11160,11162,3,0.03,11162,3,0.03,11159,11167,1400-3-8,2021-05-29
248,جم پيلن,پلي پروپيلن جم - جم پيلن,426,717988,48859965000,65090,66700,68340,3250,4.99,67750,2660,4.09,66700,68340,1400-3-8,2021-05-29
249,حسينا,توسعه خدمات دريايي وبندري سينا,425,652550,37463508052,54947,56980,57694,2747,5,57411,2464,4.48,55250,57694,1400-3-8,2021-05-29
250,دعبيد,لابراتوارداروسازي‌  دكترعبيدي‌,425,671423,16110351630,24330,23700,23950,-380,-1.56,24200,-130,-0.53,23700,24320,1400-3-8,2021-05-29
251,پارس,پتروشيمي پارس,418,449808,66586116920,144540,141650,148000,3460,2.39,146810,2270,1.57,141650,149500,1400-3-8,2021-05-29
252,حفاري,حفاري شمال,418,6285191,35211631380,5350,5570,5610,260,4.86,5600,250,4.67,5500,5610,1400-3-8,2021-05-29
253,وملي,گروه‌ صنعتي‌ ملي‌ (هلدينگ‌,417,204023,29873047660,154120,146420,146420,-7700,-5,146420,-7700,-5,146420,146420,1400-3-8,2021-05-29
254,كروي,توسعه‌ معادن‌ روي‌ ايران‌,414,4139580,87022782440,20030,21020,21030,1000,4.99,21020,990,4.94,20200,21030,1400-3-8,2021-05-29
255,وخاور,بانك خاورميانه,414,4958399,41690765190,8300,8440,8410,110,1.33,8390,90,1.08,8270,8490,1400-3-8,2021-05-29
256,شاوان,پالايش نفت لاوان,413,1224032,88939005131,69539,69799,73015,3476,5,72661,3122,4.49,68023,73015,1400-3-8,2021-05-29
257,كزغال,زغال سنگ پروده طبس,409,1437678,43229539782,27517,30069,30069,2552,9.27,30069,2552,9.27,30069,30069,1400-3-8,2021-05-29
258,اطلس,صندوق س.توسعه اندوخته آينده-س,407,541011,107487540015,191873,194001,200042,8169,4.26,198679,6806,3.55,194000,200500,1400-3-8,2021-05-29
259,تسه9907,امتياز تسهيلات مسكن مهر99,402,16247,8702307541,544761,530000,520010,-24751,-4.54,535625,-9136,-1.68,517523,571999,1400-3-8,2021-05-29
260,غگل,گلوكوزان‌,397,5919913,15178656932,2442,2564,2564,122,5,2560,118,4.83,2564,2564,1400-3-8,2021-05-29
261,وتوس,توسعه‌شهري‌توس‌گستر,396,1987031,27587271850,13850,13850,13860,10,0.07,13880,30,0.22,13810,14100,1400-3-8,2021-05-29
262,كاريس,صندوق س.سپهر كاريزما-س,396,2862866,29940430239,10129,10120,10699,570,5.63,10458,329,3.25,10120,10700,1400-3-8,2021-05-29
263,وبهمن,سرمايه‌گذاري‌بهمن‌,395,745951,9034080000,11850,11550,12430,580,4.89,12000,150,1.27,11260,12440,1400-3-8,2021-05-29
264,وكار,بانك‌ كارآفرين‌,393,4387010,12237931854,2738,2769,2803,65,2.37,2752,14,0.51,2672,2850,1400-3-8,2021-05-29
265,سشمال,سيمان‌ شمال‌,387,1997856,16874036820,8060,8300,8460,400,4.96,8450,390,4.84,8120,8460,1400-3-8,2021-05-29
266,تصميم,صندوق س با درآمد ثابت تصميم,383,1862453,30582961085,16413,16421,16422,9,0.05,16421,8,0.05,16420,16426,1400-3-8,2021-05-29
267,وصنعت,سرمايه گذاري توسعه صنعت وتجارت,382,4905959,27541599380,5360,5550,5620,260,4.85,5610,250,4.66,5460,5620,1400-3-8,2021-05-29
268,گوهران,سرمايه گذاري توسعه گوهران اميد,381,1384853,9740343378,6949,6780,7070,121,1.74,7003,54,0.78,6780,7099,1400-3-8,2021-05-29
269,خراسان,پتروشيمي خراسان,381,1391617,91164276980,62480,63490,65600,3120,4.99,65510,3030,4.85,62090,65600,1400-3-8,2021-05-29
270,رتاپ,تجارت الكترونيك  پارسيان,378,1078218,6097690560,5490,5690,5660,170,3.1,5560,70,1.28,5520,5740,1400-3-8,2021-05-29
271,وخارزم,سرمايه گذاري خوارزمي,377,16085733,61318814196,3631,3812,3812,181,4.98,3812,181,4.98,3812,3812,1400-3-8,2021-05-29
272,جم,پتروشيمي جم,375,1842641,65098667280,33810,33810,35500,1690,5,34760,950,2.81,33810,35500,1400-3-8,2021-05-29
273,غگلپا,شير پاستوريزه پگاه گلپايگان,373,509041,26119287601,53532,50856,50856,-2676,-5,51311,-2221,-4.15,50856,54710,1400-3-8,2021-05-29
274,دپارس,پارس‌ دارو,373,341496,12946591980,36930,38100,37950,1020,2.76,37760,830,2.25,37500,38400,1400-3-8,2021-05-29
275,شپاكسا,پاكسان‌,372,1219592,24540529750,19210,19210,20170,960,5,20120,910,4.74,19210,20170,1400-3-8,2021-05-29
276,واحيا,م .صنايع و معادن احياء سپاهان,370,450151,66141670194,143012,140003,147302,4290,3,146932,3920,2.74,140003,147302,1400-3-8,2021-05-29
277,سامان,بانك سامان,361,4762660,43758552165,8969,8820,9238,269,3,9188,219,2.44,8820,9238,1400-3-8,2021-05-29
278,تسه9909,امتياز تسهيلات مسكن آذر99,355,5706,3140778706,547365,530050,520001,-27364,-5,550434,3069,0.56,519997,574733,1400-3-8,2021-05-29
279,البرز,بيمه البرز,353,10136634,37477032759,3527,3650,3703,176,4.99,3697,170,4.82,3600,3703,1400-3-8,2021-05-29
280,شپترو,پتروشيمي آبادان,349,10146280,42473522895,4066,4187,4187,121,2.98,4186,120,2.95,4128,4187,1400-3-8,2021-05-29
281,تسه9910,امتياز تسهيلات مسكن دي99,347,4882,2708107956,547190,530015,548230,1040,0.19,554713,7523,1.37,520000,574549,1400-3-8,2021-05-29
282,مداران,داده‌پردازي‌ايران‌,346,888669,16439211890,18490,18660,18040,-450,-2.43,18500,10,0.05,17750,19410,1400-3-8,2021-05-29
283,شبصير,توليدات پتروشيمي قائد بصير,345,471007,36994460167,75173,76484,78931,3758,5,78543,3370,4.48,76484,78931,1400-3-8,2021-05-29
284,زر,صندوق س.پشتوانه سكه طلاي زر,345,184521,8848214975,46254,47200,47905,1651,3.57,47952,1698,3.67,47200,48290,1400-3-8,2021-05-29
285,وبشهر,توسعه‌ صنايع‌ بهشهر(هلدينگ,337,1886193,18233785050,9230,9690,9690,460,4.98,9480,250,2.71,9370,9690,1400-3-8,2021-05-29
286,قيستو,شركت قند بيستون,333,1548469,25156360122,16197,15550,16450,253,1.56,16246,49,0.3,15550,16844,1400-3-8,2021-05-29
287,وبوعلي,سرمايه‌گذاري‌بوعلي‌,327,5918734,22354860030,3598,3777,3777,179,4.97,3777,179,4.97,3772,3777,1400-3-8,2021-05-29
288,وسپه,سرمايه‌گذاري‌ سپه‌,322,5116928,32575902690,6070,6250,6370,300,4.94,6370,300,4.94,6200,6370,1400-3-8,2021-05-29
289,غشان,شيرپاستوريزه‌پگاه‌خراسان‌,320,2559859,14716077770,7140,5950,5660,-1480,-20.73,5750,-1390,-19.47,5660,5950,1400-3-8,2021-05-29
290,شرنگي,شيميايي رنگين,318,115993,30851419555,266329,259200,266318,-11,0,265977,-352,-0.13,259200,270338,1400-3-8,2021-05-29
291,شاملا,معدني‌ املاح‌  ايران‌,315,565604,20061558710,37160,35310,35980,-1180,-3.18,35470,-1690,-4.55,35310,36640,1400-3-8,2021-05-29
292,فزرين,زرين معدن آسيا,312,1528389,30112320078,20738,19702,19702,-1036,-5,19702,-1036,-5,19702,19702,1400-3-8,2021-05-29
293,آساس,صندوق س.آسمان آرماني سهام-س,312,136772,20618636873,145590,146000,153300,7710,5.3,150752,5162,3.55,146000,153500,1400-3-8,2021-05-29
294,كخاك,صنايع‌خاك‌چيني‌ايران‌,307,496765,15872389320,32650,31020,32490,-160,-0.49,32070,-580,-1.78,31020,32700,1400-3-8,2021-05-29
295,شوينده,مديريت صنعت شوينده ت.ص.بهشهر,306,833963,16765569950,19370,19000,20330,960,4.96,20100,730,3.77,18660,20330,1400-3-8,2021-05-29
296,شپلي,پلي اكريل ايران,306,2986764,29297168076,9432,9809,9809,377,4,9809,377,4,9809,9809,1400-3-8,2021-05-29
297,مارون,پتروشيمي مارون,301,157619,22458299080,144399,141600,143050,-1349,-0.93,143963,-436,-0.3,138000,145890,1400-3-8,2021-05-29
298,بمپنا,توليد برق عسلويه  مپنا,297,111499,6875961827,63886,60692,61500,-2386,-3.73,63037,-849,-1.33,60692,65559,1400-3-8,2021-05-29
299,زپارس,ملي كشت و صنعت و دامپروري پارس,291,275765,29627090550,103730,106800,107990,4260,4.11,107440,3710,3.58,103210,108910,1400-3-8,2021-05-29
300,پرديس,سرمايه گذاري پرديس,291,3541109,15799945658,4254,4378,4466,212,4.98,4462,208,4.89,4378,4466,1400-3-8,2021-05-29
301,شنفت,نفت‌ پارس‌,290,837901,38657944140,44020,44800,46220,2200,5,45790,1770,4.02,43900,46220,1400-3-8,2021-05-29
302,وسگيلا,شركت س استان گيلان,287,12261527,7519374785,645,613,613,-32,-4.96,638,-7,-1.09,613,638,1400-3-8,2021-05-29
303,اتكام,شركت بيمه اتكايي امين,279,1084118,4709858821,4253,4351,4398,145,3.41,4281,28,0.66,4130,4465,1400-3-8,2021-05-29
304,شراز,پالايش نفت شيراز,275,139138,13888943522,98900,95000,99900,1000,1.01,99212,312,0.32,95000,101346,1400-3-8,2021-05-29
305,مبين,مبين انرژي خليج فارس,271,1122179,17165308420,15110,15150,15250,140,0.93,15140,30,0.2,15100,15580,1400-3-8,2021-05-29
306,دالبر,البرزدارو,271,569006,7041865030,12170,12080,12550,380,3.12,12260,90,0.74,12080,12650,1400-3-8,2021-05-29
307,ماديرا,صنايع ماديران,269,1710749,11540712754,6425,6746,6746,321,5,6592,167,2.6,6746,6746,1400-3-8,2021-05-29
308,سكرما,سيمان‌ كرمان‌,259,1926889,25213144470,12480,12800,13100,620,4.97,13080,600,4.81,12550,13100,1400-3-8,2021-05-29
309,سدور,سيمان‌ دورود,258,3516675,30911573250,8380,8790,8790,410,4.89,8790,410,4.89,8790,8790,1400-3-8,2021-05-29
310,سحرخيز,صندوق س. گروه زعفران سحرخيز,258,555552,4712167558,8221,8150,8655,434,5.28,8482,261,3.17,8150,8745,1400-3-8,2021-05-29
311,تيپيكو,سرمايه گذاري دارويي تامين,256,1070875,38318926160,34120,35200,35820,1700,4.98,35140,1020,2.99,34820,35820,1400-3-8,2021-05-29
312,شيراز,پتروشيمي‌شيراز,251,1637238,83863189210,49220,49510,51680,2460,5,50830,1610,3.27,49510,51680,1400-3-8,2021-05-29
313,تسه9803,امتياز تسهيلات مسكن خرداد98,251,4134,2184154099,522652,500000,532000,9348,1.79,528339,5687,1.09,497000,548784,1400-3-8,2021-05-29
314,غكورش4,صنعت غذايي كورش,247,68767602,2059589679900,29950,29950,29950,0,0,29950,0,0,29950,29950,1400-3-8,2021-05-29
315,فسرب,ملي‌ سرب‌وروي‌ ايران‌,245,125057,8136208420,68480,65060,65060,-3420,-4.99,66530,-1950,-2.85,65060,65060,1400-3-8,2021-05-29
316,وحكمت,بيمه حكمت صبا,241,5626337,15995562427,2761,2843,2843,82,2.97,2843,82,2.97,2811,2843,1400-3-8,2021-05-29
317,سرود,سيمان‌شاهرود,237,1484554,25904237160,16650,17400,17480,830,4.98,17450,800,4.8,16900,17480,1400-3-8,2021-05-29
318,بورس,بورس اوراق بهادار تهران,232,404937,11164113090,29020,27570,27570,-1450,-5,28650,-370,-1.27,27570,27570,1400-3-8,2021-05-29
319,سكه0012پ04,تمام سكه طرح جديد0012صادرات,229,60800,65337244900,1039586,1063665,1080500,40914,3.94,1074626,35040,3.37,1063665,1080500,1400-3-8,2021-05-29
320,وپترو,سرمايه‌گذاري صنايع پتروشيمي‌,228,1687334,18291714560,10340,10800,10850,510,4.93,10840,500,4.84,10530,10850,1400-3-8,2021-05-29
321,بساما,بيمه سامان,225,666042,11840069573,16967,17770,17815,848,5,17577,610,3.6,17010,17815,1400-3-8,2021-05-29
322,ضسپا3003,اختيارخ خساپا-2000-1400/03/26,224,15042,228814000,11,15,16,5,45.45,15,4,36.36,12,21,1400-3-8,2021-05-29
323,تكشا,گسترش‌صنايع‌وخدمات‌كشاورزي‌,223,171994,6374097640,41170,37060,37060,-4110,-9.98,39230,-1940,-4.71,37060,37060,1400-3-8,2021-05-29
324,تسه9902,امتياز تسهيلات مسكن ارديبهشت99,223,4522,2477470841,542890,530011,517002,-25888,-4.77,547871,4981,0.92,515746,570000,1400-3-8,2021-05-29
325,وپخش,داروپخش‌ (هلدينگ‌,222,92264,8790268790,93560,88900,95600,2040,2.18,94030,470,0.5,88900,97930,1400-3-8,2021-05-29
326,سيستم,همكاران سيستم,222,556741,11507036570,19750,20730,20730,980,4.96,20420,670,3.39,20020,20730,1400-3-8,2021-05-29
327,هشستا103,اختيارف ت شستا-10338-01/03/08,214,761677,761677,1,1,1,0,0,1,0,0,1,1,1400-3-8,2021-05-29
328,خديزل,بهمن  ديزل,214,408010,16121375564,37817,37867,39707,1890,5,39512,1695,4.48,36690,39707,1400-3-8,2021-05-29
329,تماوند,تامين سرمايه دماوند,207,1333211,6533834327,4884,4900,4854,-30,-0.61,4892,8,0.16,4854,4977,1400-3-8,2021-05-29
330,پارسيان,بيمه پارسيان,206,940110,7504568330,7630,7510,7910,280,3.67,7800,170,2.23,7510,8010,1400-3-8,2021-05-29
331,وساخت,سرمايه‌ گذاري‌ ساختمان‌ايران‌,204,233724,10136609880,41310,43370,43370,2060,4.99,42410,1100,2.66,43370,43370,1400-3-8,2021-05-29
332,سباقر,سيمان باقران,201,1504587,20896970438,13517,13850,13922,405,3,13889,372,2.75,13300,13922,1400-3-8,2021-05-29
333,فروس,فروسيليس‌ ايران‌,198,3217632,15969107616,4727,4963,4963,236,4.99,4963,236,4.99,4963,4963,1400-3-8,2021-05-29
334,فرآور,فرآوري‌موادمعدني‌ايران‌,197,910599,25933859520,29970,28480,28480,-1490,-4.97,28480,-1490,-4.97,28480,28480,1400-3-8,2021-05-29
335,حتايد,تايدواترخاورميانه,196,1534139,36331200480,22570,23390,23690,1120,4.96,23680,1110,4.92,23390,23690,1400-3-8,2021-05-29
336,تسه9810,امتياز تسهيلات مسكن دي98,195,3762,2087999324,542174,531000,536000,-6174,-1.14,555024,12850,2.37,515140,569282,1400-3-8,2021-05-29
337,آتيمس,صندوق س.آرمان آتيه درخشان مس-س,193,115421,19569488860,166921,171500,171750,4829,2.89,169549,2628,1.57,167250,172000,1400-3-8,2021-05-29
338,كپارس,كاشي‌ پارس‌,191,68790,9142878900,147670,132910,132910,-14760,-10,137670,-10000,-6.77,132910,132910,1400-3-8,2021-05-29
339,چكارن,كارتن‌ ايران‌,191,2123766,6441382278,3192,3033,3033,-159,-4.98,3120,-72,-2.26,3033,3033,1400-3-8,2021-05-29
340,خاور,ايران خودرو ديزل,186,1406603,5786764742,3995,4114,4114,119,2.98,4062,67,1.68,4114,4114,1400-3-8,2021-05-29
341,تپمپي,پمپ‌ سازي‌ ايران‌,186,289949,4914635550,18830,16950,16950,-1880,-9.98,18150,-680,-3.61,16950,16950,1400-3-8,2021-05-29
342,اتكاي,بيمه اتكايي ايرانيان,185,412298,5824116301,14038,14060,14132,94,0.67,14061,23,0.16,13702,14450,1400-3-8,2021-05-29
343,ارمغان,ص سرمايه گذاري ارمغان ايرانيان,182,1189219,12052064106,10130,10129,10134,4,0.04,10134,4,0.04,10130,10144,1400-3-8,2021-05-29
344,شاروم,پتروشيمي اروميه,178,348058,6314468236,19096,18142,18142,-954,-5,18673,-423,-2.22,18142,18142,1400-3-8,2021-05-29
345,تسه9904,امتياز تسهيلات مسكن تير99,175,1725,937362538,543820,540000,532000,-11820,-2.17,543399,-421,-0.08,520006,558999,1400-3-8,2021-05-29
346,لوتوس,تامين سرمايه لوتوس پارسيان,172,1212939,8338492770,6570,6630,6890,320,4.87,6670,100,1.52,6630,6890,1400-3-8,2021-05-29
347,لبوتان,گروه‌صنعتي‌بوتان‌,170,83268,4249677520,50350,48000,51350,1000,1.99,50540,190,0.38,48000,51990,1400-3-8,2021-05-29
348,تماوندح,ح . تامين سرمايه دماوند,170,1387837,4271270847,3029,2950,3093,64,2.11,3078,49,1.62,2950,3094,1400-3-8,2021-05-29
349,نهال,صندوق س. طلاي سرخ نوويرا,168,221089,1881435094,8413,8430,8769,356,4.23,8510,97,1.15,8273,8770,1400-3-8,2021-05-29
350,دفرا,فرآورده‌هاي‌ تزريقي‌ ايران‌,168,304748,7017204110,24100,22900,22900,-1200,-4.98,23570,-530,-2.2,22900,23940,1400-3-8,2021-05-29
351,انرژي3,سايراشخاص بورس انرژي,165,17953,4020035760,235700,223920,223920,-11780,-5,234820,-880,-0.37,223920,223920,1400-3-8,2021-05-29
352,كالا,بورس كالاي ايران,162,219652,6455572280,30930,29390,29390,-1540,-4.98,30590,-340,-1.1,29390,29390,1400-3-8,2021-05-29
353,بفجر,فجر انرژي خليج فارس,161,434465,9394233080,21220,21650,21500,280,1.32,21290,70,0.33,21500,21820,1400-3-8,2021-05-29
354,فردا,صندوق س آواي فرداي زاگرس-ثابت,158,3377284,36372545438,10752,10770,10769,17,0.16,10770,18,0.17,10769,10771,1400-3-8,2021-05-29
355,سبهان,سيمان‌ بهبهان‌,157,32799,2547498330,81750,77670,77670,-4080,-4.99,81020,-730,-0.89,77670,77670,1400-3-8,2021-05-29
356,تسه9906,امتياز تسهيلات مسكن شهريور99,156,2132,1197901666,566618,538311,539000,-27618,-4.87,561868,-4750,-0.84,538288,594948,1400-3-8,2021-05-29
357,اخزا910,اسنادخزانه-م10بودجه99-020807,155,200942,122105719302,607553,606411,608298,745,0.12,607666,113,0.02,606000,608999,1400-3-8,2021-05-29
358,وساشرقي,شركت س استان آذربايجان شرقي,154,8034040,7278840240,953,906,906,-47,-4.93,948,-5,-0.52,906,906,1400-3-8,2021-05-29
359,غشوكو,شوكو پارس,152,759853,20340504957,27596,26769,26769,-827,-3,26769,-827,-3,26769,26769,1400-3-8,2021-05-29
360,سكه0011پ02,تمام سكه طرح جديد0011ملت,152,33500,36012629300,1038899,1061211,1081399,42500,4.09,1075004,36105,3.48,1061211,1082222,1400-3-8,2021-05-29
361,غشهداب,كشت و صنعت شهداب ناب خراسان,152,1382082,5126142138,3904,3709,3709,-195,-4.99,3834,-70,-1.79,3709,3709,1400-3-8,2021-05-29
362,بكام,كارخانجات توليدي شهيد قندي,152,937925,3444998525,3866,3673,3673,-193,-4.99,3819,-47,-1.22,3673,3673,1400-3-8,2021-05-29
363,شساخت,مهندسي و ساختمان صنايع نفت,152,396444,15968238471,41219,39983,41000,-219,-0.53,40849,-370,-0.9,39983,41650,1400-3-8,2021-05-29
364,شتوكا,توكا رنگ فولاد سپاهان,147,512997,15378111069,28550,29977,29977,1427,5,29943,1393,4.88,29977,29977,1400-3-8,2021-05-29
365,وكادو,تكادو,147,998810,12628953640,12276,12644,12644,368,3,12644,368,3,12644,12644,1400-3-8,2021-05-29
366,غزر,صنعتي زر ماكارون,144,62571,1444764390,24300,23090,23090,-1210,-4.98,24240,-60,-0.25,23090,23090,1400-3-8,2021-05-29
367,دكوثر,داروسازي‌ كوثر,143,1646778,7382505774,4270,4483,4483,213,4.99,4370,100,2.34,4483,4483,1400-3-8,2021-05-29
368,سپاس,صندوق س. پاداش سهامداري-ثابت,140,1928079,19534562769,10118,10131,10131,13,0.13,10132,14,0.14,10131,10135,1400-3-8,2021-05-29
369,فاما,صنعتي‌ آما,140,643727,9288980610,13750,14430,14430,680,4.95,14150,400,2.91,14430,14430,1400-3-8,2021-05-29
370,ضپال2007,اختيارخ اپال-32000-1401/02/12,136,7522,546905000,51,60,72,21,41.18,73,22,43.14,52,89,1400-3-8,2021-05-29
371,شكبير,پتروشيمي اميركبير,136,1264560,104760862213,80839,81990,83264,2425,3,82844,2005,2.48,80040,83264,1400-3-8,2021-05-29
372,غصينو,صنعتي مينو,134,3437810,218740974680,66976,63628,63628,-3348,-5,63628,-3348,-5,63628,63628,1400-3-8,2021-05-29
373,تسه9903,امتياز تسهيلات مسكن خرداد99,134,1405,778788959,568461,540038,540038,-28423,-5,554298,-14163,-2.49,540038,584998,1400-3-8,2021-05-29
374,تليسه,دامداري تليسه نمونه,132,458133,1866433842,4288,4074,4074,-214,-4.99,4260,-28,-0.65,4074,4074,1400-3-8,2021-05-29
375,هاي وب,داده گسترعصرنوين-هاي وب,131,448727,4410986410,10340,9830,9830,-510,-4.93,10270,-70,-0.68,9830,9830,1400-3-8,2021-05-29
376,دارو,كارخانجات‌داروپخش‌,129,106854,3164385350,30670,29140,29450,-1220,-3.98,30480,-190,-0.62,29140,30550,1400-3-8,2021-05-29
377,ودي,بيمه  دي,120,1029905,19678394835,20112,19107,19107,-1005,-5,19107,-1005,-5,19107,19107,1400-3-8,2021-05-29
378,قشرين,قند شيرين خراسان,120,3043974,35617539774,11361,11701,11701,340,2.99,11701,340,2.99,11701,11701,1400-3-8,2021-05-29
379,خفنر,فنرسازي‌خاور,120,1559964,7058837100,4310,4525,4525,215,4.99,4406,96,2.23,4525,4525,1400-3-8,2021-05-29
380,كبافق,معادن‌ بافق‌,118,49318,2109330860,45020,42770,42770,-2250,-5,44790,-230,-0.51,42770,42770,1400-3-8,2021-05-29
381,خمهر,مهركام‌پارس‌,118,1232218,2630785430,2247,2135,2135,-112,-4.98,2226,-21,-0.93,2135,2135,1400-3-8,2021-05-29
382,فرابورس,فرابورس ايران,117,100944,2957457312,30839,29298,29298,-1541,-5,30700,-139,-0.45,29298,29298,1400-3-8,2021-05-29
383,اخزا903,اسنادخزانه-م3بودجه99-011110,115,166532,119399135016,715059,718000,720000,4941,0.69,716974,1915,0.27,715059,720000,1400-3-8,2021-05-29
384,دلر,داروسازي‌ اكسير,115,106156,3124470800,29020,29980,29610,590,2.03,29100,80,0.28,28500,29980,1400-3-8,2021-05-29
385,لپارس,پارس‌ الكتريك‌,115,58553,4875708310,87650,83270,83270,-4380,-5,86150,-1500,-1.71,83270,83270,1400-3-8,2021-05-29
386,اخزا909,اسنادخزانه-م9بودجه99-020316,114,261828,172902561731,660527,661517,661000,473,0.07,660367,-160,-0.02,659212,661517,1400-3-8,2021-05-29
387,اخزا902,اسنادخزانه-م2بودجه99-011019,114,206467,149873641088,723774,730000,729998,6224,0.86,725896,2122,0.29,724399,730000,1400-3-8,2021-05-29
388,تسه9905,امتياز تسهيلات مسكن مرداد99,113,1042,593861498,572077,550000,544008,-28069,-4.91,569925,-2152,-0.38,543474,600680,1400-3-8,2021-05-29
389,اخزا901,اسنادخزانه-م1بودجه99-010621,112,136592,105881830368,771523,773000,779990,8467,1.1,775169,3646,0.47,766000,779990,1400-3-8,2021-05-29
390,كمينا,شيشه سازي مينا,111,551041,13099346652,25023,23772,23772,-1251,-5,23772,-1251,-5,23772,23772,1400-3-8,2021-05-29
391,وآيند,بانك  آينده,109,436554,6833816316,16306,15654,15654,-652,-4,16260,-46,-0.28,15654,15654,1400-3-8,2021-05-29
392,وبازار,صندوق س شاخصي بازارآشنا,107,678291,5946528260,8710,8010,9120,410,4.71,8770,60,0.69,8010,9120,1400-3-8,2021-05-29
393,سجام,مجتمع سيمان غرب آسيا,106,237372,910479414,3952,3834,3834,-118,-2.99,3941,-11,-0.28,3834,3869,1400-3-8,2021-05-29
394,آريان,سرمايه گذاري پارس آريان,105,1725031,18274978414,10286,10594,10594,308,2.99,10353,67,0.65,10594,10594,1400-3-8,2021-05-29
395,دارا,صندوق س. دارا الگوريتم-د,104,2550766,25517841362,9988,10004,10004,16,0.16,10004,16,0.16,9995,10009,1400-3-8,2021-05-29
396,جوين,كشت و صنعت جوين,102,453214,2021787654,4598,4461,4461,-137,-2.98,4577,-21,-0.46,4461,4461,1400-3-8,2021-05-29
397,افق ملت,صندوق س در سهام افق ملت,102,23922,2904253400,116620,118000,122150,5530,4.74,121410,4790,4.11,118000,123280,1400-3-8,2021-05-29
398,وسهمدا,شركت س استان همدان,100,6311000,4884714000,814,774,774,-40,-4.91,808,-6,-0.74,774,774,1400-3-8,2021-05-29
399,تسه9806,امتياز تسهيلات مسكن شهريور98,99,1631,914899462,566957,542610,555970,-10987,-1.94,560944,-6013,-1.06,541010,579990,1400-3-8,2021-05-29
400,وآرين,شركت توسعه اقتصادي آرين,98,643975,2125117500,3402,3300,3300,-102,-3,3380,-22,-0.65,3300,3300,1400-3-8,2021-05-29
401,اخزا914,اسنادخزانه-م14بودجه99-021025,97,294862,171690736499,583583,583899,581000,-2583,-0.44,582275,-1308,-0.22,581000,583899,1400-3-8,2021-05-29
402,حريل,ريل پردازسير,97,1207179,6290609769,5485,5211,5211,-274,-5,5364,-121,-2.21,5211,5211,1400-3-8,2021-05-29
403,تسه9901,امتياز تسهيلات مسكن فروردين99,97,719,396999508,551523,534500,579000,27477,4.98,552155,632,0.11,524100,579000,1400-3-8,2021-05-29
404,دماوند,توليد نيروي برق دماوند,96,91842,2672694042,30632,29101,29101,-1531,-5,30568,-64,-0.21,29101,29101,1400-3-8,2021-05-29
405,خكرمان,گروه اقتصادي كرمان خودرو,93,1292512,3846515712,2890,2976,2976,86,2.98,2922,32,1.11,2976,2976,1400-3-8,2021-05-29
406,صايند,صندوق س. گنجينه آينده روشن-د,92,666270,6514642690,9736,9750,9786,50,0.51,9778,42,0.43,9736,9800,1400-3-8,2021-05-29
407,تسه9811,امتياز تسهيلات مسكن بهمن98,91,569,310191050,542592,516031,545000,2408,0.44,545151,2559,0.47,516031,569721,1400-3-8,2021-05-29
408,شصدف,صنعتي دوده فام,91,88001,2646894078,31661,30078,30078,-1583,-5,31367,-294,-0.93,30078,30078,1400-3-8,2021-05-29
409,زرين,صندوق س. سهام زرين كوروش-س,90,220357,2092257826,9116,9700,9520,404,4.43,9495,379,4.16,9215,9900,1400-3-8,2021-05-29
410,ثعتما,س. ساختماني اعتماد گستر,88,214669,5138102515,23238,23935,23935,697,3,23586,348,1.5,23935,23935,1400-3-8,2021-05-29
411,تسه9812,امتياز تسهيلات مسكن اسفند98,84,561,309165385,575731,546945,570000,-5731,-1,551097,-24634,-4.28,546945,570000,1400-3-8,2021-05-29
412,ضصاد3001,اختيارخ وبصادر-2000-1400/03/12,77,5067,73081000,6,10,18,12,200,14,8,133.33,10,19,1400-3-8,2021-05-29
413,ضخود7076,اختيارخ خودرو-2500-1400/07/07,76,1763,161289000,69,94,105,36,52.17,91,22,31.88,80,105,1400-3-8,2021-05-29
414,بميلا,توسعه بازرگاني آهن وفولادميلاد,74,394973,4661076373,12165,11801,11801,-364,-2.99,11990,-175,-1.44,11801,11801,1400-3-8,2021-05-29
415,اميد,تامين سرمايه اميد,73,604271,4380964750,7630,7250,7250,-380,-4.98,7570,-60,-0.79,7250,7250,1400-3-8,2021-05-29
416,سخاش,سيمان‌خاش‌,73,19759,2535079700,135050,128300,128300,-6750,-5,133850,-1200,-0.89,128300,128300,1400-3-8,2021-05-29
417,اخزا905,اسنادخزانه-م5بودجه99-020218,72,302275,202788005296,674443,675000,674399,-44,-0.01,670873,-3570,-0.53,670000,675000,1400-3-8,2021-05-29
418,ضپاس7029,اختيارخ وپارس-2500-1400/07/28,72,904,412954000,359,419,540,181,50.42,457,98,27.3,371,548,1400-3-8,2021-05-29
419,پكوير,كوير تاير,71,126749,1518453020,12610,11980,11980,-630,-5,12540,-70,-0.56,11980,11980,1400-3-8,2021-05-29
420,تسه9809,امتياز تسهيلات مسكن آذر98,71,705,386096830,537364,530000,555000,17636,3.28,547655,10291,1.92,511100,564232,1400-3-8,2021-05-29
421,وصنا,گروه‌صنايع‌بهشهرايران‌,70,1865079,8657696718,4421,4642,4642,221,5,4542,121,2.74,4642,4642,1400-3-8,2021-05-29
422,غپونه,نوش پونه مشهد,69,550750,9669517750,18481,17557,17557,-924,-5,17557,-924,-5,17557,17557,1400-3-8,2021-05-29
423,تسه9808,امتياز تسهيلات مسكن آبان98,69,899,496597505,547081,525000,538000,-9081,-1.66,552389,5308,0.97,525000,570000,1400-3-8,2021-05-29
424,وارس,سرمايه گذاري ارس صبا,69,679234,9060302326,12951,13339,13339,388,3,13292,341,2.63,13339,13339,1400-3-8,2021-05-29
425,ختور,رادياتور ايران‌,68,153649,2716514320,18610,17680,17680,-930,-5,18430,-180,-0.97,17680,17680,1400-3-8,2021-05-29
426,ضسپا3001,اختيارخ خساپا-1600-1400/03/26,68,4164,869503000,91,111,200,109,119.78,209,118,129.67,111,298,1400-3-8,2021-05-29
427,ثرود,سرمايه‌گذاري مسكن زاينده رود,67,344201,6847190493,20939,19893,19893,-1046,-5,20436,-503,-2.4,19893,19893,1400-3-8,2021-05-29
428,كيان2,صندوق س. با درآمد ثابت كيان,67,6700000,6700000,28596,1,1,-28595,-100,1,-28595,-100,1,1,1400-3-8,2021-05-29
429,سيمرغ,سيمرغ,65,43353,740035710,17960,17070,17070,-890,-4.96,17910,-50,-0.28,17070,17070,1400-3-8,2021-05-29
430,گدنا,تهيه توزيع غذاي دنا آفرين فدك,64,421984,12902582784,32185,30576,30576,-1609,-5,30728,-1457,-4.53,30576,30576,1400-3-8,2021-05-29
431,فلوله,لوله‌وماشين‌سازي‌ايران‌,63,299123,6155951340,21660,20580,20580,-1080,-4.99,21190,-470,-2.17,20580,20580,1400-3-8,2021-05-29
432,فپنتا,سپنتا,63,18575,6411161250,328720,345150,345150,16430,5,335410,6690,2.04,345150,345150,1400-3-8,2021-05-29
433,كرازي,كارخانجات‌توليدي‌شيشه‌رازي‌,62,117567,2420704530,21670,20590,20590,-1080,-4.98,21490,-180,-0.83,20590,20590,1400-3-8,2021-05-29
434,ضترا3002,اختيارخ شتران-8000-1400/03/09,62,2123,100296000,10,10,50,40,400,47,37,370,10,99,1400-3-8,2021-05-29
435,ضفلا3004,اختيارخ فولاد-8560-1400/03/19,61,1051,1407397700,824,850,1120,296,35.92,955,131,15.9,850,1120,1400-3-8,2021-05-29
436,تسه9804,امتياز تسهيلات مسكن تير98,61,790,436240571,555985,540150,554000,-1985,-0.36,552203,-3782,-0.68,540000,560000,1400-3-8,2021-05-29
437,زدشت,كشت و صنعت دشت خرم دره,60,128509,3402018757,27866,26473,26473,-1393,-5,27533,-333,-1.2,26473,26473,1400-3-8,2021-05-29
438,ضسپا8041,اختيارخ خساپا-1600-1400/08/26,59,3261,810033000,198,220,298,100,50.51,248,50,25.25,220,300,1400-3-8,2021-05-29
439,دمعيار,صندوق س. توازن معيار-د,59,1782538,17897049350,10027,10042,10039,12,0.12,10040,13,0.13,10037,10042,1400-3-8,2021-05-29
440,زعف0008پ16,زعفران0008نگين بيرجند(پ),59,51437,6145516061,119117,119000,118950,-167,-0.14,119477,360,0.3,118700,119989,1400-3-8,2021-05-29
441,بخاور,بيمه زندگي خاورميانه,59,296056,1763901648,6271,5958,5958,-313,-4.99,6232,-39,-0.62,5958,5958,1400-3-8,2021-05-29
442,سمايه,بانك سرمايه,58,1524242,6728004188,4550,4414,4414,-136,-2.99,4456,-94,-2.07,4414,4414,1400-3-8,2021-05-29
443,كاذر,فرآورده‌هاي‌نسوزآذر,57,932845,14692308750,16570,15750,15750,-820,-4.95,15750,-820,-4.95,15750,15750,1400-3-8,2021-05-29
444,كيميا,معدني كيمياي زنجان گستران,56,469890,7829777070,17539,16663,16663,-876,-4.99,17058,-481,-2.74,16663,16663,1400-3-8,2021-05-29
445,تسه9805,امتياز تسهيلات مسكن مرداد98,56,688,387321476,559838,536030,578999,19161,3.42,562967,3129,0.56,536030,587829,1400-3-8,2021-05-29
446,سمگا,گروه سرمايه گذاري ميراث فرهنگي,53,67534,1832264954,28558,27131,27131,-1427,-5,28504,-54,-0.19,27131,27131,1400-3-8,2021-05-29
447,آپ,آسان پرداخت پرشين,53,58766,914398960,16370,15560,15560,-810,-4.95,16330,-40,-0.24,15560,15560,1400-3-8,2021-05-29
448,دتوزيعح,ح . توزيع دارو پخش,53,634113,17897715339,29706,31191,28221,-1485,-5,28225,-1481,-4.99,28221,31191,1400-3-8,2021-05-29
449,سكه0112پ03,تمام سكه طرح جديد0112سامان,52,22600,24376354600,1039954,1070000,1081000,41046,3.95,1078600,38646,3.72,1062000,1081500,1400-3-8,2021-05-29
450,اخزا908,اسنادخزانه-م8بودجه99-020606,52,259744,163505252461,629716,629559,630500,784,0.12,629486,-230,-0.04,629001,630500,1400-3-8,2021-05-29
451,وسهرمز,شركت س استان هرمزگان,51,3038939,2634760113,912,867,867,-45,-4.93,908,-4,-0.44,867,867,1400-3-8,2021-05-29
452,شلعاب,لعابيران‌,51,83342,1040941580,13140,12490,12490,-650,-4.95,13090,-50,-0.38,12490,12490,1400-3-8,2021-05-29
453,تسه9807,امتياز تسهيلات مسكن مهر98,51,423,232114170,553630,530000,555000,1370,0.25,548733,-4897,-0.88,530000,565000,1400-3-8,2021-05-29
454,عيار2,صندوق سكه طلاي مفيد,50,500000,500000,26697,1,1,-26696,-100,1,-26696,-100,1,1,1400-3-8,2021-05-29
455,فيروزا,صندوق بادرآمد ثابت فيروزه آسيا,50,288533,6634614117,22909,22928,23001,92,0.4,22994,85,0.37,22909,23200,1400-3-8,2021-05-29
456,سخند,صندوق س.سپهرخبرگان نفت-د,50,528330,5216557250,10027,10086,10040,13,0.13,9874,-153,-1.53,9811,10086,1400-3-8,2021-05-29
457,آكورد2,صندوق س. آرمان آتي كوثر-د,50,5000000,5000000,32267,1,1,-32266,-100,1,-32266,-100,1,1,1400-3-8,2021-05-29
458,اخزا814,اسنادخزانه-م14بودجه98-010318,49,28999,23663780863,814234,815000,818000,3766,0.46,816021,1787,0.22,815000,818500,1400-3-8,2021-05-29
459,ضملت3001,اختيارخ وبملت-3500-1400/03/19,49,1957,1162300000,490,510,665,175,35.71,594,104,21.22,510,665,1400-3-8,2021-05-29
460,تكمبا,كمباين‌ سازي‌ ايران‌,48,456810,3352985400,7720,7340,7340,-380,-4.92,7630,-90,-1.17,7340,7340,1400-3-8,2021-05-29
461,ضخود7078,اختيارخ خودرو-3500-1400/07/07,47,2601,39372000,11,19,17,6,54.55,15,4,36.36,14,19,1400-3-8,2021-05-29
462,وسديد,گروه ‌صنعتي‌سديد,47,307399,852724826,2889,2774,2774,-115,-3.98,2886,-3,-0.1,2774,2774,1400-3-8,2021-05-29
463,ضخود4002,اختيارخ خودرو-1800-1400/04/02,47,2247,335991000,114,140,154,40,35.09,150,36,31.58,140,158,1400-3-8,2021-05-29
464,غگلستا,شير پاستوريزه پگاه گلستان,47,545904,10781604000,28230,19750,19750,-8480,-30.04,19750,-8480,-30.04,19750,19750,1400-3-8,2021-05-29
465,ديران,ايران‌دارو,46,138212,2233505920,17010,16160,16160,-850,-5,16880,-130,-0.76,16160,16160,1400-3-8,2021-05-29
466,وگستر,گسترش سرمايه گذاري ايرانيان,46,69465,1246827285,18893,17949,17949,-944,-5,18810,-83,-0.44,17949,17949,1400-3-8,2021-05-29
467,ساروج,بين المللي ساروج بوشهر,45,120355,2017789234,16962,16980,16900,-62,-0.37,16922,-40,-0.24,16543,17000,1400-3-8,2021-05-29
468,ولتجار,واسپاري تجارت وسرمايه ايرانيان,45,642918,4569218226,7481,7107,7107,-374,-5,7301,-180,-2.41,7107,7107,1400-3-8,2021-05-29
469,ضشنا8003,اختيارخ شپنا-8800-1400/08/16,45,410,763348000,1227,1400,1950,723,58.92,1862,635,51.75,1400,1990,1400-3-8,2021-05-29
470,ضشنا8002,اختيارخ شپنا-7800-1400/08/16,45,403,876444000,1472,1456,2740,1268,86.14,2175,703,47.76,1456,2740,1400-3-8,2021-05-29
471,ضملت3002,اختيارخ وبملت-4000-1400/03/19,43,1968,595825000,161,100,290,129,80.12,303,142,88.2,100,350,1400-3-8,2021-05-29
472,اخزا911,اسنادخزانه-م11بودجه99-020906,42,94082,56282904237,598125,596100,598698,573,0.1,598232,107,0.02,596100,599998,1400-3-8,2021-05-29
473,كسرا,سراميك‌هاي‌صنعتي‌اردكان‌,42,198487,3588644960,19030,18080,18080,-950,-4.99,18790,-240,-1.26,18080,18080,1400-3-8,2021-05-29
474,ضخود7072,اختيارخ خودرو-1400-1400/07/07,42,422,216375000,463,495,580,117,25.27,513,50,10.8,450,580,1400-3-8,2021-05-29
475,خبازرس,بازرسي مهندسي و صنعتي ايران,42,66645,1622472525,25097,24345,24345,-752,-3,24971,-126,-0.5,24345,24345,1400-3-8,2021-05-29
476,خرينگ,رينگ‌سازي‌مشهد,42,30858,1462669200,49890,47400,47400,-2490,-4.99,49630,-260,-0.52,47400,47400,1400-3-8,2021-05-29
477,خلنت,لنت‌ ترمزايران‌,41,96340,5612768400,61320,58260,58260,-3060,-4.99,60110,-1210,-1.97,58260,58260,1400-3-8,2021-05-29
478,كگاز,شيشه‌ و گاز,41,31604,553386040,18430,17510,17510,-920,-4.99,18390,-40,-0.22,17510,17510,1400-3-8,2021-05-29
479,صنوين,صندوق سرمايه‌گذاري صنوين-مختلط,40,7428,774406920,102490,102490,105550,3060,2.99,104260,1770,1.73,102490,105560,1400-3-8,2021-05-29
480,غنوش,نوش‌ مازندران‌,40,19876,1033750760,54740,52010,52010,-2730,-4.99,54540,-200,-0.37,52010,52010,1400-3-8,2021-05-29
481,داسوه,داروسازي‌ اسوه‌,40,47825,1313274500,28900,27460,27460,-1440,-4.98,28770,-130,-0.45,27460,27460,1400-3-8,2021-05-29
482,كحافظ,كاشي‌ وسراميك‌ حافظ‌,40,46931,525627200,11780,11200,11200,-580,-4.92,11760,-20,-0.17,11200,11200,1400-3-8,2021-05-29
483,بزاگرس,نيروگاه زاگرس كوثر,39,85174,576287284,7122,6766,6766,-356,-5,7109,-13,-0.18,6766,6766,1400-3-8,2021-05-29
484,ضملي7002,اختيارخ فملي-9720-1400/07/11,39,251,856997000,2679,3299,3522,843,31.47,3414,735,27.44,3200,3989,1400-3-8,2021-05-29
485,اوصتا,صندوق انديشه ورزان صباتامين -د,39,2139631,40106679000,18712,18740,18745,33,0.18,18745,33,0.18,18738,18750,1400-3-8,2021-05-29
486,زبينا,كشاورزي و دامپروري بينالود,39,133724,494912524,3895,3701,3701,-194,-4.98,3888,-7,-0.18,3701,3701,1400-3-8,2021-05-29
487,زعف0008پ20,زعفران0008نگين وحدت جام(پ),38,37024,4414871153,119030,119499,119000,-30,-0.03,119243,213,0.18,118302,119800,1400-3-8,2021-05-29
488,ثباغ,شهر سازي و خانه سازي باغميشه,37,104362,1252552724,12633,12002,12002,-631,-4.99,12578,-55,-0.44,12002,12002,1400-3-8,2021-05-29
489,ثروتم,صندوق س. ثروت آفرين پارسيان-س,37,127520,9179825630,70831,71259,73030,2199,3.1,71987,1156,1.63,71000,73700,1400-3-8,2021-05-29
490,زعف0008پ05,زعفران0008نگين زرين(پ),37,19675,2390812350,120652,120000,120000,-652,-0.54,121515,863,0.72,120000,122000,1400-3-8,2021-05-29
491,ركيش,كارت اعتباري ايران كيش,36,988361,22277656940,23720,22540,22540,-1180,-4.97,22600,-1120,-4.72,22540,22540,1400-3-8,2021-05-29
492,غالبر,لبنيات‌ كالبر,36,279251,5227578720,19700,18720,18720,-980,-4.97,19340,-360,-1.83,18720,18720,1400-3-8,2021-05-29
493,ضسپا8040,اختيارخ خساپا-1400-1400/08/26,36,1980,819760000,254,320,488,234,92.13,414,160,62.99,320,488,1400-3-8,2021-05-29
494,دامين,داروسازي‌ امين‌,36,137688,656771760,5020,4770,4770,-250,-4.98,5010,-10,-0.2,4770,4770,1400-3-8,2021-05-29
495,اخزا806,اسنادخزانه-م6بودجه98-000519,35,6690,6420497516,956644,959970,959790,3146,0.33,959716,3072,0.32,958401,960000,1400-3-8,2021-05-29
496,ضصاد8030,اختيارخ وبصادر-1589-1400/08/12,34,1094,492718000,271,400,434,163,60.15,450,179,66.05,370,540,1400-3-8,2021-05-29
497,زملارد,كشاورزي و دامپروري ملارد شير,34,9797,339720772,36501,34676,34676,-1825,-5,36457,-44,-0.12,34676,34676,1400-3-8,2021-05-29
498,خفولا,خدمات فني فولاد يزد,34,58086,2378098926,43095,40941,40941,-2154,-5,42556,-539,-1.25,40941,40941,1400-3-8,2021-05-29
499,اخزا904,اسنادخزانه-م4بودجه99-011215,33,63016,44558475778,701337,702500,707900,6563,0.94,707098,5761,0.82,702500,707900,1400-3-8,2021-05-29
500,ريشمك,توليد و صادرات ريشمك,33,87046,4495664762,54365,51647,51647,-2718,-5,53508,-857,-1.58,51647,51647,1400-3-8,2021-05-29
501,زعف0008پ08,زعفران0008نگين روستا(پ),33,26148,3129709920,119922,119999,120000,78,0.07,119692,-230,-0.19,118000,120000,1400-3-8,2021-05-29
502,بنو,بيمه تجارت نو,32,518627,14884594900,30210,28700,28700,-1510,-5,29557,-653,-2.16,28700,28700,1400-3-8,2021-05-29
503,تبرك,گروه كارخانجات صنعتي تبرك,32,142980,2685021420,19767,18779,18779,-988,-5,19609,-158,-0.8,18779,18779,1400-3-8,2021-05-29
504,اخزا818,اسنادخزانه-م18بودجه98-010614,32,107113,83436437551,773528,776003,779000,5472,0.71,778957,5429,0.7,776000,780000,1400-3-8,2021-05-29
505,رنيك,جنرال مكانيك,32,30260,635278440,22098,20994,20994,-1104,-5,22049,-49,-0.22,20994,20994,1400-3-8,2021-05-29
506,قشكر,شكرشاهرود,32,276691,977825994,3720,3534,3534,-186,-5,3707,-13,-0.35,3534,3534,1400-3-8,2021-05-29
507,حفارس,حمل و نقل بين المللي خليج فارس,32,118745,530790150,4705,4470,4470,-235,-4.99,4696,-9,-0.19,4470,4470,1400-3-8,2021-05-29
508,اخزا815,اسنادخزانه-م15بودجه98-010406,31,19750,15922440588,805299,806000,806013,714,0.09,806199,900,0.11,806000,809000,1400-3-8,2021-05-29
509,اعتلا,شركت سرمايه گذاري اعتلاء البرز,30,140853,960617460,7178,6820,6820,-358,-4.99,7154,-24,-0.33,6820,6820,1400-3-8,2021-05-29
510,غويتا,ويتانا,30,48449,825861654,17943,17046,17046,-897,-5,17912,-31,-0.17,17046,17046,1400-3-8,2021-05-29
511,شگل,گلتاش‌,30,41703,398680680,10060,9560,9560,-500,-4.97,10050,-10,-0.1,9560,9560,1400-3-8,2021-05-29
512,خمحور,توليدمحورخودرو,30,11380,599839800,55480,52710,52710,-2770,-4.99,55360,-120,-0.22,52710,52710,1400-3-8,2021-05-29
513,كپرور,فرآوري زغال سنگ پروده طبس,30,84993,2692493247,33346,31679,31679,-1667,-5,33031,-315,-0.94,31679,31679,1400-3-8,2021-05-29
514,گنجين,صندوق س. گنجينه يكم آويد-د,30,599029,7736193243,12904,12912,12912,8,0.06,12915,11,0.09,12912,12926,1400-3-8,2021-05-29
515,كوثر,بيمه كوثر,29,34135,473247640,14593,13864,13864,-729,-5,14583,-10,-0.07,13864,13864,1400-3-8,2021-05-29
516,وآوا,سرمايه گذاري آوا نوين,29,59714,502851594,8864,8421,8421,-443,-5,8848,-16,-0.18,8421,8421,1400-3-8,2021-05-29
517,فراز,صندوق س.سهام فراز داريك-س,29,53032,548210459,10335,10335,10339,4,0.04,10337,2,0.02,10335,10345,1400-3-8,2021-05-29
518,اخزا812,اسنادخزانه-م12بودجه98-001111,29,14373,12601331356,878149,878149,874601,-3548,-0.4,876736,-1413,-0.16,874601,879999,1400-3-8,2021-05-29
519,كلر,كلر پارس,29,13006,1590269632,128707,122272,122272,-6435,-5,128068,-639,-0.5,122272,122272,1400-3-8,2021-05-29
520,اخزا808,اسنادخزانه-م8بودجه98-000817,28,12220,11164692130,913195,914000,911010,-2185,-0.24,913641,446,0.05,910001,915000,1400-3-8,2021-05-29
521,ضشنا8001,اختيارخ شپنا-6800-1400/08/16,28,265,748877000,2197,2300,2950,753,34.27,2826,629,28.63,2143,3500,1400-3-8,2021-05-29
522,ثفارس,عمران‌وتوسعه‌فارس‌,28,75174,691600800,9680,9200,9200,-480,-4.96,9660,-20,-0.21,9200,9200,1400-3-8,2021-05-29
523,سمتاز,سيمان ممتازان كرمان,28,34911,771060047,22253,22200,22080,-173,-0.78,22240,-13,-0.06,21990,22460,1400-3-8,2021-05-29
524,خكاوه,سايپا ديزل,28,119574,415400076,3581,3474,3474,-107,-2.99,3576,-5,-0.14,3474,3474,1400-3-8,2021-05-29
525,هنوري102,اختيارف ت نوري59561-01/02/15,27,43385,37528025,2154,865,865,-1289,-59.84,865,-1289,-59.84,865,865,1400-3-8,2021-05-29
526,غبهنوش,بهنوش‌ ايران‌,26,12358,807966040,68820,65380,65380,-3440,-5,68620,-200,-0.29,65380,65380,1400-3-8,2021-05-29
527,ومعلم,بيمه معلم,26,146151,689978871,4969,4721,4721,-248,-4.99,4957,-12,-0.24,4721,4721,1400-3-8,2021-05-29
528,الماس,صندوق س.امين تدبيرگران فردا-س,26,2147,215094435,97100,100899,100879,3779,3.89,100184,3084,3.18,97005,100899,1400-3-8,2021-05-29
529,دلقما,دارويي‌ لقمان‌,26,36983,849869340,24180,22980,22980,-1200,-4.96,24110,-70,-0.29,22980,22980,1400-3-8,2021-05-29
530,بذر,صندوق س بذر اميد آفرين-سهام,26,6313,542778670,83780,85000,86300,2520,3.01,85980,2200,2.63,85000,86500,1400-3-8,2021-05-29
531,دبالك,مواد اوليه دارويي البرز بالك,26,26182,512879198,20620,19589,19589,-1031,-5,20583,-37,-0.18,19589,19589,1400-3-8,2021-05-29
532,ضملت3000,اختيارخ وبملت-3000-1400/03/19,25,496,495226000,946,902,1140,194,20.51,998,52,5.5,902,1149,1400-3-8,2021-05-29
533,شفا,سرمايه گذاري شفادارو,25,35505,1437597450,42620,40490,40490,-2130,-5,42460,-160,-0.38,40490,40490,1400-3-8,2021-05-29
534,گوهر2,صندوق سكه طلاي كيان,25,250000,250000,52363,1,1,-52362,-100,1,-52362,-100,1,1,1400-3-8,2021-05-29
535,قصفها,قنداصفهان‌,25,2544,367175520,151920,144330,144330,-7590,-5,151720,-200,-0.13,144330,144330,1400-3-8,2021-05-29
536,ضترا3000,اختيارخ شتران-6000-1400/03/09,25,301,593154000,2221,1001,2114,-107,-4.82,1971,-250,-11.26,1001,2200,1400-3-8,2021-05-29
537,مرقام,ايران‌ارقام‌,25,17874,328524120,19340,18380,18380,-960,-4.96,19320,-20,-0.1,18380,18380,1400-3-8,2021-05-29
538,ضصاد3000,اختيارخ وبصادر-1800-1400/03/12,25,1707,257363000,177,149,150,-27,-15.25,151,-26,-14.69,140,200,1400-3-8,2021-05-29
539,اخزا809,اسنادخزانه-م9بودجه98-000923,25,44278,39639793004,894300,894910,895248,948,0.11,895248,948,0.11,888001,897000,1400-3-8,2021-05-29
540,زگلدشت,كشت و دام گلدشت نمونه اصفهان,24,25994,340131490,13773,13085,13085,-688,-5,13757,-16,-0.12,13085,13085,1400-3-8,2021-05-29
541,هجرت,پخش هجرت,24,26628,709556316,28049,26647,26647,-1402,-5,27979,-70,-0.25,26647,26647,1400-3-8,2021-05-29
542,مفاخر,توسعه فناوري اطلاعات خوارزمي,24,261345,12816097455,51620,49039,49039,-2581,-5,49299,-2321,-4.5,49039,49039,1400-3-8,2021-05-29
543,زشگزا,شير و گوشت زاگرس شهركرد,24,87101,678429689,8198,7789,7789,-409,-4.99,8179,-19,-0.23,7789,7789,1400-3-8,2021-05-29
544,كرونا2,تامين مالي جمعي صرفا اهداي سود,24,634655,6346550000,10000,10000,10000,0,0,10000,0,0,10000,10000,1400-3-8,2021-05-29
545,كقزوي,شيشه‌ قزوين‌,23,21874,215524522,10157,9853,9853,-304,-2.99,10150,-7,-0.07,9853,9853,1400-3-8,2021-05-29
546,رافزا,رايان هم افزا,23,3171,318936009,105872,100579,100579,-5293,-5,105754,-118,-0.11,100579,100579,1400-3-8,2021-05-29
547,لكما,كارخانجات‌مخابراتي‌ايران‌,23,55180,326003440,6090,5908,5908,-182,-2.99,6084,-6,-0.1,5908,5908,1400-3-8,2021-05-29
548,وسرمد,بيمه  سرمد,23,97291,574016900,6210,5900,5900,-310,-4.99,6191,-19,-0.31,5900,5900,1400-3-8,2021-05-29
549,زكوثر,سرمايه گذاري كشاورزي كوثر,23,12947,258422120,21010,19960,19960,-1050,-5,21000,-10,-0.05,19960,19960,1400-3-8,2021-05-29
550,بنيرو,نيروترانس‌,23,16064,228590720,14970,14230,14230,-740,-4.94,14960,-10,-0.07,14230,14230,1400-3-8,2021-05-29
551,ضجار7039,اختيارخ وتجارت-1997-1400/07/21,23,1077,287625000,195,222,300,105,53.85,267,72,36.92,222,300,1400-3-8,2021-05-29
552,بهپاك,صنعتي بهپاك,22,89314,571430972,6734,6398,6398,-336,-4.99,6721,-13,-0.19,6398,6398,1400-3-8,2021-05-29
553,كسرام,پارس‌ سرام‌,22,24607,189719970,8110,7710,7710,-400,-4.93,8100,-10,-0.12,7710,7710,1400-3-8,2021-05-29
554,زشريف,كشت وصنعت شريف آباد,22,42975,212296500,5200,4940,4940,-260,-5,5196,-4,-0.08,4940,4940,1400-3-8,2021-05-29
555,ثنور,سرمايه گذاري كوه نور,22,23242,215034984,9538,9252,9252,-286,-3,9532,-6,-0.06,9252,9252,1400-3-8,2021-05-29
556,خشرق,الكتريك‌ خودرو شرق‌,22,22876,313629960,14430,13710,13710,-720,-4.99,14410,-20,-0.14,13710,13710,1400-3-8,2021-05-29
557,نطرين,عطرين نخ قم,22,34939,398164844,11995,11396,11396,-599,-4.99,11978,-17,-0.14,11396,11396,1400-3-8,2021-05-29
558,لابسا,آبسال‌,21,34296,1602309120,49170,46720,46720,-2450,-4.98,48890,-280,-0.57,46720,46720,1400-3-8,2021-05-29
559,زنگان,صنعت روي زنگان,21,5193,499898952,101330,96264,96264,-5066,-5,101152,-178,-0.18,96264,96264,1400-3-8,2021-05-29
560,پلاسك,پلاسكوكار,21,79926,544296060,7160,6810,6810,-350,-4.89,7150,-10,-0.14,6810,6810,1400-3-8,2021-05-29
561,ضسپا3005,اختيارخ خساپا-3000-1400/03/26,21,894,1818000,2,5,2,0,0,2,0,0,2,5,1400-3-8,2021-05-29
562,باران,بيمه زندگي باران50%تاديه,20,678613,2752454328,3863,4056,4056,193,5,3914,51,1.32,4056,4056,1400-3-8,2021-05-29
563,پلوله,گازلوله‌,20,105776,2869174000,27963,27125,27125,-838,-3,27715,-248,-0.89,27125,27125,1400-3-8,2021-05-29
564,شسينا,صنايع‌شيميايي‌سينا,20,2561,315054220,129490,123020,123020,-6470,-5,129350,-140,-0.11,123020,123020,1400-3-8,2021-05-29
565,زفكا,كشت و دامداري فكا,20,14430,171875730,12537,11911,11911,-626,-4.99,12529,-8,-0.06,11911,11911,1400-3-8,2021-05-29
566,كپشيرح,ح . پشم‌شيشه‌ايران‌,20,348353,8439153030,25300,25900,24000,-1300,-5.14,24230,-1070,-4.23,24000,25900,1400-3-8,2021-05-29
567,وملت,سرمايه گذاري ملت,19,66329,283755462,4365,4278,4278,-87,-1.99,4360,-5,-0.11,4278,4278,1400-3-8,2021-05-29
568,فسديد,لوله‌وتجهيزات‌ سديد - ورشكسته,19,34334,3790679604,112659,110406,110406,-2253,-2,110682,-1977,-1.75,110406,110406,1400-3-8,2021-05-29
569,ضبدر3003,اختيارخ شبندر-4270-1400/03/30,18,900,1474200000,1870,1623,1650,-220,-11.76,1638,-232,-12.41,1623,1650,1400-3-8,2021-05-29
570,اخزا817,اسنادخزانه-م17بودجه98-010512,18,10479,8284380340,789226,790000,790100,874,0.11,790570,1344,0.17,790000,793900,1400-3-8,2021-05-29
571,لخزر,پارس‌ خزر,17,2203,381383360,182230,173120,173120,-9110,-5,181990,-240,-0.13,173120,173120,1400-3-8,2021-05-29
572,ضجار7038,اختيارخ وتجارت-1797-1400/07/21,17,642,263331000,281,420,440,159,56.58,410,129,45.91,330,440,1400-3-8,2021-05-29
573,ولانا,شركت ليزينگ آريا دانا,17,11364,384216840,34855,33810,33810,-1045,-3,34814,-41,-0.12,33810,33810,1400-3-8,2021-05-29
574,زقيام,كشت و دام قيام اصفهان,17,13933,379952910,28705,27270,27270,-1435,-5,28667,-38,-0.13,27270,27270,1400-3-8,2021-05-29
575,حتوكا,حمل‌ونقل‌توكا,17,9561,194375130,21400,20330,20330,-1070,-5,21390,-10,-0.05,20330,20330,1400-3-8,2021-05-29
576,خوساز,محورسازان‌ايران‌خودرو,17,22926,157501620,7230,6870,6870,-360,-4.98,7230,0,0,6870,6870,1400-3-8,2021-05-29
577,ولشرق,ليزينگ ايران و شرق,17,321889,2528438095,8268,7855,7855,-413,-5,8195,-73,-0.88,7855,7855,1400-3-8,2021-05-29
578,دشيمي,شيمي‌ داروئي‌ داروپخش‌,17,7370,212993000,30420,28900,28900,-1520,-5,30400,-20,-0.07,28900,28900,1400-3-8,2021-05-29
579,ساربيل,سيمان آرتا اردبيل,17,28504,1446292960,53410,50740,50740,-2670,-5,53140,-270,-0.51,50740,50740,1400-3-8,2021-05-29
580,كشرق,صنعتي و معدني شمال شرق شاهرود,17,93028,7540756652,85325,81059,81059,-4266,-5,83068,-2257,-2.65,81059,81059,1400-3-8,2021-05-29
581,آبين,كشت و صنعت آبشيرين,16,50559,208606434,4210,4126,4126,-84,-2,4206,-4,-0.1,4126,4126,1400-3-8,2021-05-29
582,ددام,داروسازي زاگرس فارمد پارس,16,43555,701671050,16950,16110,16110,-840,-4.96,16910,-40,-0.24,16110,16110,1400-3-8,2021-05-29
583,خموتور,موتورسازان‌تراكتورسازي‌ايران‌,16,16509,234262710,14930,14190,14190,-740,-4.96,14920,-10,-0.07,14190,14190,1400-3-8,2021-05-29
584,سغرب,سيمان‌غرب‌,16,11505,304077150,27820,26430,26430,-1390,-5,27790,-30,-0.11,26430,26430,1400-3-8,2021-05-29
585,طترا3009,اختيارف شتران-20000-1400/03/09,15,1500,18230000000,1,12200,12100,12099,1209900,12153,12152,1215200,12100,12200,1400-3-8,2021-05-29
586,ثپرديس,سرمايه گذاري مسكن پرديس,15,118211,1139435829,10146,9639,9639,-507,-5,10105,-41,-0.4,9639,9639,1400-3-8,2021-05-29
587,تملي703,تسهيلات مسكن ب. ملي-خرداد97,15,352,232685200,678636,712560,712000,33364,4.92,661037,-17599,-2.59,644705,712567,1400-3-8,2021-05-29
588,چفيبر,فيبر ايران‌,15,13458,171185760,13380,12720,12720,-660,-4.93,13370,-10,-0.07,12720,12720,1400-3-8,2021-05-29
589,وليز,ليزينگ‌ايران‌,15,96851,878438570,9540,9070,9070,-470,-4.93,9510,-30,-0.31,9070,9070,1400-3-8,2021-05-29
590,خكمك,كمك‌فنرايندامين‌,15,22039,552958510,26410,25090,25090,-1320,-5,26360,-50,-0.19,25090,25090,1400-3-8,2021-05-29
591,سپر,صندوق س سپر سرمايه بيدار- ثابت,15,397988,4722539068,11858,11866,11866,8,0.07,11866,8,0.07,11866,11869,1400-3-8,2021-05-29
592,ضخود7073,اختيارخ خودرو-1600-1400/07/07,15,391,162814000,277,378,427,150,54.15,416,139,50.18,337,449,1400-3-8,2021-05-29
593,غپآذر,شير پگاه آذربايجان شرقي,15,4385,228217325,54784,52045,52045,-2739,-5,54740,-44,-0.08,52045,52045,1400-3-8,2021-05-29
594,ضفلا3005,اختيارخ فولاد-9986-1400/03/19,14,148,36393116,100,99,220,120,120,175,75,75,60,220,1400-3-8,2021-05-29
595,غشهد,شهد ايران ‌,14,15649,103126910,6930,6590,6590,-340,-4.91,6930,0,0,6590,6590,1400-3-8,2021-05-29
596,وايران,ليزينگ ايرانيان,14,110564,1306866480,12440,11820,11820,-620,-4.98,12380,-60,-0.48,11820,11820,1400-3-8,2021-05-29
597,شپارس,بين‌ المللي‌ محصولات‌  پارس‌,14,29542,620677420,22110,21010,21010,-1100,-4.98,22060,-50,-0.23,21010,21010,1400-3-8,2021-05-29
598,دتوزيع,توزيع دارو پخش,14,12578,569657620,47673,45290,45290,-2383,-5,47611,-62,-0.13,45290,45290,1400-3-8,2021-05-29
599,طلا2,صندوق س.پشتوانه طلاي لوتوس,14,1400000,1400000,75266,1,1,-75265,-100,1,-75265,-100,1,1,1400-3-8,2021-05-29
600,ضپال2006,اختيارخ اپال-28000-1401/02/12,14,1105,577750000,450,500,550,100,22.22,523,73,16.22,500,550,1400-3-8,2021-05-29
601,قشير,قند شيروان قوچان و بجنورد,13,29357,715136520,25642,24360,24360,-1282,-5,25578,-64,-0.25,24360,24360,1400-3-8,2021-05-29
602,بالبر,كابل‌ البرز,13,5609,314384450,58990,56050,56050,-2940,-4.98,58930,-60,-0.1,56050,56050,1400-3-8,2021-05-29
603,فافزا,فولاد افزا سپاهان,13,2865,132746910,47766,46334,46334,-1432,-3,47746,-20,-0.04,46334,46334,1400-3-8,2021-05-29
604,كيسون,شركت كيسون,13,23143,259710746,11451,11222,11222,-229,-2,11448,-3,-0.03,11222,11222,1400-3-8,2021-05-29
605,زعف0008پ11,زعفران0008نگين سحرخيز(پ),13,3428,421467000,122000,124490,122000,0,0,122948,948,0.78,122000,124490,1400-3-8,2021-05-29
606,ضترا3001,اختيارخ شتران-7000-1400/03/09,13,46,46995000,477,650,1060,583,122.22,1022,545,114.26,650,1300,1400-3-8,2021-05-29
607,زنجان,صنايع كشاورزي وكود زنجان,13,47730,423842400,9347,8880,8880,-467,-5,9331,-16,-0.17,8880,8880,1400-3-8,2021-05-29
608,بايكا,كارخانجات كابلسازي ‌ايران‌,13,9617,342615242,36727,35626,35626,-1101,-3,36688,-39,-0.11,35626,35626,1400-3-8,2021-05-29
609,غپاك,لبنيات‌ پاك‌,13,3929,111937210,29980,28490,28490,-1490,-4.97,29970,-10,-0.03,28490,28490,1400-3-8,2021-05-29
610,وسنا,سرمايه گذاري نيروگاهي ايران,12,20050,304900350,15677,15207,15207,-470,-3,15670,-7,-0.04,15207,15207,1400-3-8,2021-05-29
611,حآسا,آسيا سير ارس,12,71222,2709854656,40050,38048,38048,-2002,-5,39669,-381,-0.95,38048,38048,1400-3-8,2021-05-29
612,شدوص,دوده‌ صنعتي‌ پارس‌,12,11893,242498270,21460,20390,20390,-1070,-4.99,21440,-20,-0.09,20390,20390,1400-3-8,2021-05-29
613,خنصير,مهندسي‌نصيرماشين‌,12,3728,383312960,108230,102820,102820,-5410,-5,108080,-150,-0.14,102820,102820,1400-3-8,2021-05-29
614,غويتاح,ح . ويتانا,12,19631,249411855,12100,12705,12705,605,5,12705,605,5,12705,12705,1400-3-8,2021-05-29
615,زعف0008پ09,زعفران0008نگين نوين(پ),12,1480,174083190,119940,120000,117006,-2934,-2.45,117624,-2316,-1.93,117006,120000,1400-3-8,2021-05-29
616,فسا,پتروشيمي فسا,12,240000,411360000,1766,1714,1714,-52,-2.94,1764,-2,-0.11,1714,1714,1400-3-8,2021-05-29
617,تملي709,تسهيلات مسكن ب. ملي-آذر97,12,345,304188020,866016,822716,909316,43300,5,881704,15688,1.81,822716,909316,1400-3-8,2021-05-29
618,بسويچ,پارس‌سويچ‌,12,4561,119087710,27480,26110,26110,-1370,-4.99,27470,-10,-0.04,26110,26110,1400-3-8,2021-05-29
619,شتولي,تولي‌پرس‌,12,4219,147888607,35768,35053,35053,-715,-2,35746,-22,-0.06,35053,35053,1400-3-8,2021-05-29
620,حبندر,دريايي و کشتيراني خط دريابندر,12,104385,3184681965,31452,30509,30509,-943,-3,31142,-310,-0.99,30509,30509,1400-3-8,2021-05-29
621,شصدفح,ح . صنعتي دوده فام,12,18540,530041326,28855,29697,27413,-1442,-5,28589,-266,-0.92,27413,29697,1400-3-8,2021-05-29
622,سكرد,سيمان كردستان,11,27951,260223810,9790,9310,9310,-480,-4.9,9780,-10,-0.1,9310,9310,1400-3-8,2021-05-29
623,كفرآور,فرآورده هاي سيمان شرق,11,6944,158982880,23603,22895,22895,-708,-3,23591,-12,-0.05,22895,22895,1400-3-8,2021-05-29
624,ضملي7004,اختيارخ فملي-13720-1400/07/11,11,59,58870000,817,1000,1000,183,22.4,998,181,22.15,950,1000,1400-3-8,2021-05-29
625,اخزا713,اسنادخزانه-م13بودجه97-000518,11,676,648927000,958260,958501,959200,940,0.1,959951,1691,0.18,958501,962000,1400-3-8,2021-05-29
626,خكار,ايركا پارت صنعت,11,7466,153724940,21670,20590,20590,-1080,-4.98,21660,-10,-0.05,20590,20590,1400-3-8,2021-05-29
627,وايرا,سرمايه گذاري صنايع ايران,11,11562,133922646,12192,11583,11583,-609,-5,12183,-9,-0.07,11583,11583,1400-3-8,2021-05-29
628,اخزا820,اسنادخزانه-م20بودجه98-020806,11,11480,6997225539,609358,610000,608900,-458,-0.08,609514,156,0.03,606031,610000,1400-3-8,2021-05-29
629,سفار,سيمان‌فارس‌,11,48089,6608390380,144650,137420,137420,-7230,-5,141300,-3350,-2.32,137420,137420,1400-3-8,2021-05-29
630,ضسپا8039,اختيارخ خساپا-1200-1400/08/26,11,417,251729000,423,599,620,197,46.57,604,181,42.79,599,620,1400-3-8,2021-05-29
631,ضترا8057,اختيارخ شتران-3000-1400/08/09,11,144,212485000,1114,1450,1700,586,52.6,1476,362,32.5,1400,1700,1400-3-8,2021-05-29
632,زعف0008پ10,زعفران0008نگين طلاي سرخ(پ),10,13301,1614339584,121635,118500,121500,-135,-0.11,121370,-265,-0.22,118500,123000,1400-3-8,2021-05-29
633,غچين,كشت‌ و صنعت‌ چين‌ چين,10,5401,100890680,19660,18680,18680,-980,-4.98,19650,-10,-0.05,18680,18680,1400-3-8,2021-05-29
634,فردا2,صندوق س آواي فرداي زاگرس-ثابت,10,1000000,1000000,10752,1,1,-10751,-99.99,1,-10751,-99.99,1,1,1400-3-8,2021-05-29
635,شكف,كف,10,10969,1077693281,100254,98249,98249,-2005,-2,100034,-220,-0.22,98249,98249,1400-3-8,2021-05-29
636,خاتم2,صندوق س خاتم ايساتيس پويا-ثابت,10,9500000,9500000,11159,1,1,-11158,-99.99,1,-11158,-99.99,1,1,1400-3-8,2021-05-29
637,جهرم,پتروشيمي جهرم,9,60294,103645386,1772,1719,1719,-53,-2.99,1771,-1,-0.06,1719,1719,1400-3-8,2021-05-29
638,تپكو,توليدتجهيزات‌سنگين‌هپكو,9,56504,299414696,5407,5299,5299,-108,-2,5406,-1,-0.02,5299,5299,1400-3-8,2021-05-29
639,اپرداز,آتيه داده پرداز,9,9700,195813900,21249,20187,20187,-1062,-5,21234,-15,-0.07,20187,20187,1400-3-8,2021-05-29
640,پاسا,ايران‌ياساتايرورابر,9,2913,73844550,26680,25350,25350,-1330,-4.99,26670,-10,-0.04,25350,25350,1400-3-8,2021-05-29
641,وآذر,سرمايه‌گذاري‌توسعه‌آذربايجان‌,9,2148,167544000,82100,78000,78000,-4100,-4.99,82050,-50,-0.06,78000,78000,1400-3-8,2021-05-29
642,داوه,داروسازي آوه سينا,9,7752,148520568,20167,19159,19159,-1008,-5,20156,-11,-0.05,19159,19159,1400-3-8,2021-05-29
643,فلامي,لاميران‌,9,3498,133973400,40310,38300,38300,-2010,-4.99,40290,-20,-0.05,38300,38300,1400-3-8,2021-05-29
644,خچرخش,چرخشگر,9,22974,296134860,13560,12890,12890,-670,-4.94,13550,-10,-0.07,12890,12890,1400-3-8,2021-05-29
645,وتعاون,بيمه  تعاون,8,13329,78787719,6093,5911,5911,-182,-2.99,6092,-1,-0.02,5911,5911,1400-3-8,2021-05-29
646,اخزا723,اسنادخزانه-م23بودجه97-000824,8,623,566930000,912116,910000,910000,-2116,-0.23,910000,-2116,-0.23,910000,910000,1400-3-8,2021-05-29
647,رتكو,كنترل‌خوردگي‌تكين‌كو,8,13065,213874050,17230,16370,16370,-860,-4.99,17220,-10,-0.06,16370,16370,1400-3-8,2021-05-29
648,تكنو,تكنوتار,8,60711,1225755090,21250,20190,20190,-1060,-4.99,21160,-90,-0.42,20190,20190,1400-3-8,2021-05-29
649,سصفها,سيمان‌اصفهان‌,8,390,46632300,125860,119570,119570,-6290,-5,125850,-10,-0.01,119570,119570,1400-3-8,2021-05-29
650,بالاس,مهندسي ساختمان تاسيسات راه آهن,8,140783,7297064456,54560,51832,51832,-2728,-5,53163,-1397,-2.56,51832,51832,1400-3-8,2021-05-29
651,خعمرا,توسعه و عمران شهرستان نائين,8,13700,337088500,23434,24605,24605,1171,5,23472,38,0.16,24605,24605,1400-3-8,2021-05-29
652,ضملي7005,اختيارخ فملي-15720-1400/07/11,8,21,11130000,326,500,550,224,68.71,530,204,62.58,500,550,1400-3-8,2021-05-29
653,برن0003پ01,برنج طارم0003تجارت مازندران(پ),8,947,262603000,277090,277000,276500,-590,-0.21,277300,210,0.08,276500,280000,1400-3-8,2021-05-29
654,سدبير,س. تدبيرگران فارس وخوزستان,8,4890,402745290,86695,82361,82361,-4334,-5,86573,-122,-0.14,82361,82361,1400-3-8,2021-05-29
655,اخزا811,اسنادخزانه-م11بودجه98-001013,8,4118,3645941330,885967,885000,887000,1033,0.12,885367,-600,-0.07,885000,887000,1400-3-8,2021-05-29
656,فبيرا,بسته‌ بندي‌ ايران‌,8,35300,103887900,3097,2943,2943,-154,-4.97,3095,-2,-0.06,2943,2943,1400-3-8,2021-05-29
657,اخزا907,اسنادخزانه-م7بودجه99-020704,8,15619,9681374434,620087,619111,620000,-87,-0.01,619846,-241,-0.04,618555,620000,1400-3-8,2021-05-29
658,تاپكيش,تجارت الكترونيك پارسيان كيش,7,3361,58034387,18175,17267,17267,-908,-5,18171,-4,-0.02,17267,17267,1400-3-8,2021-05-29
659,تملي805,تسهيلات مسكن ب. ملي-مرداد98,7,60,44674560,709120,744576,744576,35456,5,744576,35456,5,744576,744576,1400-3-8,2021-05-29
660,تكنار,مجتمع معادن مس تكنار,7,717,81605355,117335,113815,113815,-3520,-3,117305,-30,-0.03,113815,113815,1400-3-8,2021-05-29
661,ضغدر3000,اختيارخ وغدير-6200-1400/03/26,7,60,223205000,3000,3555,3850,850,28.33,3720,720,24,3555,3850,1400-3-8,2021-05-29
662,اخزا813,اسنادخزانه-م13بودجه98-010219,7,2701,2237662499,828078,829000,829000,922,0.11,828457,379,0.05,828021,829999,1400-3-8,2021-05-29
663,سنير,سيمان‌ سفيد ني‌ريز,7,597,139303980,245620,233340,233340,-12280,-5,245500,-120,-0.05,233340,233340,1400-3-8,2021-05-29
664,ثعمرا,عمران و توسعه شاهد,7,3498,43343718,13043,12391,12391,-652,-5,13041,-2,-0.02,12391,12391,1400-3-8,2021-05-29
665,اخزا716,اسنادخزانه-م16بودجه97-000407,7,490,482037668,985391,983010,983750,-1641,-0.17,983750,-1641,-0.17,982500,986498,1400-3-8,2021-05-29
666,غمهرا,توليدي‌مهرام‌,7,2161,250200580,121870,115780,115780,-6090,-5,121760,-110,-0.09,115780,115780,1400-3-8,2021-05-29
667,پست0008پ08,پسته فندقي32-30مه ولات0008(پ),7,164,259690000,1586667,1570000,1600000,13333,0.84,1583476,-3191,-0.2,1570000,1600000,1400-3-8,2021-05-29
668,اخزا721,اسنادخزانه-م21بودجه97-000728,7,1140,1051597191,921155,924000,923890,2735,0.3,922454,1299,0.14,920881,924000,1400-3-8,2021-05-29
669,اخزا805,اسنادخزانه-م5بودجه98-000422,7,241,234975060,972852,975000,975000,2148,0.22,975000,2148,0.22,975000,975010,1400-3-8,2021-05-29
670,ضسپا3000,اختيارخ خساپا-1400-1400/03/26,7,135,39209000,221,333,500,279,126.24,290,69,31.22,271,500,1400-3-8,2021-05-29
671,فجام,جام‌دارو,7,37214,344229500,9730,9250,9250,-480,-4.93,9720,-10,-0.1,9250,9250,1400-3-8,2021-05-29
672,خزر,فنرسازي‌زر,6,1272,53156880,43980,41790,41790,-2190,-4.98,43970,-10,-0.02,41790,41790,1400-3-8,2021-05-29
673,ثنوسا,نوسازي‌وساختمان‌تهران‌,6,4142,50035360,12710,12080,12080,-630,-4.96,12710,0,0,12080,12080,1400-3-8,2021-05-29
674,سدشت,صنايع سيمان دشتستان,6,2093,132193880,66480,63160,63160,-3320,-4.99,66470,-10,-0.02,63160,63160,1400-3-8,2021-05-29
675,ومشان,س. فني و مهندسي مشانير,6,4080,284237280,71820,69666,69666,-2154,-3,71757,-63,-0.09,69666,69666,1400-3-8,2021-05-29
676,سنوين,سرمايه گذاري اقتصاد نوين,6,13145,116504135,9137,8863,8863,-274,-3,9134,-3,-0.03,8863,8863,1400-3-8,2021-05-29
677,ضمخا7071,اختيارخ اخابر-23700-1400/07/28,6,113,3485000,95,52,70,-25,-26.32,31,-64,-67.37,10,70,1400-3-8,2021-05-29
678,تملي802,تسهيلات مسكن ب. ملي-ارديبهشت98,6,31,24377893,751245,788807,713683,-37562,-5,786384,35139,4.68,713683,788807,1400-3-8,2021-05-29
679,اخزا720,اسنادخزانه-م20بودجه97-000324,6,326,323112000,988666,991000,991100,2434,0.25,991141,2475,0.25,991000,992000,1400-3-8,2021-05-29
680,اخزا821,اسنادخزانه-م21بودجه98-020906,6,22680,13606248070,600410,598010,600000,-410,-0.07,599923,-487,-0.08,598010,600000,1400-3-8,2021-05-29
681,قنقش,قند نقش جهان,6,1561,107598169,71801,68929,68929,-2872,-4,71737,-64,-0.09,68929,68929,1400-3-8,2021-05-29
682,ضپاس7030,اختيارخ وپارس-3000-1400/07/28,6,177,60412000,200,100,480,280,140,341,141,70.5,48,480,1400-3-8,2021-05-29
683,زعف0008پ12,زعفران0008پوشالمعمول سحرخيز(پ),6,946,81731800,87938,83600,86600,-1338,-1.52,86397,-1541,-1.75,83600,87000,1400-3-8,2021-05-29
684,سيلام,سيمان‌ ايلام‌,6,7740,81192600,11040,10490,10490,-550,-4.98,11040,0,0,10490,10490,1400-3-8,2021-05-29
685,قنيشا,قند  نيشابور,6,3205,195088350,64070,60870,60870,-3200,-4.99,64030,-40,-0.06,60870,60870,1400-3-8,2021-05-29
686,ولصنم,ليزينگ‌صنعت‌ومعدن‌,6,7781,81311450,10990,10450,10450,-540,-4.91,10990,0,0,10450,10450,1400-3-8,2021-05-29
687,تملي701,تسهيلات مسكن ب. ملي-فروردين97,6,51,29798540,589488,560014,618900,29412,4.99,584285,-5203,-0.88,560014,618962,1400-3-8,2021-05-29
688,افرا,افرانت,6,1405,45708865,34245,32533,32533,-1712,-5,34240,-5,-0.01,32533,32533,1400-3-8,2021-05-29
689,كپشير,پشم‌شيشه‌ايران‌,6,3447,130813650,39940,37950,37950,-1990,-4.98,39920,-20,-0.05,37950,37950,1400-3-8,2021-05-29
690,ثاباد,توريستي ورفاهي آبادگران ايران,6,953,48888900,53990,51300,51300,-2690,-4.98,53980,-10,-0.02,51300,51300,1400-3-8,2021-05-29
691,غشاذر,پگاه‌آذربايجان‌غربي‌,6,5304,49698480,9860,9370,9370,-490,-4.97,9860,0,0,9370,9370,1400-3-8,2021-05-29
692,وهنر,گروه توسعه هنر ايران,6,85838,669793914,8044,7803,7803,-241,-3,8027,-17,-0.21,7803,7803,1400-3-8,2021-05-29
693,كمرجان,بازرگاني و توليدي مرجان كار,5,323,45074650,146894,139550,139550,-7344,-5,146871,-23,-0.02,139550,139550,1400-3-8,2021-05-29
694,بكاب,صنايع‌جوشكاب‌يزد,5,142,48532760,359760,341780,341780,-17980,-5,359700,-60,-0.02,341780,341780,1400-3-8,2021-05-29
695,اخزا810,اسنادخزانه-م10بودجه98-001006,5,3992,3552880000,887250,890000,890000,2750,0.31,890000,2750,0.31,890000,890000,1400-3-8,2021-05-29
696,كتوكا,توليدي و خدمات صنايع نسوز توكا,5,1503,48948201,34281,32567,32567,-1714,-5,34275,-6,-0.02,32567,32567,1400-3-8,2021-05-29
697,ضترا8058,اختيارخ شتران-3442-1400/08/09,5,35,40610000,800,1100,1300,500,62.5,1160,360,45,1100,1300,1400-3-8,2021-05-29
698,آ س پ,آ.س.پ,5,3407,52212275,16131,15325,15325,-806,-5,16128,-3,-0.02,15325,15325,1400-3-8,2021-05-29
699,ثالوند,سرمايه گذاري مسكن الوند,5,20914,640323938,32228,30617,30617,-1611,-5,32156,-72,-0.22,30617,30617,1400-3-8,2021-05-29
700,ولغدر,ليزينگ‌خودروغدير,5,2018,46656160,24330,23120,23120,-1210,-4.97,24330,0,0,23120,23120,1400-3-8,2021-05-29
701,تپولا,مهندسي مرآت پولاد,5,808,27475232,35055,34004,34004,-1051,-3,35052,-3,-0.01,34004,34004,1400-3-8,2021-05-29
702,حپارسا,توسعه حمل و نقل ريلي پارسيان,5,1510,50530640,35225,33464,33464,-1761,-5,35219,-6,-0.02,33464,33464,1400-3-8,2021-05-29
703,زمگسا,كشاورزي‌ ودامپروي‌ مگسال‌,5,1118,34467940,32450,30830,30830,-1620,-4.99,32450,0,0,30830,30830,1400-3-8,2021-05-29
704,هفجر102,اختيارف ت بفجر8626-01/02/11,5,24000,17376000,691,724,724,33,4.78,724,33,4.78,724,724,1400-3-8,2021-05-29
705,دحاوي,الحاوي,5,4599,54498150,12216,11850,11850,-366,-3,12214,-2,-0.02,11850,11850,1400-3-8,2021-05-29
706,اخزا816,اسنادخزانه-م16بودجه98-010503,5,1543,1225157915,793899,794000,794020,121,0.02,794010,111,0.01,794000,794021,1400-3-8,2021-05-29
707,ضصاد8031,اختيارخ وبصادر-1789-1400/08/12,5,230,100340000,176,480,272,96,54.55,436,260,147.73,272,530,1400-3-8,2021-05-29
708,سرو2,صندوق س سروسودمند مدبران-سهام,5,500000,500000,57010,1,1,-57009,-100,1,-57009,-100,1,1,1400-3-8,2021-05-29
709,اراد50,مرابحه عام دولت5-ش.خ0302,5,69000,69000000000,1000001,1000000,1000000,-1,0,1000000,-1,0,1000000,1000000,1400-3-8,2021-05-29
710,تملي804,تسهيلات مسكن ب. ملي-تير98,5,65,32728046,489324,488086,513790,24466,5,503508,14184,2.9,488086,513790,1400-3-8,2021-05-29
711,چكاوه,صنايع‌كاغذسازي‌كاوه‌,5,11942,208268480,18350,17440,17440,-910,-4.96,18340,-10,-0.05,17440,17440,1400-3-8,2021-05-29
712,تملي704,تسهيلات مسكن ب. ملي-تير97,5,118,74625526,606156,628237,636463,30307,5,632420,26264,4.33,628237,636463,1400-3-8,2021-05-29
713,ثجوان,تامين مسكن جوانان,5,8085,82564020,10749,10212,10212,-537,-5,10745,-4,-0.04,10212,10212,1400-3-8,2021-05-29
714,ضملت3003,اختيارخ وبملت-4500-1400/03/19,5,105,5450000,92,100,50,-42,-45.65,52,-40,-43.48,50,100,1400-3-8,2021-05-29
715,سهرمز,سيمان‌هرمزگان‌,4,1506,35481360,24800,23560,23560,-1240,-5,24800,0,0,23560,23560,1400-3-8,2021-05-29
716,كساوه,صنايع‌ كاشي‌ و سراميك‌ سينا,4,1886,125551020,70070,66570,66570,-3500,-5,70040,-30,-0.04,66570,66570,1400-3-8,2021-05-29
717,زير0003پ01,زيره سبز0003كيميابذر(پ),4,72,38654207,530000,530001,571432,41432,7.82,536864,6864,1.3,527010,571432,1400-3-8,2021-05-29
718,ضپاس7027,اختيارخ وپارس-1800-1400/07/28,4,67,83484000,933,994,1260,327,35.05,1246,313,33.55,994,1450,1400-3-8,2021-05-29
719,ضغدر3004,اختيارخ وغدير-11200-1400/03/26,4,8,646000,10,99,149,139,1390,81,71,710,50,149,1400-3-8,2021-05-29
720,اخزا807,اسنادخزانه-م7بودجه98-000719,4,205,189919735,927002,926311,928999,1997,0.22,926438,-564,-0.06,926311,928999,1400-3-8,2021-05-29
721,ضخود4001,اختيارخ خودرو-1600-1400/04/02,4,350,89000000,280,280,250,-30,-10.71,254,-26,-9.29,250,280,1400-3-8,2021-05-29
722,كطبس,ذغال‌سنگ‌ نگين‌ ط‌بس‌,4,893,58286110,68700,65270,65270,-3430,-4.99,68690,-10,-0.01,65270,65270,1400-3-8,2021-05-29
723,چافست,افست‌,4,2400,37848000,16590,15770,15770,-820,-4.94,16590,0,0,15770,15770,1400-3-8,2021-05-29
724,كترام,توليدي‌ كاشي‌ تكسرام‌,4,997,45862000,48420,46000,46000,-2420,-5,48410,-10,-0.02,46000,46000,1400-3-8,2021-05-29
725,آينده,بازرگاني آينده سازان بهشت پارس,4,3037,57259598,19846,18854,18854,-992,-5,19840,-6,-0.03,18854,18854,1400-3-8,2021-05-29
726,ضترا8056,اختيارخ شتران-2558-1400/08/09,4,19,52880000,1905,2490,3000,1095,57.48,2783,878,46.09,2490,3000,1400-3-8,2021-05-29
727,حسير,ريل سير كوثر,4,5062,83664736,17397,16528,16528,-869,-5,17392,-5,-0.03,16528,16528,1400-3-8,2021-05-29
728,فنرژي,گسترش صنايع انرژي آذرآب,4,2168,39429416,18558,18187,18187,-371,-2,18555,-3,-0.02,18187,18187,1400-3-8,2021-05-29
729,ساذري,آذريت‌,4,8406,53302446,6157,6341,6341,184,2.99,6158,1,0.02,6341,6341,1400-3-8,2021-05-29
730,اوان,مبين وان كيش,4,740,38341620,54539,51813,51813,-2726,-5,54532,-7,-0.01,51813,51813,1400-3-8,2021-05-29
731,سپيدما2,صندوق س. سپيد دماوند-د,4,40000000,40000000,10395,1,1,-10394,-99.99,1,-10394,-99.99,1,1,1400-3-8,2021-05-29
732,غبهار,كشت وصنعت بهاران گلبهار خراسان,4,1074,35595582,34168,33143,33143,-1025,-3,34164,-4,-0.01,33143,33143,1400-3-8,2021-05-29
733,داريك,صندوق س.اعتماد داريك-د,4,380000,4026480000,10592,10596,10596,4,0.04,10596,4,0.04,10596,10596,1400-3-8,2021-05-29
734,ثامان,سامان‌ گستراصفهان‌,4,960,20707200,22700,21570,21570,-1130,-4.98,22700,0,0,21570,21570,1400-3-8,2021-05-29
735,وسرضوي,س.سهام عدالت استان خراسان رضوي,4,30700,30055300,1030,979,979,-51,-4.95,1030,0,0,979,979,1400-3-8,2021-05-29
736,تابا,تابان نيرو سپاهان,4,851,45208524,55919,53124,53124,-2795,-5,55906,-13,-0.02,53124,53124,1400-3-8,2021-05-29
737,ضترا8055,اختيارخ شتران-2118-1400/08/09,4,32,113500000,2800,3700,3750,950,33.93,3547,747,26.68,3200,3750,1400-3-8,2021-05-29
738,اراد43,مرابحه عام دولت4-ش.خ 0205,3,5000,4916555000,965000,930000,997450,32450,3.36,983311,18311,1.9,930000,997450,1400-3-8,2021-05-29
739,تملي807,تسهيلات مسكن ب. ملي-مهر98,3,40,23170200,551672,579255,579255,27583,5,579255,27583,5,579255,579255,1400-3-8,2021-05-29
740,ضفلا3003,اختيارخ فولاد-7133-1400/03/19,3,70,244298500,1600,2500,2450,850,53.13,2489,889,55.56,2200,2500,1400-3-8,2021-05-29
741,ضفلا7004,اختيارخ فولاد-9586-1400/07/25,3,11,25094398,1180,1899,1600,420,35.59,1627,447,37.88,1600,1899,1400-3-8,2021-05-29
742,غشصفا,شيرپاستوريزه‌پگاه‌اصفهان‌,3,1722,44444820,27160,25810,25810,-1350,-4.97,27160,0,0,25810,25810,1400-3-8,2021-05-29
743,تملي707,تسهيلات مسكن ب. ملي-مهر97,3,36,28115993,744123,781000,780999,36876,4.96,781000,36877,4.96,780999,781000,1400-3-8,2021-05-29
744,ضجار7037,اختيارخ وتجارت-1597-1400/07/21,3,20,13200000,447,650,670,223,49.89,660,213,47.65,650,670,1400-3-8,2021-05-29
745,دقاضي,داروسازي شهيد قاضي,3,487,20426728,43241,41944,41944,-1297,-3,43239,-2,0,41944,41944,1400-3-8,2021-05-29
746,ثقزوي,شركت عمران و سازندگي قزوين,3,802,24753730,31819,30865,30865,-954,-3,31817,-2,-0.01,30865,30865,1400-3-8,2021-05-29
747,قهكمت,قندهكمتان‌,3,368,16096320,46040,43740,43740,-2300,-5,46040,0,0,43740,43740,1400-3-8,2021-05-29
748,پست0008پ04,پسته فندقي32-30سبزدانه0008(پ),3,18,28707998,1550000,1570000,1643999,93999,6.06,1594889,44889,2.9,1570000,1643999,1400-3-8,2021-05-29
749,وسالت,بانك قرض الحسنه رسالت,3,10192,11649456,1110,1143,1143,33,2.97,1110,0,0,1143,1143,1400-3-8,2021-05-29
750,ثشرق,سرمايه گذاري مسكن شمال شرق,3,20977,137399350,6890,6550,6550,-340,-4.93,6890,0,0,6550,6550,1400-3-8,2021-05-29
751,زير0003پ02,زيره سبز0003 دانش(پ),3,100,54120000,555282,550000,530000,-25282,-4.55,541200,-14082,-2.54,530000,550000,1400-3-8,2021-05-29
752,ضپاس7028,اختيارخ وپارس-2000-1400/07/28,3,20,18010000,800,840,950,150,18.75,900,100,12.5,840,950,1400-3-8,2021-05-29
753,ضفلا3006,اختيارخ فولاد-11413-1400/03/19,3,22,329470,5,5,25,20,400,11,6,120,5,25,1400-3-8,2021-05-29
754,تملي612,تسهيلات مسكن بانك ملي-اسفند96,3,26,17065672,625117,656372,656372,31255,5,656372,31255,5,656372,656372,1400-3-8,2021-05-29
755,نيرو,نيرو سرمايه,3,296,15457416,53836,52221,52221,-1615,-3,53833,-3,-0.01,52221,52221,1400-3-8,2021-05-29
756,وثخوز,سرمايه گذاري و توسعه خوزستان,3,2153,144326355,70563,67035,67035,-3528,-5,70509,-54,-0.08,67035,67035,1400-3-8,2021-05-29
757,سپرمي,پرميت‌,3,5000,45565000,8935,9113,9113,178,1.99,8938,3,0.03,9113,9113,1400-3-8,2021-05-29
758,زعف0008پ19,زعفران0008نگين تروند قاينات(پ),3,1200,143286134,119218,119899,119200,-18,-0.02,119405,187,0.16,119200,119899,1400-3-8,2021-05-29
759,كاسپين,داروسازي كاسپين تامين,3,944,23093072,25750,24463,24463,-1287,-5,25748,-2,-0.01,24463,24463,1400-3-8,2021-05-29
760,غاذر,كشت‌وصنعت‌پياذر,3,698,36931180,55690,52910,52910,-2780,-4.99,55680,-10,-0.02,52910,52910,1400-3-8,2021-05-29
761,ثزاگرس,سرمايه گذاري توسعه عمران زاگرس,2,220,11911680,56993,54144,54144,-2849,-5,56989,-4,-0.01,54144,54144,1400-3-8,2021-05-29
762,اخزا804,اسنادخزانه-م4بودجه98-000421,2,160,156160000,974000,976000,976000,2000,0.21,976000,2000,0.21,976000,976000,1400-3-8,2021-05-29
763,كهرام,توليدي گرانيت بهسرام,2,123,13260384,113482,107808,107808,-5674,-5,113474,-8,-0.01,107808,107808,1400-3-8,2021-05-29
764,اراد33,مرابحه عام دولت3-ش.خ 0303,2,1100,999757000,866000,905000,909257,43257,5,908870,42870,4.95,905000,909257,1400-3-8,2021-05-29
765,ضغدر3002,اختيارخ وغدير-8200-1400/03/26,2,15,25550000,1400,2700,1550,150,10.71,1703,303,21.64,1550,2700,1400-3-8,2021-05-29
766,ثنظام,س. ساختماني نظام مهندسي ايران,2,2843,130655751,47378,45957,45957,-1421,-3,47359,-19,-0.04,45957,45957,1400-3-8,2021-05-29
767,اراد61,مرابحه عام دولت61-ش.خ0309,2,40000,40000000000,1000000,1000000,1000000,0,0,1000000,0,0,1000000,1000000,1400-3-8,2021-05-29
768,كيا,كيا الكترود شرق,2,51195,463314750,9030,9050,9050,20,0.22,9050,20,0.22,9050,9050,1400-3-8,2021-05-29
769,ضپيك7041,اختيارخ تاپيكو-7070-00/07/18,2,42,92000000,1525,2000,2500,975,63.93,2190,665,43.61,2000,2500,1400-3-8,2021-05-29
770,غدام,خوراك‌  دام‌ پارس‌,2,114,42623460,393560,373890,373890,-19670,-5,393500,-60,-0.02,373890,373890,1400-3-8,2021-05-29
771,اخزا722,اسنادخزانه-م22بودجه97-000428,2,61,59318000,970830,971600,974000,3170,0.33,972426,1596,0.16,971600,974000,1400-3-8,2021-05-29
772,وشمال,س. چشم انداز توسعه شمال,2,930,79780980,88439,85786,85786,-2653,-3,88417,-22,-0.02,85786,85786,1400-3-8,2021-05-29
773,نگين,ص.س. زمين و ساختمان نگين شهرري,2,1060,50686000,47850,47850,47710,-140,-0.29,47820,-30,-0.06,47710,47850,1400-3-8,2021-05-29
774,تنوين2,تامين سرمايه نوين,2,149900000,1109260000000,7400,7400,7400,0,0,7400,0,0,7400,7400,1400-3-8,2021-05-29
775,زكشت,كشاورزي مكانيزه اصفهان كشت,2,532,20399540,40363,38345,38345,-2018,-5,40360,-3,-0.01,38345,38345,1400-3-8,2021-05-29
776,اروند04,منفعت صبا اروند كاردان14001113,2,10,9901960,989522,980393,999999,10477,1.06,990196,674,0.07,980393,999999,1400-3-8,2021-05-29
777,ضشنا8004,اختيارخ شپنا-10800-1400/08/16,2,5,1205000,850,241,241,-609,-71.65,241,-609,-71.65,241,241,1400-3-8,2021-05-29
778,ثغرب,شركت سرمايه گذاري مسكن شمالغرب,2,20000,151240000,7960,7562,7562,-398,-5,7956,-4,-0.05,7562,7562,1400-3-8,2021-05-29
779,اراد364,مرابحه عام دولت3-ش.خ 0104,2,4200000,3973326000000,985000,946030,946030,-38970,-3.96,946030,-38970,-3.96,946030,946030,1400-3-8,2021-05-29
780,هپارس102,اختيارف ت پارس-157010-01/02/05,2,263,796627,3383,3029,3029,-354,-10.46,3029,-354,-10.46,3029,3029,1400-3-8,2021-05-29
781,ضملي7001,اختيارخ فملي-8720-1400/07/11,2,2,8500000,3660,4000,4500,840,22.95,4250,590,16.12,4000,4500,1400-3-8,2021-05-29
782,وجامي,سرمايه گذاري جامي,2,1810,25917390,15072,14319,14319,-753,-5,15070,-2,-0.01,14319,14319,1400-3-8,2021-05-29
783,قلرست,قند لرستان‌,2,800,27216000,35810,34020,34020,-1790,-5,35810,0,0,34020,34020,1400-3-8,2021-05-29
784,لخانه,لوازم‌ خانگي‌ پارس‌,2,2496,64910976,27374,26006,26006,-1368,-5,27365,-9,-0.03,26006,26006,1400-3-8,2021-05-29
785,خفناور,مهندسي صنعتي روان فن آور,2,609,28538958,48311,46862,46862,-1449,-3,48307,-4,-0.01,46862,46862,1400-3-8,2021-05-29
786,ثتوسا,س.توسعه و عمران استان اردبيل,2,3314,124931172,38863,37698,37698,-1165,-3,38848,-15,-0.04,37698,37698,1400-3-8,2021-05-29
787,طمخا7068,اختيارف اخابر-15700-1400/07/28,1,4,29256000,7687,7314,7314,-373,-4.85,7314,-373,-4.85,7314,7314,1400-3-8,2021-05-29
788,اخزا8122,اسنادخزانه-م12بودجه98-001111,1,456000,399456000000,878149,876000,876000,-2149,-0.24,876000,-2149,-0.24,876000,876000,1400-3-8,2021-05-29
789,ضمخا7080,اختيارخ اخابر-5700-1400/07/28,1,25,49250000,1780,1970,1970,190,10.67,1970,190,10.67,1970,1970,1400-3-8,2021-05-29
790,ضملت3005,اختيارخ وبملت-6000-1400/03/19,1,1,5000,50,5,5,-45,-90,5,-45,-90,5,5,1400-3-8,2021-05-29
791,لازما,كارخانه هاي صنعتي آزمايش,1,220,7299820,34207,33181,33181,-1026,-3,34206,-1,0,33181,33181,1400-3-8,2021-05-29
792,اراد434,مرابحه عام دولت4-ش.خ 0205,1,1000000,925000000000,965000,925000,925000,-40000,-4.15,925000,-40000,-4.15,925000,925000,1400-3-8,2021-05-29
793,فايرا2,آلومينيوم‌ايران‌,1,15000000,258000000000,16750,17200,17200,450,2.69,17200,450,2.69,17200,17200,1400-3-8,2021-05-29
794,افاد82,منفعت دولت8-ش.خاص لوتوس0205,1,5000,4850000000,980838,970000,970000,-10838,-1.1,970000,-10838,-1.1,970000,970000,1400-3-8,2021-05-29
795,شسم,توليد سموم‌ علف‌ كش,1,228,21617820,92956,94815,94815,1859,2,92964,8,0.01,94815,94815,1400-3-8,2021-05-29
796,ضبدر3002,اختيارخ شبندر-3843-1400/03/30,1,1,4500000,3021,4500,4500,1479,48.96,4500,1479,48.96,4500,4500,1400-3-8,2021-05-29
797,ضجار7040,اختيارخ وتجارت-2497-1400/07/21,1,2,368000,143,184,184,41,28.67,184,41,28.67,184,184,1400-3-8,2021-05-29
798,تابان042,اجاره تابان سپهر14031126,1,1490000,1492327380000,1010000,1001562,1001562,-8438,-0.84,1001562,-8438,-0.84,1001562,1001562,1400-3-8,2021-05-29
799,اراد65,مرابحه عام دولتي65-ش.خ0210,1,1000,964999000,959541,964999,964999,5458,0.57,964999,5458,0.57,964999,964999,1400-3-8,2021-05-29
800,سميعا002,سلف موازي استاندارد سميعا002,1,40000,52434880000,1309175,1310872,1310872,1697,0.13,1310872,1697,0.13,1310872,1310872,1400-3-8,2021-05-29
801,طمخا7071,اختيارف اخابر-23700-1400/07/28,1,21,319515000,16250,15215,15215,-1035,-6.37,15215,-1035,-6.37,15215,15215,1400-3-8,2021-05-29
802,بشهاب,لامپ‌  پارس‌ شهاب‌,1,37,5242160,149130,141680,141680,-7450,-5,149130,0,0,141680,141680,1400-3-8,2021-05-29
803,وسكرمان,س.سهام عدالت استان كرمان,1,6000,5874000,1030,979,979,-51,-4.95,1030,0,0,979,979,1400-3-8,2021-05-29
804,وسيزد,شركت س استان يزد,1,12350,15017600,1280,1216,1216,-64,-5,1280,0,0,1216,1216,1400-3-8,2021-05-29
805,دشيري,شيرين دارو,1,26,5763732,228538,221682,221682,-6856,-3,228534,-4,0,221682,221682,1400-3-8,2021-05-29
806,ضمخا7066,اختيارخ اخابر-11700-1400/07/28,1,2,1080000,599,540,540,-59,-9.85,540,-59,-9.85,540,540,1400-3-8,2021-05-29
807,كرمان00,رهني كرمان موتور14001130,1,1000,1040000000,1050000,1040000,1040000,-10000,-0.95,1040000,-10000,-0.95,1040000,1040000,1400-3-8,2021-05-29
808,اخزا718,اسنادخزانه-م18بودجه97-000525,1,2,1910836,957192,955418,955418,-1774,-0.19,955418,-1774,-0.19,955418,955418,1400-3-8,2021-05-29
809,حپترو,حمل و نقل پتروشيمي( سهامي عام,1,100,5122000,53910,51220,51220,-2690,-4.99,53910,0,0,51220,51220,1400-3-8,2021-05-29
810,ضصاد8032,اختيارخ وبصادر-1989-1400/08/12,1,80,32000000,148,400,400,252,170.27,400,252,170.27,400,400,1400-3-8,2021-05-29
811,وآفري,بيمه كارآفرين,1,1553,4999107,3318,3219,3219,-99,-2.98,3318,0,0,3219,3219,1400-3-8,2021-05-29
812,ضسپا3007,اختيارخ خساپا-4000-1400/03/26,1,10,10000,29,1,1,-28,-96.55,1,-28,-96.55,1,1,1400-3-8,2021-05-29
813,شرق1400,مشاركت ليزينگ ايران وشرق140010,1,5,5040000,1008000,1008000,1008000,0,0,1008000,0,0,1008000,1008000,1400-3-8,2021-05-29
814,وسصفا,شركت س استان اصفهان,1,10000,10170000,1070,1017,1017,-53,-4.95,1070,0,0,1017,1017,1400-3-8,2021-05-29
815,تصميم2,صندوق س با درآمد ثابت تصميم,1,300000,300000,16413,1,1,-16412,-99.99,1,-16412,-99.99,1,1,1400-3-8,2021-05-29
816,كابگن,توليدي و صنعتي آبگينه‌,1,1945,10195690,5191,5242,5242,51,0.98,5191,0,0,5242,5242,1400-3-8,2021-05-29
817,وحافظ,بيمه حافظ,1,200,12880600,65717,64403,64403,-1314,-2,65714,-3,0,64403,64403,1400-3-8,2021-05-29
818,خپويش,سازه‌ پويش‌,1,4000,228680000,60170,57170,57170,-3000,-4.99,60120,-50,-0.08,57170,57170,1400-3-8,2021-05-29
819,تملي809,تسهيلات مسكن ب. ملي-آذر98,1,22,13413026,580651,609683,609683,29032,5,609683,29032,5,609683,609683,1400-3-8,2021-05-29
820,سفارود,كارخانه فارسيت درود,1,422,7468556,18059,17698,17698,-361,-2,18058,-1,-0.01,17698,17698,1400-3-8,2021-05-29
821,غديس,پاكديس,1,2047,26097203,13419,12749,12749,-670,-4.99,13418,-1,-0.01,12749,12749,1400-3-8,2021-05-29
822,كچاد2,معدني‌وصنعتي‌چادرملو,1,3000000,69000000000,22230,23000,23000,770,3.46,23000,770,3.46,23000,23000,1400-3-8,2021-05-29
823,صبا1401,اجاره مهندسي صبا نفت14010225,1,27,27540000,1000000,1020000,1020000,20000,2,1020000,20000,2,1020000,1020000,1400-3-8,2021-05-29
824,گكيش,توريستي ورفاهي آبادگران كيش,1,300,14061900,48322,46873,46873,-1449,-3,48320,-2,0,46873,46873,1400-3-8,2021-05-29
825,تفيرو,مهندسي فيروزا,1,100,1989900,19134,19899,19899,765,4,19134,0,0,19899,19899,1400-3-8,2021-05-29
826,زاگرس2,پتروشيمي زاگرس,1,465000,98347500000,205610,211500,211500,5890,2.86,211500,5890,2.86,211500,211500,1400-3-8,2021-05-29
827,صخابر102,صكوك اجاره مخابرات-3 ماهه 16%,1,5000,4855000000,985000,971000,971000,-14000,-1.42,971000,-14000,-1.42,971000,971000,1400-3-8,2021-05-29
828,تبريز112,مشاركت شهرداري تبريز-3ماهه18%,1,10,9216100,950000,921610,921610,-28390,-2.99,921610,-28390,-2.99,921610,921610,1400-3-8,2021-05-29
829,آسام,صندوق س.آرمان سپهر آشنا-م,1,10,1018300,101819,101830,101830,11,0.01,101830,11,0.01,101830,101830,1400-3-8,2021-05-29
830,ضغدر3003,اختيارخ وغدير-9200-1400/03/26,1,3,5100000,500,1700,1700,1200,240,1700,1200,240,1700,1700,1400-3-8,2021-05-29
831,تاصيكو2,سرمايه گذاري صدرتامين,1,309500000,3067145000000,9440,9910,9910,470,4.98,9910,470,4.98,9910,9910,1400-3-8,2021-05-29
832,ضمخا7075,اختيارخ اخابر-8700-1400/07/28,1,2,1200000,475,600,600,125,26.32,600,125,26.32,600,600,1400-3-8,2021-05-29
833,اراد55,مرابحه عام دولت5-ش.خ 0209,1,100,96999900,942015,969999,969999,27984,2.97,969999,27984,2.97,969999,969999,1400-3-8,2021-05-29
834,كساپا,سايپاشيشه‌,1,140,5184200,38970,37030,37030,-1940,-4.98,38970,0,0,37030,37030,1400-3-8,2021-05-29
835,ضملي7003,اختيارخ فملي-11720-1400/07/11,1,7,12250000,1341,1750,1750,409,30.5,1750,409,30.5,1750,1750,1400-3-8,2021-05-29
836,ضبدر8074,اختيارخ شبندر-2595-1400/08/30,1,1,9000000,1,9000,9000,8999,899900,9000,8999,899900,9000,9000,1400-3-8,2021-05-29
837,آساميد4,صندوق س.مشترك آسمان اميد -د,1,41000000,499995000000,12076,12195,12195,119,0.99,12195,119,0.99,12195,12195,1400-3-8,2021-05-29
838,سفاسي,شركت فارسيت اهواز,1,1092,14959308,14419,13699,13699,-720,-4.99,14418,-1,-0.01,13699,13699,1400-3-8,2021-05-29
839,تابان04,اجاره تابان سپهر14031126,1,10000,10015620000,1010000,1001562,1001562,-8438,-0.84,1001562,-8438,-0.84,1001562,1001562,1400-3-8,2021-05-29
840,حرهشا,رهشاد سپاهان (سهامي عام,1,90,5441850,61698,60465,60465,-1233,-2,61697,-1,0,60465,60465,1400-3-8,2021-05-29
841,سنفت009,سلف موازي استاندارد سنفت009,1,33000,50870325000,1538440,1541525,1541525,3085,0.2,1541525,3085,0.2,1541525,1541525,1400-3-8,2021-05-29
