,نماد,نام,تعداد,حجم,ارزش,دیروز,اولین,آخرین معامله - مقدار,آخرین معامله - تغییر,آخرین معامله - درصد,قیمت پایانی - مقدار,قیمت پایانی - تغییر,قیمت پایانی - درصد,کمترین,بیشترین,تاریخ,gregorian_date
0,سپيد,سپيد ماكيان,37527,2808446,82287467800,27910,29300,29300,1390,4.98,29300,1390,4.98,29300,29300,1400-5-9,2021-07-31
1,لطيف,محصولات كاغذي لطيف,32730,5742085,346677981558,58205,57800,61115,2910,5,60375,2170,3.73,56100,61115,1400-5-9,2021-07-31
2,فولاد,فولاد مباركه اصفهان,24868,231700713,2536912447630,10600,10690,11020,420,3.96,10950,350,3.3,10650,11050,1400-5-9,2021-07-31
3,شستا,سرمايه گذاري تامين اجتماعي,21957,118014896,1498932629040,12330,12290,12700,370,3,12700,370,3,12280,12920,1400-5-9,2021-07-31
4,پالايش,صندوق پالايشي يكم-سهام,21269,20655501,1452488913830,69680,69680,70110,430,0.62,70320,640,0.92,69010,71230,1400-5-9,2021-07-31
5,فملي,ملي‌ صنايع‌ مس‌ ايران‌,21065,172397745,2333733669980,12950,13200,13590,640,4.94,13540,590,4.56,13100,13590,1400-5-9,2021-07-31
6,ولكار,ليزينگ كارآفرين,18818,29211399,122442135703,4004,4180,4204,200,5,4192,188,4.7,4050,4204,1400-5-9,2021-07-31
7,خودرو,ايران‌ خودرو,15017,449178311,909171231312,2041,2031,2002,-39,-1.91,2024,-17,-0.83,1982,2089,1400-5-9,2021-07-31
8,شپنا,پالايش نفت اصفهان,14181,109339175,1331943551220,11850,11710,12220,370,3.12,12180,330,2.78,11710,12440,1400-5-9,2021-07-31
9,بركت,گروه دارويي بركت,13916,22742527,885443405870,38860,38600,38800,-60,-0.15,38930,70,0.18,38400,39940,1400-5-9,2021-07-31
10,فگستر,گسترش صنايع روي ايرانيان,13042,7022327,101486186285,14055,13530,14200,145,1.03,14452,397,2.82,13530,14750,1400-5-9,2021-07-31
11,گدنا,تهيه توزيع غذاي دنا آفرين فدك,12643,6212367,120592471867,20294,20101,19280,-1014,-5,19412,-882,-4.35,19280,20200,1400-5-9,2021-07-31
12,خساپا,سايپا,12216,380363600,654244697445,1682,1680,1704,22,1.31,1720,38,2.26,1674,1750,1400-5-9,2021-07-31
13,دارا يكم,صندوق واسطه گري مالي يكم-سهام,11698,5618387,658050763570,116520,115930,116690,170,0.15,117120,600,0.51,115930,118500,1400-5-9,2021-07-31
14,ومدير,گ.مديريت ارزش سرمايه ص ب كشوري,11235,51723864,221962029136,4100,4125,4305,205,5,4291,191,4.66,4125,4305,1400-5-9,2021-07-31
15,ذوب,سهامي ذوب آهن  اصفهان,10680,240318418,994413754358,3978,4000,4130,152,3.82,4138,160,4.02,3990,4176,1400-5-9,2021-07-31
16,وهامون,سرمايه گذاري هامون صبا,10601,9611871,19194906387,1902,1997,1997,95,4.99,1997,95,4.99,1997,1997,1400-5-9,2021-07-31
17,چخزر,صنايع چوب خزر كاسپين,10539,3968202,156229442615,38664,38040,39400,736,1.9,39370,706,1.83,37501,40588,1400-5-9,2021-07-31
18,بوعلي,پتروشيمي بوعلي سينا,10307,8282520,499505500220,57630,58790,60510,2880,5,60310,2680,4.65,58790,60510,1400-5-9,2021-07-31
19,فتوسا,توليد و توسعه سرب روي ايرانيان,10276,4058226,57660533693,14049,13901,14020,-29,-0.21,14208,159,1.13,13701,14600,1400-5-9,2021-07-31
20,غكورش,صنعت غذايي كورش,9957,6739627,278465759860,41170,40700,41190,20,0.05,41320,150,0.36,40510,42200,1400-5-9,2021-07-31
21,شتران,پالايش نفت تهران,9943,70527108,658202492070,9170,9100,9300,130,1.42,9330,160,1.74,9100,9610,1400-5-9,2021-07-31
22,وبملت,بانك ملت,9565,209148915,782692371090,3726,3689,3716,-10,-0.27,3742,16,0.43,3689,3825,1400-5-9,2021-07-31
23,وتجارت,بانك تجارت,8869,268110046,683879329083,2550,2550,2525,-25,-0.98,2551,1,0.04,2510,2599,1400-5-9,2021-07-31
24,خگستر,گسترش‌سرمايه‌گذاري‌ايران‌خودرو,8709,202886780,523598417187,2503,2490,2570,67,2.68,2581,78,3.12,2490,2628,1400-5-9,2021-07-31
25,شاروم,پتروشيمي اروميه,7770,3593793,55079550328,15123,15398,15340,217,1.43,15326,203,1.34,15000,15500,1400-5-9,2021-07-31
26,كزغال,زغال سنگ پروده طبس,7633,6980449,245123664836,33573,33600,35251,1678,5,35116,1543,4.6,33580,35251,1400-5-9,2021-07-31
27,كرمان,س. توسعه و عمران استان كرمان,7425,237341821,311464358631,1297,1298,1309,12,0.93,1312,15,1.16,1289,1342,1400-5-9,2021-07-31
28,كاما,باما,7332,41959559,511971392170,12150,12300,12030,-120,-0.99,12200,50,0.41,11900,12530,1400-5-9,2021-07-31
29,شگويا,پتروشيمي تندگويان,7181,36033495,413515201981,11198,11028,11420,222,1.98,11476,278,2.48,11028,11716,1400-5-9,2021-07-31
30,زملارد,كشاورزي و دامپروري ملارد شير,6854,3065130,91849529199,31409,30532,29990,-1419,-4.52,29966,-1443,-4.59,29839,30799,1400-5-9,2021-07-31
31,فارس,صنايع پتروشيمي خليج فارس,6834,128218718,1387383266430,10410,10550,10930,520,5,10820,410,3.94,10340,10930,1400-5-9,2021-07-31
32,فجر,فولاد اميركبيركاشان,6610,23091338,743671781480,32340,31020,32340,0,0,32210,-130,-0.4,31020,33870,1400-5-9,2021-07-31
33,ثاميد,توسعه و عمران اميد,6412,47657565,82284159299,1663,1720,1746,83,4.99,1727,64,3.85,1701,1746,1400-5-9,2021-07-31
34,پترول,گ.س.وت.ص.پتروشيمي خليج فارس,6411,41354889,392857192720,9320,9320,9510,190,2.04,9500,180,1.93,9240,9640,1400-5-9,2021-07-31
35,خزر,فنرسازي‌زر,6385,20042176,360632005280,18840,18200,18050,-790,-4.19,17990,-850,-4.51,17900,18810,1400-5-9,2021-07-31
36,غزر,صنعتي زر ماكارون,6326,2214561,50948260480,23150,23000,22830,-320,-1.38,23010,-140,-0.6,22800,23500,1400-5-9,2021-07-31
37,رافزا,رايان هم افزا,6161,932764,71326326506,75145,76490,75202,57,0.08,76468,1323,1.76,75022,78200,1400-5-9,2021-07-31
38,شفارس,صنايع‌ شيميايي‌ فارس‌,6046,192723819,355528762549,1893,1799,1907,14,0.74,1845,-48,-2.54,1799,1930,1400-5-9,2021-07-31
39,خبهمن,گروه‌بهمن‌,5977,239392659,336240596484,1402,1360,1379,-23,-1.64,1405,3,0.21,1360,1445,1400-5-9,2021-07-31
40,فخوز,فولاد  خوزستان,5898,61196811,1008840770700,15770,15450,16550,780,4.95,16490,720,4.57,15450,16550,1400-5-9,2021-07-31
41,نوري,پتروشيمي نوري,5798,8568561,778615030450,86730,89500,91060,4330,4.99,90870,4140,4.77,89000,91060,1400-5-9,2021-07-31
42,تاپيكو,س. نفت و گاز و پتروشيمي تأمين,5756,84693350,1212175374460,13650,13710,14330,680,4.98,14310,660,4.84,13710,14330,1400-5-9,2021-07-31
43,وبصادر,بانك صادرات ايران,5753,155199988,325149388204,2076,2052,2100,24,1.16,2095,19,0.92,2040,2133,1400-5-9,2021-07-31
44,سيتا,سرمايه گذاري سيمان تامين,5707,6582874,96702679960,14930,14790,14640,-290,-1.94,14690,-240,-1.61,14550,14930,1400-5-9,2021-07-31
45,وكبهمن,مديريت سرمايه گذاري كوثربهمن,5705,1869724,20167780678,10731,10602,10876,145,1.35,10787,56,0.52,10562,11000,1400-5-9,2021-07-31
46,ثبهساز,بهساز كاشانه تهران,5586,29943663,66038610079,2172,2194,2210,38,1.75,2205,33,1.52,2155,2237,1400-5-9,2021-07-31
47,ولپارس,ليزينگ پارسيان,5405,12213798,48819842937,4091,4022,4017,-74,-1.81,3997,-94,-2.3,3910,4188,1400-5-9,2021-07-31
48,وسپهر,سرمايه گذاري مالي سپهرصادرات,5257,11421262,106450154394,9290,9320,9320,30,0.32,9319,29,0.31,9320,9350,1400-5-9,2021-07-31
49,اپال,فرآوري معدني اپال كاني پارس,5087,7270867,161991726930,21730,21650,22390,660,3.04,22280,550,2.53,21650,22500,1400-5-9,2021-07-31
50,امين يكم,صندوق درآمد ثابت امين يكم فردا,5069,173451678,1738567650816,10018,10028,10026,8,0.08,10023,5,0.05,10015,10028,1400-5-9,2021-07-31
51,آبادا,توليد نيروي برق آبادان,4951,4719615,62083539170,13150,13010,13170,20,0.15,13150,0,0,12600,13590,1400-5-9,2021-07-31
52,فاهواز,نورد و لوله اهواز,4765,29607320,223877773915,7568,7643,7643,75,0.99,7562,-6,-0.08,7493,7643,1400-5-9,2021-07-31
53,فروي,ذوب روي اصفهان,4626,6805931,224534625182,31579,31400,33157,1578,5,32991,1412,4.47,31400,33157,1400-5-9,2021-07-31
54,بپيوند,برق و انرژي پيوندگستر پارس,4610,2687667,30098560658,11238,11093,11115,-123,-1.09,11199,-39,-0.35,10998,11450,1400-5-9,2021-07-31
55,آريا,پليمر آريا ساسول,4559,3531340,349755343324,95063,96350,99816,4753,5,99043,3980,4.19,96340,99816,1400-5-9,2021-07-31
56,طلا,صندوق س.پشتوانه طلاي لوتوس,4467,8520026,710882704034,80038,81350,84640,4602,5.75,83437,3399,4.25,81340,84869,1400-5-9,2021-07-31
57,كمند,صندوق س. با درآمد ثابت كمند,4465,177787568,1802286948286,10122,10137,10138,16,0.16,10137,15,0.15,10137,10139,1400-5-9,2021-07-31
58,غگل,گلوكوزان‌,4365,43064342,159287138736,3697,3603,3650,-47,-1.27,3699,2,0.05,3570,3798,1400-5-9,2021-07-31
59,خاور,ايران خودرو ديزل,4326,69314953,530199501544,7868,7632,7632,-236,-3,7649,-219,-2.78,7632,7900,1400-5-9,2021-07-31
60,بگيلان,توسعه مسير برق گيلان,4305,641087,12970335741,20514,19886,20301,-213,-1.04,20409,-105,-0.51,19886,20700,1400-5-9,2021-07-31
61,خپارس,پارس‌ خودرو,4241,151814928,174793576691,1121,1143,1148,27,2.41,1151,30,2.68,1139,1169,1400-5-9,2021-07-31
62,وخارزم,سرمايه گذاري خوارزمي,4204,36273102,217033596250,5900,5940,5970,70,1.19,5980,80,1.36,5850,6090,1400-5-9,2021-07-31
63,غنوش,نوش‌ مازندران‌,4078,5548825,197970358420,37280,37000,35500,-1780,-4.77,35680,-1600,-4.29,35420,37700,1400-5-9,2021-07-31
64,پيزد,مجتمع صنايع لاستيك يزد,4066,1555421,109958552123,68417,68256,71830,3413,4.99,70694,2277,3.33,67100,71837,1400-5-9,2021-07-31
65,غگيلا,شيرپاستوريزه پگاه گيلان,4031,3817487,78394400065,19828,20400,20819,991,5,20536,708,3.57,19900,20819,1400-5-9,2021-07-31
66,امين,تامين سرمايه امين,4016,2915521,22104619240,7560,7580,7580,20,0.26,7570,10,0.13,7560,7600,1400-5-9,2021-07-31
67,حكشتي,كشتيراني جمهوري اسلامي ايران,4007,15896506,270580576410,16880,16850,16880,0,0,17020,140,0.83,16420,17500,1400-5-9,2021-07-31
68,ومعادن,توسعه‌معادن‌وفلزات‌,3899,46251132,503564017910,10530,10780,10940,410,3.89,10890,360,3.42,10460,11040,1400-5-9,2021-07-31
69,وسخوز,شركت س استان خوزستان,3853,260819728,124026547089,475,470,498,23,4.84,476,1,0.21,452,498,1400-5-9,2021-07-31
70,تسه0004,امتيازتسهيلات مسكن تير1400,3788,107852,63658829222,596348,600000,595000,-1348,-0.23,590242,-6106,-1.02,576520,600000,1400-5-9,2021-07-31
71,وسكرمان,س.سهام عدالت استان كرمان,3769,274828200,132497214196,476,465,499,23,4.83,482,6,1.26,453,499,1400-5-9,2021-07-31
72,فزرين,زرين معدن آسيا,3729,15800614,277864832994,18362,17444,17827,-535,-2.91,17586,-776,-4.23,17444,18100,1400-5-9,2021-07-31
73,هاي وب,داده گسترعصرنوين-هاي وب,3710,30229017,260892810690,8720,8560,8530,-190,-2.18,8630,-90,-1.03,8480,8820,1400-5-9,2021-07-31
74,ثنوسا,نوسازي‌وساختمان‌تهران‌,3680,29498950,247789812030,8420,8310,8710,290,3.44,8400,-20,-0.24,8020,8800,1400-5-9,2021-07-31
75,وپويا,سرمايه گذاري پويا,3652,7475784,33692109609,4430,4390,4533,103,2.33,4507,77,1.74,4369,4590,1400-5-9,2021-07-31
76,وغدير,سرمايه‌گذاري‌غدير(هلدينگ‌,3545,42337817,578374890400,13070,13070,13720,650,4.97,13660,590,4.51,13070,13720,1400-5-9,2021-07-31
77,سدور,سيمان‌ دورود,3506,21055806,221795456970,10320,10830,10230,-90,-0.87,10530,210,2.03,10100,10830,1400-5-9,2021-07-31
78,كچاد,معدني‌وصنعتي‌چادرملو,3506,11120866,318493078150,27670,28220,29050,1380,4.99,28640,970,3.51,27830,29050,1400-5-9,2021-07-31
79,فاراكح,ح . ماشين‌ سازي‌ اراك‌,3492,70249627,63158502319,872,860,889,17,1.95,899,27,3.1,860,922,1400-5-9,2021-07-31
80,كگل,معدني و صنعتي گل گهر,3424,18353161,401867594690,20920,21260,21960,1040,4.97,21900,980,4.68,20930,21960,1400-5-9,2021-07-31
81,وگستر,گسترش سرمايه گذاري ايرانيان,3406,11676874,139504569638,12435,11815,12064,-371,-2.98,11947,-488,-3.92,11814,12428,1400-5-9,2021-07-31
82,سصفها,سيمان‌اصفهان‌,3346,3833808,257103563530,64000,66900,67200,3200,5,67060,3060,4.78,64600,67200,1400-5-9,2021-07-31
83,صبا,سرمايه گذاري صبا تامين,3322,13144146,116376856159,8692,8680,8862,170,1.96,8846,154,1.77,8680,9089,1400-5-9,2021-07-31
84,نطرين,عطرين نخ قم,3167,13971578,130171514203,9503,9028,9182,-321,-3.38,9317,-186,-1.96,9028,9880,1400-5-9,2021-07-31
85,غاذر,كشت‌وصنعت‌پياذر,2997,7585586,215404923490,29830,28340,28680,-1150,-3.86,28400,-1430,-4.79,28340,29000,1400-5-9,2021-07-31
86,شپديس,پتروشيمي پرديس,2932,3210548,469269130150,140010,141810,145980,5970,4.26,146160,6150,4.39,141010,147010,1400-5-9,2021-07-31
87,كاوه,فولاد كاوه جنوب كيش,2865,17229681,318936036750,18020,18170,18460,440,2.44,18510,490,2.72,18160,18700,1400-5-9,2021-07-31
88,كيان,صندوق س. با درآمد ثابت كيان,2860,27715900,822475333242,29644,29670,29672,28,0.09,29675,31,0.1,29665,29703,1400-5-9,2021-07-31
89,كوير,توليدي فولاد سپيد فراب كوير,2814,16647030,230531171900,13460,13440,14070,610,4.53,13850,390,2.9,13190,14130,1400-5-9,2021-07-31
90,شبريز,پالايش نفت تبريز,2812,10642962,350183136310,31540,32050,32880,1340,4.25,32900,1360,4.31,31530,33110,1400-5-9,2021-07-31
91,تيپيكو,سرمايه گذاري دارويي تامين,2710,29214421,617762720510,20150,21150,21120,970,4.81,21150,1000,4.96,20550,21150,1400-5-9,2021-07-31
92,ختور,رادياتور ايران‌,2704,8668123,174218675180,20160,19600,19600,-560,-2.78,20100,-60,-0.3,19600,21000,1400-5-9,2021-07-31
93,سبزوا,سيمان لار سبزوار,2676,32996273,112618526346,3454,3490,3433,-21,-0.61,3413,-41,-1.19,3361,3580,1400-5-9,2021-07-31
94,وپارس,بانك‌پارسيان‌,2645,94762886,260009992611,2629,2670,2760,131,4.98,2744,115,4.37,2658,2760,1400-5-9,2021-07-31
95,بترانس,ايران‌ ترانسفو,2610,52095321,118697824749,2275,2190,2279,4,0.18,2278,3,0.13,2190,2316,1400-5-9,2021-07-31
96,زاگرس,پتروشيمي زاگرس,2560,2534071,571474635965,215042,218440,225794,10752,5,225516,10474,4.87,218440,225794,1400-5-9,2021-07-31
97,خكار,ايركا پارت صنعت,2535,7367938,113442290270,16130,15330,15330,-800,-4.96,15400,-730,-4.53,15330,15980,1400-5-9,2021-07-31
98,خرينگ,رينگ‌سازي‌مشهد,2487,4218107,132621806760,32960,31320,31320,-1640,-4.98,31440,-1520,-4.61,31320,32790,1400-5-9,2021-07-31
99,غچين,كشت‌ و صنعت‌ چين‌ چين,2459,10597672,199430673410,18440,18200,19360,920,4.99,18820,380,2.06,17570,19360,1400-5-9,2021-07-31
100,حفارس,حمل و نقل بين المللي خليج فارس,2440,30429208,107414615314,3404,3440,3574,170,4.99,3530,126,3.7,3400,3574,1400-5-9,2021-07-31
101,همراه,شركت ارتباطات سيار ايران,2401,9040322,82929112190,9280,9310,9080,-200,-2.16,9210,-70,-0.75,8960,9400,1400-5-9,2021-07-31
102,شفن,پتروشيمي فناوران,2352,1190686,412879294900,330650,338700,347180,16530,5,346760,16110,4.87,331070,347180,1400-5-9,2021-07-31
103,تاصيكو,سرمايه گذاري صدرتامين,2351,28131222,307374296440,10550,10290,11070,520,4.93,10930,380,3.6,10290,11070,1400-5-9,2021-07-31
104,ساوه,سيمان ساوه,2328,2654282,154720158796,55685,57900,58469,2784,5,58291,2606,4.68,56001,58469,1400-5-9,2021-07-31
105,اعتماد,صندوق س.اعتماد آفرين پارسيان-د,2308,50189380,1898335590390,37794,37823,37823,29,0.08,37823,29,0.08,37823,37826,1400-5-9,2021-07-31
106,وبانك,سرمايه گذاري گروه توسعه ملي,2264,33673680,279794317920,7980,7860,8370,390,4.89,8310,330,4.14,7860,8370,1400-5-9,2021-07-31
107,زكوثر,سرمايه گذاري كشاورزي كوثر,2258,3620901,65080375590,17950,17440,17700,-250,-1.39,17970,20,0.11,17440,18490,1400-5-9,2021-07-31
108,كسرا,سراميك‌هاي‌صنعتي‌اردكان‌,2224,12674222,197525655280,16350,15540,15560,-790,-4.83,15580,-770,-4.71,15540,15950,1400-5-9,2021-07-31
109,لپارس,پارس‌ الكتريك‌,2214,986065,67587703700,70460,68650,67310,-3150,-4.47,68540,-1920,-2.72,67010,71980,1400-5-9,2021-07-31
110,آگاس,صندوق س.هستي بخش آگاه-س,2214,2499540,191419460668,74005,74498,77815,3810,5.15,76582,2577,3.48,74490,77815,1400-5-9,2021-07-31
111,سفارس,سيمان فارس و خوزستان,2194,8659140,193234167260,21890,22200,22190,300,1.37,22320,430,1.96,21800,22790,1400-5-9,2021-07-31
112,حفاري,حفاري شمال,2183,17345867,105726539240,5930,6050,6120,190,3.2,6100,170,2.87,5950,6210,1400-5-9,2021-07-31
113,فاذر,صنايع‌ آذرآب‌,2174,75960969,96727706434,1257,1268,1275,18,1.43,1273,16,1.27,1235,1301,1400-5-9,2021-07-31
114,رمپنا,گروه مپنا (سهامي عام),2170,20063024,362462780950,17490,17700,18360,870,4.97,18070,580,3.32,16640,18360,1400-5-9,2021-07-31
115,پارسان,گسترش نفت و گاز پارسيان,2163,31450721,837943581510,25410,25290,26680,1270,5,26640,1230,4.84,25290,26680,1400-5-9,2021-07-31
116,سرو,صندوق س سروسودمند مدبران-سهام,2150,2683881,190902523200,69620,70000,71630,2010,2.89,71130,1510,2.17,70000,71680,1400-5-9,2021-07-31
117,دلقما,دارويي‌ لقمان‌,2134,3404499,139734614570,42370,41880,40260,-2110,-4.98,41040,-1330,-3.14,40260,43200,1400-5-9,2021-07-31
118,ثغرب,شركت سرمايه گذاري مسكن شمالغرب,2121,15782517,87543383521,5793,5550,5600,-193,-3.33,5547,-246,-4.25,5504,5770,1400-5-9,2021-07-31
119,پتاير,ايران‌ تاير,2119,33114169,95722097455,2846,2900,2860,14,0.49,2891,45,1.58,2840,2960,1400-5-9,2021-07-31
120,بكام,كارخانجات توليدي شهيد قندي,2096,23781256,61260541386,2674,2569,2555,-119,-4.45,2576,-98,-3.66,2541,2675,1400-5-9,2021-07-31
121,داسوه,داروسازي‌ اسوه‌,2090,3184943,106678674120,33600,34620,33600,0,0,33490,-110,-0.33,31920,35200,1400-5-9,2021-07-31
122,ثاخت,بين‌المللي‌توسعه‌ساختمان,2073,38501821,87624746218,2279,2289,2269,-10,-0.44,2276,-3,-0.13,2235,2348,1400-5-9,2021-07-31
123,فاراك,ماشين‌ سازي‌ اراك‌,2072,36183740,69610242049,1875,1852,1939,64,3.41,1924,49,2.61,1851,1957,1400-5-9,2021-07-31
124,وتوصا,گروه س توسعه صنعتي ايران,2023,10685154,93787063080,8520,8520,8940,420,4.93,8780,260,3.05,8410,8940,1400-5-9,2021-07-31
125,ثشاهد,سرمايه‌ گذاري‌ شاهد,2016,6046559,85766440310,14280,14170,14150,-130,-0.91,14180,-100,-0.7,14010,14530,1400-5-9,2021-07-31
126,وليز,ليزينگ‌ايران‌,2012,21322193,125751977150,6200,5890,5890,-310,-5,5900,-300,-4.84,5890,6000,1400-5-9,2021-07-31
127,كسرام,پارس‌ سرام‌,2009,13817658,96835877320,6860,7190,6770,-90,-1.31,7010,150,2.19,6700,7200,1400-5-9,2021-07-31
128,ثفارس,عمران‌وتوسعه‌فارس‌,1956,15707773,112534300130,6960,6960,7100,140,2.01,7160,200,2.87,6860,7300,1400-5-9,2021-07-31
129,خزاميا,زامياد,1955,18507857,122159329180,6510,6400,6500,-10,-0.15,6600,90,1.38,6400,6770,1400-5-9,2021-07-31
130,ونوين,بانك‌اقتصادنوين‌,1953,36192779,168214838474,4549,4450,4687,138,3.03,4648,99,2.18,4450,4725,1400-5-9,2021-07-31
131,حتوكا,حمل‌ونقل‌توكا,1924,6151049,120940832140,18830,19570,19590,760,4.04,19660,830,4.41,18870,19770,1400-5-9,2021-07-31
132,اخابر,مخابرات ايران,1911,24186224,212803535750,8780,8780,8800,20,0.23,8800,20,0.23,8610,9020,1400-5-9,2021-07-31
133,كنور,توسعه معدني و صنعتي صبانور,1905,3749788,233030540190,60890,61490,63470,2580,4.24,62140,1250,2.05,60020,63550,1400-5-9,2021-07-31
134,غويتا,ويتانا,1904,6371004,56850634703,9285,9030,9000,-285,-3.07,8923,-362,-3.9,8821,9247,1400-5-9,2021-07-31
135,خودكفا,اقتصادي و خودكفايي آزادگان,1897,8703018,132124991909,15631,15163,15163,-468,-2.99,15182,-449,-2.87,15163,15500,1400-5-9,2021-07-31
136,هرمز,فولاد هرمزگان جنوب,1888,17193035,262160097681,14579,14810,15307,728,4.99,15248,669,4.59,14810,15307,1400-5-9,2021-07-31
137,وصنعت,سرمايه گذاري توسعه صنعت وتجارت,1885,21018928,117216312100,5340,5350,5600,260,4.87,5580,240,4.49,5320,5600,1400-5-9,2021-07-31
138,غپينو,پارس‌ مينو,1881,14343871,77121549110,5510,5470,5420,-90,-1.63,5380,-130,-2.36,5240,5500,1400-5-9,2021-07-31
139,تابا,تابان نيرو سپاهان,1864,2478571,86279553585,35009,36690,33271,-1738,-4.96,34810,-199,-0.57,33259,36759,1400-5-9,2021-07-31
140,قنيشا,قند  نيشابور,1864,2730510,172677398160,60620,61990,63650,3030,5,63240,2620,4.32,57810,63650,1400-5-9,2021-07-31
141,چفيبر,فيبر ايران‌,1852,10630109,74638685180,7350,7010,7010,-340,-4.63,7020,-330,-4.49,6990,7320,1400-5-9,2021-07-31
142,بجهرم,توسعه مولد نيروگاهي جهرم,1850,24738030,60644452412,2429,2404,2425,-4,-0.16,2451,22,0.91,2360,2530,1400-5-9,2021-07-31
143,شاوان,پالايش نفت لاوان,1829,3516374,353704482726,96290,97350,99750,3460,3.59,100588,4298,4.46,97350,101104,1400-5-9,2021-07-31
144,پاكشو,گروه صنعتي پاكشو,1821,15918344,89552976140,5850,5600,5560,-290,-4.96,5660,-190,-3.25,5560,5850,1400-5-9,2021-07-31
145,تاپكيش,تجارت الكترونيك پارسيان كيش,1817,6938886,92376036946,13843,14140,13470,-373,-2.69,13313,-530,-3.83,13151,14140,1400-5-9,2021-07-31
146,سمگا,گروه سرمايه گذاري ميراث فرهنگي,1813,15093433,363061103437,24270,23600,24340,70,0.29,24054,-216,-0.89,23600,24700,1400-5-9,2021-07-31
147,جم,پتروشيمي جم,1804,9312342,399833547430,41060,41000,43110,2050,4.99,42940,1880,4.58,40490,43110,1400-5-9,2021-07-31
148,كلر,كلر پارس,1798,1019353,106820992013,100571,102200,105590,5019,4.99,104793,4222,4.2,100573,105599,1400-5-9,2021-07-31
149,وسهرمز,شركت س استان هرمزگان,1770,109120001,52406150668,475,473,498,23,4.84,480,5,1.05,452,498,1400-5-9,2021-07-31
150,سفار,سيمان‌فارس‌,1724,628721,61269298490,102270,99200,97160,-5110,-5,97450,-4820,-4.71,97160,101570,1400-5-9,2021-07-31
151,دتوليد,داروسازي توليد دارو,1706,6096161,86812941800,13644,13970,13950,306,2.24,14241,597,4.38,13650,14326,1400-5-9,2021-07-31
152,غمهرا,توليدي‌مهرام‌,1683,2084122,154236917330,70590,73500,74100,3510,4.97,74010,3420,4.84,71210,74110,1400-5-9,2021-07-31
153,تملت,تامين سرمايه بانك ملت,1682,6073064,27950953600,4579,4580,4600,21,0.46,4602,23,0.5,4530,4699,1400-5-9,2021-07-31
154,سبهان,سيمان‌ بهبهان‌,1662,1120290,87169105750,74320,76990,78030,3710,4.99,77810,3490,4.7,75010,78030,1400-5-9,2021-07-31
155,فاسمين,كالسيمين‌,1653,12297764,204159662720,15920,16000,16710,790,4.96,16600,680,4.27,15860,16710,1400-5-9,2021-07-31
156,غالبر,لبنيات‌ كالبر,1644,5215404,73525049840,14740,14210,14010,-730,-4.95,14100,-640,-4.34,14010,14740,1400-5-9,2021-07-31
157,كساپا,سايپاشيشه‌,1619,3698625,71573949310,20280,19770,19650,-630,-3.11,19350,-930,-4.59,19270,20100,1400-5-9,2021-07-31
158,شيران,س. صنايع‌شيميايي‌ايران,1608,6331149,162240112730,24500,24720,25720,1220,4.98,25630,1130,4.61,24720,25720,1400-5-9,2021-07-31
159,كبافق,معادن‌ بافق‌,1605,1826204,66148856510,35830,35000,35700,-130,-0.36,36220,390,1.09,35000,37150,1400-5-9,2021-07-31
160,شغدير,پتروشيمي غدير,1589,3567060,282100601720,75380,78000,79140,3760,4.99,79080,3700,4.91,77470,79140,1400-5-9,2021-07-31
161,خكاوه,سايپا ديزل,1583,36453616,155809674252,4388,4258,4257,-131,-2.99,4274,-114,-2.6,4257,4380,1400-5-9,2021-07-31
162,ديران,ايران‌دارو,1554,5602994,92251811820,17250,17000,16690,-560,-3.25,16460,-790,-4.58,16390,17000,1400-5-9,2021-07-31
163,غسالم,سالمين‌,1553,14535056,49540014808,3444,3400,3341,-103,-2.99,3408,-36,-1.05,3325,3510,1400-5-9,2021-07-31
164,ساربيل,سيمان آرتا اردبيل,1541,1438085,61291529050,41820,42490,41400,-420,-1,42620,800,1.91,41210,43900,1400-5-9,2021-07-31
165,دماوند,توليد نيروي برق دماوند,1534,3394447,88552797739,26275,26400,25922,-353,-1.34,26088,-187,-0.71,25500,26590,1400-5-9,2021-07-31
166,ودي,بيمه  دي,1529,8656752,69543158583,8226,8236,8120,-106,-1.29,8033,-193,-2.35,7880,8300,1400-5-9,2021-07-31
167,خاهن,آهنگري‌ تراكتورسازي‌ ايران‌,1504,8867388,67211798880,7880,7780,7540,-340,-4.31,7580,-300,-3.81,7490,7800,1400-5-9,2021-07-31
168,زنگان,صنعت روي زنگان,1488,1059511,64285593139,63249,60120,60299,-2950,-4.66,60675,-2574,-4.07,60087,63000,1400-5-9,2021-07-31
169,حريل,ريل پردازسير,1478,19583974,73472601228,3600,3650,3780,180,5,3752,152,4.22,3601,3780,1400-5-9,2021-07-31
170,خمحركه,نيرو محركه‌,1472,13292530,51497147494,3818,3890,3870,52,1.36,3874,56,1.47,3800,3950,1400-5-9,2021-07-31
171,غشهداب,كشت و صنعت شهداب ناب خراسان,1470,11311774,38115002308,3396,3381,3351,-45,-1.33,3369,-27,-0.8,3300,3450,1400-5-9,2021-07-31
172,سپاها,سيمان‌سپاهان‌,1458,11662100,106391550790,9030,9370,8960,-70,-0.78,9120,90,1,8800,9370,1400-5-9,2021-07-31
173,وآرين,شركت توسعه اقتصادي آرين,1450,17803985,52519120922,3032,2981,2942,-90,-2.97,2950,-82,-2.7,2942,3019,1400-5-9,2021-07-31
174,بالاس,مهندسي ساختمان تاسيسات راه آهن,1449,1497484,62253044572,41126,41000,42290,1164,2.83,41572,446,1.08,39201,43150,1400-5-9,2021-07-31
175,تيپيكوح,ح . سرمايه گذاري دارويي تامين,1444,3765304,58852934250,14980,15500,15730,750,5.01,15630,650,4.34,15000,16170,1400-5-9,2021-07-31
176,ساراب,سيمان‌ داراب‌,1436,4157885,78025894850,19150,19000,18640,-510,-2.66,18770,-380,-1.98,18500,19450,1400-5-9,2021-07-31
177,زفكا,كشت و دامداري فكا,1430,6511553,82252170602,12126,12700,12320,194,1.6,12632,506,4.17,12200,12732,1400-5-9,2021-07-31
178,البرز,بيمه البرز,1426,112671560,294065774987,2486,2610,2610,124,4.99,2610,124,4.99,2550,2610,1400-5-9,2021-07-31
179,چدن,توليدي چدن سازان,1423,14524697,60066693592,4131,4140,4113,-18,-0.44,4135,4,0.1,4092,4197,1400-5-9,2021-07-31
180,سشرق,سيمان‌ شرق‌,1416,18002249,146665066850,7830,8220,8020,190,2.43,8150,320,4.09,7800,8220,1400-5-9,2021-07-31
181,ميهن,بيمه ميهن,1408,12668635,52299838005,4092,4130,4042,-50,-1.22,4128,36,0.88,4022,4220,1400-5-9,2021-07-31
182,كگاز,شيشه‌ و گاز,1408,4361593,78418157330,18060,18080,18060,0,0,17980,-80,-0.44,17260,18880,1400-5-9,2021-07-31
183,فجام,جام‌دارو,1401,12240287,85440137540,6720,6650,7050,330,4.91,6980,260,3.87,6650,7050,1400-5-9,2021-07-31
184,شپترو,پتروشيمي آبادان,1399,19673388,91755021377,4652,4690,4590,-62,-1.33,4664,12,0.26,4540,4744,1400-5-9,2021-07-31
185,كرماشا,صنايع پتروشيمي كرمانشاه,1393,3502221,149820338270,41200,41300,43260,2060,5,42780,1580,3.83,40960,43260,1400-5-9,2021-07-31
186,شسينا,صنايع‌شيميايي‌سينا,1386,830649,61036483540,70520,72250,74040,3520,4.99,73480,2960,4.2,70210,74040,1400-5-9,2021-07-31
187,تبرك,گروه كارخانجات صنعتي تبرك,1381,3658862,50216235367,13502,13841,13560,58,0.43,13725,223,1.65,13220,14034,1400-5-9,2021-07-31
188,كلوند,كاشي‌ الوند,1375,2932949,67610106130,23700,24090,23260,-440,-1.86,23050,-650,-2.74,22530,24090,1400-5-9,2021-07-31
189,وساپا,سرمايه‌گذاري‌ سايپا,1354,11767452,57829620860,4880,4800,4875,-5,-0.1,4914,34,0.7,4800,5030,1400-5-9,2021-07-31
190,اميد,تامين سرمايه اميد,1354,9593589,52594711580,5670,5740,5450,-220,-3.88,5480,-190,-3.35,5390,5740,1400-5-9,2021-07-31
191,حسير,ريل سير كوثر,1348,5211565,119937826471,22303,23280,23418,1115,5,23014,711,3.19,22333,23418,1400-5-9,2021-07-31
192,سخاش,سيمان‌خاش‌,1347,565349,68833995150,116920,122700,122760,5840,4.99,121750,4830,4.13,116500,122760,1400-5-9,2021-07-31
193,پارند,صندوق س. پارند پايدار سپهر,1337,48208774,542842406914,11249,11260,11261,12,0.11,11260,11,0.1,11260,11263,1400-5-9,2021-07-31
194,ولساپا,ليزينگ رايان‌ سايپا,1336,21484897,57297226017,2641,2600,2669,28,1.06,2667,26,0.98,2600,2724,1400-5-9,2021-07-31
195,سيمرغ,سيمرغ,1334,4418006,79344887010,17710,18000,17710,0,0,17960,250,1.41,17640,18500,1400-5-9,2021-07-31
196,زمگسا,كشاورزي‌ ودامپروي‌ مگسال‌,1324,2201735,55807162820,25510,25000,24900,-610,-2.39,25350,-160,-0.63,24350,26190,1400-5-9,2021-07-31
197,پدرخش,درخشان‌ تهران‌,1323,1940519,43932612130,23050,22000,22950,-100,-0.43,22640,-410,-1.78,21900,23500,1400-5-9,2021-07-31
198,پارس,پتروشيمي پارس,1320,1074257,180954775940,165190,163020,171490,6300,3.81,168450,3260,1.97,163020,172000,1400-5-9,2021-07-31
199,وهور,مديريت انرژي اميد  تابان هور,1314,34679134,56578036070,1630,1612,1615,-15,-0.92,1631,1,0.06,1610,1680,1400-5-9,2021-07-31
200,ومهان,گروه توسعه مالي مهر آيندگان,1313,9181520,135985080870,14189,14318,14898,709,5,14811,622,4.38,14100,14898,1400-5-9,2021-07-31
201,غپاك,لبنيات‌ پاك‌,1292,2682886,46562016110,17500,17220,17200,-300,-1.71,17360,-140,-0.8,17050,17740,1400-5-9,2021-07-31
202,ونيكي,سرمايه‌گذاري‌ ملي‌ايران‌,1281,13271029,130233268310,9470,9500,9940,470,4.96,9810,340,3.59,9280,9940,1400-5-9,2021-07-31
203,كاذر,فرآورده‌هاي‌نسوزآذر,1278,12399862,185538917030,14400,14510,15120,720,5,14960,560,3.89,14200,15120,1400-5-9,2021-07-31
204,شخارك,پتروشيمي‌ خارك‌,1278,3326096,157951463730,45410,46700,47680,2270,5,47490,2080,4.58,46200,47680,1400-5-9,2021-07-31
205,ثعمرا,عمران و توسعه شاهد,1274,6070580,59313793882,9908,9995,9974,66,0.67,9771,-137,-1.38,9600,10190,1400-5-9,2021-07-31
206,ساروم,سيمان‌اروميه‌,1273,3914122,155558625550,38040,39000,39400,1360,3.58,39740,1700,4.47,38600,39940,1400-5-9,2021-07-31
207,زكشت,كشاورزي مكانيزه اصفهان كشت,1249,1746964,49102325572,29101,29750,27647,-1454,-5,28107,-994,-3.42,27646,29750,1400-5-9,2021-07-31
208,شپارس,بين‌ المللي‌ محصولات‌  پارس‌,1249,4143270,64671739520,15940,15610,15400,-540,-3.39,15610,-330,-2.07,15220,16300,1400-5-9,2021-07-31
209,فرآور,فرآوري‌موادمعدني‌ايران‌,1248,3153317,98138280110,29740,30210,31220,1480,4.98,31120,1380,4.64,30210,31220,1400-5-9,2021-07-31
210,سمازن,سيمان‌مازندران‌,1243,5248326,76991344740,14570,14790,14860,290,1.99,14670,100,0.69,13950,14880,1400-5-9,2021-07-31
211,بكهنوج,توليد برق ماهتاب كهنوج,1233,21235316,35331997383,1661,1686,1663,2,0.12,1664,3,0.18,1625,1711,1400-5-9,2021-07-31
212,كگهر,سنگ آهن گهرزمين,1219,3246339,146506758890,44003,43990,45000,997,2.27,45130,1127,2.56,43553,45700,1400-5-9,2021-07-31
213,شراز,پالايش نفت شيراز,1216,853392,91416459584,107330,104000,108500,1170,1.09,107121,-209,-0.19,102100,109698,1400-5-9,2021-07-31
214,تليسه,دامداري تليسه نمونه,1208,14290931,47149820935,3287,3290,3303,16,0.49,3299,12,0.37,3250,3380,1400-5-9,2021-07-31
215,ختوقا,قطعات‌ اتومبيل‌ ايران‌,1207,20881140,46095046834,2178,2125,2210,32,1.47,2207,29,1.33,2124,2245,1400-5-9,2021-07-31
216,جم پيلن,پلي پروپيلن جم - جم پيلن,1189,2802435,267827585710,91040,95590,95590,4550,5,95570,4530,4.98,93520,95590,1400-5-9,2021-07-31
217,شبهرن,نفت‌ بهران‌,1185,3443214,48547042430,13800,13860,14200,400,2.9,14020,220,1.59,13820,14400,1400-5-9,2021-07-31
218,ددام,داروسازي زاگرس فارمد پارس,1185,4800503,59281393270,11940,12080,12530,590,4.94,12350,410,3.43,11490,12530,1400-5-9,2021-07-31
219,سيلام,سيمان‌ ايلام‌,1184,6641833,56100684980,8550,8630,8400,-150,-1.75,8450,-100,-1.17,8280,8800,1400-5-9,2021-07-31
220,ونيرو,سرمايه‌گذاري‌نيرو,1179,20025102,51852905957,2583,2583,2550,-33,-1.28,2589,6,0.23,2528,2650,1400-5-9,2021-07-31
221,تكشا,گسترش‌صنايع‌وخدمات‌كشاورزي‌,1171,1606435,45005602740,29080,28220,28330,-750,-2.58,28020,-1060,-3.65,27630,29300,1400-5-9,2021-07-31
222,حتايد,تايدواترخاورميانه,1171,5209653,136297839810,25250,25710,26480,1230,4.87,26160,910,3.6,25250,26500,1400-5-9,2021-07-31
223,ارزش,صندوق س ارزش آفرين بيدار-سهام,1163,14769875,142875853550,9250,9260,9790,540,5.84,9670,420,4.54,9260,9800,1400-5-9,2021-07-31
224,شاراك,پتروشيمي شازند,1156,6526787,225161389310,33150,34170,34800,1650,4.98,34500,1350,4.07,34000,34800,1400-5-9,2021-07-31
225,افرا,افرانت,1152,1689459,49533868373,30092,30520,29700,-392,-1.3,29319,-773,-2.57,28588,31390,1400-5-9,2021-07-31
226,سغرب,سيمان‌غرب‌,1150,2160548,53038259170,25300,25940,24040,-1260,-4.98,24550,-750,-2.96,24040,25940,1400-5-9,2021-07-31
227,ماديرا,صنايع ماديران,1145,22807109,166586739369,6976,7031,7324,348,4.99,7304,328,4.7,7031,7324,1400-5-9,2021-07-31
228,شتوكا,توكا رنگ فولاد سپاهان,1134,2132854,65332437969,30532,30110,31000,468,1.53,30631,99,0.32,30110,31360,1400-5-9,2021-07-31
229,افق,فروشگاههاي زنجيره اي افق كوروش,1133,860174,53948031160,62130,64000,62090,-40,-0.06,62550,420,0.68,62000,64000,1400-5-9,2021-07-31
230,وآوا,سرمايه گذاري آوا نوين,1125,10405342,54813759905,5022,5080,5273,251,5,5268,246,4.9,5080,5273,1400-5-9,2021-07-31
231,شزنگ,تجهيزنيروي‌زنگان‌,1121,894786,117131806410,136593,129764,129764,-6829,-5,130905,-5688,-4.16,129764,139699,1400-5-9,2021-07-31
232,دتوزيع,توزيع دارو پخش,1116,1244146,37583315293,29732,30400,29700,-32,-0.11,30208,476,1.6,29700,31070,1400-5-9,2021-07-31
233,سكرد,سيمان كردستان,1112,8847170,59914592920,6640,6900,6730,90,1.36,6770,130,1.96,6630,6960,1400-5-9,2021-07-31
234,وبيمه,سرمايه‌ گذاري‌ صنعت‌ بيمه‌,1112,28443071,50956637066,1782,1760,1770,-12,-0.67,1792,10,0.56,1750,1843,1400-5-9,2021-07-31
235,درهآور,دارويي ره آورد تامين,1099,1950770,58813757049,29287,28200,30191,904,3.09,30149,862,2.94,28200,30751,1400-5-9,2021-07-31
236,مداران,داده‌پردازي‌ايران‌,1098,3520230,81160755590,24170,23200,22980,-1190,-4.92,23060,-1110,-4.59,22970,24160,1400-5-9,2021-07-31
237,غشصفا,شيرپاستوريزه‌پگاه‌اصفهان‌,1082,5552944,147437027800,25340,26600,26600,1260,4.97,26550,1210,4.78,25640,26600,1400-5-9,2021-07-31
238,وسپه,سرمايه‌گذاري‌ سپه‌,1081,13222315,111483481570,8060,8080,8460,400,4.96,8430,370,4.59,8080,8460,1400-5-9,2021-07-31
239,خموتور,موتورسازان‌تراكتورسازي‌ايران‌,1074,4364853,41432065080,9340,9500,9600,260,2.78,9490,150,1.61,9160,9800,1400-5-9,2021-07-31
240,فوكا,فولاد كاويان,1070,6261119,87471914942,14089,13668,13667,-422,-3,13971,-118,-0.84,13667,14400,1400-5-9,2021-07-31
241,زشريف,كشت وصنعت شريف آباد,1056,20610003,102897414320,4776,4825,5014,238,4.98,4993,217,4.54,4776,5014,1400-5-9,2021-07-31
242,فالوم,آلومتك‌,1039,2467000,47581210692,19928,18932,19120,-808,-4.05,19287,-641,-3.22,18932,20517,1400-5-9,2021-07-31
243,فرابورس,فرابورس ايران,1031,6246677,104812993383,15980,16779,16779,799,5,16779,799,5,16779,16779,1400-5-9,2021-07-31
244,مرقام,ايران‌ارقام‌,1028,3112416,47342731500,15120,15450,15100,-20,-0.13,15210,90,0.6,14940,15590,1400-5-9,2021-07-31
245,وسينا,بانك سينا,1027,26830643,73526752948,2759,2821,2783,24,0.87,2740,-19,-0.69,2632,2821,1400-5-9,2021-07-31
246,شكلر,نيروكلر,1027,3688499,124960964290,32410,31850,34030,1620,5,33880,1470,4.54,31650,34030,1400-5-9,2021-07-31
247,وآيند,بانك  آينده,1026,6481375,70992099149,11404,10980,10948,-456,-4,10953,-451,-3.95,10948,11286,1400-5-9,2021-07-31
248,ثامان,سامان‌ گستراصفهان‌,1018,3148080,46250255090,14060,14760,14660,600,4.27,14690,630,4.48,14200,14760,1400-5-9,2021-07-31
249,غگلستا,شير پاستوريزه پگاه گلستان,1017,6996629,167744377840,24925,25690,23679,-1246,-5,23975,-950,-3.81,23679,25690,1400-5-9,2021-07-31
250,خاذين,سايپاآذين‌,1012,18224285,60759737217,3178,3328,3336,158,4.97,3334,156,4.91,3251,3336,1400-5-9,2021-07-31
251,شيراز,پتروشيمي‌شيراز,1011,6318969,412804576700,62420,64410,65540,3120,5,65330,2910,4.66,63800,65540,1400-5-9,2021-07-31
252,سكه0012پ01,تمام سكه طرح جديد0012رفاه,1001,430300,497951141300,1110807,1141000,1166436,55629,5.01,1157218,46411,4.18,1134000,1166436,1400-5-9,2021-07-31
253,سخزر,سيمان‌ خزر,990,2754015,69423131830,25900,26640,24880,-1020,-3.94,25210,-690,-2.66,24610,27180,1400-5-9,2021-07-31
254,كهمدا,شيشه‌ همدان‌,988,5322404,49542064350,9210,9130,9460,250,2.71,9310,100,1.09,9030,9510,1400-5-9,2021-07-31
255,دلر,داروسازي‌ اكسير,987,4037873,148233380800,35100,36850,36720,1620,4.62,36710,1610,4.59,35540,36850,1400-5-9,2021-07-31
256,وايران,ليزينگ ايرانيان,986,5339995,38682259220,7590,7220,7220,-370,-4.87,7240,-350,-4.61,7220,7520,1400-5-9,2021-07-31
257,تنوين,تامين سرمايه نوين,986,41022587,284446403300,6960,6910,6880,-80,-1.15,6930,-30,-0.43,6780,7000,1400-5-9,2021-07-31
258,دزهراوي,داروسازي‌زهراوي‌,984,5784028,36185083090,6350,6180,6180,-170,-2.68,6260,-90,-1.42,6180,6440,1400-5-9,2021-07-31
259,فبيرا,بسته‌ بندي‌ ايران‌,983,14696261,34459213341,2461,2338,2339,-122,-4.96,2345,-116,-4.71,2338,2399,1400-5-9,2021-07-31
260,فروس,فروسيليس‌ ايران‌,981,13242623,73711985530,5480,5530,5530,50,0.91,5570,90,1.64,5310,5740,1400-5-9,2021-07-31
261,كي بي سي,شركت كي بي سي,981,2930563,69904119291,23735,23735,24655,920,3.88,23853,118,0.5,22549,24899,1400-5-9,2021-07-31
262,سهگمت,سيمان‌هگمتان‌,977,2039652,53432365300,26940,26930,25660,-1280,-4.75,26200,-740,-2.75,25610,27490,1400-5-9,2021-07-31
263,فايرا,آلومينيوم‌ايران‌,970,3951400,59823349070,14930,15300,15340,410,2.75,15140,210,1.41,14840,15370,1400-5-9,2021-07-31
264,خمهر,مهركام‌پارس‌,966,31802002,70562310238,2117,2200,2222,105,4.96,2219,102,4.82,2170,2222,1400-5-9,2021-07-31
265,چكارن,كارتن‌ ايران‌,962,8529274,21485275356,2525,2503,2520,-5,-0.2,2519,-6,-0.24,2434,2580,1400-5-9,2021-07-31
266,وصندوق,سرمايه‌گذاري‌صندوق‌بازنشستگي‌,959,21248871,346718796050,15570,15640,16340,770,4.95,16320,750,4.82,15640,16340,1400-5-9,2021-07-31
267,تكمبا,كمباين‌ سازي‌ ايران‌,957,7249131,46534947670,6390,6390,6510,120,1.88,6420,30,0.47,6110,6650,1400-5-9,2021-07-31
268,قاسم,قاسم ايران,951,3512353,31791179513,9175,8963,9060,-115,-1.25,9051,-124,-1.35,8963,9200,1400-5-9,2021-07-31
269,داوه,داروسازي آوه سينا,951,1869047,31118081671,16395,16395,16420,25,0.15,16649,254,1.55,16100,17000,1400-5-9,2021-07-31
270,زقيام,كشت و دام قيام اصفهان,948,2497431,49583721030,19815,19390,20000,185,0.93,19854,39,0.2,19030,20200,1400-5-9,2021-07-31
271,شصدف,صنعتي دوده فام,939,393353,13615520742,32966,34614,34614,1648,5,34391,1425,4.32,34614,34614,1400-5-9,2021-07-31
272,عيار,صندوق سكه طلاي مفيد,939,2748413,81516501996,28310,29500,30110,1800,6.36,29659,1349,4.77,29017,30660,1400-5-9,2021-07-31
273,فسپا,گروه‌صنعتي‌سپاهان‌,937,2698362,109964938600,39010,39010,40960,1950,5,40750,1740,4.46,39010,40960,1400-5-9,2021-07-31
274,شپاكسا,پاكسان‌,936,6118896,123468607780,19350,19690,20000,650,3.36,20180,830,4.29,19520,20310,1400-5-9,2021-07-31
275,كحافظ,كاشي‌ وسراميك‌ حافظ‌,935,3899195,36378562540,9730,9670,9250,-480,-4.93,9330,-400,-4.11,9250,9730,1400-5-9,2021-07-31
276,ولانا,شركت ليزينگ آريا دانا,935,1502304,36308146201,24220,24600,24202,-18,-0.07,24168,-52,-0.21,23730,24800,1400-5-9,2021-07-31
277,نوين,بيمه نوين,935,9502199,48595102715,5051,5115,5110,59,1.17,5114,63,1.25,5022,5190,1400-5-9,2021-07-31
278,سفانو,سيمان فارس نو,930,1235481,41046013950,32010,32970,32900,890,2.78,33220,1210,3.78,32010,33610,1400-5-9,2021-07-31
279,شكربن,كربن‌ ايران‌,927,547220,49720876980,90580,86110,92000,1420,1.57,90860,280,0.31,86110,93800,1400-5-9,2021-07-31
280,وسگيلا,شركت س استان گيلان,923,64658971,36501901093,555,528,582,27,4.86,565,10,1.8,528,582,1400-5-9,2021-07-31
281,شرانل,نفت ايرانول,921,1137585,57593680586,49512,49000,51200,1688,3.41,50628,1116,2.25,48340,51440,1400-5-9,2021-07-31
282,وتوس,توسعه‌شهري‌توس‌گستر,920,3073692,39044858280,13220,12560,12660,-560,-4.24,12700,-520,-3.93,12560,13220,1400-5-9,2021-07-31
283,كيميا,معدني كيمياي زنجان گستران,917,3070404,43149176642,14236,13896,14240,4,0.03,14053,-183,-1.29,13885,14330,1400-5-9,2021-07-31
284,وخاور,بانك خاورميانه,916,10914013,63130624890,5610,5790,5860,250,4.46,5780,170,3.03,5370,5890,1400-5-9,2021-07-31
285,چافست,افست‌,908,2745400,36953504500,13970,13350,13280,-690,-4.94,13460,-510,-3.65,13280,13890,1400-5-9,2021-07-31
286,تسه0003,امتيازتسهيلات مسكن خرداد1400,907,15408,9188387681,600852,595500,629900,29048,4.83,596339,-4513,-0.75,580300,630000,1400-5-9,2021-07-31
287,غفارس,شير پاستوريزه پگاه فارس,905,5030923,81697192459,17051,16199,16199,-852,-5,16239,-812,-4.76,16199,16990,1400-5-9,2021-07-31
288,واتي,سرمايه‌ گذاري‌ آتيه‌ دماوند,879,8937046,102707289200,11020,10750,11570,550,4.99,11490,470,4.26,10750,11570,1400-5-9,2021-07-31
289,ثپرديس,سرمايه گذاري مسكن پرديس,879,5135288,27330182654,5408,5260,5300,-108,-2,5322,-86,-1.59,5142,5452,1400-5-9,2021-07-31
290,سيدكو,سرمايه گذاري توسعه صنايع سيمان,876,8434131,60902310600,6970,7010,7200,230,3.3,7220,250,3.59,6940,7310,1400-5-9,2021-07-31
291,غگلپا,شير پاستوريزه پگاه گلپايگان,875,1170397,85332865186,75744,77259,71957,-3787,-5,72909,-2835,-3.74,71957,77259,1400-5-9,2021-07-31
292,رانفور,خدمات‌انفورماتيك‌,872,8393116,50257018100,6010,5770,6080,70,1.16,5990,-20,-0.33,5770,6100,1400-5-9,2021-07-31
293,وبهمن,سرمايه‌گذاري‌بهمن‌,868,5930964,88951959770,14750,15200,15400,650,4.41,15000,250,1.69,14220,15460,1400-5-9,2021-07-31
294,وپست,پست بانك ايران,867,2460115,55602633680,22420,22900,22640,220,0.98,22600,180,0.8,21900,22930,1400-5-9,2021-07-31
295,ولصنم,ليزينگ‌صنعت‌ومعدن‌,865,6276454,47657245460,7260,7530,7620,360,4.96,7590,330,4.55,7260,7620,1400-5-9,2021-07-31
296,دبالك,مواد اوليه دارويي البرز بالك,862,2753300,42026149358,15040,14750,15360,320,2.13,15264,224,1.49,14750,15737,1400-5-9,2021-07-31
297,معيار ,سرمايه گذاري معيار صنعت پارس,860,1099359,46491447320,42190,41005,41629,-561,-1.33,42290,100,0.24,40925,43450,1400-5-9,2021-07-31
298,وملي,گروه‌ صنعتي‌ ملي‌ (هلدينگ‌,856,247214,36607107760,145920,146600,147000,1080,0.74,148080,2160,1.48,146000,150100,1400-5-9,2021-07-31
299,خوساز,محورسازان‌ايران‌خودرو,856,7790123,54739749500,6750,6650,7080,330,4.89,7030,280,4.15,6650,7080,1400-5-9,2021-07-31
300,دسبحان,سبحان دارو,855,2903153,55092954580,18080,18980,18980,900,4.98,18980,900,4.98,18770,18980,1400-5-9,2021-07-31
301,ديرانح,ح . ‌ايران‌دارو,847,3375554,34835398950,10670,10800,10310,-360,-3.37,10320,-350,-3.28,10010,10800,1400-5-9,2021-07-31
302,مبين,مبين انرژي خليج فارس,847,6610128,118680996300,17770,17870,18050,280,1.58,17950,180,1.01,17570,18100,1400-5-9,2021-07-31
303,گكوثر,هتل پارسيان كوثر اصفهان,839,15124380,35773948499,2325,2369,2370,45,1.94,2365,40,1.72,2330,2391,1400-5-9,2021-07-31
304,كفپارس,فرآورده‌هاي‌ نسوز پارس‌,838,8651598,28157410073,3194,3217,3260,66,2.07,3255,61,1.91,3100,3328,1400-5-9,2021-07-31
305,غبشهر,صنعتي‌ بهشهر,834,4902725,128618758070,25070,23980,26230,1160,4.63,26230,1160,4.63,23980,26320,1400-5-9,2021-07-31
306,غمينو,شركت صنايع غذايي مينو شرق,832,3104734,25204287608,8138,8160,8066,-72,-0.88,8118,-20,-0.25,7940,8360,1400-5-9,2021-07-31
307,واحيا,م .صنايع و معادن احياء سپاهان,827,1595800,289037791741,177628,180000,182956,5328,3,181124,3496,1.97,175000,182956,1400-5-9,2021-07-31
308,زر,صندوق س.پشتوانه سكه طلاي زر,827,970655,49753728393,48690,50005,52120,3430,7.04,51258,2568,5.27,50005,52500,1400-5-9,2021-07-31
309,وسبحان,سرمايه گذاري سبحان,826,14647378,41135872584,2716,2707,2850,134,4.93,2808,92,3.39,2707,2850,1400-5-9,2021-07-31
310,آ س پ,آ.س.پ,823,2867033,26224392421,8760,8901,9198,438,5,9147,387,4.42,8901,9198,1400-5-9,2021-07-31
311,وثوق,سرمايه گذاري وثوق امين,815,2185254,40709645396,18093,18200,18635,542,3,18629,536,2.96,18200,18635,1400-5-9,2021-07-31
312,زبينا,كشاورزي و دامپروري بينالود,811,9669957,26245202488,2749,2740,2724,-25,-0.91,2714,-35,-1.27,2650,2790,1400-5-9,2021-07-31
313,ومعلم,بيمه معلم,811,7044045,28560248289,4071,4053,4020,-51,-1.25,4055,-16,-0.39,4000,4171,1400-5-9,2021-07-31
314,ورنا,سرمايه‌گذاري‌ رنا(هلدينگ‌,810,7769454,35089201231,4417,4410,4460,43,0.97,4516,99,2.24,4410,4630,1400-5-9,2021-07-31
315,شدوص,دوده‌ صنعتي‌ پارس‌,809,3891652,83189419320,20420,20100,21440,1020,5,21380,960,4.7,20100,21440,1400-5-9,2021-07-31
316,خچرخش,چرخشگر,807,3865225,43021410690,10700,10880,11230,530,4.95,11130,430,4.02,10470,11230,1400-5-9,2021-07-31
317,اوان,مبين وان كيش,803,1414681,47950050476,35459,33687,34110,-1349,-3.8,33895,-1564,-4.41,33687,34628,1400-5-9,2021-07-31
318,اپرداز,آتيه داده پرداز,798,1218030,22497594288,18849,19001,18360,-489,-2.59,18470,-379,-2.01,18251,19001,1400-5-9,2021-07-31
319,اعتلا,شركت سرمايه گذاري اعتلاء البرز,790,5910710,44318705840,7334,7200,7480,146,1.99,7498,164,2.24,7200,7640,1400-5-9,2021-07-31
320,توريل,توكاريل,785,2959509,40778505528,13686,13350,14000,314,2.29,13779,93,0.68,13310,14256,1400-5-9,2021-07-31
321,سرچشمه,سرمايه گذاري مس سرچشمه,784,6558447,44445114276,6748,6702,6749,1,0.01,6777,29,0.43,6670,6957,1400-5-9,2021-07-31
322,وساخت,سرمايه‌ گذاري‌ ساختمان‌ايران‌,778,620002,32134493760,54070,53950,51370,-2700,-4.99,51830,-2240,-4.14,51370,53950,1400-5-9,2021-07-31
323,فلامي,لاميران‌,778,886479,22569148800,25760,25500,25400,-360,-1.4,25460,-300,-1.16,25000,26200,1400-5-9,2021-07-31
324,خريخت,صنايع‌ريخته‌گري‌ايران‌,774,8514548,25221314592,3007,2990,3000,-7,-0.23,2962,-45,-1.5,2858,3090,1400-5-9,2021-07-31
325,دشيمي,شيمي‌ داروئي‌ داروپخش‌,773,1399417,35022558260,25740,25880,25200,-540,-2.1,25030,-710,-2.76,24610,25880,1400-5-9,2021-07-31
326,بشهاب,لامپ‌  پارس‌ شهاب‌,773,746826,76194054420,97240,101000,101480,4240,4.36,102020,4780,4.92,100200,102100,1400-5-9,2021-07-31
327,دسانكو,داروسازي سبحان انكولوژي,765,4357935,50312262672,12048,11530,11640,-408,-3.39,11545,-503,-4.17,11446,12045,1400-5-9,2021-07-31
328,واميد,گروه مديريت سرمايه گذاري اميد,762,7377546,87626494880,11530,12090,11910,380,3.3,11780,250,2.17,11590,12090,1400-5-9,2021-07-31
329,والبر,سرمايه‌ گذاري‌ البرز(هلدينگ‌,760,3479113,31998874830,9150,9150,9130,-20,-0.22,9200,50,0.55,9010,9380,1400-5-9,2021-07-31
330,اتكاي,بيمه اتكايي ايرانيان,760,2476642,23537365851,9394,9420,9300,-94,-1,9504,110,1.17,9246,9770,1400-5-9,2021-07-31
331,افران,صندوق س افرا نماد پايدار-ثابت,759,16636171,231420875963,13874,13910,13911,37,0.27,13911,37,0.27,13910,13914,1400-5-9,2021-07-31
332,فباهنر,مس‌ شهيدباهنر,754,2176422,56027218450,24700,25750,25930,1230,4.98,25740,1040,4.21,25120,25930,1400-5-9,2021-07-31
333,چكاوه,صنايع‌كاغذسازي‌كاوه‌,751,2992511,39750917900,13630,13950,12950,-680,-4.99,13280,-350,-2.57,12950,13950,1400-5-9,2021-07-31
334,لابسا,آبسال‌,747,1218829,45052795170,36050,35060,37850,1800,4.99,36960,910,2.52,35060,37850,1400-5-9,2021-07-31
335,شجم,صنايع پتروشيمي تخت جمشيد,744,5967596,69315092042,11475,11220,11567,92,0.8,11615,140,1.22,11220,11816,1400-5-9,2021-07-31
336,كسعدي,كاشي‌ سعدي‌,739,2015127,23175279450,11570,11320,11390,-180,-1.56,11500,-70,-0.61,11250,11900,1400-5-9,2021-07-31
337,خبازرس,بازرسي مهندسي و صنعتي ايران,737,1135414,27746772334,25062,24311,24311,-751,-3,24438,-624,-2.49,24311,25700,1400-5-9,2021-07-31
338,شلرد,كود شيميايي اوره لردگان,737,7144164,56668114355,7706,7937,7937,231,3,7932,226,2.93,7810,7937,1400-5-9,2021-07-31
339,مدير,ص.س.مديريت ثروت ص.بازنشستگي-س,727,3942462,35364467337,8826,8755,9010,184,2.08,8970,144,1.63,8730,9090,1400-5-9,2021-07-31
340,پاسا,ايران‌ياساتايرورابر,726,2521678,51994689250,20620,20950,20620,0,0,20620,0,0,20010,21000,1400-5-9,2021-07-31
341,وبوعلي,سرمايه‌گذاري‌بوعلي‌,723,6151642,24630533702,3973,4000,3970,-3,-0.08,4004,31,0.78,3943,4089,1400-5-9,2021-07-31
342,قصفها,قنداصفهان‌,722,442527,39682085450,87330,87000,91100,3770,4.32,89670,2340,2.68,85300,91690,1400-5-9,2021-07-31
343,خراسان,پتروشيمي خراسان,720,1440422,112698321200,75200,74500,78960,3760,5,78240,3040,4.04,74500,78960,1400-5-9,2021-07-31
344,ونفت,سرمايه‌گذاري‌ صنعت‌ نفت‌,716,6095633,95507594970,15390,15430,15800,410,2.66,15670,280,1.82,15060,15920,1400-5-9,2021-07-31
345,ولشرق,ليزينگ ايران و شرق,716,3521027,21242442451,6076,6009,5999,-77,-1.27,6033,-43,-0.71,5956,6160,1400-5-9,2021-07-31
346,دتماد,توليدمواداوليه‌داروپخش‌,703,977877,46171686740,47470,48300,47050,-420,-0.88,47220,-250,-0.53,46870,48300,1400-5-9,2021-07-31
347,ختراك,ريخته‌گري‌ تراكتورسازي‌ ايران‌,703,3740765,42659565800,11880,11600,11500,-380,-3.2,11400,-480,-4.04,11290,11750,1400-5-9,2021-07-31
348,گوهر,صندوق سكه طلاي كيان,700,900485,52526208916,55589,56349,58700,3111,5.6,58331,2742,4.93,56349,59599,1400-5-9,2021-07-31
349,فنوال,نورد آلومينيوم‌,700,1597125,40109100420,23600,24420,25100,1500,6.36,25110,1510,6.4,24420,25640,1400-5-9,2021-07-31
350,زشگزا,شير و گوشت زاگرس شهركرد,695,2817691,16396594156,5781,5756,5810,29,0.5,5819,38,0.66,5680,5980,1400-5-9,2021-07-31
351,كارين,صندوق س نگين سامان-ثابت,694,22148255,222581317262,10032,10051,10049,17,0.17,10050,18,0.18,10049,10051,1400-5-9,2021-07-31
352,دكوثر,داروسازي‌ كوثر,692,5273227,24330272077,4590,4660,4640,50,1.09,4614,24,0.52,4500,4787,1400-5-9,2021-07-31
353,اطلس,صندوق س.توسعه اندوخته آينده-س,686,234245,56457994742,235685,235000,242501,6816,2.89,241021,5336,2.26,235000,243001,1400-5-9,2021-07-31
354,دجابر,داروسازي‌ جابرابن‌حيان‌,686,2160135,27905495220,12870,12420,12840,-30,-0.23,12920,50,0.39,12420,13210,1400-5-9,2021-07-31
355,فسرب,ملي‌ سرب‌وروي‌ ايران‌,685,1318740,96020047200,69420,67900,72890,3470,5,72810,3390,4.88,67900,72890,1400-5-9,2021-07-31
356,آسيا,بيمه آسيا,679,17450178,33379740257,1829,1907,1920,91,4.98,1913,84,4.59,1881,1920,1400-5-9,2021-07-31
357,وملل,اعتباري ملل,674,5481245,69110542111,12759,12700,12670,-89,-0.7,12609,-150,-1.18,12320,12759,1400-5-9,2021-07-31
358,وسكاب,س.ص.بازنشستگي كاركنان بانكها,674,10868144,29611758438,2682,2730,2735,53,1.98,2725,43,1.6,2661,2755,1400-5-9,2021-07-31
359,سصوفي,سيمان‌ صوفيان‌,673,3462672,64216551810,17690,18540,18570,880,4.97,18550,860,4.86,18010,18570,1400-5-9,2021-07-31
360,غمارگ,مارگارين‌,664,2551653,67294085200,25160,25900,26400,1240,4.93,26370,1210,4.81,25300,26410,1400-5-9,2021-07-31
361,بزاگرس,نيروگاه زاگرس كوثر,662,4268693,20153968664,4649,4653,4685,36,0.77,4721,72,1.55,4653,4855,1400-5-9,2021-07-31
362,وثنو,سرمايه گذاري ساختماني نوين,658,8312569,36105288881,4465,4340,4365,-100,-2.24,4343,-122,-2.73,4332,4496,1400-5-9,2021-07-31
363,لسرما,سرما آفرين‌,657,1472766,28440673060,19840,20170,19100,-740,-3.73,19310,-530,-2.67,18900,20260,1400-5-9,2021-07-31
364,دتوليدح,ح. داروسازي توليد دارو,656,1837171,18886490421,9883,9740,10062,179,1.81,10280,397,4.02,9740,10377,1400-5-9,2021-07-31
365,كمنگنز,معادن‌منگنزايران‌,652,817223,59676571960,69720,72840,73200,3480,4.99,73020,3300,4.73,71000,73200,1400-5-9,2021-07-31
366,پكوير,كوير تاير,650,3978730,53839097560,13480,13690,13530,50,0.37,13530,50,0.37,13170,13890,1400-5-9,2021-07-31
367,مفاخر,توسعه فناوري اطلاعات خوارزمي,646,725797,27963571786,36826,37306,38667,1841,5,38528,1702,4.62,37306,38667,1400-5-9,2021-07-31
368,خفنر,فنرسازي‌خاور,644,5050857,36634725700,6950,6970,7290,340,4.89,7250,300,4.32,6970,7290,1400-5-9,2021-07-31
369,درازك,دارويي‌ رازك‌,641,822669,30014045830,35900,36290,36000,100,0.28,36480,580,1.62,35190,37640,1400-5-9,2021-07-31
370,ارفع,شركت آهن و فولاد ارفع,641,8336309,129454542461,14790,15529,15529,739,5,15529,739,5,15529,15529,1400-5-9,2021-07-31
371,غبهنوش,بهنوش‌ ايران‌,639,388119,23302061660,60790,59500,59150,-1640,-2.7,60040,-750,-1.23,58150,62070,1400-5-9,2021-07-31
372,سهرمز,سيمان‌هرمزگان‌,636,1682173,29742544940,17740,18300,17700,-40,-0.23,17680,-60,-0.34,17180,18300,1400-5-9,2021-07-31
373,وسكرشا,س.سهام عدالت استان كرمانشاه,632,40532039,35425002086,919,874,874,-45,-4.9,874,-45,-4.9,874,874,1400-5-9,2021-07-31
374,شبصير,توليدات پتروشيمي قائد بصير,631,1488158,133641648571,85662,87000,89945,4283,5,89803,4141,4.83,86980,89945,1400-5-9,2021-07-31
375,سخوز,سيمان خوزستان,630,1403578,35345143780,25190,25960,24910,-280,-1.11,25180,-10,-0.04,24800,26000,1400-5-9,2021-07-31
376,حپارسا,توسعه حمل و نقل ريلي پارسيان,630,1503359,50322159092,32826,32020,33160,334,1.02,33473,647,1.97,32020,34467,1400-5-9,2021-07-31
377,فنورد,نوردوقطعات‌ فولادي‌,626,170218,34941055310,196870,191800,206700,9830,4.99,205270,8400,4.27,191800,206710,1400-5-9,2021-07-31
378,وجامي,سرمايه گذاري جامي,616,3289308,41919957226,12443,12250,12790,347,2.79,12744,301,2.42,12250,12816,1400-5-9,2021-07-31
379,وصنا,گروه‌صنايع‌بهشهرايران‌,613,2939138,17017823350,5660,5630,5780,120,2.12,5790,130,2.3,5630,5870,1400-5-9,2021-07-31
380,وتوكا,سرمايه‌گذاري‌توكافولاد(هلدينگ,608,10568664,97201153110,8790,8720,9220,430,4.89,9200,410,4.66,8720,9220,1400-5-9,2021-07-31
381,غشوكو,شوكو پارس,602,857267,27898697567,32131,33094,32494,363,1.13,32544,413,1.29,31168,33094,1400-5-9,2021-07-31
382,فسازان,غلتك سازان سپاهان,597,886860,26529564320,29800,29400,29980,180,0.6,29910,110,0.37,29400,30900,1400-5-9,2021-07-31
383,گوهرانح,ح . س. توسعه گوهران اميد,595,1677537,6071933760,3584,3516,3601,17,0.47,3620,36,1,3516,3660,1400-5-9,2021-07-31
384,بنيرو,نيروترانس‌,593,6626285,14826947274,2266,2320,2245,-21,-0.93,2238,-28,-1.24,2195,2320,1400-5-9,2021-07-31
385,بساما,بيمه سامان,586,1450538,40223521637,26897,25600,28241,1344,5,27730,833,3.1,25553,28241,1400-5-9,2021-07-31
386,وگردش,بانك گردشگري,585,1901202,26999990391,14359,14496,14246,-113,-0.79,14309,-50,-0.35,13990,14496,1400-5-9,2021-07-31
387,دامين,داروسازي‌ امين‌,583,5518318,20136790382,3648,3590,3650,2,0.05,3649,1,0.03,3571,3770,1400-5-9,2021-07-31
388,تسه0002,امتيازتسهيلاتمسكن ارديبهشت1400,573,9635,5770190800,603599,599222,610000,6401,1.06,598878,-4721,-0.78,580100,610000,1400-5-9,2021-07-31
389,دروز,داروسازي‌ روزدارو,573,1243640,36997352020,30150,31610,29100,-1050,-3.48,29750,-400,-1.33,28650,31610,1400-5-9,2021-07-31
390,پلاسك,پلاسكوكار,572,2621590,17245360330,6630,6500,6500,-130,-1.96,6580,-50,-0.75,6490,6740,1400-5-9,2021-07-31
391,فپنتا,سپنتا,572,103921,41958228120,385830,395110,405120,19290,5,403750,17920,4.64,395000,405120,1400-5-9,2021-07-31
392,خشرق,الكتريك‌ خودرو شرق‌,565,1673898,20142680750,11970,11720,12040,70,0.58,12030,60,0.5,11720,12260,1400-5-9,2021-07-31
393,زدشت,كشت و صنعت دشت خرم دره,565,861601,16767589457,19134,18900,19260,126,0.66,19461,327,1.71,18500,19800,1400-5-9,2021-07-31
394,بموتو,موتوژن‌,564,863358,55642406410,63670,65000,64210,540,0.85,64450,780,1.23,63010,65690,1400-5-9,2021-07-31
395,وايرا,سرمايه گذاري صنايع ايران,563,5010302,41104705838,8403,8152,8255,-148,-1.76,8204,-199,-2.37,8151,8580,1400-5-9,2021-07-31
396,رنيك,جنرال مكانيك,563,1232055,20347805083,16591,16990,16600,9,0.05,16515,-76,-0.46,16280,16990,1400-5-9,2021-07-31
397,پخش,پخش البرز,561,1399271,25637161212,18195,17360,18800,605,3.33,18322,127,0.7,17360,19000,1400-5-9,2021-07-31
398,شنفت,نفت‌ پارس‌,558,953287,55811051030,59370,57350,59000,-370,-0.62,58580,-790,-1.33,56410,59280,1400-5-9,2021-07-31
399,كخاك,صنايع‌خاك‌چيني‌ايران‌,557,2113648,75168335750,34090,33000,35790,1700,4.99,35560,1470,4.31,33000,35790,1400-5-9,2021-07-31
400,ريشمك,توليد و صادرات ريشمك,553,753364,34203327780,45320,45008,45330,10,0.02,45401,81,0.18,44008,46450,1400-5-9,2021-07-31
401,دپارس,پارس‌ دارو,553,875442,29131244880,33870,33250,34150,280,0.83,33280,-590,-1.74,32230,34150,1400-5-9,2021-07-31
402,وكادو,تكادو,547,2572612,45980999819,17362,17100,17882,520,3,17873,511,2.94,17100,17882,1400-5-9,2021-07-31
403,سرود,سيمان‌شاهرود,546,1682921,41440837550,24680,24950,24260,-420,-1.7,24620,-60,-0.24,23450,25450,1400-5-9,2021-07-31
404,كفرآور,فرآورده هاي سيمان شرق,545,2137082,41181246750,18731,19200,19292,561,3,19270,539,2.88,19100,19292,1400-5-9,2021-07-31
405,وبشهر,توسعه‌ صنايع‌ بهشهر(هلدينگ,544,3208691,37903879630,11660,11150,11860,200,1.72,11810,150,1.29,11150,12110,1400-5-9,2021-07-31
406,خصدرا,صنعتي‌ دريايي‌ ايران‌,542,12867333,31260624824,2365,2420,2435,70,2.96,2429,64,2.71,2365,2435,1400-5-9,2021-07-31
407,رتكو,كنترل‌خوردگي‌تكين‌كو,540,2060795,24774849380,12090,11810,12000,-90,-0.74,12020,-70,-0.58,11610,12270,1400-5-9,2021-07-31
408,پكرمان,گروه‌ صنعتي‌ بارز,540,1479874,39672444660,26270,25630,26110,-160,-0.61,26810,540,2.06,25630,27580,1400-5-9,2021-07-31
409,رتاپ,تجارت الكترونيك  پارسيان,540,2561111,15352465090,5940,5980,6020,80,1.35,5990,50,0.84,5850,6080,1400-5-9,2021-07-31
410,خكمك,كمك‌فنرايندامين‌,538,900667,14690398290,16280,16290,16120,-160,-0.98,16310,30,0.18,16060,16680,1400-5-9,2021-07-31
411,شفا,سرمايه گذاري شفادارو,535,1225985,47483439660,40510,40510,38490,-2020,-4.99,38730,-1780,-4.39,38490,40790,1400-5-9,2021-07-31
412,سشمال,سيمان‌ شمال‌,533,1657550,16907038830,9840,10150,10000,160,1.63,10200,360,3.66,9860,10330,1400-5-9,2021-07-31
413,كاريس,صندوق س.سپهر كاريزما-س,530,2509180,33278272456,13108,13100,13360,252,1.92,13263,155,1.18,13043,13360,1400-5-9,2021-07-31
414,فسا,پتروشيمي فسا,525,10594626,14058817867,1356,1319,1349,-7,-0.52,1327,-29,-2.14,1316,1371,1400-5-9,2021-07-31
415,دكپسول,توليد ژلاتين كپسول ايران,524,879900,30226387236,34106,34890,34320,214,0.63,34352,246,0.72,33160,34890,1400-5-9,2021-07-31
416,زگلدشت,كشت و دام گلدشت نمونه اصفهان,522,1462696,16186639573,11371,11000,10930,-441,-3.88,11066,-305,-2.68,10803,11390,1400-5-9,2021-07-31
417,ساينا,صنايع بهداشتي ساينا,517,147724,14630497782,103621,98440,98440,-5181,-5,99039,-4582,-4.42,98440,103000,1400-5-9,2021-07-31
418,غپآذر,شير پگاه آذربايجان شرقي,514,1107608,46136767868,39879,38800,41872,1993,5,41654,1775,4.45,38800,41872,1400-5-9,2021-07-31
419,كشرق,صنعتي و معدني شمال شرق شاهرود,513,439555,27722607075,63112,63865,63450,338,0.54,63070,-42,-0.07,62060,63865,1400-5-9,2021-07-31
420,قجام,فرآوردههاي غذايي وقندتربت‌جام‌,507,5358670,36717632340,6991,6852,6852,-139,-1.99,6852,-139,-1.99,6852,6860,1400-5-9,2021-07-31
421,وسهمدا,شركت س استان همدان,504,27338688,14674243822,560,532,550,-10,-1.79,546,-14,-2.5,532,568,1400-5-9,2021-07-31
422,پرداخت,به پرداخت ملت,503,1061313,21319995030,20490,19650,20510,20,0.1,20130,-360,-1.76,19650,20960,1400-5-9,2021-07-31
423,پرديس,سرمايه گذاري پرديس,498,6776830,33733763851,4932,4900,5042,110,2.23,4978,46,0.93,4851,5042,1400-5-9,2021-07-31
424,والبرح,ح . سرمايه گذاري‌البرز(هلدينگ‌,494,1341929,10405415333,7696,7551,7622,-74,-0.96,7754,58,0.75,7551,7899,1400-5-9,2021-07-31
425,كاردان,صندوق س تجارت شاخصي كاردان,494,234010,41640629700,175980,175930,179670,3690,2.1,177940,1960,1.11,174540,179900,1400-5-9,2021-07-31
426,بهپاك,صنعتي بهپاك,489,3131628,23103184610,7365,7590,7400,35,0.48,7377,12,0.16,7241,7600,1400-5-9,2021-07-31
427,دانا,بيمه دانا,488,4196887,23018511850,5240,5450,5500,260,4.96,5480,240,4.58,5230,5500,1400-5-9,2021-07-31
428,ثتران,سرمايه گذاري مسكن تهران,487,4871649,16235433066,3292,3330,3328,36,1.09,3333,41,1.25,3220,3380,1400-5-9,2021-07-31
429,كالا,بورس كالاي ايران,485,1549568,38754695680,23820,25010,25010,1190,5,24740,920,3.86,25010,25010,1400-5-9,2021-07-31
430,فخاس,فولاد خراسان,480,1265027,27470457030,21370,20500,21780,410,1.92,21460,90,0.42,20500,22040,1400-5-9,2021-07-31
431,شپاس,نفت پاسارگاد,479,1670778,30141813111,17626,17900,18042,416,2.36,18041,415,2.35,17150,18290,1400-5-9,2021-07-31
432,ميدكو,توسعه معادن وص.معدني خاورميانه,474,5141220,194340804940,35310,36150,37950,2640,7.48,37800,2490,7.05,36150,37950,1400-5-9,2021-07-31
433,شوينده,مديريت صنعت شوينده ت.ص.بهشهر,471,976550,21594844950,22140,21870,22000,-140,-0.63,22110,-30,-0.14,21540,22400,1400-5-9,2021-07-31
434,تپمپي,پمپ‌ سازي‌ ايران‌,470,971398,15625813060,16120,16500,16060,-60,-0.37,16090,-30,-0.19,15850,16500,1400-5-9,2021-07-31
435,غشهد,شهد ايران ‌,469,2854846,13284208232,4761,4751,4695,-66,-1.39,4663,-98,-2.06,4560,4800,1400-5-9,2021-07-31
436,شگل,گلتاش‌,466,2083838,16184311420,7870,7600,7600,-270,-3.43,7770,-100,-1.27,7540,7900,1400-5-9,2021-07-31
437,نمرينو,ايران‌ مرينوس‌,466,534824,53346660030,95130,99860,99880,4750,4.99,99750,4620,4.86,97900,99880,1400-5-9,2021-07-31
438,غشاذر,پگاه‌آذربايجان‌غربي‌,460,2601225,18834500440,7120,6810,7280,160,2.25,7240,120,1.69,6810,7450,1400-5-9,2021-07-31
439,كروي,توسعه‌ معادن‌ روي‌ ايران‌,459,1502419,36771524310,23460,23460,24630,1170,4.99,24470,1010,4.31,23010,24630,1400-5-9,2021-07-31
440,دعبيد,لابراتوارداروسازي‌  دكترعبيدي‌,457,1159474,28840052430,25220,24360,24400,-820,-3.25,25000,-220,-0.87,24360,25190,1400-5-9,2021-07-31
441,تسه0001,امتيازتسهيلات مسكن فروردين1400,456,6089,3647312518,603823,610000,588800,-15023,-2.49,599000,-4823,-0.8,575500,610000,1400-5-9,2021-07-31
442,دسانكوح,ح . داروسازي سبحان انكولوژي,455,1570487,12571501937,8370,7991,8110,-260,-3.11,8005,-365,-4.36,7952,8200,1400-5-9,2021-07-31
443,آساس,صندوق س.آسمان آرماني سهام-س,453,154038,25823566302,166452,166500,168500,2048,1.23,167644,1192,0.72,166500,168600,1400-5-9,2021-07-31
444,كاسپين,داروسازي كاسپين تامين,450,1107035,22724933601,20278,20262,20350,72,0.36,20528,250,1.23,20000,21160,1400-5-9,2021-07-31
445,لخزر,پارس‌ خزر,449,180755,21522971690,118110,119900,119000,890,0.75,119070,960,0.81,112790,124000,1400-5-9,2021-07-31
446,ركيشح,ح. كارت اعتباري ايران كيش,444,2345690,11106695394,4929,4710,4660,-269,-5.46,4735,-194,-3.94,4580,4929,1400-5-9,2021-07-31
447,فن آوا,گروه فن آوا,442,3535086,63775943325,17536,18062,18062,526,3,18041,505,2.88,17605,18062,1400-5-9,2021-07-31
448,كپارس,كاشي‌ پارس‌,440,174960,19853074930,109740,115000,112800,3060,2.79,113470,3730,3.4,112000,115000,1400-5-9,2021-07-31
449,ضسپا8041,اختيارخ خساپا-1600-1400/08/26,437,13831,5445084000,369,341,393,24,6.5,394,25,6.78,341,410,1400-5-9,2021-07-31
450,وكار,بانك‌ كارآفرين‌,434,5152315,16184537153,3252,3137,3160,-92,-2.83,3216,-36,-1.11,3096,3230,1400-5-9,2021-07-31
451,وتوسم,سرمايه‌گذاري‌توسعه‌ملي‌,434,2206837,17266000680,7790,7570,7900,110,1.41,7820,30,0.39,7570,7950,1400-5-9,2021-07-31
452,ثمسكن,سرمايه‌گذاري‌ مسكن‌,431,4037366,18557791198,4539,4401,4614,75,1.65,4597,58,1.28,4401,4680,1400-5-9,2021-07-31
453,زپارس,ملي كشت و صنعت و دامپروري پارس,428,702814,82441252820,115480,110260,119400,3920,3.39,117300,1820,1.58,110260,121000,1400-5-9,2021-07-31
454,كطبس,ذغال‌سنگ‌ نگين‌ ط‌بس‌,427,643536,37612239690,56300,58490,58800,2500,4.44,58450,2150,3.82,56010,59110,1400-5-9,2021-07-31
455,وتوشه,سرمايه‌ گذاري‌ پارس‌ توشه‌,421,4196396,25889080570,6250,6150,6240,-10,-0.16,6170,-80,-1.28,6090,6300,1400-5-9,2021-07-31
456,سپيدما,صندوق س. سپيد دماوند-د,417,18701707,201490764227,10759,10774,10774,15,0.14,10774,15,0.14,10773,10779,1400-5-9,2021-07-31
457,تكنو,تكنوتار,412,773601,12301108760,16300,15490,15630,-670,-4.11,15960,-340,-2.09,15490,16750,1400-5-9,2021-07-31
458,لبوتان,گروه‌صنعتي‌بوتان‌,393,334623,16429143950,50130,50020,48810,-1320,-2.63,49100,-1030,-2.05,47810,50990,1400-5-9,2021-07-31
459,ركيش,كارت اعتباري ايران كيش,392,2465870,17474337930,7180,7170,7000,-180,-2.51,7090,-90,-1.25,6900,7240,1400-5-9,2021-07-31
460,قچار,فراوردههاي غذايي وقند چهارمحال,392,4685849,80369982402,16548,16550,17375,827,5,17152,604,3.65,16550,17375,1400-5-9,2021-07-31
461,دالبر,البرزدارو,391,1154808,14652934250,13150,13000,12710,-440,-3.35,12720,-430,-3.27,12500,13080,1400-5-9,2021-07-31
462,كفرا,فراورده‌ هاي‌ نسوزايران‌,389,671447,15829729970,24050,23600,24000,-50,-0.21,23580,-470,-1.95,22950,24400,1400-5-9,2021-07-31
463,فاما,صنعتي‌ آما,389,1553432,25718609700,15970,15520,16760,790,4.95,16560,590,3.69,15520,16760,1400-5-9,2021-07-31
464,غشان,شيرپاستوريزه‌پگاه‌خراسان‌,387,5288374,31267225130,5640,5630,5920,280,4.96,5910,270,4.79,5610,5920,1400-5-9,2021-07-31
465,سكرما,سيمان‌ كرمان‌,387,1458276,24535307980,17120,16750,16760,-360,-2.1,16820,-300,-1.75,16560,17340,1400-5-9,2021-07-31
466,دكيمي,كيميدارو,386,547727,11776171750,21340,20520,21630,290,1.36,21460,120,0.56,20520,21910,1400-5-9,2021-07-31
467,قشير,قند شيروان قوچان و بجنورد,376,1066552,17611282197,16268,16260,16560,292,1.79,16512,244,1.5,16000,16800,1400-5-9,2021-07-31
468,آكورد,صندوق س. آرمان آتي كوثر-د,375,4409083,146999166286,33291,33340,33341,50,0.15,33340,49,0.15,33340,33346,1400-5-9,2021-07-31
469,دسبحا,گروه دارويي سبحان,375,1321180,20400361580,15420,15800,15350,-70,-0.45,15440,20,0.13,15200,15800,1400-5-9,2021-07-31
470,تسه9912,امتياز تسهيلات مسكن اسفند99,374,4399,2632101641,606509,601000,600000,-6509,-1.07,598341,-8168,-1.35,582000,609990,1400-5-9,2021-07-31
471,سبجنو,سيمان‌ بجنورد,373,740285,32368202190,41810,43200,43800,1990,4.76,43720,1910,4.57,41900,43900,1400-5-9,2021-07-31
472,ياقوت,صندوق س ياقوت آگاه-ثابت,372,3650211,46607561808,12747,12766,12776,29,0.23,12768,21,0.16,12766,12777,1400-5-9,2021-07-31
473,خديزل,بهمن  ديزل,368,357841,18128618968,50283,50282,50000,-283,-0.56,50621,338,0.67,49500,51550,1400-5-9,2021-07-31
474,ثجوان,تامين مسكن جوانان,364,1453742,14565289929,10239,10506,10160,-79,-0.77,10019,-220,-2.15,9932,10506,1400-5-9,2021-07-31
475,ثباغ,شهر سازي و خانه سازي باغميشه,363,940868,11065128387,11448,11900,11900,452,3.95,11672,224,1.96,11001,12000,1400-5-9,2021-07-31
476,ولغدر,ليزينگ‌خودروغدير,360,980956,18142690360,19430,18480,18460,-970,-4.99,18490,-940,-4.84,18460,19200,1400-5-9,2021-07-31
477,پلوله,گازلوله‌,356,703805,21213639357,30860,29317,29900,-960,-3.11,30141,-719,-2.33,29317,32403,1400-5-9,2021-07-31
478,سدشت,صنايع سيمان دشتستان,354,182999,9838733250,56050,54860,54430,-1620,-2.89,55160,-890,-1.59,53260,55500,1400-5-9,2021-07-31
479,شلعاب,لعابيران‌,351,2561034,24534705720,10080,9580,9580,-500,-4.96,9580,-500,-4.96,9580,9580,1400-5-9,2021-07-31
480,واحصا,احياء صنايع خراسان,351,593148,23596939428,38779,39403,39942,1163,3,39783,1004,2.59,38002,39942,1400-5-9,2021-07-31
481,تصميم,صندوق س با درآمد ثابت تصميم,347,2299946,39054354438,16957,16984,16979,22,0.13,16981,24,0.14,16978,16984,1400-5-9,2021-07-31
482,وارس,سرمايه گذاري ارس صبا,344,1941076,30225587703,15129,15550,15582,453,2.99,15572,443,2.93,15136,15582,1400-5-9,2021-07-31
483,ضخود7075,اختيارخ خودرو-2000-1400/07/07,339,11580,3417764000,313,330,284,-29,-9.27,295,-18,-5.75,281,330,1400-5-9,2021-07-31
484,گوهران,سرمايه گذاري توسعه گوهران اميد,339,2810851,14244279944,5051,4905,5057,6,0.12,5067,16,0.32,4905,5136,1400-5-9,2021-07-31
485,تسه9908,امتياز تسهيلات مسكن آبان99,339,6410,3822997557,598962,604000,610000,11038,1.84,596411,-2551,-0.43,569020,610000,1400-5-9,2021-07-31
486,گنگين,اقتصادي نگين گردشگري ايرانيان,334,2456713,48009872855,19638,19500,19500,-138,-0.7,19542,-96,-0.49,19200,19850,1400-5-9,2021-07-31
487,وسديد,گروه ‌صنعتي‌سديد,330,4329301,6848954182,1614,1582,1582,-32,-1.98,1602,-12,-0.74,1582,1582,1400-5-9,2021-07-31
488,حسينا,توسعه خدمات دريايي وبندري سينا,326,497162,28214754985,56732,56500,57989,1257,2.22,56752,20,0.04,55250,58680,1400-5-9,2021-07-31
489,كپرور,فرآوري زغال سنگ پروده طبس,322,604853,20650765150,33879,33162,34170,291,0.86,34142,263,0.78,32900,34780,1400-5-9,2021-07-31
490,ولبهمن,شركت بهمن ليزينگ,320,2235552,15963790317,7023,7295,7120,97,1.38,7141,118,1.68,7060,7295,1400-5-9,2021-07-31
491,ارمغان,ص سرمايه گذاري ارمغان ايرانيان,314,6024251,60976342111,10120,10137,10125,5,0.05,10122,2,0.02,10120,10137,1400-5-9,2021-07-31
492,فيروزا,صندوق بادرآمد ثابت فيروزه آسيا,313,3404878,83413194589,24320,24748,24500,180,0.74,24498,178,0.73,24360,24748,1400-5-9,2021-07-31
493,حآسا,آسيا سير ارس,310,2012285,49166159405,25718,24433,24433,-1285,-5,24433,-1285,-5,24433,24433,1400-5-9,2021-07-31
494,بفجر,فجر انرژي خليج فارس,309,1497475,36134710440,24480,24100,24360,-120,-0.49,24280,-200,-0.82,23480,24380,1400-5-9,2021-07-31
495,وپسا,س. پتروشيمي ساختمان  خليج فارس,309,3436973,6332358019,1854,1829,1834,-20,-1.08,1842,-12,-0.65,1820,1879,1400-5-9,2021-07-31
496,گپارس,امور رفاهي كارگزاران پارس,307,84028,9769696764,119440,115857,115857,-3583,-3,116267,-3173,-2.66,115857,120000,1400-5-9,2021-07-31
497,فنفت,صنايع تجهيزات نفت,301,755834,19977823972,25744,26000,26515,771,2.99,26431,687,2.67,25600,26516,1400-5-9,2021-07-31
498,لوتوس,تامين سرمايه لوتوس پارسيان,300,1609398,12610771540,7860,7900,7950,90,1.15,7850,-10,-0.13,7790,7960,1400-5-9,2021-07-31
499,فيروزه,صندوق شاخص30 شركت فيروزه- سهام,300,106671,16676510080,153160,152020,158000,4840,3.16,156340,3180,2.08,152020,158180,1400-5-9,2021-07-31
500,ضخود7077,اختيارخ خودرو-3000-1400/07/07,300,14178,894284000,73,73,61,-12,-16.44,63,-10,-13.7,56,82,1400-5-9,2021-07-31
501,ثرود,سرمايه‌گذاري مسكن زاينده رود,299,1870424,33298447870,16967,17807,17815,848,5,17803,836,4.93,17200,17815,1400-5-9,2021-07-31
502,اتكام,شركت بيمه اتكايي امين,293,2078419,10381543865,5004,5110,4980,-24,-0.48,4998,-6,-0.12,4903,5110,1400-5-9,2021-07-31
503,بپاس,بيمه پاسارگاد,290,1641843,99735394878,57854,60746,60746,2892,5,60143,2289,3.96,60746,60746,1400-5-9,2021-07-31
504,تسه9911,امتياز تسهيلات مسكن بهمن99,289,3807,2288958637,606190,596299,580000,-26190,-4.32,601250,-4940,-0.81,580000,609700,1400-5-9,2021-07-31
505,حخزر,كشتيراني درياي خزر,289,485226,11933165290,25371,25347,24850,-521,-2.05,24732,-639,-2.52,24104,25360,1400-5-9,2021-07-31
506,قشكر,شكرشاهرود,287,8892157,26026757125,2792,2890,2931,139,4.98,2927,135,4.84,2780,2931,1400-5-9,2021-07-31
507,آوا,صندوق س.سهام آواي معيار-س,287,1345602,9605938767,7053,7060,7157,104,1.47,7139,86,1.22,7060,7158,1400-5-9,2021-07-31
508,سجام,مجتمع سيمان غرب آسيا,287,2188044,8316807879,3810,3750,3763,-47,-1.23,3803,-7,-0.18,3722,3847,1400-5-9,2021-07-31
509,قپيرا,فرآورده‌هاي‌غدايي‌وقندپيرانشهر,287,2176207,16271873360,7640,7680,7600,-40,-0.52,7480,-160,-2.09,7370,7830,1400-5-9,2021-07-31
510,وزمين,بانك ايران زمين,283,2153825,22186127877,10322,10470,10300,-22,-0.21,10301,-21,-0.2,9910,10470,1400-5-9,2021-07-31
511,كقزوي,شيشه‌ قزوين‌,277,3176960,24411182279,7528,7335,7753,225,2.99,7684,156,2.07,7313,7753,1400-5-9,2021-07-31
512,پارسيان,بيمه پارسيان,274,1764090,15816671210,8890,8890,8940,50,0.56,8960,70,0.79,8660,9110,1400-5-9,2021-07-31
513,سباقر,سيمان باقران,271,1055349,16682549605,15894,15700,15600,-294,-1.85,15808,-86,-0.54,15510,16070,1400-5-9,2021-07-31
514,ما,بيمه  ما,269,1228940,9538592610,7820,7860,7820,0,0,7780,-40,-0.51,7700,7860,1400-5-9,2021-07-31
515,سپ,پرداخت الكترونيك سامان كيش,269,573269,15366781040,27330,27000,27000,-330,-1.21,27180,-150,-0.55,26510,27220,1400-5-9,2021-07-31
516,فافزا,فولاد افزا سپاهان,263,154466,6772139429,43104,43841,43654,550,1.28,43596,492,1.14,43310,44397,1400-5-9,2021-07-31
517,تسه9910,امتياز تسهيلات مسكن دي99,259,3653,2194504619,606110,596001,621989,15879,2.62,600740,-5370,-0.89,590001,621989,1400-5-9,2021-07-31
518,ولملت,واسپاري ملت,254,1643143,8372169020,5020,4910,5060,40,0.8,5060,40,0.8,4910,5240,1400-5-9,2021-07-31
519,ضسپا8042,اختيارخ خساپا-1800-1400/08/26,253,8780,2627629000,292,288,291,-1,-0.34,299,7,2.4,288,318,1400-5-9,2021-07-31
520,دسينا,داروسازي‌ سينا,252,738283,15650594860,20510,20570,21180,670,3.27,21200,690,3.36,20570,21450,1400-5-9,2021-07-31
521,وسلرستا,شركت س استان لرستان,252,17784475,8232257178,479,461,460,-19,-3.97,471,-8,-1.67,458,475,1400-5-9,2021-07-31
522,تايرا,تراكتورسازي‌ايران‌,248,801054,18415605410,23500,22600,22800,-700,-2.98,23180,-320,-1.36,22340,23300,1400-5-9,2021-07-31
523,تسه9909,امتياز تسهيلات مسكن آذر99,247,3490,2093928364,601727,597000,621999,20272,3.37,599979,-1748,-0.29,590000,621999,1400-5-9,2021-07-31
524,قهكمت,قندهكمتان‌,246,355819,12409726920,35600,35260,35060,-540,-1.52,34990,-610,-1.71,34010,35790,1400-5-9,2021-07-31
525,وسنا,سرمايه گذاري نيروگاهي ايران,246,1010532,14133083929,13780,13400,14193,413,3,13930,150,1.09,13370,14193,1400-5-9,2021-07-31
526,وساشرقي,شركت س استان آذربايجان شرقي,241,14314712,11222734208,825,784,784,-41,-4.97,818,-7,-0.85,784,784,1400-5-9,2021-07-31
527,قمرو,قند مرودشت‌,238,319850,7827642070,24620,24010,24450,-170,-0.69,24540,-80,-0.32,24010,25030,1400-5-9,2021-07-31
528,فراز,صندوق س.سهام فراز داريك-س,237,2077188,25385783570,12192,12200,12224,32,0.26,12221,29,0.24,12200,12230,1400-5-9,2021-07-31
529,پسهند,صنايع‌ لاستيكي‌  سهند,235,390926,11867745740,30280,30000,30230,-50,-0.17,30340,60,0.2,29100,30880,1400-5-9,2021-07-31
530,آساميد,صندوق س.مشترك آسمان اميد -د,231,8068857,100967066993,12498,12513,12513,15,0.12,12513,15,0.12,12513,12519,1400-5-9,2021-07-31
531,غصينو,صنعتي مينو,230,226828,10184577200,47263,44900,44900,-2363,-5,46953,-310,-0.66,44900,44900,1400-5-9,2021-07-31
532,وبازار,صندوق س شاخصي بازارآشنا,228,961377,11521762760,11690,11700,12050,360,3.08,11980,290,2.48,11700,12050,1400-5-9,2021-07-31
533,اخزا901,اسنادخزانه-م1بودجه99-010621,226,155324,125332166779,804658,802314,809000,4342,0.54,806908,2250,0.28,802314,809000,1400-5-9,2021-07-31
534,قزوين,كارخانجات‌ قند قزوين‌,226,474363,13256502390,27750,26620,28280,530,1.91,27920,170,0.61,26550,28700,1400-5-9,2021-07-31
535,ضملي7003,اختيارخ فملي-11720-1400/07/11,221,1147,3044974000,2259,2400,2860,601,26.6,2655,396,17.53,2400,2860,1400-5-9,2021-07-31
536,اخزا910,اسنادخزانه-م10بودجه99-020807,217,596233,389326590643,648035,647001,653000,4965,0.77,652977,4942,0.76,647001,659000,1400-5-9,2021-07-31
537,سپر,صندوق س سپر سرمايه بيدار- ثابت,212,6462501,80004577836,12362,12381,12379,17,0.14,12380,18,0.15,12370,12381,1400-5-9,2021-07-31
538,سكه0012پ04,تمام سكه طرح جديد0012صادرات,204,313400,361970897300,1111211,1150000,1166436,55225,4.97,1154980,43769,3.94,1138100,1166436,1400-5-9,2021-07-31
539,سنوين,سرمايه گذاري اقتصاد نوين,201,476960,3807851434,8180,7937,7935,-245,-3,8103,-77,-0.94,7935,8263,1400-5-9,2021-07-31
540,عيار2,صندوق سكه طلاي مفيد,201,2010000,2010000,28310,1,1,-28309,-100,1,-28309,-100,1,1,1400-5-9,2021-07-31
541,زرين,صندوق س. سهام زرين كوروش-س,200,590526,6814212253,11200,11359,11657,457,4.08,11539,339,3.03,11300,11880,1400-5-9,2021-07-31
542,پخشح,ح. پخش البرز,196,256784,4004280572,15786,15230,15600,-186,-1.18,15594,-192,-1.22,15100,16159,1400-5-9,2021-07-31
543,نهال,صندوق س. طلاي سرخ نوويرا,195,559418,5461408770,9448,9978,9900,452,4.78,9763,315,3.33,9700,9978,1400-5-9,2021-07-31
544,تماوند,تامين سرمايه دماوند,193,3931481,20458839926,5247,5194,5180,-67,-1.28,5204,-43,-0.82,5150,5290,1400-5-9,2021-07-31
545,حبندر,دريايي و کشتيراني خط دريابندر,193,983609,31903357915,31491,32435,32435,944,3,32435,944,3,32435,32435,1400-5-9,2021-07-31
546,خلنت,لنت‌ ترمزايران‌,188,197575,10284014410,49760,50630,52240,2480,4.98,51260,1500,3.01,49020,52240,1400-5-9,2021-07-31
547,سكه0011پ02,تمام سكه طرح جديد0011ملت,187,44800,51999907600,1110716,1124850,1166436,55720,5.02,1160712,49996,4.5,1124850,1166436,1400-5-9,2021-07-31
548,غبهار,كشت وصنعت بهاران گلبهار خراسان,186,338942,6234811963,18962,18394,18394,-568,-3,18598,-364,-1.92,18394,18560,1400-5-9,2021-07-31
549,دفرا,فرآورده‌هاي‌ تزريقي‌ ايران‌,183,190170,5104509700,27310,27000,26980,-330,-1.21,27150,-160,-0.59,26140,27690,1400-5-9,2021-07-31
550,دقاضي,داروسازي شهيد قاضي,176,183763,4863101869,27196,26550,26387,-809,-2.97,26830,-366,-1.35,26381,26880,1400-5-9,2021-07-31
551,آريان,سرمايه گذاري پارس آريان,169,8077382,113794157616,13678,14088,14088,410,3,14088,410,3,14088,14088,1400-5-9,2021-07-31
552,تسه9904,امتياز تسهيلات مسكن تير99,167,2842,1728460071,606215,591550,635000,28785,4.75,608184,1969,0.32,580139,635000,1400-5-9,2021-07-31
553,واعتبار,سرمايه گذاري اعتبار ايران,166,1509676,13239858520,8360,8770,8770,410,4.9,8700,340,4.07,8770,8770,1400-5-9,2021-07-31
554,سلار,شركت سيمان لارستان,160,236524,8088085036,58490,35094,34042,-24448,-41.8,34196,-24294,-41.54,34042,35094,1400-5-9,2021-07-31
555,افق ملت,صندوق س در سهام افق ملت,157,37757,5425258440,141320,140000,144400,3080,2.18,143690,2370,1.68,140000,145000,1400-5-9,2021-07-31
556,خاتم,صندوق س خاتم ايساتيس پويا-ثابت,156,2487355,28861629717,11593,11601,11608,15,0.13,11603,10,0.09,11601,11608,1400-5-9,2021-07-31
557,جوين,كشت و صنعت جوين,155,1876103,6888387775,3782,3775,3669,-113,-2.99,3713,-69,-1.82,3669,3775,1400-5-9,2021-07-31
558,تسه9907,امتياز تسهيلات مسكن مهر99,154,1962,1171815267,602058,581400,599870,-2188,-0.36,597255,-4803,-0.8,581400,610000,1400-5-9,2021-07-31
559,ثنور,سرمايه گذاري كوه نور,147,3067386,22192537710,7025,7235,7235,210,2.99,7235,210,2.99,7235,7235,1400-5-9,2021-07-31
560,سپاس,صندوق س. پاداش سهامداري-ثابت,146,3785513,38372172169,10121,10137,10136,15,0.15,10137,16,0.16,10136,10138,1400-5-9,2021-07-31
561,شستان,پتروشيمي گلستان,146,1446161,4148374324,2835,2800,2891,56,1.98,2863,28,0.99,2779,2891,1400-5-9,2021-07-31
562,تسه9902,امتياز تسهيلات مسكن ارديبهشت99,143,3346,2028791681,609972,590011,591111,-18861,-3.09,606333,-3639,-0.6,585009,638000,1400-5-9,2021-07-31
563,قشرين,قند شيرين خراسان,142,785441,13370562143,16528,17023,17023,495,2.99,17023,495,2.99,17023,17023,1400-5-9,2021-07-31
564,سحرخيز,صندوق س. گروه زعفران سحرخيز,140,245580,2278637063,9133,9530,9263,130,1.42,9279,146,1.6,9196,9530,1400-5-9,2021-07-31
565,وهامون4,سرمايه گذاري هامون صبا,137,25463973,48432476646,1902,1902,1902,0,0,1902,0,0,1902,1902,1400-5-9,2021-07-31
566,شكبير,پتروشيمي اميركبير,132,363415,30747089490,82142,84606,84606,2464,3,82878,736,0.9,84606,84606,1400-5-9,2021-07-31
567,تسه9906,امتياز تسهيلات مسكن شهريور99,131,3307,1999272669,606784,610000,609900,3116,0.51,604558,-2226,-0.37,580300,610000,1400-5-9,2021-07-31
568,ضخود7078,اختيارخ خودرو-3500-1400/07/07,129,6422,199921000,36,42,30,-6,-16.67,31,-5,-13.89,28,42,1400-5-9,2021-07-31
569,كساوه,صنايع‌ كاشي‌ و سراميك‌ سينا,128,240106,12043716960,52790,50160,50160,-2630,-4.98,50570,-2220,-4.21,50160,50160,1400-5-9,2021-07-31
570,ومشان,س. فني و مهندسي مشانير,128,119237,8502432759,69231,71307,71307,2076,3,70945,1714,2.48,71307,71307,1400-5-9,2021-07-31
571,ساروج,بين المللي ساروج بوشهر,124,384336,7204036765,18933,18743,18720,-213,-1.13,18798,-135,-0.71,18366,19490,1400-5-9,2021-07-31
572,ضشنا8004,اختيارخ شپنا-10800-1400/08/16,122,1480,4387724000,2677,2690,3025,348,13,2965,288,10.76,2690,3090,1400-5-9,2021-07-31
573,خنصير,مهندسي‌نصيرماشين‌,121,612714,7726323540,13270,12610,12610,-660,-4.97,12910,-360,-2.71,12610,12610,1400-5-9,2021-07-31
574,تسه9810,امتياز تسهيلات مسكن دي98,117,2585,1529738442,595599,605000,566000,-29599,-4.97,591775,-3824,-0.64,566000,605000,1400-5-9,2021-07-31
575,تسه9903,امتياز تسهيلات مسكن خرداد99,112,1058,644026185,609454,586000,630000,20546,3.37,608720,-734,-0.12,580000,630000,1400-5-9,2021-07-31
576,ضسپا8043,اختيارخ خساپا-2000-1400/08/26,111,5183,1106534000,224,250,207,-17,-7.59,213,-11,-4.91,201,250,1400-5-9,2021-07-31
577,اخزا908,اسنادخزانه-م8بودجه99-020606,111,394388,265137456431,669491,668500,673000,3509,0.52,672276,2785,0.42,667000,675000,1400-5-9,2021-07-31
578,فنرژي,گسترش صنايع انرژي آذرآب,111,404171,5863712868,14224,14508,14508,284,2,14508,284,2,14508,14508,1400-5-9,2021-07-31
579,تسه9905,امتياز تسهيلات مسكن مرداد99,110,3497,2119419685,607101,590259,604000,-3101,-0.51,606068,-1033,-0.17,580422,610000,1400-5-9,2021-07-31
580,شاملا,معدني‌ املاح‌  ايران‌,102,196539,7841961260,38870,37510,40150,1280,3.29,39390,520,1.34,37510,40770,1400-5-9,2021-07-31
581,هجرت,پخش هجرت,102,701856,18193511232,24688,25922,25922,1234,5,25922,1234,5,25922,25922,1400-5-9,2021-07-31
582,اخزا914,اسنادخزانه-م14بودجه99-021025,102,196225,123157735151,626432,625899,627500,1068,0.17,627635,1203,0.19,625022,629000,1400-5-9,2021-07-31
583,صايند,صندوق س. گنجينه آينده روشن-د,102,583690,5927831710,10127,10168,10138,11,0.11,10156,29,0.29,10135,10188,1400-5-9,2021-07-31
584,خپويش,سازه‌ پويش‌,101,249222,13722245310,57950,55060,55060,-2890,-4.99,55170,-2780,-4.8,55060,55340,1400-5-9,2021-07-31
585,آتيمس,صندوق س.آرمان آتيه درخشان مس-س,99,18841,3633399818,190384,188900,194300,3916,2.06,192845,2461,1.29,188900,194800,1400-5-9,2021-07-31
586,ضخود7076,اختيارخ خودرو-2500-1400/07/07,91,2316,281753000,136,153,120,-16,-11.76,122,-14,-10.29,110,153,1400-5-9,2021-07-31
587,تسه9901,امتياز تسهيلات مسكن فروردين99,91,1270,778262565,609195,588020,634999,25804,4.24,612805,3610,0.59,578746,639000,1400-5-9,2021-07-31
588,دارو,كارخانجات‌داروپخش‌,90,484832,12372912640,24310,25520,25520,1210,4.98,25260,950,3.91,25520,25520,1400-5-9,2021-07-31
589,بخاور,بيمه زندگي خاورميانه,90,604571,3551854625,6184,5875,5875,-309,-5,6107,-77,-1.25,5875,5875,1400-5-9,2021-07-31
590,بسويچ,پارس‌سويچ‌,88,164207,4119953630,26410,25090,25090,-1320,-5,26140,-270,-1.02,25090,25090,1400-5-9,2021-07-31
591,سدبير,س. تدبيرگران فارس وخوزستان,86,205852,9314185444,47628,45247,45247,-2381,-5,46072,-1556,-3.27,45247,45247,1400-5-9,2021-07-31
592,فردا,صندوق س آواي فرداي زاگرس-ثابت,85,988618,11017475603,11125,11144,11145,20,0.18,11144,19,0.17,11144,11145,1400-5-9,2021-07-31
593,آرمان,بيمه آرمان,83,331046,2165140063,6546,6546,6546,0,0,6545,-1,-0.02,6490,6550,1400-5-9,2021-07-31
594,زعف0008پ05,زعفران0008نگين زرين(پ),82,56462,7317779480,128123,129182,132000,3877,3.03,129605,1482,1.16,129182,132000,1400-5-9,2021-07-31
595,تسه9812,امتياز تسهيلات مسكن اسفند98,79,741,438900244,595760,592650,595000,-760,-0.13,592308,-3452,-0.58,566001,600000,1400-5-9,2021-07-31
596,دارا,صندوق س. دارا الگوريتم-د,79,1869965,18719245377,10007,10010,10010,3,0.03,10010,3,0.03,10000,10027,1400-5-9,2021-07-31
597,ضفلا7004,اختيارخ فولاد-9586-1400/07/25,77,403,1173782440,2007,2000,2195,188,9.37,2077,70,3.49,220,2195,1400-5-9,2021-07-31
598,ضسپا8039,اختيارخ خساپا-1200-1400/08/26,77,1116,762412000,669,640,699,30,4.48,683,14,2.09,622,715,1400-5-9,2021-07-31
599,اخزا004,اسنادخزانه-م4بودجه00-030522,76,298358,166943193485,556219,564973,559002,2783,0.5,559540,3321,0.6,554504,564990,1400-5-9,2021-07-31
600,سكه0112پ03,تمام سكه طرح جديد0112سامان,70,63100,73165602500,1112867,1126001,1166436,53569,4.81,1159518,46651,4.19,1126001,1166436,1400-5-9,2021-07-31
601,تسه9806,امتياز تسهيلات مسكن شهريور98,69,1308,777272016,598512,569000,588130,-10382,-1.73,594245,-4267,-0.71,569000,599700,1400-5-9,2021-07-31
602,غپونه,نوش پونه مشهد,68,737002,11378573878,14990,15439,15439,449,3,15439,449,3,15439,15439,1400-5-9,2021-07-31
603,اخزا911,اسنادخزانه-م11بودجه99-020906,68,443424,285426912894,641572,647554,643000,1428,0.22,643688,2116,0.33,642000,647555,1400-5-9,2021-07-31
604,تسه9809,امتياز تسهيلات مسكن آذر98,66,867,512353461,597812,567949,568000,-29812,-4.99,590950,-6862,-1.15,567949,599955,1400-5-9,2021-07-31
605,تسه9807,امتياز تسهيلات مسكن مهر98,66,1212,728418078,599764,592010,602900,3136,0.52,601005,1241,0.21,590030,614999,1400-5-9,2021-07-31
606,الماس,صندوق س.امين تدبيرگران فردا-س,65,22562,2544995836,112963,112007,112500,-463,-0.41,112800,-163,-0.14,112007,114000,1400-5-9,2021-07-31
607,كيان2,صندوق س. با درآمد ثابت كيان,64,6400000,6400000,29644,1,1,-29643,-100,1,-29643,-100,1,1,1400-5-9,2021-07-31
608,ضپاس7029,اختيارخ وپارس-2500-1400/07/28,62,1441,851043000,521,700,615,94,18.04,591,70,13.44,540,700,1400-5-9,2021-07-31
609,ضپال2007,اختيارخ اپال-32000-1401/02/12,62,1151,960471000,815,830,829,14,1.72,834,19,2.33,800,850,1400-5-9,2021-07-31
610,تسه9811,امتياز تسهيلات مسكن بهمن98,59,458,272094838,597865,580000,600000,2135,0.36,594094,-3771,-0.63,578522,600000,1400-5-9,2021-07-31
611,ضصاد8033,اختيارخ وبصادر-2489-1400/08/12,59,1795,478195000,269,270,250,-19,-7.06,266,-3,-1.12,215,270,1400-5-9,2021-07-31
612,گوهر2,صندوق سكه طلاي كيان,55,550000,550000,55589,1,1,-55588,-100,1,-55588,-100,1,1,1400-5-9,2021-07-31
613,اخزا902,اسنادخزانه-م2بودجه99-011019,55,55149,41838105288,755486,755486,758800,3314,0.44,758638,3152,0.42,755486,762900,1400-5-9,2021-07-31
614,بميلا,توسعه بازرگاني آهن وفولادميلاد,54,1135224,16506156960,13621,14540,14540,919,6.75,14540,919,6.75,14540,14540,1400-5-9,2021-07-31
615,ضملي7004,اختيارخ فملي-13720-1400/07/11,54,438,631801000,1258,1456,1548,290,23.05,1442,184,14.63,1350,1550,1400-5-9,2021-07-31
616,لازما,كارخانه هاي صنعتي آزمايش,54,307905,6835798905,22887,22201,22201,-686,-3,22404,-483,-2.11,22201,22201,1400-5-9,2021-07-31
617,اوصتا,صندوق انديشه ورزان صباتامين -د,51,391664,7581553468,19339,19358,19356,17,0.09,19357,18,0.09,19356,19359,1400-5-9,2021-07-31
618,ضمخا7076,اختيارخ اخابر-9700-1400/07/28,50,1492,1514022000,1010,311,1000,-10,-0.99,1015,5,0.5,311,1150,1400-5-9,2021-07-31
619,طلا2,صندوق س.پشتوانه طلاي لوتوس,50,5000000,5000000,80038,1,1,-80037,-100,1,-80037,-100,1,1,1400-5-9,2021-07-31
620,ضپاس7030,اختيارخ وپارس-3000-1400/07/28,50,1794,639723000,295,337,365,70,23.73,357,62,21.02,337,379,1400-5-9,2021-07-31
621,تسه9808,امتياز تسهيلات مسكن آبان98,49,394,236334198,595592,600000,605000,9408,1.58,599833,4241,0.71,583983,605000,1400-5-9,2021-07-31
622,تشتاد,صنايع توليدي اشتاد ايران‌,49,533068,4211237200,7670,7900,7900,230,3,7764,94,1.23,7900,7900,1400-5-9,2021-07-31
623,اخزا903,اسنادخزانه-م3بودجه99-011110,47,62800,47085787638,747490,746229,750600,3110,0.42,749774,2284,0.31,746229,751000,1400-5-9,2021-07-31
624,ضسپا8044,اختيارخ خساپا-2500-1400/08/26,45,1319,184771000,141,170,130,-11,-7.8,140,-1,-0.71,130,170,1400-5-9,2021-07-31
625,ضخود7074,اختيارخ خودرو-1800-1400/07/07,44,1903,788048000,447,435,402,-45,-10.07,414,-33,-7.38,400,436,1400-5-9,2021-07-31
626,ضملت8041,اختيارخ وبملت-3434-1400/08/19,44,1390,1249637000,920,910,849,-71,-7.72,899,-21,-2.28,845,950,1400-5-9,2021-07-31
627,ثروتم,صندوق س. ثروت آفرين پارسيان-س,43,83580,7085608120,83492,83629,85600,2108,2.52,84776,1284,1.54,83629,85999,1400-5-9,2021-07-31
628,صنوين,صندوق سرمايه‌گذاري صنوين-مختلط,43,28363,3190153120,111870,111870,112100,230,0.21,112480,610,0.55,111870,113990,1400-5-9,2021-07-31
629,تسه9805,امتياز تسهيلات مسكن مرداد98,42,929,543228425,589396,566125,580000,-9396,-1.59,584745,-4651,-0.79,566125,594000,1400-5-9,2021-07-31
630,آكورد2,صندوق س. آرمان آتي كوثر-د,40,4000000,4000000,33291,1,1,-33290,-100,1,-33290,-100,1,1,1400-5-9,2021-07-31
631,ثاصفا,شركت‌ ساختمان‌ اصفهان‌,39,54197,1287070356,24997,23748,23748,-1249,-5,24828,-169,-0.68,23748,23748,1400-5-9,2021-07-31
632,ضشنا8003,اختيارخ شپنا-8800-1400/08/16,38,551,2431047000,4061,3990,4350,289,7.12,4412,351,8.64,3990,4700,1400-5-9,2021-07-31
633,اخزا904,اسنادخزانه-م4بودجه99-011215,38,128610,94720320255,734070,733300,738000,3930,0.54,736493,2423,0.33,733300,739999,1400-5-9,2021-07-31
634,دمعيار,صندوق س. توازن معيار-د,37,1133347,11384368296,10031,10050,10045,14,0.14,10045,14,0.14,10044,10050,1400-5-9,2021-07-31
635,اخزا808,اسنادخزانه-م8بودجه98-000817,36,30901,29288019738,947960,947000,948001,41,0,947802,-158,-0.02,947000,949500,1400-5-9,2021-07-31
636,وسصفا,شركت س استان اصفهان,36,911498,803029738,927,881,881,-46,-4.96,927,0,0,881,881,1400-5-9,2021-07-31
637,بذر,صندوق س بذر اميد آفرين-سهام,35,6279,629266060,98010,99240,100730,2720,2.78,100220,2210,2.25,99240,101970,1400-5-9,2021-07-31
638,اخزا909,اسنادخزانه-م9بودجه99-020316,33,63701,44718154525,699900,700000,703500,3600,0.51,702001,2101,0.3,699511,703500,1400-5-9,2021-07-31
639,اخزا907,اسنادخزانه-م7بودجه99-020704,32,120924,80150059864,661472,662000,662990,1518,0.23,662813,1341,0.2,660002,664999,1400-5-9,2021-07-31
640,هنوري102,اختيارف ت نوري59561-01/02/15,31,300000,300000,1,1,1,0,0,1,0,0,1,1,1400-5-9,2021-07-31
641,غدام,خوراك‌  دام‌ پارس‌,30,30391,11032844730,382130,363030,363030,-19100,-5,367340,-14790,-3.87,363030,363030,1400-5-9,2021-07-31
642,باران,بيمه زندگي باران50%تاديه,29,765010,3139601040,4320,4104,4104,-216,-5,4249,-71,-1.64,4104,4104,1400-5-9,2021-07-31
643,زعف0008پ10,زعفران0008نگين طلاي سرخ(پ),27,112101,15757576900,139728,140000,141000,1272,0.91,140566,838,0.6,139100,141000,1400-5-9,2021-07-31
644,وپخش,داروپخش‌ (هلدينگ‌,27,347434,9255641760,25380,26640,26640,1260,4.96,25690,310,1.22,26640,26640,1400-5-9,2021-07-31
645,اخزا809,اسنادخزانه-م9بودجه98-000923,27,16496,15337714172,928986,927503,930000,1014,0.11,929784,798,0.09,927503,931000,1400-5-9,2021-07-31
646,دشيري,شيرين دارو,27,21520,4296424960,205822,199648,199648,-6174,-3,203087,-2735,-1.33,199648,199648,1400-5-9,2021-07-31
647,بالبر,كابل‌ البرز,26,77995,3431000050,46300,43990,43990,-2310,-4.99,45740,-560,-1.21,43990,43990,1400-5-9,2021-07-31
648,هفارس104,اختيارف ت فارس-11832-01/04/12,25,1154120,1154120,1,1,1,0,0,1,0,0,1,1,1400-5-9,2021-07-31
649,اخزا906,اسنادخزانه-م6بودجه99-020321,23,11222,8041291315,716546,710000,722998,6452,0.9,716565,19,0,710000,723709,1400-5-9,2021-07-31
650,امين يكم2,صندوق درآمد ثابت امين يكم فردا,23,23000000,23000000,10018,1,1,-10017,-99.99,1,-10017,-99.99,1,1,1400-5-9,2021-07-31
651,همبين102,اختيارف ت مبين17952-01/02/10,22,1000000,1000000,1,1,1,0,0,1,0,0,1,1,1400-5-9,2021-07-31
652,تملي709,تسهيلات مسكن ب. ملي-آذر97,22,954,718588880,737487,774360,774360,36873,5,753238,15751,2.14,700613,774360,1400-5-9,2021-07-31
653,هپارس102,اختيارف ت پارس-157010-01/02/05,22,150000,150000,1,1,1,0,0,1,0,0,1,1,1400-5-9,2021-07-31
654,گنجين,صندوق س. گنجينه يكم آويد-د,22,137875,1840875901,13338,13340,13352,14,0.1,13352,14,0.1,13339,13360,1400-5-9,2021-07-31
655,اخزا806,اسنادخزانه-م6بودجه98-000519,22,8444,8395809716,994063,992861,995000,937,0.09,994293,230,0.02,992860,995000,1400-5-9,2021-07-31
656,اخزا811,اسنادخزانه-م11بودجه98-001013,21,14796,13639621836,919382,918800,927000,7618,0.83,921845,2463,0.27,918800,927000,1400-5-9,2021-07-31
657,ضملي7005,اختيارخ فملي-15720-1400/07/11,21,224,174482000,633,1199,829,196,30.96,779,146,23.06,700,1199,1400-5-9,2021-07-31
658,اخزا820,اسنادخزانه-م20بودجه98-020806,21,6470,4231509460,648542,646132,654999,6457,1,654020,5478,0.84,646131,654999,1400-5-9,2021-07-31
659,تملي706,تسهيلات مسكن ب. ملي-شهريور97,20,322,298845058,915874,961550,949999,34125,3.73,928090,12216,1.33,870081,961550,1400-5-9,2021-07-31
660,ضصاد8030,اختيارخ وبصادر-1589-1400/08/12,18,567,443300000,725,800,780,55,7.59,782,57,7.86,770,800,1400-5-9,2021-07-31
661,قيستو,شركت قند بيستون,18,213588,2956271508,13570,13841,13841,271,2,13727,157,1.16,13841,13841,1400-5-9,2021-07-31
662,اراد50,مرابحه عام دولت5-ش.خ0302,18,190300,190300102300,1000001,1000000,1000001,0,0,1000001,0,0,1000000,1000001,1400-5-9,2021-07-31
663,آسام,صندوق س.آرمان سپهر آشنا-م,17,4960,568172340,113105,101811,115100,1995,1.76,114551,1446,1.28,101811,115376,1400-5-9,2021-07-31
664,ثهام,صندوق س ثروت هامرز-سهام,17,11880,122540998,10229,10290,10440,211,2.06,10315,86,0.84,10230,10440,1400-5-9,2021-07-31
665,هبساز103,اختيارف ت ثبهساز-2346-01/03/18,17,400000,400000,1,1,1,0,0,1,0,0,1,1,1400-5-9,2021-07-31
666,وملت,سرمايه گذاري ملت,16,59437,242443523,4248,4079,4079,-169,-3.98,4239,-9,-0.21,4079,4079,1400-5-9,2021-07-31
667,ثاباد,توريستي ورفاهي آبادگران ايران,16,15430,736936800,50270,47760,47760,-2510,-4.99,50140,-130,-0.26,47760,47760,1400-5-9,2021-07-31
668,اخزا905,اسنادخزانه-م5بودجه99-020218,15,46835,33415795585,710000,711000,713500,3500,0.49,713479,3479,0.49,711000,714000,1400-5-9,2021-07-31
669,ضفلا7003,اختيارخ فولاد-8160-1400/07/25,15,143,640488278,2889,3100,3290,401,13.88,3195,306,10.59,3100,3290,1400-5-9,2021-07-31
670,اخزا816,اسنادخزانه-م16بودجه98-010503,15,8988,7429442656,824631,824631,827250,2619,0.32,826596,1965,0.24,824631,830000,1400-5-9,2021-07-31
671,ضملي7002,اختيارخ فملي-9720-1400/07/11,14,76,346999000,4419,4780,4452,33,0.75,4566,147,3.33,4400,4809,1400-5-9,2021-07-31
672,سنير,سيمان‌ سفيد ني‌ريز,14,1408,225913600,168890,160450,160450,-8440,-5,168760,-130,-0.08,160450,160450,1400-5-9,2021-07-31
673,زعف0008پ11,زعفران0008نگين سحرخيز(پ),14,32455,4316470000,129452,133000,133000,3548,2.74,132999,3547,2.74,132700,133000,1400-5-9,2021-07-31
674,جهرمح,ح.پتروشيمي جهرم,14,1017000,359463000,360,381,339,-21,-5.83,353,-7,-1.94,339,381,1400-5-9,2021-07-31
675,هاميد104,اختيارف ت ثاميد-2050-01/04/20,14,132024,6205128,51,47,47,-4,-7.84,47,-4,-7.84,47,47,1400-5-9,2021-07-31
676,اخزا818,اسنادخزانه-م18بودجه98-010614,14,28187,22833589239,807778,806022,818300,10522,1.3,810075,2297,0.28,806022,818300,1400-5-9,2021-07-31
677,اطلس2,صندوق س.توسعه اندوخته آينده-س,13,130000,130000,235685,1,1,-235684,-100,1,-235684,-100,1,1,1400-5-9,2021-07-31
678,زنجان,صنايع كشاورزي وكود زنجان,13,63421,558612168,9080,8808,8808,-272,-3,9068,-12,-0.13,8808,8808,1400-5-9,2021-07-31
679,ضفلا7005,اختيارخ فولاد-11013-1400/07/25,13,15,29918680,1300,1480,1360,60,4.62,1423,123,9.46,1300,1490,1400-5-9,2021-07-31
680,اخزا815,اسنادخزانه-م15بودجه98-010406,13,5883,4933557198,838457,838457,840050,1593,0.19,838612,155,0.02,838011,840051,1400-5-9,2021-07-31
681,گكيشح,ح.توريستي ورفاهي آبادگران كيش,13,62914,1961236851,33094,33500,31109,-1985,-6,31173,-1921,-5.8,31109,33500,1400-5-9,2021-07-31
682,سجامح,ح.مجتمع سيمان غرب آسيا,12,48700,117610100,2523,2674,2373,-150,-5.95,2415,-108,-4.28,2373,2674,1400-5-9,2021-07-31
683,ضپال2006,اختيارخ اپال-28000-1401/02/12,12,217,376565000,1765,1651,1800,35,1.98,1735,-30,-1.7,1651,1800,1400-5-9,2021-07-31
684,اخزا814,اسنادخزانه-م14بودجه98-010318,12,14343,12176042203,847538,847500,848800,1262,0.15,848919,1381,0.16,847500,850999,1400-5-9,2021-07-31
685,جهرم,پتروشيمي جهرم,12,110992,178364144,1656,1607,1607,-49,-2.96,1655,-1,-0.06,1607,1607,1400-5-9,2021-07-31
686,تكنار,مجتمع معادن مس تكنار,12,5488,547921920,102927,99840,99840,-3087,-3,102753,-174,-0.17,99840,99840,1400-5-9,2021-07-31
687,زعف0008پ08,زعفران0008نگين روستا(پ),11,3695,482591160,128287,129182,131000,2713,2.11,130607,2320,1.81,129182,131994,1400-5-9,2021-07-31
688,اخزا817,اسنادخزانه-م17بودجه98-010512,11,6448,5304084160,820942,821551,823300,2358,0.29,822594,1652,0.2,821551,823900,1400-5-9,2021-07-31
689,سخند,صندوق س.سپهرخبرگان نفت-د,11,39540,396809510,10031,10060,10034,3,0.03,10036,5,0.05,10034,10063,1400-5-9,2021-07-31
690,لخانه,لوازم‌ خانگي‌ پارس‌,11,13962,314521974,23712,22527,22527,-1185,-5,23673,-39,-0.16,22527,22527,1400-5-9,2021-07-31
691,داريك,صندوق س.اعتماد داريك-د,11,275857,3005459559,10881,10892,10895,14,0.13,10895,14,0.13,10890,10900,1400-5-9,2021-07-31
692,ضجار7040,اختيارخ وتجارت-2497-1400/07/21,11,226,108646000,357,480,440,83,23.25,481,124,34.73,440,485,1400-5-9,2021-07-31
693,تمحركه,ماشين سازي نيرو محركه,11,14091,188819400,13814,13400,13400,-414,-3,13806,-8,-0.06,13400,13400,1400-5-9,2021-07-31
694,زير0103پ01,زيره سبز0103كيميابذر(پ),11,280,216790680,740448,779589,777000,36552,4.94,774252,33804,4.57,760000,779589,1400-5-9,2021-07-31
695,تملي804,تسهيلات مسكن ب. ملي-تير98,10,66,61292159,902702,947837,947800,45098,5,928669,25967,2.88,857567,947837,1400-5-9,2021-07-31
696,اخزا721,اسنادخزانه-م21بودجه97-000728,10,2958,2832580555,956788,956788,959990,3202,0.33,957600,812,0.08,956788,961088,1400-5-9,2021-07-31
697,هفجر102,اختيارف ت بفجر8626-01/02/11,10,750000,750000,1,1,1,0,0,1,0,0,1,1,1400-5-9,2021-07-31
698,اراد35,مرابحه عام دولت3-ش.خ 0103,10,101300,96746002000,991869,970000,955000,-36869,-3.72,955044,-36825,-3.71,955000,970000,1400-5-9,2021-07-31
699,ضپيك7042,اختيارخ تاپيكو-8070-00/07/18,10,77,386650000,3586,4800,5180,1594,44.45,5021,1435,40.02,4800,5180,1400-5-9,2021-07-31
700,ضخود7072,اختيارخ خودرو-1400-1400/07/07,10,224,157757000,748,712,703,-45,-6.02,704,-44,-5.88,703,718,1400-5-9,2021-07-31
701,ضصاد8032,اختيارخ وبصادر-1989-1400/08/12,10,234,102680000,402,530,460,58,14.43,439,37,9.2,400,530,1400-5-9,2021-07-31
702,تپكو,توليدتجهيزات‌سنگين‌هپكو,10,20423,107731325,5382,5275,5275,-107,-1.99,5382,0,0,5275,5275,1400-5-9,2021-07-31
703,فيروزه2,صندوق شاخص30 شركت فيروزه- سهام,10,100000,100000,153160,1,1,-153159,-100,1,-153159,-100,1,1,1400-5-9,2021-07-31
704,وسرضوي,س.سهام عدالت استان خراسان رضوي,10,172100,142154600,869,826,826,-43,-4.95,869,0,0,826,826,1400-5-9,2021-07-31
705,شگويات.ف0104,اختيارف.تبعي شگويا010408,9,67500,67500,1,1,1,0,0,1,0,0,1,1,1400-5-9,2021-07-31
706,تملي701,تسهيلات مسكن ب. ملي-فروردين97,9,145,133818717,917709,963594,963593,45884,5,922888,5179,0.56,880000,963594,1400-5-9,2021-07-31
707,اخزا812,اسنادخزانه-م12بودجه98-001111,9,24405,22164019595,908446,908450,909233,787,0.09,908175,-271,-0.03,906101,909233,1400-5-9,2021-07-31
708,اخزا723,اسنادخزانه-م23بودجه97-000824,9,5036,4775144160,946745,949999,944201,-2544,-0.27,948202,1457,0.15,944000,950000,1400-5-9,2021-07-31
709,ضشنا8001,اختيارخ شپنا-6800-1400/08/16,8,83,490980000,4892,4000,6350,1458,29.8,5915,1023,20.91,4000,6500,1400-5-9,2021-07-31
710,ضسان7078,اختيارخ پارسان-18000-00/07/14,8,44,461197000,9637,10100,10800,1163,12.07,10482,845,8.77,10100,10899,1400-5-9,2021-07-31
711,ضشنا8005,اختيارخ شپنا-12800-1400/08/16,8,34,60795000,1633,1650,1800,167,10.23,1788,155,9.49,1650,1850,1400-5-9,2021-07-31
712,كتوكا,توليدي و خدمات صنايع نسوز توكا,8,6727,193818324,30328,28812,28812,-1516,-5,30307,-21,-0.07,28812,28812,1400-5-9,2021-07-31
713,اخزا813,اسنادخزانه-م13بودجه98-010219,7,4114,3546922758,862039,862039,862800,761,0.09,862159,120,0.01,862039,863000,1400-5-9,2021-07-31
714,اخزا718,اسنادخزانه-م18بودجه97-000525,7,3581,3548518900,991901,989000,991000,-901,-0.09,990930,-971,-0.1,989000,991900,1400-5-9,2021-07-31
715,زعف0008پ15,زعفران0008پوشالمعمول طلاسرخ(پ),7,10313,1078739800,104015,104600,104600,585,0.56,104600,585,0.56,104600,104600,1400-5-9,2021-07-31
716,ضفلا7006,اختيارخ فولاد-12440-1400/07/25,7,36,40377600,755,800,800,45,5.96,800,45,5.96,800,800,1400-5-9,2021-07-31
717,ضصاد8031,اختيارخ وبصادر-1789-1400/08/12,7,165,100597000,520,610,609,89,17.12,610,90,17.31,609,610,1400-5-9,2021-07-31
718,اراد61,مرابحه عام دولت61-ش.خ0309,7,60000,60000000000,1000000,1000000,1000000,0,0,1000000,0,0,1000000,1000000,1400-5-9,2021-07-31
719,ثنظام,س. ساختماني نظام مهندسي ايران,7,11610,530832420,47136,45722,45722,-1414,-3,47059,-77,-0.16,45722,45722,1400-5-9,2021-07-31
720,بايكا,كارخانجات كابلسازي ‌ايران‌,6,3810,93645990,25339,24579,24579,-760,-3,25332,-7,-0.03,24579,24579,1400-5-9,2021-07-31
721,تملي710,تسهيلات مسكن ب. ملي-دي97,6,55,51438112,891952,936548,936548,44596,5,935238,43286,4.85,930000,936548,1400-5-9,2021-07-31
722,ثشرق,سرمايه گذاري مسكن شمال شرق,6,9076,52187000,6050,5750,5750,-300,-4.96,6050,0,0,5750,5750,1400-5-9,2021-07-31
723,اخزا807,اسنادخزانه-م7بودجه98-000719,6,8683,8361755400,962288,963000,963200,912,0.09,963003,715,0.07,963000,963200,1400-5-9,2021-07-31
724,سفارود,كارخانه فارسيت درود,6,5000,84500000,17244,16900,16900,-344,-1.99,17238,-6,-0.03,16900,16900,1400-5-9,2021-07-31
725,فردا2,صندوق س آواي فرداي زاگرس-ثابت,6,600000,600000,11125,1,1,-11124,-99.99,1,-11124,-99.99,1,1,1400-5-9,2021-07-31
726,ضجار7038,اختيارخ وتجارت-1797-1400/07/21,6,84,74363000,966,801,890,-76,-7.87,885,-81,-8.39,801,910,1400-5-9,2021-07-31
727,صگل1411,ص اجاره گل گهر 1411-3 ماهه 17%,6,40355,40350964500,970000,999900,999900,29900,3.08,999900,29900,3.08,999900,999900,1400-5-9,2021-07-31
728,ضغدر8058,اختيارخ وغدير-10000-1400/08/26,6,12,60700000,4496,4900,5000,504,11.21,5058,562,12.5,4900,5100,1400-5-9,2021-07-31
729,قلرست,قند لرستان‌,6,1564,48953200,32940,31300,31300,-1640,-4.98,32930,-10,-0.03,31300,31300,1400-5-9,2021-07-31
730,تملي708,تسهيلات مسكن ب. ملي-آبان97,5,58,46531094,772942,811589,811589,38647,5,802260,29318,3.79,734295,811589,1400-5-9,2021-07-31
731,زعف0008پ09,زعفران0008نگين نوين(پ),5,1450,200825000,135975,138500,138500,2525,1.86,138500,2525,1.86,138500,138500,1400-5-9,2021-07-31
732,زماهان,مجتمع توليد گوشت مرغ ماهان,5,3323,53300920,16884,16040,16040,-844,-5,16881,-3,-0.02,16040,16040,1400-5-9,2021-07-31
733,اخزا821,اسنادخزانه-م21بودجه98-020906,5,1500,970871940,638358,644999,648900,10542,1.65,647248,8890,1.39,644999,648900,1400-5-9,2021-07-31
734,زير0103پ04,زيره سبز0103شركت مينوبذر(پ),5,147,112040000,752366,770000,765000,12634,1.68,762177,9811,1.3,760000,770000,1400-5-9,2021-07-31
735,زعف0008پ12,زعفران0008پوشالمعمول سحرخيز(پ),5,5500,569950000,103261,104000,103100,-161,-0.16,103627,366,0.35,103100,104000,1400-5-9,2021-07-31
736,ضخوز7039,اختيارخ فخوز-15200-1400/07/14,5,103,357780000,2650,3000,2350,-300,-11.32,3474,824,31.09,2350,4000,1400-5-9,2021-07-31
737,ضفلا7002,اختيارخ فولاد-6733-1400/07/25,5,9,59585000,4800,4500,5000,200,4.17,4722,-78,-1.63,4500,5000,1400-5-9,2021-07-31
738,سفاسي,شركت فارسيت اهواز,5,4200,31844400,7816,7582,7582,-234,-2.99,7815,-1,-0.01,7582,7582,1400-5-9,2021-07-31
739,ضمخا7071,اختيارخ اخابر-23700-1400/07/28,5,114,6363000,52,100,50,-2,-3.85,56,4,7.69,50,100,1400-5-9,2021-07-31
740,ثاژن,سخت آژند,5,5287,47715175,9401,9025,9025,-376,-4,9397,-4,-0.04,9025,9025,1400-5-9,2021-07-31
741,ضپنا8001,اختيارخ رمپنا-11850-1400/08/05,4,13,96062000,6513,7131,7500,987,15.15,7389,876,13.45,7131,7500,1400-5-9,2021-07-31
742,كترام,توليدي‌ كاشي‌ تكسرام‌,4,2517,104531010,43710,41530,41530,-2180,-4.99,43690,-20,-0.05,41530,41530,1400-5-9,2021-07-31
743,صينا205,صكوك منفعت سينا دارو-3ماهه 19%,4,120,119862800,985000,999760,990000,5000,0.51,998857,13857,1.41,990000,1000000,1400-5-9,2021-07-31
744,سكه0111پ05,تمام سكه طرح جديد0111آينده,4,1400,1627432500,1109802,1142001,1166436,56634,5.1,1162452,52650,4.74,1142001,1166436,1400-5-9,2021-07-31
745,ضجار7039,اختيارخ وتجارت-1997-1400/07/21,4,107,72162000,709,700,750,41,5.78,674,-35,-4.94,664,750,1400-5-9,2021-07-31
746,ضچاد7033,اختيارخ كچاد-17870-1400/07/04,4,50,614100000,9000,11500,12500,3500,38.89,12282,3282,36.47,10600,12500,1400-5-9,2021-07-31
747,كباده,توليد خاك نسوزاستقلال آباده,4,83887,770334321,8916,9183,9183,267,2.99,8936,20,0.22,9183,9183,1400-5-9,2021-07-31
748,سايرا,ايرانيت‌,4,10230,385435710,38445,37677,37677,-768,-2,38385,-60,-0.16,37677,37677,1400-5-9,2021-07-31
749,ضمخا7066,اختيارخ اخابر-11700-1400/07/28,3,34,21490000,502,649,500,-2,-0.4,632,130,25.9,500,650,1400-5-9,2021-07-31
750,وسيزد,شركت س استان يزد,3,9200,11187200,1280,1216,1216,-64,-5,1280,0,0,1216,1216,1400-5-9,2021-07-31
751,آوا2,صندوق س.سهام آواي معيار-س,3,16400000,16400000,7053,1,1,-7052,-99.99,1,-7052,-99.99,1,1,1400-5-9,2021-07-31
752,تملي703,تسهيلات مسكن ب. ملي-خرداد97,3,43,37331634,826837,868178,868176,41339,5,868178,41341,5,868176,868178,1400-5-9,2021-07-31
753,حاريا,كشتيراني آريا,3,7954,132903386,17049,16709,16709,-340,-1.99,17040,-9,-0.05,16709,16709,1400-5-9,2021-07-31
754,كرونا2,تامين مالي جمعي صرفا اهداي سود,3,1026,10260000,10000,10000,10000,0,0,10000,0,0,10000,10000,1400-5-9,2021-07-31
755,فلات,گروه صنايع معادن فلات ايرانيان,3,2060,29404440,14715,14274,14274,-441,-3,14714,-1,-0.01,14274,14274,1400-5-9,2021-07-31
756,سخواف,سيمان مجد خواف,3,5000,77940000,16070,15588,15588,-482,-3,16066,-4,-0.02,15588,15588,1400-5-9,2021-07-31
757,اراد49,مرابحه عام دولت4-ش.خ 0206,3,53000,49954090000,968150,942530,942530,-25620,-2.65,942530,-25620,-2.65,942530,942530,1400-5-9,2021-07-31
758,تملي809,تسهيلات مسكن ب. ملي-آذر98,3,15,9535980,646498,678822,614200,-32298,-5,635732,-10766,-1.67,614174,678822,1400-5-9,2021-07-31
759,فخاس2,فولاد خراسان,3,15000000,324000000000,21370,21600,21600,230,1.08,21600,230,1.08,21600,21600,1400-5-9,2021-07-31
760,وسگلستا,شركت س استان گلستان,3,48000,33744000,740,703,703,-37,-5,740,0,0,703,703,1400-5-9,2021-07-31
761,ضجار7041,اختيارخ وتجارت-2997-1400/07/21,3,4,776000,250,192,200,-50,-20,194,-56,-22.4,192,200,1400-5-9,2021-07-31
762,اروند10,منفعت صبا اروند لوتوس 14001222,3,75000,74437500000,991899,992500,992500,601,0.06,992500,601,0.06,992500,992500,1400-5-9,2021-07-31
763,ضجار7043,اختيارخ وتجارت-3997-1400/07/21,3,26,1430000,75,55,55,-20,-26.67,55,-20,-26.67,55,55,1400-5-9,2021-07-31
764,ضملي7000,اختيارخ فملي-7720-1400/07/11,3,5,31231000,5110,5866,6500,1390,27.2,6246,1136,22.23,5865,6500,1400-5-9,2021-07-31
765,كابگن,توليدي و صنعتي آبگينه‌,3,2749,14935317,5327,5433,5433,106,1.99,5328,1,0.02,5433,5433,1400-5-9,2021-07-31
766,ضملت8042,اختيارخ وبملت-3934-1400/08/19,3,11,7390000,620,690,590,-30,-4.84,672,52,8.39,590,690,1400-5-9,2021-07-31
767,پيشرفت,ص.ج.پيشرفت30%تاديه,3,12000,3600000000,300000,300000,300000,0,0,300000,0,0,300000,300000,1400-5-9,2021-07-31
768,تملي806,تسهيلات مسكن ب. ملي-شهريور98,3,22,13611202,589230,618691,618691,29461,5,618691,29461,5,618691,618691,1400-5-9,2021-07-31
769,كهرام,توليدي گرانيت بهسرام,3,434,47628896,113138,109744,109744,-3394,-3,113121,-17,-0.02,109744,109744,1400-5-9,2021-07-31
770,قشهد,شهد,3,839,15135560,18980,18040,18040,-940,-4.95,18980,0,0,18040,18040,1400-5-9,2021-07-31
771,تملي802,تسهيلات مسكن ب. ملي-ارديبهشت98,3,33,29032971,837893,879787,879787,41894,5,879787,41894,5,879787,879787,1400-5-9,2021-07-31
772,دحاوي,الحاوي,3,1861,21933746,12150,11786,11786,-364,-3,12149,-1,-0.01,11786,11786,1400-5-9,2021-07-31
773,صگل039,صكوك اجاره گل گهر039-3ماهه20%,2,13,13195000,1015000,1015000,1015000,0,0,1015000,0,0,1015000,1015000,1400-5-9,2021-07-31
774,ضپاس7027,اختيارخ وپارس-1800-1400/07/28,2,59,69030000,1160,1170,1170,10,0.86,1170,10,0.86,1170,1170,1400-5-9,2021-07-31
775,ضملت8044,اختيارخ وبملت-4934-1400/08/19,2,10,1255000,305,101,150,-155,-50.82,125,-180,-59.02,101,150,1400-5-9,2021-07-31
776,طصاد8032,اختيارف وبصادر-1989-1400/08/12,2,100,4500000,50,45,45,-5,-10,45,-5,-10,45,45,1400-5-9,2021-07-31
777,فراز2,صندوق س.سهام فراز داريك-س,2,1700000,1700000,12192,1,1,-12191,-99.99,1,-12191,-99.99,1,1,1400-5-9,2021-07-31
778,ضشنا8006,اختيارخ شپنا-14800-1400/08/16,2,100,80000000,1110,800,800,-310,-27.93,800,-310,-27.93,800,800,1400-5-9,2021-07-31
779,آساميد4,صندوق س.مشترك آسمان اميد -د,2,6495000,81772050000,12498,12590,12590,92,0.74,12590,92,0.74,12590,12590,1400-5-9,2021-07-31
780,زعف0008پ19,زعفران0008نگين تروند قاينات(پ),2,230,32315000,137600,140500,140500,2900,2.11,140500,2900,2.11,140500,140500,1400-5-9,2021-07-31
781,طخود7077,اختيارف خودرو-3000-1400/07/07,2,2,1112000,851,556,556,-295,-34.67,556,-295,-34.67,556,556,1400-5-9,2021-07-31
782,ضملت8038,اختيارخ وبملت-1934-1400/08/19,2,2,4400000,2280,2200,2200,-80,-3.51,2200,-80,-3.51,2200,2200,1400-5-9,2021-07-31
783,گواهي ظرفيت,گواهي ظرفيت نقدي,2,2500000,52635000000,20057,21054,21054,997,4.97,20174,117,0.58,21054,21054,1400-5-9,2021-07-31
784,ثالوند,سرمايه گذاري مسكن الوند,2,12700,359156000,29768,28280,28280,-1488,-5,29730,-38,-0.13,28280,28280,1400-5-9,2021-07-31
785,ضترا8056,اختيارخ شتران-2558-1400/08/09,2,10,42000000,3980,4200,4200,220,5.53,4200,220,5.53,4200,4200,1400-5-9,2021-07-31
786,دمعيار2,صندوق س. توازن معيار-د,2,800000,800000,10031,1,1,-10030,-99.99,1,-10030,-99.99,1,1,1400-5-9,2021-07-31
787,وسخراج,شركت س استان خراسان جنوبي,2,6311,13303588,2218,2108,2108,-110,-4.96,2218,0,0,2108,2108,1400-5-9,2021-07-31
788,اخزا0042,اسنادخزانه-م4بودجه00-030522,2,365042,199312932000,556219,546000,546000,-10219,-1.84,546000,-10219,-1.84,546000,546000,1400-5-9,2021-07-31
789,ضمخا7077,اختيارخ اخابر-6700-1400/07/28,2,22,46000000,3000,2000,3000,0,0,2091,-909,-30.3,2000,3000,1400-5-9,2021-07-31
790,ضگل8072,اختيارخ كگل-8700-1400/08/23,2,4,59799000,14017,14949,14950,933,6.66,14950,933,6.66,14949,14950,1400-5-9,2021-07-31
791,ضفار8050,اختيارخ فارس-7400-1400/08/05,2,20,90000000,3500,4500,4500,1000,28.57,4500,1000,28.57,4500,4500,1400-5-9,2021-07-31
792,ضپنا8002,اختيارخ رمپنا-13850-1400/08/05,2,6,27000000,5600,4500,4500,-1100,-19.64,4500,-1100,-19.64,4500,4500,1400-5-9,2021-07-31
793,ضملي7001,اختيارخ فملي-8720-1400/07/11,2,5,26603000,5000,5500,5201,201,4.02,5321,321,6.42,5201,5500,1400-5-9,2021-07-31
794,كمند2,صندوق س. با درآمد ثابت كمند,2,24800000,24800000,10122,1,1,-10121,-99.99,1,-10121,-99.99,1,1,1400-5-9,2021-07-31
795,ضچاد7032,اختيارخ كچاد-15870-1400/07/04,2,14,188000000,12000,13500,12500,500,4.17,13429,1429,11.91,12500,13500,1400-5-9,2021-07-31
796,اخزا810,اسنادخزانه-م10بودجه98-001006,2,8020,7404140020,923149,923001,923210,61,0.01,923209,60,0.01,923001,923210,1400-5-9,2021-07-31
797,اخزا9082,اسنادخزانه-م8بودجه99-020606,1,1436746,966930058000,669491,673000,673000,3509,0.52,673000,3509,0.52,673000,673000,1400-5-9,2021-07-31
798,وخاور2,بانك خاورميانه,1,62699998,344849989000,5610,5500,5500,-110,-1.96,5500,-110,-1.96,5500,5500,1400-5-9,2021-07-31
799,ضپيك7039,اختيارخ تاپيكو-5070-00/07/18,1,1,7000000,6500,7000,7000,500,7.69,7000,500,7.69,7000,7000,1400-5-9,2021-07-31
800,افران2,صندوق س افرا نماد پايدار-ثابت,1,3000000,3000000,13874,1,1,-13873,-99.99,1,-13873,-99.99,1,1,1400-5-9,2021-07-31
801,ضجار7042,اختيارخ وتجارت-3497-1400/07/21,1,1,109000,119,109,109,-10,-8.4,109,-10,-8.4,109,109,1400-5-9,2021-07-31
802,اعتماد4,صندوق س.اعتماد آفرين پارسيان-د,1,66000000,2496384000000,37794,37824,37824,30,0.08,37824,30,0.08,37824,37824,1400-5-9,2021-07-31
803,طخود7075,اختيارف خودرو-2000-1400/07/07,1,20,2000000,100,100,100,0,0,100,0,0,100,100,1400-5-9,2021-07-31
804,قنيشا2,قند  نيشابور,1,2600000,157612000000,60620,60620,60620,0,0,60620,0,0,60620,60620,1400-5-9,2021-07-31
805,فن آوا2,گروه فن آوا,1,13900000,243750400000,17536,17536,17536,0,0,17536,0,0,17536,17536,1400-5-9,2021-07-31
806,داريك2,صندوق س.اعتماد داريك-د,1,1000000,1000000,10881,1,1,-10880,-99.99,1,-10880,-99.99,1,1,1400-5-9,2021-07-31
807,سپيدما2,صندوق س. سپيد دماوند-د,1,10000000,10000000,10759,1,1,-10758,-99.99,1,-10758,-99.99,1,1,1400-5-9,2021-07-31
808,ضسپا8040,اختيارخ خساپا-1400-1400/08/26,1,2,1004000,499,502,502,3,0.6,502,3,0.6,502,502,1400-5-9,2021-07-31
809,وسقم,شركت س استان قم,1,4000,5348000,1407,1337,1337,-70,-4.98,1407,0,0,1337,1337,1400-5-9,2021-07-31
810,فولاد2,فولاد مباركه اصفهان,1,23270000,246662000000,10600,10600,10600,0,0,10600,0,0,10600,10600,1400-5-9,2021-07-31
811,فايرا2,آلومينيوم‌ايران‌,1,15000000,223950000000,14930,14930,14930,0,0,14930,0,0,14930,14930,1400-5-9,2021-07-31
812,صعبيد312,صكوك اجاره دعبيد-3ماهه18%,1,100,99600000,996000,996000,996000,0,0,996000,0,0,996000,996000,1400-5-9,2021-07-31
813,ضمخا7067,اختيارخ اخابر-13700-1400/07/28,1,1,330000,300,330,330,30,10,330,30,10,330,330,1400-5-9,2021-07-31
814,خفناور,مهندسي صنعتي روان فن آور,1,155,7129690,47420,45998,45998,-1422,-3,47419,-1,0,45998,45998,1400-5-9,2021-07-31
815,ضمخا7068,اختيارخ اخابر-15700-1400/07/28,1,15,4665000,400,311,311,-89,-22.25,311,-89,-22.25,311,311,1400-5-9,2021-07-31
816,ضپاس7028,اختيارخ وپارس-2000-1400/07/28,1,60,59400000,855,990,990,135,15.79,990,135,15.79,990,990,1400-5-9,2021-07-31
817,ثنام,س ساختماني ب نام آوران مهندسي,1,371,5973471,16598,16101,16101,-497,-2.99,16598,0,0,16101,16101,1400-5-9,2021-07-31
818,ضپيك7045,اختيارخ تاپيكو-14070-00/07/18,1,5,7500000,1,1500,1500,1499,149900,1500,1499,149900,1500,1500,1400-5-9,2021-07-31
819,ضغدر8060,اختيارخ وغدير-14000-1400/08/26,1,60,174000000,1500,2900,2900,1400,93.33,2900,1400,93.33,2900,2900,1400-5-9,2021-07-31
820,تصميم2,صندوق س با درآمد ثابت تصميم,1,1000000,1000000,16957,1,1,-16956,-99.99,1,-16956,-99.99,1,1,1400-5-9,2021-07-31
821,ضچاد7035,اختيارخ كچاد-25870-1400/07/04,1,1,5500000,4450,5500,5500,1050,23.6,5500,1050,23.6,5500,5500,1400-5-9,2021-07-31
822,تسه99082,امتياز تسهيلات مسكن آبان99,1,120,1200,598962,10,10,-598952,-100,10,-598952,-100,10,10,1400-5-9,2021-07-31
823,ضصاد8036,اختيارخ وبصادر-3989-1400/08/12,1,2,90000,45,45,45,0,0,45,0,0,45,45,1400-5-9,2021-07-31
824,ارمغان2,ص سرمايه گذاري ارمغان ايرانيان,1,24654832,24654832,10120,1,1,-10119,-99.99,1,-10119,-99.99,1,1,1400-5-9,2021-07-31
825,شرق1400,مشاركت ليزينگ ايران وشرق140010,1,5,5000000,999988,1000000,1000000,12,0,1000000,12,0,1000000,1000000,1400-5-9,2021-07-31
826,افاد1,منفعت دولت-با شرايط خاص140006,1,5000,5000000000,1010000,1000000,1000000,-10000,-0.99,1000000,-10000,-0.99,1000000,1000000,1400-5-9,2021-07-31
827,حپترو,حمل و نقل پتروشيمي( سهامي عام,1,200,10100000,53150,50500,50500,-2650,-4.99,53150,0,0,50500,50500,1400-5-9,2021-07-31
828,فسديد,لوله‌وتجهيزات‌ سديد - ورشكسته,1,50,5416450,109423,108329,108329,-1094,-1,109422,-1,0,108329,108329,1400-5-9,2021-07-31
829,نتوس,پشم‌ بافي‌ توس,1,492,9445416,19791,19198,19198,-593,-3,19790,-1,-0.01,19198,19198,1400-5-9,2021-07-31
830,بموتو4,موتوژن‌,1,71002300,75972461000,63670,1070,1070,-62600,-98.32,1070,-62600,-98.32,1070,1070,1400-5-9,2021-07-31
831,ضپيك7040,اختيارخ تاپيكو-6070-00/07/18,1,7,46900000,5000,6700,6700,1700,34,6700,1700,34,6700,6700,1400-5-9,2021-07-31
832,وسالت,بانك قرض الحسنه رسالت,1,13974,15986256,1111,1144,1144,33,2.97,1111,0,0,1144,1144,1400-5-9,2021-07-31
833,اراد72,مرابحه عام دولت72-ش.خ0311,1,4600,4595400000,997400,999000,999000,1600,0.16,999000,1600,0.16,999000,999000,1400-5-9,2021-07-31
834,ضفار8053,اختيارخ فارس-11400-1400/08/05,1,10,19500000,1300,1950,1950,650,50,1950,650,50,1950,1950,1400-5-9,2021-07-31
835,اراد22,مرابحه عام دولت2-ش.خ لوتوس0212,1,3500,3360000000,970000,960000,960000,-10000,-1.03,960000,-10000,-1.03,960000,960000,1400-5-9,2021-07-31
836,حرهشا,رهشاد سپاهان (سهامي عام,1,120,7690560,66070,64088,64088,-1982,-3,66068,-2,0,64088,64088,1400-5-9,2021-07-31
837,ضپيك7043,اختيارخ تاپيكو-10070-00/07/18,1,7,21000000,1396,3000,3000,1604,114.9,3000,1604,114.9,3000,3000,1400-5-9,2021-07-31
838,اراد76,مرابحه عام دولت76-ش.خ030406,1,1000,940000000,930000,940000,940000,10000,1.08,940000,10000,1.08,940000,940000,1400-5-9,2021-07-31
839,اراد11,مرابحه عام دولت1-ش.خ لوتوس0206,1,5000,4800000000,970000,960000,960000,-10000,-1.03,960000,-10000,-1.03,960000,960000,1400-5-9,2021-07-31
840,شلرد02,كود شيميايي اوره لردگان,1,168,166824000,993000,993000,993000,0,0,993000,0,0,993000,993000,1400-5-9,2021-07-31
841,پارسان4,گسترش نفت و گاز پارسيان,1,405000000,473850000000,25410,1170,1170,-24240,-95.4,1170,-24240,-95.4,1170,1170,1400-5-9,2021-07-31
842,ضخوز7040,اختيارخ فخوز-17200-1400/07/14,1,10,20000000,500,2000,2000,1500,300,2000,1500,300,2000,2000,1400-5-9,2021-07-31
843,ضملت8043,اختيارخ وبملت-4434-1400/08/19,1,5,1280000,508,256,256,-252,-49.61,256,-252,-49.61,256,256,1400-5-9,2021-07-31
844,كايتا,ايتالران‌,1,60,576660,9332,9611,9611,279,2.99,9332,0,0,9611,9611,1400-5-9,2021-07-31
845,ثتوسا,س.توسعه و عمران استان اردبيل,1,1000,36672000,37806,36672,36672,-1134,-3,37802,-4,-0.01,36672,36672,1400-5-9,2021-07-31
846,ضمخا7070,اختيارخ اخابر-19700-1400/07/28,1,13,1560000,75,120,120,45,60,120,45,60,120,120,1400-5-9,2021-07-31
847,سنفت010,سلف موازي استاندارد سنفت010,1,630,1007640900,1597150,1599430,1599430,2280,0.14,1599430,2280,0.14,1599430,1599430,1400-5-9,2021-07-31
848,اوصتا4,صندوق انديشه ورزان صباتامين -د,1,40805000,789984800000,19339,19360,19360,21,0.11,19360,21,0.11,19360,19360,1400-5-9,2021-07-31
