,نماد,نام,تعداد,حجم,ارزش,دیروز,اولین,آخرین معامله - مقدار,آخرین معامله - تغییر,آخرین معامله - درصد,قیمت پایانی - مقدار,قیمت پایانی - تغییر,قیمت پایانی - درصد,کمترین,بیشترین,تاریخ,gregorian_date
0,پالايش,صندوق پالايشي يكم-سهام,27604,24353379,1688830321410,71320,70000,69100,-2220,-3.11,69350,-1970,-2.76,68830,70020,1400-9-6,2021-11-27
1,فولاد,فولاد مباركه اصفهان,16071,116006291,1192050965120,10770,10350,10240,-530,-4.92,10280,-490,-4.55,10240,10550,1400-9-6,2021-11-27
2,شستا,سرمايه گذاري تامين اجتماعي,15524,91775343,1016407527620,11590,11260,11020,-570,-4.92,11070,-520,-4.49,11020,11260,1400-9-6,2021-11-27
3,دارا يكم,صندوق واسطه گري مالي يكم-سهام,14154,7890699,876873107320,113770,112900,110480,-3290,-2.89,111130,-2640,-2.32,110120,112900,1400-9-6,2021-11-27
4,وفتخار,سرمايه گذاري افتخار سهام,13447,66945572,143924479321,2119,2182,2056,-63,-2.97,2150,31,1.46,2056,2182,1400-9-6,2021-11-27
5,بورس,بورس اوراق بهادار تهران,12926,107818710,1438921348440,12780,13300,13410,630,4.93,13350,570,4.46,13040,13410,1400-9-6,2021-11-27
6,توسن,توسعه سامانه ي نرم افزاري نگين,11241,14137583,331042939690,22429,22780,23550,1121,5,23416,987,4.4,22500,23550,1400-9-6,2021-11-27
7,بركت,گروه دارويي بركت,10427,27639165,585206345720,22050,21900,20960,-1090,-4.94,21170,-880,-3.99,20950,21950,1400-9-6,2021-11-27
8,خگستر,گسترش‌سرمايه‌گذاري‌ايران‌خودرو,8471,213457231,550543126943,2639,2600,2550,-89,-3.37,2579,-60,-2.27,2508,2674,1400-9-6,2021-11-27
9,انرژي3,سايراشخاص بورس انرژي,8320,7457492,762406401000,98010,102200,102910,4900,5,102230,4220,4.31,98500,102910,1400-9-6,2021-11-27
10,شبندر,پالايش نفت بندرعباس,8018,105740083,645787216850,6400,6100,6080,-320,-5,6110,-290,-4.53,6080,6220,1400-9-6,2021-11-27
11,فجهان,مجتمع جهان فولاد سيرجان,7953,37257065,208714438012,5656,5610,5600,-56,-0.99,5602,-54,-0.95,5557,5658,1400-9-6,2021-11-27
12,پترول,گ.س.وت.ص.پتروشيمي خليج فارس,7932,167075140,463267002103,2913,2861,2768,-145,-4.98,2773,-140,-4.81,2768,2870,1400-9-6,2021-11-27
13,فسبزوار,پارس فولاد سبزوار,7571,10692971,368913205040,34590,34100,34310,-280,-0.81,34500,-90,-0.26,34100,35130,1400-9-6,2021-11-27
14,شپنا,پالايش نفت اصفهان,7517,60486481,356416259770,6160,5870,5860,-300,-4.87,5890,-270,-4.38,5860,6020,1400-9-6,2021-11-27
15,كالا,بورس كالاي ايران,7443,18173615,539078916790,28770,30000,29660,890,3.09,29660,890,3.09,28500,30150,1400-9-6,2021-11-27
16,خبهمن,گروه‌بهمن‌,7427,252878616,520662789809,2118,2020,2047,-71,-3.35,2059,-59,-2.79,2015,2129,1400-9-6,2021-11-27
17,فرابورس,فرابورس ايران,7139,20948990,458363288229,21234,22000,21700,466,2.19,21880,646,3.04,21300,22205,1400-9-6,2021-11-27
18,نوري,پتروشيمي نوري,6575,4245738,485017813440,118180,117620,113680,-4500,-3.81,114240,-3940,-3.33,112280,117620,1400-9-6,2021-11-27
19,وبملت,بانك ملت,6531,143681617,418644347485,3047,3038,2895,-152,-4.99,2914,-133,-4.36,2895,3038,1400-9-6,2021-11-27
20,كرمان,س. توسعه و عمران استان كرمان,6178,188795376,183639598496,1003,1000,978,-25,-2.49,973,-30,-2.99,961,1010,1400-9-6,2021-11-27
21,شتران,پالايش نفت تهران,5974,76164587,315945151946,4356,4170,4140,-216,-4.96,4148,-208,-4.78,4139,4283,1400-9-6,2021-11-27
22,تسه0008,امتيازتسهيلات مسكن آبان1400,5488,197035,162221074400,797190,816114,835000,37810,4.74,823311,26121,3.28,796000,837000,1400-9-6,2021-11-27
23,شفن,پتروشيمي فناوران,5387,22725957,371079562990,16990,16300,16160,-830,-4.89,16330,-660,-3.88,16150,16900,1400-9-6,2021-11-27
24,شفنح,ح . پتروشيمي فناوران,4957,23502351,279200153760,12940,12390,11770,-1170,-9.04,11880,-1060,-8.19,11730,12390,1400-9-6,2021-11-27
25,كيمياتك,آريان كيميا تك,4913,1681468,42205850110,25910,25480,24680,-1230,-4.75,25100,-810,-3.13,24620,26430,1400-9-6,2021-11-27
26,وتجارت,بانك تجارت,4659,115412946,206364453545,1863,1831,1770,-93,-4.99,1788,-75,-4.03,1770,1860,1400-9-6,2021-11-27
27,كيان,صندوق س. با درآمد ثابت كيان,4655,79745995,2533286690529,31730,31766,31768,38,0.12,31767,37,0.12,31766,31769,1400-9-6,2021-11-27
28,كمند,صندوق س. با درآمد ثابت كمند,4613,173196317,1751975679495,10103,10115,10116,13,0.13,10116,13,0.13,10115,10116,1400-9-6,2021-11-27
29,امين يكم,صندوق درآمد ثابت امين يكم فردا,4601,158158831,1586005816326,10014,10025,10028,14,0.14,10028,14,0.14,10025,10030,1400-9-6,2021-11-27
30,ذوب,سهامي ذوب آهن  اصفهان,4524,65501197,232876993323,3722,3660,3536,-186,-5,3555,-167,-4.49,3536,3660,1400-9-6,2021-11-27
31,مديريت,س. و خدمات مديريت صند. ب كشوري,4488,5676193,51234721779,9308,9110,8984,-324,-3.48,9026,-282,-3.03,8906,9194,1400-9-6,2021-11-27
32,لپارس,پارس‌ الكتريك‌,4283,5161291,576101837550,106470,111790,111790,5320,5,111620,5150,4.84,107170,111790,1400-9-6,2021-11-27
33,كدما,معدني‌ دماوند,3857,2880884,237796585390,86640,85900,82310,-4330,-5,82540,-4100,-4.73,82310,85900,1400-9-6,2021-11-27
34,آريا,پليمر آريا ساسول,3742,919319,103803921008,115281,115981,111800,-3481,-3.02,112914,-2367,-2.05,111730,115981,1400-9-6,2021-11-27
35,بركتح,ح . گروه دارويي بركت,3676,8969152,158301147390,17680,17500,17660,-20,-0.11,17650,-30,-0.17,16820,18590,1400-9-6,2021-11-27
36,وغدير,سرمايه‌گذاري‌غدير(هلدينگ‌,3607,29316428,407692154140,14580,14340,13870,-710,-4.87,13910,-670,-4.6,13860,14450,1400-9-6,2021-11-27
37,امين,تامين سرمايه امين,3487,1722785,21115687370,12220,12250,12290,70,0.57,12230,10,0.08,12210,12310,1400-9-6,2021-11-27
38,وبصادر,بانك صادرات ايران,3328,87904121,152895293180,1811,1789,1721,-90,-4.97,1739,-72,-3.98,1721,1789,1400-9-6,2021-11-27
39,سپيد,سپيد ماكيان,3320,4094286,247481885530,63240,61210,60970,-2270,-3.59,60450,-2790,-4.41,60080,62650,1400-9-6,2021-11-27
40,تپكو,توليدتجهيزات‌سنگين‌هپكو,3303,81245294,297312209419,3769,3660,3656,-113,-3,3659,-110,-2.92,3656,3702,1400-9-6,2021-11-27
41,وملي,گروه‌ صنعتي‌ ملي‌ (هلدينگ‌,3160,1538074,245692600370,153020,153540,160270,7250,4.74,159740,6720,4.39,150550,160670,1400-9-6,2021-11-27
42,غزر,صنعتي زر ماكارون,3077,4636529,47519200960,10370,10250,10260,-110,-1.06,10250,-120,-1.16,10100,10410,1400-9-6,2021-11-27
43,حسير,ريل سير كوثر,3041,7450195,202251857418,27278,27000,28270,992,3.64,27147,-131,-0.48,25915,28540,1400-9-6,2021-11-27
44,ثشاهد,سرمايه‌ گذاري‌ شاهد,2982,18128134,205130919660,11830,11690,11290,-540,-4.56,11320,-510,-4.31,11240,12000,1400-9-6,2021-11-27
45,كاما,باما,2964,26802386,214589200300,8190,8060,7960,-230,-2.81,8010,-180,-2.2,7830,8140,1400-9-6,2021-11-27
46,وخارزم,سرمايه گذاري خوارزمي,2940,52019328,224435895878,4530,4537,4304,-226,-4.99,4314,-216,-4.77,4304,4537,1400-9-6,2021-11-27
47,بوعلي,پتروشيمي بوعلي سينا,2885,1316404,94928216170,72560,73300,71200,-1360,-1.87,72130,-430,-0.59,71010,73310,1400-9-6,2021-11-27
48,صبا,سرمايه گذاري صبا تامين,2832,26875804,161286122752,6073,6100,5990,-83,-1.37,6001,-72,-1.19,5961,6100,1400-9-6,2021-11-27
49,حگردش,ريل گردش ايرانيان,2802,29467268,119120190887,4089,3990,3980,-109,-2.67,4042,-47,-1.15,3886,4209,1400-9-6,2021-11-27
50,اعتماد,صندوق س.اعتماد آفرين پارسيان-د,2778,68256890,2747808508430,40213,40258,40258,45,0.11,40257,44,0.11,40253,40259,1400-9-6,2021-11-27
51,ختوقا,قطعات‌ اتومبيل‌ ايران‌,2716,46585330,119091887898,2615,2550,2530,-85,-3.25,2556,-59,-2.26,2485,2670,1400-9-6,2021-11-27
52,وسپهر,سرمايه گذاري مالي سپهرصادرات,2705,15300171,108019731803,7061,7060,7060,-1,-0.01,7060,-1,-0.01,7060,7062,1400-9-6,2021-11-27
53,وصنعت,سرمايه گذاري توسعه صنعت وتجارت,2655,33208322,243333376010,7140,7250,7490,350,4.9,7330,190,2.66,6790,7490,1400-9-6,2021-11-27
54,سپيدار,سپيدار سيستم آسيا,2609,618401,11198324975,18576,18575,17787,-789,-4.25,18218,-358,-1.93,17690,18888,1400-9-6,2021-11-27
55,سرو,صندوق س سروسودمند مدبران-سهام,2585,6334838,438149725920,71700,71680,69250,-2450,-3.42,69170,-2530,-3.53,67900,71680,1400-9-6,2021-11-27
56,وهامون,سرمايه گذاري هامون صبا,2527,11535136,32393285175,2874,2859,2770,-104,-3.62,2808,-66,-2.3,2732,2859,1400-9-6,2021-11-27
57,ثبهساز,بهساز كاشانه تهران,2522,20571583,32563439680,1614,1614,1559,-55,-3.41,1583,-31,-1.92,1555,1639,1400-9-6,2021-11-27
58,خزاميا,زامياد,2479,21134104,156928690240,7420,7400,7500,80,1.08,7430,10,0.13,7060,7690,1400-9-6,2021-11-27
59,ومدير,گ.مديريت ارزش سرمايه ص ب كشوري,2423,9039207,38817016394,4372,4301,4290,-82,-1.88,4294,-78,-1.78,4250,4352,1400-9-6,2021-11-27
60,بپيوند,برق و انرژي پيوندگستر پارس,2359,1936734,19380257444,10478,10356,9955,-523,-4.99,10007,-471,-4.5,9955,10356,1400-9-6,2021-11-27
61,شاروم,پتروشيمي اروميه,2339,1705070,22663839937,13935,13289,13239,-696,-4.99,13292,-643,-4.61,13239,13934,1400-9-6,2021-11-27
62,شگويا,پتروشيمي تندگويان,2327,9309221,99628164385,11150,11112,10601,-549,-4.92,10715,-435,-3.9,10601,11112,1400-9-6,2021-11-27
63,ثاميد,توسعه و عمران اميد,2309,15185911,21053717986,1400,1392,1382,-18,-1.29,1386,-14,-1,1370,1400,1400-9-6,2021-11-27
64,رافزا,رايان هم افزا,2266,464982,28147672854,60261,62000,60000,-261,-0.43,60535,274,0.45,59190,62000,1400-9-6,2021-11-27
65,غنوش,نوش‌ مازندران‌,2231,7224094,98969608580,13580,13380,14190,610,4.49,13700,120,0.88,12910,14210,1400-9-6,2021-11-27
66,آپ,آسان پرداخت پرشين,2215,30121939,403185162550,13980,13700,13310,-670,-4.79,13390,-590,-4.22,13290,13870,1400-9-6,2021-11-27
67,قتربت,قند تربت حيدريه,2214,360592,18080385019,50224,48000,50851,627,1.25,50141,-83,-0.17,47713,52735,1400-9-6,2021-11-27
68,سمگا,گروه سرمايه گذاري ميراث فرهنگي,2200,57030654,761268623821,14040,13600,13380,-660,-4.7,13348,-692,-4.93,13338,13600,1400-9-6,2021-11-27
69,وكبهمن,مديريت سرمايه گذاري كوثربهمن,2157,624962,6118629306,10126,10015,9752,-374,-3.69,9984,-142,-1.4,9654,10126,1400-9-6,2021-11-27
70,كزغال,زغال سنگ پروده طبس,2141,1364199,40582554211,30320,30010,29010,-1310,-4.32,29748,-572,-1.89,29003,30800,1400-9-6,2021-11-27
71,هاي وب,داده گسترعصرنوين-هاي وب,2137,16923091,147401929990,9080,9100,8630,-450,-4.96,8710,-370,-4.07,8630,9150,1400-9-6,2021-11-27
72,خنصير,مهندسي‌نصيرماشين‌,2134,10414550,216713096470,21810,21820,20720,-1090,-5,20810,-1000,-4.59,20720,22100,1400-9-6,2021-11-27
73,طلا,صندوق س.پشتوانه طلاي لوتوس,2100,2985241,268398524528,89433,90000,89540,107,0.12,89908,475,0.53,89251,90438,1400-9-6,2021-11-27
74,سيتا,سرمايه گذاري سيمان تامين,2093,2564000,24089679980,9710,9570,9290,-420,-4.33,9530,-180,-1.85,9240,9680,1400-9-6,2021-11-27
75,ولپارس,ليزينگ پارسيان,2038,4125544,16217644834,3968,3851,3929,-39,-0.98,3931,-37,-0.93,3851,3990,1400-9-6,2021-11-27
76,چخزر,صنايع چوب خزر كاسپين,2019,1062192,30335137973,29920,28730,28424,-1496,-5,28559,-1361,-4.55,28424,29331,1400-9-6,2021-11-27
77,بگيلان,توسعه مسير برق گيلان,2009,903061,13530207809,15729,15250,14986,-743,-4.72,15337,-392,-2.49,14943,15300,1400-9-6,2021-11-27
78,سحرخيز,صندوق س. گروه زعفران سحرخيز,1988,3646284,77560220454,21187,21499,20999,-188,-0.89,21271,84,0.4,20918,21880,1400-9-6,2021-11-27
79,ولملتح,ح . واسپاري ملت,1948,8457898,22613577166,2943,2651,2674,-269,-9.14,2674,-269,-9.14,2649,2880,1400-9-6,2021-11-27
80,حكشتي,كشتيراني جمهوري اسلامي ايران,1892,8963094,119926658990,13890,13750,13500,-390,-2.81,13380,-510,-3.67,13220,13750,1400-9-6,2021-11-27
81,فروي,ذوب روي اصفهان,1840,3998462,84371689106,22128,21820,21022,-1106,-5,21101,-1027,-4.64,21022,21820,1400-9-6,2021-11-27
82,پارند,صندوق س. پارند پايدار سپهر,1837,71662346,725060444452,10103,10118,10117,14,0.14,10118,15,0.15,10117,10118,1400-9-6,2021-11-27
83,ولكار,ليزينگ كارآفرين,1832,2177918,8980785548,4222,4310,4099,-123,-2.91,4162,-60,-1.42,4060,4310,1400-9-6,2021-11-27
84,فردا,صندوق س آواي فرداي زاگرس-ثابت,1829,89300220,1061646428537,11869,11888,11888,19,0.16,11889,20,0.17,11888,11890,1400-9-6,2021-11-27
85,افران,صندوق س افرا نماد پايدار-ثابت,1825,50463182,749272446462,14823,14847,14848,25,0.17,14848,25,0.17,14847,14849,1400-9-6,2021-11-27
86,نهال,صندوق س. طلاي سرخ نوويرا,1808,3674851,78068123804,21380,21490,21094,-286,-1.34,21244,-136,-0.64,21082,21593,1400-9-6,2021-11-27
87,غكورش,صنعت غذايي كورش,1804,1115505,52122698720,47870,46900,46000,-1870,-3.91,46810,-1060,-2.21,45800,47990,1400-9-6,2021-11-27
88,ومعادن,توسعه‌معادن‌وفلزات‌,1800,9001231,86308343260,9920,9820,9480,-440,-4.44,9670,-250,-2.52,9470,9830,1400-9-6,2021-11-27
89,سفاسي,شركت فارسيت اهواز,1795,13158504,49516630772,3667,3678,3708,41,1.12,3763,96,2.62,3490,3850,1400-9-6,2021-11-27
90,شاراك,پتروشيمي شازند,1767,2606960,111399462280,44060,43500,42390,-1670,-3.79,42730,-1330,-3.02,42050,43940,1400-9-6,2021-11-27
91,زملارد,كشاورزي و دامپروري ملارد شير,1764,357357,7217766451,20660,20000,20100,-560,-2.71,20432,-228,-1.1,20000,20600,1400-9-6,2021-11-27
92,آبادا,توليد نيروي برق آبادان,1763,827386,9570202050,12130,11870,11530,-600,-4.95,11750,-380,-3.13,11530,11870,1400-9-6,2021-11-27
93,فارس,صنايع پتروشيمي خليج فارس,1748,7651353,80273216240,10910,10700,10410,-500,-4.58,10620,-290,-2.66,10380,10850,1400-9-6,2021-11-27
94,بترانس,ايران‌ ترانسفو,1745,36620014,76615038680,2163,2150,2079,-84,-3.88,2092,-71,-3.28,2056,2170,1400-9-6,2021-11-27
95,خكار,ايركا پارت صنعت,1741,20719480,91907335160,4423,4450,4453,30,0.68,4436,13,0.29,4221,4589,1400-9-6,2021-11-27
96,غسالم,سالمين‌,1712,37374507,113033930888,3167,3100,3139,-28,-0.88,3024,-143,-4.52,3009,3140,1400-9-6,2021-11-27
97,آگاس,صندوق س.هستي بخش آگاه-س,1707,1139567,88912657848,79750,79640,78000,-1750,-2.19,78023,-1727,-2.17,77400,79750,1400-9-6,2021-11-27
98,شدوص,دوده‌ صنعتي‌ پارس‌,1686,10094766,122288363540,11850,12000,11810,-40,-0.34,12110,260,2.19,11440,12440,1400-9-6,2021-11-27
99,غگيلا,شيرپاستوريزه پگاه گيلان,1678,1892378,29778321816,16471,16000,15648,-823,-5,15736,-735,-4.46,15648,16370,1400-9-6,2021-11-27
100,فگستر,گسترش صنايع روي ايرانيان,1677,2613190,23756128657,9530,9500,9054,-476,-4.99,9091,-439,-4.61,9054,9500,1400-9-6,2021-11-27
101,شصدف,صنعتي دوده فام,1658,2967685,92965164873,32791,31800,31380,-1411,-4.3,31326,-1465,-4.47,31152,32700,1400-9-6,2021-11-27
102,خزر,فنرسازي‌زر,1651,6382421,78037562540,12650,12250,12040,-610,-4.82,12230,-420,-3.32,12020,12740,1400-9-6,2021-11-27
103,قثابت,قند ثابت‌ خراسان‌,1550,27950516,54789936019,2055,2040,1953,-102,-4.96,1960,-95,-4.62,1953,2040,1400-9-6,2021-11-27
104,زاگرس,پتروشيمي زاگرس,1524,573344,144400660834,258444,252600,253900,-4544,-1.76,251857,-6587,-2.55,249840,258444,1400-9-6,2021-11-27
105,شبريز,پالايش نفت تبريز,1513,5188894,165707484280,33400,31920,31730,-1670,-5,31940,-1460,-4.37,31730,33000,1400-9-6,2021-11-27
106,فاراك,ماشين‌ سازي‌ اراك‌,1494,39297106,59502223399,1581,1550,1503,-78,-4.93,1514,-67,-4.24,1502,1560,1400-9-6,2021-11-27
107,وپويا,سرمايه گذاري پويا,1483,5676434,21097572289,3870,3812,3677,-193,-4.99,3717,-153,-3.95,3677,3850,1400-9-6,2021-11-27
108,فتوسا,توليد و توسعه سرب روي ايرانيان,1467,735797,8096040960,11333,10768,10840,-493,-4.35,11150,-183,-1.61,10768,11398,1400-9-6,2021-11-27
109,شپديس,پتروشيمي پرديس,1455,905034,163542263250,185200,186000,178890,-6310,-3.41,180700,-4500,-2.43,178750,186000,1400-9-6,2021-11-27
110,پيزد,مجتمع صنايع لاستيك يزد,1428,527487,28419638531,54290,52700,52605,-1685,-3.1,53877,-413,-0.76,51576,57003,1400-9-6,2021-11-27
111,ضجار1023,اختيارخ وتجارت-2500-1400/10/15,1424,56453,1187161000,38,35,18,-20,-52.63,21,-17,-44.74,17,35,1400-9-6,2021-11-27
112,وسكرد,شركت س استان كردستان,1399,102425333,45113681918,460,451,439,-21,-4.57,440,-20,-4.35,437,451,1400-9-6,2021-11-27
113,چكاپا,گروه صنايع كاغذ پارس,1397,21779076,65263380415,3098,3070,2948,-150,-4.84,2997,-101,-3.26,2945,3150,1400-9-6,2021-11-27
114,وپارس,بانك‌پارسيان‌,1384,43139760,90161911648,2183,2104,2074,-109,-4.99,2110,-73,-3.34,2074,2160,1400-9-6,2021-11-27
115,لكما,كارخانجات‌مخابراتي‌ايران‌,1377,27478667,28952970205,1073,1051,1055,-18,-1.68,1054,-19,-1.77,1041,1079,1400-9-6,2021-11-27
116,دانا,بيمه دانا,1374,14447995,67880970011,4610,4797,4640,30,0.65,4698,88,1.91,4560,4840,1400-9-6,2021-11-27
117,قرن,پديده شيمي قرن,1363,1967866,49904486300,25290,26300,25420,130,0.51,25360,70,0.28,24530,26300,1400-9-6,2021-11-27
118,تاپيكو,س. نفت و گاز و پتروشيمي تأمين,1360,12749412,176999921320,14440,14470,13760,-680,-4.71,13880,-560,-3.88,13740,14470,1400-9-6,2021-11-27
119,ثاخت,بين‌المللي‌توسعه‌ساختمان,1358,30524164,56586916703,1936,1900,1840,-96,-4.96,1854,-82,-4.24,1840,1928,1400-9-6,2021-11-27
120,ديران,ايران‌دارو,1345,3017729,63971235520,20890,21000,20900,10,0.05,21200,310,1.48,20260,21900,1400-9-6,2021-11-27
121,پارس,پتروشيمي پارس,1342,1392049,261663095260,197430,190000,187560,-9870,-5,187970,-9460,-4.79,187560,194790,1400-9-6,2021-11-27
122,ماديرا,صنايع ماديران,1312,11816502,73872109738,6540,6460,6213,-327,-5,6252,-288,-4.4,6213,6460,1400-9-6,2021-11-27
123,ولساپا,ليزينگ رايان‌ سايپا,1288,42371542,107185009544,2650,2650,2519,-131,-4.94,2530,-120,-4.53,2518,2670,1400-9-6,2021-11-27
124,شغدير,پتروشيمي غدير,1282,949620,85863141500,91860,92550,90050,-1810,-1.97,90420,-1440,-1.57,89600,92550,1400-9-6,2021-11-27
125,حفاري,حفاري شمال,1271,16662668,71008377455,4472,4386,4249,-223,-4.99,4262,-210,-4.7,4249,4531,1400-9-6,2021-11-27
126,تسه0006,امتيازتسهيلات مسكن شهريور1400,1267,31087,25664755162,798107,820000,838012,39905,5,825578,27471,3.44,800000,838012,1400-9-6,2021-11-27
127,دماوند,توليد نيروي برق دماوند,1262,1875303,39435934466,21181,21181,20600,-581,-2.74,21052,-129,-0.61,20415,21487,1400-9-6,2021-11-27
128,كاوه,فولاد كاوه جنوب كيش,1250,5597290,81649225110,15140,14900,14460,-680,-4.49,14620,-520,-3.43,14460,14900,1400-9-6,2021-11-27
129,زشريف,كشت وصنعت شريف آباد,1234,15621649,55370914492,3478,3420,3500,22,0.63,3544,66,1.9,3420,3650,1400-9-6,2021-11-27
130,كروي,توسعه‌ معادن‌ روي‌ ايران‌,1233,2479776,55934618730,23610,22480,22430,-1180,-5,22560,-1050,-4.45,22430,23170,1400-9-6,2021-11-27
131,تسه0007,امتيازتسهيلات مسكن مهر1400,1231,18105,14964736716,800614,810111,840644,40030,5,826553,25939,3.24,800101,840644,1400-9-6,2021-11-27
132,لطيف,محصولات كاغذي لطيف,1214,201120,7715115232,39097,38979,37970,-1127,-2.88,38711,-386,-0.99,37508,38979,1400-9-6,2021-11-27
133,ملت,بيمه ملت,1197,52007142,63889880108,1285,1297,1222,-63,-4.9,1228,-57,-4.44,1221,1297,1400-9-6,2021-11-27
134,غاذر,كشت‌وصنعت‌پياذر,1182,2226998,83737357310,37220,37340,38050,830,2.23,37600,380,1.02,36140,38900,1400-9-6,2021-11-27
135,خمحركه,نيرو محركه‌,1175,15573828,54611472176,3658,3651,3476,-182,-4.98,3507,-151,-4.13,3476,3651,1400-9-6,2021-11-27
136,بشهاب,لامپ‌  پارس‌ شهاب‌,1172,765443,107055605300,146230,138920,138920,-7310,-5,139860,-6370,-4.36,138920,147450,1400-9-6,2021-11-27
137,وساپا,سرمايه‌گذاري‌ سايپا,1170,19171296,93256318590,5017,4930,4780,-237,-4.72,4860,-157,-3.13,4770,5010,1400-9-6,2021-11-27
138,ختور,رادياتور ايران‌,1149,5964942,106706426420,18750,18340,17820,-930,-4.96,17890,-860,-4.59,17820,19000,1400-9-6,2021-11-27
139,خصدرا,صنعتي‌ دريايي‌ ايران‌,1147,33461135,79700350904,2449,2402,2376,-73,-2.98,2382,-67,-2.74,2376,2449,1400-9-6,2021-11-27
140,فخوز,فولاد  خوزستان,1141,7332848,46731685230,6560,6370,6370,-190,-2.9,6490,-70,-1.07,6310,6460,1400-9-6,2021-11-27
141,فجر,فولاد اميركبيركاشان,1125,1953168,47052381940,24270,24640,23780,-490,-2.02,24090,-180,-0.74,23700,24640,1400-9-6,2021-11-27
142,غگل,گلوكوزان‌,1121,13071283,43116071232,3462,3325,3289,-173,-5,3299,-163,-4.71,3289,3403,1400-9-6,2021-11-27
143,خفنر,فنرسازي‌خاور,1116,5831434,50183142890,8520,8830,8490,-30,-0.35,8610,90,1.06,8390,8850,1400-9-6,2021-11-27
144,وسكرمان,س.سهام عدالت استان كرمان,1110,76431787,34166736852,469,460,446,-23,-4.9,447,-22,-4.69,446,460,1400-9-6,2021-11-27
145,سنيرح,ح . سيمان‌ سفيدني‌ريز,1105,1560002,47736314120,33290,30830,30300,-2990,-8.98,30600,-2690,-8.08,30100,32450,1400-9-6,2021-11-27
146,بجهرم,توسعه مولد نيروگاهي جهرم,1104,13770164,28185171279,2123,2100,2022,-101,-4.76,2047,-76,-3.58,2017,2100,1400-9-6,2021-11-27
147,كچاد,معدني‌وصنعتي‌چادرملو,1100,2584626,71065044530,28380,28200,27260,-1120,-3.95,27840,-540,-1.9,27240,28200,1400-9-6,2021-11-27
148,سدبير,س. تدبيرگران فارس وخوزستان,1087,1737463,89902997863,50013,51750,52513,2500,5,51744,1731,3.46,47513,52513,1400-9-6,2021-11-27
149,دسانكو,داروسازي سبحان انكولوژي,1086,4443139,60609735463,13420,13590,13750,330,2.46,13641,221,1.65,13011,14050,1400-9-6,2021-11-27
150,سيمرغ,سيمرغ,1085,5618362,128743340650,24010,23710,22810,-1200,-5,22910,-1100,-4.58,22810,23760,1400-9-6,2021-11-27
151,جوين,كشت و صنعت جوين,1085,19044778,52890701579,2743,2743,2810,67,2.44,2777,34,1.24,2666,2825,1400-9-6,2021-11-27
152,خمهرح,ح . مهركام‌پارس‌,1080,16149040,14063908212,890,860,849,-41,-4.61,871,-19,-2.13,842,910,1400-9-6,2021-11-27
153,سپر,صندوق س سپر سرمايه بيدار- ثابت,1068,44818746,592529436176,13216,13237,13234,18,0.14,13221,5,0.04,13216,13251,1400-9-6,2021-11-27
154,كارين,صندوق س نگين سامان-ثابت,1068,48642704,488032349962,10017,10035,10035,18,0.18,10033,16,0.16,10032,10035,1400-9-6,2021-11-27
155,شيران,س. صنايع‌شيميايي‌ايران,1067,2988608,62839887330,21900,21970,20810,-1090,-4.98,21220,-680,-3.11,20810,21970,1400-9-6,2021-11-27
156,كساپا,سايپاشيشه‌,1065,4881095,101268547190,21800,20710,20710,-1090,-5,20750,-1050,-4.82,20710,21250,1400-9-6,2021-11-27
157,شسپا,نفت سپاهان,1061,16936686,57968574876,3554,3500,3399,-155,-4.36,3455,-99,-2.79,3390,3500,1400-9-6,2021-11-27
158,جم پيلن,پلي پروپيلن جم - جم پيلن,1060,522847,65923308310,127600,128900,125620,-1980,-1.55,126590,-1010,-0.79,124000,128900,1400-9-6,2021-11-27
159,ضجار1022,اختيارخ وتجارت-2000-1400/10/15,1058,40766,5118208000,150,137,120,-30,-20,126,-24,-16,116,141,1400-9-6,2021-11-27
160,هرمز,فولاد هرمزگان جنوب,1054,3687429,60305120913,17045,16725,16270,-775,-4.55,16683,-362,-2.12,16193,16900,1400-9-6,2021-11-27
161,كتوكا,توليدي و خدمات صنايع نسوز توكا,1047,4086438,51854271613,13326,12860,12660,-666,-5,12689,-637,-4.78,12660,13150,1400-9-6,2021-11-27
162,فلوله,لوله‌وماشين‌سازي‌ايران‌,1042,32585078,35585406895,1060,1051,1091,31,2.92,1092,32,3.02,1051,1113,1400-9-6,2021-11-27
163,رتاپ,تجارت الكترونيك  پارسيان,1037,5251348,34011709560,6410,6210,6500,90,1.4,6480,70,1.09,6170,6650,1400-9-6,2021-11-27
164,اپال,فرآوري معدني اپال كاني پارس,1036,2302774,50689451030,22040,22040,21820,-220,-1,22030,-10,-0.05,21820,22050,1400-9-6,2021-11-27
165,ونوين,بانك‌اقتصادنوين‌,1023,29275741,93242183344,3339,3329,3175,-164,-4.91,3185,-154,-4.61,3173,3329,1400-9-6,2021-11-27
166,بپاس,بيمه پاسارگاد,1005,2988724,122173707870,41821,41811,39730,-2091,-5,40878,-943,-2.25,39730,41821,1400-9-6,2021-11-27
167,بكامح,ح.كارخانجات توليدي شهيد قندي,1000,15268644,12671718162,883,845,820,-63,-7.13,830,-53,-6,817,879,1400-9-6,2021-11-27
168,شكلر,نيروكلر,982,1979690,73001360710,35730,35730,37400,1670,4.67,36880,1150,3.22,35730,37490,1400-9-6,2021-11-27
169,رانفور,خدمات‌انفورماتيك‌,982,16122961,63089593823,4104,4111,3899,-205,-5,3913,-191,-4.65,3899,4111,1400-9-6,2021-11-27
170,شاوان,پالايش نفت لاوان,977,1149687,152324775037,139391,133000,132422,-6969,-5,132492,-6899,-4.95,132422,136909,1400-9-6,2021-11-27
171,كرازي,كارخانجات‌توليدي‌شيشه‌رازي‌,974,31945271,38736241162,1229,1240,1210,-19,-1.55,1213,-16,-1.3,1198,1240,1400-9-6,2021-11-27
172,شبصير,توليدات پتروشيمي قائد بصير,953,388514,41824572006,111405,112937,106500,-4905,-4.4,107653,-3752,-3.37,106000,112940,1400-9-6,2021-11-27
173,ثفارس,عمران‌وتوسعه‌فارس‌,951,7595206,60969582550,8420,8410,8000,-420,-4.99,8030,-390,-4.63,8000,8410,1400-9-6,2021-11-27
174,غگلپا,شير پاستوريزه پگاه گلپايگان,943,1021642,55437865507,53232,55000,55070,1838,3.45,54263,1031,1.94,50590,55893,1400-9-6,2021-11-27
175,خكمك,كمك‌فنرايندامين‌,934,2860226,82947371370,30360,29550,28850,-1510,-4.97,29000,-1360,-4.48,28850,29840,1400-9-6,2021-11-27
176,ساوه,سيمان ساوه,926,428817,19245465145,44912,44912,45800,888,1.98,44880,-32,-0.07,43062,45897,1400-9-6,2021-11-27
177,اطلس,صندوق س.توسعه اندوخته آينده-س,919,361555,87510357786,247389,248999,241750,-5639,-2.28,242039,-5350,-2.16,237001,248999,1400-9-6,2021-11-27
178,پرديسح,ح .  سرمايه گذاري پرديس,916,15876512,22197590418,1524,1556,1400,-124,-8.14,1398,-126,-8.27,1375,1556,1400-9-6,2021-11-27
179,غپاك,لبنيات‌ پاك‌,913,5927815,75248582100,12350,12470,12960,610,4.94,12690,340,2.75,11840,12960,1400-9-6,2021-11-27
180,بكام,كارخانجات توليدي شهيد قندي,906,14608033,27139129111,1944,1905,1847,-97,-4.99,1858,-86,-4.42,1847,1920,1400-9-6,2021-11-27
181,چدن,توليدي چدن سازان,900,10194530,27620112668,2838,2810,2697,-141,-4.97,2709,-129,-4.55,2697,2839,1400-9-6,2021-11-27
182,خرينگ,رينگ‌سازي‌مشهد,895,1377320,40658325570,30180,30000,28860,-1320,-4.37,29520,-660,-2.19,28810,31220,1400-9-6,2021-11-27
183,شفارس,صنايع‌ شيميايي‌ فارس‌,894,22549814,25051331301,1156,1150,1099,-57,-4.93,1111,-45,-3.89,1099,1150,1400-9-6,2021-11-27
184,غمينو,شركت صنايع غذايي مينو شرق,887,10362354,47401942436,4793,4779,4554,-239,-4.99,4574,-219,-4.57,4554,4779,1400-9-6,2021-11-27
185,ثتران,سرمايه گذاري مسكن تهران,875,10282676,39833192762,4040,4119,3838,-202,-5,3874,-166,-4.11,3838,4119,1400-9-6,2021-11-27
186,تاصيكو,سرمايه گذاري صدرتامين,875,9505058,84432653340,9000,9000,8840,-160,-1.78,8910,-90,-1,8630,9040,1400-9-6,2021-11-27
187,حآسا,آسيا سير ارس,872,3672039,59968215160,17172,16338,16314,-858,-5,16331,-841,-4.9,16314,17050,1400-9-6,2021-11-27
188,فوكا,فولاد كاويان,867,7048343,114451452530,16576,16870,16079,-497,-3,16238,-338,-2.04,16079,16890,1400-9-6,2021-11-27
189,وپست,پست بانك ايران,866,2565606,52672238630,20640,20840,20750,110,0.53,20530,-110,-0.53,20060,21440,1400-9-6,2021-11-27
190,فزرين,زرين معدن آسيا,862,4066297,52587027781,13559,13230,12882,-677,-4.99,12932,-627,-4.62,12882,13499,1400-9-6,2021-11-27
191,شپترو,پتروشيمي آبادان,861,15790821,57128671902,3723,3720,3612,-111,-2.98,3618,-105,-2.82,3612,3720,1400-9-6,2021-11-27
192,سفارس,سيمان فارس و خوزستان,860,5008354,78614622250,16480,16120,15660,-820,-4.98,15700,-780,-4.73,15660,16120,1400-9-6,2021-11-27
193,سدشت,صنايع سيمان دشتستان,860,1140285,36777530730,30930,29500,30930,0,0,32250,1320,4.27,29500,32470,1400-9-6,2021-11-27
194,ثعتما,س. ساختماني اعتماد گستر,856,2480891,71154815064,30159,28652,28652,-1507,-5,28681,-1478,-4.9,28652,30000,1400-9-6,2021-11-27
195,ولملت,واسپاري ملت,844,15479204,69870041275,4370,4250,4554,184,4.21,4514,144,3.3,4250,4586,1400-9-6,2021-11-27
196,وبانك,سرمايه گذاري گروه توسعه ملي,838,6103819,49567942190,8290,8160,8060,-230,-2.77,8200,-90,-1.09,7990,8290,1400-9-6,2021-11-27
197,كسرا,سراميك‌هاي‌صنعتي‌اردكان‌,826,4391927,72096995180,17210,16800,16350,-860,-5,16420,-790,-4.59,16350,17020,1400-9-6,2021-11-27
198,درهآور,دارويي ره آورد تامين,824,5450673,127415706438,22413,23533,23397,984,4.39,23376,963,4.3,22583,23533,1400-9-6,2021-11-27
199,خاذين,سايپاآذين‌,824,13355479,39120542886,3016,3070,2921,-95,-3.15,2929,-87,-2.88,2866,3070,1400-9-6,2021-11-27
200,كهمدا,شيشه‌ همدان‌,824,6388726,57913260230,9000,9000,9000,0,0,9060,60,0.67,8850,9270,1400-9-6,2021-11-27
201,كوير,توليدي فولاد سپيد فراب كوير,822,8263121,48831712240,5950,5950,5890,-60,-1.01,5920,-30,-0.5,5790,6030,1400-9-6,2021-11-27
202,فاسمين,كالسيمين‌,814,2836269,44853651380,16270,15900,15710,-560,-3.44,15810,-460,-2.83,15610,16280,1400-9-6,2021-11-27
203,حتايد,تايدواترخاورميانه,810,6695421,33196430850,5170,5220,4930,-240,-4.64,4960,-210,-4.06,4920,5220,1400-9-6,2021-11-27
204,زيتون,صندوق س زيتون نماد پايا- مختلط,809,2360285,23135766640,9885,10000,9773,-112,-1.13,9802,-83,-0.84,9730,10000,1400-9-6,2021-11-27
205,وايران,ليزينگ ايرانيان,796,8598062,31653147821,3846,3812,3654,-192,-4.99,3681,-165,-4.29,3654,3812,1400-9-6,2021-11-27
206,اپرداز,آتيه داده پرداز,795,1235124,34013332993,26861,27130,27700,839,3.12,27538,677,2.52,27130,27990,1400-9-6,2021-11-27
207,فنورد,نوردوقطعات‌ فولادي‌,780,685250,121943402870,187020,182550,177670,-9350,-5,177950,-9070,-4.85,177670,186790,1400-9-6,2021-11-27
208,وتوصا,گروه س توسعه صنعتي ايران,779,5577901,55905353070,10430,10280,9920,-510,-4.89,10020,-410,-3.93,9910,10300,1400-9-6,2021-11-27
209,كپشير,پشم‌شيشه‌ايران‌,777,2510399,30878943780,12850,12540,12210,-640,-4.98,12300,-550,-4.28,12210,12790,1400-9-6,2021-11-27
210,وآذر,سرمايه‌گذاري‌توسعه‌آذربايجان‌,768,657725,30799116210,48190,46500,46790,-1400,-2.91,46830,-1360,-2.82,45790,49240,1400-9-6,2021-11-27
211,دتوليد,داروسازي توليد دارو,765,3359779,29440990975,9143,9135,8686,-457,-5,8763,-380,-4.16,8686,9135,1400-9-6,2021-11-27
212,وسكرشا,س.سهام عدالت استان كرمانشاه,754,57705781,26127086477,475,453,452,-23,-4.84,453,-22,-4.63,452,470,1400-9-6,2021-11-27
213,كسرام,پارس‌ سرام‌,751,7521587,34493653852,4652,4840,4440,-212,-4.56,4586,-66,-1.42,4440,4840,1400-9-6,2021-11-27
214,پارتا,مجتمع‌صنعتي‌آرتاويل‌تاير,748,2402539,58982857115,23993,23274,24712,719,3,24550,557,2.32,23274,24712,1400-9-6,2021-11-27
215,وپاسار,بانك  پاسارگاد,743,20753321,272486637160,13230,13230,12610,-620,-4.69,13130,-100,-0.76,12610,13240,1400-9-6,2021-11-27
216,سبزوا,سيمان لار سبزوار,741,8350967,17850477526,2219,2183,2112,-107,-4.82,2138,-81,-3.65,2110,2257,1400-9-6,2021-11-27
217,گكوثر,هتل پارسيان كوثر اصفهان,741,17508976,34112385770,1951,1997,1920,-31,-1.59,1948,-3,-0.15,1900,2010,1400-9-6,2021-11-27
218,قاسم,قاسم ايران,740,9631548,31600203807,3425,3390,3255,-170,-4.96,3281,-144,-4.2,3254,3500,1400-9-6,2021-11-27
219,خشرق,الكتريك‌ خودرو شرق‌,738,2974867,42047431960,14170,14000,13980,-190,-1.34,14130,-40,-0.28,13750,14500,1400-9-6,2021-11-27
220,فروس,فروسيليس‌ ايران‌,732,5269605,36967102070,7350,6990,6990,-360,-4.9,7020,-330,-4.49,6990,7160,1400-9-6,2021-11-27
221,ثنوسا,نوسازي‌وساختمان‌تهران‌,727,7629846,39999129530,5350,5490,5230,-120,-2.24,5240,-110,-2.06,5110,5490,1400-9-6,2021-11-27
222,زكوثر,سرمايه گذاري كشاورزي كوثر,717,1176131,19332774690,16490,17000,16200,-290,-1.76,16440,-50,-0.3,16110,17000,1400-9-6,2021-11-27
223,وگستر,گسترش سرمايه گذاري ايرانيان,715,6295538,38085074420,6356,6270,6039,-317,-4.99,6050,-306,-4.81,6039,6270,1400-9-6,2021-11-27
224,اتكام,بيمه اتكايي امين,713,15951174,71386986857,4445,4420,4480,35,0.79,4475,30,0.67,4295,4516,1400-9-6,2021-11-27
225,غالبر,لبنيات‌ كالبر,705,2222892,30094115810,13640,13700,13390,-250,-1.83,13540,-100,-0.73,13180,13950,1400-9-6,2021-11-27
226,خراسان,پتروشيمي خراسان,695,338780,38439144550,112890,114000,112950,60,0.05,113160,270,0.24,109000,117000,1400-9-6,2021-11-27
227,بنو,بيمه تجارت نو,694,4366981,33012706098,7878,7865,7485,-393,-4.99,7560,-318,-4.04,7485,7865,1400-9-6,2021-11-27
228,تكنار,مجتمع معادن مس تكنار,691,1061703,65993448432,62602,64480,61198,-1404,-2.24,62158,-444,-0.71,60724,64480,1400-9-6,2021-11-27
229,تپمپي,پمپ‌ سازي‌ ايران‌,690,3617930,69091041430,19540,19200,18650,-890,-4.55,19100,-440,-2.25,18650,19780,1400-9-6,2021-11-27
230,خلنت,لنت‌ ترمزايران‌,690,386773,29005278870,72350,74980,75960,3610,4.99,74990,2640,3.65,72360,75960,1400-9-6,2021-11-27
231,حريل,ريل پردازسير,684,9815512,27447404956,2892,2910,2785,-107,-3.7,2796,-96,-3.32,2765,2910,1400-9-6,2021-11-27
232,حآفرين,ريل پرداز نو آفرين,676,6745984,37509875842,5802,5750,5512,-290,-5,5560,-242,-4.17,5512,5794,1400-9-6,2021-11-27
233,كپرور,فرآوري زغال سنگ پروده طبس,674,2069185,65279703373,30189,31490,31690,1501,4.97,31549,1360,4.5,30400,31698,1400-9-6,2021-11-27
234,خمهر,مهركام‌پارس‌,669,13306999,25059584833,1907,1900,1841,-66,-3.46,1883,-24,-1.26,1828,1955,1400-9-6,2021-11-27
235,افرا,افرانت,669,2353846,39186134361,15887,16680,16469,582,3.66,16648,761,4.79,16260,16681,1400-9-6,2021-11-27
236,غويتا,ويتانا,666,5115803,35987432763,7155,6860,7010,-145,-2.03,7035,-120,-1.68,6860,7288,1400-9-6,2021-11-27
237,كگل,معدني و صنعتي گل گهر,665,1468927,34092265660,23790,23170,23000,-790,-3.32,23620,-170,-0.71,22900,23600,1400-9-6,2021-11-27
238,ارزش,صندوق س ارزش آفرين بيدار-سهام,656,3346646,32458933370,9920,9900,9610,-310,-3.13,9700,-220,-2.22,9590,9900,1400-9-6,2021-11-27
239,فسپا,گروه‌صنعتي‌سپاهان‌,655,3234678,51449469070,16460,16210,16050,-410,-2.49,15910,-550,-3.34,15640,16450,1400-9-6,2021-11-27
240,آسيا,بيمه آسيا,653,15274736,26785339410,1773,1755,1711,-62,-3.5,1754,-19,-1.07,1707,1785,1400-9-6,2021-11-27
241,پاكشو,گروه صنعتي پاكشو,652,16637187,100417543520,6080,6090,6040,-40,-0.66,6040,-40,-0.66,5980,6090,1400-9-6,2021-11-27
242,چكارن,كارتن‌ ايران‌,651,17126193,44728596530,2746,2704,2609,-137,-4.99,2612,-134,-4.88,2609,2704,1400-9-6,2021-11-27
243,تليسه,دامداري تليسه نمونه,647,7203338,16890649609,2451,2371,2329,-122,-4.98,2345,-106,-4.32,2329,2439,1400-9-6,2021-11-27
244,اتكاي,بيمه اتكايي ايرانيان,645,9663739,105915599397,11530,11530,11090,-440,-3.82,10960,-570,-4.94,10954,11530,1400-9-6,2021-11-27
245,هماي,صندوق س هماي آگاه-ثابت,639,5249796,52694437163,10024,10028,10040,16,0.16,10037,13,0.13,10028,10040,1400-9-6,2021-11-27
246,قنيشا,قند  نيشابور,632,818003,34425584560,41850,42950,40820,-1030,-2.46,42080,230,0.55,40450,42950,1400-9-6,2021-11-27
247,تاپكيش,تجارت الكترونيك پارسيان كيش,631,1955427,33560232585,17796,17400,16907,-889,-5,17163,-633,-3.56,16907,17950,1400-9-6,2021-11-27
248,فلامي,لاميران‌,626,1290150,29000534890,23090,23090,21960,-1130,-4.89,22480,-610,-2.64,21940,24120,1400-9-6,2021-11-27
249,بالاس,مهندسي ساختمان تاسيسات راه آهن,625,897221,29804892595,32983,31700,33350,367,1.11,33219,236,0.72,31700,34000,1400-9-6,2021-11-27
250,فولاي,صنايع فولاد آلياژي يزد,624,2251161,36301697527,16795,16530,15956,-839,-5,16126,-669,-3.98,15956,17179,1400-9-6,2021-11-27
251,پارسان,گسترش نفت و گاز پارسيان,624,2179211,65920120600,31170,30800,30400,-770,-2.47,30650,-520,-1.67,29870,30800,1400-9-6,2021-11-27
252,شنفت,نفت‌ پارس‌,621,12492000,111510322400,8810,8620,8950,140,1.59,8930,120,1.36,8620,9080,1400-9-6,2021-11-27
253,پتاير,ايران‌ تاير,618,10976387,23488938890,2239,2200,2128,-111,-4.96,2140,-99,-4.42,2128,2200,1400-9-6,2021-11-27
254,پكويرح,ح. كوير تاير,612,3282651,13039290851,4200,4100,3910,-290,-6.9,3972,-228,-5.43,3890,4240,1400-9-6,2021-11-27
255,فباهنر,مس‌ شهيدباهنر,611,724851,17451507760,24720,24220,23700,-1020,-4.13,24280,-440,-1.78,23690,24500,1400-9-6,2021-11-27
256,ارفع,شركت آهن و فولاد ارفع,605,2188524,32372603381,15421,15250,14740,-681,-4.42,15134,-287,-1.86,14690,15250,1400-9-6,2021-11-27
257,آكورد,صندوق س. آرمان آتي كوثر-د,603,18885830,668993347984,35370,35423,35422,52,0.15,35423,53,0.15,35422,35429,1400-9-6,2021-11-27
258,ودي,بيمه  دي,602,5987272,28245832968,4907,4780,4662,-245,-4.99,4718,-189,-3.85,4662,4890,1400-9-6,2021-11-27
259,وشهر,بانك شهر,599,7704396,34883269161,4532,4532,4538,6,0.13,4528,-4,-0.09,4461,4560,1400-9-6,2021-11-27
260,ياقوت,صندوق س ياقوت آگاه-ثابت,596,4000474,54704877814,13661,13681,13685,24,0.18,13675,14,0.1,13660,13686,1400-9-6,2021-11-27
261,بكاب,صنايع‌جوشكاب‌يزد,595,257357,22644198040,92510,88140,87890,-4620,-4.99,87990,-4520,-4.89,87890,91900,1400-9-6,2021-11-27
262,خبنيان,بنيان ديزل,594,42255,8023801950,184360,189890,189890,5530,3,188668,4308,2.34,189890,189890,1400-9-6,2021-11-27
263,خوساز,محورسازان‌ايران‌خودرو,592,6181817,47817867980,8090,8150,7690,-400,-4.94,7740,-350,-4.33,7690,8160,1400-9-6,2021-11-27
264,وساغربي,شركت س استان آذربايجان غربي,588,40461804,17981032774,466,444,443,-23,-4.94,452,-14,-3,443,449,1400-9-6,2021-11-27
265,چفيبر,فيبر ايران‌,587,4005910,25540435550,6210,6060,6520,310,4.99,6380,170,2.74,6060,6520,1400-9-6,2021-11-27
266,غشهداب,كشت و صنعت شهداب ناب خراسان,585,8070819,21220071256,2748,2769,2652,-96,-3.49,2629,-119,-4.33,2611,2770,1400-9-6,2021-11-27
267,خبازرس,بازرسي مهندسي و صنعتي ايران,585,699906,16291246544,23335,22759,23640,305,1.31,23276,-59,-0.25,22635,24029,1400-9-6,2021-11-27
268,سصفها,سيمان‌اصفهان‌,582,522629,16129952100,31020,31400,30500,-520,-1.68,30860,-160,-0.52,29900,32500,1400-9-6,2021-11-27
269,تسه0005,امتيازتسهيلات مسكن مرداد 1400,580,8128,6607998867,775588,814366,814367,38779,5,812992,37404,4.82,802000,814367,1400-9-6,2021-11-27
270,قشكر,شكرشاهرود,579,9036673,24001332998,2765,2760,2627,-138,-4.99,2656,-109,-3.94,2627,2790,1400-9-6,2021-11-27
271,لسرما,سرما آفرين‌,576,1848302,39822652230,20640,20840,21670,1030,4.99,21550,910,4.41,19700,21670,1400-9-6,2021-11-27
272,كبافق,معادن‌ بافق‌,575,913009,29148492250,33550,32380,31880,-1670,-4.98,31930,-1620,-4.83,31880,32500,1400-9-6,2021-11-27
273,ونيكي,سرمايه‌گذاري‌ ملي‌ايران‌,571,2085631,20519322570,10120,9970,9750,-370,-3.66,10040,-80,-0.79,9650,10050,1400-9-6,2021-11-27
274,كلر,كلر پارس,569,708284,81271594234,120660,118698,114627,-6033,-5,114744,-5916,-4.9,114627,118699,1400-9-6,2021-11-27
275,زقيام,كشت و دام قيام اصفهان,569,9645797,13798665208,1458,1445,1400,-58,-3.98,1432,-26,-1.78,1390,1489,1400-9-6,2021-11-27
276,كفپارس,فرآورده‌هاي‌ نسوز پارس‌,562,7752825,25129781016,3400,3370,3230,-170,-5,3241,-159,-4.68,3230,3479,1400-9-6,2021-11-27
277,لبوتان,گروه‌صنعتي‌بوتان‌,562,1186399,56228932110,45190,45510,47440,2250,4.98,47390,2200,4.87,45510,47440,1400-9-6,2021-11-27
278,ورنا,سرمايه‌گذاري‌ رنا(هلدينگ‌,561,6005628,20493075127,3487,3480,3370,-117,-3.36,3412,-75,-2.15,3341,3560,1400-9-6,2021-11-27
279,افق,فروشگاههاي زنجيره اي افق كوروش,561,643812,28356852810,45200,44500,43380,-1820,-4.03,44580,-620,-1.37,43010,45300,1400-9-6,2021-11-27
280,ستران,سيمان‌ تهران‌,559,2704646,54357944250,21130,20220,20080,-1050,-4.97,20100,-1030,-4.87,20080,21220,1400-9-6,2021-11-27
281,سكه0012پ01,تمام سكه طرح جديد0012رفاه,558,156900,198811849000,1264804,1271999,1264500,-304,-0.02,1267125,2321,0.18,1261000,1271999,1400-9-6,2021-11-27
282,كرماشا,صنايع پتروشيمي كرمانشاه,551,1120346,60839626710,55360,55360,53900,-1460,-2.64,54520,-840,-1.52,53610,55360,1400-9-6,2021-11-27
283,زماهان,مجتمع توليد گوشت مرغ ماهان,549,2462771,18114331718,7388,7223,7301,-87,-1.18,7355,-33,-0.45,7100,7650,1400-9-6,2021-11-27
284,تبرك,گروه كارخانجات صنعتي تبرك,544,2449954,20740419873,8493,8111,8300,-193,-2.27,8466,-27,-0.32,8111,8590,1400-9-6,2021-11-27
285,دبالك,مواد اوليه دارويي البرز بالك,544,2733206,22100793340,8446,8384,8024,-422,-5,8086,-360,-4.26,8024,8430,1400-9-6,2021-11-27
286,توريل,توكاريل,542,2705595,27496613423,10667,10370,10134,-533,-5,10163,-504,-4.72,10134,10810,1400-9-6,2021-11-27
287,دزهراوي,داروسازي‌زهراوي‌,541,3889075,18840028540,5070,4960,4820,-250,-4.93,4840,-230,-4.54,4820,5070,1400-9-6,2021-11-27
288,بكهنوج,توليد برق ماهتاب كهنوج,539,13895412,16255144743,1191,1168,1160,-31,-2.6,1170,-21,-1.76,1140,1196,1400-9-6,2021-11-27
289,چكاوه,صنايع‌كاغذسازي‌كاوه‌,536,5894778,51449425080,9160,9200,8710,-450,-4.91,8730,-430,-4.69,8710,9200,1400-9-6,2021-11-27
290,البرز,بيمه البرز,536,12335197,25168215638,2125,2091,2019,-106,-4.99,2040,-85,-4,2019,2120,1400-9-6,2021-11-27
291,تسه0004,امتيازتسهيلات مسكن تير1400,535,8985,7429295977,796252,836064,836064,39812,5,826855,30603,3.84,765000,836064,1400-9-6,2021-11-27
292,قنقش,قند نقش جهان,534,343872,43130815540,125300,127806,125880,580,0.46,125427,127,0.1,122794,127806,1400-9-6,2021-11-27
293,وبهمن,سرمايه‌گذاري‌بهمن‌,532,3263156,55694825400,17640,17750,16760,-880,-4.99,17070,-570,-3.23,16760,17750,1400-9-6,2021-11-27
294,فرآور,فرآوري‌موادمعدني‌ايران‌,531,1131033,32846143720,30220,30000,28710,-1510,-5,29040,-1180,-3.9,28710,30000,1400-9-6,2021-11-27
295,كفرآور,فرآورده هاي سيمان شرق,531,2334646,48597472884,20231,20737,20837,606,3,20816,585,2.89,20585,20837,1400-9-6,2021-11-27
296,فمراد,آلومراد,523,1282190,19008358070,15560,15000,14790,-770,-4.95,14820,-740,-4.76,14790,15250,1400-9-6,2021-11-27
297,وثوق,سرمايه گذاري وثوق امين,522,1848693,16788131730,9351,9200,9071,-280,-2.99,9081,-270,-2.89,9071,9200,1400-9-6,2021-11-27
298,ميهن,بيمه ميهن,519,8262494,21632547694,2623,2669,2556,-67,-2.55,2618,-5,-0.19,2492,2698,1400-9-6,2021-11-27
299,غشصفا,شيرپاستوريزه‌پگاه‌اصفهان‌,515,1291001,42470620240,33060,34050,32990,-70,-0.21,32900,-160,-0.48,31730,34050,1400-9-6,2021-11-27
300,سغرب,سيمان‌غرب‌,497,1057891,15614296560,14640,15270,15000,360,2.46,14760,120,0.82,14060,15270,1400-9-6,2021-11-27
301,دتوزيع,توزيع دارو پخش,497,1006473,27859267329,27812,28390,27599,-213,-0.77,27680,-132,-0.47,27310,28390,1400-9-6,2021-11-27
302,غچين,كشت‌ و صنعت‌ چين‌ چين,496,2055913,28058506110,14280,14490,13570,-710,-4.97,13650,-630,-4.41,13570,14490,1400-9-6,2021-11-27
303,شلعاب,لعابيران‌,494,4467362,24824924570,5780,5740,5760,-20,-0.35,5560,-220,-3.81,5500,5910,1400-9-6,2021-11-27
304,آ س پ,آ.س.پ,493,1911887,12266671163,6692,6402,6358,-334,-4.99,6457,-235,-3.51,6358,6699,1400-9-6,2021-11-27
305,كوثر,بيمه كوثر,493,3911451,16312005081,4214,4100,4230,16,0.38,4189,-25,-0.59,4026,4320,1400-9-6,2021-11-27
306,تسه9908,امتياز تسهيلات مسكن آبان99,492,11227,9268514085,800799,803333,840838,40039,5,825556,24757,3.09,800000,840838,1400-9-6,2021-11-27
307,تسه0003,امتيازتسهيلات مسكن خرداد1400,491,8229,6772735750,795575,763000,835353,39778,5,823033,27458,3.45,763000,835353,1400-9-6,2021-11-27
308,خكرمان,گروه اقتصادي كرمان خودرو,490,5664872,16515318437,2945,2975,2920,-25,-0.85,2915,-30,-1.02,2858,2981,1400-9-6,2021-11-27
309,خكاوه,سايپا ديزل,482,7693266,28452024287,3794,3711,3681,-113,-2.98,3698,-96,-2.53,3681,3800,1400-9-6,2021-11-27
310,غديس,پاكديس,480,3156594,34057692330,11320,11010,10754,-566,-5,10789,-531,-4.69,10754,11101,1400-9-6,2021-11-27
311,لخزر,پارس‌ خزر,478,208053,29840036510,137960,137000,144850,6890,4.99,143430,5470,3.96,137000,144850,1400-9-6,2021-11-27
312,وسگيلا,شركت س استان گيلان,474,50022836,22611092921,475,452,452,-23,-4.84,456,-19,-4,452,456,1400-9-6,2021-11-27
313,وصنا,گروه‌صنايع‌بهشهرايران‌,471,2811520,16437846430,6020,6090,5800,-220,-3.65,5850,-170,-2.82,5750,6090,1400-9-6,2021-11-27
314,وتوكا,سرمايه‌گذاري‌توكافولاد(هلدينگ,470,7639384,63041742740,8680,8420,8250,-430,-4.95,8250,-430,-4.95,8250,8530,1400-9-6,2021-11-27
315,حشكوه,دليجان طلايي شكوه پارس,470,12403034,47414216462,3730,3751,3770,40,1.07,3823,93,2.49,3720,3841,1400-9-6,2021-11-27
316,غگرجي,بيسكويت‌  گرجي‌,469,6827171,14489582878,2223,2229,2114,-109,-4.9,2122,-101,-4.54,2112,2229,1400-9-6,2021-11-27
317,وساخت,سرمايه‌ گذاري‌ ساختمان‌ايران‌,468,1453962,60814334970,42380,43000,42000,-380,-0.9,41830,-550,-1.3,40870,43000,1400-9-6,2021-11-27
318,رنيك,جنرال مكانيك,465,1899384,22830168507,12563,12240,11935,-628,-5,12020,-543,-4.32,11935,12430,1400-9-6,2021-11-27
319,تسه0002,امتيازتسهيلاتمسكن ارديبهشت1400,465,10120,8374756013,797411,837281,837281,39870,5,827545,30134,3.78,791000,837281,1400-9-6,2021-11-27
320,خموتور,موتورسازان‌تراكتورسازي‌ايران‌,464,3178867,18956183830,6180,6290,5880,-300,-4.85,5960,-220,-3.56,5880,6290,1400-9-6,2021-11-27
321,لخانه,لوازم‌ خانگي‌ پارس‌,461,1348708,23988025007,17430,16908,17952,522,2.99,17786,356,2.04,16908,17952,1400-9-6,2021-11-27
322,غپينو,پارس‌ مينو,456,6288527,20607509174,3430,3270,3259,-171,-4.99,3277,-153,-4.46,3259,3420,1400-9-6,2021-11-27
323,كيميا,معدني كيمياي زنجان گستران,456,2557182,33801419610,13875,13831,13182,-693,-4.99,13218,-657,-4.74,13182,13831,1400-9-6,2021-11-27
324,وثخوز,سرمايه گذاري و توسعه خوزستان,454,573035,19022326482,32952,34469,32693,-259,-0.79,33196,244,0.74,32000,34469,1400-9-6,2021-11-27
325,همراه,شركت ارتباطات سيار ايران,453,1757853,14705016200,8550,8600,8330,-220,-2.57,8530,-20,-0.23,8300,8600,1400-9-6,2021-11-27
326,خموتورح,ح . موتورسازان‌تراكتورسازي‌,452,4025517,16078950222,4295,4050,3921,-374,-8.71,3994,-301,-7.01,3881,4220,1400-9-6,2021-11-27
327,ريشمك,توليد و صادرات ريشمك,451,1190835,37741559229,33304,33970,31639,-1665,-5,31693,-1611,-4.84,31639,33970,1400-9-6,2021-11-27
328,وكار,بانك‌ كارآفرين‌,450,8017921,24953454828,3099,3132,3056,-43,-1.39,3106,7,0.23,3044,3145,1400-9-6,2021-11-27
329,فاذر,صنايع‌ آذرآب‌,449,22511782,20713240340,956,936,909,-47,-4.92,920,-36,-3.77,909,936,1400-9-6,2021-11-27
330,زدشت,كشت و صنعت دشت خرم دره,445,1150605,16045210252,14114,13866,13990,-124,-0.88,13945,-169,-1.2,13550,14323,1400-9-6,2021-11-27
331,سصوفي,سيمان‌ صوفيان‌,445,1767936,25531394470,15000,14630,14250,-750,-5,14440,-560,-3.73,14250,15340,1400-9-6,2021-11-27
332,غشوكو,شوكو پارس,442,2623805,20975649499,8106,7864,7900,-206,-2.54,7994,-112,-1.38,7863,8347,1400-9-6,2021-11-27
333,غصينو,صنعتي مينو,442,1342155,29610809526,23073,22300,21920,-1153,-5,22734,-339,-1.47,21920,22825,1400-9-6,2021-11-27
334,غبهنوش,بهنوش‌ ايران‌,440,567808,34458490000,63750,63000,60570,-3180,-4.99,60690,-3060,-4.8,60570,63000,1400-9-6,2021-11-27
335,غفارس,شير پاستوريزه پگاه فارس,439,2588608,16073196521,6521,6411,6195,-326,-5,6209,-312,-4.78,6195,6412,1400-9-6,2021-11-27
336,شلرد,كود شيميايي اوره لردگان,439,4767676,60282495344,13035,12644,12644,-391,-3,12644,-391,-3,12644,12644,1400-9-6,2021-11-27
337,خودكفا,اقتصادي و خودكفايي آزادگان,438,2278428,21476918806,9714,9425,9423,-291,-3,9495,-219,-2.25,9423,9550,1400-9-6,2021-11-27
338,فاما,صنعتي‌ آما,438,1774155,36153153750,21090,20260,20070,-1020,-4.84,20380,-710,-3.37,20040,20960,1400-9-6,2021-11-27
339,شكربن,كربن‌ ايران‌,437,218573,21922937280,104960,106000,99730,-5230,-4.98,100300,-4660,-4.44,99720,106000,1400-9-6,2021-11-27
340,ثاباد,توريستي ورفاهي آبادگران ايران,434,797145,38924262310,49780,49800,47880,-1900,-3.82,48830,-950,-1.91,47310,51990,1400-9-6,2021-11-27
341,وسينا,بانك سينا,432,12491649,29397004142,2406,2464,2379,-27,-1.12,2353,-53,-2.2,2310,2464,1400-9-6,2021-11-27
342,عيار,صندوق سكه طلاي مفيد,432,1822092,58529832794,32092,32111,32000,-92,-0.29,32122,30,0.09,31954,32500,1400-9-6,2021-11-27
343,سدور,سيمان‌ دورود,431,2890003,18084977580,6430,6210,6260,-170,-2.64,6260,-170,-2.64,6200,6490,1400-9-6,2021-11-27
344,فجام,جام‌دارو,431,2662986,11932550985,4410,4624,4510,100,2.27,4466,56,1.27,4414,4624,1400-9-6,2021-11-27
345,مرقام,ايران‌ارقام‌,426,1769034,19069006360,11260,10900,10700,-560,-4.97,10780,-480,-4.26,10700,11400,1400-9-6,2021-11-27
346,فسازان,غلتك سازان سپاهان,426,816470,17169841480,22060,21570,20960,-1100,-4.99,21030,-1030,-4.67,20960,21570,1400-9-6,2021-11-27
347,سبهان,سيمان‌ بهبهان‌,425,339332,15996979230,48000,48590,47900,-100,-0.21,47140,-860,-1.79,46250,48590,1400-9-6,2021-11-27
348,دلقما,دارويي‌ لقمان‌,425,1002891,21351042260,22190,22150,21090,-1100,-4.96,21290,-900,-4.06,21090,22600,1400-9-6,2021-11-27
349,ميدكو,توسعه معادن وص.معدني خاورميانه,420,5514755,254406436040,46210,46190,46050,-160,-0.35,46130,-80,-0.17,46020,46200,1400-9-6,2021-11-27
350,واحيا,م .صنايع و معادن احياء سپاهان,420,405802,57057130198,142715,142710,138434,-4281,-3,140603,-2112,-1.48,138434,143999,1400-9-6,2021-11-27
351,آوا,صندوق س.سهام آواي معيار-س,420,1513683,12122360916,8259,8080,7995,-264,-3.2,8009,-250,-3.03,7930,8279,1400-9-6,2021-11-27
352,پدرخش,درخشان‌ تهران‌,418,1052988,20793743500,20470,20140,19450,-1020,-4.98,19750,-720,-3.52,19450,20590,1400-9-6,2021-11-27
353,مدير,ص.س.مديريت ثروت ص.بازنشستگي-س,418,1722903,16734776221,9933,9821,9645,-288,-2.9,9713,-220,-2.21,9585,9900,1400-9-6,2021-11-27
354,ختراك,ريخته‌گري‌ تراكتورسازي‌ ايران‌,414,2525812,16610254890,6660,6510,6500,-160,-2.4,6580,-80,-1.2,6350,6760,1400-9-6,2021-11-27
355,شبهرن,نفت‌ بهران‌,412,2027750,22898365120,11590,11590,11400,-190,-1.64,11460,-130,-1.12,11090,11500,1400-9-6,2021-11-27
356,فاهواز,نورد و لوله اهواز,412,4958011,29512422675,5886,5900,5908,22,0.37,5952,66,1.12,5807,5999,1400-9-6,2021-11-27
357,خديزل,بهمن  ديزل,410,624170,36051828796,58138,57111,56800,-1338,-2.3,57760,-378,-0.65,55459,59450,1400-9-6,2021-11-27
358,وبيمه,سرمايه‌ گذاري‌ صنعت‌ بيمه‌,408,8392303,12689102864,1583,1531,1504,-79,-4.99,1520,-63,-3.98,1504,1559,1400-9-6,2021-11-27
359,بايكا,كارخانجات كابلسازي ‌ايران‌,407,598421,12454554762,20512,21127,20580,68,0.33,20812,300,1.46,20251,21127,1400-9-6,2021-11-27
360,وملل,اعتباري ملل,405,3132271,29672358408,9876,9950,9383,-493,-4.99,9561,-315,-3.19,9383,9999,1400-9-6,2021-11-27
361,رمپنا,گروه مپنا (سهامي عام),405,2439779,37043696620,15580,15140,15300,-280,-1.8,15450,-130,-0.83,15010,15570,1400-9-6,2021-11-27
362,كيان2,صندوق س. با درآمد ثابت كيان,403,40300000,40300000,31730,1,1,-31729,-100,1,-31729,-100,1,1,1400-9-6,2021-11-27
363,گدنا,تهيه توزيع غذاي دنا آفرين فدك,402,2290973,36544424936,16760,16000,15922,-838,-5,15951,-809,-4.83,15922,16240,1400-9-6,2021-11-27
364,وسپه,سرمايه‌گذاري‌ سپه‌,402,2240405,17112531680,7950,7800,7590,-360,-4.53,7800,-150,-1.89,7570,7830,1400-9-6,2021-11-27
365,آريان,سرمايه گذاري پارس آريان,400,7249598,118989293332,16894,16998,16388,-506,-3,16413,-481,-2.85,16388,16998,1400-9-6,2021-11-27
366,فنوال,نورد آلومينيوم‌,398,608560,13275328620,22630,22810,21520,-1110,-4.9,21880,-750,-3.31,21500,22980,1400-9-6,2021-11-27
367,فايرا,آلومينيوم‌ايران‌,394,1067603,17378637250,16810,16500,16280,-530,-3.15,16660,-150,-0.89,16150,16750,1400-9-6,2021-11-27
368,سخاش,سيمان‌خاش‌,393,155762,13853755030,91700,90010,89300,-2400,-2.62,89070,-2630,-2.87,87310,91500,1400-9-6,2021-11-27
369,دفرا,فرآورده‌هاي‌ تزريقي‌ ايران‌,392,753849,21977417860,30600,30700,29070,-1530,-5,29150,-1450,-4.74,29070,30700,1400-9-6,2021-11-27
370,وآوا,سرمايه گذاري آوا نوين,392,2794094,8156998270,3004,3044,2886,-118,-3.93,2957,-47,-1.56,2875,3044,1400-9-6,2021-11-27
371,شخارك,پتروشيمي‌ خارك‌,389,521757,26654646780,52850,52500,50850,-2000,-3.78,52360,-490,-0.93,50520,53500,1400-9-6,2021-11-27
372,كمنگنز,معادن‌منگنزايران‌,387,455564,31193914810,71220,70310,67660,-3560,-5,68470,-2750,-3.86,67660,71380,1400-9-6,2021-11-27
373,اوان,مبين وان كيش,386,1747234,40165913247,23388,22230,22219,-1169,-5,22988,-400,-1.71,22219,24555,1400-9-6,2021-11-27
374,نوين,بيمه نوين,384,3340918,12909748957,3991,3991,3840,-151,-3.78,3878,-113,-2.83,3792,4055,1400-9-6,2021-11-27
375,تكمبا,كمباين‌ سازي‌ ايران‌,384,2411766,9784451880,4241,4282,4029,-212,-5,4116,-125,-2.95,4029,4282,1400-9-6,2021-11-27
376,وهنر,گروه توسعه هنر ايران,382,3570825,10984197476,3168,3084,3073,-95,-3,3076,-92,-2.9,3073,3198,1400-9-6,2021-11-27
377,دكپسول,توليد ژلاتين كپسول ايران,378,405795,12361741425,31592,31600,30125,-1467,-4.64,30627,-965,-3.05,30013,31600,1400-9-6,2021-11-27
378,وسكاب,س.ص.بازنشستگي كاركنان بانكها,377,6701714,21160646972,3257,3190,3132,-125,-3.84,3157,-100,-3.07,3100,3260,1400-9-6,2021-11-27
379,دلر,داروسازي‌ اكسير,376,509974,22193603270,44080,43670,42520,-1560,-3.54,43520,-560,-1.27,42040,44240,1400-9-6,2021-11-27
380,تسه0001,امتيازتسهيلات مسكن فروردين1400,374,6347,5256218173,800846,806111,840888,40042,5,828142,27296,3.41,790000,840888,1400-9-6,2021-11-27
381,كماسه,تامين‌ ماسه‌ ريخته‌گري‌,374,5068898,23909328153,4950,4870,4703,-247,-4.99,4717,-233,-4.71,4703,4870,1400-9-6,2021-11-27
382,خريخت,صنايع‌ريخته‌گري‌ايران‌,370,4265017,14880207415,3590,3528,3425,-165,-4.6,3489,-101,-2.81,3425,3640,1400-9-6,2021-11-27
383,ثالوند,سرمايه گذاري مسكن الوند,370,1690927,14261042999,8724,8990,8288,-436,-5,8439,-285,-3.27,8288,8990,1400-9-6,2021-11-27
384,بالبر,كابل‌ البرز,369,706996,15290193800,22730,21700,21600,-1130,-4.97,21630,-1100,-4.84,21600,22300,1400-9-6,2021-11-27
385,وتوس,توسعه‌شهري‌توس‌گستر,368,1188170,12103897350,10620,10510,10110,-510,-4.8,10260,-360,-3.39,10090,10790,1400-9-6,2021-11-27
386,پرديس,سرمايه گذاري پرديس,366,3653073,12105496342,3410,3351,3290,-120,-3.52,3330,-80,-2.35,3280,3400,1400-9-6,2021-11-27
387,كنور,توسعه معدني و صنعتي صبانور,366,1023514,18811538230,18400,18030,18100,-300,-1.63,18400,0,0,17750,18850,1400-9-6,2021-11-27
388,پكرمان,گروه‌ صنعتي‌ بارز,366,2897318,61964732210,22390,21500,21280,-1110,-4.96,21390,-1000,-4.47,21280,22670,1400-9-6,2021-11-27
389,قچار,فراوردههاي غذايي وقند چهارمحال,364,2354102,23526433638,9955,9955,9611,-344,-3.46,9994,39,0.39,9500,10200,1400-9-6,2021-11-27
390,شرنگي,شيميايي رنگين,364,106898,16173499518,147738,152170,152170,4432,3,151298,3560,2.41,143510,152170,1400-9-6,2021-11-27
391,كلوند,كاشي‌ الوند,362,878804,19744917270,22630,22400,22480,-150,-0.66,22470,-160,-0.71,22320,22850,1400-9-6,2021-11-27
392,تسه9912,امتياز تسهيلات مسكن اسفند99,362,7382,6101097333,798357,801551,838274,39917,5,826483,28126,3.52,780005,838274,1400-9-6,2021-11-27
393,بموتو,موتوژن‌,361,411046,32515527320,81130,79300,78750,-2380,-2.93,79100,-2030,-2.5,78590,80110,1400-9-6,2021-11-27
394,وحكمت,بيمه حكمت صبا,360,3091082,12826072302,4142,4264,4162,20,0.48,4149,7,0.17,4080,4264,1400-9-6,2021-11-27
395,وسين,بيمه سينا,359,9209039,35846927853,3912,3997,3914,2,0.05,3893,-19,-0.49,3872,3997,1400-9-6,2021-11-27
396,لوتوسح,ح . تامين سرمايه لوتوس پارسيان,358,4881800,20867905644,4264,4250,4286,22,0.52,4275,11,0.26,4220,4300,1400-9-6,2021-11-27
397,مفاخر,توسعه فناوري اطلاعات خوارزمي,356,415054,12153940528,30765,30160,29227,-1538,-5,29503,-1262,-4.1,29227,30689,1400-9-6,2021-11-27
398,داوه,داروسازي آوه سينا,352,785943,8424391614,10907,10899,10457,-450,-4.13,10799,-108,-0.99,10420,11197,1400-9-6,2021-11-27
399,كمينا,شيشه سازي مينا,348,1423403,14582828548,10544,10229,10228,-316,-3,10245,-299,-2.84,10228,10440,1400-9-6,2021-11-27
400,تصميم,صندوق س با درآمد ثابت تصميم,347,5782399,104409726398,18047,18075,18061,14,0.08,18056,9,0.05,18022,18075,1400-9-6,2021-11-27
401,ثمسكن,سرمايه‌گذاري‌ مسكن‌,340,3906760,14587867064,3902,3777,3725,-177,-4.54,3734,-168,-4.31,3707,3890,1400-9-6,2021-11-27
402,ثنام,س ساختماني ب نام آوران مهندسي,339,2403835,30591204210,12356,12726,12726,370,2.99,12726,370,2.99,12726,12726,1400-9-6,2021-11-27
403,غشان,شيرپاستوريزه‌پگاه‌خراسان‌,337,2038128,9457924020,4629,4504,4729,100,2.16,4636,7,0.15,4504,4840,1400-9-6,2021-11-27
404,تسه9911,امتياز تسهيلات مسكن بهمن99,328,5466,4517172840,798698,800150,830000,31302,3.92,826413,27715,3.47,800150,838632,1400-9-6,2021-11-27
405,ثباغ,شهر سازي و خانه سازي باغميشه,328,1028826,9059360811,8693,8890,8800,107,1.23,8760,67,0.77,8500,9000,1400-9-6,2021-11-27
406,شكام,صنايع شيميايي كيمياگران امروز,326,1401478,49361804881,36862,35211,35019,-1843,-5,35221,-1641,-4.45,35019,36400,1400-9-6,2021-11-27
407,پكوير,كوير تاير,326,1396797,8637584010,6400,6440,6140,-260,-4.06,6270,-130,-2.03,6120,6460,1400-9-6,2021-11-27
408,وپسا,س. پتروشيمي ساختمان  خليج فارس,325,3248790,5165329860,1631,1630,1583,-48,-2.94,1609,-22,-1.35,1583,1630,1400-9-6,2021-11-27
409,سنير,سيمان‌ سفيد ني‌ريز,325,596880,24705148080,43550,41460,41380,-2170,-4.98,41390,-2160,-4.96,41380,41500,1400-9-6,2021-11-27
410,شراز,پالايش نفت شيراز,323,293082,34445950278,123536,124800,117360,-6176,-5,119253,-4283,-3.47,117360,124800,1400-9-6,2021-11-27
411,كاريس,صندوق س.سپهر كاريزما-س,322,2054751,26599341092,13152,13095,12910,-242,-1.84,12945,-207,-1.57,12851,13095,1400-9-6,2021-11-27
412,سيستم,همكاران سيستم,321,2720797,13002438468,5000,4810,4750,-250,-5,4850,-150,-3,4750,4940,1400-9-6,2021-11-27
413,نطرين,عطرين نخ قم,320,1707283,15109627416,9257,9000,8795,-462,-4.99,8850,-407,-4.4,8795,9200,1400-9-6,2021-11-27
414,شرانل,نفت ايرانول,319,436344,19915973994,47258,45570,46198,-1060,-2.24,46377,-881,-1.86,45300,46600,1400-9-6,2021-11-27
415,لازما,كارخانه هاي صنعتي آزمايش,319,860459,26995610818,31305,32000,30370,-935,-2.99,31373,68,0.22,30366,32198,1400-9-6,2021-11-27
416,وسبحان,سرمايه گذاري سبحان,319,4728360,14096608822,3070,3130,3009,-61,-1.99,2984,-86,-2.8,2920,3130,1400-9-6,2021-11-27
417,سهرمز,سيمان‌هرمزگان‌,317,543254,8412556730,15060,15450,15510,450,2.99,15290,230,1.53,15330,15800,1400-9-6,2021-11-27
418,وبوعلي,سرمايه‌گذاري‌بوعلي‌,317,2049139,7796907267,3961,3900,3821,-140,-3.53,3877,-84,-2.12,3763,3910,1400-9-6,2021-11-27
419,وخاور,بانك خاورميانه,314,3923927,19423584060,5100,5100,4890,-210,-4.12,5040,-60,-1.18,4880,5100,1400-9-6,2021-11-27
420,پارند2,صندوق س. پارند پايدار سپهر,312,31200000,31200000,10103,1,1,-10102,-99.99,1,-10102,-99.99,1,1,1400-9-6,2021-11-27
421,شپارس,بين‌ المللي‌ محصولات‌  پارس‌,312,1861250,14300266590,7910,7700,7660,-250,-3.16,7690,-220,-2.78,7520,8050,1400-9-6,2021-11-27
422,وملت,سرمايه گذاري ملت,312,3210473,8751462409,2768,2713,2791,23,0.83,2726,-42,-1.52,2713,2794,1400-9-6,2021-11-27
423,كطبس,ذغال‌سنگ‌ نگين‌ ط‌بس‌,312,579289,30228958370,50330,51970,51200,870,1.73,52180,1850,3.68,50170,52840,1400-9-6,2021-11-27
424,والبر,سرمايه‌ گذاري‌ البرز(هلدينگ‌,311,1117394,9069649740,8450,8180,8080,-370,-4.38,8340,-110,-1.3,8030,8240,1400-9-6,2021-11-27
425,ساروم,سيمان‌اروميه‌,310,1247886,49233850890,40760,39060,39300,-1460,-3.58,39450,-1310,-3.21,39060,40500,1400-9-6,2021-11-27
426,مبين,مبين انرژي خليج فارس,310,966566,22894527450,23740,24400,23360,-380,-1.6,23730,-10,-0.04,23200,24400,1400-9-6,2021-11-27
427,كسعدي,كاشي‌ سعدي‌,310,1346498,11660337740,9100,8750,8650,-450,-4.95,8740,-360,-3.96,8650,8960,1400-9-6,2021-11-27
428,پسهند,صنايع‌ لاستيكي‌  سهند,307,591079,15649846410,27080,25780,27040,-40,-0.15,26480,-600,-2.22,25730,27050,1400-9-6,2021-11-27
429,شجم,صنايع پتروشيمي تخت جمشيد,305,3413196,45466321491,13895,13352,13201,-694,-4.99,13321,-574,-4.13,13201,13800,1400-9-6,2021-11-27
430,ضجار1020,اختيارخ وتجارت-1600-1400/10/15,305,14429,4684523000,368,300,320,-48,-13.04,325,-43,-11.68,300,357,1400-9-6,2021-11-27
431,فولاژ,فولاد آلياژي ايران,304,1189862,18869388890,16190,15850,15980,-210,-1.3,16110,-80,-0.49,15540,16000,1400-9-6,2021-11-27
432,تيپيكو,سرمايه گذاري دارويي تامين,303,2164386,47061892770,22320,21410,21440,-880,-3.94,22040,-280,-1.25,21410,22000,1400-9-6,2021-11-27
433,گوهر,صندوق سكه طلاي كيان,302,262531,16604879653,62760,64000,63001,241,0.38,63249,489,0.78,63001,64000,1400-9-6,2021-11-27
434,پاسا,ايران‌ياساتايرورابر,302,652285,9212882730,14550,14650,14030,-520,-3.57,14280,-270,-1.86,13850,14650,1400-9-6,2021-11-27
435,كاذر,فرآورده‌هاي‌نسوزآذر,301,2418162,33913149630,14750,14210,14020,-730,-4.95,14020,-730,-4.95,14020,14210,1400-9-6,2021-11-27
436,كساوه,صنايع‌ كاشي‌ و سراميك‌ سينا,301,395932,16505927390,41870,41880,41030,-840,-2.01,41690,-180,-0.43,40570,42380,1400-9-6,2021-11-27
437,ددام,داروسازي زاگرس فارمد پارس,300,737281,7523077690,10180,10000,10180,0,0,10190,10,0.1,10000,10460,1400-9-6,2021-11-27
438,تسه9910,امتياز تسهيلات مسكن دي99,299,5379,4437878633,800114,810000,830010,29896,3.74,825038,24924,3.12,780000,840119,1400-9-6,2021-11-27
439,ساينا,صنايع بهداشتي ساينا,295,100004,8998741028,93061,93061,89600,-3461,-3.72,91152,-1909,-2.05,89500,93061,1400-9-6,2021-11-27
440,ولغدر,ليزينگ‌خودروغدير,295,1003739,11341599450,11820,11560,11230,-590,-4.99,11410,-410,-3.47,11230,11790,1400-9-6,2021-11-27
441,ونفت,سرمايه‌گذاري‌ صنعت‌ نفت‌,295,905408,12789417790,14590,14150,14010,-580,-3.98,14180,-410,-2.81,14000,14550,1400-9-6,2021-11-27
442,حفارس,حمل و نقل بين المللي خليج فارس,295,3046725,10970431117,3710,3701,3525,-185,-4.99,3628,-82,-2.21,3525,3740,1400-9-6,2021-11-27
443,فبيرا,بسته‌ بندي‌ ايران‌,294,5546555,10264132667,1815,1865,1869,54,2.98,1851,36,1.98,1769,1869,1400-9-6,2021-11-27
444,غپآذر,شير پگاه آذربايجان شرقي,292,346885,10479484301,30329,29950,30320,-9,-0.03,30246,-83,-0.27,29014,31000,1400-9-6,2021-11-27
445,ساربيل,سيمان آرتا اردبيل,291,437972,10984852910,26180,25330,24880,-1300,-4.97,25340,-840,-3.21,24880,26500,1400-9-6,2021-11-27
446,پخش,پخش البرز,291,329734,8626863730,27365,27930,25998,-1367,-5,26657,-708,-2.59,25997,27930,1400-9-6,2021-11-27
447,ولتجار,واسپاري تجارت وسرمايه ايرانيان,287,5030529,14997527522,3018,2928,3020,2,0.07,2981,-37,-1.23,2928,3107,1400-9-6,2021-11-27
448,وجامي,سرمايه گذاري جامي,287,1268018,8872022159,7210,6994,6994,-216,-3,7015,-195,-2.7,6994,7110,1400-9-6,2021-11-27
449,زفكا,كشت و دامداري فكا,286,1778115,13164074153,7623,7620,7301,-322,-4.22,7425,-198,-2.6,7260,7620,1400-9-6,2021-11-27
450,كامياب,صندوق س. كامياب آشنا-د,285,2550082,27931832698,10933,10956,10955,22,0.2,10953,20,0.18,10951,10956,1400-9-6,2021-11-27
451,وپترو,سرمايه‌گذاري صنايع پتروشيمي‌,285,1479764,17474995860,12350,12100,11770,-580,-4.7,11810,-540,-4.37,11740,12480,1400-9-6,2021-11-27
452,ثپرديس,سرمايه گذاري مسكن پرديس,284,4057542,17133755506,4422,4329,4201,-221,-5,4223,-199,-4.5,4201,4498,1400-9-6,2021-11-27
453,دروز,داروسازي‌ روزدارو,284,453555,12241350400,28210,27100,26800,-1410,-5,27170,-1040,-3.69,26800,28180,1400-9-6,2021-11-27
454,كحافظ,كاشي‌ وسراميك‌ حافظ‌,281,2091045,7722116174,3719,3718,3682,-37,-0.99,3705,-14,-0.38,3553,3794,1400-9-6,2021-11-27
455,بزاگرس,نيروگاه زاگرس كوثر,281,1749121,6342501106,3804,3712,3614,-190,-4.99,3725,-79,-2.08,3614,3715,1400-9-6,2021-11-27
456,زبينا,كشاورزي و دامپروري بينالود,281,4084348,8602511469,2204,2136,2094,-110,-4.99,2145,-59,-2.68,2094,2203,1400-9-6,2021-11-27
457,ثعمرا,عمران و توسعه شاهد,277,2880486,20638804154,7530,7155,7154,-376,-4.99,7165,-365,-4.85,7154,7400,1400-9-6,2021-11-27
458,ثرود,سرمايه‌گذاري مسكن زاينده رود,275,2681711,18313684923,7174,7080,6816,-358,-4.99,6829,-345,-4.81,6816,7080,1400-9-6,2021-11-27
459,تسه9909,امتياز تسهيلات مسكن آذر99,274,3993,3306897900,804597,780050,844826,40229,5,828174,23577,2.93,780050,844826,1400-9-6,2021-11-27
460,بهپاك,صنعتي بهپاك,272,3642147,19659328485,5676,5540,5393,-283,-4.99,5398,-278,-4.9,5393,5540,1400-9-6,2021-11-27
461,تايرا,تراكتورسازي‌ايران‌,272,678647,15539290710,23770,23540,22970,-800,-3.37,23310,-460,-1.94,22610,23540,1400-9-6,2021-11-27
462,حتوكا,حمل‌ونقل‌توكا,271,902154,11363405010,13150,13110,12500,-650,-4.94,12710,-440,-3.35,12500,13110,1400-9-6,2021-11-27
463,زعف0008پ10,زعفران0008نگين طلاي سرخ(پ),271,93341,25557591014,279371,280000,279999,628,0.22,273809,-5562,-1.99,268999,283000,1400-9-6,2021-11-27
464,تسه9810,امتياز تسهيلات مسكن دي98,271,7861,6509746945,799595,812010,833977,34382,4.3,828107,28512,3.57,800130,839574,1400-9-6,2021-11-27
465,دابور,داروسازي‌ ابوريحان‌,269,690278,16701624010,25140,24880,23890,-1250,-4.97,24200,-940,-3.74,23890,25310,1400-9-6,2021-11-27
466,زنگان,صنعت روي زنگان,269,215670,15248882224,74238,70710,70527,-3711,-5,70705,-3533,-4.76,70527,72000,1400-9-6,2021-11-27
467,سرچشمه,سرمايه گذاري مس سرچشمه,266,1209564,6855893014,5922,5919,5626,-296,-5,5801,-121,-2.04,5626,5919,1400-9-6,2021-11-27
468,دتماد,توليدمواداوليه‌داروپخش‌,264,298597,13360918820,46300,46800,44460,-1840,-3.97,44870,-1430,-3.09,43990,46800,1400-9-6,2021-11-27
469,ولقمان,سرمايه گذاري لقمان,264,1107369,3694916771,3436,3349,3420,-16,-0.47,3398,-38,-1.11,3333,3477,1400-9-6,2021-11-27
470,سفار,سيمان‌فارس‌,263,148920,8094305920,56840,54080,55000,-1840,-3.24,55440,-1400,-2.46,54000,55600,1400-9-6,2021-11-27
471,ولصنم,ليزينگ‌صنعت‌ومعدن‌,263,1798582,7688727249,4462,4302,4258,-204,-4.57,4362,-100,-2.24,4239,4437,1400-9-6,2021-11-27
472,آساميد,صندوق س.مشترك آسمان اميد -د,262,5552674,74984762517,13483,13506,13506,23,0.17,13504,21,0.16,13500,13506,1400-9-6,2021-11-27
473,غشوكوح,ح . شوكو پارس,262,1883762,9260832368,5065,4930,4914,-151,-2.98,4916,-149,-2.94,4914,5140,1400-9-6,2021-11-27
474,ثغرب,شركت سرمايه گذاري مسكن شمالغرب,259,1697512,7048345093,4339,4338,4198,-141,-3.25,4247,-92,-2.12,4123,4338,1400-9-6,2021-11-27
475,كگهر,سنگ آهن گهرزمين,259,368417,16642666149,47048,46000,45199,-1849,-3.93,46777,-271,-0.58,44696,47470,1400-9-6,2021-11-27
476,قصفها,قنداصفهان‌,259,117164,9692216610,85570,85570,82210,-3360,-3.93,83670,-1900,-2.22,82160,85570,1400-9-6,2021-11-27
477,كترام,توليدي‌ كاشي‌ تكسرام‌,257,762390,16178803220,22270,21210,21160,-1110,-4.98,21220,-1050,-4.71,21160,22120,1400-9-6,2021-11-27
478,كاردان,صندوق س تجارت شاخصي كاردان,253,68663,12888776320,191380,191380,187110,-4270,-2.23,187710,-3670,-1.92,185520,191380,1400-9-6,2021-11-27
479,بفجر,فجر انرژي خليج فارس,253,1476688,16613400680,11430,11460,10960,-470,-4.11,11400,-30,-0.26,10860,11670,1400-9-6,2021-11-27
480,قلرست,قند لرستان‌,250,697567,12147411000,17280,16460,17300,20,0.12,17390,110,0.64,16420,18140,1400-9-6,2021-11-27
481,دشيمي,شيمي‌ داروئي‌ داروپخش‌,249,455109,10866678780,24460,24050,23640,-820,-3.35,24030,-430,-1.76,23640,24500,1400-9-6,2021-11-27
482,ومعلم,بيمه معلم,247,2449430,5494633851,2331,2330,2248,-83,-3.56,2298,-33,-1.42,2215,2330,1400-9-6,2021-11-27
483,كگاز,شيشه‌ و گاز,244,685237,11134103510,17070,16750,16220,-850,-4.98,16430,-640,-3.75,16220,17290,1400-9-6,2021-11-27
484,تكشا,گسترش‌صنايع‌وخدمات‌كشاورزي‌,243,255312,9323718440,38410,36610,36490,-1920,-5,37170,-1240,-3.23,36490,37500,1400-9-6,2021-11-27
485,اعتلاح,ح سرمايه گذاري اعتلاء البرز,243,5887004,10727365282,1917,1850,1822,-95,-4.96,1822,-95,-4.96,1822,1850,1400-9-6,2021-11-27
486,لپيام,گسترش صنايع پيام,242,499012,17259294383,35581,34515,34514,-1067,-3,34587,-994,-2.79,34514,36580,1400-9-6,2021-11-27
487,سشرق,سيمان‌ شرق‌,242,3948864,25420122270,6740,6750,6420,-320,-4.75,6440,-300,-4.45,6420,6750,1400-9-6,2021-11-27
488,شپاكسا,پاكسان‌,241,668130,11608071560,17990,17510,17220,-770,-4.28,17500,-490,-2.72,17100,17970,1400-9-6,2021-11-27
489,دسبحان,سبحان دارو,239,338454,5105400910,15740,16100,14960,-780,-4.96,15510,-230,-1.46,14960,16100,1400-9-6,2021-11-27
490,كقزوي,شيشه‌ قزوين‌,238,2817089,22664875803,8165,7940,7990,-175,-2.14,8045,-120,-1.47,7940,8288,1400-9-6,2021-11-27
491,فافق,صنايع مس افق كرمان,237,4402389,15934611746,3725,3796,3614,-111,-2.98,3620,-105,-2.82,3614,3796,1400-9-6,2021-11-27
492,جم,پتروشيمي جم,236,369060,17709170690,48520,48000,47550,-970,-2,48420,-100,-0.21,46500,48500,1400-9-6,2021-11-27
493,اميد,تامين سرمايه اميد,235,2443779,18056590550,7370,7380,7370,0,0,7380,10,0.14,7370,7460,1400-9-6,2021-11-27
494,پلاسك,پلاسكوكار,234,1949348,8710080053,4673,4531,4440,-233,-4.99,4549,-124,-2.65,4440,4740,1400-9-6,2021-11-27
495,دعبيد,لابراتوارداروسازي‌  دكترعبيدي‌,234,533587,10593926250,20340,19970,19650,-690,-3.39,20200,-140,-0.69,19490,20320,1400-9-6,2021-11-27
496,هكشو208,اختيارف ت پاكشو10000-02/08/29,229,11114343,5012568693,459,451,451,-8,-1.74,451,-8,-1.74,451,451,1400-9-6,2021-11-27
497,غگلستا,شير پاستوريزه پگاه گلستان,229,656763,7165351763,11199,10980,10685,-514,-4.59,11057,-142,-1.27,10640,11388,1400-9-6,2021-11-27
498,فكمند,گسترش قطعه سازي كمند,229,393927,14330811975,37445,36323,36322,-1123,-3,36379,-1066,-2.85,36322,38290,1400-9-6,2021-11-27
499,گوهران,سرمايه گذاري توسعه گوهران اميد,228,1265555,6278297862,5090,5030,4950,-140,-2.75,5035,-55,-1.08,4836,5100,1400-9-6,2021-11-27
500,فافزا,فولاد افزا سپاهان,227,288370,10792607984,37801,36670,38115,314,0.83,37426,-375,-0.99,36667,38770,1400-9-6,2021-11-27
501,شوينده,مديريت صنعت شوينده ت.ص.بهشهر,227,672970,13555515140,20570,20040,19980,-590,-2.87,20180,-390,-1.9,19650,20470,1400-9-6,2021-11-27
502,تسه9907,امتياز تسهيلات مسكن مهر99,226,4576,3788283622,824953,806000,839000,14047,1.7,827859,2906,0.35,806000,839000,1400-9-6,2021-11-27
503,زشگزا,شير و گوشت زاگرس شهركرد,224,1927478,9602718707,4994,4920,5027,33,0.66,4986,-8,-0.16,4851,5029,1400-9-6,2021-11-27
504,خپويش,سازه‌ پويش‌,223,163906,12600931950,80470,82980,76450,-4020,-5,77310,-3160,-3.93,76450,83350,1400-9-6,2021-11-27
505,داسوه,داروسازي‌ اسوه‌,222,816276,19384345530,24840,23660,23630,-1210,-4.87,23750,-1090,-4.39,23600,24600,1400-9-6,2021-11-27
506,سخوز,سيمان خوزستان,220,840400,19594435370,23660,23670,23300,-360,-1.52,23320,-340,-1.44,23020,23670,1400-9-6,2021-11-27
507,اعتلا,شركت سرمايه گذاري اعتلاء البرز,219,2107140,8037176714,4008,3859,3808,-200,-4.99,3899,-109,-2.72,3808,3880,1400-9-6,2021-11-27
508,شيراز,پتروشيمي‌شيراز,218,616103,48529240560,82850,81900,78710,-4140,-5,80770,-2080,-2.51,78710,81900,1400-9-6,2021-11-27
509,چافست,افست‌,218,1413116,12378078750,9160,8930,8710,-450,-4.91,8810,-350,-3.82,8710,8980,1400-9-6,2021-11-27
510,دكوثر,داروسازي‌ كوثر,217,2085720,6734272710,3369,3399,3230,-139,-4.13,3303,-66,-1.96,3202,3399,1400-9-6,2021-11-27
511,دجابر,داروسازي‌ جابرابن‌حيان‌,217,361537,4634631070,13010,13400,12770,-240,-1.84,12950,-60,-0.46,12530,13400,1400-9-6,2021-11-27
512,زر,صندوق س.پشتوانه سكه طلاي زر,215,156457,8707318365,55606,55960,55241,-365,-0.66,55653,47,0.08,55155,55960,1400-9-6,2021-11-27
513,آبين,كشت و صنعت آبشيرين,212,4925887,9118411088,1899,1934,1843,-56,-2.95,1854,-45,-2.37,1843,1934,1400-9-6,2021-11-27
514,وساشرقي,شركت س استان آذربايجان شرقي,212,12481760,5610552593,472,452,449,-23,-4.87,469,-3,-0.64,449,452,1400-9-6,2021-11-27
515,ونيرو,سرمايه‌گذاري‌نيرو,210,4672106,10351548182,2323,2285,2207,-116,-4.99,2245,-78,-3.36,2207,2285,1400-9-6,2021-11-27
516,غشاذر,پگاه‌آذربايجان‌غربي‌,210,1226413,6966548010,5770,5900,5760,-10,-0.17,5730,-40,-0.69,5560,5900,1400-9-6,2021-11-27
517,خچرخش,چرخشگر,208,981105,8577357940,8920,8520,8740,-180,-2.02,8820,-100,-1.12,8520,8980,1400-9-6,2021-11-27
518,غدام,خوراك‌  دام‌ پارس‌,207,84674,11519183990,143190,136040,136040,-7150,-4.99,137410,-5780,-4.04,136040,136080,1400-9-6,2021-11-27
519,فپنتا,سپنتا,207,21785,9620638730,446550,454440,444280,-2270,-0.51,443350,-3200,-0.72,427100,454440,1400-9-6,2021-11-27
520,تكنو,تكنوتار,205,1346671,11438866440,8930,8510,8490,-440,-4.93,8580,-350,-3.92,8490,8720,1400-9-6,2021-11-27
521,بفجرح,ح . فجر انرژي خليج فارس,205,1126315,9096100890,8390,8120,7990,-400,-4.77,8080,-310,-3.69,7820,8250,1400-9-6,2021-11-27
522,سمازن,سيمان‌مازندران‌,204,790392,10138135340,13040,12840,12900,-140,-1.07,12890,-150,-1.15,12600,12930,1400-9-6,2021-11-27
523,نيرو,نيرو سرمايه,202,670201,23699489827,35614,34785,34546,-1068,-3,35362,-252,-0.71,34546,36681,1400-9-6,2021-11-27
524,كفرا,فراورده‌ هاي‌ نسوزايران‌,202,318048,5547910810,18200,17860,17340,-860,-4.73,17910,-290,-1.59,17290,17980,1400-9-6,2021-11-27
525,دالبر,البرزدارو,200,989423,11792745530,12430,12130,11820,-610,-4.91,12020,-410,-3.3,11810,12130,1400-9-6,2021-11-27
526,دفارا,داروسازي‌ فارابي‌,200,252494,3414324780,14050,13400,13520,-530,-3.77,13930,-120,-0.85,13350,13800,1400-9-6,2021-11-27
527,رتكو,كنترل‌خوردگي‌تكين‌كو,199,300608,2357499380,8020,7830,7780,-240,-2.99,7990,-30,-0.37,7720,8070,1400-9-6,2021-11-27
528,وتوسم,سرمايه‌گذاري‌توسعه‌ملي‌,199,794765,6342675000,8100,8040,7920,-180,-2.22,8050,-50,-0.62,7850,8100,1400-9-6,2021-11-27
529,تسه9902,امتياز تسهيلات مسكن ارديبهشت99,197,3522,2914067954,802071,762005,842000,39929,4.98,827390,25319,3.16,762005,842174,1400-9-6,2021-11-27
530,قشرين,قند شيرين خراسان,197,2449473,20855054510,8773,8511,8510,-263,-3,8514,-259,-2.95,8510,8919,1400-9-6,2021-11-27
531,حپترو,حمل و نقل پتروشيمي( سهامي عام,196,365554,8086112230,23220,22150,22060,-1160,-5,22600,-620,-2.67,22060,22680,1400-9-6,2021-11-27
532,وپخش,داروپخش‌ (هلدينگ‌,196,290396,9706231990,32480,33000,33500,1020,3.14,32670,190,0.58,33000,33680,1400-9-6,2021-11-27
533,غشهد,شهد ايران ‌,192,1334398,5595147193,4403,4450,4216,-187,-4.25,4321,-82,-1.86,4183,4450,1400-9-6,2021-11-27
534,لابسا,آبسال‌,192,1165151,41887178450,34240,35950,35950,1710,4.99,35950,1710,4.99,35950,35950,1400-9-6,2021-11-27
535,ثاصفا,شركت‌ ساختمان‌ اصفهان‌,190,1786340,18175900381,10486,10172,10172,-314,-2.99,10175,-311,-2.97,10172,10400,1400-9-6,2021-11-27
536,تسه9904,امتياز تسهيلات مسكن تير99,189,3120,2619827907,817274,780000,858136,40862,5,839688,22414,2.74,780000,858136,1400-9-6,2021-11-27
537,تنوين,تامين سرمايه نوين,188,924482,4719737610,5260,5260,5060,-200,-3.8,5240,-20,-0.38,5010,5340,1400-9-6,2021-11-27
538,ثشرق,سرمايه گذاري مسكن شمال شرق,188,1167334,4904141198,4396,4300,4177,-219,-4.98,4329,-67,-1.52,4177,4301,1400-9-6,2021-11-27
539,فنفت,صنايع تجهيزات نفت,188,1142931,14660196773,12455,12828,12828,373,2.99,12827,372,2.99,12500,12828,1400-9-6,2021-11-27
540,سكرد,سيمان كردستان,181,1012657,4663249261,4840,4601,4598,-242,-5,4763,-77,-1.59,4598,4770,1400-9-6,2021-11-27
541,سكرما,سيمان‌ كرمان‌,181,531432,7101811170,13860,13670,13310,-550,-3.97,13620,-240,-1.73,13170,13850,1400-9-6,2021-11-27
542,شفارا,پتروشيمي فارابي,180,2661786,20578979613,7970,7731,7731,-239,-3,7731,-239,-3,7731,7960,1400-9-6,2021-11-27
543,وارس,سرمايه گذاري ارس صبا,180,586006,6896249060,11749,12098,11738,-11,-0.09,11762,13,0.11,11401,12098,1400-9-6,2021-11-27
544,مداران,داده‌پردازي‌ايران‌,179,466076,6547921880,14740,14020,14030,-710,-4.82,14420,-320,-2.17,14010,14190,1400-9-6,2021-11-27
545,ثزاگرس,سرمايه گذاري توسعه عمران زاگرس,178,132635,4743382681,35861,34068,36700,839,2.34,35814,-47,-0.13,34068,37400,1400-9-6,2021-11-27
546,فخاس,فولاد خراسان,177,249786,5716295370,24040,22860,22840,-1200,-4.99,23970,-70,-0.29,22840,23350,1400-9-6,2021-11-27
547,شگل,گلتاش‌,176,403568,2693866100,6950,6760,6730,-220,-3.17,6900,-50,-0.72,6610,6890,1400-9-6,2021-11-27
548,لوتوس,تامين سرمايه لوتوس پارسيان,174,1610896,9026324120,5680,5610,5650,-30,-0.53,5660,-20,-0.35,5550,5670,1400-9-6,2021-11-27
549,بساما,بيمه سامان,174,393783,8334542749,21379,20620,21000,-379,-1.77,21277,-102,-0.48,20311,21899,1400-9-6,2021-11-27
550,ركيش,كارت اعتباري ايران كيش,173,1175092,6652307650,5890,5890,5630,-260,-4.41,5780,-110,-1.87,5600,6000,1400-9-6,2021-11-27
551,اخزا910,اسنادخزانه-م10بودجه99-020807,171,206517,135652092511,654454,655435,657000,2546,0.39,656857,2403,0.37,652223,659999,1400-9-6,2021-11-27
552,واميد,گروه مديريت سرمايه گذاري اميد,171,1468353,19229244050,13240,13250,12850,-390,-2.95,13220,-20,-0.15,12650,13250,1400-9-6,2021-11-27
553,سخزر,سيمان‌ خزر,171,248295,4516485100,19110,18400,18190,-920,-4.81,18820,-290,-1.52,18160,19160,1400-9-6,2021-11-27
554,زمگسا,كشاورزي‌ ودامپروي‌ مگسال‌,170,434164,7642072950,17840,17010,17660,-180,-1.01,17720,-120,-0.67,17010,18180,1400-9-6,2021-11-27
555,سپيدما,صندوق س. سپيد دماوند-د,170,9035393,103312961514,11425,11434,11435,10,0.09,11434,9,0.08,11434,11435,1400-9-6,2021-11-27
556,فلات,گروه صنايع معادن فلات ايرانيان,169,651147,7582585482,11970,11635,11611,-359,-3,11717,-253,-2.11,11611,12090,1400-9-6,2021-11-27
557,دحاوي,الحاوي,168,1457471,6493977353,4585,4515,4448,-137,-2.99,4499,-86,-1.88,4448,4580,1400-9-6,2021-11-27
558,تسه9906,امتياز تسهيلات مسكن شهريور99,167,2653,2195088728,801629,801000,841710,40081,5,827399,25770,3.21,790050,841710,1400-9-6,2021-11-27
559,سباقر,سيمان باقران,166,680928,9866394794,14805,15239,14361,-444,-3,14490,-315,-2.13,14361,15239,1400-9-6,2021-11-27
560,اخزا002,اسنادخزانه-م2بودجه00-031024,164,132596,65096431406,493311,497000,492999,-312,-0.06,490938,-2373,-0.48,489835,497000,1400-9-6,2021-11-27
561,وكادو,تكادو,163,1018014,15728029507,15922,15500,15445,-477,-3,15450,-472,-2.96,15445,15788,1400-9-6,2021-11-27
562,بنيرو,نيروترانس‌,163,2045341,3827597006,1945,1927,1900,-45,-2.31,1925,-20,-1.03,1850,1927,1400-9-6,2021-11-27
563,آكورد2,صندوق س. آرمان آتي كوثر-د,160,16000000,16000000,35370,1,1,-35369,-100,1,-35369,-100,1,1,1400-9-6,2021-11-27
564,وآرين,شركت توسعه اقتصادي آرين,158,2321666,4737580025,2102,2130,2039,-63,-3,2072,-30,-1.43,2039,2130,1400-9-6,2021-11-27
565,شستان,پتروشيمي گلستان,156,1860737,6837733110,3627,3574,3699,72,1.99,3675,48,1.32,3574,3699,1400-9-6,2021-11-27
566,كخاك,صنايع‌خاك‌چيني‌ايران‌,154,217140,5880245230,28450,27260,27030,-1420,-4.99,27950,-500,-1.76,27030,28000,1400-9-6,2021-11-27
567,ثامان,سامان‌ گستراصفهان‌,154,702680,6546453510,9790,9360,9310,-480,-4.9,9570,-220,-2.25,9310,9560,1400-9-6,2021-11-27
568,مارون,پتروشيمي مارون,153,42691,7416285604,180557,174110,174800,-5757,-3.19,180030,-527,-0.29,171940,176600,1400-9-6,2021-11-27
569,زگلدشت,كشت و دام گلدشت نمونه اصفهان,152,583061,5066879139,9038,8673,8700,-338,-3.74,8916,-122,-1.35,8587,8874,1400-9-6,2021-11-27
570,ساراب,سيمان‌ داراب‌,151,720502,10861852370,15850,15100,15060,-790,-4.98,15260,-590,-3.72,15060,15690,1400-9-6,2021-11-27
571,قهكمت,قندهكمتان‌,151,1313838,6082222634,4860,4670,4619,-241,-4.96,4762,-98,-2.02,4617,4739,1400-9-6,2021-11-27
572,شپاس,نفت پاسارگاد,151,222212,3596591616,16694,16330,16020,-674,-4.04,16576,-118,-0.71,16001,16677,1400-9-6,2021-11-27
573,حبندر,دريايي و کشتيراني خط دريابندر,151,1013806,16237116896,15550,16016,16016,466,3,16016,466,3,16016,16016,1400-9-6,2021-11-27
574,پارسيان,بيمه پارسيان,150,1032825,9383972440,9260,8870,9050,-210,-2.27,9170,-90,-0.97,8870,9300,1400-9-6,2021-11-27
575,خمحور,توليدمحورخودرو,150,7926035,28890397575,3472,3645,3645,173,4.98,3645,173,4.98,3645,3645,1400-9-6,2021-11-27
576,شصفها,پتروشيمي‌ اصفهان‌,145,268930,31436302824,119190,119190,116807,-2383,-2,116894,-2296,-1.93,116807,119190,1400-9-6,2021-11-27
577,تسه9905,امتياز تسهيلات مسكن مرداد99,145,2058,1702901769,799954,765155,839951,39997,5,827455,27501,3.44,765155,839951,1400-9-6,2021-11-27
578,قشهد,شهد,144,485909,6925048960,14970,14340,14230,-740,-4.94,14620,-350,-2.34,14230,14340,1400-9-6,2021-11-27
579,دامين,داروسازي‌ امين‌,142,1019462,2790987375,2845,2735,2740,-105,-3.69,2824,-21,-0.74,2720,2799,1400-9-6,2021-11-27
580,نمرينو,ايران‌ مرينوس‌,141,51181,3907619840,78210,77120,76880,-1330,-1.7,77710,-500,-0.64,75000,77120,1400-9-6,2021-11-27
581,قزوين,كارخانجات‌ قند قزوين‌,139,113766,3165058470,28760,28890,28190,-570,-1.98,28560,-200,-0.7,27700,28890,1400-9-6,2021-11-27
582,فسا,پتروشيمي فسا,138,2854652,3048518316,1098,1102,1066,-32,-2.91,1089,-9,-0.82,1066,1102,1400-9-6,2021-11-27
583,تسه9903,امتياز تسهيلات مسكن خرداد99,138,1707,1433958342,816937,800000,853999,37062,4.54,840046,23109,2.83,800000,853999,1400-9-6,2021-11-27
584,سهگمت,سيمان‌هگمتان‌,137,200159,4505641590,22810,22260,22200,-610,-2.67,22720,-90,-0.39,21700,23910,1400-9-6,2021-11-27
585,حخزر,كشتيراني درياي خزر,137,221419,3295565935,15644,14866,14862,-782,-5,15468,-176,-1.13,14862,15199,1400-9-6,2021-11-27
586,سفانو,سيمان فارس نو,137,168412,4305009040,25930,25290,25600,-330,-1.27,25820,-110,-0.42,25280,26030,1400-9-6,2021-11-27
587,بخاور,بيمه زندگي خاورميانه,136,906968,3675773045,4073,4139,4088,15,0.37,4068,-5,-0.12,3993,4140,1400-9-6,2021-11-27
588,سكه0012پ04,تمام سكه طرح جديد0012صادرات,136,66800,84368340500,1262795,1256100,1263200,405,0.03,1262999,204,0.02,1256100,1270000,1400-9-6,2021-11-27
589,دارو,كارخانجات‌داروپخش‌,136,165747,4673778200,29090,28120,28370,-720,-2.48,28840,-250,-0.86,28010,29590,1400-9-6,2021-11-27
590,ولراز,ليزينگ رازي,134,177820,3896315069,22570,22465,21893,-677,-3,22186,-384,-1.7,21893,22572,1400-9-6,2021-11-27
591,سرود,سيمان‌شاهرود,133,1139404,24596780370,22500,22370,21380,-1120,-4.98,21590,-910,-4.04,21380,22380,1400-9-6,2021-11-27
592,ولبهمن,شركت بهمن ليزينگ,133,910689,6085273088,6829,6850,6600,-229,-3.35,6768,-61,-0.89,6502,6850,1400-9-6,2021-11-27
593,حسينا,توسعه خدمات دريايي وبندري سينا,132,59056,2528136811,43763,43140,43000,-763,-1.74,43599,-164,-0.37,42221,44000,1400-9-6,2021-11-27
594,سيدكو,سرمايه گذاري توسعه صنايع سيمان,130,1845346,10992732870,6070,5980,5820,-250,-4.12,5990,-80,-1.32,5790,6030,1400-9-6,2021-11-27
595,دكيمي,كيميدارو,129,182572,3647640370,20230,20210,20200,-30,-0.15,20170,-60,-0.3,19500,20600,1400-9-6,2021-11-27
596,واعتبار,سرمايه گذاري اعتبار ايران,129,719566,4568489980,6520,6460,6320,-200,-3.07,6470,-50,-0.77,6300,6670,1400-9-6,2021-11-27
597,اخزا005,اسنادخزانه-م5بودجه00-030626,128,226964,118695294107,530909,528302,524500,-6409,-1.21,522970,-7939,-1.5,520001,528999,1400-9-6,2021-11-27
598,فيروزه,صندوق شاخص30 شركت فيروزه- سهام,127,46215,7867768130,173740,172020,168500,-5240,-3.02,170240,-3500,-2.01,167570,172020,1400-9-6,2021-11-27
599,سقاين,سيمان‌ قائن‌,127,156861,7131190060,46800,46700,45020,-1780,-3.8,46150,-650,-1.39,44800,47350,1400-9-6,2021-11-27
600,دپارس,پارس‌ دارو,127,128994,3808773650,30660,30410,29520,-1140,-3.72,30360,-300,-0.98,29150,30420,1400-9-6,2021-11-27
601,كي بي سي,شركت كي بي سي,126,551321,9966865947,18999,18500,18050,-949,-4.99,18356,-643,-3.38,18050,18746,1400-9-6,2021-11-27
602,بميلا,توسعه بازرگاني آهن وفولادميلاد,126,549995,4267417974,7997,7999,7758,-239,-2.99,7892,-105,-1.31,7758,7999,1400-9-6,2021-11-27
603,شكبير,پتروشيمي اميركبير,125,182988,17779493004,97658,96990,97094,-564,-0.58,97569,-89,-0.09,96762,97800,1400-9-6,2021-11-27
604,پلوله,گازلوله‌,124,434268,13047669826,30954,30033,30026,-928,-3,30045,-909,-2.94,30026,30689,1400-9-6,2021-11-27
605,دقاضي,داروسازي شهيد قاضي,123,171159,5108241039,29653,30444,30298,645,2.18,29750,97,0.33,29110,30444,1400-9-6,2021-11-27
606,كصدف,كاشي صدف سرام استقلال آباده,121,390541,7942790863,20501,20000,20801,300,1.46,20370,-131,-0.64,19886,21116,1400-9-6,2021-11-27
607,سپاس,صندوق س. پاداش سهامداري-ثابت,121,2384359,24135474322,10105,10121,10121,16,0.16,10122,17,0.17,10121,10124,1400-9-6,2021-11-27
608,خاتم,صندوق س خاتم ايساتيس پويا-ثابت,121,1858888,22999228432,12363,12374,12374,11,0.09,12373,10,0.08,12372,12375,1400-9-6,2021-11-27
609,فباهنرح,ح . مس‌ شهيدباهنر,120,383224,8050943200,22050,22000,20800,-1250,-5.67,21010,-1040,-4.72,20800,22000,1400-9-6,2021-11-27
610,قمرو,قند مرودشت‌,119,227581,5390294400,24730,24730,23690,-1040,-4.21,24340,-390,-1.58,23500,24730,1400-9-6,2021-11-27
611,وثنو,سرمايه گذاري ساختماني نوين,118,1063753,5336126083,5166,5037,5012,-154,-2.98,5084,-82,-1.59,5012,5060,1400-9-6,2021-11-27
612,ضشنا1050,اختيارخ شپنا-7629-1400/10/19,117,791,307861620,280,222,200,-80,-28.57,212,-68,-24.29,188,249,1400-9-6,2021-11-27
613,معيار ,سرمايه گذاري معيار صنعت پارس,115,116356,5376151774,46115,47115,46190,75,0.16,46163,48,0.1,45100,47115,1400-9-6,2021-11-27
614,واتي,سرمايه‌ گذاري‌ آتيه‌ دماوند,115,448421,4366844150,10100,9680,9780,-320,-3.17,10010,-90,-0.89,9610,9970,1400-9-6,2021-11-27
615,شپلي,پلي اكريل ايران,114,711939,4931601453,7141,6927,6927,-214,-3,7034,-107,-1.5,6927,6927,1400-9-6,2021-11-27
616,پرداخت,به پرداخت ملت,114,318345,4245456500,13510,13400,13300,-210,-1.55,13460,-50,-0.37,13000,13600,1400-9-6,2021-11-27
617,تسه9901,امتياز تسهيلات مسكن فروردين99,113,1125,937096948,804049,820000,835000,30951,3.85,832975,28926,3.6,783009,844251,1400-9-6,2021-11-27
618,كاسپين,داروسازي كاسپين تامين,113,1486943,36556493655,25878,24585,24585,-1293,-5,24585,-1293,-5,24585,24585,1400-9-6,2021-11-27
619,وسديد,گروه ‌صنعتي‌سديد,111,1338692,1690767996,1302,1263,1263,-39,-3,1298,-4,-0.31,1263,1263,1400-9-6,2021-11-27
620,سشمال,سيمان‌ شمال‌,111,520241,4100979080,8020,8130,7780,-240,-2.99,7980,-40,-0.5,7750,8130,1400-9-6,2021-11-27
621,تسه9812,امتياز تسهيلات مسكن اسفند98,110,1998,1663075886,800897,802060,840941,40044,5,832370,31473,3.93,802060,840941,1400-9-6,2021-11-27
622,كهربا,صندوق س.پشتوانه سكه طلا كهربا,108,1027370,11259301505,10915,10951,10950,35,0.32,10959,44,0.4,10900,11013,1400-9-6,2021-11-27
623,سپ,پرداخت الكترونيك سامان كيش,108,109492,3314795350,30580,29540,30580,0,0,30560,-20,-0.07,29540,31000,1400-9-6,2021-11-27
624,هجرت,پخش هجرت,106,191611,5329113759,28838,27800,27571,-1267,-4.39,28460,-378,-1.31,27470,28372,1400-9-6,2021-11-27
625,وتوشه,سرمايه‌ گذاري‌ پارس‌ توشه‌,105,726039,4290006920,5990,5850,5880,-110,-1.84,5970,-20,-0.33,5840,5990,1400-9-6,2021-11-27
626,صايند,صندوق س. گنجينه آينده روشن-د,104,526580,5257261580,9985,10000,9974,-11,-0.11,9984,-1,-0.01,9946,10007,1400-9-6,2021-11-27
627,غپونه,نوش پونه مشهد,104,288039,3633520433,12989,12601,12610,-379,-2.92,12849,-140,-1.08,12600,12970,1400-9-6,2021-11-27
628,وبازار,صندوق س شاخصي بازارآشنا,102,462998,5624732800,12550,12420,12000,-550,-4.38,12150,-400,-3.19,12000,12590,1400-9-6,2021-11-27
629,اخزا006,اسنادخزانه-م6بودجه00-030723,102,156996,81032124798,521078,524980,520990,-88,-0.02,516141,-4937,-0.95,515000,524980,1400-9-6,2021-11-27
630,ولانا,شركت ليزينگ آريا دانا,102,320767,4305198706,13833,13450,13419,-414,-2.99,13569,-264,-1.91,13419,13450,1400-9-6,2021-11-27
631,عيار2,صندوق سكه طلاي مفيد,100,1000000,1000000,32092,1,1,-32091,-100,1,-32091,-100,1,1,1400-9-6,2021-11-27
632,زعف0110پ11,زعفران0110نگين سحرخيز(پ),100,51940,18858722211,359748,360000,358001,-1747,-0.49,363087,3339,0.93,355000,373399,1400-9-6,2021-11-27
633,زعف0008پ11,زعفران0008نگين سحرخيز(پ),99,121364,34156753948,281068,280000,281027,-41,-0.01,281441,373,0.13,280000,294486,1400-9-6,2021-11-27
634,تماوند,تامين سرمايه دماوند,99,1091319,5959567497,5413,5413,5433,20,0.37,5432,19,0.35,5413,5550,1400-9-6,2021-11-27
635,سبجنو,سيمان‌ بجنورد,99,61162,2134107140,36240,35300,35300,-940,-2.59,36040,-200,-0.55,34670,36690,1400-9-6,2021-11-27
636,ويسا,سرمايه گذاري ايساتيس پويا,98,1427984,11201106496,7616,7844,7844,228,2.99,7844,228,2.99,7844,7844,1400-9-6,2021-11-27
637,ماني,صندوق س. با درآمد ثابت ماني,98,2336316,24614752329,10521,10535,10535,14,0.13,10536,15,0.14,10535,10536,1400-9-6,2021-11-27
638,اخزا001,اسنادخزانه-م1بودجه00-030821,98,147597,75362096163,514709,517400,512000,-2709,-0.53,510594,-4115,-0.8,508001,517400,1400-9-6,2021-11-27
639,اخزا914,اسنادخزانه-م14بودجه99-021025,97,177675,111966323933,626294,621202,639000,12706,2.03,630175,3881,0.62,600322,641000,1400-9-6,2021-11-27
640,درازك,دارويي‌ رازك‌,96,92601,3287866020,36170,36750,34880,-1290,-3.57,36020,-150,-0.41,34710,36750,1400-9-6,2021-11-27
641,بسويچ,پارس‌سويچ‌,96,128225,2052489300,16540,16950,15860,-680,-4.11,16460,-80,-0.48,15770,16950,1400-9-6,2021-11-27
642,تشتاد,صنايع توليدي اشتاد ايران‌,94,704881,3523977757,5103,5238,4951,-152,-2.98,5066,-37,-0.73,4950,5238,1400-9-6,2021-11-27
643,تسه9811,امتياز تسهيلات مسكن بهمن98,94,1803,1498668060,808484,790230,845000,36516,4.52,831208,22724,2.81,790230,845000,1400-9-6,2021-11-27
644,تپولا,مهندسي مرآت پولاد,93,114172,1886695735,17036,16525,16525,-511,-3,16937,-99,-0.58,16525,16528,1400-9-6,2021-11-27
645,بمپنا,توليد برق عسلويه  مپنا,92,364996,1791218219,5098,4879,4878,-220,-4.32,5076,-22,-0.43,4878,5198,1400-9-6,2021-11-27
646,زعف0110پ10,زعفران0110نگين طلاي سرخ(پ),92,11631,4207266914,354829,373970,355010,181,0.05,361729,6900,1.94,355010,373970,1400-9-6,2021-11-27
647,وايرا,سرمايه گذاري صنايع ايران,91,762022,3445731716,4659,4534,4520,-139,-2.98,4610,-49,-1.05,4520,4600,1400-9-6,2021-11-27
648,ضملت1133,اختيارخ وبملت-3000-1400/11/13,89,2280,871196000,462,415,373,-89,-19.26,382,-80,-17.32,352,420,1400-9-6,2021-11-27
649,فيروزا,صندوق بادرآمد ثابت فيروزه آسيا,84,272499,7037639254,25826,25826,25826,0,0,25826,0,0,25825,25910,1400-9-6,2021-11-27
650,وتعاون,بيمه  تعاون,82,434878,731230806,1724,1747,1673,-51,-2.96,1721,-3,-0.17,1673,1747,1400-9-6,2021-11-27
651,وامين,س. امين توان آفرين ساز,81,246186,3049481423,12716,12589,12400,-316,-2.49,12696,-20,-0.16,12335,12767,1400-9-6,2021-11-27
652,وزمين,بانك ايران زمين,80,186192,1899821733,10628,10204,10203,-425,-4,10579,-49,-0.46,10203,10205,1400-9-6,2021-11-27
653,شساخت,مهندسي و ساختمان صنايع نفت,79,196857,8692804745,43994,43979,43994,0,0,44026,32,0.07,43970,45200,1400-9-6,2021-11-27
654,ما,بيمه  ما,79,364037,2174790350,6030,6030,5890,-140,-2.32,6020,-10,-0.17,5870,6150,1400-9-6,2021-11-27
655,تسه9809,امتياز تسهيلات مسكن آذر98,79,1964,1622216028,793911,785122,833606,39695,5,825976,32065,4.04,785122,833606,1400-9-6,2021-11-27
656,ارمغان,ص سرمايه گذاري ارمغان ايرانيان,78,1297360,13112485111,10092,10107,10108,16,0.16,10107,15,0.15,10106,10110,1400-9-6,2021-11-27
657,اخزا008,اسنادخزانه-م8بودجه00-030919,78,103185,51291219719,504090,509900,505896,1806,0.36,497080,-7010,-1.39,495009,509900,1400-9-6,2021-11-27
658,صنوين,صندوق سرمايه‌گذاري صنوين-مختلط,77,12871,1264362140,96870,100410,97700,830,0.86,98230,1360,1.4,96520,100410,1400-9-6,2021-11-27
659,داريوش,صندوق س. ثروت داريوش -س,76,257637,2511490821,9817,9830,9650,-167,-1.7,9748,-69,-0.7,9640,9830,1400-9-6,2021-11-27
660,اخزا911,اسنادخزانه-م11بودجه99-020906,75,190634,123296888399,644118,644100,644302,184,0.03,646773,2655,0.41,641560,651000,1400-9-6,2021-11-27
661,وهور,مديريت انرژي اميد  تابان هور,73,2175358,3426188850,1657,1575,1575,-82,-4.95,1650,-7,-0.42,1575,1575,1400-9-6,2021-11-27
662,ضستا1004,اختيارخ شستا-12000-1400/10/29,73,1359,1060557000,952,890,751,-201,-21.11,780,-172,-18.07,705,890,1400-9-6,2021-11-27
663,شتوكا,توكا رنگ فولاد سپاهان,72,278177,3701423162,12673,13306,13306,633,4.99,12822,149,1.18,13306,13306,1400-9-6,2021-11-27
664,سكه0112پ03,تمام سكه طرح جديد0112سامان,72,12800,16204554400,1266258,1270000,1266998,740,0.06,1265981,-277,-0.02,1260000,1273980,1400-9-6,2021-11-27
665,زرين,صندوق س. سهام زرين كوروش-س,71,231836,3012571841,13193,13151,12936,-257,-1.95,12994,-199,-1.51,12936,13151,1400-9-6,2021-11-27
666,زعف0008پ20,زعفران0008نگين وحدت جام(پ),70,29395,8013096369,275240,283000,276000,760,0.28,272601,-2639,-0.96,269001,283001,1400-9-6,2021-11-27
667,دسينا,داروسازي‌ سينا,70,263253,5389824070,20780,21300,20200,-580,-2.79,20670,-110,-0.53,20200,21300,1400-9-6,2021-11-27
668,نتوس,پشم‌ بافي‌ توس,68,418255,4488294405,10419,10731,10731,312,2.99,10555,136,1.31,10731,10731,1400-9-6,2021-11-27
669,ضستا1005,اختيارخ شستا-14000-1400/10/29,66,1312,451171000,441,302,329,-112,-25.4,344,-97,-22,301,380,1400-9-6,2021-11-27
670,آساس,صندوق س.آسمان آرماني سهام-س,66,30386,5108672158,170389,170000,168000,-2389,-1.4,168126,-2263,-1.33,166501,171495,1400-9-6,2021-11-27
671,سكه0011پ02,تمام سكه طرح جديد0011ملت,63,11900,15097330200,1264114,1270000,1265000,886,0.07,1268683,4569,0.36,1263000,1271900,1400-9-6,2021-11-27
672,دسبحا,گروه دارويي سبحان,63,44663,805758590,18650,18280,17780,-870,-4.66,18630,-20,-0.11,17780,18280,1400-9-6,2021-11-27
673,ضفلا1163,اختيارخ فولاد-10000-1400/11/24,63,343,609234000,2003,1850,1695,-308,-15.38,1776,-227,-11.33,1650,2000,1400-9-6,2021-11-27
674,ساروج,بين المللي ساروج بوشهر,62,407237,6514421493,16440,16275,15947,-493,-3,16143,-297,-1.81,15947,16603,1400-9-6,2021-11-27
675,سمتاز,سيمان ممتازان كرمان,60,107872,1536347283,14668,14363,14229,-439,-2.99,14601,-67,-0.46,14228,14512,1400-9-6,2021-11-27
676,سكه0111پ05,تمام سكه طرح جديد0111آينده,59,33200,42095697600,1264280,1266500,1263000,-1280,-0.1,1267943,3663,0.29,1260000,1270400,1400-9-6,2021-11-27
677,زعف0008پ05,زعفران0008نگين زرين(پ),59,15914,4541375767,281114,285000,285000,3886,1.38,285370,4256,1.51,272001,291998,1400-9-6,2021-11-27
678,دارا,صندوق س. دارا الگوريتم-د,58,3193403,31741233181,9931,9932,9942,11,0.11,9940,9,0.09,9932,9949,1400-9-6,2021-11-27
679,اخزا903,اسنادخزانه-م3بودجه99-011110,58,124954,97435961186,776576,773000,776121,-455,-0.06,779775,3199,0.41,772251,784026,1400-9-6,2021-11-27
680,ضصاد1114,اختيارخ وبصادر-2500-1400/11/06,57,2559,120277000,67,55,42,-25,-37.31,47,-20,-29.85,40,55,1400-9-6,2021-11-27
681,ورازي,بيمه رازي,57,2417167,4611954636,2008,1908,1908,-100,-4.98,1976,-32,-1.59,1908,1908,1400-9-6,2021-11-27
682,فاراكح,ح . ماشين‌ سازي‌ اراك‌,56,2886226,1332511560,492,541,450,-42,-8.54,462,-30,-6.1,450,541,1400-9-6,2021-11-27
683,اخزا003,اسنادخزانه-م3بودجه00-030418,56,101263,55798850937,554359,550155,551000,-3359,-0.61,551029,-3330,-0.6,550003,555000,1400-9-6,2021-11-27
684,سيناد,صندوق س.سپهرسودمند سينا-د,55,2010351,20112560382,10002,10005,10003,1,0.01,10005,3,0.03,10003,10006,1400-9-6,2021-11-27
685,تابا,تابان نيرو سپاهان,54,118086,2931721122,25594,24827,24827,-767,-3,25302,-292,-1.14,24827,24827,1400-9-6,2021-11-27
686,اخزا007,اسنادخزانه-م7بودجه00-030912,53,147181,74054578076,508391,506000,502500,-5891,-1.16,503153,-5238,-1.03,502000,508000,1400-9-6,2021-11-27
687,ساذري,آذريت‌,53,144594,1364678172,9934,9438,9438,-496,-4.99,9863,-71,-0.71,9438,9438,1400-9-6,2021-11-27
688,آرمان,بيمه آرمان,53,2865900,16517130000,5876,5700,5700,-176,-3,5763,-113,-1.92,5700,5800,1400-9-6,2021-11-27
689,تصميم2,صندوق س با درآمد ثابت تصميم,52,52000000,52000000,18047,1,1,-18046,-99.99,1,-18046,-99.99,1,1,1400-9-6,2021-11-27
690,زعف0008پ16,زعفران0008نگين بيرجند(پ),50,50517,14184269621,273762,278399,288000,14238,5.2,280782,7020,2.56,270000,288000,1400-9-6,2021-11-27
691,كبورس,كارگزاران بورس اوراق بهادار,50,2818016,34238894400,12780,12150,12150,-630,-4.93,12460,-320,-2.5,12150,12150,1400-9-6,2021-11-27
692,اخزا901,اسنادخزانه-م1بودجه99-010621,50,36687,30944685382,841520,829202,842550,1030,0.12,843478,1958,0.23,829202,846510,1400-9-6,2021-11-27
693,اخزا004,اسنادخزانه-م4بودجه00-030522,49,82563,44549967630,544592,541012,539100,-5492,-1.01,539588,-5004,-0.92,539001,541558,1400-9-6,2021-11-27
694,اخزا908,اسنادخزانه-م8بودجه99-020606,46,65981,45040799466,680054,674012,681000,946,0.14,682633,2579,0.38,673013,689995,1400-9-6,2021-11-27
695,اخزا902,اسنادخزانه-م2بودجه99-011019,46,53450,42111923760,787411,783000,790000,2589,0.33,787875,464,0.06,782502,794000,1400-9-6,2021-11-27
696,ضستا1003,اختيارخ شستا-10000-1400/10/29,45,774,1472694000,2348,2800,1901,-447,-19.04,1903,-445,-18.95,1856,2800,1400-9-6,2021-11-27
697,ثاژن,سخت آژند,45,1071174,5559393060,5295,5190,5190,-105,-1.98,5190,-105,-1.98,5190,5190,1400-9-6,2021-11-27
698,آتيمس,صندوق س.آرمان آتيه درخشان مس-س,44,6108,1111869455,185014,184100,180051,-4963,-2.68,182035,-2979,-1.61,180000,184100,1400-9-6,2021-11-27
699,وآفري,بيمه كارآفرين,44,2598673,9269784934,3572,3596,3572,0,0,3569,-3,-0.08,3465,3596,1400-9-6,2021-11-27
700,فراز,صندوق س.سهام فراز داريك-س,44,815804,11575811583,14189,14190,14191,2,0.01,14189,0,0,14185,14460,1400-9-6,2021-11-27
701,زعف0008پ08,زعفران0008نگين روستا(پ),44,17047,4812862343,277676,270000,280000,2324,0.84,282329,4653,1.68,269000,294486,1400-9-6,2021-11-27
702,كارا,صندوق س. كارا -د,43,761139,7819115836,10257,10274,10274,17,0.17,10273,16,0.16,10272,10274,1400-9-6,2021-11-27
703,پلاستح,ح.كارخانجات توليدي پلاستيران,43,366617,2186503788,6148,5964,5964,-184,-2.99,5964,-184,-2.99,5964,5964,1400-9-6,2021-11-27
704,سكارون,سيمان كارون,42,20977,1089293656,53533,51928,51928,-1605,-3,53353,-180,-0.34,51928,51928,1400-9-6,2021-11-27
705,ضملت1134,اختيارخ وبملت-3500-1400/11/13,41,828,139139000,224,200,180,-44,-19.64,168,-56,-25,140,200,1400-9-6,2021-11-27
706,اخزا917,اسنادخزانه-م17بودجه99-010226,40,257122,232139584348,902101,901905,902880,779,0.09,902838,737,0.08,893987,906500,1400-9-6,2021-11-27
707,اخزا909,اسنادخزانه-م9بودجه99-020316,40,139980,100692089310,717753,721000,719990,2237,0.31,719332,1579,0.22,716000,721500,1400-9-6,2021-11-27
708,زعف0110پ18,زعفران0110نگين بهرامن(پ),39,14028,5061672998,360170,370000,360000,-170,-0.05,360826,656,0.18,358004,370000,1400-9-6,2021-11-27
709,اخزا817,اسنادخزانه-م17بودجه98-010512,37,118087,101997263618,860883,862000,863000,2117,0.25,863747,2864,0.33,862000,866000,1400-9-6,2021-11-27
710,قپيرا,فرآورده‌هاي‌غدايي‌وقندپيرانشهر,37,81194,612844650,7690,7470,7460,-230,-2.99,7680,-10,-0.13,7450,7770,1400-9-6,2021-11-27
711,ثهام,صندوق س ثروت هامرز-سهام,36,13551,153502031,11231,11350,11449,218,1.94,11328,97,0.86,11150,11450,1400-9-6,2021-11-27
712,هفارس104,اختيارف ت فارس-11832-01/04/12,35,634468,634468,1,1,1,0,0,1,0,0,1,1,1400-9-6,2021-11-27
713,ضصاد1111,اختيارخ وبصادر-1600-1400/11/06,33,1113,345777000,371,345,320,-51,-13.75,311,-60,-16.17,310,345,1400-9-6,2021-11-27
714,افق ملت,صندوق س در سهام افق ملت,32,21574,3059681260,143880,143000,140990,-2890,-2.01,141820,-2060,-1.43,140990,143000,1400-9-6,2021-11-27
715,پلاست,كارخانجات توليدي پلاستيران,32,159080,1350907360,8245,8492,8492,247,3,8277,32,0.39,8492,8492,1400-9-6,2021-11-27
716,سايرا,ايرانيت‌,31,77007,2390990343,32342,31049,31049,-1293,-4,31698,-644,-1.99,31049,31049,1400-9-6,2021-11-27
717,زعف0110پ20,زعفران0110نگين وحدت جام(پ),31,4849,1784400779,357682,370000,364800,7118,1.99,367994,10312,2.88,361000,372999,1400-9-6,2021-11-27
718,زعف0110پ05,زعفران0110نگين زرين(پ),30,19363,6979208509,357283,370000,357000,-283,-0.08,360440,3157,0.88,356300,371000,1400-9-6,2021-11-27
719,داريك2,صندوق س.اعتماد داريك-د,30,30000000,30000000,11912,1,1,-11911,-99.99,1,-11911,-99.99,1,1,1400-9-6,2021-11-27
720,والبرح,ح . سرمايه گذاري‌البرز(هلدينگ‌,29,431632,2888563000,6900,6810,6600,-300,-4.35,6690,-210,-3.04,6600,6810,1400-9-6,2021-11-27
721,سجام,مجتمع سيمان غرب آسيا,28,99547,231446775,2396,2325,2325,-71,-2.96,2394,-2,-0.08,2325,2325,1400-9-6,2021-11-27
722,دمعيار,صندوق س. توازن معيار-د,28,840845,8415398588,10029,10030,10000,-29,-0.29,10008,-21,-0.21,10000,10030,1400-9-6,2021-11-27
723,سپيدما2,صندوق س. سپيد دماوند-د,27,260000000,260000000,11425,1,1,-11424,-99.99,1,-11424,-99.99,1,1,1400-9-6,2021-11-27
724,ثنظام,س. ساختماني نظام مهندسي ايران,25,88189,1869077666,22309,21194,21194,-1115,-5,22045,-264,-1.18,21194,21194,1400-9-6,2021-11-27
725,زكشت,كشاورزي مكانيزه اصفهان كشت,25,189445,4870062615,27059,25707,25707,-1352,-5,26597,-462,-1.71,25707,25707,1400-9-6,2021-11-27
726,ضپال2007,اختيارخ اپال-32000-1401/02/12,25,1052,372399000,366,380,336,-30,-8.2,354,-12,-3.28,336,380,1400-9-6,2021-11-27
727,ضصاد1113,اختيارخ وبصادر-2000-1400/11/06,25,788,116288000,164,148,140,-24,-14.63,148,-16,-9.76,140,162,1400-9-6,2021-11-27
728,ضبدر1163,اختيارخ شبندر-6000-1400/11/13,24,597,505082000,997,999,820,-177,-17.75,846,-151,-15.15,800,999,1400-9-6,2021-11-27
729,وليز,ليزينگ‌ايران‌,24,624053,1534546327,2588,2459,2459,-129,-4.98,2574,-14,-0.54,2459,2459,1400-9-6,2021-11-27
730,اخزا815,اسنادخزانه-م15بودجه98-010406,23,25924,22903706723,881644,879501,881000,-644,-0.07,883494,1850,0.21,879501,887000,1400-9-6,2021-11-27
731,اخزا811,اسنادخزانه-م11بودجه98-001013,23,26863,26277300109,976337,977501,978200,1863,0.19,978197,1860,0.19,977020,978498,1400-9-6,2021-11-27
732,اخزا907,اسنادخزانه-م7بودجه99-020704,22,73355,50104937950,678350,679000,685300,6950,1.02,683047,4697,0.69,679000,685300,1400-9-6,2021-11-27
733,ضملت1135,اختيارخ وبملت-4000-1400/11/13,22,857,75220000,127,100,80,-47,-37.01,88,-39,-30.71,75,100,1400-9-6,2021-11-27
734,اخزا814,اسنادخزانه-م14بودجه98-010318,22,60040,53792252838,890501,895999,894000,3499,0.39,895940,5439,0.61,890509,896000,1400-9-6,2021-11-27
735,اوصتا,صندوق انديشه ورزان صباتامين -د,21,74658,1541546277,20619,20647,20646,27,0.13,20648,29,0.14,20646,20649,1400-9-6,2021-11-27
736,اخزا812,اسنادخزانه-م12بودجه98-001111,21,31346,30137097540,960236,961012,962479,2243,0.23,961434,1198,0.12,961011,962500,1400-9-6,2021-11-27
737,ضفلا1162,اختيارخ فولاد-9000-1400/11/24,20,268,590776000,2779,2222,2100,-679,-24.43,2204,-575,-20.69,2099,2400,1400-9-6,2021-11-27
738,حرهشا,رهشاد سپاهان (سهامي عام,20,5642,555855482,103706,98521,98521,-5185,-5,103316,-390,-0.38,98521,98521,1400-9-6,2021-11-27
739,اخزا918,اسنادخزانه-م18بودجه99-010323,19,56602,50226010032,885885,887105,889000,3115,0.35,887354,1469,0.17,887101,889000,1400-9-6,2021-11-27
740,وحافظ,بيمه حافظ,19,54925,496631850,9517,9042,9042,-475,-4.99,9492,-25,-0.26,9042,9042,1400-9-6,2021-11-27
741,نگين,ص.س. زمين و ساختمان نگين شهرري,19,2921,152096420,53300,52200,52210,-1090,-2.05,52070,-1230,-2.31,51950,52980,1400-9-6,2021-11-27
742,گنجين,صندوق س. گنجينه يكم آويد-د,19,66318,944190101,14219,14240,14240,21,0.15,14237,18,0.13,14233,14240,1400-9-6,2021-11-27
743,ضفلا1160,اختيارخ فولاد-7000-1400/11/24,17,66,269653000,4741,4100,3990,-751,-15.84,4086,-655,-13.82,3990,4151,1400-9-6,2021-11-27
744,ثجوان,تامين مسكن جوانان,17,195179,967545733,5110,4957,4957,-153,-2.99,5095,-15,-0.29,4957,5000,1400-9-6,2021-11-27
745,زير0103پ01,زيره سبز0103كيميابذر(پ),16,737,675361000,916150,920000,920000,3850,0.42,916365,215,0.02,910000,920000,1400-9-6,2021-11-27
746,اخزا816,اسنادخزانه-م16بودجه98-010503,16,87473,75986801804,866137,866500,870900,4763,0.55,868689,2552,0.29,866500,871000,1400-9-6,2021-11-27
747,داريك,صندوق س.اعتماد داريك-د,16,97600,1164399358,11912,11930,11931,19,0.16,11930,18,0.15,11930,11931,1400-9-6,2021-11-27
748,زعف0008پ18,زعفران0008نگين بهرامن(پ),15,524,151677052,270100,280000,294486,24386,9.03,289460,19360,7.17,280000,294486,1400-9-6,2021-11-27
749,اخزا821,اسنادخزانه-م21بودجه98-020906,15,28334,18537111859,644673,650000,645100,427,0.07,654236,9563,1.48,645100,657300,1400-9-6,2021-11-27
750,ضملت1131,اختيارخ وبملت-2000-1400/11/13,14,102,113099000,1252,1119,1049,-203,-16.21,1109,-143,-11.42,1049,1130,1400-9-6,2021-11-27
751,ثبات,صندوق س. ثبات ويستا -د,14,207264,2168424818,10445,10463,10462,17,0.16,10462,17,0.16,10462,10463,1400-9-6,2021-11-27
752,الماس,صندوق س.امين تدبيرگران فردا-س,14,2418,257509010,106503,106501,106400,-103,-0.1,106497,-6,-0.01,106400,106501,1400-9-6,2021-11-27
753,آسام,صندوق س.آرمان سپهر آشنا-م,14,23440,2785598240,120018,120000,118000,-2018,-1.68,118840,-1178,-0.98,118000,120000,1400-9-6,2021-11-27
754,ضملت1132,اختيارخ وبملت-2500-1400/11/13,13,178,105546000,791,666,610,-181,-22.88,593,-198,-25.03,526,666,1400-9-6,2021-11-27
755,ضفلا1164,اختيارخ فولاد-12000-1400/11/24,13,135,86559000,949,631,642,-307,-32.35,641,-308,-32.46,602,690,1400-9-6,2021-11-27
756,اخزا820,اسنادخزانه-م20بودجه98-020806,13,11130,7360240439,657544,651115,670000,12456,1.89,661297,3753,0.57,651115,670000,1400-9-6,2021-11-27
757,اخزا818,اسنادخزانه-م18بودجه98-010614,13,7206,6083177681,843552,844222,844101,549,0.07,844182,630,0.07,844101,844510,1400-9-6,2021-11-27
758,ضپاس1009,اختيارخ وپارس-1600-1400/10/22,13,188,99653000,845,500,492,-353,-41.78,530,-315,-37.28,400,650,1400-9-6,2021-11-27
759,بذر,صندوق س بذر اميد آفرين-سهام,12,10724,1039931940,98060,97300,97290,-770,-0.79,96970,-1090,-1.11,94850,97300,1400-9-6,2021-11-27
760,ديرانح,ح . ‌ايران‌دارو,12,25425,467852400,18500,18500,17900,-600,-3.24,18400,-100,-0.54,17900,18500,1400-9-6,2021-11-27
761,ضشنا1048,اختيارخ شپنا-5450-1400/10/19,11,66,92628965,1065,800,790,-275,-25.82,765,-300,-28.17,740,800,1400-9-6,2021-11-27
762,قجام,فرآوردههاي غذايي وقندتربت‌جام‌,11,94092,610562988,6621,6489,6489,-132,-1.99,6605,-16,-0.24,6489,6489,1400-9-6,2021-11-27
763,اخزا809,اسنادخزانه-م9بودجه98-000923,11,5479,5414948877,987848,985040,990400,2552,0.26,988310,462,0.05,985040,990699,1400-9-6,2021-11-27
764,اخزا904,اسنادخزانه-م4بودجه99-011215,11,43808,33313441000,756983,756229,768000,11017,1.46,760442,3459,0.46,756229,768000,1400-9-6,2021-11-27
765,واحصا,احياء صنايع خراسان,11,5580,259804800,47999,46560,46560,-1439,-3,47960,-39,-0.08,46560,46560,1400-9-6,2021-11-27
766,اخزا813,اسنادخزانه-م13بودجه98-010219,10,910,827119033,906049,909000,909000,2951,0.33,908922,2873,0.32,907001,909000,1400-9-6,2021-11-27
767,ضشنا1049,اختيارخ شپنا-6540-1400/10/19,10,41,34747560,531,570,440,-91,-17.14,462,-69,-12.99,402,570,1400-9-6,2021-11-27
768,خعمرا,توسعه و عمران شهرستان نائين,10,189979,777964005,3900,4095,4095,195,5,3914,14,0.36,4095,4095,1400-9-6,2021-11-27
769,اراد33,مرابحه عام دولت3-ش.خ 0303,10,14200,12822456800,900000,900000,914998,14998,1.67,902990,2990,0.33,881002,919999,1400-9-6,2021-11-27
770,شليا,شركت مواد ويژه ليا,9,11346,525580758,47755,46323,46323,-1432,-3,47677,-78,-0.16,46323,46323,1400-9-6,2021-11-27
771,زعف0008پ15,زعفران0008پوشالمعمول طلاسرخ(پ),9,1007,244008918,239298,241000,242500,3202,1.34,242313,3015,1.26,241000,242500,1400-9-6,2021-11-27
772,فالوم,آلومتك‌,9,8242,215569510,26963,26155,26155,-808,-3,26945,-18,-0.07,26155,26155,1400-9-6,2021-11-27
773,سلار,شركت سيمان لارستان,9,21567,591367140,28268,27420,27420,-848,-3,28216,-52,-0.18,27420,27420,1400-9-6,2021-11-27
774,كهربا2,صندوق س.پشتوانه سكه طلا كهربا,9,900000,900000,10915,1,1,-10914,-99.99,1,-10914,-99.99,1,1,1400-9-6,2021-11-27
775,گپارس,امور رفاهي كارگزاران پارس,8,22198,2912266610,138100,131195,131195,-6905,-5,135983,-2117,-1.53,131195,131195,1400-9-6,2021-11-27
776,سخند,صندوق س.سپهرخبرگان نفت-د,8,39160,395844390,10097,10105,10138,41,0.41,10108,11,0.11,10104,10199,1400-9-6,2021-11-27
777,شتولي,تولي‌پرس‌,8,6264,124020936,20623,19799,19799,-824,-4,20602,-21,-0.1,19799,19799,1400-9-6,2021-11-27
778,زعف0110پ16,زعفران0110نگين بيرجند(پ),8,4385,1549952495,356214,353101,357507,1293,0.36,353467,-2747,-0.77,353000,357508,1400-9-6,2021-11-27
779,سميعا002,سلف موازي استاندارد سميعا002,8,382500,548462160000,1421220,1433888,1433888,12668,0.89,1433888,12668,0.89,1433888,1433888,1400-9-6,2021-11-27
780,زعف0110پ21,زعفران0110نگين ملل(پ),8,930,332574171,356057,360000,354005,-2052,-0.58,357607,1550,0.44,354005,365000,1400-9-6,2021-11-27
781,ضترا1133,اختيارخ شتران-4411-1400/11/10,8,94,101697620,579,490,411,-168,-29.02,477,-102,-17.62,411,490,1400-9-6,2021-11-27
782,دتوليدح,ح. داروسازي توليد دارو,8,36332,284458000,8200,8300,7790,-410,-5,7829,-371,-4.52,7790,8300,1400-9-6,2021-11-27
783,زعف0008پ09,زعفران0008نگين نوين(پ),8,1293,362293904,275321,279700,284900,9579,3.48,280196,4875,1.77,279700,284900,1400-9-6,2021-11-27
784,زعف0008پ19,زعفران0008نگين تروند قاينات(پ),8,1194,350522554,293178,294486,284486,-8692,-2.96,293570,392,0.13,266501,294486,1400-9-6,2021-11-27
785,اخزا905,اسنادخزانه-م5بودجه99-020218,7,19434,14386194480,731542,742638,741000,9458,1.29,740259,8717,1.19,726403,742638,1400-9-6,2021-11-27
786,ضترا1130,اختيارخ شتران-3089-1400/11/10,7,51,148055503,1650,1255,1300,-350,-21.21,1281,-369,-22.36,1255,1300,1400-9-6,2021-11-27
787,دپارسح,ح . پارس‌ دارو,7,7635,343575000,45000,45000,45000,0,0,45000,0,0,45000,45000,1400-9-6,2021-11-27
788,اراد86,مرابحه عام دولت86-ش.خ020404,7,70000,66050000000,960000,940000,965000,5000,0.52,943571,-16429,-1.71,940000,965000,1400-9-6,2021-11-27
789,ضجار1019,اختيارخ وتجارت-1400-1400/10/15,7,270,126290000,568,475,464,-104,-18.31,468,-100,-17.61,464,475,1400-9-6,2021-11-27
790,گكيش,توريستي ورفاهي آبادگران كيش,7,1490,57637670,40718,38683,38683,-2035,-5,40706,-12,-0.03,38683,38683,1400-9-6,2021-11-27
791,افران2,صندوق س افرا نماد پايدار-ثابت,6,65500000,65500000,14823,1,1,-14822,-99.99,1,-14822,-99.99,1,1,1400-9-6,2021-11-27
792,ضشنا1051,اختيارخ شپنا-8719-1400/10/19,6,159,20467590,91,70,85,-6,-6.59,70,-21,-23.08,69,85,1400-9-6,2021-11-27
793,غبهار,كشت وصنعت بهاران گلبهار خراسان,6,14587,249029264,17970,17072,17072,-898,-5,17946,-24,-0.13,17072,17072,1400-9-6,2021-11-27
794,زعف0008پ12,زعفران0008پوشالمعمول سحرخيز(پ),6,249,61438000,243957,236000,250000,6043,2.48,246739,2782,1.14,236000,250000,1400-9-6,2021-11-27
795,ضجار1021,اختيارخ وتجارت-1800-1400/10/15,6,136,28992000,301,210,210,-91,-30.23,213,-88,-29.24,202,249,1400-9-6,2021-11-27
796,سپرمي,پرميت‌,6,23492,264050080,11129,11240,11240,111,1,11144,15,0.13,11240,11240,1400-9-6,2021-11-27
797,داراب,پتروشيمي داراب,6,39648,85956864,2235,2168,2168,-67,-3,2234,-1,-0.04,2168,2168,1400-9-6,2021-11-27
798,وسنا,سرمايه گذاري نيروگاهي ايران,6,6294,69901164,11449,11106,11106,-343,-3,11447,-2,-0.02,11106,11106,1400-9-6,2021-11-27
799,برن0104پ01,برنج طارم0104تجارت مازندران(پ),5,232,102940012,437195,444000,442001,4806,1.1,443707,6512,1.49,442001,444000,1400-9-6,2021-11-27
800,سرو2,صندوق س سروسودمند مدبران-سهام,5,4100000,4100000,71700,1,1,-71699,-100,1,-71699,-100,1,1,1400-9-6,2021-11-27
801,اراد50,مرابحه عام دولت5-ش.خ0302,5,66100,66100000000,1000000,1000000,1000000,0,0,1000000,0,0,1000000,1000000,1400-9-6,2021-11-27
802,وسخوز,شركت س استان خوزستان,5,45800,27709000,636,605,605,-31,-4.87,636,0,0,605,605,1400-9-6,2021-11-27
803,ضترا1131,اختيارخ شتران-3529-1400/11/10,5,27,59327390,1447,990,950,-497,-34.35,969,-478,-33.03,950,990,1400-9-6,2021-11-27
804,ضبدر1161,اختيارخ شبندر-4500-1400/11/13,5,39,79560000,2200,2000,2100,-100,-4.55,2040,-160,-7.27,2000,2100,1400-9-6,2021-11-27
805,ثروتم,صندوق س. ثروت آفرين پارسيان-س,5,1660,141661620,86554,86010,84280,-2274,-2.63,85338,-1216,-1.4,84280,86010,1400-9-6,2021-11-27
806,اطلس2,صندوق س.توسعه اندوخته آينده-س,5,50000,50000,247389,1,1,-247388,-100,1,-247388,-100,1,1,1400-9-6,2021-11-27
807,ضپال2006,اختيارخ اپال-28000-1401/02/12,5,54,38810000,725,701,700,-25,-3.45,719,-6,-0.83,700,750,1400-9-6,2021-11-27
808,پادا,صندوق س.پاداش سرمايه پارس-س,5,5315,562795000,108943,108500,107000,-1943,-1.78,105888,-3055,-2.8,105800,108500,1400-9-6,2021-11-27
809,ضفار1132,اختيارخ فارس-9400-1400/11/06,5,13,29224000,2544,2248,2248,-296,-11.64,2248,-296,-11.64,2248,2248,1400-9-6,2021-11-27
810,جهرم,پتروشيمي جهرم,5,80441,105860356,1356,1316,1316,-40,-2.95,1356,0,0,1316,1316,1400-9-6,2021-11-27
811,سپر2,صندوق س سپر سرمايه بيدار- ثابت,4,62000000,62000000,13216,1,1,-13215,-99.99,1,-13215,-99.99,1,1,1400-9-6,2021-11-27
812,سخواف,سيمان مجد خواف,4,16650,125174700,7750,7518,7518,-232,-2.99,7747,-3,-0.04,7518,7518,1400-9-6,2021-11-27
813,ضملت1136,اختيارخ وبملت-4500-1400/11/13,4,73,3053000,80,47,20,-60,-75,42,-38,-47.5,20,47,1400-9-6,2021-11-27
814,هماي2,صندوق س هماي آگاه-ثابت,4,1476000,1476000,10024,1,1,-10023,-99.99,1,-10023,-99.99,1,1,1400-9-6,2021-11-27
815,دشيري,شيرين دارو,4,396,49814424,129684,125794,125794,-3890,-3,129664,-20,-0.02,125794,125794,1400-9-6,2021-11-27
816,ضترا1135,اختيارخ شتران-6176-1400/11/10,4,35,2856420,68,33,40,-28,-41.18,36,-32,-47.06,33,40,1400-9-6,2021-11-27
817,ضپنا1030,اختيارخ رمپنا-11850-1400/10/08,4,67,262840000,4730,4170,3800,-930,-19.66,3923,-807,-17.06,3800,4170,1400-9-6,2021-11-27
818,فردا2,صندوق س آواي فرداي زاگرس-ثابت,4,400000,400000,11869,1,1,-11868,-99.99,1,-11868,-99.99,1,1,1400-9-6,2021-11-27
819,وسصفا,شركت س استان اصفهان,4,26670,18482310,729,693,693,-36,-4.94,729,0,0,693,693,1400-9-6,2021-11-27
820,تملي802,تسهيلات مسكن ب. ملي-ارديبهشت98,4,24,19404000,770000,808500,808500,38500,5,808500,38500,5,808500,808500,1400-9-6,2021-11-27
821,تمحركه,ماشين سازي نيرو محركه,4,3294,63027396,19725,19134,19134,-591,-3,19721,-4,-0.02,19134,19134,1400-9-6,2021-11-27
822,كهرام,توليدي گرانيت بهسرام,3,439,38279044,88975,87196,87196,-1779,-2,88961,-14,-0.02,87196,87196,1400-9-6,2021-11-27
823,مشير112,مشاركت شهرداري شيراز-3ماهه18%,3,30000,30000000000,1000000,1000000,1000000,0,0,1000000,0,0,1000000,1000000,1400-9-6,2021-11-27
824,تملي704,تسهيلات مسكن ب. ملي-تير97,3,82,55656024,646412,678732,678732,32320,5,678732,32320,5,678732,678732,1400-9-6,2021-11-27
825,اراد61,مرابحه عام دولت61-ش.خ0309,3,56000,56000056000,1000001,1000001,1000001,0,0,1000001,0,0,1000001,1000001,1400-9-6,2021-11-27
826,ضذوب905,اختيارخ ذوب-5000-14000917,3,71,313000,3,5,3,0,0,4,1,33.33,3,5,1400-9-6,2021-11-27
827,ضپيك1031,اختيارخ تاپيكو-14000-00/10/15,3,33,45750000,1450,1300,1395,-55,-3.79,1386,-64,-4.41,1300,1395,1400-9-6,2021-11-27
828,وآتوس,س.آرين توسكا قيمت اسمي 350ريال,3,2490,61089660,25292,24534,24534,-758,-3,25286,-6,-0.02,24534,24534,1400-9-6,2021-11-27
829,ضپاس1010,اختيارخ وپارس-1800-1400/10/22,3,81,30316000,520,431,301,-219,-42.12,374,-146,-28.08,301,431,1400-9-6,2021-11-27
830,وسرضوي,س.سهام عدالت استان خراسان رضوي,3,220000,151800000,726,690,690,-36,-4.96,726,0,0,690,690,1400-9-6,2021-11-27
831,خاتم2,صندوق س خاتم ايساتيس پويا-ثابت,2,1200000,1200000,12363,1,1,-12362,-99.99,1,-12362,-99.99,1,1,1400-9-6,2021-11-27
832,طفلا1163,اختيارف فولاد-10000-1400/11/24,2,2,590000,334,340,250,-84,-25.15,295,-39,-11.68,250,340,1400-9-6,2021-11-27
833,ضپاس1011,اختيارخ وپارس-2000-1400/10/22,2,25,7999000,409,320,319,-90,-22,320,-89,-21.76,319,320,1400-9-6,2021-11-27
834,كرمان02,مرابحه كرمان موتور14020306,2,5000,4925050000,985010,985010,985010,0,0,985010,0,0,985010,985010,1400-9-6,2021-11-27
835,ضذوب902,اختيارخ ذوب-3500-14000917,2,30,9240000,316,292,316,0,0,308,-8,-2.53,292,316,1400-9-6,2021-11-27
836,صايپا012,صكوك مرابحه سايپا012-3ماهه 16%,2,15000,15000030000,1000002,1000002,1000002,0,0,1000002,0,0,1000002,1000002,1400-9-6,2021-11-27
837,ضبدر1164,اختيارخ شبندر-7000-1400/11/13,2,26,10549000,533,549,400,-133,-24.95,406,-127,-23.83,400,549,1400-9-6,2021-11-27
838,شگويات.ف0104,اختيارف.تبعي شگويا010408,2,1224,1224,1,1,1,0,0,1,0,0,1,1,1400-9-6,2021-11-27
839,صايپا308,صكوك مرابحه سايپا308-3ماهه 18%,2,14015,14015000000,1030000,1000000,1000000,-30000,-2.91,1000000,-30000,-2.91,1000000,1000000,1400-9-6,2021-11-27
840,افاد61,منفعت دولت6-ش.خاص140109,2,14000,14210000000,999999,1000000,1030000,30001,3,1015000,15001,1.5,1000000,1030000,1400-9-6,2021-11-27
841,ثقزوي,شركت عمران و سازندگي قزوين,2,5077,141836149,29407,27937,27937,-1470,-5,29385,-22,-0.07,27937,27937,1400-9-6,2021-11-27
842,زير0103پ04,زيره سبز0103شركت مينوبذر(پ),2,40,36800000,903333,920000,920000,16667,1.85,920000,16667,1.85,920000,920000,1400-9-6,2021-11-27
843,ضغدر1129,اختيارخ وغدير-9000-1400/11/20,2,2,11890000,6550,5900,5990,-560,-8.55,5945,-605,-9.24,5900,5990,1400-9-6,2021-11-27
844,دمعيار2,صندوق س. توازن معيار-د,2,400000,400000,10029,1,1,-10028,-99.99,1,-10028,-99.99,1,1,1400-9-6,2021-11-27
845,سفارود,كارخانه فارسيت درود,2,12735,203505300,16306,15980,15980,-326,-2,16292,-14,-0.09,15980,15980,1400-9-6,2021-11-27
846,اراد854,مرابحه عام دولت85-ش.خ010704,2,23659000,22778225400000,948170,970600,952080,3910,0.41,962772,14602,1.54,952080,970600,1400-9-6,2021-11-27
847,فبستم,صنايع ‌بسته‌بندي‌ مشهد,2,537,438729,794,817,817,23,2.9,794,0,0,817,817,1400-9-6,2021-11-27
848,اراد584,مرابحه عام دولت5-ش.خ 0110,2,7360000,7142282080000,960000,970428,970411,10411,1.08,970419,10419,1.09,970411,970428,1400-9-6,2021-11-27
849,تبريز112,مشاركت شهرداري تبريز-3ماهه18%,2,493,490294547,960000,989000,994999,34999,3.65,994512,34512,3.6,989000,994999,1400-9-6,2021-11-27
850,طجار1022,اختيارف وتجارت-2000-1400/10/15,2,10,2000000,100,200,200,100,100,200,100,100,200,200,1400-9-6,2021-11-27
851,سپيدما4,صندوق س. سپيد دماوند-د,2,244000000,2789896000000,11425,11434,11434,9,0.08,11434,9,0.08,11434,11434,1400-9-6,2021-11-27
852,پاسار04,اجاره انرژي پاسارگاد14040302,2,27000,27000000000,1000000,1000000,1000000,0,0,1000000,0,0,1000000,1000000,1400-9-6,2021-11-27
853,ضترا1132,اختيارخ شتران-3970-1400/11/10,2,30,45340000,908,700,650,-258,-28.41,667,-241,-26.54,650,700,1400-9-6,2021-11-27
854,تبريز304,مشاركت ش تبريز304-3ماهه18%,2,16000,16006704000,1000419,1000419,1000419,0,0,1000419,0,0,1000419,1000419,1400-9-6,2021-11-27
855,ضچاد1022,اختيارخ كچاد-28000-1400/10/05,2,2,3800000,2650,1800,2000,-650,-24.53,1900,-750,-28.3,1800,2000,1400-9-6,2021-11-27
856,ضذوب900,اختيارخ ذوب-2500-14000917,2,10,12500000,1234,1250,1250,16,1.3,1250,16,1.3,1250,1250,1400-9-6,2021-11-27
857,اراد864,مرابحه عام دولت86-ش.خ020404,2,13206200,12176050369000,960000,921995,921995,-38005,-3.96,921995,-38005,-3.96,921995,921995,1400-9-6,2021-11-27
858,وسالت,بانك قرض الحسنه رسالت,1,5046,5459772,1051,1082,1082,31,2.95,1051,0,0,1082,1082,1400-9-6,2021-11-27
859,اخزا8154,اسنادخزانه-م15بودجه98-010406,1,3174380,2817420969000,881644,887550,887550,5906,0.67,887550,5906,0.67,887550,887550,1400-9-6,2021-11-27
860,اراد404,مرابحه عام دولت4-ش.خ 0207,1,23500000,21695200000000,1000000,923200,923200,-76800,-7.68,923200,-76800,-7.68,923200,923200,1400-9-6,2021-11-27
861,ضذوب904,اختيارخ ذوب-4500-14000917,1,1,29000,15,29,29,14,93.33,29,14,93.33,29,29,1400-9-6,2021-11-27
862,اراد384,مرابحه عام دولت3-ش.خ 0105,1,25000000,24125000000000,1000000,965000,965000,-35000,-3.5,965000,-35000,-3.5,965000,965000,1400-9-6,2021-11-27
863,اراد904,مرابحه عام دولت90-ش.خ050217,1,6000000,5172000000000,1000000,862000,862000,-138000,-13.8,862000,-138000,-13.8,862000,862000,1400-9-6,2021-11-27
864,اراد644,مرابحه عام دولتي64-ش.خ0111,1,10000000,9395000000000,944500,939500,939500,-5000,-0.53,939500,-5000,-0.53,939500,939500,1400-9-6,2021-11-27
865,داريك4,صندوق س.اعتماد داريك-د,1,30000000,354300000000,11912,11810,11810,-102,-0.86,11810,-102,-0.86,11810,11810,1400-9-6,2021-11-27
866,افاد44,منفعت دولتي4-شرايط خاص14010729,1,10000000,9701000000000,999999,970100,970100,-29899,-2.99,970100,-29899,-2.99,970100,970100,1400-9-6,2021-11-27
867,اراد524,مرابحه عام دولت5-ش.خ 0108,1,7000000,6671000000000,1000000,953000,953000,-47000,-4.7,953000,-47000,-4.7,953000,953000,1400-9-6,2021-11-27
868,اراد124,مرابحه عام دولت1-ش.خ ملت0206,1,9999000,9399060000000,1000000,940000,940000,-60000,-6,940000,-60000,-6,940000,940000,1400-9-6,2021-11-27
869,اراد76,مرابحه عام دولت76-ش.خ030406,1,2000,2016000000,960000,1008000,1008000,48000,5,1008000,48000,5,1008000,1008000,1400-9-6,2021-11-27
870,شلرد022,كود شيميايي اوره لردگان,1,110000,110000000000,997000,1000000,1000000,3000,0.3,1000000,3000,0.3,1000000,1000000,1400-9-6,2021-11-27
871,اراد814,مرابحه عام دولت81-ش.خ010812,1,20000000,19087400000000,1000000,954370,954370,-45630,-4.56,954370,-45630,-4.56,954370,954370,1400-9-6,2021-11-27
872,اراد35,مرابحه عام دولت3-ش.خ 0103,1,5000,4892500000,968700,978500,978500,9800,1.01,978500,9800,1.01,978500,978500,1400-9-6,2021-11-27
873,ضپنا1031,اختيارخ رمپنا-13850-1400/10/08,1,22,71500000,2400,3250,3250,850,35.42,3250,850,35.42,3250,3250,1400-9-6,2021-11-27
874,اراد454,مرابحه عام دولت4-ش.خ 0107,1,7061600,6765012800000,1004583,958000,958000,-46583,-4.64,958000,-46583,-4.64,958000,958000,1400-9-6,2021-11-27
875,اخزا8124,اسنادخزانه-م12بودجه98-001111,1,3384360,3263741409600,960236,964360,964360,4124,0.43,964360,4124,0.43,964360,964360,1400-9-6,2021-11-27
876,ضشنا1046,اختيارخ شپنا-4360-1400/10/19,1,10,37617500,3541,2050,2050,-1491,-42.11,2050,-1491,-42.11,2050,2050,1400-9-6,2021-11-27
877,اراد394,مرابحه عام دولت3-ش.خ 0204,1,30000000,27990000000000,1000000,933000,933000,-67000,-6.7,933000,-67000,-6.7,933000,933000,1400-9-6,2021-11-27
878,تصميم4,صندوق س با درآمد ثابت تصميم,1,51880000,936797160000,18047,18057,18057,10,0.06,18057,10,0.06,18057,18057,1400-9-6,2021-11-27
879,سحرخيز2,صندوق س. گروه زعفران سحرخيز,1,1500000,1500000,21187,1,1,-21186,-100,1,-21186,-100,1,1,1400-9-6,2021-11-27
880,واميد2,گروه مديريت سرمايه گذاري اميد,1,6200000,79670000000,13240,12850,12850,-390,-2.95,12850,-390,-2.95,12850,12850,1400-9-6,2021-11-27
881,ضغدر1131,اختيارخ وغدير-12000-1400/11/20,1,30,120000000,4850,4000,4000,-850,-17.53,4000,-850,-17.53,4000,4000,1400-9-6,2021-11-27
882,زيتون2,صندوق س زيتون نماد پايا- مختلط,1,640000,640000,9885,1,1,-9884,-99.99,1,-9884,-99.99,1,1,1400-9-6,2021-11-27
883,مشهد0012,مشاركت شهرداري مشهد-3ماهه20%,1,10,9900000,1000000,990000,990000,-10000,-1,990000,-10000,-1,990000,990000,1400-9-6,2021-11-27
884,اراد544,مرابحه عام دولت5-ش.خ 0109,1,2105700,2002099560000,990000,950800,950800,-39200,-3.96,950800,-39200,-3.96,950800,950800,1400-9-6,2021-11-27
885,اراد734,مرابحه عام دولت73-ش.خ0402,1,5000000,4415000000000,960050,883000,883000,-77050,-8.03,883000,-77050,-8.03,883000,883000,1400-9-6,2021-11-27
886,ضسان1048,اختيارخ پارسان-16000-00/10/12,1,1,15000000,16300,15000,15000,-1300,-7.98,15000,-1300,-7.98,15000,15000,1400-9-6,2021-11-27
887,افاد624,منفعت دولت6-ش.خاص ملت0109,1,5000000,4829500000000,1000000,965900,965900,-34100,-3.41,965900,-34100,-3.41,965900,965900,1400-9-6,2021-11-27
888,صشستا3112,صكوك اجاره شستا311-بدون ضامن,1,500000,500000000000,1000000,1000000,1000000,0,0,1000000,0,0,1000000,1000000,1400-9-6,2021-11-27
889,ضصاد1115,اختيارخ وبصادر-3000-1400/11/06,1,10,400000,40,40,40,0,0,40,0,0,40,40,1400-9-6,2021-11-27
890,اراد364,مرابحه عام دولت3-ش.خ 0104,1,20000000,19333400000000,966200,966670,966670,470,0.05,966670,470,0.05,966670,966670,1400-9-6,2021-11-27
891,اراد244,مرابحه عام دولت2-ش.خ ساير0212,1,4000000,3690600000000,1000000,922650,922650,-77350,-7.74,922650,-77350,-7.74,922650,922650,1400-9-6,2021-11-27
892,هنوري102,اختيارف ت نوري59561-01/02/15,1,199,199,1,1,1,0,0,1,0,0,1,1,1400-9-6,2021-11-27
893,ضشنا1047,اختيارخ شپنا-4905-1400/10/19,1,7,20539155,2450,1599,1599,-851,-34.73,1599,-851,-34.73,1599,1599,1400-9-6,2021-11-27
894,گواهي ظرفيت,گواهي ظرفيت نقدي,1,500000,15014000000,28599,30028,30028,1429,5,28628,29,0.1,30028,30028,1400-9-6,2021-11-27
895,ضذوب903,اختيارخ ذوب-4000-14000917,1,1,100000,693,100,100,-593,-85.57,100,-593,-85.57,100,100,1400-9-6,2021-11-27
896,كمند2,صندوق س. با درآمد ثابت كمند,1,128700000,128700000,10103,1,1,-10102,-99.99,1,-10102,-99.99,1,1,1400-9-6,2021-11-27
897,اعتماد4,صندوق س.اعتماد آفرين پارسيان-د,1,30000000,1207650000000,40213,40255,40255,42,0.1,40255,42,0.1,40255,40255,1400-9-6,2021-11-27
898,اراد324,مرابحه عام دولت3-ش.خ0211,1,915000,805200000000,1000000,880000,880000,-120000,-12,880000,-120000,-12,880000,880000,1400-9-6,2021-11-27
899,افاد84,منفعت دولت8-ش.خاص ساير0205,1,3000,3060000000,997000,1020000,1020000,23000,2.31,1020000,23000,2.31,1020000,1020000,1400-9-6,2021-11-27
900,طستا1003,اختيارف شستا-10000-1400/10/29,1,1,1900000,100,1900,1900,1800,1800,1900,1800,1800,1900,1900,1400-9-6,2021-11-27
901,حاريا,كشتيراني آريا,1,350,5313700,15491,15182,15182,-309,-1.99,15491,0,0,15182,15182,1400-9-6,2021-11-27
902,كگل2,معدني و صنعتي گل گهر,1,8000000,187200000000,23790,23400,23400,-390,-1.64,23400,-390,-1.64,23400,23400,1400-9-6,2021-11-27
903,رايان106,مشاركت رايان سايپا-3ماهه16%,1,6,5850276,975046,975046,975046,0,0,975046,0,0,975046,975046,1400-9-6,2021-11-27
904,فايرا2,آلومينيوم‌ايران‌,1,36999990,603099837000,16810,16300,16300,-510,-3.03,16300,-510,-3.03,16300,16300,1400-9-6,2021-11-27
905,زعف0110پ09,زعفران0110نگين نوين(پ),1,15,5400000,359924,360000,360000,76,0.02,360000,76,0.02,360000,360000,1400-9-6,2021-11-27
906,كيش1402,اجاره س. و توسعه كيش14020820,1,300,300000000,1000000,1000000,1000000,0,0,1000000,0,0,1000000,1000000,1400-9-6,2021-11-27
907,فولاد2,فولاد مباركه اصفهان,1,18000000,184500000000,10770,10250,10250,-520,-4.83,10250,-520,-4.83,10250,10250,1400-9-6,2021-11-27
908,ضستا1001,اختيارخ شستا-8000-1400/10/29,1,1,4160000,4693,4160,4160,-533,-11.36,4160,-533,-11.36,4160,4160,1400-9-6,2021-11-27
909,اروند08,منفعت صبا اروند ملت 14001222,1,10000,9800000000,960000,980000,980000,20000,2.08,980000,20000,2.08,980000,980000,1400-9-6,2021-11-27
910,اراد424,مرابحه عام دولت4-ش.خ 0106,1,5000000,4912625000000,998500,982525,982525,-15975,-1.6,982525,-15975,-1.6,982525,982525,1400-9-6,2021-11-27
911,داريوش2,صندوق س. ثروت داريوش -س,1,100000,100000,9817,1,1,-9816,-99.99,1,-9816,-99.99,1,1,1400-9-6,2021-11-27
912,فنرژي,گسترش صنايع انرژي آذرآب,1,1000,12216000,12465,12216,12216,-249,-2,12464,-1,-0.01,12216,12216,1400-9-6,2021-11-27
913,ضستا1000,اختيارخ شستا-7000-1400/10/29,1,1,3700000,5340,3700,3700,-1640,-30.71,3700,-1640,-30.71,3700,3700,1400-9-6,2021-11-27
914,سنفت013,سلف موازي استاندارد سنفت013,1,50,83181750,1694020,1663635,1663635,-30385,-1.79,1663635,-30385,-1.79,1663635,1663635,1400-9-6,2021-11-27
915,اراد74,مرابحه عام دولت74-ش.خ040226,1,3000,2970000000,979376,990000,990000,10624,1.08,990000,10624,1.08,990000,990000,1400-9-6,2021-11-27
916,سپر4,صندوق س سپر سرمايه بيدار- ثابت,1,37800000,499602600000,13216,13217,13217,1,0.01,13217,1,0.01,13217,13217,1400-9-6,2021-11-27
917,اخزا8144,اسنادخزانه-م14بودجه98-010318,1,2443500,2192063850000,890501,897100,897100,6599,0.74,897100,6599,0.74,897100,897100,1400-9-6,2021-11-27
918,تملي709,تسهيلات مسكن ب. ملي-آذر97,1,1,791499,833156,791499,791499,-41657,-5,791499,-41657,-5,791499,791499,1400-9-6,2021-11-27
919,ضصاد1110,اختيارخ وبصادر-1400-1400/11/06,1,20,9000000,517,450,450,-67,-12.96,450,-67,-12.96,450,450,1400-9-6,2021-11-27
920,اخزا0082,اسنادخزانه-م8بودجه00-030919,1,211677,105838500000,504090,500000,500000,-4090,-0.81,500000,-4090,-0.81,500000,500000,1400-9-6,2021-11-27
921,اراد354,مرابحه عام دولت3-ش.خ 0103,1,4995000,4907597490000,968700,982502,982502,13802,1.42,982502,13802,1.42,982502,982502,1400-9-6,2021-11-27
922,اراد84,مرابحه عام دولت84-ش.خ030624,1,3000,3000000000,993000,1000000,1000000,7000,0.7,1000000,7000,0.7,1000000,1000000,1400-9-6,2021-11-27
923,طجار1021,اختيارف وتجارت-1800-1400/10/15,1,100,9000000,60,90,90,30,50,90,30,50,90,90,1400-9-6,2021-11-27
924,اراد624,مرابحه عام دولت62-ش.خ0309,1,6996000,6247428000000,1000000,893000,893000,-107000,-10.7,893000,-107000,-10.7,893000,893000,1400-9-6,2021-11-27
925,اراد85,مرابحه عام دولت85-ش.خ010704,1,5000,4805000000,948170,961000,961000,12830,1.35,961000,12830,1.35,961000,961000,1400-9-6,2021-11-27
926,اراد344,مرابحه عام دولت3-ش.خ 0305,1,8000000,6800000000000,1000000,850000,850000,-150000,-15,850000,-150000,-15,850000,850000,1400-9-6,2021-11-27
927,افاد614,منفعت دولت6-ش.خاص140109,1,3000000,2897250000000,999999,965750,965750,-34249,-3.42,965750,-34249,-3.42,965750,965750,1400-9-6,2021-11-27
928,ضشنا1052,اختيارخ شپنا-9809-1400/10/19,1,51,4679250,5,50,50,45,900,50,45,900,50,50,1400-9-6,2021-11-27
929,اخزا009,اسناد خزانه-م9بودجه00-031101,1,10,4950000,495001,495000,495000,-1,0,495000,-1,0,495000,495000,1400-9-6,2021-11-27
930,افران4,صندوق س افرا نماد پايدار-ثابت,1,50000000,741650000000,14823,14833,14833,10,0.07,14833,10,0.07,14833,14833,1400-9-6,2021-11-27
