,نماد,نام,تعداد,حجم,ارزش,دیروز,اولین,آخرین معامله - مقدار,آخرین معامله - تغییر,آخرین معامله - درصد,قیمت پایانی - مقدار,قیمت پایانی - تغییر,قیمت پایانی - درصد,کمترین,بیشترین,تاریخ,gregorian_date
0,پالايش,صندوق پالايشي يكم-سهام,35239,37761356,2622821918940,65030,67100,71110,6080,9.35,69460,4430,6.81,67100,71500,1400-8-10,2021-11-01
1,دارا يكم,صندوق واسطه گري مالي يكم-سهام,18889,12083666,1306866219290,101780,105000,110040,8260,8.12,108150,6370,6.26,105000,110600,1400-8-10,2021-11-01
2,خبنيان,بنيان ديزل,17473,1300059,212972108388,164349,159419,168600,4251,2.59,163817,-532,-0.32,159419,169279,1400-8-10,2021-11-01
3,بركتح,ح . گروه دارويي بركت,17274,33573714,577934716743,7546,18850,16965,9419,124.82,17214,9668,128.12,16965,18850,1400-8-10,2021-11-01
4,بركت,گروه دارويي بركت,16301,49904980,1040874171880,21510,20440,20440,-1070,-4.97,20860,-650,-3.02,20440,22130,1400-8-10,2021-11-01
5,فولاد,فولاد مباركه اصفهان,11467,91477408,1042798253560,10980,11200,11380,400,3.64,11400,420,3.83,11200,11520,1400-8-10,2021-11-01
6,كدما,معدني‌ دماوند,11294,8248223,770951175930,96620,94650,91820,-4800,-4.97,93470,-3150,-3.26,91790,99500,1400-8-10,2021-11-01
7,فجهان,مجتمع جهان فولاد سيرجان,10672,39439360,232575299794,5779,5770,5896,117,2.02,5897,118,2.04,5770,5970,1400-8-10,2021-11-01
8,فرابورس,فرابورس ايران,10628,40047440,1054902390023,25305,25500,26570,1265,5,26341,1036,4.09,25489,26570,1400-8-10,2021-11-01
9,غزر,صنعتي زر ماكارون,9560,33146177,336838093120,10230,9780,10740,510,4.99,10160,-70,-0.68,9720,10740,1400-8-10,2021-11-01
10,شپنا,پالايش نفت اصفهان,9557,92462881,980728033850,10120,10300,10620,500,4.94,10610,490,4.84,10280,10620,1400-8-10,2021-11-01
11,فسبزوار,پارس فولاد سبزوار,9545,4389323,152921182470,34150,34520,34600,450,1.32,34840,690,2.02,34510,35500,1400-8-10,2021-11-01
12,كيمياتك,آريان كيميا تك,9265,2228985,58375838540,25210,25050,26470,1260,5,26190,980,3.89,25050,26470,1400-8-10,2021-11-01
13,خنصير,مهندسي‌نصيرماشين‌,8141,44018831,888361867250,20800,19760,20680,-120,-0.58,20180,-620,-2.98,19760,21400,1400-8-10,2021-11-01
14,فملي,ملي‌ صنايع‌ مس‌ ايران‌,7354,37143651,487975864870,12670,12850,13110,440,3.47,13140,470,3.71,12850,13230,1400-8-10,2021-11-01
15,توسن,توسعه سامانه ي نرم افزاري نگين,6533,1320002,18303117608,13212,13610,13872,660,5,13866,654,4.95,13610,13872,1400-8-10,2021-11-01
16,شتران,پالايش نفت تهران,6143,86436841,382956731348,4224,4350,4435,211,5,4430,206,4.88,4271,4435,1400-8-10,2021-11-01
17,كرمان,س. توسعه و عمران استان كرمان,6117,198028552,195811791181,950,970,990,40,4.21,989,39,4.11,968,997,1400-8-10,2021-11-01
18,مديريت,س. و خدمات مديريت صند. ب كشوري,5945,7437370,70572678098,9068,9201,9521,453,5,9489,421,4.64,9201,9521,1400-8-10,2021-11-01
19,كمند,صندوق س. با درآمد ثابت كمند,5488,210181794,2130745746612,10133,10138,10138,5,0.05,10138,5,0.05,10137,10139,1400-8-10,2021-11-01
20,غگيلا,شيرپاستوريزه پگاه گيلان,5409,7984647,136544401075,17557,17000,16680,-877,-5,17101,-456,-2.6,16680,18000,1400-8-10,2021-11-01
21,وهامون,سرمايه گذاري هامون صبا,5145,17408704,48096909764,2660,2630,2793,133,5,2763,103,3.87,2630,2793,1400-8-10,2021-11-01
22,ثشاهد,سرمايه‌ گذاري‌ شاهد,4631,24026180,278138287620,11830,11240,11240,-590,-4.99,11580,-250,-2.11,11240,12130,1400-8-10,2021-11-01
23,گدنا,تهيه توزيع غذاي دنا آفرين فدك,4607,4106193,59255522545,14899,14159,14330,-569,-3.82,14431,-468,-3.14,14155,15250,1400-8-10,2021-11-01
24,سپيد,سپيد ماكيان,4495,2662122,142030892910,54500,55500,52930,-1570,-2.88,53350,-1150,-2.11,52750,55500,1400-8-10,2021-11-01
25,سپيدار,سپيدار سيستم آسيا,4414,2345613,40124815636,16347,15900,17164,817,5,17106,759,4.64,15900,17164,1400-8-10,2021-11-01
26,امين,تامين سرمايه امين,4383,2690886,32050196710,11720,11740,11940,220,1.88,11840,120,1.02,11740,12010,1400-8-10,2021-11-01
27,قتربت,قند تربت حيدريه,4286,637697,33052227129,53116,51523,51523,-1593,-3,51831,-1285,-2.42,51523,54490,1400-8-10,2021-11-01
28,وتجارت,بانك تجارت,4121,109318381,193154579584,1692,1700,1776,84,4.96,1767,75,4.43,1680,1776,1400-8-10,2021-11-01
29,نوري,پتروشيمي نوري,3934,2602437,286919407590,106800,108200,109940,3140,2.94,110250,3450,3.23,108200,111830,1400-8-10,2021-11-01
30,صبا,سرمايه گذاري صبا تامين,3895,27045617,162272693991,5763,5900,5979,216,3.75,6000,237,4.11,5900,6051,1400-8-10,2021-11-01
31,وملي,گروه‌ صنعتي‌ ملي‌ (هلدينگ‌,3824,1452804,257295052610,181380,174990,173500,-7880,-4.34,177100,-4280,-2.36,172320,185000,1400-8-10,2021-11-01
32,آبادا,توليد نيروي برق آبادان,3765,2250922,32832797280,14640,14640,14460,-180,-1.23,14590,-50,-0.34,14020,14870,1400-8-10,2021-11-01
33,سمگا,گروه سرمايه گذاري ميراث فرهنگي,3724,43793875,420202895837,10049,9547,9547,-502,-5,9595,-454,-4.52,9547,10000,1400-8-10,2021-11-01
34,كاما,باما,3690,23995785,193379523490,7770,7780,7960,190,2.45,8060,290,3.73,7780,8150,1400-8-10,2021-11-01
35,وسديد,گروه ‌صنعتي‌سديد,3519,68831107,67467778970,1009,979,979,-30,-2.97,980,-29,-2.87,979,992,1400-8-10,2021-11-01
36,شاروم,پتروشيمي اروميه,3512,2421177,31076244566,12756,12431,12959,203,1.59,12835,79,0.62,12300,13393,1400-8-10,2021-11-01
37,كيان,صندوق س. با درآمد ثابت كيان,3479,36822462,1153992855722,31322,31340,31340,18,0.06,31339,17,0.05,31338,31342,1400-8-10,2021-11-01
38,شصدف,صنعتي دوده فام,3456,5064263,147518865946,28318,28318,28899,581,2.05,29129,811,2.86,28318,29733,1400-8-10,2021-11-01
39,خودرو,ايران‌ خودرو,3410,152632403,251492523572,1574,1620,1652,78,4.96,1648,74,4.7,1601,1652,1400-8-10,2021-11-01
40,لپارس,پارس‌ الكتريك‌,3329,1988970,245566052050,126890,123250,120550,-6340,-5,123460,-3430,-2.7,120550,130940,1400-8-10,2021-11-01
41,خساپا,سايپا,3326,151013446,226507050416,1432,1471,1503,71,4.96,1500,68,4.75,1470,1503,1400-8-10,2021-11-01
42,ذوب,سهامي ذوب آهن  اصفهان,3304,67409214,249172034089,3522,3560,3698,176,5,3696,174,4.94,3560,3698,1400-8-10,2021-11-01
43,بوعلي,پتروشيمي بوعلي سينا,3301,1631801,117663801880,70510,70580,71690,1180,1.67,72110,1600,2.27,70580,73190,1400-8-10,2021-11-01
44,آريا,پليمر آريا ساسول,3255,939039,101707584458,105419,105420,108130,2711,2.57,108310,2891,2.74,105420,109500,1400-8-10,2021-11-01
45,ومدير,گ.مديريت ارزش سرمايه ص ب كشوري,3247,10018343,42819428518,4139,4139,4285,146,3.53,4274,135,3.26,4139,4343,1400-8-10,2021-11-01
46,هاي وب,داده گسترعصرنوين-هاي وب,3199,29816784,245203553190,8240,8300,8100,-140,-1.7,8220,-20,-0.24,7960,8560,1400-8-10,2021-11-01
47,ولكار,ليزينگ كارآفرين,3061,2034444,8564248492,4235,4128,4180,-55,-1.3,4220,-15,-0.35,4120,4350,1400-8-10,2021-11-01
48,چخزر,صنايع چوب خزر كاسپين,3029,373646,10278176839,26563,25660,27500,937,3.53,27234,671,2.53,25660,27891,1400-8-10,2021-11-01
49,بپيوند,برق و انرژي پيوندگستر پارس,3017,2029448,18858296453,9015,8930,9465,450,4.99,9292,277,3.07,8930,9465,1400-8-10,2021-11-01
50,شبندر,پالايش نفت بندرعباس,3016,51805335,311562955870,5740,5960,6020,280,4.88,6010,270,4.7,5920,6020,1400-8-10,2021-11-01
51,سرو,صندوق س سروسودمند مدبران-سهام,2993,4279148,301596674910,68170,69090,70790,2620,3.84,70480,2310,3.39,69090,71000,1400-8-10,2021-11-01
52,بكاب,صنايع‌جوشكاب‌يزد,2983,1715342,206003209080,124910,118670,118670,-6240,-5,120090,-4820,-3.86,118670,129000,1400-8-10,2021-11-01
53,خزر,فنرسازي‌زر,2928,13564024,144913524110,10830,10450,10800,-30,-0.28,10680,-150,-1.39,10290,11300,1400-8-10,2021-11-01
54,ثاميد,توسعه و عمران اميد,2851,16685905,22971431640,1340,1342,1385,45,3.36,1377,37,2.76,1342,1387,1400-8-10,2021-11-01
55,قثابت,قند ثابت‌ خراسان‌,2820,60586264,125451082717,2110,2032,2020,-90,-4.27,2071,-39,-1.85,2005,2173,1400-8-10,2021-11-01
56,شگويا,پتروشيمي تندگويان,2799,10974239,116393486311,10173,10200,10681,508,4.99,10606,433,4.26,10200,10681,1400-8-10,2021-11-01
57,غكورش,صنعت غذايي كورش,2741,1592175,67190651720,41500,40810,42260,760,1.83,42200,700,1.69,40810,43480,1400-8-10,2021-11-01
58,حگردش,ريل گردش ايرانيان,2736,34714434,125276747295,3575,3472,3660,85,2.38,3609,34,0.95,3472,3682,1400-8-10,2021-11-01
59,فگستر,گسترش صنايع روي ايرانيان,2726,972529,9419110322,9781,9335,9450,-331,-3.38,9715,-66,-0.67,9335,10140,1400-8-10,2021-11-01
60,خپارس,پارس‌ خودرو,2722,169623289,170978936234,962,989,1010,48,4.99,1008,46,4.78,970,1010,1400-8-10,2021-11-01
61,حفاري,حفاري شمال,2703,32241669,136139711195,4360,4377,4159,-201,-4.61,4222,-138,-3.17,4159,4377,1400-8-10,2021-11-01
62,شلرد,كود شيميايي اوره لردگان,2698,20651067,189870443095,9380,9160,9200,-180,-1.92,9194,-186,-1.98,9099,9590,1400-8-10,2021-11-01
63,وكبهمن,مديريت سرمايه گذاري كوثربهمن,2692,579939,5734264438,9726,9580,9853,127,1.31,9791,65,0.67,9451,10098,1400-8-10,2021-11-01
64,لطيف,محصولات كاغذي لطيف,2642,433183,15822990572,36045,36045,36080,35,0.1,36527,482,1.34,35150,37847,1400-8-10,2021-11-01
65,تسه0007,امتيازتسهيلات مسكن مهر1400,2628,76802,54048008517,699287,692888,702000,2713,0.39,703732,4445,0.64,690000,710000,1400-8-10,2021-11-01
66,رافزا,رايان هم افزا,2621,390661,21333569300,55672,54110,53250,-2422,-4.35,54609,-1063,-1.91,52889,58300,1400-8-10,2021-11-01
67,وسپهر,سرمايه گذاري مالي سپهرصادرات,2587,6779798,48031637950,7059,7066,7061,2,0.03,7073,14,0.2,7060,7237,1400-8-10,2021-11-01
68,وغدير,سرمايه‌گذاري‌غدير(هلدينگ‌,2525,17118497,252202814090,14250,14200,14500,250,1.75,14730,480,3.37,14200,14960,1400-8-10,2021-11-01
69,كزغال,زغال سنگ پروده طبس,2491,548314,17152606333,30404,29600,30772,368,1.21,31006,602,1.98,29600,31800,1400-8-10,2021-11-01
70,وبصادر,بانك صادرات ايران,2489,79640967,137677374429,1656,1630,1738,82,4.95,1729,73,4.41,1630,1738,1400-8-10,2021-11-01
71,امين يكم,صندوق درآمد ثابت امين يكم فردا,2469,65850912,661578253769,10042,10046,10048,6,0.06,10047,5,0.05,10045,10050,1400-8-10,2021-11-01
72,ولپارس,ليزينگ پارسيان,2455,3174725,12583937481,3850,3857,3900,50,1.3,3946,96,2.49,3857,4040,1400-8-10,2021-11-01
73,فتوسا,توليد و توسعه سرب روي ايرانيان,2452,877224,9480740378,10693,10350,10605,-88,-0.82,10769,76,0.71,10350,11023,1400-8-10,2021-11-01
74,بگيلان,توسعه مسير برق گيلان,2429,742911,11024057773,14782,14050,14950,168,1.14,14807,25,0.17,14050,15350,1400-8-10,2021-11-01
75,خبهمن,گروه‌بهمن‌,2409,165808835,265609067358,1527,1590,1603,76,4.98,1602,75,4.91,1580,1603,1400-8-10,2021-11-01
76,فروي,ذوب روي اصفهان,2394,3565774,79259345790,22376,21511,21710,-666,-2.98,22228,-148,-0.66,21258,23250,1400-8-10,2021-11-01
77,زملارد,كشاورزي و دامپروري ملارد شير,2391,395562,7759182197,19146,18300,19904,758,3.96,19401,255,1.33,18300,20094,1400-8-10,2021-11-01
78,زاگرس,پتروشيمي زاگرس,2336,736120,202614489979,274011,273000,271000,-3011,-1.1,275247,1236,0.45,270000,287700,1400-8-10,2021-11-01
79,فاذر,صنايع‌ آذرآب‌,2315,93859785,82834845938,864,860,873,9,1.04,883,19,2.2,859,907,1400-8-10,2021-11-01
80,خاور,ايران خودرو ديزل,2295,27316536,182209960168,6670,6520,6870,200,3,6670,0,0,6470,6870,1400-8-10,2021-11-01
81,پترول,گ.س.وت.ص.پتروشيمي خليج فارس,2284,21413070,63204523236,2874,2880,2932,58,2.02,2933,59,2.05,2880,3017,1400-8-10,2021-11-01
82,سنير,سيمان‌ سفيد ني‌ريز,2278,1207289,106595940300,90990,86450,86450,-4540,-4.99,88290,-2700,-2.97,86450,93400,1400-8-10,2021-11-01
83,حكشتي,كشتيراني جمهوري اسلامي ايران,2244,10525736,130979412570,12140,12110,12320,180,1.48,12440,300,2.47,12110,12650,1400-8-10,2021-11-01
84,اتكاي,بيمه اتكايي ايرانيان,2232,50367414,471312137757,9778,9450,9348,-430,-4.4,9357,-421,-4.31,9290,10010,1400-8-10,2021-11-01
85,شغدير,پتروشيمي غدير,2223,1591399,146894844100,91700,91000,90890,-810,-0.88,92310,610,0.67,90100,94920,1400-8-10,2021-11-01
86,شاراك,پتروشيمي شازند,2214,5935449,268753178680,43590,43600,45700,2110,4.84,45280,1690,3.88,43600,45760,1400-8-10,2021-11-01
87,كماسه,تامين‌ ماسه‌ ريخته‌گري‌,2168,28917513,144647461730,5210,5060,4950,-260,-4.99,5000,-210,-4.03,4950,5300,1400-8-10,2021-11-01
88,رانفور,خدمات‌انفورماتيك‌,2159,41994407,177605557567,4388,4169,4250,-138,-3.14,4229,-159,-3.62,4169,4460,1400-8-10,2021-11-01
89,آگاس,صندوق س.هستي بخش آگاه-س,2147,2486852,197946856214,77151,78300,79130,1979,2.57,79597,2446,3.17,78281,80370,1400-8-10,2021-11-01
90,وپارس,بانك‌پارسيان‌,2137,56986171,117281589878,2014,2020,2078,64,3.18,2058,44,2.18,2020,2100,1400-8-10,2021-11-01
91,اعتماد,صندوق س.اعتماد آفرين پارسيان-د,2062,31566470,1252977449160,39671,39691,39695,24,0.06,39693,22,0.06,39691,39696,1400-8-10,2021-11-01
92,سيتا,سرمايه گذاري سيمان تامين,2053,2474045,23633499060,9260,9050,9550,290,3.13,9420,160,1.73,9050,9640,1400-8-10,2021-11-01
93,لكما,كارخانجات‌مخابراتي‌ايران‌,2009,51599080,55151604110,1089,1057,1057,-32,-2.94,1069,-20,-1.84,1057,1110,1400-8-10,2021-11-01
94,غنوش,نوش‌ مازندران‌,1977,6546391,195005732740,31020,29470,29470,-1550,-5,29790,-1230,-3.97,29470,30550,1400-8-10,2021-11-01
95,شبريز,پالايش نفت تبريز,1955,5736393,188513105400,31760,31770,32890,1130,3.56,32860,1100,3.46,31760,33340,1400-8-10,2021-11-01
96,خگستر,گسترش‌سرمايه‌گذاري‌ايران‌خودرو,1943,68034049,131725220956,1847,1918,1939,92,4.98,1936,89,4.82,1887,1939,1400-8-10,2021-11-01
97,ثفارس,عمران‌وتوسعه‌فارس‌,1939,13271763,123865779530,9390,9250,8940,-450,-4.79,9330,-60,-0.64,8940,9840,1400-8-10,2021-11-01
98,وپويا,سرمايه گذاري پويا,1920,4421599,17251273618,3788,3660,3908,120,3.17,3902,114,3.01,3611,3977,1400-8-10,2021-11-01
99,تسه0006,امتيازتسهيلات مسكن شهريور1400,1882,75787,52636703359,679775,691001,709000,29225,4.3,694535,14760,2.17,665666,710000,1400-8-10,2021-11-01
100,غگل,گلوكوزان‌,1876,27002074,85346605351,3143,3061,3105,-38,-1.21,3161,18,0.57,3060,3300,1400-8-10,2021-11-01
101,غدام,خوراك‌  دام‌ پارس‌,1808,951414,115575234130,126710,120380,120380,-6330,-5,121480,-5230,-4.13,120380,128200,1400-8-10,2021-11-01
102,چكاپا,گروه صنايع كاغذ پارس,1800,34702822,96526806198,2702,2700,2770,68,2.52,2782,80,2.96,2670,2837,1400-8-10,2021-11-01
103,تپكو,توليدتجهيزات‌سنگين‌هپكو,1755,41548003,131318253511,3024,3149,3175,151,4.99,3161,137,4.53,3050,3175,1400-8-10,2021-11-01
104,ولقمان,سرمايه گذاري لقمان,1720,7697103,32631553995,4364,4234,4234,-130,-2.98,4239,-125,-2.86,4234,4300,1400-8-10,2021-11-01
105,اپال,فرآوري معدني اپال كاني پارس,1719,1565019,33204446990,20670,20700,21220,550,2.66,20820,150,0.73,20700,21380,1400-8-10,2021-11-01
106,پارند,صندوق س. پارند پايدار سپهر,1687,73744575,747833267460,10135,10140,10141,6,0.06,10141,6,0.06,10140,10142,1400-8-10,2021-11-01
107,كلر,كلر پارس,1666,1872530,196369227220,109941,104444,104444,-5497,-5,104868,-5073,-4.61,104444,108825,1400-8-10,2021-11-01
108,گشان,توسعه بين المللي پديده شانديز,1662,5985092,108641683889,17809,17360,18200,391,2.2,18152,343,1.93,17360,18343,1400-8-10,2021-11-01
109,آپ,آسان پرداخت پرشين,1660,11106817,122220975480,11370,10820,10810,-560,-4.93,11000,-370,-3.25,10810,11600,1400-8-10,2021-11-01
110,كبافق,معادن‌ بافق‌,1660,2411583,77056619510,32390,31020,31400,-990,-3.06,31950,-440,-1.36,30780,33590,1400-8-10,2021-11-01
111,شسپا,نفت سپاهان,1608,21963327,69868906171,3130,3139,3170,40,1.28,3180,50,1.6,3130,3280,1400-8-10,2021-11-01
112,ماديرا,صنايع ماديران,1544,12324196,79396491889,6235,6230,6381,146,2.34,6442,207,3.32,6230,6546,1400-8-10,2021-11-01
113,ومعادن,توسعه‌معادن‌وفلزات‌,1537,7245066,71783047970,9750,9850,9910,160,1.64,9850,100,1.03,9750,10160,1400-8-10,2021-11-01
114,شپلي,پلي اكريل ايران,1522,16028534,128984241915,7869,8015,8011,142,1.8,8047,178,2.26,7700,8105,1400-8-10,2021-11-01
115,ختور,رادياتور ايران‌,1504,5958975,93423433840,15390,14790,15380,-10,-0.06,15680,290,1.88,14790,16140,1400-8-10,2021-11-01
116,وسكرمان,س.سهام عدالت استان كرمان,1467,111070397,47429759514,409,409,429,20,4.89,427,18,4.4,409,429,1400-8-10,2021-11-01
117,فخوز,فولاد  خوزستان,1453,5043459,79368989070,15330,15400,15660,330,2.15,15610,280,1.83,15400,15950,1400-8-10,2021-11-01
118,خرينگ,رينگ‌سازي‌مشهد,1445,3455683,90518562370,26940,25630,26000,-940,-3.49,26190,-750,-2.78,25600,27980,1400-8-10,2021-11-01
119,ثتران,سرمايه گذاري مسكن تهران,1442,20648266,94287334070,4380,4430,4599,219,5,4566,186,4.25,4270,4599,1400-8-10,2021-11-01
120,شپديس,پتروشيمي پرديس,1434,1212773,205449585220,164980,168500,169500,4520,2.74,169400,4420,2.68,165310,173110,1400-8-10,2021-11-01
121,خمحركه,نيرو محركه‌,1421,20079940,65880600613,3157,3100,3283,126,3.99,3281,124,3.93,3100,3314,1400-8-10,2021-11-01
122,فجر,فولاد اميركبيركاشان,1418,2995329,73179346950,23520,23800,24190,670,2.85,24430,910,3.87,23800,24690,1400-8-10,2021-11-01
123,وصنعت,سرمايه گذاري توسعه صنعت وتجارت,1403,30041208,197307675220,6280,6270,6500,220,3.5,6570,290,4.62,6270,6590,1400-8-10,2021-11-01
124,قشكر,شكرشاهرود,1392,21182540,63240350955,2894,2894,3038,144,4.98,2985,91,3.14,2833,3038,1400-8-10,2021-11-01
125,دتوليد,داروسازي توليد دارو,1363,5354211,48629743290,9420,8949,8949,-471,-5,9083,-337,-3.58,8949,9670,1400-8-10,2021-11-01
126,وخارزم,سرمايه گذاري خوارزمي,1345,25648126,102291141458,3803,3900,3993,190,5,3988,185,4.86,3900,3993,1400-8-10,2021-11-01
127,دماوند,توليد نيروي برق دماوند,1322,2263791,41144681533,18175,18500,17735,-440,-2.42,18175,0,0,17570,18870,1400-8-10,2021-11-01
128,بترانس,ايران‌ ترانسفو,1303,36076510,74454351078,1971,2020,2069,98,4.97,2064,93,4.72,2000,2069,1400-8-10,2021-11-01
129,آ س پ,آ.س.پ,1290,10961676,85003368895,8131,7725,7725,-406,-4.99,7755,-376,-4.62,7725,8117,1400-8-10,2021-11-01
130,ضخود1052,اختيارخ خودرو-2000-1400/10/08,1288,58501,3228784000,31,35,56,25,80.65,55,24,77.42,35,60,1400-8-10,2021-11-01
131,كحافظح,ح . كاشي‌ وسراميك‌ حافظ‌,1278,23335317,45388567737,1925,1980,1941,16,0.83,1945,20,1.04,1910,1990,1400-8-10,2021-11-01
132,غمينو,شركت صنايع غذايي مينو شرق,1266,10020847,46012027243,4745,4508,4508,-237,-4.99,4592,-153,-3.22,4508,4800,1400-8-10,2021-11-01
133,شاوان,پالايش نفت لاوان,1264,1332709,170991785456,125626,121002,129900,4274,3.4,128304,2678,2.13,121002,131907,1400-8-10,2021-11-01
134,ثبهساز,بهساز كاشانه تهران,1263,9294319,15458802212,1601,1567,1677,76,4.75,1663,62,3.87,1567,1681,1400-8-10,2021-11-01
135,شپترو,پتروشيمي آبادان,1251,37947294,144151926142,3915,3798,3798,-117,-2.99,3799,-116,-2.96,3798,3868,1400-8-10,2021-11-01
136,شفارس,صنايع‌ شيميايي‌ فارس‌,1249,40468945,48480840155,1193,1170,1172,-21,-1.76,1198,5,0.42,1152,1252,1400-8-10,2021-11-01
137,آريان,سرمايه گذاري پارس آريان,1244,21020927,345269634670,16756,16300,16600,-156,-0.93,16425,-331,-1.98,16254,16999,1400-8-10,2021-11-01
138,نوين,بيمه نوين,1235,12553316,48179430694,3942,3810,3808,-134,-3.4,3838,-104,-2.64,3753,4090,1400-8-10,2021-11-01
139,خلنت,لنت‌ ترمزايران‌,1231,863942,75783623490,91300,86740,86740,-4560,-4.99,87720,-3580,-3.92,86740,94990,1400-8-10,2021-11-01
140,وكار,بانك‌ كارآفرين‌,1208,52831320,165657814790,3036,3030,3090,54,1.78,3136,100,3.29,3030,3187,1400-8-10,2021-11-01
141,كفپارس,فرآورده‌هاي‌ نسوز پارس‌,1207,10762727,33711177787,3189,3051,3099,-90,-2.82,3132,-57,-1.79,3030,3330,1400-8-10,2021-11-01
142,كاوه,فولاد كاوه جنوب كيش,1197,4267427,64491674210,14510,14980,15080,570,3.93,14940,430,2.96,14770,15230,1400-8-10,2021-11-01
143,سبزوا,سيمان لار سبزوار,1189,18917856,42107575481,2144,2100,2200,56,2.61,2226,82,3.82,2100,2251,1400-8-10,2021-11-01
144,كساپا,سايپاشيشه‌,1181,4344608,75152694720,18070,17170,17360,-710,-3.93,17300,-770,-4.26,17170,18060,1400-8-10,2021-11-01
145,حشكوه,دليجان طلايي شكوه پارس,1164,28774691,86088220610,3030,2940,3020,-10,-0.33,2992,-38,-1.25,2940,3118,1400-8-10,2021-11-01
146,فرآور,فرآوري‌موادمعدني‌ايران‌,1154,3424492,88077639480,26640,25310,25360,-1280,-4.8,25720,-920,-3.45,25310,27310,1400-8-10,2021-11-01
147,كرازي,كارخانجات‌توليدي‌شيشه‌رازي‌,1148,31041498,39765072886,1269,1230,1287,18,1.42,1281,12,0.95,1230,1328,1400-8-10,2021-11-01
148,وسكرشا,س.سهام عدالت استان كرمانشاه,1143,76638772,33369397621,418,410,437,19,4.55,435,17,4.07,410,438,1400-8-10,2021-11-01
149,شجم,صنايع پتروشيمي تخت جمشيد,1140,16378813,187825944914,11972,11374,11560,-412,-3.44,11468,-504,-4.21,11374,11790,1400-8-10,2021-11-01
150,شلعاب,لعابيران‌,1139,7795487,42577970090,5650,5370,5460,-190,-3.36,5460,-190,-3.36,5370,5820,1400-8-10,2021-11-01
151,فاراك,ماشين‌ سازي‌ اراك‌,1136,43348392,63972128414,1411,1460,1463,52,3.69,1476,65,4.61,1431,1481,1400-8-10,2021-11-01
152,فمراد,آلومراد,1128,4407295,76803450400,17960,17070,17070,-890,-4.96,17430,-530,-2.95,17070,18300,1400-8-10,2021-11-01
153,كمرجان,بازرگاني و توليدي مرجان كار,1114,850813,52009516242,62424,60030,59303,-3121,-5,61129,-1295,-2.07,59303,64990,1400-8-10,2021-11-01
154,زقيام,كشت و دام قيام اصفهان,1102,45974120,79748774335,1824,1733,1733,-91,-4.99,1735,-89,-4.88,1733,1779,1400-8-10,2021-11-01
155,ونوين,بانك‌اقتصادنوين‌,1094,35535260,111610357298,2995,2998,3144,149,4.97,3141,146,4.87,2995,3144,1400-8-10,2021-11-01
156,توريل,توكاريل,1085,6268554,65088374215,10700,10165,10300,-400,-3.74,10383,-317,-2.96,10165,10990,1400-8-10,2021-11-01
157,ريشمك,توليد و صادرات ريشمك,1084,1573499,40931710053,26905,25560,26670,-235,-0.87,26013,-892,-3.32,25560,27280,1400-8-10,2021-11-01
158,ثرود,سرمايه‌گذاري مسكن زاينده رود,1083,4911312,42552497283,8842,8864,8400,-442,-5,8664,-178,-2.01,8400,9000,1400-8-10,2021-11-01
159,نطرين,عطرين نخ قم,1081,7120065,52127767613,7545,7168,7500,-45,-0.6,7321,-224,-2.97,7168,7722,1400-8-10,2021-11-01
160,زكوثر,سرمايه گذاري كشاورزي كوثر,1077,2717644,42213294960,14930,14400,15670,740,4.96,15530,600,4.02,14400,15670,1400-8-10,2021-11-01
161,غپينو,پارس‌ مينو,1068,13261535,41623710897,3128,2980,3190,62,1.98,3139,11,0.35,2980,3260,1400-8-10,2021-11-01
162,افران,صندوق س افرا نماد پايدار-ثابت,1062,24657281,360784036993,14624,14632,14631,7,0.05,14632,8,0.05,14631,14635,1400-8-10,2021-11-01
163,بجهرم,توسعه مولد نيروگاهي جهرم,1061,14082593,28106014891,1945,1950,1979,34,1.75,1996,51,2.62,1950,2030,1400-8-10,2021-11-01
164,تاپيكو,س. نفت و گاز و پتروشيمي تأمين,1060,7983437,105992219650,12910,13180,13200,290,2.25,13240,330,2.56,12990,13400,1400-8-10,2021-11-01
165,ثنوسا,نوسازي‌وساختمان‌تهران‌,1058,13094236,74450719180,5440,5500,5700,260,4.78,5690,250,4.6,5460,5710,1400-8-10,2021-11-01
166,قشرين,قند شيرين خراسان,1055,14417035,99947757241,7169,6811,7006,-163,-2.27,6933,-236,-3.29,6811,7327,1400-8-10,2021-11-01
167,خكار,ايركا پارت صنعت,1055,9490347,42044060972,4452,4240,4540,88,1.98,4430,-22,-0.49,4240,4674,1400-8-10,2021-11-01
168,غصينو,صنعتي مينو,1051,4378908,76640193541,16699,17033,17533,834,4.99,17502,803,4.81,17033,17533,1400-8-10,2021-11-01
169,تاصيكو,سرمايه گذاري صدرتامين,1040,8656170,79500624170,9130,9220,9050,-80,-0.88,9170,40,0.44,8930,9480,1400-8-10,2021-11-01
170,ختوقا,قطعات‌ اتومبيل‌ ايران‌,1035,48619477,89752803548,1765,1750,1853,88,4.99,1846,81,4.59,1701,1853,1400-8-10,2021-11-01
171,خفنر,فنرسازي‌خاور,1028,4594993,32217110480,7050,6710,7070,20,0.28,7010,-40,-0.57,6700,7300,1400-8-10,2021-11-01
172,تملت,تامين سرمايه بانك ملت,1027,7734791,26225787239,3297,3222,3350,53,1.61,3391,94,2.85,3222,3461,1400-8-10,2021-11-01
173,فاسمين,كالسيمين‌,1025,6156498,103116860600,16390,16400,16640,250,1.53,16750,360,2.2,16390,17100,1400-8-10,2021-11-01
174,كچاد,معدني‌وصنعتي‌چادرملو,1010,2256391,64314616020,27510,27730,28430,920,3.34,28040,530,1.93,27730,28800,1400-8-10,2021-11-01
175,چدن,توليدي چدن سازان,1009,18769982,50383536743,2683,2670,2700,17,0.63,2684,1,0.04,2657,2798,1400-8-10,2021-11-01
176,حريل,ريل پردازسير,1005,10036069,28384945700,2841,2809,2790,-51,-1.8,2828,-13,-0.46,2750,2950,1400-8-10,2021-11-01
177,ودي,بيمه  دي,1004,15105884,86579171865,5465,5690,5738,273,5,5731,266,4.87,5583,5738,1400-8-10,2021-11-01
178,ونيكي,سرمايه‌گذاري‌ ملي‌ايران‌,1002,7083168,71150511470,9780,10110,10000,220,2.25,10050,270,2.76,9700,10190,1400-8-10,2021-11-01
179,پتاير,ايران‌ تاير,997,20902706,42048370238,1947,1956,2008,61,3.13,2012,65,3.34,1956,2044,1400-8-10,2021-11-01
180,ملت,بيمه ملت,996,40030460,45390381903,1096,1100,1136,40,3.65,1134,38,3.47,1100,1150,1400-8-10,2021-11-01
181,فسرب,ملي‌ سرب‌وروي‌ ايران‌,990,842211,52805506870,62920,59900,62000,-920,-1.46,62700,-220,-0.35,59900,66060,1400-8-10,2021-11-01
182,زنگان,صنعت روي زنگان,989,972257,59573133591,63791,60602,60602,-3189,-5,61273,-2518,-3.95,60602,64449,1400-8-10,2021-11-01
183,اطلس,صندوق س.توسعه اندوخته آينده-س,976,374238,91796652564,237361,236020,245201,7840,3.3,245289,7928,3.34,236020,247001,1400-8-10,2021-11-01
184,وسكرد,شركت س استان كردستان,973,60046621,25416703852,407,405,423,16,3.93,423,16,3.93,405,427,1400-8-10,2021-11-01
185,اخابر,مخابرات ايران,972,6131143,42707468630,6850,7000,6940,90,1.31,6890,40,0.58,6730,7130,1400-8-10,2021-11-01
186,كگل,معدني و صنعتي گل گهر,967,9157719,206554193350,21980,21980,22870,890,4.05,22560,580,2.64,21980,23000,1400-8-10,2021-11-01
187,وحكمت,بيمه حكمت صبا,962,10493180,41026977380,3978,3880,3859,-119,-2.99,3910,-68,-1.71,3859,4078,1400-8-10,2021-11-01
188,كتوكا,توليدي و خدمات صنايع نسوز توكا,959,3814797,52497529612,13185,13290,13520,335,2.54,13762,577,4.38,13290,13844,1400-8-10,2021-11-01
189,كوثر,بيمه كوثر,954,8222529,83074570144,10289,10290,9775,-514,-5,10103,-186,-1.81,9775,10600,1400-8-10,2021-11-01
190,دانا,بيمه دانا,951,10787509,49114871020,4600,4570,4480,-120,-2.61,4550,-50,-1.09,4400,4670,1400-8-10,2021-11-01
191,فزرين,زرين معدن آسيا,950,2879589,37705613969,13028,13290,12800,-228,-1.75,13094,66,0.51,12450,13550,1400-8-10,2021-11-01
192,زماهان,مجتمع توليد گوشت مرغ ماهان,948,5304360,33099912888,6418,6285,6098,-320,-4.99,6240,-178,-2.77,6098,6650,1400-8-10,2021-11-01
193,كسرا,سراميك‌هاي‌صنعتي‌اردكان‌,940,5135095,71235753350,14030,13450,14010,-20,-0.14,13870,-160,-1.14,13450,14700,1400-8-10,2021-11-01
194,شفا,سرمايه گذاري شفادارو,930,1747230,69614039960,38460,39030,40380,1920,4.99,39840,1380,3.59,37890,40380,1400-8-10,2021-11-01
195,هرمز,فولاد هرمزگان جنوب,926,3146764,53070229524,16509,17089,16650,141,0.85,16673,164,0.99,16534,17190,1400-8-10,2021-11-01
196,قاسم,قاسم ايران,924,8786663,29941308055,3505,3380,3400,-105,-3,3408,-97,-2.77,3330,3640,1400-8-10,2021-11-01
197,شيران,س. صنايع‌شيميايي‌ايران,907,2930439,61075577030,19960,20100,20860,900,4.51,20630,670,3.36,20100,20950,1400-8-10,2021-11-01
198,حسير,ريل سير كوثر,900,1594746,59498920915,36563,37352,37445,882,2.41,37309,746,2.04,36710,38120,1400-8-10,2021-11-01
199,خمهر,مهركام‌پارس‌,899,25025170,39277385292,1514,1500,1520,6,0.4,1570,56,3.7,1500,1589,1400-8-10,2021-11-01
200,قچار,فراوردههاي غذايي وقند چهارمحال,898,13279378,129096451525,10207,9697,9990,-217,-2.13,9722,-485,-4.75,9697,10021,1400-8-10,2021-11-01
201,وپاسار,بانك  پاسارگاد,897,11193606,147262566390,13050,12450,13480,430,3.3,13160,110,0.84,12450,13480,1400-8-10,2021-11-01
202,فروس,فروسيليس‌ ايران‌,877,9814597,75566087550,7360,7720,7600,240,3.26,7700,340,4.62,7510,7720,1400-8-10,2021-11-01
203,حآسا,آسيا سير ارس,876,2614183,34463543369,13510,13350,12835,-675,-5,13183,-327,-2.42,12835,13900,1400-8-10,2021-11-01
204,البرز,بيمه البرز,874,19978887,41634964265,2085,2009,2099,14,0.67,2084,-1,-0.05,2009,2155,1400-8-10,2021-11-01
205,پارس,پتروشيمي پارس,871,267034,49464720990,183400,183410,184220,820,0.45,184310,910,0.5,183410,190000,1400-8-10,2021-11-01
206,لسرما,سرما آفرين‌,867,3686315,58974270030,15610,15610,16100,490,3.14,16000,390,2.5,15610,16390,1400-8-10,2021-11-01
207,ديران,ايران‌دارو,858,2001426,49865754220,25650,24370,24370,-1280,-4.99,24920,-730,-2.85,24370,26470,1400-8-10,2021-11-01
208,فافق,صنايع مس افق كرمان,848,24839058,96873084507,4089,3885,3885,-204,-4.99,3900,-189,-4.62,3885,4089,1400-8-10,2021-11-01
209,خاهنح,ح . آهنگري تراكتورسازي‌ ايران‌,848,6605549,26038359737,3989,3940,3870,-119,-2.98,3942,-47,-1.18,3855,4298,1400-8-10,2021-11-01
210,خاهن,آهنگري‌ تراكتورسازي‌ ايران‌,845,6472345,34977875970,5410,5670,5260,-150,-2.77,5400,-10,-0.18,5260,5670,1400-8-10,2021-11-01
211,فايرا,آلومينيوم‌ايران‌,845,2352427,40214072820,17380,17300,17020,-360,-2.07,17210,-170,-0.98,16780,17990,1400-8-10,2021-11-01
212,وبانك,سرمايه گذاري گروه توسعه ملي,844,5767839,46891060250,7940,7870,8200,260,3.27,8040,100,1.26,7870,8280,1400-8-10,2021-11-01
213,غشهداب,كشت و صنعت شهداب ناب خراسان,842,12333753,30951578685,2434,2380,2555,121,4.97,2510,76,3.12,2380,2555,1400-8-10,2021-11-01
214,تسه0005,امتيازتسهيلات مسكن مرداد 1400,828,29815,20636978837,678048,690000,709999,31951,4.71,692168,14120,2.08,660112,711950,1400-8-10,2021-11-01
215,سمايه,بانك سرمايه,818,12680314,73677027125,5647,5640,5816,169,2.99,5810,163,2.89,5640,5816,1400-8-10,2021-11-01
216,همراه,شركت ارتباطات سيار ايران,806,4015447,33243465050,8350,8100,8190,-160,-1.92,8330,-20,-0.24,8100,8640,1400-8-10,2021-11-01
217,حآفرين,ريل پرداز نو آفرين,804,9553426,50025341011,5045,4810,5200,155,3.07,5236,191,3.79,4810,5297,1400-8-10,2021-11-01
218,فلوله,لوله‌وماشين‌سازي‌ايران‌,803,25101069,24844533096,954,930,976,22,2.31,990,36,3.77,930,1001,1400-8-10,2021-11-01
219,قرن,پديده شيمي قرن,800,1203735,28890031220,23300,23840,23900,600,2.58,24000,700,3,23400,24300,1400-8-10,2021-11-01
220,ومعلم,بيمه معلم,782,16499399,41414394994,2630,2499,2499,-131,-4.98,2510,-120,-4.56,2499,2545,1400-8-10,2021-11-01
221,غسالم,سالمين‌,777,11233829,29403886020,2494,2617,2618,124,4.97,2617,123,4.93,2516,2618,1400-8-10,2021-11-01
222,حتوكا,حمل‌ونقل‌توكا,777,2934066,33025330670,11590,11100,11020,-570,-4.92,11260,-330,-2.85,11020,11950,1400-8-10,2021-11-01
223,شبصير,توليدات پتروشيمي قائد بصير,769,1023084,107222494486,100186,103000,104500,4314,4.31,104803,4617,4.61,99260,105195,1400-8-10,2021-11-01
224,شكام,صنايع شيميايي كيمياگران امروز,767,2031039,52978981487,26942,25605,25595,-1347,-5,26085,-857,-3.18,25595,27800,1400-8-10,2021-11-01
225,كوير,توليدي فولاد سپيد فراب كوير,762,4146599,55240066650,13050,13030,13130,80,0.61,13310,260,1.99,13030,13500,1400-8-10,2021-11-01
226,كحافظ,كاشي‌ وسراميك‌ حافظ‌,761,8874320,28101271711,3178,3200,3209,31,0.98,3167,-11,-0.35,3062,3328,1400-8-10,2021-11-01
227,زدشت,كشت و صنعت دشت خرم دره,757,2062281,28735144802,13761,13690,13900,139,1.01,13934,173,1.26,13300,14390,1400-8-10,2021-11-01
228,خبازرس,بازرسي مهندسي و صنعتي ايران,752,1413683,32125276161,23335,22730,22858,-477,-2.04,22725,-610,-2.61,22635,23699,1400-8-10,2021-11-01
229,غشصفا,شيرپاستوريزه‌پگاه‌اصفهان‌,751,2590694,91851257450,36670,36350,34840,-1830,-4.99,35450,-1220,-3.33,34840,38000,1400-8-10,2021-11-01
230,اوان,مبين وان كيش,748,1908831,39926554840,21441,20369,21600,159,0.74,20917,-524,-2.44,20369,22200,1400-8-10,2021-11-01
231,خكاوه,سايپا ديزل,742,13021528,44453815144,3391,3230,3340,-51,-1.5,3414,23,0.68,3230,3540,1400-8-10,2021-11-01
232,خكمك,كمك‌فنرايندامين‌,741,2250656,47623447270,20300,19720,21040,740,3.65,21160,860,4.24,19720,21310,1400-8-10,2021-11-01
233,سفارس,سيمان فارس و خوزستان,741,3743126,62197149540,15850,15450,16640,790,4.98,16620,770,4.86,15450,16640,1400-8-10,2021-11-01
234,ضخود1049,اختيارخ خودرو-1400-1400/10/08,735,28291,11281889000,324,380,395,71,21.91,399,75,23.15,380,450,1400-8-10,2021-11-01
235,شبهرن,نفت‌ بهران‌,718,2067570,23842336420,11320,11110,11540,220,1.94,11410,90,0.8,11110,11800,1400-8-10,2021-11-01
236,فجام,جام‌دارو,718,8760871,40249658294,4790,4551,4551,-239,-4.99,4594,-196,-4.09,4551,4910,1400-8-10,2021-11-01
237,ولساپا,ليزينگ رايان‌ سايپا,715,31452418,78513123552,2379,2430,2497,118,4.96,2496,117,4.92,2430,2497,1400-8-10,2021-11-01
238,وآوا,سرمايه گذاري آوا نوين,709,4889950,14797095493,3064,2930,2985,-79,-2.58,3026,-38,-1.24,2930,3144,1400-8-10,2021-11-01
239,كسرام,پارس‌ سرام‌,708,7417552,28661873601,3893,3799,3796,-97,-2.49,3864,-29,-0.74,3701,3990,1400-8-10,2021-11-01
240,ياقوت,صندوق س ياقوت آگاه-ثابت,708,6063823,81757729865,13487,13479,13495,8,0.06,13483,-4,-0.03,13461,13495,1400-8-10,2021-11-01
241,ولملت,واسپاري ملت,707,7420296,54488311400,7570,7230,7200,-370,-4.89,7340,-230,-3.04,7200,7880,1400-8-10,2021-11-01
242,تليسه,دامداري تليسه نمونه,700,10058990,22826353268,2266,2180,2245,-21,-0.93,2269,3,0.13,2180,2350,1400-8-10,2021-11-01
243,ومشان,س. فني و مهندسي مشانير,697,660407,36124694311,57343,54476,54476,-2867,-5,54701,-2642,-4.61,54476,57950,1400-8-10,2021-11-01
244,كسعدي,كاشي‌ سعدي‌,689,2092345,17644027470,8660,8270,8250,-410,-4.73,8430,-230,-2.66,8230,8960,1400-8-10,2021-11-01
245,قنيشا,قند  نيشابور,683,906932,35481238870,37770,38990,39500,1730,4.58,39120,1350,3.57,37780,39650,1400-8-10,2021-11-01
246,ونيرو,سرمايه‌گذاري‌نيرو,677,12490626,23935633021,1860,1822,1919,59,3.17,1916,56,3.01,1822,1952,1400-8-10,2021-11-01
247,ميهن,بيمه ميهن,676,9015422,18641206607,2045,2001,2038,-7,-0.34,2068,23,1.12,1960,2140,1400-8-10,2021-11-01
248,رمپنا,گروه مپنا (سهامي عام),673,3380931,47689777150,13970,13980,13800,-170,-1.22,14030,60,0.43,13800,14550,1400-8-10,2021-11-01
249,خزاميا,زامياد,667,8063583,47130291150,5590,5750,5860,270,4.83,5840,250,4.47,5690,5860,1400-8-10,2021-11-01
250,قجام,فرآوردههاي غذايي وقندتربت‌جام‌,666,11357865,69523453014,6243,6119,6119,-124,-1.99,6121,-122,-1.95,6119,6300,1400-8-10,2021-11-01
251,تاپكيش,تجارت الكترونيك پارسيان كيش,666,5566970,87100170010,16298,15484,15484,-814,-4.99,15646,-652,-4,15484,16440,1400-8-10,2021-11-01
252,خصدرا,صنعتي‌ دريايي‌ ايران‌,664,17741896,45155572830,2623,2545,2545,-78,-2.97,2545,-78,-2.97,2545,2568,1400-8-10,2021-11-01
253,زشريف,كشت وصنعت شريف آباد,662,8965372,27814611670,3173,3050,3173,0,0,3102,-71,-2.24,3023,3255,1400-8-10,2021-11-01
254,هماي,صندوق س هماي آگاه-ثابت,656,5172571,52046090185,10058,10062,10061,3,0.03,10062,4,0.04,10057,10064,1400-8-10,2021-11-01
255,چكارن,كارتن‌ ايران‌,655,9895712,26222382012,2664,2700,2635,-29,-1.09,2650,-14,-0.53,2531,2740,1400-8-10,2021-11-01
256,طلا,صندوق س.پشتوانه طلاي لوتوس,655,648871,53663323071,82042,82494,82700,658,0.8,82703,661,0.81,82300,83350,1400-8-10,2021-11-01
257,حفارس,حمل و نقل بين المللي خليج فارس,654,10339094,33477662112,3246,3084,3207,-39,-1.2,3238,-8,-0.25,3084,3399,1400-8-10,2021-11-01
258,وثنو,سرمايه گذاري ساختماني نوين,652,10317237,56068616985,5307,5259,5466,159,3,5434,127,2.39,5148,5466,1400-8-10,2021-11-01
259,سغرب,سيمان‌غرب‌,644,1639673,28156693660,17320,16520,16700,-620,-3.58,17170,-150,-0.87,16520,17760,1400-8-10,2021-11-01
260,غديس,پاكديس,644,3302306,34432713086,10513,10500,10181,-332,-3.16,10427,-86,-0.82,9988,11038,1400-8-10,2021-11-01
261,سپاس,صندوق س. پاداش سهامداري-ثابت,639,28816192,292257902891,10138,10137,10143,5,0.05,10142,4,0.04,10137,10148,1400-8-10,2021-11-01
262,وايران,ليزينگ ايرانيان,637,6789612,29091752875,4246,4042,4387,141,3.32,4285,39,0.92,4042,4414,1400-8-10,2021-11-01
263,شنفت,نفت‌ پارس‌,634,3360018,26283029520,7830,7440,7910,80,1.02,7830,0,0,7440,7990,1400-8-10,2021-11-01
264,سصفها,سيمان‌اصفهان‌,631,962688,31193505350,32720,31090,33000,280,0.86,32400,-320,-0.98,31090,34300,1400-8-10,2021-11-01
265,پدرخش,درخشان‌ تهران‌,628,1272792,25139999450,20430,19410,19410,-1020,-4.99,19750,-680,-3.33,19410,20800,1400-8-10,2021-11-01
266,تكشا,گسترش‌صنايع‌وخدمات‌كشاورزي‌,628,1289890,45049159220,36070,36850,34270,-1800,-4.99,34920,-1150,-3.19,34270,36850,1400-8-10,2021-11-01
267,كپشير,پشم‌شيشه‌ايران‌,627,2310484,27552689440,11990,11520,11930,-60,-0.5,11930,-60,-0.5,11520,12580,1400-8-10,2021-11-01
268,فباهنر,مس‌ شهيدباهنر,626,946953,24309409120,24760,24760,25350,590,2.38,25580,820,3.31,24750,25990,1400-8-10,2021-11-01
269,فولاي,صنايع فولاد آلياژي يزد,626,1568905,26981368633,17169,16600,17070,-99,-0.58,17198,29,0.17,16600,17889,1400-8-10,2021-11-01
270,ارزش,صندوق س ارزش آفرين بيدار-سهام,624,3068592,28633216950,9060,9250,9400,340,3.75,9330,270,2.98,9180,9560,1400-8-10,2021-11-01
271,كساوه,صنايع‌ كاشي‌ و سراميك‌ سينا,623,861464,35272178140,42700,40570,40570,-2130,-4.99,40940,-1760,-4.12,40570,44820,1400-8-10,2021-11-01
272,ساينا,صنايع بهداشتي ساينا,621,335658,31975338855,98505,93580,96120,-2385,-2.42,95262,-3243,-3.29,93580,103410,1400-8-10,2021-11-01
273,ضخود1053,اختيارخ خودرو-2500-1400/10/08,618,32045,495094000,8,14,15,7,87.5,15,7,87.5,13,18,1400-8-10,2021-11-01
274,دتوزيع,توزيع دارو پخش,615,1572704,41615633432,26173,26126,26252,79,0.3,26461,288,1.1,26000,27200,1400-8-10,2021-11-01
275,وساخت,سرمايه‌ گذاري‌ ساختمان‌ايران‌,612,1378232,53195608430,36900,36600,38740,1840,4.99,38600,1700,4.61,36010,38740,1400-8-10,2021-11-01
276,غفارس,شير پاستوريزه پگاه فارس,611,3072330,21540097341,6864,6760,7000,136,1.98,7011,147,2.14,6521,7207,1400-8-10,2021-11-01
277,لازما,كارخانه هاي صنعتي آزمايش,608,1267075,33567105302,26297,25509,26847,550,2.09,26492,195,0.74,25509,27084,1400-8-10,2021-11-01
278,غگلستا,شير پاستوريزه پگاه گلستان,607,3502424,42804123078,11760,11998,12348,588,5,12221,461,3.92,11533,12348,1400-8-10,2021-11-01
279,وتوصا,گروه س توسعه صنعتي ايران,605,5525385,49329697180,8600,8590,9030,430,5,8930,330,3.84,8590,9030,1400-8-10,2021-11-01
280,بكهنوج,توليد برق ماهتاب كهنوج,594,11651425,11895277050,993,1010,1012,19,1.91,1016,23,2.32,1002,1042,1400-8-10,2021-11-01
281,شيراز,پتروشيمي‌شيراز,592,972081,72939443580,74660,74650,75570,910,1.22,74960,300,0.4,73500,78150,1400-8-10,2021-11-01
282,بالبر,كابل‌ البرز,592,1096912,29190633390,25680,24410,26960,1280,4.98,26610,930,3.62,24400,26960,1400-8-10,2021-11-01
283,كيميا,معدني كيمياي زنجان گستران,590,3660538,53231654697,14186,14895,14539,353,2.49,14542,356,2.51,14000,14895,1400-8-10,2021-11-01
284,تسه0004,امتيازتسهيلات مسكن تير1400,585,11512,8053403335,681827,660252,701000,19173,2.81,699566,17739,2.6,660252,715918,1400-8-10,2021-11-01
285,دلقما,دارويي‌ لقمان‌,580,1089683,28227142960,26680,25350,25350,-1330,-4.99,25900,-780,-2.92,25350,27900,1400-8-10,2021-11-01
286,ميدكو,توسعه معادن وص.معدني خاورميانه,579,4590409,213932226960,46540,46550,46900,360,0.77,46600,60,0.13,46550,46900,1400-8-10,2021-11-01
287,فسپا,گروه‌صنعتي‌سپاهان‌,576,1847394,32772218540,17100,17150,17600,500,2.92,17740,640,3.74,17150,17950,1400-8-10,2021-11-01
288,وشهر,بانك شهر,575,5742003,28387053207,5035,4937,4836,-199,-3.95,4951,-84,-1.67,4835,5190,1400-8-10,2021-11-01
289,فاهواز,نورد و لوله اهواز,575,11088252,62254118053,5616,5504,5728,112,1.99,5614,-2,-0.04,5504,5728,1400-8-10,2021-11-01
290,كنور,توسعه معدني و صنعتي صبانور,574,1309800,23606928770,18010,18250,17910,-100,-0.56,18010,0,0,17610,18750,1400-8-10,2021-11-01
291,سدبير,س. تدبيرگران فارس وخوزستان,572,802859,23955933777,28822,28500,30263,1441,5,29838,1016,3.53,27783,30263,1400-8-10,2021-11-01
292,گكوثر,هتل پارسيان كوثر اصفهان,571,14526459,27095282187,1836,1830,1835,-1,-0.05,1865,29,1.58,1812,1896,1400-8-10,2021-11-01
293,شخارك,پتروشيمي‌ خارك‌,570,931817,50487960380,53730,53730,54450,720,1.34,53980,250,0.47,53700,56000,1400-8-10,2021-11-01
294,افق,فروشگاههاي زنجيره اي افق كوروش,567,770154,34196720300,45140,43850,43800,-1340,-2.97,44670,-470,-1.04,43700,46400,1400-8-10,2021-11-01
295,ساوه,سيمان ساوه,564,114639,5328044453,45457,45457,46105,648,1.43,45837,380,0.84,45000,47540,1400-8-10,2021-11-01
296,خريخت,صنايع‌ريخته‌گري‌ايران‌,563,8437004,30640151115,3595,3426,3698,103,2.87,3632,37,1.03,3426,3700,1400-8-10,2021-11-01
297,پلاسك,پلاسكوكار,563,3978871,17392683307,4529,4677,4303,-226,-4.99,4371,-158,-3.49,4303,4677,1400-8-10,2021-11-01
298,كپارس,كاشي‌ پارس‌,562,405318,36280386960,89270,85350,87000,-2270,-2.54,89510,240,0.27,85350,93700,1400-8-10,2021-11-01
299,ستران,سيمان‌ تهران‌,559,1140514,21592058820,18390,18400,18900,510,2.77,18930,540,2.94,18400,19300,1400-8-10,2021-11-01
300,تپمپي,پمپ‌ سازي‌ ايران‌,555,2415913,35964012750,14510,14000,14600,90,0.62,14890,380,2.62,14000,15230,1400-8-10,2021-11-01
301,ويسا,سرمايه گذاري ايساتيس پويا,554,2864154,21306275606,7223,7439,7439,216,2.99,7439,216,2.99,7400,7439,1400-8-10,2021-11-01
302,جوين,كشت و صنعت جوين,550,7661323,20518144046,2653,2574,2575,-78,-2.94,2678,25,0.94,2574,2718,1400-8-10,2021-11-01
303,شرنگي,شيميايي رنگين,545,700938,112282029267,165014,160064,160064,-4950,-3,160188,-4826,-2.92,160064,165000,1400-8-10,2021-11-01
304,ثپرديس,سرمايه گذاري مسكن پرديس,542,4570565,22022435140,4924,4911,4678,-246,-5,4818,-106,-2.15,4678,5100,1400-8-10,2021-11-01
305,تبرك,گروه كارخانجات صنعتي تبرك,541,2425657,19833620902,7962,7850,8020,58,0.73,8177,215,2.7,7850,8360,1400-8-10,2021-11-01
306,آساميد,صندوق س.مشترك آسمان اميد -د,541,20097796,267465815868,13301,13309,13310,9,0.07,13308,7,0.05,13308,13312,1400-8-10,2021-11-01
307,غبهنوش,بهنوش‌ ايران‌,541,632360,32009124290,49520,50150,51500,1980,4,50620,1100,2.22,47720,51990,1400-8-10,2021-11-01
308,پارسان,گسترش نفت و گاز پارسيان,538,1038625,33132448430,31140,32500,31630,490,1.57,31360,220,0.71,31500,32690,1400-8-10,2021-11-01
309,سحرخيز,صندوق س. گروه زعفران سحرخيز,536,1722704,21358712273,12677,12900,12460,-217,-1.71,12398,-279,-2.2,12210,12900,1400-8-10,2021-11-01
310,مدير,ص.س.مديريت ثروت ص.بازنشستگي-س,536,1776858,16179231238,8785,8849,9216,431,4.91,9106,321,3.65,8849,9220,1400-8-10,2021-11-01
311,وآذر,سرمايه‌گذاري‌توسعه‌آذربايجان‌,533,1498044,56094701110,35830,37620,37620,1790,5,37450,1620,4.52,36310,37620,1400-8-10,2021-11-01
312,ونفت,سرمايه‌گذاري‌ صنعت‌ نفت‌,532,3576138,49897389360,14070,13490,14090,20,0.14,13950,-120,-0.85,13490,14760,1400-8-10,2021-11-01
313,ثغرب,شركت سرمايه گذاري مسكن شمالغرب,530,4615640,17671110134,3961,3794,3800,-161,-4.06,3829,-132,-3.33,3763,4130,1400-8-10,2021-11-01
314,خاذين,سايپاآذين‌,529,7017054,16486394718,2306,2300,2325,19,0.82,2349,43,1.86,2300,2417,1400-8-10,2021-11-01
315,دبالك,مواد اوليه دارويي البرز بالك,526,1699397,13588692489,8224,7950,7886,-338,-4.11,8000,-224,-2.72,7813,8440,1400-8-10,2021-11-01
316,دسانكو,داروسازي سبحان انكولوژي,520,1486458,19392542349,13486,12857,12812,-674,-5,13046,-440,-3.26,12812,13950,1400-8-10,2021-11-01
317,وپترو,سرمايه‌گذاري صنايع پتروشيمي‌,518,3943286,47787318170,11630,11200,12190,560,4.82,12120,490,4.21,11200,12210,1400-8-10,2021-11-01
318,ثعمرا,عمران و توسعه شاهد,513,3189328,23237437207,7508,7136,7134,-374,-4.98,7286,-222,-2.96,7133,7690,1400-8-10,2021-11-01
319,وسپه,سرمايه‌گذاري‌ سپه‌,508,4592215,36152606770,7610,7510,7790,180,2.37,7860,250,3.29,7510,7990,1400-8-10,2021-11-01
320,ولغدر,ليزينگ‌خودروغدير,506,2424267,27180728040,11490,10920,10920,-570,-4.96,11210,-280,-2.44,10920,11960,1400-8-10,2021-11-01
321,دالبر,البرزدارو,506,1666807,21986961990,13620,12940,13100,-520,-3.82,13190,-430,-3.16,12940,14000,1400-8-10,2021-11-01
322,ضسپا8041,اختيارخ خساپا-1600-1400/08/26,504,23458,1057530000,16,50,44,28,175,45,29,181.25,28,50,1400-8-10,2021-11-01
323,وخاور,بانك خاورميانه,503,2027299,10404870930,5200,5100,5080,-120,-2.31,5190,-10,-0.19,5040,5250,1400-8-10,2021-11-01
324,وهور,مديريت انرژي اميد  تابان هور,502,12525769,16446787009,1284,1299,1319,35,2.73,1298,14,1.09,1270,1347,1400-8-10,2021-11-01
325,آسيا,بيمه آسيا,501,10512842,17502571132,1627,1618,1639,12,0.74,1665,38,2.34,1618,1698,1400-8-10,2021-11-01
326,وتوكا,سرمايه‌گذاري‌توكافولاد(هلدينگ,499,4732306,36238510110,7620,7660,7570,-50,-0.66,7660,40,0.52,7530,7980,1400-8-10,2021-11-01
327,كروي,توسعه‌ معادن‌ روي‌ ايران‌,498,685024,15692460040,22330,22330,22620,290,1.3,22740,410,1.84,22330,23290,1400-8-10,2021-11-01
328,غاذر,كشت‌وصنعت‌پياذر,495,1862387,48925618970,26860,26020,26100,-760,-2.83,26270,-590,-2.2,25770,27690,1400-8-10,2021-11-01
329,ثاخت,بين‌المللي‌توسعه‌ساختمان,492,13136972,24705584712,1796,1796,1885,89,4.96,1881,85,4.73,1796,1885,1400-8-10,2021-11-01
330,دلر,داروسازي‌ اكسير,490,1051384,45002051930,41110,40000,42000,890,2.16,42800,1690,4.11,40000,43160,1400-8-10,2021-11-01
331,وايرا,سرمايه گذاري صنايع ايران,490,2506832,13979908411,5683,5530,5513,-170,-2.99,5577,-106,-1.87,5513,5798,1400-8-10,2021-11-01
332,ثبات,صندوق س. ثبات ويستا -د,490,30276659,312061749601,10302,10307,10312,10,0.1,10307,5,0.05,10304,10312,1400-8-10,2021-11-01
333,سرچشمه,سرمايه گذاري مس سرچشمه,486,4184316,21461900144,5065,5070,5230,165,3.26,5129,64,1.26,4971,5249,1400-8-10,2021-11-01
334,رتاپ,تجارت الكترونيك  پارسيان,486,2502902,13456563640,5310,5330,5370,60,1.13,5370,60,1.13,5300,5500,1400-8-10,2021-11-01
335,كرماشا,صنايع پتروشيمي كرمانشاه,484,644126,30187411020,45660,45680,46450,790,1.73,46210,550,1.2,45680,47700,1400-8-10,2021-11-01
336,شكربن,كربن‌ ايران‌,477,504865,50439480420,96300,97350,100000,3700,3.84,99910,3610,3.75,95060,101050,1400-8-10,2021-11-01
337,خمحور,توليدمحورخودرو,476,6779301,15265830251,2314,2199,2199,-115,-4.97,2252,-62,-2.68,2199,2388,1400-8-10,2021-11-01
338,خكرمان,گروه اقتصادي كرمان خودرو,475,8590206,20885121285,2364,2400,2434,70,2.96,2431,67,2.83,2370,2434,1400-8-10,2021-11-01
339,ارفع,شركت آهن و فولاد ارفع,475,1754336,26273051773,14554,15210,14875,321,2.21,14708,154,1.06,14554,15210,1400-8-10,2021-11-01
340,داوه,داروسازي آوه سينا,473,1838524,20391962451,11476,10950,10903,-573,-4.99,11091,-385,-3.35,10903,11800,1400-8-10,2021-11-01
341,جم,پتروشيمي جم,472,1071739,49635306300,46310,46310,46200,-110,-0.24,46310,0,0,45200,47900,1400-8-10,2021-11-01
342,دكوثر,داروسازي‌ كوثر,467,4948075,15585473158,3243,3081,3102,-141,-4.35,3150,-93,-2.87,3081,3347,1400-8-10,2021-11-01
343,مرقام,ايران‌ارقام‌,463,2006997,22774613450,11460,11850,11180,-280,-2.44,11350,-110,-0.96,10960,11850,1400-8-10,2021-11-01
344,خراسان,پتروشيمي خراسان,462,1233588,126061901520,97340,97800,102200,4860,4.99,102190,4850,4.98,97800,102200,1400-8-10,2021-11-01
345,شتوكا,توكا رنگ فولاد سپاهان,461,862945,26906834984,30531,31430,30515,-16,-0.05,31180,649,2.13,29700,31900,1400-8-10,2021-11-01
346,بشهاب,لامپ‌  پارس‌ شهاب‌,460,319883,42289487570,126470,130000,132790,6320,5,132200,5730,4.53,123010,132790,1400-8-10,2021-11-01
347,تسه0003,امتيازتسهيلات مسكن خرداد1400,458,9045,6335186894,680209,665000,695100,14891,2.19,700408,20199,2.97,665000,713000,1400-8-10,2021-11-01
348,ولصنم,ليزينگ‌صنعت‌ومعدن‌,457,2753272,11947263239,4255,4051,4290,35,0.82,4323,68,1.6,4051,4440,1400-8-10,2021-11-01
349,قلرست,قند لرستان‌,454,992889,17889651860,18350,17440,17620,-730,-3.98,18020,-330,-1.8,17440,19240,1400-8-10,2021-11-01
350,سپاها,سيمان‌سپاهان‌,454,2422623,20127524730,8250,7850,8250,0,0,8310,60,0.73,7850,8600,1400-8-10,2021-11-01
351,وساشرقي,شركت س استان آذربايجان شرقي,450,25459918,11100860063,457,435,435,-22,-4.81,450,-7,-1.53,435,449,1400-8-10,2021-11-01
352,وساغربي,شركت س استان آذربايجان غربي,449,24022597,10174746926,436,416,422,-14,-3.21,431,-5,-1.15,416,430,1400-8-10,2021-11-01
353,بالاس,مهندسي ساختمان تاسيسات راه آهن,445,491775,16430324167,34008,33501,32600,-1408,-4.14,33410,-598,-1.76,32308,35350,1400-8-10,2021-11-01
354,سيستم,همكاران سيستم,443,2508513,14100249280,5480,5620,5700,220,4.01,5580,100,1.82,5440,5740,1400-8-10,2021-11-01
355,ضخود1051,اختيارخ خودرو-1800-1400/10/08,439,23287,2571970000,73,158,117,44,60.27,110,37,50.68,100,158,1400-8-10,2021-11-01
356,وساپا,سرمايه‌گذاري‌ سايپا,439,6409958,25483867515,3791,3770,3980,189,4.99,3976,185,4.88,3725,3980,1400-8-10,2021-11-01
357,سدشت,صنايع سيمان دشتستان,439,447122,16060851630,37640,35790,36140,-1500,-3.99,36010,-1630,-4.33,35760,37400,1400-8-10,2021-11-01
358,كلوند,كاشي‌ الوند,436,1124603,23547999180,20600,21600,20640,40,0.19,20940,340,1.65,20640,21600,1400-8-10,2021-11-01
359,رتكو,كنترل‌خوردگي‌تكين‌كو,436,2991648,25843893920,9050,8600,8600,-450,-4.97,8640,-410,-4.53,8600,8870,1400-8-10,2021-11-01
360,نمرينو,ايران‌ مرينوس‌,432,182847,14651327270,82240,80000,78140,-4100,-4.99,80130,-2110,-2.57,78130,85400,1400-8-10,2021-11-01
361,افرا,افرانت,430,1035854,15864159095,15781,15300,15300,-481,-3.05,15315,-466,-2.95,14992,16472,1400-8-10,2021-11-01
362,ثتوسا,س.توسعه و عمران استان اردبيل,426,1318835,25243979445,20086,19082,19082,-1004,-5,19141,-945,-4.7,19082,20085,1400-8-10,2021-11-01
363,شپارس,بين‌ المللي‌ محصولات‌  پارس‌,426,1561028,11514891810,7420,7400,7390,-30,-0.4,7380,-40,-0.54,7120,7700,1400-8-10,2021-11-01
364,ضخود1050,اختيارخ خودرو-1600-1400/10/08,425,18487,4566588000,180,235,249,69,38.33,247,67,37.22,232,258,1400-8-10,2021-11-01
365,وپست,پست بانك ايران,424,1427696,30866898360,20630,20860,21660,1030,4.99,21620,990,4.8,20310,21660,1400-8-10,2021-11-01
366,واحيا,م .صنايع و معادن احياء سپاهان,423,397140,58743150249,147456,145000,147890,434,0.29,147912,456,0.31,143110,151879,1400-8-10,2021-11-01
367,دابور,داروسازي‌ ابوريحان‌,419,783614,18906687240,24510,24000,23920,-590,-2.41,24130,-380,-1.55,23530,25540,1400-8-10,2021-11-01
368,غمارگ,مارگارين‌,419,1146343,30698959640,25880,25660,26780,900,3.48,26780,900,3.48,25660,27170,1400-8-10,2021-11-01
369,پاسا,ايران‌ياساتايرورابر,418,1886792,26830398210,14290,14650,14060,-230,-1.61,14220,-70,-0.49,14030,14690,1400-8-10,2021-11-01
370,مفاخر,توسعه فناوري اطلاعات خوارزمي,418,486342,14609103941,30900,29355,29355,-1545,-5,30039,-861,-2.79,29355,31940,1400-8-10,2021-11-01
371,فنوال,نورد آلومينيوم‌,417,1126355,26380137820,22470,23490,23400,930,4.14,23420,950,4.23,22050,23590,1400-8-10,2021-11-01
372,فردا,صندوق س آواي فرداي زاگرس-ثابت,414,18182073,213125439338,11715,11721,11722,7,0.06,11722,7,0.06,11721,11723,1400-8-10,2021-11-01
373,آكورد,صندوق س. آرمان آتي كوثر-د,414,10828508,378619460392,34946,34966,34965,19,0.05,34965,19,0.05,34964,34971,1400-8-10,2021-11-01
374,درهآور,دارويي ره آورد تامين,413,843893,16626956092,20173,19500,19490,-683,-3.39,19703,-470,-2.33,19165,21090,1400-8-10,2021-11-01
375,پرديس,سرمايه گذاري پرديس,410,2721075,13145743630,4760,4600,4670,-90,-1.89,4830,70,1.47,4600,4990,1400-8-10,2021-11-01
376,تسه9908,امتياز تسهيلات مسكن آبان99,410,15851,11016128384,693639,680000,700000,6361,0.92,694980,1341,0.19,660090,709999,1400-8-10,2021-11-01
377,دجابر,داروسازي‌ جابرابن‌حيان‌,409,1688328,20084745710,12250,11640,11710,-540,-4.41,11900,-350,-2.86,11640,12700,1400-8-10,2021-11-01
378,زفكا,كشت و دامداري فكا,407,2241903,15373350869,6727,6520,6930,203,3.02,6857,130,1.93,6520,7060,1400-8-10,2021-11-01
379,سپر,صندوق س سپر سرمايه بيدار- ثابت,407,9011314,117593994405,13034,13058,13054,20,0.15,13050,16,0.12,13035,13062,1400-8-10,2021-11-01
380,كاردان,صندوق س تجارت شاخصي كاردان,404,136943,26279676200,184500,191300,193780,9280,5.03,191900,7400,4.01,189020,194990,1400-8-10,2021-11-01
381,وسكاب,س.ص.بازنشستگي كاركنان بانكها,396,4799913,14088444497,2853,2893,2956,103,3.61,2932,79,2.77,2879,2981,1400-8-10,2021-11-01
382,چكاوه,صنايع‌كاغذسازي‌كاوه‌,396,1717877,19025938910,11490,10960,10920,-570,-4.96,11080,-410,-3.57,10920,11740,1400-8-10,2021-11-01
383,شراز,پالايش نفت شيراز,395,536166,60773380904,107990,104500,113389,5399,5,113348,5358,4.96,104500,113389,1400-8-10,2021-11-01
384,كترام,توليدي‌ كاشي‌ تكسرام‌,392,804462,15284992270,18630,18990,18690,60,0.32,19000,370,1.99,17910,19560,1400-8-10,2021-11-01
385,زبينا,كشاورزي و دامپروري بينالود,392,13785314,27854703400,1931,2000,2027,96,4.97,2021,90,4.66,1942,2027,1400-8-10,2021-11-01
386,بنو,بيمه تجارت نو,392,1549488,14662217782,9764,9350,9371,-393,-4.02,9569,-195,-2,9282,9866,1400-8-10,2021-11-01
387,وآرين,شركت توسعه اقتصادي آرين,389,8406524,17680482857,2164,2101,2102,-62,-2.87,2103,-61,-2.82,2100,2170,1400-8-10,2021-11-01
388,سشرق,سيمان‌ شرق‌,388,3159471,22892013540,6930,6750,7270,340,4.91,7250,320,4.62,6750,7270,1400-8-10,2021-11-01
389,غشاذر,پگاه‌آذربايجان‌غربي‌,388,1868765,10325063040,5640,5670,5410,-230,-4.08,5560,-80,-1.42,5360,5820,1400-8-10,2021-11-01
390,دامين,داروسازي‌ امين‌,386,5530418,14774517545,2621,2536,2645,24,0.92,2671,50,1.91,2510,2752,1400-8-10,2021-11-01
391,قصفها,قنداصفهان‌,385,249102,20505250700,82260,79450,82190,-70,-0.09,82320,60,0.07,79450,86000,1400-8-10,2021-11-01
392,جم پيلن,پلي پروپيلن جم - جم پيلن,383,326189,36781247230,112530,112530,111610,-920,-0.82,112620,90,0.08,110070,115850,1400-8-10,2021-11-01
393,كهمدا,شيشه‌ همدان‌,383,2291112,18904215860,8190,8010,8190,0,0,8250,60,0.73,8010,8530,1400-8-10,2021-11-01
394,فپنتا,سپنتا,383,41884,18008763800,411110,428970,431660,20550,5,429970,18860,4.59,415450,431660,1400-8-10,2021-11-01
395,مارون,پتروشيمي مارون,382,85758,15553226764,182992,179220,181950,-1042,-0.57,182735,-257,-0.14,174300,183850,1400-8-10,2021-11-01
396,تسه9912,امتياز تسهيلات مسكن اسفند99,377,20088,14069154531,695932,680003,707999,12067,1.73,700376,4444,0.64,680003,710000,1400-8-10,2021-11-01
397,فسازان,غلتك سازان سپاهان,376,601927,14163925630,23560,23900,23000,-560,-2.38,23530,-30,-0.13,22460,24490,1400-8-10,2021-11-01
398,غچين,كشت‌ و صنعت‌ چين‌ چين,376,1295497,17258615580,13570,12930,13090,-480,-3.54,13320,-250,-1.84,12900,13990,1400-8-10,2021-11-01
399,وصنا,گروه‌صنايع‌بهشهرايران‌,375,2398709,15435215460,6380,6100,6290,-90,-1.41,6430,50,0.78,6100,6660,1400-8-10,2021-11-01
400,دزهراوي,داروسازي‌زهراوي‌,375,2295312,10978014526,4720,4690,4749,29,0.61,4767,47,1,4690,4898,1400-8-10,2021-11-01
401,بزاگرس,نيروگاه زاگرس كوثر,374,6022932,21423390570,3521,3347,3590,69,1.96,3557,36,1.02,3347,3645,1400-8-10,2021-11-01
402,وپسا,س. پتروشيمي ساختمان  خليج فارس,372,8914670,17108019941,1976,1917,1917,-59,-2.99,1919,-57,-2.88,1917,1976,1400-8-10,2021-11-01
403,وسبحان,سرمايه گذاري سبحان,371,9276231,24710886989,2592,2690,2680,88,3.4,2664,72,2.78,2610,2721,1400-8-10,2021-11-01
404,لخزر,پارس‌ خزر,370,127912,16145064860,127260,129500,124000,-3260,-2.56,126220,-1040,-0.82,120900,132860,1400-8-10,2021-11-01
405,تصميم,صندوق س با درآمد ثابت تصميم,369,5575906,99433824615,17828,17800,17833,5,0.03,17833,5,0.03,17799,17849,1400-8-10,2021-11-01
406,سباقر,سيمان باقران,366,2440765,37027140040,15629,15161,15248,-381,-2.44,15170,-459,-2.94,15161,15630,1400-8-10,2021-11-01
407,فالوم,آلومتك‌,366,720348,18620353738,26444,25651,25651,-793,-3,25849,-595,-2.25,25651,27200,1400-8-10,2021-11-01
408,تكمبا,كمباين‌ سازي‌ ايران‌,363,2864282,11453947228,4012,3851,3908,-104,-2.59,4002,-10,-0.25,3851,4199,1400-8-10,2021-11-01
409,وسگيلا,شركت س استان گيلان,357,22735072,9793025401,421,416,423,2,0.48,425,4,0.95,404,442,1400-8-10,2021-11-01
410,فبيرا,بسته‌ بندي‌ ايران‌,356,8674485,14254408106,1689,1639,1640,-49,-2.9,1643,-46,-2.72,1639,1689,1400-8-10,2021-11-01
411,خچرخش,چرخشگر,356,1405012,11244442550,8020,7700,7790,-230,-2.87,8010,-10,-0.12,7700,8300,1400-8-10,2021-11-01
412,ثاصفا,شركت‌ ساختمان‌ اصفهان‌,354,1184631,14767784434,12833,12449,12449,-384,-2.99,12466,-367,-2.86,12449,12833,1400-8-10,2021-11-01
413,وتوس,توسعه‌شهري‌توس‌گستر,354,1295850,13582732090,10800,10300,10260,-540,-5,10480,-320,-2.96,10260,11270,1400-8-10,2021-11-01
414,تسه0002,امتيازتسهيلاتمسكن ارديبهشت1400,350,5600,3929632178,695095,680000,700000,4905,0.71,701720,6625,0.95,664341,718000,1400-8-10,2021-11-01
415,ثاباد,توريستي ورفاهي آبادگران ايران,349,885218,33229405200,38660,36730,36730,-1930,-4.99,37540,-1120,-2.9,36730,40170,1400-8-10,2021-11-01
416,پاكشو,گروه صنعتي پاكشو,348,2216821,11939379360,5450,5320,5320,-130,-2.39,5440,-10,-0.18,5310,5540,1400-8-10,2021-11-01
417,پكرمان,گروه‌ صنعتي‌ بارز,348,733087,16183705790,21600,21220,22300,700,3.24,21950,350,1.62,20580,22680,1400-8-10,2021-11-01
418,وتوسم,سرمايه‌گذاري‌توسعه‌ملي‌,347,5466630,42068252580,7360,7470,7710,350,4.76,7700,340,4.62,7470,7720,1400-8-10,2021-11-01
419,سپيدما,صندوق س. سپيد دماوند-د,345,15971034,180474169183,11296,11301,11301,5,0.04,11300,4,0.04,11300,11301,1400-8-10,2021-11-01
420,سيمرغ,سيمرغ,344,1997964,42101013180,20090,20700,21090,1000,4.98,21070,980,4.88,20700,21090,1400-8-10,2021-11-01
421,سيلام,سيمان‌ ايلام‌,342,2835322,14341460330,5230,5240,4970,-260,-4.97,5060,-170,-3.25,4970,5420,1400-8-10,2021-11-01
422,وسينا,بانك سينا,341,14727054,29847983413,1933,1867,2029,96,4.97,2027,94,4.86,1866,2029,1400-8-10,2021-11-01
423,شكلر,نيروكلر,339,580458,15026620340,25060,24200,25290,230,0.92,25890,830,3.31,24160,26260,1400-8-10,2021-11-01
424,غمهرا,توليدي‌مهرام‌,339,356243,15518275440,45480,43300,43210,-2270,-4.99,43560,-1920,-4.22,43210,45950,1400-8-10,2021-11-01
425,خپويش,سازه‌ پويش‌,338,200002,15367524950,77780,73930,75700,-2080,-2.67,76840,-940,-1.21,73930,79200,1400-8-10,2021-11-01
426,كارين,صندوق س نگين سامان-ثابت,336,11038768,110978856606,10048,10054,10054,6,0.06,10054,6,0.06,10053,10056,1400-8-10,2021-11-01
427,وتعاون,بيمه  تعاون,336,7913687,14750140009,1906,1850,1849,-57,-2.99,1864,-42,-2.2,1849,1915,1400-8-10,2021-11-01
428,ثشرق,سرمايه گذاري مسكن شمال شرق,335,4798901,17629683648,3733,3549,3601,-132,-3.54,3674,-59,-1.58,3549,3903,1400-8-10,2021-11-01
429,دبالكح,ح.مواد اوليه دارويي البرز بالك,331,1339859,7449546273,5785,5496,5506,-279,-4.82,5560,-225,-3.89,5496,6020,1400-8-10,2021-11-01
430,تايرا,تراكتورسازي‌ايران‌,329,672396,14895752070,22130,22140,21430,-700,-3.16,22140,10,0.05,21240,22700,1400-8-10,2021-11-01
431,تسه0001,امتيازتسهيلات مسكن فروردين1400,328,4524,3194053465,697096,663800,720000,22904,3.29,706024,8928,1.28,663800,720000,1400-8-10,2021-11-01
432,زكشت,كشاورزي مكانيزه اصفهان كشت,326,968139,20596991186,22017,20917,20917,-1100,-5,21275,-742,-3.37,20917,22600,1400-8-10,2021-11-01
433,ولراز,ليزينگ رازي,326,556009,13189794546,24731,23495,23495,-1236,-5,23722,-1009,-4.08,23495,24729,1400-8-10,2021-11-01
434,دتماد,توليدمواداوليه‌داروپخش‌,325,473209,20678479660,43230,44960,43680,450,1.04,43700,470,1.09,42300,44960,1400-8-10,2021-11-01
435,اپرداز,آتيه داده پرداز,325,1008345,22486285635,21474,21400,22368,894,4.16,22300,826,3.85,21400,22537,1400-8-10,2021-11-01
436,سبهان,سيمان‌ بهبهان‌,322,212580,9478854420,43510,43470,44780,1270,2.92,44240,730,1.68,43470,45390,1400-8-10,2021-11-01
437,فخاس,فولاد خراسان,318,853613,21289237300,24790,23600,24400,-390,-1.57,24820,30,0.12,23600,26020,1400-8-10,2021-11-01
438,فوكا,فولاد كاويان,317,2116381,29718332973,13898,13700,14148,250,1.8,14026,128,0.92,13500,14220,1400-8-10,2021-11-01
439,چفيبر,فيبر ايران‌,313,1581059,9187678340,5650,5460,5620,-30,-0.53,5750,100,1.77,5460,5930,1400-8-10,2021-11-01
440,سفار,سيمان‌فارس‌,310,107811,5779412730,54830,52090,53660,-1170,-2.13,54330,-500,-0.91,52090,55570,1400-8-10,2021-11-01
441,غگرجي,بيسكويت‌  گرجي‌,308,3796260,8135403055,2115,2190,2102,-13,-0.61,2130,15,0.71,2101,2200,1400-8-10,2021-11-01
442,وبيمه,سرمايه‌ گذاري‌ صنعت‌ بيمه‌,308,4352565,6704065329,1513,1446,1535,22,1.45,1526,13,0.86,1446,1579,1400-8-10,2021-11-01
443,سخاش,سيمان‌خاش‌,307,277182,23683638670,81430,81440,85500,4070,5,85440,4010,4.92,81440,85500,1400-8-10,2021-11-01
444,كمنگنز,معادن‌منگنزايران‌,306,234590,14297931930,59760,60070,60480,720,1.2,60950,1190,1.99,59420,62420,1400-8-10,2021-11-01
445,سصوفي,سيمان‌ صوفيان‌,305,890507,13536183070,14850,14840,15010,160,1.08,15180,330,2.22,14840,15500,1400-8-10,2021-11-01
446,وسين,بيمه سينا,304,8418318,29829976752,3446,3530,3549,103,2.99,3543,97,2.81,3500,3549,1400-8-10,2021-11-01
447,لبوتان,گروه‌صنعتي‌بوتان‌,301,242422,9938740240,40190,38210,41130,940,2.34,40730,540,1.34,38210,42190,1400-8-10,2021-11-01
448,ثعتما,س. ساختماني اعتماد گستر,300,489613,14810431112,31150,30230,30216,-934,-3,30249,-901,-2.89,30216,31700,1400-8-10,2021-11-01
449,والبر,سرمايه‌ گذاري‌ البرز(هلدينگ‌,297,1667452,13805273390,8030,7910,8140,110,1.37,8150,120,1.49,7900,8420,1400-8-10,2021-11-01
450,وبوعلي,سرمايه‌گذاري‌بوعلي‌,297,2952066,10631390703,3559,3601,3619,60,1.69,3591,32,0.9,3511,3720,1400-8-10,2021-11-01
451,غبشهر,صنعتي‌ بهشهر,297,715771,15836922190,21890,22360,22100,210,0.96,22030,140,0.64,21700,22560,1400-8-10,2021-11-01
452,وزمين,بانك ايران زمين,297,7533116,76555828059,10199,10260,9998,-201,-1.97,10163,-36,-0.35,9792,10330,1400-8-10,2021-11-01
453,تنوين,تامين سرمايه نوين,294,4150333,20546671620,4880,5120,5050,170,3.48,4930,50,1.02,4760,5120,1400-8-10,2021-11-01
454,فولاژ,فولاد آلياژي ايران,293,713350,11554237010,15990,15980,15950,-40,-0.25,16020,30,0.19,15920,16530,1400-8-10,2021-11-01
455,ولشرق,ليزينگ ايران و شرق,291,3467751,14498130670,4297,4290,4210,-87,-2.02,4182,-115,-2.68,4100,4329,1400-8-10,2021-11-01
456,تكنو,تكنوتار,288,2644022,24735648470,9520,9050,9270,-250,-2.63,9360,-160,-1.68,9050,9640,1400-8-10,2021-11-01
457,تشتاد,صنايع توليدي اشتاد ايران‌,282,2682741,14669489137,5421,5300,5583,162,2.99,5468,47,0.87,5259,5583,1400-8-10,2021-11-01
458,كقزوي,شيشه‌ قزوين‌,281,2992411,26826277493,9217,8941,8941,-276,-2.99,8965,-252,-2.73,8941,9300,1400-8-10,2021-11-01
459,اميد,تامين سرمايه اميد,279,1843396,11867504430,6360,6520,6500,140,2.2,6400,40,0.63,6420,6520,1400-8-10,2021-11-01
460,كامياب,صندوق س. كامياب آشنا-د,277,3623259,39116925958,10788,10789,10798,10,0.09,10796,8,0.07,10788,10798,1400-8-10,2021-11-01
461,تسه9810,امتياز تسهيلات مسكن دي98,277,9057,6321880933,689723,676000,696161,6438,0.93,698010,8287,1.2,676000,717999,1400-8-10,2021-11-01
462,ورنا,سرمايه‌گذاري‌ رنا(هلدينگ‌,276,5708436,14841058151,2480,2460,2604,124,5,2600,120,4.84,2460,2604,1400-8-10,2021-11-01
463,دحاوي,الحاوي,276,1835425,8438760887,4688,4548,4594,-94,-2.01,4607,-81,-1.73,4548,4740,1400-8-10,2021-11-01
464,پخش,پخش البرز,275,644802,15306312659,23774,23560,23989,215,0.9,23738,-36,-0.15,23000,24795,1400-8-10,2021-11-01
465,ساروم,سيمان‌اروميه‌,274,1137492,41074216350,34490,33600,36210,1720,4.99,36110,1620,4.7,33550,36210,1400-8-10,2021-11-01
466,وثوق,سرمايه گذاري وثوق امين,273,713430,9021921642,13015,12625,12625,-390,-3,12669,-346,-2.66,12625,13000,1400-8-10,2021-11-01
467,فلامي,لاميران‌,272,759057,12211377480,16290,16100,16010,-280,-1.72,16120,-170,-1.04,15830,16990,1400-8-10,2021-11-01
468,تسه9808,امتياز تسهيلات مسكن آبان98,271,10416,7178912463,688570,655111,685000,-3570,-0.52,689220,650,0.09,655111,700000,1400-8-10,2021-11-01
469,نهال,صندوق س. طلاي سرخ نوويرا,271,767799,9962845185,12929,13031,12980,51,0.39,12976,47,0.36,12500,13298,1400-8-10,2021-11-01
470,آوا,صندوق س.سهام آواي معيار-س,271,959238,7488302915,7526,7550,7900,374,4.97,7807,281,3.73,7550,7980,1400-8-10,2021-11-01
471,شرانل,نفت ايرانول,267,227935,10579248675,45455,47400,45810,355,0.78,45728,273,0.6,45620,47727,1400-8-10,2021-11-01
472,حپترو,حمل و نقل پتروشيمي( سهامي عام,266,339130,7148131170,21400,20500,20560,-840,-3.93,21240,-160,-0.75,20500,22250,1400-8-10,2021-11-01
473,شدوص,دوده‌ صنعتي‌ پارس‌,266,1037189,20652623820,19310,20180,20020,710,3.68,19910,600,3.11,19600,20190,1400-8-10,2021-11-01
474,كاذر,فرآورده‌هاي‌نسوزآذر,264,917889,10575495070,11160,11350,11400,240,2.15,11430,270,2.42,11000,11710,1400-8-10,2021-11-01
475,غبهار,كشت وصنعت بهاران گلبهار خراسان,264,752050,9699661339,13267,12869,12869,-398,-3,12898,-369,-2.78,12869,13250,1400-8-10,2021-11-01
476,شكبير,پتروشيمي اميركبير,262,479162,45463127575,97493,94569,94569,-2924,-3,96258,-1235,-1.27,94569,99940,1400-8-10,2021-11-01
477,خشرق,الكتريك‌ خودرو شرق‌,260,1401043,20229035080,13770,13790,14450,680,4.94,14440,670,4.87,13790,14450,1400-8-10,2021-11-01
478,بساما,بيمه سامان,259,707455,14709019712,21761,20673,20673,-1088,-5,20927,-834,-3.83,20673,21657,1400-8-10,2021-11-01
479,ركيش,كارت اعتباري ايران كيش,258,998617,5268990630,5480,5210,5210,-270,-4.93,5400,-80,-1.46,5210,5460,1400-8-10,2021-11-01
480,سخوز,سيمان خوزستان,256,2655326,60304184450,21650,21800,22730,1080,4.99,22710,1060,4.9,21800,22730,1400-8-10,2021-11-01
481,رنيك,جنرال مكانيك,255,656574,7809789980,11761,11300,11969,208,1.77,11836,75,0.64,11300,12300,1400-8-10,2021-11-01
482,پارسيان,بيمه پارسيان,255,1466138,13960840610,9740,9740,9460,-280,-2.87,9580,-160,-1.64,9260,9990,1400-8-10,2021-11-01
483,غگلپا,شير پاستوريزه پگاه گلپايگان,254,166843,8613340217,52278,50250,51880,-398,-0.76,51872,-406,-0.78,50250,53500,1400-8-10,2021-11-01
484,حبندر,دريايي و کشتيراني خط دريابندر,253,1178763,37452406295,30855,30100,31780,925,3,31773,918,2.98,30100,31780,1400-8-10,2021-11-01
485,سپ,پرداخت الكترونيك سامان كيش,253,490056,14823182750,30970,29430,29430,-1540,-4.97,30790,-180,-0.58,29430,31600,1400-8-10,2021-11-01
486,تسه9911,امتياز تسهيلات مسكن بهمن99,252,4168,2919740327,692348,660121,718900,26552,3.84,700513,8165,1.18,660121,718900,1400-8-10,2021-11-01
487,غپاك,لبنيات‌ پاك‌,251,691595,8157207660,11570,11200,11700,130,1.12,11700,130,1.12,11200,12000,1400-8-10,2021-11-01
488,واتي,سرمايه‌ گذاري‌ آتيه‌ دماوند,250,2101306,21424837940,9930,9470,10250,320,3.22,10200,270,2.72,9470,10370,1400-8-10,2021-11-01
489,دعبيد,لابراتوارداروسازي‌  دكترعبيدي‌,250,348692,7512729890,21770,21250,21270,-500,-2.3,21730,-40,-0.18,21250,22490,1400-8-10,2021-11-01
490,بمپنا,توليد برق عسلويه  مپنا,248,1502327,7177653392,4854,4980,4660,-194,-4,4817,-37,-0.76,4620,5090,1400-8-10,2021-11-01
491,ددام,داروسازي زاگرس فارمد پارس,247,561930,5690669390,10000,10370,10010,10,0.1,10050,50,0.5,10000,10370,1400-8-10,2021-11-01
492,زشگزا,شير و گوشت زاگرس شهركرد,244,5566725,25894733460,4431,4652,4652,221,4.99,4652,221,4.99,4462,4652,1400-8-10,2021-11-01
493,غشان,شيرپاستوريزه‌پگاه‌خراسان‌,243,2081379,9599182615,4552,4360,4510,-42,-0.92,4592,40,0.88,4360,4779,1400-8-10,2021-11-01
494,حسينا,توسعه خدمات دريايي وبندري سينا,243,341473,14828587756,42811,40750,43899,1088,2.54,43425,614,1.43,40750,44800,1400-8-10,2021-11-01
495,مبين,مبين انرژي خليج فارس,239,557056,13287965480,23550,23550,23840,290,1.23,23580,30,0.13,23550,24490,1400-8-10,2021-11-01
496,ثباغ,شهر سازي و خانه سازي باغميشه,239,1149732,9762098305,8582,8600,8280,-302,-3.52,8519,-63,-0.73,8236,8918,1400-8-10,2021-11-01
497,كاريس,صندوق س.سپهر كاريزما-س,237,805672,10513643967,12699,12731,13110,411,3.24,13050,351,2.76,12731,13190,1400-8-10,2021-11-01
498,آبين,كشت و صنعت آبشيرين,236,3713222,6844679205,1890,1834,1834,-56,-2.96,1857,-33,-1.75,1834,1901,1400-8-10,2021-11-01
499,وبشهر,توسعه‌ صنايع‌ بهشهر(هلدينگ,236,1373294,17937497510,12850,12650,13150,300,2.33,12940,90,0.7,12650,13300,1400-8-10,2021-11-01
500,بموتو,موتوژن‌,234,258435,18097294340,69280,69130,69300,20,0.03,69990,710,1.02,69050,72100,1400-8-10,2021-11-01
501,ساربيل,سيمان آرتا اردبيل,234,294187,7720921560,26620,26620,26000,-620,-2.33,26410,-210,-0.79,25290,27900,1400-8-10,2021-11-01
502,تيپيكو,سرمايه گذاري دارويي تامين,233,881436,19165499040,21260,20500,21250,-10,-0.05,21360,100,0.47,20420,22070,1400-8-10,2021-11-01
503,كطبس,ذغال‌سنگ‌ نگين‌ ط‌بس‌,230,229923,11177282500,47360,49700,48050,690,1.46,48360,1000,2.11,46700,49720,1400-8-10,2021-11-01
504,شزنگ,تجهيزنيروي‌زنگان‌,229,163777,18686466860,110814,113907,114138,3324,3,114097,3283,2.96,112010,114138,1400-8-10,2021-11-01
505,چافست,افست‌,225,633063,5537261720,8790,8370,8540,-250,-2.84,8770,-20,-0.23,8370,9220,1400-8-10,2021-11-01
506,سقاين,سيمان‌ قائن‌,223,135838,6407620810,46890,44610,46760,-130,-0.28,47020,130,0.28,44610,49150,1400-8-10,2021-11-01
507,مداران,داده‌پردازي‌ايران‌,222,689752,8880675960,13280,13000,13000,-280,-2.11,13010,-270,-2.03,12620,13820,1400-8-10,2021-11-01
508,دكپسول,توليد ژلاتين كپسول ايران,222,196397,6229272545,31312,31060,31660,348,1.11,31490,178,0.57,30622,32877,1400-8-10,2021-11-01
509,لابسا,آبسال‌,221,308640,9234750130,29400,29390,29500,100,0.34,29730,330,1.12,29040,30870,1400-8-10,2021-11-01
510,زمگسا,كشاورزي‌ ودامپروي‌ مگسال‌,221,604486,10066649980,16290,17000,16750,460,2.82,16550,260,1.6,16400,17000,1400-8-10,2021-11-01
511,غويتا,ويتانا,220,2200219,11969191360,5181,5440,5440,259,5,5375,194,3.74,5440,5440,1400-8-10,2021-11-01
512,كمينا,شيشه سازي مينا,217,680101,6302332258,9487,9203,9203,-284,-2.99,9343,-144,-1.52,9203,9580,1400-8-10,2021-11-01
513,تسه9910,امتياز تسهيلات مسكن دي99,217,4777,3340510052,693017,688000,700200,7183,1.04,699290,6273,0.91,680000,710000,1400-8-10,2021-11-01
514,كفرآور,فرآورده هاي سيمان شرق,216,1007786,15552079956,15131,15584,15584,453,2.99,15432,301,1.99,15150,15584,1400-8-10,2021-11-01
515,لوتوسح,ح . تامين سرمايه لوتوس پارسيان,216,2025403,8439170580,4140,4160,4180,40,0.97,4170,30,0.72,4100,4250,1400-8-10,2021-11-01
516,ضشنا8004,اختيارخ شپنا-10800-1400/08/16,216,3598,1370901000,178,250,420,242,135.96,381,203,114.04,250,530,1400-8-10,2021-11-01
517,سيدكو,سرمايه گذاري توسعه صنايع سيمان,214,1502972,9147784170,5870,5900,6020,150,2.56,6000,130,2.21,5900,6160,1400-8-10,2021-11-01
518,بنيرو,نيروترانس‌,213,3006206,5496725232,1846,1897,1810,-36,-1.95,1839,-7,-0.38,1792,1900,1400-8-10,2021-11-01
519,غشهد,شهد ايران ‌,212,1293349,5096469336,3985,3790,3986,1,0.03,3969,-16,-0.4,3790,4100,1400-8-10,2021-11-01
520,وكادو,تكادو,212,1104055,16763452008,15497,15033,15103,-394,-2.54,15184,-313,-2.02,15033,15870,1400-8-10,2021-11-01
521,زعف0110پ10,زعفران0110نگين طلاي سرخ(پ),211,841439,202218553240,250013,256999,248000,-2013,-0.81,240325,-9688,-3.87,240272,256999,1400-8-10,2021-11-01
522,وارس,سرمايه گذاري ارس صبا,210,582676,6373444187,10805,10484,10820,15,0.14,10894,89,0.82,10484,11129,1400-8-10,2021-11-01
523,خوساز,محورسازان‌ايران‌خودرو,210,2460805,15610908750,6050,6050,6350,300,4.96,6340,290,4.79,6050,6350,1400-8-10,2021-11-01
524,تسه9909,امتياز تسهيلات مسكن آذر99,209,4363,3103717240,703545,690000,729999,26454,3.76,711372,7827,1.11,670100,730000,1400-8-10,2021-11-01
525,سخزر,سيمان‌ خزر,208,764173,15324139190,19520,18620,19910,390,2,20050,530,2.72,18620,20490,1400-8-10,2021-11-01
526,شپاكسا,پاكسان‌,205,444948,7150284850,15710,15040,15810,100,0.64,15890,180,1.15,15040,16490,1400-8-10,2021-11-01
527,وبازار,صندوق س شاخصي بازارآشنا,205,1467657,17169005360,11480,11490,12000,520,4.53,11700,220,1.92,11490,12160,1400-8-10,2021-11-01
528,كگهر,سنگ آهن گهرزمين,203,1160359,51644566261,44272,44272,44820,548,1.24,44373,101,0.23,44200,45400,1400-8-10,2021-11-01
529,بسويچ,پارس‌سويچ‌,202,192972,3121731980,16840,16010,16010,-830,-4.93,16690,-150,-0.89,16000,16800,1400-8-10,2021-11-01
530,پلوله,گازلوله‌,201,1024600,26011902063,26717,25382,25382,-1335,-5,25387,-1330,-4.98,25382,26400,1400-8-10,2021-11-01
531,كشرق,صنعتي و معدني شمال شرق شاهرود,200,271889,17907614836,65752,62465,65200,-552,-0.84,65864,112,0.17,62465,67999,1400-8-10,2021-11-01
532,هجرت,پخش هجرت,199,659870,17683738571,27454,27421,26800,-654,-2.38,26799,-655,-2.39,26082,28826,1400-8-10,2021-11-01
533,قمرو,قند مرودشت‌,197,277242,6367349800,23650,24160,22990,-660,-2.79,23340,-310,-1.31,22500,24410,1400-8-10,2021-11-01
534,دشيمي,شيمي‌ داروئي‌ داروپخش‌,196,442916,10825169520,24300,24300,24530,230,0.95,24400,100,0.41,24250,25500,1400-8-10,2021-11-01
535,غالبر,لبنيات‌ كالبر,196,1818693,17968686840,9410,9880,9880,470,4.99,9880,470,4.99,9880,9880,1400-8-10,2021-11-01
536,حپارسا,توسعه حمل و نقل ريلي پارسيان,196,337727,10034289343,29806,29400,29001,-805,-2.7,29737,-69,-0.23,28834,30700,1400-8-10,2021-11-01
537,شپاس,نفت پاسارگاد,193,319323,5325627996,16477,15680,16300,-177,-1.07,16544,67,0.41,15680,17280,1400-8-10,2021-11-01
538,فيروزا,صندوق بادرآمد ثابت فيروزه آسيا,192,14190235,362630700461,25541,25794,25555,14,0.05,25555,14,0.05,25325,25794,1400-8-10,2021-11-01
539,دسبحان,سبحان دارو,192,395483,5754454470,14620,13890,14590,-30,-0.21,14590,-30,-0.21,13890,14970,1400-8-10,2021-11-01
540,پرداخت,به پرداخت ملت,192,528768,6858193670,12450,12970,12750,300,2.41,12680,230,1.85,12020,13070,1400-8-10,2021-11-01
541,غپآذر,شير پگاه آذربايجان شرقي,191,188104,6398168765,34097,33011,33100,-997,-2.92,34058,-39,-0.11,33011,35600,1400-8-10,2021-11-01
542,داريوش,صندوق س. ثروت داريوش -س,190,844263,8095378307,9549,9521,9640,91,0.95,9589,40,0.42,9520,9700,1400-8-10,2021-11-01
543,شوينده,مديريت صنعت شوينده ت.ص.بهشهر,190,316343,5866574220,18270,18490,18410,140,0.77,18380,110,0.6,18200,19170,1400-8-10,2021-11-01
544,كخاك,صنايع‌خاك‌چيني‌ايران‌,188,389403,10173821260,25210,25210,25800,590,2.34,25800,590,2.34,25000,26470,1400-8-10,2021-11-01
545,بهپاك,صنعتي بهپاك,187,1230845,6036473545,4848,4853,4990,142,2.93,4872,24,0.5,4750,5038,1400-8-10,2021-11-01
546,سفانو,سيمان فارس نو,187,309264,7819014070,24390,24960,25200,810,3.32,24870,480,1.97,24900,25600,1400-8-10,2021-11-01
547,واميد,گروه مديريت سرمايه گذاري اميد,186,1031176,13206937530,12510,12520,12690,180,1.44,12540,30,0.24,12520,13020,1400-8-10,2021-11-01
548,اعتلا,شركت سرمايه گذاري اعتلاء البرز,185,1107641,3799367181,3348,3308,3445,97,2.9,3370,22,0.66,3232,3515,1400-8-10,2021-11-01
549,فاما,صنعتي‌ آما,185,1072542,17713732520,16210,15620,16700,490,3.02,16520,310,1.91,15620,16760,1400-8-10,2021-11-01
550,كيان2,صندوق س. با درآمد ثابت كيان,183,18300000,18300000,31322,1,1,-31321,-100,1,-31321,-100,1,1,1400-8-10,2021-11-01
551,ولبهمن,شركت بهمن ليزينگ,183,1233628,7565799128,5972,5972,6052,80,1.34,6058,86,1.44,5972,6250,1400-8-10,2021-11-01
552,تماوند,تامين سرمايه دماوند,182,1190173,6702962756,5539,5435,5600,61,1.1,5578,39,0.7,5431,5700,1400-8-10,2021-11-01
553,سدور,سيمان‌ دورود,181,3140543,20630257510,6260,6570,6570,310,4.95,6570,310,4.95,6500,6570,1400-8-10,2021-11-01
554,درازك,دارويي‌ رازك‌,179,224902,7709223830,34140,32780,34580,440,1.29,34210,70,0.21,32780,35700,1400-8-10,2021-11-01
555,فلات,گروه صنايع معادن فلات ايرانيان,179,2119253,29051476091,14130,13707,13707,-423,-2.99,13708,-422,-2.99,13707,13767,1400-8-10,2021-11-01
556,اخزا006,اسنادخزانه-م6بودجه00-030723,177,856591,455517487911,531693,533000,532400,707,0.13,531779,86,0.02,528001,533000,1400-8-10,2021-11-01
557,تسه9902,امتياز تسهيلات مسكن ارديبهشت99,177,2546,1771400608,686199,671010,720508,34309,5,695758,9559,1.39,655001,720508,1400-8-10,2021-11-01
558,ثامان,سامان‌ گستراصفهان‌,175,437511,4297827630,10000,9550,9700,-300,-3,9950,-50,-0.5,9550,10120,1400-8-10,2021-11-01
559,زرين,صندوق س. سهام زرين كوروش-س,174,587688,7324918797,12019,12073,12554,535,4.45,12464,445,3.7,12070,13220,1400-8-10,2021-11-01
560,وبهمن,سرمايه‌گذاري‌بهمن‌,174,265959,3892096960,15030,14280,14610,-420,-2.79,14930,-100,-0.67,14280,15250,1400-8-10,2021-11-01
561,دكيمي,كيميدارو,172,675606,12753234020,18260,17500,18990,730,4,18780,520,2.85,17350,19170,1400-8-10,2021-11-01
562,سكه0012پ01,تمام سكه طرح جديد0012رفاه,171,49300,57746122800,1162978,1165039,1170000,7022,0.6,1171321,8343,0.72,1165000,1174480,1400-8-10,2021-11-01
563,سمازن,سيمان‌مازندران‌,171,528310,7224569620,13340,13160,13500,160,1.2,13510,170,1.27,13160,14000,1400-8-10,2021-11-01
564,وصندوق,سرمايه‌گذاري‌صندوق‌بازنشستگي‌,169,565550,10450823160,18420,18390,18400,-20,-0.11,18430,10,0.05,18300,18830,1400-8-10,2021-11-01
565,گنگين,اقتصادي نگين گردشگري ايرانيان,168,1450273,35115305357,24304,24000,24530,226,0.93,24213,-91,-0.37,23575,24999,1400-8-10,2021-11-01
566,فيروزه,صندوق شاخص30 شركت فيروزه- سهام,167,77206,13182938520,165480,175000,172500,7020,4.24,170750,5270,3.18,169720,175030,1400-8-10,2021-11-01
567,قشهد,شهد,167,522557,7049974960,13750,13070,13400,-350,-2.55,13620,-130,-0.95,13070,14000,1400-8-10,2021-11-01
568,ضخود1054,اختيارخ خودرو-3000-1400/10/08,166,7284,45995000,5,12,5,0,0,6,1,20,5,12,1400-8-10,2021-11-01
569,ثزاگرس,سرمايه گذاري توسعه عمران زاگرس,165,125880,4087784982,33290,31627,31626,-1664,-5,32935,-355,-1.07,31626,34729,1400-8-10,2021-11-01
570,كفرا,فراورده‌ هاي‌ نسوزايران‌,163,364456,6315012240,17010,16780,17080,70,0.41,17150,140,0.82,16770,17790,1400-8-10,2021-11-01
571,سكرد,سيمان كردستان,163,1341355,7241715450,5450,5200,5330,-120,-2.2,5430,-20,-0.37,5200,5600,1400-8-10,2021-11-01
572,كگاز,شيشه‌ و گاز,161,505452,7321381210,14230,14370,14360,130,0.91,14360,130,0.91,14170,14940,1400-8-10,2021-11-01
573,لوتوس,تامين سرمايه لوتوس پارسيان,160,821512,4575850270,5530,5540,5550,20,0.36,5540,10,0.18,5530,5690,1400-8-10,2021-11-01
574,تسه9904,امتياز تسهيلات مسكن تير99,158,2843,1981931970,689810,660196,700000,10190,1.48,697127,7317,1.06,660196,709889,1400-8-10,2021-11-01
575,پسهند,صنايع‌ لاستيكي‌  سهند,157,278395,6281416310,22250,22100,22750,500,2.25,22390,140,0.63,22100,23250,1400-8-10,2021-11-01
576,شصفها,پتروشيمي‌ اصفهان‌,155,439611,54886451320,123343,125800,121999,-1344,-1.09,124852,1509,1.22,120878,125809,1400-8-10,2021-11-01
577,زپارس,ملي كشت و صنعت و دامپروري پارس,155,81525,8280420490,100020,98520,102090,2070,2.07,100860,840,0.84,98520,103250,1400-8-10,2021-11-01
578,اتكامح,ح . بيمه اتكايي امين,154,1257209,2410284598,1880,1976,1930,50,2.66,1917,37,1.97,1870,1976,1400-8-10,2021-11-01
579,سلار,شركت سيمان لارستان,152,383046,10901701952,29930,28434,28434,-1496,-5,28461,-1469,-4.91,28434,29000,1400-8-10,2021-11-01
580,خديزل,بهمن  ديزل,152,272254,12962433108,45398,46588,47667,2269,5,46905,1507,3.32,45430,47667,1400-8-10,2021-11-01
581,قزوين,كارخانجات‌ قند قزوين‌,152,288949,8291438690,27410,27450,28780,1370,5,28120,710,2.59,27450,28780,1400-8-10,2021-11-01
582,زگلدشت,كشت و دام گلدشت نمونه اصفهان,152,693780,5962646158,8584,8205,8454,-130,-1.51,8588,4,0.05,8205,8800,1400-8-10,2021-11-01
583,سهرمز,سيمان‌هرمزگان‌,150,353661,5711815640,16030,15240,15370,-660,-4.12,16080,50,0.31,15240,16540,1400-8-10,2021-11-01
584,زعف0110پ11,زعفران0110نگين سحرخيز(پ),149,145865,36143864892,253089,250000,248000,-5089,-2.01,247790,-5299,-2.09,244000,250400,1400-8-10,2021-11-01
585,صايند,صندوق س. گنجينه آينده روشن-د,149,1126820,11348113010,10095,10068,10070,-25,-0.25,10071,-24,-0.24,10028,10089,1400-8-10,2021-11-01
586,تسه9907,امتياز تسهيلات مسكن مهر99,149,2795,1951031250,695524,665100,700000,4476,0.64,698043,2519,0.36,665100,710000,1400-8-10,2021-11-01
587,تسه9809,امتياز تسهيلات مسكن آذر98,143,3256,2278788382,686734,672200,709496,22762,3.31,699874,13140,1.91,672200,721070,1400-8-10,2021-11-01
588,وپخش,داروپخش‌ (هلدينگ‌,141,234445,7009103050,30150,29100,30150,0,0,30110,-40,-0.13,29000,31390,1400-8-10,2021-11-01
589,حخزر,كشتيراني درياي خزر,138,483936,8179184409,17423,16600,16552,-871,-5,17112,-311,-1.78,16552,17654,1400-8-10,2021-11-01
590,فنورد,نوردوقطعات‌ فولادي‌,138,105749,19443217910,178150,178140,187050,8900,5,183860,5710,3.21,178140,187050,1400-8-10,2021-11-01
591,كاسپين,داروسازي كاسپين تامين,137,1470510,39865526100,28536,27110,27110,-1426,-5,27110,-1426,-5,27110,27110,1400-8-10,2021-11-01
592,سكرما,سيمان‌ كرمان‌,136,542717,7735433260,13910,13700,13890,-20,-0.14,14090,180,1.29,13700,14580,1400-8-10,2021-11-01
593,زعف0008پ10,زعفران0008نگين طلاي سرخ(پ),135,103770,18939275934,177046,180030,181000,3954,2.23,182512,5466,3.09,180001,185998,1400-8-10,2021-11-01
594,وثخوز,سرمايه گذاري و توسعه خوزستان,134,348257,10773678552,29463,30936,30936,1473,5,30936,1473,5,30936,30936,1400-8-10,2021-11-01
595,شاملا,معدني‌ املاح‌  ايران‌,134,176016,5211736850,29580,30990,28550,-1030,-3.48,29590,10,0.03,28500,30990,1400-8-10,2021-11-01
596,ثمسكن,سرمايه‌گذاري‌ مسكن‌,133,1913305,7614230510,3792,3750,3981,189,4.98,3887,95,2.51,3750,3981,1400-8-10,2021-11-01
597,سهگمت,سيمان‌هگمتان‌,132,444143,9479560390,21030,21370,21000,-30,-0.14,21230,200,0.95,20650,22080,1400-8-10,2021-11-01
598,ماني,صندوق س. با درآمد ثابت ماني,132,3061038,31836370748,10397,10401,10402,5,0.05,10401,4,0.04,10399,10403,1400-8-10,2021-11-01
599,دارو,كارخانجات‌داروپخش‌,130,194346,5669836520,28220,27850,28580,360,1.28,28530,310,1.1,27850,29480,1400-8-10,2021-11-01
600,دپارس,پارس‌ دارو,130,101419,3126488750,30170,29960,30190,20,0.07,30310,140,0.46,29960,31670,1400-8-10,2021-11-01
601,اتكام,بيمه اتكايي امين,129,1284318,4593191316,3536,3536,3589,53,1.5,3548,12,0.34,3536,3695,1400-8-10,2021-11-01
602,ساراب,سيمان‌ داراب‌,128,284068,4677775180,16190,15500,16400,210,1.3,16280,90,0.56,15500,16800,1400-8-10,2021-11-01
603,شگل,گلتاش‌,127,501626,3304755930,6600,6460,6530,-70,-1.06,6600,0,0,6460,6840,1400-8-10,2021-11-01
604,ضسپا8042,اختيارخ خساپا-1800-1400/08/26,124,6997,148932000,4,4,13,9,225,21,17,425,4,55,1400-8-10,2021-11-01
605,تسه9811,امتياز تسهيلات مسكن بهمن98,123,2782,1953951049,690955,699998,719999,29044,4.2,702355,11400,1.65,670010,719999,1400-8-10,2021-11-01
606,دفرا,فرآورده‌هاي‌ تزريقي‌ ايران‌,122,152651,4215183630,27860,27300,27890,30,0.11,27790,-70,-0.25,26850,29100,1400-8-10,2021-11-01
607,بخاور,بيمه زندگي خاورميانه,120,848124,3615066630,4248,4036,4221,-27,-0.64,4252,4,0.09,4036,4330,1400-8-10,2021-11-01
608,داسوه,داروسازي‌ اسوه‌,119,261045,6115781440,22350,23440,23460,1110,4.97,22760,410,1.83,22900,23460,1400-8-10,2021-11-01
609,سفاسي,شركت فارسيت اهواز,119,1555033,5957331423,3949,3831,3831,-118,-2.99,3876,-73,-1.85,3831,3831,1400-8-10,2021-11-01
610,ما,بيمه  ما,118,530768,3230329760,6080,6140,6050,-30,-0.49,6080,0,0,5910,6240,1400-8-10,2021-11-01
611,دسبحا,گروه دارويي سبحان,117,304006,5351010700,17940,17720,17820,-120,-0.67,17860,-80,-0.45,17050,17920,1400-8-10,2021-11-01
612,گوهران,سرمايه گذاري توسعه گوهران اميد,117,855073,4266217039,4910,4980,4998,88,1.79,4932,22,0.45,4921,5031,1400-8-10,2021-11-01
613,فن آوا,گروه فن آوا,116,270574,5540451504,19904,20210,20500,596,2.99,20225,321,1.61,20000,20501,1400-8-10,2021-11-01
614,معيار ,سرمايه گذاري معيار صنعت پارس,116,183613,8954020051,48272,48970,49450,1178,2.44,48709,437,0.91,47800,49720,1400-8-10,2021-11-01
615,فنفتح,ح . صنايع تجهيزات نفت,115,438362,4393875300,10302,10100,10150,-152,-1.48,10023,-279,-2.71,9993,10250,1400-8-10,2021-11-01
616,سجام,مجتمع سيمان غرب آسيا,114,3259523,9918728489,2955,3043,3043,88,2.98,3040,85,2.88,3043,3043,1400-8-10,2021-11-01
617,غپونه,نوش پونه مشهد,113,640149,7594699626,12179,11814,12000,-179,-1.47,11925,-254,-2.09,11814,12400,1400-8-10,2021-11-01
618,سشمال,سيمان‌ شمال‌,112,345851,2808778770,8140,8010,8100,-40,-0.49,8140,0,0,8010,8270,1400-8-10,2021-11-01
619,وهنر,گروه توسعه هنر ايران,111,1847531,6490376403,3621,3513,3513,-108,-2.98,3547,-74,-2.04,3513,3513,1400-8-10,2021-11-01
620,كي بي سي,شركت كي بي سي,110,181402,2986420936,16702,16537,16000,-702,-4.2,16652,-50,-0.3,15867,17210,1400-8-10,2021-11-01
621,اخزا910,اسنادخزانه-م10بودجه99-020807,110,423585,277082879320,653557,651109,653500,-57,-0.01,654138,581,0.09,651109,656800,1400-8-10,2021-11-01
622,كپرور,فرآوري زغال سنگ پروده طبس,110,127069,3858421524,29866,29300,30950,1084,3.63,30003,137,0.46,29300,31359,1400-8-10,2021-11-01
623,تسه9903,امتياز تسهيلات مسكن خرداد99,108,928,652254884,684461,682000,700001,15540,2.27,702861,18400,2.69,651000,715000,1400-8-10,2021-11-01
624,وليز,ليزينگ‌ايران‌,107,4592011,11406555324,2366,2484,2484,118,4.99,2447,81,3.42,2484,2484,1400-8-10,2021-11-01
625,تسه9906,امتياز تسهيلات مسكن شهريور99,107,873,610018181,697502,663000,701000,3498,0.5,698761,1259,0.18,662668,701000,1400-8-10,2021-11-01
626,ولتجار,واسپاري تجارت وسرمايه ايرانيان,101,4631682,16942692756,3552,3658,3658,106,2.98,3658,106,2.98,3658,3658,1400-8-10,2021-11-01
627,گوهر,صندوق سكه طلاي كيان,100,30100,1755313616,58033,58600,58519,486,0.84,58316,283,0.49,57912,58600,1400-8-10,2021-11-01
628,دارا,صندوق س. دارا الگوريتم-د,100,1072587,10607293905,9884,9900,9899,15,0.15,9889,5,0.05,9874,9903,1400-8-10,2021-11-01
629,وتوشه,سرمايه‌ گذاري‌ پارس‌ توشه‌,100,481773,2765362470,5690,5500,5730,40,0.7,5700,10,0.18,5500,5950,1400-8-10,2021-11-01
630,كيسون,شركت كيسون,98,852719,5847094183,7069,6857,6857,-212,-3,6979,-90,-1.27,6857,6857,1400-8-10,2021-11-01
631,آساس,صندوق س.آسمان آرماني سهام-س,98,27367,4419622284,156540,159000,161300,4760,3.04,161495,4955,3.17,159000,163000,1400-8-10,2021-11-01
632,دقاضي,داروسازي شهيد قاضي,97,127811,3721343416,29887,28991,28991,-896,-3,29597,-290,-0.97,28991,30500,1400-8-10,2021-11-01
633,وامين,س. امين توان آفرين ساز,95,196115,2519806703,12836,12840,12920,84,0.65,12837,1,0.01,12836,12940,1400-8-10,2021-11-01
634,سرود,سيمان‌شاهرود,94,101142,2215127930,21890,20870,22290,400,1.83,21890,0,0,20870,22930,1400-8-10,2021-11-01
635,سمتاز,سيمان ممتازان كرمان,94,154599,2436082688,16056,15680,16098,42,0.26,15981,-75,-0.47,15579,16537,1400-8-10,2021-11-01
636,تسه9905,امتياز تسهيلات مسكن مرداد99,92,1114,781886608,705405,670135,695002,-10403,-1.47,701873,-3532,-0.5,670135,730000,1400-8-10,2021-11-01
637,تسه9812,امتياز تسهيلات مسكن اسفند98,92,720,507154882,692567,670000,700000,7433,1.07,704382,11815,1.71,670000,727195,1400-8-10,2021-11-01
638,عيار,صندوق سكه طلاي مفيد,88,90267,2678026721,29431,29310,29735,304,1.03,29668,237,0.81,29310,29790,1400-8-10,2021-11-01
639,زعف0008پ11,زعفران0008نگين سحرخيز(پ),86,91586,16993982186,180126,181100,185000,4874,2.71,185552,5426,3.01,179400,187204,1400-8-10,2021-11-01
640,اخزا002,اسنادخزانه-م2بودجه00-031024,86,198338,100120161558,504774,504999,505000,226,0.04,504796,22,0,502503,506000,1400-8-10,2021-11-01
641,زر,صندوق س.پشتوانه سكه طلاي زر,85,58452,2963760801,50213,50001,51000,787,1.57,50704,491,0.98,50001,51000,1400-8-10,2021-11-01
642,ارمغان,ص سرمايه گذاري ارمغان ايرانيان,85,1774281,17973493446,10119,10126,10131,12,0.12,10130,11,0.11,10126,10143,1400-8-10,2021-11-01
643,تسه9901,امتياز تسهيلات مسكن فروردين99,84,763,534497797,688182,654026,722591,34409,5,700521,12339,1.79,654026,722591,1400-8-10,2021-11-01
644,سبجنو,سيمان‌ بجنورد,83,105363,3777976740,34960,34920,35740,780,2.23,35190,230,0.66,34920,36660,1400-8-10,2021-11-01
645,فردا2,صندوق س آواي فرداي زاگرس-ثابت,82,8200000,8200000,11715,1,1,-11714,-99.99,1,-11714,-99.99,1,1,1400-8-10,2021-11-01
646,خاتم,صندوق س خاتم ايساتيس پويا-ثابت,82,2179063,26652904609,12224,12230,12232,8,0.07,12231,7,0.06,12230,12233,1400-8-10,2021-11-01
647,اخزا004,اسنادخزانه-م4بودجه00-030522,81,225733,124558546173,552466,524844,552000,-466,-0.08,551796,-670,-0.12,524844,557900,1400-8-10,2021-11-01
648,اخزا008,اسنادخزانه-م8بودجه00-030919,75,311884,160350966126,515103,517000,514004,-1099,-0.21,514137,-966,-0.19,505000,517000,1400-8-10,2021-11-01
649,آكورد2,صندوق س. آرمان آتي كوثر-د,75,7500000,7500000,34946,1,1,-34945,-100,1,-34945,-100,1,1,1400-8-10,2021-11-01
650,تپولا,مهندسي مرآت پولاد,74,196429,3609865596,18944,18376,18376,-568,-3,18724,-220,-1.16,18376,18940,1400-8-10,2021-11-01
651,اخزا001,اسنادخزانه-م1بودجه00-030821,72,260510,136438810919,523740,540000,523899,159,0.03,523737,-3,0,520000,540000,1400-8-10,2021-11-01
652,اخزا903,اسنادخزانه-م3بودجه99-011110,72,190074,146826591621,775219,768001,771046,-4173,-0.54,772471,-2748,-0.35,767001,778888,1400-8-10,2021-11-01
653,اوصتا,صندوق انديشه ورزان صباتامين -د,71,2643680,53815493003,20337,20357,20359,22,0.11,20356,19,0.09,20356,20359,1400-8-10,2021-11-01
654,دشيري,شيرين دارو,71,61006,9355776765,158097,153355,153355,-4742,-3,153524,-4573,-2.89,153355,153552,1400-8-10,2021-11-01
655,قيستو,شركت قند بيستون,70,516688,12932183952,25803,25029,25029,-774,-3,25029,-774,-3,25029,25029,1400-8-10,2021-11-01
656,دروز,داروسازي‌ روزدارو,70,610189,21399328230,36910,35070,35070,-1840,-4.99,35070,-1840,-4.99,35070,35070,1400-8-10,2021-11-01
657,اخزا914,اسنادخزانه-م14بودجه99-021025,69,214750,134177611385,625645,622111,624500,-1145,-0.18,624808,-837,-0.13,622111,629700,1400-8-10,2021-11-01
658,زعف0008پ05,زعفران0008نگين زرين(پ),67,24888,4590369498,178841,187203,187200,8359,4.67,184441,5600,3.13,180000,187204,1400-8-10,2021-11-01
659,قپيرا,فرآورده‌هاي‌غدايي‌وقندپيرانشهر,66,85860,729756710,8540,8130,8600,60,0.7,8540,0,0,8120,8700,1400-8-10,2021-11-01
660,صنوين,صندوق سرمايه‌گذاري صنوين-مختلط,63,11844,1085110620,91810,88410,92590,780,0.85,91620,-190,-0.21,88410,94890,1400-8-10,2021-11-01
661,كميناح,ح . شيشه سازي مينا,63,321893,2057727967,6249,6249,6436,187,2.99,6393,144,2.3,6140,6436,1400-8-10,2021-11-01
662,اخزا003,اسنادخزانه-م3بودجه00-030418,59,152642,86004551028,563476,561000,563900,424,0.08,563440,-36,-0.01,559501,564697,1400-8-10,2021-11-01
663,افق ملت,صندوق س در سهام افق ملت,56,16911,2359220710,138970,138050,140250,1280,0.92,139510,540,0.39,138050,141990,1400-8-10,2021-11-01
664,وآفري,بيمه كارآفرين,56,1385615,4429791137,3275,3349,3177,-98,-2.99,3247,-28,-0.85,3177,3349,1400-8-10,2021-11-01
665,اخزا909,اسنادخزانه-م9بودجه99-020316,55,310361,222332862193,717803,715111,715000,-2803,-0.39,716369,-1434,-0.2,714551,717600,1400-8-10,2021-11-01
666,لپيام,گسترش صنايع پيام,55,128741,4739471174,37952,36814,36814,-1138,-3,37371,-581,-1.53,36814,36814,1400-8-10,2021-11-01
667,اخزا901,اسنادخزانه-م1بودجه99-010621,55,122127,102084358892,837593,828401,836350,-1243,-0.15,835887,-1706,-0.2,828401,836800,1400-8-10,2021-11-01
668,تكنار,مجتمع معادن مس تكنار,55,16480,950212230,58456,60200,58001,-455,-0.78,58375,-81,-0.14,56703,60200,1400-8-10,2021-11-01
669,وحافظح,ح . بيمه حافظ,54,295870,1018057684,3342,3440,3442,100,2.99,3441,99,2.96,3390,3442,1400-8-10,2021-11-01
670,فراز,صندوق س.سهام فراز داريك-س,52,485454,6869935648,14151,14152,14151,0,0,14152,1,0.01,14151,14161,1400-8-10,2021-11-01
671,ضسپا8040,اختيارخ خساپا-1400-1400/08/26,50,1725,267010000,56,100,160,104,185.71,155,99,176.79,80,175,1400-8-10,2021-11-01
672,واحصا,احياء صنايع خراسان,49,313316,16208463312,53331,51732,51732,-1599,-3,51732,-1599,-3,51732,51732,1400-8-10,2021-11-01
673,وگستر,گسترش سرمايه گذاري ايرانيان,48,275878,2224128436,8486,8062,8062,-424,-5,8420,-66,-0.78,8062,8062,1400-8-10,2021-11-01
674,پارتا,مجتمع‌صنعتي‌آرتاويل‌تاير,48,81348,2050014188,25972,25954,25193,-779,-3,25901,-71,-0.27,25193,25954,1400-8-10,2021-11-01
675,آتيمس,صندوق س.آرمان آتيه درخشان مس-س,47,8556,1564529237,179440,182920,182699,3259,1.82,182858,3418,1.9,181000,184000,1400-8-10,2021-11-01
676,قنقش,قند نقش جهان,46,88788,9570014580,103640,107785,107785,4145,4,107785,4145,4,107785,107785,1400-8-10,2021-11-01
677,ثروتم,صندوق س. ثروت آفرين پارسيان-س,46,176240,14802129660,84333,82881,84450,117,0.14,83988,-345,-0.41,82881,85027,1400-8-10,2021-11-01
678,اخزا902,اسنادخزانه-م2بودجه99-011019,46,140506,110049055477,785138,783333,783200,-1938,-0.25,783234,-1904,-0.24,781112,785138,1400-8-10,2021-11-01
679,برن0104پ01,برنج طارم0104تجارت مازندران(پ),45,4791,1950732088,404931,406050,405000,69,0.02,407166,2235,0.55,405000,412000,1400-8-10,2021-11-01
680,اگ010155,گام بانك اقتصاد نوين0101,45,450000,406245000000,902300,900000,906000,3700,0.41,902767,467,0.05,900000,906000,1400-8-10,2021-11-01
681,فافزا,فولاد افزا سپاهان,44,137351,5978889030,44876,43530,43530,-1346,-3,43977,-899,-2,43530,43530,1400-8-10,2021-11-01
682,اخزا911,اسنادخزانه-م11بودجه99-020906,42,146279,93985164486,644373,643170,642500,-1873,-0.29,642506,-1867,-0.29,637500,644000,1400-8-10,2021-11-01
683,ثجوان,تامين مسكن جوانان,41,319189,1944325017,6279,6091,6091,-188,-2.99,6241,-38,-0.61,6091,6120,1400-8-10,2021-11-01
684,سكه0112پ03,تمام سكه طرح جديد0112سامان,39,8200,9540523000,1158354,1166000,1170000,11646,1.01,1163478,5124,0.44,1155101,1172000,1400-8-10,2021-11-01
685,فكمند,گسترش قطعه سازي كمند,39,153042,4844544510,33321,31655,31655,-1666,-5,32471,-850,-2.55,31655,31655,1400-8-10,2021-11-01
686,اخزا908,اسنادخزانه-م8بودجه99-020606,38,255073,172876928196,679028,676880,677001,-2027,-0.3,677755,-1273,-0.19,676822,678020,1400-8-10,2021-11-01
687,شساخت,مهندسي و ساختمان صنايع نفت,37,146607,6224053578,43767,42454,42454,-1313,-3,43576,-191,-0.44,42454,42454,1400-8-10,2021-11-01
688,اخزا811,اسنادخزانه-م11بودجه98-001013,36,70609,68046966936,966101,966000,965000,-1101,-0.11,963715,-2386,-0.25,961033,967000,1400-8-10,2021-11-01
689,غشوكو,شوكو پارس,36,109907,1096871860,10288,9980,9980,-308,-2.99,10253,-35,-0.34,9980,9980,1400-8-10,2021-11-01
690,نيرو,نيرو سرمايه,35,71373,2810026383,41443,39371,39371,-2072,-5,40829,-614,-1.48,39371,39371,1400-8-10,2021-11-01
691,زعف0008پ15,زعفران0008پوشالمعمول طلاسرخ(پ),34,125551,18872556581,156228,164039,164039,7811,5,150318,-5910,-3.78,150000,164039,1400-8-10,2021-11-01
692,ساروج,بين المللي ساروج بوشهر,34,78069,1311939095,16923,16923,16880,-43,-0.25,16907,-16,-0.09,16417,17000,1400-8-10,2021-11-01
693,لخانه,لوازم‌ خانگي‌ پارس‌,33,109918,2036450786,19099,18527,18527,-572,-2.99,18979,-120,-0.63,18527,18527,1400-8-10,2021-11-01
694,گنجين,صندوق س. گنجينه يكم آويد-د,32,235214,3304829929,14043,14043,14046,3,0.02,14050,7,0.05,14043,14052,1400-8-10,2021-11-01
695,واعتبار,سرمايه گذاري اعتبار ايران,32,465572,3110020960,6370,6680,6680,310,4.87,6430,60,0.94,6680,6680,1400-8-10,2021-11-01
696,غشوكوح,ح . شوكو پارس,31,93829,533417865,5860,5685,5685,-175,-2.99,5685,-175,-2.99,5685,5685,1400-8-10,2021-11-01
697,اخزا905,اسنادخزانه-م5بودجه99-020218,31,117860,85940156143,730205,728501,732460,2255,0.31,729171,-1034,-0.14,728000,732460,1400-8-10,2021-11-01
698,الماس,صندوق س.امين تدبيرگران فردا-س,31,11653,1192369992,102827,102000,102805,-22,-0.02,102323,-504,-0.49,102000,104800,1400-8-10,2021-11-01
699,اراد33,مرابحه عام دولت3-ش.خ 0303,31,233800,207266537000,897106,880000,924997,27891,3.11,886512,-10594,-1.18,880000,924997,1400-8-10,2021-11-01
700,ضفلا1165,اختيارخ فولاد-14000-1400/11/24,30,50,30000000,439,600,600,161,36.67,600,161,36.67,600,600,1400-8-10,2021-11-01
701,زعف0008پ08,زعفران0008نگين روستا(پ),30,28636,5276175538,174241,183990,184488,10247,5.88,184250,10009,5.74,182500,185000,1400-8-10,2021-11-01
702,زعف0110پ05,زعفران0110نگين زرين(پ),29,9017,2232652628,251424,257000,249500,-1924,-0.77,247605,-3819,-1.52,241001,257000,1400-8-10,2021-11-01
703,اخزا815,اسنادخزانه-م15بودجه98-010406,29,148003,129329226806,873836,866501,873405,-431,-0.05,873828,-8,0,866500,874999,1400-8-10,2021-11-01
704,ضشنا8003,اختيارخ شپنا-8800-1400/08/16,28,363,649210000,1170,1500,1970,800,68.38,1788,618,52.82,1500,1970,1400-8-10,2021-11-01
705,اخزا809,اسنادخزانه-م9بودجه98-000923,26,100326,97722248995,976201,976500,976999,798,0.08,974047,-2154,-0.22,974000,976999,1400-8-10,2021-11-01
706,سكه0012پ04,تمام سكه طرح جديد0012صادرات,26,6300,7368894400,1161275,1163880,1171000,9725,0.84,1169666,8391,0.72,1163880,1171500,1400-8-10,2021-11-01
707,اراد61,مرابحه عام دولت61-ش.خ0309,26,220000,220000000000,1000000,1000000,1000000,0,0,1000000,0,0,1000000,1000000,1400-8-10,2021-11-01
708,سكه0011پ02,تمام سكه طرح جديد0011ملت,26,6400,7465194900,1159339,1165000,1170999,11660,1.01,1166437,7098,0.61,1164000,1170999,1400-8-10,2021-11-01
709,اخزا814,اسنادخزانه-م14بودجه98-010318,26,121869,107666596942,883091,883462,883210,119,0.01,883462,371,0.04,883210,884000,1400-8-10,2021-11-01
710,بذر,صندوق س بذر اميد آفرين-سهام,25,8259,775988020,92010,93570,93990,1980,2.15,93960,1950,2.12,93570,94900,1400-8-10,2021-11-01
711,ضسپا8043,اختيارخ خساپا-2000-1400/08/26,24,884,3451000,3,6,4,1,33.33,4,1,33.33,3,6,1400-8-10,2021-11-01
712,ضشنا8005,اختيارخ شپنا-12800-1400/08/16,24,617,10294000,10,30,10,0,0,17,7,70,7,199,1400-8-10,2021-11-01
713,اخزا813,اسنادخزانه-م13بودجه98-010219,24,102613,92188204133,897761,899000,898824,1063,0.12,898407,646,0.07,897552,899000,1400-8-10,2021-11-01
714,اخزا907,اسنادخزانه-م7بودجه99-020704,23,127238,84552771913,669974,662900,666000,-3974,-0.59,664524,-5450,-0.81,662625,666000,1400-8-10,2021-11-01
715,ضفلا1164,اختيارخ فولاد-12000-1400/11/24,23,343,451013000,1143,1300,1210,67,5.86,1315,172,15.05,1210,1388,1400-8-10,2021-11-01
716,ضترا1131,اختيارخ شتران-3529-1400/11/10,22,59,172931294,1116,1300,1256,140,12.54,1293,177,15.86,1251,1300,1400-8-10,2021-11-01
717,داريك,صندوق س.اعتماد داريك-د,22,488371,5748753788,11765,11771,11772,7,0.06,11771,6,0.05,11771,11773,1400-8-10,2021-11-01
718,اطلس2,صندوق س.توسعه اندوخته آينده-س,20,200000,200000,237361,1,1,-237360,-100,1,-237360,-100,1,1,1400-8-10,2021-11-01
719,ولانا,شركت ليزينگ آريا دانا,20,21265,334626040,16222,15736,15736,-486,-3,16201,-21,-0.13,15736,15736,1400-8-10,2021-11-01
720,جهرم,پتروشيمي جهرم,20,379152,557732592,1516,1471,1471,-45,-2.97,1513,-3,-0.2,1471,1471,1400-8-10,2021-11-01
721,اخزا812,اسنادخزانه-م12بودجه98-001111,20,28383,26948570096,949496,951000,954900,5404,0.57,949462,-34,0,949005,954990,1400-8-10,2021-11-01
722,وسنا,سرمايه گذاري نيروگاهي ايران,20,53494,693175252,13639,12958,12958,-681,-4.99,13613,-26,-0.19,12958,12958,1400-8-10,2021-11-01
723,زعف0110پ21,زعفران0110نگين ملل(پ),20,21779,5285474000,262151,250000,245000,-17151,-6.54,242687,-19464,-7.42,240272,254000,1400-8-10,2021-11-01
724,زعف0110پ18,زعفران0110نگين بهرامن(پ),19,21851,5437174500,252244,246000,249500,-2744,-1.09,248830,-3414,-1.35,246000,249800,1400-8-10,2021-11-01
725,اخزا007,اسنادخزانه-م7بودجه00-030912,19,89042,46123369580,518408,517555,518000,-408,-0.08,517996,-412,-0.08,517555,518000,1400-8-10,2021-11-01
726,ضپال2006,اختيارخ اپال-28000-1401/02/12,19,557,693579000,782,1399,1250,468,59.85,1245,463,59.21,1150,1400,1400-8-10,2021-11-01
727,ضسپا1111,اختيارخ خساپا-1400-1400/11/20,18,731,244225000,258,349,305,47,18.22,334,76,29.46,305,349,1400-8-10,2021-11-01
728,اخزا808,اسنادخزانه-م8بودجه98-000817,18,28600,28408659449,995016,995202,995001,-15,0,993310,-1706,-0.17,993054,995997,1400-8-10,2021-11-01
729,بايكا,كارخانجات كابلسازي ‌ايران‌,18,15170,294358680,20004,19404,19404,-600,-3,19986,-18,-0.09,19404,19404,1400-8-10,2021-11-01
730,آسام,صندوق س.آرمان سپهر آشنا-م,18,5210,625507000,120001,120100,120100,99,0.08,120059,58,0.05,120000,120100,1400-8-10,2021-11-01
731,سكارون,سيمان كارون,18,12758,772956188,62459,60586,60586,-1873,-3,62309,-150,-0.24,60586,60586,1400-8-10,2021-11-01
732,اخزا820,اسنادخزانه-م20بودجه98-020806,18,150339,98127543838,653870,661000,655000,1130,0.17,652708,-1162,-0.18,651410,661000,1400-8-10,2021-11-01
733,اخزا005,اسنادخزانه-م5بودجه00-030626,17,97828,52987329226,537821,537099,541700,3879,0.72,541638,3817,0.71,537010,542000,1400-8-10,2021-11-01
734,ضسپا1109,اختيارخ خساپا-1000-1400/11/20,17,190,122550000,537,599,649,112,20.86,645,108,20.11,503,650,1400-8-10,2021-11-01
735,كسعديح,ح . كاشي‌ سعدي‌,17,57041,399287000,7000,7000,7000,0,0,7000,0,0,7000,7000,1400-8-10,2021-11-01
736,ضصاد8031,اختيارخ وبصادر-1789-1400/08/12,17,148,783000,2,10,3,1,50,5,3,150,3,10,1400-8-10,2021-11-01
737,حرهشا,رهشاد سپاهان (سهامي عام,17,7853,917489549,120446,116833,116833,-3613,-3,120068,-378,-0.31,116833,116833,1400-8-10,2021-11-01
738,كهربا,صندوق س.پشتوانه سكه طلا كهربا,16,14770,151580659,10164,10240,10290,126,1.24,10263,99,0.97,10193,10300,1400-8-10,2021-11-01
739,اراد45,مرابحه عام دولت4-ش.خ 0107,16,400000,383240000000,958100,958100,958100,0,0,958100,0,0,958100,958100,1400-8-10,2021-11-01
740,اخزا818,اسنادخزانه-م18بودجه98-010614,16,102495,86155911625,842000,842000,841999,-1,0,840586,-1414,-0.17,839000,842000,1400-8-10,2021-11-01
741,كهرام,توليدي گرانيت بهسرام,15,1696,147643584,90681,87054,87054,-3627,-4,90569,-112,-0.12,87054,87054,1400-8-10,2021-11-01
742,اخزا723,اسنادخزانه-م23بودجه97-000824,15,26174,25916161350,991759,990600,992490,731,0.07,990149,-1610,-0.16,990100,992490,1400-8-10,2021-11-01
743,ثنام,س ساختماني ب نام آوران مهندسي,15,16944,185994288,11554,10977,10977,-577,-4.99,11543,-11,-0.1,10977,10977,1400-8-10,2021-11-01
744,ضفلا1163,اختيارخ فولاد-10000-1400/11/24,15,66,162501000,2232,2401,2500,268,12.01,2462,230,10.3,2401,2500,1400-8-10,2021-11-01
745,فسا,پتروشيمي فسا,14,347709,458280462,1358,1318,1318,-40,-2.95,1356,-2,-0.15,1318,1318,1400-8-10,2021-11-01
746,ضشنا1049,اختيارخ شپنا-6540-1400/10/19,14,323,303281000,667,900,1030,363,54.42,939,272,40.78,850,1030,1400-8-10,2021-11-01
747,تابا,تابان نيرو سپاهان,14,17755,510101150,29618,28730,28730,-888,-3,29567,-51,-0.17,28730,28730,1400-8-10,2021-11-01
748,اخزا009,اسناد خزانه-م9بودجه00-031101,14,872,447181536,520056,512200,510000,-10056,-1.93,512823,-7233,-1.39,510000,539000,1400-8-10,2021-11-01
749,ضپاس1010,اختيارخ وپارس-1800-1400/10/22,14,977,399625000,356,450,400,44,12.36,409,53,14.89,350,450,1400-8-10,2021-11-01
750,وجامي,سرمايه گذاري جامي,13,14032,127845552,9392,9111,9111,-281,-2.99,9388,-4,-0.04,9111,9111,1400-8-10,2021-11-01
751,زعف0008پ16,زعفران0008نگين بيرجند(پ),13,2639,488768075,179678,172700,183000,3322,1.85,185210,5532,3.08,172700,187204,1400-8-10,2021-11-01
752,نگين,ص.س. زمين و ساختمان نگين شهرري,13,1692,88045830,52420,52560,52540,120,0.23,52040,-380,-0.72,51060,52560,1400-8-10,2021-11-01
753,ضصاد8030,اختيارخ وبصادر-1589-1400/08/12,12,96,12245000,37,101,130,93,251.35,128,91,245.95,101,145,1400-8-10,2021-11-01
754,اخزا906,اسنادخزانه-م6بودجه99-020321,12,41672,29618391865,712286,710611,712290,4,0,710750,-1536,-0.22,710611,712290,1400-8-10,2021-11-01
755,كشم0101پ01,كشمش سبز0101خليل آباد(پ),12,153,98021638,623900,633800,649850,25950,4.16,640664,16764,2.69,633800,649850,1400-8-10,2021-11-01
756,ضپال2007,اختيارخ اپال-32000-1401/02/12,12,53,28829000,411,381,510,99,24.09,544,133,32.36,381,648,1400-8-10,2021-11-01
757,اخزا817,اسنادخزانه-م17بودجه98-010512,12,101239,86358614333,857041,850401,853018,-4023,-0.47,853017,-4024,-0.47,850401,863999,1400-8-10,2021-11-01
758,زعف0110پ16,زعفران0110نگين بيرجند(پ),12,35225,8700534697,251577,240272,247000,-4577,-1.82,246999,-4578,-1.82,240272,259997,1400-8-10,2021-11-01
759,آگاس2,صندوق س.هستي بخش آگاه-س,12,1200000,1200000,77151,1,1,-77150,-100,1,-77150,-100,1,1,1400-8-10,2021-11-01
760,اخزا816,اسنادخزانه-م16بودجه98-010503,12,28143,24220084227,859185,860007,860437,1252,0.15,860608,1423,0.17,860007,866998,1400-8-10,2021-11-01
761,اخزا810,اسنادخزانه-م10بودجه98-001006,11,100504,97187470600,968379,967100,970000,1621,0.17,967001,-1378,-0.14,967000,970000,1400-8-10,2021-11-01
762,وحافظ,بيمه حافظ,11,40268,407834304,10441,10128,10128,-313,-3,10428,-13,-0.12,10128,10128,1400-8-10,2021-11-01
763,ثبات2,صندوق س. ثبات ويستا -د,10,30100000,30100000,10302,1,1,-10301,-99.99,1,-10301,-99.99,1,1,1400-8-10,2021-11-01
764,اخزا821,اسنادخزانه-م21بودجه98-020906,10,101347,65181524755,644637,640303,641770,-2867,-0.44,643152,-1485,-0.23,640000,645990,1400-8-10,2021-11-01
765,وآتوس,س.آرين توسكا قيمت اسمي 350ريال,10,14105,347518990,25400,24638,24638,-762,-3,25364,-36,-0.14,24638,24638,1400-8-10,2021-11-01
766,اخزا904,اسنادخزانه-م4بودجه99-011215,10,126050,95604880523,759460,760000,759600,140,0.02,758468,-992,-0.13,758000,760000,1400-8-10,2021-11-01
767,ضپاس1011,اختيارخ وپارس-2000-1400/10/22,10,465,135667000,343,280,290,-53,-15.45,292,-51,-14.87,280,300,1400-8-10,2021-11-01
768,فنفت,صنايع تجهيزات نفت,10,14275,213753850,15437,14974,14974,-463,-3,15427,-10,-0.06,14974,14974,1400-8-10,2021-11-01
769,وسرضوي,س.سهام عدالت استان خراسان رضوي,10,153890,106799660,730,694,694,-36,-4.93,730,0,0,694,694,1400-8-10,2021-11-01
770,فنرژي,گسترش صنايع انرژي آذرآب,9,16985,221280580,13293,13028,13028,-265,-1.99,13281,-12,-0.09,13028,13028,1400-8-10,2021-11-01
771,پادا,صندوق س.پاداش سرمايه پارس-س,9,1670,176123600,104557,105000,105550,993,0.95,105463,906,0.87,104400,106700,1400-8-10,2021-11-01
772,كاردان2,صندوق س تجارت شاخصي كاردان,9,900000,900000,184500,1,1,-184499,-100,1,-184499,-100,1,1,1400-8-10,2021-11-01
773,ضشنا1048,اختيارخ شپنا-5450-1400/10/19,9,323,615369000,1278,1888,1955,677,52.97,1905,627,49.06,1850,1955,1400-8-10,2021-11-01
774,سيناد,صندوق س.سپهرسودمند سينا-د,9,28115,281374920,10008,10008,10008,0,0,10008,0,0,10008,10008,1400-8-10,2021-11-01
775,ضشنا8001,اختيارخ شپنا-6800-1400/08/16,8,104,374599000,2307,3680,3600,1293,56.05,3602,1295,56.13,3400,3680,1400-8-10,2021-11-01
776,ضفلا1162,اختيارخ فولاد-9000-1400/11/24,8,13,45620000,2504,3700,3500,996,39.78,3509,1005,40.14,3490,3700,1400-8-10,2021-11-01
777,سكه0111پ05,تمام سكه طرح جديد0111آينده,8,800,935499100,1160798,1165000,1169999,9201,0.79,1169374,8576,0.74,1165000,1169999,1400-8-10,2021-11-01
778,ضبدر8076,اختيارخ شبندر-3448-1400/08/30,8,12,157738384,1850,2699,2880,1030,55.68,2806,956,51.68,2699,2880,1400-8-10,2021-11-01
779,سخند,صندوق س.سپهرخبرگان نفت-د,8,177710,1798986710,10118,10123,10129,11,0.11,10123,5,0.05,10123,10130,1400-8-10,2021-11-01
780,دمعيار,صندوق س. توازن معيار-د,8,30118,302695845,10045,10050,10055,10,0.1,10050,5,0.05,10050,10055,1400-8-10,2021-11-01
781,سخواف,سيمان مجد خواف,7,6768,68275584,10400,10088,10088,-312,-3,10398,-2,-0.02,10088,10088,1400-8-10,2021-11-01
782,ضجار1020,اختيارخ وتجارت-1600-1400/10/15,7,306,118620000,280,395,350,70,25,388,108,38.57,350,395,1400-8-10,2021-11-01
783,اراد874,مرابحه عام دولت87-ش.خ030304,7,37887400,35216119554200,931969,893433,933900,1931,0.21,929494,-2475,-0.27,893433,1000000,1400-8-10,2021-11-01
784,ضملي1159,اختيارخ فملي-5000-1400/11/03,7,171,718200000,5000,4200,4200,-800,-16,4200,-800,-16,4200,4200,1400-8-10,2021-11-01
785,دپارسح,ح . پارس‌ دارو,7,1340,60300000,45000,45000,45000,0,0,45000,0,0,45000,45000,1400-8-10,2021-11-01
786,زعف0110پ20,زعفران0110نگين وحدت جام(پ),7,897,216419378,252328,241152,241159,-11169,-4.43,241270,-11058,-4.38,241148,241457,1400-8-10,2021-11-01
787,اراد50,مرابحه عام دولت5-ش.خ0302,7,101300,101300071300,1000000,1000001,1000001,1,0,1000001,1,0,1000000,1000001,1400-8-10,2021-11-01
788,اخزا918,اسنادخزانه-م18بودجه99-010323,6,20021,17586937565,876701,878489,878500,1799,0.21,878425,1724,0.2,878001,878500,1400-8-10,2021-11-01
789,اراد864,مرابحه عام دولت86-ش.خ020404,6,92000000,85733630000000,960000,944477,919230,-40770,-4.25,931887,-28113,-2.93,919230,944565,1400-8-10,2021-11-01
790,هنوري102,اختيارف ت نوري59561-01/02/15,6,76499,76499,1,1,1,0,0,1,0,0,1,1,1400-8-10,2021-11-01
791,ضبدر1162,اختيارخ شبندر-5000-1400/11/13,6,156,287985000,2600,2010,1799,-801,-30.81,1846,-754,-29,1799,2010,1400-8-10,2021-11-01
792,ضسپا8039,اختيارخ خساپا-1200-1400/08/26,6,83,30080000,240,280,368,128,53.33,362,122,50.83,280,400,1400-8-10,2021-11-01
793,شگويات.ف0104,اختيارف.تبعي شگويا010408,6,40500,40500,1,1,1,0,0,1,0,0,1,1,1400-8-10,2021-11-01
794,داريك2,صندوق س.اعتماد داريك-د,5,4300000,4300000,11765,1,1,-11764,-99.99,1,-11764,-99.99,1,1,1400-8-10,2021-11-01
795,وسقم,شركت س استان قم,5,182927,233414852,1343,1276,1276,-67,-4.99,1342,-1,-0.07,1276,1276,1400-8-10,2021-11-01
796,اخزا917,اسنادخزانه-م17بودجه99-010226,5,16208,14491472510,893513,894000,893513,0,0,894094,581,0.07,893513,896000,1400-8-10,2021-11-01
797,زعف0008پ09,زعفران0008نگين نوين(پ),5,353,63921396,179805,182000,181000,1195,0.66,181080,1275,0.71,181000,182000,1400-8-10,2021-11-01
798,ضپنا1030,اختيارخ رمپنا-11850-1400/10/08,5,70,214020000,4100,3000,3000,-1100,-26.83,3057,-1043,-25.44,3000,3350,1400-8-10,2021-11-01
799,مدير2,ص.س.مديريت ثروت ص.بازنشستگي-س,5,500000,500000,8785,1,1,-8784,-99.99,1,-8784,-99.99,1,1,1400-8-10,2021-11-01
800,ضملي1162,اختيارخ فملي-8000-1400/11/03,5,8,3417000,393,600,403,10,2.54,427,34,8.65,401,600,1400-8-10,2021-11-01
801,سنوين,سرمايه گذاري اقتصاد نوين,5,10015,73009350,7515,7290,7290,-225,-2.99,7513,-2,-0.03,7290,7290,1400-8-10,2021-11-01
802,كصدف,كاشي صدف سرام استقلال آباده,4,4454,95057268,22002,21342,21342,-660,-3,21996,-6,-0.03,21342,21342,1400-8-10,2021-11-01
803,اراد404,مرابحه عام دولت4-ش.خ 0207,4,16094000,14471330377000,1000000,915791,882600,-117400,-11.74,899175,-100825,-10.08,882600,915791,1400-8-10,2021-11-01
804,ضشنا8006,اختيارخ شپنا-14800-1400/08/16,4,125,797000,5,5,7,2,40,6,1,20,5,7,1400-8-10,2021-11-01
805,ضبدر8074,اختيارخ شبندر-2595-1400/08/30,4,12,188203120,3333,3300,3590,257,7.71,3348,15,0.45,3300,3590,1400-8-10,2021-11-01
806,ضبدر1163,اختيارخ شبندر-6000-1400/11/13,4,400,360000000,657,900,900,243,36.99,900,243,36.99,900,900,1400-8-10,2021-11-01
807,اراد644,مرابحه عام دولتي64-ش.خ0111,4,37820000,35743582290000,944500,951566,938500,-6000,-0.64,945097,597,0.06,938500,951719,1400-8-10,2021-11-01
808,تصميم2,صندوق س با درآمد ثابت تصميم,4,4000000,4000000,17828,1,1,-17827,-99.99,1,-17827,-99.99,1,1,1400-8-10,2021-11-01
809,اراد544,مرابحه عام دولت5-ش.خ 0109,4,31142000,29737482637000,990000,962698,947000,-43000,-4.34,954900,-35100,-3.55,947000,962847,1400-8-10,2021-11-01
810,وسصفا,شركت س استان اصفهان,4,74855,51949370,730,694,694,-36,-4.93,730,0,0,694,694,1400-8-10,2021-11-01
811,ضشنا8000,اختيارخ شپنا-5800-1400/08/16,4,6,27650000,3500,4550,4650,1150,32.86,4608,1108,31.66,4500,4650,1400-8-10,2021-11-01
812,كباده,توليد خاك نسوزاستقلال آباده,4,810,18357840,22004,22664,22664,660,3,22005,1,0,22664,22664,1400-8-10,2021-11-01
813,اراد314,مرابحه عام دولت3-ش.خ 0208,4,7000000,6190406500000,900000,883476,885191,-14809,-1.65,884344,-15656,-1.74,883476,885191,1400-8-10,2021-11-01
814,ثنظام,س. ساختماني نظام مهندسي ايران,4,1041,25986483,25735,24963,24963,-772,-3,25733,-2,-0.01,24963,24963,1400-8-10,2021-11-01
815,شتولي,تولي‌پرس‌,4,1706,35186250,21045,20625,20625,-420,-2,21042,-3,-0.01,20625,20625,1400-8-10,2021-11-01
816,ساذري,آذريت‌,4,13822,135027118,9485,9769,9769,284,2.99,9489,4,0.04,9769,9769,1400-8-10,2021-11-01
817,افران2,صندوق س افرا نماد پايدار-ثابت,4,12000000,12000000,14624,1,1,-14623,-99.99,1,-14623,-99.99,1,1,1400-8-10,2021-11-01
818,سايرا,ايرانيت‌,3,1400,47397000,34545,33855,33855,-690,-2,34538,-7,-0.02,33855,33855,1400-8-10,2021-11-01
819,ضملي1161,اختيارخ فملي-7000-1400/11/03,3,27,36575000,1224,1500,1349,125,10.21,1355,131,10.7,1349,1500,1400-8-10,2021-11-01
820,ضمخا1034,اختيارخ اخابر-6000-1400/10/26,3,33,33162000,1320,1110,1001,-319,-24.17,1005,-315,-23.86,1001,1110,1400-8-10,2021-11-01
821,هپارس102,اختيارف ت پارس-157010-01/02/05,3,6313,6313,1,1,1,0,0,1,0,0,1,1,1400-8-10,2021-11-01
822,صايپا012,صكوك مرابحه سايپا012-3ماهه 16%,3,30000,30000060000,1000001,1000002,1000002,1,0,1000002,1,0,1000002,1000002,1400-8-10,2021-11-01
823,افاد744,منفعت دولت7-ش.خاص ساير0204,3,6000000,5654446000000,990000,942369,942590,-47410,-4.79,942408,-47592,-4.81,942264,942590,1400-8-10,2021-11-01
824,زعف0008پ12,زعفران0008پوشالمعمول سحرخيز(پ),3,1219,199963541,156228,164039,164039,7811,5,164039,7811,5,164039,164039,1400-8-10,2021-11-01
825,اراد554,مرابحه عام دولت5-ش.خ 0209,3,26950149,24936932744445,940359,944798,912305,-28054,-2.98,925298,-15061,-1.6,912305,944798,1400-8-10,2021-11-01
826,وملت,سرمايه گذاري ملت,3,20400,62995200,3151,3088,3088,-63,-2,3150,-1,-0.03,3088,3088,1400-8-10,2021-11-01
827,كابگن,توليدي و صنعتي آبگينه‌,3,35070,207053280,5846,5904,5904,58,0.99,5851,5,0.09,5904,5904,1400-8-10,2021-11-01
828,اراد454,مرابحه عام دولت4-ش.خ 0107,3,6616000,6351967934000,958100,958100,953500,-4600,-0.48,960092,1992,0.21,953500,966873,1400-8-10,2021-11-01
829,طفلا1164,اختيارف فولاد-12000-1400/11/24,3,3,2100000,1,700,700,699,69900,700,699,69900,700,700,1400-8-10,2021-11-01
830,اراد334,مرابحه عام دولت3-ش.خ 0303,3,3894000,3406229462000,897106,892446,878000,-19106,-2.13,874738,-22368,-2.49,855600,892446,1400-8-10,2021-11-01
831,سلامت64,مرابحه سلامت6واجدشرايط خاص1400,3,440000,440000000000,1000000,1000000,1000000,0,0,1000000,0,0,1000000,1000000,1400-8-10,2021-11-01
832,ضذوب905,اختيارخ ذوب-5000-14000917,3,4,381000,36,141,50,14,38.89,95,59,163.89,50,141,1400-8-10,2021-11-01
833,ثهام,صندوق س ثروت هامرز-سهام,3,6000,64854000,10809,10809,10809,0,0,10809,0,0,10809,10809,1400-8-10,2021-11-01
834,ضبدر8079,اختيارخ شبندر-6011-1400/08/30,2,3,8220420,200,555,600,400,200,585,385,192.5,555,600,1400-8-10,2021-11-01
835,افاد44,منفعت دولتي4-شرايط خاص14010729,2,6000000,5804997000000,1000000,967414,967585,-32415,-3.24,967499,-32501,-3.25,967414,967585,1400-8-10,2021-11-01
836,اراد654,مرابحه عام دولتي65-ش.خ0210,2,6460554,5877673127289,989000,910117,909440,-79560,-8.04,909778,-79222,-8.01,909440,910117,1400-8-10,2021-11-01
837,اراد584,مرابحه عام دولت5-ش.خ 0110,2,10602000,10082952585000,960000,959585,942500,-17500,-1.82,951042,-8958,-0.93,942500,959585,1400-8-10,2021-11-01
838,اراد524,مرابحه عام دولت5-ش.خ 0108,2,12666000,12096827958000,1000000,961126,949000,-51000,-5.1,955063,-44937,-4.49,949000,961126,1400-8-10,2021-11-01
839,اشاد10,مشاركت دولتي10-شرايط خاص001226,2,500,492499500,984999,984999,984999,0,0,984999,0,0,984999,984999,1400-8-10,2021-11-01
840,اراد594,مرابحه عام دولتي5-ش.خ 0309,2,16000000,14273584000000,1000000,891908,892290,-107710,-10.77,892099,-107901,-10.79,891908,892290,1400-8-10,2021-11-01
841,اخزا9174,اسنادخزانه-م17بودجه99-010226,2,21400000,19119134500000,893513,894435,892400,-1113,-0.12,893417,-96,-0.01,892400,894435,1400-8-10,2021-11-01
842,زعف0008پ19,زعفران0008نگين تروند قاينات(پ),2,1500,280806000,180478,187204,187204,6726,3.73,187204,6726,3.73,187204,187204,1400-8-10,2021-11-01
843,اراد384,مرابحه عام دولت3-ش.خ 0105,2,2300000,2228194000000,1009000,975933,961627,-47373,-4.7,968780,-40220,-3.99,961627,975933,1400-8-10,2021-11-01
844,اراد904,مرابحه عام دولت90-ش.خ050217,2,10000000,8926220000000,1000000,925244,860000,-140000,-14,892622,-107378,-10.74,860000,925244,1400-8-10,2021-11-01
845,داراب,پتروشيمي داراب,2,7270,16146670,2289,2221,2221,-68,-2.97,2289,0,0,2221,2221,1400-8-10,2021-11-01
846,اراد484,مرابحه عام دولت4-ش.خ 0009,2,7108000,7087681782000,980000,997583,996700,16700,1.7,997141,17141,1.75,996700,997583,1400-8-10,2021-11-01
847,اراد604,مرابحه عام دولتي6-ش.خ0210,2,6600000,6003465600000,935000,910319,908913,-26087,-2.79,909616,-25384,-2.71,908913,910319,1400-8-10,2021-11-01
848,اخزا9164,اسنادخزانه-م16بودجه99-020528,2,50926000,37311392234000,726000,733818,731500,5500,0.76,732659,6659,0.92,731500,733818,1400-8-10,2021-11-01
849,اراد854,مرابحه عام دولت85-ش.خ010704,2,10000000,9476715000000,948170,947563,947780,-390,-0.04,947671,-499,-0.05,947563,947780,1400-8-10,2021-11-01
850,وشمال,س. چشم انداز توسعه شمال,2,535,40112695,76507,74977,74977,-1530,-2,76494,-13,-0.02,74977,74977,1400-8-10,2021-11-01
851,اراد704,مرابحه عام دولت70-ش.خ0112,2,34228000,32255423246000,943750,949739,935000,-8750,-0.93,942369,-1381,-0.15,935000,949739,1400-8-10,2021-11-01
852,اراد734,مرابحه عام دولت73-ش.خ0402,2,10000000,9086260000000,951000,937252,880000,-71000,-7.47,908626,-42374,-4.46,880000,937252,1400-8-10,2021-11-01
853,خعمرا,توسعه و عمران شهرستان نائين,2,1773,7005123,3836,3951,3951,115,3,3836,0,0,3951,3951,1400-8-10,2021-11-01
854,طصاد8033,اختيارف وبصادر-2489-1400/08/12,2,20,4710000,600,489,151,-449,-74.83,235,-365,-60.83,151,489,1400-8-10,2021-11-01
855,اراد494,مرابحه عام دولت4-ش.خ 0206,2,21424000,20040898696000,990000,946883,924000,-66000,-6.67,935441,-54559,-5.51,924000,946883,1400-8-10,2021-11-01
856,زعف0110پ19,زعفران0110نگين تروند قاينات(پ),2,530,132553000,250048,250100,250100,52,0.02,250100,52,0.02,250100,250100,1400-8-10,2021-11-01
857,ضبدر1161,اختيارخ شبندر-4500-1400/11/13,2,70,147000000,2088,2100,2100,12,0.57,2100,12,0.57,2100,2100,1400-8-10,2021-11-01
858,ضسپا8044,اختيارخ خساپا-2500-1400/08/26,2,2,2000,1,1,1,0,0,1,0,0,1,1,1400-8-10,2021-11-01
859,اراد324,مرابحه عام دولت3-ش.خ0211,2,2000000,1630585000000,1000000,831685,798900,-201100,-20.11,815292,-184708,-18.47,798900,831685,1400-8-10,2021-11-01
860,اراد884,مرابحه عام دولت88-ش.خ041120,2,21200000,18335424200000,1000000,864692,865065,-134935,-13.49,864878,-135122,-13.51,864692,865065,1400-8-10,2021-11-01
861,اراد434,مرابحه عام دولت4-ش.خ 0205,2,3136000,2960783840000,924710,956355,931900,7190,0.78,944127,19417,2.1,931900,956355,1400-8-10,2021-11-01
862,اراد214,مرابحه عام دولت2ش.خ صادرات0212,2,57613400,53934697989900,1000000,954645,917652,-82348,-8.23,936148,-63852,-6.39,917652,954645,1400-8-10,2021-11-01
863,گپارس,امور رفاهي كارگزاران پارس,2,77,10476466,140265,136058,136058,-4207,-3,140260,-5,0,136058,136058,1400-8-10,2021-11-01
864,اخزا0094,اسناد خزانه-م9بودجه00-031101,2,12060000,6016595310000,520056,498967,498810,-21246,-4.09,498888,-21168,-4.07,498810,498967,1400-8-10,2021-11-01
865,گكيش,توريستي ورفاهي آبادگران كيش,2,400,15966800,41151,39917,39917,-1234,-3,41149,-2,0,39917,39917,1400-8-10,2021-11-01
866,اخزا0082,اسنادخزانه-م8بودجه00-030919,2,533664,276962952000,515103,518000,519500,4397,0.85,518984,3881,0.75,518000,519500,1400-8-10,2021-11-01
867,صخود041,ص مرابحه خودرو041- 3ماهه 18%,2,11,11010000,981400,990000,1010000,28600,2.91,1000909,19509,1.99,990000,1010000,1400-8-10,2021-11-01
868,ضشنا8002,اختيارخ شپنا-7800-1400/08/16,2,3,7400000,2500,2500,2400,-100,-4,2467,-33,-1.32,2400,2500,1400-8-10,2021-11-01
869,افاد614,منفعت دولت6-ش.خاص140109,2,10000000,9630185000000,999999,962927,963110,-36889,-3.69,963018,-36981,-3.7,962927,963110,1400-8-10,2021-11-01
870,اراد344,مرابحه عام دولت3-ش.خ 0305,2,19586600,16939764809000,1000000,885514,844216,-155784,-15.58,864865,-135135,-13.51,844216,885514,1400-8-10,2021-11-01
871,اراد834,مرابحه عام دولت83-ش.خ041220,2,26000000,22439729000000,1000000,862883,863250,-136750,-13.68,863066,-136934,-13.69,862883,863250,1400-8-10,2021-11-01
872,پا ه 7,بار پايه هفته 7,1,7550,4303500,570,570,570,0,0,570,0,0,570,570,1400-8-10,2021-11-01
873,اراد624,مرابحه عام دولت62-ش.خ0309,1,6500000,5791500000000,1000000,891000,891000,-109000,-10.9,891000,-109000,-10.9,891000,891000,1400-8-10,2021-11-01
874,زعف0008پ20,زعفران0008نگين وحدت جام(پ),1,1100,204603300,179931,186003,186003,6072,3.37,186003,6072,3.37,186003,186003,1400-8-10,2021-11-01
875,دماوند2,توليد نيروي برق دماوند,1,25777778,464000004000,18175,18000,18000,-175,-0.96,18000,-175,-0.96,18000,18000,1400-8-10,2021-11-01
876,طفلا1163,اختيارف فولاد-10000-1400/11/24,1,1,280000,349,280,280,-69,-19.77,280,-69,-19.77,280,280,1400-8-10,2021-11-01
877,داريوش2,صندوق س. ثروت داريوش -س,1,300000,300000,9549,1,1,-9548,-99.99,1,-9548,-99.99,1,1,1400-8-10,2021-11-01
878,اخزا8152,اسنادخزانه-م15بودجه98-010406,1,400000,349600000000,873836,874000,874000,164,0.02,874000,164,0.02,874000,874000,1400-8-10,2021-11-01
879,اراد73,مرابحه عام دولت73-ش.خ0402,1,500,485000000,951000,970000,970000,19000,2,970000,19000,2,970000,970000,1400-8-10,2021-11-01
880,ضجار1019,اختيارخ وتجارت-1400-1400/10/15,1,10,6000000,427,600,600,173,40.52,600,173,40.52,600,600,1400-8-10,2021-11-01
881,وخاور2,بانك خاورميانه,1,35353499,179595774920,5200,5080,5080,-120,-2.31,5080,-120,-2.31,5080,5080,1400-8-10,2021-11-01
882,ضذوب901,اختيارخ ذوب-3000-14000917,1,2,2000000,1000,1000,1000,0,0,1000,0,0,1000,1000,1400-8-10,2021-11-01
883,اراد464,مرابحه عام دولت4-ش.خ 0302,1,5000000,5000000000000,1000000,1000000,1000000,0,0,1000000,0,0,1000000,1000000,1400-8-10,2021-11-01
884,فولاد2,فولاد مباركه اصفهان,1,14000000,158200000000,10980,11300,11300,320,2.91,11300,320,2.91,11300,11300,1400-8-10,2021-11-01
885,خفناور,مهندسي صنعتي روان فن آور,1,470,19387970,42526,41251,41251,-1275,-3,42523,-3,-0.01,41251,41251,1400-8-10,2021-11-01
886,فايرا2,آلومينيوم‌ايران‌,1,5000000,86650000000,17380,17330,17330,-50,-0.29,17330,-50,-0.29,17330,17330,1400-8-10,2021-11-01
887,ضبدر1164,اختيارخ شبندر-7000-1400/11/13,1,14,6650000,303,475,475,172,56.77,475,172,56.77,475,475,1400-8-10,2021-11-01
888,صايپا308,صكوك مرابحه سايپا308-3ماهه 18%,1,50,51000000,1010000,1020000,1020000,10000,0.99,1020000,10000,0.99,1020000,1020000,1400-8-10,2021-11-01
889,كمند2,صندوق س. با درآمد ثابت كمند,1,49400000,49400000,10133,1,1,-10132,-99.99,1,-10132,-99.99,1,1,1400-8-10,2021-11-01
890,پا ر 53,بار پايه روز 53,1,3000,1740000,570,580,580,10,1.75,580,10,1.75,580,580,1400-8-10,2021-11-01
891,ضملي1160,اختيارخ فملي-6000-1400/11/03,1,2,5200000,2600,2600,2600,0,0,2600,0,0,2600,2600,1400-8-10,2021-11-01
892,ضسان1052,اختيارخ پارسان-28000-00/10/12,1,5,36500000,9500,7300,7300,-2200,-23.16,7300,-2200,-23.16,7300,7300,1400-8-10,2021-11-01
893,پارسان2,گسترش نفت و گاز پارسيان,1,5000000,158450000000,31140,31690,31690,550,1.77,31690,550,1.77,31690,31690,1400-8-10,2021-11-01
894,اراد244,مرابحه عام دولت2-ش.خ ساير0212,1,3000000,2756172000000,1000000,918724,918724,-81276,-8.13,918724,-81276,-8.13,918724,918724,1400-8-10,2021-11-01
895,فسديد,لوله‌وتجهيزات‌ سديد - ورشكسته,1,50,5238250,105823,104765,104765,-1058,-1,105822,-1,0,104765,104765,1400-8-10,2021-11-01
896,خبنيان2,بنيان ديزل,1,2700000,442503000000,164349,163890,163890,-459,-0.28,163890,-459,-0.28,163890,163890,1400-8-10,2021-11-01
897,افرا2,افرانت,1,5115602,80314951400,15781,15700,15700,-81,-0.51,15700,-81,-0.51,15700,15700,1400-8-10,2021-11-01
898,اتكاي2,بيمه اتكايي ايرانيان,1,17000000,159579000000,9778,9387,9387,-391,-4,9387,-391,-4,9387,9387,1400-8-10,2021-11-01
899,مكرما304,مشاركت ش كرمانشاه304-3ماهه18%,1,5400,5454000000,1008302,1010000,1010000,1698,0.17,1010000,1698,0.17,1010000,1010000,1400-8-10,2021-11-01
900,طسپا8040,اختيارف خساپا-1400-1400/08/26,1,20,400000,55,20,20,-35,-63.64,20,-35,-63.64,20,20,1400-8-10,2021-11-01
901,اراد534,مرابحه عام دولت5-ش.خ 0207,1,5000000,4972500000000,1000000,994500,994500,-5500,-0.55,994500,-5500,-0.55,994500,994500,1400-8-10,2021-11-01
902,اخزا0052,اسنادخزانه-م5بودجه00-030626,1,521000,284205500000,537821,545500,545500,7679,1.43,545500,7679,1.43,545500,545500,1400-8-10,2021-11-01
903,اخزا8112,اسنادخزانه-م11بودجه98-001013,1,524430,507094966350,966101,966945,966945,844,0.09,966945,844,0.09,966945,966945,1400-8-10,2021-11-01
904,ضسپا1110,اختيارخ خساپا-1200-1400/11/20,1,7,3360000,388,480,480,92,23.71,480,92,23.71,480,480,1400-8-10,2021-11-01
905,تابان03,اجاره تابان سپهر14021206,1,400,400000000,1000000,1000000,1000000,0,0,1000000,0,0,1000000,1000000,1400-8-10,2021-11-01
906,صخود0412,ص مرابحه خودرو041- 3ماهه 18%,1,900000,883260000000,981400,981400,981400,0,0,981400,0,0,981400,981400,1400-8-10,2021-11-01
907,ثشاهد2,سرمايه‌ گذاري‌ شاهد,1,40000000,464000000000,11830,11600,11600,-230,-1.94,11600,-230,-1.94,11600,11600,1400-8-10,2021-11-01
908,افاد844,منفعت دولت8-ش.خاص ساير0205,1,5000000,4701865000000,950000,940373,940373,-9627,-1.01,940373,-9627,-1.01,940373,940373,1400-8-10,2021-11-01
909,اراد724,مرابحه عام دولت72-ش.خ0311,1,150000,135900000000,934000,906000,906000,-28000,-3,906000,-28000,-3,906000,906000,1400-8-10,2021-11-01
910,ضسپا1114,اختيارخ خساپا-2000-1400/11/20,1,100,4000000,259,40,40,-219,-84.56,40,-219,-84.56,40,40,1400-8-10,2021-11-01
911,اخزا819,اسنادخزانه-م19بودجه98-020322,1,3000,2285700000,761704,761900,761900,196,0.03,761900,196,0.03,761900,761900,1400-8-10,2021-11-01
912,اراد394,مرابحه عام دولت3-ش.خ 0204,1,30000000,27869250000000,1000000,928975,928975,-71025,-7.1,928975,-71025,-7.1,928975,928975,1400-8-10,2021-11-01
913,اخزا8092,اسنادخزانه-م9بودجه98-000923,1,474511,463748616009,976201,977319,977319,1118,0.11,977319,1118,0.11,977319,977319,1400-8-10,2021-11-01
914,طشنا1048,اختيارف شپنا-5450-1400/10/19,1,20,5000000,1,250,250,249,24900,250,249,24900,250,250,1400-8-10,2021-11-01
915,طفلا1162,اختيارف فولاد-9000-1400/11/24,1,1,100000,100,100,100,0,0,100,0,0,100,100,1400-8-10,2021-11-01
916,طخود1051,اختيارف خودرو-1800-1400/10/08,1,1,80000,130,80,80,-50,-38.46,80,-50,-38.46,80,80,1400-8-10,2021-11-01
917,ضشگويا1201,اختيارخ شگويا-9000-14001222,1,10,35000000,1,3500,3500,3499,349900,3500,3499,349900,3500,3500,1400-8-10,2021-11-01
918,ضذوب904,اختيارخ ذوب-4500-14000917,1,100,17000000,100,170,170,70,70,170,70,70,170,170,1400-8-10,2021-11-01
919,طخود1050,اختيارف خودرو-1600-1400/10/08,1,56,3920000,119,70,70,-49,-41.18,70,-49,-41.18,70,70,1400-8-10,2021-11-01
920,اراد134,مرابحه عام دولت1-ش.خ ساير0206,1,5000000,4681835000000,885000,936367,936367,51367,5.8,936367,51367,5.8,936367,936367,1400-8-10,2021-11-01
921,داريك4,صندوق س.اعتماد داريك-د,1,4300000,50009000000,11765,11630,11630,-135,-1.15,11630,-135,-1.15,11630,11630,1400-8-10,2021-11-01
922,اراد774,مرابحه عام دولت77-ش.خ000812,1,6122000,6121718388000,998046,999954,999954,1908,0.19,999954,1908,0.19,999954,999954,1400-8-10,2021-11-01
923,اخزا8102,اسنادخزانه-م10بودجه98-001006,1,398790,387051217560,968379,970564,970564,2185,0.23,970564,2185,0.23,970564,970564,1400-8-10,2021-11-01
924,سنفت009,سلف موازي استاندارد سنفت009,1,8150,13634950000,1673000,1673000,1673000,0,0,1673000,0,0,1673000,1673000,1400-8-10,2021-11-01
925,ومدير2,گ.مديريت ارزش سرمايه ص ب كشوري,1,89900000,382075000000,4139,4250,4250,111,2.68,4250,111,2.68,4250,4250,1400-8-10,2021-11-01
926,حريل02,اجاره ريل پردازسير021212,1,2000,2000000000,1000000,1000000,1000000,0,0,1000000,0,0,1000000,1000000,1400-8-10,2021-11-01
927,سرو2,صندوق س سروسودمند مدبران-سهام,1,1000000,1000000,68170,1,1,-68169,-100,1,-68169,-100,1,1,1400-8-10,2021-11-01
928,ثاژن,سخت آژند,1,600,5301600,9016,8836,8836,-180,-2,9016,0,0,8836,8836,1400-8-10,2021-11-01
929,ضصاد1111,اختيارخ وبصادر-1600-1400/11/06,1,100,36000000,382,360,360,-22,-5.76,360,-22,-5.76,360,360,1400-8-10,2021-11-01
930,سنفت010,سلف موازي استاندارد سنفت010,1,8760,14602920000,1658000,1667000,1667000,9000,0.54,1667000,9000,0.54,1667000,1667000,1400-8-10,2021-11-01
931,اراد35,مرابحه عام دولت3-ش.خ 0103,1,500,493150500,979000,986301,986301,7301,0.75,986301,7301,0.75,986301,986301,1400-8-10,2021-11-01
