,نماد,نام,تعداد,حجم,ارزش,دیروز,اولین,آخرین معامله - مقدار,آخرین معامله - تغییر,آخرین معامله - درصد,قیمت پایانی - مقدار,قیمت پایانی - تغییر,قیمت پایانی - درصد,کمترین,بیشترین,تاریخ,gregorian_date
0,پالايش,صندوق پالايشي يكم-سهام,33576,41574558,3049358618500,71290,73100,72750,1460,2.05,73350,2060,2.89,72300,74500,1400-9-1,2021-11-22
1,دارا يكم,صندوق واسطه گري مالي يكم-سهام,26742,20997542,2485074044030,114030,117300,117390,3360,2.95,118350,4320,3.79,116120,120300,1400-9-1,2021-11-22
2,توسن,توسعه سامانه ي نرم افزاري نگين,19077,37469564,767993379459,20532,21450,21010,478,2.33,20496,-36,-0.18,19506,21549,1400-9-1,2021-11-22
3,خبهمن,گروه‌بهمن‌,10789,399952368,843515124125,2116,2150,2092,-24,-1.13,2109,-7,-0.33,2069,2167,1400-9-1,2021-11-22
4,فولاد,فولاد مباركه اصفهان,10572,64860126,722011790110,10880,11180,11080,200,1.84,11130,250,2.3,10950,11290,1400-9-1,2021-11-22
5,خگستر,گسترش‌سرمايه‌گذاري‌ايران‌خودرو,9519,204835685,545592174762,2667,2690,2650,-17,-0.64,2664,-3,-0.11,2610,2733,1400-9-1,2021-11-22
6,بورس,بورس اوراق بهادار تهران,9513,51723879,682777511200,13410,13410,12890,-520,-3.88,13200,-210,-1.57,12750,13700,1400-9-1,2021-11-22
7,بركت,گروه دارويي بركت,9499,20088827,486859151670,24370,24370,23840,-530,-2.17,24240,-130,-0.53,23490,24950,1400-9-1,2021-11-22
8,شبندر,پالايش نفت بندرعباس,9345,115659814,768174910460,6410,6580,6600,190,2.96,6640,230,3.59,6460,6730,1400-9-1,2021-11-22
9,فجهان,مجتمع جهان فولاد سيرجان,9021,25381724,144287856939,5663,5710,5717,54,0.95,5685,22,0.39,5663,5770,1400-9-1,2021-11-22
10,انرژي3,سايراشخاص بورس انرژي,8837,5552408,565395683950,101160,100400,100040,-1120,-1.11,101830,670,0.66,100000,104300,1400-9-1,2021-11-22
11,فسبزوار,پارس فولاد سبزوار,8408,7269903,252518924040,34670,35000,34730,60,0.17,34730,60,0.17,34600,35280,1400-9-1,2021-11-22
12,شپنا,پالايش نفت اصفهان,8406,84045621,530396979780,6000,6360,6340,340,5.67,6310,310,5.17,6230,6360,1400-9-1,2021-11-22
13,پترول,گ.س.وت.ص.پتروشيمي خليج فارس,8400,118368744,362201571482,3040,3102,3034,-6,-0.2,3060,20,0.66,3025,3115,1400-9-1,2021-11-22
14,وبملت,بانك ملت,7944,434869595,1391498873668,3053,3136,3205,152,4.98,3200,147,4.81,3136,3205,1400-9-1,2021-11-22
15,ومدير,گ.مديريت ارزش سرمايه ص ب كشوري,7471,11852664,52640227101,4362,4408,4419,57,1.31,4441,79,1.81,4355,4515,1400-9-1,2021-11-22
16,كالا,بورس كالاي ايران,6520,13295316,406141912050,30420,30900,29800,-620,-2.04,30550,130,0.43,29650,31650,1400-9-1,2021-11-22
17,كيمياتك,آريان كيميا تك,6451,1675693,45464943330,27050,26500,27010,-40,-0.15,27130,80,0.3,26500,27600,1400-9-1,2021-11-22
18,وتجارت,بانك تجارت,6436,261542836,514163651818,1880,1935,1955,75,3.99,1966,86,4.57,1913,1974,1400-9-1,2021-11-22
19,كدما,معدني‌ دماوند,6119,5247013,445598294190,81420,83500,85490,4070,5,84920,3500,4.3,81940,85490,1400-9-1,2021-11-22
20,مديريت,س. و خدمات مديريت صند. ب كشوري,5905,6261498,58582171151,9257,9360,9230,-27,-0.29,9356,99,1.07,9201,9550,1400-9-1,2021-11-22
21,امين يكم,صندوق درآمد ثابت امين يكم فردا,5660,152069855,1521191769415,10158,10003,10006,-152,-1.5,10003,-155,-1.53,10002,10007,1400-9-1,2021-11-22
22,نوري,پتروشيمي نوري,5485,3613582,438557416170,119240,122900,120700,1460,1.22,121360,2120,1.78,119330,123470,1400-9-1,2021-11-22
23,نهال,صندوق س. طلاي سرخ نوويرا,5401,12324581,263928232457,21221,21580,20852,-369,-1.74,21415,194,0.91,20151,22200,1400-9-1,2021-11-22
24,غزر,صنعتي زر ماكارون,5296,10995542,112260888630,9920,9970,10400,480,4.84,10210,290,2.92,9780,10410,1400-9-1,2021-11-22
25,اپال,فرآوري معدني اپال كاني پارس,5198,3932801,86703561960,21820,21820,22200,380,1.74,21980,160,0.73,21820,22550,1400-9-1,2021-11-22
26,شتران,پالايش نفت تهران,5183,45340448,204507119027,4387,4500,4477,90,2.05,4510,123,2.8,4401,4599,1400-9-1,2021-11-22
27,شفنح,ح . پتروشيمي فناوران,5112,52142961,683678600990,12050,12440,13250,1200,9.96,13110,1060,8.8,12440,13250,1400-9-1,2021-11-22
28,سحرخيز,صندوق س. گروه زعفران سحرخيز,4975,10531158,218818853834,20139,21000,20200,61,0.3,20778,639,3.17,18800,21500,1400-9-1,2021-11-22
29,سپيد,سپيد ماكيان,4932,5550589,352038064840,61330,62820,62940,1610,2.63,63420,2090,3.41,62010,64380,1400-9-1,2021-11-22
30,فرابورس,فرابورس ايران,4908,12074408,270088976952,22017,22600,22040,23,0.1,22369,352,1.6,21900,23000,1400-9-1,2021-11-22
31,وبصادر,بانك صادرات ايران,4270,170292005,324758433691,1824,1860,1902,78,4.28,1907,83,4.55,1841,1915,1400-9-1,2021-11-22
32,كمند,صندوق س. با درآمد ثابت كمند,4127,139828230,1410640191011,10082,10088,10089,7,0.07,10088,6,0.06,10088,10090,1400-9-1,2021-11-22
33,امين,تامين سرمايه امين,3975,1770688,21582422730,12150,12170,12200,50,0.41,12170,20,0.16,12150,12220,1400-9-1,2021-11-22
34,شلرد,كود شيميايي اوره لردگان,3931,25589791,326754366831,12527,12730,12585,58,0.46,12769,242,1.93,12500,12902,1400-9-1,2021-11-22
35,شستا,سرمايه گذاري تامين اجتماعي,3777,38827391,441467435670,10830,11370,11370,540,4.99,11370,540,4.99,11370,11370,1400-9-1,2021-11-22
36,كاما,باما,3731,25507468,207897101300,8070,8280,8100,30,0.37,8150,80,0.99,8000,8310,1400-9-1,2021-11-22
37,شاروم,پتروشيمي اروميه,3723,3128430,43901754953,13426,13650,14097,671,5,14033,607,4.52,13649,14097,1400-9-1,2021-11-22
38,ثشاهد,سرمايه‌ گذاري‌ شاهد,3688,20905358,270748446820,12960,12750,12770,-190,-1.47,12950,-10,-0.08,12660,13200,1400-9-1,2021-11-22
39,بركتح,ح . گروه دارويي بركت,3644,8308894,161580339690,19410,19410,19100,-310,-1.6,19450,40,0.21,18800,19890,1400-9-1,2021-11-22
40,خنصير,مهندسي‌نصيرماشين‌,3617,16987509,369358663480,22720,22720,21590,-1130,-4.97,21740,-980,-4.31,21590,23180,1400-9-1,2021-11-22
41,سپيدار,سپيدار سيستم آسيا,3615,869329,16991671828,19565,19301,19100,-465,-2.38,19546,-19,-0.1,19000,20110,1400-9-1,2021-11-22
42,وخارزم,سرمايه گذاري خوارزمي,3458,40743331,194975106106,4687,4840,4735,48,1.02,4785,98,2.09,4718,4890,1400-9-1,2021-11-22
43,فاراك,ماشين‌ سازي‌ اراك‌,3436,107371567,176688597029,1657,1660,1636,-21,-1.27,1646,-11,-0.66,1620,1680,1400-9-1,2021-11-22
44,بكامح,ح.كارخانجات توليدي شهيد قندي,3416,46572734,37964187960,788,762,866,78,9.9,815,27,3.43,745,866,1400-9-1,2021-11-22
45,آريا,پليمر آريا ساسول,3393,858343,100694204938,114426,116500,116880,2454,2.14,117312,2886,2.52,116390,118443,1400-9-1,2021-11-22
46,كيان,صندوق س. با درآمد ثابت كيان,3364,27744976,878977547494,31664,31680,31682,18,0.06,31681,17,0.05,31676,31684,1400-9-1,2021-11-22
47,وهامون,سرمايه گذاري هامون صبا,3265,6077070,17751149210,2878,2880,2925,47,1.63,2921,43,1.49,2880,2948,1400-9-1,2021-11-22
48,شصدف,صنعتي دوده فام,3222,5220104,178288572396,32954,33881,33507,553,1.68,34154,1200,3.64,33400,34601,1400-9-1,2021-11-22
49,صبا,سرمايه گذاري صبا تامين,3185,14339051,89590397249,6147,6320,6242,95,1.55,6227,80,1.3,6191,6380,1400-9-1,2021-11-22
50,ختوقا,قطعات‌ اتومبيل‌ ايران‌,3152,75518887,198843592381,2553,2650,2645,92,3.6,2633,80,3.13,2520,2680,1400-9-1,2021-11-22
51,لپارس,پارس‌ الكتريك‌,3101,2310365,223462670620,97060,97100,100000,2940,3.03,96720,-340,-0.35,93520,100840,1400-9-1,2021-11-22
52,كساپا,سايپاشيشه‌,3084,10791327,250778827130,23030,24180,23590,560,2.43,23240,210,0.91,21880,24180,1400-9-1,2021-11-22
53,بكاب,صنايع‌جوشكاب‌يزد,2944,1722655,168404264720,95170,93000,99920,4750,4.99,97760,2590,2.72,90420,99920,1400-9-1,2021-11-22
54,چخزر,صنايع چوب خزر كاسپين,2933,570660,18286609878,31456,32021,30891,-565,-1.8,32045,589,1.87,30531,32870,1400-9-1,2021-11-22
55,گدنا,تهيه توزيع غذاي دنا آفرين فدك,2927,1329441,22752722677,16331,17030,17147,816,5,17115,784,4.8,16690,17147,1400-9-1,2021-11-22
56,هاي وب,داده گسترعصرنوين-هاي وب,2889,17985719,168639363960,9460,9590,9290,-170,-1.8,9380,-80,-0.85,9250,9610,1400-9-1,2021-11-22
57,وهور,مديريت انرژي اميد  تابان هور,2859,69543283,117242212984,1720,1790,1634,-86,-5,1686,-34,-1.98,1634,1799,1400-9-1,2021-11-22
58,ثاميد,توسعه و عمران اميد,2815,18529663,26630634659,1430,1426,1430,0,0,1437,7,0.49,1410,1469,1400-9-1,2021-11-22
59,ثبهساز,بهساز كاشانه تهران,2797,12355264,20797404314,1660,1660,1672,12,0.72,1683,23,1.39,1660,1710,1400-9-1,2021-11-22
60,تاپيكو,س. نفت و گاز و پتروشيمي تأمين,2770,22908830,340892241460,14350,14900,14610,260,1.81,14880,530,3.69,14560,15060,1400-9-1,2021-11-22
61,بپيوند,برق و انرژي پيوندگستر پارس,2762,2040443,22121514795,10914,11050,10901,-13,-0.12,10842,-72,-0.66,10651,11190,1400-9-1,2021-11-22
62,سمگا,گروه سرمايه گذاري ميراث فرهنگي,2756,26359921,345553614493,13060,13380,13219,159,1.22,13109,49,0.38,12822,13390,1400-9-1,2021-11-22
63,وكبهمن,مديريت سرمايه گذاري كوثربهمن,2719,741104,7635422092,10165,10210,10250,85,0.84,10235,70,0.69,10200,10500,1400-9-1,2021-11-22
64,غسالم,سالمين‌,2689,45996657,150880500211,3432,3265,3263,-169,-4.92,3280,-152,-4.43,3261,3380,1400-9-1,2021-11-22
65,خصدرا,صنعتي‌ دريايي‌ ايران‌,2632,65970968,171162906911,2520,2595,2595,75,2.98,2595,75,2.98,2579,2595,1400-9-1,2021-11-22
66,غگيلا,شيرپاستوريزه پگاه گيلان,2627,3145515,54438041173,16846,17050,17380,534,3.17,17307,461,2.74,16527,17620,1400-9-1,2021-11-22
67,وسپهر,سرمايه گذاري مالي سپهرصادرات,2624,5627930,39795717144,7060,7061,7060,0,0,7065,5,0.07,7060,7157,1400-9-1,2021-11-22
68,كزغال,زغال سنگ پروده طبس,2608,1061923,32952340596,31183,31485,31040,-143,-0.46,31031,-152,-0.49,30605,31500,1400-9-1,2021-11-22
69,رافزا,رايان هم افزا,2601,463984,28177242822,59674,61000,59900,226,0.38,60729,1055,1.77,59030,62478,1400-9-1,2021-11-22
70,غكورش,صنعت غذايي كورش,2598,2048028,99977118070,47780,48100,48580,800,1.67,48820,1040,2.18,48100,49520,1400-9-1,2021-11-22
71,وغدير,سرمايه‌گذاري‌غدير(هلدينگ‌,2596,15582813,231517034050,14520,14700,14960,440,3.03,14860,340,2.34,14600,15180,1400-9-1,2021-11-22
72,حسير,ريل سير كوثر,2584,10224196,299700905254,30306,29040,28791,-1515,-5,29313,-993,-3.28,28791,31821,1400-9-1,2021-11-22
73,غگل,گلوكوزان‌,2534,49695164,174836678817,3358,3395,3525,167,4.97,3518,160,4.76,3395,3525,1400-9-1,2021-11-22
74,آبادا,توليد نيروي برق آبادان,2511,1202805,15396123030,12910,12670,12920,10,0.08,12800,-110,-0.85,12560,13000,1400-9-1,2021-11-22
75,ولپارس,ليزينگ پارسيان,2506,3580590,14309069382,3984,4010,3970,-14,-0.35,3996,12,0.3,3922,4059,1400-9-1,2021-11-22
76,زاگرس,پتروشيمي زاگرس,2492,840004,217762741699,250543,256000,260000,9457,3.77,259240,8697,3.47,256000,263000,1400-9-1,2021-11-22
77,لطيف,محصولات كاغذي لطيف,2471,428299,17700453834,41894,42490,41894,0,0,41327,-567,-1.35,40510,42907,1400-9-1,2021-11-22
78,فارس,صنايع پتروشيمي خليج فارس,2466,17153940,188273795160,10650,10880,10890,240,2.25,10980,330,3.1,10670,11110,1400-9-1,2021-11-22
79,ولكار,ليزينگ كارآفرين,2459,1308457,5365338178,4061,4120,4110,49,1.21,4075,14,0.34,4000,4180,1400-9-1,2021-11-22
80,قتربت,قند تربت حيدريه,2448,369322,18029192068,49195,48338,50670,1475,3,48817,-378,-0.77,47720,50670,1400-9-1,2021-11-22
81,بگيلان,توسعه مسير برق گيلان,2431,1098487,17564736692,16321,15801,15800,-521,-3.19,16110,-211,-1.29,15760,16300,1400-9-1,2021-11-22
82,بوعلي,پتروشيمي بوعلي سينا,2422,547904,40912582920,72520,75720,74500,1980,2.73,73420,900,1.24,73970,75720,1400-9-1,2021-11-22
83,وپارس,بانك‌پارسيان‌,2369,67841780,151287922326,2147,2159,2218,71,3.31,2230,83,3.87,2158,2254,1400-9-1,2021-11-22
84,كماسه,تامين‌ ماسه‌ ريخته‌گري‌,2362,21761861,113271678060,5390,5290,5160,-230,-4.27,5210,-180,-3.34,5130,5500,1400-9-1,2021-11-22
85,بترانس,ايران‌ ترانسفو,2358,130661816,287717471690,2117,2140,2222,105,4.96,2202,85,4.02,2140,2222,1400-9-1,2021-11-22
86,زملارد,كشاورزي و دامپروري ملارد شير,2262,245985,5174979957,20523,20600,20562,39,0.19,20701,178,0.87,20530,21330,1400-9-1,2021-11-22
87,افران,صندوق س افرا نماد پايدار-ثابت,2261,71760032,1062585405595,14798,14807,14808,10,0.07,14807,9,0.06,14807,14810,1400-9-1,2021-11-22
88,اعتماد,صندوق س.اعتماد آفرين پارسيان-د,2226,39503070,1585931632200,40125,40146,40150,25,0.06,40147,22,0.05,40146,40151,1400-9-1,2021-11-22
89,لكما,كارخانجات‌مخابراتي‌ايران‌,2222,56559911,60950388112,1060,1061,1091,31,2.92,1078,18,1.7,1049,1091,1400-9-1,2021-11-22
90,ختور,رادياتور ايران‌,2215,10075358,181607359620,18910,18860,17970,-940,-4.97,18020,-890,-4.71,17970,18860,1400-9-1,2021-11-22
91,حآسا,آسيا سير ارس,2203,9559804,164591472161,16982,17831,16450,-532,-3.13,17217,235,1.38,16230,17831,1400-9-1,2021-11-22
92,فتوسا,توليد و توسعه سرب روي ايرانيان,2199,874920,9593103014,10790,10991,10853,63,0.58,10901,111,1.03,10660,11100,1400-9-1,2021-11-22
93,فگستر,گسترش صنايع روي ايرانيان,2179,1642496,15314986038,9145,9110,9290,145,1.59,9324,179,1.96,9110,9473,1400-9-1,2021-11-22
94,حكشتي,كشتيراني جمهوري اسلامي ايران,2177,9222113,138432771570,14800,15160,14810,10,0.07,15010,210,1.42,14720,15350,1400-9-1,2021-11-22
95,ذوب,سهامي ذوب آهن  اصفهان,2160,71788810,275022931110,3649,3831,3831,182,4.99,3831,182,4.99,3831,3831,1400-9-1,2021-11-22
96,كتوكا,توليدي و خدمات صنايع نسوز توكا,2120,7673199,96416642834,12285,12302,12899,614,5,12565,280,2.28,11975,12899,1400-9-1,2021-11-22
97,ملت,بيمه ملت,2116,122638365,154996224672,1213,1240,1271,58,4.78,1264,51,4.2,1202,1273,1400-9-1,2021-11-22
98,غپينو,پارس‌ مينو,2108,29337409,110506637495,3775,3820,3673,-102,-2.7,3767,-8,-0.21,3623,3888,1400-9-1,2021-11-22
99,شفن,پتروشيمي فناوران,2106,19914206,322012711020,15400,16170,16170,770,5,16170,770,5,16170,16170,1400-9-1,2021-11-22
100,قثابت,قند ثابت‌ خراسان‌,2103,47976093,102512095363,2065,2080,2168,103,4.99,2137,72,3.49,2021,2168,1400-9-1,2021-11-22
101,اخابر,مخابرات ايران,2084,44707003,351869053910,7520,7660,7890,370,4.92,7870,350,4.65,7570,7890,1400-9-1,2021-11-22
102,سنيرح,ح . سيمان‌ سفيدني‌ريز,2056,1924074,56752273720,32430,31990,29190,-3240,-9.99,29500,-2930,-9.03,29190,32000,1400-9-1,2021-11-22
103,غمينو,شركت صنايع غذايي مينو شرق,2038,18730926,98333928389,5320,5558,5150,-170,-3.2,5250,-70,-1.32,5100,5558,1400-9-1,2021-11-22
104,سيتا,سرمايه گذاري سيمان تامين,2029,1787371,17720565190,9820,10100,9830,10,0.1,9860,40,0.41,9790,10100,1400-9-1,2021-11-22
105,وتوصا,گروه س توسعه صنعتي ايران,2021,12728826,143318648530,10810,11200,11020,210,1.94,11260,450,4.16,10880,11350,1400-9-1,2021-11-22
106,غدام,خوراك‌  دام‌ پارس‌,1985,670881,96974361990,146480,144110,147000,520,0.35,144550,-1930,-1.32,139500,149500,1400-9-1,2021-11-22
107,ساذري,آذريت‌,1973,26126603,269463933653,10295,10603,9987,-308,-2.99,10314,19,0.18,9987,10603,1400-9-1,2021-11-22
108,خزاميا,زامياد,1967,16719738,122839337340,7340,7410,7400,60,0.82,7350,10,0.14,7200,7510,1400-9-1,2021-11-22
109,سدبير,س. تدبيرگران فارس وخوزستان,1957,4444037,203933354552,46306,44150,48621,2315,5,45889,-417,-0.9,43991,48621,1400-9-1,2021-11-22
110,شليا,شركت مواد ويژه ليا,1952,9381429,443037984525,45850,47225,47225,1375,3,47225,1375,3,47225,47225,1400-9-1,2021-11-22
111,سفاسي,شركت فارسيت اهواز,1881,18615328,64483857128,3431,3401,3533,102,2.97,3464,33,0.96,3329,3533,1400-9-1,2021-11-22
112,پكويرح,ح. كوير تاير,1841,9049543,40059511450,4610,4500,4370,-240,-5.21,4430,-180,-3.9,4300,4690,1400-9-1,2021-11-22
113,خرينگ,رينگ‌سازي‌مشهد,1833,2974410,89619578540,31060,31250,29990,-1070,-3.44,30130,-930,-2.99,29510,32570,1400-9-1,2021-11-22
114,وصنعت,سرمايه گذاري توسعه صنعت وتجارت,1792,27020853,195711530680,6910,6970,7250,340,4.92,7240,330,4.78,6970,7250,1400-9-1,2021-11-22
115,شاراك,پتروشيمي شازند,1782,3382037,155388731760,44380,45460,45600,1220,2.75,45950,1570,3.54,45000,46590,1400-9-1,2021-11-22
116,ومعادن,توسعه‌معادن‌وفلزات‌,1767,9728042,97738152200,9890,10000,10180,290,2.93,10020,130,1.31,9900,10220,1400-9-1,2021-11-22
117,وآذر,سرمايه‌گذاري‌توسعه‌آذربايجان‌,1738,1550390,71140287440,47480,46720,45400,-2080,-4.38,45890,-1590,-3.35,45110,48290,1400-9-1,2021-11-22
118,چكاپا,گروه صنايع كاغذ پارس,1710,25866996,83840895897,3187,3240,3202,15,0.47,3241,54,1.69,3171,3328,1400-9-1,2021-11-22
119,ضجار1022,اختيارخ وتجارت-2000-1400/10/15,1708,73012,13403092000,156,188,181,25,16.03,184,28,17.95,164,200,1400-9-1,2021-11-22
120,پيزد,مجتمع صنايع لاستيك يزد,1697,243940,13359067101,53546,54797,54960,1414,2.64,54635,1089,2.03,53000,55970,1400-9-1,2021-11-22
121,سرو,صندوق س سروسودمند مدبران-سهام,1665,1664085,121546195020,71590,72850,73090,1500,2.1,73040,1450,2.03,72000,73770,1400-9-1,2021-11-22
122,خزر,فنرسازي‌زر,1657,8064777,100008672410,11860,12400,12450,590,4.97,12400,540,4.55,12130,12450,1400-9-1,2021-11-22
123,كسرام,پارس‌ سرام‌,1650,18713435,88821042313,4922,5090,4676,-246,-5,4746,-176,-3.58,4676,5090,1400-9-1,2021-11-22
124,وفتخار,سرمايه گذاري افتخار سهام,1637,15032677,29479079597,1904,1961,1961,57,2.99,1961,57,2.99,1961,1961,1400-9-1,2021-11-22
125,تسه0006,امتيازتسهيلات مسكن شهريور1400,1615,42089,34376938798,832339,820000,797351,-34988,-4.2,816768,-15571,-1.87,790723,844429,1400-9-1,2021-11-22
126,كمرجان,بازرگاني و توليدي مرجان كار,1608,1356665,70765576275,51657,52700,51941,284,0.55,52161,504,0.98,51008,53880,1400-9-1,2021-11-22
127,خكمك,كمك‌فنرايندامين‌,1602,4971543,141751381180,27870,29240,28000,130,0.47,28510,640,2.3,27280,29260,1400-9-1,2021-11-22
128,شبريز,پالايش نفت تبريز,1588,3203458,108976899030,32850,33500,33790,940,2.86,34020,1170,3.56,33250,34480,1400-9-1,2021-11-22
129,زنگان,صنعت روي زنگان,1588,1475365,119678386981,79097,79660,79500,403,0.51,81118,2021,2.56,76001,83000,1400-9-1,2021-11-22
130,ماديرا,صنايع ماديران,1583,16532824,111769357187,6461,6610,6784,323,5,6760,299,4.63,6502,6784,1400-9-1,2021-11-22
131,وملت,سرمايه گذاري ملت,1573,16030129,44102476754,2775,2664,2833,58,2.09,2751,-24,-0.86,2664,2865,1400-9-1,2021-11-22
132,وايران,ليزينگ ايرانيان,1570,13951935,58492532540,4129,4273,4109,-20,-0.48,4192,63,1.53,4043,4328,1400-9-1,2021-11-22
133,كلر,كلر پارس,1554,1721998,195959091600,109472,108950,114945,5473,5,113798,4326,3.95,107401,114945,1400-9-1,2021-11-22
134,ارزش,صندوق س ارزش آفرين بيدار-سهام,1553,16442272,164984546150,9540,9820,10150,610,6.39,10030,490,5.14,9730,10160,1400-9-1,2021-11-22
135,وپويا,سرمايه گذاري پويا,1548,2934181,11783912313,3955,3920,4002,47,1.19,4003,48,1.21,3920,4099,1400-9-1,2021-11-22
136,رتاپ,تجارت الكترونيك  پارسيان,1544,5535521,37018829900,6490,6500,6660,170,2.62,6690,200,3.08,6500,6790,1400-9-1,2021-11-22
137,هماي,صندوق س هماي آگاه-ثابت,1544,20687787,207142617917,10167,10013,10013,-154,-1.51,10013,-154,-1.51,10010,10013,1400-9-1,2021-11-22
138,وسكرمان,س.سهام عدالت استان كرمان,1539,121572035,59614308216,480,485,488,8,1.67,490,10,2.08,478,504,1400-9-1,2021-11-22
139,وملي,گروه‌ صنعتي‌ ملي‌ (هلدينگ‌,1535,497610,82264875990,166560,163550,163970,-2590,-1.55,165320,-1240,-0.74,163550,169390,1400-9-1,2021-11-22
140,تسه0007,امتيازتسهيلات مسكن مهر1400,1525,30028,24678412845,839316,835000,797351,-41965,-5,821847,-17469,-2.08,797351,849000,1400-9-1,2021-11-22
141,كاوه,فولاد كاوه جنوب كيش,1522,3935534,61299844920,15510,15520,15330,-180,-1.16,15550,40,0.26,15300,15780,1400-9-1,2021-11-22
142,بشهاب,لامپ‌  پارس‌ شهاب‌,1521,748435,116824381420,154160,156900,154000,-160,-0.1,156090,1930,1.25,149710,161800,1400-9-1,2021-11-22
143,خمحركه,نيرو محركه‌,1519,14911277,56620292725,3813,3899,3751,-62,-1.63,3797,-16,-0.42,3720,3935,1400-9-1,2021-11-22
144,حتايد,تايدواترخاورميانه,1469,17324683,95144168350,5250,5320,5510,260,4.95,5490,240,4.57,5240,5510,1400-9-1,2021-11-22
145,بنو,بيمه تجارت نو,1439,9746753,75895221974,7658,8009,7670,12,0.16,7787,129,1.68,7658,8009,1400-9-1,2021-11-22
146,خمهرح,ح . مهركام‌پارس‌,1437,23459996,21245299456,916,940,893,-23,-2.51,906,-10,-1.09,886,940,1400-9-1,2021-11-22
147,ثاخت,بين‌المللي‌توسعه‌ساختمان,1433,29021734,59911545754,2000,2030,2079,79,3.95,2064,64,3.2,2012,2100,1400-9-1,2021-11-22
148,غويتا,ويتانا,1433,13691679,102810374351,7165,7470,7523,358,5,7509,344,4.8,7219,7523,1400-9-1,2021-11-22
149,شپديس,پتروشيمي پرديس,1417,2016546,380218529400,181020,187800,187800,6780,3.75,188550,7530,4.16,186000,190000,1400-9-1,2021-11-22
150,فروي,ذوب روي اصفهان,1415,2059918,48213010033,23336,23500,23150,-186,-0.8,23405,69,0.3,23000,23990,1400-9-1,2021-11-22
151,آگاس,صندوق س.هستي بخش آگاه-س,1395,1269815,103293248579,79532,81400,81249,1717,2.16,81345,1813,2.28,80811,81950,1400-9-1,2021-11-22
152,شغدير,پتروشيمي غدير,1393,2070668,195661622490,91650,94170,95200,3550,3.87,94490,2840,3.1,92670,95880,1400-9-1,2021-11-22
153,وسكرد,شركت س استان كردستان,1384,90118072,42937931017,475,475,478,3,0.63,476,1,0.21,469,485,1400-9-1,2021-11-22
154,اتكاي,بيمه اتكايي ايرانيان,1366,7465174,87735326231,11844,11660,11525,-319,-2.69,11753,-91,-0.77,11501,12100,1400-9-1,2021-11-22
155,غشوكو,شوكو پارس,1339,5258845,42745658840,8415,7995,8359,-56,-0.67,8128,-287,-3.41,7995,8465,1400-9-1,2021-11-22
156,فنفت,صنايع تجهيزات نفت,1333,4291308,50597435753,12159,11552,12300,141,1.16,11791,-368,-3.03,11552,12600,1400-9-1,2021-11-22
157,چكاوه,صنايع‌كاغذسازي‌كاوه‌,1327,6240874,62640251420,10160,10260,10000,-160,-1.57,10040,-120,-1.18,9660,10460,1400-9-1,2021-11-22
158,خكار,ايركا پارت صنعت,1309,11605027,49914951168,4385,4397,4287,-98,-2.23,4301,-84,-1.92,4252,4443,1400-9-1,2021-11-22
159,خفنر,فنرسازي‌خاور,1295,5105299,43306829120,8730,8840,8640,-90,-1.03,8480,-250,-2.86,8300,8880,1400-9-1,2021-11-22
160,ولساپا,ليزينگ رايان‌ سايپا,1294,29736824,82281723374,2671,2703,2729,58,2.17,2767,96,3.59,2653,2804,1400-9-1,2021-11-22
161,فخوز,فولاد  خوزستان,1291,9587955,63759957330,6510,6700,6700,190,2.92,6580,70,1.08,6580,6730,1400-9-1,2021-11-22
162,ثنوسا,نوسازي‌وساختمان‌تهران‌,1290,27022535,153865702760,5440,5430,5700,260,4.78,5690,250,4.6,5430,5710,1400-9-1,2021-11-22
163,ديران,ايران‌دارو,1279,3754801,77077216290,20510,20990,20760,250,1.22,20530,20,0.1,20000,21000,1400-9-1,2021-11-22
164,فاراكح,ح . ماشين‌ سازي‌ اراك‌,1270,172532867,86266588000,501,500,500,-1,-0.2,500,-1,-0.2,500,505,1400-9-1,2021-11-22
165,فلامي,لاميران‌,1270,3350748,77008049590,23590,23400,23560,-30,-0.13,22980,-610,-2.59,22420,24000,1400-9-1,2021-11-22
166,شگويا,پتروشيمي تندگويان,1265,12113127,134310352176,10560,11088,11088,528,5,11088,528,5,11088,11088,1400-9-1,2021-11-22
167,ثفارس,عمران‌وتوسعه‌فارس‌,1250,8090535,67388723810,8480,8470,8220,-260,-3.07,8330,-150,-1.77,8180,8610,1400-9-1,2021-11-22
168,ضجار1023,اختيارخ وتجارت-2500-1400/10/15,1244,53397,3388986000,59,70,56,-3,-5.08,63,4,6.78,56,73,1400-9-1,2021-11-22
169,كرماشا,صنايع پتروشيمي كرمانشاه,1242,3280108,183674173250,54740,54370,56750,2010,3.67,56000,1260,2.3,54370,56840,1400-9-1,2021-11-22
170,ثالوند,سرمايه گذاري مسكن الوند,1238,5576031,50600841749,9501,9220,9026,-475,-5,9075,-426,-4.48,9026,9530,1400-9-1,2021-11-22
171,ونوين,بانك‌اقتصادنوين‌,1235,30336169,103666878669,3270,3333,3427,157,4.8,3417,147,4.5,3274,3433,1400-9-1,2021-11-22
172,فروس,فروسيليس‌ ايران‌,1222,13144466,93374159580,6800,6940,7140,340,5,7100,300,4.41,6770,7140,1400-9-1,2021-11-22
173,شسپا,نفت سپاهان,1215,32422978,116927638062,3556,3600,3610,54,1.52,3606,50,1.41,3550,3690,1400-9-1,2021-11-22
174,قاسم,قاسم ايران,1199,13162908,48724987679,3741,3888,3610,-131,-3.5,3702,-39,-1.04,3570,3888,1400-9-1,2021-11-22
175,تسه0005,امتيازتسهيلات مسكن مرداد 1400,1194,51402,41323314090,832846,820051,796000,-36846,-4.42,803924,-28922,-3.47,791204,858000,1400-9-1,2021-11-22
176,خاذين,سايپاآذين‌,1182,23176071,73176809539,3157,3168,3133,-24,-0.76,3157,0,0,3051,3219,1400-9-1,2021-11-22
177,شفارس,صنايع‌ شيميايي‌ فارس‌,1178,34321688,41190889258,1152,1150,1209,57,4.95,1200,48,4.17,1150,1209,1400-9-1,2021-11-22
178,خموتور,موتورسازان‌تراكتورسازي‌ايران‌,1169,7362679,46183666090,6540,6560,6240,-300,-4.59,6270,-270,-4.13,6220,6770,1400-9-1,2021-11-22
179,طلا,صندوق س.پشتوانه طلاي لوتوس,1165,1137974,100609260531,88053,88776,88600,547,0.62,88411,358,0.41,87990,88800,1400-9-1,2021-11-22
180,دماوند,توليد نيروي برق دماوند,1163,1919277,40270092504,21132,21010,20900,-232,-1.1,21002,-130,-0.62,20769,21542,1400-9-1,2021-11-22
181,پارند,صندوق س. پارند پايدار سپهر,1153,38659930,390105271267,10085,10091,10091,6,0.06,10091,6,0.06,10090,10091,1400-9-1,2021-11-22
182,غشهداب,كشت و صنعت شهداب ناب خراسان,1140,25728094,73127050034,2726,2700,2862,136,4.99,2842,116,4.26,2670,2862,1400-9-1,2021-11-22
183,خلنت,لنت‌ ترمزايران‌,1135,719636,53985096470,78610,77510,74900,-3710,-4.72,75020,-3590,-4.57,74680,80990,1400-9-1,2021-11-22
184,شاوان,پالايش نفت لاوان,1133,818082,114903645867,136541,142880,139999,3458,2.53,140455,3914,2.87,139142,142880,1400-9-1,2021-11-22
185,تاپكيش,تجارت الكترونيك پارسيان كيش,1128,3696211,62980094738,16462,17285,17280,818,4.97,17039,577,3.51,16500,17285,1400-9-1,2021-11-22
186,ثاژن,سخت آژند,1120,7522470,40439438208,5328,5434,5240,-88,-1.65,5376,48,0.9,5222,5434,1400-9-1,2021-11-22
187,وهنر,گروه توسعه هنر ايران,1098,13720835,45747816035,3425,3401,3334,-91,-2.66,3334,-91,-2.66,3323,3465,1400-9-1,2021-11-22
188,ثعتما,س. ساختماني اعتماد گستر,1094,2386524,75199545062,32094,32874,31132,-962,-3,31510,-584,-1.82,31132,32874,1400-9-1,2021-11-22
189,سيمرغ,سيمرغ,1092,3645156,91209212940,24550,24950,24710,160,0.65,25020,470,1.91,24520,25560,1400-9-1,2021-11-22
190,غصينو,صنعتي مينو,1077,3441178,83359068597,25257,26000,23995,-1262,-5,24368,-889,-3.52,23995,26000,1400-9-1,2021-11-22
191,ولملت,واسپاري ملت,1073,13764236,56063520310,4260,4260,4140,-120,-2.82,4070,-190,-4.46,4050,4390,1400-9-1,2021-11-22
192,بموتو,موتوژن‌,1069,2895407,232250318920,77450,77450,81320,3870,5,80210,2760,3.56,77450,81320,1400-9-1,2021-11-22
193,كوير,توليدي فولاد سپيد فراب كوير,1060,8912822,52828425500,5860,6070,5950,90,1.54,5920,60,1.02,5850,6070,1400-9-1,2021-11-22
194,رانفور,خدمات‌انفورماتيك‌,1053,15046268,62811719534,4120,4219,4178,58,1.41,4175,55,1.33,4105,4234,1400-9-1,2021-11-22
195,كچاد,معدني‌وصنعتي‌چادرملو,1048,4292349,122062372670,28320,28880,28410,90,0.32,28440,120,0.42,28300,28890,1400-9-1,2021-11-22
196,حفاري,حفاري شمال,1046,14686862,67793268330,4414,4500,4634,220,4.98,4616,202,4.58,4446,4634,1400-9-1,2021-11-22
197,حآفرين,ريل پرداز نو آفرين,1044,14405503,82125527586,5969,5945,5762,-207,-3.47,5701,-268,-4.49,5671,6037,1400-9-1,2021-11-22
198,همراه,شركت ارتباطات سيار ايران,1043,9609068,82873003600,8290,8150,8700,410,4.95,8510,220,2.65,8150,8700,1400-9-1,2021-11-22
199,سصفها,سيمان‌اصفهان‌,1029,1762937,59464849600,32160,33610,33750,1590,4.94,33730,1570,4.88,33010,33760,1400-9-1,2021-11-22
200,بجهرم,توسعه مولد نيروگاهي جهرم,1021,14783816,32329998429,2144,2136,2195,51,2.38,2187,43,2.01,2136,2235,1400-9-1,2021-11-22
201,تملت,تامين سرمايه بانك ملت,1015,5953614,21823096798,3591,3649,3650,59,1.64,3666,75,2.09,3575,3768,1400-9-1,2021-11-22
202,دسانكو,داروسازي سبحان انكولوژي,1008,4236670,54946915175,12789,12615,13110,321,2.51,12969,180,1.41,12615,13225,1400-9-1,2021-11-22
203,قنيشا,قند  نيشابور,1004,3144892,142148383650,43050,45200,45200,2150,4.99,45200,2150,4.99,45150,45200,1400-9-1,2021-11-22
204,ثتران,سرمايه گذاري مسكن تهران,999,9000190,37179117240,4217,4191,4100,-117,-2.77,4131,-86,-2.04,4080,4250,1400-9-1,2021-11-22
205,ثاباد,توريستي ورفاهي آبادگران ايران,990,1796771,89406288420,50160,51500,49490,-670,-1.34,49760,-400,-0.8,47660,52500,1400-9-1,2021-11-22
206,پدرخش,درخشان‌ تهران‌,988,2023493,43680290770,22440,22970,21320,-1120,-4.99,21590,-850,-3.79,21320,22970,1400-9-1,2021-11-22
207,چدن,توليدي چدن سازان,980,10680072,31730419835,2898,2865,3010,112,3.86,2971,73,2.52,2865,3039,1400-9-1,2021-11-22
208,آريان,سرمايه گذاري پارس آريان,959,11898474,201104475843,16976,16471,17070,94,0.55,16902,-74,-0.44,16467,17150,1400-9-1,2021-11-22
209,پرديسح,ح .  سرمايه گذاري پرديس,957,14111558,23290623672,1620,1648,1665,45,2.78,1650,30,1.85,1611,1680,1400-9-1,2021-11-22
210,هرمز,فولاد هرمزگان جنوب,955,2269283,38261301846,16822,16900,16710,-112,-0.67,16834,12,0.07,16557,17200,1400-9-1,2021-11-22
211,غاذر,كشت‌وصنعت‌پياذر,951,2600874,99064646970,36430,37640,38250,1820,5,38090,1660,4.56,36500,38250,1400-9-1,2021-11-22
212,وبانك,سرمايه گذاري گروه توسعه ملي,934,7492841,63827806880,8310,8430,8460,150,1.81,8450,140,1.68,8330,8620,1400-9-1,2021-11-22
213,وساغربي,شركت س استان آذربايجان غربي,930,58978524,27922691184,472,466,478,6,1.27,473,1,0.21,465,488,1400-9-1,2021-11-22
214,زماهان,مجتمع توليد گوشت مرغ ماهان,928,4382547,30475926953,6934,6900,7130,196,2.83,6954,20,0.29,6750,7176,1400-9-1,2021-11-22
215,وساپا,سرمايه‌گذاري‌ سايپا,917,8644628,42343673294,4911,4911,4900,-11,-0.22,4898,-13,-0.26,4809,5070,1400-9-1,2021-11-22
216,فكمند,گسترش قطعه سازي كمند,911,2196761,82346020784,37352,38472,36520,-832,-2.23,37485,133,0.36,36232,38472,1400-9-1,2021-11-22
217,سبزوا,سيمان لار سبزوار,907,11005949,25283598581,2295,2303,2286,-9,-0.39,2297,2,0.09,2266,2350,1400-9-1,2021-11-22
218,بكام,كارخانجات توليدي شهيد قندي,903,21883898,42422105333,1874,1920,1967,93,4.96,1939,65,3.47,1851,1967,1400-9-1,2021-11-22
219,پتاير,ايران‌ تاير,897,18279157,38925340240,2053,2090,2155,102,4.97,2129,76,3.7,2060,2155,1400-9-1,2021-11-22
220,مدير,ص.س.مديريت ثروت ص.بازنشستگي-س,896,2931511,29770598753,9872,10100,10150,278,2.82,10155,283,2.87,10041,10278,1400-9-1,2021-11-22
221,فزرين,زرين معدن آسيا,895,3135939,40438059537,12844,12920,12800,-44,-0.34,12895,51,0.4,12700,13200,1400-9-1,2021-11-22
222,حشكوه,دليجان طلايي شكوه پارس,894,25241814,90227617683,3554,3500,3660,106,2.98,3575,21,0.59,3448,3660,1400-9-1,2021-11-22
223,ورنا,سرمايه‌گذاري‌ رنا(هلدينگ‌,893,9663896,33269429056,3485,3525,3429,-56,-1.61,3443,-42,-1.21,3375,3610,1400-9-1,2021-11-22
224,غالبر,لبنيات‌ كالبر,892,5081739,67944295160,13020,13230,13160,140,1.08,13370,350,2.69,12810,13670,1400-9-1,2021-11-22
225,تسه0004,امتيازتسهيلات مسكن تير1400,891,17957,14693681628,835383,830000,800000,-35383,-4.24,818270,-17113,-2.05,793614,849999,1400-9-1,2021-11-22
226,غشصفا,شيرپاستوريزه‌پگاه‌اصفهان‌,886,2405194,80368681420,32090,32980,33690,1600,4.99,33410,1320,4.11,32010,33690,1400-9-1,2021-11-22
227,شجم,صنايع پتروشيمي تخت جمشيد,884,7082609,99466695403,13970,13600,14250,280,2,14044,74,0.53,13600,14290,1400-9-1,2021-11-22
228,ونيرو,سرمايه‌گذاري‌نيرو,882,18312565,44120751283,2354,2361,2424,70,2.97,2409,55,2.34,2360,2457,1400-9-1,2021-11-22
229,شبصير,توليدات پتروشيمي قائد بصير,877,429186,48613581013,110574,115900,112480,1906,1.72,113269,2695,2.44,112000,115900,1400-9-1,2021-11-22
230,لازما,كارخانه هاي صنعتي آزمايش,869,2094326,66215888462,31637,31834,30688,-949,-3,31617,-20,-0.06,30688,32586,1400-9-1,2021-11-22
231,ثنام,س ساختماني ب نام آوران مهندسي,861,7123566,84346133073,11498,11842,11842,344,2.99,11840,342,2.97,11700,11842,1400-9-1,2021-11-22
232,تاصيكو,سرمايه گذاري صدرتامين,860,5843825,53109653180,9030,9270,9010,-20,-0.22,9060,30,0.33,8990,9270,1400-9-1,2021-11-22
233,وبوعلي,سرمايه‌گذاري‌بوعلي‌,851,17670128,70392626128,3818,3840,4008,190,4.98,3984,166,4.35,3840,4008,1400-9-1,2021-11-22
234,بكهنوج,توليد برق ماهتاب كهنوج,841,20350205,24407880303,1187,1200,1217,30,2.53,1199,12,1.01,1140,1232,1400-9-1,2021-11-22
235,فلوله,لوله‌وماشين‌سازي‌ايران‌,841,22472448,24624203832,1103,1081,1079,-24,-2.18,1096,-7,-0.63,1070,1127,1400-9-1,2021-11-22
236,شكلر,نيروكلر,835,5621738,185068446300,31370,31990,32930,1560,4.97,32920,1550,4.94,31990,32930,1400-9-1,2021-11-22
237,دتوليد,داروسازي توليد دارو,831,4081327,39012506501,9117,9407,9572,455,4.99,9559,442,4.85,9405,9572,1400-9-1,2021-11-22
238,كفپارس,فرآورده‌هاي‌ نسوز پارس‌,828,8153999,28527923638,3449,3381,3502,53,1.54,3499,50,1.45,3381,3581,1400-9-1,2021-11-22
239,قرن,پديده شيمي قرن,820,1313120,32111398490,24260,24750,24340,80,0.33,24450,190,0.78,24110,24900,1400-9-1,2021-11-22
240,وتوس,توسعه‌شهري‌توس‌گستر,819,3825875,42779183320,11480,11600,10910,-570,-4.97,11180,-300,-2.61,10910,11770,1400-9-1,2021-11-22
241,صايند,صندوق س. گنجينه آينده روشن-د,814,35549900,353369464360,9965,9964,9957,-8,-0.08,9940,-25,-0.25,9916,9965,1400-9-1,2021-11-22
242,وپاسار,بانك  پاسارگاد,810,26716791,354866224640,13250,13250,13300,50,0.38,13280,30,0.23,13250,13300,1400-9-1,2021-11-22
243,ونيكي,سرمايه‌گذاري‌ ملي‌ايران‌,805,4383570,44800378970,10130,10160,10140,10,0.1,10190,60,0.59,10130,10400,1400-9-1,2021-11-22
244,دلقما,دارويي‌ لقمان‌,802,1373117,33309430840,24750,24940,23800,-950,-3.84,24260,-490,-1.98,23600,24940,1400-9-1,2021-11-22
245,پارسان,گسترش نفت و گاز پارسيان,800,1980853,62676422290,31550,32400,31190,-360,-1.14,31600,50,0.16,31000,32500,1400-9-1,2021-11-22
246,مرقام,ايران‌ارقام‌,800,2966378,36739461020,12390,12130,12390,0,0,12390,0,0,11780,12800,1400-9-1,2021-11-22
247,دبالك,مواد اوليه دارويي البرز بالك,796,4355151,36328641530,8000,8378,8400,400,5,8342,342,4.28,8112,8400,1400-9-1,2021-11-22
248,وگستر,گسترش سرمايه گذاري ايرانيان,794,4415454,29958180319,6663,6759,6728,65,0.98,6785,122,1.83,6647,6950,1400-9-1,2021-11-22
249,وسين,بيمه سينا,794,24357000,95238939594,3828,3750,3880,52,1.36,3910,82,2.14,3750,3942,1400-9-1,2021-11-22
250,وپسا,س. پتروشيمي ساختمان  خليج فارس,789,16322510,26949178396,1692,1642,1648,-44,-2.6,1651,-41,-2.42,1642,1711,1400-9-1,2021-11-22
251,وسكرشا,س.سهام عدالت استان كرمانشاه,786,46688979,22462120015,478,470,482,4,0.84,481,3,0.63,470,497,1400-9-1,2021-11-22
252,كيميا,معدني كيمياي زنجان گستران,783,2057958,27503546840,13445,13799,13200,-245,-1.82,13364,-81,-0.6,13130,13800,1400-9-1,2021-11-22
253,لسرما,سرما آفرين‌,777,1803551,37360543540,21660,21380,20580,-1080,-4.99,20710,-950,-4.39,20580,21380,1400-9-1,2021-11-22
254,كهمدا,شيشه‌ همدان‌,776,11113233,101912117080,8980,8740,9200,220,2.45,9170,190,2.12,8740,9390,1400-9-1,2021-11-22
255,وآوا,سرمايه گذاري آوا نوين,775,8066815,24810524886,3122,3071,3073,-49,-1.57,3076,-46,-1.47,3041,3169,1400-9-1,2021-11-22
256,حريل,ريل پردازسير,775,9064187,27815374383,2993,3010,3040,47,1.57,3069,76,2.54,3010,3110,1400-9-1,2021-11-22
257,پكوير,كوير تاير,773,3241442,22401721090,7090,6930,6800,-290,-4.09,6910,-180,-2.54,6760,7050,1400-9-1,2021-11-22
258,تبرك,گروه كارخانجات صنعتي تبرك,771,4266240,38314511619,8631,8695,9020,389,4.51,8981,350,4.06,8695,9062,1400-9-1,2021-11-22
259,زكوثر,سرمايه گذاري كشاورزي كوثر,770,1435976,25300440160,17540,17870,17400,-140,-0.8,17620,80,0.46,17400,18000,1400-9-1,2021-11-22
260,كرازي,كارخانجات‌توليدي‌شيشه‌رازي‌,769,21682941,27891230235,1252,1280,1279,27,2.16,1286,34,2.72,1256,1300,1400-9-1,2021-11-22
261,ولغدر,ليزينگ‌خودروغدير,766,3350687,37759057630,11350,11600,11220,-130,-1.15,11270,-80,-0.7,10900,11600,1400-9-1,2021-11-22
262,پارس,پتروشيمي پارس,763,356798,67610735370,188580,188590,188650,70,0.04,189200,620,0.33,187110,191980,1400-9-1,2021-11-22
263,خمهر,مهركام‌پارس‌,760,15547927,30119995062,1947,1998,1900,-47,-2.41,1937,-10,-0.51,1886,1998,1400-9-1,2021-11-22
264,ولانا,شركت ليزينگ آريا دانا,754,1728562,25138288020,15034,14410,14360,-674,-4.48,14543,-491,-3.27,14284,15030,1400-9-1,2021-11-22
265,دزهراوي,داروسازي‌زهراوي‌,752,5822825,30057089720,4980,5120,5220,240,4.82,5160,180,3.61,5030,5220,1400-9-1,2021-11-22
266,كروي,توسعه‌ معادن‌ روي‌ ايران‌,752,3977155,92214090330,22920,23000,23540,620,2.71,23190,270,1.18,22710,23880,1400-9-1,2021-11-22
267,پاكشو,گروه صنعتي پاكشو,749,10875512,65630355710,6040,6100,6070,30,0.5,6040,0,0,6020,6100,1400-9-1,2021-11-22
268,فجر,فولاد اميركبيركاشان,746,874453,21361976820,23890,24100,24300,410,1.72,24370,480,2.01,24100,24790,1400-9-1,2021-11-22
269,فاسمين,كالسيمين‌,743,2992983,48468786330,16000,16110,16300,300,1.88,16190,190,1.19,16000,16430,1400-9-1,2021-11-22
270,دتوزيع,توزيع دارو پخش,737,1264232,35823029460,28037,28800,28496,459,1.64,28336,299,1.07,28043,28800,1400-9-1,2021-11-22
271,تسه0003,امتيازتسهيلات مسكن خرداد1400,729,14125,11553199640,833562,820000,795000,-38562,-4.63,817926,-15636,-1.88,791884,849990,1400-9-1,2021-11-22
272,كگل,معدني و صنعتي گل گهر,729,5741344,136881943720,23840,23900,23900,60,0.25,23840,0,0,23740,24000,1400-9-1,2021-11-22
273,سفارس,سيمان فارس و خوزستان,715,3353720,57121752990,16860,17170,16990,130,0.77,17030,170,1.01,16510,17460,1400-9-1,2021-11-22
274,شيران,س. صنايع‌شيميايي‌ايران,711,1499300,33649110690,22060,22110,22280,220,1,22210,150,0.68,22080,22910,1400-9-1,2021-11-22
275,تكشا,گسترش‌صنايع‌وخدمات‌كشاورزي‌,710,1373350,51902763690,36320,35650,38130,1810,4.98,37790,1470,4.05,35650,38130,1400-9-1,2021-11-22
276,فرآور,فرآوري‌موادمعدني‌ايران‌,704,1853738,52872893560,28310,28500,28710,400,1.41,28520,210,0.74,27630,29480,1400-9-1,2021-11-22
277,اعتلاح,ح سرمايه گذاري اعتلاء البرز,699,6647378,13993951626,2182,2093,2090,-92,-4.22,2105,-77,-3.53,2080,2157,1400-9-1,2021-11-22
278,زدشت,كشت و صنعت دشت خرم دره,694,2115465,30509522881,13845,14000,14536,691,4.99,14422,577,4.17,14000,14537,1400-9-1,2021-11-22
279,كترام,توليدي‌ كاشي‌ تكسرام‌,693,1821053,41525626350,23180,23000,23110,-70,-0.3,22800,-380,-1.64,22160,23580,1400-9-1,2021-11-22
280,وثوق,سرمايه گذاري وثوق امين,690,2250971,22173230845,10032,9756,9732,-300,-2.99,9851,-181,-1.8,9732,10239,1400-9-1,2021-11-22
281,تپمپي,پمپ‌ سازي‌ ايران‌,688,4125097,73895527450,17120,17600,17950,830,4.85,17910,790,4.61,17490,17970,1400-9-1,2021-11-22
282,اطلس,صندوق س.توسعه اندوخته آينده-س,679,381969,95475509149,245536,249000,249450,3914,1.59,249956,4420,1.8,248000,251580,1400-9-1,2021-11-22
283,شيراز,پتروشيمي‌شيراز,675,1047619,88067177360,84800,85360,82060,-2740,-3.23,84130,-670,-0.79,82040,87990,1400-9-1,2021-11-22
284,كوثر,بيمه كوثر,674,9099586,38344135977,4102,4250,4300,198,4.83,4214,112,2.73,4064,4307,1400-9-1,2021-11-22
285,ثرود,سرمايه‌گذاري مسكن زاينده رود,671,3632578,27945867456,7663,7790,7593,-70,-0.91,7693,30,0.39,7451,7873,1400-9-1,2021-11-22
286,دلر,داروسازي‌ اكسير,667,1782829,80343940960,42940,44990,45080,2140,4.98,45070,2130,4.96,44050,45080,1400-9-1,2021-11-22
287,زيتون,صندوق س زيتون نماد پايا- مختلط,662,1824225,18185240032,9835,9946,10030,195,1.98,9969,134,1.36,9760,10030,1400-9-1,2021-11-22
288,تسه0002,امتيازتسهيلاتمسكن ارديبهشت1400,656,12030,9854219566,835116,869000,815000,-20116,-2.41,819137,-15979,-1.91,793361,869000,1400-9-1,2021-11-22
289,وسكاب,س.ص.بازنشستگي كاركنان بانكها,655,8118885,26445583184,3186,3211,3250,64,2.01,3257,71,2.23,3200,3313,1400-9-1,2021-11-22
290,وثخوز,سرمايه گذاري و توسعه خوزستان,645,588277,19461523854,33375,33376,32110,-1265,-3.79,33082,-293,-0.88,31849,34270,1400-9-1,2021-11-22
291,ثباغ,شهر سازي و خانه سازي باغميشه,640,3199214,30529385856,9141,9597,9440,299,3.27,9543,402,4.4,9261,9598,1400-9-1,2021-11-22
292,آپ,آسان پرداخت پرشين,627,9094523,118839649790,12450,13070,13070,620,4.98,13070,620,4.98,12850,13070,1400-9-1,2021-11-22
293,وكار,بانك‌ كارآفرين‌,620,10673192,33338012753,3108,3130,3061,-47,-1.51,3118,10,0.32,3058,3150,1400-9-1,2021-11-22
294,فسپا,گروه‌صنعتي‌سپاهان‌,619,2266066,38113988690,16400,16600,16970,570,3.48,16820,420,2.56,16590,17150,1400-9-1,2021-11-22
295,ختراك,ريخته‌گري‌ تراكتورسازي‌ ايران‌,618,4449995,29896928120,6510,6560,6830,320,4.92,6720,210,3.23,6310,6830,1400-9-1,2021-11-22
296,خوساز,محورسازان‌ايران‌خودرو,616,6917400,57183248250,7910,8000,8220,310,3.92,8270,360,4.55,7990,8400,1400-9-1,2021-11-22
297,نطرين,عطرين نخ قم,616,4756522,43831556603,8797,8999,9236,439,4.99,9215,418,4.75,8996,9236,1400-9-1,2021-11-22
298,خكرمان,گروه اقتصادي كرمان خودرو,615,12991199,38347115316,2894,2900,2978,84,2.9,2952,58,2,2860,2980,1400-9-1,2021-11-22
299,دجابر,داروسازي‌ جابرابن‌حيان‌,612,2112036,27557762890,12900,12700,13110,210,1.63,13050,150,1.16,12700,13530,1400-9-1,2021-11-22
300,حپارسا,توسعه حمل و نقل ريلي پارسيان,612,1085806,36660571330,35067,34716,33820,-1247,-3.56,33763,-1304,-3.72,33314,35416,1400-9-1,2021-11-22
301,تليسه,دامداري تليسه نمونه,610,8293517,20215650396,2329,2399,2445,116,4.98,2438,109,4.68,2396,2445,1400-9-1,2021-11-22
302,وساخت,سرمايه‌ گذاري‌ ساختمان‌ايران‌,610,1088619,46632752460,42750,42010,43300,550,1.29,42840,90,0.21,41700,43330,1400-9-1,2021-11-22
303,ساوه,سيمان ساوه,608,274551,12595970284,45540,45010,45660,120,0.26,45827,287,0.63,45010,46860,1400-9-1,2021-11-22
304,وشهر,بانك شهر,608,5223890,24365763540,4675,4675,4702,27,0.58,4666,-9,-0.19,4581,4800,1400-9-1,2021-11-22
305,ستران,سيمان‌ تهران‌,604,2339902,48306826110,19690,20280,20670,980,4.98,20640,950,4.82,20160,20670,1400-9-1,2021-11-22
306,دروز,داروسازي‌ روزدارو,594,1229148,37212581930,29950,31210,29660,-290,-0.97,30280,330,1.1,29490,31210,1400-9-1,2021-11-22
307,شخارك,پتروشيمي‌ خارك‌,588,941191,50127026580,53560,53980,52600,-960,-1.79,53410,-150,-0.28,52600,54230,1400-9-1,2021-11-22
308,آسيا,بيمه آسيا,587,13032469,22477907843,1676,1740,1718,42,2.51,1725,49,2.92,1693,1750,1400-9-1,2021-11-22
309,ونفت,سرمايه‌گذاري‌ صنعت‌ نفت‌,587,3409326,49492396220,14170,14420,14500,330,2.33,14520,350,2.47,14160,14870,1400-9-1,2021-11-22
310,قچار,فراوردههاي غذايي وقند چهارمحال,587,4816865,49529086362,10129,10050,10144,15,0.15,10282,153,1.51,10011,10368,1400-9-1,2021-11-22
311,خچرخش,چرخشگر,586,3290896,29005152730,9150,9380,8710,-440,-4.81,8810,-340,-3.72,8700,9380,1400-9-1,2021-11-22
312,شفارا,پتروشيمي فارابي,586,4791361,40926189473,8797,8540,8534,-263,-2.99,8542,-255,-2.9,8534,8690,1400-9-1,2021-11-22
313,شبهرن,نفت‌ بهران‌,579,2298367,27361573320,11760,11550,11760,0,0,11830,70,0.6,11550,12000,1400-9-1,2021-11-22
314,رمپنا,گروه مپنا (سهامي عام),579,2987948,47926169770,15840,16000,15800,-40,-0.25,15920,80,0.51,15590,16290,1400-9-1,2021-11-22
315,تسه0001,امتيازتسهيلات مسكن فروردين1400,577,10774,8857589321,835055,830000,811001,-24054,-2.88,822126,-12929,-1.55,793307,839690,1400-9-1,2021-11-22
316,كبافق,معادن‌ بافق‌,573,722149,24102589770,32800,33990,33120,320,0.98,33380,580,1.77,32800,33990,1400-9-1,2021-11-22
317,ارفع,شركت آهن و فولاد ارفع,572,1799836,27812389708,15480,15322,15500,20,0.13,15470,-10,-0.06,15300,15680,1400-9-1,2021-11-22
318,دانا,بيمه دانا,571,4790851,21365635973,4430,4400,4430,0,0,4460,30,0.68,4383,4554,1400-9-1,2021-11-22
319,خشرق,الكتريك‌ خودرو شرق‌,570,2341959,32850305000,14080,14390,14100,20,0.14,14030,-50,-0.36,13710,14390,1400-9-1,2021-11-22
320,تسه9908,امتياز تسهيلات مسكن آبان99,568,10011,8132153294,827496,830000,788550,-38946,-4.71,812322,-15174,-1.83,788001,830080,1400-9-1,2021-11-22
321,بفجرح,ح . فجر انرژي خليج فارس,563,3365418,29728593790,8390,9000,8650,260,3.1,8830,440,5.24,8450,9180,1400-9-1,2021-11-22
322,آ س پ,آ.س.پ,563,2917206,21239852110,7614,7550,7234,-380,-4.99,7281,-333,-4.37,7234,7550,1400-9-1,2021-11-22
323,وساشرقي,شركت س استان آذربايجان شرقي,560,30133524,14262457939,478,462,476,-2,-0.42,476,-2,-0.42,462,489,1400-9-1,2021-11-22
324,وسديد,گروه ‌صنعتي‌سديد,555,9431108,12392475912,1252,1314,1314,62,4.95,1301,49,3.91,1314,1314,1400-9-1,2021-11-22
325,خموتورح,ح . موتورسازان‌تراكتورسازي‌,554,5304752,24060155457,4784,4840,4502,-282,-5.89,4536,-248,-5.18,4450,4840,1400-9-1,2021-11-22
326,لپيام,گسترش صنايع پيام,550,681427,25526341319,37453,38576,36330,-1123,-3,37460,7,0.02,36330,38576,1400-9-1,2021-11-22
327,تيپيكو,سرمايه گذاري دارويي تامين,548,3209018,72377192050,22160,22000,22450,290,1.31,22450,290,1.31,22000,22990,1400-9-1,2021-11-22
328,دابور,داروسازي‌ ابوريحان‌,548,2455384,63850583930,24950,25640,26190,1240,4.97,26000,1050,4.21,25300,26190,1400-9-1,2021-11-22
329,خراسان,پتروشيمي خراسان,547,448876,55052765750,118570,122300,122100,3530,2.98,121130,2560,2.16,119900,124450,1400-9-1,2021-11-22
330,مفاخر,توسعه فناوري اطلاعات خوارزمي,544,720651,21498038136,30425,30964,29700,-725,-2.38,29831,-594,-1.95,29000,30997,1400-9-1,2021-11-22
331,افق,فروشگاههاي زنجيره اي افق كوروش,543,516990,23475858580,45530,45050,45180,-350,-0.77,45480,-50,-0.11,45000,45980,1400-9-1,2021-11-22
332,قشكر,شكرشاهرود,537,6994061,21098200971,3039,3000,3000,-39,-1.28,3017,-22,-0.72,2974,3087,1400-9-1,2021-11-22
333,بفجر,فجر انرژي خليج فارس,536,3659171,41901207760,11320,11380,11480,160,1.41,11380,60,0.53,10980,11790,1400-9-1,2021-11-22
334,فسازان,غلتك سازان سپاهان,532,1009631,23735787000,23360,23890,23060,-300,-1.28,23510,150,0.64,23060,24300,1400-9-1,2021-11-22
335,فافق,صنايع مس افق كرمان,528,6187954,24296633560,4009,4094,3889,-120,-2.99,3926,-83,-2.07,3889,4094,1400-9-1,2021-11-22
336,دبالكح,ح.مواد اوليه دارويي البرز بالك,527,1754820,10639155941,5980,5926,6150,170,2.84,6063,83,1.39,5800,6200,1400-9-1,2021-11-22
337,ودي,بيمه  دي,527,5334048,28127575869,5239,5400,5240,1,0.02,5273,34,0.65,5200,5400,1400-9-1,2021-11-22
338,بپاس,بيمه پاسارگاد,527,824734,35799726035,43338,43365,43345,7,0.02,43359,21,0.05,43340,43999,1400-9-1,2021-11-22
339,داسوه,داروسازي‌ اسوه‌,522,542211,13554850650,23990,24890,25180,1190,4.96,24870,880,3.67,23950,25180,1400-9-1,2021-11-22
340,كسعدي,كاشي‌ سعدي‌,522,2685325,24644022140,8790,8860,9220,430,4.89,9180,390,4.44,8860,9220,1400-9-1,2021-11-22
341,ياقوت,صندوق س ياقوت آگاه-ثابت,519,2374786,32367288195,13617,13623,13640,23,0.17,13630,13,0.1,13622,13643,1400-9-1,2021-11-22
342,كمنگنز,معادن‌منگنزايران‌,518,464191,32856826050,68610,70500,69500,890,1.3,70780,2170,3.16,68500,72040,1400-9-1,2021-11-22
343,بزاگرس,نيروگاه زاگرس كوثر,517,5496878,21093197531,3881,3950,3820,-61,-1.57,3837,-44,-1.13,3721,3959,1400-9-1,2021-11-22
344,وثنو,سرمايه گذاري ساختماني نوين,515,7572315,38685735540,5069,4950,5221,152,3,5109,40,0.79,4917,5221,1400-9-1,2021-11-22
345,كساوه,صنايع‌ كاشي‌ و سراميك‌ سينا,513,977025,43448877070,42800,42050,44390,1590,3.71,44470,1670,3.9,42050,44940,1400-9-1,2021-11-22
346,حفارس,حمل و نقل بين المللي خليج فارس,511,4271254,15869776825,3685,3670,3740,55,1.49,3715,30,0.81,3600,3790,1400-9-1,2021-11-22
347,شكربن,كربن‌ ايران‌,509,231047,24130455370,103750,102500,102920,-830,-0.8,104440,690,0.67,102000,107880,1400-9-1,2021-11-22
348,ولقمان,سرمايه گذاري لقمان,509,2386811,8063851772,3281,3377,3379,98,2.99,3358,77,2.35,3351,3379,1400-9-1,2021-11-22
349,آوا,صندوق س.سهام آواي معيار-س,509,1255233,10443909001,8177,8367,8251,74,0.9,8320,143,1.75,8211,8400,1400-9-1,2021-11-22
350,ميهن,بيمه ميهن,506,8423206,21401808257,2445,2510,2562,117,4.79,2541,96,3.93,2475,2567,1400-9-1,2021-11-22
351,وسگيلا,شركت س استان گيلان,506,40290712,19453420370,478,469,480,2,0.42,481,3,0.63,469,492,1400-9-1,2021-11-22
352,خريخت,صنايع‌ريخته‌گري‌ايران‌,504,7404883,26377349839,3513,3514,3640,127,3.62,3562,49,1.39,3441,3654,1400-9-1,2021-11-22
353,وحكمت,بيمه حكمت صبا,503,6420738,25462901311,4080,3958,3958,-122,-2.99,3966,-114,-2.79,3958,4037,1400-9-1,2021-11-22
354,دتماد,توليدمواداوليه‌داروپخش‌,503,1835833,86961494250,45140,46000,47390,2250,4.98,47370,2230,4.94,46000,47390,1400-9-1,2021-11-22
355,خبنيان,بنيان ديزل,502,35473,6374427154,174465,179698,179698,5233,3,177518,3053,1.75,179698,179698,1400-9-1,2021-11-22
356,خاهن,آهنگري‌ تراكتورسازي‌ ايران‌,501,5702597,29566907900,5180,5250,5180,0,0,5180,0,0,5180,5250,1400-9-1,2021-11-22
357,تسه9912,امتياز تسهيلات مسكن اسفند99,499,8744,7159476715,830172,821100,800000,-30172,-3.63,818787,-11385,-1.37,797000,839990,1400-9-1,2021-11-22
358,كارين,صندوق س نگين سامان-ثابت,493,14038737,140468408907,10161,10005,10005,-156,-1.54,10006,-155,-1.53,10004,10007,1400-9-1,2021-11-22
359,گكوثر,هتل پارسيان كوثر اصفهان,492,6771296,13598876611,2016,2050,2009,-7,-0.35,2008,-8,-0.4,1951,2050,1400-9-1,2021-11-22
360,خكاوه,سايپا ديزل,489,5078496,19515529229,3831,3930,3883,52,1.36,3843,12,0.31,3794,3945,1400-9-1,2021-11-22
361,وپست,پست بانك ايران,486,1110779,22195956190,19560,19320,20000,440,2.25,19920,360,1.84,19320,20300,1400-9-1,2021-11-22
362,زقيام,كشت و دام قيام اصفهان,483,8452772,13239777963,1551,1559,1545,-6,-0.39,1565,14,0.9,1540,1597,1400-9-1,2021-11-22
363,ثعمرا,عمران و توسعه شاهد,480,2123632,16971111691,8193,7900,7850,-343,-4.19,7992,-201,-2.45,7800,8190,1400-9-1,2021-11-22
364,غپاك,لبنيات‌ پاك‌,478,1441179,18192652520,12580,12390,12580,0,0,12620,40,0.32,12390,12890,1400-9-1,2021-11-22
365,سپاها,سيمان‌سپاهان‌,474,4166497,35038076160,8360,8400,8400,40,0.48,8410,50,0.6,8360,8640,1400-9-1,2021-11-22
366,شلعاب,لعابيران‌,474,5740845,33752707370,5620,5820,5900,280,4.98,5880,260,4.63,5580,5900,1400-9-1,2021-11-22
367,سغرب,سيمان‌غرب‌,474,1026442,15709269680,15040,15540,14860,-180,-1.2,15300,260,1.73,14610,15700,1400-9-1,2021-11-22
368,وسينا,بانك سينا,469,21134575,48379473551,2187,2291,2296,109,4.98,2289,102,4.66,2203,2296,1400-9-1,2021-11-22
369,فاهواز,نورد و لوله اهواز,467,3489449,20593146426,5824,5772,5850,26,0.45,5902,78,1.34,5771,5940,1400-9-1,2021-11-22
370,وتوكا,سرمايه‌گذاري‌توكافولاد(هلدينگ,466,3711955,32887573830,8820,8910,8890,70,0.79,8860,40,0.45,8710,9160,1400-9-1,2021-11-22
371,زگلدشت,كشت و دام گلدشت نمونه اصفهان,464,1742971,16200472812,9496,9310,9194,-302,-3.18,9295,-201,-2.12,9022,9679,1400-9-1,2021-11-22
372,قشرين,قند شيرين خراسان,460,6549255,55991250452,8794,8800,8531,-263,-2.99,8549,-245,-2.79,8531,8833,1400-9-1,2021-11-22
373,وبهمن,سرمايه‌گذاري‌بهمن‌,459,3339273,54845043120,15920,16300,16680,760,4.77,16420,500,3.14,15440,16710,1400-9-1,2021-11-22
374,سبهان,سيمان‌ بهبهان‌,457,363586,17868316200,49030,49280,48970,-60,-0.12,49140,110,0.22,48340,49990,1400-9-1,2021-11-22
375,دعبيد,لابراتوارداروسازي‌  دكترعبيدي‌,456,982255,19953057250,20720,20780,20270,-450,-2.17,20500,-220,-1.06,20000,21000,1400-9-1,2021-11-22
376,ساروم,سيمان‌اروميه‌,453,597844,24986364610,41570,42840,41770,200,0.48,41790,220,0.53,41000,42850,1400-9-1,2021-11-22
377,كنور,توسعه معدني و صنعتي صبانور,444,1109359,20579093170,18530,18240,18540,10,0.05,18530,0,0,18240,18850,1400-9-1,2021-11-22
378,تپولا,مهندسي مرآت پولاد,442,947871,16087110260,17414,16892,16892,-522,-3,16972,-442,-2.54,16892,17389,1400-9-1,2021-11-22
379,ساربيل,سيمان آرتا اردبيل,442,469587,12314260050,26560,26870,26040,-520,-1.96,26260,-300,-1.13,25300,26890,1400-9-1,2021-11-22
380,سپر,صندوق س سپر سرمايه بيدار- ثابت,439,12703256,167653665517,13189,13199,13202,13,0.1,13198,9,0.07,13196,13202,1400-9-1,2021-11-22
381,پخش,پخش البرز,436,883420,23365964569,25252,26510,26514,1262,5,26449,1197,4.74,25550,26514,1400-9-1,2021-11-22
382,وبيمه,سرمايه‌ گذاري‌ صنعت‌ بيمه‌,436,9422053,15198858572,1591,1620,1610,19,1.19,1613,22,1.38,1588,1633,1400-9-1,2021-11-22
383,كطبس,ذغال‌سنگ‌ نگين‌ ط‌بس‌,436,681084,34755911850,48680,51110,51110,2430,4.99,51030,2350,4.83,50200,51110,1400-9-1,2021-11-22
384,ريشمك,توليد و صادرات ريشمك,436,866654,27395961022,30259,31200,31560,1301,4.3,31611,1352,4.47,30401,31771,1400-9-1,2021-11-22
385,دكوثر,داروسازي‌ كوثر,436,3805616,12600203946,3200,3152,3349,149,4.66,3291,91,2.84,3151,3360,1400-9-1,2021-11-22
386,وپترو,سرمايه‌گذاري صنايع پتروشيمي‌,434,1898779,23965893470,12380,12300,12510,130,1.05,12620,240,1.94,12300,12860,1400-9-1,2021-11-22
387,تنوين,تامين سرمايه نوين,433,6253935,33430754770,5320,5330,5340,20,0.38,5350,30,0.56,5110,5440,1400-9-1,2021-11-22
388,بهپاك,صنعتي بهپاك,431,4198436,24605227479,5889,5807,5810,-79,-1.34,5861,-28,-0.48,5750,6100,1400-9-1,2021-11-22
389,فباهنر,مس‌ شهيدباهنر,430,616392,15538150470,24920,25680,25050,130,0.52,25090,170,0.68,25010,25680,1400-9-1,2021-11-22
390,فالوم,آلومتك‌,425,1654630,44998297920,26454,27000,27247,793,3,27195,741,2.8,27000,27247,1400-9-1,2021-11-22
391,قصفها,قنداصفهان‌,424,288220,25291373490,84990,83100,87000,2010,2.36,87750,2760,3.25,83100,88730,1400-9-1,2021-11-22
392,حپترو,حمل و نقل پتروشيمي( سهامي عام,422,630544,15214139280,23240,23510,24400,1160,4.99,24130,890,3.83,23350,24400,1400-9-1,2021-11-22
393,غفارس,شير پاستوريزه پگاه فارس,421,2378341,16197486327,6766,6997,6840,74,1.09,6810,44,0.65,6700,6997,1400-9-1,2021-11-22
394,پاسا,ايران‌ياساتايرورابر,419,1319316,19091684150,14430,14800,14480,50,0.35,14470,40,0.28,14160,14800,1400-9-1,2021-11-22
395,اپرداز,آتيه داده پرداز,419,1392348,37472174382,26881,26881,26900,19,0.07,26913,32,0.12,26001,27270,1400-9-1,2021-11-22
396,تسه9911,امتياز تسهيلات مسكن بهمن99,414,6338,5188126186,828361,830000,793000,-35361,-4.27,818575,-9786,-1.18,792000,841000,1400-9-1,2021-11-22
397,پكرمان,گروه‌ صنعتي‌ بارز,414,1266492,28973093530,23080,22950,22430,-650,-2.82,22880,-200,-0.87,22340,23200,1400-9-1,2021-11-22
398,حتوكا,حمل‌ونقل‌توكا,412,2094090,29079514980,13240,13850,13660,420,3.17,13890,650,4.91,13560,13900,1400-9-1,2021-11-22
399,زفكا,كشت و دامداري فكا,412,2542094,20448017035,7906,8000,8110,204,2.58,8044,138,1.75,7850,8164,1400-9-1,2021-11-22
400,فولاي,صنايع فولاد آلياژي يزد,411,957890,16523645075,17042,17600,17179,137,0.8,17250,208,1.22,17110,17600,1400-9-1,2021-11-22
401,شنفت,نفت‌ پارس‌,406,2031228,17866117580,8660,8750,8710,50,0.58,8700,40,0.46,8500,8980,1400-9-1,2021-11-22
402,وسپه,سرمايه‌گذاري‌ سپه‌,405,3694995,29904764030,7970,8120,8040,70,0.88,8060,90,1.13,8040,8210,1400-9-1,2021-11-22
403,غگرجي,بيسكويت‌  گرجي‌,405,4696518,10909528515,2329,2389,2305,-24,-1.03,2324,-5,-0.21,2300,2389,1400-9-1,2021-11-22
404,والبر,سرمايه‌ گذاري‌ البرز(هلدينگ‌,399,1910043,16356884710,8600,8540,8500,-100,-1.16,8580,-20,-0.23,8430,8770,1400-9-1,2021-11-22
405,ساينا,صنايع بهداشتي ساينا,398,112855,10597413461,96592,93000,93110,-3482,-3.6,94462,-2130,-2.21,92602,97500,1400-9-1,2021-11-22
406,تسه9910,امتياز تسهيلات مسكن دي99,397,5919,4832928240,830876,820601,800250,-30626,-3.69,816511,-14365,-1.73,789333,834000,1400-9-1,2021-11-22
407,فايرا,آلومينيوم‌ايران‌,396,1749338,29639934960,16760,17400,16890,130,0.78,16840,80,0.48,16810,17400,1400-9-1,2021-11-22
408,فمراد,آلومراد,393,1261331,20286482070,16030,15630,16000,-30,-0.19,16080,50,0.31,15630,16380,1400-9-1,2021-11-22
409,كگهر,سنگ آهن گهرزمين,391,1266442,59750306041,47191,47500,46357,-834,-1.77,47185,-6,-0.01,45060,48000,1400-9-1,2021-11-22
410,سكه0012پ01,تمام سكه طرح جديد0012رفاه,390,121100,151464692600,1242422,1247996,1257000,14578,1.17,1250741,8319,0.67,1243900,1258189,1400-9-1,2021-11-22
411,خديزل,بهمن  ديزل,388,668056,37404974423,55293,56806,57000,1707,3.09,55991,698,1.26,52802,57380,1400-9-1,2021-11-22
412,كاسپين,داروسازي كاسپين تامين,385,1089207,28941572471,25439,25600,26170,731,2.87,26571,1132,4.45,25600,26710,1400-9-1,2021-11-22
413,فولاژ,فولاد آلياژي ايران,384,855344,13713264420,16300,16020,15900,-400,-2.45,16250,-50,-0.31,15900,16400,1400-9-1,2021-11-22
414,شپارس,بين‌ المللي‌ محصولات‌  پارس‌,381,974129,7661004370,7730,7610,7910,180,2.33,7800,70,0.91,7610,8000,1400-9-1,2021-11-22
415,بايكا,كارخانجات كابلسازي ‌ايران‌,380,1055742,20835937279,19252,19820,19829,577,3,19736,484,2.51,18675,19829,1400-9-1,2021-11-22
416,خبازرس,بازرسي مهندسي و صنعتي ايران,376,602404,14345153894,24286,24286,24199,-87,-0.36,23813,-473,-1.95,23558,24700,1400-9-1,2021-11-22
417,فنورد,نوردوقطعات‌ فولادي‌,376,156055,30191104530,192810,201900,192000,-810,-0.42,193460,650,0.34,192000,201900,1400-9-1,2021-11-22
418,غديس,پاكديس,375,1141303,13768764539,11879,11880,12020,141,1.19,12040,161,1.36,11880,12196,1400-9-1,2021-11-22
419,دشيمي,شيمي‌ داروئي‌ داروپخش‌,375,1266868,31579650140,24670,25290,25050,380,1.54,24930,260,1.05,24600,25340,1400-9-1,2021-11-22
420,پرديس,سرمايه گذاري پرديس,372,2216603,7830344904,3443,3580,3510,67,1.95,3490,47,1.37,3460,3580,1400-9-1,2021-11-22
421,سخاش,سيمان‌خاش‌,368,126048,12128885070,94950,95870,95590,640,0.67,96040,1090,1.15,94750,98500,1400-9-1,2021-11-22
422,سدور,سيمان‌ دورود,368,1737545,11526953990,6620,6440,6570,-50,-0.76,6630,10,0.15,6440,6830,1400-9-1,2021-11-22
423,غچين,كشت‌ و صنعت‌ چين‌ چين,368,846165,11194707970,13220,13480,13330,110,0.83,13230,10,0.08,12940,13480,1400-9-1,2021-11-22
424,تكمبا,كمباين‌ سازي‌ ايران‌,363,2993775,13654547351,4600,4615,4500,-100,-2.17,4563,-37,-0.8,4490,4690,1400-9-1,2021-11-22
425,رنيك,جنرال مكانيك,362,757594,9525894811,12391,12440,12422,31,0.25,12504,113,0.91,12360,12847,1400-9-1,2021-11-22
426,ولصنم,ليزينگ‌صنعت‌ومعدن‌,360,2716732,12779256342,4694,4838,4600,-94,-2,4703,9,0.19,4540,4850,1400-9-1,2021-11-22
427,چفيبر,فيبر ايران‌,359,2472196,16526457290,6710,6710,6670,-40,-0.6,6680,-30,-0.45,6580,6850,1400-9-1,2021-11-22
428,شپاكسا,پاكسان‌,357,787821,14356661090,17960,18300,18000,40,0.22,18210,250,1.39,18000,18480,1400-9-1,2021-11-22
429,وسبحان,سرمايه گذاري سبحان,356,17829242,54147407954,2893,3037,3037,144,4.98,3037,144,4.98,3037,3037,1400-9-1,2021-11-22
430,غپآذر,شير پگاه آذربايجان شرقي,354,350176,11161870343,32280,32261,32140,-140,-0.43,31965,-315,-0.98,31251,32414,1400-9-1,2021-11-22
431,واميد,گروه مديريت سرمايه گذاري اميد,351,3811095,50526965600,13050,13110,13200,150,1.15,13140,90,0.69,13100,13330,1400-9-1,2021-11-22
432,زعف0110پ10,زعفران0110نگين طلاي سرخ(پ),349,595879,201880993657,336584,355099,349999,13415,3.99,338795,2211,0.66,335500,355099,1400-9-1,2021-11-22
433,البرز,بيمه البرز,349,6099230,13061589415,2114,2089,2150,36,1.7,2129,15,0.71,2089,2179,1400-9-1,2021-11-22
434,فوكا,فولاد كاويان,348,7585836,127442044800,16311,16800,16800,489,3,16800,489,3,16800,16800,1400-9-1,2021-11-22
435,كگاز,شيشه‌ و گاز,347,1256085,21744275090,17390,16570,17190,-200,-1.15,17310,-80,-0.46,16570,17600,1400-9-1,2021-11-22
436,اعتلا,شركت سرمايه گذاري اعتلاء البرز,345,2677729,11131346900,4153,4040,4185,32,0.77,4156,3,0.07,4040,4225,1400-9-1,2021-11-22
437,كاردان,صندوق س تجارت شاخصي كاردان,344,96703,19065933940,192380,196180,197380,5000,2.6,197160,4780,2.48,194620,198710,1400-9-1,2021-11-22
438,كپشير,پشم‌شيشه‌ايران‌,341,776342,9504696660,12060,12350,12300,240,1.99,12170,110,0.91,12120,12390,1400-9-1,2021-11-22
439,ومعلم,بيمه معلم,341,5031515,11762065307,2250,2262,2362,112,4.98,2321,71,3.16,2260,2362,1400-9-1,2021-11-22
440,كامياب,صندوق س. كامياب آشنا-د,340,2891495,31580222847,10914,10923,10920,6,0.05,10922,8,0.07,10919,10924,1400-9-1,2021-11-22
441,شرانل,نفت ايرانول,339,285214,13429858636,47575,46559,47150,-425,-0.89,47401,-174,-0.37,46559,47650,1400-9-1,2021-11-22
442,تسه9909,امتياز تسهيلات مسكن آذر99,337,3966,3260690707,829041,835000,821000,-8041,-0.97,822161,-6880,-0.83,787589,835010,1400-9-1,2021-11-22
443,ضصاد1113,اختيارخ وبصادر-2000-1400/11/06,337,14648,2980407000,190,217,199,9,4.74,203,13,6.84,191,220,1400-9-1,2021-11-22
444,ولراز,ليزينگ رازي,336,956663,21962506470,22302,22840,22960,658,2.95,22957,655,2.94,22000,22971,1400-9-1,2021-11-22
445,ثپرديس,سرمايه گذاري مسكن پرديس,336,2243806,10577889732,4722,4723,4650,-72,-1.52,4717,-5,-0.11,4604,4830,1400-9-1,2021-11-22
446,فنوال,نورد آلومينيوم‌,336,443803,10146591710,22290,22940,22640,350,1.57,22680,390,1.75,22610,23220,1400-9-1,2021-11-22
447,مداران,داده‌پردازي‌ايران‌,335,1048551,16747777770,15320,15780,16080,760,4.96,15960,640,4.18,15600,16080,1400-9-1,2021-11-22
448,شپاس,نفت پاسارگاد,335,562842,9628648876,17431,16900,17010,-421,-2.42,17241,-190,-1.09,16900,17489,1400-9-1,2021-11-22
449,شراز,پالايش نفت شيراز,335,355676,42877171791,116548,119900,120000,3452,2.96,120012,3464,2.97,116207,122375,1400-9-1,2021-11-22
450,سنير,سيمان‌ سفيد ني‌ريز,334,373488,15453793310,43540,41370,41370,-2170,-4.98,41380,-2160,-4.96,41370,42500,1400-9-1,2021-11-22
451,آبين,كشت و صنعت آبشيرين,332,5900064,11304095229,1971,1972,1912,-59,-2.99,1916,-55,-2.79,1912,2015,1400-9-1,2021-11-22
452,آساميد,صندوق س.مشترك آسمان اميد -د,332,7990900,107594025241,13460,13463,13466,6,0.04,13465,5,0.04,13462,13469,1400-9-1,2021-11-22
453,كفرآور,فرآورده هاي سيمان شرق,328,1529851,29142806958,18501,18970,19056,555,3,19049,548,2.96,18820,19056,1400-9-1,2021-11-22
454,وصنا,گروه‌صنايع‌بهشهرايران‌,327,2118529,13197267530,6170,6300,6200,30,0.49,6220,50,0.81,6180,6360,1400-9-1,2021-11-22
455,سكارون,سيمان كارون,327,260922,14659210466,57643,57000,56100,-1543,-2.68,56182,-1461,-2.53,55914,57600,1400-9-1,2021-11-22
456,چافست,افست‌,326,1071986,9967203320,9320,9460,9130,-190,-2.04,9310,-10,-0.11,9120,9620,1400-9-1,2021-11-22
457,غنوش,نوش‌ مازندران‌,325,4199666,56107537760,12730,13360,13360,630,4.95,13360,630,4.95,13360,13360,1400-9-1,2021-11-22
458,فسا,پتروشيمي فسا,323,4218968,4691013702,1121,1147,1110,-11,-0.98,1117,-4,-0.36,1090,1147,1400-9-1,2021-11-22
459,ضصاد1114,اختيارخ وبصادر-2500-1400/11/06,322,18189,1464713000,77,61,72,-5,-6.49,81,4,5.19,61,100,1400-9-1,2021-11-22
460,كاذر,فرآورده‌هاي‌نسوزآذر,321,810601,12214601340,14650,14610,15180,530,3.62,14970,320,2.18,14610,15260,1400-9-1,2021-11-22
461,فخاس,فولاد خراسان,321,456839,10832196710,24180,23680,23900,-280,-1.16,24130,-50,-0.21,23110,24000,1400-9-1,2021-11-22
462,پلاسك,پلاسكوكار,320,1872659,9014828333,4708,4730,4750,42,0.89,4773,65,1.38,4716,4929,1400-9-1,2021-11-22
463,گشان,توسعه بين المللي پديده شانديز,316,854503,19531375071,22192,22857,22857,665,3,22857,665,3,22857,22857,1400-9-1,2021-11-22
464,نوين,بيمه نوين,315,4448579,18035107133,3999,3931,4051,52,1.3,4054,55,1.38,3931,4100,1400-9-1,2021-11-22
465,كاريس,صندوق س.سپهر كاريزما-س,314,1116986,14959137993,13183,13370,13595,412,3.13,13392,209,1.59,13224,13699,1400-9-1,2021-11-22
466,سرچشمه,سرمايه گذاري مس سرچشمه,313,2258922,13821850603,6099,6100,6148,49,0.8,6117,18,0.3,6095,6185,1400-9-1,2021-11-22
467,وخاور,بانك خاورميانه,311,7410439,38717201870,5230,5100,5170,-60,-1.15,5230,0,0,5100,5290,1400-9-1,2021-11-22
468,سكرد,سيمان كردستان,309,1853232,9047669300,4970,4780,4890,-80,-1.61,4910,-60,-1.21,4750,5000,1400-9-1,2021-11-22
469,خپويش,سازه‌ پويش‌,307,140048,11473086320,82120,78310,81740,-380,-0.46,81960,-160,-0.19,78310,86000,1400-9-1,2021-11-22
470,غشان,شيرپاستوريزه‌پگاه‌خراسان‌,305,1722691,8262356660,4766,4750,4839,73,1.53,4783,17,0.36,4740,4849,1400-9-1,2021-11-22
471,ميدكو,توسعه معادن وص.معدني خاورميانه,304,3393146,156928824760,46240,46250,46250,10,0.02,46250,10,0.02,46240,46350,1400-9-1,2021-11-22
472,دامين,داروسازي‌ امين‌,304,3233997,9287951915,2820,2920,2899,79,2.8,2852,32,1.13,2799,2920,1400-9-1,2021-11-22
473,كلوند,كاشي‌ الوند,301,396559,9181453990,22520,23350,22970,450,2,22910,390,1.73,22750,23350,1400-9-1,2021-11-22
474,كفرا,فراورده‌ هاي‌ نسوزايران‌,301,593901,10870890060,18530,18400,18100,-430,-2.32,18360,-170,-0.92,17640,19200,1400-9-1,2021-11-22
475,آكورد,صندوق س. آرمان آتي كوثر-د,299,3793477,134040076577,35318,35334,35334,16,0.05,35334,16,0.05,35334,35340,1400-9-1,2021-11-22
476,واعتبار,سرمايه گذاري اعتبار ايران,298,1800883,12352939220,6860,7040,6620,-240,-3.5,6860,0,0,6600,7140,1400-9-1,2021-11-22
477,غگلستا,شير پاستوريزه پگاه گلستان,296,704904,8153933530,11265,11770,11500,235,2.09,11431,166,1.47,11352,11770,1400-9-1,2021-11-22
478,زشريف,كشت وصنعت شريف آباد,290,2037360,6860518370,3330,3373,3359,29,0.87,3347,17,0.51,3320,3444,1400-9-1,2021-11-22
479,داوه,داروسازي آوه سينا,290,766058,8706926758,11303,10981,11429,126,1.11,11340,37,0.33,10981,11658,1400-9-1,2021-11-22
480,زشگزا,شير و گوشت زاگرس شهركرد,288,2948219,14879175272,5002,4885,5109,107,2.14,5047,45,0.9,4885,5137,1400-9-1,2021-11-22
481,خودكفا,اقتصادي و خودكفايي آزادگان,288,2023557,20144509935,10262,9955,9955,-307,-2.99,10055,-207,-2.02,9955,9955,1400-9-1,2021-11-22
482,سيستم,همكاران سيستم,288,1005938,4949508250,4980,5010,4840,-140,-2.81,4960,-20,-0.4,4810,5060,1400-9-1,2021-11-22
483,زبينا,كشاورزي و دامپروري بينالود,288,3865950,8688586113,2182,2130,2265,83,3.8,2220,38,1.74,2130,2280,1400-9-1,2021-11-22
484,تسه9907,امتياز تسهيلات مسكن مهر99,286,3953,3228935743,840384,820000,801000,-39384,-4.69,816832,-23552,-2.8,800111,834980,1400-9-1,2021-11-22
485,كسرا,سراميك‌هاي‌صنعتي‌اردكان‌,286,3636306,57498833550,15070,15790,15820,750,4.98,15810,740,4.91,15700,15820,1400-9-1,2021-11-22
486,نمرينو,ايران‌ مرينوس‌,283,118783,9730903000,81100,84400,81880,780,0.96,81620,520,0.64,79820,84430,1400-9-1,2021-11-22
487,تسه9810,امتياز تسهيلات مسكن دي98,279,6534,5322932980,827411,810010,790001,-37410,-4.52,814651,-12760,-1.54,786558,839787,1400-9-1,2021-11-22
488,واحيا,م .صنايع و معادن احياء سپاهان,278,190373,27497751423,144105,147900,144230,125,0.09,144265,160,0.11,144000,147900,1400-9-1,2021-11-22
489,توريل,توكاريل,275,1250757,14410614763,11263,11822,11584,321,2.85,11516,253,2.25,11200,11822,1400-9-1,2021-11-22
490,درازك,دارويي‌ رازك‌,274,383696,13883811860,35150,35990,36610,1460,4.15,36090,940,2.67,35450,36740,1400-9-1,2021-11-22
491,ثشرق,سرمايه گذاري مسكن شمال شرق,274,2100096,9459779240,4389,4480,4510,121,2.76,4459,70,1.59,4422,4566,1400-9-1,2021-11-22
492,تسه0008,امتيازتسهيلات مسكن آبان1400,273,7073,5640864591,839316,797400,797351,-41965,-5,797521,-41795,-4.98,797351,804995,1400-9-1,2021-11-22
493,ثمسكن,سرمايه‌گذاري‌ مسكن‌,272,3635008,14695441538,3984,4050,4036,52,1.31,4042,58,1.46,3990,4096,1400-9-1,2021-11-22
494,مبين,مبين انرژي خليج فارس,272,1124443,27337228040,23470,24620,24170,700,2.98,23660,190,0.81,23950,24640,1400-9-1,2021-11-22
495,لابسا,آبسال‌,270,316543,10264862830,31500,32830,32670,1170,3.71,32110,610,1.94,32000,32850,1400-9-1,2021-11-22
496,وزمين,بانك ايران زمين,268,1273877,14109692943,11159,10790,10713,-446,-4,11093,-66,-0.59,10713,11570,1400-9-1,2021-11-22
497,لخزر,پارس‌ خزر,265,70427,9884665320,138690,137000,139610,920,0.66,139750,1060,0.76,137000,144600,1400-9-1,2021-11-22
498,غبهنوش,بهنوش‌ ايران‌,264,486299,31867898210,62810,64980,65950,3140,5,65530,2720,4.33,62850,65950,1400-9-1,2021-11-22
499,وآرين,شركت توسعه اقتصادي آرين,263,5188721,10956231674,2055,2025,2116,61,2.97,2112,57,2.77,2025,2116,1400-9-1,2021-11-22
500,رتكو,كنترل‌خوردگي‌تكين‌كو,262,865433,6830067210,8020,7990,7770,-250,-3.12,7960,-60,-0.75,7720,8100,1400-9-1,2021-11-22
501,دپارس,پارس‌ دارو,262,417359,13467133510,32260,32410,32490,230,0.71,32270,10,0.03,31490,33870,1400-9-1,2021-11-22
502,اميد,تامين سرمايه اميد,260,1650379,12049845390,7270,7340,7270,0,0,7280,10,0.14,7270,7430,1400-9-1,2021-11-22
503,افرا,افرانت,256,487195,8071672738,16455,17140,16250,-205,-1.25,16518,63,0.38,16068,17140,1400-9-1,2021-11-22
504,تكنو,تكنوتار,255,1493751,14203216650,9540,9300,9530,-10,-0.1,9510,-30,-0.31,9300,9780,1400-9-1,2021-11-22
505,ضستا1004,اختيارخ شستا-12000-1400/10/29,254,2406,2871470000,682,990,1370,688,100.88,1193,511,74.93,990,1390,1400-9-1,2021-11-22
506,فاما,صنعتي‌ آما,253,812901,16570880210,19990,19250,20430,440,2.2,20380,390,1.95,19250,20610,1400-9-1,2021-11-22
507,غشوكوح,ح . شوكو پارس,253,909559,4565178824,4893,4775,5039,146,2.98,5019,126,2.58,4775,5039,1400-9-1,2021-11-22
508,شرنگي,شيميايي رنگين,248,73963,10973068536,149555,148300,146420,-3135,-2.1,148359,-1196,-0.8,145102,151980,1400-9-1,2021-11-22
509,نيرو,نيرو سرمايه,248,452958,16760988609,37856,38300,36721,-1135,-3,37003,-853,-2.25,36721,38300,1400-9-1,2021-11-22
510,سصوفي,سيمان‌ صوفيان‌,247,605131,9288421470,15100,15200,15300,200,1.32,15260,160,1.06,15200,15690,1400-9-1,2021-11-22
511,دكپسول,توليد ژلاتين كپسول ايران,247,279060,8781032763,31024,32100,31510,486,1.57,31280,256,0.83,30819,32100,1400-9-1,2021-11-22
512,دارو,كارخانجات‌داروپخش‌,247,441341,13084435480,28450,29300,29560,1110,3.9,29330,880,3.09,29260,29870,1400-9-1,2021-11-22
513,ثغرب,شركت سرمايه گذاري مسكن شمالغرب,241,2069945,9037080054,4333,4250,4405,72,1.66,4353,20,0.46,4250,4415,1400-9-1,2021-11-22
514,بخاور,بيمه زندگي خاورميانه,241,1841870,7658376860,4010,4205,4100,90,2.24,4083,73,1.82,4011,4208,1400-9-1,2021-11-22
515,سمازن,سيمان‌مازندران‌,240,1018848,13695478880,13440,13590,13440,0,0,13440,0,0,13290,13750,1400-9-1,2021-11-22
516,زعف0008پ10,زعفران0008نگين طلاي سرخ(پ),240,160022,44487552308,272685,286659,279999,7314,2.68,278009,5324,1.95,266000,286659,1400-9-1,2021-11-22
517,ولبهمن,شركت بهمن ليزينگ,240,2061726,14528410184,6851,7189,6912,61,0.89,7038,187,2.73,6853,7192,1400-9-1,2021-11-22
518,وارس,سرمايه گذاري ارس صبا,239,2178733,25781484748,11496,11786,11656,160,1.39,11833,337,2.93,11511,11840,1400-9-1,2021-11-22
519,خاهنح,ح . آهنگري تراكتورسازي‌ ايران‌,239,1983624,7285846928,3632,3620,3642,10,0.28,3673,41,1.13,3620,3720,1400-9-1,2021-11-22
520,دسبحان,سبحان دارو,238,613213,9555337790,15460,15340,15470,10,0.06,15540,80,0.52,15070,16050,1400-9-1,2021-11-22
521,شگل,گلتاش‌,237,946884,6618689280,6900,7000,6970,70,1.01,6940,40,0.58,6860,7170,1400-9-1,2021-11-22
522,كشرق,صنعتي و معدني شمال شرق شاهرود,236,116604,9495649882,80030,82465,80531,501,0.63,80871,841,1.05,80288,82520,1400-9-1,2021-11-22
523,وايرا,سرمايه گذاري صنايع ايران,234,1437569,6725254698,4765,4660,4624,-141,-2.96,4704,-61,-1.28,4623,4754,1400-9-1,2021-11-22
524,ددام,داروسازي زاگرس فارمد پارس,232,661953,6874784030,10220,10320,10260,40,0.39,10300,80,0.78,10250,10490,1400-9-1,2021-11-22
525,واتي,سرمايه‌ گذاري‌ آتيه‌ دماوند,228,1260843,12731785160,10130,10130,10140,10,0.1,10110,-20,-0.2,10000,10310,1400-9-1,2021-11-22
526,كحافظ,كاشي‌ وسراميك‌ حافظ‌,222,1654643,6224646534,3696,3560,3810,114,3.08,3723,27,0.73,3560,3847,1400-9-1,2021-11-22
527,اتكام,بيمه اتكايي امين,221,4264593,17271713543,3971,3889,4099,128,3.22,4050,79,1.99,3889,4110,1400-9-1,2021-11-22
528,تسه9902,امتياز تسهيلات مسكن ارديبهشت99,220,3213,2614888100,834570,802325,800000,-34570,-4.14,813846,-20724,-2.48,792842,840000,1400-9-1,2021-11-22
529,فافزا,فولاد افزا سپاهان,220,153003,6079446376,40387,41560,39400,-987,-2.44,39989,-398,-0.99,39180,41579,1400-9-1,2021-11-22
530,سفانو,سيمان فارس نو,219,274962,7190465600,26590,26890,26000,-590,-2.22,26370,-220,-0.83,25870,27200,1400-9-1,2021-11-22
531,جم,پتروشيمي جم,217,516909,25265729850,48370,47610,49000,630,1.3,48500,130,0.27,47610,49050,1400-9-1,2021-11-22
532,تسه9904,امتياز تسهيلات مسكن تير99,217,3249,2651881148,834627,811200,792896,-41731,-5,816215,-18412,-2.21,792896,837000,1400-9-1,2021-11-22
533,عيار,صندوق سكه طلاي مفيد,217,202312,6412502894,31550,31880,31828,278,0.88,31696,146,0.46,31500,31880,1400-9-1,2021-11-22
534,سباقر,سيمان باقران,216,584724,8356949370,14187,14609,14121,-66,-0.47,14279,92,0.65,14023,14611,1400-9-1,2021-11-22
535,سفار,سيمان‌فارس‌,215,117322,6669721340,56990,59090,57230,240,0.42,56920,-70,-0.12,55060,59090,1400-9-1,2021-11-22
536,ضشنا1050,اختيارخ شپنا-7629-1400/10/19,215,6757,4482339820,436,400,309,-127,-29.13,362,-74,-16.97,300,430,1400-9-1,2021-11-22
537,لوتوسح,ح . تامين سرمايه لوتوس پارسيان,214,2370718,10163040480,4278,4301,4310,32,0.75,4287,9,0.21,4250,4312,1400-9-1,2021-11-22
538,فبيرا,بسته‌ بندي‌ ايران‌,214,2899395,5163580134,1734,1778,1786,52,3,1757,23,1.33,1740,1786,1400-9-1,2021-11-22
539,بساما,بيمه سامان,213,2651948,57681422742,21775,22500,21650,-125,-0.57,21751,-24,-0.11,21310,22500,1400-9-1,2021-11-22
540,وسنا,سرمايه گذاري نيروگاهي ايران,213,1184488,13642215510,11843,11492,11488,-355,-3,11564,-279,-2.36,11488,11999,1400-9-1,2021-11-22
541,بسويچ,پارس‌سويچ‌,210,285566,4911306260,17180,17700,17160,-20,-0.12,17190,10,0.06,16840,17900,1400-9-1,2021-11-22
542,دالبر,البرزدارو,209,553827,6978924810,12410,12500,12450,40,0.32,12500,90,0.73,12400,12800,1400-9-1,2021-11-22
543,سخوز,سيمان خوزستان,208,305451,7184135880,23840,23300,23310,-530,-2.22,23690,-150,-0.63,23300,23980,1400-9-1,2021-11-22
544,شوينده,مديريت صنعت شوينده ت.ص.بهشهر,203,321971,6661098390,20580,20220,20460,-120,-0.58,20630,50,0.24,20220,21400,1400-9-1,2021-11-22
545,غشاذر,پگاه‌آذربايجان‌غربي‌,203,1427854,8246745150,5640,5760,5790,150,2.66,5710,70,1.24,5570,5880,1400-9-1,2021-11-22
546,پرداخت,به پرداخت ملت,203,539191,7270722770,13540,13410,13410,-130,-0.96,13520,-20,-0.15,13260,13820,1400-9-1,2021-11-22
547,اوان,مبين وان كيش,202,290156,6764901137,23538,23204,23150,-388,-1.65,23434,-104,-0.44,22820,24307,1400-9-1,2021-11-22
548,ساراب,سيمان‌ داراب‌,202,887055,13446962610,15160,15350,15170,10,0.07,15160,0,0,15110,15400,1400-9-1,2021-11-22
549,كصدف,كاشي صدف سرام استقلال آباده,200,633581,13155191605,21395,20754,20754,-641,-3,20763,-632,-2.95,20754,21080,1400-9-1,2021-11-22
550,پسهند,صنايع‌ لاستيكي‌  سهند,199,968129,23860494650,23580,23750,24750,1170,4.96,24650,1070,4.54,23750,24750,1400-9-1,2021-11-22
551,سرود,سيمان‌شاهرود,199,312019,7042831610,23000,22130,22750,-250,-1.09,22780,-220,-0.96,22120,23550,1400-9-1,2021-11-22
552,زعف0110پ11,زعفران0110نگين سحرخيز(پ),199,158573,55723646558,342277,354998,345001,2724,0.8,351407,9130,2.67,338193,355099,1400-9-1,2021-11-22
553,دكيمي,كيميدارو,199,698553,14303259580,19850,18900,20200,350,1.76,20440,590,2.97,18900,20840,1400-9-1,2021-11-22
554,تسه9906,امتياز تسهيلات مسكن شهريور99,197,3101,2515941377,832242,835000,790630,-41612,-5,811332,-20910,-2.51,790630,835000,1400-9-1,2021-11-22
555,سقاين,سيمان‌ قائن‌,195,129747,6384304470,49700,48620,49450,-250,-0.5,49490,-210,-0.42,48620,51540,1400-9-1,2021-11-22
556,ولتجار,واسپاري تجارت وسرمايه ايرانيان,193,1649836,4953856025,3074,3100,2982,-92,-2.99,3037,-37,-1.2,2982,3100,1400-9-1,2021-11-22
557,فپنتا,سپنتا,192,11360,5088544130,440170,459100,444150,3980,0.9,442840,2670,0.61,444020,459100,1400-9-1,2021-11-22
558,سپ,پرداخت الكترونيك سامان كيش,192,369253,11441359900,30540,29940,31370,830,2.72,30620,80,0.26,29940,31380,1400-9-1,2021-11-22
559,دسبحا,گروه دارويي سبحان,191,474940,8856876470,18630,17820,19000,370,1.99,18640,10,0.05,17820,19200,1400-9-1,2021-11-22
560,مارون,پتروشيمي مارون,185,45003,7977689836,181490,179800,175230,-6260,-3.45,181145,-345,-0.19,175000,179967,1400-9-1,2021-11-22
561,سخزر,سيمان‌ خزر,185,496884,9636364400,19150,19440,19540,390,2.04,19300,150,0.78,19150,19750,1400-9-1,2021-11-22
562,سدشت,صنايع سيمان دشتستان,185,101254,3131685370,31860,30380,30690,-1170,-3.67,31660,-200,-0.63,30300,31720,1400-9-1,2021-11-22
563,بنيرو,نيروترانس‌,183,2221409,4459867078,1988,2048,1994,6,0.3,1994,6,0.3,1990,2048,1400-9-1,2021-11-22
564,زمگسا,كشاورزي‌ ودامپروي‌ مگسال‌,183,384156,7091567700,18520,18150,18280,-240,-1.3,18490,-30,-0.16,18010,19150,1400-9-1,2021-11-22
565,قشهد,شهد,179,364397,5528879980,15410,15220,15170,-240,-1.56,15320,-90,-0.58,14930,15370,1400-9-1,2021-11-22
566,داريوش,صندوق س. ثروت داريوش -س,179,2579237,25302536456,9758,9800,9830,72,0.74,9810,52,0.53,9755,9897,1400-9-1,2021-11-22
567,ثجوان,تامين مسكن جوانان,178,1013422,5229008310,5318,5159,5159,-159,-2.99,5231,-87,-1.64,5159,5198,1400-9-1,2021-11-22
568,قهكمت,قندهكمتان‌,176,1203634,5969127640,4970,4930,4910,-60,-1.21,4970,0,0,4890,5070,1400-9-1,2021-11-22
569,كقزوي,شيشه‌ قزوين‌,176,705765,5941008362,8381,8630,8499,118,1.41,8402,21,0.25,8382,8630,1400-9-1,2021-11-22
570,غشهد,شهد ايران ‌,175,860417,3814886946,4488,4450,4460,-28,-0.62,4474,-14,-0.31,4400,4599,1400-9-1,2021-11-22
571,وتوسم,سرمايه‌گذاري‌توسعه‌ملي‌,174,717341,5875916650,8140,8250,8250,110,1.35,8160,20,0.25,8120,8260,1400-9-1,2021-11-22
572,ركيش,كارت اعتباري ايران كيش,173,1209449,7121217710,5900,6070,5900,0,0,5890,-10,-0.17,5700,6070,1400-9-1,2021-11-22
573,جم پيلن,پلي پروپيلن جم - جم پيلن,171,349534,42111856320,114750,120480,120480,5730,4.99,117250,2500,2.18,120480,120480,1400-9-1,2021-11-22
574,لبوتان,گروه‌صنعتي‌بوتان‌,171,125032,5343335430,42760,44000,42980,220,0.51,42750,-10,-0.02,42500,44000,1400-9-1,2021-11-22
575,تصميم,صندوق س با درآمد ثابت تصميم,171,1532369,27632914954,18021,18034,18031,10,0.06,18033,12,0.07,18031,18034,1400-9-1,2021-11-22
576,تسه9905,امتياز تسهيلات مسكن مرداد99,170,3144,2635740360,843054,830000,870000,26946,3.2,838340,-4714,-0.56,801001,875000,1400-9-1,2021-11-22
577,تماوند,تامين سرمايه دماوند,169,1816698,10459761879,5645,5701,5646,1,0.02,5718,73,1.29,5645,5814,1400-9-1,2021-11-22
578,غپونه,نوش پونه مشهد,168,485770,6359340846,12912,12889,13250,338,2.62,13026,114,0.88,12580,13299,1400-9-1,2021-11-22
579,فردا,صندوق س آواي فرداي زاگرس-ثابت,167,4306566,51062347983,11850,11856,11857,7,0.06,11857,7,0.06,11856,11858,1400-9-1,2021-11-22
580,كي بي سي,شركت كي بي سي,166,405416,7862205459,19192,19000,19500,308,1.6,19296,104,0.54,18300,20000,1400-9-1,2021-11-22
581,دفارا,داروسازي‌ فارابي‌,166,210599,3084643640,14660,15140,14650,-10,-0.07,14660,0,0,14340,15140,1400-9-1,2021-11-22
582,هجرت,پخش هجرت,165,288498,8506704914,28965,28700,29072,107,0.37,29255,290,1,28700,30000,1400-9-1,2021-11-22
583,فن آوا,گروه فن آوا,164,409535,9953414721,23686,23900,24396,710,3,24273,587,2.48,23900,24396,1400-9-1,2021-11-22
584,وكادو,تكادو,163,345507,5509023294,15843,16318,16000,157,0.99,15899,56,0.35,15452,16318,1400-9-1,2021-11-22
585,سشمال,سيمان‌ شمال‌,163,675595,5447707980,8080,8080,8020,-60,-0.74,8070,-10,-0.12,7960,8160,1400-9-1,2021-11-22
586,كخاك,صنايع‌خاك‌چيني‌ايران‌,159,163476,4752668300,28390,28260,28900,510,1.8,28580,190,0.67,27580,29490,1400-9-1,2021-11-22
587,حخزر,كشتيراني درياي خزر,158,345453,5457132154,16070,15600,15979,-91,-0.57,15966,-104,-0.65,15600,16449,1400-9-1,2021-11-22
588,تسه9903,امتياز تسهيلات مسكن خرداد99,156,1199,990781672,837731,879617,805000,-32731,-3.91,826340,-11391,-1.36,795845,879617,1400-9-1,2021-11-22
589,فلات,گروه صنايع معادن فلات ايرانيان,154,310138,3862961334,12379,12200,12178,-201,-1.62,12409,30,0.24,12170,12750,1400-9-1,2021-11-22
590,قمرو,قند مرودشت‌,150,241326,5985382590,24420,24150,24830,410,1.68,24570,150,0.61,23750,25500,1400-9-1,2021-11-22
591,دحاوي,الحاوي,149,833743,3926962953,4724,4604,4660,-64,-1.35,4718,-6,-0.13,4600,4789,1400-9-1,2021-11-22
592,شكبير,پتروشيمي اميركبير,149,144225,14198704455,97555,96700,99114,1559,1.6,97681,126,0.13,96700,99356,1400-9-1,2021-11-22
593,كپرور,فرآوري زغال سنگ پروده طبس,149,208747,6314432006,30215,29310,30300,85,0.28,30230,15,0.05,29310,31420,1400-9-1,2021-11-22
594,غگلپا,شير پاستوريزه پگاه گلپايگان,149,71575,3552323567,49007,49400,49800,793,1.62,49156,149,0.3,49101,50490,1400-9-1,2021-11-22
595,گوهرانح,ح . س. توسعه گوهران اميد,148,16438797,57568209940,3644,3640,3508,-136,-3.73,3502,-142,-3.9,3500,3640,1400-9-1,2021-11-22
596,ثامان,سامان‌ گستراصفهان‌,146,359328,3578900910,9920,9560,9840,-80,-0.81,9930,10,0.1,9560,10210,1400-9-1,2021-11-22
597,لوتوس,تامين سرمايه لوتوس پارسيان,143,932158,5309127130,5700,5600,5700,0,0,5700,0,0,5600,5800,1400-9-1,2021-11-22
598,ضملت1133,اختيارخ وبملت-3000-1400/11/13,142,5340,3675052000,442,599,650,208,47.06,688,246,55.66,599,750,1400-9-1,2021-11-22
599,حسينا,توسعه خدمات دريايي وبندري سينا,141,145794,6510523082,44279,45710,44700,421,0.95,44442,163,0.37,43334,45710,1400-9-1,2021-11-22
600,بميلا,توسعه بازرگاني آهن وفولادميلاد,141,916941,7505964013,7975,7975,8214,239,3,8137,162,2.03,7975,8214,1400-9-1,2021-11-22
601,سپاس,صندوق س. پاداش سهامداري-ثابت,141,3692708,37274933167,10083,10099,10097,14,0.14,10094,11,0.11,10093,10100,1400-9-1,2021-11-22
602,گوهر,صندوق سكه طلاي كيان,140,63030,3930581070,62127,64900,62408,281,0.45,62360,233,0.38,62124,64900,1400-9-1,2021-11-22
603,درهآور,دارويي ره آورد تامين,139,411533,8929788970,20666,21699,21699,1033,5,21252,586,2.84,21690,21699,1400-9-1,2021-11-22
604,بمپنا,توليد برق عسلويه  مپنا,137,993563,5220707428,5279,5210,5151,-128,-2.42,5271,-8,-0.15,5111,5400,1400-9-1,2021-11-22
605,اخزا002,اسنادخزانه-م2بودجه00-031024,136,65607,32697515445,499962,499961,498800,-1162,-0.23,498385,-1577,-0.32,496201,499961,1400-9-1,2021-11-22
606,فيروزه,صندوق شاخص30 شركت فيروزه- سهام,134,58556,10268078740,172810,175780,175900,3090,1.79,175350,2540,1.47,173830,176200,1400-9-1,2021-11-22
607,تشتاد,صنايع توليدي اشتاد ايران‌,133,726913,3741747759,5211,5060,5056,-155,-2.97,5186,-25,-0.48,5055,5335,1400-9-1,2021-11-22
608,زعف0008پ20,زعفران0008نگين وحدت جام(پ),133,564066,159949637633,271609,286640,271000,-609,-0.22,283565,11956,4.4,259359,286659,1400-9-1,2021-11-22
609,ويسا,سرمايه گذاري ايساتيس پويا,132,4247851,31710207715,7248,7465,7465,217,2.99,7465,217,2.99,7465,7465,1400-9-1,2021-11-22
610,وآفري,بيمه كارآفرين,132,2830598,10273271835,3554,3660,3610,56,1.58,3610,56,1.58,3450,3660,1400-9-1,2021-11-22
611,گوهران,سرمايه گذاري توسعه گوهران اميد,130,662047,3384774677,5084,5000,5095,11,0.22,5090,6,0.12,5000,5187,1400-9-1,2021-11-22
612,پلوله,گازلوله‌,129,231723,6843016969,29297,29000,29480,183,0.62,29456,159,0.54,29000,30150,1400-9-1,2021-11-22
613,زر,صندوق س.پشتوانه سكه طلاي زر,127,44601,2440892879,54420,55995,54998,578,1.06,54727,307,0.56,54341,55995,1400-9-1,2021-11-22
614,دفرا,فرآورده‌هاي‌ تزريقي‌ ايران‌,127,166379,4636578950,27940,27200,27800,-140,-0.5,27920,-20,-0.07,27100,28430,1400-9-1,2021-11-22
615,تسه9811,امتياز تسهيلات مسكن بهمن98,126,1697,1397104419,828128,820000,807000,-21128,-2.55,823279,-4849,-0.59,787007,859990,1400-9-1,2021-11-22
616,قزوين,كارخانجات‌ قند قزوين‌,121,167048,4789034500,29030,29090,28700,-330,-1.14,28910,-120,-0.41,28170,29090,1400-9-1,2021-11-22
617,سيدكو,سرمايه گذاري توسعه صنايع سيمان,121,695743,4199278350,6120,6050,6030,-90,-1.47,6100,-20,-0.33,5930,6220,1400-9-1,2021-11-22
618,سهگمت,سيمان‌هگمتان‌,120,196711,4500966180,23010,23000,22510,-500,-2.17,22970,-40,-0.17,22510,23220,1400-9-1,2021-11-22
619,سهرمز,سيمان‌هرمزگان‌,119,151858,2251630680,14780,14940,14590,-190,-1.29,14790,10,0.07,14520,15000,1400-9-1,2021-11-22
620,وملل,اعتباري ملل,118,1083527,10887078256,9965,10463,10000,35,0.35,9987,22,0.22,9965,10463,1400-9-1,2021-11-22
621,اخزا910,اسنادخزانه-م10بودجه99-020807,117,209459,136644594785,651838,652000,652000,162,0.02,652369,531,0.08,643600,653002,1400-9-1,2021-11-22
622,تسه9809,امتياز تسهيلات مسكن آذر98,117,1836,1495249785,826332,830000,788000,-38332,-4.64,814406,-11926,-1.44,785335,830000,1400-9-1,2021-11-22
623,اوصتا,صندوق انديشه ورزان صباتامين -د,116,4514560,92979465111,20585,20599,20596,11,0.05,20595,10,0.05,20595,20599,1400-9-1,2021-11-22
624,تسه9812,امتياز تسهيلات مسكن اسفند98,116,1984,1639204677,833911,810000,800000,-33911,-4.07,826212,-7699,-0.92,800000,840000,1400-9-1,2021-11-22
625,زعف0008پ05,زعفران0008نگين زرين(پ),115,61481,17031042007,273934,282000,281689,7755,2.83,277013,3079,1.12,259400,286659,1400-9-1,2021-11-22
626,كيان2,صندوق س. با درآمد ثابت كيان,115,11500000,11500000,31664,1,1,-31663,-100,1,-31663,-100,1,1,1400-9-1,2021-11-22
627,زرين,صندوق س. سهام زرين كوروش-س,115,354408,4720836250,13053,13249,13379,326,2.5,13320,267,2.05,13150,13490,1400-9-1,2021-11-22
628,قجام,فرآوردههاي غذايي وقندتربت‌جام‌,111,837261,5718909827,6967,6967,6828,-139,-2,6830,-137,-1.97,6828,6967,1400-9-1,2021-11-22
629,سكرما,سيمان‌ كرمان‌,110,292494,4238903440,14580,14800,14200,-380,-2.61,14560,-20,-0.14,14200,14800,1400-9-1,2021-11-22
630,شاملا,معدني‌ املاح‌  ايران‌,109,163046,4974126950,30010,30550,30210,200,0.67,30170,160,0.53,30000,31090,1400-9-1,2021-11-22
631,ما,بيمه  ما,108,510125,3094009270,6010,6140,6050,40,0.67,6020,10,0.17,6030,6150,1400-9-1,2021-11-22
632,ضستا1005,اختيارخ شستا-14000-1400/10/29,108,1971,928992000,300,400,545,245,81.67,471,171,57,400,598,1400-9-1,2021-11-22
633,والبرح,ح . سرمايه گذاري‌البرز(هلدينگ‌,107,1000000,7020113450,7140,7300,7000,-140,-1.96,7020,-120,-1.68,7000,7300,1400-9-1,2021-11-22
634,تسه9901,امتياز تسهيلات مسكن فروردين99,107,1147,949668495,835107,827000,814900,-20207,-2.42,827959,-7148,-0.86,814900,834999,1400-9-1,2021-11-22
635,وبازار,صندوق س شاخصي بازارآشنا,106,288299,3667723870,12530,12790,12710,180,1.44,12720,190,1.52,12660,12810,1400-9-1,2021-11-22
636,بالبر,كابل‌ البرز,102,288725,6845669750,22590,23710,23710,1120,4.96,23080,490,2.17,23710,23710,1400-9-1,2021-11-22
637,آساس,صندوق س.آسمان آرماني سهام-س,101,51121,8808980197,169184,172999,172332,3148,1.86,172316,3132,1.85,170600,173295,1400-9-1,2021-11-22
638,سپيدما,صندوق س. سپيد دماوند-د,101,3310494,37786795412,11410,11414,11415,5,0.04,11414,4,0.04,11414,11415,1400-9-1,2021-11-22
639,زكشت,كشاورزي مكانيزه اصفهان كشت,98,226093,6132546532,28551,27124,27124,-1427,-5,27986,-565,-1.98,27124,27124,1400-9-1,2021-11-22
640,ثاصفا,شركت‌ ساختمان‌ اصفهان‌,98,292970,3152650170,11093,10761,10761,-332,-2.99,10971,-122,-1.1,10761,10761,1400-9-1,2021-11-22
641,دقاضي,داروسازي شهيد قاضي,98,134558,3924650573,29389,29930,29120,-269,-0.92,29301,-88,-0.3,28700,29931,1400-9-1,2021-11-22
642,وتوشه,سرمايه‌ گذاري‌ پارس‌ توشه‌,98,739588,4449386750,5940,6150,5940,0,0,5960,20,0.34,5930,6150,1400-9-1,2021-11-22
643,ماني,صندوق س. با درآمد ثابت ماني,96,1598425,16798472739,10505,10509,10510,5,0.05,10509,4,0.04,10509,10510,1400-9-1,2021-11-22
644,فيروزا,صندوق بادرآمد ثابت فيروزه آسيا,95,1151261,29703708791,25795,25800,25800,5,0.02,25801,6,0.02,25733,25895,1400-9-1,2021-11-22
645,زعف0008پ11,زعفران0008نگين سحرخيز(پ),95,237299,66908455133,273940,286659,281000,7060,2.58,281958,8018,2.93,276000,286659,1400-9-1,2021-11-22
646,وتعاون,بيمه  تعاون,94,943077,1610930421,1738,1739,1723,-15,-0.86,1733,-5,-0.29,1690,1749,1400-9-1,2021-11-22
647,فباهنرح,ح . مس‌ شهيدباهنر,93,298720,6814919850,23000,23000,22500,-500,-2.17,22810,-190,-0.83,22500,23000,1400-9-1,2021-11-22
648,وآتوس,س.آرين توسكا قيمت اسمي 350ريال,93,128097,3243870064,25777,25004,25004,-773,-3,25583,-194,-0.75,25004,26219,1400-9-1,2021-11-22
649,اخزا006,اسنادخزانه-م6بودجه00-030723,92,484282,254597568137,527119,529980,526500,-619,-0.12,525722,-1397,-0.27,520001,529980,1400-9-1,2021-11-22
650,معيار ,سرمايه گذاري معيار صنعت پارس,90,186905,9008481967,47310,48729,48600,1290,2.73,48114,804,1.7,46232,48729,1400-9-1,2021-11-22
651,ساروج,بين المللي ساروج بوشهر,89,979632,16139851443,16934,17103,16426,-508,-3,16475,-459,-2.71,16426,17103,1400-9-1,2021-11-22
652,سبجنو,سيمان‌ بجنورد,88,71217,2601587830,36610,36660,36800,190,0.52,36600,-10,-0.03,36210,37180,1400-9-1,2021-11-22
653,شكام,صنايع شيميايي كيمياگران امروز,88,1211127,41513800179,32645,34277,34277,1632,5,34277,1632,5,34277,34277,1400-9-1,2021-11-22
654,زعف0110پ20,زعفران0110نگين وحدت جام(پ),87,17702,6173283485,341964,355098,342000,36,0.01,348734,6770,1.98,338190,355099,1400-9-1,2021-11-22
655,قنقش,قند نقش جهان,86,50079,5931807471,116127,118449,118449,2322,2,118218,2091,1.8,118449,118449,1400-9-1,2021-11-22
656,ضپال2007,اختيارخ اپال-32000-1401/02/12,85,1575,581637000,349,346,353,4,1.15,369,20,5.73,346,401,1400-9-1,2021-11-22
657,ضملت1135,اختيارخ وبملت-4000-1400/11/13,85,4022,678469000,141,222,170,29,20.57,169,28,19.86,160,231,1400-9-1,2021-11-22
658,دسينا,داروسازي‌ سينا,83,112471,2379834100,21180,20410,21300,120,0.57,21180,0,0,20410,21640,1400-9-1,2021-11-22
659,فجام,جام‌دارو,80,1408059,5927928390,4010,4210,4210,200,4.99,4100,90,2.24,4210,4210,1400-9-1,2021-11-22
660,ثتوسا,س.توسعه و عمران استان اردبيل,78,220619,3415402739,15959,15481,15481,-478,-3,15739,-220,-1.38,15481,15481,1400-9-1,2021-11-22
661,دارا,صندوق س. دارا الگوريتم-د,78,1624295,16133203027,10059,9949,9920,-139,-1.38,9932,-127,-1.26,9910,9949,1400-9-1,2021-11-22
662,ضجار1020,اختيارخ وتجارت-1600-1400/10/15,78,1913,904797000,390,330,470,80,20.51,473,83,21.28,330,500,1400-9-1,2021-11-22
663,اخزا001,اسنادخزانه-م1بودجه00-030821,77,121192,62681618793,518643,519450,518500,-143,-0.03,517209,-1434,-0.28,515002,519450,1400-9-1,2021-11-22
664,زعف0008پ08,زعفران0008نگين روستا(پ),76,36567,10296922725,272863,286000,271500,-1363,-0.5,281591,8728,3.2,259359,286659,1400-9-1,2021-11-22
665,حگردش,ريل گردش ايرانيان,76,914771,3810935986,4294,4166,4166,-128,-2.98,4242,-52,-1.21,4166,4166,1400-9-1,2021-11-22
666,الماس,صندوق س.امين تدبيرگران فردا-س,75,13108,1427163214,108077,109700,107655,-422,-0.39,108877,800,0.74,107602,109999,1400-9-1,2021-11-22
667,پارسيان,بيمه پارسيان,74,570132,5317275970,9380,9500,9390,10,0.11,9360,-20,-0.21,9200,9500,1400-9-1,2021-11-22
668,خاتم,صندوق س خاتم ايساتيس پويا-ثابت,74,1242463,15339133159,12339,12345,12346,7,0.06,12346,7,0.06,12345,12347,1400-9-1,2021-11-22
669,افق ملت,صندوق س در سهام افق ملت,71,19931,2875796010,143760,144020,144000,240,0.17,144290,530,0.37,143510,145350,1400-9-1,2021-11-22
670,وپخش,داروپخش‌ (هلدينگ‌,71,87663,2811503040,31600,32500,32470,870,2.75,31630,30,0.09,31340,32500,1400-9-1,2021-11-22
671,اخزا008,اسنادخزانه-م8بودجه00-030919,68,228534,116229334229,509948,508155,509000,-948,-0.19,508587,-1361,-0.27,506116,509999,1400-9-1,2021-11-22
672,ثبات,صندوق س. ثبات ويستا -د,67,2209067,23047572571,10427,10433,10435,8,0.08,10433,6,0.06,10432,10435,1400-9-1,2021-11-22
673,كهربا,صندوق س.پشتوانه سكه طلا كهربا,64,1045311,11207599810,10700,10789,10853,153,1.43,10722,22,0.21,10700,10877,1400-9-1,2021-11-22
674,اخزا901,اسنادخزانه-م1بودجه99-010621,64,39337,32988254436,836999,836135,838300,1301,0.16,838606,1607,0.19,836135,840000,1400-9-1,2021-11-22
675,شستان,پتروشيمي گلستان,64,1004320,3611705520,3546,3616,3605,59,1.66,3581,35,0.99,3491,3616,1400-9-1,2021-11-22
676,اخزا816,اسنادخزانه-م16بودجه98-010503,63,70948,61261130171,864000,864500,864999,999,0.12,863465,-535,-0.06,862754,864999,1400-9-1,2021-11-22
677,بالاس,مهندسي ساختمان تاسيسات راه آهن,62,102210,3284007300,30600,32130,32130,1530,5,30911,311,1.02,32130,32130,1400-9-1,2021-11-22
678,وليز,ليزينگ‌ايران‌,61,633895,1579666340,2623,2492,2492,-131,-4.99,2608,-15,-0.57,2492,2492,1400-9-1,2021-11-22
679,سلار,شركت سيمان لارستان,61,115700,3374630637,30063,29162,29162,-901,-3,29739,-324,-1.08,29162,29240,1400-9-1,2021-11-22
680,قپيرا,فرآورده‌هاي‌غدايي‌وقندپيرانشهر,61,236493,1792228670,7730,7530,7600,-130,-1.68,7710,-20,-0.26,7530,7770,1400-9-1,2021-11-22
681,كارا,صندوق س. كارا -د,60,1068302,10945333272,10239,10244,10247,8,0.08,10246,7,0.07,10244,10247,1400-9-1,2021-11-22
682,ارمغان,ص سرمايه گذاري ارمغان ايرانيان,58,466978,4706975601,10074,10087,10085,11,0.11,10080,6,0.06,10079,10087,1400-9-1,2021-11-22
683,شساخت,مهندسي و ساختمان صنايع نفت,56,166260,7325220312,43746,43010,44250,504,1.15,43798,52,0.12,43010,44500,1400-9-1,2021-11-22
684,آتيمس,صندوق س.آرمان آتيه درخشان مس-س,55,9123,1705277491,184508,187010,188000,3492,1.89,186921,2413,1.31,185710,188500,1400-9-1,2021-11-22
685,زعف0110پ18,زعفران0110نگين بهرامن(پ),55,18475,6482266293,342689,355098,339999,-2690,-0.78,350867,8178,2.39,321281,355099,1400-9-1,2021-11-22
686,تابا,تابان نيرو سپاهان,54,44926,1189775258,27302,26483,26483,-819,-3,27183,-119,-0.44,26483,26483,1400-9-1,2021-11-22
687,وجامي,سرمايه گذاري جامي,54,139683,1060752702,7828,7594,7594,-234,-2.99,7802,-26,-0.33,7594,7594,1400-9-1,2021-11-22
688,اخزا917,اسنادخزانه-م17بودجه99-010226,52,238033,214172506019,899698,892066,900990,1292,0.14,899760,62,0.01,892066,900990,1400-9-1,2021-11-22
689,زعف0110پ05,زعفران0110نگين زرين(پ),52,19118,6761066671,342581,355099,350000,7419,2.17,353649,11068,3.23,345000,355099,1400-9-1,2021-11-22
690,ضبدر1163,اختيارخ شبندر-6000-1400/11/13,52,1907,2318304000,941,1199,1218,277,29.44,1216,275,29.22,1199,1250,1400-9-1,2021-11-22
691,سكه0111پ05,تمام سكه طرح جديد0111آينده,51,17200,21515078300,1241367,1246800,1253400,12033,0.97,1250877,9510,0.77,1243000,1260000,1400-9-1,2021-11-22
692,جهرم,پتروشيمي جهرم,51,815697,1060406100,1368,1300,1300,-68,-4.97,1360,-8,-0.58,1300,1300,1400-9-1,2021-11-22
693,سكه0011پ02,تمام سكه طرح جديد0011ملت,51,35400,44647699800,1242985,1240000,1270000,27015,2.17,1261234,18249,1.47,1240000,1270000,1400-9-1,2021-11-22
694,ضبدر1164,اختيارخ شبندر-7000-1400/11/13,51,2599,1682395000,567,600,640,73,12.87,647,80,14.11,600,750,1400-9-1,2021-11-22
695,سمتاز,سيمان ممتازان كرمان,50,139583,2058555259,14763,14907,14800,37,0.25,14760,-3,-0.02,14630,14909,1400-9-1,2021-11-22
696,سكه0012پ04,تمام سكه طرح جديد0012صادرات,50,18300,22796214700,1241546,1247000,1254498,12952,1.04,1245695,4149,0.33,1243000,1255000,1400-9-1,2021-11-22
697,ثزاگرس,سرمايه گذاري توسعه عمران زاگرس,48,237538,8722632898,34973,36721,36721,1748,5,36394,1421,4.06,36721,36721,1400-9-1,2021-11-22
698,زعف0008پ16,زعفران0008نگين بيرجند(پ),46,14350,3968785410,273702,280010,271000,-2702,-0.99,276570,2868,1.05,259359,286659,1400-9-1,2021-11-22
699,سخواف,سيمان مجد خواف,46,77985,576231165,7777,7389,7389,-388,-4.99,7753,-24,-0.31,7389,7389,1400-9-1,2021-11-22
700,آكورد2,صندوق س. آرمان آتي كوثر-د,45,4500000,4500000,35318,1,1,-35317,-100,1,-35317,-100,1,1,1400-9-1,2021-11-22
701,اخزا903,اسنادخزانه-م3بودجه99-011110,45,26457,20393718937,770089,770215,770825,736,0.1,770825,736,0.1,770215,771001,1400-9-1,2021-11-22
702,مدير2,ص.س.مديريت ثروت ص.بازنشستگي-س,44,4400000,4400000,9872,1,1,-9871,-99.99,1,-9871,-99.99,1,1,1400-9-1,2021-11-22
703,زعف0008پ15,زعفران0008پوشالمعمول طلاسرخ(پ),44,8502,2068922978,249714,236740,240000,-9714,-3.89,243345,-6369,-2.55,236740,260000,1400-9-1,2021-11-22
704,اخزا902,اسنادخزانه-م2بودجه99-011019,43,105063,82071262643,780379,780540,782000,1621,0.21,781162,783,0.1,780540,782000,1400-9-1,2021-11-22
705,پلاست,كارخانجات توليدي پلاستيران,42,244875,2082172125,8099,8503,8503,404,4.99,8179,80,0.99,8503,8503,1400-9-1,2021-11-22
706,ضفلا1163,اختيارخ فولاد-10000-1400/11/24,40,310,726402000,2068,2400,2210,142,6.87,2343,275,13.3,2155,2650,1400-9-1,2021-11-22
707,شتوكا,توكا رنگ فولاد سپاهان,39,347324,4517643268,12388,13007,13007,619,5,12559,171,1.38,13007,13007,1400-9-1,2021-11-22
708,سكه0112پ03,تمام سكه طرح جديد0112سامان,39,6500,8125041600,1241816,1250000,1256000,14184,1.14,1250006,8190,0.66,1242000,1256000,1400-9-1,2021-11-22
709,اخزا005,اسنادخزانه-م5بودجه00-030626,38,232151,123905224776,536439,532809,534000,-2439,-0.45,533727,-2712,-0.51,532802,535000,1400-9-1,2021-11-22
710,ضملت1134,اختيارخ وبملت-3500-1400/11/13,36,600,224165000,250,320,330,80,32,374,124,49.6,320,450,1400-9-1,2021-11-22
711,ضستا1003,اختيارخ شستا-10000-1400/10/29,36,315,938584000,1866,3000,3006,1140,61.09,2980,1114,59.7,402,3050,1400-9-1,2021-11-22
712,ضترا1133,اختيارخ شتران-4411-1400/11/10,35,1343,1886726619,553,600,620,67,12.12,620,67,12.12,550,700,1400-9-1,2021-11-22
713,اخزا905,اسنادخزانه-م5بودجه99-020218,34,42650,30959870297,725112,728000,725903,791,0.11,725905,793,0.11,725903,728000,1400-9-1,2021-11-22
714,صنوين,صندوق سرمايه‌گذاري صنوين-مختلط,34,9124,909227990,98210,100400,99030,820,0.83,99650,1440,1.47,98360,100450,1400-9-1,2021-11-22
715,زعف0008پ18,زعفران0008نگين بهرامن(پ),33,45090,12446397900,273940,286659,275818,1878,0.69,276035,2095,0.76,270000,286659,1400-9-1,2021-11-22
716,غبهار,كشت وصنعت بهاران گلبهار خراسان,31,122081,2171332666,18336,17786,17786,-550,-3,18219,-117,-0.64,17786,17786,1400-9-1,2021-11-22
717,اخزا007,اسنادخزانه-م7بودجه00-030912,30,127325,64970262354,511588,510555,510000,-1588,-0.31,510271,-1317,-0.26,509556,511001,1400-9-1,2021-11-22
718,ضترا1135,اختيارخ شتران-6176-1400/11/10,30,387,94087301,93,119,91,-2,-2.15,107,14,15.05,91,119,1400-9-1,2021-11-22
719,ضصاد1111,اختيارخ وبصادر-1600-1400/11/06,29,410,184537000,363,440,458,95,26.17,450,87,23.97,420,475,1400-9-1,2021-11-22
720,دمعيار,صندوق س. توازن معيار-د,29,807773,8079904762,10032,10005,10010,-22,-0.22,10003,-29,-0.29,9999,10010,1400-9-1,2021-11-22
721,اخزا911,اسنادخزانه-م11بودجه99-020906,29,145707,93184131959,640580,639200,639200,-1380,-0.22,639531,-1049,-0.16,638889,641100,1400-9-1,2021-11-22
722,فنرژي,گسترش صنايع انرژي آذرآب,28,47607,572759817,12532,12031,12031,-501,-4,12472,-60,-0.48,12031,12031,1400-9-1,2021-11-22
723,كهرام,توليدي گرانيت بهسرام,28,100245,8994783360,91559,89728,89728,-1831,-2,89728,-1831,-2,89728,89728,1400-9-1,2021-11-22
724,اخزا909,اسنادخزانه-م9بودجه99-020316,28,158207,112982576969,713963,713002,713101,-862,-0.12,714144,181,0.03,713001,715000,1400-9-1,2021-11-22
725,سپرمي,پرميت‌,27,187135,2078695580,10891,11108,11108,217,1.99,11108,217,1.99,11108,11108,1400-9-1,2021-11-22
726,اخزا811,اسنادخزانه-م11بودجه98-001013,27,7633,7440340442,973976,974000,975001,1025,0.11,974760,784,0.08,973820,975999,1400-9-1,2021-11-22
727,اخزا908,اسنادخزانه-م8بودجه99-020606,26,146224,99028832320,675926,670001,674442,-1484,-0.22,677241,1315,0.19,670001,679999,1400-9-1,2021-11-22
728,زعف0008پ12,زعفران0008پوشالمعمول سحرخيز(پ),25,4509,1132041181,248537,250000,250000,1463,0.59,251063,2526,1.02,240000,261659,1400-9-1,2021-11-22
729,فراز,صندوق س.سهام فراز داريك-س,25,23961,339942845,14186,14187,14187,1,0.01,14187,1,0.01,14187,14190,1400-9-1,2021-11-22
730,اخزا918,اسنادخزانه-م18بودجه99-010323,25,56274,49786815724,884418,879515,884003,-415,-0.05,884721,303,0.03,879515,886500,1400-9-1,2021-11-22
731,اطلس2,صندوق س.توسعه اندوخته آينده-س,25,250000,250000,245536,1,1,-245535,-100,1,-245535,-100,1,1,1400-9-1,2021-11-22
732,داريك,صندوق س.اعتماد داريك-د,25,160393,1908546446,11893,11899,11899,6,0.05,11899,6,0.05,11899,11900,1400-9-1,2021-11-22
733,اخزا914,اسنادخزانه-م14بودجه99-021025,24,74628,46530936814,623529,623500,623000,-529,-0.08,623505,-24,0,621667,624000,1400-9-1,2021-11-22
734,برن0104پ01,برنج طارم0104تجارت مازندران(پ),24,2639,1179020000,444573,444000,448000,3427,0.77,446768,2195,0.49,444000,450000,1400-9-1,2021-11-22
735,آسام,صندوق س.آرمان سپهر آشنا-م,23,19560,2349729140,119721,120000,120944,1223,1.02,120129,408,0.34,120000,121000,1400-9-1,2021-11-22
736,تمحركه,ماشين سازي نيرو محركه,23,211876,4148108328,20183,19578,19578,-605,-3,19924,-259,-1.28,19578,19578,1400-9-1,2021-11-22
737,سايرا,ايرانيت‌,23,75000,2452725000,33370,32703,32703,-667,-2,33025,-345,-1.03,32703,32703,1400-9-1,2021-11-22
738,اخزا814,اسنادخزانه-م14بودجه98-010318,23,9253,8230393508,889838,889000,889810,-28,0,889484,-354,-0.04,889000,889850,1400-9-1,2021-11-22
739,ضپاس1012,اختيارخ وپارس-2500-1400/10/22,23,1181,176261000,150,150,150,0,0,149,-1,-0.67,139,155,1400-9-1,2021-11-22
740,اخزا817,اسنادخزانه-م17بودجه98-010512,22,150513,129267939239,858938,860000,858400,-538,-0.06,858849,-89,-0.01,858300,860000,1400-9-1,2021-11-22
741,تكنار,مجتمع معادن مس تكنار,22,164375,9549036875,56401,58093,58093,1692,3,57885,1484,2.63,58093,58093,1400-9-1,2021-11-22
742,اخزا003,اسنادخزانه-م3بودجه00-030418,22,50600,28241046102,559246,558000,557500,-1746,-0.31,558123,-1123,-0.2,557111,558556,1400-9-1,2021-11-22
743,اخزا810,اسنادخزانه-م10بودجه98-001006,21,2139,2093725798,978243,979000,978301,58,0.01,978834,591,0.06,978300,983000,1400-9-1,2021-11-22
744,گنجين,صندوق س. گنجينه يكم آويد-د,21,399643,5673097402,14193,14205,14200,7,0.05,14195,2,0.01,14195,14205,1400-9-1,2021-11-22
745,ضملت1131,اختيارخ وبملت-2000-1400/11/13,21,153,221670000,1254,1420,1450,196,15.63,1449,195,15.55,1320,1600,1400-9-1,2021-11-22
746,ضپيك1031,اختيارخ تاپيكو-14000-00/10/15,21,310,449386000,1339,1450,1410,71,5.3,1450,111,8.29,1410,1500,1400-9-1,2021-11-22
747,اخزا815,اسنادخزانه-م15بودجه98-010406,21,12100,10620475631,876725,877602,878001,1276,0.15,877725,1000,0.11,877602,878501,1400-9-1,2021-11-22
748,كبورس,كارگزاران بورس اوراق بهادار,20,2000000,25815000000,13410,13410,12740,-670,-5,13230,-180,-1.34,12740,13410,1400-9-1,2021-11-22
749,ثروتم,صندوق س. ثروت آفرين پارسيان-س,19,22150,1932672530,86055,86440,87310,1255,1.46,87254,1199,1.39,86440,87599,1400-9-1,2021-11-22
750,ضغدر1132,اختيارخ وغدير-14000-1400/11/20,18,528,1321400000,2368,2500,2550,182,7.69,2503,135,5.7,2500,2550,1400-9-1,2021-11-22
751,بذر,صندوق س بذر اميد آفرين-سهام,18,4317,423821200,96830,98050,98050,1220,1.26,98170,1340,1.38,98050,99250,1400-9-1,2021-11-22
752,وسخوز,شركت س استان خوزستان,18,1390751,841404355,636,605,605,-31,-4.87,636,0,0,605,605,1400-9-1,2021-11-22
753,اخزا812,اسنادخزانه-م12بودجه98-001111,18,39435,37829963386,958973,959300,960500,1527,0.16,959299,326,0.03,958552,960500,1400-9-1,2021-11-22
754,نگين,ص.س. زمين و ساختمان نگين شهرري,18,722,37571620,51980,52990,52700,720,1.39,52040,60,0.12,51940,52990,1400-9-1,2021-11-22
755,اراد50,مرابحه عام دولت5-ش.خ0302,17,206800,206800005000,1000001,1000000,1000001,0,0,1000000,-1,0,1000000,1000001,1400-9-1,2021-11-22
756,ضپاس1011,اختيارخ وپارس-2000-1400/10/22,17,410,164730000,341,420,393,52,15.25,402,61,17.89,393,430,1400-9-1,2021-11-22
757,سخند,صندوق س.سپهرخبرگان نفت-د,15,264000,2661193920,10074,10079,10079,5,0.05,10080,6,0.06,10079,10118,1400-9-1,2021-11-22
758,ضستا1001,اختيارخ شستا-8000-1400/10/29,15,171,809700000,2500,4800,4600,2100,84,4735,2235,89.4,4600,4890,1400-9-1,2021-11-22
759,سي تيپ2ن17,گواهي سيمان تيپ2ماهان كرمان(ن),15,467000,2238798000,4794,4794,4794,0,0,4794,0,0,4794,4794,1400-9-1,2021-11-22
760,اخزا004,اسنادخزانه-م4بودجه00-030522,15,53887,29423006175,547754,546222,546000,-1754,-0.32,546013,-1741,-0.32,545555,546225,1400-9-1,2021-11-22
761,ضفلا1164,اختيارخ فولاد-12000-1400/11/24,15,267,287118000,1022,1080,1040,18,1.76,1075,53,5.19,1020,1090,1400-9-1,2021-11-22
762,زعف0110پ21,زعفران0110نگين ملل(پ),14,7621,2636357157,341819,350001,351000,9181,2.69,345933,4114,1.2,339938,355000,1400-9-1,2021-11-22
763,دشيري,شيرين دارو,14,3114,393344910,130221,126315,126315,-3906,-3,130061,-160,-0.12,126315,126315,1400-9-1,2021-11-22
764,واحصا,احياء صنايع خراسان,14,21061,988245303,48374,46923,46923,-1451,-3,48224,-150,-0.31,46923,46923,1400-9-1,2021-11-22
765,ضمخا1036,اختيارخ اخابر-8000-1400/10/26,13,158,163090000,872,1000,1000,128,14.68,1032,160,18.35,1000,1100,1400-9-1,2021-11-22
766,اراد61,مرابحه عام دولت61-ش.خ0309,13,85000,85000000000,1000000,1000000,1000000,0,0,1000000,0,0,1000000,1000000,1400-9-1,2021-11-22
767,زعف0008پ19,زعفران0008نگين تروند قاينات(پ),13,5814,1527715159,273629,260002,259359,-14270,-5.22,262765,-10864,-3.97,259359,271000,1400-9-1,2021-11-22
768,اگ010155,گام بانك اقتصاد نوين0101,13,100000,90710394000,907200,906165,907201,1,0,907104,-96,-0.01,906165,907221,1400-9-1,2021-11-22
769,كمينا,شيشه سازي مينا,12,12844,138265660,11097,10765,10765,-332,-2.99,11092,-5,-0.05,10765,10765,1400-9-1,2021-11-22
770,كهربا2,صندوق س.پشتوانه سكه طلا كهربا,11,1100000,1100000,10700,1,1,-10699,-99.99,1,-10699,-99.99,1,1,1400-9-1,2021-11-22
771,ضصاد1112,اختيارخ وبصادر-1800-1400/11/06,11,214,70370000,245,349,330,85,34.69,329,84,34.29,320,349,1400-9-1,2021-11-22
772,اخزا818,اسنادخزانه-م18بودجه98-010614,11,50448,42549128411,842120,841701,843400,1280,0.15,843425,1305,0.15,841701,844400,1400-9-1,2021-11-22
773,سيناد,صندوق س.سپهرسودمند سينا-د,11,116520,1165211000,10046,10000,10001,-45,-0.45,10000,-46,-0.46,10000,10001,1400-9-1,2021-11-22
774,سي تيپ2ن01,گواهي سيمان تيپ 2 فارس(ن),10,305000,1690005000,5380,5541,5541,161,2.99,5380,0,0,5541,5541,1400-9-1,2021-11-22
775,گوهر2,صندوق سكه طلاي كيان,10,100000,100000,62127,1,1,-62126,-100,1,-62126,-100,1,1,1400-9-1,2021-11-22
776,اخزا809,اسنادخزانه-م9بودجه98-000923,10,2151,2123981930,987081,985000,988499,1418,0.14,987439,358,0.04,985000,988499,1400-9-1,2021-11-22
777,زعف0110پ16,زعفران0110نگين بيرجند(پ),10,3171,1114846982,342163,350002,347999,5836,1.71,351576,9413,2.75,340000,355099,1400-9-1,2021-11-22
778,ضترا1134,اختيارخ شتران-5294-1400/11/10,10,212,134841160,250,280,290,40,16,281,31,12.4,280,290,1400-9-1,2021-11-22
779,اراد45,مرابحه عام دولت4-ش.خ 0107,10,20100,19929888800,980740,990940,999000,18260,1.86,991537,10797,1.1,980000,999000,1400-9-1,2021-11-22
780,هكشو208,اختيارف ت پاكشو10000-02/08/29,9,44869,21115423,487,471,470,-17,-3.49,471,-16,-3.29,470,471,1400-9-1,2021-11-22
781,ضمخا1035,اختيارخ اخابر-7000-1400/10/26,9,101,177947000,1300,1400,1630,330,25.38,1762,462,35.54,1400,1850,1400-9-1,2021-11-22
782,زير0103پ01,زيره سبز0103كيميابذر(پ),9,144,132119000,930470,900000,912000,-18470,-1.99,917493,-12977,-1.39,900000,939000,1400-9-1,2021-11-22
783,داراب,پتروشيمي داراب,9,40989,87101625,2236,2125,2125,-111,-4.96,2235,-1,-0.04,2125,2125,1400-9-1,2021-11-22
784,زعف0008پ09,زعفران0008نگين نوين(پ),8,2370,664253909,272176,286659,277000,4824,1.77,280276,8100,2.98,277000,286659,1400-9-1,2021-11-22
785,پارتا,مجتمع‌صنعتي‌آرتاويل‌تاير,8,15824,368904912,24034,23313,23313,-721,-3,24021,-13,-0.05,23313,23313,1400-9-1,2021-11-22
786,پادا,صندوق س.پاداش سرمايه پارس-س,8,1396,153962554,108034,109300,110000,1966,1.82,110288,2254,2.09,109300,110600,1400-9-1,2021-11-22
787,سي تيپ2ن04,گواهي سيمان تيپ2فارس نو(ن),8,355000,1886825000,5161,5315,5315,154,2.98,5161,0,0,5315,5315,1400-9-1,2021-11-22
788,تملي703,تسهيلات مسكن ب. ملي-خرداد97,7,69,35724750,545000,517750,517750,-27250,-5,517750,-27250,-5,517750,517750,1400-9-1,2021-11-22
789,سي تيپ2ن12,گواهي سيمان تيپ2خزر(ن),7,168000,813288000,4794,4841,4841,47,0.98,4794,0,0,4841,4841,1400-9-1,2021-11-22
790,لخانه,لوازم‌ خانگي‌ پارس‌,7,4009,69784663,17945,17407,17407,-538,-3,17941,-4,-0.02,17407,17407,1400-9-1,2021-11-22
791,سي تيپ2ن11,گواهي سيمان تيپ2دورود(ن),7,136000,789616000,5749,5806,5806,57,0.99,5749,0,0,5806,5806,1400-9-1,2021-11-22
792,ضپاس1013,اختيارخ وپارس-3000-1400/10/22,7,462,28280000,51,60,65,14,27.45,61,10,19.61,55,70,1400-9-1,2021-11-22
793,پلاستح,ح.كارخانجات توليدي پلاستيران,7,46892,305595164,6718,6517,6517,-201,-2.99,6517,-201,-2.99,6517,6517,1400-9-1,2021-11-22
794,اراد33,مرابحه عام دولت3-ش.خ 0303,7,4000,3711996200,902100,935000,935000,32900,3.65,927999,25899,2.87,880000,935000,1400-9-1,2021-11-22
795,حرهشا,رهشاد سپاهان (سهامي عام,7,625,62925625,103794,100681,100681,-3113,-3,103768,-26,-0.03,100681,100681,1400-9-1,2021-11-22
796,ديرانح,ح . ‌ايران‌دارو,6,121299,2304681000,11390,19000,19000,7610,66.81,19000,7610,66.81,19000,19000,1400-9-1,2021-11-22
797,سي تيپ2ن02,گواهي سيمان تيپ2صوفيان(ن),6,110000,545930000,4819,4963,4963,144,2.99,4819,0,0,4963,4963,1400-9-1,2021-11-22
798,نهال2,صندوق س. طلاي سرخ نوويرا,6,600000,600000,21221,1,1,-21220,-100,1,-21220,-100,1,1,1400-9-1,2021-11-22
799,ضجار1021,اختيارخ وتجارت-1800-1400/10/15,6,118,45638000,270,310,350,80,29.63,387,117,43.33,310,400,1400-9-1,2021-11-22
800,ضفار1132,اختيارخ فارس-9400-1400/11/06,6,50,97913000,2300,601,2209,-91,-3.96,1958,-342,-14.87,601,2690,1400-9-1,2021-11-22
801,ضجار1019,اختيارخ وتجارت-1400-1400/10/15,6,162,103910000,592,555,640,48,8.11,641,49,8.28,555,644,1400-9-1,2021-11-22
802,اراد874,مرابحه عام دولت87-ش.خ030304,6,90000000,80534520000000,920000,894676,894980,-25020,-2.72,894828,-25172,-2.74,894676,894980,1400-9-1,2021-11-22
803,زعف0110پ09,زعفران0110نگين نوين(پ),5,2165,768246470,342667,321285,355099,12432,3.63,354848,12181,3.55,321285,355099,1400-9-1,2021-11-22
804,اخزا009,اسناد خزانه-م9بودجه00-031101,5,723,360076373,500999,498006,498002,-2997,-0.6,498031,-2968,-0.59,498002,499000,1400-9-1,2021-11-22
805,ثنظام,س. ساختماني نظام مهندسي ايران,5,5610,123711720,22734,22052,22052,-682,-3,22724,-10,-0.04,22052,22052,1400-9-1,2021-11-22
806,اراد62,مرابحه عام دولت62-ش.خ0309,5,53000,53000000000,999999,1000000,1000000,1,0,1000000,1,0,1000000,1000000,1400-9-1,2021-11-22
807,اخزا821,اسنادخزانه-م21بودجه98-020906,5,10077,6448836120,640285,640000,643000,2715,0.42,639956,-329,-0.05,638500,643000,1400-9-1,2021-11-22
808,تملي612,تسهيلات مسكن بانك ملي-اسفند96,5,61,41124699,697620,732501,662739,-34881,-5,674175,-23445,-3.36,662739,732501,1400-9-1,2021-11-22
809,اراد554,مرابحه عام دولت5-ش.خ 0209,4,32346298,29562866802590,940359,913818,914074,-26285,-2.8,913949,-26410,-2.81,913818,914074,1400-9-1,2021-11-22
810,زيتون2,صندوق س زيتون نماد پايا- مختلط,4,620000,620000,9835,1,1,-9834,-99.99,1,-9834,-99.99,1,1,1400-9-1,2021-11-22
811,اراد31,مرابحه عام دولت3-ش.خ 0208,4,84000,78078000000,929400,929500,929500,100,0.01,929500,100,0.01,929500,929500,1400-9-1,2021-11-22
812,طجار1022,اختيارف وتجارت-2000-1400/10/15,4,53,6440000,80,200,120,40,50,122,42,52.5,120,200,1400-9-1,2021-11-22
813,ضترا1132,اختيارخ شتران-3970-1400/11/10,4,27,60159379,899,990,980,81,9.01,983,84,9.34,980,990,1400-9-1,2021-11-22
814,ضفلا1165,اختيارخ فولاد-14000-1400/11/24,4,21,8840000,557,500,424,-133,-23.88,421,-136,-24.42,410,500,1400-9-1,2021-11-22
815,سنوين,سرمايه گذاري اقتصاد نوين,4,7568,51348880,6994,6785,6785,-209,-2.99,6993,-1,-0.01,6785,6785,1400-9-1,2021-11-22
816,اراد864,مرابحه عام دولت86-ش.خ020404,4,72000000,66336726000000,960000,921206,921425,-38575,-4.02,921343,-38657,-4.03,921206,921425,1400-9-1,2021-11-22
817,اراد404,مرابحه عام دولت4-ش.خ 0207,4,16094000,14814753243000,1000000,918769,922300,-77700,-7.77,920514,-79486,-7.95,918722,922300,1400-9-1,2021-11-22
818,سي تيپ2ن07,گواهي سيمان تيپ 2تهران(ن),4,91000,529256000,5647,5816,5816,169,2.99,5647,0,0,5816,5816,1400-9-1,2021-11-22
819,ضملت1136,اختيارخ وبملت-4500-1400/11/13,4,22,2179000,99,99,99,0,0,99,0,0,99,100,1400-9-1,2021-11-22
820,اخزا907,اسنادخزانه-م7بودجه99-020704,4,10458,6953790887,664433,669668,664000,-433,-0.07,664925,492,0.07,663111,669668,1400-9-1,2021-11-22
821,اخزا813,اسنادخزانه-م13بودجه98-010219,4,366,331050407,904547,904501,904518,-29,0,904509,-38,0,904501,904518,1400-9-1,2021-11-22
822,ضپاس1010,اختيارخ وپارس-1800-1400/10/22,4,34,18620000,451,550,530,79,17.52,548,97,21.51,530,550,1400-9-1,2021-11-22
823,ضپال2006,اختيارخ اپال-28000-1401/02/12,3,52,37704000,931,800,852,-79,-8.49,725,-206,-22.13,700,852,1400-9-1,2021-11-22
824,داريوش2,صندوق س. ثروت داريوش -س,3,2400000,2400000,9758,1,1,-9757,-99.99,1,-9757,-99.99,1,1,1400-9-1,2021-11-22
825,اراد314,مرابحه عام دولت3-ش.خ 0208,3,4500000,3994302500000,929400,887433,887677,-41723,-4.49,887623,-41777,-4.5,887433,887677,1400-9-1,2021-11-22
826,ضبدر1162,اختيارخ شبندر-5000-1400/11/13,3,24,54396000,1900,2222,2299,399,21,2266,366,19.26,2220,2299,1400-9-1,2021-11-22
827,افاد614,منفعت دولت6-ش.خاص140109,3,13000000,12538748000000,999999,964431,964600,-35399,-3.54,964519,-35480,-3.55,964431,964600,1400-9-1,2021-11-22
828,اراد644,مرابحه عام دولتي64-ش.خ0111,3,34820000,32703171320000,944500,939452,939000,-5500,-0.58,939206,-5294,-0.56,939000,939452,1400-9-1,2021-11-22
829,زعف0110پ08,زعفران0110نگين روستا(پ),3,600,213059400,342717,355099,355099,12382,3.61,355099,12382,3.61,355099,355099,1400-9-1,2021-11-22
830,ثهام,صندوق س ثروت هامرز-سهام,3,3447,39289335,11311,11305,11398,87,0.77,11398,87,0.77,11305,11440,1400-9-1,2021-11-22
831,آرمان,بيمه آرمان,3,19982,113937364,5878,5702,5702,-176,-2.99,5876,-2,-0.03,5702,5702,1400-9-1,2021-11-22
832,كشم0101پ01,كشمش سبز0101خليل آباد(پ),3,28,18900000,664643,675000,675000,10357,1.56,675000,10357,1.56,675000,675000,1400-9-1,2021-11-22
833,زير0103پ04,زيره سبز0103شركت مينوبذر(پ),3,50,45166665,874905,900000,911111,36206,4.14,903333,28428,3.25,900000,911111,1400-9-1,2021-11-22
834,هنوري102,اختيارف ت نوري59561-01/02/15,3,300,300,1,1,1,0,0,1,0,0,1,1,1400-9-1,2021-11-22
835,ضشنا1047,اختيارخ شپنا-4905-1400/10/19,3,11,49453250,2850,2450,2450,-400,-14.04,2450,-400,-14.04,2450,2450,1400-9-1,2021-11-22
836,اراد364,مرابحه عام دولت3-ش.خ 0104,3,9785600,9451152842400,966200,965383,969170,2970,0.31,965822,-378,-0.04,965383,969170,1400-9-1,2021-11-22
837,زعف0110پ19,زعفران0110نگين تروند قاينات(پ),3,1155,410139345,326392,355099,355099,28707,8.8,355099,28707,8.8,355099,355099,1400-9-1,2021-11-22
838,وسخراج,شركت س استان خراسان جنوبي,3,44008,92460808,2211,2101,2101,-110,-4.98,2211,0,0,2101,2101,1400-9-1,2021-11-22
839,وشمال,س. چشم انداز توسعه شمال,3,781,57263701,76376,73321,73321,-3055,-4,76340,-36,-0.05,73321,73321,1400-9-1,2021-11-22
840,سفارود,كارخانه فارسيت درود,3,1089,17049384,16308,15656,15656,-652,-4,16306,-2,-0.01,15656,15656,1400-9-1,2021-11-22
841,وحافظ,بيمه حافظ,3,43284,401112828,9553,9267,9267,-286,-2.99,9541,-12,-0.13,9267,9267,1400-9-1,2021-11-22
842,ضفلا1167,اختيارخ فولاد-18000-1400/11/24,3,20,3101000,100,121,190,90,90,155,55,55,120,190,1400-9-1,2021-11-22
843,ضغدر1130,اختيارخ وغدير-10000-1400/11/20,2,30,191000000,6200,6300,6400,200,3.23,6367,167,2.69,6300,6400,1400-9-1,2021-11-22
844,اراد854,مرابحه عام دولت85-ش.خ010704,2,31737400,30181283540600,948170,950588,951350,3180,0.34,950969,2799,0.3,950588,951350,1400-9-1,2021-11-22
845,اراد454,مرابحه عام دولت4-ش.خ 0107,2,6316000,6029269390000,980740,954705,954500,-26240,-2.68,954602,-26138,-2.67,954500,954705,1400-9-1,2021-11-22
846,اراد604,مرابحه عام دولتي6-ش.خ0210,2,6600000,6015193800000,935666,911315,911471,-24195,-2.59,911393,-24273,-2.59,911315,911471,1400-9-1,2021-11-22
847,اخزا9164,اسنادخزانه-م16بودجه99-020528,2,58323000,43216866678000,746500,734521,746500,0,0,740992,-5508,-0.74,734521,746500,1400-9-1,2021-11-22
848,افاد844,منفعت دولت8-ش.خاص ساير0205,2,10000000,9427650000000,950000,942094,943436,-6564,-0.69,942765,-7235,-0.76,942094,943436,1400-9-1,2021-11-22
849,كابگن,توليدي و صنعتي آبگينه‌,2,2395,14228695,5883,5941,5941,58,0.99,5883,0,0,5941,5941,1400-9-1,2021-11-22
850,اراد704,مرابحه عام دولت70-ش.خ0112,2,34228000,32031674810000,943750,936065,935600,-8150,-0.86,935832,-7918,-0.84,935600,936065,1400-9-1,2021-11-22
851,اراد544,مرابحه عام دولت5-ش.خ 0109,2,21142000,20043324257000,990000,948067,948000,-42000,-4.24,948033,-41967,-4.24,948000,948067,1400-9-1,2021-11-22
852,شرق1400,مشاركت ليزينگ ايران وشرق140010,2,95,95011955,1005992,999800,1005991,-1,0,1000126,-5866,-0.58,999800,1005991,1400-9-1,2021-11-22
853,سي تيپ2ن06,گواهي سيمان تيپ 2شاهرود(ن),2,27000,130707000,4794,4841,4841,47,0.98,4794,0,0,4841,4841,1400-9-1,2021-11-22
854,دپارسح,ح . پارس‌ دارو,2,315,14175000,45000,45000,45000,0,0,45000,0,0,45000,45000,1400-9-1,2021-11-22
855,ضترا1131,اختيارخ شتران-3529-1400/11/10,2,19,62342500,1350,1400,1450,100,7.41,1447,97,7.19,1400,1450,1400-9-1,2021-11-22
856,اراد494,مرابحه عام دولت4-ش.خ 0206,2,21424000,19810462152000,952506,924871,924500,-28006,-2.94,924685,-27821,-2.92,924500,924871,1400-9-1,2021-11-22
857,اراد534,مرابحه عام دولت5-ش.خ 0207,2,10000000,9215645000000,1000000,921453,921676,-78324,-7.83,921564,-78436,-7.84,921453,921676,1400-9-1,2021-11-22
858,افاد44,منفعت دولتي4-شرايط خاص14010729,2,6000000,5817330000000,999999,969465,969645,-30354,-3.04,969555,-30444,-3.04,969465,969645,1400-9-1,2021-11-22
859,طپاس1011,اختيارف وپارس-2000-1400/10/22,2,10,605000,52,61,60,8,15.38,60,8,15.38,60,61,1400-9-1,2021-11-22
860,اراد584,مرابحه عام دولت5-ش.خ 0110,2,10602000,9999832905000,960000,943405,943000,-17000,-1.77,943202,-16798,-1.75,943000,943405,1400-9-1,2021-11-22
861,هفارس104,اختيارف ت فارس-11832-01/04/12,2,98000,98000,1,1,1,0,0,1,0,0,1,1,1400-9-1,2021-11-22
862,مشير112,مشاركت شهرداري شيراز-3ماهه18%,2,20000,20000000000,1000000,1000000,1000000,0,0,1000000,0,0,1000000,1000000,1400-9-1,2021-11-22
863,ضملت1132,اختيارخ وبملت-2500-1400/11/13,2,20,18000000,802,900,900,98,12.22,900,98,12.22,900,900,1400-9-1,2021-11-22
864,اراد524,مرابحه عام دولت5-ش.خ 0108,2,12666000,12029280180000,1000000,949960,949500,-50500,-5.05,949730,-50270,-5.03,949500,949960,1400-9-1,2021-11-22
865,اراد654,مرابحه عام دولتي65-ش.خ0210,2,6460554,5891934800244,985500,911909,912063,-73437,-7.45,911986,-73514,-7.46,911909,912063,1400-9-1,2021-11-22
866,اراد594,مرابحه عام دولتي5-ش.خ 0309,2,16000000,14292184000000,1000000,893068,893455,-106545,-10.65,893261,-106739,-10.67,893068,893455,1400-9-1,2021-11-22
867,اراد334,مرابحه عام دولت3-ش.خ 0303,2,3194000,2733230366000,902100,855578,855900,-46200,-5.12,855739,-46361,-5.14,855578,855900,1400-9-1,2021-11-22
868,ياقوت2,صندوق س ياقوت آگاه-ثابت,2,112000000,112000000,13617,1,1,-13616,-99.99,1,-13616,-99.99,1,1,1400-9-1,2021-11-22
869,اراد134,مرابحه عام دولت1-ش.خ ساير0206,2,10000000,9395650000000,885000,939440,939690,54690,6.18,939565,54565,6.17,939440,939690,1400-9-1,2021-11-22
870,ضفلا1162,اختيارخ فولاد-9000-1400/11/24,2,2,5950000,2824,3000,2950,126,4.46,2975,151,5.35,2950,3000,1400-9-1,2021-11-22
871,كلر2,كلر پارس,2,3000000,324000000000,109472,108000,108000,-1472,-1.34,108000,-1472,-1.34,108000,108000,1400-9-1,2021-11-22
872,اراد484,مرابحه عام دولت4-ش.خ 0009,2,7108000,7089401918000,1000000,997767,997000,-3000,-0.3,997383,-2617,-0.26,997000,997767,1400-9-1,2021-11-22
873,اراد384,مرابحه عام دولت3-ش.خ 0105,2,2300000,2221258350000,1000000,964143,967386,-32614,-3.26,965764,-34236,-3.42,964143,967386,1400-9-1,2021-11-22
874,ضبدر1165,اختيارخ شبندر-8000-1400/11/13,2,6,2550000,304,450,400,96,31.58,425,121,39.8,400,450,1400-9-1,2021-11-22
875,سي تيپ2ن13,گواهي سيمان تيپ2بجنورد(ن),2,33000,163383000,4902,4951,4951,49,1,4902,0,0,4951,4951,1400-9-1,2021-11-22
876,اخزا9174,اسنادخزانه-م17بودجه99-010226,2,21400000,19242387800000,899698,899454,898900,-798,-0.09,899177,-521,-0.06,898900,899454,1400-9-1,2021-11-22
877,اراد344,مرابحه عام دولت3-ش.خ 0305,2,19586600,16576531312000,1000000,846162,846478,-153522,-15.35,846320,-153680,-15.37,846162,846478,1400-9-1,2021-11-22
878,تملي807,تسهيلات مسكن ب. ملي-مهر98,2,16,8880000,583477,555000,555000,-28477,-4.88,555000,-28477,-4.88,555000,555000,1400-9-1,2021-11-22
879,اراد834,مرابحه عام دولت83-ش.خ041220,2,26000000,22471397000000,1000000,864099,864470,-135530,-13.55,864284,-135716,-13.57,864099,864470,1400-9-1,2021-11-22
880,اراد794,مرابحه عام دولت79-ش.خ010612,2,9571108,9199950002868,974000,961158,961284,-12716,-1.31,961221,-12779,-1.31,961158,961284,1400-9-1,2021-11-22
881,سپر2,صندوق س سپر سرمايه بيدار- ثابت,2,12000000,12000000,13189,1,1,-13188,-99.99,1,-13188,-99.99,1,1,1400-9-1,2021-11-22
882,گكيش,توريستي ورفاهي آبادگران كيش,2,385,15212120,40733,39512,39512,-1221,-3,40731,-2,0,39512,39512,1400-9-1,2021-11-22
883,ضپنا1031,اختيارخ رمپنا-13850-1400/10/08,2,6,21300000,3038,3550,3550,512,16.85,3550,512,16.85,3550,3550,1400-9-1,2021-11-22
884,عيار2,صندوق سكه طلاي مفيد,2,20000,20000,31550,1,1,-31549,-100,1,-31549,-100,1,1,1400-9-1,2021-11-22
885,ضصاد1110,اختيارخ وبصادر-1400-1400/11/06,2,20,11541000,620,578,577,-43,-6.94,577,-43,-6.94,577,578,1400-9-1,2021-11-22
886,طفلا1163,اختيارف فولاد-10000-1400/11/24,2,2,668000,36,339,329,293,813.89,334,298,827.78,329,339,1400-9-1,2021-11-22
887,اخزا0094,اسناد خزانه-م9بودجه00-031101,2,12060000,6241779630000,500999,520121,515000,14001,2.79,517560,16561,3.31,515000,520121,1400-9-1,2021-11-22
888,هاميد104,اختيارف ت ثاميد-2050-01/04/20,2,40210,15279800,387,380,380,-7,-1.81,380,-7,-1.81,380,380,1400-9-1,2021-11-22
889,اراد884,مرابحه عام دولت88-ش.خ041120,2,21200000,18358553400000,1000000,865779,866160,-133840,-13.38,865969,-134031,-13.4,865779,866160,1400-9-1,2021-11-22
890,كگل2,معدني و صنعتي گل گهر,2,36302190,866317209600,23840,24200,23840,0,0,23864,24,0.1,23840,24200,1400-9-1,2021-11-22
891,اراد434,مرابحه عام دولت4-ش.خ 0205,2,3136000,2918868064000,950000,930423,931100,-18900,-1.99,930761,-19239,-2.03,930423,931100,1400-9-1,2021-11-22
892,اراد214,مرابحه عام دولت2ش.خ صادرات0212,2,57613400,53362596927900,1000000,933072,919365,-80635,-8.06,926218,-73782,-7.38,919365,933072,1400-9-1,2021-11-22
893,گپارس,امور رفاهي كارگزاران پارس,2,78,10448958,138104,133961,133961,-4143,-3,138100,-4,0,133961,133961,1400-9-1,2021-11-22
894,افاد744,منفعت دولت7-ش.خاص ساير0204,2,4000000,3780508000000,1000000,945004,945250,-54750,-5.48,945127,-54873,-5.49,945004,945250,1400-9-1,2021-11-22
895,شتولي,تولي‌پرس‌,2,1250,25318750,20668,20255,20255,-413,-2,20666,-2,-0.01,20255,20255,1400-9-1,2021-11-22
896,سي تيپ2ن10,گواهي سيمان تيپ 2غرب(ن),2,30000,145230000,4794,4841,4841,47,0.98,4794,0,0,4841,4841,1400-9-1,2021-11-22
897,كمند2,صندوق س. با درآمد ثابت كمند,1,64500000,64500000,10082,1,1,-10081,-99.99,1,-10081,-99.99,1,1,1400-9-1,2021-11-22
898,ضسان1055,اختيارخ پارسان-40000-00/10/12,1,2,5600000,2004,2800,2800,796,39.72,2800,796,39.72,2800,2800,1400-9-1,2021-11-22
899,اراد324,مرابحه عام دولت3-ش.خ0211,1,1000000,800400000000,1000000,800400,800400,-199600,-19.96,800400,-199600,-19.96,800400,800400,1400-9-1,2021-11-22
900,طذوب903,اختيارف ذوب-4000-14000917,1,6,600000,150,100,100,-50,-33.33,100,-50,-33.33,100,100,1400-9-1,2021-11-22
901,اروند08,منفعت صبا اروند ملت 14001222,1,25000,24886250000,985000,995450,995450,10450,1.06,995450,10450,1.06,995450,995450,1400-9-1,2021-11-22
902,ضمخا1034,اختيارخ اخابر-6000-1400/10/26,1,1,2600000,2067,2600,2600,533,25.79,2600,533,25.79,2600,2600,1400-9-1,2021-11-22
903,شكف,كف,1,212,19847228,97519,93619,93619,-3900,-4,97511,-8,-0.01,93619,93619,1400-9-1,2021-11-22
904,كمان,س.خ.كمان كاريزما 35% تاديه,1,5000,1872695000,374128,374539,374539,411,0.11,374539,411,0.11,374539,374539,1400-9-1,2021-11-22
905,سي تيپ2ن03,گواهي سيمان تيپ2اروميه(ن),1,15000,72615000,4794,4841,4841,47,0.98,4794,0,0,4841,4841,1400-9-1,2021-11-22
906,ضپاس1009,اختيارخ وپارس-1600-1400/10/22,1,9,7605000,598,845,845,247,41.3,845,247,41.3,845,845,1400-9-1,2021-11-22
907,ضجار1024,اختيارخ وتجارت-3000-1400/10/15,1,40,1080000,19,27,27,8,42.11,27,8,42.11,27,27,1400-9-1,2021-11-22
908,افران2,صندوق س افرا نماد پايدار-ثابت,1,5100000,5100000,14798,1,1,-14797,-99.99,1,-14797,-99.99,1,1,1400-9-1,2021-11-22
909,فولاد2,فولاد مباركه اصفهان,1,71300000,799986000000,10880,11220,11220,340,3.13,11220,340,3.13,11220,11220,1400-9-1,2021-11-22
910,هپارس102,اختيارف ت پارس-157010-01/02/05,1,319,319,1,1,1,0,0,1,0,0,1,1,1400-9-1,2021-11-22
911,ضستا1000,اختيارخ شستا-7000-1400/10/29,1,1,6000000,4400,6000,6000,1600,36.36,6000,1600,36.36,6000,6000,1400-9-1,2021-11-22
912,طجار1021,اختيارف وتجارت-1800-1400/10/15,1,1,60000,60,60,60,0,0,60,0,0,60,60,1400-9-1,2021-11-22
913,هماي2,صندوق س هماي آگاه-ثابت,1,15292000,15292000,10167,1,1,-10166,-99.99,1,-10166,-99.99,1,1,1400-9-1,2021-11-22
914,ضفلا1160,اختيارخ فولاد-7000-1400/11/24,1,1,4499000,4827,4499,4499,-328,-6.8,4499,-328,-6.8,4499,4499,1400-9-1,2021-11-22
915,صپا ه 10,بار پايه هفته 10صنعتي,1,1490,819500,570,550,550,-20,-3.51,550,-20,-3.51,550,550,1400-9-1,2021-11-22
916,خاتم2,صندوق س خاتم ايساتيس پويا-ثابت,1,250000,250000,12339,1,1,-12338,-99.99,1,-12338,-99.99,1,1,1400-9-1,2021-11-22
917,شنفت2,نفت‌ پارس‌,1,8629000,78437610000,8660,9090,9090,430,4.97,9090,430,4.97,9090,9090,1400-9-1,2021-11-22
918,پارس2,پتروشيمي پارس,1,1327000,251187830000,188580,189290,189290,710,0.38,189290,710,0.38,189290,189290,1400-9-1,2021-11-22
919,هبساز103,اختيارف ت ثبهساز-2346-01/03/18,1,8208,3660768,447,446,446,-1,-0.22,446,-1,-0.22,446,446,1400-9-1,2021-11-22
920,وسالت,بانك قرض الحسنه رسالت,1,5046,5565738,1051,1103,1103,52,4.95,1051,0,0,1103,1103,1400-9-1,2021-11-22
921,سي تيپ2ن05,گواهي سيمان تيپ 2خاش(ن),1,25000,176275000,6846,7051,7051,205,2.99,6846,0,0,7051,7051,1400-9-1,2021-11-22
922,تبريز304,مشاركت ش تبريز304-3ماهه18%,1,8000,8003352000,1000419,1000419,1000419,0,0,1000419,0,0,1000419,1000419,1400-9-1,2021-11-22
923,سبرق021,سلف موازي برق صادراتي گيلان021,1,261000,49851000000,191000,191000,191000,0,0,191000,0,0,191000,191000,1400-9-1,2021-11-22
924,ضفرابورس1200,اختيارخ فرابورس-19000-14001218,1,1,7500000,8200,7500,7500,-700,-8.54,7500,-700,-8.54,7500,7500,1400-9-1,2021-11-22
925,سي تيپ2ن19,گواهي سيمان تيپ2غرب آسيا(ن),1,15000,71910000,4794,4794,4794,0,0,4794,0,0,4794,4794,1400-9-1,2021-11-22
926,ومدير2,گ.مديريت ارزش سرمايه ص ب كشوري,1,89900000,393492300000,4362,4377,4377,15,0.34,4377,15,0.34,4377,4377,1400-9-1,2021-11-22
927,سرو2,صندوق س سروسودمند مدبران-سهام,1,200000,200000,71590,1,1,-71589,-100,1,-71589,-100,1,1,1400-9-1,2021-11-22
928,شستا005,اجاره تامين اجتماعي-امين001220,1,170,171700000,1010000,1010000,1010000,0,0,1010000,0,0,1010000,1010000,1400-9-1,2021-11-22
929,اروند082,منفعت صبا اروند ملت 14001222,1,975000,970563750000,985000,995450,995450,10450,1.06,995450,10450,1.06,995450,995450,1400-9-1,2021-11-22
930,فارس2,صنايع پتروشيمي خليج فارس,1,54000000,594000000000,10650,11000,11000,350,3.29,11000,350,3.29,11000,11000,1400-9-1,2021-11-22
931,سي تيپ2ن15,گواهي سيمان تيپ2قاين(ن),1,52000,251732000,4794,4841,4841,47,0.98,4794,0,0,4841,4841,1400-9-1,2021-11-22
932,ضفلا1161,اختيارخ فولاد-8000-1400/11/24,1,1,3501000,4000,3501,3501,-499,-12.48,3501,-499,-12.48,3501,3501,1400-9-1,2021-11-22
933,اخزا8154,اسنادخزانه-م15بودجه98-010406,1,3174380,2809183452900,876725,884955,884955,8230,0.94,884955,8230,0.94,884955,884955,1400-9-1,2021-11-22
934,اراد244,مرابحه عام دولت2-ش.خ ساير0212,1,4000000,3682272000000,1000000,920568,920568,-79432,-7.94,920568,-79432,-7.94,920568,920568,1400-9-1,2021-11-22
935,اخزا0012,اسنادخزانه-م1بودجه00-030821,1,352267,184235641000,518643,523000,523000,4357,0.84,523000,4357,0.84,523000,523000,1400-9-1,2021-11-22
936,مصفها203,مشاركت ش اصفهان203-3ماهه18%,1,500,489575000,997150,979150,979150,-18000,-1.81,979150,-18000,-1.81,979150,979150,1400-9-1,2021-11-22
937,سحرخيز2,صندوق س. گروه زعفران سحرخيز,1,3000000,3000000,20139,1,1,-20138,-100,1,-20138,-100,1,1,1400-9-1,2021-11-22
938,دمعيار2,صندوق س. توازن معيار-د,1,700000,700000,10032,1,1,-10031,-99.99,1,-10031,-99.99,1,1,1400-9-1,2021-11-22
939,واميد2,گروه مديريت سرمايه گذاري اميد,1,19186654,251345167400,13050,13100,13100,50,0.38,13100,50,0.38,13100,13100,1400-9-1,2021-11-22
940,ياقوت4,صندوق س ياقوت آگاه-ثابت,1,73422472,1000087491112,13617,13621,13621,4,0.03,13621,4,0.03,13621,13621,1400-9-1,2021-11-22
941,دسبحا2,گروه دارويي سبحان,1,32000000,596800000000,18630,18650,18650,20,0.11,18650,20,0.11,18650,18650,1400-9-1,2021-11-22
