,نماد,نام,تعداد,حجم,ارزش,دیروز,اولین,آخرین معامله - مقدار,آخرین معامله - تغییر,آخرین معامله - درصد,قیمت پایانی - مقدار,قیمت پایانی - تغییر,قیمت پایانی - درصد,کمترین,بیشترین,تاریخ,gregorian_date
0,پالايش,صندوق پالايشي يكم-سهام,48997,77555081,5665744284570,72610,70230,72340,-270,-0.37,73050,440,0.61,69500,75300,1400-2-25,2021-05-15
1,دارا يكم,صندوق واسطه گري مالي يكم-سهام,21175,16605443,2176315151430,131940,128000,129700,-2240,-1.7,131060,-880,-0.67,127000,133940,1400-2-25,2021-05-15
2,شپنا,پالايش نفت اصفهان,20821,210033542,2297389044400,10520,10310,11020,500,4.75,10940,420,3.99,10220,11040,1400-2-25,2021-05-15
3,كزغال,زغال سنگ پروده طبس,18364,11344652,370925482574,32329,32500,31466,-863,-2.67,32696,367,1.14,31350,33899,1400-2-25,2021-05-15
4,فملي,ملي‌ صنايع‌ مس‌ ايران‌,16383,89333336,1179871206100,12990,12700,13100,110,0.85,13210,220,1.69,12670,13500,1400-2-25,2021-05-15
5,بركت,گروه دارويي بركت,15079,42216179,1155812265080,28450,27050,27030,-1420,-4.99,27380,-1070,-3.76,27030,28700,1400-2-25,2021-05-15
6,فگستر,گسترش صنايع روي ايرانيان,13183,2438395,15817868365,6179,6487,6487,308,4.98,6487,308,4.98,6487,6487,1400-2-25,2021-05-15
7,خودرو,ايران‌ خودرو,12137,355840919,693725239081,1936,1875,1920,-16,-0.83,1950,14,0.72,1875,2009,1400-2-25,2021-05-15
8,كاما,باما,10881,79639655,871306370070,11440,10870,10870,-570,-4.98,10940,-500,-4.37,10870,11270,1400-2-25,2021-05-15
9,شتران,پالايش نفت تهران,10027,80815942,665649574790,8000,7800,8190,190,2.38,8240,240,3,7800,8400,1400-2-25,2021-05-15
10,شستا,سرمايه گذاري تامين اجتماعي,9739,35548778,390874598810,10960,10570,10830,-130,-1.19,11000,40,0.36,10560,11290,1400-2-25,2021-05-15
11,فولاد,فولاد مباركه اصفهان,9348,59697544,770638353100,12730,12680,12750,20,0.16,12910,180,1.41,12570,13190,1400-2-25,2021-05-15
12,خگستر,گسترش‌سرمايه‌گذاري‌ايران‌خودرو,8651,195555296,428530909230,2223,2140,2155,-68,-3.06,2191,-32,-1.44,2113,2280,1400-2-25,2021-05-15
13,ذوب,سهامي ذوب آهن  اصفهان,8167,211482037,733153703564,3449,3414,3390,-59,-1.71,3467,18,0.52,3352,3600,1400-2-25,2021-05-15
14,امينح,ح . تامين سرمايه امين,7950,5969787,28317704808,4643,4600,4800,157,3.38,4744,101,2.18,4568,4985,1400-2-25,2021-05-15
15,شبندر,پالايش نفت بندرعباس,7922,58454179,1303988507350,21380,21490,22440,1060,4.96,22310,930,4.35,21050,22440,1400-2-25,2021-05-15
16,وتجارت,بانك تجارت,7165,160051915,388016290845,2489,2382,2392,-97,-3.9,2424,-65,-2.61,2380,2520,1400-2-25,2021-05-15
17,حكشتي,كشتيراني جمهوري اسلامي ايران,6926,26831368,435663341730,15950,15500,16590,640,4.01,16240,290,1.82,15210,16700,1400-2-25,2021-05-15
18,ثاميد,توسعه و عمران اميد,6628,39007748,52189186635,1342,1331,1321,-21,-1.56,1338,-4,-0.3,1313,1370,1400-2-25,2021-05-15
19,كرمان,س. توسعه و عمران استان كرمان,6575,229392379,242820960272,1100,1086,1050,-50,-4.55,1059,-41,-3.73,1045,1099,1400-2-25,2021-05-15
20,خبهمن,گروه‌بهمن‌,6057,272953806,350835552819,1326,1290,1288,-38,-2.87,1285,-41,-3.09,1260,1349,1400-2-25,2021-05-15
21,بوعلي,پتروشيمي بوعلي سينا,5921,2888879,126459740350,43210,43290,43520,310,0.72,43770,560,1.3,42230,44250,1400-2-25,2021-05-15
22,آريا,پليمر آريا ساسول,5436,2290897,208440917780,90477,89200,90665,188,0.21,90987,510,0.56,89200,92500,1400-2-25,2021-05-15
23,وكبهمن,مديريت سرمايه گذاري كوثربهمن,5230,3621115,38097525226,10240,10210,10715,475,4.64,10521,281,2.74,10090,10715,1400-2-25,2021-05-15
24,پترول,گ.س.وت.ص.پتروشيمي خليج فارس,4913,28177052,250948552930,8780,8500,8850,70,0.8,8910,130,1.48,8400,9110,1400-2-25,2021-05-15
25,شگويا,پتروشيمي تندگويان,4690,22222510,202608082818,8854,8774,9056,202,2.28,9117,263,2.97,8635,9296,1400-2-25,2021-05-15
26,وبصادر,بانك صادرات ايران,4251,85125267,184672961957,2214,2145,2151,-63,-2.85,2169,-45,-2.03,2130,2230,1400-2-25,2021-05-15
27,بترانس,ايران‌ ترانسفو,4007,78348709,202632217476,2700,2570,2565,-135,-5,2586,-114,-4.22,2565,2670,1400-2-25,2021-05-15
28,پيزد,مجتمع صنايع لاستيك يزد,3976,686743,40424279162,61271,58208,58890,-2381,-3.89,58864,-2407,-3.93,58208,59400,1400-2-25,2021-05-15
29,امين يكم,صندوق درآمد ثابت امين يكم فردا,3972,141523296,1434490236068,10129,10136,10135,6,0.06,10136,7,0.07,10132,10140,1400-2-25,2021-05-15
30,وپاسار,بانك  پاسارگاد,3760,52715234,899758884710,17030,17040,17080,50,0.29,17070,40,0.23,17030,17090,1400-2-25,2021-05-15
31,كلوند,كاشي‌ الوند,3660,12723791,283087810480,22870,23510,21730,-1140,-4.98,22250,-620,-2.71,21730,23510,1400-2-25,2021-05-15
32,وبانك,سرمايه گذاري گروه توسعه ملي,3609,32169076,233232847760,7460,7200,7240,-220,-2.95,7250,-210,-2.82,7090,7500,1400-2-25,2021-05-15
33,بپيوند,برق و انرژي پيوندگستر پارس,3564,2263405,24767287511,11218,10900,10733,-485,-4.32,10942,-276,-2.46,10702,11214,1400-2-25,2021-05-15
34,وخارزم,سرمايه گذاري خوارزمي,3529,39937590,172972361416,4499,4360,4275,-224,-4.98,4331,-168,-3.73,4275,4460,1400-2-25,2021-05-15
35,وغدير,سرمايه‌گذاري‌غدير(هلدينگ‌,3314,20280454,207967151910,10110,9710,10150,40,0.4,10250,140,1.38,9710,10480,1400-2-25,2021-05-15
36,امين,تامين سرمايه امين,3229,2437290,17012378060,6990,6990,6990,0,0,6980,-10,-0.14,6650,7000,1400-2-25,2021-05-15
37,بگيلان,توسعه مسير برق گيلان,3214,881497,17500834750,19932,19210,19600,-332,-1.67,19892,-40,-0.2,19210,20190,1400-2-25,2021-05-15
38,ومعادنح,ح . توسعه‌معادن‌وفلزات‌,3119,48341808,292439276910,5520,5360,6070,550,9.96,6050,530,9.6,5320,6070,1400-2-25,2021-05-15
39,كمند,صندوق س. با درآمد ثابت كمند,3099,118897060,1195558867127,10040,10056,10056,16,0.16,10055,15,0.15,10055,10057,1400-2-25,2021-05-15
40,فمراد,آلومراد,3057,1562926,145080642210,94290,99000,89580,-4710,-5,92830,-1460,-1.55,89580,99000,1400-2-25,2021-05-15
41,وسپهر,سرمايه گذاري مالي سپهرصادرات,3020,6053788,56598500490,9005,9355,9360,355,3.94,9179,174,1.93,9050,9700,1400-2-25,2021-05-15
42,وخارزمح,ح.سرمايه گذاري خوارزمي,2979,14465691,42728498671,3011,2797,2930,-81,-2.69,2954,-57,-1.89,2797,3136,1400-2-25,2021-05-15
43,فخوز,فولاد  خوزستان,2879,18105159,274079129970,14920,14350,15160,240,1.61,15140,220,1.47,14350,15400,1400-2-25,2021-05-15
44,فارس,صنايع پتروشيمي خليج فارس,2580,20603287,185378291200,8860,8980,9130,270,3.05,9000,140,1.58,8830,9130,1400-2-25,2021-05-15
45,وپست,پست بانك ايران,2556,21422979,426022997500,19120,18300,20070,950,4.97,19890,770,4.03,18300,20070,1400-2-25,2021-05-15
46,آبادا,توليد نيروي برق آبادان,2484,1371889,15775592350,12040,11600,11440,-600,-4.98,11500,-540,-4.49,11440,11980,1400-2-25,2021-05-15
47,ورنا,سرمايه‌گذاري‌ رنا(هلدينگ‌,2450,49694689,257999660440,5460,5190,5190,-270,-4.95,5190,-270,-4.95,5190,5270,1400-2-25,2021-05-15
48,وساپا,سرمايه‌گذاري‌ سايپا,2437,41831071,207631912478,4774,4730,4889,115,2.41,4964,190,3.98,4580,5012,1400-2-25,2021-05-15
49,سيتا,سرمايه گذاري سيمان تامين,2409,3600636,54014684810,15000,15010,15000,0,0,15000,0,0,15000,15020,1400-2-25,2021-05-15
50,رانفور,خدمات‌انفورماتيك‌,2374,20634132,128847564480,6350,6620,6400,50,0.79,6240,-110,-1.73,6040,6620,1400-2-25,2021-05-15
51,توريل,توكاريل,2366,10750884,181749821265,24711,17499,16790,-7921,-32.05,16906,-7805,-31.59,16625,17500,1400-2-25,2021-05-15
52,غگل,گلوكوزان‌,2331,30857352,83624767098,2764,2717,2679,-85,-3.08,2710,-54,-1.95,2630,2820,1400-2-25,2021-05-15
53,حفاري,حفاري شمال,2251,17873050,108141158260,6260,6100,6010,-250,-3.99,6050,-210,-3.35,5950,6280,1400-2-25,2021-05-15
54,شبريز,پالايش نفت تبريز,2098,5114340,136664289440,26240,25100,26590,350,1.33,26720,480,1.83,25010,27380,1400-2-25,2021-05-15
55,كارين,صندوق س نگين سامان-ثابت,2088,101227143,1026528224656,10126,10144,10142,16,0.16,10141,15,0.15,10137,10145,1400-2-25,2021-05-15
56,اخابر,مخابرات ايران,2082,17510438,149569491480,8860,8470,8420,-440,-4.97,8540,-320,-3.61,8420,8850,1400-2-25,2021-05-15
57,كيان,صندوق س. با درآمد ثابت كيان,2080,38084486,1082752409094,28401,28435,28430,29,0.1,28430,29,0.1,28429,28435,1400-2-25,2021-05-15
58,كگلح,ح . معدني و صنعتي گل گهر,1977,8574985,102474840000,10960,10510,12050,1090,9.95,11950,990,9.03,10510,12050,1400-2-25,2021-05-15
59,وپارس,بانك‌پارسيان‌,1850,69318777,170736222694,2442,2442,2462,20,0.82,2463,21,0.86,2441,2496,1400-2-25,2021-05-15
60,اعتماد,صندوق س.اعتماد آفرين پارسيان-د,1811,34520970,1257413893380,36379,36425,36426,47,0.13,36425,46,0.13,36424,36427,1400-2-25,2021-05-15
61,نوري,پتروشيمي نوري,1806,1572984,94330763060,59330,58500,59700,370,0.62,59930,600,1.01,58500,61000,1400-2-25,2021-05-15
62,كماسه,تامين‌ ماسه‌ ريخته‌گري‌,1800,3083872,99943764520,33940,32250,32250,-1690,-4.98,32410,-1530,-4.51,32250,33380,1400-2-25,2021-05-15
63,ماديرا,صنايع ماديران,1748,6896050,51350196479,7374,7100,7400,26,0.35,7446,72,0.98,7100,7698,1400-2-25,2021-05-15
64,صبا,سرمايه گذاري صبا تامين,1721,3688840,27659369835,7558,7470,7430,-128,-1.69,7544,-14,-0.19,7310,7650,1400-2-25,2021-05-15
65,ونوين,بانك‌اقتصادنوين‌,1715,26773990,111982250463,4253,4240,4153,-100,-2.35,4183,-70,-1.65,4090,4353,1400-2-25,2021-05-15
66,كگل,معدني و صنعتي گل گهر,1678,31166371,451783298100,13820,13840,14510,690,4.99,14500,680,4.92,13840,14510,1400-2-25,2021-05-15
67,قرن,پديده شيمي قرن,1633,1089033,66922944070,60890,60200,61500,610,1,61450,560,0.92,60200,62870,1400-2-25,2021-05-15
68,وبوعلي,سرمايه‌گذاري‌بوعلي‌,1617,16300738,96907778930,5880,5900,5880,0,0,5940,60,1.02,5740,6060,1400-2-25,2021-05-15
69,خاور,ايران خودرو ديزل,1594,27141709,132681271835,5020,4870,4870,-150,-2.99,4888,-132,-2.63,4870,5143,1400-2-25,2021-05-15
70,ولساپا,ليزينگ رايان‌ سايپا,1541,25011962,74544467424,3112,2957,2957,-155,-4.98,2980,-132,-4.24,2957,3095,1400-2-25,2021-05-15
71,شپترو,پتروشيمي آبادان,1532,57335202,264577165381,4481,4615,4615,134,2.99,4615,134,2.99,4555,4615,1400-2-25,2021-05-15
72,آگاس,صندوق س.هستي بخش آگاه-س,1525,1798123,116146896561,63930,63001,64206,276,0.43,64593,663,1.04,62440,66000,1400-2-25,2021-05-15
73,هرمز,فولاد هرمزگان جنوب,1491,22020321,338046379085,14956,14800,15703,747,4.99,15352,396,2.65,14490,15703,1400-2-25,2021-05-15
74,سصوفي,سيمان‌ صوفيان‌,1465,5275247,75875544310,14860,14200,14120,-740,-4.98,14380,-480,-3.23,14120,14930,1400-2-25,2021-05-15
75,بجهرم,توسعه مولد نيروگاهي جهرم,1464,15440483,35169545240,2246,2186,2262,16,0.71,2278,32,1.42,2186,2333,1400-2-25,2021-05-15
76,سرو,صندوق س سروسودمند مدبران-سهام,1427,1799489,114361553000,63150,62110,63450,300,0.48,63550,400,0.63,61500,64900,1400-2-25,2021-05-15
77,درهآور,دارويي ره آورد تامين,1420,3406366,100677795266,30976,30300,29428,-1548,-5,29556,-1420,-4.58,29428,31500,1400-2-25,2021-05-15
78,سفارس,سيمان فارس و خوزستان,1390,6855105,108365725970,15290,14910,15690,400,2.62,15810,520,3.4,14910,16050,1400-2-25,2021-05-15
79,شسپا,نفت سپاهان,1314,5285287,82877969660,15530,14850,15390,-140,-0.9,15680,150,0.97,14850,16200,1400-2-25,2021-05-15
80,ومعادن,توسعه‌معادن‌وفلزات‌,1297,25592688,203301503690,7600,7300,7980,380,5,7940,340,4.47,7300,7980,1400-2-25,2021-05-15
81,تملت,تامين سرمايه بانك ملت,1291,6624114,32709012908,4967,4980,4990,23,0.46,4938,-29,-0.58,4818,5050,1400-2-25,2021-05-15
82,وتوكا,سرمايه‌گذاري‌توكافولاد(هلدينگ,1248,8407953,86301755410,10120,10480,10440,320,3.16,10260,140,1.38,9620,10570,1400-2-25,2021-05-15
83,فباهنرح,ح . مس‌ شهيدباهنر,1225,3806366,61206463430,16200,15770,16020,-180,-1.11,16080,-120,-0.74,15320,16500,1400-2-25,2021-05-15
84,تسه0001,امتيازتسهيلات مسكن فروردين1400,1217,31149,17608968639,558938,552222,570000,11062,1.98,565314,6376,1.14,552000,586884,1400-2-25,2021-05-15
85,جوين,كشت و صنعت جوين,1209,19951979,91488574587,4682,4666,4620,-62,-1.32,4585,-97,-2.07,4542,4822,1400-2-25,2021-05-15
86,آسيا,بيمه آسيا,1203,26397665,47265204028,1798,1800,1805,7,0.39,1791,-7,-0.39,1750,1820,1400-2-25,2021-05-15
87,كنور,توسعه معدني و صنعتي صبانور,1179,2882640,147525992770,48970,47500,50580,1610,3.29,51180,2210,4.51,47110,51410,1400-2-25,2021-05-15
88,شيران,س. صنايع‌شيميايي‌ايران,1177,4143279,88843611060,20940,19990,21500,560,2.67,21440,500,2.39,19990,21900,1400-2-25,2021-05-15
89,تاصيكو,سرمايه گذاري صدرتامين,1126,12838904,129973387880,10010,9890,10060,50,0.5,10120,110,1.1,9600,10280,1400-2-25,2021-05-15
90,خصدرا,صنعتي‌ دريايي‌ ايران‌,1122,18669019,46067660452,2501,2431,2426,-75,-3,2468,-33,-1.32,2426,2540,1400-2-25,2021-05-15
91,كچاد,معدني‌وصنعتي‌چادرملو,1094,17092728,376863269150,21030,21020,22080,1050,4.99,22050,1020,4.85,21020,22080,1400-2-25,2021-05-15
92,آوا,صندوق س.سهام آواي معيار-س,1073,10077525,66746821638,6550,6570,6618,68,1.04,6623,73,1.11,6500,6719,1400-2-25,2021-05-15
93,تاپيكو,س. نفت و گاز و پتروشيمي تأمين,1054,7121350,72003871590,10100,9910,9960,-140,-1.39,10110,10,0.1,9910,10360,1400-2-25,2021-05-15
94,گكوثر,هتل پارسيان كوثر اصفهان,1048,20928942,45850001915,2283,2169,2200,-83,-3.64,2191,-92,-4.03,2169,2269,1400-2-25,2021-05-15
95,البرز,بيمه البرز,1024,13680316,51501194377,3782,3700,3701,-81,-2.14,3765,-17,-0.45,3651,3846,1400-2-25,2021-05-15
96,وسكرد,شركت س استان كردستان,1020,53519495,33348444673,655,623,623,-32,-4.89,623,-32,-4.89,623,630,1400-2-25,2021-05-15
97,شرنگي,شيميايي رنگين,998,322335,87478155219,268657,276700,260598,-8059,-3,271389,2732,1.02,260598,276716,1400-2-25,2021-05-15
98,وگردش,بانك گردشگري,981,13946347,212045866872,15656,15187,15187,-469,-3,15204,-452,-2.89,15187,15816,1400-2-25,2021-05-15
99,واميدح,ح.گروه مديريت سرمايه گذار اميد,953,5826926,42691049190,6950,6900,7640,690,9.93,7330,380,5.47,6710,7640,1400-2-25,2021-05-15
100,فاسمين,كالسيمين‌,939,4539346,65486073140,14390,13810,14140,-250,-1.74,14430,40,0.28,13810,14830,1400-2-25,2021-05-15
101,سشرق,سيمان‌ شرق‌,936,7275588,41602910430,5660,5770,5790,130,2.3,5720,60,1.06,5490,5910,1400-2-25,2021-05-15
102,رمپنا,گروه مپنا (سهامي عام),933,3259885,47630262280,14480,13990,14450,-30,-0.21,14530,50,0.35,13990,15200,1400-2-25,2021-05-15
103,معيار ,سرمايه گذاري معيار صنعت پارس,933,1273931,77105331342,62292,60424,60424,-1868,-3,60526,-1766,-2.84,60424,62290,1400-2-25,2021-05-15
104,فپنتا,سپنتا,925,151938,56591011210,373210,360010,376670,3460,0.93,372460,-750,-0.2,360000,387990,1400-2-25,2021-05-15
105,كروي,توسعه‌ معادن‌ روي‌ ايران‌,923,2770934,66019893690,24570,23530,23350,-1220,-4.97,23830,-740,-3.01,23350,24990,1400-2-25,2021-05-15
106,فباهنر,مس‌ شهيدباهنر,921,2226404,52112654000,23270,23250,23540,270,1.16,23410,140,0.6,22110,24360,1400-2-25,2021-05-15
107,فنورد,نوردوقطعات‌ فولادي‌,889,443013,71129639880,156090,160000,159900,3810,2.44,160560,4470,2.86,157690,163890,1400-2-25,2021-05-15
108,زاگرس,پتروشيمي زاگرس,888,344458,72267505149,203993,197510,212212,8219,4.03,208074,4081,2,197510,212212,1400-2-25,2021-05-15
109,كاوه,فولاد كاوه جنوب كيش,882,6895310,139078790870,19830,19500,20140,310,1.56,20170,340,1.71,19270,20600,1400-2-25,2021-05-15
110,والبر,سرمايه‌ گذاري‌ البرز(هلدينگ‌,863,4138619,60403061290,15270,15000,14510,-760,-4.98,14590,-680,-4.45,14510,15100,1400-2-25,2021-05-15
111,شجم,صنايع پتروشيمي تخت جمشيد,853,30112290,287098636547,9827,9533,9657,-170,-1.73,9534,-293,-2.98,9533,9670,1400-2-25,2021-05-15
112,افق,فروشگاههاي زنجيره اي افق كوروش,808,1029809,70733887860,68980,68970,69190,210,0.3,68730,-250,-0.36,66140,69460,1400-2-25,2021-05-15
113,وپترو,سرمايه‌گذاري صنايع پتروشيمي‌,807,5320673,68567538170,13520,12850,12850,-670,-4.96,12890,-630,-4.66,12850,13140,1400-2-25,2021-05-15
114,ارفع,شركت آهن و فولاد ارفع,800,6375436,89845101224,13803,13910,14151,348,2.52,14092,289,2.09,13350,14320,1400-2-25,2021-05-15
115,دزهراوي,داروسازي‌زهراوي‌,794,5289079,39782749960,8710,7500,7360,-1350,-15.5,7520,-1190,-13.66,7330,7870,1400-2-25,2021-05-15
116,دكپسول,توليد ژلاتين كپسول ايران,789,1318061,40345391436,29384,30852,30853,1469,5,30610,1226,4.17,29380,30853,1400-2-25,2021-05-15
117,غسالم,سالمين‌,787,7346186,26674168198,3815,3699,3625,-190,-4.98,3631,-184,-4.82,3625,3699,1400-2-25,2021-05-15
118,رتاپ,تجارت الكترونيك  پارسيان,785,4072754,26221519240,6740,6410,6460,-280,-4.15,6440,-300,-4.45,6410,6540,1400-2-25,2021-05-15
119,فولاژ,فولاد آلياژي ايران,783,2820534,42611433220,15780,15000,15000,-780,-4.94,15380,-400,-2.53,15000,15700,1400-2-25,2021-05-15
120,وسيستا,شركت س استان سيستان وبلوچستان,783,57181287,40141263474,738,702,702,-36,-4.88,705,-33,-4.47,702,702,1400-2-25,2021-05-15
121,شبهرن,نفت‌ بهران‌,781,2718431,30852933470,11250,11600,11220,-30,-0.27,11310,60,0.53,11030,11600,1400-2-25,2021-05-15
122,ومهان,گروه توسعه مالي مهر آيندگان,778,4451073,55922355863,12401,12012,12570,169,1.36,12564,163,1.31,12012,12802,1400-2-25,2021-05-15
123,واحيا,م .صنايع و معادن احياء سپاهان,758,1131644,175717207928,151323,151000,154000,2677,1.77,155276,3953,2.61,150000,155862,1400-2-25,2021-05-15
124,شلرد,كود شيميايي اوره لردگان,757,8520397,54789140587,6615,6417,6417,-198,-2.99,6430,-185,-2.8,6417,6600,1400-2-25,2021-05-15
125,افران,صندوق س افرا نماد پايدار-ثابت,738,9022299,120116916942,13294,13313,13314,20,0.15,13313,19,0.14,13313,13319,1400-2-25,2021-05-15
126,تسه9912,امتياز تسهيلات مسكن اسفند99,735,14690,8301399084,558842,550222,570900,12058,2.16,565105,6263,1.12,550222,586000,1400-2-25,2021-05-15
127,شپلي,پلي اكريل ايران,728,11404017,87003993196,7782,7627,7770,-12,-0.15,7629,-153,-1.97,7627,7781,1400-2-25,2021-05-15
128,طلا,صندوق س.پشتوانه طلاي لوتوس,718,757202,55522548139,71962,73150,73528,1566,2.18,73326,1364,1.9,73000,73800,1400-2-25,2021-05-15
129,ونفت,سرمايه‌گذاري‌ صنعت‌ نفت‌,713,4383474,60776944630,13430,13290,14100,670,4.99,13870,440,3.28,12920,14100,1400-2-25,2021-05-15
130,شرانل,نفت ايرانول,712,2236937,89003767394,38148,37770,40055,1907,5,39788,1640,4.3,37770,40055,1400-2-25,2021-05-15
131,ونيكي,سرمايه‌گذاري‌ ملي‌ايران‌,706,4122712,31812864040,7800,7650,7780,-20,-0.26,7750,-50,-0.64,7420,7900,1400-2-25,2021-05-15
132,سپ,پرداخت الكترونيك سامان كيش,701,2780630,67190202240,23240,23700,24400,1160,4.99,24160,920,3.96,22680,24400,1400-2-25,2021-05-15
133,قشرين,قند شيرين خراسان,699,4262979,48408818858,11083,11084,11415,332,3,11356,273,2.46,10752,11415,1400-2-25,2021-05-15
134,سرچشمه,سرمايه گذاري مس سرچشمه,680,5170614,30933454058,5922,5891,6019,97,1.64,5983,61,1.03,5661,6140,1400-2-25,2021-05-15
135,ثمسكن,سرمايه‌گذاري‌ مسكن‌,666,4784819,21631276723,4663,4501,4440,-223,-4.78,4521,-142,-3.05,4430,4774,1400-2-25,2021-05-15
136,ميدكو,هلدينگ صنايع  معدني خاورميانه,665,2290465,79480155106,33802,34400,34900,1098,3.25,34382,580,1.72,33909,34980,1400-2-25,2021-05-15
137,فنوال,نورد آلومينيوم‌,665,1282049,35204653220,27450,27690,27500,50,0.18,27460,10,0.04,26570,27760,1400-2-25,2021-05-15
138,پارند,صندوق س. پارند پايدار سپهر,664,19182885,215140451723,11207,11216,11220,13,0.12,11215,8,0.07,11214,11226,1400-2-25,2021-05-15
139,وصنعت,سرمايه گذاري توسعه صنعت وتجارت,654,4191541,23805404840,5700,5530,5630,-70,-1.23,5680,-20,-0.35,5530,5790,1400-2-25,2021-05-15
140,شپديس,پتروشيمي پرديس,643,888270,84031810580,92460,92110,94820,2360,2.55,94220,1760,1.9,92000,95900,1400-2-25,2021-05-15
141,پاكشو,گروه صنعتي پاكشو,637,6716642,41460342250,6320,6180,6260,-60,-0.95,6270,-50,-0.79,6010,6330,1400-2-25,2021-05-15
142,شصدف,صنعتي دوده فام,627,36732,1211164236,31403,32973,32973,1570,5,31524,121,0.39,32973,32973,1400-2-25,2021-05-15
143,شپاكسا,پاكسان‌,624,1804541,44356682970,25660,24380,24380,-1280,-4.99,24580,-1080,-4.21,24380,25750,1400-2-25,2021-05-15
144,فسپا,گروه‌صنعتي‌سپاهان‌,617,3144816,110630718270,33600,33040,35280,1680,5,35180,1580,4.7,33040,35280,1400-2-25,2021-05-15
145,خكرمان,گروه اقتصادي كرمان خودرو,611,8376121,27759884788,3322,3250,3300,-22,-0.66,3314,-8,-0.24,3250,3390,1400-2-25,2021-05-15
146,فايرا,آلومينيوم‌ايران‌,611,2248950,41069216160,18200,17290,18350,150,0.82,18240,40,0.22,17290,18540,1400-2-25,2021-05-15
147,مدير,ص.س.مديريت ثروت ص.بازنشستگي-س,598,2092143,16496011396,7826,7600,7852,26,0.33,7885,59,0.75,7600,8010,1400-2-25,2021-05-15
148,وسپه,سرمايه‌گذاري‌ سپه‌,598,7953066,52479924120,6300,6250,6610,310,4.92,6600,300,4.76,6250,6610,1400-2-25,2021-05-15
149,جم,پتروشيمي جم,596,1636233,57584071380,35270,33900,34400,-870,-2.47,35230,-40,-0.11,33900,36200,1400-2-25,2021-05-15
150,شفن,پتروشيمي فناوران,595,135633,41570066400,303300,300000,304800,1500,0.49,304610,1310,0.43,299200,313200,1400-2-25,2021-05-15
151,وصنا,گروه‌صنايع‌بهشهرايران‌,575,3659163,19247753020,5530,5260,5260,-270,-4.88,5260,-270,-4.88,5260,5300,1400-2-25,2021-05-15
152,همراه,شركت ارتباطات سيار ايران,572,1899017,42177061700,22720,22200,22170,-550,-2.42,22500,-220,-0.97,21700,22500,1400-2-25,2021-05-15
153,بپاس,بيمه پاسارگاد,570,483601,42716155927,88195,89995,88350,155,0.18,88252,57,0.06,88196,90000,1400-2-25,2021-05-15
154,وسكاب,س.ص.بازنشستگي كاركنان بانكها,567,3659611,17820210530,4805,4870,4880,75,1.56,4869,64,1.33,4805,4950,1400-2-25,2021-05-15
155,وسينا,بانك سينا,566,15508585,39780066303,2598,2480,2503,-95,-3.66,2565,-33,-1.27,2476,2634,1400-2-25,2021-05-15
156,جم پيلن,پلي پروپيلن جم - جم پيلن,563,1074680,79742316410,73800,70600,74220,420,0.57,74200,400,0.54,70600,76000,1400-2-25,2021-05-15
157,حتايد,تايدواترخاورميانه,562,2247831,54956567490,24620,23430,24580,-40,-0.16,24450,-170,-0.69,23430,25320,1400-2-25,2021-05-15
158,كگهر,سنگ آهن گهرزمين,558,1177057,50962480144,42123,42186,43109,986,2.34,42608,485,1.15,40981,43540,1400-2-25,2021-05-15
159,وثنو,سرمايه گذاري ساختماني نوين,543,8157819,36004253702,4542,4444,4406,-136,-2.99,4413,-129,-2.84,4406,4630,1400-2-25,2021-05-15
160,وصندوق,سرمايه‌گذاري‌صندوق‌بازنشستگي‌,532,6166084,85743622450,13920,13530,13880,-40,-0.29,13910,-10,-0.07,13530,13970,1400-2-25,2021-05-15
161,سپاها,سيمان‌سپاهان‌,531,3358833,25843026390,7900,7520,7560,-340,-4.3,7690,-210,-2.66,7510,7990,1400-2-25,2021-05-15
162,سمازن,سيمان‌مازندران‌,530,2898494,35560696940,12110,11900,12210,100,0.83,12270,160,1.32,11900,12410,1400-2-25,2021-05-15
163,وساخت,سرمايه‌ گذاري‌ ساختمان‌ايران‌,525,475313,20738462260,44480,42710,43000,-1480,-3.33,43630,-850,-1.91,42710,44690,1400-2-25,2021-05-15
164,ارزش,صندوق س ارزش آفرين بيدار-سهام,517,3484476,31355033850,8990,8900,8970,-20,-0.22,9000,10,0.11,8880,9070,1400-2-25,2021-05-15
165,ضخود7075,اختيارخ خودرو-2000-1400/07/07,512,20130,3841347000,188,167,174,-14,-7.45,191,3,1.6,160,214,1400-2-25,2021-05-15
166,شاوان,پالايش نفت لاوان,512,513775,40740553762,80685,76700,77860,-2825,-3.5,79296,-1389,-1.72,76651,81999,1400-2-25,2021-05-15
167,سامان,بانك سامان,500,8918239,79292920422,8686,8946,8683,-3,-0.03,8891,205,2.36,8656,8946,1400-2-25,2021-05-15
168,امين يكم2,صندوق درآمد ثابت امين يكم فردا,500,50000000,50000000,10129,1,1,-10128,-99.99,1,-10128,-99.99,1,1,1400-2-25,2021-05-15
169,گشان,توسعه بين المللي پديده شانديز,487,1746126,38433979386,21580,22011,22011,431,2,22011,431,2,22011,22011,1400-2-25,2021-05-15
170,واعتبار,سرمايه گذاري اعتبار ايران,480,4759939,47293246290,10450,10000,9930,-520,-4.98,9940,-510,-4.88,9930,10010,1400-2-25,2021-05-15
171,پارسان,گسترش نفت و گاز پارسيان,468,4620468,84142623390,18060,17400,18220,160,0.89,18160,100,0.55,17380,18500,1400-2-25,2021-05-15
172,وسگيلا,شركت س استان گيلان,464,28733008,20400435680,747,710,710,-37,-4.95,729,-18,-2.41,710,710,1400-2-25,2021-05-15
173,وشهر,بانك شهر,459,4507011,24170724697,5276,5500,5290,14,0.27,5339,63,1.19,5280,5500,1400-2-25,2021-05-15
174,شغدير,پتروشيمي غدير,456,428697,28031829330,64370,66000,65100,730,1.13,65210,840,1.3,64200,66430,1400-2-25,2021-05-15
175,تسه9908,امتياز تسهيلات مسكن آبان99,448,17670,9921917516,552562,546200,575000,22438,4.06,561512,8950,1.62,543111,578999,1400-2-25,2021-05-15
176,شاراك,پتروشيمي شازند,429,1432825,36541045010,25260,24500,25450,190,0.75,25370,110,0.44,24500,25980,1400-2-25,2021-05-15
177,بموتو,موتوژن‌,429,376887,19500626120,51450,49520,51000,-450,-0.87,51740,290,0.56,49520,52800,1400-2-25,2021-05-15
178,ضخود7074,اختيارخ خودرو-1800-1400/07/07,427,23617,6064856000,263,257,250,-13,-4.94,257,-6,-2.28,246,305,1400-2-25,2021-05-15
179,وتوس,توسعه‌شهري‌توس‌گستر,417,2325629,30880928490,13030,13300,13240,210,1.61,13280,250,1.92,12750,13490,1400-2-25,2021-05-15
180,پارس,پتروشيمي پارس,415,266326,38552611380,143090,144570,144520,1430,1,143730,640,0.45,144080,145950,1400-2-25,2021-05-15
181,وثوق,سرمايه گذاري وثوق امين,413,1209104,19933300375,16047,15930,16528,481,3,16486,439,2.74,15930,16528,1400-2-25,2021-05-15
182,واتي,سرمايه‌ گذاري‌ آتيه‌ دماوند,399,2064614,19684793810,9560,9560,9570,10,0.1,9530,-30,-0.31,9220,9930,1400-2-25,2021-05-15
183,فجر,فولاد اميركبيركاشان,398,2796562,181217217600,61720,64800,64800,3080,4.99,64800,3080,4.99,64800,64800,1400-2-25,2021-05-15
184,دعبيد,لابراتوارداروسازي‌  دكترعبيدي‌,395,605452,14559882740,24260,23200,24300,40,0.16,24190,-70,-0.29,23200,24710,1400-2-25,2021-05-15
185,سيدكو,سرمايه گذاري توسعه صنايع سيمان,391,2119712,12432164990,5730,5770,5800,70,1.22,5840,110,1.92,5610,6010,1400-2-25,2021-05-15
186,ورازي,بيمه رازي,372,4168782,33516169492,8230,8219,8029,-201,-2.44,8040,-190,-2.31,7850,8219,1400-2-25,2021-05-15
187,بساما,بيمه سامان,369,966743,19750859727,20728,20000,20600,-128,-0.62,20430,-298,-1.44,19700,20999,1400-2-25,2021-05-15
188,تسه9911,امتياز تسهيلات مسكن بهمن99,369,4840,2737352069,552258,552400,570000,17742,3.21,565569,13311,2.41,550000,579870,1400-2-25,2021-05-15
189,سكه0012پ01,تمام سكه طرح جديد0012رفاه,369,136700,139298884200,1000382,1012000,1022000,21618,2.16,1019012,18630,1.86,1012000,1028999,1400-2-25,2021-05-15
190,ساراب,سيمان‌ داراب‌,364,2860431,61679844470,22680,21550,21550,-1130,-4.98,21560,-1120,-4.94,21550,22300,1400-2-25,2021-05-15
191,گوهران,سرمايه گذاري توسعه گوهران اميد,363,1099033,7755110476,6964,7170,7000,36,0.52,7011,47,0.67,6780,7170,1400-2-25,2021-05-15
192,مبين,مبين انرژي خليج فارس,357,1351522,21363068140,15660,15810,15850,190,1.21,15690,30,0.19,15590,16290,1400-2-25,2021-05-15
193,سشمال,سيمان‌ شمال‌,355,1839180,16817653180,9550,9080,9080,-470,-4.92,9140,-410,-4.29,9080,9450,1400-2-25,2021-05-15
194,پكرمان,گروه‌ صنعتي‌ بارز,346,407250,9640547880,24000,22800,23400,-600,-2.5,23870,-130,-0.54,22800,24090,1400-2-25,2021-05-15
195,بفجر,فجر انرژي خليج فارس,344,916675,20071774470,21420,22120,21640,220,1.03,21590,170,0.79,21500,22460,1400-2-25,2021-05-15
196,زگلدشتح,ح.كشت و دام گلدشت نمونه اصفهان,339,1698366,10208129010,6067,5929,6006,-61,-1.01,6011,-56,-0.92,5929,6180,1400-2-25,2021-05-15
197,لوتوس,تامين سرمايه لوتوس پارسيان,338,3493516,27965795620,8380,7970,8010,-370,-4.42,8020,-360,-4.3,7970,8350,1400-2-25,2021-05-15
198,وتوسم,سرمايه‌گذاري‌توسعه‌ملي‌,335,1551416,11489485180,7580,7530,7280,-300,-3.96,7440,-140,-1.85,7250,7590,1400-2-25,2021-05-15
199,وبشهر,توسعه‌ صنايع‌ بهشهر(هلدينگ,334,2594847,24806592650,9960,9490,9490,-470,-4.72,9650,-310,-3.11,9470,9760,1400-2-25,2021-05-15
200,خريخت,صنايع‌ريخته‌گري‌ايران‌,330,5050927,13886309417,2881,2737,2737,-144,-5,2753,-128,-4.44,2737,2848,1400-2-25,2021-05-15
201,تايرا,تراكتورسازي‌ايران‌,327,2239270,56465343230,26510,26620,25190,-1320,-4.98,25220,-1290,-4.87,25190,26620,1400-2-25,2021-05-15
202,ما,بيمه  ما,312,2791168,22357763020,7910,8000,8040,130,1.64,8010,100,1.26,7970,8140,1400-2-25,2021-05-15
203,شخارك,پتروشيمي‌ خارك‌,308,490329,20807856440,42560,41560,42300,-260,-0.61,42530,-30,-0.07,41560,42990,1400-2-25,2021-05-15
204,تصميم,صندوق س با درآمد ثابت تصميم,307,1540785,25175529578,16320,16339,16343,23,0.14,16339,19,0.12,16336,16343,1400-2-25,2021-05-15
205,پارتا,مجتمع‌صنعتي‌آرتاويل‌تاير,303,1124280,35664392834,30934,31859,31862,928,3,31722,788,2.55,30006,31862,1400-2-25,2021-05-15
206,فسازان,غلتك سازان سپاهان,303,367469,11924456730,32010,32000,32060,50,0.16,32360,350,1.09,31100,33250,1400-2-25,2021-05-15
207,شوينده,مديريت صنعت شوينده ت.ص.بهشهر,300,643430,15268750690,24850,24940,23780,-1070,-4.31,23730,-1120,-4.51,23610,24940,1400-2-25,2021-05-15
208,گوهر,صندوق سكه طلاي كيان,298,1246712,62505018303,49425,49500,50000,575,1.16,50136,711,1.44,49500,50800,1400-2-25,2021-05-15
209,درازك,دارويي‌ رازك‌,297,602676,17643981090,29510,29000,28500,-1010,-3.42,29280,-230,-0.78,28200,30490,1400-2-25,2021-05-15
210,كاردان,صندوق س تجارت شاخصي كاردان,296,113695,16585997940,144840,141020,145050,210,0.14,145880,1040,0.72,141020,148780,1400-2-25,2021-05-15
211,فيروزه,صندوق شاخص30 شركت فيروزه- سهام,295,151629,19856060680,128640,129000,130900,2260,1.76,130950,2310,1.8,129000,132200,1400-2-25,2021-05-15
212,آكورد,صندوق س. آرمان آتي كوثر-د,295,3808929,122207313592,32030,32089,32084,54,0.17,32084,54,0.17,32084,32089,1400-2-25,2021-05-15
213,سپيدما,صندوق س. سپيد دماوند-د,287,13068632,134750248965,10301,10315,10313,12,0.12,10311,10,0.1,10310,10315,1400-2-25,2021-05-15
214,شراز,پالايش نفت شيراز,277,99031,10036969320,105500,100500,100230,-5270,-5,104501,-999,-0.95,100225,104880,1400-2-25,2021-05-15
215,وكار,بانك‌ كارآفرين‌,275,4891922,13298550610,2837,2696,2696,-141,-4.97,2800,-37,-1.3,2696,2808,1400-2-25,2021-05-15
216,تسه9910,امتياز تسهيلات مسكن دي99,273,3218,1819121723,553163,548000,570000,16837,3.04,565296,12133,2.19,548000,580821,1400-2-25,2021-05-15
217,خزاميا,زامياد,271,4273364,35169785720,8660,8230,8230,-430,-4.97,8230,-430,-4.97,8230,8230,1400-2-25,2021-05-15
218,كيان2,صندوق س. با درآمد ثابت كيان,270,27000000,27000000,28401,1,1,-28400,-100,1,-28400,-100,1,1,1400-2-25,2021-05-15
219,ياقوت,صندوق س ياقوت آگاه-ثابت,266,2826288,34918554085,12353,12365,12357,4,0.03,12355,2,0.02,12353,12365,1400-2-25,2021-05-15
220,عيار,صندوق سكه طلاي مفيد,266,218101,5692514355,25496,26010,26188,692,2.71,26100,604,2.37,25920,26290,1400-2-25,2021-05-15
221,شبصير,توليدات پتروشيمي قائد بصير,264,170716,11213637976,65698,66450,66010,312,0.47,65689,-9,-0.01,62512,68000,1400-2-25,2021-05-15
222,ولانا,شركت ليزينگ آريا دانا,263,488484,18065603772,38929,36983,36983,-1946,-5,36983,-1946,-5,36983,36983,1400-2-25,2021-05-15
223,سفانو,سيمان فارس نو,263,450874,15034325380,35030,33280,33280,-1750,-5,33340,-1690,-4.82,33280,33980,1400-2-25,2021-05-15
224,فروي,ذوب روي اصفهان,259,275597,14726250098,56246,53434,53434,-2812,-5,53434,-2812,-5,53434,53434,1400-2-25,2021-05-15
225,دروز,داروسازي‌ روزدارو,259,2979053,100572829280,35530,33760,33760,-1770,-4.98,33760,-1770,-4.98,33760,33760,1400-2-25,2021-05-15
226,شكف,كف,259,211119,21444735675,105799,101568,101568,-4231,-4,101577,-4222,-3.99,101568,103688,1400-2-25,2021-05-15
227,زپارس,ملي كشت و صنعت و دامپروري پارس,254,196782,23752964790,126290,121000,120010,-6280,-4.97,120710,-5580,-4.42,119980,128780,1400-2-25,2021-05-15
228,واميد,گروه مديريت سرمايه گذاري اميد,252,9218337,108776376600,12420,11800,11800,-620,-4.99,11830,-590,-4.75,11800,11800,1400-2-25,2021-05-15
229,تسه9909,امتياز تسهيلات مسكن آذر99,245,4138,2332630621,552596,546669,566000,13404,2.43,563710,11114,2.01,546669,580000,1400-2-25,2021-05-15
230,تسه9902,امتياز تسهيلات مسكن ارديبهشت99,242,8133,4564053774,551858,532352,567500,15642,2.83,561177,9319,1.69,532352,570000,1400-2-25,2021-05-15
231,سباقر,سيمان باقران,240,746119,11427892908,15319,14910,15101,-218,-1.42,15316,-3,-0.02,14910,15508,1400-2-25,2021-05-15
232,شساخت,مهندسي و ساختمان صنايع نفت,239,596282,26322983028,43005,43000,44027,1022,2.38,43680,675,1.57,42411,44295,1400-2-25,2021-05-15
233,فخاس,فولاد خراسان,239,307852,7406165860,25040,23800,23820,-1220,-4.87,24960,-80,-0.32,23790,24980,1400-2-25,2021-05-15
234,كرماشا,صنايع پتروشيمي كرمانشاه,237,410806,13305495050,32130,31100,32150,20,0.06,32210,80,0.25,31060,32930,1400-2-25,2021-05-15
235,شنفت,نفت‌ پارس‌,236,182241,8514465880,47080,48000,46800,-280,-0.59,47010,-70,-0.15,45000,48500,1400-2-25,2021-05-15
236,تسه9810,امتياز تسهيلات مسكن دي98,235,9347,5215203167,548684,537000,570000,21316,3.88,557955,9271,1.69,537000,570000,1400-2-25,2021-05-15
237,خديزل,بهمن  ديزل,234,302212,11906720333,38677,37000,39230,553,1.43,39222,545,1.41,37000,39980,1400-2-25,2021-05-15
238,سخوز,سيمان خوزستان,232,693861,14717592560,20670,19910,21350,680,3.29,21190,520,2.52,19910,21400,1400-2-25,2021-05-15
239,شيراز,پتروشيمي‌شيراز,231,512727,26063109560,50420,52000,51250,830,1.65,50530,110,0.22,50030,52500,1400-2-25,2021-05-15
240,سرود,سيمان‌شاهرود,231,569813,9513389000,16770,16250,16610,-160,-0.95,16720,-50,-0.3,16250,17340,1400-2-25,2021-05-15
241,وخاور,بانك خاورميانه,230,2758412,23261927920,8360,8380,8420,60,0.72,8390,30,0.36,8380,8580,1400-2-25,2021-05-15
242,حسينا,توسعه خدمات دريايي وبندري سينا,227,343299,19822946075,57341,57460,57500,159,0.28,57743,402,0.7,56840,58550,1400-2-25,2021-05-15
243,لسرما,سرما آفرين‌,227,1397243,31969018800,24080,22880,22880,-1200,-4.98,22880,-1200,-4.98,22880,23170,1400-2-25,2021-05-15
244,زر,صندوق س.پشتوانه سكه طلاي زر,224,116398,5073606986,42672,43400,43536,864,2.02,43588,916,2.15,43133,44590,1400-2-25,2021-05-15
245,ضخود7077,اختيارخ خودرو-3000-1400/07/07,221,11623,556128000,52,58,39,-13,-25,48,-4,-7.69,34,70,1400-2-25,2021-05-15
246,كاريس,صندوق س.سپهر كاريزما-س,218,726621,7826890851,10683,10600,10709,26,0.24,10772,89,0.83,10600,10900,1400-2-25,2021-05-15
247,ضخود4002,اختيارخ خودرو-1800-1400/04/02,216,12564,2114823000,152,150,160,8,5.26,168,16,10.53,147,188,1400-2-25,2021-05-15
248,تيپيكو,سرمايه گذاري دارويي تامين,213,208865,7061285450,34200,32850,33850,-350,-1.02,34150,-50,-0.15,32850,34510,1400-2-25,2021-05-15
249,تنوين,تامين سرمايه نوين,212,1206537,8798839370,7240,7250,7310,70,0.97,7250,10,0.14,7250,7340,1400-2-25,2021-05-15
250,وحكمت,بيمه حكمت صبا,212,2586289,8342831204,3324,3225,3225,-99,-2.98,3240,-84,-2.53,3225,3320,1400-2-25,2021-05-15
251,دالبر,البرزدارو,207,1261831,17574678350,14650,13920,13920,-730,-4.98,13930,-720,-4.91,13920,14280,1400-2-25,2021-05-15
252,دسبحانح,ح. سبحان دارو,206,214263,2361709350,11290,11130,11200,-90,-0.8,11020,-270,-2.39,10380,11240,1400-2-25,2021-05-15
253,اطلس,صندوق س.توسعه اندوخته آينده-س,193,56341,11262032932,197528,197000,199500,1972,1,199891,2363,1.2,196000,201000,1400-2-25,2021-05-15
254,تماوندح,ح . تامين سرمايه دماوند,188,6594550,24222363261,3786,3673,3673,-113,-2.98,3673,-113,-2.98,3673,3700,1400-2-25,2021-05-15
255,تسه9803,امتياز تسهيلات مسكن خرداد98,186,3258,1789393713,544560,540000,550000,5440,1,549231,4671,0.86,522222,564800,1400-2-25,2021-05-15
256,بخاور,بيمه زندگي خاورميانه,185,1696162,10893572649,6760,6422,6422,-338,-5,6502,-258,-3.82,6422,6620,1400-2-25,2021-05-15
257,زكوثر,سرمايه گذاري كشاورزي كوثر,183,299237,5826144390,21630,19470,19470,-2160,-9.99,21040,-590,-2.73,19470,19470,1400-2-25,2021-05-15
258,سخزر,سيمان‌ خزر,182,764749,15615951270,21440,20370,20370,-1070,-4.99,20420,-1020,-4.76,20370,21440,1400-2-25,2021-05-15
259,ثهام,صندوق س ثروت هامرز-سهام,180,3771456,37714560000,10000,10000,10000,0,0,10000,0,0,10000,10000,1400-2-25,2021-05-15
260,آساس,صندوق س.آسمان آرماني سهام-س,177,69922,11436960685,161847,160050,163880,2033,1.26,163567,1720,1.06,159700,165000,1400-2-25,2021-05-15
261,دمعيار,صندوق س. توازن معيار-د,175,8471827,85749653767,10113,10125,10128,15,0.15,10122,9,0.09,10110,10129,1400-2-25,2021-05-15
262,ثباغ,شهر سازي و خانه سازي باغميشه,165,339021,4798483013,14866,14123,14123,-743,-5,14627,-239,-1.61,14123,14500,1400-2-25,2021-05-15
263,فسرب,ملي‌ سرب‌وروي‌ ايران‌,163,135904,9851680960,76300,72490,72490,-3810,-4.99,73670,-2630,-3.45,72490,72490,1400-2-25,2021-05-15
264,غمينو,شركت صنايع غذايي مينو شرق,163,2232883,22216601500,11360,10000,9500,-1860,-16.37,9950,-1410,-12.41,9500,10000,1400-2-25,2021-05-15
265,تسه9907,امتياز تسهيلات مسكن مهر99,160,1790,1005858297,552008,546700,558001,5993,1.09,561932,9924,1.8,546700,579608,1400-2-25,2021-05-15
266,زرين,صندوق س. سهام زرين كوروش-س,152,566557,5536081864,9757,9166,9870,113,1.16,9771,14,0.14,9166,9991,1400-2-25,2021-05-15
267,خمهر,مهركام‌پارس‌,150,4216990,9218340140,2428,2186,2186,-242,-9.97,2263,-165,-6.8,2186,2186,1400-2-25,2021-05-15
268,ضپاس7029,اختيارخ وپارس-2500-1400/07/28,146,7942,1696178000,300,280,217,-83,-27.67,214,-86,-28.67,200,280,1400-2-25,2021-05-15
269,قثابت,قند ثابت‌ خراسان‌,144,226978,13797992620,67540,60790,60790,-6750,-9.99,60790,-6750,-9.99,60790,60790,1400-2-25,2021-05-15
270,اتكام,شركت بيمه اتكايي امين,144,1078735,4835484239,4709,4474,4496,-213,-4.52,4632,-77,-1.64,4474,4685,1400-2-25,2021-05-15
271,سحرخيز,صندوق س. گروه زعفران سحرخيز,144,411858,3475774855,8406,8579,8520,114,1.36,8439,33,0.39,8350,8590,1400-2-25,2021-05-15
272,كسرا,سراميك‌هاي‌صنعتي‌اردكان‌,141,525491,9837191520,20790,18720,18720,-2070,-9.96,19280,-1510,-7.26,18720,18720,1400-2-25,2021-05-15
273,چكاپا,گروه صنايع كاغذ پارس,140,754201,3710668920,5170,4920,4920,-250,-4.84,5120,-50,-0.97,4920,4920,1400-2-25,2021-05-15
274,سمتاز,سيمان ممتازان كرمان,139,220334,5240070449,23587,23700,23660,73,0.31,23689,102,0.43,23305,24142,1400-2-25,2021-05-15
275,ختوقا,قطعات‌ اتومبيل‌ ايران‌,138,4189797,9770606604,2454,2332,2332,-122,-4.97,2370,-84,-3.42,2332,2332,1400-2-25,2021-05-15
276,شصفها,پتروشيمي‌ اصفهان‌,134,109145,13519347702,125456,124418,122950,-2506,-2,124010,-1446,-1.15,122947,126550,1400-2-25,2021-05-15
277,دلر,داروسازي‌ اكسير,133,439707,14606119800,34910,33170,33170,-1740,-4.98,33260,-1650,-4.73,33170,34160,1400-2-25,2021-05-15
278,ضشنا2001,اختيارخ شپنا-10000-1400/02/27,132,2056,1651789000,497,80,790,293,58.95,803,306,61.57,80,980,1400-2-25,2021-05-15
279,وزمين,بانك ايران زمين,129,10026668,124741776588,12694,12441,12441,-253,-1.99,12441,-253,-1.99,12441,12441,1400-2-25,2021-05-15
280,سكرما,سيمان‌ كرمان‌,126,633754,9162944620,15190,14450,14450,-740,-4.87,14720,-470,-3.09,14440,15100,1400-2-25,2021-05-15
281,ولبهمن,شركت بهمن ليزينگ,126,1448414,10464791150,7605,7225,7225,-380,-5,7326,-279,-3.67,7225,7225,1400-2-25,2021-05-15
282,فردا,صندوق س آواي فرداي زاگرس-ثابت,123,3596247,38436553169,10670,10688,10688,18,0.17,10688,18,0.17,10687,10689,1400-2-25,2021-05-15
283,ارمغان,ص سرمايه گذاري ارمغان ايرانيان,122,1445083,14526078585,10039,10057,10061,22,0.22,10052,13,0.13,10045,10061,1400-2-25,2021-05-15
284,تسه9904,امتياز تسهيلات مسكن تير99,122,1344,754089000,553305,535222,560000,6695,1.21,561078,7773,1.4,535222,578998,1400-2-25,2021-05-15
285,فاراك,ماشين‌ سازي‌ اراك‌,122,3586496,8098307968,2376,2258,2258,-118,-4.97,2309,-67,-2.82,2258,2258,1400-2-25,2021-05-15
286,تسه9906,امتياز تسهيلات مسكن شهريور99,119,2014,1133889001,553897,531000,557000,3103,0.56,563003,9106,1.64,531000,580100,1400-2-25,2021-05-15
287,ضشنا2002,اختيارخ شپنا-12000-1400/02/27,115,5323,38614000,20,12,3,-17,-85,7,-13,-65,2,18,1400-2-25,2021-05-15
288,خراسان,پتروشيمي خراسان,114,140021,9484551090,67970,66210,67800,-170,-0.25,67920,-50,-0.07,66210,67970,1400-2-25,2021-05-15
289,هنوري102,اختيارف ت نوري59561-01/02/15,114,300000,429000000,2190,1430,1430,-760,-34.7,1430,-760,-34.7,1430,1430,1400-2-25,2021-05-15
290,ثبهساز,بهساز كاشانه تهران,114,2196017,4728024601,2266,2153,2153,-113,-4.99,2235,-31,-1.37,2153,2153,1400-2-25,2021-05-15
291,آريان,سرمايه گذاري پارس آريان,114,2040098,21447550274,10207,10513,10513,306,3,10286,79,0.77,10513,10513,1400-2-25,2021-05-15
292,فگستر4,گسترش صنايع روي ايرانيان,112,7772075,48023651425,6179,6179,6179,0,0,6179,0,0,6179,6179,1400-2-25,2021-05-15
293,ضملي3003,اختيارخ فملي-12000-1400/03/02,112,1876,2087426000,993,700,1001,8,0.81,1113,120,12.08,700,1450,1400-2-25,2021-05-15
294,لبوتان,گروه‌صنعتي‌بوتان‌,112,60334,3373995660,58510,55700,55660,-2850,-4.87,57950,-560,-0.96,55590,57650,1400-2-25,2021-05-15
295,اخزا910,اسنادخزانه-م10بودجه99-020807,111,211318,127635730137,603973,604000,604000,27,0,603998,25,0,602020,605000,1400-2-25,2021-05-15
296,تسه9905,امتياز تسهيلات مسكن مرداد99,108,1143,639751346,557196,534111,575000,17804,3.2,559712,2516,0.45,534111,575000,1400-2-25,2021-05-15
297,كدما,معدني‌ دماوند,104,113513,10380763850,96260,91450,91450,-4810,-5,92760,-3500,-3.64,91450,91450,1400-2-25,2021-05-15
298,ضخود7072,اختيارخ خودرو-1400-1400/07/07,100,4459,2759210000,602,630,600,-2,-0.33,619,17,2.82,600,670,1400-2-25,2021-05-15
299,تماوند,تامين سرمايه دماوند,99,1429500,7353476931,5300,5141,5141,-159,-3,5220,-80,-1.51,5141,5280,1400-2-25,2021-05-15
300,بكهنوج,توليد برق ماهتاب كهنوج,98,919302,1424918100,1631,1550,1550,-81,-4.97,1623,-8,-0.49,1550,1550,1400-2-25,2021-05-15
301,دفرا,فرآورده‌هاي‌ تزريقي‌ ايران‌,97,305932,7647692670,26050,24750,24750,-1300,-4.99,25490,-560,-2.15,24750,26000,1400-2-25,2021-05-15
302,خفولا,خدمات فني فولاد يزد,97,448442,18761019512,43129,41836,41836,-1293,-3,41836,-1293,-3,41836,41836,1400-2-25,2021-05-15
303,شفارا,پتروشيمي فارابي,93,2777049,10772173071,3998,3879,3879,-119,-2.98,3879,-119,-2.98,3879,3879,1400-2-25,2021-05-15
304,تكشا,گسترش‌صنايع‌وخدمات‌كشاورزي‌,92,534403,23513732000,46310,44000,44000,-2310,-4.99,44000,-2310,-4.99,44000,44000,1400-2-25,2021-05-15
305,آتيمس,صندوق س.آرمان آتيه درخشان مس-س,91,31249,5370672267,172254,171100,172000,-254,-0.15,171867,-387,-0.22,170500,174999,1400-2-25,2021-05-15
306,ضپاس7028,اختيارخ وپارس-2000-1400/07/28,91,4717,2420694000,606,520,529,-77,-12.71,513,-93,-15.35,500,530,1400-2-25,2021-05-15
307,تسه9903,امتياز تسهيلات مسكن خرداد99,87,820,457470357,549471,544100,560000,10529,1.92,557891,8420,1.53,544100,565000,1400-2-25,2021-05-15
308,وپويا,سرمايه گذاري پويا,87,594573,3597761223,6369,6051,6051,-318,-4.99,6289,-80,-1.26,6051,6051,1400-2-25,2021-05-15
309,دارا,صندوق س. دارا الگوريتم-د,84,1663940,16714564217,10040,10055,10044,4,0.04,10045,5,0.05,10032,10055,1400-2-25,2021-05-15
310,سكه0112پ03,تمام سكه طرح جديد0112سامان,81,23600,24049609300,1001930,1014999,1021500,19570,1.95,1019051,17121,1.71,1013999,1023998,1400-2-25,2021-05-15
311,گوهر2,صندوق سكه طلاي كيان,80,800000,800000,49425,1,1,-49424,-100,1,-49424,-100,1,1,1400-2-25,2021-05-15
312,ضخود7076,اختيارخ خودرو-2500-1400/07/07,80,2231,269410000,114,95,111,-3,-2.63,121,7,6.14,95,139,1400-2-25,2021-05-15
313,مارون,پتروشيمي مارون,79,14912,2187893608,147402,146354,145000,-2402,-1.63,147387,-15,-0.01,140502,148700,1400-2-25,2021-05-15
314,بمپنا,توليد برق عسلويه  مپنا,77,47841,3176272897,69870,66377,66377,-3493,-5,69299,-571,-0.82,66377,68740,1400-2-25,2021-05-15
315,سپاس,صندوق س. پاداش سهامداري-ثابت,76,1737573,17470145893,10039,10055,10054,15,0.15,10054,15,0.15,10054,10058,1400-2-25,2021-05-15
316,تسه9901,امتياز تسهيلات مسكن فروردين99,75,583,326156595,556996,535555,560000,3004,0.54,559445,2449,0.44,535555,579999,1400-2-25,2021-05-15
317,تسه9812,امتياز تسهيلات مسكن اسفند98,74,684,380635998,546028,531004,556000,9972,1.83,556485,10457,1.92,531004,573329,1400-2-25,2021-05-15
318,نهال,صندوق س. طلاي سرخ نوويرا,73,59837,523383432,8792,8534,8720,-72,-0.82,8747,-45,-0.51,8534,8873,1400-2-25,2021-05-15
319,ثاخت,بين‌المللي‌توسعه‌ساختمان,72,1029205,2402164470,2456,2334,2334,-122,-4.97,2435,-21,-0.86,2334,2334,1400-2-25,2021-05-15
320,وسبحان,سرمايه گذاري سبحان,71,3673426,9782333438,2803,2663,2663,-140,-4.99,2707,-96,-3.42,2663,2663,1400-2-25,2021-05-15
321,تسه9804,امتياز تسهيلات مسكن تير98,71,1008,559636149,546454,538990,562299,15845,2.9,555195,8741,1.6,538990,573000,1400-2-25,2021-05-15
322,دارو,كارخانجات‌داروپخش‌,70,193488,6146698230,33430,31760,31760,-1670,-5,32890,-540,-1.62,31760,32430,1400-2-25,2021-05-15
323,اخزا909,اسنادخزانه-م9بودجه99-020316,69,150442,98856171008,655226,657000,657000,1774,0.27,657105,1879,0.29,653000,658000,1400-2-25,2021-05-15
324,تسه9806,امتياز تسهيلات مسكن شهريور98,68,1207,680188392,552815,544430,566495,13680,2.47,563536,10721,1.94,544430,568979,1400-2-25,2021-05-15
325,وتوصا,گروه س توسعه صنعتي ايران,68,1548810,16448362200,11170,10620,10620,-550,-4.92,10640,-530,-4.74,10620,10620,1400-2-25,2021-05-15
326,سبزوا,سيمان لار سبزوار,68,375142,1180571874,3312,3147,3147,-165,-4.98,3298,-14,-0.42,3147,3147,1400-2-25,2021-05-15
327,كفپارس,فرآورده‌هاي‌ نسوز پارس‌,67,612335,1895789160,3258,3096,3096,-162,-4.97,3236,-22,-0.68,3096,3096,1400-2-25,2021-05-15
328,آساميد,صندوق س.مشترك آسمان اميد -د,67,1359117,16330152119,12010,12015,12017,7,0.06,12015,5,0.04,12015,12018,1400-2-25,2021-05-15
329,ونيرو,سرمايه‌گذاري‌نيرو,67,710962,1718395154,2544,2417,2417,-127,-4.99,2529,-15,-0.59,2417,2417,1400-2-25,2021-05-15
330,سپر,صندوق س سپر سرمايه بيدار- ثابت,66,1137546,13428386886,11790,11800,11803,13,0.11,11805,15,0.13,11800,11805,1400-2-25,2021-05-15
331,خاتم,صندوق س خاتم ايساتيس پويا-ثابت,65,388808,4316468149,11094,11109,11102,8,0.07,11102,8,0.07,11097,11109,1400-2-25,2021-05-15
332,اخزا901,اسنادخزانه-م1بودجه99-010621,65,84039,64009305275,760668,760668,761662,994,0.13,761662,994,0.13,760668,763000,1400-2-25,2021-05-15
333,كالا,بورس كالاي ايران,65,102880,3081256000,31520,29950,29950,-1570,-4.98,31360,-160,-0.51,29950,29950,1400-2-25,2021-05-15
334,صايند,صندوق س. گنجينه آينده روشن-د,65,216020,2093718880,9698,9683,9708,10,0.1,9692,-6,-0.06,9676,9718,1400-2-25,2021-05-15
335,اخزا902,اسنادخزانه-م2بودجه99-011019,64,74926,53455038797,710906,711501,714298,3392,0.48,713438,2532,0.36,711501,714591,1400-2-25,2021-05-15
336,كوير,توليدي فولاد سپيد فراب كوير,63,1245350,22466114000,18980,18040,18040,-940,-4.95,18710,-270,-1.42,18040,18040,1400-2-25,2021-05-15
337,خمحركه,نيرو محركه‌,62,813496,3438647592,4449,4227,4227,-222,-4.99,4395,-54,-1.21,4227,4227,1400-2-25,2021-05-15
338,اخزا903,اسنادخزانه-م3بودجه99-011110,62,141843,99919771556,703328,703300,705000,1672,0.24,704439,1111,0.16,703300,705000,1400-2-25,2021-05-15
339,ثامان,سامان‌ گستراصفهان‌,61,711130,16149762300,23900,22710,22710,-1190,-4.98,22710,-1190,-4.98,22710,22710,1400-2-25,2021-05-15
340,تسه9809,امتياز تسهيلات مسكن آذر98,61,904,506553456,547922,541255,540000,-7922,-1.45,560347,12425,2.27,530000,575318,1400-2-25,2021-05-15
341,فرابورس,فرابورس ايران,59,50554,1499785518,31228,29667,29667,-1561,-5,31158,-70,-0.22,29667,29667,1400-2-25,2021-05-15
342,تسه9811,امتياز تسهيلات مسكن بهمن98,59,764,421106711,546528,530039,573850,27322,5,551187,4659,0.85,520000,573850,1400-2-25,2021-05-15
343,دسينا,داروسازي‌ سينا,59,248322,5577312120,23640,22460,22460,-1180,-4.99,23180,-460,-1.95,22460,22460,1400-2-25,2021-05-15
344,فاما,صنعتي‌ آما,58,980285,17282424550,18550,17630,17630,-920,-4.96,17630,-920,-4.96,17630,17630,1400-2-25,2021-05-15
345,سكه0012پ04,تمام سكه طرح جديد0012صادرات,58,36200,36923979700,1002353,1015005,1021898,19545,1.95,1019999,17646,1.76,1015000,1023950,1400-2-25,2021-05-15
346,بورس,بورس اوراق بهادار تهران,58,404091,12882421080,33550,31880,31880,-1670,-4.98,33130,-420,-1.25,31880,31880,1400-2-25,2021-05-15
347,شكبير,پتروشيمي اميركبير,57,177205,14642006724,82592,81500,82990,398,0.48,82597,5,0.01,81500,84879,1400-2-25,2021-05-15
348,پلوله,گازلوله‌,57,170376,4808862600,29097,28225,28225,-872,-3,28665,-432,-1.48,28225,28225,1400-2-25,2021-05-15
349,ضپيك7041,اختيارخ تاپيكو-7070-00/07/18,57,3116,5192513000,2443,1700,1749,-694,-28.41,1666,-777,-31.81,1600,1750,1400-2-25,2021-05-15
350,وملي,گروه‌ صنعتي‌ ملي‌ (هلدينگ‌,56,11689,1879824980,169280,160820,160820,-8460,-5,168280,-1000,-0.59,160820,160820,1400-2-25,2021-05-15
351,دانا,بيمه دانا,55,2460268,15229058920,6510,6190,6190,-320,-4.92,6190,-320,-4.92,6190,6190,1400-2-25,2021-05-15
352,اميد,تامين سرمايه اميد,55,1111074,8188615380,7750,7370,7370,-380,-4.9,7640,-110,-1.42,7370,7370,1400-2-25,2021-05-15
353,انرژي3,سايراشخاص بورس انرژي,55,8457,1999742220,248900,236460,236460,-12440,-5,248460,-440,-0.18,236460,236460,1400-2-25,2021-05-15
354,دماوند,توليد نيروي برق دماوند,55,119423,3511513892,30951,29404,29404,-1547,-5,30867,-84,-0.27,29404,29404,1400-2-25,2021-05-15
355,افق ملت,صندوق س در سهام افق ملت,54,16275,2038242020,124080,124500,124800,720,0.58,125240,1160,0.93,123550,126000,1400-2-25,2021-05-15
356,تسه9805,امتياز تسهيلات مسكن مرداد98,54,565,317076335,553331,540070,555740,2409,0.44,561197,7866,1.42,540070,570997,1400-2-25,2021-05-15
357,اخزا908,اسنادخزانه-م8بودجه99-020606,53,160638,100677583385,626937,627000,626590,-347,-0.06,626736,-201,-0.03,623252,627100,1400-2-25,2021-05-15
358,غپينو,پارس‌ مينو,53,161225,922207000,6020,5720,5720,-300,-4.98,6000,-20,-0.33,5720,5720,1400-2-25,2021-05-15
359,هاي وب,داده گسترعصرنوين-هاي وب,53,144314,1425822320,10400,9880,9880,-520,-5,10380,-20,-0.19,9880,9880,1400-2-25,2021-05-15
360,سقاين,سيمان‌ قائن‌,53,235774,14488312300,64680,61450,61450,-3230,-4.99,61450,-3230,-4.99,61450,61450,1400-2-25,2021-05-15
361,دفارا,داروسازي‌ فارابي‌,52,165384,9592272000,64440,58000,58000,-6440,-9.99,60000,-4440,-6.89,58000,58000,1400-2-25,2021-05-15
362,ضشنا8003,اختيارخ شپنا-8800-1400/08/16,52,864,1525877000,2000,1650,2030,30,1.5,1766,-234,-11.7,1650,2050,1400-2-25,2021-05-15
363,تسه9808,امتياز تسهيلات مسكن آبان98,51,450,250145236,551954,541100,555000,3046,0.55,555878,3924,0.71,541100,568998,1400-2-25,2021-05-15
364,زعف0008پ05,زعفران0008نگين زرين(پ),51,30299,3555796998,119277,117001,119300,23,0.02,117357,-1920,-1.61,111890,119995,1400-2-25,2021-05-15
365,وبازار,صندوق س شاخصي بازارآشنا,50,75713,691457650,9110,9100,9100,-10,-0.11,9130,20,0.22,9100,9240,1400-2-25,2021-05-15
366,زملارد,كشاورزي و دامپروري ملارد شير,50,43214,1541270524,37543,35666,35666,-1877,-5,37340,-203,-0.54,35666,35666,1400-2-25,2021-05-15
367,ضشنا2000,اختيارخ شپنا-9000-1400/02/27,49,624,1028899000,1420,1390,1800,380,26.76,1649,229,16.13,1207,1980,1400-2-25,2021-05-15
368,تليسه,دامداري تليسه نمونه,48,246303,1016246178,4343,4126,4126,-217,-5,4328,-15,-0.35,4126,4126,1400-2-25,2021-05-15
369,ضملي3004,اختيارخ فملي-14000-1400/03/02,48,1960,405744000,282,300,149,-133,-47.16,207,-75,-26.6,120,300,1400-2-25,2021-05-15
370,سپيدار,سپيدار سيستم آسيا,47,70387,3927172278,58730,55794,55794,-2936,-5,57921,-809,-1.38,55794,55794,1400-2-25,2021-05-15
371,كبافق,معادن‌ بافق‌,46,64992,2975333760,48180,45780,45780,-2400,-4.98,47860,-320,-0.66,45780,45780,1400-2-25,2021-05-15
372,شاروم,پتروشيمي اروميه,46,48543,890035905,19299,18335,18335,-964,-5,19239,-60,-0.31,18335,18335,1400-2-25,2021-05-15
373,اخزا911,اسنادخزانه-م11بودجه99-020906,46,130052,77381743078,594525,592000,593026,-1499,-0.25,595006,481,0.08,590018,596450,1400-2-25,2021-05-15
374,وهور,مديريت انرژي اميد  تابان هور,45,497448,946643544,2003,1903,1903,-100,-4.99,2001,-2,-0.1,1903,1903,1400-2-25,2021-05-15
375,غگرجي,بيسكويت‌  گرجي‌,44,913899,15764757750,18150,17250,17250,-900,-4.96,17250,-900,-4.96,17250,17250,1400-2-25,2021-05-15
376,تسه9807,امتياز تسهيلات مسكن مهر98,44,407,226115527,547173,550000,552010,4837,0.88,555566,8393,1.53,534020,574500,1400-2-25,2021-05-15
377,صنوين,صندوق سرمايه‌گذاري صنوين-مختلط,43,5320,556736420,103800,103810,105450,1650,1.59,104650,850,0.82,103810,105980,1400-2-25,2021-05-15
378,سغرب,سيمان‌غرب‌,43,457999,14266668850,32780,31150,31150,-1630,-4.97,31150,-1630,-4.97,31150,31150,1400-2-25,2021-05-15
379,اخزا905,اسنادخزانه-م5بودجه99-020218,42,214553,142665809436,663011,663500,665000,1989,0.3,664944,1933,0.29,663500,666000,1400-2-25,2021-05-15
380,خودكفا,اقتصادي و خودكفايي آزادگان,41,52318,897881516,17692,17162,17162,-530,-3,17679,-13,-0.07,17162,17162,1400-2-25,2021-05-15
381,ضپاس2001,اختيارخ وپارس-2500-1400/02/29,41,1754,57829000,57,30,31,-26,-45.61,33,-24,-42.11,19,59,1400-2-25,2021-05-15
382,غشان,شيرپاستوريزه‌پگاه‌خراسان‌,41,2016254,14718654200,7680,7300,7300,-380,-4.95,7300,-380,-4.95,7300,7300,1400-2-25,2021-05-15
383,ضصاد3001,اختيارخ وبصادر-2000-1400/03/12,41,1307,291896000,209,250,200,-9,-4.31,223,14,6.7,161,250,1400-2-25,2021-05-15
384,فزرين,زرين معدن آسيا,40,70442,1800074868,26898,25554,25554,-1344,-5,26728,-170,-0.63,25554,25554,1400-2-25,2021-05-15
385,ساروج,بين المللي ساروج بوشهر,40,102517,1789915086,17390,17911,17450,60,0.35,17402,12,0.07,17009,17911,1400-2-25,2021-05-15
386,پتاير,ايران‌ تاير,39,115486,400389962,3649,3467,3467,-182,-4.99,3644,-5,-0.14,3467,3467,1400-2-25,2021-05-15
387,ستران,سيمان‌ تهران‌,39,221521,4908905360,23320,22160,22160,-1160,-4.97,22950,-370,-1.59,22160,22160,1400-2-25,2021-05-15
388,ضپاس2000,اختيارخ وپارس-2000-1400/02/29,39,1717,659682000,380,333,395,15,3.95,384,4,1.05,328,440,1400-2-25,2021-05-15
389,فراز,صندوق س.سهام فراز داريك-س,39,242870,2507771630,10318,10322,10324,6,0.06,10326,8,0.08,10322,10328,1400-2-25,2021-05-15
390,وارس,سرمايه گذاري ارس صبا,39,817330,13517820870,17050,16539,16539,-511,-3,16539,-511,-3,16539,16539,1400-2-25,2021-05-15
391,دابور,داروسازي‌ ابوريحان‌,39,136157,4916629270,38010,36110,36110,-1900,-5,37350,-660,-1.74,36110,36110,1400-2-25,2021-05-15
392,سكه0011پ02,تمام سكه طرح جديد0011ملت,38,4900,5001802400,1000371,1018886,1023699,23328,2.33,1020776,20405,2.04,1015000,1023699,1400-2-25,2021-05-15
393,ملت,بيمه ملت,37,211112,3120235360,15550,14780,14780,-770,-4.95,15410,-140,-0.9,14780,14780,1400-2-25,2021-05-15
394,غشهداب,كشت و صنعت شهداب ناب خراسان,37,165525,622208475,3956,3759,3759,-197,-4.98,3947,-9,-0.23,3759,3759,1400-2-25,2021-05-15
395,زعف0008پ16,زعفران0008نگين بيرجند(پ),36,4926,576678449,117610,115555,117001,-609,-0.52,117068,-542,-0.46,115101,118888,1400-2-25,2021-05-15
396,غزر,صنعتي زر ماكارون,35,71125,1731893750,25630,24350,24350,-1280,-4.99,25560,-70,-0.27,24350,24350,1400-2-25,2021-05-15
397,فيروزا,صندوق بادرآمد ثابت فيروزه آسيا,34,70007,1604105681,22882,22934,22904,22,0.1,22914,32,0.14,22900,22992,1400-2-25,2021-05-15
398,ودي,بيمه  دي,34,95362,1882541242,20779,19741,19741,-1038,-5,20680,-99,-0.48,19741,19741,1400-2-25,2021-05-15
399,ثشاهد,سرمايه‌ گذاري‌ شاهد,33,130408,2147819760,17330,16470,16470,-860,-4.96,17260,-70,-0.4,16470,16470,1400-2-25,2021-05-15
400,ضشنا8002,اختيارخ شپنا-7800-1400/08/16,32,216,562995000,2814,2600,2800,-14,-0.5,2606,-208,-7.39,2500,2800,1400-2-25,2021-05-15
401,نوين,بيمه نوين,32,125567,704807571,5908,5613,5613,-295,-4.99,5893,-15,-0.25,5613,5613,1400-2-25,2021-05-15
402,شدوص,دوده‌ صنعتي‌ پارس‌,32,604766,14369240160,25010,23760,23760,-1250,-5,23760,-1250,-5,23760,23760,1400-2-25,2021-05-15
403,وپخش,داروپخش‌ (هلدينگ‌,32,12509,1194859680,100540,95520,95520,-5020,-4.99,100350,-190,-0.19,95520,95520,1400-2-25,2021-05-15
404,ضملي7002,اختيارخ فملي-9720-1400/07/11,31,280,1183496000,3982,4700,4200,218,5.47,4227,245,6.15,4150,4700,1400-2-25,2021-05-15
405,وآرين,شركت توسعه اقتصادي آرين,30,275025,911432850,3488,3314,3314,-174,-4.99,3471,-17,-0.49,3314,3314,1400-2-25,2021-05-15
406,اراد33,مرابحه عام دولت3-ش.خ 0303,30,118400,104767235400,897000,899990,875000,-22000,-2.45,884858,-12142,-1.35,860000,918490,1400-2-25,2021-05-15
407,كرازي,كارخانجات‌توليدي‌شيشه‌رازي‌,29,39454,839581120,22400,21280,21280,-1120,-5,22330,-70,-0.31,21280,21280,1400-2-25,2021-05-15
408,غمارگ,مارگارين‌,29,604265,17976883750,31310,29750,29750,-1560,-4.98,29750,-1560,-4.98,29750,29750,1400-2-25,2021-05-15
409,گنجين,صندوق س. گنجينه يكم آويد-د,28,378109,4849662143,12803,12830,12822,19,0.15,12826,23,0.18,12818,12833,1400-2-25,2021-05-15
410,شكلر,نيروكلر,27,25768,1044119360,42650,40520,40520,-2130,-4.99,42490,-160,-0.38,40520,40520,1400-2-25,2021-05-15
411,ديران,ايران‌دارو,27,334254,5622152280,17700,16820,16820,-880,-4.97,17350,-350,-1.98,16820,16820,1400-2-25,2021-05-15
412,اخزا906,اسنادخزانه-م6بودجه99-020321,27,66234,50192480817,761324,723264,767999,6675,0.88,757805,-3519,-0.46,723258,769994,1400-2-25,2021-05-15
413,سخاش,سيمان‌خاش‌,26,53326,7124886860,140640,133610,133610,-7030,-5,137130,-3510,-2.5,133610,133610,1400-2-25,2021-05-15
414,كهمدا,شيشه‌ همدان‌,26,107206,1032393780,10130,9630,9630,-500,-4.94,10090,-40,-0.39,9630,9630,1400-2-25,2021-05-15
415,كگاز,شيشه‌ و گاز,25,12693,226570050,18780,17850,17850,-930,-4.95,18770,-10,-0.05,17850,17850,1400-2-25,2021-05-15
416,چكارن,كارتن‌ ايران‌,25,197294,623054452,3324,3158,3158,-166,-4.99,3317,-7,-0.21,3158,3158,1400-2-25,2021-05-15
417,بنو,بيمه تجارت نو,25,1204127,36448924290,31863,30270,30270,-1593,-5,30270,-1593,-5,30270,30270,1400-2-25,2021-05-15
418,پرديس,سرمايه گذاري پرديس,25,43911,226580760,5430,5160,5160,-270,-4.97,5430,0,0,5160,5160,1400-2-25,2021-05-15
419,بذر,صندوق س بذر اميد آفرين-سهام,25,2317,212148200,91820,92140,92990,1170,1.27,91560,-260,-0.28,91180,92990,1400-2-25,2021-05-15
420,شفا,سرمايه گذاري شفادارو,25,105020,4645034600,46550,44230,44230,-2320,-4.98,46030,-520,-1.12,44230,44230,1400-2-25,2021-05-15
421,اخزا914,اسنادخزانه-م14بودجه99-021025,24,21130,12217906252,574036,579000,577650,3614,0.63,578226,4190,0.73,577511,579999,1400-2-25,2021-05-15
422,دسبحان,سبحان دارو,24,643564,11487617400,18780,17850,17850,-930,-4.95,18030,-750,-3.99,17850,17850,1400-2-25,2021-05-15
423,ثروتم,صندوق س. ثروت آفرين پارسيان-س,24,37760,2840505800,74933,74676,74990,57,0.08,75225,292,0.39,74676,76050,1400-2-25,2021-05-15
424,اخزا811,اسنادخزانه-م11بودجه98-001013,24,13171,11563272077,877967,879300,878500,533,0.06,877934,-33,0,874809,879300,1400-2-25,2021-05-15
425,اخزا817,اسنادخزانه-م17بودجه98-010512,23,6829,5318806110,780159,780159,779000,-1159,-0.15,778856,-1303,-0.17,770720,780159,1400-2-25,2021-05-15
426,دامين,داروسازي‌ امين‌,22,114915,571127550,5230,4970,4970,-260,-4.97,5220,-10,-0.19,4970,4970,1400-2-25,2021-05-15
427,اخزا818,اسنادخزانه-م18بودجه98-010614,22,30679,23506896870,764001,761201,767000,2999,0.39,766221,2220,0.29,761201,769880,1400-2-25,2021-05-15
428,بميلا,توسعه بازرگاني آهن وفولادميلاد,22,221492,2938534364,13965,13267,13267,-698,-5,13749,-216,-1.55,13267,13267,1400-2-25,2021-05-15
429,اخزا815,اسنادخزانه-م15بودجه98-010406,22,27046,21517206895,795103,794001,795520,417,0.05,795578,475,0.06,794001,800000,1400-2-25,2021-05-15
430,اخزا907,اسنادخزانه-م7بودجه99-020704,22,80379,49438264082,615906,615009,615011,-895,-0.15,615064,-842,-0.14,615000,615990,1400-2-25,2021-05-15
431,سيستم,همكاران سيستم,21,114707,2789674240,25600,24320,24320,-1280,-5,25380,-220,-0.86,24320,24320,1400-2-25,2021-05-15
432,سمگا,گروه سرمايه گذاري ميراث فرهنگي,21,12436,338147276,28622,27191,27191,-1431,-5,28612,-10,-0.03,27191,27191,1400-2-25,2021-05-15
433,ضملي3002,اختيارخ فملي-10000-1400/03/02,21,181,569786000,2928,3171,3000,72,2.46,3148,220,7.51,2900,3399,1400-2-25,2021-05-15
434,خلنت,لنت‌ ترمزايران‌,21,10643,621338340,61450,58380,58380,-3070,-5,61320,-130,-0.21,58380,58380,1400-2-25,2021-05-15
435,ضپاس2002,اختيارخ وپارس-3000-1400/02/29,21,1051,1051000,2,1,1,-1,-50,1,-1,-50,1,1,1400-2-25,2021-05-15
436,دپارس,پارس‌ دارو,21,109863,4941637740,47340,44980,44980,-2360,-4.99,46660,-680,-1.44,44980,44980,1400-2-25,2021-05-15
437,كمنگنز,معادن‌منگنزايران‌,20,6993,583216200,87780,83400,83400,-4380,-4.99,87600,-180,-0.21,83400,83400,1400-2-25,2021-05-15
438,زعف0008پ08,زعفران0008نگين روستا(پ),20,3900,455811000,116518,112000,118100,1582,1.36,116875,357,0.31,112000,119800,1400-2-25,2021-05-15
439,زعف0008پ20,زعفران0008نگين وحدت جام(پ),20,5267,618889850,116342,117500,119000,2658,2.28,117503,1161,1,117000,119000,1400-2-25,2021-05-15
440,دتوليد,داروسازي توليد دارو,20,24100,607392300,26529,25203,25203,-1326,-5,26472,-57,-0.21,25203,25203,1400-2-25,2021-05-15
441,دسبحا,گروه دارويي سبحان,20,467834,8477152080,19070,18120,18120,-950,-4.98,18730,-340,-1.78,18120,18120,1400-2-25,2021-05-15
442,اخزا816,اسنادخزانه-م16بودجه98-010503,20,42312,33090994027,781243,779611,784500,3257,0.42,782071,828,0.11,779611,785500,1400-2-25,2021-05-15
443,اخزا808,اسنادخزانه-م8بودجه98-000817,20,47760,43237682757,904812,907000,905046,234,0.03,905312,500,0.06,905046,908700,1400-2-25,2021-05-15
444,فلوله,لوله‌وماشين‌سازي‌ايران‌,19,40689,855282780,22120,21020,21020,-1100,-4.97,22050,-70,-0.32,21020,21020,1400-2-25,2021-05-15
445,تكمبا,كمباين‌ سازي‌ ايران‌,19,176805,1313661150,7820,7430,7430,-390,-4.99,7780,-40,-0.51,7430,7430,1400-2-25,2021-05-15
446,خوساز,محورسازان‌ايران‌خودرو,19,1107275,8271344250,7860,7470,7470,-390,-4.96,7630,-230,-2.93,7470,7470,1400-2-25,2021-05-15
447,دتماد,توليدمواداوليه‌داروپخش‌,19,53085,2233285950,44280,42070,42070,-2210,-4.99,43930,-350,-0.79,42070,42070,1400-2-25,2021-05-15
448,ضجار7040,اختيارخ وتجارت-2497-1400/07/21,19,841,210090000,300,200,229,-71,-23.67,250,-50,-16.67,200,275,1400-2-25,2021-05-15
449,آكورد2,صندوق س. آرمان آتي كوثر-د,18,1800000,1800000,32030,1,1,-32029,-100,1,-32029,-100,1,1,1400-2-25,2021-05-15
450,فجام,جام‌دارو,18,503002,4909299520,10270,9760,9760,-510,-4.97,10090,-180,-1.75,9760,9760,1400-2-25,2021-05-15
451,ضمخا7075,اختيارخ اخابر-8700-1400/07/28,18,189,166273000,1062,890,885,-177,-16.67,880,-182,-17.14,800,890,1400-2-25,2021-05-15
452,اخزا716,اسنادخزانه-م16بودجه97-000407,18,1121,1097330555,975037,981000,977000,1963,0.2,978885,3848,0.39,975087,981000,1400-2-25,2021-05-15
453,كوثر,بيمه كوثر,18,27479,382809949,14664,13931,13931,-733,-5,14656,-8,-0.05,13931,13931,1400-2-25,2021-05-15
454,فرآور,فرآوري‌موادمعدني‌ايران‌,18,217034,7201188120,34920,33180,33180,-1740,-4.98,34040,-880,-2.52,33180,33180,1400-2-25,2021-05-15
455,پكوير,كوير تاير,18,36318,439447800,12730,12100,12100,-630,-4.95,12710,-20,-0.16,12100,12100,1400-2-25,2021-05-15
456,زگلدشت,كشت و دام گلدشت نمونه اصفهان,17,45840,606692400,13931,13235,13235,-696,-5,13901,-30,-0.22,13235,13235,1400-2-25,2021-05-15
457,اخزا809,اسنادخزانه-م9بودجه98-000923,17,11215,9949164419,887161,887000,890000,2839,0.32,887130,-31,0,886994,890000,1400-2-25,2021-05-15
458,ولپارس,ليزينگ پارسيان,17,21938,103722864,4976,4728,4728,-248,-4.98,4974,-2,-0.04,4728,4728,1400-2-25,2021-05-15
459,قشكر,شكرشاهرود,17,2009924,7332202752,3840,3648,3648,-192,-5,3741,-99,-2.58,3648,3648,1400-2-25,2021-05-15
460,اعتلا,شركت سرمايه گذاري اعتلاء البرز,17,35810,246945760,7258,6896,6896,-362,-4.99,7252,-6,-0.08,6896,6896,1400-2-25,2021-05-15
461,اخزا814,اسنادخزانه-م14بودجه98-010318,17,3070,2465753320,803228,801075,803250,22,0,803177,-51,-0.01,801075,804500,1400-2-25,2021-05-15
462,اخزا713,اسنادخزانه-م13بودجه97-000518,17,3888,3705827200,953000,953500,953000,0,0,953145,145,0.02,952500,954000,1400-2-25,2021-05-15
463,آپ,آسان پرداخت پرشين,17,17675,292344500,17410,16540,16540,-870,-5,17400,-10,-0.06,16540,16540,1400-2-25,2021-05-15
464,كقزوي,شيشه‌ قزوين‌,17,202408,2009911440,10237,9930,9930,-307,-3,10173,-64,-0.63,9930,9930,1400-2-25,2021-05-15
465,خرينگ,رينگ‌سازي‌مشهد,16,35532,1755280800,52000,49400,49400,-2600,-5,51680,-320,-0.62,49400,49400,1400-2-25,2021-05-15
466,شپاس,نفت پاسارگاد,16,17850,359142000,21178,20120,20120,-1058,-5,21158,-20,-0.09,20120,20120,1400-2-25,2021-05-15
467,ضشنا8004,اختيارخ شپنا-10800-1400/08/16,16,325,421230000,2000,1300,1103,-897,-44.85,1296,-704,-35.2,1103,1350,1400-2-25,2021-05-15
468,كيا,كيا الكترود شرق,16,651706,5884905180,8635,9030,9030,395,4.57,9030,395,4.57,9030,9030,1400-2-25,2021-05-15
469,لپارس,پارس‌ الكتريك‌,15,4461,384627420,90750,86220,86220,-4530,-4.99,90630,-120,-0.13,86220,86220,1400-2-25,2021-05-15
470,حريل,ريل پردازسير,14,59648,312078336,5507,5232,5232,-275,-4.99,5501,-6,-0.11,5232,5232,1400-2-25,2021-05-15
471,تكنو,تكنوتار,14,65375,1361761250,21920,20830,20830,-1090,-4.97,21820,-100,-0.46,20830,20830,1400-2-25,2021-05-15
472,زعف0008پ11,زعفران0008نگين سحرخيز(پ),14,10288,1238287300,119072,118000,122000,2928,2.46,120362,1290,1.08,118000,123666,1400-2-25,2021-05-15
473,خمحور,توليدمحورخودرو,14,2742,163944180,62930,59790,59790,-3140,-4.99,62890,-40,-0.06,59790,59790,1400-2-25,2021-05-15
474,ضفلا3004,اختيارخ فولاد-8560-1400/03/19,14,248,242746000,920,1250,810,-110,-11.96,979,59,6.41,810,1280,1400-2-25,2021-05-15
475,اخزا904,اسنادخزانه-م4بودجه99-011215,14,16792,11586913148,690214,690099,690201,-13,0,690026,-188,-0.03,689551,690500,1400-2-25,2021-05-15
476,غپاك,لبنيات‌ پاك‌,14,27208,793929440,30710,29180,29180,-1530,-4.98,30630,-80,-0.26,29180,29180,1400-2-25,2021-05-15
477,الماس,صندوق س.امين تدبيرگران فردا-س,14,1564,167877916,105900,105900,106001,101,0.1,107339,1439,1.36,105900,107999,1400-2-25,2021-05-15
478,آسام,صندوق س.آرمان سپهر آشنا-م,14,8870,916594040,103233,101007,103410,177,0.17,103336,103,0.1,101007,104990,1400-2-25,2021-05-15
479,اراد50,مرابحه عام دولت5-ش.خ0302,14,160000,160000010500,1000000,1000000,1000000,0,0,1000000,0,0,1000000,1000001,1400-2-25,2021-05-15
480,لابسا,آبسال‌,14,3967,199302080,52880,50240,50240,-2640,-4.99,52840,-40,-0.08,50240,50240,1400-2-25,2021-05-15
481,فافزا,فولاد افزا سپاهان,14,38971,1844536401,49822,47331,47331,-2491,-5,49338,-484,-0.97,47331,47331,1400-2-25,2021-05-15
482,تملي703,تسهيلات مسكن ب. ملي-خرداد97,14,198,102261667,506046,531348,531199,25153,4.97,516473,10427,2.06,480744,531348,1400-2-25,2021-05-15
483,سخند,صندوق س.سپهرخبرگان نفت-د,14,163620,1637596660,10022,10008,10010,-12,-0.12,10009,-13,-0.13,10008,10019,1400-2-25,2021-05-15
484,تبرك,گروه كارخانجات صنعتي تبرك,13,7573,142440557,19798,18809,18809,-989,-5,19790,-8,-0.04,18809,18809,1400-2-25,2021-05-15
485,فوكا,فولاد كاويان,13,26301,290967963,11405,11063,11063,-342,-3,11401,-4,-0.04,11063,11063,1400-2-25,2021-05-15
486,چفيبر,فيبر ايران‌,13,31444,414117480,13860,13170,13170,-690,-4.98,13840,-20,-0.14,13170,13170,1400-2-25,2021-05-15
487,زقيام,كشت و دام قيام اصفهان,13,24157,661877643,28841,27399,27399,-1442,-5,28774,-67,-0.23,27399,27399,1400-2-25,2021-05-15
488,قصفها,قنداصفهان‌,13,1473,218622660,156230,148420,148420,-7810,-5,156110,-120,-0.08,148420,148420,1400-2-25,2021-05-15
489,زعف0008پ19,زعفران0008نگين تروند قاينات(پ),13,4230,495628200,117441,117014,120000,2559,2.18,117170,-271,-0.23,117010,120000,1400-2-25,2021-05-15
490,خبازرس,بازرسي مهندسي و صنعتي ايران,13,41504,1042704992,25899,25123,25123,-776,-3,25816,-83,-0.32,25123,25123,1400-2-25,2021-05-15
491,گدنا,تهيه توزيع غذاي دنا آفرين فدك,13,4552,146669992,33916,32221,32221,-1695,-5,33899,-17,-0.05,32221,32221,1400-2-25,2021-05-15
492,اخزا812,اسنادخزانه-م12بودجه98-001111,12,27186,23705110733,867000,866741,867600,600,0.07,871960,4960,0.57,861201,878900,1400-2-25,2021-05-15
493,ضجار7039,اختيارخ وتجارت-1997-1400/07/21,12,711,376452000,677,590,501,-176,-26,529,-148,-21.86,501,590,1400-2-25,2021-05-15
494,باران,بيمه زندگي باران50%تاديه,12,96000,373440000,3777,3890,3890,113,2.99,3781,4,0.11,3890,3890,1400-2-25,2021-05-15
495,ولتجار,واسپاري تجارت وسرمايه ايرانيان,12,618343,4934377140,8226,7980,7980,-246,-2.99,8101,-125,-1.52,7980,7980,1400-2-25,2021-05-15
496,ثفارس,عمران‌وتوسعه‌فارس‌,12,30036,285342000,10000,9500,9500,-500,-5,9990,-10,-0.1,9500,9500,1400-2-25,2021-05-15
497,دجابر,داروسازي‌ جابرابن‌حيان‌,12,153520,2952189600,20240,19230,19230,-1010,-4.99,20070,-170,-0.84,19230,19230,1400-2-25,2021-05-15
498,وآيند,بانك  آينده,12,36987,591902961,16329,16003,16003,-326,-2,16327,-2,-0.01,16003,16003,1400-2-25,2021-05-15
499,وسديد,گروه ‌صنعتي‌سديد,11,223953,636474426,2899,2842,2842,-57,-1.97,2898,-1,-0.03,2842,2842,1400-2-25,2021-05-15
500,دشيمي,شيمي‌ داروئي‌ داروپخش‌,11,12883,373735830,30530,29010,29010,-1520,-4.98,30490,-40,-0.13,29010,29010,1400-2-25,2021-05-15
501,سيمرغ,سيمرغ,11,11850,205597500,18260,17350,17350,-910,-4.98,18250,-10,-0.05,17350,17350,1400-2-25,2021-05-15
502,غگلپا,شير پاستوريزه پگاه گلپايگان,11,7009,437824194,65753,62466,62466,-3287,-5,65652,-101,-0.15,62466,62466,1400-2-25,2021-05-15
503,وبهمن,سرمايه‌گذاري‌بهمن‌,11,138942,1878495840,14230,13520,13520,-710,-4.99,14140,-90,-0.63,13520,13520,1400-2-25,2021-05-15
504,حتوكا,حمل‌ونقل‌توكا,11,7408,150975040,21450,20380,20380,-1070,-4.99,21440,-10,-0.05,20380,20380,1400-2-25,2021-05-15
505,كلر,كلر پارس,11,1186,146291914,129841,123349,123349,-6492,-5,129782,-59,-0.05,123349,123349,1400-2-25,2021-05-15
506,پخش,پخش البرز,11,113208,3413900448,31743,30156,30156,-1587,-5,31363,-380,-1.2,30156,30156,1400-2-25,2021-05-15
507,ريشمك,توليد و صادرات ريشمك,11,22578,1212235398,56516,53691,53691,-2825,-5,56276,-240,-0.42,53691,53691,1400-2-25,2021-05-15
508,دبالك,مواد اوليه دارويي البرز بالك,11,18858,372577506,20796,19757,19757,-1039,-5,20769,-27,-0.13,19757,19757,1400-2-25,2021-05-15
509,رافزا,رايان هم افزا,11,2435,246660630,106629,101298,101298,-5331,-5,106537,-92,-0.09,101298,101298,1400-2-25,2021-05-15
510,نطرين,عطرين نخ قم,11,221514,2552062794,12127,11521,11521,-606,-5,12018,-109,-0.9,11521,11521,1400-2-25,2021-05-15
511,ضملي7004,اختيارخ فملي-13720-1400/07/11,11,103,166800000,1348,1500,1620,272,20.18,1619,271,20.1,1500,1700,1400-2-25,2021-05-15
512,فروس,فروسيليس‌ ايران‌,11,50029,250645290,5270,5010,5010,-260,-4.93,5270,0,0,5010,5010,1400-2-25,2021-05-15
513,اخزا806,اسنادخزانه-م6بودجه98-000519,11,4549,4331802769,951138,950501,952014,876,0.09,952254,1116,0.12,950501,957999,1400-2-25,2021-05-15
514,وكادو,تكادو,10,31645,490054470,15964,15486,15486,-478,-2.99,15940,-24,-0.15,15486,15486,1400-2-25,2021-05-15
515,اوصتا,صندوق انديشه ورزان صباتامين -د,10,14943,278428763,18618,18630,18632,14,0.08,18633,15,0.08,18630,18639,1400-2-25,2021-05-15
516,شپارس,بين‌ المللي‌ محصولات‌  پارس‌,10,47050,994166500,22240,21130,21130,-1110,-4.99,22160,-80,-0.36,21130,21130,1400-2-25,2021-05-15
517,دتوزيع,توزيع دارو پخش,10,111191,5316375283,50329,47813,47813,-2516,-5,49746,-583,-1.16,47813,47813,1400-2-25,2021-05-15
518,داسوه,داروسازي‌ اسوه‌,10,102010,3618294700,37330,35470,35470,-1860,-4.98,36860,-470,-1.26,35470,35470,1400-2-25,2021-05-15
519,كپرور,فرآوري زغال سنگ پروده طبس,10,3538,122460794,36434,34613,34613,-1821,-5,36418,-16,-0.04,34613,34613,1400-2-25,2021-05-15
520,كيميا,معدني كيمياي زنجان گستران,10,107959,1813603241,17683,16799,16799,-884,-5,17570,-113,-0.64,16799,16799,1400-2-25,2021-05-15
521,شكربن,كربن‌ ايران‌,10,84745,6749091800,83830,79640,79640,-4190,-5,81850,-1980,-2.36,79640,79640,1400-2-25,2021-05-15
522,شسينا,صنايع‌شيميايي‌سينا,10,1708,214576040,132240,125630,125630,-6610,-5,132140,-100,-0.08,125630,125630,1400-2-25,2021-05-15
523,فيروزه2,صندوق شاخص30 شركت فيروزه- سهام,10,100000,100000,128640,1,1,-128639,-100,1,-128639,-100,1,1,1400-2-25,2021-05-15
524,اراد35,مرابحه عام دولت3-ش.خ 0103,10,250000,237209375000,948852,948800,948800,-52,-0.01,948837,-15,0,948800,948900,1400-2-25,2021-05-15
525,تملي709,تسهيلات مسكن ب. ملي-آذر97,9,202,184142190,868186,911595,911595,43409,5,911595,43409,5,911595,911595,1400-2-25,2021-05-15
526,ضغدر3003,اختيارخ وغدير-9200-1400/03/26,9,678,1002350000,1165,1000,1499,334,28.67,1478,313,26.87,1000,1499,1400-2-25,2021-05-15
527,زشريف,كشت وصنعت شريف آباد,9,52701,260764548,5208,4948,4948,-260,-4.99,5203,-5,-0.1,4948,4948,1400-2-25,2021-05-15
528,چكاوه,صنايع‌كاغذسازي‌كاوه‌,9,48300,845250000,18420,17500,17500,-920,-4.99,18370,-50,-0.27,17500,17500,1400-2-25,2021-05-15
529,ضفلا3005,اختيارخ فولاد-9986-1400/03/19,9,414,189084000,427,440,399,-28,-6.56,457,30,7.03,399,749,1400-2-25,2021-05-15
530,لخزر,پارس‌ خزر,9,446,79017820,186490,177170,177170,-9320,-5,186440,-50,-0.03,177170,177170,1400-2-25,2021-05-15
531,ختور,رادياتور ايران‌,9,14269,265688780,19590,18620,18620,-970,-4.95,19570,-20,-0.1,18620,18620,1400-2-25,2021-05-15
532,پرداخت,به پرداخت ملت,8,2279,53169070,24550,23330,23330,-1220,-4.97,24550,0,0,23330,23330,1400-2-25,2021-05-15
533,خكاوه,سايپا ديزل,8,14290,49814940,3593,3486,3486,-107,-2.98,3592,-1,-0.03,3486,3486,1400-2-25,2021-05-15
534,غبهنوش,بهنوش‌ ايران‌,8,1977,134297610,71500,67930,67930,-3570,-4.99,71470,-30,-0.04,67930,67930,1400-2-25,2021-05-15
535,كترام,توليدي‌ كاشي‌ تكسرام‌,8,4934,227506740,48530,46110,46110,-2420,-4.99,48490,-40,-0.08,46110,46110,1400-2-25,2021-05-15
536,وآذر,سرمايه‌گذاري‌توسعه‌آذربايجان‌,8,637,51010960,84290,80080,80080,-4210,-4.99,84270,-20,-0.02,80080,80080,1400-2-25,2021-05-15
537,فسا,پتروشيمي فسا,8,72187,121490721,1771,1683,1683,-88,-4.97,1770,-1,-0.06,1683,1683,1400-2-25,2021-05-15
538,اخزا821,اسنادخزانه-م21بودجه98-020906,8,3750,2224366900,598978,593210,593020,-5958,-0.99,593164,-5814,-0.97,593020,593210,1400-2-25,2021-05-15
539,قيستو,شركت قند بيستون,8,259316,4895367448,19263,18878,18878,-385,-2,18878,-385,-2,18878,18878,1400-2-25,2021-05-15
540,غالبر,لبنيات‌ كالبر,8,13108,251673600,20210,19200,19200,-1010,-5,20190,-20,-0.1,19200,19200,1400-2-25,2021-05-15
541,زدشت,كشت و صنعت دشت خرم دره,8,3110,86899620,29412,27942,27942,-1470,-5,29403,-9,-0.03,27942,27942,1400-2-25,2021-05-15
542,بزاگرس,نيروگاه زاگرس كوثر,8,14834,100811864,7153,6796,6796,-357,-4.99,7151,-2,-0.03,6796,6796,1400-2-25,2021-05-15
543,كسعدي,كاشي‌ سعدي‌,8,7560,153241200,21330,20270,20270,-1060,-4.97,21320,-10,-0.05,20270,20270,1400-2-25,2021-05-15
544,كحافظ,كاشي‌ وسراميك‌ حافظ‌,8,6052,68871760,11970,11380,11380,-590,-4.93,11970,0,0,11380,11380,1400-2-25,2021-05-15
545,حفارس,حمل و نقل بين المللي خليج فارس,8,27796,127361272,4823,4582,4582,-241,-5,4821,-2,-0.04,4582,4582,1400-2-25,2021-05-15
546,غنوش,نوش‌ مازندران‌,8,18802,1010983540,56600,53770,53770,-2830,-5,56400,-200,-0.35,53770,53770,1400-2-25,2021-05-15
547,ضخود7073,اختيارخ خودرو-1600-1400/07/07,8,490,207940000,402,450,400,-2,-0.5,424,22,5.47,400,470,1400-2-25,2021-05-15
548,وگستر,گسترش سرمايه گذاري ايرانيان,8,10011,180378198,18966,18018,18018,-948,-5,18954,-12,-0.06,18018,18018,1400-2-25,2021-05-15
549,شگل,گلتاش‌,8,8225,78877750,10090,9590,9590,-500,-4.96,10090,0,0,9590,9590,1400-2-25,2021-05-15
550,سمايه,بانك سرمايه,7,9554,45113988,4970,4722,4722,-248,-4.99,4969,-1,-0.02,4722,4722,1400-2-25,2021-05-15
551,اخزا721,اسنادخزانه-م21بودجه97-000728,7,27067,24843327086,914666,915890,917499,2833,0.31,917846,3180,0.35,914720,918000,1400-2-25,2021-05-15
552,لكما,كارخانجات‌مخابراتي‌ايران‌,7,8616,50980872,6100,5917,5917,-183,-3,6099,-1,-0.02,5917,5917,1400-2-25,2021-05-15
553,ضترا3002,اختيارخ شتران-8000-1400/03/09,7,46,22957000,456,555,342,-114,-25,499,43,9.43,342,590,1400-2-25,2021-05-15
554,غبشهر,صنعتي‌ بهشهر,7,16750,402670000,25300,24040,24040,-1260,-4.98,25280,-20,-0.08,24040,24040,1400-2-25,2021-05-15
555,سبهان,سيمان‌ بهبهان‌,7,1526,206040520,142120,135020,135020,-7100,-5,142020,-100,-0.07,135020,135020,1400-2-25,2021-05-15
556,ثنوسا,نوسازي‌وساختمان‌تهران‌,7,109001,1343982330,12970,12330,12330,-640,-4.93,12910,-60,-0.46,12330,12330,1400-2-25,2021-05-15
557,دلقما,دارويي‌ لقمان‌,7,3796,93229760,25850,24560,24560,-1290,-4.99,25840,-10,-0.04,24560,24560,1400-2-25,2021-05-15
558,قجام,فرآوردههاي غذايي وقندتربت‌جام‌,7,300350,4400127500,14948,14650,14650,-298,-1.99,14680,-268,-1.79,14650,14650,1400-2-25,2021-05-15
559,ضجار7041,اختيارخ وتجارت-2997-1400/07/21,7,148,18636000,112,140,138,26,23.21,126,14,12.5,120,140,1400-2-25,2021-05-15
560,ومعلم,بيمه معلم,7,120403,570349011,4986,4737,4737,-249,-4.99,4976,-10,-0.2,4737,4737,1400-2-25,2021-05-15
561,مرقام,ايران‌ارقام‌,7,4014,74178720,19450,18480,18480,-970,-4.99,19440,-10,-0.05,18480,18480,1400-2-25,2021-05-15
562,ضپيك7042,اختيارخ تاپيكو-8070-00/07/18,7,46,52900000,1220,1150,1150,-70,-5.74,1150,-70,-5.74,1150,1150,1400-2-25,2021-05-15
563,فولاي,صنايع فولاد آلياژي يزد,7,8492,407675444,50533,48007,48007,-2526,-5,50461,-72,-0.14,48007,48007,1400-2-25,2021-05-15
564,سكرد,سيمان كردستان,7,14150,131736500,9790,9310,9310,-480,-4.9,9790,0,0,9310,9310,1400-2-25,2021-05-15
565,ساينا,صنايع بهداشتي ساينا,7,523,72639470,146199,138890,138890,-7309,-5,146162,-37,-0.03,138890,138890,1400-2-25,2021-05-15
566,زنگان,صنعت روي زنگان,7,4887,484912575,104447,99225,99225,-5222,-5,104269,-178,-0.17,99225,99225,1400-2-25,2021-05-15
567,غصينو,صنعتي مينو,7,1294,82346278,66986,63637,63637,-3349,-5,66983,-3,0,63637,63637,1400-2-25,2021-05-15
568,دتوزيعح,ح . توزيع دارو پخش,7,3694,157833600,44829,45600,42588,-2241,-5,42727,-2102,-4.69,42588,45600,1400-2-25,2021-05-15
569,غشاذر,پگاه‌آذربايجان‌غربي‌,7,8204,77938000,9990,9500,9500,-490,-4.9,9990,0,0,9500,9500,1400-2-25,2021-05-15
570,ضمخا7066,اختيارخ اخابر-11700-1400/07/28,7,23,15164000,602,860,402,-200,-33.22,659,57,9.47,402,860,1400-2-25,2021-05-15
571,ثنور,سرمايه گذاري كوه نور,7,29600,276286400,9622,9334,9334,-288,-2.99,9614,-8,-0.08,9334,9334,1400-2-25,2021-05-15
572,ثاباد,توريستي ورفاهي آبادگران ايران,6,1338,68853480,54160,51460,51460,-2700,-4.99,54150,-10,-0.02,51460,51460,1400-2-25,2021-05-15
573,پلاسك,پلاسكوكار,6,5380,38198000,7470,7100,7100,-370,-4.95,7470,0,0,7100,7100,1400-2-25,2021-05-15
574,تپكو,توليدتجهيزات‌سنگين‌هپكو,6,7744,41066432,5411,5303,5303,-108,-2,5411,0,0,5303,5303,1400-2-25,2021-05-15
575,ضمخا7076,اختيارخ اخابر-9700-1400/07/28,6,60,37256000,998,860,500,-498,-49.9,621,-377,-37.78,500,860,1400-2-25,2021-05-15
576,قنيشا,قند  نيشابور,6,2064,126296160,64410,61190,61190,-3220,-5,64380,-30,-0.05,61190,61190,1400-2-25,2021-05-15
577,ساروم,سيمان‌اروميه‌,6,1239,41729520,35450,33680,33680,-1770,-4.99,35440,-10,-0.03,33680,33680,1400-2-25,2021-05-15
578,غفارس,شير پاستوريزه پگاه فارس,6,13467,234393135,18321,17405,17405,-916,-5,18306,-15,-0.08,17405,17405,1400-2-25,2021-05-15
579,ضپيك7040,اختيارخ تاپيكو-6070-00/07/18,6,178,474500000,2600,2600,2700,100,3.85,2666,66,2.54,2600,2700,1400-2-25,2021-05-15
580,وآوا,سرمايه گذاري آوا نوين,6,6889,58205161,8893,8449,8449,-444,-4.99,8891,-2,-0.02,8449,8449,1400-2-25,2021-05-15
581,ختراك,ريخته‌گري‌ تراكتورسازي‌ ايران‌,6,40870,603241200,15530,14760,14760,-770,-4.96,15500,-30,-0.19,14760,14760,1400-2-25,2021-05-15
582,كسرام,پارس‌ سرام‌,6,6861,54201900,8310,7900,7900,-410,-4.93,8310,0,0,7900,7900,1400-2-25,2021-05-15
583,خكمك,كمك‌فنرايندامين‌,6,3157,81387460,27130,25780,25780,-1350,-4.98,27120,-10,-0.04,25780,25780,1400-2-25,2021-05-15
584,اروند04,منفعت صبا اروند كاردان14001113,6,8478,8389170445,1008990,1000000,989205,-19785,-1.96,989522,-19468,-1.93,989205,1000000,1400-2-25,2021-05-15
585,كپارس,كاشي‌ پارس‌,6,792,115560720,153580,145910,145910,-7670,-4.99,153520,-60,-0.04,145910,145910,1400-2-25,2021-05-15
586,ولملت,واسپاري ملت,6,24210,180606600,7850,7460,7460,-390,-4.97,7850,0,0,7460,7460,1400-2-25,2021-05-15
587,زفكا,كشت و دامداري فكا,6,76201,917231437,12670,12037,12037,-633,-5,12629,-41,-0.32,12037,12037,1400-2-25,2021-05-15
588,غدشت,دشت‌ مرغاب‌,6,863,236082280,287950,273560,273560,-14390,-5,287710,-240,-0.08,273560,273560,1400-2-25,2021-05-15
589,زشگزا,شير و گوشت زاگرس شهركرد,6,102654,802754280,8231,7820,7820,-411,-4.99,8208,-23,-0.28,7820,7820,1400-2-25,2021-05-15
590,قاسم,قاسم ايران,6,5497,68124321,13045,12393,12393,-652,-5,13042,-3,-0.02,12393,12393,1400-2-25,2021-05-15
591,اخزا720,اسنادخزانه-م20بودجه97-000324,6,25063,24637008749,982507,984400,983000,493,0.05,983003,496,0.05,983000,984400,1400-2-25,2021-05-15
592,غويتا,ويتانا,6,1790,30539190,17958,17061,17061,-897,-4.99,17957,-1,-0.01,17061,17061,1400-2-25,2021-05-15
593,غچين,كشت‌ و صنعت‌ چين‌ چين,6,5483,103354550,19840,18850,18850,-990,-4.99,19830,-10,-0.05,18850,18850,1400-2-25,2021-05-15
594,ضشنا8001,اختيارخ شپنا-6800-1400/08/16,5,5,18040000,2501,3400,3800,1299,51.94,3608,1107,44.26,3400,3800,1400-2-25,2021-05-15
595,سپرمي,پرميت‌,5,22800,205295600,8923,8834,9012,89,1,8930,7,0.08,8834,9012,1400-2-25,2021-05-15
596,سهرمز,سيمان‌هرمزگان‌,5,7536,177698880,24820,23580,23580,-1240,-5,24800,-20,-0.08,23580,23580,1400-2-25,2021-05-15
597,هجرت,پخش هجرت,5,1790,47737510,28072,26669,26669,-1403,-5,28067,-5,-0.02,26669,26669,1400-2-25,2021-05-15
598,زمگسا,كشاورزي‌ ودامپروي‌ مگسال‌,5,1032,31857840,32490,30870,30870,-1620,-4.99,32490,0,0,30870,30870,1400-2-25,2021-05-15
599,اخزا722,اسنادخزانه-م22بودجه97-000428,5,3244,3128579200,962211,964500,963853,1642,0.17,964420,2209,0.23,963853,964500,1400-2-25,2021-05-15
600,سصفها,سيمان‌اصفهان‌,5,1158,139654800,126940,120600,120600,-6340,-4.99,126900,-40,-0.03,120600,120600,1400-2-25,2021-05-15
601,وشمال,س. چشم انداز توسعه شمال,5,6238,536099958,88598,85941,85941,-2657,-3,88451,-147,-0.17,85941,85941,1400-2-25,2021-05-15
602,پسهند,صنايع‌ لاستيكي‌  سهند,5,3119,113656360,38350,36440,36440,-1910,-4.98,38330,-20,-0.05,36440,36440,1400-2-25,2021-05-15
603,نگين,ص.س. زمين و ساختمان نگين شهرري,5,1001,48052180,47800,48480,47600,-200,-0.42,48000,200,0.42,47600,48480,1400-2-25,2021-05-15
604,فردا2,صندوق س آواي فرداي زاگرس-ثابت,5,500000,500000,10670,1,1,-10669,-99.99,1,-10669,-99.99,1,1,1400-2-25,2021-05-15
605,ضترا3000,اختيارخ شتران-6000-1400/03/09,5,14,34798000,2193,2400,2500,307,14,2486,293,13.36,2400,2500,1400-2-25,2021-05-15
606,ثرود,سرمايه‌گذاري مسكن زاينده رود,5,14689,293765311,21051,19999,19999,-1052,-5,21029,-22,-0.1,19999,19999,1400-2-25,2021-05-15
607,بنيرو,نيروترانس‌,5,2781,39712680,15030,14280,14280,-750,-4.99,15030,0,0,14280,14280,1400-2-25,2021-05-15
608,غشهد,شهد ايران ‌,5,35735,246928850,7270,6910,6910,-360,-4.95,7260,-10,-0.14,6910,6910,1400-2-25,2021-05-15
609,دكيمي,كيميدارو,5,101410,2880044000,29890,28400,28400,-1490,-4.98,29590,-300,-1,28400,28400,1400-2-25,2021-05-15
610,ثقزوي,شركت عمران و سازندگي قزوين,5,5337,164822571,31838,30883,30883,-955,-3,31822,-16,-0.05,30883,30883,1400-2-25,2021-05-15
611,خشرق,الكتريك‌ خودرو شرق‌,5,4002,56748360,14920,14180,14180,-740,-4.96,14920,0,0,14180,14180,1400-2-25,2021-05-15
612,اخزا810,اسنادخزانه-م10بودجه98-001006,5,2674,2355974159,880700,876012,880580,-120,-0.01,881067,367,0.04,876012,882799,1400-2-25,2021-05-15
613,اخزا813,اسنادخزانه-م13بودجه98-010219,5,2145,1756367155,817768,822990,818001,233,0.03,818819,1051,0.13,815335,822990,1400-2-25,2021-05-15
614,مداران,داده‌پردازي‌ايران‌,5,2003,47791580,25110,23860,23860,-1250,-4.98,25110,0,0,23860,23860,1400-2-25,2021-05-15
615,قشير,قند شيروان قوچان و بجنورد,5,2196,53573616,25679,24396,24396,-1283,-5,25674,-5,-0.02,24396,24396,1400-2-25,2021-05-15
616,كمينا,شيشه سازي مينا,5,1451,35250594,25045,24294,24294,-751,-3,25042,-3,-0.01,24294,24294,1400-2-25,2021-05-15
617,كفرآور,فرآورده هاي سيمان شرق,5,1334,29920286,23609,22429,22429,-1180,-5,23605,-4,-0.02,22429,22429,1400-2-25,2021-05-15
618,غشصفا,شيرپاستوريزه‌پگاه‌اصفهان‌,5,7400,196544000,27950,26560,26560,-1390,-4.97,27930,-20,-0.07,26560,26560,1400-2-25,2021-05-15
619,تملي707,تسهيلات مسكن ب. ملي-مهر97,4,36,24482016,697493,662619,697493,0,0,680056,-17437,-2.5,662619,697493,1400-2-25,2021-05-15
620,وجامي,سرمايه گذاري جامي,4,2331,34086213,15075,14623,14623,-452,-3,15073,-2,-0.01,14623,14623,1400-2-25,2021-05-15
621,كپشير,پشم‌شيشه‌ايران‌,4,635,24117300,39970,37980,37980,-1990,-4.98,39970,0,0,37980,37980,1400-2-25,2021-05-15
622,شسم,توليد سموم‌ علف‌ كش,4,848,79391456,90022,93622,93622,3600,4,90077,55,0.06,93622,93622,1400-2-25,2021-05-15
623,ضملي3001,اختيارخ فملي-9000-1400/03/02,4,52,214399000,4348,4000,4112,-236,-5.43,4123,-225,-5.17,4000,4799,1400-2-25,2021-05-15
624,تاپكيش,تجارت الكترونيك پارسيان كيش,4,2151,37195092,18202,17292,17292,-910,-5,18200,-2,-0.01,17292,17292,1400-2-25,2021-05-15
625,تملي805,تسهيلات مسكن ب. ملي-مرداد98,4,25,16883825,643194,675353,675353,32159,5,675353,32159,5,675353,675353,1400-2-25,2021-05-15
626,ضشنا2004,اختيارخ شپنا-16000-1400/02/27,4,144,144000,1,1,1,0,0,1,0,0,1,1,1400-2-25,2021-05-15
627,تكنار,مجتمع معادن مس تكنار,4,2159,241093371,117546,111669,111669,-5877,-5,117397,-149,-0.13,111669,111669,1400-2-25,2021-05-15
628,ضفلا7004,اختيارخ فولاد-9586-1400/07/25,4,8,15917000,1990,1989,1989,-1,-0.05,1990,0,0,1989,1990,1400-2-25,2021-05-15
629,ولصنم,ليزينگ‌صنعت‌ومعدن‌,4,12158,128266900,11100,10550,10550,-550,-4.95,11100,0,0,10550,10550,1400-2-25,2021-05-15
630,ضپنا8002,اختيارخ رمپنا-13850-1400/08/05,4,113,280650000,2802,2500,2450,-352,-12.56,2484,-318,-11.35,2450,2550,1400-2-25,2021-05-15
631,شتولي,تولي‌پرس‌,4,2545,89413485,35849,35133,35133,-716,-2,35836,-13,-0.04,35133,35133,1400-2-25,2021-05-15
632,پاسا,ايران‌ياساتايرورابر,4,1098,27834300,26680,25350,25350,-1330,-4.99,26680,0,0,25350,25350,1400-2-25,2021-05-15
633,اپرداز,آتيه داده پرداز,4,1771,35781284,21267,20204,20204,-1063,-5,21264,-3,-0.01,20204,20204,1400-2-25,2021-05-15
634,سيلام,سيمان‌ ايلام‌,4,3370,35856800,11200,10640,10640,-560,-5,11200,0,0,10640,10640,1400-2-25,2021-05-15
635,برن0003پ01,برنج طارم0003تجارت مازندران(پ),4,365,103362500,282417,282500,282500,83,0.03,283185,768,0.27,282500,285000,1400-2-25,2021-05-15
636,خنصير,مهندسي‌نصيرماشين‌,4,1174,120968960,108460,103040,103040,-5420,-5,108410,-50,-0.05,103040,103040,1400-2-25,2021-05-15
637,بالاس,مهندسي ساختمان تاسيسات راه آهن,4,3346,183327340,57673,54790,54790,-2883,-5,57636,-37,-0.06,54790,54790,1400-2-25,2021-05-15
638,داوه,داروسازي آوه سينا,4,2809,53848530,20178,19170,19170,-1008,-5,20174,-4,-0.02,19170,19170,1400-2-25,2021-05-15
639,وايران,ليزينگ ايرانيان,4,1918,22939280,12580,11960,11960,-620,-4.93,12580,0,0,11960,11960,1400-2-25,2021-05-15
640,تملي612,تسهيلات مسكن بانك ملي-اسفند96,4,29,16319075,542310,569425,569425,27115,5,562727,20417,3.76,550000,569425,1400-2-25,2021-05-15
641,ضفلا3006,اختيارخ فولاد-11413-1400/03/19,4,200,7858000,80,50,36,-44,-55,39,-41,-51.25,35,50,1400-2-25,2021-05-15
642,نمرينو,ايران‌ مرينوس‌,4,833,89430880,113010,107360,107360,-5650,-5,112970,-40,-0.04,107360,107360,1400-2-25,2021-05-15
643,حخزر,كشتيراني درياي خزر,4,1003,27057931,28396,26977,26977,-1419,-5,28393,-3,-0.01,26977,26977,1400-2-25,2021-05-15
644,كشم0006پ02,كشمش تيزابي0006تاكستان(پ),4,377,81610209,206165,216472,216473,10308,5,216473,10308,5,216472,216473,1400-2-25,2021-05-15
645,ضمخا7071,اختيارخ اخابر-23700-1400/07/28,4,46,4603000,101,101,100,-1,-0.99,100,-1,-0.99,100,101,1400-2-25,2021-05-15
646,دسانكو,داروسازي سبحان انكولوژي,4,15949,224003705,14784,14045,14045,-739,-5,14772,-12,-0.08,14045,14045,1400-2-25,2021-05-15
647,ضپاس7027,اختيارخ وپارس-1800-1400/07/28,4,400,280000000,700,700,700,0,0,700,0,0,700,700,1400-2-25,2021-05-15
648,خاذين,سايپاآذين‌,4,5560,25042240,4741,4504,4504,-237,-5,4741,0,0,4504,4504,1400-2-25,2021-05-15
649,اخزا723,اسنادخزانه-م23بودجه97-000824,3,1660,1496509540,901047,901510,901512,465,0.05,901512,465,0.05,901510,901512,1400-2-25,2021-05-15
650,طشنا2008,اختيارف شپنا-28000-1400/02/27,3,300,5190000000,17780,17300,17300,-480,-2.7,17300,-480,-2.7,17300,17300,1400-2-25,2021-05-15
651,حآسا,آسيا سير ارس,3,3272,124695920,40115,38110,38110,-2005,-5,40097,-18,-0.04,38110,38110,1400-2-25,2021-05-15
652,دحاوي,الحاوي,3,2076,24615132,12223,11857,11857,-366,-2.99,12222,-1,-0.01,11857,11857,1400-2-25,2021-05-15
653,كشرق,صنعتي و معدني شمال شرق شاهرود,3,282,24649056,92008,87408,87408,-4600,-5,92000,-8,-0.01,87408,87408,1400-2-25,2021-05-15
654,ساربيل,سيمان آرتا اردبيل,3,407,20675600,53470,50800,50800,-2670,-4.99,53470,0,0,50800,50800,1400-2-25,2021-05-15
655,ومشان,س. فني و مهندسي مشانير,3,274,19093142,71838,69683,69683,-2155,-3,71834,-4,-0.01,69683,69683,1400-2-25,2021-05-15
656,رنيك,جنرال مكانيك,3,2500,52977500,22306,21191,21191,-1115,-5,22302,-4,-0.02,21191,21191,1400-2-25,2021-05-15
657,ثجوان,تامين مسكن جوانان,3,11500,123751500,11093,10761,10761,-332,-2.99,11089,-4,-0.04,10761,10761,1400-2-25,2021-05-15
658,اخزا804,اسنادخزانه-م4بودجه98-000421,3,803,775389700,965049,965618,965616,567,0.06,965616,567,0.06,965616,965618,1400-2-25,2021-05-15
659,وسنا,سرمايه گذاري نيروگاهي ايران,3,1028,15642048,15686,15216,15216,-470,-3,15686,0,0,15216,15216,1400-2-25,2021-05-15
660,غديس,پاكديس,3,1194,15234246,13430,12759,12759,-671,-5,13429,-1,-0.01,12759,12759,1400-2-25,2021-05-15
661,وملت,سرمايه گذاري ملت,3,4050,17338050,4368,4281,4281,-87,-1.99,4368,0,0,4281,4281,1400-2-25,2021-05-15
662,زنجان,صنايع كشاورزي وكود زنجان,3,6000,54408000,9348,9068,9068,-280,-3,9347,-1,-0.01,9068,9068,1400-2-25,2021-05-15
663,اخزا820,اسنادخزانه-م20بودجه98-020806,3,3170,1924360170,607738,607000,608001,263,0.04,607054,-684,-0.11,607000,608001,1400-2-25,2021-05-15
664,وايرا,سرمايه گذاري صنايع ايران,3,4249,50282666,12200,11834,11834,-366,-3,12198,-2,-0.02,11834,11834,1400-2-25,2021-05-15
665,ثالوند,سرمايه گذاري مسكن الوند,3,2069,63410712,32261,30648,30648,-1613,-5,32254,-7,-0.02,30648,30648,1400-2-25,2021-05-15
666,فالوم,آلومتك‌,3,2288,80503280,36273,35185,35185,-1088,-3,36265,-8,-0.02,35185,35185,1400-2-25,2021-05-15
667,پارسان2,گسترش نفت و گاز پارسيان,3,16430000,298754500000,18060,18200,18150,90,0.5,18183,123,0.68,18150,18200,1400-2-25,2021-05-15
668,تمحركه,ماشين سازي نيرو محركه,3,2851,68694845,24840,24095,24095,-745,-3,24835,-5,-0.02,24095,24095,1400-2-25,2021-05-15
669,بايكا,كارخانجات كابلسازي ‌ايران‌,3,2843,115701571,41955,40697,40697,-1258,-3,41940,-15,-0.04,40697,40697,1400-2-25,2021-05-15
670,چافست,افست‌,3,6500,102505000,16600,15770,15770,-830,-5,16590,-10,-0.06,15770,15770,1400-2-25,2021-05-15
671,سدبير,س. تدبيرگران فارس وخوزستان,3,225,19107000,89389,84920,84920,-4469,-5,89383,-6,-0.01,84920,84920,1400-2-25,2021-05-15
672,فنرژي,گسترش صنايع انرژي آذرآب,3,3471,64574484,18983,18604,18604,-379,-2,18978,-5,-0.03,18604,18604,1400-2-25,2021-05-15
673,وسكرمان,س.سهام عدالت استان كرمان,3,11850,11601150,1030,979,979,-51,-4.95,1030,0,0,979,979,1400-2-25,2021-05-15
674,افران2,صندوق س افرا نماد پايدار-ثابت,3,6410000,6410000,13294,1,1,-13293,-99.99,1,-13293,-99.99,1,1,1400-2-25,2021-05-15
675,اخزا718,اسنادخزانه-م18بودجه97-000525,3,406,385262812,947998,946502,948838,840,0.09,948923,925,0.1,946502,949000,1400-2-25,2021-05-15
676,خموتور,موتورسازان‌تراكتورسازي‌ايران‌,3,30000,426900000,14970,14230,14230,-740,-4.94,14950,-20,-0.13,14230,14230,1400-2-25,2021-05-15
677,دشيري,شيرين دارو,3,110,25161840,235818,228744,228744,-7074,-3,235800,-18,-0.01,228744,228744,1400-2-25,2021-05-15
678,بالبر,كابل‌ البرز,2,200,11222000,59060,56110,56110,-2950,-4.99,59060,0,0,56110,56110,1400-2-25,2021-05-15
679,كي بي سي,شركت كي بي سي,2,433,10653099,25897,24603,24603,-1294,-5,25896,-1,0,24603,24603,1400-2-25,2021-05-15
680,وصندوق2,سرمايه‌گذاري‌صندوق‌بازنشستگي‌,2,16500000,229620000000,13920,13910,13920,0,0,13916,-4,-0.03,13910,13920,1400-2-25,2021-05-15
681,فولاد2,فولاد مباركه اصفهان,2,66500000,871675000000,12730,12930,13190,460,3.61,13108,378,2.97,12930,13190,1400-2-25,2021-05-15
682,هپارس102,اختيارف ت پارس-157010-01/02/05,2,7390,25480720,4679,3448,3448,-1231,-26.31,3448,-1231,-26.31,3448,3448,1400-2-25,2021-05-15
683,وهنر,گروه توسعه هنر ايران,2,80629,644386968,8239,7992,7992,-247,-3,8223,-16,-0.19,7992,7992,1400-2-25,2021-05-15
684,فنفت,صنايع تجهيزات نفت,2,549,17236953,33049,31397,31397,-1652,-5,33046,-3,-0.01,31397,31397,1400-2-25,2021-05-15
685,اراد214,مرابحه عام دولت2ش.خ صادرات0212,2,34006000,32170264618000,1000000,946103,945915,-54085,-5.41,946017,-53983,-5.4,945915,946103,1400-2-25,2021-05-15
686,تملي708,تسهيلات مسكن ب. ملي-آبان97,2,42,35345772,801492,841566,841566,40074,5,841566,40074,5,841566,841566,1400-2-25,2021-05-15
687,خفناور,مهندسي صنعتي روان فن آور,2,717,32959056,48387,45968,45968,-2419,-5,48379,-8,-0.02,45968,45968,1400-2-25,2021-05-15
688,خكار,ايركا پارت صنعت,2,750,15607500,21900,20810,20810,-1090,-4.98,21900,0,0,20810,20810,1400-2-25,2021-05-15
689,تملي807,تسهيلات مسكن ب. ملي-مهر98,2,40,18736920,493076,468423,468423,-24653,-5,468423,-24653,-5,468423,468423,1400-2-25,2021-05-15
690,ثپرديس,سرمايه گذاري مسكن پرديس,2,1060,10231120,10159,9652,9652,-507,-4.99,10159,0,0,9652,9652,1400-2-25,2021-05-15
691,كمرجان,بازرگاني و توليدي مرجان كار,2,76,10607092,146912,139567,139567,-7345,-5,146907,-5,0,139567,139567,1400-2-25,2021-05-15
692,تابا,تابان نيرو سپاهان,2,1000,54528000,56214,54528,54528,-1686,-3,56205,-9,-0.02,54528,54528,1400-2-25,2021-05-15
693,كيسون,شركت كيسون,2,1900,21342700,11462,11233,11233,-229,-2,11462,0,0,11233,11233,1400-2-25,2021-05-15
694,اراد834,مرابحه عام دولت83-ش.خ041220,2,21048000,19231862796000,1000000,913939,913490,-86510,-8.65,913714,-86286,-8.63,913490,913939,1400-2-25,2021-05-15
695,داريك,صندوق س.اعتماد داريك-د,2,2500,26444000,10572,10579,10574,2,0.02,10578,6,0.06,10574,10579,1400-2-25,2021-05-15
696,طلا2,صندوق س.پشتوانه طلاي لوتوس,2,200000,200000,71962,1,1,-71961,-100,1,-71961,-100,1,1,1400-2-25,2021-05-15
697,ضپيك7039,اختيارخ تاپيكو-5070-00/07/18,2,40,140000000,3550,3500,3500,-50,-1.41,3500,-50,-1.41,3500,3500,1400-2-25,2021-05-15
698,غگلستا,شير پاستوريزه پگاه گلستان,2,586,15876498,28518,27093,27093,-1425,-5,28516,-2,-0.01,27093,27093,1400-2-25,2021-05-15
699,شزنگ,تجهيزنيروي‌زنگان‌,2,46,10463712,234507,227472,227472,-7035,-3,234499,-8,0,227472,227472,1400-2-25,2021-05-15
700,ضجار7037,اختيارخ وتجارت-1597-1400/07/21,2,6,5500000,1020,920,900,-120,-11.76,917,-103,-10.1,900,920,1400-2-25,2021-05-15
701,ولغدر,ليزينگ‌خودروغدير,2,1288,29791440,24340,23130,23130,-1210,-4.97,24340,0,0,23130,23130,1400-2-25,2021-05-15
702,تاپيكو2,س. نفت و گاز و پتروشيمي تأمين,2,14000000,140900000000,10100,10110,9950,-150,-1.49,10064,-36,-0.36,9950,10110,1400-2-25,2021-05-15
703,وليز,ليزينگ‌ايران‌,2,2000,18140000,9540,9070,9070,-470,-4.93,9540,0,0,9070,9070,1400-2-25,2021-05-15
704,ثغرب,شركت سرمايه گذاري مسكن شمالغرب,2,1365,10323495,7961,7563,7563,-398,-5,7961,0,0,7563,7563,1400-2-25,2021-05-15
705,ثعمرا,عمران و توسعه شاهد,2,837,10375452,13048,12396,12396,-652,-5,13048,0,0,12396,12396,1400-2-25,2021-05-15
706,اراد704,مرابحه عام دولت70-ش.خ0112,2,34228000,32175175700000,943750,940350,939700,-4050,-0.43,940025,-3725,-0.39,939700,940350,1400-2-25,2021-05-15
707,خعمرا,توسعه و عمران شهرستان نائين,2,1713,40243509,22809,23493,23493,684,3,22812,3,0.01,23493,23493,1400-2-25,2021-05-15
708,اراد494,مرابحه عام دولت4-ش.خ 0206,2,21424000,20100907320000,1009900,938385,938100,-71800,-7.11,938242,-71658,-7.1,938100,938385,1400-2-25,2021-05-15
709,همبين102,اختيارف ت مبين17952-01/02/10,2,3780,2460780,757,651,651,-106,-14,651,-106,-14,651,651,1400-2-25,2021-05-15
710,كابگن,توليدي و صنعتي آبگينه‌,2,9000,46701000,5138,5189,5189,51,0.99,5139,1,0.02,5189,5189,1400-2-25,2021-05-15
711,قنقش,قند نقش جهان,2,217,15307180,71979,70540,70540,-1439,-2,71975,-4,-0.01,70540,70540,1400-2-25,2021-05-15
712,ضصاد3003,اختيارخ وبصادر-3000-1400/03/12,2,100,200000,5,2,2,-3,-60,2,-3,-60,2,2,1400-2-25,2021-05-15
713,حپارسا,توسعه حمل و نقل ريلي پارسيان,2,800,26774400,35229,33468,33468,-1761,-5,35226,-3,-0.01,33468,33468,1400-2-25,2021-05-15
714,مفاخر,توسعه فناوري اطلاعات خوارزمي,2,670,38968540,61223,58162,58162,-3061,-5,61215,-8,-0.01,58162,58162,1400-2-25,2021-05-15
715,رتكو,كنترل‌خوردگي‌تكين‌كو,2,5825,97918250,17690,16810,16810,-880,-4.97,17680,-10,-0.06,16810,16810,1400-2-25,2021-05-15
716,كساوه,صنايع‌ كاشي‌ و سراميك‌ سينا,2,3080,206483200,70560,67040,67040,-3520,-4.99,70510,-50,-0.07,67040,67040,1400-2-25,2021-05-15
717,فلامي,لاميران‌,2,765,32566050,44810,42570,42570,-2240,-5,44800,-10,-0.02,42570,42570,1400-2-25,2021-05-15
718,زير0003پ01,زيره سبز0003كيميابذر(پ),2,21,11549500,585935,550000,549500,-36435,-6.22,549976,-35959,-6.14,549500,550000,1400-2-25,2021-05-15
719,ياقوت2,صندوق س ياقوت آگاه-ثابت,2,17769500,17769500,12353,1,1,-12352,-99.99,1,-12352,-99.99,1,1,1400-2-25,2021-05-15
720,زعف0008پ10,زعفران0008نگين طلاي سرخ(پ),2,91,11008687,119206,117907,123490,4284,3.59,120975,1769,1.48,117907,123490,1400-2-25,2021-05-15
721,ضملي7003,اختيارخ فملي-11720-1400/07/11,2,20,50000000,1805,2500,2500,695,38.5,2500,695,38.5,2500,2500,1400-2-25,2021-05-15
722,ركيش,كارت اعتباري ايران كيش,2,2500,56450000,23760,22580,22580,-1180,-4.97,23760,0,0,22580,22580,1400-2-25,2021-05-15
723,غپونه,نوش پونه مشهد,2,1299,23433960,18597,18040,18040,-557,-3,18596,-1,-0.01,18040,18040,1400-2-25,2021-05-15
724,اراد644,مرابحه عام دولتي64-ش.خ0111,2,15000000,14137225000000,944500,942445,942500,-2000,-0.21,942482,-2018,-0.21,942445,942500,1400-2-25,2021-05-15
725,اراد594,مرابحه عام دولتي5-ش.خ 0309,2,19000000,17763404000000,1000000,935125,934707,-65293,-6.53,934916,-65084,-6.51,934707,935125,1400-2-25,2021-05-15
726,وبشهر2,توسعه‌ صنايع‌ بهشهر(هلدينگ,2,8100000,77391000000,9960,9710,9500,-460,-4.62,9554,-406,-4.08,9500,9710,1400-2-25,2021-05-15
727,خزر,فنرسازي‌زر,2,361,16317200,47570,45200,45200,-2370,-4.98,47570,0,0,45200,45200,1400-2-25,2021-05-15
728,وسرمد,بيمه  سرمد,2,4990,30144590,6227,6041,6041,-186,-2.99,6226,-1,-0.02,6041,6041,1400-2-25,2021-05-15
729,ضمخا7070,اختيارخ اخابر-19700-1400/07/28,2,5,1256000,283,253,250,-33,-11.66,251,-32,-11.31,250,253,1400-2-25,2021-05-15
730,گكيش,توريستي ورفاهي آبادگران كيش,2,1610,74071270,48428,46007,46007,-2421,-5,48409,-19,-0.04,46007,46007,1400-2-25,2021-05-15
731,ثنظام,س. ساختماني نظام مهندسي ايران,2,312,14059968,47435,45064,45064,-2371,-5,47431,-4,-0.01,45064,45064,1400-2-25,2021-05-15
732,شتوكا,توكا رنگ فولاد سپاهان,2,2560,125396480,51561,48983,48983,-2578,-5,51538,-23,-0.04,48983,48983,1400-2-25,2021-05-15
733,قشهد,شهد,2,10277,199476570,20430,19410,19410,-1020,-4.99,20420,-10,-0.05,19410,19410,1400-2-25,2021-05-15
734,ضغدر3001,اختيارخ وغدير-7200-1400/03/26,2,4,12900000,3450,3300,3000,-450,-13.04,3225,-225,-6.52,3000,3300,1400-2-25,2021-05-15
735,سرو2,صندوق س سروسودمند مدبران-سهام,2,300000,300000,63150,1,1,-63149,-100,1,-63149,-100,1,1,1400-2-25,2021-05-15
736,سفار,سيمان‌فارس‌,2,70,10126900,152280,144670,144670,-7610,-5,152270,-10,-0.01,144670,144670,1400-2-25,2021-05-15
737,سهگمت,سيمان‌هگمتان‌,2,550,12941500,24760,23530,23530,-1230,-4.97,24760,0,0,23530,23530,1400-2-25,2021-05-15
738,آرمان,بيمه آرمان,2,8650,67478650,8211,7801,7801,-410,-4.99,8208,-3,-0.04,7801,7801,1400-2-25,2021-05-15
739,ضخود4003,اختيارخ خودرو-2000-1400/04/02,1,95,11400000,120,120,120,0,0,120,0,0,120,120,1400-2-25,2021-05-15
740,صگل411,ص اجاره گل گهر 411- 3 ماهه 17%,1,5000,5000000000,1000000,1000000,1000000,0,0,1000000,0,0,1000000,1000000,1400-2-25,2021-05-15
741,اراد584,مرابحه عام دولت5-ش.خ 0110,1,5301000,5009445000000,990000,945000,945000,-45000,-4.55,945000,-45000,-4.55,945000,945000,1400-2-25,2021-05-15
742,تسه99012,امتياز تسهيلات مسكن فروردين99,1,40,400,556996,10,10,-556986,-100,10,-556986,-100,10,10,1400-2-25,2021-05-15
743,اوصتا4,صندوق انديشه ورزان صباتامين -د,1,53619310,1000000131500,18618,18650,18650,32,0.17,18650,32,0.17,18650,18650,1400-2-25,2021-05-15
744,وسزنجان,شركت س استان زنجان,1,4370,5895130,1420,1349,1349,-71,-5,1420,0,0,1349,1349,1400-2-25,2021-05-15
745,سنوين,سرمايه گذاري اقتصاد نوين,1,700,6078100,9140,8683,8683,-457,-5,9140,0,0,8683,8683,1400-2-25,2021-05-15
746,اخزا8212,اسنادخزانه-م21بودجه98-020906,1,158563,94344985000,598978,595000,595000,-3978,-0.66,595000,-3978,-0.66,595000,595000,1400-2-25,2021-05-15
747,ضشنا2010,اختيارخ شپنا-8000-1400/02/27,1,1,3900000,2000,3900,3900,1900,95,3900,1900,95,3900,3900,1400-2-25,2021-05-15
748,ضغدر3002,اختيارخ وغدير-8200-1400/03/26,1,5,10740000,2273,2148,2148,-125,-5.5,2148,-125,-5.5,2148,2148,1400-2-25,2021-05-15
749,صايپا0122,صكوك مرابحه سايپا012-3ماهه 16%,1,250000,250000000000,1000002,1000000,1000000,-2,0,1000000,-2,0,1000000,1000000,1400-2-25,2021-05-15
750,ضترا3004,اختيارخ شتران-10000-1400/03/09,1,1,50000,5,50,50,45,900,50,45,900,50,50,1400-2-25,2021-05-15
751,تپمپي,پمپ‌ سازي‌ ايران‌,1,300,5532000,19410,18440,18440,-970,-5,19410,0,0,18440,18440,1400-2-25,2021-05-15
752,هفجر102,اختيارف ت بفجر8626-01/02/11,1,2500,927500,1,371,371,370,37000,371,370,37000,371,371,1400-2-25,2021-05-15
753,آگاس2,صندوق س.هستي بخش آگاه-س,1,100000,100000,63930,1,1,-63929,-100,1,-63929,-100,1,1,1400-2-25,2021-05-15
754,تسه98122,امتياز تسهيلات مسكن اسفند98,1,43,430,546028,10,10,-546018,-100,10,-546018,-100,10,10,1400-2-25,2021-05-15
755,ولشرق,ليزينگ ايران و شرق,1,2410,19957210,8716,8281,8281,-435,-4.99,8715,-1,-0.01,8281,8281,1400-2-25,2021-05-15
756,ضفار3001,اختيارخ فارس-9000-1400/03/05,1,1,193000,150,193,193,43,28.67,193,43,28.67,193,193,1400-2-25,2021-05-15
757,اراد11,مرابحه عام دولت1-ش.خ لوتوس0206,1,5000,4950000000,1000000,990000,990000,-10000,-1,990000,-10000,-1,990000,990000,1400-2-25,2021-05-15
758,ضپنا8001,اختيارخ رمپنا-11850-1400/08/05,1,2,7200000,3812,3600,3600,-212,-5.56,3600,-212,-5.56,3600,3600,1400-2-25,2021-05-15
759,ضفلا7003,اختيارخ فولاد-8160-1400/07/25,1,20,50000000,2950,2500,2500,-450,-15.25,2500,-450,-15.25,2500,2500,1400-2-25,2021-05-15
760,خفنر,فنرسازي‌خاور,1,694,5711620,8660,8230,8230,-430,-4.97,8660,0,0,8230,8230,1400-2-25,2021-05-15
761,ضملي3005,اختيارخ فملي-16000-1400/03/02,1,10,100000,24,10,10,-14,-58.33,10,-14,-58.33,10,10,1400-2-25,2021-05-15
762,تسه98102,امتياز تسهيلات مسكن دي98,1,42,420,548684,10,10,-548674,-100,10,-548674,-100,10,10,1400-2-25,2021-05-15
763,اخابر2,مخابرات ايران,1,15000000,126300000000,8860,8420,8420,-440,-4.97,8420,-440,-4.97,8420,8420,1400-2-25,2021-05-15
764,فراز2,صندوق س.سهام فراز داريك-س,1,100000,100000,10318,1,1,-10317,-99.99,1,-10317,-99.99,1,1,1400-2-25,2021-05-15
765,تاصيكو2,سرمايه گذاري صدرتامين,1,10000000,101300000000,10010,10130,10130,120,1.2,10130,120,1.2,10130,10130,1400-2-25,2021-05-15
766,وتعاون,بيمه  تعاون,1,2000,12226000,6302,6113,6113,-189,-3,6302,0,0,6113,6113,1400-2-25,2021-05-15
767,پارس2,پتروشيمي پارس,1,300000,43200000000,143090,144000,144000,910,0.64,144000,910,0.64,144000,144000,1400-2-25,2021-05-15
768,تسه98112,امتياز تسهيلات مسكن بهمن98,1,46,460,546528,10,10,-546518,-100,10,-546518,-100,10,10,1400-2-25,2021-05-15
769,زماهان,مجتمع توليد گوشت مرغ ماهان,1,339,6632874,20595,19566,19566,-1029,-5,20595,0,0,19566,19566,1400-2-25,2021-05-15
770,ضصاد8030,اختيارخ وبصادر-1589-1400/08/12,1,5,4250000,1,850,850,849,84900,850,849,84900,850,850,1400-2-25,2021-05-15
771,اراد454,مرابحه عام دولت4-ش.خ 0107,1,2105000,2008548900000,988000,954180,954180,-33820,-3.42,954180,-33820,-3.42,954180,954180,1400-2-25,2021-05-15
772,وحافظ,بيمه حافظ,1,80,5156080,65766,64451,64451,-1315,-2,65765,-1,0,64451,64451,1400-2-25,2021-05-15
773,پست0008پ08,پسته فندقي32-30مه ولات0008(پ),1,4,6540000,1620000,1635000,1635000,15000,0.93,1635000,15000,0.93,1635000,1635000,1400-2-25,2021-05-15
774,ضشنا8005,اختيارخ شپنا-12800-1400/08/16,1,1,1500000,1,1500,1500,1499,149900,1500,1499,149900,1500,1500,1400-2-25,2021-05-15
775,فملي2,ملي‌ صنايع‌ مس‌ ايران‌,1,11000000,145420000000,12990,13220,13220,230,1.77,13220,230,1.77,13220,13220,1400-2-25,2021-05-15
776,شستان,پتروشيمي گلستان,1,10000,37660000,3842,3766,3766,-76,-1.98,3841,-1,-0.03,3766,3766,1400-2-25,2021-05-15
777,تصميم2,صندوق س با درآمد ثابت تصميم,1,500000,500000,16320,1,1,-16319,-99.99,1,-16319,-99.99,1,1,1400-2-25,2021-05-15
778,زعف0008پ09,زعفران0008نگين نوين(پ),1,500,59050000,118000,118100,118100,100,0.08,118100,100,0.08,118100,118100,1400-2-25,2021-05-15
779,صبا14044,اجاصبابدون ضامن بارتبه اعتباري,1,500000,500000000000,1000000,1000000,1000000,0,0,1000000,0,0,1000000,1000000,1400-2-25,2021-05-15
780,وپسا,س. پتروشيمي ساختمان  خليج فارس,1,1760,5081120,3007,2887,2887,-120,-3.99,3007,0,0,2887,2887,1400-2-25,2021-05-15
781,ثشرق,سرمايه گذاري مسكن شمال شرق,1,1100,7205000,6890,6550,6550,-340,-4.93,6890,0,0,6550,6550,1400-2-25,2021-05-15
782,تسه99022,امتياز تسهيلات مسكن ارديبهشت99,1,29,290,551858,10,10,-551848,-100,10,-551848,-100,10,10,1400-2-25,2021-05-15
783,اراد474,مرابحه عام دولت4-ش.خ 0008,1,4437000,4416141663000,984990,995299,995299,10309,1.05,995299,10309,1.05,995299,995299,1400-2-25,2021-05-15
784,شرق1400,مشاركت ليزينگ ايران وشرق140010,1,6,5998800,1008000,999800,999800,-8200,-0.81,999800,-8200,-0.81,999800,999800,1400-2-25,2021-05-15
785,كطبس,ذغال‌سنگ‌ نگين‌ ط‌بس‌,1,218,16914620,81670,77590,77590,-4080,-5,81670,0,0,77590,77590,1400-2-25,2021-05-15
786,ضبدر3003,اختيارخ شبندر-4270-1400/03/30,1,2,6666000,1400,3333,3333,1933,138.07,3333,1933,138.07,3333,3333,1400-2-25,2021-05-15
787,افاد61,منفعت دولت6-ش.خاص140109,1,5000,4940000000,982000,988000,988000,6000,0.61,988000,6000,0.61,988000,988000,1400-2-25,2021-05-15
788,قهكمت,قندهكمتان‌,1,120,5253600,46080,43780,43780,-2300,-4.99,46080,0,0,43780,43780,1400-2-25,2021-05-15
789,حسير,ريل سير كوثر,1,300,4959300,17401,16531,16531,-870,-5,17401,0,0,16531,16531,1400-2-25,2021-05-15
790,آ س پ,آ.س.پ,1,360,5518800,16136,15330,15330,-806,-5,16136,0,0,15330,15330,1400-2-25,2021-05-15
791,اراد364,مرابحه عام دولت3-ش.خ 0104,1,300000,283320000000,1000000,944400,944400,-55600,-5.56,944400,-55600,-5.56,944400,944400,1400-2-25,2021-05-15
792,آينده,بازرگاني آينده سازان بهشت پارس,1,300,5777700,19854,19259,19259,-595,-3,19854,0,0,19259,19259,1400-2-25,2021-05-15
793,ضخود4000,اختيارخ خودرو-1400-1400/04/02,1,50,27500000,500,550,550,50,10,550,50,10,550,550,1400-2-25,2021-05-15
794,فسديد,لوله‌وتجهيزات‌ سديد - ورشكسته,1,435,48571230,112785,111658,111658,-1127,-1,112772,-13,-0.01,111658,111658,1400-2-25,2021-05-15
795,سجام,مجتمع سيمان غرب آسيا,1,2396,9888292,4254,4127,4127,-127,-2.99,4254,0,0,4127,4127,1400-2-25,2021-05-15
796,سنفت001,سلف موازي استاندارد سنفت001,1,115310,132690099750,1142469,1150725,1150725,8256,0.72,1150725,8256,0.72,1150725,1150725,1400-2-25,2021-05-15
797,اراد22,مرابحه عام دولت2-ش.خ لوتوس0212,1,5000,4950000000,1000000,990000,990000,-10000,-1,990000,-10000,-1,990000,990000,1400-2-25,2021-05-15
798,وسالت,بانك قرض الحسنه رسالت,1,5046,5767578,1110,1143,1143,33,2.97,1110,0,0,1143,1143,1400-2-25,2021-05-15
799,پست0008پ04,پسته فندقي32-30سبزدانه0008(پ),1,4,6500000,1596000,1625000,1625000,29000,1.82,1625000,29000,1.82,1625000,1625000,1400-2-25,2021-05-15
800,ضخود4004,اختيارخ خودرو-2500-1400/04/02,1,100,5000000,51,50,50,-1,-1.96,50,-1,-1.96,50,50,1400-2-25,2021-05-15
801,تشتاد,صنايع توليدي اشتاد ايران‌,1,616,9374288,15688,15218,15218,-470,-3,15688,0,0,15218,15218,1400-2-25,2021-05-15
802,اراد37,مرابحه عام دولت3-ش.خ 0005,1,5000,5000000000,989000,1000000,1000000,11000,1.11,1000000,11000,1.11,1000000,1000000,1400-2-25,2021-05-15
803,ضمخا7069,اختيارخ اخابر-17700-1400/07/28,1,1,203000,301,203,203,-98,-32.56,203,-98,-32.56,203,203,1400-2-25,2021-05-15
804,وساشرقي,شركت س استان آذربايجان شرقي,1,10000,9220000,970,922,922,-48,-4.95,970,0,0,922,922,1400-2-25,2021-05-15
805,ضپنا8000,اختيارخ رمپنا-9850-1400/08/05,1,10,60000000,6000,6000,6000,0,0,6000,0,0,6000,6000,1400-2-25,2021-05-15
806,شكبير2,پتروشيمي اميركبير,1,1750000,144536000000,82592,82592,82592,0,0,82592,0,0,82592,82592,1400-2-25,2021-05-15
807,كتوكا,توليدي و خدمات صنايع نسوز توكا,1,160,5214080,34303,32588,32588,-1715,-5,34302,-1,0,32588,32588,1400-2-25,2021-05-15
808,ضصاد3002,اختيارخ وبصادر-2500-1400/03/12,1,2,60000,24,30,30,6,25,30,6,25,30,30,1400-2-25,2021-05-15
809,دقاضي,داروسازي شهيد قاضي,1,120,5034000,43247,41950,41950,-1297,-3,43247,0,0,41950,41950,1400-2-25,2021-05-15
810,ساذري,آذريت‌,1,144,884304,5849,6141,6141,292,4.99,5849,0,0,6141,6141,1400-2-25,2021-05-15
811,ضصاد8033,اختيارخ وبصادر-2489-1400/08/12,1,10,2000000,203,200,200,-3,-1.48,200,-3,-1.48,200,200,1400-2-25,2021-05-15
812,فماك2,ماداكتو استيل كرد,1,1570000,32185000000,20500,20500,20500,0,0,20500,0,0,20500,20500,1400-2-25,2021-05-15
813,قنيشا2,قند  نيشابور,1,2500000,152975000000,64410,61190,61190,-3220,-5,61190,-3220,-5,61190,61190,1400-2-25,2021-05-15
814,آوا2,صندوق س.سهام آواي معيار-س,1,2000000,2000000,6550,1,1,-6549,-99.98,1,-6549,-99.98,1,1,1400-2-25,2021-05-15
815,افاد84,منفعت دولت8-ش.خاص ساير0205,1,700,686000000,970000,980000,980000,10000,1.03,980000,10000,1.03,980000,980000,1400-2-25,2021-05-15
816,ضفلا3000,اختيارخ فولاد-4993-1400/03/19,1,2,11200000,5500,5600,5600,100,1.82,5600,100,1.82,5600,5600,1400-2-25,2021-05-15
817,بشهاب,لامپ‌  پارس‌ شهاب‌,1,40,5668800,149170,141720,141720,-7450,-4.99,149170,0,0,141720,141720,1400-2-25,2021-05-15
818,اوان,مبين وان كيش,1,500,25934500,54598,51869,51869,-2729,-5,54593,-5,-0.01,51869,51869,1400-2-25,2021-05-15
819,فبيرا,بسته‌ بندي‌ ايران‌,1,1860,5593020,3100,3007,3007,-93,-3,3100,0,0,3007,3007,1400-2-25,2021-05-15
820,جم پيلن2,پلي پروپيلن جم - جم پيلن,1,2540000,190500000000,73800,75000,75000,1200,1.63,75000,1200,1.63,75000,75000,1400-2-25,2021-05-15
821,واحصا,احياء صنايع خراسان,1,72,5080248,72741,70559,70559,-2182,-3,72740,-1,0,70559,70559,1400-2-25,2021-05-15
822,پلاست,كارخانجات توليدي پلاستيران,1,500,34805500,71763,69611,69611,-2152,-3,71755,-8,-0.01,69611,69611,1400-2-25,2021-05-15
823,افرا,افرانت,1,156,5082012,34291,32577,32577,-1714,-5,34290,-1,0,32577,32577,1400-2-25,2021-05-15
824,هرمز2,فولاد هرمزگان جنوب,1,40500000,599400000000,14956,14800,14800,-156,-1.04,14800,-156,-1.04,14800,14800,1400-2-25,2021-05-15
825,فن آوا,گروه فن آوا,1,300,5310600,18249,17702,17702,-547,-3,18249,0,0,17702,17702,1400-2-25,2021-05-15
826,لخانه,لوازم‌ خانگي‌ پارس‌,1,500,13560500,27959,27121,27121,-838,-3,27958,-1,0,27121,27121,1400-2-25,2021-05-15
827,ضمخا7068,اختيارخ اخابر-15700-1400/07/28,1,1,251000,401,251,251,-150,-37.41,251,-150,-37.41,251,251,1400-2-25,2021-05-15
828,سخواف,سيمان مجد خواف,1,2500,39862500,16784,15945,15945,-839,-5,16780,-4,-0.02,15945,15945,1400-2-25,2021-05-15
829,ضشنا2003,اختيارخ شپنا-14000-1400/02/27,1,10,10000,1,1,1,0,0,1,0,0,1,1,1400-2-25,2021-05-15
830,حاريا,كشتيراني آريا,1,300,8414700,28916,28049,28049,-867,-3,28915,-1,0,28049,28049,1400-2-25,2021-05-15
831,سرچشمه2,سرمايه گذاري مس سرچشمه,1,20000000,118440000000,5922,5922,5922,0,0,5922,0,0,5922,5922,1400-2-25,2021-05-15
832,وسكرشا,س.سهام عدالت استان كرمانشاه,1,4500,5386500,1260,1197,1197,-63,-5,1260,0,0,1197,1197,1400-2-25,2021-05-15
