,نماد,نام,تعداد,حجم,ارزش,دیروز,اولین,آخرین معامله - مقدار,آخرین معامله - تغییر,آخرین معامله - درصد,قیمت پایانی - مقدار,قیمت پایانی - تغییر,قیمت پایانی - درصد,کمترین,بیشترین,تاریخ,gregorian_date
0,كيمياتك,آريان كيميا تك,240887,35405164,1199133487370,35620,33840,33840,-1780,-5,33870,-1750,-4.91,33840,35000,1400-7-4,2021-09-26
1,فسبزوار,پارس فولاد سبزوار,214328,67887674,2436083455690,37340,36650,35970,-1370,-3.67,35880,-1460,-3.91,35480,37110,1400-7-4,2021-09-26
2,فجهان,مجتمع جهان فولاد سيرجان,164599,348622189,2270147634198,6707,6540,6650,-57,-0.85,6512,-195,-2.91,6372,6750,1400-7-4,2021-09-26
3,توسن,توسعه سامانه ي نرم افزاري نگين,71247,5096490,53762873010,10047,10549,10549,502,5,10549,502,5,10549,10549,1400-7-4,2021-09-26
4,مديريت,س. و خدمات مديريت صند. ب كشوري,66548,48573994,470998403049,10114,10110,9620,-494,-4.88,9697,-417,-4.12,9609,10180,1400-7-4,2021-09-26
5,پالايش,صندوق پالايشي يكم-سهام,44904,57716531,4553019468920,79850,80900,79090,-760,-0.95,78890,-960,-1.2,77050,80900,1400-7-4,2021-09-26
6,شبندر,پالايش نفت بندرعباس,22295,282486305,1819060537450,6260,6420,6490,230,3.67,6440,180,2.88,6260,6570,1400-7-4,2021-09-26
7,تپكو,توليدتجهيزات‌سنگين‌هپكو,22271,275679306,612566710449,2284,2240,2216,-68,-2.98,2222,-62,-2.71,2216,2308,1400-7-4,2021-09-26
8,بركت,گروه دارويي بركت,17005,28574302,949783353590,34420,35000,32800,-1620,-4.71,33240,-1180,-3.43,32700,35000,1400-7-4,2021-09-26
9,دارا يكم,صندوق واسطه گري مالي يكم-سهام,16861,10120787,1273751845260,128220,128550,125380,-2840,-2.21,125860,-2360,-1.84,124050,128990,1400-7-4,2021-09-26
10,شتران,پالايش نفت تهران,15974,106253821,1168524170170,10920,11100,11100,180,1.65,11000,80,0.73,10700,11270,1400-7-4,2021-09-26
11,فملي,ملي‌ صنايع‌ مس‌ ايران‌,15821,79877958,1026804027780,12590,13000,13010,420,3.34,12850,260,2.07,12680,13030,1400-7-4,2021-09-26
12,شپنا,پالايش نفت اصفهان,15697,99618793,1293457629390,13050,13200,12950,-100,-0.77,12980,-70,-0.54,12710,13250,1400-7-4,2021-09-26
13,شستا,سرمايه گذاري تامين اجتماعي,14994,54585215,687343947720,12740,12860,12500,-240,-1.88,12590,-150,-1.18,12400,12900,1400-7-4,2021-09-26
14,دي,بانك دي,14826,463066950,502633120048,1098,1120,1097,-1,-0.09,1085,-13,-1.18,1066,1120,1400-7-4,2021-09-26
15,سپيد,سپيد ماكيان,12639,5241011,300589016310,58550,59000,58600,50,0.09,57350,-1200,-2.05,56530,59000,1400-7-4,2021-09-26
16,وهامون,سرمايه گذاري هامون صبا,11039,31814900,111649528464,3679,3599,3496,-183,-4.97,3509,-170,-4.62,3496,3599,1400-7-4,2021-09-26
17,گدنا,تهيه توزيع غذاي دنا آفرين فدك,10985,6977363,146047731852,20162,20000,21170,1008,5,20932,770,3.82,19700,21170,1400-7-4,2021-09-26
18,فولاد,فولاد مباركه اصفهان,10829,48809259,512583511180,10550,10750,10450,-100,-0.95,10500,-50,-0.47,10350,10750,1400-7-4,2021-09-26
19,سپيدار,سپيدار سيستم آسيا,10389,2163920,39316314744,18451,18900,18410,-41,-0.22,18169,-282,-1.53,17804,18900,1400-7-4,2021-09-26
20,خودرو,ايران‌ خودرو,9315,179253417,333822952899,1885,1912,1848,-37,-1.96,1862,-23,-1.22,1830,1912,1400-7-4,2021-09-26
21,خساپا,سايپا,8907,228851338,395284025049,1753,1790,1714,-39,-2.22,1727,-26,-1.48,1700,1791,1400-7-4,2021-09-26
22,ولكار,ليزينگ كارآفرين,8616,11225510,47705996859,4132,4150,4300,168,4.07,4250,118,2.86,4051,4338,1400-7-4,2021-09-26
23,آبادا,توليد نيروي برق آبادان,8439,11167532,163128343520,14820,14850,14190,-630,-4.25,14610,-210,-1.42,14080,15060,1400-7-4,2021-09-26
24,چخزر,صنايع چوب خزر كاسپين,7880,1313034,46848361378,34313,35090,36010,1697,4.95,35679,1366,3.98,34192,36028,1400-7-4,2021-09-26
25,كماسه,تامين‌ ماسه‌ ريخته‌گري‌,7755,85800098,565857656550,6730,6820,6450,-280,-4.16,6600,-130,-1.93,6400,6980,1400-7-4,2021-09-26
26,كرمان,س. توسعه و عمران استان كرمان,7601,178489508,210789855524,1199,1211,1172,-27,-2.25,1181,-18,-1.5,1160,1211,1400-7-4,2021-09-26
27,ومدير,گ.مديريت ارزش سرمايه ص ب كشوري,7356,17577774,84912147034,4892,4910,4881,-11,-0.22,4831,-61,-1.25,4700,4950,1400-7-4,2021-09-26
28,لطيف,محصولات كاغذي لطيف,6729,628369,27694809831,44529,45680,43840,-689,-1.55,44074,-455,-1.02,42679,45680,1400-7-4,2021-09-26
29,حآفرين,ريل پرداز نو آفرين,6632,26729676,121951131919,4677,4677,4600,-77,-1.65,4562,-115,-2.46,4444,4740,1400-7-4,2021-09-26
30,شگويا,پتروشيمي تندگويان,6570,35793739,409440917882,11024,11400,11575,551,5,11439,415,3.76,11034,11575,1400-7-4,2021-09-26
31,ولپارس,ليزينگ پارسيان,6190,12128263,58160200599,4707,4600,4942,235,4.99,4795,88,1.87,4500,4942,1400-7-4,2021-09-26
32,خگستر,گسترش‌سرمايه‌گذاري‌ايران‌خودرو,6164,122999682,302588490757,2522,2560,2440,-82,-3.25,2460,-62,-2.46,2400,2560,1400-7-4,2021-09-26
33,بوعلي,پتروشيمي بوعلي سينا,6049,2415319,165370645190,68270,68900,69080,810,1.19,68470,200,0.29,66280,69530,1400-7-4,2021-09-26
34,كمند,صندوق س. با درآمد ثابت كمند,6030,210653909,2129852829840,10104,10111,10111,7,0.07,10111,7,0.07,10110,10112,1400-7-4,2021-09-26
35,وكبهمن,مديريت سرمايه گذاري كوثربهمن,5983,3869788,46502012643,11648,12200,12196,548,4.7,12017,369,3.17,11720,12230,1400-7-4,2021-09-26
36,امين,تامين سرمايه امين,5899,4708145,46335356380,10070,9700,9860,-210,-2.09,9840,-230,-2.28,9570,10100,1400-7-4,2021-09-26
37,كاما,باما,5897,44235237,476604450440,10700,10950,10580,-120,-1.12,10770,70,0.65,10450,11070,1400-7-4,2021-09-26
38,آريا,پليمر آريا ساسول,5889,2355121,248467955076,104830,107900,106510,1680,1.6,105501,671,0.64,102550,107900,1400-7-4,2021-09-26
39,فتوسا,توليد و توسعه سرب روي ايرانيان,5834,1635268,22407146872,13644,14050,13850,206,1.51,13702,58,0.43,13400,14120,1400-7-4,2021-09-26
40,شصدف,صنعتي دوده فام,5674,5899475,200247702076,34512,35020,33400,-1112,-3.22,33943,-569,-1.65,32900,35900,1400-7-4,2021-09-26
41,غكورش,صنعت غذايي كورش,5616,2609845,119841688650,45980,47000,45950,-30,-0.07,45920,-60,-0.13,45200,47000,1400-7-4,2021-09-26
42,فگستر,گسترش صنايع روي ايرانيان,5565,2489841,31464260598,13086,13100,12700,-386,-2.95,12637,-449,-3.43,12432,13300,1400-7-4,2021-09-26
43,شاروم,پتروشيمي اروميه,5538,2629924,45559607707,17877,17746,17300,-577,-3.23,17324,-553,-3.09,16984,18020,1400-7-4,2021-09-26
44,وخارزم,سرمايه گذاري خوارزمي,5460,46704524,248312610220,5228,5320,5365,137,2.62,5317,89,1.7,5160,5450,1400-7-4,2021-09-26
45,ثبهساز,بهساز كاشانه تهران,5311,36822279,71539505934,2006,2040,1908,-98,-4.89,1943,-63,-3.14,1906,2040,1400-7-4,2021-09-26
46,صبا,سرمايه گذاري صبا تامين,5236,24038550,168189770688,7065,7230,6916,-149,-2.11,6997,-68,-0.96,6870,7230,1400-7-4,2021-09-26
47,تسه0006,امتيازتسهيلات مسكن شهريور1400,5216,109479,69794715919,623176,626010,654334,31158,5,637517,14341,2.3,605000,654334,1400-7-4,2021-09-26
48,خپارس,پارس‌ خودرو,5145,183631361,208480179259,1128,1170,1130,2,0.18,1135,7,0.62,1111,1170,1400-7-4,2021-09-26
49,وسپهر,سرمايه گذاري مالي سپهرصادرات,5099,10174432,81040698172,8191,8000,7940,-251,-3.06,7999,-192,-2.34,7900,8186,1400-7-4,2021-09-26
50,نوري,پتروشيمي نوري,4997,2985827,311725037820,103550,105800,104500,950,0.92,104400,850,0.82,103220,105990,1400-7-4,2021-09-26
51,وبملت,بانك ملت,4961,97796334,365184785164,3793,3762,3740,-53,-1.4,3734,-59,-1.56,3700,3890,1400-7-4,2021-09-26
52,كزغال,زغال سنگ پروده طبس,4928,2725943,95545535217,36042,35110,35025,-1017,-2.82,35050,-992,-2.75,34880,35990,1400-7-4,2021-09-26
53,كيان,صندوق س. با درآمد ثابت كيان,4857,76158669,2338255152542,30680,30700,30702,22,0.07,30702,22,0.07,30700,30745,1400-7-4,2021-09-26
54,زملارد,كشاورزي و دامپروري ملارد شير,4826,669900,17889936953,27051,27200,26354,-697,-2.58,26705,-346,-1.28,26250,27649,1400-7-4,2021-09-26
55,وغدير,سرمايه‌گذاري‌غدير(هلدينگ‌,4712,31533834,471998197950,14490,14780,15210,720,4.97,14970,480,3.31,14490,15210,1400-7-4,2021-09-26
56,شاراك,پتروشيمي شازند,4500,10035504,468308846620,45370,46900,46990,1620,3.57,46670,1300,2.87,45500,47500,1400-7-4,2021-09-26
57,امين يكم,صندوق درآمد ثابت امين يكم فردا,4436,118334078,1185114988230,10008,10012,10017,9,0.09,10015,7,0.07,10012,10024,1400-7-4,2021-09-26
58,رافزا,رايان هم افزا,4390,422238,35073415430,83365,83800,81615,-1750,-2.1,83066,-299,-0.36,80700,85990,1400-7-4,2021-09-26
59,شبريز,پالايش نفت تبريز,4208,8592709,350811366950,40230,41100,40700,470,1.17,40830,600,1.49,39600,42180,1400-7-4,2021-09-26
60,پترول,گ.س.وت.ص.پتروشيمي خليج فارس,4199,36958542,136000809878,3733,3785,3670,-63,-1.69,3680,-53,-1.42,3613,3821,1400-7-4,2021-09-26
61,حگردش,ريل گردش ايرانيان,4090,9366731,26973246924,2921,2921,2850,-71,-2.43,2880,-41,-1.4,2834,2950,1400-7-4,2021-09-26
62,ثاميد,توسعه و عمران اميد,4058,23228447,36332859902,1580,1607,1550,-30,-1.9,1564,-16,-1.01,1524,1607,1400-7-4,2021-09-26
63,بپيوند,برق و انرژي پيوندگستر پارس,4011,1988225,21756243547,11021,11380,10920,-101,-0.92,10943,-78,-0.71,10800,11380,1400-7-4,2021-09-26
64,وبصادر,بانك صادرات ايران,3810,76065376,160446935864,2119,2135,2140,21,0.99,2109,-10,-0.47,2072,2164,1400-7-4,2021-09-26
65,حكشتي,كشتيراني جمهوري اسلامي ايران,3732,16445530,248996291760,14970,15550,15370,400,2.67,15140,170,1.14,14700,15550,1400-7-4,2021-09-26
66,بترانس,ايران‌ ترانسفو,3720,67094614,165729787883,2396,2509,2480,84,3.51,2470,74,3.09,2425,2509,1400-7-4,2021-09-26
67,تابا,تابان نيرو سپاهان,3694,7210901,255572142768,34677,35717,35717,1040,3,35442,765,2.21,34000,35717,1400-7-4,2021-09-26
68,پارسان,گسترش نفت و گاز پارسيان,3686,26039100,824057323850,30250,31250,31760,1510,4.99,31650,1400,4.63,30880,31760,1400-7-4,2021-09-26
69,اعتماد,صندوق س.اعتماد آفرين پارسيان-د,3668,72046130,2806863582150,38935,38956,38963,28,0.07,38959,24,0.06,38956,38963,1400-7-4,2021-09-26
70,وتجارت,بانك تجارت,3649,74289764,157873348941,2160,2169,2120,-40,-1.85,2125,-35,-1.62,2115,2169,1400-7-4,2021-09-26
71,وسكرمان,س.سهام عدالت استان كرمان,3595,204837097,108920700555,532,549,525,-7,-1.32,532,0,0,518,549,1400-7-4,2021-09-26
72,رمپنا,گروه مپنا (سهامي عام),3584,29630517,553147260870,17870,18760,18110,240,1.34,18670,800,4.48,18110,18760,1400-7-4,2021-09-26
73,سيتا,سرمايه گذاري سيمان تامين,3524,4237367,52269827000,12530,12680,12380,-150,-1.2,12340,-190,-1.52,12130,12730,1400-7-4,2021-09-26
74,غدام,خوراك‌  دام‌ پارس‌,3465,1023123,208461398340,200810,208830,202000,1190,0.59,203750,2940,1.46,192670,209800,1400-7-4,2021-09-26
75,ذوب,سهامي ذوب آهن  اصفهان,3433,44586475,180095940125,4076,4106,4010,-66,-1.62,4039,-37,-0.91,3982,4120,1400-7-4,2021-09-26
76,قثابت,قند ثابت‌ خراسان‌,3426,54557089,167497947951,3187,3198,3028,-159,-4.99,3070,-117,-3.67,3028,3253,1400-7-4,2021-09-26
77,بگيلان,توسعه مسير برق گيلان,3384,418106,7497353977,18060,18102,17870,-190,-1.05,18029,-31,-0.17,17510,18500,1400-7-4,2021-09-26
78,وپويا,سرمايه گذاري پويا,3216,7926538,37034357083,4679,4789,4750,71,1.52,4672,-7,-0.15,4555,4800,1400-7-4,2021-09-26
79,ضخود7075,اختيارخ خودرو-2000-1400/07/07,3214,157341,335801000,8,9,1,-7,-87.5,2,-6,-75,1,10,1400-7-4,2021-09-26
80,سپيدما,صندوق س. سپيد دماوند-د,3186,114420708,1271881871309,11110,11116,11115,5,0.05,11116,6,0.05,11115,11121,1400-7-4,2021-09-26
81,كوير,توليدي فولاد سپيد فراب كوير,3034,21128925,284527466820,14050,13950,13350,-700,-4.98,13470,-580,-4.13,13350,14180,1400-7-4,2021-09-26
82,خبهمن,گروه‌بهمن‌,2954,130676390,213113498564,1639,1650,1658,19,1.16,1631,-8,-0.49,1600,1669,1400-7-4,2021-09-26
83,وسكرشا,س.سهام عدالت استان كرمانشاه,2934,151547610,79736683858,548,550,523,-25,-4.56,526,-22,-4.01,521,550,1400-7-4,2021-09-26
84,غنوش,نوش‌ مازندران‌,2840,3623832,142319309400,39500,38700,38820,-680,-1.72,39270,-230,-0.58,38010,40900,1400-7-4,2021-09-26
85,خودكفا,اقتصادي و خودكفايي آزادگان,2726,15977640,218551756901,13310,13330,13709,399,3,13679,369,2.77,13330,13709,1400-7-4,2021-09-26
86,ثنوسا,نوسازي‌وساختمان‌تهران‌,2665,25213965,187019042430,7120,7200,7470,350,4.92,7420,300,4.21,7010,7470,1400-7-4,2021-09-26
87,حسير,ريل سير كوثر,2650,5432990,233427539817,42966,43660,40818,-2148,-5,42965,-1,0,40818,44120,1400-7-4,2021-09-26
88,غصينو,صنعتي مينو,2647,18232737,307153423242,17639,16758,16760,-879,-4.98,16846,-793,-4.5,16758,17780,1400-7-4,2021-09-26
89,حشكوه,دليجان طلايي شكوه پارس,2644,6743030,19852798446,3034,3010,2943,-91,-3,2944,-90,-2.97,2943,3010,1400-7-4,2021-09-26
90,چكاپا,گروه صنايع كاغذ پارس,2633,27888885,99362811934,3645,3650,3550,-95,-2.61,3563,-82,-2.25,3481,3740,1400-7-4,2021-09-26
91,شغدير,پتروشيمي غدير,2595,2105281,205887957140,95070,98000,98200,3130,3.29,97800,2730,2.87,96400,98940,1400-7-4,2021-09-26
92,غگيلا,شيرپاستوريزه پگاه گيلان,2572,1892273,42997534514,21743,22365,22830,1087,5,22723,980,4.51,22000,22830,1400-7-4,2021-09-26
93,كلر,كلر پارس,2571,1640414,203555994263,122290,124770,125000,2710,2.22,124088,1798,1.47,120790,127690,1400-7-4,2021-09-26
94,كاوه,فولاد كاوه جنوب كيش,2557,10861277,198695943250,18550,18960,18300,-250,-1.35,18290,-260,-1.4,17900,18960,1400-7-4,2021-09-26
95,خنصير,مهندسي‌نصيرماشين‌,2497,14108704,294801896120,19970,20900,20960,990,4.96,20900,930,4.66,20160,20960,1400-7-4,2021-09-26
96,فارس,صنايع پتروشيمي خليج فارس,2485,22990017,287963457660,12420,12460,12460,40,0.32,12530,110,0.89,12310,12770,1400-7-4,2021-09-26
97,ثشاهد,سرمايه‌ گذاري‌ شاهد,2398,6646814,103017380130,15270,15990,15440,170,1.11,15500,230,1.51,15000,15990,1400-7-4,2021-09-26
98,اپال,فرآوري معدني اپال كاني پارس,2396,3779281,75601010200,19880,20050,20010,130,0.65,19960,80,0.4,19940,20190,1400-7-4,2021-09-26
99,سنير,سيمان‌ سفيد ني‌ريز,2378,968457,114738666930,123040,126970,116890,-6150,-5,118480,-4560,-3.71,116890,126970,1400-7-4,2021-09-26
100,سشرق,سيمان‌ شرق‌,2354,22497248,201792526520,8590,9010,9010,420,4.89,8970,380,4.42,8790,9010,1400-7-4,2021-09-26
101,فخوز,فولاد  خوزستان,2352,10994064,180373444030,16540,16740,16590,50,0.3,16410,-130,-0.79,16160,16750,1400-7-4,2021-09-26
102,وپارس,بانك‌پارسيان‌,2351,69036609,186076086501,2729,2721,2694,-35,-1.28,2695,-34,-1.25,2650,2760,1400-7-4,2021-09-26
103,دشيمي,شيمي‌ داروئي‌ داروپخش‌,2340,3517503,104952548090,28620,28680,29660,1040,3.63,29840,1220,4.26,27250,30050,1400-7-4,2021-09-26
104,سرو,صندوق س سروسودمند مدبران-سهام,2329,2188915,169553506160,77820,78890,77090,-730,-0.94,77460,-360,-0.46,76260,78890,1400-7-4,2021-09-26
105,سمگا,گروه سرمايه گذاري ميراث فرهنگي,2316,24631408,309534888642,13142,12768,12699,-443,-3.37,12567,-575,-4.38,12485,13140,1400-7-4,2021-09-26
106,پيزد,مجتمع صنايع لاستيك يزد,2316,140084,8749550677,63943,63600,63011,-932,-1.46,63067,-876,-1.37,61757,64200,1400-7-4,2021-09-26
107,خفنر,فنرسازي‌خاور,2303,19811510,172345814310,8880,9030,8590,-290,-3.27,8700,-180,-2.03,8440,9190,1400-7-4,2021-09-26
108,ختور,رادياتور ايران‌,2301,9572117,217111113760,23810,23200,22620,-1190,-5,22680,-1130,-4.75,22620,24130,1400-7-4,2021-09-26
109,دسانكو,داروسازي سبحان انكولوژي,2291,10384709,171459231159,16935,16899,16089,-846,-5,16511,-424,-2.5,16089,17250,1400-7-4,2021-09-26
110,اطلس,صندوق س.توسعه اندوخته آينده-س,2228,415348,105892331855,256484,257000,255999,-485,-0.19,254948,-1536,-0.6,251554,257493,1400-7-4,2021-09-26
111,پلاست,كارخانجات توليدي پلاستيران,2218,2701978,151742823797,56424,56000,58116,1692,3,56160,-264,-0.47,54732,58116,1400-7-4,2021-09-26
112,هاي وب,داده گسترعصرنوين-هاي وب,2215,11352364,95013328060,8450,8580,8280,-170,-2.01,8370,-80,-0.95,8250,8580,1400-7-4,2021-09-26
113,شفارس,صنايع‌ شيميايي‌ فارس‌,2108,44334778,81048566642,1885,1916,1805,-80,-4.24,1828,-57,-3.02,1791,1933,1400-7-4,2021-09-26
114,شسپا,نفت سپاهان,2103,32867345,111136200911,3442,3467,3381,-61,-1.77,3381,-61,-1.77,3350,3467,1400-7-4,2021-09-26
115,خريخت,صنايع‌ريخته‌گري‌ايران‌,2097,46609502,190327561340,4258,4057,4048,-210,-4.93,4083,-175,-4.11,4046,4250,1400-7-4,2021-09-26
116,فاذر,صنايع‌ آذرآب‌,2049,59225755,71955675118,1248,1248,1230,-18,-1.44,1215,-33,-2.64,1200,1264,1400-7-4,2021-09-26
117,غگل,گلوكوزان‌,2040,26536154,98651419862,3688,3780,3720,32,0.87,3718,30,0.81,3650,3820,1400-7-4,2021-09-26
118,وبانك,سرمايه گذاري گروه توسعه ملي,2009,10797288,90466496650,8380,8490,8380,0,0,8380,0,0,8200,8600,1400-7-4,2021-09-26
119,ومعادن,توسعه‌معادن‌وفلزات‌,2007,10902887,110275533910,10250,10460,10110,-140,-1.37,10130,-120,-1.17,9980,10460,1400-7-4,2021-09-26
120,حآسا,آسيا سير ارس,2001,4034261,89604397391,22752,22011,22200,-552,-2.43,22211,-541,-2.38,21800,22850,1400-7-4,2021-09-26
121,ملت,بيمه ملت,1991,62854682,78826404725,1260,1280,1260,0,0,1254,-6,-0.48,1231,1285,1400-7-4,2021-09-26
122,چدن,توليدي چدن سازان,1989,21546031,86412684135,3902,3902,4067,165,4.23,4011,109,2.79,3820,4078,1400-7-4,2021-09-26
123,فجر,فولاد اميركبيركاشان,1987,4174934,113774108450,26910,27990,27410,500,1.86,27250,340,1.26,26850,27990,1400-7-4,2021-09-26
124,فروي,ذوب روي اصفهان,1931,1851226,56647256431,30478,31670,30230,-248,-0.81,30600,122,0.4,30130,31670,1400-7-4,2021-09-26
125,شپديس,پتروشيمي پرديس,1905,958088,158074102220,162500,167960,165000,2500,1.54,164990,2490,1.53,162520,167960,1400-7-4,2021-09-26
126,غويتا,ويتانا,1852,8119047,56096220722,7193,7250,6834,-359,-4.99,6909,-284,-3.95,6834,7339,1400-7-4,2021-09-26
127,تاپكيش,تجارت الكترونيك پارسيان كيش,1844,8148679,137389060693,16207,16830,16960,753,4.65,16860,653,4.03,16430,17017,1400-7-4,2021-09-26
128,ختوقا,قطعات‌ اتومبيل‌ ايران‌,1841,32382027,77003814515,2325,2418,2358,33,1.42,2378,53,2.28,2307,2440,1400-7-4,2021-09-26
129,وگستر,گسترش سرمايه گذاري ايرانيان,1832,6763449,69051384184,10146,10499,10250,104,1.03,10209,63,0.62,9769,10499,1400-7-4,2021-09-26
130,سبزوا,سيمان لار سبزوار,1819,21519987,83345926153,4024,4100,3866,-158,-3.93,3873,-151,-3.75,3823,4100,1400-7-4,2021-09-26
131,هرمز,فولاد هرمزگان جنوب,1772,5721557,96355095811,16545,16990,16893,348,2.1,16768,223,1.35,16500,17189,1400-7-4,2021-09-26
132,خمحور,توليدمحورخودرو,1756,42010722,156434079695,3908,3890,3713,-195,-4.99,3724,-184,-4.71,3713,3997,1400-7-4,2021-09-26
133,البرز,بيمه البرز,1751,43156778,117049918229,2688,2720,2676,-12,-0.45,2712,24,0.89,2654,2800,1400-7-4,2021-09-26
134,كرازي,كارخانجات‌توليدي‌شيشه‌رازي‌,1744,41922242,66141690479,1582,1622,1579,-3,-0.19,1578,-4,-0.25,1540,1622,1400-7-4,2021-09-26
135,كتوكا,توليدي و خدمات صنايع نسوز توكا,1735,3500453,68521035075,20532,20010,19506,-1026,-5,19575,-957,-4.66,19506,20400,1400-7-4,2021-09-26
136,ثاخت,بين‌المللي‌توسعه‌ساختمان,1721,30607645,70145403734,2345,2380,2284,-61,-2.6,2292,-53,-2.26,2228,2380,1400-7-4,2021-09-26
137,دماوند,توليد نيروي برق دماوند,1715,4164908,104141226376,25765,25990,25500,-265,-1.03,25004,-761,-2.95,24477,26370,1400-7-4,2021-09-26
138,كمرجان,بازرگاني و توليدي مرجان كار,1712,875634,72867957432,86441,86500,82119,-4322,-5,83217,-3224,-3.73,82119,87500,1400-7-4,2021-09-26
139,غپينو,پارس‌ مينو,1708,14248566,64932371953,4760,4552,4522,-238,-5,4557,-203,-4.26,4522,4780,1400-7-4,2021-09-26
140,حريل,ريل پردازسير,1705,19816632,79924162329,4067,4195,4000,-67,-1.65,4033,-34,-0.84,3949,4200,1400-7-4,2021-09-26
141,آگاس,صندوق س.هستي بخش آگاه-س,1697,1378663,113255277031,82389,83000,82405,16,0.02,82149,-240,-0.29,81111,83480,1400-7-4,2021-09-26
142,تپمپي,پمپ‌ سازي‌ ايران‌,1678,6978995,141638587490,19480,19800,20450,970,4.98,20290,810,4.16,19560,20450,1400-7-4,2021-09-26
143,پارند,صندوق س. پارند پايدار سپهر,1668,80709665,816204627972,10106,10112,10113,7,0.07,10113,7,0.07,10111,10114,1400-7-4,2021-09-26
144,غفارس,شير پاستوريزه پگاه فارس,1630,5168552,52299064401,9946,10248,10130,184,1.85,10119,173,1.74,9782,10320,1400-7-4,2021-09-26
145,افران,صندوق س افرا نماد پايدار-ثابت,1621,33533334,481289470300,14344,14356,14356,12,0.08,14353,9,0.06,14351,14356,1400-7-4,2021-09-26
146,اخابر,مخابرات ايران,1615,13570427,116284815050,8840,9000,8410,-430,-4.86,8570,-270,-3.05,8400,9040,1400-7-4,2021-09-26
147,سيمرغ,سيمرغ,1592,4623594,95738544560,19950,20400,20680,730,3.66,20710,760,3.81,20020,20940,1400-7-4,2021-09-26
148,خزاميا,زامياد,1589,9794260,67555791040,6970,7010,6880,-90,-1.29,6900,-70,-1,6740,7120,1400-7-4,2021-09-26
149,ديران,ايران‌دارو,1586,4383495,120735158570,27460,28690,27500,40,0.15,27540,80,0.29,26590,28690,1400-7-4,2021-09-26
150,لپارس,پارس‌ الكتريك‌,1562,2660153,392851395040,155450,147680,147680,-7770,-5,147680,-7770,-5,147680,147680,1400-7-4,2021-09-26
151,پتاير,ايران‌ تاير,1539,18556581,47725482279,2611,2651,2520,-91,-3.49,2572,-39,-1.49,2510,2687,1400-7-4,2021-09-26
152,تاپيكو,س. نفت و گاز و پتروشيمي تأمين,1514,7731260,104736432610,13670,13870,13500,-170,-1.24,13570,-100,-0.73,13130,13870,1400-7-4,2021-09-26
153,غشهداب,كشت و صنعت شهداب ناب خراسان,1513,16170575,54232263104,3278,3441,3346,68,2.07,3354,76,2.32,3278,3441,1400-7-4,2021-09-26
154,خموتور,موتورسازان‌تراكتورسازي‌ايران‌,1510,7787981,101594045660,13370,12800,12710,-660,-4.94,13040,-330,-2.47,12710,13700,1400-7-4,2021-09-26
155,خلنت,لنت‌ ترمزايران‌,1472,1020556,104605893850,98090,102640,102990,4900,5,102500,4410,4.5,100000,102990,1400-7-4,2021-09-26
156,ريشمك,توليد و صادرات ريشمك,1453,2240825,106010756190,49466,49457,46993,-2473,-5,47309,-2157,-4.36,46993,49457,1400-7-4,2021-09-26
157,قرن,پديده شيمي قرن,1448,1401031,40484085600,29530,30500,28500,-1030,-3.49,28900,-630,-2.13,28400,30500,1400-7-4,2021-09-26
158,خرينگ,رينگ‌سازي‌مشهد,1445,1903794,71181361720,38990,40000,37050,-1940,-4.98,37390,-1600,-4.1,37050,40000,1400-7-4,2021-09-26
159,ثفارس,عمران‌وتوسعه‌فارس‌,1438,27639707,281512935740,9720,10200,10200,480,4.94,10190,470,4.84,9910,10200,1400-7-4,2021-09-26
160,زكوثر,سرمايه گذاري كشاورزي كوثر,1428,2461450,45468668880,18530,18990,18510,-20,-0.11,18470,-60,-0.32,18000,19200,1400-7-4,2021-09-26
161,سصفها,سيمان‌اصفهان‌,1420,1259529,62437165940,51410,53000,48840,-2570,-5,49570,-1840,-3.58,48840,53000,1400-7-4,2021-09-26
162,ماديرا,صنايع ماديران,1411,5872691,46897796882,8060,8290,7984,-76,-0.94,7986,-74,-0.92,7861,8290,1400-7-4,2021-09-26
163,فاراك,ماشين‌ سازي‌ اراك‌,1410,21335648,39685753579,1872,1899,1840,-32,-1.71,1860,-12,-0.64,1829,1920,1400-7-4,2021-09-26
164,خمحركه,نيرو محركه‌,1402,12359161,49674260281,4117,4200,3970,-147,-3.57,4019,-98,-2.38,3920,4200,1400-7-4,2021-09-26
165,لسرما,سرما آفرين‌,1394,2414736,56112626970,23280,23750,23000,-280,-1.2,23240,-40,-0.17,22120,24400,1400-7-4,2021-09-26
166,ولصنم,ليزينگ‌صنعت‌ومعدن‌,1373,7192006,47895197260,6400,6720,6710,310,4.84,6660,260,4.06,6440,6720,1400-7-4,2021-09-26
167,خاور,ايران خودرو ديزل,1351,9659080,70860783054,7463,7380,7320,-143,-1.92,7336,-127,-1.7,7250,7570,1400-7-4,2021-09-26
168,خكار,ايركا پارت صنعت,1350,5506391,84772985800,16050,15890,15360,-690,-4.3,15400,-650,-4.05,15250,16280,1400-7-4,2021-09-26
169,رانفور,خدمات‌انفورماتيك‌,1347,10087348,49677377970,4960,4980,4820,-140,-2.82,4930,-30,-0.6,4740,5210,1400-7-4,2021-09-26
170,حتايد,تايدواترخاورميانه,1342,4537931,99204901380,22330,22870,21870,-460,-2.06,21860,-470,-2.1,21400,22870,1400-7-4,2021-09-26
171,تسه0005,امتيازتسهيلات مسكن مرداد 1400,1313,22383,14549987263,643923,630122,656490,12567,1.95,650046,6123,0.95,622366,676119,1400-7-4,2021-09-26
172,كارين,صندوق س نگين سامان-ثابت,1295,50607941,507238087809,10017,10023,10023,6,0.06,10023,6,0.06,10022,10024,1400-7-4,2021-09-26
173,كچاد,معدني‌وصنعتي‌چادرملو,1295,1994801,54203094570,27010,27690,27300,290,1.07,27080,70,0.26,26870,27690,1400-7-4,2021-09-26
174,چكارن,كارتن‌ ايران‌,1292,18309367,60808687331,3373,3375,3225,-148,-4.39,3321,-52,-1.54,3220,3454,1400-7-4,2021-09-26
175,ونيكي,سرمايه‌گذاري‌ ملي‌ايران‌,1290,4195549,44974356850,10690,11040,10640,-50,-0.47,10710,20,0.19,10500,11040,1400-7-4,2021-09-26
176,وپاسار,بانك  پاسارگاد,1289,36677109,540251810390,14730,14730,14730,0,0,14730,0,0,14720,14770,1400-7-4,2021-09-26
177,گشان,توسعه بين المللي پديده شانديز,1286,2322238,48392622795,21397,21010,20756,-641,-3,20839,-558,-2.61,20756,21410,1400-7-4,2021-09-26
178,فولاي,صنايع فولاد آلياژي يزد,1279,3978117,88996214608,22602,22579,21862,-740,-3.27,22371,-231,-1.02,21600,23380,1400-7-4,2021-09-26
179,تملت,تامين سرمايه بانك ملت,1277,5476249,25840484687,4834,4690,4671,-163,-3.37,4719,-115,-2.38,4621,4900,1400-7-4,2021-09-26
180,بجهرم,توسعه مولد نيروگاهي جهرم,1275,12766756,29673515066,2322,2360,2328,6,0.26,2324,2,0.09,2281,2384,1400-7-4,2021-09-26
181,كترام,توليدي‌ كاشي‌ تكسرام‌,1269,3875166,97050812990,26080,25100,25110,-970,-3.72,25040,-1040,-3.99,24780,26490,1400-7-4,2021-09-26
182,شاوان,پالايش نفت لاوان,1261,1491443,173218185950,114067,117000,116134,2067,1.81,116141,2074,1.82,114298,118799,1400-7-4,2021-09-26
183,شپترو,پتروشيمي آبادان,1254,14376282,66203198855,4715,4700,4574,-141,-2.99,4605,-110,-2.33,4574,4767,1400-7-4,2021-09-26
184,كسرام,پارس‌ سرام‌,1252,9045201,53080166340,5780,5650,5750,-30,-0.52,5870,90,1.56,5650,6050,1400-7-4,2021-09-26
185,زاگرس,پتروشيمي زاگرس,1242,381234,98549758615,252908,263000,262000,9092,3.59,258057,5149,2.04,254557,263190,1400-7-4,2021-09-26
186,غديس,پاكديس,1236,8150431,114183359988,13418,13890,14083,665,4.96,14009,591,4.4,13545,14088,1400-7-4,2021-09-26
187,كساوه,صنايع‌ كاشي‌ و سراميك‌ سينا,1230,2459946,145170927150,56920,59600,58520,1600,2.81,59010,2090,3.67,57350,59650,1400-7-4,2021-09-26
188,شفن,پتروشيمي فناوران,1228,173897,67434722500,389640,390000,389900,260,0.07,388420,-1220,-0.31,380000,391900,1400-7-4,2021-09-26
189,زماهان,مجتمع توليد گوشت مرغ ماهان,1216,4017609,41307919409,10377,10670,10100,-277,-2.67,10282,-95,-0.92,10011,10700,1400-7-4,2021-09-26
190,فوكا,فولاد كاويان,1164,4294346,68503272655,15749,15800,16070,321,2.04,15952,203,1.29,15421,16221,1400-7-4,2021-09-26
191,گكوثر,هتل پارسيان كوثر اصفهان,1164,31195918,70129071532,2194,2200,2215,21,0.96,2248,54,2.46,2189,2295,1400-7-4,2021-09-26
192,فنورد,نوردوقطعات‌ فولادي‌,1159,334032,65117061760,199510,201400,197200,-2310,-1.16,194940,-4570,-2.29,189540,201400,1400-7-4,2021-09-26
193,ولغدر,ليزينگ‌خودروغدير,1159,4208846,55926812460,13580,13840,12970,-610,-4.49,13290,-290,-2.14,12910,14000,1400-7-4,2021-09-26
194,غسالم,سالمين‌,1154,8746460,27784435802,3222,3241,3160,-62,-1.92,3177,-45,-1.4,3070,3298,1400-7-4,2021-09-26
195,بالاس,مهندسي ساختمان تاسيسات راه آهن,1145,1478087,61706094018,41446,41475,41000,-446,-1.08,41747,301,0.73,39451,42801,1400-7-4,2021-09-26
196,كوثر,بيمه كوثر,1143,8759142,105813512696,12438,12750,12320,-118,-0.95,12080,-358,-2.88,11862,12750,1400-7-4,2021-09-26
197,خپويش,سازه‌ پويش‌,1126,1432503,110851128610,80880,80800,77900,-2980,-3.68,77380,-3500,-4.33,76840,80800,1400-7-4,2021-09-26
198,شيران,س. صنايع‌شيميايي‌ايران,1122,3301379,82178328020,24490,25300,24960,470,1.92,24830,340,1.39,24530,25300,1400-7-4,2021-09-26
199,فاسمين,كالسيمين‌,1122,9277492,153784485290,16570,16590,16780,210,1.27,16580,10,0.06,16190,16930,1400-7-4,2021-09-26
200,خمهر,مهركام‌پارس‌,1121,22946634,48178512391,2170,2220,2098,-72,-3.32,2100,-70,-3.23,2062,2230,1400-7-4,2021-09-26
201,لابسا,آبسال‌,1119,2729392,107633244730,37640,39520,39520,1880,4.99,39430,1790,4.76,38000,39520,1400-7-4,2021-09-26
202,ساوه,سيمان ساوه,1116,387682,21131688304,54433,54310,54400,-33,-0.06,54508,75,0.14,54310,54950,1400-7-4,2021-09-26
203,كرماشا,صنايع پتروشيمي كرمانشاه,1114,1788503,84661493840,46150,47510,47360,1210,2.62,47340,1190,2.58,45900,48200,1400-7-4,2021-09-26
204,توريل,توكاريل,1105,2593717,44215618464,16982,17000,17030,48,0.28,17047,65,0.38,16750,17350,1400-7-4,2021-09-26
205,ونوين,بانك‌اقتصادنوين‌,1102,13692284,57382125066,4200,4300,4120,-80,-1.9,4191,-9,-0.21,4110,4300,1400-7-4,2021-09-26
206,دتوليد,داروسازي توليد دارو,1094,3079448,40533917650,13120,13640,13260,140,1.07,13163,43,0.33,12800,13640,1400-7-4,2021-09-26
207,تبرك,گروه كارخانجات صنعتي تبرك,1092,3289948,36788492540,11302,11590,10991,-311,-2.75,11182,-120,-1.06,10900,11750,1400-7-4,2021-09-26
208,قشكر,شكرشاهرود,1084,23167888,77774884223,3471,3500,3298,-173,-4.98,3357,-114,-3.28,3298,3588,1400-7-4,2021-09-26
209,حفاري,حفاري شمال,1084,6373777,38543675450,6160,6290,6030,-130,-2.11,6050,-110,-1.79,5930,6290,1400-7-4,2021-09-26
210,پدرخش,درخشان‌ تهران‌,1083,2129951,63067351230,30730,30000,29200,-1530,-4.98,29610,-1120,-3.64,29200,31190,1400-7-4,2021-09-26
211,كگل,معدني و صنعتي گل گهر,1081,7626542,167279792550,21990,22010,22060,70,0.32,21930,-60,-0.27,21170,22500,1400-7-4,2021-09-26
212,دتوزيع,توزيع دارو پخش,1060,1317672,45398890650,34158,35550,34463,305,0.89,34454,296,0.87,33710,35550,1400-7-4,2021-09-26
213,فنفتح,ح . صنايع تجهيزات نفت,1053,4547718,58524063779,13177,12782,12782,-395,-3,12869,-308,-2.34,12782,13300,1400-7-4,2021-09-26
214,شلرد,كود شيميايي اوره لردگان,1047,6783019,56467051291,8241,8440,8369,128,1.55,8325,84,1.02,8124,8440,1400-7-4,2021-09-26
215,فنفت,صنايع تجهيزات نفت,1043,5642337,87069240066,15236,15690,15175,-61,-0.4,15431,195,1.28,14779,15693,1400-7-4,2021-09-26
216,قنيشا,قند  نيشابور,1037,1245435,50383278670,40720,41000,40190,-530,-1.3,40450,-270,-0.66,39200,41670,1400-7-4,2021-09-26
217,فسپا,گروه‌صنعتي‌سپاهان‌,1030,2701254,56997738520,21210,21870,21470,260,1.23,21100,-110,-0.52,20780,21870,1400-7-4,2021-09-26
218,خزر,فنرسازي‌زر,1030,2943149,60403792720,21460,20710,20390,-1070,-4.99,20520,-940,-4.38,20390,21410,1400-7-4,2021-09-26
219,لخزر,پارس‌ خزر,1029,586318,90167387170,160810,161560,152770,-8040,-5,153790,-7020,-4.37,152770,161560,1400-7-4,2021-09-26
220,والبر,سرمايه‌ گذاري‌ البرز(هلدينگ‌,1028,5903269,52585788900,8540,8800,8960,420,4.92,8910,370,4.33,8710,8960,1400-7-4,2021-09-26
221,بكام,كارخانجات توليدي شهيد قندي,1026,13447029,34691615944,2570,2630,2580,10,0.39,2580,10,0.39,2521,2630,1400-7-4,2021-09-26
222,ثنور,سرمايه گذاري كوه نور,1017,7961212,59270981304,7631,7670,7403,-228,-2.99,7445,-186,-2.44,7403,7720,1400-7-4,2021-09-26
223,غپاك,لبنيات‌ پاك‌,1015,3643773,63088118820,16750,17570,17580,830,4.96,17310,560,3.34,16890,17580,1400-7-4,2021-09-26
224,ثرود,سرمايه‌گذاري مسكن زاينده رود,998,2665574,29094886692,10987,11499,10800,-187,-1.7,10915,-72,-0.66,10547,11499,1400-7-4,2021-09-26
225,ثپرديس,سرمايه گذاري مسكن پرديس,996,8748960,58313428501,6959,7089,6612,-347,-4.99,6665,-294,-4.22,6612,7089,1400-7-4,2021-09-26
226,وساپا,سرمايه‌گذاري‌ سايپا,993,7907425,37491328178,4825,4940,4727,-98,-2.03,4741,-84,-1.74,4656,4960,1400-7-4,2021-09-26
227,كيسون,شركت كيسون,986,6616897,57225589583,8904,8650,8637,-267,-3,8648,-256,-2.88,8637,8950,1400-7-4,2021-09-26
228,قاسم,قاسم ايران,984,6308987,48143966795,7959,8030,7562,-397,-4.99,7631,-328,-4.12,7562,8140,1400-7-4,2021-09-26
229,پلاسك,پلاسكوكار,974,9725269,65208616780,6400,6500,6720,320,5,6710,310,4.84,6420,6720,1400-7-4,2021-09-26
230,فپنتا,سپنتا,970,72395,37243987050,532800,534000,513600,-19200,-3.6,514460,-18340,-3.44,506160,544950,1400-7-4,2021-09-26
231,خراسان,پتروشيمي خراسان,967,661699,57790867800,85070,88460,88250,3180,3.74,87170,2100,2.47,85500,88460,1400-7-4,2021-09-26
232,شبهرن,نفت‌ بهران‌,966,3691777,46423441390,12510,12880,12560,50,0.4,12560,50,0.4,12400,12970,1400-7-4,2021-09-26
233,خصدرا,صنعتي‌ دريايي‌ ايران‌,964,20263977,66345071747,3368,3360,3267,-101,-3,3274,-94,-2.79,3267,3390,1400-7-4,2021-09-26
234,غالبر,لبنيات‌ كالبر,958,3923822,49955667270,13300,13100,12670,-630,-4.74,12730,-570,-4.29,12640,13400,1400-7-4,2021-09-26
235,ومهان,گروه توسعه مالي مهر آيندگان,956,3175990,48327599431,15270,15500,15220,-50,-0.33,15228,-42,-0.28,15100,15500,1400-7-4,2021-09-26
236,فايرا,آلومينيوم‌ايران‌,948,3158213,58736816950,18610,18940,18480,-130,-0.7,18600,-10,-0.05,18200,18940,1400-7-4,2021-09-26
237,خاهن,آهنگري‌ تراكتورسازي‌ ايران‌,944,7869556,66039561470,8130,8290,8530,400,4.92,8390,260,3.2,8030,8530,1400-7-4,2021-09-26
238,نطرين,عطرين نخ قم,943,4382786,31619997876,7495,7300,7127,-368,-4.91,7215,-280,-3.74,7121,7640,1400-7-4,2021-09-26
239,ساروم,سيمان‌اروميه‌,940,1852417,76714293080,40170,40200,41600,1430,3.56,41410,1240,3.09,39100,42170,1400-7-4,2021-09-26
240,پاكشو,گروه صنعتي پاكشو,939,9681673,55531523250,5630,5650,5860,230,4.09,5680,50,0.89,5630,5880,1400-7-4,2021-09-26
241,فافق,صنايع مس افق كرمان,937,2647222,15279793689,5934,5800,5756,-178,-3,5772,-162,-2.73,5756,5930,1400-7-4,2021-09-26
242,افرا,افرانت,936,2440299,60693572486,23881,23427,25075,1194,5,24871,990,4.15,22910,25075,1400-7-4,2021-09-26
243,كپشير,پشم‌شيشه‌ايران‌,935,2376935,45727659110,20090,19700,19090,-1000,-4.98,19240,-850,-4.23,19090,20230,1400-7-4,2021-09-26
244,ثالوند,سرمايه گذاري مسكن الوند,928,2256244,39087868309,18075,18192,17172,-903,-5,17324,-751,-4.15,17172,18192,1400-7-4,2021-09-26
245,ضخود7074,اختيارخ خودرو-1800-1400/07/07,924,39462,2295870000,99,101,51,-48,-48.48,58,-41,-41.41,45,106,1400-7-4,2021-09-26
246,چفيبر,فيبر ايران‌,923,4430202,31293948890,6990,7260,6950,-40,-0.57,7060,70,1,6840,7260,1400-7-4,2021-09-26
247,رنيك,جنرال مكانيك,918,2674870,40029277771,15548,15100,15190,-358,-2.3,14965,-583,-3.75,14771,15520,1400-7-4,2021-09-26
248,كبافق,معادن‌ بافق‌,916,980003,38953715090,40070,40900,39570,-500,-1.25,39750,-320,-0.8,38920,40900,1400-7-4,2021-09-26
249,ونيرو,سرمايه‌گذاري‌نيرو,914,11861011,31596029342,2727,2788,2621,-106,-3.89,2664,-63,-2.31,2601,2788,1400-7-4,2021-09-26
250,تسه0004,امتيازتسهيلات مسكن تير1400,906,14391,9268204678,641338,673404,647001,5663,0.88,644028,2690,0.42,622200,673404,1400-7-4,2021-09-26
251,كروي,توسعه‌ معادن‌ روي‌ ايران‌,903,1292019,33673689760,25460,26300,26190,730,2.87,26060,600,2.36,25700,26680,1400-7-4,2021-09-26
252,فباهنر,مس‌ شهيدباهنر,903,1125920,30016157980,26090,26200,27000,910,3.49,26660,570,2.18,26200,27000,1400-7-4,2021-09-26
253,بكهنوج,توليد برق ماهتاب كهنوج,899,22415123,31614353117,1424,1442,1390,-34,-2.39,1410,-14,-0.98,1369,1490,1400-7-4,2021-09-26
254,آبين,كشت و صنعت آبشيرين,897,13145123,34812119802,2625,2561,2670,45,1.71,2648,23,0.88,2547,2703,1400-7-4,2021-09-26
255,تليسه,دامداري تليسه نمونه,897,5867013,18437075769,3195,3259,3120,-75,-2.35,3142,-53,-1.66,3100,3259,1400-7-4,2021-09-26
256,سفارس,سيمان فارس و خوزستان,895,3200921,68171018760,21120,21970,21380,260,1.23,21300,180,0.85,21010,21970,1400-7-4,2021-09-26
257,فن آوا,گروه فن آوا,895,8421329,197230953070,23779,23960,23066,-713,-3,23420,-359,-1.51,23066,24492,1400-7-4,2021-09-26
258,كالا,بورس كالاي ايران,894,1149985,45780902850,41900,39810,39810,-2090,-4.99,40700,-1200,-2.86,39810,39810,1400-7-4,2021-09-26
259,دكپسول,توليد ژلاتين كپسول ايران,890,650369,22634729579,35635,36890,34200,-1435,-4.03,34803,-832,-2.33,33856,36890,1400-7-4,2021-09-26
260,داوه,داروسازي آوه سينا,889,2718152,41362541669,15588,15500,14970,-618,-3.96,15217,-371,-2.38,14809,15999,1400-7-4,2021-09-26
261,غگلستا,شير پاستوريزه پگاه گلستان,886,1687912,23087363693,13580,13893,13590,10,0.07,13678,98,0.72,13200,13970,1400-7-4,2021-09-26
262,فردا,صندوق س آواي فرداي زاگرس-ثابت,885,37205068,427669267649,11488,11494,11495,7,0.06,11495,7,0.06,11494,11497,1400-7-4,2021-09-26
263,دلقما,دارويي‌ لقمان‌,881,1749641,64047197080,38360,38900,36450,-1910,-4.98,36610,-1750,-4.56,36450,38900,1400-7-4,2021-09-26
264,هماي,صندوق س هماي آگاه-ثابت,878,4943478,49538750972,10019,10019,10023,4,0.04,10021,2,0.02,10014,10024,1400-7-4,2021-09-26
265,بالبر,كابل‌ البرز,878,1430537,38223454050,27960,26610,26950,-1010,-3.61,26720,-1240,-4.43,26570,27550,1400-7-4,2021-09-26
266,شجم,صنايع پتروشيمي تخت جمشيد,877,5186227,67303704602,13083,13335,12960,-123,-0.94,12977,-106,-0.81,12680,13338,1400-7-4,2021-09-26
267,خبنيان,بنيان ديزل,877,122818,15635713944,123600,127308,127308,3708,3,127308,3708,3,127308,127308,1400-7-4,2021-09-26
268,ولساپا,ليزينگ رايان‌ سايپا,876,13041521,35208524136,2735,2800,2677,-58,-2.12,2700,-35,-1.28,2671,2800,1400-7-4,2021-09-26
269,وثنو,سرمايه گذاري ساختماني نوين,873,10455379,59927954037,5607,5775,5775,168,3,5732,125,2.23,5561,5775,1400-7-4,2021-09-26
270,تاصيكو,سرمايه گذاري صدرتامين,873,6233815,60140919060,9650,9980,9570,-80,-0.83,9650,0,0,9520,9980,1400-7-4,2021-09-26
271,وتوصا,گروه س توسعه صنعتي ايران,873,3665439,35475230810,9670,9780,9790,120,1.24,9680,10,0.1,9410,9900,1400-7-4,2021-09-26
272,وملي,گروه‌ صنعتي‌ ملي‌ (هلدينگ‌,870,386384,97739696640,266270,252960,252960,-13310,-5,252960,-13310,-5,252960,252960,1400-7-4,2021-09-26
273,وصنعت,سرمايه گذاري توسعه صنعت وتجارت,870,8161643,55693828720,6930,6760,6800,-130,-1.88,6820,-110,-1.59,6750,6990,1400-7-4,2021-09-26
274,ياقوت,صندوق س ياقوت آگاه-ثابت,868,5530494,73099650606,13197,13213,13220,23,0.17,13218,21,0.16,13190,13220,1400-7-4,2021-09-26
275,سپ,پرداخت الكترونيك سامان كيش,867,1883275,64913148550,32940,33760,34380,1440,4.37,34380,1440,4.37,33300,34580,1400-7-4,2021-09-26
276,اتكاي,بيمه اتكايي ايرانيان,860,21597550,228578804612,11137,10581,10581,-556,-4.99,10584,-553,-4.97,10581,10722,1400-7-4,2021-09-26
277,كفپارس,فرآورده‌هاي‌ نسوز پارس‌,851,7523524,30086685053,4175,4160,3967,-208,-4.98,3999,-176,-4.22,3967,4160,1400-7-4,2021-09-26
278,غمينو,شركت صنايع غذايي مينو شرق,850,6435536,62410625163,10195,9686,9686,-509,-4.99,9698,-497,-4.87,9686,9870,1400-7-4,2021-09-26
279,شلعاب,لعابيران‌,850,3169654,25700542290,8150,8380,8010,-140,-1.72,8110,-40,-0.49,7940,8380,1400-7-4,2021-09-26
280,كلوند,كاشي‌ الوند,846,2387187,56312722810,24570,24600,23430,-1140,-4.64,23590,-980,-3.99,23350,24600,1400-7-4,2021-09-26
281,سخاش,سيمان‌خاش‌,843,235229,29299515060,129060,125000,122630,-6430,-4.98,124560,-4500,-3.49,122610,130750,1400-7-4,2021-09-26
282,چافست,افست‌,828,2052049,26460504020,12550,13170,13030,480,3.82,12890,340,2.71,12170,13170,1400-7-4,2021-09-26
283,مفاخر,توسعه فناوري اطلاعات خوارزمي,826,1106208,55745615151,52978,50330,52500,-478,-0.9,50393,-2585,-4.88,50330,52500,1400-7-4,2021-09-26
284,خكمك,كمك‌فنرايندامين‌,825,2058271,39974816650,20260,20520,19270,-990,-4.89,19420,-840,-4.15,19250,20950,1400-7-4,2021-09-26
285,پرديس,سرمايه گذاري پرديس,825,7874404,43534954140,5420,5300,5640,220,4.06,5530,110,2.03,5250,5670,1400-7-4,2021-09-26
286,ثعتما,س. ساختماني اعتماد گستر,824,1721276,51488933601,30461,31334,30369,-92,-0.3,29913,-548,-1.8,29548,31334,1400-7-4,2021-09-26
287,كحافظح,ح . كاشي‌ وسراميك‌ حافظ‌,818,8681329,19530417732,2321,2360,2260,-61,-2.63,2250,-71,-3.06,2220,2360,1400-7-4,2021-09-26
288,آريان,سرمايه گذاري پارس آريان,817,9234300,149589004642,16631,16800,16133,-498,-2.99,16199,-432,-2.6,16133,16829,1400-7-4,2021-09-26
289,پارس,پتروشيمي پارس,814,342266,67519730280,195700,199970,195520,-180,-0.09,196730,1030,0.53,194810,199970,1400-7-4,2021-09-26
290,وپست,پست بانك ايران,807,4554297,108952616970,24210,23500,23920,-290,-1.2,23920,-290,-1.2,23050,24350,1400-7-4,2021-09-26
291,وآذر,سرمايه‌گذاري‌توسعه‌آذربايجان‌,805,620446,38866413340,63070,63660,61950,-1120,-1.78,62640,-430,-0.68,61010,64690,1400-7-4,2021-09-26
292,سغرب,سيمان‌غرب‌,804,1378893,33917669440,24230,24800,24500,270,1.11,24600,370,1.53,24200,25000,1400-7-4,2021-09-26
293,خوساز,محورسازان‌ايران‌خودرو,802,7211909,65224717040,8960,8960,9070,110,1.23,9040,80,0.89,8730,9380,1400-7-4,2021-09-26
294,طلا,صندوق س.پشتوانه طلاي لوتوس,800,895165,74176474393,82990,82992,83012,22,0.03,82863,-127,-0.15,82333,83400,1400-7-4,2021-09-26
295,قلرست,قند لرستان‌,793,1819834,38351109220,22060,21150,21100,-960,-4.35,21070,-990,-4.49,20960,22630,1400-7-4,2021-09-26
296,ثشرق,سرمايه گذاري مسكن شمال شرق,788,4105295,22445829090,5420,5680,5400,-20,-0.37,5470,50,0.92,5210,5680,1400-7-4,2021-09-26
297,ارفع,شركت آهن و فولاد ارفع,787,2359669,35703633266,15005,15550,15140,135,0.9,15067,62,0.41,14950,15550,1400-7-4,2021-09-26
298,خشرق,الكتريك‌ خودرو شرق‌,787,3133808,46502381840,15420,15970,14650,-770,-4.99,14840,-580,-3.76,14650,15970,1400-7-4,2021-09-26
299,فمراد,آلومراد,786,1374918,29217492980,22270,21420,21160,-1110,-4.98,21250,-1020,-4.58,21160,22320,1400-7-4,2021-09-26
300,مرقام,ايران‌ارقام‌,786,2654006,39667507470,14930,15430,14700,-230,-1.54,14950,20,0.13,14500,15430,1400-7-4,2021-09-26
301,حتوكا,حمل‌ونقل‌توكا,785,1658875,29896979050,18240,18800,17800,-440,-2.41,18020,-220,-1.21,17720,18800,1400-7-4,2021-09-26
302,غبهنوش,بهنوش‌ ايران‌,783,477115,32841459010,69400,71180,68020,-1380,-1.99,68830,-570,-0.82,66690,71180,1400-7-4,2021-09-26
303,وايران,ليزينگ ايرانيان,777,5399177,27593569360,5310,5170,5090,-220,-4.14,5110,-200,-3.77,5050,5350,1400-7-4,2021-09-26
304,حفارس,حمل و نقل بين المللي خليج فارس,777,9611644,41007806522,4299,4299,4270,-29,-0.67,4266,-33,-0.77,4155,4402,1400-7-4,2021-09-26
305,لازما,كارخانه هاي صنعتي آزمايش,777,1542259,43087977054,27159,27973,27973,814,3,27938,779,2.87,27510,27973,1400-7-4,2021-09-26
306,ميدكو,توسعه معادن وص.معدني خاورميانه,775,5913516,279716042650,47300,47300,47310,10,0.02,47300,0,0,47300,47400,1400-7-4,2021-09-26
307,دحاوي,الحاوي,771,4560124,31330840277,7213,6853,6860,-353,-4.89,6871,-342,-4.74,6853,7129,1400-7-4,2021-09-26
308,غگرجي,بيسكويت‌  گرجي‌,763,10569882,28151100755,2681,2730,2710,29,1.08,2663,-18,-0.67,2550,2750,1400-7-4,2021-09-26
309,وصندوق,سرمايه‌گذاري‌صندوق‌بازنشستگي‌,763,7677512,134782994250,17520,17370,17900,380,2.17,17560,40,0.23,17210,17990,1400-7-4,2021-09-26
310,ولملت,واسپاري ملت,762,8319526,50134895020,5760,6040,6040,280,4.86,6030,270,4.69,5830,6040,1400-7-4,2021-09-26
311,تايرا,تراكتورسازي‌ايران‌,759,2322664,62585663500,28230,28150,27150,-1080,-3.83,26950,-1280,-4.53,26820,28150,1400-7-4,2021-09-26
312,شدوص,دوده‌ صنعتي‌ پارس‌,759,2253972,49011774990,21620,22000,21800,180,0.83,21740,120,0.56,20850,22380,1400-7-4,2021-09-26
313,ختراك,ريخته‌گري‌ تراكتورسازي‌ ايران‌,755,4789535,61077747240,12350,12940,12770,420,3.4,12750,400,3.24,12100,12960,1400-7-4,2021-09-26
314,پاسا,ايران‌ياساتايرورابر,754,1660184,31202838430,18970,19280,18800,-170,-0.9,18790,-180,-0.95,18500,19280,1400-7-4,2021-09-26
315,وآوا,سرمايه گذاري آوا نوين,746,3382697,14762811247,4408,4500,4380,-28,-0.64,4365,-43,-0.98,4314,4500,1400-7-4,2021-09-26
316,رتاپ,تجارت الكترونيك  پارسيان,746,3183382,19166506910,5840,5820,6040,200,3.42,6020,180,3.08,5820,6100,1400-7-4,2021-09-26
317,كسرا,سراميك‌هاي‌صنعتي‌اردكان‌,745,2755719,47396603890,17690,17700,17200,-490,-2.77,17200,-490,-2.77,16810,17950,1400-7-4,2021-09-26
318,دسبحا,گروه دارويي سبحان,744,1631504,33677478720,20140,21110,20730,590,2.93,20640,500,2.48,20350,21110,1400-7-4,2021-09-26
319,وسنا,سرمايه گذاري نيروگاهي ايران,742,3617893,53578465212,14924,14479,15130,206,1.38,14809,-115,-0.77,14479,15200,1400-7-4,2021-09-26
320,اوان,مبين وان كيش,737,1475820,44326677697,31304,31310,29771,-1533,-4.9,30035,-1269,-4.05,29739,31310,1400-7-4,2021-09-26
321,مدير,ص.س.مديريت ثروت ص.بازنشستگي-س,735,3725202,35821727805,9666,9895,9599,-67,-0.69,9616,-50,-0.52,9450,9895,1400-7-4,2021-09-26
322,فزرين,زرين معدن آسيا,732,1844680,32457346969,18330,17800,17414,-916,-5,17595,-735,-4.01,17414,18589,1400-7-4,2021-09-26
323,فنوال,نورد آلومينيوم‌,731,1686502,46548654500,28820,28430,27820,-1000,-3.47,27600,-1220,-4.23,27380,29370,1400-7-4,2021-09-26
324,غچين,كشت‌ و صنعت‌ چين‌ چين,723,3311366,51903547870,15520,15260,15600,80,0.52,15670,150,0.97,15000,16040,1400-7-4,2021-09-26
325,دانا,بيمه دانا,722,5379688,29611590870,5660,5720,5430,-230,-4.06,5500,-160,-2.83,5420,5720,1400-7-4,2021-09-26
326,بميلا,توسعه بازرگاني آهن وفولادميلاد,721,2888443,34230281915,11648,11997,11640,-8,-0.07,11851,203,1.74,11512,11997,1400-7-4,2021-09-26
327,ستران,سيمان‌ تهران‌,708,1058123,27107831140,26350,25510,25350,-1000,-3.8,25620,-730,-2.77,25040,26340,1400-7-4,2021-09-26
328,كاذر,فرآورده‌هاي‌نسوزآذر,705,4473762,68660062990,16080,15520,15280,-800,-4.98,15350,-730,-4.54,15280,16080,1400-7-4,2021-09-26
329,زشريف,كشت وصنعت شريف آباد,704,7466472,37751242363,5217,5200,5150,-67,-1.28,5056,-161,-3.09,4957,5239,1400-7-4,2021-09-26
330,واحيا,م .صنايع و معادن احياء سپاهان,704,1081262,176289099165,162235,166776,163118,883,0.54,163040,805,0.5,162220,167000,1400-7-4,2021-09-26
331,ضخود1054,اختيارخ خودرو-3000-1400/10/08,704,36632,2346308000,66,65,60,-6,-9.09,64,-2,-3.03,59,69,1400-7-4,2021-09-26
332,وهور,مديريت انرژي اميد  تابان هور,700,12382666,19936488309,1611,1649,1607,-4,-0.25,1611,0,0,1592,1649,1400-7-4,2021-09-26
333,فسرب,ملي‌ سرب‌وروي‌ ايران‌,700,421266,29787084670,70620,72000,70900,280,0.4,70710,90,0.13,68560,72830,1400-7-4,2021-09-26
334,غمهرا,توليدي‌مهرام‌,697,655101,33418726710,52170,54000,50020,-2150,-4.12,51010,-1160,-2.22,49580,54000,1400-7-4,2021-09-26
335,دبالك,مواد اوليه دارويي البرز بالك,695,1420331,16811215868,11965,12307,11560,-405,-3.38,11836,-129,-1.08,11390,12307,1400-7-4,2021-09-26
336,سامان,بانك سامان,694,4798030,39601386652,8401,8520,8287,-114,-1.36,8254,-147,-1.75,8178,8535,1400-7-4,2021-09-26
337,سبهان,سيمان‌ بهبهان‌,694,417320,24665771820,59500,59700,59000,-500,-0.84,59110,-390,-0.66,57000,61400,1400-7-4,2021-09-26
338,آسيا,بيمه آسيا,693,9711525,19203282943,2005,1975,1965,-40,-2,1977,-28,-1.4,1960,2045,1400-7-4,2021-09-26
339,ساينا,صنايع بهداشتي ساينا,692,323117,45897543779,146971,152000,139623,-7348,-5,142046,-4925,-3.35,139623,153000,1400-7-4,2021-09-26
340,خكرمان,گروه اقتصادي كرمان خودرو,692,10409110,32811150478,3226,3320,3140,-86,-2.67,3152,-74,-2.29,3130,3320,1400-7-4,2021-09-26
341,شوينده,مديريت صنعت شوينده ت.ص.بهشهر,692,1207734,27771037330,22150,23230,22800,650,2.93,22990,840,3.79,22400,23230,1400-7-4,2021-09-26
342,سيلام,سيمان‌ ايلام‌,685,5058265,45504301480,9420,9400,8950,-470,-4.99,9000,-420,-4.46,8950,9400,1400-7-4,2021-09-26
343,شكربن,كربن‌ ايران‌,685,593433,76635285850,128580,131000,129700,1120,0.87,129140,560,0.44,124800,131000,1400-7-4,2021-09-26
344,كفرآور,فرآورده هاي سيمان شرق,683,2414771,37372424282,15681,15681,15560,-121,-0.77,15477,-204,-1.3,15211,15930,1400-7-4,2021-09-26
345,كيميا,معدني كيمياي زنجان گستران,680,2453700,37955183004,15186,15386,15416,230,1.51,15469,283,1.86,15120,15800,1400-7-4,2021-09-26
346,اپرداز,آتيه داده پرداز,676,1227990,25372000861,19858,20095,20780,922,4.64,20661,803,4.04,20088,20820,1400-7-4,2021-09-26
347,شيراز,پتروشيمي‌شيراز,669,623479,50752000450,80540,83180,82000,1460,1.81,80950,410,0.51,80540,83180,1400-7-4,2021-09-26
348,ولشرق,ليزينگ ايران و شرق,668,5169206,30505765320,5926,6050,5850,-76,-1.28,5901,-25,-0.42,5800,6050,1400-7-4,2021-09-26
349,وسگيلا,شركت س استان گيلان,668,25560760,13610812227,546,569,532,-14,-2.56,540,-6,-1.1,520,569,1400-7-4,2021-09-26
350,افق,فروشگاههاي زنجيره اي افق كوروش,667,835862,45388284330,53800,55150,54220,420,0.78,54150,350,0.65,53810,55420,1400-7-4,2021-09-26
351,وساغربي,شركت س استان آذربايجان غربي,666,29407574,15459063775,547,530,528,-19,-3.47,537,-10,-1.83,520,546,1400-7-4,2021-09-26
352,وصنا,گروه‌صنايع‌بهشهرايران‌,659,4490102,31377287350,7020,7180,7030,10,0.14,6990,-30,-0.43,6850,7250,1400-7-4,2021-09-26
353,وثخوز,سرمايه گذاري و توسعه خوزستان,658,1495870,51691731482,36307,36307,34492,-1815,-5,34556,-1751,-4.82,34492,36307,1400-7-4,2021-09-26
354,حپترو,حمل و نقل پتروشيمي( سهامي عام,655,975810,27704672830,29790,29280,28310,-1480,-4.97,28390,-1400,-4.7,28310,29670,1400-7-4,2021-09-26
355,ورنا,سرمايه‌گذاري‌ رنا(هلدينگ‌,640,5925518,28095264732,4790,4900,4790,0,0,4741,-49,-1.02,4622,4900,1400-7-4,2021-09-26
356,وبيمه,سرمايه‌ گذاري‌ صنعت‌ بيمه‌,638,11928816,21641242989,1813,1814,1800,-13,-0.72,1814,1,0.06,1795,1844,1400-7-4,2021-09-26
357,غشهد,شهد ايران ‌,635,4973476,26450947990,5080,5300,5330,250,4.92,5320,240,4.72,5000,5330,1400-7-4,2021-09-26
358,جم پيلن,پلي پروپيلن جم - جم پيلن,635,968493,107127594340,109210,111990,110480,1270,1.16,110610,1400,1.28,109000,113490,1400-7-4,2021-09-26
359,بمپنا,توليد برق عسلويه  مپنا,634,5690185,38457152643,7021,6730,6670,-351,-5,6759,-262,-3.73,6670,7021,1400-7-4,2021-09-26
360,ارزش,صندوق س ارزش آفرين بيدار-سهام,633,3645027,37226041870,10270,10360,10150,-120,-1.17,10210,-60,-0.58,10020,10430,1400-7-4,2021-09-26
361,غمارگ,مارگارين‌,633,1442988,38441447960,26000,27300,26960,960,3.69,26640,640,2.46,26100,27300,1400-7-4,2021-09-26
362,فرابورس,فرابورس ايران,631,736989,24546892623,35059,33307,33307,-1752,-5,34587,-472,-1.35,33307,33307,1400-7-4,2021-09-26
363,زنگان,صنعت روي زنگان,630,367087,24961703604,68733,67150,66886,-1847,-2.69,67999,-734,-1.07,66600,69988,1400-7-4,2021-09-26
364,لبوتان,گروه‌صنعتي‌بوتان‌,630,539566,29838782790,53470,54850,55710,2240,4.19,55300,1830,3.42,54010,55750,1400-7-4,2021-09-26
365,خچرخش,چرخشگر,620,4639838,54445317500,12320,12250,11790,-530,-4.3,11730,-590,-4.79,11710,12250,1400-7-4,2021-09-26
366,زدشت,كشت و صنعت دشت خرم دره,619,1062074,19543055578,18517,18550,18517,0,0,18401,-116,-0.63,18000,18950,1400-7-4,2021-09-26
367,ددام,داروسازي زاگرس فارمد پارس,613,1735304,25395028900,14640,14450,14950,310,2.12,14630,-10,-0.07,14150,15100,1400-7-4,2021-09-26
368,تسه0003,امتيازتسهيلات مسكن خرداد1400,613,9547,6148982845,634442,634500,660000,25558,4.03,644075,9633,1.52,615000,660000,1400-7-4,2021-09-26
369,وساخت,سرمايه‌ گذاري‌ ساختمان‌ايران‌,612,401128,19005813870,48560,49230,47160,-1400,-2.88,47480,-1080,-2.22,46890,49230,1400-7-4,2021-09-26
370,سدور,سيمان‌ دورود,611,3220061,26553202600,8270,8550,8310,40,0.48,8250,-20,-0.24,8070,8550,1400-7-4,2021-09-26
371,ومعلم,بيمه معلم,611,5132223,18096694767,3596,3497,3522,-74,-2.06,3526,-70,-1.95,3421,3679,1400-7-4,2021-09-26
372,ولراز,ليزينگ رازي,610,2163223,63541408604,29226,30102,28350,-876,-3,29373,147,0.5,28350,30102,1400-7-4,2021-09-26
373,كيان2,صندوق س. با درآمد ثابت كيان,610,61000000,61000000,30680,1,1,-30679,-100,1,-30679,-100,1,1,1400-7-4,2021-09-26
374,دزهراوي,داروسازي‌زهراوي‌,605,2549170,15496476470,6170,6180,6100,-70,-1.13,6080,-90,-1.46,5910,6320,1400-7-4,2021-09-26
375,وملل,اعتباري ملل,604,2786876,30451666337,11075,11450,10950,-125,-1.13,10972,-103,-0.93,10522,11450,1400-7-4,2021-09-26
376,كنور,توسعه معدني و صنعتي صبانور,602,2194169,37685565330,17270,17310,17200,-70,-0.41,17230,-40,-0.23,17000,17600,1400-7-4,2021-09-26
377,كپارس,كاشي‌ پارس‌,600,437395,56987942620,136870,136000,130030,-6840,-5,130290,-6580,-4.81,130030,136000,1400-7-4,2021-09-26
378,كنورح,ح توسعه معدني و صنعتي صبانور,600,3622827,55195536390,15670,15330,15220,-450,-2.87,15240,-430,-2.74,14900,15830,1400-7-4,2021-09-26
379,شرانل,نفت ايرانول,596,1323192,59609186550,44901,46150,45990,1089,2.43,45050,149,0.33,44250,46600,1400-7-4,2021-09-26
380,ساربيل,سيمان آرتا اردبيل,596,563856,20832320350,36340,35500,36970,630,1.73,36950,610,1.68,35500,37990,1400-7-4,2021-09-26
381,بايكا,كارخانجات كابلسازي ‌ايران‌,593,1328710,32547247523,25464,24191,24191,-1273,-5,24495,-969,-3.81,24191,25450,1400-7-4,2021-09-26
382,تكمبا,كمباين‌ سازي‌ ايران‌,593,4348696,24856020900,5900,6050,5750,-150,-2.54,5720,-180,-3.05,5610,6050,1400-7-4,2021-09-26
383,پارتا,مجتمع‌صنعتي‌آرتاويل‌تاير,591,1955956,53387783065,26740,27350,27190,450,1.68,27295,555,2.08,26200,27542,1400-7-4,2021-09-26
384,كدما,معدني‌ دماوند,588,258681,36838761210,149900,142410,142410,-7490,-5,142410,-7490,-5,142410,142410,1400-7-4,2021-09-26
385,ثغرب,شركت سرمايه گذاري مسكن شمالغرب,588,2469042,14585550993,6129,6389,5823,-306,-4.99,5907,-222,-3.62,5823,6389,1400-7-4,2021-09-26
386,دامين,داروسازي‌ امين‌,584,6425662,22915986653,3688,3650,3504,-184,-4.99,3566,-122,-3.31,3504,3768,1400-7-4,2021-09-26
387,فرآور,فرآوري‌موادمعدني‌ايران‌,580,805365,25699807990,31810,33230,31710,-100,-0.31,31910,100,0.31,31450,33230,1400-7-4,2021-09-26
388,غبشهر,صنعتي‌ بهشهر,579,1497382,40225849500,27230,27390,27180,-50,-0.18,26860,-370,-1.36,26040,27500,1400-7-4,2021-09-26
389,كاردان,صندوق س تجارت شاخصي كاردان,577,159025,31446631180,194390,198360,197110,2720,1.4,197750,3360,1.73,192500,201970,1400-7-4,2021-09-26
390,فلامي,لاميران‌,576,1113273,24212260480,22610,22610,21750,-860,-3.8,21750,-860,-3.8,21480,22610,1400-7-4,2021-09-26
391,ثباغ,شهر سازي و خانه سازي باغميشه,574,2566342,29196443143,11725,12270,11160,-565,-4.82,11377,-348,-2.97,11139,12270,1400-7-4,2021-09-26
392,وسهمدا,شركت س استان همدان,571,27249686,14430285762,549,566,528,-21,-3.83,537,-12,-2.19,522,566,1400-7-4,2021-09-26
393,ثعمرا,عمران و توسعه شاهد,571,2279467,22577412667,10021,10515,9970,-51,-0.51,9905,-116,-1.16,9551,10515,1400-7-4,2021-09-26
394,معيار ,سرمايه گذاري معيار صنعت پارس,570,497159,24797529787,50972,50000,49443,-1529,-3,49878,-1094,-2.15,49443,51890,1400-7-4,2021-09-26
395,فولاژ,فولاد آلياژي ايران,569,2171974,34278822840,15880,16170,16100,220,1.39,15840,-40,-0.25,15090,16390,1400-7-4,2021-09-26
396,وتوس,توسعه‌شهري‌توس‌گستر,567,1895610,28581677470,15850,15120,15060,-790,-4.98,15080,-770,-4.86,15060,15400,1400-7-4,2021-09-26
397,شزنگ,تجهيزنيروي‌زنگان‌,567,256067,31340426066,125307,125990,121548,-3759,-3,122392,-2915,-2.33,121548,125990,1400-7-4,2021-09-26
398,شپارس,بين‌ المللي‌ محصولات‌  پارس‌,566,1738990,20765997860,12100,12180,11820,-280,-2.31,11940,-160,-1.32,11790,12180,1400-7-4,2021-09-26
399,بنو,بيمه تجارت نو,562,3983636,51031614742,12701,12800,12819,118,0.93,12810,109,0.86,12520,12990,1400-7-4,2021-09-26
400,كحافظ,كاشي‌ وسراميك‌ حافظ‌,561,4212168,16524256641,3923,4085,3989,66,1.68,3923,0,0,3800,4085,1400-7-4,2021-09-26
401,ميدكوح,ح.توسعه م وص.معدني خاورميانه,560,1760186,76112143210,43650,44690,43300,-350,-0.8,43240,-410,-0.94,43100,44690,1400-7-4,2021-09-26
402,بسويچ,پارس‌سويچ‌,555,698279,14430503710,21530,21980,20460,-1070,-4.97,20780,-750,-3.48,20460,21980,1400-7-4,2021-09-26
403,وكار,بانك‌ كارآفرين‌,552,15685059,38052087163,2453,2470,2428,-25,-1.02,2426,-27,-1.1,2390,2470,1400-7-4,2021-09-26
404,بشهاب,لامپ‌  پارس‌ شهاب‌,550,202751,28071080910,135580,142200,136790,1210,0.89,138450,2870,2.12,133000,142200,1400-7-4,2021-09-26
405,بزاگرس,نيروگاه زاگرس كوثر,548,2128899,10986708114,5134,5136,5137,3,0.06,5153,19,0.37,5010,5270,1400-7-4,2021-09-26
406,سفار,سيمان‌فارس‌,544,162083,12941141600,82200,83030,79720,-2480,-3.02,80200,-2000,-2.43,78090,83330,1400-7-4,2021-09-26
407,فكمند,گسترش قطعه سازي كمند,544,1150887,43816990883,37139,37000,38253,1114,3,38072,933,2.51,36431,38253,1400-7-4,2021-09-26
408,زشگزا,شير و گوشت زاگرس شهركرد,543,2842298,16789158672,5847,6040,5912,65,1.11,5907,60,1.03,5777,6040,1400-7-4,2021-09-26
409,تشتاد,صنايع توليدي اشتاد ايران‌,540,2871401,17844730783,6093,6093,6275,182,2.99,6215,122,2,5914,6275,1400-7-4,2021-09-26
410,كي بي سي,شركت كي بي سي,539,1615389,40511069756,26035,24760,24734,-1301,-5,25078,-957,-3.68,24734,25802,1400-7-4,2021-09-26
411,زگلدشت,كشت و دام گلدشت نمونه اصفهان,538,1481133,15977437791,11270,11160,10737,-533,-4.73,10787,-483,-4.29,10707,11160,1400-7-4,2021-09-26
412,سخوز,سيمان خوزستان,537,1174113,28540500630,23970,24700,24780,810,3.38,24310,340,1.42,24000,25000,1400-7-4,2021-09-26
413,ولانا,شركت ليزينگ آريا دانا,537,2159096,44255066014,21559,20482,20482,-1077,-5,20497,-1062,-4.93,20482,21090,1400-7-4,2021-09-26
414,آوا,صندوق س.سهام آواي معيار-س,535,2486598,18672465899,7538,7570,7470,-68,-0.9,7509,-29,-0.38,7400,7700,1400-7-4,2021-09-26
415,وسبحان,سرمايه گذاري سبحان,532,11039763,38724770932,3521,3450,3521,0,0,3508,-13,-0.37,3450,3540,1400-7-4,2021-09-26
416,كهمدا,شيشه‌ همدان‌,527,3042532,32317399610,10750,11030,10620,-130,-1.21,10620,-130,-1.21,10360,11040,1400-7-4,2021-09-26
417,سپاها,سيمان‌سپاهان‌,527,2879373,25976473720,8850,9290,9080,230,2.6,9020,170,1.92,8870,9290,1400-7-4,2021-09-26
418,دجابر,داروسازي‌ جابرابن‌حيان‌,524,3041560,40384352090,13920,14000,13230,-690,-4.96,13280,-640,-4.6,13230,14000,1400-7-4,2021-09-26
419,شفارا,پتروشيمي فارابي,523,8936833,62106172346,7157,6943,7140,-17,-0.24,6949,-208,-2.91,6943,7150,1400-7-4,2021-09-26
420,زپارس,ملي كشت و صنعت و دامپروري پارس,517,910897,93485028560,107890,105910,102500,-5390,-5,102630,-5260,-4.88,102500,110600,1400-7-4,2021-09-26
421,فاما,صنعتي‌ آما,513,1614976,30717369730,18960,18960,19350,390,2.06,19020,60,0.32,18350,19670,1400-7-4,2021-09-26
422,چكاوه,صنايع‌كاغذسازي‌كاوه‌,507,2748564,40539936080,14160,14300,14860,700,4.94,14750,590,4.17,13880,14860,1400-7-4,2021-09-26
423,وساشرقي,شركت س استان آذربايجان شرقي,506,27146337,14502647638,561,558,533,-28,-4.99,552,-9,-1.6,533,560,1400-7-4,2021-09-26
424,لخانه,لوازم‌ خانگي‌ پارس‌,504,863700,18293698287,21422,20900,20780,-642,-3,21181,-241,-1.13,20780,22061,1400-7-4,2021-09-26
425,جوين,كشت و صنعت جوين,501,4308365,14571367745,3347,3429,3411,64,1.91,3382,35,1.05,3350,3429,1400-7-4,2021-09-26
426,ثتران,سرمايه گذاري مسكن تهران,501,4593356,16455042925,3697,3830,3551,-146,-3.95,3582,-115,-3.11,3515,3830,1400-7-4,2021-09-26
427,سرچشمه,سرمايه گذاري مس سرچشمه,500,2488101,16189618010,6416,6550,6461,45,0.7,6507,91,1.42,6420,6666,1400-7-4,2021-09-26
428,فافزا,فولاد افزا سپاهان,499,340893,16869137189,49904,51200,49995,91,0.18,49485,-419,-0.84,48410,51200,1400-7-4,2021-09-26
429,غشان,شيرپاستوريزه‌پگاه‌خراسان‌,497,3560740,17272317497,5019,4855,4889,-130,-2.59,4851,-168,-3.35,4800,5000,1400-7-4,2021-09-26
430,دكوثر,داروسازي‌ كوثر,497,3360150,15387066223,4786,4786,4547,-239,-4.99,4579,-207,-4.33,4547,4859,1400-7-4,2021-09-26
431,شكلر,نيروكلر,496,502394,17517100540,35650,36000,35160,-490,-1.37,34870,-780,-2.19,33900,36520,1400-7-4,2021-09-26
432,كسعدي,كاشي‌ سعدي‌,491,1432805,16735554580,11900,12000,11890,-10,-0.08,11680,-220,-1.85,11500,12000,1400-7-4,2021-09-26
433,بنيرو,نيروترانس‌,490,7087116,16352200609,2384,2410,2294,-90,-3.78,2307,-77,-3.23,2265,2450,1400-7-4,2021-09-26
434,آكورد,صندوق س. آرمان آتي كوثر-د,487,5567879,191196868678,34321,34338,34339,18,0.05,34339,18,0.05,34338,34345,1400-7-4,2021-09-26
435,وتوكا,سرمايه‌گذاري‌توكافولاد(هلدينگ,487,1927375,18817439440,9770,9900,9770,0,0,9760,-10,-0.1,9550,10080,1400-7-4,2021-09-26
436,ثامان,سامان‌ گستراصفهان‌,482,1826298,23595770160,12310,12920,12920,610,4.96,12920,610,4.96,12920,12920,1400-7-4,2021-09-26
437,رتكو,كنترل‌خوردگي‌تكين‌كو,479,2326635,27510511370,11310,11790,11870,560,4.95,11820,510,4.51,11520,11870,1400-7-4,2021-09-26
438,ومشان,س. فني و مهندسي مشانير,478,233242,15418672376,65789,67000,64999,-790,-1.2,66106,317,0.48,64021,67762,1400-7-4,2021-09-26
439,پخش,پخش البرز,475,1026126,27340244483,25706,26800,26619,913,3.55,26644,938,3.65,25801,26880,1400-7-4,2021-09-26
440,خاذين,سايپاآذين‌,474,6913924,21331093732,3148,3110,3031,-117,-3.72,3085,-63,-2,3030,3240,1400-7-4,2021-09-26
441,شخارك,پتروشيمي‌ خارك‌,473,638102,32838907790,51780,52530,51900,120,0.23,51680,-100,-0.19,51000,52530,1400-7-4,2021-09-26
442,فجام,جام‌دارو,468,2931772,20207510770,6900,6820,6990,90,1.3,6890,-10,-0.14,6780,6990,1400-7-4,2021-09-26
443,نوين,بيمه نوين,466,4322649,22839790538,5319,5319,5253,-66,-1.24,5284,-35,-0.66,5210,5350,1400-7-4,2021-09-26
444,غشاذر,پگاه‌آذربايجان‌غربي‌,464,2287782,14101198920,6230,6300,6230,0,0,6160,-70,-1.12,6000,6330,1400-7-4,2021-09-26
445,فسازان,غلتك سازان سپاهان,464,1011917,32000766890,31380,32800,31840,460,1.47,31620,240,0.76,31000,32800,1400-7-4,2021-09-26
446,ثمسكن,سرمايه‌گذاري‌ مسكن‌,461,3954734,18314499531,4755,4800,4622,-133,-2.8,4631,-124,-2.61,4518,4800,1400-7-4,2021-09-26
447,تسه9908,امتياز تسهيلات مسكن آبان99,460,9975,6396521324,637992,608093,660000,22008,3.45,641255,3263,0.51,608093,665000,1400-7-4,2021-09-26
448,وجامي,سرمايه گذاري جامي,460,1507896,15969700942,10393,10703,10645,252,2.42,10591,198,1.91,10423,10704,1400-7-4,2021-09-26
449,زنجان,صنايع كشاورزي وكود زنجان,458,7178050,37689530479,5409,5247,5247,-162,-3,5251,-158,-2.92,5247,5390,1400-7-4,2021-09-26
450,سنوين,سرمايه گذاري اقتصاد نوين,457,2886654,23410015732,7876,8112,8112,236,3,8110,234,2.97,8016,8112,1400-7-4,2021-09-26
451,مبين,مبين انرژي خليج فارس,456,1225863,28201537000,22790,23230,23000,210,0.92,22840,50,0.22,22560,23420,1400-7-4,2021-09-26
452,وسينا,بانك سينا,452,8422041,21529112016,2583,2592,2540,-43,-1.66,2561,-22,-0.85,2501,2634,1400-7-4,2021-09-26
453,درهآور,دارويي ره آورد تامين,447,602584,15717846898,25423,25950,26400,977,3.84,26084,661,2.6,25453,26490,1400-7-4,2021-09-26
454,خبازرس,بازرسي مهندسي و صنعتي ايران,445,733508,18336371413,25255,25480,24898,-357,-1.41,24998,-257,-1.02,24550,25480,1400-7-4,2021-09-26
455,جم,پتروشيمي جم,444,723443,34701902120,47570,47580,47100,-470,-0.99,47710,140,0.29,46720,48700,1400-7-4,2021-09-26
456,زقيام,كشت و دام قيام اصفهان,442,839233,15745563679,18876,19300,18430,-446,-2.36,18762,-114,-0.6,18300,19300,1400-7-4,2021-09-26
457,قصفها,قنداصفهان‌,437,110846,10165063630,93460,90750,91000,-2460,-2.63,92250,-1210,-1.29,90100,95300,1400-7-4,2021-09-26
458,دلر,داروسازي‌ اكسير,436,1146169,52077087270,45710,46110,45990,280,0.61,45440,-270,-0.59,44870,46110,1400-7-4,2021-09-26
459,ثاباد,توريستي ورفاهي آبادگران ايران,434,594683,29562612740,50610,50000,48320,-2290,-4.52,49710,-900,-1.78,48190,51490,1400-7-4,2021-09-26
460,وتوسم,سرمايه‌گذاري‌توسعه‌ملي‌,433,1520544,11966979620,7800,7900,7900,100,1.28,7850,50,0.64,7810,8150,1400-7-4,2021-09-26
461,سباقر,سيمان باقران,430,1895017,36517015194,19310,19600,19100,-210,-1.09,19270,-40,-0.21,18800,19800,1400-7-4,2021-09-26
462,تسه0002,امتيازتسهيلاتمسكن ارديبهشت1400,426,5648,3645940255,637270,620222,668000,30730,4.82,645528,8258,1.3,615522,668000,1400-7-4,2021-09-26
463,نمرينو,ايران‌ مرينوس‌,425,195979,18419935030,93740,94010,94540,800,0.85,93990,250,0.27,89880,97960,1400-7-4,2021-09-26
464,پسهند,صنايع‌ لاستيكي‌  سهند,424,628889,19131039100,29270,29990,30700,1430,4.89,30420,1150,3.93,28310,30730,1400-7-4,2021-09-26
465,تصميم,صندوق س با درآمد ثابت تصميم,424,3691632,64495555010,17457,17467,17473,16,0.09,17471,14,0.08,17467,17474,1400-7-4,2021-09-26
466,قنقش,قند نقش جهان,423,513435,43016245630,84797,83102,86492,1695,2,83781,-1016,-1.2,83102,86492,1400-7-4,2021-09-26
467,بموتو,موتوژن‌,422,344322,27748201070,80780,77900,80730,-50,-0.06,80590,-190,-0.24,77900,81710,1400-7-4,2021-09-26
468,شسينا,صنايع‌شيميايي‌سينا,418,268673,26184870580,102580,97460,97460,-5120,-4.99,97460,-5120,-4.99,97460,97460,1400-7-4,2021-09-26
469,درازك,دارويي‌ رازك‌,417,479368,20648613000,45040,44110,43290,-1750,-3.89,43070,-1970,-4.37,42790,44520,1400-7-4,2021-09-26
470,غاذر,كشت‌وصنعت‌پياذر,416,535614,14187547320,27330,26350,26280,-1050,-3.84,26540,-790,-2.89,26100,27140,1400-7-4,2021-09-26
471,دفاراح,ح . داروسازي‌ فارابي‌,416,1005043,13450433820,13620,13560,13400,-220,-1.62,13380,-240,-1.76,13230,13600,1400-7-4,2021-09-26
472,وسديد,گروه ‌صنعتي‌سديد,415,6560369,8515358962,1338,1298,1298,-40,-2.99,1316,-22,-1.64,1298,1298,1400-7-4,2021-09-26
473,پكوير,كوير تاير,413,690484,9313596660,13370,13540,13790,420,3.14,13440,70,0.52,13120,13850,1400-7-4,2021-09-26
474,ودي,بيمه  دي,410,2079069,16684207519,8059,8060,8000,-59,-0.73,8029,-30,-0.37,7900,8300,1400-7-4,2021-09-26
475,وسين,بيمه سينا,407,10083813,37643111736,3675,3686,3739,64,1.74,3733,58,1.58,3578,3785,1400-7-4,2021-09-26
476,غگلپا,شير پاستوريزه پگاه گلپايگان,406,268444,14573173531,56231,54700,53720,-2511,-4.47,54303,-1928,-3.43,53420,56500,1400-7-4,2021-09-26
477,ماني,صندوق س. با درآمد ثابت ماني,405,5650025,57771906188,10210,10228,10225,15,0.15,10225,15,0.15,10218,10228,1400-7-4,2021-09-26
478,تسه9912,امتياز تسهيلات مسكن اسفند99,402,6413,4140725082,642732,619050,670000,27268,4.24,645677,2945,0.46,619050,670000,1400-7-4,2021-09-26
479,تسه0001,امتيازتسهيلات مسكن فروردين1400,401,5283,3410705928,644084,620001,640000,-4084,-0.63,645600,1516,0.24,620001,665000,1400-7-4,2021-09-26
480,كگاز,شيشه‌ و گاز,398,630614,13810083880,22340,22430,22180,-160,-0.72,21940,-400,-1.79,21350,22660,1400-7-4,2021-09-26
481,خكاوه,سايپا ديزل,397,5538302,19719761081,3648,3719,3539,-109,-2.99,3561,-87,-2.38,3539,3719,1400-7-4,2021-09-26
482,وپسا,س. پتروشيمي ساختمان  خليج فارس,397,4558297,9628244342,2165,2190,2101,-64,-2.96,2112,-53,-2.45,2101,2190,1400-7-4,2021-09-26
483,غبهار,كشت وصنعت بهاران گلبهار خراسان,396,586331,9444596716,16447,16700,15954,-493,-3,16119,-328,-1.99,15954,16700,1400-7-4,2021-09-26
484,سصوفي,سيمان‌ صوفيان‌,394,841219,14983943100,17930,18180,17740,-190,-1.06,17820,-110,-0.61,17500,18200,1400-7-4,2021-09-26
485,زمگسا,كشاورزي‌ ودامپروي‌ مگسال‌,392,481774,11541141150,24810,25170,23630,-1180,-4.76,24140,-670,-2.7,23570,25170,1400-7-4,2021-09-26
486,همراه,شركت ارتباطات سيار ايران,392,1342931,13311281610,9940,9830,9890,-50,-0.5,9940,0,0,9800,10100,1400-7-4,2021-09-26
487,تكشا,گسترش‌صنايع‌وخدمات‌كشاورزي‌,391,941091,29642005790,33020,31630,31370,-1650,-5,31500,-1520,-4.6,31370,33000,1400-7-4,2021-09-26
488,واعتبار,سرمايه گذاري اعتبار ايران,389,1810813,14315775640,7640,7960,8020,380,4.97,7880,240,3.14,7310,8020,1400-7-4,2021-09-26
489,اعتلا,شركت سرمايه گذاري اعتلاء البرز,389,2253309,16974404064,7685,7426,7519,-166,-2.16,7533,-152,-1.98,7400,7880,1400-7-4,2021-09-26
490,سمازن,سيمان‌مازندران‌,389,1528740,22779942440,15130,15100,14860,-270,-1.78,14900,-230,-1.52,14760,15350,1400-7-4,2021-09-26
491,وسكاب,س.ص.بازنشستگي كاركنان بانكها,386,3884257,11588941104,2995,3070,2998,3,0.1,2986,-9,-0.3,2920,3070,1400-7-4,2021-09-26
492,سپاس,صندوق س. پاداش سهامداري-ثابت,385,26062155,263504354099,10104,10111,10113,9,0.09,10111,7,0.07,10109,10113,1400-7-4,2021-09-26
493,شپاكسا,پاكسان‌,383,737728,14998006120,21050,21480,20790,-260,-1.24,20340,-710,-3.37,20000,21500,1400-7-4,2021-09-26
494,قچار,فراوردههاي غذايي وقند چهارمحال,381,1387395,20965623247,15117,15200,15000,-117,-0.77,15112,-5,-0.03,14810,15599,1400-7-4,2021-09-26
495,كشرق,صنعتي و معدني شمال شرق شاهرود,381,367853,29939788107,82920,81027,82000,-920,-1.11,81391,-1529,-1.84,80030,84000,1400-7-4,2021-09-26
496,اتكامح,ح . بيمه اتكايي امين,380,3473108,8865720689,2512,2538,2540,28,1.11,2553,41,1.63,2416,2650,1400-7-4,2021-09-26
497,شبصير,توليدات پتروشيمي قائد بصير,379,456688,45880320458,98908,100000,100000,1092,1.1,100463,1555,1.57,98950,102500,1400-7-4,2021-09-26
498,قشير,قند شيروان قوچان و بجنورد,376,2576475,50805601553,18798,18999,19737,939,5,19719,921,4.9,18999,19737,1400-7-4,2021-09-26
499,بهپاك,صنعتي بهپاك,375,2728056,16495500720,5979,6159,6050,71,1.19,6047,68,1.14,5993,6159,1400-7-4,2021-09-26
500,پلوله,گازلوله‌,373,728938,21073779150,29536,28682,28650,-886,-3,28910,-626,-2.12,28650,30250,1400-7-4,2021-09-26
501,كخاك,صنايع‌خاك‌چيني‌ايران‌,369,565481,18015996910,31480,33020,32200,720,2.29,31840,360,1.14,30500,33020,1400-7-4,2021-09-26
502,وسپه,سرمايه‌گذاري‌ سپه‌,364,1031025,8326554290,8240,8480,8010,-230,-2.79,8200,-40,-0.49,7900,8540,1400-7-4,2021-09-26
503,ونفت,سرمايه‌گذاري‌ صنعت‌ نفت‌,364,1215867,19888122840,16380,16750,16400,20,0.12,16360,-20,-0.12,16300,16750,1400-7-4,2021-09-26
504,سمتاز,سيمان ممتازان كرمان,355,735059,13418426247,18586,18580,18155,-431,-2.32,18255,-331,-1.78,18029,19080,1400-7-4,2021-09-26
505,فبيرا,بسته‌ بندي‌ ايران‌,354,6656837,13397497533,2065,2070,2029,-36,-1.74,2013,-52,-2.52,2004,2070,1400-7-4,2021-09-26
506,زبينا,كشاورزي و دامپروري بينالود,353,3178928,8845707812,2766,2800,2730,-36,-1.3,2776,10,0.36,2720,2870,1400-7-4,2021-09-26
507,كمنگنز,معادن‌منگنزايران‌,350,107171,8152503110,76140,74500,76500,360,0.47,76100,-40,-0.05,74500,78000,1400-7-4,2021-09-26
508,آساميد,صندوق س.مشترك آسمان اميد -د,344,11660604,152162863102,13042,13049,13054,12,0.09,13049,7,0.05,13049,13062,1400-7-4,2021-09-26
509,ضخود1053,اختيارخ خودرو-2500-1400/10/08,342,14469,2016354000,155,131,129,-26,-16.77,139,-16,-10.32,117,169,1400-7-4,2021-09-26
510,سپر,صندوق س سپر سرمايه بيدار- ثابت,339,6192375,79413891373,12821,12825,12827,6,0.05,12824,3,0.02,12820,12830,1400-7-4,2021-09-26
511,تكنو,تكنوتار,339,1403357,16695463070,12420,12300,11800,-620,-4.99,11900,-520,-4.19,11800,12500,1400-7-4,2021-09-26
512,واتي,سرمايه‌ گذاري‌ آتيه‌ دماوند,339,2210815,24772599590,10980,11340,11280,300,2.73,11210,230,2.09,11000,11340,1400-7-4,2021-09-26
513,ضخود1049,اختيارخ خودرو-1400-1400/10/08,325,13263,8817630000,666,683,670,4,0.6,665,-1,-0.15,656,718,1400-7-4,2021-09-26
514,جهرم,پتروشيمي جهرم,321,4935070,5969081290,1238,1225,1201,-37,-2.99,1220,-18,-1.45,1201,1235,1400-7-4,2021-09-26
515,وپترو,سرمايه‌گذاري صنايع پتروشيمي‌,318,829370,10636502460,12920,13010,12780,-140,-1.08,12850,-70,-0.54,12520,13380,1400-7-4,2021-09-26
516,شراز,پالايش نفت شيراز,318,154236,19171790076,125007,125510,124341,-666,-0.53,124742,-265,-0.21,121000,129400,1400-7-4,2021-09-26
517,تيپيكو,سرمايه گذاري دارويي تامين,318,849261,17986591700,20830,21850,21180,350,1.68,20900,70,0.34,20900,21850,1400-7-4,2021-09-26
518,غپآذر,شير پگاه آذربايجان شرقي,316,547026,23284734930,42485,43800,42950,465,1.09,42566,81,0.19,41500,43800,1400-7-4,2021-09-26
519,اتكام,بيمه اتكايي امين,312,2979920,11594949788,4047,4000,3937,-110,-2.72,3927,-120,-2.97,3846,4000,1400-7-4,2021-09-26
520,زكشت,كشاورزي مكانيزه اصفهان كشت,311,657099,16764890475,25228,26390,25450,222,0.88,25513,285,1.13,24800,26390,1400-7-4,2021-09-26
521,واحصا,احياء صنايع خراسان,311,334296,14927526320,45535,44330,45053,-482,-1.06,44654,-881,-1.93,44169,46400,1400-7-4,2021-09-26
522,بپاس,بيمه پاسارگاد,309,213919,13323730996,65562,62284,62284,-3278,-5,65175,-387,-0.59,62284,62284,1400-7-4,2021-09-26
523,سكرد,سيمان كردستان,308,1943713,12050598330,6200,6400,6210,10,0.16,6200,0,0,6000,6400,1400-7-4,2021-09-26
524,تكنار,مجتمع معادن مس تكنار,307,226624,16916076805,76938,74650,74997,-1941,-2.52,74644,-2294,-2.98,74630,76600,1400-7-4,2021-09-26
525,سقاين,سيمان‌ قائن‌,305,111001,6745620330,62540,62540,61460,-1080,-1.73,61730,-810,-1.3,60010,62550,1400-7-4,2021-09-26
526,اميد,تامين سرمايه اميد,305,3228719,20109755330,5940,6230,6230,290,4.88,6190,250,4.21,6140,6230,1400-7-4,2021-09-26
527,وبوعلي,سرمايه‌گذاري‌بوعلي‌,305,2247672,9786528487,4396,4480,4380,-16,-0.36,4370,-26,-0.59,4310,4480,1400-7-4,2021-09-26
528,قمرو,قند مرودشت‌,303,596913,17011041960,27390,28750,27860,470,1.72,28500,1110,4.05,27700,28750,1400-7-4,2021-09-26
529,قشهد,شهد,302,566422,8493949630,14870,15550,14720,-150,-1.01,14940,70,0.47,14680,15550,1400-7-4,2021-09-26
530,دتماد,توليدمواداوليه‌داروپخش‌,300,262906,12362339700,46830,48000,47300,470,1,46980,150,0.32,46700,48000,1400-7-4,2021-09-26
531,بساما,بيمه سامان,298,494046,12262355217,24265,25450,24450,185,0.76,24599,334,1.38,23847,25450,1400-7-4,2021-09-26
532,تنوين,تامين سرمايه نوين,296,2010583,13317656780,6670,6800,6540,-130,-1.95,6650,-20,-0.3,6540,6800,1400-7-4,2021-09-26
533,تسه9911,امتياز تسهيلات مسكن بهمن99,292,3926,2526912415,642613,613817,674743,32130,5,643635,1022,0.16,613017,674743,1400-7-4,2021-09-26
534,گنگين,اقتصادي نگين گردشگري ايرانيان,292,1541660,40009581487,26539,25800,26335,-204,-0.77,25952,-587,-2.21,25743,26450,1400-7-4,2021-09-26
535,دفارا,داروسازي‌ فارابي‌,288,396451,7076865820,17950,17700,17600,-350,-1.95,17900,-50,-0.28,17500,18160,1400-7-4,2021-09-26
536,كاريس,صندوق س.سپهر كاريزما-س,288,1534785,21300140565,13928,14080,13902,-26,-0.19,13878,-50,-0.36,13750,14080,1400-7-4,2021-09-26
537,فخاس,فولاد خراسان,282,467613,12696873440,27510,27050,27280,-230,-0.84,27460,-50,-0.18,26500,27700,1400-7-4,2021-09-26
538,واميد,گروه مديريت سرمايه گذاري اميد,281,1780891,21749562110,12290,12300,12300,10,0.08,12280,-10,-0.08,12070,12500,1400-7-4,2021-09-26
539,گپارس,امور رفاهي كارگزاران پارس,278,67851,10196359864,151274,155750,147600,-3674,-2.43,150276,-998,-0.66,146745,155750,1400-7-4,2021-09-26
540,كطبس,ذغال‌سنگ‌ نگين‌ ط‌بس‌,277,254169,15602686460,60440,61990,61800,1360,2.25,61370,930,1.54,60010,62350,1400-7-4,2021-09-26
541,قجام,فرآوردههاي غذايي وقندتربت‌جام‌,276,1471434,8618624824,5968,5970,5849,-119,-1.99,5857,-111,-1.86,5849,6069,1400-7-4,2021-09-26
542,كفرا,فراورده‌ هاي‌ نسوزايران‌,275,411538,9252714480,22260,22900,22300,40,0.18,22390,130,0.58,21150,23200,1400-7-4,2021-09-26
543,آپ,آسان پرداخت پرشين,275,1074574,11841805480,11590,11020,11020,-570,-4.92,11310,-280,-2.42,11020,11020,1400-7-4,2021-09-26
544,زرين,صندوق س. سهام زرين كوروش-س,273,3856512,49301311691,12961,13005,12769,-192,-1.48,12784,-177,-1.37,12723,13018,1400-7-4,2021-09-26
545,ضسپا8044,اختيارخ خساپا-2500-1400/08/26,272,14582,493755000,41,38,33,-8,-19.51,34,-7,-17.07,24,42,1400-7-4,2021-09-26
546,داسوه,داروسازي‌ اسوه‌,271,563779,16821408570,29750,30750,30400,650,2.18,29840,90,0.3,29050,30750,1400-7-4,2021-09-26
547,سمايه,بانك سرمايه,267,1574007,6577307907,4276,4401,4148,-128,-2.99,4211,-65,-1.52,4148,4401,1400-7-4,2021-09-26
548,سدبير,س. تدبيرگران فارس وخوزستان,266,606887,20691726497,32783,33261,34422,1639,5,34095,1312,4,33261,34422,1400-7-4,2021-09-26
549,پرداخت,به پرداخت ملت,263,483404,8195886270,16640,16500,16910,270,1.62,16770,130,0.78,16500,17270,1400-7-4,2021-09-26
550,هجرت,پخش هجرت,261,801645,27325089571,33593,33330,33504,-89,-0.26,34086,493,1.47,33000,35060,1400-7-4,2021-09-26
551,دسانكوح,ح . داروسازي سبحان انكولوژي,257,1115711,12707616370,11895,12000,11301,-594,-4.99,11390,-505,-4.25,11301,12035,1400-7-4,2021-09-26
552,دسبحان,سبحان دارو,254,631376,11764869390,18540,18230,18600,60,0.32,18610,70,0.38,17900,19030,1400-7-4,2021-09-26
553,تسه9910,امتياز تسهيلات مسكن دي99,253,3425,2207168254,637613,611001,660000,22387,3.51,644429,6816,1.07,611001,669493,1400-7-4,2021-09-26
554,ركيش,كارت اعتباري ايران كيش,252,1462157,9999296070,7000,7000,6770,-230,-3.29,6910,-90,-1.29,6690,7020,1400-7-4,2021-09-26
555,كقزوي,شيشه‌ قزوين‌,250,2328903,18406148894,7960,7914,7950,-10,-0.13,7903,-57,-0.72,7730,8180,1400-7-4,2021-09-26
556,سفانو,سيمان فارس نو,248,563022,13677508310,23980,24820,24570,590,2.46,24260,280,1.17,24000,24820,1400-7-4,2021-09-26
557,دكيمي,كيميدارو,246,689593,16924813990,24790,24080,24790,0,0,24540,-250,-1.01,24080,25230,1400-7-4,2021-09-26
558,وارس,سرمايه گذاري ارس صبا,244,1599764,19872665421,12091,12410,12453,362,2.99,12422,331,2.74,12101,12453,1400-7-4,2021-09-26
559,وبهمن,سرمايه‌گذاري‌بهمن‌,243,527021,8373798000,16590,16090,15800,-790,-4.76,16250,-340,-2.05,15770,16380,1400-7-4,2021-09-26
560,تماوند,تامين سرمايه دماوند,243,2040382,14547357615,7335,7170,7115,-220,-3,7185,-150,-2.04,7115,7380,1400-7-4,2021-09-26
561,بفجر,فجر انرژي خليج فارس,241,477252,14756795550,30690,31470,31070,380,1.24,30730,40,0.13,30300,31470,1400-7-4,2021-09-26
562,دارو,كارخانجات‌داروپخش‌,240,203248,6338067270,32010,32390,31500,-510,-1.59,31730,-280,-0.87,31000,32390,1400-7-4,2021-09-26
563,دابور,داروسازي‌ ابوريحان‌,239,368248,10138096620,27820,28170,27480,-340,-1.22,27620,-200,-0.72,26740,28170,1400-7-4,2021-09-26
564,خديزل,بهمن  ديزل,236,168529,8471987036,50647,51818,49800,-847,-1.67,50488,-159,-0.31,49127,51818,1400-7-4,2021-09-26
565,ولتجار,واسپاري تجارت وسرمايه ايرانيان,234,3584416,12224002626,3472,3443,3460,-12,-0.35,3410,-62,-1.79,3368,3510,1400-7-4,2021-09-26
566,پكرمان,گروه‌ صنعتي‌ بارز,232,480539,11640035950,24330,25480,24510,180,0.74,24280,-50,-0.21,23810,25480,1400-7-4,2021-09-26
567,نهال,صندوق س. طلاي سرخ نوويرا,231,529162,5675283857,10736,10300,10450,-286,-2.66,10725,-11,-0.1,10300,10940,1400-7-4,2021-09-26
568,خاتم,صندوق س خاتم ايساتيس پويا-ثابت,228,3335142,40185905460,12044,12053,12049,5,0.04,12049,5,0.04,12048,12053,1400-7-4,2021-09-26
569,پارسيان,بيمه پارسيان,227,878210,9711390840,11420,11500,11240,-180,-1.58,11260,-160,-1.4,11000,11500,1400-7-4,2021-09-26
570,فروس,فروسيليس‌ ايران‌,227,2137361,14277571480,6370,6680,6680,310,4.87,6640,270,4.24,6680,6680,1400-7-4,2021-09-26
571,سكه0012پ01,تمام سكه طرح جديد0012رفاه,226,39800,46503702500,1168873,1168000,1169930,1057,0.09,1168435,-438,-0.04,1163000,1171799,1400-7-4,2021-09-26
572,شساخت,مهندسي و ساختمان صنايع نفت,224,916955,42882098645,46127,45500,47000,873,1.89,46708,581,1.26,44750,47150,1400-7-4,2021-09-26
573,دعبيد,لابراتوارداروسازي‌  دكترعبيدي‌,224,267906,6777994480,24950,26120,24700,-250,-1,25000,50,0.2,24700,26120,1400-7-4,2021-09-26
574,شپاس,نفت پاسارگاد,223,319258,6111056917,19435,19769,19040,-395,-2.03,19337,-98,-0.5,18700,19769,1400-7-4,2021-09-26
575,شگل,گلتاش‌,222,478059,3732173690,7660,7990,7820,160,2.09,7700,40,0.52,7590,8030,1400-7-4,2021-09-26
576,وحافظح,ح . بيمه حافظ,221,2028466,9859857742,5008,4863,4858,-150,-3,4861,-147,-2.94,4858,4978,1400-7-4,2021-09-26
577,فردا2,صندوق س آواي فرداي زاگرس-ثابت,221,22100000,22100000,11488,1,1,-11487,-99.99,1,-11487,-99.99,1,1,1400-7-4,2021-09-26
578,ثزاگرس,سرمايه گذاري توسعه عمران زاگرس,219,244176,8665607195,37192,35500,35333,-1859,-5,35565,-1627,-4.37,35333,36682,1400-7-4,2021-09-26
579,دقاضي,داروسازي شهيد قاضي,214,352811,11486197858,33388,31719,32558,-830,-2.49,32556,-832,-2.49,31719,34470,1400-7-4,2021-09-26
580,فيروزه,صندوق شاخص30 شركت فيروزه- سهام,213,73097,12659073750,173420,175940,173290,-130,-0.07,173180,-240,-0.14,171660,175940,1400-7-4,2021-09-26
581,تسه9907,امتياز تسهيلات مسكن مهر99,210,3059,1968907088,636325,608202,642300,5975,0.94,643644,7319,1.15,608202,660000,1400-7-4,2021-09-26
582,تسه9909,امتياز تسهيلات مسكن آذر99,210,2213,1421070104,643815,612699,657000,13185,2.05,642146,-1669,-0.26,612699,670000,1400-7-4,2021-09-26
583,سخزر,سيمان‌ خزر,208,317081,8715550960,27410,27500,27330,-80,-0.29,27450,40,0.15,27030,28040,1400-7-4,2021-09-26
584,تسه9810,امتياز تسهيلات مسكن دي98,206,5606,3705083526,644017,625300,648688,4671,0.73,660914,16897,2.62,625300,675000,1400-7-4,2021-09-26
585,وآتوس,س.آرين توسكا قيمت اسمي 350ريال,206,314187,8534845554,27106,26294,26610,-496,-1.83,27165,59,0.22,26293,27820,1400-7-4,2021-09-26
586,وبشهر,توسعه‌ صنايع‌ بهشهر(هلدينگ,205,889419,11685881210,13040,13420,13230,190,1.46,13070,30,0.23,12920,13420,1400-7-4,2021-09-26
587,كپرور,فرآوري زغال سنگ پروده طبس,200,279616,10436827343,38183,38201,37490,-693,-1.81,37574,-609,-1.59,37001,38568,1400-7-4,2021-09-26
588,ركيشح,ح. كارت اعتباري ايران كيش,199,1430075,6641293533,4839,4760,4610,-229,-4.73,4644,-195,-4.03,4520,4810,1400-7-4,2021-09-26
589,ضخود1050,اختيارخ خودرو-1600-1400/10/08,198,10342,5475547000,547,534,525,-22,-4.02,529,-18,-3.29,520,600,1400-7-4,2021-09-26
590,وخاور,بانك خاورميانه,197,1352626,7878112620,5850,5760,5820,-30,-0.51,5850,0,0,5760,6000,1400-7-4,2021-09-26
591,حخزر,كشتيراني درياي خزر,196,499580,10311160130,20989,21000,21218,229,1.09,20743,-246,-1.17,19990,21387,1400-7-4,2021-09-26
592,ولتجارح,ح.واسپا تجارت وسرمايه ايرانيان,195,6962140,11721821405,1718,1669,1667,-51,-2.97,1684,-34,-1.98,1667,1710,1400-7-4,2021-09-26
593,مداران,داده‌پردازي‌ايران‌,192,266792,4818072050,18610,17830,18140,-470,-2.53,18430,-180,-0.97,17780,18600,1400-7-4,2021-09-26
594,وتوشه,سرمايه‌ گذاري‌ پارس‌ توشه‌,190,871018,5759930680,6730,6890,6560,-170,-2.53,6690,-40,-0.59,6540,6890,1400-7-4,2021-09-26
595,حسينا,توسعه خدمات دريايي وبندري سينا,190,169099,8656746877,51626,53000,50605,-1021,-1.98,51378,-248,-0.48,50440,53000,1400-7-4,2021-09-26
596,ساراب,سيمان‌ داراب‌,189,458428,8740164200,19200,19310,19090,-110,-0.57,19120,-80,-0.42,18610,19320,1400-7-4,2021-09-26
597,كگهر,سنگ آهن گهرزمين,189,321607,14930594732,46227,46260,46060,-167,-0.36,46251,24,0.05,46060,47400,1400-7-4,2021-09-26
598,فراز,صندوق س.سهام فراز داريك-س,186,1125291,15917201691,14145,14160,14145,0,0,14145,0,0,13910,14160,1400-7-4,2021-09-26
599,بخاور,بيمه زندگي خاورميانه,181,1013781,5409075480,5283,5300,5320,37,0.7,5302,19,0.36,5275,5433,1400-7-4,2021-09-26
600,ضسپا8041,اختيارخ خساپا-1600-1400/08/26,181,7524,2303382000,311,378,303,-8,-2.57,306,-5,-1.61,296,378,1400-7-4,2021-09-26
601,وآفري,بيمه كارآفرين,180,2409081,7998569864,3326,3380,3326,0,0,3322,-4,-0.12,3227,3424,1400-7-4,2021-09-26
602,تسه9902,امتياز تسهيلات مسكن ارديبهشت99,179,2231,1429781434,634942,605559,666689,31747,5,640870,5928,0.93,605559,666689,1400-7-4,2021-09-26
603,وتعاون,بيمه  تعاون,179,1939925,4198788506,2221,2270,2156,-65,-2.93,2196,-25,-1.13,2155,2270,1400-7-4,2021-09-26
604,ضملت8042,اختيارخ وبملت-3934-1400/08/19,178,4762,1566933000,399,479,323,-76,-19.05,329,-70,-17.54,272,479,1400-7-4,2021-09-26
605,ارمغان,ص سرمايه گذاري ارمغان ايرانيان,175,1237743,12504551619,10096,10100,10101,5,0.05,10103,7,0.07,10100,10112,1400-7-4,2021-09-26
606,وپخش,داروپخش‌ (هلدينگ‌,175,197355,5983022790,30580,30810,30160,-420,-1.37,30540,-40,-0.13,30100,30810,1400-7-4,2021-09-26
607,فلات,گروه صنايع معادن فلات ايرانيان,175,2378255,31871231305,13023,13039,13413,390,2.99,13401,378,2.9,13039,13413,1400-7-4,2021-09-26
608,سهرمز,سيمان‌هرمزگان‌,173,223015,3997799070,17880,18340,18090,210,1.17,17890,10,0.06,17700,18340,1400-7-4,2021-09-26
609,قزوين,كارخانجات‌ قند قزوين‌,170,159473,4719226840,29650,30750,29690,40,0.13,29630,-20,-0.07,28500,30750,1400-7-4,2021-09-26
610,تسه9906,امتياز تسهيلات مسكن شهريور99,167,3037,1954610792,637736,606790,669000,31264,4.9,643599,5863,0.92,606790,669000,1400-7-4,2021-09-26
611,شاملا,معدني‌ املاح‌  ايران‌,167,145616,5089563270,35810,36300,34850,-960,-2.68,35510,-300,-0.84,34500,36300,1400-7-4,2021-09-26
612,سيدكو,سرمايه گذاري توسعه صنايع سيمان,166,801262,5325495420,6620,6620,6690,70,1.06,6630,10,0.15,6500,6790,1400-7-4,2021-09-26
613,وپخشح,ح . داروپخش‌ (هلدينگ‌,166,374430,10032544210,28720,29000,27060,-1660,-5.78,26790,-1930,-6.72,26000,29000,1400-7-4,2021-09-26
614,وسرمد,بيمه  سرمد,163,2027029,9774218470,4682,4822,4822,140,2.99,4818,136,2.9,4753,4822,1400-7-4,2021-09-26
615,ما,بيمه  ما,160,619859,4827274380,7920,8000,7870,-50,-0.63,7880,-40,-0.51,7720,8000,1400-7-4,2021-09-26
616,عيار,صندوق سكه طلاي مفيد,160,223109,6596600063,29629,29220,29565,-64,-0.22,29567,-62,-0.21,29220,29760,1400-7-4,2021-09-26
617,وبازار,صندوق س شاخصي بازارآشنا,159,549438,6513549920,11760,12000,11840,80,0.68,11850,90,0.77,11160,12200,1400-7-4,2021-09-26
618,كامياب,صندوق س. كامياب آشنا-د,156,1756458,18433438754,10473,10483,10500,27,0.26,10495,22,0.21,10483,10520,1400-7-4,2021-09-26
619,سحرخيز,صندوق س. گروه زعفران سحرخيز,156,350625,3564579248,10276,10276,10168,-108,-1.05,10166,-110,-1.07,10101,10289,1400-7-4,2021-09-26
620,گوهران,سرمايه گذاري توسعه گوهران اميد,156,683332,3505136462,5179,5200,5090,-89,-1.72,5167,-12,-0.23,5070,5249,1400-7-4,2021-09-26
621,سرود,سيمان‌شاهرود,154,350091,8511613540,24050,24000,24640,590,2.45,24200,150,0.62,23300,24900,1400-7-4,2021-09-26
622,فسا,پتروشيمي فسا,153,2657782,3339298769,1293,1256,1255,-38,-2.94,1280,-13,-1.01,1255,1280,1400-7-4,2021-09-26
623,شفا,سرمايه گذاري شفادارو,150,206867,8068096000,39260,41010,39000,-260,-0.66,39150,-110,-0.28,38500,41010,1400-7-4,2021-09-26
624,مارون,پتروشيمي مارون,150,89840,16607438667,184274,179690,188750,4476,2.43,184370,96,0.05,179690,188750,1400-7-4,2021-09-26
625,قپيرا,فرآورده‌هاي‌غدايي‌وقندپيرانشهر,150,708828,6048106040,8590,8400,8510,-80,-0.93,8570,-20,-0.23,8380,8800,1400-7-4,2021-09-26
626,ولبهمن,شركت بهمن ليزينگ,149,974572,7274700772,7656,7491,7488,-168,-2.19,7563,-93,-1.21,7350,7640,1400-7-4,2021-09-26
627,ضسپا8043,اختيارخ خساپا-2000-1400/08/26,148,7220,788432000,122,110,115,-7,-5.74,109,-13,-10.66,97,160,1400-7-4,2021-09-26
628,ضخود1052,اختيارخ خودرو-2000-1400/10/08,147,4574,1376230000,340,320,314,-26,-7.65,301,-39,-11.47,290,342,1400-7-4,2021-09-26
629,سبجنو,سيمان‌ بجنورد,145,149381,6028101040,40940,42400,40500,-440,-1.07,40700,-240,-0.59,40010,42400,1400-7-4,2021-09-26
630,تسه9904,امتياز تسهيلات مسكن تير99,144,2115,1367869504,635875,606000,640000,4125,0.65,646747,10872,1.71,606000,667600,1400-7-4,2021-09-26
631,سكرما,سيمان‌ كرمان‌,143,348996,5759525580,16450,16900,16590,140,0.85,16470,20,0.12,16250,16900,1400-7-4,2021-09-26
632,اخزا910,اسنادخزانه-م10بودجه99-020807,142,210692,135304064024,639741,644495,642000,2259,0.35,642189,2448,0.38,638025,644495,1400-7-4,2021-09-26
633,آ س پ,آ.س.پ,141,1531617,15925753566,9903,10398,10398,495,5,10386,483,4.88,10398,10398,1400-7-4,2021-09-26
634,اوصتا,صندوق انديشه ورزان صباتامين -د,141,4423984,88352181570,19962,19972,19973,11,0.06,19971,9,0.05,19970,19973,1400-7-4,2021-09-26
635,دالبر,البرزدارو,140,312955,4832283690,15740,15120,15340,-400,-2.54,15660,-80,-0.51,15120,15740,1400-7-4,2021-09-26
636,شپلي,پلي اكريل ايران,137,787549,7936918822,10389,10078,10078,-311,-2.99,10218,-171,-1.65,10078,10078,1400-7-4,2021-09-26
637,شكبير,پتروشيمي اميركبير,136,138827,13025652525,93227,95762,94980,1753,1.88,93304,77,0.08,93220,95762,1400-7-4,2021-09-26
638,شكام,صنايع شيميايي كيمياگران امروز,136,588536,13665805920,22115,23220,23220,1105,5,22995,880,3.98,23220,23220,1400-7-4,2021-09-26
639,سشمال,سيمان‌ شمال‌,134,413032,3963392830,9580,9580,9480,-100,-1.04,9580,0,0,9230,9990,1400-7-4,2021-09-26
640,وهنر,گروه توسعه هنر ايران,133,383646,1736765442,4667,4527,4527,-140,-3,4641,-26,-0.56,4527,4527,1400-7-4,2021-09-26
641,ثتوسا,س.توسعه و عمران استان اردبيل,132,399755,10853748005,27990,27151,27151,-839,-3,27151,-839,-3,27151,27151,1400-7-4,2021-09-26
642,اخزا914,اسنادخزانه-م14بودجه99-021025,132,397732,242682684772,610510,613987,611160,650,0.11,610166,-344,-0.06,606112,613987,1400-7-4,2021-09-26
643,دپارس,پارس‌ دارو,129,96758,3461440960,36640,37800,35980,-660,-1.8,36440,-200,-0.55,35090,37800,1400-7-4,2021-09-26
644,اخزا902,اسنادخزانه-م2بودجه99-011019,122,127710,98232240805,770241,770400,770993,752,0.1,769182,-1059,-0.14,756400,771000,1400-7-4,2021-09-26
645,دابورح,ح . داروسازي‌ ابوريحان‌,122,103441,2566430580,24980,24250,24710,-270,-1.08,24810,-170,-0.68,24210,25010,1400-7-4,2021-09-26
646,گوهر,صندوق سكه طلاي كيان,122,42331,2446188872,57862,57700,57752,-110,-0.19,57787,-75,-0.13,57700,58187,1400-7-4,2021-09-26
647,كساپا,سايپاشيشه‌,120,240643,6167320550,26870,25870,25530,-1340,-4.99,26310,-560,-2.08,25530,26170,1400-7-4,2021-09-26
648,سدشت,صنايع سيمان دشتستان,118,44823,2114706840,48610,50560,47780,-830,-1.71,48470,-140,-0.29,46510,50560,1400-7-4,2021-09-26
649,ضخود1051,اختيارخ خودرو-1800-1400/10/08,118,4199,1691183000,433,440,400,-33,-7.62,403,-30,-6.93,400,440,1400-7-4,2021-09-26
650,كاسپين,داروسازي كاسپين تامين,115,669335,16634982755,23670,24853,24853,1183,5,24853,1183,5,24853,24853,1400-7-4,2021-09-26
651,شصفها,پتروشيمي‌ اصفهان‌,115,46496,6397941160,138856,138415,136100,-2756,-1.98,138370,-486,-0.35,136100,141633,1400-7-4,2021-09-26
652,تسه9808,امتياز تسهيلات مسكن آبان98,113,2012,1304377177,642478,625522,665000,22522,3.51,648299,5821,0.91,625522,665000,1400-7-4,2021-09-26
653,خفولا,خدمات فني فولاد يزد,111,197729,6627678351,34555,33519,33519,-1036,-3,33826,-729,-2.11,33519,33519,1400-7-4,2021-09-26
654,اخزا003,اسنادخزانه-م3بودجه00-030418,111,119312,65164710871,549956,553543,547700,-2256,-0.41,546171,-3785,-0.69,540011,553543,1400-7-4,2021-09-26
655,وامين,س. امين توان آفرين ساز,106,271697,3490182419,12819,12883,12999,180,1.4,12821,2,0.02,12819,12999,1400-7-4,2021-09-26
656,زر,صندوق س.پشتوانه سكه طلاي زر,106,40287,2009998053,50135,50000,50000,-135,-0.27,49892,-243,-0.48,49504,50000,1400-7-4,2021-09-26
657,دسينا,داروسازي‌ سينا,106,240536,4998208330,20770,21770,20360,-410,-1.97,20770,0,0,20360,21770,1400-7-4,2021-09-26
658,سهگمت,سيمان‌هگمتان‌,104,143853,3455235470,23800,24240,24010,210,0.88,23850,50,0.21,23780,24240,1400-7-4,2021-09-26
659,تسه9903,امتياز تسهيلات مسكن خرداد99,103,742,479393833,639398,608805,645000,5602,0.88,646083,6685,1.05,608805,671367,1400-7-4,2021-09-26
660,اخزا901,اسنادخزانه-م1بودجه99-010621,100,66848,54995808787,822678,820000,823968,1290,0.16,822699,21,0,820000,823970,1400-7-4,2021-09-26
661,بكاب,صنايع‌جوشكاب‌يزد,99,17258,3858025900,235310,223550,223550,-11760,-5,232080,-3230,-1.37,223550,223550,1400-7-4,2021-09-26
662,آساس,صندوق س.آسمان آرماني سهام-س,99,21426,3768895249,177000,177000,175202,-1798,-1.02,175903,-1097,-0.62,175003,177400,1400-7-4,2021-09-26
663,تسه9809,امتياز تسهيلات مسكن آذر98,99,1931,1263272741,645290,637002,657000,11710,1.81,654206,8916,1.38,630010,666000,1400-7-4,2021-09-26
664,فاهواز,نورد و لوله اهواز,99,1840110,11384760570,6066,6187,6187,121,1.99,6165,99,1.63,6187,6187,1400-7-4,2021-09-26
665,دارا,صندوق س. دارا الگوريتم-د,99,1035754,10300836944,9781,9954,9938,157,1.61,9945,164,1.68,9922,9954,1400-7-4,2021-09-26
666,تسه9905,امتياز تسهيلات مسكن مرداد99,97,852,547904584,637839,605992,646500,8661,1.36,643080,5241,0.82,605992,660000,1400-7-4,2021-09-26
667,الماس,صندوق س.امين تدبيرگران فردا-س,96,35422,4464872319,126927,129571,125425,-1502,-1.18,126048,-879,-0.69,123020,129571,1400-7-4,2021-09-26
668,وزمين,بانك ايران زمين,96,740026,8138607432,10946,11190,11000,54,0.49,10970,24,0.22,10800,11190,1400-7-4,2021-09-26
669,سفاسي,شركت فارسيت اهواز,95,446939,2335256275,5386,5225,5225,-161,-2.99,5347,-39,-0.72,5225,5225,1400-7-4,2021-09-26
670,قيستو,شركت قند بيستون,92,730687,14504867637,19273,19851,19851,578,3,19851,578,3,19851,19851,1400-7-4,2021-09-26
671,ضشنا8004,اختيارخ شپنا-10800-1400/08/16,90,619,1850758000,3056,3111,3010,-46,-1.51,2990,-66,-2.16,2800,3160,1400-7-4,2021-09-26
672,وليز,ليزينگ‌ايران‌,90,2729106,5695644222,1988,2087,2087,99,4.98,2024,36,1.81,2087,2087,1400-7-4,2021-09-26
673,تسه9811,امتياز تسهيلات مسكن بهمن98,88,1411,926886764,644135,612009,676000,31865,4.95,656901,12766,1.98,612009,676341,1400-7-4,2021-09-26
674,وايرا,سرمايه گذاري صنايع ايران,87,312739,2207060769,7092,7260,7121,29,0.41,7084,-8,-0.11,6907,7260,1400-7-4,2021-09-26
675,تسه9812,امتياز تسهيلات مسكن اسفند98,87,946,612137317,644559,635000,639000,-5559,-0.86,647080,2521,0.39,619000,676786,1400-7-4,2021-09-26
676,ضملت8043,اختيارخ وبملت-4434-1400/08/19,86,4050,675118000,185,155,165,-20,-10.81,167,-18,-9.73,151,210,1400-7-4,2021-09-26
677,تسه9901,امتياز تسهيلات مسكن فروردين99,86,1058,681182159,638831,606890,646000,7169,1.12,643839,5008,0.78,606890,660000,1400-7-4,2021-09-26
678,غشصفا,شيرپاستوريزه‌پگاه‌اصفهان‌,85,201317,6116010460,28940,30380,30380,1440,4.98,29490,550,1.9,30380,30380,1400-7-4,2021-09-26
679,دروز,داروسازي‌ روزدارو,85,99092,2797684560,28990,28500,28200,-790,-2.73,28850,-140,-0.48,27740,28900,1400-7-4,2021-09-26
680,دفرا,فرآورده‌هاي‌ تزريقي‌ ايران‌,81,66266,1956948290,30110,29260,29640,-470,-1.56,30030,-80,-0.27,29260,30590,1400-7-4,2021-09-26
681,شگويات.ف0104,اختيارف.تبعي شگويا010408,79,780420,780420,1,1,1,0,0,1,0,0,1,1,1400-7-4,2021-09-26
682,تسه9807,امتياز تسهيلات مسكن مهر98,77,1174,755407903,636979,606000,657000,20021,3.14,643448,6469,1.02,606000,665000,1400-7-4,2021-09-26
683,اخزا909,اسنادخزانه-م9بودجه99-020316,72,210596,148351208975,701715,704995,705101,3386,0.48,704435,2720,0.39,702000,705300,1400-7-4,2021-09-26
684,صايند,صندوق س. گنجينه آينده روشن-د,72,209110,2116575970,10089,10098,10128,39,0.39,10122,33,0.33,10098,10140,1400-7-4,2021-09-26
685,ضسپا8042,اختيارخ خساپا-1800-1400/08/26,71,1814,340025000,215,260,188,-27,-12.56,187,-28,-13.02,163,260,1400-7-4,2021-09-26
686,اخزا006,اسنادخزانه-م6بودجه00-030723,68,382084,198933826138,520807,524320,520000,-807,-0.15,520655,-152,-0.03,515563,524320,1400-7-4,2021-09-26
687,افق ملت,صندوق س در سهام افق ملت,68,33419,4926573000,146460,148470,147490,1030,0.7,147420,960,0.66,146000,148500,1400-7-4,2021-09-26
688,دشيري,شيرين دارو,67,18138,3207812600,181836,177730,176400,-5436,-2.99,180230,-1606,-0.88,176390,182299,1400-7-4,2021-09-26
689,اخزا911,اسنادخزانه-م11بودجه99-020906,67,375730,236247957862,628881,633859,630500,1619,0.26,628771,-110,-0.02,622873,633859,1400-7-4,2021-09-26
690,اخزا908,اسنادخزانه-م8بودجه99-020606,66,177089,118563438187,665680,668879,669901,4221,0.63,669513,3833,0.58,668879,669998,1400-7-4,2021-09-26
691,شتوكا,توكا رنگ فولاد سپاهان,62,93046,3471174076,39269,37306,37306,-1963,-5,38775,-494,-1.26,37306,37306,1400-7-4,2021-09-26
692,سكه0012پ04,تمام سكه طرح جديد0012صادرات,62,13700,15915745800,1167112,1168000,1164001,-3111,-0.27,1161733,-5379,-0.46,1154000,1168000,1400-7-4,2021-09-26
693,فيروزا,صندوق بادرآمد ثابت فيروزه آسيا,61,138390,3463389662,25009,25025,25022,13,0.05,25026,17,0.07,25020,25030,1400-7-4,2021-09-26
694,ضجار7038,اختيارخ وتجارت-1797-1400/07/21,60,4400,2298256000,583,210,699,116,19.9,522,-61,-10.46,210,800,1400-7-4,2021-09-26
695,ضملي7003,اختيارخ فملي-11720-1400/07/11,58,570,593284000,888,1013,1210,322,36.26,1041,153,17.23,460,1300,1400-7-4,2021-09-26
696,آتيمس,صندوق س.آرمان آتيه درخشان مس-س,55,32387,6370205633,195911,197000,194319,-1592,-0.81,196690,779,0.4,194176,197660,1400-7-4,2021-09-26
697,زفكا,كشت و دامداري فكا,55,701786,6175716800,9178,8800,8800,-378,-4.12,9016,-162,-1.77,8800,8800,1400-7-4,2021-09-26
698,گنجين,صندوق س. گنجينه يكم آويد-د,55,121491,1674036219,13771,13780,13780,9,0.07,13779,8,0.06,13773,13780,1400-7-4,2021-09-26
699,اخزا903,اسنادخزانه-م3بودجه99-011110,54,102162,77968007764,762519,763100,763500,981,0.13,763180,661,0.09,761941,763500,1400-7-4,2021-09-26
700,فنرژي,گسترش صنايع انرژي آذرآب,52,82613,1166165108,14404,14116,14116,-288,-2,14335,-69,-0.48,14116,14116,1400-7-4,2021-09-26
701,ضصاد8033,اختيارخ وبصادر-2489-1400/08/12,52,2235,256829000,149,123,120,-29,-19.46,115,-34,-22.82,97,144,1400-7-4,2021-09-26
702,ضخود7073,اختيارخ خودرو-1600-1400/07/07,52,1331,321004000,286,250,240,-46,-16.08,241,-45,-15.73,219,266,1400-7-4,2021-09-26
703,آرمان,بيمه آرمان,51,183120,1180733572,6555,6359,6537,-18,-0.27,6542,-13,-0.2,6359,6740,1400-7-4,2021-09-26
704,سكارون,سيمان كارون,49,25545,1951842360,78771,76408,76408,-2363,-3,78281,-490,-0.62,76408,76408,1400-7-4,2021-09-26
705,وحكمت,بيمه حكمت صبا,47,661873,2623002699,4085,3963,3963,-122,-2.99,4051,-34,-0.83,3963,3963,1400-7-4,2021-09-26
706,سكه0112پ03,تمام سكه طرح جديد0112سامان,47,9000,10468591800,1167257,1168000,1165000,-2257,-0.19,1163177,-4080,-0.35,1154002,1169999,1400-7-4,2021-09-26
707,آكورد2,صندوق س. آرمان آتي كوثر-د,45,4500000,4500000,34321,1,1,-34320,-100,1,-34320,-100,1,1,1400-7-4,2021-09-26
708,اخزا008,اسنادخزانه-م8بودجه00-030919,45,108275,54467469160,504294,506298,505000,706,0.14,503047,-1247,-0.25,500010,506298,1400-7-4,2021-09-26
709,اخزا004,اسنادخزانه-م4بودجه00-030522,42,334707,181356617172,540420,543775,540800,380,0.07,541837,1417,0.26,535831,543775,1400-7-4,2021-09-26
710,ثنام,س ساختماني ب نام آوران مهندسي,42,342106,4228088054,12741,12359,12359,-382,-3,12572,-169,-1.33,12359,12359,1400-7-4,2021-09-26
711,غپونه,نوش پونه مشهد,42,120584,1699028560,14525,14090,14090,-435,-2.99,14448,-77,-0.53,14090,14090,1400-7-4,2021-09-26
712,ثجوان,تامين مسكن جوانان,41,283723,2154109086,7810,7947,7576,-234,-3,7762,-48,-0.61,7576,7947,1400-7-4,2021-09-26
713,ماني2,صندوق س. با درآمد ثابت ماني,40,4000000,4000000,10210,1,1,-10209,-99.99,1,-10209,-99.99,1,1,1400-7-4,2021-09-26
714,تپولا,مهندسي مرآت پولاد,38,40542,1007103822,26148,24841,24841,-1307,-5,26009,-139,-0.53,24841,24841,1400-7-4,2021-09-26
715,داريك,صندوق س.اعتماد داريك-د,36,224688,2592472611,11531,11539,11539,8,0.07,11538,7,0.06,11537,11539,1400-7-4,2021-09-26
716,داريك2,صندوق س.اعتماد داريك-د,35,35000000,35000000,11531,1,1,-11530,-99.99,1,-11530,-99.99,1,1,1400-7-4,2021-09-26
717,كصدف,كاشي صدف سرام استقلال آباده,35,37222,827110062,23390,22221,22221,-1169,-5,23288,-102,-0.44,22221,22221,1400-7-4,2021-09-26
718,ضخود7076,اختيارخ خودرو-2500-1400/07/07,35,3500,3500000,1,1,1,0,0,1,0,0,1,1,1400-7-4,2021-09-26
719,دمعيار,صندوق س. توازن معيار-د,34,579475,5807589497,10017,10021,10025,8,0.08,10022,5,0.05,10020,10025,1400-7-4,2021-09-26
720,اخزا002,اسنادخزانه-م2بودجه00-031024,34,66727,33103406069,494533,496116,499000,4467,0.9,496102,1569,0.32,495996,499000,1400-7-4,2021-09-26
721,سكه0011پ02,تمام سكه طرح جديد0011ملت,33,4500,5227293900,1165492,1165000,1163500,-1992,-0.17,1161621,-3871,-0.33,1158000,1168000,1400-7-4,2021-09-26
722,ضشنا8005,اختيارخ شپنا-12800-1400/08/16,31,272,447742000,1650,1890,1600,-50,-3.03,1646,-4,-0.24,1460,1890,1400-7-4,2021-09-26
723,ضملي7002,اختيارخ فملي-9720-1400/07/11,31,184,561325000,2660,2980,3150,490,18.42,3051,391,14.7,2900,3250,1400-7-4,2021-09-26
724,ضخود7072,اختيارخ خودرو-1400-1400/07/07,30,690,300394000,468,450,422,-46,-9.83,435,-33,-7.05,411,545,1400-7-4,2021-09-26
725,كهربا,صندوق س.پشتوانه سكه طلا كهربا,29,77263,793445830,10310,10355,10353,43,0.42,10269,-41,-0.4,10247,10355,1400-7-4,2021-09-26
726,خفناور,مهندسي صنعتي روان فن آور,29,17421,780060117,46161,44777,44777,-1384,-3,46049,-112,-0.24,44777,44777,1400-7-4,2021-09-26
727,ورازي,بيمه رازي,28,832917,1582542300,1810,1900,1900,90,4.97,1820,10,0.55,1900,1900,1400-7-4,2021-09-26
728,صنوين,صندوق سرمايه‌گذاري صنوين-مختلط,28,9843,1012099650,103290,102530,102500,-790,-0.76,102820,-470,-0.46,102500,103800,1400-7-4,2021-09-26
729,زعف0008پ05,زعفران0008نگين زرين(پ),27,26677,4164886561,154149,159950,154001,-148,-0.1,156123,1974,1.28,151012,160000,1400-7-4,2021-09-26
730,وتعاونح,ح . بيمه  تعاون,27,625498,511657364,843,818,818,-25,-2.97,818,-25,-2.97,818,818,1400-7-4,2021-09-26
731,ضملت8044,اختيارخ وبملت-4934-1400/08/19,26,1360,98241000,88,41,52,-36,-40.91,72,-16,-18.18,41,91,1400-7-4,2021-09-26
732,ثروتم,صندوق س. ثروت آفرين پارسيان-س,26,62330,5503219270,87766,88764,88348,582,0.66,88292,526,0.6,86924,88764,1400-7-4,2021-09-26
733,اخزا001,اسنادخزانه-م1بودجه00-030821,25,164306,84489175595,510454,514595,512016,1562,0.31,514218,3764,0.74,512001,524689,1400-7-4,2021-09-26
734,تملي803,تسهيلات مسكن ب. ملي-خرداد98,23,217,181995079,798750,838687,838687,39937,5,838687,39937,5,838687,838687,1400-7-4,2021-09-26
735,ضملي1161,اختيارخ فملي-7000-1400/11/03,22,421,628000000,1400,1500,1500,100,7.14,1492,92,6.57,1400,1500,1400-7-4,2021-09-26
736,اخزا811,اسنادخزانه-م11بودجه98-001013,21,3029,2868655573,945034,946000,948000,2966,0.31,947064,2030,0.21,945200,948000,1400-7-4,2021-09-26
737,ضملي7004,اختيارخ فملي-13720-1400/07/11,21,217,36891000,129,200,178,49,37.98,170,41,31.78,104,700,1400-7-4,2021-09-26
738,دزهراويح,ح . ‌داروسازي‌زهراوي‌,21,255744,1293474800,5040,5200,5000,-40,-0.79,5060,20,0.4,5000,5200,1400-7-4,2021-09-26
739,ثاصفا,شركت‌ ساختمان‌ اصفهان‌,20,19238,319966416,17146,16632,16632,-514,-3,17129,-17,-0.1,16632,16632,1400-7-4,2021-09-26
740,سجام,مجتمع سيمان غرب آسيا,20,164060,676911560,4343,4126,4126,-217,-5,4328,-15,-0.35,4126,4126,1400-7-4,2021-09-26
741,سيناد,صندوق س.سپهرسودمند سينا-د,19,24043,241190826,10023,10032,10032,9,0.09,10032,9,0.09,10031,10032,1400-7-4,2021-09-26
742,اخزا815,اسنادخزانه-م15بودجه98-010406,19,14659,12605868477,844483,855058,859441,14958,1.77,859941,15458,1.83,855058,861000,1400-7-4,2021-09-26
743,پادا,صندوق س.پاداش سرمايه پارس-س,19,5321,603247449,112794,114500,113700,906,0.8,113371,577,0.51,111850,114790,1400-7-4,2021-09-26
744,ثهام,صندوق س ثروت هامرز-سهام,18,30822,350511175,11343,11350,11520,177,1.56,11372,29,0.26,11325,11525,1400-7-4,2021-09-26
745,سكه0111پ05,تمام سكه طرح جديد0111آينده,18,3200,3717193600,1167733,1160010,1167900,167,0.01,1161623,-6110,-0.52,1153011,1167900,1400-7-4,2021-09-26
746,زعف0008پ16,زعفران0008نگين بيرجند(پ),17,13902,2162048389,155679,155001,155000,-679,-0.44,155521,-158,-0.1,150011,161000,1400-7-4,2021-09-26
747,تمحركه,ماشين سازي نيرو محركه,17,12330,185837760,15538,15072,15072,-466,-3,15529,-9,-0.06,15072,15072,1400-7-4,2021-09-26
748,ضجار7040,اختيارخ وتجارت-2497-1400/07/21,17,855,26221000,43,45,29,-14,-32.56,31,-12,-27.91,29,45,1400-7-4,2021-09-26
749,اخزا809,اسنادخزانه-م9بودجه98-000923,16,38284,36653152350,955969,955000,957500,1531,0.16,957401,1432,0.15,955000,957600,1400-7-4,2021-09-26
750,ددامح,ح . داروسازي زاگرس فارمد پارس,15,10878,169696800,15600,15600,15600,0,0,15600,0,0,15600,15600,1400-7-4,2021-09-26
751,زعف0008پ11,زعفران0008نگين سحرخيز(پ),15,8062,1243598604,154433,152250,154150,-283,-0.18,154254,-179,-0.12,152250,156997,1400-7-4,2021-09-26
752,ضپاس7029,اختيارخ وپارس-2500-1400/07/28,15,273,94284000,350,350,395,45,12.86,345,-5,-1.43,311,400,1400-7-4,2021-09-26
753,برن0104پ01,برنج طارم0104تجارت مازندران(پ),15,1068,420580080,393117,393000,394000,883,0.22,393802,685,0.17,393000,396400,1400-7-4,2021-09-26
754,طخود7075,اختيارف خودرو-2000-1400/07/07,15,580,67515000,69,100,143,74,107.25,116,47,68.12,100,143,1400-7-4,2021-09-26
755,اخزا808,اسنادخزانه-م8بودجه98-000817,14,3664,3577419696,975356,972001,976500,1144,0.12,976370,1014,0.1,972001,976900,1400-7-4,2021-09-26
756,ساروج,بين المللي ساروج بوشهر,14,21211,370863348,17416,17416,17433,17,0.1,17419,3,0.02,17416,17760,1400-7-4,2021-09-26
757,ضپال2007,اختيارخ اپال-32000-1401/02/12,14,273,274246000,1100,1100,1000,-100,-9.09,1005,-95,-8.64,985,1100,1400-7-4,2021-09-26
758,اخزا904,اسنادخزانه-م4بودجه99-011215,14,68903,51583886145,741602,747020,749600,7998,1.08,748645,7043,0.95,747020,749600,1400-7-4,2021-09-26
759,اخزا905,اسنادخزانه-م5بودجه99-020218,14,58015,41905645477,722576,723000,723299,723,0.1,722324,-252,-0.03,719109,723300,1400-7-4,2021-09-26
760,ضملي7005,اختيارخ فملي-15720-1400/07/11,14,181,2127000,34,10,12,-22,-64.71,12,-22,-64.71,10,20,1400-7-4,2021-09-26
761,وملت,سرمايه گذاري ملت,13,41179,133749392,3314,3248,3248,-66,-1.99,3312,-2,-0.06,3248,3248,1400-7-4,2021-09-26
762,وسزنجان,شركت س استان زنجان,13,267924,361429476,1420,1349,1349,-71,-5,1419,-1,-0.07,1349,1349,1400-7-4,2021-09-26
763,نتوس,پشم‌ بافي‌ توس,13,28568,363356392,13112,12719,12719,-393,-3,13097,-15,-0.11,12719,12719,1400-7-4,2021-09-26
764,عيار2,صندوق سكه طلاي مفيد,13,130000,130000,29629,1,1,-29628,-100,1,-29628,-100,1,1,1400-7-4,2021-09-26
765,اخزا907,اسنادخزانه-م7بودجه99-020704,13,23920,15764617592,653048,656817,657751,4703,0.72,659056,6008,0.92,656817,660000,1400-7-4,2021-09-26
766,وسصفا,شركت س استان اصفهان,12,178681,124183295,731,695,695,-36,-4.92,731,0,0,695,695,1400-7-4,2021-09-26
767,ضپاس7030,اختيارخ وپارس-3000-1400/07/28,11,319,33039000,133,244,99,-34,-25.56,104,-29,-21.8,99,244,1400-7-4,2021-09-26
768,اخزا820,اسنادخزانه-م20بودجه98-020806,11,17590,11356408814,639639,644865,657992,18353,2.87,645617,5978,0.93,644865,664723,1400-7-4,2021-09-26
769,زعف0008پ12,زعفران0008پوشالمعمول سحرخيز(پ),11,10800,1331156800,122438,123000,122876,438,0.36,123255,817,0.67,122775,124800,1400-7-4,2021-09-26
770,ضخود7077,اختيارخ خودرو-3000-1400/07/07,11,336,336000,1,1,1,0,0,1,0,0,1,1,1400-7-4,2021-09-26
771,ضملي1159,اختيارخ فملي-5000-1400/11/03,11,158,622977000,4400,4600,4399,-1,-0.02,3943,-457,-10.39,3840,4600,1400-7-4,2021-09-26
772,ضصاد8034,اختيارخ وبصادر-2989-1400/08/12,11,614,18420000,30,30,30,0,0,30,0,0,30,30,1400-7-4,2021-09-26
773,سخند,صندوق س.سپهرخبرگان نفت-د,11,10580,105687700,9989,9970,10000,11,0.11,9989,0,0,9970,10010,1400-7-4,2021-09-26
774,زعف0008پ20,زعفران0008نگين وحدت جام(پ),10,11232,1764229065,152930,155001,155000,2070,1.35,157072,4142,2.71,152750,162990,1400-7-4,2021-09-26
775,تملي709,تسهيلات مسكن ب. ملي-آذر97,10,50,42551056,810498,851022,851022,40524,5,851021,40523,5,851000,851022,1400-7-4,2021-09-26
776,ضبدر8078,اختيارخ شبندر-5157-1400/08/30,10,19,160028860,1550,1700,1755,205,13.23,1798,248,16,1700,1900,1400-7-4,2021-09-26
777,نگين,ص.س. زمين و ساختمان نگين شهرري,10,271,13933850,51390,51060,52440,1050,2.04,51420,30,0.06,51050,52440,1400-7-4,2021-09-26
778,ضچاد7035,اختيارخ كچاد-25870-1400/07/04,10,51,31559000,3350,900,999,-2351,-70.18,619,-2731,-81.52,132,999,1400-7-4,2021-09-26
779,اخزا812,اسنادخزانه-م12بودجه98-001111,10,4197,3907332600,930118,930300,931011,893,0.1,930982,864,0.09,930300,931011,1400-7-4,2021-09-26
780,آسام,صندوق س.آرمان سپهر آشنا-م,10,1710,211176500,122474,123000,123500,1026,0.84,123495,1021,0.83,123000,124500,1400-7-4,2021-09-26
781,گوهر2,صندوق سكه طلاي كيان,10,100000,100000,57862,1,1,-57861,-100,1,-57861,-100,1,1,1400-7-4,2021-09-26
782,اخزا918,اسنادخزانه-م18بودجه99-010323,9,10001,9101000000,1000000,910000,1000000,0,0,910009,-89991,-9,910000,1000000,1400-7-4,2021-09-26
783,سفارود,كارخانه فارسيت درود,9,4418,71275594,16462,16133,16133,-329,-2,16457,-5,-0.03,16133,16133,1400-7-4,2021-09-26
784,زعف0008پ08,زعفران0008نگين روستا(پ),9,497,75490180,158448,152100,152200,-6248,-3.94,151892,-6556,-4.14,148300,159990,1400-7-4,2021-09-26
785,اخزا814,اسنادخزانه-م14بودجه98-010318,8,5419,4729730035,868741,870000,874000,5259,0.61,872805,4064,0.47,870000,874000,1400-7-4,2021-09-26
786,سلار,شركت سيمان لارستان,8,3395,100828105,30617,29699,29699,-918,-3,30607,-10,-0.03,29699,29699,1400-7-4,2021-09-26
787,اخزا818,اسنادخزانه-م18بودجه98-010614,8,6668,5525486045,828430,828430,828500,70,0.01,828657,227,0.03,828430,833333,1400-7-4,2021-09-26
788,اطلس2,صندوق س.توسعه اندوخته آينده-س,8,80000,80000,256484,1,1,-256483,-100,1,-256483,-100,1,1,1400-7-4,2021-09-26
789,طخود7076,اختيارف خودرو-2500-1400/07/07,8,61,35257000,275,550,600,325,118.18,578,303,110.18,550,600,1400-7-4,2021-09-26
790,اراد50,مرابحه عام دولت5-ش.خ0302,8,142900,142900146000,1000000,1000000,1000001,1,0,1000001,1,0,1000000,1000002,1400-7-4,2021-09-26
791,ضچاد7034,اختيارخ كچاد-21870-1400/07/04,8,117,506415000,4000,4900,4500,500,12.5,4328,328,8.2,4124,4900,1400-7-4,2021-09-26
792,اعتماد2,صندوق س.اعتماد آفرين پارسيان-د,8,77000000,77000000,38935,1,1,-38934,-100,1,-38934,-100,1,1,1400-7-4,2021-09-26
793,وحافظ,بيمه حافظ,7,42478,445806610,10819,10495,10495,-324,-2.99,10804,-15,-0.14,10495,10495,1400-7-4,2021-09-26
794,تابان03,اجاره تابان سپهر14021206,7,1470,1470110000,987941,1019000,1000000,12059,1.22,1000075,12134,1.23,960000,1019000,1400-7-4,2021-09-26
795,طسپا8043,اختيارف خساپا-2000-1400/08/26,7,318,57290000,157,180,181,24,15.29,180,23,14.65,180,181,1400-7-4,2021-09-26
796,اخزا813,اسنادخزانه-م13بودجه98-010219,7,5882,5209523189,880461,880982,888000,7539,0.86,885672,5211,0.59,880982,888000,1400-7-4,2021-09-26
797,اراد61,مرابحه عام دولت61-ش.خ0309,7,55000,55000055000,1000000,1000001,1000001,1,0,1000001,1,0,1000001,1000001,1400-7-4,2021-09-26
798,اخزا721,اسنادخزانه-م21بودجه97-000728,6,6428,6344723512,985921,987000,987899,1978,0.2,987045,1124,0.11,987000,988000,1400-7-4,2021-09-26
799,طچاد7038,اختيارف كچاد-36000-1400/07/04,6,600,6000000000,1,10000,10000,9999,999900,10000,9999,999900,10000,10000,1400-7-4,2021-09-26
800,اخزا817,اسنادخزانه-م17بودجه98-010512,6,772,650802449,843011,841075,844480,1469,0.17,843008,-3,0,841075,845000,1400-7-4,2021-09-26
801,تملي703,تسهيلات مسكن ب. ملي-خرداد97,6,38,24759736,620545,651572,651572,31027,5,651572,31027,5,651572,651572,1400-7-4,2021-09-26
802,ثقزوي,شركت عمران و سازندگي قزوين,6,2104,60759312,29771,28878,28878,-893,-3,29765,-6,-0.02,28878,28878,1400-7-4,2021-09-26
803,طخود1051,اختيارف خودرو-1800-1400/10/08,6,113,11105000,80,85,100,20,25,98,18,22.5,85,100,1400-7-4,2021-09-26
804,بذر,صندوق س بذر اميد آفرين-سهام,6,650,65872500,101150,101560,100950,-200,-0.2,101340,190,0.19,100600,101560,1400-7-4,2021-09-26
805,ضسپا8046,اختيارخ خساپا-3500-1400/08/26,5,379,5564000,10,16,11,1,10,15,5,50,11,16,1400-7-4,2021-09-26
806,ياقوت2,صندوق س ياقوت آگاه-ثابت,5,2816000,2816000,13197,1,1,-13196,-99.99,1,-13196,-99.99,1,1,1400-7-4,2021-09-26
807,اخزا821,اسنادخزانه-م21بودجه98-020906,5,212,133557605,630110,630111,628120,-1990,-0.32,629989,-121,-0.02,628110,630111,1400-7-4,2021-09-26
808,كباده,توليد خاك نسوزاستقلال آباده,5,148099,1347848999,8836,9101,9101,265,3,8872,36,0.41,9101,9101,1400-7-4,2021-09-26
809,شگل2,گلتاش‌,5,25000000,187500000000,7660,7500,7500,-160,-2.09,7500,-160,-2.09,7500,7500,1400-7-4,2021-09-26
810,ساذري,آذريت‌,5,90634,762957012,8173,8418,8418,245,3,8192,19,0.23,8418,8418,1400-7-4,2021-09-26
811,ضسپا8040,اختيارخ خساپا-1400-1400/08/26,5,104,48956000,489,450,490,1,0.2,471,-18,-3.68,450,490,1400-7-4,2021-09-26
812,طلا2,صندوق س.پشتوانه طلاي لوتوس,5,500000,500000,82990,1,1,-82989,-100,1,-82989,-100,1,1,1400-7-4,2021-09-26
813,ضپنا8002,اختيارخ رمپنا-13850-1400/08/05,5,38,206700000,4000,4500,5600,1600,40,5439,1439,35.98,4500,5600,1400-7-4,2021-09-26
814,اروند06,منفعت صبا اروند ملت 14001113,4,100000,100000000000,1000000,1000000,1000000,0,0,1000000,0,0,1000000,1000000,1400-7-4,2021-09-26
815,ضچاد7032,اختيارخ كچاد-15870-1400/07/04,4,8,83000000,15000,10500,10300,-4700,-31.33,10375,-4625,-30.83,10300,10500,1400-7-4,2021-09-26
816,افران2,صندوق س افرا نماد پايدار-ثابت,4,14400000,14400000,14344,1,1,-14343,-99.99,1,-14343,-99.99,1,1,1400-7-4,2021-09-26
817,حاريا,كشتيراني آريا,4,9010,138087260,15638,15326,15326,-312,-2,15629,-9,-0.06,15326,15326,1400-7-4,2021-09-26
818,اخزا816,اسنادخزانه-م16بودجه98-010503,4,2655,2247152930,845452,846326,847200,1748,0.21,846385,933,0.11,846326,847200,1400-7-4,2021-09-26
819,ضذوب905,اختيارخ ذوب-5000-14000917,4,140,55800000,383,370,410,27,7.05,399,16,4.18,370,410,1400-7-4,2021-09-26
820,تملي712,تسهيلات مسكن ب. ملي-اسفند97,4,64,54640819,813108,853762,853763,40655,5,853763,40655,5,853762,853763,1400-7-4,2021-09-26
821,اخزا807,اسنادخزانه-م7بودجه98-000719,4,210,208318462,990988,991500,992349,1361,0.14,991993,1005,0.1,991500,992450,1400-7-4,2021-09-26
822,ضفلا7005,اختيارخ فولاد-11013-1400/07/25,4,84,28410128,497,290,300,-197,-39.64,241,-256,-51.51,206,332,1400-7-4,2021-09-26
823,ضشنا8006,اختيارخ شپنا-14800-1400/08/16,4,105,74501000,1019,501,900,-119,-11.68,710,-309,-30.32,500,900,1400-7-4,2021-09-26
824,ضبدر8077,اختيارخ شبندر-4302-1400/08/30,4,14,176586800,1979,2200,2800,821,41.49,2693,714,36.08,2200,2800,1400-7-4,2021-09-26
825,اخزا723,اسنادخزانه-م23بودجه97-000824,4,14317,13923282500,971592,972500,972500,908,0.09,972500,908,0.09,972500,972500,1400-7-4,2021-09-26
826,اراد644,مرابحه عام دولتي64-ش.خ0111,4,37820000,35467382830000,944500,948813,948700,4200,0.44,937794,-6706,-0.71,879600,948813,1400-7-4,2021-09-26
827,ضسان7080,اختيارخ پارسان-24000-00/07/14,3,7,55800000,6200,8000,7900,1700,27.42,7971,1771,28.56,7900,8000,1400-7-4,2021-09-26
828,ضمخا7075,اختيارخ اخابر-8700-1400/07/28,3,10,10442000,990,1500,998,8,0.81,1044,54,5.45,990,1500,1400-7-4,2021-09-26
829,طخوز1022,اختيارف فخوز-5000-1400/10/12,3,20,20000,1,1,1,0,0,1,0,0,1,1,1400-7-4,2021-09-26
830,آينده,بازرگاني آينده سازان بهشت پارس,3,2810,30533460,11202,10866,10866,-336,-3,11201,-1,-0.01,10866,10866,1400-7-4,2021-09-26
831,ضترا8060,اختيارخ شتران-4323-1400/08/09,3,28,56000000,2200,2000,2000,-200,-9.09,2000,-200,-9.09,2000,2000,1400-7-4,2021-09-26
832,تملي706,تسهيلات مسكن ب. ملي-شهريور97,3,29,24868489,880969,896699,836921,-44048,-5,857534,-23435,-2.66,836921,896699,1400-7-4,2021-09-26
833,تملي809,تسهيلات مسكن ب. ملي-آذر98,3,51,35820786,672224,646902,705835,33611,5,702368,30144,4.48,646902,705835,1400-7-4,2021-09-26
834,پست0008پ08,پسته فندقي32-30مه ولات0008(پ),3,15,25966665,1822222,1731111,1731111,-91111,-5,1731111,-91111,-5,1731111,1731111,1400-7-4,2021-09-26
835,ضپال2001,اختيارخ اپال-14000-1401/02/12,3,11,55000000,9820,1353,5000,-4820,-49.08,5000,-4820,-49.08,5000,5000,1400-7-4,2021-09-26
836,طسپا8041,اختيارف خساپا-1600-1400/08/26,3,250,10450000,40,40,49,9,22.5,42,2,5,40,49,1400-7-4,2021-09-26
837,گكيش,توريستي ورفاهي آبادگران كيش,3,924,37695504,42057,40796,40796,-1261,-3,42052,-5,-0.01,40796,40796,1400-7-4,2021-09-26
838,پا ر 17,بار پايه روز 17,3,28500,16530000,650,580,580,-70,-10.77,580,-70,-10.77,580,580,1400-7-4,2021-09-26
839,اراد46,مرابحه عام دولت4-ش.خ 0302,3,55000,55000015000,1000000,1000000,1000001,1,0,1000000,0,0,1000000,1000001,1400-7-4,2021-09-26
840,غگز,گز سكه,3,91800,1193400000,13000,13000,13000,0,0,13000,0,0,13000,13000,1400-7-4,2021-09-26
841,اراد214,مرابحه عام دولت2ش.خ صادرات0212,3,55036000,52428230378000,1000000,952648,952583,-47417,-4.74,952617,-47383,-4.74,952583,952648,1400-7-4,2021-09-26
842,شتولي,تولي‌پرس‌,3,939,19856094,21577,21146,21146,-431,-2,21575,-2,-0.01,21146,21146,1400-7-4,2021-09-26
843,ضملي1160,اختيارخ فملي-6000-1400/11/03,2,11,32520000,2844,2920,3320,476,16.74,2956,112,3.94,2920,3320,1400-7-4,2021-09-26
844,ضملت8041,اختيارخ وبملت-3434-1400/08/19,2,39,30825000,596,798,699,103,17.28,790,194,32.55,699,798,1400-7-4,2021-09-26
845,ضخود1055,اختيارخ خودرو-3500-1400/10/08,2,2,100000,90,50,50,-40,-44.44,50,-40,-44.44,50,50,1400-7-4,2021-09-26
846,شكف,كف,2,3001,291015973,98952,96973,96973,-1979,-2,98893,-59,-0.06,96973,96973,1400-7-4,2021-09-26
847,ضمخا7076,اختيارخ اخابر-9700-1400/07/28,2,28,13100000,796,400,500,-296,-37.19,468,-328,-41.21,400,500,1400-7-4,2021-09-26
848,اراد314,مرابحه عام دولت3-ش.خ 0208,2,5000000,4197787500000,950000,839615,839500,-110500,-11.63,839557,-110443,-11.63,839500,839615,1400-7-4,2021-09-26
849,بتك,كارخانجات كابل سازي‌ تك‌,2,6,210042,34321,35007,35007,686,2,34321,0,0,35007,35007,1400-7-4,2021-09-26
850,اراد834,مرابحه عام دولت83-ش.خ041220,2,23900000,22038373700000,1000000,918193,925390,-74610,-7.46,922108,-77892,-7.79,918193,925390,1400-7-4,2021-09-26
851,تملي805,تسهيلات مسكن ب. ملي-مرداد98,2,34,26728182,827497,786123,786123,-41374,-5,786123,-41374,-5,786123,786123,1400-7-4,2021-09-26
852,ضسپا8039,اختيارخ خساپا-1200-1400/08/26,2,110,66200000,645,620,600,-45,-6.98,602,-43,-6.67,600,620,1400-7-4,2021-09-26
853,هماي2,صندوق س هماي آگاه-ثابت,2,13195000,13195000,10019,1,1,-10018,-99.99,1,-10018,-99.99,1,1,1400-7-4,2021-09-26
854,اراد544,مرابحه عام دولت5-ش.خ 0109,2,21142000,20291087355000,990000,959805,959700,-30300,-3.06,959752,-30248,-3.06,959700,959805,1400-7-4,2021-09-26
855,طگل8077,اختيارف كگل-18700-1400/08/23,2,20,900000,1,45,45,44,4400,45,44,4400,45,45,1400-7-4,2021-09-26
856,اراد704,مرابحه عام دولت70-ش.خ0112,2,34228000,32405701280000,943750,946820,946700,2950,0.31,946760,3010,0.32,946700,946820,1400-7-4,2021-09-26
857,ضغدر8060,اختيارخ وغدير-14000-1400/08/26,2,4,10200000,1100,3000,2100,1000,90.91,2550,1450,131.82,2100,3000,1400-7-4,2021-09-26
858,ضفلا1164,اختيارخ فولاد-12000-1400/11/24,2,2,3000000,1500,1500,1500,0,0,1500,0,0,1500,1500,1400-7-4,2021-09-26
859,هنوري102,اختيارف ت نوري59561-01/02/15,2,1060,1060,1,1,1,0,0,1,0,0,1,1,1400-7-4,2021-09-26
860,طصاد8033,اختيارف وبصادر-2489-1400/08/12,2,22,4400000,200,200,200,0,0,200,0,0,200,200,1400-7-4,2021-09-26
861,اراد494,مرابحه عام دولت4-ش.خ 0206,2,21424000,20230565368000,977235,944339,944250,-32985,-3.38,944294,-32941,-3.37,944250,944339,1400-7-4,2021-09-26
862,سپرمي,پرميت‌,2,1614,15433068,9468,9562,9562,94,0.99,9469,1,0.01,9562,9562,1400-7-4,2021-09-26
863,تملي806,تسهيلات مسكن ب. ملي-شهريور98,2,16,10848592,645750,678037,678037,32287,5,678037,32287,5,678037,678037,1400-7-4,2021-09-26
864,زعف0008پ10,زعفران0008نگين طلاي سرخ(پ),2,1000,161500000,159620,161500,161500,1880,1.18,161500,1880,1.18,161500,161500,1400-7-4,2021-09-26
865,پست0008پ04,پسته فندقي32-30سبزدانه0008(پ),2,60,103866660,1772225,1731111,1731111,-41114,-2.32,1731111,-41114,-2.32,1731111,1731111,1400-7-4,2021-09-26
866,اراد404,مرابحه عام دولت4-ش.خ 0207,2,8047000,7590719200000,1000000,913600,947740,-52260,-5.23,943298,-56702,-5.67,913600,947740,1400-7-4,2021-09-26
867,طسپا8042,اختيارف خساپا-1800-1400/08/26,2,50,5000000,98,100,100,2,2.04,100,2,2.04,100,100,1400-7-4,2021-09-26
868,اراد524,مرابحه عام دولت5-ش.خ 0108,2,12666000,12143799819000,1000000,958843,958700,-41300,-4.13,958771,-41229,-4.12,958700,958843,1400-7-4,2021-09-26
869,حريل02,اجاره ريل پردازسير021212,2,38,35568000,936000,936000,936000,0,0,936000,0,0,936000,936000,1400-7-4,2021-09-26
870,ضبدر8079,اختيارخ شبندر-6011-1400/08/30,2,74,415939200,900,1200,1200,300,33.33,1200,300,33.33,1200,1200,1400-7-4,2021-09-26
871,افاد44,منفعت دولتي4-شرايط خاص14010729,1,3000000,2948115000000,1000000,982705,982705,-17295,-1.73,982705,-17295,-1.73,982705,982705,1400-7-4,2021-09-26
872,هفارس104,اختيارف ت فارس-11832-01/04/12,1,1000,1000,1,1,1,0,0,1,0,0,1,1,1400-7-4,2021-09-26
873,اراد584,مرابحه عام دولت5-ش.خ 0110,1,3000000,2870400000000,960000,956800,956800,-3200,-0.33,956800,-3200,-0.33,956800,956800,1400-7-4,2021-09-26
874,ضپيك1031,اختيارخ تاپيكو-14000-00/10/15,1,2,4800000,2300,2400,2400,100,4.35,2400,100,4.35,2400,2400,1400-7-4,2021-09-26
875,اراد134,مرابحه عام دولت1-ش.خ ساير0206,1,5000000,4808610000000,885000,961722,961722,76722,8.67,961722,76722,8.67,961722,961722,1400-7-4,2021-09-26
876,اراد334,مرابحه عام دولت3-ش.خ 0303,1,1597000,1419429570000,975580,888810,888810,-86770,-8.89,888810,-86770,-8.89,888810,888810,1400-7-4,2021-09-26
877,اخزا9072,اسنادخزانه-م7بودجه99-020704,1,109522,72174998000,653048,659000,659000,5952,0.91,659000,5952,0.91,659000,659000,1400-7-4,2021-09-26
878,ضچاد7031,اختيارخ كچاد-13870-1400/07/04,1,1,12006000,16000,12006,12006,-3994,-24.96,12006,-3994,-24.96,12006,12006,1400-7-4,2021-09-26
879,اراد594,مرابحه عام دولتي5-ش.خ 0309,1,8000000,7528240000000,1000000,941030,941030,-58970,-5.9,941030,-58970,-5.9,941030,941030,1400-7-4,2021-09-26
880,داريك4,صندوق س.اعتماد داريك-د,1,35000000,400050000000,11531,11430,11430,-101,-0.88,11430,-101,-0.88,11430,11430,1400-7-4,2021-09-26
881,ضفلا7003,اختيارخ فولاد-8160-1400/07/25,1,5,16824000,2750,2400,2400,-350,-12.73,2400,-350,-12.73,2400,2400,1400-7-4,2021-09-26
882,اراد774,مرابحه عام دولت77-ش.خ000812,1,6122000,6112204800000,1000000,998400,998400,-1600,-0.16,998400,-1600,-0.16,998400,998400,1400-7-4,2021-09-26
883,پا ه 2,بار پايه هفته 2,1,8500,4930000,345,580,580,235,68.12,580,235,68.12,580,580,1400-7-4,2021-09-26
884,ضملي7006,اختيارخ فملي-17720-1400/07/11,1,1,5000,100,5,5,-95,-95,5,-95,-95,5,5,1400-7-4,2021-09-26
885,شلرد022,كود شيميايي اوره لردگان,1,100000,99700000000,993000,997000,997000,4000,0.4,997000,4000,0.4,997000,997000,1400-7-4,2021-09-26
886,ضملت8038,اختيارخ وبملت-1934-1400/08/19,1,2,3900000,2000,1950,1950,-50,-2.5,1950,-50,-2.5,1950,1950,1400-7-4,2021-09-26
887,خبهمن2,گروه‌بهمن‌,1,126000000,202860000000,1639,1610,1610,-29,-1.77,1610,-29,-1.77,1610,1610,1400-7-4,2021-09-26
888,وسالت,بانك قرض الحسنه رسالت,1,5046,5454726,1050,1081,1081,31,2.95,1050,0,0,1081,1081,1400-7-4,2021-09-26
889,کم ه 3,کم باري هفته 3,1,3000,1560000,300,520,520,220,73.33,520,220,73.33,520,520,1400-7-4,2021-09-26
890,اراد864,مرابحه عام دولت86-ش.خ020404,1,30000000,28240800000000,936100,941360,941360,5260,0.56,941360,5260,0.56,941360,941360,1400-7-4,2021-09-26
891,ضخوز7039,اختيارخ فخوز-15200-1400/07/14,1,20,50000000,2000,2500,2500,500,25,2500,500,25,2500,2500,1400-7-4,2021-09-26
892,طجار7040,اختيارف وتجارت-2497-1400/07/21,1,2,600000,199,300,300,101,50.75,300,101,50.75,300,300,1400-7-4,2021-09-26
893,ضصاد8039,اختيارخ وبصادر-1389-1400/08/12,1,1,950000,1200,950,950,-250,-20.83,950,-250,-20.83,950,950,1400-7-4,2021-09-26
894,ضسپا8045,اختيارخ خساپا-3000-1400/08/26,1,100,1000000,30,10,10,-20,-66.67,10,-20,-66.67,10,10,1400-7-4,2021-09-26
895,اخزا0062,اسنادخزانه-م6بودجه00-030723,1,200000,104800000000,520807,524000,524000,3193,0.61,524000,3193,0.61,524000,524000,1400-7-4,2021-09-26
896,ضشنا8001,اختيارخ شپنا-6800-1400/08/16,1,5,35500000,6400,7100,7100,700,10.94,7100,700,10.94,7100,7100,1400-7-4,2021-09-26
897,زعف0008پ19,زعفران0008نگين تروند قاينات(پ),1,32,4893408,160757,152919,152919,-7838,-4.88,152919,-7838,-4.88,152919,152919,1400-7-4,2021-09-26
898,اخزا9174,اسنادخزانه-م17بودجه99-010226,1,10700000,9410553700000,879491,879491,879491,0,0,879491,0,0,879491,879491,1400-7-4,2021-09-26
899,اراد384,مرابحه عام دولت3-ش.خ 0105,1,1630000,1584547450000,1009000,972115,972115,-36885,-3.66,972115,-36885,-3.66,972115,972115,1400-7-4,2021-09-26
900,داراب,پتروشيمي داراب,1,2500,5592500,2306,2237,2237,-69,-2.99,2306,0,0,2237,2237,1400-7-4,2021-09-26
901,همبين102,اختيارف ت مبين17952-01/02/10,1,100000,100000,1,1,1,0,0,1,0,0,1,1,1400-7-4,2021-09-26
902,ضصاد8032,اختيارخ وبصادر-1989-1400/08/12,1,18,4500000,269,250,250,-19,-7.06,250,-19,-7.06,250,250,1400-7-4,2021-09-26
903,اگ001254,گام بانك پارسيان0012,1,14,12719000,901000,908500,908500,7500,0.83,908500,7500,0.83,908500,908500,1400-7-4,2021-09-26
904,ضجار7039,اختيارخ وتجارت-1997-1400/07/21,1,4,1200000,319,300,300,-19,-5.96,300,-19,-5.96,300,300,1400-7-4,2021-09-26
905,اراد244,مرابحه عام دولت2-ش.خ ساير0212,1,3000000,2862900000000,1000000,954300,954300,-45700,-4.57,954300,-45700,-4.57,954300,954300,1400-7-4,2021-09-26
906,ضپيك7042,اختيارخ تاپيكو-8070-00/07/18,1,5,25125000,5689,5025,5025,-664,-11.67,5025,-664,-11.67,5025,5025,1400-7-4,2021-09-26
907,ضپاس1013,اختيارخ وپارس-3000-1400/10/22,1,1,201000,591,201,201,-390,-65.99,201,-390,-65.99,201,201,1400-7-4,2021-09-26
908,گواهي ظرفيت,گواهي ظرفيت نقدي,1,2200000,57488200000,24887,26131,26131,1244,5,25016,129,0.52,26131,26131,1400-7-4,2021-09-26
909,فسديد,لوله‌وتجهيزات‌ سديد - ورشكسته,1,551,59354271,108809,107721,107721,-1088,-1,108794,-15,-0.01,107721,107721,1400-7-4,2021-09-26
910,ضپنا1032,اختيارخ رمپنا-15850-1400/10/08,1,4,21200000,1,5300,5300,5299,529900,5300,5299,529900,5300,5300,1400-7-4,2021-09-26
911,تاپيكو2,س. نفت و گاز و پتروشيمي تأمين,1,7400000,99160000000,13670,13400,13400,-270,-1.98,13400,-270,-1.98,13400,13400,1400-7-4,2021-09-26
912,ضفار8053,اختيارخ فارس-11400-1400/08/05,1,20,10000000,800,500,500,-300,-37.5,500,-300,-37.5,500,500,1400-7-4,2021-09-26
913,تملي710,تسهيلات مسكن ب. ملي-دي97,1,7,5317445,799615,759635,759635,-39980,-5,759635,-39980,-5,759635,759635,1400-7-4,2021-09-26
914,ضپنا1030,اختيارخ رمپنا-11850-1400/10/08,1,4,32000000,8100,8000,8000,-100,-1.23,8000,-100,-1.23,8000,8000,1400-7-4,2021-09-26
915,پا ر 18,بار پايه روز 18,1,8500,4930000,650,580,580,-70,-10.77,580,-70,-10.77,580,580,1400-7-4,2021-09-26
916,کم ه 2,کم باري هفته 2,1,3000,1590000,300,530,530,230,76.67,530,230,76.67,530,530,1400-7-4,2021-09-26
917,ضشنا8003,اختيارخ شپنا-8800-1400/08/16,1,10,48000000,4671,4800,4800,129,2.76,4800,129,2.76,4800,4800,1400-7-4,2021-09-26
918,كابگن,توليدي و صنعتي آبگينه‌,1,16000,92224000,5707,5764,5764,57,1,5709,2,0.04,5764,5764,1400-7-4,2021-09-26
919,وشمال,س. چشم انداز توسعه شمال,1,71,5496323,78992,77413,77413,-1579,-2,78990,-2,0,77413,77413,1400-7-4,2021-09-26
920,ضجار7041,اختيارخ وتجارت-2997-1400/07/21,1,1,15000,10,15,15,5,50,15,5,50,15,15,1400-7-4,2021-09-26
921,اراد554,مرابحه عام دولت5-ش.خ 0209,1,5396140,4733601930800,960000,877220,877220,-82780,-8.62,877220,-82780,-8.62,877220,877220,1400-7-4,2021-09-26
922,خعمرا,توسعه و عمران شهرستان نائين,1,1636,6404940,3801,3915,3915,114,3,3801,0,0,3915,3915,1400-7-4,2021-09-26
923,صپا ه 2,بار پايه هفته 2صنعتي,1,8000,4640000,385,580,580,195,50.65,580,195,50.65,580,580,1400-7-4,2021-09-26
924,ضخود1056,اختيارخ خودرو-4000-1400/10/08,1,1,50000,50,50,50,0,0,50,0,0,50,50,1400-7-4,2021-09-26
925,افاد844,منفعت دولت8-ش.خاص ساير0205,1,5000000,5140495000000,950000,1028099,1028099,78099,8.22,1028099,78099,8.22,1028099,1028099,1400-7-4,2021-09-26
926,اخزا8112,اسنادخزانه-م11بودجه98-001013,1,749399,709728814536,945034,947064,947064,2030,0.21,947064,2030,0.21,947064,947064,1400-7-4,2021-09-26
927,اخزا9172,اسنادخزانه-م17بودجه99-010226,1,150000,132000000000,879491,880000,880000,509,0.06,880000,509,0.06,880000,880000,1400-7-4,2021-09-26
928,طخود1052,اختيارف خودرو-2000-1400/10/08,1,2,400000,160,200,200,40,25,200,40,25,200,200,1400-7-4,2021-09-26
929,اراد84,مرابحه عام دولت84-ش.خ030624,1,2000,1960000000,993500,980000,980000,-13500,-1.36,980000,-13500,-1.36,980000,980000,1400-7-4,2021-09-26
930,ضمخا7071,اختيارخ اخابر-23700-1400/07/28,1,100,200000,1,2,2,1,100,2,1,100,2,2,1400-7-4,2021-09-26
931,ضفلا1160,اختيارخ فولاد-7000-1400/11/24,1,30,132000000,4800,4400,4400,-400,-8.33,4400,-400,-8.33,4400,4400,1400-7-4,2021-09-26
932,اراد444,مرابحه عام دولت4-ش.خ 0007,1,2000000,2002586000000,1020000,1001293,1001293,-18707,-1.83,1001293,-18707,-1.83,1001293,1001293,1400-7-4,2021-09-26
933,ضمخا7078,اختيارخ اخابر-7700-1400/07/28,1,7,12250000,1259,1750,1750,491,39,1750,491,39,1750,1750,1400-7-4,2021-09-26
934,افاد614,منفعت دولت6-ش.خاص140109,1,5000000,4901240000000,981500,980248,980248,-1252,-0.13,980248,-1252,-0.13,980248,980248,1400-7-4,2021-09-26
935,وغدير2,سرمايه‌گذاري‌غدير(هلدينگ‌,1,7000000,102200000000,14490,14600,14600,110,0.76,14600,110,0.76,14600,14600,1400-7-4,2021-09-26
936,ضچاد7036,اختيارخ كچاد-29870-1400/07/04,1,1,10000,1,10,10,9,900,10,9,900,10,10,1400-7-4,2021-09-26
937,طفلا1163,اختيارف فولاد-10000-1400/11/24,1,1,100000,1,100,100,99,9900,100,99,9900,100,100,1400-7-4,2021-09-26
938,كمند4,صندوق س. با درآمد ثابت كمند,1,20000000,202220000000,10104,10111,10111,7,0.07,10111,7,0.07,10111,10111,1400-7-4,2021-09-26
939,ضمخا7068,اختيارخ اخابر-15700-1400/07/28,1,1,10000,92,10,10,-82,-89.13,10,-82,-89.13,10,10,1400-7-4,2021-09-26
940,اخزا917,اسنادخزانه-م17بودجه99-010226,1,100,87966000,879491,879660,879660,169,0.02,879660,169,0.02,879660,879660,1400-7-4,2021-09-26
941,شسم,توليد سموم‌ علف‌ كش,1,331,33701758,99822,101818,101818,1996,2,99835,13,0.01,101818,101818,1400-7-4,2021-09-26
942,فايرا2,آلومينيوم‌ايران‌,1,7000000,130970000000,18610,18710,18710,100,0.54,18710,100,0.54,18710,18710,1400-7-4,2021-09-26
943,اخزا8082,اسنادخزانه-م8بودجه98-000817,1,227029,221648412700,975356,976300,976300,944,0.1,976300,944,0.1,976300,976300,1400-7-4,2021-09-26
944,اراد434,مرابحه عام دولت4-ش.خ 0205,1,1568000,1632758400000,924600,1041300,1041300,116700,12.62,1041300,116700,12.62,1041300,1041300,1400-7-4,2021-09-26
945,وخاور2,بانك خاورميانه,1,8034119,46758572580,5850,5820,5820,-30,-0.51,5820,-30,-0.51,5820,5820,1400-7-4,2021-09-26
946,ضمخا7066,اختيارخ اخابر-11700-1400/07/28,1,10,1350000,155,135,135,-20,-12.9,135,-20,-12.9,135,135,1400-7-4,2021-09-26
947,اراد69,مرابحه عام دولت69-ش.خ0310,1,200,186000000,925000,930000,930000,5000,0.54,930000,5000,0.54,930000,930000,1400-7-4,2021-09-26
948,كمند2,صندوق س. با درآمد ثابت كمند,1,118800000,118800000,10104,1,1,-10103,-99.99,1,-10103,-99.99,1,1,1400-7-4,2021-09-26
949,اعتماد4,صندوق س.اعتماد آفرين پارسيان-د,1,35000000,1363705000000,38935,38963,38963,28,0.07,38963,28,0.07,38963,38963,1400-7-4,2021-09-26
950,تملي705,تسهيلات مسكن ب. ملي-مرداد97,1,7,5279288,793877,754184,754184,-39693,-5,754184,-39693,-5,754184,754184,1400-7-4,2021-09-26
951,اخزا9182,اسنادخزانه-م18بودجه99-010323,1,9990000,9090900000000,1000000,910000,910000,-90000,-9,910000,-90000,-9,910000,910000,1400-7-4,2021-09-26
952,اراد74,مرابحه عام دولت74-ش.خ040226,1,1000,1000000000,970000,1000000,1000000,30000,3.09,1000000,30000,3.09,1000000,1000000,1400-7-4,2021-09-26
953,اراد874,مرابحه عام دولت87-ش.خ030304,1,2200000,1923746000000,926800,874430,874430,-52370,-5.65,874430,-52370,-5.65,874430,874430,1400-7-4,2021-09-26
954,کم ه 4,کم باري هفته 4,1,3000,1530000,300,510,510,210,70,510,210,70,510,510,1400-7-4,2021-09-26
955,اراد87,مرابحه عام دولت87-ش.خ030304,1,1000,926800000,926800,926800,926800,0,0,926800,0,0,926800,926800,1400-7-4,2021-09-26
956,پاكشو2,گروه صنعتي پاكشو,1,12244137,69669139530,5630,5690,5690,60,1.07,5690,60,1.07,5690,5690,1400-7-4,2021-09-26
957,تملي701,تسهيلات مسكن ب. ملي-فروردين97,1,7,5265638,791825,752234,752234,-39591,-5,752234,-39591,-5,752234,752234,1400-7-4,2021-09-26
958,افاد744,منفعت دولت7-ش.خاص ساير0204,1,2000000,1936590000000,990000,968295,968295,-21705,-2.19,968295,-21705,-2.19,968295,968295,1400-7-4,2021-09-26
959,اراد324,مرابحه عام دولت3-ش.خ0211,1,1000000,830000000000,1000000,830000,830000,-170000,-17,830000,-170000,-17,830000,830000,1400-7-4,2021-09-26
