,نماد,نام,تعداد,حجم,ارزش,دیروز,اولین,آخرین معامله - مقدار,آخرین معامله - تغییر,آخرین معامله - درصد,قیمت پایانی - مقدار,قیمت پایانی - تغییر,قیمت پایانی - درصد,کمترین,بیشترین,تاریخ,gregorian_date
0,پالايش,صندوق پالايشي يكم-سهام,16868,13934351,960621749710,70140,69850,69030,-1110,-1.58,68940,-1200,-1.71,68290,70050,1400-9-10,2021-12-01
1,دارا يكم,صندوق واسطه گري مالي يكم-سهام,14922,11282019,1275674964880,114800,114850,112180,-2620,-2.28,113070,-1730,-1.51,111700,115950,1400-9-10,2021-12-01
2,شستا,سرمايه گذاري تامين اجتماعي,10034,51277288,559533005810,11190,11020,10930,-260,-2.32,10910,-280,-2.5,10760,11100,1400-9-10,2021-12-01
3,فولاد,فولاد مباركه اصفهان,9695,63712750,641740004640,10100,10080,10130,30,0.3,10070,-30,-0.3,9980,10190,1400-9-10,2021-12-01
4,فجهان,مجتمع جهان فولاد سيرجان,9189,37426780,206302698850,5358,5350,5525,167,3.12,5512,154,2.87,5345,5619,1400-9-10,2021-12-01
5,سپيدار,سپيدار سيستم آسيا,8572,1885139,35447920190,17966,18000,18864,898,5,18804,838,4.66,18000,18864,1400-9-10,2021-12-01
6,وتجارت,بانك تجارت,8093,224989595,424829550816,1857,1900,1905,48,2.58,1888,31,1.67,1840,1947,1400-9-10,2021-12-01
7,پترول,گ.س.وت.ص.پتروشيمي خليج فارس,7331,131556985,329945190623,2623,2580,2505,-118,-4.5,2508,-115,-4.38,2492,2610,1400-9-10,2021-12-01
8,فسبزوار,پارس فولاد سبزوار,6432,11335111,380694938220,33900,33900,34000,100,0.29,33590,-310,-0.91,33270,34030,1400-9-10,2021-12-01
9,خگستر,گسترش‌سرمايه‌گذاري‌ايران‌خودرو,6280,183361321,468943072013,2671,2650,2544,-127,-4.75,2557,-114,-4.27,2538,2660,1400-9-10,2021-12-01
10,شبندر,پالايش نفت بندرعباس,6232,57271043,335612253550,6020,5960,5880,-140,-2.33,5860,-160,-2.66,5770,5990,1400-9-10,2021-12-01
11,وبملت,بانك ملت,6186,135775207,401961908671,2995,3040,2953,-42,-1.4,2960,-35,-1.17,2901,3060,1400-9-10,2021-12-01
12,نوري,پتروشيمي نوري,6186,3670773,396704884170,111240,110940,107980,-3260,-2.93,108070,-3170,-2.85,106600,112100,1400-9-10,2021-12-01
13,كرمان,س. توسعه و عمران استان كرمان,5763,183246259,169900476749,959,952,927,-32,-3.34,927,-32,-3.34,916,955,1400-9-10,2021-12-01
14,شپنا,پالايش نفت اصفهان,5648,45841487,257880127030,5780,5720,5670,-110,-1.9,5630,-150,-2.6,5530,5830,1400-9-10,2021-12-01
15,خبهمن,گروه‌بهمن‌,5565,223661446,444412693915,2072,2033,1991,-81,-3.91,1987,-85,-4.1,1969,2071,1400-9-10,2021-12-01
16,كوير,توليدي فولاد سپيد فراب كوير,5424,9286701,56030795900,6020,6020,6070,50,0.83,6030,10,0.17,5970,6100,1400-9-10,2021-12-01
17,وگردش,بانك گردشگري,5261,104947417,1285413025180,12207,12308,12010,-197,-1.61,12248,41,0.34,11900,12573,1400-9-10,2021-12-01
18,انرژي3,سايراشخاص بورس انرژي,4853,2676304,267364537110,102610,102000,99600,-3010,-2.93,99900,-2710,-2.64,98000,103610,1400-9-10,2021-12-01
19,بركت,گروه دارويي بركت,4821,10705165,220102884650,21520,21150,20450,-1070,-4.97,20560,-960,-4.46,20450,21200,1400-9-10,2021-12-01
20,كاما,باما,4445,37634457,270088662860,7530,7400,7170,-360,-4.78,7180,-350,-4.65,7160,7400,1400-9-10,2021-12-01
21,وبصادر,بانك صادرات ايران,4067,109328898,198660777602,1826,1843,1824,-2,-0.11,1817,-9,-0.49,1757,1880,1400-9-10,2021-12-01
22,كيمياتك,آريان كيميا تك,3960,1420594,35246439940,25010,24520,24550,-460,-1.84,24810,-200,-0.8,24350,25140,1400-9-10,2021-12-01
23,كمند,صندوق س. با درآمد ثابت كمند,3831,146029912,1480818660864,10133,10140,10141,8,0.08,10141,8,0.08,10140,10142,1400-9-10,2021-12-01
24,آريا,پليمر آريا ساسول,3779,1288116,141575528813,112834,112630,110400,-2434,-2.16,109909,-2925,-2.59,108000,112834,1400-9-10,2021-12-01
25,خبنيان,بنيان ديزل,3634,254428,54466860799,209154,203011,215428,6274,3,214076,4922,2.35,203011,215428,1400-9-10,2021-12-01
26,مديريت,س. و خدمات مديريت صند. ب كشوري,3440,5246929,44978520699,8724,8650,8570,-154,-1.77,8572,-152,-1.74,8376,8800,1400-9-10,2021-12-01
27,خنصير,مهندسي‌نصيرماشين‌,3325,13208142,273989812120,19810,20700,20800,990,5,20740,930,4.69,20050,20800,1400-9-10,2021-12-01
28,شفن,پتروشيمي فناوران,3324,16201668,272175048040,16690,16130,17060,370,2.22,16800,110,0.66,16100,17150,1400-9-10,2021-12-01
29,شتران,پالايش نفت تهران,3272,31172487,127388775359,4215,4110,4097,-118,-2.8,4087,-128,-3.04,4030,4250,1400-9-10,2021-12-01
30,كدما,معدني‌ دماوند,3252,2165700,159527626950,77320,76560,73460,-3860,-4.99,73660,-3660,-4.73,73460,76570,1400-9-10,2021-12-01
31,سمگا,گروه سرمايه گذاري ميراث فرهنگي,3147,78174727,1013231523977,13297,13449,12633,-664,-4.99,12961,-336,-2.53,12633,13449,1400-9-10,2021-12-01
32,وليز,ليزينگ‌ايران‌,3125,77853649,183212281201,2568,2312,2312,-256,-9.97,2353,-215,-8.37,2312,2499,1400-9-10,2021-12-01
33,غصينو,صنعتي مينو,2967,10955064,248565303049,21681,22390,22765,1084,5,22690,1009,4.65,22001,22765,1400-9-10,2021-12-01
34,آپ,آسان پرداخت پرشين,2897,19310117,246308383210,12350,11800,12960,610,4.94,12760,410,3.32,11780,12960,1400-9-10,2021-12-01
35,سپيد,سپيد ماكيان,2805,2185308,125072175000,58190,57050,58110,-80,-0.14,57230,-960,-1.65,55500,60440,1400-9-10,2021-12-01
36,شپديس,پتروشيمي پرديس,2788,1769141,300360015590,177710,176900,169880,-7830,-4.41,169780,-7930,-4.46,168830,176900,1400-9-10,2021-12-01
37,فرابورس,فرابورس ايران,2725,8709185,160929174025,19413,18670,18443,-970,-5,18478,-935,-4.82,18443,18710,1400-9-10,2021-12-01
38,كيان,صندوق س. با درآمد ثابت كيان,2689,23577256,750982084928,31819,31853,31860,41,0.13,31852,33,0.1,31849,31860,1400-9-10,2021-12-01
39,ثشاهد,سرمايه‌ گذاري‌ شاهد,2612,16697406,172987152440,10830,10860,10290,-540,-4.99,10360,-470,-4.34,10290,10940,1400-9-10,2021-12-01
40,ذوب,سهامي ذوب آهن  اصفهان,2611,29041896,100592800026,3581,3600,3460,-121,-3.38,3464,-117,-3.27,3410,3617,1400-9-10,2021-12-01
41,امين,تامين سرمايه امين,2572,1576417,19382261580,12270,12300,12290,20,0.16,12280,10,0.08,12280,12310,1400-9-10,2021-12-01
42,بورس,بورس اوراق بهادار تهران,2485,17440145,199985361720,12050,11560,11450,-600,-4.98,11470,-580,-4.81,11450,11800,1400-9-10,2021-12-01
43,وخارزم,سرمايه گذاري خوارزمي,2477,24620260,102994018496,4328,4270,4173,-155,-3.58,4183,-145,-3.35,4136,4400,1400-9-10,2021-12-01
44,دماوند,توليد نيروي برق دماوند,2461,2936824,63410857318,21530,21600,21420,-110,-0.51,21592,62,0.29,21028,21800,1400-9-10,2021-12-01
45,صبا,سرمايه گذاري صبا تامين,2428,55942811,335002209747,6000,6000,6007,7,0.12,5988,-12,-0.2,5920,6011,1400-9-10,2021-12-01
46,سحرخيز,صندوق س. گروه زعفران سحرخيز,2415,4067627,85397795549,20562,21199,20600,38,0.18,20994,432,2.1,20600,21490,1400-9-10,2021-12-01
47,نهال,صندوق س. طلاي سرخ نوويرا,2377,4144636,88967919330,21170,21930,21060,-110,-0.52,21466,296,1.4,20890,21939,1400-9-10,2021-12-01
48,بركتح,ح . گروه دارويي بركت,2370,5309359,88891962040,17880,17490,16600,-1280,-7.16,16740,-1140,-6.38,16420,17990,1400-9-10,2021-12-01
49,تسه0008,امتيازتسهيلات مسكن آبان1400,2362,89177,73612957771,833875,835555,830000,-3875,-0.46,825470,-8405,-1.01,800000,840000,1400-9-10,2021-12-01
50,حسير,ريل سير كوثر,2348,5402459,174093160381,31397,32900,31230,-167,-0.53,32225,828,2.64,30576,32966,1400-9-10,2021-12-01
51,خمحركه,نيرو محركه‌,2280,31135372,116887614491,3671,3680,3731,60,1.63,3754,83,2.26,3510,3864,1400-9-10,2021-12-01
52,بوعلي,پتروشيمي بوعلي سينا,2244,912436,63943792840,71810,71050,70240,-1570,-2.19,70660,-1150,-1.6,69510,71180,1400-9-10,2021-12-01
53,سمايه,بانك سرمايه,2199,19488673,138375904055,7138,7289,7096,-42,-0.59,7100,-38,-0.53,6924,7352,1400-9-10,2021-12-01
54,كالا,بورس كالاي ايران,2194,6592176,165823268540,26440,25210,25120,-1320,-4.99,25150,-1290,-4.88,25120,25820,1400-9-10,2021-12-01
55,وغدير,سرمايه‌گذاري‌غدير(هلدينگ‌,2164,14703324,203541200660,14330,14150,14050,-280,-1.95,13840,-490,-3.42,13650,14400,1400-9-10,2021-12-01
56,امين يكم,صندوق درآمد ثابت امين يكم فردا,2156,59013320,593068544474,10041,10046,10052,11,0.11,10050,9,0.09,10046,10054,1400-9-10,2021-12-01
57,ومدير,گ.مديريت ارزش سرمايه ص ب كشوري,2155,13559902,57102704675,4298,4271,4200,-98,-2.28,4211,-87,-2.02,4162,4298,1400-9-10,2021-12-01
58,شفنح,ح . پتروشيمي فناوران,2149,20014733,238333930180,11830,11680,12020,190,1.61,11910,80,0.68,11570,12130,1400-9-10,2021-12-01
59,ختوقا,قطعات‌ اتومبيل‌ ايران‌,2137,69171130,188631582171,2854,2740,2712,-142,-4.98,2727,-127,-4.45,2712,2800,1400-9-10,2021-12-01
60,شگويا,پتروشيمي تندگويان,2121,7621746,78502304594,10507,10484,10400,-107,-1.02,10342,-165,-1.57,10190,10507,1400-9-10,2021-12-01
61,غزر,صنعتي زر ماكارون,2114,4051974,41230391190,10430,10530,10330,-100,-0.96,10180,-250,-2.4,9910,10530,1400-9-10,2021-12-01
62,وهامون,سرمايه گذاري هامون صبا,2079,9041106,24821090346,2782,2737,2772,-10,-0.36,2745,-37,-1.33,2726,2785,1400-9-10,2021-12-01
63,كزغال,زغال سنگ پروده طبس,2072,2625744,81621887828,32318,31850,31026,-1292,-4,31085,-1233,-3.82,30760,31880,1400-9-10,2021-12-01
64,كماسه,تامين‌ ماسه‌ ريخته‌گري‌,2053,24172158,98060963978,4184,4040,4105,-79,-1.89,4057,-127,-3.04,3975,4200,1400-9-10,2021-12-01
65,خزاميا,زامياد,2043,23336458,173343053420,7790,7510,7410,-380,-4.88,7430,-360,-4.62,7410,7650,1400-9-10,2021-12-01
66,چخزر,صنايع چوب خزر كاسپين,2029,986877,27881395206,28071,27443,28849,778,2.77,28252,181,0.64,27100,29100,1400-9-10,2021-12-01
67,خموتور,موتورسازان‌تراكتورسازي‌ايران‌,2028,18681773,120958613030,6230,6540,6540,310,4.98,6470,240,3.85,6210,6540,1400-9-10,2021-12-01
68,غگل,گلوكوزان‌,2026,27830336,82159348574,3094,3063,2940,-154,-4.98,2952,-142,-4.59,2940,3070,1400-9-10,2021-12-01
69,شصدف,صنعتي دوده فام,2017,6027722,199671562662,34759,34300,33022,-1737,-5,33126,-1633,-4.7,33022,34300,1400-9-10,2021-12-01
70,شاروم,پتروشيمي اروميه,1986,1397997,17664159992,13194,12890,12551,-643,-4.87,12635,-559,-4.24,12540,13069,1400-9-10,2021-12-01
71,فرآور,فرآوري‌موادمعدني‌ايران‌,1957,10495108,337283596340,30660,32190,32190,1530,4.99,32140,1480,4.83,31080,32190,1400-9-10,2021-12-01
72,زاگرس,پتروشيمي زاگرس,1948,927553,224152390797,254246,242360,241610,-12636,-4.97,241660,-12586,-4.95,241534,249790,1400-9-10,2021-12-01
73,فارس,صنايع پتروشيمي خليج فارس,1922,12162687,121186273010,10250,10090,9970,-280,-2.73,9960,-290,-2.83,9830,10240,1400-9-10,2021-12-01
74,ثبهساز,بهساز كاشانه تهران,1913,19712523,29839286522,1561,1530,1510,-51,-3.27,1514,-47,-3.01,1483,1561,1400-9-10,2021-12-01
75,ختور,رادياتور ايران‌,1913,7807403,119135183950,16000,15900,15200,-800,-5,15260,-740,-4.63,15200,15940,1400-9-10,2021-12-01
76,دلقما,دارويي‌ لقمان‌,1878,5931296,145380927180,24410,25630,23450,-960,-3.93,24510,100,0.41,23190,25630,1400-9-10,2021-12-01
77,شپلي,پلي اكريل ايران,1841,23116792,155281083308,6529,6668,6680,151,2.31,6717,188,2.88,6530,6724,1400-9-10,2021-12-01
78,فاذر,صنايع‌ آذرآب‌,1837,84024937,69619039039,868,861,825,-43,-4.95,829,-39,-4.49,825,863,1400-9-10,2021-12-01
79,شلعاب,لعابيران‌,1825,16804881,105302106950,6160,5990,6390,230,3.73,6270,110,1.79,5860,6450,1400-9-10,2021-12-01
80,فخوز,فولاد  خوزستان,1794,9058210,56527945910,6450,6400,6280,-170,-2.64,6350,-100,-1.55,6130,6440,1400-9-10,2021-12-01
81,وملي,گروه‌ صنعتي‌ ملي‌ (هلدينگ‌,1792,808473,111652650640,145050,141530,138000,-7050,-4.86,138100,-6950,-4.79,137800,144390,1400-9-10,2021-12-01
82,قتربت,قند تربت حيدريه,1770,263199,14645033855,54082,55704,55704,1622,3,55642,1560,2.88,54131,55704,1400-9-10,2021-12-01
83,اعتماد,صندوق س.اعتماد آفرين پارسيان-د,1760,22259220,898824181980,40330,40378,40384,54,0.13,40380,50,0.12,40363,40384,1400-9-10,2021-12-01
84,وسپهر,سرمايه گذاري مالي سپهرصادرات,1754,6448146,45525408215,7065,7060,7060,-5,-0.07,7062,-3,-0.04,7060,7089,1400-9-10,2021-12-01
85,غگيلا,شيرپاستوريزه پگاه گيلان,1745,1988614,30550111200,15228,15459,15101,-127,-0.83,15363,135,0.89,14900,15800,1400-9-10,2021-12-01
86,وكبهمن,مديريت سرمايه گذاري كوثربهمن,1738,1180048,11334365739,9828,9620,9738,-90,-0.92,9650,-178,-1.81,9350,9760,1400-9-10,2021-12-01
87,شبصير,توليدات پتروشيمي قائد بصير,1716,2341131,263562372647,107505,111999,112000,4495,4.18,112579,5074,4.72,109490,112880,1400-9-10,2021-12-01
88,هاي وب,داده گسترعصرنوين-هاي وب,1692,10742260,88944808670,8340,8550,8280,-60,-0.72,8280,-60,-0.72,8030,8630,1400-9-10,2021-12-01
89,خودكفا,اقتصادي و خودكفايي آزادگان,1675,9701718,82474896856,8696,8465,8695,-1,-0.01,8501,-195,-2.24,8436,8900,1400-9-10,2021-12-01
90,سدبير,س. تدبيرگران فارس وخوزستان,1674,2486188,141458798090,58765,58400,55827,-2938,-5,56898,-1867,-3.18,55827,60790,1400-9-10,2021-12-01
91,شنفت,نفت‌ پارس‌,1643,24480617,242303844760,9440,9790,9910,470,4.98,9900,460,4.87,9600,9910,1400-9-10,2021-12-01
92,فروي,ذوب روي اصفهان,1632,3431059,66235754620,20240,19851,19230,-1010,-4.99,19305,-935,-4.62,19228,20154,1400-9-10,2021-12-01
93,سيتا,سرمايه گذاري سيمان تامين,1575,2969670,27299066120,9390,9180,9180,-210,-2.24,9260,-130,-1.38,9040,9390,1400-9-10,2021-12-01
94,ولپارس,ليزينگ پارسيان,1557,12006891,41894658213,3644,3481,3462,-182,-4.99,3489,-155,-4.25,3462,3699,1400-9-10,2021-12-01
95,حآسا,آسيا سير ارس,1548,9958799,148724192049,14244,14900,14956,712,5,14934,690,4.84,14285,14956,1400-9-10,2021-12-01
96,بپيوند,برق و انرژي پيوندگستر پارس,1531,739550,7437047270,10353,10205,10058,-295,-2.85,10200,-153,-1.48,9900,10403,1400-9-10,2021-12-01
97,فگستر,گسترش صنايع روي ايرانيان,1503,1803956,16450019929,8989,8767,9220,231,2.57,9119,130,1.45,8700,9400,1400-9-10,2021-12-01
98,اپرداز,آتيه داده پرداز,1497,1774950,50660519103,28701,28988,27810,-891,-3.1,28542,-159,-0.55,27561,29100,1400-9-10,2021-12-01
99,غكورش,صنعت غذايي كورش,1492,981781,45670185000,47540,46700,46500,-1040,-2.19,46700,-840,-1.77,46100,47540,1400-9-10,2021-12-01
100,ولكار,ليزينگ كارآفرين,1492,1807981,7649077404,4192,4080,4171,-21,-0.5,4212,20,0.48,4080,4289,1400-9-10,2021-12-01
101,ثاخت,بين‌المللي‌توسعه‌ساختمان,1480,27616605,48850562503,1847,1831,1770,-77,-4.17,1769,-78,-4.22,1755,1831,1400-9-10,2021-12-01
102,لطيف,محصولات كاغذي لطيف,1473,605931,22531458157,38122,37010,37861,-261,-0.68,37185,-937,-2.46,36301,38140,1400-9-10,2021-12-01
103,رافزا,رايان هم افزا,1465,219777,12463729941,56355,58000,55600,-755,-1.34,56669,314,0.56,55010,58000,1400-9-10,2021-12-01
104,زملارد,كشاورزي و دامپروري ملارد شير,1412,577322,11906548464,21624,20560,20560,-1064,-4.92,20829,-795,-3.68,20545,21200,1400-9-10,2021-12-01
105,حكشتي,كشتيراني جمهوري اسلامي ايران,1397,7497754,98496489230,13470,13360,13290,-180,-1.34,13180,-290,-2.15,12910,13470,1400-9-10,2021-12-01
106,فاراك,ماشين‌ سازي‌ اراك‌,1339,39101805,55937053729,1495,1465,1450,-45,-3.01,1431,-64,-4.28,1421,1493,1400-9-10,2021-12-01
107,وپارس,بانك‌پارسيان‌,1309,41813711,86105679317,2095,2072,2060,-35,-1.67,2068,-27,-1.29,2000,2116,1400-9-10,2021-12-01
108,آبادا,توليد نيروي برق آبادان,1291,1114579,11663252880,11000,10650,10450,-550,-5,10520,-480,-4.36,10450,10700,1400-9-10,2021-12-01
109,بنو,بيمه تجارت نو,1288,6623313,45020452665,6703,6948,6550,-153,-2.28,6797,94,1.4,6510,7029,1400-9-10,2021-12-01
110,غپاك,لبنيات‌ پاك‌,1270,8967580,124176506160,14460,14630,14150,-310,-2.14,13850,-610,-4.22,13740,14630,1400-9-10,2021-12-01
111,ماديرا,صنايع ماديران,1265,9914498,57131263547,6037,6000,5736,-301,-4.99,5762,-275,-4.56,5736,6049,1400-9-10,2021-12-01
112,پارس,پتروشيمي پارس,1260,450558,84336033230,193570,190680,187870,-5700,-2.94,187890,-5680,-2.93,185000,190680,1400-9-10,2021-12-01
113,ومعادن,توسعه‌معادن‌وفلزات‌,1236,22002723,206262673890,9430,9350,9260,-170,-1.8,9370,-60,-0.64,9100,9550,1400-9-10,2021-12-01
114,لپارس,پارس‌ الكتريك‌,1202,987631,97418319930,103770,98590,98590,-5180,-4.99,98640,-5130,-4.94,98590,100090,1400-9-10,2021-12-01
115,سرو,صندوق س سروسودمند مدبران-سهام,1200,845935,57408519390,69010,68960,67920,-1090,-1.58,67860,-1150,-1.67,67410,68960,1400-9-10,2021-12-01
116,بترانس,ايران‌ ترانسفو,1199,23338169,48345148173,2112,2146,2062,-50,-2.37,2072,-40,-1.89,2049,2146,1400-9-10,2021-12-01
117,كاوه,فولاد كاوه جنوب كيش,1191,8901128,130230095580,14660,14960,14660,0,0,14630,-30,-0.2,14300,14960,1400-9-10,2021-12-01
118,وفتخار,سرمايه گذاري افتخار سهام,1187,6545099,13627037870,2132,2170,2069,-63,-2.95,2082,-50,-2.35,2069,2170,1400-9-10,2021-12-01
119,وپسا,س. پتروشيمي ساختمان  خليج فارس,1185,26369084,45587039207,1664,1650,1738,74,4.45,1729,65,3.91,1650,1747,1400-9-10,2021-12-01
120,گدنا,تهيه توزيع غذاي دنا آفرين فدك,1183,1720517,24921972783,15118,14610,14363,-755,-4.99,14485,-633,-4.19,14363,14900,1400-9-10,2021-12-01
121,خمهرح,ح . مهركام‌پارس‌,1182,21079667,18785012984,951,920,880,-71,-7.47,891,-60,-6.31,870,949,1400-9-10,2021-12-01
122,آگاس,صندوق س.هستي بخش آگاه-س,1168,824132,62987452816,77695,77779,76362,-1333,-1.72,76429,-1266,-1.63,75800,77779,1400-9-10,2021-12-01
123,تاصيكو,سرمايه گذاري صدرتامين,1163,6007003,53567630790,8990,9240,8820,-170,-1.89,8950,-40,-0.44,8710,9240,1400-9-10,2021-12-01
124,رانفور,خدمات‌انفورماتيك‌,1160,26021312,95406220159,3841,3772,3649,-192,-5,3666,-175,-4.56,3649,3830,1400-9-10,2021-12-01
125,پيزد,مجتمع صنايع لاستيك يزد,1141,316364,18367461112,55294,58058,58058,2764,5,58058,2764,5,58058,58058,1400-9-10,2021-12-01
126,فتوسا,توليد و توسعه سرب روي ايرانيان,1139,562867,5884329562,10842,10504,10500,-342,-3.15,10677,-165,-1.52,10300,10931,1400-9-10,2021-12-01
127,پارند,صندوق س. پارند پايدار سپهر,1126,41136153,417191861701,10136,10142,10142,6,0.06,10142,6,0.06,10141,10142,1400-9-10,2021-12-01
128,فباهنر,مس‌ شهيدباهنر,1098,2166540,54086099420,24400,24850,24800,400,1.64,24960,560,2.3,24500,25600,1400-9-10,2021-12-01
129,شاراك,پتروشيمي شازند,1096,2082511,88736495940,43120,43000,43000,-120,-0.28,42650,-470,-1.09,42370,43390,1400-9-10,2021-12-01
130,غپينو,پارس‌ مينو,1091,11468974,34850023152,3158,3134,3029,-129,-4.08,3039,-119,-3.77,3002,3200,1400-9-10,2021-12-01
131,فردا,صندوق س آواي فرداي زاگرس-ثابت,1089,51830699,617525671858,11908,11914,11915,7,0.06,11914,6,0.05,11914,11916,1400-9-10,2021-12-01
132,كرازي,كارخانجات‌توليدي‌شيشه‌رازي‌,1074,32656757,37825904678,1198,1190,1162,-36,-3.01,1158,-40,-3.34,1139,1218,1400-9-10,2021-12-01
133,چكاپا,گروه صنايع كاغذ پارس,1072,18276456,53939482696,2987,2999,2952,-35,-1.17,2951,-36,-1.21,2907,3001,1400-9-10,2021-12-01
134,شبريز,پالايش نفت تبريز,1070,2243058,67212469890,30510,30010,30130,-380,-1.25,30100,-410,-1.34,29300,30980,1400-9-10,2021-12-01
135,ثفارس,عمران‌وتوسعه‌فارس‌,1063,9452864,66961781550,7380,7200,7200,-180,-2.44,7080,-300,-4.07,7020,7490,1400-9-10,2021-12-01
136,كفپارس,فرآورده‌هاي‌ نسوز پارس‌,1058,14145604,42360058051,3146,3080,3000,-146,-4.64,2995,-151,-4.8,2989,3091,1400-9-10,2021-12-01
137,حفاري,حفاري شمال,1055,13060353,53482202448,4237,4201,4118,-119,-2.81,4095,-142,-3.35,4050,4240,1400-9-10,2021-12-01
138,فسازان,غلتك سازان سپاهان,1048,2358283,45433454080,19730,19100,19450,-280,-1.42,19270,-460,-2.33,18750,20000,1400-9-10,2021-12-01
139,ثاميد,توسعه و عمران اميد,1047,7839034,10783132975,1389,1380,1380,-9,-0.65,1382,-7,-0.5,1355,1389,1400-9-10,2021-12-01
140,اپال,فرآوري معدني اپال كاني پارس,1040,1936447,42162938990,21810,21810,21620,-190,-0.87,21800,-10,-0.05,21600,22040,1400-9-10,2021-12-01
141,شدوص,دوده‌ صنعتي‌ پارس‌,1037,4401445,57019311980,12740,13000,12750,10,0.08,12950,210,1.65,12220,13370,1400-9-10,2021-12-01
142,خمهر,مهركام‌پارس‌,1036,30497295,60150103270,2060,2070,1999,-61,-2.96,1972,-88,-4.27,1957,2070,1400-9-10,2021-12-01
143,كلر,كلر پارس,1031,530409,55921238906,104155,106800,105700,1545,1.48,105430,1275,1.22,104155,106880,1400-9-10,2021-12-01
144,آسيا,بيمه آسيا,1028,25147306,44802570864,1764,1750,1741,-23,-1.3,1782,18,1.02,1720,1835,1400-9-10,2021-12-01
145,شدوصح,ح . دوده‌ صنعتي‌ پارس‌,1027,4822739,38129273640,8400,8330,7810,-590,-7.02,7910,-490,-5.83,7560,8490,1400-9-10,2021-12-01
146,كچاد,معدني‌وصنعتي‌چادرملو,1026,2689642,72191639010,27030,27470,26680,-350,-1.29,26910,-120,-0.44,26320,27500,1400-9-10,2021-12-01
147,شكلر,نيروكلر,1022,3529039,142409892330,40230,40250,40590,360,0.89,40350,120,0.3,40230,41500,1400-9-10,2021-12-01
148,زنگان,صنعت روي زنگان,1012,682992,49347040760,72791,73280,73800,1009,1.39,72251,-540,-0.74,69800,75000,1400-9-10,2021-12-01
149,شاوان,پالايش نفت لاوان,1008,784408,97661861462,127601,127000,125700,-1901,-1.49,124504,-3097,-2.43,122590,129000,1400-9-10,2021-12-01
150,تاپيكو,س. نفت و گاز و پتروشيمي تأمين,1005,8915158,119326128140,13820,13620,13420,-400,-2.89,13380,-440,-3.18,13190,13630,1400-9-10,2021-12-01
151,قثابت,قند ثابت‌ خراسان‌,995,26812125,48938986885,1910,1860,1815,-95,-4.97,1825,-85,-4.45,1815,1900,1400-9-10,2021-12-01
152,طلا,صندوق س.پشتوانه طلاي لوتوس,991,2105724,189787955428,89163,89486,90398,1235,1.39,90130,967,1.08,89486,90398,1400-9-10,2021-12-01
153,فزرين,زرين معدن آسيا,989,6305560,73041592750,12127,12150,11561,-566,-4.67,11584,-543,-4.48,11521,12200,1400-9-10,2021-12-01
154,غشصفا,شيرپاستوريزه‌پگاه‌اصفهان‌,988,1866963,56610182800,30130,29010,30710,580,1.92,30320,190,0.63,29010,31000,1400-9-10,2021-12-01
155,شغدير,پتروشيمي غدير,972,705304,63753183600,91530,90900,90110,-1420,-1.55,90390,-1140,-1.25,89820,92180,1400-9-10,2021-12-01
156,تسه0007,امتيازتسهيلات مسكن مهر1400,953,43796,36065573119,833852,827000,820000,-13852,-1.66,823490,-10362,-1.24,801555,832000,1400-9-10,2021-12-01
157,وسديد,گروه ‌صنعتي‌سديد,952,16259591,20034726996,1266,1275,1229,-37,-2.92,1232,-34,-2.69,1229,1275,1400-9-10,2021-12-01
158,تسه0006,امتيازتسهيلات مسكن شهريور1400,943,54707,45052481236,831874,825003,823555,-8319,-1,823523,-8351,-1,813333,850000,1400-9-10,2021-12-01
159,كپشير,پشم‌شيشه‌ايران‌,938,3344615,40212106290,12060,12380,12320,260,2.16,12020,-40,-0.33,11460,12550,1400-9-10,2021-12-01
160,وپويا,سرمايه گذاري پويا,932,2326111,8491237185,3710,3740,3689,-21,-0.57,3674,-36,-0.97,3625,3740,1400-9-10,2021-12-01
161,اخابر,مخابرات ايران,928,7895758,56168144940,7420,7310,7130,-290,-3.91,7260,-160,-2.16,7050,7340,1400-9-10,2021-12-01
162,خفنر,فنرسازي‌خاور,927,5205731,38804732910,7780,7590,7400,-380,-4.88,7450,-330,-4.24,7400,7890,1400-9-10,2021-12-01
163,بجهرم,توسعه مولد نيروگاهي جهرم,927,11560874,22713490724,2031,1980,1969,-62,-3.05,1965,-66,-3.25,1947,2031,1400-9-10,2021-12-01
164,غالبر,لبنيات‌ كالبر,926,3800070,48685736680,13010,12530,12980,-30,-0.23,12810,-200,-1.54,12360,13380,1400-9-10,2021-12-01
165,شسپا,نفت سپاهان,917,16986901,56219151600,3378,3360,3350,-28,-0.83,3326,-52,-1.54,3280,3360,1400-9-10,2021-12-01
166,افران,صندوق س افرا نماد پايدار-ثابت,914,14729876,219216838273,14873,14883,14883,10,0.07,14882,9,0.06,14880,14884,1400-9-10,2021-12-01
167,وسكرد,شركت س استان كردستان,897,67343047,28672922924,428,426,428,0,0,426,-2,-0.47,423,431,1400-9-10,2021-12-01
168,پدرخش,درخشان‌ تهران‌,892,2431728,49813306070,19590,20400,20550,960,4.9,20480,890,4.54,19820,20560,1400-9-10,2021-12-01
169,كبافق,معادن‌ بافق‌,883,1113890,31168101230,29250,28100,27900,-1350,-4.62,27980,-1270,-4.34,27790,29500,1400-9-10,2021-12-01
170,خرينگ,رينگ‌سازي‌مشهد,880,1782887,47880194580,28190,28600,26790,-1400,-4.97,26860,-1330,-4.72,26790,28600,1400-9-10,2021-12-01
171,كگل,معدني و صنعتي گل گهر,872,3104565,70969440100,23530,23690,22900,-630,-2.68,23120,-410,-1.74,22400,23690,1400-9-10,2021-12-01
172,غفارس,شير پاستوريزه پگاه فارس,862,7080281,41990690569,5711,5800,5996,285,4.99,5931,220,3.85,5556,5996,1400-9-10,2021-12-01
173,شلرد,كود شيميايي اوره لردگان,860,8379289,98904423366,12166,11802,11802,-364,-2.99,11803,-363,-2.98,11802,11960,1400-9-10,2021-12-01
174,سيمرغ,سيمرغ,855,4696885,105319370790,23450,23200,22400,-1050,-4.48,22420,-1030,-4.39,22280,23670,1400-9-10,2021-12-01
175,غسالم,سالمين‌,848,8522837,23650151268,2903,2800,2760,-143,-4.93,2775,-128,-4.41,2758,2850,1400-9-10,2021-12-01
176,شفارس,صنايع‌ شيميايي‌ فارس‌,847,22266786,24929671730,1128,1155,1100,-28,-2.48,1120,-8,-0.71,1085,1160,1400-9-10,2021-12-01
177,تاپكيش,تجارت الكترونيك پارسيان كيش,846,3779030,60418105471,16665,16900,15832,-833,-5,15988,-677,-4.06,15832,16900,1400-9-10,2021-12-01
178,لكما,كارخانجات‌مخابراتي‌ايران‌,845,16558315,16332141530,1014,990,984,-30,-2.96,986,-28,-2.76,984,1009,1400-9-10,2021-12-01
179,گكوثر,هتل پارسيان كوثر اصفهان,842,18268402,35746818830,1983,1995,1920,-63,-3.18,1957,-26,-1.31,1900,2025,1400-9-10,2021-12-01
180,كفرآور,فرآورده هاي سيمان شرق,841,3988705,80430573929,20623,20050,20492,-131,-0.64,20165,-458,-2.22,20005,20866,1400-9-10,2021-12-01
181,زيتون,صندوق س زيتون نماد پايا- مختلط,830,1315820,12550855905,9660,9680,9550,-110,-1.14,9538,-122,-1.26,9501,9680,1400-9-10,2021-12-01
182,فجر,فولاد اميركبيركاشان,823,1431866,32914831340,23180,23780,23000,-180,-0.78,22990,-190,-0.82,22600,23780,1400-9-10,2021-12-01
183,بپاس,بيمه پاسارگاد,820,5564358,236167009345,42391,43824,42404,13,0.03,42443,52,0.12,42390,43824,1400-9-10,2021-12-01
184,شيران,س. صنايع‌شيميايي‌ايران,815,1902731,38307327400,20750,20200,20130,-620,-2.99,20450,-300,-1.45,20030,20480,1400-9-10,2021-12-01
185,هرمز,فولاد هرمزگان جنوب,804,2247781,35660458922,16421,16260,15920,-501,-3.05,16243,-178,-1.08,15610,16260,1400-9-10,2021-12-01
186,زكوثر,سرمايه گذاري كشاورزي كوثر,803,2544387,37822477180,15520,15350,14800,-720,-4.64,14870,-650,-4.19,14750,15520,1400-9-10,2021-12-01
187,خزر,فنرسازي‌زر,802,3051947,33834032930,11620,11400,11060,-560,-4.82,11090,-530,-4.56,11040,11890,1400-9-10,2021-12-01
188,ونوين,بانك‌اقتصادنوين‌,802,10804481,34899431516,3322,3324,3242,-80,-2.41,3240,-82,-2.47,3165,3380,1400-9-10,2021-12-01
189,خموتورح,ح . موتورسازان‌تراكتورسازي‌,802,7359911,31578467079,4230,4480,4360,130,3.07,4291,61,1.44,3960,4480,1400-9-10,2021-12-01
190,توريل,توكاريل,796,5797851,51724330467,9386,9300,8917,-469,-5,8921,-465,-4.95,8917,9300,1400-9-10,2021-12-01
191,ضجار1022,اختيارخ وتجارت-2000-1400/10/15,794,27098,3558349000,136,138,130,-6,-4.41,131,-5,-3.68,119,153,1400-9-10,2021-12-01
192,فروس,فروسيليس‌ ايران‌,789,8460029,53331190260,6560,6600,6530,-30,-0.46,6300,-260,-3.96,6240,6680,1400-9-10,2021-12-01
193,غويتا,ويتانا,787,6060448,36622465298,6319,6266,6004,-315,-4.98,6043,-276,-4.37,6004,6363,1400-9-10,2021-12-01
194,ملت,بيمه ملت,787,32941557,39421582898,1220,1193,1202,-18,-1.48,1197,-23,-1.89,1172,1229,1400-9-10,2021-12-01
195,خكار,ايركا پارت صنعت,780,12845500,54544830469,4460,4281,4237,-223,-5,4246,-214,-4.8,4237,4370,1400-9-10,2021-12-01
196,جم پيلن,پلي پروپيلن جم - جم پيلن,778,306624,39027795340,129940,129940,127810,-2130,-1.64,128900,-1040,-0.8,124010,132000,1400-9-10,2021-12-01
197,شبهرن,نفت‌ بهران‌,777,3613240,39683527660,11290,11350,11290,0,0,11060,-230,-2.04,10740,11390,1400-9-10,2021-12-01
198,فلوله,لوله‌وماشين‌سازي‌ايران‌,774,29223052,29373543364,1052,1031,1000,-52,-4.94,1005,-47,-4.47,1000,1053,1400-9-10,2021-12-01
199,سنيرح,ح . سيمان‌ سفيدني‌ريز,770,889314,23208070440,28470,26570,25990,-2480,-8.71,26100,-2370,-8.32,25630,28220,1400-9-10,2021-12-01
200,بكام,كارخانجات توليدي شهيد قندي,770,11611724,19643654690,1763,1728,1677,-86,-4.88,1692,-71,-4.03,1676,1760,1400-9-10,2021-12-01
201,حگردش,ريل گردش ايرانيان,767,11048538,44023256180,4064,3944,4090,26,0.64,3985,-79,-1.94,3943,4145,1400-9-10,2021-12-01
202,حريل,ريل پردازسير,764,13474810,36498378065,2813,2839,2710,-103,-3.66,2709,-104,-3.7,2673,2839,1400-9-10,2021-12-01
203,ونيرو,سرمايه‌گذاري‌نيرو,761,13475977,28035845860,2164,2100,2056,-108,-4.99,2080,-84,-3.88,2056,2160,1400-9-10,2021-12-01
204,وپاسار,بانك  پاسارگاد,743,22446856,292851287810,13080,13080,13040,-40,-0.31,13050,-30,-0.23,12910,13100,1400-9-10,2021-12-01
205,كپرور,فرآوري زغال سنگ پروده طبس,721,976795,31658392557,32219,32800,32900,681,2.11,32410,191,0.59,31000,33330,1400-9-10,2021-12-01
206,سبزوا,سيمان لار سبزوار,718,14655137,30940231821,2174,2150,2119,-55,-2.53,2111,-63,-2.9,2098,2228,1400-9-10,2021-12-01
207,وسينا,بانك سينا,707,41384542,103730183877,2622,2622,2491,-131,-5,2506,-116,-4.42,2491,2676,1400-9-10,2021-12-01
208,وسكرشا,س.سهام عدالت استان كرمانشاه,705,52456296,22639421702,437,431,434,-3,-0.69,432,-5,-1.14,427,439,1400-9-10,2021-12-01
209,كيميا,معدني كيمياي زنجان گستران,697,7741795,91435977807,12408,12646,11788,-620,-5,11811,-597,-4.81,11788,12646,1400-9-10,2021-12-01
210,حفارس,حمل و نقل بين المللي خليج فارس,695,12465212,44360355427,3399,3401,3568,169,4.97,3559,160,4.71,3401,3568,1400-9-10,2021-12-01
211,خكمك,كمك‌فنرايندامين‌,694,1903875,48258100910,26520,25380,25200,-1320,-4.98,25350,-1170,-4.41,25200,26090,1400-9-10,2021-12-01
212,وسكرمان,س.سهام عدالت استان كرمان,694,49926125,21469621381,436,430,428,-8,-1.83,432,-4,-0.92,425,437,1400-9-10,2021-12-01
213,ولملتح,ح . واسپاري ملت,692,3212706,7359589247,2513,2280,2290,-223,-8.87,2291,-222,-8.83,2262,2590,1400-9-10,2021-12-01
214,فمراد,آلومراد,691,1529478,23459480150,15600,15760,15520,-80,-0.51,15340,-260,-1.67,15100,15780,1400-9-10,2021-12-01
215,سيستم,همكاران سيستم,688,7477068,38120420343,4882,5126,5062,180,3.69,5098,216,4.42,4940,5126,1400-9-10,2021-12-01
216,كساوه,صنايع‌ كاشي‌ و سراميك‌ سينا,685,3258478,125273910150,40430,39570,38970,-1460,-3.61,38450,-1980,-4.9,38410,39960,1400-9-10,2021-12-01
217,غمينو,شركت صنايع غذايي مينو شرق,675,7277933,33713380057,4650,4550,4718,68,1.46,4632,-18,-0.39,4461,4800,1400-9-10,2021-12-01
218,وتوكا,سرمايه‌گذاري‌توكافولاد(هلدينگ,671,5376042,44163641510,7960,8130,8180,220,2.76,8210,250,3.14,7920,8350,1400-9-10,2021-12-01
219,وبانك,سرمايه گذاري گروه توسعه ملي,667,6299049,50792051370,8170,8230,8120,-50,-0.61,8110,-60,-0.73,8010,8230,1400-9-10,2021-12-01
220,فاسمين,كالسيمين‌,652,2405207,37353207330,15840,16250,15330,-510,-3.22,15530,-310,-1.96,15310,16260,1400-9-10,2021-12-01
221,پتاير,ايران‌ تاير,651,9327067,18634464786,2035,2010,1988,-47,-2.31,1998,-37,-1.82,1952,2060,1400-9-10,2021-12-01
222,وبيمه,سرمايه‌ گذاري‌ صنعت‌ بيمه‌,646,13404721,19146972296,1496,1455,1433,-63,-4.21,1428,-68,-4.55,1422,1480,1400-9-10,2021-12-01
223,اتكام,بيمه اتكايي امين,643,16859027,80554266550,4963,5050,4948,-15,-0.3,4778,-185,-3.73,4715,5130,1400-9-10,2021-12-01
224,وساپا,سرمايه‌گذاري‌ سايپا,641,9903101,45415938370,4810,4680,4570,-240,-4.99,4590,-220,-4.57,4570,4780,1400-9-10,2021-12-01
225,هماي,صندوق س هماي آگاه-ثابت,639,14423411,145126401475,10056,10060,10062,6,0.06,10062,6,0.06,10059,10062,1400-9-10,2021-12-01
226,ثاباد,توريستي ورفاهي آبادگران ايران,631,1167632,55938457850,45870,47000,47980,2110,4.6,47910,2040,4.45,46010,48160,1400-9-10,2021-12-01
227,غدام,خوراك‌  دام‌ پارس‌,626,362713,43173656890,125130,125430,118880,-6250,-4.99,119030,-6100,-4.87,118880,125430,1400-9-10,2021-12-01
228,ريشمك,توليد و صادرات ريشمك,621,993425,31965029865,31203,32640,32600,1397,4.48,32177,974,3.12,31325,32640,1400-9-10,2021-12-01
229,فنوال,نورد آلومينيوم‌,621,1952655,35796772770,19200,18410,18400,-800,-4.17,18330,-870,-4.53,18240,19140,1400-9-10,2021-12-01
230,وايران,ليزينگ ايرانيان,618,6944481,23647867718,3576,3473,3398,-178,-4.98,3405,-171,-4.78,3398,3580,1400-9-10,2021-12-01
231,ونيكي,سرمايه‌گذاري‌ ملي‌ايران‌,617,2575477,24563031910,9900,9700,9700,-200,-2.02,9770,-130,-1.31,9410,9800,1400-9-10,2021-12-01
232,بكامح,ح.كارخانجات توليدي شهيد قندي,616,10011103,7225267682,772,750,717,-55,-7.12,722,-50,-6.48,701,752,1400-9-10,2021-12-01
233,ومهان,گروه توسعه مالي مهر آيندگان,615,5363651,23258841162,4511,4404,4310,-201,-4.46,4433,-78,-1.73,4288,4450,1400-9-10,2021-12-01
234,كرماشا,صنايع پتروشيمي كرمانشاه,615,1306022,68100557700,52760,52000,53000,240,0.45,52190,-570,-1.08,50510,54400,1400-9-10,2021-12-01
235,ودي,بيمه  دي,613,4582251,18838797389,4210,4200,4055,-155,-3.68,4111,-99,-2.35,4000,4300,1400-9-10,2021-12-01
236,لوتوسح,ح . تامين سرمايه لوتوس پارسيان,612,6591943,28191390096,4285,4250,4300,15,0.35,4277,-8,-0.19,4210,4310,1400-9-10,2021-12-01
237,داسوه,داروسازي‌ اسوه‌,610,1032981,26212750660,24340,25550,25120,780,3.2,25380,1040,4.27,24400,25550,1400-9-10,2021-12-01
238,سفارس,سيمان فارس و خوزستان,607,2449176,35700943860,15030,14970,14600,-430,-2.86,14580,-450,-2.99,14420,14970,1400-9-10,2021-12-01
239,وشهر,بانك شهر,606,7471063,34389470337,4562,4645,4570,8,0.18,4603,41,0.9,4500,4698,1400-9-10,2021-12-01
240,رمپنا,گروه مپنا (سهامي عام),605,5592174,84340200690,15450,15050,15000,-450,-2.91,15180,-270,-1.75,14900,15760,1400-9-10,2021-12-01
241,تسه0005,امتيازتسهيلات مسكن مرداد 1400,604,27986,23242378624,834693,820001,876426,41733,5,830500,-4193,-0.5,811622,876426,1400-9-10,2021-12-01
242,سخاش,سيمان‌خاش‌,599,280910,24087267920,89580,87260,85830,-3750,-4.19,85750,-3830,-4.28,85110,88500,1400-9-10,2021-12-01
243,وساغربي,شركت س استان آذربايجان غربي,597,40891336,17299056872,431,425,427,-4,-0.93,426,-5,-1.16,417,434,1400-9-10,2021-12-01
244,غگلستا,شير پاستوريزه پگاه گلستان,591,2602264,29053262015,10674,10970,11207,533,4.99,11165,491,4.6,10750,11207,1400-9-10,2021-12-01
245,سغرب,سيمان‌غرب‌,591,1680964,27072968550,15700,15510,16030,330,2.1,16110,410,2.61,15510,16340,1400-9-10,2021-12-01
246,تسه0004,امتيازتسهيلات مسكن تير1400,582,37997,31327697693,833095,815000,810890,-22205,-2.67,824478,-8617,-1.03,810006,834995,1400-9-10,2021-12-01
247,وپست,پست بانك ايران,581,4508363,90647189670,21020,20800,19970,-1050,-5,20110,-910,-4.33,19970,21290,1400-9-10,2021-12-01
248,لازما,كارخانه هاي صنعتي آزمايش,579,1106931,33261845685,30713,31578,30531,-182,-0.59,30049,-664,-2.16,29792,31634,1400-9-10,2021-12-01
249,كهمدا,شيشه‌ همدان‌,579,3023304,27333521720,9310,9420,9030,-280,-3.01,9040,-270,-2.9,8970,9420,1400-9-10,2021-12-01
250,شجم,صنايع پتروشيمي تخت جمشيد,576,5059595,65260960300,12841,13100,13200,359,2.8,12898,57,0.44,12582,13200,1400-9-10,2021-12-01
251,حتايد,تايدواترخاورميانه,570,5525019,27186403910,4930,4980,4990,60,1.22,4920,-10,-0.2,4840,5020,1400-9-10,2021-12-01
252,كسرا,سراميك‌هاي‌صنعتي‌اردكان‌,569,1894738,28420535720,15290,15120,14800,-490,-3.2,15000,-290,-1.9,14710,15650,1400-9-10,2021-12-01
253,قشرين,قند شيرين خراسان,568,5098494,41324329489,7919,8010,8136,217,2.74,8105,186,2.35,7900,8156,1400-9-10,2021-12-01
254,تليسه,دامداري تليسه نمونه,562,5183946,11392261143,2286,2280,2199,-87,-3.81,2211,-75,-3.28,2175,2280,1400-9-10,2021-12-01
255,فنورد,نوردوقطعات‌ فولادي‌,558,243276,42317072800,178860,183600,172620,-6240,-3.49,173950,-4910,-2.75,169920,183600,1400-9-10,2021-12-01
256,فوكا,فولاد كاويان,550,6391440,99903453842,16103,15640,15885,-218,-1.35,15631,-472,-2.93,15620,15940,1400-9-10,2021-12-01
257,قرن,پديده شيمي قرن,545,634058,14970678870,23590,23990,23360,-230,-0.97,23610,20,0.08,22850,24100,1400-9-10,2021-12-01
258,شرنگي,شيميايي رنگين,542,294061,47995154661,158626,163384,163384,4758,3,163215,4589,2.89,158626,163384,1400-9-10,2021-12-01
259,بشهاب,لامپ‌  پارس‌ شهاب‌,542,195269,28118731250,141910,137660,142100,190,0.13,144000,2090,1.47,137660,148970,1400-9-10,2021-12-01
260,اطلس,صندوق س.توسعه اندوخته آينده-س,539,119888,28806816285,242224,241700,241100,-1124,-0.46,240281,-1943,-0.8,238501,243290,1400-9-10,2021-12-01
261,دزهراوي,داروسازي‌زهراوي‌,538,2391518,11716526940,4850,4960,4830,-20,-0.41,4890,40,0.82,4740,5050,1400-9-10,2021-12-01
262,پسهند,صنايع‌ لاستيكي‌  سهند,536,931980,27171539760,29120,29700,28240,-880,-3.02,29150,30,0.1,27670,30550,1400-9-10,2021-12-01
263,چدن,توليدي چدن سازان,536,3678027,9445538932,2627,2555,2598,-29,-1.1,2586,-41,-1.56,2540,2650,1400-9-10,2021-12-01
264,زقيام,كشت و دام قيام اصفهان,536,10685818,13769337451,1346,1340,1279,-67,-4.98,1289,-57,-4.23,1279,1340,1400-9-10,2021-12-01
265,دكپسول,توليد ژلاتين كپسول ايران,536,464766,13112430803,28978,28978,28689,-289,-1,28229,-749,-2.58,27907,28978,1400-9-10,2021-12-01
266,چكارن,كارتن‌ ايران‌,535,10202222,25881524471,2547,2521,2512,-35,-1.37,2537,-10,-0.39,2470,2600,1400-9-10,2021-12-01
267,نطرين,عطرين نخ قم,534,2713749,20454520801,7829,7902,7438,-391,-4.99,7537,-292,-3.73,7438,8067,1400-9-10,2021-12-01
268,قاسم,قاسم ايران,534,5470295,17673156169,3206,3255,3304,98,3.06,3231,25,0.78,3191,3320,1400-9-10,2021-12-01
269,شفارا,پتروشيمي فارابي,530,3729067,27830802955,7301,7498,7500,199,2.73,7463,162,2.22,7332,7520,1400-9-10,2021-12-01
270,حتوكا,حمل‌ونقل‌توكا,529,2281666,29161653270,12340,12520,12890,550,4.46,12780,440,3.57,12100,12950,1400-9-10,2021-12-01
271,وپخش,داروپخش‌ (هلدينگ‌,529,1901339,67634375540,34010,35300,35710,1700,5,35570,1560,4.59,34390,35710,1400-9-10,2021-12-01
272,غاذر,كشت‌وصنعت‌پياذر,526,1907386,81870196090,41150,43190,43200,2050,4.98,42920,1770,4.3,41700,43200,1400-9-10,2021-12-01
273,حآفرين,ريل پرداز نو آفرين,525,5603491,31520141960,5699,5700,5730,31,0.54,5625,-74,-1.3,5441,5799,1400-9-10,2021-12-01
274,بكاب,صنايع‌جوشكاب‌يزد,525,311141,24294753080,82030,83000,77930,-4100,-5,78080,-3950,-4.82,77930,83000,1400-9-10,2021-12-01
275,وآذر,سرمايه‌گذاري‌توسعه‌آذربايجان‌,521,761174,29667358360,40800,39000,39320,-1480,-3.63,38980,-1820,-4.46,38760,41400,1400-9-10,2021-12-01
276,فايرا,آلومينيوم‌ايران‌,514,1305133,20225709060,16200,15560,15520,-680,-4.2,15960,-240,-1.48,15390,15850,1400-9-10,2021-12-01
277,وثخوز,سرمايه گذاري و توسعه خوزستان,513,803828,25030270283,31508,30298,30498,-1010,-3.21,31139,-369,-1.17,29933,32670,1400-9-10,2021-12-01
278,ثنوسا,نوسازي‌وساختمان‌تهران‌,512,6880727,34892945590,5270,5130,5010,-260,-4.93,5070,-200,-3.8,5010,5320,1400-9-10,2021-12-01
279,ولقمان,سرمايه گذاري لقمان,512,2273340,7128549041,3227,3259,3131,-96,-2.97,3156,-71,-2.2,3131,3270,1400-9-10,2021-12-01
280,پارسان,گسترش نفت و گاز پارسيان,511,1516046,46241401570,30900,29740,30350,-550,-1.78,30740,-160,-0.52,29740,31500,1400-9-10,2021-12-01
281,وتوصا,گروه س توسعه صنعتي ايران,510,3223794,32020462380,10300,10390,9950,-350,-3.4,9930,-370,-3.59,9810,10390,1400-9-10,2021-12-01
282,پكويرح,ح. كوير تاير,508,3582503,12948762591,3659,3610,3710,51,1.39,3614,-45,-1.23,3500,3747,1400-9-10,2021-12-01
283,همراه,شركت ارتباطات سيار ايران,508,3019991,24933355790,8430,8200,8380,-50,-0.59,8390,-40,-0.47,8120,8410,1400-9-10,2021-12-01
284,وكار,بانك‌ كارآفرين‌,506,20454939,62055756211,3091,3090,2988,-103,-3.33,3034,-57,-1.84,2951,3103,1400-9-10,2021-12-01
285,فجام,جام‌دارو,506,3925123,15467997184,3962,3900,3992,30,0.76,3941,-21,-0.53,3790,4100,1400-9-10,2021-12-01
286,غگرجي,بيسكويت‌  گرجي‌,498,5464098,11488101400,2123,2190,2096,-27,-1.27,2106,-17,-0.8,2020,2197,1400-9-10,2021-12-01
287,شپترو,پتروشيمي آبادان,498,7877943,25801317035,3359,3303,3259,-100,-2.98,3275,-84,-2.5,3259,3358,1400-9-10,2021-12-01
288,غچين,كشت‌ و صنعت‌ چين‌ چين,490,1402807,18747273300,12980,13580,13360,380,2.93,13360,380,2.93,13140,13620,1400-9-10,2021-12-01
289,ارفع,شركت آهن و فولاد ارفع,490,1707291,24699985944,14922,14620,14366,-556,-3.73,14760,-162,-1.09,14200,14960,1400-9-10,2021-12-01
290,ساوه,سيمان ساوه,489,144938,6212104262,43974,43122,43000,-974,-2.21,43491,-483,-1.1,42440,43520,1400-9-10,2021-12-01
291,فسپا,گروه‌صنعتي‌سپاهان‌,487,2680545,41646061360,15770,15540,15530,-240,-1.52,15540,-230,-1.46,15360,16000,1400-9-10,2021-12-01
292,دتوزيع,توزيع دارو پخش,481,459314,12759227032,28191,28260,27920,-271,-0.96,27840,-351,-1.25,27061,28390,1400-9-10,2021-12-01
293,سفار,سيمان‌فارس‌,476,276724,16399774410,57490,58100,58740,1250,2.17,59260,1770,3.08,55720,60360,1400-9-10,2021-12-01
294,زكشت,كشاورزي مكانيزه اصفهان كشت,474,2780332,63572987781,24062,22859,22859,-1203,-5,22865,-1197,-4.97,22859,23286,1400-9-10,2021-12-01
295,وگستر,گسترش سرمايه گذاري ايرانيان,473,2505961,14567309807,6034,6120,5733,-301,-4.99,5813,-221,-3.66,5733,6139,1400-9-10,2021-12-01
296,خكاوه,سايپا ديزل,470,6240103,22139804935,3640,3613,3536,-104,-2.86,3548,-92,-2.53,3531,3669,1400-9-10,2021-12-01
297,پلاست,كارخانجات توليدي پلاستيران,470,5352004,46893397170,8507,8762,8762,255,3,8762,255,3,8750,8762,1400-9-10,2021-12-01
298,بكهنوج,توليد برق ماهتاب كهنوج,469,14087740,16174416968,1187,1200,1163,-24,-2.02,1148,-39,-3.29,1131,1200,1400-9-10,2021-12-01
299,نتوس,پشم‌ بافي‌ توس,467,3082155,35221269903,11105,11111,11438,333,3,11427,322,2.9,11111,11438,1400-9-10,2021-12-01
300,حپترو,حمل و نقل پتروشيمي( سهامي عام,466,704758,17147981790,24070,24370,23600,-470,-1.95,24330,260,1.08,23470,25200,1400-9-10,2021-12-01
301,قنيشا,قند  نيشابور,465,748556,30452459710,40060,40980,40200,140,0.35,40680,620,1.55,39860,41450,1400-9-10,2021-12-01
302,ثمسكن,سرمايه‌گذاري‌ مسكن‌,464,9420963,31873630994,3551,3450,3374,-177,-4.98,3383,-168,-4.73,3374,3505,1400-9-10,2021-12-01
303,حبندر,دريايي و کشتيراني خط دريابندر,463,1148469,19622563526,17135,17080,16780,-355,-2.07,17086,-49,-0.29,16662,17630,1400-9-10,2021-12-01
304,لابسا,آبسال‌,458,583619,21007264410,37110,37000,35550,-1560,-4.2,35990,-1120,-3.02,35500,37970,1400-9-10,2021-12-01
305,غشهداب,كشت و صنعت شهداب ناب خراسان,456,7602128,20120267539,2666,2627,2650,-16,-0.6,2647,-19,-0.71,2601,2706,1400-9-10,2021-12-01
306,ثتران,سرمايه گذاري مسكن تهران,454,5883665,20870901426,3724,3696,3538,-186,-4.99,3547,-177,-4.75,3538,3696,1400-9-10,2021-12-01
307,فيروزا,صندوق بادرآمد ثابت فيروزه آسيا,453,16037419,412045085233,25848,25900,25700,-148,-0.57,25693,-155,-0.6,25690,25901,1400-9-10,2021-12-01
308,وسكاب,س.ص.بازنشستگي كاركنان بانكها,446,9050752,27153822889,3093,3041,3000,-93,-3.01,3000,-93,-3.01,2974,3097,1400-9-10,2021-12-01
309,غناب,روغن‌ نباتي‌ ناب,445,404000,40480000000,1000,100000,120000,119000,11900,100198,99198,9919.8,100000,120000,1400-9-10,2021-12-01
310,دانا,بيمه دانا,442,5528539,25058656436,4544,4410,4578,34,0.75,4533,-11,-0.24,4410,4595,1400-9-10,2021-12-01
311,خشرق,الكتريك‌ خودرو شرق‌,441,3131741,41092421120,13750,14000,13370,-380,-2.76,13120,-630,-4.58,13070,14000,1400-9-10,2021-12-01
312,وساخت,سرمايه‌ گذاري‌ ساختمان‌ايران‌,431,794334,31765463410,41760,40700,39700,-2060,-4.93,39990,-1770,-4.24,39680,42260,1400-9-10,2021-12-01
313,پرديسح,ح .  سرمايه گذاري پرديس,430,8142258,10952902016,1393,1400,1330,-63,-4.52,1345,-48,-3.45,1300,1418,1400-9-10,2021-12-01
314,دارو,كارخانجات‌داروپخش‌,429,1271904,39229638490,30360,30000,30890,530,1.75,30840,480,1.58,30000,31780,1400-9-10,2021-12-01
315,وسپه,سرمايه‌گذاري‌ سپه‌,428,2299210,17046091300,7630,7460,7500,-130,-1.7,7530,-100,-1.31,7320,7640,1400-9-10,2021-12-01
316,سرچشمه,سرمايه گذاري مس سرچشمه,428,3733878,19794896349,5532,5400,5256,-276,-4.99,5301,-231,-4.18,5256,5600,1400-9-10,2021-12-01
317,كسعدي,كاشي‌ سعدي‌,426,1937807,15178709420,8210,7870,7830,-380,-4.63,7830,-380,-4.63,7800,8050,1400-9-10,2021-12-01
318,افق,فروشگاههاي زنجيره اي افق كوروش,426,689507,29732533540,43670,42510,42390,-1280,-2.93,43350,-320,-0.73,42200,43660,1400-9-10,2021-12-01
319,دپارس,پارس‌ دارو,424,385067,11557671640,31540,30910,29970,-1570,-4.98,30340,-1200,-3.8,29970,30910,1400-9-10,2021-12-01
320,ضجار1023,اختيارخ وتجارت-2500-1400/10/15,423,16195,378434000,28,32,23,-5,-17.86,23,-5,-17.86,19,32,1400-9-10,2021-12-01
321,سشرق,سيمان‌ شرق‌,422,2385746,14509135650,6170,6020,6170,0,0,6080,-90,-1.46,6000,6280,1400-9-10,2021-12-01
322,كاذر,فرآورده‌هاي‌نسوزآذر,417,1803589,23705149220,13060,13000,13710,650,4.98,13140,80,0.61,12610,13710,1400-9-10,2021-12-01
323,سدور,سيمان‌ دورود,415,4661528,27459965800,6170,6020,5870,-300,-4.86,5890,-280,-4.54,5870,6120,1400-9-10,2021-12-01
324,مرقام,ايران‌ارقام‌,412,1244541,12723891890,10520,10230,10120,-400,-3.8,10240,-280,-2.66,10010,10780,1400-9-10,2021-12-01
325,فكمند,گسترش قطعه سازي كمند,412,526318,19393622679,36179,36306,37170,991,2.74,36848,669,1.85,36306,37260,1400-9-10,2021-12-01
326,فلامي,لاميران‌,407,1950717,39951070180,21350,20340,20290,-1060,-4.96,20480,-870,-4.07,20290,21930,1400-9-10,2021-12-01
327,چكاوه,صنايع‌كاغذسازي‌كاوه‌,406,2669013,22033834320,8650,8310,8220,-430,-4.97,8260,-390,-4.51,8220,8470,1400-9-10,2021-12-01
328,سصفها,سيمان‌اصفهان‌,402,446146,12786894370,29450,29400,28400,-1050,-3.57,28720,-730,-2.48,28100,29400,1400-9-10,2021-12-01
329,دتوليد,داروسازي توليد دارو,402,932926,8225129514,9030,9019,8730,-300,-3.32,8909,-121,-1.34,8661,9080,1400-9-10,2021-12-01
330,خاذين,سايپاآذين‌,401,7004877,21391989801,3200,3137,3040,-160,-5,3054,-146,-4.56,3040,3137,1400-9-10,2021-12-01
331,سپاها,سيمان‌سپاهان‌,400,2601421,17678124430,7100,6850,6770,-330,-4.65,6800,-300,-4.23,6750,7080,1400-9-10,2021-12-01
332,ورنا,سرمايه‌گذاري‌ رنا(هلدينگ‌,399,7484091,23881213179,3344,3348,3177,-167,-4.99,3191,-153,-4.58,3177,3348,1400-9-10,2021-12-01
333,دفرا,فرآورده‌هاي‌ تزريقي‌ ايران‌,395,693163,19225519850,28340,27700,27800,-540,-1.91,27740,-600,-2.12,26930,28700,1400-9-10,2021-12-01
334,پكوير,كوير تاير,394,2298701,13449615610,5830,5600,5840,10,0.17,5850,20,0.34,5560,6000,1400-9-10,2021-12-01
335,ياقوت,صندوق س ياقوت آگاه-ثابت,394,2848321,39054642026,13704,13707,13713,9,0.07,13711,7,0.05,13705,13714,1400-9-10,2021-12-01
336,كترام,توليدي‌ كاشي‌ تكسرام‌,392,1756953,34644379210,18830,18020,19770,940,4.99,19720,890,4.73,18020,19770,1400-9-10,2021-12-01
337,مدير,ص.س.مديريت ثروت ص.بازنشستگي-س,391,1390039,13073697288,9592,9592,9421,-171,-1.78,9405,-187,-1.95,9300,9592,1400-9-10,2021-12-01
338,رنيك,جنرال مكانيك,389,1821671,20167282579,11598,11275,11019,-579,-4.99,11071,-527,-4.54,11019,11696,1400-9-10,2021-12-01
339,غديس,پاكديس,388,1182122,12069295440,10644,10262,10144,-500,-4.7,10257,-387,-3.64,10112,10598,1400-9-10,2021-12-01
340,خپويش,سازه‌ پويش‌,386,172122,12558192070,71840,74990,73290,1450,2.02,72880,1040,1.45,70000,74990,1400-9-10,2021-12-01
341,زشريف,كشت وصنعت شريف آباد,386,7819420,28251861195,3784,3800,3595,-189,-4.99,3613,-171,-4.52,3595,3885,1400-9-10,2021-12-01
342,سكه0012پ01,تمام سكه طرح جديد0012رفاه,384,135400,171613754500,1259845,1263800,1270000,10155,0.81,1267458,7613,0.6,1263011,1273000,1400-9-10,2021-12-01
343,كلوند,كاشي‌ الوند,380,948333,19892648760,21530,21350,20580,-950,-4.41,20980,-550,-2.55,20580,21380,1400-9-10,2021-12-01
344,وبرق,س.کارکنان صنعت برق زنجان وقزوي,378,416152,59488512248,147370,142949,142949,-4421,-3,142949,-4421,-3,142949,142949,1400-9-10,2021-12-01
345,ثالوند,سرمايه گذاري مسكن الوند,377,1769914,14061558952,8330,8339,7914,-416,-4.99,7945,-385,-4.62,7914,8339,1400-9-10,2021-12-01
346,تپمپي,پمپ‌ سازي‌ ايران‌,375,1835693,31946564700,18160,17600,17260,-900,-4.96,17400,-760,-4.19,17260,18210,1400-9-10,2021-12-01
347,ستران,سيمان‌ تهران‌,373,624440,12199798200,19570,19130,19870,300,1.53,19540,-30,-0.15,19130,20060,1400-9-10,2021-12-01
348,بالبر,كابل‌ البرز,373,880436,18644964470,22080,21200,20980,-1100,-4.98,21180,-900,-4.08,20980,22000,1400-9-10,2021-12-01
349,دبالك,مواد اوليه دارويي البرز بالك,370,1497685,11238802717,7726,7850,7400,-326,-4.22,7539,-187,-2.42,7351,7850,1400-9-10,2021-12-01
350,افرا,افرانت,368,396169,5999486911,15804,16020,15259,-545,-3.45,15527,-277,-1.75,15014,16020,1400-9-10,2021-12-01
351,ويسا,سرمايه گذاري ايساتيس پويا,365,6231964,51010611785,8436,8185,8183,-253,-3,8185,-251,-2.98,8183,8400,1400-9-10,2021-12-01
352,شرانل,نفت ايرانول,365,547222,24935549816,46047,45940,45675,-372,-0.81,45719,-328,-0.71,44983,46000,1400-9-10,2021-12-01
353,سنير,سيمان‌ سفيد ني‌ريز,363,445576,15488998120,36440,35000,34620,-1820,-4.99,34760,-1680,-4.61,34620,36330,1400-9-10,2021-12-01
354,تكمبا,كمباين‌ سازي‌ ايران‌,362,2595713,10278641086,4116,4090,3948,-168,-4.08,4001,-115,-2.79,3911,4100,1400-9-10,2021-12-01
355,دكوثر,داروسازي‌ كوثر,360,6251279,17995838316,3022,3075,2871,-151,-5,2879,-143,-4.73,2871,3075,1400-9-10,2021-12-01
356,اتكاي,بيمه اتكايي ايرانيان,359,3391797,36681883488,10827,10605,10840,13,0.12,10815,-12,-0.11,10605,11149,1400-9-10,2021-12-01
357,آريان,سرمايه گذاري پارس آريان,358,5330512,83099833931,15584,15430,15601,17,0.11,15589,5,0.03,15212,15977,1400-9-10,2021-12-01
358,ونفت,سرمايه‌گذاري‌ صنعت‌ نفت‌,357,1041296,14883086370,14040,13900,14200,160,1.14,14290,250,1.78,13850,14500,1400-9-10,2021-12-01
359,تنوين,تامين سرمايه نوين,356,3044788,15693587740,5140,5250,5200,60,1.17,5150,10,0.19,4960,5250,1400-9-10,2021-12-01
360,پلاستح,ح.كارخانجات توليدي پلاستيران,355,3353393,18410687507,5582,5540,5415,-167,-2.99,5490,-92,-1.65,5415,5749,1400-9-10,2021-12-01
361,سباقر,سيمان باقران,354,1317426,17405031902,13259,12900,12900,-359,-2.71,13211,-48,-0.36,12862,13600,1400-9-10,2021-12-01
362,زبينا,كشاورزي و دامپروري بينالود,353,6665257,13620189377,2136,2088,2031,-105,-4.92,2045,-91,-4.26,2030,2150,1400-9-10,2021-12-01
363,وسين,بيمه سينا,349,6177576,23552799280,3788,3850,3819,31,0.82,3813,25,0.66,3711,3874,1400-9-10,2021-12-01
364,خلنت,لنت‌ ترمزايران‌,348,263754,18125920830,72220,71550,68610,-3610,-5,68720,-3500,-4.85,68610,71550,1400-9-10,2021-12-01
365,ارزش,صندوق س ارزش آفرين بيدار-سهام,347,1884094,17799932100,9580,9590,9430,-150,-1.57,9450,-130,-1.36,9400,9590,1400-9-10,2021-12-01
366,ديران,ايران‌دارو,347,4168750,90170062500,20600,21630,21630,1030,5,21630,1030,5,21630,21630,1400-9-10,2021-12-01
367,نوين,بيمه نوين,344,3071080,11083522307,3672,3680,3650,-22,-0.6,3621,-51,-1.39,3531,3740,1400-9-10,2021-12-01
368,آكورد,صندوق س. آرمان آتي كوثر-د,344,8957062,317910721769,35475,35499,35493,18,0.05,35493,18,0.05,35483,35500,1400-9-10,2021-12-01
369,كنور,توسعه معدني و صنعتي صبانور,342,1491195,27014698610,18450,18300,18010,-440,-2.38,18350,-100,-0.54,17800,18390,1400-9-10,2021-12-01
370,نيرو,نيرو سرمايه,339,861623,29083566102,34206,34000,33710,-496,-1.45,33754,-452,-1.32,33180,35230,1400-9-10,2021-12-01
371,پاكشو,گروه صنعتي پاكشو,339,7121332,42832048340,6030,6020,6010,-20,-0.33,6020,-10,-0.17,6010,6030,1400-9-10,2021-12-01
372,واحيا,م .صنايع و معادن احياء سپاهان,334,394817,51485348162,134302,134302,130273,-4029,-3,130454,-3848,-2.87,130273,136450,1400-9-10,2021-12-01
373,فاهواز,نورد و لوله اهواز,332,2884520,17596625511,6009,5902,6125,116,1.93,6100,91,1.51,5902,6128,1400-9-10,2021-12-01
374,خراسان,پتروشيمي خراسان,330,127772,14262383630,114000,114010,112930,-1070,-0.94,113580,-420,-0.37,109610,115000,1400-9-10,2021-12-01
375,ساربيل,سيمان آرتا اردبيل,329,939330,22776785090,25500,24980,24230,-1270,-4.98,24250,-1250,-4.9,24230,24980,1400-9-10,2021-12-01
376,درهآور,دارويي ره آورد تامين,329,600068,13648404789,23627,23450,22604,-1023,-4.33,22836,-791,-3.35,22446,23900,1400-9-10,2021-12-01
377,شيراز,پتروشيمي‌شيراز,328,265927,20799405320,79330,77100,79000,-330,-0.42,79080,-250,-0.32,75600,79150,1400-9-10,2021-12-01
378,ميهن,بيمه ميهن,327,4555628,10213386685,2333,2290,2250,-83,-3.56,2260,-73,-3.13,2219,2290,1400-9-10,2021-12-01
379,ولصنم,ليزينگ‌صنعت‌ومعدن‌,326,2844694,10982227553,4059,4040,3857,-202,-4.98,3891,-168,-4.14,3857,4040,1400-9-10,2021-12-01
380,ثباغ,شهر سازي و خانه سازي باغميشه,325,1291944,10820392300,8367,8070,8300,-67,-0.8,8373,6,0.07,8070,8720,1400-9-10,2021-12-01
381,كوثر,بيمه كوثر,323,2870155,11608427086,4132,4130,4118,-14,-0.34,4095,-37,-0.9,3993,4130,1400-9-10,2021-12-01
382,تكنو,تكنوتار,321,1079895,8909653850,8490,8200,8080,-410,-4.83,8340,-150,-1.77,8080,8830,1400-9-10,2021-12-01
383,كهربا,صندوق س.پشتوانه سكه طلا كهربا,321,22032165,240197198955,10901,10910,10983,82,0.75,10902,1,0.01,10902,10996,1400-9-10,2021-12-01
384,پكرمان,گروه‌ صنعتي‌ بارز,319,903109,18631555720,20660,21350,20220,-440,-2.13,20630,-30,-0.15,19880,21360,1400-9-10,2021-12-01
385,كروي,توسعه‌ معادن‌ روي‌ ايران‌,318,758722,17145750750,22860,22550,22420,-440,-1.92,22650,-210,-0.92,21750,23350,1400-9-10,2021-12-01
386,تسه0003,امتيازتسهيلات مسكن خرداد1400,318,4965,4093401358,832798,810000,830000,-2798,-0.34,824451,-8347,-1,795000,850000,1400-9-10,2021-12-01
387,تبرك,گروه كارخانجات صنعتي تبرك,317,1439418,11771435435,8355,8485,8360,5,0.06,8211,-144,-1.72,8020,8485,1400-9-10,2021-12-01
388,البرز,بيمه البرز,313,3900282,7652535645,1991,1956,1996,5,0.25,1981,-10,-0.5,1950,2000,1400-9-10,2021-12-01
389,اميد,تامين سرمايه اميد,312,3280964,24567238240,7470,7670,7470,0,0,7490,20,0.27,7470,7670,1400-9-10,2021-12-01
390,عيار,صندوق سكه طلاي مفيد,312,758901,24432406854,31971,32720,32200,229,0.72,32194,223,0.7,31910,32729,1400-9-10,2021-12-01
391,تسه9908,امتياز تسهيلات مسكن آبان99,311,8880,7323508165,828302,830000,810000,-18302,-2.21,824719,-3583,-0.43,810000,834980,1400-9-10,2021-12-01
392,ثرود,سرمايه‌گذاري مسكن زاينده رود,310,1475272,9381599827,6640,6690,6308,-332,-5,6442,-198,-2.98,6308,6690,1400-9-10,2021-12-01
393,غشان,شيرپاستوريزه‌پگاه‌خراسان‌,309,3396877,15350837375,4738,4622,4502,-236,-4.98,4519,-219,-4.62,4502,4700,1400-9-10,2021-12-01
394,دروز,داروسازي‌ روزدارو,308,827657,20939331730,25860,26700,24570,-1290,-4.99,25300,-560,-2.17,24570,26940,1400-9-10,2021-12-01
395,داوه,داروسازي آوه سينا,308,825247,8596271603,10337,10150,10170,-167,-1.62,10385,48,0.46,10150,10639,1400-9-10,2021-12-01
396,گشان,توسعه بين المللي پديده شانديز,306,924182,21155438679,23584,22877,22877,-707,-3,22891,-693,-2.94,22877,23000,1400-9-10,2021-12-01
397,غبهنوش,بهنوش‌ ايران‌,305,817739,58484693280,68120,71520,71520,3400,4.99,71520,3400,4.99,71520,71520,1400-9-10,2021-12-01
398,وآوا,سرمايه گذاري آوا نوين,305,2752279,7430137081,2788,2715,2700,-88,-3.16,2739,-49,-1.76,2650,2780,1400-9-10,2021-12-01
399,كطبس,ذغال‌سنگ‌ نگين‌ ط‌بس‌,303,516547,25438488270,51410,49520,48840,-2570,-5,49250,-2160,-4.2,48840,51330,1400-9-10,2021-12-01
400,مفاخر,توسعه فناوري اطلاعات خوارزمي,302,461876,12619246704,28673,27400,27750,-923,-3.22,27393,-1280,-4.46,27240,28599,1400-9-10,2021-12-01
401,تسه0002,امتيازتسهيلاتمسكن ارديبهشت1400,301,5015,4145120169,831071,830000,825000,-6071,-0.73,826544,-4527,-0.54,816333,850000,1400-9-10,2021-12-01
402,پلاسك,پلاسكوكار,300,2442257,10464508737,4490,4311,4266,-224,-4.99,4334,-156,-3.47,4266,4478,1400-9-10,2021-12-01
403,وتوس,توسعه‌شهري‌توس‌گستر,298,1152531,11151830420,10000,9710,9600,-400,-4,9740,-260,-2.6,9500,9950,1400-9-10,2021-12-01
404,كسرام,پارس‌ سرام‌,298,4281980,18253158649,4484,4280,4260,-224,-5,4263,-221,-4.93,4260,4440,1400-9-10,2021-12-01
405,دعبيد,لابراتوارداروسازي‌  دكترعبيدي‌,297,757233,14165220930,19040,18120,19250,210,1.1,18900,-140,-0.74,18120,19440,1400-9-10,2021-12-01
406,فپنتا,سپنتا,297,22573,9888739210,441500,430010,441500,0,0,439200,-2300,-0.52,430000,449930,1400-9-10,2021-12-01
407,دجابر,داروسازي‌ جابرابن‌حيان‌,295,956881,12679633010,13110,13240,13100,-10,-0.08,13230,120,0.92,12820,13670,1400-9-10,2021-12-01
408,ميدكو,توسعه معادن وص.معدني خاورميانه,293,3574059,163734863650,45840,45840,45800,-40,-0.09,45810,-30,-0.07,45800,45850,1400-9-10,2021-12-01
409,بزاگرس,نيروگاه زاگرس كوثر,293,2565305,8815746061,3588,3470,3460,-128,-3.57,3489,-99,-2.76,3409,3619,1400-9-10,2021-12-01
410,ولغدر,ليزينگ‌خودروغدير,293,1529139,14610972340,10020,9580,9520,-500,-4.99,9560,-460,-4.59,9520,9960,1400-9-10,2021-12-01
411,خاهن,آهنگري‌ تراكتورسازي‌ ايران‌,292,6373173,32944580110,5180,5190,5170,-10,-0.19,5170,-10,-0.19,5150,5200,1400-9-10,2021-12-01
412,وملل,اعتباري ملل,291,1522965,13113250719,8949,8900,8523,-426,-4.76,8820,-129,-1.44,8522,8990,1400-9-10,2021-12-01
413,قشكر,شكرشاهرود,291,4878767,12159531577,2578,2500,2450,-128,-4.97,2501,-77,-2.99,2450,2657,1400-9-10,2021-12-01
414,كتوكا,توليدي و خدمات صنايع نسوز توكا,291,1150667,12316981120,11261,10800,10698,-563,-5,10704,-557,-4.95,10698,10810,1400-9-10,2021-12-01
415,لخزر,پارس‌ خزر,290,126093,16872681070,140640,139000,133610,-7030,-5,133810,-6830,-4.86,133610,139000,1400-9-10,2021-12-01
416,زر,صندوق س.پشتوانه سكه طلاي زر,290,1012257,56031302086,54923,54710,55470,547,1,55353,430,0.78,54710,55690,1400-9-10,2021-12-01
417,دسانكو,داروسازي سبحان انكولوژي,288,2161032,30194187710,14698,14928,13964,-734,-4.99,13972,-726,-4.94,13964,14928,1400-9-10,2021-12-01
418,وصنا,گروه‌صنايع‌بهشهرايران‌,288,1458106,8113494790,5700,5780,5550,-150,-2.63,5620,-80,-1.4,5460,5780,1400-9-10,2021-12-01
419,كشرق,صنعتي و معدني شمال شرق شاهرود,287,387570,26804185202,72764,70500,69126,-3638,-5,69160,-3604,-4.95,69126,70500,1400-9-10,2021-12-01
420,تسه0001,امتيازتسهيلات مسكن فروردين1400,287,4240,3517224841,832108,820001,825000,-7108,-0.85,829534,-2574,-0.31,811250,873713,1400-9-10,2021-12-01
421,سبهان,سيمان‌ بهبهان‌,286,122847,5977692880,48880,49970,47940,-940,-1.92,48790,-90,-0.18,47060,50000,1400-9-10,2021-12-01
422,ثامان,سامان‌ گستراصفهان‌,286,803048,7760365870,9540,10010,9300,-240,-2.52,9600,60,0.63,9180,10010,1400-9-10,2021-12-01
423,شكام,صنايع شيميايي كيمياگران امروز,282,1079501,34215018413,33126,33126,31470,-1656,-5,31695,-1431,-4.32,31470,33126,1400-9-10,2021-12-01
424,كگاز,شيشه‌ و گاز,281,609161,9029903220,15210,15420,15140,-70,-0.46,14940,-270,-1.78,14500,15430,1400-9-10,2021-12-01
425,تيپيكو,سرمايه گذاري دارويي تامين,281,1481384,31148424390,21870,21300,21010,-860,-3.93,21590,-280,-1.28,20910,21680,1400-9-10,2021-12-01
426,زعف0008پ10,زعفران0008نگين طلاي سرخ(پ),281,78536,22191331248,286891,292898,276280,-10611,-3.7,282563,-4328,-1.51,276280,292898,1400-9-10,2021-12-01
427,فولاژ,فولاد آلياژي ايران,279,2153353,34680091170,16040,15820,16270,230,1.43,16070,30,0.19,15750,16280,1400-9-10,2021-12-01
428,كحافظ,كاشي‌ وسراميك‌ حافظ‌,278,2355099,8602184889,3672,3555,3696,24,0.65,3661,-11,-0.3,3552,3710,1400-9-10,2021-12-01
429,وهنر,گروه توسعه هنر ايران,278,4046419,11526037572,2930,2940,2843,-87,-2.97,2848,-82,-2.8,2843,2940,1400-9-10,2021-12-01
430,خچرخش,چرخشگر,277,2231341,18954927460,8920,8700,8480,-440,-4.93,8490,-430,-4.82,8480,8900,1400-9-10,2021-12-01
431,شراز,پالايش نفت شيراز,272,173497,19444715942,114402,114790,113500,-902,-0.79,113420,-982,-0.86,110361,114790,1400-9-10,2021-12-01
432,دتماد,توليدمواداوليه‌داروپخش‌,271,325618,13896084020,42590,43030,42840,250,0.59,42680,90,0.21,42050,43030,1400-9-10,2021-12-01
433,نمرينو,ايران‌ مرينوس‌,271,110168,8964536340,80780,80100,81990,1210,1.5,81120,340,0.42,77500,83700,1400-9-10,2021-12-01
434,تايرا,تراكتورسازي‌ايران‌,271,1137239,24985508010,22990,22310,21850,-1140,-4.96,22080,-910,-3.96,21850,23000,1400-9-10,2021-12-01
435,وخاور,بانك خاورميانه,271,1898627,9597109910,5170,5080,5130,-40,-0.77,5150,-20,-0.39,4960,5200,1400-9-10,2021-12-01
436,زشگزا,شير و گوشت زاگرس شهركرد,270,3454415,17217983886,5164,5200,4926,-238,-4.61,4984,-180,-3.49,4906,5220,1400-9-10,2021-12-01
437,زدشت,كشت و صنعت دشت خرم دره,269,1506719,19743078259,13665,14147,12982,-683,-5,13103,-562,-4.11,12982,14147,1400-9-10,2021-12-01
438,فاما,صنعتي‌ آما,269,1063738,21773175350,20260,20240,20500,240,1.18,20470,210,1.04,20000,21200,1400-9-10,2021-12-01
439,غشاذر,پگاه‌آذربايجان‌غربي‌,269,1844589,9950012210,5610,5500,5540,-70,-1.25,5460,-150,-2.67,5330,5590,1400-9-10,2021-12-01
440,دسبحا,گروه دارويي سبحان,268,640767,12090417570,18520,17870,19420,900,4.86,18690,170,0.92,17600,19440,1400-9-10,2021-12-01
441,وصندوق,سرمايه‌گذاري‌صندوق‌بازنشستگي‌,267,1914603,24024889320,12830,12630,12890,60,0.47,12750,-80,-0.62,12270,12970,1400-9-10,2021-12-01
442,كگهر,سنگ آهن گهرزمين,263,616939,27436628958,46541,45380,44440,-2101,-4.51,46041,-500,-1.07,44214,46498,1400-9-10,2021-12-01
443,تسه9912,امتياز تسهيلات مسكن اسفند99,263,5138,4232613489,830596,821111,825000,-5596,-0.67,823786,-6810,-0.82,800000,840000,1400-9-10,2021-12-01
444,ومعلم,بيمه معلم,261,3166874,6801183960,2239,2167,2164,-75,-3.35,2194,-45,-2.01,2128,2219,1400-9-10,2021-12-01
445,وتعاون,بيمه  تعاون,261,4686171,8037635395,1703,1655,1732,29,1.7,1713,10,0.59,1652,1754,1400-9-10,2021-12-01
446,دحاوي,الحاوي,260,2116684,9895378468,4616,4740,4754,138,2.99,4673,57,1.23,4510,4754,1400-9-10,2021-12-01
447,پاسا,ايران‌ياساتايرورابر,257,619526,8405143790,13760,13520,13500,-260,-1.89,13640,-120,-0.87,13280,13900,1400-9-10,2021-12-01
448,وسگيلا,شركت س استان گيلان,257,17980981,7705130894,437,425,430,-7,-1.6,434,-3,-0.69,425,434,1400-9-10,2021-12-01
449,ثپرديس,سرمايه گذاري مسكن پرديس,255,2113095,9104162102,4462,4476,4239,-223,-5,4366,-96,-2.15,4239,4476,1400-9-10,2021-12-01
450,شخارك,پتروشيمي‌ خارك‌,254,279945,14210519550,51310,51400,50490,-820,-1.6,51230,-80,-0.16,50300,51400,1400-9-10,2021-12-01
451,كفرا,فراورده‌ هاي‌ نسوزايران‌,254,448920,7655875100,17180,17390,16910,-270,-1.57,17110,-70,-0.41,16500,17400,1400-9-10,2021-12-01
452,تكشا,گسترش‌صنايع‌وخدمات‌كشاورزي‌,253,335313,11702791960,36190,36120,35400,-790,-2.18,35080,-1110,-3.07,34390,36120,1400-9-10,2021-12-01
453,تسه9810,امتياز تسهيلات مسكن دي98,249,10418,8532091554,828306,802230,815000,-13306,-1.61,818976,-9330,-1.13,802230,826588,1400-9-10,2021-12-01
454,قصفها,قنداصفهان‌,247,135199,11011071270,82170,82500,80980,-1190,-1.45,81610,-560,-0.68,80980,83000,1400-9-10,2021-12-01
455,گوهر,صندوق سكه طلاي كيان,247,313719,19893623584,63386,63000,63113,-273,-0.43,63412,26,0.04,63000,64000,1400-9-10,2021-12-01
456,وبوعلي,سرمايه‌گذاري‌بوعلي‌,244,1736850,6560286578,3813,3869,3800,-13,-0.34,3797,-16,-0.42,3720,3869,1400-9-10,2021-12-01
457,كارين,صندوق س نگين سامان-ثابت,243,7133285,71742827305,10051,10057,10059,8,0.08,10057,6,0.06,10056,10059,1400-9-10,2021-12-01
458,ساروم,سيمان‌اروميه‌,241,960078,37373716180,39010,39420,39130,120,0.31,38930,-80,-0.21,38510,39420,1400-9-10,2021-12-01
459,غشوكو,شوكو پارس,241,1182357,8903710832,7399,7370,7620,221,2.99,7525,126,1.7,7210,7620,1400-9-10,2021-12-01
460,شپارس,بين‌ المللي‌ محصولات‌  پارس‌,237,1185482,8304718570,7250,7440,7000,-250,-3.45,7100,-150,-2.07,6910,7440,1400-9-10,2021-12-01
461,ثعمرا,عمران و توسعه شاهد,234,1095451,7451619317,6830,7120,6701,-129,-1.89,6815,-15,-0.22,6607,7120,1400-9-10,2021-12-01
462,بهپاك,صنعتي بهپاك,234,2511729,13008162440,5249,5376,5300,51,0.97,5182,-67,-1.28,5070,5378,1400-9-10,2021-12-01
463,توسن,توسعه سامانه ي نرم افزاري نگين,233,1813415,38302951630,22233,21122,21122,-1111,-5,21122,-1111,-5,21122,21122,1400-9-10,2021-12-01
464,اعتلا,شركت سرمايه گذاري اعتلاء البرز,230,2553108,9054913721,3721,3600,3577,-144,-3.87,3602,-119,-3.2,3535,3700,1400-9-10,2021-12-01
465,فافق,صنايع مس افق كرمان,229,2132175,7305629271,3467,3502,3469,2,0.06,3435,-32,-0.92,3365,3538,1400-9-10,2021-12-01
466,تسه9909,امتياز تسهيلات مسكن آذر99,228,3835,3176054094,828434,811099,828434,0,0,828176,-258,-0.03,800015,869855,1400-9-10,2021-12-01
467,كامياب,صندوق س. كامياب آشنا-د,228,2027366,22254868081,10970,10977,10978,8,0.07,10977,7,0.06,10976,10978,1400-9-10,2021-12-01
468,خعمرا,توسعه و عمران شهرستان نائين,227,2541135,10487264145,3931,4127,4127,196,4.99,4125,194,4.94,4127,4127,1400-9-10,2021-12-01
469,دسبحان,سبحان دارو,227,444378,6400704410,15120,14860,14640,-480,-3.17,14790,-330,-2.18,14370,15000,1400-9-10,2021-12-01
470,خريخت,صنايع‌ريخته‌گري‌ايران‌,226,1768144,5777894516,3420,3333,3307,-113,-3.3,3356,-64,-1.87,3249,3336,1400-9-10,2021-12-01
471,ثغرب,شركت سرمايه گذاري مسكن شمالغرب,225,3142373,12547022827,4057,4029,3940,-117,-2.88,3999,-58,-1.43,3864,4056,1400-9-10,2021-12-01
472,تسه9911,امتياز تسهيلات مسكن بهمن99,225,3978,3276534226,829961,823333,825000,-4961,-0.6,823664,-6297,-0.76,805222,849999,1400-9-10,2021-12-01
473,وبشهر,توسعه‌ صنايع‌ بهشهر(هلدينگ,223,1308794,8928094930,7110,7000,6770,-340,-4.78,7000,-110,-1.55,6760,7100,1400-9-10,2021-12-01
474,والبر,سرمايه‌ گذاري‌ البرز(هلدينگ‌,223,860971,6796894860,8170,7900,7930,-240,-2.94,8100,-70,-0.86,7810,8140,1400-9-10,2021-12-01
475,كاريس,صندوق س.سپهر كاريزما-س,222,1321327,16979391005,12929,12935,12857,-72,-0.56,12850,-79,-0.61,12752,12935,1400-9-10,2021-12-01
476,پرديس,سرمايه گذاري پرديس,222,2025067,6770092196,3386,3320,3340,-46,-1.36,3366,-20,-0.59,3286,3446,1400-9-10,2021-12-01
477,غشوكوح,ح . شوكو پارس,222,1155180,5389031806,4608,4630,4746,138,2.99,4665,57,1.24,4470,4746,1400-9-10,2021-12-01
478,دلر,داروسازي‌ اكسير,220,399172,17200104970,43270,43790,43260,-10,-0.02,43110,-160,-0.37,42620,43790,1400-9-10,2021-12-01
479,وكادو,تكادو,219,1454302,21649784704,15300,15222,14994,-306,-2,14887,-413,-2.7,14841,15500,1400-9-10,2021-12-01
480,كمنگنز,معادن‌منگنزايران‌,219,178394,11074618720,64580,62000,62350,-2230,-3.45,62460,-2120,-3.28,61630,63500,1400-9-10,2021-12-01
481,تسه9910,امتياز تسهيلات مسكن دي99,218,4195,3454491934,828514,820000,810000,-18514,-2.23,823478,-5036,-0.61,801007,837999,1400-9-10,2021-12-01
482,وتوسم,سرمايه‌گذاري‌توسعه‌ملي‌,218,731934,5698037290,7930,7760,7820,-110,-1.39,7870,-60,-0.76,7760,7980,1400-9-10,2021-12-01
483,زماهان,مجتمع توليد گوشت مرغ ماهان,217,815411,5377436829,6817,6620,6577,-240,-3.52,6728,-89,-1.31,6520,6850,1400-9-10,2021-12-01
484,شمواد,توليد مواداوليه الياف مصنوعي,217,589798,27869465914,61294,48000,47040,-14254,-23.26,47253,-14041,-22.91,47040,48000,1400-9-10,2021-12-01
485,زفكا,كشت و دامداري فكا,216,943566,6364239498,6986,7150,6724,-262,-3.75,6870,-116,-1.66,6640,7150,1400-9-10,2021-12-01
486,ددام,داروسازي زاگرس فارمد پارس,216,573139,5627631830,9890,10200,9620,-270,-2.73,9860,-30,-0.3,9500,10200,1400-9-10,2021-12-01
487,ولراز,ليزينگ رازي,213,326217,6939448842,21711,22333,21398,-313,-1.44,21272,-439,-2.02,21060,22333,1400-9-10,2021-12-01
488,وسبحان,سرمايه گذاري سبحان,213,4137160,12321772442,2985,2920,2990,5,0.17,2979,-6,-0.2,2920,3048,1400-9-10,2021-12-01
489,گكيش,توريستي ورفاهي آبادگران كيش,213,492275,14801512379,30952,31370,30024,-928,-3,30068,-884,-2.86,30024,31370,1400-9-10,2021-12-01
490,مبين,مبين انرژي خليج فارس,212,899570,21280656430,24130,24070,23700,-430,-1.78,24050,-80,-0.33,23200,24310,1400-9-10,2021-12-01
491,ختراك,ريخته‌گري‌ تراكتورسازي‌ ايران‌,211,1594463,9230247710,6080,5880,5780,-300,-4.93,5870,-210,-3.45,5780,5980,1400-9-10,2021-12-01
492,واميد,گروه مديريت سرمايه گذاري اميد,209,1934838,25545036910,13230,13220,13300,70,0.53,13220,-10,-0.08,12910,13370,1400-9-10,2021-12-01
493,وهور,مديريت انرژي اميد  تابان هور,208,10919092,16935511692,1632,1551,1551,-81,-4.96,1599,-33,-2.02,1551,1551,1400-9-10,2021-12-01
494,سصوفي,سيمان‌ صوفيان‌,208,488008,6618784260,13890,13700,13580,-310,-2.23,13730,-160,-1.15,13430,13790,1400-9-10,2021-12-01
495,بموتو,موتوژن‌,208,85948,6482536410,76360,78500,74640,-1720,-2.25,76060,-300,-0.39,73660,78500,1400-9-10,2021-12-01
496,شصفها,پتروشيمي‌ اصفهان‌,206,260567,29541459917,115236,115240,116000,764,0.66,113374,-1862,-1.62,112932,116000,1400-9-10,2021-12-01
497,ولبهمن,شركت بهمن ليزينگ,206,1465826,10244304842,7083,7060,6922,-161,-2.27,7020,-63,-0.89,6766,7129,1400-9-10,2021-12-01
498,دامين,داروسازي‌ امين‌,205,2770607,7250947261,2747,2610,2610,-137,-4.99,2679,-68,-2.48,2610,2696,1400-9-10,2021-12-01
499,وپترو,سرمايه‌گذاري صنايع پتروشيمي‌,204,866982,9677818960,11560,11490,11200,-360,-3.11,11280,-280,-2.42,10990,11500,1400-9-10,2021-12-01
500,بالاس,مهندسي ساختمان تاسيسات راه آهن,204,387293,11465918669,31150,29593,29593,-1557,-5,29835,-1315,-4.22,29593,30810,1400-9-10,2021-12-01
501,شوينده,مديريت صنعت شوينده ت.ص.بهشهر,204,633687,12022920980,19610,19500,19400,-210,-1.07,19060,-550,-2.8,18720,19500,1400-9-10,2021-12-01
502,خبازرس,بازرسي مهندسي و صنعتي ايران,202,219440,5170950991,23850,23310,23829,-21,-0.09,23704,-146,-0.61,23310,23970,1400-9-10,2021-12-01
503,سجام,مجتمع سيمان غرب آسيا,202,2331346,5222614095,2309,2240,2240,-69,-2.99,2271,-38,-1.65,2240,2300,1400-9-10,2021-12-01
504,رتاپ,تجارت الكترونيك  پارسيان,202,1145674,7472605870,6810,6680,6470,-340,-4.99,6670,-140,-2.06,6470,6780,1400-9-10,2021-12-01
505,ساينا,صنايع بهداشتي ساينا,202,98641,8505272074,90206,88770,85696,-4510,-5,87769,-2437,-2.7,85696,89900,1400-9-10,2021-12-01
506,اوان,مبين وان كيش,201,338767,7012201002,21113,20074,20895,-218,-1.03,20894,-219,-1.04,20071,21250,1400-9-10,2021-12-01
507,وحكمت,بيمه حكمت صبا,201,2419215,9767453124,4160,4040,4036,-124,-2.98,4037,-123,-2.96,4036,4090,1400-9-10,2021-12-01
508,سپر,صندوق س سپر سرمايه بيدار- ثابت,201,3357917,44542276883,13257,13267,13269,12,0.09,13265,8,0.06,13258,13270,1400-9-10,2021-12-01
509,ثشرق,سرمايه گذاري مسكن شمال شرق,200,1311249,5190309085,4074,4073,3999,-75,-1.84,4030,-44,-1.08,3871,4077,1400-9-10,2021-12-01
510,سرود,سيمان‌شاهرود,200,442157,8498376550,20180,19750,19180,-1000,-4.96,19540,-640,-3.17,19180,19980,1400-9-10,2021-12-01
511,پارند2,صندوق س. پارند پايدار سپهر,198,19800000,19800000,10136,1,1,-10135,-99.99,1,-10135,-99.99,1,1,1400-9-10,2021-12-01
512,وساشرقي,شركت س استان آذربايجان شرقي,196,7476486,3208890942,450,429,430,-20,-4.44,448,-2,-0.44,428,434,1400-9-10,2021-12-01
513,پخش,پخش البرز,196,229616,5704912050,25549,25000,25350,-199,-0.78,25261,-288,-1.13,24311,25477,1400-9-10,2021-12-01
514,شكربن,كربن‌ ايران‌,195,88343,8468606270,97650,101000,94550,-3100,-3.17,96540,-1110,-1.14,93500,101000,1400-9-10,2021-12-01
515,تصميم,صندوق س با درآمد ثابت تصميم,194,1523130,27589615783,18095,18115,18115,20,0.11,18114,19,0.11,18095,18115,1400-9-10,2021-12-01
516,زعف0110پ11,زعفران0110نگين سحرخيز(پ),193,77682,29503184450,397610,391400,374861,-22749,-5.72,379794,-17816,-4.48,374861,392000,1400-9-10,2021-12-01
517,غگلپا,شير پاستوريزه پگاه گلپايگان,193,222205,13258679849,62374,61000,59256,-3118,-5,60241,-2133,-3.42,59256,61050,1400-9-10,2021-12-01
518,حپارسا,توسعه حمل و نقل ريلي پارسيان,193,368159,10849711787,30373,31240,29395,-978,-3.22,29678,-695,-2.29,28888,31240,1400-9-10,2021-12-01
519,غپآذر,شير پگاه آذربايجان شرقي,191,193243,5772556526,30535,30536,29900,-635,-2.08,30276,-259,-0.85,29410,31085,1400-9-10,2021-12-01
520,تكنار,مجتمع معادن مس تكنار,189,222023,12828632285,59497,59497,57713,-1784,-3,57781,-1716,-2.88,57713,61220,1400-9-10,2021-12-01
521,جم,پتروشيمي جم,188,282137,13496341970,48290,47340,47600,-690,-1.43,48230,-60,-0.12,47300,48860,1400-9-10,2021-12-01
522,تپكو,توليدتجهيزات‌سنگين‌هپكو,185,2493267,8594291349,3553,3447,3447,-106,-2.98,3522,-31,-0.87,3447,3447,1400-9-10,2021-12-01
523,ورازي,بيمه رازي,185,5908657,10097894813,1798,1709,1709,-89,-4.95,1729,-69,-3.84,1709,1709,1400-9-10,2021-12-01
524,زعف0110پ10,زعفران0110نگين طلاي سرخ(پ),184,87814,33300066396,395101,394000,374861,-20240,-5.12,379211,-15890,-4.02,374861,394000,1400-9-10,2021-12-01
525,رتكو,كنترل‌خوردگي‌تكين‌كو,183,429522,3342436750,8090,7800,7730,-360,-4.45,8020,-70,-0.87,7690,7950,1400-9-10,2021-12-01
526,آوا,صندوق س.سهام آواي معيار-س,182,522458,4088735040,7966,7969,7827,-139,-1.74,7826,-140,-1.76,7780,8030,1400-9-10,2021-12-01
527,جوين,كشت و صنعت جوين,182,1805384,4754090319,2654,2710,2580,-74,-2.79,2644,-10,-0.38,2576,2710,1400-9-10,2021-12-01
528,واتي,سرمايه‌ گذاري‌ آتيه‌ دماوند,181,1507226,14281210610,9880,9600,9550,-330,-3.34,9540,-340,-3.44,9390,9940,1400-9-10,2021-12-01
529,سكرما,سيمان‌ كرمان‌,181,808110,10775236820,13140,12780,13700,560,4.26,13280,140,1.07,12780,13730,1400-9-10,2021-12-01
530,ماني,صندوق س. با درآمد ثابت ماني,181,4451863,46996067103,10552,10556,10556,4,0.04,10556,4,0.04,10556,10558,1400-9-10,2021-12-01
531,كاردان,صندوق س تجارت شاخصي كاردان,181,36608,6697528380,186060,186990,183950,-2110,-1.13,182950,-3110,-1.67,182020,186990,1400-9-10,2021-12-01
532,وثنو,سرمايه گذاري ساختماني نوين,179,2860606,12956657765,4667,4527,4527,-140,-3,4529,-138,-2.96,4527,4642,1400-9-10,2021-12-01
533,سفانو,سيمان فارس نو,178,1088560,26711885650,25710,25100,24560,-1150,-4.47,24540,-1170,-4.55,24430,25690,1400-9-10,2021-12-01
534,خوساز,محورسازان‌ايران‌خودرو,178,2026315,14052336760,7280,7270,6920,-360,-4.95,6930,-350,-4.81,6920,7270,1400-9-10,2021-12-01
535,تسه9902,امتياز تسهيلات مسكن ارديبهشت99,175,3688,3024679001,828345,810004,823999,-4346,-0.52,820141,-8204,-0.99,810004,830000,1400-9-10,2021-12-01
536,لوتوس,تامين سرمايه لوتوس پارسيان,172,1133874,6457808970,5670,5770,5700,30,0.53,5670,0,0,5630,5770,1400-9-10,2021-12-01
537,صايند,صندوق س. گنجينه آينده روشن-د,170,937240,9380991960,10010,10028,10026,16,0.16,10009,-1,-0.01,9998,10028,1400-9-10,2021-12-01
538,بنيرو,نيروترانس‌,170,1828242,3319441970,1893,1860,1845,-48,-2.54,1875,-18,-0.95,1799,1882,1400-9-10,2021-12-01
539,زمگسا,كشاورزي‌ ودامپروي‌ مگسال‌,170,396090,6802038610,17660,17750,17260,-400,-2.27,17430,-230,-1.3,16820,17890,1400-9-10,2021-12-01
540,قلرست,قند لرستان‌,169,238869,4131798070,17420,17000,17270,-150,-0.86,17390,-30,-0.17,16990,17880,1400-9-10,2021-12-01
541,مارون,پتروشيمي مارون,167,37131,6397333320,176898,172000,171111,-5787,-3.27,176589,-309,-0.17,169353,174000,1400-9-10,2021-12-01
542,شپاكسا,پاكسان‌,167,694860,11080566280,16330,16510,15970,-360,-2.2,16010,-320,-1.96,15730,16510,1400-9-10,2021-12-01
543,پارسيان,بيمه پارسيان,167,1224637,10836705460,8960,9000,8720,-240,-2.68,8890,-70,-0.78,8600,9000,1400-9-10,2021-12-01
544,آبين,كشت و صنعت آبشيرين,166,1371905,2351590595,1760,1767,1708,-52,-2.95,1748,-12,-0.68,1708,1768,1400-9-10,2021-12-01
545,ساراب,سيمان‌ داراب‌,166,523610,7338665740,13970,13930,13830,-140,-1,14000,30,0.21,13800,14430,1400-9-10,2021-12-01
546,سپيدما,صندوق س. سپيد دماوند-د,166,7450224,85335295085,11449,11454,11455,6,0.05,11454,5,0.04,11454,11455,1400-9-10,2021-12-01
547,قنقش,قند نقش جهان,165,158582,18481145570,121393,116538,116538,-4855,-4,116540,-4853,-4,116538,120200,1400-9-10,2021-12-01
548,سمازن,سيمان‌مازندران‌,165,604616,7921921720,13280,13160,13000,-280,-2.11,13190,-90,-0.68,13000,13400,1400-9-10,2021-12-01
549,غشهد,شهد ايران ‌,162,884280,3535582315,4144,4016,4000,-144,-3.47,4106,-38,-0.92,3940,4095,1400-9-10,2021-12-01
550,كقزوي,شيشه‌ قزوين‌,161,993291,8076883756,8107,8210,8108,1,0.01,8127,20,0.25,8000,8210,1400-9-10,2021-12-01
551,سقاين,سيمان‌ قائن‌,159,127692,5512963070,45090,43770,43000,-2090,-4.64,44330,-760,-1.69,42920,44050,1400-9-10,2021-12-01
552,واعتبار,سرمايه گذاري اعتبار ايران,159,1108947,7156715990,6480,6680,6570,90,1.39,6470,-10,-0.15,6280,6680,1400-9-10,2021-12-01
553,سخزر,سيمان‌ خزر,158,264068,4557511960,18100,17850,17200,-900,-4.97,17820,-280,-1.55,17200,17870,1400-9-10,2021-12-01
554,خاهنح,ح . آهنگري تراكتورسازي‌ ايران‌,156,1269905,4639523227,3723,3620,3700,-23,-0.62,3653,-70,-1.88,3613,3794,1400-9-10,2021-12-01
555,قچار,فراوردههاي غذايي وقند چهارمحال,155,1540291,14535365652,9665,9255,9182,-483,-5,9437,-228,-2.36,9182,9650,1400-9-10,2021-12-01
556,دشيمي,شيمي‌ داروئي‌ داروپخش‌,153,340010,8106694380,24050,24330,23690,-360,-1.5,23930,-120,-0.5,23400,24330,1400-9-10,2021-12-01
557,شتوكاح,ح . توكا رنگ فولاد سپاهان,152,668771,8298550830,13000,12990,12350,-650,-5,12409,-591,-4.55,12350,12990,1400-9-10,2021-12-01
558,فيروزا2,صندوق بادرآمد ثابت فيروزه آسيا,150,15000000,15000000,25848,1,1,-25847,-100,1,-25847,-100,1,1,1400-9-10,2021-12-01
559,شپاس,نفت پاسارگاد,149,559470,8588136217,16120,15434,15314,-806,-5,15672,-448,-2.78,15314,15980,1400-9-10,2021-12-01
560,تسه9907,امتياز تسهيلات مسكن مهر99,148,2171,1783464822,828953,810000,810005,-18948,-2.29,821495,-7458,-0.9,788100,840000,1400-9-10,2021-12-01
561,سخوز,سيمان خوزستان,147,843222,19768071120,23820,23260,23310,-510,-2.14,23440,-380,-1.6,22700,23890,1400-9-10,2021-12-01
562,وآرين,شركت توسعه اقتصادي آرين,147,1406018,2737650320,2006,1948,1946,-60,-2.99,1989,-17,-0.85,1946,1999,1400-9-10,2021-12-01
563,آ س پ,آ.س.پ,146,753250,4699789499,6527,6300,6201,-326,-4.99,6430,-97,-1.49,6201,6400,1400-9-10,2021-12-01
564,درازك,دارويي‌ رازك‌,144,206641,7485202420,36050,36010,36010,-40,-0.11,36140,90,0.25,35750,36990,1400-9-10,2021-12-01
565,فخاس,فولاد خراسان,144,362436,8213490600,23840,22720,22660,-1180,-4.95,23740,-100,-0.42,22650,23220,1400-9-10,2021-12-01
566,بفجر,فجر انرژي خليج فارس,144,602700,6529908610,11280,11180,10770,-510,-4.52,11250,-30,-0.27,10720,11180,1400-9-10,2021-12-01
567,آساميد,صندوق س.مشترك آسمان اميد -د,143,2327424,31505027633,13527,13530,13543,16,0.12,13536,9,0.07,13530,13543,1400-9-10,2021-12-01
568,شگل,گلتاش‌,138,641162,4158686600,6820,6600,6550,-270,-3.96,6720,-100,-1.47,6480,6710,1400-9-10,2021-12-01
569,اعتلاح,ح سرمايه گذاري اعتلاء البرز,138,1402646,2356818654,1690,1768,1680,-10,-0.59,1680,-10,-0.59,1616,1768,1400-9-10,2021-12-01
570,دكيمي,كيميدارو,138,343635,6279897020,19170,18390,18220,-950,-4.96,18760,-410,-2.14,18220,18820,1400-9-10,2021-12-01
571,فولاي,صنايع فولاد آلياژي يزد,134,955605,16316955375,16262,17075,17075,813,5,17075,813,5,17075,17075,1400-9-10,2021-12-01
572,هجرت,پخش هجرت,134,460937,12875046786,27997,27418,27999,2,0.01,27940,-57,-0.2,27415,28000,1400-9-10,2021-12-01
573,زگلدشت,كشت و دام گلدشت نمونه اصفهان,134,1148903,10014251243,8877,8600,8700,-177,-1.99,8766,-111,-1.25,8600,8800,1400-9-10,2021-12-01
574,ركيش,كارت اعتباري ايران كيش,132,1697454,9207195090,5620,5620,5350,-270,-4.8,5490,-130,-2.31,5340,5730,1400-9-10,2021-12-01
575,فردا2,صندوق س آواي فرداي زاگرس-ثابت,130,13000000,13000000,11908,1,1,-11907,-99.99,1,-11907,-99.99,1,1,1400-9-10,2021-12-01
576,فلات,گروه صنايع معادن فلات ايرانيان,129,663264,7446923486,11566,11280,11220,-346,-2.99,11297,-269,-2.33,11220,11285,1400-9-10,2021-12-01
577,خصدرا,صنعتي‌ دريايي‌ ايران‌,128,2528241,5875632084,2395,2324,2324,-71,-2.96,2378,-17,-0.71,2324,2324,1400-9-10,2021-12-01
578,اخزا006,اسنادخزانه-م6بودجه00-030723,124,534207,277281897687,516940,519436,520000,3060,0.59,519053,2113,0.41,515509,520000,1400-9-10,2021-12-01
579,زعف0110پ05,زعفران0110نگين زرين(پ),121,41431,15605840963,391441,411990,374861,-16580,-4.24,376671,-14770,-3.77,374861,411990,1400-9-10,2021-12-01
580,ضجار1020,اختيارخ وتجارت-1600-1400/10/15,121,4812,1802384000,380,416,400,20,5.26,375,-5,-1.32,350,416,1400-9-10,2021-12-01
581,چفيبر,فيبر ايران‌,121,1311324,8118365560,6510,6490,6190,-320,-4.92,6340,-170,-2.61,6190,6490,1400-9-10,2021-12-01
582,كاسپين,داروسازي كاسپين تامين,121,177621,4125675794,23749,22850,23468,-281,-1.18,23589,-160,-0.67,22850,23813,1400-9-10,2021-12-01
583,تسه9904,امتياز تسهيلات مسكن تير99,121,1859,1528095074,830629,815003,813600,-17029,-2.05,821998,-8631,-1.04,800003,839999,1400-9-10,2021-12-01
584,سكه0012پ04,تمام سكه طرح جديد0012صادرات,121,55600,70330465100,1254873,1260000,1271997,17124,1.36,1264936,10063,0.8,1260000,1271997,1400-9-10,2021-12-01
585,ما,بيمه  ما,120,941050,5437756550,5930,5990,5800,-130,-2.19,5870,-60,-1.01,5700,6000,1400-9-10,2021-12-01
586,خديزل,بهمن  ديزل,120,68137,3681828128,55471,55800,54399,-1072,-1.93,55226,-245,-0.44,53610,56509,1400-9-10,2021-12-01
587,قشهد,شهد,119,664421,9267523180,14430,14110,14110,-320,-2.22,14110,-320,-2.22,13770,14240,1400-9-10,2021-12-01
588,قمرو,قند مرودشت‌,117,229140,5118404760,23130,22250,22600,-530,-2.29,22830,-300,-1.3,22020,23140,1400-9-10,2021-12-01
589,فنفت,صنايع تجهيزات نفت,117,810810,11885663790,14233,14659,14659,426,2.99,14659,426,2.99,14659,14659,1400-9-10,2021-12-01
590,كي بي سي,شركت كي بي سي,116,219369,3690382305,17601,17490,16740,-861,-4.89,17385,-216,-1.23,16721,17490,1400-9-10,2021-12-01
591,چافست,افست‌,116,385925,3323519990,8790,8970,8790,0,0,8750,-40,-0.46,8410,8970,1400-9-10,2021-12-01
592,حسينا,توسعه خدمات دريايي وبندري سينا,116,152783,6330813540,42114,41014,41770,-344,-0.82,41812,-302,-0.72,40610,42920,1400-9-10,2021-12-01
593,تسه9906,امتياز تسهيلات مسكن شهريور99,116,1915,1574481504,827136,813333,820013,-7123,-0.86,822184,-4952,-0.6,812000,829988,1400-9-10,2021-12-01
594,كساپا,سايپاشيشه‌,113,554954,10638042220,20160,19200,19160,-1000,-4.96,19360,-800,-3.97,19160,19700,1400-9-10,2021-12-01
595,وتوشه,سرمايه‌ گذاري‌ پارس‌ توشه‌,112,873623,5057114600,5920,5670,5720,-200,-3.38,5870,-50,-0.84,5670,6020,1400-9-10,2021-12-01
596,تسه9905,امتياز تسهيلات مسكن مرداد99,112,2421,2002557153,830488,820000,824000,-6488,-0.78,827161,-3327,-0.4,815000,849998,1400-9-10,2021-12-01
597,لبوتان,گروه‌صنعتي‌بوتان‌,110,270753,12541695540,48750,46320,46320,-2430,-4.98,46770,-1980,-4.06,46320,46940,1400-9-10,2021-12-01
598,لسرما,سرما آفرين‌,108,471101,9695427820,21610,21010,20530,-1080,-5,20940,-670,-3.1,20530,21200,1400-9-10,2021-12-01
599,وبهمن,سرمايه‌گذاري‌بهمن‌,107,418302,6611355170,16620,15810,15990,-630,-3.79,16310,-310,-1.87,15790,16010,1400-9-10,2021-12-01
600,وايرا,سرمايه گذاري صنايع ايران,106,458025,2109299375,4660,4613,4629,-31,-0.67,4648,-12,-0.26,4550,4699,1400-9-10,2021-12-01
601,ثاصفا,شركت‌ ساختمان‌ اصفهان‌,105,628083,5934076086,9734,9442,9442,-292,-3,9509,-225,-2.31,9442,9739,1400-9-10,2021-12-01
602,سكرد,سيمان كردستان,105,728889,3210101425,4631,4450,4400,-231,-4.99,4578,-53,-1.14,4400,4577,1400-9-10,2021-12-01
603,دابور,داروسازي‌ ابوريحان‌,103,255531,6062658310,24060,23730,23520,-540,-2.24,23920,-140,-0.58,23490,24290,1400-9-10,2021-12-01
604,وملت,سرمايه گذاري ملت,103,1933722,5023711152,2648,2646,2596,-52,-1.96,2598,-50,-1.89,2596,2646,1400-9-10,2021-12-01
605,گوهران,سرمايه گذاري توسعه گوهران اميد,101,663761,3316436846,5019,4831,5014,-5,-0.1,5014,-5,-0.1,4831,5020,1400-9-10,2021-12-01
606,بسويچ,پارس‌سويچ‌,99,141985,2106118240,15590,15120,14820,-770,-4.94,15470,-120,-0.77,14820,15120,1400-9-10,2021-12-01
607,اخزا002,اسنادخزانه-م2بودجه00-031024,96,143235,70261395542,489578,489800,491290,1712,0.35,490532,954,0.19,489797,492000,1400-9-10,2021-12-01
608,كصدف,كاشي صدف سرام استقلال آباده,96,289580,6013173947,20786,20787,20801,15,0.07,20774,-12,-0.06,20500,21259,1400-9-10,2021-12-01
609,كخاك,صنايع‌خاك‌چيني‌ايران‌,95,203719,5595626870,27880,27050,27480,-400,-1.43,27740,-140,-0.5,27040,28500,1400-9-10,2021-12-01
610,زعف0008پ05,زعفران0008نگين زرين(پ),93,32033,9378818686,292967,299999,289100,-3867,-1.32,292786,-181,-0.06,286001,299999,1400-9-10,2021-12-01
611,زعف0110پ20,زعفران0110نگين وحدت جام(پ),93,33491,12626273198,391049,399900,374861,-16188,-4.14,377005,-14044,-3.59,374861,399900,1400-9-10,2021-12-01
612,حخزر,كشتيراني درياي خزر,93,201585,2911519394,15202,14442,14442,-760,-5,15042,-160,-1.05,14442,14451,1400-9-10,2021-12-01
613,مداران,داده‌پردازي‌ايران‌,93,190948,2603589860,14160,13930,13700,-460,-3.25,14060,-100,-0.71,13480,13940,1400-9-10,2021-12-01
614,پرداخت,به پرداخت ملت,92,255387,3306095290,13290,13010,12900,-390,-2.93,13220,-70,-0.53,12790,13220,1400-9-10,2021-12-01
615,دسينا,داروسازي‌ سينا,92,384282,7921819020,20890,20040,20420,-470,-2.25,20740,-150,-0.72,20030,21000,1400-9-10,2021-12-01
616,بخاور,بيمه زندگي خاورميانه,91,782232,3140659787,4051,4078,4070,19,0.47,4043,-8,-0.2,3981,4078,1400-9-10,2021-12-01
617,اخزا001,اسنادخزانه-م1بودجه00-030821,90,123739,63435063759,515818,513700,513990,-1828,-0.35,512652,-3166,-0.61,510000,515000,1400-9-10,2021-12-01
618,وامين,س. امين توان آفرين ساز,90,186248,2302900464,12651,12640,12300,-351,-2.77,12638,-13,-0.1,12300,12640,1400-9-10,2021-12-01
619,تسه9903,امتياز تسهيلات مسكن خرداد99,90,1222,1016591416,830749,820002,823700,-7049,-0.85,831908,1159,0.14,815010,872285,1400-9-10,2021-12-01
620,دفارا,داروسازي‌ فارابي‌,90,81231,1074827640,13630,13130,13250,-380,-2.79,13600,-30,-0.22,13130,13570,1400-9-10,2021-12-01
621,تشتاد,صنايع توليدي اشتاد ايران‌,89,767316,3664873029,4906,4760,4759,-147,-3,4855,-51,-1.04,4759,4902,1400-9-10,2021-12-01
622,اخزا910,اسنادخزانه-م10بودجه99-020807,89,165452,111331462698,669306,664500,672000,2694,0.4,672893,3587,0.54,664000,680000,1400-9-10,2021-12-01
623,تسه9812,امتياز تسهيلات مسكن اسفند98,89,1106,916529756,836678,829130,823900,-12778,-1.53,828689,-7989,-0.95,820542,860000,1400-9-10,2021-12-01
624,بمپنا,توليد برق عسلويه  مپنا,89,688093,3295326820,4981,4794,4850,-131,-2.63,4938,-43,-0.86,4743,4955,1400-9-10,2021-12-01
625,زعف0008پ11,زعفران0008نگين سحرخيز(پ),89,113836,34595344895,289769,304999,295000,5231,1.81,303905,14136,4.88,295000,305362,1400-9-10,2021-12-01
626,سبجنو,سيمان‌ بجنورد,87,105066,3630888610,35820,35550,35140,-680,-1.9,35500,-320,-0.89,34120,35800,1400-9-10,2021-12-01
627,خاتم,صندوق س خاتم ايساتيس پويا-ثابت,86,966977,11992393177,12392,12402,12403,11,0.09,12402,10,0.08,12401,12403,1400-9-10,2021-12-01
628,شتوكا,توكا رنگ فولاد سپاهان,86,255099,3474193281,12971,13619,13619,648,5,13111,140,1.08,13619,13619,1400-9-10,2021-12-01
629,كارا,صندوق س. كارا -د,85,3430945,35317642105,10288,10294,10294,6,0.06,10294,6,0.06,10293,10294,1400-9-10,2021-12-01
630,وبازار,صندوق س شاخصي بازارآشنا,84,342717,3961346860,11870,11750,11520,-350,-2.95,11560,-310,-2.61,11460,11930,1400-9-10,2021-12-01
631,اخزا004,اسنادخزانه-م4بودجه00-030522,84,200124,108152165581,538309,539500,544000,5691,1.06,540426,2117,0.39,538339,544000,1400-9-10,2021-12-01
632,قهكمت,قندهكمتان‌,83,305336,1347758423,4602,4650,4450,-152,-3.3,4583,-19,-0.41,4380,4650,1400-9-10,2021-12-01
633,فيروزه,صندوق شاخص30 شركت فيروزه- سهام,83,113803,18706338120,167430,166160,164980,-2450,-1.46,164370,-3060,-1.83,161940,166160,1400-9-10,2021-12-01
634,فبيرا,بسته‌ بندي‌ ايران‌,83,1744751,3232569860,1907,1859,1850,-57,-2.99,1890,-17,-0.89,1850,1898,1400-9-10,2021-12-01
635,تسه9901,امتياز تسهيلات مسكن فروردين99,82,861,708970997,830374,816112,822000,-8374,-1.01,823427,-6947,-0.84,810000,830000,1400-9-10,2021-12-01
636,شستان,پتروشيمي گلستان,82,422190,1572669024,3716,3648,3719,3,0.08,3719,3,0.08,3644,3790,1400-9-10,2021-12-01
637,شفا,سرمايه گذاري شفادارو,82,516491,9560248410,17630,18510,18510,880,4.99,18510,880,4.99,18510,18510,1400-9-10,2021-12-01
638,سپاس,صندوق س. پاداش سهامداري-ثابت,80,2275374,23085787342,10139,10143,10146,7,0.07,10146,7,0.07,10143,10146,1400-9-10,2021-12-01
639,بساما,بيمه سامان,80,155178,3104852861,20618,20440,20000,-618,-3,20503,-115,-0.56,19840,20440,1400-9-10,2021-12-01
640,بفجرح,ح . فجر انرژي خليج فارس,79,432904,3619515320,8440,8310,8210,-230,-2.73,8360,-80,-0.95,8130,8410,1400-9-10,2021-12-01
641,سشمال,سيمان‌ شمال‌,78,456507,3513509520,7930,7820,7780,-150,-1.89,7870,-60,-0.76,7540,7910,1400-9-10,2021-12-01
642,شكبير,پتروشيمي اميركبير,78,137751,13213942168,97368,95010,95356,-2012,-2.07,97174,-194,-0.2,95010,97000,1400-9-10,2021-12-01
643,سهرمز,سيمان‌هرمزگان‌,76,87341,1259140280,15060,14850,14430,-630,-4.18,15000,-60,-0.4,14330,14850,1400-9-10,2021-12-01
644,اخزا008,اسنادخزانه-م8بودجه00-030919,75,173266,87954360779,503991,508750,502100,-1891,-0.38,507626,3635,0.72,501113,512000,1400-9-10,2021-12-01
645,اخزا009,اسناد خزانه-م9بودجه00-031101,72,44822,22054453193,494081,486711,491000,-3081,-0.62,492045,-2036,-0.41,486711,496999,1400-9-10,2021-12-01
646,ضشنا1050,اختيارخ شپنا-7629-1400/10/19,72,957,311201320,201,195,171,-30,-14.93,177,-24,-11.94,171,195,1400-9-10,2021-12-01
647,زعف0110پ21,زعفران0110نگين ملل(پ),69,51006,19194207021,389063,380000,374861,-14202,-3.65,376313,-12750,-3.28,374861,386000,1400-9-10,2021-12-01
648,تماوند,تامين سرمايه دماوند,69,592532,3156493658,5342,5395,5282,-60,-1.12,5339,-3,-0.06,5243,5470,1400-9-10,2021-12-01
649,ضستا1004,اختيارخ شستا-12000-1400/10/29,68,500,435605000,1009,939,871,-138,-13.68,871,-138,-13.68,843,940,1400-9-10,2021-12-01
650,آساس,صندوق س.آسمان آرماني سهام-س,68,12093,2008441358,168675,166701,165542,-3133,-1.86,166083,-2592,-1.54,165503,167990,1400-9-10,2021-12-01
651,دالبر,البرزدارو,66,455232,5230885840,11830,11500,11400,-430,-3.63,11700,-130,-1.1,11310,11780,1400-9-10,2021-12-01
652,تسه9809,امتياز تسهيلات مسكن آذر98,66,2095,1715240183,824897,825000,811000,-13897,-1.68,818730,-6167,-0.75,810000,829770,1400-9-10,2021-12-01
653,اخزا003,اسنادخزانه-م3بودجه00-030418,66,141812,78249005625,549780,556999,556000,6220,1.13,551780,2000,0.36,550200,556999,1400-9-10,2021-12-01
654,اخزا007,اسنادخزانه-م7بودجه00-030912,62,172174,88189617812,509723,510000,504000,-5723,-1.12,512212,2489,0.49,502854,517999,1400-9-10,2021-12-01
655,سمتاز,سيمان ممتازان كرمان,62,144705,2028007066,14394,14254,13963,-431,-2.99,14314,-80,-0.56,13963,14256,1400-9-10,2021-12-01
656,زرين,صندوق س. سهام زرين كوروش-س,61,120355,1515149604,12833,12639,12520,-313,-2.44,12589,-244,-1.9,12500,12868,1400-9-10,2021-12-01
657,سهگمت,سيمان‌هگمتان‌,59,105751,2216742870,21620,20870,21100,-520,-2.41,21510,-110,-0.51,20800,21490,1400-9-10,2021-12-01
658,ثزاگرس,سرمايه گذاري توسعه عمران زاگرس,59,70422,2374978304,35347,34001,34000,-1347,-3.81,34937,-410,-1.16,33580,36200,1400-9-10,2021-12-01
659,سپ,پرداخت الكترونيك سامان كيش,58,96101,2842716270,30480,29710,29360,-1120,-3.67,30440,-40,-0.13,29360,29780,1400-9-10,2021-12-01
660,اوصتا,صندوق انديشه ورزان صباتامين -د,57,1911091,39534940503,20677,20688,20689,12,0.06,20687,10,0.05,20687,20689,1400-9-10,2021-12-01
661,تسه9811,امتياز تسهيلات مسكن بهمن98,57,451,371630938,834208,822220,825000,-9208,-1.1,824015,-10193,-1.22,815050,830000,1400-9-10,2021-12-01
662,سيدكو,سرمايه گذاري توسعه صنايع سيمان,56,343728,1985290520,5910,5940,5850,-60,-1.02,5890,-20,-0.34,5680,5940,1400-9-10,2021-12-01
663,غپونه,نوش پونه مشهد,55,208717,2543779670,12515,12200,12140,-375,-3,12426,-89,-0.71,12140,12399,1400-9-10,2021-12-01
664,وارس,سرمايه گذاري ارس صبا,55,201471,2290940468,11656,11350,11351,-305,-2.62,11589,-67,-0.57,11330,11600,1400-9-10,2021-12-01
665,ولشرق,ليزينگ ايران و شرق,53,2228114,5757446576,2719,2584,2584,-135,-4.97,2664,-55,-2.02,2584,2584,1400-9-10,2021-12-01
666,ارمغان,ص سرمايه گذاري ارمغان ايرانيان,51,604152,6125049647,10126,10128,10148,22,0.22,10138,12,0.12,10128,10148,1400-9-10,2021-12-01
667,حشكوه,دليجان طلايي شكوه پارس,51,585462,2131189824,3748,3740,3636,-112,-2.99,3724,-24,-0.64,3636,3740,1400-9-10,2021-12-01
668,زعف0110پ18,زعفران0110نگين بهرامن(پ),50,26245,10357867194,389139,414319,374861,-14278,-3.67,394661,5522,1.42,374861,414319,1400-9-10,2021-12-01
669,شساخت,مهندسي و ساختمان صنايع نفت,49,132050,5816721861,44070,43002,44070,0,0,44067,-3,-0.01,43001,44170,1400-9-10,2021-12-01
670,سكارون,سيمان كارون,48,23326,1131707542,50017,48517,48517,-1500,-3,49830,-187,-0.37,48517,48517,1400-9-10,2021-12-01
671,ضملت1133,اختيارخ وبملت-3000-1400/11/13,48,585,214999000,413,400,382,-31,-7.51,368,-45,-10.9,355,400,1400-9-10,2021-12-01
672,داريوش,صندوق س. ثروت داريوش -س,48,111328,1062390890,9633,9640,9520,-113,-1.17,9543,-90,-0.93,9500,9640,1400-9-10,2021-12-01
673,سكه0011پ02,تمام سكه طرح جديد0011ملت,48,7700,9760230900,1258906,1262490,1269998,11092,0.88,1267562,8656,0.69,1262490,1269998,1400-9-10,2021-12-01
674,وزمين,بانك ايران زمين,47,515112,5181511608,10478,10059,10059,-419,-4,10343,-135,-1.29,10059,10059,1400-9-10,2021-12-01
675,سجامح,ح.مجتمع سيمان غرب آسيا,46,209594,195132014,959,931,931,-28,-2.92,931,-28,-2.92,931,931,1400-9-10,2021-12-01
676,اراد50,مرابحه عام دولت5-ش.خ0302,46,554500,554500500000,1000001,1000000,1000001,0,0,1000001,0,0,1000000,1000001,1400-9-10,2021-12-01
677,اخزا901,اسنادخزانه-م1بودجه99-010621,45,23524,19930398820,846917,847000,847731,814,0.1,847237,320,0.04,846500,848715,1400-9-10,2021-12-01
678,سكه0112پ03,تمام سكه طرح جديد0112سامان,45,13100,16596395800,1258433,1262000,1269498,11065,0.88,1266900,8467,0.67,1262000,1269498,1400-9-10,2021-12-01
679,زعف0008پ18,زعفران0008نگين بهرامن(پ),44,36070,10969859340,296945,301000,305362,8417,2.83,304127,7182,2.42,301000,305362,1400-9-10,2021-12-01
680,ضشنا1048,اختيارخ شپنا-5450-1400/10/19,44,373,417961620,675,660,600,-75,-11.11,611,-64,-9.48,550,950,1400-9-10,2021-12-01
681,ضفلا1163,اختيارخ فولاد-10000-1400/11/24,43,228,319948000,1550,1380,1499,-51,-3.29,1403,-147,-9.48,1370,1499,1400-9-10,2021-12-01
682,سكه0111پ05,تمام سكه طرح جديد0111آينده,42,15100,19108542600,1256813,1262000,1266100,9287,0.74,1265466,8653,0.69,1260007,1267499,1400-9-10,2021-12-01
683,ويستا,صندوق س. ويستا -س,42,63292,633155661,10000,10000,10021,21,0.21,10004,4,0.04,10000,10023,1400-9-10,2021-12-01
684,فاراكح,ح . ماشين‌ سازي‌ اراك‌,42,4400000,1764182500,406,405,400,-6,-1.48,401,-5,-1.23,400,405,1400-9-10,2021-12-01
685,شزنگ,تجهيزنيروي‌زنگان‌,42,17780,2783459000,161391,156550,156550,-4841,-3,160055,-1336,-0.83,156550,156550,1400-9-10,2021-12-01
686,تابا,تابان نيرو سپاهان,41,109670,2574174240,24197,23472,23472,-725,-3,23941,-256,-1.06,23472,23472,1400-9-10,2021-12-01
687,ولملت,واسپاري ملت,41,1458247,6521280584,4707,4472,4472,-235,-4.99,4607,-100,-2.12,4472,4472,1400-9-10,2021-12-01
688,لپيام,گسترش صنايع پيام,39,136208,4367509520,33752,32065,32065,-1687,-5,32934,-818,-2.42,32065,32065,1400-9-10,2021-12-01
689,هفارس104,اختيارف ت فارس-11832-01/04/12,39,576613,196048420,95,340,340,245,257.89,340,245,257.89,340,340,1400-9-10,2021-12-01
690,اخزا917,اسنادخزانه-م17بودجه99-010226,39,221849,200956427186,905322,905000,909500,4178,0.46,905825,503,0.06,900167,909970,1400-9-10,2021-12-01
691,هكشو208,اختيارف ت پاكشو10000-02/08/29,38,3512415,1812406140,512,516,516,4,0.78,516,4,0.78,516,516,1400-9-10,2021-12-01
692,صنوين,صندوق سرمايه‌گذاري صنوين-مختلط,38,7430,685792070,94740,93900,92500,-2240,-2.36,92300,-2440,-2.58,90370,94000,1400-9-10,2021-12-01
693,دارا,صندوق س. دارا الگوريتم-د,38,1756621,17493149518,9953,9962,9958,5,0.05,9958,5,0.05,9958,9965,1400-9-10,2021-12-01
694,ضبدر1163,اختيارخ شبندر-6000-1400/11/13,38,826,541373000,781,780,700,-81,-10.37,655,-126,-16.13,600,780,1400-9-10,2021-12-01
695,اخزا914,اسنادخزانه-م14بودجه99-021025,36,50861,32108179650,630615,628211,632000,1385,0.22,631293,678,0.11,628211,633000,1400-9-10,2021-12-01
696,ضپال2007,اختيارخ اپال-32000-1401/02/12,36,366,116531000,330,310,310,-20,-6.06,318,-12,-3.64,310,384,1400-9-10,2021-12-01
697,ثعتما,س. ساختماني اعتماد گستر,36,65518,1720633716,27644,26262,26262,-1382,-5,27371,-273,-0.99,26262,26262,1400-9-10,2021-12-01
698,معيار ,سرمايه گذاري معيار صنعت پارس,36,69326,2982507178,44281,44500,42953,-1328,-3,43878,-403,-0.91,42953,44500,1400-9-10,2021-12-01
699,زعف0008پ08,زعفران0008نگين روستا(پ),35,32181,9826854328,299027,305361,305362,6335,2.12,305362,6335,2.12,305361,305362,1400-9-10,2021-12-01
700,آتيمس,صندوق س.آرمان آتيه درخشان مس-س,35,11070,1985848028,180185,180200,177800,-2385,-1.32,179390,-795,-0.44,177800,180200,1400-9-10,2021-12-01
701,ولتجار,واسپاري تجارت وسرمايه ايرانيان,34,391782,1156034060,3037,2965,2946,-91,-3,3027,-10,-0.33,2946,3077,1400-9-10,2021-12-01
702,ضصاد1114,اختيارخ وبصادر-2500-1400/11/06,33,1645,88722000,58,64,54,-4,-6.9,54,-4,-6.9,50,64,1400-9-10,2021-12-01
703,سپرمي,پرميت‌,31,125777,1441027089,11344,11457,11457,113,1,11425,81,0.71,11457,11457,1400-9-10,2021-12-01
704,افق ملت,صندوق س در سهام افق ملت,30,16322,2271675920,140160,140000,138530,-1630,-1.16,139180,-980,-0.7,138500,140000,1400-9-10,2021-12-01
705,آكورد2,صندوق س. آرمان آتي كوثر-د,30,3000000,3000000,35475,1,1,-35474,-100,1,-35474,-100,1,1,1400-9-10,2021-12-01
706,زعف0008پ20,زعفران0008نگين وحدت جام(پ),29,8956,2592373012,295269,304990,278000,-17269,-5.85,289457,-5812,-1.97,276500,304990,1400-9-10,2021-12-01
707,اخزا902,اسنادخزانه-م2بودجه99-011019,29,39233,31157802286,791314,791000,793000,1686,0.21,794173,2859,0.36,790900,795000,1400-9-10,2021-12-01
708,ضصاد1113,اختيارخ وبصادر-2000-1400/11/06,29,928,154063000,178,192,175,-3,-1.69,166,-12,-6.74,151,192,1400-9-10,2021-12-01
709,زعف0008پ16,زعفران0008نگين بيرجند(پ),28,12611,3612432700,290955,280000,281000,-9955,-3.42,286451,-4504,-1.55,280000,303999,1400-9-10,2021-12-01
710,ضفلا1164,اختيارخ فولاد-12000-1400/11/24,28,368,230937000,683,616,619,-64,-9.37,628,-55,-8.05,616,800,1400-9-10,2021-12-01
711,ضستا1003,اختيارخ شستا-10000-1400/10/29,28,462,881467000,1977,1950,1928,-49,-2.48,1908,-69,-3.49,1853,1950,1400-9-10,2021-12-01
712,دقاضي,داروسازي شهيد قاضي,27,32314,911403942,28869,28640,28070,-799,-2.77,28806,-63,-0.22,28060,28850,1400-9-10,2021-12-01
713,سايرا,ايرانيت‌,26,75170,2221499010,30784,29553,29553,-1231,-4,30185,-599,-1.95,29553,29553,1400-9-10,2021-12-01
714,وآفري,بيمه كارآفرين,26,505183,1754730503,3561,3550,3500,-61,-1.71,3549,-12,-0.34,3455,3550,1400-9-10,2021-12-01
715,سيناد,صندوق س.سپهرسودمند سينا-د,26,2402581,24052835810,10033,10012,10010,-23,-0.23,10011,-22,-0.22,10010,10012,1400-9-10,2021-12-01
716,ثبات,صندوق س. ثبات ويستا -د,25,117032,1227304287,10481,10486,10487,6,0.06,10487,6,0.06,10486,10487,1400-9-10,2021-12-01
717,ثنام,س ساختماني ب نام آوران مهندسي,25,426137,5151144056,12461,12088,12088,-373,-2.99,12265,-196,-1.57,12088,12088,1400-9-10,2021-12-01
718,ومشان,س. فني و مهندسي مشانير,23,27771,1273911312,47290,45872,45872,-1418,-3,46896,-394,-0.83,45872,45872,1400-9-10,2021-12-01
719,ساذري,آذريت‌,23,55585,518441295,9817,9327,9327,-490,-4.99,9790,-27,-0.28,9327,9327,1400-9-10,2021-12-01
720,زعف0110پ16,زعفران0110نگين بيرجند(پ),23,4212,1580467037,388860,394500,374861,-13999,-3.6,375230,-13630,-3.51,374861,394500,1400-9-10,2021-12-01
721,اخزا817,اسنادخزانه-م17بودجه98-010512,22,10835,9382695658,866253,865000,866500,247,0.03,865962,-291,-0.03,865000,866500,1400-9-10,2021-12-01
722,قيستو,شركت قند بيستون,22,166303,4167885786,25837,25062,25062,-775,-3,25493,-344,-1.33,25062,25062,1400-9-10,2021-12-01
723,تيپيكوح,ح . سرمايه گذاري دارويي تامين,21,48662,932457000,20000,19800,19000,-1000,-5,19160,-840,-4.2,19000,19800,1400-9-10,2021-12-01
724,اخزا903,اسنادخزانه-م3بودجه99-011110,21,43841,34389025070,781426,782320,784001,2575,0.33,784403,2977,0.38,782320,785000,1400-9-10,2021-12-01
725,قپيرا,فرآورده‌هاي‌غدايي‌وقندپيرانشهر,20,71990,533526190,7660,7410,7450,-210,-2.74,7650,-10,-0.13,7390,7500,1400-9-10,2021-12-01
726,اخزا812,اسنادخزانه-م12بودجه98-001111,20,6853,6603624878,964747,966000,964098,-649,-0.07,963611,-1136,-0.12,962066,966000,1400-9-10,2021-12-01
727,گنجين,صندوق س. گنجينه يكم آويد-د,19,34538,492839819,14261,14267,14272,11,0.08,14269,8,0.06,14267,14272,1400-9-10,2021-12-01
728,فراز,صندوق س.سهام فراز داريك-س,18,10314,146482805,14201,14202,14203,2,0.01,14202,1,0.01,14202,14204,1400-9-10,2021-12-01
729,اخزا005,اسنادخزانه-م5بودجه00-030626,17,50647,26713688220,527179,525214,527456,277,0.05,527449,270,0.05,525214,530000,1400-9-10,2021-12-01
730,زعف0110پ08,زعفران0110نگين روستا(پ),17,2304,865862649,385013,380000,374861,-10152,-2.64,375808,-9205,-2.39,374861,380000,1400-9-10,2021-12-01
731,ثتوسا,س.توسعه و عمران استان اردبيل,17,31036,449556460,14932,14485,14485,-447,-2.99,14903,-29,-0.19,14485,14485,1400-9-10,2021-12-01
732,اخزا907,اسنادخزانه-م7بودجه99-020704,17,108949,74865226000,684385,684500,687500,3115,0.46,687158,2773,0.41,684500,687500,1400-9-10,2021-12-01
733,اخزا814,اسنادخزانه-م14بودجه98-010318,16,20486,18397986839,898984,895001,898000,-984,-0.11,898076,-908,-0.1,895001,900000,1400-9-10,2021-12-01
734,سميعا002,سلف موازي استاندارد سميعا002,16,762200,1094305021800,1415538,1435719,1435719,20181,1.43,1435719,20181,1.43,1435719,1435719,1400-9-10,2021-12-01
735,پلوله,گازلوله‌,16,236482,6416013342,27970,27132,27131,-839,-3,27356,-614,-2.2,27131,27132,1400-9-10,2021-12-01
736,ضملت1131,اختيارخ وبملت-2000-1400/11/13,16,523,603004000,1178,1150,1085,-93,-7.89,1153,-25,-2.12,1070,1200,1400-9-10,2021-12-01
737,بميلا,توسعه بازرگاني آهن وفولادميلاد,16,180039,1311584115,7510,7285,7285,-225,-3,7478,-32,-0.43,7285,7285,1400-9-10,2021-12-01
738,اخزا908,اسنادخزانه-م8بودجه99-020606,14,17571,12096484970,687317,687317,690000,2683,0.39,688435,1118,0.16,687317,690000,1400-9-10,2021-12-01
739,شليا,شركت مواد ويژه ليا,14,5200,195150800,38689,37529,37529,-1160,-3,38660,-29,-0.07,37529,37529,1400-9-10,2021-12-01
740,داريك,صندوق س.اعتماد داريك-د,14,164646,1968931064,11952,11958,11958,6,0.05,11959,7,0.06,11958,11961,1400-9-10,2021-12-01
741,شگويات.ف0104,اختيارف.تبعي شگويا010408,13,47081,47081,1,1,1,0,0,1,0,0,1,1,1400-9-10,2021-12-01
742,بذر,صندوق س بذر اميد آفرين-سهام,13,5110,471895160,94870,94000,92980,-1890,-1.99,92350,-2520,-2.66,92270,94000,1400-9-10,2021-12-01
743,اخزا809,اسنادخزانه-م9بودجه98-000923,13,4502,4468431750,991784,992999,991788,4,0,992544,760,0.08,991788,992999,1400-9-10,2021-12-01
744,اخزا811,اسنادخزانه-م11بودجه98-001013,12,17473,17146205777,980128,980005,981459,1331,0.14,981297,1169,0.12,980005,982000,1400-9-10,2021-12-01
745,اخزا813,اسنادخزانه-م13بودجه98-010219,11,1231,1122458040,910551,913800,911000,449,0.05,911826,1275,0.14,910800,913999,1400-9-10,2021-12-01
746,لخانه,لوازم‌ خانگي‌ پارس‌,11,8321,143295941,17753,17221,17221,-532,-3,17745,-8,-0.05,17221,17221,1400-9-10,2021-12-01
747,اخزا909,اسنادخزانه-م9بودجه99-020316,11,24824,17916315713,719488,718223,721500,2012,0.28,721734,2246,0.31,718223,722000,1400-9-10,2021-12-01
748,اخزا820,اسنادخزانه-م20بودجه98-020806,11,9996,6759278372,670276,661130,675700,5424,0.81,676198,5922,0.88,661130,694995,1400-9-10,2021-12-01
749,ضصاد1111,اختيارخ وبصادر-1600-1400/11/06,11,256,98471000,378,420,379,1,0.26,385,7,1.85,360,450,1400-9-10,2021-12-01
750,ثاژن,سخت آژند,10,56391,276992592,5012,4912,4912,-100,-2,5006,-6,-0.12,4912,4912,1400-9-10,2021-12-01
751,اخزا815,اسنادخزانه-م15بودجه98-010406,10,2253,1984524919,883915,877101,884120,205,0.02,880837,-3078,-0.35,877100,888851,1400-9-10,2021-12-01
752,ضجار1021,اختيارخ وتجارت-1800-1400/10/15,10,336,78608000,217,223,250,33,15.21,234,17,7.83,222,250,1400-9-10,2021-12-01
753,هنوري102,اختيارف ت نوري59561-01/02/15,10,11839,11839,1,1,1,0,0,1,0,0,1,1,1400-9-10,2021-12-01
754,اخزا905,اسنادخزانه-م5بودجه99-020218,10,100307,73825701000,731958,735000,743000,11042,1.51,735997,4039,0.55,735000,743000,1400-9-10,2021-12-01
755,طلا2,صندوق س.پشتوانه طلاي لوتوس,10,1000000,1000000,89163,1,1,-89162,-100,1,-89162,-100,1,1,1400-9-10,2021-12-01
756,اخزا911,اسنادخزانه-م11بودجه99-020906,9,17324,11314454000,650936,651000,653500,2564,0.39,653109,2173,0.33,651000,653500,1400-9-10,2021-12-01
757,ثنظام,س. ساختماني نظام مهندسي ايران,9,10941,228645018,21997,20898,20898,-1099,-5,21965,-32,-0.15,20898,20898,1400-9-10,2021-12-01
758,غبهار,كشت وصنعت بهاران گلبهار خراسان,9,10480,178484880,17927,17031,17031,-896,-5,17910,-17,-0.09,17031,17031,1400-9-10,2021-12-01
759,زعف0008پ12,زعفران0008پوشالمعمول سحرخيز(پ),9,439,115255172,252150,246000,262540,10390,4.12,262540,10390,4.12,246000,264900,1400-9-10,2021-12-01
760,قجام,فرآوردههاي غذايي وقندتربت‌جام‌,9,167576,1066453664,6493,6364,6364,-129,-1.99,6464,-29,-0.45,6364,6364,1400-9-10,2021-12-01
761,ضفلا1162,اختيارخ فولاد-9000-1400/11/24,9,36,74819000,2056,2099,2300,244,11.87,2078,22,1.07,2000,2300,1400-9-10,2021-12-01
762,بايكا,كارخانجات كابلسازي ‌ايران‌,8,4526,88668866,20196,19591,19591,-605,-3,20190,-6,-0.03,19591,19591,1400-9-10,2021-12-01
763,برن0104پ01,برنج طارم0104تجارت مازندران(پ),8,914,412896600,449581,452000,451500,1919,0.43,451747,2166,0.48,451500,452800,1400-9-10,2021-12-01
764,تمحركه,ماشين سازي نيرو محركه,8,31713,606669690,19721,19130,19130,-591,-3,19684,-37,-0.19,19130,19130,1400-9-10,2021-12-01
765,تپولا,مهندسي مرآت پولاد,8,6888,112852992,16890,16384,16384,-506,-3,16884,-6,-0.04,16384,16384,1400-9-10,2021-12-01
766,اخزا821,اسنادخزانه-م21بودجه98-020906,8,6856,4522766400,658668,660000,659950,1282,0.19,659680,1012,0.15,653000,660000,1400-9-10,2021-12-01
767,كمان,س.خ.كمان كاريزما 35% تاديه,8,238800,89881932000,376184,376390,376390,206,0.05,376390,206,0.05,376390,376390,1400-9-10,2021-12-01
768,كمينا,شيشه سازي مينا,8,36857,362746594,10146,9842,9842,-304,-3,10134,-12,-0.12,9842,9842,1400-9-10,2021-12-01
769,زعف0110پ09,زعفران0110نگين نوين(پ),8,1674,641313344,393239,385000,374862,-18377,-4.67,383102,-10137,-2.58,374861,387999,1400-9-10,2021-12-01
770,سلار,شركت سيمان لارستان,7,7717,208320415,27829,26995,26995,-834,-3,27811,-18,-0.06,26995,26995,1400-9-10,2021-12-01
771,سخند,صندوق س.سپهرخبرگان نفت-د,7,6020,61194980,10132,10224,10149,17,0.17,10165,33,0.33,10123,10224,1400-9-10,2021-12-01
772,ضجار1019,اختيارخ وتجارت-1400-1400/10/15,7,29,16508000,498,849,580,82,16.47,569,71,14.26,550,849,1400-9-10,2021-12-01
773,وجامي,سرمايه گذاري جامي,7,11489,78182645,7015,6805,6805,-210,-2.99,7013,-2,-0.03,6805,6805,1400-9-10,2021-12-01
774,اخزا816,اسنادخزانه-م16بودجه98-010503,7,2381,2080189310,872999,873000,872010,-989,-0.11,873662,663,0.08,872010,875000,1400-9-10,2021-12-01
775,ضملت1135,اختيارخ وبملت-4000-1400/11/13,7,70,5760000,86,82,70,-16,-18.6,82,-4,-4.65,70,94,1400-9-10,2021-12-01
776,اراد86,مرابحه عام دولت86-ش.خ020404,7,27000,25456000000,943571,935000,964000,20429,2.17,942815,-756,-0.08,935000,964000,1400-9-10,2021-12-01
777,زعف0008پ15,زعفران0008پوشالمعمول طلاسرخ(پ),7,1830,480076972,252637,252700,263000,10363,4.1,262337,9700,3.84,252700,263000,1400-9-10,2021-12-01
778,كابگن,توليدي و صنعتي آبگينه‌,7,24713,148450991,5890,6007,6007,117,1.99,5897,7,0.12,6007,6007,1400-9-10,2021-12-01
779,الماس,صندوق س.امين تدبيرگران فردا-س,7,976,100424469,104161,103500,103000,-1161,-1.11,102894,-1267,-1.22,102800,103500,1400-9-10,2021-12-01
780,تملي704,تسهيلات مسكن ب. ملي-تير97,7,60,44898051,712668,748300,748301,35633,5,748301,35633,5,748300,748301,1400-9-10,2021-12-01
781,اخزا918,اسنادخزانه-م18بودجه99-010323,7,19676,17525900925,891048,890603,890604,-444,-0.05,890725,-323,-0.04,890603,894900,1400-9-10,2021-12-01
782,ثهام,صندوق س ثروت هامرز-سهام,7,14766,158922600,11106,10770,10900,-206,-1.85,10763,-343,-3.09,10750,11000,1400-9-10,2021-12-01
783,اگ010155,گام بانك اقتصاد نوين0101,6,40000,36512048500,913250,912802,912800,-450,-0.05,912801,-449,-0.05,912800,912802,1400-9-10,2021-12-01
784,اراد72,مرابحه عام دولت72-ش.خ0311,6,6000,5678988000,935500,945000,949995,14495,1.55,946498,10998,1.18,945000,949995,1400-9-10,2021-12-01
785,وحافظ,بيمه حافظ,6,46790,420501730,9460,8987,8987,-473,-5,9439,-21,-0.22,8987,8987,1400-9-10,2021-12-01
786,فافزا,فولاد افزا سپاهان,6,4723,163042683,35588,34521,34521,-1067,-3,35569,-19,-0.05,34521,34521,1400-9-10,2021-12-01
787,اخزا818,اسنادخزانه-م18بودجه98-010614,5,1621,1377871323,850012,850000,850173,161,0.02,850013,1,0,850000,850173,1400-9-10,2021-12-01
788,سخواف,سيمان مجد خواف,5,4105,30824445,7741,7509,7509,-232,-3,7740,-1,-0.01,7509,7509,1400-9-10,2021-12-01
789,ولشرقح,ح . ليزينگ ايران و شرق,5,14886,21078576,1490,1416,1416,-74,-4.97,1416,-74,-4.97,1416,1416,1400-9-10,2021-12-01
790,ضترا1130,اختيارخ شتران-3089-1400/11/10,5,57,157264057,1281,1256,1280,-1,-0.08,1217,-64,-5,1211,1280,1400-9-10,2021-12-01
791,فالوم,آلومتك‌,5,1478,37053460,25845,25070,25070,-775,-3,25842,-3,-0.01,25070,25070,1400-9-10,2021-12-01
792,زعف0008پ19,زعفران0008نگين تروند قاينات(پ),5,1987,588451584,291159,305362,296000,4841,1.66,296151,4992,1.71,296000,305362,1400-9-10,2021-12-01
793,حرهشا,رهشاد سپاهان (سهامي عام,5,368,36105216,103275,98112,98112,-5163,-5,103250,-25,-0.02,98112,98112,1400-9-10,2021-12-01
794,آسام,صندوق س.آرمان سپهر آشنا-م,5,650,76975910,118087,118500,118490,403,0.34,118424,337,0.29,118000,118500,1400-9-10,2021-12-01
795,ساروج,بين المللي ساروج بوشهر,5,72220,1115314310,15665,15509,15664,-1,-0.01,15639,-26,-0.17,15352,15664,1400-9-10,2021-12-01
796,ضستا1005,اختيارخ شستا-14000-1400/10/29,4,26,10349000,482,334,401,-81,-16.8,398,-84,-17.43,334,401,1400-9-10,2021-12-01
797,زير0103پ01,زيره سبز0103كيميابذر(پ),4,50,45610010,923965,910001,910000,-13965,-1.51,912200,-11765,-1.27,905000,915000,1400-9-10,2021-12-01
798,واحصا,احياء صنايع خراسان,4,390,18074940,47779,46346,46346,-1433,-3,47776,-3,-0.01,46346,46346,1400-9-10,2021-12-01
799,پادا,صندوق س.پاداش سرمايه پارس-س,4,1800,188810000,105565,105800,104900,-665,-0.63,104894,-671,-0.64,102000,105800,1400-9-10,2021-12-01
800,ثروتم,صندوق س. ثروت آفرين پارسيان-س,4,2170,181597000,84560,83674,84160,-400,-0.47,83685,-875,-1.03,83674,84160,1400-9-10,2021-12-01
801,ضبدر1164,اختيارخ شبندر-7000-1400/11/13,3,44,13320000,300,310,300,0,0,303,3,1,300,310,1400-9-10,2021-12-01
802,ولانا,شركت ليزينگ آريا دانا,3,3501,43499925,12809,12425,12425,-384,-3,12806,-3,-0.02,12425,12425,1400-9-10,2021-12-01
803,تملي705,تسهيلات مسكن ب. ملي-مرداد97,3,27,18017397,635535,667311,667311,31776,5,667311,31776,5,667311,667311,1400-9-10,2021-12-01
804,صينا205,صكوك منفعت سينا دارو-3ماهه 19%,3,4,4000000,1000000,1000000,1000000,0,0,1000000,0,0,1000000,1000000,1400-9-10,2021-12-01
805,ضمخا1035,اختيارخ اخابر-7000-1400/10/26,3,12,9711000,1039,811,800,-239,-23,809,-230,-22.14,800,811,1400-9-10,2021-12-01
806,پاسار04,اجاره انرژي پاسارگاد14040302,3,73000,73000000000,1000000,1000000,1000000,0,0,1000000,0,0,1000000,1000000,1400-9-10,2021-12-01
807,ضذوب905,اختيارخ ذوب-5000-14000917,3,9,9000,1,1,1,0,0,1,0,0,1,1,1400-9-10,2021-12-01
808,ضشنا1049,اختيارخ شپنا-6540-1400/10/19,3,20,10978805,367,340,297,-70,-19.07,299,-68,-18.53,297,340,1400-9-10,2021-12-01
809,ضترا1135,اختيارخ شتران-6176-1400/11/10,3,32,5638029,100,42,80,-20,-20,78,-22,-22,42,80,1400-9-10,2021-12-01
810,ضشنا1047,اختيارخ شپنا-4905-1400/10/19,3,30,55967500,1120,1100,1100,-20,-1.79,1017,-103,-9.2,1000,1100,1400-9-10,2021-12-01
811,ضشنا1046,اختيارخ شپنا-4360-1400/10/19,3,11,31745500,2050,1600,1600,-450,-21.95,1573,-477,-23.27,1500,1600,1400-9-10,2021-12-01
812,وسخراج,شركت س استان خراسان جنوبي,3,18264,36327096,2209,1989,1989,-220,-9.96,2209,0,0,1989,1989,1400-9-10,2021-12-01
813,نگين,ص.س. زمين و ساختمان نگين شهرري,3,208,10820080,52380,53120,51900,-480,-0.92,52020,-360,-0.69,51900,53120,1400-9-10,2021-12-01
814,اراد62,مرابحه عام دولت62-ش.خ0309,3,53000,53000000000,1000000,1000000,1000000,0,0,1000000,0,0,1000000,1000000,1400-9-10,2021-12-01
815,طملت1133,اختيارف وبملت-3000-1400/11/13,2,13,2340000,140,180,180,40,28.57,180,40,28.57,180,180,1400-9-10,2021-12-01
816,شرق1400,مشاركت ليزينگ ايران وشرق140010,2,505,504779955,999500,1005991,999500,0,0,999564,64,0.01,999500,1005991,1400-9-10,2021-12-01
817,دتوليدح,ح. داروسازي توليد دارو,2,11020,81548000,7702,7400,7400,-302,-3.92,7400,-302,-3.92,7400,7400,1400-9-10,2021-12-01
818,زيتون2,صندوق س زيتون نماد پايا- مختلط,2,180000,180000,9660,1,1,-9659,-99.99,1,-9659,-99.99,1,1,1400-9-10,2021-12-01
819,فسديد,لوله‌وتجهيزات‌ سديد - ورشكسته,2,1100,113191100,105001,102901,102901,-2100,-2,104942,-59,-0.06,102901,102901,1400-9-10,2021-12-01
820,زعف0110پ19,زعفران0110نگين تروند قاينات(پ),2,133,54230968,399352,400000,414319,14967,3.75,407752,8400,2.1,400000,414319,1400-9-10,2021-12-01
821,عيار2,صندوق سكه طلاي مفيد,2,20000,20000,31971,1,1,-31970,-100,1,-31970,-100,1,1,1400-9-10,2021-12-01
822,ضفلا1160,اختيارخ فولاد-7000-1400/11/24,2,2,7801000,3785,3900,3901,116,3.06,3900,115,3.04,3900,3901,1400-9-10,2021-12-01
823,ضپيك1031,اختيارخ تاپيكو-14000-00/10/15,2,2,2001000,1200,1001,1000,-200,-16.67,1000,-200,-16.67,1000,1001,1400-9-10,2021-12-01
824,ضفلا1165,اختيارخ فولاد-14000-1400/11/24,2,2,500000,417,250,250,-167,-40.05,250,-167,-40.05,250,250,1400-9-10,2021-12-01
825,ضملت1132,اختيارخ وبملت-2500-1400/11/13,2,49,34290000,696,738,699,3,0.43,700,4,0.57,699,738,1400-9-10,2021-12-01
826,ضستا1002,اختيارخ شستا-9000-1400/10/29,2,6,15580000,2278,2580,2680,402,17.65,2597,319,14,2580,2680,1400-9-10,2021-12-01
827,وسنا,سرمايه گذاري نيروگاهي ايران,2,1500,16522500,11355,11015,11015,-340,-2.99,11355,0,0,11015,11015,1400-9-10,2021-12-01
828,اراد33,مرابحه عام دولت3-ش.خ 0303,2,1200,1125148600,930743,930743,939000,8257,0.89,937624,6881,0.74,930743,939000,1400-9-10,2021-12-01
829,ضمخا1038,اختيارخ اخابر-10000-1400/10/26,2,2,700000,300,300,400,100,33.33,350,50,16.67,300,400,1400-9-10,2021-12-01
830,مشهد212,مشاركت ش مشهد212-3ماهه18%,2,2000,1952251000,945000,992250,960001,15001,1.59,976125,31125,3.29,960001,992250,1400-9-10,2021-12-01
831,ضپاس1010,اختيارخ وپارس-1800-1400/10/22,2,4,1595000,400,395,400,0,0,399,-1,-0.25,395,400,1400-9-10,2021-12-01
832,ضپاس1011,اختيارخ وپارس-2000-1400/10/22,2,13,3900000,379,300,300,-79,-20.84,300,-79,-20.84,300,300,1400-9-10,2021-12-01
833,اخزا810,اسنادخزانه-م10بودجه98-001006,2,2291,2256864252,984214,985101,985100,886,0.09,985100,886,0.09,985100,985101,1400-9-10,2021-12-01
834,رايان106,مشاركت رايان سايپا-3ماهه16%,2,24,23169408,965392,965392,965392,0,0,965392,0,0,965392,965392,1400-9-10,2021-12-01
835,گپارس,امور رفاهي كارگزاران پارس,2,124,15911308,135070,128317,128317,-6753,-5,135058,-12,-0.01,128317,128317,1400-9-10,2021-12-01
836,ضملت1134,اختيارخ وبملت-3500-1400/11/13,2,8,1526000,199,205,167,-32,-16.08,191,-8,-4.02,167,205,1400-9-10,2021-12-01
837,دشيري,شيرين دارو,2,130,16267290,129003,125133,125133,-3870,-3,128996,-7,-0.01,125133,125133,1400-9-10,2021-12-01
838,ضصاد1112,اختيارخ وبصادر-1800-1400/11/06,2,10,2257000,280,226,225,-55,-19.64,226,-54,-19.29,225,226,1400-9-10,2021-12-01
839,ضپاس1009,اختيارخ وپارس-1600-1400/10/22,2,40,22000000,600,550,550,-50,-8.33,550,-50,-8.33,550,550,1400-9-10,2021-12-01
840,دمعيار,صندوق س. توازن معيار-د,2,514,5109219,10003,9999,9940,-63,-0.63,9940,-63,-0.63,9940,9999,1400-9-10,2021-12-01
841,ضصاد1110,اختيارخ وبصادر-1400-1400/11/06,2,109,63500000,427,590,500,73,17.1,583,156,36.53,500,590,1400-9-10,2021-12-01
842,كمند2,صندوق س. با درآمد ثابت كمند,2,47500000,47500000,10133,1,1,-10132,-99.99,1,-10132,-99.99,1,1,1400-9-10,2021-12-01
843,پارتا,مجتمع‌صنعتي‌آرتاويل‌تاير,2,681,16140381,24434,23701,23701,-733,-3,24433,-1,0,23701,23701,1400-9-10,2021-12-01
844,طذوب903,اختيارف ذوب-4000-14000917,1,7,1050000,100,150,150,50,50,150,50,50,150,150,1400-9-10,2021-12-01
845,تملي709,تسهيلات مسكن ب. ملي-آذر97,1,1,696464,733120,696464,696464,-36656,-5,696464,-36656,-5,696464,696464,1400-9-10,2021-12-01
846,ضترا1134,اختيارخ شتران-5294-1400/11/10,1,7,2697730,114,170,170,56,49.12,170,56,49.12,170,170,1400-9-10,2021-12-01
847,اخزا9052,اسنادخزانه-م5بودجه99-020218,1,200000,146800000000,731958,734000,734000,2042,0.28,734000,2042,0.28,734000,734000,1400-9-10,2021-12-01
848,اراد60,مرابحه عام دولتي6-ش.خ0210,1,1000,931666000,935666,931666,931666,-4000,-0.43,931666,-4000,-0.43,931666,931666,1400-9-10,2021-12-01
849,كگل2,معدني و صنعتي گل گهر,1,6374841,150000008730,23530,23530,23530,0,0,23530,0,0,23530,23530,1400-9-10,2021-12-01
850,حگردش4,ريل گردش ايرانيان,1,103374425,420113663200,4064,4064,4064,0,0,4064,0,0,4064,4064,1400-9-10,2021-12-01
851,ضذوب902,اختيارخ ذوب-3500-14000917,1,1,200000,308,200,200,-108,-35.06,200,-108,-35.06,200,200,1400-9-10,2021-12-01
852,فولاد2,فولاد مباركه اصفهان,1,14851485,149999998500,10100,10100,10100,0,0,10100,0,0,10100,10100,1400-9-10,2021-12-01
853,وپارس2,بانك‌پارسيان‌,1,71599045,149999999275,2095,2095,2095,0,0,2095,0,0,2095,2095,1400-9-10,2021-12-01
854,فايرا2,آلومينيوم‌ايران‌,1,40000000,640000000000,16200,16000,16000,-200,-1.23,16000,-200,-1.23,16000,16000,1400-9-10,2021-12-01
855,شخارك2,پتروشيمي‌ خارك‌,1,2923407,150000013170,51310,51310,51310,0,0,51310,0,0,51310,51310,1400-9-10,2021-12-01
856,هپارس102,اختيارف ت پارس-157010-01/02/05,1,15000,15000,1,1,1,0,0,1,0,0,1,1,1400-9-10,2021-12-01
857,سپاس2,صندوق س. پاداش سهامداري-ثابت,1,100000,100000,10139,1,1,-10138,-99.99,1,-10138,-99.99,1,1,1400-9-10,2021-12-01
858,ضستا1007,اختيارخ شستا-18000-1400/10/29,1,2,200000,161,100,100,-61,-37.89,100,-61,-37.89,100,100,1400-9-10,2021-12-01
859,وبشهر2,توسعه‌ صنايع‌ بهشهر(هلدينگ,1,24281392,172640697120,7110,7110,7110,0,0,7110,0,0,7110,7110,1400-9-10,2021-12-01
860,اخابر2,مخابرات ايران,1,3016469,21929729630,7420,7270,7270,-150,-2.02,7270,-150,-2.02,7270,7270,1400-9-10,2021-12-01
861,اخزا0062,اسنادخزانه-م6بودجه00-030723,1,568948,295852960000,516940,520000,520000,3060,0.59,520000,3060,0.59,520000,520000,1400-9-10,2021-12-01
862,شبهرن2,نفت‌ بهران‌,1,27058446,299536997220,11290,11070,11070,-220,-1.95,11070,-220,-1.95,11070,11070,1400-9-10,2021-12-01
863,وسالت,بانك قرض الحسنه رسالت,1,137,148234,1051,1082,1082,31,2.95,1051,0,0,1082,1082,1400-9-10,2021-12-01
864,ضذوب904,اختيارخ ذوب-4500-14000917,1,5,5000,1,1,1,0,0,1,0,0,1,1,1400-9-10,2021-12-01
865,ونوين2,بانك‌اقتصادنوين‌,1,45153522,150000000084,3322,3322,3322,0,0,3322,0,0,3322,3322,1400-9-10,2021-12-01
866,طجار1022,اختيارف وتجارت-2000-1400/10/15,1,1,150000,224,150,150,-74,-33.04,150,-74,-33.04,150,150,1400-9-10,2021-12-01
867,كچاد2,معدني‌وصنعتي‌چادرملو,1,5549390,150000011700,27030,27030,27030,0,0,27030,0,0,27030,27030,1400-9-10,2021-12-01
868,وملل4,اعتباري ملل,1,285986745,3552813333135,8949,12423,12423,3474,38.82,12423,3474,38.82,12423,12423,1400-9-10,2021-12-01
869,اوصتا4,صندوق انديشه ورزان صباتامين -د,1,72502295,1499999981255,20677,20689,20689,12,0.06,20689,12,0.06,20689,20689,1400-9-10,2021-12-01
870,اراد34,مرابحه عام دولت3-ش.خ 0305,1,10000,10000000000,1000000,1000000,1000000,0,0,1000000,0,0,1000000,1000000,1400-9-10,2021-12-01
871,امين يكم4,صندوق درآمد ثابت امين يكم فردا,1,99492538,999900006900,10041,10050,10050,9,0.09,10050,9,0.09,10050,10050,1400-9-10,2021-12-01
872,ضفلا1161,اختيارخ فولاد-8000-1400/11/24,1,2,6200000,3825,3100,3100,-725,-18.95,3100,-725,-18.95,3100,3100,1400-9-10,2021-12-01
873,اخزا904,اسنادخزانه-م4بودجه99-011215,1,200,152800000,761418,764000,764000,2582,0.34,764000,2582,0.34,764000,764000,1400-9-10,2021-12-01
874,طجار1023,اختيارف وتجارت-2500-1400/10/15,1,3,2100000,400,700,700,300,75,700,300,75,700,700,1400-9-10,2021-12-01
875,صبا14044,اجاصبابدون ضامن بارتبه اعتباري,1,230000,230000000000,1000000,1000000,1000000,0,0,1000000,0,0,1000000,1000000,1400-9-10,2021-12-01
876,وسپه2,سرمايه‌گذاري‌ سپه‌,1,6000000,45000000000,7630,7500,7500,-130,-1.7,7500,-130,-1.7,7500,7500,1400-9-10,2021-12-01
877,ضترا1133,اختيارخ شتران-4411-1400/11/10,1,2,1360200,284,300,300,16,5.63,300,16,5.63,300,300,1400-9-10,2021-12-01
878,وآتوس,س.آرين توسكا قيمت اسمي 350ريال,1,216,5291784,25256,24499,24499,-757,-3,25255,-1,0,24499,24499,1400-9-10,2021-12-01
879,ضپاس1013,اختيارخ وپارس-3000-1400/10/22,1,5,280000,56,56,56,0,0,56,0,0,56,56,1400-9-10,2021-12-01
880,جم2,پتروشيمي جم,1,25000000,1207250000000,48290,48290,48290,0,0,48290,0,0,48290,48290,1400-9-10,2021-12-01
881,زعف0008پ09,زعفران0008نگين نوين(پ),1,43,13130566,292785,305362,305362,12577,4.3,305362,12577,4.3,305362,305362,1400-9-10,2021-12-01
882,صنفت312,صكوك منفعت نفت312-6ماهه 18/5%,1,6,5999400,990000,999900,999900,9900,1,999900,9900,1,999900,999900,1400-9-10,2021-12-01
883,مشهد0012,مشاركت شهرداري مشهد-3ماهه20%,1,20,20000000,1000000,1000000,1000000,0,0,1000000,0,0,1000000,1000000,1400-9-10,2021-12-01
884,ضمخا1036,اختيارخ اخابر-8000-1400/10/26,1,1,411000,419,411,411,-8,-1.91,411,-8,-1.91,411,411,1400-9-10,2021-12-01
885,شفن2,پتروشيمي فناوران,1,7630875,127359303750,16690,16690,16690,0,0,16690,0,0,16690,16690,1400-9-10,2021-12-01
