,نماد,نام,تعداد,حجم,ارزش,دیروز,اولین,آخرین معامله - مقدار,آخرین معامله - تغییر,آخرین معامله - درصد,قیمت پایانی - مقدار,قیمت پایانی - تغییر,قیمت پایانی - درصد,کمترین,بیشترین,تاریخ,gregorian_date
0,پالايش,صندوق پالايشي يكم-سهام,60532,97400029,7117424584000,74810,72750,71330,-3480,-4.65,73070,-1740,-2.33,70550,76300,1400-3-10,2021-05-31
1,فگستر,گسترش صنايع روي ايرانيان,52844,2244128,23823662848,10111,10616,10616,505,4.99,10616,505,4.99,10616,10616,1400-3-10,2021-05-31
2,فتوسا,توليد و توسعه سرب روي ايرانيان,40706,1154137,13340669583,11009,11559,11559,550,5,11432,423,3.84,11559,11559,1400-3-10,2021-05-31
3,دارا يكم,صندوق واسطه گري مالي يكم-سهام,26465,20546382,2552237261480,129460,124600,121700,-7760,-5.99,124220,-5240,-4.05,121500,128890,1400-3-10,2021-05-31
4,شپنا,پالايش نفت اصفهان,25655,311536936,3342608342120,10470,10470,10580,110,1.05,10730,260,2.48,10250,10990,1400-3-10,2021-05-31
5,غزر,صنعتي زر ماكارون,22341,13573023,324230095880,23090,22500,23400,310,1.34,23890,800,3.46,22500,24240,1400-3-10,2021-05-31
6,چخزر,صنايع چوب خزر كاسپين,19613,3074656,102138789253,34399,33300,32680,-1719,-5,33220,-1179,-3.43,32680,34600,1400-3-10,2021-05-31
7,بركت,گروه دارويي بركت,15572,49908123,1307054138650,25270,25880,26530,1260,4.99,26190,920,3.64,24700,26530,1400-3-10,2021-05-31
8,سپيدار,سپيدار سيستم آسيا,15227,897359,42675596412,49461,47710,46988,-2473,-5,47557,-1904,-3.85,46988,48990,1400-3-10,2021-05-31
9,خودرو,ايران‌ خودرو,12236,495087332,861604616315,1814,1757,1724,-90,-4.96,1740,-74,-4.08,1724,1811,1400-3-10,2021-05-31
10,خساپا,سايپا,12034,445352588,703940156853,1642,1596,1560,-82,-4.99,1581,-61,-3.71,1560,1650,1400-3-10,2021-05-31
11,غكورش,صنعت غذايي كورش,11307,1794126,62184407160,33010,34660,34660,1650,5,34660,1650,5,34660,34660,1400-3-10,2021-05-31
12,شتران,پالايش نفت تهران,11130,114639341,926221082940,8110,8000,7850,-260,-3.21,8080,-30,-0.37,7730,8480,1400-3-10,2021-05-31
13,فملي,ملي‌ صنايع‌ مس‌ ايران‌,10697,64416560,802814578260,12730,12410,12290,-440,-3.46,12460,-270,-2.12,12210,12900,1400-3-10,2021-05-31
14,اپال,فرآوري معدني اپال كاني پارس,10314,18472681,356801132720,18730,18540,19150,420,2.24,19320,590,3.15,18540,19650,1400-3-10,2021-05-31
15,كزغال,زغال سنگ پروده طبس,9661,4862751,150069580546,31190,30010,30201,-989,-3.17,30861,-329,-1.05,30010,31534,1400-3-10,2021-05-31
16,فولاد,فولاد مباركه اصفهان,9335,84163749,811361579940,9770,9520,9570,-200,-2.05,9640,-130,-1.33,9470,9950,1400-3-10,2021-05-31
17,غگيلا,شيرپاستوريزه پگاه گيلان,9076,6607996,115438840361,17787,17989,16898,-889,-5,17470,-317,-1.78,16898,18250,1400-3-10,2021-05-31
18,شبندر,پالايش نفت بندرعباس,8342,40771251,886937180350,22020,21770,21180,-840,-3.81,21750,-270,-1.23,20980,22690,1400-3-10,2021-05-31
19,شستا,سرمايه گذاري تامين اجتماعي,8304,42250430,436580409040,10550,10350,10160,-390,-3.7,10330,-220,-2.09,10100,10650,1400-3-10,2021-05-31
20,امينح,ح . تامين سرمايه امين,7476,4861760,24551921850,5120,5000,4950,-170,-3.32,5050,-70,-1.37,4950,5120,1400-3-10,2021-05-31
21,وتجارت,بانك تجارت,6660,319451673,646672710774,2038,1967,2040,2,0.1,2024,-14,-0.69,1950,2069,1400-3-10,2021-05-31
22,كرمان,س. توسعه و عمران استان كرمان,6587,219185363,216014874219,997,998,971,-26,-2.61,986,-11,-1.1,955,1017,1400-3-10,2021-05-31
23,وبملت,بانك ملت,6583,190820450,729834017879,3990,3899,3791,-199,-4.99,3825,-165,-4.14,3791,3980,1400-3-10,2021-05-31
24,ذوب,سهامي ذوب آهن  اصفهان,5912,134180927,438955969548,3273,3266,3210,-63,-1.92,3271,-2,-0.06,3160,3384,1400-3-10,2021-05-31
25,ثاميد,توسعه و عمران اميد,5889,90128757,137334411119,1514,1442,1553,39,2.58,1524,10,0.66,1440,1565,1400-3-10,2021-05-31
26,غگل,گلوكوزان‌,5515,110206325,291820194246,2688,2700,2611,-77,-2.86,2648,-40,-1.49,2554,2778,1400-3-10,2021-05-31
27,ثبهساز,بهساز كاشانه تهران,5360,44069829,76235721776,1812,1735,1722,-90,-4.97,1730,-82,-4.53,1722,1770,1400-3-10,2021-05-31
28,آريا,پليمر آريا ساسول,4755,2095014,174967327986,83857,83857,83500,-357,-0.43,83516,-341,-0.41,81000,86049,1400-3-10,2021-05-31
29,ولپارس,ليزينگ پارسيان,4476,7730272,30163813289,4046,3845,3844,-202,-4.99,3902,-144,-3.56,3844,4005,1400-3-10,2021-05-31
30,امين يكم,صندوق درآمد ثابت امين يكم فردا,4450,171742143,1728298901348,10038,10046,10062,24,0.24,10063,25,0.25,10045,10083,1400-3-10,2021-05-31
31,خگستر,گسترش‌سرمايه‌گذاري‌ايران‌خودرو,4377,129299330,246691957046,1989,1903,1890,-99,-4.98,1908,-81,-4.07,1890,1979,1400-3-10,2021-05-31
32,كاذر,فرآورده‌هاي‌نسوزآذر,4357,15225612,228757324050,15070,15000,14530,-540,-3.58,15020,-50,-0.33,14320,15710,1400-3-10,2021-05-31
33,بوعلي,پتروشيمي بوعلي سينا,4320,970679,42865001220,45560,44290,43730,-1830,-4.02,44590,-970,-2.13,43580,45300,1400-3-10,2021-05-31
34,وكبهمن,مديريت سرمايه گذاري كوثربهمن,4045,1779294,19440438583,11066,11002,10806,-260,-2.35,10926,-140,-1.27,10750,11111,1400-3-10,2021-05-31
35,كوير,توليدي فولاد سپيد فراب كوير,3926,26694314,346992773050,13560,13000,12890,-670,-4.94,13000,-560,-4.13,12890,13500,1400-3-10,2021-05-31
36,وسپهر,سرمايه گذاري مالي سپهرصادرات,3703,11281333,102593013578,9120,9095,9094,-26,-0.29,9096,-24,-0.26,9094,9096,1400-3-10,2021-05-31
37,خبهمن,گروه‌بهمن‌,3639,172177077,191951563901,1169,1129,1111,-58,-4.96,1115,-54,-4.62,1111,1155,1400-3-10,2021-05-31
38,وبصادر,بانك صادرات ايران,3548,80623986,152894859249,1938,1879,1866,-72,-3.72,1896,-42,-2.17,1858,1978,1400-3-10,2021-05-31
39,شگويا,پتروشيمي تندگويان,3532,18876224,162803660365,8976,8553,8528,-448,-4.99,8625,-351,-3.91,8528,8960,1400-3-10,2021-05-31
40,پترول,گ.س.وت.ص.پتروشيمي خليج فارس,3516,19726260,169088213810,8890,8730,8450,-440,-4.95,8570,-320,-3.6,8450,8890,1400-3-10,2021-05-31
41,كمند,صندوق س. با درآمد ثابت كمند,3472,138448187,1404252832523,10138,10142,10143,5,0.05,10143,5,0.05,10142,10145,1400-3-10,2021-05-31
42,بگيلان,توسعه مسير برق گيلان,3388,2377852,43322118651,18023,17632,18143,120,0.67,18219,196,1.09,17460,18600,1400-3-10,2021-05-31
43,ماديرا,صنايع ماديران,3124,61845265,449073719292,6921,7267,7267,346,5,7261,340,4.91,7020,7267,1400-3-10,2021-05-31
44,فجر,فولاد اميركبيركاشان,3084,19402408,445833567390,21110,22750,23050,1940,9.19,22980,1870,8.86,22520,23880,1400-3-10,2021-05-31
45,وخارزم,سرمايه گذاري خوارزمي,3056,29870300,116125576658,3977,3851,3818,-159,-4,3888,-89,-2.24,3780,4050,1400-3-10,2021-05-31
46,كاما,باما,2898,30958490,255071200840,8660,8230,8230,-430,-4.97,8240,-420,-4.85,8230,8370,1400-3-10,2021-05-31
47,سمايه,بانك سرمايه,2890,31600050,136283117189,4374,4156,4300,-74,-1.69,4313,-61,-1.39,4156,4540,1400-3-10,2021-05-31
48,وغدير,سرمايه‌گذاري‌غدير(هلدينگ‌,2836,25403471,262261900020,10380,10300,10270,-110,-1.06,10320,-60,-0.58,10020,10640,1400-3-10,2021-05-31
49,سيتا,سرمايه گذاري سيمان تامين,2800,4889297,73343455580,15020,15000,15000,-20,-0.13,15000,-20,-0.13,15000,15010,1400-3-10,2021-05-31
50,امين,تامين سرمايه امين,2772,4593155,32658952750,7110,7110,7110,0,0,7110,0,0,7110,7120,1400-3-10,2021-05-31
51,كيان,صندوق س. با درآمد ثابت كيان,2737,69602053,1994427328340,28640,28656,28657,17,0.06,28655,15,0.05,28654,28658,1400-3-10,2021-05-31
52,بپيوند,برق و انرژي پيوندگستر پارس,2737,2906811,29171226354,10476,10150,9953,-523,-4.99,10035,-441,-4.21,9953,10403,1400-3-10,2021-05-31
53,آبادا,توليد نيروي برق آبادان,2719,1479903,14760841690,10230,9760,9720,-510,-4.99,9990,-240,-2.35,9720,10370,1400-3-10,2021-05-31
54,ودي,بيمه  دي,2645,19310668,369491564896,18292,18350,19206,914,5,19134,842,4.6,18301,19206,1400-3-10,2021-05-31
55,پتاير,ايران‌ تاير,2637,54378547,146353593939,2826,2710,2685,-141,-4.99,2691,-135,-4.78,2685,2760,1400-3-10,2021-05-31
56,حكشتي,كشتيراني جمهوري اسلامي ايران,2573,9265273,121239026570,13630,13340,12950,-680,-4.99,13090,-540,-3.96,12950,13530,1400-3-10,2021-05-31
57,فارس,صنايع پتروشيمي خليج فارس,2530,26215815,248499711590,9530,9690,9330,-200,-2.1,9480,-50,-0.52,9290,9720,1400-3-10,2021-05-31
58,وملي,گروه‌ صنعتي‌ ملي‌ (هلدينگ‌,2502,1072929,148498139630,139910,140100,132920,-6990,-5,138400,-1510,-1.08,132920,145000,1400-3-10,2021-05-31
59,دكوثر,داروسازي‌ كوثر,2499,23516440,103400741270,4426,4205,4550,124,2.8,4397,-29,-0.66,4205,4600,1400-3-10,2021-05-31
60,وپارس,بانك‌پارسيان‌,2490,71885679,202960422322,2810,2821,2822,12,0.43,2823,13,0.46,2819,2845,1400-3-10,2021-05-31
61,فخوز,فولاد  خوزستان,2385,13604071,212137577210,15700,15050,15500,-200,-1.27,15590,-110,-0.7,15050,15830,1400-3-10,2021-05-31
62,وپست,پست بانك ايران,2383,14918137,339416409500,21840,20750,22930,1090,4.99,22750,910,4.17,20750,22930,1400-3-10,2021-05-31
63,گشان,توسعه بين المللي پديده شانديز,2378,6562541,139219006971,21618,21700,21186,-432,-2,21214,-404,-1.87,21186,21700,1400-3-10,2021-05-31
64,فروس,فروسيليس‌ ايران‌,2245,46845021,246733527062,5151,5408,5120,-31,-0.6,5267,116,2.25,5000,5408,1400-3-10,2021-05-31
65,غسالم,سالمين‌,2195,36005212,122475140415,3277,3220,3440,163,4.97,3402,125,3.81,3190,3440,1400-3-10,2021-05-31
66,تسه0002,امتيازتسهيلاتمسكن ارديبهشت1400,2190,64949,35527076269,542817,567000,527000,-15817,-2.91,547000,4183,0.77,525129,567000,1400-3-10,2021-05-31
67,حرهشا,رهشاد سپاهان (سهامي عام,2176,4001542,237331336722,61695,59228,61000,-695,-1.13,59310,-2385,-3.87,59228,61000,1400-3-10,2021-05-31
68,وپاسار,بانك  پاسارگاد,2081,33521467,530317712220,15810,15820,15830,20,0.13,15820,10,0.06,15820,15850,1400-3-10,2021-05-31
69,اعتماد,صندوق س.اعتماد آفرين پارسيان-د,2049,38043950,1396690059850,36693,36713,36712,19,0.05,36713,20,0.05,36711,36716,1400-3-10,2021-05-31
70,نوري,پتروشيمي نوري,2037,2724816,170906001740,63670,62000,62820,-850,-1.34,62720,-950,-1.49,61000,63730,1400-3-10,2021-05-31
71,پيزد,مجتمع صنايع لاستيك يزد,1990,225311,12084533573,54728,52020,53500,-1228,-2.24,53877,-851,-1.55,52020,54890,1400-3-10,2021-05-31
72,كلوند,كاشي‌ الوند,1949,3837160,75164217730,20300,19800,19290,-1010,-4.98,19590,-710,-3.5,19290,20280,1400-3-10,2021-05-31
73,سرو,صندوق س سروسودمند مدبران-سهام,1914,2327897,138326460090,60880,58220,58410,-2470,-4.06,59420,-1460,-2.4,57520,61210,1400-3-10,2021-05-31
74,فوكا,فولاد كاويان,1844,14428193,172417826237,11665,12014,12014,349,2.99,11950,285,2.44,11450,12014,1400-3-10,2021-05-31
75,دانا,بيمه دانا,1689,29897914,148706947910,5230,5000,4990,-240,-4.59,4970,-260,-4.97,4970,5100,1400-3-10,2021-05-31
76,خزاميا,زامياد,1663,21383091,123227668530,6050,5750,5750,-300,-4.96,5760,-290,-4.79,5750,5910,1400-3-10,2021-05-31
77,فرآور,فرآوري‌موادمعدني‌ايران‌,1647,4674151,123185874910,27270,26350,25910,-1360,-4.99,26350,-920,-3.37,25910,27700,1400-3-10,2021-05-31
78,شبريز,پالايش نفت تبريز,1647,5345140,133999689930,25320,24900,24600,-720,-2.84,25070,-250,-0.99,24110,26300,1400-3-10,2021-05-31
79,وبيمه,سرمايه‌ گذاري‌ صنعت‌ بيمه‌,1571,68549834,126546936789,1941,1847,1844,-97,-5,1846,-95,-4.89,1844,1890,1400-3-10,2021-05-31
80,قشرين,قند شيرين خراسان,1568,10391082,129510964863,12286,12550,12281,-5,-0.04,12464,178,1.45,11918,12654,1400-3-10,2021-05-31
81,بترانس,ايران‌ ترانسفو,1566,30568554,67591845681,2313,2298,2198,-115,-4.97,2211,-102,-4.41,2198,2298,1400-3-10,2021-05-31
82,فباهنرح,ح . مس‌ شهيدباهنر,1558,6931767,95422161800,14170,13890,13920,-250,-1.76,13770,-400,-2.82,13160,14290,1400-3-10,2021-05-31
83,فباهنر,مس‌ شهيدباهنر,1553,4841189,110649274080,22340,22100,23420,1080,4.83,22860,520,2.33,21690,23450,1400-3-10,2021-05-31
84,فاراك,ماشين‌ سازي‌ اراك‌,1552,31619396,64754334143,2145,2070,2038,-107,-4.99,2048,-97,-4.52,2038,2108,1400-3-10,2021-05-31
85,ساوه,سيمان ساوه,1508,591198,24389689771,41482,40000,40650,-832,-2.01,41255,-227,-0.55,40000,42600,1400-3-10,2021-05-31
86,نوين,بيمه نوين,1496,14352656,75996715345,5427,5205,5182,-245,-4.51,5295,-132,-2.43,5156,5450,1400-3-10,2021-05-31
87,فمراد,آلومراد,1495,818507,62703777810,78600,74670,75500,-3100,-3.94,76610,-1990,-2.53,74670,81000,1400-3-10,2021-05-31
88,وخارزمح,ح.سرمايه گذاري خوارزمي,1478,10205301,27180911945,2828,2620,2582,-246,-8.7,2663,-165,-5.83,2561,2828,1400-3-10,2021-05-31
89,حفاري,حفاري شمال,1441,10883671,63748322530,5860,5890,5780,-80,-1.37,5860,0,0,5660,6080,1400-3-10,2021-05-31
90,غپينو,پارس‌ مينو,1391,11933940,70048727740,6100,6100,5800,-300,-4.92,5870,-230,-3.77,5800,6150,1400-3-10,2021-05-31
91,ومعادنح,ح . توسعه‌معادن‌وفلزات‌,1381,15035871,88332042330,6100,6010,5780,-320,-5.25,5870,-230,-3.77,5750,6120,1400-3-10,2021-05-31
92,ونوين,بانك‌اقتصادنوين‌,1380,29176879,120565034274,4241,4197,4102,-139,-3.28,4132,-109,-2.57,4071,4263,1400-3-10,2021-05-31
93,آگاس,صندوق س.هستي بخش آگاه-س,1343,1962662,126225255593,65397,64480,63600,-1797,-2.75,64313,-1084,-1.66,63010,65500,1400-3-10,2021-05-31
94,وتوصا,گروه س توسعه صنعتي ايران,1293,8069029,66313371600,8120,8140,8120,0,0,8220,100,1.23,7820,8410,1400-3-10,2021-05-31
95,اخابر,مخابرات ايران,1282,15890407,117779752510,7710,7330,7330,-380,-4.93,7420,-290,-3.76,7330,7780,1400-3-10,2021-05-31
96,ميدكو,هلدينگ صنايع  معدني خاورميانه,1273,6667397,274364590542,41144,41142,41142,-2,0,41150,6,0.01,41140,41510,1400-3-10,2021-05-31
97,تاپيكو,س. نفت و گاز و پتروشيمي تأمين,1240,12593905,130333053810,10680,10310,10210,-470,-4.4,10350,-330,-3.09,10150,10840,1400-3-10,2021-05-31
98,كفپارس,فرآورده‌هاي‌ نسوز پارس‌,1233,21486338,60369999494,2951,2940,2804,-147,-4.98,2810,-141,-4.78,2804,2940,1400-3-10,2021-05-31
99,افران,صندوق س افرا نماد پايدار-ثابت,1233,47210672,633674484806,13414,13423,13428,14,0.1,13422,8,0.06,13422,13428,1400-3-10,2021-05-31
100,ولساپا,ليزينگ رايان‌ سايپا,1231,21876203,57997855772,2817,2751,2646,-171,-6.07,2651,-166,-5.89,2614,2751,1400-3-10,2021-05-31
101,وبانك,سرمايه گذاري گروه توسعه ملي,1208,11390345,81251306170,7360,7110,7000,-360,-4.89,7130,-230,-3.13,7000,7430,1400-3-10,2021-05-31
102,ستران,سيمان‌ تهران‌,1186,3515589,66592014600,19720,19150,18740,-980,-4.97,18940,-780,-3.96,18740,19600,1400-3-10,2021-05-31
103,وسبحان,سرمايه گذاري سبحان,1184,30657520,71397927178,2369,2350,2302,-67,-2.83,2329,-40,-1.69,2251,2419,1400-3-10,2021-05-31
104,ثاخت,بين‌المللي‌توسعه‌ساختمان,1177,23546846,47415096747,2096,2085,1992,-104,-4.96,2014,-82,-3.91,1992,2085,1400-3-10,2021-05-31
105,بجهرم,توسعه مولد نيروگاهي جهرم,1176,20974194,42797841634,2129,2052,2023,-106,-4.98,2040,-89,-4.18,2023,2125,1400-3-10,2021-05-31
106,لسرما,سرما آفرين‌,1144,2118997,44007150490,20610,20970,20800,190,0.92,20770,160,0.78,20030,21490,1400-3-10,2021-05-31
107,سرچشمه,سرمايه گذاري مس سرچشمه,1136,4428761,30428393207,6941,6941,6958,17,0.24,6871,-70,-1.01,6700,6990,1400-3-10,2021-05-31
108,درهآور,دارويي ره آورد تامين,1135,2975357,77799083865,25117,24600,26372,1255,5,26148,1031,4.1,24120,26372,1400-3-10,2021-05-31
109,رتاپ,تجارت الكترونيك  پارسيان,1131,3860503,21351488600,5460,5550,5500,40,0.73,5530,70,1.28,5470,5620,1400-3-10,2021-05-31
110,ثمسكن,سرمايه‌گذاري‌ مسكن‌,1122,11291407,47887716197,4196,4210,4172,-24,-0.57,4241,45,1.07,4127,4404,1400-3-10,2021-05-31
111,صبا,سرمايه گذاري صبا تامين,1104,2787102,19846612386,7221,7200,7100,-121,-1.68,7205,-16,-0.22,7025,7269,1400-3-10,2021-05-31
112,غگرجي,بيسكويت‌  گرجي‌,1104,3433612,41943952000,12150,12080,12170,20,0.16,12220,70,0.58,12070,12490,1400-3-10,2021-05-31
113,ومعادن,توسعه‌معادن‌وفلزات‌,1100,12559557,103151399180,8250,8250,8120,-130,-1.58,8220,-30,-0.36,8030,8440,1400-3-10,2021-05-31
114,وساپا,سرمايه‌گذاري‌ سايپا,1099,15165980,62197616690,4285,4101,4085,-200,-4.67,4101,-184,-4.29,4073,4230,1400-3-10,2021-05-31
115,كارين,صندوق س نگين سامان-ثابت,1093,50017590,502831310632,10051,10058,10052,1,0.01,10053,2,0.02,10046,10058,1400-3-10,2021-05-31
116,سدور,سيمان‌ دورود,1060,7316002,60664594930,8710,8290,8280,-430,-4.94,8290,-420,-4.82,8280,8500,1400-3-10,2021-05-31
117,كچاد,معدني‌وصنعتي‌چادرملو,1051,3286677,75633872690,23170,22820,22800,-370,-1.6,23070,-100,-0.43,22670,23480,1400-3-10,2021-05-31
118,سبزوا,سيمان لار سبزوار,1026,15235338,42989826753,2966,2831,2818,-148,-4.99,2822,-144,-4.86,2818,2900,1400-3-10,2021-05-31
119,فاسمين,كالسيمين‌,1012,4948828,70891630460,14600,14540,14000,-600,-4.11,14320,-280,-1.92,13910,14840,1400-3-10,2021-05-31
120,شغدير,پتروشيمي غدير,1010,2140685,151378203790,71040,68010,70950,-90,-0.13,70710,-330,-0.46,68010,71500,1400-3-10,2021-05-31
121,فسرب,ملي‌ سرب‌وروي‌ ايران‌,1007,843939,50873497790,63360,60200,60200,-3160,-4.99,60280,-3080,-4.86,60200,63210,1400-3-10,2021-05-31
122,گكوثر,هتل پارسيان كوثر اصفهان,993,12245656,23866450017,1935,1939,1975,40,2.07,1949,14,0.72,1899,1999,1400-3-10,2021-05-31
123,ونيرو,سرمايه‌گذاري‌نيرو,986,15150892,34422224430,2375,2270,2257,-118,-4.97,2272,-103,-4.34,2257,2337,1400-3-10,2021-05-31
124,وسلرستا,شركت س استان لرستان,985,52620881,29349379450,579,551,571,-8,-1.38,558,-21,-3.63,551,599,1400-3-10,2021-05-31
125,وپترو,سرمايه‌گذاري صنايع پتروشيمي‌,975,7860476,93318509880,11370,11600,11930,560,4.93,11870,500,4.4,11120,11930,1400-3-10,2021-05-31
126,امين يكم2,صندوق درآمد ثابت امين يكم فردا,970,97000000,97000000,10038,1,1,-10037,-99.99,1,-10037,-99.99,1,1,1400-3-10,2021-05-31
127,ساراب,سيمان‌ داراب‌,963,2852860,54096169110,18770,18210,18970,200,1.07,18960,190,1.01,18210,19300,1400-3-10,2021-05-31
128,شكربن,كربن‌ ايران‌,953,1662509,121284078100,69770,72500,73250,3480,4.99,72950,3180,4.56,69770,73250,1400-3-10,2021-05-31
129,غصينو,صنعتي مينو,951,7641474,445849442004,61416,58346,58346,-3070,-5,58346,-3070,-5,58346,58346,1400-3-10,2021-05-31
130,بكهنوج,توليد برق ماهتاب كهنوج,947,21394329,29493288265,1448,1390,1376,-72,-4.97,1379,-69,-4.77,1376,1420,1400-3-10,2021-05-31
131,دكيمي,كيميدارو,931,2634621,54878011460,20330,20010,20510,180,0.89,20830,500,2.46,20010,21340,1400-3-10,2021-05-31
132,وصندوق,سرمايه‌گذاري‌صندوق‌بازنشستگي‌,931,13924090,179619892400,13040,12610,12990,-50,-0.38,12900,-140,-1.07,12610,13100,1400-3-10,2021-05-31
133,آسيا,بيمه آسيا,914,23825926,41230518548,1812,1750,1722,-90,-4.97,1730,-82,-4.53,1722,1800,1400-3-10,2021-05-31
134,ختوقا,قطعات‌ اتومبيل‌ ايران‌,912,15979294,28957367565,1902,1830,1807,-95,-4.99,1812,-90,-4.73,1807,1865,1400-3-10,2021-05-31
135,كگلح,ح . معدني و صنعتي گل گهر,910,5954756,67074549960,11580,11600,11270,-310,-2.68,11260,-320,-2.76,10800,11600,1400-3-10,2021-05-31
136,شسپا,نفت سپاهان,905,3693184,52868715990,14810,14420,14190,-620,-4.19,14330,-480,-3.24,14070,14840,1400-3-10,2021-05-31
137,خكرمان,گروه اقتصادي كرمان خودرو,896,15384281,45288085819,3009,3009,2919,-90,-2.99,2944,-65,-2.16,2919,3050,1400-3-10,2021-05-31
138,بميلا,توسعه بازرگاني آهن وفولادميلاد,890,5816525,67876576265,11684,11334,12027,343,2.94,11670,-14,-0.12,11334,12034,1400-3-10,2021-05-31
139,آوا,صندوق س.سهام آواي معيار-س,886,8635349,55421320647,6551,6450,6400,-151,-2.3,6418,-133,-2.03,6301,6538,1400-3-10,2021-05-31
140,كنور,توسعه معدني و صنعتي صبانور,869,1070641,56562061400,52770,51190,52560,-210,-0.4,52820,50,0.09,51190,54140,1400-3-10,2021-05-31
141,پكوير,كوير تاير,865,2947531,33735485410,11600,11990,11250,-350,-3.02,11450,-150,-1.29,11080,11990,1400-3-10,2021-05-31
142,شاراك,پتروشيمي شازند,861,2543184,67871841900,27080,27490,26400,-680,-2.51,26770,-310,-1.14,26280,27490,1400-3-10,2021-05-31
143,كگل,معدني و صنعتي گل گهر,848,5914238,85797583200,14550,14080,14670,120,0.82,14520,-30,-0.21,14080,14700,1400-3-10,2021-05-31
144,شرانل,نفت ايرانول,824,1512728,65567965752,43191,43990,42970,-221,-0.51,43344,153,0.35,41040,44402,1400-3-10,2021-05-31
145,سفارس,سيمان فارس و خوزستان,824,5552036,88587449180,16180,15950,16010,-170,-1.05,15960,-220,-1.36,15400,16390,1400-3-10,2021-05-31
146,غشوكو,شوكو پارس,822,1880973,47693512729,25475,25482,24711,-764,-3,25356,-119,-0.47,24711,26150,1400-3-10,2021-05-31
147,كاوه,فولاد كاوه جنوب كيش,822,3357187,62079715170,18940,18010,18180,-760,-4.01,18680,-260,-1.37,18010,18980,1400-3-10,2021-05-31
148,قرن,پديده شيمي قرن,821,1944232,61046508970,30610,30900,31300,690,2.25,31400,790,2.58,30890,32440,1400-3-10,2021-05-31
149,البرز,بيمه البرز,820,9765986,35827677206,3816,3784,3626,-190,-4.98,3669,-147,-3.85,3626,3784,1400-3-10,2021-05-31
150,هرمز,فولاد هرمزگان جنوب,813,5151508,80706319116,16303,15590,15488,-815,-5,15886,-417,-2.56,15488,16180,1400-3-10,2021-05-31
151,دتوزيعح,ح . توزيع دارو پخش,813,23195305,593836805258,26899,28243,25555,-1344,-5,25602,-1297,-4.82,25555,28243,1400-3-10,2021-05-31
152,خصدرا,صنعتي‌ دريايي‌ ايران‌,812,18469342,38342545127,2136,2100,2072,-64,-3,2076,-60,-2.81,2072,2110,1400-3-10,2021-05-31
153,شيران,س. صنايع‌شيميايي‌ايران,811,1694731,33897778780,20430,19830,19720,-710,-3.48,20240,-190,-0.93,19650,20600,1400-3-10,2021-05-31
154,خودكفا,اقتصادي و خودكفايي آزادگان,810,4897817,81457552971,17145,16631,16631,-514,-3,16631,-514,-3,16631,16850,1400-3-10,2021-05-31
155,ونيكي,سرمايه‌گذاري‌ ملي‌ايران‌,794,3768230,29826112920,8230,8180,7820,-410,-4.98,8060,-170,-2.07,7820,8180,1400-3-10,2021-05-31
156,ساروم,سيمان‌اروميه‌,782,1580877,40576706300,26070,26070,25660,-410,-1.57,25670,-400,-1.53,24870,26500,1400-3-10,2021-05-31
157,وساخت,سرمايه‌ گذاري‌ ساختمان‌ايران‌,759,1242646,55204125910,44440,44000,44510,70,0.16,44420,-20,-0.05,42800,45600,1400-3-10,2021-05-31
158,طلا,صندوق س.پشتوانه طلاي لوتوس,745,1023360,77722212800,77734,76500,76100,-1634,-2.1,75948,-1786,-2.3,75000,76620,1400-3-10,2021-05-31
159,سشمال,سيمان‌ شمال‌,738,2028983,16473645630,8160,7790,8000,-160,-1.96,8120,-40,-0.49,7760,8500,1400-3-10,2021-05-31
160,سصوفي,سيمان‌ صوفيان‌,727,4604099,53509039090,12100,12000,11500,-600,-4.96,11620,-480,-3.97,11500,12030,1400-3-10,2021-05-31
161,تسه0001,امتيازتسهيلات مسكن فروردين1400,724,10069,5552486755,549445,542095,551001,1556,0.28,551444,1999,0.36,541666,570000,1400-3-10,2021-05-31
162,كهمدا,شيشه‌ همدان‌,720,4762000,42329191050,9270,9020,8810,-460,-4.96,8890,-380,-4.1,8810,9100,1400-3-10,2021-05-31
163,زاگرس,پتروشيمي زاگرس,717,344280,72628052646,212936,206000,212000,-936,-0.44,211535,-1401,-0.66,206000,212900,1400-3-10,2021-05-31
164,وصنا,گروه‌صنايع‌بهشهرايران‌,704,5794400,27185734487,4766,4700,4600,-166,-3.48,4692,-74,-1.55,4528,4886,1400-3-10,2021-05-31
165,تملت,تامين سرمايه بانك ملت,695,3436646,14617015330,4411,4408,4239,-172,-3.9,4288,-123,-2.79,4191,4408,1400-3-10,2021-05-31
166,خمحركه,نيرو محركه‌,691,15243523,52087329035,3592,3540,3413,-179,-4.98,3417,-175,-4.87,3413,3540,1400-3-10,2021-05-31
167,كماسه,تامين‌ ماسه‌ ريخته‌گري‌,682,2254551,65100497990,27610,28390,28990,1380,5,28880,1270,4.6,27650,28990,1400-3-10,2021-05-31
168,شپديس,پتروشيمي پرديس,672,1027036,100632040690,98950,97600,96800,-2150,-2.17,98030,-920,-0.93,96300,99000,1400-3-10,2021-05-31
169,حتايد,تايدواترخاورميانه,666,2519904,62475899810,24630,24860,25110,480,1.95,24790,160,0.65,23690,25130,1400-3-10,2021-05-31
170,غمينو,شركت صنايع غذايي مينو شرق,658,3153803,28307866535,9225,9330,8764,-461,-5,8976,-249,-2.7,8764,9330,1400-3-10,2021-05-31
171,وبوعلي,سرمايه‌گذاري‌بوعلي‌,658,4951209,18865112438,3874,3890,3800,-74,-1.91,3810,-64,-1.65,3730,3920,1400-3-10,2021-05-31
172,پارند,صندوق س. پارند پايدار سپهر,658,21226330,240126971201,11309,11313,11313,4,0.04,11313,4,0.04,11312,11317,1400-3-10,2021-05-31
173,خاذين,سايپاآذين‌,657,9580345,27608727493,3019,2880,2869,-150,-4.97,2882,-137,-4.54,2869,2979,1400-3-10,2021-05-31
174,ومهان,گروه توسعه مالي مهر آيندگان,655,3249149,39326541858,12379,12020,12101,-278,-2.25,12155,-224,-1.81,11951,12360,1400-3-10,2021-05-31
175,بپاس,بيمه پاسارگاد,647,896253,87923170851,97582,98000,98000,418,0.43,98025,443,0.45,97645,99000,1400-3-10,2021-05-31
176,وهور,مديريت انرژي اميد  تابان هور,647,21386568,39185956962,1921,1869,1825,-96,-5,1849,-72,-3.75,1825,1910,1400-3-10,2021-05-31
177,خاور,ايران خودرو ديزل,635,13374786,58154853153,4151,4358,4358,207,4.99,4348,197,4.75,4183,4358,1400-3-10,2021-05-31
178,فسپا,گروه‌صنعتي‌سپاهان‌,632,4918215,173071480190,35110,34200,34700,-410,-1.17,35190,80,0.23,34160,35950,1400-3-10,2021-05-31
179,غمارگ,مارگارين‌,628,1940755,34729760530,18290,17500,18050,-240,-1.31,17890,-400,-2.19,17380,18480,1400-3-10,2021-05-31
180,رمپنا,گروه مپنا (سهامي عام),624,4202360,51711371400,12630,12410,12300,-330,-2.61,12490,-140,-1.11,12010,12790,1400-3-10,2021-05-31
181,گوهران,سرمايه گذاري توسعه گوهران اميد,611,1131716,8004605106,7057,6966,7088,31,0.44,7065,8,0.11,6966,7180,1400-3-10,2021-05-31
182,شبصير,توليدات پتروشيمي قائد بصير,605,941902,74542177626,81311,78001,79978,-1333,-1.64,79140,-2171,-2.67,77246,81000,1400-3-10,2021-05-31
183,شبهرن,نفت‌ بهران‌,598,1853578,20118072170,10790,11100,10640,-150,-1.39,10810,20,0.19,10600,11100,1400-3-10,2021-05-31
184,ولبهمن,شركت بهمن ليزينگ,594,6045345,37439005982,6488,6200,6164,-324,-4.99,6193,-295,-4.55,6164,6453,1400-3-10,2021-05-31
185,ورنا,سرمايه‌گذاري‌ رنا(هلدينگ‌,579,8487783,35997633336,4422,4201,4201,-221,-5,4241,-181,-4.09,4201,4400,1400-3-10,2021-05-31
186,سمازن,سيمان‌مازندران‌,577,5077681,53513509220,10990,11130,10450,-540,-4.91,10540,-450,-4.09,10450,11130,1400-3-10,2021-05-31
187,سبجنو,سيمان‌ بجنورد,577,1045887,31953716600,32070,30480,30600,-1470,-4.58,30550,-1520,-4.74,30470,31590,1400-3-10,2021-05-31
188,ضخود7074,اختيارخ خودرو-1800-1400/07/07,576,25152,5934041000,273,250,221,-52,-19.05,236,-37,-13.55,211,290,1400-3-10,2021-05-31
189,والبر,سرمايه‌ گذاري‌ البرز(هلدينگ‌,576,3078794,38386485340,12730,12200,12680,-50,-0.39,12470,-260,-2.04,12150,12770,1400-3-10,2021-05-31
190,شپترو,پتروشيمي آبادان,567,8656084,35920235723,4259,4141,4132,-127,-2.98,4150,-109,-2.56,4132,4240,1400-3-10,2021-05-31
191,سهگمت,سيمان‌هگمتان‌,565,2290135,44211787520,19720,19210,19020,-700,-3.55,19310,-410,-2.08,18830,19730,1400-3-10,2021-05-31
192,تاصيكو,سرمايه گذاري صدرتامين,565,3637288,34377699150,9820,9400,9350,-470,-4.79,9710,-110,-1.12,9330,9840,1400-3-10,2021-05-31
193,تسه9912,امتياز تسهيلات مسكن اسفند99,559,8118,4469933356,550858,530180,542201,-8657,-1.57,550620,-238,-0.04,530180,576000,1400-3-10,2021-05-31
194,شتوكا,توكا رنگ فولاد سپاهان,537,1375648,44225500190,30786,32325,32325,1539,5,32149,1363,4.43,30790,32325,1400-3-10,2021-05-31
195,ارزش,صندوق س ارزش آفرين بيدار-سهام,537,3308462,28007755740,8700,8490,8370,-330,-3.79,8470,-230,-2.64,8270,8620,1400-3-10,2021-05-31
196,مدير,ص.س.مديريت ثروت ص.بازنشستگي-س,536,1883784,14574260796,8002,7804,7640,-362,-4.52,7737,-265,-3.31,7602,7912,1400-3-10,2021-05-31
197,سپ,پرداخت الكترونيك سامان كيش,533,1837741,44136393990,22990,23180,24130,1140,4.96,23930,940,4.09,22670,24130,1400-3-10,2021-05-31
198,سيدكو,سرمايه گذاري توسعه صنايع سيمان,528,4349248,23101840930,5350,5250,5250,-100,-1.87,5310,-40,-0.75,5130,5550,1400-3-10,2021-05-31
199,سشرق,سيمان‌ شرق‌,527,5871143,31734997060,5470,5260,5440,-30,-0.55,5410,-60,-1.1,5260,5570,1400-3-10,2021-05-31
200,ارفع,شركت آهن و فولاد ارفع,526,2289884,29107583491,13129,12700,12701,-428,-3.26,12930,-199,-1.52,12600,12986,1400-3-10,2021-05-31
201,سخوز,سيمان خوزستان,525,1577885,31170256110,19010,19490,19950,940,4.94,19750,740,3.89,18480,19960,1400-3-10,2021-05-31
202,آرمان,بيمه آرمان,524,13765319,103190594508,7890,7496,7496,-394,-4.99,7496,-394,-4.99,7496,7630,1400-3-10,2021-05-31
203,پاكشو,گروه صنعتي پاكشو,523,2670291,15304079430,5930,5900,5670,-260,-4.38,5900,-30,-0.51,5640,5900,1400-3-10,2021-05-31
204,كمنگنز,معادن‌منگنزايران‌,519,434526,28836628810,69600,68220,66120,-3480,-5,66360,-3240,-4.66,66120,69590,1400-3-10,2021-05-31
205,وسينا,بانك سينا,519,18069738,43441453798,2448,2350,2352,-96,-3.92,2404,-44,-1.8,2331,2458,1400-3-10,2021-05-31
206,وملل,اعتباري ملل,516,14090126,179968266349,12741,12773,12772,31,0.24,12773,32,0.25,12770,12819,1400-3-10,2021-05-31
207,شلرد,كود شيميايي اوره لردگان,508,2844610,15817413490,5703,5600,5532,-171,-3,5590,-113,-1.98,5532,5690,1400-3-10,2021-05-31
208,افق,فروشگاههاي زنجيره اي افق كوروش,505,358421,23622015710,67010,66000,65300,-1710,-2.55,66680,-330,-0.49,64920,66940,1400-3-10,2021-05-31
209,وسكاب,س.ص.بازنشستگي كاركنان بانكها,493,3109091,14801709387,4853,4671,4790,-63,-1.3,4766,-87,-1.79,4653,4900,1400-3-10,2021-05-31
210,وشهر,بانك شهر,486,6235238,31433492720,5187,5190,5100,-87,-1.68,5041,-146,-2.81,5000,5190,1400-3-10,2021-05-31
211,واميد,گروه مديريت سرمايه گذاري اميد,480,4380137,43025697950,10200,10000,9780,-420,-4.12,10050,-150,-1.47,9690,10290,1400-3-10,2021-05-31
212,وصنعت,سرمايه گذاري توسعه صنعت وتجارت,467,3834771,21010745180,5620,5380,5460,-160,-2.85,5480,-140,-2.49,5380,5590,1400-3-10,2021-05-31
213,شخارك,پتروشيمي‌ خارك‌,464,608107,25478169260,41790,42470,41270,-520,-1.24,41820,30,0.07,41120,42470,1400-3-10,2021-05-31
214,فايرا,آلومينيوم‌ايران‌,460,1268955,22379780570,18190,17480,17850,-340,-1.87,18010,-180,-0.99,17290,18400,1400-3-10,2021-05-31
215,كروي,توسعه‌ معادن‌ روي‌ ايران‌,454,667996,13976894470,21360,20550,20360,-1000,-4.68,21060,-300,-1.4,20300,22000,1400-3-10,2021-05-31
216,چكارن,كارتن‌ ايران‌,448,4291515,12224256382,2990,2841,2841,-149,-4.98,2861,-129,-4.31,2841,2964,1400-3-10,2021-05-31
217,معيار ,سرمايه گذاري معيار صنعت پارس,447,775276,40295391658,50480,50480,51994,1514,3,51976,1496,2.96,50480,51994,1400-3-10,2021-05-31
218,پارسان,گسترش نفت و گاز پارسيان,444,4345894,79279372910,18620,18050,18030,-590,-3.17,18390,-230,-1.24,17950,18750,1400-3-10,2021-05-31
219,وگردش,بانك گردشگري,439,1888373,27051512230,14543,14790,14387,-156,-1.07,14474,-69,-0.47,14107,14790,1400-3-10,2021-05-31
220,بموتو,موتوژن‌,438,526645,25752640020,49280,48000,48330,-950,-1.93,48900,-380,-0.77,47500,50500,1400-3-10,2021-05-31
221,ضخود7075,اختيارخ خودرو-2000-1400/07/07,436,13447,2202031000,177,160,150,-27,-15.25,164,-13,-7.34,150,195,1400-3-10,2021-05-31
222,حخزر,كشتيراني درياي خزر,428,2076969,43978954428,21995,21056,20896,-1099,-5,21175,-820,-3.73,20896,22727,1400-3-10,2021-05-31
223,فنورد,نوردوقطعات‌ فولادي‌,425,193174,29777972850,158790,159500,153000,-5790,-3.65,154150,-4640,-2.92,151050,159500,1400-3-10,2021-05-31
224,شفارا,پتروشيمي فارابي,424,9151856,29767224474,3212,3140,3308,96,2.99,3253,41,1.28,3116,3308,1400-3-10,2021-05-31
225,سكه0012پ01,تمام سكه طرح جديد0012رفاه,420,253700,269414149200,1078476,1074599,1067990,-10486,-0.97,1061940,-16536,-1.53,1055001,1074599,1400-3-10,2021-05-31
226,سپيدما,صندوق س. سپيد دماوند-د,412,18491573,192664356093,10414,10419,10419,5,0.05,10419,5,0.05,10419,10424,1400-3-10,2021-05-31
227,ضخود7077,اختيارخ خودرو-3000-1400/07/07,412,23701,756261000,41,34,30,-11,-26.83,32,-9,-21.95,27,50,1400-3-10,2021-05-31
228,آكورد,صندوق س. آرمان آتي كوثر-د,411,7303436,236245185860,32330,32346,32346,16,0.05,32347,17,0.05,32335,32351,1400-3-10,2021-05-31
229,وسخوز,شركت س استان خوزستان,409,23948192,20379911392,895,851,851,-44,-4.92,885,-10,-1.12,851,851,1400-3-10,2021-05-31
230,فردا,صندوق س آواي فرداي زاگرس-ثابت,409,18087680,194998974160,10775,10781,10781,6,0.06,10781,6,0.06,10780,10782,1400-3-10,2021-05-31
231,ثعتما,س. ساختماني اعتماد گستر,407,1625372,41277582406,24234,25445,25445,1211,5,25396,1162,4.79,24540,25445,1400-3-10,2021-05-31
232,كفرا,فراورده‌ هاي‌ نسوزايران‌,399,1055743,20701430700,20610,19620,19580,-1030,-5,19610,-1000,-4.85,19580,20350,1400-3-10,2021-05-31
233,تسه9908,امتياز تسهيلات مسكن آبان99,397,8125,4447258149,540848,550000,555000,14152,2.62,547355,6507,1.2,531150,560000,1400-3-10,2021-05-31
234,رانفور,خدمات‌انفورماتيك‌,397,2778292,16420819690,6000,5880,5920,-80,-1.33,5980,-20,-0.33,5790,6020,1400-3-10,2021-05-31
235,واعتبار,سرمايه گذاري اعتبار ايران,395,2250685,16896740900,7570,7280,7310,-260,-3.43,7510,-60,-0.79,7280,7800,1400-3-10,2021-05-31
236,عيار,صندوق سكه طلاي مفيد,393,801166,21563169684,27668,27160,26978,-690,-2.49,26915,-753,-2.72,26610,27250,1400-3-10,2021-05-31
237,واميدح,ح.گروه مديريت سرمايه گذار اميد,391,2244558,16990881460,7950,7420,7430,-520,-6.54,7570,-380,-4.78,7370,7860,1400-3-10,2021-05-31
238,ضسپا3002,اختيارخ خساپا-1800-1400/03/26,389,17062,559673000,49,22,27,-22,-44.9,33,-16,-32.65,22,47,1400-3-10,2021-05-31
239,فسازان,غلتك سازان سپاهان,383,828681,23380736010,29100,27670,28750,-350,-1.2,28210,-890,-3.06,27650,29350,1400-3-10,2021-05-31
240,شفن,پتروشيمي فناوران,381,95761,27665079390,286380,287810,290200,3820,1.33,287050,670,0.23,286390,292730,1400-3-10,2021-05-31
241,ياقوت,صندوق س ياقوت آگاه-ثابت,376,3580645,44378173379,12387,12392,12406,19,0.15,12394,7,0.06,12392,12419,1400-3-10,2021-05-31
242,فاما,صنعتي‌ آما,375,1232328,17277894020,14700,14020,14230,-470,-3.2,14020,-680,-4.63,13970,14700,1400-3-10,2021-05-31
243,ونفت,سرمايه‌گذاري‌ صنعت‌ نفت‌,368,1119639,14618965430,13650,13000,12970,-680,-4.98,13060,-590,-4.32,12970,13630,1400-3-10,2021-05-31
244,سيستم,همكاران سيستم,365,925272,20458184530,21150,22150,22200,1050,4.96,22110,960,4.54,21200,22200,1400-3-10,2021-05-31
245,ضسپا3003,اختيارخ خساپا-2000-1400/03/26,365,21201,163283000,13,7,7,-6,-46.15,8,-5,-38.46,5,14,1400-3-10,2021-05-31
246,فنوال,نورد آلومينيوم‌,361,1217502,29754202570,25630,25890,24350,-1280,-4.99,24440,-1190,-4.64,24350,25890,1400-3-10,2021-05-31
247,سپاها,سيمان‌سپاهان‌,360,3136220,21286953150,7040,7000,6890,-150,-2.13,6790,-250,-3.55,6690,7040,1400-3-10,2021-05-31
248,تسه9911,امتياز تسهيلات مسكن بهمن99,359,4859,2662426308,547307,536850,557000,9693,1.77,547937,630,0.12,531000,559695,1400-3-10,2021-05-31
249,ما,بيمه  ما,357,1542281,13426311510,8330,8350,8760,430,5.16,8680,350,4.2,8350,8760,1400-3-10,2021-05-31
250,پارس,پتروشيمي پارس,356,164783,24653646760,148800,150000,149970,1170,0.79,148990,190,0.13,148800,150960,1400-3-10,2021-05-31
251,دزهراوي,داروسازي‌زهراوي‌,347,2126470,12662189960,6260,5960,5950,-310,-4.95,5990,-270,-4.31,5950,6100,1400-3-10,2021-05-31
252,آريان,سرمايه گذاري پارس آريان,346,15996313,175095642098,10425,10946,10946,521,5,10946,521,5,10946,10946,1400-3-10,2021-05-31
253,اميد,تامين سرمايه اميد,341,2092195,14392255990,7200,6840,6840,-360,-5,7020,-180,-2.5,6840,7100,1400-3-10,2021-05-31
254,غبشهر,صنعتي‌ بهشهر,336,1423721,28053874900,19930,19010,19370,-560,-2.81,19700,-230,-1.15,19010,20380,1400-3-10,2021-05-31
255,پرداخت,به پرداخت ملت,334,385848,8127813230,20650,20300,21100,450,2.18,20780,130,0.63,20000,21500,1400-3-10,2021-05-31
256,تسه9910,امتياز تسهيلات مسكن دي99,333,5162,2865168118,552825,540000,578999,26174,4.73,555050,2225,0.4,532009,580466,1400-3-10,2021-05-31
257,فولاژ,فولاد آلياژي ايران,332,950620,13421867450,14160,13920,13860,-300,-2.12,14150,-10,-0.07,13800,14550,1400-3-10,2021-05-31
258,تسه9907,امتياز تسهيلات مسكن مهر99,331,12188,6575014135,545749,540000,559000,13251,2.43,539466,-6283,-1.15,530000,569900,1400-3-10,2021-05-31
259,همراه,شركت ارتباطات سيار ايران,324,901894,17495021220,19410,19200,19230,-180,-0.93,19410,0,0,19160,19880,1400-3-10,2021-05-31
260,سقاين,سيمان‌ قائن‌,314,240062,12183459090,52410,49900,50000,-2410,-4.6,51020,-1390,-2.65,49860,52990,1400-3-10,2021-05-31
261,قاسم,قاسم ايران,314,2003157,20692930300,10720,10720,10184,-536,-5,10330,-390,-3.64,10184,10720,1400-3-10,2021-05-31
262,دتماد,توليدمواداوليه‌داروپخش‌,314,654488,25254046960,40520,38550,38500,-2020,-4.99,38590,-1930,-4.76,38500,39860,1400-3-10,2021-05-31
263,وتوس,توسعه‌شهري‌توس‌گستر,313,2070828,28948409260,13990,14000,13970,-20,-0.14,13980,-10,-0.07,13340,14040,1400-3-10,2021-05-31
264,تسه9909,امتياز تسهيلات مسكن آذر99,311,4700,2576049939,546164,535500,540000,-6164,-1.13,548096,1932,0.35,532700,573470,1400-3-10,2021-05-31
265,سامان,بانك سامان,302,2239675,20526947110,9443,9442,9160,-283,-3,9308,-135,-1.43,9160,9442,1400-3-10,2021-05-31
266,خفنر,فنرسازي‌خاور,301,5361206,22232921282,4365,4147,4147,-218,-4.99,4147,-218,-4.99,4147,4147,1400-3-10,2021-05-31
267,كاردان,صندوق س تجارت شاخصي كاردان,295,64547,9256143160,146710,144980,141690,-5020,-3.42,143400,-3310,-2.26,140110,146160,1400-3-10,2021-05-31
268,شپلي,پلي اكريل ايران,290,2032569,20742366645,10005,10205,10205,200,2,10205,200,2,10205,10205,1400-3-10,2021-05-31
269,واحيا,م .صنايع و معادن احياء سپاهان,288,460951,68940341764,151100,151700,148309,-2791,-1.85,149561,-1539,-1.02,148131,152222,1400-3-10,2021-05-31
270,شنفت,نفت‌ پارس‌,286,695006,33403896830,46070,46100,48370,2300,4.99,47450,1380,3,45050,48370,1400-3-10,2021-05-31
271,گوهر,صندوق سكه طلاي كيان,286,507531,26502169389,53571,52000,52900,-671,-1.25,52218,-1353,-2.53,51600,53000,1400-3-10,2021-05-31
272,وثنو,سرمايه گذاري ساختماني نوين,286,3930641,15748429086,4115,4045,4002,-113,-2.75,4007,-108,-2.62,3992,4132,1400-3-10,2021-05-31
273,كگهر,سنگ آهن گهرزمين,285,419932,16145285676,40077,38350,38090,-1987,-4.96,39844,-233,-0.58,38074,39950,1400-3-10,2021-05-31
274,وتوكا,سرمايه‌گذاري‌توكافولاد(هلدينگ,284,1909716,15842045030,8700,8270,8270,-430,-4.94,8300,-400,-4.6,8270,8560,1400-3-10,2021-05-31
275,شپاس,نفت پاسارگاد,282,847233,15274886471,18955,18015,18008,-947,-5,18138,-817,-4.31,18008,18490,1400-3-10,2021-05-31
276,خريخت,صنايع‌ريخته‌گري‌ايران‌,281,3292572,7489880832,2367,2249,2252,-115,-4.86,2322,-45,-1.9,2249,2350,1400-3-10,2021-05-31
277,دسينا,داروسازي‌ سينا,281,575497,10626362950,19120,18840,18300,-820,-4.29,18620,-500,-2.62,18300,18840,1400-3-10,2021-05-31
278,ولملت,واسپاري ملت,281,2264599,10375650705,4620,4411,4601,-19,-0.41,4593,-27,-0.58,4411,4690,1400-3-10,2021-05-31
279,پكرمان,گروه‌ صنعتي‌ بارز,276,515652,12129570910,23260,22220,23480,220,0.95,23390,130,0.56,22220,24100,1400-3-10,2021-05-31
280,آساس,صندوق س.آسمان آرماني سهام-س,275,212545,33117617595,154159,155447,154105,-54,-0.04,155815,1656,1.07,151000,156999,1400-3-10,2021-05-31
281,دعبيد,لابراتوارداروسازي‌  دكترعبيدي‌,271,432153,10295285370,24130,24220,23530,-600,-2.49,24060,-70,-0.29,23500,24480,1400-3-10,2021-05-31
282,وبشهر,توسعه‌ صنايع‌ بهشهر(هلدينگ,267,1693553,15795251700,9550,9230,9500,-50,-0.52,9440,-110,-1.15,9080,9600,1400-3-10,2021-05-31
283,سباقر,سيمان باقران,267,1192279,16904464971,14305,14399,13890,-415,-2.9,14178,-127,-0.89,13876,14728,1400-3-10,2021-05-31
284,دكپسول,توليد ژلاتين كپسول ايران,258,227082,5865698045,26245,25010,25000,-1245,-4.74,26080,-165,-0.63,25000,26840,1400-3-10,2021-05-31
285,خديزل,بهمن  ديزل,249,521760,20846964226,40064,39860,40340,276,0.69,39955,-109,-0.27,38271,41110,1400-3-10,2021-05-31
286,وتوسم,سرمايه‌گذاري‌توسعه‌ملي‌,246,966632,6764760260,7280,6930,6990,-290,-3.98,7150,-130,-1.79,6930,7120,1400-3-10,2021-05-31
287,تصميم,صندوق س با درآمد ثابت تصميم,245,1945786,32006301844,16437,16446,16452,15,0.09,16449,12,0.07,16446,16452,1400-3-10,2021-05-31
288,اطلس,صندوق س.توسعه اندوخته آينده-س,241,44899,8820582944,200844,196500,196960,-3884,-1.93,196454,-4390,-2.19,194001,199000,1400-3-10,2021-05-31
289,هشستا103,اختيارف ت شستا-10338-01/03/08,239,922338,922338,1,1,1,0,0,1,0,0,1,1,1400-3-10,2021-05-31
290,اوصتا,صندوق انديشه ورزان صباتامين -د,234,11040729,207124127514,18755,18760,18760,5,0.03,18760,5,0.03,18760,18765,1400-3-10,2021-05-31
291,دارا,صندوق س. دارا الگوريتم-د,232,10810531,108319052697,10009,10015,10019,10,0.1,10020,11,0.11,10015,10020,1400-3-10,2021-05-31
292,فخاس,فولاد خراسان,232,3116406,69337326210,23390,22230,22270,-1120,-4.79,22550,-840,-3.59,22230,22880,1400-3-10,2021-05-31
293,تسه9803,امتياز تسهيلات مسكن خرداد98,231,3771,2022769452,530562,506666,518070,-12492,-2.35,536401,5839,1.1,506666,550000,1400-3-10,2021-05-31
294,سخزر,سيمان‌ خزر,231,762070,13437508090,18390,17490,17480,-910,-4.95,17680,-710,-3.86,17480,18390,1400-3-10,2021-05-31
295,سرود,سيمان‌شاهرود,226,781466,13771141170,17940,17120,17490,-450,-2.51,17660,-280,-1.56,17080,18100,1400-3-10,2021-05-31
296,كرماشا,صنايع پتروشيمي كرمانشاه,226,339460,9692222760,28630,29000,28600,-30,-0.1,28610,-20,-0.07,28150,29000,1400-3-10,2021-05-31
297,چكاپا,گروه صنايع كاغذ پارس,224,4040211,17255741181,4495,4271,4271,-224,-4.98,4271,-224,-4.98,4271,4271,1400-3-10,2021-05-31
298,تيپيكو,سرمايه گذاري دارويي تامين,223,671390,24154796350,36410,36410,35850,-560,-1.54,36240,-170,-0.47,34600,36500,1400-3-10,2021-05-31
299,دابور,داروسازي‌ ابوريحان‌,223,491480,12814066480,26440,26100,25700,-740,-2.8,26120,-320,-1.21,25650,26890,1400-3-10,2021-05-31
300,جم پيلن,پلي پروپيلن جم - جم پيلن,222,179668,12215152850,68400,69160,68000,-400,-0.58,68310,-90,-0.13,66500,69160,1400-3-10,2021-05-31
301,سمگا,گروه سرمايه گذاري ميراث فرهنگي,213,9782278,251658883828,27079,25726,25726,-1353,-5,25726,-1353,-5,25726,25726,1400-3-10,2021-05-31
302,پرديس,سرمايه گذاري پرديس,205,1018299,4451337491,4490,4480,4320,-170,-3.79,4456,-34,-0.76,4302,4500,1400-3-10,2021-05-31
303,وثوق,سرمايه گذاري وثوق امين,205,644093,9125313293,14591,14154,14154,-437,-2.99,14182,-409,-2.8,14154,14470,1400-3-10,2021-05-31
304,واتي,سرمايه‌ گذاري‌ آتيه‌ دماوند,204,1592607,14378680640,9330,8870,8920,-410,-4.39,9060,-270,-2.89,8870,9250,1400-3-10,2021-05-31
305,زر,صندوق س.پشتوانه سكه طلاي زر,201,144885,6738065716,47676,46730,46850,-826,-1.73,46506,-1170,-2.45,46020,46999,1400-3-10,2021-05-31
306,وسپه,سرمايه‌گذاري‌ سپه‌,197,1271479,8058302300,6420,6400,6200,-220,-3.43,6400,-20,-0.31,6110,6600,1400-3-10,2021-05-31
307,فپنتا,سپنتا,190,62467,23099047260,352180,369780,369780,17600,5,369780,17600,5,369780,369780,1400-3-10,2021-05-31
308,مداران,داده‌پردازي‌ايران‌,189,1016805,17190780300,17700,16900,16820,-880,-4.97,16910,-790,-4.46,16820,17650,1400-3-10,2021-05-31
309,فيروزه,صندوق شاخص30 شركت فيروزه- سهام,184,99490,12716049800,131090,128000,127150,-3940,-3.01,127810,-3280,-2.5,127150,129780,1400-3-10,2021-05-31
310,وسگيلا,شركت س استان گيلان,184,9937478,5962644340,631,600,600,-31,-4.91,626,-5,-0.79,600,606,1400-3-10,2021-05-31
311,ثتران,سرمايه گذاري مسكن تهران,184,9065927,28104373700,5076,3100,3100,-1976,-38.93,3100,-1976,-38.93,3100,3100,1400-3-10,2021-05-31
312,وحكمت,بيمه حكمت صبا,183,1324703,3789580250,2870,2791,2820,-50,-1.74,2867,-3,-0.1,2791,2939,1400-3-10,2021-05-31
313,سغرب,سيمان‌غرب‌,183,300322,7858774800,27390,27290,26030,-1360,-4.97,26710,-680,-2.48,26030,27290,1400-3-10,2021-05-31
314,درازك,دارويي‌ رازك‌,182,633927,15961966100,25560,24710,25550,-10,-0.04,25180,-380,-1.49,24540,25880,1400-3-10,2021-05-31
315,وبهمن,سرمايه‌گذاري‌بهمن‌,181,303394,3623262920,12180,12650,11970,-210,-1.72,12120,-60,-0.49,11580,12650,1400-3-10,2021-05-31
316,زپارس,ملي كشت و صنعت و دامپروري پارس,181,76727,8210193020,106490,105000,107200,710,0.67,106760,270,0.25,104700,109200,1400-3-10,2021-05-31
317,وخاور,بانك خاورميانه,180,4340487,36264528050,8460,8540,8350,-110,-1.3,8380,-80,-0.95,8270,8540,1400-3-10,2021-05-31
318,شاوان,پالايش نفت لاوان,178,133173,9430740238,72779,70000,70210,-2569,-3.53,72207,-572,-0.79,69700,72640,1400-3-10,2021-05-31
319,حسينا,توسعه خدمات دريايي وبندري سينا,177,491459,26714900295,55869,54541,54381,-1488,-2.66,54358,-1511,-2.7,53500,56310,1400-3-10,2021-05-31
320,تسه9902,امتياز تسهيلات مسكن ارديبهشت99,176,3509,1908051371,540179,527000,540000,-179,-0.03,543759,3580,0.66,527000,565000,1400-3-10,2021-05-31
321,تسه9810,امتياز تسهيلات مسكن دي98,173,3359,1825575777,544232,530000,550000,5768,1.06,543488,-744,-0.14,525500,570000,1400-3-10,2021-05-31
322,لوتوس,تامين سرمايه لوتوس پارسيان,170,2515039,17856776900,6770,7100,7100,330,4.87,7000,230,3.4,7100,7100,1400-3-10,2021-05-31
323,جم,پتروشيمي جم,170,266031,9342451950,35250,35100,35240,-10,-0.03,35240,-10,-0.03,34130,35480,1400-3-10,2021-05-31
324,تايرا,تراكتورسازي‌ايران‌,168,350010,7891683750,23180,22330,22770,-410,-1.77,23010,-170,-0.73,22170,23000,1400-3-10,2021-05-31
325,ضشنا8003,اختيارخ شپنا-8800-1400/08/16,165,2910,5951191000,2173,2000,2000,-173,-7.96,2045,-128,-5.89,1900,2500,1400-3-10,2021-05-31
326,كاريس,صندوق س.سپهر كاريزما-س,163,655529,6881047715,10609,10650,10400,-209,-1.97,10497,-112,-1.06,10400,10650,1400-3-10,2021-05-31
327,مبين,مبين انرژي خليج فارس,162,412986,6200540760,15180,15180,14770,-410,-2.7,15170,-10,-0.07,14770,15390,1400-3-10,2021-05-31
328,وكار,بانك‌ كارآفرين‌,158,841843,2344873430,2762,2872,2791,29,1.05,2763,1,0.04,2700,2872,1400-3-10,2021-05-31
329,خرينگ,رينگ‌سازي‌مشهد,158,124222,5542785640,49570,44620,44620,-4950,-9.99,47520,-2050,-4.14,44620,44620,1400-3-10,2021-05-31
330,كدما,معدني‌ دماوند,158,148811,13506086360,86440,90760,90760,4320,5,89970,3530,4.08,90760,90760,1400-3-10,2021-05-31
331,توريل,توكاريل,157,656990,9425038576,15074,14351,14321,-753,-5,14700,-374,-2.48,14321,14537,1400-3-10,2021-05-31
332,ضپال2007,اختيارخ اپال-32000-1401/02/12,155,6993,573302000,75,80,84,9,12,82,7,9.33,79,1450,1400-3-10,2021-05-31
333,بساما,بيمه سامان,152,375787,6410194675,17746,17100,17001,-745,-4.2,17454,-292,-1.65,16900,17980,1400-3-10,2021-05-31
334,دالبر,البرزدارو,150,722471,8710303020,12320,12320,11720,-600,-4.87,12170,-150,-1.22,11710,12320,1400-3-10,2021-05-31
335,كخاك,صنايع‌خاك‌چيني‌ايران‌,148,225739,6867907170,31800,30210,31000,-800,-2.52,31280,-520,-1.64,30210,31340,1400-3-10,2021-05-31
336,بخاور,بيمه زندگي خاورميانه,147,1622796,9163571636,5936,5650,5640,-296,-4.99,5740,-196,-3.3,5640,5720,1400-3-10,2021-05-31
337,شاملا,معدني‌ املاح‌  ايران‌,143,272497,9175240270,35330,33600,33570,-1760,-4.98,34210,-1120,-3.17,33570,35310,1400-3-10,2021-05-31
338,سپاس,صندوق س. پاداش سهامداري-ثابت,142,4581729,46470165888,10136,10144,10142,6,0.06,10142,6,0.06,10142,10146,1400-3-10,2021-05-31
339,تسه9906,امتياز تسهيلات مسكن شهريور99,137,1859,1021754500,556681,535110,540050,-16631,-2.99,549626,-7055,-1.27,529451,584515,1400-3-10,2021-05-31
340,تسه9904,امتياز تسهيلات مسكن تير99,134,1716,945599835,545567,530000,569999,24432,4.48,551049,5482,1,530000,569999,1400-3-10,2021-05-31
341,ثفارس,عمران‌وتوسعه‌فارس‌,134,523965,4553255850,9650,8690,8690,-960,-9.95,9330,-320,-3.32,8690,8690,1400-3-10,2021-05-31
342,دپارس,پارس‌ دارو,134,49028,1764350420,37630,37000,35780,-1850,-4.92,37430,-200,-0.53,35750,37000,1400-3-10,2021-05-31
343,بمپنا,توليد برق عسلويه  مپنا,131,104265,6200014448,62448,59326,59326,-3122,-5,61380,-1068,-1.71,59326,62000,1400-3-10,2021-05-31
344,بفجر,فجر انرژي خليج فارس,131,198641,4354527220,21470,22480,21700,230,1.07,21500,30,0.14,21000,22480,1400-3-10,2021-05-31
345,ضخود4002,اختيارخ خودرو-1800-1400/04/02,130,5199,600452000,166,149,96,-70,-42.17,115,-51,-30.72,96,160,1400-3-10,2021-05-31
346,اخزا910,اسنادخزانه-م10بودجه99-020807,129,288045,175525885357,608842,606000,610000,1158,0.19,609370,528,0.09,606000,611500,1400-3-10,2021-05-31
347,شپاكسا,پاكسان‌,129,392092,7839817300,20180,20180,20000,-180,-0.89,20090,-90,-0.45,19610,20200,1400-3-10,2021-05-31
348,پارسيان,بيمه پارسيان,129,466055,3624884580,8060,7660,7720,-340,-4.22,7990,-70,-0.87,7660,8110,1400-3-10,2021-05-31
349,پسهند,صنايع‌ لاستيكي‌  سهند,128,176517,5953942410,35370,33700,33610,-1760,-4.98,34640,-730,-2.06,33610,35150,1400-3-10,2021-05-31
350,خلنت,لنت‌ ترمزايران‌,124,93353,5156233270,58040,55690,55140,-2900,-5,56970,-1070,-1.84,55140,57000,1400-3-10,2021-05-31
351,شيراز,پتروشيمي‌شيراز,123,899676,45837659720,50910,51000,51500,590,1.16,50930,20,0.04,49340,51900,1400-3-10,2021-05-31
352,سنفت007,سلف موازي استاندارد سنفت007,122,6103830,9726593700240,1485722,1577128,1577128,91406,6.15,1593523,107801,7.26,1577128,1630500,1400-3-10,2021-05-31
353,دسبحا,گروه دارويي سبحان,121,343193,5552361950,16410,16430,15990,-420,-2.56,16350,-60,-0.37,15620,16570,1400-3-10,2021-05-31
354,اخزا909,اسنادخزانه-م9بودجه99-020316,120,369806,244427219505,660447,658500,661113,666,0.1,660961,514,0.08,658000,662000,1400-3-10,2021-05-31
355,شساخت,مهندسي و ساختمان صنايع نفت,117,375555,15607903091,41026,42000,40002,-1024,-2.5,41225,199,0.49,40002,42100,1400-3-10,2021-05-31
356,تسه9903,امتياز تسهيلات مسكن خرداد99,115,1112,619041180,557919,535000,542000,-15919,-2.85,556692,-1227,-0.22,535000,585814,1400-3-10,2021-05-31
357,سخند2,صندوق س.سپهرخبرگان نفت-د,115,11500000,11500000,9990,1,1,-9989,-99.99,1,-9989,-99.99,1,1,1400-3-10,2021-05-31
358,وكادو,تكادو,114,1188023,16245026502,13023,13674,13674,651,5,13674,651,5,13674,13674,1400-3-10,2021-05-31
359,سحرخيز,صندوق س. گروه زعفران سحرخيز,113,374073,3158198844,8552,8435,8552,0,0,8443,-109,-1.27,8271,8600,1400-3-10,2021-05-31
360,صايند,صندوق س. گنجينه آينده روشن-د,113,663580,6627058270,9990,9972,9996,6,0.06,9987,-3,-0.03,9965,10005,1400-3-10,2021-05-31
361,فردا2,صندوق س آواي فرداي زاگرس-ثابت,110,11000000,11000000,10775,1,1,-10774,-99.99,1,-10774,-99.99,1,1,1400-3-10,2021-05-31
362,ضسپا3004,اختيارخ خساپا-2500-1400/03/26,110,7452,13578000,2,2,2,0,0,2,0,0,1,4,1400-3-10,2021-05-31
363,شراز,پالايش نفت شيراز,109,189566,18183094905,99188,94500,94229,-4959,-5,97681,-1507,-1.52,94229,101295,1400-3-10,2021-05-31
364,ارمغان,ص سرمايه گذاري ارمغان ايرانيان,107,785357,7967089891,10136,10148,10145,9,0.09,10145,9,0.09,10137,10148,1400-3-10,2021-05-31
365,وارس,سرمايه گذاري ارس صبا,107,744122,9562466112,13245,13100,12848,-397,-3,12865,-380,-2.87,12848,13100,1400-3-10,2021-05-31
366,ساينا,صنايع بهداشتي ساينا,107,17014,2364370094,144966,140791,137747,-7219,-4.98,143973,-993,-0.68,137718,143000,1400-3-10,2021-05-31
367,اتكام,شركت بيمه اتكايي امين,106,784458,3213949112,4286,4140,4130,-156,-3.64,4244,-42,-0.98,4072,4280,1400-3-10,2021-05-31
368,سكرما,سيمان‌ كرمان‌,106,209097,2713433340,13500,12840,13170,-330,-2.44,13410,-90,-0.67,12840,13390,1400-3-10,2021-05-31
369,فيروزا,صندوق بادرآمد ثابت فيروزه آسيا,102,615466,14208112416,23025,23100,23010,-15,-0.07,23085,60,0.26,23000,23100,1400-3-10,2021-05-31
370,لبوتان,گروه‌صنعتي‌بوتان‌,102,57732,2861496790,51010,51800,50000,-1010,-1.98,50730,-280,-0.55,49000,51800,1400-3-10,2021-05-31
371,وبرق,س.کارکنان صنعت برق زنجان وقزوي,102,245268,10400344272,41169,42404,42404,1235,3,42379,1210,2.94,42404,42404,1400-3-10,2021-05-31
372,تسه9905,امتياز تسهيلات مسكن مرداد99,100,1404,790050195,565535,541429,537259,-28276,-5,562714,-2821,-0.5,537259,590999,1400-3-10,2021-05-31
373,وپخش,داروپخش‌ (هلدينگ‌,100,65123,5868816360,93890,89320,90030,-3860,-4.11,93160,-730,-0.78,89320,91590,1400-3-10,2021-05-31
374,تماوند,تامين سرمايه دماوند,98,703331,3419529728,4890,4880,4807,-83,-1.7,4883,-7,-0.14,4801,4900,1400-3-10,2021-05-31
375,تسه9901,امتياز تسهيلات مسكن فروردين99,96,694,376707487,542140,530000,528900,-13240,-2.44,542806,666,0.12,528800,569000,1400-3-10,2021-05-31
376,ضشنا8002,اختيارخ شپنا-7800-1400/08/16,95,880,2206562000,2505,2000,2401,-104,-4.15,2507,2,0.08,2000,2800,1400-3-10,2021-05-31
377,شوينده,مديريت صنعت شوينده ت.ص.بهشهر,93,189829,3829136300,20630,19930,20000,-630,-3.05,20520,-110,-0.53,19930,20600,1400-3-10,2021-05-31
378,تماوندح,ح . تامين سرمايه دماوند,92,2226282,6896816106,3083,3083,3119,36,1.17,3098,15,0.49,3083,3119,1400-3-10,2021-05-31
379,وسهمدا,شركت س استان همدان,91,5020145,3825350490,802,762,762,-40,-4.99,798,-4,-0.5,762,762,1400-3-10,2021-05-31
380,اخزا901,اسنادخزانه-م1بودجه99-010621,90,146254,113145179623,774568,773900,771650,-2918,-0.38,773621,-947,-0.12,770000,773999,1400-3-10,2021-05-31
381,اخزا903,اسنادخزانه-م3بودجه99-011110,90,255835,183310920480,716676,716676,711001,-5675,-0.79,716520,-156,-0.02,706010,716985,1400-3-10,2021-05-31
382,اتكاي,بيمه اتكايي ايرانيان,89,610748,8157002635,14051,14080,13349,-702,-5,13786,-265,-1.89,13349,14080,1400-3-10,2021-05-31
383,ضشنا8001,اختيارخ شپنا-6800-1400/08/16,88,583,1844776000,3068,3111,3200,132,4.3,3164,96,3.13,2999,3579,1400-3-10,2021-05-31
384,مارون,پتروشيمي مارون,87,53306,7662191327,143935,141000,142200,-1735,-1.21,143920,-15,-0.01,141000,144595,1400-3-10,2021-05-31
385,تسه9804,امتياز تسهيلات مسكن تير98,84,1790,1001372599,546257,521011,553780,7523,1.38,559426,13169,2.41,521011,573569,1400-3-10,2021-05-31
386,هكوير109,اختيارف ت كوير-8194-01/09/20,84,1497437,735241567,904,491,491,-413,-45.69,491,-413,-45.69,491,491,1400-3-10,2021-05-31
387,تسه9812,امتياز تسهيلات مسكن اسفند98,82,920,497181859,542843,525555,540000,-2843,-0.52,540415,-2428,-0.45,515761,556600,1400-3-10,2021-05-31
388,اخزا902,اسنادخزانه-م2بودجه99-011019,81,172267,124825368894,724988,724101,725001,13,0,724604,-384,-0.05,724000,725010,1400-3-10,2021-05-31
389,ضملت3001,اختيارخ وبملت-3500-1400/03/19,81,1946,686431000,611,400,300,-311,-50.9,353,-258,-42.23,300,450,1400-3-10,2021-05-31
390,ضسپا8040,اختيارخ خساپا-1400-1400/08/26,81,4443,1552298000,400,400,330,-70,-17.5,349,-51,-12.75,320,420,1400-3-10,2021-05-31
391,تسه9806,امتياز تسهيلات مسكن شهريور98,79,1668,930076102,550116,535600,560000,9884,1.8,557600,7484,1.36,535600,568979,1400-3-10,2021-05-31
392,وبازار,صندوق س شاخصي بازارآشنا,78,225245,2056553170,9270,9200,9100,-170,-1.83,9130,-140,-1.51,9100,9240,1400-3-10,2021-05-31
393,اخزا908,اسنادخزانه-م8بودجه99-020606,77,274391,173332475021,630728,631000,635990,5262,0.83,631699,971,0.15,628561,635990,1400-3-10,2021-05-31
394,نهال,صندوق س. طلاي سرخ نوويرا,77,174238,1461597550,8572,8314,8400,-172,-2.01,8389,-183,-2.13,8314,8480,1400-3-10,2021-05-31
395,سخند,صندوق س.سپهرخبرگان نفت-د,76,3022070,30371333760,9990,10080,10049,59,0.59,10050,60,0.6,10010,10080,1400-3-10,2021-05-31
396,ضملت3002,اختيارخ وبملت-4000-1400/03/19,75,4375,149284000,178,119,18,-160,-89.89,34,-144,-80.9,15,119,1400-3-10,2021-05-31
397,ضخود7076,اختيارخ خودرو-2500-1400/07/07,75,3472,290607000,101,70,75,-26,-25.74,84,-17,-16.83,70,100,1400-3-10,2021-05-31
398,ضصاد3001,اختيارخ وبصادر-2000-1400/03/12,75,4408,42470000,22,10,7,-15,-68.18,10,-12,-54.55,4,15,1400-3-10,2021-05-31
399,خاتم,صندوق س خاتم ايساتيس پويا-ثابت,74,1041498,11634583674,11166,11171,11174,8,0.07,11171,5,0.04,11170,11174,1400-3-10,2021-05-31
400,تسه9805,امتياز تسهيلات مسكن مرداد98,74,1980,1099241033,555446,530000,559998,4552,0.82,555172,-274,-0.05,528122,570000,1400-3-10,2021-05-31
401,تسه9808,امتياز تسهيلات مسكن آبان98,73,1193,647280116,539248,530055,550022,10774,2,542565,3317,0.62,530000,551000,1400-3-10,2021-05-31
402,آساميد,صندوق س.مشترك آسمان اميد -د,71,1978666,23943195202,12095,12100,12099,4,0.03,12101,6,0.05,12099,12106,1400-3-10,2021-05-31
403,سمتاز,سيمان ممتازان كرمان,70,140387,3069120942,22166,21502,21620,-546,-2.46,22071,-95,-0.43,21502,22000,1400-3-10,2021-05-31
404,سكه0011پ02,تمام سكه طرح جديد0011ملت,70,14000,14873899500,1078198,1072097,1068995,-9203,-0.85,1062421,-15777,-1.46,1055000,1072097,1400-3-10,2021-05-31
405,زرين,صندوق س. سهام زرين كوروش-س,70,76669,720853658,9728,9450,9323,-405,-4.16,9402,-326,-3.35,9320,9706,1400-3-10,2021-05-31
406,سكه0112پ03,تمام سكه طرح جديد0112سامان,69,27400,29148660900,1077041,1065000,1065000,-12041,-1.12,1063820,-13221,-1.23,1040100,1067000,1400-3-10,2021-05-31
407,شرنگي,شيميايي رنگين,69,17028,4282594677,259281,251503,251503,-7778,-3,255754,-3527,-1.36,251503,251504,1400-3-10,2021-05-31
408,هكوير110,اختيارف ت كوير-8281-01/10/05,69,6900000,3726000000,1000,540,540,-460,-46,540,-460,-46,540,540,1400-3-10,2021-05-31
409,تسه9811,امتياز تسهيلات مسكن بهمن98,68,636,348046973,539469,530000,550000,10531,1.95,547244,7775,1.44,530000,554700,1400-3-10,2021-05-31
410,دروز,داروسازي‌ روزدارو,68,193153,5654840020,30700,30700,29170,-1530,-4.98,30160,-540,-1.76,29170,30700,1400-3-10,2021-05-31
411,ثنوسا,نوسازي‌وساختمان‌تهران‌,64,111140,1270330200,12700,11430,11430,-1270,-10,12580,-120,-0.94,11430,11430,1400-3-10,2021-05-31
412,وآذر,سرمايه‌گذاري‌توسعه‌آذربايجان‌,63,16326,1205185320,82020,73820,73820,-8200,-10,81290,-730,-0.89,73820,73820,1400-3-10,2021-05-31
413,آتيمس,صندوق س.آرمان آتيه درخشان مس-س,63,18339,3033157381,169479,167000,165000,-4479,-2.64,165394,-4085,-2.41,163644,167996,1400-3-10,2021-05-31
414,جوين,كشت و صنعت جوين,61,515765,2189422425,4468,4245,4245,-223,-4.99,4429,-39,-0.87,4245,4245,1400-3-10,2021-05-31
415,بورس,بورس اوراق بهادار تهران,60,457223,12308443160,28330,26920,26920,-1410,-4.98,27930,-400,-1.41,26920,26920,1400-3-10,2021-05-31
416,فالوم,آلومتك‌,59,471091,11777275000,36146,25000,25000,-11146,-30.84,25000,-11146,-30.84,25000,25000,1400-3-10,2021-05-31
417,دلر,داروسازي‌ اكسير,59,61639,1792811380,29180,29190,28870,-310,-1.06,29170,-10,-0.03,28820,29800,1400-3-10,2021-05-31
418,تسه9807,امتياز تسهيلات مسكن مهر98,58,569,317374674,545472,523170,550000,4528,0.83,557776,12304,2.26,523170,572745,1400-3-10,2021-05-31
419,سكه0012پ04,تمام سكه طرح جديد0012صادرات,57,18400,19532750000,1078077,1061110,1069800,-8277,-0.77,1061562,-16515,-1.53,1052000,1069800,1400-3-10,2021-05-31
420,دفارا,داروسازي‌ فارابي‌,57,277921,14310152290,54200,51490,51490,-2710,-5,51490,-2710,-5,51490,51490,1400-3-10,2021-05-31
421,تسه9809,امتياز تسهيلات مسكن آذر98,57,902,490760307,538693,523333,559900,21207,3.94,544080,5387,1,517707,560000,1400-3-10,2021-05-31
422,كيان2,صندوق س. با درآمد ثابت كيان,56,5600000,5600000,28640,1,1,-28639,-100,1,-28639,-100,1,1,1400-3-10,2021-05-31
423,پلوله,گازلوله‌,56,255454,6556226910,26458,25665,25665,-793,-3,25892,-566,-2.14,25665,25665,1400-3-10,2021-05-31
424,سفانو,سيمان فارس نو,50,76497,1910895060,26290,24980,24980,-1310,-4.98,26100,-190,-0.72,24980,24980,1400-3-10,2021-05-31
425,دارو,كارخانجات‌داروپخش‌,50,316791,9070605530,30130,28630,28630,-1500,-4.98,29340,-790,-2.62,28630,29240,1400-3-10,2021-05-31
426,هپارس102,اختيارف ت پارس-157010-01/02/05,49,150000,150000,833,1,1,-832,-99.88,1,-832,-99.88,1,1,1400-3-10,2021-05-31
427,ولتجار,واسپاري تجارت وسرمايه ايرانيان,49,716613,4926714375,7087,6875,6875,-212,-2.99,6973,-114,-1.61,6875,6875,1400-3-10,2021-05-31
428,اخزا914,اسنادخزانه-م14بودجه99-021025,47,74901,43750093232,582643,584999,584000,1357,0.23,584106,1463,0.25,582980,584999,1400-3-10,2021-05-31
429,دفرا,فرآورده‌هاي‌ تزريقي‌ ايران‌,47,123174,2748137430,23480,22320,22310,-1170,-4.98,23250,-230,-0.98,22310,22340,1400-3-10,2021-05-31
430,شكبير,پتروشيمي اميركبير,46,30822,2518365901,83007,80800,81670,-1337,-1.61,82975,-32,-0.04,80800,84000,1400-3-10,2021-05-31
431,داريك,صندوق س.اعتماد داريك-د,44,146450,1552278444,10598,10600,10640,42,0.4,10599,1,0.01,10201,10640,1400-3-10,2021-05-31
432,ساروج,بين المللي ساروج بوشهر,44,470921,7701201085,16795,16795,16292,-503,-2.99,16442,-353,-2.1,16292,16980,1400-3-10,2021-05-31
433,افق ملت,صندوق س در سهام افق ملت,43,14492,1750635610,123500,122490,120700,-2800,-2.27,120800,-2700,-2.19,120700,122490,1400-3-10,2021-05-31
434,وآرين,شركت توسعه اقتصادي آرين,40,279343,894176943,3369,3201,3201,-168,-4.99,3353,-16,-0.47,3201,3201,1400-3-10,2021-05-31
435,گنجين,صندوق س. گنجينه يكم آويد-د,40,295203,3819155448,12924,12926,12936,12,0.09,12937,13,0.1,12926,12941,1400-3-10,2021-05-31
436,آكورد2,صندوق س. آرمان آتي كوثر-د,40,4000000,4000000,32330,1,1,-32329,-100,1,-32329,-100,1,1,1400-3-10,2021-05-31
437,ثباغ,شهر سازي و خانه سازي باغميشه,39,120884,1376143456,11983,11384,11384,-599,-5,11922,-61,-0.51,11384,11384,1400-3-10,2021-05-31
438,ثشاهد,سرمايه‌ گذاري‌ شاهد,39,78421,1162199220,15600,14820,14820,-780,-5,15560,-40,-0.26,14820,14820,1400-3-10,2021-05-31
439,خكمك,كمك‌فنرايندامين‌,39,12149,304210960,26350,25040,25040,-1310,-4.97,26320,-30,-0.11,25040,25040,1400-3-10,2021-05-31
440,دمعيار,صندوق س. توازن معيار-د,37,1492440,15002126389,10045,10051,10055,10,0.1,10052,7,0.07,10050,10055,1400-3-10,2021-05-31
441,ضجار7039,اختيارخ وتجارت-1997-1400/07/21,36,341,92814000,288,222,290,2,0.69,272,-16,-5.56,222,301,1400-3-10,2021-05-31
442,كسرا,سراميك‌هاي‌صنعتي‌اردكان‌,35,275771,4679833870,17860,16970,16970,-890,-4.98,17550,-310,-1.74,16970,16970,1400-3-10,2021-05-31
443,گوهر2,صندوق سكه طلاي كيان,35,350000,350000,53571,1,1,-53570,-100,1,-53570,-100,1,1,1400-3-10,2021-05-31
444,ضملي7002,اختيارخ فملي-9720-1400/07/11,33,219,745223000,3517,3489,3253,-264,-7.51,3403,-114,-3.24,3100,3539,1400-3-10,2021-05-31
445,انرژي3,سايراشخاص بورس انرژي,33,8660,1927629400,234300,222590,222590,-11710,-5,233880,-420,-0.18,222590,222590,1400-3-10,2021-05-31
446,اخزا907,اسنادخزانه-م7بودجه99-020704,32,128772,79941681786,620817,619659,620001,-816,-0.13,620800,-17,0,619659,623000,1400-3-10,2021-05-31
447,اخزا905,اسنادخزانه-م5بودجه99-020218,32,142273,95770829870,673067,673000,673999,932,0.14,673148,81,0.01,671001,674400,1400-3-10,2021-05-31
448,ضسپا8041,اختيارخ خساپا-1600-1400/08/26,31,1386,369276000,271,234,260,-11,-4.06,266,-5,-1.85,233,281,1400-3-10,2021-05-31
449,عيار2,صندوق سكه طلاي مفيد,30,300000,300000,27668,1,1,-27667,-100,1,-27667,-100,1,1,1400-3-10,2021-05-31
450,بكام,كارخانجات توليدي شهيد قندي,29,276373,991626324,3776,3588,3588,-188,-4.98,3763,-13,-0.34,3588,3588,1400-3-10,2021-05-31
451,وليز,ليزينگ‌ايران‌,28,52295,447122250,9490,8550,8550,-940,-9.91,9460,-30,-0.32,8550,8550,1400-3-10,2021-05-31
452,ضفلا3004,اختيارخ فولاد-8560-1400/03/19,28,476,643237600,1154,1000,999,-155,-13.43,964,-190,-16.46,840,1140,1400-3-10,2021-05-31
453,هنوري102,اختيارف ت نوري59561-01/02/15,28,300000,300000,1,1,1,0,0,1,0,0,1,1,1400-3-10,2021-05-31
454,كپارس,كاشي‌ پارس‌,28,92412,11962733400,136260,129450,129450,-6810,-5,130060,-6200,-4.55,129450,129450,1400-3-10,2021-05-31
455,كالا,بورس كالاي ايران,28,39234,1129939200,30310,28800,28800,-1510,-4.98,30250,-60,-0.2,28800,28800,1400-3-10,2021-05-31
456,اخزا808,اسنادخزانه-م8بودجه98-000817,28,8639,7890822983,910641,913251,913320,2679,0.29,913395,2754,0.3,913251,914480,1400-3-10,2021-05-31
457,ضپاس7029,اختيارخ وپارس-2500-1400/07/28,28,258,119337000,487,420,485,-2,-0.41,463,-24,-4.93,418,485,1400-3-10,2021-05-31
458,شاروم,پتروشيمي اروميه,27,21326,374847102,18502,17577,17577,-925,-5,18477,-25,-0.14,17577,17577,1400-3-10,2021-05-31
459,اخزا911,اسنادخزانه-م11بودجه99-020906,27,93089,55948573822,599318,601000,601300,1982,0.33,601022,1704,0.28,598102,609999,1400-3-10,2021-05-31
460,صنوين,صندوق سرمايه‌گذاري صنوين-مختلط,27,18512,1938627230,105600,105000,105500,-100,-0.09,104720,-880,-0.83,104010,105500,1400-3-10,2021-05-31
461,اخزا818,اسنادخزانه-م18بودجه98-010614,27,51057,39689827930,777021,777010,778000,979,0.13,777363,342,0.04,776900,778100,1400-3-10,2021-05-31
462,دماوند,توليد نيروي برق دماوند,26,19281,558532008,30492,28968,28968,-1524,-5,30479,-13,-0.04,28968,28968,1400-3-10,2021-05-31
463,تكمبا,كمباين‌ سازي‌ ايران‌,26,26400,190872000,7610,7230,7230,-380,-4.99,7600,-10,-0.13,7230,7230,1400-3-10,2021-05-31
464,فزرين,زرين معدن آسيا,26,41575,741781150,18781,17842,17842,-939,-5,18727,-54,-0.29,17842,17842,1400-3-10,2021-05-31
465,غشهداب,كشت و صنعت شهداب ناب خراسان,25,65316,234092544,3772,3584,3584,-188,-4.98,3769,-3,-0.08,3584,3584,1400-3-10,2021-05-31
466,قشكر,شكرشاهرود,25,183082,644448640,3705,3520,3520,-185,-4.99,3697,-8,-0.22,3520,3520,1400-3-10,2021-05-31
467,دتوزيع,توزيع دارو پخش,25,151178,6835966804,47597,45218,45218,-2379,-5,46848,-749,-1.57,45218,45218,1400-3-10,2021-05-31
468,ضپال2006,اختيارخ اپال-28000-1401/02/12,25,400,220000000,550,550,550,0,0,550,0,0,550,550,1400-3-10,2021-05-31
469,ضصاد8030,اختيارخ وبصادر-1589-1400/08/12,24,809,351875000,454,400,380,-74,-16.3,435,-19,-4.19,255,555,1400-3-10,2021-05-31
470,خمهر,مهركام‌پارس‌,24,652385,1373270425,2215,2105,2105,-110,-4.97,2204,-11,-0.5,2105,2105,1400-3-10,2021-05-31
471,سجام,مجتمع سيمان غرب آسيا,24,144781,551181267,3924,3807,3807,-117,-2.98,3917,-7,-0.18,3807,3807,1400-3-10,2021-05-31
472,مرقام,ايران‌ارقام‌,24,30037,496511610,17400,16530,16530,-870,-5,17370,-30,-0.17,16530,16530,1400-3-10,2021-05-31
473,گدنا,تهيه توزيع غذاي دنا آفرين فدك,23,16433,457248225,29289,27825,27825,-1464,-5,29237,-52,-0.18,27825,27825,1400-3-10,2021-05-31
474,ولانا,شركت ليزينگ آريا دانا,23,32507,1074323843,34788,33049,33049,-1739,-5,34591,-197,-0.57,33049,33049,1400-3-10,2021-05-31
475,كرازي,كارخانجات‌توليدي‌شيشه‌رازي‌,22,116702,2306031520,20800,19760,19760,-1040,-5,20620,-180,-0.87,19760,19760,1400-3-10,2021-05-31
476,فرابورس,فرابورس ايران,22,9146,264932182,30491,28967,28967,-1524,-5,30479,-12,-0.04,28967,28967,1400-3-10,2021-05-31
477,سپر,صندوق س سپر سرمايه بيدار- ثابت,21,577360,6857900300,11873,11878,11879,6,0.05,11878,5,0.04,11878,11881,1400-3-10,2021-05-31
478,ضخود7073,اختيارخ خودرو-1600-1400/07/07,21,323,105531000,380,350,315,-65,-17.11,327,-53,-13.95,300,390,1400-3-10,2021-05-31
479,ضسپا8042,اختيارخ خساپا-1800-1400/08/26,21,281,70153000,69,270,153,84,121.74,250,181,262.32,153,299,1400-3-10,2021-05-31
480,وسهرمز,شركت س استان هرمزگان,20,1063857,913853163,904,859,859,-45,-4.98,903,-1,-0.11,859,859,1400-3-10,2021-05-31
481,قصفها,قنداصفهان‌,20,3721,535600740,151510,143940,143940,-7570,-5,151220,-290,-0.19,143940,143940,1400-3-10,2021-05-31
482,ضخود7078,اختيارخ خودرو-3500-1400/07/07,20,1720,18864000,14,13,10,-4,-28.57,11,-3,-21.43,10,15,1400-3-10,2021-05-31
483,رافزا,رايان هم افزا,20,3150,316215900,105669,100386,100386,-5283,-5,105552,-117,-0.11,100386,100386,1400-3-10,2021-05-31
484,تليسه,دامداري تليسه نمونه,19,100606,404335514,4230,4019,4019,-211,-4.99,4224,-6,-0.14,4019,4019,1400-3-10,2021-05-31
485,كبافق,معادن‌ بافق‌,19,11075,455071750,43250,41090,41090,-2160,-4.99,43200,-50,-0.12,41090,41090,1400-3-10,2021-05-31
486,دارا2,صندوق س. دارا الگوريتم-د,19,1900000,1900000,10009,1,1,-10008,-99.99,1,-10008,-99.99,1,1,1400-3-10,2021-05-31
487,نمرينو,ايران‌ مرينوس‌,18,73466,6123391100,87730,83350,83350,-4380,-4.99,85860,-1870,-2.13,83350,83350,1400-3-10,2021-05-31
488,اخزا812,اسنادخزانه-م12بودجه98-001111,18,17112,15002434988,875567,877000,879000,3433,0.39,876720,1153,0.13,875810,879000,1400-3-10,2021-05-31
489,آپ,آسان پرداخت پرشين,18,35119,541183790,16220,15410,15410,-810,-4.99,16190,-30,-0.18,15410,15410,1400-3-10,2021-05-31
490,اخزا814,اسنادخزانه-م14بودجه98-010318,17,36181,29696982899,815952,815501,815620,-332,-0.04,820789,4837,0.59,815501,822000,1400-3-10,2021-05-31
491,حريل,ريل پردازسير,17,48469,234686898,5096,4842,4842,-254,-4.98,5091,-5,-0.1,4842,4842,1400-3-10,2021-05-31
492,اخزا815,اسنادخزانه-م15بودجه98-010406,17,12128,9789732876,806712,807100,807320,608,0.08,807201,489,0.06,807100,811000,1400-3-10,2021-05-31
493,هاي وب,داده گسترعصرنوين-هاي وب,17,27213,265054620,10250,9740,9740,-510,-4.98,10250,0,0,9740,9740,1400-3-10,2021-05-31
494,اخزا816,اسنادخزانه-م16بودجه98-010503,17,11717,9313633647,794547,794700,794900,353,0.04,794882,335,0.04,794700,794920,1400-3-10,2021-05-31
495,اخزا820,اسنادخزانه-م20بودجه98-020806,16,21683,13243659583,609944,610000,610303,359,0.06,610785,841,0.14,610000,612000,1400-3-10,2021-05-31
496,ثروتم,صندوق س. ثروت آفرين پارسيان-س,16,90800,6626479940,74284,72890,73254,-1030,-1.39,72979,-1305,-1.76,72708,73754,1400-3-10,2021-05-31
497,چفيبر,فيبر ايران‌,15,133995,1668237750,13100,12450,12450,-650,-4.96,13020,-80,-0.61,12450,12450,1400-3-10,2021-05-31
498,پست0008پ04,پسته فندقي32-30سبزدانه0008(پ),15,297,515069990,1594889,1730000,1743000,148111,9.29,1734242,139353,8.74,1703000,1743000,1400-3-10,2021-05-31
499,ضسپا3001,اختيارخ خساپا-1600-1400/03/26,15,500,58340000,272,110,80,-192,-70.59,117,-155,-56.99,80,170,1400-3-10,2021-05-31
500,سيمرغ,سيمرغ,15,14791,251447000,17890,17000,17000,-890,-4.97,17870,-20,-0.11,17000,17000,1400-3-10,2021-05-31
501,زعف0008پ19,زعفران0008نگين تروند قاينات(پ),14,6503,767260865,118178,117113,118000,-178,-0.15,117986,-192,-0.16,117113,118000,1400-3-10,2021-05-31
502,غشان,شيرپاستوريزه‌پگاه‌خراسان‌,14,32668,175753840,5660,5380,5380,-280,-4.95,5660,0,0,5380,5380,1400-3-10,2021-05-31
503,زعف0008پ05,زعفران0008نگين زرين(پ),14,811,98127168,120463,119018,120999,536,0.44,120995,532,0.44,119018,121000,1400-3-10,2021-05-31
504,خبازرس,بازرسي مهندسي و صنعتي ايران,14,29637,716178105,24912,24165,24165,-747,-3,24856,-56,-0.22,24165,24165,1400-3-10,2021-05-31
505,غگلپا,شير پاستوريزه پگاه گلپايگان,14,9092,421732420,48826,46385,46385,-2441,-5,48747,-79,-0.16,46385,46385,1400-3-10,2021-05-31
506,كطبس,ذغال‌سنگ‌ نگين‌ ط‌بس‌,14,241526,15752325720,68650,65220,65220,-3430,-5,65220,-3430,-5,65220,65220,1400-3-10,2021-05-31
507,مفاخر,توسعه فناوري اطلاعات خوارزمي,14,181140,8075583480,46928,44582,44582,-2346,-5,45466,-1462,-3.12,44582,44582,1400-3-10,2021-05-31
508,كي بي سي,شركت كي بي سي,14,26217,596122146,23934,22738,22738,-1196,-5,23880,-54,-0.23,22738,22738,1400-3-10,2021-05-31
509,شصدفح,ح . صنعتي دوده فام,14,117340,3082926820,27339,28705,25973,-1366,-5,26273,-1066,-3.9,25973,28705,1400-3-10,2021-05-31
510,اخزا817,اسنادخزانه-م17بودجه98-010512,14,18221,14411116450,790621,790900,790910,289,0.04,790907,286,0.04,790900,791000,1400-3-10,2021-05-31
511,پلاسك,پلاسكوكار,14,75643,514372400,7150,6800,6800,-350,-4.9,7140,-10,-0.14,6800,6800,1400-3-10,2021-05-31
512,لازما,كارخانه هاي صنعتي آزمايش,14,65622,2176484874,34192,33167,33167,-1025,-3,33962,-230,-0.67,33167,33167,1400-3-10,2021-05-31
513,كمرجان,بازرگاني و توليدي مرجان كار,13,1227,171194721,146866,139523,139523,-7343,-5,146778,-88,-0.06,139523,139523,1400-3-10,2021-05-31
514,ختور,رادياتور ايران‌,13,12291,213125940,18250,17340,17340,-910,-4.99,18240,-10,-0.05,17340,17340,1400-3-10,2021-05-31
515,لپارس,پارس‌ الكتريك‌,13,10650,863076000,85300,81040,81040,-4260,-4.99,85030,-270,-0.32,81040,81040,1400-3-10,2021-05-31
516,شلعاب,لعابيران‌,13,30530,378266700,13040,12390,12390,-650,-4.98,13020,-20,-0.15,12390,12390,1400-3-10,2021-05-31
517,وآيند,بانك  آينده,13,12493,198938532,16248,15924,15924,-324,-1.99,16247,-1,-0.01,15924,15924,1400-3-10,2021-05-31
518,دجابر,داروسازي‌ جابرابن‌حيان‌,13,63521,959802310,15900,15110,15110,-790,-4.97,15840,-60,-0.38,15110,15110,1400-3-10,2021-05-31
519,الماس,صندوق س.امين تدبيرگران فردا-س,13,903,90139838,101927,100000,99011,-2916,-2.86,99823,-2104,-2.06,99000,100020,1400-3-10,2021-05-31
520,زعف0008پ10,زعفران0008نگين طلاي سرخ(پ),12,933,112315242,120367,118700,121000,633,0.53,120381,14,0.01,118700,121000,1400-3-10,2021-05-31
521,اراد35,مرابحه عام دولت3-ش.خ 0103,12,25400,24223980000,986916,953700,953700,-33216,-3.37,953700,-33216,-3.37,953700,953700,1400-3-10,2021-05-31
522,اعتلا,شركت سرمايه گذاري اعتلاء البرز,12,63739,431576769,7127,6771,6771,-356,-5,7116,-11,-0.15,6771,6771,1400-3-10,2021-05-31
523,فراز,صندوق س.سهام فراز داريك-س,12,12947,133834639,10337,10337,10337,0,0,10337,0,0,10337,10340,1400-3-10,2021-05-31
524,اخزا806,اسنادخزانه-م6بودجه98-000519,12,3926,3775478775,959971,961999,961000,1029,0.11,961660,1689,0.18,960000,964998,1400-3-10,2021-05-31
525,تملي703,تسهيلات مسكن ب. ملي-خرداد97,12,150,108624450,694088,694088,728788,34700,5,724163,30075,4.33,694088,728791,1400-3-10,2021-05-31
526,ضملت3000,اختيارخ وبملت-3000-1400/03/19,12,187,156223000,930,895,750,-180,-19.35,835,-95,-10.22,750,895,1400-3-10,2021-05-31
527,ساذري,آذريت‌,12,197309,1276391921,6161,6469,6469,308,5,6198,37,0.6,6469,6469,1400-3-10,2021-05-31
528,قشير,قند شيروان قوچان و بجنورد,11,26264,638110144,25574,24296,24296,-1278,-5,25517,-57,-0.22,24296,24296,1400-3-10,2021-05-31
529,اخزا809,اسنادخزانه-م9بودجه98-000923,11,6696,5998175218,895016,899000,896500,1484,0.17,895785,769,0.09,895501,899000,1400-3-10,2021-05-31
530,تكنو,تكنوتار,11,51250,1030637500,21160,20110,20110,-1050,-4.96,21080,-80,-0.38,20110,20110,1400-3-10,2021-05-31
531,تملي612,تسهيلات مسكن بانك ملي-اسفند96,11,101,72621102,684782,719021,719021,34239,5,719021,34239,5,719020,719021,1400-3-10,2021-05-31
532,شصدف,صنعتي دوده فام,11,4196,124738688,31292,29728,29728,-1564,-5,31278,-14,-0.04,29728,29728,1400-3-10,2021-05-31
533,بذر,صندوق س بذر اميد آفرين-سهام,11,875,75550840,87320,86400,85900,-1420,-1.63,86340,-980,-1.12,82460,87840,1400-3-10,2021-05-31
534,قثابت,قند ثابت‌ خراسان‌,11,10286,584039080,59760,56780,56780,-2980,-4.99,59640,-120,-0.2,56780,56780,1400-3-10,2021-05-31
535,ضسپا3000,اختيارخ خساپا-1400-1400/03/26,11,150,35782000,263,200,259,-4,-1.52,239,-24,-9.13,200,259,1400-3-10,2021-05-31
536,تملي704,تسهيلات مسكن ب. ملي-تير97,10,138,96219441,664041,697242,697243,33202,5,697242,33201,5,697242,697243,1400-3-10,2021-05-31
537,ضترا8057,اختيارخ شتران-3000-1400/08/09,10,74,133250000,2748,2200,1800,-948,-34.5,1801,-947,-34.46,1700,2200,1400-3-10,2021-05-31
538,سدشت,صنايع سيمان دشتستان,10,15733,993381620,66460,63140,63140,-3320,-5,66350,-110,-0.17,63140,63140,1400-3-10,2021-05-31
539,شستا004,اجاره تامين اجتماعي-نوين000523,10,197481,197125534200,996000,998200,998200,2200,0.22,998200,2200,0.22,998200,998200,1400-3-10,2021-05-31
540,ضسپا8039,اختيارخ خساپا-1200-1400/08/26,10,103,46717000,410,500,469,59,14.39,454,44,10.73,421,500,1400-3-10,2021-05-31
541,كپشيرح,ح . پشم‌شيشه‌ايران‌,10,158727,3474721000,23030,23400,21850,-1180,-5.12,21890,-1140,-4.95,21850,23400,1400-3-10,2021-05-31
542,ديران,ايران‌دارو,10,12420,199092600,16870,16030,16030,-840,-4.98,16860,-10,-0.06,16030,16030,1400-3-10,2021-05-31
543,تملي701,تسهيلات مسكن ب. ملي-فروردين97,10,144,89827969,602157,632204,632262,30105,5,623805,21648,3.6,572050,632264,1400-3-10,2021-05-31
544,كيش0211,خريد دين توسعه كيش14021110,10,1000000,1000000000000,1000000,1000000,1000000,0,0,1000000,0,0,1000000,1000000,1400-3-10,2021-05-31
545,لخزر,پارس‌ خزر,10,472,79541440,177380,168520,168520,-8860,-4.99,177330,-50,-0.03,168520,168520,1400-3-10,2021-05-31
546,ضجار7038,اختيارخ وتجارت-1797-1400/07/21,10,252,94250000,425,350,395,-30,-7.06,374,-51,-12,350,470,1400-3-10,2021-05-31
547,صايپا012,صكوك مرابحه سايپا012-3ماهه 16%,10,100000,100000200000,1000002,1000002,1000002,0,0,1000002,0,0,1000002,1000002,1400-3-10,2021-05-31
548,شكف,كف,10,3026,290589806,100032,96031,96031,-4001,-4,99911,-121,-0.12,96031,96031,1400-3-10,2021-05-31
549,خكاوه,سايپا ديزل,9,113088,389814336,3553,3447,3447,-106,-2.98,3549,-4,-0.11,3447,3447,1400-3-10,2021-05-31
550,حبندر,دريايي و کشتيراني خط دريابندر,9,7640,227801880,30739,29817,29817,-922,-3,30717,-22,-0.07,29817,29817,1400-3-10,2021-05-31
551,اخزا811,اسنادخزانه-م11بودجه98-001013,9,1257,1114101648,885712,887500,886550,838,0.09,886318,606,0.07,885001,887500,1400-3-10,2021-05-31
552,بنيرو,نيروترانس‌,9,11118,157097340,14870,14130,14130,-740,-4.98,14860,-10,-0.07,14130,14130,1400-3-10,2021-05-31
553,تمحركه,ماشين سازي نيرو محركه,9,8559,145520118,17527,17002,17002,-525,-3,17519,-8,-0.05,17002,17002,1400-3-10,2021-05-31
554,ضخود7072,اختيارخ خودرو-1400-1400/07/07,9,206,108370000,533,598,520,-13,-2.44,526,-7,-1.31,468,598,1400-3-10,2021-05-31
555,سكه0111پ05,تمام سكه طرح جديد0111آينده,9,2100,2202884200,1104338,1024402,1050000,-54338,-4.92,1048992,-55346,-5.01,1024402,1050800,1400-3-10,2021-05-31
556,تملي802,تسهيلات مسكن ب. ملي-ارديبهشت98,9,139,115929219,810411,850930,769891,-40520,-5,834023,23612,2.91,769891,850931,1400-3-10,2021-05-31
557,اخزا720,اسنادخزانه-م20بودجه97-000324,9,2156,2140812055,994550,993000,993000,-1550,-0.16,992955,-1595,-0.16,991451,993000,1400-3-10,2021-05-31
558,وسديد,گروه ‌صنعتي‌سديد,9,47093,133226097,2886,2829,2829,-57,-1.98,2886,0,0,2829,2829,1400-3-10,2021-05-31
559,ضملت3003,اختيارخ وبملت-4500-1400/03/19,9,800,3400000,15,10,2,-13,-86.67,4,-11,-73.33,2,10,1400-3-10,2021-05-31
560,شسينا,صنايع‌شيميايي‌سينا,8,2844,348702840,129060,122610,122610,-6450,-5,128900,-160,-0.12,122610,122610,1400-3-10,2021-05-31
561,رنيك,جنرال مكانيك,8,7563,157378467,21904,20809,20809,-1095,-5,21892,-12,-0.05,20809,20809,1400-3-10,2021-05-31
562,دلقما,دارويي‌ لقمان‌,8,3700,84360000,24000,22800,22800,-1200,-5,23990,-10,-0.04,22800,22800,1400-3-10,2021-05-31
563,طصاد3008,اختيارف وبصادر-6000-1400/03/12,8,800,3312000000,1,4140,4140,4139,413900,4140,4139,413900,4140,4140,1400-3-10,2021-05-31
564,سفار,سيمان‌فارس‌,8,24106,3180786700,138890,131950,131950,-6940,-5,137280,-1610,-1.16,131950,131950,1400-3-10,2021-05-31
565,اخزا716,اسنادخزانه-م16بودجه97-000407,8,3427,3372077588,984991,984000,984001,-990,-0.1,983974,-1017,-0.1,983800,984013,1400-3-10,2021-05-31
566,بايكا,كارخانجات كابلسازي ‌ايران‌,8,7911,281441736,36676,35576,35576,-1100,-3,36644,-32,-0.09,35576,35576,1400-3-10,2021-05-31
567,اخزا810,اسنادخزانه-م10بودجه98-001006,8,3205,2854180264,890828,890001,880160,-10668,-1.2,890540,-288,-0.03,880160,892500,1400-3-10,2021-05-31
568,كگاز,شيشه‌ و گاز,8,4325,75514500,18370,17460,17460,-910,-4.95,18370,0,0,17460,17460,1400-3-10,2021-05-31
569,كرونا2,تامين مالي جمعي صرفا اهداي سود,7,5121,51210000,10000,10000,10000,0,0,10000,0,0,10000,10000,1400-3-10,2021-05-31
570,ضفلا3003,اختيارخ فولاد-7133-1400/03/19,7,35,118540502,2628,2700,2390,-238,-9.06,2416,-212,-8.07,2300,2700,1400-3-10,2021-05-31
571,غگلستا,شير پاستوريزه پگاه گلستان,7,16013,298818593,19643,18661,18661,-982,-5,19613,-30,-0.15,18661,18661,1400-3-10,2021-05-31
572,ضملت3004,اختيارخ وبملت-5000-1400/03/19,7,154,991000,10,9,5,-5,-50,6,-4,-40,5,9,1400-3-10,2021-05-31
573,پارتا,مجتمع‌صنعتي‌آرتاويل‌تاير,7,1631,52490473,33178,32183,32183,-995,-3,33176,-2,-0.01,32183,32183,1400-3-10,2021-05-31
574,كپرور,فرآوري زغال سنگ پروده طبس,7,2307,70914873,32356,30739,30739,-1617,-5,32348,-8,-0.02,30739,30739,1400-3-10,2021-05-31
575,عسيرجان,سلف موازي كلوخه سنگ آهن سيرجان,7,1250000,1500000000000,1200000,1200000,1200000,0,0,1200000,0,0,1200000,1200000,1400-3-10,2021-05-31
576,اخزا906,اسنادخزانه-م6بودجه99-020321,7,4867,3680119352,755032,749999,760000,4968,0.66,756137,1105,0.15,727010,760000,1400-3-10,2021-05-31
577,زملارد,كشاورزي و دامپروري ملارد شير,7,1316,45523072,36412,34592,34592,-1820,-5,36406,-6,-0.02,34592,34592,1400-3-10,2021-05-31
578,اخزا807,اسنادخزانه-م7بودجه98-000719,7,3959,3566024356,927981,929000,927981,0,0,900739,-27242,-2.94,881583,929000,1400-3-10,2021-05-31
579,ضپاس7028,اختيارخ وپارس-2000-1400/07/28,7,85,77532000,900,999,850,-50,-5.56,912,12,1.33,850,1000,1400-3-10,2021-05-31
580,سخاش,سيمان‌خاش‌,7,2148,272087160,133330,126670,126670,-6660,-5,133200,-130,-0.1,126670,126670,1400-3-10,2021-05-31
581,اخزا821,اسنادخزانه-م21بودجه98-020906,7,20696,12458772870,599649,600000,602000,2351,0.39,601989,2340,0.39,600000,602000,1400-3-10,2021-05-31
582,همبين102,اختيارف ت مبين17952-01/02/10,7,23566,29740292,1294,1262,1262,-32,-2.47,1262,-32,-2.47,1262,1262,1400-3-10,2021-05-31
583,شدوص,دوده‌ صنعتي‌ پارس‌,7,24982,508633520,21430,20360,20360,-1070,-4.99,21390,-40,-0.19,20360,20360,1400-3-10,2021-05-31
584,اراد50,مرابحه عام دولت5-ش.خ0302,7,150000,150000033000,1000000,1000001,1000000,0,0,1000000,0,0,1000000,1000001,1400-3-10,2021-05-31
585,آسام,صندوق س.آرمان سپهر آشنا-م,7,1440,146355130,103644,100239,101281,-2363,-2.28,101636,-2008,-1.94,100239,103621,1400-3-10,2021-05-31
586,كحافظ,كاشي‌ وسراميك‌ حافظ‌,7,12713,141877080,11740,11160,11160,-580,-4.94,11730,-10,-0.09,11160,11160,1400-3-10,2021-05-31
587,ضصاد8031,اختيارخ وبصادر-1789-1400/08/12,6,175,77900000,436,500,360,-76,-17.43,445,9,2.06,350,500,1400-3-10,2021-05-31
588,زكوثر,سرمايه گذاري كشاورزي كوثر,6,11065,204370550,19440,18470,18470,-970,-4.99,19430,-10,-0.05,18470,18470,1400-3-10,2021-05-31
589,وگستر,گسترش سرمايه گذاري ايرانيان,6,5039,89870565,18773,17835,17835,-938,-5,18767,-6,-0.03,17835,17835,1400-3-10,2021-05-31
590,اخزا721,اسنادخزانه-م21بودجه97-000728,6,5782,5349987880,924565,925000,925360,795,0.09,925283,718,0.08,924500,925360,1400-3-10,2021-05-31
591,ضفلا3005,اختيارخ فولاد-9986-1400/03/19,6,121,32698846,321,200,160,-161,-50.16,193,-128,-39.88,160,200,1400-3-10,2021-05-31
592,ومعلم,بيمه معلم,6,60042,281657022,4937,4691,4691,-246,-4.98,4932,-5,-0.1,4691,4691,1400-3-10,2021-05-31
593,وايران,ليزينگ ايرانيان,6,65302,767951520,12370,11760,11760,-610,-4.93,12340,-30,-0.24,11760,11760,1400-3-10,2021-05-31
594,كلر,كلر پارس,6,351,42642288,127882,121488,121488,-6394,-5,127865,-17,-0.01,121488,121488,1400-3-10,2021-05-31
595,تملي711,تسهيلات مسكن ب. ملي-بهمن97,6,69,34413750,475000,498750,498750,23750,5,498750,23750,5,498750,498750,1400-3-10,2021-05-31
596,كسرام,پارس‌ سرام‌,6,12297,94563930,8090,7690,7690,-400,-4.94,8090,0,0,7690,7690,1400-3-10,2021-05-31
597,غالبر,لبنيات‌ كالبر,6,7356,134982600,19310,18350,18350,-960,-4.97,19300,-10,-0.05,18350,18350,1400-3-10,2021-05-31
598,دبالك,مواد اوليه دارويي البرز بالك,6,21180,413454780,20548,19521,19521,-1027,-5,20518,-30,-0.15,19521,19521,1400-3-10,2021-05-31
599,قنيشا,قند  نيشابور,6,2406,146284800,63990,60800,60800,-3190,-4.99,63960,-30,-0.05,60800,60800,1400-3-10,2021-05-31
600,خفناور,مهندسي صنعتي روان فن آور,6,1393,63866264,48261,45848,45848,-2413,-5,48245,-16,-0.03,45848,45848,1400-3-10,2021-05-31
601,تملي801,تسهيلات مسكن ب. ملي-فروردين98,6,70,57940858,788313,827726,827727,39414,5,827727,39414,5,827726,827727,1400-3-10,2021-05-31
602,ضترا8055,اختيارخ شتران-2118-1400/08/09,6,81,233175000,3547,3800,2555,-992,-27.97,2879,-668,-18.83,2555,3800,1400-3-10,2021-05-31
603,كيسون,شركت كيسون,6,11414,124823504,11391,10936,10936,-455,-3.99,11388,-3,-0.03,10936,10936,1400-3-10,2021-05-31
604,اخزا713,اسنادخزانه-م13بودجه97-000518,6,6921,6658631662,960923,965000,960923,0,0,962091,1168,0.12,960350,965000,1400-3-10,2021-05-31
605,تپكو,توليدتجهيزات‌سنگين‌هپكو,5,5782,30627254,5405,5297,5297,-108,-2,5405,0,0,5297,5297,1400-3-10,2021-05-31
606,تبرك,گروه كارخانجات صنعتي تبرك,5,4540,84534800,19599,18620,18620,-979,-5,19594,-5,-0.03,18620,18620,1400-3-10,2021-05-31
607,تكشا,گسترش‌صنايع‌وخدمات‌كشاورزي‌,5,3791,141101020,39170,37220,37220,-1950,-4.98,39150,-20,-0.05,37220,37220,1400-3-10,2021-05-31
608,اخزا813,اسنادخزانه-م13بودجه98-010219,5,1310,1086299200,828990,828910,829520,530,0.06,829236,246,0.03,828910,829520,1400-3-10,2021-05-31
609,سميعا002,سلف موازي استاندارد سميعا002,5,762200,1000010211000,1311438,1312005,1312005,567,0.04,1312005,567,0.04,1312005,1312005,1400-3-10,2021-05-31
610,خفولا,خدمات فني فولاد يزد,5,10817,446266152,42531,41256,41256,-1275,-3,42472,-59,-0.14,41256,41256,1400-3-10,2021-05-31
611,ضشنا8004,اختيارخ شپنا-10800-1400/08/16,5,12,12062000,1001,1499,901,-100,-9.99,1005,4,0.4,901,1499,1400-3-10,2021-05-31
612,زعف0008پ16,زعفران0008نگين بيرجند(پ),5,3000,355000000,119137,118500,118200,-937,-0.79,118333,-804,-0.67,118200,118500,1400-3-10,2021-05-31
613,فسا,پتروشيمي فسا,5,27600,46257600,1764,1676,1676,-88,-4.99,1764,0,0,1676,1676,1400-3-10,2021-05-31
614,زعف0008پ11,زعفران0008نگين سحرخيز(پ),5,1772,212690750,120016,120000,121000,984,0.82,120029,13,0.01,119005,121000,1400-3-10,2021-05-31
615,قيستو,شركت قند بيستون,5,38230,604378070,16131,15809,15809,-322,-2,16091,-40,-0.25,15809,15809,1400-3-10,2021-05-31
616,اخزا722,اسنادخزانه-م22بودجه97-000428,5,1623,1579241213,972465,975327,976000,3535,0.36,973038,573,0.06,973000,976000,1400-3-10,2021-05-31
617,ثشرق,سرمايه گذاري مسكن شمال شرق,5,26529,173499660,6880,6540,6540,-340,-4.94,6880,0,0,6540,6540,1400-3-10,2021-05-31
618,بالاس,مهندسي ساختمان تاسيسات راه آهن,5,140587,6918286270,51800,49210,49210,-2590,-5,50476,-1324,-2.56,49210,49210,1400-3-10,2021-05-31
619,بهپاك,صنعتي بهپاك,5,4977,31763214,6717,6382,6382,-335,-4.99,6716,-1,-0.01,6382,6382,1400-3-10,2021-05-31
620,وسرمد,بيمه  سرمد,5,5056,29461312,6007,5827,5827,-180,-3,6006,-1,-0.02,5827,5827,1400-3-10,2021-05-31
621,تپمپي,پمپ‌ سازي‌ ايران‌,5,1694,29187620,18130,17230,17230,-900,-4.96,18130,0,0,17230,17230,1400-3-10,2021-05-31
622,ولشرق,ليزينگ ايران و شرق,5,302300,2332546800,8122,7716,7716,-406,-5,8054,-68,-0.84,7716,7716,1400-3-10,2021-05-31
623,حفارس,حمل و نقل بين المللي خليج فارس,5,6926,30640624,4656,4424,4424,-232,-4.98,4655,-1,-0.02,4424,4424,1400-3-10,2021-05-31
624,بزاگرس,نيروگاه زاگرس كوثر,5,5386,36339342,7102,6747,6747,-355,-5,7101,-1,-0.01,6747,6747,1400-3-10,2021-05-31
625,كاسپين,داروسازي كاسپين تامين,5,2065,50503705,25744,24457,24457,-1287,-5,25739,-5,-0.02,24457,24457,1400-3-10,2021-05-31
626,اخزا804,اسنادخزانه-م4بودجه98-000421,5,1108,1081683983,975223,976000,978999,3776,0.39,976249,1026,0.11,976000,978999,1400-3-10,2021-05-31
627,زشريف,كشت وصنعت شريف آباد,5,33005,161988540,5166,4908,4908,-258,-4.99,5163,-3,-0.06,4908,4908,1400-3-10,2021-05-31
628,كساوه,صنايع‌ كاشي‌ و سراميك‌ سينا,4,19890,1323281700,70030,66530,66530,-3500,-5,69700,-330,-0.47,66530,66530,1400-3-10,2021-05-31
629,زدشت,كشت و صنعت دشت خرم دره,4,1064,27806576,27509,26134,26134,-1375,-5,27506,-3,-0.01,26134,26134,1400-3-10,2021-05-31
630,ضمخا7075,اختيارخ اخابر-8700-1400/07/28,4,96,43400000,600,470,450,-150,-25,452,-148,-24.67,450,470,1400-3-10,2021-05-31
631,باران,بيمه زندگي باران50%تاديه,4,13306,53703016,3919,4036,4036,117,2.99,3920,1,0.03,4036,4036,1400-3-10,2021-05-31
632,ضملي7003,اختيارخ فملي-11720-1400/07/11,4,26,41710000,1922,1628,1570,-352,-18.31,1604,-318,-16.55,1570,1628,1400-3-10,2021-05-31
633,ساربيل,سيمان آرتا اردبيل,4,500,25195000,53040,50390,50390,-2650,-5,53040,0,0,50390,50390,1400-3-10,2021-05-31
634,اخزا805,اسنادخزانه-م5بودجه98-000422,4,25017,24441601200,981000,975200,979000,-2000,-0.2,977000,-4000,-0.41,975200,979000,1400-3-10,2021-05-31
635,ولقمان,سرمايه گذاري لقمان,4,304000,611952000,1994,2013,2013,19,0.95,1999,5,0.25,2013,2013,1400-3-10,2021-05-31
636,دشيمي,شيمي‌ داروئي‌ داروپخش‌,4,3174,91633380,30380,28870,28870,-1510,-4.97,30370,-10,-0.03,28870,28870,1400-3-10,2021-05-31
637,غپونه,نوش پونه مشهد,4,32182,543875800,17422,16900,16900,-522,-3,17391,-31,-0.18,16900,16900,1400-3-10,2021-05-31
638,اراد61,مرابحه عام دولت61-ش.خ0309,4,100000,100000000000,1000000,1000000,1000000,0,0,1000000,0,0,1000000,1000000,1400-3-10,2021-05-31
639,بسويچ,پارس‌سويچ‌,4,5923,154353380,27430,26060,26060,-1370,-4.99,27420,-10,-0.04,26060,26060,1400-3-10,2021-05-31
640,غنوش,نوش‌ مازندران‌,4,928,47996160,54440,51720,51720,-2720,-5,54430,-10,-0.02,51720,51720,1400-3-10,2021-05-31
641,فلوله,لوله‌وماشين‌سازي‌ايران‌,4,2397,47460600,20840,19800,19800,-1040,-4.99,20840,0,0,19800,19800,1400-3-10,2021-05-31
642,سنوين,سرمايه گذاري اقتصاد نوين,4,8558,74266324,9134,8678,8678,-456,-4.99,9130,-4,-0.04,8678,8678,1400-3-10,2021-05-31
643,زنجان,صنايع كشاورزي وكود زنجان,4,2780,25164560,9331,9052,9052,-279,-2.99,9330,-1,-0.01,9052,9052,1400-3-10,2021-05-31
644,ريشمك,توليد و صادرات ريشمك,4,50397,2533860366,52924,50278,50278,-2646,-5,52441,-483,-0.91,50278,50278,1400-3-10,2021-05-31
645,اخزا904,اسنادخزانه-م4بودجه99-011215,4,1295,914770000,706597,707000,706000,-597,-0.08,706386,-211,-0.03,706000,707000,1400-3-10,2021-05-31
646,كوثر,بيمه كوثر,4,5301,73334034,14562,13834,13834,-728,-5,14561,-1,-0.01,13834,13834,1400-3-10,2021-05-31
647,كترام,توليدي‌ كاشي‌ تكسرام‌,4,1831,84207690,48410,45990,45990,-2420,-5,48400,-10,-0.02,45990,45990,1400-3-10,2021-05-31
648,خنصير,مهندسي‌نصيرماشين‌,4,199,20417400,107990,102600,102600,-5390,-4.99,107980,-10,-0.01,102600,102600,1400-3-10,2021-05-31
649,ضترا8056,اختيارخ شتران-2558-1400/08/09,4,17,50105000,2950,3000,2800,-150,-5.08,2947,-3,-0.1,2800,3000,1400-3-10,2021-05-31
650,برن0003پ01,برنج طارم0003تجارت مازندران(پ),4,249,69340000,277813,277000,278500,687,0.25,278474,661,0.24,277000,280000,1400-3-10,2021-05-31
651,طلا2,صندوق س.پشتوانه طلاي لوتوس,4,400000,400000,77734,1,1,-77733,-100,1,-77733,-100,1,1,1400-3-10,2021-05-31
652,سكرد,سيمان كردستان,4,3645,33752700,9740,9260,9260,-480,-4.93,9740,0,0,9260,9260,1400-3-10,2021-05-31
653,بالبر,كابل‌ البرز,4,15270,852524100,58760,55830,55830,-2930,-4.99,58580,-180,-0.31,55830,55830,1400-3-10,2021-05-31
654,دقاضي,داروسازي شهيد قاضي,4,690,28938600,43237,41940,41940,-1297,-3,43234,-3,-0.01,41940,41940,1400-3-10,2021-05-31
655,خشرق,الكتريك‌ خودرو شرق‌,4,1603,21929040,14390,13680,13680,-710,-4.93,14390,0,0,13680,13680,1400-3-10,2021-05-31
656,افران2,صندوق س افرا نماد پايدار-ثابت,4,38900000,38900000,13414,1,1,-13413,-99.99,1,-13413,-99.99,1,1,1400-3-10,2021-05-31
657,افرا,افرانت,4,800,26000800,34211,32501,32501,-1710,-5,34208,-3,-0.01,32501,32501,1400-3-10,2021-05-31
658,كمينا,شيشه سازي مينا,4,1661,38168119,23689,22979,22979,-710,-3,23686,-3,-0.01,22979,22979,1400-3-10,2021-05-31
659,زبينا,كشاورزي و دامپروري بينالود,4,33759,124503192,3882,3688,3688,-194,-5,3880,-2,-0.05,3688,3688,1400-3-10,2021-05-31
660,دامين,داروسازي‌ امين‌,4,23998,114230480,5010,4760,4760,-250,-4.99,5010,0,0,4760,4760,1400-3-10,2021-05-31
661,تملي805,تسهيلات مسكن ب. ملي-مرداد98,4,33,26598957,767647,806029,806029,38382,5,806029,38382,5,806029,806029,1400-3-10,2021-05-31
662,تكنار,مجتمع معادن مس تكنار,4,189,21051576,117246,111384,111384,-5862,-5,117233,-13,-0.01,111384,111384,1400-3-10,2021-05-31
663,ضمخا7078,اختيارخ اخابر-7700-1400/07/28,3,45,29000000,599,600,650,51,8.51,644,45,7.51,600,650,1400-3-10,2021-05-31
664,بنو,بيمه تجارت نو,3,594,16672392,29545,28068,28068,-1477,-5,29544,-1,0,28068,28068,1400-3-10,2021-05-31
665,ضملي7004,اختيارخ فملي-13720-1400/07/11,3,20,18200000,943,910,910,-33,-3.5,910,-33,-3.5,910,910,1400-3-10,2021-05-31
666,اگ0006182,گام بانك تجارت0006,3,1130000,1059245050000,1000000,937385,937385,-62615,-6.26,937385,-62615,-6.26,937385,937385,1400-3-10,2021-05-31
667,شسم,توليد سموم‌ علف‌ كش,3,20055,1942687740,93143,96868,96868,3725,4,94532,1389,1.49,96868,96868,1400-3-10,2021-05-31
668,نطرين,عطرين نخ قم,3,11630,132314510,11975,11377,11377,-598,-4.99,11969,-6,-0.05,11377,11377,1400-3-10,2021-05-31
669,وسيزد,شركت س استان يزد,3,26100,31737600,1280,1216,1216,-64,-5,1280,0,0,1216,1216,1400-3-10,2021-05-31
670,پاسا,ايران‌ياساتايرورابر,3,625,15837500,26670,25340,25340,-1330,-4.99,26670,0,0,25340,25340,1400-3-10,2021-05-31
671,ضجار7037,اختيارخ وتجارت-1597-1400/07/21,3,135,74250000,472,550,550,78,16.53,550,78,16.53,550,550,1400-3-10,2021-05-31
672,ضجار7040,اختيارخ وتجارت-2497-1400/07/21,3,63,9450000,162,150,150,-12,-7.41,150,-12,-7.41,150,150,1400-3-10,2021-05-31
673,قهكمت,قندهكمتان‌,3,542,23701660,46030,43730,43730,-2300,-5,46030,0,0,43730,43730,1400-3-10,2021-05-31
674,ثعمرا,عمران و توسعه شاهد,3,4155,51476295,13041,12389,12389,-652,-5,13039,-2,-0.02,12389,12389,1400-3-10,2021-05-31
675,وآتوس,س.آرين توسكا قيمت اسمي 350ريال,3,1472,64009920,44829,43485,43485,-1344,-3,44820,-9,-0.02,43485,43485,1400-3-10,2021-05-31
676,غبهنوش,بهنوش‌ ايران‌,3,1089,70959240,68580,65160,65160,-3420,-4.99,68560,-20,-0.03,65160,65160,1400-3-10,2021-05-31
677,ثالوند,سرمايه گذاري مسكن الوند,3,20478,624128484,32082,30478,30478,-1604,-5,32011,-71,-0.22,30478,30478,1400-3-10,2021-05-31
678,ثرود,سرمايه‌گذاري مسكن زاينده رود,3,20598,397232430,20300,19285,19285,-1015,-5,20271,-29,-0.14,19285,19285,1400-3-10,2021-05-31
679,حتوكا,حمل‌ونقل‌توكا,3,3485,70815200,21380,20320,20320,-1060,-4.96,21370,-10,-0.05,20320,20320,1400-3-10,2021-05-31
680,خعمرا,توسعه و عمران شهرستان نائين,3,11977,291568088,23635,24344,24344,709,3,23655,20,0.08,24344,24344,1400-3-10,2021-05-31
681,اراد554,مرابحه عام دولت5-ش.خ 0209,3,16159746,13764702489035,969999,847917,853396,-116603,-12.02,851790,-118209,-12.19,847917,854035,1400-3-10,2021-05-31
682,زكشت,كشاورزي مكانيزه اصفهان كشت,3,100000,3781000000,39800,37810,37810,-1990,-5,39265,-535,-1.34,37810,37810,1400-3-10,2021-05-31
683,خمحور,توليدمحورخودرو,3,700,36722000,55220,52460,52460,-2760,-5,55210,-10,-0.02,52460,52460,1400-3-10,2021-05-31
684,وايرا,سرمايه گذاري صنايع ايران,3,2352,27795936,12183,11818,11818,-365,-3,12182,-1,-0.01,11818,11818,1400-3-10,2021-05-31
685,داسوه,داروسازي‌ اسوه‌,3,1015,27729800,28750,27320,27320,-1430,-4.97,28750,0,0,27320,27320,1400-3-10,2021-05-31
686,تملي809,تسهيلات مسكن ب. ملي-آذر98,3,46,30874602,639226,671187,671187,31961,5,671187,31961,5,671187,671187,1400-3-10,2021-05-31
687,غدام,خوراك‌  دام‌ پارس‌,3,59,22055970,393500,373830,373830,-19670,-5,393470,-30,-0.01,373830,373830,1400-3-10,2021-05-31
688,لپيام,گسترش صنايع پيام,3,2006,106612882,54790,53147,53147,-1643,-3,54772,-18,-0.03,53147,53147,1400-3-10,2021-05-31
689,غويتا,ويتانا,3,898,15270490,17899,17005,17005,-894,-4.99,17898,-1,-0.01,17005,17005,1400-3-10,2021-05-31
690,كشرق,صنعتي و معدني شمال شرق شاهرود,3,1387,106964053,81177,77119,77119,-4058,-5,81145,-32,-0.04,77119,77119,1400-3-10,2021-05-31
691,اخزا723,اسنادخزانه-م23بودجه97-000824,3,13000,11835410000,909606,912000,909941,335,0.04,910416,810,0.09,909941,912000,1400-3-10,2021-05-31
692,لكما,كارخانجات‌مخابراتي‌ايران‌,3,10500,61929000,6080,5898,5898,-182,-2.99,6079,-1,-0.02,5898,5898,1400-3-10,2021-05-31
693,ثنظام,س. ساختماني نظام مهندسي ايران,3,617,27747107,47337,44971,44971,-2366,-5,47330,-7,-0.01,44971,44971,1400-3-10,2021-05-31
694,غچين,كشت‌ و صنعت‌ چين‌ چين,3,10781,201281270,19650,18670,18670,-980,-4.99,19640,-10,-0.05,18670,18670,1400-3-10,2021-05-31
695,ضفلا7003,اختيارخ فولاد-8160-1400/07/25,3,115,398869000,2650,2500,2300,-350,-13.21,2474,-176,-6.64,2300,2500,1400-3-10,2021-05-31
696,كساپا,سايپاشيشه‌,3,1297,48027910,38970,37030,37030,-1940,-4.98,38960,-10,-0.03,37030,37030,1400-3-10,2021-05-31
697,كيميا,معدني كيمياي زنجان گستران,3,2275,36839075,17045,16193,16193,-852,-5,17043,-2,-0.01,16193,16193,1400-3-10,2021-05-31
698,سپرمي,پرميت‌,2,4990,45044730,8938,9027,9027,89,1,8940,2,0.02,9027,9027,1400-3-10,2021-05-31
699,كهرام,توليدي گرانيت بهسرام,2,92,10126440,113474,110070,110070,-3404,-3,113470,-4,0,110070,110070,1400-3-10,2021-05-31
700,غاذر,كشت‌وصنعت‌پياذر,2,329,16946790,54220,51510,51510,-2710,-5,54220,0,0,51510,51510,1400-3-10,2021-05-31
701,ضغدر3001,اختيارخ وغدير-7200-1400/03/26,2,9,27000000,2400,3000,3000,600,25,3000,600,25,3000,3000,1400-3-10,2021-05-31
702,غپاك,لبنيات‌ پاك‌,2,450,12811500,29960,28470,28470,-1490,-4.97,29960,0,0,28470,28470,1400-3-10,2021-05-31
703,خزر,فنرسازي‌زر,2,443,18464240,43870,41680,41680,-2190,-4.99,43870,0,0,41680,41680,1400-3-10,2021-05-31
704,سنفت009,سلف موازي استاندارد سنفت009,2,120500,185839475000,1541525,1541500,1542410,885,0.06,1542236,711,0.05,1541500,1542410,1400-3-10,2021-05-31
705,حآسا,آسيا سير ارس,2,285,10739085,39664,37681,37681,-1983,-5,39662,-2,-0.01,37681,37681,1400-3-10,2021-05-31
706,غپآذر,شير پگاه آذربايجان شرقي,2,200,10389400,54681,51947,51947,-2734,-5,54679,-2,0,51947,51947,1400-3-10,2021-05-31
707,ضخود4003,اختيارخ خودرو-2000-1400/04/02,2,125,1500000,120,10,20,-100,-83.33,12,-108,-90,10,20,1400-3-10,2021-05-31
708,ضغدر3003,اختيارخ وغدير-9200-1400/03/26,2,8,8000000,1700,1000,1000,-700,-41.18,1000,-700,-41.18,1000,1000,1400-3-10,2021-05-31
709,شفا,سرمايه گذاري شفادارو,2,372,15002760,42450,40330,40330,-2120,-4.99,42450,0,0,40330,40330,1400-3-10,2021-05-31
710,ضفلا3006,اختيارخ فولاد-11413-1400/03/19,2,189,1324890,11,5,5,-6,-54.55,5,-6,-54.55,5,5,1400-3-10,2021-05-31
711,ضپيك7041,اختيارخ تاپيكو-7070-00/07/18,2,25,48500000,1900,2000,1900,0,0,1940,40,2.11,1900,2000,1400-3-10,2021-05-31
712,ضخود4001,اختيارخ خودرو-1600-1400/04/02,2,60,14000000,247,240,200,-47,-19.03,233,-14,-5.67,200,240,1400-3-10,2021-05-31
713,غديس,پاكديس,2,1121,14274814,13404,12734,12734,-670,-5,13403,-1,-0.01,12734,12734,1400-3-10,2021-05-31
714,ضفلا3002,اختيارخ فولاد-6420-1400/03/19,2,50,203290000,2820,2900,2900,80,2.84,2900,80,2.84,2900,2900,1400-3-10,2021-05-31
715,غمهرا,توليدي‌مهرام‌,2,547,63227730,121670,115590,115590,-6080,-5,121640,-30,-0.02,115590,115590,1400-3-10,2021-05-31
716,زفكا,كشت و دامداري فكا,2,1500,17848500,12525,11899,11899,-626,-5,12524,-1,-0.01,11899,11899,1400-3-10,2021-05-31
717,زمگسا,كشاورزي‌ ودامپروي‌ مگسال‌,2,416,12771200,32310,30700,30700,-1610,-4.98,32310,0,0,30700,30700,1400-3-10,2021-05-31
718,غويتاح,ح . ويتانا,2,2218,29417600,12705,13340,13200,495,3.9,13263,558,4.39,13200,13340,1400-3-10,2021-05-31
719,فسديد,لوله‌وتجهيزات‌ سديد - ورشكسته,2,864,94665888,110673,109567,109567,-1106,-1,110649,-24,-0.02,109567,109567,1400-3-10,2021-05-31
720,غشهد,شهد ايران ‌,2,2000,13180000,6930,6590,6590,-340,-4.91,6930,0,0,6590,6590,1400-3-10,2021-05-31
721,ضصاد3000,اختيارخ وبصادر-1800-1400/03/12,2,110,16500000,172,150,150,-22,-12.79,150,-22,-12.79,150,150,1400-3-10,2021-05-31
722,ضخود4004,اختيارخ خودرو-2500-1400/04/02,2,100,1000000,35,10,10,-25,-71.43,10,-25,-71.43,10,10,1400-3-10,2021-05-31
723,نتوس,پشم‌ بافي‌ توس,2,1600,32720000,21082,20450,20450,-632,-3,21080,-2,-0.01,20450,20450,1400-3-10,2021-05-31
724,ثغرب,شركت سرمايه گذاري مسكن شمالغرب,2,21319,160979769,7948,7551,7551,-397,-4.99,7944,-4,-0.05,7551,7551,1400-3-10,2021-05-31
725,سيلام,سيمان‌ ايلام‌,2,1260,13204800,11030,10480,10480,-550,-4.99,11030,0,0,10480,10480,1400-3-10,2021-05-31
726,حسير,ريل سير كوثر,2,1350,22306050,17392,16523,16523,-869,-5,17391,-1,-0.01,16523,16523,1400-3-10,2021-05-31
727,ددام,داروسازي زاگرس فارمد پارس,2,784,12598880,16910,16070,16070,-840,-4.97,16910,0,0,16070,16070,1400-3-10,2021-05-31
728,وساشرقي,شركت س استان آذربايجان شرقي,2,11720,10512840,944,897,897,-47,-4.98,944,0,0,897,897,1400-3-10,2021-05-31
729,كتوكا,توليدي و خدمات صنايع نسوز توكا,2,418,13594614,34234,32523,32523,-1711,-5,34232,-2,-0.01,32523,32523,1400-3-10,2021-05-31
730,اگ000618,گام بانك تجارت0006,2,20000,18747700000,1000000,937385,937385,-62615,-6.26,937385,-62615,-6.26,937385,937385,1400-3-10,2021-05-31
731,ضبدر3004,اختيارخ شبندر-5125-1400/03/30,2,10,5000000,500,500,500,0,0,500,0,0,500,500,1400-3-10,2021-05-31
732,وهنر,گروه توسعه هنر ايران,2,80000,620560000,7996,7757,7757,-239,-2.99,7981,-15,-0.19,7757,7757,1400-3-10,2021-05-31
733,تملي707,تسهيلات مسكن ب. ملي-مهر97,2,34,29082410,814637,855365,855365,40728,5,855365,40728,5,855365,855365,1400-3-10,2021-05-31
734,كيش1402,اجاره س. و توسعه كيش14020820,2,28,28280000,1000000,1020000,1000000,0,0,1010000,10000,1,1000000,1020000,1400-3-10,2021-05-31
735,وجامي,سرمايه گذاري جامي,2,1282,18712072,15047,14596,14596,-451,-3,15046,-1,-0.01,14596,14596,1400-3-10,2021-05-31
736,اراد744,مرابحه عام دولت74-ش.خ040226,2,8000000,7685440000000,980000,960680,960680,-19320,-1.97,960680,-19320,-1.97,960680,960680,1400-3-10,2021-05-31
737,ثپرديس,سرمايه گذاري مسكن پرديس,2,20000,191820000,10095,9591,9591,-504,-4.99,10088,-7,-0.07,9591,9591,1400-3-10,2021-05-31
738,سخواف,سيمان مجد خواف,2,1833,29800914,16760,16258,16258,-502,-3,16758,-2,-0.01,16258,16258,1400-3-10,2021-05-31
739,زعف0008پ08,زعفران0008نگين روستا(پ),2,1189,141902588,120781,119999,119000,-1781,-1.47,119346,-1435,-1.19,119000,119999,1400-3-10,2021-05-31
740,جهرم,پتروشيمي جهرم,2,12961,22241076,1769,1716,1716,-53,-3,1769,0,0,1716,1716,1400-3-10,2021-05-31
741,تاپكيش,تجارت الكترونيك پارسيان كيش,1,317,5469835,18163,17255,17255,-908,-5,18163,0,0,17255,17255,1400-3-10,2021-05-31
742,خليبل,ماليبل سايپا,1,1435,351575,238,245,245,7,2.94,238,0,0,245,245,1400-3-10,2021-05-31
743,اراد354,مرابحه عام دولت3-ش.خ 0103,1,300000,286050000000,986916,953500,953500,-33416,-3.39,953500,-33416,-3.39,953500,953500,1400-3-10,2021-05-31
744,پلاست,كارخانجات توليدي پلاستيران,1,72,5011272,71753,69601,69601,-2152,-3,71752,-1,0,69601,69601,1400-3-10,2021-05-31
745,اراد344,مرابحه عام دولت3-ش.خ 0305,1,5360331,4678234240581,1000000,872751,872751,-127249,-12.72,872751,-127249,-12.72,872751,872751,1400-3-10,2021-05-31
746,تابا,تابان نيرو سپاهان,1,93,5043297,55906,54229,54229,-1677,-3,55905,-1,0,54229,54229,1400-3-10,2021-05-31
747,كباده,توليد خاك نسوزاستقلال آباده,1,6600,60079800,8838,9103,9103,265,3,8840,2,0.02,9103,9103,1400-3-10,2021-05-31
748,لخانه,لوازم‌ خانگي‌ پارس‌,1,200,5309000,27365,26545,26545,-820,-3,27365,0,0,26545,26545,1400-3-10,2021-05-31
749,ضفار8050,اختيارخ فارس-7400-1400/08/05,1,5,13000000,1550,2600,2600,1050,67.74,2600,1050,67.74,2600,2600,1400-3-10,2021-05-31
750,اراد314,مرابحه عام دولت3-ش.خ 0208,1,2500000,2249537500000,950000,899815,899815,-50185,-5.28,899815,-50185,-5.28,899815,899815,1400-3-10,2021-05-31
751,زعف0008پ20,زعفران0008نگين وحدت جام(پ),1,100,11800000,118676,118000,118000,-676,-0.57,118000,-676,-0.57,118000,118000,1400-3-10,2021-05-31
752,كپشير,پشم‌شيشه‌ايران‌,1,150,5689500,39920,37930,37930,-1990,-4.98,39920,0,0,37930,37930,1400-3-10,2021-05-31
753,اراد434,مرابحه عام دولت4-ش.خ 0205,1,4500000,4469850000000,983311,993300,993300,9989,1.02,993300,9989,1.02,993300,993300,1400-3-10,2021-05-31
754,فنفت,صنايع تجهيزات نفت,1,300,9607500,33015,32025,32025,-990,-3,33014,-1,0,32025,32025,1400-3-10,2021-05-31
755,فولاد2,فولاد مباركه اصفهان,1,10000000,96500000000,9770,9650,9650,-120,-1.23,9650,-120,-1.23,9650,9650,1400-3-10,2021-05-31
756,شخارك2,پتروشيمي‌ خارك‌,1,2000000,84000000000,41790,42000,42000,210,0.5,42000,210,0.5,42000,42000,1400-3-10,2021-05-31
757,غشصفا,شيرپاستوريزه‌پگاه‌اصفهان‌,1,200,5160000,27150,25800,25800,-1350,-4.97,27150,0,0,25800,25800,1400-3-10,2021-05-31
758,افاد82,منفعت دولت8-ش.خاص لوتوس0205,1,5000,4825000000,960200,965000,965000,4800,0.5,965000,4800,0.5,965000,965000,1400-3-10,2021-05-31
759,فلات,گروه صنايع معادن فلات ايرانيان,1,1000,14782000,15239,14782,14782,-457,-3,15238,-1,-0.01,14782,14782,1400-3-10,2021-05-31
760,ثاباد,توريستي ورفاهي آبادگران ايران,1,2900,148654000,53950,51260,51260,-2690,-4.99,53920,-30,-0.06,51260,51260,1400-3-10,2021-05-31
761,گپارس,امور رفاهي كارگزاران پارس,1,25,5058375,208592,202335,202335,-6257,-3,208589,-3,0,202335,202335,1400-3-10,2021-05-31
762,غشاذر,پگاه‌آذربايجان‌غربي‌,1,550,5153500,9860,9370,9370,-490,-4.97,9860,0,0,9370,9370,1400-3-10,2021-05-31
763,بكاب,صنايع‌جوشكاب‌يزد,1,15,5125050,359650,341670,341670,-17980,-5,359640,-10,0,341670,341670,1400-3-10,2021-05-31
764,بشهاب,لامپ‌  پارس‌ شهاب‌,1,58,8194820,148720,141290,141290,-7430,-5,148720,0,0,141290,141290,1400-3-10,2021-05-31
765,آوا2,صندوق س.سهام آواي معيار-س,1,2050000,2050000,6551,1,1,-6550,-99.98,1,-6550,-99.98,1,1,1400-3-10,2021-05-31
766,ضپنا8000,اختيارخ رمپنا-9850-1400/08/05,1,5,20000000,3009,4000,4000,991,32.93,4000,991,32.93,4000,4000,1400-3-10,2021-05-31
767,ضغدر3000,اختيارخ وغدير-6200-1400/03/26,1,2,6700000,3720,3350,3350,-370,-9.95,3350,-370,-9.95,3350,3350,1400-3-10,2021-05-31
768,زقيام,كشت و دام قيام اصفهان,1,190,5171990,28653,27221,27221,-1432,-5,28652,-1,0,27221,27221,1400-3-10,2021-05-31
769,اراد65,مرابحه عام دولتي65-ش.خ0210,1,100,95500000,964999,955000,955000,-9999,-1.04,955000,-9999,-1.04,955000,955000,1400-3-10,2021-05-31
770,ضفلا7004,اختيارخ فولاد-9586-1400/07/25,1,10,21030000,1578,1500,1500,-78,-4.94,1500,-78,-4.94,1500,1500,1400-3-10,2021-05-31
771,شتولي,تولي‌پرس‌,1,300,10491000,35683,34970,34970,-713,-2,35681,-2,-0.01,34970,34970,1400-3-10,2021-05-31
772,ثامان,سامان‌ گستراصفهان‌,1,235,5068950,22700,21570,21570,-1130,-4.98,22700,0,0,21570,21570,1400-3-10,2021-05-31
773,اپرداز,آتيه داده پرداز,1,271,5464444,21225,20164,20164,-1061,-5,21225,0,0,20164,20164,1400-3-10,2021-05-31
774,ضصاد8033,اختيارخ وبصادر-2489-1400/08/12,1,10,1000000,100,100,100,0,0,100,0,0,100,100,1400-3-10,2021-05-31
775,دشيري,شيرين دارو,1,23,5095374,228389,221538,221538,-6851,-3,228385,-4,0,221538,221538,1400-3-10,2021-05-31
776,ثنور,سرمايه گذاري كوه نور,1,2000,18236000,9399,9118,9118,-281,-2.99,9398,-1,-0.01,9118,9118,1400-3-10,2021-05-31
777,لابسا,آبسال‌,1,4633,214600560,48750,46320,46320,-2430,-4.98,48710,-40,-0.08,46320,46320,1400-3-10,2021-05-31
778,وصندوق2,سرمايه‌گذاري‌صندوق‌بازنشستگي‌,1,20000000,260800000000,13040,13040,13040,0,0,13040,0,0,13040,13040,1400-3-10,2021-05-31
779,فنرژي,گسترش صنايع انرژي آذرآب,1,304,5521856,18534,18164,18164,-370,-2,18534,0,0,18164,18164,1400-3-10,2021-05-31
780,زعف0008پ12,زعفران0008پوشالمعمول سحرخيز(پ),1,100,8520000,85656,85200,85200,-456,-0.53,85200,-456,-0.53,85200,85200,1400-3-10,2021-05-31
781,ضفار8048,اختيارخ فارس-5400-1400/08/05,1,4,13360000,3000,3340,3340,340,11.33,3340,340,11.33,3340,3340,1400-3-10,2021-05-31
782,آينده,بازرگاني آينده سازان بهشت پارس,1,487,9371828,19839,19244,19244,-595,-3,19838,-1,-0.01,19244,19244,1400-3-10,2021-05-31
783,آ س پ,آ.س.پ,1,649,9942031,16125,15319,15319,-806,-5,16124,-1,-0.01,15319,15319,1400-3-10,2021-05-31
784,اروند04,منفعت صبا اروند كاردان14001113,1,10,10000000,990196,1000000,1000000,9804,0.99,1000000,9804,0.99,1000000,1000000,1400-3-10,2021-05-31
785,غفارس,شير پاستوريزه پگاه فارس,1,1000,17131000,18032,17131,17131,-901,-5,18031,-1,-0.01,17131,17131,1400-3-10,2021-05-31
786,نهال2,صندوق س. طلاي سرخ نوويرا,1,100000,100000,8572,1,1,-8571,-99.99,1,-8571,-99.99,1,1,1400-3-10,2021-05-31
787,ضپيك7040,اختيارخ تاپيكو-6070-00/07/18,1,2,7000000,2330,3500,3500,1170,50.21,3500,1170,50.21,3500,3500,1400-3-10,2021-05-31
788,وسالت,بانك قرض الحسنه رسالت,1,5046,5767578,1110,1143,1143,33,2.97,1110,0,0,1143,1143,1400-3-10,2021-05-31
789,ضملت8038,اختيارخ وبملت-1934-1400/08/19,1,1,2190000,1,2190,2190,2189,218900,2190,2189,218900,2190,2190,1400-3-10,2021-05-31
790,چافست,افست‌,1,320,5046400,16590,15770,15770,-820,-4.94,16590,0,0,15770,15770,1400-3-10,2021-05-31
791,اراد33,مرابحه عام دولت3-ش.خ 0303,1,100,85500000,884167,855000,855000,-29167,-3.3,855000,-29167,-3.3,855000,855000,1400-3-10,2021-05-31
792,وبصادر2,بانك صادرات ايران,1,40000000,76000000000,1938,1900,1900,-38,-1.96,1900,-38,-1.96,1900,1900,1400-3-10,2021-05-31
793,ضشنا8000,اختيارخ شپنا-5800-1400/08/16,1,1,2500000,3700,2500,2500,-1200,-32.43,2500,-1200,-32.43,2500,2500,1400-3-10,2021-05-31
794,دمعيار2,صندوق س. توازن معيار-د,1,4900000,4900000,10045,1,1,-10044,-99.99,1,-10044,-99.99,1,1,1400-3-10,2021-05-31
795,سصفها,سيمان‌اصفهان‌,1,50,5977500,125840,119550,119550,-6290,-5,125840,0,0,119550,119550,1400-3-10,2021-05-31
796,كابگن,توليدي و صنعتي آبگينه‌,1,1,5242,5191,5242,5242,51,0.98,5191,0,0,5242,5242,1400-3-10,2021-05-31
797,نگين,ص.س. زمين و ساختمان نگين شهرري,1,125,5950000,47890,47600,47600,-290,-0.61,47600,-290,-0.61,47600,47600,1400-3-10,2021-05-31
798,آبين,كشت و صنعت آبشيرين,1,1215,5008230,4206,4122,4122,-84,-2,4206,0,0,4122,4122,1400-3-10,2021-05-31
799,وملت,سرمايه گذاري ملت,1,4000,17048000,4348,4262,4262,-86,-1.98,4348,0,0,4262,4262,1400-3-10,2021-05-31
800,فخوز2,فولاد  خوزستان,1,5000000,78250000000,15700,15650,15650,-50,-0.32,15650,-50,-0.32,15650,15650,1400-3-10,2021-05-31
801,ضملي7005,اختيارخ فملي-15720-1400/07/11,1,1,600000,582,600,600,18,3.09,600,18,3.09,600,600,1400-3-10,2021-05-31
802,پا ه 12,بار پايه هفته 12,1,4000,2960000,650,740,740,90,13.85,740,90,13.85,740,740,1400-3-10,2021-05-31
803,ضبدر3003,اختيارخ شبندر-4270-1400/03/30,1,2,4000000,2000,2000,2000,0,0,2000,0,0,2000,2000,1400-3-10,2021-05-31
804,ثاصفا,شركت‌ ساختمان‌ اصفهان‌,1,225,6028650,27622,26794,26794,-828,-3,27621,-1,0,26794,26794,1400-3-10,2021-05-31
805,شرق1400,مشاركت ليزينگ ايران وشرق140010,1,11,10997800,1008000,999800,999800,-8200,-0.81,999800,-8200,-0.81,999800,999800,1400-3-10,2021-05-31
806,اگ0004192,گام بانك صادرات0004,1,960000,934080000000,972830,973000,973000,170,0.02,973000,170,0.02,973000,973000,1400-3-10,2021-05-31
807,داوه,داروسازي آوه سينا,1,262,5017038,20156,19149,19149,-1007,-5,20156,0,0,19149,19149,1400-3-10,2021-05-31
808,سفارود,كارخانه فارسيت درود,1,285,5043645,18058,17697,17697,-361,-2,18058,0,0,17697,17697,1400-3-10,2021-05-31
809,اراد604,مرابحه عام دولتي6-ش.خ0210,1,3300000,3073669500000,947000,931415,931415,-15585,-1.65,931415,-15585,-1.65,931415,931415,1400-3-10,2021-05-31
810,قنقش,قند نقش جهان,1,72,5061240,71729,70295,70295,-1434,-2,71728,-1,0,70295,70295,1400-3-10,2021-05-31
811,وسگلستا,شركت س استان گلستان,1,10000,11760000,1237,1176,1176,-61,-4.93,1237,0,0,1176,1176,1400-3-10,2021-05-31
812,پست0008پ08,پسته فندقي32-30مه ولات0008(پ),1,4,6799840,1660000,1699960,1699960,39960,2.41,1699960,39960,2.41,1699960,1699960,1400-3-10,2021-05-31
813,ضشنا8005,اختيارخ شپنا-12800-1400/08/16,1,2,1828000,500,914,914,414,82.8,914,414,82.8,914,914,1400-3-10,2021-05-31
814,سرو2,صندوق س سروسودمند مدبران-سهام,1,100000,100000,60880,1,1,-60879,-100,1,-60879,-100,1,1,1400-3-10,2021-05-31
815,ضفار8047,اختيارخ فارس-4400-1400/08/05,1,3,15600000,4250,5200,5200,950,22.35,5200,950,22.35,5200,5200,1400-3-10,2021-05-31
816,ضپاس7027,اختيارخ وپارس-1800-1400/07/28,1,10,12300000,1246,1230,1230,-16,-1.28,1230,-16,-1.28,1230,1230,1400-3-10,2021-05-31
817,نيرو,نيرو سرمايه,1,98,5011916,53833,51142,51142,-2691,-5,53832,-1,0,51142,51142,1400-3-10,2021-05-31
818,زاگرس2,پتروشيمي زاگرس,1,500000,106054000000,212936,212108,212108,-828,-0.39,212108,-828,-0.39,212108,212108,1400-3-10,2021-05-31
819,وثخوز,سرمايه گذاري و توسعه خوزستان,1,75,5023650,70507,66982,66982,-3525,-5,70505,-2,0,66982,66982,1400-3-10,2021-05-31
820,اراد584,مرابحه عام دولت5-ش.خ 0110,1,4913419,4649750196203,990000,946337,946337,-43663,-4.41,946337,-43663,-4.41,946337,946337,1400-3-10,2021-05-31
821,صخابر102,صكوك اجاره مخابرات-3 ماهه 16%,1,5000,4825000000,960100,965000,965000,4900,0.51,965000,4900,0.51,965000,965000,1400-3-10,2021-05-31
822,اراد43,مرابحه عام دولت4-ش.خ 0205,1,500,486500000,983311,973000,973000,-10311,-1.05,973000,-10311,-1.05,973000,973000,1400-3-10,2021-05-31
823,شگل,گلتاش‌,1,5000,47750000,10050,9550,9550,-500,-4.98,10050,0,0,9550,9550,1400-3-10,2021-05-31
824,تفيرو,مهندسي فيروزا,1,484,9445744,19134,19516,19516,382,2,19135,1,0.01,19516,19516,1400-3-10,2021-05-31
825,حكمت01,مشاركت حكمت ايرانيان 140107,1,10,9875000,987500,987500,987500,0,0,987500,0,0,987500,987500,1400-3-10,2021-05-31
826,هفجر102,اختيارف ت بفجر8626-01/02/11,1,15000,7440000,665,496,496,-169,-25.41,496,-169,-25.41,496,496,1400-3-10,2021-05-31
827,اراد644,مرابحه عام دولتي64-ش.خ0111,1,2579727,2435009474754,944500,943902,943902,-598,-0.06,943902,-598,-0.06,943902,943902,1400-3-10,2021-05-31
828,اراد594,مرابحه عام دولتي5-ش.خ 0309,1,4922729,4602623624046,1000000,934974,934974,-65026,-6.5,934974,-65026,-6.5,934974,934974,1400-3-10,2021-05-31
829,خوساز,محورسازان‌ايران‌خودرو,1,728,5001360,7230,6870,6870,-360,-4.98,7230,0,0,6870,6870,1400-3-10,2021-05-31
830,خچرخش,چرخشگر,1,680,8751600,13540,12870,12870,-670,-4.95,13540,0,0,12870,12870,1400-3-10,2021-05-31
831,سفاسي,شركت فارسيت اهواز,1,410,5733850,14417,13985,13985,-432,-3,14417,0,0,13985,13985,1400-3-10,2021-05-31
832,ومشان,س. فني و مهندسي مشانير,1,74,5043618,71744,68157,68157,-3587,-5,71742,-2,0,68157,68157,1400-3-10,2021-05-31
833,زشگزا,شير و گوشت زاگرس شهركرد,1,1100,8537100,8169,7761,7761,-408,-4.99,8169,0,0,7761,7761,1400-3-10,2021-05-31
834,فلامي,لاميران‌,1,234,8952840,40270,38260,38260,-2010,-4.99,40270,0,0,38260,38260,1400-3-10,2021-05-31
835,ثزاگرس,سرمايه گذاري توسعه عمران زاگرس,1,93,5034834,56987,54138,54138,-2849,-5,56985,-2,0,54138,54138,1400-3-10,2021-05-31
836,ياقوت2,صندوق س ياقوت آگاه-ثابت,1,5653000,5653000,12387,1,1,-12386,-99.99,1,-12386,-99.99,1,1,1400-3-10,2021-05-31
837,سهرمز,سيمان‌هرمزگان‌,1,370,8717200,24800,23560,23560,-1240,-5,24800,0,0,23560,23560,1400-3-10,2021-05-31
838,ثجوان,تامين مسكن جوانان,1,1000,10222000,10538,10222,10222,-316,-3,10538,0,0,10222,10222,1400-3-10,2021-05-31
839,فجام,جام‌دارو,1,550,5071000,9700,9220,9220,-480,-4.95,9700,0,0,9220,9220,1400-3-10,2021-05-31
