,نماد,نام,تعداد,حجم,ارزش,دیروز,اولین,آخرین معامله - مقدار,آخرین معامله - تغییر,آخرین معامله - درصد,قیمت پایانی - مقدار,قیمت پایانی - تغییر,قیمت پایانی - درصد,کمترین,بیشترین,تاریخ,gregorian_date
0,پالايش,صندوق پالايشي يكم-سهام,48375,66105700,5142006311750,78040,79090,77190,-850,-1.09,77780,-260,-0.33,76750,79970,1400-8-19,2021-11-10
1,دارا يكم,صندوق واسطه گري مالي يكم-سهام,46691,43533079,5450208960980,121930,122700,125540,3610,2.96,125200,3270,2.68,120900,127300,1400-8-19,2021-11-10
2,شستا,سرمايه گذاري تامين اجتماعي,20756,107613120,1303905738420,12070,12090,12130,60,0.5,12120,50,0.41,11930,12250,1400-8-19,2021-11-10
3,شپنا,پالايش نفت اصفهان,15498,104652762,1265425692470,11850,12030,12010,160,1.35,12090,240,2.03,11850,12440,1400-8-19,2021-11-10
4,شبندر,پالايش نفت بندرعباس,14269,197505008,1375843296570,6880,7040,6960,80,1.16,6970,90,1.31,6850,7160,1400-8-19,2021-11-10
5,وبملت,بانك ملت,14089,657908656,2322211361784,3328,3520,3530,202,6.07,3530,202,6.07,3494,3598,1400-8-19,2021-11-10
6,توسن,توسعه سامانه ي نرم افزاري نگين,12869,9842925,164107831895,16639,16750,16931,292,1.75,16673,34,0.2,15811,17190,1400-8-19,2021-11-10
7,نوري,پتروشيمي نوري,11701,5924271,736752621770,128410,127100,123400,-5010,-3.9,124360,-4050,-3.15,122810,127100,1400-8-19,2021-11-10
8,فرابورس,فرابورس ايران,11555,29464218,726028649050,25604,25391,24366,-1238,-4.84,24641,-963,-3.76,24324,25990,1400-8-19,2021-11-10
9,فجهان,مجتمع جهان فولاد سيرجان,11308,39339007,234107594217,5962,5955,5998,36,0.6,5951,-11,-0.18,5860,6030,1400-8-19,2021-11-10
10,فسبزوار,پارس فولاد سبزوار,11100,6673273,235906320910,35430,35300,35700,270,0.76,35350,-80,-0.23,35040,35700,1400-8-19,2021-11-10
11,فولاد,فولاد مباركه اصفهان,10570,75246306,901008061090,12010,11940,12010,0,0,11970,-40,-0.33,11800,12080,1400-8-19,2021-11-10
12,بركت,گروه دارويي بركت,10474,24940501,599160703350,23700,24000,24280,580,2.45,24020,320,1.35,23000,24510,1400-8-19,2021-11-10
13,شتران,پالايش نفت تهران,8620,91893042,447628086585,4859,4930,4830,-29,-0.6,4871,12,0.25,4800,4980,1400-8-19,2021-11-10
14,فملي,ملي‌ صنايع‌ مس‌ ايران‌,8440,46754415,645886356720,13790,13600,13900,110,0.8,13810,20,0.15,13600,13930,1400-8-19,2021-11-10
15,كرمان,س. توسعه و عمران استان كرمان,8313,372329721,401393038177,1036,1048,1087,51,4.92,1078,42,4.05,1040,1087,1400-8-19,2021-11-10
16,مديريت,س. و خدمات مديريت صند. ب كشوري,7785,9470557,93080718683,9666,9670,9930,264,2.73,9828,162,1.68,9550,10010,1400-8-19,2021-11-10
17,كيمياتك,آريان كيميا تك,7763,2405460,63240082220,26130,25710,26500,370,1.42,26290,160,0.61,25710,26840,1400-8-19,2021-11-10
18,خبنيان,بنيان ديزل,7736,585907,94897558013,166110,158300,166001,-109,-0.07,161967,-4143,-2.49,157805,170585,1400-8-19,2021-11-10
19,بركتح,ح . گروه دارويي بركت,7644,19408334,412669988660,21490,21410,20980,-510,-2.37,21260,-230,-1.07,20480,22100,1400-8-19,2021-11-10
20,وتجارت,بانك تجارت,7577,338649420,721192395378,2041,2021,2143,102,5,2130,89,4.36,2021,2143,1400-8-19,2021-11-10
21,كدما,معدني‌ دماوند,7004,3997666,364758014740,90040,90200,92110,2070,2.3,91240,1200,1.33,87900,93800,1400-8-19,2021-11-10
22,آريا,پليمر آريا ساسول,6557,2295815,277763299016,122233,123400,119690,-2543,-2.08,120987,-1246,-1.02,118850,124120,1400-8-19,2021-11-10
23,غزر,صنعتي زر ماكارون,6028,17867967,186686415320,10190,10080,10690,500,4.91,10450,260,2.55,9950,10690,1400-8-19,2021-11-10
24,وخارزم,سرمايه گذاري خوارزمي,5758,60870327,312192652977,5000,5042,5061,61,1.22,5129,129,2.58,5037,5230,1400-8-19,2021-11-10
25,وبصادر,بانك صادرات ايران,5656,253220637,514080868292,1946,1915,2043,97,4.98,2030,84,4.32,1915,2043,1400-8-19,2021-11-10
26,سپيدار,سپيدار سيستم آسيا,5411,4702944,91323808399,18555,18500,19482,927,5,19418,863,4.65,17700,19482,1400-8-19,2021-11-10
27,صبا,سرمايه گذاري صبا تامين,5242,29578207,190229518580,6306,6220,6453,147,2.33,6431,125,1.98,6220,6621,1400-8-19,2021-11-10
28,گدنا,تهيه توزيع غذاي دنا آفرين فدك,5037,3862572,57441488025,14757,14889,15060,303,2.05,14871,114,0.77,14320,15340,1400-8-19,2021-11-10
29,هاي وب,داده گسترعصرنوين-هاي وب,5026,69432478,623182854260,8640,8650,8930,290,3.36,8980,340,3.94,8500,9070,1400-8-19,2021-11-10
30,بوعلي,پتروشيمي بوعلي سينا,4701,2242187,179130823810,81130,82000,79350,-1780,-2.19,79890,-1240,-1.53,78610,83250,1400-8-19,2021-11-10
31,سپيد,سپيد ماكيان,4676,3824571,219841258300,55680,55740,58460,2780,4.99,57480,1800,3.23,55630,58460,1400-8-19,2021-11-10
32,وهامون,سرمايه گذاري هامون صبا,4627,14341960,44059962019,3002,2961,3115,113,3.76,3072,70,2.33,2961,3150,1400-8-19,2021-11-10
33,امين,تامين سرمايه امين,4521,4516372,54264005780,11990,12020,12030,40,0.33,12010,20,0.17,11900,12030,1400-8-19,2021-11-10
34,كمند,صندوق س. با درآمد ثابت كمند,4384,151074956,1514617075321,10016,10025,10027,11,0.11,10026,10,0.1,10025,10028,1400-8-19,2021-11-10
35,ويسا,سرمايه گذاري ايساتيس پويا,4373,20171920,147465871548,7524,7490,7360,-164,-2.18,7310,-214,-2.84,7299,7530,1400-8-19,2021-11-10
36,كاما,باما,4239,39077454,349066792980,8600,8590,9030,430,5,8930,330,3.84,8550,9030,1400-8-19,2021-11-10
37,ولقمان,سرمايه گذاري لقمان,4019,17282062,64634590474,3772,3880,3659,-113,-3,3740,-32,-0.85,3659,3885,1400-8-19,2021-11-10
38,خبهمن,گروه‌بهمن‌,3948,293057444,560599592891,1825,1900,1916,91,4.99,1913,88,4.82,1865,1916,1400-8-19,2021-11-10
39,ولپارس,ليزينگ پارسيان,3863,9884913,41663184030,4052,4021,4244,192,4.74,4215,163,4.02,4020,4254,1400-8-19,2021-11-10
40,شسپا,نفت سپاهان,3856,73825206,284173470858,3775,3830,3860,85,2.25,3849,74,1.96,3780,3950,1400-8-19,2021-11-10
41,ذوب,سهامي ذوب آهن  اصفهان,3820,48416796,193973729777,3999,4000,3995,-4,-0.1,4006,7,0.18,3951,4080,1400-8-19,2021-11-10
42,ثشاهد,سرمايه‌ گذاري‌ شاهد,3819,30400766,400847878600,12680,12650,13290,610,4.81,13190,510,4.02,12400,13310,1400-8-19,2021-11-10
43,غگيلا,شيرپاستوريزه پگاه گيلان,3747,4419493,79044500948,17261,17699,18124,863,5,17885,624,3.62,17261,18124,1400-8-19,2021-11-10
44,غكورش,صنعت غذايي كورش,3685,4021235,197576179890,47550,47550,49920,2370,4.98,49130,1580,3.32,46510,49920,1400-8-19,2021-11-10
45,زملارد,كشاورزي و دامپروري ملارد شير,3577,1685650,38041172370,23060,23000,22901,-159,-0.69,22568,-492,-2.13,21907,23999,1400-8-19,2021-11-10
46,شاراك,پتروشيمي شازند,3564,4988624,247089829480,50300,50900,49250,-1050,-2.09,49530,-770,-1.53,48500,51930,1400-8-19,2021-11-10
47,سحرخيز,صندوق س. گروه زعفران سحرخيز,3543,9360380,163641641060,17441,17100,17660,219,1.26,17482,41,0.24,16500,18616,1400-8-19,2021-11-10
48,شاروم,پتروشيمي اروميه,3471,2357099,35389181594,14788,15085,15280,492,3.33,15014,226,1.53,14707,15380,1400-8-19,2021-11-10
49,ثبهساز,بهساز كاشانه تهران,3456,20305015,35423503338,1732,1714,1753,21,1.21,1745,13,0.75,1680,1780,1400-8-19,2021-11-10
50,ومدير,گ.مديريت ارزش سرمايه ص ب كشوري,3338,19656680,88581516128,4477,4512,4550,73,1.63,4506,29,0.65,4450,4600,1400-8-19,2021-11-10
51,كيان,صندوق س. با درآمد ثابت كيان,3332,33275718,1048398733130,31471,31510,31510,39,0.12,31506,35,0.11,31502,31511,1400-8-19,2021-11-10
52,شگويا,پتروشيمي تندگويان,3290,13184551,153561423512,11710,11589,11722,12,0.1,11647,-63,-0.54,11411,11790,1400-8-19,2021-11-10
53,چخزر,صنايع چوب خزر كاسپين,3260,407089,11672088662,28319,27680,29000,681,2.4,28588,269,0.95,27676,29290,1400-8-19,2021-11-10
54,وسپهر,سرمايه گذاري مالي سپهرصادرات,3225,7290393,51641586083,7075,7061,7070,-5,-0.07,7080,5,0.07,7060,7197,1400-8-19,2021-11-10
55,سخواف,سيمان مجد خواف,3220,18438285,145847520097,10267,8030,7790,-2477,-24.13,7910,-2357,-22.96,7790,8270,1400-8-19,2021-11-10
56,ثاميد,توسعه و عمران اميد,3167,17471471,25984630631,1475,1475,1487,12,0.81,1487,12,0.81,1460,1502,1400-8-19,2021-11-10
57,شبصير,توليدات پتروشيمي قائد بصير,3162,1860034,232415299741,130132,131800,124500,-5632,-4.33,124952,-5180,-3.98,123626,131800,1400-8-19,2021-11-10
58,حكشتي,كشتيراني جمهوري اسلامي ايران,3155,18850414,270591267870,13780,13760,14460,680,4.93,14350,570,4.14,13760,14460,1400-8-19,2021-11-10
59,لپارس,پارس‌ الكتريك‌,3121,3119317,336181368960,103600,101200,108780,5180,5,107770,4170,4.03,101200,108780,1400-8-19,2021-11-10
60,زاگرس,پتروشيمي زاگرس,3070,717974,207151318718,284891,289040,289050,4159,1.46,288522,3631,1.27,284900,294500,1400-8-19,2021-11-10
61,ولكار,ليزينگ كارآفرين,3048,2214966,9337648056,4183,4154,4240,57,1.36,4203,20,0.48,4152,4300,1400-8-19,2021-11-10
62,بكاب,صنايع‌جوشكاب‌يزد,3029,1391279,158394880450,119100,118680,113190,-5910,-4.96,113850,-5250,-4.41,113150,118680,1400-8-19,2021-11-10
63,وكبهمن,مديريت سرمايه گذاري كوثربهمن,2914,969950,10236937684,10562,10400,10503,-59,-0.56,10557,-5,-0.05,10400,10710,1400-8-19,2021-11-10
64,بپيوند,برق و انرژي پيوندگستر پارس,2890,2706918,28342275736,10469,10220,10510,41,0.39,10470,1,0.01,10220,10619,1400-8-19,2021-11-10
65,وپارس,بانك‌پارسيان‌,2868,125619103,292022299374,2236,2221,2347,111,4.96,2325,89,3.98,2213,2347,1400-8-19,2021-11-10
66,پترول,گ.س.وت.ص.پتروشيمي خليج فارس,2838,25689256,84346332690,3292,3301,3274,-18,-0.55,3284,-8,-0.24,3236,3360,1400-8-19,2021-11-10
67,وسديد,گروه ‌صنعتي‌سديد,2818,56081277,57332969563,995,1010,1024,29,2.91,1022,27,2.71,995,1024,1400-8-19,2021-11-10
68,كزغال,زغال سنگ پروده طبس,2796,972043,31910236749,32819,32010,32850,31,0.09,32828,9,0.03,32010,33000,1400-8-19,2021-11-10
69,فگستر,گسترش صنايع روي ايرانيان,2776,1773426,16540125036,9175,9120,9434,259,2.82,9327,152,1.66,9120,9500,1400-8-19,2021-11-10
70,غگل,گلوكوزان‌,2752,41217367,145476218532,3431,3360,3568,137,3.99,3529,98,2.86,3360,3600,1400-8-19,2021-11-10
71,سمگا,گروه سرمايه گذاري ميراث فرهنگي,2744,52907871,603303618012,10875,11400,11418,543,4.99,11403,528,4.86,11100,11418,1400-8-19,2021-11-10
72,آبادا,توليد نيروي برق آبادان,2740,999639,13757740670,13740,13820,13800,60,0.44,13760,20,0.15,13510,14000,1400-8-19,2021-11-10
73,فتوسا,توليد و توسعه سرب روي ايرانيان,2735,1502192,16757554142,11084,10800,11217,133,1.2,11155,71,0.64,10800,11540,1400-8-19,2021-11-10
74,كماسه,تامين‌ ماسه‌ ريخته‌گري‌,2735,37108811,215379814720,5580,5570,5850,270,4.84,5800,220,3.94,5360,5850,1400-8-19,2021-11-10
75,دشيمي,شيمي‌ داروئي‌ داروپخش‌,2719,12632636,325779272570,26330,25020,27030,700,2.66,25790,-540,-2.05,25020,27310,1400-8-19,2021-11-10
76,غصينو,صنعتي مينو,2711,7241629,150195249037,21150,21785,20421,-729,-3.45,20741,-409,-1.93,20093,21785,1400-8-19,2021-11-10
77,فارس,صنايع پتروشيمي خليج فارس,2705,16207012,200293634720,12420,12420,12320,-100,-0.81,12360,-60,-0.48,12200,12700,1400-8-19,2021-11-10
78,سيتا,سرمايه گذاري سيمان تامين,2671,3922123,40035056430,10290,10010,10340,50,0.49,10220,-70,-0.68,9900,10410,1400-8-19,2021-11-10
79,وغدير,سرمايه‌گذاري‌غدير(هلدينگ‌,2645,16592298,265270875860,16030,15850,15990,-40,-0.25,15990,-40,-0.25,15760,16250,1400-8-19,2021-11-10
80,خصدرا,صنعتي‌ دريايي‌ ايران‌,2613,45553145,117618016653,2565,2569,2588,23,0.9,2582,17,0.66,2500,2641,1400-8-19,2021-11-10
81,غدام,خوراك‌  دام‌ پارس‌,2593,1048110,127689518450,124230,124000,124590,360,0.29,121830,-2400,-1.93,118020,127890,1400-8-19,2021-11-10
82,خمهرح,ح . مهركام‌پارس‌,2574,48128798,44990663757,855,900,940,85,9.94,935,80,9.36,895,940,1400-8-19,2021-11-10
83,شغدير,پتروشيمي غدير,2510,1712689,167975065580,100230,100010,97050,-3180,-3.17,98080,-2150,-2.15,96530,101440,1400-8-19,2021-11-10
84,حفاري,حفاري شمال,2503,31600897,145127455423,4507,4490,4700,193,4.28,4593,86,1.91,4380,4720,1400-8-19,2021-11-10
85,لطيف,محصولات كاغذي لطيف,2441,915722,36307434609,38445,38445,39277,832,2.16,39649,1204,3.13,37877,40367,1400-8-19,2021-11-10
86,شصدف,صنعتي دوده فام,2405,2934124,92950875163,30930,31409,31900,970,3.14,31679,749,2.42,30930,32390,1400-8-19,2021-11-10
87,بگيلان,توسعه مسير برق گيلان,2358,608233,9607852382,15605,15031,15800,195,1.25,15673,68,0.44,15031,15982,1400-8-19,2021-11-10
88,شبريز,پالايش نفت تبريز,2308,4625314,164445842010,35770,36000,35380,-390,-1.09,35550,-220,-0.62,35000,36900,1400-8-19,2021-11-10
89,وپويا,سرمايه گذاري پويا,2302,7242682,30595952718,4102,4051,4307,205,5,4224,122,2.97,4051,4307,1400-8-19,2021-11-10
90,رافزا,رايان هم افزا,2273,316335,22186471560,66797,70136,70136,3339,5,70136,3339,5,70136,70136,1400-8-19,2021-11-10
91,پارند,صندوق س. پارند پايدار سپهر,2228,92863548,930910262644,10018,10025,10025,7,0.07,10024,6,0.06,10024,10025,1400-8-19,2021-11-10
92,ديران,ايران‌دارو,2201,6884832,162828007190,22770,23000,23900,1130,4.96,23650,880,3.86,23000,23900,1400-8-19,2021-11-10
93,فنفت,صنايع تجهيزات نفت,2193,9507428,134698595288,14827,14086,14220,-607,-4.09,14168,-659,-4.44,14086,14684,1400-8-19,2021-11-10
94,امين يكم,صندوق درآمد ثابت امين يكم فردا,2174,62153098,627720894392,10094,10099,10108,14,0.14,10100,6,0.06,10096,10109,1400-8-19,2021-11-10
95,خموتور,موتورسازان‌تراكتورسازي‌ايران‌,2142,19133369,134282847910,6750,6520,7080,330,4.89,7020,270,4,6520,7080,1400-8-19,2021-11-10
96,تابا,تابان نيرو سپاهان,2099,8050706,231115588315,29338,28458,29300,-38,-0.13,28707,-631,-2.15,28458,29988,1400-8-19,2021-11-10
97,آگاس,صندوق س.هستي بخش آگاه-س,2061,3537289,296016397006,83464,84000,84310,846,1.01,83685,221,0.26,82700,84345,1400-8-19,2021-11-10
98,ومعادن,توسعه‌معادن‌وفلزات‌,2006,11328290,121701007630,10760,10570,10820,60,0.56,10740,-20,-0.19,10570,10850,1400-8-19,2021-11-10
99,ماديرا,صنايع ماديران,1998,16796192,114818974000,6607,6560,6931,324,4.9,6836,229,3.47,6560,6937,1400-8-19,2021-11-10
100,وصنعت,سرمايه گذاري توسعه صنعت وتجارت,1993,22174771,156505623220,6870,6900,7210,340,4.95,7060,190,2.77,6810,7210,1400-8-19,2021-11-10
101,خموتورح,ح . موتورسازان‌تراكتورسازي‌,1990,17095760,93876476729,5082,4830,5590,508,10,5491,409,8.05,4830,5590,1400-8-19,2021-11-10
102,تسه0007,امتيازتسهيلات مسكن مهر1400,1977,78952,60006481647,742500,750000,775000,32500,4.38,760037,17537,2.36,741002,775000,1400-8-19,2021-11-10
103,لكما,كارخانجات‌مخابراتي‌ايران‌,1976,49858424,53815977502,1069,1080,1065,-4,-0.37,1079,10,0.94,1044,1099,1400-8-19,2021-11-10
104,اتكاي,بيمه اتكايي ايرانيان,1953,38636454,452286583725,11601,11710,11785,184,1.59,11706,105,0.91,11500,11999,1400-8-19,2021-11-10
105,ونوين,بانك‌اقتصادنوين‌,1944,54401045,196930460506,3464,3417,3637,173,4.99,3620,156,4.5,3417,3637,1400-8-19,2021-11-10
106,بترانس,ايران‌ ترانسفو,1934,78980209,183169882719,2230,2240,2341,111,4.98,2319,89,3.99,2201,2341,1400-8-19,2021-11-10
107,اعتماد,صندوق س.اعتماد آفرين پارسيان-د,1922,26712060,1065949142610,39867,39904,39925,58,0.15,39905,38,0.1,39904,39925,1400-8-19,2021-11-10
108,اخابر,مخابرات ايران,1919,47532593,386975804580,7800,7800,8190,390,5,8140,340,4.36,7600,8190,1400-8-19,2021-11-10
109,ثنوسا,نوسازي‌وساختمان‌تهران‌,1903,20340083,126867920870,6260,6350,6150,-110,-1.76,6240,-20,-0.32,6080,6400,1400-8-19,2021-11-10
110,خگستر,گسترش‌سرمايه‌گذاري‌ايران‌خودرو,1892,83631693,206737545096,2355,2472,2472,117,4.97,2472,117,4.97,2472,2472,1400-8-19,2021-11-10
111,شپديس,پتروشيمي پرديس,1865,1156623,226514855540,199080,198900,195520,-3560,-1.79,195840,-3240,-1.63,194100,202000,1400-8-19,2021-11-10
112,سرو,صندوق س سروسودمند مدبران-سهام,1833,2172653,167412776730,76560,76890,77500,940,1.23,77050,490,0.64,76220,77500,1400-8-19,2021-11-10
113,خاهن,آهنگري‌ تراكتورسازي‌ ايران‌,1772,18492652,100467173600,5210,5290,5470,260,4.99,5430,220,4.22,5200,5470,1400-8-19,2021-11-10
114,پيزد,مجتمع صنايع لاستيك يزد,1750,246792,13948215510,56330,56194,57400,1070,1.9,56493,163,0.29,55026,57990,1400-8-19,2021-11-10
115,شكلر,نيروكلر,1713,4433016,151533260720,33130,34000,34000,870,2.63,34180,1050,3.17,33140,34780,1400-8-19,2021-11-10
116,افران,صندوق س افرا نماد پايدار-ثابت,1705,51971955,764085503737,14694,14702,14702,8,0.05,14702,8,0.05,14701,14704,1400-8-19,2021-11-10
117,شلعاب,لعابيران‌,1691,14753454,93146478290,6130,6430,6270,140,2.28,6310,180,2.94,6100,6430,1400-8-19,2021-11-10
118,وملي,گروه‌ صنعتي‌ ملي‌ (هلدينگ‌,1669,494435,89444989560,180900,180000,179550,-1350,-0.75,180900,0,0,177200,184520,1400-8-19,2021-11-10
119,كاوه,فولاد كاوه جنوب كيش,1643,5002765,81595334760,16070,16140,16490,420,2.61,16270,200,1.24,15900,16500,1400-8-19,2021-11-10
120,فاراك,ماشين‌ سازي‌ اراك‌,1635,49624322,85063207956,1643,1689,1725,82,4.99,1714,71,4.32,1651,1725,1400-8-19,2021-11-10
121,تسه0006,امتيازتسهيلات مسكن شهريور1400,1607,58774,44830381387,747149,742000,777000,29851,4,762759,15610,2.09,742000,777000,1400-8-19,2021-11-10
122,تملت,تامين سرمايه بانك ملت,1600,8598585,32952561545,3747,3763,3934,187,4.99,3832,85,2.27,3700,3934,1400-8-19,2021-11-10
123,شپترو,پتروشيمي آبادان,1589,27857647,102708226525,3615,3530,3723,108,2.99,3687,72,1.99,3530,3723,1400-8-19,2021-11-10
124,ضجار1023,اختيارخ وتجارت-2500-1400/10/15,1579,76510,9180220000,59,82,118,59,100,120,61,103.39,82,140,1400-8-19,2021-11-10
125,نطرين,عطرين نخ قم,1566,14005677,134268092890,9160,9298,9618,458,5,9587,427,4.66,9251,9618,1400-8-19,2021-11-10
126,ثفارس,عمران‌وتوسعه‌فارس‌,1533,8754591,75294845230,8610,8450,8610,0,0,8600,-10,-0.12,8400,8850,1400-8-19,2021-11-10
127,آپ,آسان پرداخت پرشين,1530,8851434,92769965940,10510,10500,10530,20,0.19,10480,-30,-0.29,10200,10710,1400-8-19,2021-11-10
128,پارسان,گسترش نفت و گاز پارسيان,1512,4253567,146556455820,35160,35350,34500,-660,-1.88,34450,-710,-2.02,34300,35750,1400-8-19,2021-11-10
129,كفپارس,فرآورده‌هاي‌ نسوز پارس‌,1494,17261865,63735832433,3676,3790,3620,-56,-1.52,3692,16,0.44,3493,3800,1400-8-19,2021-11-10
130,شفا,سرمايه گذاري شفادارو,1489,1297647,62308121850,48360,48800,48200,-160,-0.33,48020,-340,-0.7,47500,48800,1400-8-19,2021-11-10
131,غپينو,پارس‌ مينو,1488,18445453,64510475999,3404,3400,3574,170,4.99,3497,93,2.73,3350,3574,1400-8-19,2021-11-10
132,ثاخت,بين‌المللي‌توسعه‌ساختمان,1487,43268207,92523185719,2045,2061,2141,96,4.69,2138,93,4.55,2050,2147,1400-8-19,2021-11-10
133,تاپكيش,تجارت الكترونيك پارسيان كيش,1487,6530789,119575517819,17642,17760,18180,538,3.05,18310,668,3.79,17600,18523,1400-8-19,2021-11-10
134,كرماشا,صنايع پتروشيمي كرمانشاه,1485,2012216,108874827860,53520,52600,53980,460,0.86,54110,590,1.1,52600,54790,1400-8-19,2021-11-10
135,طلا,صندوق س.پشتوانه طلاي لوتوس,1471,2565573,221992479724,85558,85800,86608,1050,1.23,86527,969,1.13,85610,87300,1400-8-19,2021-11-10
136,شاوان,پالايش نفت لاوان,1465,1213596,169474458816,139431,140000,138365,-1066,-0.76,139647,216,0.15,137800,143300,1400-8-19,2021-11-10
137,شيران,س. صنايع‌شيميايي‌ايران,1460,4489888,107755718970,23990,23350,24510,520,2.17,24000,10,0.04,23350,24550,1400-8-19,2021-11-10
138,اپال,فرآوري معدني اپال كاني پارس,1457,2001150,43389540750,21680,21700,21710,30,0.14,21680,0,0,21610,22100,1400-8-19,2021-11-10
139,كگل,معدني و صنعتي گل گهر,1449,13357774,324311819670,24080,23800,24270,190,0.79,24280,200,0.83,23560,24600,1400-8-19,2021-11-10
140,شپلي,پلي اكريل ايران,1448,8942664,70419714437,7951,8018,7793,-158,-1.99,7875,-76,-0.96,7715,8127,1400-8-19,2021-11-10
141,كچاد,معدني‌وصنعتي‌چادرملو,1443,3608260,112237998960,30760,30500,31010,250,0.81,31060,300,0.98,30500,31460,1400-8-19,2021-11-10
142,تاپيكو,س. نفت و گاز و پتروشيمي تأمين,1443,14945788,219848415170,14710,14610,14760,50,0.34,14710,0,0,14600,14980,1400-8-19,2021-11-10
143,چكاپا,گروه صنايع كاغذ پارس,1416,28058190,88314934188,3036,3047,3187,151,4.97,3148,112,3.69,3032,3187,1400-8-19,2021-11-10
144,ثتران,سرمايه گذاري مسكن تهران,1398,15151030,66982592012,4443,4449,4401,-42,-0.95,4421,-22,-0.5,4340,4530,1400-8-19,2021-11-10
145,گشان,توسعه بين المللي پديده شانديز,1396,3701649,70847620717,18909,18510,19476,567,3,19139,230,1.22,18510,19476,1400-8-19,2021-11-10
146,فروي,ذوب روي اصفهان,1395,1707589,40600733170,23739,24000,23810,71,0.3,23777,38,0.16,23350,24130,1400-8-19,2021-11-10
147,دتوليد,داروسازي توليد دارو,1384,7459172,74802957869,9751,9870,10238,487,4.99,10028,277,2.84,9482,10238,1400-8-19,2021-11-10
148,دسانكو,داروسازي سبحان انكولوژي,1377,5251205,63882970179,12023,12017,12600,577,4.8,12165,142,1.18,11425,12620,1400-8-19,2021-11-10
149,قچار,فراوردههاي غذايي وقند چهارمحال,1359,8746472,86920954635,10356,9990,10199,-157,-1.52,9938,-418,-4.04,9839,10280,1400-8-19,2021-11-10
150,پتاير,ايران‌ تاير,1356,31695467,70050909913,2125,2100,2231,106,4.99,2210,85,4,2100,2231,1400-8-19,2021-11-10
151,حسير,ريل سير كوثر,1356,2935752,108775663472,36623,36589,36708,85,0.23,37052,429,1.17,36500,37700,1400-8-19,2021-11-10
152,زقيام,كشت و دام قيام اصفهان,1356,25797991,44800172729,1742,1725,1750,8,0.46,1737,-5,-0.29,1681,1796,1400-8-19,2021-11-10
153,قثابت,قند ثابت‌ خراسان‌,1355,33728900,80431308071,2236,2400,2365,129,5.77,2385,149,6.66,2320,2420,1400-8-19,2021-11-10
154,دجابر,داروسازي‌ جابرابن‌حيان‌,1347,8182027,124968075120,15360,15880,14960,-400,-2.6,15270,-90,-0.59,14700,15880,1400-8-19,2021-11-10
155,حآفرين,ريل پرداز نو آفرين,1345,22187112,128735314338,5570,5848,5848,278,4.99,5802,232,4.17,5576,5848,1400-8-19,2021-11-10
156,وسكرمان,س.سهام عدالت استان كرمان,1341,150996567,73048610632,461,484,484,23,4.99,484,23,4.99,463,484,1400-8-19,2021-11-10
157,گكوثر,هتل پارسيان كوثر اصفهان,1340,36408859,82903510813,2250,2250,2270,20,0.89,2277,27,1.2,2230,2324,1400-8-19,2021-11-10
158,دزهراوي,داروسازي‌زهراوي‌,1318,7728953,45173793322,5823,5950,5860,37,0.64,5845,22,0.38,5610,6090,1400-8-19,2021-11-10
159,حگردش,ريل گردش ايرانيان,1316,24985436,104447595291,4080,4202,4202,122,2.99,4180,100,2.45,4010,4202,1400-8-19,2021-11-10
160,وايران,ليزينگ ايرانيان,1307,18031497,78760503868,4174,4250,4382,208,4.98,4368,194,4.65,4174,4382,1400-8-19,2021-11-10
161,فاسمين,كالسيمين‌,1300,5521531,97449552510,17560,17800,17680,120,0.68,17650,90,0.51,17210,18070,1400-8-19,2021-11-10
162,آ س پ,آ.س.پ,1297,7810046,58320797724,7214,7400,7500,286,3.96,7467,253,3.51,7215,7574,1400-8-19,2021-11-10
163,سكارون,سيمان كارون,1295,1202126,65723355688,57258,54396,55200,-2058,-3.59,54673,-2585,-4.51,54396,56670,1400-8-19,2021-11-10
164,شفارس,صنايع‌ شيميايي‌ فارس‌,1281,36277946,47942822787,1278,1270,1341,63,4.93,1322,44,3.44,1270,1341,1400-8-19,2021-11-10
165,چفيبر,فيبر ايران‌,1281,13693109,79097039550,5690,5810,5970,280,4.92,5780,90,1.58,5420,5970,1400-8-19,2021-11-10
166,خنصير,مهندسي‌نصيرماشين‌,1279,5986128,142390955970,22690,23500,23820,1130,4.98,23790,1100,4.85,23300,23820,1400-8-19,2021-11-10
167,غشان,شيرپاستوريزه‌پگاه‌خراسان‌,1278,29423728,160374307087,5245,5426,5507,262,5,5451,206,3.93,5249,5507,1400-8-19,2021-11-10
168,زكوثر,سرمايه گذاري كشاورزي كوثر,1268,4517246,80296948470,17250,16770,18110,860,4.99,17780,530,3.07,16770,18110,1400-8-19,2021-11-10
169,كلر,كلر پارس,1252,564069,62817456743,112184,110000,112399,215,0.19,111365,-819,-0.73,107000,113999,1400-8-19,2021-11-10
170,بايكا,كارخانجات كابلسازي ‌ايران‌,1249,2725718,50961253525,19451,18479,18479,-972,-5,18696,-755,-3.88,18479,19617,1400-8-19,2021-11-10
171,وگستر,گسترش سرمايه گذاري ايرانيان,1248,5746529,43822205902,7454,7500,7624,170,2.28,7626,172,2.31,7454,7750,1400-8-19,2021-11-10
172,خلنت,لنت‌ ترمزايران‌,1232,713908,61368941400,85030,83340,86000,970,1.14,85960,930,1.09,81200,88300,1400-8-19,2021-11-10
173,حريل,ريل پردازسير,1228,18047094,57565177100,3089,3100,3241,152,4.92,3190,101,3.27,3062,3243,1400-8-19,2021-11-10
174,غشهداب,كشت و صنعت شهداب ناب خراسان,1220,19337750,56896786591,2833,2798,2974,141,4.98,2942,109,3.85,2792,2974,1400-8-19,2021-11-10
175,مرقام,ايران‌ارقام‌,1219,8665802,117155251430,13440,13680,13220,-220,-1.64,13520,80,0.6,13100,13920,1400-8-19,2021-11-10
176,وبانك,سرمايه گذاري گروه توسعه ملي,1218,13808993,124455875660,8980,9120,9100,120,1.34,9010,30,0.33,8850,9120,1400-8-19,2021-11-10
177,نهال,صندوق س. طلاي سرخ نوويرا,1202,3335790,54676389472,15978,16198,16668,690,4.32,16391,413,2.58,16148,16700,1400-8-19,2021-11-10
178,ثرود,سرمايه‌گذاري مسكن زاينده رود,1202,7459687,58216094889,8080,7900,7888,-192,-2.38,7804,-276,-3.42,7676,8230,1400-8-19,2021-11-10
179,بموتو,موتوژن‌,1176,1230616,90665314490,76640,76640,72810,-3830,-5,73670,-2970,-3.88,72810,78990,1400-8-19,2021-11-10
180,كتوكا,توليدي و خدمات صنايع نسوز توكا,1174,4049814,53734371339,13683,13073,13210,-473,-3.46,13268,-415,-3.03,13052,14150,1400-8-19,2021-11-10
181,بجهرم,توسعه مولد نيروگاهي جهرم,1165,19701498,44082513885,2198,2180,2241,43,1.96,2238,40,1.82,2180,2272,1400-8-19,2021-11-10
182,وسكرشا,س.سهام عدالت استان كرمانشاه,1164,115103396,57348696829,476,481,499,23,4.83,498,22,4.62,481,499,1400-8-19,2021-11-10
183,سيمرغ,سيمرغ,1159,4659118,111151396780,23150,23040,24300,1150,4.97,23860,710,3.07,23020,24300,1400-8-19,2021-11-10
184,ونيكي,سرمايه‌گذاري‌ ملي‌ايران‌,1148,5325028,57632950130,10550,10520,10800,250,2.37,10760,210,1.99,10520,11000,1400-8-19,2021-11-10
185,رمپنا,گروه مپنا (سهامي عام),1144,8262940,139871054170,16260,16000,17060,800,4.92,16930,670,4.12,16000,17070,1400-8-19,2021-11-10
186,تپكو,توليدتجهيزات‌سنگين‌هپكو,1142,23696341,83600691048,3426,3528,3528,102,2.98,3528,102,2.98,3528,3528,1400-8-19,2021-11-10
187,وهور,مديريت انرژي اميد  تابان هور,1127,48305000,71424722982,1412,1449,1482,70,4.96,1479,67,4.75,1438,1482,1400-8-19,2021-11-10
188,وثوق,سرمايه گذاري وثوق امين,1117,3939380,44970384646,11894,11300,11330,-564,-4.74,11416,-478,-4.02,11300,12100,1400-8-19,2021-11-10
189,هرمز,فولاد هرمزگان جنوب,1117,3961948,70217605771,17818,17900,17750,-68,-0.38,17764,-54,-0.3,17510,17900,1400-8-19,2021-11-10
190,افق,فروشگاههاي زنجيره اي افق كوروش,1113,1885804,87412961740,45060,45500,47310,2250,4.99,46350,1290,2.86,44000,47310,1400-8-19,2021-11-10
191,ملت,بيمه ملت,1105,39439593,48132924194,1214,1215,1220,6,0.49,1220,6,0.49,1199,1239,1400-8-19,2021-11-10
192,دلر,داروسازي‌ اكسير,1101,6493321,305838258530,45040,45190,47290,2250,5,47100,2060,4.57,43870,47290,1400-8-19,2021-11-10
193,چدن,توليدي چدن سازان,1099,18269807,54571641702,2995,3045,3000,5,0.17,2987,-8,-0.27,2900,3059,1400-8-19,2021-11-10
194,غمينو,شركت صنايع غذايي مينو شرق,1092,10887092,54609930069,4918,5049,5015,97,1.97,5016,98,1.99,4938,5121,1400-8-19,2021-11-10
195,بكام,كارخانجات توليدي شهيد قندي,1089,17231785,33734456465,1922,1970,1977,55,2.86,1958,36,1.87,1900,1995,1400-8-19,2021-11-10
196,خشرق,الكتريك‌ خودرو شرق‌,1089,8344842,133266987250,15260,15670,16020,760,4.98,15970,710,4.65,15260,16020,1400-8-19,2021-11-10
197,ارزش,صندوق س ارزش آفرين بيدار-سهام,1088,15329311,157250186130,10040,10090,10430,390,3.88,10260,220,2.19,9910,10450,1400-8-19,2021-11-10
198,كرازي,كارخانجات‌توليدي‌شيشه‌رازي‌,1083,29131664,39458079511,1350,1350,1358,8,0.59,1354,4,0.3,1320,1379,1400-8-19,2021-11-10
199,وهنر,گروه توسعه هنر ايران,1075,8832209,28869216789,3315,3240,3282,-33,-1,3269,-46,-1.39,3231,3320,1400-8-19,2021-11-10
200,زدشت,كشت و صنعت دشت خرم دره,1062,4403394,66239257762,14683,14100,15417,734,5,15043,360,2.45,13951,15417,1400-8-19,2021-11-10
201,همراه,شركت ارتباطات سيار ايران,1061,6100208,52695549960,8570,8550,8650,80,0.93,8600,30,0.35,8470,8740,1400-8-19,2021-11-10
202,زنگان,صنعت روي زنگان,1056,1994312,154552521732,73907,77602,77602,3695,5,77497,3590,4.86,74340,77602,1400-8-19,2021-11-10
203,خپويش,سازه‌ پويش‌,1053,622833,54319778230,89990,92000,85510,-4480,-4.98,87210,-2780,-3.09,85500,92000,1400-8-19,2021-11-10
204,زماهان,مجتمع توليد گوشت مرغ ماهان,1053,7390507,54202636238,7212,7299,7572,360,4.99,7334,122,1.69,6901,7572,1400-8-19,2021-11-10
205,غويتا,ويتانا,1050,8538410,54124406699,6156,6021,6463,307,4.99,6339,183,2.97,5930,6463,1400-8-19,2021-11-10
206,مدير,ص.س.مديريت ثروت ص.بازنشستگي-س,1047,4277722,43751446269,10214,10209,10304,90,0.88,10228,14,0.14,10056,10350,1400-8-19,2021-11-10
207,دماوند,توليد نيروي برق دماوند,1043,1754604,38432881467,21210,21220,21770,560,2.64,21762,552,2.6,21220,22188,1400-8-19,2021-11-10
208,حشكوه,دليجان طلايي شكوه پارس,1038,41978821,142965012616,3332,3341,3431,99,2.97,3406,74,2.22,3233,3431,1400-8-19,2021-11-10
209,فروس,فروسيليس‌ ايران‌,1034,8894479,64263955120,7330,7380,7350,20,0.27,7230,-100,-1.36,7130,7390,1400-8-19,2021-11-10
210,فلوله,لوله‌وماشين‌سازي‌ايران‌,1032,41525164,45065348164,1042,1055,1094,52,4.99,1085,43,4.13,1034,1094,1400-8-19,2021-11-10
211,غسالم,سالمين‌,1021,18438788,56601238065,2930,3044,3076,146,4.98,3070,140,4.78,3003,3076,1400-8-19,2021-11-10
212,حآسا,آسيا سير ارس,1016,3530188,45751969949,12492,12460,13116,624,5,12960,468,3.75,12171,13116,1400-8-19,2021-11-10
213,فجر,فولاد اميركبيركاشان,1010,2568148,66514629770,25760,26200,25840,80,0.31,25900,140,0.54,25360,26250,1400-8-19,2021-11-10
214,سبزوا,سيمان لار سبزوار,998,15070955,35098397591,2323,2269,2316,-7,-0.3,2329,6,0.26,2260,2359,1400-8-19,2021-11-10
215,ونيرو,سرمايه‌گذاري‌نيرو,998,19922677,47860400890,2336,2342,2375,39,1.67,2402,66,2.83,2342,2450,1400-8-19,2021-11-10
216,فزرين,زرين معدن آسيا,992,3091742,45520104756,14325,14980,14700,375,2.62,14723,398,2.78,14400,15040,1400-8-19,2021-11-10
217,بپاس,بيمه پاسارگاد,989,3671831,167043088444,45468,45500,45471,3,0.01,45493,25,0.05,45466,45990,1400-8-19,2021-11-10
218,وكار,بانك‌ كارآفرين‌,987,28639820,87893345501,3046,3080,3050,4,0.13,3069,23,0.76,3038,3105,1400-8-19,2021-11-10
219,اطلس,صندوق س.توسعه اندوخته آينده-س,947,249759,64228521826,257617,258480,257900,283,0.11,257162,-455,-0.18,255500,258501,1400-8-19,2021-11-10
220,خزر,فنرسازي‌زر,943,6646000,87351658440,12590,12590,13210,620,4.92,13140,550,4.37,12410,13210,1400-8-19,2021-11-10
221,خراسان,پتروشيمي خراسان,942,794307,97841312590,121170,124210,126800,5630,4.65,123180,2010,1.66,119010,127000,1400-8-19,2021-11-10
222,سمايه,بانك سرمايه,928,11577851,78261174391,6577,6500,6774,197,3,6760,183,2.78,6460,6774,1400-8-19,2021-11-10
223,دبالك,مواد اوليه دارويي البرز بالك,928,6288325,56029684022,8925,8660,9030,105,1.18,8910,-15,-0.17,8620,9200,1400-8-19,2021-11-10
224,تكشا,گسترش‌صنايع‌وخدمات‌كشاورزي‌,926,1940613,68421156150,33690,35360,35370,1680,4.99,35260,1570,4.66,34210,35370,1400-8-19,2021-11-10
225,فسرب,ملي‌ سرب‌وروي‌ ايران‌,925,611103,38993233830,63310,63980,63800,490,0.77,63810,500,0.79,63100,64940,1400-8-19,2021-11-10
226,وسينا,بانك سينا,906,49590297,118717873718,2286,2265,2400,114,4.99,2394,108,4.72,2265,2400,1400-8-19,2021-11-10
227,خاهنح,ح . آهنگري تراكتورسازي‌ ايران‌,897,7412737,29652196379,3758,3810,4046,288,7.66,4000,242,6.44,3773,4070,1400-8-19,2021-11-10
228,وثخوز,سرمايه گذاري و توسعه خوزستان,890,1931153,60318617325,32811,31711,31171,-1640,-5,31235,-1576,-4.8,31171,32670,1400-8-19,2021-11-10
229,فولاي,صنايع فولاد آلياژي يزد,884,2953867,51636504246,17829,17890,17800,-29,-0.16,17481,-348,-1.95,17107,17890,1400-8-19,2021-11-10
230,زشريف,كشت وصنعت شريف آباد,878,13892446,47693250879,3318,3300,3483,165,4.97,3433,115,3.47,3252,3483,1400-8-19,2021-11-10
231,تپولا,مهندسي مرآت پولاد,876,2256623,36555213234,16945,16098,16360,-585,-3.45,16199,-746,-4.4,16098,16704,1400-8-19,2021-11-10
232,رانفور,خدمات‌انفورماتيك‌,873,13767729,61038074811,4452,4452,4400,-52,-1.17,4434,-18,-0.4,4310,4505,1400-8-19,2021-11-10
233,كبافق,معادن‌ بافق‌,873,778602,25846904760,33180,32590,33190,10,0.03,33200,20,0.06,32380,34000,1400-8-19,2021-11-10
234,پكوير,كوير تاير,862,4590773,33016104040,6960,6990,7290,330,4.74,7190,230,3.3,6990,7300,1400-8-19,2021-11-10
235,دتوزيع,توزيع دارو پخش,862,4707973,140042701676,28583,28583,30012,1429,5,29746,1163,4.07,27610,30012,1400-8-19,2021-11-10
236,ثتوسا,س.توسعه و عمران استان اردبيل,861,1963632,34194877782,17948,18045,17987,39,0.22,17414,-534,-2.98,17051,18250,1400-8-19,2021-11-10
237,وپسا,س. پتروشيمي ساختمان  خليج فارس,859,25261454,47989254104,1845,1879,1900,55,2.98,1900,55,2.98,1879,1900,1400-8-19,2021-11-10
238,غگرجي,بيسكويت‌  گرجي‌,854,11736096,27067561626,2227,2240,2338,111,4.98,2306,79,3.55,2200,2338,1400-8-19,2021-11-10
239,ولساپا,ليزينگ رايان‌ سايپا,853,19053798,52911113785,2657,2700,2789,132,4.97,2777,120,4.52,2700,2789,1400-8-19,2021-11-10
240,كروي,توسعه‌ معادن‌ روي‌ ايران‌,852,6523965,162622434850,24670,24490,25020,350,1.42,24930,260,1.05,23730,25120,1400-8-19,2021-11-10
241,ولغدر,ليزينگ‌خودروغدير,852,6034719,81189493150,12860,13350,13200,340,2.64,13450,590,4.59,13000,13500,1400-8-19,2021-11-10
242,قشكر,شكرشاهرود,852,12111103,37488997983,3037,3070,3143,106,3.49,3095,58,1.91,2930,3178,1400-8-19,2021-11-10
243,وپاسار,بانك  پاسارگاد,847,9073687,123825523950,13580,13600,13700,120,0.88,13650,70,0.52,13570,14150,1400-8-19,2021-11-10
244,غپاك,لبنيات‌ پاك‌,827,2344914,31370948220,13300,13000,13500,200,1.5,13380,80,0.6,12660,13830,1400-8-19,2021-11-10
245,رتاپ,تجارت الكترونيك  پارسيان,826,6427821,37765549260,5640,5620,5920,280,4.96,5880,240,4.26,5600,5920,1400-8-19,2021-11-10
246,فسپا,گروه‌صنعتي‌سپاهان‌,826,2291537,41223820610,18030,18290,18050,20,0.11,17990,-40,-0.22,17610,18480,1400-8-19,2021-11-10
247,وحافظ,بيمه حافظ,817,3905373,37977693895,9827,9990,9533,-294,-2.99,9724,-103,-1.05,9533,10080,1400-8-19,2021-11-10
248,اعتلا,شركت سرمايه گذاري اعتلاء البرز,816,7926024,31826467283,3952,3890,4149,197,4.98,4015,63,1.59,3755,4149,1400-8-19,2021-11-10
249,دتماد,توليدمواداوليه‌داروپخش‌,815,2031486,97686168270,46250,45410,48560,2310,4.99,48090,1840,3.98,45400,48560,1400-8-19,2021-11-10
250,وسين,بيمه سينا,813,22664961,83635102693,3618,3700,3722,104,2.87,3690,72,1.99,3624,3726,1400-8-19,2021-11-10
251,والبر,سرمايه‌ گذاري‌ البرز(هلدينگ‌,809,5735185,51016192660,8650,8870,9080,430,4.97,8900,250,2.89,8500,9080,1400-8-19,2021-11-10
252,زيتون,صندوق س زيتون نماد پايا- مختلط,807,2733324,27785197478,10000,10200,10168,168,1.68,10165,165,1.65,10130,10240,1400-8-19,2021-11-10
253,تليسه,دامداري تليسه نمونه,794,13023345,33206225976,2462,2519,2585,123,5,2550,88,3.57,2460,2585,1400-8-19,2021-11-10
254,شفارا,پتروشيمي فارابي,784,6238236,56711965090,8859,9120,9124,265,2.99,9091,232,2.62,8910,9124,1400-8-19,2021-11-10
255,ودي,بيمه  دي,782,8005531,47293876999,5813,5700,5890,77,1.32,5908,95,1.63,5700,6040,1400-8-19,2021-11-10
256,بالبر,كابل‌ البرز,780,2116981,54238120150,24430,23700,25650,1220,4.99,25620,1190,4.87,23700,25650,1400-8-19,2021-11-10
257,تبرك,گروه كارخانجات صنعتي تبرك,773,3200253,27581542272,8320,8300,8736,416,5,8619,299,3.59,8300,8736,1400-8-19,2021-11-10
258,خديزل,بهمن  ديزل,765,2455305,132401920469,51433,53000,54004,2571,5,53925,2492,4.85,51802,54004,1400-8-19,2021-11-10
259,خزاميا,زامياد,765,9406742,66641876680,6760,7040,7090,330,4.88,7080,320,4.73,7010,7090,1400-8-19,2021-11-10
260,فباهنر,مس‌ شهيدباهنر,764,1567620,41083335300,25930,26400,25930,0,0,26210,280,1.08,25770,26590,1400-8-19,2021-11-10
261,وسكرد,شركت س استان كردستان,762,50088713,24382631650,464,486,487,23,4.96,487,23,4.96,471,487,1400-8-19,2021-11-10
262,فالوم,آلومتك‌,758,2606783,60945756856,23923,22727,23113,-810,-3.39,23380,-543,-2.27,22727,25119,1400-8-19,2021-11-10
263,سپر,صندوق س سپر سرمايه بيدار- ثابت,749,30355001,397949232039,13108,13118,13115,7,0.05,13110,2,0.02,13108,13118,1400-8-19,2021-11-10
264,وآوا,سرمايه گذاري آوا نوين,746,5489395,17199261076,3086,3135,3161,75,2.43,3133,47,1.52,3000,3217,1400-8-19,2021-11-10
265,دلقما,دارويي‌ لقمان‌,745,1269599,33763296900,27090,26500,26550,-540,-1.99,26590,-500,-1.85,26050,27700,1400-8-19,2021-11-10
266,ريشمك,توليد و صادرات ريشمك,742,1180893,36978710001,31384,31740,31738,354,1.13,31314,-70,-0.22,29833,31812,1400-8-19,2021-11-10
267,بكهنوج,توليد برق ماهتاب كهنوج,739,19054730,23420893676,1185,1185,1241,56,4.73,1229,44,3.71,1185,1244,1400-8-19,2021-11-10
268,غديس,پاكديس,737,5139682,63739350314,11936,12100,12532,596,4.99,12401,465,3.9,11725,12532,1400-8-19,2021-11-10
269,فرآور,فرآوري‌موادمعدني‌ايران‌,731,3858135,113508362140,28070,27710,29470,1400,4.99,29420,1350,4.81,27710,29470,1400-8-19,2021-11-10
270,زفكا,كشت و دامداري فكا,730,6731844,55985340964,7974,8000,8372,398,4.99,8316,342,4.29,7880,8372,1400-8-19,2021-11-10
271,قرن,پديده شيمي قرن,726,963832,25146078780,26230,26500,25800,-430,-1.64,26090,-140,-0.53,25400,26990,1400-8-19,2021-11-10
272,خمحركه,نيرو محركه‌,723,13644096,51136496525,3576,3750,3754,178,4.98,3748,172,4.81,3655,3754,1400-8-19,2021-11-10
273,فوكا,فولاد كاويان,717,8699792,131277925142,14813,15000,15257,444,3,15090,277,1.87,14369,15257,1400-8-19,2021-11-10
274,دانا,بيمه دانا,709,8781367,41342226261,4716,4769,4710,-6,-0.13,4708,-8,-0.17,4651,4830,1400-8-19,2021-11-10
275,غفارس,شير پاستوريزه پگاه فارس,707,5120261,37056652915,6987,7088,7336,349,4.99,7237,250,3.58,6750,7336,1400-8-19,2021-11-10
276,فجام,جام‌دارو,705,7263568,36870626470,4875,4950,5118,243,4.98,5076,201,4.12,4950,5118,1400-8-19,2021-11-10
277,غشوكو,شوكو پارس,702,4321772,41275326013,9993,9494,9494,-499,-4.99,9551,-442,-4.42,9494,9820,1400-8-19,2021-11-10
278,آوا,صندوق س.سهام آواي معيار-س,688,3256125,27342238801,8268,8200,8509,241,2.91,8397,129,1.56,8191,8540,1400-8-19,2021-11-10
279,كاسپين,داروسازي كاسپين تامين,686,1460761,38979919436,25762,25765,27050,1288,5,26685,923,3.58,25100,27050,1400-8-19,2021-11-10
280,تسه0005,امتيازتسهيلات مسكن مرداد 1400,681,12250,9322501629,747495,742100,769999,22504,3.01,761021,13526,1.81,742100,770000,1400-8-19,2021-11-10
281,بشهاب,لامپ‌  پارس‌ شهاب‌,678,318374,39336522810,127630,132000,122110,-5520,-4.33,123550,-4080,-3.2,121250,132000,1400-8-19,2021-11-10
282,شجم,صنايع پتروشيمي تخت جمشيد,677,9420985,126872780395,12878,12975,13521,643,4.99,13467,589,4.57,12800,13521,1400-8-19,2021-11-10
283,پخش,پخش البرز,677,1235590,36398321542,28245,29400,29657,1412,5,29458,1213,4.29,28810,29657,1400-8-19,2021-11-10
284,ساوه,سيمان ساوه,677,149606,7242659243,49161,47860,48370,-791,-1.61,48804,-357,-0.73,47860,49630,1400-8-19,2021-11-10
285,تاصيكو,سرمايه گذاري صدرتامين,676,5896699,55696909880,9430,9330,9500,70,0.74,9440,10,0.11,9320,9540,1400-8-19,2021-11-10
286,زبينا,كشاورزي و دامپروري بينالود,676,16662224,39547416572,2285,2310,2399,114,4.99,2373,88,3.85,2240,2399,1400-8-19,2021-11-10
287,كپشير,پشم‌شيشه‌ايران‌,673,3806809,47674651650,11990,12350,12580,590,4.92,12520,530,4.42,12000,12580,1400-8-19,2021-11-10
288,وتوصا,گروه س توسعه صنعتي ايران,670,3371247,33685569850,9970,9900,9930,-40,-0.4,9990,20,0.2,9900,10090,1400-8-19,2021-11-10
289,وشهر,بانك شهر,666,5873874,29528044763,5006,5000,5009,3,0.06,5026,20,0.4,4955,5100,1400-8-19,2021-11-10
290,قنيشا,قند  نيشابور,666,904277,37991081450,41910,41000,42290,380,0.91,42010,100,0.24,40070,43490,1400-8-19,2021-11-10
291,غگلستا,شير پاستوريزه پگاه گلستان,661,1699079,22934426181,13562,13402,13520,-42,-0.31,13498,-64,-0.47,13010,14000,1400-8-19,2021-11-10
292,دكپسول,توليد ژلاتين كپسول ايران,660,695078,22698046832,32119,31850,33490,1371,4.27,32655,536,1.67,31556,33500,1400-8-19,2021-11-10
293,قاسم,قاسم ايران,653,10003470,35080118958,3478,3472,3549,71,2.04,3507,29,0.83,3400,3650,1400-8-19,2021-11-10
294,پارس,پتروشيمي پارس,650,319904,61365743620,190900,194980,191000,100,0.05,191460,560,0.29,190000,194980,1400-8-19,2021-11-10
295,ستران,سيمان‌ تهران‌,649,1223286,27348561710,21950,22050,22300,350,1.59,22360,410,1.87,21650,22860,1400-8-19,2021-11-10
296,تپمپي,پمپ‌ سازي‌ ايران‌,648,3411034,55283210800,15540,15970,16310,770,4.95,16210,670,4.31,15380,16310,1400-8-19,2021-11-10
297,فسا,پتروشيمي فسا,646,12021708,14662332017,1278,1217,1221,-57,-4.46,1220,-58,-4.54,1215,1267,1400-8-19,2021-11-10
298,وپست,پست بانك ايران,645,2053086,44983493690,21700,22030,21910,210,0.97,21910,210,0.97,21530,22300,1400-8-19,2021-11-10
299,كترام,توليدي‌ كاشي‌ تكسرام‌,641,2261595,46708583600,19810,19220,20800,990,5,20650,840,4.24,19220,20800,1400-8-19,2021-11-10
300,نوين,بيمه نوين,638,5493451,23349154132,4068,4240,4271,203,4.99,4250,182,4.47,4150,4271,1400-8-19,2021-11-10
301,غاذر,كشت‌وصنعت‌پياذر,634,1743380,51678004480,28430,28880,29850,1420,4.99,29640,1210,4.26,27870,29850,1400-8-19,2021-11-10
302,سلار,شركت سيمان لارستان,631,1498630,40420974925,26374,25056,27692,1318,5,26972,598,2.27,25056,27692,1400-8-19,2021-11-10
303,غبشهر,صنعتي‌ بهشهر,627,2845325,76724020460,26170,25150,27470,1300,4.97,26960,790,3.02,25150,27470,1400-8-19,2021-11-10
304,ولشرق,ليزينگ ايران و شرق,627,9212145,43675260012,4583,4600,4812,229,5,4741,158,3.45,4382,4812,1400-8-19,2021-11-10
305,غالبر,لبنيات‌ كالبر,626,3442199,40323181060,11200,11600,11760,560,5,11710,510,4.55,11240,11760,1400-8-19,2021-11-10
306,دكوثر,داروسازي‌ كوثر,624,8218652,28461213244,3341,3250,3508,167,5,3463,122,3.65,3250,3508,1400-8-19,2021-11-10
307,وسكاب,س.ص.بازنشستگي كاركنان بانكها,618,10227195,34202317035,3293,3350,3370,77,2.34,3344,51,1.55,3262,3393,1400-8-19,2021-11-10
308,شراز,پالايش نفت شيراز,615,321415,38309442377,121742,121883,119490,-2252,-1.85,119746,-1996,-1.64,116511,123990,1400-8-19,2021-11-10
309,حپترو,حمل و نقل پتروشيمي( سهامي عام,613,1146352,30822447220,25710,26500,26990,1280,4.98,26890,1180,4.59,26500,26990,1400-8-19,2021-11-10
310,دامين,داروسازي‌ امين‌,607,7526698,21685687176,2807,2741,2922,115,4.1,2881,74,2.64,2741,2947,1400-8-19,2021-11-10
311,وايرا,سرمايه گذاري صنايع ايران,606,5160911,25195037047,5115,4860,4927,-188,-3.68,4882,-233,-4.56,4860,4950,1400-8-19,2021-11-10
312,وحكمت,بيمه حكمت صبا,599,5363150,23643667380,4373,4442,4333,-40,-0.91,4409,36,0.82,4260,4495,1400-8-19,2021-11-10
313,ضشنا1050,اختيارخ شپنا-7629-1400/10/19,594,14476,8733266000,589,686,594,5,0.85,603,14,2.38,517,700,1400-8-19,2021-11-10
314,آسيا,بيمه آسيا,589,15764123,28760391990,1798,1761,1839,41,2.28,1824,26,1.45,1761,1846,1400-8-19,2021-11-10
315,شبهرن,نفت‌ بهران‌,589,2634052,32575002470,12340,12250,12400,60,0.49,12350,10,0.08,12110,12590,1400-8-19,2021-11-10
316,سخزر,سيمان‌ خزر,586,1696437,32298208000,19730,19100,19200,-530,-2.69,19040,-690,-3.5,18750,19970,1400-8-19,2021-11-10
317,خكار,ايركا پارت صنعت,584,7387247,35627106659,4625,4650,4856,231,4.99,4823,198,4.28,4551,4856,1400-8-19,2021-11-10
318,وآذر,سرمايه‌گذاري‌توسعه‌آذربايجان‌,584,840405,31879350440,36950,37000,38000,1050,2.84,37930,980,2.65,37000,38500,1400-8-19,2021-11-10
319,وسپه,سرمايه‌گذاري‌ سپه‌,581,6419696,56125788450,8660,8690,8820,160,1.85,8740,80,0.92,8490,8820,1400-8-19,2021-11-10
320,تسه0004,امتيازتسهيلات مسكن تير1400,579,9820,7472800403,746036,738000,774996,28960,3.88,760978,14942,2,738000,777800,1400-8-19,2021-11-10
321,البرز,بيمه البرز,573,8549981,19099786599,2188,2222,2247,59,2.7,2222,34,1.55,2151,2268,1400-8-19,2021-11-10
322,وخاور,بانك خاورميانه,563,6014081,33221606960,5420,5340,5470,50,0.92,5480,60,1.11,5340,5600,1400-8-19,2021-11-10
323,ومعلم,بيمه معلم,562,6882023,17550174200,2502,2545,2560,58,2.32,2550,48,1.92,2467,2608,1400-8-19,2021-11-10
324,تايرا,تراكتورسازي‌ايران‌,558,2548574,58868882320,22910,22400,23400,490,2.14,23100,190,0.83,22340,23500,1400-8-19,2021-11-10
325,قصفها,قنداصفهان‌,558,369985,33084117260,86930,88000,91270,4340,4.99,89420,2490,2.86,86700,91270,1400-8-19,2021-11-10
326,چكارن,كارتن‌ ايران‌,551,5819292,16802006417,2817,2850,2885,68,2.41,2887,70,2.48,2825,2928,1400-8-19,2021-11-10
327,غشصفا,شيرپاستوريزه‌پگاه‌اصفهان‌,551,1088446,39599143920,35930,35920,36870,940,2.62,36380,450,1.25,35600,37000,1400-8-19,2021-11-10
328,كمرجان,بازرگاني و توليدي مرجان كار,549,236240,14706310770,61567,61900,62003,436,0.71,62237,670,1.09,61000,63900,1400-8-19,2021-11-10
329,وبيمه,سرمايه‌ گذاري‌ صنعت‌ بيمه‌,546,8851966,14296767794,1613,1587,1630,17,1.05,1615,2,0.12,1587,1640,1400-8-19,2021-11-10
330,وتوس,توسعه‌شهري‌توس‌گستر,545,1996332,22090908460,11330,11110,10890,-440,-3.88,11070,-260,-2.29,10790,11700,1400-8-19,2021-11-10
331,ثاصفا,شركت‌ ساختمان‌ اصفهان‌,544,1275832,15224622099,12382,11767,11850,-532,-4.3,11933,-449,-3.63,11763,12472,1400-8-19,2021-11-10
332,وسگيلا,شركت س استان گيلان,542,60565906,29303713312,461,484,484,23,4.99,484,23,4.99,468,484,1400-8-19,2021-11-10
333,سدبير,س. تدبيرگران فارس وخوزستان,542,1338385,52266514641,37458,37900,39330,1872,5,39052,1594,4.26,37890,39330,1400-8-19,2021-11-10
334,سكه0012پ01,تمام سكه طرح جديد0012رفاه,541,137700,167581782600,1198684,1209500,1220650,21966,1.83,1217006,18322,1.53,1209500,1225000,1400-8-19,2021-11-10
335,پدرخش,درخشان‌ تهران‌,541,859860,17433486310,19850,19870,20440,590,2.97,20270,420,2.12,19860,20700,1400-8-19,2021-11-10
336,كسعدي,كاشي‌ سعدي‌,540,2225493,20727298880,9280,8980,9300,20,0.22,9310,30,0.32,8980,9500,1400-8-19,2021-11-10
337,واميد,گروه مديريت سرمايه گذاري اميد,537,10075431,131225554290,12700,12810,13000,300,2.36,13020,320,2.52,12810,13110,1400-8-19,2021-11-10
338,وصنا,گروه‌صنايع‌بهشهرايران‌,537,5104524,33189775590,6450,6430,6530,80,1.24,6500,50,0.78,6370,6660,1400-8-19,2021-11-10
339,اميد,تامين سرمايه اميد,534,9146762,67461729480,7340,7370,7380,40,0.54,7380,40,0.54,7370,7450,1400-8-19,2021-11-10
340,غشوكوح,ح . شوكو پارس,530,3600867,19003835646,5353,5193,5400,47,0.88,5278,-75,-1.4,5193,5499,1400-8-19,2021-11-10
341,تيپيكو,سرمايه گذاري دارويي تامين,530,3610835,80955356270,21740,22370,22820,1080,4.97,22300,560,2.58,21600,22820,1400-8-19,2021-11-10
342,دفارا,داروسازي‌ فارابي‌,529,1125707,17077964130,15040,14640,15430,390,2.59,15170,130,0.86,14640,15590,1400-8-19,2021-11-10
343,وتوكا,سرمايه‌گذاري‌توكافولاد(هلدينگ,523,3661993,32448075820,8790,8950,8860,70,0.8,8860,70,0.8,8700,8980,1400-8-19,2021-11-10
344,ختوقا,قطعات‌ اتومبيل‌ ايران‌,521,17673812,40264368713,2171,2270,2279,108,4.97,2278,107,4.93,2250,2279,1400-8-19,2021-11-10
345,خفنر,فنرسازي‌خاور,520,5956012,53215023870,8550,8940,8970,420,4.91,8930,380,4.44,8500,8970,1400-8-19,2021-11-10
346,كسرام,پارس‌ سرام‌,519,4630325,18092638410,3806,3900,3949,143,3.76,3907,101,2.65,3754,3980,1400-8-19,2021-11-10
347,دارو,كارخانجات‌داروپخش‌,519,2072333,63379868090,29430,29200,30900,1470,4.99,30580,1150,3.91,29000,30900,1400-8-19,2021-11-10
348,اپرداز,آتيه داده پرداز,516,1673954,39680647354,23333,23333,23700,367,1.57,23705,372,1.59,23020,23900,1400-8-19,2021-11-10
349,غچين,كشت‌ و صنعت‌ چين‌ چين,516,1823960,26098153380,13870,13880,14470,600,4.33,14310,440,3.17,13880,14560,1400-8-19,2021-11-10
350,داوه,داروسازي آوه سينا,513,2215905,26318772306,11484,11509,12056,572,4.98,11877,393,3.42,11231,12058,1400-8-19,2021-11-10
351,شلرد,كود شيميايي اوره لردگان,512,6011510,67473188240,10690,11224,11224,534,5,11224,534,5,11224,11224,1400-8-19,2021-11-10
352,حتايد,تايدواترخاورميانه,510,10109073,64677129800,6060,6390,6400,340,5.61,6400,340,5.61,6350,6480,1400-8-19,2021-11-10
353,ياقوت,صندوق س ياقوت آگاه-ثابت,510,4961212,67212038840,13530,13548,13548,18,0.13,13548,18,0.13,13535,13558,1400-8-19,2021-11-10
354,سصفها,سيمان‌اصفهان‌,507,1063815,33718740230,30380,30050,31890,1510,4.97,31700,1320,4.34,30050,31890,1400-8-19,2021-11-10
355,هماي,صندوق س هماي آگاه-ثابت,506,8370639,84666764491,10107,10109,10115,8,0.08,10115,8,0.08,10109,10115,1400-8-19,2021-11-10
356,سفارس,سيمان فارس و خوزستان,504,2121477,38992191290,18180,18670,18490,310,1.71,18370,190,1.05,18100,18670,1400-8-19,2021-11-10
357,ضملت8041,اختيارخ وبملت-3434-1400/08/19,501,24552,1245664000,70,94,55,-15,-21.43,51,-19,-27.14,33,94,1400-8-19,2021-11-10
358,سخاش,سيمان‌خاش‌,499,176730,16412969090,94670,96000,92610,-2060,-2.18,92870,-1800,-1.9,92010,96000,1400-8-19,2021-11-10
359,وبشهر,توسعه‌ صنايع‌ بهشهر(هلدينگ,497,5945448,83938625350,13610,13600,14290,680,5,14120,510,3.75,13400,14290,1400-8-19,2021-11-10
360,فمراد,آلومراد,493,1548531,27216192530,17350,17710,17500,150,0.86,17580,230,1.33,17100,17900,1400-8-19,2021-11-10
361,خرينگ,رينگ‌سازي‌مشهد,492,1326418,40671910640,29330,29340,30790,1460,4.98,30660,1330,4.53,29340,30790,1400-8-19,2021-11-10
362,پكرمان,گروه‌ صنعتي‌ بارز,491,1459986,34021439250,23000,22000,24000,1000,4.35,23300,300,1.3,22000,24000,1400-8-19,2021-11-10
363,وجامي,سرمايه گذاري جامي,490,5212937,47656670054,9424,9142,9142,-282,-2.99,9142,-282,-2.99,9142,9142,1400-8-19,2021-11-10
364,كنور,توسعه معدني و صنعتي صبانور,487,1898474,36640981060,18740,19270,19180,440,2.35,18950,210,1.12,18660,19500,1400-8-19,2021-11-10
365,تسه9908,امتياز تسهيلات مسكن آبان99,487,13543,10308862852,746198,732225,777000,30802,4.13,761195,14997,2.01,732225,777000,1400-8-19,2021-11-10
366,فايرا,آلومينيوم‌ايران‌,484,947599,16421137920,17340,17150,17490,150,0.87,17340,0,0,17020,17600,1400-8-19,2021-11-10
367,شرانل,نفت ايرانول,483,1039980,50533873924,48184,49300,48950,766,1.59,48591,407,0.84,48100,49890,1400-8-19,2021-11-10
368,كسرا,سراميك‌هاي‌صنعتي‌اردكان‌,480,1919709,31070013810,15870,15980,16470,600,3.78,16180,310,1.95,15890,16500,1400-8-19,2021-11-10
369,غشهد,شهد ايران ‌,477,3600149,16596905287,4527,4322,4730,203,4.48,4609,82,1.81,4322,4753,1400-8-19,2021-11-10
370,بميلا,توسعه بازرگاني آهن وفولادميلاد,476,3995743,35009596908,8693,8473,8953,260,2.99,8762,69,0.79,8473,8953,1400-8-19,2021-11-10
371,كيميا,معدني كيمياي زنجان گستران,472,1532017,22538074560,14525,14890,14790,265,1.82,14711,186,1.28,14525,14890,1400-8-19,2021-11-10
372,ثپرديس,سرمايه گذاري مسكن پرديس,471,3415482,17334065796,5115,4930,5119,4,0.08,5075,-40,-0.78,4930,5199,1400-8-19,2021-11-10
373,شخارك,پتروشيمي‌ خارك‌,471,653754,36602545250,55580,55300,56000,420,0.76,55730,150,0.27,55300,57200,1400-8-19,2021-11-10
374,تسه0003,امتيازتسهيلات مسكن خرداد1400,470,7983,6070711044,746839,740000,765000,18161,2.43,760455,13616,1.82,740000,779999,1400-8-19,2021-11-10
375,وساپا,سرمايه‌گذاري‌ سايپا,468,9202100,44792396673,4637,4868,4868,231,4.98,4868,231,4.98,4800,4868,1400-8-19,2021-11-10
376,سرچشمه,سرمايه گذاري مس سرچشمه,465,3925018,23411291954,5955,6000,5951,-4,-0.07,5965,10,0.17,5857,6077,1400-8-19,2021-11-10
377,وسنا,سرمايه گذاري نيروگاهي ايران,462,2187188,28362841493,13308,13060,13000,-308,-2.31,12968,-340,-2.55,12909,13307,1400-8-19,2021-11-10
378,ددام,داروسازي زاگرس فارمد پارس,461,2835142,32292852490,10960,10870,11500,540,4.93,11390,430,3.92,10640,11500,1400-8-19,2021-11-10
379,پاسا,ايران‌ياساتايرورابر,459,1718284,25860196910,14820,14960,15190,370,2.5,15050,230,1.55,14750,15270,1400-8-19,2021-11-10
380,زشگزا,شير و گوشت زاگرس شهركرد,458,5076018,27109918731,5199,5200,5457,258,4.96,5341,142,2.73,5100,5458,1400-8-19,2021-11-10
381,بالاس,مهندسي ساختمان تاسيسات راه آهن,458,646828,21282779503,32934,31751,33072,138,0.42,32903,-31,-0.09,31751,33750,1400-8-19,2021-11-10
382,غمهرا,توليدي‌مهرام‌,448,811851,37907212080,45080,45000,47330,2250,4.99,46690,1610,3.57,44300,47330,1400-8-19,2021-11-10
383,دعبيد,لابراتوارداروسازي‌  دكترعبيدي‌,446,689045,14786736280,21670,20890,21990,320,1.48,21590,-80,-0.37,20680,22410,1400-8-19,2021-11-10
384,دحاوي,الحاوي,443,3663181,17889960970,4806,4856,4950,144,3,4884,78,1.62,4710,4950,1400-8-19,2021-11-10
385,سبهان,سيمان‌ بهبهان‌,442,271949,13590804620,49740,49120,50190,450,0.9,49940,200,0.4,48710,51600,1400-8-19,2021-11-10
386,كاذر,فرآورده‌هاي‌نسوزآذر,442,1410295,19740691350,14020,13420,14260,240,1.71,14000,-20,-0.14,13360,14320,1400-8-19,2021-11-10
387,واحصا,احياء صنايع خراسان,440,462364,24618812861,53469,52100,51870,-1599,-2.99,53246,-223,-0.42,51865,54980,1400-8-19,2021-11-10
388,اوان,مبين وان كيش,440,1055644,25332833275,25046,23805,24320,-726,-2.9,23998,-1048,-4.18,23794,24581,1400-8-19,2021-11-10
389,رنيك,جنرال مكانيك,439,1033749,13681797883,13311,13400,13420,109,0.82,13247,-64,-0.48,12860,13600,1400-8-19,2021-11-10
390,كحافظ,كاشي‌ وسراميك‌ حافظ‌,437,3241915,11880437561,3532,3705,3708,176,4.98,3630,98,2.77,3550,3708,1400-8-19,2021-11-10
391,ونفت,سرمايه‌گذاري‌ صنعت‌ نفت‌,436,1758006,26802201480,15130,15220,15370,240,1.59,15250,120,0.79,15190,15400,1400-8-19,2021-11-10
392,داسوه,داروسازي‌ اسوه‌,435,740609,18642170450,24890,23980,26050,1160,4.66,25170,280,1.12,23800,26050,1400-8-19,2021-11-10
393,ثنظام,س. ساختماني نظام مهندسي ايران,434,823163,20200703722,25175,24509,24420,-755,-3,24540,-635,-2.52,24420,25600,1400-8-19,2021-11-10
394,كگهر,سنگ آهن گهرزمين,433,1235731,60187867893,48057,49999,48304,247,0.51,48364,307,0.64,48058,49999,1400-8-19,2021-11-10
395,غپونه,نوش پونه مشهد,431,2624163,34028647215,12911,12602,13298,387,3,12967,56,0.43,12524,13298,1400-8-19,2021-11-10
396,توريل,توكاريل,431,1340124,15179976060,11216,11499,11315,99,0.88,11327,111,0.99,10807,11499,1400-8-19,2021-11-10
397,قلرست,قند لرستان‌,430,1348226,25725975680,18540,18000,19460,920,4.96,19080,540,2.91,18000,19460,1400-8-19,2021-11-10
398,سفاسي,شركت فارسيت اهواز,429,5258092,21358554546,4187,4062,4062,-125,-2.99,4062,-125,-2.99,4062,4070,1400-8-19,2021-11-10
399,كقزوي,شيشه‌ قزوين‌,427,2769377,23215642266,8533,8555,8400,-133,-1.56,8383,-150,-1.76,8285,8700,1400-8-19,2021-11-10
400,كميناح,ح . شيشه سازي مينا,427,2916874,19791270445,6940,6740,6841,-99,-1.43,6785,-155,-2.23,6732,7000,1400-8-19,2021-11-10
401,سپاها,سيمان‌سپاهان‌,425,2992105,27117496280,8850,9180,9110,260,2.94,9060,210,2.37,8910,9180,1400-8-19,2021-11-10
402,شپارس,بين‌ المللي‌ محصولات‌  پارس‌,424,4225601,33940892750,7980,7950,8070,90,1.13,8030,50,0.63,7800,8150,1400-8-19,2021-11-10
403,دابور,داروسازي‌ ابوريحان‌,423,1773291,46686218210,25430,24440,26700,1270,4.99,26330,900,3.54,24440,26700,1400-8-19,2021-11-10
404,بنيرو,نيروترانس‌,423,9773928,20428702881,1995,2094,2094,99,4.96,2090,95,4.76,2020,2094,1400-8-19,2021-11-10
405,فنورد,نوردوقطعات‌ فولادي‌,422,147774,31051031700,212840,208550,211200,-1640,-0.77,210130,-2710,-1.27,208510,212800,1400-8-19,2021-11-10
406,شكربن,كربن‌ ايران‌,421,227431,23625711360,103020,101530,103100,80,0.08,103880,860,0.83,101530,105330,1400-8-19,2021-11-10
407,كلوند,كاشي‌ الوند,420,1116716,25883695590,22880,23000,23240,360,1.57,23180,300,1.31,22500,23490,1400-8-19,2021-11-10
408,بهپاك,صنعتي بهپاك,420,5658421,33621405789,5769,5880,6057,288,4.99,5942,173,3,5630,6057,1400-8-19,2021-11-10
409,ثاباد,توريستي ورفاهي آبادگران ايران,418,866566,34789535000,38340,39600,40250,1910,4.98,40150,1810,4.72,39600,40250,1400-8-19,2021-11-10
410,درهآور,دارويي ره آورد تامين,417,651218,13764650724,20898,20230,21700,802,3.84,21106,208,1,20230,21800,1400-8-19,2021-11-10
411,خكمك,كمك‌فنرايندامين‌,416,1418999,35162234560,23680,24750,24860,1180,4.98,24780,1100,4.65,24110,24860,1400-8-19,2021-11-10
412,سشرق,سيمان‌ شرق‌,416,4690203,37551074730,7940,7900,8000,60,0.76,8010,70,0.88,7860,8100,1400-8-19,2021-11-10
413,شپاس,نفت پاسارگاد,413,1117894,19396011841,17394,17150,17600,206,1.18,17350,-44,-0.25,16820,17860,1400-8-19,2021-11-10
414,افرا,افرانت,413,1110246,17666165712,16193,16900,15752,-441,-2.72,15912,-281,-1.74,15716,16900,1400-8-19,2021-11-10
415,پاكشو,گروه صنعتي پاكشو,410,5683988,30564667260,5380,5330,5380,0,0,5380,0,0,5310,5410,1400-8-19,2021-11-10
416,فولاژ,فولاد آلياژي ايران,410,2398573,39721426480,16220,16700,16750,530,3.27,16390,170,1.05,15890,17000,1400-8-19,2021-11-10
417,تسه0002,امتيازتسهيلاتمسكن ارديبهشت1400,410,6115,4651330844,746873,748000,766000,19127,2.56,760643,13770,1.84,740122,775000,1400-8-19,2021-11-10
418,كهمدا,شيشه‌ همدان‌,408,2253935,20469773130,9020,9020,9220,200,2.22,9080,60,0.67,8850,9220,1400-8-19,2021-11-10
419,ميهن,بيمه ميهن,399,5206971,11649908037,2191,2146,2254,63,2.88,2226,35,1.6,2146,2270,1400-8-19,2021-11-10
420,كساوه,صنايع‌ كاشي‌ و سراميك‌ سينا,399,633701,26418872450,41030,42740,42430,1400,3.41,41690,660,1.61,40820,42740,1400-8-19,2021-11-10
421,نيرو,نيرو سرمايه,397,646094,24496938102,38820,37777,37710,-1110,-2.86,37915,-905,-2.33,37656,38889,1400-8-19,2021-11-10
422,شكام,صنايع شيميايي كيمياگران امروز,397,879445,26933437868,30619,30601,30629,10,0.03,30625,6,0.02,30111,31453,1400-8-19,2021-11-10
423,ارفع,شركت آهن و فولاد ارفع,395,957557,14924295908,15478,15700,15591,113,0.73,15500,22,0.14,15501,15700,1400-8-19,2021-11-10
424,فسازان,غلتك سازان سپاهان,395,673213,17247704430,25860,25400,25610,-250,-0.97,25620,-240,-0.93,25000,26780,1400-8-19,2021-11-10
425,تسه0001,امتيازتسهيلات مسكن فروردين1400,394,6625,5045100155,749260,760000,772782,23522,3.14,761525,12265,1.64,745000,780000,1400-8-19,2021-11-10
426,وگردش,بانك گردشگري,394,7107297,80809966890,10829,11370,11370,541,5,11370,541,5,11370,11370,1400-8-19,2021-11-10
427,آبين,كشت و صنعت آبشيرين,394,10048413,18380864785,1791,1817,1844,53,2.96,1829,38,2.12,1753,1844,1400-8-19,2021-11-10
428,چكاوه,صنايع‌كاغذسازي‌كاوه‌,393,1228968,13097655770,10780,10710,10770,-10,-0.09,10670,-110,-1.02,10360,10880,1400-8-19,2021-11-10
429,زكشت,كشاورزي مكانيزه اصفهان كشت,392,2524290,53574240947,20430,20600,21451,1021,5,21223,793,3.88,20600,21451,1400-8-19,2021-11-10
430,خمهر,مهركام‌پارس‌,389,19454318,37661248234,1845,1937,1937,92,4.99,1936,91,4.93,1816,1937,1400-8-19,2021-11-10
431,سباقر,سيمان باقران,388,2429118,36760833782,14738,14850,15180,442,3,15133,395,2.68,14425,15180,1400-8-19,2021-11-10
432,حپارسا,توسعه حمل و نقل ريلي پارسيان,385,1063073,39217075841,35703,35801,37488,1785,5,36890,1187,3.32,35800,37488,1400-8-19,2021-11-10
433,غشاذر,پگاه‌آذربايجان‌غربي‌,385,3748900,22853542430,5840,6080,6130,290,4.97,6100,260,4.45,5970,6130,1400-8-19,2021-11-10
434,فلامي,لاميران‌,383,1248049,24579717060,18910,19790,19850,940,4.97,19690,780,4.12,19020,19850,1400-8-19,2021-11-10
435,كاريس,صندوق س.سپهر كاريزما-س,382,1338263,18574172521,13842,13842,14000,158,1.14,13879,37,0.27,13613,14000,1400-8-19,2021-11-10
436,ثشرق,سرمايه گذاري مسكن شمال شرق,380,3734601,15826419952,4060,4190,4263,203,5,4236,176,4.33,4110,4263,1400-8-19,2021-11-10
437,آكورد,صندوق س. آرمان آتي كوثر-د,379,5785521,203200337945,35104,35122,35123,19,0.05,35122,18,0.05,35122,35128,1400-8-19,2021-11-10
438,تسه9912,امتياز تسهيلات مسكن اسفند99,378,7214,5496194273,746948,743333,760000,13052,1.75,761879,14931,2,743111,780000,1400-8-19,2021-11-10
439,بزاگرس,نيروگاه زاگرس كوثر,374,3453659,14281414968,4100,4117,4200,100,2.44,4130,30,0.73,4020,4244,1400-8-19,2021-11-10
440,وساخت,سرمايه‌ گذاري‌ ساختمان‌ايران‌,369,548700,21789418250,39270,39100,40000,730,1.86,39710,440,1.12,39040,40500,1400-8-19,2021-11-10
441,وساغربي,شركت س استان آذربايجان غربي,367,30029740,14174037280,450,472,472,22,4.89,460,10,2.22,472,472,1400-8-19,2021-11-10
442,شيراز,پتروشيمي‌شيراز,365,476735,41112668450,84910,86900,86000,1090,1.28,85410,500,0.59,85750,88890,1400-8-19,2021-11-10
443,فپنتا,سپنتا,365,30322,14228877420,475640,475640,468000,-7640,-1.61,469700,-5940,-1.25,456360,487700,1400-8-19,2021-11-10
444,ضصاد1114,اختيارخ وبصادر-2500-1400/11/06,363,18607,2305386000,70,41,125,55,78.57,124,54,77.14,41,130,1400-8-19,2021-11-10
445,دروز,داروسازي‌ روزدارو,363,1676988,52917826140,30320,29130,31830,1510,4.98,31560,1240,4.09,29130,31830,1400-8-19,2021-11-10
446,جم,پتروشيمي جم,362,2775058,134196944380,47980,47980,48170,190,0.4,48360,380,0.79,47980,48840,1400-8-19,2021-11-10
447,ساروم,سيمان‌اروميه‌,361,783246,30033367130,38540,37380,38500,-40,-0.1,38340,-200,-0.52,37380,38790,1400-8-19,2021-11-10
448,كگاز,شيشه‌ و گاز,361,1541833,24737356600,16050,15900,15900,-150,-0.93,16040,-10,-0.06,15800,16200,1400-8-19,2021-11-10
449,تسه9911,امتياز تسهيلات مسكن بهمن99,356,7010,5318220691,746464,740000,779000,32536,4.36,758662,12198,1.63,740000,779900,1400-8-19,2021-11-10
450,كساپا,سايپاشيشه‌,354,744990,14667158800,19260,19190,19700,440,2.28,19650,390,2.02,18610,20000,1400-8-19,2021-11-10
451,آساميد,صندوق س.مشترك آسمان اميد -د,354,11463236,153347351833,13368,13374,13376,8,0.06,13377,9,0.07,13374,13388,1400-8-19,2021-11-10
452,آريان,سرمايه گذاري پارس آريان,354,9650164,170999929230,17220,17368,17736,516,3,17720,500,2.9,17368,17736,1400-8-19,2021-11-10
453,ولتجار,واسپاري تجارت وسرمايه ايرانيان,353,4107755,13326383112,3288,3210,3360,72,2.19,3244,-44,-1.34,3190,3360,1400-8-19,2021-11-10
454,كفرآور,فرآورده هاي سيمان شرق,353,1810790,32580667325,17472,17995,17996,524,3,17993,521,2.98,17550,17996,1400-8-19,2021-11-10
455,ثباغ,شهر سازي و خانه سازي باغميشه,352,1995463,17240133774,8709,8994,8403,-306,-3.51,8640,-69,-0.79,8400,8994,1400-8-19,2021-11-10
456,دبالكح,ح.مواد اوليه دارويي البرز بالك,351,1586929,10346192260,6334,6300,6643,309,4.88,6520,186,2.94,6181,6650,1400-8-19,2021-11-10
457,كطبس,ذغال‌سنگ‌ نگين‌ ط‌بس‌,349,446896,23355590910,52500,50920,52000,-500,-0.95,52260,-240,-0.46,50920,53890,1400-8-19,2021-11-10
458,وبوعلي,سرمايه‌گذاري‌بوعلي‌,349,2667480,10693659233,3969,3920,4056,87,2.19,3996,27,0.68,3920,4080,1400-8-19,2021-11-10
459,زعف0008پ10,زعفران0008نگين طلاي سرخ(پ),349,292475,61576766700,215422,218800,217000,1578,0.73,210537,-4885,-2.27,208978,220000,1400-8-19,2021-11-10
460,فنوال,نورد آلومينيوم‌,349,338725,8247429750,24050,24380,24230,180,0.75,24220,170,0.71,23640,24980,1400-8-19,2021-11-10
461,كمنگنز,معادن‌منگنزايران‌,348,260389,17667963200,67620,67020,67880,260,0.38,67850,230,0.34,66310,68990,1400-8-19,2021-11-10
462,شپاكسا,پاكسان‌,348,1882080,34067321200,17510,17890,18190,680,3.88,18100,590,3.37,17510,18380,1400-8-19,2021-11-10
463,درازك,دارويي‌ رازك‌,339,991555,36230436890,35030,35620,36780,1750,5,36540,1510,4.31,35030,36780,1400-8-19,2021-11-10
464,حتوكا,حمل‌ونقل‌توكا,338,856004,11277182840,12940,13000,13200,260,2.01,13100,160,1.24,13000,13540,1400-8-19,2021-11-10
465,خمحور,توليدمحورخودرو,337,10817959,27478874197,2422,2450,2543,121,5,2540,118,4.87,2444,2543,1400-8-19,2021-11-10
466,ميدكو,توسعه معادن وص.معدني خاورميانه,337,1314266,61369489250,46690,45150,46700,10,0.02,46690,0,0,45150,46880,1400-8-19,2021-11-10
467,جم پيلن,پلي پروپيلن جم - جم پيلن,337,395622,45903920550,114930,115500,115600,670,0.58,115470,540,0.47,115010,117480,1400-8-19,2021-11-10
468,بنو,بيمه تجارت نو,335,1407676,12607308007,8988,9089,8938,-50,-0.56,8969,-19,-0.21,8890,9089,1400-8-19,2021-11-10
469,سغرب,سيمان‌غرب‌,331,976439,15805904570,16230,15940,16300,70,0.43,16190,-40,-0.25,15930,16490,1400-8-19,2021-11-10
470,سجام,مجتمع سيمان غرب آسيا,328,8823150,25163108120,2863,2805,2861,-2,-0.07,2852,-11,-0.38,2778,2878,1400-8-19,2021-11-10
471,واحيا,م .صنايع و معادن احياء سپاهان,327,330000,48765443714,149303,147000,148000,-1303,-0.87,148042,-1261,-0.84,145600,149989,1400-8-19,2021-11-10
472,قهكمت,قندهكمتان‌,324,2308199,12528282810,5330,5120,5490,160,3,5410,80,1.5,5120,5490,1400-8-19,2021-11-10
473,ثغرب,شركت سرمايه گذاري مسكن شمالغرب,322,3212414,13308804980,3994,4030,4180,186,4.66,4118,124,3.1,3990,4193,1400-8-19,2021-11-10
474,هجرت,پخش هجرت,321,807308,24851395714,29922,30200,31418,1496,5,30783,861,2.88,28860,31418,1400-8-19,2021-11-10
475,تسه9810,امتياز تسهيلات مسكن دي98,321,10634,8041016240,743294,746000,761000,17706,2.38,756161,12867,1.73,740010,769991,1400-8-19,2021-11-10
476,وتوسم,سرمايه‌گذاري‌توسعه‌ملي‌,319,1292251,11193239920,8500,8600,8620,120,1.41,8610,110,1.29,8440,8740,1400-8-19,2021-11-10
477,ولراز,ليزينگ رازي,318,467197,10308713689,21931,21350,22324,393,1.79,22065,134,0.61,21350,22338,1400-8-19,2021-11-10
478,سكرما,سيمان‌ كرمان‌,318,1867279,28540623920,15960,15720,15170,-790,-4.95,15280,-680,-4.26,15170,15990,1400-8-19,2021-11-10
479,جهرم,پتروشيمي جهرم,313,8034865,11068816675,1447,1375,1375,-72,-4.98,1378,-69,-4.77,1375,1399,1400-8-19,2021-11-10
480,نمرينو,ايران‌ مرينوس‌,309,126749,10141612550,78210,79900,78630,420,0.54,79430,1220,1.56,78000,81890,1400-8-19,2021-11-10
481,وآرين,شركت توسعه اقتصادي آرين,308,4290290,9362090999,2183,2180,2177,-6,-0.27,2182,-1,-0.05,2120,2220,1400-8-19,2021-11-10
482,ثعمرا,عمران و توسعه شاهد,306,1565084,12222949675,7724,7600,7820,96,1.24,7792,68,0.88,7550,7950,1400-8-19,2021-11-10
483,ثمسكن,سرمايه‌گذاري‌ مسكن‌,306,3562550,15086335684,4171,4025,4270,99,2.37,4235,64,1.53,4025,4279,1400-8-19,2021-11-10
484,وصندوق,سرمايه‌گذاري‌صندوق‌بازنشستگي‌,303,4554779,88128361400,19130,19050,19420,290,1.52,19280,150,0.78,19040,19580,1400-8-19,2021-11-10
485,ثعتما,س. ساختماني اعتماد گستر,302,972233,30144120218,30129,30951,31032,903,3,31005,876,2.91,30951,31032,1400-8-19,2021-11-10
486,سكرد,سيمان كردستان,300,1494028,8128776940,5420,5260,5420,0,0,5430,10,0.18,5250,5590,1400-8-19,2021-11-10
487,وساشرقي,شركت س استان آذربايجان شرقي,300,24526523,11721403432,457,464,479,22,4.81,463,6,1.31,464,479,1400-8-19,2021-11-10
488,وپترو,سرمايه‌گذاري صنايع پتروشيمي‌,300,1503448,19124745480,12600,12610,12770,170,1.35,12720,120,0.95,12520,12970,1400-8-19,2021-11-10
489,سدور,سيمان‌ دورود,296,1650802,11529451800,6960,6910,6990,30,0.43,6980,20,0.29,6890,7100,1400-8-19,2021-11-10
490,شنفت,نفت‌ پارس‌,296,7051009,61273268210,8280,8690,8690,410,4.95,8690,410,4.95,8690,8690,1400-8-19,2021-11-10
491,ختراك,ريخته‌گري‌ تراكتورسازي‌ ايران‌,295,3305401,24297114360,7040,7150,7390,350,4.97,7350,310,4.4,7010,7390,1400-8-19,2021-11-10
492,تنوين,تامين سرمايه نوين,295,3233613,17562309640,5370,5450,5410,40,0.74,5400,30,0.56,5370,5520,1400-8-19,2021-11-10
493,قشهد,شهد,290,1357392,20664930570,14720,15280,15450,730,4.96,15220,500,3.4,14730,15450,1400-8-19,2021-11-10
494,ضجار1022,اختيارخ وتجارت-2000-1400/10/15,288,7841,3038367000,251,245,397,146,58.17,387,136,54.18,240,403,1400-8-19,2021-11-10
495,سصوفي,سيمان‌ صوفيان‌,288,797649,13452316250,16470,16690,17000,530,3.22,16800,330,2,16200,17090,1400-8-19,2021-11-10
496,تسه9910,امتياز تسهيلات مسكن دي99,286,4287,3258621985,747613,759000,772000,24387,3.26,760117,12504,1.67,744000,779998,1400-8-19,2021-11-10
497,لپيام,گسترش صنايع پيام,284,536586,18995967819,34673,35708,35713,1040,3,35402,729,2.1,34677,35713,1400-8-19,2021-11-10
498,چافست,افست‌,284,850920,7736697660,9050,8850,9060,10,0.11,9070,20,0.22,8810,9240,1400-8-19,2021-11-10
499,تسه9909,امتياز تسهيلات مسكن آذر99,282,5163,3910156653,745544,731000,765000,19456,2.61,757342,11798,1.58,731000,770000,1400-8-19,2021-11-10
500,وتعاون,بيمه  تعاون,281,5076043,9451149097,1811,1865,1865,54,2.98,1857,46,2.54,1823,1865,1400-8-19,2021-11-10
501,ولصنم,ليزينگ‌صنعت‌ومعدن‌,281,1302869,6099891236,4603,4778,4670,67,1.46,4634,31,0.67,4601,4778,1400-8-19,2021-11-10
502,غگلپا,شير پاستوريزه پگاه گلپايگان,280,200518,10518974982,52206,52970,53200,994,1.9,52391,185,0.35,50000,53500,1400-8-19,2021-11-10
503,مفاخر,توسعه فناوري اطلاعات خوارزمي,280,433896,12165677415,27925,27760,28360,435,1.56,28020,95,0.34,26670,28999,1400-8-19,2021-11-10
504,كاردان,صندوق س تجارت شاخصي كاردان,279,71167,14848040450,207890,211000,209870,1980,0.95,208640,750,0.36,205670,211000,1400-8-19,2021-11-10
505,ختور,رادياتور ايران‌,279,1124971,20283227130,17180,18030,18030,850,4.95,18030,850,4.95,18030,18030,1400-8-19,2021-11-10
506,غپآذر,شير پگاه آذربايجان شرقي,278,332894,10779037538,31711,31729,32660,949,2.99,32217,506,1.6,31725,32790,1400-8-19,2021-11-10
507,عيار,صندوق سكه طلاي مفيد,276,593610,18330522703,30387,30300,31002,615,2.02,30880,493,1.62,30300,31080,1400-8-19,2021-11-10
508,ساربيل,سيمان آرتا اردبيل,275,370501,9813609110,25840,26500,26510,670,2.59,26270,430,1.66,26010,26810,1400-8-19,2021-11-10
509,مبين,مبين انرژي خليج فارس,274,835086,20983427180,24650,25180,24900,250,1.01,24730,80,0.32,24810,25340,1400-8-19,2021-11-10
510,تكمبا,كمباين‌ سازي‌ ايران‌,274,3829420,18445437755,4599,4750,4828,229,4.98,4817,218,4.74,4600,4828,1400-8-19,2021-11-10
511,كي بي سي,شركت كي بي سي,274,978334,17868912808,17593,17499,18472,879,5,18265,672,3.82,17400,18472,1400-8-19,2021-11-10
512,سدشت,صنايع سيمان دشتستان,272,203582,7096468810,35870,34400,34650,-1220,-3.4,35430,-440,-1.23,34080,35600,1400-8-19,2021-11-10
513,كمينا,شيشه سازي مينا,269,1208977,11881405784,9608,9356,9896,288,3,9828,220,2.29,9356,9896,1400-8-19,2021-11-10
514,وكادو,تكادو,269,425131,7246025353,16892,16900,17150,258,1.53,16995,103,0.61,16850,17398,1400-8-19,2021-11-10
515,وپخش,داروپخش‌ (هلدينگ‌,262,524214,16399635350,30240,30240,31750,1510,4.99,30630,390,1.29,29130,31750,1400-8-19,2021-11-10
516,لوتوسح,ح . تامين سرمايه لوتوس پارسيان,260,2220031,9733693950,4320,4320,4450,130,3.01,4380,60,1.39,4200,4500,1400-8-19,2021-11-10
517,لابسا,آبسال‌,260,321011,10652839330,33770,32650,33350,-420,-1.24,33370,-400,-1.18,32650,33770,1400-8-19,2021-11-10
518,لوتوس,تامين سرمايه لوتوس پارسيان,259,2749660,15998030460,5650,5770,5800,150,2.65,5730,80,1.42,5510,5930,1400-8-19,2021-11-10
519,خكاوه,سايپا ديزل,258,7676617,30203367954,3824,3810,3938,114,2.98,3934,110,2.88,3810,3938,1400-8-19,2021-11-10
520,وارس,سرمايه گذاري ارس صبا,258,1261727,14737873844,11373,11710,11714,341,3,11681,308,2.71,11407,11714,1400-8-19,2021-11-10
521,خوساز,محورسازان‌ايران‌خودرو,257,3536981,27299875690,7370,7370,7730,360,4.88,7720,350,4.75,7370,7730,1400-8-19,2021-11-10
522,فافزا,فولاد افزا سپاهان,256,451701,20531083378,46684,46680,45284,-1400,-3,45453,-1231,-2.64,45284,47500,1400-8-19,2021-11-10
523,بمپنا,توليد برق عسلويه  مپنا,253,3923817,20520709053,5015,5100,5265,250,4.99,5230,215,4.29,4899,5265,1400-8-19,2021-11-10
524,كامياب,صندوق س. كامياب آشنا-د,250,2916347,31638994814,10841,10846,10853,12,0.11,10849,8,0.07,10844,10855,1400-8-19,2021-11-10
525,شوينده,مديريت صنعت شوينده ت.ص.بهشهر,246,655693,13522438470,20500,20500,20620,120,0.59,20600,100,0.49,20110,20970,1400-8-19,2021-11-10
526,قشرين,قند شيرين خراسان,242,2259393,19336948760,8316,8316,8565,249,2.99,8558,242,2.91,8316,8565,1400-8-19,2021-11-10
527,سكه0012پ04,تمام سكه طرح جديد0012صادرات,242,102000,124411197500,1197029,1200011,1217504,20475,1.71,1219718,22689,1.9,1200011,1223999,1400-8-19,2021-11-10
528,شدوص,دوده‌ صنعتي‌ پارس‌,241,784568,16557124370,20920,20520,21230,310,1.48,21100,180,0.86,20520,21450,1400-8-19,2021-11-10
529,فاهواز,نورد و لوله اهواز,240,2714317,16156571643,5888,5881,5989,101,1.72,5952,64,1.09,5771,5999,1400-8-19,2021-11-10
530,سمازن,سيمان‌مازندران‌,239,755954,10638764280,13980,13820,14170,190,1.36,14050,70,0.5,13820,14180,1400-8-19,2021-11-10
531,تكنار,مجتمع معادن مس تكنار,239,138027,7369926798,54975,54805,53326,-1649,-3,53717,-1258,-2.29,53326,54805,1400-8-19,2021-11-10
532,گوهر,صندوق سكه طلاي كيان,238,258735,15722400801,59828,60100,61167,1339,2.24,60766,938,1.57,60100,61198,1400-8-19,2021-11-10
533,لخزر,پارس‌ خزر,236,53688,7424278570,136240,140000,138790,2550,1.87,137180,940,0.69,134260,141660,1400-8-19,2021-11-10
534,قزوين,كارخانجات‌ قند قزوين‌,233,824755,25201849930,29150,29910,30600,1450,4.97,30560,1410,4.84,29770,30600,1400-8-19,2021-11-10
535,ولانا,شركت ليزينگ آريا دانا,232,644337,9202691965,14722,14282,14281,-441,-3,14282,-440,-2.99,14281,14446,1400-8-19,2021-11-10
536,خچرخش,چرخشگر,230,2263835,19552774900,8310,8090,8720,410,4.93,8640,330,3.97,8090,8720,1400-8-19,2021-11-10
537,زمگسا,كشاورزي‌ ودامپروي‌ مگسال‌,229,593672,10939161720,17860,17790,18750,890,4.98,18240,380,2.13,17270,18750,1400-8-19,2021-11-10
538,ورنا,سرمايه‌گذاري‌ رنا(هلدينگ‌,228,7200072,23616236160,3124,3280,3280,156,4.99,3280,156,4.99,3280,3280,1400-8-19,2021-11-10
539,كفرا,فراورده‌ هاي‌ نسوزايران‌,227,440073,8373866830,18490,18490,19160,670,3.62,18760,270,1.46,18490,19400,1400-8-19,2021-11-10
540,سپيدما,صندوق س. سپيد دماوند-د,226,8892967,100908382976,11341,11351,11347,6,0.05,11347,6,0.05,11346,11351,1400-8-19,2021-11-10
541,دالبر,البرزدارو,222,604598,7973497860,13170,12900,13250,80,0.61,13180,10,0.08,12850,13450,1400-8-19,2021-11-10
542,ولبهمن,شركت بهمن ليزينگ,222,1356423,9442405137,6801,6801,6926,125,1.84,6893,92,1.35,6800,7092,1400-8-19,2021-11-10
543,واعتبار,سرمايه گذاري اعتبار ايران,218,1128740,7611346240,6780,6900,6780,0,0,6760,-20,-0.29,6610,6990,1400-8-19,2021-11-10
544,دسبحان,سبحان دارو,218,541441,8547706830,15410,14700,16080,670,4.35,15610,200,1.3,14700,16090,1400-8-19,2021-11-10
545,دپارس,پارس‌ دارو,217,507806,17004814970,32250,31600,33860,1610,4.99,33490,1240,3.84,31600,33860,1400-8-19,2021-11-10
546,ثامان,سامان‌ گستراصفهان‌,216,645210,6596368810,10210,10140,10480,270,2.64,10220,10,0.1,10010,10690,1400-8-19,2021-11-10
547,سفار,سيمان‌فارس‌,214,50609,2849333340,57180,54900,56800,-380,-0.66,57020,-160,-0.28,54900,58000,1400-8-19,2021-11-10
548,شاملا,معدني‌ املاح‌  ايران‌,213,429238,13493077720,30470,30960,31990,1520,4.99,31290,820,2.69,29810,31990,1400-8-19,2021-11-10
549,سبجنو,سيمان‌ بجنورد,212,427111,15572414990,36730,37050,37370,640,1.74,36460,-270,-0.74,34900,37470,1400-8-19,2021-11-10
550,سپ,پرداخت الكترونيك سامان كيش,212,388618,11578860110,30170,29110,30180,10,0.03,30100,-70,-0.23,29110,30340,1400-8-19,2021-11-10
551,ركيش,كارت اعتباري ايران كيش,210,2786465,15520360050,5310,5570,5570,260,4.9,5570,260,4.9,5560,5570,1400-8-19,2021-11-10
552,ساينا,صنايع بهداشتي ساينا,209,69155,6427221273,93953,93953,92990,-963,-1.02,93509,-444,-0.47,91660,93954,1400-8-19,2021-11-10
553,تسه9907,امتياز تسهيلات مسكن مهر99,208,4690,3561392837,743702,746500,775000,31298,4.21,759359,15657,2.11,746066,775000,1400-8-19,2021-11-10
554,فاما,صنعتي‌ آما,208,1066220,19581988300,18570,18750,18220,-350,-1.88,18370,-200,-1.08,18070,18750,1400-8-19,2021-11-10
555,وسبحان,سرمايه گذاري سبحان,207,2664599,8067433473,2992,3093,3027,35,1.17,3010,18,0.6,2929,3093,1400-8-19,2021-11-10
556,بفجر,فجر انرژي خليج فارس,206,977162,12003070300,12240,12310,12210,-30,-0.25,12250,10,0.08,11630,12540,1400-8-19,2021-11-10
557,لازما,كارخانه هاي صنعتي آزمايش,206,521163,14369314396,26815,27553,27619,804,3,27572,757,2.82,27180,27619,1400-8-19,2021-11-10
558,وبهمن,سرمايه‌گذاري‌بهمن‌,205,1070168,16238807410,15230,15400,15230,0,0,15180,-50,-0.33,14850,15400,1400-8-19,2021-11-10
559,سفانو,سيمان فارس نو,205,672444,17479103030,26050,25610,26050,0,0,25990,-60,-0.23,25600,26200,1400-8-19,2021-11-10
560,تكنو,تكنوتار,204,1389453,13510379590,9750,9750,9640,-110,-1.13,9730,-20,-0.21,9510,9950,1400-8-19,2021-11-10
561,ثجوان,تامين مسكن جوانان,203,1369310,7748504020,5832,5670,5658,-174,-2.98,5687,-145,-2.49,5658,5760,1400-8-19,2021-11-10
562,خكرمان,گروه اقتصادي كرمان خودرو,202,5660078,15704052871,2695,2770,2775,80,2.97,2775,80,2.97,2703,2775,1400-8-19,2021-11-10
563,پارسيان,بيمه پارسيان,202,1092534,10446417860,9440,9460,9520,80,0.85,9510,70,0.74,9330,9820,1400-8-19,2021-11-10
564,زر,صندوق س.پشتوانه سكه طلاي زر,200,118250,6277140397,52593,52900,53380,787,1.5,53084,491,0.93,52792,53390,1400-8-19,2021-11-10
565,وبازار,صندوق س شاخصي بازارآشنا,198,598715,7739880320,12730,12700,13080,350,2.75,12930,200,1.57,12640,13100,1400-8-19,2021-11-10
566,زگلدشت,كشت و دام گلدشت نمونه اصفهان,197,1114670,10306111630,8874,9195,9317,443,4.99,9117,243,2.74,8875,9317,1400-8-19,2021-11-10
567,پسهند,صنايع‌ لاستيكي‌  سهند,197,294823,6939443060,23660,23230,24070,410,1.73,23600,-60,-0.25,23230,24120,1400-8-19,2021-11-10
568,كارين,صندوق س نگين سامان-ثابت,197,6235750,62997882917,10098,10102,10103,5,0.05,10103,5,0.05,10102,10105,1400-8-19,2021-11-10
569,لخانه,لوازم‌ خانگي‌ پارس‌,196,317541,5678927833,18325,18325,17776,-549,-3,18063,-262,-1.43,17776,18325,1400-8-19,2021-11-10
570,سيستم,همكاران سيستم,195,1942588,9941282830,4820,5100,5150,330,6.85,4990,170,3.53,5070,5300,1400-8-19,2021-11-10
571,وزمين,بانك ايران زمين,195,1265629,13982250146,10624,11047,11048,424,3.99,10959,335,3.15,10718,11048,1400-8-19,2021-11-10
572,دسبحا,گروه دارويي سبحان,194,535182,10146580480,18620,17940,19000,380,2.04,18760,140,0.75,17940,19550,1400-8-19,2021-11-10
573,وتوشه,سرمايه‌ گذاري‌ پارس‌ توشه‌,194,3181292,19539685810,5970,5760,6240,270,4.52,6140,170,2.85,5760,6260,1400-8-19,2021-11-10
574,گوهران,سرمايه گذاري توسعه گوهران اميد,194,1058765,5433286931,5062,5150,5179,117,2.31,5086,24,0.47,5065,5250,1400-8-19,2021-11-10
575,تسه9902,امتياز تسهيلات مسكن ارديبهشت99,193,2694,2040434953,743488,725000,770000,26512,3.57,757400,13912,1.87,725000,779999,1400-8-19,2021-11-10
576,پارتا,مجتمع‌صنعتي‌آرتاويل‌تاير,192,480155,11904304967,25539,24810,24773,-766,-3,25132,-407,-1.59,24773,25500,1400-8-19,2021-11-10
577,تصميم,صندوق س با درآمد ثابت تصميم,189,2139080,38339230420,17901,17921,17926,25,0.14,17923,22,0.12,17921,17926,1400-8-19,2021-11-10
578,تشتاد,صنايع توليدي اشتاد ايران‌,188,1355851,7769675398,5570,5570,5737,167,3,5691,121,2.17,5570,5737,1400-8-19,2021-11-10
579,دشيري,شيرين دارو,187,30658,4329759418,145060,148900,140709,-4351,-3,143287,-1773,-1.22,140709,148900,1400-8-19,2021-11-10
580,كپرور,فرآوري زغال سنگ پروده طبس,187,460673,14748332905,31847,31250,31847,0,0,32005,158,0.5,31250,32399,1400-8-19,2021-11-10
581,غبهار,كشت وصنعت بهاران گلبهار خراسان,186,795583,12047072089,14709,15150,15150,441,3,15142,433,2.94,14734,15150,1400-8-19,2021-11-10
582,فكمند,گسترش قطعه سازي كمند,180,2752034,85873475730,30302,31150,31211,909,3,31204,902,2.98,29800,31211,1400-8-19,2021-11-10
583,كخاك,صنايع‌خاك‌چيني‌ايران‌,179,344869,9728524260,28620,28150,28300,-320,-1.12,28380,-240,-0.84,27500,28890,1400-8-19,2021-11-10
584,قمرو,قند مرودشت‌,178,299573,7707115110,25300,24300,25940,640,2.53,25500,200,0.79,24300,26370,1400-8-19,2021-11-10
585,تسه9906,امتياز تسهيلات مسكن شهريور99,175,1965,1496466461,745042,740000,769999,24957,3.35,761561,16519,2.22,740000,781999,1400-8-19,2021-11-10
586,فردا,صندوق س آواي فرداي زاگرس-ثابت,175,908310,10700149158,11773,11780,11780,7,0.06,11780,7,0.06,11779,11782,1400-8-19,2021-11-10
587,تسه9904,امتياز تسهيلات مسكن تير99,174,2152,1631707403,745475,711399,765000,19525,2.62,758228,12753,1.71,711399,770000,1400-8-19,2021-11-10
588,حسينا,توسعه خدمات دريايي وبندري سينا,173,136760,6258602581,45033,47087,45200,167,0.37,45325,292,0.65,45200,47087,1400-8-19,2021-11-10
589,لبوتان,گروه‌صنعتي‌بوتان‌,171,195625,8603090320,43000,43000,44500,1500,3.49,43550,550,1.28,42200,44600,1400-8-19,2021-11-10
590,بساما,بيمه سامان,170,224817,4508078787,20231,19598,20181,-50,-0.25,20182,-49,-0.24,19598,20403,1400-8-19,2021-11-10
591,سهرمز,سيمان‌هرمزگان‌,169,211335,3230012780,15440,15750,15410,-30,-0.19,15410,-30,-0.19,15020,15770,1400-8-19,2021-11-10
592,حفارس,حمل و نقل بين المللي خليج فارس,168,4296568,16666387272,3695,3879,3879,184,4.98,3879,184,4.98,3879,3879,1400-8-19,2021-11-10
593,سخوز,سيمان خوزستان,166,543078,12754237260,23770,23000,23500,-270,-1.14,23520,-250,-1.05,23000,24260,1400-8-19,2021-11-10
594,فخاس,فولاد خراسان,164,270065,6600283860,24860,24880,24550,-310,-1.25,24830,-30,-0.12,24130,24880,1400-8-19,2021-11-10
595,فيروزه,صندوق شاخص30 شركت فيروزه- سهام,164,41729,7503349410,180490,181950,180400,-90,-0.05,179810,-680,-0.38,178720,181950,1400-8-19,2021-11-10
596,فلات,گروه صنايع معادن فلات ايرانيان,164,867201,11253771479,12615,12500,12993,378,3,12977,362,2.87,12500,12993,1400-8-19,2021-11-10
597,شستان,پتروشيمي گلستان,163,1102906,4152044539,3790,3850,3850,60,1.58,3770,-20,-0.53,3715,3865,1400-8-19,2021-11-10
598,شگل,گلتاش‌,162,325409,2142791320,6600,6490,6620,20,0.3,6600,0,0,6430,6680,1400-8-19,2021-11-10
599,شكبير,پتروشيمي اميركبير,162,144255,14319692094,97861,99778,98300,439,0.45,98055,194,0.2,98000,100796,1400-8-19,2021-11-10
600,فبيرا,بسته‌ بندي‌ ايران‌,162,2860996,4806243584,1683,1714,1671,-12,-0.71,1682,-1,-0.06,1666,1714,1400-8-19,2021-11-10
601,دسينا,داروسازي‌ سينا,159,484589,10495226910,21220,21760,21750,530,2.5,21490,270,1.27,21310,21800,1400-8-19,2021-11-10
602,سرود,سيمان‌شاهرود,158,283590,6674210730,23530,23990,23730,200,0.85,23530,0,0,22620,23990,1400-8-19,2021-11-10
603,دكيمي,كيميدارو,158,1128147,23261676570,20070,19300,21070,1000,4.98,20620,550,2.74,19300,21070,1400-8-19,2021-11-10
604,پلاسك,پلاسكوكار,157,2738133,13583604299,4735,4850,4971,236,4.98,4924,189,3.99,4850,4971,1400-8-19,2021-11-10
605,اتكام,بيمه اتكايي امين,156,1788314,6649700206,3697,3699,3701,4,0.11,3706,9,0.24,3697,3770,1400-8-19,2021-11-10
606,ساراب,سيمان‌ داراب‌,153,671855,11347482260,16890,17090,16910,20,0.12,16890,0,0,16730,17090,1400-8-19,2021-11-10
607,شرنگي,شيميايي رنگين,152,87336,13280224824,147631,152059,152059,4428,3,152059,4428,3,152059,152059,1400-8-19,2021-11-10
608,سيدكو,سرمايه گذاري توسعه صنايع سيمان,151,1688423,10698085990,6310,6380,6400,90,1.43,6330,20,0.32,6210,6420,1400-8-19,2021-11-10
609,سقاين,سيمان‌ قائن‌,149,100284,4800337950,48970,49000,48200,-770,-1.57,48620,-350,-0.71,47020,49000,1400-8-19,2021-11-10
610,سكه0011پ02,تمام سكه طرح جديد0011ملت,149,33900,41286536600,1199675,1208000,1222000,22325,1.86,1217892,18217,1.52,1208000,1230000,1400-8-19,2021-11-10
611,بسويچ,پارس‌سويچ‌,148,212316,3419609570,16260,15820,16090,-170,-1.05,16220,-40,-0.25,15820,16390,1400-8-19,2021-11-10
612,رتكو,كنترل‌خوردگي‌تكين‌كو,148,401162,3462707220,8650,8320,8620,-30,-0.35,8650,0,0,8320,8720,1400-8-19,2021-11-10
613,ماني,صندوق س. با درآمد ثابت ماني,147,3233031,33778690202,10442,10449,10448,6,0.06,10448,6,0.06,10447,10449,1400-8-19,2021-11-10
614,معيار ,سرمايه گذاري معيار صنعت پارس,145,216565,10732218957,49140,49200,50436,1296,2.64,49557,417,0.85,49000,50436,1400-8-19,2021-11-10
615,پرداخت,به پرداخت ملت,142,198097,2695489910,13590,13650,13680,90,0.66,13590,0,0,13400,13940,1400-8-19,2021-11-10
616,ما,بيمه  ما,142,721388,4435760210,6200,6270,6220,20,0.32,6190,-10,-0.16,6020,6270,1400-8-19,2021-11-10
617,واتي,سرمايه‌ گذاري‌ آتيه‌ دماوند,142,762990,8375482900,11020,11180,10960,-60,-0.54,11000,-20,-0.18,10750,11180,1400-8-19,2021-11-10
618,سشمال,سيمان‌ شمال‌,141,2515101,21754667770,8280,8180,8690,410,4.95,8650,370,4.47,8180,8690,1400-8-19,2021-11-10
619,تسه9905,امتياز تسهيلات مسكن مرداد99,141,2359,1812749302,750096,733101,786000,35904,4.79,768440,18344,2.45,733101,786999,1400-8-19,2021-11-10
620,آرمان,بيمه آرمان,140,1086559,6536925861,6113,5930,6047,-66,-1.08,6047,-66,-1.08,5930,6200,1400-8-19,2021-11-10
621,شصفها,پتروشيمي‌ اصفهان‌,139,75999,9335808098,122559,122611,122066,-493,-0.4,122738,179,0.15,121150,124990,1400-8-19,2021-11-10
622,داريوش,صندوق س. ثروت داريوش -س,138,768613,7564666574,9810,9850,9880,70,0.71,9842,32,0.33,9800,9903,1400-8-19,2021-11-10
623,بخاور,بيمه زندگي خاورميانه,135,1003471,4156062087,4170,4104,4189,19,0.46,4162,-8,-0.19,4056,4227,1400-8-19,2021-11-10
624,ومشان,س. فني و مهندسي مشانير,132,198673,10894432628,53239,54836,54836,1597,3,54836,1597,3,54836,54836,1400-8-19,2021-11-10
625,مارون,پتروشيمي مارون,131,31462,5678334488,182926,181010,180500,-2426,-1.33,182786,-140,-0.08,179801,183998,1400-8-19,2021-11-10
626,تماوند,تامين سرمايه دماوند,127,1273654,7617192352,6058,5901,6019,-39,-0.64,6023,-35,-0.58,5878,6086,1400-8-19,2021-11-10
627,خبازرس,بازرسي مهندسي و صنعتي ايران,126,317848,7361353514,22547,22990,23223,676,3,23007,460,2.04,22110,23223,1400-8-19,2021-11-10
628,وملت,سرمايه گذاري ملت,124,1804215,5237636145,3023,2903,2903,-120,-3.97,2903,-120,-3.97,2903,2903,1400-8-19,2021-11-10
629,آساس,صندوق س.آسمان آرماني سهام-س,124,68858,11950895073,173779,172105,176390,2611,1.5,173559,-220,-0.13,172101,176500,1400-8-19,2021-11-10
630,آتيمس,صندوق س.آرمان آتيه درخشان مس-س,122,23318,4469075876,191663,191663,193000,1337,0.7,191658,-5,0,189801,194000,1400-8-19,2021-11-10
631,تسه9903,امتياز تسهيلات مسكن خرداد99,121,1359,1042320445,752626,716422,774999,22373,2.97,766976,14350,1.91,716422,790256,1400-8-19,2021-11-10
632,تسه9812,امتياز تسهيلات مسكن اسفند98,121,2472,1894922855,745978,745020,763000,17022,2.28,766555,20577,2.76,745020,774979,1400-8-19,2021-11-10
633,زرين,صندوق س. سهام زرين كوروش-س,117,321914,4393552444,13598,13770,13771,173,1.27,13648,50,0.37,13501,13771,1400-8-19,2021-11-10
634,دمعيار,صندوق س. توازن معيار-د,116,5404038,54295598544,10091,10029,10052,-39,-0.39,10047,-44,-0.44,10029,10054,1400-8-19,2021-11-10
635,سامان,بانك سامان,116,3043907,22464033660,7166,7380,7380,214,2.99,7308,142,1.98,7380,7380,1400-8-19,2021-11-10
636,زعف0008پ05,زعفران0008نگين زرين(پ),115,43582,9401941357,219501,219997,220000,499,0.23,215730,-3771,-1.72,208978,223999,1400-8-19,2021-11-10
637,كصدف,كاشي صدف سرام استقلال آباده,115,204998,4191789662,20791,21340,20791,0,0,20639,-152,-0.73,20200,21340,1400-8-19,2021-11-10
638,ضملت1135,اختيارخ وبملت-4000-1400/11/13,115,4585,1198185000,400,250,259,-141,-35.25,261,-139,-34.75,250,300,1400-8-19,2021-11-10
639,اخزا002,اسنادخزانه-م2بودجه00-031024,114,183325,92566008684,504489,506495,505698,1209,0.24,504928,439,0.09,503501,506495,1400-8-19,2021-11-10
640,ثزاگرس,سرمايه گذاري توسعه عمران زاگرس,114,75758,2731647657,36925,35120,38490,1565,4.24,36709,-216,-0.58,35120,38490,1400-8-19,2021-11-10
641,وآتوس,س.آرين توسكا قيمت اسمي 350ريال,113,138668,3519558037,25001,24305,25751,750,3,25177,176,0.7,24252,25751,1400-8-19,2021-11-10
642,زعف0008پ08,زعفران0008نگين روستا(پ),113,29377,6331109113,218044,217999,224830,6786,3.11,215512,-2532,-1.16,208980,224830,1400-8-19,2021-11-10
643,سيلام,سيمان‌ ايلام‌,112,1980431,12694562710,6110,6410,6410,300,4.91,6320,210,3.44,6410,6410,1400-8-19,2021-11-10
644,زعف0110پ11,زعفران0110نگين سحرخيز(پ),110,68403,19171894424,280342,293993,283999,3657,1.3,280279,-63,-0.02,267000,293993,1400-8-19,2021-11-10
645,مداران,داده‌پردازي‌ايران‌,109,340344,4788586570,13850,13980,14030,180,1.3,13920,70,0.51,13850,14260,1400-8-19,2021-11-10
646,تسه9901,امتياز تسهيلات مسكن فروردين99,108,1876,1426420487,745202,707942,765000,19798,2.66,760352,15150,2.03,707942,782000,1400-8-19,2021-11-10
647,سهگمت,سيمان‌هگمتان‌,108,171284,4061466190,23090,24230,24000,910,3.94,23240,150,0.65,23270,24230,1400-8-19,2021-11-10
648,سپاس,صندوق س. پاداش سهامداري-ثابت,105,2751770,27580612519,10017,10022,10021,4,0.04,10023,6,0.06,10021,10025,1400-8-19,2021-11-10
649,ارمغان,ص سرمايه گذاري ارمغان ايرانيان,105,2181657,21851608001,10011,10019,10017,6,0.06,10016,5,0.05,10014,10020,1400-8-19,2021-11-10
650,فن آوا,گروه فن آوا,101,231194,5006726573,21081,21713,21713,632,3,21362,281,1.33,20663,21713,1400-8-19,2021-11-10
651,الماس,صندوق س.امين تدبيرگران فردا-س,100,31849,3471882971,107495,106002,110000,2505,2.33,109011,1516,1.41,105015,110000,1400-8-19,2021-11-10
652,تسه9811,امتياز تسهيلات مسكن بهمن98,99,2438,1859677504,747844,740010,774900,27056,3.62,762788,14944,2,730010,774999,1400-8-19,2021-11-10
653,ضصاد1113,اختيارخ وبصادر-2000-1400/11/06,95,4208,1512592000,382,360,361,-21,-5.5,359,-23,-6.02,310,370,1400-8-19,2021-11-10
654,كيان2,صندوق س. با درآمد ثابت كيان,93,9300000,9300000,31471,1,1,-31470,-100,1,-31470,-100,1,1,1400-8-19,2021-11-10
655,دفرا,فرآورده‌هاي‌ تزريقي‌ ايران‌,92,78101,2206433810,28010,27560,28790,780,2.78,28040,30,0.11,27560,28980,1400-8-19,2021-11-10
656,كهرام,توليدي گرانيت بهسرام,90,90844,8537305266,92197,94040,94040,1843,2,93978,1781,1.93,92863,94040,1400-8-19,2021-11-10
657,تسه9809,امتياز تسهيلات مسكن آذر98,90,1960,1488808388,746150,735011,779999,33849,4.54,759596,13446,1.8,735011,779999,1400-8-19,2021-11-10
658,فافق,صنايع مس افق كرمان,89,3029564,12030398644,3856,3971,3971,115,2.98,3971,115,2.98,3971,3971,1400-8-19,2021-11-10
659,شفن,پتروشيمي فناوران,88,1359829,18398486370,12890,13530,13530,640,4.97,12980,90,0.7,13530,13530,1400-8-19,2021-11-10
660,سمتاز,سيمان ممتازان كرمان,84,123487,1911479819,15923,15913,15460,-463,-2.91,15836,-87,-0.55,15446,15952,1400-8-19,2021-11-10
661,اخزا008,اسنادخزانه-م8بودجه00-030919,84,366021,188466974038,515031,518999,516498,1467,0.28,514908,-123,-0.02,510301,518999,1400-8-19,2021-11-10
662,اخزا910,اسنادخزانه-م10بودجه99-020807,84,176619,115482178860,653782,654108,655490,1708,0.26,653849,67,0.01,652325,655490,1400-8-19,2021-11-10
663,ضترا1135,اختيارخ شتران-6176-1400/11/10,82,1848,528494375,140,134,124,-16,-11.43,126,-14,-10,112,136,1400-8-19,2021-11-10
664,شزنگ,تجهيزنيروي‌زنگان‌,81,56774,7610554700,130146,134050,134050,3904,3,132790,2644,2.03,134050,134050,1400-8-19,2021-11-10
665,آكورد2,صندوق س. آرمان آتي كوثر-د,80,8000000,8000000,35104,1,1,-35103,-100,1,-35103,-100,1,1,1400-8-19,2021-11-10
666,دارا,صندوق س. دارا الگوريتم-د,79,1083603,10855550372,10006,10016,10016,10,0.1,10018,12,0.12,10006,10023,1400-8-19,2021-11-10
667,سكه0112پ03,تمام سكه طرح جديد0112سامان,77,11200,13671330400,1199370,1211500,1222799,23429,1.95,1220654,21284,1.77,1209001,1230000,1400-8-19,2021-11-10
668,حخزر,كشتيراني درياي خزر,77,68421,1191216235,17176,17939,17660,484,2.82,17194,18,0.1,17002,17940,1400-8-19,2021-11-10
669,وامين,س. امين توان آفرين ساز,72,185199,2357744375,12775,12776,12777,2,0.02,12773,-2,-0.02,12700,12800,1400-8-19,2021-11-10
670,اراد50,مرابحه عام دولت5-ش.خ0302,72,1800000,1800001800000,1000001,1000001,1000001,0,0,1000001,0,0,1000001,1000001,1400-8-19,2021-11-10
671,دقاضي,داروسازي شهيد قاضي,72,83784,2422921245,28743,29277,29167,424,1.48,28786,43,0.15,28200,29300,1400-8-19,2021-11-10
672,ضشنا1048,اختيارخ شپنا-5450-1400/10/19,71,493,1490114000,2824,3150,3000,176,6.23,3023,199,7.05,2707,3350,1400-8-19,2021-11-10
673,اخزا001,اسنادخزانه-م1بودجه00-030821,69,258635,135643739330,524502,526459,524787,285,0.05,524460,-42,-0.01,522888,524998,1400-8-19,2021-11-10
674,اخزا006,اسنادخزانه-م6بودجه00-030723,68,309508,164880031361,532709,533980,533700,991,0.19,532717,8,0,531111,533980,1400-8-19,2021-11-10
675,زيتون2,صندوق س زيتون نماد پايا- مختلط,67,1160000,1160000,10000,1,1,-9999,-99.99,1,-9999,-99.99,1,1,1400-8-19,2021-11-10
676,خاذين,سايپاآذين‌,67,2942721,8845819326,2863,3006,3006,143,4.99,2934,71,2.48,3006,3006,1400-8-19,2021-11-10
677,زعف0008پ11,زعفران0008نگين سحرخيز(پ),66,44361,9851842471,222106,229995,227500,5394,2.43,222083,-23,-0.01,208978,229995,1400-8-19,2021-11-10
678,ثالوند,سرمايه گذاري مسكن الوند,65,185116,1572745536,8092,8496,8496,404,4.99,8130,38,0.47,8496,8496,1400-8-19,2021-11-10
679,زعف0008پ20,زعفران0008نگين وحدت جام(پ),64,16344,3543776927,223466,218000,223975,509,0.23,216824,-6642,-2.97,208978,223975,1400-8-19,2021-11-10
680,اخزا003,اسنادخزانه-م3بودجه00-030418,62,136938,77235265106,563840,564000,565200,1360,0.24,564016,176,0.03,562113,565200,1400-8-19,2021-11-10
681,خاتم,صندوق س خاتم ايساتيس پويا-ثابت,60,1141053,14014825303,12274,12282,12282,8,0.07,12282,8,0.07,12282,12284,1400-8-19,2021-11-10
682,ضملت8043,اختيارخ وبملت-4434-1400/08/19,58,3793,3793000,5,1,1,-4,-80,1,-4,-80,1,1,1400-8-19,2021-11-10
683,صايند,صندوق س. گنجينه آينده روشن-د,57,376690,3767595760,10003,10000,10005,2,0.02,10002,-1,-0.01,9993,10009,1400-8-19,2021-11-10
684,كهربا,صندوق س.پشتوانه سكه طلا كهربا,56,245197,2570410717,10371,10479,10587,216,2.08,10483,112,1.08,10410,10599,1400-8-19,2021-11-10
685,سكه0111پ05,تمام سكه طرح جديد0111آينده,53,23400,28280059500,1202596,1200010,1220000,17404,1.45,1208549,5953,0.5,1200010,1224569,1400-8-19,2021-11-10
686,قجام,فرآوردههاي غذايي وقندتربت‌جام‌,52,442553,3087692281,6841,6977,6977,136,1.99,6916,75,1.1,6977,6977,1400-8-19,2021-11-10
687,افق ملت,صندوق س در سهام افق ملت,50,13553,1997820440,146000,147100,148500,2500,1.71,147410,1410,0.97,147000,148500,1400-8-19,2021-11-10
688,فيروزا,صندوق بادرآمد ثابت فيروزه آسيا,48,609750,15658224013,25660,25652,25680,20,0.08,25680,20,0.08,25651,25746,1400-8-19,2021-11-10
689,بذر,صندوق س بذر اميد آفرين-سهام,48,5557,567632880,102020,103510,102980,960,0.94,102150,130,0.13,100800,103510,1400-8-19,2021-11-10
690,اخزا901,اسنادخزانه-م1بودجه99-010621,48,20794,17360000066,834198,834700,835000,802,0.1,834856,658,0.08,834700,835390,1400-8-19,2021-11-10
691,صنوين,صندوق سرمايه‌گذاري صنوين-مختلط,48,16519,1653745560,100850,96900,100900,50,0.05,100110,-740,-0.73,96900,102480,1400-8-19,2021-11-10
692,شساخت,مهندسي و ساختمان صنايع نفت,46,38912,1636833280,43365,42065,42065,-1300,-3,43315,-50,-0.12,42065,42065,1400-8-19,2021-11-10
693,ضشنا1049,اختيارخ شپنا-6540-1400/10/19,46,168,266689000,1654,1700,1502,-152,-9.19,1587,-67,-4.05,1400,1800,1400-8-19,2021-11-10
694,ضملت8042,اختيارخ وبملت-3934-1400/08/19,44,1777,1777000,10,1,1,-9,-90,1,-9,-90,1,1,1400-8-19,2021-11-10
695,قيستو,شركت قند بيستون,43,846724,21284947912,24406,25138,25138,732,3,25138,732,3,25138,25138,1400-8-19,2021-11-10
696,اخزا914,اسنادخزانه-م14بودجه99-021025,43,135864,84940153175,624534,624500,626999,2465,0.39,625185,651,0.1,624500,626999,1400-8-19,2021-11-10
697,لسرما,سرما آفرين‌,43,153385,2829953250,17580,18450,18450,870,4.95,17730,150,0.85,18450,18450,1400-8-19,2021-11-10
698,اخزا917,اسنادخزانه-م17بودجه99-010226,42,208972,187027862983,894625,894000,895731,1106,0.12,894990,365,0.04,890011,895731,1400-8-19,2021-11-10
699,اخزا908,اسنادخزانه-م8بودجه99-020606,42,84550,57367825977,677994,678000,678999,1005,0.15,678508,514,0.08,678000,679000,1400-8-19,2021-11-10
700,اوصتا,صندوق انديشه ورزان صباتامين -د,41,1169947,23933342891,20447,20459,20459,12,0.06,20457,10,0.05,20456,20459,1400-8-19,2021-11-10
701,زعف0008پ18,زعفران0008نگين بهرامن(پ),39,45210,9730220438,232608,210002,230974,-1634,-0.7,215223,-17385,-7.47,208978,230974,1400-8-19,2021-11-10
702,ضفلا1165,اختيارخ فولاد-14000-1400/11/24,38,717,538864000,808,749,760,-48,-5.94,752,-56,-6.93,700,770,1400-8-19,2021-11-10
703,داريك,صندوق س.اعتماد داريك-د,36,535265,6330782496,11821,11827,11828,7,0.06,11827,6,0.05,11827,11828,1400-8-19,2021-11-10
704,گنجين,صندوق س. گنجينه يكم آويد-د,35,294863,4161671353,14106,14106,14114,8,0.06,14114,8,0.06,14106,14114,1400-8-19,2021-11-10
705,اخزا902,اسنادخزانه-م2بودجه99-011019,35,37470,29171536104,778432,778432,778700,268,0.03,778530,98,0.01,778432,778700,1400-8-19,2021-11-10
706,ضپال2007,اختيارخ اپال-32000-1401/02/12,35,681,330528000,508,569,485,-23,-4.53,485,-23,-4.53,475,569,1400-8-19,2021-11-10
707,اخزا903,اسنادخزانه-م3بودجه99-011110,34,62067,47667731591,767907,768101,768651,744,0.1,768004,97,0.01,740000,768697,1400-8-19,2021-11-10
708,فنرژي,گسترش صنايع انرژي آذرآب,33,115291,1408856020,12729,12220,12220,-509,-4,12573,-156,-1.23,12220,12220,1400-8-19,2021-11-10
709,پلوله,گازلوله‌,33,340016,9041025440,25816,26590,26590,774,3,26483,667,2.58,26590,26590,1400-8-19,2021-11-10
710,فراز,صندوق س.سهام فراز داريك-س,32,153820,2180727710,14175,14176,14184,9,0.06,14177,2,0.01,14176,14187,1400-8-19,2021-11-10
711,وآفري,بيمه كارآفرين,31,1159457,3712656384,3235,3158,3200,-35,-1.08,3225,-10,-0.31,3158,3287,1400-8-19,2021-11-10
712,ضپاس1013,اختيارخ وپارس-3000-1400/10/22,30,1366,101280000,100,70,80,-20,-20,74,-26,-26,70,80,1400-8-19,2021-11-10
713,وسخوز,شركت س استان خوزستان,30,841747,511782176,640,608,608,-32,-5,640,0,0,608,608,1400-8-19,2021-11-10
714,پلاست,كارخانجات توليدي پلاستيران,28,34562,281369242,7904,8141,8141,237,3,7910,6,0.08,8141,8141,1400-8-19,2021-11-10
715,ضصاد1112,اختيارخ وبصادر-1800-1400/11/06,27,824,376410000,428,450,495,67,15.65,457,29,6.78,412,510,1400-8-19,2021-11-10
716,اخزا005,اسنادخزانه-م5بودجه00-030626,27,71476,38306152022,538311,539000,539300,989,0.18,535930,-2381,-0.44,534006,539300,1400-8-19,2021-11-10
717,زير0103پ01,زيره سبز0103كيميابذر(پ),27,419,349823100,795143,834900,834900,39757,5,834900,39757,5,834900,834900,1400-8-19,2021-11-10
718,ثاژن,سخت آژند,27,150000,885900000,6026,5906,5906,-120,-1.99,5994,-32,-0.53,5906,5906,1400-8-19,2021-11-10
719,ساروج,بين المللي ساروج بوشهر,27,102061,1751054316,17001,16840,17172,171,1.01,17028,27,0.16,16830,17200,1400-8-19,2021-11-10
720,اخزا004,اسنادخزانه-م4بودجه00-030522,26,69163,38276811280,552396,552999,553500,1104,0.2,553429,1033,0.19,552000,553500,1400-8-19,2021-11-10
721,اخزا911,اسنادخزانه-م11بودجه99-020906,26,124978,80362278120,642099,642500,643500,1401,0.22,643011,912,0.14,642500,643500,1400-8-19,2021-11-10
722,ضجار1024,اختيارخ وتجارت-3000-1400/10/15,24,1277,52985000,50,40,40,-10,-20,41,-9,-18,40,65,1400-8-19,2021-11-10
723,ثروتم,صندوق س. ثروت آفرين پارسيان-س,24,18360,1647694610,89048,89550,90570,1522,1.71,89744,696,0.78,89005,90570,1400-8-19,2021-11-10
724,اخزا909,اسنادخزانه-م9بودجه99-020316,24,90671,64656441380,712844,712844,713300,456,0.06,713088,244,0.03,712301,713300,1400-8-19,2021-11-10
725,زعف0008پ15,زعفران0008پوشالمعمول طلاسرخ(پ),23,11900,2292689700,183489,192663,192663,9174,5,192663,9174,5,192663,192663,1400-8-19,2021-11-10
726,ضپاس1011,اختيارخ وپارس-2000-1400/10/22,22,660,363658000,439,500,580,141,32.12,551,112,25.51,500,580,1400-8-19,2021-11-10
727,اخزا814,اسنادخزانه-م14بودجه98-010318,21,2250,1996437931,883114,883502,886001,2887,0.33,887306,4192,0.47,883502,888887,1400-8-19,2021-11-10
728,اخزا811,اسنادخزانه-م11بودجه98-001013,20,12052,11664901640,967469,967521,970500,3031,0.31,967881,412,0.04,967520,970500,1400-8-19,2021-11-10
729,نگين,ص.س. زمين و ساختمان نگين شهرري,20,803,41235790,52340,51150,51330,-1010,-1.93,51350,-990,-1.89,51150,52350,1400-8-19,2021-11-10
730,اخزا905,اسنادخزانه-م5بودجه99-020218,19,69901,50635538787,725406,727500,725100,-306,-0.04,724389,-1017,-0.14,720556,727500,1400-8-19,2021-11-10
731,سنوين,سرمايه گذاري اقتصاد نوين,19,76463,524077402,7065,6854,6854,-211,-2.99,7053,-12,-0.17,6854,6854,1400-8-19,2021-11-10
732,اگ010155,گام بانك اقتصاد نوين0101,19,90000,81280440000,903116,903116,903116,0,0,903116,0,0,903116,903116,1400-8-19,2021-11-10
733,اخزا817,اسنادخزانه-م17بودجه98-010512,19,200253,171265185568,854670,850033,855500,830,0.1,855244,574,0.07,850033,855500,1400-8-19,2021-11-10
734,ضبدر1165,اختيارخ شبندر-8000-1400/11/13,18,355,147426000,481,420,440,-41,-8.52,415,-66,-13.72,335,440,1400-8-19,2021-11-10
735,برن0104پ01,برنج طارم0104تجارت مازندران(پ),18,869,381569721,437916,439000,439999,2083,0.48,439091,1175,0.27,438500,440000,1400-8-19,2021-11-10
736,زعف0110پ20,زعفران0110نگين وحدت جام(پ),18,2660,744531592,281688,285000,281000,-688,-0.24,279899,-1789,-0.64,279000,285000,1400-8-19,2021-11-10
737,ضفلا1164,اختيارخ فولاد-12000-1400/11/24,18,157,247381000,1480,1450,1576,96,6.49,1576,96,6.49,1450,1677,1400-8-19,2021-11-10
738,امين يكم2,صندوق درآمد ثابت امين يكم فردا,18,18000000,18000000,10094,1,1,-10093,-99.99,1,-10093,-99.99,1,1,1400-8-19,2021-11-10
739,ضجار1021,اختيارخ وتجارت-1800-1400/10/15,17,673,348078000,435,490,550,115,26.44,517,82,18.85,490,550,1400-8-19,2021-11-10
740,زعف0008پ16,زعفران0008نگين بيرجند(پ),17,8440,1766574548,220098,209016,210000,-10098,-4.59,209310,-10788,-4.9,208978,211500,1400-8-19,2021-11-10
741,سورين,ص.خ. سورين نهايت نگر 35%تاديه,17,17000,5950000000,350000,350000,350000,0,0,350000,0,0,350000,350000,1400-8-19,2021-11-10
742,داراب,پتروشيمي داراب,17,80000,170160000,2238,2127,2127,-111,-4.96,2236,-2,-0.09,2127,2127,1400-8-19,2021-11-10
743,اخزا007,اسنادخزانه-م7بودجه00-030912,17,61924,32070214996,516533,515201,518000,1467,0.28,517896,1363,0.26,515201,518001,1400-8-19,2021-11-10
744,عيار2,صندوق سكه طلاي مفيد,16,160000,160000,30387,1,1,-30386,-100,1,-30386,-100,1,1,1400-8-19,2021-11-10
745,اراد42,مرابحه عام دولت4-ش.خ 0106,15,154000,147545409800,979999,954000,958002,-21997,-2.24,958087,-21912,-2.24,954000,984999,1400-8-19,2021-11-10
746,گوهر2,صندوق سكه طلاي كيان,15,150000,150000,59828,1,1,-59827,-100,1,-59827,-100,1,1,1400-8-19,2021-11-10
747,زعف0008پ12,زعفران0008پوشالمعمول سحرخيز(پ),15,10781,2077099803,183489,192663,192663,9174,5,192663,9174,5,192663,192663,1400-8-19,2021-11-10
748,زعف0008پ09,زعفران0008نگين نوين(پ),15,26584,5904841909,220268,218000,230150,9882,4.49,222120,1852,0.84,208978,230150,1400-8-19,2021-11-10
749,آسام,صندوق س.آرمان سپهر آشنا-م,14,2410,296472280,123052,122900,123000,-52,-0.04,123018,-34,-0.03,122900,123199,1400-8-19,2021-11-10
750,زعف0110پ10,زعفران0110نگين طلاي سرخ(پ),14,7458,2083539263,278320,280000,283000,4680,1.68,279370,1050,0.38,274000,283000,1400-8-19,2021-11-10
751,ثبات,صندوق س. ثبات ويستا -د,14,133084,1379051401,10353,10362,10361,8,0.08,10362,9,0.09,10359,10364,1400-8-19,2021-11-10
752,زعف0110پ05,زعفران0110نگين زرين(پ),14,3270,920650050,283963,281000,285000,1037,0.37,281544,-2419,-0.85,280000,285000,1400-8-19,2021-11-10
753,اخزا816,اسنادخزانه-م16بودجه98-010503,14,209460,180030317790,858699,858664,859500,801,0.09,859497,798,0.09,858664,859500,1400-8-19,2021-11-10
754,ضملي1162,اختيارخ فملي-8000-1400/11/03,13,702,452660000,688,630,660,-28,-4.07,645,-43,-6.25,550,660,1400-8-19,2021-11-10
755,اخزا809,اسنادخزانه-م9بودجه98-000923,13,3042,2981085364,979027,979500,981000,1973,0.2,979975,948,0.1,979200,981800,1400-8-19,2021-11-10
756,زعف0110پ21,زعفران0110نگين ملل(پ),13,8977,2548150790,284257,279999,284000,-257,-0.09,283853,-404,-0.14,275003,294530,1400-8-19,2021-11-10
757,ضملت8040,اختيارخ وبملت-2934-1400/08/19,12,269,148613000,380,600,550,170,44.74,552,172,45.26,481,600,1400-8-19,2021-11-10
758,اخزا918,اسنادخزانه-م18بودجه99-010323,12,28708,25260940790,879825,878502,882000,2175,0.25,879927,102,0.01,878502,882000,1400-8-19,2021-11-10
759,اخزا907,اسنادخزانه-م7بودجه99-020704,12,105716,70600963115,668819,662001,668500,-319,-0.05,667836,-983,-0.15,662001,668500,1400-8-19,2021-11-10
760,صايپا012,صكوك مرابحه سايپا012-3ماهه 16%,12,120000,120000240000,1000002,1000002,1000002,0,0,1000002,0,0,1000002,1000002,1400-8-19,2021-11-10
761,سخند,صندوق س.سپهرخبرگان نفت-د,11,28340,284003570,10017,10020,10022,5,0.05,10021,4,0.04,10020,10039,1400-8-19,2021-11-10
762,اخزا818,اسنادخزانه-م18بودجه98-010614,11,32602,27308828832,837719,837100,837512,-207,-0.02,837643,-76,-0.01,837100,838200,1400-8-19,2021-11-10
763,اخزا815,اسنادخزانه-م15بودجه98-010406,11,2794,2438028736,872314,872106,873000,686,0.08,872594,280,0.03,872106,873200,1400-8-19,2021-11-10
764,ضبدر1163,اختيارخ شبندر-6000-1400/11/13,11,189,338356000,1787,1800,1800,13,0.73,1790,3,0.17,1700,1820,1400-8-19,2021-11-10
765,زعف0008پ19,زعفران0008نگين تروند قاينات(پ),11,19873,4311390912,233763,230974,217000,-16763,-7.17,216947,-16816,-7.19,208978,230974,1400-8-19,2021-11-10
766,كشم0101پ01,كشمش سبز0101خليل آباد(پ),11,118,76559000,635450,630450,651000,15550,2.45,648805,13355,2.1,611400,651000,1400-8-19,2021-11-10
767,حرهشا,رهشاد سپاهان (سهامي عام,10,3644,393380732,111291,107953,107953,-3338,-3,111129,-162,-0.15,107953,107953,1400-8-19,2021-11-10
768,سيناد,صندوق س.سپهرسودمند سينا-د,10,31945,320436790,10019,10030,10031,12,0.12,10031,12,0.12,10030,10031,1400-8-19,2021-11-10
769,اراد35,مرابحه عام دولت3-ش.خ 0103,10,112000,108364100500,976000,977000,966400,-9600,-0.98,967537,-8463,-0.87,966400,977100,1400-8-19,2021-11-10
770,طلا2,صندوق س.پشتوانه طلاي لوتوس,10,1000000,1000000,85558,1,1,-85557,-100,1,-85557,-100,1,1,1400-8-19,2021-11-10
771,ضپال2006,اختيارخ اپال-28000-1401/02/12,9,23,27605000,1290,1200,1200,-90,-6.98,1200,-90,-6.98,1200,1202,1400-8-19,2021-11-10
772,وسرضوي,س.سهام عدالت استان خراسان رضوي,9,190136,131383976,727,691,691,-36,-4.95,727,0,0,691,691,1400-8-19,2021-11-10
773,ضپاس1009,اختيارخ وپارس-1600-1400/10/22,8,410,359440000,850,870,999,149,17.53,877,27,3.18,850,999,1400-8-19,2021-11-10
774,تملي703,تسهيلات مسكن ب. ملي-خرداد97,8,91,54715969,578813,607753,575000,-3813,-0.66,601274,22461,3.88,575000,607753,1400-8-19,2021-11-10
775,ضملت1133,اختيارخ وبملت-3000-1400/11/13,8,208,191661000,415,890,900,485,116.87,921,506,121.93,899,999,1400-8-19,2021-11-10
776,كباده,توليد خاك نسوزاستقلال آباده,7,16690,390929870,22308,23423,23423,1115,5,22349,41,0.18,23423,23423,1400-8-19,2021-11-10
777,ضبدر8080,اختيارخ شبندر-6865-1400/08/30,7,10,23420000,50,500,500,450,900,500,450,900,500,500,1400-8-19,2021-11-10
778,اخزا813,اسنادخزانه-م13بودجه98-010219,7,306,275604652,898254,899008,900500,2246,0.25,900669,2415,0.27,899008,902500,1400-8-19,2021-11-10
779,زعف0110پ16,زعفران0110نگين بيرجند(پ),7,2350,655425000,282004,282250,278000,-4004,-1.42,278904,-3100,-1.1,278000,282250,1400-8-19,2021-11-10
780,پادا,صندوق س.پاداش سرمايه پارس-س,7,2115,238575450,112165,112890,113600,1435,1.28,112802,637,0.57,112600,113600,1400-8-19,2021-11-10
781,اطلس2,صندوق س.توسعه اندوخته آينده-س,7,70000,70000,257617,1,1,-257616,-100,1,-257616,-100,1,1,1400-8-19,2021-11-10
782,ضشنا1051,اختيارخ شپنا-8719-1400/10/19,6,460,155500000,346,250,340,-6,-1.73,338,-8,-2.31,250,340,1400-8-19,2021-11-10
783,حاريا,كشتيراني آريا,6,2938,43902534,15565,14943,14943,-622,-4,15559,-6,-0.04,14943,14943,1400-8-19,2021-11-10
784,ضپيك1032,اختيارخ تاپيكو-16000-00/10/15,6,406,288200000,770,699,750,-20,-2.6,710,-60,-7.79,699,750,1400-8-19,2021-11-10
785,اخزا812,اسنادخزانه-م12بودجه98-001111,6,10945,10454869498,951028,954999,955000,3972,0.42,955219,4191,0.44,954999,955500,1400-8-19,2021-11-10
786,ضپنا1030,اختيارخ رمپنا-11850-1400/10/08,6,36,219150000,5414,5700,6150,736,13.59,6087,673,12.43,5700,6150,1400-8-19,2021-11-10
787,اخزا906,اسنادخزانه-م6بودجه99-020321,6,3456,2454168262,712004,710001,710005,-1999,-0.28,710118,-1886,-0.26,710000,712000,1400-8-19,2021-11-10
788,ضملت8038,اختيارخ وبملت-1934-1400/08/19,6,84,125686000,1249,1471,1577,328,26.26,1496,247,19.78,1471,1577,1400-8-19,2021-11-10
789,ضصاد1115,اختيارخ وبصادر-3000-1400/11/06,6,220,8755000,1,40,40,39,3900,40,39,3900,38,40,1400-8-19,2021-11-10
790,ضصاد1111,اختيارخ وبصادر-1600-1400/11/06,6,108,65910000,560,590,620,60,10.71,610,50,8.93,590,670,1400-8-19,2021-11-10
791,ضذوب905,اختيارخ ذوب-5000-14000917,6,268,12137000,50,35,44,-6,-12,45,-5,-10,35,50,1400-8-19,2021-11-10
792,ثهام,صندوق س ثروت هامرز-سهام,6,42028,474825288,11296,11296,11336,40,0.35,11298,2,0.02,11296,11336,1400-8-19,2021-11-10
793,ضمخا1039,اختيارخ اخابر-12000-1400/10/26,6,187,9753000,38,31,80,42,110.53,52,14,36.84,21,85,1400-8-19,2021-11-10
794,ضپنا1034,اختيارخ رمپنا-19850-1400/10/08,6,130,46240000,1,243,400,399,39900,356,355,35500,243,450,1400-8-19,2021-11-10
795,ضذوب900,اختيارخ ذوب-2500-14000917,6,90,155600000,1513,1830,1700,187,12.36,1729,216,14.28,1700,1830,1400-8-19,2021-11-10
796,اراد33,مرابحه عام دولت3-ش.خ 0303,6,4600,4351499500,939000,944000,949000,10000,1.06,945978,6978,0.74,940000,954999,1400-8-19,2021-11-10
797,نتوس,پشم‌ بافي‌ توس,5,5668,70719636,12862,12477,12477,-385,-2.99,12859,-3,-0.02,12477,12477,1400-8-19,2021-11-10
798,اخزا904,اسنادخزانه-م4بودجه99-011215,5,1494,1124990018,752319,753009,753005,686,0.09,753005,686,0.09,753002,753009,1400-8-19,2021-11-10
799,زير0103پ04,زيره سبز0103شركت مينوبذر(پ),5,77,59773700,757843,760000,834900,77057,10.17,776282,18439,2.43,760000,834900,1400-8-19,2021-11-10
800,ضملت8039,اختيارخ وبملت-2434-1400/08/19,5,98,107797000,797,1099,1100,303,38.02,1100,303,38.02,1099,1100,1400-8-19,2021-11-10
801,نبروج,نساجي بروجرد,5,8642,52327310,5823,6055,6055,232,3.98,5826,3,0.05,6055,6055,1400-8-19,2021-11-10
802,ضمخا1036,اختيارخ اخابر-8000-1400/10/26,5,25,38359000,1234,1998,1590,356,28.85,1534,300,24.31,1500,1998,1400-8-19,2021-11-10
803,وسقم,شركت س استان قم,5,41264,52364016,1335,1269,1269,-66,-4.94,1335,0,0,1269,1269,1400-8-19,2021-11-10
804,ضمخا1034,اختيارخ اخابر-6000-1400/10/26,5,106,274071000,2662,2600,2500,-162,-6.09,2586,-76,-2.85,1700,2600,1400-8-19,2021-11-10
805,افران2,صندوق س افرا نماد پايدار-ثابت,5,31600000,31600000,14694,1,1,-14693,-99.99,1,-14693,-99.99,1,1,1400-8-19,2021-11-10
806,خفناور,مهندسي صنعتي روان فن آور,4,1139,46173921,41792,40539,40539,-1253,-3,41786,-6,-0.01,40539,40539,1400-8-19,2021-11-10
807,ضصاد1110,اختيارخ وبصادر-1400-1400/11/06,4,202,163500000,726,750,810,84,11.57,809,83,11.43,750,810,1400-8-19,2021-11-10
808,اراد43,مرابحه عام دولت4-ش.خ 0205,4,100000,93050000000,928800,930500,930500,1700,0.18,930500,1700,0.18,930500,930500,1400-8-19,2021-11-10
809,ضفلا1163,اختيارخ فولاد-10000-1400/11/24,4,37,108302000,3000,2771,3000,0,0,2927,-73,-2.43,2771,3000,1400-8-19,2021-11-10
810,اخزا820,اسنادخزانه-م20بودجه98-020806,4,562,368015351,654618,650116,655001,383,0.06,654832,214,0.03,650116,655001,1400-8-19,2021-11-10
811,ضذوب904,اختيارخ ذوب-4500-14000917,4,101,15145000,318,150,145,-173,-54.4,150,-168,-52.83,145,150,1400-8-19,2021-11-10
812,ضملت8044,اختيارخ وبملت-4934-1400/08/19,4,115,115000,1,1,1,0,0,1,0,0,1,1,1400-8-19,2021-11-10
813,ضمخا1035,اختيارخ اخابر-7000-1400/10/26,4,65,119740000,1780,1750,2400,620,34.83,1842,62,3.48,1725,2400,1400-8-19,2021-11-10
814,هفارس104,اختيارف ت فارس-11832-01/04/12,4,23100,23100,1,1,1,0,0,1,0,0,1,1,1400-8-19,2021-11-10
815,ضپنا1031,اختيارخ رمپنا-13850-1400/10/08,3,36,144950000,3600,3850,4300,700,19.44,4026,426,11.83,3850,4300,1400-8-19,2021-11-10
816,وسزنجان,شركت س استان زنجان,3,25000,33725000,1419,1349,1349,-70,-4.93,1419,0,0,1349,1349,1400-8-19,2021-11-10
817,ارزش2,صندوق س ارزش آفرين بيدار-سهام,3,4000000,4000000,10040,1,1,-10039,-99.99,1,-10039,-99.99,1,1,1400-8-19,2021-11-10
818,اراد864,مرابحه عام دولت86-ش.خ020404,3,50000000,46009760000000,940000,920201,920175,-19825,-2.11,920195,-19805,-2.11,920175,920201,1400-8-19,2021-11-10
819,ضفلا1162,اختيارخ فولاد-9000-1400/11/24,3,15,58500000,3200,3900,3900,700,21.88,3900,700,21.88,3900,3900,1400-8-19,2021-11-10
820,وسپه2,سرمايه‌گذاري‌ سپه‌,3,40000000,350000000000,8660,8750,8750,90,1.04,8750,90,1.04,8750,8750,1400-8-19,2021-11-10
821,ضملي1159,اختيارخ فملي-5000-1400/11/03,3,36,162000000,4300,4500,4500,200,4.65,4500,200,4.65,4500,4500,1400-8-19,2021-11-10
822,اخزا821,اسنادخزانه-م21بودجه98-020906,3,686,440734121,642211,642401,642514,303,0.05,642470,259,0.04,642400,642514,1400-8-19,2021-11-10
823,خعمرا,توسعه و عمران شهرستان نائين,3,4201,16644362,3847,3962,3962,115,2.99,3847,0,0,3962,3962,1400-8-19,2021-11-10
824,تصميم2,صندوق س با درآمد ثابت تصميم,3,3000000,3000000,17901,1,1,-17900,-99.99,1,-17900,-99.99,1,1,1400-8-19,2021-11-10
825,ضبدر8076,اختيارخ شبندر-3448-1400/08/30,3,3,45280228,3577,3208,3251,-326,-9.11,3222,-355,-9.92,3208,3251,1400-8-19,2021-11-10
826,آگاس2,صندوق س.هستي بخش آگاه-س,3,1800000,1800000,83464,1,1,-83463,-100,1,-83463,-100,1,1,1400-8-19,2021-11-10
827,وغدير2,سرمايه‌گذاري‌غدير(هلدينگ‌,3,19500000,312000000000,16030,16000,16000,-30,-0.19,16000,-30,-0.19,16000,16000,1400-8-19,2021-11-10
828,ضفار1134,اختيارخ فارس-13400-1400/11/06,3,201,199980000,1130,980,1000,-130,-11.5,995,-135,-11.95,980,1000,1400-8-19,2021-11-10
829,فولاد2,فولاد مباركه اصفهان,3,22320000,262876000000,12010,11750,11800,-210,-1.75,11778,-232,-1.93,11750,11800,1400-8-19,2021-11-10
830,اخزا810,اسنادخزانه-م10بودجه98-001006,3,3454,3357314000,971931,972500,972000,69,0.01,972007,76,0.01,972000,972500,1400-8-19,2021-11-10
831,ضجار1019,اختيارخ وتجارت-1400-1400/10/15,2,110,98240000,829,824,900,71,8.56,893,64,7.72,824,900,1400-8-19,2021-11-10
832,شتولي,تولي‌پرس‌,2,1105,22402770,20687,20274,20274,-413,-2,20685,-2,-0.01,20274,20274,1400-8-19,2021-11-10
833,گپارس,امور رفاهي كارگزاران پارس,2,809,108461821,138215,134069,134069,-4146,-3,138168,-47,-0.03,134069,134069,1400-8-19,2021-11-10
834,اراد56,مرابحه عام دولت5-ش.خ 0308,2,6000,6060000000,1000000,1000000,1020000,20000,2,1010000,10000,1,1000000,1020000,1400-8-19,2021-11-10
835,ضترا1134,اختيارخ شتران-5294-1400/11/10,2,130,206228990,499,700,699,200,40.08,700,201,40.28,699,700,1400-8-19,2021-11-10
836,اراد314,مرابحه عام دولت3-ش.خ 0208,2,3190000,2593785550000,900000,813095,813100,-86900,-9.66,813099,-86901,-9.66,813095,813100,1400-8-19,2021-11-10
837,اراد46,مرابحه عام دولت4-ش.خ 0302,2,50000,50000000000,1000000,1000000,1000000,0,0,1000000,0,0,1000000,1000000,1400-8-19,2021-11-10
838,زعف0110پ18,زعفران0110نگين بهرامن(پ),2,2101,596683899,280763,283999,284000,3237,1.15,284000,3237,1.15,283999,284000,1400-8-19,2021-11-10
839,ضملي1160,اختيارخ فملي-6000-1400/11/03,2,11,31900000,2617,2900,2900,283,10.81,2900,283,10.81,2900,2900,1400-8-19,2021-11-10
840,كمند2,صندوق س. با درآمد ثابت كمند,2,419300000,419300000,10016,1,1,-10015,-99.99,1,-10015,-99.99,1,1,1400-8-19,2021-11-10
841,وشمال,س. چشم انداز توسعه شمال,2,225,16848000,76408,74880,74880,-1528,-2,76403,-5,-0.01,74880,74880,1400-8-19,2021-11-10
842,اراد724,مرابحه عام دولت72-ش.خ0311,2,981200,909670520000,929600,927100,927100,-2500,-0.27,927100,-2500,-0.27,927100,927100,1400-8-19,2021-11-10
843,وسخراج,شركت س استان خراسان جنوبي,2,5055,10630665,2213,2103,2103,-110,-4.97,2213,0,0,2103,2103,1400-8-19,2021-11-10
844,اراد544,مرابحه عام دولت5-ش.خ 0109,2,4000000,3792944000000,990000,948252,948220,-41780,-4.22,948236,-41764,-4.22,948220,948252,1400-8-19,2021-11-10
845,طفلا1164,اختيارف فولاد-12000-1400/11/24,2,2,1100000,550,550,550,0,0,550,0,0,550,550,1400-8-19,2021-11-10
846,ثنام,س ساختماني ب نام آوران مهندسي,2,2791,30988473,11446,11103,11103,-343,-3,11445,-1,-0.01,11103,11103,1400-8-19,2021-11-10
847,ومعادن2,توسعه‌معادن‌وفلزات‌,2,10000000,107500000000,10760,10750,10750,-10,-0.09,10750,-10,-0.09,10750,10750,1400-8-19,2021-11-10
848,اراد404,مرابحه عام دولت4-ش.خ 0207,2,8500000,7953902000000,1000000,1000000,921986,-78014,-7.8,935753,-64247,-6.42,921986,1000000,1400-8-19,2021-11-10
849,تملي806,تسهيلات مسكن ب. ملي-شهريور98,2,42,35318838,806165,846473,840000,33835,4.2,840925,34760,4.31,840000,846473,1400-8-19,2021-11-10
850,ضبدر8074,اختيارخ شبندر-2595-1400/08/30,2,2,40563440,4405,4330,4330,-75,-1.7,4330,-75,-1.7,4330,4330,1400-8-19,2021-11-10
851,تاصيكو2,سرمايه گذاري صدرتامين,2,467999000,4445990500000,9430,9500,9500,70,0.74,9500,70,0.74,9500,9500,1400-8-19,2021-11-10
852,صينا205,صكوك منفعت سينا دارو-3ماهه 19%,2,224,220517940,992400,1013200,980010,-12390,-1.25,984455,-7945,-0.8,980010,1013200,1400-8-19,2021-11-10
853,طجار1022,اختيارف وتجارت-2000-1400/10/15,2,35,2400000,90,70,60,-30,-33.33,69,-21,-23.33,60,70,1400-8-19,2021-11-10
854,ضبدر8079,اختيارخ شبندر-6011-1400/08/30,1,4,24169440,1263,1290,1290,27,2.14,1290,27,2.14,1290,1290,1400-8-19,2021-11-10
855,اراد654,مرابحه عام دولتي65-ش.خ0210,1,3500000,3500000000000,985500,1000000,1000000,14500,1.47,1000000,14500,1.47,1000000,1000000,1400-8-19,2021-11-10
856,سرو2,صندوق س سروسودمند مدبران-سهام,1,10000,10000,76560,1,1,-76559,-100,1,-76559,-100,1,1,1400-8-19,2021-11-10
857,اراد36,مرابحه عام دولت3-ش.خ 0104,1,1000,966200000,966200,966200,966200,0,0,966200,0,0,966200,966200,1400-8-19,2021-11-10
858,گكيش,توريستي ورفاهي آبادگران كيش,1,170,6726730,40792,39569,39569,-1223,-3,40791,-1,0,39569,39569,1400-8-19,2021-11-10
859,ضفلا1160,اختيارخ فولاد-7000-1400/11/24,1,2,11800000,5053,5900,5900,847,16.76,5900,847,16.76,5900,5900,1400-8-19,2021-11-10
860,کم ر 2,کم باري روز 2,1,1,550,710,550,550,-160,-22.54,550,-160,-22.54,550,550,1400-8-19,2021-11-10
861,افاد74,منفعت دولت7-ش.خاص ساير0204,1,1500,1500000000,990000,1000000,1000000,10000,1.01,1000000,10000,1.01,1000000,1000000,1400-8-19,2021-11-10
862,هبساز103,اختيارف ت ثبهساز-2346-01/03/18,1,30000,10830000,265,361,361,96,36.23,361,96,36.23,361,361,1400-8-19,2021-11-10
863,اراد384,مرابحه عام دولت3-ش.خ 0105,1,1150000,1107198150000,978670,962781,962781,-15889,-1.62,962781,-15889,-1.62,962781,962781,1400-8-19,2021-11-10
864,ضمخا1038,اختيارخ اخابر-10000-1400/10/26,1,1,300000,300,300,300,0,0,300,0,0,300,300,1400-8-19,2021-11-10
865,پست0008پ04,پسته فندقي32-30سبزدانه0008(پ),1,1,1803416,1898332,1803416,1803416,-94916,-5,1803416,-94916,-5,1803416,1803416,1400-8-19,2021-11-10
866,صپاآذر,بار پايه صنعتي آذر,1,500,300000,370,600,600,230,62.16,600,230,62.16,600,600,1400-8-19,2021-11-10
867,تملي704,تسهيلات مسكن ب. ملي-تير97,1,9,5318838,622086,590982,590982,-31104,-5,590982,-31104,-5,590982,590982,1400-8-19,2021-11-10
868,سنفت009,سلف موازي استاندارد سنفت009,1,600,1001317800,1678863,1668863,1668863,-10000,-0.6,1668863,-10000,-0.6,1668863,1668863,1400-8-19,2021-11-10
869,هصيكو108,اختيارف ت تاصيكو11690-01/08/16,1,158000000,158000000,1,1,1,0,0,1,0,0,1,1,1400-8-19,2021-11-10
870,تاپيكو2,س. نفت و گاز و پتروشيمي تأمين,1,10000000,147100000000,14710,14710,14710,0,0,14710,0,0,14710,14710,1400-8-19,2021-11-10
871,فسديد,لوله‌وتجهيزات‌ سديد - ورشكسته,1,50,5233300,105723,104666,104666,-1057,-1,105722,-1,0,104666,104666,1400-8-19,2021-11-10
872,ضغدر8057,اختيارخ وغدير-9000-1400/08/26,1,1,6002000,5021,6002,6002,981,19.54,6002,981,19.54,6002,6002,1400-8-19,2021-11-10
873,بترانس4,ايران‌ ترانسفو,1,598730524,428092324660,2230,715,715,-1515,-67.94,715,-1515,-67.94,715,715,1400-8-19,2021-11-10
874,ضترا1133,اختيارخ شتران-4411-1400/11/10,1,1,2267000,1100,1000,1000,-100,-9.09,1000,-100,-9.09,1000,1000,1400-8-19,2021-11-10
875,گواهي ظرفيت,گواهي ظرفيت نقدي,1,750000,22212000000,28206,29616,29616,1410,5,28248,42,0.15,29616,29616,1400-8-19,2021-11-10
876,اگ001254,گام بانك پارسيان0012,1,43,39775000,921000,925000,925000,4000,0.43,925000,4000,0.43,925000,925000,1400-8-19,2021-11-10
877,ضپنا1035,اختيارخ رمپنا-23850-1400/10/08,1,1,300000,1120,300,300,-820,-73.21,300,-820,-73.21,300,300,1400-8-19,2021-11-10
878,ثقزوي,شركت عمران و سازندگي قزوين,1,176,5021456,29413,28531,28531,-882,-3,29413,0,0,28531,28531,1400-8-19,2021-11-10
879,تبريز3042,مشاركت ش تبريز304-3ماهه18%,1,170000,170000000000,1000000,1000000,1000000,0,0,1000000,0,0,1000000,1000000,1400-8-19,2021-11-10
880,سفارود,كارخانه فارسيت درود,1,1668,26741376,16359,16032,16032,-327,-2,16357,-2,-0.01,16032,16032,1400-8-19,2021-11-10
881,ضغدر1130,اختيارخ وغدير-10000-1400/11/20,1,10,77000000,6369,7700,7700,1331,20.9,7700,1331,20.9,7700,7700,1400-8-19,2021-11-10
882,ضشنا1046,اختيارخ شپنا-4360-1400/10/19,1,5,24000000,4067,4800,4800,733,18.02,4800,733,18.02,4800,4800,1400-8-19,2021-11-10
883,ثشاهد2,سرمايه‌ گذاري‌ شاهد,1,10000000,131800000000,12680,13180,13180,500,3.94,13180,500,3.94,13180,13180,1400-8-19,2021-11-10
884,شرق1400,مشاركت ليزينگ ايران وشرق140010,1,5,4999000,1005997,999800,999800,-6197,-0.62,999800,-6197,-0.62,999800,999800,1400-8-19,2021-11-10
885,تماوند2,تامين سرمايه دماوند,1,17236265,101297529405,6058,5877,5877,-181,-2.99,5877,-181,-2.99,5877,5877,1400-8-19,2021-11-10
886,كابگن,توليدي و صنعتي آبگينه‌,1,1000,5916000,5858,5916,5916,58,0.99,5858,0,0,5916,5916,1400-8-19,2021-11-10
887,وسصفا,شركت س استان اصفهان,1,7500,5197500,729,693,693,-36,-4.94,729,0,0,693,693,1400-8-19,2021-11-10
888,اراد87,مرابحه عام دولت87-ش.خ030304,1,1000,920000000,931969,920000,920000,-11969,-1.28,920000,-11969,-1.28,920000,920000,1400-8-19,2021-11-10
889,صمعاد4072,صكوك اجاره معادن407-3ماهه18%,1,1000000,1000000000000,995000,1000000,1000000,5000,0.5,1000000,5000,0.5,1000000,1000000,1400-8-19,2021-11-10
890,هماي2,صندوق س هماي آگاه-ثابت,1,6923000,6923000,10107,1,1,-10106,-99.99,1,-10106,-99.99,1,1,1400-8-19,2021-11-10
891,اخزا9172,اسنادخزانه-م17بودجه99-010226,1,140000,125650000000,894625,897500,897500,2875,0.32,897500,2875,0.32,897500,897500,1400-8-19,2021-11-10
892,طصاد1113,اختيارف وبصادر-2000-1400/11/06,1,5,750000,1,150,150,149,14900,150,149,14900,150,150,1400-8-19,2021-11-10
893,كايتا,ايتالران‌,1,1000,9682000,9400,9682,9682,282,3,9400,0,0,9682,9682,1400-8-19,2021-11-10
894,صخود041,ص مرابحه خودرو041- 3ماهه 18%,1,1000,1020000000,1030000,1020000,1020000,-10000,-0.97,1020000,-10000,-0.97,1020000,1020000,1400-8-19,2021-11-10
895,اراد45,مرابحه عام دولت4-ش.خ 0107,1,1000,998000000,964000,998000,998000,34000,3.53,998000,34000,3.53,998000,998000,1400-8-19,2021-11-10
896,سپر2,صندوق س سپر سرمايه بيدار- ثابت,1,15000000,15000000,13108,1,1,-13107,-99.99,1,-13107,-99.99,1,1,1400-8-19,2021-11-10
897,وبصادر4,بانك صادرات ايران,1,860000000,1093060000000,1946,1271,1271,-675,-34.69,1271,-675,-34.69,1271,1271,1400-8-19,2021-11-10
898,خاتم2,صندوق س خاتم ايساتيس پويا-ثابت,1,300000,300000,12274,1,1,-12273,-99.99,1,-12273,-99.99,1,1,1400-8-19,2021-11-10
899,افاد81,منفعت دولت8-ش.خاص مهر0205,1,1000,1000000000,1034000,1000000,1000000,-34000,-3.29,1000000,-34000,-3.29,1000000,1000000,1400-8-19,2021-11-10
900,هرمز2,فولاد هرمزگان جنوب,1,6040000,107499920000,17818,17798,17798,-20,-0.11,17798,-20,-0.11,17798,17798,1400-8-19,2021-11-10
901,مشهد0212,مشاركت ش مشهد0212-3ماهه18%,1,79,79000079,1000001,1000001,1000001,0,0,1000001,0,0,1000001,1000001,1400-8-19,2021-11-10
902,ضغدر8058,اختيارخ وغدير-10000-1400/08/26,1,1,5301000,4800,5301,5301,501,10.44,5301,501,10.44,5301,5301,1400-8-19,2021-11-10
903,هاميد104,اختيارف ت ثاميد-2050-01/04/20,1,50000,16200000,289,324,324,35,12.11,324,35,12.11,324,324,1400-8-19,2021-11-10
904,دارا4,صندوق س. دارا الگوريتم-د,1,4900000,49073500000,10006,10015,10015,9,0.09,10015,9,0.09,10015,10015,1400-8-19,2021-11-10
905,اراد38,مرابحه عام دولت3-ش.خ 0105,1,2000,2000000000,978670,1000000,1000000,21330,2.18,1000000,21330,2.18,1000000,1000000,1400-8-19,2021-11-10
906,شسم,توليد سموم‌ علف‌ كش,1,200,20512800,100553,102564,102564,2011,2,100561,8,0.01,102564,102564,1400-8-19,2021-11-10
907,تملي801,تسهيلات مسكن ب. ملي-فروردين98,1,5,2899500,570000,579900,579900,9900,1.74,579900,9900,1.74,579900,579900,1400-8-19,2021-11-10
908,ضجار1020,اختيارخ وتجارت-1600-1400/10/15,1,2,1598000,590,799,799,209,35.42,799,209,35.42,799,799,1400-8-19,2021-11-10
909,اراد424,مرابحه عام دولت4-ش.خ 0106,1,200000,190800000000,979999,954000,954000,-25999,-2.65,954000,-25999,-2.65,954000,954000,1400-8-19,2021-11-10
910,وثوق2,سرمايه گذاري وثوق امين,1,1000000,11422000000,11894,11422,11422,-472,-3.97,11422,-472,-3.97,11422,11422,1400-8-19,2021-11-10
911,ضجار1026,اختيارخ وتجارت-4000-1400/10/15,1,100,2000000,20,20,20,0,0,20,0,0,20,20,1400-8-19,2021-11-10
912,ضپاس1014,اختيارخ وپارس-3500-1400/10/22,1,100,4000000,10,40,40,30,300,40,30,300,40,40,1400-8-19,2021-11-10
913,ضپاس1010,اختيارخ وپارس-1800-1400/10/22,1,10,6750000,625,675,675,50,8,675,50,8,675,675,1400-8-19,2021-11-10
914,ساذري,آذريت‌,1,502,5045100,9758,10050,10050,292,2.99,9758,0,0,10050,10050,1400-8-19,2021-11-10
915,بميلا2,توسعه بازرگاني آهن وفولادميلاد,1,5000000,44525000000,8693,8905,8905,212,2.44,8905,212,2.44,8905,8905,1400-8-19,2021-11-10
916,داريوش2,صندوق س. ثروت داريوش -س,1,600000,600000,9810,1,1,-9809,-99.99,1,-9809,-99.99,1,1,1400-8-19,2021-11-10
