,نماد,نام,تعداد,حجم,ارزش,دیروز,اولین,آخرین معامله - مقدار,آخرین معامله - تغییر,آخرین معامله - درصد,قیمت پایانی - مقدار,قیمت پایانی - تغییر,قیمت پایانی - درصد,کمترین,بیشترین,تاریخ,gregorian_date
0,سپيد,سپيد ماكيان,2835642,130647500,2743597500000,1000,21000,21000,20000,2000,21000,20000,2000,21000,21000,1400-4-23,2021-07-14
1,لطيف,محصولات كاغذي لطيف,110138,2050381,131919463159,61276,64339,64339,3063,5,64339,3063,5,64339,64339,1400-4-23,2021-07-14
2,دي,بانك دي,67889,3217426055,3769437816815,1167,1109,1225,58,4.97,1172,5,0.43,1109,1225,1400-4-23,2021-07-14
3,ومدير,گ.مديريت ارزش سرمايه ص ب كشوري,57318,73650028,323220483832,4442,4300,4420,-22,-0.5,4389,-53,-1.19,4300,4450,1400-4-23,2021-07-14
4,فگستر,گسترش صنايع روي ايرانيان,49112,48461170,782483659934,16415,16400,15840,-575,-3.5,16147,-268,-1.63,15595,17229,1400-4-23,2021-07-14
5,ولكار,ليزينگ كارآفرين,46922,34603959,165883125059,4590,4590,4819,229,4.99,4794,204,4.44,4580,4819,1400-4-23,2021-07-14
6,فتوسا,توليد و توسعه سرب روي ايرانيان,42691,12936327,206347389326,16152,16000,15850,-302,-1.87,15951,-201,-1.24,15350,16500,1400-4-23,2021-07-14
7,گدنا,تهيه توزيع غذاي دنا آفرين فدك,41647,8531671,191053903644,23051,22280,22500,-551,-2.39,22393,-658,-2.85,21899,23040,1400-4-23,2021-07-14
8,شستا,سرمايه گذاري تامين اجتماعي,26974,120698641,1525697943690,12670,12420,12750,80,0.63,12640,-30,-0.24,12360,12840,1400-4-23,2021-07-14
9,پالايش,صندوق پالايشي يكم-سهام,22020,19785053,1379345454630,69570,69160,70330,760,1.09,69720,150,0.22,69100,70330,1400-4-23,2021-07-14
10,بركت,گروه دارويي بركت,20027,32793373,1268206459860,38790,38830,38980,190,0.49,38670,-120,-0.31,37710,39550,1400-4-23,2021-07-14
11,غكورش,صنعت غذايي كورش,19088,6123531,233293477970,37860,37480,37900,40,0.11,38100,240,0.63,37380,38750,1400-4-23,2021-07-14
12,چخزر,صنايع چوب خزر كاسپين,18701,2058774,74365385243,35835,36000,36015,180,0.5,36121,286,0.8,35100,37000,1400-4-23,2021-07-14
13,شپنا,پالايش نفت اصفهان,18151,113715688,1498168809260,13030,13030,13370,340,2.61,13170,140,1.07,12830,13400,1400-4-23,2021-07-14
14,خودرو,ايران‌ خودرو,15256,421719088,881303889646,2060,2050,2110,50,2.43,2090,30,1.46,2035,2125,1400-4-23,2021-07-14
15,كزغال,زغال سنگ پروده طبس,14772,3600399,129230583403,36364,36110,35831,-533,-1.47,35893,-471,-1.3,35500,36440,1400-4-23,2021-07-14
16,رافزا,رايان هم افزا,13589,750773,61482233685,83471,86480,81005,-2466,-2.95,81892,-1579,-1.89,80011,86480,1400-4-23,2021-07-14
17,فملي,ملي‌ صنايع‌ مس‌ ايران‌,13408,70277940,890742692630,12770,12540,12690,-80,-0.63,12670,-100,-0.78,12450,12830,1400-4-23,2021-07-14
18,خساپا,سايپا,13050,422592009,795527923843,1848,1835,1898,50,2.71,1882,34,1.84,1827,1922,1400-4-23,2021-07-14
19,خگستر,گسترش‌سرمايه‌گذاري‌ايران‌خودرو,12567,339551354,942619568555,2689,2700,2823,134,4.98,2776,87,3.24,2660,2823,1400-4-23,2021-07-14
20,زملارد,كشاورزي و دامپروري ملارد شير,12045,863552,25326028351,29376,28903,29352,-24,-0.08,29328,-48,-0.16,28889,29999,1400-4-23,2021-07-14
21,فولاد,فولاد مباركه اصفهان,12026,83900309,895027074850,10830,10510,10720,-110,-1.02,10670,-160,-1.48,10510,10770,1400-4-23,2021-07-14
22,كاما,باما,11830,74764735,864484044160,11330,11330,11890,560,4.94,11560,230,2.03,11010,11890,1400-4-23,2021-07-14
23,شتران,پالايش نفت تهران,11782,95253132,956685133500,9850,9850,10100,250,2.54,10040,190,1.93,9650,10300,1400-4-23,2021-07-14
24,نوري,پتروشيمي نوري,11777,12809597,1070389017840,80360,81800,83500,3140,3.91,83560,3200,3.98,80400,84340,1400-4-23,2021-07-14
25,وكبهمن,مديريت سرمايه گذاري كوثربهمن,11427,1945517,21615283539,11296,11058,11110,-186,-1.65,11110,-186,-1.65,11056,11199,1400-4-23,2021-07-14
26,ثبهساز,بهساز كاشانه تهران,11209,68286590,146929924679,2231,2260,2145,-86,-3.85,2152,-79,-3.54,2120,2260,1400-4-23,2021-07-14
27,دارا يكم,صندوق واسطه گري مالي يكم-سهام,10833,5886669,717442568680,122050,121520,122090,40,0.03,121880,-170,-0.14,121380,122200,1400-4-23,2021-07-14
28,غزر,صنعتي زر ماكارون,10309,2373684,55835755020,24240,23560,23440,-800,-3.3,23520,-720,-2.97,23230,24000,1400-4-23,2021-07-14
29,ثاميد,توسعه و عمران اميد,9610,44653558,77618966364,1752,1752,1718,-34,-1.94,1738,-14,-0.8,1705,1770,1400-4-23,2021-07-14
30,بوعلي,پتروشيمي بوعلي سينا,9519,2462686,121551915180,49400,48600,48900,-500,-1.01,49360,-40,-0.08,48600,50010,1400-4-23,2021-07-14
31,ولپارس,ليزينگ پارسيان,9348,5223445,21988145767,4281,4222,4200,-81,-1.89,4210,-71,-1.66,4160,4320,1400-4-23,2021-07-14
32,وخارزم,سرمايه گذاري خوارزمي,9019,88406648,511449756700,6040,5990,5830,-210,-3.48,5790,-250,-4.14,5740,5990,1400-4-23,2021-07-14
33,كرمان,س. توسعه و عمران استان كرمان,8915,274663845,374756782108,1386,1370,1363,-23,-1.66,1364,-22,-1.59,1345,1386,1400-4-23,2021-07-14
34,آبادا,توليد نيروي برق آبادان,8714,8180872,105921187180,12770,12880,13100,330,2.58,12950,180,1.41,12580,13150,1400-4-23,2021-07-14
35,خپارس,پارس‌ خودرو,8239,433622653,539065606669,1203,1198,1263,60,4.99,1243,40,3.33,1192,1263,1400-4-23,2021-07-14
36,وپارس,بانك‌پارسيان‌,8086,272802101,847578075414,3003,2958,3139,136,4.53,3107,104,3.46,2903,3153,1400-4-23,2021-07-14
37,خزر,فنرسازي‌زر,7659,20056978,425960248970,22170,21400,21160,-1010,-4.56,21240,-930,-4.19,21070,21940,1400-4-23,2021-07-14
38,بگيلان,توسعه مسير برق گيلان,7656,4277150,92492735936,20748,20700,21785,1037,5,21625,877,4.23,20111,21785,1400-4-23,2021-07-14
39,وتجارت,بانك تجارت,7295,230572941,622175178055,2692,2693,2705,13,0.48,2698,6,0.22,2656,2735,1400-4-23,2021-07-14
40,ثنوسا,نوسازي‌وساختمان‌تهران‌,7203,41848450,409075157710,9630,10090,9680,50,0.52,9780,150,1.56,9490,10090,1400-4-23,2021-07-14
41,وبملت,بانك ملت,6631,156771012,630825140121,4059,4050,4040,-19,-0.47,4024,-35,-0.86,3990,4060,1400-4-23,2021-07-14
42,بپيوند,برق و انرژي پيوندگستر پارس,6528,3164767,40933126523,12819,12801,12929,110,0.86,12934,115,0.9,12630,13090,1400-4-23,2021-07-14
43,سيتا,سرمايه گذاري سيمان تامين,6277,8291063,123027243940,15040,15020,14870,-170,-1.13,14840,-200,-1.33,14710,15020,1400-4-23,2021-07-14
44,وپويا,سرمايه گذاري پويا,6173,8077222,37237302483,4612,4610,4578,-34,-0.74,4610,-2,-0.04,4511,4710,1400-4-23,2021-07-14
45,وسپهر,سرمايه گذاري مالي سپهرصادرات,6072,9535911,88018480277,9230,9239,9231,1,0.01,9230,0,0,9230,9239,1400-4-23,2021-07-14
46,گشان,توسعه بين المللي پديده شانديز,6006,22347063,574018326326,24764,25754,25754,990,4,25687,923,3.73,24980,25754,1400-4-23,2021-07-14
47,پترول,گ.س.وت.ص.پتروشيمي خليج فارس,5857,25176139,236761061210,9520,9410,9440,-80,-0.84,9400,-120,-1.26,9300,9500,1400-4-23,2021-07-14
48,امين,تامين سرمايه امين,5634,2343360,17455923710,7610,7590,7420,-190,-2.5,7520,-90,-1.18,7380,7600,1400-4-23,2021-07-14
49,آريا,پليمر آريا ساسول,5601,2353522,212085533291,89851,89500,89890,39,0.04,90114,263,0.29,89500,90990,1400-4-23,2021-07-14
50,وبصادر,بانك صادرات ايران,5537,153727918,352867092301,2276,2210,2302,26,1.14,2295,19,0.83,2210,2328,1400-4-23,2021-07-14
51,شفارس,صنايع‌ شيميايي‌ فارس‌,5348,141581960,298097647336,2195,2121,2090,-105,-4.78,2105,-90,-4.1,2086,2188,1400-4-23,2021-07-14
52,رمپنا,گروه مپنا (سهامي عام),5330,40664648,702219629810,16530,16500,17350,820,4.96,17270,740,4.48,16250,17350,1400-4-23,2021-07-14
53,شگويا,پتروشيمي تندگويان,5280,24625536,256648205910,10359,10180,10480,121,1.17,10422,63,0.61,10110,10650,1400-4-23,2021-07-14
54,پارس,پتروشيمي پارس,5179,5212543,983762292670,182970,184340,189700,6730,3.68,188730,5760,3.15,183350,192110,1400-4-23,2021-07-14
55,اپال,فرآوري معدني اپال كاني پارس,5014,6819308,138421092100,20600,20600,20390,-210,-1.02,20300,-300,-1.46,20080,20890,1400-4-23,2021-07-14
56,وآيند,بانك  آينده,4954,65986003,872224406512,13218,13000,13260,42,0.32,13218,0,0,12921,13390,1400-4-23,2021-07-14
57,حكشتي,كشتيراني جمهوري اسلامي ايران,4755,36496613,621526968520,16340,16200,17150,810,4.96,17030,690,4.22,16060,17150,1400-4-23,2021-07-14
58,پيزد,مجتمع صنايع لاستيك يزد,4740,479683,32947673984,69193,68737,69290,97,0.14,68686,-507,-0.73,66669,69745,1400-4-23,2021-07-14
59,كمند,صندوق س. با درآمد ثابت كمند,4514,157900609,1586051011185,10038,10044,10045,7,0.07,10045,7,0.07,10044,10046,1400-4-23,2021-07-14
60,ولغدر,ليزينگ‌خودروغدير,4464,10724749,237250432250,21950,21900,21810,-140,-0.64,22120,170,0.77,20920,22700,1400-4-23,2021-07-14
61,نطرين,عطرين نخ قم,4367,21211578,217775235935,10765,10575,10240,-525,-4.88,10267,-498,-4.63,10227,10732,1400-4-23,2021-07-14
62,شصدف,صنعتي دوده فام,4248,2935846,115848992952,37740,39200,39627,1887,5,39460,1720,4.56,37816,39627,1400-4-23,2021-07-14
63,صبا,سرمايه گذاري صبا تامين,4125,28770688,240296055214,8007,8199,8407,400,5,8352,345,4.31,8131,8407,1400-4-23,2021-07-14
64,وغدير,سرمايه‌گذاري‌غدير(هلدينگ‌,4004,40908392,531936158620,13280,13020,13090,-190,-1.43,13000,-280,-2.11,12800,13200,1400-4-23,2021-07-14
65,ومعادن,توسعه‌معادن‌وفلزات‌,3869,46090550,451639769680,9750,9760,9900,150,1.54,9800,50,0.51,9630,9920,1400-4-23,2021-07-14
66,بترانس,ايران‌ ترانسفو,3807,72331654,180326305864,2452,2402,2546,94,3.83,2493,41,1.67,2402,2559,1400-4-23,2021-07-14
67,شبريز,پالايش نفت تبريز,3645,15326281,540035788730,34680,34200,36050,1370,3.95,35240,560,1.61,34200,36120,1400-4-23,2021-07-14
68,غنوش,نوش‌ مازندران‌,3606,4833132,182324172070,38210,36910,37850,-360,-0.94,37720,-490,-1.28,36600,39140,1400-4-23,2021-07-14
69,غگيلا,شيرپاستوريزه پگاه گيلان,3544,1861452,33114445941,17104,17740,17959,855,5,17790,686,4.01,17100,17959,1400-4-23,2021-07-14
70,وآذر,سرمايه‌گذاري‌توسعه‌آذربايجان‌,3461,3709980,237503600340,65970,62680,64300,-1670,-2.53,64020,-1950,-2.96,62680,66000,1400-4-23,2021-07-14
71,خزاميا,زامياد,3424,42096059,281550616900,6640,6520,6660,20,0.3,6690,50,0.75,6450,6830,1400-4-23,2021-07-14
72,سفارس,سيمان فارس و خوزستان,3398,16142830,342235043980,21730,21010,21290,-440,-2.02,21200,-530,-2.44,20650,21880,1400-4-23,2021-07-14
73,كگل,معدني و صنعتي گل گهر,3396,14622708,276477337750,19090,19300,19170,80,0.42,18910,-180,-0.94,18250,19420,1400-4-23,2021-07-14
74,وسكرمان,س.سهام عدالت استان كرمان,3389,174455745,104908386487,618,595,618,0,0,601,-17,-2.75,591,620,1400-4-23,2021-07-14
75,شفن,پتروشيمي فناوران,3382,600040,185811200170,323820,308270,308390,-15430,-4.76,309660,-14160,-4.37,307640,320000,1400-4-23,2021-07-14
76,خكار,ايركا پارت صنعت,3361,8591731,154332048190,17310,17660,18170,860,4.97,17960,650,3.76,17100,18170,1400-4-23,2021-07-14
77,هاي وب,داده گسترعصرنوين-هاي وب,3351,19340479,163382988780,8530,8400,8430,-100,-1.17,8450,-80,-0.94,8310,8590,1400-4-23,2021-07-14
78,حسير,ريل سير كوثر,3315,16657025,350272417542,20664,20900,21697,1033,5,21029,365,1.77,19900,21697,1400-4-23,2021-07-14
79,وپاسار,بانك  پاسارگاد,3292,75585167,1155794741730,15270,15270,15800,530,3.47,15290,20,0.13,15260,15800,1400-4-23,2021-07-14
80,پتاير,ايران‌ تاير,2968,60981022,192294643108,3073,3100,3136,63,2.05,3153,80,2.6,3080,3220,1400-4-23,2021-07-14
81,فروي,ذوب روي اصفهان,2941,3574049,128813973457,34720,35010,36456,1736,5,36041,1321,3.8,34920,36456,1400-4-23,2021-07-14
82,غاذر,كشت‌وصنعت‌پياذر,2887,3864898,135833006920,35740,35850,34510,-1230,-3.44,35150,-590,-1.65,34000,37290,1400-4-23,2021-07-14
83,امين يكم,صندوق درآمد ثابت امين يكم فردا,2838,60407249,610054192543,10094,10099,10099,5,0.05,10099,5,0.05,10080,10104,1400-4-23,2021-07-14
84,فارس,صنايع پتروشيمي خليج فارس,2774,23358318,247015188820,10710,10670,10490,-220,-2.05,10580,-130,-1.21,10440,10790,1400-4-23,2021-07-14
85,ديران,ايران‌دارو,2770,8496684,151103487800,17790,18100,17300,-490,-2.75,17780,-10,-0.06,16920,18500,1400-4-23,2021-07-14
86,تاپكيش,تجارت الكترونيك پارسيان كيش,2737,13265619,191716596070,14440,14680,14308,-132,-0.91,14452,12,0.08,14050,14850,1400-4-23,2021-07-14
87,ساربيل,سيمان آرتا اردبيل,2732,2343418,95961945760,40810,39480,42060,1250,3.06,40950,140,0.34,39480,42300,1400-4-23,2021-07-14
88,غالبر,لبنيات‌ كالبر,2724,7266867,117273003360,16780,17010,16160,-620,-3.69,16140,-640,-3.81,15950,17010,1400-4-23,2021-07-14
89,غگل,گلوكوزان‌,2632,25172602,84936916108,3413,3335,3350,-63,-1.85,3374,-39,-1.14,3311,3449,1400-4-23,2021-07-14
90,دلقما,دارويي‌ لقمان‌,2588,5859495,229863567770,37050,37700,39580,2530,6.83,39230,2180,5.88,37700,39580,1400-4-23,2021-07-14
91,سمگا,گروه سرمايه گذاري ميراث فرهنگي,2575,12272560,295701358184,23481,23401,24599,1118,4.76,24095,614,2.61,23000,24650,1400-4-23,2021-07-14
92,خودكفا,اقتصادي و خودكفايي آزادگان,2573,10623403,170642579809,16538,16051,16042,-496,-3,16063,-475,-2.87,16042,16442,1400-4-23,2021-07-14
93,فزرين,زرين معدن آسيا,2536,13734171,270899665696,18931,19010,19870,939,4.96,19724,793,4.19,19010,19877,1400-4-23,2021-07-14
94,ولصنم,ليزينگ‌صنعت‌ومعدن‌,2492,10406223,84972335820,8390,8450,8100,-290,-3.46,8170,-220,-2.62,8020,8450,1400-4-23,2021-07-14
95,بجهرم,توسعه مولد نيروگاهي جهرم,2486,36106010,97717955471,2699,2670,2720,21,0.78,2706,7,0.26,2620,2744,1400-4-23,2021-07-14
96,سغرب,سيمان‌غرب‌,2473,6359009,161320425890,25500,26600,25600,100,0.39,25370,-130,-0.51,24240,26600,1400-4-23,2021-07-14
97,خبهمن,گروه‌بهمن‌,2470,132893634,193860918964,1399,1438,1468,69,4.93,1459,60,4.29,1428,1468,1400-4-23,2021-07-14
98,زكوثر,سرمايه گذاري كشاورزي كوثر,2448,3416460,62065785030,18060,17580,18300,240,1.33,18170,110,0.61,17580,18550,1400-4-23,2021-07-14
99,حفارس,حمل و نقل بين المللي خليج فارس,2439,26414611,109530110461,4115,4056,4165,50,1.22,4147,32,0.78,4040,4258,1400-4-23,2021-07-14
100,دماوند,توليد نيروي برق دماوند,2438,6938642,195455115629,27742,27220,28200,458,1.65,28169,427,1.54,27220,28949,1400-4-23,2021-07-14
101,غپينو,پارس‌ مينو,2411,22837828,136705818240,5780,5780,5930,150,2.6,5990,210,3.63,5680,6060,1400-4-23,2021-07-14
102,اتكاي,بيمه اتكايي ايرانيان,2406,8526608,85177567615,10242,10100,9925,-317,-3.1,9990,-252,-2.46,9850,10199,1400-4-23,2021-07-14
103,كبافق,معادن‌ بافق‌,2402,4021732,150170832690,35650,36900,37430,1780,4.99,37340,1690,4.74,36060,37430,1400-4-23,2021-07-14
104,شپديس,پتروشيمي پرديس,2389,1645784,219028123040,136020,135910,132290,-3730,-2.74,133080,-2940,-2.16,131110,135910,1400-4-23,2021-07-14
105,غشهداب,كشت و صنعت شهداب ناب خراسان,2385,23642609,81032096084,3404,3410,3400,-4,-0.12,3427,23,0.68,3350,3514,1400-4-23,2021-07-14
106,فخوز,فولاد  خوزستان,2380,12009940,185913549610,15540,15270,15510,-30,-0.19,15480,-60,-0.39,15180,15700,1400-4-23,2021-07-14
107,ونيرو,سرمايه‌گذاري‌نيرو,2380,36695079,103209521758,2729,2700,2810,81,2.97,2813,84,3.08,2681,2865,1400-4-23,2021-07-14
108,بورس,بورس اوراق بهادار تهران,2352,8946813,344101417350,37090,37460,38940,1850,4.99,38460,1370,3.69,37450,38940,1400-4-23,2021-07-14
109,فاذر,صنايع‌ آذرآب‌,2352,70027357,103177397124,1477,1484,1470,-7,-0.47,1473,-4,-0.27,1435,1517,1400-4-23,2021-07-14
110,چكاپا,گروه صنايع كاغذ پارس,2349,27016932,108843273016,4066,4010,4030,-36,-0.89,4029,-37,-0.91,3959,4080,1400-4-23,2021-07-14
111,غفارس,شير پاستوريزه پگاه فارس,2349,5031210,103701795728,20102,20500,20350,248,1.23,20612,510,2.54,20255,21000,1400-4-23,2021-07-14
112,شسينا,صنايع‌شيميايي‌سينا,2341,1120848,81305196590,75980,73150,72920,-3060,-4.03,72540,-3440,-4.53,72190,75000,1400-4-23,2021-07-14
113,دسانكو,داروسازي سبحان انكولوژي,2339,12729880,147740123006,11322,11500,11663,341,3.01,11606,284,2.51,10902,11888,1400-4-23,2021-07-14
114,وسينا,بانك سينا,2249,84014041,265988791776,3108,3155,3194,86,2.77,3166,58,1.87,3070,3257,1400-4-23,2021-07-14
115,پاكشو,گروه صنعتي پاكشو,2239,55519839,317105061870,5540,5620,5810,270,4.87,5710,170,3.07,5550,5810,1400-4-23,2021-07-14
116,اخابر,مخابرات ايران,2233,22577724,197798214500,8730,8600,8810,80,0.92,8760,30,0.34,8480,8940,1400-4-23,2021-07-14
117,كيان,صندوق س. با درآمد ثابت كيان,2183,13456772,395524068872,29371,29392,29394,23,0.08,29392,21,0.07,29390,29399,1400-4-23,2021-07-14
118,ثشاهد,سرمايه‌ گذاري‌ شاهد,2181,6315252,90206384200,14180,14220,14340,160,1.13,14280,100,0.71,13900,14590,1400-4-23,2021-07-14
119,سفار,سيمان‌فارس‌,2167,750586,78364296300,105890,105500,102600,-3290,-3.11,104400,-1490,-1.41,102010,108800,1400-4-23,2021-07-14
120,بزاگرس,نيروگاه زاگرس كوثر,2163,27951808,147630892007,5064,5087,5317,253,5,5282,218,4.3,5010,5317,1400-4-23,2021-07-14
121,كسرام,پارس‌ سرام‌,2163,14557183,108132673610,7140,7400,7490,350,4.9,7430,290,4.06,7000,7490,1400-4-23,2021-07-14
122,حريل,ريل پردازسير,2092,24490898,98708264313,4073,4110,4064,-9,-0.22,4030,-43,-1.06,3990,4120,1400-4-23,2021-07-14
123,شلعاب,لعابيران‌,2089,7011856,73098963000,10780,10780,10420,-360,-3.34,10430,-350,-3.25,10300,10780,1400-4-23,2021-07-14
124,خصدرا,صنعتي‌ دريايي‌ ايران‌,2079,54729246,128713115735,2296,2250,2364,68,2.96,2352,56,2.44,2241,2364,1400-4-23,2021-07-14
125,حپارسا,توسعه حمل و نقل ريلي پارسيان,2060,8042311,278059857712,33076,34729,34729,1653,5,34575,1499,4.53,33577,34729,1400-4-23,2021-07-14
126,غگلستا,شير پاستوريزه پگاه گلستان,2052,12014924,267761270496,21436,22250,21600,164,0.77,22286,850,3.97,21450,22507,1400-4-23,2021-07-14
127,كيسون,شركت كيسون,2044,16190816,158024355564,9950,9950,9775,-175,-1.76,9760,-190,-1.91,9751,9950,1400-4-23,2021-07-14
128,كلر,كلر پارس,2034,1662857,177556121720,105318,104452,108499,3181,3.02,106778,1460,1.39,103590,108499,1400-4-23,2021-07-14
129,ومعلم,بيمه معلم,2013,18536740,79159371655,4120,4326,4326,206,5,4270,150,3.64,4155,4326,1400-4-23,2021-07-14
130,كوير,توليدي فولاد سپيد فراب كوير,2001,7474558,105141130680,14300,14350,14000,-300,-2.1,14070,-230,-1.61,13950,14350,1400-4-23,2021-07-14
131,خمحركه,نيرو محركه‌,1981,18705265,73410607557,3825,3800,3980,155,4.05,3925,100,2.61,3750,3989,1400-4-23,2021-07-14
132,ساوه,سيمان ساوه,1981,490072,26856069938,54645,53702,55550,905,1.66,54800,155,0.28,53100,56500,1400-4-23,2021-07-14
133,فاراك,ماشين‌ سازي‌ اراك‌,1978,36917243,71922194597,1948,1935,1962,14,0.72,1948,0,0,1917,1978,1400-4-23,2021-07-14
134,تاپيكو,س. نفت و گاز و پتروشيمي تأمين,1963,22797277,299152109300,13240,13200,13170,-70,-0.53,13120,-120,-0.91,12880,13260,1400-4-23,2021-07-14
135,ثاخت,بين‌المللي‌توسعه‌ساختمان,1937,35597529,83302841017,2323,2260,2371,48,2.07,2340,17,0.73,2260,2388,1400-4-23,2021-07-14
136,اعتماد,صندوق س.اعتماد آفرين پارسيان-د,1910,34834400,1307306747660,37493,37529,37529,36,0.1,37529,36,0.1,37528,37535,1400-4-23,2021-07-14
137,دتوزيع,توزيع دارو پخش,1903,3929681,118673441473,29109,29890,30564,1455,5,30199,1090,3.74,29100,30564,1400-4-23,2021-07-14
138,ودي,بيمه  دي,1890,30872633,227636697627,6404,7250,7450,1046,16.33,7373,969,15.13,7250,7612,1400-4-23,2021-07-14
139,قشكر,شكرشاهرود,1881,22978726,70491692849,3151,3144,3051,-100,-3.17,3068,-83,-2.63,3020,3149,1400-4-23,2021-07-14
140,وليز,ليزينگ‌ايران‌,1880,13266891,94614277970,7100,6770,7100,0,0,7130,30,0.42,6770,7390,1400-4-23,2021-07-14
141,دبالك,مواد اوليه دارويي البرز بالك,1876,6647147,114855622345,17126,17370,17400,274,1.6,17279,153,0.89,16900,17870,1400-4-23,2021-07-14
142,ونوين,بانك‌اقتصادنوين‌,1875,40282951,188867226439,4707,4613,4700,-7,-0.15,4689,-18,-0.38,4613,4725,1400-4-23,2021-07-14
143,حتوكا,حمل‌ونقل‌توكا,1868,4824830,93093864940,19170,19460,19290,120,0.63,19290,120,0.63,18580,19690,1400-4-23,2021-07-14
144,بكهنوج,توليد برق ماهتاب كهنوج,1862,63599385,115568008008,1744,1710,1831,87,4.99,1817,73,4.19,1701,1831,1400-4-23,2021-07-14
145,خرينگ,رينگ‌سازي‌مشهد,1861,2812102,99187315140,36470,35250,34990,-1480,-4.06,35270,-1200,-3.29,34760,36800,1400-4-23,2021-07-14
146,فبيرا,بسته‌ بندي‌ ايران‌,1858,32404792,83432542130,2646,2567,2567,-79,-2.99,2575,-71,-2.68,2567,2646,1400-4-23,2021-07-14
147,سيلام,سيمان‌ ايلام‌,1831,9477310,82864946960,8440,8300,8860,420,4.98,8740,300,3.55,8260,8860,1400-4-23,2021-07-14
148,ثعمرا,عمران و توسعه شاهد,1826,5902591,61632755509,10303,10220,10340,37,0.36,10442,139,1.35,10220,10650,1400-4-23,2021-07-14
149,وتوصا,گروه س توسعه صنعتي ايران,1824,8878385,86236942870,9690,9450,9620,-70,-0.72,9710,20,0.21,9450,9990,1400-4-23,2021-07-14
150,قنيشا,قند  نيشابور,1797,1843496,120434918290,66130,67040,64200,-1930,-2.92,65330,-800,-1.21,63000,67040,1400-4-23,2021-07-14
151,فجر,فولاد اميركبيركاشان,1785,2584383,96641685890,36720,35990,37640,920,2.51,37390,670,1.82,35750,38390,1400-4-23,2021-07-14
152,شجم,صنايع پتروشيمي تخت جمشيد,1765,34080643,391743899550,11004,11554,11554,550,5,11495,491,4.46,11200,11554,1400-4-23,2021-07-14
153,خموتور,موتورسازان‌تراكتورسازي‌ايران‌,1764,9915811,101364302600,9910,9900,10400,490,4.94,10220,310,3.13,9550,10400,1400-4-23,2021-07-14
154,وسلرستا,شركت س استان لرستان,1759,87227973,51575020875,603,592,590,-13,-2.16,591,-12,-1.99,581,601,1400-4-23,2021-07-14
155,ثپرديس,سرمايه گذاري مسكن پرديس,1759,9235224,56518565980,6088,5980,6225,137,2.25,6120,32,0.53,5850,6294,1400-4-23,2021-07-14
156,غويتا,ويتانا,1759,6182429,65086420205,10653,10653,10350,-303,-2.84,10528,-125,-1.17,10200,10980,1400-4-23,2021-07-14
157,ختور,رادياتور ايران‌,1738,10854692,199144813500,17540,18000,18410,870,4.96,18350,810,4.62,17610,18410,1400-4-23,2021-07-14
158,فاسمين,كالسيمين‌,1704,8038277,122646863400,15600,15580,15350,-250,-1.6,15260,-340,-2.18,15100,15580,1400-4-23,2021-07-14
159,وساپا,سرمايه‌گذاري‌ سايپا,1703,15542862,80096439230,5130,5030,5150,20,0.39,5150,20,0.39,5030,5250,1400-4-23,2021-07-14
160,تملت,تامين سرمايه بانك ملت,1677,5018846,25089454675,5079,5100,5039,-40,-0.79,4999,-80,-1.58,4915,5100,1400-4-23,2021-07-14
161,غپاك,لبنيات‌ پاك‌,1672,4362634,81047636270,19010,18990,18740,-270,-1.42,18580,-430,-2.26,18220,18990,1400-4-23,2021-07-14
162,قرنح,ح . پديده شيمي قرن,1664,3972923,97511794720,24240,24600,24560,320,1.32,24540,300,1.24,24160,24900,1400-4-23,2021-07-14
163,ختوقا,قطعات‌ اتومبيل‌ ايران‌,1647,26426578,60840979048,2278,2260,2326,48,2.11,2302,24,1.05,2225,2356,1400-4-23,2021-07-14
164,غشان,شيرپاستوريزه‌پگاه‌خراسان‌,1639,40656736,248311599110,5820,6110,6110,290,4.98,6110,290,4.98,6000,6110,1400-4-23,2021-07-14
165,خكمك,كمك‌فنرايندامين‌,1632,3765033,65247759800,18000,17550,17250,-750,-4.17,17330,-670,-3.72,17100,17990,1400-4-23,2021-07-14
166,فايرا,آلومينيوم‌ايران‌,1631,10100366,166561692260,15800,15990,16590,790,5,16490,690,4.37,15600,16590,1400-4-23,2021-07-14
167,ميدكو,توسعه معادن وص.معدني خاورميانه,1627,6984740,305415583920,42170,43650,43900,1730,4.1,43730,1560,3.7,43650,43900,1400-4-23,2021-07-14
168,دانا,بيمه دانا,1617,13418573,77379293450,5750,5700,5770,20,0.35,5770,20,0.35,5530,5910,1400-4-23,2021-07-14
169,غبهار,كشت وصنعت بهاران گلبهار خراسان,1614,2606031,49908288865,18834,19280,18780,-54,-0.29,19151,317,1.68,18700,19389,1400-4-23,2021-07-14
170,دجابر,داروسازي‌ جابرابن‌حيان‌,1607,5119668,68356927160,13460,13390,13310,-150,-1.11,13350,-110,-0.82,13000,13700,1400-4-23,2021-07-14
171,لپارس,پارس‌ الكتريك‌,1600,885424,65061891780,75290,75290,72890,-2400,-3.19,73480,-1810,-2.4,72500,75290,1400-4-23,2021-07-14
172,وآوا,سرمايه گذاري آوا نوين,1594,9656337,54667223777,5658,5658,5627,-31,-0.55,5661,3,0.05,5561,5750,1400-4-23,2021-07-14
173,آ س پ,آ.س.پ,1589,7602609,74384799479,9408,9100,9878,470,5,9784,376,4,9100,9878,1400-4-23,2021-07-14
174,آسيا,بيمه آسيا,1578,36359179,66244733966,1826,1810,1845,19,1.04,1822,-4,-0.22,1755,1866,1400-4-23,2021-07-14
175,كلوند,كاشي‌ الوند,1571,3719226,82495438700,21520,21800,22030,510,2.37,22180,660,3.07,21130,22590,1400-4-23,2021-07-14
176,تليسه,دامداري تليسه نمونه,1571,13433118,45211616268,3320,3280,3367,47,1.42,3366,46,1.39,3270,3430,1400-4-23,2021-07-14
177,چفيبر,فيبر ايران‌,1560,8766533,68619409290,7950,7710,7840,-110,-1.38,7830,-120,-1.51,7600,8050,1400-4-23,2021-07-14
178,غديس,پاكديس,1539,7982899,111827464497,14069,14400,13750,-319,-2.27,14008,-61,-0.43,13660,14410,1400-4-23,2021-07-14
179,شتوكا,توكا رنگ فولاد سپاهان,1534,2248761,68312948229,30510,30054,30141,-369,-1.21,30378,-132,-0.43,29810,31290,1400-4-23,2021-07-14
180,وملي,گروه‌ صنعتي‌ ملي‌ (هلدينگ‌,1529,428116,73059152840,165670,166900,172030,6360,3.84,170650,4980,3.01,166230,173000,1400-4-23,2021-07-14
181,زاگرس,پتروشيمي زاگرس,1528,418935,85956885593,209069,202000,205301,-3768,-1.8,205527,-3542,-1.69,201720,210000,1400-4-23,2021-07-14
182,همراه,شركت ارتباطات سيار ايران,1522,4045102,83736586400,20650,20370,20690,40,0.19,20690,40,0.19,20370,20900,1400-4-23,2021-07-14
183,قرن,پديده شيمي قرن,1517,3468508,113666275050,32690,33090,32870,180,0.55,32770,80,0.24,32340,33090,1400-4-23,2021-07-14
184,سرو,صندوق س سروسودمند مدبران-سهام,1515,1938897,135984729060,70320,69990,70500,180,0.26,70140,-180,-0.26,69550,70610,1400-4-23,2021-07-14
185,شفا,سرمايه گذاري شفادارو,1513,2665071,115899474850,41890,41890,43700,1810,4.32,43490,1600,3.82,41010,43980,1400-4-23,2021-07-14
186,نمرينو,ايران‌ مرينوس‌,1500,2031765,191529179690,96430,91990,91610,-4820,-5,94270,-2160,-2.24,91610,98200,1400-4-23,2021-07-14
187,غسالم,سالمين‌,1492,13093841,43993149192,3359,3350,3350,-9,-0.27,3360,1,0.03,3308,3430,1400-4-23,2021-07-14
188,دامين,داروسازي‌ امين‌,1452,14817719,58823198524,4097,4159,3900,-197,-4.81,3970,-127,-3.1,3893,4159,1400-4-23,2021-07-14
189,ولساپا,ليزينگ رايان‌ سايپا,1450,19898598,57189099750,2890,2850,2900,10,0.35,2874,-16,-0.55,2822,2940,1400-4-23,2021-07-14
190,كچاد,معدني‌وصنعتي‌چادرملو,1447,3468953,88328983320,25350,25550,25440,90,0.36,25430,80,0.32,25200,25850,1400-4-23,2021-07-14
191,البرز,بيمه البرز,1440,19617364,90604539704,4552,4460,4625,73,1.6,4619,67,1.47,4387,4769,1400-4-23,2021-07-14
192,وايران,ليزينگ ايرانيان,1439,8707830,65118882710,7590,7420,7480,-110,-1.45,7480,-110,-1.45,7250,7800,1400-4-23,2021-07-14
193,چدن,توليدي چدن سازان,1421,18366829,82803567541,4466,4410,4483,17,0.38,4508,42,0.94,4410,4580,1400-4-23,2021-07-14
194,شغدير,پتروشيمي غدير,1414,2149757,145965736200,69370,69000,68070,-1300,-1.87,67900,-1470,-2.12,66000,69100,1400-4-23,2021-07-14
195,تسه0003,امتيازتسهيلات مسكن خرداد1400,1398,36572,22002504973,601443,605000,601000,-443,-0.07,601622,179,0.03,595022,605000,1400-4-23,2021-07-14
196,وسهرمز,شركت س استان هرمزگان,1392,62591360,37152825035,615,591,596,-19,-3.09,594,-21,-3.41,586,606,1400-4-23,2021-07-14
197,معيار ,سرمايه گذاري معيار صنعت پارس,1386,2209619,94678268949,43017,42897,42570,-447,-1.04,42848,-169,-0.39,41727,44299,1400-4-23,2021-07-14
198,ثرود,سرمايه‌گذاري مسكن زاينده رود,1378,9091405,180163725056,20824,19783,19783,-1041,-5,19817,-1007,-4.84,19783,20190,1400-4-23,2021-07-14
199,كسرا,سراميك‌هاي‌صنعتي‌اردكان‌,1374,8995953,145817928790,15510,15510,16280,770,4.96,16210,700,4.51,15510,16280,1400-4-23,2021-07-14
200,وتوكا,سرمايه‌گذاري‌توكافولاد(هلدينگ,1374,11603961,111337364220,9810,9440,9700,-110,-1.12,9590,-220,-2.24,9350,9870,1400-4-23,2021-07-14
201,وجامي,سرمايه گذاري جامي,1372,5443533,71140259186,13130,13499,12957,-173,-1.32,13069,-61,-0.46,12790,13499,1400-4-23,2021-07-14
202,كسعدي,كاشي‌ سعدي‌,1358,4133483,49031427460,12310,12300,11850,-460,-3.74,11860,-450,-3.66,11700,12310,1400-4-23,2021-07-14
203,بنيرو,نيروترانس‌,1355,18882292,48378710001,2649,2532,2598,-51,-1.93,2562,-87,-3.28,2517,2628,1400-4-23,2021-07-14
204,فولاژ,فولاد آلياژي ايران,1351,4324478,76422512280,18050,17800,17600,-450,-2.49,17710,-340,-1.88,17410,18100,1400-4-23,2021-07-14
205,تمحركه,ماشين سازي نيرو محركه,1350,5056233,72527761757,15000,14250,14280,-720,-4.8,14344,-656,-4.37,14250,15000,1400-4-23,2021-07-14
206,ثغرب,شركت سرمايه گذاري مسكن شمالغرب,1348,7315663,50663032136,6912,6850,6983,71,1.03,6925,13,0.19,6772,7080,1400-4-23,2021-07-14
207,ثفارس,عمران‌وتوسعه‌فارس‌,1348,11162615,82439874090,7090,7050,7440,350,4.94,7390,300,4.23,7050,7440,1400-4-23,2021-07-14
208,حفاري,حفاري شمال,1338,7373099,49766536770,6720,6620,6770,50,0.74,6750,30,0.45,6590,6880,1400-4-23,2021-07-14
209,غپآذر,شير پگاه آذربايجان شرقي,1336,1962116,82669162641,40811,40030,42851,2040,5,42133,1322,3.24,39699,42851,1400-4-23,2021-07-14
210,تبرك,گروه كارخانجات صنعتي تبرك,1333,3582019,49583656047,14060,14010,13840,-220,-1.56,13842,-218,-1.55,13700,14190,1400-4-23,2021-07-14
211,ولانا,شركت ليزينگ آريا دانا,1328,1894985,45605517781,24341,25059,23640,-701,-2.88,24066,-275,-1.13,23611,25059,1400-4-23,2021-07-14
212,پدرخش,درخشان‌ تهران‌,1324,2138081,59063975480,27750,28120,27000,-750,-2.7,27620,-130,-0.47,26800,28780,1400-4-23,2021-07-14
213,كساپا,سايپاشيشه‌,1312,2049444,47899818720,23680,23970,23120,-560,-2.36,23370,-310,-1.31,22620,24450,1400-4-23,2021-07-14
214,گكوثر,هتل پارسيان كوثر اصفهان,1308,26072988,63479709830,2468,2522,2387,-81,-3.28,2435,-33,-1.34,2380,2535,1400-4-23,2021-07-14
215,سبهان,سيمان‌ بهبهان‌,1303,779084,51348388480,65120,66800,66960,1840,2.83,65910,790,1.21,64200,67750,1400-4-23,2021-07-14
216,والبر,سرمايه‌ گذاري‌ البرز(هلدينگ‌,1297,6832129,65612716810,9680,9730,9590,-90,-0.93,9600,-80,-0.83,9420,9790,1400-4-23,2021-07-14
217,شيران,س. صنايع‌شيميايي‌ايران,1288,3302279,79467839700,24700,24150,24080,-620,-2.51,24160,-540,-2.19,23900,24350,1400-4-23,2021-07-14
218,خمهر,مهركام‌پارس‌,1288,42463140,89648633209,2025,2049,2126,101,4.99,2111,86,4.25,2020,2126,1400-4-23,2021-07-14
219,ساروم,سيمان‌اروميه‌,1280,3287152,110706626440,32470,32520,34060,1590,4.9,33680,1210,3.73,32520,34090,1400-4-23,2021-07-14
220,دتوليد,داروسازي توليد دارو,1279,3234075,47975787502,14970,14510,14849,-121,-0.81,14834,-136,-0.91,14510,15189,1400-4-23,2021-07-14
221,كفپارس,فرآورده‌هاي‌ نسوز پارس‌,1258,7701553,26007581273,3324,3250,3399,75,2.26,3377,53,1.59,3221,3418,1400-4-23,2021-07-14
222,سهرمز,سيمان‌هرمزگان‌,1245,2970525,60294057410,21210,21880,20150,-1060,-5,20300,-910,-4.29,20150,21880,1400-4-23,2021-07-14
223,وهور,مديريت انرژي اميد  تابان هور,1243,28656299,51294524320,1797,1809,1780,-17,-0.95,1790,-7,-0.39,1753,1839,1400-4-23,2021-07-14
224,فنرژي,گسترش صنايع انرژي آذرآب,1235,5674935,77011070869,14001,13441,13619,-382,-2.73,13570,-431,-3.08,13441,14010,1400-4-23,2021-07-14
225,غچين,كشت‌ و صنعت‌ چين‌ چين,1232,3370100,53545029820,15500,15010,16270,770,4.97,15890,390,2.52,15010,16270,1400-4-23,2021-07-14
226,آگاس,صندوق س.هستي بخش آگاه-س,1220,977605,71524055627,73170,72750,73431,261,0.36,73163,-7,-0.01,72203,73664,1400-4-23,2021-07-14
227,تاصيكو,سرمايه گذاري صدرتامين,1216,8557492,90006746480,10480,10280,10510,30,0.29,10510,30,0.29,10280,10670,1400-4-23,2021-07-14
228,آريان,سرمايه گذاري پارس آريان,1189,14111154,203559206982,14809,14450,14375,-434,-2.93,14425,-384,-2.59,14365,14900,1400-4-23,2021-07-14
229,ديرانح,ح . ‌ايران‌دارو,1187,4032284,50273396530,12740,12720,12220,-520,-4.08,12470,-270,-2.12,12000,12900,1400-4-23,2021-07-14
230,شلرد,كود شيميايي اوره لردگان,1185,15195482,111819046492,7164,7280,7378,214,2.99,7359,195,2.72,7171,7378,1400-4-23,2021-07-14
231,غبهنوش,بهنوش‌ ايران‌,1182,748090,47456051670,63110,62000,63010,-100,-0.16,63440,330,0.52,62000,65300,1400-4-23,2021-07-14
232,سشرق,سيمان‌ شرق‌,1181,12771719,93238890500,7160,7240,7440,280,3.91,7300,140,1.96,7070,7510,1400-4-23,2021-07-14
233,كاذر,فرآورده‌هاي‌نسوزآذر,1174,4008486,60489681260,15260,15490,14810,-450,-2.95,15090,-170,-1.11,14760,15640,1400-4-23,2021-07-14
234,فولاي,صنايع فولاد آلياژي يزد,1173,1959554,79975316304,40698,41100,40696,-2,0,40813,115,0.28,40000,41590,1400-4-23,2021-07-14
235,دزهراوي,داروسازي‌زهراوي‌,1172,5249110,35850734720,6820,6930,6770,-50,-0.73,6830,10,0.15,6640,6980,1400-4-23,2021-07-14
236,جم,پتروشيمي جم,1172,2925123,116414320470,40080,38850,39960,-120,-0.3,39800,-280,-0.7,38130,41490,1400-4-23,2021-07-14
237,بكام,كارخانجات توليدي شهيد قندي,1167,23723778,68511017391,2767,2808,2905,138,4.99,2888,121,4.37,2751,2905,1400-4-23,2021-07-14
238,كمنگنز,معادن‌منگنزايران‌,1159,684628,48906494560,69980,71450,71000,1020,1.46,71440,1460,2.09,70110,73190,1400-4-23,2021-07-14
239,ضخود7075,اختيارخ خودرو-2000-1400/07/07,1155,40790,14271806000,341,335,355,14,4.11,350,9,2.64,335,361,1400-4-23,2021-07-14
240,غصينو,صنعتي مينو,1149,976020,54037022689,57597,56447,55319,-2278,-3.96,56312,-1285,-2.23,54794,57590,1400-4-23,2021-07-14
241,ستران,سيمان‌ تهران‌,1147,2669040,65940899240,24890,24500,25300,410,1.65,24710,-180,-0.72,23860,25410,1400-4-23,2021-07-14
242,دلر,داروسازي‌ اكسير,1143,3942426,139454981500,33920,35610,35100,1180,3.48,35370,1450,4.27,34050,35610,1400-4-23,2021-07-14
243,والبرح,ح . سرمايه گذاري‌البرز(هلدينگ‌,1140,4698969,38532611377,8420,8598,8060,-360,-4.28,8200,-220,-2.61,8020,8598,1400-4-23,2021-07-14
244,فرآور,فرآوري‌موادمعدني‌ايران‌,1130,2215532,66917034850,31040,30100,30000,-1040,-3.35,30200,-840,-2.71,29520,31180,1400-4-23,2021-07-14
245,ونيكي,سرمايه‌گذاري‌ ملي‌ايران‌,1118,8745394,86576198800,9690,9520,9950,260,2.68,9900,210,2.17,9500,10080,1400-4-23,2021-07-14
246,فلامي,لاميران‌,1116,1364212,36349591130,26920,27500,26320,-600,-2.23,26650,-270,-1,26220,27500,1400-4-23,2021-07-14
247,مارون,پتروشيمي مارون,1111,349277,60528268952,176113,174000,173500,-2613,-1.48,174640,-1473,-0.84,169500,176100,1400-4-23,2021-07-14
248,شپترو,پتروشيمي آبادان,1108,15844328,75508135161,4737,4662,4801,64,1.35,4766,29,0.61,4611,4850,1400-4-23,2021-07-14
249,سبزوا,سيمان لار سبزوار,1098,10180854,31909119619,3118,3200,3155,37,1.19,3134,16,0.51,3080,3200,1400-4-23,2021-07-14
250,فوكا,فولاد كاويان,1097,6260500,94049314406,14593,15030,15030,437,2.99,15023,430,2.95,14718,15030,1400-4-23,2021-07-14
251,وصنعت,سرمايه گذاري توسعه صنعت وتجارت,1089,7390082,41413598840,5550,5500,5640,90,1.62,5600,50,0.9,5420,5690,1400-4-23,2021-07-14
252,زقيام,كشت و دام قيام اصفهان,1088,1941381,44527347895,22944,23200,23301,357,1.56,22936,-8,-0.03,22520,23450,1400-4-23,2021-07-14
253,كنور,توسعه معدني و صنعتي صبانور,1088,999853,59391603410,58660,61340,59370,710,1.21,59290,630,1.07,58710,61340,1400-4-23,2021-07-14
254,غمينو,شركت صنايع غذايي مينو شرق,1087,4262186,35999472128,8204,8399,8537,333,4.06,8446,242,2.95,8161,8540,1400-4-23,2021-07-14
255,دكوثر,داروسازي‌ كوثر,1083,6530100,36544996020,5630,5730,5520,-110,-1.95,5600,-30,-0.53,5450,5850,1400-4-23,2021-07-14
256,دفارا,داروسازي‌ فارابي‌,1081,1323867,53918276170,40960,41490,40480,-480,-1.17,40730,-230,-0.56,39700,41930,1400-4-23,2021-07-14
257,ميهن,بيمه ميهن,1077,11027644,47818392839,4553,4480,4326,-227,-4.99,4336,-217,-4.77,4326,4480,1400-4-23,2021-07-14
258,تكشا,گسترش‌صنايع‌وخدمات‌كشاورزي‌,1075,1597952,48463044260,31740,31000,30200,-1540,-4.85,30330,-1410,-4.44,30160,31170,1400-4-23,2021-07-14
259,شاراك,پتروشيمي شازند,1074,2026371,58659353610,29140,29000,29490,350,1.2,29020,-120,-0.41,28400,29790,1400-4-23,2021-07-14
260,داسوه,داروسازي‌ اسوه‌,1068,1780983,55285639860,29870,29870,31360,1490,4.99,31040,1170,3.92,29870,31360,1400-4-23,2021-07-14
261,سخاش,سيمان‌خاش‌,1065,509495,54937465780,103890,103600,109080,5190,5,107830,3940,3.79,103600,109080,1400-4-23,2021-07-14
262,شبهرن,نفت‌ بهران‌,1058,4288770,54582257900,12310,12300,12900,590,4.79,12680,370,3.01,12300,12920,1400-4-23,2021-07-14
263,كروي,توسعه‌ معادن‌ روي‌ ايران‌,1048,3407216,79716271110,23880,23200,23910,30,0.13,23400,-480,-2.01,23000,23970,1400-4-23,2021-07-14
264,اوان,مبين وان كيش,1046,1394932,53999935661,39777,38330,39195,-582,-1.46,38712,-1065,-2.68,37957,40000,1400-4-23,2021-07-14
265,رتاپ,تجارت الكترونيك  پارسيان,1040,5889629,35602086020,5940,6020,6070,130,2.19,6040,100,1.68,5880,6190,1400-4-23,2021-07-14
266,زدشت,كشت و صنعت دشت خرم دره,1029,1815407,37583909898,20256,20000,20865,609,3.01,20703,447,2.21,20000,20989,1400-4-23,2021-07-14
267,پارسان,گسترش نفت و گاز پارسيان,1012,5064527,125589561570,25040,24780,24960,-80,-0.32,24800,-240,-0.96,24480,25030,1400-4-23,2021-07-14
268,ركيش,كارت اعتباري ايران كيش,1011,8276389,70650223800,8160,8450,8560,400,4.9,8540,380,4.66,8310,8560,1400-4-23,2021-07-14
269,افرا,افرانت,1011,1979131,52935744323,26012,26700,27150,1138,4.37,26747,735,2.83,25220,27312,1400-4-23,2021-07-14
270,ارفع,شركت آهن و فولاد ارفع,1009,3357683,48693476130,14594,14470,14420,-174,-1.19,14530,-64,-0.44,14143,14928,1400-4-23,2021-07-14
271,گوهران,سرمايه گذاري توسعه گوهران اميد,1007,5529583,29417299627,5432,5165,5161,-271,-4.99,5320,-112,-2.06,5161,5600,1400-4-23,2021-07-14
272,وساخت,سرمايه‌ گذاري‌ ساختمان‌ايران‌,1007,1893349,95398171810,48680,48180,51110,2430,4.99,50390,1710,3.51,48170,51110,1400-4-23,2021-07-14
273,چافست,افست‌,1003,2329333,32051966460,13870,13990,13640,-230,-1.66,13760,-110,-0.79,13300,14140,1400-4-23,2021-07-14
274,غشاذر,پگاه‌آذربايجان‌غربي‌,1002,9630478,72704482030,7240,7070,7600,360,4.97,7550,310,4.28,7070,7600,1400-4-23,2021-07-14
275,وثنو,سرمايه گذاري ساختماني نوين,994,12545615,57728796018,4721,4580,4687,-34,-0.72,4602,-119,-2.52,4580,4721,1400-4-23,2021-07-14
276,سصوفي,سيمان‌ صوفيان‌,986,2625850,48140088930,18020,18450,18730,710,3.94,18330,310,1.72,17500,18800,1400-4-23,2021-07-14
277,پارند,صندوق س. پارند پايدار سپهر,984,30429722,339731162582,11152,11163,11183,31,0.28,11164,12,0.11,11163,11183,1400-4-23,2021-07-14
278,پكوير,كوير تاير,983,7471332,109197576350,14350,14350,14680,330,2.3,14620,270,1.88,13800,14930,1400-4-23,2021-07-14
279,سدور,سيمان‌ دورود,981,4035722,32678429710,8150,8050,8100,-50,-0.61,8100,-50,-0.61,7940,8280,1400-4-23,2021-07-14
280,كيميا,معدني كيمياي زنجان گستران,976,3292159,51155209780,15303,15330,15490,187,1.22,15538,235,1.54,15000,16000,1400-4-23,2021-07-14
281,شاوان,پالايش نفت لاوان,973,4758321,451200930493,91088,92700,95642,4554,5,94824,3736,4.1,91130,95642,1400-4-23,2021-07-14
282,تكمبا,كمباين‌ سازي‌ ايران‌,966,10308579,71948079190,6720,6610,7050,330,4.91,6980,260,3.87,6610,7050,1400-4-23,2021-07-14
283,مرقام,ايران‌ارقام‌,961,3435905,55701104660,16300,16020,16280,-20,-0.12,16210,-90,-0.55,16020,16490,1400-4-23,2021-07-14
284,وبوعلي,سرمايه‌گذاري‌بوعلي‌,960,6767447,28875777866,4369,4390,4300,-69,-1.58,4267,-102,-2.33,4210,4390,1400-4-23,2021-07-14
285,آپ,آسان پرداخت پرشين,958,17650266,372067607280,20080,21080,21080,1000,4.98,21080,1000,4.98,21080,21080,1400-4-23,2021-07-14
286,ورنا,سرمايه‌گذاري‌ رنا(هلدينگ‌,956,9003900,44033707360,4826,4757,4990,164,3.4,4891,65,1.35,4757,5029,1400-4-23,2021-07-14
287,ددام,داروسازي زاگرس فارمد پارس,951,2670525,34823117600,13340,13700,12950,-390,-2.92,13040,-300,-2.25,12840,13700,1400-4-23,2021-07-14
288,زبينا,كشاورزي و دامپروري بينالود,949,12399923,34117671999,2776,2914,2730,-46,-1.66,2751,-25,-0.9,2700,2914,1400-4-23,2021-07-14
289,پلاسك,پلاسكوكار,948,6411652,43621180340,7060,7100,6860,-200,-2.83,6800,-260,-3.68,6710,7100,1400-4-23,2021-07-14
290,شكربن,كربن‌ ايران‌,936,967391,95143453750,94020,97900,98720,4700,5,98350,4330,4.61,94600,98720,1400-4-23,2021-07-14
291,ريشمك,توليد و صادرات ريشمك,932,906139,39321493862,43165,43010,43674,509,1.18,43395,230,0.53,42800,44380,1400-4-23,2021-07-14
292,ولشرق,ليزينگ ايران و شرق,926,5011895,32107006694,6301,6300,6412,111,1.76,6406,105,1.67,6230,6500,1400-4-23,2021-07-14
293,بنو,بيمه تجارت نو,919,3487504,84575427918,24477,24477,24200,-277,-1.13,24251,-226,-0.92,24002,24898,1400-4-23,2021-07-14
294,وبيمه,سرمايه‌ گذاري‌ صنعت‌ بيمه‌,911,13798045,25039364049,1818,1800,1818,0,0,1815,-3,-0.17,1757,1857,1400-4-23,2021-07-14
295,شنفت,نفت‌ پارس‌,909,1715142,100454191450,56660,57000,58390,1730,3.05,58570,1910,3.37,57000,59490,1400-4-23,2021-07-14
296,نوين,بيمه نوين,905,7582724,39286647132,5249,5150,5194,-55,-1.05,5181,-68,-1.3,5109,5270,1400-4-23,2021-07-14
297,شخارك,پتروشيمي‌ خارك‌,904,1806216,91467802280,50440,50100,50500,60,0.12,50620,180,0.36,49800,50960,1400-4-23,2021-07-14
298,بالاس,مهندسي ساختمان تاسيسات راه آهن,901,1388426,54636933494,37561,39400,39439,1878,5,39352,1791,4.77,38510,39439,1400-4-23,2021-07-14
299,مفاخر,توسعه فناوري اطلاعات خوارزمي,901,1053323,43334370875,42925,42000,41632,-1293,-3.01,41141,-1784,-4.16,40779,43000,1400-4-23,2021-07-14
300,سرود,سيمان‌شاهرود,899,6433952,153005533180,22880,22250,24020,1140,4.98,23780,900,3.93,22040,24020,1400-4-23,2021-07-14
301,بموتو,موتوژن‌,881,2133505,132079407050,59260,59990,62220,2960,4.99,61910,2650,4.47,59380,62220,1400-4-23,2021-07-14
302,سرچشمه,سرمايه گذاري مس سرچشمه,881,4965769,37491330810,7418,7360,7560,142,1.91,7550,132,1.78,7360,7650,1400-4-23,2021-07-14
303,دتوليدح,ح. داروسازي توليد دارو,877,831993,9084377980,11040,10851,10891,-149,-1.35,10919,-121,-1.1,10851,11000,1400-4-23,2021-07-14
304,لسرما,سرما آفرين‌,875,2061640,45649148750,22610,22590,21910,-700,-3.1,22140,-470,-2.08,21480,22790,1400-4-23,2021-07-14
305,قاسم,قاسم ايران,867,3235100,30427429477,9421,9345,9370,-51,-0.54,9405,-16,-0.17,9310,9560,1400-4-23,2021-07-14
306,ثتران,سرمايه گذاري مسكن تهران,859,11177925,38282500606,3305,3450,3470,165,4.99,3425,120,3.63,3315,3470,1400-4-23,2021-07-14
307,سيمرغ,سيمرغ,855,1957864,32073191880,16560,16670,16500,-60,-0.36,16380,-180,-1.09,16100,16670,1400-4-23,2021-07-14
308,وشهر,بانك شهر,854,6509268,41233101397,6303,6310,6322,19,0.3,6335,32,0.51,6200,6490,1400-4-23,2021-07-14
309,ساراب,سيمان‌ داراب‌,847,2118396,40063540490,19240,19250,19200,-40,-0.21,18910,-330,-1.72,18450,19340,1400-4-23,2021-07-14
310,پخش,پخش البرز,836,1826133,38166546717,20757,20900,20410,-347,-1.67,20900,143,0.69,20045,21790,1400-4-23,2021-07-14
311,زنگان,صنعت روي زنگان,831,532662,34233137938,65520,63400,64210,-1310,-2,64268,-1252,-1.91,63400,66000,1400-4-23,2021-07-14
312,كهمدا,شيشه‌ همدان‌,825,2357007,22656387980,9860,9900,9750,-110,-1.12,9610,-250,-2.54,9410,9900,1400-4-23,2021-07-14
313,ومهان,گروه توسعه مالي مهر آيندگان,815,2456151,33714716562,13658,13430,13750,92,0.67,13700,42,0.31,13301,13980,1400-4-23,2021-07-14
314,دسانكوح,ح . داروسازي سبحان انكولوژي,811,2744077,22939194220,8385,8020,8282,-103,-1.23,8360,-25,-0.3,8020,8800,1400-4-23,2021-07-14
315,زگلدشت,كشت و دام گلدشت نمونه اصفهان,809,3393450,40971258306,11598,11502,12177,579,4.99,12074,476,4.1,11502,12177,1400-4-23,2021-07-14
316,ولملت,واسپاري ملت,806,6698700,37511943260,5440,5560,5710,270,4.96,5600,160,2.94,5330,5710,1400-4-23,2021-07-14
317,وسگلستا,شركت س استان گلستان,805,51755602,49271333104,1002,952,952,-50,-4.99,952,-50,-4.99,952,952,1400-4-23,2021-07-14
318,شبصير,توليدات پتروشيمي قائد بصير,791,489730,42568707045,88696,87000,85860,-2836,-3.2,86923,-1773,-2,85540,89000,1400-4-23,2021-07-14
319,خچرخش,چرخشگر,790,2891177,32610208440,10970,10970,11480,510,4.65,11280,310,2.83,10750,11510,1400-4-23,2021-07-14
320,شپارس,بين‌ المللي‌ محصولات‌  پارس‌,789,2378159,38658364930,16690,16400,16140,-550,-3.3,16260,-430,-2.58,16000,16860,1400-4-23,2021-07-14
321,خوساز,محورسازان‌ايران‌خودرو,788,8545673,53373969330,6090,6030,6390,300,4.93,6250,160,2.63,5980,6390,1400-4-23,2021-07-14
322,وپسا,س. پتروشيمي ساختمان  خليج فارس,784,11132628,21029191815,1921,1883,1883,-38,-1.98,1889,-32,-1.67,1883,1929,1400-4-23,2021-07-14
323,هرمز,فولاد هرمزگان جنوب,779,2428865,36800332120,15379,15000,15153,-226,-1.47,15308,-71,-0.46,15000,15378,1400-4-23,2021-07-14
324,سكرد,سيمان كردستان,778,4585707,28007691100,6280,6280,6160,-120,-1.91,6110,-170,-2.71,6030,6280,1400-4-23,2021-07-14
325,سخزر,سيمان‌ خزر,775,2239922,57060466540,25380,25970,25380,0,0,25470,90,0.35,24120,26580,1400-4-23,2021-07-14
326,كپارس,كاشي‌ پارس‌,774,286052,33646214520,116130,114800,118460,2330,2.01,117620,1490,1.28,112010,119980,1400-4-23,2021-07-14
327,چكارن,كارتن‌ ايران‌,769,7920912,21826529080,2816,2711,2780,-36,-1.28,2756,-60,-2.13,2711,2799,1400-4-23,2021-07-14
328,كگاز,شيشه‌ و گاز,767,1691736,26221860610,15730,15300,15320,-410,-2.61,15500,-230,-1.46,14950,16000,1400-4-23,2021-07-14
329,سكرما,سيمان‌ كرمان‌,757,3956322,65371991680,15900,15310,16580,680,4.28,16520,620,3.9,15310,16690,1400-4-23,2021-07-14
330,درهآور,دارويي ره آورد تامين,752,1566762,47066893816,28723,29214,30159,1436,5,30041,1318,4.59,28700,30159,1400-4-23,2021-07-14
331,ختراك,ريخته‌گري‌ تراكتورسازي‌ ايران‌,744,1887471,25863013650,13420,13840,13600,180,1.34,13700,280,2.09,13500,13980,1400-4-23,2021-07-14
332,خبازرس,بازرسي مهندسي و صنعتي ايران,744,1022867,26946412989,26435,26450,26200,-235,-0.89,26344,-91,-0.34,25700,27080,1400-4-23,2021-07-14
333,وپترو,سرمايه‌گذاري صنايع پتروشيمي‌,742,3589993,49926340430,13980,13980,14150,170,1.22,13910,-70,-0.5,13530,14170,1400-4-23,2021-07-14
334,قشير,قند شيروان قوچان و بجنورد,736,1702749,29903679544,18090,18000,17446,-644,-3.56,17562,-528,-2.92,17300,18000,1400-4-23,2021-07-14
335,تپمپي,پمپ‌ سازي‌ ايران‌,727,1454934,23940561900,16680,17000,16480,-200,-1.2,16450,-230,-1.38,16050,17000,1400-4-23,2021-07-14
336,دشيمي,شيمي‌ داروئي‌ داروپخش‌,721,1193732,27265662780,23120,23360,22660,-460,-1.99,22840,-280,-1.21,22530,23500,1400-4-23,2021-07-14
337,فنوال,نورد آلومينيوم‌,721,1361012,33694520090,24250,23750,24930,680,2.8,24760,510,2.1,23750,25350,1400-4-23,2021-07-14
338,فروس,فروسيليس‌ ايران‌,719,6363956,36802466070,5780,5700,5850,70,1.21,5780,0,0,5690,5930,1400-4-23,2021-07-14
339,زشريف,كشت وصنعت شريف آباد,716,6826147,30858744046,4637,4520,4520,-117,-2.52,4521,-116,-2.5,4453,4650,1400-4-23,2021-07-14
340,دكيمي,كيميدارو,713,987447,22320902030,22900,23270,22360,-540,-2.36,22600,-300,-1.31,21910,23270,1400-4-23,2021-07-14
341,بميلا,توسعه بازرگاني آهن وفولادميلاد,712,7565172,100823123220,13596,13250,13520,-76,-0.56,13327,-269,-1.98,13201,13800,1400-4-23,2021-07-14
342,توريل,توكاريل,712,2765167,39919162828,14541,14330,14660,119,0.82,14436,-105,-0.72,14050,14982,1400-4-23,2021-07-14
343,بشهاب,لامپ‌  پارس‌ شهاب‌,709,407381,44617332710,106610,106620,109300,2690,2.52,109520,2910,2.73,106620,111940,1400-4-23,2021-07-14
344,مداران,داده‌پردازي‌ايران‌,695,4466570,96941685420,20690,21700,21720,1030,4.98,21700,1010,4.88,21000,21720,1400-4-23,2021-07-14
345,كقزوي,شيشه‌ قزوين‌,682,3798837,28584065356,7722,7797,7550,-172,-2.23,7524,-198,-2.56,7491,7797,1400-4-23,2021-07-14
346,سپاها,سيمان‌سپاهان‌,677,4147192,33596986810,8180,7990,8180,0,0,8100,-80,-0.98,7960,8250,1400-4-23,2021-07-14
347,فباهنر,مس‌ شهيدباهنر,676,1782344,37733283330,21040,21190,21350,310,1.47,21170,130,0.62,20970,21450,1400-4-23,2021-07-14
348,خريخت,صنايع‌ريخته‌گري‌ايران‌,675,7214873,22842417217,3111,3035,3181,70,2.25,3166,55,1.77,3031,3230,1400-4-23,2021-07-14
349,حتايد,تايدواترخاورميانه,668,1936975,50347677400,26120,25900,26150,30,0.11,25990,-130,-0.5,25160,26380,1400-4-23,2021-07-14
350,زشگزا,شير و گوشت زاگرس شهركرد,668,3434199,21675534890,6298,6470,6310,12,0.19,6312,14,0.22,6201,6470,1400-4-23,2021-07-14
351,فسرب,ملي‌ سرب‌وروي‌ ايران‌,665,364483,25147539760,69640,70490,69000,-640,-0.92,69000,-640,-0.92,67810,70490,1400-4-23,2021-07-14
352,وسنا,سرمايه گذاري نيروگاهي ايران,663,2700133,39428001214,14730,15000,14461,-269,-1.83,14602,-128,-0.87,14301,15000,1400-4-23,2021-07-14
353,تسه0002,امتيازتسهيلاتمسكن ارديبهشت1400,661,12201,7304024636,601023,595001,591000,-10023,-1.67,598641,-2382,-0.4,583333,610000,1400-4-23,2021-07-14
354,سمازن,سيمان‌مازندران‌,657,1970161,26399091790,13300,13170,13500,200,1.5,13400,100,0.75,13170,13630,1400-4-23,2021-07-14
355,وزمين,بانك ايران زمين,656,5138584,55842430612,10673,11099,10990,317,2.97,10867,194,1.82,10470,11099,1400-4-23,2021-07-14
356,وكادو,تكادو,656,3123725,62315190139,19675,19858,19689,14,0.07,19949,274,1.39,19301,20265,1400-4-23,2021-07-14
357,پاسا,ايران‌ياساتايرورابر,656,2489519,53478144200,21700,21050,21540,-160,-0.74,21480,-220,-1.01,21000,21900,1400-4-23,2021-07-14
358,تماوند,تامين سرمايه دماوند,648,10884282,58249910805,5271,5429,5286,15,0.28,5352,81,1.54,5221,5429,1400-4-23,2021-07-14
359,غگلپا,شير پاستوريزه پگاه گلپايگان,647,628701,39673704119,62406,60000,63000,594,0.95,63104,698,1.12,60000,65000,1400-4-23,2021-07-14
360,فخاس,فولاد خراسان,645,1546063,34694575170,23590,22420,22420,-1170,-4.96,23140,-450,-1.91,22420,22920,1400-4-23,2021-07-14
361,كاسپين,داروسازي كاسپين تامين,642,1597602,32165320254,20656,20652,20420,-236,-1.14,20133,-523,-2.53,19752,20652,1400-4-23,2021-07-14
362,شكلر,نيروكلر,640,997839,32019105690,31490,31000,32800,1310,4.16,32090,600,1.91,30300,32940,1400-4-23,2021-07-14
363,خشرق,الكتريك‌ خودرو شرق‌,640,2400718,29141667210,12030,11810,12300,270,2.24,12140,110,0.91,11730,12400,1400-4-23,2021-07-14
364,طلا,صندوق س.پشتوانه طلاي لوتوس,638,351549,26385890939,75820,75501,75094,-726,-0.96,75056,-764,-1.01,74995,75501,1400-4-23,2021-07-14
365,بهپاك,صنعتي بهپاك,638,3608023,27496151340,7601,7550,7690,89,1.17,7621,20,0.26,7400,7740,1400-4-23,2021-07-14
366,كگهر,سنگ آهن گهرزمين,637,952347,40164763953,42034,43690,42377,343,0.82,42079,45,0.11,41100,43870,1400-4-23,2021-07-14
367,هجرت,پخش هجرت,633,1526354,36948617238,24971,24899,24200,-771,-3.09,24207,-764,-3.06,23903,25378,1400-4-23,2021-07-14
368,ولبهمن,شركت بهمن ليزينگ,631,4838807,35754683569,7415,7640,7400,-15,-0.2,7389,-26,-0.35,7123,7640,1400-4-23,2021-07-14
369,لخزر,پارس‌ خزر,628,191300,24582845070,130520,129000,127230,-3290,-2.52,128500,-2020,-1.55,124040,133600,1400-4-23,2021-07-14
370,مدير,ص.س.مديريت ثروت ص.بازنشستگي-س,622,2378778,20762630794,8691,8747,8831,140,1.61,8728,37,0.43,8601,8844,1400-4-23,2021-07-14
371,فنفت,صنايع تجهيزات نفت,612,5664595,139527663806,25038,25580,24287,-751,-3,24632,-406,-1.62,24287,25580,1400-4-23,2021-07-14
372,بمپنا,توليد برق عسلويه  مپنا,599,1658465,119772366504,70737,68900,72870,2133,3.02,72219,1482,2.1,68900,73500,1400-4-23,2021-07-14
373,پرداخت,به پرداخت ملت,594,869471,17542425880,20460,20400,20400,-60,-0.29,20250,-210,-1.03,19750,20690,1400-4-23,2021-07-14
374,دسبحان,سبحان دارو,590,1421787,28976397230,20780,20030,20380,-400,-1.92,20380,-400,-1.92,19800,21000,1400-4-23,2021-07-14
375,سقاين,سيمان‌ قائن‌,584,351076,19388347480,54990,54000,56920,1930,3.51,55230,240,0.44,53130,57530,1400-4-23,2021-07-14
376,كمينا,شيشه سازي مينا,583,1199764,27913574670,23875,23370,23180,-695,-2.91,23266,-609,-2.55,23159,23889,1400-4-23,2021-07-14
377,زكشت,كشاورزي مكانيزه اصفهان كشت,582,708509,23334576830,34540,33100,32813,-1727,-5,32935,-1605,-4.65,32813,33989,1400-4-23,2021-07-14
378,رانفور,خدمات‌انفورماتيك‌,582,4389615,27006249070,6170,6200,6200,30,0.49,6160,-10,-0.16,6120,6220,1400-4-23,2021-07-14
379,پكرمان,گروه‌ صنعتي‌ بارز,581,2660937,73936514180,26990,26000,27550,560,2.07,27790,800,2.96,26000,28330,1400-4-23,2021-07-14
380,ضخود7077,اختيارخ خودرو-3000-1400/07/07,573,29923,2394663000,79,81,81,2,2.53,80,1,1.27,78,83,1400-4-23,2021-07-14
381,فنورد,نوردوقطعات‌ فولادي‌,571,128896,26972302860,206900,209920,210970,4070,1.97,209260,2360,1.14,206900,213000,1400-4-23,2021-07-14
382,اميد,تامين سرمايه اميد,569,3547509,21693990270,6100,5950,6140,40,0.66,6110,10,0.16,5950,6200,1400-4-23,2021-07-14
383,وسگيلا,شركت س استان گيلان,555,18371929,10954701653,617,591,600,-17,-2.76,611,-6,-0.97,587,605,1400-4-23,2021-07-14
384,دارو,كارخانجات‌داروپخش‌,552,1241408,31202993930,24170,23340,25370,1200,4.96,25140,970,4.01,23340,25370,1400-4-23,2021-07-14
385,شيراز,پتروشيمي‌شيراز,551,4111529,242660976390,59740,58700,58810,-930,-1.56,59020,-720,-1.21,58080,59470,1400-4-23,2021-07-14
386,بساما,بيمه سامان,549,1227614,33375356223,26252,26110,27564,1312,5,27187,935,3.56,25030,27564,1400-4-23,2021-07-14
387,تسه0001,امتيازتسهيلات مسكن فروردين1400,549,10775,6460740525,602055,591501,600100,-1955,-0.32,599605,-2450,-0.41,591501,610000,1400-4-23,2021-07-14
388,واحصا,احياء صنايع خراسان,546,429263,17388538475,41193,40080,41193,0,0,40508,-685,-1.66,39961,41200,1400-4-23,2021-07-14
389,ساينا,صنايع بهداشتي ساينا,543,307296,34157613174,106101,103200,111406,5305,5,111155,5054,4.76,103200,111406,1400-4-23,2021-07-14
390,شكبير,پتروشيمي اميركبير,541,4010103,332763711456,80567,82984,82984,2417,3,82981,2414,3,81785,82984,1400-4-23,2021-07-14
391,وكار,بانك‌ كارآفرين‌,538,17870765,59258857084,3263,3263,3330,67,2.05,3316,53,1.62,3170,3360,1400-4-23,2021-07-14
392,صباح,ح . سرمايه گذاري صبا تامين,538,50000000,323150000000,6156,6463,6463,307,4.99,6463,307,4.99,6463,6463,1400-4-23,2021-07-14
393,سيدكو,سرمايه گذاري توسعه صنايع سيمان,535,2675905,17649185680,6720,6510,6670,-50,-0.74,6600,-120,-1.79,6450,6790,1400-4-23,2021-07-14
394,قصفها,قنداصفهان‌,533,264735,23941610970,90480,88250,91200,720,0.8,90440,-40,-0.04,88250,92390,1400-4-23,2021-07-14
395,پارتا,مجتمع‌صنعتي‌آرتاويل‌تاير,528,2169762,69081424640,30658,32190,31699,1041,3.4,31838,1180,3.85,31086,32190,1400-4-23,2021-07-14
396,شتولي,تولي‌پرس‌,528,2212205,70112671140,32300,31654,31654,-646,-2,31694,-606,-1.88,31654,32238,1400-4-23,2021-07-14
397,وسپه,سرمايه‌گذاري‌ سپه‌,526,3215688,24907417280,7620,7650,7700,80,1.05,7700,80,1.05,7540,7820,1400-4-23,2021-07-14
398,آوا,صندوق س.سهام آواي معيار-س,520,3100241,21493545758,6922,6850,7000,78,1.13,6933,11,0.16,6827,7039,1400-4-23,2021-07-14
399,وتوسم,سرمايه‌گذاري‌توسعه‌ملي‌,513,2438883,19751466720,8330,8240,8110,-220,-2.64,8100,-230,-2.76,7970,8430,1400-4-23,2021-07-14
400,ثمسكن,سرمايه‌گذاري‌ مسكن‌,513,4615385,21977949966,4806,4730,4765,-41,-0.85,4762,-44,-0.92,4700,4900,1400-4-23,2021-07-14
401,واتي,سرمايه‌ گذاري‌ آتيه‌ دماوند,509,3523237,39326790260,11430,10910,11210,-220,-1.92,11160,-270,-2.36,10910,11700,1400-4-23,2021-07-14
402,كپشير,پشم‌شيشه‌ايران‌,506,733228,19156712600,27320,26120,25960,-1360,-4.98,26130,-1190,-4.36,25960,27300,1400-4-23,2021-07-14
403,دكپسول,توليد ژلاتين كپسول ايران,504,606328,20693835491,33301,34800,33900,599,1.8,34130,829,2.49,31965,34800,1400-4-23,2021-07-14
404,وتوس,توسعه‌شهري‌توس‌گستر,504,1143453,14710568370,13160,12770,12920,-240,-1.82,12890,-270,-2.05,12650,13160,1400-4-23,2021-07-14
405,شاملا,معدني‌ املاح‌  ايران‌,502,748189,31498422520,41300,42890,42000,700,1.69,42100,800,1.94,41300,42890,1400-4-23,2021-07-14
406,سكه0012پ01,تمام سكه طرح جديد0012رفاه,501,237000,246223739500,1046613,1046499,1038000,-8613,-0.82,1038919,-7694,-0.74,1036000,1046500,1400-4-23,2021-07-14
407,فالوم,آلومتك‌,493,1220389,27841357294,23361,23774,22661,-700,-3,22814,-547,-2.34,22661,23774,1400-4-23,2021-07-14
408,افران,صندوق س افرا نماد پايدار-ثابت,492,7722578,106305774178,13758,13764,13768,10,0.07,13766,8,0.06,13764,13768,1400-4-23,2021-07-14
409,دسينا,داروسازي‌ سينا,491,883413,17397602560,19350,19020,19800,450,2.33,19690,340,1.76,19020,19900,1400-4-23,2021-07-14
410,خديزل,بهمن  ديزل,489,1496826,73424848902,48452,48452,49500,1048,2.16,49054,602,1.24,47322,50499,1400-4-23,2021-07-14
411,تنوين,تامين سرمايه نوين,487,8660852,59986194510,6970,6980,6980,10,0.14,6930,-40,-0.57,6800,6990,1400-4-23,2021-07-14
412,شراز,پالايش نفت شيراز,483,278803,32009634942,113779,110014,116150,2371,2.08,114479,700,0.62,110000,117750,1400-4-23,2021-07-14
413,سپيدما,صندوق س. سپيد دماوند-د,479,22613948,241418028153,10667,10674,10680,13,0.12,10676,9,0.08,10674,10680,1400-4-23,2021-07-14
414,آكورد,صندوق س. آرمان آتي كوثر-د,473,4585561,151602917002,33041,33063,33065,24,0.07,33061,20,0.06,33058,33065,1400-4-23,2021-07-14
415,اعتلا,شركت سرمايه گذاري اعتلاء البرز,467,2346895,17393949907,7549,7350,7490,-59,-0.78,7411,-138,-1.83,7200,7740,1400-4-23,2021-07-14
416,شدوص,دوده‌ صنعتي‌ پارس‌,465,1045112,20084291530,19570,20000,19110,-460,-2.35,19220,-350,-1.79,18910,20000,1400-4-23,2021-07-14
417,دتماد,توليدمواداوليه‌داروپخش‌,464,1152495,53090630370,46060,45590,46060,0,0,46070,10,0.02,44570,46900,1400-4-23,2021-07-14
418,كشرق,صنعتي و معدني شمال شرق شاهرود,459,268053,16835695790,64634,64500,62300,-2334,-3.61,62807,-1827,-2.83,61800,64500,1400-4-23,2021-07-14
419,ارزش,صندوق س ارزش آفرين بيدار-سهام,458,2855397,26484560830,9260,9200,9300,40,0.43,9280,20,0.22,9170,9340,1400-4-23,2021-07-14
420,وگردش,بانك گردشگري,458,1792462,25830911667,14319,14319,14300,-19,-0.13,14346,27,0.19,14000,14638,1400-4-23,2021-07-14
421,زفكا,كشت و دامداري فكا,454,2891615,32080643705,10609,11000,11139,530,5,11094,485,4.57,10809,11139,1400-4-23,2021-07-14
422,چكاوه,صنايع‌كاغذسازي‌كاوه‌,447,1231029,16031596920,13010,12820,13110,100,0.77,13020,10,0.08,12780,13370,1400-4-23,2021-07-14
423,تسه9912,امتياز تسهيلات مسكن اسفند99,438,7606,4565929333,598979,592500,600000,1021,0.17,600306,1327,0.22,585000,610000,1400-4-23,2021-07-14
424,وصنا,گروه‌صنايع‌بهشهرايران‌,438,2099149,11447924160,5490,5550,5520,30,0.55,5460,-30,-0.55,5350,5550,1400-4-23,2021-07-14
425,وسكرشا,س.سهام عدالت استان كرمانشاه,437,25588155,26739621975,1099,1045,1045,-54,-4.91,1059,-40,-3.64,1045,1045,1400-4-23,2021-07-14
426,اطلس,صندوق س.توسعه اندوخته آينده-س,437,147625,34331382593,231359,229501,233200,1841,0.8,232558,1199,0.52,229002,234001,1400-4-23,2021-07-14
427,زرين,صندوق س. سهام زرين كوروش-س,435,9976546,114142310023,11335,11300,11350,15,0.13,11441,106,0.94,11286,11600,1400-4-23,2021-07-14
428,جم پيلن,پلي پروپيلن جم - جم پيلن,434,322502,26172018160,80660,79300,82100,1440,1.79,80860,200,0.25,79300,82500,1400-4-23,2021-07-14
429,درازك,دارويي‌ رازك‌,433,612159,20124238540,32740,32760,32910,170,0.52,32870,130,0.4,32480,33390,1400-4-23,2021-07-14
430,كاريس,صندوق س.سپهر كاريزما-س,432,1713496,21897520589,12874,12771,12839,-35,-0.27,12779,-95,-0.74,12650,12900,1400-4-23,2021-07-14
431,كرماشا,صنايع پتروشيمي كرمانشاه,427,1113265,44301769160,40090,40200,39970,-120,-0.3,39860,-230,-0.57,39340,40780,1400-4-23,2021-07-14
432,اپرداز,آتيه داده پرداز,422,833200,16952105041,20204,20200,20200,-4,-0.02,20346,142,0.7,19852,20800,1400-4-23,2021-07-14
433,وصندوق,سرمايه‌گذاري‌صندوق‌بازنشستگي‌,416,2957801,49803667660,16890,16600,16930,40,0.24,16870,-20,-0.12,16600,16990,1400-4-23,2021-07-14
434,فاهواز,نورد و لوله اهواز,413,3387853,30771868799,9268,9083,9083,-185,-2,9083,-185,-2,9083,9083,1400-4-23,2021-07-14
435,شرانل,نفت ايرانول,413,528067,23992657152,45064,45830,45846,782,1.74,45309,245,0.54,44506,46450,1400-4-23,2021-07-14
436,وملل,اعتباري ملل,413,1787383,24718239540,13968,13650,13780,-188,-1.35,13906,-62,-0.44,13650,14180,1400-4-23,2021-07-14
437,سخوز,سيمان خوزستان,412,1106465,27020678670,24970,24030,24540,-430,-1.72,24420,-550,-2.2,23850,24800,1400-4-23,2021-07-14
438,كحافظ,كاشي‌ وسراميك‌ حافظ‌,410,2479470,22847106110,9060,9200,9380,320,3.53,9210,150,1.66,9000,9400,1400-4-23,2021-07-14
439,خكرمان,گروه اقتصادي كرمان خودرو,407,9524894,35893564089,3664,3740,3773,109,2.97,3768,104,2.84,3620,3773,1400-4-23,2021-07-14
440,كي بي سي,شركت كي بي سي,406,1104608,27108132098,23539,24715,24715,1176,5,24541,1002,4.26,24000,24715,1400-4-23,2021-07-14
441,دسبحا,گروه دارويي سبحان,405,1453497,24418607160,17260,17300,16850,-410,-2.38,16800,-460,-2.67,16500,17300,1400-4-23,2021-07-14
442,ومشان,س. فني و مهندسي مشانير,402,1029882,71470621402,67421,69443,69443,2022,3,69397,1976,2.93,67500,69443,1400-4-23,2021-07-14
443,كخاك,صنايع‌خاك‌چيني‌ايران‌,399,610914,20859218150,34580,35750,34000,-580,-1.68,34140,-440,-1.27,33550,35780,1400-4-23,2021-07-14
444,وايرا,سرمايه گذاري صنايع ايران,399,2073230,17852220064,8871,8605,8632,-239,-2.69,8611,-260,-2.93,8605,8770,1400-4-23,2021-07-14
445,وثوق,سرمايه گذاري وثوق امين,397,1318104,22914001619,16885,17391,17391,506,3,17384,499,2.96,17113,17391,1400-4-23,2021-07-14
446,واميد,گروه مديريت سرمايه گذاري اميد,394,2750661,28819607760,10430,10380,10470,40,0.38,10440,10,0.1,10310,10760,1400-4-23,2021-07-14
447,فردا,صندوق س آواي فرداي زاگرس-ثابت,393,15039296,166049596488,11035,11042,11042,7,0.06,11041,6,0.05,11040,11043,1400-4-23,2021-07-14
448,غشهد,شهد ايران ‌,391,2108481,10381255500,4880,4960,4900,20,0.41,4910,30,0.61,4810,4980,1400-4-23,2021-07-14
449,كپرور,فرآوري زغال سنگ پروده طبس,390,903139,29149574753,32425,32900,32800,375,1.16,32276,-149,-0.46,31010,33900,1400-4-23,2021-07-14
450,غشوكو,شوكو پارس,388,632388,18076968032,28035,28100,28876,841,3,28585,550,1.96,28000,28876,1400-4-23,2021-07-14
451,قهكمت,قندهكمتان‌,384,503853,19085471710,38100,36900,39000,900,2.36,37880,-220,-0.58,36200,39000,1400-4-23,2021-07-14
452,خفنر,فنرسازي‌خاور,382,3383542,23043466230,6500,6820,6820,320,4.92,6810,310,4.77,6530,6820,1400-4-23,2021-07-14
453,غمارگ,مارگارين‌,381,703036,15369595640,22040,21160,21980,-60,-0.27,21860,-180,-0.82,21160,22500,1400-4-23,2021-07-14
454,بخاور,بيمه زندگي خاورميانه,379,3299718,20044688477,6035,6140,6200,165,2.73,6075,40,0.66,6001,6200,1400-4-23,2021-07-14
455,تايرا,تراكتورسازي‌ايران‌,378,657777,15728750860,23660,23770,24190,530,2.24,23790,130,0.55,22760,24450,1400-4-23,2021-07-14
456,كطبس,ذغال‌سنگ‌ نگين‌ ط‌بس‌,377,581118,33947746610,58200,56010,59230,1030,1.77,58420,220,0.38,56010,59390,1400-4-23,2021-07-14
457,غشصفا,شيرپاستوريزه‌پگاه‌اصفهان‌,377,522548,12042837020,23790,22870,22880,-910,-3.83,23210,-580,-2.44,22650,23980,1400-4-23,2021-07-14
458,ثباغ,شهر سازي و خانه سازي باغميشه,374,942513,10151379114,10686,10700,10880,194,1.82,10743,57,0.53,10500,11100,1400-4-23,2021-07-14
459,فپنتا,سپنتا,374,55903,21517448890,381260,380000,391050,9790,2.57,384910,3650,0.96,373010,396310,1400-4-23,2021-07-14
460,واعتبار,سرمايه گذاري اعتبار ايران,372,3632957,28595473960,7510,7870,7880,370,4.93,7870,360,4.79,7680,7880,1400-4-23,2021-07-14
461,وسبحان,سرمايه گذاري سبحان,369,8043638,21773778193,2723,2700,2700,-23,-0.84,2707,-16,-0.59,2620,2732,1400-4-23,2021-07-14
462,ياقوت,صندوق س ياقوت آگاه-ثابت,366,2420686,30650585714,12648,12657,12672,24,0.19,12662,14,0.11,12654,12675,1400-4-23,2021-07-14
463,خكاوه,سايپا ديزل,366,3397485,13570862308,3897,3940,4013,116,2.98,3994,97,2.49,3900,4013,1400-4-23,2021-07-14
464,دالبر,البرزدارو,365,1184168,16455466380,13920,14290,13900,-20,-0.14,13900,-20,-0.14,13640,14290,1400-4-23,2021-07-14
465,وسهمدا,شركت س استان همدان,365,12310228,7453256514,632,601,618,-14,-2.22,625,-7,-1.11,601,618,1400-4-23,2021-07-14
466,سباقر,سيمان باقران,365,2250150,35996343463,16223,16000,15801,-422,-2.6,15997,-226,-1.39,15785,16299,1400-4-23,2021-07-14
467,وبشهر,توسعه‌ صنايع‌ بهشهر(هلدينگ,352,1658048,18921081800,11410,11090,11450,40,0.35,11410,0,0,11090,11690,1400-4-23,2021-07-14
468,تسه9908,امتياز تسهيلات مسكن آبان99,352,7039,4205332281,597437,592080,600000,2563,0.43,597433,-4,0,591000,606998,1400-4-23,2021-07-14
469,ضخود7076,اختيارخ خودرو-2500-1400/07/07,351,15808,2378068000,151,150,152,1,0.66,150,-1,-0.66,145,155,1400-4-23,2021-07-14
470,اتكام,شركت بيمه اتكايي امين,350,2065262,10203038505,4824,4742,5019,195,4.04,4898,74,1.53,4742,5019,1400-4-23,2021-07-14
471,فسازان,غلتك سازان سپاهان,346,511280,16949040070,32680,32700,32750,70,0.21,33150,470,1.44,32410,33450,1400-4-23,2021-07-14
472,كارين,صندوق س نگين سامان-ثابت,343,18647386,188913837355,10124,10131,10130,6,0.06,10131,7,0.07,10130,10133,1400-4-23,2021-07-14
473,وسكاب,س.ص.بازنشستگي كاركنان بانكها,343,2836936,7785751964,2769,2711,2757,-12,-0.43,2756,-13,-0.47,2711,2834,1400-4-23,2021-07-14
474,سهگمت,سيمان‌هگمتان‌,343,805358,19876615810,24700,23640,25000,300,1.21,24680,-20,-0.08,23640,25000,1400-4-23,2021-07-14
475,كفرا,فراورده‌ هاي‌ نسوزايران‌,342,1485462,35985078490,23110,24100,24260,1150,4.98,24220,1110,4.8,23520,24260,1400-4-23,2021-07-14
476,كالا,بورس كالاي ايران,338,1174989,22959285060,18610,19540,19540,930,5,19540,930,5,19540,19540,1400-4-23,2021-07-14
477,سيستم,همكاران سيستم,337,589188,15842081140,27090,27000,27130,40,0.15,26910,-180,-0.66,26400,27600,1400-4-23,2021-07-14
478,سنوين,سرمايه گذاري اقتصاد نوين,333,1534167,12977969371,8711,8450,8470,-241,-2.77,8459,-252,-2.89,8450,8669,1400-4-23,2021-07-14
479,پرديس,سرمايه گذاري پرديس,332,2253259,11195163940,4940,4930,5050,110,2.23,4960,20,0.4,4820,5050,1400-4-23,2021-07-14
480,دابور,داروسازي‌ ابوريحان‌,332,1305452,48285360620,35280,35940,37040,1760,4.99,36990,1710,4.85,35900,37040,1400-4-23,2021-07-14
481,غبشهر,صنعتي‌ بهشهر,331,642703,14507598650,22910,22390,22690,-220,-0.96,22730,-180,-0.79,22300,23100,1400-4-23,2021-07-14
482,سدشت,صنايع سيمان دشتستان,330,221708,12242897020,56760,54110,55450,-1310,-2.31,56040,-720,-1.27,54110,55810,1400-4-23,2021-07-14
483,تسه9911,امتياز تسهيلات مسكن بهمن99,330,5910,3532254923,599712,590099,595000,-4712,-0.79,597674,-2038,-0.34,569727,603750,1400-4-23,2021-07-14
484,ضخود7078,اختيارخ خودرو-3500-1400/07/07,328,16110,646638000,40,40,41,1,2.5,40,0,0,38,42,1400-4-23,2021-07-14
485,دعبيد,لابراتوارداروسازي‌  دكترعبيدي‌,328,379673,9631952450,25840,25000,25390,-450,-1.74,25740,-100,-0.39,25000,25940,1400-4-23,2021-07-14
486,تصميم,صندوق س با درآمد ثابت تصميم,328,1414310,23813530424,16819,16838,16836,17,0.1,16838,19,0.11,16836,16844,1400-4-23,2021-07-14
487,تشتاد,صنايع توليدي اشتاد ايران‌,319,2538102,17684038522,6781,6920,6984,203,2.99,6967,186,2.74,6785,6984,1400-4-23,2021-07-14
488,ضخود7074,اختيارخ خودرو-1800-1400/07/07,319,14647,7112980000,479,479,490,11,2.3,486,7,1.46,470,497,1400-4-23,2021-07-14
489,شپاكسا,پاكسان‌,319,789610,17176135770,21560,21180,22090,530,2.46,21750,190,0.88,21120,22090,1400-4-23,2021-07-14
490,سفانو,سيمان فارس نو,315,689221,19755190050,28560,27770,28910,350,1.23,28660,100,0.35,27350,29490,1400-4-23,2021-07-14
491,تسه9910,امتياز تسهيلات مسكن دي99,313,6093,3655414783,599512,592100,625000,25488,4.25,599937,425,0.07,572002,625000,1400-4-23,2021-07-14
492,شوينده,مديريت صنعت شوينده ت.ص.بهشهر,299,465313,11160814770,23820,23100,24340,520,2.18,23940,120,0.5,23100,24400,1400-4-23,2021-07-14
493,ما,بيمه  ما,290,1524084,12406459670,8110,8110,8060,-50,-0.62,8130,20,0.25,8050,8330,1400-4-23,2021-07-14
494,سپ,پرداخت الكترونيك سامان كيش,290,443135,12278308050,27400,27750,28000,600,2.19,27470,70,0.26,27220,28150,1400-4-23,2021-07-14
495,ضصاد8033,اختيارخ وبصادر-2489-1400/08/12,288,10975,3278199000,323,337,298,-25,-7.74,299,-24,-7.43,283,340,1400-4-23,2021-07-14
496,سمايه,بانك سرمايه,288,1939510,8620347677,4326,4455,4455,129,2.98,4422,96,2.22,4397,4455,1400-4-23,2021-07-14
497,سبجنو,سيمان‌ بجنورد,287,365713,14557416110,40010,39000,41100,1090,2.72,39820,-190,-0.47,38030,41250,1400-4-23,2021-07-14
498,قمرو,قند مرودشت‌,285,358259,9177427080,25960,25460,26000,40,0.15,25760,-200,-0.77,25180,26100,1400-4-23,2021-07-14
499,دفرا,فرآورده‌هاي‌ تزريقي‌ ايران‌,285,432758,11620338140,25970,27230,26790,820,3.16,26660,690,2.66,26270,27490,1400-4-23,2021-07-14
500,فراز,صندوق س.سهام فراز داريك-س,283,1273148,15271487433,11960,11979,12000,40,0.33,11995,35,0.29,11962,12099,1400-4-23,2021-07-14
501,حسينا,توسعه خدمات دريايي وبندري سينا,282,358907,23099273595,63375,62810,65397,2022,3.19,64360,985,1.55,62810,66200,1400-4-23,2021-07-14
502,تسه9906,امتياز تسهيلات مسكن شهريور99,281,25158,15091548232,598549,590000,600000,1451,0.24,599871,1322,0.22,590000,600000,1400-4-23,2021-07-14
503,سشمال,سيمان‌ شمال‌,271,887578,8478462120,9760,9410,9640,-120,-1.23,9650,-110,-1.13,9410,9720,1400-4-23,2021-07-14
504,قزوين,كارخانجات‌ قند قزوين‌,268,386787,11044350110,28630,27720,29320,690,2.41,28580,-50,-0.17,27500,29320,1400-4-23,2021-07-14
505,دروز,داروسازي‌ روزدارو,265,550433,16340418120,28410,29830,29830,1420,5,29690,1280,4.51,28520,29830,1400-4-23,2021-07-14
506,كاردان,صندوق س تجارت شاخصي كاردان,265,141273,24701280770,174770,174740,175190,420,0.24,174850,80,0.05,174700,175190,1400-4-23,2021-07-14
507,وارس,سرمايه گذاري ارس صبا,263,900701,12505884577,13646,13940,13646,0,0,13885,239,1.75,13401,14050,1400-4-23,2021-07-14
508,شساخت,مهندسي و ساختمان صنايع نفت,259,1365860,55385484012,39740,38600,40932,1192,3,40550,810,2.04,38600,40932,1400-4-23,2021-07-14
509,تسه9909,امتياز تسهيلات مسكن آذر99,259,4249,2538044478,597972,590009,593500,-4472,-0.75,597327,-645,-0.11,583600,605000,1400-4-23,2021-07-14
510,خاذين,سايپاآذين‌,245,5975282,21283954484,3393,3562,3562,169,4.98,3562,169,4.98,3562,3562,1400-4-23,2021-07-14
511,بفجر,فجر انرژي خليج فارس,243,365981,9643773250,26440,26730,26090,-350,-1.32,26430,-10,-0.04,25550,26970,1400-4-23,2021-07-14
512,گپارس,امور رفاهي كارگزاران پارس,240,106463,12767045286,123575,119876,119868,-3707,-3,119920,-3655,-2.96,119868,123500,1400-4-23,2021-07-14
513,عيار,صندوق سكه طلاي مفيد,238,301854,7993554811,26735,27000,26484,-251,-0.94,26482,-253,-0.95,26300,27000,1400-4-23,2021-07-14
514,لوتوس,تامين سرمايه لوتوس پارسيان,231,1323854,10756262180,8080,8080,8130,50,0.62,8100,20,0.25,8080,8300,1400-4-23,2021-07-14
515,تسه9907,امتياز تسهيلات مسكن مهر99,224,4288,2563913032,598934,590110,585000,-13934,-2.33,597927,-1007,-0.17,585000,604900,1400-4-23,2021-07-14
516,ولتجار,واسپاري تجارت وسرمايه ايرانيان,221,978572,7820635770,7854,8080,7919,65,0.83,7950,96,1.22,7843,8080,1400-4-23,2021-07-14
517,فاما,صنعتي‌ آما,221,489953,7667104650,16050,16380,15570,-480,-2.99,15830,-220,-1.37,15570,16380,1400-4-23,2021-07-14
518,پارسيان,بيمه پارسيان,221,1607709,14698327680,9320,9020,9300,-20,-0.21,9180,-140,-1.5,8880,9380,1400-4-23,2021-07-14
519,گوهر,صندوق سكه طلاي كيان,219,77593,4028065739,52548,52500,52199,-349,-0.66,51913,-635,-1.21,51731,52929,1400-4-23,2021-07-14
520,وبرق,س.کارکنان صنعت برق زنجان وقزوي,216,544892,42152845120,75107,77360,77360,2253,3,77360,2253,3,77360,77360,1400-4-23,2021-07-14
521,حبندر,دريايي و کشتيراني خط دريابندر,215,526155,16029356524,29618,29700,30506,888,3,30465,847,2.86,29700,30506,1400-4-23,2021-07-14
522,وبهمن,سرمايه‌گذاري‌بهمن‌,215,561112,7185989050,12980,12800,12740,-240,-1.85,12890,-90,-0.69,12570,13100,1400-4-23,2021-07-14
523,شفارا,پتروشيمي فارابي,213,5172943,23425970674,4668,4620,4528,-140,-3,4529,-139,-2.98,4528,4620,1400-4-23,2021-07-14
524,شگل,گلتاش‌,213,835551,6646372310,8020,7900,8010,-10,-0.12,7990,-30,-0.37,7870,8110,1400-4-23,2021-07-14
525,خراسان,پتروشيمي خراسان,209,307640,22588456010,73520,75100,73520,0,0,73480,-40,-0.05,73130,75100,1400-4-23,2021-07-14
526,فسا,پتروشيمي فسا,209,2484197,3467939012,1439,1396,1396,-43,-2.99,1422,-17,-1.18,1396,1396,1400-4-23,2021-07-14
527,حخزر,كشتيراني درياي خزر,207,1035210,24842133490,22965,23220,24113,1148,5,23997,1032,4.49,22000,24113,1400-4-23,2021-07-14
528,ضپاس7029,اختيارخ وپارس-2500-1400/07/28,206,6589,4744696000,662,645,740,78,11.78,720,58,8.76,640,744,1400-4-23,2021-07-14
529,رتكو,كنترل‌خوردگي‌تكين‌كو,196,906729,13433991000,14490,15100,14900,410,2.83,14780,290,2,14670,15100,1400-4-23,2021-07-14
530,زپارس,ملي كشت و صنعت و دامپروري پارس,191,115844,13287997350,116410,118000,115690,-720,-0.62,114900,-1510,-1.3,113300,118000,1400-4-23,2021-07-14
531,پسهند,صنايع‌ لاستيكي‌  سهند,182,235331,7477427020,32540,31400,31890,-650,-2,32160,-380,-1.17,31400,32890,1400-4-23,2021-07-14
532,قپيرا,فرآورده‌هاي‌غدايي‌وقندپيرانشهر,181,839689,6951004920,8390,8600,8300,-90,-1.07,8330,-60,-0.72,8130,8600,1400-4-23,2021-07-14
533,فيروزا,صندوق بادرآمد ثابت فيروزه آسيا,180,1461765,34877331305,23869,23876,23875,6,0.03,23860,-9,-0.04,23750,23877,1400-4-23,2021-07-14
534,وآفري,بيمه كارآفرين,180,2919093,8779887503,2928,3015,3011,83,2.83,2989,61,2.08,2960,3015,1400-4-23,2021-07-14
535,دقاضي,داروسازي شهيد قاضي,175,217441,5842982618,27132,26510,27375,243,0.9,26988,-144,-0.53,26510,27590,1400-4-23,2021-07-14
536,سپاس,صندوق س. پاداش سهامداري-ثابت,174,5748881,57753890401,10040,10047,10043,3,0.03,10046,6,0.06,10043,10047,1400-4-23,2021-07-14
537,تسه9902,امتياز تسهيلات مسكن ارديبهشت99,172,2899,1745031476,602879,591000,629999,27120,4.5,601943,-936,-0.16,581000,629999,1400-4-23,2021-07-14
538,نهال,صندوق س. طلاي سرخ نوويرا,171,348991,3238274421,9339,9209,9400,61,0.65,9279,-60,-0.64,9209,9400,1400-4-23,2021-07-14
539,زر,صندوق س.پشتوانه سكه طلاي زر,171,95126,4307826796,46024,45420,45340,-684,-1.49,45285,-739,-1.61,45022,45700,1400-4-23,2021-07-14
540,ركيشح,ح. كارت اعتباري ايران كيش,170,930185,6200601920,2555,6490,6990,4435,173.58,6666,4111,160.9,6490,6990,1400-4-23,2021-07-14
541,سجام,مجتمع سيمان غرب آسيا,168,1048430,3664839242,3569,3580,3465,-104,-2.91,3542,-27,-0.76,3462,3588,1400-4-23,2021-07-14
542,پلوله,گازلوله‌,167,505986,14915568716,28663,29522,29522,859,3,29478,815,2.84,28200,29522,1400-4-23,2021-07-14
543,ارمغان,ص سرمايه گذاري ارمغان ايرانيان,159,2028937,20366062460,10036,10032,10039,3,0.03,10038,2,0.02,10032,10044,1400-4-23,2021-07-14
544,تسه9905,امتياز تسهيلات مسكن مرداد99,156,9399,5633208729,599542,585686,600000,458,0.08,599341,-201,-0.03,585686,600000,1400-4-23,2021-07-14
545,سپيد4,سپيد ماكيان,154,179949140,3778931940000,1000,21000,21000,20000,2000,21000,20000,2000,21000,21000,1400-4-23,2021-07-14
546,تسه9904,امتياز تسهيلات مسكن تير99,153,3001,1815121866,598489,590011,625000,26511,4.43,604839,6350,1.06,590001,625000,1400-4-23,2021-07-14
547,فيروزه,صندوق شاخص30 شركت فيروزه- سهام,146,43189,6565346180,152350,150820,153430,1080,0.71,152010,-340,-0.22,150820,154000,1400-4-23,2021-07-14
548,ساروج,بين المللي ساروج بوشهر,145,787027,13506188956,17219,16900,17550,331,1.92,17161,-58,-0.34,16900,17600,1400-4-23,2021-07-14
549,شرنگي,شيميايي رنگين,144,40896,8350544003,204215,204215,204215,0,0,204193,-22,-0.01,198094,207797,1400-4-23,2021-07-14
550,فردا2,صندوق س آواي فرداي زاگرس-ثابت,142,14200000,14200000,11035,1,1,-11034,-99.99,1,-11034,-99.99,1,1,1400-4-23,2021-07-14
551,وبازار,صندوق س شاخصي بازارآشنا,140,308702,3384838400,10960,11020,11010,50,0.46,10960,0,0,10940,11030,1400-4-23,2021-07-14
552,پخشح,ح. پخش البرز,135,487485,8828025436,18076,17173,17750,-326,-1.8,18109,33,0.18,17173,18600,1400-4-23,2021-07-14
553,وساشرقي,شركت س استان آذربايجان شرقي,132,8056326,6638412624,867,824,824,-43,-4.96,863,-4,-0.46,824,824,1400-4-23,2021-07-14
554,قشرين,قند شيرين خراسان,129,553826,7848268246,13759,14171,14171,412,2.99,14039,280,2.04,14171,14171,1400-4-23,2021-07-14
555,ضشنا8004,اختيارخ شپنا-10800-1400/08/16,129,1573,4146532000,2487,2490,2779,292,11.74,2636,149,5.99,2490,2799,1400-4-23,2021-07-14
556,وحكمت,بيمه حكمت صبا,126,2046923,8402618915,3910,4105,4105,195,4.99,4058,148,3.79,4105,4105,1400-4-23,2021-07-14
557,سحرخيز,صندوق س. گروه زعفران سحرخيز,124,376977,3448878757,9151,9131,9153,2,0.02,9149,-2,-0.02,9110,9154,1400-4-23,2021-07-14
558,آساس,صندوق س.آسمان آرماني سهام-س,117,23933,3962361080,165338,165339,165983,645,0.39,165561,223,0.13,165339,165999,1400-4-23,2021-07-14
559,ثروتم,صندوق س. ثروت آفرين پارسيان-س,116,281020,23804791540,82984,83549,84299,1315,1.58,84709,1725,2.08,83300,85999,1400-4-23,2021-07-14
560,آساميد,صندوق س.مشترك آسمان اميد -د,113,3549464,43826953555,12345,12346,12346,1,0.01,12347,2,0.02,12346,12358,1400-4-23,2021-07-14
561,ضملي7003,اختيارخ فملي-11720-1400/07/11,103,1854,3899937000,2118,1920,2100,-18,-0.85,2104,-14,-0.66,1920,2150,1400-4-23,2021-07-14
562,آرمان,بيمه آرمان,99,177246,1165886896,6658,6499,6553,-105,-1.58,6648,-10,-0.15,6499,6663,1400-4-23,2021-07-14
563,فن آوا,گروه فن آوا,99,2817686,44068609040,15185,15640,15640,455,3,15640,455,3,15640,15640,1400-4-23,2021-07-14
564,دمعيار,صندوق س. توازن معيار-د,95,5151891,52137970012,10114,10115,10120,6,0.06,10120,6,0.06,10115,10121,1400-4-23,2021-07-14
565,خلنت,لنت‌ ترمزايران‌,94,129863,6651582860,48790,51220,51220,2430,4.98,49700,910,1.87,51220,51220,1400-4-23,2021-07-14
566,تسه9810,امتياز تسهيلات مسكن دي98,93,1910,1139290252,596306,590001,600000,3694,0.62,596487,181,0.03,580155,600000,1400-4-23,2021-07-14
567,دپارس,پارس‌ دارو,92,955157,34080001760,33990,35680,35680,1690,4.97,35680,1690,4.97,35680,35680,1400-4-23,2021-07-14
568,تسه9903,امتياز تسهيلات مسكن خرداد99,90,926,562888470,610183,581080,629000,18817,3.08,607871,-2312,-0.38,580111,629000,1400-4-23,2021-07-14
569,قيستو,شركت قند بيستون,89,266149,3474305892,13247,12984,13390,143,1.08,13110,-137,-1.03,12983,13496,1400-4-23,2021-07-14
570,جوين,كشت و صنعت جوين,88,1039679,4080740075,3811,3925,3925,114,2.99,3851,40,1.05,3925,3925,1400-4-23,2021-07-14
571,سكه0012پ04,تمام سكه طرح جديد0012صادرات,87,35100,36419484000,1046995,1039000,1037509,-9486,-0.91,1037592,-9403,-0.9,1033601,1040000,1400-4-23,2021-07-14
572,زفكاح,ح . كشت و دامداري فكا,87,14900000,112048000000,7162,7520,7520,358,5,7520,358,5,7520,7520,1400-4-23,2021-07-14
573,ضپاس7030,اختيارخ وپارس-3000-1400/07/28,81,2691,1067716000,385,342,430,45,11.69,397,12,3.12,342,430,1400-4-23,2021-07-14
574,خاتم,صندوق س خاتم ايساتيس پويا-ثابت,80,1103310,12662191015,11462,11476,11481,19,0.17,11477,15,0.13,11475,11481,1400-4-23,2021-07-14
575,وسين,بيمه سينا,75,1393830,5339762730,3720,3831,3831,111,2.98,3774,54,1.45,3831,3831,1400-4-23,2021-07-14
576,صايند,صندوق س. گنجينه آينده روشن-د,72,449720,4505275800,10021,10020,10018,-3,-0.03,10018,-3,-0.03,10008,10024,1400-4-23,2021-07-14
577,اخزا910,اسنادخزانه-م10بودجه99-020807,72,116680,74248372146,635871,635111,637010,1139,0.18,636342,471,0.07,635111,637295,1400-4-23,2021-07-14
578,آتيمس,صندوق س.آرمان آتيه درخشان مس-س,70,17852,3285317825,183138,183477,184821,1683,0.92,184031,893,0.49,182520,184821,1400-4-23,2021-07-14
579,خفولا,خدمات فني فولاد يزد,69,139737,4049438523,29875,28979,28979,-896,-3,29366,-509,-1.7,28979,28979,1400-4-23,2021-07-14
580,تسه9901,امتياز تسهيلات مسكن فروردين99,68,720,431716140,620774,591000,600000,-20774,-3.35,599606,-21168,-3.41,589736,619970,1400-4-23,2021-07-14
581,دارا,صندوق س. دارا الگوريتم-د,65,1378750,13872071679,10052,10065,10060,8,0.08,10061,9,0.09,10050,10067,1400-4-23,2021-07-14
582,كمان,س.خ.كمان كاريزما 35% تاديه,65,3598160,1259356000000,350000,350000,350000,0,0,350000,0,0,350000,350000,1400-4-23,2021-07-14
583,تسه9809,امتياز تسهيلات مسكن آذر98,65,983,585798618,595475,582222,600000,4525,0.76,595929,454,0.08,582222,603900,1400-4-23,2021-07-14
584,تسه9811,امتياز تسهيلات مسكن بهمن98,65,460,274048172,598791,582555,568852,-29939,-5,595757,-3034,-0.51,568852,600000,1400-4-23,2021-07-14
585,تسه9812,امتياز تسهيلات مسكن اسفند98,63,620,368239905,598937,587777,592500,-6437,-1.07,593935,-5002,-0.84,570001,600000,1400-4-23,2021-07-14
586,تسه9806,امتياز تسهيلات مسكن شهريور98,61,1009,604467355,598058,588505,595082,-2976,-0.5,599076,1018,0.17,586360,609899,1400-4-23,2021-07-14
587,افق ملت,صندوق س در سهام افق ملت,61,18177,2505573990,138040,137110,138300,260,0.19,137840,-200,-0.14,137010,141970,1400-4-23,2021-07-14
588,تيپيكو,سرمايه گذاري دارويي تامين,57,376258,6772644000,17150,18000,18000,850,4.96,17330,180,1.05,18000,18000,1400-4-23,2021-07-14
589,تسه9808,امتياز تسهيلات مسكن آبان98,51,579,348571397,599823,592333,596080,-3743,-0.62,602023,2200,0.37,590033,610010,1400-4-23,2021-07-14
590,ضشنا8003,اختيارخ شپنا-8800-1400/08/16,50,479,2050990000,4064,4000,4410,346,8.51,4282,218,5.36,4000,4410,1400-4-23,2021-07-14
591,اخزا914,اسنادخزانه-م14بودجه99-021025,50,44421,27307027758,616157,613009,616744,587,0.1,614732,-1425,-0.23,613009,616744,1400-4-23,2021-07-14
592,ضسپا8041,اختيارخ خساپا-1600-1400/08/26,50,1523,783628000,493,542,516,23,4.67,515,22,4.46,499,543,1400-4-23,2021-07-14
593,كفرآور,فرآورده هاي سيمان شرق,49,275488,5498740480,20577,19960,19960,-617,-3,20202,-375,-1.82,19960,19960,1400-4-23,2021-07-14
594,صنوين,صندوق سرمايه‌گذاري صنوين-مختلط,49,11401,1266145930,110600,110600,111370,770,0.7,111060,460,0.42,110600,111700,1400-4-23,2021-07-14
595,ضپال2007,اختيارخ اپال-32000-1401/02/12,48,1092,922580000,848,850,849,1,0.12,845,-3,-0.35,785,893,1400-4-23,2021-07-14
596,اخزا903,اسنادخزانه-م3بودجه99-011110,47,112662,83606265480,736565,737000,741100,4535,0.62,742098,5533,0.75,737000,745000,1400-4-23,2021-07-14
597,ضسپا8042,اختيارخ خساپا-1800-1400/08/26,46,2045,820713000,390,370,414,24,6.15,401,11,2.82,370,419,1400-4-23,2021-07-14
598,ضخود7072,اختيارخ خودرو-1400-1400/07/07,46,2434,1957307000,769,880,830,61,7.93,804,35,4.55,760,880,1400-4-23,2021-07-14
599,اخزا820,اسنادخزانه-م20بودجه98-020806,43,15421,9786882208,634102,638888,648999,14897,2.35,634646,544,0.09,634003,649899,1400-4-23,2021-07-14
600,هنوري102,اختيارف ت نوري59561-01/02/15,43,300000,300000,1,1,1,0,0,1,0,0,1,1,1400-4-23,2021-07-14
601,اخزا902,اسنادخزانه-م2بودجه99-011019,43,54465,40662557579,744936,745700,746600,1664,0.22,746581,1645,0.22,745600,747500,1400-4-23,2021-07-14
602,اخزا909,اسنادخزانه-م9بودجه99-020316,42,128408,88503212984,686672,687511,691001,4329,0.63,689234,2562,0.37,687000,691001,1400-4-23,2021-07-14
603,سدبير,س. تدبيرگران فارس وخوزستان,42,14285,1067818035,83056,74751,74751,-8305,-10,82393,-663,-0.8,74751,74751,1400-4-23,2021-07-14
604,ضملي7004,اختيارخ فملي-13720-1400/07/11,40,520,571467000,1136,1100,1080,-56,-4.93,1099,-37,-3.26,1050,1188,1400-4-23,2021-07-14
605,اخزا908,اسنادخزانه-م8بودجه99-020606,40,102477,67483719284,655406,656000,660000,4594,0.7,658525,3119,0.48,656000,660000,1400-4-23,2021-07-14
606,تسه9805,امتياز تسهيلات مسكن مرداد98,39,377,225435172,594634,609998,595000,366,0.06,597971,3337,0.56,588000,609998,1400-4-23,2021-07-14
607,تسه9807,امتياز تسهيلات مسكن مهر98,37,432,258997140,599548,591500,596000,-3548,-0.59,599530,-18,0,591500,607457,1400-4-23,2021-07-14
608,سپر,صندوق س سپر سرمايه بيدار- ثابت,33,495112,6078114954,12265,12278,12275,10,0.08,12276,11,0.09,12275,12278,1400-4-23,2021-07-14
609,الماس,صندوق س.امين تدبيرگران فردا-س,32,4303,461115587,107970,107001,108150,180,0.17,107161,-809,-0.75,107000,108440,1400-4-23,2021-07-14
610,اخزا901,اسنادخزانه-م1بودجه99-010621,31,26162,20817101685,794674,793653,795820,1146,0.14,795700,1026,0.13,793653,798989,1400-4-23,2021-07-14
611,فكمند,گسترش قطعه سازي كمند,31,560710,12144978600,21030,21660,21660,630,3,21660,630,3,21660,21660,1400-4-23,2021-07-14
612,سخند,صندوق س.سپهرخبرگان نفت-د,30,134650,1340446940,9952,9955,9954,2,0.02,9955,3,0.03,9954,9969,1400-4-23,2021-07-14
613,هاميد104,اختيارف ت ثاميد-2050-01/04/20,30,1024757,1024757,1,1,1,0,0,1,0,0,1,1,1400-4-23,2021-07-14
614,سكه0112پ03,تمام سكه طرح جديد0112سامان,28,3700,3841059400,1047785,1037011,1039500,-8285,-0.79,1038124,-9661,-0.92,1037000,1042467,1400-4-23,2021-07-14
615,اوصتا,صندوق انديشه ورزان صباتامين -د,28,986387,18938493238,19187,19195,19195,8,0.04,19200,13,0.07,19195,19200,1400-4-23,2021-07-14
616,ضمخا7075,اختيارخ اخابر-8700-1400/07/28,26,756,1057829000,1254,1400,1300,46,3.67,1399,145,11.56,1211,1420,1400-4-23,2021-07-14
617,زعف0008پ10,زعفران0008نگين طلاي سرخ(پ),25,67400,9224220000,136760,137100,136100,-660,-0.48,136858,98,0.07,136100,137100,1400-4-23,2021-07-14
618,ضملي7002,اختيارخ فملي-9720-1400/07/11,23,457,1653368000,3628,3590,3600,-28,-0.77,3618,-10,-0.28,3525,3700,1400-4-23,2021-07-14
619,اخزا905,اسنادخزانه-م5بودجه99-020218,23,52188,36562343032,699668,701001,700500,832,0.12,700589,921,0.13,699000,701001,1400-4-23,2021-07-14
620,آكورد2,صندوق س. آرمان آتي كوثر-د,23,2300000,2300000,33041,1,1,-33040,-100,1,-33040,-100,1,1,1400-4-23,2021-07-14
621,ضشنا8002,اختيارخ شپنا-7800-1400/08/16,22,198,1020333000,4647,4000,5090,443,9.53,5153,506,10.89,4000,5299,1400-4-23,2021-07-14
622,سكه0011پ02,تمام سكه طرح جديد0011ملت,22,4000,4157860300,1049061,1040000,1039800,-9261,-0.88,1039465,-9596,-0.91,1038002,1040000,1400-4-23,2021-07-14
623,ضشنا8005,اختيارخ شپنا-12800-1400/08/16,22,123,205860000,1495,1401,1790,295,19.73,1674,179,11.97,1211,1790,1400-4-23,2021-07-14
624,زنجان,صنايع كشاورزي وكود زنجان,21,44265,392187900,9134,8860,8860,-274,-3,9125,-9,-0.1,8860,8860,1400-4-23,2021-07-14
625,كساوه,صنايع‌ كاشي‌ و سراميك‌ سينا,21,17756,990962360,58740,55810,55810,-2930,-4.99,58530,-210,-0.36,55810,55810,1400-4-23,2021-07-14
626,ضسپا8043,اختيارخ خساپا-2000-1400/08/26,21,338,113231000,326,326,350,24,7.36,335,9,2.76,315,350,1400-4-23,2021-07-14
627,اوصتا2,صندوق انديشه ورزان صباتامين -د,21,15600000,15600000,19187,1,1,-19186,-99.99,1,-19186,-99.99,1,1,1400-4-23,2021-07-14
628,گنجين,صندوق س. گنجينه يكم آويد-د,21,104867,1388297261,13230,13230,13239,9,0.07,13239,9,0.07,13230,13239,1400-4-23,2021-07-14
629,اخزا806,اسنادخزانه-م6بودجه98-000519,20,6702,6604380588,984675,985401,986900,2225,0.23,985434,759,0.08,985398,986900,1400-4-23,2021-07-14
630,گوهرانح,ح . س. توسعه گوهران اميد,20,31262,134051456,4513,4288,4288,-225,-4.99,4288,-225,-4.99,4288,4288,1400-4-23,2021-07-14
631,وسرضوي,س.سهام عدالت استان خراسان رضوي,20,499907,427420485,899,855,855,-44,-4.89,899,0,0,855,855,1400-4-23,2021-07-14
632,فلات,گروه صنايع معادن فلات ايرانيان,20,183014,2681155100,15103,14650,14650,-453,-3,14977,-126,-0.83,14650,14650,1400-4-23,2021-07-14
633,ضجار7040,اختيارخ وتجارت-2497-1400/07/21,20,467,214785000,440,470,460,20,4.55,460,20,4.55,440,480,1400-4-23,2021-07-14
634,آسام,صندوق س.آرمان سپهر آشنا-م,20,29330,3217762160,109695,109215,109710,15,0.01,109709,14,0.01,109215,109999,1400-4-23,2021-07-14
635,قشهد,شهد,20,85620,1559996400,19170,18220,18220,-950,-4.96,19060,-110,-0.57,18220,18220,1400-4-23,2021-07-14
636,بايكا,كارخانجات كابلسازي ‌ايران‌,19,6922,167318584,25444,24172,24172,-1272,-5,25422,-22,-0.09,24172,24172,1400-4-23,2021-07-14
637,سنير,سيمان‌ سفيد ني‌ريز,19,5947,973642840,172330,163720,163720,-8610,-5,171670,-660,-0.38,163720,163720,1400-4-23,2021-07-14
638,ثشرق,سرمايه گذاري مسكن شمال شرق,18,341528,1994523520,6140,5840,5840,-300,-4.89,6100,-40,-0.65,5840,5840,1400-4-23,2021-07-14
639,طخود7075,اختيارف خودرو-2000-1400/07/07,18,368,36402000,116,100,100,-16,-13.79,99,-17,-14.66,81,100,1400-4-23,2021-07-14
640,قجام,فرآوردههاي غذايي وقندتربت‌جام‌,17,178664,1371960856,7835,7679,7679,-156,-1.99,7791,-44,-0.56,7679,7679,1400-4-23,2021-07-14
641,اخزا815,اسنادخزانه-م15بودجه98-010406,16,56090,46520959533,828551,829420,829401,850,0.1,829398,847,0.1,828000,829999,1400-4-23,2021-07-14
642,ضصاد8036,اختيارخ وبصادر-3989-1400/08/12,16,947,69014000,60,65,75,15,25,73,13,21.67,64,75,1400-4-23,2021-07-14
643,آسام2,صندوق س.آرمان سپهر آشنا-م,16,1600000,1600000,109695,1,1,-109694,-100,1,-109694,-100,1,1,1400-4-23,2021-07-14
644,اخزا911,اسنادخزانه-م11بودجه99-020906,16,30934,19467856026,630000,628111,630999,999,0.16,629335,-665,-0.11,628111,630999,1400-4-23,2021-07-14
645,ضپال2006,اختيارخ اپال-28000-1401/02/12,15,361,599536000,1881,1510,1700,-181,-9.62,1661,-220,-11.7,1510,1795,1400-4-23,2021-07-14
646,اخزا817,اسنادخزانه-م17بودجه98-010512,15,6283,5113299580,813124,811003,814000,876,0.11,813831,707,0.09,811002,814000,1400-4-23,2021-07-14
647,بسويچ,پارس‌سويچ‌,15,30503,773556080,26690,25360,25360,-1330,-4.98,26640,-50,-0.19,25360,25360,1400-4-23,2021-07-14
648,اخزا722,اسنادخزانه-م22بودجه97-000428,15,428,426891980,996528,997000,997500,972,0.1,997411,883,0.09,997000,1000354,1400-4-23,2021-07-14
649,زعف0008پ11,زعفران0008نگين سحرخيز(پ),15,2884,376161246,129696,130000,131500,1804,1.39,130430,734,0.57,130000,131500,1400-4-23,2021-07-14
650,عيار2,صندوق سكه طلاي مفيد,15,150000,150000,26735,1,1,-26734,-100,1,-26734,-100,1,1,1400-4-23,2021-07-14
651,حآسا,آسيا سير ارس,15,34437,1055631798,32267,30654,30654,-1613,-5,32147,-120,-0.37,30654,30654,1400-4-23,2021-07-14
652,ضپنا8001,اختيارخ رمپنا-11850-1400/08/05,14,77,486050000,4000,4100,6750,2750,68.75,6312,2312,57.8,4100,6750,1400-4-23,2021-07-14
653,اخزا809,اسنادخزانه-م9بودجه98-000923,14,32989,30319058335,920040,918501,921000,960,0.1,919066,-974,-0.11,918500,921001,1400-4-23,2021-07-14
654,اخزا808,اسنادخزانه-م8بودجه98-000817,14,3632,3408659620,937809,938248,938248,439,0.05,938508,699,0.07,938248,941990,1400-4-23,2021-07-14
655,ضفلا7004,اختيارخ فولاد-9586-1400/07/25,14,187,539751774,2127,2100,2061,-66,-3.1,2059,-68,-3.2,2030,2100,1400-4-23,2021-07-14
656,داريك,صندوق س.اعتماد داريك-د,14,60081,648884152,10784,10800,10801,17,0.16,10800,16,0.15,10792,10807,1400-4-23,2021-07-14
657,اخزا907,اسنادخزانه-م7بودجه99-020704,13,34130,22121216105,645434,647500,649800,4366,0.68,648146,2712,0.42,646200,649800,1400-4-23,2021-07-14
658,تكنار,مجتمع معادن مس تكنار,13,3905,430397385,116017,110217,110217,-5800,-5,115754,-263,-0.23,110217,110217,1400-4-23,2021-07-14
659,كرونا2,تامين مالي جمعي صرفا اهداي سود,13,3594,35940000,10000,10000,10000,0,0,10000,0,0,10000,10000,1400-4-23,2021-07-14
660,شزنگ,تجهيزنيروي‌زنگان‌,13,3282,475620876,149399,144918,144918,-4481,-3,149177,-222,-0.15,144918,144918,1400-4-23,2021-07-14
661,ضسپا8040,اختيارخ خساپا-1400-1400/08/26,12,168,112866000,581,670,680,99,17.04,672,91,15.66,608,699,1400-4-23,2021-07-14
662,ثتوسا,س.توسعه و عمران استان اردبيل,12,8046,299367522,38357,37207,37207,-1150,-3,38321,-36,-0.09,37207,37207,1400-4-23,2021-07-14
663,ضملت8042,اختيارخ وبملت-3934-1400/08/19,12,226,180610000,690,740,770,80,11.59,799,109,15.8,740,820,1400-4-23,2021-07-14
664,ضخود7079,اختيارخ خودرو-4000-1400/07/07,12,502,11049000,23,27,22,-1,-4.35,22,-1,-4.35,22,27,1400-4-23,2021-07-14
665,ضپاس7028,اختيارخ وپارس-2000-1400/07/28,12,170,194840000,1143,1100,1151,8,0.7,1146,3,0.26,1100,1190,1400-4-23,2021-07-14
666,وملت,سرمايه گذاري ملت,12,52773,220749459,4268,4183,4183,-85,-1.99,4264,-4,-0.09,4183,4183,1400-4-23,2021-07-14
667,ثهام,صندوق س ثروت هامرز-سهام,12,6718,67865018,10101,10070,10071,-30,-0.3,10102,1,0.01,10070,10199,1400-4-23,2021-07-14
668,گكيش,توريستي ورفاهي آبادگران كيش,12,2914,134912372,47729,46298,46298,-1431,-3,47709,-20,-0.04,46298,46298,1400-4-23,2021-07-14
669,اخزا816,اسنادخزانه-م16بودجه98-010503,12,3406,2782535214,816278,816501,817001,723,0.09,816951,673,0.08,816501,819590,1400-4-23,2021-07-14
670,اراد50,مرابحه عام دولت5-ش.خ0302,12,262000,262000082000,1000000,1000000,1000001,1,0,1000000,0,0,1000000,1000001,1400-4-23,2021-07-14
671,ضفلا7003,اختيارخ فولاد-8160-1400/07/25,11,115,541099096,3012,3100,3500,488,16.2,3356,344,11.42,3100,3500,1400-4-23,2021-07-14
672,وخارزمح,ح.سرمايه گذاري خوارزمي,11,88410,424368000,2521,4800,4800,2279,90.4,4800,2279,90.4,4800,4800,1400-4-23,2021-07-14
673,تملي706,تسهيلات مسكن ب. ملي-شهريور97,11,92,71340581,755676,793457,789999,34323,4.54,775441,19765,2.62,725010,793458,1400-4-23,2021-07-14
674,زعف0008پ20,زعفران0008نگين وحدت جام(پ),11,8556,1090063200,126707,127700,127222,515,0.41,127403,696,0.55,127200,127700,1400-4-23,2021-07-14
675,تملي701,تسهيلات مسكن ب. ملي-فروردين97,11,183,150669664,796802,836642,835999,39197,4.92,823331,26529,3.33,756962,836642,1400-4-23,2021-07-14
676,ضملت8041,اختيارخ وبملت-3434-1400/08/19,11,281,274830000,956,910,945,-11,-1.15,978,22,2.3,910,1020,1400-4-23,2021-07-14
677,كتوكا,توليدي و خدمات صنايع نسوز توكا,10,8917,260733080,30778,29240,29240,-1538,-5,30749,-29,-0.09,29240,29240,1400-4-23,2021-07-14
678,اخزا721,اسنادخزانه-م21بودجه97-000728,10,691,657459714,949782,950000,952499,2717,0.29,951461,1679,0.18,950000,952499,1400-4-23,2021-07-14
679,ضپنا8002,اختيارخ رمپنا-13850-1400/08/05,10,57,278100000,3738,4700,4900,1162,31.09,4879,1141,30.52,4700,4900,1400-4-23,2021-07-14
680,اخزا718,اسنادخزانه-م18بودجه97-000525,10,195,191792584,982071,982182,983200,1129,0.11,983552,1481,0.15,982182,984000,1400-4-23,2021-07-14
681,ضجار7039,اختيارخ وتجارت-1997-1400/07/21,10,65,56336000,801,940,850,49,6.12,867,66,8.24,800,950,1400-4-23,2021-07-14
682,زعف0008پ05,زعفران0008نگين زرين(پ),10,6801,873131426,126964,127890,128400,1436,1.13,128383,1419,1.12,127500,129298,1400-4-23,2021-07-14
683,ضپيك7044,اختيارخ تاپيكو-12070-00/07/18,10,184,271364000,1656,1500,1450,-206,-12.44,1475,-181,-10.93,1350,1500,1400-4-23,2021-07-14
684,بذر,صندوق س بذر اميد آفرين-سهام,9,1340,130232060,98510,97130,97700,-810,-0.82,97190,-1320,-1.34,97130,97700,1400-4-23,2021-07-14
685,اراد48,مرابحه عام دولت4-ش.خ 0009,9,109200,107016000000,980000,980000,980000,0,0,980000,0,0,980000,980000,1400-4-23,2021-07-14
686,فجام,جام‌دارو,9,27420,240747600,9240,8780,8780,-460,-4.98,9230,-10,-0.11,8780,8780,1400-4-23,2021-07-14
687,اخزا906,اسنادخزانه-م6بودجه99-020321,9,817,576165603,707457,700868,709999,2542,0.36,705221,-2236,-0.32,700868,709999,1400-4-23,2021-07-14
688,ضصاد8032,اختيارخ وبصادر-1989-1400/08/12,9,141,86860000,574,690,615,41,7.14,616,42,7.32,600,760,1400-4-23,2021-07-14
689,غدام,خوراك‌  دام‌ پارس‌,9,377,139659650,389940,370450,370450,-19490,-5,389750,-190,-0.05,370450,370450,1400-4-23,2021-07-14
690,ثامان,سامان‌ گستراصفهان‌,9,7486,150842900,21210,20150,20150,-1060,-5,21200,-10,-0.05,20150,20150,1400-4-23,2021-07-14
691,بالبر,كابل‌ البرز,9,2428,113848920,49350,46890,46890,-2460,-4.98,49330,-20,-0.04,46890,46890,1400-4-23,2021-07-14
692,زرين2,صندوق س. سهام زرين كوروش-س,9,8800000,8800000,11335,1,1,-11334,-99.99,1,-11334,-99.99,1,1,1400-4-23,2021-07-14
693,اخزا814,اسنادخزانه-م14بودجه98-010318,9,12682,10634533103,837784,837501,839000,1216,0.15,838553,769,0.09,837501,840000,1400-4-23,2021-07-14
694,ساذري,آذريت‌,8,28189,208147576,7169,7384,7384,215,3,7173,4,0.06,7384,7384,1400-4-23,2021-07-14
695,كيان2,صندوق س. با درآمد ثابت كيان,8,800000,800000,29371,1,1,-29370,-100,1,-29370,-100,1,1,1400-4-23,2021-07-14
696,پست0008پ08,پسته فندقي32-30مه ولات0008(پ),8,223,398400099,1787615,1795000,1795000,7385,0.41,1786547,-1068,-0.06,1780000,1799999,1400-4-23,2021-07-14
697,آبين,كشت و صنعت آبشيرين,8,43749,173596032,4048,3968,3968,-80,-1.98,4045,-3,-0.07,3968,3968,1400-4-23,2021-07-14
698,سنفت007,سلف موازي استاندارد سنفت007,8,416600,809037200000,1605000,1942000,1942000,337000,21,1942000,337000,21,1942000,1942000,1400-4-23,2021-07-14
699,وسصفا,شركت س استان اصفهان,8,252348,224337372,935,889,889,-46,-4.92,935,0,0,889,889,1400-4-23,2021-07-14
700,ضخود7073,اختيارخ خودرو-1600-1400/07/07,8,160,100776000,622,626,640,18,2.89,630,8,1.29,625,640,1400-4-23,2021-07-14
701,اخزا723,اسنادخزانه-م23بودجه97-000824,7,10056,9417381319,933870,934000,936330,2460,0.26,936494,2624,0.28,934000,936500,1400-4-23,2021-07-14
702,ضملت8043,اختيارخ وبملت-4434-1400/08/19,7,268,135788000,500,500,478,-22,-4.4,507,7,1.4,478,680,1400-4-23,2021-07-14
703,ثجوان,تامين مسكن جوانان,7,24778,245599536,10433,9912,9912,-521,-4.99,10420,-13,-0.12,9912,9912,1400-4-23,2021-07-14
704,زير0103پ01,زيره سبز0103كيميابذر(پ),7,530,385295087,766580,720000,730000,-36580,-4.77,726972,-39608,-5.17,720000,734999,1400-4-23,2021-07-14
705,ضشنا8001,اختيارخ شپنا-6800-1400/08/16,7,54,327590000,5517,5720,6200,683,12.38,6066,549,9.95,5720,6200,1400-4-23,2021-07-14
706,گكيشح,ح.توريستي ورفاهي آبادگران كيش,7,8000,323950360,41000,41000,38540,-2460,-6,40494,-506,-1.23,38540,41500,1400-4-23,2021-07-14
707,اخزا821,اسنادخزانه-م21بودجه98-020906,7,3193,2001395022,624103,626100,626251,2148,0.34,626807,2704,0.43,626100,629500,1400-4-23,2021-07-14
708,شسم,توليد سموم‌ علف‌ كش,7,2934,287590680,96099,98020,98020,1921,2,96207,108,0.11,98020,98020,1400-4-23,2021-07-14
709,ثاباد,توريستي ورفاهي آبادگران ايران,6,4840,234207600,50930,48390,48390,-2540,-4.99,50890,-40,-0.08,48390,48390,1400-4-23,2021-07-14
710,ضجار7038,اختيارخ وتجارت-1797-1400/07/21,6,76,72911000,911,950,959,48,5.27,959,48,5.27,941,975,1400-4-23,2021-07-14
711,اطلس2,صندوق س.توسعه اندوخته آينده-س,6,60000,60000,231359,1,1,-231358,-100,1,-231358,-100,1,1,1400-4-23,2021-07-14
712,قلرست,قند لرستان‌,6,2413,75575160,32960,31320,31320,-1640,-4.98,32950,-10,-0.03,31320,31320,1400-4-23,2021-07-14
713,جهرم,پتروشيمي جهرم,6,199206,330681960,1711,1660,1660,-51,-2.98,1709,-2,-0.12,1660,1660,1400-4-23,2021-07-14
714,ضصاد8030,اختيارخ وبصادر-1589-1400/08/12,6,73,59625000,724,800,810,86,11.88,817,93,12.85,800,830,1400-4-23,2021-07-14
715,طخود7076,اختيارف خودرو-2500-1400/07/07,6,50,15400000,300,300,320,20,6.67,308,8,2.67,300,320,1400-4-23,2021-07-14
716,زير0103پ04,زيره سبز0103شركت مينوبذر(پ),6,74,53911800,712568,760100,700000,-12568,-1.76,728538,15970,2.24,700000,770000,1400-4-23,2021-07-14
717,اخزا904,اسنادخزانه-م4بودجه99-011215,6,18411,13324572502,722060,722300,723651,1591,0.22,723729,1669,0.23,722300,724000,1400-4-23,2021-07-14
718,ثزاگرس,سرمايه گذاري توسعه عمران زاگرس,6,5892,296632740,52994,50345,50345,-2649,-5,52911,-83,-0.16,50345,50345,1400-4-23,2021-07-14
719,ضشنا8006,اختيارخ شپنا-14800-1400/08/16,6,129,140482000,851,1000,1098,247,29.02,1089,238,27.97,1000,1099,1400-4-23,2021-07-14
720,ضملت8044,اختيارخ وبملت-4934-1400/08/19,6,84,25682000,309,300,302,-7,-2.27,306,-3,-0.97,300,328,1400-4-23,2021-07-14
721,سفاسي,شركت فارسيت اهواز,6,14543,118510907,8401,8149,8149,-252,-3,8398,-3,-0.04,8149,8149,1400-4-23,2021-07-14
722,كصدف,كاشي صدف سرام استقلال آباده,6,1173,28685715,25211,24455,24455,-756,-3,25209,-2,-0.01,24455,24455,1400-4-23,2021-07-14
723,تملي802,تسهيلات مسكن ب. ملي-ارديبهشت98,5,51,37668512,716865,720000,752707,35842,5,738598,21733,3.03,720000,752708,1400-4-23,2021-07-14
724,كترام,توليدي‌ كاشي‌ تكسرام‌,5,5347,232915320,45850,43560,43560,-2290,-4.99,45810,-40,-0.09,43560,43560,1400-4-23,2021-07-14
725,اخزا807,اسنادخزانه-م7بودجه98-000719,5,301,287534450,953666,954000,956546,2880,0.3,955264,1598,0.17,954000,956546,1400-4-23,2021-07-14
726,ضصاد8035,اختيارخ وبصادر-3489-1400/08/12,5,404,53000000,80,130,250,170,212.5,131,51,63.75,130,250,1400-4-23,2021-07-14
727,زعف0008پ09,زعفران0008نگين نوين(پ),5,20000,2765000000,136844,139000,137500,656,0.48,138250,1406,1.03,137500,139000,1400-4-23,2021-07-14
728,ضجار7041,اختيارخ وتجارت-2997-1400/07/21,5,136,34650000,226,254,257,31,13.72,255,29,12.83,250,257,1400-4-23,2021-07-14
729,لازما,كارخانه هاي صنعتي آزمايش,5,1576,51774752,33868,32852,32852,-1016,-3,33863,-5,-0.01,32852,32852,1400-4-23,2021-07-14
730,اراد47,مرابحه عام دولت4-ش.خ 0008,5,100000,98699450000,990000,987000,987000,-3000,-0.3,986994,-3006,-0.3,986000,987000,1400-4-23,2021-07-14
731,ضمخا7076,اختيارخ اخابر-9700-1400/07/28,5,75,74200000,858,990,1000,142,16.55,989,131,15.27,970,1000,1400-4-23,2021-07-14
732,ضپنا8006,اختيارخ رمپنا-23850-1400/08/05,5,62,29700000,400,600,450,50,12.5,479,79,19.75,450,600,1400-4-23,2021-07-14
733,اخزا713,اسنادخزانه-م13بودجه97-000518,5,1900,1873352450,984248,985935,985935,1687,0.17,985975,1727,0.18,985935,986001,1400-4-23,2021-07-14
734,اخزا811,اسنادخزانه-م11بودجه98-001013,5,1877,1710340000,910337,911000,912000,1663,0.18,911209,872,0.1,911000,912500,1400-4-23,2021-07-14
735,اخزا810,اسنادخزانه-م10بودجه98-001006,5,11113,10164613234,913934,915000,914551,617,0.07,914660,726,0.08,914002,915000,1400-4-23,2021-07-14
736,دشيري,شيرين دارو,5,2006,406309282,208811,202547,202547,-6264,-3,208548,-263,-0.13,202547,202547,1400-4-23,2021-07-14
737,وهنر,گروه توسعه هنر ايران,4,22871,165951976,7480,7256,7256,-224,-2.99,7476,-4,-0.05,7256,7256,1400-4-23,2021-07-14
738,سخواف,سيمان مجد خواف,4,91917,1449439173,16256,15769,15769,-487,-3,16183,-73,-0.45,15769,15769,1400-4-23,2021-07-14
739,شكف,كف,4,653,63685131,99517,97527,97527,-1990,-2,99504,-13,-0.01,97527,97527,1400-4-23,2021-07-14
740,ضسپا8039,اختيارخ خساپا-1200-1400/08/26,4,15,12820000,671,855,850,179,26.68,855,184,27.42,850,855,1400-4-23,2021-07-14
741,شگويات.ف0104,اختيارف.تبعي شگويا010408,4,33000,33000,1,1,1,0,0,1,0,0,1,1,1400-4-23,2021-07-14
742,ثاصفا,شركت‌ ساختمان‌ اصفهان‌,4,3195,82098720,26490,25696,25696,-794,-3,26483,-7,-0.03,25696,25696,1400-4-23,2021-07-14
743,ضچاد7035,اختيارخ كچاد-25870-1400/07/04,4,40,100040000,3210,2090,2950,-260,-8.1,2501,-709,-22.09,2050,2950,1400-4-23,2021-07-14
744,تملي710,تسهيلات مسكن ب. ملي-دي97,4,168,115591585,657175,624317,690000,32825,4.99,688045,30870,4.7,624317,690000,1400-4-23,2021-07-14
745,زعف0008پ16,زعفران0008نگين بيرجند(پ),4,4560,581435031,127420,126702,127500,80,0.06,127508,88,0.07,126702,127999,1400-4-23,2021-07-14
746,ثقزوي,شركت عمران و سازندگي قزوين,4,999,30097872,31713,30128,30128,-1585,-5,31708,-5,-0.02,30128,30128,1400-4-23,2021-07-14
747,ضملي7005,اختيارخ فملي-15720-1400/07/11,4,21,13739000,749,650,659,-90,-12.02,654,-95,-12.68,650,659,1400-4-23,2021-07-14
748,پست0008پ04,پسته فندقي32-30سبزدانه0008(پ),4,70,127850000,1899333,1810000,1850000,-49333,-2.6,1826429,-72904,-3.84,1810000,1850000,1400-4-23,2021-07-14
749,زعف0008پ19,زعفران0008نگين تروند قاينات(پ),4,1200,164440000,136758,137100,137000,242,0.18,137033,275,0.2,137000,137100,1400-4-23,2021-07-14
750,ضصاد8031,اختيارخ وبصادر-1789-1400/08/12,4,304,219960000,679,770,740,61,8.98,724,45,6.63,700,770,1400-4-23,2021-07-14
751,ثاژن,سخت آژند,3,2711,25027952,9420,9232,9232,-188,-2,9419,-1,-0.01,9232,9232,1400-4-23,2021-07-14
752,اراد55,مرابحه عام دولت5-ش.خ 0209,3,1000,964998400,959998,940000,969998,10000,1.04,964998,5000,0.52,940000,969998,1400-4-23,2021-07-14
753,تملي804,تسهيلات مسكن ب. ملي-تير98,3,49,41513483,869392,912861,825923,-43469,-5,847214,-22178,-2.55,825923,912861,1400-4-23,2021-07-14
754,داراب,پتروشيمي داراب,3,11850,28048950,2440,2367,2367,-73,-2.99,2440,0,0,2367,2367,1400-4-23,2021-07-14
755,فراز2,صندوق س.سهام فراز داريك-س,3,1500000,1500000,11960,1,1,-11959,-99.99,1,-11959,-99.99,1,1,1400-4-23,2021-07-14
756,ضخوز7039,اختيارخ فخوز-15200-1400/07/14,3,4,10000000,2730,2500,2500,-230,-8.42,2500,-230,-8.42,2500,2500,1400-4-23,2021-07-14
757,ضترا8058,اختيارخ شتران-3442-1400/08/09,3,32,73990000,2981,2200,3100,119,3.99,2312,-669,-22.44,2200,3100,1400-4-23,2021-07-14
758,پارتين,ص.ج.پارتيان,3,3100,1213900000,370000,389000,393000,23000,6.22,391581,21581,5.83,389000,393000,1400-4-23,2021-07-14
759,زماهان,مجتمع توليد گوشت مرغ ماهان,3,7332,119614248,17172,16314,16314,-858,-5,17165,-7,-0.04,16314,16314,1400-4-23,2021-07-14
760,وشمال,س. چشم انداز توسعه شمال,3,181,15135039,88020,83619,83619,-4401,-5,88013,-7,-0.01,83619,83619,1400-4-23,2021-07-14
761,اراد62,مرابحه عام دولت62-ش.خ0309,3,3000,3020000000,1050000,1000000,1010000,-40000,-3.81,1006667,-43333,-4.13,1000000,1010000,1400-4-23,2021-07-14
762,غمهرا,توليدي‌مهرام‌,3,545,55655400,107490,102120,102120,-5370,-5,107470,-20,-0.02,102120,102120,1400-4-23,2021-07-14
763,كمند2,صندوق س. با درآمد ثابت كمند,3,148200000,148200000,10038,1,1,-10037,-99.99,1,-10037,-99.99,1,1,1400-4-23,2021-07-14
764,كمرجان,بازرگاني و توليدي مرجان كار,3,185,25076195,142681,135547,135547,-7134,-5,142668,-13,-0.01,135547,135547,1400-4-23,2021-07-14
765,تملي703,تسهيلات مسكن ب. ملي-خرداد97,3,25,15794804,638602,670532,610001,-28601,-4.48,631792,-6810,-1.07,610001,670532,1400-4-23,2021-07-14
766,زعف0008پ08,زعفران0008نگين روستا(پ),3,4000,510600000,127199,127700,127600,401,0.32,127650,451,0.35,127600,127700,1400-4-23,2021-07-14
767,هپارس102,اختيارف ت پارس-157010-01/02/05,3,5859,5859,1,1,1,0,0,1,0,0,1,1,1400-4-23,2021-07-14
768,بكاب,صنايع‌جوشكاب‌يزد,3,93,30192450,341730,324650,324650,-17080,-5,341690,-40,-0.01,324650,324650,1400-4-23,2021-07-14
769,ضپاس7026,اختيارخ وپارس-1600-1400/07/28,2,30,43500000,1300,1400,1500,200,15.38,1450,150,11.54,1400,1500,1400-4-23,2021-07-14
770,ضپنا8000,اختيارخ رمپنا-9850-1400/08/05,2,3,22601000,7263,8200,6201,-1062,-14.62,7534,271,3.73,6201,8200,1400-4-23,2021-07-14
771,اخزا818,اسنادخزانه-م18بودجه98-010614,2,1450,1163096750,799129,798015,803990,4861,0.61,802136,3007,0.38,798015,803990,1400-4-23,2021-07-14
772,اخزا813,اسنادخزانه-م13بودجه98-010219,2,1145,976112500,852367,852500,852500,133,0.02,852500,133,0.02,852500,852500,1400-4-23,2021-07-14
773,افران2,صندوق س افرا نماد پايدار-ثابت,2,3200000,3200000,13758,1,1,-13757,-99.99,1,-13757,-99.99,1,1,1400-4-23,2021-07-14
774,ضپنا8004,اختيارخ رمپنا-17850-1400/08/05,2,20,38000000,300,1900,1900,1600,533.33,1900,1600,533.33,1900,1900,1400-4-23,2021-07-14
775,اراد434,مرابحه عام دولت4-ش.خ 0205,2,3136000,2968568960000,935000,946620,946600,11600,1.24,946610,11610,1.24,946600,946620,1400-4-23,2021-07-14
776,اراد834,مرابحه عام دولت83-ش.خ041220,2,26000000,23823423000000,1000000,916301,916270,-83730,-8.37,916285,-83715,-8.37,916270,916301,1400-4-23,2021-07-14
777,مشهد0012,مشاركت شهرداري مشهد-3ماهه20%,2,120,118800000,990000,990000,990000,0,0,990000,0,0,990000,990000,1400-4-23,2021-07-14
778,اراد724,مرابحه عام دولت72-ش.خ0311,2,355000,325378500000,925000,933300,905000,-20000,-2.16,916559,-8441,-0.91,905000,933300,1400-4-23,2021-07-14
779,جم2,پتروشيمي جم,2,3368442,133212643800,40080,39600,39400,-680,-1.7,39547,-533,-1.33,39400,39600,1400-4-23,2021-07-14
780,ضجار7043,اختيارخ وتجارت-3997-1400/07/21,2,67,4355000,59,65,65,6,10.17,65,6,10.17,65,65,1400-4-23,2021-07-14
781,امين يكم2,صندوق درآمد ثابت امين يكم فردا,2,2000000,2000000,10094,1,1,-10093,-99.99,1,-10093,-99.99,1,1,1400-4-23,2021-07-14
782,ومعادن2,توسعه‌معادن‌وفلزات‌,2,420000000,4095000000000,9750,9750,9750,0,0,9750,0,0,9750,9750,1400-4-23,2021-07-14
783,ثنام,س ساختماني ب نام آوران مهندسي,2,639,10292373,16605,16107,16107,-498,-3,16604,-1,-0.01,16107,16107,1400-4-23,2021-07-14
784,زعف0008پ15,زعفران0008پوشالمعمول طلاسرخ(پ),2,440,43912000,99810,99800,99800,-10,-0.01,99800,-10,-0.01,99800,99800,1400-4-23,2021-07-14
785,ضفلا7006,اختيارخ فولاد-12440-1400/07/25,2,2,2241798,800,799,800,0,0,799,-1,-0.13,799,800,1400-4-23,2021-07-14
786,تملي803,تسهيلات مسكن ب. ملي-خرداد98,2,27,17819892,694732,659996,659996,-34736,-5,659996,-34736,-5,659996,659996,1400-4-23,2021-07-14
787,ضفلا7005,اختيارخ فولاد-11013-1400/07/25,2,12,21030000,1416,1250,1250,-166,-11.72,1250,-166,-11.72,1250,1250,1400-4-23,2021-07-14
788,صبا14044,اجاصبابدون ضامن بارتبه اعتباري,2,600000,600000000000,1000000,1000000,1000000,0,0,1000000,0,0,1000000,1000000,1400-4-23,2021-07-14
789,اراد404,مرابحه عام دولت4-ش.خ 0207,2,2094000,1902499512000,1000000,908596,908500,-91500,-9.15,908548,-91452,-9.15,908500,908596,1400-4-23,2021-07-14
790,اخزا8162,اسنادخزانه-م16بودجه98-010503,2,465524,381006121600,816278,829600,807200,-9078,-1.11,818446,2168,0.27,807200,829600,1400-4-23,2021-07-14
791,كاريس4,صندوق س.سپهر كاريزما-س,2,6740000,86743800000,12874,12870,12870,-4,-0.03,12870,-4,-0.03,12870,12870,1400-4-23,2021-07-14
792,وسالت,بانك قرض الحسنه رسالت,2,5146,5887024,1111,1144,1144,33,2.97,1111,0,0,1144,1144,1400-4-23,2021-07-14
793,ضترا8057,اختيارخ شتران-3000-1400/08/09,2,7,27800000,3980,3800,4000,20,0.5,3971,-9,-0.23,3800,4000,1400-4-23,2021-07-14
794,اراد334,مرابحه عام دولت3-ش.خ 0303,2,3194000,2815747356000,963755,881648,881500,-82255,-8.53,881574,-82181,-8.53,881500,881648,1400-4-23,2021-07-14
795,اراد594,مرابحه عام دولتي5-ش.خ 0309,2,10450000,9738892200000,1000000,931956,931950,-68050,-6.81,931951,-68049,-6.8,931950,931956,1400-4-23,2021-07-14
796,اوصتا4,صندوق انديشه ورزان صباتامين -د,2,59895000,1149984000000,19187,19200,19200,13,0.07,19200,13,0.07,19200,19200,1400-4-23,2021-07-14
797,دحاوي,الحاوي,2,1597,18839809,12161,11797,11797,-364,-2.99,12160,-1,-0.01,11797,11797,1400-4-23,2021-07-14
798,سرو2,صندوق س سروسودمند مدبران-سهام,2,300000,300000,70320,1,1,-70319,-100,1,-70319,-100,1,1,1400-4-23,2021-07-14
799,ضپاس7027,اختيارخ وپارس-1800-1400/07/28,2,100,145000000,1150,1450,1450,300,26.09,1450,300,26.09,1450,1450,1400-4-23,2021-07-14
800,طخود7073,اختيارف خودرو-1600-1400/07/07,2,30,600000,1,20,20,19,1900,20,19,1900,20,20,1400-4-23,2021-07-14
801,نيرو,نيرو سرمايه,2,220,10900340,51079,49547,49547,-1532,-3,51077,-2,0,49547,49547,1400-4-23,2021-07-14
802,طخود7074,اختيارف خودرو-1800-1400/07/07,2,40,1600000,1,40,40,39,3900,40,39,3900,40,40,1400-4-23,2021-07-14
803,وثخوز,سرمايه گذاري و توسعه خوزستان,1,500,32176000,67738,64352,64352,-3386,-5,67726,-12,-0.02,64352,64352,1400-4-23,2021-07-14
804,مبين0162,اجاره اعتماد مبين اميد011019,1,979500,920338200000,940000,939600,939600,-400,-0.04,939600,-400,-0.04,939600,939600,1400-4-23,2021-07-14
805,ضپيك7043,اختيارخ تاپيكو-10070-00/07/18,1,17,37570000,3100,2210,2210,-890,-28.71,2210,-890,-28.71,2210,2210,1400-4-23,2021-07-14
806,ضپنا8003,اختيارخ رمپنا-15850-1400/08/05,1,5,18000000,3150,3600,3600,450,14.29,3600,450,14.29,3600,3600,1400-4-23,2021-07-14
807,مارون2,پتروشيمي مارون,1,260988,45672900000,176113,175000,175000,-1113,-0.63,175000,-1113,-0.63,175000,175000,1400-4-23,2021-07-14
808,ضمخا7071,اختيارخ اخابر-23700-1400/07/28,1,1,56000,59,56,56,-3,-5.08,56,-3,-5.08,56,56,1400-4-23,2021-07-14
809,ثنظام,س. ساختماني نظام مهندسي ايران,1,110,5038550,47221,45805,45805,-1416,-3,47220,-1,0,45805,45805,1400-4-23,2021-07-14
810,اراد36,مرابحه عام دولت3-ش.خ 0104,1,200,197000000,995643,985000,985000,-10643,-1.07,985000,-10643,-1.07,985000,985000,1400-4-23,2021-07-14
811,هفجر102,اختيارف ت بفجر8626-01/02/11,1,75000,75000,1,1,1,0,0,1,0,0,1,1,1400-4-23,2021-07-14
812,ضسان7078,اختيارخ پارسان-18000-00/07/14,1,4,34000000,7900,8500,8500,600,7.59,8500,600,7.59,8500,8500,1400-4-23,2021-07-14
813,ضپاس7033,اختيارخ وپارس-4500-1400/07/28,1,5,450000,60,90,90,30,50,90,30,50,90,90,1400-4-23,2021-07-14
814,ميدكو2,توسعه معادن وص.معدني خاورميانه,1,60000000,2622000000000,42170,43700,43700,1530,3.63,43700,1530,3.63,43700,43700,1400-4-23,2021-07-14
815,هبساز103,اختيارف ت ثبهساز-2346-01/03/18,1,571,571,1,1,1,0,0,1,0,0,1,1,1400-4-23,2021-07-14
816,تاپيكو2,س. نفت و گاز و پتروشيمي تأمين,1,65530975,867630109000,13240,13240,13240,0,0,13240,0,0,13240,13240,1400-4-23,2021-07-14
817,اراد22,مرابحه عام دولت2-ش.خ لوتوس0212,1,5000,4800000000,950000,960000,960000,10000,1.05,960000,10000,1.05,960000,960000,1400-4-23,2021-07-14
818,ضسپا8044,اختيارخ خساپا-2500-1400/08/26,1,1,220000,196,220,220,24,12.24,220,24,12.24,220,220,1400-4-23,2021-07-14
819,آسام4,صندوق س.آرمان سپهر آشنا-م,1,535000,60187500000,109695,112500,112500,2805,2.56,112500,2805,2.56,112500,112500,1400-4-23,2021-07-14
820,وآتوس,س.آرين توسكا قيمت اسمي 350ريال,1,119,5170312,44791,43448,43448,-1343,-3,44790,-1,0,43448,43448,1400-4-23,2021-07-14
821,ضپيك7042,اختيارخ تاپيكو-8070-00/07/18,1,1,3999000,3500,3999,3999,499,14.26,3999,499,14.26,3999,3999,1400-4-23,2021-07-14
822,مكرما034,مشاركت ش كرمانشاه034-3ماهه18%,1,1000,1000000000,1000000,1000000,1000000,0,0,1000000,0,0,1000000,1000000,1400-4-23,2021-07-14
823,مكرما304,مشاركت ش كرمانشاه304-3ماهه18%,1,1000,1000000000,1000000,1000000,1000000,0,0,1000000,0,0,1000000,1000000,1400-4-23,2021-07-14
824,اراد494,مرابحه عام دولت4-ش.خ 0206,1,216000,208828800000,936577,966800,966800,30223,3.23,966800,30223,3.23,966800,966800,1400-4-23,2021-07-14
825,ولراز,ليزينگ رازي,1,100,5430700,55986,54307,54307,-1679,-3,55985,-1,0,54307,54307,1400-4-23,2021-07-14
826,صبا1404,اجاصبابدون ضامن بارتبه اعتباري,1,50000,52500000000,1000000,1050000,1050000,50000,5,1050000,50000,5,1050000,1050000,1400-4-23,2021-07-14
827,تملي612,تسهيلات مسكن بانك ملي-اسفند96,1,7,5287296,795082,755328,755328,-39754,-5,755328,-39754,-5,755328,755328,1400-4-23,2021-07-14
828,فملي2,ملي‌ صنايع‌ مس‌ ايران‌,1,180000000,2255400000000,12770,12530,12530,-240,-1.88,12530,-240,-1.88,12530,12530,1400-4-23,2021-07-14
829,لپيام,گسترش صنايع پيام,1,100,5031000,51865,50310,50310,-1555,-3,51864,-1,0,50310,50310,1400-4-23,2021-07-14
830,ضترا8060,اختيارخ شتران-4323-1400/08/09,1,10,17000000,1500,1700,1700,200,13.33,1700,200,13.33,1700,1700,1400-4-23,2021-07-14
831,اخزا812,اسنادخزانه-م12بودجه98-001111,1,22,19769024,898592,898592,898592,0,0,898592,0,0,898592,898592,1400-4-23,2021-07-14
832,ضمخا7077,اختيارخ اخابر-6700-1400/07/28,1,12,36000000,2600,3000,3000,400,15.38,3000,400,15.38,3000,3000,1400-4-23,2021-07-14
833,ضچاد7033,اختيارخ كچاد-17870-1400/07/04,1,10,80000000,6900,8000,8000,1100,15.94,8000,1100,15.94,8000,8000,1400-4-23,2021-07-14
834,نبروج,نساجي بروجرد,1,4792,28986808,5817,6049,6049,232,3.99,5818,1,0.02,6049,6049,1400-4-23,2021-07-14
835,نگين,ص.س. زمين و ساختمان نگين شهرري,1,112,5486880,48920,48990,48990,70,0.14,48990,70,0.14,48990,48990,1400-4-23,2021-07-14
836,واميد2,گروه مديريت سرمايه گذاري اميد,1,18700000,195041000000,10430,10430,10430,0,0,10430,0,0,10430,10430,1400-4-23,2021-07-14
837,صخود14122,ص مرابحه خودرو1412- 3ماهه 18%,1,990000,976585500000,1000000,986450,986450,-13550,-1.36,986450,-13550,-1.36,986450,986450,1400-4-23,2021-07-14
838,مصفها203,مشاركت ش اصفهان203-3ماهه18%,1,300,300000000,981000,1000000,1000000,19000,1.94,1000000,19000,1.94,1000000,1000000,1400-4-23,2021-07-14
839,اراد49,مرابحه عام دولت4-ش.خ 0206,1,500,477500000,936577,955000,955000,18423,1.97,955000,18423,1.97,955000,955000,1400-4-23,2021-07-14
840,افاد24,منفعت دولتي2-شرايط خاص14000626,1,5490000,5494842180000,985000,1000882,1000882,15882,1.61,1000882,15882,1.61,1000882,1000882,1400-4-23,2021-07-14
841,اراد344,مرابحه عام دولت3-ش.خ 0305,1,9350000,8193246050000,1000000,876283,876283,-123717,-12.37,876283,-123717,-12.37,876283,876283,1400-4-23,2021-07-14
842,ضپنا8005,اختيارخ رمپنا-19850-1400/08/05,1,1,1400000,775,1400,1400,625,80.65,1400,625,80.65,1400,1400,1400-4-23,2021-07-14
843,طمخا7068,اختيارف اخابر-15700-1400/07/28,1,1,7251000,6962,7251,7251,289,4.15,7251,289,4.15,7251,7251,1400-4-23,2021-07-14
844,حاريا,كشتيراني آريا,1,430,7219700,17132,16790,16790,-342,-2,17131,-1,-0.01,16790,16790,1400-4-23,2021-07-14
845,وسقم,شركت س استان قم,1,5000,6695000,1409,1339,1339,-70,-4.97,1409,0,0,1339,1339,1400-4-23,2021-07-14
846,پست0008پ09,پسته بادامي30-28مه ولات0008(پ),1,3,5265570,1671610,1755190,1755190,83580,5,1755190,83580,5,1755190,1755190,1400-4-23,2021-07-14
847,تملي807,تسهيلات مسكن ب. ملي-مهر98,1,7,6238169,891167,891167,891167,0,0,891167,0,0,891167,891167,1400-4-23,2021-07-14
848,ضجار7042,اختيارخ وتجارت-3497-1400/07/21,1,1,109000,101,109,109,8,7.92,109,8,7.92,109,109,1400-4-23,2021-07-14
849,مكرما0342,مشاركت ش كرمانشاه034-3ماهه18%,1,380000,380000000000,1000000,1000000,1000000,0,0,1000000,0,0,1000000,1000000,1400-4-23,2021-07-14
850,شخارك2,پتروشيمي‌ خارك‌,1,1000000,50570000000,50440,50570,50570,130,0.26,50570,130,0.26,50570,50570,1400-4-23,2021-07-14
851,تملي707,تسهيلات مسكن ب. ملي-مهر97,1,8,6144864,768108,768108,768108,0,0,768108,0,0,768108,768108,1400-4-23,2021-07-14
852,فولاد2,فولاد مباركه اصفهان,1,8000000,84800000000,10830,10600,10600,-230,-2.12,10600,-230,-2.12,10600,10600,1400-4-23,2021-07-14
853,اراد424,مرابحه عام دولت4-ش.خ 0106,1,6500000,6258330000000,999999,962820,962820,-37179,-3.72,962820,-37179,-3.72,962820,962820,1400-4-23,2021-07-14
854,افاد734,منفعت دولت7-ش.خاص نوين0204,1,1600000,1600000000000,1005502,1000000,1000000,-5502,-0.55,1000000,-5502,-0.55,1000000,1000000,1400-4-23,2021-07-14
855,مكرما3042,مشاركت ش كرمانشاه304-3ماهه18%,1,1480000,1480000000000,1000000,1000000,1000000,0,0,1000000,0,0,1000000,1000000,1400-4-23,2021-07-14
856,كاريس2,صندوق س.سپهر كاريزما-س,1,4200000,4200000,12874,1,1,-12873,-99.99,1,-12873,-99.99,1,1,1400-4-23,2021-07-14
857,طمخا7071,اختيارف اخابر-23700-1400/07/28,1,1,15587000,14459,15587,15587,1128,7.8,15587,1128,7.8,15587,15587,1400-4-23,2021-07-14
