,نماد,نام,تعداد,حجم,ارزش,دیروز,اولین,آخرین معامله - مقدار,آخرین معامله - تغییر,آخرین معامله - درصد,قیمت پایانی - مقدار,قیمت پایانی - تغییر,قیمت پایانی - درصد,کمترین,بیشترین,تاریخ,gregorian_date
0,فتوسا,توليد و توسعه سرب روي ايرانيان,38917,31440151,458648922788,13894,14588,14588,694,4.99,14588,694,4.99,14588,14588,1400-3-29,2021-06-19
1,پالايش,صندوق پالايشي يكم-سهام,31186,44040992,3210338106540,72320,72200,72890,570,0.79,72890,570,0.79,71800,73850,1400-3-29,2021-06-19
2,فگستر,گسترش صنايع روي ايرانيان,26297,14897771,218088636051,14014,14600,14714,700,5,14639,625,4.46,14038,14714,1400-3-29,2021-06-19
3,غكورش,صنعت غذايي كورش,22506,8584717,319027833200,37910,37630,37020,-890,-2.35,37160,-750,-1.98,36510,38250,1400-3-29,2021-06-19
4,دارا يكم,صندوق واسطه گري مالي يكم-سهام,21224,20147762,2557418339890,123510,125830,127320,3810,3.08,126930,3420,2.77,125300,128500,1400-3-29,2021-06-19
5,ولكار,ليزينگ كارآفرين,19985,5528541,15828212883,2727,2863,2863,136,4.99,2863,136,4.99,2863,2863,1400-3-29,2021-06-19
6,شپنا,پالايش نفت اصفهان,18344,201743432,2551995391010,12280,12450,12890,610,4.97,12650,370,3.01,12090,12890,1400-3-29,2021-06-19
7,خودرو,ايران‌ خودرو,16890,563270598,1139728352707,2049,2029,2007,-42,-2.05,2023,-26,-1.27,1960,2090,1400-3-29,2021-06-19
8,فملي,ملي‌ صنايع‌ مس‌ ايران‌,13661,89434294,1062827040900,11980,11880,11900,-80,-0.67,11880,-100,-0.83,11750,12010,1400-3-29,2021-06-19
9,خگستر,گسترش‌سرمايه‌گذاري‌ايران‌خودرو,11927,364350687,923876518862,2518,2560,2550,32,1.27,2536,18,0.71,2425,2629,1400-3-29,2021-06-19
10,فرابورس,فرابورس ايران,11430,52752116,1313933577342,26053,24751,25090,-963,-3.7,24908,-1145,-4.39,24751,25760,1400-3-29,2021-06-19
11,فولاد,فولاد مباركه اصفهان,11316,157409167,1588033866820,9920,9910,10210,290,2.92,10090,170,1.71,9880,10240,1400-3-29,2021-06-19
12,اپال,فرآوري معدني اپال كاني پارس,11305,4166117,79887776970,19050,19100,19210,160,0.84,19130,80,0.42,19060,19240,1400-3-29,2021-06-19
13,سپيدار,سپيدار سيستم آسيا,10483,1048133,56140104129,54247,54510,53301,-946,-1.74,53562,-685,-1.26,52700,55790,1400-3-29,2021-06-19
14,خساپا,سايپا,10279,372775280,630495353038,1702,1685,1683,-19,-1.12,1691,-11,-0.65,1642,1733,1400-3-29,2021-06-19
15,كرمان,س. توسعه و عمران استان كرمان,9141,280990442,328825738280,1175,1199,1154,-21,-1.79,1170,-5,-0.43,1122,1228,1400-3-29,2021-06-19
16,چخزر,صنايع چوب خزر كاسپين,8863,1925675,65283386070,34107,34255,33490,-617,-1.81,33902,-205,-0.6,32800,35080,1400-3-29,2021-06-19
17,خپارس,پارس‌ خودرو,8678,349477521,365157930802,1075,1045,1043,-32,-2.98,1045,-30,-2.79,1023,1086,1400-3-29,2021-06-19
18,شستا,سرمايه گذاري تامين اجتماعي,8635,60322130,638525366800,10180,10300,10680,500,4.91,10590,410,4.03,10200,10680,1400-3-29,2021-06-19
19,رافزا,رايان هم افزا,8518,2115527,162975166593,81022,76971,76971,-4051,-5,77038,-3984,-4.92,76971,78000,1400-3-29,2021-06-19
20,وبملت,بانك ملت,8254,225357390,877783787440,3781,3860,3900,119,3.15,3895,114,3.02,3821,3960,1400-3-29,2021-06-19
21,شاروم,پتروشيمي اروميه,7705,4280755,64856945524,15056,15499,15370,314,2.09,15151,95,0.63,14710,15499,1400-3-29,2021-06-19
22,شتران,پالايش نفت تهران,7470,101432015,879958802100,8370,8450,8780,410,4.9,8680,310,3.7,8340,8780,1400-3-29,2021-06-19
23,پترول,گ.س.وت.ص.پتروشيمي خليج فارس,7214,69094063,635160780590,8800,9220,9240,440,5,9190,390,4.43,9010,9240,1400-3-29,2021-06-19
24,زملارد,كشاورزي و دامپروري ملارد شير,6867,2141797,67278331600,32888,31810,31244,-1644,-5,31412,-1476,-4.49,31244,33190,1400-3-29,2021-06-19
25,ومدير,گ.مديريت ارزش سرمايه ص ب كشوري,6721,3345571,10501747369,2990,3139,3139,149,4.98,3089,99,3.31,3139,3139,1400-3-29,2021-06-19
26,كزغال,زغال سنگ پروده طبس,5812,2424897,75832048802,31187,31041,31380,193,0.62,31272,85,0.27,30971,31790,1400-3-29,2021-06-19
27,غزر,صنعتي زر ماكارون,5626,3859385,90717459220,23040,23240,23390,350,1.52,23510,470,2.04,23040,23860,1400-3-29,2021-06-19
28,كالا,بورس كالاي ايران,5549,15194268,422664720430,29100,27650,27990,-1110,-3.81,27820,-1280,-4.4,27650,28780,1400-3-29,2021-06-19
29,بوعلي,پتروشيمي بوعلي سينا,5237,3486408,157476197120,43220,43960,45380,2160,5,45170,1950,4.51,43390,45380,1400-3-29,2021-06-19
30,بورس,بورس اوراق بهادار تهران,5133,19567581,459371136070,23070,21920,24220,1150,4.98,23480,410,1.78,21920,24220,1400-3-29,2021-06-19
31,كاما,باما,5055,35235021,306584906640,8690,8850,8720,30,0.35,8700,10,0.12,8440,8900,1400-3-29,2021-06-19
32,خاهن,آهنگري‌ تراكتورسازي‌ ايران‌,4366,67889608,720819560750,10820,10280,10280,-540,-4.99,10620,-200,-1.85,10280,10990,1400-3-29,2021-06-19
33,وبصادر,بانك صادرات ايران,4069,208293801,431796295634,1977,2040,2075,98,4.96,2073,96,4.86,2010,2075,1400-3-29,2021-06-19
34,ذوب,سهامي ذوب آهن  اصفهان,3885,62005450,213640136949,3373,3400,3480,107,3.17,3446,73,2.16,3350,3520,1400-3-29,2021-06-19
35,غگل,گلوكوزان‌,3813,76114524,246538914391,3315,3150,3340,25,0.75,3239,-76,-2.29,3150,3390,1400-3-29,2021-06-19
36,ثبهساز,بهساز كاشانه تهران,3759,38517512,69840800851,1770,1765,1858,88,4.97,1813,43,2.43,1745,1858,1400-3-29,2021-06-19
37,ولپارس,ليزينگ پارسيان,3676,4178901,16299452311,3871,3830,3930,59,1.52,3900,29,0.75,3829,3990,1400-3-29,2021-06-19
38,وكبهمن,مديريت سرمايه گذاري كوثربهمن,3633,1294785,13923646815,10654,10786,10862,208,1.95,10746,92,0.86,10550,10999,1400-3-29,2021-06-19
39,وغدير,سرمايه‌گذاري‌غدير(هلدينگ‌,3572,55956540,600957846090,10370,10300,10880,510,4.92,10740,370,3.57,10300,10880,1400-3-29,2021-06-19
40,فروي,ذوب روي اصفهان,3519,6456775,197940906886,29367,30158,30835,1468,5,30656,1289,4.39,30000,30835,1400-3-29,2021-06-19
41,كمند,صندوق س. با درآمد ثابت كمند,3499,136814810,1378755085591,10061,10077,10078,17,0.17,10078,17,0.17,10077,10079,1400-3-29,2021-06-19
42,خبهمن,گروه‌بهمن‌,3476,120704872,150277891819,1231,1260,1254,23,1.87,1245,14,1.14,1205,1280,1400-3-29,2021-06-19
43,وپويا,سرمايه گذاري پويا,3374,6540824,27898803725,4262,4183,4271,9,0.21,4265,3,0.07,4183,4350,1400-3-29,2021-06-19
44,ثاميد,توسعه و عمران اميد,3287,46768483,74085061532,1522,1513,1598,76,4.99,1584,62,4.07,1513,1598,1400-3-29,2021-06-19
45,وسپهر,سرمايه گذاري مالي سپهرصادرات,3220,7793890,70886093866,9094,9095,9095,1,0.01,9095,1,0.01,9094,9103,1400-3-29,2021-06-19
46,شبريز,پالايش نفت تبريز,3116,19682540,555982566490,27010,27600,28360,1350,5,28250,1240,4.59,27500,28360,1400-3-29,2021-06-19
47,كارين,صندوق س نگين سامان-ثابت,3076,154024880,1565208465830,10149,10166,10163,14,0.14,10162,13,0.13,10161,10167,1400-3-29,2021-06-19
48,آبادا,توليد نيروي برق آبادان,3062,1075952,9965571910,9390,8930,9500,110,1.17,9300,-90,-0.96,8930,9680,1400-3-29,2021-06-19
49,وتجارت,بانك تجارت,3058,179095571,410845239874,2185,2294,2294,109,4.99,2294,109,4.99,2294,2294,1400-3-29,2021-06-19
50,آريا,پليمر آريا ساسول,3020,1527949,127595796011,83484,84500,83800,316,0.38,83508,24,0.03,82300,84500,1400-3-29,2021-06-19
51,غگيلا,شيرپاستوريزه پگاه گيلان,2950,1436769,22253293342,15907,15610,15150,-757,-4.76,15488,-419,-2.63,15117,16160,1400-3-29,2021-06-19
52,خزاميا,زامياد,2855,29809169,164428428260,5590,5460,5510,-80,-1.43,5520,-70,-1.25,5320,5750,1400-3-29,2021-06-19
53,امين يكم,صندوق درآمد ثابت امين يكم فردا,2832,88770881,900381377114,10132,10135,10144,12,0.12,10143,11,0.11,10135,10150,1400-3-29,2021-06-19
54,كيان,صندوق س. با درآمد ثابت كيان,2783,59820223,1731629968936,28906,28947,28950,44,0.15,28947,41,0.14,28946,28951,1400-3-29,2021-06-19
55,فارس,صنايع پتروشيمي خليج فارس,2763,33612100,324621454140,9420,9480,9700,280,2.97,9660,240,2.55,9430,9890,1400-3-29,2021-06-19
56,چدن,توليدي چدن سازان,2568,37503260,148215873235,4005,4010,4050,45,1.12,3952,-53,-1.32,3820,4078,1400-3-29,2021-06-19
57,حكشتي,كشتيراني جمهوري اسلامي ايران,2525,13170022,181890549150,13690,13690,13860,170,1.24,13810,120,0.88,13280,14100,1400-3-29,2021-06-19
58,پيزد,مجتمع صنايع لاستيك يزد,2488,657160,39195013716,57554,58390,60431,2877,5,59643,2089,3.63,56100,60431,1400-3-29,2021-06-19
59,سيتا,سرمايه گذاري سيمان تامين,2440,3033612,45507109060,15000,14500,15010,10,0.07,15000,0,0,14500,15030,1400-3-29,2021-06-19
60,سمگا,گروه سرمايه گذاري ميراث فرهنگي,2333,7053257,140930108805,19888,19500,19710,-178,-0.9,19981,93,0.47,19500,20600,1400-3-29,2021-06-19
61,ثشاهد,سرمايه‌ گذاري‌ شاهد,2310,8457780,104411368940,12930,12500,12290,-640,-4.95,12350,-580,-4.49,12290,12820,1400-3-29,2021-06-19
62,بنو,بيمه تجارت نو,2275,7971861,165516758698,21240,21980,20178,-1062,-5,20763,-477,-2.25,20178,22100,1400-3-29,2021-06-19
63,وپارس,بانك‌پارسيان‌,2247,43778634,117659637918,2676,2715,2687,11,0.41,2687,11,0.41,2601,2745,1400-3-29,2021-06-19
64,ونوين,بانك‌اقتصادنوين‌,2181,53165311,238875139902,4328,4300,4544,216,4.99,4493,165,3.81,4300,4544,1400-3-29,2021-06-19
65,فسپا,گروه‌صنعتي‌سپاهان‌,2147,4762387,199388902560,40110,42100,41510,1400,3.49,41870,1760,4.39,40600,42110,1400-3-29,2021-06-19
66,وسلرستا,شركت س استان لرستان,2145,104270962,59572314587,591,566,586,-5,-0.85,571,-20,-3.38,563,586,1400-3-29,2021-06-19
67,شفن,پتروشيمي فناوران,2127,1026791,326565446560,303140,310000,318290,15150,5,318040,14900,4.92,310000,318290,1400-3-29,2021-06-19
68,خمحركه,نيرو محركه‌,2121,23450075,79072915859,3472,3330,3350,-122,-3.51,3372,-100,-2.88,3299,3530,1400-3-29,2021-06-19
69,شپديس,پتروشيمي پرديس,2120,3086948,334553601000,104030,104690,109230,5200,5,108380,4350,4.18,104520,109230,1400-3-29,2021-06-19
70,فجر,فولاد اميركبيركاشان,2112,5336053,145762986110,28010,28250,27000,-1010,-3.61,27320,-690,-2.46,26840,28250,1400-3-29,2021-06-19
71,غشهداب,كشت و صنعت شهداب ناب خراسان,2105,20224695,63499695006,3230,3120,3115,-115,-3.56,3140,-90,-2.79,3082,3213,1400-3-29,2021-06-19
72,بگيلان,توسعه مسير برق گيلان,2087,365105,6840744527,19196,18402,18720,-476,-2.48,19098,-98,-0.51,18400,19090,1400-3-29,2021-06-19
73,كوير,توليدي فولاد سپيد فراب كوير,2082,23936163,319604152360,13410,13400,13370,-40,-0.3,13350,-60,-0.45,13050,13440,1400-3-29,2021-06-19
74,اعتماد,صندوق س.اعتماد آفرين پارسيان-د,2078,53727680,1990907676190,37005,37055,37057,52,0.14,37056,51,0.14,37054,37059,1400-3-29,2021-06-19
75,حريل,ريل پردازسير,2065,25695141,102835470458,4173,3980,3980,-193,-4.62,4002,-171,-4.1,3965,4199,1400-3-29,2021-06-19
76,خبازرس,بازرسي مهندسي و صنعتي ايران,2062,4818701,118912190235,24820,24076,24570,-250,-1.01,24677,-143,-0.58,24076,25530,1400-3-29,2021-06-19
77,كيميا,معدني كيمياي زنجان گستران,1979,7632770,102225601217,12946,13100,13300,354,2.73,13393,447,3.45,12592,13593,1400-3-29,2021-06-19
78,صبا,سرمايه گذاري صبا تامين,1963,7854952,56131753476,7027,6914,7168,141,2.01,7082,55,0.78,6914,7360,1400-3-29,2021-06-19
79,دماوند,توليد نيروي برق دماوند,1942,4275381,119723929988,28139,27300,27550,-589,-2.09,28003,-136,-0.48,26840,28500,1400-3-29,2021-06-19
80,فاراك,ماشين‌ سازي‌ اراك‌,1937,35026462,70199934910,1990,2001,1990,0,0,2004,14,0.7,1961,2044,1400-3-29,2021-06-19
81,تاپيكو,س. نفت و گاز و پتروشيمي تأمين,1904,42477797,455800607130,10260,10150,10770,510,4.97,10730,470,4.58,10100,10770,1400-3-29,2021-06-19
82,بترانس,ايران‌ ترانسفو,1870,36548998,79713411266,2116,2126,2221,105,4.96,2181,65,3.07,2126,2221,1400-3-29,2021-06-19
83,ختوقا,قطعات‌ اتومبيل‌ ايران‌,1855,43747727,90251619668,1970,2060,2068,98,4.97,2063,93,4.72,1990,2068,1400-3-29,2021-06-19
84,چكاپا,گروه صنايع كاغذ پارس,1845,20188069,73229343536,3608,3570,3606,-2,-0.06,3627,19,0.53,3550,3730,1400-3-29,2021-06-19
85,توريل,توكاريل,1833,10744339,153302763925,14055,14757,13680,-375,-2.67,14268,213,1.52,13511,14757,1400-3-29,2021-06-19
86,فخوز,فولاد  خوزستان,1821,12062951,184556446860,15030,15160,15500,470,3.13,15300,270,1.8,14980,15550,1400-3-29,2021-06-19
87,فزرين,زرين معدن آسيا,1779,5382929,84406861137,16054,16257,15539,-515,-3.21,15680,-374,-2.33,15252,16310,1400-3-29,2021-06-19
88,دتوليد,داروسازي توليد دارو,1768,4182749,59680187236,15709,14139,14139,-1570,-9.99,14268,-1441,-9.17,14139,14890,1400-3-29,2021-06-19
89,امين,تامين سرمايه امين,1768,1814629,12921718300,7120,7120,7120,0,0,7120,0,0,7120,7130,1400-3-29,2021-06-19
90,پتاير,ايران‌ تاير,1761,24337354,66853066755,2789,2752,2720,-69,-2.47,2747,-42,-1.51,2691,2860,1400-3-29,2021-06-19
91,وخارزم,سرمايه گذاري خوارزمي,1755,42944270,184872705491,4103,4180,4308,205,5,4305,202,4.92,4100,4308,1400-3-29,2021-06-19
92,ماديرا,صنايع ماديران,1743,13639697,102171538573,7792,7425,7480,-312,-4,7491,-301,-3.86,7403,7700,1400-3-29,2021-06-19
93,قشير,قند شيروان قوچان و بجنورد,1669,4409235,71044667875,16667,16050,15865,-802,-4.81,16113,-554,-3.32,15834,17380,1400-3-29,2021-06-19
94,ثاخت,بين‌المللي‌توسعه‌ساختمان,1575,31235428,61809664199,1925,1965,1997,72,3.74,1979,54,2.81,1921,2020,1400-3-29,2021-06-19
95,وساپا,سرمايه‌گذاري‌ سايپا,1557,20118000,96712630853,4726,4900,4819,93,1.97,4807,81,1.71,4652,4900,1400-3-29,2021-06-19
96,گشان,توسعه بين المللي پديده شانديز,1545,3199425,64354224532,20425,20061,20017,-408,-2,20114,-311,-1.52,20017,20733,1400-3-29,2021-06-19
97,ومعادن,توسعه‌معادن‌وفلزات‌,1530,19334372,155004395800,7900,7920,8090,190,2.41,8020,120,1.52,7820,8110,1400-3-29,2021-06-19
98,حسير,ريل سير كوثر,1528,10920581,142416139383,13581,12902,13024,-557,-4.1,13041,-540,-3.98,12902,13899,1400-3-29,2021-06-19
99,وسخوز,شركت س استان خوزستان,1524,86070196,53449641118,653,621,621,-32,-4.9,626,-27,-4.13,621,623,1400-3-29,2021-06-19
100,سپيدما,صندوق س. سپيد دماوند-د,1433,84329949,887654676056,10516,10525,10526,10,0.1,10526,10,0.1,10525,10530,1400-3-29,2021-06-19
101,زدشت,كشت و صنعت دشت خرم دره,1367,3330951,69266874759,21715,22300,20630,-1085,-5,20795,-920,-4.24,20630,22300,1400-3-29,2021-06-19
102,شاراك,پتروشيمي شازند,1354,5774891,155294811360,25970,25900,27260,1290,4.97,26890,920,3.54,25900,27260,1400-3-29,2021-06-19
103,نمرينو,ايران‌ مرينوس‌,1340,914099,70152776510,84600,76140,76140,-8460,-10,76750,-7850,-9.28,76140,83610,1400-3-29,2021-06-19
104,زشگزا,شير و گوشت زاگرس شهركرد,1339,11012857,64628585630,6138,5832,5832,-306,-4.99,5868,-270,-4.4,5832,6120,1400-3-29,2021-06-19
105,نوين,بيمه نوين,1334,14214662,69452707014,5131,4950,4875,-256,-4.99,4886,-245,-4.77,4875,5161,1400-3-29,2021-06-19
106,پارند,صندوق س. پارند پايدار سپهر,1333,51524107,577915234510,11204,11224,11215,11,0.1,11216,12,0.11,11215,11224,1400-3-29,2021-06-19
107,كگل,معدني و صنعتي گل گهر,1328,6067695,99255202190,15950,16280,16390,440,2.76,16280,330,2.07,16210,16490,1400-3-29,2021-06-19
108,وپاسار,بانك  پاسارگاد,1312,14894402,226331114840,15180,15180,15210,30,0.2,15200,20,0.13,15180,15220,1400-3-29,2021-06-19
109,خموتور,موتورسازان‌تراكتورسازي‌ايران‌,1288,6727775,64758597730,9360,9100,9780,420,4.49,9630,270,2.88,9100,9820,1400-3-29,2021-06-19
110,ساراب,سيمان‌ داراب‌,1270,5376217,126149169170,22700,22150,23830,1130,4.98,23460,760,3.35,21580,23830,1400-3-29,2021-06-19
111,ونيكي,سرمايه‌گذاري‌ ملي‌ايران‌,1260,12515941,104872890420,8050,8150,8450,400,4.97,8380,330,4.1,7900,8450,1400-3-29,2021-06-19
112,زگلدشت,كشت و دام گلدشت نمونه اصفهان,1257,4945961,48360723251,9505,9910,9651,146,1.54,9778,273,2.87,9252,9980,1400-3-29,2021-06-19
113,كحافظ,كاشي‌ وسراميك‌ حافظ‌,1215,5563249,42414812760,8010,7610,7610,-400,-4.99,7620,-390,-4.87,7610,7790,1400-3-29,2021-06-19
114,خودكفا,اقتصادي و خودكفايي آزادگان,1208,4968629,85331220697,17592,17270,17065,-527,-3,17174,-418,-2.38,17065,17500,1400-3-29,2021-06-19
115,غصينو,صنعتي مينو,1206,1647549,78821577832,49965,50000,47467,-2498,-5,47940,-2025,-4.05,47467,50500,1400-3-29,2021-06-19
116,خكمك,كمك‌فنرايندامين‌,1201,6388461,111458836330,25000,18000,17100,-7900,-31.6,17450,-7550,-30.2,17100,18750,1400-3-29,2021-06-19
117,تسه0002,امتيازتسهيلاتمسكن ارديبهشت1400,1177,36685,22568112547,613977,614112,599800,-14177,-2.31,615186,1209,0.2,588000,632000,1400-3-29,2021-06-19
118,حفاري,حفاري شمال,1175,13278399,79809106650,5790,5790,6070,280,4.84,6010,220,3.8,5790,6070,1400-3-29,2021-06-19
119,كسرا,سراميك‌هاي‌صنعتي‌اردكان‌,1172,6962205,104891019800,14480,14520,15200,720,4.97,15070,590,4.07,14520,15200,1400-3-29,2021-06-19
120,سيمرغ,سيمرغ,1167,3268574,50273181960,15450,15720,15300,-150,-0.97,15380,-70,-0.45,15110,16070,1400-3-29,2021-06-19
121,بجهرم,توسعه مولد نيروگاهي جهرم,1162,12815941,26834512079,2038,2050,2129,91,4.47,2094,56,2.75,2050,2135,1400-3-29,2021-06-19
122,فرآور,فرآوري‌موادمعدني‌ايران‌,1152,2661401,67042115150,25870,26220,25100,-770,-2.98,25190,-680,-2.63,24750,26440,1400-3-29,2021-06-19
123,فلوله,لوله‌وماشين‌سازي‌ايران‌,1142,5672096,88848470800,16420,15810,15640,-780,-4.75,15660,-760,-4.63,15600,16300,1400-3-29,2021-06-19
124,ومعادنح,ح . توسعه‌معادن‌وفلزات‌,1141,9293774,53805068710,5670,5630,5810,140,2.47,5790,120,2.12,5600,5870,1400-3-29,2021-06-19
125,وپست,پست بانك ايران,1128,5309826,130179569910,23810,24100,24230,420,1.76,24520,710,2.98,23610,25000,1400-3-29,2021-06-19
126,پاكشو,گروه صنعتي پاكشو,1120,18084438,98935280760,5630,5350,5400,-230,-4.09,5480,-150,-2.66,5350,5800,1400-3-29,2021-06-19
127,لابسا,آبسال‌,1114,1417731,50206287900,36400,35000,35720,-680,-1.87,35410,-990,-2.72,34580,36960,1400-3-29,2021-06-19
128,شبهرن,نفت‌ بهران‌,1109,6614672,75241983300,10980,11140,11520,540,4.92,11380,400,3.64,10980,11520,1400-3-29,2021-06-19
129,ضخود7075,اختيارخ خودرو-2000-1400/07/07,1080,45885,11781117000,250,283,250,0,0,257,7,2.8,247,299,1400-3-29,2021-06-19
130,شيران,س. صنايع‌شيميايي‌ايران,1069,3908886,78572401410,19920,19770,20200,280,1.41,20100,180,0.9,19730,20500,1400-3-29,2021-06-19
131,سبهان,سيمان‌ بهبهان‌,1061,827447,44414621090,55160,53000,54000,-1160,-2.1,53680,-1480,-2.68,53000,55980,1400-3-29,2021-06-19
132,وبيمه,سرمايه‌ گذاري‌ صنعت‌ بيمه‌,1042,26542222,44120326946,1601,1610,1681,80,5,1662,61,3.81,1541,1681,1400-3-29,2021-06-19
133,كوثر,بيمه كوثر,1014,11852303,161034087044,12949,13450,13596,647,5,13587,638,4.93,13330,13596,1400-3-29,2021-06-19
134,كروي,توسعه‌ معادن‌ روي‌ ايران‌,1002,2504011,50665256960,19340,20100,20300,960,4.96,20230,890,4.6,19380,20300,1400-3-29,2021-06-19
135,ساوه,سيمان ساوه,1002,393292,17626860186,44768,43810,44767,-1,0,44819,51,0.11,43110,46000,1400-3-29,2021-06-19
136,طلا,صندوق س.پشتوانه طلاي لوتوس,1000,399373,29723836150,77019,76010,74000,-3019,-3.92,74426,-2593,-3.37,73900,76010,1400-3-29,2021-06-19
137,شسپا,نفت سپاهان,988,5926806,93477296960,15160,15380,15910,750,4.95,15770,610,4.02,15170,15910,1400-3-29,2021-06-19
138,غويتا,ويتانا,978,3322693,33344544652,10157,10200,10000,-157,-1.55,10035,-122,-1.2,9910,10376,1400-3-29,2021-06-19
139,قصفها,قنداصفهان‌,977,466668,41220803300,92560,87940,87940,-4620,-4.99,88330,-4230,-4.57,87940,91790,1400-3-29,2021-06-19
140,آگاس,صندوق س.هستي بخش آگاه-س,976,986885,63999877693,64125,64250,65011,886,1.38,64850,725,1.13,64250,65199,1400-3-29,2021-06-19
141,باران,بيمه زندگي باران50%تاديه,974,11962028,61495635984,5181,5336,5130,-51,-0.98,5141,-40,-0.77,5026,5336,1400-3-29,2021-06-19
142,كاذر,فرآورده‌هاي‌نسوزآذر,966,5106962,68011254860,13190,13500,13380,190,1.44,13320,130,0.99,13020,13550,1400-3-29,2021-06-19
143,كلوند,كاشي‌ الوند,964,2557947,49924705620,20040,19080,19550,-490,-2.45,19520,-520,-2.59,19080,20220,1400-3-29,2021-06-19
144,سغرب,سيمان‌غرب‌,962,3004161,69665232180,22190,23250,23290,1100,4.96,23190,1000,4.51,22650,23290,1400-3-29,2021-06-19
145,وتوكا,سرمايه‌گذاري‌توكافولاد(هلدينگ,949,5107691,42545352470,8290,8250,8370,80,0.97,8330,40,0.48,8100,8460,1400-3-29,2021-06-19
146,وآرين,شركت توسعه اقتصادي آرين,949,16514842,53974126362,3361,3261,3261,-100,-2.98,3268,-93,-2.77,3261,3333,1400-3-29,2021-06-19
147,اخابر,مخابرات ايران,928,6351932,43254020460,6830,6710,6830,0,0,6820,-10,-0.15,6660,6910,1400-3-29,2021-06-19
148,ودي,بيمه  دي,928,3194044,69974148395,21182,21186,21818,636,3,21908,726,3.43,21186,22190,1400-3-29,2021-06-19
149,فباهنرح,ح . مس‌ شهيدباهنر,928,3333748,50183665160,14460,14610,15350,890,6.15,15050,590,4.08,14600,15480,1400-3-29,2021-06-19
150,كچاد,معدني‌وصنعتي‌چادرملو,924,3542988,82583255620,23220,23190,23400,180,0.78,23280,60,0.26,22810,23520,1400-3-29,2021-06-19
151,شدوص,دوده‌ صنعتي‌ پارس‌,913,3331774,57067847760,16540,17300,17360,820,4.96,17130,590,3.57,16520,17360,1400-3-29,2021-06-19
152,غپينو,پارس‌ مينو,905,7286867,45703745330,6560,6400,6240,-320,-4.88,6270,-290,-4.42,6240,6650,1400-3-29,2021-06-19
153,رنيك,جنرال مكانيك,899,3044801,55950419838,17514,18389,18389,875,5,18376,862,4.92,18145,18389,1400-3-29,2021-06-19
154,قرنح,ح . پديده شيمي قرن,891,995520,23555034860,23550,23550,23530,-20,-0.08,23660,110,0.47,23520,23790,1400-3-29,2021-06-19
155,تملت,تامين سرمايه بانك ملت,888,3873343,18015377820,4627,4675,4653,26,0.56,4648,21,0.45,4628,4690,1400-3-29,2021-06-19
156,تاصيكو,سرمايه گذاري صدرتامين,885,6148809,57944031620,9320,9010,9590,270,2.9,9370,50,0.54,9010,9650,1400-3-29,2021-06-19
157,فباهنر,مس‌ شهيدباهنر,883,2307192,43566084410,18070,18970,18970,900,4.98,18880,810,4.48,18000,18970,1400-3-29,2021-06-19
158,پارسان,گسترش نفت و گاز پارسيان,877,5092169,101723358230,19380,19800,20020,640,3.3,19870,490,2.53,19320,20340,1400-3-29,2021-06-19
159,كاوه,فولاد كاوه جنوب كيش,872,3866396,70168086600,18020,17990,18370,350,1.94,18110,90,0.5,17820,18390,1400-3-29,2021-06-19
160,خريخت,صنايع‌ريخته‌گري‌ايران‌,871,10934089,29188307422,2598,2699,2680,82,3.16,2669,71,2.73,2520,2718,1400-3-29,2021-06-19
161,دانا,بيمه دانا,870,10192586,43974227323,4144,4050,4351,207,5,4314,170,4.1,4050,4351,1400-3-29,2021-06-19
162,شغدير,پتروشيمي غدير,867,1268661,78159629730,61880,62370,61880,0,0,61610,-270,-0.44,60400,63210,1400-3-29,2021-06-19
163,كطبس,ذغال‌سنگ‌ نگين‌ ط‌بس‌,864,762382,37406858900,49700,48400,49000,-700,-1.41,49070,-630,-1.27,48150,50790,1400-3-29,2021-06-19
164,خشرق,الكتريك‌ خودرو شرق‌,853,4937649,49237160090,10480,9960,9960,-520,-4.96,9970,-510,-4.87,9960,10300,1400-3-29,2021-06-19
165,رمپنا,گروه مپنا (سهامي عام),844,5361447,65015872040,12100,12060,12120,20,0.17,12110,10,0.08,11940,12300,1400-3-29,2021-06-19
166,تيپيكو,سرمايه گذاري دارويي تامين,841,3970787,153322162810,38060,38790,39020,960,2.52,38610,550,1.45,37530,39960,1400-3-29,2021-06-19
167,بهپاك,صنعتي بهپاك,839,9482007,59075255949,6004,6120,6304,300,5,6230,226,3.76,6000,6304,1400-3-29,2021-06-19
168,سامان,بانك سامان,830,7413766,64112061298,8501,8670,8750,249,2.93,8648,147,1.73,8469,8756,1400-3-29,2021-06-19
169,سبزوا,سيمان لار سبزوار,819,8331772,22294026368,2652,2700,2667,15,0.57,2676,24,0.9,2630,2720,1400-3-29,2021-06-19
170,خاذين,سايپاآذين‌,812,11403904,30071676035,2703,2582,2639,-64,-2.37,2637,-66,-2.44,2582,2768,1400-3-29,2021-06-19
171,وساخت,سرمايه‌ گذاري‌ ساختمان‌ايران‌,811,1542115,80734761690,52400,52200,52520,120,0.23,52350,-50,-0.1,50860,52800,1400-3-29,2021-06-19
172,جم,پتروشيمي جم,804,5069217,188219135370,35370,37130,37130,1760,4.98,37130,1760,4.98,37100,37130,1400-3-29,2021-06-19
173,وبانك,سرمايه گذاري گروه توسعه ملي,801,15429961,111042440350,6870,7050,7210,340,4.95,7200,330,4.8,7000,7210,1400-3-29,2021-06-19
174,سرو,صندوق س سروسودمند مدبران-سهام,799,894596,54644883950,60160,60200,61310,1150,1.91,61080,920,1.53,60200,61460,1400-3-29,2021-06-19
175,تنوين,تامين سرمايه نوين,798,35322403,247334902900,7000,7000,6900,-100,-1.43,7000,0,0,6810,7180,1400-3-29,2021-06-19
176,ونيرو,سرمايه‌گذاري‌نيرو,796,7887588,17013811485,2106,2060,2187,81,3.85,2157,51,2.42,2060,2190,1400-3-29,2021-06-19
177,شكربن,كربن‌ ايران‌,793,719929,54716485990,78380,74970,75200,-3180,-4.06,76000,-2380,-3.04,74470,77990,1400-3-29,2021-06-19
178,ولبهمن,شركت بهمن ليزينگ,790,6488561,41317130085,6098,6170,6402,304,4.99,6368,270,4.43,6002,6402,1400-3-29,2021-06-19
179,بكهنوج,توليد برق ماهتاب كهنوج,782,14886759,21294121572,1434,1456,1440,6,0.42,1430,-4,-0.28,1402,1460,1400-3-29,2021-06-19
180,وصنعت,سرمايه گذاري توسعه صنعت وتجارت,780,9822284,52845802760,5410,5410,5390,-20,-0.37,5380,-30,-0.55,5340,5500,1400-3-29,2021-06-19
181,انرژي3,سايراشخاص بورس انرژي,775,240365,46580333350,203980,193790,193790,-10190,-5,193790,-10190,-5,193790,193790,1400-3-29,2021-06-19
182,ختراك,ريخته‌گري‌ تراكتورسازي‌ ايران‌,772,3331030,31129997380,9810,9320,9370,-440,-4.49,9350,-460,-4.69,9320,9620,1400-3-29,2021-06-19
183,ميدكو,هلدينگ صنايع  معدني خاورميانه,770,7767006,320513994192,41186,41000,41808,622,1.51,41266,80,0.19,39127,42011,1400-3-29,2021-06-19
184,ورنا,سرمايه‌گذاري‌ رنا(هلدينگ‌,766,7220723,32467661229,4472,4420,4521,49,1.1,4496,24,0.54,4400,4641,1400-3-29,2021-06-19
185,غشهد,شهد ايران ‌,763,4124833,20392972058,4850,5080,4830,-20,-0.41,4944,94,1.94,4800,5080,1400-3-29,2021-06-19
186,آسيا,بيمه آسيا,762,15486996,26829994573,1715,1740,1740,25,1.46,1732,17,0.99,1682,1755,1400-3-29,2021-06-19
187,وهور,مديريت انرژي اميد  تابان هور,758,17172312,27456740031,1610,1600,1620,10,0.62,1603,-7,-0.43,1551,1622,1400-3-29,2021-06-19
188,شخارك,پتروشيمي‌ خارك‌,753,868060,37897221490,43410,44440,43730,320,0.74,43500,90,0.21,43000,44640,1400-3-29,2021-06-19
189,آپ,آسان پرداخت پرشين,750,2558222,36929340700,14710,14360,14400,-310,-2.11,14440,-270,-1.84,14130,14880,1400-3-29,2021-06-19
190,فاسمين,كالسيمين‌,747,4308847,62555241520,14580,14530,14690,110,0.75,14520,-60,-0.41,14250,14790,1400-3-29,2021-06-19
191,كفرا,فراورده‌ هاي‌ نسوزايران‌,726,1364838,24982843130,18810,18430,18490,-320,-1.7,18300,-510,-2.71,17870,19200,1400-3-29,2021-06-19
192,البرز,بيمه البرز,723,8432264,33571955730,3927,3970,4038,111,2.83,3981,54,1.38,3856,4070,1400-3-29,2021-06-19
193,تسه0001,امتيازتسهيلات مسكن فروردين1400,716,19607,11940053739,612927,630250,600000,-12927,-2.11,608969,-3958,-0.65,589002,643572,1400-3-29,2021-06-19
194,چكارن,كارتن‌ ايران‌,714,6101806,14980490580,2515,2500,2427,-88,-3.5,2455,-60,-2.39,2410,2520,1400-3-29,2021-06-19
195,نوري,پتروشيمي نوري,702,3358934,249199313460,70660,74190,74190,3530,5,74190,3530,5,74190,74190,1400-3-29,2021-06-19
196,ومهان,گروه توسعه مالي مهر آيندگان,695,2008659,24846105248,12363,12100,12113,-250,-2.02,12366,3,0.02,12100,12610,1400-3-29,2021-06-19
197,زاگرس,پتروشيمي زاگرس,691,333701,72221762948,214754,214200,217999,3245,1.51,215953,1199,0.56,212301,220000,1400-3-29,2021-06-19
198,شلرد,كود شيميايي اوره لردگان,687,12860531,76835847981,5806,5950,5980,174,3,5975,169,2.91,5900,5980,1400-3-29,2021-06-19
199,فوكا,فولاد كاويان,687,5313409,74437413509,13827,13800,14239,412,2.98,14009,182,1.32,13800,14240,1400-3-29,2021-06-19
200,غمينو,شركت صنايع غذايي مينو شرق,683,2799411,23689267159,8701,8900,8390,-311,-3.57,8462,-239,-2.75,8266,8900,1400-3-29,2021-06-19
201,گكوثر,هتل پارسيان كوثر اصفهان,679,12290458,25633165764,2046,2007,2110,64,3.13,2086,40,1.96,2007,2140,1400-3-29,2021-06-19
202,وتوصا,گروه س توسعه صنعتي ايران,676,2815484,24405180150,8560,8450,8670,110,1.29,8670,110,1.29,8450,8800,1400-3-29,2021-06-19
203,خوساز,محورسازان‌ايران‌خودرو,667,5730266,30488100380,5120,5120,5370,250,4.88,5320,200,3.91,5120,5370,1400-3-29,2021-06-19
204,ارمغان,ص سرمايه گذاري ارمغان ايرانيان,652,26606999,267975667814,10056,10079,10060,4,0.04,10072,16,0.16,10028,10079,1400-3-29,2021-06-19
205,تليسه,دامداري تليسه نمونه,648,8291981,27956704033,3548,3371,3371,-177,-4.99,3372,-176,-4.96,3371,3420,1400-3-29,2021-06-19
206,تسه9912,امتياز تسهيلات مسكن اسفند99,648,20540,12487195423,613975,610000,597100,-16875,-2.75,607945,-6030,-0.98,592000,629999,1400-3-29,2021-06-19
207,ستران,سيمان‌ تهران‌,642,2060307,38944785620,18250,17510,19160,910,4.99,18900,650,3.56,17510,19160,1400-3-29,2021-06-19
208,ثعتما,س. ساختماني اعتماد گستر,637,1127188,36457384865,31998,32957,32500,502,1.57,32344,346,1.08,31039,32957,1400-3-29,2021-06-19
209,كماسه,تامين‌ ماسه‌ ريخته‌گري‌,628,1018242,30928497120,30100,30050,30920,820,2.72,30370,270,0.9,29580,31150,1400-3-29,2021-06-19
210,دامين,داروسازي‌ امين‌,628,3510622,11985866691,3562,3384,3384,-178,-5,3439,-123,-3.45,3384,3558,1400-3-29,2021-06-19
211,غسالم,سالمين‌,624,4695535,14777044178,3126,3180,3160,34,1.09,3147,21,0.67,3105,3200,1400-3-29,2021-06-19
212,وبرق,س.کارکنان صنعت برق زنجان وقزوي,618,1655134,95320226121,54886,57630,57630,2744,5,57591,2705,4.93,54960,57630,1400-3-29,2021-06-19
213,آريان,سرمايه گذاري پارس آريان,605,12723943,141627389146,10911,10860,11238,327,3,11131,220,2.02,10700,11238,1400-3-29,2021-06-19
214,وسينا,بانك سينا,602,21467054,51748883113,2405,2385,2390,-15,-0.62,2411,6,0.25,2385,2478,1400-3-29,2021-06-19
215,هرمز,فولاد هرمزگان جنوب,598,2150111,33621720191,15506,15500,15723,217,1.4,15542,36,0.23,15400,15880,1400-3-29,2021-06-19
216,ومدير4,گ.مديريت ارزش سرمايه ص ب كشوري,597,413766724,1237162504760,2990,2990,2990,0,0,2990,0,0,2990,2990,1400-3-29,2021-06-19
217,ثباغ,شهر سازي و خانه سازي باغميشه,594,2384299,24589002459,10366,10420,10202,-164,-1.58,10313,-53,-0.51,9890,10600,1400-3-29,2021-06-19
218,چفيبر,فيبر ايران‌,588,2589682,26207581840,10650,10120,10120,-530,-4.98,10120,-530,-4.98,10120,10120,1400-3-29,2021-06-19
219,ديرانح,ح . ‌ايران‌دارو,585,1151373,8559562350,7300,7150,7470,170,2.33,7430,130,1.78,7150,7760,1400-3-29,2021-06-19
220,وبوعلي,سرمايه‌گذاري‌بوعلي‌,566,5774804,21581853375,3771,3832,3706,-65,-1.72,3737,-34,-0.9,3700,3840,1400-3-29,2021-06-19
221,خفنر,فنرسازي‌خاور,560,8077559,35190914516,4183,4230,4392,209,5,4357,174,4.16,4229,4392,1400-3-29,2021-06-19
222,سپ,پرداخت الكترونيك سامان كيش,551,1351422,38378715210,27320,26200,28680,1360,4.98,28050,730,2.67,26200,28680,1400-3-29,2021-06-19
223,رتاپ,تجارت الكترونيك  پارسيان,550,1720032,8766717170,5080,5010,5110,30,0.59,5090,10,0.2,5010,5180,1400-3-29,2021-06-19
224,وملل,اعتباري ملل,547,20145487,266475122757,13188,13220,13221,33,0.25,13228,40,0.3,12800,13376,1400-3-29,2021-06-19
225,دزهراوي,داروسازي‌زهراوي‌,542,2866646,16748085400,5780,5710,5840,60,1.04,5840,60,1.04,5710,5950,1400-3-29,2021-06-19
226,دكوثر,داروسازي‌ كوثر,539,3849896,15080433239,4018,3910,3951,-67,-1.67,3917,-101,-2.51,3853,4128,1400-3-29,2021-06-19
227,فروس,فروسيليس‌ ايران‌,538,5654003,29843748870,5260,5400,5260,0,0,5280,20,0.38,5200,5420,1400-3-29,2021-06-19
228,ارفع,شركت آهن و فولاد ارفع,536,3505150,45843839695,13041,12620,13021,-20,-0.15,13069,28,0.21,12620,13300,1400-3-29,2021-06-19
229,وسبحان,سرمايه گذاري سبحان,535,10333804,25315889542,2476,2514,2488,12,0.48,2450,-26,-1.05,2420,2514,1400-3-29,2021-06-19
230,پارس,پتروشيمي پارس,531,975588,146140838520,148480,149000,150000,1520,1.02,149800,1320,0.89,148810,151500,1400-3-29,2021-06-19
231,بپاس,بيمه پاسارگاد,530,719322,72208201407,100066,101500,100830,764,0.76,100295,229,0.23,100066,101830,1400-3-29,2021-06-19
232,سكه0012پ01,تمام سكه طرح جديد0012رفاه,528,138900,143731484200,1067477,1050000,1033859,-33618,-3.15,1034784,-32693,-3.06,1022100,1050000,1400-3-29,2021-06-19
233,سدور,سيمان‌ دورود,524,2640482,21792820110,8130,7880,8300,170,2.09,8250,120,1.48,7880,8480,1400-3-29,2021-06-19
234,سمايه,بانك سرمايه,523,6871764,28436288015,4265,4138,4138,-127,-2.98,4138,-127,-2.98,4138,4168,1400-3-29,2021-06-19
235,تسه9911,امتياز تسهيلات مسكن بهمن99,517,16140,9860948197,612665,600500,601000,-11665,-1.9,610963,-1702,-0.28,585032,637900,1400-3-29,2021-06-19
236,ضخود7077,اختيارخ خودرو-3000-1400/07/07,507,28277,1326151000,47,50,45,-2,-4.26,47,0,0,42,53,1400-3-29,2021-06-19
237,فسازان,غلتك سازان سپاهان,504,2674134,77908877410,27880,28560,29270,1390,4.99,29130,1250,4.48,27400,29270,1400-3-29,2021-06-19
238,سيدكو,سرمايه گذاري توسعه صنايع سيمان,500,4748977,25528329840,5540,5480,5370,-170,-3.07,5380,-160,-2.89,5280,5590,1400-3-29,2021-06-19
239,سصوفي,سيمان‌ صوفيان‌,498,1539291,20640178160,13210,13780,13320,110,0.83,13410,200,1.51,13220,13780,1400-3-29,2021-06-19
240,اپرداز,آتيه داده پرداز,495,1203587,22079959238,18117,18117,18180,63,0.35,18345,228,1.26,18100,18790,1400-3-29,2021-06-19
241,قرن,پديده شيمي قرن,490,490751,14750759080,30380,29430,29980,-400,-1.32,30180,-200,-0.66,29430,31000,1400-3-29,2021-06-19
242,هجرت,پخش هجرت,477,1181543,21389948114,18387,18240,18000,-387,-2.1,18103,-284,-1.54,17800,18560,1400-3-29,2021-06-19
243,قاسم,قاسم ايران,476,1731475,16785624410,9739,9650,9636,-103,-1.06,9694,-45,-0.46,9600,10000,1400-3-29,2021-06-19
244,جم پيلن,پلي پروپيلن جم - جم پيلن,469,364792,25991753120,68980,70390,72300,3320,4.81,70020,1040,1.51,69390,72390,1400-3-29,2021-06-19
245,ضخود7074,اختيارخ خودرو-1800-1400/07/07,466,12756,4891274000,367,375,383,16,4.36,383,16,4.36,356,410,1400-3-29,2021-06-19
246,وكار,بانك‌ كارآفرين‌,464,25740597,73027690294,2757,2840,2890,133,4.82,2837,80,2.9,2760,2893,1400-3-29,2021-06-19
247,تسه9908,امتياز تسهيلات مسكن آبان99,458,11499,7025434735,610871,610871,599000,-11871,-1.94,610960,89,0.01,585000,630000,1400-3-29,2021-06-19
248,وصندوق,سرمايه‌گذاري‌صندوق‌بازنشستگي‌,448,4759518,62646222690,12920,12820,13430,510,3.95,13040,120,0.93,12820,13500,1400-3-29,2021-06-19
249,اعتلا,شركت سرمايه گذاري اعتلاء البرز,445,1821347,11088889271,6072,5920,6080,8,0.13,6084,12,0.2,5910,6190,1400-3-29,2021-06-19
250,وسپه,سرمايه‌گذاري‌ سپه‌,444,4317927,27460511160,6250,6370,6390,140,2.24,6350,100,1.6,6260,6460,1400-3-29,2021-06-19
251,پكوير,كوير تاير,442,2567874,31062310920,12040,12280,12050,10,0.08,12100,60,0.5,11980,12500,1400-3-29,2021-06-19
252,فافزا,فولاد افزا سپاهان,442,478383,21675751413,44271,45599,45599,1328,3,45310,1039,2.35,44271,45599,1400-3-29,2021-06-19
253,سرچشمه,سرمايه گذاري مس سرچشمه,436,2636366,17898019045,6692,6850,6866,174,2.6,6789,97,1.45,6741,6866,1400-3-29,2021-06-19
254,قشرين,قند شيرين خراسان,426,2000362,27807319392,13977,14380,13751,-226,-1.62,13901,-76,-0.54,13558,14380,1400-3-29,2021-06-19
255,زبينا,كشاورزي و دامپروري بينالود,426,5976671,16417102097,2885,2810,2741,-144,-4.99,2747,-138,-4.78,2741,2823,1400-3-29,2021-06-19
256,واميد,گروه مديريت سرمايه گذاري اميد,425,1910769,17607538750,9510,9070,9290,-220,-2.31,9470,-40,-0.42,9040,9400,1400-3-29,2021-06-19
257,رانفور,خدمات‌انفورماتيك‌,422,4667651,26661137880,5470,5500,5740,270,4.94,5570,100,1.83,5500,5740,1400-3-29,2021-06-19
258,خكرمان,گروه اقتصادي كرمان خودرو,415,7116551,23127832537,3259,3220,3223,-36,-1.1,3250,-9,-0.28,3220,3319,1400-3-29,2021-06-19
259,وگردش,بانك گردشگري,415,1340059,19504521503,14521,14250,14510,-11,-0.08,14529,8,0.06,14250,14880,1400-3-29,2021-06-19
260,افران,صندوق س افرا نماد پايدار-ثابت,414,5480371,74409855917,13551,13557,13577,26,0.19,13578,27,0.2,13557,13583,1400-3-29,2021-06-19
261,فنوال,نورد آلومينيوم‌,414,467779,10918971030,23180,23950,23270,90,0.39,23300,120,0.52,23190,23950,1400-3-29,2021-06-19
262,تشتاد,صنايع توليدي اشتاد ايران‌,408,2791282,22426113718,8251,8004,8004,-247,-2.99,8034,-217,-2.63,8004,8200,1400-3-29,2021-06-19
263,ونفت,سرمايه‌گذاري‌ صنعت‌ نفت‌,408,1562100,20074762290,12740,12720,13000,260,2.04,12850,110,0.86,12660,13200,1400-3-29,2021-06-19
264,افق,فروشگاههاي زنجيره اي افق كوروش,407,372338,23923772700,64270,63020,64460,190,0.3,64260,-10,-0.02,63020,65000,1400-3-29,2021-06-19
265,دفارا,داروسازي‌ فارابي‌,404,621193,22449527240,36090,34900,36300,210,0.58,36140,50,0.14,34900,37000,1400-3-29,2021-06-19
266,وسكاب,س.ص.بازنشستگي كاركنان بانكها,403,5121954,13131714347,2547,2600,2566,19,0.75,2562,15,0.59,2535,2600,1400-3-29,2021-06-19
267,ثتران,سرمايه گذاري مسكن تهران,403,4434601,12383880346,2781,2701,2762,-19,-0.68,2791,10,0.36,2701,2870,1400-3-29,2021-06-19
268,همراه,شركت ارتباطات سيار ايران,401,1589681,29557550940,18750,18010,18730,-20,-0.11,18700,-50,-0.27,18010,18740,1400-3-29,2021-06-19
269,سمتاز,سيمان ممتازان كرمان,392,1370618,37098090114,26576,27373,26338,-238,-0.9,27067,491,1.85,25800,27373,1400-3-29,2021-06-19
270,وسكرمان,س.سهام عدالت استان كرمان,389,26403527,24185630732,964,916,916,-48,-4.98,946,-18,-1.87,916,916,1400-3-29,2021-06-19
271,وسرمد,بيمه  سرمد,388,2224879,11432291940,5163,5050,5200,37,0.72,5138,-25,-0.48,5009,5298,1400-3-29,2021-06-19
272,سخاش,سيمان‌خاش‌,380,143676,12278550960,89950,85460,85460,-4490,-4.99,86080,-3870,-4.3,85460,85460,1400-3-29,2021-06-19
273,كنور,توسعه معدني و صنعتي صبانور,379,572236,27397427490,47700,47900,48200,500,1.05,47790,90,0.19,46150,49980,1400-3-29,2021-06-19
274,آكورد,صندوق س. آرمان آتي كوثر-د,375,8286229,270521591913,32599,32647,32648,49,0.15,32647,48,0.15,32647,32651,1400-3-29,2021-06-19
275,وثوق,سرمايه گذاري وثوق امين,374,792537,9707609327,12768,12130,12130,-638,-5,12249,-519,-4.06,12130,13181,1400-3-29,2021-06-19
276,فسرب,ملي‌ سرب‌وروي‌ ايران‌,364,269489,13630622250,50190,52350,50560,370,0.74,50540,350,0.7,49020,52350,1400-3-29,2021-06-19
277,ارزش,صندوق س ارزش آفرين بيدار-سهام,364,2168149,18219813670,8330,8470,8430,100,1.2,8400,70,0.84,8330,8470,1400-3-29,2021-06-19
278,خرينگ,رينگ‌سازي‌مشهد,362,286586,12033746140,46650,41990,41990,-4660,-9.99,42500,-4150,-8.9,41990,41990,1400-3-29,2021-06-19
279,بساما,بيمه سامان,361,963240,18223329585,18202,17320,19112,910,5,18919,717,3.94,17320,19112,1400-3-29,2021-06-19
280,فنورد,نوردوقطعات‌ فولادي‌,361,159620,26160562130,163760,160110,164900,1140,0.7,163890,130,0.08,160110,166500,1400-3-29,2021-06-19
281,مدير,ص.س.مديريت ثروت ص.بازنشستگي-س,360,1543842,12151693781,7760,7920,7885,125,1.61,7871,111,1.43,7746,7930,1400-3-29,2021-06-19
282,درهآور,دارويي ره آورد تامين,358,445605,9979199838,22901,21810,22349,-552,-2.41,22557,-344,-1.5,21810,22900,1400-3-29,2021-06-19
283,غمارگ,مارگارين‌,356,776019,14760667160,19140,18520,19170,30,0.16,19020,-120,-0.63,18520,19400,1400-3-29,2021-06-19
284,سمازن,سيمان‌مازندران‌,355,1074619,12731093210,11740,11350,11950,210,1.79,11830,90,0.77,11350,12190,1400-3-29,2021-06-19
285,فايرا,آلومينيوم‌ايران‌,351,945470,15200023080,16340,16150,16170,-170,-1.04,16280,-60,-0.37,15850,16300,1400-3-29,2021-06-19
286,ياقوت,صندوق س ياقوت آگاه-ثابت,347,2873453,35933243297,12486,12503,12503,17,0.14,12505,19,0.15,12503,12532,1400-3-29,2021-06-19
287,مبين,مبين انرژي خليج فارس,346,1652310,24669525940,14860,14990,15160,300,2.02,14870,10,0.07,14720,15160,1400-3-29,2021-06-19
288,غشان,شيرپاستوريزه‌پگاه‌خراسان‌,341,2523033,11277819044,4690,4472,4456,-234,-4.99,4516,-174,-3.71,4456,4679,1400-3-29,2021-06-19
289,سپاس,صندوق س. پاداش سهامداري-ثابت,341,14293120,144018076157,10062,10077,10076,14,0.14,10076,14,0.14,10076,10077,1400-3-29,2021-06-19
290,ساروم,سيمان‌اروميه‌,339,895603,24826035550,27840,27500,27670,-170,-0.61,27720,-120,-0.43,27500,28300,1400-3-29,2021-06-19
291,دعبيد,لابراتوارداروسازي‌  دكترعبيدي‌,333,758215,17758121420,23190,22340,23420,230,0.99,23290,100,0.43,22340,23690,1400-3-29,2021-06-19
292,دپارس,پارس‌ دارو,329,357845,11319864110,31780,32010,31620,-160,-0.5,31670,-110,-0.35,31000,32280,1400-3-29,2021-06-19
293,شگل,گلتاش‌,327,717734,5254948880,7460,7310,7320,-140,-1.88,7410,-50,-0.67,7110,7600,1400-3-29,2021-06-19
294,فپنتا,سپنتا,326,37328,13304085540,362250,371000,359900,-2350,-0.65,356990,-5260,-1.45,350000,371000,1400-3-29,2021-06-19
295,تسه9909,امتياز تسهيلات مسكن آذر99,325,7055,4295155475,609904,591225,590135,-19769,-3.24,608810,-1094,-0.18,581009,639999,1400-3-29,2021-06-19
296,دسينا,داروسازي‌ سينا,324,967275,17427220000,17910,17620,18300,390,2.18,18020,110,0.61,17610,18380,1400-3-29,2021-06-19
297,تسه9910,امتياز تسهيلات مسكن دي99,324,7002,4260487608,612746,592800,590000,-22746,-3.71,608467,-4279,-0.7,585100,629999,1400-3-29,2021-06-19
298,آوا,صندوق س.سهام آواي معيار-س,323,2172624,14538195516,6631,6666,6713,82,1.24,6692,61,0.92,6630,6747,1400-3-29,2021-06-19
299,لسرما,سرما آفرين‌,321,461416,9300748790,20420,19950,20120,-300,-1.47,20250,-170,-0.83,19950,20560,1400-3-29,2021-06-19
300,وسگيلا,شركت س استان گيلان,319,10700860,6974499328,679,646,660,-19,-2.8,674,-5,-0.74,646,662,1400-3-29,2021-06-19
301,دكپسول,توليد ژلاتين كپسول ايران,318,361933,8885635529,25358,24470,24232,-1126,-4.44,24864,-494,-1.95,24100,25990,1400-3-29,2021-06-19
302,ولملت,واسپاري ملت,310,2641436,13647612260,5000,5000,5250,250,5,5150,150,3,5000,5250,1400-3-29,2021-06-19
303,كگهر,سنگ آهن گهرزمين,305,522324,20000382301,39165,37334,38380,-785,-2,39016,-149,-0.38,37334,39330,1400-3-29,2021-06-19
304,وارس,سرمايه گذاري ارس صبا,305,3035719,37194712885,12457,12799,12830,373,2.99,12252,-205,-1.65,12084,12830,1400-3-29,2021-06-19
305,وتوشه,سرمايه‌ گذاري‌ پارس‌ توشه‌,304,1784699,9660097340,5390,5310,5430,40,0.74,5400,10,0.19,5310,5550,1400-3-29,2021-06-19
306,وصنا,گروه‌صنايع‌بهشهرايران‌,302,2158914,10879685344,4964,5050,5069,105,2.12,5018,54,1.09,4853,5097,1400-3-29,2021-06-19
307,وتوس,توسعه‌شهري‌توس‌گستر,298,932610,10475263220,10840,10370,11380,540,4.98,11100,260,2.4,10370,11380,1400-3-29,2021-06-19
308,وكادو,تكادو,297,1622177,21987610337,13251,13025,13648,397,3,13554,303,2.29,13025,13648,1400-3-29,2021-06-19
309,غبشهر,صنعتي‌ بهشهر,297,713837,13976778850,19320,18840,19550,230,1.19,19470,150,0.78,18840,20000,1400-3-29,2021-06-19
310,شفارا,پتروشيمي فارابي,294,5499531,16800645784,3103,3031,3120,17,0.55,3055,-48,-1.55,3010,3160,1400-3-29,2021-06-19
311,فردا,صندوق س آواي فرداي زاگرس-ثابت,293,11863990,129232723686,10875,10892,10892,17,0.16,10893,18,0.17,10892,10894,1400-3-29,2021-06-19
312,وپترو,سرمايه‌گذاري صنايع پتروشيمي‌,290,892866,11363956500,12760,12760,12850,90,0.71,12740,-20,-0.16,12350,13120,1400-3-29,2021-06-19
313,واميدح,ح.گروه مديريت سرمايه گذار اميد,288,3173761,21572287250,6880,7070,6840,-40,-0.58,6800,-80,-1.16,6710,7070,1400-3-29,2021-06-19
314,وخاور,بانك خاورميانه,288,2136432,18048174230,8310,8440,8410,100,1.2,8360,50,0.6,8380,8540,1400-3-29,2021-06-19
315,كمنگنز,معادن‌منگنزايران‌,287,143575,8728802610,60420,59720,61520,1100,1.82,60640,220,0.36,59720,62300,1400-3-29,2021-06-19
316,بموتو,موتوژن‌,286,372006,19051255810,51290,52500,51780,490,0.96,51210,-80,-0.16,50900,52980,1400-3-29,2021-06-19
317,حتايد,تايدواترخاورميانه,282,874660,21515696290,25690,25680,24410,-1280,-4.98,24600,-1090,-4.24,24410,25680,1400-3-29,2021-06-19
318,شجم,صنايع پتروشيمي تخت جمشيد,281,2069085,18371856934,8832,8600,8870,38,0.43,8870,38,0.43,8568,9090,1400-3-29,2021-06-19
319,پرداخت,به پرداخت ملت,278,539139,12426560450,23240,22750,23500,260,1.12,23150,-90,-0.39,22700,24400,1400-3-29,2021-06-19
320,فمراد,آلومراد,277,178191,12714932780,69560,73000,71000,1440,2.07,71040,1480,2.13,70500,73000,1400-3-29,2021-06-19
321,زپارس,ملي كشت و صنعت و دامپروري پارس,275,204585,23370838590,116210,119500,119950,3740,3.22,114240,-1970,-1.7,110400,121990,1400-3-29,2021-06-19
322,خديزل,بهمن  ديزل,272,327448,15245131155,46250,44280,47000,750,1.62,46502,252,0.54,44280,47500,1400-3-29,2021-06-19
323,پخش,پخش البرز,272,599437,8886006316,14821,14346,15130,309,2.08,14823,2,0.01,14080,15400,1400-3-29,2021-06-19
324,سرود,سيمان‌شاهرود,266,1269217,23773517590,18540,19380,19000,460,2.48,18730,190,1.02,18450,19380,1400-3-29,2021-06-19
325,پرديس,سرمايه گذاري پرديس,265,1771076,8226013869,4618,4670,4621,3,0.06,4633,15,0.32,4600,4750,1400-3-29,2021-06-19
326,سخوز,سيمان خوزستان,257,1081533,22636276270,20810,20000,21000,190,0.91,20930,120,0.58,20000,21250,1400-3-29,2021-06-19
327,عيار,صندوق سكه طلاي مفيد,255,203483,5413964817,27285,26940,26399,-886,-3.25,26606,-679,-2.49,26250,26940,1400-3-29,2021-06-19
328,سپاها,سيمان‌سپاهان‌,253,1785100,12510456520,6840,6860,7020,180,2.63,6980,140,2.05,6850,7180,1400-3-29,2021-06-19
329,سفانو,سيمان فارس نو,253,455957,9948613250,21380,21800,21750,370,1.73,21670,290,1.36,21420,22440,1400-3-29,2021-06-19
330,كاردان,صندوق س تجارت شاخصي كاردان,247,122527,17460138080,139730,140480,143500,3770,2.7,142500,2770,1.98,140480,143780,1400-3-29,2021-06-19
331,كفپارس,فرآورده‌هاي‌ نسوز پارس‌,245,4340903,14025457593,3078,3231,3231,153,4.97,3214,136,4.42,3231,3231,1400-3-29,2021-06-19
332,وشهر,بانك شهر,244,3534894,19912672315,5641,5700,5530,-111,-1.97,5637,-4,-0.07,5510,5700,1400-3-29,2021-06-19
333,كهمدا,شيشه‌ همدان‌,242,873321,7434616580,8500,8400,8500,0,0,8510,10,0.12,8310,8750,1400-3-29,2021-06-19
334,سخزر,سيمان‌ خزر,240,653077,11318420110,17720,17000,17030,-690,-3.89,17420,-300,-1.69,16840,17880,1400-3-29,2021-06-19
335,كيان2,صندوق س. با درآمد ثابت كيان,240,24000000,24000000,28906,1,1,-28905,-100,1,-28905,-100,1,1,1400-3-29,2021-06-19
336,دسبحا,گروه دارويي سبحان,239,1021584,14844920340,14500,14410,14300,-200,-1.38,14520,20,0.14,13780,15200,1400-3-29,2021-06-19
337,غگلپا,شير پاستوريزه پگاه گلپايگان,239,343636,19276632506,59015,56065,56065,-2950,-5,56096,-2919,-4.95,56065,57200,1400-3-29,2021-06-19
338,كي بي سي,شركت كي بي سي,237,370712,7414339293,20849,19850,19841,-1008,-4.83,20412,-437,-2.1,19807,20849,1400-3-29,2021-06-19
339,اميد,تامين سرمايه اميد,234,1303598,8366882540,6710,6380,6380,-330,-4.92,6610,-100,-1.49,6380,6530,1400-3-29,2021-06-19
340,كپرور,فرآوري زغال سنگ پروده طبس,232,214980,5848554785,26346,26420,27490,1144,4.34,26670,324,1.23,26400,27500,1400-3-29,2021-06-19
341,شاوان,پالايش نفت لاوان,232,180414,13709745574,73456,75000,74520,1064,1.45,74456,1000,1.36,73000,77123,1400-3-29,2021-06-19
342,شكبير,پتروشيمي اميركبير,230,1117300,101943544963,88656,90340,91315,2659,3,91217,2561,2.89,88650,91315,1400-3-29,2021-06-19
343,وتوسم,سرمايه‌گذاري‌توسعه‌ملي‌,230,984921,7048722800,7040,7010,7160,120,1.7,7090,50,0.71,7010,7210,1400-3-29,2021-06-19
344,واعتبار,سرمايه گذاري اعتبار ايران,230,757508,5825456430,7430,7430,7720,290,3.9,7530,100,1.35,7230,7800,1400-3-29,2021-06-19
345,سباقر,سيمان باقران,228,706431,10348379341,14465,14750,14310,-155,-1.07,14649,184,1.27,14200,14890,1400-3-29,2021-06-19
346,گوهر,صندوق سكه طلاي كيان,228,77578,3997424231,53479,51825,51300,-2179,-4.07,51528,-1951,-3.65,51220,52000,1400-3-29,2021-06-19
347,ضخود4003,اختيارخ خودرو-2000-1400/04/02,227,10821,569820000,80,100,38,-42,-52.5,53,-27,-33.75,36,100,1400-3-29,2021-06-19
348,ثمسكن,سرمايه‌گذاري‌ مسكن‌,225,1578592,6440813317,3992,3920,4084,92,2.3,4029,37,0.93,3920,4140,1400-3-29,2021-06-19
349,تسه9907,امتياز تسهيلات مسكن مهر99,224,4347,2677084248,608529,581559,590000,-18529,-3.04,615846,7317,1.2,580009,638000,1400-3-29,2021-06-19
350,شراز,پالايش نفت شيراز,224,161390,15326845944,92563,95900,94210,1647,1.78,93507,944,1.02,91582,97191,1400-3-29,2021-06-19
351,فولاژ,فولاد آلياژي ايران,223,569576,7839113130,13770,13570,13750,-20,-0.15,13770,0,0,13570,14080,1400-3-29,2021-06-19
352,تماوندح,ح . تامين سرمايه دماوند,222,4956432,15963203232,3210,3114,3161,-49,-1.53,3221,11,0.34,3114,3279,1400-3-29,2021-06-19
353,سحرخيز,صندوق س. گروه زعفران سحرخيز,220,698565,6113388151,8612,8820,8895,283,3.29,8751,139,1.61,8605,9043,1400-3-29,2021-06-19
354,حسينا,توسعه خدمات دريايي وبندري سينا,219,123601,7145002522,56722,58600,58400,1678,2.96,57229,507,0.89,55760,59552,1400-3-29,2021-06-19
355,تصميم,صندوق س با درآمد ثابت تصميم,218,1486128,24684024927,16588,16610,16612,24,0.14,16610,22,0.13,16608,16613,1400-3-29,2021-06-19
356,گوهران,سرمايه گذاري توسعه گوهران اميد,217,514866,3679391108,7107,6961,7116,9,0.13,7117,10,0.14,6961,7242,1400-3-29,2021-06-19
357,ركيش,كارت اعتباري ايران كيش,217,1643819,30979484670,19020,19030,18390,-630,-3.31,18850,-170,-0.89,18200,19090,1400-3-29,2021-06-19
358,زر,صندوق س.پشتوانه سكه طلاي زر,215,185747,8339528852,46250,44880,44903,-1347,-2.91,44897,-1353,-2.93,44700,45499,1400-3-29,2021-06-19
359,فخاس,فولاد خراسان,215,509440,10802548350,21850,20760,21780,-70,-0.32,21780,-70,-0.32,20760,21800,1400-3-29,2021-06-19
360,دكيمي,كيميدارو,213,500601,10257218810,20520,20190,20550,30,0.15,20500,-20,-0.1,20000,20950,1400-3-29,2021-06-19
361,سدشت,صنايع سيمان دشتستان,210,173580,9833424180,66290,58940,56000,-10290,-15.52,62750,-3540,-5.34,56000,58940,1400-3-29,2021-06-19
362,وآيند,بانك  آينده,210,6516463,97062716385,15515,14895,14895,-620,-4,14895,-620,-4,14895,14895,1400-3-29,2021-06-19
363,سشرق,سيمان‌ شرق‌,208,1685508,9862889310,5870,5710,5900,30,0.51,5860,-10,-0.17,5710,5950,1400-3-29,2021-06-19
364,ولتجار,واسپاري تجارت وسرمايه ايرانيان,208,1027897,6221840876,6210,6025,6040,-170,-2.74,6110,-100,-1.61,6024,6240,1400-3-29,2021-06-19
365,بخاور,بيمه زندگي خاورميانه,207,930685,4811482224,5355,5211,5210,-145,-2.71,5293,-62,-1.16,5110,5246,1400-3-29,2021-06-19
366,دسانكو,داروسازي سبحان انكولوژي,205,1141068,13424665020,13072,11765,11765,-1307,-10,11772,-1300,-9.94,11765,11765,1400-3-29,2021-06-19
367,وثنو,سرمايه گذاري ساختماني نوين,204,1572886,6877974922,4319,4400,4340,21,0.49,4356,37,0.86,4310,4448,1400-3-29,2021-06-19
368,واتي,سرمايه‌ گذاري‌ آتيه‌ دماوند,203,1126176,10221508640,9140,9100,9200,60,0.66,9100,-40,-0.44,8700,9260,1400-3-29,2021-06-19
369,ضسپا8041,اختيارخ خساپا-1600-1400/08/26,203,8093,2034075000,261,280,249,-12,-4.6,251,-10,-3.83,222,300,1400-3-29,2021-06-19
370,كسعدي,كاشي‌ سعدي‌,200,655227,7320334980,11750,11170,11170,-580,-4.94,11450,-300,-2.55,11170,11300,1400-3-29,2021-06-19
371,كرماشا,صنايع پتروشيمي كرمانشاه,200,414475,12922748700,30990,31300,31380,390,1.26,31050,60,0.19,30650,31880,1400-3-29,2021-06-19
372,وبهمن,سرمايه‌گذاري‌بهمن‌,200,908726,10714364060,12080,11480,11800,-280,-2.32,11870,-210,-1.74,11480,12500,1400-3-29,2021-06-19
373,فاما,صنعتي‌ آما,199,400517,5885281660,14590,15000,14680,90,0.62,14630,40,0.27,14130,15000,1400-3-29,2021-06-19
374,شپاس,نفت پاسارگاد,199,484160,7844443243,15805,16290,16400,595,3.76,16005,200,1.27,16000,16400,1400-3-29,2021-06-19
375,تماوند,تامين سرمايه دماوند,194,2355012,10963136719,4658,4600,4590,-68,-1.46,4656,-2,-0.04,4590,4795,1400-3-29,2021-06-19
376,خراسان,پتروشيمي خراسان,193,295881,17962217140,60810,59350,61400,590,0.97,60770,-40,-0.07,59320,61400,1400-3-29,2021-06-19
377,غپونه,نوش پونه مشهد,192,655058,9899441474,15901,15106,15106,-795,-5,15112,-789,-4.96,15106,15450,1400-3-29,2021-06-19
378,واحيا,م .صنايع و معادن احياء سپاهان,192,249288,37304621002,149164,148100,148036,-1128,-0.76,149464,300,0.2,148000,151000,1400-3-29,2021-06-19
379,شوينده,مديريت صنعت شوينده ت.ص.بهشهر,191,532156,11088656170,20890,21290,20810,-80,-0.38,20850,-40,-0.19,20570,21290,1400-3-29,2021-06-19
380,دلر,داروسازي‌ اكسير,191,316822,8140966650,25550,25650,26150,600,2.35,25640,90,0.35,24400,26440,1400-3-29,2021-06-19
381,پكرمان,گروه‌ صنعتي‌ بارز,190,493681,11819756950,23880,23120,23720,-160,-0.67,23910,30,0.13,23120,24490,1400-3-29,2021-06-19
382,شتوكا,توكا رنگ فولاد سپاهان,190,309930,8257774920,25376,26644,26644,1268,5,26041,665,2.62,26644,26644,1400-3-29,2021-06-19
383,سهگمت,سيمان‌هگمتان‌,188,1040652,20558721370,19870,18910,19800,-70,-0.35,19760,-110,-0.55,18910,20140,1400-3-29,2021-06-19
384,آساميد,صندوق س.مشترك آسمان اميد -د,185,7546831,92194134959,12185,12195,12196,11,0.09,12216,31,0.25,12195,12220,1400-3-29,2021-06-19
385,قنيشا,قند  نيشابور,184,937205,53257328990,57640,57250,54390,-3250,-5.64,56830,-810,-1.41,54390,57250,1400-3-29,2021-06-19
386,دالبر,البرزدارو,182,429809,4921568700,11620,11600,11300,-320,-2.75,11560,-60,-0.52,11070,11620,1400-3-29,2021-06-19
387,ضشنا8004,اختيارخ شپنا-10800-1400/08/16,181,2753,4092854000,1332,1480,1779,447,33.56,1487,155,11.64,1300,1779,1400-3-29,2021-06-19
388,سقاين,سيمان‌ قائن‌,178,81510,3626165380,43920,43000,44680,760,1.73,44060,140,0.32,43000,45350,1400-3-29,2021-06-19
389,تسه9810,امتياز تسهيلات مسكن دي98,175,7359,4452298729,609665,619998,590000,-19665,-3.23,605014,-4651,-0.76,580010,637290,1400-3-29,2021-06-19
390,كخاك,صنايع‌خاك‌چيني‌ايران‌,173,257632,8062706240,30660,31890,31000,340,1.11,30930,270,0.88,31000,31990,1400-3-29,2021-06-19
391,دسبحانح,ح. سبحان دارو,170,166506,2057975990,12330,11700,12330,0,0,12360,30,0.24,11700,12780,1400-3-29,2021-06-19
392,وسهمدا,شركت س استان همدان,168,9112183,6332967185,731,695,695,-36,-4.92,724,-7,-0.96,695,695,1400-3-29,2021-06-19
393,مارون,پتروشيمي مارون,168,163573,23946144094,141373,144500,147000,5627,3.98,142534,1161,0.82,143800,148440,1400-3-29,2021-06-19
394,سشمال,سيمان‌ شمال‌,165,1041375,8566446830,8260,8000,8310,50,0.61,8240,-20,-0.24,8000,8350,1400-3-29,2021-06-19
395,ما,بيمه  ما,162,636246,5172255770,8080,7870,8090,10,0.12,8100,20,0.25,7820,8260,1400-3-29,2021-06-19
396,تايرا,تراكتورسازي‌ايران‌,161,879636,20853497690,24270,24680,23750,-520,-2.14,23880,-390,-1.61,23300,24680,1400-3-29,2021-06-19
397,لوتوس,تامين سرمايه لوتوس پارسيان,161,1378691,9939451010,7220,7280,7210,-10,-0.14,7220,0,0,7150,7280,1400-3-29,2021-06-19
398,سبجنو,سيمان‌ بجنورد,161,388396,12560549320,33560,32720,32280,-1280,-3.81,32500,-1060,-3.16,31920,33000,1400-3-29,2021-06-19
399,پخشح,ح. پخش البرز,158,200412,2474419391,12373,12200,12300,-73,-0.59,12347,-26,-0.21,11771,12748,1400-3-29,2021-06-19
400,نهال,صندوق س. طلاي سرخ نوويرا,158,253816,2225784039,8537,8447,8980,443,5.19,8769,232,2.72,8447,9023,1400-3-29,2021-06-19
401,ضخود7076,اختيارخ خودرو-2500-1400/07/07,157,6503,695699000,105,101,100,-5,-4.76,107,2,1.9,98,124,1400-3-29,2021-06-19
402,اطلس,صندوق س.توسعه اندوخته آينده-س,157,21189,4219575354,197317,196500,199950,2633,1.33,199140,1823,0.92,196500,200000,1400-3-29,2021-06-19
403,بميلا,توسعه بازرگاني آهن وفولادميلاد,155,863465,9733337173,11618,11270,11270,-348,-3,11272,-346,-2.98,11270,11500,1400-3-29,2021-06-19
404,دابور,داروسازي‌ ابوريحان‌,153,228077,6298820020,27760,26710,27710,-50,-0.18,27700,-60,-0.22,26710,28430,1400-3-29,2021-06-19
405,شكلر,نيروكلر,153,397174,12634104940,30300,31810,31810,1510,4.98,31510,1210,3.99,31810,31810,1400-3-29,2021-06-19
406,شصفها,پتروشيمي‌ اصفهان‌,152,382452,44229558614,115450,117759,115500,50,0.04,115647,197,0.17,113450,117759,1400-3-29,2021-06-19
407,دسبحان,سبحان دارو,152,195382,2779333570,14520,14000,14250,-270,-1.86,14460,-60,-0.41,14000,14700,1400-3-29,2021-06-19
408,تسه9904,امتياز تسهيلات مسكن تير99,149,2148,1309297303,607145,600000,576788,-30357,-5,609542,2397,0.39,576788,637502,1400-3-29,2021-06-19
409,كارين2,صندوق س نگين سامان-ثابت,148,14800000,14800000,10149,1,1,-10148,-99.99,1,-10148,-99.99,1,1,1400-3-29,2021-06-19
410,درازك,دارويي‌ رازك‌,147,216671,5644653650,26390,26020,26100,-290,-1.1,26260,-130,-0.49,25900,26780,1400-3-29,2021-06-19
411,شساخت,مهندسي و ساختمان صنايع نفت,147,318314,13161408503,40161,41365,41361,1200,2.99,40536,375,0.93,40170,41365,1400-3-29,2021-06-19
412,اخزا901,اسنادخزانه-م1بودجه99-010621,145,116578,90881568725,777183,777001,782000,4817,0.62,779577,2394,0.31,775002,782000,1400-3-29,2021-06-19
413,تسه9902,امتياز تسهيلات مسكن ارديبهشت99,144,2577,1573060790,609580,580200,591000,-18580,-3.05,610423,843,0.14,580200,626020,1400-3-29,2021-06-19
414,كاريس,صندوق س.سپهر كاريزما-س,142,432450,4555163485,10442,10435,10550,108,1.03,10533,91,0.87,10435,10679,1400-3-29,2021-06-19
415,تسه9906,امتياز تسهيلات مسكن شهريور99,141,2070,1264070658,613922,600222,587000,-26922,-4.39,610662,-3260,-0.53,583226,639999,1400-3-29,2021-06-19
416,اتكاي,بيمه اتكايي ايرانيان,141,435649,4396905474,10468,10120,10055,-413,-3.95,10366,-102,-0.97,9974,10328,1400-3-29,2021-06-19
417,وبشهر,توسعه‌ صنايع‌ بهشهر(هلدينگ,134,569665,5266638090,9120,9340,9250,130,1.43,9140,20,0.22,9120,9340,1400-3-29,2021-06-19
418,تكشا,گسترش‌صنايع‌وخدمات‌كشاورزي‌,133,276887,8973907670,34110,32410,32410,-1700,-4.98,33040,-1070,-3.14,32410,32410,1400-3-29,2021-06-19
419,پسهند,صنايع‌ لاستيكي‌  سهند,127,121220,3578703610,30830,31250,29330,-1500,-4.87,30500,-330,-1.07,29290,31250,1400-3-29,2021-06-19
420,تسه9903,امتياز تسهيلات مسكن خرداد99,126,1957,1202991399,612619,610015,591001,-21618,-3.53,614712,2093,0.34,582009,640000,1400-3-29,2021-06-19
421,بفجر,فجر انرژي خليج فارس,124,231514,4990493300,21640,21640,21640,0,0,21630,-10,-0.05,21080,21900,1400-3-29,2021-06-19
422,خاتم,صندوق س خاتم ايساتيس پويا-ثابت,123,4139772,46593229987,11250,11256,11256,6,0.05,11255,5,0.04,11255,11260,1400-3-29,2021-06-19
423,تسه9905,امتياز تسهيلات مسكن مرداد99,121,1974,1218798635,609045,578593,600000,-9045,-1.49,617426,8381,1.38,578593,639497,1400-3-29,2021-06-19
424,مداران,داده‌پردازي‌ايران‌,121,481250,8645685850,17550,17580,18130,580,3.3,17780,230,1.31,17560,18200,1400-3-29,2021-06-19
425,وپخش,داروپخش‌ (هلدينگ‌,120,97596,8716184880,89990,87230,88020,-1970,-2.19,89790,-200,-0.22,87230,90000,1400-3-29,2021-06-19
426,اخزا910,اسنادخزانه-م10بودجه99-020807,119,284507,175912569288,617404,616000,620000,2596,0.42,618307,903,0.15,616000,621500,1400-3-29,2021-06-19
427,فيروزه,صندوق شاخص30 شركت فيروزه- سهام,119,89815,11891759320,129750,133200,131500,1750,1.35,132400,2650,2.04,130050,133500,1400-3-29,2021-06-19
428,ثرود,سرمايه‌گذاري مسكن زاينده رود,112,440232,7709783016,19458,17513,17513,-1945,-10,18347,-1111,-5.71,17513,17513,1400-3-29,2021-06-19
429,فولاي,صنايع فولاد آلياژي يزد,112,275118,9670397700,37000,35150,35150,-1850,-5,35745,-1255,-3.39,35150,35150,1400-3-29,2021-06-19
430,وسهرمز,شركت س استان هرمزگان,108,5287602,4346408844,865,822,822,-43,-4.97,859,-6,-0.69,822,822,1400-3-29,2021-06-19
431,اتكام,شركت بيمه اتكايي امين,108,518205,2120800256,4241,4060,4101,-140,-3.3,4219,-22,-0.52,4060,4179,1400-3-29,2021-06-19
432,ضپاس7030,اختيارخ وپارس-3000-1400/07/28,107,6554,1153394000,185,170,190,5,2.7,176,-9,-4.86,170,236,1400-3-29,2021-06-19
433,هكوير110,اختيارف ت كوير-8281-01/10/05,104,10396777,7277743900,550,700,700,150,27.27,700,150,27.27,700,700,1400-3-29,2021-06-19
434,ضشنا8001,اختيارخ شپنا-6800-1400/08/16,104,406,1974296000,4477,4002,5200,723,16.15,4863,386,8.62,3574,5200,1400-3-29,2021-06-19
435,ضخود4002,اختيارخ خودرو-1800-1400/04/02,103,4454,999047000,253,269,210,-43,-17,224,-29,-11.46,168,280,1400-3-29,2021-06-19
436,شپلي,پلي اكريل ايران,102,2784484,29788409832,10489,10698,10698,209,1.99,10698,209,1.99,10698,10698,1400-3-29,2021-06-19
437,دجابر,داروسازي‌ جابرابن‌حيان‌,99,957166,13572613880,15750,14180,14180,-1570,-9.97,14180,-1570,-9.97,14180,14180,1400-3-29,2021-06-19
438,دفرا,فرآورده‌هاي‌ تزريقي‌ ايران‌,99,110583,2586118880,22880,23710,22970,90,0.39,22970,90,0.39,22530,23750,1400-3-29,2021-06-19
439,آساس,صندوق س.آسمان آرماني سهام-س,97,44591,6893853548,152619,154530,155500,2881,1.89,154602,1983,1.3,153200,155500,1400-3-29,2021-06-19
440,فردا2,صندوق س آواي فرداي زاگرس-ثابت,95,9500000,9500000,10875,1,1,-10874,-99.99,1,-10874,-99.99,1,1,1400-3-29,2021-06-19
441,شپاكسا,پاكسان‌,94,149394,2971739780,19990,19550,20250,260,1.3,19970,-20,-0.1,19400,20280,1400-3-29,2021-06-19
442,پدرخش,درخشان‌ تهران‌,90,58295,1594951200,28790,27360,27360,-1430,-4.97,28630,-160,-0.56,27360,27360,1400-3-29,2021-06-19
443,سكه0012پ04,تمام سكه طرح جديد0012صادرات,88,29700,30714216500,1071031,1050000,1030000,-41031,-3.83,1034149,-36882,-3.44,1022002,1050000,1400-3-29,2021-06-19
444,لبوتان,گروه‌صنعتي‌بوتان‌,87,60345,2996207740,50730,48730,50250,-480,-0.95,50510,-220,-0.43,48720,50350,1400-3-29,2021-06-19
445,سجام,مجتمع سيمان غرب آسيا,87,554313,2008002693,3734,3622,3624,-110,-2.95,3711,-23,-0.62,3622,3635,1400-3-29,2021-06-19
446,ضپاس7029,اختيارخ وپارس-2500-1400/07/28,86,3614,1437383000,383,398,418,35,9.14,398,15,3.92,365,418,1400-3-29,2021-06-19
447,سكرما,سيمان‌ كرمان‌,84,427020,5756835570,13660,13210,13460,-200,-1.46,13590,-70,-0.51,13210,13900,1400-3-29,2021-06-19
448,دارا,صندوق س. دارا الگوريتم-د,84,1336302,13481377080,10091,10100,10094,3,0.03,10089,-2,-0.02,10080,10105,1400-3-29,2021-06-19
449,پارسيان,بيمه پارسيان,83,455069,3558804750,7790,7790,7800,10,0.13,7800,10,0.13,7790,7970,1400-3-29,2021-06-19
450,ضشنا8003,اختيارخ شپنا-8800-1400/08/16,82,503,1523768000,2800,2850,3050,250,8.93,3029,229,8.18,2840,3250,1400-3-29,2021-06-19
451,وآذر,سرمايه‌گذاري‌توسعه‌آذربايجان‌,81,71943,5243925270,80980,72890,72890,-8090,-9.99,77840,-3140,-3.88,72890,72890,1400-3-29,2021-06-19
452,آكورد2,صندوق س. آرمان آتي كوثر-د,80,8000000,8000000,32599,1,1,-32598,-100,1,-32598,-100,1,1,1400-3-29,2021-06-19
453,ضجار7040,اختيارخ وتجارت-2497-1400/07/21,76,3172,861608000,190,450,290,100,52.63,272,82,43.16,236,450,1400-3-29,2021-06-19
454,كگاز,شيشه‌ و گاز,75,278428,4460416560,16860,16020,16020,-840,-4.98,16600,-260,-1.54,16020,16020,1400-3-29,2021-06-19
455,خاور,ايران خودرو ديزل,73,626132,3663498332,5681,5851,5851,170,2.99,5734,53,0.93,5851,5851,1400-3-29,2021-06-19
456,تسه9812,امتياز تسهيلات مسكن اسفند98,70,941,587474799,620285,590000,612002,-8283,-1.34,624309,4024,0.65,590000,645624,1400-3-29,2021-06-19
457,تسه9901,امتياز تسهيلات مسكن فروردين99,69,433,272319727,609804,580000,590900,-18904,-3.1,628914,19110,3.13,580000,638000,1400-3-29,2021-06-19
458,بزاگرس,نيروگاه زاگرس كوثر,67,378429,1680603189,4674,4441,4441,-233,-4.99,4647,-27,-0.58,4441,4441,1400-3-29,2021-06-19
459,اخزا914,اسنادخزانه-م14بودجه99-021025,66,169549,100613663937,591128,592100,594999,3871,0.65,593419,2291,0.39,592000,595000,1400-3-29,2021-06-19
460,سكه0112پ03,تمام سكه طرح جديد0112سامان,66,13500,13896461600,1067179,1046001,1026054,-41125,-3.85,1029367,-37812,-3.54,1020203,1047000,1400-3-29,2021-06-19
461,تسه9809,امتياز تسهيلات مسكن آذر98,65,875,534485254,618653,592020,606000,-12653,-2.05,610840,-7813,-1.26,587721,621100,1400-3-29,2021-06-19
462,اخزا908,اسنادخزانه-م8بودجه99-020606,64,221837,142258632330,639610,637399,644870,5260,0.82,641275,1665,0.26,634199,644870,1400-3-29,2021-06-19
463,لكما,كارخانجات‌مخابراتي‌ايران‌,62,299568,1136560992,3911,3794,3794,-117,-2.99,3897,-14,-0.36,3794,3794,1400-3-29,2021-06-19
464,كپارس,كاشي‌ پارس‌,61,26313,3047834790,121920,115830,115830,-6090,-5,120620,-1300,-1.07,115830,115830,1400-3-29,2021-06-19
465,تسه9804,امتياز تسهيلات مسكن تير98,61,1246,765929433,608114,578160,590900,-17214,-2.83,614711,6597,1.08,578160,625000,1400-3-29,2021-06-19
466,وساشرقي,شركت س استان آذربايجان شرقي,61,3059500,2686241000,924,878,878,-46,-4.98,922,-2,-0.22,878,878,1400-3-29,2021-06-19
467,اخزا903,اسنادخزانه-م3بودجه99-011110,60,85287,61566146917,720338,719000,730000,9662,1.34,721870,1532,0.21,719000,730000,1400-3-29,2021-06-19
468,اخزا902,اسنادخزانه-م2بودجه99-011019,60,80510,58812909481,729234,729115,730820,1586,0.22,730504,1270,0.17,728016,731000,1400-3-29,2021-06-19
469,زعف0008پ05,زعفران0008نگين زرين(پ),59,20650,2627655950,124581,126500,126100,1519,1.22,127247,2666,2.14,125501,129990,1400-3-29,2021-06-19
470,تسه9811,امتياز تسهيلات مسكن بهمن98,58,948,573124722,613359,582992,590900,-22459,-3.66,604562,-8797,-1.43,582992,633000,1400-3-29,2021-06-19
471,سكه0011پ02,تمام سكه طرح جديد0011ملت,57,11800,12195200900,1068349,1045000,1027005,-41344,-3.87,1033492,-34857,-3.26,1022111,1059776,1400-3-29,2021-06-19
472,تسه9806,امتياز تسهيلات مسكن شهريور98,55,571,352926065,610003,620000,608000,-2003,-0.33,618084,8081,1.32,602050,628500,1400-3-29,2021-06-19
473,ضجار7039,اختيارخ وتجارت-1997-1400/07/21,53,1132,626610000,430,530,580,150,34.88,554,124,28.84,520,590,1400-3-29,2021-06-19
474,وبازار,صندوق س شاخصي بازارآشنا,53,464896,4344059360,9260,9440,9550,290,3.13,9340,80,0.86,9250,9550,1400-3-29,2021-06-19
475,كبافق,معادن‌ بافق‌,53,69490,2789328600,42250,40140,40140,-2110,-4.99,41950,-300,-0.71,40140,40140,1400-3-29,2021-06-19
476,خصدرا,صنعتي‌ دريايي‌ ايران‌,52,1974895,4443513750,2170,2250,2250,80,3.69,2185,15,0.69,2250,2250,1400-3-29,2021-06-19
477,تسه9808,امتياز تسهيلات مسكن آبان98,52,1036,632442976,611094,610000,580540,-30554,-5,610466,-628,-0.1,580540,639999,1400-3-29,2021-06-19
478,معيار ,سرمايه گذاري معيار صنعت پارس,52,116095,5558628600,49360,47880,47880,-1480,-3,48512,-848,-1.72,47880,47880,1400-3-29,2021-06-19
479,اخزا909,اسنادخزانه-م9بودجه99-020316,51,102595,69125937919,670786,670000,674000,3214,0.48,673775,2989,0.45,670000,675000,1400-3-29,2021-06-19
480,فيروزا,صندوق بادرآمد ثابت فيروزه آسيا,50,159607,3725427201,23308,23348,23301,-7,-0.03,23341,33,0.14,23300,23350,1400-3-29,2021-06-19
481,غشوكو,شوكو پارس,50,131989,3215811290,24812,24068,24068,-744,-3,24665,-147,-0.59,24068,24461,1400-3-29,2021-06-19
482,ضملي7003,اختيارخ فملي-11720-1400/07/11,49,554,714595000,1316,1204,1300,-16,-1.22,1290,-26,-1.98,1203,1400,1400-3-29,2021-06-19
483,ضملي7002,اختيارخ فملي-9720-1400/07/11,48,446,1207743000,2723,2700,2700,-23,-0.84,2708,-15,-0.55,2520,3000,1400-3-29,2021-06-19
484,ضخود7078,اختيارخ خودرو-3500-1400/07/07,46,1552,33627000,23,29,20,-3,-13.04,22,-1,-4.35,18,26,1400-3-29,2021-06-19
485,آرمان,بيمه آرمان,46,98152,648919061,6570,6750,6670,100,1.52,6573,3,0.05,6400,6750,1400-3-29,2021-06-19
486,بمپنا,توليد برق عسلويه  مپنا,46,37452,2253907530,60371,58530,60200,-171,-0.28,60347,-24,-0.04,58530,60600,1400-3-29,2021-06-19
487,تسه9805,امتياز تسهيلات مسكن مرداد98,46,332,205037032,608336,587200,600020,-8316,-1.37,617581,9245,1.52,587200,629990,1400-3-29,2021-06-19
488,وآوا,سرمايه گذاري آوا نوين,45,135881,766504721,5937,5641,5641,-296,-4.99,5921,-16,-0.27,5641,5641,1400-3-29,2021-06-19
489,ثنوسا,نوسازي‌وساختمان‌تهران‌,45,150307,1701475240,12570,11320,11320,-1250,-9.94,12410,-160,-1.27,11320,11320,1400-3-29,2021-06-19
490,اخزا911,اسنادخزانه-م11بودجه99-020906,44,216848,132319277448,608871,607400,613496,4625,0.76,610194,1323,0.22,607400,613500,1400-3-29,2021-06-19
491,ولانا,شركت ليزينگ آريا دانا,42,139538,3958413984,29245,28368,28368,-877,-3,28887,-358,-1.22,28368,28368,1400-3-29,2021-06-19
492,زرين,صندوق س. سهام زرين كوروش-س,41,111734,1035471266,9270,9307,9281,11,0.12,9267,-3,-0.03,9210,9348,1400-3-29,2021-06-19
493,صايند,صندوق س. گنجينه آينده روشن-د,41,268320,2668317180,9953,9933,9956,3,0.03,9945,-8,-0.08,9930,9965,1400-3-29,2021-06-19
494,سپر,صندوق س سپر سرمايه بيدار- ثابت,41,75847,915729889,12060,12076,12073,13,0.11,12073,13,0.11,12073,12076,1400-3-29,2021-06-19
495,هشستا103,اختيارف ت شستا-10338-01/03/08,39,161707,161707,1,1,1,0,0,1,0,0,1,1,1400-3-29,2021-06-19
496,سكرد,سيمان كردستان,39,63030,403392000,6730,6400,6400,-330,-4.9,6720,-10,-0.15,6400,6400,1400-3-29,2021-06-19
497,شاملا,معدني‌ املاح‌  ايران‌,38,345206,12745005520,35170,36920,36920,1750,4.98,36590,1420,4.04,36920,36920,1400-3-29,2021-06-19
498,تسه9807,امتياز تسهيلات مسكن مهر98,38,496,299989860,613508,586010,593460,-20048,-3.27,604818,-8690,-1.42,586010,626000,1400-3-29,2021-06-19
499,آتيمس,صندوق س.آرمان آتيه درخشان مس-س,37,8204,1361187608,165509,165000,167000,1491,0.9,165918,409,0.25,165000,167300,1400-3-29,2021-06-19
500,ضجار7038,اختيارخ وتجارت-1797-1400/07/21,37,983,666762000,547,573,690,143,26.14,678,131,23.95,573,794,1400-3-29,2021-06-19
501,سصفها,سيمان‌اصفهان‌,36,30448,2082643200,72000,68400,68400,-3600,-5,71470,-530,-0.74,68400,68400,1400-3-29,2021-06-19
502,ضشنا8005,اختيارخ شپنا-12800-1400/08/16,34,1071,935148000,906,550,880,-26,-2.87,873,-33,-3.64,550,950,1400-3-29,2021-06-19
503,لپارس,پارس‌ الكتريك‌,33,17368,1320315360,80020,76020,76020,-4000,-5,79650,-370,-0.46,76020,76020,1400-3-29,2021-06-19
504,اخزا904,اسنادخزانه-م4بودجه99-011215,33,75515,53500129766,707950,708000,710000,2050,0.29,708470,520,0.07,707700,710000,1400-3-29,2021-06-19
505,تاپكيش,تجارت الكترونيك پارسيان كيش,33,34104,404234712,12476,11853,11853,-623,-4.99,12458,-18,-0.14,11853,11853,1400-3-29,2021-06-19
506,حبندر,دريايي و کشتيراني خط دريابندر,32,277242,7062739950,26262,25475,25475,-787,-3,25689,-573,-2.18,25475,25475,1400-3-29,2021-06-19
507,صنوين,صندوق سرمايه‌گذاري صنوين-مختلط,32,3370,355795820,104860,104870,106490,1630,1.55,105580,720,0.69,104860,107290,1400-3-29,2021-06-19
508,اوصتا,صندوق انديشه ورزان صباتامين -د,31,341881,6479708699,18931,18950,18970,39,0.21,18953,22,0.12,18945,18970,1400-3-29,2021-06-19
509,افق ملت,صندوق س در سهام افق ملت,30,6351,775089440,120670,121100,122440,1770,1.47,122040,1370,1.14,121100,122980,1400-3-29,2021-06-19
510,هنوري102,اختيارف ت نوري59561-01/02/15,29,300000,300000,1,1,1,0,0,1,0,0,1,1,1400-3-29,2021-06-19
511,اخزا818,اسنادخزانه-م18بودجه98-010614,29,33534,26281027399,782751,782310,783800,1049,0.13,783713,962,0.12,763000,785400,1400-3-29,2021-06-19
512,ثروتم,صندوق س. ثروت آفرين پارسيان-س,27,55760,4148461970,73008,73933,74498,1490,2.04,74399,1391,1.91,73768,74836,1400-3-29,2021-06-19
513,قمرو,قند مرودشت‌,27,54273,1376906010,26700,25370,25370,-1330,-4.98,26570,-130,-0.49,25370,25370,1400-3-29,2021-06-19
514,گدنا,تهيه توزيع غذاي دنا آفرين فدك,26,39035,919937845,24807,23567,23567,-1240,-5,24727,-80,-0.32,23567,23567,1400-3-29,2021-06-19
515,خمحور,توليدمحورخودرو,26,16903,745591330,46430,44110,44110,-2320,-5,46310,-120,-0.26,44110,44110,1400-3-29,2021-06-19
516,شزنگ,تجهيزنيروي‌زنگان‌,26,18898,2910688858,158784,154021,154021,-4763,-3,157355,-1429,-0.9,154021,154021,1400-3-29,2021-06-19
517,ختور,رادياتور ايران‌,26,24462,409004640,17600,16720,16720,-880,-5,17570,-30,-0.17,16720,16720,1400-3-29,2021-06-19
518,ساروج,بين المللي ساروج بوشهر,25,118565,1857759488,15883,15560,15700,-183,-1.15,15843,-40,-0.25,15558,16000,1400-3-29,2021-06-19
519,غچين,كشت‌ و صنعت‌ چين‌ چين,23,200719,3488496220,18290,17380,17380,-910,-4.98,18070,-220,-1.2,17380,17380,1400-3-29,2021-06-19
520,اخزا821,اسنادخزانه-م21بودجه98-020906,23,14361,8735021856,608896,602551,608502,-394,-0.06,608246,-650,-0.11,602551,612000,1400-3-29,2021-06-19
521,غفارس,شير پاستوريزه پگاه فارس,23,57309,917918253,16860,16017,16017,-843,-5,16806,-54,-0.32,16017,16017,1400-3-29,2021-06-19
522,واحصا,احياء صنايع خراسان,23,50994,2373974676,47993,46554,46554,-1439,-3,47641,-352,-0.73,46554,46554,1400-3-29,2021-06-19
523,ضملي7004,اختيارخ فملي-13720-1400/07/11,22,227,148780000,887,550,750,-137,-15.45,655,-232,-26.16,500,750,1400-3-29,2021-06-19
524,قيستو,شركت قند بيستون,22,80726,1236467659,15624,15312,15312,-312,-2,15547,-77,-0.49,15312,15898,1400-3-29,2021-06-19
525,اخزا907,اسنادخزانه-م7بودجه99-020704,22,66840,42605947187,632151,630011,638399,6248,0.99,637432,5281,0.84,630011,638399,1400-3-29,2021-06-19
526,حفارس,حمل و نقل بين المللي خليج فارس,22,129239,552755203,4502,4277,4277,-225,-5,4493,-9,-0.2,4277,4277,1400-3-29,2021-06-19
527,شلعاب,لعابيران‌,21,64312,771744000,12630,12000,12000,-630,-4.99,12600,-30,-0.24,12000,12000,1400-3-29,2021-06-19
528,وگستر,گسترش سرمايه گذاري ايرانيان,20,56581,997466449,18556,17629,17629,-927,-5,18491,-65,-0.35,17629,17629,1400-3-29,2021-06-19
529,تكمبا,كمباين‌ سازي‌ ايران‌,20,52300,367669000,7390,7030,7030,-360,-4.87,7380,-10,-0.14,7030,7030,1400-3-29,2021-06-19
530,اخزا815,اسنادخزانه-م15بودجه98-010406,20,13361,10883697664,815873,814001,814990,-883,-0.11,814587,-1286,-0.16,814000,816000,1400-3-29,2021-06-19
531,اخزا820,اسنادخزانه-م20بودجه98-020806,20,42044,26005449561,617538,615155,620000,2462,0.4,618529,991,0.16,615155,620000,1400-3-29,2021-06-19
532,فالوم,آلومتك‌,20,19617,477105057,25601,24321,24321,-1280,-5,25537,-64,-0.25,24321,24321,1400-3-29,2021-06-19
533,شصدف,صنعتي دوده فام,19,14978,434841296,30559,29032,29032,-1527,-5,30512,-47,-0.15,29032,29032,1400-3-29,2021-06-19
534,ضسپا8042,اختيارخ خساپا-1800-1400/08/26,18,810,148944000,203,180,181,-22,-10.84,184,-19,-9.36,180,200,1400-3-29,2021-06-19
535,شرنگي,شيميايي رنگين,18,2248,538402744,246910,239503,239503,-7407,-3,246499,-411,-0.17,239503,239503,1400-3-29,2021-06-19
536,زكوثر,سرمايه گذاري كشاورزي كوثر,18,44542,787947980,18620,17690,17690,-930,-4.99,18580,-40,-0.21,17690,17690,1400-3-29,2021-06-19
537,اخزا806,اسنادخزانه-م6بودجه98-000519,18,60659,58917265356,969354,971277,971277,1923,0.2,971286,1932,0.2,971276,972900,1400-3-29,2021-06-19
538,داريك,صندوق س.اعتماد داريك-د,18,210758,2253930418,10694,10710,10704,10,0.09,10694,0,0,10694,10710,1400-3-29,2021-06-19
539,زنگان,صنعت روي زنگان,17,8466,542475882,67449,64077,64077,-3372,-5,67321,-128,-0.19,64077,64077,1400-3-29,2021-06-19
540,زعف0008پ20,زعفران0008نگين وحدت جام(پ),17,8470,1065821200,123689,123000,127000,3311,2.68,125835,2146,1.73,123000,127000,1400-3-29,2021-06-19
541,وايران,ليزينگ ايرانيان,17,261075,2691683250,10850,10310,10310,-540,-4.98,10750,-100,-0.92,10310,10310,1400-3-29,2021-06-19
542,زعف0008پ16,زعفران0008نگين بيرجند(پ),17,13549,1696677508,123581,123006,127100,3519,2.85,125225,1644,1.33,123006,127100,1400-3-29,2021-06-19
543,ضشنا8000,اختيارخ شپنا-5800-1400/08/16,17,31,182958000,5023,5500,6000,977,19.45,5902,879,17.5,5500,6000,1400-3-29,2021-06-19
544,اخزا716,اسنادخزانه-م16بودجه97-000407,17,15717,15629793433,992558,994000,995000,2442,0.25,994451,1893,0.19,994000,995000,1400-3-29,2021-06-19
545,اخزا905,اسنادخزانه-م5بودجه99-020218,16,50303,34304973068,683856,679511,687000,3144,0.46,681967,-1889,-0.28,679510,687000,1400-3-29,2021-06-19
546,غبهنوش,بهنوش‌ ايران‌,16,2411,146974560,64160,60960,60960,-3200,-4.99,64130,-30,-0.05,60960,60960,1400-3-29,2021-06-19
547,ضترا8058,اختيارخ شتران-3442-1400/08/09,16,130,187790000,1249,1299,1520,271,21.7,1445,196,15.69,1299,1700,1400-3-29,2021-06-19
548,ضخود7072,اختيارخ خودرو-1400-1400/07/07,16,366,256293000,706,709,695,-11,-1.56,700,-6,-0.85,680,888,1400-3-29,2021-06-19
549,بالاس,مهندسي ساختمان تاسيسات راه آهن,16,27961,1082649920,40757,38720,38720,-2037,-5,40602,-155,-0.38,38720,38720,1400-3-29,2021-06-19
550,شفا,سرمايه گذاري شفادارو,16,8133,310029960,40120,38120,38120,-2000,-4.99,40090,-30,-0.07,38120,38120,1400-3-29,2021-06-19
551,گنجين,صندوق س. گنجينه يكم آويد-د,16,148946,1944104178,13033,13048,13064,31,0.24,13052,19,0.15,13048,13064,1400-3-29,2021-06-19
552,اخزا808,اسنادخزانه-م8بودجه98-000817,15,2106,1945475529,922971,922461,925000,2029,0.22,923778,807,0.09,922451,925000,1400-3-29,2021-06-19
553,ضخود4001,اختيارخ خودرو-1600-1400/04/02,15,194,79798000,400,420,429,29,7.25,411,11,2.75,362,440,1400-3-29,2021-06-19
554,اخزا809,اسنادخزانه-م9بودجه98-000923,15,30722,27834696381,905025,907000,905052,27,0,906018,993,0.11,905052,908210,1400-3-29,2021-06-19
555,مرقام,ايران‌ارقام‌,14,130831,2047505150,16470,15650,15650,-820,-4.98,16350,-120,-0.73,15650,15650,1400-3-29,2021-06-19
556,كابگن,توليدي و صنعتي آبگينه‌,14,195467,1032652161,5231,5283,5283,52,0.99,5252,21,0.4,5283,5283,1400-3-29,2021-06-19
557,سخند,صندوق س.سپهرخبرگان نفت-د,14,435180,4353498800,9994,10004,10040,46,0.46,10004,10,0.1,10001,10045,1400-3-29,2021-06-19
558,زقيام,كشت و دام قيام اصفهان,14,7662,195610860,26873,25530,25530,-1343,-5,26855,-18,-0.07,25530,25530,1400-3-29,2021-06-19
559,ديران,ايران‌دارو,13,21826,340485600,16420,15600,15600,-820,-4.99,16400,-20,-0.12,15600,15600,1400-3-29,2021-06-19
560,پلاسك,پلاسكوكار,13,263281,1687631210,6740,6410,6410,-330,-4.9,6700,-40,-0.59,6410,6410,1400-3-29,2021-06-19
561,ضشنا8002,اختيارخ شپنا-7800-1400/08/16,13,95,369466000,3687,3750,3933,246,6.67,3889,202,5.48,3750,4000,1400-3-29,2021-06-19
562,زعف0008پ09,زعفران0008نگين نوين(پ),13,1540,196017650,120524,125000,128000,7476,6.2,127284,6760,5.61,125000,128000,1400-3-29,2021-06-19
563,پست0008پ08,پسته فندقي32-30مه ولات0008(پ),13,231,400222998,1650995,1700000,1735369,84374,5.11,1732567,81572,4.94,1700000,1735369,1400-3-29,2021-06-19
564,دمعيار,صندوق س. توازن معيار-د,13,200000,2029000000,10126,10145,10145,19,0.19,10145,19,0.19,10145,10145,1400-3-29,2021-06-19
565,اراد50,مرابحه عام دولت5-ش.خ0302,12,195000,195000020000,1000001,1000001,1000000,-1,0,1000000,-1,0,1000000,1000001,1400-3-29,2021-06-19
566,زشريف,كشت وصنعت شريف آباد,12,30340,130583360,4530,4304,4304,-226,-4.99,4528,-2,-0.04,4304,4304,1400-3-29,2021-06-19
567,ريشمك,توليد و صادرات ريشمك,12,55859,2435117246,45888,43594,43594,-2294,-5,45496,-392,-0.85,43594,43594,1400-3-29,2021-06-19
568,زير0003پ04,زيره سبز0003شركت مينوبذر(پ),12,475,287803575,566296,610061,600200,33904,5.99,605902,39606,6.99,600000,610061,1400-3-29,2021-06-19
569,وسپهح,ح . سرمايه‌گذاري‌ سپه‌,12,482000,2506400000,5200,5200,5200,0,0,5200,0,0,5200,5200,1400-3-29,2021-06-19
570,سخواف,سيمان مجد خواف,12,196928,3129382848,16727,15891,15891,-836,-5,16452,-275,-1.64,15891,15891,1400-3-29,2021-06-19
571,ضفلا7004,اختيارخ فولاد-9586-1400/07/25,12,162,312960048,1384,1378,1380,-4,-0.29,1378,-6,-0.43,1370,1390,1400-3-29,2021-06-19
572,تبرك,گروه كارخانجات صنعتي تبرك,11,4354,72385250,17500,16625,16625,-875,-5,17496,-4,-0.02,16625,16625,1400-3-29,2021-06-19
573,اخزا814,اسنادخزانه-م14بودجه98-010318,11,5278,4352175800,823296,824100,824568,1272,0.15,824588,1292,0.16,824100,824600,1400-3-29,2021-06-19
574,جوين,كشت و صنعت جوين,11,114782,486216552,4366,4236,4236,-130,-2.98,4361,-5,-0.11,4236,4236,1400-3-29,2021-06-19
575,فراز,صندوق س.سهام فراز داريك-س,11,12898,133881240,10378,10380,10380,2,0.02,10380,2,0.02,10380,10380,1400-3-29,2021-06-19
576,ومعلم,بيمه معلم,11,114597,521530947,4790,4551,4551,-239,-4.99,4781,-9,-0.19,4551,4551,1400-3-29,2021-06-19
577,هكوير109,اختيارف ت كوير-8194-01/09/20,11,217504,166608064,500,766,766,266,53.2,766,266,53.2,766,766,1400-3-29,2021-06-19
578,زعف0008پ10,زعفران0008نگين طلاي سرخ(پ),11,5500,700628600,126490,128465,127000,510,0.4,127387,897,0.71,126500,128465,1400-3-29,2021-06-19
579,ثفارس,عمران‌وتوسعه‌فارس‌,11,23018,189668320,8670,8240,8240,-430,-4.96,8660,-10,-0.12,8240,8240,1400-3-29,2021-06-19
580,شسينا,صنايع‌شيميايي‌سينا,11,2501,297619000,125260,119000,119000,-6260,-5,125130,-130,-0.1,119000,119000,1400-3-29,2021-06-19
581,اخزا721,اسنادخزانه-م21بودجه97-000728,11,9203,8600074304,933410,933800,934481,1071,0.11,934486,1076,0.12,933385,937000,1400-3-29,2021-06-19
582,تپمپي,پمپ‌ سازي‌ ايران‌,10,7002,118473840,17810,16920,16920,-890,-5,17800,-10,-0.06,16920,16920,1400-3-29,2021-06-19
583,ضصاد8031,اختيارخ وبصادر-1789-1400/08/12,10,342,154468000,362,420,479,117,32.32,452,90,24.86,411,479,1400-3-29,2021-06-19
584,اخزا804,اسنادخزانه-م4بودجه98-000421,10,3768,3719165064,985324,986000,987192,1868,0.19,987040,1716,0.17,986000,987900,1400-3-29,2021-06-19
585,تملي804,تسهيلات مسكن ب. ملي-تير98,10,118,73662780,607135,576779,637491,30356,5,624261,17126,2.82,576779,637491,1400-3-29,2021-06-19
586,غالبر,لبنيات‌ كالبر,10,13385,236245250,18570,17650,17650,-920,-4.95,18550,-20,-0.11,17650,17650,1400-3-29,2021-06-19
587,اراد33,مرابحه عام دولت3-ش.خ 0303,10,18200,16367098000,899999,897999,900000,1,0,899291,-708,-0.08,897999,900000,1400-3-29,2021-06-19
588,كتوكاح,ح.توليدي وخدمات صنايع نسوزتوكا,10,7496,212441636,29666,29666,28183,-1483,-5,28341,-1325,-4.47,28183,29666,1400-3-29,2021-06-19
589,آبين,كشت و صنعت آبشيرين,10,120453,486389214,4206,4038,4038,-168,-3.99,4189,-17,-0.4,4038,4038,1400-3-29,2021-06-19
590,خپويش,سازه‌ پويش‌,10,100289,5721487450,60050,57050,57050,-3000,-5,58850,-1200,-2,57050,57050,1400-3-29,2021-06-19
591,حتوكا,حمل‌ونقل‌توكا,10,24431,475427260,20480,19460,19460,-1020,-4.98,20450,-30,-0.15,19460,19460,1400-3-29,2021-06-19
592,چكاوه,صنايع‌كاغذسازي‌كاوه‌,9,5632,67302400,12570,11950,11950,-620,-4.93,12570,0,0,11950,11950,1400-3-29,2021-06-19
593,كسرام,پارس‌ سرام‌,9,10685,80137500,7890,7500,7500,-390,-4.94,7890,0,0,7500,7500,1400-3-29,2021-06-19
594,خلنت,لنت‌ ترمزايران‌,9,5056,239047680,49760,47280,47280,-2480,-4.98,49720,-40,-0.08,47280,47280,1400-3-29,2021-06-19
595,ضفلا7005,اختيارخ فولاد-11013-1400/07/25,9,31,31474900,609,700,750,141,23.15,724,115,18.88,700,750,1400-3-29,2021-06-19
596,هاميد112,اختيارف ت ثاميد-2217-01/12/24,9,899845884,899845884,1,1,1,0,0,1,0,0,1,1,1400-3-29,2021-06-19
597,داسوه,داروسازي‌ اسوه‌,9,8055,213779700,27930,26540,26540,-1390,-4.98,27910,-20,-0.07,26540,26540,1400-3-29,2021-06-19
598,وسديد,گروه ‌صنعتي‌سديد,9,69621,196470462,2879,2822,2822,-57,-1.98,2879,0,0,2822,2822,1400-3-29,2021-06-19
599,غنوش,نوش‌ مازندران‌,9,6861,336051780,51550,48980,48980,-2570,-4.99,51490,-60,-0.12,48980,48980,1400-3-29,2021-06-19
600,اخزا817,اسنادخزانه-م17بودجه98-010512,9,4802,3822052548,795953,794295,798106,2153,0.27,795929,-24,0,794295,798106,1400-3-29,2021-06-19
601,كباده,توليد خاك نسوزاستقلال آباده,9,7000,63875000,8860,9125,9125,265,2.99,8862,2,0.02,9125,9125,1400-3-29,2021-06-19
602,دبالك,مواد اوليه دارويي البرز بالك,9,17572,301711240,18073,17170,17170,-903,-5,18054,-19,-0.11,17170,17170,1400-3-29,2021-06-19
603,ضسپا8040,اختيارخ خساپا-1400-1400/08/26,9,461,186250000,397,395,400,3,0.76,404,7,1.76,360,435,1400-3-29,2021-06-19
604,اخزا813,اسنادخزانه-م13بودجه98-010219,9,3069,2585016861,837502,840000,845000,7498,0.9,842299,4797,0.57,837502,845000,1400-3-29,2021-06-19
605,هبساز112,اختيارف ت ثبهساز-2578-01/12/20,8,767119387,767119387,1,1,1,0,0,1,0,0,1,1,1400-3-29,2021-06-19
606,هپارس102,اختيارف ت پارس-157010-01/02/05,8,12815,8496345,1126,663,663,-463,-41.12,663,-463,-41.12,663,663,1400-3-29,2021-06-19
607,كپشير,پشم‌شيشه‌ايران‌,8,1352,46860320,36480,34660,34660,-1820,-4.99,36470,-10,-0.03,34660,34660,1400-3-29,2021-06-19
608,بذر,صندوق س بذر اميد آفرين-سهام,8,644,56206510,86160,86400,87300,1140,1.32,87280,1120,1.3,86400,88500,1400-3-29,2021-06-19
609,زفكا,كشت و دامداري فكا,8,11759,133252988,11928,11332,11332,-596,-5,11922,-6,-0.05,11332,11332,1400-3-29,2021-06-19
610,ثعمرا,عمران و توسعه شاهد,8,17876,219267016,12911,12266,12266,-645,-5,12901,-10,-0.08,12266,12266,1400-3-29,2021-06-19
611,ولغدر,ليزينگ‌خودروغدير,7,14055,306539550,22950,21810,21810,-1140,-4.97,22930,-20,-0.09,21810,21810,1400-3-29,2021-06-19
612,ضپال2007,اختيارخ اپال-32000-1401/02/12,7,163,50512000,276,332,315,39,14.13,310,34,12.32,295,332,1400-3-29,2021-06-19
613,ضملت8043,اختيارخ وبملت-4434-1400/08/19,7,62,15449000,160,200,250,90,56.25,249,89,55.63,200,250,1400-3-29,2021-06-19
614,تملي709,تسهيلات مسكن ب. ملي-آذر97,7,123,111458869,890606,890600,935120,44514,5,906170,15564,1.75,890600,935136,1400-3-29,2021-06-19
615,وتعاون,بيمه  تعاون,7,19155,112631400,6061,5880,5880,-181,-2.99,6059,-2,-0.03,5880,5880,1400-3-29,2021-06-19
616,ضترا8057,اختيارخ شتران-3000-1400/08/09,7,85,187230000,2071,2099,2349,278,13.42,2203,132,6.37,2099,2349,1400-3-29,2021-06-19
617,ضسان7078,اختيارخ پارسان-18000-00/07/14,7,132,476400000,3450,3300,3700,250,7.25,3609,159,4.61,3300,3700,1400-3-29,2021-06-19
618,ساذري,آذريت‌,7,7061,46051842,6333,6522,6522,189,2.98,6334,1,0.02,6522,6522,1400-3-29,2021-06-19
619,ولصنم,ليزينگ‌صنعت‌ومعدن‌,7,103258,1067687720,10880,10340,10340,-540,-4.96,10840,-40,-0.37,10340,10340,1400-3-29,2021-06-19
620,غشصفا,شيرپاستوريزه‌پگاه‌اصفهان‌,6,850,21530500,26660,25330,25330,-1330,-4.99,26660,0,0,25330,25330,1400-3-29,2021-06-19
621,ضصاد8033,اختيارخ وبصادر-2489-1400/08/12,6,79,15810000,145,200,220,75,51.72,200,55,37.93,199,220,1400-3-29,2021-06-19
622,ضملت8041,اختيارخ وبملت-3434-1400/08/19,6,104,81208000,695,900,780,85,12.23,781,86,12.37,750,900,1400-3-29,2021-06-19
623,زعف0008پ08,زعفران0008نگين روستا(پ),6,2990,382751436,123667,128090,126004,2337,1.89,128011,4344,3.51,126004,128100,1400-3-29,2021-06-19
624,اخزا713,اسنادخزانه-م13بودجه97-000518,6,3503,3404288963,969471,971821,971821,2350,0.24,971821,2350,0.24,971821,971821,1400-3-29,2021-06-19
625,تپكو,توليدتجهيزات‌سنگين‌هپكو,6,18936,100209312,5400,5292,5292,-108,-2,5400,0,0,5292,5292,1400-3-29,2021-06-19
626,قشكر,شكرشاهرود,6,26642,85041264,3360,3192,3192,-168,-5,3359,-1,-0.03,3192,3192,1400-3-29,2021-06-19
627,غپاك,لبنيات‌ پاك‌,6,4662,129836700,29310,27850,27850,-1460,-4.98,29300,-10,-0.03,27850,27850,1400-3-29,2021-06-19
628,وسنا,سرمايه گذاري نيروگاهي ايران,6,22117,325473772,15490,14716,14716,-774,-5,15478,-12,-0.08,14716,14716,1400-3-29,2021-06-19
629,فلامي,لاميران‌,6,2464,84835520,36240,34430,34430,-1810,-4.99,36230,-10,-0.03,34430,34430,1400-3-29,2021-06-19
630,اخزا816,اسنادخزانه-م16بودجه98-010503,6,20966,16925199888,800011,800000,802071,2060,0.26,807269,7258,0.91,800000,810000,1400-3-29,2021-06-19
631,ضخود4004,اختيارخ خودرو-2500-1400/04/02,6,33,47000,4,2,2,-2,-50,1,-3,-75,1,3,1400-3-29,2021-06-19
632,سنير,سيمان‌ سفيد ني‌ريز,6,8149,1688798760,218140,207240,207240,-10900,-5,216850,-1290,-0.59,207240,207240,1400-3-29,2021-06-19
633,اخزا906,اسنادخزانه-م6بودجه99-020321,6,84,59837910,710168,703000,718000,7832,1.1,712356,2188,0.31,703000,718000,1400-3-29,2021-06-19
634,زماهان,مجتمع توليد گوشت مرغ ماهان,6,186633,3260851776,18391,17472,17472,-919,-5,18181,-210,-1.14,17472,17472,1400-3-29,2021-06-19
635,ضصاد8030,اختيارخ وبصادر-1589-1400/08/12,6,81,50305000,518,725,630,112,21.62,621,103,19.88,520,725,1400-3-29,2021-06-19
636,غديس,پاكديس,6,4925,61656075,13177,12519,12519,-658,-4.99,13174,-3,-0.02,12519,12519,1400-3-29,2021-06-19
637,شستان,پتروشيمي گلستان,5,38108,130062604,3482,3413,3413,-69,-1.98,3480,-2,-0.06,3413,3413,1400-3-29,2021-06-19
638,فسا,پتروشيمي فسا,5,24406,41172922,1739,1687,1687,-52,-2.99,1739,0,0,1687,1687,1400-3-29,2021-06-19
639,تكنو,تكنوتار,5,49555,957402600,20330,19320,19320,-1010,-4.97,20260,-70,-0.34,19320,19320,1400-3-29,2021-06-19
640,زنجان,صنايع كشاورزي وكود زنجان,5,7039,62231799,9306,8841,8841,-465,-5,9304,-2,-0.02,8841,8841,1400-3-29,2021-06-19
641,وملت,سرمايه گذاري ملت,5,36682,153000622,4344,4171,4171,-173,-3.98,4338,-6,-0.14,4171,4171,1400-3-29,2021-06-19
642,ضملت8042,اختيارخ وبملت-3934-1400/08/19,5,31,14599000,389,500,599,210,53.98,471,82,21.08,400,599,1400-3-29,2021-06-19
643,جهرم,پتروشيمي جهرم,5,49265,82666670,1766,1678,1678,-88,-4.98,1765,-1,-0.06,1678,1678,1400-3-29,2021-06-19
644,آسام,صندوق س.آرمان سپهر آشنا-م,5,970,99210580,102110,102202,102400,290,0.28,102279,169,0.17,102144,102400,1400-3-29,2021-06-19
645,اخزا805,اسنادخزانه-م5بودجه98-000422,5,118,116577274,985100,987000,989879,4779,0.49,987943,2843,0.29,987000,989879,1400-3-29,2021-06-19
646,ولشرق,ليزينگ ايران و شرق,5,203000,1362739000,7066,6713,6713,-353,-5,7032,-34,-0.48,6713,6713,1400-3-29,2021-06-19
647,ثاميد2,توسعه و عمران اميد,5,899845884,1410058500228,1522,1567,1567,45,2.96,1567,45,2.96,1567,1567,1400-3-29,2021-06-19
648,ضفار8050,اختيارخ فارس-7400-1400/08/05,5,30,70250000,2100,2300,2500,400,19.05,2342,242,11.52,2250,2500,1400-3-29,2021-06-19
649,وهنر,گروه توسعه هنر ايران,5,8694,62822844,7606,7226,7226,-380,-5,7603,-3,-0.04,7226,7226,1400-3-29,2021-06-19
650,ضسان7079,اختيارخ پارسان-20000-00/07/14,5,120,268000000,2082,2000,2350,268,12.87,2233,151,7.25,2000,2350,1400-3-29,2021-06-19
651,بكاب,صنايع‌جوشكاب‌يزد,5,172,57785120,353640,335960,335960,-17680,-5,353570,-70,-0.02,335960,335960,1400-3-29,2021-06-19
652,كتوكا,توليدي و خدمات صنايع نسوز توكا,5,10518,336681180,33694,32010,32010,-1684,-5,33654,-40,-0.12,32010,32010,1400-3-29,2021-06-19
653,پارتا,مجتمع‌صنعتي‌آرتاويل‌تاير,5,13773,431397906,32970,31322,31322,-1648,-5,32944,-26,-0.08,31322,31322,1400-3-29,2021-06-19
654,ثبهساز2,بهساز كاشانه تهران,5,767119387,1400760000662,1770,1826,1826,56,3.16,1826,56,3.16,1826,1826,1400-3-29,2021-06-19
655,اخزا811,اسنادخزانه-م11بودجه98-001013,4,1360,1219361880,900000,895228,898500,-1500,-0.17,896590,-3410,-0.38,895228,898500,1400-3-29,2021-06-19
656,ساينا,صنايع بهداشتي ساينا,4,928,125556544,142418,135298,135298,-7120,-5,142355,-63,-0.04,135298,135298,1400-3-29,2021-06-19
657,نطرين,عطرين نخ قم,4,2710,29866910,11601,11021,11021,-580,-5,11600,-1,-0.01,11021,11021,1400-3-29,2021-06-19
658,خكار,ايركا پارت صنعت,4,6692,128754080,20250,19240,19240,-1010,-4.99,20240,-10,-0.05,19240,19240,1400-3-29,2021-06-19
659,شپارس,بين‌ المللي‌ محصولات‌  پارس‌,4,1738,35489960,21490,20420,20420,-1070,-4.98,21490,0,0,20420,20420,1400-3-29,2021-06-19
660,پاسا,ايران‌ياساتايرورابر,4,1220,30256000,26100,24800,24800,-1300,-4.98,26100,0,0,24800,24800,1400-3-29,2021-06-19
661,افرا,افرانت,4,724,19869456,28888,27444,27444,-1444,-5,28886,-2,-0.01,27444,27444,1400-3-29,2021-06-19
662,خاتم2,صندوق س خاتم ايساتيس پويا-ثابت,4,4000000,4000000,11250,1,1,-11249,-99.99,1,-11249,-99.99,1,1,1400-3-29,2021-06-19
663,اراد41,مرابحه عام دولت4-ش.خ 0006,4,80000,80000000000,991000,1000000,1000000,9000,0.91,1000000,9000,0.91,1000000,1000000,1400-3-29,2021-06-19
664,زعف0008پ18,زعفران0008نگين بهرامن(پ),4,240,30319000,124401,125990,128000,3599,2.89,126329,1928,1.55,125990,128000,1400-3-29,2021-06-19
665,الماس,صندوق س.امين تدبيرگران فردا-س,4,191,18762855,98098,98001,98889,791,0.81,98235,137,0.14,98001,99000,1400-3-29,2021-06-19
666,ضخود7073,اختيارخ خودرو-1600-1400/07/07,4,108,54384000,527,642,520,-7,-1.33,504,-23,-4.36,500,642,1400-3-29,2021-06-19
667,اراد35,مرابحه عام دولت3-ش.خ 0103,4,2200,2151500000,953700,955000,960000,6300,0.66,977955,24255,2.54,955000,980000,1400-3-29,2021-06-19
668,اراد43,مرابحه عام دولت4-ش.خ 0205,4,9000,8475071000,929000,949999,925024,-3976,-0.43,941675,12675,1.36,925024,950000,1400-3-29,2021-06-19
669,كايتا,ايتالران‌,4,25000,244550000,9317,9782,9782,465,4.99,9328,11,0.12,9782,9782,1400-3-29,2021-06-19
670,گكيش,توريستي ورفاهي آبادگران كيش,4,5145,240909480,48272,46824,46824,-1448,-3,48236,-36,-0.07,46824,46824,1400-3-29,2021-06-19
671,ضمخا7071,اختيارخ اخابر-23700-1400/07/28,4,53,1090000,18,17,80,62,344.44,21,3,16.67,17,80,1400-3-29,2021-06-19
672,وليز,ليزينگ‌ايران‌,4,33836,302493840,9410,8940,8940,-470,-4.99,9400,-10,-0.11,8940,8940,1400-3-29,2021-06-19
673,اراد72,مرابحه عام دولت72-ش.خ0311,4,75000,75000000000,1000000,1000000,1000000,0,0,1000000,0,0,1000000,1000000,1400-3-29,2021-06-19
674,خفولا,خدمات فني فولاد يزد,4,1796,72921192,41857,40602,40602,-1255,-3,41848,-9,-0.02,40602,40602,1400-3-29,2021-06-19
675,ضغدر8057,اختيارخ وغدير-9000-1400/08/26,4,171,427099000,2397,2600,2599,202,8.43,2498,101,4.21,2350,2600,1400-3-29,2021-06-19
676,غويتاح,ح . ويتانا,4,52165,537325200,10837,10800,10296,-541,-4.99,10300,-537,-4.96,10296,10800,1400-3-29,2021-06-19
677,تملي809,تسهيلات مسكن ب. ملي-آذر98,4,37,27046380,739983,702984,776982,36999,5,730983,-9000,-1.22,702984,776982,1400-3-29,2021-06-19
678,اخزا807,اسنادخزانه-م7بودجه98-000719,4,2105,1974752460,936043,938105,945000,8957,0.96,938125,2082,0.22,938105,945000,1400-3-29,2021-06-19
679,اخزا812,اسنادخزانه-م12بودجه98-001111,4,1890,1676074600,886800,886800,887000,200,0.02,886812,12,0,886800,887000,1400-3-29,2021-06-19
680,غدام,خوراك‌  دام‌ پارس‌,4,260,97133400,393250,373590,373590,-19660,-5,393120,-130,-0.03,373590,373590,1400-3-29,2021-06-19
681,ضفار8051,اختيارخ فارس-8400-1400/08/05,4,21,35700000,1462,1700,1700,238,16.28,1700,238,16.28,1700,1700,1400-3-29,2021-06-19
682,جهرمح,ح.پتروشيمي جهرم,3,21218,12730800,17,600,600,583,3429.41,600,583,3429.41,600,600,1400-3-29,2021-06-19
683,وحافظ,بيمه حافظ,3,393,23776500,61734,60500,60500,-1234,-2,61728,-6,-0.01,60500,60500,1400-3-29,2021-06-19
684,ثاصفا,شركت‌ ساختمان‌ اصفهان‌,3,922,24197890,27056,26245,26245,-811,-3,27054,-2,-0.01,26245,26245,1400-3-29,2021-06-19
685,زكشت,كشاورزي مكانيزه اصفهان كشت,3,1288,47169136,38549,36622,36622,-1927,-5,38543,-6,-0.02,36622,36622,1400-3-29,2021-06-19
686,ضپيك7042,اختيارخ تاپيكو-8070-00/07/18,3,115,216800000,1435,1400,2000,565,39.37,1885,450,31.36,1400,2000,1400-3-29,2021-06-19
687,ثالوند,سرمايه گذاري مسكن الوند,3,649,19470000,31578,30000,30000,-1578,-5,31576,-2,-0.01,30000,30000,1400-3-29,2021-06-19
688,سيلام,سيمان‌ ايلام‌,3,1962,20130120,10800,10260,10260,-540,-5,10800,0,0,10260,10260,1400-3-29,2021-06-19
689,وسالت,بانك قرض الحسنه رسالت,3,20184,23070312,1110,1143,1143,33,2.97,1110,0,0,1143,1143,1400-3-29,2021-06-19
690,چافست,افست‌,3,2724,40097280,15490,14720,14720,-770,-4.97,15490,0,0,14720,14720,1400-3-29,2021-06-19
691,پست0008پ04,پسته فندقي32-30سبزدانه0008(پ),3,50,86655701,1662960,1735369,1735369,72409,4.35,1733114,70154,4.22,1730000,1735369,1400-3-29,2021-06-19
692,حآسا,آسيا سير ارس,3,656,24156544,38762,36824,36824,-1938,-5,38759,-3,-0.01,36824,36824,1400-3-29,2021-06-19
693,كيسون,شركت كيسون,3,4139,46120877,11370,11143,11143,-227,-2,11370,0,0,11143,11143,1400-3-29,2021-06-19
694,ضخوز7036,اختيارخ فخوز-9200-1400/07/14,3,50,319000000,6000,6300,6400,400,6.67,6380,380,6.33,6300,6400,1400-3-29,2021-06-19
695,ومشان,س. فني و مهندسي مشانير,3,1100,75627200,70878,68752,68752,-2126,-3,70861,-17,-0.02,68752,68752,1400-3-29,2021-06-19
696,وسقم,شركت س استان قم,3,50000,67000000,1410,1340,1340,-70,-4.96,1410,0,0,1340,1340,1400-3-29,2021-06-19
697,ضغدر8058,اختيارخ وغدير-10000-1400/08/26,3,63,118400000,1720,1850,2000,280,16.28,1879,159,9.24,1850,2000,1400-3-29,2021-06-19
698,فلات,گروه صنايع معادن فلات ايرانيان,3,1500,21702000,15229,14468,14468,-761,-5,15227,-2,-0.01,14468,14468,1400-3-29,2021-06-19
699,شتولي,تولي‌پرس‌,3,661,21501669,33884,32529,32529,-1355,-4,33878,-6,-0.02,32529,32529,1400-3-29,2021-06-19
700,ثامان,سامان‌ گستراصفهان‌,2,1450,31276500,22700,21570,21570,-1130,-4.98,22700,0,0,21570,21570,1400-3-29,2021-06-19
701,اخزا810,اسنادخزانه-م10بودجه98-001006,2,1500,1348074000,902045,898510,899128,-2917,-0.32,898716,-3329,-0.37,898510,899128,1400-3-29,2021-06-19
702,ضپال2006,اختيارخ اپال-28000-1401/02/12,2,2,1000000,651,500,500,-151,-23.2,500,-151,-23.2,500,500,1400-3-29,2021-06-19
703,اراد69,مرابحه عام دولت69-ش.خ0310,2,20500,20500000000,1020000,1000000,1000000,-20000,-1.96,1000000,-20000,-1.96,1000000,1000000,1400-3-29,2021-06-19
704,اخزا718,اسنادخزانه-م18بودجه97-000525,2,100,96801611,966221,968017,968016,1795,0.19,968016,1795,0.19,968016,968017,1400-3-29,2021-06-19
705,اراد564,مرابحه عام دولت5-ش.خ 0308,2,1984000,1977974592000,1000000,1002396,991530,-8470,-0.85,996963,-3037,-0.3,991530,1002396,1400-3-29,2021-06-19
706,بالبر,كابل‌ البرز,2,200,10830000,57000,54150,54150,-2850,-5,57000,0,0,54150,54150,1400-3-29,2021-06-19
707,كرونا2,تامين مالي جمعي صرفا اهداي سود,2,1001,10010000,10000,10000,10000,0,0,10000,0,0,10000,10000,1400-3-29,2021-06-19
708,اراد56,مرابحه عام دولت5-ش.خ 0308,2,16000,15951408000,1000000,1002396,991530,-8470,-0.85,996963,-3037,-0.3,991530,1002396,1400-3-29,2021-06-19
709,وجامي,سرمايه گذاري جامي,2,1113,16138500,14948,14500,14500,-448,-3,14947,-1,-0.01,14500,14500,1400-3-29,2021-06-19
710,اراد214,مرابحه عام دولت2ش.خ صادرات0212,2,53806000,51078950350000,1000000,949423,949225,-50775,-5.08,949317,-50683,-5.07,949225,949423,1400-3-29,2021-06-19
711,غشاذر,پگاه‌آذربايجان‌غربي‌,2,2154,18050520,8820,8380,8380,-440,-4.99,8820,0,0,8380,8380,1400-3-29,2021-06-19
712,ثاباد,توريستي ورفاهي آبادگران ايران,2,11521,589875200,53890,51200,51200,-2690,-4.99,53780,-110,-0.2,51200,51200,1400-3-29,2021-06-19
713,تملي708,تسهيلات مسكن ب. ملي-آبان97,2,42,35079072,795444,835216,835216,39772,5,835216,39772,5,835216,835216,1400-3-29,2021-06-19
714,ضترا8055,اختيارخ شتران-2118-1400/08/09,2,68,271100000,3387,3950,4000,613,18.1,3987,600,17.71,3950,4000,1400-3-29,2021-06-19
715,لازما,كارخانه هاي صنعتي آزمايش,2,713,22990685,33942,32245,32245,-1697,-5,33938,-4,-0.01,32245,32245,1400-3-29,2021-06-19
716,اشاد10,مشاركت دولتي10-شرايط خاص001226,2,4100,3944499900,956000,964999,962000,6000,0.63,962073,6073,0.64,962000,964999,1400-3-29,2021-06-19
717,اعتماد2,صندوق س.اعتماد آفرين پارسيان-د,2,6900000,6900000,37005,1,1,-37004,-100,1,-37004,-100,1,1,1400-3-29,2021-06-19
718,فجام,جام‌دارو,2,1800,16344000,9550,9080,9080,-470,-4.92,9550,0,0,9080,9080,1400-3-29,2021-06-19
719,ضخوز7039,اختيارخ فخوز-15200-1400/07/14,2,2,2077000,890,1030,1047,157,17.64,1038,148,16.63,1030,1047,1400-3-29,2021-06-19
720,زير0003پ01,زيره سبز0003كيميابذر(پ),2,266,156942500,582000,590000,590010,8010,1.38,590009,8009,1.38,590000,590010,1400-3-29,2021-06-19
721,بسويچ,پارس‌سويچ‌,2,523,13550930,27270,25910,25910,-1360,-4.99,27270,0,0,25910,25910,1400-3-29,2021-06-19
722,هفجر102,اختيارف ت بفجر8626-01/02/11,2,29865,16037505,493,537,537,44,8.92,537,44,8.92,537,537,1400-3-29,2021-06-19
723,دحاوي,الحاوي,2,1000,11602000,12212,11602,11602,-610,-5,12211,-1,-0.01,11602,11602,1400-3-29,2021-06-19
724,اخزا723,اسنادخزانه-م23بودجه97-000824,2,49,45240175,919998,920000,923725,3727,0.41,923269,3271,0.36,920000,923725,1400-3-29,2021-06-19
725,ضپاس7027,اختيارخ وپارس-1800-1400/07/28,2,40,39900000,733,990,1000,267,36.43,997,264,36.02,990,1000,1400-3-29,2021-06-19
726,كترام,توليدي‌ كاشي‌ تكسرام‌,2,1000,45350000,47730,45350,45350,-2380,-4.99,47720,-10,-0.02,45350,45350,1400-3-29,2021-06-19
727,نتوس,پشم‌ بافي‌ توس,2,772,15301812,20434,19821,19821,-613,-3,20433,-1,0,19821,19821,1400-3-29,2021-06-19
728,تيپيكو2,سرمايه گذاري دارويي تامين,2,2600000,98956000000,38060,38060,38060,0,0,38060,0,0,38060,38060,1400-3-29,2021-06-19
729,صشستا3112,صكوك اجاره شستا311-بدون ضامن,2,300000,300760050000,999677,1005067,1000000,323,0.03,1002533,2856,0.29,1000000,1005067,1400-3-29,2021-06-19
730,آ س پ,آ.س.پ,2,800,12158400,15997,15198,15198,-799,-4.99,15996,-1,-0.01,15198,15198,1400-3-29,2021-06-19
731,خعمرا,توسعه و عمران شهرستان نائين,2,2028,60523632,28975,29844,29844,869,3,28980,5,0.02,29844,29844,1400-3-29,2021-06-19
732,وپسا,س. پتروشيمي ساختمان  خليج فارس,2,5550,11055600,2032,1992,1992,-40,-1.97,2032,0,0,1992,1992,1400-3-29,2021-06-19
733,اخزا722,اسنادخزانه-م22بودجه97-000428,2,4954,4871406448,981317,983326,984900,3583,0.37,983328,2011,0.2,983326,984900,1400-3-29,2021-06-19
734,داوه,داروسازي آوه سينا,2,990,18679320,19861,18868,18868,-993,-5,19860,-1,-0.01,18868,18868,1400-3-29,2021-06-19
735,ثشرق,سرمايه گذاري مسكن شمال شرق,2,3200,19744000,6490,6170,6170,-320,-4.93,6490,0,0,6170,6170,1400-3-29,2021-06-19
736,مفاخر,توسعه فناوري اطلاعات خوارزمي,2,289,12284234,44743,42506,42506,-2237,-5,44741,-2,0,42506,42506,1400-3-29,2021-06-19
737,تملي712,تسهيلات مسكن ب. ملي-اسفند97,2,26,15367586,562916,591061,591061,28145,5,591061,28145,5,591061,591061,1400-3-29,2021-06-19
738,تملي612,تسهيلات مسكن بانك ملي-اسفند96,2,84,63259056,717223,753084,753084,35861,5,753084,35861,5,753084,753084,1400-3-29,2021-06-19
739,لپيام,گسترش صنايع پيام,2,1074,55444176,54341,51624,51624,-2717,-5,54325,-16,-0.03,51624,51624,1400-3-29,2021-06-19
740,ضپاس7028,اختيارخ وپارس-2000-1400/07/28,1,5,3750000,639,750,750,111,17.37,750,111,17.37,750,750,1400-3-29,2021-06-19
741,ضفار8049,اختيارخ فارس-6400-1400/08/05,1,2,6400000,3030,3200,3200,170,5.61,3200,170,5.61,3200,3200,1400-3-29,2021-06-19
742,زعف0008پ11,زعفران0008نگين سحرخيز(پ),1,39,5075460,127990,130140,130140,2150,1.68,130140,2150,1.68,130140,130140,1400-3-29,2021-06-19
743,سفارود,كارخانه فارسيت درود,1,500,8743000,17842,17486,17486,-356,-2,17841,-1,-0.01,17486,17486,1400-3-29,2021-06-19
744,غمهرا,توليدي‌مهرام‌,1,240,27496800,120600,114570,114570,-6030,-5,120590,-10,-0.01,114570,114570,1400-3-29,2021-06-19
745,همبين102,اختيارف ت مبين17952-01/02/10,1,100000,174000000,1637,1740,1740,103,6.29,1740,103,6.29,1740,1740,1400-3-29,2021-06-19
746,نگين,ص.س. زمين و ساختمان نگين شهرري,1,109,5339910,47680,48990,48990,1310,2.75,48990,1310,2.75,48990,48990,1400-3-29,2021-06-19
747,اراد554,مرابحه عام دولت5-ش.خ 0209,1,5000000,4677645000000,957250,935529,935529,-21721,-2.27,935529,-21721,-2.27,935529,935529,1400-3-29,2021-06-19
748,ضجار7041,اختيارخ وتجارت-2997-1400/07/21,1,5,730000,100,146,146,46,46,146,46,46,146,146,1400-3-29,2021-06-19
749,وايرا,سرمايه گذاري صنايع ايران,1,750,8363250,11495,11151,11151,-344,-2.99,11495,0,0,11151,11151,1400-3-29,2021-06-19
750,سپ2,پرداخت الكترونيك سامان كيش,1,3030569,86371216500,27320,28500,28500,1180,4.32,28500,1180,4.32,28500,28500,1400-3-29,2021-06-19
751,اشاد1,مشاركت دولتي1-شرايط خاص001026,1,200,194000000,980000,970000,970000,-10000,-1.02,970000,-10000,-1.02,970000,970000,1400-3-29,2021-06-19
752,آينده,بازرگاني آينده سازان بهشت پارس,1,270,5053050,19699,18715,18715,-984,-5,19698,-1,-0.01,18715,18715,1400-3-29,2021-06-19
753,ثغرب,شركت سرمايه گذاري مسكن شمالغرب,1,766,5564224,7646,7264,7264,-382,-5,7646,0,0,7264,7264,1400-3-29,2021-06-19
754,حپترو,حمل و نقل پتروشيمي( سهامي عام,1,300,15366000,53910,51220,51220,-2690,-4.99,53910,0,0,51220,51220,1400-3-29,2021-06-19
755,زعف0008پ12,زعفران0008پوشالمعمول سحرخيز(پ),1,1,86000,87903,86000,86000,-1903,-2.16,86000,-1903,-2.16,86000,86000,1400-3-29,2021-06-19
756,اخزا8052,اسنادخزانه-م5بودجه98-000422,1,530961,524058507000,985100,987000,987000,1900,0.19,987000,1900,0.19,987000,987000,1400-3-29,2021-06-19
757,سلامت6,مرابحه سلامت6واجدشرايط خاص1400,1,1000,999000000,991000,999000,999000,8000,0.81,999000,8000,0.81,999000,999000,1400-3-29,2021-06-19
758,ثقزوي,شركت عمران و سازندگي قزوين,1,200,6158000,31742,30790,30790,-952,-3,31741,-1,0,30790,30790,1400-3-29,2021-06-19
759,صبا14044,اجاصبابدون ضامن بارتبه اعتباري,1,170000,170000000000,1030000,1000000,1000000,-30000,-2.91,1000000,-30000,-2.91,1000000,1000000,1400-3-29,2021-06-19
760,اراد22,مرابحه عام دولت2-ش.خ لوتوس0212,1,3000,2937000000,985000,979000,979000,-6000,-0.61,979000,-6000,-0.61,979000,979000,1400-3-29,2021-06-19
761,ضملت8038,اختيارخ وبملت-1934-1400/08/19,1,19,38000000,1801,2000,2000,199,11.05,2000,199,11.05,2000,2000,1400-3-29,2021-06-19
762,اخزا8072,اسنادخزانه-م7بودجه98-000719,1,893424,838126414944,936043,938106,938106,2063,0.22,938106,2063,0.22,938106,938106,1400-3-29,2021-06-19
763,ضفار8047,اختيارخ فارس-4400-1400/08/05,1,5,25000000,4990,5000,5000,10,0.2,5000,10,0.2,5000,5000,1400-3-29,2021-06-19
764,كچاد2,معدني‌وصنعتي‌چادرملو,1,4200000,98490000000,23220,23450,23450,230,0.99,23450,230,0.99,23450,23450,1400-3-29,2021-06-19
765,اخزا8132,اسنادخزانه-م13بودجه98-010219,1,386707,323905783200,837502,837600,837600,98,0.01,837600,98,0.01,837600,837600,1400-3-29,2021-06-19
766,وغدير2,سرمايه‌گذاري‌غدير(هلدينگ‌,1,9440000,99780800000,10370,10570,10570,200,1.93,10570,200,1.93,10570,10570,1400-3-29,2021-06-19
767,فبيرا,بسته‌ بندي‌ ايران‌,1,1800,5398200,3091,2999,2999,-92,-2.98,3091,0,0,2999,2999,1400-3-29,2021-06-19
768,ضمخا7075,اختيارخ اخابر-8700-1400/07/28,1,5,2475000,450,495,495,45,10,495,45,10,495,495,1400-3-29,2021-06-19
769,اخزا8092,اسنادخزانه-م9بودجه98-000923,1,1075156,973072088112,905025,905052,905052,27,0,905052,27,0,905052,905052,1400-3-29,2021-06-19
770,تاصيكو2,سرمايه گذاري صدرتامين,1,309500000,3002150000000,9320,9700,9700,380,4.08,9700,380,4.08,9700,9700,1400-3-29,2021-06-19
771,اخزا8162,اسنادخزانه-م16بودجه98-010503,1,139175,112352776475,800011,807277,807277,7266,0.91,807277,7266,0.91,807277,807277,1400-3-29,2021-06-19
772,ثزاگرس,سرمايه گذاري توسعه عمران زاگرس,1,100,5410000,56947,54100,54100,-2847,-5,56945,-2,0,54100,54100,1400-3-29,2021-06-19
773,صينا205,صكوك منفعت سينا دارو-3ماهه 19%,1,6,5826000,971500,971000,971000,-500,-0.05,971000,-500,-0.05,971000,971000,1400-3-29,2021-06-19
774,پارس2,پتروشيمي پارس,1,185000,27750000000,148480,150000,150000,1520,1.02,150000,1520,1.02,150000,150000,1400-3-29,2021-06-19
775,سپرمي,پرميت‌,1,880,8030000,8947,9125,9125,178,1.99,8948,1,0.01,9125,9125,1400-3-29,2021-06-19
776,ضغدر8055,اختيارخ وغدير-7000-1400/08/26,1,2,8960000,4700,4480,4480,-220,-4.68,4480,-220,-4.68,4480,4480,1400-3-29,2021-06-19
777,زعف0008پ19,زعفران0008نگين تروند قاينات(پ),1,40,5099600,123923,127490,127490,3567,2.88,127490,3567,2.88,127490,127490,1400-3-29,2021-06-19
778,كساپا,سايپاشيشه‌,1,1360,41031200,31750,30170,30170,-1580,-4.98,31750,0,0,30170,30170,1400-3-29,2021-06-19
779,ضغدر8056,اختيارخ وغدير-8000-1400/08/26,1,100,340000000,3199,3400,3400,201,6.28,3400,201,6.28,3400,3400,1400-3-29,2021-06-19
780,اخزا8102,اسنادخزانه-م10بودجه98-001006,1,199449,179330180472,902045,899128,899128,-2917,-0.32,899128,-2917,-0.32,899128,899128,1400-3-29,2021-06-19
781,سفاسي,شركت فارسيت اهواز,1,1200,16424400,14407,13687,13687,-720,-5,14406,-1,-0.01,13687,13687,1400-3-29,2021-06-19
782,ساربيل,سيمان آرتا اردبيل,1,200,10062000,52950,50310,50310,-2640,-4.99,52950,0,0,50310,50310,1400-3-29,2021-06-19
783,سرو2,صندوق س سروسودمند مدبران-سهام,1,100000,100000,60160,1,1,-60159,-100,1,-60159,-100,1,1,1400-3-29,2021-06-19
784,ضغدر8059,اختيارخ وغدير-12000-1400/08/26,1,10,10000000,900,1000,1000,100,11.11,1000,100,11.11,1000,1000,1400-3-29,2021-06-19
785,كمرجان,بازرگاني و توليدي مرجان كار,1,50,6926050,145811,138521,138521,-7290,-5,145807,-4,0,138521,138521,1400-3-29,2021-06-19
786,افاد24,منفعت دولتي2-شرايط خاص14000626,1,5490000,5491218780000,985000,1000222,1000222,15222,1.55,1000222,15222,1.55,1000222,1000222,1400-3-29,2021-06-19
787,اخزا8122,اسنادخزانه-م12بودجه98-001111,1,1231104,1091989248000,886800,887000,887000,200,0.02,887000,200,0.02,887000,887000,1400-3-29,2021-06-19
788,اراد834,مرابحه عام دولت83-ش.خ041220,1,5200000,4762123600000,1000000,915793,915793,-84207,-8.42,915793,-84207,-8.42,915793,915793,1400-3-29,2021-06-19
789,صخود412,ص مرابحه خودرو412- 3ماهه 18%,1,3000,2994000000,999286,998000,998000,-1286,-0.13,998000,-1286,-0.13,998000,998000,1400-3-29,2021-06-19
790,اخزا8142,اسنادخزانه-م14بودجه98-010318,1,657273,541966283064,823296,824568,824568,1272,0.15,824568,1272,0.15,824568,824568,1400-3-29,2021-06-19
791,اخزا8062,اسنادخزانه-م6بودجه98-000519,1,1039615,1009764534505,969354,971287,971287,1933,0.2,971287,1933,0.2,971287,971287,1400-3-29,2021-06-19
792,اخزا8082,اسنادخزانه-م8بودجه98-000817,1,674934,623703809664,922971,924096,924096,1125,0.12,924096,1125,0.12,924096,924096,1400-3-29,2021-06-19
793,ثپرديس,سرمايه گذاري مسكن پرديس,1,554,5161064,9806,9316,9316,-490,-5,9806,0,0,9316,9316,1400-3-29,2021-06-19
794,اخزا8042,اسنادخزانه-م4بودجه98-000421,1,328212,323722716264,985324,986322,986322,998,0.1,986322,998,0.1,986322,986322,1400-3-29,2021-06-19
795,فنفت,صنايع تجهيزات نفت,1,167,5074295,31324,30385,30385,-939,-3,31324,0,0,30385,30385,1400-3-29,2021-06-19
796,فايرا2,آلومينيوم‌ايران‌,1,27789688,444635008000,16340,16000,16000,-340,-2.08,16000,-340,-2.08,16000,16000,1400-3-29,2021-06-19
797,اخزا8152,اسنادخزانه-م15بودجه98-010406,1,654673,533288115051,815873,814587,814587,-1286,-0.16,814587,-1286,-0.16,814587,814587,1400-3-29,2021-06-19
798,كمند2,صندوق س. با درآمد ثابت كمند,1,91000000,91000000,10061,1,1,-10060,-99.99,1,-10060,-99.99,1,1,1400-3-29,2021-06-19
799,اراد65,مرابحه عام دولتي65-ش.خ0210,1,100,97500000,983599,975000,975000,-8599,-0.87,975000,-8599,-0.87,975000,975000,1400-3-29,2021-06-19
800,تملي701,تسهيلات مسكن ب. ملي-فروردين97,1,16,10542624,693593,658914,658914,-34679,-5,658914,-34679,-5,658914,658914,1400-3-29,2021-06-19
801,اوان,مبين وان كيش,1,99,5044842,53640,50958,50958,-2682,-5,53639,-1,0,50958,50958,1400-3-29,2021-06-19
802,قنيشا2,قند  نيشابور,1,7742543,421116913770,57640,54390,54390,-3250,-5.64,54390,-3250,-5.64,54390,54390,1400-3-29,2021-06-19
803,آوا2,صندوق س.سهام آواي معيار-س,1,8000000,8000000,6631,1,1,-6630,-99.98,1,-6630,-99.98,1,1,1400-3-29,2021-06-19
804,كرماشا2,صنايع پتروشيمي كرمانشاه,1,875500,27403150000,30990,31300,31300,310,1,31300,310,1,31300,31300,1400-3-29,2021-06-19
805,ضپيك7039,اختيارخ تاپيكو-5070-00/07/18,1,1,4240000,2200,4240,4240,2040,92.73,4240,2040,92.73,4240,4240,1400-3-29,2021-06-19
806,افاد14,منفعت دولت-با شرايط خاص140006,1,10000000,10069100000000,1040000,1006910,1006910,-33090,-3.18,1006910,-33090,-3.18,1006910,1006910,1400-3-29,2021-06-19
807,اراد614,مرابحه عام دولت61-ش.خ0309,1,500000,500000000000,1000000,1000000,1000000,0,0,1000000,0,0,1000000,1000000,1400-3-29,2021-06-19
808,افران2,صندوق س افرا نماد پايدار-ثابت,1,1450000,1450000,13551,1,1,-13550,-99.99,1,-13550,-99.99,1,1,1400-3-29,2021-06-19
809,غگلستا,شير پاستوريزه پگاه گلستان,1,432,7961760,19400,18430,18430,-970,-5,19399,-1,-0.01,18430,18430,1400-3-29,2021-06-19
810,لخزر,پارس‌ خزر,1,30,5016600,176020,167220,167220,-8800,-5,176020,0,0,167220,167220,1400-3-29,2021-06-19
