,نماد,نام,تعداد,حجم,ارزش,دیروز,اولین,آخرین معامله - مقدار,آخرین معامله - تغییر,آخرین معامله - درصد,قیمت پایانی - مقدار,قیمت پایانی - تغییر,قیمت پایانی - درصد,کمترین,بیشترین,تاریخ,gregorian_date
0,توسن,توسعه سامانه ي نرم افزاري نگين,22966,14820884,219578994614,15284,15000,15060,-224,-1.47,14816,-468,-3.06,14520,15326,1400-7-28,2021-10-20
1,پالايش,صندوق پالايشي يكم-سهام,19420,17830827,1269258833390,72810,71250,71250,-1560,-2.14,71180,-1630,-2.24,70510,71760,1400-7-28,2021-10-20
2,فجهان,مجتمع جهان فولاد سيرجان,16012,68043383,407580444226,5995,5940,6150,155,2.59,5990,-5,-0.08,5881,6152,1400-7-28,2021-10-20
3,شپنا,پالايش نفت اصفهان,15509,94340136,1120551188500,12330,12180,11940,-390,-3.16,11880,-450,-3.65,11720,12180,1400-7-28,2021-10-20
4,دي,بانك دي,14453,471098879,441637197263,965,954,932,-33,-3.42,937,-28,-2.9,925,964,1400-7-28,2021-10-20
5,شتران,پالايش نفت تهران,14051,210375968,993045839980,5180,4690,4820,-360,-6.95,4720,-460,-8.88,4550,4880,1400-7-28,2021-10-20
6,فسبزوار,پارس فولاد سبزوار,13932,8235121,287128282500,35140,34660,34900,-240,-0.68,34870,-270,-0.77,34600,35350,1400-7-28,2021-10-20
7,فرابورس,فرابورس ايران,11335,40101095,897219582936,21928,21330,23000,1072,4.89,22374,446,2.03,21150,23024,1400-7-28,2021-10-20
8,كيمياتك,آريان كيميا تك,10860,2474741,69573636150,29140,29000,27880,-1260,-4.32,28110,-1030,-3.53,27690,29100,1400-7-28,2021-10-20
9,كالا,بورس كالاي ايران,10255,31703943,987648124100,30440,30000,31960,1520,4.99,31150,710,2.33,29450,31960,1400-7-28,2021-10-20
10,دارا يكم,صندوق واسطه گري مالي يكم-سهام,9835,5401097,639751790120,120540,119400,118300,-2240,-1.86,118450,-2090,-1.73,117380,119980,1400-7-28,2021-10-20
11,وسديد,گروه ‌صنعتي‌سديد,8239,174926719,203171202434,1115,1168,1170,55,4.93,1161,46,4.13,1115,1170,1400-7-28,2021-10-20
12,مديريت,س. و خدمات مديريت صند. ب كشوري,7986,7881271,71800032220,9287,9150,9129,-158,-1.7,9110,-177,-1.91,9012,9290,1400-7-28,2021-10-20
13,فملي,ملي‌ صنايع‌ مس‌ ايران‌,7752,57632709,779720976500,13820,13600,13470,-350,-2.53,13530,-290,-2.1,13460,13660,1400-7-28,2021-10-20
14,شبندر,پالايش نفت بندرعباس,7462,100372396,662033098430,6740,6610,6580,-160,-2.37,6600,-140,-2.08,6500,6710,1400-7-28,2021-10-20
15,خودرو,ايران‌ خودرو,7384,203667935,358024533620,1780,1789,1738,-42,-2.36,1758,-22,-1.24,1725,1813,1400-7-28,2021-10-20
16,امين,تامين سرمايه امين,6634,7953742,95801305730,11980,12200,11990,10,0.08,12040,60,0.5,11700,12440,1400-7-28,2021-10-20
17,خساپا,سايپا,6631,215185921,354350815396,1681,1680,1620,-61,-3.63,1647,-34,-2.02,1616,1700,1400-7-28,2021-10-20
18,فولاد,فولاد مباركه اصفهان,6227,53755334,567244587130,10770,10620,10470,-300,-2.79,10550,-220,-2.04,10430,10660,1400-7-28,2021-10-20
19,تپكو,توليدتجهيزات‌سنگين‌هپكو,5921,148145394,407132182809,2683,2763,2712,29,1.08,2748,65,2.42,2680,2763,1400-7-28,2021-10-20
20,كمند,صندوق س. با درآمد ثابت كمند,5458,209204093,2107080677513,10066,10071,10072,6,0.06,10072,6,0.06,10071,10075,1400-7-28,2021-10-20
21,گدنا,تهيه توزيع غذاي دنا آفرين فدك,4932,4068000,66111160672,15743,15600,16289,546,3.47,16252,509,3.23,15600,16530,1400-7-28,2021-10-20
22,سپيد,سپيد ماكيان,4931,3833658,218294857690,55270,56970,56940,1670,3.02,56940,1670,3.02,55770,57630,1400-7-28,2021-10-20
23,وهامون,سرمايه گذاري هامون صبا,4706,11538748,33446383394,2825,2940,2900,75,2.65,2899,74,2.62,2868,2940,1400-7-28,2021-10-20
24,غگيلا,شيرپاستوريزه پگاه گيلان,4587,8937888,198879042787,21584,22400,21592,8,0.04,22251,667,3.09,21500,22663,1400-7-28,2021-10-20
25,كاما,باما,4434,25156006,233370853640,9660,9500,9290,-370,-3.83,9280,-380,-3.93,9190,9500,1400-7-28,2021-10-20
26,غكورش,صنعت غذايي كورش,4337,4539947,212831110400,45470,45920,46090,620,1.36,46880,1410,3.1,45570,47700,1400-7-28,2021-10-20
27,شخارك,پتروشيمي‌ خارك‌,4281,6057491,394082358650,64290,67000,61900,-2390,-3.72,65060,770,1.2,61080,67500,1400-7-28,2021-10-20
28,خگستر,گسترش‌سرمايه‌گذاري‌ايران‌خودرو,4214,88577735,195511658660,2237,2250,2174,-63,-2.82,2207,-30,-1.34,2161,2270,1400-7-28,2021-10-20
29,شاراك,پتروشيمي شازند,4170,7158738,372643089280,54200,53800,51490,-2710,-5,52050,-2150,-3.97,51490,53800,1400-7-28,2021-10-20
30,خنصير,مهندسي‌نصيرماشين‌,4151,13714410,369303942810,25850,26450,27120,1270,4.91,26930,1080,4.18,26020,27140,1400-7-28,2021-10-20
31,آريا,پليمر آريا ساسول,4119,1478448,163836263691,110351,110000,109963,-388,-0.35,110816,465,0.42,109020,112330,1400-7-28,2021-10-20
32,كرمان,س. توسعه و عمران استان كرمان,4118,143156128,149115207453,1062,1050,1040,-22,-2.07,1042,-20,-1.88,1030,1062,1400-7-28,2021-10-20
33,شفن,پتروشيمي فناوران,4086,556348,257081126430,477720,482660,453840,-23880,-5,462090,-15630,-3.27,453840,482670,1400-7-28,2021-10-20
34,سپيدار,سپيدار سيستم آسيا,3938,1950070,35631638290,18210,18210,17900,-310,-1.7,18272,62,0.34,17700,18920,1400-7-28,2021-10-20
35,غزر,صنعتي زر ماكارون,3858,6495790,76246737470,11440,11260,11750,310,2.71,11740,300,2.62,11260,11990,1400-7-28,2021-10-20
36,نوري,پتروشيمي نوري,3857,2190749,241429516890,111250,111980,109810,-1440,-1.29,110200,-1050,-0.94,109800,111980,1400-7-28,2021-10-20
37,امين يكم,صندوق درآمد ثابت امين يكم فردا,3767,123221283,1250953738461,10144,10152,10151,7,0.07,10152,8,0.08,10141,10158,1400-7-28,2021-10-20
38,آبادا,توليد نيروي برق آبادان,3728,1993574,31158357190,15600,15610,15650,50,0.32,15630,30,0.19,15400,15820,1400-7-28,2021-10-20
39,لپارس,پارس‌ الكتريك‌,3713,2749164,424689393220,157700,157700,149820,-7880,-5,154480,-3220,-2.04,149820,163000,1400-7-28,2021-10-20
40,وملي,گروه‌ صنعتي‌ ملي‌ (هلدينگ‌,3686,1338946,291323504650,209220,219680,213200,3980,1.9,217580,8360,4,210000,219680,1400-7-28,2021-10-20
41,چخزر,صنايع چوب خزر كاسپين,3654,1156522,35703401989,29505,30700,30980,1475,5,30871,1366,4.63,29777,30980,1400-7-28,2021-10-20
42,حفاري,حفاري شمال,3443,29315955,160307087270,5670,5520,5460,-210,-3.7,5470,-200,-3.53,5390,5640,1400-7-28,2021-10-20
43,اخابر,مخابرات ايران,3424,49325817,402100276800,8050,8250,8100,50,0.62,8150,100,1.24,7920,8270,1400-7-28,2021-10-20
44,خپارس,پارس‌ خودرو,3375,120081602,131004000721,1111,1095,1077,-34,-3.06,1091,-20,-1.8,1071,1132,1400-7-28,2021-10-20
45,رافزا,رايان هم افزا,3370,454703,32994410267,69777,73189,73244,3467,4.97,72563,2786,3.99,69800,73265,1400-7-28,2021-10-20
46,خصدرا,صنعتي‌ دريايي‌ ايران‌,3301,93969198,271088293281,3025,2874,2874,-151,-4.99,2885,-140,-4.63,2874,2947,1400-7-28,2021-10-20
47,شصدف,صنعتي دوده فام,3296,3496957,111562631460,33371,32830,31704,-1667,-5,31903,-1468,-4.4,31703,32870,1400-7-28,2021-10-20
48,وبملت,بانك ملت,3259,65625183,229886346264,3561,3540,3485,-76,-2.13,3503,-58,-1.63,3460,3570,1400-7-28,2021-10-20
49,وايران,ليزينگ ايرانيان,3223,33899415,171789863193,5163,5180,5088,-75,-1.45,5068,-95,-1.84,4905,5350,1400-7-28,2021-10-20
50,حكشتي,كشتيراني جمهوري اسلامي ايران,3201,14113913,202997542650,14520,14750,14100,-420,-2.89,14380,-140,-0.96,14020,14750,1400-7-28,2021-10-20
51,بوعلي,پتروشيمي بوعلي سينا,3161,1295026,95904796760,74570,75000,74150,-420,-0.56,74090,-480,-0.64,73450,75000,1400-7-28,2021-10-20
52,ونيكي,سرمايه‌گذاري‌ ملي‌ايران‌,3127,30203738,344802441030,11170,11300,11530,360,3.22,11420,250,2.24,10800,11620,1400-7-28,2021-10-20
53,وتجارت,بانك تجارت,3101,77744664,157116540754,2045,2025,2005,-40,-1.96,2021,-24,-1.17,2000,2060,1400-7-28,2021-10-20
54,ومدير,گ.مديريت ارزش سرمايه ص ب كشوري,3078,9221804,41115071108,4488,4498,4488,0,0,4458,-30,-0.67,4382,4530,1400-7-28,2021-10-20
55,حبندر,دريايي و کشتيراني خط دريابندر,3063,14192923,493341460833,34338,35368,33308,-1030,-3,34760,422,1.23,33308,35368,1400-7-28,2021-10-20
56,زاگرس,پتروشيمي زاگرس,3030,688131,218157656805,331727,330000,315141,-16586,-5,317029,-14698,-4.43,315141,330000,1400-7-28,2021-10-20
57,ولكار,ليزينگ كارآفرين,2937,1728252,7390781946,4220,4290,4315,95,2.25,4248,28,0.66,4200,4330,1400-7-28,2021-10-20
58,شپديس,پتروشيمي پرديس,2909,2410134,457635458890,198870,197000,188930,-9940,-5,189880,-8990,-4.52,188930,197000,1400-7-28,2021-10-20
59,وخارزم,سرمايه گذاري خوارزمي,2904,25856018,124157772083,4875,4940,4800,-75,-1.54,4802,-73,-1.5,4719,4940,1400-7-28,2021-10-20
60,شاروم,پتروشيمي اروميه,2901,1566534,23710551630,15166,14978,14990,-176,-1.16,15136,-30,-0.2,14900,15398,1400-7-28,2021-10-20
61,غگل,گلوكوزان‌,2884,63620345,199968167129,3007,3066,3157,150,4.99,3143,136,4.52,3050,3157,1400-7-28,2021-10-20
62,آريان,سرمايه گذاري پارس آريان,2836,43068150,834973370027,19150,19440,19398,248,1.3,19387,237,1.24,19272,19677,1400-7-28,2021-10-20
63,وكبهمن,مديريت سرمايه گذاري كوثربهمن,2811,1819525,20420001677,11186,11070,11251,65,0.58,11223,37,0.33,10920,11438,1400-7-28,2021-10-20
64,ثبهساز,بهساز كاشانه تهران,2791,17674303,30274863821,1745,1757,1709,-36,-2.06,1713,-32,-1.83,1689,1770,1400-7-28,2021-10-20
65,ذوب,سهامي ذوب آهن  اصفهان,2788,37690397,150982775868,4088,3986,3982,-106,-2.59,4006,-82,-2.01,3980,4099,1400-7-28,2021-10-20
66,خبهمن,گروه‌بهمن‌,2760,108931153,190755507315,1794,1794,1770,-24,-1.34,1751,-43,-2.4,1733,1800,1400-7-28,2021-10-20
67,ورازي,بيمه رازي,2729,91430673,209770509973,2201,2250,2221,20,0.91,2294,93,4.23,2201,2311,1400-7-28,2021-10-20
68,ثتران,سرمايه گذاري مسكن تهران,2728,40979053,203086005122,4764,4942,4860,96,2.02,4956,192,4.03,4800,5002,1400-7-28,2021-10-20
69,چكاپا,گروه صنايع كاغذ پارس,2715,39172893,128940051461,3422,3422,3260,-162,-4.73,3292,-130,-3.8,3251,3450,1400-7-28,2021-10-20
70,سنير,سيمان‌ سفيد ني‌ريز,2705,1243298,136166614280,114060,110010,108360,-5700,-5,109520,-4540,-3.98,108360,114060,1400-7-28,2021-10-20
71,خزر,فنرسازي‌زر,2695,12025747,163405987120,14250,13980,13540,-710,-4.98,13590,-660,-4.63,13540,14190,1400-7-28,2021-10-20
72,ولپارس,ليزينگ پارسيان,2637,5872562,24914190312,4358,4202,4216,-142,-3.26,4242,-116,-2.66,4180,4350,1400-7-28,2021-10-20
73,پتاير,ايران‌ تاير,2632,58832219,148905765967,2363,2532,2500,137,5.8,2531,168,7.11,2492,2640,1400-7-28,2021-10-20
74,فاسمين,كالسيمين‌,2610,14079058,264392890470,18970,18670,18600,-370,-1.95,18780,-190,-1,18050,19080,1400-7-28,2021-10-20
75,كيان,صندوق س. با درآمد ثابت كيان,2576,16655393,518677796241,31111,31140,31162,51,0.16,31142,31,0.1,31131,31169,1400-7-28,2021-10-20
76,لطيف,محصولات كاغذي لطيف,2565,283941,11058752885,39514,39243,38634,-880,-2.23,39095,-419,-1.06,38500,39515,1400-7-28,2021-10-20
77,صبا,سرمايه گذاري صبا تامين,2523,17534708,110252755831,6294,6350,6290,-4,-0.06,6288,-6,-0.1,6200,6358,1400-7-28,2021-10-20
78,پارند,صندوق س. پارند پايدار سپهر,2522,120607680,1215130933614,10069,10075,10075,6,0.06,10075,6,0.06,10074,10086,1400-7-28,2021-10-20
79,شلعاب,لعابيران‌,2497,21796890,151384537440,6750,7080,6760,10,0.15,6950,200,2.96,6550,7080,1400-7-28,2021-10-20
80,سفاسي,شركت فارسيت اهواز,2425,20850224,89801512676,4175,4010,4370,195,4.67,4307,132,3.16,3967,4383,1400-7-28,2021-10-20
81,كزغال,زغال سنگ پروده طبس,2420,742399,24960056819,34362,34010,33650,-712,-2.07,33674,-688,-2,33410,34010,1400-7-28,2021-10-20
82,وسپهر,سرمايه گذاري مالي سپهرصادرات,2395,7688219,54329982489,7066,7064,7066,0,0,7066,0,0,7064,7100,1400-7-28,2021-10-20
83,دروز,داروسازي‌ روزدارو,2385,11697137,529857730220,46440,48550,44120,-2320,-5,45300,-1140,-2.45,44120,48760,1400-7-28,2021-10-20
84,زملارد,كشاورزي و دامپروري ملارد شير,2375,537895,11858008619,22259,22780,21816,-443,-1.99,22092,-167,-0.75,21720,22820,1400-7-28,2021-10-20
85,فگستر,گسترش صنايع روي ايرانيان,2359,1441643,17915738260,12735,12735,12311,-424,-3.33,12427,-308,-2.42,12200,12790,1400-7-28,2021-10-20
86,ثفارس,عمران‌وتوسعه‌فارس‌,2326,23317635,263228961130,11090,11330,11180,90,0.81,11290,200,1.8,10860,11640,1400-7-28,2021-10-20
87,وغدير,سرمايه‌گذاري‌غدير(هلدينگ‌,2311,11482776,185269974420,16440,16200,16010,-430,-2.62,16130,-310,-1.89,15900,16500,1400-7-28,2021-10-20
88,وبصادر,بانك صادرات ايران,2286,61251772,124209579737,2049,2032,2012,-37,-1.81,2028,-21,-1.02,2010,2070,1400-7-28,2021-10-20
89,هاي وب,داده گسترعصرنوين-هاي وب,2278,67421205,549532236360,7790,8100,8170,380,4.88,8150,360,4.62,7910,8170,1400-7-28,2021-10-20
90,شگويا,پتروشيمي تندگويان,2245,10645891,120732229176,11586,11727,11290,-296,-2.55,11341,-245,-2.11,11210,11750,1400-7-28,2021-10-20
91,فتوسا,توليد و توسعه سرب روي ايرانيان,2243,1195689,15365045142,13057,12722,12950,-107,-0.82,12863,-194,-1.49,12600,13100,1400-7-28,2021-10-20
92,فلوله,لوله‌وماشين‌سازي‌ايران‌,2184,72303495,88187568993,1206,1206,1206,0,0,1220,14,1.16,1160,1257,1400-7-28,2021-10-20
93,بپيوند,برق و انرژي پيوندگستر پارس,2170,1070678,10749434363,10172,10050,9954,-218,-2.14,10077,-95,-0.93,9900,10210,1400-7-28,2021-10-20
94,قثابت,قند ثابت‌ خراسان‌,2130,34342965,91935311541,2708,2700,2620,-88,-3.25,2677,-31,-1.14,2620,2750,1400-7-28,2021-10-20
95,بگيلان,توسعه مسير برق گيلان,2093,423711,6730218821,15826,15827,15823,-3,-0.02,15840,14,0.09,15730,16300,1400-7-28,2021-10-20
96,پترول,گ.س.وت.ص.پتروشيمي خليج فارس,2053,17915233,59402871206,3364,3340,3297,-67,-1.99,3333,-31,-0.92,3292,3375,1400-7-28,2021-10-20
97,سيتا,سرمايه گذاري سيمان تامين,2051,2896611,30390391440,10490,10700,10500,10,0.1,10490,0,0,10320,10700,1400-7-28,2021-10-20
98,بالبر,كابل‌ البرز,1949,3312724,101188716580,30520,32040,29010,-1510,-4.95,30550,30,0.1,29000,32040,1400-7-28,2021-10-20
99,غدام,خوراك‌  دام‌ پارس‌,1948,669714,98792070910,149260,151700,143430,-5830,-3.91,147510,-1750,-1.17,142110,154880,1400-7-28,2021-10-20
100,ثاميد,توسعه و عمران اميد,1926,10573900,15447240700,1486,1488,1454,-32,-2.15,1467,-19,-1.28,1451,1488,1400-7-28,2021-10-20
101,ختور,رادياتور ايران‌,1920,6746618,127764662850,18450,18900,18700,250,1.36,18940,490,2.66,18500,19300,1400-7-28,2021-10-20
102,وپويا,سرمايه گذاري پويا,1863,4575246,19369753777,4244,4288,4180,-64,-1.51,4234,-10,-0.24,4145,4309,1400-7-28,2021-10-20
103,اعتماد,صندوق س.اعتماد آفرين پارسيان-د,1846,27086370,1069200803270,39428,39460,39478,50,0.13,39474,46,0.12,39460,39480,1400-7-28,2021-10-20
104,فروي,ذوب روي اصفهان,1832,2329665,67038027467,29551,29970,28200,-1351,-4.57,28776,-775,-2.62,28080,29970,1400-7-28,2021-10-20
105,شغدير,پتروشيمي غدير,1674,1793038,195755502530,110480,110480,108100,-2380,-2.15,109180,-1300,-1.18,107120,112090,1400-7-28,2021-10-20
106,ملت,بيمه ملت,1655,75197889,90637175636,1247,1200,1220,-27,-2.17,1205,-42,-3.37,1200,1230,1400-7-28,2021-10-20
107,فسرب,ملي‌ سرب‌وروي‌ ايران‌,1647,1860713,149216643150,84340,80280,80130,-4210,-4.99,80190,-4150,-4.92,80130,82300,1400-7-28,2021-10-20
108,نطرين,عطرين نخ قم,1638,11049673,94862084287,8212,8600,8622,410,4.99,8585,373,4.54,8275,8622,1400-7-28,2021-10-20
109,دتوليد,داروسازي توليد دارو,1601,6439066,73342792275,11024,10900,11575,551,5,11390,366,3.32,10720,11575,1400-7-28,2021-10-20
110,تكشا,گسترش‌صنايع‌وخدمات‌كشاورزي‌,1600,3305677,141807307400,41370,42900,42550,1180,2.85,42900,1530,3.7,41370,43430,1400-7-28,2021-10-20
111,گشان,توسعه بين المللي پديده شانديز,1568,5122504,98084642354,18633,18849,19191,558,2.99,19148,515,2.76,18640,19191,1400-7-28,2021-10-20
112,دماوند,توليد نيروي برق دماوند,1564,2954323,62289543015,20625,20970,21000,375,1.82,21084,459,2.23,20300,21550,1400-7-28,2021-10-20
113,تاپكيش,تجارت الكترونيك پارسيان كيش,1563,6357070,121253296393,19031,19080,19100,69,0.36,19074,43,0.23,18500,19537,1400-7-28,2021-10-20
114,بميلا,توسعه بازرگاني آهن وفولادميلاد,1558,12505997,194056997647,15273,15425,15200,-73,-0.48,15517,244,1.6,15169,15731,1400-7-28,2021-10-20
115,آ س پ,آ.س.پ,1548,9161864,82100601634,9341,8990,9002,-339,-3.63,8961,-380,-4.07,8874,9250,1400-7-28,2021-10-20
116,شاوان,پالايش نفت لاوان,1542,1500818,206446232447,142308,139445,136020,-6288,-4.42,137556,-4752,-3.34,135520,139998,1400-7-28,2021-10-20
117,شفارس,صنايع‌ شيميايي‌ فارس‌,1533,42164989,62279894869,1543,1510,1466,-77,-4.99,1477,-66,-4.28,1466,1520,1400-7-28,2021-10-20
118,وگستر,گسترش سرمايه گذاري ايرانيان,1530,7499467,68290920576,9518,9590,9043,-475,-4.99,9106,-412,-4.33,9043,9590,1400-7-28,2021-10-20
119,ديران,ايران‌دارو,1521,4733225,148791629200,32920,33250,31280,-1640,-4.98,31440,-1480,-4.5,31280,33250,1400-7-28,2021-10-20
120,ثاخت,بين‌المللي‌توسعه‌ساختمان,1477,30361091,63086935115,2034,2064,2071,37,1.82,2078,44,2.16,2040,2121,1400-7-28,2021-10-20
121,زيتون,صندوق س زيتون نماد پايا- مختلط,1475,5415000,54150000000,10000,10000,10000,0,0,10000,0,0,10000,10000,1400-7-28,2021-10-20
122,سرو,صندوق س سروسودمند مدبران-سهام,1474,1221882,91397643790,76130,75890,74790,-1340,-1.76,74800,-1330,-1.75,74270,75890,1400-7-28,2021-10-20
123,كروي,توسعه‌ معادن‌ روي‌ ايران‌,1473,3330161,91816473870,28700,27550,27890,-810,-2.82,27570,-1130,-3.94,27270,28000,1400-7-28,2021-10-20
124,بترانس,ايران‌ ترانسفو,1470,27241595,61717393094,2231,2284,2270,39,1.75,2266,35,1.57,2200,2310,1400-7-28,2021-10-20
125,فخوز,فولاد  خوزستان,1468,6100462,101292831320,16880,17000,16400,-480,-2.84,16660,-220,-1.3,16320,17020,1400-7-28,2021-10-20
126,واحصا,احياء صنايع خراسان,1465,2534856,141243677126,56381,58990,53562,-2819,-5,55721,-660,-1.17,53562,59000,1400-7-28,2021-10-20
127,سمگا,گروه سرمايه گذاري ميراث فرهنگي,1462,12372148,148460150979,12418,12390,12000,-418,-3.37,12000,-418,-3.37,11815,12390,1400-7-28,2021-10-20
128,كمرجان,بازرگاني و توليدي مرجان كار,1459,795144,57353490342,74369,75859,71760,-2609,-3.51,72130,-2239,-3.01,71010,75859,1400-7-28,2021-10-20
129,حآسا,آسيا سير ارس,1426,4247721,66585068693,15052,15470,15520,468,3.11,15675,623,4.14,15054,15804,1400-7-28,2021-10-20
130,شيران,س. صنايع‌شيميايي‌ايران,1425,4676938,103941442140,22860,22870,22000,-860,-3.76,22220,-640,-2.8,21720,22880,1400-7-28,2021-10-20
131,پكرمان,گروه‌ صنعتي‌ بارز,1422,5382948,130912727760,23260,24420,23970,710,3.05,24320,1060,4.56,23620,24420,1400-7-28,2021-10-20
132,فاذر,صنايع‌ آذرآب‌,1398,40570658,41991301464,1061,1063,1028,-33,-3.11,1035,-26,-2.45,1020,1064,1400-7-28,2021-10-20
133,پيزد,مجتمع صنايع لاستيك يزد,1391,325747,19456868310,56886,59730,59730,2844,5,59730,2844,5,59730,59730,1400-7-28,2021-10-20
134,ثالوند,سرمايه گذاري مسكن الوند,1390,8724503,117626721692,12848,13490,13490,642,5,13482,634,4.93,13042,13490,1400-7-28,2021-10-20
135,شبريز,پالايش نفت تبريز,1361,2775698,105617803830,38920,38500,38010,-910,-2.34,38050,-870,-2.24,37420,38850,1400-7-28,2021-10-20
136,تاپيكو,س. نفت و گاز و پتروشيمي تأمين,1338,11773803,171160961640,14600,14480,14480,-120,-0.82,14540,-60,-0.41,14310,14660,1400-7-28,2021-10-20
137,خموتور,موتورسازان‌تراكتورسازي‌ايران‌,1325,7879727,102686236290,13670,13230,12990,-680,-4.97,13030,-640,-4.68,12990,13600,1400-7-28,2021-10-20
138,خراسان,پتروشيمي خراسان,1319,976985,107714460670,115190,115000,109440,-5750,-4.99,110250,-4940,-4.29,109440,115000,1400-7-28,2021-10-20
139,شسپا,نفت سپاهان,1304,25142905,84417158469,3397,3399,3355,-42,-1.24,3357,-40,-1.18,3310,3399,1400-7-28,2021-10-20
140,كماسه,تامين‌ ماسه‌ ريخته‌گري‌,1303,12662239,66104452890,5320,5200,5160,-160,-3.01,5220,-100,-1.88,5110,5350,1400-7-28,2021-10-20
141,زنگان,صنعت روي زنگان,1295,1243900,91027891011,69940,71200,73437,3497,5,73179,3239,4.63,69400,73437,1400-7-28,2021-10-20
142,وسكرمان,س.سهام عدالت استان كرمان,1287,94189732,44240183452,472,470,467,-5,-1.06,470,-2,-0.42,465,479,1400-7-28,2021-10-20
143,تيپيكو,سرمايه گذاري دارويي تامين,1287,7183579,162651960020,21610,22640,22600,990,4.58,22640,1030,4.77,22200,22690,1400-7-28,2021-10-20
144,غويتا,ويتانا,1280,10339564,60113246046,5945,5856,5820,-125,-2.1,5814,-131,-2.2,5750,5944,1400-7-28,2021-10-20
145,فروس,فروسيليس‌ ايران‌,1273,14273049,109447237710,7830,7550,7680,-150,-1.92,7670,-160,-2.04,7450,7890,1400-7-28,2021-10-20
146,زشريف,كشت وصنعت شريف آباد,1272,14309897,52953184201,3861,3913,3710,-151,-3.91,3700,-161,-4.17,3668,3913,1400-7-28,2021-10-20
147,كساپا,سايپاشيشه‌,1267,3091243,59302035640,19740,20560,19270,-470,-2.38,19180,-560,-2.84,18760,20560,1400-7-28,2021-10-20
148,سيمرغ,سيمرغ,1247,3890684,73758282500,19070,19370,19070,0,0,18960,-110,-0.58,18760,19440,1400-7-28,2021-10-20
149,ولساپا,ليزينگ رايان‌ سايپا,1232,32969659,86094456422,2686,2621,2586,-100,-3.72,2611,-75,-2.79,2582,2669,1400-7-28,2021-10-20
150,كرازي,كارخانجات‌توليدي‌شيشه‌رازي‌,1220,27662501,35671146520,1316,1316,1280,-36,-2.74,1290,-26,-1.98,1279,1348,1400-7-28,2021-10-20
151,وپست,پست بانك ايران,1212,6293563,139566265800,21160,22170,22210,1050,4.96,22180,1020,4.82,21330,22210,1400-7-28,2021-10-20
152,البرز,بيمه البرز,1209,62305272,149792455147,2513,2540,2388,-125,-4.97,2404,-109,-4.34,2388,2543,1400-7-28,2021-10-20
153,اپال,فرآوري معدني اپال كاني پارس,1199,1262985,24026368850,19240,18710,18850,-390,-2.03,19200,-40,-0.21,18550,19200,1400-7-28,2021-10-20
154,كتوكا,توليدي و خدمات صنايع نسوز توكا,1190,3251446,49806301808,14907,15184,15490,583,3.91,15318,411,2.76,14610,15640,1400-7-28,2021-10-20
155,ثنوسا,نوسازي‌وساختمان‌تهران‌,1188,10605717,74851367510,7100,7200,7000,-100,-1.41,7060,-40,-0.56,6850,7430,1400-7-28,2021-10-20
156,خزاميا,زامياد,1185,10397627,64336693100,6310,6260,6080,-230,-3.65,6190,-120,-1.9,6050,6390,1400-7-28,2021-10-20
157,وسپه,سرمايه‌گذاري‌ سپه‌,1181,14981637,123359574260,8220,8160,8390,170,2.07,8230,10,0.12,8090,8470,1400-7-28,2021-10-20
158,كپشير,پشم‌شيشه‌ايران‌,1169,3843614,58544838800,15390,14990,14950,-440,-2.86,15230,-160,-1.04,14670,15820,1400-7-28,2021-10-20
159,غمينو,شركت صنايع غذايي مينو شرق,1168,10946051,59994770803,5744,5700,5457,-287,-5,5481,-263,-4.58,5457,5780,1400-7-28,2021-10-20
160,وسكرشا,س.سهام عدالت استان كرمانشاه,1156,81463999,38038435166,471,467,467,-4,-0.85,467,-4,-0.85,460,476,1400-7-28,2021-10-20
161,كاوه,فولاد كاوه جنوب كيش,1156,2641590,44979512070,17270,17530,17010,-260,-1.51,17160,-110,-0.64,16910,17530,1400-7-28,2021-10-20
162,وصنا,گروه‌صنايع‌بهشهرايران‌,1148,9312482,66724626730,7260,7310,6990,-270,-3.72,7170,-90,-1.24,6950,7530,1400-7-28,2021-10-20
163,ودي,بيمه  دي,1141,7583844,50469124170,6762,6817,6590,-172,-2.54,6655,-107,-1.58,6424,6888,1400-7-28,2021-10-20
164,وآوا,سرمايه گذاري آوا نوين,1134,16465213,59724718188,3796,3760,3630,-166,-4.37,3627,-169,-4.45,3607,3839,1400-7-28,2021-10-20
165,بپاس,بيمه پاسارگاد,1131,3865380,248989071627,64561,64565,64600,39,0.06,64415,-146,-0.23,62000,65400,1400-7-28,2021-10-20
166,ماديرا,صنايع ماديران,1127,7405538,56312779417,7542,7620,7660,118,1.56,7604,62,0.82,7440,7700,1400-7-28,2021-10-20
167,كيسون,شركت كيسون,1120,8782743,66573728691,7954,7710,7557,-397,-4.99,7580,-374,-4.7,7557,7894,1400-7-28,2021-10-20
168,كلوند,كاشي‌ الوند,1113,3704183,83766742330,21660,22360,22400,740,3.42,22610,950,4.39,21840,22740,1400-7-28,2021-10-20
169,فاراك,ماشين‌ سازي‌ اراك‌,1091,22469509,36840408346,1656,1670,1631,-25,-1.51,1640,-16,-0.97,1600,1687,1400-7-28,2021-10-20
170,فزرين,زرين معدن آسيا,1086,2898664,44374359447,15311,15321,15350,39,0.25,15309,-2,-0.01,14851,15667,1400-7-28,2021-10-20
171,بجهرم,توسعه مولد نيروگاهي جهرم,1063,10453547,22364044884,2173,2170,2159,-14,-0.64,2139,-34,-1.56,2118,2179,1400-7-28,2021-10-20
172,فجر,فولاد اميركبيركاشان,1054,1984500,52223410700,26900,26800,26050,-850,-3.16,26320,-580,-2.16,26010,26970,1400-7-28,2021-10-20
173,غمارگ,مارگارين‌,1053,3542724,94953296340,27900,26600,27200,-700,-2.51,26800,-1100,-3.94,26510,27890,1400-7-28,2021-10-20
174,كگل,معدني و صنعتي گل گهر,1044,19978705,454128331780,22720,22750,22730,10,0.04,22730,10,0.04,22700,22800,1400-7-28,2021-10-20
175,كچاد,معدني‌وصنعتي‌چادرملو,1040,2791863,78202440160,28070,28550,27960,-110,-0.39,28030,-40,-0.14,27780,28550,1400-7-28,2021-10-20
176,ضخود1053,اختيارخ خودرو-2500-1400/10/08,1033,55743,2197038000,43,40,38,-5,-11.63,39,-4,-9.3,37,44,1400-7-28,2021-10-20
177,افران,صندوق س افرا نماد پايدار-ثابت,1028,23235206,337787422936,14529,14537,14536,7,0.05,14538,9,0.06,14536,14541,1400-7-28,2021-10-20
178,ونوين,بانك‌اقتصادنوين‌,1028,12466392,46892395991,3819,3803,3740,-79,-2.07,3762,-57,-1.49,3715,3818,1400-7-28,2021-10-20
179,خكار,ايركا پارت صنعت,1028,6024580,33786139620,5600,5760,5460,-140,-2.5,5610,10,0.18,5400,5760,1400-7-28,2021-10-20
180,دتوزيع,توزيع دارو پخش,1027,1841070,62161065360,32663,33150,33700,1037,3.17,33764,1101,3.37,32740,34295,1400-7-28,2021-10-20
181,مفاخر,توسعه فناوري اطلاعات خوارزمي,1026,1549314,51684674705,32001,32700,33000,999,3.12,33360,1359,4.25,32006,33601,1400-7-28,2021-10-20
182,آگاس,صندوق س.هستي بخش آگاه-س,1025,775354,64644047792,84094,84000,83090,-1004,-1.19,83374,-720,-0.86,82686,84000,1400-7-28,2021-10-20
183,حريل,ريل پردازسير,1015,11021278,37110413399,3337,3320,3402,65,1.95,3367,30,0.9,3270,3478,1400-7-28,2021-10-20
184,دسانكو,داروسازي سبحان انكولوژي,1000,5776918,85074832924,14128,14128,14650,522,3.69,14727,599,4.24,14128,14834,1400-7-28,2021-10-20
185,پارند2,صندوق س. پارند پايدار سپهر,1000,100000000,100000000,10069,1,1,-10068,-99.99,1,-10068,-99.99,1,1,1400-7-28,2021-10-20
186,دلر,داروسازي‌ اكسير,992,2089486,98615989940,45930,47000,47270,1340,2.92,47200,1270,2.77,46300,47890,1400-7-28,2021-10-20
187,غصينو,صنعتي مينو,991,4439786,64171416289,15182,14426,14423,-759,-5,14454,-728,-4.8,14423,14850,1400-7-28,2021-10-20
188,زماهان,مجتمع توليد گوشت مرغ ماهان,982,4734492,38444597888,7913,7921,7977,64,0.81,8120,207,2.62,7921,8255,1400-7-28,2021-10-20
189,غسالم,سالمين‌,967,9904079,27583176854,2792,2845,2780,-12,-0.43,2785,-7,-0.25,2705,2845,1400-7-28,2021-10-20
190,كلر,كلر پارس,965,479040,58758911915,124597,125000,122360,-2237,-1.8,122660,-1937,-1.55,120000,125000,1400-7-28,2021-10-20
191,دحاوي,الحاوي,965,11282799,57587560997,5318,5110,5150,-168,-3.16,5104,-214,-4.02,5053,5321,1400-7-28,2021-10-20
192,خرينگ,رينگ‌سازي‌مشهد,964,1280149,41030987750,33420,33980,31780,-1640,-4.91,32050,-1370,-4.1,31750,33980,1400-7-28,2021-10-20
193,ثرود,سرمايه‌گذاري مسكن زاينده رود,956,4909434,43574068475,8494,8850,8762,268,3.16,8876,382,4.5,8580,8918,1400-7-28,2021-10-20
194,خمحركه,نيرو محركه‌,941,9678887,32856147375,3449,3513,3340,-109,-3.16,3395,-54,-1.57,3333,3513,1400-7-28,2021-10-20
195,حسير,ريل سير كوثر,936,6087939,240942693018,41624,40550,39543,-2081,-5,39577,-2047,-4.92,39543,41466,1400-7-28,2021-10-20
196,شسينا,صنايع‌شيميايي‌سينا,931,461820,38304000120,87040,83560,82690,-4350,-5,82940,-4100,-4.71,82690,86000,1400-7-28,2021-10-20
197,وپسا,س. پتروشيمي ساختمان  خليج فارس,929,19471254,41477352279,2083,2139,2145,62,2.98,2130,47,2.26,2084,2145,1400-7-28,2021-10-20
198,غشهداب,كشت و صنعت شهداب ناب خراسان,928,11117556,30716934715,2765,2800,2786,21,0.76,2763,-2,-0.07,2680,2800,1400-7-28,2021-10-20
199,خشرق,الكتريك‌ خودرو شرق‌,921,3685160,54867819490,14700,14850,15010,310,2.11,14890,190,1.29,14330,15330,1400-7-28,2021-10-20
200,شلرد,كود شيميايي اوره لردگان,918,10678595,113364352920,10929,10602,10602,-327,-2.99,10616,-313,-2.86,10602,10790,1400-7-28,2021-10-20
201,چدن,توليدي چدن سازان,916,11650578,37368555769,3245,3190,3178,-67,-2.06,3207,-38,-1.17,3160,3289,1400-7-28,2021-10-20
202,سلار,شركت سيمان لارستان,915,1333944,40146600390,30442,29529,29529,-913,-3,30096,-346,-1.14,29529,31355,1400-7-28,2021-10-20
203,كفپارس,فرآورده‌هاي‌ نسوز پارس‌,914,10599310,40613404718,3898,3978,3722,-176,-4.52,3832,-66,-1.69,3721,3978,1400-7-28,2021-10-20
204,سدبير,س. تدبيرگران فارس وخوزستان,909,1945961,69555281756,34339,34339,35152,813,2.37,35743,1404,4.09,33800,36055,1400-7-28,2021-10-20
205,وساخت,سرمايه‌ گذاري‌ ساختمان‌ايران‌,908,2087900,84325188120,40060,40060,41350,1290,3.22,40390,330,0.82,39900,41500,1400-7-28,2021-10-20
206,سپاها,سيمان‌سپاهان‌,905,8238646,75290741930,8750,9000,9090,340,3.89,9140,390,4.46,8900,9180,1400-7-28,2021-10-20
207,چكارن,كارتن‌ ايران‌,903,18312751,54698044975,2880,2923,3024,144,5,2987,107,3.72,2890,3024,1400-7-28,2021-10-20
208,كرماشا,صنايع پتروشيمي كرمانشاه,902,2005743,104968738420,54820,54500,52080,-2740,-5,52330,-2490,-4.54,52080,54500,1400-7-28,2021-10-20
209,وهنر,گروه توسعه هنر ايران,897,9530522,38781653038,3961,4000,4079,118,2.98,4069,108,2.73,3936,4079,1400-7-28,2021-10-20
210,تبرك,گروه كارخانجات صنعتي تبرك,894,2682661,24687463408,9324,9380,9030,-294,-3.15,9203,-121,-1.3,8921,9550,1400-7-28,2021-10-20
211,زكوثر,سرمايه گذاري كشاورزي كوثر,892,2286167,38907422290,17190,17020,17200,10,0.06,17020,-170,-0.99,16800,17400,1400-7-28,2021-10-20
212,كسعدي,كاشي‌ سعدي‌,883,3553040,37899080720,10980,10510,10930,-50,-0.46,10670,-310,-2.82,10440,10960,1400-7-28,2021-10-20
213,ومعادن,توسعه‌معادن‌وفلزات‌,877,5131146,55182518090,10910,10900,10640,-270,-2.47,10840,-70,-0.64,10640,10910,1400-7-28,2021-10-20
214,ولملت,واسپاري ملت,867,10369587,80278451740,7410,7410,7770,360,4.86,7740,330,4.45,7410,7780,1400-7-28,2021-10-20
215,ومشان,س. فني و مهندسي مشانير,865,651354,38787276478,60107,58340,59799,-308,-0.51,59549,-558,-0.93,58304,61910,1400-7-28,2021-10-20
216,اتكاي,بيمه اتكايي ايرانيان,861,9270256,82984396927,8836,8880,9277,441,4.99,8952,116,1.31,8463,9277,1400-7-28,2021-10-20
217,فرآور,فرآوري‌موادمعدني‌ايران‌,861,2183103,69199039170,32850,33270,31600,-1250,-3.81,31700,-1150,-3.5,31210,33270,1400-7-28,2021-10-20
218,شكام,صنايع شيميايي كيمياگران امروز,851,1731348,59130905308,35874,35330,34081,-1793,-5,34153,-1721,-4.8,34081,35330,1400-7-28,2021-10-20
219,آسيا,بيمه آسيا,849,29056622,55264810185,1856,1823,1902,46,2.48,1902,46,2.48,1823,1933,1400-7-28,2021-10-20
220,وبانك,سرمايه گذاري گروه توسعه ملي,848,6083412,54316781790,9060,9100,8880,-180,-1.99,8990,-70,-0.77,8700,9100,1400-7-28,2021-10-20
221,پارسان,گسترش نفت و گاز پارسيان,846,2525791,88428620390,35750,34960,34730,-1020,-2.85,35230,-520,-1.45,34620,36000,1400-7-28,2021-10-20
222,كبافق,معادن‌ بافق‌,845,1228083,47591594030,40330,38850,38700,-1630,-4.04,38750,-1580,-3.92,38320,40500,1400-7-28,2021-10-20
223,شرنگي,شيميايي رنگين,844,324087,52458533167,162938,158100,158050,-4888,-3,161866,-1072,-0.66,158050,167240,1400-7-28,2021-10-20
224,ياقوت,صندوق س ياقوت آگاه-ثابت,840,6587119,88103029357,13385,13400,13379,-6,-0.04,13375,-10,-0.07,13369,13400,1400-7-28,2021-10-20
225,كحافظح,ح . كاشي‌ وسراميك‌ حافظ‌,837,15080780,31712764802,2118,2150,2099,-19,-0.9,2103,-15,-0.71,2050,2170,1400-7-28,2021-10-20
226,تليسه,دامداري تليسه نمونه,835,12838077,33092600237,2467,2570,2590,123,4.99,2578,111,4.5,2501,2590,1400-7-28,2021-10-20
227,سيلام,سيمان‌ ايلام‌,830,5726753,34320825140,6000,6080,6100,100,1.67,5990,-10,-0.17,5730,6270,1400-7-28,2021-10-20
228,ضخود1052,اختيارخ خودرو-2000-1400/10/08,830,34847,4534255000,140,130,131,-9,-6.43,130,-10,-7.14,125,139,1400-7-28,2021-10-20
229,كنور,توسعه معدني و صنعتي صبانور,828,1897152,35359904410,18010,18560,18480,470,2.61,18240,230,1.28,18230,18900,1400-7-28,2021-10-20
230,سصفها,سيمان‌اصفهان‌,828,873405,37372867390,40910,42010,42780,1870,4.57,42790,1880,4.6,40050,42950,1400-7-28,2021-10-20
231,ونفت,سرمايه‌گذاري‌ صنعت‌ نفت‌,826,6504717,100208603390,14690,15400,15420,730,4.97,15410,720,4.9,14840,15420,1400-7-28,2021-10-20
232,شراز,پالايش نفت شيراز,825,544836,71611004214,137680,136800,130796,-6884,-5,131436,-6244,-4.54,130796,136800,1400-7-28,2021-10-20
233,رمپنا,گروه مپنا (سهامي عام),824,5585684,90564698860,16720,16450,16110,-610,-3.65,16330,-390,-2.33,16100,16960,1400-7-28,2021-10-20
234,هرمز,فولاد هرمزگان جنوب,823,2142906,34845827177,16548,16220,16140,-408,-2.47,16467,-81,-0.49,16001,16500,1400-7-28,2021-10-20
235,كارين,صندوق س نگين سامان-ثابت,823,37872789,384688525311,10153,10160,10159,6,0.06,10157,4,0.04,10156,10161,1400-7-28,2021-10-20
236,تنوين,تامين سرمايه نوين,814,7935543,45497198960,5770,5710,5710,-60,-1.04,5730,-40,-0.69,5610,5900,1400-7-28,2021-10-20
237,غالبر,لبنيات‌ كالبر,803,2877080,29882301810,10820,11190,10280,-540,-4.99,10390,-430,-3.97,10280,11060,1400-7-28,2021-10-20
238,خلنت,لنت‌ ترمزايران‌,792,316782,33895466450,111840,106270,106250,-5590,-5,107000,-4840,-4.33,106250,109880,1400-7-28,2021-10-20
239,شجم,صنايع پتروشيمي تخت جمشيد,790,11242462,146981828994,12461,13084,13084,623,5,13074,613,4.92,12000,13084,1400-7-28,2021-10-20
240,كترام,توليدي‌ كاشي‌ تكسرام‌,787,1349383,29003694420,21100,22000,21350,250,1.18,21490,390,1.85,20950,22000,1400-7-28,2021-10-20
241,فايرا,آلومينيوم‌ايران‌,787,2095204,40615415950,19810,19800,19200,-610,-3.08,19580,-230,-1.16,19010,19800,1400-7-28,2021-10-20
242,ولشرق,ليزينگ ايران و شرق,781,6760597,31877043083,4901,4960,4656,-245,-5,4715,-186,-3.8,4656,5020,1400-7-28,2021-10-20
243,وشهر,بانك شهر,781,11441742,58167287115,4937,4938,5134,197,3.99,5084,147,2.98,4900,5134,1400-7-28,2021-10-20
244,ختوقا,قطعات‌ اتومبيل‌ ايران‌,773,8184817,17143726652,2116,2150,2089,-27,-1.28,2095,-21,-0.99,2051,2150,1400-7-28,2021-10-20
245,ثزاگرس,سرمايه گذاري توسعه عمران زاگرس,770,1175512,47354410877,39471,40000,38310,-1161,-2.94,40284,813,2.06,38010,41444,1400-7-28,2021-10-20
246,حفارس,حمل و نقل بين المللي خليج فارس,766,7262775,28512854607,3883,3806,3893,10,0.26,3926,43,1.11,3806,4044,1400-7-28,2021-10-20
247,شيراز,پتروشيمي‌شيراز,761,1254884,113397880190,94530,92510,89810,-4720,-4.99,90370,-4160,-4.4,89810,93000,1400-7-28,2021-10-20
248,وتوكا,سرمايه‌گذاري‌توكافولاد(هلدينگ,758,2475669,21794209510,8700,8910,8850,150,1.72,8800,100,1.15,8600,8920,1400-7-28,2021-10-20
249,كوير,توليدي فولاد سپيد فراب كوير,752,3706623,52425708770,14120,14180,14210,90,0.64,14140,20,0.14,14020,14300,1400-7-28,2021-10-20
250,تملت,تامين سرمايه بانك ملت,752,3754423,14806700794,3951,3960,3920,-31,-0.78,3945,-6,-0.15,3900,4060,1400-7-28,2021-10-20
251,پاسا,ايران‌ياساتايرورابر,750,3065618,56389951350,17820,18700,18120,300,1.68,18390,570,3.2,17820,18700,1400-7-28,2021-10-20
252,دبالك,مواد اوليه دارويي البرز بالك,742,3207134,30118930556,9473,9600,9190,-283,-2.99,9391,-82,-0.87,9180,9700,1400-7-28,2021-10-20
253,حآفرين,ريل پرداز نو آفرين,742,14110745,62346479978,4223,4290,4434,211,5,4418,195,4.62,4095,4434,1400-7-28,2021-10-20
254,اطلس,صندوق س.توسعه اندوخته آينده-س,738,111269,28510765854,258752,258900,255780,-2972,-1.15,256233,-2519,-0.97,254203,258900,1400-7-28,2021-10-20
255,وساپا,سرمايه‌گذاري‌ سايپا,732,8627083,35916472453,4249,4310,4120,-129,-3.04,4163,-86,-2.02,4080,4310,1400-7-28,2021-10-20
256,وتوس,توسعه‌شهري‌توس‌گستر,729,3766089,49610707610,12620,13000,13250,630,4.99,13170,550,4.36,12640,13250,1400-7-28,2021-10-20
257,دكپسول,توليد ژلاتين كپسول ايران,728,1883793,60043972011,30399,31390,31918,1519,5,31874,1475,4.85,31000,31918,1400-7-28,2021-10-20
258,وسكرد,شركت س استان كردستان,728,45339442,21120207912,468,461,465,-3,-0.64,466,-2,-0.43,460,480,1400-7-28,2021-10-20
259,بهپاك,صنعتي بهپاك,728,8173000,45903332805,5388,5625,5574,186,3.45,5616,228,4.23,5460,5657,1400-7-28,2021-10-20
260,وصنعت,سرمايه گذاري توسعه صنعت وتجارت,726,6542025,39410941270,5900,5850,6100,200,3.39,6020,120,2.03,5840,6100,1400-7-28,2021-10-20
261,دانا,بيمه دانا,725,7932085,40238998685,4909,5030,5000,91,1.85,5073,164,3.34,4780,5154,1400-7-28,2021-10-20
262,داوه,داروسازي آوه سينا,721,2005671,26405507377,13735,13735,13128,-607,-4.42,13165,-570,-4.15,13049,13735,1400-7-28,2021-10-20
263,سبزوا,سيمان لار سبزوار,711,6087756,17103262422,2854,2899,2777,-77,-2.7,2809,-45,-1.58,2751,2899,1400-7-28,2021-10-20
264,ميهن,بيمه ميهن,707,7933985,19993316685,2529,2500,2520,-9,-0.36,2520,-9,-0.36,2433,2600,1400-7-28,2021-10-20
265,خكمك,كمك‌فنرايندامين‌,702,6954940,138262982330,18950,19890,19890,940,4.96,19880,930,4.91,19550,19890,1400-7-28,2021-10-20
266,ثعتما,س. ساختماني اعتماد گستر,697,1588810,52138094786,31868,32790,32824,956,3,32816,948,2.97,31946,32824,1400-7-28,2021-10-20
267,ولراز,ليزينگ رازي,696,2444398,60580501596,25355,25090,24900,-455,-1.79,24783,-572,-2.26,24595,25790,1400-7-28,2021-10-20
268,بالاس,مهندسي ساختمان تاسيسات راه آهن,692,1083173,38653167814,34378,33800,36096,1718,5,35685,1307,3.8,33800,36096,1400-7-28,2021-10-20
269,ومعلم,بيمه معلم,689,8748530,24977788723,2922,3000,2840,-82,-2.81,2855,-67,-2.29,2790,3000,1400-7-28,2021-10-20
270,غبشهر,صنعتي‌ بهشهر,685,1466879,36914641760,25040,25300,25600,560,2.24,25170,130,0.52,24230,25600,1400-7-28,2021-10-20
271,سشرق,سيمان‌ شرق‌,682,3004874,24680137560,8260,8150,8090,-170,-2.06,8210,-50,-0.61,8030,8350,1400-7-28,2021-10-20
272,شكربن,كربن‌ ايران‌,678,990739,103408751120,109360,107770,103900,-5460,-4.99,104380,-4980,-4.55,103900,109900,1400-7-28,2021-10-20
273,ثپرديس,سرمايه گذاري مسكن پرديس,677,9721980,51500201777,5555,5600,5278,-277,-4.99,5297,-258,-4.64,5278,5600,1400-7-28,2021-10-20
274,قرن,پديده شيمي قرن,676,654010,16917521610,25670,25670,25530,-140,-0.55,25830,160,0.62,25100,26500,1400-7-28,2021-10-20
275,زكشت,كشاورزي مكانيزه اصفهان كشت,676,1413097,29623316046,20226,20823,21237,1011,5,20963,737,3.64,19901,21237,1400-7-28,2021-10-20
276,ريشمك,توليد و صادرات ريشمك,675,828983,25929591674,32298,32700,31750,-548,-1.7,31279,-1019,-3.15,31001,32700,1400-7-28,2021-10-20
277,خپويش,سازه‌ پويش‌,672,610979,50064761470,80810,84490,81890,1080,1.34,81940,1130,1.4,78630,84490,1400-7-28,2021-10-20
278,كيميا,معدني كيمياي زنجان گستران,659,2531143,41526529079,16805,16850,16610,-195,-1.16,16406,-399,-2.37,16183,16850,1400-7-28,2021-10-20
279,شوينده,مديريت صنعت شوينده ت.ص.بهشهر,657,2169384,45537001450,20080,20970,20680,600,2.99,20990,910,4.53,20230,21080,1400-7-28,2021-10-20
280,غفارس,شير پاستوريزه پگاه فارس,655,2777860,21960683651,8012,8190,7810,-202,-2.52,7906,-106,-1.32,7612,8240,1400-7-28,2021-10-20
281,وثوق,سرمايه گذاري وثوق امين,655,1630746,20715745337,12320,11751,12936,616,5,12703,383,3.11,11751,12936,1400-7-28,2021-10-20
282,سفارس,سيمان فارس و خوزستان,649,1895308,35782194290,19170,18850,18510,-660,-3.44,18930,-240,-1.25,18470,19330,1400-7-28,2021-10-20
283,ولغدر,ليزينگ‌خودروغدير,647,2158305,31748397920,15060,14980,14810,-250,-1.66,14710,-350,-2.32,14360,15000,1400-7-28,2021-10-20
284,اپرداز,آتيه داده پرداز,634,1529764,33324577408,21570,21830,22190,620,2.87,21784,214,0.99,21310,22298,1400-7-28,2021-10-20
285,بكاب,صنايع‌جوشكاب‌يزد,626,243883,35523020640,151770,145210,144190,-7580,-4.99,145660,-6110,-4.03,144190,150000,1400-7-28,2021-10-20
286,خفنر,فنرسازي‌خاور,622,8115682,59088561400,6950,7290,7290,340,4.89,7280,330,4.75,6930,7290,1400-7-28,2021-10-20
287,غشصفا,شيرپاستوريزه‌پگاه‌اصفهان‌,619,3349403,124377466330,35910,35890,37700,1790,4.98,37130,1220,3.4,35890,37700,1400-7-28,2021-10-20
288,شتوكا,توكا رنگ فولاد سپاهان,616,819129,25124096346,32085,31400,30481,-1604,-5,30672,-1413,-4.4,30481,31890,1400-7-28,2021-10-20
289,وپاسار,بانك  پاسارگاد,611,15396927,221861489740,14420,14410,14410,-10,-0.07,14410,-10,-0.07,14400,14420,1400-7-28,2021-10-20
290,خاذين,سايپاآذين‌,610,9412944,25593943036,2811,2760,2690,-121,-4.3,2719,-92,-3.27,2671,2854,1400-7-28,2021-10-20
291,هماي,صندوق س هماي آگاه-ثابت,609,3997972,40580581649,10154,10151,10150,-4,-0.04,10150,-4,-0.04,10147,10159,1400-7-28,2021-10-20
292,غپاك,لبنيات‌ پاك‌,606,2585989,36198873980,14070,13600,14160,90,0.64,14000,-70,-0.5,13600,14410,1400-7-28,2021-10-20
293,بكام,كارخانجات توليدي شهيد قندي,605,6366128,13668765779,2172,2230,2132,-40,-1.84,2148,-24,-1.1,2113,2230,1400-7-28,2021-10-20
294,بكهنوج,توليد برق ماهتاب كهنوج,605,15689829,18237148148,1181,1170,1162,-19,-1.61,1162,-19,-1.61,1140,1197,1400-7-28,2021-10-20
295,فنوال,نورد آلومينيوم‌,602,703087,17660189500,24790,25890,25020,230,0.93,25120,330,1.33,24600,25890,1400-7-28,2021-10-20
296,شبصير,توليدات پتروشيمي قائد بصير,602,408878,41254562767,103503,104999,101550,-1953,-1.89,100897,-2606,-2.52,99660,104999,1400-7-28,2021-10-20
297,كسرا,سراميك‌هاي‌صنعتي‌اردكان‌,598,2510596,39876572280,15830,15830,15900,70,0.44,15880,50,0.32,15430,16150,1400-7-28,2021-10-20
298,غگلستا,شير پاستوريزه پگاه گلستان,597,2802778,31534428269,11468,11650,11190,-278,-2.42,11251,-217,-1.89,10895,11699,1400-7-28,2021-10-20
299,خكاوه,سايپا ديزل,592,7792666,25707704099,3208,3304,3304,96,2.99,3299,91,2.84,3200,3304,1400-7-28,2021-10-20
300,ساوه,سيمان ساوه,590,111314,5698793738,50940,51650,51300,360,0.71,51033,93,0.18,50200,51650,1400-7-28,2021-10-20
301,كسرام,پارس‌ سرام‌,589,3931325,15861902058,4128,4160,4100,-28,-0.68,4035,-93,-2.25,3982,4160,1400-7-28,2021-10-20
302,افرا,افرانت,588,1447174,28430967840,18781,19039,19720,939,5,19646,865,4.61,19000,19720,1400-7-28,2021-10-20
303,كپارس,كاشي‌ پارس‌,581,406073,43390933860,108850,110560,105100,-3750,-3.45,106860,-1990,-1.83,103410,110560,1400-7-28,2021-10-20
304,قنيشا,قند  نيشابور,580,687935,25652990440,38870,39000,37000,-1870,-4.81,37290,-1580,-4.06,36930,39000,1400-7-28,2021-10-20
305,شپترو,پتروشيمي آبادان,580,7200399,33055223244,4601,4700,4601,0,0,4591,-10,-0.22,4524,4700,1400-7-28,2021-10-20
306,تصميم,صندوق س با درآمد ثابت تصميم,579,20967654,371823141903,17717,17740,17740,23,0.13,17733,16,0.09,17728,17740,1400-7-28,2021-10-20
307,فولاي,صنايع فولاد آلياژي يزد,576,1315183,23625514154,18130,18400,18130,0,0,17964,-166,-0.92,17510,18490,1400-7-28,2021-10-20
308,خكرمان,گروه اقتصادي كرمان خودرو,576,6879265,18787086048,2761,2751,2760,-1,-0.04,2731,-30,-1.09,2679,2800,1400-7-28,2021-10-20
309,ميدكو,توسعه معادن وص.معدني خاورميانه,574,8916561,419430774140,47030,47040,47040,10,0.02,47040,10,0.02,47000,47470,1400-7-28,2021-10-20
310,غشاذر,پگاه‌آذربايجان‌غربي‌,574,5703043,34552003940,5850,5850,6140,290,4.96,6060,210,3.59,5560,6140,1400-7-28,2021-10-20
311,فافزا,فولاد افزا سپاهان,567,427389,22729366011,53793,52201,53793,0,0,53182,-611,-1.14,52185,54855,1400-7-28,2021-10-20
312,غپينو,پارس‌ مينو,558,4553984,17437217300,3785,3870,3724,-61,-1.61,3829,44,1.16,3700,3870,1400-7-28,2021-10-20
313,كاسپين,داروسازي كاسپين تامين,556,1570610,47303391575,29358,30000,30610,1252,4.26,30118,760,2.59,28010,30610,1400-7-28,2021-10-20
314,درهآور,دارويي ره آورد تامين,553,924601,22617666895,23876,23590,24860,984,4.12,24462,586,2.45,23580,24980,1400-7-28,2021-10-20
315,ثباغ,شهر سازي و خانه سازي باغميشه,551,2032522,20453387573,10413,10460,10099,-314,-3.02,10063,-350,-3.36,9893,10460,1400-7-28,2021-10-20
316,سخاش,سيمان‌خاش‌,544,180242,17856514350,101350,102780,97680,-3670,-3.62,99070,-2280,-2.25,96780,102780,1400-7-28,2021-10-20
317,وكار,بانك‌ كارآفرين‌,534,13328969,36715804654,2693,2733,2740,47,1.75,2745,52,1.93,2653,2819,1400-7-28,2021-10-20
318,ونيرو,سرمايه‌گذاري‌نيرو,529,7316173,16504879238,2282,2300,2242,-40,-1.75,2256,-26,-1.14,2208,2300,1400-7-28,2021-10-20
319,وآذر,سرمايه‌گذاري‌توسعه‌آذربايجان‌,527,1303885,57968100520,44390,44680,44150,-240,-0.54,44460,70,0.16,43400,45370,1400-7-28,2021-10-20
320,كساوه,صنايع‌ كاشي‌ و سراميك‌ سينا,527,919800,45114220620,47520,50000,48100,580,1.22,49050,1530,3.22,47890,50010,1400-7-28,2021-10-20
321,ثعمرا,عمران و توسعه شاهد,525,1955019,16361065440,8130,8220,8300,170,2.09,8369,239,2.94,8150,8500,1400-7-28,2021-10-20
322,قتربت,قند تربت حيدريه,523,152152,7891819936,50358,51868,51868,1510,3,51442,1084,2.15,51868,51868,1400-7-28,2021-10-20
323,فالوم,آلومتك‌,522,1467220,39579186370,26559,25766,27355,796,3,26976,417,1.57,25763,27355,1400-7-28,2021-10-20
324,حپترو,حمل و نقل پتروشيمي( سهامي عام,520,855106,19921388190,22830,23000,23350,520,2.28,23300,470,2.06,22080,23870,1400-7-28,2021-10-20
325,رتاپ,تجارت الكترونيك  پارسيان,520,1709134,9478427030,5480,5480,5570,90,1.64,5520,40,0.73,5350,5660,1400-7-28,2021-10-20
326,پارسيان,بيمه پارسيان,519,1703870,18283939970,11160,10700,10860,-300,-2.69,10790,-370,-3.32,10610,11200,1400-7-28,2021-10-20
327,آپ,آسان پرداخت پرشين,519,5918020,67761329000,10910,11450,11450,540,4.95,11450,540,4.95,11450,11450,1400-7-28,2021-10-20
328,پارس,پتروشيمي پارس,517,283609,57571301160,203590,203000,203390,-200,-0.1,203260,-330,-0.16,201130,205890,1400-7-28,2021-10-20
329,حپارسا,توسعه حمل و نقل ريلي پارسيان,517,1193133,43876042416,35413,36990,36250,837,2.36,36774,1361,3.84,35500,37183,1400-7-28,2021-10-20
330,ومهان,گروه توسعه مالي مهر آيندگان,515,1938538,29001227511,15165,15350,15100,-65,-0.43,15066,-99,-0.65,14801,15350,1400-7-28,2021-10-20
331,سصوفي,سيمان‌ صوفيان‌,509,1401241,24729158760,18200,18100,17320,-880,-4.84,17650,-550,-3.02,17300,18260,1400-7-28,2021-10-20
332,وتوصا,گروه س توسعه صنعتي ايران,500,2884173,26716396960,9290,9070,9330,40,0.43,9260,-30,-0.32,9070,9450,1400-7-28,2021-10-20
333,پلاسك,پلاسكوكار,500,2691413,15012494960,5760,5790,5700,-60,-1.04,5580,-180,-3.13,5480,5890,1400-7-28,2021-10-20
334,قلرست,قند لرستان‌,499,942970,19019623270,19270,18800,20230,960,4.98,20170,900,4.67,18750,20230,1400-7-28,2021-10-20
335,همراه,شركت ارتباطات سيار ايران,495,1899789,16696184400,8790,8720,8780,-10,-0.11,8790,0,0,8700,8980,1400-7-28,2021-10-20
336,وسكاب,س.ص.بازنشستگي كاركنان بانكها,495,5649380,17085215643,2976,2977,3000,24,0.81,3024,48,1.61,2976,3080,1400-7-28,2021-10-20
337,كحافظ,كاشي‌ وسراميك‌ حافظ‌,495,4912416,17923384120,3706,3682,3636,-70,-1.89,3649,-57,-1.54,3540,3800,1400-7-28,2021-10-20
338,ثاباد,توريستي ورفاهي آبادگران ايران,494,772518,36520888110,47830,48870,45800,-2030,-4.24,47280,-550,-1.15,45440,48870,1400-7-28,2021-10-20
339,پدرخش,درخشان‌ تهران‌,491,945924,22103433990,23870,24850,22830,-1040,-4.36,23370,-500,-2.09,22680,24850,1400-7-28,2021-10-20
340,فمراد,آلومراد,490,1623128,26326929700,16380,16500,16000,-380,-2.32,16220,-160,-0.98,15570,17170,1400-7-28,2021-10-20
341,دامين,داروسازي‌ امين‌,481,5330545,15980657051,3001,3001,2967,-34,-1.13,2998,-3,-0.1,2910,3078,1400-7-28,2021-10-20
342,زمگسا,كشاورزي‌ ودامپروي‌ مگسال‌,479,1000317,17984067000,17840,17660,18590,750,4.2,17980,140,0.78,17450,18730,1400-7-28,2021-10-20
343,فسپا,گروه‌صنعتي‌سپاهان‌,478,1222165,24056995660,20230,20230,19860,-370,-1.83,19680,-550,-2.72,19350,20230,1400-7-28,2021-10-20
344,فباهنر,مس‌ شهيدباهنر,477,533755,14658770150,27970,27200,27420,-550,-1.97,27710,-260,-0.93,27200,27900,1400-7-28,2021-10-20
345,دزهراوي,داروسازي‌زهراوي‌,476,1833578,9714333840,5400,5300,5320,-80,-1.48,5330,-70,-1.3,5180,5490,1400-7-28,2021-10-20
346,سبهان,سيمان‌ بهبهان‌,476,635078,33865208060,50940,52940,53480,2540,4.99,53320,2380,4.67,51020,53480,1400-7-28,2021-10-20
347,مرقام,ايران‌ارقام‌,475,2166404,29526762710,13350,13590,13480,130,0.97,13630,280,2.1,13440,13840,1400-7-28,2021-10-20
348,خمحور,توليدمحورخودرو,474,4948901,14423205474,3036,3000,2885,-151,-4.97,2914,-122,-4.02,2885,3036,1400-7-28,2021-10-20
349,رانفور,خدمات‌انفورماتيك‌,473,3188471,14599012743,4619,4520,4550,-69,-1.49,4610,-9,-0.19,4500,4660,1400-7-28,2021-10-20
350,حتوكا,حمل‌ونقل‌توكا,472,1192758,16770704020,14220,13860,13860,-360,-2.53,14060,-160,-1.13,13750,14540,1400-7-28,2021-10-20
351,غبهنوش,بهنوش‌ ايران‌,472,304157,17068695980,55110,55500,56290,1180,2.14,56120,1010,1.83,54050,57430,1400-7-28,2021-10-20
352,دپارس,پارس‌ دارو,471,1381753,45547191880,31420,30820,32990,1570,5,32960,1540,4.9,30820,32990,1400-7-28,2021-10-20
353,ارفع,شركت آهن و فولاد ارفع,468,1541863,23624995581,15354,15049,15315,-39,-0.25,15344,-10,-0.07,15049,15680,1400-7-28,2021-10-20
354,غگلپا,شير پاستوريزه پگاه گلپايگان,467,588290,38519388562,64163,64170,64380,217,0.34,65477,1314,2.05,63100,67000,1400-7-28,2021-10-20
355,لپيام,گسترش صنايع پيام,464,1183791,47812897694,39812,38620,41006,1194,3,40390,578,1.45,38618,41006,1400-7-28,2021-10-20
356,وملل,اعتباري ملل,464,3863184,42469407086,10964,10964,11140,176,1.61,10992,28,0.26,10570,11298,1400-7-28,2021-10-20
357,ساربيل,سيمان آرتا اردبيل,461,408065,13124741330,33020,32800,31480,-1540,-4.66,32170,-850,-2.57,31380,33250,1400-7-28,2021-10-20
358,زبينا,كشاورزي و دامپروري بينالود,461,6246235,14374327571,2273,2320,2276,3,0.13,2301,28,1.23,2240,2350,1400-7-28,2021-10-20
359,سرچشمه,سرمايه گذاري مس سرچشمه,459,2916632,15785240061,5475,5640,5294,-181,-3.31,5412,-63,-1.15,5280,5640,1400-7-28,2021-10-20
360,ختراك,ريخته‌گري‌ تراكتورسازي‌ ايران‌,456,2559226,32957572450,12680,13010,12780,100,0.79,12880,200,1.58,12630,13230,1400-7-28,2021-10-20
361,قشكر,شكرشاهرود,454,4803174,14256636307,2960,3015,2932,-28,-0.95,2967,7,0.24,2930,3084,1400-7-28,2021-10-20
362,توريل,توكاريل,448,1493182,19522800871,13386,13350,13040,-346,-2.58,13075,-311,-2.32,12900,13350,1400-7-28,2021-10-20
363,وارس,سرمايه گذاري ارس صبا,447,1913564,22392128500,11888,11641,12192,304,2.56,11702,-186,-1.56,11532,12192,1400-7-28,2021-10-20
364,سغرب,سيمان‌غرب‌,444,734415,13794156400,18660,19000,18000,-660,-3.54,18780,120,0.64,18000,19000,1400-7-28,2021-10-20
365,خوساز,محورسازان‌ايران‌خودرو,444,2720425,20293402150,7790,7850,7410,-380,-4.88,7460,-330,-4.24,7410,7850,1400-7-28,2021-10-20
366,تاصيكو,سرمايه گذاري صدرتامين,441,4558731,44206820050,9740,9720,9580,-160,-1.64,9720,-20,-0.21,9470,9760,1400-7-28,2021-10-20
367,فنورد,نوردوقطعات‌ فولادي‌,441,156845,28728906750,189440,185000,183900,-5540,-2.92,183170,-6270,-3.31,181060,190500,1400-7-28,2021-10-20
368,غگرجي,بيسكويت‌  گرجي‌,438,4310005,10026575978,2369,2420,2279,-90,-3.8,2339,-30,-1.27,2277,2420,1400-7-28,2021-10-20
369,ورنا,سرمايه‌گذاري‌ رنا(هلدينگ‌,438,5575115,15936326904,2878,2930,2845,-33,-1.15,2858,-20,-0.69,2810,2930,1400-7-28,2021-10-20
370,كاردان,صندوق س تجارت شاخصي كاردان,436,160072,31794795950,202650,199110,198100,-4550,-2.25,198630,-4020,-1.98,197000,201000,1400-7-28,2021-10-20
371,دكوثر,داروسازي‌ كوثر,434,3378657,13158362323,3816,3960,3920,104,2.73,3884,68,1.78,3765,3980,1400-7-28,2021-10-20
372,غديس,پاكديس,433,1986822,25669513846,12948,12600,12799,-149,-1.15,12920,-28,-0.22,12450,13290,1400-7-28,2021-10-20
373,قاسم,قاسم ايران,432,2836779,12162793920,4346,4175,4240,-106,-2.44,4291,-55,-1.27,4175,4440,1400-7-28,2021-10-20
374,گكوثر,هتل پارسيان كوثر اصفهان,432,8211945,15138334087,1836,1810,1858,22,1.2,1843,7,0.38,1810,1890,1400-7-28,2021-10-20
375,وهور,مديريت انرژي اميد  تابان هور,431,9993903,13925159644,1392,1361,1400,8,0.57,1393,1,0.07,1360,1425,1400-7-28,2021-10-20
376,وبيمه,سرمايه‌ گذاري‌ صنعت‌ بيمه‌,426,4908055,8094648535,1623,1623,1633,10,0.62,1637,14,0.86,1623,1670,1400-7-28,2021-10-20
377,وآرين,شركت توسعه اقتصادي آرين,425,5156831,12159958968,2423,2400,2352,-71,-2.93,2358,-65,-2.68,2351,2420,1400-7-28,2021-10-20
378,طلا,صندوق س.پشتوانه طلاي لوتوس,424,395523,32570514990,82646,82700,82420,-226,-0.27,82348,-298,-0.36,82010,82799,1400-7-28,2021-10-20
379,زدشت,كشت و صنعت دشت خرم دره,423,993830,13854006787,14222,13951,13821,-401,-2.82,13940,-282,-1.98,13701,14399,1400-7-28,2021-10-20
380,معيار ,سرمايه گذاري معيار صنعت پارس,419,933167,47496392779,49526,51011,51011,1485,3,50898,1372,2.77,49400,51011,1400-7-28,2021-10-20
381,ساروم,سيمان‌اروميه‌,417,570406,22219588830,38450,38850,39300,850,2.21,38950,500,1.3,37850,39690,1400-7-28,2021-10-20
382,تكمبا,كمباين‌ سازي‌ ايران‌,416,3297571,15015783063,4571,4571,4567,-4,-0.09,4554,-17,-0.37,4475,4670,1400-7-28,2021-10-20
383,پخش,پخش البرز,415,915540,22701624333,24937,24100,24590,-347,-1.39,24796,-141,-0.57,23760,26000,1400-7-28,2021-10-20
384,فپنتا,سپنتا,414,31268,14610196930,469800,455700,458200,-11600,-2.47,467480,-2320,-0.49,455700,486310,1400-7-28,2021-10-20
385,سمايه,بانك سرمايه,412,13015406,66821094404,4985,5134,5134,149,2.99,5134,149,2.99,5134,5134,1400-7-28,2021-10-20
386,جم پيلن,پلي پروپيلن جم - جم پيلن,409,241024,28413407080,117480,119700,117440,-40,-0.03,117600,120,0.1,117000,119700,1400-7-28,2021-10-20
387,لازما,كارخانه هاي صنعتي آزمايش,407,1187940,33102449308,27167,27982,27982,815,3,27865,698,2.57,27222,27982,1400-7-28,2021-10-20
388,سباقر,سيمان باقران,405,2665002,45825652908,16714,17200,17215,501,3,17195,481,2.88,16722,17215,1400-7-28,2021-10-20
389,كوثر,بيمه كوثر,403,1508256,15751863931,10383,10470,10449,66,0.64,10418,35,0.34,10352,10700,1400-7-28,2021-10-20
390,ثغرب,شركت سرمايه گذاري مسكن شمالغرب,402,2373418,10768579177,4381,4460,4530,149,3.4,4499,118,2.69,4300,4600,1400-7-28,2021-10-20
391,تايرا,تراكتورسازي‌ايران‌,400,819176,20208387400,25130,25100,24310,-820,-3.26,24840,-290,-1.15,24110,25350,1400-7-28,2021-10-20
392,ستران,سيمان‌ تهران‌,400,868759,18479908880,21650,22000,21360,-290,-1.34,21270,-380,-1.76,20800,22000,1400-7-28,2021-10-20
393,وحكمت,بيمه حكمت صبا,399,5599611,19767426563,3446,3525,3549,103,2.99,3530,84,2.44,3455,3549,1400-7-28,2021-10-20
394,شبهرن,نفت‌ بهران‌,395,1279223,15633454310,12280,12140,12190,-90,-0.73,12260,-20,-0.16,12140,12460,1400-7-28,2021-10-20
395,ولصنم,ليزينگ‌صنعت‌ومعدن‌,394,1878018,9435918910,5140,5090,5100,-40,-0.78,5060,-80,-1.56,4900,5110,1400-7-28,2021-10-20
396,كفرآور,فرآورده هاي سيمان شرق,393,1542534,24605080456,15740,16285,16025,285,1.81,15951,211,1.34,15680,16285,1400-7-28,2021-10-20
397,پسهند,صنايع‌ لاستيكي‌  سهند,393,727899,18828368650,25870,26910,25490,-380,-1.47,25870,0,0,25020,26910,1400-7-28,2021-10-20
398,لسرما,سرما آفرين‌,392,696569,12723690620,18680,18810,18330,-350,-1.87,18320,-360,-1.93,17860,19080,1400-7-28,2021-10-20
399,افق,فروشگاههاي زنجيره اي افق كوروش,391,683983,35471681660,52100,52880,51520,-580,-1.11,51960,-140,-0.27,51500,52880,1400-7-28,2021-10-20
400,سمازن,سيمان‌مازندران‌,388,1187459,18009761440,14870,15100,14880,10,0.07,15170,300,2.02,14800,15490,1400-7-28,2021-10-20
401,ثجوان,تامين مسكن جوانان,386,3277154,21577663945,6445,6266,6638,193,2.99,6584,139,2.16,6252,6638,1400-7-28,2021-10-20
402,ساينا,صنايع بهداشتي ساينا,386,162904,18187805663,117025,117399,111174,-5851,-5,111647,-5378,-4.6,111174,117399,1400-7-28,2021-10-20
403,مدير,ص.س.مديريت ثروت ص.بازنشستگي-س,385,1081380,10463439976,9830,9827,9660,-170,-1.73,9676,-154,-1.57,9540,9830,1400-7-28,2021-10-20
404,دارو,كارخانجات‌داروپخش‌,384,863114,26073971640,28970,29760,30390,1420,4.9,30210,1240,4.28,29420,30410,1400-7-28,2021-10-20
405,شاملا,معدني‌ املاح‌  ايران‌,382,461690,15342455880,32240,33240,32440,200,0.62,33190,950,2.95,31500,33850,1400-7-28,2021-10-20
406,زعف0008پ11,زعفران0008نگين سحرخيز(پ),380,53097,8393871460,156922,150000,160000,3078,1.96,158086,1164,0.74,149390,160000,1400-7-28,2021-10-20
407,ثامان,سامان‌ گستراصفهان‌,380,1957881,19191522080,10270,10270,9780,-490,-4.77,9800,-470,-4.58,9760,10270,1400-7-28,2021-10-20
408,لكما,كارخانجات‌مخابراتي‌ايران‌,379,12280951,15293815445,1270,1284,1232,-38,-2.99,1245,-25,-1.97,1232,1284,1400-7-28,2021-10-20
409,آرمانح,ح.بيمه آرمان,376,62789790,294209818860,4976,5050,4680,-296,-5.95,4686,-290,-5.83,4680,5050,1400-7-28,2021-10-20
410,فولاژ,فولاد آلياژي ايران,373,1038077,17771707040,17070,17700,17300,230,1.35,17080,10,0.06,17000,17700,1400-7-28,2021-10-20
411,خريخت,صنايع‌ريخته‌گري‌ايران‌,373,4801205,19601714138,4090,4159,4090,0,0,4083,-7,-0.17,3981,4159,1400-7-28,2021-10-20
412,خديزل,بهمن  ديزل,370,611219,31397670514,52924,51350,52000,-924,-1.75,51369,-1555,-2.94,50278,53000,1400-7-28,2021-10-20
413,فاهواز,نورد و لوله اهواز,368,3568149,22542528081,6362,6430,6365,3,0.05,6318,-44,-0.69,6235,6430,1400-7-28,2021-10-20
414,وكادو,تكادو,367,2102506,38506558196,17885,17894,18070,185,1.03,18315,430,2.4,17700,18421,1400-7-28,2021-10-20
415,وپترو,سرمايه‌گذاري صنايع پتروشيمي‌,364,2513695,31083564500,12130,12410,12250,120,0.99,12370,240,1.98,12240,12550,1400-7-28,2021-10-20
416,شپاس,نفت پاسارگاد,364,556622,10657462432,19879,19780,19459,-420,-2.11,19454,-425,-2.14,18890,19850,1400-7-28,2021-10-20
417,غپآذر,شير پگاه آذربايجان شرقي,362,485308,20072478827,43208,42100,41349,-1859,-4.3,41360,-1848,-4.28,41048,43244,1400-7-28,2021-10-20
418,دابور,داروسازي‌ ابوريحان‌,361,391531,10868088780,26730,28000,27890,1160,4.34,27420,690,2.58,27280,28000,1400-7-28,2021-10-20
419,نمرينو,ايران‌ مرينوس‌,360,143647,14161600730,98240,101770,98200,-40,-0.04,98590,350,0.36,94900,101770,1400-7-28,2021-10-20
420,غشهد,شهد ايران ‌,360,2325484,10593228977,4675,4540,4570,-105,-2.25,4584,-91,-1.95,4442,4799,1400-7-28,2021-10-20
421,آكورد,صندوق س. آرمان آتي كوثر-د,359,5503222,191271936382,34738,34762,34762,24,0.07,34756,18,0.05,34755,34762,1400-7-28,2021-10-20
422,دشيري,شيرين دارو,359,123989,19892753676,159690,151706,158000,-1690,-1.06,160440,750,0.47,151706,167499,1400-7-28,2021-10-20
423,لخزر,پارس‌ خزر,359,97052,14521982470,149890,150000,149900,10,0.01,149660,-230,-0.15,146000,153500,1400-7-28,2021-10-20
424,ددام,داروسازي زاگرس فارمد پارس,359,1225347,14924555710,12290,12480,12050,-240,-1.95,12180,-110,-0.9,11800,12500,1400-7-28,2021-10-20
425,سخزر,سيمان‌ خزر,356,1684416,39277277810,22260,22690,23370,1110,4.99,23320,1060,4.76,22270,23370,1400-7-28,2021-10-20
426,دفارا,داروسازي‌ فارابي‌,356,1591220,26972600150,16190,16010,16990,800,4.94,16950,760,4.69,16010,16990,1400-7-28,2021-10-20
427,بنيرو,نيروترانس‌,356,9357247,19357751813,2098,2045,2020,-78,-3.72,2069,-29,-1.38,2008,2141,1400-7-28,2021-10-20
428,فوكا,فولاد كاويان,355,3578880,53881204361,15253,15100,15264,11,0.07,15055,-198,-1.3,14901,15350,1400-7-28,2021-10-20
429,نوين,بيمه نوين,354,6417357,30471230679,4906,4828,4661,-245,-4.99,4748,-158,-3.22,4661,4899,1400-7-28,2021-10-20
430,تكنو,تكنوتار,346,1320184,13846263430,10220,10650,10270,50,0.49,10470,250,2.45,10240,10670,1400-7-28,2021-10-20
431,فجام,جام‌دارو,346,1990541,11088546720,5560,5550,5650,90,1.62,5570,10,0.18,5410,5700,1400-7-28,2021-10-20
432,سدور,سيمان‌ دورود,345,2076037,15109106840,7400,7490,7250,-150,-2.03,7280,-120,-1.62,7150,7550,1400-7-28,2021-10-20
433,هجرت,پخش هجرت,343,914252,30229196917,32460,31780,33260,800,2.46,33064,604,1.86,31780,33900,1400-7-28,2021-10-20
434,شپارس,بين‌ المللي‌ محصولات‌  پارس‌,342,1472278,13661728350,9480,9150,9280,-200,-2.11,9280,-200,-2.11,9140,9490,1400-7-28,2021-10-20
435,رتكو,كنترل‌خوردگي‌تكين‌كو,339,1476620,14532864750,10070,9960,9880,-190,-1.89,9840,-230,-2.28,9590,10210,1400-7-28,2021-10-20
436,واتي,سرمايه‌ گذاري‌ آتيه‌ دماوند,337,3329094,36533792710,10820,10520,11000,180,1.66,10970,150,1.39,10520,11120,1400-7-28,2021-10-20
437,سفار,سيمان‌فارس‌,337,155708,9787921730,65120,62160,61880,-3240,-4.98,63500,-1620,-2.49,61880,66700,1400-7-28,2021-10-20
438,بساما,بيمه سامان,333,942978,22461076139,23162,23580,24236,1074,4.64,23819,657,2.84,22600,24296,1400-7-28,2021-10-20
439,غمهرا,توليدي‌مهرام‌,333,259597,12501643150,49280,48540,48100,-1180,-2.39,48300,-980,-1.99,47050,50450,1400-7-28,2021-10-20
440,كصدف,كاشي صدف سرام استقلال آباده,331,701647,15719102279,22110,21447,22773,663,3,22403,293,1.33,21447,22773,1400-7-28,2021-10-20
441,كاذر,فرآورده‌هاي‌نسوزآذر,330,777951,10568654650,13490,13600,13370,-120,-0.89,13560,70,0.52,13200,14090,1400-7-28,2021-10-20
442,ارزش,صندوق س ارزش آفرين بيدار-سهام,329,1728193,17260758510,10150,10030,10020,-130,-1.28,9990,-160,-1.58,9700,10130,1400-7-28,2021-10-20
443,قصفها,قنداصفهان‌,329,158403,15139123780,95040,95040,93750,-1290,-1.36,95570,530,0.56,93110,97790,1400-7-28,2021-10-20
444,شدوص,دوده‌ صنعتي‌ پارس‌,325,1035155,22018330020,21170,21770,21040,-130,-0.61,21270,100,0.47,20850,21770,1400-7-28,2021-10-20
445,زفكا,كشت و دامداري فكا,325,1366135,9612671105,7011,7100,7073,62,0.88,7028,17,0.24,6900,7200,1400-7-28,2021-10-20
446,لوتوسح,ح . تامين سرمايه لوتوس پارسيان,322,1906643,7995302540,4130,4220,4170,40,0.97,4190,60,1.45,4110,4300,1400-7-28,2021-10-20
447,ثمسكن,سرمايه‌گذاري‌ مسكن‌,321,2203312,9535064073,4240,4270,4350,110,2.59,4295,55,1.3,4200,4419,1400-7-28,2021-10-20
448,خچرخش,چرخشگر,321,1114019,11064453200,10000,10340,9880,-120,-1.2,9940,-60,-0.6,9700,10340,1400-7-28,2021-10-20
449,زشگزا,شير و گوشت زاگرس شهركرد,321,2680004,13821698652,5074,5180,5196,122,2.4,5152,78,1.54,5035,5250,1400-7-28,2021-10-20
450,آساميد,صندوق س.مشترك آسمان اميد -د,319,11806479,156150807060,13215,13235,13235,20,0.15,13226,11,0.08,13221,13235,1400-7-28,2021-10-20
451,بزاگرس,نيروگاه زاگرس كوثر,318,2102774,8547738771,4125,4029,4030,-95,-2.3,4088,-37,-0.9,4002,4184,1400-7-28,2021-10-20
452,چفيبر,فيبر ايران‌,318,2137792,14324936700,6800,6870,6710,-90,-1.32,6700,-100,-1.47,6500,6870,1400-7-28,2021-10-20
453,غبهار,كشت وصنعت بهاران گلبهار خراسان,318,462130,6339382046,13669,14029,13610,-59,-0.43,13701,32,0.23,13300,14030,1400-7-28,2021-10-20
454,وسگيلا,شركت س استان گيلان,317,19198776,9060085190,477,464,478,1,0.21,475,-2,-0.42,464,480,1400-7-28,2021-10-20
455,مبين,مبين انرژي خليج فارس,317,1993362,48581200250,24790,25100,24010,-780,-3.15,24620,-170,-0.69,24000,25100,1400-7-28,2021-10-20
456,ثشرق,سرمايه گذاري مسكن شمال شرق,317,3201766,14256874952,4421,4438,4500,79,1.79,4453,32,0.72,4300,4550,1400-7-28,2021-10-20
457,دبالكح,ح.مواد اوليه دارويي البرز بالك,306,1262661,8668064183,6910,6788,6770,-140,-2.03,6865,-45,-0.65,6751,7100,1400-7-28,2021-10-20
458,وصندوق,سرمايه‌گذاري‌صندوق‌بازنشستگي‌,306,1079156,21550613550,19900,20420,19800,-100,-0.5,19910,10,0.05,19660,20420,1400-7-28,2021-10-20
459,والبر,سرمايه‌ گذاري‌ البرز(هلدينگ‌,306,1570633,14173255720,9070,8890,9100,30,0.33,9050,-20,-0.22,8890,9140,1400-7-28,2021-10-20
460,ركيش,كارت اعتباري ايران كيش,303,2173356,13806700790,6650,6740,6320,-330,-4.96,6390,-260,-3.91,6320,6740,1400-7-28,2021-10-20
461,آبين,كشت و صنعت آبشيرين,298,4469428,9343133063,2149,2085,2085,-64,-2.98,2094,-55,-2.56,2085,2135,1400-7-28,2021-10-20
462,ساراب,سيمان‌ داراب‌,297,651494,11564229030,17440,18080,17990,550,3.15,17660,220,1.26,17500,18240,1400-7-28,2021-10-20
463,فافق,صنايع مس افق كرمان,297,2806552,12534609229,4556,4557,4420,-136,-2.99,4466,-90,-1.98,4420,4599,1400-7-28,2021-10-20
464,دقاضي,داروسازي شهيد قاضي,297,492436,14817518196,30944,29397,30395,-549,-1.77,30090,-854,-2.76,29397,31809,1400-7-28,2021-10-20
465,بنو,بيمه تجارت نو,296,2297810,24396832328,10774,11000,10511,-263,-2.44,10624,-150,-1.39,10500,11000,1400-7-28,2021-10-20
466,وثخوز,سرمايه گذاري و توسعه خوزستان,296,213426,6815276691,32844,32200,31437,-1407,-4.28,32173,-671,-2.04,31437,33283,1400-7-28,2021-10-20
467,وسبحان,سرمايه گذاري سبحان,294,10630413,30323259763,2846,2796,2860,14,0.49,2853,7,0.25,2796,2913,1400-7-28,2021-10-20
468,وسينا,بانك سينا,292,5084629,12136592591,2384,2384,2360,-24,-1.01,2385,1,0.04,2340,2448,1400-7-28,2021-10-20
469,رنيك,جنرال مكانيك,290,697050,9466168234,13620,13710,13685,65,0.48,13594,-26,-0.19,13400,13960,1400-7-28,2021-10-20
470,وبوعلي,سرمايه‌گذاري‌بوعلي‌,284,1528521,6157315122,3978,4110,4030,52,1.31,3999,21,0.53,3986,4110,1400-7-28,2021-10-20
471,كامياب,صندوق س. كامياب آشنا-د,283,2276454,24415575939,10714,10728,10724,10,0.09,10725,11,0.1,10715,10729,1400-7-28,2021-10-20
472,دتماد,توليدمواداوليه‌داروپخش‌,282,318571,15317088840,48020,47370,47710,-310,-0.65,48080,60,0.12,47370,48800,1400-7-28,2021-10-20
473,پاكشو,گروه صنعتي پاكشو,281,4740965,27173453500,5720,5810,5730,10,0.17,5720,0,0,5710,5810,1400-7-28,2021-10-20
474,داريوش,صندوق س. ثروت داريوش -س,280,981256,9633952688,9848,9840,9800,-48,-0.49,9818,-30,-0.3,9790,9850,1400-7-28,2021-10-20
475,ويسا,سرمايه گذاري ايساتيس پويا,280,1824190,14020724340,7463,7686,7686,223,2.99,7686,223,2.99,7686,7686,1400-7-28,2021-10-20
476,فسازان,غلتك سازان سپاهان,280,588367,17039664700,28980,29490,28990,10,0.03,28960,-20,-0.07,28100,29490,1400-7-28,2021-10-20
477,سپر,صندوق س سپر سرمايه بيدار- ثابت,278,6913941,89756699297,12972,12976,12984,12,0.09,12982,10,0.08,12973,12988,1400-7-28,2021-10-20
478,مداران,داده‌پردازي‌ايران‌,273,725223,10577372250,14560,14140,14820,260,1.79,14580,20,0.14,14100,15180,1400-7-28,2021-10-20
479,ويستا,صندوق س. ويستا -س,272,15243813,152438130000,10000,10000,10000,0,0,10000,0,0,10000,10000,1400-7-28,2021-10-20
480,غشان,شيرپاستوريزه‌پگاه‌خراسان‌,271,4011634,20142129165,4795,4989,5034,239,4.98,5021,226,4.71,4730,5034,1400-7-28,2021-10-20
481,وبشهر,توسعه‌ صنايع‌ بهشهر(هلدينگ,270,3512016,46432550800,13360,13190,13330,-30,-0.22,13220,-140,-1.05,13000,13350,1400-7-28,2021-10-20
482,وساشرقي,شركت س استان آذربايجان شرقي,267,13018109,6066046321,488,470,469,-19,-3.89,484,-4,-0.82,464,475,1400-7-28,2021-10-20
483,تكنار,مجتمع معادن مس تكنار,266,219002,14105966972,62537,64413,64413,1876,3,64410,1873,3,63000,64413,1400-7-28,2021-10-20
484,كاريس,صندوق س.سپهر كاريزما-س,264,817902,11412097169,14062,14160,13961,-101,-0.72,13953,-109,-0.78,13850,14160,1400-7-28,2021-10-20
485,لابسا,آبسال‌,261,368686,12282965240,33300,33300,32860,-440,-1.32,33310,10,0.03,32520,34450,1400-7-28,2021-10-20
486,فلات,گروه صنايع معادن فلات ايرانيان,257,1760586,26243497356,14551,14900,14987,436,3,14906,355,2.44,14210,14987,1400-7-28,2021-10-20
487,جم,پتروشيمي جم,256,548615,27927937920,51260,51000,50500,-760,-1.48,51160,-100,-0.2,50400,52000,1400-7-28,2021-10-20
488,چافست,افست‌,255,589120,6179941780,10500,10500,10480,-20,-0.19,10500,0,0,10280,10740,1400-7-28,2021-10-20
489,انرژي3,سايراشخاص بورس انرژي,255,212373,17516525040,78560,82480,82480,3920,4.99,79720,1160,1.48,82480,82480,1400-7-28,2021-10-20
490,قپيرا,فرآورده‌هاي‌غدايي‌وقندپيرانشهر,255,1446517,12760036930,8770,9150,8870,100,1.14,8810,40,0.46,8570,9150,1400-7-28,2021-10-20
491,وساغربي,شركت س استان آذربايجان غربي,254,16736743,7771421841,482,470,467,-15,-3.11,477,-5,-1.04,461,473,1400-7-28,2021-10-20
492,اميد,تامين سرمايه اميد,253,3651128,22769810920,6260,6270,6240,-20,-0.32,6240,-20,-0.32,6230,6270,1400-7-28,2021-10-20
493,دعبيد,لابراتوارداروسازي‌  دكترعبيدي‌,253,550796,12403840790,22640,22550,22200,-440,-1.94,22600,-40,-0.18,22000,22970,1400-7-28,2021-10-20
494,بشهاب,لامپ‌  پارس‌ شهاب‌,252,223383,26368136020,112520,118000,118140,5620,4.99,118040,5520,4.91,115540,118140,1400-7-28,2021-10-20
495,اتكام,بيمه اتكايي امين,252,2560037,9126898902,3514,3519,3597,83,2.36,3546,32,0.91,3514,3649,1400-7-28,2021-10-20
496,سكرما,سيمان‌ كرمان‌,250,746907,11268097380,14790,14600,15000,210,1.42,15000,210,1.42,14600,15440,1400-7-28,2021-10-20
497,وپخش,داروپخش‌ (هلدينگ‌,246,415789,13071261720,30440,30670,31940,1500,4.93,30730,290,0.95,30640,31940,1400-7-28,2021-10-20
498,بمپنا,توليد برق عسلويه  مپنا,245,1113901,6215039620,5689,5760,5529,-160,-2.81,5650,-39,-0.69,5471,5760,1400-7-28,2021-10-20
499,ثتوسا,س.توسعه و عمران استان اردبيل,244,710777,15322251005,22213,22350,21547,-666,-3,21557,-656,-2.95,21547,22350,1400-7-28,2021-10-20
500,لوتوس,تامين سرمايه لوتوس پارسيان,242,1107104,6220670830,5580,5800,5660,80,1.43,5590,10,0.18,5480,5800,1400-7-28,2021-10-20
501,كقزوي,شيشه‌ قزوين‌,241,2460317,19909741664,7959,7850,8100,141,1.77,8092,133,1.67,7830,8150,1400-7-28,2021-10-20
502,وحافظح,ح . بيمه حافظ,241,2624346,9871868134,3832,3930,3800,-32,-0.84,3762,-70,-1.83,3719,3930,1400-7-28,2021-10-20
503,سپيدما,صندوق س. سپيد دماوند-د,240,10810434,121601347127,11242,11248,11249,7,0.06,11249,7,0.06,11248,11249,1400-7-28,2021-10-20
504,غاذر,كشت‌وصنعت‌پياذر,239,401614,9922165110,24750,24750,24830,80,0.32,24720,-30,-0.12,24400,25630,1400-7-28,2021-10-20
505,فلامي,لاميران‌,238,466239,8537914400,18910,18170,18040,-870,-4.6,18530,-380,-2.01,18020,18990,1400-7-28,2021-10-20
506,جوين,كشت و صنعت جوين,238,2767332,8145362640,3013,3085,2924,-89,-2.95,2953,-60,-1.99,2923,3085,1400-7-28,2021-10-20
507,فبيرا,بسته‌ بندي‌ ايران‌,237,2460182,4616206315,1921,1866,1864,-57,-2.97,1900,-21,-1.09,1864,1920,1400-7-28,2021-10-20
508,اوان,مبين وان كيش,237,390880,8821163695,23064,23069,22390,-674,-2.92,22743,-321,-1.39,22123,23190,1400-7-28,2021-10-20
509,بموتو,موتوژن‌,236,130667,9876763830,74920,74120,75690,770,1.03,75240,320,0.43,73500,76300,1400-7-28,2021-10-20
510,ولتجار,واسپاري تجارت وسرمايه ايرانيان,232,3839691,13402707348,3395,3450,3477,82,2.42,3491,96,2.83,3397,3496,1400-7-28,2021-10-20
511,دكپسولح,ح .توليد ژلاتين كپسول ايران,231,4007002,109611560680,27613,28500,28000,387,1.4,27355,-258,-0.93,27000,28500,1400-7-28,2021-10-20
512,پرديس,سرمايه گذاري پرديس,229,2475229,13261467170,5390,5540,5300,-90,-1.67,5360,-30,-0.56,5230,5540,1400-7-28,2021-10-20
513,كپرور,فرآوري زغال سنگ پروده طبس,229,590660,19961348338,34117,33050,33700,-417,-1.22,33795,-322,-0.94,33050,34860,1400-7-28,2021-10-20
514,چكاوه,صنايع‌كاغذسازي‌كاوه‌,229,780795,9939621570,12700,12900,12820,120,0.94,12720,20,0.16,12500,12950,1400-7-28,2021-10-20
515,بخاور,بيمه زندگي خاورميانه,228,2348508,10509886660,4485,4450,4562,77,1.72,4478,-7,-0.16,4340,4620,1400-7-28,2021-10-20
516,حسينا,توسعه خدمات دريايي وبندري سينا,225,181995,9322825401,50597,50900,51440,843,1.67,50970,373,0.74,50220,52100,1400-7-28,2021-10-20
517,سخوز,سيمان خوزستان,224,374774,9355369690,25120,25360,24790,-330,-1.31,25030,-90,-0.36,24790,25650,1400-7-28,2021-10-20
518,بسويچ,پارس‌سويچ‌,222,278990,4977095770,18270,17880,17870,-400,-2.19,18120,-150,-0.82,17560,18320,1400-7-28,2021-10-20
519,حگردش,ريل گردش ايرانيان,220,2876727,8889086430,3000,3090,3090,90,3,3077,77,2.57,3090,3090,1400-7-28,2021-10-20
520,قشهد,شهد,220,1063066,14957257690,14110,13890,14210,100,0.71,14070,-40,-0.28,13890,14300,1400-7-28,2021-10-20
521,شستان,پتروشيمي گلستان,212,3635769,13322602858,3601,3670,3673,72,2,3664,63,1.75,3560,3673,1400-7-28,2021-10-20
522,شكبير,پتروشيمي اميركبير,212,123635,12431647511,99421,101500,100000,579,0.58,99557,136,0.14,96439,102000,1400-7-28,2021-10-20
523,لبوتان,گروه‌صنعتي‌بوتان‌,205,269757,13249519750,49320,49200,48770,-550,-1.12,49140,-180,-0.36,46990,50990,1400-7-28,2021-10-20
524,تسه0006,امتيازتسهيلات مسكن شهريور1400,204,31620,22187251748,674198,700000,700000,25802,3.83,701684,27486,4.08,694124,707907,1400-7-28,2021-10-20
525,شپاكسا,پاكسان‌,201,558772,10087459200,18020,18390,18010,-10,-0.06,18040,20,0.11,17880,18390,1400-7-28,2021-10-20
526,واعتبار,سرمايه گذاري اعتبار ايران,200,880560,5894130950,6880,6590,6700,-180,-2.62,6800,-80,-1.16,6590,6860,1400-7-28,2021-10-20
527,كمنگنز,معادن‌منگنزايران‌,199,183998,12686886500,69630,68900,68460,-1170,-1.68,69090,-540,-0.78,68010,70490,1400-7-28,2021-10-20
528,سهرمز,سيمان‌هرمزگان‌,198,732413,11933777560,16900,16850,16060,-840,-4.97,16430,-470,-2.78,16060,17200,1400-7-28,2021-10-20
529,حشكوه,دليجان طلايي شكوه پارس,196,4012357,10229369661,2478,2545,2552,74,2.99,2549,71,2.87,2480,2552,1400-7-28,2021-10-20
530,شزنگ,تجهيزنيروي‌زنگان‌,195,54999,5682824579,106518,103323,103323,-3195,-3,104454,-2064,-1.94,103323,106318,1400-7-28,2021-10-20
531,دارا,صندوق س. دارا الگوريتم-د,193,2892117,29067947242,10068,10064,10040,-28,-0.28,10051,-17,-0.17,10022,10070,1400-7-28,2021-10-20
532,ضسپا8041,اختيارخ خساپا-1600-1400/08/26,193,6545,841750000,158,176,118,-40,-25.32,129,-29,-18.35,101,176,1400-7-28,2021-10-20
533,دجابر,داروسازي‌ جابرابن‌حيان‌,192,461177,6245894550,13840,13230,13470,-370,-2.67,13720,-120,-0.87,13230,14000,1400-7-28,2021-10-20
534,دكيمي,كيميدارو,192,277224,5643290120,20430,20160,20550,120,0.59,20400,-30,-0.15,19800,20680,1400-7-28,2021-10-20
535,پرداخت,به پرداخت ملت,187,464487,6561351380,14260,14280,14180,-80,-0.56,14210,-50,-0.35,14000,14280,1400-7-28,2021-10-20
536,آوا,صندوق س.سهام آواي معيار-س,185,1061673,8498777429,8105,8010,8000,-105,-1.3,8005,-100,-1.23,7980,8118,1400-7-28,2021-10-20
537,فاما,صنعتي‌ آما,185,552379,9451674660,16830,16220,17290,460,2.73,16990,160,0.95,16220,17400,1400-7-28,2021-10-20
538,وثنو,سرمايه گذاري ساختماني نوين,184,2713058,14129125093,5189,5154,5070,-119,-2.29,5208,19,0.37,5034,5344,1400-7-28,2021-10-20
539,كطبس,ذغال‌سنگ‌ نگين‌ ط‌بس‌,182,166600,9521702110,58200,56040,57070,-1130,-1.94,57560,-640,-1.1,56040,58400,1400-7-28,2021-10-20
540,شصفها,پتروشيمي‌ اصفهان‌,181,84412,11307064558,136028,138698,133333,-2695,-1.98,134567,-1461,-1.07,133308,138698,1400-7-28,2021-10-20
541,سدشت,صنايع سيمان دشتستان,179,141315,5410072550,40180,39790,38180,-2000,-4.98,39610,-570,-1.42,38180,39790,1400-7-28,2021-10-20
542,ضخود1049,اختيارخ خودرو-1400-1400/10/08,179,5742,2876654000,513,510,494,-19,-3.7,501,-12,-2.34,481,529,1400-7-28,2021-10-20
543,سيستم,همكاران سيستم,178,971214,5573528660,5670,5630,5750,80,1.41,5690,20,0.35,5600,5930,1400-7-28,2021-10-20
544,سكرد,سيمان كردستان,172,641599,3562671570,5680,5520,5500,-180,-3.17,5650,-30,-0.53,5500,5740,1400-7-28,2021-10-20
545,دسبحان,سبحان دارو,172,330101,5321517770,16320,15710,16050,-270,-1.65,16250,-70,-0.43,15700,16580,1400-7-28,2021-10-20
546,سبجنو,سيمان‌ بجنورد,169,219160,7907802700,35850,35850,36600,750,2.09,35970,120,0.33,35240,36700,1400-7-28,2021-10-20
547,شرانل,نفت ايرانول,161,169737,8154464425,48506,48000,47751,-755,-1.56,48407,-99,-0.2,47200,48890,1400-7-28,2021-10-20
548,كفرا,فراورده‌ هاي‌ نسوزايران‌,161,241653,4533143210,18830,18750,18620,-210,-1.12,18810,-20,-0.11,18340,19100,1400-7-28,2021-10-20
549,درازك,دارويي‌ رازك‌,161,112419,4399168040,39040,39520,39070,30,0.08,39070,30,0.08,37640,39960,1400-7-28,2021-10-20
550,دشيمي,شيمي‌ داروئي‌ داروپخش‌,160,196567,4850255900,24500,24600,24690,190,0.78,24550,50,0.2,24310,24900,1400-7-28,2021-10-20
551,تماوند,تامين سرمايه دماوند,160,3029246,18714572391,6169,6169,6270,101,1.64,6178,9,0.15,6000,6300,1400-7-28,2021-10-20
552,ولبهمن,شركت بهمن ليزينگ,160,893977,5782848609,6414,6300,6460,46,0.72,6435,21,0.33,6299,6682,1400-7-28,2021-10-20
553,كمينا,شيشه سازي مينا,159,582220,5993797401,10549,10688,10233,-316,-3,10386,-163,-1.55,10233,10689,1400-7-28,2021-10-20
554,وتوسم,سرمايه‌گذاري‌توسعه‌ملي‌,157,920431,7143497460,7750,7760,7720,-30,-0.39,7760,10,0.13,7700,7860,1400-7-28,2021-10-20
555,وبهمن,سرمايه‌گذاري‌بهمن‌,156,575925,9453511370,16610,16610,16620,10,0.06,16510,-100,-0.6,15950,16630,1400-7-28,2021-10-20
556,سكه0012پ01,تمام سكه طرح جديد0012رفاه,156,38800,45039906000,1162445,1151000,1162100,-345,-0.03,1160822,-1623,-0.14,1151000,1163000,1400-7-28,2021-10-20
557,سيدكو,سرمايه گذاري توسعه صنايع سيمان,156,965877,6096553890,6280,6210,6250,-30,-0.48,6290,10,0.16,6180,6480,1400-7-28,2021-10-20
558,نهال,صندوق س. طلاي سرخ نوويرا,155,565923,6521087719,11373,11590,11470,97,0.85,11523,150,1.32,11300,11600,1400-7-28,2021-10-20
559,قمرو,قند مرودشت‌,155,182404,4860388420,26670,27170,26700,30,0.11,26660,-10,-0.04,26060,27170,1400-7-28,2021-10-20
560,شگل,گلتاش‌,154,565673,3985265690,7060,7270,7030,-30,-0.42,7060,0,0,6910,7270,1400-7-28,2021-10-20
561,گوهران,سرمايه گذاري توسعه گوهران اميد,154,1200991,5946519662,4954,4948,4949,-5,-0.1,4953,-1,-0.02,4881,5063,1400-7-28,2021-10-20
562,غپونه,نوش پونه مشهد,154,1169967,14628749046,12142,12506,12506,364,3,12504,362,2.98,12317,12506,1400-7-28,2021-10-20
563,كگهر,سنگ آهن گهرزمين,154,182983,8200120838,44831,46300,44500,-331,-0.74,44830,-1,0,44500,46300,1400-7-28,2021-10-20
564,داسوه,داروسازي‌ اسوه‌,153,337409,8173894770,23760,24190,24450,690,2.9,24010,250,1.05,24020,24480,1400-7-28,2021-10-20
565,سپ,پرداخت الكترونيك سامان كيش,153,186396,5707040560,31770,30700,30360,-1410,-4.44,31660,-110,-0.35,30200,31100,1400-7-28,2021-10-20
566,فنفتح,ح . صنايع تجهيزات نفت,151,562264,5958108913,10796,10473,11000,204,1.89,10597,-199,-1.84,10473,11110,1400-7-28,2021-10-20
567,سمتاز,سيمان ممتازان كرمان,148,300321,5163009349,17144,17380,16950,-194,-1.13,17169,25,0.15,16870,17500,1400-7-28,2021-10-20
568,پارتا,مجتمع‌صنعتي‌آرتاويل‌تاير,146,231940,6339409790,26909,27716,27390,481,1.79,27020,111,0.41,26700,27716,1400-7-28,2021-10-20
569,كي بي سي,شركت كي بي سي,145,303921,5778909200,18815,19750,18959,144,0.77,18895,80,0.43,18601,19750,1400-7-28,2021-10-20
570,واميد,گروه مديريت سرمايه گذاري اميد,143,1006363,13047840370,12910,12630,12960,50,0.39,12920,10,0.08,12630,13200,1400-7-28,2021-10-20
571,كخاك,صنايع‌خاك‌چيني‌ايران‌,143,173659,4763740930,27200,27990,27030,-170,-0.63,27270,70,0.26,27030,27990,1400-7-28,2021-10-20
572,وزمين,بانك ايران زمين,141,527557,5198654425,9641,10026,9800,159,1.65,9711,70,0.73,9751,10026,1400-7-28,2021-10-20
573,سفانو,سيمان فارس نو,141,148670,3372697600,22320,22970,22860,540,2.42,22400,80,0.36,22280,23290,1400-7-28,2021-10-20
574,اتكامح,ح . بيمه اتكايي امين,139,964374,1997048588,2017,2018,2066,49,2.43,2071,54,2.68,2018,2107,1400-7-28,2021-10-20
575,فردا,صندوق س آواي فرداي زاگرس-ثابت,139,4130484,48101262938,11638,11645,11645,7,0.06,11645,7,0.06,11645,11648,1400-7-28,2021-10-20
576,مارون,پتروشيمي مارون,138,14184,2583290794,185076,182932,181500,-3576,-1.93,184999,-77,-0.04,181460,185699,1400-7-28,2021-10-20
577,اخزا901,اسنادخزانه-م1بودجه99-010621,138,152878,126908687431,829617,829616,831200,1583,0.19,830130,513,0.06,829287,831200,1400-7-28,2021-10-20
578,فخاس,فولاد خراسان,135,167402,4280104650,26010,26770,25640,-370,-1.42,25990,-20,-0.08,25050,26770,1400-7-28,2021-10-20
579,وآتوس,س.آرين توسكا قيمت اسمي 350ريال,135,353486,8114945733,23045,22354,23736,691,3,22957,-88,-0.38,22354,23736,1400-7-28,2021-10-20
580,ما,بيمه  ما,134,915143,5957705000,6630,6450,6500,-130,-1.96,6580,-50,-0.75,6420,6650,1400-7-28,2021-10-20
581,ضخود1050,اختيارخ خودرو-1600-1400/10/08,132,6506,2306898000,368,360,350,-18,-4.89,355,-13,-3.53,340,380,1400-7-28,2021-10-20
582,ضسپا8042,اختيارخ خساپا-1800-1400/08/26,132,8870,361375000,47,42,37,-10,-21.28,41,-6,-12.77,36,49,1400-7-28,2021-10-20
583,اخزا902,اسنادخزانه-م2بودجه99-011019,129,250514,195231843138,778314,779295,778000,-314,-0.04,779325,1011,0.13,776022,779632,1400-7-28,2021-10-20
584,فنرژي,گسترش صنايع انرژي آذرآب,127,287369,3494407040,11922,12160,12160,238,2,12095,173,1.45,12160,12160,1400-7-28,2021-10-20
585,ولانا,شركت ليزينگ آريا دانا,126,402495,6535713810,17092,16238,16238,-854,-5,16405,-687,-4.02,16238,16238,1400-7-28,2021-10-20
586,ماني,صندوق س. با درآمد ثابت ماني,125,1383021,14300938488,10336,10340,10340,4,0.04,10340,4,0.04,10340,10342,1400-7-28,2021-10-20
587,سپاس,صندوق س. پاداش سهامداري-ثابت,125,3412607,34374340853,10067,10074,10074,7,0.07,10073,6,0.06,10071,10075,1400-7-28,2021-10-20
588,سقاين,سيمان‌ قائن‌,124,68125,3683519570,54340,54460,53940,-400,-0.74,54270,-70,-0.13,53660,55620,1400-7-28,2021-10-20
589,وجامي,سرمايه گذاري جامي,122,1019704,9660675696,9972,9474,9474,-498,-4.99,9474,-498,-4.99,9474,9474,1400-7-28,2021-10-20
590,اخزا910,اسنادخزانه-م10بودجه99-020807,122,187251,120835142824,648359,646111,644999,-3360,-0.52,645311,-3048,-0.47,641870,648359,1400-7-28,2021-10-20
591,زپارس,ملي كشت و صنعت و دامپروري پارس,118,98718,9590592040,95010,96200,96670,1660,1.75,96350,1340,1.41,93610,98780,1400-7-28,2021-10-20
592,وخاور,بانك خاورميانه,118,1133178,6145894090,5510,5410,5410,-100,-1.81,5500,-10,-0.18,5400,5560,1400-7-28,2021-10-20
593,دسبحا,گروه دارويي سبحان,117,302028,5763317920,19370,19010,19300,-70,-0.36,19300,-70,-0.36,18640,19430,1400-7-28,2021-10-20
594,تسه9810,امتياز تسهيلات مسكن دي98,117,8195,5605128403,672511,686666,688000,15489,2.3,683969,11458,1.7,656410,695000,1400-7-28,2021-10-20
595,سرود,سيمان‌شاهرود,117,190762,4626579630,23960,24940,24890,930,3.88,24040,80,0.33,23360,24940,1400-7-28,2021-10-20
596,تسه0005,امتيازتسهيلات مسكن مرداد 1400,114,15263,10685718283,680272,710000,700000,19728,2.9,700106,19834,2.92,692002,714285,1400-7-28,2021-10-20
597,زگلدشت,كشت و دام گلدشت نمونه اصفهان,114,222847,2148704951,9665,9570,9576,-89,-0.92,9662,-3,-0.03,9560,9847,1400-7-28,2021-10-20
598,وسين,بيمه سينا,114,2512224,8760125088,3386,3487,3487,101,2.98,3470,84,2.48,3487,3487,1400-7-28,2021-10-20
599,حخزر,كشتيراني درياي خزر,113,178345,3523891197,19156,19300,19710,554,2.89,19290,134,0.7,19300,20060,1400-7-28,2021-10-20
600,كشرق,صنعتي و معدني شمال شرق شاهرود,111,63538,4997502585,79127,80989,78500,-627,-0.79,78974,-153,-0.19,78000,80989,1400-7-28,2021-10-20
601,كميناح,ح . شيشه سازي مينا,108,709281,5212315143,7571,7546,7344,-227,-3,7349,-222,-2.93,7344,7600,1400-7-28,2021-10-20
602,فيروزه,صندوق شاخص30 شركت فيروزه- سهام,106,17061,3025436880,178670,177110,176770,-1900,-1.06,177330,-1340,-0.75,176770,179500,1400-7-28,2021-10-20
603,سشمال,سيمان‌ شمال‌,106,664274,5595144170,8490,8550,8500,10,0.12,8470,-20,-0.24,8290,8610,1400-7-28,2021-10-20
604,فن آوا,گروه فن آوا,105,494230,10429151466,21685,21070,21035,-650,-3,21102,-583,-2.69,21035,22299,1400-7-28,2021-10-20
605,دالبر,البرزدارو,104,271179,3875352020,14320,13830,14480,160,1.12,14310,-10,-0.07,13830,14500,1400-7-28,2021-10-20
606,دسينا,داروسازي‌ سينا,104,433888,8312199470,19300,19300,18900,-400,-2.07,19220,-80,-0.41,18800,19690,1400-7-28,2021-10-20
607,شفا,سرمايه گذاري شفادارو,101,94697,3441689900,36000,36240,36190,190,0.53,36070,70,0.19,35760,36650,1400-7-28,2021-10-20
608,دلقما,دارويي‌ لقمان‌,99,632344,20582797200,31000,32550,32550,1550,5,32550,1550,5,32550,32550,1400-7-28,2021-10-20
609,گنگين,اقتصادي نگين گردشگري ايرانيان,99,1711990,44415868560,25189,25944,25944,755,3,25944,755,3,25944,25944,1400-7-28,2021-10-20
610,فكمند,گسترش قطعه سازي كمند,99,420207,14454280386,35461,34398,34398,-1063,-3,34398,-1063,-3,34398,34398,1400-7-28,2021-10-20
611,وليز,ليزينگ‌ايران‌,98,905425,2057125600,2164,2272,2272,108,4.99,2178,14,0.65,2272,2272,1400-7-28,2021-10-20
612,زعف0008پ16,زعفران0008نگين بيرجند(پ),96,10439,1669471700,159357,159000,160000,643,0.4,159926,569,0.36,159000,160000,1400-7-28,2021-10-20
613,عيار,صندوق سكه طلاي مفيد,96,117235,3441168154,29423,29400,29399,-24,-0.08,29353,-70,-0.24,29166,29490,1400-7-28,2021-10-20
614,اخزا903,اسنادخزانه-م3بودجه99-011110,96,252919,194751119528,768903,769999,770390,1487,0.19,770014,1111,0.14,766550,770390,1400-7-28,2021-10-20
615,قزوين,كارخانجات‌ قند قزوين‌,94,92782,2754255500,30030,29160,29270,-760,-2.53,29960,-70,-0.23,29150,30370,1400-7-28,2021-10-20
616,لخانه,لوازم‌ خانگي‌ پارس‌,92,98430,1834569042,19138,18950,18900,-238,-1.24,19040,-98,-0.51,18564,19000,1400-7-28,2021-10-20
617,وايرا,سرمايه گذاري صنايع ايران,91,1407658,7965460200,5832,5661,5658,-174,-2.98,5678,-154,-2.64,5658,5662,1400-7-28,2021-10-20
618,ضخود1054,اختيارخ خودرو-3000-1400/10/08,90,5135,112939000,23,80,18,-5,-21.74,22,-1,-4.35,18,80,1400-7-28,2021-10-20
619,تشتاد,صنايع توليدي اشتاد ايران‌,90,505544,2859435292,5790,5848,5617,-173,-2.99,5751,-39,-0.67,5617,5848,1400-7-28,2021-10-20
620,وبازار,صندوق س شاخصي بازارآشنا,89,1225663,15257112510,12580,12500,12430,-150,-1.19,12450,-130,-1.03,12290,12540,1400-7-28,2021-10-20
621,آرمان,بيمه آرمان,89,370541,2364664218,6489,6310,6400,-89,-1.37,6463,-26,-0.4,6295,6536,1400-7-28,2021-10-20
622,تپولا,مهندسي مرآت پولاد,88,354939,7029921834,20418,19806,19806,-612,-3,19967,-451,-2.21,19806,19806,1400-7-28,2021-10-20
623,زرين,صندوق س. سهام زرين كوروش-س,86,316831,4287069655,13672,13615,13546,-126,-0.92,13531,-141,-1.03,13480,13615,1400-7-28,2021-10-20
624,خبازرس,بازرسي مهندسي و صنعتي ايران,85,273418,6941262766,24648,25387,25387,739,3,25153,505,2.05,25387,25387,1400-7-28,2021-10-20
625,خاتم,صندوق س خاتم ايساتيس پويا-ثابت,82,735322,8948714743,12161,12170,12171,10,0.08,12170,9,0.07,12169,12171,1400-7-28,2021-10-20
626,گوهر,صندوق سكه طلاي كيان,82,20434,1184850731,57825,57999,58050,225,0.39,57984,159,0.27,57598,58130,1400-7-28,2021-10-20
627,ارمغان,ص سرمايه گذاري ارمغان ايرانيان,82,491933,4952625317,10058,10062,10064,6,0.06,10068,10,0.1,10062,10072,1400-7-28,2021-10-20
628,سهگمت,سيمان‌هگمتان‌,82,159710,3601351690,22570,22300,22600,30,0.13,22570,0,0,22300,22790,1400-7-28,2021-10-20
629,دفرا,فرآورده‌هاي‌ تزريقي‌ ايران‌,81,199777,5672131400,29120,28010,28150,-970,-3.33,28830,-290,-1,28000,28800,1400-7-28,2021-10-20
630,وتوشه,سرمايه‌ گذاري‌ پارس‌ توشه‌,80,503139,3173819500,6220,6440,6330,110,1.77,6240,20,0.32,6210,6440,1400-7-28,2021-10-20
631,وگردش,بانك گردشگري,79,527080,5454750920,10669,10349,10349,-320,-3,10641,-28,-0.26,10349,10349,1400-7-28,2021-10-20
632,ضفلا1163,اختيارخ فولاد-10000-1400/11/24,74,741,1457978000,2198,1980,1880,-318,-14.47,1968,-230,-10.46,1880,2200,1400-7-28,2021-10-20
633,سكه0012پ04,تمام سكه طرح جديد0012صادرات,71,18000,20767723100,1159996,1156000,1152204,-7792,-0.67,1153762,-6234,-0.54,1150000,1158000,1400-7-28,2021-10-20
634,تمحركه,ماشين سازي نيرو محركه,68,310499,6290709740,19670,20260,20260,590,3,19992,322,1.64,20260,20260,1400-7-28,2021-10-20
635,پلوله,گازلوله‌,66,101719,2939311940,29789,28898,28896,-893,-3,29503,-286,-0.96,28896,29000,1400-7-28,2021-10-20
636,وامين,س. امين توان آفرين ساز,65,200272,2576899267,12840,12900,12930,90,0.7,12841,1,0.01,12840,12998,1400-7-28,2021-10-20
637,صايند,صندوق س. گنجينه آينده روشن-د,65,240030,2427337230,10105,10098,10117,12,0.12,10113,8,0.08,10092,10130,1400-7-28,2021-10-20
638,اخزا006,اسنادخزانه-م6بودجه00-030723,63,309633,161104620109,518724,519500,522797,4073,0.79,520308,1584,0.31,519300,522797,1400-7-28,2021-10-20
639,تابا,تابان نيرو سپاهان,60,133862,3986678084,30703,29782,29782,-921,-3,30287,-416,-1.35,29782,29782,1400-7-28,2021-10-20
640,سكارون,سيمان كارون,60,61299,3665251107,58052,59793,59793,1741,3,58738,686,1.18,59793,59793,1400-7-28,2021-10-20
641,ضشنا8004,اختيارخ شپنا-10800-1400/08/16,57,356,473757000,1650,1400,1327,-323,-19.58,1331,-319,-19.33,1225,1671,1400-7-28,2021-10-20
642,سحرخيز,صندوق س. گروه زعفران سحرخيز,55,61234,647688688,10510,10270,10619,109,1.04,10577,67,0.64,10270,10620,1400-7-28,2021-10-20
643,ضسپا8043,اختيارخ خساپا-2000-1400/08/26,54,3293,52529000,17,13,12,-5,-29.41,16,-1,-5.88,12,18,1400-7-28,2021-10-20
644,اخزا914,اسنادخزانه-م14بودجه99-021025,52,85172,52476136982,617136,616123,615471,-1665,-0.27,616120,-1016,-0.16,615471,616750,1400-7-28,2021-10-20
645,وتعاونح,ح . بيمه  تعاون,51,2618148,1497580656,589,572,572,-17,-2.89,572,-17,-2.89,572,572,1400-7-28,2021-10-20
646,زر,صندوق س.پشتوانه سكه طلاي زر,50,26488,1329481258,50265,49810,50338,73,0.15,50192,-73,-0.15,49810,50400,1400-7-28,2021-10-20
647,افق ملت,صندوق س در سهام افق ملت,48,29542,4382734590,149090,149000,147530,-1560,-1.05,148360,-730,-0.49,147500,149950,1400-7-28,2021-10-20
648,اوصتا,صندوق انديشه ورزان صباتامين -د,48,1350072,27294089594,20209,20219,20219,10,0.05,20217,8,0.04,20216,20219,1400-7-28,2021-10-20
649,فراز,صندوق س.سهام فراز داريك-س,47,571234,8082396782,14149,14149,14149,0,0,14149,0,0,14149,14150,1400-7-28,2021-10-20
650,وآفري,بيمه كارآفرين,47,2568547,9103693783,3446,3361,3549,103,2.99,3512,66,1.92,3440,3549,1400-7-28,2021-10-20
651,اخزا001,اسنادخزانه-م1بودجه00-030821,46,145646,74521168839,509678,513996,512500,2822,0.55,511660,1982,0.39,509708,513996,1400-7-28,2021-10-20
652,اخزا004,اسنادخزانه-م4بودجه00-030522,46,137012,74084548889,539546,538490,540000,454,0.08,540716,1170,0.22,538446,541052,1400-7-28,2021-10-20
653,كهربا,صندوق س.پشتوانه سكه طلا كهربا,46,1056051,10740018626,10173,10160,10170,-3,-0.03,10170,-3,-0.03,10159,10185,1400-7-28,2021-10-20
654,فيروزا,صندوق بادرآمد ثابت فيروزه آسيا,45,193017,4872279444,25221,25200,25251,30,0.12,25243,22,0.09,25191,25260,1400-7-28,2021-10-20
655,سنوين,سرمايه گذاري اقتصاد نوين,44,122714,902169282,7574,7347,7347,-227,-3,7552,-22,-0.29,7347,7479,1400-7-28,2021-10-20
656,سخند,صندوق س.سپهرخبرگان نفت-د,43,42930,428253000,10001,10018,10008,7,0.07,9976,-25,-0.25,9900,10018,1400-7-28,2021-10-20
657,آتيمس,صندوق س.آرمان آتيه درخشان مس-س,42,20420,3860100735,190083,190450,187620,-2463,-1.3,189035,-1048,-0.55,187500,192899,1400-7-28,2021-10-20
658,قچار,فراوردههاي غذايي وقند چهارمحال,41,219729,2222119377,10645,10113,10113,-532,-5,10556,-89,-0.84,10113,10113,1400-7-28,2021-10-20
659,زعف0008پ05,زعفران0008نگين زرين(پ),41,11670,1884124928,160419,157000,160998,579,0.36,161450,1031,0.64,157000,164000,1400-7-28,2021-10-20
660,اراد50,مرابحه عام دولت5-ش.خ0302,40,585000,585000528000,1000001,1000000,1000001,0,0,1000001,0,0,1000000,1000001,1400-7-28,2021-10-20
661,اخزا909,اسنادخزانه-م9بودجه99-020316,39,83746,59183331675,710692,708222,708895,-1797,-0.25,706700,-3992,-0.56,705368,708999,1400-7-28,2021-10-20
662,خفولا,خدمات فني فولاد يزد,38,39906,1297224342,33512,32507,32507,-1005,-3,33368,-144,-0.43,32507,32507,1400-7-28,2021-10-20
663,ضملت8042,اختيارخ وبملت-3934-1400/08/19,37,1737,67446000,50,40,36,-14,-28,39,-11,-22,36,50,1400-7-28,2021-10-20
664,اخزا811,اسنادخزانه-م11بودجه98-001013,37,63643,61014947732,957060,958000,958998,1938,0.2,958706,1646,0.17,957046,959000,1400-7-28,2021-10-20
665,آساس,صندوق س.آسمان آرماني سهام-س,36,18141,3130438730,173805,173805,171989,-1816,-1.04,172562,-1243,-0.72,171989,174500,1400-7-28,2021-10-20
666,ساروج,بين المللي ساروج بوشهر,36,187780,3077165621,16692,16450,16500,-192,-1.15,16596,-96,-0.58,16192,16780,1400-7-28,2021-10-20
667,اخزا911,اسنادخزانه-م11بودجه99-020906,34,115255,73107421336,635899,634111,633641,-2258,-0.36,634310,-1589,-0.25,633641,635889,1400-7-28,2021-10-20
668,اخزا005,اسنادخزانه-م5بودجه00-030626,34,355907,187697969267,525297,525012,533600,8303,1.58,527379,2082,0.4,525012,533600,1400-7-28,2021-10-20
669,فردا2,صندوق س آواي فرداي زاگرس-ثابت,33,3300000,3300000,11638,1,1,-11637,-99.99,1,-11637,-99.99,1,1,1400-7-28,2021-10-20
670,اخزا002,اسنادخزانه-م2بودجه00-031024,33,40834,20108771011,491190,490720,499973,8783,1.79,492452,1262,0.26,490720,499973,1400-7-28,2021-10-20
671,اخزا009,اسناد خزانه-م9بودجه00-031101,32,2464,1207761830,488297,486555,490500,2203,0.45,490163,1866,0.38,486555,490942,1400-7-28,2021-10-20
672,اخزا814,اسنادخزانه-م14بودجه98-010318,32,53451,46887708016,877046,877310,877188,142,0.02,877209,163,0.02,877188,878090,1400-7-28,2021-10-20
673,ضصاد8033,اختيارخ وبصادر-2489-1400/08/12,32,1193,8350000,7,13,7,0,0,7,0,0,5,15,1400-7-28,2021-10-20
674,تسه9809,امتياز تسهيلات مسكن آذر98,31,1860,1276092368,677826,673980,687250,9424,1.39,686071,8245,1.22,670010,692970,1400-7-28,2021-10-20
675,تسه9811,امتياز تسهيلات مسكن بهمن98,31,1278,881340308,684167,679998,687050,2883,0.42,689625,5458,0.8,674010,699969,1400-7-28,2021-10-20
676,ضپال2007,اختيارخ اپال-32000-1401/02/12,31,830,367005000,542,427,500,-42,-7.75,442,-100,-18.45,389,500,1400-7-28,2021-10-20
677,قيستو,شركت قند بيستون,29,116208,2723102064,22751,23433,23433,682,3,22915,164,0.72,23433,23433,1400-7-28,2021-10-20
678,دمعيار,صندوق س. توازن معيار-د,29,619167,6281106064,10134,10140,10145,11,0.11,10144,10,0.1,10140,10145,1400-7-28,2021-10-20
679,اخزا812,اسنادخزانه-م12بودجه98-001111,27,50789,47908102700,942331,943482,943239,908,0.1,943277,946,0.1,943000,947994,1400-7-28,2021-10-20
680,سيناد,صندوق س.سپهرسودمند سينا-د,27,413769,4226464737,10207,10212,10212,5,0.05,10215,8,0.08,10212,10217,1400-7-28,2021-10-20
681,ضشنا8006,اختيارخ شپنا-14800-1400/08/16,27,205,25820000,211,180,140,-71,-33.65,126,-85,-40.28,110,190,1400-7-28,2021-10-20
682,الماس,صندوق س.امين تدبيرگران فردا-س,26,13605,1525386591,113987,113001,112000,-1987,-1.74,112120,-1867,-1.64,112000,114000,1400-7-28,2021-10-20
683,اخزا810,اسنادخزانه-م10بودجه98-001006,26,31525,30341256146,959803,961680,962149,2346,0.24,962451,2648,0.28,961680,964000,1400-7-28,2021-10-20
684,وتعاون,بيمه  تعاون,25,436956,838081608,1977,1918,1918,-59,-2.98,1972,-5,-0.25,1918,1918,1400-7-28,2021-10-20
685,تسه9912,امتياز تسهيلات مسكن اسفند99,25,1045,743150401,684989,719238,700000,15011,2.19,711149,26160,3.82,677032,719238,1400-7-28,2021-10-20
686,اخزا908,اسنادخزانه-م8بودجه99-020606,25,50873,34127470368,672915,670816,670840,-2075,-0.31,670837,-2078,-0.31,670816,671000,1400-7-28,2021-10-20
687,اخزا906,اسنادخزانه-م6بودجه99-020321,24,9159,6447252519,707784,705101,704000,-3784,-0.53,703925,-3859,-0.55,697001,707784,1400-7-28,2021-10-20
688,تسه9909,امتياز تسهيلات مسكن آذر99,24,1101,780575857,687894,672000,700000,12106,1.76,708970,21076,3.06,672000,722288,1400-7-28,2021-10-20
689,ضمخا7077,اختيارخ اخابر-6700-1400/07/28,24,394,532365000,1396,1200,1301,-95,-6.81,1351,-45,-3.22,1200,1440,1400-7-28,2021-10-20
690,سخواف,سيمان مجد خواف,24,28762,285232754,10438,9917,9917,-521,-4.99,10422,-16,-0.15,9917,9917,1400-7-28,2021-10-20
691,اخزا008,اسنادخزانه-م8بودجه00-030919,23,71660,36083789184,501594,501180,504988,3394,0.68,503542,1948,0.39,501180,504988,1400-7-28,2021-10-20
692,تسه9808,امتياز تسهيلات مسكن آبان98,23,867,593547810,668950,655100,689956,21006,3.14,684600,15650,2.34,655100,689956,1400-7-28,2021-10-20
693,تسه9908,امتياز تسهيلات مسكن آبان99,22,665,468171681,675367,699999,709135,33768,5,704018,28651,4.24,684200,709135,1400-7-28,2021-10-20
694,اخزا815,اسنادخزانه-م15بودجه98-010406,22,110747,96223151440,868873,868212,870000,1127,0.13,868856,-17,0,867805,870000,1400-7-28,2021-10-20
695,اخزا003,اسنادخزانه-م3بودجه00-030418,22,71048,39277354781,550123,549982,554102,3979,0.72,552828,2705,0.49,549982,554123,1400-7-28,2021-10-20
696,صنوين,صندوق سرمايه‌گذاري صنوين-مختلط,21,3267,327900500,100290,100300,100230,-60,-0.06,100370,80,0.08,100230,101500,1400-7-28,2021-10-20
697,اخزا917,اسنادخزانه-م17بودجه99-010226,21,188860,166385367561,888646,887865,888081,-565,-0.06,880998,-7648,-0.86,872000,888723,1400-7-28,2021-10-20
698,سكه0112پ03,تمام سكه طرح جديد0112سامان,21,3400,3937606400,1160668,1160000,1157001,-3667,-0.32,1158119,-2549,-0.22,1155000,1163870,1400-7-28,2021-10-20
699,غشوكو,شوكو پارس,20,19510,196465700,10381,10070,10070,-311,-3,10375,-6,-0.06,10070,10070,1400-7-28,2021-10-20
700,ثاصفا,شركت‌ ساختمان‌ اصفهان‌,20,23335,300741480,13286,12888,12888,-398,-3,13272,-14,-0.11,12888,12888,1400-7-28,2021-10-20
701,تسه0002,امتيازتسهيلاتمسكن ارديبهشت1400,20,301,215924574,683824,715000,718014,34190,5,717357,33533,4.9,715000,718015,1400-7-28,2021-10-20
702,كامياب2,صندوق س. كامياب آشنا-د,20,2000000,2000000,10714,1,1,-10713,-99.99,1,-10713,-99.99,1,1,1400-7-28,2021-10-20
703,ثنام,س ساختماني ب نام آوران مهندسي,19,312955,3551413340,11698,11348,11348,-350,-2.99,11562,-136,-1.16,11348,11348,1400-7-28,2021-10-20
704,اخزا821,اسنادخزانه-م21بودجه98-020906,18,6352,4015872668,637033,637000,633841,-3192,-0.5,632222,-4811,-0.76,630601,637000,1400-7-28,2021-10-20
705,تسه0003,امتيازتسهيلات مسكن خرداد1400,18,397,285570828,686436,720000,719999,33563,4.89,719322,32886,4.79,711198,720757,1400-7-28,2021-10-20
706,داريك,صندوق س.اعتماد داريك-د,18,94761,1108090164,11687,11693,11694,7,0.06,11694,7,0.06,11693,11695,1400-7-28,2021-10-20
707,اخزا817,اسنادخزانه-م17بودجه98-010512,17,5794,4941866772,850941,852999,852922,1981,0.23,852928,1987,0.23,852909,852999,1400-7-28,2021-10-20
708,دزهراويح,ح . ‌داروسازي‌زهراوي‌,17,203584,796620671,3969,3950,3900,-69,-1.74,3913,-56,-1.41,3900,3950,1400-7-28,2021-10-20
709,ضخود1051,اختيارخ خودرو-1800-1400/10/08,17,739,173318000,255,254,239,-16,-6.27,235,-20,-7.84,223,254,1400-7-28,2021-10-20
710,اخزا809,اسنادخزانه-م9بودجه98-000923,17,130356,126186491416,966525,969998,967000,475,0.05,968014,1489,0.15,967000,969999,1400-7-28,2021-10-20
711,تسه9911,امتياز تسهيلات مسكن بهمن99,17,1356,963640028,680406,671522,700000,19594,2.88,710649,30243,4.44,671522,714426,1400-7-28,2021-10-20
712,آسام,صندوق س.آرمان سپهر آشنا-م,17,54650,6831483600,125497,125001,124801,-696,-0.55,125004,-493,-0.39,124800,125399,1400-7-28,2021-10-20
713,بذر,صندوق س بذر اميد آفرين-سهام,16,2146,216191390,102070,100540,100210,-1860,-1.82,100740,-1330,-1.3,100210,101120,1400-7-28,2021-10-20
714,هكوير109,اختيارف ت كوير-8194-01/09/20,16,177042,142872894,1775,807,807,-968,-54.54,807,-968,-54.54,807,807,1400-7-28,2021-10-20
715,ضشنا8005,اختيارخ شپنا-12800-1400/08/16,16,270,92121000,503,550,340,-163,-32.41,341,-162,-32.21,320,550,1400-7-28,2021-10-20
716,آكورد2,صندوق س. آرمان آتي كوثر-د,16,1600000,1600000,34738,1,1,-34737,-100,1,-34737,-100,1,1,1400-7-28,2021-10-20
717,سكه0011پ02,تمام سكه طرح جديد0011ملت,15,2400,2779298200,1158578,1157000,1158005,-573,-0.05,1158041,-537,-0.05,1156510,1162000,1400-7-28,2021-10-20
718,تسه9910,امتياز تسهيلات مسكن دي99,15,1069,764733074,684626,679742,718554,33928,4.96,715372,30746,4.49,679742,718554,1400-7-28,2021-10-20
719,ضبدر1164,اختيارخ شبندر-7000-1400/11/13,15,50,50000000,1000,1000,1000,0,0,1000,0,0,1000,1000,1400-7-28,2021-10-20
720,اخزا905,اسنادخزانه-م5بودجه99-020218,15,121536,88600641467,729042,729000,729000,-42,-0.01,729007,-35,0,725170,729502,1400-7-28,2021-10-20
721,برن0104پ01,برنج طارم0104تجارت مازندران(پ),15,824,327907416,397858,385002,397800,-58,-0.01,397946,88,0.02,385002,403000,1400-7-28,2021-10-20
722,ضملت8044,اختيارخ وبملت-4934-1400/08/19,14,237,720000,31,3,5,-26,-83.87,3,-28,-90.32,3,10,1400-7-28,2021-10-20
723,كگهر4,سنگ آهن گهرزمين,14,4723628835,5004212387799,44831,1059.4,1059.4,-43771.6,-97.64,1059.4,-43771.6,-97.64,1059.4,1059.4,1400-7-28,2021-10-20
724,تسه9902,امتياز تسهيلات مسكن ارديبهشت99,14,539,380474792,672971,706619,706619,33648,5,705890,32919,4.89,675000,706619,1400-7-28,2021-10-20
725,غشوكوح,ح . شوكو پارس,14,42582,299394042,7248,7031,7031,-217,-2.99,7031,-217,-2.99,7031,7031,1400-7-28,2021-10-20
726,ضملت8041,اختيارخ وبملت-3434-1400/08/19,14,308,81767000,289,276,255,-34,-11.76,265,-24,-8.3,250,299,1400-7-28,2021-10-20
727,ضمخا7078,اختيارخ اخابر-7700-1400/07/28,14,90,32201000,473,400,320,-153,-32.35,358,-115,-24.31,290,450,1400-7-28,2021-10-20
728,اخزا808,اسنادخزانه-م8بودجه98-000817,14,30824,30498791812,988000,990000,989323,1323,0.13,989449,1449,0.15,989323,990000,1400-7-28,2021-10-20
729,زعف0008پ08,زعفران0008نگين روستا(پ),13,8442,1324786000,157593,158000,156000,-1593,-1.01,156928,-665,-0.42,156000,158900,1400-7-28,2021-10-20
730,گنجين,صندوق س. گنجينه يكم آويد-د,13,30244,421865928,13940,13946,13947,7,0.05,13949,9,0.06,13946,13955,1400-7-28,2021-10-20
731,خفناور,مهندسي صنعتي روان فن آور,13,7293,303191889,42858,41573,41573,-1285,-3,42818,-40,-0.09,41573,41573,1400-7-28,2021-10-20
732,تسه9901,امتياز تسهيلات مسكن فروردين99,13,93,66095537,684134,677419,685650,1516,0.22,710705,26571,3.88,677419,718340,1400-7-28,2021-10-20
733,پخشح,ح. پخش البرز,13,744824,17808741840,18604,23910,23910,5306,28.52,23910,5306,28.52,23910,23910,1400-7-28,2021-10-20
734,ثروتم,صندوق س. ثروت آفرين پارسيان-س,13,49200,4389200070,89781,89602,88654,-1127,-1.26,89211,-570,-0.63,88654,89602,1400-7-28,2021-10-20
735,تسه9906,امتياز تسهيلات مسكن شهريور99,13,202,143620532,679069,710000,690000,10931,1.61,710993,31924,4.7,680000,713022,1400-7-28,2021-10-20
736,اخزا723,اسنادخزانه-م23بودجه97-000824,13,36615,36069375553,984324,984351,985419,1095,0.11,985098,774,0.08,984350,986000,1400-7-28,2021-10-20
737,تسه0004,امتيازتسهيلات مسكن تير1400,11,413,293278542,677763,710000,711499,33736,4.98,710118,32355,4.77,700000,711651,1400-7-28,2021-10-20
738,ضملت1133,اختيارخ وبملت-3000-1400/11/13,11,500,440427000,1000,900,850,-150,-15,881,-119,-11.9,850,900,1400-7-28,2021-10-20
739,گپارس,امور رفاهي كارگزاران پارس,11,3624,496861272,141343,137103,137103,-4240,-3,141116,-227,-0.16,137103,137103,1400-7-28,2021-10-20
740,فنفت,صنايع تجهيزات نفت,11,16357,246418205,15530,15065,15065,-465,-2.99,15518,-12,-0.08,15065,15065,1400-7-28,2021-10-20
741,اخزا816,اسنادخزانه-م16بودجه98-010503,11,2107,1801200346,854619,854913,854114,-505,-0.06,854865,246,0.03,854114,854913,1400-7-28,2021-10-20
742,تسه9907,امتياز تسهيلات مسكن مهر99,10,200,138116201,674578,682111,680000,5422,0.8,690581,16003,2.37,675233,706328,1400-7-28,2021-10-20
743,اراد46,مرابحه عام دولت4-ش.خ 0302,10,229100,229100000000,1000000,1000000,1000000,0,0,1000000,0,0,1000000,1000000,1400-7-28,2021-10-20
744,كيان2,صندوق س. با درآمد ثابت كيان,10,1000000,1000000,31111,1,1,-31110,-100,1,-31110,-100,1,1,1400-7-28,2021-10-20
745,ضشنا8003,اختيارخ شپنا-8800-1400/08/16,10,207,657495000,3500,3200,3011,-489,-13.97,3176,-324,-9.26,3009,3200,1400-7-28,2021-10-20
746,اخزا904,اسنادخزانه-م4بودجه99-011215,10,6138,4631393802,754998,743032,757500,2502,0.33,754544,-454,-0.06,743032,758000,1400-7-28,2021-10-20
747,وملت,سرمايه گذاري ملت,9,21104,65992208,3190,3127,3127,-63,-1.97,3189,-1,-0.03,3127,3127,1400-7-28,2021-10-20
748,نگين,ص.س. زمين و ساختمان نگين شهرري,9,3528,181793130,51150,52330,52330,1180,2.31,51530,380,0.74,51100,52330,1400-7-28,2021-10-20
749,ضجار1021,اختيارخ وتجارت-1800-1400/10/15,9,800,320000000,420,400,400,-20,-4.76,400,-20,-4.76,400,400,1400-7-28,2021-10-20
750,تسه9904,امتياز تسهيلات مسكن تير99,9,63,44448114,673861,700000,707554,33693,5,705526,31665,4.7,680000,707554,1400-7-28,2021-10-20
751,وسنا,سرمايه گذاري نيروگاهي ايران,9,24303,322427901,13677,13267,13267,-410,-3,13670,-7,-0.05,13267,13267,1400-7-28,2021-10-20
752,ثبات,صندوق س. ثبات ويستا -د,9,89230,912920130,10225,10231,10245,20,0.2,10231,6,0.06,10231,10245,1400-7-28,2021-10-20
753,اخزا813,اسنادخزانه-م13بودجه98-010219,9,53975,48159671333,892020,892268,892259,239,0.03,892259,239,0.03,892258,892268,1400-7-28,2021-10-20
754,ضپال2006,اختيارخ اپال-28000-1401/02/12,8,81,72403000,1113,1000,999,-114,-10.24,894,-219,-19.68,604,1000,1400-7-28,2021-10-20
755,تسه9905,امتياز تسهيلات مسكن مرداد99,8,259,183547821,675069,677211,708822,33753,5,708679,33610,4.98,677211,708822,1400-7-28,2021-10-20
756,زعف0008پ10,زعفران0008نگين طلاي سرخ(پ),8,285,46083534,159288,165114,162000,2712,1.7,161697,2409,1.51,158000,165114,1400-7-28,2021-10-20
757,طخود1050,اختيارف خودرو-1600-1400/10/08,8,538,25090000,50,40,50,0,0,47,-3,-6,40,60,1400-7-28,2021-10-20
758,تسه9812,امتياز تسهيلات مسكن اسفند98,8,48,32719622,676999,665010,693200,16201,2.39,681659,4660,0.69,660010,693200,1400-7-28,2021-10-20
759,تسه0001,امتيازتسهيلات مسكن فروردين1400,8,234,163211335,696456,700000,692355,-4101,-0.59,697484,1028,0.15,692355,700000,1400-7-28,2021-10-20
760,خعمرا,توسعه و عمران شهرستان نائين,7,100000,394100000,3827,3941,3941,114,2.98,3831,4,0.1,3941,3941,1400-7-28,2021-10-20
761,ضصاد8030,اختيارخ وبصادر-1589-1400/08/12,7,42,18707000,500,502,300,-200,-40,445,-55,-11,300,502,1400-7-28,2021-10-20
762,ضسپا8044,اختيارخ خساپا-2500-1400/08/26,7,15,60000,5,6,3,-2,-40,4,-1,-20,3,6,1400-7-28,2021-10-20
763,سكه0111پ05,تمام سكه طرح جديد0111آينده,7,1000,1157501100,1158970,1160000,1157500,-1470,-0.13,1157501,-1469,-0.13,1156102,1160000,1400-7-28,2021-10-20
764,اخزا007,اسنادخزانه-م7بودجه00-030912,7,5571,2804397976,503896,505990,505990,2094,0.42,503392,-504,-0.1,503300,505990,1400-7-28,2021-10-20
765,ضسپا8039,اختيارخ خساپا-1200-1400/08/26,7,12,5765000,543,543,413,-130,-23.94,480,-63,-11.6,413,543,1400-7-28,2021-10-20
766,ثنظام,س. ساختماني نظام مهندسي ايران,6,29551,740282101,25825,25051,25051,-774,-3,25764,-61,-0.24,25051,25051,1400-7-28,2021-10-20
767,ضمخا7080,اختيارخ اخابر-5700-1400/07/28,6,156,373916000,1500,2400,2276,776,51.73,2397,897,59.8,2276,2450,1400-7-28,2021-10-20
768,شساخت,مهندسي و ساختمان صنايع نفت,6,1090,48164920,45554,44188,44188,-1366,-3,45553,-1,0,44188,44188,1400-7-28,2021-10-20
769,وحافظ,بيمه حافظ,6,9050,92355250,10520,10205,10205,-315,-2.99,10517,-3,-0.03,10205,10205,1400-7-28,2021-10-20
770,ضسپا1109,اختيارخ خساپا-1000-1400/11/20,6,91,70806000,890,810,750,-140,-15.73,778,-112,-12.58,750,810,1400-7-28,2021-10-20
771,تسه9903,امتياز تسهيلات مسكن خرداد99,6,133,93751172,674652,708380,662000,-12652,-1.88,704896,30244,4.48,662000,708384,1400-7-28,2021-10-20
772,طخود1051,اختيارف خودرو-1800-1400/10/08,6,260,28600000,111,100,120,9,8.11,110,-1,-0.9,100,120,1400-7-28,2021-10-20
773,ضملي1157,اختيارخ فملي-4000-1400/11/03,5,31,210480000,6753,6500,6840,87,1.29,6790,37,0.55,6400,6840,1400-7-28,2021-10-20
774,ضپنا8001,اختيارخ رمپنا-11850-1400/08/05,5,19,81400000,4686,4000,4300,-386,-8.24,4284,-402,-8.58,4000,4400,1400-7-28,2021-10-20
775,ثقزوي,شركت عمران و سازندگي قزوين,5,1371,39403911,29629,28741,28741,-888,-3,29625,-4,-0.01,28741,28741,1400-7-28,2021-10-20
776,وسرضوي,س.سهام عدالت استان خراسان رضوي,5,59245,41175275,731,695,695,-36,-4.92,731,0,0,695,695,1400-7-28,2021-10-20
777,ساذري,آذريت‌,5,82938,769830516,9012,9282,9282,270,3,9032,20,0.22,9282,9282,1400-7-28,2021-10-20
778,اخزا907,اسنادخزانه-م7بودجه99-020704,4,17010,11217227490,661202,659449,659449,-1753,-0.27,659449,-1753,-0.27,659449,659449,1400-7-28,2021-10-20
779,صگل039,صكوك اجاره گل گهر039-3ماهه20%,4,419,423190000,1000000,1010000,1010000,10000,1,1010000,10000,1,1010000,1010000,1400-7-28,2021-10-20
780,ضپنا8002,اختيارخ رمپنا-13850-1400/08/05,4,45,109000000,2906,2500,2400,-506,-17.41,2422,-484,-16.66,2400,2500,1400-7-28,2021-10-20
781,زعف0008پ12,زعفران0008پوشالمعمول سحرخيز(پ),4,1100,142850000,127265,128000,130000,2735,2.15,129864,2599,2.04,128000,130000,1400-7-28,2021-10-20
782,وسخراج,شركت س استان خراسان جنوبي,4,11096,23357080,2215,2105,2105,-110,-4.97,2215,0,0,2105,2105,1400-7-28,2021-10-20
783,ضبدر8076,اختيارخ شبندر-3448-1400/08/30,4,9,105853716,1005,2501,2488,1483,147.56,2511,1506,149.85,2488,2555,1400-7-28,2021-10-20
784,تملي809,تسهيلات مسكن ب. ملي-آذر98,4,47,27866018,624098,592894,592894,-31204,-5,592894,-31204,-5,592894,592894,1400-7-28,2021-10-20
785,ضفلا1164,اختيارخ فولاد-12000-1400/11/24,4,5,5100000,1140,1100,1000,-140,-12.28,1020,-120,-10.53,1000,1100,1400-7-28,2021-10-20
786,ضترا1132,اختيارخ شتران-3970-1400/11/10,4,33,112216500,4600,1500,1500,-3100,-67.39,1500,-3100,-67.39,1500,1500,1400-7-28,2021-10-20
787,ضصاد8031,اختيارخ وبصادر-1789-1400/08/12,4,11,3062000,328,333,266,-62,-18.9,278,-50,-15.24,266,333,1400-7-28,2021-10-20
788,سرو2,صندوق س سروسودمند مدبران-سهام,4,110000,110000,76130,1,1,-76129,-100,1,-76129,-100,1,1,1400-7-28,2021-10-20
789,اخزا918,اسنادخزانه-م18بودجه99-010323,4,5046,4413881166,873551,875111,874721,1170,0.13,874729,1178,0.13,874721,875111,1400-7-28,2021-10-20
790,ضملي1162,اختيارخ فملي-8000-1400/11/03,4,6,3800000,800,600,800,0,0,633,-167,-20.88,600,800,1400-7-28,2021-10-20
791,اراد384,مرابحه عام دولت3-ش.خ 0105,4,29421972,28003472463208,1009000,975063,974780,-34220,-3.39,951788,-57212,-5.67,947705,975063,1400-7-28,2021-10-20
792,اراد864,مرابحه عام دولت86-ش.خ020404,4,66060000,62236680000000,936100,939118,944823,8723,0.93,942123,6023,0.64,939118,944823,1400-7-28,2021-10-20
793,اراد404,مرابحه عام دولت4-ش.خ 0207,4,15987000,15106755682000,1000000,949086,915200,-84800,-8.48,944940,-55060,-5.51,915200,949235,1400-7-28,2021-10-20
794,اراد72,مرابحه عام دولت72-ش.خ0311,4,1100,1027400000,931165,934000,934000,2835,0.3,934000,2835,0.3,934000,934000,1400-7-28,2021-10-20
795,ضمخا7075,اختيارخ اخابر-8700-1400/07/28,4,25,25000,1,1,1,0,0,1,0,0,1,1,1400-7-28,2021-10-20
796,ضبدر8074,اختيارخ شبندر-2595-1400/08/30,3,4,56212684,455,3001,3000,2545,559.34,3000,2545,559.34,3000,3001,1400-7-28,2021-10-20
797,ثهام,صندوق س ثروت هامرز-سهام,3,37634,433543680,11520,11520,11520,0,0,11520,0,0,11520,11520,1400-7-28,2021-10-20
798,اراد584,مرابحه عام دولت5-ش.خ 0110,3,25301000,24304303499000,960000,958799,961041,1041,0.11,960606,606,0.06,958799,961130,1400-7-28,2021-10-20
799,ضملت8043,اختيارخ وبملت-4434-1400/08/19,3,80,1320000,16,20,10,-6,-37.5,16,0,0,10,20,1400-7-28,2021-10-20
800,ضترا8058,اختيارخ شتران-3442-1400/08/09,3,3,9283365,3901,1396,1240,-2661,-68.21,1365,-2536,-65.01,1240,1459,1400-7-28,2021-10-20
801,وسپه2,سرمايه‌گذاري‌ سپه‌,3,45000000,370650000000,8220,8190,8400,180,2.19,8237,17,0.21,8190,8400,1400-7-28,2021-10-20
802,ضصاد8032,اختيارخ وبصادر-1989-1400/08/12,3,50,7675000,150,150,167,17,11.33,153,3,2,100,167,1400-7-28,2021-10-20
803,ضسپا1113,اختيارخ خساپا-1800-1400/11/20,3,28,9417000,331,349,280,-51,-15.41,336,5,1.51,280,349,1400-7-28,2021-10-20
804,افاد534,منفعت دولت5-ش.خاص كاريزما0108,3,6369000,6244370883000,955000,983117,983000,28000,2.93,980432,25432,2.66,976000,983117,1400-7-28,2021-10-20
805,پادا,صندوق س.پاداش سرمايه پارس-س,3,1210,138884000,114688,115200,114400,-288,-0.25,114780,92,0.08,114400,115200,1400-7-28,2021-10-20
806,عيار2,صندوق سكه طلاي مفيد,3,30000,30000,29423,1,1,-29422,-100,1,-29422,-100,1,1,1400-7-28,2021-10-20
807,طخود1052,اختيارف خودرو-2000-1400/10/08,3,6,1111000,250,230,140,-110,-44,185,-65,-26,140,230,1400-7-28,2021-10-20
808,داريوش2,صندوق س. ثروت داريوش -س,3,1000000,1000000,9848,1,1,-9847,-99.99,1,-9847,-99.99,1,1,1400-7-28,2021-10-20
809,افران2,صندوق س افرا نماد پايدار-ثابت,3,18100000,18100000,14529,1,1,-14528,-99.99,1,-14528,-99.99,1,1,1400-7-28,2021-10-20
810,صايپا012,صكوك مرابحه سايپا012-3ماهه 16%,3,15000,15000030000,1000002,1000002,1000002,0,0,1000002,0,0,1000002,1000002,1400-7-28,2021-10-20
811,وسقم,شركت س استان قم,3,24685,31498060,1343,1276,1276,-67,-4.99,1343,0,0,1276,1276,1400-7-28,2021-10-20
812,تملي703,تسهيلات مسكن ب. ملي-خرداد97,2,6,3150000,525400,525000,525000,-400,-0.08,525000,-400,-0.08,525000,525000,1400-7-28,2021-10-20
813,طخود1049,اختيارف خودرو-1400-1400/10/08,2,2,60000,22,30,30,8,36.36,30,8,36.36,30,30,1400-7-28,2021-10-20
814,كاما2,باما,2,30200000,286900000000,9660,9500,9500,-160,-1.66,9500,-160,-1.66,9500,9500,1400-7-28,2021-10-20
815,اخزا9172,اسنادخزانه-م17بودجه99-010226,2,534910,476337355000,888646,890500,890500,1854,0.21,890500,1854,0.21,890500,890500,1400-7-28,2021-10-20
816,اراد45,مرابحه عام دولت4-ش.خ 0107,2,20000,19160000000,980000,958000,958000,-22000,-2.24,958000,-22000,-2.24,958000,958000,1400-7-28,2021-10-20
817,اراد504,مرابحه عام دولت5-ش.خ0302,2,4999000,4769338383000,1000001,954117,954000,-46001,-4.6,954058,-45943,-4.59,954000,954117,1400-7-28,2021-10-20
818,اراد624,مرابحه عام دولت62-ش.خ0309,2,9999000,9409533905000,1000000,941095,941000,-59000,-5.9,941047,-58953,-5.9,941000,941095,1400-7-28,2021-10-20
819,اراد794,مرابحه عام دولت79-ش.خ010612,2,6058000,5939379780000,960000,984730,971802,11802,1.23,980419,20419,2.13,971802,984730,1400-7-28,2021-10-20
820,افاد614,منفعت دولت6-ش.خاص140109,2,5150000,5057432000000,989800,982044,982000,-7800,-0.79,982026,-7774,-0.79,982000,982044,1400-7-28,2021-10-20
821,اراد314,مرابحه عام دولت3-ش.خ 0208,2,12400000,11141051200000,900000,913336,881000,-19000,-2.11,898472,-1528,-0.17,881000,913336,1400-7-28,2021-10-20
822,افاد744,منفعت دولت7-ش.خاص ساير0204,2,4000000,3877116000000,990000,969233,969325,-20675,-2.09,969279,-20721,-2.09,969233,969325,1400-7-28,2021-10-20
823,اخزا818,اسنادخزانه-م18بودجه98-010614,2,1048,879320000,838962,839000,840000,1038,0.12,839046,84,0.01,839000,840000,1400-7-28,2021-10-20
824,تملي705,تسهيلات مسكن ب. ملي-مرداد97,2,24,14043945,615900,585200,585105,-30795,-5,585164,-30736,-4.99,585105,585200,1400-7-28,2021-10-20
825,ضملي1161,اختيارخ فملي-7000-1400/11/03,2,2,3211000,1790,1845,1840,50,2.79,1605,-185,-10.34,1371,1840,1400-7-28,2021-10-20
826,ضمخا7069,اختيارخ اخابر-17700-1400/07/28,2,14,14000,1,1,1,0,0,1,0,0,1,1,1400-7-28,2021-10-20
827,اراد874,مرابحه عام دولت87-ش.خ030304,2,2500000,2180514200000,926800,864761,926800,0,0,872206,-54594,-5.89,864761,926800,1400-7-28,2021-10-20
828,گواهي ظرفيت,گواهي ظرفيت نقدي,2,3000000,86574000000,27484,28858,28858,1374,5,27649,165,0.6,28858,28858,1400-7-28,2021-10-20
829,ضپنا1032,اختيارخ رمپنا-15850-1400/10/08,2,44,88000000,5100,2000,2000,-3100,-60.78,2000,-3100,-60.78,2000,2000,1400-7-28,2021-10-20
830,وسصفا,شركت س استان اصفهان,2,11325,7859550,730,694,694,-36,-4.93,730,0,0,694,694,1400-7-28,2021-10-20
831,پست0008پ08,پسته فندقي32-30مه ولات0008(پ),2,25,48034000,1911309,1890000,1929200,17891,0.94,1921360,10051,0.53,1890000,1929200,1400-7-28,2021-10-20
832,تملي612,تسهيلات مسكن بانك ملي-اسفند96,2,22,13261543,634523,602797,602800,-31723,-5,602797,-31726,-5,602797,602800,1400-7-28,2021-10-20
833,اراد604,مرابحه عام دولتي6-ش.خ0210,2,6600000,6218863200000,940000,942265,942239,2239,0.24,942252,2252,0.24,942239,942265,1400-7-28,2021-10-20
834,ضمخا7079,اختيارخ اخابر-4700-1400/07/28,2,12,41283000,2500,3450,3333,833,33.32,3440,940,37.6,3333,3450,1400-7-28,2021-10-20
835,ضسپا1114,اختيارخ خساپا-2000-1400/11/20,2,110,28490000,259,259,259,0,0,259,0,0,259,259,1400-7-28,2021-10-20
836,اراد474,مرابحه عام دولت4-ش.خ 0008,2,5240200,5235440000000,998500,999175,999000,500,0.05,999092,592,0.06,999000,999175,1400-7-28,2021-10-20
837,اراد554,مرابحه عام دولت5-ش.خ 0209,2,16173140,14851360631420,940359,944220,866453,-73906,-7.86,918273,-22086,-2.35,866453,944220,1400-7-28,2021-10-20
838,ضملي1158,اختيارخ فملي-4500-1400/11/03,2,19,111150000,4500,5850,5850,1350,30,5850,1350,30,5850,5850,1400-7-28,2021-10-20
839,وسزنجان,شركت س استان زنجان,2,20000,26980000,1419,1349,1349,-70,-4.93,1419,0,0,1349,1349,1400-7-28,2021-10-20
840,اراد334,مرابحه عام دولت3-ش.خ 0303,2,3194000,2847094869000,935000,891377,891400,-43600,-4.66,891388,-43612,-4.66,891377,891400,1400-7-28,2021-10-20
841,اراد61,مرابحه عام دولت61-ش.خ0309,2,50000,50000050000,1000000,1000001,1000001,1,0,1000001,1,0,1000001,1000001,1400-7-28,2021-10-20
842,افاد44,منفعت دولتي4-شرايط خاص14010729,2,4000000,3934191000000,1000000,984135,983352,-16648,-1.66,983548,-16452,-1.65,983352,984135,1400-7-28,2021-10-20
843,اراد654,مرابحه عام دولتي65-ش.خ0210,2,6460554,6088968776136,989000,942496,942472,-46528,-4.7,942484,-46516,-4.7,942472,942496,1400-7-28,2021-10-20
844,اراد594,مرابحه عام دولتي5-ش.خ 0309,2,12544900,11787811328500,1000000,941743,935965,-64035,-6.4,939650,-60350,-6.04,935965,941743,1400-7-28,2021-10-20
845,ضمخا1037,اختيارخ اخابر-9000-1400/10/26,2,8,6400000,800,800,800,0,0,800,0,0,800,800,1400-7-28,2021-10-20
846,وسالت,بانك قرض الحسنه رسالت,2,10092,10919544,1051,1082,1082,31,2.95,1051,0,0,1082,1082,1400-7-28,2021-10-20
847,هبساز103,اختيارف ت ثبهساز-2346-01/03/18,2,34300,11181800,371,326,326,-45,-12.13,326,-45,-12.13,326,326,1400-7-28,2021-10-20
848,اراد33,مرابحه عام دولت3-ش.خ 0303,2,1500,1447500000,935000,965000,965000,30000,3.21,965000,30000,3.21,965000,965000,1400-7-28,2021-10-20
849,اراد484,مرابحه عام دولت4-ش.خ 0009,1,3554000,3541859536000,980000,996584,996584,16584,1.69,996584,16584,1.69,996584,996584,1400-7-28,2021-10-20
850,ضپيك1028,اختيارخ تاپيكو-9000-00/10/15,1,1,6500000,6500,6500,6500,0,0,6500,0,0,6500,6500,1400-7-28,2021-10-20
851,اراد904,مرابحه عام دولت90-ش.خ050217,1,5000000,4625350000000,1000000,925070,925070,-74930,-7.49,925070,-74930,-7.49,925070,925070,1400-7-28,2021-10-20
852,سمتا011,سلف موازي استاندارد سمتا011,1,100,833230400,8228221,8332304,8332304,104083,1.26,8332304,104083,1.26,8332304,8332304,1400-7-28,2021-10-20
853,ضچاد1022,اختيارخ كچاد-28000-1400/10/05,1,1,3200000,3494,3200,3200,-294,-8.41,3200,-294,-8.41,3200,3200,1400-7-28,2021-10-20
854,اخزا8154,اسنادخزانه-م15بودجه98-010406,1,3174384,2792327839296,868873,879644,879644,10771,1.24,879644,10771,1.24,879644,879644,1400-7-28,2021-10-20
855,ضفلا1162,اختيارخ فولاد-9000-1400/11/24,1,10,27000000,2700,2700,2700,0,0,2700,0,0,2700,2700,1400-7-28,2021-10-20
856,سپرمي,پرميت‌,1,500,5222500,10342,10445,10445,103,1,10342,0,0,10445,10445,1400-7-28,2021-10-20
857,ضصاد1113,اختيارخ وبصادر-2000-1400/11/06,1,15,5250000,413,350,350,-63,-15.25,350,-63,-15.25,350,350,1400-7-28,2021-10-20
858,اخزا9174,اسنادخزانه-م17بودجه99-010226,1,10700000,9522775300000,888646,889979,889979,1333,0.15,889979,1333,0.15,889979,889979,1400-7-28,2021-10-20
859,اراد644,مرابحه عام دولتي64-ش.خ0111,1,15910000,15127371190000,944500,950809,950809,6309,0.67,950809,6309,0.67,950809,950809,1400-7-28,2021-10-20
860,اراد134,مرابحه عام دولت1-ش.خ ساير0206,1,5000000,4829355000000,885000,965871,965871,80871,9.14,965871,80871,9.14,965871,965871,1400-7-28,2021-10-20
861,ياقوت2,صندوق س ياقوت آگاه-ثابت,1,7773000,7773000,13385,1,1,-13384,-99.99,1,-13384,-99.99,1,1,1400-7-28,2021-10-20
862,تابان01,اجاره تابان تمدن14021206,1,1000,878900000,860600,878900,878900,18300,2.13,878900,18300,2.13,878900,878900,1400-7-28,2021-10-20
863,زير0103پ01,زيره سبز0103كيميابذر(پ),1,10,8906860,895035,890686,890686,-4349,-0.49,890686,-4349,-0.49,890686,890686,1400-7-28,2021-10-20
864,اراد524,مرابحه عام دولت5-ش.خ 0108,1,6333000,6081199920000,1000000,960240,960240,-39760,-3.98,960240,-39760,-3.98,960240,960240,1400-7-28,2021-10-20
865,سميعا102,سلف موازي استاندارد سميعا102,1,100,131792800,1302530,1317928,1317928,15398,1.18,1317928,15398,1.18,1317928,1317928,1400-7-28,2021-10-20
866,ضبدر8079,اختيارخ شبندر-6011-1400/08/30,1,10,37940400,1153,810,810,-343,-29.75,810,-343,-29.75,810,810,1400-7-28,2021-10-20
867,زير0103پ02,زيره سبز0103 دانش(پ),1,9,8016174,943269,890686,890686,-52583,-5.57,890686,-52583,-5.57,890686,890686,1400-7-28,2021-10-20
868,كچاد2,معدني‌وصنعتي‌چادرملو,1,3500000,98245000000,28070,28070,28070,0,0,28070,0,0,28070,28070,1400-7-28,2021-10-20
869,طصاد8032,اختيارف وبصادر-1989-1400/08/12,1,25,1500000,60,60,60,0,0,60,0,0,60,60,1400-7-28,2021-10-20
870,شلرد022,كود شيميايي اوره لردگان,1,110000,109890000000,993000,999000,999000,6000,0.6,999000,6000,0.6,999000,999000,1400-7-28,2021-10-20
871,اراد774,مرابحه عام دولت77-ش.خ000812,1,6122000,6117041180000,998046,999190,999190,1144,0.11,999190,1144,0.11,999190,999190,1400-7-28,2021-10-20
872,ضملت1132,اختيارخ وبملت-2500-1400/11/13,1,1,1100000,1000,1100,1100,100,10,1100,100,10,1100,1100,1400-7-28,2021-10-20
873,اراد42,مرابحه عام دولت4-ش.خ 0106,1,1000,998000000,980000,998000,998000,18000,1.84,998000,18000,1.84,998000,998000,1400-7-28,2021-10-20
874,اراد704,مرابحه عام دولت70-ش.خ0112,1,17114000,16238019910000,943750,948815,948815,5065,0.54,948815,5065,0.54,948815,948815,1400-7-28,2021-10-20
875,ارفع2,شركت آهن و فولاد ارفع,1,100000000,1544000000000,15354,15440,15440,86,0.56,15440,86,0.56,15440,15440,1400-7-28,2021-10-20
876,طسپا8041,اختيارف خساپا-1600-1400/08/26,1,30,1500000,80,50,50,-30,-37.5,50,-30,-37.5,50,50,1400-7-28,2021-10-20
877,اراد544,مرابحه عام دولت5-ش.خ 0109,1,10571000,10167674066000,990000,961846,961846,-28154,-2.84,961846,-28154,-2.84,961846,961846,1400-7-28,2021-10-20
878,دفرا4,فرآورده‌هاي‌ تزريقي‌ ايران‌,1,2600000,74958000000,29120,28830,28830,-290,-1,28830,-290,-1,28830,28830,1400-7-28,2021-10-20
879,اراد734,مرابحه عام دولت73-ش.خ0402,1,5000000,4685360000000,951000,937072,937072,-13928,-1.46,937072,-13928,-1.46,937072,937072,1400-7-28,2021-10-20
880,واميد2,گروه مديريت سرمايه گذاري اميد,1,30000000,387300000000,12910,12910,12910,0,0,12910,0,0,12910,12910,1400-7-28,2021-10-20
881,افاد844,منفعت دولت8-ش.خاص ساير0205,1,5000000,4841190000000,950000,968238,968238,18238,1.92,968238,18238,1.92,968238,968238,1400-7-28,2021-10-20
882,ضجار1025,اختيارخ وتجارت-3500-1400/10/15,1,50,10550000,1,211,211,210,21000,211,210,21000,211,211,1400-7-28,2021-10-20
883,كابگن,توليدي و صنعتي آبگينه‌,1,157,923631,5825,5883,5883,58,1,5825,0,0,5883,5883,1400-7-28,2021-10-20
884,فرابورس2,فرابورس ايران,1,18000000,391788000000,21928,21766,21766,-162,-0.74,21766,-162,-0.74,21766,21766,1400-7-28,2021-10-20
885,ضغدر1130,اختيارخ وغدير-10000-1400/11/20,1,10,80000000,7999,8000,8000,1,0.01,8000,1,0.01,8000,8000,1400-7-28,2021-10-20
886,اراد854,مرابحه عام دولت85-ش.خ010704,1,5868700,5648101435700,948170,962411,962411,14241,1.5,962411,14241,1.5,962411,962411,1400-7-28,2021-10-20
887,سفارود,كارخانه فارسيت درود,1,315,5062680,16399,16072,16072,-327,-1.99,16399,0,0,16072,16072,1400-7-28,2021-10-20
888,آسام2,صندوق س.آرمان سپهر آشنا-م,1,100000,100000,125497,1,1,-125496,-100,1,-125496,-100,1,1,1400-7-28,2021-10-20
889,اراد454,مرابحه عام دولت4-ش.خ 0107,1,3158000,3050391150000,980000,965925,965925,-14075,-1.44,965925,-14075,-1.44,965925,965925,1400-7-28,2021-10-20
890,ضپنا1030,اختيارخ رمپنا-11850-1400/10/08,1,6,31200000,7867,5200,5200,-2667,-33.9,5200,-2667,-33.9,5200,5200,1400-7-28,2021-10-20
891,اخزا8124,اسنادخزانه-م12بودجه98-001111,1,3384362,3218369196986,942331,950953,950953,8622,0.91,950953,8622,0.91,950953,950953,1400-7-28,2021-10-20
892,فملي2,ملي‌ صنايع‌ مس‌ ايران‌,1,37000000,500610000000,13820,13530,13530,-290,-2.1,13530,-290,-2.1,13530,13530,1400-7-28,2021-10-20
893,اراد394,مرابحه عام دولت3-ش.خ 0204,1,30000000,28323870000000,1000000,944129,944129,-55871,-5.59,944129,-55871,-5.59,944129,944129,1400-7-28,2021-10-20
894,فخوز2,فولاد  خوزستان,1,17900000,298572000000,16880,16680,16680,-200,-1.18,16680,-200,-1.18,16680,16680,1400-7-28,2021-10-20
895,اراد494,مرابحه عام دولت4-ش.خ 0206,1,10712000,10135383752000,942000,946171,946171,4171,0.44,946171,4171,0.44,946171,946171,1400-7-28,2021-10-20
896,اخزا820,اسنادخزانه-م20بودجه98-020806,1,307,199857000,651000,651000,651000,0,0,651000,0,0,651000,651000,1400-7-28,2021-10-20
897,افاد554,منفعت دولت5-ش.خاص ساير0108,1,2000000,1965710000000,973159,982855,982855,9696,1,982855,9696,1,982855,982855,1400-7-28,2021-10-20
898,اخزا0042,اسنادخزانه-م4بودجه00-030522,1,383811,208409373000,539546,543000,543000,3454,0.64,543000,3454,0.64,543000,543000,1400-7-28,2021-10-20
899,ضگل8078,اختيارخ كگل-22700-1400/08/23,1,2,400000,3200,200,200,-3000,-93.75,200,-3000,-93.75,200,200,1400-7-28,2021-10-20
900,زير0103پ04,زيره سبز0103شركت مينوبذر(پ),1,7,6234802,940310,890686,890686,-49624,-5.28,890686,-49624,-5.28,890686,890686,1400-7-28,2021-10-20
901,سميعا101,سلف موازي استاندارد سميعا101,1,100,121377800,1199200,1213778,1213778,14578,1.22,1213778,14578,1.22,1213778,1213778,1400-7-28,2021-10-20
902,افاد53,منفعت دولت5-ش.خاص كاريزما0108,1,2000,1928000000,955000,964000,964000,9000,0.94,964000,9000,0.94,964000,964000,1400-7-28,2021-10-20
903,ضشنا1049,اختيارخ شپنا-6540-1400/10/19,1,20,32000000,1815,1600,1600,-215,-11.85,1600,-215,-11.85,1600,1600,1400-7-28,2021-10-20
904,سهگمت2,سيمان‌هگمتان‌,1,1500000,33855000000,22570,22570,22570,0,0,22570,0,0,22570,22570,1400-7-28,2021-10-20
905,ضفلا1161,اختيارخ فولاد-8000-1400/11/24,1,10,36000000,3800,3600,3600,-200,-5.26,3600,-200,-5.26,3600,3600,1400-7-28,2021-10-20
906,اراد244,مرابحه عام دولت2-ش.خ ساير0212,1,4000000,3822036000000,1000000,955509,955509,-44491,-4.45,955509,-44491,-4.45,955509,955509,1400-7-28,2021-10-20
907,غمينو2,شركت صنايع غذايي مينو شرق,1,8000000,43656000000,5744,5457,5457,-287,-5,5457,-287,-5,5457,5457,1400-7-28,2021-10-20
908,ضترا1133,اختيارخ شتران-4411-1400/11/10,1,7,19042800,3600,1200,1200,-2400,-66.67,1200,-2400,-66.67,1200,1200,1400-7-28,2021-10-20
909,ضبدر1161,اختيارخ شبندر-4500-1400/11/13,1,1,2700000,1,2700,2700,2699,269900,2700,2699,269900,2700,2700,1400-7-28,2021-10-20
910,اراد364,مرابحه عام دولت3-ش.خ 0104,1,4992800,4855103568800,963550,972421,972421,8871,0.92,972421,8871,0.92,972421,972421,1400-7-28,2021-10-20
911,تملي711,تسهيلات مسكن ب. ملي-بهمن97,1,3,1838400,645000,612800,612800,-32200,-4.99,612800,-32200,-4.99,612800,612800,1400-7-28,2021-10-20
912,شتولي,تولي‌پرس‌,1,250,5157500,21051,20630,20630,-421,-2,21051,0,0,20630,20630,1400-7-28,2021-10-20
913,اخزا8144,اسنادخزانه-م14بودجه98-010318,1,2443502,2170501739050,877046,888275,888275,11229,1.28,888275,11229,1.28,888275,888275,1400-7-28,2021-10-20
914,آوا2,صندوق س.سهام آواي معيار-س,1,800000,800000,8105,1,1,-8104,-99.99,1,-8104,-99.99,1,1,1400-7-28,2021-10-20
915,دامين2,داروسازي‌ امين‌,1,39100000,117339100000,3001,3001,3001,0,0,3001,0,0,3001,3001,1400-7-28,2021-10-20
916,اراد324,مرابحه عام دولت3-ش.خ0211,1,675900,562078440000,1000000,831600,831600,-168400,-16.84,831600,-168400,-16.84,831600,831600,1400-7-28,2021-10-20
917,طسپا8043,اختيارف خساپا-2000-1400/08/26,1,7,1540000,280,220,220,-60,-21.43,220,-60,-21.43,220,220,1400-7-28,2021-10-20
918,طمخا7071,اختيارف اخابر-23700-1400/07/28,1,1,18700000,18978,18700,18700,-278,-1.46,18700,-278,-1.46,18700,18700,1400-7-28,2021-10-20
919,كنور2,توسعه معدني و صنعتي صبانور,1,120000000,2227200000000,18010,18560,18560,550,3.05,18560,550,3.05,18560,18560,1400-7-28,2021-10-20
920,ضترا8061,اختيارخ شتران-5205-1400/08/09,1,100,4534000,1008,20,20,-988,-98.02,20,-988,-98.02,20,20,1400-7-28,2021-10-20
921,ضملت8045,اختيارخ وبملت-5934-1400/08/19,1,1,3000,3,3,3,0,0,3,0,0,3,3,1400-7-28,2021-10-20
922,صايپا203,صكوك مرابحه سايپا203-3ماهه 16%,1,10,9522000,952200,952200,952200,0,0,952200,0,0,952200,952200,1400-7-28,2021-10-20
923,كمند2,صندوق س. با درآمد ثابت كمند,1,234500000,234500000,10066,1,1,-10065,-99.99,1,-10065,-99.99,1,1,1400-7-28,2021-10-20
924,اطلس2,صندوق س.توسعه اندوخته آينده-س,1,10000,10000,258752,1,1,-258751,-100,1,-258751,-100,1,1,1400-7-28,2021-10-20
925,ضترا8059,اختيارخ شتران-3882-1400/08/09,1,1,296977,3000,131,131,-2869,-95.63,131,-2869,-95.63,131,131,1400-7-28,2021-10-20
926,طذوب904,اختيارف ذوب-4500-14000917,1,5,1925000,406,385,385,-21,-5.17,385,-21,-5.17,385,385,1400-7-28,2021-10-20
927,اراد344,مرابحه عام دولت3-ش.خ 0305,1,9793300,8662839794400,1000000,884568,884568,-115432,-11.54,884568,-115432,-11.54,884568,884568,1400-7-28,2021-10-20
928,طمخا7072,اختيارف اخابر-27700-1400/07/28,1,1,21870000,21870,21870,21870,0,0,21870,0,0,21870,21870,1400-7-28,2021-10-20
929,اراد834,مرابحه عام دولت83-ش.خ041220,1,13000000,12043733000000,1000000,926441,926441,-73559,-7.36,926441,-73559,-7.36,926441,926441,1400-7-28,2021-10-20
930,اراد49,مرابحه عام دولت4-ش.خ 0206,1,1500,1455000000,942000,970000,970000,28000,2.97,970000,28000,2.97,970000,970000,1400-7-28,2021-10-20
931,دومينو4,اجاره دومينو14040208,1,100,100000000,957160,1000000,1000000,42840,4.48,1000000,42840,4.48,1000000,1000000,1400-7-28,2021-10-20
932,مبين2,مبين انرژي خليج فارس,1,8201455,202001836650,24790,24630,24630,-160,-0.65,24630,-160,-0.65,24630,24630,1400-7-28,2021-10-20
933,شبصير2,توليدات پتروشيمي قائد بصير,1,7000000,699993000000,103503,99999,99999,-3504,-3.39,99999,-3504,-3.39,99999,99999,1400-7-28,2021-10-20
934,ضصاد1110,اختيارخ وبصادر-1400-1400/11/06,1,1,750000,770,750,750,-20,-2.6,750,-20,-2.6,750,750,1400-7-28,2021-10-20
935,طمخا7068,اختيارف اخابر-15700-1400/07/28,1,2,14600000,7300,7300,7300,0,0,7300,0,0,7300,7300,1400-7-28,2021-10-20
936,ضپنا1031,اختيارخ رمپنا-13850-1400/10/08,1,10,40000000,4327,4000,4000,-327,-7.56,4000,-327,-7.56,4000,4000,1400-7-28,2021-10-20
937,صبا1401,اجاره مهندسي صبا نفت14010225,1,49,49000000,1000000,1000000,1000000,0,0,1000000,0,0,1000000,1000000,1400-7-28,2021-10-20
938,گكيش,توريستي ورفاهي آبادگران كيش,1,265,10599205,41234,39997,39997,-1237,-3,41233,-1,0,39997,39997,1400-7-28,2021-10-20
939,تملي801,تسهيلات مسكن ب. ملي-فروردين98,1,3,1647000,570001,549000,549000,-21001,-3.68,549000,-21001,-3.68,549000,549000,1400-7-28,2021-10-20
940,ضمخا1034,اختيارخ اخابر-6000-1400/10/26,1,5,13500000,2500,2700,2700,200,8,2700,200,8,2700,2700,1400-7-28,2021-10-20
941,اراد214,مرابحه عام دولت2ش.خ صادرات0212,1,28806700,27477040341400,1000000,953842,953842,-46158,-4.62,953842,-46158,-4.62,953842,953842,1400-7-28,2021-10-20
942,هپارس102,اختيارف ت پارس-157010-01/02/05,1,100,100,1,1,1,0,0,1,0,0,1,1,1400-7-28,2021-10-20
943,ضشنا1051,اختيارخ شپنا-8719-1400/10/19,1,10,8000000,350,800,800,450,128.57,800,450,128.57,800,800,1400-7-28,2021-10-20
944,فولاد2,فولاد مباركه اصفهان,1,7000000,74060000000,10770,10580,10580,-190,-1.76,10580,-190,-1.76,10580,10580,1400-7-28,2021-10-20
945,حفارس2,حمل و نقل بين المللي خليج فارس,1,5000000,20000000000,3883,4000,4000,117,3.01,4000,117,3.01,4000,4000,1400-7-28,2021-10-20
946,سايرا,ايرانيت‌,1,250,8771250,35801,35085,35085,-716,-2,35800,-1,0,35085,35085,1400-7-28,2021-10-20
947,اخزا0094,اسناد خزانه-م9بودجه00-031101,1,6210000,3044731950000,488297,490295,490295,1998,0.41,490295,1998,0.41,490295,490295,1400-7-28,2021-10-20
948,اراد784,مرابحه عام دولت78-ش.خ001112,1,5200073,5162528472940,961525,992780,992780,31255,3.25,992780,31255,3.25,992780,992780,1400-7-28,2021-10-20
949,اخزا8152,اسنادخزانه-م15بودجه98-010406,1,889400,776810854000,868873,873410,873410,4537,0.52,873410,4537,0.52,873410,873410,1400-7-28,2021-10-20
950,ضغدر8058,اختيارخ وغدير-10000-1400/08/26,1,20,126000000,800,6300,6300,5500,687.5,6300,5500,687.5,6300,6300,1400-7-28,2021-10-20
951,هاميد104,اختيارف ت ثاميد-2050-01/04/20,1,10000,2940000,271,294,294,23,8.49,294,23,8.49,294,294,1400-7-28,2021-10-20
952,اراد60,مرابحه عام دولتي6-ش.خ0210,1,1500,1419000000,940000,946000,946000,6000,0.64,946000,6000,0.64,946000,946000,1400-7-28,2021-10-20
953,اخزا8164,اسنادخزانه-م16بودجه98-010503,1,1162878,1008329188044,854619,867098,867098,12479,1.46,867098,12479,1.46,867098,867098,1400-7-28,2021-10-20
954,كمند4,صندوق س. با درآمد ثابت كمند,1,25000000,251800000000,10066,10072,10072,6,0.06,10072,6,0.06,10072,10072,1400-7-28,2021-10-20
955,ضشنا8002,اختيارخ شپنا-7800-1400/08/16,1,2,7518000,5500,3759,3759,-1741,-31.65,3759,-1741,-31.65,3759,3759,1400-7-28,2021-10-20
956,پست0008پ09,پسته بادامي30-28مه ولات0008(پ),1,5,9140000,1922900,1828000,1828000,-94900,-4.94,1828000,-94900,-4.94,1828000,1828000,1400-7-28,2021-10-20
957,اراد884,مرابحه عام دولت88-ش.خ041120,1,10600000,9833673000000,1000000,927705,927705,-72295,-7.23,927705,-72295,-7.23,927705,927705,1400-7-28,2021-10-20
958,كگل2,معدني و صنعتي گل گهر,1,2200000,49984000000,22720,22720,22720,0,0,22720,0,0,22720,22720,1400-7-28,2021-10-20
959,اراد434,مرابحه عام دولت4-ش.خ 0205,1,1568000,1497049568000,924710,954751,954751,30041,3.25,954751,30041,3.25,954751,954751,1400-7-28,2021-10-20
