,نماد,نام,تعداد,حجم,ارزش,دیروز,اولین,آخرین معامله - مقدار,آخرین معامله - تغییر,آخرین معامله - درصد,قیمت پایانی - مقدار,قیمت پایانی - تغییر,قیمت پایانی - درصد,کمترین,بیشترین,تاریخ,gregorian_date
0,پالايش,صندوق پالايشي يكم-سهام,51094,67336998,4851795116700,68400,69250,73310,4910,7.18,72050,3650,5.34,69200,74200,1400-10-1,2021-12-22
1,دارا يكم,صندوق واسطه گري مالي يكم-سهام,28210,23403204,2679705075690,109330,110300,116100,6770,6.19,114500,5170,4.73,110000,117880,1400-10-1,2021-12-22
2,خودرو,ايران‌ خودرو,12038,503112829,985874448468,1882,1889,1976,94,4.99,1960,78,4.14,1882,1976,1400-10-1,2021-12-22
3,فولاد,فولاد مباركه اصفهان,9305,114037521,1202956716160,10120,10300,10620,500,4.94,10550,430,4.25,10210,10620,1400-10-1,2021-12-22
4,شتران,پالايش نفت تهران,8456,167574153,692688664481,3976,3980,4174,198,4.98,4134,158,3.97,3980,4174,1400-10-1,2021-12-22
5,خساپا,سايپا,8079,368859721,612188895436,1595,1609,1674,79,4.95,1660,65,4.08,1601,1674,1400-10-1,2021-12-22
6,فرابورس,فرابورس ايران,7509,40320244,761871314955,18116,18116,18990,874,4.82,18896,780,4.31,18116,19021,1400-10-1,2021-12-22
7,كمند,صندوق س. با درآمد ثابت كمند,6671,259019337,2613089210891,10082,10088,10089,7,0.07,10088,6,0.06,10088,10089,1400-10-1,2021-12-22
8,بركت,گروه دارويي بركت,6559,25231376,427736818520,16290,16350,17100,810,4.97,16950,660,4.05,16300,17100,1400-10-1,2021-12-22
9,امين يكم,صندوق درآمد ثابت امين يكم فردا,5819,165494539,1655377877454,10156,10003,10005,-151,-1.49,10003,-153,-1.51,10000,10039,1400-10-1,2021-12-22
10,كالا,بورس كالاي ايران,5453,19432590,633248351160,31140,31250,32690,1550,4.98,32590,1450,4.66,31250,32690,1400-10-1,2021-12-22
11,مديريت,س. و خدمات مديريت صند. ب كشوري,5060,16173507,162051312686,9876,9960,9927,51,0.52,10020,144,1.46,9922,10230,1400-10-1,2021-12-22
12,انرژي3,سايراشخاص بورس انرژي,4982,3077796,303220092940,95470,96990,98750,3280,3.44,98520,3050,3.19,96000,99900,1400-10-1,2021-12-22
13,فملي,ملي‌ صنايع‌ مس‌ ايران‌,4974,47074157,316515947850,6440,6520,6760,320,4.97,6720,280,4.35,6520,6760,1400-10-1,2021-12-22
14,خگستر,گسترش‌سرمايه‌گذاري‌ايران‌خودرو,4689,167792845,378986456262,2162,2165,2270,108,5,2259,97,4.49,2165,2270,1400-10-1,2021-12-22
15,فسبزوار,پارس فولاد سبزوار,4556,3812401,135164709160,34450,34750,35580,1130,3.28,35450,1000,2.9,34690,35580,1400-10-1,2021-12-22
16,فاذر,صنايع‌ آذرآب‌,4546,239789333,228459395532,955,952,957,2,0.21,953,-2,-0.21,927,973,1400-10-1,2021-12-22
17,حسير,ريل سير كوثر,4486,12728369,233105842555,18347,18210,18521,174,0.95,18314,-33,-0.18,17720,18880,1400-10-1,2021-12-22
18,توسن,توسعه سامانه ي نرم افزاري نگين,4391,11695937,227401806429,18691,19300,19625,934,5,19443,752,4.02,18770,19625,1400-10-1,2021-12-22
19,سمگا,گروه سرمايه گذاري ميراث فرهنگي,4379,25764419,285750168620,10765,10900,10989,224,2.08,11091,326,3.03,10763,11303,1400-10-1,2021-12-22
20,خپارس,پارس‌ خودرو,3926,154414199,160231692191,1003,1012,1045,42,4.19,1038,35,3.49,1012,1052,1400-10-1,2021-12-22
21,گدنا,تهيه توزيع غذاي دنا آفرين فدك,3804,2591147,28695804207,10754,11050,11250,496,4.61,11075,321,2.98,10601,11280,1400-10-1,2021-12-22
22,كيان,صندوق س. با درآمد ثابت كيان,3726,42819620,1378416490035,32163,32190,32192,29,0.09,32191,28,0.09,32190,32194,1400-10-1,2021-12-22
23,نوري,پتروشيمي نوري,3680,3558046,403220788470,108660,110000,114090,5430,5,113330,4670,4.3,109800,114090,1400-10-1,2021-12-22
24,وتجارت,بانك تجارت,3672,184255684,357613376123,1858,1882,1950,92,4.95,1941,83,4.47,1882,1950,1400-10-1,2021-12-22
25,اعتماد,صندوق س.اعتماد آفرين پارسيان-د,3580,98659050,4027976337070,40785,40825,40826,41,0.1,40827,42,0.1,40825,40832,1400-10-1,2021-12-22
26,لپارس,پارس‌ الكتريك‌,3552,2766754,268172751580,93160,97810,97810,4650,4.99,96930,3770,4.05,92120,97810,1400-10-1,2021-12-22
27,فجهان,مجتمع جهان فولاد سيرجان,3535,14317456,78618164672,5328,5411,5502,174,3.27,5474,146,2.74,5400,5550,1400-10-1,2021-12-22
28,كرمان,س. توسعه و عمران استان كرمان,3531,168741450,157222264283,890,900,934,44,4.94,932,42,4.72,900,934,1400-10-1,2021-12-22
29,سمايه,بانك سرمايه,3512,39639880,229116007850,5943,5765,5782,-161,-2.71,5780,-163,-2.74,5765,5890,1400-10-1,2021-12-22
30,شگويا,پتروشيمي تندگويان,3410,15092290,179322006619,11571,11699,11890,319,2.76,11882,311,2.69,11571,11980,1400-10-1,2021-12-22
31,خبهمن,گروه‌بهمن‌,3092,148028269,293320959950,1896,1929,1990,94,4.96,1982,86,4.54,1920,1990,1400-10-1,2021-12-22
32,شستا,سرمايه گذاري تامين اجتماعي,3031,31624654,334272592780,10070,10570,10570,500,4.97,10570,500,4.97,10570,10570,1400-10-1,2021-12-22
33,ورازي,بيمه رازي,2994,102568214,149394583461,1492,1448,1476,-16,-1.07,1457,-35,-2.35,1448,1489,1400-10-1,2021-12-22
34,بركتح,ح . گروه دارويي بركت,2984,11615027,153207876990,12490,12500,13500,1010,8.09,13190,700,5.6,12500,13520,1400-10-1,2021-12-22
35,ضخود1052,اختيارخ خودرو-2000-1400/10/08,2912,133794,7267509000,40,36,67,27,67.5,54,14,35,36,70,1400-10-1,2021-12-22
36,سرو,صندوق س سروسودمند مدبران-سهام,2854,5612191,395872871750,67400,68110,70920,3520,5.22,70540,3140,4.66,68110,71420,1400-10-1,2021-12-22
37,وسديد,گروه ‌صنعتي‌سديد,2823,53821284,56139284342,1038,1055,1045,7,0.67,1043,5,0.48,1021,1063,1400-10-1,2021-12-22
38,سدبير,س. تدبيرگران فارس وخوزستان,2800,4665899,219448260018,48393,45974,45974,-2419,-5,47032,-1361,-2.81,45974,49140,1400-10-1,2021-12-22
39,وغدير,سرمايه‌گذاري‌غدير(هلدينگ‌,2775,32762837,500839119270,14620,14600,15350,730,4.99,15290,670,4.58,14600,15350,1400-10-1,2021-12-22
40,شپنا,پالايش نفت اصفهان,2766,60613287,358541914080,5640,5880,5920,280,4.96,5920,280,4.96,5790,5920,1400-10-1,2021-12-22
41,وبملت,بانك ملت,2713,78717606,242868020679,2955,3038,3102,147,4.97,3085,130,4.4,3011,3102,1400-10-1,2021-12-22
42,صبا,سرمايه گذاري صبا تامين,2706,21793367,136534262498,5989,6099,6288,299,4.99,6265,276,4.61,6097,6288,1400-10-1,2021-12-22
43,سحرخيز,صندوق س. گروه زعفران سحرخيز,2657,5284403,97879494757,18320,18333,18350,30,0.16,18522,202,1.1,18100,18708,1400-10-1,2021-12-22
44,آريا,پليمر آريا ساسول,2627,1094216,120134802485,105227,106820,110488,5261,5,109791,4564,4.34,106600,110488,1400-10-1,2021-12-22
45,لكما,كارخانجات‌مخابراتي‌ايران‌,2605,77492080,72375014117,942,961,947,5,0.53,934,-8,-0.85,914,961,1400-10-1,2021-12-22
46,غصينو,صنعتي مينو,2548,6387463,124313152103,19202,19150,19203,1,0.01,19462,260,1.35,18786,19960,1400-10-1,2021-12-22
47,پارند,صندوق س. پارند پايدار سپهر,2543,105945310,1069080922137,10084,10091,10091,7,0.07,10091,7,0.07,10090,10100,1400-10-1,2021-12-22
48,كيمياتك,آريان كيميا تك,2543,1015250,24901498690,23940,23650,24610,670,2.8,24530,590,2.46,23650,24790,1400-10-1,2021-12-22
49,غكورش,صنعت غذايي كورش,2529,2350031,120202770140,49540,51400,50860,1320,2.66,51150,1610,3.25,49550,51890,1400-10-1,2021-12-22
50,وهامون,سرمايه گذاري هامون صبا,2516,8943418,25854575166,2786,2815,2925,139,4.99,2891,105,3.77,2815,2925,1400-10-1,2021-12-22
51,بپاس,بيمه پاسارگاد,2506,4510038,181513406295,42107,41990,40002,-2105,-5,40247,-1860,-4.42,40002,41990,1400-10-1,2021-12-22
52,افران,صندوق س افرا نماد پايدار-ثابت,2492,75965888,1143188950536,15041,15048,15049,8,0.05,15049,8,0.05,15048,15051,1400-10-1,2021-12-22
53,بورس,بورس اوراق بهادار تهران,2307,39072527,450819581050,11010,11100,11560,550,5,11540,530,4.81,11100,11560,1400-10-1,2021-12-22
54,سپيدار,سپيدار سيستم آسيا,2306,1482814,30761786890,20728,20200,20530,-198,-0.96,20746,18,0.09,20131,21349,1400-10-1,2021-12-22
55,شپديس,پتروشيمي پرديس,2289,2440245,484470056480,190160,191200,199660,9500,5,198530,8370,4.4,190250,199660,1400-10-1,2021-12-22
56,آگاس,صندوق س.هستي بخش آگاه-س,2173,2921823,233512663061,75881,77000,80233,4352,5.74,79920,4039,5.32,77000,80300,1400-10-1,2021-12-22
57,كتوكا,توليدي و خدمات صنايع نسوز توكا,2126,10649000,107954809200,10106,10000,10301,195,1.93,10138,32,0.32,9951,10411,1400-10-1,2021-12-22
58,اميد,تامين سرمايه اميد,2080,18097008,159076654180,8920,8930,8840,-80,-0.9,8790,-130,-1.46,8480,9050,1400-10-1,2021-12-22
59,ثبهساز,بهساز كاشانه تهران,2075,19470768,30733803983,1511,1552,1586,75,4.96,1578,67,4.43,1522,1586,1400-10-1,2021-12-22
60,اطلس,صندوق س.توسعه اندوخته آينده-س,2075,1658939,406156150971,239306,242001,245000,5694,2.38,244829,5523,2.31,240999,245600,1400-10-1,2021-12-22
61,غزر,صنعتي زر ماكارون,1993,3442954,33985951410,9560,9950,9940,380,3.97,9870,310,3.24,9480,10000,1400-10-1,2021-12-22
62,بوعلي,پتروشيمي بوعلي سينا,1978,1014597,73962949280,69530,70990,73000,3470,4.99,71970,2440,3.51,70200,73000,1400-10-1,2021-12-22
63,هاي وب,داده گسترعصرنوين-هاي وب,1949,18945055,160658010900,8220,8250,8440,220,2.68,8480,260,3.16,8250,8600,1400-10-1,2021-12-22
64,ومدير,گ.مديريت ارزش سرمايه ص ب كشوري,1917,10901230,51174464999,4538,4560,4740,202,4.45,4694,156,3.44,4560,4753,1400-10-1,2021-12-22
65,زاگرس,پتروشيمي زاگرس,1910,703935,160895071167,220479,220700,229450,8971,4.07,228565,8086,3.67,220700,231502,1400-10-1,2021-12-22
66,وسپهر,سرمايه گذاري مالي سپهرصادرات,1861,3658316,26300274600,7056,7062,7169,113,1.6,7097,41,0.58,7061,7297,1400-10-1,2021-12-22
67,قثابت,قند ثابت‌ خراسان‌,1855,50090845,87664280483,1681,1749,1740,59,3.51,1750,69,4.1,1702,1765,1400-10-1,2021-12-22
68,رافزا,رايان هم افزا,1852,712100,46494057263,62546,64500,64500,1954,3.12,65291,2745,4.39,62575,65673,1400-10-1,2021-12-22
69,تملتح,ح . تامين سرمايه بانك ملت,1835,17259581,21500904895,1145,1182,1257,112,9.78,1246,101,8.82,1157,1259,1400-10-1,2021-12-22
70,شفن,پتروشيمي فناوران,1778,4342840,59533899120,13310,13600,13720,410,3.08,13510,200,1.5,13300,13890,1400-10-1,2021-12-22
71,ثاميد,توسعه و عمران اميد,1777,13220823,20429031032,1504,1515,1556,52,3.46,1543,39,2.59,1514,1559,1400-10-1,2021-12-22
72,امين,تامين سرمايه امين,1761,1137055,13987538070,12270,12300,12290,20,0.16,12280,10,0.08,12280,12350,1400-10-1,2021-12-22
73,خمهرح,ح . مهركام‌پارس‌,1705,29740558,18667955382,598,616,634,36,6.02,628,30,5.02,604,640,1400-10-1,2021-12-22
74,نهال,صندوق س. طلاي سرخ نوويرا,1668,3296533,64802068281,18993,19150,19308,315,1.66,19658,665,3.5,19010,19950,1400-10-1,2021-12-22
75,هماي,صندوق س هماي آگاه-ثابت,1667,20438861,204648294876,10159,10012,10013,-146,-1.44,10013,-146,-1.44,10010,10013,1400-10-1,2021-12-22
76,قتربت,قند تربت حيدريه,1659,274170,14467768472,53356,53356,51757,-1599,-3,52769,-587,-1.1,51756,54889,1400-10-1,2021-12-22
77,ثنور,سرمايه گذاري كوه نور,1643,10056984,73577059269,7409,7220,7187,-222,-3,7316,-93,-1.26,7187,7555,1400-10-1,2021-12-22
78,ثشاهد,سرمايه‌ گذاري‌ شاهد,1630,52405412,525543554710,9560,9980,10030,470,4.92,10030,470,4.92,9720,10030,1400-10-1,2021-12-22
79,شاروم,پتروشيمي اروميه,1626,987243,13761601160,13306,13930,13971,665,5,13818,512,3.85,13601,13971,1400-10-1,2021-12-22
80,بپيوند,برق و انرژي پيوندگستر پارس,1620,1458114,14037405886,9198,9485,9657,459,4.99,9574,376,4.09,9303,9657,1400-10-1,2021-12-22
81,طلا,صندوق س.پشتوانه طلاي لوتوس,1602,2248407,206941950543,92194,93000,91300,-894,-0.97,92039,-155,-0.17,91201,93000,1400-10-1,2021-12-22
82,تاپيكو,س. نفت و گاز و پتروشيمي تأمين,1591,13828048,206029905080,14330,14500,15040,710,4.95,14900,570,3.98,14500,15040,1400-10-1,2021-12-22
83,چخزر,صنايع چوب خزر كاسپين,1578,416055,11216411181,25974,26557,27140,1166,4.49,26635,661,2.54,26204,27265,1400-10-1,2021-12-22
84,آپ,آسان پرداخت پرشين,1562,7129456,73217155620,10090,10170,10270,180,1.78,10270,180,1.78,10130,10530,1400-10-1,2021-12-22
85,لطيف,محصولات كاغذي لطيف,1554,498977,19070444729,37071,37490,38924,1853,5,38219,1148,3.1,37001,38924,1400-10-1,2021-12-22
86,سغدير,توسعه سرمايه و صنعت غدير,1537,3763346,58254605887,14979,15242,15468,489,3.26,15479,500,3.34,15230,15727,1400-10-1,2021-12-22
87,سپيد,سپيد ماكيان,1502,3403543,210407028260,58880,61820,61820,2940,4.99,61820,2940,4.99,61820,61820,1400-10-1,2021-12-22
88,ولكار,ليزينگ كارآفرين,1497,1422227,5855645734,3932,3900,4105,173,4.4,4002,70,1.78,3900,4128,1400-10-1,2021-12-22
89,وكبهمن,مديريت سرمايه گذاري كوثربهمن,1494,849249,8113780902,9116,9439,9571,455,4.99,9339,223,2.45,9324,9571,1400-10-1,2021-12-22
90,خودكفا,اقتصادي و خودكفايي آزادگان,1473,10373118,75524482138,7145,7028,7359,214,3,7281,136,1.9,7028,7359,1400-10-1,2021-12-22
91,سيتا,سرمايه گذاري سيمان تامين,1448,2229246,20424285500,8820,9100,9250,430,4.88,8990,170,1.93,9050,9260,1400-10-1,2021-12-22
92,بترانس,ايران‌ ترانسفو,1438,37182274,76258172703,1958,2000,2055,97,4.95,2051,93,4.75,2000,2055,1400-10-1,2021-12-22
93,كمرجان,بازرگاني و توليدي مرجان كار,1399,12493661,69708793216,5368,5260,5636,268,4.99,5580,212,3.95,5220,5636,1400-10-1,2021-12-22
94,شكام,صنايع شيميايي كيمياگران امروز,1396,5154262,151120936550,29664,29050,29880,216,0.73,29320,-344,-1.16,28181,30400,1400-10-1,2021-12-22
95,آبادا,توليد نيروي برق آبادان,1372,1137949,11151940480,9370,9680,9830,460,4.91,9660,290,3.09,9460,9830,1400-10-1,2021-12-22
96,ونوين,بانك‌اقتصادنوين‌,1356,31405635,104091887342,3180,3210,3338,158,4.97,3314,134,4.21,3210,3339,1400-10-1,2021-12-22
97,كزغال,زغال سنگ پروده طبس,1350,1408701,44064076117,29816,31075,31306,1490,5,31280,1464,4.91,30500,31306,1400-10-1,2021-12-22
98,كماسه,تامين‌ ماسه‌ ريخته‌گري‌,1337,22730577,76157740564,3217,3349,3377,160,4.97,3350,133,4.13,3261,3377,1400-10-1,2021-12-22
99,غاذر,كشت‌وصنعت‌پياذر,1336,3261883,117552610940,34690,36420,35260,570,1.64,36040,1350,3.89,35150,36420,1400-10-1,2021-12-22
100,فتوسا,توليد و توسعه سرب روي ايرانيان,1333,773943,8197275792,10167,10010,10516,349,3.43,10379,212,2.09,10010,10675,1400-10-1,2021-12-22
101,وليز,ليزينگ‌ايران‌,1325,18829822,38408974573,2026,2072,2020,-6,-0.3,2040,14,0.69,2000,2088,1400-10-1,2021-12-22
102,پارس,پتروشيمي پارس,1289,645282,119622628980,179020,182180,186020,7000,3.91,185380,6360,3.55,181810,187000,1400-10-1,2021-12-22
103,پيزد,مجتمع صنايع لاستيك يزد,1280,511187,27039971654,51157,50480,53714,2557,5,52896,1739,3.4,50480,53714,1400-10-1,2021-12-22
104,چكاپا,گروه صنايع كاغذ پارس,1278,18279600,56636761980,2963,3001,3110,147,4.96,3098,135,4.56,3001,3111,1400-10-1,2021-12-22
105,ولپارس,ليزينگ پارسيان,1273,6204312,17663174189,2719,2800,2854,135,4.97,2847,128,4.71,2732,2854,1400-10-1,2021-12-22
106,تابا,تابان نيرو سپاهان,1266,2711075,57890422602,21983,21324,21324,-659,-3,21353,-630,-2.87,21324,21890,1400-10-1,2021-12-22
107,شاراك,پتروشيمي شازند,1238,5315792,235755601750,42430,42430,44550,2120,5,44350,1920,4.53,42430,44550,1400-10-1,2021-12-22
108,پترول,گ.س.وت.ص.پتروشيمي خليج فارس,1232,41291524,101661963722,2347,2460,2464,117,4.99,2462,115,4.9,2445,2464,1400-10-1,2021-12-22
109,بگيلان,توسعه مسير برق گيلان,1212,386395,5477632467,13677,14080,14213,536,3.92,13789,112,0.82,13677,14294,1400-10-1,2021-12-22
110,حكشتي,كشتيراني جمهوري اسلامي ايران,1192,9182241,124381568800,12930,13400,13570,640,4.95,13550,620,4.8,13170,13570,1400-10-1,2021-12-22
111,شغدير,پتروشيمي غدير,1180,2595973,242184221720,89190,89210,93640,4450,4.99,93290,4100,4.6,89210,93640,1400-10-1,2021-12-22
112,فگستر,گسترش صنايع روي ايرانيان,1173,826946,7660229676,8938,8857,9304,366,4.09,9098,160,1.79,8853,9365,1400-10-1,2021-12-22
113,وكار,بانك‌ كارآفرين‌,1173,28335602,76390134997,2685,2710,2681,-4,-0.15,2696,11,0.41,2650,2727,1400-10-1,2021-12-22
114,كچاد,معدني‌وصنعتي‌چادرملو,1172,3791720,109614643950,28020,28880,29290,1270,4.53,28790,770,2.75,28470,29290,1400-10-1,2021-12-22
115,وگردش,بانك گردشگري,1165,13869709,148547414078,10691,10760,10520,-171,-1.6,10710,19,0.18,10472,10970,1400-10-1,2021-12-22
116,ولملتح,ح . واسپاري ملت,1160,5641947,9298896410,1531,1579,1684,153,9.99,1648,117,7.64,1542,1684,1400-10-1,2021-12-22
117,فخوز,فولاد  خوزستان,1143,16570210,109220338200,6290,6480,6600,310,4.93,6550,260,4.13,6470,6600,1400-10-1,2021-12-22
118,شصدف,صنعتي دوده فام,1137,1887015,62126446883,31447,31950,33019,1572,5,32923,1476,4.69,31950,33019,1400-10-1,2021-12-22
119,شجم,صنايع پتروشيمي تخت جمشيد,1126,4864201,61898282942,12602,12710,12890,288,2.29,12725,123,0.98,12100,13000,1400-10-1,2021-12-22
120,فارس,صنايع پتروشيمي خليج فارس,1122,22975032,243340976190,10100,10330,10600,500,4.95,10590,490,4.85,10320,10600,1400-10-1,2021-12-22
121,غمارگ,مارگارين‌,1113,19981825,52976050307,2541,2521,2668,127,5,2651,110,4.33,2521,2668,1400-10-1,2021-12-22
122,شپاكسا,پاكسان‌,1101,4723647,103547229770,21760,21300,22150,390,1.79,21920,160,0.74,21300,22400,1400-10-1,2021-12-22
123,كهمدا,شيشه‌ همدان‌,1095,20259967,206509003840,9850,10200,10260,410,4.16,10190,340,3.45,9900,10340,1400-10-1,2021-12-22
124,وبصادر,بانك صادرات ايران,1085,66158599,119482429794,1720,1806,1806,86,5,1801,81,4.71,1806,1806,1400-10-1,2021-12-22
125,شفنح,ح . پتروشيمي فناوران,1080,5354565,52821685360,9430,9580,9860,430,4.56,9860,430,4.56,9540,10070,1400-10-1,2021-12-22
126,فاراك,ماشين‌ سازي‌ اراك‌,1055,44967648,68614032525,1457,1480,1529,72,4.94,1526,69,4.74,1476,1529,1400-10-1,2021-12-22
127,وپويا,سرمايه گذاري پويا,1051,5739046,19714345010,3282,3371,3446,164,5,3435,153,4.66,3361,3446,1400-10-1,2021-12-22
128,غبهنوش,بهنوش‌ ايران‌,1040,1746114,122440856270,67070,69900,70400,3330,4.96,70120,3050,4.55,67160,70420,1400-10-1,2021-12-22
129,اپرداز,آتيه داده پرداز,1040,2786300,58619590317,20929,20470,21450,521,2.49,21039,110,0.53,20470,21580,1400-10-1,2021-12-22
130,غگيلا,شيرپاستوريزه پگاه گيلان,1032,1530717,21103971987,13190,13300,13849,659,5,13787,597,4.53,13300,13849,1400-10-1,2021-12-22
131,كوير,توليدي فولاد سپيد فراب كوير,999,7422781,40902179660,5400,5340,5530,130,2.41,5480,80,1.48,5340,5600,1400-10-1,2021-12-22
132,تسه0007,امتيازتسهيلات مسكن مهر1400,998,77541,67599843629,917598,872222,871719,-45879,-5,871795,-45803,-4.99,871719,888700,1400-10-1,2021-12-22
133,قچار,فراوردههاي غذايي وقند چهارمحال,992,5448562,44591689148,8197,8228,8201,4,0.05,8184,-13,-0.16,7900,8340,1400-10-1,2021-12-22
134,ورنا,سرمايه‌گذاري‌ رنا(هلدينگ‌,988,12386479,38083117706,2981,3000,3124,143,4.8,3075,94,3.15,2923,3130,1400-10-1,2021-12-22
135,بجهرم,توسعه مولد نيروگاهي جهرم,979,18309002,35201109866,1841,1860,1933,92,5,1923,82,4.45,1860,1933,1400-10-1,2021-12-22
136,تسه0008,امتيازتسهيلات مسكن آبان1400,978,77597,67841175349,919761,930000,873773,-45988,-5,874276,-45485,-4.95,873773,930000,1400-10-1,2021-12-22
137,ثاباد,توريستي ورفاهي آبادگران ايران,974,2425858,95107453990,39620,37640,39690,70,0.18,39210,-410,-1.03,37640,41000,1400-10-1,2021-12-22
138,پارسان,گسترش نفت و گاز پارسيان,964,6378791,213247019350,32030,32580,33630,1600,5,33430,1400,4.37,31700,33630,1400-10-1,2021-12-22
139,وپارس,بانك‌پارسيان‌,932,33741749,65830345458,1869,1908,1962,93,4.98,1913,44,2.35,1869,1962,1400-10-1,2021-12-22
140,قشرين,قند شيرين خراسان,932,6266187,41169490160,6687,6487,6600,-87,-1.3,6570,-117,-1.75,6487,6867,1400-10-1,2021-12-22
141,تپكو,توليدتجهيزات‌سنگين‌هپكو,924,35077762,110986038968,3072,3164,3164,92,2.99,3164,92,2.99,3164,3164,1400-10-1,2021-12-22
142,غگل,گلوكوزان‌,920,25576240,76312125968,2843,2985,2985,142,4.99,2984,141,4.96,2913,2985,1400-10-1,2021-12-22
143,شبريز,پالايش نفت تبريز,908,3717244,120594754640,30910,31770,32450,1540,4.98,32440,1530,4.95,31770,32450,1400-10-1,2021-12-22
144,ماديرا,صنايع ماديران,903,8625971,46516429579,5246,5300,5398,152,2.9,5393,147,2.8,5299,5449,1400-10-1,2021-12-22
145,ومهان,گروه توسعه مالي مهر آيندگان,902,24913530,110495921532,4257,4270,4469,212,4.98,4435,178,4.18,4270,4469,1400-10-1,2021-12-22
146,خموتور,موتورسازان‌تراكتورسازي‌ايران‌,901,6317355,35204440410,5490,5540,5570,80,1.46,5570,80,1.46,5400,5690,1400-10-1,2021-12-22
147,وسكرد,شركت س استان كردستان,897,65722912,29671545749,433,431,454,21,4.85,451,18,4.16,431,454,1400-10-1,2021-12-22
148,خزر,فنرسازي‌زر,896,5824443,53914226370,8920,8740,9360,440,4.93,9260,340,3.81,8740,9360,1400-10-1,2021-12-22
149,جم پيلن,پلي پروپيلن جم - جم پيلن,894,1084631,133450678630,121630,124100,122700,1070,0.88,123040,1410,1.16,121930,125590,1400-10-1,2021-12-22
150,ديران,ايران‌دارو,890,5358197,90240307090,16050,16680,16850,800,4.98,16840,790,4.92,16350,16850,1400-10-1,2021-12-22
151,وبانك,سرمايه گذاري گروه توسعه ملي,889,9587737,81956115830,8310,8350,8680,370,4.45,8520,210,2.53,8310,8680,1400-10-1,2021-12-22
152,ثفارس,عمران‌وتوسعه‌فارس‌,889,6226625,46615246910,7230,7270,7590,360,4.98,7490,260,3.6,7250,7590,1400-10-1,2021-12-22
153,گكوثر,هتل پارسيان كوثر اصفهان,864,34068751,55879106058,1564,1590,1642,78,4.99,1640,76,4.86,1590,1642,1400-10-1,2021-12-22
154,شبهرن,نفت‌ بهران‌,863,5030146,56088750230,10770,10800,11300,530,4.92,11150,380,3.53,10800,11300,1400-10-1,2021-12-22
155,اپال,فرآوري معدني اپال كاني پارس,860,816036,18647351100,22740,22900,22780,40,0.18,22760,20,0.09,22730,23000,1400-10-1,2021-12-22
156,وايرا,سرمايه گذاري صنايع ايران,858,12149505,54063959645,4552,4416,4528,-24,-0.53,4450,-102,-2.24,4416,4599,1400-10-1,2021-12-22
157,الماس,صندوق س.امين تدبيرگران فردا-س,858,355059,37849630273,106663,110999,104470,-2193,-2.06,106601,-62,-0.06,104040,111799,1400-10-1,2021-12-22
158,ملت,بيمه ملت,857,37731714,44420862030,1142,1145,1177,35,3.06,1177,35,3.06,1141,1190,1400-10-1,2021-12-22
159,خنصير,مهندسي‌نصيرماشين‌,851,5550827,84941046910,14590,15200,15310,720,4.93,15300,710,4.87,15000,15310,1400-10-1,2021-12-22
160,وساغربي,شركت س استان آذربايجان غربي,847,59398335,26190668286,423,420,444,21,4.96,440,17,4.02,420,444,1400-10-1,2021-12-22
161,ثاخت,بين‌المللي‌توسعه‌ساختمان,843,22909532,42020569871,1753,1760,1840,87,4.96,1834,81,4.62,1760,1840,1400-10-1,2021-12-22
162,بزاگرس,نيروگاه زاگرس كوثر,838,14053071,49332038054,3408,3457,3578,170,4.99,3510,102,2.99,3340,3578,1400-10-1,2021-12-22
163,رانفور,خدمات‌انفورماتيك‌,826,16501791,54716747124,3242,3287,3348,106,3.27,3316,74,2.28,3225,3387,1400-10-1,2021-12-22
164,ياقوت,صندوق س ياقوت آگاه-ثابت,821,14379836,198807314260,13819,13845,13825,6,0.04,13825,6,0.04,13825,13847,1400-10-1,2021-12-22
165,خزاميا,زامياد,815,7948455,58218205580,7020,7100,7370,350,4.99,7320,300,4.27,7080,7370,1400-10-1,2021-12-22
166,تسه9810,امتياز تسهيلات مسكن دي98,813,18663,15744135766,872948,829301,865000,-7948,-0.91,843602,-29346,-3.36,829301,872940,1400-10-1,2021-12-22
167,سلار,شركت سيمان لارستان,812,1724536,45170502956,27482,26108,26200,-1282,-4.66,26193,-1289,-4.69,26108,27898,1400-10-1,2021-12-22
168,شسپا,نفت سپاهان,811,20646961,70697967873,3278,3368,3441,163,4.97,3413,135,4.12,3368,3441,1400-10-1,2021-12-22
169,خرينگ,رينگ‌سازي‌مشهد,807,3142632,86078268660,26290,27500,27600,1310,4.98,27390,1100,4.18,26600,27600,1400-10-1,2021-12-22
170,كرازي,كارخانجات‌توليدي‌شيشه‌رازي‌,789,33107144,40501616674,1169,1175,1227,58,4.96,1223,54,4.62,1174,1227,1400-10-1,2021-12-22
171,فروي,ذوب روي اصفهان,778,1425294,25190926371,16874,17450,17717,843,5,17674,800,4.74,17178,17717,1400-10-1,2021-12-22
172,كفراح,ح . فراورده‌ هاي‌ نسوزايران‌,776,4323754,25755687570,58000,6000,5910,-52090,-89.81,5960,-52040,-89.72,5820,6250,1400-10-1,2021-12-22
173,شكلر,نيروكلر,776,1589835,67098565890,41940,42100,41750,-190,-0.45,42200,260,0.62,40150,43950,1400-10-1,2021-12-22
174,دسانكو,داروسازي سبحان انكولوژي,774,4172718,57299010096,13158,13506,13815,657,4.99,13732,574,4.36,13300,13815,1400-10-1,2021-12-22
175,وپاسار,بانك  پاسارگاد,766,10318899,141130930190,13100,13100,13690,590,4.5,13680,580,4.43,13100,13750,1400-10-1,2021-12-22
176,ختوقا,قطعات‌ اتومبيل‌ ايران‌,765,20833166,51353274355,2351,2460,2468,117,4.98,2465,114,4.85,2381,2468,1400-10-1,2021-12-22
177,ارزش,صندوق س ارزش آفرين بيدار-سهام,751,5630620,53438365420,9060,9220,9690,630,6.95,9490,430,4.75,9170,9720,1400-10-1,2021-12-22
178,كرماشا,صنايع پتروشيمي كرمانشاه,739,2010234,111031395380,52870,52970,55510,2640,4.99,55230,2360,4.46,52970,55510,1400-10-1,2021-12-22
179,پاكشو,گروه صنعتي پاكشو,739,18727685,117267440080,6030,6030,6250,220,3.65,6260,230,3.81,6020,6330,1400-10-1,2021-12-22
180,فاسمين,كالسيمين‌,737,5595918,96133143490,16410,16600,17230,820,5,17180,770,4.69,16290,17230,1400-10-1,2021-12-22
181,كگل,معدني و صنعتي گل گهر,737,3301836,72432439340,21040,21220,22090,1050,4.99,21550,510,2.42,21170,22090,1400-10-1,2021-12-22
182,وصنعت,سرمايه گذاري توسعه صنعت وتجارت,729,8504860,60569241590,6810,6900,7090,280,4.11,7120,310,4.55,6860,7150,1400-10-1,2021-12-22
183,هرمز,فولاد هرمزگان جنوب,723,3526450,54043719252,14615,15026,15345,730,4.99,14921,306,2.09,15000,15345,1400-10-1,2021-12-22
184,ومعادن,توسعه‌معادن‌وفلزات‌,712,11266085,108155524160,9160,9390,9610,450,4.91,9530,370,4.04,9390,9610,1400-10-1,2021-12-22
185,كپارس,كاشي‌ پارس‌,711,4717567,32520330700,6770,7050,6860,90,1.33,6890,120,1.77,6520,7090,1400-10-1,2021-12-22
186,مدير,ص.س.مديريت ثروت ص.بازنشستگي-س,708,3609926,35496103980,9395,9500,9955,560,5.96,9833,438,4.66,9500,9970,1400-10-1,2021-12-22
187,ثتران,سرمايه گذاري مسكن تهران,705,8822863,29431816389,3213,3319,3373,160,4.98,3336,123,3.83,3220,3373,1400-10-1,2021-12-22
188,خراسان,پتروشيمي خراسان,704,740825,84712248910,110040,110430,115540,5500,5,114350,4310,3.92,110430,115540,1400-10-1,2021-12-22
189,تاصيكو,سرمايه گذاري صدرتامين,703,8951147,79796369160,8520,8780,8940,420,4.93,8800,280,3.29,8700,8940,1400-10-1,2021-12-22
190,آوا,صندوق س.سهام آواي معيار-س,701,2520595,19670584041,7366,7499,7925,559,7.59,7804,438,5.95,7499,7970,1400-10-1,2021-12-22
191,سفارس,سيمان فارس و خوزستان,700,6343984,101843214940,15410,15600,16180,770,5,16050,640,4.15,15500,16180,1400-10-1,2021-12-22
192,همراه,شركت ارتباطات سيار ايران,694,5236151,44020119080,8070,8250,8470,400,4.96,8190,120,1.49,8200,8470,1400-10-1,2021-12-22
193,سنير,سيمان‌ سفيد ني‌ريز,688,1146295,31712101080,26490,27000,27810,1320,4.98,27660,1170,4.42,26500,27810,1400-10-1,2021-12-22
194,وخارزم,سرمايه گذاري خوارزمي,678,16722573,74532507861,4245,4457,4457,212,4.99,4457,212,4.99,4457,4457,1400-10-1,2021-12-22
195,تيپيكو,سرمايه گذاري دارويي تامين,676,3524724,64954200770,18120,18720,18450,330,1.82,18370,250,1.38,18270,18720,1400-10-1,2021-12-22
196,تاپكيش,تجارت الكترونيك پارسيان كيش,676,2247752,37399982977,15916,16270,16711,795,4.99,16639,723,4.54,16143,16711,1400-10-1,2021-12-22
197,شگل,گلتاش‌,666,3115061,20065153850,6350,6440,6430,80,1.26,6440,90,1.42,6270,6550,1400-10-1,2021-12-22
198,البرز,بيمه البرز,660,25502112,47071506814,1763,1800,1851,88,4.99,1846,83,4.71,1776,1851,1400-10-1,2021-12-22
199,قرن,پديده شيمي قرن,659,999666,21989552500,21240,21850,22290,1050,4.94,22000,760,3.58,21300,22300,1400-10-1,2021-12-22
200,وپسا,س. پتروشيمي ساختمان  خليج فارس,654,16689594,25462610939,1533,1501,1540,7,0.46,1526,-7,-0.46,1488,1554,1400-10-1,2021-12-22
201,كفپارس,فرآورده‌هاي‌ نسوز پارس‌,651,10271173,30178309153,2802,2890,2942,140,5,2938,136,4.85,2890,2942,1400-10-1,2021-12-22
202,وساپا,سرمايه‌گذاري‌ سايپا,649,9317813,38674275360,3983,3951,4182,199,5,4151,168,4.22,3951,4182,1400-10-1,2021-12-22
203,خاهنح,ح . آهنگري تراكتورسازي‌ ايران‌,649,8136062,22091121434,2674,2610,2712,38,1.42,2715,41,1.53,2610,2769,1400-10-1,2021-12-22
204,ولقمان,سرمايه گذاري لقمان,645,3100840,8450639367,2800,2716,2716,-84,-3,2733,-67,-2.39,2716,2800,1400-10-1,2021-12-22
205,وخاور,بانك خاورميانه,645,7012986,35451602629,4993,4995,5050,57,1.14,5037,44,0.88,4995,5099,1400-10-1,2021-12-22
206,ولساپا,ليزينگ رايان‌ سايپا,639,18288421,28005291667,1464,1499,1537,73,4.99,1531,67,4.58,1470,1537,1400-10-1,2021-12-22
207,تملت,تامين سرمايه بانك ملت,639,4272693,10637882159,2401,2470,2496,95,3.96,2460,59,2.46,2440,2515,1400-10-1,2021-12-22
208,وايران,ليزينگ ايرانيان,635,8053781,23605392149,2828,2740,2962,134,4.74,2931,103,3.64,2740,2969,1400-10-1,2021-12-22
209,فسا,پتروشيمي فسا,635,13037768,12602797574,971,988,949,-22,-2.27,967,-4,-0.41,945,990,1400-10-1,2021-12-22
210,دماوند,توليد نيروي برق دماوند,635,1208183,24024680542,19644,19850,19950,306,1.56,19776,132,0.67,19472,20249,1400-10-1,2021-12-22
211,حريل,ريل پردازسير,632,9450937,22444580831,2287,2380,2401,114,4.98,2375,88,3.85,2300,2401,1400-10-1,2021-12-22
212,سكارون,سيمان كارون,630,779233,32090995744,42374,41103,41103,-1271,-3,41183,-1191,-2.81,41103,41799,1400-10-1,2021-12-22
213,خمحور,توليدمحورخودرو,626,16611112,57279039989,3340,3390,3350,10,0.3,3448,108,3.23,3211,3507,1400-10-1,2021-12-22
214,ثبات,صندوق س. ثبات ويستا -د,625,29079408,308642813956,10608,10612,10614,6,0.06,10614,6,0.06,10612,10615,1400-10-1,2021-12-22
215,وسكرمان,س.سهام عدالت استان كرمان,625,51825073,23305398500,431,429,452,21,4.87,445,14,3.25,429,452,1400-10-1,2021-12-22
216,شپترو,پتروشيمي آبادان,624,11063747,31690031650,2795,2760,2878,83,2.97,2864,69,2.47,2733,2878,1400-10-1,2021-12-22
217,اتكاي,بيمه اتكايي ايرانيان,624,3963031,39248295799,9950,9742,9453,-497,-4.99,9904,-46,-0.46,9453,10129,1400-10-1,2021-12-22
218,وفتخار,سرمايه گذاري افتخار سهام,622,3204972,5979927484,1905,1851,1848,-57,-2.99,1869,-36,-1.89,1848,1925,1400-10-1,2021-12-22
219,فزرين,زرين معدن آسيا,617,2488246,30396758174,11887,11671,12290,403,3.39,12216,329,2.77,11671,12450,1400-10-1,2021-12-22
220,شفا,سرمايه گذاري شفادارو,607,2367555,33338753390,13650,13510,14310,660,4.84,14080,430,3.15,13350,14330,1400-10-1,2021-12-22
221,ومعلم,بيمه معلم,607,9156850,17717511017,1867,1890,1960,93,4.98,1935,68,3.64,1880,1960,1400-10-1,2021-12-22
222,لخانه,لوازم‌ خانگي‌ پارس‌,607,1057930,16946323274,16586,15757,15757,-829,-5,16018,-568,-3.42,15757,16897,1400-10-1,2021-12-22
223,كاما,باما,605,12958732,87553723040,6460,6700,6780,320,4.95,6760,300,4.64,6680,6780,1400-10-1,2021-12-22
224,كخاكح,ح . صنايع‌خاك‌چيني‌ايران‌,600,1970118,20004029410,38020,9610,10220,-27800,-73.12,10150,-27870,-73.3,9610,10570,1400-10-1,2021-12-22
225,بكامح,ح.كارخانجات توليدي شهيد قندي,600,14634632,8334854885,525,544,577,52,9.9,570,45,8.57,526,577,1400-10-1,2021-12-22
226,غسالم,سالمين‌,593,10078915,28536432748,2711,2770,2846,135,4.98,2831,120,4.43,2750,2846,1400-10-1,2021-12-22
227,سكه0012پ01,تمام سكه طرح جديد0012رفاه,591,140600,183182382400,1307395,1310200,1292100,-15295,-1.17,1302862,-4533,-0.35,1292000,1319989,1400-10-1,2021-12-22
228,تسه0006,امتيازتسهيلات مسكن شهريور1400,590,12122,10570620015,913058,868411,867406,-45652,-5,872019,-41039,-4.49,867406,887795,1400-10-1,2021-12-22
229,صنوين,صندوق سرمايه‌گذاري صنوين-مختلط,590,203381,23255332410,108910,113250,116470,7560,6.94,114340,5430,4.99,112340,116980,1400-10-1,2021-12-22
230,كلر,كلر پارس,587,182734,19851893362,105484,106084,108850,3366,3.19,108638,3154,2.99,106084,109997,1400-10-1,2021-12-22
231,شنفت,نفت‌ پارس‌,580,4561274,45048364000,9460,9460,9930,470,4.97,9740,280,2.96,9450,9930,1400-10-1,2021-12-22
232,كامياب,صندوق س. كامياب آشنا-د,579,9894698,109926305497,11104,11109,11110,6,0.05,11110,6,0.05,11109,11113,1400-10-1,2021-12-22
233,كارين,صندوق س نگين سامان-ثابت,579,15144707,151546270086,10171,10006,10007,-164,-1.61,10007,-164,-1.61,10005,10007,1400-10-1,2021-12-22
234,بايكا,كارخانجات كابلسازي ‌ايران‌,578,963174,17074536955,18112,17569,17569,-543,-3,17727,-385,-2.13,17569,18400,1400-10-1,2021-12-22
235,ونيكي,سرمايه‌گذاري‌ ملي‌ايران‌,574,6468178,62046050720,9160,9590,9610,450,4.91,9560,400,4.37,9490,9610,1400-10-1,2021-12-22
236,فلوله,لوله‌وماشين‌سازي‌ايران‌,572,17854937,18417448750,994,1006,1042,48,4.83,1032,38,3.82,1006,1043,1400-10-1,2021-12-22
237,نمرينو,ايران‌ مرينوس‌,569,222667,17327956660,78780,80000,76600,-2180,-2.77,77820,-960,-1.22,76010,81180,1400-10-1,2021-12-22
238,خمحركه,نيرو محركه‌,566,7551748,25839051013,3285,3280,3449,164,4.99,3422,137,4.17,3280,3449,1400-10-1,2021-12-22
239,چدن,توليدي چدن سازان,565,10917319,26338995602,2306,2395,2421,115,4.99,2413,107,4.64,2340,2421,1400-10-1,2021-12-22
240,نطرين,عطرين نخ قم,563,2459419,18200439201,7249,7150,7390,141,1.95,7400,151,2.08,7150,7530,1400-10-1,2021-12-22
241,بكهنوج,توليد برق ماهتاب كهنوج,560,14149483,15133718112,1043,1060,1070,27,2.59,1067,24,2.3,1048,1081,1400-10-1,2021-12-22
242,زيتون,صندوق س زيتون نماد پايا- مختلط,560,2107282,20888766721,9390,9600,9990,600,6.39,9913,523,5.57,9481,10044,1400-10-1,2021-12-22
243,غشهداب,كشت و صنعت شهداب ناب خراسان,560,5603008,15281484069,2630,2682,2749,119,4.52,2717,87,3.31,2620,2760,1400-10-1,2021-12-22
244,ساوه,سيمان ساوه,558,269097,12036138969,42871,42871,45014,2143,5,44286,1415,3.3,42041,45014,1400-10-1,2021-12-22
245,ودي,بيمه  دي,558,9183163,38079211210,3977,4103,4175,198,4.98,4147,170,4.27,3920,4175,1400-10-1,2021-12-22
246,كاريس,صندوق س.سپهر كاريزما-س,558,2096011,28074218968,12705,12900,13517,812,6.39,13394,689,5.42,12900,13550,1400-10-1,2021-12-22
247,وجامي,سرمايه گذاري جامي,554,2140601,9308379851,4362,4243,4357,-5,-0.11,4349,-13,-0.3,4232,4449,1400-10-1,2021-12-22
248,شلعاب,لعابيران‌,554,2903698,16680454050,5620,5640,5720,100,1.78,5740,120,2.14,5640,5850,1400-10-1,2021-12-22
249,لپيام,گسترش صنايع پيام,550,2173303,67220111403,31884,30928,30928,-956,-3,30930,-954,-2.99,30928,31200,1400-10-1,2021-12-22
250,خفنر,فنرسازي‌خاور,549,4428390,32392854590,7000,7000,7350,350,5,7310,310,4.43,7000,7350,1400-10-1,2021-12-22
251,چكارن,كارتن‌ ايران‌,549,9473947,24833542642,2535,2500,2647,112,4.42,2621,86,3.39,2500,2661,1400-10-1,2021-12-22
252,سبزوا,سيمان لار سبزوار,546,12302065,23788006586,1846,1938,1938,92,4.98,1934,88,4.77,1880,1938,1400-10-1,2021-12-22
253,خموتورح,ح . موتورسازان‌تراكتورسازي‌,544,8311870,23528697251,2760,2701,2804,44,1.59,2831,71,2.57,2701,2920,1400-10-1,2021-12-22
254,شبصير,توليدات پتروشيمي قائد بصير,543,712798,84615592142,113353,113990,119020,5667,5,118709,5356,4.73,113990,119020,1400-10-1,2021-12-22
255,آسيا,بيمه آسيا,541,18657860,32139255232,1646,1652,1728,82,4.98,1723,77,4.68,1652,1728,1400-10-1,2021-12-22
256,حتايد,تايدواترخاورميانه,540,6085102,27690054709,4380,4444,4586,206,4.7,4550,170,3.88,4361,4590,1400-10-1,2021-12-22
257,بالبر,كابل‌ البرز,529,1529519,37645136660,23530,24700,24700,1170,4.97,24610,1080,4.59,23870,24700,1400-10-1,2021-12-22
258,غپآذر,شير پگاه آذربايجان شرقي,527,1559038,44837794567,28234,29505,28900,666,2.36,28760,526,1.86,27970,29645,1400-10-1,2021-12-22
259,غپونه,نوش پونه مشهد,525,2088066,23936205879,11755,11403,11403,-352,-2.99,11463,-292,-2.48,11403,11844,1400-10-1,2021-12-22
260,وهور,مديريت انرژي اميد  تابان هور,523,12641441,16040069605,1230,1259,1260,30,2.44,1249,19,1.54,1229,1289,1400-10-1,2021-12-22
261,شيران,س. صنايع‌شيميايي‌ايران,521,1974101,40858710870,19730,19840,20710,980,4.97,20230,500,2.53,19840,20710,1400-10-1,2021-12-22
262,كاردان,صندوق س تجارت شاخصي كاردان,519,151334,28868812700,180410,184800,193500,13090,7.26,190760,10350,5.74,184700,193530,1400-10-1,2021-12-22
263,گشان,توسعه بين المللي پديده شانديز,511,1631666,31125682404,18528,18900,19083,555,3,19076,548,2.96,18899,19083,1400-10-1,2021-12-22
264,سدور,سيمان‌ دورود,511,5917306,31557619230,5090,5110,5340,250,4.91,5330,240,4.72,5110,5340,1400-10-1,2021-12-22
265,وسكاب,س.ص.بازنشستگي كاركنان بانكها,505,7487792,22787548801,2923,2925,3069,146,4.99,3043,120,4.11,2925,3069,1400-10-1,2021-12-22
266,فايرا,آلومينيوم‌ايران‌,505,5439068,88508935110,15510,15990,16280,770,4.96,16270,760,4.9,15550,16280,1400-10-1,2021-12-22
267,ارفع,شركت آهن و فولاد ارفع,500,3906085,57057424943,13940,14475,14637,697,5,14483,543,3.9,14100,14637,1400-10-1,2021-12-22
268,وثوق,سرمايه گذاري وثوق امين,500,2802043,27554132910,9613,9901,9540,-73,-0.76,9834,221,2.3,9500,9901,1400-10-1,2021-12-22
269,خاهن,آهنگري‌ تراكتورسازي‌ ايران‌,499,3517697,14712725053,4105,4030,4191,86,2.1,4152,47,1.14,4030,4250,1400-10-1,2021-12-22
270,ضجار1022,اختيارخ وتجارت-2000-1400/10/15,498,22009,1005398000,21,28,70,49,233.33,46,25,119.05,23,73,1400-10-1,2021-12-22
271,واميد,گروه مديريت سرمايه گذاري اميد,494,12674133,172065976930,13360,13360,13640,280,2.1,13580,220,1.65,13360,13760,1400-10-1,2021-12-22
272,خكار,ايركا پارت صنعت,494,8752519,26282658929,2886,2968,3030,144,4.99,3003,117,4.05,2880,3030,1400-10-1,2021-12-22
273,فسازان,غلتك سازان سپاهان,494,4016312,18497716755,4493,4621,4566,73,1.62,4606,113,2.52,4490,4700,1400-10-1,2021-12-22
274,كاوه,فولاد كاوه جنوب كيش,493,3604636,53382403310,14120,14820,14820,700,4.96,14530,410,2.9,14500,14820,1400-10-1,2021-12-22
275,فرآور,فرآوري‌موادمعدني‌ايران‌,491,819662,23680570140,28150,28990,28580,430,1.53,28890,740,2.63,28000,29300,1400-10-1,2021-12-22
276,بموتو,موتوژن‌,487,625746,48211840420,74440,74860,78160,3720,5,77050,2610,3.51,74000,78160,1400-10-1,2021-12-22
277,سنيرح,ح . سيمان‌ سفيدني‌ريز,485,632099,12872886220,19520,19970,20450,930,4.76,20370,850,4.35,19500,20680,1400-10-1,2021-12-22
278,شفارس,صنايع‌ شيميايي‌ فارس‌,479,16001726,16800009894,1005,1029,1055,50,4.98,1050,45,4.48,1008,1055,1400-10-1,2021-12-22
279,شخارك,پتروشيمي‌ خارك‌,478,2203731,113589358470,50150,49850,51960,1810,3.61,51540,1390,2.77,49810,51960,1400-10-1,2021-12-22
280,غشهد,شهد ايران ‌,476,3747956,16641201947,4282,4153,4496,214,5,4440,158,3.69,4153,4496,1400-10-1,2021-12-22
281,وآذر,سرمايه‌گذاري‌توسعه‌آذربايجان‌,471,681393,25833988240,36640,37000,38470,1830,4.99,37910,1270,3.47,37000,38470,1400-10-1,2021-12-22
282,شراز,پالايش نفت شيراز,471,186578,20864586759,108539,112887,112327,3788,3.49,110032,1493,1.38,110000,112891,1400-10-1,2021-12-22
283,كسرا,سراميك‌هاي‌صنعتي‌اردكان‌,470,3052706,39677601960,12420,12990,13040,620,4.99,13000,580,4.67,12560,13040,1400-10-1,2021-12-22
284,وحكمت,بيمه حكمت صبا,469,4199085,13483685088,3218,3218,3200,-18,-0.56,3211,-7,-0.22,3150,3270,1400-10-1,2021-12-22
285,وپترو,سرمايه‌گذاري صنايع پتروشيمي‌,468,2435678,25645143840,10300,10150,10790,490,4.76,10530,230,2.23,10100,10790,1400-10-1,2021-12-22
286,سامان,بانك سامان,467,8249617,56893204058,6709,6810,6910,201,3,6896,187,2.79,6721,6910,1400-10-1,2021-12-22
287,ونفت,سرمايه‌گذاري‌ صنعت‌ نفت‌,464,2064286,28270368350,13320,13520,13950,630,4.73,13690,370,2.78,13330,13950,1400-10-1,2021-12-22
288,فوكا,فولاد كاويان,460,3691380,52009817407,13823,13770,14237,414,3,14090,267,1.93,13650,14237,1400-10-1,2021-12-22
289,ضجار1023,اختيارخ وتجارت-2500-1400/10/15,459,21557,68659000,2,2,3,1,50,3,1,50,2,4,1400-10-1,2021-12-22
290,جم,پتروشيمي جم,458,2863674,141519648590,48600,49390,50300,1700,3.5,49420,820,1.69,48600,50350,1400-10-1,2021-12-22
291,ثزاگرس,سرمايه گذاري توسعه عمران زاگرس,458,491795,17308860598,34852,33663,35700,848,2.43,35195,343,0.98,33663,36150,1400-10-1,2021-12-22
292,شاملاح,ح . معدني‌ املاح‌  ايران‌,457,2151856,17648266780,7910,8020,8300,390,4.93,8200,290,3.67,8020,8300,1400-10-1,2021-12-22
293,شبندر,پالايش نفت بندرعباس,456,7924804,49530025000,5960,6250,6250,290,4.87,6080,120,2.01,6250,6250,1400-10-1,2021-12-22
294,خكمك,كمك‌فنرايندامين‌,455,1471504,30554248360,19990,19670,20980,990,4.95,20760,770,3.85,19670,20980,1400-10-1,2021-12-22
295,خمهر,مهركام‌پارس‌,454,8872869,15963340246,1726,1795,1812,86,4.98,1796,70,4.06,1750,1812,1400-10-1,2021-12-22
296,بهپاك,صنعتي بهپاك,451,14821883,92860626960,5968,6266,6266,298,4.99,6265,297,4.98,6035,6266,1400-10-1,2021-12-22
297,كبافق,معادن‌ بافق‌,451,720245,20453953630,27110,27250,28460,1350,4.98,28400,1290,4.76,27250,28460,1400-10-1,2021-12-22
298,ويسا,سرمايه گذاري ايساتيس پويا,450,12330601,101462747293,8090,8290,8332,242,2.99,8229,139,1.72,8001,8332,1400-10-1,2021-12-22
299,وسپه,سرمايه‌گذاري‌ سپه‌,442,2491601,20670285860,8020,8000,8300,280,3.49,8160,140,1.75,7900,8390,1400-10-1,2021-12-22
300,كنور,توسعه معدني و صنعتي صبانور,440,1145811,22083882790,19040,19000,19220,180,0.95,19090,50,0.26,18890,19470,1400-10-1,2021-12-22
301,فولاژ,فولاد آلياژي ايران,440,1286705,23326831810,17560,18000,17980,420,2.39,17710,150,0.85,17570,18420,1400-10-1,2021-12-22
302,بمپنا,توليد برق عسلويه  مپنا,437,2890708,17923664618,6135,6124,6240,105,1.71,6196,61,0.99,5921,6299,1400-10-1,2021-12-22
303,غپينو,پارس‌ مينو,436,6104840,12877379433,2017,2083,2117,100,4.96,2098,81,4.02,2050,2117,1400-10-1,2021-12-22
304,مبين,مبين انرژي خليج فارس,435,3080631,77603819330,24110,24500,25310,1200,4.98,24760,650,2.7,24500,25310,1400-10-1,2021-12-22
305,پرديسح,ح .  سرمايه گذاري پرديس,434,9920218,13726143750,1321,1340,1399,78,5.9,1384,63,4.77,1340,1399,1400-10-1,2021-12-22
306,چكاوه,صنايع‌كاغذسازي‌كاوه‌,433,2404609,19143903510,7650,7800,8030,380,4.97,7960,310,4.05,7610,8030,1400-10-1,2021-12-22
307,وساشرقي,شركت س استان آذربايجان شرقي,433,38373704,17240504591,431,417,452,21,4.87,440,9,2.09,417,452,1400-10-1,2021-12-22
308,ختور,رادياتور ايران‌,432,2239232,26037744050,11100,11250,11650,550,4.95,11630,530,4.77,11240,11650,1400-10-1,2021-12-22
309,وثنو,سرمايه گذاري ساختماني نوين,426,4722368,21110005878,4436,4350,4540,104,2.34,4470,34,0.77,4350,4569,1400-10-1,2021-12-22
310,حفاري,حفاري شمال,424,5891608,22762011266,3685,3700,3869,184,4.99,3863,178,4.83,3700,3869,1400-10-1,2021-12-22
311,ضملت1133,اختيارخ وبملت-3000-1400/11/13,424,14253,4335313000,231,265,339,108,46.75,304,73,31.6,255,340,1400-10-1,2021-12-22
312,لازما,كارخانه هاي صنعتي آزمايش,422,1582325,40433198980,25050,25428,25801,751,3,25553,503,2.01,24714,25801,1400-10-1,2021-12-22
313,شيراز,پتروشيمي‌شيراز,420,3009212,234084334570,74260,76250,77970,3710,5,77790,3530,4.75,74260,77970,1400-10-1,2021-12-22
314,شلرد,كود شيميايي اوره لردگان,417,3922272,43662996387,10814,11000,11138,324,3,11132,318,2.94,11000,11138,1400-10-1,2021-12-22
315,فيروزه,صندوق شاخص30 شركت فيروزه- سهام,417,315186,54463370060,165260,168020,173000,7740,4.68,172800,7540,4.56,168020,173900,1400-10-1,2021-12-22
316,پتاير,ايران‌ تاير,416,12200180,22399396037,1767,1780,1855,88,4.98,1836,69,3.9,1780,1855,1400-10-1,2021-12-22
317,سپيدما,صندوق س. سپيد دماوند-د,416,19013272,219893323313,11559,11566,11566,7,0.06,11565,6,0.05,11565,11566,1400-10-1,2021-12-22
318,دلر,داروسازي‌ اكسير,415,863814,36701425210,40590,41680,42610,2020,4.98,42490,1900,4.68,40860,42610,1400-10-1,2021-12-22
319,غگلپا,شير پاستوريزه پگاه گلپايگان,415,680803,35980352165,50790,51180,53329,2539,5,52850,2060,4.06,51180,53329,1400-10-1,2021-12-22
320,زنگان,صنعت روي زنگان,415,317662,18490275879,55611,56500,58391,2780,5,58207,2596,4.67,56010,58391,1400-10-1,2021-12-22
321,وسين,بيمه سينا,414,4872543,17414870847,3538,3435,3495,-43,-1.22,3574,36,1.02,3435,3625,1400-10-1,2021-12-22
322,غمينو,شركت صنايع غذايي مينو شرق,412,3461365,13638140446,3765,3849,3953,188,4.99,3923,158,4.2,3848,3953,1400-10-1,2021-12-22
323,خچرخش,چرخشگر,410,2144474,15900056330,7290,7400,7430,140,1.92,7410,120,1.65,7200,7580,1400-10-1,2021-12-22
324,آكورد,صندوق س. آرمان آتي كوثر-د,407,6484393,232579747577,35850,35868,35867,17,0.05,35868,18,0.05,35867,35871,1400-10-1,2021-12-22
325,فنفت,صنايع تجهيزات نفت,407,4592700,68996576826,14816,14399,15260,444,3,15023,207,1.4,14399,15260,1400-10-1,2021-12-22
326,ميدكو,توسعه معادن وص.معدني خاورميانه,403,3423929,158119213610,46180,45960,46200,20,0.04,46180,0,0,45950,46250,1400-10-1,2021-12-22
327,تايرا,تراكتورسازي‌ايران‌,403,1464281,31093774120,20750,21290,21430,680,3.28,21230,480,2.31,20210,21770,1400-10-1,2021-12-22
328,نيرو,نيرو سرمايه,402,585870,18413857228,32379,31408,31413,-966,-2.98,31430,-949,-2.93,31408,32450,1400-10-1,2021-12-22
329,بسويچ,پارس‌سويچ‌,401,1072842,14390103540,13100,12660,13750,650,4.96,13410,310,2.37,12660,13750,1400-10-1,2021-12-22
330,وساخت,سرمايه‌ گذاري‌ ساختمان‌ايران‌,396,523338,19568108250,35930,36980,37720,1790,4.98,37390,1460,4.06,36100,37720,1400-10-1,2021-12-22
331,فخاس,فولاد خراسان,395,618133,14083987930,22750,22750,22980,230,1.01,22750,0,0,22200,23130,1400-10-1,2021-12-22
332,ونيرو,سرمايه‌گذاري‌نيرو,392,8491807,17006243723,1914,1950,2009,95,4.96,2003,89,4.65,1950,2009,1400-10-1,2021-12-22
333,رتاپ,تجارت الكترونيك  پارسيان,391,2350952,13276043190,5540,5670,5680,140,2.53,5630,90,1.62,5600,5770,1400-10-1,2021-12-22
334,سصفها,سيمان‌اصفهان‌,390,900923,23184250310,24660,25380,25890,1230,4.99,25730,1070,4.34,24660,25890,1400-10-1,2021-12-22
335,وسكرشا,س.سهام عدالت استان كرمانشاه,388,27310114,12350357968,433,440,454,21,4.85,448,15,3.46,435,454,1400-10-1,2021-12-22
336,وسگيلا,شركت س استان گيلان,388,28722885,12802951339,427,423,448,21,4.92,436,9,2.11,423,448,1400-10-1,2021-12-22
337,ضخود1051,اختيارخ خودرو-1800-1400/10/08,386,19340,3738162000,123,135,220,97,78.86,193,70,56.91,135,234,1400-10-1,2021-12-22
338,پلاست,كارخانجات توليدي پلاستيران,385,1235401,8577919417,7066,7270,6858,-208,-2.94,6948,-118,-1.67,6855,7270,1400-10-1,2021-12-22
339,ثپرديس,سرمايه گذاري مسكن پرديس,384,6761267,24658353850,3511,3531,3682,171,4.87,3647,136,3.87,3453,3686,1400-10-1,2021-12-22
340,فافزا,فولاد افزا سپاهان,384,408285,13196042226,32275,33200,32265,-10,-0.03,32321,46,0.14,31448,33201,1400-10-1,2021-12-22
341,تپمپي,پمپ‌ سازي‌ ايران‌,383,1366206,27051740620,18980,18850,19920,940,4.95,19800,820,4.32,18850,19920,1400-10-1,2021-12-22
342,ساروم,سيمان‌اروميه‌,381,618422,25317184120,40760,40800,41400,640,1.57,40940,180,0.44,39560,42090,1400-10-1,2021-12-22
343,سباقر,سيمان باقران,380,1768801,22056818556,12338,12499,12698,360,2.92,12470,132,1.07,12284,12700,1400-10-1,2021-12-22
344,غديس,پاكديس,379,3890267,43150193299,10599,11126,11128,529,4.99,11092,493,4.65,10900,11128,1400-10-1,2021-12-22
345,ضخود2019,اختيارخ خودرو-2500-1401/02/07,377,14239,1999964000,99,150,147,48,48.48,140,41,41.41,110,150,1400-10-1,2021-12-22
346,لبوتان,گروه‌صنعتي‌بوتان‌,377,465479,21396586550,45130,45550,47070,1940,4.3,45970,840,1.86,44220,47110,1400-10-1,2021-12-22
347,فباهنر,مس‌ شهيدباهنر,377,785201,21249212960,25830,26290,27120,1290,4.99,26750,920,3.56,26290,27120,1400-10-1,2021-12-22
348,كفرآور,فرآورده هاي سيمان شرق,376,1699166,31483402315,18969,19400,18400,-569,-3,18529,-440,-2.32,18400,19500,1400-10-1,2021-12-22
349,بكام,كارخانجات توليدي شهيد قندي,373,6115842,9469721206,1479,1500,1552,73,4.94,1520,41,2.77,1485,1552,1400-10-1,2021-12-22
350,فسرب,ملي‌ سرب‌وروي‌ ايران‌,371,16597567,32546072762,1868,1961,1961,93,4.98,1961,93,4.98,1940,1961,1400-10-1,2021-12-22
351,قيستو,شركت قند بيستون,369,713879,15130420564,20715,20096,21333,618,2.98,21195,480,2.32,20096,21336,1400-10-1,2021-12-22
352,كمنگنز,معادن‌منگنزايران‌,368,401273,24514035250,58270,58520,61180,2910,4.99,61090,2820,4.84,58520,61180,1400-10-1,2021-12-22
353,كاذر,فرآورده‌هاي‌نسوزآذر,367,1376271,20106330390,14580,14010,14610,30,0.21,14610,30,0.21,14010,15200,1400-10-1,2021-12-22
354,ثجوان,تامين مسكن جوانان,366,2671379,12559007314,4813,4669,4690,-123,-2.56,4701,-112,-2.33,4669,4893,1400-10-1,2021-12-22
355,ولملت,واسپاري ملت,362,4613017,15069684938,3115,3240,3270,155,4.98,3267,152,4.88,3191,3270,1400-10-1,2021-12-22
356,وتوسم,سرمايه‌گذاري‌توسعه‌ملي‌,360,2947493,26690965370,8690,8880,9100,410,4.72,9060,370,4.26,8810,9120,1400-10-1,2021-12-22
357,سدشت,صنايع سيمان دشتستان,356,323997,8735239390,26930,26030,27300,370,1.37,26950,20,0.07,25780,27490,1400-10-1,2021-12-22
358,وآوا,سرمايه گذاري آوا نوين,354,3363606,8706334582,2473,2595,2596,123,4.97,2538,65,2.63,2490,2596,1400-10-1,2021-12-22
359,عيار,صندوق سكه طلاي مفيد,354,583367,19286443965,33063,33210,32944,-119,-0.36,33061,-2,-0.01,32905,33350,1400-10-1,2021-12-22
360,دتوزيع,توزيع دارو پخش,354,935582,25098480663,25692,26127,26976,1284,5,26827,1135,4.42,26127,26976,1400-10-1,2021-12-22
361,ولغدر,ليزينگ‌خودروغدير,353,1999518,15075218310,7270,7590,7630,360,4.95,7540,270,3.71,7300,7630,1400-10-1,2021-12-22
362,خكرمان,گروه اقتصادي كرمان خودرو,351,4853049,15031563879,3014,3085,3090,76,2.52,3097,83,2.75,3044,3104,1400-10-1,2021-12-22
363,ثالوند,سرمايه گذاري مسكن الوند,351,1540757,9296625382,5831,6010,6122,291,4.99,5959,128,2.2,5870,6122,1400-10-1,2021-12-22
364,افق,فروشگاههاي زنجيره اي افق كوروش,351,290041,12346131800,41750,41630,42610,860,2.06,41950,200,0.48,41630,43100,1400-10-1,2021-12-22
365,وسينا,بانك سينا,351,25938849,61025456697,2245,2300,2357,112,4.99,2353,108,4.81,2232,2357,1400-10-1,2021-12-22
366,لابسا,آبسال‌,350,741061,24084513740,31030,31100,32580,1550,5,32500,1470,4.74,31100,32580,1400-10-1,2021-12-22
367,وهنر,گروه توسعه هنر ايران,350,4499588,10679515974,2306,2370,2375,69,2.99,2373,67,2.91,2315,2375,1400-10-1,2021-12-22
368,شرنگي,شيميايي رنگين,349,152134,26689582779,175050,176056,176002,952,0.54,175435,385,0.22,169820,177455,1400-10-1,2021-12-22
369,فپنتا,سپنتا,348,69845,29639720290,406660,401050,426990,20330,5,424360,17700,4.35,401050,426990,1400-10-1,2021-12-22
370,سيستم,همكاران سيستم,346,8255794,40567441946,4811,4910,5000,189,3.93,4914,103,2.14,4811,5051,1400-10-1,2021-12-22
371,سپر,صندوق س سپر سرمايه بيدار- ثابت,346,8141997,109228405400,13394,13416,13418,24,0.18,13415,21,0.16,13415,13418,1400-10-1,2021-12-22
372,غدام,خوراك‌  دام‌ پارس‌,346,342412,34472649830,95940,100730,100730,4790,4.99,100680,4740,4.94,97000,100730,1400-10-1,2021-12-22
373,تصميم,صندوق س با درآمد ثابت تصميم,343,7040901,128892015944,18284,18305,18310,26,0.14,18306,22,0.12,18305,18310,1400-10-1,2021-12-22
374,آساس,صندوق س.آسمان آرماني سهام-س,342,195320,33411588817,165042,168350,171900,6858,4.16,171061,6019,3.65,168349,172900,1400-10-1,2021-12-22
375,دشيري,شيرين دارو,341,67303,7697785614,118477,112554,112554,-5923,-5,115182,-3295,-2.78,112554,123000,1400-10-1,2021-12-22
376,غشصفا,شيرپاستوريزه‌پگاه‌اصفهان‌,340,2267113,64484232770,27140,28490,28490,1350,4.97,28440,1300,4.79,27700,28490,1400-10-1,2021-12-22
377,بشهاب,لامپ‌  پارس‌ شهاب‌,340,140642,18759620720,129760,133650,134690,4930,3.8,133390,3630,2.8,130050,135700,1400-10-1,2021-12-22
378,غالبر,لبنيات‌ كالبر,339,977744,12156753510,11870,12460,12460,590,4.97,12260,390,3.29,11990,12460,1400-10-1,2021-12-22
379,خاذين,سايپاآذين‌,338,5603597,14925044447,2540,2644,2667,127,5,2646,106,4.17,2552,2667,1400-10-1,2021-12-22
380,قنيشا,قند  نيشابور,338,483043,16455236710,32690,32280,34320,1630,4.99,34070,1380,4.22,32280,34320,1400-10-1,2021-12-22
381,غفارس,شير پاستوريزه پگاه فارس,335,2411790,12442225535,4943,5129,5190,247,5,5118,175,3.54,4992,5190,1400-10-1,2021-12-22
382,داسوه,داروسازي‌ اسوه‌,332,884796,24610821430,26930,27940,28270,1340,4.98,27820,890,3.3,27000,28270,1400-10-1,2021-12-22
383,بنو,بيمه تجارت نو,331,1948827,12761124860,6496,6280,6642,146,2.25,6538,42,0.65,6280,6680,1400-10-1,2021-12-22
384,تسه0003,امتيازتسهيلات مسكن خرداد1400,330,3809,3322734988,915484,869710,869710,-45774,-5,872338,-43146,-4.71,869710,938000,1400-10-1,2021-12-22
385,سهرمز,سيمان‌هرمزگان‌,330,853665,13696256120,15910,15900,16070,160,1.01,16020,110,0.69,15170,16350,1400-10-1,2021-12-22
386,دابور,داروسازي‌ ابوريحان‌,329,649506,14332797410,21960,21420,22150,190,0.87,22060,100,0.46,21020,22950,1400-10-1,2021-12-22
387,غشان,شيرپاستوريزه‌پگاه‌خراسان‌,327,3641983,13688928812,3595,3686,3774,179,4.98,3749,154,4.28,3631,3774,1400-10-1,2021-12-22
388,تسه0005,امتيازتسهيلات مسكن مرداد 1400,326,5653,4934717039,916469,870649,870646,-45823,-5,872938,-43531,-4.75,870646,892218,1400-10-1,2021-12-22
389,شاوان,پالايش نفت لاوان,325,657924,83210137756,120622,123700,126653,6031,5,126474,5852,4.85,123030,126653,1400-10-1,2021-12-22
390,حپترو,حمل و نقل پتروشيمي( سهامي عام,324,1177003,25377020370,20940,20690,21930,990,4.73,21560,620,2.96,20680,21980,1400-10-1,2021-12-22
391,فاما,صنعتي‌ آما,322,1445046,28038943380,18570,18950,19280,710,3.82,19400,830,4.47,18360,19490,1400-10-1,2021-12-22
392,پرديس,سرمايه گذاري پرديس,321,1952050,6945696706,3410,3489,3575,165,4.84,3473,63,1.85,3489,3580,1400-10-1,2021-12-22
393,ولشرقح,ح . ليزينگ ايران و شرق,320,7378262,6136220469,799,830,822,23,2.88,832,33,4.13,806,838,1400-10-1,2021-12-22
394,وتوصا,گروه س توسعه صنعتي ايران,318,1871318,19508889940,9990,9900,10480,490,4.9,10430,440,4.4,9900,10480,1400-10-1,2021-12-22
395,سفار,سيمان‌فارس‌,318,200095,10979777510,52610,53500,55240,2630,5,54230,1620,3.08,52250,55240,1400-10-1,2021-12-22
396,شكربن,كربن‌ ايران‌,317,254984,23809711390,89490,91000,93960,4470,4.99,93380,3890,4.35,90510,93960,1400-10-1,2021-12-22
397,كيميا,معدني كيمياي زنجان گستران,317,2008519,26319827617,12537,12800,13163,626,4.99,13104,567,4.52,12610,13163,1400-10-1,2021-12-22
398,فلات,گروه صنايع معادن فلات ايرانيان,315,684664,6735704217,9927,10189,9965,38,0.38,9866,-61,-0.61,9700,10197,1400-10-1,2021-12-22
399,پكويرح,ح. كوير تاير,314,1298637,4242568240,3055,3134,3310,255,8.35,3267,212,6.94,3134,3325,1400-10-1,2021-12-22
400,فجر,فولاد اميركبيركاشان,313,868504,20300948950,22290,23300,23400,1110,4.98,23250,960,4.31,22560,23400,1400-10-1,2021-12-22
401,كخاك,صنايع‌خاك‌چيني‌ايران‌,310,1322563,18334135060,13250,13700,13910,660,4.98,13830,580,4.38,13450,13910,1400-10-1,2021-12-22
402,وصندوق,سرمايه‌گذاري‌صندوق‌بازنشستگي‌,309,2143870,27791912920,12550,12410,12880,330,2.63,12640,90,0.72,12410,13170,1400-10-1,2021-12-22
403,كي بي سي,شركت كي بي سي,308,1252294,20394719737,16166,16374,16290,124,0.77,16286,120,0.74,16000,16900,1400-10-1,2021-12-22
404,وصندوقح,ح.سرمايه گذاري صندوق بازنشستگي,307,2165756,24941883490,10980,10510,11500,520,4.74,11520,540,4.92,10510,11760,1400-10-1,2021-12-22
405,بالاس,مهندسي ساختمان تاسيسات راه آهن,307,383398,10299391228,26542,25350,27000,458,1.73,26750,208,0.78,25350,27400,1400-10-1,2021-12-22
406,فمراد,آلومراد,305,749759,9540859830,12240,12260,12780,540,4.41,12570,330,2.7,12260,12800,1400-10-1,2021-12-22
407,كساوه,صنايع‌ كاشي‌ و سراميك‌ سينا,303,1040739,40425705270,37080,36010,38930,1850,4.99,38840,1760,4.75,36010,38930,1400-10-1,2021-12-22
408,دكوثر,داروسازي‌ كوثر,303,10601302,29265376563,2633,2690,2764,131,4.98,2761,128,4.86,2647,2764,1400-10-1,2021-12-22
409,خصدرا,صنعتي‌ دريايي‌ ايران‌,302,8884519,17555809544,1919,1976,1976,57,2.97,1967,48,2.5,1976,1976,1400-10-1,2021-12-22
410,تسه9908,امتياز تسهيلات مسكن آبان99,301,9926,8601723874,907486,862112,862112,-45374,-5,866585,-40901,-4.51,862112,952860,1400-10-1,2021-12-22
411,وبوعلي,سرمايه‌گذاري‌بوعلي‌,300,2246174,8506718619,3671,3778,3812,141,3.84,3736,65,1.77,3681,3814,1400-10-1,2021-12-22
412,كلوند,كاشي‌ الوند,298,1164324,25426196130,20820,21290,21860,1040,5,21840,1020,4.9,21230,21860,1400-10-1,2021-12-22
413,دانا,بيمه دانا,298,3409951,14864663160,4178,4290,4386,208,4.98,4348,170,4.07,4179,4386,1400-10-1,2021-12-22
414,وگستر,گسترش سرمايه گذاري ايرانيان,297,6085318,29729739505,4656,4650,4888,232,4.98,4885,229,4.92,4650,4888,1400-10-1,2021-12-22
415,فنوال,نورد آلومينيوم‌,296,1671104,34855495850,19880,20400,20870,990,4.98,20860,980,4.93,19900,20870,1400-10-1,2021-12-22
416,غگلستا,شير پاستوريزه پگاه گلستان,294,1674329,15907423903,9104,9300,9559,455,5,9501,397,4.36,9170,9559,1400-10-1,2021-12-22
417,ثشرق,سرمايه گذاري مسكن شمال شرق,294,4490434,14950030344,3203,3222,3363,160,5,3329,126,3.93,3222,3363,1400-10-1,2021-12-22
418,ريشمك,توليد و صادرات ريشمك,293,424720,12857479918,29269,30000,30491,1222,4.18,30059,790,2.7,29810,30690,1400-10-1,2021-12-22
419,وبيمه,سرمايه‌ گذاري‌ صنعت‌ بيمه‌,293,5142012,7737078922,1446,1490,1518,72,4.98,1474,28,1.94,1489,1518,1400-10-1,2021-12-22
420,والبر,سرمايه‌ گذاري‌ البرز(هلدينگ‌,293,909981,6827229390,7290,7280,7570,280,3.84,7350,60,0.82,7280,7600,1400-10-1,2021-12-22
421,تبرك,گروه كارخانجات صنعتي تبرك,293,840704,7103487895,8237,8580,8496,259,3.14,8331,94,1.14,8320,8580,1400-10-1,2021-12-22
422,غويتا,ويتانا,292,3444081,18148642293,5022,5272,5273,251,5,5270,248,4.94,5111,5273,1400-10-1,2021-12-22
423,تسه0002,امتيازتسهيلاتمسكن ارديبهشت1400,291,4270,3728069438,916195,870386,870386,-45809,-5,873084,-43111,-4.71,870386,898885,1400-10-1,2021-12-22
424,تسه0004,امتيازتسهيلات مسكن تير1400,291,3891,3394711230,913028,867380,909000,-4028,-0.44,872452,-40576,-4.44,867377,909000,1400-10-1,2021-12-22
425,سبهان,سيمان‌ بهبهان‌,287,356204,15391762770,41390,42590,43450,2060,4.98,43170,1780,4.3,42500,43450,1400-10-1,2021-12-22
426,مفاخر,توسعه فناوري اطلاعات خوارزمي,284,546466,14745353185,26513,26500,27001,488,1.84,26969,456,1.72,26053,27450,1400-10-1,2021-12-22
427,شپارس,بين‌ المللي‌ محصولات‌  پارس‌,284,2281668,16062680760,6830,6800,7170,340,4.98,7040,210,3.07,6800,7170,1400-10-1,2021-12-22
428,دزهراوي,داروسازي‌زهراوي‌,282,1575600,6863774285,4167,4300,4373,206,4.94,4249,82,1.97,4300,4375,1400-10-1,2021-12-22
429,سرچشمه,سرمايه گذاري مس سرچشمه,276,1460021,7557541218,4957,5080,5204,247,4.98,5058,101,2.04,5020,5204,1400-10-1,2021-12-22
430,كپشير,پشم‌شيشه‌ايران‌,275,1662502,17674615530,10140,10190,10640,500,4.93,10630,490,4.83,10190,10640,1400-10-1,2021-12-22
431,گوهر,صندوق سكه طلاي كيان,274,228457,14708551559,64610,65099,63921,-689,-1.07,64382,-228,-0.35,63900,65495,1400-10-1,2021-12-22
432,دتماد,توليدمواداوليه‌داروپخش‌,272,452328,19220978400,40920,42000,42950,2030,4.96,42490,1570,3.84,41280,42960,1400-10-1,2021-12-22
433,شتوكا,توكا رنگ فولاد سپاهان,271,690432,9214996505,12951,13340,13281,330,2.55,13189,238,1.84,13000,13558,1400-10-1,2021-12-22
434,غپاك,لبنيات‌ پاك‌,270,1029185,12645013930,11740,12150,12320,580,4.94,12180,440,3.75,11760,12320,1400-10-1,2021-12-22
435,نوين,بيمه نوين,270,5301838,19436937664,3506,3520,3681,175,4.99,3666,160,4.56,3520,3681,1400-10-1,2021-12-22
436,ستران,سيمان‌ تهران‌,267,746897,14839791570,19030,19800,19980,950,4.99,19820,790,4.15,19340,19980,1400-10-1,2021-12-22
437,ميهن,بيمه ميهن,267,5252383,11695500960,2176,2112,2235,59,2.71,2212,36,1.65,2112,2250,1400-10-1,2021-12-22
438,حفارس,حمل و نقل بين المللي خليج فارس,266,6042233,21457614477,3386,3550,3555,169,4.99,3551,165,4.87,3301,3555,1400-10-1,2021-12-22
439,غچين,كشت‌ و صنعت‌ چين‌ چين,265,1266239,14233149290,10720,11180,11250,530,4.94,11200,480,4.48,11000,11250,1400-10-1,2021-12-22
440,خديزل,بهمن  ديزل,263,216080,11509045698,52505,53329,53643,1138,2.17,52914,409,0.78,52500,54292,1400-10-1,2021-12-22
441,بميلا,توسعه بازرگاني آهن وفولادميلاد,262,3250110,26177778870,7679,8062,8062,383,4.99,8054,375,4.88,7900,8062,1400-10-1,2021-12-22
442,زرين,صندوق س. سهام زرين كوروش-س,261,1545219,20395377448,12571,12796,13349,778,6.19,13199,628,5,12796,13350,1400-10-1,2021-12-22
443,اوان,مبين وان كيش,260,1753613,20208823626,11086,11550,11639,553,4.99,11524,438,3.95,10602,11640,1400-10-1,2021-12-22
444,لسرما,سرما آفرين‌,259,880069,15702441130,17110,17800,17960,850,4.97,17840,730,4.27,17450,17960,1400-10-1,2021-12-22
445,وزمين,بانك ايران زمين,259,1111884,9777151243,8819,8496,8956,137,1.55,8801,-18,-0.2,8496,8958,1400-10-1,2021-12-22
446,شرانل,نفت ايرانول,259,447341,20672010802,44444,44800,46666,2222,5,45432,988,2.22,44800,46666,1400-10-1,2021-12-22
447,ولشرق,ليزينگ ايران و شرق,259,3848370,8942109635,2281,2380,2340,59,2.59,2306,25,1.1,2300,2380,1400-10-1,2021-12-22
448,شدوصح,ح . دوده‌ صنعتي‌ پارس‌,254,1658007,12514203240,7130,7200,7570,440,6.17,7550,420,5.89,7200,7610,1400-10-1,2021-12-22
449,دامين,داروسازي‌ امين‌,253,6786085,16187471393,2275,2357,2388,113,4.97,2385,110,4.84,2300,2388,1400-10-1,2021-12-22
450,وشهر,بانك شهر,252,4934609,20099481023,3957,4000,4075,118,2.98,4049,92,2.32,3976,4075,1400-10-1,2021-12-22
451,ولراز,ليزينگ رازي,252,366998,6839268102,18571,19100,18500,-71,-0.38,18636,65,0.35,18200,19100,1400-10-1,2021-12-22
452,كيان2,صندوق س. با درآمد ثابت كيان,250,25000000,25000000,32163,1,1,-32162,-100,1,-32162,-100,1,1,1400-10-1,2021-12-22
453,تسه9909,امتياز تسهيلات مسكن آذر99,249,7838,7136486347,925901,879606,879606,-46295,-5,910498,-15403,-1.66,879606,972195,1400-10-1,2021-12-22
454,ثمسكن,سرمايه‌گذاري‌ مسكن‌,249,4016780,15865054406,3825,3871,3920,95,2.48,3950,125,3.27,3780,4000,1400-10-1,2021-12-22
455,خوساز,محورسازان‌ايران‌خودرو,249,1344985,8778986120,6290,6430,6580,290,4.61,6420,130,2.07,6300,6600,1400-10-1,2021-12-22
456,كترام,توليدي‌ كاشي‌ تكسرام‌,245,1201874,20819706420,16540,16700,17360,820,4.96,17320,780,4.72,16700,17360,1400-10-1,2021-12-22
457,كگهر,سنگ آهن گهرزمين,244,1377651,65213140427,46112,46113,47490,1378,2.99,46755,643,1.39,46113,47800,1400-10-1,2021-12-22
458,تنوين,تامين سرمايه نوين,242,2993998,17396687830,5730,5750,5890,160,2.79,5770,40,0.7,5720,5930,1400-10-1,2021-12-22
459,ضخود1053,اختيارخ خودرو-2500-1400/10/08,242,13680,13680000,1,1,1,0,0,1,0,0,1,1,1400-10-1,2021-12-22
460,زكوثر,سرمايه گذاري كشاورزي كوثر,241,1223071,17392069620,13550,14220,14220,670,4.94,14220,670,4.94,14220,14220,1400-10-1,2021-12-22
461,پدرخش,درخشان‌ تهران‌,240,688175,11671907620,16270,16970,17080,810,4.98,16810,540,3.32,16400,17080,1400-10-1,2021-12-22
462,سكرما,سيمان‌ كرمان‌,240,1629709,22856578720,13510,13580,14180,670,4.96,14020,510,3.77,13560,14180,1400-10-1,2021-12-22
463,حتوكا,حمل‌ونقل‌توكا,240,875191,9748966270,10630,10800,11160,530,4.99,10950,320,3.01,10800,11160,1400-10-1,2021-12-22
464,غنوش,نوش‌ مازندران‌,239,2827842,44764738860,15080,15830,15830,750,4.97,15830,750,4.97,15830,15830,1400-10-1,2021-12-22
465,ضخود1049,اختيارخ خودرو-1400-1400/10/08,239,9508,5372976000,469,490,601,132,28.14,565,96,20.47,490,605,1400-10-1,2021-12-22
466,كدما,معدني‌ دماوند,238,142756,9618899280,64180,67380,67380,3200,4.99,65850,1670,2.6,67380,67380,1400-10-1,2021-12-22
467,فاهواز,نورد و لوله اهواز,237,3364522,18690267114,5657,5544,5679,22,0.39,5555,-102,-1.8,5544,5699,1400-10-1,2021-12-22
468,غشوكو,شوكو پارس,237,1376280,10615163876,7574,7430,7799,225,2.97,7713,139,1.84,7419,7801,1400-10-1,2021-12-22
469,قلرست,قند لرستان‌,234,440406,6147745040,13590,13950,13970,380,2.8,13750,160,1.18,13620,14180,1400-10-1,2021-12-22
470,فردا,صندوق س آواي فرداي زاگرس-ثابت,234,7391181,89069478919,12044,12050,12051,7,0.06,12051,7,0.06,12050,12051,1400-10-1,2021-12-22
471,كوثر,بيمه كوثر,234,2069694,8023171897,3730,3880,3900,170,4.56,3775,45,1.21,3730,3915,1400-10-1,2021-12-22
472,چافست,افست‌,231,1268276,10177654500,7670,7800,8050,380,4.95,7910,240,3.13,7760,8050,1400-10-1,2021-12-22
473,اتكام,بيمه اتكايي امين,231,8864010,43921363893,4952,4900,4929,-23,-0.46,4955,3,0.06,4867,4970,1400-10-1,2021-12-22
474,سمازن,سيمان‌مازندران‌,231,1051070,14782081660,13570,13780,14240,670,4.94,14030,460,3.39,13410,14240,1400-10-1,2021-12-22
475,ضسپا1114,اختيارخ خساپا-2000-1400/11/20,230,14887,1084785000,51,72,70,19,37.25,73,22,43.14,70,90,1400-10-1,2021-12-22
476,فروس,فروسيليس‌ ايران‌,230,2660844,16931850610,6070,6290,6370,300,4.94,6360,290,4.78,6170,6370,1400-10-1,2021-12-22
477,كمينا,شيشه سازي مينا,230,1883576,15978764283,8275,8190,8523,248,3,8483,208,2.51,8060,8523,1400-10-1,2021-12-22
478,سبجنو,سيمان‌ بجنورد,229,292294,11087239790,36430,35850,38250,1820,5,37540,1110,3.05,35850,38250,1400-10-1,2021-12-22
479,غشاذر,پگاه‌آذربايجان‌غربي‌,229,1884961,9223525630,4680,4890,4910,230,4.91,4820,140,2.99,4690,4910,1400-10-1,2021-12-22
480,سخزر,سيمان‌ خزر,229,782329,13915595180,16960,17390,17800,840,4.95,17690,730,4.3,17210,17800,1400-10-1,2021-12-22
481,اخابر,مخابرات ايران,229,4290204,31061076960,6900,7240,7240,340,4.93,6980,80,1.16,7240,7240,1400-10-1,2021-12-22
482,شدوص,دوده‌ صنعتي‌ پارس‌,229,1180097,13689007820,11190,11700,11670,480,4.29,11550,360,3.22,11410,11740,1400-10-1,2021-12-22
483,پلاستح,ح.كارخانجات توليدي پلاستيران,225,3493121,12583983812,3712,3670,3601,-111,-2.99,3603,-109,-2.94,3601,3670,1400-10-1,2021-12-22
484,توريل,توكاريل,224,1369535,9819500272,6838,7170,7179,341,4.99,7066,228,3.33,7010,7179,1400-10-1,2021-12-22
485,قاسم,قاسم ايران,224,2103858,7201836039,3334,3342,3416,82,2.46,3378,44,1.32,3342,3466,1400-10-1,2021-12-22
486,ختراك,ريخته‌گري‌ تراكتورسازي‌ ايران‌,223,4977945,24758523110,4750,4910,4980,230,4.84,4970,220,4.63,4810,4980,1400-10-1,2021-12-22
487,ثعمرا,عمران و توسعه شاهد,222,1896292,14261768350,7202,7464,7562,360,5,7473,271,3.76,7341,7562,1400-10-1,2021-12-22
488,پكوير,كوير تاير,222,1424693,7836369400,5310,5550,5520,210,3.95,5400,90,1.69,5380,5560,1400-10-1,2021-12-22
489,زر,صندوق س.پشتوانه سكه طلاي زر,221,141871,8275402641,58027,58400,57400,-627,-1.08,58330,303,0.52,57200,60349,1400-10-1,2021-12-22
490,تسه9912,امتياز تسهيلات مسكن اسفند99,218,2797,2438373207,912258,875500,866646,-45612,-5,871782,-40476,-4.44,866646,900000,1400-10-1,2021-12-22
491,ساراب,سيمان‌ داراب‌,216,549165,8812425750,15590,15600,16280,690,4.43,15820,230,1.48,15600,16340,1400-10-1,2021-12-22
492,ضستا1004,اختيارخ شستا-12000-1400/10/29,216,5117,2506844000,116,300,500,384,331.03,490,374,322.41,250,549,1400-10-1,2021-12-22
493,ثروتم,صندوق س. ثروت آفرين پارسيان-س,216,123870,11550264420,95900,95421,92567,-3333,-3.48,93245,-2655,-2.77,92567,95421,1400-10-1,2021-12-22
494,تكمبا,كمباين‌ سازي‌ ايران‌,215,2567760,9179786461,3417,3568,3587,170,4.98,3510,93,2.72,3495,3587,1400-10-1,2021-12-22
495,كاسپين,داروسازي كاسپين تامين,215,1416680,32634926956,21948,22870,23045,1097,5,23036,1088,4.96,22321,23045,1400-10-1,2021-12-22
496,بنيرو,نيروترانس‌,215,5462679,9477952482,1656,1721,1738,82,4.95,1704,48,2.9,1701,1738,1400-10-1,2021-12-22
497,فجام,جام‌دارو,213,1763471,6933623931,3856,3983,3970,114,2.96,3892,36,0.93,3870,3983,1400-10-1,2021-12-22
498,وملي,گروه‌ صنعتي‌ ملي‌ (هلدينگ‌,213,106110,14850094500,133290,139950,139950,6660,5,138860,5570,4.18,139950,139950,1400-10-1,2021-12-22
499,آبين,كشت و صنعت آبشيرين,212,6443156,11762264706,1775,1819,1821,46,2.59,1826,51,2.87,1774,1828,1400-10-1,2021-12-22
500,گنگين,اقتصادي نگين گردشگري ايرانيان,211,2007435,60659515387,29357,30237,30237,880,3,30217,860,2.93,29550,30237,1400-10-1,2021-12-22
501,لخزر,پارس‌ خزر,209,127826,14376467550,107200,109040,112560,5360,5,112290,5090,4.75,109040,112560,1400-10-1,2021-12-22
502,تسه9902,امتياز تسهيلات مسكن ارديبهشت99,209,3004,2609649208,907505,872002,863112,-44393,-4.89,868725,-38780,-4.27,862990,894990,1400-10-1,2021-12-22
503,ضسپا1112,اختيارخ خساپا-1600-1400/11/20,208,6142,1516509000,203,228,285,82,40.39,247,44,21.67,200,285,1400-10-1,2021-12-22
504,تسه0001,امتيازتسهيلات مسكن فروردين1400,207,2234,1999985526,919682,873705,873698,-45984,-5,895249,-24433,-2.66,873698,929998,1400-10-1,2021-12-22
505,شزنگ,تجهيزنيروي‌زنگان‌,206,91221,12232283883,138197,134052,134052,-4145,-3,134095,-4102,-2.97,134052,134650,1400-10-1,2021-12-22
506,خشرق,الكتريك‌ خودرو شرق‌,205,1170089,12193337610,9990,9880,10480,490,4.9,10330,340,3.4,9880,10480,1400-10-1,2021-12-22
507,تكشا,گسترش‌صنايع‌وخدمات‌كشاورزي‌,204,627025,20000194950,30470,30110,31990,1520,4.99,31900,1430,4.69,30110,31990,1400-10-1,2021-12-22
508,ومشان,س. فني و مهندسي مشانير,202,196105,8265878724,43391,42090,42090,-1301,-3,42150,-1241,-2.86,42090,43000,1400-10-1,2021-12-22
509,وآرين,شركت توسعه اقتصادي آرين,201,4286718,7693153609,1748,1777,1800,52,2.97,1784,36,2.06,1750,1800,1400-10-1,2021-12-22
510,پخش,پخش البرز,201,372072,9408536217,24835,24300,25300,465,1.87,25103,268,1.08,24100,25659,1400-10-1,2021-12-22
511,كگاز,شيشه‌ و گاز,201,814643,12925646270,15130,15660,15880,750,4.96,15740,610,4.03,15660,15880,1400-10-1,2021-12-22
512,سغرب,سيمان‌غرب‌,200,454354,6170632750,13300,13520,13680,380,2.86,13420,120,0.9,13000,13920,1400-10-1,2021-12-22
513,ولبهمن,شركت بهمن ليزينگ,200,3520386,22969104013,6237,6350,6548,311,4.99,6525,288,4.62,6340,6548,1400-10-1,2021-12-22
514,آتيمس,صندوق س.آرمان آتيه درخشان مس-س,200,26994,4867593247,175171,175883,181640,6469,3.69,180321,5150,2.94,171003,182750,1400-10-1,2021-12-22
515,پارسيان,بيمه پارسيان,200,1151764,10277906630,8540,8600,8860,320,3.75,8760,220,2.58,8600,8960,1400-10-1,2021-12-22
516,فسپا,گروه‌صنعتي‌سپاهان‌,197,1114888,18926010850,16190,16320,16990,800,4.94,16980,790,4.88,16320,16990,1400-10-1,2021-12-22
517,ركيش,كارت اعتباري ايران كيش,196,1569821,9031672930,5540,5680,5810,270,4.87,5670,130,2.35,5460,5810,1400-10-1,2021-12-22
518,پلاسك,پلاسكوكار,196,1346942,5430979997,3863,3998,4056,193,5,3921,58,1.5,3855,4056,1400-10-1,2021-12-22
519,سپ,پرداخت الكترونيك سامان كيش,194,290153,9348401990,30930,32080,32000,1070,3.46,31120,190,0.61,30910,32470,1400-10-1,2021-12-22
520,كسعدي,كاشي‌ سعدي‌,194,1572733,11369649630,6900,6940,7240,340,4.93,7140,240,3.48,6940,7240,1400-10-1,2021-12-22
521,شصفها,پتروشيمي‌ اصفهان‌,194,155050,18863068712,121460,122650,120500,-960,-0.79,121658,198,0.16,119210,123580,1400-10-1,2021-12-22
522,شوينده,مديريت صنعت شوينده ت.ص.بهشهر,193,470049,9355968780,19400,20010,19910,510,2.63,19710,310,1.6,19720,20040,1400-10-1,2021-12-22
523,افق ملت,صندوق س در سهام افق ملت,192,63038,8783711690,134040,135000,140000,5960,4.45,139340,5300,3.95,135000,147430,1400-10-1,2021-12-22
524,فلامي,لاميران‌,191,633406,12243276760,18840,19690,19460,620,3.29,19230,390,2.07,18850,19700,1400-10-1,2021-12-22
525,آساميد,صندوق س.مشترك آسمان اميد -د,189,2358550,32281743180,13678,13689,13687,9,0.07,13687,9,0.07,13686,13693,1400-10-1,2021-12-22
526,كهربا,صندوق س.پشتوانه سكه طلا كهربا,187,1026401,11364174613,11014,11167,11000,-14,-0.13,11072,58,0.53,11000,11167,1400-10-1,2021-12-22
527,تكنو,تكنوتار,187,1280098,8628370170,6530,6670,6690,160,2.45,6650,120,1.84,6600,6850,1400-10-1,2021-12-22
528,درازك,دارويي‌ رازك‌,186,351774,11861378140,32270,32740,33880,1610,4.99,33340,1070,3.32,30740,33880,1400-10-1,2021-12-22
529,اعتلا,شركت سرمايه گذاري اعتلاء البرز,186,2163108,7850065010,3468,3549,3630,162,4.67,3548,80,2.31,3463,3641,1400-10-1,2021-12-22
530,درهآور,دارويي ره آورد تامين,185,661353,13495094404,19437,20250,20408,971,5,20300,863,4.44,20250,20408,1400-10-1,2021-12-22
531,قنقش,قند نقش جهان,184,176017,23045199542,128363,126020,130930,2567,2,130926,2563,2,126020,130930,1400-10-1,2021-12-22
532,سپاها,سيمان‌سپاهان‌,183,2954646,20787863590,6710,7000,7040,330,4.92,7040,330,4.92,6760,7040,1400-10-1,2021-12-22
533,ثامان,سامان‌ گستراصفهان‌,182,587645,5409767650,8950,8940,9190,240,2.68,9040,90,1.01,8800,9350,1400-10-1,2021-12-22
534,ماني,صندوق س. با درآمد ثابت ماني,181,3814847,40690596719,10662,10666,10667,5,0.05,10666,4,0.04,10666,10668,1400-10-1,2021-12-22
535,كساپا,سايپاشيشه‌,181,584838,9180616410,14970,15710,15710,740,4.94,15430,460,3.07,15250,15710,1400-10-1,2021-12-22
536,دعبيد,لابراتوارداروسازي‌  دكترعبيدي‌,180,343782,6621139660,18830,19540,19390,560,2.97,18910,80,0.42,19090,19540,1400-10-1,2021-12-22
537,نتوس,پشم‌ بافي‌ توس,179,741290,8228471351,10874,11285,11126,252,2.32,11054,180,1.66,10800,11416,1400-10-1,2021-12-22
538,تسه9911,امتياز تسهيلات مسكن بهمن99,179,2693,2347268478,912215,866605,866605,-45610,-5,871618,-40597,-4.45,866605,920000,1400-10-1,2021-12-22
539,ولتجار,واسپاري تجارت وسرمايه ايرانيان,179,3134608,8488976955,2642,2720,2721,79,2.99,2696,54,2.04,2640,2721,1400-10-1,2021-12-22
540,آ س پ,آ.س.پ,178,2511326,14612542041,5544,5821,5821,277,5,5798,254,4.58,5700,5821,1400-10-1,2021-12-22
541,ثغرب,شركت سرمايه گذاري مسكن شمالغرب,176,2533770,8572752013,3270,3360,3391,121,3.7,3340,70,2.14,3300,3420,1400-10-1,2021-12-22
542,كارا,صندوق س. كارا -د,175,7050111,73429940004,10409,10416,10415,6,0.06,10415,6,0.06,10415,10416,1400-10-1,2021-12-22
543,سجام,مجتمع سيمان غرب آسيا,174,1844469,3874468421,2128,2066,2112,-16,-0.75,2117,-11,-0.52,2065,2178,1400-10-1,2021-12-22
544,شتوكاح,ح . توكا رنگ فولاد سپاهان,174,420006,4766441004,11398,10941,11170,-228,-2,11349,-49,-0.43,10940,11858,1400-10-1,2021-12-22
545,زشگزا,شير و گوشت زاگرس شهركرد,173,4345321,21047002495,4615,4780,4845,230,4.98,4844,229,4.96,4780,4845,1400-10-1,2021-12-22
546,دكپسول,توليد ژلاتين كپسول ايران,173,392516,12111354873,29399,30250,30868,1469,5,30490,1091,3.71,30060,30868,1400-10-1,2021-12-22
547,سقاين,سيمان‌ قائن‌,173,185491,7864607350,40730,40730,42760,2030,4.98,41540,810,1.99,40300,42760,1400-10-1,2021-12-22
548,كروي,توسعه‌ معادن‌ روي‌ ايران‌,172,1074953,24802521280,22000,22500,23100,1100,5,23070,1070,4.86,22490,23100,1400-10-1,2021-12-22
549,سرود,سيمان‌شاهرود,171,655985,13480498140,19730,19890,20470,740,3.75,20400,670,3.4,19890,20710,1400-10-1,2021-12-22
550,سصوفي,سيمان‌ صوفيان‌,171,820818,11229135310,13060,13330,13710,650,4.98,13500,440,3.37,13330,13710,1400-10-1,2021-12-22
551,سفانو,سيمان فارس نو,170,435297,10583715780,23210,23600,24370,1160,5,23970,760,3.27,23600,24370,1400-10-1,2021-12-22
552,سخاش,سيمان‌خاش‌,170,85379,7504846990,83890,86400,88080,4190,4.99,85830,1940,2.31,86300,88080,1400-10-1,2021-12-22
553,تسه9910,امتياز تسهيلات مسكن دي99,170,2885,2516754456,907140,871001,884000,-23140,-2.55,872359,-34781,-3.83,861783,952497,1400-10-1,2021-12-22
554,دسبحا,گروه دارويي سبحان,167,520287,10232202460,19540,19780,19600,60,0.31,19590,50,0.26,19540,20380,1400-10-1,2021-12-22
555,آرمان,بيمه آرمان,166,793815,4262122491,5516,5351,5351,-165,-2.99,5450,-66,-1.2,5351,5496,1400-10-1,2021-12-22
556,خپويش,سازه‌ پويش‌,166,106671,7483930080,68620,71700,70970,2350,3.42,69410,790,1.15,68670,71700,1400-10-1,2021-12-22
557,حخزر,كشتيراني درياي خزر,165,393693,5140737558,12779,12685,13090,311,2.43,12879,100,0.78,12685,13295,1400-10-1,2021-12-22
558,لوتوس,تامين سرمايه لوتوس پارسيان,163,1130645,6477573870,5700,5790,5740,40,0.7,5710,10,0.18,5700,5940,1400-10-1,2021-12-22
559,مرقام,ايران‌ارقام‌,161,1075474,10309636380,9140,9590,9590,450,4.92,9450,310,3.39,9180,9590,1400-10-1,2021-12-22
560,خاور,ايران خودرو ديزل,160,5848762,6737773824,1119,1152,1152,33,2.95,1132,13,1.16,1152,1152,1400-10-1,2021-12-22
561,دفارا,داروسازي‌ فارابي‌,160,202202,2674958400,12930,13000,13260,330,2.55,12980,50,0.39,13000,13470,1400-10-1,2021-12-22
562,شفارا,پتروشيمي فارابي,159,2048620,13005500711,6166,6060,6350,184,2.98,6348,182,2.95,6060,6350,1400-10-1,2021-12-22
563,وپخش,داروپخش‌ (هلدينگ‌,158,205189,6882967060,33510,32730,33520,10,0.03,33510,0,0,32730,34200,1400-10-1,2021-12-22
564,سكرد,سيمان كردستان,155,851203,3895883045,4405,4350,4588,183,4.15,4448,43,0.98,4350,4600,1400-10-1,2021-12-22
565,مداران,داده‌پردازي‌ايران‌,154,432899,6002928820,13430,13300,13810,380,2.83,13600,170,1.27,13300,14100,1400-10-1,2021-12-22
566,رمپنا,گروه مپنا (سهامي عام),153,2907083,46077265550,15100,15850,15850,750,4.97,15370,270,1.79,15850,15850,1400-10-1,2021-12-22
567,خاتم,صندوق س خاتم ايساتيس پويا-ثابت,152,2469999,30940693884,12516,12527,12526,10,0.08,12527,11,0.09,12525,12530,1400-10-1,2021-12-22
568,دشيمي,شيمي‌ داروئي‌ داروپخش‌,152,529442,11962988320,21540,22150,22610,1070,4.97,22340,800,3.71,22150,22610,1400-10-1,2021-12-22
569,كطبس,ذغال‌سنگ‌ نگين‌ ط‌بس‌,151,202059,9352858510,44340,45000,46250,1910,4.31,45530,1190,2.68,45000,46550,1400-10-1,2021-12-22
570,داوه,داروسازي آوه سينا,151,386093,3540458567,8912,9200,9162,250,2.81,8970,58,0.65,9062,9279,1400-10-1,2021-12-22
571,حسينا,توسعه خدمات دريايي وبندري سينا,151,472458,19807544338,40075,40365,42078,2003,5,41924,1849,4.61,40364,42078,1400-10-1,2021-12-22
572,دارو,كارخانجات‌داروپخش‌,150,382399,11563692340,29340,30000,30000,660,2.25,29910,570,1.94,29800,30660,1400-10-1,2021-12-22
573,اطلس2,صندوق س.توسعه اندوخته آينده-س,150,1500000,1500000,239306,1,1,-239305,-100,1,-239305,-100,1,1,1400-10-1,2021-12-22
574,ضجار1020,اختيارخ وتجارت-1600-1400/10/15,149,1954,747483000,272,333,418,146,53.68,383,111,40.81,320,430,1400-10-1,2021-12-22
575,حآفرين,ريل پرداز نو آفرين,149,1835343,8659148274,4966,4718,4718,-248,-4.99,4813,-153,-3.08,4718,4718,1400-10-1,2021-12-22
576,دجابر,داروسازي‌ جابرابن‌حيان‌,149,703834,7621910020,10360,10400,10870,510,4.92,10600,240,2.32,10400,10870,1400-10-1,2021-12-22
577,سيمرغ,سيمرغ,148,682159,16624214830,23210,24370,24370,1160,5,24370,1160,5,24370,24370,1400-10-1,2021-12-22
578,دروز,داروسازي‌ روزدارو,148,300490,7146736110,23490,24430,23670,180,0.77,23640,150,0.64,23200,24650,1400-10-1,2021-12-22
579,معيار ,سرمايه گذاري معيار صنعت پارس,148,253059,10143094691,41027,41200,40400,-627,-1.53,40082,-945,-2.3,39797,41475,1400-10-1,2021-12-22
580,دپارس,پارس‌ دارو,147,151613,4390029560,28080,29270,28650,570,2.03,28330,250,0.89,28260,29470,1400-10-1,2021-12-22
581,شستان,پتروشيمي گلستان,147,901483,3124241083,3456,3394,3525,69,2,3462,6,0.17,3390,3525,1400-10-1,2021-12-22
582,ضخود1050,اختيارخ خودرو-1600-1400/10/08,146,8205,3031292000,282,290,411,129,45.74,369,87,30.85,290,411,1400-10-1,2021-12-22
583,هجرت,پخش هجرت,145,197536,5418782361,26541,27675,27499,958,3.61,26863,322,1.21,27138,27868,1400-10-1,2021-12-22
584,وملت,سرمايه گذاري ملت,145,2515267,5654309587,2205,2170,2249,44,2,2248,43,1.95,2170,2249,1400-10-1,2021-12-22
585,پرداخت,به پرداخت ملت,145,419408,5257971390,12220,12260,12550,330,2.7,12330,110,0.9,12210,12700,1400-10-1,2021-12-22
586,وبهمن,سرمايه‌گذاري‌بهمن‌,144,383528,5420397770,13900,13540,14270,370,2.66,13980,80,0.58,13540,14380,1400-10-1,2021-12-22
587,تسه9901,امتياز تسهيلات مسكن فروردين99,142,1113,975389880,909934,864450,873011,-36923,-4.06,876361,-33573,-3.69,864438,899990,1400-10-1,2021-12-22
588,كشرق,صنعتي و معدني شمال شرق شاهرود,140,163282,11361771495,66400,64753,69720,3320,5,68723,2323,3.5,64753,69720,1400-10-1,2021-12-22
589,تسه9907,امتياز تسهيلات مسكن مهر99,139,1370,1197765066,907557,910000,880000,-27557,-3.04,874281,-33276,-3.67,862180,952934,1400-10-1,2021-12-22
590,وبشهر,توسعه‌ صنايع‌ بهشهر(هلدينگ,139,1836166,12958861330,6730,6770,7060,330,4.9,6830,100,1.49,6770,7060,1400-10-1,2021-12-22
591,دسبحان,سبحان دارو,138,344353,4892575840,13860,14000,14300,440,3.17,13970,110,0.79,14000,14340,1400-10-1,2021-12-22
592,تليسه,دامداري تليسه نمونه,138,2134123,4342940305,1939,2035,2035,96,4.95,1965,26,1.34,2035,2035,1400-10-1,2021-12-22
593,ثباغ,شهر سازي و خانه سازي باغميشه,138,570745,4355222896,7358,7610,7580,222,3.02,7436,78,1.06,7550,7715,1400-10-1,2021-12-22
594,ددام,داروسازي زاگرس فارمد پارس,136,833817,6736789970,7710,8040,8090,380,4.93,7880,170,2.2,7940,8090,1400-10-1,2021-12-22
595,تشتاد,صنايع توليدي اشتاد ايران‌,135,1188891,5314123524,4481,4535,4530,49,1.09,4475,-6,-0.13,4348,4570,1400-10-1,2021-12-22
596,سهگمت,سيمان‌هگمتان‌,135,292684,5974562180,19910,20000,20490,580,2.91,20100,190,0.95,20000,20850,1400-10-1,2021-12-22
597,شپاس,نفت پاسارگاد,134,601593,9326080504,14774,15350,15512,738,5,15212,438,2.96,15158,15512,1400-10-1,2021-12-22
598,وتعاون,بيمه  تعاون,134,1324056,2172216073,1665,1616,1660,-5,-0.3,1660,-5,-0.3,1616,1690,1400-10-1,2021-12-22
599,حبندرح,ح.دريايي وكشتيراني خط دريابندر,134,501486,5491229530,10710,10451,11031,321,3,10950,240,2.24,10451,11031,1400-10-1,2021-12-22
600,فبيرا,بسته‌ بندي‌ ايران‌,134,2978864,5466987898,1799,1823,1800,1,0.06,1818,19,1.06,1787,1852,1400-10-1,2021-12-22
601,گوهران,سرمايه گذاري توسعه گوهران اميد,133,978461,5276216132,5251,5370,5327,76,1.45,5296,45,0.86,5325,5470,1400-10-1,2021-12-22
602,سشرق,سيمان‌ شرق‌,133,1696596,11426246270,6420,6570,6740,320,4.98,6640,220,3.43,6570,6740,1400-10-1,2021-12-22
603,زعف0110پ20,زعفران0110نگين وحدت جام(پ),132,49896,18350207805,360477,368000,368999,8522,2.36,367769,7292,2.02,364003,370010,1400-10-1,2021-12-22
604,پاسا,ايران‌ياساتايرورابر,132,976738,12952056370,12640,12800,13270,630,4.98,13130,490,3.88,12800,13270,1400-10-1,2021-12-22
605,تكنار,مجتمع معادن مس تكنار,132,73774,3859621145,51436,52450,52975,1539,2.99,51776,340,0.66,51410,52979,1400-10-1,2021-12-22
606,بكاب,صنايع‌جوشكاب‌يزد,132,108714,9166764480,80310,84320,84320,4010,4.99,82670,2360,2.94,84320,84320,1400-10-1,2021-12-22
607,وتوس,توسعه‌شهري‌توس‌گستر,130,1208632,9939468580,7850,8130,8240,390,4.97,8090,240,3.06,7960,8240,1400-10-1,2021-12-22
608,وتوشه,سرمايه‌ گذاري‌ پارس‌ توشه‌,130,1277474,6902248160,5190,5350,5350,160,3.08,5290,100,1.93,5290,5440,1400-10-1,2021-12-22
609,كيسون,شركت كيسون,130,11380234,19346397800,1621,1700,1700,79,4.87,1700,79,4.87,1700,1700,1400-10-1,2021-12-22
610,زكشت,كشاورزي مكانيزه اصفهان كشت,130,658274,11543926326,16713,17540,17548,835,5,17338,625,3.74,17390,17548,1400-10-1,2021-12-22
611,زدشت,كشت و صنعت دشت خرم دره,129,588861,7569282545,12249,12750,12861,612,5,12518,269,2.2,12390,12861,1400-10-1,2021-12-22
612,زفكا,كشت و دامداري فكا,127,2297156,17954191899,7449,7780,7821,372,4.99,7816,367,4.93,7620,7821,1400-10-1,2021-12-22
613,خفولا,خدمات فني فولاد يزد,126,313102,7199154286,24203,22993,22993,-1210,-5,23284,-919,-3.8,22993,22993,1400-10-1,2021-12-22
614,واتي,سرمايه‌ گذاري‌ آتيه‌ دماوند,125,1633263,15546624530,9080,9290,9530,450,4.96,9480,400,4.41,9290,9530,1400-10-1,2021-12-22
615,ساربيل,سيمان آرتا اردبيل,125,456773,10064621830,21020,21430,22070,1050,5,21670,650,3.09,21430,22070,1400-10-1,2021-12-22
616,شاملا,معدني‌ املاح‌  ايران‌,124,1322034,16310992180,11760,12330,12340,580,4.93,12340,580,4.93,12110,12340,1400-10-1,2021-12-22
617,دبالك,مواد اوليه دارويي البرز بالك,124,1185989,8476263383,6807,7147,7147,340,4.99,6985,178,2.61,7147,7147,1400-10-1,2021-12-22
618,تسه9903,امتياز تسهيلات مسكن خرداد99,123,1066,929175340,915957,870160,870160,-45797,-5,871647,-44310,-4.84,870160,880000,1400-10-1,2021-12-22
619,تسه9904,امتياز تسهيلات مسكن تير99,123,1149,1024586106,905904,860609,880000,-25904,-2.86,891720,-14184,-1.57,860609,951198,1400-10-1,2021-12-22
620,مارون,پتروشيمي مارون,122,101024,17734504828,173009,173000,175600,2591,1.5,173454,445,0.26,173000,177334,1400-10-1,2021-12-22
621,شكبير,پتروشيمي اميركبير,121,131226,12635575671,93656,96000,95590,1934,2.07,93982,326,0.35,93111,96465,1400-10-1,2021-12-22
622,اخزا002,اسنادخزانه-م2بودجه00-031024,121,171912,84976804000,491806,492990,500000,8194,1.67,494300,2494,0.51,490510,500000,1400-10-1,2021-12-22
623,ضصاد1113,اختيارخ وبصادر-2000-1400/11/06,119,5140,412732000,35,59,119,84,240,80,45,128.57,53,120,1400-10-1,2021-12-22
624,وبازار,صندوق س شاخصي بازارآشنا,117,749531,8948110030,11440,11650,12100,660,5.77,11940,500,4.37,11650,12120,1400-10-1,2021-12-22
625,وتوكا,سرمايه‌گذاري‌توكافولاد(هلدينگ,117,899897,6759842750,7190,7400,7540,350,4.87,7330,140,1.95,7250,7540,1400-10-1,2021-12-22
626,جمح,ح . پتروشيمي جم,116,2190733,102661547000,46500,46500,47500,1000,2.15,46860,360,0.77,46500,48000,1400-10-1,2021-12-22
627,قشهد,شهد,115,197022,2738509850,13550,13990,13880,330,2.44,13610,60,0.44,13660,14190,1400-10-1,2021-12-22
628,حپارسا,توسعه حمل و نقل ريلي پارسيان,115,372110,10823679017,27707,28000,29092,1385,5,28628,921,3.32,28000,29092,1400-10-1,2021-12-22
629,ولصنم,ليزينگ‌صنعت‌ومعدن‌,115,909243,3401478063,3563,3741,3741,178,5,3600,37,1.04,3741,3741,1400-10-1,2021-12-22
630,ثاصفا,شركت‌ ساختمان‌ اصفهان‌,114,304617,2445638063,8007,8049,8018,11,0.14,8015,8,0.1,7920,8200,1400-10-1,2021-12-22
631,كپرور,فرآوري زغال سنگ پروده طبس,114,417330,11167710697,25588,26470,26867,1279,5,26431,843,3.29,25913,26867,1400-10-1,2021-12-22
632,دحاوي,الحاوي,111,1245931,5437563868,4245,4150,4350,105,2.47,4310,65,1.53,4150,4372,1400-10-1,2021-12-22
633,كحافظ,كاشي‌ وسراميك‌ حافظ‌,110,1656294,6149819622,3537,3713,3713,176,4.98,3605,68,1.92,3713,3713,1400-10-1,2021-12-22
634,تسه9812,امتياز تسهيلات مسكن اسفند98,107,1203,1071955567,903183,919709,899625,-3558,-0.39,891069,-12114,-1.34,858120,919710,1400-10-1,2021-12-22
635,سمتاز,سيمان ممتازان كرمان,107,578176,9007982080,15127,15580,15580,453,2.99,15484,357,2.36,15580,15580,1400-10-1,2021-12-22
636,دالبر,البرزدارو,107,203190,2454507060,11710,12000,12000,290,2.48,11770,60,0.51,11770,12290,1400-10-1,2021-12-22
637,زقيام,كشت و دام قيام اصفهان,106,4492158,5408558232,1147,1204,1204,57,4.97,1167,20,1.74,1204,1204,1400-10-1,2021-12-22
638,سيدكو,سرمايه گذاري توسعه صنايع سيمان,106,694772,4078053770,5690,5680,5860,170,2.99,5740,50,0.88,5680,5950,1400-10-1,2021-12-22
639,بساما,بيمه سامان,105,191392,3859739345,19645,19350,20150,505,2.57,19766,121,0.62,19350,20626,1400-10-1,2021-12-22
640,كصدف,كاشي صدف سرام استقلال آباده,105,283422,5626630053,19285,19863,19863,578,3,19598,313,1.62,19258,19863,1400-10-1,2021-12-22
641,رتكو,كنترل‌خوردگي‌تكين‌كو,105,731239,5294170360,6900,7240,7240,340,4.93,7020,120,1.74,7240,7240,1400-10-1,2021-12-22
642,دارا,صندوق س. دارا الگوريتم-د,104,1062191,10561859463,10086,9945,9942,-144,-1.43,9943,-143,-1.42,9941,9980,1400-10-1,2021-12-22
643,وارس,سرمايه گذاري ارس صبا,103,1056993,11554450480,10620,10502,10938,318,2.99,10931,311,2.93,10502,10938,1400-10-1,2021-12-22
644,زشريف,كشت وصنعت شريف آباد,101,4596587,13366874996,2770,2908,2908,138,4.98,2885,115,4.15,2908,2908,1400-10-1,2021-12-22
645,غناب,روغن‌ نباتي‌ ناب,100,36514,4895431980,130166,134070,134070,3904,3,131978,1812,1.39,134070,134070,1400-10-1,2021-12-22
646,طمخا1040,اختيارف اخابر-14000-1400/10/26,100,9950,69182350000,7099,6953,6953,-146,-2.06,6953,-146,-2.06,6953,6953,1400-10-1,2021-12-22
647,زبينا,كشاورزي و دامپروري بينالود,100,2223326,4791267530,2053,2155,2155,102,4.97,2084,31,1.51,2155,2155,1400-10-1,2021-12-22
648,دقاضي,داروسازي شهيد قاضي,99,210930,5134030764,23752,24400,24001,249,1.05,24065,313,1.32,23950,24464,1400-10-1,2021-12-22
649,قهكمت,قندهكمتان‌,99,884526,3945605434,4253,4308,4465,212,4.98,4305,52,1.22,4308,4465,1400-10-1,2021-12-22
650,كامياب2,صندوق س. كامياب آشنا-د,97,9700000,9700000,11104,1,1,-11103,-99.99,1,-11103,-99.99,1,1,1400-10-1,2021-12-22
651,سخوز,سيمان خوزستان,97,153792,3597068700,22950,23650,23240,290,1.26,23050,100,0.44,23030,23650,1400-10-1,2021-12-22
652,حآسا,آسيا سير ارس,96,928641,10970036133,11251,11813,11813,562,5,11658,407,3.62,11813,11813,1400-10-1,2021-12-22
653,بخاور,بيمه زندگي خاورميانه,96,1425697,3189134122,2221,2123,2235,14,0.63,2224,3,0.14,2123,2281,1400-10-1,2021-12-22
654,كقزوي,شيشه‌ قزوين‌,96,438992,3610568576,8001,8241,8200,199,2.49,8078,77,0.96,8060,8241,1400-10-1,2021-12-22
655,ثرود,سرمايه‌گذاري مسكن زاينده رود,95,738318,4326543480,5581,5860,5860,279,5,5653,72,1.29,5860,5860,1400-10-1,2021-12-22
656,بذر,صندوق س بذر اميد آفرين-سهام,95,18762,1827168150,94550,95970,97000,2450,2.59,97390,2840,3,95970,98500,1400-10-1,2021-12-22
657,دتوليد,داروسازي توليد دارو,93,817446,6780714570,7900,8295,8295,395,5,8055,155,1.96,8295,8295,1400-10-1,2021-12-22
658,ساذري,آذريت‌,93,117305,1101611255,9681,9391,9391,-290,-3,9648,-33,-0.34,9391,9391,1400-10-1,2021-12-22
659,قمرو,قند مرودشت‌,92,688148,14513972640,20160,20450,21160,1000,4.96,21010,850,4.22,20450,21160,1400-10-1,2021-12-22
660,دسينا,داروسازي‌ سينا,91,710593,14805621570,19990,19470,20980,990,4.95,20790,800,4,19470,20980,1400-10-1,2021-12-22
661,دكيمي,كيميدارو,90,197615,3546983600,17490,17500,17810,320,1.83,17600,110,0.63,17500,18240,1400-10-1,2021-12-22
662,ساينا,صنايع بهداشتي ساينا,90,38335,2998832045,74502,78227,78227,3725,5,75218,716,0.96,78227,78227,1400-10-1,2021-12-22
663,زماهان,مجتمع توليد گوشت مرغ ماهان,89,2129084,13572910500,6072,6375,6375,303,4.99,6338,266,4.38,6375,6375,1400-10-1,2021-12-22
664,رنيك,جنرال مكانيك,89,446838,4827464779,10290,10660,10804,514,5,10445,155,1.51,10660,10804,1400-10-1,2021-12-22
665,زعف0008پ10,زعفران0008نگين طلاي سرخ(پ),88,57886,14759530034,263238,269990,258900,-4338,-1.65,254976,-8262,-3.14,250000,269990,1400-10-1,2021-12-22
666,اخزا008,اسنادخزانه-م8بودجه00-030919,88,209458,106020012120,505760,505760,506700,940,0.19,506160,400,0.08,504000,506700,1400-10-1,2021-12-22
667,ولانا,شركت ليزينگ آريا دانا,88,453156,4461326365,9563,9752,9849,286,2.99,9819,256,2.68,9752,9849,1400-10-1,2021-12-22
668,فافق,صنايع مس افق كرمان,87,1276174,4223542232,3214,3307,3310,96,2.99,3253,39,1.21,3215,3310,1400-10-1,2021-12-22
669,تسه9811,امتياز تسهيلات مسكن بهمن98,87,629,547558273,912741,867104,867104,-45637,-5,870522,-42219,-4.63,867104,880000,1400-10-1,2021-12-22
670,آريان,سرمايه گذاري پارس آريان,87,2874607,40276118677,13603,14011,14011,408,3,13763,160,1.18,14011,14011,1400-10-1,2021-12-22
671,ما,بيمه  ما,86,553972,2580032571,4502,4688,4670,168,3.73,4528,26,0.58,4575,4720,1400-10-1,2021-12-22
672,حشكوه,دليجان طلايي شكوه پارس,86,2524505,8682534317,3545,3439,3439,-106,-2.99,3450,-95,-2.68,3439,3487,1400-10-1,2021-12-22
673,اوصتا,صندوق انديشه ورزان صباتامين -د,85,1113097,23293871007,20917,20927,20928,11,0.05,20927,10,0.05,20927,20928,1400-10-1,2021-12-22
674,سپاس,صندوق س. پاداش سهامداري-ثابت,84,1097468,11073793226,10084,10090,10091,7,0.07,10090,6,0.06,10087,10091,1400-10-1,2021-12-22
675,خلنت,لنت‌ ترمزايران‌,81,215642,12584867120,55590,58360,58360,2770,4.98,57790,2200,3.96,58360,58360,1400-10-1,2021-12-22
676,وكادو,تكادو,80,1171094,16984952648,14083,14359,14505,422,3,14503,420,2.98,14358,14505,1400-10-1,2021-12-22
677,وبرق,س.کارکنان صنعت برق زنجان وقزوي,79,31560,3001135080,98034,95093,95093,-2941,-3,97374,-660,-0.67,95093,95093,1400-10-1,2021-12-22
678,ارمغان,ص سرمايه گذاري ارمغان ايرانيان,77,635079,6403216564,10082,10088,10083,1,0.01,10083,1,0.01,10079,10088,1400-10-1,2021-12-22
679,وامين,س. امين توان آفرين ساز,76,123471,1549469464,12562,12562,12562,0,0,12562,0,0,12436,12640,1400-10-1,2021-12-22
680,زعف0008پ05,زعفران0008نگين زرين(پ),75,77474,20240151294,262977,266800,260000,-2977,-1.13,261251,-1726,-0.66,260000,266800,1400-10-1,2021-12-22
681,غمهرا,توليدي‌مهرام‌,75,788105,7707666900,9320,9780,9780,460,4.94,9550,230,2.47,9780,9780,1400-10-1,2021-12-22
682,اخزا812,اسنادخزانه-م12بودجه98-001111,75,50258,49080073560,974514,967010,976260,1746,0.18,976560,2046,0.21,967010,978000,1400-10-1,2021-12-22
683,اخزا811,اسنادخزانه-م11بودجه98-001013,75,112188,111262967260,990007,991100,991960,1953,0.2,991750,1743,0.18,990120,992000,1400-10-1,2021-12-22
684,تسه9906,امتياز تسهيلات مسكن شهريور99,73,415,374927185,950988,903439,903439,-47549,-5,903439,-47549,-5,903439,903439,1400-10-1,2021-12-22
685,كبورس,كارگزاران بورس اوراق بهادار,72,5011892,53166190320,11010,10460,11000,-10,-0.09,10650,-360,-3.27,10460,11000,1400-10-1,2021-12-22
686,وسنا,سرمايه گذاري نيروگاهي ايران,72,356222,3741399666,11055,10503,10503,-552,-4.99,10913,-142,-1.28,10503,10503,1400-10-1,2021-12-22
687,حگردش,ريل گردش ايرانيان,72,1172011,4888457881,4299,4171,4171,-128,-2.98,4234,-65,-1.51,4171,4171,1400-10-1,2021-12-22
688,سشمال,سيمان‌ شمال‌,71,348136,2603381560,7290,7390,7510,220,3.02,7320,30,0.41,7390,7550,1400-10-1,2021-12-22
689,سجامح,ح.مجتمع سيمان غرب آسيا,70,1067056,780810016,713,694,734,21,2.95,732,19,2.66,694,734,1400-10-1,2021-12-22
690,ضصاد1112,اختيارخ وبصادر-1800-1400/11/06,70,3186,528964000,92,160,200,108,117.39,166,74,80.43,157,220,1400-10-1,2021-12-22
691,قپيرا,فرآورده‌هاي‌غدايي‌وقندپيرانشهر,70,280453,2222534610,7600,7840,7700,100,1.32,7650,50,0.66,7630,7980,1400-10-1,2021-12-22
692,خكاوه,سايپا ديزل,70,2584948,8437270272,3169,3264,3264,95,3,3241,72,2.27,3264,3264,1400-10-1,2021-12-22
693,وآفري,بيمه كارآفرين,68,1152661,4323364647,3643,3744,3752,109,2.99,3676,33,0.91,3662,3752,1400-10-1,2021-12-22
694,سكه0012پ04,تمام سكه طرح جديد0012صادرات,68,15100,19727286400,1306222,1314890,1295103,-11119,-0.85,1306443,221,0.02,1295103,1316600,1400-10-1,2021-12-22
695,تپولا,مهندسي مرآت پولاد,66,212339,3259191311,15823,15349,15349,-474,-3,15662,-161,-1.02,15349,15349,1400-10-1,2021-12-22
696,اعتلاح,ح سرمايه گذاري اعتلاء البرز,65,558607,814555146,1394,1438,1463,69,4.95,1458,64,4.59,1401,1463,1400-10-1,2021-12-22
697,داريوش,صندوق س. ثروت داريوش -س,65,222538,2150312803,9470,9500,9730,260,2.75,9663,193,2.04,9500,9780,1400-10-1,2021-12-22
698,اخزا006,اسنادخزانه-م6بودجه00-030723,64,179973,94047087030,521401,522000,524910,3509,0.67,522560,1159,0.22,520610,524910,1400-10-1,2021-12-22
699,فنورد,نوردوقطعات‌ فولادي‌,63,63340,10337088000,155430,163200,163200,7770,5,160270,4840,3.11,163200,163200,1400-10-1,2021-12-22
700,اخزا001,اسنادخزانه-م1بودجه00-030821,63,181409,93174964180,511819,513000,515680,3861,0.75,513620,1801,0.35,512480,515690,1400-10-1,2021-12-22
701,اخزا910,اسنادخزانه-م10بودجه99-020807,63,137592,90138567280,654031,654940,655970,1939,0.3,655110,1079,0.16,652550,656000,1400-10-1,2021-12-22
702,زعف0008پ11,زعفران0008نگين سحرخيز(پ),62,52544,14293418159,271198,270000,276000,4802,1.77,272028,830,0.31,270000,276101,1400-10-1,2021-12-22
703,پسهند,صنايع‌ لاستيكي‌  سهند,62,257099,7151696710,26570,27830,27890,1320,4.97,27120,550,2.07,27130,27890,1400-10-1,2021-12-22
704,دمعيار,صندوق س. توازن معيار-د,62,3208099,32080983000,10010,10004,9999,-11,-0.11,10000,-10,-0.1,9999,10004,1400-10-1,2021-12-22
705,قصفها,قنداصفهان‌,60,104765,7223546750,65670,68950,68950,3280,4.99,67200,1530,2.33,68950,68950,1400-10-1,2021-12-22
706,ضملت1132,اختيارخ وبملت-2500-1400/11/13,59,2443,1955592000,621,720,774,153,24.64,800,179,28.82,703,830,1400-10-1,2021-12-22
707,سمتا022,سلف موازي استاندارد سمتا022,58,5764600,4999914280800,867348,867348,867348,0,0,867348,0,0,867348,867348,1400-10-1,2021-12-22
708,اخزا004,اسنادخزانه-م4بودجه00-030522,57,196228,106633830540,542020,541110,545790,3770,0.7,543420,1400,0.26,541110,545790,1400-10-1,2021-12-22
709,شساخت,مهندسي و ساختمان صنايع نفت,57,223400,9795664020,43797,43205,43820,23,0.05,43808,11,0.03,43205,44100,1400-10-1,2021-12-22
710,سيناد,صندوق س.سپهرسودمند سينا-د,56,2818702,28182897236,10053,10000,9996,-57,-0.57,9999,-54,-0.54,9996,10000,1400-10-1,2021-12-22
711,آسام,صندوق س.آرمان سپهر آشنا-م,54,139230,16469201950,117182,117300,119000,1818,1.55,118288,1106,0.94,117300,120000,1400-10-1,2021-12-22
712,اخزا005,اسنادخزانه-م5بودجه00-030626,54,78361,41678217130,530837,531490,534000,3163,0.6,531870,1033,0.19,531490,534360,1400-10-1,2021-12-22
713,صايند,صندوق س. گنجينه آينده روشن-د,54,361540,3658868450,10087,10110,10118,31,0.31,10120,33,0.33,10110,10124,1400-10-1,2021-12-22
714,ثمين,صندوق س. ثروت افزون ثمين-س,54,161787,1692453491,10202,10390,10480,278,2.72,10461,259,2.54,10200,10500,1400-10-1,2021-12-22
715,تماوند,تامين سرمايه دماوند,53,703704,4086858165,5759,5931,5760,1,0.02,5771,12,0.21,5760,5931,1400-10-1,2021-12-22
716,وثخوز,سرمايه گذاري و توسعه خوزستان,52,274269,8249188713,29201,30077,30077,876,3,29903,702,2.4,30077,30077,1400-10-1,2021-12-22
717,ضخود2018,اختيارخ خودرو-2000-1401/02/07,51,2266,1023304000,392,380,470,78,19.9,452,60,15.31,370,470,1400-10-1,2021-12-22
718,زگلدشت,كشت و دام گلدشت نمونه اصفهان,50,900501,8208066615,8681,9115,9115,434,5,8905,224,2.58,9115,9115,1400-10-1,2021-12-22
719,ضملي1160,اختيارخ فملي-6000-1400/11/03,47,887,1723598000,776,960,990,214,27.58,972,196,25.26,750,990,1400-10-1,2021-12-22
720,ضملت1134,اختيارخ وبملت-3500-1400/11/13,46,1502,173165000,68,100,133,65,95.59,115,47,69.12,80,135,1400-10-1,2021-12-22
721,اخزا007,اسنادخزانه-م7بودجه00-030912,46,349119,177403259000,507733,504130,509500,1767,0.35,508150,417,0.08,504130,509500,1400-10-1,2021-12-22
722,زمگسا,كشاورزي‌ ودامپروي‌ مگسال‌,46,144387,2538323460,16750,17580,17580,830,4.96,16880,130,0.78,17580,17580,1400-10-1,2021-12-22
723,فردا2,صندوق س آواي فرداي زاگرس-ثابت,45,4500000,4500000,12044,1,1,-12043,-99.99,1,-12043,-99.99,1,1,1400-10-1,2021-12-22
724,ثاژن,سخت آژند,45,393083,1576655913,3933,4011,4011,78,1.98,3959,26,0.66,4011,4011,1400-10-1,2021-12-22
725,واحصا,احياء صنايع خراسان,45,94621,4286331300,46701,45300,45300,-1401,-3,46077,-624,-1.34,45300,45300,1400-10-1,2021-12-22
726,ثتوسا,س.توسعه و عمران استان اردبيل,45,126121,1809457987,14790,14347,14347,-443,-3,14674,-116,-0.78,14347,14347,1400-10-1,2021-12-22
727,جهرم,پتروشيمي جهرم,45,1048764,1371783312,1348,1308,1308,-40,-2.97,1342,-6,-0.45,1308,1308,1400-10-1,2021-12-22
728,زعف0008پ20,زعفران0008نگين وحدت جام(پ),42,19348,4933710000,255345,255000,255000,-345,-0.14,254998,-347,-0.14,254900,255000,1400-10-1,2021-12-22
729,پادا,صندوق س.پاداش سرمايه پارس-س,42,20417,2139164096,104225,103600,105200,975,0.94,104774,549,0.53,102500,105300,1400-10-1,2021-12-22
730,ضشنا1048,اختيارخ شپنا-5450-1400/10/19,42,506,684350405,332,500,799,467,140.66,737,405,121.99,500,839,1400-10-1,2021-12-22
731,ضجار1021,اختيارخ وتجارت-1800-1400/10/15,42,1635,307630000,102,140,229,127,124.51,188,86,84.31,115,229,1400-10-1,2021-12-22
732,اخزا818,اسنادخزانه-م18بودجه98-010614,41,149708,127961450140,853935,854540,857240,3305,0.39,854740,805,0.09,852600,857240,1400-10-1,2021-12-22
733,اخزا903,اسنادخزانه-م3بودجه99-011110,41,127917,100039059570,781971,782000,782110,139,0.02,782060,89,0.01,780410,782700,1400-10-1,2021-12-22
734,اخزا917,اسنادخزانه-م17بودجه99-010226,40,176550,161566166990,914165,914010,917160,2995,0.33,915130,965,0.11,914000,917160,1400-10-1,2021-12-22
735,سكه0112پ03,تمام سكه طرح جديد0112سامان,40,62400,81535092000,1308408,1319999,1300000,-8408,-0.64,1306652,-1756,-0.13,1300000,1319999,1400-10-1,2021-12-22
736,ضترا1133,اختيارخ شتران-4411-1400/11/10,40,1218,594951480,148,190,230,82,55.41,215,67,45.27,190,230,1400-10-1,2021-12-22
737,اخزا901,اسنادخزانه-م1بودجه99-010621,40,125693,107009953150,851157,846170,851300,143,0.02,851360,203,0.02,846170,852500,1400-10-1,2021-12-22
738,برن0104پ01,برنج طارم0104تجارت مازندران(پ),39,913,440198245,481817,491000,482000,183,0.04,482145,328,0.07,482000,491000,1400-10-1,2021-12-22
739,زعف0110پ05,زعفران0110نگين زرين(پ),39,16258,6028182383,366412,372000,370001,3589,0.98,370783,4371,1.19,370000,377998,1400-10-1,2021-12-22
740,كفرا,فراورده‌ هاي‌ نسوزايران‌,38,475591,3395719740,6800,7140,7140,340,5,6870,70,1.03,7140,7140,1400-10-1,2021-12-22
741,ضسپا1111,اختيارخ خساپا-1400-1400/11/20,37,1101,393890000,309,360,394,85,27.51,358,49,15.86,340,400,1400-10-1,2021-12-22
742,جوين,كشت و صنعت جوين,36,572823,1284841989,2178,2243,2243,65,2.98,2186,8,0.37,2243,2243,1400-10-1,2021-12-22
743,اخزا914,اسنادخزانه-م14بودجه99-021025,35,15269,9565054260,628050,628450,622930,-5120,-0.82,626440,-1610,-0.26,621110,628500,1400-10-1,2021-12-22
744,اخزا908,اسنادخزانه-م8بودجه99-020606,34,131822,89605576800,677992,679050,681000,3008,0.44,679750,1758,0.26,676630,681250,1400-10-1,2021-12-22
745,ثعتما,س. ساختماني اعتماد گستر,34,33718,842477948,25758,24986,24986,-772,-3,25689,-69,-0.27,24986,24986,1400-10-1,2021-12-22
746,حبندر,دريايي و کشتيراني خط دريابندر,33,62418,903126042,14916,14469,14469,-447,-3,14874,-42,-0.28,14469,14469,1400-10-1,2021-12-22
747,اخزا902,اسنادخزانه-م2بودجه99-011019,33,197589,156658848060,791751,792000,793200,1449,0.18,792850,1099,0.14,791130,793200,1400-10-1,2021-12-22
748,زعف0110پ11,زعفران0110نگين سحرخيز(پ),33,12678,4743518944,369048,374995,374997,5949,1.61,374154,5106,1.38,371506,375500,1400-10-1,2021-12-22
749,زعف0110پ19,زعفران0110نگين تروند قاينات(پ),32,8234,3008330120,361228,363000,367901,6673,1.85,365355,4127,1.14,363000,368000,1400-10-1,2021-12-22
750,زعف0110پ18,زعفران0110نگين بهرامن(پ),32,11674,4286763020,360904,355872,370994,10090,2.8,367206,6302,1.75,355872,370994,1400-10-1,2021-12-22
751,اخزا003,اسنادخزانه-م3بودجه00-030418,32,90885,50548400850,554959,554250,558000,3041,0.55,556180,1221,0.22,554250,558000,1400-10-1,2021-12-22
752,خبازرس,بازرسي مهندسي و صنعتي ايران,31,38897,868647804,23022,22332,22332,-690,-3,22960,-62,-0.27,22332,22332,1400-10-1,2021-12-22
753,امين يكم2,صندوق درآمد ثابت امين يكم فردا,30,30000000,30000000,10156,1,1,-10155,-99.99,1,-10155,-99.99,1,1,1400-10-1,2021-12-22
754,فالوم,آلومتك‌,29,37343,915650360,25278,24520,24520,-758,-3,25206,-72,-0.28,24520,24520,1400-10-1,2021-12-22
755,سكه0111پ05,تمام سكه طرح جديد0111آينده,29,4700,6132200700,1304569,1309716,1299000,-5569,-0.43,1304723,154,0.01,1299000,1309716,1400-10-1,2021-12-22
756,اخزا918,اسنادخزانه-م18بودجه99-010323,29,29250,26316573520,898310,899980,897550,-760,-0.08,899710,1400,0.16,897500,899990,1400-10-1,2021-12-22
757,فيروزا,صندوق بادرآمد ثابت فيروزه آسيا,28,193606,5024096912,25934,25960,25950,16,0.06,25950,16,0.06,25950,25960,1400-10-1,2021-12-22
758,كباده,توليد خاك نسوزاستقلال آباده,28,137092,4504706028,31295,32859,32859,1564,5,31831,536,1.71,32859,32859,1400-10-1,2021-12-22
759,سكه0011پ02,تمام سكه طرح جديد0011ملت,27,4200,5482633600,1306137,1315000,1305000,-1137,-0.09,1305389,-748,-0.06,1300000,1315000,1400-10-1,2021-12-22
760,اخزا909,اسنادخزانه-م9بودجه99-020316,27,118383,84763339350,715454,715460,716800,1346,0.19,716010,556,0.08,715000,719730,1400-10-1,2021-12-22
761,زعف0110پ10,زعفران0110نگين طلاي سرخ(پ),26,8692,3235300355,367663,363001,375000,7337,2,372216,4553,1.24,363001,375000,1400-10-1,2021-12-22
762,اخزا815,اسنادخزانه-م15بودجه98-010406,26,106962,95291928340,889786,890000,890170,384,0.04,890900,1114,0.13,889550,891500,1400-10-1,2021-12-22
763,سخند,صندوق س.سپهرخبرگان نفت-د,26,98760,996409600,10101,10080,10079,-22,-0.22,10089,-12,-0.12,10079,10115,1400-10-1,2021-12-22
764,اتكامح,ح . بيمه اتكايي امين,25,1000000,3150000000,3202,3150,3150,-52,-1.62,3150,-52,-1.62,3150,3150,1400-10-1,2021-12-22
765,ضصاد1111,اختيارخ وبصادر-1600-1400/11/06,25,427,159000000,199,300,387,188,94.47,372,173,86.93,300,496,1400-10-1,2021-12-22
766,ساروج,بين المللي ساروج بوشهر,24,544851,9163518735,16060,16300,16863,803,5,16502,442,2.75,16300,16863,1400-10-1,2021-12-22
767,ضفلا1163,اختيارخ فولاد-10000-1400/11/24,24,399,595708000,1261,1500,1680,419,33.23,1493,232,18.4,1400,1680,1400-10-1,2021-12-22
768,گكيش,توريستي ورفاهي آبادگران كيش,23,403550,11089554000,28926,27480,27480,-1446,-5,27480,-1446,-5,27480,27480,1400-10-1,2021-12-22
769,ضپال2007,اختيارخ اپال-32000-1401/02/12,22,438,136435000,270,442,310,40,14.81,311,41,15.19,284,360,1400-10-1,2021-12-22
770,گنجين,صندوق س. گنجينه يكم آويد-د,22,25808,372196455,14416,14420,14418,2,0.01,14422,6,0.04,14418,14425,1400-10-1,2021-12-22
771,ضصاد1114,اختيارخ وبصادر-2500-1400/11/06,22,438,14902000,22,39,33,11,50,34,12,54.55,32,39,1400-10-1,2021-12-22
772,ويستا,صندوق س. ويستا -س,21,120909,1233148681,10016,10050,10350,334,3.33,10199,183,1.83,10050,10350,1400-10-1,2021-12-22
773,ثهام,صندوق س ثروت هامرز-سهام,20,48982,528076050,10374,10410,10990,616,5.94,10781,407,3.92,10410,10995,1400-10-1,2021-12-22
774,قجام,فرآوردههاي غذايي وقندتربت‌جام‌,20,99432,606634632,6225,6101,6101,-124,-1.99,6210,-15,-0.24,6101,6101,1400-10-1,2021-12-22
775,فراز,صندوق س.سهام فراز داريك-س,19,41472,589697512,14217,14218,14220,3,0.02,14219,2,0.01,14218,14222,1400-10-1,2021-12-22
776,اخزا817,اسنادخزانه-م17بودجه98-010512,19,114130,99531891680,870764,871740,873500,2736,0.31,872090,1326,0.15,870740,874000,1400-10-1,2021-12-22
777,غبهار,كشت وصنعت بهاران گلبهار خراسان,19,67914,1178783298,17893,17357,17357,-536,-3,17828,-65,-0.36,17357,17357,1400-10-1,2021-12-22
778,ضشنا1050,اختيارخ شپنا-7629-1400/10/19,18,163,9114445,13,50,27,14,107.69,30,17,130.77,15,50,1400-10-1,2021-12-22
779,سخواف,سيمان مجد خواف,18,35139,263120832,7719,7488,7488,-231,-2.99,7713,-6,-0.08,7488,7488,1400-10-1,2021-12-22
780,ضبدر1163,اختيارخ شبندر-6000-1400/11/13,18,403,378138000,598,896,1000,402,67.22,938,340,56.86,896,1009,1400-10-1,2021-12-22
781,ضخود2015,اختيارخ خودرو-1400-1401/02/07,18,358,286310000,736,701,801,65,8.83,800,64,8.7,701,801,1400-10-1,2021-12-22
782,ضفلا1164,اختيارخ فولاد-12000-1400/11/24,17,155,64588000,433,250,420,-13,-3,417,-16,-3.7,250,480,1400-10-1,2021-12-22
783,وآتوس,س.آرين توسكا قيمت اسمي 350ريال,16,19465,463753625,25078,23825,23825,-1253,-5,24997,-81,-0.32,23825,23825,1400-10-1,2021-12-22
784,اوج,صندوق س.اوج دماوند-س,16,47011,477047631,10097,10099,10172,75,0.74,10148,51,0.51,10099,10172,1400-10-1,2021-12-22
785,زعف0110پ16,زعفران0110نگين بيرجند(پ),16,7249,2664500099,358744,368000,368000,9256,2.58,367568,8824,2.46,362009,368000,1400-10-1,2021-12-22
786,پارتا,مجتمع‌صنعتي‌آرتاويل‌تاير,15,13284,312213852,24229,23503,23503,-726,-3,24218,-11,-0.05,23503,23503,1400-10-1,2021-12-22
787,ضستا1005,اختيارخ شستا-14000-1400/10/29,15,435,42160000,337,200,120,-217,-64.39,97,-240,-71.22,12,200,1400-10-1,2021-12-22
788,طلا2,صندوق س.پشتوانه طلاي لوتوس,14,1400000,1400000,92194,1,1,-92193,-100,1,-92193,-100,1,1,1400-10-1,2021-12-22
789,اخزا911,اسنادخزانه-م11بودجه99-020906,14,21598,13967509580,648829,644200,648500,-329,-0.05,646700,-2129,-0.33,644190,648500,1400-10-1,2021-12-22
790,سايرا,ايرانيت‌,14,200784,5796031728,29456,28867,28867,-589,-2,28867,-589,-2,28867,28867,1400-10-1,2021-12-22
791,ضخود2016,اختيارخ خودرو-1600-1401/02/07,14,252,174980000,598,660,720,122,20.4,694,96,16.05,650,720,1400-10-1,2021-12-22
792,اخزا814,اسنادخزانه-م14بودجه98-010318,13,34339,31033004340,901341,904950,904000,2659,0.3,903720,2379,0.26,900040,904950,1400-10-1,2021-12-22
793,زعف0008پ08,زعفران0008نگين روستا(پ),13,9479,2515294560,261078,265000,265500,4422,1.69,265354,4276,1.64,261100,266000,1400-10-1,2021-12-22
794,اخزا816,اسنادخزانه-م16بودجه98-010503,13,103926,91257489000,877943,878000,878200,257,0.03,878100,157,0.02,877800,878200,1400-10-1,2021-12-22
795,ضفلا1162,اختيارخ فولاد-9000-1400/11/24,13,106,265161000,1728,1850,2299,571,33.04,2502,774,44.79,1850,3000,1400-10-1,2021-12-22
796,زعف0110پ21,زعفران0110نگين ملل(پ),13,4493,1665255634,360607,369998,371000,10393,2.88,370633,10026,2.78,369998,372998,1400-10-1,2021-12-22
797,سنوين,سرمايه گذاري اقتصاد نوين,12,38576,255064512,6960,6612,6612,-348,-5,6951,-9,-0.13,6612,6612,1400-10-1,2021-12-22
798,ضخود2017,اختيارخ خودرو-1800-1401/02/07,12,110,46662000,448,540,550,102,22.77,424,-24,-5.36,62,550,1400-10-1,2021-12-22
799,آگاس2,صندوق س.هستي بخش آگاه-س,12,1300000,1300000,75881,1,1,-75880,-100,1,-75880,-100,1,1,1400-10-1,2021-12-22
800,فن آوا,گروه فن آوا,12,19120,198446480,10700,10379,10379,-321,-3,10693,-7,-0.07,10379,10379,1400-10-1,2021-12-22
801,ضستا1003,اختيارخ شستا-10000-1400/10/29,12,94,141760000,461,1050,1550,1089,236.23,1508,1047,227.11,1050,1710,1400-10-1,2021-12-22
802,داريك,صندوق س.اعتماد داريك-د,12,104982,1267239915,12064,12070,12072,8,0.07,12071,7,0.06,12070,12072,1400-10-1,2021-12-22
803,اراد61,مرابحه عام دولت61-ش.خ0309,11,270000,270002700000,1000001,1000010,1000010,9,0,1000010,9,0,1000010,1000010,1400-10-1,2021-12-22
804,ضترا1135,اختيارخ شتران-6176-1400/11/10,11,226,32361425,85,61,60,-25,-29.41,63,-22,-25.88,60,90,1400-10-1,2021-12-22
805,اگ010155,گام بانك اقتصاد نوين0101,10,100000,92800000000,924562,928000,928000,3438,0.37,928000,3438,0.37,928000,928000,1400-10-1,2021-12-22
806,زعف0008پ19,زعفران0008نگين تروند قاينات(پ),10,13543,3420264185,254174,250030,255400,1226,0.48,252548,-1626,-0.64,250000,255400,1400-10-1,2021-12-22
807,ضبدر1165,اختيارخ شبندر-8000-1400/11/13,10,133,34007000,330,254,399,69,20.91,256,-74,-22.42,254,399,1400-10-1,2021-12-22
808,اخزا907,اسنادخزانه-م7بودجه99-020704,10,113546,76161320000,670097,677000,672000,1903,0.28,670750,653,0.1,670000,677000,1400-10-1,2021-12-22
809,شمواد,توليد مواداوليه الياف مصنوعي,9,2956,128042096,44199,43316,43316,-883,-2,44176,-23,-0.05,43316,43316,1400-10-1,2021-12-22
810,زير0103پ01,زيره سبز0103كيميابذر(پ),9,700,728500000,1030000,1030000,1050000,20000,1.94,1040714,10714,1.04,1030000,1050000,1400-10-1,2021-12-22
811,عيار2,صندوق سكه طلاي مفيد,9,90000,90000,33063,1,1,-33062,-100,1,-33062,-100,1,1,1400-10-1,2021-12-22
812,ضشنا1049,اختيارخ شپنا-6540-1400/10/19,9,366,107393375,71,100,175,104,146.48,160,89,125.35,100,180,1400-10-1,2021-12-22
813,ثنام,س ساختماني ب نام آوران مهندسي,9,24879,269016627,11147,10813,10813,-334,-3,11138,-9,-0.08,10813,10813,1400-10-1,2021-12-22
814,وسخوز,شركت س استان خوزستان,9,548141,331077164,635,604,604,-31,-4.88,635,0,0,604,604,1400-10-1,2021-12-22
815,تسه9905,امتياز تسهيلات مسكن مرداد99,8,54,50782572,989913,940418,940418,-49495,-5,940418,-49495,-5,940418,940418,1400-10-1,2021-12-22
816,ضجار1019,اختيارخ وتجارت-1400-1400/10/15,8,61,34333000,422,599,600,178,42.18,563,141,33.41,550,600,1400-10-1,2021-12-22
817,اراد74,مرابحه عام دولت74-ش.خ040226,8,200000,196336000000,990000,981680,981680,-8320,-0.84,981680,-8320,-0.84,981680,981680,1400-10-1,2021-12-22
818,ضشنا1051,اختيارخ شپنا-8719-1400/10/19,7,52,2798375,2,29,27,25,1250,29,27,1350,27,30,1400-10-1,2021-12-22
819,ضملت1131,اختيارخ وبملت-2000-1400/11/13,7,93,112104000,1085,1260,1210,125,11.52,1205,120,11.06,1042,1290,1400-10-1,2021-12-22
820,ضسپا1109,اختيارخ خساپا-1000-1400/11/20,7,213,155794000,689,730,754,65,9.43,731,42,6.1,654,800,1400-10-1,2021-12-22
821,ثقزوي,شركت عمران و سازندگي قزوين,7,2932,81820392,29374,27906,27906,-1468,-5,29361,-13,-0.04,27906,27906,1400-10-1,2021-12-22
822,ضپيك1031,اختيارخ تاپيكو-14000-00/10/15,7,12,11400000,595,600,1100,505,84.87,950,355,59.66,600,1100,1400-10-1,2021-12-22
823,سرو2,صندوق س سروسودمند مدبران-سهام,7,3080000,3080000,67400,1,1,-67399,-100,1,-67399,-100,1,1,1400-10-1,2021-12-22
824,ضفرابورس1200,اختيارخ فرابورس-19000-14001218,7,29,78100000,2200,3000,2400,200,9.09,2693,493,22.41,2400,3000,1400-10-1,2021-12-22
825,حرهشا,رهشاد سپاهان (سهامي عام,6,1510,150518310,102763,99681,99681,-3082,-3,102701,-62,-0.06,99681,99681,1400-10-1,2021-12-22
826,تمحركه,ماشين سازي نيرو محركه,6,37441,709207422,19527,18942,18942,-585,-3,19484,-43,-0.22,18942,18942,1400-10-1,2021-12-22
827,اخزا813,اسنادخزانه-م13بودجه98-010219,6,1823,1675240280,917768,918350,919400,1632,0.18,918950,1182,0.13,918350,919400,1400-10-1,2021-12-22
828,فنرژي,گسترش صنايع انرژي آذرآب,6,53515,649458040,12383,12136,12136,-247,-1.99,12350,-33,-0.27,12136,12136,1400-10-1,2021-12-22
829,افران2,صندوق س افرا نماد پايدار-ثابت,5,29000000,29000000,15041,1,1,-15040,-99.99,1,-15040,-99.99,1,1,1400-10-1,2021-12-22
830,ضستا1001,اختيارخ شستا-8000-1400/10/29,5,15,49670000,1500,3090,3400,1900,126.67,3311,1811,120.73,3090,3400,1400-10-1,2021-12-22
831,ضخود2020,اختيارخ خودرو-3000-1401/02/07,5,103,6221000,52,60,80,28,53.85,60,8,15.38,60,80,1400-10-1,2021-12-22
832,ضملي1159,اختيارخ فملي-5000-1400/11/03,5,13,50496000,1817,1500,2000,183,10.07,1942,125,6.88,1500,2010,1400-10-1,2021-12-22
833,اراد50,مرابحه عام دولت5-ش.خ0302,5,50800,50800204000,1000000,1000000,1000000,0,0,1000000,0,0,1000000,1000010,1400-10-1,2021-12-22
834,طخود1050,اختيارف خودرو-1600-1400/10/08,4,101,101000,1,1,1,0,0,1,0,0,1,1,1400-10-1,2021-12-22
835,طخود1051,اختيارف خودرو-1800-1400/10/08,4,85,290000,10,1,6,-4,-40,3,-7,-70,1,8,1400-10-1,2021-12-22
836,زعف0008پ16,زعفران0008نگين بيرجند(پ),4,12000,3072000000,261492,265000,255000,-6492,-2.48,256000,-5492,-2.1,255000,265000,1400-10-1,2021-12-22
837,وسصفا,شركت س استان اصفهان,4,31491,21823263,729,693,693,-36,-4.94,729,0,0,693,693,1400-10-1,2021-12-22
838,صنفت312,صكوك منفعت نفت312-6ماهه 18/5%,4,24,23878800,990000,999900,990000,0,0,994950,4950,0.5,990000,999900,1400-10-1,2021-12-22
839,وسرضوي,س.سهام عدالت استان خراسان رضوي,4,43508,30020520,726,690,690,-36,-4.96,726,0,0,690,690,1400-10-1,2021-12-22
840,حاريا,كشتيراني آريا,4,2213,33595553,15490,15181,15181,-309,-1.99,15488,-2,-0.01,15181,15181,1400-10-1,2021-12-22
841,ثنظام,س. ساختماني نظام مهندسي ايران,4,1245,26501070,21944,21286,21286,-658,-3,21942,-2,-0.01,21286,21286,1400-10-1,2021-12-22
842,خفناور,مهندسي صنعتي روان فن آور,4,1245,47463135,39302,38123,38123,-1179,-3,39296,-6,-0.02,38123,38123,1400-10-1,2021-12-22
843,وسفارس,شركت س استان فارس,4,31706,31040174,1030,979,979,-51,-4.95,1030,0,0,979,979,1400-10-1,2021-12-22
844,ضگل1155,اختيارخ كگل-24000-1400/11/17,4,110,97460000,2500,886,886,-1614,-64.56,886,-1614,-64.56,886,886,1400-10-1,2021-12-22
845,ضپال2006,اختيارخ اپال-28000-1401/02/12,3,31,21900000,650,900,700,50,7.69,706,56,8.62,700,900,1400-10-1,2021-12-22
846,ضپاس1012,اختيارخ وپارس-2500-1400/10/22,3,60,3100000,40,50,55,15,37.5,52,12,30,50,55,1400-10-1,2021-12-22
847,ضپاس1011,اختيارخ وپارس-2000-1400/10/22,3,104,29079000,100,279,280,180,180,280,180,180,279,280,1400-10-1,2021-12-22
848,ضصاد1110,اختيارخ وبصادر-1400-1400/11/06,3,26,12510000,440,579,420,-20,-4.55,481,41,9.32,420,579,1400-10-1,2021-12-22
849,تملي709,تسهيلات مسكن ب. ملي-آذر97,3,31,19602974,602242,632354,632354,30112,5,632354,30112,5,632354,632354,1400-10-1,2021-12-22
850,طفلا1164,اختيارف فولاد-12000-1400/11/24,3,5,5000000,1100,1000,1000,-100,-9.09,1000,-100,-9.09,1000,1000,1400-10-1,2021-12-22
851,پا ه 15,بار پايه هفته 15,3,13250,6890000,385,520,520,135,35.06,520,135,35.06,520,520,1400-10-1,2021-12-22
852,ضسپا1113,اختيارخ خساپا-1800-1400/11/20,3,16,2265000,63,120,149,86,136.51,142,79,125.4,120,149,1400-10-1,2021-12-22
853,زعف0110پ08,زعفران0110نگين روستا(پ),3,3000,1110000000,361883,370000,370000,8117,2.24,370000,8117,2.24,370000,370000,1400-10-1,2021-12-22
854,ياقوت2,صندوق س ياقوت آگاه-ثابت,3,11482000,11482000,13819,1,1,-13818,-99.99,1,-13818,-99.99,1,1,1400-10-1,2021-12-22
855,اوصتا4,صندوق انديشه ورزان صباتامين -د,3,71675000,1500014400000,20917,20928,20928,11,0.05,20928,11,0.05,20928,20928,1400-10-1,2021-12-22
856,اراد42,مرابحه عام دولت4-ش.خ 0106,3,34000,32966000000,974999,971000,969000,-5999,-0.62,969590,-5409,-0.55,969000,971000,1400-10-1,2021-12-22
857,شستا005,اجاره تامين اجتماعي-امين001220,2,14,13860000,999894,1000000,980000,-19894,-1.99,990000,-9894,-0.99,980000,1000000,1400-10-1,2021-12-22
858,وسالت,بانك قرض الحسنه رسالت,2,5047,5460854,1051,1082,1082,31,2.95,1051,0,0,1082,1082,1400-10-1,2021-12-22
859,گواهي ظرفيت,گواهي ظرفيت نقدي,2,2200000,67984400000,29431,30902,30902,1471,5,29560,129,0.44,30902,30902,1400-10-1,2021-12-22
860,اخزا905,اسنادخزانه-م5بودجه99-020218,2,15007,11015235650,733433,747950,734000,567,0.08,734010,577,0.08,734000,747950,1400-10-1,2021-12-22
861,ضترا1130,اختيارخ شتران-3089-1400/11/10,2,11,32418100,1050,1300,1300,250,23.81,1300,250,23.81,1300,1300,1400-10-1,2021-12-22
862,اخزا9164,اسنادخزانه-م16بودجه99-020528,2,19757000,14761442250000,746500,747450,747000,500,0.07,747150,650,0.09,747000,747450,1400-10-1,2021-12-22
863,سپهر,ص.ج. سپهريكم 20% تاديه,2,110000,22000000000,200000,200000,200000,0,0,200000,0,0,200000,200000,1400-10-1,2021-12-22
864,تملي612,تسهيلات مسكن بانك ملي-اسفند96,2,2,1160000,606922,580000,580000,-26922,-4.44,580000,-26922,-4.44,580000,580000,1400-10-1,2021-12-22
865,وشمال,س. چشم انداز توسعه شمال,2,1000,73300000,74795,73300,73300,-1495,-2,74773,-22,-0.03,73300,73300,1400-10-1,2021-12-22
866,دمعيار2,صندوق س. توازن معيار-د,2,3200000,3200000,10010,1,1,-10009,-99.99,1,-10009,-99.99,1,1,1400-10-1,2021-12-22
867,نگين,ص.س. زمين و ساختمان نگين شهرري,2,389,20161870,51830,51830,51830,0,0,51830,0,0,51830,51830,1400-10-1,2021-12-22
868,ضمخا1036,اختيارخ اخابر-8000-1400/10/26,2,6,876000,300,501,75,-225,-75,146,-154,-51.33,75,501,1400-10-1,2021-12-22
869,ضسپا1110,اختيارخ خساپا-1200-1400/11/20,2,19,9898000,492,518,574,82,16.67,521,29,5.89,518,574,1400-10-1,2021-12-22
870,ضپاس2009,اختيارخ وپارس-1200-1401/02/28,2,115,115800000,1100,1000,1040,-60,-5.45,1007,-93,-8.45,1000,1040,1400-10-1,2021-12-22
871,اراد45,مرابحه عام دولت4-ش.خ 0107,2,1000,982500000,994996,975000,990000,-4996,-0.5,982500,-12496,-1.26,975000,990000,1400-10-1,2021-12-22
872,اراد884,مرابحه عام دولت88-ش.خ041120,2,9249500,8532830311000,1000000,922546,922490,-77510,-7.75,922518,-77482,-7.75,922490,922546,1400-10-1,2021-12-22
873,تملي805,تسهيلات مسكن ب. ملي-مرداد98,2,13,11131307,861851,899999,818759,-43092,-5,856254,-5597,-0.65,818759,899999,1400-10-1,2021-12-22
874,وگردش2,بانك گردشگري,2,199500000,2140927500000,10691,10745,10691,0,0,10731,40,0.37,10691,10745,1400-10-1,2021-12-22
875,آوا2,صندوق س.سهام آواي معيار-س,2,400000,400000,7366,1,1,-7365,-99.99,1,-7365,-99.99,1,1,1400-10-1,2021-12-22
876,شگويات.ف0104,اختيارف.تبعي شگويا010408,2,11500,11500,1,1,1,0,0,1,0,0,1,1,1400-10-1,2021-12-22
877,كمند2,صندوق س. با درآمد ثابت كمند,1,195400000,195400000,10082,1,1,-10081,-99.99,1,-10081,-99.99,1,1,1400-10-1,2021-12-22
878,ثنور4,سرمايه گذاري كوه نور,1,16882396,123511609136,7409,7316,7316,-93,-1.26,7316,-93,-1.26,7316,7316,1400-10-1,2021-12-22
879,سميعا002,سلف موازي استاندارد سميعا002,1,100,142798500,1435719,1427985,1427985,-7734,-0.54,1427985,-7734,-0.54,1427985,1427985,1400-10-1,2021-12-22
880,صايپا203,صكوك مرابحه سايپا203-3ماهه 16%,1,602,573224400,962000,952200,952200,-9800,-1.02,952200,-9800,-1.02,952200,952200,1400-10-1,2021-12-22
881,مي ر 45,ميان باري روز 45,1,3000,1800000,245,600,600,355,144.9,600,355,144.9,600,600,1400-10-1,2021-12-22
882,اراد87,مرابحه عام دولت87-ش.خ030304,1,2000,1844600000,933490,922300,922300,-11190,-1.2,922300,-11190,-1.2,922300,922300,1400-10-1,2021-12-22
883,سپيدما2,صندوق س. سپيد دماوند-د,1,9000000,9000000,11559,1,1,-11558,-99.99,1,-11558,-99.99,1,1,1400-10-1,2021-12-22
884,مي ر 46,ميان باري روز 46,1,3000,1800000,245,600,600,355,144.9,600,355,144.9,600,600,1400-10-1,2021-12-22
885,ضبدر1162,اختيارخ شبندر-5000-1400/11/13,1,14,26600000,1312,1900,1900,588,44.82,1900,588,44.82,1900,1900,1400-10-1,2021-12-22
886,ضپيك1032,اختيارخ تاپيكو-16000-00/10/15,1,1,1290000,95,1290,1290,1195,1257.89,1290,1195,1257.89,1290,1290,1400-10-1,2021-12-22
887,ضخوز1023,اختيارخ فخوز-5833-1400/10/12,1,3,7200000,1300,1000,1000,-300,-23.08,1000,-300,-23.08,1000,1000,1400-10-1,2021-12-22
888,صگل1411,ص اجاره گل گهر 1411-3 ماهه 17%,1,60,58200000,1000000,970000,970000,-30000,-3,970000,-30000,-3,970000,970000,1400-10-1,2021-12-22
889,فروس4,فروسيليس‌ ايران‌,1,11029864,70149935040,6070,6360,6360,290,4.78,6360,290,4.78,6360,6360,1400-10-1,2021-12-22
890,كمند4,صندوق س. با درآمد ثابت كمند,1,49500000,499405500000,10082,10089,10089,7,0.07,10089,7,0.07,10089,10089,1400-10-1,2021-12-22
891,ضملت1135,اختيارخ وبملت-4000-1400/11/13,1,1,25000,20,25,25,5,25,25,5,25,25,25,1400-10-1,2021-12-22
892,اخزا8122,اسنادخزانه-م12بودجه98-001111,1,150000,146520000000,974514,976800,976800,2286,0.23,976800,2286,0.23,976800,976800,1400-10-1,2021-12-22
893,مي ر 47,ميان باري روز 47,1,3000,1800000,300,600,600,300,100,600,300,100,600,600,1400-10-1,2021-12-22
894,تملي705,تسهيلات مسكن ب. ملي-مرداد97,1,1,618094,650625,618094,618094,-32531,-5,618094,-32531,-5,618094,618094,1400-10-1,2021-12-22
895,ضملي1161,اختيارخ فملي-7000-1400/11/03,1,10,11400000,191,570,570,379,198.43,570,379,198.43,570,570,1400-10-1,2021-12-22
896,زرين2,صندوق س. سهام زرين كوروش-س,1,500000,500000,12571,1,1,-12570,-99.99,1,-12570,-99.99,1,1,1400-10-1,2021-12-22
897,سنفت014,سلف موازي استاندارد سنفت014,1,50,85747600,1714230,1714952,1714952,722,0.04,1714952,722,0.04,1714952,1714952,1400-10-1,2021-12-22
898,اراد424,مرابحه عام دولت4-ش.خ 0106,1,400000,386000000000,974999,965000,965000,-9999,-1.03,965000,-9999,-1.03,965000,965000,1400-10-1,2021-12-22
899,طخود1049,اختيارف خودرو-1400-1400/10/08,1,70,70000,1,1,1,0,0,1,0,0,1,1,1400-10-1,2021-12-22
900,خعمرا,توسعه و عمران شهرستان نائين,1,1,4681,4545,4681,4681,136,2.99,4545,0,0,4681,4681,1400-10-1,2021-12-22
901,مشهد0012,مشاركت شهرداري مشهد-3ماهه20%,1,20,19800000,990000,990000,990000,0,0,990000,0,0,990000,990000,1400-10-1,2021-12-22
902,كارا2,صندوق س. كارا -د,1,400000,400000,10409,1,1,-10408,-99.99,1,-10408,-99.99,1,1,1400-10-1,2021-12-22
903,واميد2,گروه مديريت سرمايه گذاري اميد,1,7000000,93660000000,13360,13380,13380,20,0.15,13380,20,0.15,13380,13380,1400-10-1,2021-12-22
904,فنوال2,نورد آلومينيوم‌,1,31000000,646970000000,19880,20870,20870,990,4.98,20870,990,4.98,20870,20870,1400-10-1,2021-12-22
905,سفارود,كارخانه فارسيت درود,1,10000,159550000,16280,15955,15955,-325,-2,16269,-11,-0.07,15955,15955,1400-10-1,2021-12-22
906,تدبير04,اجاره اقتصادي تدبير14040606,1,1000,970000000,962500,970000,970000,7500,0.78,970000,7500,0.78,970000,970000,1400-10-1,2021-12-22
907,ضخوز1022,اختيارخ فخوز-5000-1400/10/12,1,8,28800000,1860,1500,1500,-360,-19.35,1500,-360,-19.35,1500,1500,1400-10-1,2021-12-22
908,امين يكم4,صندوق درآمد ثابت امين يكم فردا,1,10000000,100000000000,10156,10000,10000,-156,-1.54,10000,-156,-1.54,10000,10000,1400-10-1,2021-12-22
909,ضپاس1013,اختيارخ وپارس-3000-1400/10/22,1,1,39000,18,39,39,21,116.67,39,21,116.67,39,39,1400-10-1,2021-12-22
910,زعف0008پ12,زعفران0008پوشالمعمول سحرخيز(پ),1,94,22891350,236138,243525,243525,7387,3.13,243525,7387,3.13,243525,243525,1400-10-1,2021-12-22
911,اخزا820,اسنادخزانه-م20بودجه98-020806,1,18,11916180,669713,662010,662010,-7703,-1.15,662010,-7703,-1.15,662010,662010,1400-10-1,2021-12-22
912,ثمين2,صندوق س. ثروت افزون ثمين-س,1,100000,100000,10202,1,1,-10201,-99.99,1,-10201,-99.99,1,1,1400-10-1,2021-12-22
913,كگهر2,سنگ آهن گهرزمين,1,2877395,136000074675,46112,47265,47265,1153,2.5,47265,1153,2.5,47265,47265,1400-10-1,2021-12-22
914,تابان01,اجاره تابان تمدن14021206,1,6,5795640,965940,965940,965940,0,0,965940,0,0,965940,965940,1400-10-1,2021-12-22
915,ضمخا1037,اختيارخ اخابر-9000-1400/10/26,1,10,710000,70,71,71,1,1.43,71,1,1.43,71,71,1400-10-1,2021-12-22
916,اخزا0022,اسنادخزانه-م2بودجه00-031024,1,175330,86437690000,491806,493000,493000,1194,0.24,493000,1194,0.24,493000,493000,1400-10-1,2021-12-22
917,ضملي1158,اختيارخ فملي-4500-1400/11/03,1,1,4600000,1100,2300,2300,1200,109.09,2300,1200,109.09,2300,2300,1400-10-1,2021-12-22
918,ضشراز1203,اختيارخ شراز-125000-14001208,1,11,121000000,1,11000,11000,10999,1099900,11000,10999,1099900,11000,11000,1400-10-1,2021-12-22
919,ضملي1162,اختيارخ فملي-8000-1400/11/03,1,1,200000,10,100,100,90,900,100,90,900,100,100,1400-10-1,2021-12-22
920,حكمت01,مشاركت حكمت ايرانيان 140107,1,7,7070000,1010000,1010000,1010000,0,0,1010000,0,0,1010000,1010000,1400-10-1,2021-12-22
921,ضملي1157,اختيارخ فملي-4000-1400/11/03,1,4,24000000,6000,3000,3000,-3000,-50,3000,-3000,-50,3000,3000,1400-10-1,2021-12-22
922,اروند082,منفعت صبا اروند ملت 14001222,1,130000,130000000000,999999,1000000,1000000,1,0,1000000,1,0,1000000,1000000,1400-10-1,2021-12-22
923,ضمخا1035,اختيارخ اخابر-7000-1400/10/26,1,60,30000000,450,500,500,50,11.11,500,50,11.11,500,500,1400-10-1,2021-12-22
924,صبهمن404,صكوك مرابحه بهمن404-3ماهه 18%,1,15,15117870,997880,1007858,1007858,9978,1,1007858,9978,1,1007858,1007858,1400-10-1,2021-12-22
