,نماد,نام,تعداد,حجم,ارزش,دیروز,اولین,آخرین معامله - مقدار,آخرین معامله - تغییر,آخرین معامله - درصد,قیمت پایانی - مقدار,قیمت پایانی - تغییر,قیمت پایانی - درصد,کمترین,بیشترین,تاریخ,gregorian_date
0,پالايش,صندوق پالايشي يكم-سهام,17997,15086579,1015187179540,68840,68590,66930,-1910,-2.77,67290,-1550,-2.25,66760,68590,1400-9-28,2021-12-19
1,فرابورس,فرابورس ايران,15494,105633398,1894803579991,17149,18000,18006,857,5,17938,789,4.6,17540,18006,1400-9-28,2021-12-19
2,كالا,بورس كالاي ايران,14479,42399132,1370342066360,32090,33690,31370,-720,-2.24,32320,230,0.72,30590,33690,1400-9-28,2021-12-19
3,خودرو,ايران‌ خودرو,11188,438255155,822100160745,1953,1965,1856,-97,-4.97,1876,-77,-3.94,1856,1970,1400-9-28,2021-12-19
4,دارا يكم,صندوق واسطه گري مالي يكم-سهام,10667,5792181,610039606780,108070,107960,104580,-3490,-3.23,105320,-2750,-2.54,103800,107960,1400-9-28,2021-12-19
5,خساپا,سايپا,10198,458083720,711086738760,1603,1625,1523,-80,-4.99,1552,-51,-3.18,1523,1628,1400-9-28,2021-12-19
6,بيمه پرديس,بيمه پرديس50% تاديه,9387,825000000,412500000000,1000,500,500,-500,-50,500,-500,-50,500,500,1400-9-28,2021-12-19
7,انرژي3,سايراشخاص بورس انرژي,9356,6730332,660201889290,100820,102580,97000,-3820,-3.79,98090,-2730,-2.71,95780,102580,1400-9-28,2021-12-19
8,شستا,سرمايه گذاري تامين اجتماعي,8623,33994036,334692436870,10120,10100,9760,-360,-3.56,9850,-270,-2.67,9730,10120,1400-9-28,2021-12-19
9,بورس,بورس اوراق بهادار تهران,7584,55608294,610078196790,10960,11300,10910,-50,-0.46,10970,10,0.09,10490,11490,1400-9-28,2021-12-19
10,توسن,توسعه سامانه ي نرم افزاري نگين,7303,11932345,206258512620,17191,17100,17532,341,1.98,17286,95,0.55,16350,17800,1400-9-28,2021-12-19
11,فولاد,فولاد مباركه اصفهان,6730,43384852,420690620270,9950,9910,9680,-270,-2.71,9700,-250,-2.51,9590,9990,1400-9-28,2021-12-19
12,بركت,گروه دارويي بركت,5793,19733363,335065799350,17720,17500,16840,-880,-4.97,16980,-740,-4.18,16840,17550,1400-9-28,2021-12-19
13,شبندر,پالايش نفت بندرعباس,5647,73944136,440730522080,6130,6100,5920,-210,-3.43,5960,-170,-2.77,5880,6130,1400-9-28,2021-12-19
14,كدما,معدني‌ دماوند,5643,7621801,454633872140,56880,59180,59720,2840,4.99,59650,2770,4.87,58200,59720,1400-9-28,2021-12-19
15,شپنا,پالايش نفت اصفهان,5260,45009984,244022921370,5650,5650,5400,-250,-4.42,5420,-230,-4.07,5370,5670,1400-9-28,2021-12-19
16,مثقال,صندوق س.پشتوانه طلاي زرين آگاه,5057,44188126,441881260000,10000,10000,10000,0,0,10000,0,0,10000,10000,1400-9-28,2021-12-19
17,كمند,صندوق س. با درآمد ثابت كمند,4996,197640524,1990507004095,10067,10071,10072,5,0.05,10071,4,0.04,10071,10073,1400-9-28,2021-12-19
18,فسبزوار,پارس فولاد سبزوار,4980,6756370,225631038790,33610,33610,33110,-500,-1.49,33400,-210,-0.62,33080,33650,1400-9-28,2021-12-19
19,شگويا,پتروشيمي تندگويان,4886,18946157,212531732997,10957,11000,11375,418,3.81,11218,261,2.38,10915,11469,1400-9-28,2021-12-19
20,ضخود1052,اختيارخ خودرو-2000-1400/10/08,4721,233145,8389737000,63,60,36,-27,-42.86,36,-27,-42.86,29,60,1400-9-28,2021-12-19
21,كرمان,س. توسعه و عمران استان كرمان,4432,141572707,123250545791,901,900,867,-34,-3.77,871,-30,-3.33,860,900,1400-9-28,2021-12-19
22,فجهان,مجتمع جهان فولاد سيرجان,4318,20609891,109048466085,5331,5300,5300,-31,-0.58,5291,-40,-0.75,5201,5350,1400-9-28,2021-12-19
23,فملي,ملي‌ صنايع‌ مس‌ ايران‌,4230,32898343,202785665800,6310,6340,6150,-160,-2.54,6160,-150,-2.38,6110,6350,1400-9-28,2021-12-19
24,خپارس,پارس‌ خودرو,4186,172154032,170103535611,1028,1036,977,-51,-4.96,988,-40,-3.89,977,1036,1400-9-28,2021-12-19
25,خگستر,گسترش‌سرمايه‌گذاري‌ايران‌خودرو,3971,125056364,268779622927,2239,2247,2128,-111,-4.96,2149,-90,-4.02,2128,2249,1400-9-28,2021-12-19
26,سمگا,گروه سرمايه گذاري ميراث فرهنگي,3531,36414684,408243726066,11221,11485,10780,-441,-3.93,11211,-10,-0.09,10750,11670,1400-9-28,2021-12-19
27,پترول,گ.س.وت.ص.پتروشيمي خليج فارس,3515,69103424,154320980383,2323,2310,2214,-109,-4.69,2233,-90,-3.87,2207,2340,1400-9-28,2021-12-19
28,خبهمن,گروه‌بهمن‌,3484,118765081,215539329091,1871,1898,1825,-46,-2.46,1815,-56,-2.99,1778,1910,1400-9-28,2021-12-19
29,مديريت,س. و خدمات مديريت صند. ب كشوري,3431,8939202,81206827676,9289,9286,8967,-322,-3.47,9084,-205,-2.21,8951,9288,1400-9-28,2021-12-19
30,نوري,پتروشيمي نوري,3304,2053661,216302978810,107780,109000,104300,-3480,-3.23,105330,-2450,-2.27,103800,109180,1400-9-28,2021-12-19
31,كيمياتك,آريان كيميا تك,3253,811324,19727304160,24430,24500,23910,-520,-2.13,24310,-120,-0.49,23910,24520,1400-9-28,2021-12-19
32,شفن,پتروشيمي فناوران,3219,11457283,152482940250,13850,13740,13190,-660,-4.77,13310,-540,-3.9,13160,13990,1400-9-28,2021-12-19
33,كيان,صندوق س. با درآمد ثابت كيان,3087,39497934,1269490273075,32125,32141,32142,17,0.05,32141,16,0.05,32139,32143,1400-9-28,2021-12-19
34,لپارس,پارس‌ الكتريك‌,2979,2134780,181285499520,84800,86500,87200,2400,2.83,84920,120,0.14,80610,88000,1400-9-28,2021-12-19
35,شپديس,پتروشيمي پرديس,2962,2068708,381864682210,183650,186540,181000,-2650,-1.44,184590,940,0.51,180900,192500,1400-9-28,2021-12-19
36,فگستر,گسترش صنايع روي ايرانيان,2897,945852,8447913537,8880,8631,8959,79,0.89,8909,29,0.33,8631,9100,1400-9-28,2021-12-19
37,وخارزم,سرمايه گذاري خوارزمي,2881,39797132,156596023161,4105,4140,3906,-199,-4.85,3935,-170,-4.14,3900,4140,1400-9-28,2021-12-19
38,بكاب,صنايع‌جوشكاب‌يزد,2867,2215020,181222425670,83040,87190,78890,-4150,-5,81820,-1220,-1.47,78890,87190,1400-9-28,2021-12-19
39,شتران,پالايش نفت تهران,2770,25447542,98977524744,3988,4000,3850,-138,-3.46,3905,-83,-2.08,3830,4000,1400-9-28,2021-12-19
40,تپكو,توليدتجهيزات‌سنگين‌هپكو,2617,71783009,224744963502,3044,3060,3135,91,2.99,3131,87,2.86,3060,3135,1400-9-28,2021-12-19
41,وبملت,بانك ملت,2571,67148816,180482197400,2766,2780,2690,-76,-2.75,2688,-78,-2.82,2665,2780,1400-9-28,2021-12-19
42,وتجارت,بانك تجارت,2561,63663873,109237316460,1758,1770,1700,-58,-3.3,1720,-38,-2.16,1690,1779,1400-9-28,2021-12-19
43,سغدير,توسعه سرمايه و صنعت غدير,2454,8307189,120585200806,15008,14783,14650,-358,-2.39,14516,-492,-3.28,14301,14783,1400-9-28,2021-12-19
44,گدنا,تهيه توزيع غذاي دنا آفرين فدك,2450,2053378,22502366415,11131,11399,10850,-281,-2.52,10959,-172,-1.55,10601,11400,1400-9-28,2021-12-19
45,ثاميد,توسعه و عمران اميد,2332,20203127,29575004263,1457,1450,1470,13,0.89,1464,7,0.48,1427,1473,1400-9-28,2021-12-19
46,سپيدار,سپيدار سيستم آسيا,2304,2127880,41531239157,19266,19500,20000,734,3.81,19518,252,1.31,18900,20110,1400-9-28,2021-12-19
47,خمهرح,ح . مهركام‌پارس‌,2304,48984311,29565711677,661,666,595,-66,-9.98,604,-57,-8.62,595,666,1400-9-28,2021-12-19
48,ثبهساز,بهساز كاشانه تهران,2261,27714119,40573055708,1459,1431,1477,18,1.23,1464,5,0.34,1431,1490,1400-9-28,2021-12-19
49,شلرد,كود شيميايي اوره لردگان,2226,22724195,250000830721,10750,11072,10935,185,1.72,11002,252,2.34,10701,11072,1400-9-28,2021-12-19
50,غزر,صنعتي زر ماكارون,2203,3815833,35111554120,9490,9490,9020,-470,-4.95,9200,-290,-3.06,9020,9800,1400-9-28,2021-12-19
51,كاما,باما,2173,15276782,95476228110,6500,6500,6190,-310,-4.77,6250,-250,-3.85,6180,6570,1400-9-28,2021-12-19
52,آپ,آسان پرداخت پرشين,2171,9595082,94530549070,9650,9770,9600,-50,-0.52,9850,200,2.07,9600,10130,1400-9-28,2021-12-19
53,بركتح,ح . گروه دارويي بركت,2131,6859669,89332531710,13850,13530,12760,-1090,-7.87,13020,-830,-5.99,12740,13750,1400-9-28,2021-12-19
54,آريا,پليمر آريا ساسول,2112,989209,103385796964,106112,104591,104100,-2012,-1.9,104514,-1598,-1.51,104000,105977,1400-9-28,2021-12-19
55,خزاميا,زامياد,2103,23661859,159450974130,6600,6910,6610,10,0.15,6740,140,2.12,6510,6910,1400-9-28,2021-12-19
56,امين,تامين سرمايه امين,2080,1253836,15378624540,12240,12270,12260,20,0.16,12250,10,0.08,12250,12280,1400-9-28,2021-12-19
57,وسديد,گروه ‌صنعتي‌سديد,2039,32609732,33964278674,1073,1045,1041,-32,-2.98,1042,-31,-2.89,1041,1067,1400-9-28,2021-12-19
58,قتربت,قند تربت حيدريه,2038,320481,16815923407,53306,51707,51707,-1599,-3,52471,-835,-1.57,51707,54736,1400-9-28,2021-12-19
59,غگيلا,شيرپاستوريزه پگاه گيلان,2033,4944932,64860114162,12566,12620,13194,628,5,13116,550,4.38,12301,13194,1400-9-28,2021-12-19
60,بوعلي,پتروشيمي بوعلي سينا,1953,577674,39768047730,69040,68190,68600,-440,-0.64,68960,-80,-0.12,68190,69440,1400-9-28,2021-12-19
61,آبادا,توليد نيروي برق آبادان,1950,2407091,22662850280,8980,9410,9420,440,4.9,9420,440,4.9,9210,9420,1400-9-28,2021-12-19
62,ومدير,گ.مديريت ارزش سرمايه ص ب كشوري,1946,7457782,33249148473,4472,4530,4444,-28,-0.63,4458,-14,-0.31,4410,4546,1400-9-28,2021-12-19
63,وهامون,سرمايه گذاري هامون صبا,1945,6227600,16679975374,2694,2640,2692,-2,-0.07,2678,-16,-0.59,2631,2716,1400-9-28,2021-12-19
64,زاگرس,پتروشيمي زاگرس,1917,774390,176328085259,237567,234100,225690,-11877,-5,227699,-9868,-4.15,225689,237900,1400-9-28,2021-12-19
65,لكما,كارخانجات‌مخابراتي‌ايران‌,1915,67319671,60444995390,874,898,900,26,2.97,898,24,2.75,885,900,1400-9-28,2021-12-19
66,وبصادر,بانك صادرات ايران,1900,59994082,95796840622,1640,1626,1589,-51,-3.11,1603,-37,-2.26,1579,1640,1400-9-28,2021-12-19
67,شاروم,پتروشيمي اروميه,1892,1336189,17024707399,12676,13000,12745,69,0.54,12741,65,0.51,12378,13188,1400-9-28,2021-12-19
68,امين يكم,صندوق درآمد ثابت امين يكم فردا,1844,53261433,540289467215,10140,10145,10143,3,0.03,10144,4,0.04,10138,10149,1400-9-28,2021-12-19
69,سحرخيز,صندوق س. گروه زعفران سحرخيز,1811,3573913,64435244872,18065,17750,17925,-140,-0.77,18029,-36,-0.2,17510,18470,1400-9-28,2021-12-19
70,وسپهر,سرمايه گذاري مالي سپهرصادرات,1806,7829548,55275733972,7039,7040,7060,21,0.3,7053,14,0.2,7040,7085,1400-9-28,2021-12-19
71,ولپارس,ليزينگ پارسيان,1804,8717678,23922168550,2863,2863,2724,-139,-4.86,2744,-119,-4.16,2720,2878,1400-9-28,2021-12-19
72,صبا,سرمايه گذاري صبا تامين,1769,9909981,58156517002,5935,5999,5819,-116,-1.95,5898,-37,-0.62,5780,5999,1400-9-28,2021-12-19
73,رافزا,رايان هم افزا,1766,1716716,97633652744,56843,56200,57984,1141,2.01,56872,29,0.05,54820,59270,1400-9-28,2021-12-19
74,اعتماد,صندوق س.اعتماد آفرين پارسيان-د,1751,27963160,1139203519940,40716,40739,40741,25,0.06,40739,23,0.06,40738,40741,1400-9-28,2021-12-19
75,سپيد,سپيد ماكيان,1663,752494,42203902100,57290,57300,56170,-1120,-1.95,56090,-1200,-2.09,55500,57300,1400-9-28,2021-12-19
76,وكبهمن,مديريت سرمايه گذاري كوثربهمن,1652,695968,6326736955,9031,8940,9061,30,0.33,9056,25,0.28,8918,9210,1400-9-28,2021-12-19
77,وغدير,سرمايه‌گذاري‌غدير(هلدينگ‌,1648,8569368,122188239010,14600,14800,14260,-340,-2.33,14260,-340,-2.33,14060,14800,1400-9-28,2021-12-19
78,ولكار,ليزينگ كارآفرين,1608,2006588,7555038700,3785,3899,3738,-47,-1.24,3774,-11,-0.29,3618,3899,1400-9-28,2021-12-19
79,بمپنا,توليد برق عسلويه  مپنا,1602,40437466,264126034115,6326,6330,6499,173,2.73,6532,206,3.26,6077,6642,1400-9-28,2021-12-19
80,غدام,خوراك‌  دام‌ پارس‌,1602,1094944,105115364350,93710,98390,90800,-2910,-3.11,96000,2290,2.44,90020,98390,1400-9-28,2021-12-19
81,فاذر,صنايع‌ آذرآب‌,1593,71045415,68106796466,1003,1003,953,-50,-4.99,959,-44,-4.39,953,1003,1400-9-28,2021-12-19
82,ديران,ايران‌دارو,1590,4698088,80840781510,16710,17520,16690,-20,-0.12,17210,500,2.99,16610,17540,1400-9-28,2021-12-19
83,افران,صندوق س افرا نماد پايدار-ثابت,1580,49544790,744358007164,15016,15024,15023,7,0.05,15024,8,0.05,15023,15026,1400-9-28,2021-12-19
84,لطيف,محصولات كاغذي لطيف,1524,599707,21601351864,35370,36480,35400,30,0.08,36020,650,1.84,35375,36943,1400-9-28,2021-12-19
85,غكورش,صنعت غذايي كورش,1521,780456,37490637710,48930,49000,47380,-1550,-3.17,48350,-580,-1.19,47320,49000,1400-9-28,2021-12-19
86,بپيوند,برق و انرژي پيوندگستر پارس,1497,998010,9010809388,9088,8873,9000,-88,-0.97,9053,-35,-0.39,8873,9160,1400-9-28,2021-12-19
87,كزغال,زغال سنگ پروده طبس,1473,725240,20691583778,29056,28625,28460,-596,-2.05,28580,-476,-1.64,28226,28996,1400-9-28,2021-12-19
88,شصدف,صنعتي دوده فام,1412,1960134,59650609179,31751,32000,30164,-1587,-5,30432,-1319,-4.15,30164,32130,1400-9-28,2021-12-19
89,وگردش,بانك گردشگري,1397,54926731,607502988500,11357,11390,11017,-340,-2.99,11060,-297,-2.62,11017,11400,1400-9-28,2021-12-19
90,چخزر,صنايع چوب خزر كاسپين,1373,276033,6570838863,24172,24076,23671,-501,-2.07,24009,-163,-0.67,23303,24369,1400-9-28,2021-12-19
91,سيتا,سرمايه گذاري سيمان تامين,1369,2759418,23926115230,8860,8700,8610,-250,-2.82,8740,-120,-1.35,8580,8750,1400-9-28,2021-12-19
92,نهال,صندوق س. طلاي سرخ نوويرا,1361,2191049,40027637788,18307,17900,18211,-96,-0.52,18269,-38,-0.21,17900,18820,1400-9-28,2021-12-19
93,تملتح,ح . تامين سرمايه بانك ملت,1358,8262254,8673808209,1064,1042,1026,-38,-3.57,1050,-14,-1.32,1021,1075,1400-9-28,2021-12-19
94,بگيلان,توسعه مسير برق گيلان,1350,1319852,17629234639,13872,13900,13311,-561,-4.04,13477,-395,-2.85,13252,13910,1400-9-28,2021-12-19
95,شاوان,پالايش نفت لاوان,1341,1255986,150318245558,125088,127560,119000,-6088,-4.87,119681,-5407,-4.32,118834,127560,1400-9-28,2021-12-19
96,ولملت,واسپاري ملت,1307,19708992,64406564323,3387,3330,3218,-169,-4.99,3268,-119,-3.51,3218,3449,1400-9-28,2021-12-19
97,اپال,فرآوري معدني اپال كاني پارس,1293,957821,21724424870,22700,22700,22630,-70,-0.31,22700,0,0,22620,22710,1400-9-28,2021-12-19
98,بترانس,ايران‌ ترانسفو,1282,41265464,77979973146,1877,1784,1886,9,0.48,1890,13,0.69,1784,1921,1400-9-28,2021-12-19
99,سامان,بانك سامان,1275,21588083,143113696464,6800,6774,6728,-72,-1.06,6629,-171,-2.51,6596,6839,1400-9-28,2021-12-19
100,شفنح,ح . پتروشيمي فناوران,1267,5453767,51006025680,9910,9600,9230,-680,-6.86,9350,-560,-5.65,9180,9750,1400-9-28,2021-12-19
101,ختور,رادياتور ايران‌,1236,7546527,83903110820,11630,11760,11050,-580,-4.99,11120,-510,-4.39,11050,11760,1400-9-28,2021-12-19
102,وپارس,بانك‌پارسيان‌,1236,26140517,47838761448,1853,1825,1803,-50,-2.7,1843,-10,-0.54,1800,1870,1400-9-28,2021-12-19
103,زملارد,كشاورزي و دامپروري ملارد شير,1230,189961,3536437815,18891,18490,18719,-172,-0.91,18825,-66,-0.35,18000,19000,1400-9-28,2021-12-19
104,كوير,توليدي فولاد سپيد فراب كوير,1214,12326541,69547622330,5760,5860,5590,-170,-2.95,5640,-120,-2.08,5480,5900,1400-9-28,2021-12-19
105,گشان,توسعه بين المللي پديده شانديز,1207,2887161,53501750615,19077,19100,18505,-572,-3,18531,-546,-2.86,18505,19100,1400-9-28,2021-12-19
106,فتوسا,توليد و توسعه سرب روي ايرانيان,1189,477976,4780152417,10002,9580,9911,-91,-0.91,10002,0,0,9580,10154,1400-9-28,2021-12-19
107,حفاري,حفاري شمال,1160,19867569,67629421477,3551,3541,3387,-164,-4.62,3404,-147,-4.14,3374,3547,1400-9-28,2021-12-19
108,وسكرد,شركت س استان كردستان,1158,78348160,32833976383,428,423,418,-10,-2.34,419,-9,-2.1,415,427,1400-9-28,2021-12-19
109,كتوكا,توليدي و خدمات صنايع نسوز توكا,1115,4774971,50985822792,11082,11628,10528,-554,-5,10678,-404,-3.65,10528,11628,1400-9-28,2021-12-19
110,فجر,فولاد اميركبيركاشان,1114,3081085,63327529550,21480,21690,20490,-990,-4.61,20550,-930,-4.33,20410,21690,1400-9-28,2021-12-19
111,ثفارس,عمران‌وتوسعه‌فارس‌,1078,7448434,53166230800,6950,7180,7260,310,4.46,7140,190,2.73,7040,7290,1400-9-28,2021-12-19
112,فارس,صنايع پتروشيمي خليج فارس,1078,8547815,84367714370,9830,9880,9960,130,1.32,9860,30,0.31,9800,9960,1400-9-28,2021-12-19
113,حكشتي,كشتيراني جمهوري اسلامي ايران,1076,4899376,60698354270,12720,12630,12370,-350,-2.75,12530,-190,-1.49,12190,12640,1400-9-28,2021-12-19
114,وملي,گروه‌ صنعتي‌ ملي‌ (هلدينگ‌,1071,407204,49838834030,121890,124100,123300,1410,1.16,122390,500,0.41,120010,124990,1400-9-28,2021-12-19
115,غبهنوش,بهنوش‌ ايران‌,1069,1372317,95397545480,71430,68560,67860,-3570,-5,69520,-1910,-2.67,67860,73460,1400-9-28,2021-12-19
116,وفتخار,سرمايه گذاري افتخار سهام,1068,5545665,9841267549,1725,1776,1776,51,2.96,1775,50,2.9,1755,1776,1400-9-28,2021-12-19
117,غگل,گلوكوزان‌,1059,15712599,44322857141,2933,2933,2787,-146,-4.98,2821,-112,-3.82,2787,2950,1400-9-28,2021-12-19
118,شاراك,پتروشيمي شازند,1047,2031911,84868049850,42260,41570,41520,-740,-1.75,41840,-420,-0.99,41000,42250,1400-9-28,2021-12-19
119,فاراك,ماشين‌ سازي‌ اراك‌,1042,26089222,36789844843,1465,1481,1411,-54,-3.69,1410,-55,-3.75,1393,1495,1400-9-28,2021-12-19
120,طلا,صندوق س.پشتوانه طلاي لوتوس,1038,1044388,95060141722,92492,91594,91340,-1152,-1.25,91020,-1472,-1.59,90620,91594,1400-9-28,2021-12-19
121,داسوه,داروسازي‌ اسوه‌,1033,3424935,97557695240,27560,28930,28500,940,3.41,28480,920,3.34,27000,28930,1400-9-28,2021-12-19
122,خصدرا,صنعتي‌ دريايي‌ ايران‌,1028,20268151,40929439787,2063,2070,2002,-61,-2.96,2019,-44,-2.13,2002,2100,1400-9-28,2021-12-19
123,هاي وب,داده گسترعصرنوين-هاي وب,1025,6163406,47570081470,7880,8000,7710,-170,-2.16,7720,-160,-2.03,7620,8000,1400-9-28,2021-12-19
124,فسازان,غلتك سازان سپاهان,1018,13350978,62856174859,4506,4731,4731,225,4.99,4708,202,4.48,4602,4731,1400-9-28,2021-12-19
125,شسپا,نفت سپاهان,1009,17334556,55102598724,3284,3200,3190,-94,-2.86,3203,-81,-2.47,3150,3260,1400-9-28,2021-12-19
126,شيران,س. صنايع‌شيميايي‌ايران,1005,4625946,88302694780,19580,19570,18810,-770,-3.93,19090,-490,-2.5,18750,19570,1400-9-28,2021-12-19
127,چكاپا,گروه صنايع كاغذ پارس,1001,11677780,32622133234,2792,2880,2781,-11,-0.39,2794,2,0.07,2750,2887,1400-9-28,2021-12-19
128,شپاكسا,پاكسان‌,991,4093715,82350484770,19750,19500,20180,430,2.18,20120,370,1.87,18910,20700,1400-9-28,2021-12-19
129,شغدير,پتروشيمي غدير,985,727042,64979622630,91800,90810,88600,-3200,-3.49,89380,-2420,-2.64,88110,92000,1400-9-28,2021-12-19
130,شپترو,پتروشيمي آبادان,981,16876702,45939486065,2676,2677,2756,80,2.99,2722,46,1.72,2625,2756,1400-9-28,2021-12-19
131,شيراز,پتروشيمي‌شيراز,976,682757,49328128370,74620,73170,72480,-2140,-2.87,73410,-1210,-1.62,71000,74620,1400-9-28,2021-12-19
132,شبريز,پالايش نفت تبريز,967,2792328,83753580040,30010,30120,29640,-370,-1.23,30000,-10,-0.03,29630,30800,1400-9-28,2021-12-19
133,فروي,ذوب روي اصفهان,959,2029921,32927219950,16609,17220,15920,-689,-4.15,16221,-388,-2.34,15850,17220,1400-9-28,2021-12-19
134,آگاس,صندوق س.هستي بخش آگاه-س,957,743053,54488333683,74621,74111,72809,-1812,-2.43,73330,-1291,-1.73,72701,74899,1400-9-28,2021-12-19
135,وساغربي,شركت س استان آذربايجان غربي,957,56358311,23269068993,421,417,410,-11,-2.61,414,-7,-1.66,408,421,1400-9-28,2021-12-19
136,ثنوسا,نوسازي‌وساختمان‌تهران‌,949,13689125,62829610019,4419,4595,4639,220,4.98,4590,171,3.87,4290,4639,1400-9-28,2021-12-19
137,فزرين,زرين معدن آسيا,922,3867407,45129033764,11264,11820,11601,337,2.99,11669,405,3.6,11350,11827,1400-9-28,2021-12-19
138,كلر,كلر پارس,919,689956,69714351018,105927,105170,100631,-5296,-5,101042,-4885,-4.61,100631,105548,1400-9-28,2021-12-19
139,كيميا,معدني كيمياي زنجان گستران,907,4745774,58196108592,11780,12299,12230,450,3.82,12263,483,4.1,11900,12369,1400-9-28,2021-12-19
140,تسه0006,امتيازتسهيلات مسكن شهريور1400,891,18504,18378946065,1043115,990960,990960,-52155,-5,993242,-49873,-4.78,990960,1020000,1400-9-28,2021-12-19
141,پيزد,مجتمع صنايع لاستيك يزد,888,182030,9244160469,51608,51608,50352,-1256,-2.43,51094,-514,-1,49700,51700,1400-9-28,2021-12-19
142,شلعاب,لعابيران‌,885,8918100,50492063380,5830,5930,5540,-290,-4.97,5660,-170,-2.92,5540,6050,1400-9-28,2021-12-19
143,پارند,صندوق س. پارند پايدار سپهر,878,25756946,259440482855,10067,10072,10072,5,0.05,10073,6,0.06,10072,10073,1400-9-28,2021-12-19
144,كماسه,تامين‌ ماسه‌ ريخته‌گري‌,876,11801984,40768701049,3538,3680,3362,-176,-4.97,3454,-84,-2.37,3362,3680,1400-9-28,2021-12-19
145,وپويا,سرمايه گذاري پويا,874,1700935,5448123334,3250,3326,3216,-34,-1.05,3233,-17,-0.52,3156,3326,1400-9-28,2021-12-19
146,پارس,پتروشيمي پارس,858,306064,53591492290,180420,177600,174960,-5460,-3.03,177480,-2940,-1.63,172000,179990,1400-9-28,2021-12-19
147,بپاس,بيمه پاسارگاد,853,10266559,436041088424,42472,42472,42473,1,0,42472,0,0,42440,42475,1400-9-28,2021-12-19
148,سرو,صندوق س سروسودمند مدبران-سهام,851,1107538,71740438520,66170,66000,64450,-1720,-2.6,64770,-1400,-2.12,64210,66000,1400-9-28,2021-12-19
149,تسه0007,امتيازتسهيلات مسكن مهر1400,821,23303,23147536391,1045314,993049,993049,-52265,-5,993329,-51985,-4.97,993049,1010000,1400-9-28,2021-12-19
150,خفنر,فنرسازي‌خاور,811,3261276,22715311840,7200,7300,6840,-360,-5,6970,-230,-3.19,6840,7360,1400-9-28,2021-12-19
151,وسكرمان,س.سهام عدالت استان كرمان,811,58110169,24268219834,425,424,414,-11,-2.59,419,-6,-1.41,413,425,1400-9-28,2021-12-19
152,تسه0008,امتيازتسهيلات مسكن آبان1400,808,16550,16670765561,1059602,1006622,1006622,-52980,-5,1007297,-52305,-4.94,1006622,1033333,1400-9-28,2021-12-19
153,سنير,سيمان‌ سفيد ني‌ريز,808,859127,23586866500,27130,28460,26590,-540,-1.99,27450,320,1.18,26540,28460,1400-9-28,2021-12-19
154,فخوز,فولاد  خوزستان,807,6434606,39646910410,6250,6230,6150,-100,-1.6,6220,-30,-0.48,6060,6240,1400-9-28,2021-12-19
155,وسكرشا,س.سهام عدالت استان كرمانشاه,802,63156146,26825981701,438,430,421,-17,-3.88,425,-13,-2.97,418,430,1400-9-28,2021-12-19
156,گكوثر,هتل پارسيان كوثر اصفهان,801,20141854,33461461536,1722,1722,1636,-86,-4.99,1661,-61,-3.54,1636,1749,1400-9-28,2021-12-19
157,بالبر,كابل‌ البرز,794,2615017,58006527430,23050,24140,21900,-1150,-4.99,22180,-870,-3.77,21900,24140,1400-9-28,2021-12-19
158,خرينگ,رينگ‌سازي‌مشهد,794,4030844,96683286460,22970,23500,24110,1140,4.96,23990,1020,4.44,22610,24110,1400-9-28,2021-12-19
159,خزر,فنرسازي‌زر,788,3512018,30630968180,9080,9160,8630,-450,-4.96,8720,-360,-3.96,8630,9250,1400-9-28,2021-12-19
160,كاوه,فولاد كاوه جنوب كيش,782,3035399,40929123920,13950,14000,13390,-560,-4.01,13710,-240,-1.72,13280,14000,1400-9-28,2021-12-19
161,شبصير,توليدات پتروشيمي قائد بصير,780,818631,86649469607,110552,110000,106560,-3992,-3.61,105847,-4705,-4.26,105025,110580,1400-9-28,2021-12-19
162,كهمدا,شيشه‌ همدان‌,779,7562459,68236485060,8620,8890,9050,430,4.99,9020,400,4.64,8510,9050,1400-9-28,2021-12-19
163,سهرمز,سيمان‌هرمزگان‌,776,3366908,52967910080,15010,15150,15760,750,5,15730,720,4.8,15150,15760,1400-9-28,2021-12-19
164,ضخود1053,اختيارخ خودرو-2500-1400/10/08,774,39712,60072000,4,3,2,-2,-50,2,-2,-50,1,3,1400-9-28,2021-12-19
165,غپينو,پارس‌ مينو,769,10632399,21048700380,2066,2080,1963,-103,-4.99,1980,-86,-4.16,1963,2096,1400-9-28,2021-12-19
166,البرز,بيمه البرز,769,20220730,33649828917,1701,1718,1650,-51,-3,1664,-37,-2.18,1631,1718,1400-9-28,2021-12-19
167,بزاگرس,نيروگاه زاگرس كوثر,756,10946048,36604202949,3232,3392,3313,81,2.51,3344,112,3.47,3255,3392,1400-9-28,2021-12-19
168,ختوقا,قطعات‌ اتومبيل‌ ايران‌,747,15150289,34403793086,2351,2410,2234,-117,-4.98,2271,-80,-3.4,2234,2410,1400-9-28,2021-12-19
169,كارا,صندوق س. كارا -د,741,34538828,359097929925,10390,10397,10397,7,0.07,10397,7,0.07,10396,10398,1400-9-28,2021-12-19
170,زدشت,كشت و صنعت دشت خرم دره,736,4158814,47114717246,10846,11009,11388,542,5,11329,483,4.45,10863,11388,1400-9-28,2021-12-19
171,وثنو,سرمايه گذاري ساختماني نوين,733,10819438,47734789382,4373,4504,4504,131,3,4412,39,0.89,4242,4504,1400-9-28,2021-12-19
172,سدشت,صنايع سيمان دشتستان,724,2129493,58802405480,27340,26000,27810,470,1.72,27610,270,0.99,25980,28600,1400-9-28,2021-12-19
173,بجهرم,توسعه مولد نيروگاهي جهرم,720,9394678,16579654949,1800,1801,1749,-51,-2.83,1766,-34,-1.89,1740,1835,1400-9-28,2021-12-19
174,دتوليد,داروسازي توليد دارو,712,3090002,22539868864,7210,7105,7400,190,2.64,7294,84,1.17,7010,7490,1400-9-28,2021-12-19
175,ياقوت,صندوق س ياقوت آگاه-ثابت,710,15327937,211610388216,13800,13809,13817,17,0.12,13806,6,0.04,13805,13827,1400-9-28,2021-12-19
176,غويتا,ويتانا,707,4933477,24271667398,5138,5051,4955,-183,-3.56,4920,-218,-4.24,4882,5219,1400-9-28,2021-12-19
177,زقيام,كشت و دام قيام اصفهان,704,20254798,23168384320,1184,1171,1125,-59,-4.98,1144,-40,-3.38,1125,1199,1400-9-28,2021-12-19
178,ملت,بيمه ملت,700,23851410,26717701479,1130,1130,1130,0,0,1120,-10,-0.88,1100,1144,1400-9-28,2021-12-19
179,كچاد,معدني‌وصنعتي‌چادرملو,694,2178753,60001762130,27490,27880,27660,170,0.62,27510,20,0.07,27300,27880,1400-9-28,2021-12-19
180,ثرود,سرمايه‌گذاري مسكن زاينده رود,692,4779163,25504086353,5152,5304,5409,257,4.99,5337,185,3.59,5152,5409,1400-9-28,2021-12-19
181,زعف0008پ05,زعفران0008نگين زرين(پ),680,348354,90600684456,260968,260150,260501,-467,-0.18,260082,-886,-0.34,260000,264005,1400-9-28,2021-12-19
182,شجم,صنايع پتروشيمي تخت جمشيد,677,5904693,68067500176,11023,11071,11574,551,5,11528,505,4.58,11071,11574,1400-9-28,2021-12-19
183,وصنعت,سرمايه گذاري توسعه صنعت وتجارت,676,8600646,58629941010,7030,6920,6750,-280,-3.98,6820,-210,-2.99,6680,7100,1400-9-28,2021-12-19
184,شاملا,معدني‌ املاح‌  ايران‌,673,5666012,60557796810,11130,10660,11150,20,0.18,10690,-440,-3.95,10580,11500,1400-9-28,2021-12-19
185,غمينو,شركت صنايع غذايي مينو شرق,667,10303193,37339234967,3807,3840,3618,-189,-4.96,3624,-183,-4.81,3617,3840,1400-9-28,2021-12-19
186,ومعادن,توسعه‌معادن‌وفلزات‌,667,5211876,46359460450,9050,9030,8910,-140,-1.55,8990,-60,-0.66,8820,9060,1400-9-28,2021-12-19
187,كسرا,سراميك‌هاي‌صنعتي‌اردكان‌,666,2955511,35208618070,12110,12500,11780,-330,-2.73,11910,-200,-1.65,11510,12610,1400-9-28,2021-12-19
188,قرن,پديده شيمي قرن,665,1440487,30274921460,21990,21850,20940,-1050,-4.77,21020,-970,-4.41,20900,21900,1400-9-28,2021-12-19
189,تملت,تامين سرمايه بانك ملت,660,4656047,11015095418,2378,2400,2373,-5,-0.21,2369,-9,-0.38,2311,2400,1400-9-28,2021-12-19
190,اميد,تامين سرمايه اميد,656,4915092,41477648680,8390,8470,8440,50,0.6,8440,50,0.6,8390,8570,1400-9-28,2021-12-19
191,خمحركه,نيرو محركه‌,651,8446212,26478578142,3204,3209,3100,-104,-3.25,3135,-69,-2.15,3050,3211,1400-9-28,2021-12-19
192,كروي,توسعه‌ معادن‌ روي‌ ايران‌,650,1966612,40101036090,20680,20600,20400,-280,-1.35,20390,-290,-1.4,20220,21000,1400-9-28,2021-12-19
193,فولاي,صنايع فولاد آلياژي يزد,650,2857706,39338018769,14385,14330,13667,-718,-4.99,13766,-619,-4.3,13666,14330,1400-9-28,2021-12-19
194,دسانكو,داروسازي سبحان انكولوژي,649,1995648,25670824353,12847,13027,12989,142,1.11,12863,16,0.12,12650,13097,1400-9-28,2021-12-19
195,ولملتح,ح . واسپاري ملت,643,3861222,5969440885,1525,1520,1529,4,0.26,1546,21,1.38,1480,1633,1400-9-28,2021-12-19
196,تپمپي,پمپ‌ سازي‌ ايران‌,643,3200037,59870456340,18150,18150,19050,900,4.96,18710,560,3.09,17630,19050,1400-9-28,2021-12-19
197,فروس,فروسيليس‌ ايران‌,640,5318318,31426116990,5950,6090,5950,0,0,5910,-40,-0.67,5810,6090,1400-9-28,2021-12-19
198,اتكاي,بيمه اتكايي ايرانيان,639,7155253,71503928376,10193,9910,10197,4,0.04,9993,-200,-1.96,9684,10200,1400-9-28,2021-12-19
199,خاذين,سايپاآذين‌,636,9438608,22836153976,2395,2514,2385,-10,-0.42,2419,24,1,2301,2514,1400-9-28,2021-12-19
200,هرمز,فولاد هرمزگان جنوب,634,2475386,34959600285,14655,14296,14135,-520,-3.55,14494,-161,-1.1,14060,14600,1400-9-28,2021-12-19
201,تاپيكو,س. نفت و گاز و پتروشيمي تأمين,631,3995465,54683767600,13910,14090,13640,-270,-1.94,13810,-100,-0.72,13540,14090,1400-9-28,2021-12-19
202,ثاخت,بين‌المللي‌توسعه‌ساختمان,631,9613124,16415464727,1758,1760,1691,-67,-3.81,1708,-50,-2.84,1683,1789,1400-9-28,2021-12-19
203,غشهداب,كشت و صنعت شهداب ناب خراسان,629,5762128,14449743820,2472,2580,2526,54,2.18,2505,33,1.33,2451,2580,1400-9-28,2021-12-19
204,خموتورح,ح . موتورسازان‌تراكتورسازي‌,629,8519878,23215976180,2965,2965,2734,-231,-7.79,2725,-240,-8.09,2669,2965,1400-9-28,2021-12-19
205,اخابر,مخابرات ايران,625,4755899,31096357490,6690,6700,6540,-150,-2.24,6650,-40,-0.6,6400,6700,1400-9-28,2021-12-19
206,ثشاهد,سرمايه‌ گذاري‌ شاهد,624,5495812,50882139210,9310,9370,9090,-220,-2.36,9260,-50,-0.54,9080,9370,1400-9-28,2021-12-19
207,كسرام,پارس‌ سرام‌,623,5825814,26280841658,4567,4670,4339,-228,-4.99,4511,-56,-1.23,4339,4750,1400-9-28,2021-12-19
208,كنور,توسعه معدني و صنعتي صبانور,619,3671617,69645682240,18620,18840,18700,80,0.43,18870,250,1.34,18460,19200,1400-9-28,2021-12-19
209,بموتو,موتوژن‌,618,1459108,108870124680,71260,71270,74820,3560,5,74610,3350,4.7,71270,74820,1400-9-28,2021-12-19
210,زكوثر,سرمايه گذاري كشاورزي كوثر,618,2403200,31289130980,13160,13350,13000,-160,-1.22,13020,-140,-1.06,12820,13350,1400-9-28,2021-12-19
211,كخاك,صنايع‌خاك‌چيني‌ايران‌,617,3391908,44928411010,13630,13630,12950,-680,-4.99,13250,-380,-2.79,12950,13970,1400-9-28,2021-12-19
212,وساپا,سرمايه‌گذاري‌ سايپا,613,6945610,26978931011,4020,4054,3873,-147,-3.66,3884,-136,-3.38,3819,4148,1400-9-28,2021-12-19
213,ولساپا,ليزينگ رايان‌ سايپا,607,21324466,29236867619,1405,1380,1398,-7,-0.5,1371,-34,-2.42,1352,1400,1400-9-28,2021-12-19
214,سنيرح,ح . سيمان‌ سفيدني‌ريز,606,1010405,20638182990,20750,21900,19730,-1020,-4.92,20430,-320,-1.54,19570,21900,1400-9-28,2021-12-19
215,گنگين,اقتصادي نگين گردشگري ايرانيان,606,6125999,171343283504,27235,28052,28052,817,3,27970,735,2.7,27250,28052,1400-9-28,2021-12-19
216,ونوين,بانك‌اقتصادنوين‌,605,15529688,45258780669,2949,2950,2930,-19,-0.64,2914,-35,-1.19,2870,2977,1400-9-28,2021-12-19
217,كامياب,صندوق س. كامياب آشنا-د,605,18409417,204240787709,11086,11090,11094,8,0.07,11094,8,0.07,11090,11099,1400-9-28,2021-12-19
218,تسه0005,امتيازتسهيلات مسكن مرداد 1400,604,11970,12076745572,1043817,991627,991627,-52190,-5,1008918,-34899,-3.34,991627,1094999,1400-9-28,2021-12-19
219,تاصيكو,سرمايه گذاري صدرتامين,595,5958925,50336460770,8570,8460,8600,30,0.35,8510,-60,-0.7,8260,8630,1400-9-28,2021-12-19
220,شكلر,نيروكلر,594,1146278,43922700460,38010,38010,38650,640,1.68,38320,310,0.82,37510,39590,1400-9-28,2021-12-19
221,فاسمين,كالسيمين‌,580,4200389,65968670300,15910,16000,15780,-130,-0.82,15710,-200,-1.26,15540,16000,1400-9-28,2021-12-19
222,سفارس,سيمان فارس و خوزستان,580,2287740,34434029160,15170,14970,15050,-120,-0.79,15050,-120,-0.79,14820,15290,1400-9-28,2021-12-19
223,حريل,ريل پردازسير,569,8114264,18281710313,2321,2360,2205,-116,-5,2253,-68,-2.93,2205,2365,1400-9-28,2021-12-19
224,وايران,ليزينگ ايرانيان,565,9033341,23807102780,2683,2750,2632,-51,-1.9,2635,-48,-1.79,2600,2750,1400-9-28,2021-12-19
225,كگل,معدني و صنعتي گل گهر,565,1681259,34641112950,20870,21000,20900,30,0.14,20790,-80,-0.38,20370,21000,1400-9-28,2021-12-19
226,غديس,پاكديس,563,4944627,47951020553,9514,9460,9989,475,4.99,9698,184,1.93,9150,9989,1400-9-28,2021-12-19
227,همراه,شركت ارتباطات سيار ايران,563,2019569,15871925020,8080,7990,7910,-170,-2.1,8050,-30,-0.37,7730,8060,1400-9-28,2021-12-19
228,كفپارس,فرآورده‌هاي‌ نسوز پارس‌,560,4408717,11435081777,2594,2604,2569,-25,-0.96,2594,0,0,2500,2698,1400-9-28,2021-12-19
229,كباده,توليد خاك نسوزاستقلال آباده,559,3280949,99519076148,29500,30385,30385,885,3,30332,832,2.82,28616,30385,1400-9-28,2021-12-19
230,ورنا,سرمايه‌گذاري‌ رنا(هلدينگ‌,554,5822841,16636030655,2849,2981,2874,25,0.88,2857,8,0.28,2770,2982,1400-9-28,2021-12-19
231,كرازي,كارخانجات‌توليدي‌شيشه‌رازي‌,546,13297291,15222557908,1177,1174,1147,-30,-2.55,1145,-32,-2.72,1135,1174,1400-9-28,2021-12-19
232,سبزوا,سيمان لار سبزوار,544,8700898,14769219834,1738,1740,1680,-58,-3.34,1698,-40,-2.3,1669,1769,1400-9-28,2021-12-19
233,هماي,صندوق س هماي آگاه-ثابت,527,4374152,44404054119,10151,10148,10152,1,0.01,10151,0,0,10147,10161,1400-9-28,2021-12-19
234,پتاير,ايران‌ تاير,527,6749845,11436323044,1730,1730,1673,-57,-3.29,1702,-28,-1.62,1660,1740,1400-9-28,2021-12-19
235,شتوكاح,ح . توكا رنگ فولاد سپاهان,526,5187746,55582725060,10897,10950,11100,203,1.86,10714,-183,-1.68,10353,11400,1400-9-28,2021-12-19
236,سيمرغ,سيمرغ,526,2209067,48802483300,22790,23220,22080,-710,-3.12,22090,-700,-3.07,21850,23220,1400-9-28,2021-12-19
237,تسه0004,امتيازتسهيلات مسكن تير1400,513,7002,6962984756,1044565,992337,1000000,-44565,-4.27,994428,-50137,-4.8,992337,1010000,1400-9-28,2021-12-19
238,پاكشو,گروه صنعتي پاكشو,513,9023799,54647604150,6030,6020,6030,0,0,6040,10,0.17,6020,6120,1400-9-28,2021-12-19
239,فنورد,نوردوقطعات‌ فولادي‌,508,118790,17142476240,149670,147030,142220,-7450,-4.98,144310,-5360,-3.58,142200,152860,1400-9-28,2021-12-19
240,كساوه,صنايع‌ كاشي‌ و سراميك‌ سينا,507,1406252,51134962390,34940,36600,36430,1490,4.26,36360,1420,4.06,35250,36680,1400-9-28,2021-12-19
241,فرآور,فرآوري‌موادمعدني‌ايران‌,505,1027398,29020522310,28330,29000,27990,-340,-1.2,28250,-80,-0.28,26920,29710,1400-9-28,2021-12-19
242,حفارس,حمل و نقل بين المللي خليج فارس,503,4953189,15932876047,3284,3210,3199,-85,-2.59,3217,-67,-2.04,3140,3352,1400-9-28,2021-12-19
243,وخاور,بانك خاورميانه,503,12505143,60355763700,4865,4950,4731,-134,-2.75,4826,-39,-0.8,4670,4950,1400-9-28,2021-12-19
244,شبهرن,نفت‌ بهران‌,502,2521660,26825235540,10900,10710,10640,-260,-2.39,10760,-140,-1.28,10400,10980,1400-9-28,2021-12-19
245,غسالم,سالمين‌,502,7073197,18433033878,2678,2650,2591,-87,-3.25,2606,-72,-2.69,2570,2700,1400-9-28,2021-12-19
246,آريان,سرمايه گذاري پارس آريان,499,6547966,86844346074,13564,13550,13200,-364,-2.68,13296,-268,-1.98,13158,13639,1400-9-28,2021-12-19
247,دلر,داروسازي‌ اكسير,492,634311,24681213770,40230,39620,38480,-1750,-4.35,38910,-1320,-3.28,38480,40600,1400-9-28,2021-12-19
248,پارسان,گسترش نفت و گاز پارسيان,491,3280729,100714474540,30810,31600,30550,-260,-0.84,30720,-90,-0.29,30500,31600,1400-9-28,2021-12-19
249,ساوه,سيمان ساوه,484,248694,10562922751,43288,42010,42600,-688,-1.59,42715,-573,-1.32,41812,43567,1400-9-28,2021-12-19
250,لبوتان,گروه‌صنعتي‌بوتان‌,481,585056,25271183550,41390,43450,43450,2060,4.98,43190,1800,4.35,42310,43450,1400-9-28,2021-12-19
251,خچرخش,چرخشگر,476,3814159,29169439460,7920,8270,7530,-390,-4.92,7650,-270,-3.41,7530,8290,1400-9-28,2021-12-19
252,وهور,مديريت انرژي اميد  تابان هور,475,12941966,15824018744,1220,1269,1200,-20,-1.64,1221,1,0.08,1200,1269,1400-9-28,2021-12-19
253,ثتران,سرمايه گذاري مسكن تهران,473,4532977,13274701212,2980,3092,2960,-20,-0.67,2936,-44,-1.48,2831,3092,1400-9-28,2021-12-19
254,شفارس,صنايع‌ شيميايي‌ فارس‌,472,13206913,13174098223,1009,1038,989,-20,-1.98,999,-10,-0.99,980,1038,1400-9-28,2021-12-19
255,كرماشا,صنايع پتروشيمي كرمانشاه,469,836523,41708709040,50560,50850,49910,-650,-1.29,50140,-420,-0.83,48550,51360,1400-9-28,2021-12-19
256,خكار,ايركا پارت صنعت,469,7722160,22321307441,3029,2980,2878,-151,-4.99,2891,-138,-4.56,2878,3051,1400-9-28,2021-12-19
257,دماوند,توليد نيروي برق دماوند,468,2209401,44047072220,20978,20476,19930,-1048,-5,19936,-1042,-4.97,19930,20476,1400-9-28,2021-12-19
258,چدن,توليدي چدن سازان,468,5831333,12986158230,2252,2292,2200,-52,-2.31,2230,-22,-0.98,2197,2298,1400-9-28,2021-12-19
259,ماديرا,صنايع ماديران,467,3907783,20343541266,5444,5439,5172,-272,-5,5206,-238,-4.37,5172,5439,1400-9-28,2021-12-19
260,كبافق,معادن‌ بافق‌,462,540879,14123135370,26270,26200,25820,-450,-1.71,26120,-150,-0.57,25570,27200,1400-9-28,2021-12-19
261,رتاپ,تجارت الكترونيك  پارسيان,459,1671530,8954615370,5360,5490,5440,80,1.49,5360,0,0,5280,5490,1400-9-28,2021-12-19
262,خراسان,پتروشيمي خراسان,458,318721,35249720610,109870,112460,108900,-970,-0.88,110190,320,0.29,108620,112470,1400-9-28,2021-12-19
263,شتوكا,توكا رنگ فولاد سپاهان,451,1347714,17135817143,13267,13598,12808,-459,-3.46,12715,-552,-4.16,12604,13598,1400-9-28,2021-12-19
264,فباهنر,مس‌ شهيدباهنر,451,507615,12764230410,25780,25500,25020,-760,-2.95,25470,-310,-1.2,24920,25740,1400-9-28,2021-12-19
265,خكاوه,سايپا ديزل,449,6616782,20072984008,3034,3090,3075,41,1.35,3034,0,0,2943,3125,1400-9-28,2021-12-19
266,بكهنوج,توليد برق ماهتاب كهنوج,449,12063559,12116821392,1007,1012,1000,-7,-0.7,1005,-2,-0.2,997,1049,1400-9-28,2021-12-19
267,خاهن,آهنگري‌ تراكتورسازي‌ ايران‌,447,5796130,24996772735,4455,4590,4233,-222,-4.98,4313,-142,-3.19,4233,4590,1400-9-28,2021-12-19
268,اطلس,صندوق س.توسعه اندوخته آينده-س,446,194630,45389052954,236987,237999,232750,-4237,-1.79,233207,-3780,-1.6,232501,237999,1400-9-28,2021-12-19
269,خكمك,كمك‌فنرايندامين‌,443,1437866,29744903060,21570,21570,20500,-1070,-4.96,20690,-880,-4.08,20500,21900,1400-9-28,2021-12-19
270,وبانك,سرمايه گذاري گروه توسعه ملي,440,4063298,32366603880,7960,8070,7990,30,0.38,7960,0,0,7920,8070,1400-9-28,2021-12-19
271,تاپكيش,تجارت الكترونيك پارسيان كيش,439,2144922,34965658956,17045,17287,16193,-852,-5,16302,-743,-4.36,16193,17287,1400-9-28,2021-12-19
272,ونيرو,سرمايه‌گذاري‌نيرو,437,6819086,12608924652,1873,1874,1820,-53,-2.83,1853,-20,-1.07,1789,1900,1400-9-28,2021-12-19
273,ميهن,بيمه ميهن,432,8814173,18072761582,2028,1980,2119,91,4.49,2050,22,1.08,1948,2128,1400-9-28,2021-12-19
274,زنگان,صنعت روي زنگان,431,364641,20242237057,57769,59000,55870,-1899,-3.29,55513,-2256,-3.91,54881,59000,1400-9-28,2021-12-19
275,تسه9911,امتياز تسهيلات مسكن بهمن99,428,6470,6462207768,1051301,998736,998736,-52565,-5,998796,-52505,-4.99,998736,1003014,1400-9-28,2021-12-19
276,كترام,توليدي‌ كاشي‌ تكسرام‌,427,1189176,18935755630,16390,16450,16000,-390,-2.38,15920,-470,-2.87,15580,16880,1400-9-28,2021-12-19
277,خمهر,مهركام‌پارس‌,426,9505465,15743095580,1693,1740,1650,-43,-2.54,1656,-37,-2.19,1623,1740,1400-9-28,2021-12-19
278,فلوله,لوله‌وماشين‌سازي‌ايران‌,425,7762034,7613086978,998,1019,977,-21,-2.1,989,-9,-0.9,963,1028,1400-9-28,2021-12-19
279,تسه9908,امتياز تسهيلات مسكن آبان99,424,11991,11938706361,1036906,985061,990000,-46906,-4.52,995639,-41267,-3.98,985061,1087999,1400-9-28,2021-12-19
280,فمراد,آلومراد,421,1261769,16009875490,13310,13400,12650,-660,-4.96,12690,-620,-4.66,12650,13400,1400-9-28,2021-12-19
281,دتوزيع,توزيع دارو پخش,421,983403,24564411466,26089,25680,25230,-859,-3.29,24979,-1110,-4.25,24790,25680,1400-9-28,2021-12-19
282,فلامي,لاميران‌,417,1248331,23518870100,19470,20000,18500,-970,-4.98,18840,-630,-3.24,18500,20000,1400-9-28,2021-12-19
283,فوكا,فولاد كاويان,415,2301154,32029577072,13964,14050,14050,86,0.62,13921,-43,-0.31,13600,14199,1400-9-28,2021-12-19
284,زيتون,صندوق س زيتون نماد پايا- مختلط,413,1149205,10536438919,9223,9280,9148,-75,-0.81,9168,-55,-0.6,9041,9302,1400-9-28,2021-12-19
285,بكام,كارخانجات توليدي شهيد قندي,407,6790501,10002388380,1474,1497,1460,-14,-0.95,1473,-1,-0.07,1451,1497,1400-9-28,2021-12-19
286,ارفع,شركت آهن و فولاد ارفع,407,2141846,28775412395,13786,14000,13420,-366,-2.65,13629,-157,-1.14,13311,14000,1400-9-28,2021-12-19
287,بهپاك,صنعتي بهپاك,406,4782479,26863811956,5843,5683,5800,-43,-0.74,5617,-226,-3.87,5551,5800,1400-9-28,2021-12-19
288,فسپا,گروه‌صنعتي‌سپاهان‌,405,1391719,21490635650,15680,15680,15280,-400,-2.55,15440,-240,-1.53,15270,15860,1400-9-28,2021-12-19
289,فنوال,نورد آلومينيوم‌,405,1304608,24403487600,18010,18200,18910,900,5,18710,700,3.89,17600,18910,1400-9-28,2021-12-19
290,وسگيلا,شركت س استان گيلان,403,21762762,9035256642,433,420,414,-19,-4.39,427,-6,-1.39,412,426,1400-9-28,2021-12-19
291,چكاوه,صنايع‌كاغذسازي‌كاوه‌,401,2483444,18833303170,7630,7930,7500,-130,-1.7,7580,-50,-0.66,7390,7930,1400-9-28,2021-12-19
292,توريل,توكاريل,400,2683301,19425950157,7537,7420,7161,-376,-4.99,7240,-297,-3.94,7161,7699,1400-9-28,2021-12-19
293,سكه0012پ01,تمام سكه طرح جديد0012رفاه,394,108500,139863441100,1300489,1291900,1292249,-8240,-0.63,1289064,-11425,-0.88,1280000,1295000,1400-9-28,2021-12-19
294,كپشير,پشم‌شيشه‌ايران‌,394,1449415,14497169320,10300,10400,9980,-320,-3.11,10000,-300,-2.91,9800,10400,1400-9-28,2021-12-19
295,دانا,بيمه دانا,394,9043857,36621737865,4189,4160,4000,-189,-4.51,4049,-140,-3.34,3980,4220,1400-9-28,2021-12-19
296,ودي,بيمه  دي,392,4161287,16337178405,4088,4088,3885,-203,-4.97,3926,-162,-3.96,3884,4088,1400-9-28,2021-12-19
297,زكشت,كشاورزي مكانيزه اصفهان كشت,389,501519,8467254817,16805,17100,16950,145,0.86,16850,45,0.27,16329,17188,1400-9-28,2021-12-19
298,خلنت,لنت‌ ترمزايران‌,387,242535,13094123880,56390,53890,53580,-2810,-4.98,54240,-2150,-3.81,53580,58000,1400-9-28,2021-12-19
299,بميلا,توسعه بازرگاني آهن وفولادميلاد,382,2126705,15476256352,7126,7130,7339,213,2.99,7277,151,2.12,7130,7339,1400-9-28,2021-12-19
300,وتوصا,گروه س توسعه صنعتي ايران,382,3083932,30822349870,10150,10280,9900,-250,-2.46,9990,-160,-1.58,9900,10280,1400-9-28,2021-12-19
301,فولاژ,فولاد آلياژي ايران,381,2484759,41996433840,16450,16700,16770,320,1.95,16680,230,1.4,16450,16960,1400-9-28,2021-12-19
302,قشكر,شكرشاهرود,377,4860667,9467668453,2016,2100,1916,-100,-4.96,1972,-44,-2.18,1916,2100,1400-9-28,2021-12-19
303,ولشرقح,ح . ليزينگ ايران و شرق,377,8945567,7242754276,838,807,797,-41,-4.89,810,-28,-3.34,797,848,1400-9-28,2021-12-19
304,خاور,ايران خودرو ديزل,374,17288368,18239228240,1025,1055,1055,30,2.93,1055,30,2.93,1055,1055,1400-9-28,2021-12-19
305,حتايد,تايدواترخاورميانه,372,3769846,15165922049,4102,4092,4060,-42,-1.02,4023,-79,-1.93,3951,4092,1400-9-28,2021-12-19
306,مبين,مبين انرژي خليج فارس,368,5407766,128320966050,23730,24400,23260,-470,-1.98,23730,0,0,23120,24400,1400-9-28,2021-12-19
307,بكامح,ح.كارخانجات توليدي شهيد قندي,368,10101539,5207454021,530,507,514,-16,-3.02,516,-14,-2.64,507,527,1400-9-28,2021-12-19
308,وپاسار,بانك  پاسارگاد,367,8472420,108186528880,12770,12990,12770,0,0,12770,0,0,12760,12990,1400-9-28,2021-12-19
309,تليسه,دامداري تليسه نمونه,366,3365245,6229441549,1890,1925,1858,-32,-1.69,1874,-16,-0.85,1813,1925,1400-9-28,2021-12-19
310,ضجار1023,اختيارخ وتجارت-2500-1400/10/15,365,17300,27611000,3,3,1,-2,-66.67,2,-1,-33.33,1,4,1400-9-28,2021-12-19
311,آسيا,بيمه آسيا,362,7192171,11228571647,1600,1658,1550,-50,-3.13,1571,-29,-1.81,1530,1658,1400-9-28,2021-12-19
312,وتوكا,سرمايه‌گذاري‌توكافولاد(هلدينگ,361,4290212,29213320050,7100,7200,6860,-240,-3.38,6810,-290,-4.08,6750,7200,1400-9-28,2021-12-19
313,رانفور,خدمات‌انفورماتيك‌,360,7187350,22551545437,3217,3162,3115,-102,-3.17,3177,-40,-1.24,3115,3260,1400-9-28,2021-12-19
314,تكشا,گسترش‌صنايع‌وخدمات‌كشاورزي‌,359,557426,15651308020,27610,27020,28380,770,2.79,28080,470,1.7,27000,28800,1400-9-28,2021-12-19
315,ضخود1049,اختيارخ خودرو-1400-1400/10/08,358,15749,7177239000,529,574,415,-114,-21.55,456,-73,-13.8,393,574,1400-9-28,2021-12-19
316,حآسا,آسيا سير ارس,356,1381482,15593675494,11784,11784,11195,-589,-5,11288,-496,-4.21,11195,11979,1400-9-28,2021-12-19
317,وآوا,سرمايه گذاري آوا نوين,350,4158612,9878202950,2493,2411,2369,-124,-4.97,2411,-82,-3.29,2369,2425,1400-9-28,2021-12-19
318,افرا,افرانت,350,1616868,36736621355,21763,21110,22851,1088,5,22721,958,4.4,21110,22851,1400-9-28,2021-12-19
319,والبر,سرمايه‌ گذاري‌ البرز(هلدينگ‌,349,2394418,16999372470,7130,7220,7130,0,0,7110,-20,-0.28,6800,7220,1400-9-28,2021-12-19
320,خشرق,الكتريك‌ خودرو شرق‌,346,1324376,13502138800,10520,10700,10000,-520,-4.94,10230,-290,-2.76,10000,10980,1400-9-28,2021-12-19
321,ومهان,گروه توسعه مالي مهر آيندگان,343,3417527,14315078247,4233,4201,4180,-53,-1.25,4220,-13,-0.31,4150,4220,1400-9-28,2021-12-19
322,لخزر,پارس‌ خزر,340,135760,14695810490,113160,112350,107520,-5640,-4.98,108250,-4910,-4.34,107510,112350,1400-9-28,2021-12-19
323,ضخود1051,اختيارخ خودرو-1800-1400/10/08,339,13963,1391922000,178,170,100,-78,-43.82,100,-78,-43.82,83,170,1400-9-28,2021-12-19
324,تكمبا,كمباين‌ سازي‌ ايران‌,339,3273557,10879449440,3459,3406,3287,-172,-4.97,3358,-101,-2.92,3287,3498,1400-9-28,2021-12-19
325,جم پيلن,پلي پروپيلن جم - جم پيلن,336,193605,23444987590,121700,122200,119190,-2510,-2.06,121550,-150,-0.12,119130,123800,1400-9-28,2021-12-19
326,وثوق,سرمايه گذاري وثوق امين,336,963512,8639877241,8721,8958,8982,261,2.99,8923,202,2.32,8770,8982,1400-9-28,2021-12-19
327,وكادو,تكادو,334,622096,8584619847,13606,13400,13994,388,2.85,13767,161,1.18,13400,14014,1400-9-28,2021-12-19
328,وساخت,سرمايه‌ گذاري‌ ساختمان‌ايران‌,334,392903,13898396070,36610,36640,35110,-1500,-4.1,35500,-1110,-3.03,35000,37600,1400-9-28,2021-12-19
329,ونيكي,سرمايه‌گذاري‌ ملي‌ايران‌,333,1699527,14955536250,9050,8860,8750,-300,-3.31,8990,-60,-0.66,8710,9000,1400-9-28,2021-12-19
330,ميدكو,توسعه معادن وص.معدني خاورميانه,331,5103531,235528214470,46150,46150,46150,0,0,46150,0,0,46140,46170,1400-9-28,2021-12-19
331,وسپه,سرمايه‌گذاري‌ سپه‌,329,6598831,50912813320,7780,7700,7720,-60,-0.77,7720,-60,-0.77,7660,7760,1400-9-28,2021-12-19
332,بالاس,مهندسي ساختمان تاسيسات راه آهن,324,698828,18522763720,25248,26510,26510,1262,5,26505,1257,4.98,25900,26510,1400-9-28,2021-12-19
333,كمنگنز,معادن‌منگنزايران‌,317,473136,26445984570,58460,57030,56360,-2100,-3.59,55900,-2560,-4.38,55540,58450,1400-9-28,2021-12-19
334,غپاك,لبنيات‌ پاك‌,312,1855314,21001571850,11750,11520,11170,-580,-4.94,11320,-430,-3.66,11170,11980,1400-9-28,2021-12-19
335,اوان,مبين وان كيش,309,2490626,25414026006,9719,10199,10204,485,4.99,10204,485,4.99,10196,10204,1400-9-28,2021-12-19
336,تسه9910,امتياز تسهيلات مسكن دي99,309,4656,4607088827,1034712,982977,982977,-51735,-5,989495,-45217,-4.37,982977,1010000,1400-9-28,2021-12-19
337,ثامان,سامان‌ گستراصفهان‌,308,1600948,14746930260,9240,9300,8950,-290,-3.14,9210,-30,-0.32,8880,9570,1400-9-28,2021-12-19
338,تسه0001,امتيازتسهيلات مسكن فروردين1400,307,4387,4364493504,1045804,993766,1000000,-45804,-4.38,994870,-50934,-4.87,993514,1000000,1400-9-28,2021-12-19
339,وسكاب,س.ص.بازنشستگي كاركنان بانكها,307,9914883,28324247793,2900,2930,2885,-15,-0.52,2857,-43,-1.48,2844,2930,1400-9-28,2021-12-19
340,نوين,بيمه نوين,304,2736647,9604598352,3520,3630,3500,-20,-0.57,3514,-6,-0.17,3410,3630,1400-9-28,2021-12-19
341,قنيشا,قند  نيشابور,303,284887,9601920960,35360,35890,33600,-1760,-4.98,34200,-1160,-3.28,33600,35890,1400-9-28,2021-12-19
342,ثاباد,توريستي ورفاهي آبادگران ايران,301,566747,23287015790,43120,41030,40970,-2150,-4.99,41090,-2030,-4.71,40970,42460,1400-9-28,2021-12-19
343,ثپرديس,سرمايه گذاري مسكن پرديس,301,4335568,14252763925,3368,3369,3284,-84,-2.49,3291,-77,-2.29,3200,3444,1400-9-28,2021-12-19
344,غالبر,لبنيات‌ كالبر,300,828956,9234868560,10980,11410,11170,190,1.73,11070,90,0.82,11050,11490,1400-9-28,2021-12-19
345,ويسا,سرمايه گذاري ايساتيس پويا,298,4528518,34538954232,7850,7640,7848,-2,-0.03,7627,-223,-2.84,7615,7870,1400-9-28,2021-12-19
346,پدرخش,درخشان‌ تهران‌,295,471201,7716703790,17010,16750,16260,-750,-4.41,16670,-340,-2,16160,17490,1400-9-28,2021-12-19
347,ومعلم,بيمه معلم,295,3374228,6519834692,1945,1940,1902,-43,-2.21,1939,-6,-0.31,1860,1998,1400-9-28,2021-12-19
348,زماهان,مجتمع توليد گوشت مرغ ماهان,292,1369868,7997539517,6079,6177,5856,-223,-3.67,5943,-136,-2.24,5776,6177,1400-9-28,2021-12-19
349,حتوكا,حمل‌ونقل‌توكا,292,1156933,11496366930,10370,10300,9860,-510,-4.92,10010,-360,-3.47,9860,10500,1400-9-28,2021-12-19
350,رمپنا,گروه مپنا (سهامي عام),291,1941195,29009939340,15070,15000,14820,-250,-1.66,15040,-30,-0.2,14800,15200,1400-9-28,2021-12-19
351,قصفها,قنداصفهان‌,290,194144,12281456250,66180,65000,62880,-3300,-4.99,63660,-2520,-3.81,62880,65000,1400-9-28,2021-12-19
352,شنفت,نفت‌ پارس‌,289,959440,8740487320,9520,9700,9140,-380,-3.99,9460,-60,-0.63,9050,9700,1400-9-28,2021-12-19
353,سخاش,سيمان‌خاش‌,289,125325,10354428310,83800,86500,81670,-2130,-2.54,82960,-840,-1,81500,86500,1400-9-28,2021-12-19
354,پرديس,سرمايه گذاري پرديس,288,2578482,8284821011,3271,3327,3205,-66,-2.02,3239,-32,-0.98,3143,3327,1400-9-28,2021-12-19
355,سپيدما,صندوق س. سپيد دماوند-د,284,12524609,144635020035,11542,11548,11549,7,0.06,11548,6,0.05,11548,11549,1400-9-28,2021-12-19
356,شكربن,كربن‌ ايران‌,284,165226,14082188610,88820,87700,84520,-4300,-4.84,85340,-3480,-3.92,84400,87700,1400-9-28,2021-12-19
357,فردا,صندوق س آواي فرداي زاگرس-ثابت,283,11396008,137106348880,12025,12032,12032,7,0.06,12031,6,0.05,12031,12032,1400-9-28,2021-12-19
358,زبينا,كشاورزي و دامپروري بينالود,282,10386255,20779789273,2031,2040,2002,-29,-1.43,2001,-30,-1.48,1965,2068,1400-9-28,2021-12-19
359,كوثر,بيمه كوثر,281,2750844,9940161663,3762,3760,3623,-139,-3.69,3702,-60,-1.59,3574,3859,1400-9-28,2021-12-19
360,خديزل,بهمن  ديزل,275,215678,11327062303,51105,53598,52300,1195,2.34,51867,762,1.49,51650,53598,1400-9-28,2021-12-19
361,تسه9902,امتياز تسهيلات مسكن ارديبهشت99,274,5636,5549348717,1030966,980201,979418,-51548,-5,984625,-46341,-4.49,979418,1008221,1400-9-28,2021-12-19
362,كاذر,فرآورده‌هاي‌نسوزآذر,273,563059,8134366890,14700,14750,14250,-450,-3.06,14570,-130,-0.88,14130,14870,1400-9-28,2021-12-19
363,قاسم,قاسم ايران,272,2737178,9207316589,3503,3420,3390,-113,-3.23,3414,-89,-2.54,3328,3490,1400-9-28,2021-12-19
364,پكويرح,ح. كوير تاير,271,1676170,4986236116,3069,3042,2950,-119,-3.88,2975,-94,-3.06,2941,3060,1400-9-28,2021-12-19
365,وگستر,گسترش سرمايه گذاري ايرانيان,268,1726149,7821393031,4742,4681,4506,-236,-4.98,4626,-116,-2.45,4505,4681,1400-9-28,2021-12-19
366,ثزاگرس,سرمايه گذاري توسعه عمران زاگرس,268,321333,10808893941,34676,34654,33589,-1087,-3.13,33638,-1038,-2.99,32943,35998,1400-9-28,2021-12-19
367,خموتور,موتورسازان‌تراكتورسازي‌ايران‌,268,1514623,8000645410,5530,5500,5260,-270,-4.88,5390,-140,-2.53,5260,5510,1400-9-28,2021-12-19
368,وآذر,سرمايه‌گذاري‌توسعه‌آذربايجان‌,267,216088,7948845970,37690,37990,36320,-1370,-3.63,37210,-480,-1.27,36030,37990,1400-9-28,2021-12-19
369,زشريف,كشت وصنعت شريف آباد,266,3040822,8110937309,2751,2790,2686,-65,-2.36,2705,-46,-1.67,2630,2808,1400-9-28,2021-12-19
370,ارزش,صندوق س ارزش آفرين بيدار-سهام,265,1558257,13856968450,8980,9000,8840,-140,-1.56,8890,-90,-1,8800,9040,1400-9-28,2021-12-19
371,لابسا,آبسال‌,265,251594,7446079050,29630,29210,29600,-30,-0.1,29610,-20,-0.07,29210,30520,1400-9-28,2021-12-19
372,نتوس,پشم‌ بافي‌ توس,263,799356,8410834950,10227,10449,10533,306,2.99,10480,253,2.47,10300,10533,1400-9-28,2021-12-19
373,جم,پتروشيمي جم,262,644570,30923271150,48590,48010,48000,-590,-1.21,48400,-190,-0.39,47600,48200,1400-9-28,2021-12-19
374,وسينا,بانك سينا,262,6958858,14803633500,2180,2163,2085,-95,-4.36,2144,-36,-1.65,2082,2170,1400-9-28,2021-12-19
375,وصندوقح,ح.سرمايه گذاري صندوق بازنشستگي,261,1084470,11548360250,10680,10680,10680,0,0,10650,-30,-0.28,10530,10680,1400-9-28,2021-12-19
376,چفيبر,فيبر ايران‌,261,1701271,10942667250,6440,6440,6270,-170,-2.64,6430,-10,-0.16,6270,6610,1400-9-28,2021-12-19
377,اتكام,بيمه اتكايي امين,260,7356123,36410720907,4984,4911,4957,-27,-0.54,4950,-34,-0.68,4735,5020,1400-9-28,2021-12-19
378,خكرمان,گروه اقتصادي كرمان خودرو,259,5486491,15913155476,2942,2998,2930,-12,-0.41,2900,-42,-1.43,2881,2998,1400-9-28,2021-12-19
379,قنقش,قند نقش جهان,259,218049,27625972442,124311,126797,126797,2486,2,126696,2385,1.92,124480,126797,1400-9-28,2021-12-19
380,سپر,صندوق س سپر سرمايه بيدار- ثابت,259,5143448,68864547290,13374,13388,13387,13,0.1,13389,15,0.11,13387,13390,1400-9-28,2021-12-19
381,آ س پ,آ.س.پ,256,1184906,6469894120,5570,5360,5349,-221,-3.97,5522,-48,-0.86,5300,5800,1400-9-28,2021-12-19
382,ولانا,شركت ليزينگ آريا دانا,255,586725,5850795266,9911,10197,9856,-55,-0.55,9972,61,0.62,9820,10198,1400-9-28,2021-12-19
383,سبهان,سيمان‌ بهبهان‌,254,176319,7163401730,41490,41480,41000,-490,-1.18,41070,-420,-1.01,40280,42480,1400-9-28,2021-12-19
384,دزهراوي,داروسازي‌زهراوي‌,253,1035010,4149895925,4102,3990,3950,-152,-3.71,4076,-26,-0.63,3938,4090,1400-9-28,2021-12-19
385,فايرا,آلومينيوم‌ايران‌,253,531633,7780129700,14850,15050,14470,-380,-2.56,14820,-30,-0.2,14340,15140,1400-9-28,2021-12-19
386,بنو,بيمه تجارت نو,252,2701706,17563405360,6496,6505,6507,11,0.17,6501,5,0.08,6500,6520,1400-9-28,2021-12-19
387,درهآور,دارويي ره آورد تامين,252,732207,14131966430,20111,19960,19189,-922,-4.58,19311,-800,-3.98,19106,19960,1400-9-28,2021-12-19
388,خنصير,مهندسي‌نصيرماشين‌,251,1142258,18061243650,16390,16390,15580,-810,-4.94,15810,-580,-3.54,15580,16500,1400-9-28,2021-12-19
389,ولشرق,ليزينگ ايران و شرق,251,3738834,8525077408,2263,2300,2231,-32,-1.41,2273,10,0.44,2200,2355,1400-9-28,2021-12-19
390,خوساز,محورسازان‌ايران‌خودرو,251,2410873,15001702040,6300,6510,6190,-110,-1.75,6220,-80,-1.27,6000,6510,1400-9-28,2021-12-19
391,آوا,صندوق س.سهام آواي معيار-س,249,874738,6261762946,7417,7266,7130,-287,-3.87,7158,-259,-3.49,7001,7355,1400-9-28,2021-12-19
392,خاهنح,ح . آهنگري تراكتورسازي‌ ايران‌,246,2400409,6642588778,2920,2834,2710,-210,-7.19,2767,-153,-5.24,2662,2935,1400-9-28,2021-12-19
393,افق,فروشگاههاي زنجيره اي افق كوروش,246,630378,26566388530,42340,42500,41500,-840,-1.98,42240,-100,-0.24,41500,42990,1400-9-28,2021-12-19
394,پرديسح,ح .  سرمايه گذاري پرديس,245,3182070,3934862481,1285,1230,1230,-55,-4.28,1237,-48,-3.74,1215,1285,1400-9-28,2021-12-19
395,كارين,صندوق س نگين سامان-ثابت,242,7454083,75741624905,10153,10159,10162,9,0.09,10161,8,0.08,10159,10162,1400-9-28,2021-12-19
396,وهنر,گروه توسعه هنر ايران,242,2517050,5721814609,2338,2293,2293,-45,-1.92,2300,-38,-1.63,2268,2339,1400-9-28,2021-12-19
397,شوينده,مديريت صنعت شوينده ت.ص.بهشهر,241,506808,9544962150,19520,19040,18700,-820,-4.2,19070,-450,-2.31,18550,19100,1400-9-28,2021-12-19
398,لسرما,سرما آفرين‌,240,852819,14854067620,18260,17830,17350,-910,-4.98,17420,-840,-4.6,17350,18680,1400-9-28,2021-12-19
399,كاردان,صندوق س تجارت شاخصي كاردان,237,79658,13829767480,177840,176050,173390,-4450,-2.5,173610,-4230,-2.38,172500,177360,1400-9-28,2021-12-19
400,دشيمي,شيمي‌ داروئي‌ داروپخش‌,236,704976,14585031360,21430,21500,20550,-880,-4.11,20690,-740,-3.45,20470,21500,1400-9-28,2021-12-19
401,شخارك,پتروشيمي‌ خارك‌,235,519718,25831047520,50450,50450,49500,-950,-1.88,50250,-200,-0.4,49500,50960,1400-9-28,2021-12-19
402,سمتاز,سيمان ممتازان كرمان,233,531547,7637608993,13958,14376,14376,418,2.99,14255,297,2.13,14333,14376,1400-9-28,2021-12-19
403,اخزا002,اسنادخزانه-م2بودجه00-031024,231,247664,121917968417,493141,499000,491500,-1641,-0.33,492272,-869,-0.18,490549,499000,1400-9-28,2021-12-19
404,مرقام,ايران‌ارقام‌,231,4120997,38038486310,9710,9230,9230,-480,-4.94,9230,-480,-4.94,9230,9800,1400-9-28,2021-12-19
405,ساراب,سيمان‌ داراب‌,231,2441279,35485076950,14170,14500,14750,580,4.09,14540,370,2.61,13640,14850,1400-9-28,2021-12-19
406,زفكا,كشت و دامداري فكا,231,1978228,14023729899,7016,7026,7072,56,0.8,7083,67,0.95,7026,7270,1400-9-28,2021-12-19
407,ريشمك,توليد و صادرات ريشمك,230,444337,12862151543,29017,29470,29180,163,0.56,28959,-58,-0.2,28460,29470,1400-9-28,2021-12-19
408,تنوين,تامين سرمايه نوين,229,2330559,13332980030,5730,5730,5710,-20,-0.35,5730,0,0,5560,5810,1400-9-28,2021-12-19
409,ستران,سيمان‌ تهران‌,229,473876,8917884580,19150,19050,18650,-500,-2.61,18950,-200,-1.04,18590,19240,1400-9-28,2021-12-19
410,صنوين,صندوق سرمايه‌گذاري صنوين-مختلط,227,47863,4514645130,89970,91980,98960,8990,9.99,94320,4350,4.83,91760,98960,1400-9-28,2021-12-19
411,دتماد,توليدمواداوليه‌داروپخش‌,223,425088,17151410560,40740,40580,40200,-540,-1.33,40350,-390,-0.96,39810,40620,1400-9-28,2021-12-19
412,حبندرح,ح.دريايي وكشتيراني خط دريابندر,222,1542399,16121838650,10477,10791,10170,-307,-2.93,10452,-25,-0.24,10163,10791,1400-9-28,2021-12-19
413,غچين,كشت‌ و صنعت‌ چين‌ چين,220,793763,8326795390,10980,10700,10640,-340,-3.1,10700,-280,-2.55,10440,11290,1400-9-28,2021-12-19
414,ولقمان,سرمايه گذاري لقمان,220,1127635,3258752570,2942,2855,2855,-87,-2.96,2925,-17,-0.58,2854,2930,1400-9-28,2021-12-19
415,وتوسم,سرمايه‌گذاري‌توسعه‌ملي‌,220,2295460,19816559160,8850,8980,8600,-250,-2.82,8630,-220,-2.49,8500,8990,1400-9-28,2021-12-19
416,ساروم,سيمان‌اروميه‌,219,1196425,49006031700,40860,41410,41000,140,0.34,40960,100,0.24,40730,41410,1400-9-28,2021-12-19
417,سصوفي,سيمان‌ صوفيان‌,218,543480,6939890780,13070,12810,12620,-450,-3.44,12930,-140,-1.07,12600,13250,1400-9-28,2021-12-19
418,سصفها,سيمان‌اصفهان‌,218,225389,5373461370,24010,24790,23630,-380,-1.58,23950,-60,-0.25,23020,24790,1400-9-28,2021-12-19
419,غگرجي,بيسكويت‌  گرجي‌,216,9024267,17589148609,1967,1970,1951,-16,-0.81,1949,-18,-0.92,1920,1970,1400-9-28,2021-12-19
420,آكورد,صندوق س. آرمان آتي كوثر-د,216,2398491,85898308764,35796,35813,35815,19,0.05,35813,17,0.05,35813,35817,1400-9-28,2021-12-19
421,دروز,داروسازي‌ روزدارو,215,605522,14613880900,25350,24770,24090,-1260,-4.97,24130,-1220,-4.81,24090,24790,1400-9-28,2021-12-19
422,رنيك,جنرال مكانيك,214,1791986,17966216943,10247,10400,10010,-237,-2.31,10026,-221,-2.16,9900,10400,1400-9-28,2021-12-19
423,سكه0012پ04,تمام سكه طرح جديد0012صادرات,214,59900,76940021800,1299678,1280002,1290000,-9678,-0.74,1284474,-15204,-1.17,1280000,1292000,1400-9-28,2021-12-19
424,وصندوق,سرمايه‌گذاري‌صندوق‌بازنشستگي‌,213,1712581,20997181070,12590,12260,12300,-290,-2.3,12530,-60,-0.48,12220,12490,1400-9-28,2021-12-19
425,غپآذر,شير پگاه آذربايجان شرقي,213,686768,17920856998,27211,26551,26500,-711,-2.61,26094,-1117,-4.1,25851,27699,1400-9-28,2021-12-19
426,وبوعلي,سرمايه‌گذاري‌بوعلي‌,211,1126113,4073066233,3718,3683,3649,-69,-1.86,3690,-28,-0.75,3580,3683,1400-9-28,2021-12-19
427,وليز,ليزينگ‌ايران‌,210,5412506,11335893152,2182,2128,2073,-109,-5,2110,-72,-3.3,2073,2150,1400-9-28,2021-12-19
428,ددام,داروسازي زاگرس فارمد پارس,210,494871,3828358720,7960,7980,7700,-260,-3.27,7900,-60,-0.75,7590,7980,1400-9-28,2021-12-19
429,تسه9907,امتياز تسهيلات مسكن مهر99,209,2590,2575555826,1040709,988674,990010,-50699,-4.87,994423,-46286,-4.45,988674,1040000,1400-9-28,2021-12-19
430,ونفت,سرمايه‌گذاري‌ صنعت‌ نفت‌,208,968953,11868772900,12150,12280,12380,230,1.89,12230,80,0.66,12100,12490,1400-9-28,2021-12-19
431,غفارس,شير پاستوريزه پگاه فارس,208,1237137,5929519150,5022,4854,4772,-250,-4.98,4927,-95,-1.89,4771,4969,1400-9-28,2021-12-19
432,ثالوند,سرمايه گذاري مسكن الوند,207,991462,5942689509,6147,6147,5928,-219,-3.56,6085,-62,-1.01,5911,6250,1400-9-28,2021-12-19
433,دعبيد,لابراتوارداروسازي‌  دكترعبيدي‌,207,360451,6897507180,18690,18550,18750,60,0.32,18780,90,0.48,18550,19540,1400-9-28,2021-12-19
434,شفارا,پتروشيمي فارابي,206,3125430,19470699923,6390,6425,6199,-191,-2.99,6230,-160,-2.5,6199,6430,1400-9-28,2021-12-19
435,وبيمه,سرمايه‌ گذاري‌ صنعت‌ بيمه‌,206,3297155,4600261824,1401,1390,1401,0,0,1399,-2,-0.14,1373,1438,1400-9-28,2021-12-19
436,فجام,جام‌دارو,206,2445066,9468500781,4052,3950,3850,-202,-4.99,3933,-119,-2.94,3850,4060,1400-9-28,2021-12-19
437,نمرينو,ايران‌ مرينوس‌,205,93588,6756543790,72750,71000,73140,390,0.54,72500,-250,-0.34,70010,74000,1400-9-28,2021-12-19
438,سدور,سيمان‌ دورود,205,1620142,8121449090,5060,5020,5060,0,0,5030,-30,-0.59,4950,5090,1400-9-28,2021-12-19
439,وآرين,شركت توسعه اقتصادي آرين,204,4526462,7972339757,1795,1820,1742,-53,-2.95,1768,-27,-1.5,1742,1820,1400-9-28,2021-12-19
440,تصميم,صندوق س با درآمد ثابت تصميم,204,3008454,54947599189,18255,18226,18259,4,0.02,18264,9,0.05,18226,18267,1400-9-28,2021-12-19
441,خودكفا,اقتصادي و خودكفايي آزادگان,203,1241148,9002579416,7457,7310,7234,-223,-2.99,7373,-84,-1.13,7234,7320,1400-9-28,2021-12-19
442,ثشرق,سرمايه گذاري مسكن شمال شرق,203,2734409,8771486059,3355,3270,3188,-167,-4.98,3261,-94,-2.8,3188,3400,1400-9-28,2021-12-19
443,تيپيكو,سرمايه گذاري دارويي تامين,202,1569599,27825680150,18070,17710,17700,-370,-2.05,17950,-120,-0.66,17510,18200,1400-9-28,2021-12-19
444,ضسپا1112,اختيارخ خساپا-1600-1400/11/20,200,4826,807788000,214,350,160,-54,-25.23,167,-47,-21.96,138,350,1400-9-28,2021-12-19
445,غگلپا,شير پاستوريزه پگاه گلپايگان,200,111899,5083526045,46790,46310,45500,-1290,-2.76,46316,-474,-1.01,45020,46850,1400-9-28,2021-12-19
446,تسه9905,امتياز تسهيلات مسكن مرداد99,200,4728,4926635601,1053295,1000631,1000631,-52664,-5,1042013,-11282,-1.07,1000631,1105957,1400-9-28,2021-12-19
447,غشان,شيرپاستوريزه‌پگاه‌خراسان‌,199,1725731,6338363439,3800,3980,3610,-190,-5,3743,-57,-1.5,3610,3980,1400-9-28,2021-12-19
448,دجابر,داروسازي‌ جابرابن‌حيان‌,199,710464,7456492990,10980,10960,10440,-540,-4.92,10730,-250,-2.28,10440,10970,1400-9-28,2021-12-19
449,شدوص,دوده‌ صنعتي‌ پارس‌,198,724827,7850601620,10970,11410,10820,-150,-1.37,10900,-70,-0.64,10650,11410,1400-9-28,2021-12-19
450,تسه0002,امتيازتسهيلاتمسكن ارديبهشت1400,196,3839,3876551555,1058400,1044399,1005480,-52920,-5,1009782,-48618,-4.59,1005480,1044400,1400-9-28,2021-12-19
451,گوهر,صندوق سكه طلاي كيان,195,337926,21562343994,64439,64000,63965,-474,-0.74,63808,-631,-0.98,63500,64000,1400-9-28,2021-12-19
452,داوه,داروسازي آوه سينا,194,820193,7211183547,8802,8864,8537,-265,-3.01,8797,-5,-0.06,8503,9092,1400-9-28,2021-12-19
453,كسعدي,كاشي‌ سعدي‌,194,689447,4620459180,6880,6720,6720,-160,-2.33,6820,-60,-0.87,6580,6980,1400-9-28,2021-12-19
454,پاسا,ايران‌ياساتايرورابر,194,704137,8610183540,12280,12050,12150,-130,-1.06,12250,-30,-0.24,12000,12400,1400-9-28,2021-12-19
455,غمارگ,مارگارين‌,193,8207337,19623742767,2278,2391,2391,113,4.96,2391,113,4.96,2391,2391,1400-9-28,2021-12-19
456,دبالك,مواد اوليه دارويي البرز بالك,193,1163283,7502207099,6510,6690,6383,-127,-1.95,6479,-31,-0.48,6325,6690,1400-9-28,2021-12-19
457,واميد,گروه مديريت سرمايه گذاري اميد,192,2445360,32223817100,13190,13190,13190,0,0,13190,0,0,12920,13210,1400-9-28,2021-12-19
458,مدير,ص.س.مديريت ثروت ص.بازنشستگي-س,192,566916,5182704388,9253,9295,9090,-163,-1.76,9142,-111,-1.2,9043,9295,1400-9-28,2021-12-19
459,غگلستا,شير پاستوريزه پگاه گلستان,191,462758,4188338786,9390,9299,9140,-250,-2.66,9291,-99,-1.05,8931,9300,1400-9-28,2021-12-19
460,سرچشمه,سرمايه گذاري مس سرچشمه,191,1529362,7271869223,4795,4860,4800,5,0.1,4776,-19,-0.4,4650,4860,1400-9-28,2021-12-19
461,وپسا,س. پتروشيمي ساختمان  خليج فارس,190,4923329,7561945153,1609,1550,1529,-80,-4.97,1549,-60,-3.73,1529,1609,1400-9-28,2021-12-19
462,كپرور,فرآوري زغال سنگ پروده طبس,189,339087,8440039136,25895,26918,24700,-1195,-4.61,25308,-587,-2.27,24601,26918,1400-9-28,2021-12-19
463,دكپسول,توليد ژلاتين كپسول ايران,188,205841,5901175991,28641,27820,28334,-307,-1.07,28652,11,0.04,27820,29500,1400-9-28,2021-12-19
464,ولصنم,ليزينگ‌صنعت‌ومعدن‌,187,1331382,4452308926,3437,3510,3283,-154,-4.48,3409,-28,-0.81,3270,3517,1400-9-28,2021-12-19
465,سپاها,سيمان‌سپاهان‌,187,887663,5791730460,6530,6470,6390,-140,-2.14,6530,0,0,6360,6730,1400-9-28,2021-12-19
466,عيار,صندوق سكه طلاي مفيد,185,513932,16731922427,32914,32893,32749,-165,-0.5,32557,-357,-1.08,32400,32893,1400-9-28,2021-12-19
467,چكارن,كارتن‌ ايران‌,185,4280200,10891033658,2605,2550,2544,-61,-2.34,2560,-45,-1.73,2530,2600,1400-9-28,2021-12-19
468,پكوير,كوير تاير,183,1126580,5804330570,5150,5350,5110,-40,-0.78,5150,0,0,5110,5350,1400-9-28,2021-12-19
469,تكنو,تكنوتار,181,1621657,10544324040,6800,6600,6460,-340,-5,6580,-220,-3.24,6460,6720,1400-9-28,2021-12-19
470,ثمسكن,سرمايه‌گذاري‌ مسكن‌,180,1552197,5882803796,3839,3840,3820,-19,-0.49,3820,-19,-0.49,3656,3899,1400-9-28,2021-12-19
471,زعف0110پ20,زعفران0110نگين وحدت جام(پ),178,54840,19840042267,359103,360000,364000,4897,1.36,361780,2677,0.75,357002,364499,1400-9-28,2021-12-19
472,وارس,سرمايه گذاري ارس صبا,178,1046449,10777344366,10182,10346,10487,305,3,10299,117,1.15,9930,10487,1400-9-28,2021-12-19
473,كفرآور,فرآورده هاي سيمان شرق,177,793286,15599094018,20128,20495,19699,-429,-2.13,19664,-464,-2.31,19525,20495,1400-9-28,2021-12-19
474,ساينا,صنايع بهداشتي ساينا,177,71568,5261929002,73495,74899,73540,45,0.06,73505,10,0.01,71401,74920,1400-9-28,2021-12-19
475,شرنگي,شيميايي رنگين,175,101751,17004811277,172194,167029,169000,-3194,-1.85,167122,-5072,-2.95,167029,170000,1400-9-28,2021-12-19
476,قلرست,قند لرستان‌,174,565394,7764083080,14380,14620,13670,-710,-4.94,14010,-370,-2.57,13670,14620,1400-9-28,2021-12-19
477,ثعمرا,عمران و توسعه شاهد,172,807090,5361405907,6759,6950,6522,-237,-3.51,6717,-42,-0.62,6480,6970,1400-9-28,2021-12-19
478,تبرك,گروه كارخانجات صنعتي تبرك,170,652476,5158527759,7940,8011,7880,-60,-0.76,7928,-12,-0.15,7760,8011,1400-9-28,2021-12-19
479,دسبحان,سبحان دارو,169,712348,9761210980,14320,14050,13620,-700,-4.89,13900,-420,-2.93,13610,14300,1400-9-28,2021-12-19
480,ختراك,ريخته‌گري‌ تراكتورسازي‌ ايران‌,168,2385359,11704413260,5100,5000,4850,-250,-4.9,4950,-150,-2.94,4850,5130,1400-9-28,2021-12-19
481,ثبات,صندوق س. ثبات ويستا -د,168,6738893,71399405905,10589,10595,10596,7,0.07,10595,6,0.06,10595,10596,1400-9-28,2021-12-19
482,وملل,اعتباري ملل,167,1185209,9648925676,8464,8100,8101,-363,-4.29,8368,-96,-1.13,8100,8245,1400-9-28,2021-12-19
483,وشهر,بانك شهر,166,5156345,20710126890,4123,4115,4000,-123,-2.98,4035,-88,-2.13,4000,4115,1400-9-28,2021-12-19
484,شراز,پالايش نفت شيراز,166,87225,9228072119,108683,105260,106000,-2683,-2.47,108070,-613,-0.56,104400,108680,1400-9-28,2021-12-19
485,فخاس,فولاد خراسان,166,1403250,31036458140,23270,22250,22110,-1160,-4.98,22890,-380,-1.63,22110,22570,1400-9-28,2021-12-19
486,رتكو,كنترل‌خوردگي‌تكين‌كو,165,797968,5257865920,6840,6550,6530,-310,-4.53,6750,-90,-1.32,6500,6830,1400-9-28,2021-12-19
487,حسينا,توسعه خدمات دريايي وبندري سينا,165,181720,6691131425,37609,37769,37430,-179,-0.48,37249,-360,-0.96,36510,37769,1400-9-28,2021-12-19
488,پلوله,گازلوله‌,165,366816,8085997876,21600,22003,22189,589,2.73,21961,361,1.67,21360,22248,1400-9-28,2021-12-19
489,پلاسك,پلاسكوكار,165,867179,3319774635,3836,3750,3752,-84,-2.19,3834,-2,-0.05,3750,3950,1400-9-28,2021-12-19
490,وساشرقي,شركت س استان آذربايجان شرقي,165,15835643,6653344026,442,422,420,-22,-4.98,438,-4,-0.9,420,429,1400-9-28,2021-12-19
491,فپنتا,سپنتا,162,10467,4189960160,407440,410050,400800,-6640,-1.63,405410,-2030,-0.5,395140,410050,1400-9-28,2021-12-19
492,ولغدر,ليزينگ‌خودروغدير,160,915602,6711392070,7670,7670,7290,-380,-4.95,7500,-170,-2.22,7290,7670,1400-9-28,2021-12-19
493,فافق,صنايع مس افق كرمان,158,2238043,6968942252,3156,3099,3195,39,1.24,3126,-30,-0.95,3062,3195,1400-9-28,2021-12-19
494,ضخود1050,اختيارخ خودرو-1600-1400/10/08,158,7705,1843829000,344,305,225,-119,-34.59,239,-105,-30.52,190,305,1400-9-28,2021-12-19
495,تسه9906,امتياز تسهيلات مسكن شهريور99,156,2504,2566771584,1048254,995842,995855,-52399,-5,1025068,-23186,-2.21,995842,1100666,1400-9-28,2021-12-19
496,نطرين,عطرين نخ قم,155,995214,7264645297,7681,7337,7297,-384,-5,7490,-191,-2.49,7297,7337,1400-9-28,2021-12-19
497,كاريس,صندوق س.سپهر كاريزما-س,154,1270972,15664729360,12524,12500,12252,-272,-2.17,12325,-199,-1.59,12252,12500,1400-9-28,2021-12-19
498,فاما,صنعتي‌ آما,154,979296,19589438120,19670,19990,19340,-330,-1.68,20000,330,1.68,18990,20090,1400-9-28,2021-12-19
499,آرمان,بيمه آرمان,154,1060389,5886622432,5693,5523,5523,-170,-2.99,5607,-86,-1.51,5523,5649,1400-9-28,2021-12-19
500,وبشهر,توسعه‌ صنايع‌ بهشهر(هلدينگ,152,531631,3468506070,6650,6700,6470,-180,-2.71,6640,-10,-0.15,6420,6700,1400-9-28,2021-12-19
501,دامين,داروسازي‌ امين‌,151,2630181,5872884167,2308,2301,2231,-77,-3.34,2277,-31,-1.34,2193,2301,1400-9-28,2021-12-19
502,كامياب2,صندوق س. كامياب آشنا-د,150,15000000,15000000,11086,1,1,-11085,-99.99,1,-11085,-99.99,1,1,1400-9-28,2021-12-19
503,جوين,كشت و صنعت جوين,150,2345839,4966167065,2180,2159,2115,-65,-2.98,2147,-33,-1.51,2115,2159,1400-9-28,2021-12-19
504,دسبحا,گروه دارويي سبحان,149,375497,7022900580,18840,18120,18620,-220,-1.17,18800,-40,-0.21,17900,19350,1400-9-28,2021-12-19
505,كگهر,سنگ آهن گهرزمين,148,466935,21021712544,45699,45699,44990,-709,-1.55,45578,-121,-0.26,44520,45699,1400-9-28,2021-12-19
506,كطبس,ذغال‌سنگ‌ نگين‌ ط‌بس‌,148,169001,7316366640,45230,43520,43020,-2210,-4.89,44240,-990,-2.19,43010,44600,1400-9-28,2021-12-19
507,كلوند,كاشي‌ الوند,146,496491,9904524300,20210,20820,19890,-320,-1.58,20040,-170,-0.84,19720,20820,1400-9-28,2021-12-19
508,آساميد,صندوق س.مشترك آسمان اميد -د,146,1861116,25431026688,13657,13663,13666,9,0.07,13664,7,0.05,13663,13666,1400-9-28,2021-12-19
509,فبيرا,بسته‌ بندي‌ ايران‌,146,4458936,7947434586,1820,1800,1766,-54,-2.97,1790,-30,-1.65,1766,1873,1400-9-28,2021-12-19
510,سفار,سيمان‌فارس‌,145,62060,3162989560,53410,51040,50790,-2620,-4.91,52870,-540,-1.01,50740,53470,1400-9-28,2021-12-19
511,قمرو,قند مرودشت‌,143,156764,3184827110,19950,20940,20150,200,1,20030,80,0.4,20050,20940,1400-9-28,2021-12-19
512,ولبهمن,شركت بهمن ليزينگ,143,1493750,9191429073,6454,6204,6133,-321,-4.97,6258,-196,-3.04,6133,6329,1400-9-28,2021-12-19
513,واتي,سرمايه‌ گذاري‌ آتيه‌ دماوند,142,393751,3469609790,8940,8870,8720,-220,-2.46,8910,-30,-0.34,8700,9130,1400-9-28,2021-12-19
514,دفرا,فرآورده‌هاي‌ تزريقي‌ ايران‌,141,263595,6773890370,25800,25800,25690,-110,-0.43,25750,-50,-0.19,24980,26400,1400-9-28,2021-12-19
515,سبجنو,سيمان‌ بجنورد,140,119321,4312652350,36820,36130,36130,-690,-1.87,36620,-200,-0.54,35800,37180,1400-9-28,2021-12-19
516,دارا,صندوق س. دارا الگوريتم-د,140,6345145,63928591642,10069,10076,10076,7,0.07,10075,6,0.06,10075,10076,1400-9-28,2021-12-19
517,كقزوي,شيشه‌ قزوين‌,139,1391905,10829827088,7825,7690,7860,35,0.45,7781,-44,-0.56,7689,8015,1400-9-28,2021-12-19
518,سغرب,سيمان‌غرب‌,139,452250,5948049120,13740,13350,13100,-640,-4.66,13500,-240,-1.75,13060,13460,1400-9-28,2021-12-19
519,ثغرب,شركت سرمايه گذاري مسكن شمالغرب,138,1369228,4549279656,3483,3529,3309,-174,-5,3429,-54,-1.55,3309,3529,1400-9-28,2021-12-19
520,تسه9812,امتياز تسهيلات مسكن اسفند98,137,2625,2588930572,1035983,985123,990000,-45983,-4.44,986259,-49724,-4.8,984184,999990,1400-9-28,2021-12-19
521,شدوصح,ح . دوده‌ صنعتي‌ پارس‌,136,923483,6414523680,7060,6670,7000,-60,-0.85,6950,-110,-1.56,6670,7150,1400-9-28,2021-12-19
522,سباقر,سيمان باقران,136,460599,5593776258,12444,12220,12199,-245,-1.97,12272,-172,-1.38,12071,12479,1400-9-28,2021-12-19
523,شپارس,بين‌ المللي‌ محصولات‌  پارس‌,136,685461,4586025770,6860,6890,6750,-110,-1.6,6810,-50,-0.73,6600,6930,1400-9-28,2021-12-19
524,شرانل,نفت ايرانول,135,245204,10821643446,44476,45000,44000,-476,-1.07,44371,-105,-0.24,43765,45000,1400-9-28,2021-12-19
525,سشرق,سيمان‌ شرق‌,134,744684,4605550530,6250,6330,6140,-110,-1.76,6230,-20,-0.32,6110,6330,1400-9-28,2021-12-19
526,سمازن,سيمان‌مازندران‌,133,340833,4557156740,13500,13700,13350,-150,-1.11,13460,-40,-0.3,13300,13700,1400-9-28,2021-12-19
527,مداران,داده‌پردازي‌ايران‌,133,318692,4126002030,13490,13100,13340,-150,-1.11,13330,-160,-1.19,12820,13500,1400-9-28,2021-12-19
528,فلات,گروه صنايع معادن فلات ايرانيان,132,384937,3846918515,10014,9746,9800,-214,-2.14,10006,-8,-0.08,9714,10248,1400-9-28,2021-12-19
529,زشگزا,شير و گوشت زاگرس شهركرد,132,683389,3023614399,4438,4400,4365,-73,-1.64,4435,-3,-0.07,4344,4540,1400-9-28,2021-12-19
530,حسير,ريل سير كوثر,132,1000610,19846098740,20877,19834,19834,-1043,-5,19834,-1043,-5,19834,19834,1400-9-28,2021-12-19
531,زر,صندوق س.پشتوانه سكه طلاي زر,131,116495,6570702202,57213,55000,56500,-713,-1.25,56403,-810,-1.42,55000,56835,1400-9-28,2021-12-19
532,دكوثر,داروسازي‌ كوثر,130,2017857,5145646229,2616,2553,2542,-74,-2.83,2593,-23,-0.88,2541,2614,1400-9-28,2021-12-19
533,كساپا,سايپاشيشه‌,129,428715,6637325520,16170,16000,15370,-800,-4.95,15850,-320,-1.98,15370,16000,1400-9-28,2021-12-19
534,پخش,پخش البرز,128,158888,3719744230,23936,23270,23738,-198,-0.83,23803,-133,-0.56,23100,23999,1400-9-28,2021-12-19
535,سيستم,همكاران سيستم,127,1202125,5647920149,4872,4890,4754,-118,-2.42,4820,-52,-1.07,4647,4890,1400-9-28,2021-12-19
536,شكام,صنايع شيميايي كيمياگران امروز,126,651659,19702234753,30728,30850,30485,-243,-0.79,30234,-494,-1.61,29500,31399,1400-9-28,2021-12-19
537,شفا,سرمايه گذاري شفادارو,126,633903,9089410700,15040,14860,14290,-750,-4.99,14630,-410,-2.73,14290,14860,1400-9-28,2021-12-19
538,سجام,مجتمع سيمان غرب آسيا,125,1159183,2479836296,2137,2141,2140,3,0.14,2138,1,0.05,2130,2150,1400-9-28,2021-12-19
539,حپارسا,توسعه حمل و نقل ريلي پارسيان,124,182200,4830044065,26889,26000,26999,110,0.41,26765,-124,-0.46,26000,27155,1400-9-28,2021-12-19
540,آبين,كشت و صنعت آبشيرين,123,2974255,5271331369,1826,1776,1772,-54,-2.96,1797,-29,-1.59,1772,1776,1400-9-28,2021-12-19
541,خاتم,صندوق س خاتم ايساتيس پويا-ثابت,123,3760122,47008830136,12495,12501,12503,8,0.06,12502,7,0.06,12501,12504,1400-9-28,2021-12-19
542,دپارس,پارس‌ دارو,123,130773,3577879860,28150,28420,27950,-200,-0.71,27960,-190,-0.67,26900,28420,1400-9-28,2021-12-19
543,وتوس,توسعه‌شهري‌توس‌گستر,121,224662,1733515610,7970,7820,7660,-310,-3.89,7940,-30,-0.38,7620,8000,1400-9-28,2021-12-19
544,غشاذر,پگاه‌آذربايجان‌غربي‌,121,1145330,5452216940,5000,4760,4750,-250,-5,4910,-90,-1.8,4750,4870,1400-9-28,2021-12-19
545,خپويش,سازه‌ پويش‌,121,109905,7601077250,72270,72270,68660,-3610,-5,70630,-1640,-2.27,68660,72270,1400-9-28,2021-12-19
546,ثروتم,صندوق س. ثروت آفرين پارسيان-س,120,77520,7211705550,89147,91530,93900,4753,5.33,93030,3883,4.36,91530,94054,1400-9-28,2021-12-19
547,ثاصفا,شركت‌ ساختمان‌ اصفهان‌,119,200086,1586763243,8091,8076,7849,-242,-2.99,8051,-40,-0.49,7849,8219,1400-9-28,2021-12-19
548,ضجار1022,اختيارخ وتجارت-2000-1400/10/15,119,5200,53831000,22,16,8,-14,-63.64,10,-12,-54.55,6,17,1400-9-28,2021-12-19
549,سكرد,سيمان كردستان,118,554279,2437120421,4403,4300,4413,10,0.23,4402,-1,-0.02,4300,4425,1400-9-28,2021-12-19
550,بنيرو,نيروترانس‌,117,1435598,2323243109,1668,1669,1608,-60,-3.6,1660,-8,-0.48,1608,1670,1400-9-28,2021-12-19
551,كي بي سي,شركت كي بي سي,115,183575,2937364362,16811,16177,15971,-840,-5,16643,-168,-1,15971,16469,1400-9-28,2021-12-19
552,وپترو,سرمايه‌گذاري صنايع پتروشيمي‌,115,264797,2686697210,10440,10360,10130,-310,-2.97,10390,-50,-0.48,10010,10400,1400-9-28,2021-12-19
553,لوتوس,تامين سرمايه لوتوس پارسيان,113,1763779,10076986060,5700,5740,5730,30,0.53,5700,0,0,5680,5790,1400-9-28,2021-12-19
554,بشهاب,لامپ‌  پارس‌ شهاب‌,113,60357,8257027540,141460,137300,134390,-7070,-5,138790,-2670,-1.89,134390,139990,1400-9-28,2021-12-19
555,دارو,كارخانجات‌داروپخش‌,113,132634,3779602500,29330,29330,28620,-710,-2.42,29150,-180,-0.61,28100,29690,1400-9-28,2021-12-19
556,ماني,صندوق س. با درآمد ثابت ماني,111,2538455,27036403916,10645,10650,10650,5,0.05,10651,6,0.06,10650,10651,1400-9-28,2021-12-19
557,اخزا004,اسنادخزانه-م4بودجه00-030522,111,372108,201225446701,541623,542501,541890,267,0.05,540772,-851,-0.16,535061,542501,1400-9-28,2021-12-19
558,معيار ,سرمايه گذاري معيار صنعت پارس,110,132302,5593075540,43191,43202,42700,-491,-1.14,42677,-514,-1.19,41896,43202,1400-9-28,2021-12-19
559,اخزا006,اسنادخزانه-م6بودجه00-030723,109,432948,225783337059,521517,523000,521800,283,0.05,521502,-15,0,520155,523000,1400-9-28,2021-12-19
560,تسه9904,امتياز تسهيلات مسكن تير99,109,1244,1242999824,1051785,999196,999196,-52589,-5,999196,-52589,-5,999196,999196,1400-9-28,2021-12-19
561,چافست,افست‌,109,279763,2088807330,7840,7510,7450,-390,-4.97,7780,-60,-0.77,7450,7690,1400-9-28,2021-12-19
562,سقاين,سيمان‌ قائن‌,107,205253,7836829480,39240,38960,38100,-1140,-2.91,38670,-570,-1.45,37630,39780,1400-9-28,2021-12-19
563,شستان,پتروشيمي گلستان,105,1579765,5470265869,3518,3450,3448,-70,-1.99,3463,-55,-1.56,3448,3588,1400-9-28,2021-12-19
564,درازك,دارويي‌ رازك‌,105,221714,6928710670,31370,31000,31010,-360,-1.15,31310,-60,-0.19,31000,31930,1400-9-28,2021-12-19
565,ثاژن,سخت آژند,104,2849947,11648275554,4170,4088,4145,-25,-0.6,4087,-83,-1.99,4087,4167,1400-9-28,2021-12-19
566,وتوشه,سرمايه‌ گذاري‌ پارس‌ توشه‌,104,1235095,6381441200,5330,5210,5160,-170,-3.19,5260,-70,-1.31,5100,5330,1400-9-28,2021-12-19
567,غشصفا,شيرپاستوريزه‌پگاه‌اصفهان‌,103,128431,3051520560,25010,23760,23760,-1250,-5,24730,-280,-1.12,23760,23760,1400-9-28,2021-12-19
568,وآفري,بيمه كارآفرين,103,2329500,8443570397,3637,3544,3651,14,0.38,3629,-8,-0.22,3540,3730,1400-9-28,2021-12-19
569,تايرا,تراكتورسازي‌ايران‌,103,94128,1892604890,20860,20500,20070,-790,-3.79,20800,-60,-0.29,19910,20500,1400-9-28,2021-12-19
570,شپاس,نفت پاسارگاد,102,340724,4870819379,14957,14420,14320,-637,-4.26,14732,-225,-1.5,14210,14592,1400-9-28,2021-12-19
571,شصفها,پتروشيمي‌ اصفهان‌,101,114612,13914642926,121429,119001,121790,361,0.3,121408,-21,-0.02,119001,123856,1400-9-28,2021-12-19
572,هجرت,پخش هجرت,101,146401,3858673602,27263,26230,26500,-763,-2.8,27021,-242,-0.89,26010,26733,1400-9-28,2021-12-19
573,گوهران,سرمايه گذاري توسعه گوهران اميد,101,1062351,5235550802,4932,4933,4931,-1,-0.02,4931,-1,-0.02,4890,4935,1400-9-28,2021-12-19
574,وبرق,س.کارکنان صنعت برق زنجان وقزوي,100,63470,6129297900,101652,96570,96570,-5082,-5,99359,-2293,-2.26,96570,96570,1400-9-28,2021-12-19
575,پارسيان,بيمه پارسيان,100,676834,5716384150,8540,8540,8410,-130,-1.52,8510,-30,-0.35,8200,8770,1400-9-28,2021-12-19
576,اعتلاح,ح سرمايه گذاري اعتلاء البرز,100,973312,1290028486,1333,1300,1308,-25,-1.88,1325,-8,-0.6,1300,1347,1400-9-28,2021-12-19
577,ركيش,كارت اعتباري ايران كيش,100,726188,3883250820,5600,5400,5330,-270,-4.82,5530,-70,-1.25,5320,5400,1400-9-28,2021-12-19
578,مفاخر,توسعه فناوري اطلاعات خوارزمي,99,72252,1883439756,26776,26900,26289,-487,-1.82,26685,-91,-0.34,25510,27299,1400-9-28,2021-12-19
579,شساخت,مهندسي و ساختمان صنايع نفت,99,156202,6864778303,43750,42600,44040,290,0.66,43781,31,0.07,42600,44099,1400-9-28,2021-12-19
580,كاسپين,داروسازي كاسپين تامين,98,333880,7292369923,21812,21810,21510,-302,-1.38,21826,14,0.06,21280,22039,1400-9-28,2021-12-19
581,كگاز,شيشه‌ و گاز,98,417823,6175040310,15120,14650,14930,-190,-1.26,14980,-140,-0.93,14560,15380,1400-9-28,2021-12-19
582,زرين,صندوق س. سهام زرين كوروش-س,97,523718,6386275401,12389,12382,12128,-261,-2.11,12194,-195,-1.57,11893,12520,1400-9-28,2021-12-19
583,سپ,پرداخت الكترونيك سامان كيش,97,114781,3542027680,30790,29900,31150,360,1.17,30790,0,0,29900,31180,1400-9-28,2021-12-19
584,زمگسا,كشاورزي‌ ودامپروي‌ مگسال‌,96,276178,4481940570,16530,16250,16300,-230,-1.39,16440,-90,-0.54,15880,16600,1400-9-28,2021-12-19
585,اعتلا,شركت سرمايه گذاري اعتلاء البرز,94,554896,1893633893,3436,3332,3361,-75,-2.18,3433,-3,-0.09,3330,3540,1400-9-28,2021-12-19
586,كمينا,شيشه سازي مينا,94,525718,4467872872,8731,8480,8470,-261,-2.99,8623,-108,-1.24,8470,8789,1400-9-28,2021-12-19
587,دالبر,البرزدارو,94,210654,2409352890,11570,11550,11290,-280,-2.42,11550,-20,-0.17,11210,11600,1400-9-28,2021-12-19
588,اخزا917,اسنادخزانه-م17بودجه99-010226,92,190889,173966328296,911362,910101,912497,1135,0.12,911348,-14,0,901017,912500,1400-9-28,2021-12-19
589,تسه9811,امتياز تسهيلات مسكن بهمن98,91,1482,1488203469,1021946,970849,985000,-36946,-3.62,1004186,-17760,-1.74,970849,1039990,1400-9-28,2021-12-19
590,قهكمت,قندهكمتان‌,90,454939,1854769758,4237,4048,4042,-195,-4.6,4216,-21,-0.5,4042,4148,1400-9-28,2021-12-19
591,زعف0110پ11,زعفران0110نگين سحرخيز(پ),90,44835,16490706377,361346,374999,368131,6785,1.88,367809,6463,1.79,360000,374999,1400-9-28,2021-12-19
592,كشرق,صنعتي و معدني شمال شرق شاهرود,90,65094,4179912596,66911,69000,63610,-3301,-4.93,66126,-785,-1.17,63566,69000,1400-9-28,2021-12-19
593,دفارا,داروسازي‌ فارابي‌,90,122417,1554965010,13060,13100,12810,-250,-1.91,13020,-40,-0.31,12440,13100,1400-9-28,2021-12-19
594,فيروزه,صندوق شاخص30 شركت فيروزه- سهام,90,20635,3347309020,164490,163130,161780,-2710,-1.65,162220,-2270,-1.38,161780,163130,1400-9-28,2021-12-19
595,فردا2,صندوق س آواي فرداي زاگرس-ثابت,89,8900000,8900000,12025,1,1,-12024,-99.99,1,-12024,-99.99,1,1,1400-9-28,2021-12-19
596,زگلدشت,كشت و دام گلدشت نمونه اصفهان,89,858431,7333810943,8593,8400,8640,47,0.55,8569,-24,-0.28,8400,8830,1400-9-28,2021-12-19
597,پرداخت,به پرداخت ملت,88,454771,5467773690,12350,12380,12000,-350,-2.83,12230,-120,-0.97,11870,12390,1400-9-28,2021-12-19
598,ثباغ,شهر سازي و خانه سازي باغميشه,88,300960,2146453896,7419,7180,7127,-292,-3.94,7376,-43,-0.58,7100,7390,1400-9-28,2021-12-19
599,بساما,بيمه سامان,85,149423,2877295229,19918,20490,19151,-767,-3.85,19798,-120,-0.6,18932,20490,1400-9-28,2021-12-19
600,شگل,گلتاش‌,84,2637258,17300412480,6900,6560,6560,-340,-4.93,6560,-340,-4.93,6560,6560,1400-9-28,2021-12-19
601,وايرا,سرمايه گذاري صنايع ايران,83,2207382,10308473940,4448,4670,4670,222,4.99,4660,212,4.77,4670,4670,1400-9-28,2021-12-19
602,وپخش,داروپخش‌ (هلدينگ‌,83,201986,6584053950,33980,32950,32800,-1180,-3.47,33780,-200,-0.59,32290,32950,1400-9-28,2021-12-19
603,سرود,سيمان‌شاهرود,83,203226,3914800910,19160,19340,19440,280,1.46,19190,30,0.16,19000,19450,1400-9-28,2021-12-19
604,پسهند,صنايع‌ لاستيكي‌  سهند,82,187019,4748367570,25850,25400,25500,-350,-1.35,25700,-150,-0.58,25150,25990,1400-9-28,2021-12-19
605,بفجرح,ح . فجر انرژي خليج فارس,82,526933,4481177830,8630,8350,8450,-180,-2.09,8500,-130,-1.51,8350,8690,1400-9-28,2021-12-19
606,مارون,پتروشيمي مارون,81,33507,5707340285,173349,168402,169100,-4249,-2.45,173174,-175,-0.1,168402,172999,1400-9-28,2021-12-19
607,سجامح,ح.مجتمع سيمان غرب آسيا,80,752061,536341937,714,706,703,-11,-1.54,713,-1,-0.14,701,733,1400-9-28,2021-12-19
608,سخوز,سيمان خوزستان,79,429355,9829318230,23010,23990,22620,-390,-1.69,22930,-80,-0.35,22200,23990,1400-9-28,2021-12-19
609,تسه9810,امتياز تسهيلات مسكن دي98,78,3866,3739403964,1018162,967254,967254,-50908,-5,967254,-50908,-5,967254,967254,1400-9-28,2021-12-19
610,ضسپا1111,اختيارخ خساپا-1400-1400/11/20,78,2526,648107000,373,210,261,-112,-30.03,257,-116,-31.1,210,285,1400-9-28,2021-12-19
611,تكنار,مجتمع معادن مس تكنار,77,63804,3226720549,51995,50500,50610,-1385,-2.66,51520,-475,-0.91,50436,51919,1400-9-28,2021-12-19
612,زعف0008پ08,زعفران0008نگين روستا(پ),76,31805,8297897311,267791,265223,268000,209,0.08,260899,-6892,-2.57,255020,275000,1400-9-28,2021-12-19
613,سيدكو,سرمايه گذاري توسعه صنايع سيمان,76,503358,2847011640,5690,5750,5540,-150,-2.64,5680,-10,-0.18,5540,5750,1400-9-28,2021-12-19
614,ساربيل,سيمان آرتا اردبيل,74,135131,2794825400,21010,20800,20620,-390,-1.86,20950,-60,-0.29,20300,20980,1400-9-28,2021-12-19
615,غناب,روغن‌ نباتي‌ ناب,74,31927,4273812074,127488,133862,133862,6374,5,130075,2587,2.03,133862,133862,1400-9-28,2021-12-19
616,سپاس,صندوق س. پاداش سهامداري-ثابت,74,666197,6710178975,10066,10074,10074,8,0.08,10072,6,0.06,10071,10074,1400-9-28,2021-12-19
617,تسه0003,امتيازتسهيلات مسكن خرداد1400,74,1720,1731706320,1059795,1006806,1006806,-52989,-5,1006806,-52989,-5,1006806,1006806,1400-9-28,2021-12-19
618,اخزا910,اسنادخزانه-م10بودجه99-020807,70,77616,50580423511,655733,646666,651520,-4213,-0.64,651675,-4058,-0.62,646666,655000,1400-9-28,2021-12-19
619,ما,بيمه  ما,69,506174,2210457729,4536,4420,4321,-215,-4.74,4510,-26,-0.57,4321,4440,1400-9-28,2021-12-19
620,برن0104پ01,برنج طارم0104تجارت مازندران(پ),67,9831,4754705500,474927,475000,488000,13073,2.75,483644,8717,1.84,475000,498673,1400-9-28,2021-12-19
621,سفانو,سيمان فارس نو,67,175564,4125231370,23610,23300,23540,-70,-0.3,23580,-30,-0.13,23300,23610,1400-9-28,2021-12-19
622,زعف0008پ11,زعفران0008نگين سحرخيز(پ),67,95266,25915285960,273798,279187,265102,-8696,-3.18,272031,-1767,-0.65,265102,279187,1400-9-28,2021-12-19
623,وبازار,صندوق س شاخصي بازارآشنا,66,384759,4285576680,11170,11250,10950,-220,-1.97,11140,-30,-0.27,10950,11470,1400-9-28,2021-12-19
624,زعف0008پ10,زعفران0008نگين طلاي سرخ(پ),63,25008,6608706630,268412,269010,260000,-8412,-3.13,264264,-4148,-1.55,260000,271800,1400-9-28,2021-12-19
625,وزمين,بانك ايران زمين,63,215956,1954265791,8884,9149,8800,-84,-0.95,8906,22,0.25,8730,9150,1400-9-28,2021-12-19
626,دكيمي,كيميدارو,63,72777,1251776470,18040,17150,17160,-880,-4.88,17970,-70,-0.39,17140,17230,1400-9-28,2021-12-19
627,اخزا001,اسنادخزانه-م1بودجه00-030821,62,256843,131399863618,511875,512998,510583,-1292,-0.25,511596,-279,-0.05,510583,512998,1400-9-28,2021-12-19
628,وامين,س. امين توان آفرين ساز,62,92400,1148338791,12577,12451,12490,-87,-0.69,12574,-3,-0.02,12326,12700,1400-9-28,2021-12-19
629,اخزا005,اسنادخزانه-م5بودجه00-030626,60,142194,75499527435,530169,533560,529459,-710,-0.13,530961,792,0.15,529459,533560,1400-9-28,2021-12-19
630,تسه9909,امتياز تسهيلات مسكن آذر99,60,1079,1102442354,1075501,1021726,1021726,-53775,-5,1021726,-53775,-5,1021726,1021726,1400-9-28,2021-12-19
631,غصينو,صنعتي مينو,60,181185,3474947115,20188,19179,19179,-1009,-5,20142,-46,-0.23,19179,19179,1400-9-28,2021-12-19
632,قشهد,شهد,59,124618,1647281750,13610,13800,13390,-220,-1.62,13570,-40,-0.29,13000,13800,1400-9-28,2021-12-19
633,دحاوي,الحاوي,57,776519,3275986376,4348,4221,4218,-130,-2.99,4304,-44,-1.01,4218,4428,1400-9-28,2021-12-19
634,سخزر,سيمان‌ خزر,57,67708,1101481960,16940,16310,16590,-350,-2.07,16890,-50,-0.3,16190,16590,1400-9-28,2021-12-19
635,زعف0110پ18,زعفران0110نگين بهرامن(پ),57,12491,4521418961,360003,357001,364000,3997,1.11,361974,1971,0.55,357001,365500,1400-9-28,2021-12-19
636,تسه9912,امتياز تسهيلات مسكن اسفند99,56,1435,1439325090,1055804,1003014,1003014,-52790,-5,1003014,-52790,-5,1003014,1003014,1400-9-28,2021-12-19
637,حپترو,حمل و نقل پتروشيمي( سهامي عام,55,92935,1962515620,22190,21610,21090,-1100,-4.96,22040,-150,-0.68,21090,21610,1400-9-28,2021-12-19
638,لازما,كارخانه هاي صنعتي آزمايش,55,112059,2784812928,25610,24842,24842,-768,-3,25386,-224,-0.87,24842,25561,1400-9-28,2021-12-19
639,اخزا909,اسنادخزانه-م9بودجه99-020316,54,190993,136402043178,711939,716000,713001,1062,0.15,714173,2234,0.31,710009,719986,1400-9-28,2021-12-19
640,اخزا901,اسنادخزانه-م1بودجه99-010621,54,23067,19623261537,851213,851500,849394,-1819,-0.21,850707,-506,-0.06,846502,851501,1400-9-28,2021-12-19
641,كيسون,شركت كيسون,53,977727,1543830933,1627,1579,1579,-48,-2.95,1621,-6,-0.37,1579,1579,1400-9-28,2021-12-19
642,شكبير,پتروشيمي اميركبير,52,26484,2437555010,94293,92005,92010,-2283,-2.42,94237,-56,-0.06,92005,93320,1400-9-28,2021-12-19
643,غاذر,كشت‌وصنعت‌پياذر,52,421530,14627091000,36520,34700,34700,-1820,-4.98,34700,-1820,-4.98,34700,34700,1400-9-28,2021-12-19
644,سيناد,صندوق س.سپهرسودمند سينا-د,51,2109126,21156545960,10033,10033,10033,0,0,10031,-2,-0.02,10030,10033,1400-9-28,2021-12-19
645,ارمغان,ص سرمايه گذاري ارمغان ايرانيان,51,472003,4750471717,10056,10061,10071,15,0.15,10064,8,0.08,10061,10071,1400-9-28,2021-12-19
646,وحكمت,بيمه حكمت صبا,51,1715393,5749997336,3455,3352,3352,-103,-2.98,3394,-61,-1.77,3352,3352,1400-9-28,2021-12-19
647,وبهمن,سرمايه‌گذاري‌بهمن‌,50,89845,1225876700,14070,14610,13660,-410,-2.91,14040,-30,-0.21,13610,14610,1400-9-28,2021-12-19
648,دسينا,داروسازي‌ سينا,50,153809,3034408930,19950,19800,19790,-160,-0.8,19900,-50,-0.25,19400,20150,1400-9-28,2021-12-19
649,كيان2,صندوق س. با درآمد ثابت كيان,50,5000000,5000000,32125,1,1,-32124,-100,1,-32124,-100,1,1,1400-9-28,2021-12-19
650,دقاضي,داروسازي شهيد قاضي,50,309236,7341931379,24473,24300,23739,-734,-3,23903,-570,-2.33,23739,24410,1400-9-28,2021-12-19
651,بفجر,فجر انرژي خليج فارس,49,124268,1349533490,11160,10800,10900,-260,-2.33,11160,0,0,10760,10900,1400-9-28,2021-12-19
652,بسويچ,پارس‌سويچ‌,45,61056,788912730,13590,13010,12920,-670,-4.93,13550,-40,-0.29,12920,13010,1400-9-28,2021-12-19
653,اخزا817,اسنادخزانه-م17بودجه98-010512,45,119246,103722398953,868490,866002,870399,1909,0.22,869819,1329,0.15,866002,870400,1400-9-28,2021-12-19
654,سشمال,سيمان‌ شمال‌,45,467683,3330278190,7350,7270,7160,-190,-2.59,7300,-50,-0.68,7020,7270,1400-9-28,2021-12-19
655,اخزا914,اسنادخزانه-م14بودجه99-021025,45,48183,30077150549,627857,626667,622001,-5856,-0.93,624227,-3630,-0.58,622001,626667,1400-9-28,2021-12-19
656,كصدف,كاشي صدف سرام استقلال آباده,43,110220,2071562010,19375,18794,18795,-580,-2.99,19251,-124,-0.64,18794,18850,1400-9-28,2021-12-19
657,ضخود2018,اختيارخ خودرو-2000-1401/02/07,43,1801,619756000,496,300,350,-146,-29.44,344,-152,-30.65,300,390,1400-9-28,2021-12-19
658,وكار,بانك‌ كارآفرين‌,43,1209061,3170157942,2760,2622,2622,-138,-5,2749,-11,-0.4,2622,2622,1400-9-28,2021-12-19
659,سكه0011پ02,تمام سكه طرح جديد0011ملت,42,5600,7210215600,1298626,1298626,1292002,-6624,-0.51,1287538,-11088,-0.85,1282000,1299980,1400-9-28,2021-12-19
660,قپيرا,فرآورده‌هاي‌غدايي‌وقندپيرانشهر,42,176235,1309734630,7630,7830,7370,-260,-3.41,7610,-20,-0.26,7360,7830,1400-9-28,2021-12-19
661,اخزا003,اسنادخزانه-م3بودجه00-030418,42,106721,59036207003,552403,555111,554000,1597,0.29,553183,780,0.14,550000,555995,1400-9-28,2021-12-19
662,اخزا812,اسنادخزانه-م12بودجه98-001111,42,101988,99286509312,972691,972400,973999,1308,0.13,973512,821,0.08,972400,974979,1400-9-28,2021-12-19
663,حخزر,كشتيراني درياي خزر,42,120144,1532090669,13422,12751,12751,-671,-5,13349,-73,-0.54,12751,12900,1400-9-28,2021-12-19
664,ولتجار,واسپاري تجارت وسرمايه ايرانيان,41,391812,983045489,2582,2641,2574,-8,-0.31,2575,-7,-0.27,2505,2641,1400-9-28,2021-12-19
665,اخزا008,اسنادخزانه-م8بودجه00-030919,41,100783,50599841014,504059,502035,502850,-1209,-0.24,502067,-1992,-0.4,502034,502970,1400-9-28,2021-12-19
666,سكه0111پ05,تمام سكه طرح جديد0111آينده,41,7300,9380035300,1300326,1281002,1285000,-15326,-1.18,1284936,-15390,-1.18,1281002,1289500,1400-9-28,2021-12-19
667,دابور,داروسازي‌ ابوريحان‌,41,21140,457573440,21990,21900,21360,-630,-2.86,21980,-10,-0.05,21300,22290,1400-9-28,2021-12-19
668,داريوش,صندوق س. ثروت داريوش -س,40,108954,1015894620,9390,9388,9280,-110,-1.17,9324,-66,-0.7,9250,9400,1400-9-28,2021-12-19
669,كهربا,صندوق س.پشتوانه سكه طلا كهربا,39,62013,682188550,11189,11101,11060,-129,-1.15,11001,-188,-1.68,10801,11101,1400-9-28,2021-12-19
670,اخزا902,اسنادخزانه-م2بودجه99-011019,38,17675,13982427620,791434,788000,791200,-234,-0.03,791085,-349,-0.04,788000,791500,1400-9-28,2021-12-19
671,ضستا1004,اختيارخ شستا-12000-1400/10/29,38,564,117509000,494,223,200,-294,-59.51,208,-286,-57.89,170,230,1400-9-28,2021-12-19
672,ضجار1020,اختيارخ وتجارت-1600-1400/10/15,37,1015,136688000,181,168,123,-58,-32.04,135,-46,-25.41,120,170,1400-9-28,2021-12-19
673,الماس,صندوق س.امين تدبيرگران فردا-س,36,3870,368750168,97621,95503,97360,-261,-0.27,95284,-2337,-2.39,94077,97519,1400-9-28,2021-12-19
674,ضسپا1114,اختيارخ خساپا-2000-1400/11/20,36,1643,67463000,67,66,40,-27,-40.3,41,-26,-38.81,39,68,1400-9-28,2021-12-19
675,سكرما,سيمان‌ كرمان‌,35,139198,1859595200,13540,13500,13300,-240,-1.77,13520,-20,-0.15,13210,13500,1400-9-28,2021-12-19
676,آتيمس,صندوق س.آرمان آتيه درخشان مس-س,35,6050,1034419930,174291,172890,170118,-4173,-2.39,170978,-3313,-1.9,168510,172890,1400-9-28,2021-12-19
677,صايند,صندوق س. گنجينه آينده روشن-د,35,218770,2202914690,10062,10069,10067,5,0.05,10070,8,0.08,10067,10071,1400-9-28,2021-12-19
678,اخزا811,اسنادخزانه-م11بودجه98-001013,35,59516,58876115524,988652,988600,992070,3418,0.35,989248,596,0.06,988600,992999,1400-9-28,2021-12-19
679,ضشنا1050,اختيارخ شپنا-7629-1400/10/19,34,1115,57868560,44,50,25,-19,-43.18,28,-16,-36.36,20,50,1400-9-28,2021-12-19
680,آساس,صندوق س.آسمان آرماني سهام-س,34,17852,2873479262,161633,161634,159205,-2428,-1.5,160961,-672,-0.42,159030,161634,1400-9-28,2021-12-19
681,افق ملت,صندوق س در سهام افق ملت,33,37216,4869382520,132680,132680,130030,-2650,-2,130840,-1840,-1.39,130000,132680,1400-9-28,2021-12-19
682,فيروزا,صندوق بادرآمد ثابت فيروزه آسيا,31,109115,2825116096,25877,25890,25890,13,0.05,25891,14,0.05,25890,25900,1400-9-28,2021-12-19
683,فنفت,صنايع تجهيزات نفت,31,254870,3924488260,15874,15398,15398,-476,-3,15676,-198,-1.25,15398,15398,1400-9-28,2021-12-19
684,اخزا903,اسنادخزانه-م3بودجه99-011110,31,11991,9366818978,782620,778005,782430,-190,-0.02,781154,-1466,-0.19,778005,782450,1400-9-28,2021-12-19
685,ضستا1003,اختيارخ شستا-10000-1400/10/29,30,400,307766000,893,760,1700,807,90.37,769,-124,-13.89,650,1700,1400-9-28,2021-12-19
686,زعف0008پ16,زعفران0008نگين بيرجند(پ),29,34952,9097393324,269990,258800,260000,-9990,-3.7,260282,-9708,-3.6,258440,261500,1400-9-28,2021-12-19
687,ضشنا1049,اختيارخ شپنا-6540-1400/10/19,29,540,91383000,107,100,70,-37,-34.58,92,-15,-14.02,70,100,1400-9-28,2021-12-19
688,زعف0110پ19,زعفران0110نگين تروند قاينات(پ),28,10114,3654958712,363128,359000,362000,-1128,-0.31,361376,-1752,-0.48,359000,363000,1400-9-28,2021-12-19
689,ساروج,بين المللي ساروج بوشهر,28,275239,4426613391,16054,16054,16055,1,0.01,16062,8,0.05,15714,16214,1400-9-28,2021-12-19
690,ثمين,صندوق س. ثروت افزون ثمين-س,28,46695,467461384,10154,10090,10001,-153,-1.51,10011,-143,-1.41,10000,10090,1400-9-28,2021-12-19
691,اخزا813,اسنادخزانه-م13بودجه98-010219,28,18261,16717223033,915321,900689,915997,676,0.07,915460,139,0.02,900689,917450,1400-9-28,2021-12-19
692,زعف0110پ05,زعفران0110نگين زرين(پ),28,11100,4034739795,360001,360000,366000,5999,1.67,363490,3489,0.97,359001,366000,1400-9-28,2021-12-19
693,گنجين,صندوق س. گنجينه يكم آويد-د,26,227916,3280333801,14389,14390,14390,1,0.01,14393,4,0.03,14389,14399,1400-9-28,2021-12-19
694,اوصتا,صندوق انديشه ورزان صباتامين -د,26,172537,3603826413,20877,20887,20888,11,0.05,20887,10,0.05,20887,20888,1400-9-28,2021-12-19
695,اخزا905,اسنادخزانه-م5بودجه99-020218,26,108179,78862946516,722658,740000,732975,10317,1.43,729004,6346,0.88,725000,740000,1400-9-28,2021-12-19
696,اخزا815,اسنادخزانه-م15بودجه98-010406,25,129742,115294040774,887909,886013,889000,1091,0.12,888641,732,0.08,885771,889000,1400-9-28,2021-12-19
697,اخزا814,اسنادخزانه-م14بودجه98-010318,25,110402,99045558736,900289,903495,901999,1710,0.19,897136,-3153,-0.35,897000,903495,1400-9-28,2021-12-19
698,وملت,سرمايه گذاري ملت,24,366652,812867484,2262,2217,2217,-45,-1.99,2254,-8,-0.35,2217,2217,1400-9-28,2021-12-19
699,اخزا908,اسنادخزانه-م8بودجه99-020606,23,128590,87160527039,676199,683884,679000,2801,0.41,677817,1618,0.24,675054,683884,1400-9-28,2021-12-19
700,قچار,فراوردههاي غذايي وقند چهارمحال,23,108556,856615396,8306,7891,7891,-415,-5,8280,-26,-0.31,7891,7891,1400-9-28,2021-12-19
701,پلاست,كارخانجات توليدي پلاستيران,23,134864,968997840,7407,7185,7185,-222,-3,7384,-23,-0.31,7185,7185,1400-9-28,2021-12-19
702,زعف0110پ16,زعفران0110نگين بيرجند(پ),22,8056,2916203669,360678,355002,363000,2322,0.64,361992,1314,0.36,355002,365000,1400-9-28,2021-12-19
703,ثعتما,س. ساختماني اعتماد گستر,22,215383,5430236196,26538,25212,25212,-1326,-5,25777,-761,-2.87,25212,25212,1400-9-28,2021-12-19
704,ضبدر1163,اختيارخ شبندر-6000-1400/11/13,22,339,202741000,802,620,585,-217,-27.06,598,-204,-25.44,582,625,1400-9-28,2021-12-19
705,اراد50,مرابحه عام دولت5-ش.خ0302,21,484300,484300460000,1000001,1000000,1000001,0,0,1000001,0,0,1000000,1000001,1400-9-28,2021-12-19
706,بذر,صندوق س بذر اميد آفرين-سهام,21,2521,226891490,91330,90950,89840,-1490,-1.63,90000,-1330,-1.46,89830,90950,1400-9-28,2021-12-19
707,سكه0112پ03,تمام سكه طرح جديد0112سامان,21,3700,4752301300,1300150,1282010,1291000,-9150,-0.7,1284406,-15744,-1.21,1280000,1291000,1400-9-28,2021-12-19
708,غشوكو,شوكو پارس,20,46444,345496916,7669,7439,7439,-230,-3,7660,-9,-0.12,7439,7439,1400-9-28,2021-12-19
709,گوهر2,صندوق سكه طلاي كيان,20,200000,200000,64439,1,1,-64438,-100,1,-64438,-100,1,1,1400-9-28,2021-12-19
710,نيرو,نيرو سرمايه,20,26254,843829814,33135,32141,32141,-994,-3,33046,-89,-0.27,32141,32141,1400-9-28,2021-12-19
711,غشهد,شهد ايران ‌,19,247412,1060160420,4510,4285,4285,-225,-4.99,4493,-17,-0.38,4285,4285,1400-9-28,2021-12-19
712,حگردش,ريل گردش ايرانيان,19,233528,962835944,4340,4123,4123,-217,-5,4318,-22,-0.51,4123,4123,1400-9-28,2021-12-19
713,سدبير,س. تدبيرگران فارس وخوزستان,19,27342,1282367142,49369,46901,46901,-2468,-5,49144,-225,-0.46,46901,46901,1400-9-28,2021-12-19
714,ورازي,بيمه رازي,18,621223,937425507,1555,1509,1509,-46,-2.96,1551,-4,-0.26,1509,1509,1400-9-28,2021-12-19
715,فكمند,گسترش قطعه سازي كمند,18,87917,3168264929,37151,36037,36037,-1114,-3,36783,-368,-0.99,36037,36037,1400-9-28,2021-12-19
716,زعف0110پ10,زعفران0110نگين طلاي سرخ(پ),18,4215,1540544019,360020,369999,363001,2981,0.83,365491,5471,1.52,362001,369999,1400-9-28,2021-12-19
717,عيار2,صندوق سكه طلاي مفيد,17,170000,170000,32914,1,1,-32913,-100,1,-32913,-100,1,1,1400-9-28,2021-12-19
718,ضپال2007,اختيارخ اپال-32000-1401/02/12,17,160,34934000,253,444,200,-53,-20.95,218,-35,-13.83,200,269,1400-9-28,2021-12-19
719,اگ010155,گام بانك اقتصاد نوين0101,17,147600,136691200000,925558,927000,926000,442,0.05,926092,534,0.06,926000,927000,1400-9-28,2021-12-19
720,اوج,صندوق س.اوج دماوند-س,17,31374,315979450,10077,10071,10071,-6,-0.06,10071,-6,-0.06,10071,10075,1400-9-28,2021-12-19
721,حبندر,دريايي و کشتيراني خط دريابندر,16,78081,1113435060,15010,14260,14260,-750,-5,14922,-88,-0.59,14260,14260,1400-9-28,2021-12-19
722,زعف0008پ20,زعفران0008نگين وحدت جام(پ),16,3272,846978405,260196,260000,257500,-2696,-1.04,258856,-1340,-0.51,252600,260000,1400-9-28,2021-12-19
723,ضملت1132,اختيارخ وبملت-2500-1400/11/13,15,466,194788000,450,500,380,-70,-15.56,418,-32,-7.11,380,500,1400-9-28,2021-12-19
724,سمايه,بانك سرمايه,15,206849,1176557112,5987,5688,5688,-299,-4.99,5950,-37,-0.62,5688,5688,1400-9-28,2021-12-19
725,تسه9903,امتياز تسهيلات مسكن خرداد99,15,160,162384800,1068321,1014905,1014905,-53416,-5,1014905,-53416,-5,1014905,1014905,1400-9-28,2021-12-19
726,فراز,صندوق س.سهام فراز داريك-س,15,96957,1378240755,14214,14215,14215,1,0.01,14215,1,0.01,14214,14215,1400-9-28,2021-12-19
727,اخزا918,اسنادخزانه-م18بودجه99-010323,14,51337,46006482523,895567,896000,896261,694,0.08,896166,599,0.07,895999,899998,1400-9-28,2021-12-19
728,تملي806,تسهيلات مسكن ب. ملي-شهريور98,14,203,181582957,882971,927119,838823,-44148,-5,894497,11526,1.31,838823,927119,1400-9-28,2021-12-19
729,زير0103پ01,زيره سبز0103كيميابذر(پ),14,3622,3521304778,925904,972199,972199,46295,5,972199,46295,5,972199,972199,1400-9-28,2021-12-19
730,اخزا810,اسنادخزانه-م10بودجه98-001006,14,348,346185772,994489,996400,996190,1701,0.17,994787,298,0.03,992200,996400,1400-9-28,2021-12-19
731,داريك,صندوق س.اعتماد داريك-د,14,381706,4600394974,12046,12053,12052,6,0.05,12052,6,0.05,12052,12054,1400-9-28,2021-12-19
732,تسه9901,امتياز تسهيلات مسكن فروردين99,14,720,725919120,1061285,1008221,1008221,-53064,-5,1008221,-53064,-5,1008221,1008221,1400-9-28,2021-12-19
733,اخزا907,اسنادخزانه-م7بودجه99-020704,13,9412,6234389819,679141,663249,665000,-14141,-2.08,662387,-16754,-2.47,660002,665000,1400-9-28,2021-12-19
734,طخود1051,اختيارف خودرو-1800-1400/10/08,13,261,12911000,27,97,47,20,74.07,49,22,81.48,31,55,1400-9-28,2021-12-19
735,قيستو,شركت قند بيستون,13,124437,2619647724,21703,21052,21052,-651,-3,21523,-180,-0.83,21052,21052,1400-9-28,2021-12-19
736,وحافظ,بيمه حافظ,12,414795,3694993860,9376,8908,8908,-468,-4.99,9194,-182,-1.94,8908,8908,1400-9-28,2021-12-19
737,فسا,پتروشيمي فسا,12,231708,231476292,1029,999,999,-30,-2.92,1028,-1,-0.1,999,999,1400-9-28,2021-12-19
738,جمح,ح . پتروشيمي جم,12,162697,7484062000,46000,46000,46000,0,0,46000,0,0,46000,46000,1400-9-28,2021-12-19
739,اپرداز,آتيه داده پرداز,12,13443,281671179,22055,20953,20953,-1102,-5,22033,-22,-0.1,20953,20953,1400-9-28,2021-12-19
740,ضصاد1114,اختيارخ وبصادر-2500-1400/11/06,12,810,11060000,20,15,12,-8,-40,14,-6,-30,12,15,1400-9-28,2021-12-19
741,اطلس2,صندوق س.توسعه اندوخته آينده-س,11,110000,110000,236987,1,1,-236986,-100,1,-236986,-100,1,1,1400-9-28,2021-12-19
742,ويستا,صندوق س. ويستا -س,11,37842,377572752,10111,10149,9958,-153,-1.51,9978,-133,-1.32,9958,10149,1400-9-28,2021-12-19
743,اخزا007,اسنادخزانه-م7بودجه00-030912,11,64227,32433655838,505754,504264,505000,-754,-0.15,504985,-769,-0.15,504264,506000,1400-9-28,2021-12-19
744,اخزا818,اسنادخزانه-م18بودجه98-010614,10,12742,10863687318,854004,843233,853000,-1004,-0.12,852589,-1415,-0.17,843233,853999,1400-9-28,2021-12-19
745,وسفارس,شركت س استان فارس,10,114680,112271720,1030,979,979,-51,-4.95,1030,0,0,979,979,1400-9-28,2021-12-19
746,ضسپا1113,اختيارخ خساپا-1800-1400/11/20,10,341,21609000,115,53,70,-45,-39.13,63,-52,-45.22,51,70,1400-9-28,2021-12-19
747,حآفرين,ريل پرداز نو آفرين,10,41680,198063360,5002,4752,4752,-250,-5,4998,-4,-0.08,4752,4752,1400-9-28,2021-12-19
748,خعمرا,توسعه و عمران شهرستان نائين,9,92765,441561400,4534,4760,4760,226,4.98,4544,10,0.22,4760,4760,1400-9-28,2021-12-19
749,قشرين,قند شيرين خراسان,9,67325,444748950,6810,6606,6606,-204,-3,6801,-9,-0.13,6606,6606,1400-9-28,2021-12-19
750,دمعيار,صندوق س. توازن معيار-د,9,17623,176444507,10003,10004,10005,2,0.02,10012,9,0.09,10004,10013,1400-9-28,2021-12-19
751,لخانه,لوازم‌ خانگي‌ پارس‌,9,24711,398761407,16636,16137,16137,-499,-3,16615,-21,-0.13,16137,16137,1400-9-28,2021-12-19
752,افران2,صندوق س افرا نماد پايدار-ثابت,9,72700000,72700000,15016,1,1,-15015,-99.99,1,-15015,-99.99,1,1,1400-9-28,2021-12-19
753,اخزا911,اسنادخزانه-م11بودجه99-020906,9,51752,33561265752,649288,648501,648501,-787,-0.12,648502,-786,-0.12,648501,648510,1400-9-28,2021-12-19
754,پلاستح,ح.كارخانجات توليدي پلاستيران,8,15544,61103464,4052,3931,3931,-121,-2.99,3931,-121,-2.99,3931,3931,1400-9-28,2021-12-19
755,ثهام,صندوق س ثروت هامرز-سهام,7,3371,34790970,10303,10350,10350,47,0.46,10321,18,0.17,10290,10350,1400-9-28,2021-12-19
756,بايكا,كارخانجات كابلسازي ‌ايران‌,7,2881,51927144,18581,18024,18024,-557,-3,18578,-3,-0.02,18024,18024,1400-9-28,2021-12-19
757,شزنگ,تجهيزنيروي‌زنگان‌,7,5040,686397600,140402,136190,136190,-4212,-3,140102,-300,-0.21,136190,136190,1400-9-28,2021-12-19
758,اتكامح,ح . بيمه اتكايي امين,7,34399,121876300,3700,3700,3500,-200,-5.41,3543,-157,-4.24,3500,3700,1400-9-28,2021-12-19
759,اراد87,مرابحه عام دولت87-ش.خ030304,7,15900,14752504400,933513,925000,925000,-8513,-0.91,927830,-5683,-0.61,925000,934000,1400-9-28,2021-12-19
760,تملي709,تسهيلات مسكن ب. ملي-آذر97,6,76,41695642,576220,552000,547409,-28811,-5,548627,-27593,-4.79,547409,552000,1400-9-28,2021-12-19
761,تملي705,تسهيلات مسكن ب. ملي-مرداد97,6,60,40888453,687201,721560,652841,-34360,-5,681474,-5727,-0.83,652841,721561,1400-9-28,2021-12-19
762,شمواد,توليد مواداوليه الياف مصنوعي,6,3363,142917411,44267,42497,42497,-1770,-4,44214,-53,-0.12,42497,42497,1400-9-28,2021-12-19
763,حرهشا,رهشاد سپاهان (سهامي عام,6,1519,148442756,102867,97724,97724,-5143,-5,102763,-104,-0.1,97724,97724,1400-9-28,2021-12-19
764,ولراز,ليزينگ رازي,6,1819,34277236,19426,18844,18844,-582,-3,19423,-3,-0.02,18844,18844,1400-9-28,2021-12-19
765,ضخود1054,اختيارخ خودرو-3000-1400/10/08,6,104,104000,1,1,1,0,0,1,0,0,1,1,1400-9-28,2021-12-19
766,كارا2,صندوق س. كارا -د,6,30300000,30300000,10390,1,1,-10389,-99.99,1,-10389,-99.99,1,1,1400-9-28,2021-12-19
767,ضملت1133,اختيارخ وبملت-3000-1400/11/13,6,32,5031000,249,220,200,-49,-19.68,157,-92,-36.95,112,249,1400-9-28,2021-12-19
768,ضفلا1164,اختيارخ فولاد-12000-1400/11/24,6,29,8576000,420,301,282,-138,-32.86,296,-124,-29.52,282,301,1400-9-28,2021-12-19
769,ضفلا1163,اختيارخ فولاد-10000-1400/11/24,5,35,36310000,1067,1040,950,-117,-10.97,1037,-30,-2.81,950,1040,1400-9-28,2021-12-19
770,شرق1400,مشاركت ليزينگ ايران وشرق140010,5,1520,1520300000,1002000,990000,1001000,-1000,-0.1,1000197,-1803,-0.18,990000,1001000,1400-9-28,2021-12-19
771,كابگن,توليدي و صنعتي آبگينه‌,5,74000,452880000,6000,6120,6120,120,2,6021,21,0.35,6120,6120,1400-9-28,2021-12-19
772,زعف0008پ12,زعفران0008پوشالمعمول سحرخيز(پ),5,678,160287535,234135,235001,236005,1870,0.8,236412,2277,0.97,235001,238000,1400-9-28,2021-12-19
773,ضشنا1048,اختيارخ شپنا-5450-1400/10/19,5,27,12588100,402,260,250,-152,-37.81,254,-148,-36.82,250,350,1400-9-28,2021-12-19
774,سفاسي,شركت فارسيت اهواز,5,11811,40901493,3570,3463,3463,-107,-3,3570,0,0,3463,3463,1400-9-28,2021-12-19
775,ضفلا1165,اختيارخ فولاد-14000-1400/11/24,5,97,9847000,196,106,101,-95,-48.47,102,-94,-47.96,101,106,1400-9-28,2021-12-19
776,اراد49,مرابحه عام دولت4-ش.خ 0206,5,7100,6772110500,960391,950000,950090,-10301,-1.07,953818,-6573,-0.68,950000,980000,1400-9-28,2021-12-19
777,واحصا,احياء صنايع خراسان,5,803,36481093,46836,45431,45431,-1405,-3,46831,-5,-0.01,45431,45431,1400-9-28,2021-12-19
778,اخزا009,اسناد خزانه-م9بودجه00-031101,5,109,54064000,493068,496000,496000,2932,0.59,496000,2932,0.59,496000,496000,1400-9-28,2021-12-19
779,پادا,صندوق س.پاداش سرمايه پارس-س,5,16950,1745300000,103093,104350,102800,-293,-0.28,102968,-125,-0.12,102800,104350,1400-9-28,2021-12-19
780,غبهار,كشت وصنعت بهاران گلبهار خراسان,4,1269,21579345,17900,17005,17005,-895,-5,17898,-2,-0.01,17005,17005,1400-9-28,2021-12-19
781,تملي805,تسهيلات مسكن ب. ملي-مرداد98,4,22,18874856,841882,841000,830000,-11882,-1.41,857948,16066,1.91,830000,883976,1400-9-28,2021-12-19
782,جهرم,پتروشيمي جهرم,4,25000,32775000,1351,1311,1311,-40,-2.96,1351,0,0,1311,1311,1400-9-28,2021-12-19
783,تشتاد,صنايع توليدي اشتاد ايران‌,4,61923,280077729,4662,4523,4523,-139,-2.98,4658,-4,-0.09,4523,4523,1400-9-28,2021-12-19
784,ضمخا1034,اختيارخ اخابر-6000-1400/10/26,4,240,50100000,1169,220,201,-968,-82.81,209,-960,-82.12,200,220,1400-9-28,2021-12-19
785,مبين015,اجاره اعتماد مبين تمدن011019,4,80000,80000000000,1000000,1000000,1000000,0,0,1000000,0,0,1000000,1000000,1400-9-28,2021-12-19
786,ضخود2015,اختيارخ خودرو-1400-1401/02/07,4,62,42180000,800,650,680,-120,-15,680,-120,-15,650,700,1400-9-28,2021-12-19
787,هفارس104,اختيارف ت فارس-11832-01/04/12,4,57490,43232480,809,752,752,-57,-7.05,752,-57,-7.05,752,752,1400-9-28,2021-12-19
788,شليا,شركت مواد ويژه ليا,4,2689,98420089,37732,36601,36601,-1131,-3,37720,-12,-0.03,36601,36601,1400-9-28,2021-12-19
789,سكارون,سيمان كارون,4,1474,61243226,42833,41549,41549,-1284,-3,42825,-8,-0.02,41549,41549,1400-9-28,2021-12-19
790,تپولا,مهندسي مرآت پولاد,4,5429,83753183,15904,15427,15427,-477,-3,15900,-4,-0.03,15427,15427,1400-9-28,2021-12-19
791,ضملت1131,اختيارخ وبملت-2000-1400/11/13,4,50,40000000,903,800,800,-103,-11.41,800,-103,-11.41,800,800,1400-9-28,2021-12-19
792,لپيام,گسترش صنايع پيام,4,11624,360274256,31952,30994,30994,-958,-3,31916,-36,-0.11,30994,30994,1400-9-28,2021-12-19
793,زعف0008پ15,زعفران0008پوشالمعمول طلاسرخ(پ),4,322,75941959,240748,235001,236011,-4737,-1.97,235845,-4903,-2.04,235001,247888,1400-9-28,2021-12-19
794,اخزا821,اسنادخزانه-م21بودجه98-020906,3,1542,993156932,647501,644001,654890,7389,1.14,644071,-3430,-0.53,644000,654890,1400-9-28,2021-12-19
795,ضسپا1110,اختيارخ خساپا-1200-1400/11/20,3,30,13400000,500,440,450,-50,-10,447,-53,-10.6,440,450,1400-9-28,2021-12-19
796,نگين,ص.س. زمين و ساختمان نگين شهرري,3,522,27055910,51850,51840,51830,-20,-0.04,51830,-20,-0.04,51830,51840,1400-9-28,2021-12-19
797,زعف0110پ21,زعفران0110نگين ملل(پ),3,80,29003846,357801,363515,362008,4207,1.18,362548,4747,1.33,361506,363515,1400-9-28,2021-12-19
798,اخزا904,اسنادخزانه-م4بودجه99-011215,3,605,463452755,773000,766031,766051,-6949,-0.9,766038,-6962,-0.9,766031,766051,1400-9-28,2021-12-19
799,تملي711,تسهيلات مسكن ب. ملي-بهمن97,3,34,26591536,744861,782104,782104,37243,5,782104,37243,5,782104,782104,1400-9-28,2021-12-19
800,اخزا906,اسنادخزانه-م6بودجه99-020321,3,22884,16379030858,713974,724200,713950,-24,0,715742,1768,0.25,713944,724200,1400-9-28,2021-12-19
801,ضپاس1013,اختيارخ وپارس-3000-1400/10/22,3,3,54000,58,1,38,-20,-34.48,18,-40,-68.97,1,38,1400-9-28,2021-12-19
802,هنوري102,اختيارف ت نوري59561-01/02/15,3,1341,1341,1,1,1,0,0,1,0,0,1,1,1400-9-28,2021-12-19
803,داراب,پتروشيمي داراب,3,13995,30327165,2233,2167,2167,-66,-2.96,2233,0,0,2167,2167,1400-9-28,2021-12-19
804,تمحركه,ماشين سازي نيرو محركه,3,20366,387483516,19614,19026,19026,-588,-3,19591,-23,-0.12,19026,19026,1400-9-28,2021-12-19
805,اراد61,مرابحه عام دولت61-ش.خ0309,3,30000,30000030000,1000001,1000001,1000001,0,0,1000001,0,0,1000001,1000001,1400-9-28,2021-12-19
806,ضملي1162,اختيارخ فملي-8000-1400/11/03,3,57,7180000,100,110,60,-40,-40,63,-37,-37,60,110,1400-9-28,2021-12-19
807,آسام,صندوق س.آرمان سپهر آشنا-م,3,5170,604890000,117000,117000,117000,0,0,117000,0,0,117000,117000,1400-9-28,2021-12-19
808,غپونه,نوش پونه مشهد,3,1650,18965100,11849,11494,11494,-355,-3,11848,-1,-0.01,11494,11494,1400-9-28,2021-12-19
809,ضملت1134,اختيارخ وبملت-3500-1400/11/13,3,7,334000,74,40,50,-24,-32.43,48,-26,-35.14,40,50,1400-9-28,2021-12-19
810,ضخود2016,اختيارخ خودرو-1600-1401/02/07,3,12,6190000,655,590,520,-135,-20.61,516,-139,-21.22,400,590,1400-9-28,2021-12-19
811,فافزا,فولاد افزا سپاهان,3,1360,44567200,33783,32770,32770,-1013,-3,33778,-5,-0.01,32770,32770,1400-9-28,2021-12-19
812,ضشگويا1202,اختيارخ شگويا-10000-14001222,3,24,59700000,2400,2450,2700,300,12.5,2487,87,3.63,2440,2700,1400-9-28,2021-12-19
813,ضجار1019,اختيارخ وتجارت-1400-1400/10/15,3,23,5816000,392,253,250,-142,-36.22,253,-139,-35.46,250,253,1400-9-28,2021-12-19
814,زرين2,صندوق س. سهام زرين كوروش-س,3,300000,300000,12389,1,1,-12388,-99.99,1,-12388,-99.99,1,1,1400-9-28,2021-12-19
815,وسرضوي,س.سهام عدالت استان خراسان رضوي,3,30127,20787630,726,690,690,-36,-4.96,726,0,0,690,690,1400-9-28,2021-12-19
816,طخود1052,اختيارف خودرو-2000-1400/10/08,3,43,7772000,115,182,154,39,33.91,181,66,57.39,154,183,1400-9-28,2021-12-19
817,وسين,بيمه سينا,3,4408,15930512,3725,3614,3614,-111,-2.98,3725,0,0,3614,3614,1400-9-28,2021-12-19
818,سپيدما2,صندوق س. سپيد دماوند-د,3,24000000,24000000,11542,1,1,-11541,-99.99,1,-11541,-99.99,1,1,1400-9-28,2021-12-19
819,وپخشح,ح . داروپخش‌ (هلدينگ‌,2,200000,6220000000,32500,31100,31100,-1400,-4.31,31100,-1400,-4.31,31100,31100,1400-9-28,2021-12-19
820,وگردش2,بانك گردشگري,2,99045045,1099399999500,11357,11100,11100,-257,-2.26,11100,-257,-2.26,11100,11100,1400-9-28,2021-12-19
821,كگل2,معدني و صنعتي گل گهر,2,32760000,683553600000,20870,20860,20870,0,0,20865,-5,-0.02,20860,20870,1400-9-28,2021-12-19
822,غگز,گز سكه,2,100000,900000000,10001,9000,9000,-1001,-10.01,9000,-1001,-10.01,9000,9000,1400-9-28,2021-12-19
823,افران4,صندوق س افرا نماد پايدار-ثابت,2,42860000,643928640000,15016,15024,15024,8,0.05,15024,8,0.05,15024,15024,1400-9-28,2021-12-19
824,فن آوا,گروه فن آوا,2,4799,49818419,10702,10381,10381,-321,-3,10700,-2,-0.02,10381,10381,1400-9-28,2021-12-19
825,اخزا816,اسنادخزانه-م16بودجه98-010503,2,580,509196000,874352,878000,873600,-752,-0.09,877924,3572,0.41,873600,878000,1400-9-28,2021-12-19
826,دماوند2,توليد نيروي برق دماوند,2,55000000,1100000000000,20978,20000,20000,-978,-4.66,20000,-978,-4.66,20000,20000,1400-9-28,2021-12-19
827,افاد734,منفعت دولت7-ش.خاص نوين0204,2,3350000,3350000000000,1000000,1000000,1000000,0,0,1000000,0,0,1000000,1000000,1400-9-28,2021-12-19
828,ساذري,آذريت‌,2,1553,14607518,9696,9406,9406,-290,-2.99,9696,0,0,9406,9406,1400-9-28,2021-12-19
829,خفناور,مهندسي صنعتي روان فن آور,2,678,25851462,39308,38129,38129,-1179,-3,39305,-3,-0.01,38129,38129,1400-9-28,2021-12-19
830,كمان,س.خ.كمان كاريزما 35% تاديه,2,90000,34210800000,379912,380120,380120,208,0.05,380120,208,0.05,380120,380120,1400-9-28,2021-12-19
831,ضفار1131,اختيارخ فارس-8400-1400/11/06,2,3,6150000,2740,2050,2050,-690,-25.18,2050,-690,-25.18,2050,2050,1400-9-28,2021-12-19
832,سلار,شركت سيمان لارستان,2,3935,104966125,27500,26675,26675,-825,-3,27491,-9,-0.03,26675,26675,1400-9-28,2021-12-19
833,ضستا1001,اختيارخ شستا-8000-1400/10/29,2,14,29400000,2000,2100,2100,100,5,2100,100,5,2100,2100,1400-9-28,2021-12-19
834,ومشان,س. فني و مهندسي مشانير,2,300,12776700,43906,42589,42589,-1317,-3,43902,-4,-0.01,42589,42589,1400-9-28,2021-12-19
835,سرو2,صندوق س سروسودمند مدبران-سهام,2,400000,400000,66170,1,1,-66169,-100,1,-66169,-100,1,1,1400-9-28,2021-12-19
836,سپيدما4,صندوق س. سپيد دماوند-د,2,135700000,1569349300000,11542,11592,11549,7,0.06,11565,23,0.2,11549,11592,1400-9-28,2021-12-19
837,خفولا,خدمات فني فولاد يزد,2,1059,24880146,24220,23494,23494,-726,-3,24218,-2,-0.01,23494,23494,1400-9-28,2021-12-19
838,وتعاون,بيمه  تعاون,2,21451,34836424,1674,1624,1624,-50,-2.99,1674,0,0,1624,1624,1400-9-28,2021-12-19
839,سپرمي,پرميت‌,2,16700,202621100,12013,12133,12133,120,1,12024,11,0.09,12133,12133,1400-9-28,2021-12-19
840,ثروت,ص.خ.ثروت آفرين فيروزه 35%تاديه,2,2000,416503000,219447,219000,197503,-21944,-10,208251,-11196,-5.1,197503,219000,1400-9-28,2021-12-19
841,ضبدر1161,اختيارخ شبندر-4500-1400/11/13,2,2,3200000,1500,1500,1700,200,13.33,1600,100,6.67,1500,1700,1400-9-28,2021-12-19
842,دپارسح,ح . پارس‌ دارو,2,339,15255000,45000,45000,45000,0,0,45000,0,0,45000,45000,1400-9-28,2021-12-19
843,جم2,پتروشيمي جم,2,28670000,1393075300000,48590,48590,48590,0,0,48590,0,0,48590,48590,1400-9-28,2021-12-19
844,ضستا1006,اختيارخ شستا-16000-1400/10/29,2,2,20000,95,10,10,-85,-89.47,10,-85,-89.47,10,10,1400-9-28,2021-12-19
845,ضشنا1046,اختيارخ شپنا-4360-1400/10/19,1,2,4029660,1253,1098,1098,-155,-12.37,1098,-155,-12.37,1098,1098,1400-9-28,2021-12-19
846,سپهر,ص.ج. سپهريكم 20% تاديه,1,1000,200000000,200000,200000,200000,0,0,200000,0,0,200000,200000,1400-9-28,2021-12-19
847,فملي2,ملي‌ صنايع‌ مس‌ ايران‌,1,49100000,307857000000,6310,6270,6270,-40,-0.63,6270,-40,-0.63,6270,6270,1400-9-28,2021-12-19
848,ثنام,س ساختماني ب نام آوران مهندسي,1,550,5967500,11185,10850,10850,-335,-3,11185,0,0,10850,10850,1400-9-28,2021-12-19
849,ثبات2,صندوق س. ثبات ويستا -د,1,5000000,5000000,10589,1,1,-10588,-99.99,1,-10588,-99.99,1,1,1400-9-28,2021-12-19
850,مي ر 41,ميان باري روز 41,1,3000,1800000,300,600,600,300,100,600,300,100,600,600,1400-9-28,2021-12-19
851,فبستم,صنايع ‌بسته‌بندي‌ مشهد,1,474,387732,795,818,818,23,2.89,795,0,0,818,818,1400-9-28,2021-12-19
852,دمعيار2,صندوق س. توازن معيار-د,1,900000,900000,10003,1,1,-10002,-99.99,1,-10002,-99.99,1,1,1400-9-28,2021-12-19
853,افاد72,منفعت دولت7-ش.خاص سپهر0204,1,2000,1991896000,948522,995948,995948,47426,5,995948,47426,5,995948,995948,1400-9-28,2021-12-19
854,پست0108پ04,پسته فندقي32-30سبزدانه0108(پ),1,30,70500000,2350000,2350000,2350000,0,0,2350000,0,0,2350000,2350000,1400-9-28,2021-12-19
855,مشهد0012,مشاركت شهرداري مشهد-3ماهه20%,1,7,6930000,990000,990000,990000,0,0,990000,0,0,990000,990000,1400-9-28,2021-12-19
856,صنفت312,صكوك منفعت نفت312-6ماهه 18/5%,1,6,5940000,999900,990000,990000,-9900,-0.99,990000,-9900,-0.99,990000,990000,1400-9-28,2021-12-19
857,ضپال2001,اختيارخ اپال-14000-1401/02/12,1,3,36000000,12550,12000,12000,-550,-4.38,12000,-550,-4.38,12000,12000,1400-9-28,2021-12-19
858,شفن2,پتروشيمي فناوران,1,48500000,671725000000,13850,13850,13850,0,0,13850,0,0,13850,13850,1400-9-28,2021-12-19
859,طملت1133,اختيارف وبملت-3000-1400/11/13,1,10,3000000,250,300,300,50,20,300,50,20,300,300,1400-9-28,2021-12-19
860,وسخوز,شركت س استان خوزستان,1,9072,5479488,635,604,604,-31,-4.88,635,0,0,604,604,1400-9-28,2021-12-19
861,كاوه2,فولاد كاوه جنوب كيش,1,12641127,176343721650,13950,13950,13950,0,0,13950,0,0,13950,13950,1400-9-28,2021-12-19
862,صشستا3112,صكوك اجاره شستا311-بدون ضامن,1,341800,341800000000,1005907,1000000,1000000,-5907,-0.59,1000000,-5907,-0.59,1000000,1000000,1400-9-28,2021-12-19
863,فالوم,آلومتك‌,1,360,8832600,25293,24535,24535,-758,-3,25292,-1,0,24535,24535,1400-9-28,2021-12-19
864,صغدير4082,صكوك اجاره غدير408-بدون ضامن,1,500000,500000000000,1005000,1000000,1000000,-5000,-0.5,1000000,-5000,-0.5,1000000,1000000,1400-9-28,2021-12-19
865,اخزا9032,اسنادخزانه-م3بودجه99-011110,1,450000,352327500000,782620,782950,782950,330,0.04,782950,330,0.04,782950,782950,1400-9-28,2021-12-19
866,وسصفا,شركت س استان اصفهان,1,7907,5479551,729,693,693,-36,-4.94,729,0,0,693,693,1400-9-28,2021-12-19
867,اخزا820,اسنادخزانه-م20بودجه98-020806,1,10,6744970,668100,674497,674497,6397,0.96,674497,6397,0.96,674497,674497,1400-9-28,2021-12-19
868,شپديس2,پتروشيمي پرديس,1,1000000,181820000000,183650,181820,181820,-1830,-1,181820,-1830,-1,181820,181820,1400-9-28,2021-12-19
869,گواهي ظرفيت,گواهي ظرفيت نقدي,1,2150000,65959850000,29219,30679,30679,1460,5,29344,125,0.43,30679,30679,1400-9-28,2021-12-19
870,افاد61,منفعت دولت6-ش.خاص140109,1,2000,1920600000,997000,960300,960300,-36700,-3.68,960300,-36700,-3.68,960300,960300,1400-9-28,2021-12-19
871,صپا ه 15,بار پايه هفته 15صنعتي,1,25000,13250000,570,530,530,-40,-7.02,530,-40,-7.02,530,530,1400-9-28,2021-12-19
872,خبهمن2,گروه‌بهمن‌,1,85250000,154984500000,1871,1818,1818,-53,-2.83,1818,-53,-2.83,1818,1818,1400-9-28,2021-12-19
873,وسالت,بانك قرض الحسنه رسالت,1,5046,5459772,1051,1082,1082,31,2.95,1051,0,0,1082,1082,1400-9-28,2021-12-19
874,ضترا1130,اختيارخ شتران-3089-1400/11/10,1,10,22556650,1003,995,995,-8,-0.8,995,-8,-0.8,995,995,1400-9-28,2021-12-19
875,تدبير04,اجاره اقتصادي تدبير14040606,1,1000,970000000,960000,970000,970000,10000,1.04,970000,10000,1.04,970000,970000,1400-9-28,2021-12-19
876,غكورش2,صنعت غذايي كورش,1,10000000,476000000000,48930,47600,47600,-1330,-2.72,47600,-1330,-2.72,47600,47600,1400-9-28,2021-12-19
877,ياقوت2,صندوق س ياقوت آگاه-ثابت,1,13198000,13198000,13800,1,1,-13799,-99.99,1,-13799,-99.99,1,1,1400-9-28,2021-12-19
878,ضصاد1113,اختيارخ وبصادر-2000-1400/11/06,1,43,1333000,56,31,31,-25,-44.64,31,-25,-44.64,31,31,1400-9-28,2021-12-19
879,پا ر 41,بار پايه روز 41,1,1250,650000,350,520,520,170,48.57,520,170,48.57,520,520,1400-9-28,2021-12-19
880,ثجوان,تامين مسكن جوانان,1,75000,352500000,4845,4700,4700,-145,-2.99,4840,-5,-0.1,4700,4700,1400-9-28,2021-12-19
881,كگهر2,سنگ آهن گهرزمين,1,3918000,176310000000,45699,45000,45000,-699,-1.53,45000,-699,-1.53,45000,45000,1400-9-28,2021-12-19
882,فباهنر2,مس‌ شهيدباهنر,1,12110000,310621500000,25780,25650,25650,-130,-0.5,25650,-130,-0.5,25650,25650,1400-9-28,2021-12-19
883,اخزا9022,اسنادخزانه-م2بودجه99-011019,1,450000,356355000000,791434,791900,791900,466,0.06,791900,466,0.06,791900,791900,1400-9-28,2021-12-19
884,حكمت01,مشاركت حكمت ايرانيان 140107,1,6,6060000,987500,1010000,1010000,22500,2.28,1010000,22500,2.28,1010000,1010000,1400-9-28,2021-12-19
885,ضملي1158,اختيارخ فملي-4500-1400/11/03,1,1,2200000,2000,1100,1100,-900,-45,1100,-900,-45,1100,1100,1400-9-28,2021-12-19
886,پا ر 42,بار پايه روز 42,1,1250,650000,520,520,520,0,0,520,0,0,520,520,1400-9-28,2021-12-19
887,ونوين2,بانك‌اقتصادنوين‌,1,46952554,138463081746,2949,2949,2949,0,0,2949,0,0,2949,2949,1400-9-28,2021-12-19
888,هپارس102,اختيارف ت پارس-157010-01/02/05,1,15000,15000,1,1,1,0,0,1,0,0,1,1,1400-9-28,2021-12-19
889,صپا ه 16,بار پايه هفته 16صنعتي,1,25000,13250000,570,530,530,-40,-7.02,530,-40,-7.02,530,530,1400-9-28,2021-12-19
890,پارسا306,صكوك اجاره پارسيان-6ماهه16%,1,500,494000000,968000,988000,988000,20000,2.07,988000,20000,2.07,988000,988000,1400-9-28,2021-12-19
891,زعف0110پ09,زعفران0110نگين نوين(پ),1,55,20734615,362906,376993,376993,14087,3.88,376993,14087,3.88,376993,376993,1400-9-28,2021-12-19
892,درهآورح,ح . دارويي ره آورد تامين,1,139,5351500,38500,38500,38500,0,0,38500,0,0,38500,38500,1400-9-28,2021-12-19
893,كارين4,صندوق س نگين سامان-ثابت,1,265744000,2699959040000,10153,10160,10160,7,0.07,10160,7,0.07,10160,10160,1400-9-28,2021-12-19
894,تملي801,تسهيلات مسكن ب. ملي-فروردين98,1,8,4407240,579900,550905,550905,-28995,-5,550905,-28995,-5,550905,550905,1400-9-28,2021-12-19
895,وپارس2,بانك‌پارسيان‌,1,108000000,200124000000,1853,1853,1853,0,0,1853,0,0,1853,1853,1400-9-28,2021-12-19
896,گپارس,امور رفاهي كارگزاران پارس,1,44,5449444,130369,123851,123851,-6518,-5,130365,-4,0,123851,123851,1400-9-28,2021-12-19
897,شسم,توليد سموم‌ علف‌ كش,1,10,1059540,100909,105954,105954,5045,5,100910,1,0,105954,105954,1400-9-28,2021-12-19
898,سخند,صندوق س.سپهرخبرگان نفت-د,1,520,5205200,10048,10010,10010,-38,-0.38,10010,-38,-0.38,10010,10010,1400-9-28,2021-12-19
899,داريوش2,صندوق س. ثروت داريوش -س,1,100000,100000,9390,1,1,-9389,-99.99,1,-9389,-99.99,1,1,1400-9-28,2021-12-19
900,وخاور2,بانك خاورميانه,1,11127417,52298859900,4865,4700,4700,-165,-3.39,4700,-165,-3.39,4700,4700,1400-9-28,2021-12-19
901,ضملي1161,اختيارخ فملي-7000-1400/11/03,1,1,700000,152,350,350,198,130.26,350,198,130.26,350,350,1400-9-28,2021-12-19
902,ضستا1007,اختيارخ شستا-18000-1400/10/29,1,1,20000,102,20,20,-82,-80.39,20,-82,-80.39,20,20,1400-9-28,2021-12-19
903,اراد874,مرابحه عام دولت87-ش.خ030304,1,220000,204600000000,933513,930000,930000,-3513,-0.38,930000,-3513,-0.38,930000,930000,1400-9-28,2021-12-19
904,آگاس2,صندوق س.هستي بخش آگاه-س,1,100000,100000,74621,1,1,-74620,-100,1,-74620,-100,1,1,1400-9-28,2021-12-19
905,اراد46,مرابحه عام دولت4-ش.خ 0302,1,14000,14000000000,1000000,1000000,1000000,0,0,1000000,0,0,1000000,1000000,1400-9-28,2021-12-19
906,اخزا9172,اسنادخزانه-م17بودجه99-010226,1,550000,501600000000,911362,912000,912000,638,0.07,912000,638,0.07,912000,912000,1400-9-28,2021-12-19
907,تابا,تابان نيرو سپاهان,1,1000,22044000,22725,22044,22044,-681,-3,22723,-2,-0.01,22044,22044,1400-9-28,2021-12-19
908,حشكوه,دليجان طلايي شكوه پارس,1,2000,6892000,3552,3446,3446,-106,-2.98,3552,0,0,3446,3446,1400-9-28,2021-12-19
909,پويا,ص.ج.پويا الگوريتم20%تاديه,1,2000,367904000,191616,183952,183952,-7664,-4,183952,-7664,-4,183952,183952,1400-9-28,2021-12-19
910,كمند4,صندوق س. با درآمد ثابت كمند,1,17969000,180983768000,10067,10072,10072,5,0.05,10072,5,0.05,10072,10072,1400-9-28,2021-12-19
911,مشهد0212,مشاركت ش مشهد0212-3ماهه18%,1,129,126381300,971000,979700,979700,8700,0.9,979700,8700,0.9,979700,979700,1400-9-28,2021-12-19
912,تملي703,تسهيلات مسكن ب. ملي-خرداد97,1,4,2084004,523888,521001,521001,-2887,-0.55,521001,-2887,-0.55,521001,521001,1400-9-28,2021-12-19
913,اراد884,مرابحه عام دولت88-ش.خ041120,1,2650000,2676500000000,1000000,1010000,1010000,10000,1,1010000,10000,1,1010000,1010000,1400-9-28,2021-12-19
914,ضپاس1009,اختيارخ وپارس-1600-1400/10/22,1,5,1500000,430,300,300,-130,-30.23,300,-130,-30.23,300,300,1400-9-28,2021-12-19
915,ضبدر1164,اختيارخ شبندر-7000-1400/11/13,1,5,1200000,349,240,240,-109,-31.23,240,-109,-31.23,240,240,1400-9-28,2021-12-19
916,اخزا9182,اسنادخزانه-م18بودجه99-010323,1,251776,227101952000,895567,902000,902000,6433,0.72,902000,6433,0.72,902000,902000,1400-9-28,2021-12-19
917,كرماشا2,صنايع پتروشيمي كرمانشاه,1,3587000,179529350000,50560,50050,50050,-510,-1.01,50050,-510,-1.01,50050,50050,1400-9-28,2021-12-19
918,ضپال2006,اختيارخ اپال-28000-1401/02/12,1,8,6000000,859,750,750,-109,-12.69,750,-109,-12.69,750,750,1400-9-28,2021-12-19
919,اعتماد4,صندوق س.اعتماد آفرين پارسيان-د,1,66200000,2696921800000,40716,40739,40739,23,0.06,40739,23,0.06,40739,40739,1400-9-28,2021-12-19
920,شگويات.ف0104,اختيارف.تبعي شگويا010408,1,10000,10000,1,1,1,0,0,1,0,0,1,1,1400-9-28,2021-12-19
921,صپا ه 14,بار پايه هفته 14صنعتي,1,25000,13250000,570,530,530,-40,-7.02,530,-40,-7.02,530,530,1400-9-28,2021-12-19
