,نماد,نام,تعداد,حجم,ارزش,دیروز,اولین,آخرین معامله - مقدار,آخرین معامله - تغییر,آخرین معامله - درصد,قیمت پایانی - مقدار,قیمت پایانی - تغییر,قیمت پایانی - درصد,کمترین,بیشترین,تاریخ,gregorian_date
0,ولكار,ليزينگ كارآفرين,2910378,149999516,329998935200,1000,2200,2200,1200,120,2200,1200,120,2200,2200,1400-3-19,2021-06-09
1,غكورش,صنعت غذايي كورش,109602,17352274,648764487990,38260,37300,37450,-810,-2.12,37390,-870,-2.27,36660,38200,1400-3-19,2021-06-09
2,بركت,گروه دارويي بركت,41650,88688971,2804976682390,31670,31600,31060,-610,-1.93,31630,-40,-0.13,30220,32980,1400-3-19,2021-06-09
3,پالايش,صندوق پالايشي يكم-سهام,22453,25187224,1813269898850,73910,72200,72030,-1880,-2.54,71990,-1920,-2.6,71270,72800,1400-3-19,2021-06-09
4,خودرو,ايران‌ خودرو,22264,897470170,1747286439421,1894,1900,1950,56,2.96,1947,53,2.8,1850,1988,1400-3-19,2021-06-09
5,دارا يكم,صندوق واسطه گري مالي يكم-سهام,21124,22378759,2852148991610,130250,127300,126500,-3750,-2.88,127450,-2800,-2.15,125700,129300,1400-3-19,2021-06-09
6,سپيدار,سپيدار سيستم آسيا,20611,1348170,66451543748,51577,49890,49340,-2237,-4.34,49290,-2287,-4.43,48999,50516,1400-3-19,2021-06-09
7,چخزر,صنايع چوب خزر كاسپين,19509,2509009,89388258866,36540,36752,34713,-1827,-5,35627,-913,-2.5,34713,37800,1400-3-19,2021-06-09
8,خساپا,سايپا,17359,704002021,1207564830879,1701,1670,1712,11,0.65,1715,14,0.82,1656,1779,1400-3-19,2021-06-09
9,شاروم,پتروشيمي اروميه,15671,6402039,118457847361,18007,18100,18250,243,1.35,18503,496,2.75,18100,18880,1400-3-19,2021-06-09
10,خگستر,گسترش‌سرمايه‌گذاري‌ايران‌خودرو,14542,707829594,1530861942213,2075,2080,2178,103,4.96,2163,88,4.24,2035,2178,1400-3-19,2021-06-09
11,كزغال,زغال سنگ پروده طبس,10761,8966529,298386229933,32221,33300,33210,989,3.07,33278,1057,3.28,32504,33830,1400-3-19,2021-06-09
12,اپال,فرآوري معدني اپال كاني پارس,8899,5140009,98735577130,19200,19200,19250,50,0.26,19210,10,0.05,19060,19400,1400-3-19,2021-06-09
13,كرمان,س. توسعه و عمران استان كرمان,8292,288670106,313724667704,1105,1080,1086,-19,-1.72,1087,-18,-1.63,1060,1130,1400-3-19,2021-06-09
14,غزر,صنعتي زر ماكارون,7839,3854383,85169886580,23020,22310,23300,280,1.22,22100,-920,-4,21870,23300,1400-3-19,2021-06-09
15,شستا,سرمايه گذاري تامين اجتماعي,7558,24227401,244353718230,10380,10110,10080,-300,-2.89,10090,-290,-2.79,10000,10250,1400-3-19,2021-06-09
16,فملي,ملي‌ صنايع‌ مس‌ ايران‌,7477,38876539,470155110360,12380,12100,12110,-270,-2.18,12090,-290,-2.34,11960,12250,1400-3-19,2021-06-09
17,وبملت,بانك ملت,7200,195635103,756118157904,3904,3890,3930,26,0.67,3865,-39,-1,3790,3930,1400-3-19,2021-06-09
18,ثبهساز,بهساز كاشانه تهران,7150,69903623,125152103955,1871,1820,1816,-55,-2.94,1790,-81,-4.33,1778,1832,1400-3-19,2021-06-09
19,وپويا,سرمايه گذاري پويا,6995,19336412,84171788201,4503,4480,4459,-44,-0.98,4353,-150,-3.33,4278,4500,1400-3-19,2021-06-09
20,فولاد,فولاد مباركه اصفهان,6554,47787996,466893651610,9930,9700,9840,-90,-0.91,9770,-160,-1.61,9630,9890,1400-3-19,2021-06-09
21,وتجارت,بانك تجارت,6285,211225485,463841935138,2186,2190,2199,13,0.59,2196,10,0.46,2175,2249,1400-3-19,2021-06-09
22,ولپارس,ليزينگ پارسيان,5371,6987968,27151890222,4026,3950,3896,-130,-3.23,3886,-140,-3.48,3825,4020,1400-3-19,2021-06-09
23,كاما,باما,5277,41659685,353622291680,8900,8620,8500,-400,-4.49,8490,-410,-4.61,8460,8680,1400-3-19,2021-06-09
24,شتران,پالايش نفت تهران,5258,40758385,328278346660,8180,7950,8150,-30,-0.37,8050,-130,-1.59,7900,8200,1400-3-19,2021-06-09
25,غگيلا,شيرپاستوريزه پگاه گيلان,5098,2598573,44357298399,17843,17500,16951,-892,-5,17070,-773,-4.33,16951,17500,1400-3-19,2021-06-09
26,خبهمن,گروه‌بهمن‌,4885,186603855,225344567009,1193,1175,1210,17,1.42,1208,15,1.26,1164,1249,1400-3-19,2021-06-09
27,وپارس,بانك‌پارسيان‌,4714,149515174,438568751646,2978,2990,2846,-132,-4.43,2933,-45,-1.51,2830,3018,1400-3-19,2021-06-09
28,زبينا,كشاورزي و دامپروري بينالود,4705,69287874,244277223460,3870,3483,3610,-260,-6.72,3526,-344,-8.89,3483,3670,1400-3-19,2021-06-09
29,غشهداب,كشت و صنعت شهداب ناب خراسان,4640,111081356,414084734976,3554,3598,3731,177,4.98,3728,174,4.9,3598,3731,1400-3-19,2021-06-09
30,وبصادر,بانك صادرات ايران,4424,136541837,276036906028,2019,2020,2022,3,0.15,2022,3,0.15,1964,2078,1400-3-19,2021-06-09
31,حكشتي,كشتيراني جمهوري اسلامي ايران,4321,24329961,337898672560,13810,13770,13900,90,0.65,13890,80,0.58,13500,14390,1400-3-19,2021-06-09
32,غصينو,صنعتي مينو,4268,11998161,597403906678,52000,49400,50080,-1920,-3.69,49791,-2209,-4.25,49400,53103,1400-3-19,2021-06-09
33,فاراك,ماشين‌ سازي‌ اراك‌,4158,108904773,234765985590,2133,2076,2173,40,1.88,2156,23,1.08,2066,2227,1400-3-19,2021-06-09
34,كيميا,معدني كيمياي زنجان گستران,4134,21055943,317973025628,16072,15100,15360,-712,-4.43,15101,-971,-6.04,14511,15980,1400-3-19,2021-06-09
35,غگل,گلوكوزان‌,4026,69496694,212834814119,3116,3000,3082,-34,-1.09,3063,-53,-1.7,2961,3187,1400-3-19,2021-06-09
36,امين يكم,صندوق درآمد ثابت امين يكم فردا,3848,137884098,1391696481894,10087,10094,10100,13,0.13,10093,6,0.06,10089,10100,1400-3-19,2021-06-09
37,خزاميا,زامياد,3763,47333573,276312242740,5950,5750,5750,-200,-3.36,5840,-110,-1.85,5660,6150,1400-3-19,2021-06-09
38,ذوب,سهامي ذوب آهن  اصفهان,3684,62207908,211394006042,3480,3370,3401,-79,-2.27,3398,-82,-2.36,3351,3474,1400-3-19,2021-06-09
39,چكاپا,گروه صنايع كاغذ پارس,3672,50327378,199297678892,4152,4020,3945,-207,-4.99,3960,-192,-4.62,3945,4080,1400-3-19,2021-06-09
40,تليسه,دامداري تليسه نمونه,3566,46917614,198889125621,4062,4170,4265,203,5,4239,177,4.36,4070,4265,1400-3-19,2021-06-09
41,پتاير,ايران‌ تاير,3536,73773434,214503190539,2854,2750,2993,139,4.87,2908,54,1.89,2723,2993,1400-3-19,2021-06-09
42,وسپهر,سرمايه گذاري مالي سپهرصادرات,3465,10257551,93282776521,9122,9094,9094,-28,-0.31,9098,-24,-0.26,9094,9096,1400-3-19,2021-06-09
43,بوعلي,پتروشيمي بوعلي سينا,3401,573836,24897813260,44240,43860,43150,-1090,-2.46,43890,-350,-0.79,43000,44000,1400-3-19,2021-06-09
44,ثاميد,توسعه و عمران اميد,3344,61179925,92954724326,1594,1525,1515,-79,-4.96,1519,-75,-4.71,1515,1587,1400-3-19,2021-06-09
45,آبادا,توليد نيروي برق آبادان,3300,2614016,27120239260,10870,10630,10350,-520,-4.78,10370,-500,-4.6,10330,10630,1400-3-19,2021-06-09
46,تسه0002,امتيازتسهيلاتمسكن ارديبهشت1400,3256,76146,45838335519,579073,608026,587000,7927,1.37,601980,22907,3.96,570000,608026,1400-3-19,2021-06-09
47,كمند,صندوق س. با درآمد ثابت كمند,3201,113818465,1140801875979,10016,10024,10023,7,0.07,10023,7,0.07,10022,10024,1400-3-19,2021-06-09
48,بگيلان,توسعه مسير برق گيلان,3195,829867,16044712249,19047,19400,19500,453,2.38,19186,139,0.73,18702,19850,1400-3-19,2021-06-09
49,حريل,ريل پردازسير,3049,25056167,120141621428,4669,4731,4860,191,4.09,4795,126,2.7,4669,4890,1400-3-19,2021-06-09
50,وخارزم,سرمايه گذاري خوارزمي,3018,32974510,141406893183,4300,4280,4300,0,0,4288,-12,-0.28,4150,4380,1400-3-19,2021-06-09
51,آريا,پليمر آريا ساسول,2945,1375803,116221369565,83623,83060,84900,1277,1.53,84475,852,1.02,83060,85290,1400-3-19,2021-06-09
52,رنيك,جنرال مكانيك,2909,10470921,210107777407,21841,19657,20205,-1636,-7.49,20066,-1775,-8.13,19657,20657,1400-3-19,2021-06-09
53,سيتا,سرمايه گذاري سيمان تامين,2898,4640856,69614905300,15010,15000,15000,-10,-0.07,15000,-10,-0.07,15000,15010,1400-3-19,2021-06-09
54,كسعدي,كاشي‌ سعدي‌,2805,10449024,142510631470,13930,13240,13910,-20,-0.14,13640,-290,-2.08,13240,14400,1400-3-19,2021-06-09
55,كوير,توليدي فولاد سپيد فراب كوير,2764,12722908,173197472300,13530,13530,13660,130,0.96,13610,80,0.59,13200,13980,1400-3-19,2021-06-09
56,بپيوند,برق و انرژي پيوندگستر پارس,2755,2788533,30221884126,11174,10660,10930,-244,-2.18,10838,-336,-3.01,10660,11054,1400-3-19,2021-06-09
57,پترول,گ.س.وت.ص.پتروشيمي خليج فارس,2655,14940318,126563027160,8710,8570,8440,-270,-3.1,8470,-240,-2.76,8360,8650,1400-3-19,2021-06-09
58,تاپكيش,تجارت الكترونيك پارسيان كيش,2650,8497572,112503639554,12886,13290,13135,249,1.93,13240,354,2.75,12600,13510,1400-3-19,2021-06-09
59,دماوند,توليد نيروي برق دماوند,2642,6590016,173665470885,27675,26292,26292,-1383,-5,26353,-1322,-4.78,26292,26880,1400-3-19,2021-06-09
60,كگهرت.ف0203,اختيارف.تبعي كگهر020317,2632,500914168,500914168,1000,1,1,-999,-99.9,1,-999,-99.9,1,1,1400-3-19,2021-06-09
61,ثشاهد,سرمايه‌ گذاري‌ شاهد,2615,10561714,151316732890,15040,14510,14290,-750,-4.99,14330,-710,-4.72,14290,14650,1400-3-19,2021-06-09
62,شگويا,پتروشيمي تندگويان,2570,17319779,153202640227,8794,8779,8911,117,1.33,8846,52,0.59,8360,9010,1400-3-19,2021-06-09
63,ثرود,سرمايه‌گذاري مسكن زاينده رود,2403,14650489,287595142989,19726,20712,18740,-986,-5,19630,-96,-0.49,18740,20712,1400-3-19,2021-06-09
64,فوكا,فولاد كاويان,2403,15901570,214708629417,13366,14034,13600,234,1.75,13502,136,1.02,12754,14034,1400-3-19,2021-06-09
65,امين,تامين سرمايه امين,2398,1039978,7405372720,7120,7120,7120,0,0,7120,0,0,7120,7130,1400-3-19,2021-06-09
66,زدشت,كشت و صنعت دشت خرم دره,2361,6108594,150024027458,27211,24490,24490,-2721,-10,24560,-2651,-9.74,24490,24997,1400-3-19,2021-06-09
67,بترانس,ايران‌ ترانسفو,2217,55048045,118448452715,2247,2249,2148,-99,-4.41,2152,-95,-4.23,2135,2249,1400-3-19,2021-06-09
68,قرنح,ح . پديده شيمي قرن,2203,2435717,65347285078,1000,27000,26020,25020,2502,26829,25829,2582.9,25600,27981,1400-3-19,2021-06-09
69,هجرت,پخش هجرت,2181,6616084,130334011069,19780,18791,20300,520,2.63,19700,-80,-0.4,18791,20480,1400-3-19,2021-06-09
70,فارس,صنايع پتروشيمي خليج فارس,2134,24084003,234764303630,9750,9900,9720,-30,-0.31,9750,0,0,9510,9900,1400-3-19,2021-06-09
71,پيزد,مجتمع صنايع لاستيك يزد,2096,125106,7247069109,59314,56710,57522,-1792,-3.02,58653,-661,-1.11,56710,59300,1400-3-19,2021-06-09
72,كسرا,سراميك‌هاي‌صنعتي‌اردكان‌,2081,7780561,125341193840,16100,15910,15990,-110,-0.68,16110,10,0.06,15590,16490,1400-3-19,2021-06-09
73,ختوقا,قطعات‌ اتومبيل‌ ايران‌,2059,88528711,173945749461,1882,1820,1976,94,4.99,1965,83,4.41,1811,1976,1400-3-19,2021-06-09
74,كيان,صندوق س. با درآمد ثابت كيان,2041,29230124,842021391068,28781,28806,28807,26,0.09,28807,26,0.09,28805,28810,1400-3-19,2021-06-09
75,زشگزا,شير و گوشت زاگرس شهركرد,2020,12937844,95210070739,7724,7338,7338,-386,-5,7359,-365,-4.73,7338,7652,1400-3-19,2021-06-09
76,اعتماد,صندوق س.اعتماد آفرين پارسيان-د,1950,44678270,1648159981180,36856,36875,36889,33,0.09,36890,34,0.09,36875,36905,1400-3-19,2021-06-09
77,سغرب,سيمان‌غرب‌,1932,2414440,57279800810,24470,24470,23330,-1140,-4.66,23720,-750,-3.06,23250,25000,1400-3-19,2021-06-09
78,فزرين,زرين معدن آسيا,1907,10310192,186018946399,17431,17900,18302,871,5,18042,611,3.51,17400,18302,1400-3-19,2021-06-09
79,كرازي,كارخانجات‌توليدي‌شيشه‌رازي‌,1889,7887262,138965650310,18460,17800,17550,-910,-4.93,17620,-840,-4.55,17540,18190,1400-3-19,2021-06-09
80,دلقما,دارويي‌ لقمان‌,1875,5048442,111461204420,21910,22590,23000,1090,4.97,22080,170,0.78,20820,23000,1400-3-19,2021-06-09
81,وسلرستا,شركت س استان لرستان,1867,108936650,71459473686,632,660,663,31,4.91,656,24,3.8,617,663,1400-3-19,2021-06-09
82,سيمرغ,سيمرغ,1856,8536224,124377939550,17550,14480,15200,-2350,-13.39,14570,-2980,-16.98,13760,15200,1400-3-19,2021-06-09
83,شدوص,دوده‌ صنعتي‌ پارس‌,1802,4089271,76819040470,19520,18550,18920,-600,-3.07,18790,-730,-3.74,18550,19500,1400-3-19,2021-06-09
84,وساپا,سرمايه‌گذاري‌ سايپا,1784,32100778,144691558999,4575,4390,4474,-101,-2.21,4507,-68,-1.49,4347,4660,1400-3-19,2021-06-09
85,وغدير,سرمايه‌گذاري‌غدير(هلدينگ‌,1713,14159841,146392376430,10550,10100,10370,-180,-1.71,10340,-210,-1.99,10100,10490,1400-3-19,2021-06-09
86,آپ,آسان پرداخت پرشين,1651,4712785,70695867570,14910,15140,14770,-140,-0.94,15000,90,0.6,14510,15490,1400-3-19,2021-06-09
87,كوثر,بيمه كوثر,1640,9669128,121526069987,13172,12799,12514,-658,-5,12568,-604,-4.59,12514,13000,1400-3-19,2021-06-09
88,وپاسار,بانك  پاسارگاد,1617,25162651,399847491400,15880,15890,15890,10,0.06,15890,10,0.06,15890,15900,1400-3-19,2021-06-09
89,ودي,بيمه  دي,1613,6322740,138105441237,21651,21773,21840,189,0.87,21843,192,0.89,21266,22190,1400-3-19,2021-06-09
90,زشريف,كشت وصنعت شريف آباد,1610,13704483,64075422033,5145,4631,4680,-465,-9.04,4676,-469,-9.12,4631,4888,1400-3-19,2021-06-09
91,تسه0001,امتيازتسهيلات مسكن فروردين1400,1589,33413,20156955740,581550,610000,560000,-21550,-3.71,603267,21717,3.73,560000,610500,1400-3-19,2021-06-09
92,گشان,توسعه بين المللي پديده شانديز,1551,4331182,92556035549,21769,21410,21335,-434,-1.99,21370,-399,-1.83,21334,21966,1400-3-19,2021-06-09
93,كحافظ,كاشي‌ وسراميك‌ حافظ‌,1532,6417431,61106160870,9880,9390,9500,-380,-3.85,9520,-360,-3.64,9390,9990,1400-3-19,2021-06-09
94,خاذين,سايپاآذين‌,1530,24540807,72114563165,2920,2900,2922,2,0.07,2939,19,0.65,2780,3046,1400-3-19,2021-06-09
95,تملت,تامين سرمايه بانك ملت,1516,8815227,41158274366,4617,4650,4720,103,2.23,4669,52,1.13,4550,4770,1400-3-19,2021-06-09
96,ثاخت,بين‌المللي‌توسعه‌ساختمان,1509,30921352,62935520171,2103,2040,2020,-83,-3.95,2035,-68,-3.23,2000,2097,1400-3-19,2021-06-09
97,كاذر,فرآورده‌هاي‌نسوزآذر,1491,5018980,70875062740,14370,13820,14070,-300,-2.09,14120,-250,-1.74,13670,14670,1400-3-19,2021-06-09
98,رانفور,خدمات‌انفورماتيك‌,1490,25037277,139181048190,5810,5800,5520,-290,-4.99,5560,-250,-4.3,5520,5870,1400-3-19,2021-06-09
99,ونوين,بانك‌اقتصادنوين‌,1481,17481971,75945166528,4478,4320,4320,-158,-3.53,4344,-134,-2.99,4290,4450,1400-3-19,2021-06-09
100,شگل,گلتاش‌,1471,7461883,61850292920,10050,8600,8370,-1680,-16.72,8290,-1760,-17.51,8170,8690,1400-3-19,2021-06-09
101,خودكفا,اقتصادي و خودكفايي آزادگان,1469,5073816,86800673222,17317,17318,16799,-518,-2.99,17108,-209,-1.21,16798,17500,1400-3-19,2021-06-09
102,وملي,گروه‌ صنعتي‌ ملي‌ (هلدينگ‌,1427,789706,106377566640,131790,130000,138370,6580,4.99,134710,2920,2.22,126900,138370,1400-3-19,2021-06-09
103,فخوز,فولاد  خوزستان,1380,8717192,131659348160,15220,15000,15150,-70,-0.46,15100,-120,-0.79,14950,15350,1400-3-19,2021-06-09
104,ماديرا,صنايع ماديران,1376,6907074,51833666123,7674,7322,7520,-154,-2.01,7504,-170,-2.22,7298,7797,1400-3-19,2021-06-09
105,بهپاك,صنعتي بهپاك,1369,14784576,87287203648,6097,5850,6139,42,0.69,5904,-193,-3.17,5810,6150,1400-3-19,2021-06-09
106,وسخوز,شركت س استان خوزستان,1364,65627714,50263919152,803,763,763,-40,-4.98,779,-24,-2.99,763,800,1400-3-19,2021-06-09
107,غشان,شيرپاستوريزه‌پگاه‌خراسان‌,1353,11252245,62494455980,5320,5570,5580,260,4.89,5550,230,4.32,5400,5580,1400-3-19,2021-06-09
108,وبيمه,سرمايه‌ گذاري‌ صنعت‌ بيمه‌,1345,27441421,50550959596,1920,1854,1824,-96,-5,1842,-78,-4.06,1824,1900,1400-3-19,2021-06-09
109,قرن,پديده شيمي قرن,1323,2399371,80061273800,32550,33000,32800,250,0.77,33370,820,2.52,32570,34500,1400-3-19,2021-06-09
110,نوري,پتروشيمي نوري,1322,1057478,67985106350,64750,63470,63990,-760,-1.17,64440,-310,-0.48,63470,65500,1400-3-19,2021-06-09
111,صبا,سرمايه گذاري صبا تامين,1319,3569315,25115089317,7205,7060,7085,-120,-1.67,7169,-36,-0.5,7000,7149,1400-3-19,2021-06-09
112,فجر,فولاد اميركبيركاشان,1301,6365296,164502064190,24830,24910,26070,1240,4.99,25840,1010,4.07,24780,26070,1400-3-19,2021-06-09
113,ساوه,سيمان ساوه,1270,573334,24466583704,42949,41200,42700,-249,-0.58,42674,-275,-0.64,41200,43550,1400-3-19,2021-06-09
114,بكهنوج,توليد برق ماهتاب كهنوج,1233,24519062,36184570283,1487,1450,1450,-37,-2.49,1476,-11,-0.74,1425,1520,1400-3-19,2021-06-09
115,كلوند,كاشي‌ الوند,1232,2588842,50821574090,20200,19770,19500,-700,-3.47,19630,-570,-2.82,19200,20190,1400-3-19,2021-06-09
116,دانا,بيمه دانا,1207,13018048,61877934689,4978,4840,4740,-238,-4.78,4753,-225,-4.52,4730,4967,1400-3-19,2021-06-09
117,وايرا,سرمايه گذاري صنايع ايران,1196,5310841,64401694346,11863,12215,12218,355,2.99,12126,263,2.22,11700,12218,1400-3-19,2021-06-09
118,خموتور,موتورسازان‌تراكتورسازي‌ايران‌,1190,5853368,57413003870,10260,9770,9750,-510,-4.97,9810,-450,-4.39,9750,10140,1400-3-19,2021-06-09
119,وتوصا,گروه س توسعه صنعتي ايران,1175,7701854,65525019670,8740,8450,8450,-290,-3.32,8510,-230,-2.63,8310,8740,1400-3-19,2021-06-09
120,سبزوا,سيمان لار سبزوار,1172,11219338,31207063647,2892,2754,2755,-137,-4.74,2782,-110,-3.8,2748,2879,1400-3-19,2021-06-09
121,فروس,فروسيليس‌ ايران‌,1172,10731793,59222663620,5510,5320,5450,-60,-1.09,5520,10,0.18,5280,5690,1400-3-19,2021-06-09
122,وپست,پست بانك ايران,1171,3832855,95194618200,24920,24900,24980,60,0.24,24840,-80,-0.32,24120,25740,1400-3-19,2021-06-09
123,تسه9912,امتياز تسهيلات مسكن اسفند99,1170,21824,13051673560,591153,597000,578000,-13153,-2.22,598042,6889,1.17,566732,610000,1400-3-19,2021-06-09
124,ديرانح,ح . ‌ايران‌دارو,1162,2442220,19973666770,8220,7850,8330,110,1.34,8180,-40,-0.49,7850,8370,1400-3-19,2021-06-09
125,كشرق,صنعتي و معدني شمال شرق شاهرود,1142,727615,53519846271,73163,71000,70382,-2781,-3.8,73555,392,0.54,69760,75200,1400-3-19,2021-06-09
126,بجهرم,توسعه مولد نيروگاهي جهرم,1127,14063417,29897483348,2184,2091,2120,-64,-2.93,2126,-58,-2.66,2086,2180,1400-3-19,2021-06-09
127,حرهشا,رهشاد سپاهان (سهامي عام,1101,688825,43433132769,62052,63293,63293,1241,2,63054,1002,1.61,60816,63293,1400-3-19,2021-06-09
128,تسه9908,امتياز تسهيلات مسكن آبان99,1101,38823,22973526403,584897,610000,585000,103,0.02,591750,6853,1.17,570000,610000,1400-3-19,2021-06-09
129,ولساپا,ليزينگ رايان‌ سايپا,1080,19671400,52520896354,2759,2635,2678,-81,-2.94,2670,-89,-3.23,2622,2777,1400-3-19,2021-06-09
130,كفپارس,فرآورده‌هاي‌ نسوز پارس‌,1071,15277977,43365705925,2891,2840,2821,-70,-2.42,2838,-53,-1.83,2760,2909,1400-3-19,2021-06-09
131,البرز,بيمه البرز,1070,16936578,68698300222,4111,4000,4061,-50,-1.22,4056,-55,-1.34,3960,4120,1400-3-19,2021-06-09
132,اخابر,مخابرات ايران,1060,5367138,36605386950,6950,6710,6820,-130,-1.87,6910,-40,-0.58,6700,6930,1400-3-19,2021-06-09
133,سفارس,سيمان فارس و خوزستان,1047,4099032,70937109000,18090,17200,17340,-750,-4.15,17310,-780,-4.31,17190,17760,1400-3-19,2021-06-09
134,غپينو,پارس‌ مينو,1022,8243293,53125565760,6700,6710,6380,-320,-4.78,6440,-260,-3.88,6370,6770,1400-3-19,2021-06-09
135,دزهراوي,داروسازي‌زهراوي‌,1003,6806755,39289277860,6060,5990,5770,-290,-4.79,5770,-290,-4.79,5760,5990,1400-3-19,2021-06-09
136,شبريز,پالايش نفت تبريز,998,3260015,80987222000,24840,24600,25270,430,1.73,24840,0,0,24120,25300,1400-3-19,2021-06-09
137,ولانا,شركت ليزينگ آريا دانا,982,2820121,87641717597,31843,30888,30888,-955,-3,31077,-766,-2.41,30888,32500,1400-3-19,2021-06-09
138,رمپنا,گروه مپنا (سهامي عام),979,5728026,73359043230,13060,12890,12790,-270,-2.07,12910,-150,-1.15,12500,13100,1400-3-19,2021-06-09
139,وآرين,شركت توسعه اقتصادي آرين,979,20378146,67589116755,3246,3287,3343,97,2.99,3317,71,2.19,3161,3343,1400-3-19,2021-06-09
140,غسالم,سالمين‌,974,8772964,29019224413,3427,3370,3283,-144,-4.2,3308,-119,-3.47,3260,3400,1400-3-19,2021-06-09
141,پارند,صندوق س. پارند پايدار سپهر,969,24332597,271618427527,11150,11169,11161,11,0.1,11163,13,0.12,11161,11169,1400-3-19,2021-06-09
142,ورنا,سرمايه‌گذاري‌ رنا(هلدينگ‌,964,12479410,54268307341,4420,4270,4357,-63,-1.43,4349,-71,-1.61,4200,4499,1400-3-19,2021-06-09
143,نوين,بيمه نوين,957,9650138,51736680799,5574,5335,5380,-194,-3.48,5361,-213,-3.82,5296,5539,1400-3-19,2021-06-09
144,كاوه,فولاد كاوه جنوب كيش,955,8472154,150667048210,18090,17800,18030,-60,-0.33,17780,-310,-1.71,17600,18050,1400-3-19,2021-06-09
145,آسيا,بيمه آسيا,951,20238656,37678453978,1906,1831,1850,-56,-2.94,1862,-44,-2.31,1823,1930,1400-3-19,2021-06-09
146,حفاري,حفاري شمال,944,7410230,44936894650,6180,6000,6080,-100,-1.62,6060,-120,-1.94,5900,6200,1400-3-19,2021-06-09
147,كماسه,تامين‌ ماسه‌ ريخته‌گري‌,941,1305786,40670175900,31750,32000,31380,-370,-1.17,31150,-600,-1.89,30350,32540,1400-3-19,2021-06-09
148,شبصير,توليدات پتروشيمي قائد بصير,940,2031719,158801469248,80724,77550,79400,-1324,-1.64,78161,-2563,-3.18,76688,81900,1400-3-19,2021-06-09
149,چكارن,كارتن‌ ايران‌,936,12080854,32405483310,2789,2670,2671,-118,-4.23,2682,-107,-3.84,2650,2780,1400-3-19,2021-06-09
150,كي بي سي,شركت كي بي سي,925,2253662,53413540717,23942,25139,23000,-942,-3.93,23701,-241,-1.01,22745,25139,1400-3-19,2021-06-09
151,توريل,توكاريل,922,3588973,50325047937,14726,14000,14000,-726,-4.93,14022,-704,-4.78,13990,14340,1400-3-19,2021-06-09
152,زاگرس,پتروشيمي زاگرس,917,353382,76371426599,220183,215480,217850,-2333,-1.06,217095,-3088,-1.4,210000,220403,1400-3-19,2021-06-09
153,خوساز,محورسازان‌ايران‌خودرو,906,11816262,65603550550,7180,5400,5670,-1510,-21.03,5550,-1630,-22.7,5400,5670,1400-3-19,2021-06-09
154,كچاد,معدني‌وصنعتي‌چادرملو,902,3318244,74874212940,22850,22500,22550,-300,-1.31,22670,-180,-0.79,22350,22980,1400-3-19,2021-06-09
155,ستران,سيمان‌ تهران‌,895,3139825,60562580320,20270,19320,19270,-1000,-4.93,19290,-980,-4.83,19260,19980,1400-3-19,2021-06-09
156,سرو,صندوق س سروسودمند مدبران-سهام,895,845674,51401358070,61790,60480,60750,-1040,-1.68,60780,-1010,-1.63,60220,61540,1400-3-19,2021-06-09
157,بنو,بيمه تجارت نو,891,16816363,385283797360,26543,23800,22610,-3933,-14.82,22911,-3632,-13.68,22610,23800,1400-3-19,2021-06-09
158,فنورد,نوردوقطعات‌ فولادي‌,882,289136,48229834610,160880,158100,166700,5820,3.62,166810,5930,3.69,158100,168920,1400-3-19,2021-06-09
159,وهور,مديريت انرژي اميد  تابان هور,868,20292781,36451592681,1875,1791,1818,-57,-3.04,1815,-60,-3.2,1782,1863,1400-3-19,2021-06-09
160,لسرما,سرما آفرين‌,841,1441203,31185516610,21080,21260,21800,720,3.42,21640,560,2.66,20610,22000,1400-3-19,2021-06-09
161,سدور,سيمان‌ دورود,840,4654140,37800679290,8420,8420,8070,-350,-4.16,8120,-300,-3.56,8000,8450,1400-3-19,2021-06-09
162,شرانل,نفت ايرانول,837,2235704,100614432645,44042,44898,45500,1458,3.31,45003,961,2.18,43500,46195,1400-3-19,2021-06-09
163,فاسمين,كالسيمين‌,835,4187022,60768715570,15200,14510,14440,-760,-5,14510,-690,-4.54,14440,14900,1400-3-19,2021-06-09
164,ومعادن,توسعه‌معادن‌وفلزات‌,825,6758030,54022469530,8180,8070,7980,-200,-2.44,8090,-90,-1.1,7880,8100,1400-3-19,2021-06-09
165,فمراد,آلومراد,825,619055,46028459880,77860,75210,74550,-3310,-4.25,74350,-3510,-4.51,73970,76190,1400-3-19,2021-06-09
166,خمحركه,نيرو محركه‌,818,22260690,78118063615,3217,3401,3571,354,11,3509,292,9.08,3401,3571,1400-3-19,2021-06-09
167,وبانك,سرمايه گذاري گروه توسعه ملي,804,5597723,39450632450,7170,7020,7100,-70,-0.98,7110,-60,-0.84,6960,7160,1400-3-19,2021-06-09
168,رتاپ,تجارت الكترونيك  پارسيان,803,3626054,20634464530,5730,5710,5610,-120,-2.09,5690,-40,-0.7,5550,5800,1400-3-19,2021-06-09
169,ضخود7074,اختيارخ خودرو-1800-1400/07/07,801,21089,7175582000,335,301,346,11,3.28,340,5,1.49,285,389,1400-3-19,2021-06-09
170,تسه9911,امتياز تسهيلات مسكن بهمن99,783,12140,7292734698,589063,609364,592000,2937,0.5,600719,11656,1.98,576522,610000,1400-3-19,2021-06-09
171,ركيش,كارت اعتباري ايران كيش,781,2710812,51285171020,18820,18820,19000,180,0.96,18920,100,0.53,18820,19540,1400-3-19,2021-06-09
172,ونيرو,سرمايه‌گذاري‌نيرو,780,11473070,26610569650,2392,2301,2326,-66,-2.76,2319,-73,-3.05,2280,2380,1400-3-19,2021-06-09
173,شلرد,كود شيميايي اوره لردگان,779,8310814,47649334538,5892,5898,5750,-142,-2.41,5733,-159,-2.7,5716,5900,1400-3-19,2021-06-09
174,شپترو,پتروشيمي آبادان,778,15718670,63846186586,4181,4071,4112,-69,-1.65,4062,-119,-2.85,4056,4174,1400-3-19,2021-06-09
175,زگلدشت,كشت و دام گلدشت نمونه اصفهان,778,3999270,38572045915,11698,9300,9765,-1933,-16.52,9645,-2053,-17.55,8858,9765,1400-3-19,2021-06-09
176,كپرور,فرآوري زغال سنگ پروده طبس,767,1522580,44505779379,32184,28966,30390,-1794,-5.57,29231,-2953,-9.18,28966,30500,1400-3-19,2021-06-09
177,وتوكا,سرمايه‌گذاري‌توكافولاد(هلدينگ,766,3889039,34520401540,9050,9070,8710,-340,-3.76,8880,-170,-1.88,8670,9200,1400-3-19,2021-06-09
178,شتوكا,توكا رنگ فولاد سپاهان,765,1576897,48218512903,32028,30431,30427,-1601,-5,30578,-1450,-4.53,30427,31970,1400-3-19,2021-06-09
179,شبهرن,نفت‌ بهران‌,756,5597059,61361167970,10980,11200,10910,-70,-0.64,10960,-20,-0.18,10800,11200,1400-3-19,2021-06-09
180,آگاس,صندوق س.هستي بخش آگاه-س,755,486657,31372094060,65500,64710,64471,-1029,-1.57,64464,-1036,-1.58,64001,65128,1400-3-19,2021-06-09
181,فروي,ذوب روي اصفهان,737,996102,31575437298,30190,31699,31699,1509,5,31699,1509,5,31699,31699,1400-3-19,2021-06-09
182,غگلپا,شير پاستوريزه پگاه گلپايگان,735,998738,52097555064,50209,50250,52719,2510,5,52163,1954,3.89,47820,52719,1400-3-19,2021-06-09
183,پكوير,كوير تاير,705,5147611,65325035710,12610,12020,12700,90,0.71,12690,80,0.63,12020,12930,1400-3-19,2021-06-09
184,شاراك,پتروشيمي شازند,704,2410376,64212398060,27120,26540,26640,-480,-1.77,26760,-360,-1.33,26420,27190,1400-3-19,2021-06-09
185,ضخود7077,اختيارخ خودرو-3000-1400/07/07,688,35609,2003694000,53,35,57,4,7.55,56,3,5.66,35,65,1400-3-19,2021-06-09
186,غشهد,شهد ايران ‌,686,5569761,32463696630,6090,5810,5790,-300,-4.93,5830,-260,-4.27,5790,6090,1400-3-19,2021-06-09
187,قاسم,قاسم ايران,685,3724144,36451022619,10266,9760,9753,-513,-5,9788,-478,-4.66,9753,10299,1400-3-19,2021-06-09
188,فسرب,ملي‌ سرب‌وروي‌ ايران‌,683,376095,20902633790,57660,55310,54780,-2880,-4.99,55580,-2080,-3.61,54780,57640,1400-3-19,2021-06-09
189,ومعادنح,ح . توسعه‌معادن‌وفلزات‌,679,4743827,27429788610,5950,5840,5830,-120,-2.02,5780,-170,-2.86,5700,5850,1400-3-19,2021-06-09
190,غمينو,شركت صنايع غذايي مينو شرق,678,2795230,23786763106,8936,8510,8490,-446,-4.99,8510,-426,-4.77,8490,8670,1400-3-19,2021-06-09
191,غويتا,ويتانا,674,1444187,16420613793,11917,11500,11322,-595,-4.99,11370,-547,-4.59,11322,11860,1400-3-19,2021-06-09
192,زپارس,ملي كشت و صنعت و دامپروري پارس,673,546463,69585538600,121630,127600,127710,6080,5,127340,5710,4.69,117100,127710,1400-3-19,2021-06-09
193,وساخت,سرمايه‌ گذاري‌ ساختمان‌ايران‌,670,1062345,50922053810,48850,47500,47010,-1840,-3.77,47930,-920,-1.88,46610,49720,1400-3-19,2021-06-09
194,افران,صندوق س افرا نماد پايدار-ثابت,667,11276663,152217137130,13489,13498,13499,10,0.07,13498,9,0.07,13495,13499,1400-3-19,2021-06-09
195,سصوفي,سيمان‌ صوفيان‌,661,2548328,31598757170,12830,12820,12260,-570,-4.44,12400,-430,-3.35,12190,12820,1400-3-19,2021-06-09
196,شپديس,پتروشيمي پرديس,658,608191,62015326090,102850,102400,102000,-850,-0.83,102320,-530,-0.52,99120,102850,1400-3-19,2021-06-09
197,سمگا,گروه سرمايه گذاري ميراث فرهنگي,657,9905197,226016785146,25353,22818,22818,-2535,-10,22818,-2535,-10,22818,22818,1400-3-19,2021-06-09
198,كمنگنز,معادن‌منگنزايران‌,654,843695,52678988230,63500,60450,61700,-1800,-2.83,62440,-1060,-1.67,60450,63500,1400-3-19,2021-06-09
199,بخاور,بيمه زندگي خاورميانه,650,7451941,43649783504,5592,5871,5871,279,4.99,5858,266,4.76,5600,5871,1400-3-19,2021-06-09
200,دكيمي,كيميدارو,649,3327565,71190182790,20610,21200,21010,400,1.94,21390,780,3.78,19860,21640,1400-3-19,2021-06-09
201,وصنا,گروه‌صنايع‌بهشهرايران‌,640,4707039,22905732703,4763,4661,5001,238,5,4866,103,2.16,4659,5001,1400-3-19,2021-06-09
202,ثعتما,س. ساختماني اعتماد گستر,637,1709528,50821109775,28875,29741,29660,785,2.72,29728,853,2.95,28900,29741,1400-3-19,2021-06-09
203,ثتران,سرمايه گذاري مسكن تهران,626,9002273,25996601786,3029,2920,2881,-148,-4.89,2888,-141,-4.66,2878,2990,1400-3-19,2021-06-09
204,زگلدشتح,ح.كشت و دام گلدشت نمونه اصفهان,618,5314649,32584689762,5735,6142,6149,414,7.22,6131,396,6.9,5890,6200,1400-3-19,2021-06-09
205,وسبحان,سرمايه گذاري سبحان,614,15612235,37324444858,2415,2365,2403,-12,-0.5,2391,-24,-0.99,2317,2410,1400-3-19,2021-06-09
206,تاپيكو,س. نفت و گاز و پتروشيمي تأمين,612,2871410,29841355720,10620,10320,10380,-240,-2.26,10560,-60,-0.56,10260,10570,1400-3-19,2021-06-09
207,خفنر,فنرسازي‌خاور,594,5301182,21586765449,4185,3990,4030,-155,-3.7,4072,-113,-2.7,3990,4263,1400-3-19,2021-06-09
208,افق,فروشگاههاي زنجيره اي افق كوروش,593,626528,40511698710,65850,65020,64800,-1050,-1.59,65230,-620,-0.94,62560,65910,1400-3-19,2021-06-09
209,تسه9910,امتياز تسهيلات مسكن دي99,590,9243,5535319951,587361,598032,584400,-2961,-0.5,598866,11505,1.96,565002,616729,1400-3-19,2021-06-09
210,تسه9909,امتياز تسهيلات مسكن آذر99,589,15731,9416384073,580347,588099,573500,-6847,-1.18,598588,18241,3.14,561002,609364,1400-3-19,2021-06-09
211,ختراك,ريخته‌گري‌ تراكتورسازي‌ ايران‌,588,1720840,19369434140,11670,11660,11090,-580,-4.97,11260,-410,-3.51,11090,11660,1400-3-19,2021-06-09
212,دروز,داروسازي‌ روزدارو,588,1607354,56283648550,34860,34990,34870,10,0.03,35020,160,0.46,34860,35980,1400-3-19,2021-06-09
213,كگل,معدني و صنعتي گل گهر,576,3964691,56480712900,14390,14220,14470,80,0.56,14320,-70,-0.49,13910,14500,1400-3-19,2021-06-09
214,ضسپا3002,اختيارخ خساپا-1800-1400/03/26,575,28951,1041415000,32,22,39,7,21.88,36,4,12.5,22,49,1400-3-19,2021-06-09
215,ميدكو,هلدينگ صنايع  معدني خاورميانه,559,5681514,233985674457,41179,41185,41180,1,0,41184,5,0.01,41179,41600,1400-3-19,2021-06-09
216,وبوعلي,سرمايه‌گذاري‌بوعلي‌,557,5288404,20716886816,4035,3975,3903,-132,-3.27,3917,-118,-2.92,3850,4045,1400-3-19,2021-06-09
217,شيران,س. صنايع‌شيميايي‌ايران,547,1230961,24625597480,20440,19860,20070,-370,-1.81,20300,-140,-0.68,19750,20260,1400-3-19,2021-06-09
218,آريان,سرمايه گذاري پارس آريان,543,6739649,79164181632,11941,11800,11583,-358,-3,11775,-166,-1.39,11583,11939,1400-3-19,2021-06-09
219,شكلر,نيروكلر,541,819343,29185245790,37480,35610,35610,-1870,-4.99,35620,-1860,-4.96,35610,36660,1400-3-19,2021-06-09
220,سرچشمه,سرمايه گذاري مس سرچشمه,539,3831158,27500905169,7406,7110,7186,-220,-2.97,7178,-228,-3.08,7101,7398,1400-3-19,2021-06-09
221,واعتبار,سرمايه گذاري اعتبار ايران,539,2953412,24149682820,8210,8600,7900,-310,-3.78,8180,-30,-0.37,7860,8600,1400-3-19,2021-06-09
222,سيستم,همكاران سيستم,537,557042,14392896830,25520,26770,25770,250,0.98,25780,260,1.02,25550,26770,1400-3-19,2021-06-09
223,خكرمان,گروه اقتصادي كرمان خودرو,536,6648498,21011734689,3170,3111,3154,-16,-0.5,3160,-10,-0.32,3080,3240,1400-3-19,2021-06-09
224,آوا,صندوق س.سهام آواي معيار-س,527,3223624,20749640131,6501,6498,6435,-66,-1.02,6437,-64,-0.98,6407,6498,1400-3-19,2021-06-09
225,تاصيكو,سرمايه گذاري صدرتامين,521,2239530,21413502060,9720,9510,9520,-200,-2.06,9690,-30,-0.31,9430,9710,1400-3-19,2021-06-09
226,وتوشه,سرمايه‌ گذاري‌ پارس‌ توشه‌,521,5270572,30249150540,6000,5750,5760,-240,-4,5740,-260,-4.33,5700,6060,1400-3-19,2021-06-09
227,فسازان,غلتك سازان سپاهان,516,3252305,88700131410,28360,27700,27620,-740,-2.61,27270,-1090,-3.84,26950,28010,1400-3-19,2021-06-09
228,تايرا,تراكتورسازي‌ايران‌,512,762670,18985871380,25130,24890,24810,-320,-1.27,24990,-140,-0.56,24260,25300,1400-3-19,2021-06-09
229,شسپا,نفت سپاهان,505,1444854,20405174280,14340,14000,14160,-180,-1.26,14260,-80,-0.56,13950,14370,1400-3-19,2021-06-09
230,هرمز,فولاد هرمزگان جنوب,498,2221330,34010970233,15657,15396,15350,-307,-1.96,15556,-101,-0.65,15012,15499,1400-3-19,2021-06-09
231,دكوثر,داروسازي‌ كوثر,498,3228980,14229444375,4541,4404,4450,-91,-2,4407,-134,-2.95,4315,4500,1400-3-19,2021-06-09
232,خريخت,صنايع‌ريخته‌گري‌ايران‌,485,6345764,16011424215,2492,2421,2531,39,1.57,2522,30,1.2,2403,2585,1400-3-19,2021-06-09
233,فلوله,لوله‌وماشين‌سازي‌ايران‌,485,1443013,27323528090,19760,18930,18780,-980,-4.96,18940,-820,-4.15,18780,19690,1400-3-19,2021-06-09
234,هاي وب,داده گسترعصرنوين-هاي وب,480,3649415,33428641400,10170,9160,9160,-1010,-9.93,9160,-1010,-9.93,9160,9160,1400-3-19,2021-06-09
235,تنوين,تامين سرمايه نوين,476,13248354,100105252270,7860,7750,7390,-470,-5.98,7560,-300,-3.82,7370,7750,1400-3-19,2021-06-09
236,وسينا,بانك سينا,475,10882013,26897683443,2533,2533,2430,-103,-4.07,2472,-61,-2.41,2414,2540,1400-3-19,2021-06-09
237,اپرداز,آتيه داده پرداز,468,2402896,45707017022,21117,19006,19006,-2111,-10,19022,-2095,-9.92,19006,19950,1400-3-19,2021-06-09
238,وشهر,بانك شهر,465,5181715,27288444396,5195,5370,5260,65,1.25,5254,59,1.14,5197,5370,1400-3-19,2021-06-09
239,تسه9907,امتياز تسهيلات مسكن مهر99,458,9295,5539475628,584320,590000,568500,-15820,-2.71,595963,11643,1.99,555104,610000,1400-3-19,2021-06-09
240,ساروم,سيمان‌اروميه‌,457,596490,15996179290,27460,26510,26560,-900,-3.28,26820,-640,-2.33,26190,27500,1400-3-19,2021-06-09
241,ونيكي,سرمايه‌گذاري‌ ملي‌ايران‌,454,1885701,14988268400,8110,8000,7960,-150,-1.85,8070,-40,-0.49,7820,8150,1400-3-19,2021-06-09
242,ولملت,واسپاري ملت,451,2929440,15121791613,5151,5150,5110,-41,-0.8,5161,10,0.19,4941,5360,1400-3-19,2021-06-09
243,وسگيلا,شركت س استان گيلان,448,15074491,10784411648,698,732,709,11,1.58,702,4,0.57,687,732,1400-3-19,2021-06-09
244,كخاك,صنايع‌خاك‌چيني‌ايران‌,445,1106495,35456415300,30640,31040,32170,1530,4.99,32040,1400,4.57,30590,32170,1400-3-19,2021-06-09
245,سمازن,سيمان‌مازندران‌,445,1866419,21856717440,11900,12190,11670,-230,-1.93,11710,-190,-1.6,11500,12190,1400-3-19,2021-06-09
246,شجم,صنايع پتروشيمي تخت جمشيد,432,3489546,32592553044,9295,9030,9410,115,1.24,9340,45,0.48,9030,9480,1400-3-19,2021-06-09
247,وصنعت,سرمايه گذاري توسعه صنعت وتجارت,429,4257308,23549161970,5600,5420,5510,-90,-1.61,5530,-70,-1.25,5410,5670,1400-3-19,2021-06-09
248,آكورد,صندوق س. آرمان آتي كوثر-د,429,7248576,235494692658,32471,32488,32492,21,0.06,32488,17,0.05,32487,32492,1400-3-19,2021-06-09
249,طلا,صندوق س.پشتوانه طلاي لوتوس,427,199162,15408259498,76771,77270,77450,679,0.88,77365,594,0.77,76570,77750,1400-3-19,2021-06-09
250,ضسپا3003,اختيارخ خساپا-2000-1400/03/26,424,22577,122550000,4,2,5,1,25,5,1,25,2,9,1400-3-19,2021-06-09
251,وملل,اعتباري ملل,415,3518845,45737521442,12951,12996,12987,36,0.28,12992,41,0.32,12987,13155,1400-3-19,2021-06-09
252,كفرا,فراورده‌ هاي‌ نسوزايران‌,412,806078,15760669410,20410,19700,19390,-1020,-5,19550,-860,-4.21,19390,20280,1400-3-19,2021-06-09
253,خمهر,مهركام‌پارس‌,411,16964146,29653327208,1665,1748,1748,83,4.98,1748,83,4.98,1748,1748,1400-3-19,2021-06-09
254,بساما,بيمه سامان,409,670306,13378627794,19520,18791,20150,630,3.23,19878,358,1.83,18791,20290,1400-3-19,2021-06-09
255,خديزل,بهمن  ديزل,407,436136,19521829800,44771,45177,45980,1209,2.7,44761,-10,-0.02,43000,46200,1400-3-19,2021-06-09
256,وصندوق,سرمايه‌گذاري‌صندوق‌بازنشستگي‌,401,1777271,23023833890,12950,12930,13010,60,0.46,12950,0,0,12810,13040,1400-3-19,2021-06-09
257,فولاژ,فولاد آلياژي ايران,401,982966,13363178670,14020,13500,13690,-330,-2.35,13930,-90,-0.64,13500,13880,1400-3-19,2021-06-09
258,پرداخت,به پرداخت ملت,400,594576,13615182700,21930,23000,22700,770,3.51,22410,480,2.19,22010,23020,1400-3-19,2021-06-09
259,سيدكو,سرمايه گذاري توسعه صنايع سيمان,397,4663802,26765572540,6020,5770,5720,-300,-4.98,5740,-280,-4.65,5720,5970,1400-3-19,2021-06-09
260,وكادو,تكادو,395,1875494,23911115032,12975,12620,12910,-65,-0.5,12749,-226,-1.74,12586,12980,1400-3-19,2021-06-09
261,ضخود7075,اختيارخ خودرو-2000-1400/07/07,394,14656,3507982000,238,210,240,2,0.84,239,1,0.42,208,262,1400-3-19,2021-06-09
262,فايرا,آلومينيوم‌ايران‌,387,1520954,25057152800,16990,16980,16650,-340,-2,16790,-200,-1.18,16240,16980,1400-3-19,2021-06-09
263,ما,بيمه  ما,383,1810609,16317078150,9290,9290,8840,-450,-4.84,9010,-280,-3.01,8830,9290,1400-3-19,2021-06-09
264,ولبهمن,شركت بهمن ليزينگ,381,1703237,10092948387,6096,5850,6000,-96,-1.57,5978,-118,-1.94,5815,6085,1400-3-19,2021-06-09
265,وثوق,سرمايه گذاري وثوق امين,381,678712,9279455750,13974,13610,13561,-413,-2.96,13699,-275,-1.97,13556,13950,1400-3-19,2021-06-09
266,اميد,تامين سرمايه اميد,380,5859910,41386639440,7130,7140,6980,-150,-2.1,7060,-70,-0.98,6910,7200,1400-3-19,2021-06-09
267,ياقوت,صندوق س ياقوت آگاه-ثابت,373,3686361,45891626264,12439,12445,12450,11,0.09,12449,10,0.08,12444,12473,1400-3-19,2021-06-09
268,حتايد,تايدواترخاورميانه,373,1241739,30912267220,25210,25200,24930,-280,-1.11,24890,-320,-1.27,24410,25980,1400-3-19,2021-06-09
269,ارفع,شركت آهن و فولاد ارفع,372,1404761,18005823380,13084,12630,12850,-234,-1.79,13006,-78,-0.6,12630,12980,1400-3-19,2021-06-09
270,فپنتا,سپنتا,370,66872,25407312330,384700,372010,380550,-4150,-1.08,379940,-4760,-1.24,372010,394380,1400-3-19,2021-06-09
271,پاكشو,گروه صنعتي پاكشو,369,1474530,8459211500,5880,5890,5700,-180,-3.06,5870,-10,-0.17,5620,5980,1400-3-19,2021-06-09
272,فرابورس,فرابورس ايران,366,486328,13260705576,30296,27267,27267,-3029,-10,28981,-1315,-4.34,27267,27267,1400-3-19,2021-06-09
273,سشرق,سيمان‌ شرق‌,366,4348162,24967993110,5890,5670,5800,-90,-1.53,5740,-150,-2.55,5660,5830,1400-3-19,2021-06-09
274,فسپا,گروه‌صنعتي‌سپاهان‌,355,839582,30769329100,37540,37700,36660,-880,-2.34,36650,-890,-2.37,36100,37700,1400-3-19,2021-06-09
275,سهگمت,سيمان‌هگمتان‌,353,763908,14880740360,19990,20400,19500,-490,-2.45,19480,-510,-2.55,19200,20400,1400-3-19,2021-06-09
276,جم پيلن,پلي پروپيلن جم - جم پيلن,351,622675,42825507120,69190,68180,68700,-490,-0.71,68870,-320,-0.46,68180,70120,1400-3-19,2021-06-09
277,غمارگ,مارگارين‌,351,1150092,21621827380,19320,19400,18950,-370,-1.92,18800,-520,-2.69,18370,19400,1400-3-19,2021-06-09
278,آساميد,صندوق س.مشترك آسمان اميد -د,343,15343411,186433248089,12145,12158,12153,8,0.07,12151,6,0.05,12147,12158,1400-3-19,2021-06-09
279,ثمسكن,سرمايه‌گذاري‌ مسكن‌,343,4100207,16662920995,4197,4050,4100,-97,-2.31,4064,-133,-3.17,4011,4137,1400-3-19,2021-06-09
280,بموتو,موتوژن‌,340,667038,33808550950,50700,49110,51040,340,0.67,50680,-20,-0.04,49010,51910,1400-3-19,2021-06-09
281,پارسان,گسترش نفت و گاز پارسيان,339,1755887,32885895960,18740,18740,18750,10,0.05,18740,0,0,18200,18990,1400-3-19,2021-06-09
282,ونفت,سرمايه‌گذاري‌ صنعت‌ نفت‌,338,1473447,18729896180,13040,12610,12700,-340,-2.61,12710,-330,-2.53,12570,12980,1400-3-19,2021-06-09
283,سپ,پرداخت الكترونيك سامان كيش,337,528139,13311370680,24950,26000,25090,140,0.56,25020,70,0.28,24170,26000,1400-3-19,2021-06-09
284,كروي,توسعه‌ معادن‌ روي‌ ايران‌,336,1161676,23263621320,20700,20000,20000,-700,-3.38,20030,-670,-3.24,19810,20440,1400-3-19,2021-06-09
285,شفن,پتروشيمي فناوران,333,61405,18388124570,296320,299370,299870,3550,1.2,296880,560,0.19,296020,300000,1400-3-19,2021-06-09
286,فنوال,نورد آلومينيوم‌,328,606766,14761148380,24600,23600,24650,50,0.2,24330,-270,-1.1,23600,24940,1400-3-19,2021-06-09
287,وسرمد,بيمه  سرمد,328,3330187,18755982277,5806,5632,5632,-174,-3,5632,-174,-3,5632,5700,1400-3-19,2021-06-09
288,ضفلا3004,اختيارخ فولاد-8560-1400/03/19,326,11345,13439476664,1006,920,920,-86,-8.55,845,-161,-16,722,950,1400-3-19,2021-06-09
289,تماوندح,ح . تامين سرمايه دماوند,324,11620173,38226713689,3204,3300,3300,96,3,3290,86,2.68,3112,3300,1400-3-19,2021-06-09
290,پخش,پخش البرز,315,1084148,17264886740,16667,16035,15834,-833,-5,15925,-742,-4.45,15834,16640,1400-3-19,2021-06-09
291,دتماد,توليدمواداوليه‌داروپخش‌,308,463586,17818050060,38650,38600,38850,200,0.52,38440,-210,-0.54,37740,38890,1400-3-19,2021-06-09
292,تماوند,تامين سرمايه دماوند,308,10306767,47925484290,4778,4750,4635,-143,-2.99,4650,-128,-2.68,4635,4820,1400-3-19,2021-06-09
293,سخوز,سيمان خوزستان,305,1630429,33970307740,21250,21260,21100,-150,-0.71,20840,-410,-1.93,20330,21310,1400-3-19,2021-06-09
294,فالوم,آلومتك‌,301,915480,23076967044,24596,25333,25333,737,3,25208,612,2.49,24000,25333,1400-3-19,2021-06-09
295,ثباغ,شهر سازي و خانه سازي باغميشه,300,1370042,14808925072,11333,11490,10767,-566,-4.99,10809,-524,-4.62,10767,11490,1400-3-19,2021-06-09
296,گوهران,سرمايه گذاري توسعه گوهران اميد,292,798749,5669642707,7093,7100,7090,-3,-0.04,7095,2,0.03,7020,7220,1400-3-19,2021-06-09
297,واحيا,م .صنايع و معادن احياء سپاهان,291,817120,126391240943,155285,155000,154490,-795,-0.51,154679,-606,-0.39,152000,155970,1400-3-19,2021-06-09
298,كرماشا,صنايع پتروشيمي كرمانشاه,290,835439,25643434740,30960,30280,30960,0,0,30800,-160,-0.52,29790,31800,1400-3-19,2021-06-09
299,سپاها,سيمان‌سپاهان‌,287,2135925,15686940940,7570,7220,7330,-240,-3.17,7340,-230,-3.04,7220,7470,1400-3-19,2021-06-09
300,همراه,شركت ارتباطات سيار ايران,286,1015758,19204556530,19160,18600,18800,-360,-1.88,19110,-50,-0.26,18600,19200,1400-3-19,2021-06-09
301,تصميم,صندوق س با درآمد ثابت تصميم,281,1380178,22814985715,16520,16530,16535,15,0.09,16530,10,0.06,16525,16535,1400-3-19,2021-06-09
302,شوينده,مديريت صنعت شوينده ت.ص.بهشهر,281,749926,16337376500,22330,21620,21750,-580,-2.6,21790,-540,-2.42,21510,22480,1400-3-19,2021-06-09
303,بميلا,توسعه بازرگاني آهن وفولادميلاد,280,833546,9945897605,12211,12120,11845,-366,-3,11942,-269,-2.2,11845,12199,1400-3-19,2021-06-09
304,حخزر,كشتيراني درياي خزر,280,979411,19865291443,21057,20100,20005,-1052,-5,20283,-774,-3.68,20005,20580,1400-3-19,2021-06-09
305,سشمال,سيمان‌ شمال‌,279,1280006,10780077480,8790,8450,8490,-300,-3.41,8530,-260,-2.96,8360,8700,1400-3-19,2021-06-09
306,فافزا,فولاد افزا سپاهان,277,453866,20162070721,45470,44106,44106,-1364,-3,44423,-1047,-2.3,44106,46700,1400-3-19,2021-06-09
307,وبشهر,توسعه‌ صنايع‌ بهشهر(هلدينگ,276,3916252,35641484270,9330,9080,9110,-220,-2.36,9100,-230,-2.47,9050,9290,1400-3-19,2021-06-09
308,كنور,توسعه معدني و صنعتي صبانور,276,340090,15974408670,47220,47800,46890,-330,-0.7,47150,-70,-0.15,46500,47800,1400-3-19,2021-06-09
309,وثنو,سرمايه گذاري ساختماني نوين,275,4291620,18123956451,4348,4220,4218,-130,-2.99,4223,-125,-2.87,4218,4424,1400-3-19,2021-06-09
310,سقاين,سيمان‌ قائن‌,275,142337,6537268940,47710,45560,46000,-1710,-3.58,46870,-840,-1.76,45340,48200,1400-3-19,2021-06-09
311,كهمدا,شيشه‌ همدان‌,270,777092,6660796280,8850,8470,8600,-250,-2.82,8720,-130,-1.47,8470,8820,1400-3-19,2021-06-09
312,وپترو,سرمايه‌گذاري صنايع پتروشيمي‌,268,930008,11394355100,12630,12200,12230,-400,-3.17,12360,-270,-2.14,12020,12840,1400-3-19,2021-06-09
313,شساخت,مهندسي و ساختمان صنايع نفت,268,942661,37191133385,40001,38826,39999,-2,0,39489,-512,-1.28,38801,40500,1400-3-19,2021-06-09
314,ارزش,صندوق س ارزش آفرين بيدار-سهام,265,1635885,13905151300,8610,8450,8500,-110,-1.28,8500,-110,-1.28,8430,8600,1400-3-19,2021-06-09
315,لوتوس,تامين سرمايه لوتوس پارسيان,265,2205743,15962637570,7250,7340,7260,10,0.14,7240,-10,-0.14,7150,7340,1400-3-19,2021-06-09
316,دپارس,پارس‌ دارو,264,254910,8906140610,36640,34940,34850,-1790,-4.89,35610,-1030,-2.81,34810,35870,1400-3-19,2021-06-09
317,دسبحان,سبحان دارو,262,645039,9415866900,14990,15490,14900,-90,-0.6,14740,-250,-1.67,14250,15490,1400-3-19,2021-06-09
318,تسه9810,امتياز تسهيلات مسكن دي98,260,6457,3869095018,583405,561003,575000,-8405,-1.44,599209,15804,2.71,560000,612000,1400-3-19,2021-06-09
319,فاما,صنعتي‌ آما,259,576541,8586060800,14760,15300,15010,250,1.69,14830,70,0.47,14230,15300,1400-3-19,2021-06-09
320,تسه9902,امتياز تسهيلات مسكن ارديبهشت99,257,4006,2412716551,582068,585781,585781,3713,0.64,602276,20208,3.47,585781,611171,1400-3-19,2021-06-09
321,جم,پتروشيمي جم,253,2733036,95982254210,35120,35020,35050,-70,-0.2,35120,0,0,34960,35890,1400-3-19,2021-06-09
322,تسه9904,امتياز تسهيلات مسكن تير99,251,3161,1878773451,585123,584444,565000,-20123,-3.44,594360,9237,1.58,565000,606600,1400-3-19,2021-06-09
323,كاردان,صندوق س تجارت شاخصي كاردان,243,59426,8461218110,145450,141750,141560,-3890,-2.67,142380,-3070,-2.11,141010,144330,1400-3-19,2021-06-09
324,ولتجار,واسپاري تجارت وسرمايه ايرانيان,242,1785464,11239060531,6485,6295,6291,-194,-2.99,6295,-190,-2.93,6291,6519,1400-3-19,2021-06-09
325,پكرمان,گروه‌ صنعتي‌ بارز,242,677605,16901251910,25190,24390,25130,-60,-0.24,25020,-170,-0.67,24350,25300,1400-3-19,2021-06-09
326,قشرين,قند شيرين خراسان,239,1810908,23927505388,12842,13227,13227,385,3,13213,371,2.89,12966,13227,1400-3-19,2021-06-09
327,ضملت3001,اختيارخ وبملت-3500-1400/03/19,239,11227,3216206000,367,300,291,-76,-20.71,286,-81,-22.07,238,340,1400-3-19,2021-06-09
328,واميد,گروه مديريت سرمايه گذاري اميد,234,1177632,11153320310,9820,9500,9330,-490,-4.99,9790,-30,-0.31,9330,9790,1400-3-19,2021-06-09
329,لبوتان,گروه‌صنعتي‌بوتان‌,234,154793,8264426060,55000,56390,53220,-1780,-3.24,54160,-840,-1.53,52250,56390,1400-3-19,2021-06-09
330,درازك,دارويي‌ رازك‌,234,771624,19865272950,25550,25770,25490,-60,-0.23,25740,190,0.74,25100,26030,1400-3-19,2021-06-09
331,وبهمن,سرمايه‌گذاري‌بهمن‌,230,1402426,17440855170,12350,12700,12370,20,0.16,12440,90,0.73,12050,12700,1400-3-19,2021-06-09
332,دابور,داروسازي‌ ابوريحان‌,227,322319,8582533120,26780,27690,26230,-550,-2.05,26690,-90,-0.34,26070,27690,1400-3-19,2021-06-09
333,وسپه,سرمايه‌گذاري‌ سپه‌,226,746589,4769585830,6400,6480,6420,20,0.31,6400,0,0,6290,6480,1400-3-19,2021-06-09
334,وتوس,توسعه‌شهري‌توس‌گستر,224,703051,9432563790,13520,13050,13190,-330,-2.44,13450,-70,-0.52,13050,13600,1400-3-19,2021-06-09
335,سفانو,سيمان فارس نو,221,385114,8931658750,24400,24400,23180,-1220,-5,23630,-770,-3.16,23180,24400,1400-3-19,2021-06-09
336,زنگان,صنعت روي زنگان,220,173616,12095765734,73313,69648,69648,-3665,-5,69670,-3643,-4.97,69648,71250,1400-3-19,2021-06-09
337,شپاس,نفت پاسارگاد,219,465333,7809310096,17048,17390,16650,-398,-2.33,16919,-129,-0.76,16471,17390,1400-3-19,2021-06-09
338,غبشهر,صنعتي‌ بهشهر,214,535875,10467769460,20130,19600,19400,-730,-3.63,19860,-270,-1.34,19400,19990,1400-3-19,2021-06-09
339,كگهر,سنگ آهن گهرزمين,212,266490,10273506402,39874,40450,38879,-995,-2.5,39757,-117,-0.29,38166,40450,1400-3-19,2021-06-09
340,سكه0012پ01,تمام سكه طرح جديد0012رفاه,212,60100,64837187600,1070175,1070109,1078998,8823,0.82,1078822,8647,0.81,1070100,1081000,1400-3-19,2021-06-09
341,سخزر,سيمان‌ خزر,211,595184,10492175880,17960,17130,17660,-300,-1.67,17730,-230,-1.28,17130,18000,1400-3-19,2021-06-09
342,كارين,صندوق س نگين سامان-ثابت,210,7613737,76965181660,10102,10110,10110,8,0.08,10109,7,0.07,10107,10110,1400-3-19,2021-06-09
343,عيار,صندوق سكه طلاي مفيد,209,231597,6281649642,27099,27050,27150,51,0.19,27123,24,0.09,27003,27190,1400-3-19,2021-06-09
344,تسه9906,امتياز تسهيلات مسكن شهريور99,208,2451,1466487570,586677,587127,599999,13322,2.27,598322,11645,1.98,560080,615000,1400-3-19,2021-06-09
345,خاور,ايران خودرو ديزل,206,3807247,18925824837,4827,4971,4971,144,2.98,4971,144,2.98,4971,4971,1400-3-19,2021-06-09
346,وسهمدا,شركت س استان همدان,205,10862150,7983780250,773,735,735,-38,-4.92,764,-9,-1.16,735,736,1400-3-19,2021-06-09
347,اطلس,صندوق س.توسعه اندوخته آينده-س,204,98103,19285295245,200232,198552,195900,-4332,-2.16,196582,-3650,-1.82,195001,198900,1400-3-19,2021-06-09
348,شپاكسا,پاكسان‌,199,1160935,23825166830,21010,20700,20800,-210,-1,20520,-490,-2.33,20060,20940,1400-3-19,2021-06-09
349,تسه9806,امتياز تسهيلات مسكن شهريور98,198,5198,3108349726,584141,576040,599998,15857,2.71,597990,13849,2.37,554934,611499,1400-3-19,2021-06-09
350,سبجنو,سيمان‌ بجنورد,197,211084,6886198750,32720,33490,32920,200,0.61,32680,-40,-0.12,31790,33900,1400-3-19,2021-06-09
351,دعبيد,لابراتوارداروسازي‌  دكترعبيدي‌,197,346070,7983070470,23730,23460,23250,-480,-2.02,23600,-130,-0.55,22950,23470,1400-3-19,2021-06-09
352,بالاس,مهندسي ساختمان تاسيسات راه آهن,195,357796,14692534944,45626,41064,41064,-4562,-10,41064,-4562,-10,41064,41064,1400-3-19,2021-06-09
353,دكپسول,توليد ژلاتين كپسول ايران,188,266771,6626441472,24880,24100,24980,100,0.4,24862,-18,-0.07,24100,25260,1400-3-19,2021-06-09
354,ضملت3002,اختيارخ وبملت-4000-1400/03/19,186,9060,9585000,20,2,1,-19,-95,1,-19,-95,1,6,1400-3-19,2021-06-09
355,وحكمت,بيمه حكمت صبا,186,1853641,5559872474,3011,2955,2997,-14,-0.46,3005,-6,-0.2,2932,3074,1400-3-19,2021-06-09
356,بمپنا,توليد برق عسلويه  مپنا,186,141724,9027538408,62643,63900,64420,1777,2.84,63156,513,0.82,62002,64990,1400-3-19,2021-06-09
357,گوهر,صندوق سكه طلاي كيان,185,493605,26261568145,53230,53112,52918,-312,-0.59,53204,-26,-0.05,52916,53875,1400-3-19,2021-06-09
358,تسه9905,امتياز تسهيلات مسكن مرداد99,182,2783,1669703259,585751,567686,594000,8249,1.41,599965,14214,2.43,567686,614938,1400-3-19,2021-06-09
359,شخارك,پتروشيمي‌ خارك‌,182,177584,7425812760,41820,41620,41800,-20,-0.05,41820,0,0,41600,42840,1400-3-19,2021-06-09
360,سرود,سيمان‌شاهرود,181,427893,7916583510,18620,18280,18480,-140,-0.75,18560,-60,-0.32,18230,18750,1400-3-19,2021-06-09
361,وخاور,بانك خاورميانه,181,3472669,28976421300,8360,8300,8380,20,0.24,8350,-10,-0.12,8300,8430,1400-3-19,2021-06-09
362,سباقر,سيمان باقران,180,775769,11439579237,15040,14800,14600,-440,-2.93,14746,-294,-1.95,14589,15009,1400-3-19,2021-06-09
363,قصفها,قنداصفهان‌,179,87951,11898890790,150320,135290,135290,-15030,-10,137040,-13280,-8.83,135290,135290,1400-3-19,2021-06-09
364,اعتلا,شركت سرمايه گذاري اعتلاء البرز,179,2312196,14689381188,7058,6353,6353,-705,-9.99,6353,-705,-9.99,6353,6353,1400-3-19,2021-06-09
365,تسه9903,امتياز تسهيلات مسكن خرداد99,176,1485,886255528,589091,562000,582000,-7091,-1.2,596805,7714,1.31,560000,618000,1400-3-19,2021-06-09
366,تشتاد,صنايع توليدي اشتاد ايران‌,174,1018808,9045311817,9151,8877,8877,-274,-2.99,8878,-273,-2.98,8877,9120,1400-3-19,2021-06-09
367,شيراز,پتروشيمي‌شيراز,173,298768,15373090970,51720,49780,51770,50,0.1,51680,-40,-0.08,49780,51840,1400-3-19,2021-06-09
368,زر,صندوق س.پشتوانه سكه طلاي زر,172,107303,4981775869,46469,46635,46408,-61,-0.13,46427,-42,-0.09,46000,46798,1400-3-19,2021-06-09
369,سكرما,سيمان‌ كرمان‌,172,436041,5995157550,13540,13850,13700,160,1.18,13620,80,0.59,13110,14110,1400-3-19,2021-06-09
370,تيپيكو,سرمايه گذاري دارويي تامين,171,251935,9001316360,36480,35700,36150,-330,-0.9,36370,-110,-0.3,34750,36260,1400-3-19,2021-06-09
371,واتي,سرمايه‌ گذاري‌ آتيه‌ دماوند,167,1555878,14177796100,9300,9380,9170,-130,-1.4,9140,-160,-1.72,8930,9380,1400-3-19,2021-06-09
372,پارس,پتروشيمي پارس,166,316984,47523580870,149760,149300,150170,410,0.27,149840,80,0.05,149300,150980,1400-3-19,2021-06-09
373,وكار,بانك‌ كارآفرين‌,162,1922199,5198893240,2780,2840,2735,-45,-1.62,2771,-9,-0.32,2651,2840,1400-3-19,2021-06-09
374,دلر,داروسازي‌ اكسير,161,169560,5254376210,30540,30750,31590,1050,3.44,30690,150,0.49,29120,31900,1400-3-19,2021-06-09
375,فردا,صندوق س آواي فرداي زاگرس-ثابت,161,3501063,37930644798,10828,10834,10834,6,0.06,10834,6,0.06,10833,10835,1400-3-19,2021-06-09
376,تبرك,گروه كارخانجات صنعتي تبرك,160,913320,16089958440,19574,17617,17617,-1957,-10,17617,-1957,-10,17617,17617,1400-3-19,2021-06-09
377,اتكاي,بيمه اتكايي ايرانيان,160,1840377,23118907739,13195,12552,12536,-659,-4.99,12562,-633,-4.8,12536,13104,1400-3-19,2021-06-09
378,زقيام,كشت و دام قيام اصفهان,159,276292,7117005628,28621,25759,25759,-2862,-10,27111,-1510,-5.28,25759,25759,1400-3-19,2021-06-09
379,ارمغان,ص سرمايه گذاري ارمغان ايرانيان,157,2673400,26798080908,10018,10025,10028,10,0.1,10024,6,0.06,10013,10030,1400-3-19,2021-06-09
380,وتوسم,سرمايه‌گذاري‌توسعه‌ملي‌,156,456626,3254361210,7160,7060,7110,-50,-0.7,7150,-10,-0.14,7050,7230,1400-3-19,2021-06-09
381,مبين,مبين انرژي خليج فارس,155,1243520,18473335900,15000,14930,14700,-300,-2,14980,-20,-0.13,14520,15000,1400-3-19,2021-06-09
382,معيار ,سرمايه گذاري معيار صنعت پارس,153,332011,18312735625,56826,55122,55122,-1704,-3,55157,-1669,-2.94,55122,56500,1400-3-19,2021-06-09
383,وارس,سرمايه گذاري ارس صبا,151,787451,10119457979,12527,12888,12902,375,2.99,12837,310,2.47,12300,12902,1400-3-19,2021-06-09
384,واميدح,ح.گروه مديريت سرمايه گذار اميد,151,634441,4574371460,7320,7020,7300,-20,-0.27,7210,-110,-1.5,7020,7310,1400-3-19,2021-06-09
385,فخاس,فولاد خراسان,149,194262,4100646080,22160,21060,21300,-860,-3.88,22110,-50,-0.23,21060,21610,1400-3-19,2021-06-09
386,شرنگي,شيميايي رنگين,147,13660,3439472288,255324,248500,249000,-6324,-2.48,254091,-1233,-0.48,247670,260010,1400-3-19,2021-06-09
387,شراز,پالايش نفت شيراز,146,97103,8672592179,93169,91990,88880,-4289,-4.6,92258,-911,-0.98,88511,91990,1400-3-19,2021-06-09
388,سپاس,صندوق س. پاداش سهامداري-ثابت,143,2415651,24208747118,10016,10022,10023,7,0.07,10022,6,0.06,10021,10024,1400-3-19,2021-06-09
389,پسهند,صنايع‌ لاستيكي‌  سهند,143,122568,3970047080,33400,31920,32990,-410,-1.23,33120,-280,-0.84,31900,33280,1400-3-19,2021-06-09
390,سبهان,سيمان‌ بهبهان‌,142,167233,10134319800,63780,60600,60600,-3180,-4.99,61430,-2350,-3.68,60600,60600,1400-3-19,2021-06-09
391,پرديس,سرمايه گذاري پرديس,140,433875,1905346486,4472,4450,4416,-56,-1.25,4462,-10,-0.22,4350,4488,1400-3-19,2021-06-09
392,كاريس,صندوق س.سپهر كاريزما-س,140,523910,5579697971,10832,10810,10560,-272,-2.51,10650,-182,-1.68,10550,10810,1400-3-19,2021-06-09
393,تسه9901,امتياز تسهيلات مسكن فروردين99,139,671,398935161,593550,564555,585000,-8550,-1.44,594538,988,0.17,564555,620000,1400-3-19,2021-06-09
394,ضخود4002,اختيارخ خودرو-1800-1400/04/02,139,5607,986081000,170,150,180,10,5.88,176,6,3.53,123,220,1400-3-19,2021-06-09
395,بورس,بورس اوراق بهادار تهران,138,619571,15247642310,25900,24610,24610,-1290,-4.98,25400,-500,-1.93,24610,24610,1400-3-19,2021-06-09
396,مداران,داده‌پردازي‌ايران‌,138,222253,3643271400,17150,16610,16650,-500,-2.92,16960,-190,-1.11,16300,16690,1400-3-19,2021-06-09
397,وپخش,داروپخش‌ (هلدينگ‌,136,67959,6089077240,92490,87880,90740,-1750,-1.89,91910,-580,-0.63,87880,91000,1400-3-19,2021-06-09
398,شاوان,پالايش نفت لاوان,132,119012,8341062499,71787,70710,70500,-1287,-1.79,71344,-443,-0.62,68950,71000,1400-3-19,2021-06-09
399,دالبر,البرزدارو,131,376574,4478283730,12020,11640,11600,-420,-3.49,11980,-40,-0.33,11600,12080,1400-3-19,2021-06-09
400,تسه9808,امتياز تسهيلات مسكن آبان98,131,1193,712984744,582499,570500,600000,17501,3,597640,15141,2.6,570500,611623,1400-3-19,2021-06-09
401,حسينا,توسعه خدمات دريايي وبندري سينا,130,114903,6700755785,59882,60750,57924,-1958,-3.27,59216,-666,-1.11,57612,60750,1400-3-19,2021-06-09
402,تسه9809,امتياز تسهيلات مسكن آذر98,129,1437,849892088,571866,583511,584000,12134,2.12,591435,19569,3.42,543289,600459,1400-3-19,2021-06-09
403,سحرخيز,صندوق س. گروه زعفران سحرخيز,128,217976,1853032189,8579,8750,8494,-85,-0.99,8501,-78,-0.91,8450,8750,1400-3-19,2021-06-09
404,كيان2,صندوق س. با درآمد ثابت كيان,128,12800000,12800000,28781,1,1,-28780,-100,1,-28780,-100,1,1,1400-3-19,2021-06-09
405,دسبحانح,ح. سبحان دارو,128,168403,2106702410,12760,12700,12200,-560,-4.39,12510,-250,-1.96,11590,12780,1400-3-19,2021-06-09
406,خراسان,پتروشيمي خراسان,128,82889,5067139060,60970,60030,60800,-170,-0.28,60990,20,0.03,60000,61700,1400-3-19,2021-06-09
407,گدنا,تهيه توزيع غذاي دنا آفرين فدك,127,93022,2124343414,25374,22837,22837,-2537,-10,24956,-418,-1.65,22837,22837,1400-3-19,2021-06-09
408,تسه9805,امتياز تسهيلات مسكن مرداد98,126,2033,1218764762,588331,590000,597000,8669,1.47,599491,11160,1.9,590000,616900,1400-3-19,2021-06-09
409,اتكام,شركت بيمه اتكايي امين,123,596782,2612189626,4414,4291,4301,-113,-2.56,4408,-6,-0.14,4291,4439,1400-3-19,2021-06-09
410,تسه9804,امتياز تسهيلات مسكن تير98,122,2161,1287880117,584333,570000,590032,5699,0.98,595965,11632,1.99,570000,605000,1400-3-19,2021-06-09
411,مارون,پتروشيمي مارون,121,457139,64648917023,142325,142899,142774,449,0.32,141734,-591,-0.42,139110,142900,1400-3-19,2021-06-09
412,تسه9812,امتياز تسهيلات مسكن اسفند98,120,714,425053074,583060,554444,575000,-8060,-1.38,595312,12252,2.1,554444,611000,1400-3-19,2021-06-09
413,سپيدما,صندوق س. سپيد دماوند-د,119,6946289,72748242567,10461,10476,10476,15,0.14,10473,12,0.11,10472,10476,1400-3-19,2021-06-09
414,آرمان,بيمه آرمان,118,729480,4920443907,6890,6790,6720,-170,-2.47,6814,-76,-1.1,6688,6929,1400-3-19,2021-06-09
415,بفجر,فجر انرژي خليج فارس,117,273587,5979704830,21570,22110,21890,320,1.48,21600,30,0.14,21400,22110,1400-3-19,2021-06-09
416,نطرين,عطرين نخ قم,117,241380,2571903900,11838,10655,10655,-1183,-9.99,11612,-226,-1.91,10655,10655,1400-3-19,2021-06-09
417,تسه9807,امتياز تسهيلات مسكن مهر98,116,1273,769298304,586839,583330,600005,13166,2.24,604319,17480,2.98,583330,616168,1400-3-19,2021-06-09
418,قشير,قند شيروان قوچان و بجنورد,113,266530,6065423210,25285,22757,22757,-2528,-10,24149,-1136,-4.49,22757,22757,1400-3-19,2021-06-09
419,كلر,كلر پارس,111,262562,30104046110,127394,114655,114655,-12739,-10,114655,-12739,-10,114655,114655,1400-3-19,2021-06-09
420,تسه9811,امتياز تسهيلات مسكن بهمن98,111,809,479396191,589028,561000,594000,4972,0.84,592579,3551,0.6,561000,618000,1400-3-19,2021-06-09
421,وبرق,س.کارکنان صنعت برق زنجان وقزوي,108,566013,27414273642,47024,48434,48434,1410,3,48434,1410,3,48434,48434,1400-3-19,2021-06-09
422,قنيشا,قند  نيشابور,108,226268,13012672680,63890,57510,57510,-6380,-9.99,57740,-6150,-9.63,57510,57510,1400-3-19,2021-06-09
423,دسينا,داروسازي‌ سينا,107,233353,4177935560,18190,17480,17700,-490,-2.69,18110,-80,-0.44,17480,18230,1400-3-19,2021-06-09
424,سمتاز,سيمان ممتازان كرمان,104,296664,6996995858,22920,23607,23607,687,3,23355,435,1.9,23200,23607,1400-3-19,2021-06-09
425,دتوليد,داروسازي توليد دارو,103,637470,10130035770,16727,15891,15891,-836,-5,15891,-836,-5,15891,15891,1400-3-19,2021-06-09
426,ومعلم,بيمه معلم,101,725162,3205216040,4911,4420,4420,-491,-10,4794,-117,-2.38,4420,4420,1400-3-19,2021-06-09
427,پارسيان,بيمه پارسيان,100,371572,2923043670,7960,7770,7960,0,0,7940,-20,-0.25,7710,8140,1400-3-19,2021-06-09
428,شزنگ,تجهيزنيروي‌زنگان‌,100,31418,5028450900,165000,160050,160050,-4950,-3,161354,-3646,-2.21,160050,160050,1400-3-19,2021-06-09
429,فيروزه,صندوق شاخص30 شركت فيروزه- سهام,99,36165,4704159720,132300,129700,131000,-1300,-0.98,130070,-2230,-1.69,129650,131000,1400-3-19,2021-06-09
430,دبالك,مواد اوليه دارويي البرز بالك,95,731002,13264031290,20161,18145,18145,-2016,-10,18148,-2013,-9.98,18145,18145,1400-3-19,2021-06-09
431,اخزا910,اسنادخزانه-م10بودجه99-020807,95,126325,77680941604,614175,614000,615113,938,0.15,614929,754,0.12,614000,615799,1400-3-19,2021-06-09
432,شصدف,صنعتي دوده فام,94,62047,1731607676,31008,27908,27908,-3100,-10,30609,-399,-1.29,27908,27908,1400-3-19,2021-06-09
433,انرژي3,سايراشخاص بورس انرژي,91,17911,3519869720,206860,196520,196520,-10340,-5,206090,-770,-0.37,196520,196520,1400-3-19,2021-06-09
434,آساس,صندوق س.آسمان آرماني سهام-س,89,26504,4112525054,157895,155000,155000,-2895,-1.83,155166,-2729,-1.73,154013,156263,1400-3-19,2021-06-09
435,رافزا,رايان هم افزا,87,27719,2615952906,104859,94374,94374,-10485,-10,102818,-2041,-1.95,94374,94374,1400-3-19,2021-06-09
436,وساشرقي,شركت س استان آذربايجان شرقي,81,4067459,3611915010,934,888,888,-46,-4.93,932,-2,-0.21,888,890,1400-3-19,2021-06-09
437,خاتم,صندوق س خاتم ايساتيس پويا-ثابت,80,1374835,15423320148,11212,11217,11222,10,0.09,11218,6,0.05,11216,11222,1400-3-19,2021-06-09
438,فيروزا,صندوق بادرآمد ثابت فيروزه آسيا,77,227274,5272033608,23169,23188,23200,31,0.13,23197,28,0.12,23140,23280,1400-3-19,2021-06-09
439,ولشرق,ليزينگ ايران و شرق,75,807213,5659370343,7790,7011,7011,-779,-10,7458,-332,-4.26,7011,7011,1400-3-19,2021-06-09
440,دتوزيع,توزيع دارو پخش,75,236114,9723646748,45757,41182,41182,-4575,-10,43507,-2250,-4.92,41182,41182,1400-3-19,2021-06-09
441,دفرا,فرآورده‌هاي‌ تزريقي‌ ايران‌,73,64334,1450339400,22590,22860,22740,150,0.66,22590,0,0,21860,22860,1400-3-19,2021-06-09
442,زعف0008پ05,زعفران0008نگين زرين(پ),72,29464,3592719577,121104,121649,121200,96,0.08,121936,832,0.69,119500,123886,1400-3-19,2021-06-09
443,اخزا902,اسنادخزانه-م2بودجه99-011019,71,106933,77870786031,728092,750000,729210,1118,0.15,728220,128,0.02,727020,750000,1400-3-19,2021-06-09
444,ضخود7076,اختيارخ خودرو-2500-1400/07/07,71,2564,303262000,113,117,117,4,3.54,118,5,4.42,101,130,1400-3-19,2021-06-09
445,ريشمك,توليد و صادرات ريشمك,71,129353,5829163592,50071,45064,45064,-5007,-10,47867,-2204,-4.4,45064,45064,1400-3-19,2021-06-09
446,ضفلا3003,اختيارخ فولاد-7133-1400/03/19,71,1959,6242170866,2321,1952,2410,89,3.83,2273,-48,-2.07,1952,2450,1400-3-19,2021-06-09
447,اوصتا,صندوق انديشه ورزان صباتامين -د,69,35225,663980168,18840,18850,18855,15,0.08,18850,10,0.05,18845,18860,1400-3-19,2021-06-09
448,شاملا,معدني‌ املاح‌  ايران‌,68,47110,1549927640,33420,34110,33350,-70,-0.21,33360,-60,-0.18,31910,34110,1400-3-19,2021-06-09
449,زفكا,كشت و دامداري فكا,67,370417,4170525003,12510,11259,11259,-1251,-10,12123,-387,-3.09,11259,11259,1400-3-19,2021-06-09
450,وسهرمز,شركت س استان هرمزگان,67,3538891,3000979568,892,848,848,-44,-4.93,888,-4,-0.45,848,848,1400-3-19,2021-06-09
451,اخزا901,اسنادخزانه-م1بودجه99-010621,66,58419,45391639316,775709,775002,776610,901,0.12,777001,1292,0.17,774029,778000,1400-3-19,2021-06-09
452,شكبير,پتروشيمي اميركبير,66,90456,7438716504,82453,82012,81210,-1243,-1.51,82437,-16,-0.02,81113,83500,1400-3-19,2021-06-09
453,پخشح,ح. پخش البرز,61,154709,1856508000,19540,12000,12000,-7540,-38.59,12000,-7540,-38.59,12000,12000,1400-3-19,2021-06-09
454,ضپاس7029,اختيارخ وپارس-2500-1400/07/28,61,1143,610491000,580,640,498,-82,-14.14,534,-46,-7.93,461,648,1400-3-19,2021-06-09
455,نهال,صندوق س. طلاي سرخ نوويرا,61,100986,854537041,8547,8500,8450,-97,-1.13,8462,-85,-0.99,8402,8600,1400-3-19,2021-06-09
456,اخزا914,اسنادخزانه-م14بودجه99-021025,60,265359,157060316749,588792,588520,590500,1708,0.29,591879,3087,0.52,588520,594999,1400-3-19,2021-06-09
457,ضپال2007,اختيارخ اپال-32000-1401/02/12,56,2154,493558000,211,230,250,39,18.48,229,18,8.53,206,280,1400-3-19,2021-06-09
458,داوه,داروسازي آوه سينا,52,76217,1378460662,20095,18086,18086,-2009,-10,19889,-206,-1.03,18086,18086,1400-3-19,2021-06-09
459,حسير,ريل سير كوثر,52,530053,8295859503,17389,15651,15651,-1738,-9.99,16321,-1068,-6.14,15651,15651,1400-3-19,2021-06-09
460,اخزا903,اسنادخزانه-م3بودجه99-011110,52,86179,62026973027,719229,719000,720980,1751,0.24,719746,517,0.07,718000,720999,1400-3-19,2021-06-09
461,ضخود7078,اختيارخ خودرو-3500-1400/07/07,51,3149,74425000,21,20,29,8,38.1,24,3,14.29,20,29,1400-3-19,2021-06-09
462,سپر,صندوق س سپر سرمايه بيدار- ثابت,50,950125,11317756282,11907,12002,11915,8,0.07,11912,5,0.04,11600,12017,1400-3-19,2021-06-09
463,ضملت3000,اختيارخ وبملت-3000-1400/03/19,49,1362,1066308000,826,701,800,-26,-3.15,783,-43,-5.21,655,810,1400-3-19,2021-06-09
464,ضسپا3001,اختيارخ خساپا-1600-1400/03/26,47,1650,246943000,152,120,186,34,22.37,150,-2,-1.32,111,200,1400-3-19,2021-06-09
465,وبازار,صندوق س شاخصي بازارآشنا,47,164315,1512080180,9220,9200,9200,-20,-0.22,9200,-20,-0.22,9200,9230,1400-3-19,2021-06-09
466,غپآذر,شير پگاه آذربايجان شرقي,47,57226,2808766532,54535,49082,49082,-5453,-10,53398,-1137,-2.08,49082,49082,1400-3-19,2021-06-09
467,كالا,بورس كالاي ايران,46,82530,2338074900,29820,28330,28330,-1490,-5,29700,-120,-0.4,28330,28330,1400-3-19,2021-06-09
468,حآسا,آسيا سير ارس,46,77857,2774667766,39597,35638,35638,-3959,-10,38782,-815,-2.06,35638,35638,1400-3-19,2021-06-09
469,وآوا,سرمايه گذاري آوا نوين,46,994990,5896310740,6237,5926,5926,-311,-4.99,6076,-161,-2.58,5926,5926,1400-3-19,2021-06-09
470,بكام,كارخانجات توليدي شهيد قندي,46,346613,1188189364,3608,3428,3428,-180,-4.99,3593,-15,-0.42,3428,3428,1400-3-19,2021-06-09
471,اخزا909,اسنادخزانه-م9بودجه99-020316,45,99696,66523983615,666262,665011,667000,738,0.11,667268,1006,0.15,665011,668999,1400-3-19,2021-06-09
472,ثپرديس,سرمايه گذاري مسكن پرديس,45,113728,1013657664,9903,8913,8913,-990,-10,9827,-76,-0.77,8913,8913,1400-3-19,2021-06-09
473,زرين,صندوق س. سهام زرين كوروش-س,45,34042,319494734,9553,9688,9321,-232,-2.43,9385,-168,-1.76,9304,9688,1400-3-19,2021-06-09
474,ساروج,بين المللي ساروج بوشهر,44,217637,3423407485,16074,15980,15600,-474,-2.95,15952,-122,-0.76,15594,16468,1400-3-19,2021-06-09
475,ضجار7039,اختيارخ وتجارت-1997-1400/07/21,43,1028,405994000,380,240,430,50,13.16,395,15,3.95,240,430,1400-3-19,2021-06-09
476,آتيمس,صندوق س.آرمان آتيه درخشان مس-س,43,11990,2007566819,168839,168000,167000,-1839,-1.09,167437,-1402,-0.83,166001,169777,1400-3-19,2021-06-09
477,سكه0112پ03,تمام سكه طرح جديد0112سامان,43,8600,9263153500,1070105,1070010,1077000,6895,0.64,1077111,7006,0.65,1070010,1081999,1400-3-19,2021-06-09
478,ساينا,صنايع بهداشتي ساينا,43,11198,1527512340,143487,137147,136313,-7174,-5,142724,-763,-0.53,136313,141890,1400-3-19,2021-06-09
479,خبازرس,بازرسي مهندسي و صنعتي ايران,42,50797,1163657676,24113,22908,22908,-1205,-5,23964,-149,-0.62,22908,22908,1400-3-19,2021-06-09
480,ضخود7072,اختيارخ خودرو-1400-1400/07/07,41,193,124923000,631,300,639,8,1.27,647,16,2.54,300,680,1400-3-19,2021-06-09
481,كپارس,كاشي‌ پارس‌,41,109267,13435470320,129430,122960,122960,-6470,-5,123310,-6120,-4.73,122960,122960,1400-3-19,2021-06-09
482,صايند,صندوق س. گنجينه آينده روشن-د,40,293330,2909562900,9861,9899,9925,64,0.65,9919,58,0.59,9899,9925,1400-3-19,2021-06-09
483,آكورد2,صندوق س. آرمان آتي كوثر-د,40,4000000,4000000,32471,1,1,-32470,-100,1,-32470,-100,1,1,1400-3-19,2021-06-09
484,سخند,صندوق س.سپهرخبرگان نفت-د,39,226820,2267404380,9954,9997,9990,36,0.36,9996,42,0.42,9950,10000,1400-3-19,2021-06-09
485,دارو,كارخانجات‌داروپخش‌,39,38104,1039589570,28680,27260,27250,-1430,-4.99,28590,-90,-0.31,27250,28220,1400-3-19,2021-06-09
486,غديس,پاكديس,39,171451,2067013256,13395,12056,12056,-1339,-10,13190,-205,-1.53,12056,12056,1400-3-19,2021-06-09
487,سكه0012پ04,تمام سكه طرح جديد0012صادرات,38,25300,27199680500,1069649,1065101,1076000,6351,0.59,1075086,5437,0.51,1065101,1080000,1400-3-19,2021-06-09
488,كاسپين,داروسازي كاسپين تامين,38,329713,7633845089,25725,23153,23153,-2572,-10,24270,-1455,-5.66,23153,23153,1400-3-19,2021-06-09
489,دارا,صندوق س. دارا الگوريتم-د,38,1210296,12178159184,10057,10063,10062,5,0.05,10062,5,0.05,10047,10064,1400-3-19,2021-06-09
490,كتوكا,توليدي و خدمات صنايع نسوز توكا,36,35213,1078045995,34016,30615,30615,-3401,-10,33744,-272,-0.8,30615,30615,1400-3-19,2021-06-09
491,ضفلا3005,اختيارخ فولاد-9986-1400/03/19,36,1564,60110750,40,10,1,-39,-97.5,27,-13,-32.5,1,50,1400-3-19,2021-06-09
492,وپسا,س. پتروشيمي ساختمان  خليج فارس,35,272345,547141105,2050,2009,2009,-41,-2,2043,-7,-0.34,2009,2009,1400-3-19,2021-06-09
493,مدير,ص.س.مديريت ثروت ص.بازنشستگي-س,35,69155,543348909,7973,7765,7845,-128,-1.61,7857,-116,-1.45,7765,7904,1400-3-19,2021-06-09
494,سكه0011پ02,تمام سكه طرح جديد0011ملت,35,8000,8614279700,1069912,1076000,1075625,5713,0.53,1076785,6873,0.64,1075500,1082500,1400-3-19,2021-06-09
495,افق ملت,صندوق س در سهام افق ملت,34,6354,778643790,123540,122600,122500,-1040,-0.84,122540,-1000,-0.81,122500,122870,1400-3-19,2021-06-09
496,اخزا908,اسنادخزانه-م8بودجه99-020606,34,104404,66420931244,636750,635520,637000,250,0.04,636191,-559,-0.09,635500,637000,1400-3-19,2021-06-09
497,هپارس102,اختيارف ت پارس-157010-01/02/05,33,120856,120856,1,1,1,0,0,1,0,0,1,1,1400-3-19,2021-06-09
498,كپشيرح,ح . پشم‌شيشه‌ايران‌,32,89268,1483697600,17650,17300,16600,-1050,-5.95,16620,-1030,-5.84,16600,17300,1400-3-19,2021-06-09
499,ضخود7073,اختيارخ خودرو-1600-1400/07/07,32,440,213585000,490,485,507,17,3.47,485,-5,-1.02,430,586,1400-3-19,2021-06-09
500,شفا,سرمايه گذاري شفادارو,31,30256,1161225280,40390,38380,38380,-2010,-4.98,40260,-130,-0.32,38380,38380,1400-3-19,2021-06-09
501,شصدفح,ح . صنعتي دوده فام,31,171467,3414665638,22126,19930,19914,-2212,-10,19914,-2212,-10,19914,19930,1400-3-19,2021-06-09
502,اخزا911,اسنادخزانه-م11بودجه99-020906,30,185732,112485497521,604727,603721,606150,1423,0.24,605633,906,0.15,603700,607000,1400-3-19,2021-06-09
503,هشستا103,اختيارف ت شستا-10338-01/03/08,30,93496,93496,1,1,1,0,0,1,0,0,1,1,1400-3-19,2021-06-09
504,هنوري102,اختيارف ت نوري59561-01/02/15,29,300000,300000,1,1,1,0,0,1,0,0,1,1,1400-3-19,2021-06-09
505,مرقام,ايران‌ارقام‌,28,47682,758143800,16730,15900,15900,-830,-4.96,16680,-50,-0.3,15900,15900,1400-3-19,2021-06-09
506,شستان,پتروشيمي گلستان,28,1102500,4002075000,3781,3630,3630,-151,-3.99,3655,-126,-3.33,3630,3630,1400-3-19,2021-06-09
507,ثعمرا,عمران و توسعه شاهد,27,55893,652830240,12977,11680,11680,-1297,-9.99,12914,-63,-0.49,11680,11680,1400-3-19,2021-06-09
508,اوان,مبين وان كيش,27,23207,1138674662,54517,49066,49066,-5451,-10,54057,-460,-0.84,49066,49066,1400-3-19,2021-06-09
509,كمرجان,بازرگاني و توليدي مرجان كار,27,5336,704090536,146612,131951,131951,-14661,-10,145847,-765,-0.52,131951,131951,1400-3-19,2021-06-09
510,اخزا808,اسنادخزانه-م8بودجه98-000817,26,12285,11295183149,917788,918201,920950,3162,0.34,919429,1641,0.18,918200,920950,1400-3-19,2021-06-09
511,خرينگ,رينگ‌سازي‌مشهد,25,5272,235869280,47090,44740,44740,-2350,-4.99,47050,-40,-0.08,44740,44740,1400-3-19,2021-06-09
512,دسانكو,داروسازي سبحان انكولوژي,25,116746,1470649362,13260,12597,12597,-663,-5,13187,-73,-0.55,12597,12597,1400-3-19,2021-06-09
513,گوهر2,صندوق سكه طلاي كيان,25,250000,250000,53230,1,1,-53229,-100,1,-53229,-100,1,1,1400-3-19,2021-06-09
514,ثغرب,شركت سرمايه گذاري مسكن شمالغرب,25,84913,587682873,7689,6921,6921,-768,-9.99,7655,-34,-0.44,6921,6921,1400-3-19,2021-06-09
515,حپارسا,توسعه حمل و نقل ريلي پارسيان,24,23458,742492616,35168,31652,31652,-3516,-10,34975,-193,-0.55,31652,31652,1400-3-19,2021-06-09
516,قيستو,شركت قند بيستون,24,64093,989388131,15633,15940,15420,-213,-1.36,15593,-40,-0.26,15321,15940,1400-3-19,2021-06-09
517,ضملي7002,اختيارخ فملي-9720-1400/07/11,24,119,361383000,3360,3000,2990,-370,-11.01,3037,-323,-9.61,2990,3140,1400-3-19,2021-06-09
518,زعف0008پ08,زعفران0008نگين روستا(پ),24,17143,2087636518,121248,121201,121500,252,0.21,121778,530,0.44,121201,122495,1400-3-19,2021-06-09
519,اخزا806,اسنادخزانه-م6بودجه98-000519,24,112466,108894568660,965878,966000,966200,322,0.03,968244,2366,0.24,966000,969400,1400-3-19,2021-06-09
520,صنوين,صندوق سرمايه‌گذاري صنوين-مختلط,24,2430,259205690,108310,108340,107320,-990,-0.91,106670,-1640,-1.51,105190,108340,1400-3-19,2021-06-09
521,وهنر,گروه توسعه هنر ايران,22,130405,996555010,7878,7642,7642,-236,-3,7854,-24,-0.3,7642,7642,1400-3-19,2021-06-09
522,فردا2,صندوق س آواي فرداي زاگرس-ثابت,22,2200000,2200000,10828,1,1,-10827,-99.99,1,-10827,-99.99,1,1,1400-3-19,2021-06-09
523,اخزا905,اسنادخزانه-م5بودجه99-020218,22,79618,54007073440,677144,677111,677750,606,0.09,678327,1183,0.17,677111,678999,1400-3-19,2021-06-09
524,ثالوند,سرمايه گذاري مسكن الوند,22,11268,321735204,31725,28553,28553,-3172,-10,31649,-76,-0.24,28553,28553,1400-3-19,2021-06-09
525,ضملت3003,اختيارخ وبملت-4500-1400/03/19,21,821,851000,2,1,1,-1,-50,1,-1,-50,1,4,1400-3-19,2021-06-09
526,تپكو,توليدتجهيزات‌سنگين‌هپكو,21,73528,381463264,5404,5188,5188,-216,-4,5402,-2,-0.04,5188,5188,1400-3-19,2021-06-09
527,لابسا,آبسال‌,19,38072,1581130160,43710,41530,41530,-2180,-4.99,43440,-270,-0.62,41530,41530,1400-3-19,2021-06-09
528,اخزا810,اسنادخزانه-م10بودجه98-001006,19,93478,83666352608,894285,895004,897500,3215,0.36,895038,753,0.08,895000,897500,1400-3-19,2021-06-09
529,داريك,صندوق س.اعتماد داريك-د,19,1001483,10665792467,10620,10650,10649,29,0.27,10650,30,0.28,10649,10650,1400-3-19,2021-06-09
530,ضسپا8041,اختيارخ خساپا-1600-1400/08/26,19,480,143064000,149,320,340,191,128.19,298,149,100,270,340,1400-3-19,2021-06-09
531,وتعاون,بيمه  تعاون,19,38936,224660720,6073,5770,5770,-303,-4.99,6066,-7,-0.12,5770,5770,1400-3-19,2021-06-09
532,خلنت,لنت‌ ترمزايران‌,19,13578,698316540,54130,51430,51430,-2700,-4.99,53990,-140,-0.26,51430,51430,1400-3-19,2021-06-09
533,آ س پ,آ.س.پ,18,17999,259833564,16040,14436,14436,-1604,-10,16009,-31,-0.19,14436,14436,1400-3-19,2021-06-09
534,زعف0008پ09,زعفران0008نگين نوين(پ),18,10884,1316366650,119491,121000,121799,2308,1.93,120945,1454,1.22,120500,121799,1400-3-19,2021-06-09
535,كساپا,سايپاشيشه‌,18,264002,9409031280,37510,35640,35640,-1870,-4.99,36230,-1280,-3.41,35640,35640,1400-3-19,2021-06-09
536,كگهر2,سنگ آهن گهرزمين,18,500914188,20000000784276,39874,39927,39927,53,0.13,39927,53,0.13,39927,39927,1400-3-19,2021-06-09
537,ضسپا8042,اختيارخ خساپا-1800-1400/08/26,18,425,111110000,192,280,250,58,30.21,261,69,35.94,230,280,1400-3-19,2021-06-09
538,وآيند,بانك  آينده,18,30333,481991370,16214,15890,15890,-324,-2,16212,-2,-0.01,15890,15890,1400-3-19,2021-06-09
539,دمعيار,صندوق س. توازن معيار-د,18,158167,1597158237,10091,10095,10100,9,0.09,10098,7,0.07,10095,10100,1400-3-19,2021-06-09
540,كبافق,معادن‌ بافق‌,18,7127,288928580,42670,40540,40540,-2130,-4.99,42640,-30,-0.07,40540,40540,1400-3-19,2021-06-09
541,زير0003پ02,زيره سبز0003 دانش(پ),17,671,406550134,595839,622739,622739,26900,4.51,605887,10048,1.69,575000,622739,1400-3-19,2021-06-09
542,سجام,مجتمع سيمان غرب آسيا,17,99575,373505825,3867,3751,3751,-116,-3,3862,-5,-0.13,3751,3751,1400-3-19,2021-06-09
543,اخزا818,اسنادخزانه-م18بودجه98-010614,17,16821,13120279305,779930,777010,780002,72,0.01,779994,64,0.01,777010,780500,1400-3-19,2021-06-09
544,اگ000618,گام بانك تجارت0006,17,170000,160650000000,937385,945000,945000,7615,0.81,945000,7615,0.81,945000,945000,1400-3-19,2021-06-09
545,اگ000419,گام بانك صادرات0004,17,170000,166260000000,972830,978000,978000,5170,0.53,978000,5170,0.53,978000,978000,1400-3-19,2021-06-09
546,پلاسك,پلاسكوكار,17,79402,516907020,6850,6510,6510,-340,-4.96,6840,-10,-0.15,6510,6510,1400-3-19,2021-06-09
547,ضجار7040,اختيارخ وتجارت-2497-1400/07/21,16,841,199929000,239,190,255,16,6.69,238,-1,-0.42,190,255,1400-3-19,2021-06-09
548,زعف0008پ16,زعفران0008نگين بيرجند(پ),16,5210,625392151,119995,121000,120000,5,0,120037,42,0.04,119001,123970,1400-3-19,2021-06-09
549,ضفلا3002,اختيارخ فولاد-6420-1400/03/19,16,718,3108011082,2951,2900,3099,148,5.02,3088,137,4.64,2900,3250,1400-3-19,2021-06-09
550,اخزا821,اسنادخزانه-م21بودجه98-020906,16,38145,23110538389,605176,605015,606000,824,0.14,605860,684,0.11,604001,609995,1400-3-19,2021-06-09
551,زكوثر,سرمايه گذاري كشاورزي كوثر,15,8479,155928810,19350,18390,18390,-960,-4.96,19340,-10,-0.05,18390,18390,1400-3-19,2021-06-09
552,لكما,كارخانجات‌مخابراتي‌ايران‌,15,57650,331429850,6051,5749,5749,-302,-4.99,6040,-11,-0.18,5749,5749,1400-3-19,2021-06-09
553,قثابت,قند ثابت‌ خراسان‌,15,5509,309660890,59160,56210,56210,-2950,-4.99,59100,-60,-0.1,56210,56210,1400-3-19,2021-06-09
554,طفلا3008,اختيارف فولاد-14266-1400/03/19,15,1500,9568650000,1,4550,4550,4549,454900,4550,4549,454900,4550,4550,1400-3-19,2021-06-09
555,سدبير,س. تدبيرگران فارس وخوزستان,15,3529,274845578,86535,77882,77882,-8653,-10,86359,-176,-0.2,77882,77882,1400-3-19,2021-06-09
556,كگاز,شيشه‌ و گاز,15,12146,199558780,17290,16430,16430,-860,-4.97,17280,-10,-0.06,16430,16430,1400-3-19,2021-06-09
557,گنجين,صندوق س. گنجينه يكم آويد-د,14,62458,811756702,12989,12987,12997,8,0.06,12997,8,0.06,12987,12998,1400-3-19,2021-06-09
558,اخزا720,اسنادخزانه-م20بودجه97-000324,14,2703,2695146670,996280,996860,998000,1720,0.17,997095,815,0.08,996860,998000,1400-3-19,2021-06-09
559,اخزا906,اسنادخزانه-م6بودجه99-020321,14,564,418030319,736133,735614,756300,20167,2.74,741188,5055,0.69,722002,756300,1400-3-19,2021-06-09
560,فولاي,صنايع فولاد آلياژي يزد,13,73839,3531940887,50350,47833,47833,-2517,-5,49726,-624,-1.24,47833,47833,1400-3-19,2021-06-09
561,فراز,صندوق س.سهام فراز داريك-س,13,17930,185921682,10369,10369,10370,1,0.01,10369,0,0,10369,10370,1400-3-19,2021-06-09
562,اخزا904,اسنادخزانه-م4بودجه99-011215,13,56659,40086808534,706707,704001,704300,-2407,-0.34,707510,803,0.11,704001,708000,1400-3-19,2021-06-09
563,لپارس,پارس‌ الكتريك‌,13,3231,259352370,84490,80270,80270,-4220,-4.99,84410,-80,-0.09,80270,80270,1400-3-19,2021-06-09
564,الماس,صندوق س.امين تدبيرگران فردا-س,13,3378,331527715,101034,100000,99999,-1035,-1.02,98143,-2891,-2.86,98000,100470,1400-3-19,2021-06-09
565,تكمبا,كمباين‌ سازي‌ ايران‌,12,23495,165169850,7400,7030,7030,-370,-5,7400,0,0,7030,7030,1400-3-19,2021-06-09
566,نمرينو,ايران‌ مرينوس‌,12,5361,435474030,85500,81230,81230,-4270,-4.99,85370,-130,-0.15,81230,81230,1400-3-19,2021-06-09
567,غنوش,نوش‌ مازندران‌,12,5142,264350220,54110,51410,51410,-2700,-4.99,54060,-50,-0.09,51410,51410,1400-3-19,2021-06-09
568,وسديد,گروه ‌صنعتي‌سديد,12,61955,174960920,2881,2824,2824,-57,-1.98,2881,0,0,2824,2824,1400-3-19,2021-06-09
569,اخزا722,اسنادخزانه-م22بودجه97-000428,12,23445,22928379000,976828,977831,980400,3572,0.37,977965,1137,0.12,977380,980500,1400-3-19,2021-06-09
570,ضفلا3001,اختيارخ فولاد-5706-1400/03/19,12,77,418738144,3669,4567,4567,898,24.48,3879,210,5.72,3700,4567,1400-3-19,2021-06-09
571,زعف0008پ20,زعفران0008نگين وحدت جام(پ),12,5601,670613150,119231,119000,119000,-231,-0.19,119731,500,0.42,118500,120050,1400-3-19,2021-06-09
572,افرا,افرانت,11,4857,133922061,29024,27573,27573,-1451,-5,29008,-16,-0.06,27573,27573,1400-3-19,2021-06-09
573,وحافظ,بيمه حافظ,11,77680,4896015040,65654,63028,63028,-2626,-4,63028,-2626,-4,63028,63028,1400-3-19,2021-06-09
574,اخزا716,اسنادخزانه-م16بودجه97-000407,11,22762,22511930334,988778,989409,991900,3122,0.32,989014,236,0.02,988410,991900,1400-3-19,2021-06-09
575,ضخود4003,اختيارخ خودرو-2000-1400/04/02,11,870,62700000,51,65,90,39,76.47,72,21,41.18,40,97,1400-3-19,2021-06-09
576,اخزا815,اسنادخزانه-م15بودجه98-010406,11,944,766500337,810617,810700,814980,4363,0.54,811971,1354,0.17,810700,814980,1400-3-19,2021-06-09
577,ثفارس,عمران‌وتوسعه‌فارس‌,10,20209,175818300,9150,8700,8700,-450,-4.92,9140,-10,-0.11,8700,8700,1400-3-19,2021-06-09
578,ضفلا7003,اختيارخ فولاد-8160-1400/07/25,10,94,296538422,2266,2500,2389,123,5.43,2250,-16,-0.71,2200,2500,1400-3-19,2021-06-09
579,اراد50,مرابحه عام دولت5-ش.خ0302,10,118000,118000118000,1000001,1000001,1000001,0,0,1000001,0,0,1000001,1000001,1400-3-19,2021-06-09
580,بذر,صندوق س بذر اميد آفرين-سهام,10,1250,107951480,87780,86970,88000,220,0.25,86360,-1420,-1.62,86160,88000,1400-3-19,2021-06-09
581,غچين,كشت‌ و صنعت‌ چين‌ چين,10,101888,1875758080,19370,18410,18410,-960,-4.96,19240,-130,-0.67,18410,18410,1400-3-19,2021-06-09
582,خكمك,كمك‌فنرايندامين‌,10,45477,1106000640,25590,24320,24320,-1270,-4.96,25490,-100,-0.39,24320,24320,1400-3-19,2021-06-09
583,كسرام,پارس‌ سرام‌,10,29973,229593180,8060,7660,7660,-400,-4.96,8050,-10,-0.12,7660,7660,1400-3-19,2021-06-09
584,ضمخا7077,اختيارخ اخابر-6700-1400/07/28,10,416,411019000,991,984,900,-91,-9.18,988,-3,-0.3,900,995,1400-3-19,2021-06-09
585,اخزا820,اسنادخزانه-م20بودجه98-020806,10,2401,1478060921,614930,614851,614912,-18,0,615602,672,0.11,614401,616100,1400-3-19,2021-06-09
586,ختور,رادياتور ايران‌,10,23884,407461040,17950,17060,17060,-890,-4.96,17920,-30,-0.17,17060,17060,1400-3-19,2021-06-09
587,لخزر,پارس‌ خزر,10,1490,250722300,177120,168270,168270,-8850,-5,176960,-160,-0.09,168270,168270,1400-3-19,2021-06-09
588,ديران,ايران‌دارو,10,16173,257312430,16740,15910,15910,-830,-4.96,16720,-20,-0.12,15910,15910,1400-3-19,2021-06-09
589,ضسپا8040,اختيارخ خساپا-1400-1400/08/26,10,316,139398000,415,425,440,25,6.02,441,26,6.27,401,480,1400-3-19,2021-06-09
590,ثروتم,صندوق س. ثروت آفرين پارسيان-س,9,30480,2269037350,74762,73921,74702,-60,-0.08,74443,-319,-0.43,73921,74702,1400-3-19,2021-06-09
591,نگين,ص.س. زمين و ساختمان نگين شهرري,9,448,21456320,47640,47970,47890,250,0.52,47890,250,0.52,47890,47970,1400-3-19,2021-06-09
592,كطبس,ذغال‌سنگ‌ نگين‌ ط‌بس‌,9,153757,9465280920,64800,61560,61560,-3240,-5,62640,-2160,-3.33,61560,61560,1400-3-19,2021-06-09
593,غبهنوش,بهنوش‌ ايران‌,9,3565,217928450,64340,61130,61130,-3210,-4.99,64290,-50,-0.08,61130,61130,1400-3-19,2021-06-09
594,هكوير110,اختيارف ت كوير-8281-01/10/05,9,847463,205933509,243,243,243,0,0,243,0,0,243,243,1400-3-19,2021-06-09
595,ومشان,س. فني و مهندسي مشانير,9,671,46674089,71710,69559,69559,-2151,-3,71700,-10,-0.01,69559,69559,1400-3-19,2021-06-09
596,ضترا8057,اختيارخ شتران-3000-1400/08/09,9,170,333245000,1888,1880,1960,72,3.81,1960,72,3.81,1880,1990,1400-3-19,2021-06-09
597,زير0003پ01,زيره سبز0003كيميابذر(پ),9,220,137002580,586219,622739,622739,36520,6.23,622739,36520,6.23,622739,622739,1400-3-19,2021-06-09
598,زعف0008پ19,زعفران0008نگين تروند قاينات(پ),8,3271,392523959,118289,120000,120001,1712,1.45,120001,1712,1.45,119000,120003,1400-3-19,2021-06-09
599,شلعاب,لعابيران‌,8,34908,420292320,12670,12040,12040,-630,-4.97,12650,-20,-0.16,12040,12040,1400-3-19,2021-06-09
600,زير0003پ04,زيره سبز0003شركت مينوبذر(پ),8,294,175959808,589617,622739,583432,-6185,-1.05,598503,8886,1.51,583432,622739,1400-3-19,2021-06-09
601,اخزا809,اسنادخزانه-م9بودجه98-000923,8,8034,7250311039,900328,902679,900000,-328,-0.04,902453,2125,0.24,900000,902680,1400-3-19,2021-06-09
602,فملي2,ملي‌ صنايع‌ مس‌ ايران‌,8,1137257998,13785674074580,12380,12380,12150,-230,-1.86,12122,-258,-2.08,12090,12380,1400-3-19,2021-06-09
603,ضملت8041,اختيارخ وبملت-3434-1400/08/19,8,271,228320000,905,870,840,-65,-7.18,843,-62,-6.85,820,870,1400-3-19,2021-06-09
604,جهرم,پتروشيمي جهرم,8,84911,145707276,1769,1716,1716,-53,-3,1768,-1,-0.06,1716,1716,1400-3-19,2021-06-09
605,اخزا713,اسنادخزانه-م13بودجه97-000518,8,2681,2591529400,966021,966400,966900,879,0.09,966628,607,0.06,966400,967000,1400-3-19,2021-06-09
606,مشهد0212,مشاركت ش مشهد0212-3ماهه18%,7,70000,70000000000,1000000,1000000,1000000,0,0,1000000,0,0,1000000,1000000,1400-3-19,2021-06-09
607,اخزا814,اسنادخزانه-م14بودجه98-010318,7,1406,1150740436,819009,816011,817501,-1508,-0.18,818450,-559,-0.07,816011,820000,1400-3-19,2021-06-09
608,پاسا,ايران‌ياساتايرورابر,7,7076,175697080,26130,24830,24830,-1300,-4.98,26110,-20,-0.08,24830,24830,1400-3-19,2021-06-09
609,مفاخر,توسعه فناوري اطلاعات خوارزمي,7,6596,284610804,45420,43149,43149,-2271,-5,45375,-45,-0.1,43149,43149,1400-3-19,2021-06-09
610,غالبر,لبنيات‌ كالبر,7,4017,73470930,19250,18290,18290,-960,-4.99,19250,0,0,18290,18290,1400-3-19,2021-06-09
611,اخزا721,اسنادخزانه-م21بودجه97-000728,7,731,682905999,929036,928700,936500,7464,0.8,934208,5172,0.56,928700,936500,1400-3-19,2021-06-09
612,دجابر,داروسازي‌ جابرابن‌حيان‌,7,3050,45689000,15760,14980,14980,-780,-4.95,15760,0,0,14980,14980,1400-3-19,2021-06-09
613,حفارس,حمل و نقل بين المللي خليج فارس,7,33836,148912236,4632,4401,4401,-231,-4.99,4630,-2,-0.04,4401,4401,1400-3-19,2021-06-09
614,دشيمي,شيمي‌ داروئي‌ داروپخش‌,6,2562,72863280,29930,28440,28440,-1490,-4.98,29920,-10,-0.03,28440,28440,1400-3-19,2021-06-09
615,تپمپي,پمپ‌ سازي‌ ايران‌,6,11929,205298090,18110,17210,17210,-900,-4.97,18100,-10,-0.06,17210,17210,1400-3-19,2021-06-09
616,جوين,كشت و صنعت جوين,6,9438,40224756,4393,4262,4262,-131,-2.98,4393,0,0,4262,4262,1400-3-19,2021-06-09
617,زعف0008پ12,زعفران0008پوشالمعمول سحرخيز(پ),6,2430,208535000,85998,86500,85500,-498,-0.58,85817,-181,-0.21,85000,86500,1400-3-19,2021-06-09
618,ضغدر8057,اختيارخ وغدير-9000-1400/08/26,6,350,1021000000,2100,2900,2920,820,39.05,2917,817,38.9,2900,2920,1400-3-19,2021-06-09
619,پست0008پ08,پسته فندقي32-30مه ولات0008(پ),6,37,61465915,1640999,1710724,1677797,36798,2.24,1661241,20242,1.23,1577798,1710724,1400-3-19,2021-06-09
620,وايران,ليزينگ ايرانيان,6,3858,40740480,11110,10560,10560,-550,-4.95,11110,0,0,10560,10560,1400-3-19,2021-06-09
621,خمحور,توليدمحورخودرو,6,2300,120083000,54950,52210,52210,-2740,-4.99,54930,-20,-0.04,52210,52210,1400-3-19,2021-06-09
622,داسوه,داروسازي‌ اسوه‌,5,15299,416744760,28670,27240,27240,-1430,-4.99,28630,-40,-0.14,27240,27240,1400-3-19,2021-06-09
623,همبين102,اختيارف ت مبين17952-01/02/10,5,42872,65036824,1418,1517,1517,99,6.98,1517,99,6.98,1517,1517,1400-3-19,2021-06-09
624,ثترانح,ح سرمايه گذاري مسكن تهران,5,28200,56400000,2555,2000,2000,-555,-21.72,2000,-555,-21.72,2000,2000,1400-3-19,2021-06-09
625,ضپاس7028,اختيارخ وپارس-2000-1400/07/28,5,35,33589000,920,1000,989,69,7.5,960,40,4.35,900,1000,1400-3-19,2021-06-09
626,فسا,پتروشيمي فسا,5,39380,66473440,1740,1688,1688,-52,-2.99,1740,0,0,1688,1688,1400-3-19,2021-06-09
627,ضصاد8030,اختيارخ وبصادر-1589-1400/08/12,5,124,64880000,574,530,495,-79,-13.76,523,-51,-8.89,495,530,1400-3-19,2021-06-09
628,سخاش,سيمان‌خاش‌,5,1055,133235950,132930,126290,126290,-6640,-5,132870,-60,-0.05,126290,126290,1400-3-19,2021-06-09
629,زماهان,مجتمع توليد گوشت مرغ ماهان,5,185293,3442558647,19556,18579,18579,-977,-5,19314,-242,-1.24,18579,18579,1400-3-19,2021-06-09
630,طغدر3005,اختيارف وغدير-13200-1400/03/26,5,223,617264000,1,2768,2768,2767,276700,2768,2767,276700,2768,2768,1400-3-19,2021-06-09
631,سنير,سيمان‌ سفيد ني‌ريز,5,194,42967120,233130,221480,221480,-11650,-5,233090,-40,-0.02,221480,221480,1400-3-19,2021-06-09
632,تمحركه,ماشين سازي نيرو محركه,5,13869,233775864,17377,16856,16856,-521,-3,17364,-13,-0.07,16856,16856,1400-3-19,2021-06-09
633,قشكر,شكرشاهرود,5,10094,35389564,3690,3506,3506,-184,-4.99,3690,0,0,3506,3506,1400-3-19,2021-06-09
634,ضصاد8031,اختيارخ وبصادر-1789-1400/08/12,5,104,45650000,421,251,450,29,6.89,439,18,4.28,251,520,1400-3-19,2021-06-09
635,اخزا723,اسنادخزانه-م23بودجه97-000824,5,31000,28404600060,917642,917000,916100,-1542,-0.17,916277,-1365,-0.15,916000,917000,1400-3-19,2021-06-09
636,قجام,فرآوردههاي غذايي وقندتربت‌جام‌,5,670,8996090,13701,13427,13427,-274,-2,13700,-1,-0.01,13427,13427,1400-3-19,2021-06-09
637,ضملي7003,اختيارخ فملي-11720-1400/07/11,5,41,65908000,1907,1601,1700,-207,-10.85,1608,-299,-15.68,1600,1700,1400-3-19,2021-06-09
638,تملي804,تسهيلات مسكن ب. ملي-تير98,5,31,17208627,528683,555117,555117,26434,5,555117,26434,5,555117,555117,1400-3-19,2021-06-09
639,اخزا804,اسنادخزانه-م4بودجه98-000421,5,2036,1999130556,982055,982055,982500,445,0.05,981891,-164,-0.02,981674,982500,1400-3-19,2021-06-09
640,ضمخا7075,اختيارخ اخابر-8700-1400/07/28,5,75,41759000,450,550,560,110,24.44,557,107,23.78,550,560,1400-3-19,2021-06-09
641,باران,بيمه زندگي باران50%تاديه,5,33059,135806372,3989,4108,4108,119,2.98,3991,2,0.05,4108,4108,1400-3-19,2021-06-09
642,ضجار7038,اختيارخ وتجارت-1797-1400/07/21,5,32,16940000,502,520,533,31,6.18,529,27,5.38,520,540,1400-3-19,2021-06-09
643,ضفلا7004,اختيارخ فولاد-9586-1400/07/25,5,21,41443120,1328,1500,1300,-28,-2.11,1408,80,6.02,1260,1700,1400-3-19,2021-06-09
644,پارتا,مجتمع‌صنعتي‌آرتاويل‌تاير,5,2933,94108238,33078,32086,32086,-992,-3,33075,-3,-0.01,32086,32086,1400-3-19,2021-06-09
645,اطلس2,صندوق س.توسعه اندوخته آينده-س,5,50000,50000,200232,1,1,-200231,-100,1,-200231,-100,1,1,1400-3-19,2021-06-09
646,كرونا2,تامين مالي جمعي صرفا اهداي سود,5,1210,12100000,10000,10000,10000,0,0,10000,0,0,10000,10000,1400-3-19,2021-06-09
647,كپشير,پشم‌شيشه‌ايران‌,4,882,30605400,36520,34700,34700,-1820,-4.98,36520,0,0,34700,34700,1400-3-19,2021-06-09
648,تملي701,تسهيلات مسكن ب. ملي-فروردين97,4,29,20164644,662222,695332,695333,33111,5,695333,33111,5,695332,695333,1400-3-19,2021-06-09
649,اراد65,مرابحه عام دولتي65-ش.خ0210,4,7000,6890710000,957647,965000,987700,30053,3.14,984387,26740,2.79,965000,987700,1400-3-19,2021-06-09
650,اخزا813,اسنادخزانه-م13بودجه98-010219,4,1233,1030179500,835000,835500,836000,1000,0.12,835506,506,0.06,835500,836000,1400-3-19,2021-06-09
651,ساذري,آذريت‌,4,1108,7159896,6274,6462,6462,188,3,6274,0,0,6462,6462,1400-3-19,2021-06-09
652,غپونه,نوش پونه مشهد,4,1521,25396137,17213,16697,16697,-516,-3,17212,-1,-0.01,16697,16697,1400-3-19,2021-06-09
653,آسام,صندوق س.آرمان سپهر آشنا-م,4,580,59936570,103818,106249,103799,-19,-0.02,103339,-479,-0.46,101851,106249,1400-3-19,2021-06-09
654,اخزا816,اسنادخزانه-م16بودجه98-010503,4,1000,794833268,795580,795000,794621,-959,-0.12,794833,-747,-0.09,794621,795000,1400-3-19,2021-06-09
655,حتوكا,حمل‌ونقل‌توكا,4,2312,45014640,20490,19470,19470,-1020,-4.98,20490,0,0,19470,19470,1400-3-19,2021-06-09
656,بايكا,كارخانجات كابلسازي ‌ايران‌,4,2350,81657800,36576,34748,34748,-1828,-5,36560,-16,-0.04,34748,34748,1400-3-19,2021-06-09
657,سيلام,سيمان‌ ايلام‌,4,15529,162588630,11020,10470,10470,-550,-4.99,11010,-10,-0.09,10470,10470,1400-3-19,2021-06-09
658,برن0003پ01,برنج طارم0003تجارت مازندران(پ),4,869,239030000,275444,270000,275000,-444,-0.16,275063,-381,-0.14,270000,276000,1400-3-19,2021-06-09
659,زمگسا,كشاورزي‌ ودامپروي‌ مگسال‌,4,1004,30521600,32000,30400,30400,-1600,-5,32000,0,0,30400,30400,1400-3-19,2021-06-09
660,تكنو,تكنوتار,4,49000,967260000,20770,19740,19740,-1030,-4.96,20700,-70,-0.34,19740,19740,1400-3-19,2021-06-09
661,قنقش,قند نقش جهان,4,3272,229583152,71597,70166,70166,-1431,-2,71530,-67,-0.09,70166,70166,1400-3-19,2021-06-09
662,ضپاس7030,اختيارخ وپارس-3000-1400/07/28,4,175,34000000,375,150,250,-125,-33.33,194,-181,-48.27,150,255,1400-3-19,2021-06-09
663,آبين,كشت و صنعت آبشيرين,3,4110,16941420,4206,4122,4122,-84,-2,4206,0,0,4122,4122,1400-3-19,2021-06-09
664,كتوكاح,ح.توليدي وخدمات صنايع نسوزتوكا,3,580,17690000,30000,33000,29000,-1000,-3.33,30500,500,1.67,29000,33000,1400-3-19,2021-06-09
665,زكشت,كشاورزي مكانيزه اصفهان كشت,3,2422,89122334,38733,36797,36797,-1936,-5,38721,-12,-0.03,36797,36797,1400-3-19,2021-06-09
666,اخزا807,اسنادخزانه-م7بودجه98-000719,3,631,589583197,933815,937198,934000,185,0.02,934363,548,0.06,934000,937198,1400-3-19,2021-06-09
667,اخزا812,اسنادخزانه-م12بودجه98-001111,3,200,176568580,879020,882800,882866,3846,0.44,882843,3823,0.43,882800,882866,1400-3-19,2021-06-09
668,چافست,افست‌,3,1353,20971500,16310,15500,15500,-810,-4.97,16310,0,0,15500,15500,1400-3-19,2021-06-09
669,نيرو,نيرو سرمايه,3,363,18955134,53832,52218,52218,-1614,-3,53829,-3,-0.01,52218,52218,1400-3-19,2021-06-09
670,ضپاس7027,اختيارخ وپارس-1800-1400/07/28,3,12,13002000,1021,1100,1001,-20,-1.96,1083,62,6.07,1001,1100,1400-3-19,2021-06-09
671,سفار,سيمان‌فارس‌,3,504,64083600,133840,127150,127150,-6690,-5,133810,-30,-0.02,127150,127150,1400-3-19,2021-06-09
672,اخزا805,اسنادخزانه-م5بودجه98-000422,3,17,16696370,980848,981125,984000,3152,0.32,982139,1291,0.13,981124,984000,1400-3-19,2021-06-09
673,زعف0008پ10,زعفران0008نگين طلاي سرخ(پ),3,93,11336200,121001,121399,121250,249,0.21,121895,894,0.74,121250,122500,1400-3-19,2021-06-09
674,وسكرمان,س.سهام عدالت استان كرمان,3,23375,22884125,1030,979,979,-51,-4.95,1030,0,0,979,979,1400-3-19,2021-06-09
675,دقاضي,داروسازي شهيد قاضي,3,779,32664249,43227,41931,41931,-1296,-3,43224,-3,-0.01,41931,41931,1400-3-19,2021-06-09
676,چفيبر,فيبر ايران‌,3,1645,20315750,13000,12350,12350,-650,-5,13000,0,0,12350,12350,1400-3-19,2021-06-09
677,افران2,صندوق س افرا نماد پايدار-ثابت,3,7900000,7900000,13489,1,1,-13488,-99.99,1,-13488,-99.99,1,1,1400-3-19,2021-06-09
678,اراد37,مرابحه عام دولت3-ش.خ 0005,3,66500,65835000000,1000000,990000,990000,-10000,-1,990000,-10000,-1,990000,990000,1400-3-19,2021-06-09
679,ضجار7037,اختيارخ وتجارت-1597-1400/07/21,3,30,19500000,650,650,650,0,0,650,0,0,650,650,1400-3-19,2021-06-09
680,ثامان,سامان‌ گستراصفهان‌,3,2462,53105340,22700,21570,21570,-1130,-4.98,22700,0,0,21570,21570,1400-3-19,2021-06-09
681,كمند2,صندوق س. با درآمد ثابت كمند,3,169500000,169500000,10016,1,1,-10015,-99.99,1,-10015,-99.99,1,1,1400-3-19,2021-06-09
682,تكشا,گسترش‌صنايع‌وخدمات‌كشاورزي‌,3,1545,57412200,39110,37160,37160,-1950,-4.99,39100,-10,-0.03,37160,37160,1400-3-19,2021-06-09
683,بالبر,كابل‌ البرز,3,325,17598750,57000,54150,54150,-2850,-5,57000,0,0,54150,54150,1400-3-19,2021-06-09
684,ضترا8055,اختيارخ شتران-2118-1400/08/09,3,7,25190000,3000,3590,3600,600,20,3599,599,19.97,3590,3600,1400-3-19,2021-06-09
685,تملي805,تسهيلات مسكن ب. ملي-مرداد98,2,194,163013738,884502,840277,840277,-44225,-5,840277,-44225,-5,840277,840277,1400-3-19,2021-06-09
686,وسرضوي,س.سهام عدالت استان خراسان رضوي,2,15190,14871010,1030,979,979,-51,-4.95,1030,0,0,979,979,1400-3-19,2021-06-09
687,خاتم2,صندوق س خاتم ايساتيس پويا-ثابت,2,2000000,2000000,11212,1,1,-11211,-99.99,1,-11211,-99.99,1,1,1400-3-19,2021-06-09
688,اراد60,مرابحه عام دولتي6-ش.خ0210,2,17700,16989600000,947000,947000,970000,23000,2.43,959864,12864,1.36,947000,970000,1400-3-19,2021-06-09
689,كباده,توليد خاك نسوزاستقلال آباده,2,5000,46415000,8841,9283,9283,442,5,8843,2,0.02,9283,9283,1400-3-19,2021-06-09
690,لخانه,لوازم‌ خانگي‌ پارس‌,2,53,1406620,27360,26540,26540,-820,-3,27360,0,0,26540,26540,1400-3-19,2021-06-09
691,ضغدر8058,اختيارخ وغدير-10000-1400/08/26,2,28,56000000,1220,2000,2000,780,63.93,2000,780,63.93,2000,2000,1400-3-19,2021-06-09
692,كمينا,شيشه سازي مينا,2,2900,66488300,23636,22927,22927,-709,-3,23631,-5,-0.02,22927,22927,1400-3-19,2021-06-09
693,فولاد2,فولاد مباركه اصفهان,2,360461538,3518459995500,9930,9930,9750,-180,-1.81,9761,-169,-1.7,9750,9930,1400-3-19,2021-06-09
694,اخزا817,اسنادخزانه-م17بودجه98-010512,2,160,126755260,791677,792211,792221,544,0.07,792220,543,0.07,792211,792221,1400-3-19,2021-06-09
695,شپارس,بين‌ المللي‌ محصولات‌  پارس‌,2,2160,45165600,22010,20910,20910,-1100,-5,22010,0,0,20910,20910,1400-3-19,2021-06-09
696,خكار,ايركا پارت صنعت,2,1500,29280000,20540,19520,19520,-1020,-4.97,20540,0,0,19520,19520,1400-3-19,2021-06-09
697,غبهار,كشت وصنعت بهاران گلبهار خراسان,2,575,19049750,34154,33130,33130,-1024,-3,34152,-2,-0.01,33130,33130,1400-3-19,2021-06-09
698,بكاب,صنايع‌جوشكاب‌يزد,2,58,19494380,353790,336110,336110,-17680,-5,353770,-20,-0.01,336110,336110,1400-3-19,2021-06-09
699,ضفلا3000,اختيارخ فولاد-4993-1400/03/19,2,6,34960272,4295,4160,4152,-143,-3.33,4156,-139,-3.24,4152,4160,1400-3-19,2021-06-09
700,ضغدر3000,اختيارخ وغدير-6200-1400/03/26,2,12,50400000,4063,4200,4200,137,3.37,4200,137,3.37,4200,4200,1400-3-19,2021-06-09
701,اخزا811,اسنادخزانه-م11بودجه98-001013,2,3118,2784003532,890949,890550,892999,2050,0.23,892881,1932,0.22,890550,892999,1400-3-19,2021-06-09
702,شتولي,تولي‌پرس‌,2,1662,55841538,34284,33599,33599,-685,-2,34276,-8,-0.02,33599,33599,1400-3-19,2021-06-09
703,ددام,داروسازي زاگرس فارمد پارس,2,4484,71923360,16880,16040,16040,-840,-4.98,16880,0,0,16040,16040,1400-3-19,2021-06-09
704,هكوير109,اختيارف ت كوير-8194-01/09/20,2,1001,580580,243,580,580,337,138.68,580,337,138.68,580,580,1400-3-19,2021-06-09
705,سدشت,صنايع سيمان دشتستان,2,1670,105260100,66340,63030,63030,-3310,-4.99,66330,-10,-0.02,63030,63030,1400-3-19,2021-06-09
706,وسنا,سرمايه گذاري نيروگاهي ايران,2,3162,47559642,15506,15041,15041,-465,-3,15505,-1,-0.01,15041,15041,1400-3-19,2021-06-09
707,ضسپا3000,اختيارخ خساپا-1400-1400/03/26,2,19,7460000,280,390,395,115,41.07,393,113,40.36,390,395,1400-3-19,2021-06-09
708,غاذر,كشت‌وصنعت‌پياذر,2,600,30894000,54200,51490,51490,-2710,-5,54190,-10,-0.02,51490,51490,1400-3-19,2021-06-09
709,ضپنا8001,اختيارخ رمپنا-11850-1400/08/05,2,3,7500000,1200,2500,2500,1300,108.33,2500,1300,108.33,2500,2500,1400-3-19,2021-06-09
710,شسينا,صنايع‌شيميايي‌سينا,2,166,19807120,125590,119320,119320,-6270,-4.99,125580,-10,-0.01,119320,119320,1400-3-19,2021-06-09
711,اعتماد2,صندوق س.اعتماد آفرين پارسيان-د,2,10900000,10900000,36856,1,1,-36855,-100,1,-36855,-100,1,1,1400-3-19,2021-06-09
712,اراد36,مرابحه عام دولت3-ش.خ 0104,2,1000,997999200,992272,990000,999999,7727,0.78,997999,5727,0.58,990000,999999,1400-3-19,2021-06-09
713,سنفت010,سلف موازي استاندارد سنفت010,2,131250,204785437500,1559100,1560270,1560270,1170,0.08,1560270,1170,0.08,1560270,1560270,1400-3-19,2021-06-09
714,بسويچ,پارس‌سويچ‌,2,424,10985840,27270,25910,25910,-1360,-4.99,27270,0,0,25910,25910,1400-3-19,2021-06-09
715,كترام,توليدي‌ كاشي‌ تكسرام‌,2,1151,52922980,48390,45980,45980,-2410,-4.98,48380,-10,-0.02,45980,45980,1400-3-19,2021-06-09
716,پست0008پ04,پسته فندقي32-30سبزدانه0008(پ),2,23,38532172,1599606,1710724,1670000,70394,4.4,1675312,75706,4.73,1670000,1710724,1400-3-19,2021-06-09
717,ضخود4004,اختيارخ خودرو-2500-1400/04/02,2,2,38000,10,2,36,26,260,19,9,90,2,36,1400-3-19,2021-06-09
718,تپولا,مهندسي مرآت پولاد,2,280,9518320,35045,33994,33994,-1051,-3,35044,-1,0,33994,33994,1400-3-19,2021-06-09
719,تيپيكو2,سرمايه گذاري دارويي تامين,2,9303500,336205455000,36480,36130,36200,-280,-0.77,36138,-342,-0.94,36130,36200,1400-3-19,2021-06-09
720,پارسان2,گسترش نفت و گاز پارسيان,2,154877564,2899998869720,18740,18650,18730,-10,-0.05,18724,-16,-0.09,18650,18730,1400-3-19,2021-06-09
721,قهكمت,قندهكمتان‌,2,2481,107600970,45650,43370,43370,-2280,-4.99,45630,-20,-0.04,43370,43370,1400-3-19,2021-06-09
722,ضخود4000,اختيارخ خودرو-1400-1400/04/02,2,10,5022000,337,489,511,174,51.63,502,165,48.96,489,511,1400-3-19,2021-06-09
723,ضترا8058,اختيارخ شتران-3442-1400/08/09,2,11,13380000,1154,1200,1380,226,19.58,1216,62,5.37,1200,1380,1400-3-19,2021-06-09
724,نهال2,صندوق س. طلاي سرخ نوويرا,2,200000,200000,8547,1,1,-8546,-99.99,1,-8546,-99.99,1,1,1400-3-19,2021-06-09
725,حپترو,حمل و نقل پتروشيمي( سهامي عام,2,199,10192780,53910,51220,51220,-2690,-4.99,53910,0,0,51220,51220,1400-3-19,2021-06-09
726,ضپيك7041,اختيارخ تاپيكو-7070-00/07/18,2,23,50600000,1900,2200,2200,300,15.79,2200,300,15.79,2200,2200,1400-3-19,2021-06-09
727,وآذر,سرمايه‌گذاري‌توسعه‌آذربايجان‌,2,170,13088300,81040,76990,76990,-4050,-5,81040,0,0,76990,76990,1400-3-19,2021-06-09
728,زعف0008پ11,زعفران0008نگين سحرخيز(پ),2,43,5270400,121006,122600,121200,194,0.16,122567,1561,1.29,121200,122600,1400-3-19,2021-06-09
729,وملت,سرمايه گذاري ملت,2,4000,17036000,4345,4259,4259,-86,-1.98,4345,0,0,4259,4259,1400-3-19,2021-06-09
730,ضملت8040,اختيارخ وبملت-2934-1400/08/19,2,11,13200000,1220,1200,1200,-20,-1.64,1200,-20,-1.64,1200,1200,1400-3-19,2021-06-09
731,زنجان,صنايع كشاورزي وكود زنجان,2,1800,16266600,9316,9037,9037,-279,-2.99,9316,0,0,9037,9037,1400-3-19,2021-06-09
732,سصفها,سيمان‌اصفهان‌,2,356,42509960,125690,119410,119410,-6280,-5,125680,-10,-0.01,119410,119410,1400-3-19,2021-06-09
733,كابگن,توليدي و صنعتي آبگينه‌,2,21929,116530706,5210,5314,5314,104,2,5215,5,0.1,5314,5314,1400-3-19,2021-06-09
734,تنوين2,تامين سرمايه نوين,2,107850167,836671302600,7860,7800,7420,-440,-5.6,7758,-102,-1.3,7420,7800,1400-3-19,2021-06-09
735,وسصفا,شركت س استان اصفهان,1,4996,5080932,1070,1017,1017,-53,-4.95,1070,0,0,1017,1017,1400-3-19,2021-06-09
736,اروند10,منفعت صبا اروند لوتوس 14001222,1,273,267540273,986500,980001,980001,-6499,-0.66,980001,-6499,-0.66,980001,980001,1400-3-19,2021-06-09
737,دابور2,داروسازي‌ ابوريحان‌,1,4639508,123550098040,26780,26630,26630,-150,-0.56,26630,-150,-0.56,26630,26630,1400-3-19,2021-06-09
738,ولراز,ليزينگ رازي,1,313,17018436,56053,54372,54372,-1681,-3,56050,-3,-0.01,54372,54372,1400-3-19,2021-06-09
739,واميد2,گروه مديريت سرمايه گذاري اميد,1,32120000,300322000000,9820,9350,9350,-470,-4.79,9350,-470,-4.79,9350,9350,1400-3-19,2021-06-09
740,آسيا2,بيمه آسيا,1,239000000,449320000000,1906,1880,1880,-26,-1.36,1880,-26,-1.36,1880,1880,1400-3-19,2021-06-09
741,ضجار7041,اختيارخ وتجارت-2997-1400/07/21,1,100,7000000,65,70,70,5,7.69,70,5,7.69,70,70,1400-3-19,2021-06-09
742,اراد554,مرابحه عام دولت5-ش.خ 0209,1,10777000,10057064069000,957250,933197,933197,-24053,-2.51,933197,-24053,-2.51,933197,933197,1400-3-19,2021-06-09
743,شفن2,پتروشيمي فناوران,1,2297295,680734454400,296320,296320,296320,0,0,296320,0,0,296320,296320,1400-3-19,2021-06-09
744,ثاصفا,شركت‌ ساختمان‌ اصفهان‌,1,739,19001168,27065,25712,25712,-1353,-5,27062,-3,-0.01,25712,25712,1400-3-19,2021-06-09
745,شرق1400,مشاركت ليزينگ ايران وشرق140010,1,100,100800000,1008000,1008000,1008000,0,0,1008000,0,0,1008000,1008000,1400-3-19,2021-06-09
746,وسگلستا,شركت س استان گلستان,1,4320,5080320,1237,1176,1176,-61,-4.93,1237,0,0,1176,1176,1400-3-19,2021-06-09
747,ثشرق,سرمايه گذاري مسكن شمال شرق,1,2007,12383190,6490,6170,6170,-320,-4.93,6490,0,0,6170,6170,1400-3-19,2021-06-09
748,ومعادن2,توسعه‌معادن‌وفلزات‌,1,110341320,881627146800,8180,7990,7990,-190,-2.32,7990,-190,-2.32,7990,7990,1400-3-19,2021-06-09
749,سفارود,كارخانه فارسيت درود,1,422,7467712,18057,17696,17696,-361,-2,18056,-1,-0.01,17696,17696,1400-3-19,2021-06-09
750,سكه0111پ05,تمام سكه طرح جديد0111آينده,1,100,107500000,1069750,1075000,1075000,5250,0.49,1075000,5250,0.49,1075000,1075000,1400-3-19,2021-06-09
751,آينده,بازرگاني آينده سازان بهشت پارس,1,265,5066270,19709,19118,19118,-591,-3,19709,0,0,19118,19118,1400-3-19,2021-06-09
752,صشستا3112,صكوك اجاره شستا311-بدون ضامن,1,1000000,1000000000000,1049534,1000000,1000000,-49534,-4.72,1000000,-49534,-4.72,1000000,1000000,1400-3-19,2021-06-09
753,ضفلا3007,اختيارخ فولاد-12840-1400/03/19,1,5,7010,55,1,1,-54,-98.18,1,-54,-98.18,1,1,1400-3-19,2021-06-09
754,وليز,ليزينگ‌ايران‌,1,600,5382000,9440,8970,8970,-470,-4.98,9440,0,0,8970,8970,1400-3-19,2021-06-09
755,فسديد,لوله‌وتجهيزات‌ سديد - ورشكسته,1,469,51233560,110343,109240,109240,-1103,-1,110330,-13,-0.01,109240,109240,1400-3-19,2021-06-09
756,ضملت8038,اختيارخ وبملت-1934-1400/08/19,1,42,88200000,2112,2100,2100,-12,-0.57,2100,-12,-0.57,2100,2100,1400-3-19,2021-06-09
757,ولغدر,ليزينگ‌خودروغدير,1,43092,996287040,24330,23120,23120,-1210,-4.97,24250,-80,-0.33,23120,23120,1400-3-19,2021-06-09
758,وسالت,بانك قرض الحسنه رسالت,1,5046,5878590,1110,1165,1165,55,4.95,1110,0,0,1165,1165,1400-3-19,2021-06-09
759,ضفلا7002,اختيارخ فولاد-6733-1400/07/25,1,50,245350000,2900,3500,3500,600,20.69,3500,600,20.69,3500,3500,1400-3-19,2021-06-09
760,تاصيكو2,سرمايه گذاري صدرتامين,1,3000000,28530000000,9720,9510,9510,-210,-2.16,9510,-210,-2.16,9510,9510,1400-3-19,2021-06-09
761,شتران2,پالايش نفت تهران,1,5000000,40250000000,8180,8050,8050,-130,-1.59,8050,-130,-1.59,8050,8050,1400-3-19,2021-06-09
762,ضگل8072,اختيارخ كگل-8700-1400/08/23,1,15,82500000,5540,5500,5500,-40,-0.72,5500,-40,-0.72,5500,5500,1400-3-19,2021-06-09
763,مبين2,مبين انرژي خليج فارس,1,13395800,199999294000,15000,14930,14930,-70,-0.47,14930,-70,-0.47,14930,14930,1400-3-19,2021-06-09
764,هفجر102,اختيارف ت بفجر8626-01/02/11,1,372,184140,484,495,495,11,2.27,495,11,2.27,495,495,1400-3-19,2021-06-09
765,اراد61,مرابحه عام دولت61-ش.خ0309,1,5000,5000000000,1000000,1000000,1000000,0,0,1000000,0,0,1000000,1000000,1400-3-19,2021-06-09
766,صبا1401,اجاره مهندسي صبا نفت14010225,1,1,1000000,1000000,1000000,1000000,0,0,1000000,0,0,1000000,1000000,1400-3-19,2021-06-09
767,وثخوز,سرمايه گذاري و توسعه خوزستان,1,130,8664890,70161,66653,66653,-3508,-5,70158,-3,0,66653,66653,1400-3-19,2021-06-09
768,شسپا2,نفت سپاهان,1,39775584,570381874560,14340,14340,14340,0,0,14340,0,0,14340,14340,1400-3-19,2021-06-09
769,ضغدر3003,اختيارخ وغدير-9200-1400/03/26,1,5,5740000,1607,1148,1148,-459,-28.56,1148,-459,-28.56,1148,1148,1400-3-19,2021-06-09
770,زاگرس2,پتروشيمي زاگرس,1,1000000,220183000000,220183,220183,220183,0,0,220183,0,0,220183,220183,1400-3-19,2021-06-09
771,سپيدما4,صندوق س. سپيد دماوند-د,1,50000000,523550000000,10461,10471,10471,10,0.1,10471,10,0.1,10471,10471,1400-3-19,2021-06-09
772,سحرا021,سلف موازي برق نيروي برق حرارتي,1,199310,58001203100,290100,291010,291010,910,0.31,291010,910,0.31,291010,291010,1400-3-19,2021-06-09
773,حريل02,اجاره ريل پردازسير021212,1,400,382800000,943000,957000,957000,14000,1.48,957000,14000,1.48,957000,957000,1400-3-19,2021-06-09
774,قشهد,شهد,1,300,5814000,20390,19380,19380,-1010,-4.95,20390,0,0,19380,19380,1400-3-19,2021-06-09
775,فجام,جام‌دارو,1,1000,9080000,9550,9080,9080,-470,-4.92,9550,0,0,9080,9080,1400-3-19,2021-06-09
776,اراد644,مرابحه عام دولتي64-ش.خ0111,1,15910000,15034950000000,944500,945000,945000,500,0.05,945000,500,0.05,945000,945000,1400-3-19,2021-06-09
777,ضغدر8056,اختيارخ وغدير-8000-1400/08/26,1,8,30000000,3697,3750,3750,53,1.43,3750,53,1.43,3750,3750,1400-3-19,2021-06-09
778,سنفت009,سلف موازي استاندارد سنفت009,1,11800,18293540000,1550000,1550300,1550300,300,0.02,1550300,300,0.02,1550300,1550300,1400-3-19,2021-06-09
779,خزر,فنرسازي‌زر,1,242,9924420,43160,41010,41010,-2150,-4.98,43160,0,0,41010,41010,1400-3-19,2021-06-09
780,مشير112,مشاركت شهرداري شيراز-3ماهه18%,1,15,14850000,1000000,990000,990000,-10000,-1,990000,-10000,-1,990000,990000,1400-3-19,2021-06-09
781,ضملي7006,اختيارخ فملي-17720-1400/07/11,1,1,350000,500,350,350,-150,-30,350,-150,-30,350,350,1400-3-19,2021-06-09
782,غپاك,لبنيات‌ پاك‌,1,180,5018400,29340,27880,27880,-1460,-4.98,29340,0,0,27880,27880,1400-3-19,2021-06-09
783,ساربيل,سيمان آرتا اردبيل,1,100,5037000,53020,50370,50370,-2650,-5,53020,0,0,50370,50370,1400-3-19,2021-06-09
784,سفاسي,شركت فارسيت اهواز,1,360,5033880,14415,13983,13983,-432,-3,14415,0,0,13983,13983,1400-3-19,2021-06-09
785,صشستا311,صكوك اجاره شستا311-بدون ضامن,1,500,500000000,1049534,1000000,1000000,-49534,-4.72,1000000,-49534,-4.72,1000000,1000000,1400-3-19,2021-06-09
786,اراد77,مرابحه عام دولت77-ش.خ000812,1,6000,6000000000,983554,1000000,1000000,16446,1.67,1000000,16446,1.67,1000000,1000000,1400-3-19,2021-06-09
787,كهرام,توليدي گرانيت بهسرام,1,50,5501950,113442,110039,110039,-3403,-3,113440,-2,0,110039,110039,1400-3-19,2021-06-09
788,ولكار4,ليزينگ كارآفرين,1,15000000,33000000000,1000,2200,2200,1200,120,2200,1200,120,2200,2200,1400-3-19,2021-06-09
789,صينا205,صكوك منفعت سينا دارو-3ماهه 19%,1,95,93100000,971000,980000,980000,9000,0.93,980000,9000,0.93,980000,980000,1400-3-19,2021-06-09
790,پارس2,پتروشيمي پارس,1,16692261,2499999929970,149760,149770,149770,10,0.01,149770,10,0.01,149770,149770,1400-3-19,2021-06-09
791,سپرمي,پرميت‌,1,8,72288,8947,9036,9036,89,0.99,8947,0,0,9036,9036,1400-3-19,2021-06-09
792,ضغدر8055,اختيارخ وغدير-7000-1400/08/26,1,12,56400000,3500,4700,4700,1200,34.29,4700,1200,34.29,4700,4700,1400-3-19,2021-06-09
793,ياقوت2,صندوق س ياقوت آگاه-ثابت,1,1322000,1322000,12439,1,1,-12438,-99.99,1,-12438,-99.99,1,1,1400-3-19,2021-06-09
794,وبملت2,بانك ملت,1,256147541,1000000000064,3904,3904,3904,0,0,3904,0,0,3904,3904,1400-3-19,2021-06-09
795,بشهاب,لامپ‌  پارس‌ شهاب‌,1,3,418740,146920,139580,139580,-7340,-5,146920,0,0,139580,139580,1400-3-19,2021-06-09
796,انرژي12,نهادهاي مالي بورس انرژي,1,2250000,442170000000,206860,196520,196520,-10340,-5,196520,-10340,-5,196520,196520,1400-3-19,2021-06-09
797,داريك2,صندوق س.اعتماد داريك-د,1,1000000,1000000,10620,1,1,-10619,-99.99,1,-10619,-99.99,1,1,1400-3-19,2021-06-09
798,سميعا002,سلف موازي استاندارد سميعا002,1,76000,100099296000,1316530,1317096,1317096,566,0.04,1317096,566,0.04,1317096,1317096,1400-3-19,2021-06-09
799,ولصنم,ليزينگ‌صنعت‌ومعدن‌,1,500,5225000,10990,10450,10450,-540,-4.91,10990,0,0,10450,10450,1400-3-19,2021-06-09
800,ثاباد,توريستي ورفاهي آبادگران ايران,1,100,5123000,53920,51230,51230,-2690,-4.99,53920,0,0,51230,51230,1400-3-19,2021-06-09
801,اراد214,مرابحه عام دولت2ش.خ صادرات0212,1,28806000,27280434240000,1000000,947040,947040,-52960,-5.3,947040,-52960,-5.3,947040,947040,1400-3-19,2021-06-09
802,گپارس,امور رفاهي كارگزاران پارس,1,25,5058125,208582,202325,202325,-6257,-3,208579,-3,0,202325,202325,1400-3-19,2021-06-09
803,شكف,كف,1,661,64713222,99900,97902,97902,-1998,-2,99887,-13,-0.01,97902,97902,1400-3-19,2021-06-09
804,غگز,گز سكه,1,7000,135100000,19300,19300,19300,0,0,19300,0,0,19300,19300,1400-3-19,2021-06-09
805,اخزا9092,اسنادخزانه-م9بودجه99-020316,1,100066,70003671950,666262,699575,699575,33313,5,699575,33313,5,699575,699575,1400-3-19,2021-06-09
806,غشصفا,شيرپاستوريزه‌پگاه‌اصفهان‌,1,197,5078660,27130,25780,25780,-1350,-4.98,27130,0,0,25780,25780,1400-3-19,2021-06-09
807,دلر2,داروسازي‌ اكسير,1,3000000,91620000000,30540,30540,30540,0,0,30540,0,0,30540,30540,1400-3-19,2021-06-09
808,فلات,گروه صنايع معادن فلات ايرانيان,1,400,5911200,15235,14778,14778,-457,-3,15235,0,0,14778,14778,1400-3-19,2021-06-09
809,وصندوق2,سرمايه‌گذاري‌صندوق‌بازنشستگي‌,1,1800000,23400000000,12950,13000,13000,50,0.39,13000,50,0.39,13000,13000,1400-3-19,2021-06-09
810,فماك2,ماداكتو استيل كرد,1,1450000,29652500000,20450,20450,20450,0,0,20450,0,0,20450,20450,1400-3-19,2021-06-09
811,هرمز2,فولاد هرمزگان جنوب,1,114826007,1790137449130,15657,15590,15590,-67,-0.43,15590,-67,-0.43,15590,15590,1400-3-19,2021-06-09
812,ضملي7004,اختيارخ فملي-13720-1400/07/11,1,1,1099000,1137,1099,1099,-38,-3.34,1099,-38,-3.34,1099,1099,1400-3-19,2021-06-09
813,اتكام2,شركت بيمه اتكايي امين,1,10000000,43500000000,4414,4350,4350,-64,-1.45,4350,-64,-1.45,4350,4350,1400-3-19,2021-06-09
814,تابا,تابان نيرو سپاهان,1,110,5964750,55902,54225,54225,-1677,-3,55901,-1,0,54225,54225,1400-3-19,2021-06-09
815,پلاست,كارخانجات توليدي پلاستيران,1,73,5076347,71689,69539,69539,-2150,-3,71688,-1,0,69539,69539,1400-3-19,2021-06-09
816,فبيرا,بسته‌ بندي‌ ايران‌,1,3636,10911636,3093,3001,3001,-92,-2.97,3093,0,0,3001,3001,1400-3-19,2021-06-09
