,نماد,نام,تعداد,حجم,ارزش,دیروز,اولین,آخرین معامله - مقدار,آخرین معامله - تغییر,آخرین معامله - درصد,قیمت پایانی - مقدار,قیمت پایانی - تغییر,قیمت پایانی - درصد,کمترین,بیشترین,تاریخ,gregorian_date
0,ولكار,ليزينگ كارآفرين,176158,132329056,631210800466,4672,4905,4731,59,1.26,4770,98,2.1,4531,4905,1400-4-19,2021-07-10
1,لطيف,محصولات كاغذي لطيف,83587,1848855,97867290570,50414,52934,52934,2520,5,52934,2520,5,52934,52934,1400-4-19,2021-07-10
2,فتوسا,توليد و توسعه سرب روي ايرانيان,43461,14568106,229557944460,16397,16110,15610,-787,-4.8,15758,-639,-3.9,15578,16590,1400-4-19,2021-07-10
3,گدنا,تهيه توزيع غذاي دنا آفرين فدك,40813,22631304,505941745180,23069,23750,21916,-1153,-5,22356,-713,-3.09,21916,23750,1400-4-19,2021-07-10
4,فگستر,گسترش صنايع روي ايرانيان,38829,19107244,272287047600,13676,14266,14359,683,4.99,14250,574,4.2,13815,14359,1400-4-19,2021-07-10
5,بركت,گروه دارويي بركت,23178,41663946,1682413085460,39400,40350,41080,1680,4.26,40380,980,2.49,39600,41120,1400-4-19,2021-07-10
6,شپنا,پالايش نفت اصفهان,22656,137802863,1691682193640,12840,12700,12200,-640,-4.98,12280,-560,-4.36,12200,12700,1400-4-19,2021-07-10
7,پالايش,صندوق پالايشي يكم-سهام,19959,12469702,862707740940,70290,69960,69020,-1270,-1.81,69180,-1110,-1.58,68800,70000,1400-4-19,2021-07-10
8,شستا,سرمايه گذاري تامين اجتماعي,19833,70741183,931524562520,13620,13520,13090,-530,-3.89,13170,-450,-3.3,13030,13530,1400-4-19,2021-07-10
9,غكورش,صنعت غذايي كورش,15208,5562406,211841800840,38360,39100,38000,-360,-0.94,38080,-280,-0.73,37500,39100,1400-4-19,2021-07-10
10,كرمان,س. توسعه و عمران استان كرمان,14896,617845671,859650752561,1332,1354,1398,66,4.95,1391,59,4.43,1332,1398,1400-4-19,2021-07-10
11,فملي,ملي‌ صنايع‌ مس‌ ايران‌,13965,66952754,847612435480,12870,12900,12670,-200,-1.55,12660,-210,-1.63,12550,12900,1400-4-19,2021-07-10
12,فولاد,فولاد مباركه اصفهان,11959,88156494,904850387860,10460,10260,10330,-130,-1.24,10260,-200,-1.91,10200,10430,1400-4-19,2021-07-10
13,خودرو,ايران‌ خودرو,11935,296138087,598981517569,2071,2051,2011,-60,-2.9,2023,-48,-2.32,1985,2083,1400-4-19,2021-07-10
14,بوعلي,پتروشيمي بوعلي سينا,11628,6813021,336029287510,47660,47400,48340,680,1.43,49320,1660,3.48,47120,50040,1400-4-19,2021-07-10
15,شصدف,صنعتي دوده فام,11150,17843566,602017504016,33144,34801,34790,1646,4.97,33739,595,1.8,31487,34801,1400-4-19,2021-07-10
16,خساپا,سايپا,10842,289381297,533375004784,1894,1870,1827,-67,-3.54,1843,-51,-2.69,1821,1909,1400-4-19,2021-07-10
17,دارا يكم,صندوق واسطه گري مالي يكم-سهام,10549,5054857,616941883030,123430,122530,121510,-1920,-1.56,122050,-1380,-1.12,121450,123590,1400-4-19,2021-07-10
18,ثبهساز,بهساز كاشانه تهران,9807,143439941,306089453522,2058,2080,2151,93,4.52,2134,76,3.69,2010,2160,1400-4-19,2021-07-10
19,خگستر,گسترش‌سرمايه‌گذاري‌ايران‌خودرو,9771,222230580,555871323414,2595,2550,2476,-119,-4.59,2501,-94,-3.62,2466,2605,1400-4-19,2021-07-10
20,زمگسا,كشاورزي‌ ودامپروي‌ مگسال‌,9467,20453943,604022321650,30680,27620,30200,-480,-1.56,29530,-1150,-3.75,27620,31720,1400-4-19,2021-07-10
21,چخزر,صنايع چوب خزر كاسپين,8914,1698324,61776581645,37575,37500,35750,-1825,-4.86,36375,-1200,-3.19,35697,37500,1400-4-19,2021-07-10
22,خزر,فنرسازي‌زر,8764,31946308,694645761050,37410,22450,21330,-16080,-42.98,21740,-15670,-41.89,21330,23000,1400-4-19,2021-07-10
23,هماي,صندوق س هماي آگاه-ثابت,8634,43952998,439529980000,10000,10000,10000,0,0,10000,0,0,10000,10000,1400-4-19,2021-07-10
24,ثاميد,توسعه و عمران اميد,8630,113138068,194763119371,1676,1695,1708,32,1.91,1721,45,2.68,1676,1756,1400-4-19,2021-07-10
25,شتران,پالايش نفت تهران,8370,56033866,509442830050,9390,9330,9020,-370,-3.94,9090,-300,-3.19,8930,9380,1400-4-19,2021-07-10
26,زكشت,كشاورزي مكانيزه اصفهان كشت,8027,23051972,828645699231,37250,35388,35388,-1862,-5,35947,-1303,-3.5,35388,37590,1400-4-19,2021-07-10
27,شفارس,صنايع‌ شيميايي‌ فارس‌,7537,240452832,546564581506,2253,2340,2325,72,3.2,2273,20,0.89,2170,2340,1400-4-19,2021-07-10
28,كزغال,زغال سنگ پروده طبس,7532,3045104,107733069243,35841,35016,35901,60,0.17,35379,-462,-1.29,34660,36439,1400-4-19,2021-07-10
29,كاما,باما,7324,104966135,1037787320600,9440,9910,9910,470,4.98,9890,450,4.77,9610,9910,1400-4-19,2021-07-10
30,رافزا,رايان هم افزا,6683,658472,50043696934,76144,76600,76000,-144,-0.19,76000,-144,-0.19,75000,77000,1400-4-19,2021-07-10
31,پترول,گ.س.وت.ص.پتروشيمي خليج فارس,6543,33801732,322232792220,9780,9770,9480,-300,-3.07,9530,-250,-2.56,9450,9770,1400-4-19,2021-07-10
32,گشان,توسعه بين المللي پديده شانديز,6278,18445544,432298416762,23265,24195,23111,-154,-0.66,23436,171,0.74,22335,24195,1400-4-19,2021-07-10
33,زملارد,كشاورزي و دامپروري ملارد شير,6225,1736617,52665235372,28933,30000,30379,1446,5,30326,1393,4.81,29600,30379,1400-4-19,2021-07-10
34,بپيوند,برق و انرژي پيوندگستر پارس,6189,17121052,226208095065,12640,13000,13272,632,5,13212,572,4.53,12720,13272,1400-4-19,2021-07-10
35,رمپنا,گروه مپنا (سهامي عام),6045,106197931,1683088825250,15100,15850,15850,750,4.97,15850,750,4.97,15650,15850,1400-4-19,2021-07-10
36,وتجارت,بانك تجارت,6000,138968706,364850460466,2630,2668,2621,-9,-0.34,2625,-5,-0.19,2610,2668,1400-4-19,2021-07-10
37,وآذر,سرمايه‌گذاري‌توسعه‌آذربايجان‌,5957,7187142,495028772910,71720,68140,69300,-2420,-3.37,68880,-2840,-3.96,68140,70960,1400-4-19,2021-07-10
38,شاروم,پتروشيمي اروميه,5771,2804604,42347729429,15573,15400,15009,-564,-3.62,15099,-474,-3.04,14990,15400,1400-4-19,2021-07-10
39,وبملت,بانك ملت,5622,107242718,423842536256,4013,4010,3921,-92,-2.29,3952,-61,-1.52,3900,4040,1400-4-19,2021-07-10
40,فاراك,ماشين‌ سازي‌ اراك‌,5587,177907161,362133258401,1951,2030,2010,59,3.02,2036,85,4.36,1990,2048,1400-4-19,2021-07-10
41,وكبهمن,مديريت سرمايه گذاري كوثربهمن,5381,1995418,22908565147,11391,11031,11500,109,0.96,11481,90,0.79,11031,11780,1400-4-19,2021-07-10
42,آريا,پليمر آريا ساسول,5232,1789825,161218933451,91428,92000,90160,-1268,-1.39,90075,-1353,-1.48,89360,92000,1400-4-19,2021-07-10
43,شگويا,پتروشيمي تندگويان,5133,22487388,227825273805,10356,10290,10037,-319,-3.08,10131,-225,-2.17,10011,10349,1400-4-19,2021-07-10
44,ولپارس,ليزينگ پارسيان,5020,6584775,28108292740,4222,4150,4330,108,2.56,4269,47,1.11,4150,4370,1400-4-19,2021-07-10
45,وخارزم,سرمايه گذاري خوارزمي,4996,45494096,263695326940,5700,5800,5840,140,2.46,5800,100,1.75,5620,5910,1400-4-19,2021-07-10
46,امين,تامين سرمايه امين,4903,6273994,47609503700,7270,7330,7630,360,4.95,7590,320,4.4,7320,7630,1400-4-19,2021-07-10
47,خپارس,پارس‌ خودرو,4767,171463482,204360898176,1221,1216,1201,-20,-1.64,1192,-29,-2.38,1175,1227,1400-4-19,2021-07-10
48,كيسون,شركت كيسون,4766,34318533,340521927730,10109,10130,9907,-202,-2,9922,-187,-1.85,9907,10130,1400-4-19,2021-07-10
49,وسپهر,سرمايه گذاري مالي سپهرصادرات,4702,10083818,93085543017,9200,9230,9231,31,0.34,9226,26,0.28,9230,9280,1400-4-19,2021-07-10
50,ذوب,سهامي ذوب آهن  اصفهان,4680,69033295,244838724965,3592,3535,3560,-32,-0.89,3547,-45,-1.25,3470,3619,1400-4-19,2021-07-10
51,آبادا,توليد نيروي برق آبادان,4534,9831728,123936765530,12010,12610,12610,600,5,12610,600,5,12400,12610,1400-4-19,2021-07-10
52,كمند,صندوق س. با درآمد ثابت كمند,4417,159238965,1596013398281,10006,10022,10022,16,0.16,10023,17,0.17,10022,10025,1400-4-19,2021-07-10
53,بگيلان,توسعه مسير برق گيلان,4215,2280441,48891341462,20505,21500,21530,1025,5,21439,934,4.55,20915,21530,1400-4-19,2021-07-10
54,هاي وب,داده گسترعصرنوين-هاي وب,4126,32096333,278662481180,8610,8740,8760,150,1.74,8680,70,0.81,8450,8890,1400-4-19,2021-07-10
55,حكشتي,كشتيراني جمهوري اسلامي ايران,4092,16927402,278869241760,17120,16810,16270,-850,-4.96,16470,-650,-3.8,16270,17000,1400-4-19,2021-07-10
56,غگل,گلوكوزان‌,4074,48699255,162303793745,3488,3400,3314,-174,-4.99,3333,-155,-4.44,3314,3485,1400-4-19,2021-07-10
57,وتوصا,گروه س توسعه صنعتي ايران,3813,22873184,227700500230,9760,10140,9800,40,0.41,9950,190,1.95,9400,10240,1400-4-19,2021-07-10
58,وبصادر,بانك صادرات ايران,3806,73506703,160087131594,2223,2191,2169,-54,-2.43,2178,-45,-2.02,2155,2238,1400-4-19,2021-07-10
59,وغدير,سرمايه‌گذاري‌غدير(هلدينگ‌,3791,22054602,280418064490,13000,12940,12800,-200,-1.54,12710,-290,-2.23,12490,12950,1400-4-19,2021-07-10
60,ثعمرا,عمران و توسعه شاهد,3738,15132413,167254583029,10868,11380,10888,20,0.18,11053,185,1.7,10700,11380,1400-4-19,2021-07-10
61,چكاپا,گروه صنايع كاغذ پارس,3694,42436743,167592655687,3884,3980,3920,36,0.93,3949,65,1.67,3885,4040,1400-4-19,2021-07-10
62,وسكرمان,س.سهام عدالت استان كرمان,3600,175573607,105045519086,621,616,596,-25,-4.03,598,-23,-3.7,590,616,1400-4-19,2021-07-10
63,وجامي,سرمايه گذاري جامي,3543,16473166,202164125890,12315,11946,12678,363,2.95,12272,-43,-0.35,11946,12684,1400-4-19,2021-07-10
64,غاذر,كشت‌وصنعت‌پياذر,3497,4509107,160851597450,36110,36010,34420,-1690,-4.68,35670,-440,-1.22,34310,37900,1400-4-19,2021-07-10
65,غزر,صنعتي زر ماكارون,3478,2125884,50911146570,23640,23900,23700,60,0.25,23950,310,1.31,23650,24500,1400-4-19,2021-07-10
66,وپويا,سرمايه گذاري پويا,3397,5755983,27148361324,4679,4730,4712,33,0.71,4717,38,0.81,4674,4774,1400-4-19,2021-07-10
67,سمگا,گروه سرمايه گذاري ميراث فرهنگي,3381,23517434,519949822975,23178,23150,22020,-1158,-5,22109,-1069,-4.61,22020,23150,1400-4-19,2021-07-10
68,غگيلا,شيرپاستوريزه پگاه گيلان,3354,2627903,41735148056,15443,15488,15701,258,1.67,15882,439,2.84,15488,16200,1400-4-19,2021-07-10
69,ونيرو,سرمايه‌گذاري‌نيرو,3316,104239091,291161640300,2664,2797,2797,133,4.99,2793,129,4.84,2734,2797,1400-4-19,2021-07-10
70,بترانس,ايران‌ ترانسفو,3262,57624283,140265741218,2417,2360,2451,34,1.41,2434,17,0.7,2360,2495,1400-4-19,2021-07-10
71,ثپرديس,سرمايه گذاري مسكن پرديس,3238,21686408,137091797923,7827,6500,6193,-1634,-20.88,6322,-1505,-19.23,6175,6770,1400-4-19,2021-07-10
72,فروي,ذوب روي اصفهان,3188,4547443,154903139941,32858,33450,34500,1642,5,34064,1206,3.67,32500,34500,1400-4-19,2021-07-10
73,ولغدر,ليزينگ‌خودروغدير,3135,7917649,159044231390,19920,19550,19600,-320,-1.61,20090,170,0.85,19550,20840,1400-4-19,2021-07-10
74,ثغرب,شركت سرمايه گذاري مسكن شمالغرب,3073,19291334,137658916586,7109,7163,7300,191,2.69,7136,27,0.38,6850,7340,1400-4-19,2021-07-10
75,اپال,فرآوري معدني اپال كاني پارس,3070,3017750,60763180790,20570,20200,20140,-430,-2.09,20350,-220,-1.07,19920,20570,1400-4-19,2021-07-10
76,دتوليد,داروسازي توليد دارو,2960,19139090,288059168623,14463,14920,15186,723,5,15051,588,4.07,14560,15186,1400-4-19,2021-07-10
77,كسرام,پارس‌ سرام‌,2902,17222549,107670835680,6470,6350,6390,-80,-1.24,6250,-220,-3.4,6150,6470,1400-4-19,2021-07-10
78,اخابر,مخابرات ايران,2896,34380241,307892215810,8830,8740,8780,-50,-0.57,8960,130,1.47,8550,9170,1400-4-19,2021-07-10
79,دماوند,توليد نيروي برق دماوند,2822,8171468,241870288278,27084,29300,29720,2636,9.73,29599,2515,9.29,29300,30765,1400-4-19,2021-07-10
80,پيزد,مجتمع صنايع لاستيك يزد,2760,290437,19354397042,65353,63670,67001,1648,2.52,66639,1286,1.97,63670,67674,1400-4-19,2021-07-10
81,امين يكم,صندوق درآمد ثابت امين يكم فردا,2721,74411111,749826938588,10066,10075,10077,11,0.11,10077,11,0.11,10073,10082,1400-4-19,2021-07-10
82,سفارس,سيمان فارس و خوزستان,2720,21373657,418091950800,19070,19070,20020,950,4.98,19560,490,2.57,18350,20020,1400-4-19,2021-07-10
83,چدن,توليدي چدن سازان,2711,35187029,158398725694,4450,4539,4481,31,0.7,4502,52,1.17,4400,4649,1400-4-19,2021-07-10
84,فارس,صنايع پتروشيمي خليج فارس,2674,18699206,197644562740,10860,10760,10470,-390,-3.59,10570,-290,-2.67,10420,10770,1400-4-19,2021-07-10
85,خرينگ,رينگ‌سازي‌مشهد,2662,4523271,162703654780,34700,36390,35490,790,2.28,35970,1270,3.66,34900,36430,1400-4-19,2021-07-10
86,پتاير,ايران‌ تاير,2533,55309042,164115697658,2944,2960,2999,55,1.87,2967,23,0.78,2871,3047,1400-4-19,2021-07-10
87,خكار,ايركا پارت صنعت,2471,5909927,101574529670,17390,17380,17220,-170,-0.98,17190,-200,-1.15,16810,17670,1400-4-19,2021-07-10
88,شسپا,نفت سپاهان,2468,9662490,168086150650,17470,17600,17350,-120,-0.69,17400,-70,-0.4,17280,17600,1400-4-19,2021-07-10
89,ثشاهد,سرمايه‌ گذاري‌ شاهد,2462,7710362,112323633340,14340,14540,14490,150,1.05,14570,230,1.6,14100,14980,1400-4-19,2021-07-10
90,وآيند,بانك  آينده,2430,18670802,225939202120,11650,11849,12116,466,4,12101,451,3.87,11600,12116,1400-4-19,2021-07-10
91,وپارس,بانك‌پارسيان‌,2387,49796326,134578852167,2747,2746,2671,-76,-2.77,2703,-44,-1.6,2670,2779,1400-4-19,2021-07-10
92,كماسه,تامين‌ ماسه‌ ريخته‌گري‌,2367,4775842,180771165480,37210,38530,38200,990,2.66,37850,640,1.72,36120,38800,1400-4-19,2021-07-10
93,افق,فروشگاههاي زنجيره اي افق كوروش,2360,7791222,568416942650,72490,71700,75000,2510,3.46,72960,470,0.65,70050,75000,1400-4-19,2021-07-10
94,وسنا,سرمايه گذاري نيروگاهي ايران,2338,13258032,197620193988,14907,14500,15354,447,3,14906,-1,-0.01,14460,15354,1400-4-19,2021-07-10
95,بجهرم,توسعه مولد نيروگاهي جهرم,2321,70974260,191510577730,2571,2699,2699,128,4.98,2698,127,4.94,2651,2699,1400-4-19,2021-07-10
96,ثاخت,بين‌المللي‌توسعه‌ساختمان,2312,47709376,111772550621,2306,2370,2315,9,0.39,2343,37,1.6,2306,2400,1400-4-19,2021-07-10
97,شبريز,پالايش نفت تبريز,2291,5908385,199191674650,34260,33500,33720,-540,-1.58,33710,-550,-1.61,33300,34260,1400-4-19,2021-07-10
98,زكوثر,سرمايه گذاري كشاورزي كوثر,2283,7255884,137271848870,18020,18920,18920,900,4.99,18920,900,4.99,18340,18920,1400-4-19,2021-07-10
99,تاپيكو,س. نفت و گاز و پتروشيمي تأمين,2275,19810290,256481860760,13400,13000,12970,-430,-3.21,12950,-450,-3.36,12760,13270,1400-4-19,2021-07-10
100,غپاك,لبنيات‌ پاك‌,2246,6364510,122133626170,19240,18720,18700,-540,-2.81,19190,-50,-0.26,18660,19700,1400-4-19,2021-07-10
101,وگستر,گسترش سرمايه گذاري ايرانيان,2233,7744626,112932613411,15212,14800,14452,-760,-5,14582,-630,-4.14,14452,15220,1400-4-19,2021-07-10
102,خزاميا,زامياد,2192,21162543,139860649930,6710,6650,6590,-120,-1.79,6610,-100,-1.49,6510,6840,1400-4-19,2021-07-10
103,شفن,پتروشيمي فناوران,2179,622800,193385143990,306850,311000,314400,7550,2.46,310510,3660,1.19,300100,314990,1400-4-19,2021-07-10
104,چفيبر,فيبر ايران‌,2176,11498850,94903917050,7990,8040,8240,250,3.13,8250,260,3.25,8040,8380,1400-4-19,2021-07-10
105,خودكفا,اقتصادي و خودكفايي آزادگان,2147,10279646,183556289930,16756,17511,17581,825,4.92,17856,1100,6.56,17430,18036,1400-4-19,2021-07-10
106,حفارس,حمل و نقل بين المللي خليج فارس,2133,19937921,83617112767,4096,4100,4198,102,2.49,4194,98,2.39,4100,4248,1400-4-19,2021-07-10
107,كوير,توليدي فولاد سپيد فراب كوير,2114,9711860,141816133880,14610,14650,14500,-110,-0.75,14600,-10,-0.07,14410,14990,1400-4-19,2021-07-10
108,فزرين,زرين معدن آسيا,2098,9068377,178224889419,18786,19500,19725,939,5,19653,867,4.62,19210,19725,1400-4-19,2021-07-10
109,كيان,صندوق س. با درآمد ثابت كيان,2093,21379113,626431345571,29267,29300,29300,33,0.11,29301,34,0.12,29300,29304,1400-4-19,2021-07-10
110,فجر,فولاد اميركبيركاشان,2091,3097727,104594172300,34590,34000,33340,-1250,-3.61,33760,-830,-2.4,33230,34950,1400-4-19,2021-07-10
111,كهربا,صندوق س.پشتوانه سكه طلا كهربا,2088,99000000,990000000000,10000,10000,10000,0,0,10000,0,0,10000,10000,1400-4-19,2021-07-10
112,كپشير,پشم‌شيشه‌ايران‌,2058,8271342,242153994410,32360,29130,29130,-3230,-9.98,29280,-3080,-9.52,29130,30750,1400-4-19,2021-07-10
113,فخوز,فولاد  خوزستان,2051,9196973,141058357190,15540,15500,15380,-160,-1.03,15340,-200,-1.29,15000,15540,1400-4-19,2021-07-10
114,فاذر,صنايع‌ آذرآب‌,2048,62355383,84218559330,1386,1340,1349,-37,-2.67,1351,-35,-2.53,1333,1386,1400-4-19,2021-07-10
115,ضخود7075,اختيارخ خودرو-2000-1400/07/07,2032,86488,28669000000,369,362,326,-43,-11.65,331,-38,-10.3,318,367,1400-4-19,2021-07-10
116,غالبر,لبنيات‌ كالبر,2028,9596668,168913434790,16800,17290,17640,840,5,17600,800,4.76,16900,17640,1400-4-19,2021-07-10
117,غفارس,شير پاستوريزه پگاه فارس,2027,8241986,162895988933,19104,19650,20059,955,5,19764,660,3.45,19450,20059,1400-4-19,2021-07-10
118,صبا,سرمايه گذاري صبا تامين,1981,6712801,54170891637,8234,8076,8100,-134,-1.63,8158,-76,-0.92,7990,8180,1400-4-19,2021-07-10
119,وسلرستا,شركت س استان لرستان,1980,85050284,52203714127,641,621,614,-27,-4.21,614,-27,-4.21,609,639,1400-4-19,2021-07-10
120,بنيرو,نيروترانس‌,1962,36377123,89319457808,2441,2550,2550,109,4.47,2455,14,0.57,2320,2560,1400-4-19,2021-07-10
121,سغرب,سيمان‌غرب‌,1950,4010704,88998764670,22040,21030,22890,850,3.86,22190,150,0.68,20940,23100,1400-4-19,2021-07-10
122,زشگزا,شير و گوشت زاگرس شهركرد,1938,16503292,110192491236,6405,6725,6584,179,2.79,6677,272,4.25,6499,6725,1400-4-19,2021-07-10
123,ساوه,سيمان ساوه,1936,1293347,69681447331,52779,53970,54700,1921,3.64,53877,1098,2.08,50550,55417,1400-4-19,2021-07-10
124,زاگرس,پتروشيمي زاگرس,1892,627136,131413802424,217372,217500,211799,-5573,-2.56,209546,-7826,-3.6,207000,220000,1400-4-19,2021-07-10
125,كنور,توسعه معدني و صنعتي صبانور,1890,4857287,280350746350,55070,56700,57820,2750,4.99,57720,2650,4.81,56200,57820,1400-4-19,2021-07-10
126,حتوكا,حمل‌ونقل‌توكا,1873,4301678,77074497040,18710,18040,17780,-930,-4.97,17920,-790,-4.22,17780,18470,1400-4-19,2021-07-10
127,اعتماد,صندوق س.اعتماد آفرين پارسيان-د,1869,36798180,1377632098820,37401,37437,37438,37,0.1,37438,37,0.1,37437,37440,1400-4-19,2021-07-10
128,وپاسار,بانك  پاسارگاد,1868,26931995,409789373110,15210,15210,15220,10,0.07,15220,10,0.07,15210,15230,1400-4-19,2021-07-10
129,اوان,مبين وان كيش,1856,3626597,144724675359,41223,39162,40700,-523,-1.27,39906,-1317,-3.19,39162,41000,1400-4-19,2021-07-10
130,شتوكا,توكا رنگ فولاد سپاهان,1850,3393834,111435443861,33901,35477,32206,-1695,-5,32835,-1066,-3.14,32206,35477,1400-4-19,2021-07-10
131,سپاها,سيمان‌سپاهان‌,1847,13109866,105848873030,7830,7960,8210,380,4.85,8070,240,3.07,7710,8220,1400-4-19,2021-07-10
132,كچاد,معدني‌وصنعتي‌چادرملو,1838,6669422,165897934770,25270,25300,24970,-300,-1.19,24870,-400,-1.58,24700,25300,1400-4-19,2021-07-10
133,لپارس,پارس‌ الكتريك‌,1817,995401,75236766620,78380,77500,75550,-2830,-3.61,75580,-2800,-3.57,74500,77770,1400-4-19,2021-07-10
134,قشكر,شكرشاهرود,1800,37667255,107514648075,2786,2837,2925,139,4.99,2854,68,2.44,2713,2925,1400-4-19,2021-07-10
135,وآوا,سرمايه گذاري آوا نوين,1786,15092321,88752323693,5782,5830,5901,119,2.06,5881,99,1.71,5640,6064,1400-4-19,2021-07-10
136,زبينا,كشاورزي و دامپروري بينالود,1775,42142277,120373370059,2721,2857,2857,136,5,2856,135,4.96,2830,2857,1400-4-19,2021-07-10
137,شسينا,صنايع‌شيميايي‌سينا,1771,845194,66987977040,78970,78200,80160,1190,1.51,79260,290,0.37,76610,80160,1400-4-19,2021-07-10
138,قنيشا,قند  نيشابور,1757,3086559,187293833700,57920,60790,60810,2890,4.99,60680,2760,4.77,58850,60810,1400-4-19,2021-07-10
139,كلر,كلر پارس,1739,804980,85780206489,107318,110010,108900,1582,1.47,106562,-756,-0.7,103960,110010,1400-4-19,2021-07-10
140,كبافق,معادن‌ بافق‌,1732,2084516,75028161750,37530,36000,36070,-1460,-3.89,35990,-1540,-4.1,35660,37900,1400-4-19,2021-07-10
141,ثفارس,عمران‌وتوسعه‌فارس‌,1730,11633259,87413175000,7610,7550,7470,-140,-1.84,7510,-100,-1.31,7320,7790,1400-4-19,2021-07-10
142,قرنح,ح . پديده شيمي قرن,1708,4113104,99027245210,25340,24700,24000,-1340,-5.29,24080,-1260,-4.97,23810,24700,1400-4-19,2021-07-10
143,وهور,مديريت انرژي اميد  تابان هور,1697,83443998,151514041744,1730,1816,1816,86,4.97,1816,86,4.97,1773,1816,1400-4-19,2021-07-10
144,البرز,بيمه البرز,1684,29822966,135814394361,4484,4600,4600,116,2.59,4554,70,1.56,4450,4606,1400-4-19,2021-07-10
145,شيران,س. صنايع‌شيميايي‌ايران,1669,4761901,114419995240,23690,23120,24370,680,2.87,24030,340,1.44,23120,24400,1400-4-19,2021-07-10
146,كلوند,كاشي‌ الوند,1661,5699900,119823864920,20350,20490,21360,1010,4.96,21020,670,3.29,19930,21360,1400-4-19,2021-07-10
147,ديران,ايران‌دارو,1650,5649696,87880039610,15180,15490,15850,670,4.41,15550,370,2.44,14880,15920,1400-4-19,2021-07-10
148,حفاري,حفاري شمال,1634,9373183,63329257650,6970,6940,6800,-170,-2.44,6760,-210,-3.01,6660,6980,1400-4-19,2021-07-10
149,اميد,تامين سرمايه اميد,1633,23153996,149631526180,6410,6520,6310,-100,-1.56,6460,50,0.78,6260,6620,1400-4-19,2021-07-10
150,ماديرا,صنايع ماديران,1602,6352130,55328545206,8804,8930,8593,-211,-2.4,8710,-94,-1.07,8500,8973,1400-4-19,2021-07-10
151,وبانك,سرمايه گذاري گروه توسعه ملي,1602,13658802,115414484160,8610,8430,8500,-110,-1.28,8450,-160,-1.86,8330,8600,1400-4-19,2021-07-10
152,سدور,سيمان‌ دورود,1599,9354094,76620062360,8010,8010,8260,250,3.12,8190,180,2.25,7860,8390,1400-4-19,2021-07-10
153,نوين,بيمه نوين,1598,13107599,68367176497,5180,5300,5190,10,0.19,5216,36,0.69,5120,5300,1400-4-19,2021-07-10
154,مبين,مبين انرژي خليج فارس,1587,5804935,108447379420,18160,18730,19000,840,4.63,18620,460,2.53,18160,19060,1400-4-19,2021-07-10
155,سبزوا,سيمان لار سبزوار,1585,23892268,71504024752,3055,3000,3020,-35,-1.15,2993,-62,-2.03,2910,3098,1400-4-19,2021-07-10
156,آ س پ,آ.س.پ,1580,5486815,54265326654,9758,9850,10038,280,2.87,9890,132,1.35,9451,10100,1400-4-19,2021-07-10
157,بكام,كارخانجات توليدي شهيد قندي,1580,17862775,50801948434,2838,2899,2820,-18,-0.63,2844,6,0.21,2787,2910,1400-4-19,2021-07-10
158,ومشان,س. فني و مهندسي مشانير,1568,1130186,70751518021,64355,62425,62425,-1930,-3,62602,-1753,-2.72,62425,63999,1400-4-19,2021-07-10
159,فولاي,صنايع فولاد آلياژي يزد,1563,3139979,129373854519,40864,41500,41800,936,2.29,41202,338,0.83,39000,42480,1400-4-19,2021-07-10
160,پرداخت,به پرداخت ملت,1561,5907381,126818743320,20520,21000,21540,1020,4.97,21470,950,4.63,20880,21540,1400-4-19,2021-07-10
161,سبهان,سيمان‌ بهبهان‌,1541,789187,48076614860,60640,59970,62510,1870,3.08,60920,280,0.46,58300,63600,1400-4-19,2021-07-10
162,غبهار,كشت وصنعت بهاران گلبهار خراسان,1510,2476958,48328404904,19212,19200,19300,88,0.46,19511,299,1.56,18636,19788,1400-4-19,2021-07-10
163,وساپا,سرمايه‌گذاري‌ سايپا,1491,16389903,83740356810,5020,5020,5140,120,2.39,5110,90,1.79,4980,5170,1400-4-19,2021-07-10
164,كسعدي,كاشي‌ سعدي‌,1483,5789361,69907368790,11670,11600,12120,450,3.86,12080,410,3.51,11600,12250,1400-4-19,2021-07-10
165,سصفها,سيمان‌اصفهان‌,1461,986816,58104801220,60900,61850,58880,-2020,-3.32,58880,-2020,-3.32,57860,61850,1400-4-19,2021-07-10
166,تبرك,گروه كارخانجات صنعتي تبرك,1456,3970549,56455770537,14028,13980,14320,292,2.08,14219,191,1.36,13980,14440,1400-4-19,2021-07-10
167,سشرق,سيمان‌ شرق‌,1454,17960768,129268787490,6980,6840,7320,340,4.87,7200,220,3.15,6760,7320,1400-4-19,2021-07-10
168,دجابر,داروسازي‌ جابرابن‌حيان‌,1451,5296277,69006513670,12950,13250,12930,-20,-0.15,13030,80,0.62,12750,13330,1400-4-19,2021-07-10
169,فسپا,گروه‌صنعتي‌سپاهان‌,1443,2495215,112314919940,44640,44640,45300,660,1.48,45010,370,0.83,43410,46090,1400-4-19,2021-07-10
170,وآرين,شركت توسعه اقتصادي آرين,1435,22537886,77015764195,3333,3399,3432,99,2.97,3417,84,2.52,3300,3432,1400-4-19,2021-07-10
171,ثتران,سرمايه گذاري مسكن تهران,1435,19488869,64930563413,3332,3498,3330,-2,-0.06,3332,0,0,3210,3498,1400-4-19,2021-07-10
172,ولساپا,ليزينگ رايان‌ سايپا,1425,28582255,86019351698,3000,3000,2969,-31,-1.03,3010,10,0.33,2951,3130,1400-4-19,2021-07-10
173,خاهن,آهنگري‌ تراكتورسازي‌ ايران‌,1400,10501376,92382017660,8550,8570,8970,420,4.91,8800,250,2.92,8250,8970,1400-4-19,2021-07-10
174,ونفت,سرمايه‌گذاري‌ صنعت‌ نفت‌,1399,7027598,110981442040,16480,16100,15890,-590,-3.58,15790,-690,-4.19,15660,16360,1400-4-19,2021-07-10
175,غسالم,سالمين‌,1396,13065334,42981478636,3332,3350,3280,-52,-1.56,3290,-42,-1.26,3260,3350,1400-4-19,2021-07-10
176,تملت,تامين سرمايه بانك ملت,1396,8943508,43029399618,4890,4920,4780,-110,-2.25,4811,-79,-1.62,4646,4930,1400-4-19,2021-07-10
177,وايران,ليزينگ ايرانيان,1394,7930486,54101200370,7150,7200,6800,-350,-4.9,6820,-330,-4.62,6800,7210,1400-4-19,2021-07-10
178,وتوكا,سرمايه‌گذاري‌توكافولاد(هلدينگ,1392,8763231,85270004730,9630,9600,9900,270,2.8,9730,100,1.04,9400,9960,1400-4-19,2021-07-10
179,ونوين,بانك‌اقتصادنوين‌,1380,16862862,77935157577,4704,4600,4602,-102,-2.17,4622,-82,-1.74,4581,4750,1400-4-19,2021-07-10
180,وصنعت,سرمايه گذاري توسعه صنعت وتجارت,1380,10355547,57562960800,5780,5650,5550,-230,-3.98,5560,-220,-3.81,5500,5690,1400-4-19,2021-07-10
181,دتوليدح,ح. داروسازي توليد دارو,1367,3408672,37992565818,10804,11000,11232,428,3.96,11146,342,3.17,10700,11292,1400-4-19,2021-07-10
182,غپآذر,شير پگاه آذربايجان شرقي,1367,1424105,60210698186,41053,42400,41754,701,1.71,42280,1227,2.99,41500,43038,1400-4-19,2021-07-10
183,شپترو,پتروشيمي آبادان,1365,21019608,99856749056,4875,4760,4740,-135,-2.77,4751,-124,-2.54,4729,4872,1400-4-19,2021-07-10
184,سيلام,سيمان‌ ايلام‌,1357,6920686,58248744920,8360,8150,8510,150,1.79,8420,60,0.72,8150,8600,1400-4-19,2021-07-10
185,سصوفي,سيمان‌ صوفيان‌,1356,5258997,84480161350,16490,16000,16430,-60,-0.36,16060,-430,-2.61,15670,16950,1400-4-19,2021-07-10
186,كاوه,فولاد كاوه جنوب كيش,1356,7692421,155338108230,20440,20400,20240,-200,-0.98,20190,-250,-1.22,20000,20470,1400-4-19,2021-07-10
187,خموتور,موتورسازان‌تراكتورسازي‌ايران‌,1341,4811289,48470471590,10040,10480,10130,90,0.9,10070,30,0.3,9780,10480,1400-4-19,2021-07-10
188,قرن,پديده شيمي قرن,1336,1861500,60689884740,34070,34050,32370,-1700,-4.99,32600,-1470,-4.31,32370,34050,1400-4-19,2021-07-10
189,چافست,افست‌,1308,3034687,43265676230,14110,14000,14230,120,0.85,14260,150,1.06,13780,14530,1400-4-19,2021-07-10
190,آسيا,بيمه آسيا,1304,32629528,58676250623,1821,1842,1797,-24,-1.32,1798,-23,-1.26,1760,1842,1400-4-19,2021-07-10
191,ختوقا,قطعات‌ اتومبيل‌ ايران‌,1303,23371322,51570449948,2252,2252,2180,-72,-3.2,2207,-45,-2,2170,2252,1400-4-19,2021-07-10
192,شلعاب,لعابيران‌,1303,5102009,55112409530,11320,10850,10760,-560,-4.95,10800,-520,-4.59,10760,11300,1400-4-19,2021-07-10
193,فولاژ,فولاد آلياژي ايران,1299,5689502,95744232140,16840,16900,17040,200,1.19,16830,-10,-0.06,16320,17130,1400-4-19,2021-07-10
194,وپترو,سرمايه‌گذاري صنايع پتروشيمي‌,1291,6799724,91769841470,14070,13990,13490,-580,-4.12,13500,-570,-4.05,13370,13990,1400-4-19,2021-07-10
195,وسينا,بانك سينا,1287,41058453,118641735859,2912,2920,2940,28,0.96,2890,-22,-0.76,2801,2960,1400-4-19,2021-07-10
196,ساروم,سيمان‌اروميه‌,1286,2670694,91449665100,34990,35000,35110,120,0.34,34240,-750,-2.14,33250,35460,1400-4-19,2021-07-10
197,پارند,صندوق س. پارند پايدار سپهر,1285,33947187,377916641903,11121,11132,11134,13,0.12,11132,11,0.1,11132,11148,1400-4-19,2021-07-10
198,حريل,ريل پردازسير,1280,15704303,63943299142,3902,3960,4097,195,5,4072,170,4.36,3959,4097,1400-4-19,2021-07-10
199,خصدرا,صنعتي‌ دريايي‌ ايران‌,1278,20385784,48797280499,2435,2434,2389,-46,-1.89,2394,-41,-1.68,2370,2450,1400-4-19,2021-07-10
200,تسه0003,امتيازتسهيلات مسكن خرداد1400,1276,29051,17481084954,598637,604000,604999,6362,1.06,601738,3101,0.52,593101,605000,1400-4-19,2021-07-10
201,كمنگنز,معادن‌منگنزايران‌,1264,1447987,96611348730,63730,64950,66910,3180,4.99,66720,2990,4.69,64040,66910,1400-4-19,2021-07-10
202,سرو,صندوق س سروسودمند مدبران-سهام,1264,1395668,94986301660,69120,68110,68150,-970,-1.4,68060,-1060,-1.53,67650,68480,1400-4-19,2021-07-10
203,كساپا,سايپاشيشه‌,1258,3664936,85765094450,22450,22100,23570,1120,4.99,23400,950,4.23,22100,23570,1400-4-19,2021-07-10
204,مرقام,ايران‌ارقام‌,1257,4094816,66227419280,15900,16170,16000,100,0.63,16170,270,1.7,15900,16500,1400-4-19,2021-07-10
205,خمحركه,نيرو محركه‌,1248,12042720,45048950454,3856,3781,3708,-148,-3.84,3741,-115,-2.98,3700,3845,1400-4-19,2021-07-10
206,داوه,داروسازي آوه سينا,1238,2611087,44280322277,16680,16210,17271,591,3.54,16959,279,1.67,16110,17400,1400-4-19,2021-07-10
207,پارس,پتروشيمي پارس,1237,1172610,204240912580,172380,174000,174200,1820,1.06,174180,1800,1.04,173300,175700,1400-4-19,2021-07-10
208,آريان,سرمايه گذاري پارس آريان,1235,27342691,392421410366,14792,14349,14349,-443,-2.99,14352,-440,-2.97,14349,14450,1400-4-19,2021-07-10
209,افرا,افرانت,1226,1982075,47609768057,23048,23450,24200,1152,5,24020,972,4.22,23077,24200,1400-4-19,2021-07-10
210,دسانكو,داروسازي سبحان انكولوژي,1216,8410689,83082659122,9436,9710,9896,460,4.87,9878,442,4.68,9459,9907,1400-4-19,2021-07-10
211,زقيام,كشت و دام قيام اصفهان,1209,3587117,87127038201,23148,24300,24305,1157,5,24289,1141,4.93,24000,24305,1400-4-19,2021-07-10
212,آگاس,صندوق س.هستي بخش آگاه-س,1193,1173955,83327400814,71962,71600,70785,-1177,-1.64,70980,-982,-1.36,70590,71600,1400-4-19,2021-07-10
213,شپديس,پتروشيمي پرديس,1191,1009248,124716347090,124120,120500,124750,630,0.51,123570,-550,-0.44,120500,125080,1400-4-19,2021-07-10
214,زنگان,صنعت روي زنگان,1182,641076,41555592881,65069,66170,63990,-1079,-1.66,64822,-247,-0.38,62500,66900,1400-4-19,2021-07-10
215,فلامي,لاميران‌,1173,1546288,42167813360,27510,26700,26970,-540,-1.96,27270,-240,-0.87,26190,27990,1400-4-19,2021-07-10
216,وملي,گروه‌ صنعتي‌ ملي‌ (هلدينگ‌,1170,339407,56524895490,166430,166430,165000,-1430,-0.86,166540,110,0.07,161740,170100,1400-4-19,2021-07-10
217,تاپكيش,تجارت الكترونيك پارسيان كيش,1166,3775082,49165457488,13225,13000,12780,-445,-3.36,13024,-201,-1.52,12650,13480,1400-4-19,2021-07-10
218,دتوزيع,توزيع دارو پخش,1160,1525856,42102860311,28204,28204,27730,-474,-1.68,27593,-611,-2.17,27180,28799,1400-4-19,2021-07-10
219,شپارس,بين‌ المللي‌ محصولات‌  پارس‌,1157,3333947,51796964910,16220,16000,15410,-810,-4.99,15540,-680,-4.19,15410,16490,1400-4-19,2021-07-10
220,حپارسا,توسعه حمل و نقل ريلي پارسيان,1149,2149535,63994303504,30276,30900,29800,-476,-1.57,29771,-505,-1.67,29303,30900,1400-4-19,2021-07-10
221,تاصيكو,سرمايه گذاري صدرتامين,1148,7760491,80059171050,10690,10650,10300,-390,-3.65,10430,-260,-2.43,10220,10650,1400-4-19,2021-07-10
222,گكوثر,هتل پارسيان كوثر اصفهان,1147,17432713,44320722798,2532,2566,2542,10,0.39,2542,10,0.39,2500,2608,1400-4-19,2021-07-10
223,ستران,سيمان‌ تهران‌,1146,3223738,75646342450,23640,22990,24000,360,1.52,23470,-170,-0.72,22730,24290,1400-4-19,2021-07-10
224,كوثر,بيمه كوثر,1138,8410337,120041059428,14928,14561,14182,-746,-5,14273,-655,-4.39,14182,15120,1400-4-19,2021-07-10
225,رتاپ,تجارت الكترونيك  پارسيان,1136,12760195,73593882590,5550,5550,5820,270,4.86,5770,220,3.96,5460,5820,1400-4-19,2021-07-10
226,كهمدا,شيشه‌ همدان‌,1130,4465358,41665588240,9060,9080,9510,450,4.97,9330,270,2.98,9020,9510,1400-4-19,2021-07-10
227,غديس,پاكديس,1128,4624769,59341475027,13243,12800,12885,-358,-2.7,12831,-412,-3.11,12582,13300,1400-4-19,2021-07-10
228,رنيك,جنرال مكانيك,1124,1813166,38908101356,21778,22400,21049,-729,-3.35,21459,-319,-1.46,20900,22400,1400-4-19,2021-07-10
229,سامان,بانك سامان,1122,11031738,101809928111,9482,9511,9198,-284,-3,9229,-253,-2.67,9198,9600,1400-4-19,2021-07-10
230,فباهنر,مس‌ شهيدباهنر,1114,2672994,55137414810,21390,21000,20510,-880,-4.11,20630,-760,-3.55,20400,21380,1400-4-19,2021-07-10
231,غصينو,صنعتي مينو,1108,1146851,69615160365,58974,61920,60800,1826,3.1,60142,1168,1.98,59000,61920,1400-4-19,2021-07-10
232,تليسه,دامداري تليسه نمونه,1108,18900126,64333626041,3248,3400,3410,162,4.99,3404,156,4.8,3350,3410,1400-4-19,2021-07-10
233,كاذر,فرآورده‌هاي‌نسوزآذر,1105,8133237,116005259860,13660,13740,14340,680,4.98,14260,600,4.39,13620,14340,1400-4-19,2021-07-10
234,ختراك,ريخته‌گري‌ تراكتورسازي‌ ايران‌,1104,4705391,62049618310,12770,13400,13270,500,3.92,13190,420,3.29,12770,13400,1400-4-19,2021-07-10
235,خچرخش,چرخشگر,1099,4700206,53916583830,10990,11310,11400,410,3.73,11470,480,4.37,11190,11530,1400-4-19,2021-07-10
236,حسير,ريل سير كوثر,1085,7658060,148364248134,18459,19381,19381,922,4.99,19374,915,4.96,18850,19381,1400-4-19,2021-07-10
237,ديرانح,ح . ‌ايران‌دارو,1084,4213655,50066889470,11810,11620,11860,50,0.42,11880,70,0.59,11250,12250,1400-4-19,2021-07-10
238,وثوق,سرمايه گذاري وثوق امين,1082,3119600,50123357782,15404,15980,16174,770,5,16067,663,4.3,15400,16174,1400-4-19,2021-07-10
239,فمراد,آلومراد,1075,720848,50966537080,73510,74700,70870,-2640,-3.59,70700,-2810,-3.82,69990,74700,1400-4-19,2021-07-10
240,همراه,شركت ارتباطات سيار ايران,1062,2639917,54025217880,20420,20860,20360,-60,-0.29,20440,20,0.1,20130,20860,1400-4-19,2021-07-10
241,بفجر,فجر انرژي خليج فارس,1059,3968290,107094606630,26390,26730,27500,1110,4.21,26990,600,2.27,26400,27700,1400-4-19,2021-07-10
242,زگلدشت,كشت و دام گلدشت نمونه اصفهان,1058,4535208,56746762385,11954,12390,12551,597,4.99,12512,558,4.67,12080,12551,1400-4-19,2021-07-10
243,غنوش,نوش‌ مازندران‌,1055,1380143,55975156180,42390,40600,40280,-2110,-4.98,40560,-1830,-4.32,40280,42340,1400-4-19,2021-07-10
244,ونيكي,سرمايه‌گذاري‌ ملي‌ايران‌,1052,5806581,55600307050,9840,9710,9600,-240,-2.44,9620,-220,-2.24,9420,9930,1400-4-19,2021-07-10
245,خمهر,مهركام‌پارس‌,1050,23325227,43741801575,1871,1830,1900,29,1.55,1875,4,0.21,1830,1928,1400-4-19,2021-07-10
246,غبهنوش,بهنوش‌ ايران‌,1047,632882,39335779200,64730,63710,63200,-1530,-2.36,62150,-2580,-3.99,61500,64000,1400-4-19,2021-07-10
247,شاراك,پتروشيمي شازند,1038,3283210,87256958850,26710,26650,26600,-110,-0.41,26580,-130,-0.49,26150,26870,1400-4-19,2021-07-10
248,ورنا,سرمايه‌گذاري‌ رنا(هلدينگ‌,1031,7471632,34971792346,4620,4550,4741,121,2.62,4681,61,1.32,4530,4747,1400-4-19,2021-07-10
249,شلرد,كود شيميايي اوره لردگان,1029,6990918,47406339752,6779,6840,6670,-109,-1.61,6781,2,0.03,6640,6920,1400-4-19,2021-07-10
250,دفارا,داروسازي‌ فارابي‌,1028,1297200,52025632490,38990,40310,40100,1110,2.85,40110,1120,2.87,39560,40800,1400-4-19,2021-07-10
251,وتعاون,بيمه  تعاون,1027,13107328,64910194340,4992,5020,4877,-115,-2.3,4952,-40,-0.8,4843,5141,1400-4-19,2021-07-10
252,والبر,سرمايه‌ گذاري‌ البرز(هلدينگ‌,1025,6736229,63826417280,9600,9350,9350,-250,-2.6,9480,-120,-1.25,9280,9700,1400-4-19,2021-07-10
253,فنورد,نوردوقطعات‌ فولادي‌,1024,330008,64459198670,186740,195980,196070,9330,5,195330,8590,4.6,186680,196070,1400-4-19,2021-07-10
254,وساخت,سرمايه‌ گذاري‌ ساختمان‌ايران‌,1015,900339,45417303150,52490,52000,50180,-2310,-4.4,50440,-2050,-3.91,49950,52000,1400-4-19,2021-07-10
255,فوكا,فولاد كاويان,1014,5027454,79912275398,15878,15700,15740,-138,-0.87,15895,17,0.11,15700,16252,1400-4-19,2021-07-10
256,هرمز,فولاد هرمزگان جنوب,1012,4980151,74993450531,15503,15190,15070,-433,-2.79,15217,-286,-1.84,15000,15399,1400-4-19,2021-07-10
257,غپينو,پارس‌ مينو,1009,6413478,38302360170,6010,5870,5980,-30,-0.5,5970,-40,-0.67,5860,6080,1400-4-19,2021-07-10
258,فرآور,فرآوري‌موادمعدني‌ايران‌,1000,2120281,65075943920,30530,31000,30980,450,1.47,30690,160,0.52,30020,31290,1400-4-19,2021-07-10
259,دامين,داروسازي‌ امين‌,995,11209465,42858045846,3840,3890,3792,-48,-1.25,3823,-17,-0.44,3750,3930,1400-4-19,2021-07-10
260,ددام,داروسازي زاگرس فارمد پارس,987,2134646,28202845580,13340,13680,13030,-310,-2.32,13210,-130,-0.97,12800,13680,1400-4-19,2021-07-10
261,رتكو,كنترل‌خوردگي‌تكين‌كو,979,3065281,46314074610,14540,15070,15090,550,3.78,15110,570,3.92,14600,15260,1400-4-19,2021-07-10
262,ثرود,سرمايه‌گذاري مسكن زاينده رود,970,3413396,63101573394,19225,19800,18900,-325,-1.69,18486,-739,-3.84,18264,19800,1400-4-19,2021-07-10
263,پكوير,كوير تاير,964,4566719,64227455600,13740,13130,14380,640,4.66,14060,320,2.33,13130,14400,1400-4-19,2021-07-10
264,معيار ,سرمايه گذاري معيار صنعت پارس,962,1112483,49364838392,45467,44203,44103,-1364,-3,44374,-1093,-2.4,44103,45928,1400-4-19,2021-07-10
265,شخارك,پتروشيمي‌ خارك‌,955,1500784,74501657760,49590,49530,49650,60,0.12,49630,40,0.08,49300,50980,1400-4-19,2021-07-10
266,فسازان,غلتك سازان سپاهان,951,2231859,73956514970,31900,32250,33400,1500,4.7,33140,1240,3.89,32100,33490,1400-4-19,2021-07-10
267,سيمرغ,سيمرغ,949,1955179,33323930910,16840,16500,16880,40,0.24,17040,200,1.19,16500,17480,1400-4-19,2021-07-10
268,شبصير,توليدات پتروشيمي قائد بصير,945,1006663,82023011880,79282,79282,81000,1718,2.17,81480,2198,2.77,78500,82950,1400-4-19,2021-07-10
269,فسرب,ملي‌ سرب‌وروي‌ ايران‌,943,489219,33997101380,68680,69890,70390,1710,2.49,69490,810,1.18,68500,71500,1400-4-19,2021-07-10
270,كسرا,سراميك‌هاي‌صنعتي‌اردكان‌,941,4083295,60714999730,14900,15010,14600,-300,-2.01,14870,-30,-0.2,14550,15260,1400-4-19,2021-07-10
271,خكمك,كمك‌فنرايندامين‌,939,1556494,29567343340,18890,19350,18930,40,0.21,19000,110,0.58,18250,19350,1400-4-19,2021-07-10
272,خكاوه,سايپا ديزل,939,18469960,67608353170,3757,3695,3645,-112,-2.98,3660,-97,-2.58,3645,3800,1400-4-19,2021-07-10
273,دشيمي,شيمي‌ داروئي‌ داروپخش‌,937,2457903,55780868150,21630,22360,22710,1080,4.99,22690,1060,4.9,22360,22710,1400-4-19,2021-07-10
274,وصندوق,سرمايه‌گذاري‌صندوق‌بازنشستگي‌,925,7385104,121414741960,16600,16500,16520,-80,-0.48,16440,-160,-0.96,16200,16700,1400-4-19,2021-07-10
275,كشرق,صنعتي و معدني شمال شرق شاهرود,920,999843,64556275870,61612,64692,64000,2388,3.88,64566,2954,4.79,63350,64692,1400-4-19,2021-07-10
276,پاسا,ايران‌ياساتايرورابر,918,3605049,71149652470,19800,19790,20000,200,1.01,19740,-60,-0.3,19310,20130,1400-4-19,2021-07-10
277,پارسان,گسترش نفت و گاز پارسيان,901,5212280,124446689880,24130,24130,23680,-450,-1.86,23880,-250,-1.04,23500,24130,1400-4-19,2021-07-10
278,شپاس,نفت پاسارگاد,900,5900253,103769746373,17062,17466,17750,688,4.03,17587,525,3.08,17200,17915,1400-4-19,2021-07-10
279,كروي,توسعه‌ معادن‌ روي‌ ايران‌,895,3836062,92554855670,23040,24100,24190,1150,4.99,24130,1090,4.73,23610,24190,1400-4-19,2021-07-10
280,دسبحا,گروه دارويي سبحان,881,3214698,56010856270,16680,17000,17500,820,4.92,17420,740,4.44,16920,17510,1400-4-19,2021-07-10
281,والبرح,ح . سرمايه گذاري‌البرز(هلدينگ‌,881,3224056,24620836687,7735,7460,7680,-55,-0.71,7637,-98,-1.27,7460,7760,1400-4-19,2021-07-10
282,سرود,سيمان‌شاهرود,873,3613185,78728117550,22650,22000,22100,-550,-2.43,21790,-860,-3.8,21520,22280,1400-4-19,2021-07-10
283,ومهان,گروه توسعه مالي مهر آيندگان,870,4230814,57442086274,13778,13879,13560,-218,-1.58,13577,-201,-1.46,13335,13879,1400-4-19,2021-07-10
284,ارفع,شركت آهن و فولاد ارفع,864,1953748,28411978929,14670,14680,14450,-220,-1.5,14618,-52,-0.35,14310,14870,1400-4-19,2021-07-10
285,ريشمك,توليد و صادرات ريشمك,836,770806,34298883071,45113,45200,43800,-1313,-2.91,44497,-616,-1.37,43202,46800,1400-4-19,2021-07-10
286,كحافظ,كاشي‌ وسراميك‌ حافظ‌,836,4167973,37233183350,8760,8680,9050,290,3.31,8930,170,1.94,8500,9150,1400-4-19,2021-07-10
287,وبيمه,سرمايه‌ گذاري‌ صنعت‌ بيمه‌,832,15522291,28701602991,1839,1837,1851,12,0.65,1849,10,0.54,1820,1884,1400-4-19,2021-07-10
288,پدرخش,درخشان‌ تهران‌,828,913681,25664781270,28110,28290,28380,270,0.96,28090,-20,-0.07,27450,28980,1400-4-19,2021-07-10
289,سكرد,سيمان كردستان,827,4906509,30230056620,6110,6180,6250,140,2.29,6160,50,0.82,6010,6340,1400-4-19,2021-07-10
290,شبهرن,نفت‌ بهران‌,825,2633221,31601869410,12230,12480,12060,-170,-1.39,12100,-130,-1.06,11850,12480,1400-4-19,2021-07-10
291,كيميا,معدني كيمياي زنجان گستران,823,3967234,59994429921,14489,14920,15213,724,5,15122,633,4.37,14410,15213,1400-4-19,2021-07-10
292,تكنو,تكنوتار,822,2595415,39964928720,16090,16280,15350,-740,-4.6,15400,-690,-4.29,15290,16280,1400-4-19,2021-07-10
293,لخزر,پارس‌ خزر,822,219703,29069191540,135180,137200,129550,-5630,-4.16,132310,-2870,-2.12,128430,141000,1400-4-19,2021-07-10
294,وسهرمز,شركت س استان هرمزگان,822,40736177,25471284367,657,625,628,-29,-4.41,625,-32,-4.87,625,634,1400-4-19,2021-07-10
295,خاذين,سايپاآذين‌,820,13089472,40260268939,3082,3082,3078,-4,-0.13,3076,-6,-0.19,3010,3159,1400-4-19,2021-07-10
296,سخاش,سيمان‌خاش‌,814,446364,42835421900,92080,94900,96680,4600,5,95970,3890,4.22,92000,96680,1400-4-19,2021-07-10
297,بالاس,مهندسي ساختمان تاسيسات راه آهن,813,995219,33352008480,35108,35000,33353,-1755,-5,33512,-1596,-4.55,33353,35000,1400-4-19,2021-07-10
298,فالوم,آلومتك‌,813,2161171,49296866347,22216,22882,22882,666,3,22810,594,2.67,22000,22882,1400-4-19,2021-07-10
299,داسوه,داروسازي‌ اسوه‌,806,2266021,59347189350,25020,25340,26270,1250,5,26190,1170,4.68,25340,26270,1400-4-19,2021-07-10
300,زپارس,ملي كشت و صنعت و دامپروري پارس,806,877681,105167993480,114500,116290,120220,5720,5,119820,5320,4.65,116280,120220,1400-4-19,2021-07-10
301,غويتا,ويتانا,802,1909178,18702446494,9945,9755,9700,-245,-2.46,9796,-149,-1.5,9610,10078,1400-4-19,2021-07-10
302,سخوز,سيمان خوزستان,797,3104133,76648995710,24730,23510,25200,470,1.9,24690,-40,-0.16,23510,25460,1400-4-19,2021-07-10
303,كفپارس,فرآورده‌هاي‌ نسوز پارس‌,791,7137938,23308359810,3352,3399,3250,-102,-3.04,3265,-87,-2.6,3226,3400,1400-4-19,2021-07-10
304,ضخود7077,اختيارخ خودرو-3000-1400/07/07,791,41177,3086573000,81,80,75,-6,-7.41,75,-6,-7.41,68,85,1400-4-19,2021-07-10
305,چكارن,كارتن‌ ايران‌,785,8684488,23916006438,2748,2790,2754,6,0.22,2754,6,0.22,2701,2790,1400-4-19,2021-07-10
306,بپاس,بيمه پاسارگاد,774,1856893,188254075965,101379,101380,101380,1,0,101381,2,0,101377,101450,1400-4-19,2021-07-10
307,كاسپين,داروسازي كاسپين تامين,774,1760050,34363787502,19297,19275,19800,503,2.61,19524,227,1.18,19060,19870,1400-4-19,2021-07-10
308,ولشرق,ليزينگ ايران و شرق,773,4643721,27778638690,6021,6100,6051,30,0.5,5982,-39,-0.65,5899,6119,1400-4-19,2021-07-10
309,بشهاب,لامپ‌  پارس‌ شهاب‌,767,570540,60815184920,101830,103620,106920,5090,5,106590,4760,4.67,103570,106920,1400-4-19,2021-07-10
310,سمازن,سيمان‌مازندران‌,765,3713628,48531852990,13000,13120,13210,210,1.62,13070,70,0.54,12780,13430,1400-4-19,2021-07-10
311,دتماد,توليدمواداوليه‌داروپخش‌,750,2072209,93452795740,43080,44300,45230,2150,4.99,45100,2020,4.69,43500,45230,1400-4-19,2021-07-10
312,سيدكو,سرمايه گذاري توسعه صنايع سيمان,750,6379216,42075851910,6430,6130,6740,310,4.82,6600,170,2.64,6130,6750,1400-4-19,2021-07-10
313,بموتو,موتوژن‌,738,926145,54910084470,58530,59550,58620,90,0.15,59290,760,1.3,58000,60000,1400-4-19,2021-07-10
314,فسا,پتروشيمي فسا,738,13155561,20428537075,1600,1552,1557,-43,-2.69,1553,-47,-2.94,1552,1566,1400-4-19,2021-07-10
315,غگلپا,شير پاستوريزه پگاه گلپايگان,732,1167019,67504120446,55149,57850,57906,2757,5,57843,2694,4.88,56254,57906,1400-4-19,2021-07-10
316,تكمبا,كمباين‌ سازي‌ ايران‌,728,3177688,22296044300,7160,6920,6990,-170,-2.37,7020,-140,-1.96,6900,7200,1400-4-19,2021-07-10
317,وتوشه,سرمايه‌ گذاري‌ پارس‌ توشه‌,719,8991499,56396390370,6550,6650,6350,-200,-3.05,6270,-280,-4.27,6230,6650,1400-4-19,2021-07-10
318,دسانكوح,ح . داروسازي سبحان انكولوژي,718,1896700,14465409969,7538,7350,7540,2,0.03,7627,89,1.18,7350,7820,1400-4-19,2021-07-10
319,نمرينو,ايران‌ مرينوس‌,717,652403,55008617520,80950,84700,84990,4040,4.99,84320,3370,4.16,82010,84990,1400-4-19,2021-07-10
320,لبوتان,گروه‌صنعتي‌بوتان‌,717,671691,34444193660,52310,52800,50000,-2310,-4.42,51280,-1030,-1.97,49700,53870,1400-4-19,2021-07-10
321,تپمپي,پمپ‌ سازي‌ ايران‌,716,1728566,28630076740,16370,16500,16550,180,1.1,16560,190,1.16,16000,16930,1400-4-19,2021-07-10
322,وبشهر,توسعه‌ صنايع‌ بهشهر(هلدينگ,709,8769911,99378516820,10820,10630,11360,540,4.99,11330,510,4.71,10630,11360,1400-4-19,2021-07-10
323,غمينو,شركت صنايع غذايي مينو شرق,707,2271641,18944032692,8392,8580,8396,4,0.05,8339,-53,-0.63,8110,8580,1400-4-19,2021-07-10
324,مفاخر,توسعه فناوري اطلاعات خوارزمي,706,613097,23859967053,39382,41300,39380,-2,-0.01,38917,-465,-1.18,37520,41300,1400-4-19,2021-07-10
325,آپ,آسان پرداخت پرشين,702,1784876,31239944880,17560,17450,17610,50,0.28,17500,-60,-0.34,17010,18030,1400-4-19,2021-07-10
326,حخزر,كشتيراني درياي خزر,701,4282383,88478015074,21715,21970,20990,-725,-3.34,20661,-1054,-4.85,20630,21970,1400-4-19,2021-07-10
327,غشاذر,پگاه‌آذربايجان‌غربي‌,695,2804765,20551208390,7280,7390,7290,10,0.14,7330,50,0.69,7180,7460,1400-4-19,2021-07-10
328,خريخت,صنايع‌ريخته‌گري‌ايران‌,688,7793760,24647891518,3246,3340,3122,-124,-3.82,3163,-83,-2.56,3087,3340,1400-4-19,2021-07-10
329,شغدير,پتروشيمي غدير,686,702562,45153277650,65050,65910,63750,-1300,-2,64270,-780,-1.2,63600,65910,1400-4-19,2021-07-10
330,ساراب,سيمان‌ داراب‌,682,1652665,32347993280,20220,20000,19630,-590,-2.92,19570,-650,-3.21,19320,20350,1400-4-19,2021-07-10
331,واتي,سرمايه‌ گذاري‌ آتيه‌ دماوند,682,5056475,56263855520,11340,11390,11030,-310,-2.73,11130,-210,-1.85,10920,11400,1400-4-19,2021-07-10
332,سمايه,بانك سرمايه,681,11736715,47736743508,4188,4063,4090,-98,-2.34,4067,-121,-2.89,4063,4188,1400-4-19,2021-07-10
333,قشرين,قند شيرين خراسان,679,6600924,83251623962,12257,12624,12624,367,2.99,12612,355,2.9,12360,12624,1400-4-19,2021-07-10
334,وحكمت,بيمه حكمت صبا,679,8990783,33494926017,3719,3810,3830,111,2.98,3725,6,0.16,3608,3830,1400-4-19,2021-07-10
335,دزهراوي,داروسازي‌زهراوي‌,672,8588763,55258162420,6140,6400,6440,300,4.89,6430,290,4.72,6310,6440,1400-4-19,2021-07-10
336,دبالك,مواد اوليه دارويي البرز بالك,669,1375372,22227454097,16204,16010,16071,-133,-0.82,16161,-43,-0.27,15900,16490,1400-4-19,2021-07-10
337,غچين,كشت‌ و صنعت‌ چين‌ چين,668,1356268,20851079500,15340,14950,15340,0,0,15370,30,0.2,14950,15730,1400-4-19,2021-07-10
338,كفرا,فراورده‌ هاي‌ نسوزايران‌,667,1660703,38451745550,22130,22460,23230,1100,4.97,23150,1020,4.61,22200,23230,1400-4-19,2021-07-10
339,قصفها,قنداصفهان‌,665,342082,29355672080,85590,87000,86900,1310,1.53,85810,220,0.26,83500,87500,1400-4-19,2021-07-10
340,قاسم,قاسم ايران,661,2191609,21456821700,9727,9580,9710,-17,-0.17,9790,63,0.65,9555,9920,1400-4-19,2021-07-10
341,سفانو,سيمان فارس نو,647,1414640,39518927300,29110,29900,28640,-470,-1.61,27940,-1170,-4.02,27660,29900,1400-4-19,2021-07-10
342,دكپسول,توليد ژلاتين كپسول ايران,644,999593,33630574978,33089,34680,32930,-159,-0.48,33644,555,1.68,31435,34680,1400-4-19,2021-07-10
343,كرماشا,صنايع پتروشيمي كرمانشاه,637,969568,38688760690,40970,40800,39810,-1160,-2.83,40240,-730,-1.78,39520,41870,1400-4-19,2021-07-10
344,اعتلا,شركت سرمايه گذاري اعتلاء البرز,630,3370570,24602958311,7306,7306,7390,84,1.15,7299,-7,-0.1,7070,7390,1400-4-19,2021-07-10
345,شجم,صنايع پتروشيمي تخت جمشيد,627,7089753,72359956647,10486,10270,10297,-189,-1.8,10206,-280,-2.67,10172,10490,1400-4-19,2021-07-10
346,وپست,پست بانك ايران,624,2098184,47089076220,22570,22000,22650,80,0.35,22440,-130,-0.58,22000,23000,1400-4-19,2021-07-10
347,بهپاك,صنعتي بهپاك,621,4970397,33805365971,6580,6779,6909,329,5,6801,221,3.36,6590,6909,1400-4-19,2021-07-10
348,لابسا,آبسال‌,618,638833,23926197540,38920,37160,37200,-1720,-4.42,37450,-1470,-3.78,36980,39180,1400-4-19,2021-07-10
349,وزمين,بانك ايران زمين,613,3484626,35602410811,10075,9800,10372,297,2.95,10217,142,1.41,9800,10420,1400-4-19,2021-07-10
350,جوين,كشت و صنعت جوين,609,9378845,33719728213,3526,3430,3631,105,2.98,3595,69,1.96,3421,3631,1400-4-19,2021-07-10
351,خوساز,محورسازان‌ايران‌خودرو,609,3839583,23743322710,6270,6150,6070,-200,-3.19,6180,-90,-1.44,5960,6400,1400-4-19,2021-07-10
352,شكربن,كربن‌ ايران‌,602,441542,40043704730,90490,90490,90000,-490,-0.54,90690,200,0.22,89990,91700,1400-4-19,2021-07-10
353,دكوثر,داروسازي‌ كوثر,602,3885418,19619819480,5023,5020,5090,67,1.33,5050,27,0.54,4930,5180,1400-4-19,2021-07-10
354,چكاوه,صنايع‌كاغذسازي‌كاوه‌,599,2006529,27051366360,13140,13090,13790,650,4.95,13480,340,2.59,13020,13790,1400-4-19,2021-07-10
355,وشهر,بانك شهر,599,5000797,30371520604,5878,5885,6113,235,4,6035,157,2.67,5885,6113,1400-4-19,2021-07-10
356,تشتاد,صنايع توليدي اشتاد ايران‌,593,3917963,26887218397,6684,6540,6884,200,2.99,6863,179,2.68,6540,6884,1400-4-19,2021-07-10
357,فروس,فروسيليس‌ ايران‌,592,5738237,31553160720,5530,5700,5480,-50,-0.9,5500,-30,-0.54,5440,5700,1400-4-19,2021-07-10
358,ثمسكن,سرمايه‌گذاري‌ مسكن‌,589,6147799,28146785151,4612,4670,4556,-56,-1.21,4578,-34,-0.74,4477,4670,1400-4-19,2021-07-10
359,سرچشمه,سرمايه گذاري مس سرچشمه,588,3940417,28270092667,7139,7241,7245,106,1.48,7174,35,0.49,7068,7280,1400-4-19,2021-07-10
360,لكما,كارخانجات‌مخابراتي‌ايران‌,588,7163343,24561876059,3525,3510,3420,-105,-2.98,3429,-96,-2.72,3420,3520,1400-4-19,2021-07-10
361,افران,صندوق س افرا نماد پايدار-ثابت,587,14608643,200583259033,13715,13733,13731,16,0.12,13730,15,0.11,13730,13733,1400-4-19,2021-07-10
362,زدشت,كشت و صنعت دشت خرم دره,576,1764640,37489314298,20308,20850,21323,1015,5,21245,937,4.61,20403,21323,1400-4-19,2021-07-10
363,رانفور,خدمات‌انفورماتيك‌,574,3436832,21173346650,6160,6260,6190,30,0.49,6160,0,0,6100,6260,1400-4-19,2021-07-10
364,كگاز,شيشه‌ و گاز,568,1616953,23446869530,15000,14720,14470,-530,-3.53,14500,-500,-3.33,14300,14980,1400-4-19,2021-07-10
365,قشير,قند شيروان قوچان و بجنورد,567,1138522,18551045540,16359,16599,16235,-124,-0.76,16294,-65,-0.4,16020,16630,1400-4-19,2021-07-10
366,كي بي سي,شركت كي بي سي,566,1068460,23506264741,21371,22000,22439,1068,5,22000,629,2.94,21255,22439,1400-4-19,2021-07-10
367,غشان,شيرپاستوريزه‌پگاه‌خراسان‌,564,4149980,21042645350,5180,5260,5100,-80,-1.54,5070,-110,-2.12,4930,5260,1400-4-19,2021-07-10
368,وملل,اعتباري ملل,557,4344631,58173226515,13293,13460,13513,220,1.66,13390,97,0.73,13300,13513,1400-4-19,2021-07-10
369,درهآور,دارويي ره آورد تامين,554,768410,21542213073,27426,28000,28657,1231,4.49,28035,609,2.22,26900,28790,1400-4-19,2021-07-10
370,توريل,توكاريل,550,1608265,23568209336,15006,14700,14400,-606,-4.04,14654,-352,-2.35,14358,15000,1400-4-19,2021-07-10
371,تسه9912,امتياز تسهيلات مسكن اسفند99,546,44488,26677774169,591579,600000,595000,3421,0.58,599662,8083,1.37,585052,600000,1400-4-19,2021-07-10
372,مارون,پتروشيمي مارون,544,633808,99618827146,149737,156487,157223,7486,5,156796,7059,4.71,155421,157223,1400-4-19,2021-07-10
373,كطبس,ذغال‌سنگ‌ نگين‌ ط‌بس‌,541,564097,32116208840,57050,54570,57500,450,0.79,56930,-120,-0.21,54570,58180,1400-4-19,2021-07-10
374,واحصا,احياء صنايع خراسان,533,455005,18263677778,40971,40731,40740,-231,-0.56,40140,-831,-2.03,39742,40919,1400-4-19,2021-07-10
375,پاكشو,گروه صنعتي پاكشو,533,2641974,14412717490,5550,5500,5470,-80,-1.44,5540,-10,-0.18,5400,5590,1400-4-19,2021-07-10
376,خشرق,الكتريك‌ خودرو شرق‌,531,1706797,20581043120,11930,12400,12030,100,0.84,12060,130,1.09,11710,12400,1400-4-19,2021-07-10
377,پسهند,صنايع‌ لاستيكي‌  سهند,531,850012,26916105460,31990,32630,31920,-70,-0.22,31670,-320,-1,30530,33260,1400-4-19,2021-07-10
378,فپنتا,سپنتا,526,74378,28954585450,398400,395500,390000,-8400,-2.11,389290,-9110,-2.29,380020,395500,1400-4-19,2021-07-10
379,هجرت,پخش هجرت,525,1526382,36460433635,23600,23930,24190,590,2.5,23887,287,1.22,23351,24730,1400-4-19,2021-07-10
380,طلا,صندوق س.پشتوانه طلاي لوتوس,525,470889,36021967884,76529,76099,76750,221,0.29,76498,-31,-0.04,76099,76750,1400-4-19,2021-07-10
381,اتكاي,بيمه اتكايي ايرانيان,524,2258665,22729704372,10547,10070,10020,-527,-5,10063,-484,-4.59,10020,10470,1400-4-19,2021-07-10
382,شكلر,نيروكلر,520,771272,24650372090,31640,32440,32570,930,2.94,31960,320,1.01,31100,32570,1400-4-19,2021-07-10
383,تسه0002,امتيازتسهيلاتمسكن ارديبهشت1400,518,8403,5043599281,598561,594730,595000,-3561,-0.59,600214,1653,0.28,568633,610000,1400-4-19,2021-07-10
384,زفكا,كشت و دامداري فكا,515,4153746,43499595986,9988,10487,10487,499,5,10472,484,4.85,10000,10487,1400-4-19,2021-07-10
385,بنو,بيمه تجارت نو,514,2593636,57185431491,22009,22050,22510,501,2.28,22048,39,0.18,22000,23149,1400-4-19,2021-07-10
386,غگلستا,شير پاستوريزه پگاه گلستان,512,2106641,43494635073,19759,20011,20746,987,5,20646,887,4.49,20011,20746,1400-4-19,2021-07-10
387,وگردش,بانك گردشگري,503,1939263,27438555791,14385,14400,14300,-85,-0.59,14309,-76,-0.53,13954,14440,1400-4-19,2021-07-10
388,سشمال,سيمان‌ شمال‌,503,3603345,34174812000,9150,9500,9580,430,4.7,9480,330,3.61,9200,9600,1400-4-19,2021-07-10
389,وسبحان,سرمايه گذاري سبحان,503,12382188,33437506699,2701,2734,2704,3,0.11,2700,-1,-0.04,2660,2734,1400-4-19,2021-07-10
390,دعبيد,لابراتوارداروسازي‌  دكترعبيدي‌,502,980402,25193566840,25030,25290,25560,530,2.12,25390,360,1.44,25230,26270,1400-4-19,2021-07-10
391,بساما,بيمه سامان,501,1030618,24279795621,24349,23500,24400,51,0.21,23558,-791,-3.25,23155,24480,1400-4-19,2021-07-10
392,وكادو,تكادو,500,3479970,63729644280,18857,18300,18292,-565,-3,18313,-544,-2.88,18292,18710,1400-4-19,2021-07-10
393,سقاين,سيمان‌ قائن‌,497,699340,35991423070,49720,47600,52200,2480,4.99,51460,1740,3.5,47600,52200,1400-4-19,2021-07-10
394,كخاك,صنايع‌خاك‌چيني‌ايران‌,496,867274,28795033590,34110,35220,33770,-340,-1,33200,-910,-2.67,32410,35220,1400-4-19,2021-07-10
395,غمارگ,مارگارين‌,493,1387703,31004478230,23210,22900,22580,-630,-2.71,22340,-870,-3.75,22050,23880,1400-4-19,2021-07-10
396,ولبهمن,شركت بهمن ليزينگ,488,2715005,18261774137,6894,6851,6775,-119,-1.73,6726,-168,-2.44,6637,6853,1400-4-19,2021-07-10
397,خكرمان,گروه اقتصادي كرمان خودرو,487,5479863,19457382042,3571,3620,3542,-29,-0.81,3551,-20,-0.56,3506,3620,1400-4-19,2021-07-10
398,دابور,داروسازي‌ ابوريحان‌,486,1109842,39169859120,34810,34120,33950,-860,-2.47,35290,480,1.38,33900,36460,1400-4-19,2021-07-10
399,فنوال,نورد آلومينيوم‌,485,1192211,28764261570,24970,24200,24020,-950,-3.8,24130,-840,-3.36,23910,24910,1400-4-19,2021-07-10
400,پلاسك,پلاسكوكار,484,2787817,19302054960,6900,7000,6800,-100,-1.45,6920,20,0.29,6780,7150,1400-4-19,2021-07-10
401,ثباغ,شهر سازي و خانه سازي باغميشه,477,1680369,18225413774,10713,10950,10870,157,1.47,10846,133,1.24,10717,11000,1400-4-19,2021-07-10
402,وسكاب,س.ص.بازنشستگي كاركنان بانكها,474,5098895,13963852985,2789,2752,2750,-39,-1.4,2741,-48,-1.72,2700,2789,1400-4-19,2021-07-10
403,قزوين,كارخانجات‌ قند قزوين‌,469,760337,20103636850,27290,27650,26510,-780,-2.86,26440,-850,-3.11,25930,27970,1400-4-19,2021-07-10
404,وبوعلي,سرمايه‌گذاري‌بوعلي‌,460,4473945,17595024953,3955,3980,3974,19,0.48,3933,-22,-0.56,3861,4000,1400-4-19,2021-07-10
405,سخزر,سيمان‌ خزر,459,2827598,68389663060,23140,24290,24290,1150,4.97,24190,1050,4.54,22900,24290,1400-4-19,2021-07-10
406,دفرا,فرآورده‌هاي‌ تزريقي‌ ايران‌,457,736232,19653438810,27160,27700,26200,-960,-3.53,26690,-470,-1.73,25810,28450,1400-4-19,2021-07-10
407,خلنت,لنت‌ ترمزايران‌,456,345351,15668495350,43490,43980,45660,2170,4.99,45370,1880,4.32,43100,45660,1400-4-19,2021-07-10
408,كقزوي,شيشه‌ قزوين‌,456,3017560,22047176396,7279,7228,7497,218,2.99,7306,27,0.37,7070,7497,1400-4-19,2021-07-10
409,آوا,صندوق س.سهام آواي معيار-س,455,1328787,9400513926,7206,7199,7060,-146,-2.03,7075,-131,-1.82,7020,7199,1400-4-19,2021-07-10
410,شگل,گلتاش‌,451,2423126,19255095700,7760,7650,8140,380,4.9,7950,190,2.45,7650,8140,1400-4-19,2021-07-10
411,شرانل,نفت ايرانول,445,470251,20805631493,44845,45537,44500,-345,-0.77,44492,-353,-0.79,43580,45537,1400-4-19,2021-07-10
412,سباقر,سيمان باقران,443,4272943,66363447055,15852,15377,15852,0,0,15531,-321,-2.02,15377,16080,1400-4-19,2021-07-10
413,فايرا,آلومينيوم‌ايران‌,443,1020911,15818703450,15580,15210,15420,-160,-1.03,15560,-20,-0.13,15210,15740,1400-4-19,2021-07-10
414,لسرما,سرما آفرين‌,440,721393,16088830140,22460,22500,22300,-160,-0.71,22300,-160,-0.71,22070,22800,1400-4-19,2021-07-10
415,وثنو,سرمايه گذاري ساختماني نوين,440,6317989,31368071568,4823,4962,4967,144,2.99,4965,142,2.94,4821,4967,1400-4-19,2021-07-10
416,پلوله,گازلوله‌,438,950216,25686720208,27629,28390,26810,-819,-2.96,27033,-596,-2.16,26801,28390,1400-4-19,2021-07-10
417,دروز,داروسازي‌ روزدارو,436,663630,18958970790,29700,29000,28220,-1480,-4.98,28570,-1130,-3.8,28220,29800,1400-4-19,2021-07-10
418,گوهران,سرمايه گذاري توسعه گوهران اميد,436,12671539,63914580133,5031,4920,5282,251,4.99,5044,13,0.26,4920,5282,1400-4-19,2021-07-10
419,دالبر,البرزدارو,431,2300254,31450237650,13320,13650,13640,320,2.4,13670,350,2.63,12920,13860,1400-4-19,2021-07-10
420,وخاور,بانك خاورميانه,425,7153702,67334906600,9380,9540,9400,20,0.21,9410,30,0.32,9340,9540,1400-4-19,2021-07-10
421,شدوص,دوده‌ صنعتي‌ پارس‌,421,1197061,22633250890,19520,19380,18700,-820,-4.2,18910,-610,-3.13,18650,19380,1400-4-19,2021-07-10
422,وسگيلا,شركت س استان گيلان,416,13235088,8187727665,642,616,618,-24,-3.74,637,-5,-0.78,615,633,1400-4-19,2021-07-10
423,زشريف,كشت وصنعت شريف آباد,415,5363907,25149589150,4471,4694,4694,223,4.99,4689,218,4.88,4576,4694,1400-4-19,2021-07-10
424,تسه0001,امتيازتسهيلات مسكن فروردين1400,415,6175,3705120175,599170,595000,595000,-4170,-0.7,600019,849,0.14,581299,610000,1400-4-19,2021-07-10
425,ضخود7078,اختيارخ خودرو-3500-1400/07/07,410,20828,787473000,41,55,38,-3,-7.32,38,-3,-7.32,36,55,1400-4-19,2021-07-10
426,اپرداز,آتيه داده پرداز,408,644230,12808876612,19883,20000,19800,-83,-0.42,19883,0,0,19590,20280,1400-4-19,2021-07-10
427,وسپه,سرمايه‌گذاري‌ سپه‌,401,2374484,17665660470,7640,7540,7440,-200,-2.62,7540,-100,-1.31,7380,7540,1400-4-19,2021-07-10
428,مدير,ص.س.مديريت ثروت ص.بازنشستگي-س,398,1391054,11694548744,8533,8499,8409,-124,-1.45,8407,-126,-1.48,8353,8499,1400-4-19,2021-07-10
429,ارزش,صندوق س ارزش آفرين بيدار-سهام,392,2319646,21045091580,9170,9040,9090,-80,-0.87,9070,-100,-1.09,9030,9160,1400-4-19,2021-07-10
430,سهگمت,سيمان‌هگمتان‌,391,1251515,29429157160,23190,23490,23670,480,2.07,23510,320,1.38,22530,24100,1400-4-19,2021-07-10
431,پرديس,سرمايه گذاري پرديس,380,3298519,16736196580,5013,5180,5140,127,2.53,5070,57,1.14,5010,5180,1400-4-19,2021-07-10
432,وايرا,سرمايه گذاري صنايع ايران,379,3600499,32070488194,8652,8910,8911,259,2.99,8907,255,2.95,8700,8911,1400-4-19,2021-07-10
433,تسه9911,امتياز تسهيلات مسكن بهمن99,379,13753,8236803550,596009,590001,600000,3991,0.67,598910,2901,0.49,590000,600000,1400-4-19,2021-07-10
434,دسبحان,سبحان دارو,377,1160297,23220681300,19070,19400,20020,950,4.98,20010,940,4.93,19400,20020,1400-4-19,2021-07-10
435,تسه9908,امتياز تسهيلات مسكن آبان99,376,7260,4321822431,592993,563500,592000,-993,-0.17,595292,2299,0.39,563500,600000,1400-4-19,2021-07-10
436,دارو,كارخانجات‌داروپخش‌,374,1067314,25519159070,22820,23160,23960,1140,5,23910,1090,4.78,23000,23960,1400-4-19,2021-07-10
437,وتوس,توسعه‌شهري‌توس‌گستر,373,633831,7640591410,12230,12230,12010,-220,-1.8,12140,-90,-0.74,11660,12480,1400-4-19,2021-07-10
438,غشصفا,شيرپاستوريزه‌پگاه‌اصفهان‌,372,1046779,24371911800,22340,22500,23430,1090,4.88,23280,940,4.21,22450,23450,1400-4-19,2021-07-10
439,وصنا,گروه‌صنايع‌بهشهرايران‌,372,2428795,12942828720,5350,5360,5390,40,0.75,5330,-20,-0.37,5220,5400,1400-4-19,2021-07-10
440,درازك,دارويي‌ رازك‌,370,419663,13184004310,30560,30300,31130,570,1.87,31290,730,2.39,30290,31970,1400-4-19,2021-07-10
441,پارسيان,بيمه پارسيان,369,3176305,29164688240,8900,8650,9150,250,2.81,9180,280,3.15,8650,9340,1400-4-19,2021-07-10
442,اطلس,صندوق س.توسعه اندوخته آينده-س,368,79515,18045363341,229397,230001,226451,-2946,-1.28,226943,-2454,-1.07,225000,230001,1400-4-19,2021-07-10
443,شرنگي,شيميايي رنگين,368,131227,28487532597,211074,211074,217406,6332,3,217086,6012,2.85,211074,217406,1400-4-19,2021-07-10
444,قمرو,قند مرودشت‌,367,549830,13528823370,24520,24130,24650,130,0.53,24600,80,0.33,24130,25000,1400-4-19,2021-07-10
445,كاردان,صندوق س تجارت شاخصي كاردان,367,150808,25689423470,171550,172200,169990,-1560,-0.91,170350,-1200,-0.7,168900,172200,1400-4-19,2021-07-10
446,سنوين,سرمايه گذاري اقتصاد نوين,361,1495364,12732796871,8382,8474,8529,147,1.75,8515,133,1.59,8370,8570,1400-4-19,2021-07-10
447,فنرژي,گسترش صنايع انرژي آذرآب,360,1081892,15236504173,18491,14100,13818,-4673,-25.27,14083,-4408,-23.84,13818,14382,1400-4-19,2021-07-10
448,ياقوت,صندوق س ياقوت آگاه-ثابت,359,3864084,48800435962,12612,12630,12629,17,0.13,12629,17,0.13,12629,12631,1400-4-19,2021-07-10
449,شاملا,معدني‌ املاح‌  ايران‌,352,552309,19983860630,36770,35110,37320,550,1.5,36180,-590,-1.6,35110,37480,1400-4-19,2021-07-10
450,لوتوس,تامين سرمايه لوتوس پارسيان,349,6137262,49008757360,7990,7960,8190,200,2.5,7990,0,0,7910,8190,1400-4-19,2021-07-10
451,تصميم,صندوق س با درآمد ثابت تصميم,346,2300662,38640618946,16775,16799,16799,24,0.14,16795,20,0.12,16794,16799,1400-4-19,2021-07-10
452,بورس,بورس اوراق بهادار تهران,346,1582501,58505061970,35210,36970,36970,1760,5,36950,1740,4.94,36970,36970,1400-4-19,2021-07-10
453,بكهنوج,توليد برق ماهتاب كهنوج,341,9750072,16380120960,1600,1680,1680,80,5,1680,80,5,1680,1680,1400-4-19,2021-07-10
454,ولملت,واسپاري ملت,335,1665870,8662838340,5230,5210,5220,-10,-0.19,5210,-20,-0.38,5100,5250,1400-4-19,2021-07-10
455,وسرضوي,س.سهام عدالت استان خراسان رضوي,335,20348192,18170935456,939,893,893,-46,-4.9,932,-7,-0.75,893,893,1400-4-19,2021-07-10
456,شنفت,نفت‌ پارس‌,334,1547849,80611416950,49600,52080,52080,2480,5,52080,2480,5,52060,52080,1400-4-19,2021-07-10
457,شيراز,پتروشيمي‌شيراز,333,992127,57796577840,58930,57010,58570,-360,-0.61,58540,-390,-0.66,57010,59240,1400-4-19,2021-07-10
458,فاما,صنعتي‌ آما,329,667153,11218242390,16970,17000,16700,-270,-1.59,16850,-120,-0.71,16300,17370,1400-4-19,2021-07-10
459,دسينا,داروسازي‌ سينا,329,1245313,24207160630,18450,19000,19490,1040,5.64,19440,990,5.37,19000,19700,1400-4-19,2021-07-10
460,وپسا,س. پتروشيمي ساختمان  خليج فارس,321,4987173,9403312961,1916,1900,1878,-38,-1.98,1885,-31,-1.62,1878,1935,1400-4-19,2021-07-10
461,جم پيلن,پلي پروپيلن جم - جم پيلن,316,274435,21466375520,78750,77710,78590,-160,-0.2,78570,-180,-0.23,77670,79480,1400-4-19,2021-07-10
462,ضخود7074,اختيارخ خودرو-1800-1400/07/07,316,13329,6058070000,499,464,450,-49,-9.82,455,-44,-8.82,435,490,1400-4-19,2021-07-10
463,پارتا,مجتمع‌صنعتي‌آرتاويل‌تاير,309,610786,17856574452,30006,29360,29450,-556,-1.85,29472,-534,-1.78,29106,30000,1400-4-19,2021-07-10
464,شپاكسا,پاكسان‌,309,1071335,23018088200,21540,21700,21550,10,0.05,21490,-50,-0.23,21220,22170,1400-4-19,2021-07-10
465,پخش,پخش البرز,309,641510,12140407300,18477,19000,18900,423,2.29,18831,354,1.92,18500,19200,1400-4-19,2021-07-10
466,بخاور,بيمه زندگي خاورميانه,309,1915388,11478288956,6044,6070,5921,-123,-2.04,6004,-40,-0.66,5881,6138,1400-4-19,2021-07-10
467,تنوين,تامين سرمايه نوين,308,3757295,26154874000,6950,6940,6950,0,0,6960,10,0.14,6900,7020,1400-4-19,2021-07-10
468,حسينا,توسعه خدمات دريايي وبندري سينا,307,324382,21013964668,66252,64830,64600,-1652,-2.49,64782,-1470,-2.22,63510,66190,1400-4-19,2021-07-10
469,واحيا,م .صنايع و معادن احياء سپاهان,304,371781,61765583199,168355,169200,165588,-2767,-1.64,166291,-2064,-1.23,164102,171999,1400-4-19,2021-07-10
470,فاهواز,نورد و لوله اهواز,294,2285642,21192472624,9461,9272,9272,-189,-2,9272,-189,-2,9272,9272,1400-4-19,2021-07-10
471,ضخود7076,اختيارخ خودرو-2500-1400/07/07,293,11957,1773926000,161,163,145,-16,-9.94,148,-13,-8.07,143,163,1400-4-19,2021-07-10
472,تسه9910,امتياز تسهيلات مسكن دي99,287,7561,4520174641,595542,581000,590000,-5542,-0.93,597828,2286,0.38,581000,600000,1400-4-19,2021-07-10
473,آكورد,صندوق س. آرمان آتي كوثر-د,281,3452562,113909380110,32943,32992,32995,52,0.16,32993,50,0.15,32992,32999,1400-4-19,2021-07-10
474,شفا,سرمايه گذاري شفادارو,280,342073,12632609240,37160,36320,37220,60,0.16,36990,-170,-0.46,35310,37920,1400-4-19,2021-07-10
475,وسگلستا,شركت س استان گلستان,279,17119501,17804281040,1094,1040,1040,-54,-4.94,1075,-19,-1.74,1040,1040,1400-4-19,2021-07-10
476,كگهر,سنگ آهن گهرزمين,275,358367,14488050478,40520,40600,40530,10,0.02,40509,-11,-0.03,40250,40970,1400-4-19,2021-07-10
477,غبشهر,صنعتي‌ بهشهر,274,648803,15432801820,23800,23630,23900,100,0.42,23790,-10,-0.04,23400,24890,1400-4-19,2021-07-10
478,بميلا,توسعه بازرگاني آهن وفولادميلاد,274,714544,9932120602,13813,14150,13721,-92,-0.67,13899,86,0.62,13530,14180,1400-4-19,2021-07-10
479,تايرا,تراكتورسازي‌ايران‌,273,421262,10276088000,24890,25350,24250,-640,-2.57,24730,-160,-0.64,24220,25350,1400-4-19,2021-07-10
480,قپيرا,فرآورده‌هاي‌غدايي‌وقندپيرانشهر,272,2621547,22223119900,8830,8890,8600,-230,-2.6,8480,-350,-3.96,8390,8890,1400-4-19,2021-07-10
481,سيستم,همكاران سيستم,271,669563,18083901140,27210,27900,27760,550,2.02,27010,-200,-0.74,26100,27900,1400-4-19,2021-07-10
482,فراز,صندوق س.سهام فراز داريك-س,269,1670341,19267764891,11204,11250,11597,393,3.51,11535,331,2.95,11250,11710,1400-4-19,2021-07-10
483,سبجنو,سيمان‌ بجنورد,266,305247,11574786430,37470,37660,38330,860,2.3,37810,340,0.91,36180,39290,1400-4-19,2021-07-10
484,سپ,پرداخت الكترونيك سامان كيش,264,231455,6179543790,27420,27000,26820,-600,-2.19,27340,-80,-0.29,26320,27700,1400-4-19,2021-07-10
485,تسه9909,امتياز تسهيلات مسكن آذر99,259,7008,4191279819,595952,591339,592000,-3952,-0.66,598071,2119,0.36,586000,600000,1400-4-19,2021-07-10
486,خراسان,پتروشيمي خراسان,258,322562,22870722250,71490,71010,71200,-290,-0.41,71230,-260,-0.36,69020,72000,1400-4-19,2021-07-10
487,ولتجار,واسپاري تجارت وسرمايه ايرانيان,254,1638496,11971588580,7118,7473,7276,158,2.22,7306,188,2.64,7124,7473,1400-4-19,2021-07-10
488,دكيمي,كيميدارو,251,492777,10273153950,20630,21000,20130,-500,-2.42,20780,150,0.73,20130,21230,1400-4-19,2021-07-10
489,شوينده,مديريت صنعت شوينده ت.ص.بهشهر,245,586008,13796288780,24010,23960,23530,-480,-2,23570,-440,-1.83,23310,24300,1400-4-19,2021-07-10
490,واعتبار,سرمايه گذاري اعتبار ايران,241,1224249,8576432950,7220,7180,6990,-230,-3.19,7090,-130,-1.8,6960,7180,1400-4-19,2021-07-10
491,شفارا,پتروشيمي فارابي,240,5039071,22697747502,4375,4506,4506,131,2.99,4504,129,2.95,4375,4506,1400-4-19,2021-07-10
492,كاريس,صندوق س.سپهر كاريزما-س,239,936442,11467823535,12324,12300,12197,-127,-1.03,12246,-78,-0.63,12146,12498,1400-4-19,2021-07-10
493,فافزا,فولاد افزا سپاهان,237,215965,8998163402,40491,41700,41705,1214,3,41518,1027,2.54,40555,41705,1400-4-19,2021-07-10
494,حبندر,دريايي و کشتيراني خط دريابندر,235,636039,18865229927,28886,29300,29752,866,3,29660,774,2.68,28800,29752,1400-4-19,2021-07-10
495,ضشنا8004,اختيارخ شپنا-10800-1400/08/16,234,4337,9456572000,2568,1800,2108,-460,-17.91,2180,-388,-15.11,1800,2381,1400-4-19,2021-07-10
496,خفنر,فنرسازي‌خاور,234,1822406,10787957530,5640,5920,5920,280,4.96,5830,190,3.37,5790,5920,1400-4-19,2021-07-10
497,آرمان,بيمه آرمان,232,835094,5654604044,6710,6520,6879,169,2.52,6744,34,0.51,6520,6911,1400-4-19,2021-07-10
498,سدشت,صنايع سيمان دشتستان,231,110860,6150493300,56470,56260,56480,10,0.02,56240,-230,-0.41,54550,56490,1400-4-19,2021-07-10
499,سكه0012پ01,تمام سكه طرح جديد0012رفاه,229,71400,76099301800,1060306,1069110,1069500,9194,0.87,1065816,5510,0.52,1061030,1069500,1400-4-19,2021-07-10
500,ارمغان,ص سرمايه گذاري ارمغان ايرانيان,228,4062322,40696884696,10002,10013,10023,21,0.21,10018,16,0.16,10012,10023,1400-4-19,2021-07-10
501,سپاس,صندوق س. پاداش سهامداري-ثابت,228,4064272,40730784237,10007,10021,10024,17,0.17,10022,15,0.15,10021,10025,1400-4-19,2021-07-10
502,زفكاح,ح . كشت و دامداري فكا,224,13578521,106433036712,7834,8225,7834,0,0,7838,4,0.05,7834,8225,1400-4-19,2021-07-10
503,كمينا,شيشه سازي مينا,224,747330,18125009011,24999,24250,24250,-749,-3,24253,-746,-2.98,24250,24999,1400-4-19,2021-07-10
504,واميد,گروه مديريت سرمايه گذاري اميد,221,1194611,11918674590,10120,9880,10060,-60,-0.59,10110,-10,-0.1,9880,10120,1400-4-19,2021-07-10
505,زرين,صندوق س. سهام زرين كوروش-س,221,5133957,53927556748,10676,10939,10501,-175,-1.64,10504,-172,-1.61,10501,10939,1400-4-19,2021-07-10
506,اتكام,شركت بيمه اتكايي امين,217,1327630,6247218670,4651,4799,4800,149,3.2,4673,22,0.47,4628,4800,1400-4-19,2021-07-10
507,دلر,داروسازي‌ اكسير,217,263039,8135528820,30830,30930,31000,170,0.55,30880,50,0.16,29820,31490,1400-4-19,2021-07-10
508,وبهمن,سرمايه‌گذاري‌بهمن‌,216,623236,8207971250,13320,13200,13260,-60,-0.45,13240,-80,-0.6,12700,13460,1400-4-19,2021-07-10
509,سكرما,سيمان‌ كرمان‌,215,831462,12592943650,14950,15240,15230,280,1.87,15110,160,1.07,14660,15580,1400-4-19,2021-07-10
510,نهال,صندوق س. طلاي سرخ نوويرا,212,257111,2392455744,9161,9035,9350,189,2.06,9305,144,1.57,9035,9350,1400-4-19,2021-07-10
511,وتوسم,سرمايه‌گذاري‌توسعه‌ملي‌,211,912704,7245756850,7970,7990,7950,-20,-0.25,7950,-20,-0.25,7860,8050,1400-4-19,2021-07-10
512,وكار,بانك‌ كارآفرين‌,211,5785943,18391463939,3152,3152,3170,18,0.57,3162,10,0.32,3140,3189,1400-4-19,2021-07-10
513,فلوله,لوله‌وماشين‌سازي‌ايران‌,208,897330,15568675500,16530,17350,17350,820,4.96,17340,810,4.9,17350,17350,1400-4-19,2021-07-10
514,شاوان,پالايش نفت لاوان,206,161919,13597555204,85358,86590,84845,-513,-0.6,84869,-489,-0.57,82106,86590,1400-4-19,2021-07-10
515,ما,بيمه  ما,205,1040216,8344422300,8020,8050,8080,60,0.75,8020,0,0,7980,8140,1400-4-19,2021-07-10
516,شراز,پالايش نفت شيراز,199,59086,6288475659,108689,109108,106500,-2189,-2.01,108364,-325,-0.3,104294,109108,1400-4-19,2021-07-10
517,تسه9907,امتياز تسهيلات مسكن مهر99,198,3522,2101846956,595338,586665,599700,4362,0.73,596777,1439,0.24,584444,600000,1400-4-19,2021-07-10
518,مداران,داده‌پردازي‌ايران‌,198,497656,8929521110,17830,17980,18260,430,2.41,17900,70,0.39,17300,18500,1400-4-19,2021-07-10
519,فردا2,صندوق س آواي فرداي زاگرس-ثابت,196,19600000,19600000,11000,1,1,-10999,-99.99,1,-10999,-99.99,1,1,1400-4-19,2021-07-10
520,بزاگرس,نيروگاه زاگرس كوثر,192,2397227,12918656303,5133,5389,5389,256,4.99,5343,210,4.09,5389,5389,1400-4-19,2021-07-10
521,ساينا,صنايع بهداشتي ساينا,189,78809,8923886963,118959,113030,113970,-4989,-4.19,115381,-3578,-3.01,113012,117000,1400-4-19,2021-07-10
522,وارس,سرمايه گذاري ارس صبا,189,564897,7576101602,13515,13300,13260,-255,-1.89,13436,-79,-0.58,13120,13646,1400-4-19,2021-07-10
523,كارين,صندوق س نگين سامان-ثابت,182,3524212,35621231503,10090,10108,10108,18,0.18,10108,18,0.18,10107,10108,1400-4-19,2021-07-10
524,گپارس,امور رفاهي كارگزاران پارس,177,35716,4661616870,132086,136048,128124,-3962,-3,131347,-739,-0.56,128124,136048,1400-4-19,2021-07-10
525,غويتاح,ح . ويتانا,171,6632157,49127483760,7585,7964,7400,-185,-2.44,7407,-178,-2.35,7400,7964,1400-4-19,2021-07-10
526,پخشح,ح. پخش البرز,168,309930,5019361156,16065,15510,16300,235,1.46,16195,130,0.81,15510,16799,1400-4-19,2021-07-10
527,ساربيل,سيمان آرتا اردبيل,167,287212,12321394800,45150,42900,42900,-2250,-4.98,43200,-1950,-4.32,42900,42900,1400-4-19,2021-07-10
528,وبازار,صندوق س شاخصي بازارآشنا,167,1515806,16235280830,10840,10890,10650,-190,-1.75,10710,-130,-1.2,10650,10890,1400-4-19,2021-07-10
529,تسه9902,امتياز تسهيلات مسكن ارديبهشت99,166,3698,2258936325,607930,585000,580000,-27930,-4.59,610853,2923,0.48,577540,635000,1400-4-19,2021-07-10
530,شساخت,مهندسي و ساختمان صنايع نفت,160,308113,12702052415,40354,39310,40432,78,0.19,40620,266,0.66,39310,41564,1400-4-19,2021-07-10
531,اخزا910,اسنادخزانه-م10بودجه99-020807,160,248103,157182916565,636349,636500,630309,-6040,-0.95,633539,-2810,-0.44,630000,636500,1400-4-19,2021-07-10
532,سحرخيز,صندوق س. گروه زعفران سحرخيز,158,376808,3450747001,9093,9111,9176,83,0.91,9158,65,0.71,9100,9200,1400-4-19,2021-07-10
533,تسه9810,امتياز تسهيلات مسكن دي98,154,2510,1489657215,590959,587000,580111,-10848,-1.84,593489,2530,0.43,580111,600000,1400-4-19,2021-07-10
534,وآفري,بيمه كارآفرين,154,1087876,3133016241,2850,2934,2914,64,2.25,2859,9,0.32,2800,2935,1400-4-19,2021-07-10
535,گوهر,صندوق سكه طلاي كيان,152,83989,4455047800,52975,52651,53259,284,0.54,53043,68,0.13,52651,53499,1400-4-19,2021-07-10
536,عيار,صندوق سكه طلاي مفيد,151,140420,3808999696,27141,27349,27186,45,0.17,27126,-15,-0.06,27010,27349,1400-4-19,2021-07-10
537,فيروزه,صندوق شاخص30 شركت فيروزه- سهام,150,65496,9914253390,154220,154240,152900,-1320,-0.86,151370,-2850,-1.85,150360,154240,1400-4-19,2021-07-10
538,تسه9906,امتياز تسهيلات مسكن شهريور99,145,3085,1842433393,597408,586250,592000,-5408,-0.91,597223,-185,-0.03,580014,600000,1400-4-19,2021-07-10
539,قهكمت,قندهكمتان‌,144,99611,3700797650,39020,38200,37070,-1950,-5,38540,-480,-1.23,37070,38200,1400-4-19,2021-07-10
540,تسه9905,امتياز تسهيلات مسكن مرداد99,144,4584,2745057026,597314,588000,595000,-2314,-0.39,598834,1520,0.25,580351,600000,1400-4-19,2021-07-10
541,غمهرا,توليدي‌مهرام‌,140,118994,12727598240,118840,106960,106960,-11880,-10,107640,-11200,-9.42,106960,106960,1400-4-19,2021-07-10
542,كتوكا,توليدي و خدمات صنايع نسوز توكا,139,183483,5312933748,32173,28956,28956,-3217,-10,30907,-1266,-3.93,28956,28956,1400-4-19,2021-07-10
543,وساشرقي,شركت س استان آذربايجان شرقي,133,8169740,6870751340,885,841,841,-44,-4.97,881,-4,-0.45,841,841,1400-4-19,2021-07-10
544,سمتاز,سيمان ممتازان كرمان,129,771056,22282533431,28066,28230,28907,841,3,28899,833,2.97,28230,28907,1400-4-19,2021-07-10
545,سپيدما,صندوق س. سپيد دماوند-د,128,3383512,36038376598,10636,10655,10651,15,0.14,10651,15,0.14,10650,10656,1400-4-19,2021-07-10
546,تسه9904,امتياز تسهيلات مسكن تير99,127,3506,2098894438,595938,581419,595000,-938,-0.16,598658,2720,0.46,581419,600000,1400-4-19,2021-07-10
547,دارا,صندوق س. دارا الگوريتم-د,122,3541209,35480121788,10014,10035,10026,12,0.12,10019,5,0.05,10009,10035,1400-4-19,2021-07-10
548,بالبر,كابل‌ البرز,120,363800,18204552000,55600,50040,50040,-5560,-10,50040,-5560,-10,50040,50040,1400-4-19,2021-07-10
549,صايند,صندوق س. گنجينه آينده روشن-د,117,1077900,10777026620,9983,9990,10009,26,0.26,9998,15,0.15,9990,10010,1400-4-19,2021-07-10
550,تسه9806,امتياز تسهيلات مسكن شهريور98,115,1653,985745433,596944,572803,596500,-444,-0.07,596337,-607,-0.1,572803,601900,1400-4-19,2021-07-10
551,خبازرس,بازرسي مهندسي و صنعتي ايران,112,362479,9000353570,24107,24830,24830,723,3,24739,632,2.62,24830,24830,1400-4-19,2021-07-10
552,سجام,مجتمع سيمان غرب آسيا,112,365235,1266583615,3554,3543,3448,-106,-2.98,3543,-11,-0.31,3448,3543,1400-4-19,2021-07-10
553,ضسپا8041,اختيارخ خساپا-1600-1400/08/26,112,5182,2484102000,543,515,470,-73,-13.44,479,-64,-11.79,468,515,1400-4-19,2021-07-10
554,ولصنم,ليزينگ‌صنعت‌ومعدن‌,112,1684347,14502227670,9060,8610,8610,-450,-4.97,8610,-450,-4.97,8610,8610,1400-4-19,2021-07-10
555,وسرمد,بيمه  سرمد,110,2091125,10999317500,5107,5260,5260,153,3,5260,153,3,5260,5260,1400-4-19,2021-07-10
556,فيروزا,صندوق بادرآمد ثابت فيروزه آسيا,108,1065089,25350058655,23801,23800,23806,5,0.02,23801,0,0,23760,23846,1400-4-19,2021-07-10
557,اخزا902,اسنادخزانه-م2بودجه99-011019,104,187153,139202645478,743054,743054,744511,1457,0.2,743791,737,0.1,743054,745000,1400-4-19,2021-07-10
558,بمپنا,توليد برق عسلويه  مپنا,104,422243,29795577295,67205,70565,70565,3360,5,70565,3360,5,70565,70565,1400-4-19,2021-07-10
559,زر,صندوق س.پشتوانه سكه طلاي زر,103,49192,2258389513,45983,45400,46000,17,0.04,45910,-73,-0.16,45400,46099,1400-4-19,2021-07-10
560,وسديد,گروه ‌صنعتي‌سديد,99,952310,2560761590,2801,2689,2689,-112,-4,2792,-9,-0.32,2689,2689,1400-4-19,2021-07-10
561,وسين,بيمه سينا,98,1884832,6747698560,3476,3580,3580,104,2.99,3544,68,1.96,3580,3580,1400-4-19,2021-07-10
562,غشوكو,شوكو پارس,97,90632,2411862643,25889,26662,26665,776,3,26059,170,0.66,26410,26665,1400-4-19,2021-07-10
563,دقاضي,داروسازي شهيد قاضي,97,205102,5371477063,25434,25970,26197,763,3,25828,394,1.55,25970,26197,1400-4-19,2021-07-10
564,دلقما,دارويي‌ لقمان‌,97,369246,13761798420,35500,37270,37270,1770,4.99,37050,1550,4.37,37270,37270,1400-4-19,2021-07-10
565,تسه9901,امتياز تسهيلات مسكن فروردين99,96,666,414597784,606318,582000,577256,-29062,-4.79,622519,16201,2.67,576015,636633,1400-4-19,2021-07-10
566,تسه9809,امتياز تسهيلات مسكن آذر98,96,1785,1061330958,591611,582600,586000,-5611,-0.95,594583,2972,0.5,582600,605000,1400-4-19,2021-07-10
567,سهرمز,سيمان‌هرمزگان‌,88,107231,2333346560,22900,21760,21760,-1140,-4.98,22710,-190,-0.83,21760,21760,1400-4-19,2021-07-10
568,سكه0012پ04,تمام سكه طرح جديد0012صادرات,87,27500,29226377700,1059624,1060009,1065000,5376,0.51,1062777,3153,0.3,1058702,1070000,1400-4-19,2021-07-10
569,تسه9812,امتياز تسهيلات مسكن اسفند98,86,951,564618588,590534,589000,586200,-4334,-0.73,593710,3176,0.54,581666,600000,1400-4-19,2021-07-10
570,تسه9903,امتياز تسهيلات مسكن خرداد99,84,610,374619430,607173,580005,610010,2837,0.47,614130,6957,1.15,580005,637000,1400-4-19,2021-07-10
571,ركيش,كارت اعتباري ايران كيش,82,1688358,12240595500,6910,7250,7250,340,4.92,7140,230,3.33,7250,7250,1400-4-19,2021-07-10
572,اخزا814,اسنادخزانه-م14بودجه98-010318,82,56681,47385614334,836442,836442,836150,-292,-0.03,836005,-437,-0.05,835000,836442,1400-4-19,2021-07-10
573,فنفت,صنايع تجهيزات نفت,80,342094,7843531232,22261,22928,22928,667,3,22769,508,2.28,22928,22928,1400-4-19,2021-07-10
574,صباح,ح . سرمايه گذاري صبا تامين,79,268815,1888340198,7292,7656,6928,-364,-4.99,7025,-267,-3.66,6928,7656,1400-4-19,2021-07-10
575,اخزا903,اسنادخزانه-م3بودجه99-011110,77,173477,127652390672,735740,735011,736200,460,0.06,735846,106,0.01,733666,737000,1400-4-19,2021-07-10
576,آساس,صندوق س.آسمان آرماني سهام-س,77,13399,2188576160,164220,163002,163051,-1169,-0.71,163339,-881,-0.54,163002,164867,1400-4-19,2021-07-10
577,تماوند,تامين سرمايه دماوند,77,2807664,13650862368,4631,4862,4862,231,4.99,4862,231,4.99,4862,4862,1400-4-19,2021-07-10
578,آساميد,صندوق س.مشترك آسمان اميد -د,76,1777847,21910448857,12305,12318,12321,16,0.13,12324,19,0.15,12318,12325,1400-4-19,2021-07-10
579,اخزا909,اسنادخزانه-م9بودجه99-020316,76,294856,202839627467,688574,685112,688000,-574,-0.08,687928,-646,-0.09,685111,688600,1400-4-19,2021-07-10
580,تسه9805,امتياز تسهيلات مسكن مرداد98,74,1179,702941365,594409,572555,588010,-6399,-1.08,596218,1809,0.3,572555,614998,1400-4-19,2021-07-10
581,اخزا722,اسنادخزانه-م22بودجه97-000428,74,116385,115381956807,994000,994000,993300,-700,-0.07,991382,-2618,-0.26,990000,994000,1400-4-19,2021-07-10
582,ساروج,بين المللي ساروج بوشهر,74,280662,4717213803,16908,17149,16860,-48,-0.28,16860,-48,-0.28,16430,17198,1400-4-19,2021-07-10
583,خاتم,صندوق س خاتم ايساتيس پويا-ثابت,73,793445,9065458683,11412,11433,11426,14,0.12,11425,13,0.11,11425,11433,1400-4-19,2021-07-10
584,قيستو,شركت قند بيستون,70,352169,4626347341,13324,13060,13058,-266,-2,13148,-176,-1.32,13058,13500,1400-4-19,2021-07-10
585,تسه9808,امتياز تسهيلات مسكن آبان98,70,643,383727955,591275,590020,590511,-764,-0.13,596778,5503,0.93,590020,619998,1400-4-19,2021-07-10
586,تسه9807,امتياز تسهيلات مسكن مهر98,70,776,462765627,601776,580000,604810,3034,0.5,596347,-5429,-0.9,580000,609800,1400-4-19,2021-07-10
587,فبيرا,بسته‌ بندي‌ ايران‌,70,3199122,9063112626,2982,2833,2833,-149,-5,2840,-142,-4.76,2833,2833,1400-4-19,2021-07-10
588,فردا,صندوق س آواي فرداي زاگرس-ثابت,68,675425,7441358137,11000,11017,11018,18,0.16,11017,17,0.15,11017,11019,1400-4-19,2021-07-10
589,تسه9811,امتياز تسهيلات مسكن بهمن98,68,377,224235436,596652,590000,593001,-3651,-0.61,594789,-1863,-0.31,580115,603098,1400-4-19,2021-07-10
590,سكه0011پ02,تمام سكه طرح جديد0011ملت,67,12900,13708190200,1060843,1064000,1066498,5655,0.53,1062650,1807,0.17,1059100,1066500,1400-4-19,2021-07-10
591,آتيمس,صندوق س.آرمان آتيه درخشان مس-س,65,9011,1621220835,180404,180880,180919,515,0.29,179916,-488,-0.27,179000,181355,1400-4-19,2021-07-10
592,اوصتا,صندوق انديشه ورزان صباتامين -د,62,2024312,38776491362,19128,19159,19158,30,0.16,19155,27,0.14,19155,19159,1400-4-19,2021-07-10
593,اخزا908,اسنادخزانه-م8بودجه99-020606,59,137133,89914421030,656115,655115,655235,-880,-0.13,655673,-442,-0.07,655113,656210,1400-4-19,2021-07-10
594,ضملي7003,اختيارخ فملي-11720-1400/07/11,59,654,1292737000,2202,2000,1990,-212,-9.63,1977,-225,-10.22,1825,2099,1400-4-19,2021-07-10
595,ضخود7073,اختيارخ خودرو-1600-1400/07/07,58,2481,1441346000,621,565,578,-43,-6.92,581,-40,-6.44,565,599,1400-4-19,2021-07-10
596,داريك,صندوق س.اعتماد داريك-د,56,2976030,32025910950,10757,10765,10757,0,0,10761,4,0.04,10757,10765,1400-4-19,2021-07-10
597,شستان,پتروشيمي گلستان,53,431251,1328704331,3143,3081,3081,-62,-1.97,3126,-17,-0.54,3081,3082,1400-4-19,2021-07-10
598,ولانا,شركت ليزينگ آريا دانا,52,147820,3584635000,25526,24250,24250,-1276,-5,25045,-481,-1.88,24250,24250,1400-4-19,2021-07-10
599,اخزا901,اسنادخزانه-م1بودجه99-010621,51,41294,32803934344,792858,791509,795010,2152,0.27,794400,1542,0.19,791509,795010,1400-4-19,2021-07-10
600,ضخود7072,اختيارخ خودرو-1400-1400/07/07,50,1616,1191051000,810,733,734,-76,-9.38,737,-73,-9.01,730,800,1400-4-19,2021-07-10
601,دپارس,پارس‌ دارو,47,285715,8880022200,29600,31080,31080,1480,5,30430,830,2.8,31080,31080,1400-4-19,2021-07-10
602,كيان2,صندوق س. با درآمد ثابت كيان,47,4700000,4700000,29267,1,1,-29266,-100,1,-29266,-100,1,1,1400-4-19,2021-07-10
603,ثالوند,سرمايه گذاري مسكن الوند,44,111951,3112013898,30886,27798,27798,-3088,-10,30174,-712,-2.31,27798,27798,1400-4-19,2021-07-10
604,اخزا914,اسنادخزانه-م14بودجه99-021025,43,71083,43638169183,614893,614000,613720,-1173,-0.19,613904,-989,-0.16,612900,615500,1400-4-19,2021-07-10
605,ثروتم,صندوق س. ثروت آفرين پارسيان-س,42,25740,2004085070,77171,79025,78229,1058,1.37,77859,688,0.89,77445,79025,1400-4-19,2021-07-10
606,سپر,صندوق س سپر سرمايه بيدار- ثابت,39,1211769,14834596367,12226,12242,12243,17,0.14,12242,16,0.13,12242,12245,1400-4-19,2021-07-10
607,افق ملت,صندوق س در سهام افق ملت,36,8169,1094933450,134930,134010,134000,-930,-0.69,134040,-890,-0.66,134000,134500,1400-4-19,2021-07-10
608,ضپال2007,اختيارخ اپال-32000-1401/02/12,36,564,391922000,789,750,720,-69,-8.75,695,-94,-11.91,623,750,1400-4-19,2021-07-10
609,سكه0112پ03,تمام سكه طرح جديد0112سامان,36,9800,10404197500,1061000,1067500,1063006,2006,0.19,1061653,653,0.06,1060000,1067500,1400-4-19,2021-07-10
610,ثاباد,توريستي ورفاهي آبادگران ايران,34,39780,1849372200,51650,46490,46490,-5160,-9.99,50940,-710,-1.37,46490,46490,1400-4-19,2021-07-10
611,اخزا911,اسنادخزانه-م11بودجه99-020906,34,92575,58077896405,627498,627100,626930,-568,-0.09,627360,-138,-0.02,625000,629000,1400-4-19,2021-07-10
612,ضجار7040,اختيارخ وتجارت-2497-1400/07/21,31,1421,604275000,447,460,420,-27,-6.04,425,-22,-4.92,415,460,1400-4-19,2021-07-10
613,سخند,صندوق س.سپهرخبرگان نفت-د,31,215380,2144764340,9948,9995,9968,20,0.2,9958,10,0.1,9902,9995,1400-4-19,2021-07-10
614,ضجار7038,اختيارخ وتجارت-1797-1400/07/21,30,381,339297000,897,889,899,2,0.22,891,-6,-0.67,880,910,1400-4-19,2021-07-10
615,اخزا907,اسنادخزانه-م7بودجه99-020704,29,28723,18519283355,647476,641000,644100,-3376,-0.52,644754,-2722,-0.42,641000,653500,1400-4-19,2021-07-10
616,آسام,صندوق س.آرمان سپهر آشنا-م,28,73070,7979187330,109129,109200,108601,-528,-0.48,109199,70,0.06,108002,111279,1400-4-19,2021-07-10
617,تمحركه,ماشين سازي نيرو محركه,28,20844,314119080,15863,15070,15070,-793,-5,15837,-26,-0.16,15070,15070,1400-4-19,2021-07-10
618,ضجار7039,اختيارخ وتجارت-1997-1400/07/21,27,1240,864448000,770,712,704,-66,-8.57,697,-73,-9.48,620,720,1400-4-19,2021-07-10
619,ضپاس7029,اختيارخ وپارس-2500-1400/07/28,27,462,215826000,484,476,498,14,2.89,467,-17,-3.51,456,500,1400-4-19,2021-07-10
620,شگويات.ف0104,اختيارف.تبعي شگويا010408,27,106040,106040,1,1,1,0,0,1,0,0,1,1,1400-4-19,2021-07-10
621,بسويچ,پارس‌سويچ‌,26,28953,737143380,26790,25460,25460,-1330,-4.96,26740,-50,-0.19,25460,25460,1400-4-19,2021-07-10
622,زعف0008پ16,زعفران0008نگين بيرجند(پ),26,37743,4846820750,128162,129984,128000,-162,-0.13,128416,254,0.2,126000,130490,1400-4-19,2021-07-10
623,اخزا821,اسنادخزانه-م21بودجه98-020906,26,4202,2619438726,626806,623500,623065,-3741,-0.6,623379,-3427,-0.55,623061,627000,1400-4-19,2021-07-10
624,ضفلا7004,اختيارخ فولاد-9586-1400/07/25,25,221,535779908,2000,1752,1690,-310,-15.5,1729,-271,-13.55,1690,1789,1400-4-19,2021-07-10
625,كمرجان,بازرگاني و توليدي مرجان كار,24,5597,722740610,143477,129130,129130,-14347,-10,142709,-768,-0.54,129130,129130,1400-4-19,2021-07-10
626,گنجين,صندوق س. گنجينه يكم آويد-د,24,90486,1194695420,13182,13198,13212,30,0.23,13203,21,0.16,13198,13212,1400-4-19,2021-07-10
627,ثشرق,سرمايه گذاري مسكن شمال شرق,24,515213,3050060960,6230,5920,5920,-310,-4.98,6160,-70,-1.12,5920,5920,1400-4-19,2021-07-10
628,اخزا815,اسنادخزانه-م15بودجه98-010406,24,62322,51564381136,826554,826831,827426,872,0.11,827386,832,0.1,826830,827600,1400-4-19,2021-07-10
629,گكيشح,ح.توريستي ورفاهي آبادگران كيش,23,391455,16049655000,40000,41000,41000,1000,2.5,41000,1000,2.5,41000,41000,1400-4-19,2021-07-10
630,ثنوسا,نوسازي‌وساختمان‌تهران‌,23,35271,344950380,10290,9780,9780,-510,-4.96,10280,-10,-0.1,9780,9780,1400-4-19,2021-07-10
631,زماهان,مجتمع توليد گوشت مرغ ماهان,23,19629,321523020,17242,16380,16380,-862,-5,17223,-19,-0.11,16380,16380,1400-4-19,2021-07-10
632,ضشنا8003,اختيارخ شپنا-8800-1400/08/16,22,309,1020991000,3689,3300,3330,-359,-9.73,3304,-385,-10.44,3300,3590,1400-4-19,2021-07-10
633,بايكا,كارخانجات كابلسازي ‌ايران‌,21,10687,259245246,25534,24258,24258,-1276,-5,25499,-35,-0.14,24258,24258,1400-4-19,2021-07-10
634,ميهن,بيمه ميهن,21,100248,463446504,4866,4623,4623,-243,-4.99,4858,-8,-0.16,4623,4623,1400-4-19,2021-07-10
635,اخزا808,اسنادخزانه-م8بودجه98-000817,21,103035,96441838091,935983,933004,936020,37,0,936010,27,0,933004,936020,1400-4-19,2021-07-10
636,زعف0008پ08,زعفران0008نگين روستا(پ),21,6000,771575800,129862,129000,128350,-1512,-1.16,128596,-1266,-0.97,128300,129000,1400-4-19,2021-07-10
637,اخزا806,اسنادخزانه-م6بودجه98-000519,20,107075,105243541664,982960,984000,982900,-60,-0.01,982896,-64,-0.01,981000,984890,1400-4-19,2021-07-10
638,صنوين,صندوق سرمايه‌گذاري صنوين-مختلط,20,2830,310700000,109960,109900,110000,40,0.04,109790,-170,-0.15,109700,110000,1400-4-19,2021-07-10
639,فجام,جام‌دارو,20,37718,331918400,9260,8800,8800,-460,-4.97,9250,-10,-0.11,8800,8800,1400-4-19,2021-07-10
640,اخزا809,اسنادخزانه-م9بودجه98-000923,20,147641,135589701741,917219,919000,918406,1187,0.13,918374,1155,0.13,918000,919000,1400-4-19,2021-07-10
641,اخزا820,اسنادخزانه-م20بودجه98-020806,20,3490,2201682255,633677,638790,630572,-3105,-0.49,630854,-2823,-0.45,630113,638790,1400-4-19,2021-07-10
642,تملي710,تسهيلات مسكن ب. ملي-دي97,19,191,132450633,667222,700582,700583,33361,5,693459,26237,3.93,633861,700583,1400-4-19,2021-07-10
643,زعف0008پ19,زعفران0008نگين تروند قاينات(پ),19,3680,501960000,135157,136600,136200,1043,0.77,136402,1245,0.92,136200,136600,1400-4-19,2021-07-10
644,ضسپا8042,اختيارخ خساپا-1800-1400/08/26,19,687,247104000,401,400,350,-51,-12.72,360,-41,-10.22,350,400,1400-4-19,2021-07-10
645,دمعيار,صندوق س. توازن معيار-د,19,181497,1832230715,10084,10095,10095,11,0.11,10095,11,0.11,10095,10100,1400-4-19,2021-07-10
646,كساوه,صنايع‌ كاشي‌ و سراميك‌ سينا,18,3808,217170240,60030,57030,57030,-3000,-5,59980,-50,-0.08,57030,57030,1400-4-19,2021-07-10
647,ضمخا7075,اختيارخ اخابر-8700-1400/07/28,18,345,484456000,1245,1046,1400,155,12.45,1404,159,12.77,1046,1450,1400-4-19,2021-07-10
648,تملي706,تسهيلات مسكن ب. ملي-شهريور97,18,134,118105151,901677,946680,856594,-45083,-5,881382,-20295,-2.25,856594,946680,1400-4-19,2021-07-10
649,اخزا905,اسنادخزانه-م5بودجه99-020218,18,65659,45867154649,698910,698910,698523,-387,-0.06,698566,-344,-0.05,698523,698910,1400-4-19,2021-07-10
650,فن آوا,گروه فن آوا,18,671386,11100696124,17045,16534,16534,-511,-3,16534,-511,-3,16534,16534,1400-4-19,2021-07-10
651,اخزا721,اسنادخزانه-م21بودجه97-000728,17,83954,79347192374,943378,944866,945800,2422,0.26,945127,1749,0.19,943000,945999,1400-4-19,2021-07-10
652,حآسا,آسيا سير ارس,15,8710,268642530,32466,30843,30843,-1623,-5,32435,-31,-0.1,30843,30843,1400-4-19,2021-07-10
653,زعف0008پ05,زعفران0008نگين زرين(پ),15,11210,1425443620,128384,128002,127000,-1384,-1.08,127158,-1226,-0.95,127000,128002,1400-4-19,2021-07-10
654,كابگن,توليدي و صنعتي آبگينه‌,15,113964,609137580,5293,5345,5345,52,0.98,5306,13,0.25,5345,5345,1400-4-19,2021-07-10
655,آكورد2,صندوق س. آرمان آتي كوثر-د,15,1500000,1500000,32943,1,1,-32942,-100,1,-32942,-100,1,1,1400-4-19,2021-07-10
656,نطرين,عطرين نخ قم,14,18529,191571331,10883,10339,10339,-544,-5,10876,-7,-0.06,10339,10339,1400-4-19,2021-07-10
657,ضملي7004,اختيارخ فملي-13720-1400/07/11,14,90,91425000,1168,1000,1000,-168,-14.38,1016,-152,-13.01,950,1130,1400-4-19,2021-07-10
658,پلاست,كارخانجات توليدي پلاستيران,14,8039,546008880,71494,67920,67920,-3574,-5,71289,-205,-0.29,67920,67920,1400-4-19,2021-07-10
659,زعف0008پ20,زعفران0008نگين وحدت جام(پ),14,12822,1629610800,127513,129584,127300,-213,-0.17,127095,-418,-0.33,127000,129584,1400-4-19,2021-07-10
660,ضفلا7005,اختيارخ فولاد-11013-1400/07/25,14,110,176203360,1290,1000,1158,-132,-10.23,1143,-147,-11.4,1000,1160,1400-4-19,2021-07-10
661,ثهام,صندوق س ثروت هامرز-سهام,14,7546,75639513,10078,10000,10000,-78,-0.77,10024,-54,-0.54,10000,10200,1400-4-19,2021-07-10
662,نگين,ص.س. زمين و ساختمان نگين شهرري,13,3430,165280900,48070,47900,48500,430,0.89,48190,120,0.25,47590,48940,1400-4-19,2021-07-10
663,جهرمح,ح.پتروشيمي جهرم,13,631940,255063630,422,447,397,-25,-5.92,404,-18,-4.27,397,447,1400-4-19,2021-07-10
664,سفار,سيمان‌فارس‌,12,1705,193244700,119300,113340,113340,-5960,-5,119220,-80,-0.07,113340,113340,1400-4-19,2021-07-10
665,ضمخا7071,اختيارخ اخابر-23700-1400/07/28,12,108,3892000,24,25,45,21,87.5,36,12,50,25,45,1400-4-19,2021-07-10
666,جهرم,پتروشيمي جهرم,12,452498,764269122,1741,1689,1689,-52,-2.99,1737,-4,-0.23,1689,1689,1400-4-19,2021-07-10
667,كرونا2,تامين مالي جمعي صرفا اهداي سود,11,1784,17840000,10000,10000,10000,0,0,10000,0,0,10000,10000,1400-4-19,2021-07-10
668,ثامان,سامان‌ گستراصفهان‌,11,19229,389194960,21300,20240,20240,-1060,-4.98,21270,-30,-0.14,20240,20240,1400-4-19,2021-07-10
669,فكمند,گسترش قطعه سازي كمند,11,135913,2674360101,19104,19677,19677,573,3,19253,149,0.78,19677,19677,1400-4-19,2021-07-10
670,زعف0008پ10,زعفران0008نگين طلاي سرخ(پ),11,12700,1726980800,135366,136600,135500,134,0.1,135983,617,0.46,135500,136600,1400-4-19,2021-07-10
671,وحافظ,بيمه حافظ,11,1936,108125600,58177,55850,55850,-2327,-4,58125,-52,-0.09,55850,55850,1400-4-19,2021-07-10
672,شزنگ,تجهيزنيروي‌زنگان‌,10,6490,951700090,151176,146641,146641,-4535,-3,150731,-445,-0.29,146641,146641,1400-4-19,2021-07-10
673,غگز,گز سكه,10,500000,9500000000,19300,19000,19000,-300,-1.55,19000,-300,-1.55,19000,19000,1400-4-19,2021-07-10
674,اخزا713,اسنادخزانه-م13بودجه97-000518,10,1916,1883671868,980143,981002,983458,3315,0.34,983127,2984,0.3,981002,984499,1400-4-19,2021-07-10
675,ساذري,آذريت‌,9,70206,514961010,7122,7335,7335,213,2.99,7133,11,0.15,7335,7335,1400-4-19,2021-07-10
676,اخزا807,اسنادخزانه-م7بودجه98-000719,9,1169,1111162454,953130,953130,952900,-230,-0.02,950524,-2606,-0.27,949606,953130,1400-4-19,2021-07-10
677,اخزا904,اسنادخزانه-م4بودجه99-011215,9,7031,5075381313,721016,718009,722000,984,0.14,721858,842,0.12,718002,722000,1400-4-19,2021-07-10
678,ضملي7002,اختيارخ فملي-9720-1400/07/11,9,62,198363000,3359,3100,3300,-59,-1.76,3199,-160,-4.76,3100,3300,1400-4-19,2021-07-10
679,قجام,فرآوردههاي غذايي وقندتربت‌جام‌,9,160769,1254480507,7962,7803,7803,-159,-2,7921,-41,-0.51,7803,7803,1400-4-19,2021-07-10
680,اخزا816,اسنادخزانه-م16بودجه98-010503,9,19372,15786641430,813127,813127,814651,1524,0.19,814921,1794,0.22,813127,815056,1400-4-19,2021-07-10
681,ضصاد8031,اختيارخ وبصادر-1789-1400/08/12,8,419,247295000,600,500,600,0,0,590,-10,-1.67,500,601,1400-4-19,2021-07-10
682,تملي804,تسهيلات مسكن ب. ملي-تير98,8,63,53828952,836488,794664,877800,41312,4.94,854428,17940,2.14,794664,878312,1400-4-19,2021-07-10
683,داراب,پتروشيمي داراب,8,89374,211816380,2443,2370,2370,-73,-2.99,2441,-2,-0.08,2370,2370,1400-4-19,2021-07-10
684,وملت,سرمايه گذاري ملت,8,23557,98962957,4286,4201,4201,-85,-1.98,4284,-2,-0.05,4201,4201,1400-4-19,2021-07-10
685,زعف0008پ09,زعفران0008نگين نوين(پ),8,10600,1433200000,133923,135500,134500,577,0.43,135208,1285,0.96,134500,135500,1400-4-19,2021-07-10
686,ضسپا8040,اختيارخ خساپا-1400-1400/08/26,8,153,91801000,700,570,600,-100,-14.29,600,-100,-14.29,600,601,1400-4-19,2021-07-10
687,اخزا818,اسنادخزانه-م18بودجه98-010614,7,22994,18327591465,795333,796850,797010,1677,0.21,797060,1727,0.22,796850,797070,1400-4-19,2021-07-10
688,قلرست,قند لرستان‌,7,3853,126339870,34510,32790,32790,-1720,-4.98,34490,-20,-0.06,32790,32790,1400-4-19,2021-07-10
689,ضشنا8002,اختيارخ شپنا-7800-1400/08/16,7,89,364476000,4392,4100,4034,-358,-8.15,4095,-297,-6.76,4010,4100,1400-4-19,2021-07-10
690,كفرآور,فرآورده هاي سيمان شرق,7,76485,1636855485,22062,21401,21401,-661,-3,21950,-112,-0.51,21401,21401,1400-4-19,2021-07-10
691,اخزا812,اسنادخزانه-م12بودجه98-001111,7,29013,26033344067,897942,898000,895616,-2326,-0.26,897299,-643,-0.07,895616,898001,1400-4-19,2021-07-10
692,ضسپا8044,اختيارخ خساپا-2500-1400/08/26,7,18,3515000,216,210,185,-31,-14.35,195,-21,-9.72,185,215,1400-4-19,2021-07-10
693,ضملي7005,اختيارخ فملي-15720-1400/07/11,7,47,25650000,501,500,550,49,9.78,546,45,8.98,500,600,1400-4-19,2021-07-10
694,الماس,صندوق س.امين تدبيرگران فردا-س,7,681,73843558,106475,106030,108798,2323,2.18,108434,1959,1.84,106015,108930,1400-4-19,2021-07-10
695,ضشنا8001,اختيارخ شپنا-6800-1400/08/16,7,14,70021000,5305,5000,5010,-295,-5.56,5001,-304,-5.73,5000,5010,1400-4-19,2021-07-10
696,ثتوسا,س.توسعه و عمران استان اردبيل,7,2345,87686585,38549,37393,37393,-1156,-3,38539,-10,-0.03,37393,37393,1400-4-19,2021-07-10
697,ضپنا8001,اختيارخ رمپنا-11850-1400/08/05,6,29,142590000,4985,6490,5050,65,1.3,4917,-68,-1.36,4500,6490,1400-4-19,2021-07-10
698,سخواف,سيمان مجد خواف,6,5040,79526160,16267,15779,15779,-488,-3,16263,-4,-0.02,15779,15779,1400-4-19,2021-07-10
699,ضپال2006,اختيارخ اپال-28000-1401/02/12,6,136,159380000,1910,1001,1600,-310,-16.23,1172,-738,-38.64,1001,1800,1400-4-19,2021-07-10
700,تملي701,تسهيلات مسكن ب. ملي-فروردين97,6,64,45189092,672458,706080,706079,33621,5,706080,33622,5,706079,706080,1400-4-19,2021-07-10
701,ضصاد8033,اختيارخ وبصادر-2489-1400/08/12,6,275,76955000,308,271,280,-28,-9.09,280,-28,-9.09,271,280,1400-4-19,2021-07-10
702,اخزا817,اسنادخزانه-م17بودجه98-010512,6,853,691481250,810779,810000,811830,1051,0.13,810646,-133,-0.02,810000,812000,1400-4-19,2021-07-10
703,بكاب,صنايع‌جوشكاب‌يزد,5,168,54620160,342230,325120,325120,-17110,-5,342160,-70,-0.02,325120,325120,1400-4-19,2021-07-10
704,ضپنا8002,اختيارخ رمپنا-13850-1400/08/05,5,81,277425000,3263,3200,3500,237,7.26,3425,162,4.96,3155,3500,1400-4-19,2021-07-10
705,اخزا811,اسنادخزانه-م11بودجه98-001013,5,1584,1436958192,909576,911000,907006,-2570,-0.28,907171,-2405,-0.26,906844,911000,1400-4-19,2021-07-10
706,وهنر,گروه توسعه هنر ايران,5,4519,32807940,7484,7260,7260,-224,-2.99,7483,-1,-0.01,7260,7260,1400-4-19,2021-07-10
707,فلات,گروه صنايع معادن فلات ايرانيان,5,7100,104299000,15144,14690,14690,-454,-3,15139,-5,-0.03,14690,14690,1400-4-19,2021-07-10
708,تكنار,مجتمع معادن مس تكنار,5,249,27478644,116164,110356,110356,-5808,-5,116147,-17,-0.01,110356,110356,1400-4-19,2021-07-10
709,اخزا718,اسنادخزانه-م18بودجه97-000525,5,14007,13726855000,977900,980000,979999,2099,0.21,980000,2100,0.21,979999,980000,1400-4-19,2021-07-10
710,سپرمي,پرميت‌,5,6571,60440058,9018,9198,9198,180,2,9022,4,0.04,9198,9198,1400-4-19,2021-07-10
711,دحاوي,الحاوي,5,4205,49673665,12178,11813,11813,-365,-3,12176,-2,-0.02,11813,11813,1400-4-19,2021-07-10
712,بذر,صندوق س بذر اميد آفرين-سهام,5,569,54189650,95280,96950,94700,-580,-0.61,95240,-40,-0.04,94700,96950,1400-4-19,2021-07-10
713,سحرا021,سلف موازي برق نيروي برق حرارتي,5,661930,195293841410,294517,295037,295037,520,0.18,295037,520,0.18,295037,295037,1400-4-19,2021-07-10
714,سنير,سيمان‌ سفيد ني‌ريز,5,496,90842400,192780,183150,183150,-9630,-5,192720,-60,-0.03,183150,183150,1400-4-19,2021-07-10
715,آبين,كشت و صنعت آبشيرين,5,14166,56550672,4073,3992,3992,-81,-1.99,4072,-1,-0.02,3992,3992,1400-4-19,2021-07-10
716,زنجان,صنايع كشاورزي وكود زنجان,5,7880,69950760,9151,8877,8877,-274,-2.99,9149,-2,-0.02,8877,8877,1400-4-19,2021-07-10
717,ضصاد8036,اختيارخ وبصادر-3989-1400/08/12,4,311,14495000,50,45,45,-5,-10,47,-3,-6,45,50,1400-4-19,2021-07-10
718,ضجار7041,اختيارخ وتجارت-2997-1400/07/21,4,61,11940000,238,150,239,1,0.42,196,-42,-17.65,150,239,1400-4-19,2021-07-10
719,سفارود,كارخانه فارسيت درود,4,1210,20116250,17317,16625,16625,-692,-4,17314,-3,-0.02,16625,16625,1400-4-19,2021-07-10
720,تملي803,تسهيلات مسكن ب. ملي-خرداد98,4,17,13213495,786038,746737,820875,34837,4.43,777264,-8774,-1.12,746737,820875,1400-4-19,2021-07-10
721,لپيام,گسترش صنايع پيام,4,2222,114010820,52896,51310,51310,-1586,-3,52877,-19,-0.04,51310,51310,1400-4-19,2021-07-10
722,پست0008پ08,پسته فندقي32-30مه ولات0008(پ),4,44,80950000,1851738,1900000,1800000,-51738,-2.79,1839773,-11965,-0.65,1800000,1900000,1400-4-19,2021-07-10
723,ضپيك7042,اختيارخ تاپيكو-8070-00/07/18,4,23,83100000,4100,3700,3700,-400,-9.76,3613,-487,-11.88,3500,3700,1400-4-19,2021-07-10
724,تپولا,مهندسي مرآت پولاد,4,1082,35946204,34249,33222,33222,-1027,-3,34245,-4,-0.01,33222,33222,1400-4-19,2021-07-10
725,اراد50,مرابحه عام دولت5-ش.خ0302,4,70000,70000015000,1000000,1000001,1000000,0,0,1000000,0,0,1000000,1000001,1400-4-19,2021-07-10
726,ضسپا8046,اختيارخ خساپا-3500-1400/08/26,4,400,20000000,10,50,50,40,400,50,40,400,50,50,1400-4-19,2021-07-10
727,نيرو,نيرو سرمايه,4,6500,325149500,51570,50023,50023,-1547,-3,51518,-52,-0.1,50023,50023,1400-4-19,2021-07-10
728,ثزاگرس,سرمايه گذاري توسعه عمران زاگرس,4,584,29601208,53354,50687,50687,-2667,-5,53346,-8,-0.01,50687,50687,1400-4-19,2021-07-10
729,فراز2,صندوق س.سهام فراز داريك-س,4,400000,400000,11204,1,1,-11203,-99.99,1,-11203,-99.99,1,1,1400-4-19,2021-07-10
730,زير0103پ01,زيره سبز0103كيميابذر(پ),4,80,56842770,707890,759274,700001,-7889,-1.11,710535,2645,0.37,700001,759274,1400-4-19,2021-07-10
731,هاميد104,اختيارف ت ثاميد-2050-01/04/20,4,91000,1547000,84,17,17,-67,-79.76,17,-67,-79.76,17,17,1400-4-19,2021-07-10
732,حاريا,كشتيراني آريا,4,1947,32775798,17177,16834,16834,-343,-2,17175,-2,-0.01,16834,16834,1400-4-19,2021-07-10
733,اخزا813,اسنادخزانه-م13بودجه98-010219,4,1300,1106255300,851660,850106,851000,-660,-0.08,850966,-694,-0.08,850106,851000,1400-4-19,2021-07-10
734,سدبير,س. تدبيرگران فارس وخوزستان,4,1547,123128824,83781,79592,79592,-4189,-5,83745,-36,-0.04,79592,79592,1400-4-19,2021-07-10
735,اخزا810,اسنادخزانه-م10بودجه98-001006,3,979,891930528,912961,911001,912100,-861,-0.09,911063,-1898,-0.21,911001,912100,1400-4-19,2021-07-10
736,ضپنا8006,اختيارخ رمپنا-23850-1400/08/05,3,89,35600000,278,400,400,122,43.88,400,122,43.88,400,400,1400-4-19,2021-07-10
737,ثجوان,تامين مسكن جوانان,3,4300,42681800,10448,9926,9926,-522,-5,10446,-2,-0.02,9926,9926,1400-4-19,2021-07-10
738,اخزا805,اسنادخزانه-م5بودجه98-000422,3,1060,1058940000,995990,999000,999000,3010,0.3,999000,3010,0.3,999000,999000,1400-4-19,2021-07-10
739,ضسپا8043,اختيارخ خساپا-2000-1400/08/26,3,100,30000000,324,300,300,-24,-7.41,300,-24,-7.41,300,300,1400-4-19,2021-07-10
740,هبساز103,اختيارف ت ثبهساز-2346-01/03/18,3,40670,40670,1,1,1,0,0,1,0,0,1,1,1400-4-19,2021-07-10
741,وثخوز,سرمايه گذاري و توسعه خوزستان,3,1308,84451020,67963,64565,64565,-3398,-5,67933,-30,-0.04,64565,64565,1400-4-19,2021-07-10
742,ثاژن,سخت آژند,3,2715,25081170,9426,9238,9238,-188,-1.99,9425,-1,-0.01,9238,9238,1400-4-19,2021-07-10
743,عيار2,صندوق سكه طلاي مفيد,3,30000,30000,27141,1,1,-27140,-100,1,-27140,-100,1,1,1400-4-19,2021-07-10
744,پست0008پ04,پسته فندقي32-30سبزدانه0008(پ),3,25,46082400,1860000,1760000,1800200,-59800,-3.22,1843296,-16704,-0.9,1760000,1920000,1400-4-19,2021-07-10
745,وسصفا,شركت س استان اصفهان,3,24565,22255890,953,906,906,-47,-4.93,953,0,0,906,906,1400-4-19,2021-07-10
746,ضملت8040,اختيارخ وبملت-2934-1400/08/19,2,19,24700000,1319,1300,1300,-19,-1.44,1300,-19,-1.44,1300,1300,1400-4-19,2021-07-10
747,همبين102,اختيارف ت مبين17952-01/02/10,2,3000,3000,1,1,1,0,0,1,0,0,1,1,1400-4-19,2021-07-10
748,ضپاس7030,اختيارخ وپارس-3000-1400/07/28,2,30,8300000,317,236,270,-47,-14.83,277,-40,-12.62,270,290,1400-4-19,2021-07-10
749,اراد704,مرابحه عام دولت70-ش.خ0112,2,31764000,30026009388000,943750,945442,945100,1350,0.14,945284,1534,0.16,945100,945442,1400-4-19,2021-07-10
750,ثنام,س ساختماني ب نام آوران مهندسي,2,1831,29537692,16630,16132,16132,-498,-2.99,16628,-2,-0.01,16132,16132,1400-4-19,2021-07-10
751,ضشنا8005,اختيارخ شپنا-12800-1400/08/16,2,21,26200000,1544,1200,1250,-294,-19.04,1248,-296,-19.17,1200,1250,1400-4-19,2021-07-10
752,اراد374,مرابحه عام دولت3-ش.خ 0005,2,2000000,1998099000000,999999,999307,998792,-1207,-0.12,999049,-950,-0.1,998792,999307,1400-4-19,2021-07-10
753,ضترا8060,اختيارخ شتران-4323-1400/08/09,2,102,163000000,1612,1600,1500,-112,-6.95,1598,-14,-0.87,1500,1600,1400-4-19,2021-07-10
754,وسالت,بانك قرض الحسنه رسالت,2,10092,11545248,1111,1144,1144,33,2.97,1111,0,0,1144,1144,1400-4-19,2021-07-10
755,اراد72,مرابحه عام دولت72-ش.خ0311,2,10000,9356500000,970000,933300,938000,-32000,-3.3,935650,-34350,-3.54,933300,938000,1400-4-19,2021-07-10
756,اراد404,مرابحه عام دولت4-ش.خ 0207,2,14000000,13181266000000,1000000,941628,941410,-58590,-5.86,941519,-58481,-5.85,941410,941628,1400-4-19,2021-07-10
757,نتوس,پشم‌ بافي‌ توس,2,1300,24446500,19794,18805,18805,-989,-5,19791,-3,-0.02,18805,18805,1400-4-19,2021-07-10
758,وآتوس,س.آرين توسكا قيمت اسمي 350ريال,2,348,15120948,44794,43451,43451,-1343,-3,44792,-2,0,43451,43451,1400-4-19,2021-07-10
759,ضترا8058,اختيارخ شتران-3442-1400/08/09,2,20,44000000,2762,2200,2200,-562,-20.35,2200,-562,-20.35,2200,2200,1400-4-19,2021-07-10
760,ضملت8039,اختيارخ وبملت-2434-1400/08/19,2,43,79550000,2000,1850,1850,-150,-7.5,1850,-150,-7.5,1850,1850,1400-4-19,2021-07-10
761,گكيش,توريستي ورفاهي آبادگران كيش,2,1139,52789233,47780,46347,46347,-1433,-3,47772,-8,-0.02,46347,46347,1400-4-19,2021-07-10
762,ثنظام,س. ساختماني نظام مهندسي ايران,2,910,41718040,47261,45844,45844,-1417,-3,47255,-6,-0.01,45844,45844,1400-4-19,2021-07-10
763,تبريز112,مشاركت شهرداري تبريز-3ماهه18%,2,11,10645052,921650,967732,967732,46082,5,967732,46082,5,967732,967732,1400-4-19,2021-07-10
764,ضملت8044,اختيارخ وبملت-4934-1400/08/19,2,10,2591000,301,251,260,-41,-13.62,259,-42,-13.95,251,260,1400-4-19,2021-07-10
765,اراد384,مرابحه عام دولت3-ش.خ 0105,2,3264000,3148139424000,1009000,964637,964370,-44630,-4.42,964503,-44497,-4.41,964370,964637,1400-4-19,2021-07-10
766,صينا205,صكوك منفعت سينا دارو-3ماهه 19%,2,35,34090000,970908,974000,974000,3092,0.32,974000,3092,0.32,974000,974000,1400-4-19,2021-07-10
767,ضخوز7039,اختيارخ فخوز-15200-1400/07/14,2,22,50600000,3330,2300,2300,-1030,-30.93,2300,-1030,-30.93,2300,2300,1400-4-19,2021-07-10
768,اراد774,مرابحه عام دولت77-ش.خ000812,2,6000000,5941488000000,1000000,990391,990105,-9895,-0.99,990248,-9752,-0.98,990105,990391,1400-4-19,2021-07-10
769,سفاسي,شركت فارسيت اهواز,2,6000,49308000,8472,8218,8218,-254,-3,8471,-1,-0.01,8218,8218,1400-4-19,2021-07-10
770,ضفلا7003,اختيارخ فولاد-8160-1400/07/25,2,2,7290400,2857,2500,2700,-157,-5.5,2600,-257,-9,2500,2700,1400-4-19,2021-07-10
771,اراد644,مرابحه عام دولتي64-ش.خ0111,2,20910000,19805871000000,944500,947502,947100,2600,0.28,947196,2696,0.29,947100,947502,1400-4-19,2021-07-10
772,اراد594,مرابحه عام دولتي5-ش.خ 0309,2,10500000,9866871000000,1000000,942187,931750,-68250,-6.83,939702,-60298,-6.03,931750,942187,1400-4-19,2021-07-10
773,وسقم,شركت س استان قم,2,8000,10712000,1409,1339,1339,-70,-4.97,1409,0,0,1339,1339,1400-4-19,2021-07-10
774,اراد214,مرابحه عام دولت2ش.خ صادرات0212,2,41806000,39718634448000,1000000,950208,950008,-49992,-5,950070,-49930,-4.99,950008,950208,1400-4-19,2021-07-10
775,خفناور,مهندسي صنعتي روان فن آور,2,2737,127634521,48075,46633,46633,-1442,-3,48056,-19,-0.04,46633,46633,1400-4-19,2021-07-10
776,كمان,س.خ.كمان كاريزما 35% تاديه,2,3000,1050000000,1000000,350000,350000,-650000,-65,350000,-650000,-65,350000,350000,1400-4-19,2021-07-10
777,شكف,كف,2,142,13849260,99520,97530,97530,-1990,-2,99517,-3,0,97530,97530,1400-4-19,2021-07-10
778,اراد444,مرابحه عام دولت4-ش.خ 0007,2,4000000,3973852000000,1050000,993656,993270,-56730,-5.4,993463,-56537,-5.38,993270,993656,1400-4-19,2021-07-10
779,افاد24,منفعت دولتي2-شرايط خاص14000626,2,10980000,10992720330000,985000,1001417,1000900,15900,1.61,1001158,16158,1.64,1000900,1001417,1400-4-19,2021-07-10
780,تملي807,تسهيلات مسكن ب. ملي-مهر98,2,43,38320181,848731,891167,891167,42436,5,891167,42436,5,891167,891167,1400-4-19,2021-07-10
781,ضمخا7076,اختيارخ اخابر-9700-1400/07/28,2,26,28574000,908,1099,1099,191,21.04,1099,191,21.04,1099,1099,1400-4-19,2021-07-10
782,اراد834,مرابحه عام دولت83-ش.خ041220,2,26000000,23822929000000,1000000,916343,916190,-83810,-8.38,916266,-83734,-8.37,916190,916343,1400-4-19,2021-07-10
783,تملي709,تسهيلات مسكن ب. ملي-آذر97,2,38,28440796,712802,748442,748442,35640,5,748442,35640,5,748442,748442,1400-4-19,2021-07-10
784,اراد43,مرابحه عام دولت4-ش.خ 0205,2,18000,16830000000,935000,935000,935000,0,0,935000,0,0,935000,935000,1400-4-19,2021-07-10
785,هپارس102,اختيارف ت پارس-157010-01/02/05,2,12700,12700,1,1,1,0,0,1,0,0,1,1,1400-4-19,2021-07-10
786,ضملت8041,اختيارخ وبملت-3434-1400/08/19,2,100,100000000,1100,1000,1000,-100,-9.09,1000,-100,-9.09,1000,1000,1400-4-19,2021-07-10
787,دشيري,شيرين دارو,2,99,20117691,209493,203209,203209,-6284,-3,209480,-13,-0.01,203209,203209,1400-4-19,2021-07-10
788,ضپنا8000,اختيارخ رمپنا-9850-1400/08/05,2,20,109000000,6500,4000,6900,400,6.15,5450,-1050,-16.15,4000,6900,1400-4-19,2021-07-10
789,افاد14,منفعت دولت-با شرايط خاص140006,2,20000000,20116700000000,1040000,1006082,1005588,-34412,-3.31,1005835,-34165,-3.29,1005588,1006082,1400-4-19,2021-07-10
790,كمند2,صندوق س. با درآمد ثابت كمند,2,83000000,83000000,10006,1,1,-10005,-99.99,1,-10005,-99.99,1,1,1400-4-19,2021-07-10
791,اطلس2,صندوق س.توسعه اندوخته آينده-س,2,20000,20000,229397,1,1,-229396,-100,1,-229396,-100,1,1,1400-4-19,2021-07-10
792,داريك2,صندوق س.اعتماد داريك-د,2,1300000,1300000,10757,1,1,-10756,-99.99,1,-10756,-99.99,1,1,1400-4-19,2021-07-10
793,افاد84,منفعت دولت8-ش.خاص ساير0205,2,50000,48000000000,960000,960000,960000,0,0,960000,0,0,960000,960000,1400-4-19,2021-07-10
794,دامين2,داروسازي‌ امين‌,1,15679875,60210720000,3840,3840,3840,0,0,3840,0,0,3840,3840,1400-4-19,2021-07-10
795,اعتماد4,صندوق س.اعتماد آفرين پارسيان-د,1,20036870,750120302190,37401,37437,37437,36,0.1,37437,36,0.1,37437,37437,1400-4-19,2021-07-10
796,اراد614,مرابحه عام دولت61-ش.خ0309,1,550000,550000000000,1000001,1000000,1000000,-1,0,1000000,-1,0,1000000,1000000,1400-4-19,2021-07-10
797,ضپاس7026,اختيارخ وپارس-1600-1400/07/28,1,15,19500000,1200,1300,1300,100,8.33,1300,100,8.33,1300,1300,1400-4-19,2021-07-10
798,كاريس2,صندوق س.سپهر كاريزما-س,1,5500000,5500000,12324,1,1,-12323,-99.99,1,-12323,-99.99,1,1,1400-4-19,2021-07-10
799,قنيشا2,قند  نيشابور,1,2500000,144800000000,57920,57920,57920,0,0,57920,0,0,57920,57920,1400-4-19,2021-07-10
800,ضمخا7066,اختيارخ اخابر-11700-1400/07/28,1,3,1467000,577,489,489,-88,-15.25,489,-88,-15.25,489,489,1400-4-19,2021-07-10
801,سايرا,ايرانيت‌,1,200,7541800,38478,37709,37709,-769,-2,38477,-1,0,37709,37709,1400-4-19,2021-07-10
802,سلار,شركت سيمان لارستان,1,173,9826054,58554,56798,56798,-1756,-3,58552,-2,0,56798,56798,1400-4-19,2021-07-10
803,شتولي,تولي‌پرس‌,1,160,5064800,32301,31655,31655,-646,-2,32300,-1,0,31655,31655,1400-4-19,2021-07-10
804,افران2,صندوق س افرا نماد پايدار-ثابت,1,5900000,5900000,13715,1,1,-13714,-99.99,1,-13714,-99.99,1,1,1400-4-19,2021-07-10
805,آتيمس2,صندوق س.آرمان آتيه درخشان مس-س,1,300000,300000,180404,1,1,-180403,-100,1,-180403,-100,1,1,1400-4-19,2021-07-10
806,شگويا2,پتروشيمي تندگويان,1,2000000,20302000000,10356,10151,10151,-205,-1.98,10151,-205,-1.98,10151,10151,1400-4-19,2021-07-10
807,ضترا8055,اختيارخ شتران-2118-1400/08/09,1,1,3400000,4928,3400,3400,-1528,-31.01,3400,-1528,-31.01,3400,3400,1400-4-19,2021-07-10
808,لازما,كارخانه هاي صنعتي آزمايش,1,155,5092990,33874,32858,32858,-1016,-3,33873,-1,0,32858,32858,1400-4-19,2021-07-10
809,خاتم2,صندوق س خاتم ايساتيس پويا-ثابت,1,520000,520000,11412,1,1,-11411,-99.99,1,-11411,-99.99,1,1,1400-4-19,2021-07-10
810,وسكرشا,س.سهام عدالت استان كرمانشاه,1,10000,11970000,1260,1197,1197,-63,-5,1260,0,0,1197,1197,1400-4-19,2021-07-10
811,هرمز2,فولاد هرمزگان جنوب,1,20000000,305000000000,15503,15250,15250,-253,-1.63,15250,-253,-1.63,15250,15250,1400-4-19,2021-07-10
812,تملي703,تسهيلات مسكن ب. ملي-خرداد97,1,8,5391176,709365,673897,673897,-35468,-5,673897,-35468,-5,673897,673897,1400-4-19,2021-07-10
813,سنفت009,سلف موازي استاندارد سنفت009,1,55000,86053000000,1561800,1564600,1564600,2800,0.18,1564600,2800,0.18,1564600,1564600,1400-4-19,2021-07-10
814,ثاخت2,بين‌المللي‌توسعه‌ساختمان,1,47000000,108382000000,2306,2306,2306,0,0,2306,0,0,2306,2306,1400-4-19,2021-07-10
815,طملي7000,اختيارف فملي-7720-1400/07/11,1,1,20000,275,20,20,-255,-92.73,20,-255,-92.73,20,20,1400-4-19,2021-07-10
816,اراد41,مرابحه عام دولت4-ش.خ 0006,1,10000,9999990000,999000,999999,999999,999,0.1,999999,999,0.1,999999,999999,1400-4-19,2021-07-10
817,زعف0008پ18,زعفران0008نگين بهرامن(پ),1,2000,273000000,136000,136500,136500,500,0.37,136500,500,0.37,136500,136500,1400-4-19,2021-07-10
818,كهرام,توليدي گرانيت بهسرام,1,50,5494400,113286,109888,109888,-3398,-3,113284,-2,0,109888,109888,1400-4-19,2021-07-10
819,ضشنا8006,اختيارخ شپنا-14800-1400/08/16,1,1,799000,841,799,799,-42,-4.99,799,-42,-4.99,799,799,1400-4-19,2021-07-10
820,ثباغ2,شهر سازي و خانه سازي باغميشه,1,13100000,140340300000,10713,10713,10713,0,0,10713,0,0,10713,10713,1400-4-19,2021-07-10
821,ضپاس7027,اختيارخ وپارس-1800-1400/07/28,1,10,11500000,1050,1150,1150,100,9.52,1150,100,9.52,1150,1150,1400-4-19,2021-07-10
822,كبورس,كارگزاران بورس اوراق بهادار,1,1008,37265760,35210,36970,36970,1760,5,35210,0,0,36970,36970,1400-4-19,2021-07-10
823,قشهد,شهد,1,268,5150960,20230,19220,19220,-1010,-4.99,20230,0,0,19220,19220,1400-4-19,2021-07-10
824,شسپا2,نفت سپاهان,1,5000000,87050000000,17470,17410,17410,-60,-0.34,17410,-60,-0.34,17410,17410,1400-4-19,2021-07-10
825,صگل039,صكوك اجاره گل گهر039-3ماهه20%,1,6,6090000,1013500,1015000,1015000,1500,0.15,1015000,1500,0.15,1015000,1015000,1400-4-19,2021-07-10
826,پشاهن,توليدي پلاستيك‌ شاهين,1,379,2880779,7380,7601,7601,221,2.99,7380,0,0,7601,7601,1400-4-19,2021-07-10
827,ضمخا7070,اختيارخ اخابر-19700-1400/07/28,1,1,100000,100,100,100,0,0,100,0,0,100,100,1400-4-19,2021-07-10
828,صنفت3122,صكوك منفعت نفت312-6ماهه 18/5%,1,500000,500000000000,973550,1000000,1000000,26450,2.72,1000000,26450,2.72,1000000,1000000,1400-4-19,2021-07-10
829,هفجر102,اختيارف ت بفجر8626-01/02/11,1,75000,75000,1,1,1,0,0,1,0,0,1,1,1400-4-19,2021-07-10
830,زير0103پ02,زيره سبز0103 دانش(پ),1,1,759274,747335,759274,759274,11939,1.6,759274,11939,1.6,759274,759274,1400-4-19,2021-07-10
831,كچاد2,معدني‌وصنعتي‌چادرملو,1,3000000,74400000000,25270,24800,24800,-470,-1.86,24800,-470,-1.86,24800,24800,1400-4-19,2021-07-10
832,اخزا723,اسنادخزانه-م23بودجه97-000824,1,435,409239300,932003,940780,940780,8777,0.94,940780,8777,0.94,940780,940780,1400-4-19,2021-07-10
833,ولقمانح,ح . سرمايه گذاري لقمان,1,200000,241000000,1170,1205,1205,35,2.99,1205,35,2.99,1205,1205,1400-4-19,2021-07-10
834,ضخود7080,اختيارخ خودرو-4500-1400/07/07,1,100,2800000,29,28,28,-1,-3.45,28,-1,-3.45,28,28,1400-4-19,2021-07-10
835,ثقزوي,شركت عمران و سازندگي قزوين,1,167,5032378,31720,30134,30134,-1586,-5,31719,-1,0,30134,30134,1400-4-19,2021-07-10
836,سكارون,سيمان كارون,1,117,19906965,175407,170145,170145,-5262,-3,175400,-7,0,170145,170145,1400-4-19,2021-07-10
837,زعف0008پ12,زعفران0008پوشالمعمول سحرخيز(پ),1,100,9800000,95000,98000,98000,3000,3.16,98000,3000,3.16,98000,98000,1400-4-19,2021-07-10
838,اخزا8052,اسنادخزانه-م5بودجه98-000422,1,1000000,998000000000,995990,998000,998000,2010,0.2,998000,2010,0.2,998000,998000,1400-4-19,2021-07-10
839,ضملت8038,اختيارخ وبملت-1934-1400/08/19,1,10,22800000,2420,2280,2280,-140,-5.79,2280,-140,-5.79,2280,2280,1400-4-19,2021-07-10
840,وسهمدا,شركت س استان همدان,1,7777,5109489,691,657,657,-34,-4.92,691,0,0,657,657,1400-4-19,2021-07-10
841,كترام,توليدي‌ كاشي‌ تكسرام‌,1,115,5014000,45890,43600,43600,-2290,-4.99,45890,0,0,43600,43600,1400-4-19,2021-07-10
842,فسديد,لوله‌وتجهيزات‌ سديد - ورشكسته,1,47,5043993,109509,107319,107319,-2190,-2,109506,-3,0,107319,107319,1400-4-19,2021-07-10
843,ضخود7079,اختيارخ خودرو-4000-1400/07/07,1,100,2200000,30,22,22,-8,-26.67,22,-8,-26.67,22,22,1400-4-19,2021-07-10
844,غدام,خوراك‌  دام‌ پارس‌,1,14,5191760,390350,370840,370840,-19510,-5,390340,-10,0,370840,370840,1400-4-19,2021-07-10
845,زعف0008پ11,زعفران0008نگين سحرخيز(پ),1,530,68900000,130000,130000,130000,0,0,130000,0,0,130000,130000,1400-4-19,2021-07-10
846,قنقش,قند نقش جهان,1,290,19875730,71392,68537,68537,-2855,-4,71380,-12,-0.02,68537,68537,1400-4-19,2021-07-10
847,خعمرا,توسعه و عمران شهرستان نائين,1,1028,32702736,30886,31812,31812,926,3,30889,3,0.01,31812,31812,1400-4-19,2021-07-10
848,صنفت312,صكوك منفعت نفت312-6ماهه 18/5%,1,500,500000000,973550,1000000,1000000,26450,2.72,1000000,26450,2.72,1000000,1000000,1400-4-19,2021-07-10
849,شرق1400,مشاركت ليزينگ ايران وشرق140010,1,5,4999000,1004583,999800,999800,-4783,-0.48,999800,-4783,-0.48,999800,999800,1400-4-19,2021-07-10
850,اراد544,مرابحه عام دولت5-ش.خ 0109,1,2000000,1907222000000,1015000,953611,953611,-61389,-6.05,953611,-61389,-6.05,953611,953611,1400-4-19,2021-07-10
851,فخوز2,فولاد  خوزستان,1,2000000,30800000000,15540,15400,15400,-140,-0.9,15400,-140,-0.9,15400,15400,1400-4-19,2021-07-10
852,ضملي7000,اختيارخ فملي-7720-1400/07/11,1,1,5100000,5154,5100,5100,-54,-1.05,5100,-54,-1.05,5100,5100,1400-4-19,2021-07-10
853,اراد724,مرابحه عام دولت72-ش.خ0311,1,995000,928633500000,970000,933300,933300,-36700,-3.78,933300,-36700,-3.78,933300,933300,1400-4-19,2021-07-10
854,دمعيار2,صندوق س. توازن معيار-د,1,800000,800000,10084,1,1,-10083,-99.99,1,-10083,-99.99,1,1,1400-4-19,2021-07-10
