,نماد,نام,تعداد,حجم,ارزش,دیروز,اولین,آخرین معامله - مقدار,آخرین معامله - تغییر,آخرین معامله - درصد,قیمت پایانی - مقدار,قیمت پایانی - تغییر,قیمت پایانی - درصد,کمترین,بیشترین,تاریخ,gregorian_date
0,وهامون,سرمايه گذاري هامون صبا,172339,257592647,1309411904266,4847,5089,5089,242,4.99,5083,236,4.87,4859,5089,1400-6-14,2021-09-05
1,سپيدار,سپيدار سيستم آسيا,39849,29226446,690686874366,24100,24500,24366,266,1.1,23632,-468,-1.94,22895,24943,1400-6-14,2021-09-05
2,مديريت,س. و خدمات مديريت صند. ب كشوري,37886,7912607,68808030472,8282,8696,8696,414,5,8696,414,5,8696,8696,1400-6-14,2021-09-05
3,پالايش,صندوق پالايشي يكم-سهام,37345,39834612,3361623761800,87110,85100,84200,-2910,-3.34,84390,-2720,-3.12,83020,85400,1400-6-14,2021-09-05
4,دي,بانك دي,36474,1211068175,1651750268271,1340,1366,1356,16,1.19,1364,24,1.79,1301,1397,1400-6-14,2021-09-05
5,فرابورس,فرابورس ايران,34068,88396899,2934277819298,32305,32100,33400,1095,3.39,33194,889,2.75,30800,33920,1400-6-14,2021-09-05
6,شستا,سرمايه گذاري تامين اجتماعي,30399,135317342,1785350233830,13480,13400,13090,-390,-2.89,13190,-290,-2.15,13030,13470,1400-6-14,2021-09-05
7,دارا يكم,صندوق واسطه گري مالي يكم-سهام,22654,16112492,2277533770730,143420,141500,141580,-1840,-1.28,141350,-2070,-1.44,137810,143850,1400-6-14,2021-09-05
8,شبندر,پالايش نفت بندرعباس,19326,228470871,1355169956990,6030,5900,5970,-60,-1,5930,-100,-1.66,5800,6010,1400-6-14,2021-09-05
9,بركت,گروه دارويي بركت,19143,40415777,1774676855050,42370,43800,44480,2110,4.98,43910,1540,3.63,42360,44480,1400-6-14,2021-09-05
10,خساپا,سايپا,17227,611092296,1267466110703,2055,2030,2088,33,1.61,2074,19,0.92,1981,2130,1400-6-14,2021-09-05
11,خودرو,ايران‌ خودرو,17139,529526026,1205083920098,2253,2215,2294,41,1.82,2276,23,1.02,2179,2331,1400-6-14,2021-09-05
12,شپنا,پالايش نفت اصفهان,16265,89686400,1248818355430,14250,14030,13960,-290,-2.04,13920,-330,-2.32,13760,14100,1400-6-14,2021-09-05
13,خگستر,گسترش‌سرمايه‌گذاري‌ايران‌خودرو,15897,564064224,1794877756476,3069,3010,3222,153,4.99,3182,113,3.68,2951,3222,1400-6-14,2021-09-05
14,پترول,گ.س.وت.ص.پتروشيمي خليج فارس,15026,156757023,715976361513,4429,4500,4546,117,2.64,4567,138,3.12,4370,4640,1400-6-14,2021-09-05
15,فملي,ملي‌ صنايع‌ مس‌ ايران‌,13045,53429139,738335549430,14010,13770,13850,-160,-1.14,13820,-190,-1.36,13680,13980,1400-6-14,2021-09-05
16,فولاد,فولاد مباركه اصفهان,13019,58579333,696750759120,12060,12050,11890,-170,-1.41,11890,-170,-1.41,11720,12060,1400-6-14,2021-09-05
17,لپارس,پارس‌ الكتريك‌,12928,9727483,1213536373700,120330,123890,126340,6010,4.99,124750,4420,3.67,117100,126340,1400-6-14,2021-09-05
18,كرمان,س. توسعه و عمران استان كرمان,12344,393903654,563556738955,1437,1433,1440,3,0.21,1431,-6,-0.42,1380,1463,1400-6-14,2021-09-05
19,سنير,سيمان‌ سفيد ني‌ريز,11907,6661189,1174036605040,183170,192320,174020,-9150,-5,176250,-6920,-3.78,174020,192320,1400-6-14,2021-09-05
20,ثبهساز,بهساز كاشانه تهران,11589,82073286,204802188529,2497,2510,2546,49,1.96,2495,-2,-0.08,2412,2579,1400-6-14,2021-09-05
21,كرازي,كارخانجات‌توليدي‌شيشه‌رازي‌,11231,298745098,525951779333,1766,1785,1738,-28,-1.59,1761,-5,-0.28,1700,1820,1400-6-14,2021-09-05
22,گدنا,تهيه توزيع غذاي دنا آفرين فدك,11196,7783282,202868968790,24972,25399,26220,1248,5,26065,1093,4.38,24850,26220,1400-6-14,2021-09-05
23,شتران,پالايش نفت تهران,10940,76375945,864754762710,11540,11310,11340,-200,-1.73,11320,-220,-1.91,11160,11540,1400-6-14,2021-09-05
24,غزر,صنعتي زر ماكارون,10939,18477277,545018764260,28260,29000,29670,1410,4.99,29500,1240,4.39,27000,29670,1400-6-14,2021-09-05
25,ولكار,ليزينگ كارآفرين,10836,14093306,77364737640,5560,5590,5430,-130,-2.34,5490,-70,-1.26,5310,5690,1400-6-14,2021-09-05
26,هاي وب,داده گسترعصرنوين-هاي وب,10798,91698182,955561140430,10000,10270,10500,500,5,10420,420,4.2,10050,10500,1400-6-14,2021-09-05
27,لطيف,محصولات كاغذي لطيف,10737,2424738,144887067576,58629,59990,59000,371,0.63,59754,1125,1.92,58931,60750,1400-6-14,2021-09-05
28,ومدير,گ.مديريت ارزش سرمايه ص ب كشوري,10729,42096800,230537135130,5560,5610,5460,-100,-1.8,5480,-80,-1.44,5410,5610,1400-6-14,2021-09-05
29,بوعلي,پتروشيمي بوعلي سينا,10169,6021661,430179832210,69860,70550,72570,2710,3.88,71440,1580,2.26,67500,73000,1400-6-14,2021-09-05
30,شصدف,صنعتي دوده فام,10108,10423816,441278289799,43409,44000,41840,-1569,-3.61,42334,-1075,-2.48,41239,44060,1400-6-14,2021-09-05
31,چخزر,صنايع چوب خزر كاسپين,9711,3289253,145213335885,45635,44690,44140,-1495,-3.28,44148,-1487,-3.26,43354,45820,1400-6-14,2021-09-05
32,ثاميد,توسعه و عمران اميد,9631,62952149,117423365969,1847,1840,1890,43,2.33,1865,18,0.97,1771,1908,1400-6-14,2021-09-05
33,خاور,ايران خودرو ديزل,9447,101301522,958048643795,9226,9502,9300,74,0.8,9457,231,2.5,9227,9502,1400-6-14,2021-09-05
34,خپارس,پارس‌ خودرو,9422,388864591,543160157501,1377,1360,1423,46,3.34,1397,20,1.45,1320,1440,1400-6-14,2021-09-05
35,وتجارت,بانك تجارت,9318,193543929,507494635233,2647,2635,2629,-18,-0.68,2622,-25,-0.94,2564,2672,1400-6-14,2021-09-05
36,كدما,معدني‌ دماوند,9312,2809782,601805529270,224230,219000,213020,-11210,-5,214180,-10050,-4.48,213020,224500,1400-6-14,2021-09-05
37,نوري,پتروشيمي نوري,9303,5619831,622604419510,109280,112490,111270,1990,1.82,110790,1510,1.38,108000,112490,1400-6-14,2021-09-05
38,خبهمن,گروه‌بهمن‌,8811,489182394,872409716770,1715,1715,1800,85,4.96,1783,68,3.97,1663,1800,1400-6-14,2021-09-05
39,فگستر,گسترش صنايع روي ايرانيان,8792,5843356,92561046669,16016,16100,16150,134,0.84,15840,-176,-1.1,15450,16339,1400-6-14,2021-09-05
40,وكبهمن,مديريت سرمايه گذاري كوثربهمن,8705,3529762,49211691055,13887,14080,13780,-107,-0.77,13942,55,0.4,13610,14220,1400-6-14,2021-09-05
41,حكشتي,كشتيراني جمهوري اسلامي ايران,8472,53371998,1006809022880,18170,18170,19060,890,4.9,18860,690,3.8,17710,19070,1400-6-14,2021-09-05
42,وبملت,بانك ملت,8188,165373555,679498324090,4167,4121,4099,-68,-1.63,4109,-58,-1.39,4051,4179,1400-6-14,2021-09-05
43,فتوسا,توليد و توسعه سرب روي ايرانيان,8118,5604889,84645734114,15295,15370,15130,-165,-1.08,15102,-193,-1.26,14750,15370,1400-6-14,2021-09-05
44,شاروم,پتروشيمي اروميه,7840,5906605,117439667070,19739,20100,19651,-88,-0.45,19883,144,0.73,19010,20350,1400-6-14,2021-09-05
45,كاما,باما,7803,39280750,531314600960,13890,13600,13580,-310,-2.23,13530,-360,-2.59,13280,13790,1400-6-14,2021-09-05
46,آريا,پليمر آريا ساسول,7747,2149707,252927772905,118461,118999,118000,-461,-0.39,117657,-804,-0.68,114528,119400,1400-6-14,2021-09-05
47,وهنر,گروه توسعه هنر ايران,7260,66909124,446809648680,6530,6725,6567,37,0.57,6678,148,2.27,6540,6725,1400-6-14,2021-09-05
48,قثابت,قند ثابت‌ خراسان‌,7182,200934991,964997011991,4595,4650,4824,229,4.98,4803,208,4.53,4561,4824,1400-6-14,2021-09-05
49,وبصادر,بانك صادرات ايران,7025,179058758,463880254414,2582,2580,2608,26,1.01,2591,9,0.35,2502,2651,1400-6-14,2021-09-05
50,زملارد,كشاورزي و دامپروري ملارد شير,7020,2224708,77080541592,33464,34000,35122,1658,4.95,34647,1183,3.54,32700,35137,1400-6-14,2021-09-05
51,كزغال,زغال سنگ پروده طبس,7016,3406945,138498560258,40089,40890,40850,761,1.9,40652,563,1.4,40200,41299,1400-6-14,2021-09-05
52,ذوب,سهامي ذوب آهن  اصفهان,6935,99768481,470065959724,4762,4740,4720,-42,-0.88,4712,-50,-1.05,4650,4799,1400-6-14,2021-09-05
53,بپيوند,برق و انرژي پيوندگستر پارس,6899,7400381,102110372541,13420,13730,14020,600,4.47,13798,378,2.82,13100,14090,1400-6-14,2021-09-05
54,غكورش,صنعت غذايي كورش,6823,3761145,180785046140,48070,48700,48380,310,0.64,48070,0,0,46500,48700,1400-6-14,2021-09-05
55,وسپهر,سرمايه گذاري مالي سپهرصادرات,6806,11272939,106627397809,9597,9600,9465,-132,-1.38,9467,-130,-1.35,9359,9600,1400-6-14,2021-09-05
56,آبادا,توليد نيروي برق آبادان,6605,9061535,126132951900,13360,13850,14020,660,4.94,13920,560,4.19,13000,14020,1400-6-14,2021-09-05
57,شگويا,پتروشيمي تندگويان,6590,34839653,434446410600,12454,12780,12310,-144,-1.16,12470,16,0.13,12265,12788,1400-6-14,2021-09-05
58,سيتا,سرمايه گذاري سيمان تامين,6482,7577759,118550285650,16020,15800,15630,-390,-2.43,15640,-380,-2.37,15460,15840,1400-6-14,2021-09-05
59,وملي,گروه‌ صنعتي‌ ملي‌ (هلدينگ‌,6405,2700975,616385906760,218390,228000,221800,3410,1.56,228210,9820,4.5,218500,229300,1400-6-14,2021-09-05
60,رافزا,رايان هم افزا,6303,2366437,224662265439,99062,94350,96000,-3062,-3.09,94937,-4125,-4.16,94109,98165,1400-6-14,2021-09-05
61,بگيلان,توسعه مسير برق گيلان,5890,2434072,52994120695,20881,20910,21925,1044,5,21772,891,4.27,20901,21925,1400-6-14,2021-09-05
62,وخارزم,سرمايه گذاري خوارزمي,5797,45651646,294824819790,6620,6690,6440,-180,-2.72,6460,-160,-2.42,6360,6690,1400-6-14,2021-09-05
63,وپويا,سرمايه گذاري پويا,5795,22552415,139037762341,5920,5955,6216,296,5,6165,245,4.14,5840,6216,1400-6-14,2021-09-05
64,وسكرشا,س.سهام عدالت استان كرمانشاه,5694,283976539,203794083435,710,710,730,20,2.82,718,8,1.13,695,736,1400-6-14,2021-09-05
65,امين,تامين سرمايه امين,5602,4902766,45773685790,9340,9350,9340,0,0,9340,0,0,9170,9390,1400-6-14,2021-09-05
66,تبرك,گروه كارخانجات صنعتي تبرك,5361,39025735,596119404374,14743,15150,15480,737,5,15275,532,3.61,14860,15480,1400-6-14,2021-09-05
67,كمند,صندوق س. با درآمد ثابت كمند,5337,220393248,2240185912863,10160,10165,10164,4,0.04,10164,4,0.04,10164,10166,1400-6-14,2021-09-05
68,ثاخت,بين‌المللي‌توسعه‌ساختمان,5226,105727545,309687824472,2870,2900,3013,143,4.98,2929,59,2.06,2780,3013,1400-6-14,2021-09-05
69,غدام,خوراك‌  دام‌ پارس‌,5195,993411,280746447120,289490,297000,277500,-11990,-4.14,282610,-6880,-2.38,275880,297000,1400-6-14,2021-09-05
70,ثفارس,عمران‌وتوسعه‌فارس‌,4877,38608274,442740725510,11790,11770,11630,-160,-1.36,11470,-320,-2.71,11210,11780,1400-6-14,2021-09-05
71,وتوصا,گروه س توسعه صنعتي ايران,4838,42469371,479198692130,10840,11380,11170,330,3.04,11280,440,4.06,10680,11380,1400-6-14,2021-09-05
72,كاوه,فولاد كاوه جنوب كيش,4787,15526626,322517050460,21320,21400,20900,-420,-1.97,20770,-550,-2.58,20360,21400,1400-6-14,2021-09-05
73,وهور,مديريت انرژي اميد  تابان هور,4675,140011155,288250540792,2005,2043,2103,98,4.89,2059,54,2.69,1956,2105,1400-6-14,2021-09-05
74,حگردش,ريل گردش ايرانيان,4661,18084732,67058186256,3600,3708,3708,108,3,3708,108,3,3708,3708,1400-6-14,2021-09-05
75,فاراكح,ح . ماشين‌ سازي‌ اراك‌,4652,136726801,123901933550,888,873,905,17,1.91,906,18,2.03,862,932,1400-6-14,2021-09-05
76,هرمز,فولاد هرمزگان جنوب,4541,18867033,361092645753,20033,19680,19280,-753,-3.76,19139,-894,-4.46,19032,19680,1400-6-14,2021-09-05
77,خزر,فنرسازي‌زر,4539,12217644,223877758480,18450,18120,18500,50,0.27,18320,-130,-0.7,17560,18970,1400-6-14,2021-09-05
78,خزاميا,زامياد,4523,34118990,300340682720,8790,8750,8850,60,0.68,8800,10,0.11,8480,9020,1400-6-14,2021-09-05
79,وغدير,سرمايه‌گذاري‌غدير(هلدينگ‌,4484,44862839,700614972140,15840,15410,15460,-380,-2.4,15620,-220,-1.39,15390,15850,1400-6-14,2021-09-05
80,حريل,ريل پردازسير,4413,56303860,301153017109,5142,5288,5399,257,5,5349,207,4.03,4950,5399,1400-6-14,2021-09-05
81,دماوند,توليد نيروي برق دماوند,4388,10532981,323995734036,29900,30676,31393,1493,4.99,30760,860,2.88,29900,31395,1400-6-14,2021-09-05
82,ثبات,صندوق س. ثبات ويستا -د,4338,396000000,3960000000000,10000,10000,10000,0,0,10000,0,0,10000,10000,1400-6-14,2021-09-05
83,اپال,فرآوري معدني اپال كاني پارس,4172,4199087,95642447840,22650,22790,22700,50,0.22,22750,100,0.44,21910,23200,1400-6-14,2021-09-05
84,پتاير,ايران‌ تاير,4140,69696391,219000740018,3063,3109,3186,123,4.02,3142,79,2.58,3010,3210,1400-6-14,2021-09-05
85,دتوليد,داروسازي توليد دارو,4120,18492924,316295976688,16388,17100,17207,819,5,17104,716,4.37,16400,17207,1400-6-14,2021-09-05
86,ونوين,بانك‌اقتصادنوين‌,4119,72658772,365602916024,4948,4940,5020,72,1.46,5032,84,1.7,4851,5148,1400-6-14,2021-09-05
87,فاراك,ماشين‌ سازي‌ اراك‌,4106,110933684,233512969144,2059,2070,2091,32,1.55,2105,46,2.23,2021,2160,1400-6-14,2021-09-05
88,كوير,توليدي فولاد سپيد فراب كوير,4030,19201783,303316504710,15790,15450,16050,260,1.65,15800,10,0.06,15160,16240,1400-6-14,2021-09-05
89,شلرد,كود شيميايي اوره لردگان,4023,25827885,226059842381,9007,8810,8737,-270,-3,8753,-254,-2.82,8737,8950,1400-6-14,2021-09-05
90,تاپكيش,تجارت الكترونيك پارسيان كيش,4016,26257569,425663725344,15933,16160,16670,737,4.63,16211,278,1.74,15488,16729,1400-6-14,2021-09-05
91,ثشاهد,سرمايه‌ گذاري‌ شاهد,3979,13039071,230506608800,17330,18050,17690,360,2.08,17680,350,2.02,16800,18050,1400-6-14,2021-09-05
92,غگل,گلوكوزان‌,3959,45299775,181544243003,3984,4050,4045,61,1.53,4008,24,0.6,3850,4138,1400-6-14,2021-09-05
93,خمحركه,نيرو محركه‌,3884,40058541,214552031780,5370,5340,5320,-50,-0.93,5360,-10,-0.19,5170,5500,1400-6-14,2021-09-05
94,حشكوه,دليجان طلايي شكوه پارس,3770,17351270,65206072660,3649,3758,3758,109,2.99,3758,109,2.99,3758,3758,1400-6-14,2021-09-05
95,پيزد,مجتمع صنايع لاستيك يزد,3673,839837,62414756287,72330,72302,74570,2240,3.1,74318,1988,2.75,71300,75643,1400-6-14,2021-09-05
96,كيان,صندوق س. با درآمد ثابت كيان,3638,66179014,2009801504555,30350,30380,30373,23,0.08,30369,19,0.06,30365,30380,1400-6-14,2021-09-05
97,سمگا,گروه سرمايه گذاري ميراث فرهنگي,3634,23536828,679962516277,28957,28200,29150,193,0.67,28889,-68,-0.23,28000,29513,1400-6-14,2021-09-05
98,فروي,ذوب روي اصفهان,3571,4681518,159936763405,34792,34770,34588,-204,-0.59,34163,-629,-1.81,33650,34900,1400-6-14,2021-09-05
99,كترام,توليدي‌ كاشي‌ تكسرام‌,3526,10386234,358830932980,33020,34670,34670,1650,5,34550,1530,4.63,33690,34670,1400-6-14,2021-09-05
100,امين يكم,صندوق درآمد ثابت امين يكم فردا,3485,154339780,1553284725666,10062,10076,10065,3,0.03,10064,2,0.02,10055,10076,1400-6-14,2021-09-05
101,شبريز,پالايش نفت تبريز,3462,5900036,231030452650,40230,39900,39220,-1010,-2.51,39160,-1070,-2.66,38900,40000,1400-6-14,2021-09-05
102,چدن,توليدي چدن سازان,3452,52835291,247296651065,4638,4720,4748,110,2.37,4681,43,0.93,4480,4789,1400-6-14,2021-09-05
103,شغدير,پتروشيمي غدير,3427,2532658,245014646780,97950,99000,96160,-1790,-1.83,96740,-1210,-1.24,95000,99000,1400-6-14,2021-09-05
104,غگيلا,شيرپاستوريزه پگاه گيلان,3414,3114070,89423829100,27656,29038,29038,1382,5,28716,1060,3.83,27120,29038,1400-6-14,2021-09-05
105,تاپيكو,س. نفت و گاز و پتروشيمي تأمين,3387,22476539,318027593290,14370,14100,14070,-300,-2.09,14150,-220,-1.53,13820,14430,1400-6-14,2021-09-05
106,دتوزيع,توزيع دارو پخش,3375,7861356,310652683290,38148,37200,40055,1907,5,39516,1368,3.59,36900,40055,1400-6-14,2021-09-05
107,بترانس,ايران‌ ترانسفو,3366,63252332,180233578254,2895,2866,2861,-34,-1.17,2849,-46,-1.59,2779,2930,1400-6-14,2021-09-05
108,كتوكا,توليدي و خدمات صنايع نسوز توكا,3346,6399422,168010461014,26141,26900,26160,19,0.07,26254,113,0.43,25300,26950,1400-6-14,2021-09-05
109,فخوز,فولاد  خوزستان,3309,22230091,420441710600,19000,18890,18970,-30,-0.16,18910,-90,-0.47,18810,19080,1400-6-14,2021-09-05
110,فجر,فولاد اميركبيركاشان,3279,6191335,185016908780,30410,30000,29830,-580,-1.91,29880,-530,-1.74,29560,30420,1400-6-14,2021-09-05
111,وصنعت,سرمايه گذاري توسعه صنعت وتجارت,3194,40474202,298935016940,7320,7500,7350,30,0.41,7390,70,0.96,7250,7530,1400-6-14,2021-09-05
112,بجهرم,توسعه مولد نيروگاهي جهرم,3177,49473690,133727973616,2693,2692,2712,19,0.71,2703,10,0.37,2603,2768,1400-6-14,2021-09-05
113,كلر,كلر پارس,3133,2173960,272380848730,119658,125640,125640,5982,5,125292,5634,4.71,120850,125640,1400-6-14,2021-09-05
114,صبا,سرمايه گذاري صبا تامين,3124,30603801,295510302456,10164,9656,9656,-508,-5,9656,-508,-5,9656,9656,1400-6-14,2021-09-05
115,قنيشا,قند  نيشابور,3090,2892292,168965210240,59620,60300,57800,-1820,-3.05,58420,-1200,-2.01,57280,60300,1400-6-14,2021-09-05
116,وسينا,بانك سينا,3066,70448581,240372481625,3364,3410,3450,86,2.56,3412,48,1.43,3365,3489,1400-6-14,2021-09-05
117,لپيام,گسترش صنايع پيام,3063,4831949,211324461263,42699,41500,44833,2134,5,43735,1036,2.43,40701,44833,1400-6-14,2021-09-05
118,ثالوند,سرمايه گذاري مسكن الوند,3057,6894355,165521326402,23312,23200,24477,1165,5,24008,696,2.99,23200,24477,1400-6-14,2021-09-05
119,وپارس,بانك‌پارسيان‌,3033,150207572,481878520669,3073,3057,3226,153,4.98,3208,135,4.39,3051,3226,1400-6-14,2021-09-05
120,ختوقا,قطعات‌ اتومبيل‌ ايران‌,3029,89729272,277287372839,2972,2930,3120,148,4.98,3090,118,3.97,2830,3120,1400-6-14,2021-09-05
121,غصينو,صنعتي مينو,2978,7334064,160460955662,22748,22030,21800,-948,-4.17,21879,-869,-3.82,21611,22759,1400-6-14,2021-09-05
122,سصفها,سيمان‌اصفهان‌,2959,2902750,185063873440,64630,63600,63000,-1630,-2.52,63750,-880,-1.36,62500,64990,1400-6-14,2021-09-05
123,ارفع,شركت آهن و فولاد ارفع,2953,8762746,165955216447,18902,18500,19000,98,0.52,18939,37,0.2,18205,19280,1400-6-14,2021-09-05
124,ومعلم,بيمه معلم,2901,27631558,125549033312,4425,4460,4579,154,3.48,4544,119,2.69,4350,4640,1400-6-14,2021-09-05
125,تايرا,تراكتورسازي‌ايران‌,2900,9491484,318961300610,33530,33530,33600,70,0.21,33600,70,0.21,32110,34880,1400-6-14,2021-09-05
126,اعتماد,صندوق س.اعتماد آفرين پارسيان-د,2856,78778320,3036026059340,38515,38536,38538,23,0.06,38539,24,0.06,38536,38541,1400-6-14,2021-09-05
127,فاذر,صنايع‌ آذرآب‌,2840,111635019,150960809087,1363,1360,1345,-18,-1.32,1352,-11,-0.81,1326,1379,1400-6-14,2021-09-05
128,فارس,صنايع پتروشيمي خليج فارس,2840,19212220,251536604050,13110,13110,13120,10,0.08,13090,-20,-0.15,12860,13150,1400-6-14,2021-09-05
129,ثنوسا,نوسازي‌وساختمان‌تهران‌,2800,18331791,180558804030,9810,9810,10030,220,2.24,9850,40,0.41,9400,10120,1400-6-14,2021-09-05
130,خنصير,مهندسي‌نصيرماشين‌,2788,25430101,443743434380,16660,17490,17490,830,4.98,17450,790,4.74,16610,17490,1400-6-14,2021-09-05
131,ختور,رادياتور ايران‌,2780,14459057,359378756650,23820,23900,25010,1190,5,24850,1030,4.32,23710,25010,1400-6-14,2021-09-05
132,رمپنا,گروه مپنا (سهامي عام),2775,55702064,1074653373380,18500,18250,19420,920,4.97,19290,790,4.27,17750,19420,1400-6-14,2021-09-05
133,ولغدر,ليزينگ‌خودروغدير,2756,9774686,166276442470,16820,17100,16910,90,0.54,17010,190,1.13,16310,17500,1400-6-14,2021-09-05
134,سخواف,سيمان مجد خواف,2748,12141602,160469097821,12957,13345,13010,53,0.41,13216,259,2,13000,13345,1400-6-14,2021-09-05
135,كپشير,پشم‌شيشه‌ايران‌,2730,8713964,209228805390,23140,23670,24290,1150,4.97,24010,870,3.76,23120,24290,1400-6-14,2021-09-05
136,شلعاب,لعابيران‌,2725,15069436,144445275360,9210,9580,9670,460,4.99,9590,380,4.13,9250,9670,1400-6-14,2021-09-05
137,نيرو,نيرو سرمايه,2722,4341907,209002703572,48664,46231,49957,1293,2.66,48136,-528,-1.08,46231,49996,1400-6-14,2021-09-05
138,غشهداب,كشت و صنعت شهداب ناب خراسان,2676,36544833,150778399766,4106,4050,4169,63,1.53,4126,20,0.49,3990,4220,1400-6-14,2021-09-05
139,فزرين,زرين معدن آسيا,2674,10130967,197006085323,19157,18900,19996,839,4.38,19446,289,1.51,18800,20000,1400-6-14,2021-09-05
140,وكار,بانك‌ كارآفرين‌,2666,70968657,213386733606,3050,3010,2990,-60,-1.97,3007,-43,-1.41,2940,3064,1400-6-14,2021-09-05
141,شپترو,پتروشيمي آبادان,2660,37335883,190988505296,5250,5289,5093,-157,-2.99,5115,-135,-2.57,5093,5290,1400-6-14,2021-09-05
142,زماهان,مجتمع توليد گوشت مرغ ماهان,2620,8462171,124663175378,14286,14793,14720,434,3.04,14732,446,3.12,13900,15000,1400-6-14,2021-09-05
143,ومعادن,توسعه‌معادن‌وفلزات‌,2609,16480820,196675515190,12180,11930,11880,-300,-2.46,11930,-250,-2.05,11780,12290,1400-6-14,2021-09-05
144,دبالك,مواد اوليه دارويي البرز بالك,2606,9915318,190438692222,18947,19137,19200,253,1.34,19207,260,1.37,18296,19600,1400-6-14,2021-09-05
145,كسرا,سراميك‌هاي‌صنعتي‌اردكان‌,2578,13111576,262077418880,20030,19780,20300,270,1.35,19990,-40,-0.2,19030,20850,1400-6-14,2021-09-05
146,وايران,ليزينگ ايرانيان,2562,15619077,120110764100,7600,7930,7600,0,0,7690,90,1.18,7510,7930,1400-6-14,2021-09-05
147,تملت,تامين سرمايه بانك ملت,2510,15578253,88018508270,5610,5500,5740,130,2.32,5650,40,0.71,5420,5800,1400-6-14,2021-09-05
148,ماديرا,صنايع ماديران,2507,18242610,177656628536,9942,9940,9710,-232,-2.33,9739,-203,-2.04,9510,9940,1400-6-14,2021-09-05
149,پكوير,كوير تاير,2506,8153107,140101722110,17030,17520,16890,-140,-0.82,17180,150,0.88,16750,17690,1400-6-14,2021-09-05
150,زكوثر,سرمايه گذاري كشاورزي كوثر,2491,5562592,117342228410,20940,21000,21290,350,1.67,21090,150,0.72,20120,21480,1400-6-14,2021-09-05
151,سرو,صندوق س سروسودمند مدبران-سهام,2456,2626591,223355854990,86300,85480,85100,-1200,-1.39,85040,-1260,-1.46,83200,86130,1400-6-14,2021-09-05
152,شفارس,صنايع‌ شيميايي‌ فارس‌,2397,46960774,99636915405,2129,2156,2110,-19,-0.89,2122,-7,-0.33,2071,2168,1400-6-14,2021-09-05
153,سبزوا,سيمان لار سبزوار,2397,20261072,76754020234,3817,3790,3850,33,0.86,3788,-29,-0.76,3627,3920,1400-6-14,2021-09-05
154,چكارن,كارتن‌ ايران‌,2356,40830387,139489099850,3424,3422,3453,29,0.85,3416,-8,-0.23,3342,3493,1400-6-14,2021-09-05
155,غنوش,نوش‌ مازندران‌,2322,4774932,198189694240,40090,41500,42090,2000,4.99,41510,1420,3.54,39500,42090,1400-6-14,2021-09-05
156,وآذر,سرمايه‌گذاري‌توسعه‌آذربايجان‌,2319,2141615,160190941360,76440,75350,73830,-2610,-3.41,74800,-1640,-2.15,72990,77500,1400-6-14,2021-09-05
157,شفن,پتروشيمي فناوران,2301,385036,148278325770,394080,389610,384290,-9790,-2.48,385100,-8980,-2.28,383200,393410,1400-6-14,2021-09-05
158,سفارس,سيمان فارس و خوزستان,2292,8200724,192031716910,24330,23600,23330,-1000,-4.11,23420,-910,-3.74,23200,24130,1400-6-14,2021-09-05
159,كبافق,معادن‌ بافق‌,2280,2485237,108133870590,45300,44470,43220,-2080,-4.59,43510,-1790,-3.95,43040,44790,1400-6-14,2021-09-05
160,رانفور,خدمات‌انفورماتيك‌,2254,19121647,135263807950,7300,7210,7140,-160,-2.19,7070,-230,-3.15,6960,7210,1400-6-14,2021-09-05
161,غگرجي,بيسكويت‌  گرجي‌,2250,27758830,95777766786,3397,3370,3452,55,1.62,3450,53,1.56,3280,3530,1400-6-14,2021-09-05
162,ديران,ايران‌دارو,2241,7041970,187014111470,25670,26850,26930,1260,4.91,26560,890,3.47,25800,26940,1400-6-14,2021-09-05
163,دانا,بيمه دانا,2237,24510618,153369547940,6100,5930,6400,300,4.92,6260,160,2.62,5920,6400,1400-6-14,2021-09-05
164,وپست,پست بانك ايران,2233,13207776,287890529540,21650,22000,21900,250,1.15,21800,150,0.69,21570,22530,1400-6-14,2021-09-05
165,اميد,تامين سرمايه اميد,2231,15125302,104865611940,7110,6800,6980,-130,-1.83,6930,-180,-2.53,6760,7130,1400-6-14,2021-09-05
166,بكهنوج,توليد برق ماهتاب كهنوج,2211,69117394,123211834404,1718,1733,1803,85,4.95,1783,65,3.78,1681,1803,1400-6-14,2021-09-05
167,ودي,بيمه  دي,2203,15107562,136132494465,8657,8800,9088,431,4.98,9011,354,4.09,8710,9089,1400-6-14,2021-09-05
168,كچاد,معدني‌وصنعتي‌چادرملو,2202,7308193,228171889750,31060,31400,30970,-90,-0.29,31220,160,0.52,30820,31600,1400-6-14,2021-09-05
169,شيران,س. صنايع‌شيميايي‌ايران,2199,7354588,214259334570,29190,29800,29200,10,0.03,29130,-60,-0.21,28990,29800,1400-6-14,2021-09-05
170,كگل,معدني و صنعتي گل گهر,2197,7972445,187314680210,23690,23180,23900,210,0.89,23500,-190,-0.8,22800,24200,1400-6-14,2021-09-05
171,ثپرديس,سرمايه گذاري مسكن پرديس,2195,21583896,158850529712,7096,7440,7199,103,1.45,7360,264,3.72,7162,7450,1400-6-14,2021-09-05
172,ستران,سيمان‌ تهران‌,2192,4489489,140958045950,32930,32400,31290,-1640,-4.98,31400,-1530,-4.65,31290,32400,1400-6-14,2021-09-05
173,تليسه,دامداري تليسه نمونه,2154,31634569,125626454746,3805,3950,3995,190,4.99,3971,166,4.36,3834,3995,1400-6-14,2021-09-05
174,شدوص,دوده‌ صنعتي‌ پارس‌,2153,7757800,200425675290,24670,25900,25900,1230,4.99,25840,1170,4.74,25130,25900,1400-6-14,2021-09-05
175,ساوه,سيمان ساوه,2151,1239761,80297039016,66908,64510,64501,-2407,-3.6,64768,-2140,-3.2,64090,67500,1400-6-14,2021-09-05
176,تپمپي,پمپ‌ سازي‌ ايران‌,2137,17931288,397525637670,21180,22230,22230,1050,4.96,22170,990,4.67,21330,22230,1400-6-14,2021-09-05
177,پاكشو,گروه صنعتي پاكشو,2130,22163554,135385937920,5990,6100,6180,190,3.17,6110,120,2,5930,6240,1400-6-14,2021-09-05
178,بالبر,كابل‌ البرز,2127,2691091,109885812120,40140,40000,42140,2000,4.98,40830,690,1.72,38500,42140,1400-6-14,2021-09-05
179,شاراك,پتروشيمي شازند,2111,4049299,175769752590,43650,43990,43260,-390,-0.89,43410,-240,-0.55,42780,44200,1400-6-14,2021-09-05
180,غسالم,سالمين‌,2110,30748973,125349608043,3957,4030,4154,197,4.98,4077,120,3.03,3850,4154,1400-6-14,2021-09-05
181,تكشا,گسترش‌صنايع‌وخدمات‌كشاورزي‌,2101,4104560,155593972980,37810,38100,38180,370,0.98,37910,100,0.26,36020,39100,1400-6-14,2021-09-05
182,فافق,صنايع مس افق كرمان,2093,5191500,25604478000,4789,4932,4932,143,2.99,4932,143,2.99,4932,4932,1400-6-14,2021-09-05
183,فوكا,فولاد كاويان,2092,8582675,132859675491,15841,15999,15666,-175,-1.1,15480,-361,-2.28,15366,15999,1400-6-14,2021-09-05
184,غپينو,پارس‌ مينو,2071,19946856,117317498250,5660,5830,5940,280,4.95,5880,220,3.89,5500,5940,1400-6-14,2021-09-05
185,والبر,سرمايه‌ گذاري‌ البرز(هلدينگ‌,2060,13923862,147331397900,10480,10140,10740,260,2.48,10580,100,0.95,10140,10880,1400-6-14,2021-09-05
186,قرن,پديده شيمي قرن,2057,2228547,80449709990,36000,36000,36190,190,0.53,36100,100,0.28,35110,36800,1400-6-14,2021-09-05
187,فباهنر,مس‌ شهيدباهنر,2056,3691084,106985351280,30170,30000,28990,-1180,-3.91,28980,-1190,-3.94,28680,30000,1400-6-14,2021-09-05
188,كلوند,كاشي‌ الوند,2052,8940930,239511081660,25760,27020,27040,1280,4.97,26790,1030,4,25770,27040,1400-6-14,2021-09-05
189,كيسون,شركت كيسون,2030,19764729,177841732002,8824,9000,9000,176,1.99,8998,174,1.97,8900,9000,1400-6-14,2021-09-05
190,كوثر,بيمه كوثر,2022,50961002,760393585533,14212,14922,14922,710,5,14921,709,4.99,14810,14922,1400-6-14,2021-09-05
191,مرقام,ايران‌ارقام‌,1989,9355838,170988566100,17770,17970,18650,880,4.95,18280,510,2.87,17210,18650,1400-6-14,2021-09-05
192,كساپا,سايپاشيشه‌,1971,3552126,91385386400,24570,25790,25790,1220,4.97,25730,1160,4.72,25000,25790,1400-6-14,2021-09-05
193,وبانك,سرمايه گذاري گروه توسعه ملي,1971,17004176,164316560480,9800,9650,9590,-210,-2.14,9660,-140,-1.43,9540,9800,1400-6-14,2021-09-05
194,پارس,پتروشيمي پارس,1969,836253,175961361300,214110,215460,210000,-4110,-1.92,210420,-3690,-1.72,208820,215460,1400-6-14,2021-09-05
195,غچين,كشت‌ و صنعت‌ چين‌ چين,1960,5646688,107977891970,19560,18810,18920,-640,-3.27,19120,-440,-2.25,18810,19810,1400-6-14,2021-09-05
196,آپ,آسان پرداخت پرشين,1957,10390010,164110949010,16260,15650,15700,-560,-3.44,15800,-460,-2.83,15450,16200,1400-6-14,2021-09-05
197,بزاگرس,نيروگاه زاگرس كوثر,1952,21072254,127191797700,5912,5910,6163,251,4.25,6036,124,2.1,5660,6207,1400-6-14,2021-09-05
198,سپيدما,صندوق س. سپيد دماوند-د,1949,93436542,1027333614293,10989,10999,10996,7,0.06,10995,6,0.05,10994,10999,1400-6-14,2021-09-05
199,فنورد,نوردوقطعات‌ فولادي‌,1944,824868,164315329440,204020,197500,200830,-3190,-1.56,199200,-4820,-2.36,197340,206890,1400-6-14,2021-09-05
200,كسرام,پارس‌ سرام‌,1934,15163794,101977404490,6840,6980,6690,-150,-2.19,6730,-110,-1.61,6660,6980,1400-6-14,2021-09-05
201,وگستر,گسترش سرمايه گذاري ايرانيان,1928,7612959,91901619517,12016,12000,12075,59,0.49,12072,56,0.47,11711,12299,1400-6-14,2021-09-05
202,ثنور,سرمايه گذاري كوه نور,1927,14517936,120085389330,8108,8160,8351,243,3,8272,164,2.02,7867,8351,1400-6-14,2021-09-05
203,ولساپا,ليزينگ رايان‌ سايپا,1919,42114339,135571794234,3185,3200,3248,63,1.98,3219,34,1.07,3110,3291,1400-6-14,2021-09-05
204,ملت,بيمه ملت,1919,154242484,246171004464,1520,1596,1596,76,5,1596,76,5,1596,1596,1400-6-14,2021-09-05
205,سكارون,سيمان كارون,1918,839087,84439431402,99863,101000,102858,2995,3,100633,770,0.77,97868,102858,1400-6-14,2021-09-05
206,فروس,فروسيليس‌ ايران‌,1915,26980962,189750993150,6740,7000,7070,330,4.9,7030,290,4.3,6800,7070,1400-6-14,2021-09-05
207,ولصنم,ليزينگ‌صنعت‌ومعدن‌,1908,17541409,148703414870,8150,8160,8550,400,4.91,8480,330,4.05,8010,8550,1400-6-14,2021-09-05
208,قشرين,قند شيرين خراسان,1901,8226443,163116665772,20528,20500,19590,-938,-4.57,19828,-700,-3.41,19502,20600,1400-6-14,2021-09-05
209,حتوكا,حمل‌ونقل‌توكا,1886,5687938,117149956820,20280,19910,21290,1010,4.98,20600,320,1.58,19700,21290,1400-6-14,2021-09-05
210,بكاب,صنايع‌جوشكاب‌يزد,1884,853228,163474962680,182930,192070,192070,9140,5,191600,8670,4.74,182930,192070,1400-6-14,2021-09-05
211,غبهنوش,بهنوش‌ ايران‌,1870,1332372,112043109870,83150,82500,85210,2060,2.48,84090,940,1.13,81400,86700,1400-6-14,2021-09-05
212,بايكا,كارخانجات كابلسازي ‌ايران‌,1869,2478350,66682964018,27533,27990,27092,-441,-1.6,26906,-627,-2.28,26200,27990,1400-6-14,2021-09-05
213,همراه,شركت ارتباطات سيار ايران,1858,10094002,113949965010,11070,11400,11450,380,3.43,11260,190,1.72,10710,11520,1400-6-14,2021-09-05
214,وساپا,سرمايه‌گذاري‌ سايپا,1845,16406926,103257946620,6250,6110,6290,40,0.64,6290,40,0.64,6040,6470,1400-6-14,2021-09-05
215,حفارس,حمل و نقل بين المللي خليج فارس,1839,49685018,212410768899,4108,4240,4313,205,4.99,4275,167,4.07,4130,4313,1400-6-14,2021-09-05
216,بنيرو,نيروترانس‌,1826,38941112,113448679154,3041,2952,2890,-151,-4.97,2913,-128,-4.21,2889,3075,1400-6-14,2021-09-05
217,اتكاي,بيمه اتكايي ايرانيان,1815,75069297,629062727583,7982,8381,8381,399,5,8380,398,4.99,8230,8381,1400-6-14,2021-09-05
218,دحاوي,الحاوي,1814,9265853,79677398492,8457,8710,8530,73,0.86,8599,142,1.68,8445,8710,1400-6-14,2021-09-05
219,كگلح,ح . معدني و صنعتي گل گهر,1802,87985340,1924979831990,22380,21870,21880,-500,-2.23,21880,-500,-2.23,21870,24610,1400-6-14,2021-09-05
220,زكشت,كشاورزي مكانيزه اصفهان كشت,1799,4393403,142103689802,31141,32000,31780,639,2.05,32345,1204,3.87,30020,32698,1400-6-14,2021-09-05
221,البرز,بيمه البرز,1796,54379222,151993814380,2784,2779,2794,10,0.36,2795,11,0.4,2723,2824,1400-6-14,2021-09-05
222,شاوان,پالايش نفت لاوان,1793,1691739,195545371949,118854,118000,116000,-2854,-2.4,115588,-3266,-2.75,114600,119000,1400-6-14,2021-09-05
223,كمرجان,بازرگاني و توليدي مرجان كار,1788,1665239,207588628463,118785,124724,124724,5939,5,124660,5875,4.95,122500,124724,1400-6-14,2021-09-05
224,كسعدي,كاشي‌ سعدي‌,1778,5905099,87299413090,14440,15100,14850,410,2.84,14780,340,2.35,14400,15110,1400-6-14,2021-09-05
225,دزهراوي,داروسازي‌زهراوي‌,1775,10009708,75129328470,7240,7480,7580,340,4.7,7510,270,3.73,6890,7600,1400-6-14,2021-09-05
226,سامان,بانك سامان,1768,15507800,155571839470,10225,10289,10089,-136,-1.33,10032,-193,-1.89,9950,10290,1400-6-14,2021-09-05
227,لخزر,پارس‌ خزر,1755,618544,115256178840,192940,195000,183300,-9640,-5,186330,-6610,-3.43,183300,198000,1400-6-14,2021-09-05
228,شكربن,كربن‌ ايران‌,1750,2309501,288483879030,131130,131500,125000,-6130,-4.67,124910,-6220,-4.74,124580,131500,1400-6-14,2021-09-05
229,وصنا,گروه‌صنايع‌بهشهرايران‌,1749,14597246,123751927700,8790,8770,8510,-280,-3.19,8480,-310,-3.53,8360,8770,1400-6-14,2021-09-05
230,پلاسك,پلاسكوكار,1745,9249237,75093950120,8100,8380,8110,10,0.12,8120,20,0.25,7820,8380,1400-6-14,2021-09-05
231,فاما,صنعتي‌ آما,1739,6245765,106114503440,17560,17600,16900,-660,-3.76,16990,-570,-3.25,16690,17600,1400-6-14,2021-09-05
232,خكرمان,گروه اقتصادي كرمان خودرو,1737,23907295,96705429388,4030,4025,4030,0,0,4045,15,0.37,3950,4130,1400-6-14,2021-09-05
233,سفاسي,شركت فارسيت اهواز,1728,9737421,63964179925,6479,6430,6673,194,2.99,6569,90,1.39,6360,6673,1400-6-14,2021-09-05
234,بكام,كارخانجات توليدي شهيد قندي,1728,35660203,109588741788,2966,3000,3114,148,4.99,3073,107,3.61,2900,3114,1400-6-14,2021-09-05
235,خشرق,الكتريك‌ خودرو شرق‌,1706,6806195,121188506760,17870,18250,17860,-10,-0.06,17810,-60,-0.34,17110,18370,1400-6-14,2021-09-05
236,غمارگ,مارگارين‌,1703,4736724,154402243820,34150,33450,32730,-1420,-4.16,32600,-1550,-4.54,32450,33810,1400-6-14,2021-09-05
237,سفار,سيمان‌فارس‌,1688,837756,82541313560,98340,102550,100220,1880,1.91,98530,190,0.19,95190,102550,1400-6-14,2021-09-05
238,داوه,داروسازي آوه سينا,1686,5066691,97076739649,20002,19650,19002,-1000,-5,19160,-842,-4.21,19002,19700,1400-6-14,2021-09-05
239,كيميا,معدني كيمياي زنجان گستران,1679,6241553,105093010498,16464,17094,16998,534,3.24,16838,374,2.27,16565,17094,1400-6-14,2021-09-05
240,آگاس,صندوق س.هستي بخش آگاه-س,1677,1036238,91157527787,89337,88960,88750,-587,-0.66,87970,-1367,-1.53,86310,89336,1400-6-14,2021-09-05
241,غمينو,شركت صنايع غذايي مينو شرق,1677,11350341,109061753544,9257,9310,9719,462,4.99,9609,352,3.8,8940,9719,1400-6-14,2021-09-05
242,غديس,پاكديس,1664,7817061,126117317242,16212,15770,15950,-262,-1.62,16134,-78,-0.48,15770,16480,1400-6-14,2021-09-05
243,پارسان,گسترش نفت و گاز پارسيان,1662,6705732,207348727610,31630,30060,30950,-680,-2.15,30920,-710,-2.24,30060,31350,1400-6-14,2021-09-05
244,حبندر,دريايي و کشتيراني خط دريابندر,1662,4454758,138354917655,31845,30890,31514,-331,-1.04,31058,-787,-2.47,30890,31799,1400-6-14,2021-09-05
245,افق,فروشگاههاي زنجيره اي افق كوروش,1658,2122804,133506249500,62690,62010,63040,350,0.56,62890,200,0.32,61750,63890,1400-6-14,2021-09-05
246,كفپارس,فرآورده‌هاي‌ نسوز پارس‌,1651,28490174,126781523081,4274,4280,4487,213,4.98,4450,176,4.12,4280,4487,1400-6-14,2021-09-05
247,وسديد,گروه ‌صنعتي‌سديد,1632,33489617,49296716224,1444,1472,1472,28,1.94,1472,28,1.94,1472,1472,1400-6-14,2021-09-05
248,ونيكي,سرمايه‌گذاري‌ ملي‌ايران‌,1629,8072831,93165284410,11690,11600,11480,-210,-1.8,11540,-150,-1.28,11280,11840,1400-6-14,2021-09-05
249,سصوفي,سيمان‌ صوفيان‌,1616,6697607,148499398540,23000,22500,22490,-510,-2.22,22170,-830,-3.61,21850,22800,1400-6-14,2021-09-05
250,آريان,سرمايه گذاري پارس آريان,1614,19447857,307443593684,16020,15700,15750,-270,-1.69,15809,-211,-1.32,15540,16110,1400-6-14,2021-09-05
251,خفولا,خدمات فني فولاد يزد,1610,3581348,121374726086,33117,33841,33470,353,1.07,33891,774,2.34,33111,34770,1400-6-14,2021-09-05
252,واعتبار,سرمايه گذاري اعتبار ايران,1585,9692674,88092708390,8780,8920,9090,310,3.53,9090,310,3.53,8700,9210,1400-6-14,2021-09-05
253,خاهن,آهنگري‌ تراكتورسازي‌ ايران‌,1575,9120424,84752249670,9140,9300,9260,120,1.31,9290,150,1.64,9000,9460,1400-6-14,2021-09-05
254,شپلي,پلي اكريل ايران,1572,15998907,173791674339,11171,11160,10836,-335,-3,10863,-308,-2.76,10836,11160,1400-6-14,2021-09-05
255,ونيرو,سرمايه‌گذاري‌نيرو,1572,19460184,65359181703,3335,3300,3364,29,0.87,3359,24,0.72,3251,3442,1400-6-14,2021-09-05
256,كمينا,شيشه سازي مينا,1569,10507498,131743806218,12275,12000,12600,325,2.65,12538,263,2.14,11907,12643,1400-6-14,2021-09-05
257,دامين,داروسازي‌ امين‌,1565,27387488,123169225170,4322,4357,4538,216,5,4497,175,4.05,4321,4538,1400-6-14,2021-09-05
258,خكمك,كمك‌فنرايندامين‌,1560,3574224,83923032060,22650,23000,23780,1130,4.99,23480,830,3.66,22140,23780,1400-6-14,2021-09-05
259,وساخت,سرمايه‌ گذاري‌ ساختمان‌ايران‌,1553,1724288,91996754790,53470,53000,54360,890,1.66,53350,-120,-0.22,52400,54970,1400-6-14,2021-09-05
260,حآسا,آسيا سير ارس,1553,4771660,117672420981,23595,24700,24774,1179,5,24661,1066,4.52,24000,24774,1400-6-14,2021-09-05
261,كروي,توسعه‌ معادن‌ روي‌ ايران‌,1552,3140856,97195592420,31720,31730,30950,-770,-2.43,30950,-770,-2.43,30500,32000,1400-6-14,2021-09-05
262,خموتور,موتورسازان‌تراكتورسازي‌ايران‌,1545,6452526,80506597340,12260,12350,12300,40,0.33,12480,220,1.79,12200,12860,1400-6-14,2021-09-05
263,فاسمين,كالسيمين‌,1526,5283546,92848420270,18000,18100,17580,-420,-2.33,17570,-430,-2.39,17340,18100,1400-6-14,2021-09-05
264,زاگرس,پتروشيمي زاگرس,1526,626711,165085638609,265680,260000,265400,-280,-0.11,263416,-2264,-0.85,258000,267980,1400-6-14,2021-09-05
265,وآوا,سرمايه گذاري آوا نوين,1522,9588051,52270780762,5598,5680,5513,-85,-1.52,5452,-146,-2.61,5319,5680,1400-6-14,2021-09-05
266,ثمسكن,سرمايه‌گذاري‌ مسكن‌,1520,21374383,131207628720,6080,6240,6120,40,0.66,6140,60,0.99,6030,6290,1400-6-14,2021-09-05
267,آسيا,بيمه آسيا,1513,47969365,107950785352,2172,2210,2280,108,4.97,2250,78,3.59,2165,2280,1400-6-14,2021-09-05
268,مدير,ص.س.مديريت ثروت ص.بازنشستگي-س,1508,7091387,78824248317,11383,11374,11208,-175,-1.54,11115,-268,-2.35,10800,11374,1400-6-14,2021-09-05
269,ولانا,شركت ليزينگ آريا دانا,1501,2880788,68498790383,23541,24246,23900,359,1.52,23778,237,1.01,22835,24246,1400-6-14,2021-09-05
270,خلنت,لنت‌ ترمزايران‌,1495,1522423,118653708710,76700,75000,80530,3830,4.99,77940,1240,1.62,72870,80530,1400-6-14,2021-09-05
271,وپاسار,بانك  پاسارگاد,1479,18195339,273846262350,15060,15060,15060,0,0,15050,-10,-0.07,15030,15070,1400-6-14,2021-09-05
272,خاذين,سايپاآذين‌,1474,28954393,112494228276,3731,3789,3917,186,4.99,3885,154,4.13,3650,3917,1400-6-14,2021-09-05
273,گنجين2,صندوق س. گنجينه يكم آويد-د,1470,147000000,147000000,13611,1,1,-13610,-99.99,1,-13610,-99.99,1,1,1400-6-14,2021-09-05
274,ثاباد,توريستي ورفاهي آبادگران ايران,1442,1740517,89582017690,52960,52720,52450,-510,-0.96,51470,-1490,-2.81,50370,52790,1400-6-14,2021-09-05
275,خچرخش,چرخشگر,1422,8666509,107681095460,12190,12380,12790,600,4.92,12420,230,1.89,11590,12790,1400-6-14,2021-09-05
276,بسويچ,پارس‌سويچ‌,1418,2428881,69261059370,29580,28950,28190,-1390,-4.7,28520,-1060,-3.58,28110,29800,1400-6-14,2021-09-05
277,گكوثر,هتل پارسيان كوثر اصفهان,1418,24873280,59038275063,2414,2420,2400,-14,-0.58,2374,-40,-1.66,2333,2439,1400-6-14,2021-09-05
278,لازما,كارخانه هاي صنعتي آزمايش,1416,3100354,77767893823,24524,25259,24700,176,0.72,25084,560,2.28,24524,25259,1400-6-14,2021-09-05
279,سدور,سيمان‌ دورود,1413,7719642,80838107760,10660,10900,10410,-250,-2.35,10470,-190,-1.78,10280,10900,1400-6-14,2021-09-05
280,زشگزا,شير و گوشت زاگرس شهركرد,1405,9503425,65928514466,6695,6970,7029,334,4.99,6937,242,3.61,6730,7029,1400-6-14,2021-09-05
281,ثاصفا,شركت‌ ساختمان‌ اصفهان‌,1398,1988631,44488203553,22885,23260,22430,-455,-1.99,22371,-514,-2.25,22199,23260,1400-6-14,2021-09-05
282,زقيام,كشت و دام قيام اصفهان,1398,3217181,75859636736,22668,23358,23790,1122,4.95,23580,912,4.02,22590,23801,1400-6-14,2021-09-05
283,ثرود,سرمايه‌گذاري مسكن زاينده رود,1391,4970425,73633076247,14556,14960,14770,214,1.47,14814,258,1.77,14662,14960,1400-6-14,2021-09-05
284,شسينا,صنايع‌شيميايي‌سينا,1390,791668,66270693910,83860,86090,82540,-1320,-1.57,83710,-150,-0.18,81030,86500,1400-6-14,2021-09-05
285,ساراب,سيمان‌ داراب‌,1386,7273147,151144492210,19930,19940,20920,990,4.97,20780,850,4.26,19930,20920,1400-6-14,2021-09-05
286,پاسا,ايران‌ياساتايرورابر,1385,3730364,85786204820,22830,22970,22830,0,0,23000,170,0.74,22020,23680,1400-6-14,2021-09-05
287,كساوه,صنايع‌ كاشي‌ و سراميك‌ سينا,1382,1763340,105199418000,58140,59000,59100,960,1.65,59660,1520,2.61,58550,60980,1400-6-14,2021-09-05
288,شپارس,بين‌ المللي‌ محصولات‌  پارس‌,1379,3697081,56540697350,15260,15490,15140,-120,-0.79,15290,30,0.2,15000,15680,1400-6-14,2021-09-05
289,سغرب,سيمان‌غرب‌,1376,4263591,109032867980,24600,25270,25830,1230,5,25570,970,3.94,24640,25830,1400-6-14,2021-09-05
290,شزنگ,تجهيزنيروي‌زنگان‌,1375,595312,83676841050,137065,137065,141176,4111,3,140560,3495,2.55,134001,141176,1400-6-14,2021-09-05
291,توريل,توكاريل,1373,4894742,77586199457,15602,16200,15720,118,0.76,15851,249,1.6,15630,16200,1400-6-14,2021-09-05
292,نوين,بيمه نوين,1369,10161629,59060837205,5732,5790,5830,98,1.71,5812,80,1.4,5660,5884,1400-6-14,2021-09-05
293,زنگان,صنعت روي زنگان,1368,1616182,114607411716,68159,68880,71566,3407,5,70912,2753,4.04,67250,71566,1400-6-14,2021-09-05
294,ولشرق,ليزينگ ايران و شرق,1354,9774907,64114783206,6524,6326,6648,124,1.9,6559,35,0.54,6326,6749,1400-6-14,2021-09-05
295,ساربيل,سيمان آرتا اردبيل,1352,1275358,53944763710,43750,44000,41940,-1810,-4.14,42300,-1450,-3.31,41570,44000,1400-6-14,2021-09-05
296,بشهاب,لامپ‌  پارس‌ شهاب‌,1350,693377,103653815240,145330,150000,145500,170,0.12,149490,4160,2.86,142350,152590,1400-6-14,2021-09-05
297,خمهر,مهركام‌پارس‌,1346,39242988,104445203057,2565,2520,2693,128,4.99,2661,96,3.74,2482,2693,1400-6-14,2021-09-05
298,جوين,كشت و صنعت جوين,1344,16300987,65349407873,3952,3990,4000,48,1.21,4009,57,1.44,3960,4040,1400-6-14,2021-09-05
299,وبيمه,سرمايه‌ گذاري‌ صنعت‌ بيمه‌,1338,40592768,89230266723,2114,2150,2219,105,4.97,2198,84,3.97,2120,2219,1400-6-14,2021-09-05
300,شبصير,توليدات پتروشيمي قائد بصير,1331,1106237,110615979786,103081,101060,99800,-3281,-3.18,99993,-3088,-3,98520,102997,1400-6-14,2021-09-05
301,ضخود7075,اختيارخ خودرو-2000-1400/07/07,1331,43136,15561821000,363,346,360,-3,-0.83,361,-2,-0.55,316,390,1400-6-14,2021-09-05
302,پارند,صندوق س. پارند پايدار سپهر,1323,52256545,531399865164,10164,10169,10169,5,0.05,10169,5,0.05,10168,10170,1400-6-14,2021-09-05
303,سشرق,سيمان‌ شرق‌,1322,10765858,96652914260,9170,9170,8830,-340,-3.71,8980,-190,-2.07,8820,9300,1400-6-14,2021-09-05
304,حپترو,حمل و نقل پتروشيمي( سهامي عام,1319,1807128,64878625580,36540,36600,36260,-280,-0.77,35900,-640,-1.75,35430,37470,1400-6-14,2021-09-05
305,دكپسول,توليد ژلاتين كپسول ايران,1311,1713570,67663751282,40595,40000,39500,-1095,-2.7,39487,-1108,-2.73,38610,40931,1400-6-14,2021-09-05
306,ميهن,بيمه ميهن,1307,22309105,88560489735,3872,3920,4065,193,4.98,3970,98,2.53,3754,4065,1400-6-14,2021-09-05
307,غفارس,شير پاستوريزه پگاه فارس,1281,4794894,72056343967,14780,15519,15145,365,2.47,15028,248,1.68,14041,15519,1400-6-14,2021-09-05
308,دسانكو,داروسازي سبحان انكولوژي,1279,7722711,111537707164,13875,14300,14568,693,4.99,14443,568,4.09,14070,14568,1400-6-14,2021-09-05
309,ورنا,سرمايه‌گذاري‌ رنا(هلدينگ‌,1277,12272410,76282681620,6190,6190,6260,70,1.13,6220,30,0.48,6020,6400,1400-6-14,2021-09-05
310,فاهواز,نورد و لوله اهواز,1275,7539819,53413635453,7113,7110,7102,-11,-0.15,7084,-29,-0.41,7044,7110,1400-6-14,2021-09-05
311,ركيش,كارت اعتباري ايران كيش,1273,13372373,107689205090,7820,7610,8210,390,4.99,8050,230,2.94,7440,8210,1400-6-14,2021-09-05
312,وتوكا,سرمايه‌گذاري‌توكافولاد(هلدينگ,1272,15156456,169099489310,10850,11000,11390,540,4.98,11160,310,2.86,10710,11390,1400-6-14,2021-09-05
313,وحافظح,ح . بيمه حافظ,1269,9504986,59102286621,6330,6204,6204,-126,-1.99,6218,-112,-1.77,6204,6399,1400-6-14,2021-09-05
314,خكاوه,سايپا ديزل,1263,15971763,72191561722,4592,4538,4565,-27,-0.59,4520,-72,-1.57,4455,4660,1400-6-14,2021-09-05
315,سبهان,سيمان‌ بهبهان‌,1262,766769,54969392340,73740,73520,71170,-2570,-3.49,71690,-2050,-2.78,71000,74810,1400-6-14,2021-09-05
316,خودكفا,اقتصادي و خودكفايي آزادگان,1262,7095244,107372667285,14724,15150,15165,441,3,15133,409,2.78,14851,15165,1400-6-14,2021-09-05
317,طلا,صندوق س.پشتوانه طلاي لوتوس,1259,1401319,120697118488,85428,85210,86400,972,1.14,86131,703,0.82,85210,86600,1400-6-14,2021-09-05
318,نمرينو,ايران‌ مرينوس‌,1252,706819,76852561740,113810,117900,108120,-5690,-5,108730,-5080,-4.46,108120,117900,1400-6-14,2021-09-05
319,حتايد,تايدواترخاورميانه,1252,4795019,123447311730,25740,25840,25900,160,0.62,25740,0,0,25200,26500,1400-6-14,2021-09-05
320,شجم,صنايع پتروشيمي تخت جمشيد,1238,7162988,99474249159,13726,14000,13879,153,1.11,13887,161,1.17,13500,14137,1400-6-14,2021-09-05
321,سدبير,س. تدبيرگران فارس وخوزستان,1235,1484473,64310572279,42642,42650,43450,808,1.89,43322,680,1.59,41820,44500,1400-6-14,2021-09-05
322,كهمدا,شيشه‌ همدان‌,1224,5162763,58884351730,11550,11060,11630,80,0.69,11410,-140,-1.21,11060,11800,1400-6-14,2021-09-05
323,سرچشمه,سرمايه گذاري مس سرچشمه,1222,11303076,90263973328,8181,8100,8010,-171,-2.09,7986,-195,-2.38,7860,8100,1400-6-14,2021-09-05
324,كطبس,ذغال‌سنگ‌ نگين‌ ط‌بس‌,1219,1245845,88659847290,68730,72150,70150,1420,2.07,71160,2430,3.54,68970,72150,1400-6-14,2021-09-05
325,فرآور,فرآوري‌موادمعدني‌ايران‌,1212,2615344,87762653690,33770,33400,33000,-770,-2.28,33560,-210,-0.62,32700,35100,1400-6-14,2021-09-05
326,وگردش,بانك گردشگري,1205,6848242,97339306686,13815,14000,14229,414,3,14214,399,2.89,13853,14229,1400-6-14,2021-09-05
327,كپارس,كاشي‌ پارس‌,1200,492081,61930681570,127560,129460,124590,-2970,-2.33,125850,-1710,-1.34,123000,129460,1400-6-14,2021-09-05
328,دلر,داروسازي‌ اكسير,1185,2741721,133828418310,47670,48750,48900,1230,2.58,48810,1140,2.39,47220,49990,1400-6-14,2021-09-05
329,غالبر,لبنيات‌ كالبر,1184,5039117,65215590220,13060,13240,13060,0,0,12940,-120,-0.92,12600,13240,1400-6-14,2021-09-05
330,سيلام,سيمان‌ ايلام‌,1180,4758731,43014513560,9110,9160,9030,-80,-0.88,9040,-70,-0.77,8800,9420,1400-6-14,2021-09-05
331,شپاكسا,پاكسان‌,1175,3735583,90151812660,23080,24180,24230,1150,4.98,24130,1050,4.55,23470,24230,1400-6-14,2021-09-05
332,كنورح,ح توسعه معدني و صنعتي صبانور,1168,10555595,191617997570,18400,18370,18210,-190,-1.03,18150,-250,-1.36,18000,18400,1400-6-14,2021-09-05
333,فسازان,غلتك سازان سپاهان,1164,2657969,92747028760,34640,35620,34640,0,0,34890,250,0.72,33890,35860,1400-6-14,2021-09-05
334,سيمرغ,سيمرغ,1163,6108522,132586827360,20790,21800,21820,1030,4.95,21710,920,4.43,21010,21820,1400-6-14,2021-09-05
335,تكمبا,كمباين‌ سازي‌ ايران‌,1163,7515383,58237814610,7690,7790,7920,230,2.99,7750,60,0.78,7420,7980,1400-6-14,2021-09-05
336,ساروم,سيمان‌اروميه‌,1159,2083842,98385292520,47390,47390,46810,-580,-1.22,47210,-180,-0.38,45730,48430,1400-6-14,2021-09-05
337,رنيك,جنرال مكانيك,1158,3830553,74152341782,19273,19299,19528,255,1.32,19358,85,0.44,18500,19849,1400-6-14,2021-09-05
338,ومهان,گروه توسعه مالي مهر آيندگان,1155,3416863,55228503282,16353,16630,16120,-233,-1.42,16191,-162,-0.99,16000,16630,1400-6-14,2021-09-05
339,خريخت,صنايع‌ريخته‌گري‌ايران‌,1151,17128979,62846924078,3524,3647,3700,176,4.99,3669,145,4.11,3560,3700,1400-6-14,2021-09-05
340,تابا,تابان نيرو سپاهان,1148,2094875,66957174239,31330,32260,31425,95,0.3,31962,632,2.02,31290,32269,1400-6-14,2021-09-05
341,چفيبر,فيبر ايران‌,1133,7220368,67188621790,9160,9250,9350,190,2.07,9310,150,1.64,9130,9500,1400-6-14,2021-09-05
342,وسگيلا,شركت س استان گيلان,1129,66039533,44773772214,652,645,684,32,4.91,678,26,3.99,645,684,1400-6-14,2021-09-05
343,ولراز,ليزينگ رازي,1121,1365606,38838029988,28660,29450,28140,-520,-1.81,28440,-220,-0.77,28000,29450,1400-6-14,2021-09-05
344,زشريف,كشت وصنعت شريف آباد,1107,9050568,51146998076,5529,5608,5600,71,1.28,5651,122,2.21,5529,5800,1400-6-14,2021-09-05
345,وثنو,سرمايه گذاري ساختماني نوين,1105,16016819,86924330761,5324,5483,5483,159,2.99,5427,103,1.93,5165,5483,1400-6-14,2021-09-05
346,ختراك,ريخته‌گري‌ تراكتورسازي‌ ايران‌,1101,9123132,131531807780,13750,14430,14430,680,4.95,14420,670,4.87,14060,14430,1400-6-14,2021-09-05
347,بهپاك,صنعتي بهپاك,1099,8762300,66151619142,7601,7640,7570,-31,-0.41,7550,-51,-0.67,7350,7699,1400-6-14,2021-09-05
348,درهآور,دارويي ره آورد تامين,1099,1751394,53318968430,31502,30970,30798,-704,-2.23,30444,-1058,-3.36,29927,31060,1400-6-14,2021-09-05
349,وسكاب,س.ص.بازنشستگي كاركنان بانكها,1093,14765308,49297551233,3348,3397,3340,-8,-0.24,3339,-9,-0.27,3221,3410,1400-6-14,2021-09-05
350,فجام,جام‌دارو,1087,7537921,57205963620,7510,7530,7680,170,2.26,7590,80,1.07,7200,7800,1400-6-14,2021-09-05
351,ثتران,سرمايه گذاري مسكن تهران,1086,22539677,109578372453,4663,4651,4896,233,5,4862,199,4.27,4470,4896,1400-6-14,2021-09-05
352,افران,صندوق س افرا نماد پايدار-ثابت,1084,37380307,530309495436,14170,14187,14187,17,0.12,14187,17,0.12,14186,14191,1400-6-14,2021-09-05
353,تاصيكو,سرمايه گذاري صدرتامين,1078,4868866,55640220500,11640,11440,11400,-240,-2.06,11540,-100,-0.86,11320,11600,1400-6-14,2021-09-05
354,شكلر,نيروكلر,1075,1921294,82274650490,41250,42300,43310,2060,4.99,42820,1570,3.81,40550,43310,1400-6-14,2021-09-05
355,وسهمدا,شركت س استان همدان,1053,66532624,45485109546,654,685,686,32,4.89,684,30,4.59,660,686,1400-6-14,2021-09-05
356,نطرين,عطرين نخ قم,1051,4660955,41065444616,8741,8880,8810,69,0.79,8811,70,0.8,8501,8954,1400-6-14,2021-09-05
357,زبينا,كشاورزي و دامپروري بينالود,1051,20479101,70769567626,3309,3309,3474,165,4.99,3456,147,4.44,3309,3474,1400-6-14,2021-09-05
358,شپديس,پتروشيمي پرديس,1049,876402,136265896740,155550,150500,155520,-30,-0.02,155480,-70,-0.05,150500,157990,1400-6-14,2021-09-05
359,حسير,ريل سير كوثر,1048,4446492,163905937192,35142,36899,36899,1757,5,36862,1720,4.89,34440,36899,1400-6-14,2021-09-05
360,اطلس,صندوق س.توسعه اندوخته آينده-س,1047,534976,146073481015,278549,278550,274499,-4050,-1.45,273047,-5502,-1.98,270040,278550,1400-6-14,2021-09-05
361,قشهد,شهد,1045,4154545,76159444980,17670,17980,18550,880,4.98,18330,660,3.74,17800,18550,1400-6-14,2021-09-05
362,تنوين,تامين سرمايه نوين,1044,7129443,55740907500,7940,7800,7750,-190,-2.39,7820,-120,-1.51,7710,8000,1400-6-14,2021-09-05
363,فولاژ,فولاد آلياژي ايران,1041,3586776,64851984970,18310,18200,18000,-310,-1.69,18140,-170,-0.93,17750,18600,1400-6-14,2021-09-05
364,پدرخش,درخشان‌ تهران‌,1033,1791277,47323000220,26000,26000,27100,1100,4.23,26420,420,1.62,25500,27190,1400-6-14,2021-09-05
365,وثخوز,سرمايه گذاري و توسعه خوزستان,1032,720976,39662657364,55353,55700,54080,-1273,-2.3,55012,-341,-0.62,53800,56570,1400-6-14,2021-09-05
366,ثشرق,سرمايه گذاري مسكن شمال شرق,1032,9534355,56694033490,5880,5950,6030,150,2.55,5950,70,1.19,5720,6100,1400-6-14,2021-09-05
367,وپترو,سرمايه‌گذاري صنايع پتروشيمي‌,1028,4616237,67859587310,14520,14500,14570,50,0.34,14700,180,1.24,14220,14900,1400-6-14,2021-09-05
368,ريشمك,توليد و صادرات ريشمك,1026,978982,43302153069,45037,44444,44670,-367,-0.81,44232,-805,-1.79,42865,45000,1400-6-14,2021-09-05
369,دلقما,دارويي‌ لقمان‌,1024,2791226,117544976350,40190,42190,42190,2000,4.98,42110,1920,4.78,41130,42190,1400-6-14,2021-09-05
370,شبهرن,نفت‌ بهران‌,1019,3294966,43853121480,13530,13600,13360,-170,-1.26,13380,-150,-1.11,13150,13600,1400-6-14,2021-09-05
371,سپاها,سيمان‌سپاهان‌,1018,9909805,108873820800,11030,11180,10910,-120,-1.09,10990,-40,-0.36,10580,11180,1400-6-14,2021-09-05
372,داسوه,داروسازي‌ اسوه‌,1018,2422810,72904654780,29170,29010,30620,1450,4.97,30090,920,3.15,29010,30620,1400-6-14,2021-09-05
373,وجامي,سرمايه گذاري جامي,1018,4438059,54077536940,11898,12100,12254,356,2.99,12185,287,2.41,11610,12254,1400-6-14,2021-09-05
374,دارو,كارخانجات‌داروپخش‌,1011,2658876,89199436780,33520,33700,33400,-120,-0.36,33550,30,0.09,32110,34800,1400-6-14,2021-09-05
375,سدشت,صنايع سيمان دشتستان,1008,1794362,102432513300,54480,57190,57200,2720,4.99,57090,2610,4.79,55040,57200,1400-6-14,2021-09-05
376,سخاش,سيمان‌خاش‌,1007,599706,81652491430,143120,139800,135970,-7150,-5,136150,-6970,-4.87,135970,140000,1400-6-14,2021-09-05
377,ولبهمن,شركت بهمن ليزينگ,1006,6120576,53933258957,8470,8585,8880,410,4.84,8812,342,4.04,8480,8893,1400-6-14,2021-09-05
378,شتوكا,توكا رنگ فولاد سپاهان,1001,1570324,52527327768,34005,34000,33530,-475,-1.4,33450,-555,-1.63,33000,34800,1400-6-14,2021-09-05
379,خوساز,محورسازان‌ايران‌خودرو,1000,13125119,113265712430,8380,8520,8790,410,4.89,8630,250,2.98,8200,8790,1400-6-14,2021-09-05
380,وبوعلي,سرمايه‌گذاري‌بوعلي‌,985,7143156,35511449242,4947,5010,5025,78,1.58,4971,24,0.49,4800,5090,1400-6-14,2021-09-05
381,دابور,داروسازي‌ ابوريحان‌,985,3639836,111590504470,29440,29700,30910,1470,4.99,30660,1220,4.14,28500,30910,1400-6-14,2021-09-05
382,بميلا,توسعه بازرگاني آهن وفولادميلاد,984,4510142,57582687419,13082,13000,12702,-380,-2.9,12767,-315,-2.41,12690,13000,1400-6-14,2021-09-05
383,غاذر,كشت‌وصنعت‌پياذر,979,2171232,59142233570,26190,26590,27490,1300,4.96,27240,1050,4.01,25670,27490,1400-6-14,2021-09-05
384,زپارس,ملي كشت و صنعت و دامپروري پارس,975,1155237,155409020380,131600,134000,136000,4400,3.34,134530,2930,2.23,129900,138180,1400-6-14,2021-09-05
385,ددام,داروسازي زاگرس فارمد پارس,965,2605518,34973924310,13520,13680,13450,-70,-0.52,13420,-100,-0.74,13120,13680,1400-6-14,2021-09-05
386,غشان,شيرپاستوريزه‌پگاه‌خراسان‌,958,6531635,44600271180,6750,6990,6770,20,0.3,6830,80,1.19,6750,6990,1400-6-14,2021-09-05
387,قاسم,قاسم ايران,957,4194156,39954802144,9579,9699,9730,151,1.58,9526,-53,-0.55,9290,9756,1400-6-14,2021-09-05
388,وشهر,بانك شهر,957,8744566,55745498021,6470,6321,6380,-90,-1.39,6375,-95,-1.47,6215,6538,1400-6-14,2021-09-05
389,تيپيكو,سرمايه گذاري دارويي تامين,955,3620258,79520131020,22150,22160,21700,-450,-2.03,22000,-150,-0.68,21370,22240,1400-6-14,2021-09-05
390,واحيا,م .صنايع و معادن احياء سپاهان,951,1041903,209913450688,201626,207674,199996,-1630,-0.81,201471,-155,-0.08,199000,207674,1400-6-14,2021-09-05
391,فايرا,آلومينيوم‌ايران‌,951,8589661,162743286900,18050,18950,18950,900,4.99,18950,900,4.99,18720,18950,1400-6-14,2021-09-05
392,تيپيكوح,ح . سرمايه گذاري دارويي تامين,931,4551895,84652334770,19060,18800,18700,-360,-1.89,18600,-460,-2.41,18450,18950,1400-6-14,2021-09-05
393,ثباغ,شهر سازي و خانه سازي باغميشه,930,4221056,59084035620,13673,13590,14356,683,5,13997,324,2.37,13335,14356,1400-6-14,2021-09-05
394,دكوثر,داروسازي‌ كوثر,926,12323897,67129550670,5231,5440,5492,261,4.99,5447,216,4.13,5100,5492,1400-6-14,2021-09-05
395,ومشان,س. فني و مهندسي مشانير,924,664339,43768979494,65714,67000,67685,1971,3,65883,169,0.26,63743,67685,1400-6-14,2021-09-05
396,قتربت,قند تربت حيدريه,914,270661,9840151316,35298,36356,36356,1058,3,36279,981,2.78,36356,36356,1400-6-14,2021-09-05
397,فپنتا,سپنتا,912,126933,69408649980,543170,559890,540000,-3170,-0.58,546810,3640,0.67,528000,560000,1400-6-14,2021-09-05
398,وساشرقي,شركت س استان آذربايجان شرقي,912,39667800,27996990303,697,700,714,17,2.44,701,4,0.57,685,721,1400-6-14,2021-09-05
399,كاذر,فرآورده‌هاي‌نسوزآذر,906,2833564,52777676410,18720,18500,18600,-120,-0.64,18630,-90,-0.48,18200,18890,1400-6-14,2021-09-05
400,وسصفا,شركت س استان اصفهان,903,37948778,30221955703,813,776,810,-3,-0.37,806,-7,-0.86,773,812,1400-6-14,2021-09-05
401,غگلستا,شير پاستوريزه پگاه گلستان,896,2268689,44069189193,18724,19660,19351,627,3.35,19425,701,3.74,18688,19660,1400-6-14,2021-09-05
402,پسهند,صنايع‌ لاستيكي‌  سهند,893,979592,36279469640,36640,36950,37500,860,2.35,37040,400,1.09,36480,37700,1400-6-14,2021-09-05
403,چافست,افست‌,893,2785166,45185592610,16300,16550,16260,-40,-0.25,16220,-80,-0.49,15720,16590,1400-6-14,2021-09-05
404,رتاپ,تجارت الكترونيك  پارسيان,892,12555486,90132794830,6880,7040,7220,340,4.94,7180,300,4.36,6760,7220,1400-6-14,2021-09-05
405,قچار,فراوردههاي غذايي وقند چهارمحال,891,3478095,57654687883,16222,16599,16860,638,3.93,16577,355,2.19,16060,16980,1400-6-14,2021-09-05
406,غبهار,كشت وصنعت بهاران گلبهار خراسان,888,2124373,40626075856,18700,18460,19260,560,2.99,19124,424,2.27,18320,19261,1400-6-14,2021-09-05
407,قشير,قند شيروان قوچان و بجنورد,887,1877894,41636598415,21955,21950,22210,255,1.16,22172,217,0.99,21163,22800,1400-6-14,2021-09-05
408,وثوق,سرمايه گذاري وثوق امين,885,2308765,37938695327,16030,16300,16510,480,2.99,16432,402,2.51,15850,16510,1400-6-14,2021-09-05
409,ارزش,صندوق س ارزش آفرين بيدار-سهام,885,6025957,68675322520,11590,11300,11420,-170,-1.47,11400,-190,-1.64,11110,11480,1400-6-14,2021-09-05
410,فسرب,ملي‌ سرب‌وروي‌ ايران‌,879,460553,38183767900,82900,84000,83080,180,0.22,82910,10,0.01,81000,84800,1400-6-14,2021-09-05
411,دشيمي,شيمي‌ داروئي‌ داروپخش‌,878,2693860,77327443600,27720,27990,29100,1380,4.98,28710,990,3.57,27350,29100,1400-6-14,2021-09-05
412,ما,بيمه  ما,877,5306530,45845495640,8540,8880,8650,110,1.29,8640,100,1.17,8430,8900,1400-6-14,2021-09-05
413,رتكو,كنترل‌خوردگي‌تكين‌كو,872,4402568,55277686700,12110,12000,12710,600,4.95,12560,450,3.72,11990,12710,1400-6-14,2021-09-05
414,زمگسا,كشاورزي‌ ودامپروي‌ مگسال‌,870,1559336,49391917640,30640,31900,32150,1510,4.93,31670,1030,3.36,30000,32170,1400-6-14,2021-09-05
415,گكيش,توريستي ورفاهي آبادگران كيش,866,1294657,54009042570,43256,41094,42010,-1246,-2.88,41717,-1539,-3.56,41094,43490,1400-6-14,2021-09-05
416,قلرست,قند لرستان‌,861,1371796,38482667640,28100,27500,28320,220,0.78,28050,-50,-0.18,27170,28880,1400-6-14,2021-09-05
417,هجرت,پخش هجرت,858,1951816,65875116046,33011,32800,34661,1650,5,33751,740,2.24,31402,34661,1400-6-14,2021-09-05
418,وسپه,سرمايه‌گذاري‌ سپه‌,842,4455634,43498857030,10000,10080,9850,-150,-1.5,9780,-220,-2.2,9650,10080,1400-6-14,2021-09-05
419,ركيشح,ح. كارت اعتباري ايران كيش,831,6636965,34946883520,4963,4827,5459,496,9.99,5265,302,6.09,4720,5459,1400-6-14,2021-09-05
420,آوا,صندوق س.سهام آواي معيار-س,830,4460362,38897259546,8921,8800,8750,-171,-1.92,8721,-200,-2.24,8400,8880,1400-6-14,2021-09-05
421,وملل,اعتباري ملل,829,3208176,40513022370,12810,12600,12700,-110,-0.86,12664,-146,-1.14,12500,12959,1400-6-14,2021-09-05
422,سشمال,سيمان‌ شمال‌,825,2756290,31548105910,11230,11400,11530,300,2.67,11450,220,1.96,10870,11740,1400-6-14,2021-09-05
423,هماي,صندوق س هماي آگاه-ثابت,822,2289899,23737773570,10361,10364,10367,6,0.06,10366,5,0.05,10364,10374,1400-6-14,2021-09-05
424,فلامي,لاميران‌,821,1446753,36093875750,25010,25100,25150,140,0.56,24950,-60,-0.24,24270,25580,1400-6-14,2021-09-05
425,سمتاز,سيمان ممتازان كرمان,818,3183809,75416680676,24350,23800,23620,-730,-3,23688,-662,-2.72,23620,24526,1400-6-14,2021-09-05
426,واتي,سرمايه‌ گذاري‌ آتيه‌ دماوند,817,6185930,83484645680,13720,13240,13500,-220,-1.6,13500,-220,-1.6,13230,13740,1400-6-14,2021-09-05
427,دسبحان,سبحان دارو,817,2021440,42393299310,21710,21480,20830,-880,-4.05,20970,-740,-3.41,20630,21480,1400-6-14,2021-09-05
428,سلار,شركت سيمان لارستان,808,1062650,37357548006,36123,35510,35800,-323,-0.89,35155,-968,-2.68,35040,36000,1400-6-14,2021-09-05
429,لسرما,سرما آفرين‌,807,1689584,40712790640,24030,23400,24100,70,0.29,24100,70,0.29,23120,25150,1400-6-14,2021-09-05
430,لابسا,آبسال‌,799,1710909,73502344440,40980,43020,43020,2040,4.98,42960,1980,4.83,41070,43020,1400-6-14,2021-09-05
431,فنوال,نورد آلومينيوم‌,796,2877643,95803613390,31800,33380,33390,1590,5,33290,1490,4.69,32170,33390,1400-6-14,2021-09-05
432,خفنر,فنرسازي‌خاور,795,4847491,38400256380,7760,8120,7980,220,2.84,7920,160,2.06,7490,8120,1400-6-14,2021-09-05
433,حسينا,توسعه خدمات دريايي وبندري سينا,793,1089167,66384044485,60060,60080,62070,2010,3.35,60949,889,1.48,59000,62902,1400-6-14,2021-09-05
434,مداران,داده‌پردازي‌ايران‌,793,3342388,76595981490,21900,22680,22990,1090,4.98,22920,1020,4.66,22400,22990,1400-6-14,2021-09-05
435,شيراز,پتروشيمي‌شيراز,792,1423883,111112819820,79030,78100,79400,370,0.47,78040,-990,-1.25,75400,79500,1400-6-14,2021-09-05
436,كفرآور,فرآورده هاي سيمان شرق,790,2196645,44947408949,20323,20840,20323,0,0,20462,139,0.68,19900,20840,1400-6-14,2021-09-05
437,سمازن,سيمان‌مازندران‌,787,4551515,76591761190,17130,17150,16780,-350,-2.04,16830,-300,-1.75,16500,17150,1400-6-14,2021-09-05
438,كميناح,ح . شيشه سازي مينا,786,5597072,53606297148,9822,9529,9528,-294,-2.99,9578,-244,-2.48,9528,9850,1400-6-14,2021-09-05
439,كاردان,صندوق س تجارت شاخصي كاردان,779,358496,83535288130,232880,233500,233910,1030,0.44,233020,140,0.06,223050,235600,1400-6-14,2021-09-05
440,زفكا,كشت و دامداري فكا,776,3230823,38799606703,11675,11660,12160,485,4.15,12009,334,2.86,11501,12200,1400-6-14,2021-09-05
441,بموتو,موتوژن‌,770,745885,67195188560,89080,91000,89400,320,0.36,90090,1010,1.13,86530,91000,1400-6-14,2021-09-05
442,اپرداز,آتيه داده پرداز,767,1732092,37962744261,21073,21450,22126,1053,5,21917,844,4.01,21010,22126,1400-6-14,2021-09-05
443,واميد,گروه مديريت سرمايه گذاري اميد,767,6721263,92601245860,13700,13700,13780,80,0.58,13760,60,0.44,13350,13930,1400-6-14,2021-09-05
444,غمهرا,توليدي‌مهرام‌,759,622936,41671786390,67220,65500,66000,-1220,-1.81,66900,-320,-0.48,64700,68900,1400-6-14,2021-09-05
445,ونفت,سرمايه‌گذاري‌ صنعت‌ نفت‌,756,3543199,61913598170,17400,16900,17530,130,0.75,17470,70,0.4,16900,17800,1400-6-14,2021-09-05
446,چكاوه,صنايع‌كاغذسازي‌كاوه‌,754,3738254,55672577070,14460,15000,15180,720,4.98,14890,430,2.97,14250,15180,1400-6-14,2021-09-05
447,كمنگنز,معادن‌منگنزايران‌,754,454273,39813214360,87000,88160,87460,460,0.53,87640,640,0.74,86110,89500,1400-6-14,2021-09-05
448,شرانل,نفت ايرانول,750,1086782,54272683998,50340,48700,50280,-60,-0.12,49939,-401,-0.8,48700,50772,1400-6-14,2021-09-05
449,وپخش,داروپخش‌ (هلدينگ‌,750,1577333,57209547780,36590,36610,36590,0,0,36270,-320,-0.87,35120,37200,1400-6-14,2021-09-05
450,سهرمز,سيمان‌هرمزگان‌,749,2027184,38345295630,18200,18610,19080,880,4.84,18920,720,3.96,17850,19110,1400-6-14,2021-09-05
451,پخش,پخش البرز,748,2049312,55216407789,25857,26415,27149,1292,5,26944,1087,4.2,25857,27149,1400-6-14,2021-09-05
452,ثتوسا,س.توسعه و عمران استان اردبيل,736,1534600,49290956672,31428,32290,32370,942,3,32120,692,2.2,30486,32370,1400-6-14,2021-09-05
453,دتماد,توليدمواداوليه‌داروپخش‌,734,1144342,56111595790,48070,48000,49600,1530,3.18,49030,960,2,47200,49950,1400-6-14,2021-09-05
454,سخزر,سيمان‌ خزر,712,1337889,37901920980,29210,29210,28160,-1050,-3.59,28330,-880,-3.01,27760,29300,1400-6-14,2021-09-05
455,سمايه,بانك سرمايه,700,6786678,32605326895,4681,4681,4821,140,2.99,4804,123,2.63,4600,4821,1400-6-14,2021-09-05
456,بنو,بيمه تجارت نو,689,6076224,88691623138,14585,14800,14708,123,0.84,14597,12,0.08,14590,14800,1400-6-14,2021-09-05
457,دروز,داروسازي‌ روزدارو,683,1808023,58950442150,31530,32150,33100,1570,4.98,32600,1070,3.39,31010,33100,1400-6-14,2021-09-05
458,آ س پ,آ.س.پ,679,5830386,60652365338,9957,10240,10454,497,4.99,10403,446,4.48,10134,10454,1400-6-14,2021-09-05
459,وبهمن,سرمايه‌گذاري‌بهمن‌,676,2414985,43072858210,18030,18000,18100,70,0.39,17840,-190,-1.05,17210,18100,1400-6-14,2021-09-05
460,افرا,افرانت,665,1456899,41900113550,27601,28900,28981,1380,5,28760,1159,4.2,27601,28981,1400-6-14,2021-09-05
461,زگلدشت,كشت و دام گلدشت نمونه اصفهان,664,2215167,27431127220,11885,11700,12479,594,5,12383,498,4.19,11700,12479,1400-6-14,2021-09-05
462,وآرين,شركت توسعه اقتصادي آرين,657,6853457,21507073068,3182,3182,3145,-37,-1.16,3138,-44,-1.38,3087,3200,1400-6-14,2021-09-05
463,دفارا,داروسازي‌ فارابي‌,657,1599225,31938410140,20060,20490,19980,-80,-0.4,19970,-90,-0.45,19210,20490,1400-6-14,2021-09-05
464,بساما,بيمه سامان,655,1930319,50514599141,25021,26200,26272,1251,5,26169,1148,4.59,25522,26272,1400-6-14,2021-09-05
465,شپاس,نفت پاسارگاد,655,1816541,39806974513,22575,22001,22100,-475,-2.1,21914,-661,-2.93,21460,22500,1400-6-14,2021-09-05
466,پكرمان,گروه‌ صنعتي‌ بارز,654,1536692,45460085120,28490,27610,29790,1300,4.56,29580,1090,3.83,27610,29910,1400-6-14,2021-09-05
467,فافزا,فولاد افزا سپاهان,653,485694,21924167399,45023,45000,45455,432,0.96,45140,117,0.26,43770,46268,1400-6-14,2021-09-05
468,پرداخت,به پرداخت ملت,647,1328375,28601134990,20920,21770,21630,710,3.39,21530,610,2.92,21240,21770,1400-6-14,2021-09-05
469,زدشت,كشت و صنعت دشت خرم دره,644,1839702,42605639156,22198,22950,23307,1109,5,23159,961,4.33,22320,23307,1400-6-14,2021-09-05
470,سيدكو,سرمايه گذاري توسعه صنايع سيمان,635,2646102,20830491380,7760,7880,7780,20,0.26,7870,110,1.42,7650,8080,1400-6-14,2021-09-05
471,وسبحان,سرمايه گذاري سبحان,633,7792613,25432773028,3295,3210,3260,-35,-1.06,3264,-31,-0.94,3190,3310,1400-6-14,2021-09-05
472,ثزاگرس,سرمايه گذاري توسعه عمران زاگرس,633,405414,19967106139,50713,51025,49360,-1353,-2.67,49251,-1462,-2.88,48178,51025,1400-6-14,2021-09-05
473,سپ,پرداخت الكترونيك سامان كيش,633,1607676,49461394660,29640,29400,31120,1480,4.99,30540,900,3.04,29400,31120,1400-6-14,2021-09-05
474,وتوسم,سرمايه‌گذاري‌توسعه‌ملي‌,631,2768738,23844489080,8820,8830,8620,-200,-2.27,8610,-210,-2.38,8540,8960,1400-6-14,2021-09-05
475,لبوتان,گروه‌صنعتي‌بوتان‌,629,475808,31817556600,65770,67440,68840,3070,4.67,66870,1100,1.67,63130,68980,1400-6-14,2021-09-05
476,سرود,سيمان‌شاهرود,626,1662107,49410554600,29150,30440,29400,250,0.86,29730,580,1.99,29150,30490,1400-6-14,2021-09-05
477,مفاخر,توسعه فناوري اطلاعات خوارزمي,620,671946,35452557946,52521,50451,53000,479,0.91,52761,240,0.46,50451,53500,1400-6-14,2021-09-05
478,قصفها,قنداصفهان‌,616,271499,32742124030,121070,120010,121800,730,0.6,120600,-470,-0.39,119600,123950,1400-6-14,2021-09-05
479,شخارك,پتروشيمي‌ خارك‌,616,1046288,53122405150,50920,51500,50500,-420,-0.82,50840,-80,-0.16,49900,52290,1400-6-14,2021-09-05
480,وسين,بيمه سينا,607,6902555,24520602100,3551,3543,3561,10,0.28,3552,1,0.03,3500,3616,1400-6-14,2021-09-05
481,ولملت,واسپاري ملت,607,4790933,31442133190,6460,6260,6560,100,1.55,6560,100,1.55,6260,6770,1400-6-14,2021-09-05
482,كگاز,شيشه‌ و گاز,603,2077841,45037694580,21850,21990,21850,0,0,21680,-170,-0.78,20940,22010,1400-6-14,2021-09-05
483,كهرام,توليدي گرانيت بهسرام,599,833410,81105574452,94902,97749,97022,2120,2.23,97318,2416,2.55,95099,97749,1400-6-14,2021-09-05
484,شوينده,مديريت صنعت شوينده ت.ص.بهشهر,596,1997023,51922335830,25890,26250,25990,100,0.39,26000,110,0.42,25500,26400,1400-6-14,2021-09-05
485,ضخود7077,اختيارخ خودرو-3000-1400/07/07,592,31406,330960000,13,7,10,-3,-23.08,11,-2,-15.38,7,14,1400-6-14,2021-09-05
486,سكرما,سيمان‌ كرمان‌,585,3834117,72233770150,18120,18350,19010,890,4.91,18840,720,3.97,17910,19020,1400-6-14,2021-09-05
487,كگهر,سنگ آهن گهرزمين,585,633094,31339787578,49995,50500,49510,-485,-0.97,49865,-130,-0.26,48522,50500,1400-6-14,2021-09-05
488,فبيرا,بسته‌ بندي‌ ايران‌,584,7969947,18213447999,2252,2225,2307,55,2.44,2285,33,1.47,2196,2319,1400-6-14,2021-09-05
489,شفا,سرمايه گذاري شفادارو,583,767607,35442785610,47820,47410,46010,-1810,-3.79,46170,-1650,-3.45,45430,47410,1400-6-14,2021-09-05
490,فسا,پتروشيمي فسا,580,11273679,17441052816,1579,1619,1552,-27,-1.71,1547,-32,-2.03,1532,1619,1400-6-14,2021-09-05
491,وآتوس,س.آرين توسكا قيمت اسمي 350ريال,574,849808,26463500721,31923,31400,30966,-957,-3,31141,-782,-2.45,30966,31923,1400-6-14,2021-09-05
492,جهرم,پتروشيمي جهرم,566,10304544,15856416205,1531,1559,1530,-1,-0.07,1539,8,0.52,1517,1559,1400-6-14,2021-09-05
493,دفاراح,ح . داروسازي‌ فارابي‌,561,1729228,26880714260,15730,15160,15550,-180,-1.14,15540,-190,-1.21,15140,15760,1400-6-14,2021-09-05
494,كرماشا,صنايع پتروشيمي كرمانشاه,561,1485735,68152170460,46550,46000,46200,-350,-0.75,45870,-680,-1.46,45100,46500,1400-6-14,2021-09-05
495,سكرد,سيمان كردستان,560,3556549,26692782400,7510,7350,7650,140,1.86,7510,0,0,7260,7700,1400-6-14,2021-09-05
496,مبين,مبين انرژي خليج فارس,559,5442169,117966387360,21590,22590,21510,-80,-0.37,21670,80,0.37,21260,22590,1400-6-14,2021-09-05
497,غگلپا,شير پاستوريزه پگاه گلپايگان,559,472826,33206691780,68189,68600,71011,2822,4.14,70230,2041,2.99,68191,71500,1400-6-14,2021-09-05
498,وصندوق,سرمايه‌گذاري‌صندوق‌بازنشستگي‌,556,6197791,116697487590,18510,18200,18780,270,1.46,18810,300,1.62,18200,19200,1400-6-14,2021-09-05
499,جم پيلن,پلي پروپيلن جم - جم پيلن,555,301076,33478801730,109250,113000,112000,2750,2.52,109980,730,0.67,110000,113000,1400-6-14,2021-09-05
500,سهگمت,سيمان‌هگمتان‌,544,2111611,59267078320,28770,28800,28000,-770,-2.68,28070,-700,-2.43,27410,28890,1400-6-14,2021-09-05
501,وپسا,س. پتروشيمي ساختمان  خليج فارس,543,26816875,54491890000,1993,2032,2032,39,1.96,2032,39,1.96,2032,2032,1400-6-14,2021-09-05
502,دكيمي,كيميدارو,541,1073659,27664226350,25860,26400,25800,-60,-0.23,25770,-90,-0.35,25350,26400,1400-6-14,2021-09-05
503,ياقوت,صندوق س ياقوت آگاه-ثابت,540,11766189,153296926357,13028,13028,13032,4,0.03,13029,1,0.01,13027,13049,1400-6-14,2021-09-05
504,وتوشه,سرمايه‌ گذاري‌ پارس‌ توشه‌,537,3502828,26518542180,7790,7830,7430,-360,-4.62,7570,-220,-2.82,7410,8100,1400-6-14,2021-09-05
505,بالاس,مهندسي ساختمان تاسيسات راه آهن,535,960292,34999833215,36284,36555,36380,96,0.26,36447,163,0.45,35555,37900,1400-6-14,2021-09-05
506,گشان,توسعه بين المللي پديده شانديز,534,1399603,31817174999,22288,22733,22733,445,2,22733,445,2,22733,22733,1400-6-14,2021-09-05
507,ثعتما,س. ساختماني اعتماد گستر,533,1207789,37161243380,31652,32290,31400,-252,-0.8,30768,-884,-2.79,30703,32290,1400-6-14,2021-09-05
508,سخوز,سيمان خوزستان,532,651691,17899242770,28020,28000,27230,-790,-2.82,27470,-550,-1.96,26730,28000,1400-6-14,2021-09-05
509,پرديس,سرمايه گذاري پرديس,531,3096207,18505816410,6050,5920,6000,-50,-0.83,5980,-70,-1.16,5820,6050,1400-6-14,2021-09-05
510,ثامان,سامان‌ گستراصفهان‌,529,1768579,26182934500,14500,14960,14940,440,3.03,14800,300,2.07,14510,14970,1400-6-14,2021-09-05
511,تكنو,تكنوتار,528,1971973,31643758360,16070,16320,15840,-230,-1.43,16050,-20,-0.12,15720,16320,1400-6-14,2021-09-05
512,حپارسا,توسعه حمل و نقل ريلي پارسيان,527,1552364,63066222347,40658,39610,40700,42,0.1,40626,-32,-0.08,39274,41499,1400-6-14,2021-09-05
513,خكار,ايركا پارت صنعت,527,3519319,67500538420,18270,19180,19180,910,4.98,19180,910,4.98,19180,19180,1400-6-14,2021-09-05
514,ساينا,صنايع بهداشتي ساينا,524,398875,49136840403,117889,123400,123783,5894,5,123189,5300,4.5,119192,123783,1400-6-14,2021-09-05
515,شفارا,پتروشيمي فارابي,524,4229516,25315908472,5835,5930,6000,165,2.83,5986,151,2.59,5835,6010,1400-6-14,2021-09-05
516,خديزل,بهمن  ديزل,515,1126434,63043291627,53919,54500,56614,2695,5,55967,2048,3.8,53200,56614,1400-6-14,2021-09-05
517,ثجوان,تامين مسكن جوانان,510,2593623,23123644865,8897,9110,8960,63,0.71,8916,19,0.21,8780,9110,1400-6-14,2021-09-05
518,دعبيد,لابراتوارداروسازي‌  دكترعبيدي‌,509,741527,19928842900,26970,27430,26910,-60,-0.22,26930,-40,-0.15,26190,27480,1400-6-14,2021-09-05
519,ولتجارح,ح.واسپا تجارت وسرمايه ايرانيان,507,12073076,23942645847,2020,2074,1961,-59,-2.92,1983,-37,-1.83,1960,2074,1400-6-14,2021-09-05
520,گوهران,سرمايه گذاري توسعه گوهران اميد,505,3692234,20872894320,5712,5830,5601,-111,-1.94,5653,-59,-1.03,5560,5830,1400-6-14,2021-09-05
521,جم,پتروشيمي جم,503,472216,22746587470,47660,47810,47710,50,0.1,47770,110,0.23,47670,49200,1400-6-14,2021-09-05
522,شصفها,پتروشيمي‌ اصفهان‌,497,479269,75645246705,156690,159823,157639,949,0.61,157835,1145,0.73,155100,159823,1400-6-14,2021-09-05
523,آبين,كشت و صنعت آبشيرين,497,7570837,20115413935,2605,2657,2657,52,2,2657,52,2,2650,2657,1400-6-14,2021-09-05
524,ثغرب,شركت سرمايه گذاري مسكن شمالغرب,495,10018533,68459934937,6524,6575,6850,326,5,6833,309,4.74,6254,6850,1400-6-14,2021-09-05
525,وخاور,بانك خاورميانه,494,4796688,32246936180,6690,6780,6730,40,0.6,6710,20,0.3,6510,6790,1400-6-14,2021-09-05
526,فخاس,فولاد خراسان,492,1079388,34055244540,31530,31000,31910,380,1.21,31540,10,0.03,31000,31950,1400-6-14,2021-09-05
527,بفجر,فجر انرژي خليج فارس,482,1776711,52856742980,29600,30000,29980,380,1.28,29700,100,0.34,29510,30240,1400-6-14,2021-09-05
528,دالبر,البرزدارو,478,1403502,21957395150,15040,15770,15780,740,4.92,15640,600,3.99,15160,15790,1400-6-14,2021-09-05
529,غبشهر,صنعتي‌ بهشهر,472,1155933,31091904520,27050,26430,27000,-50,-0.18,26900,-150,-0.55,26410,27470,1400-6-14,2021-09-05
530,لوتوس,تامين سرمايه لوتوس پارسيان,471,2609005,25499533900,9910,9630,9830,-80,-0.81,9810,-100,-1.01,9470,9960,1400-6-14,2021-09-05
531,گپارس,امور رفاهي كارگزاران پارس,470,151893,19770763565,131776,125188,135892,4116,3.12,130162,-1614,-1.22,125188,137500,1400-6-14,2021-09-05
532,تشتاد,صنايع توليدي اشتاد ايران‌,467,2912964,20804741047,7147,7250,7070,-77,-1.08,7142,-5,-0.07,7000,7262,1400-6-14,2021-09-05
533,غشهد,شهد ايران ‌,466,5872592,33849099110,5520,5750,5790,270,4.89,5760,240,4.35,5600,5790,1400-6-14,2021-09-05
534,سقاين,سيمان‌ قائن‌,464,353900,24575466190,69840,66910,69300,-540,-0.77,69440,-400,-0.57,66500,71000,1400-6-14,2021-09-05
535,غشوكو,شوكو پارس,464,823321,25027146590,31313,31229,30374,-939,-3,30398,-915,-2.92,30374,31229,1400-6-14,2021-09-05
536,كاريس,صندوق س.سپهر كاريزما-س,463,1680341,25105301210,15063,15020,14965,-98,-0.65,14941,-122,-0.81,14705,15050,1400-6-14,2021-09-05
537,پلوله,گازلوله‌,462,1053378,28710924535,26854,26900,27659,805,3,27256,402,1.5,26110,27659,1400-6-14,2021-09-05
538,نتوس,پشم‌ بافي‌ توس,459,1183488,17274659050,14813,14800,14690,-123,-0.83,14596,-217,-1.46,14369,15100,1400-6-14,2021-09-05
539,قمرو,قند مرودشت‌,458,1300572,40247106910,31340,31700,31370,30,0.1,30950,-390,-1.24,29790,31700,1400-6-14,2021-09-05
540,سكه0012پ01,تمام سكه طرح جديد0012رفاه,457,143400,173332968900,1196910,1206000,1210000,13090,1.09,1208738,11828,0.99,1197600,1214999,1400-6-14,2021-09-05
541,ضخود7076,اختيارخ خودرو-2500-1400/07/07,452,22563,2091648000,99,99,91,-8,-8.08,93,-6,-6.06,85,100,1400-6-14,2021-09-05
542,فراز,صندوق س.سهام فراز داريك-س,452,2916177,41120546289,14092,14095,14105,13,0.09,14101,9,0.06,14092,14121,1400-6-14,2021-09-05
543,اوان,مبين وان كيش,447,4798527,178359705224,35413,37170,37183,1770,5,37170,1757,4.96,36565,37183,1400-6-14,2021-09-05
544,سباقر,سيمان باقران,445,1029557,18202819284,17985,18016,17520,-465,-2.59,17680,-305,-1.7,17446,18016,1400-6-14,2021-09-05
545,غشصفا,شيرپاستوريزه‌پگاه‌اصفهان‌,436,747383,25417540230,32930,35000,33800,870,2.64,34010,1080,3.28,33500,35000,1400-6-14,2021-09-05
546,فلات,گروه صنايع معادن فلات ايرانيان,436,2033208,27188402372,13057,13447,13448,391,2.99,13372,315,2.41,13000,13448,1400-6-14,2021-09-05
547,غپآذر,شير پگاه آذربايجان شرقي,434,327777,16510238787,50864,52998,50180,-684,-1.34,50370,-494,-0.97,48520,52998,1400-6-14,2021-09-05
548,شراز,پالايش نفت شيراز,432,451588,56369923392,125357,129350,124500,-857,-0.68,124826,-531,-0.42,122500,129350,1400-6-14,2021-09-05
549,فن آوا,گروه فن آوا,431,1901075,50685474460,25445,26700,26717,1272,5,26661,1216,4.78,26007,26717,1400-6-14,2021-09-05
550,كيان2,صندوق س. با درآمد ثابت كيان,430,43000000,43000000,30350,1,1,-30349,-100,1,-30349,-100,1,1,1400-6-14,2021-09-05
551,كشرق,صنعتي و معدني شمال شرق شاهرود,428,693928,49795158049,69324,69714,72790,3466,5,71758,2434,3.51,66701,72790,1400-6-14,2021-09-05
552,دابورح,ح . داروسازي‌ ابوريحان‌,427,694141,18065919270,25280,26140,26520,1240,4.91,26030,750,2.97,24830,26800,1400-6-14,2021-09-05
553,سبجنو,سيمان‌ بجنورد,427,532156,26388881470,50240,50280,48900,-1340,-2.67,49590,-650,-1.29,48010,52000,1400-6-14,2021-09-05
554,دفرا,فرآورده‌هاي‌ تزريقي‌ ايران‌,426,653610,22891692430,34930,36670,35780,850,2.43,35020,90,0.26,34000,36670,1400-6-14,2021-09-05
555,وارس,سرمايه گذاري ارس صبا,419,1351360,18355068339,13430,13250,13593,163,1.21,13583,153,1.14,13250,13789,1400-6-14,2021-09-05
556,كفرا,فراورده‌ هاي‌ نسوزايران‌,413,726223,21083499750,28620,29140,29160,540,1.89,29030,410,1.43,28600,29390,1400-6-14,2021-09-05
557,وبشهر,توسعه‌ صنايع‌ بهشهر(هلدينگ,399,2014664,28178772400,13930,13600,13950,20,0.14,13960,30,0.22,13600,14200,1400-6-14,2021-09-05
558,كقزوي,شيشه‌ قزوين‌,397,2646224,22332604747,8454,8332,8402,-52,-0.62,8439,-15,-0.18,8332,8590,1400-6-14,2021-09-05
559,شسپا,نفت سپاهان,396,27146826,93385081440,3277,3440,3440,163,4.97,3440,163,4.97,3440,3440,1400-6-14,2021-09-05
560,خپويش,سازه‌ پويش‌,386,406338,28451843460,66970,69000,70310,3340,4.99,70020,3050,4.55,67510,70310,1400-6-14,2021-09-05
561,واحصا,احياء صنايع خراسان,373,494200,21673895055,43160,42879,44305,1145,2.65,43857,697,1.61,41867,44400,1400-6-14,2021-09-05
562,سجام,مجتمع سيمان غرب آسيا,371,3796944,18735877777,5051,5000,4901,-150,-2.97,4934,-117,-2.32,4900,5130,1400-6-14,2021-09-05
563,عيار,صندوق سكه طلاي مفيد,367,567171,17348081034,30336,30329,30600,264,0.87,30587,251,0.83,30251,30800,1400-6-14,2021-09-05
564,فولاي,صنايع فولاد آلياژي يزد,366,1552258,40211243490,24672,25905,25905,1233,5,25905,1233,5,25905,25905,1400-6-14,2021-09-05
565,درازك,دارويي‌ رازك‌,361,451374,20518397690,44780,44310,45590,810,1.81,45460,680,1.52,44310,45900,1400-6-14,2021-09-05
566,بخاور,بيمه زندگي خاورميانه,355,2176552,14043821947,6475,6210,6495,20,0.31,6453,-22,-0.34,6210,6570,1400-6-14,2021-09-05
567,دپارس,پارس‌ دارو,355,289474,11406824590,40470,39700,39860,-610,-1.51,39660,-810,-2,38460,40500,1400-6-14,2021-09-05
568,وآفري,بيمه كارآفرين,354,7607825,24586350210,3190,3140,3285,95,2.98,3232,42,1.32,3095,3285,1400-6-14,2021-09-05
569,كارين,صندوق س نگين سامان-ثابت,352,14004676,141184758440,10076,10079,10079,3,0.03,10081,5,0.05,10079,10082,1400-6-14,2021-09-05
570,سفانو,سيمان فارس نو,348,465934,14331008890,30610,31890,30450,-160,-0.52,30750,140,0.46,30310,31890,1400-6-14,2021-09-05
571,معيار ,سرمايه گذاري معيار صنعت پارس,347,301844,14752382703,48843,49000,49000,157,0.32,48874,31,0.06,47410,49960,1400-6-14,2021-09-05
572,حخزر,كشتيراني درياي خزر,345,698179,17613156338,24814,25555,25480,666,2.68,25227,413,1.66,24500,25555,1400-6-14,2021-09-05
573,وبرق,س.کارکنان صنعت برق زنجان وقزوي,344,1262547,129893360454,99886,102882,102882,2996,3,102882,2996,3,102882,102882,1400-6-14,2021-09-05
574,قشكر,شكرشاهرود,341,10580047,41770025556,3760,3948,3948,188,5,3948,188,5,3948,3948,1400-6-14,2021-09-05
575,اعتلا,شركت سرمايه گذاري اعتلاء البرز,336,5706972,47696081544,7962,8350,8360,398,5,8358,396,4.97,8120,8360,1400-6-14,2021-09-05
576,ولتجار,واسپاري تجارت وسرمايه ايرانيان,336,4179561,14667143322,3485,3588,3450,-35,-1,3509,24,0.69,3422,3589,1400-6-14,2021-09-05
577,خصدرا,صنعتي‌ دريايي‌ ايران‌,329,7690826,25571996450,3229,3325,3325,96,2.97,3299,70,2.17,3325,3325,1400-6-14,2021-09-05
578,شكبير,پتروشيمي اميركبير,323,349409,34157704568,99061,99990,98350,-711,-0.72,98613,-448,-0.45,96400,99990,1400-6-14,2021-09-05
579,قزوين,كارخانجات‌ قند قزوين‌,322,370180,13190342390,36920,36220,35200,-1720,-4.66,35720,-1200,-3.25,35080,36490,1400-6-14,2021-09-05
580,كي بي سي,شركت كي بي سي,315,516770,13870774485,27185,26200,26800,-385,-1.42,26862,-323,-1.19,26000,27620,1400-6-14,2021-09-05
581,شرنگي,شيميايي رنگين,309,69449,14023336125,203732,209843,199990,-3742,-1.84,201923,-1809,-0.89,197621,209843,1400-6-14,2021-09-05
582,سپر,صندوق س سپر سرمايه بيدار- ثابت,300,7214100,91477576115,12674,12683,12681,7,0.06,12680,6,0.05,12675,12683,1400-6-14,2021-09-05
583,فيروزه,صندوق شاخص30 شركت فيروزه- سهام,300,111026,20293316470,182640,181000,184310,1670,0.91,182780,140,0.08,180810,184450,1400-6-14,2021-09-05
584,گنگين,اقتصادي نگين گردشگري ايرانيان,297,1313180,32164270450,24663,24700,24650,-13,-0.05,24493,-170,-0.69,23961,24860,1400-6-14,2021-09-05
585,دسينا,داروسازي‌ سينا,297,829458,19395487890,23680,23550,23740,60,0.25,23380,-300,-1.27,22680,24000,1400-6-14,2021-09-05
586,كاسپين,داروسازي كاسپين تامين,297,530079,12720616057,23831,23970,24100,269,1.13,23967,136,0.57,23078,24380,1400-6-14,2021-09-05
587,آكورد,صندوق س. آرمان آتي كوثر-د,297,3393936,115290958388,33949,33969,33976,27,0.08,33970,21,0.06,33969,33976,1400-6-14,2021-09-05
588,دسبحا,گروه دارويي سبحان,296,1072006,19337206880,17930,17640,18250,320,1.78,18020,90,0.5,17640,18250,1400-6-14,2021-09-05
589,تكنار,مجتمع معادن مس تكنار,294,84324,7873289077,94525,93000,92700,-1825,-1.93,93624,-901,-0.95,92500,96090,1400-6-14,2021-09-05
590,زر,صندوق س.پشتوانه سكه طلاي زر,293,242140,12783832955,51761,51900,52905,1144,2.21,52795,1034,2,51500,53445,1400-6-14,2021-09-05
591,فكمند,گسترش قطعه سازي كمند,290,1312782,42104533806,32982,33880,31993,-989,-3,32073,-909,-2.76,31993,33880,1400-6-14,2021-09-05
592,پارسيان,بيمه پارسيان,287,4869010,60639695750,11990,11780,12580,590,4.92,12450,460,3.84,11750,12580,1400-6-14,2021-09-05
593,تماوند,تامين سرمايه دماوند,260,6530868,45691321343,6795,6998,6998,203,2.99,6996,201,2.96,6796,6998,1400-6-14,2021-09-05
594,پارتا,مجتمع‌صنعتي‌آرتاويل‌تاير,260,408379,11652481194,28091,27800,28390,299,1.06,28296,205,0.73,27800,28900,1400-6-14,2021-09-05
595,مارون,پتروشيمي مارون,260,95822,17847352233,188695,189001,185500,-3195,-1.69,188254,-441,-0.23,184003,189001,1400-6-14,2021-09-05
596,وايرا,سرمايه گذاري صنايع ايران,259,2359406,18001162542,7426,7597,7648,222,2.99,7630,204,2.75,7461,7648,1400-6-14,2021-09-05
597,كخاك,صنايع‌خاك‌چيني‌ايران‌,257,488021,18541948330,37230,37100,37700,470,1.26,37850,620,1.67,37100,38490,1400-6-14,2021-09-05
598,خراسان,پتروشيمي خراسان,257,244891,20781232070,84430,85200,84890,460,0.54,84580,150,0.18,84430,85850,1400-6-14,2021-09-05
599,تصميم,صندوق س با درآمد ثابت تصميم,255,2815191,48708446654,17296,17305,17298,2,0.01,17302,6,0.03,17298,17316,1400-6-14,2021-09-05
600,گوهر,صندوق سكه طلاي كيان,253,437504,26446512719,59906,61000,60470,564,0.94,60449,543,0.91,59770,61000,1400-6-14,2021-09-05
601,اخزا910,اسنادخزانه-م10بودجه99-020807,243,579636,378900019231,652678,651011,657000,4322,0.66,653686,1008,0.15,651011,657000,1400-6-14,2021-09-05
602,آساس,صندوق س.آسمان آرماني سهام-س,235,58032,11337146521,197349,197100,196280,-1069,-0.54,195360,-1989,-1.01,193420,197100,1400-6-14,2021-09-05
603,سنوين,سرمايه گذاري اقتصاد نوين,234,1975109,16095140960,7942,8180,8180,238,3,8149,207,2.61,7901,8180,1400-6-14,2021-09-05
604,تسه0005,امتيازتسهيلات مسكن مرداد 1400,233,4596,2799823289,583553,590000,612730,29177,5,609187,25634,4.39,590000,612730,1400-6-14,2021-09-05
605,خاتم,صندوق س خاتم ايساتيس پويا-ثابت,221,3541349,42352630873,11951,11963,11960,9,0.08,11959,8,0.07,11956,11963,1400-6-14,2021-09-05
606,شاملا,معدني‌ املاح‌  ايران‌,220,277850,11700730030,43200,44350,42250,-950,-2.2,42360,-840,-1.94,41470,44350,1400-6-14,2021-09-05
607,وسرمد,بيمه  سرمد,220,2320961,11667766335,4977,5099,5040,63,1.27,5027,50,1,4889,5099,1400-6-14,2021-09-05
608,تسه0004,امتيازتسهيلات مسكن تير1400,218,19256,11081241660,577344,600000,570000,-7344,-1.27,575470,-1874,-0.32,567000,606211,1400-6-14,2021-09-05
609,زنجان,صنايع كشاورزي وكود زنجان,214,2304343,15487489303,6401,6721,6721,320,5,6721,320,5,6721,6721,1400-6-14,2021-09-05
610,آساميد,صندوق س.مشترك آسمان اميد -د,213,5956452,76839949980,12895,12900,12906,11,0.09,12900,5,0.04,12899,12906,1400-6-14,2021-09-05
611,ضخود7078,اختيارخ خودرو-3500-1400/07/07,207,9674,40992000,4,5,5,1,25,4,0,0,3,5,1400-6-14,2021-09-05
612,دسانكوح,ح . داروسازي سبحان انكولوژي,207,729458,8318767152,10902,10710,11447,545,5,11404,502,4.6,10710,11447,1400-6-14,2021-09-05
613,فردا,صندوق س آواي فرداي زاگرس-ثابت,207,7352466,83556927788,11359,11365,11365,6,0.05,11364,5,0.04,11364,11366,1400-6-14,2021-09-05
614,تپولا,مهندسي مرآت پولاد,202,709570,16857773591,23371,23102,24072,701,3,23758,387,1.66,23102,24072,1400-6-14,2021-09-05
615,قپيرا,فرآورده‌هاي‌غدايي‌وقندپيرانشهر,200,576114,4646197760,7940,7940,8170,230,2.9,7980,40,0.5,7860,8180,1400-6-14,2021-09-05
616,لكما,كارخانجات‌مخابراتي‌ايران‌,199,3827736,6897580272,1750,1802,1802,52,2.97,1784,34,1.94,1802,1802,1400-6-14,2021-09-05
617,اخزا902,اسنادخزانه-م2بودجه99-011019,198,418873,322818611777,770269,766001,771880,1611,0.21,770684,415,0.05,766001,774000,1400-6-14,2021-09-05
618,غپونه,نوش پونه مشهد,196,799699,13891768114,17112,17288,17625,513,3,17371,259,1.51,17000,17625,1400-6-14,2021-09-05
619,وبازار,صندوق س شاخصي بازارآشنا,195,910329,12161738080,13640,13310,13320,-320,-2.35,13360,-280,-2.05,13040,13500,1400-6-14,2021-09-05
620,وزمين,بانك ايران زمين,193,1117172,14506003023,12996,13000,13000,4,0.03,12988,-8,-0.06,12800,13400,1400-6-14,2021-09-05
621,دشيري,شيرين دارو,190,56447,11040539510,201253,197350,195230,-6023,-2.99,195591,-5662,-2.81,195216,200960,1400-6-14,2021-09-05
622,شستان,پتروشيمي گلستان,187,2065740,6915425680,3413,3345,3350,-63,-1.85,3348,-65,-1.9,3345,3398,1400-6-14,2021-09-05
623,ساروج,بين المللي ساروج بوشهر,183,260819,5044039066,19703,19309,19233,-470,-2.39,19526,-177,-0.9,19120,19880,1400-6-14,2021-09-05
624,وپخشح,ح . داروپخش‌ (هلدينگ‌,176,412863,13195077610,32460,30170,31770,-690,-2.13,31960,-500,-1.54,30170,32990,1400-6-14,2021-09-05
625,اخزا901,اسنادخزانه-م1بودجه99-010621,173,247202,202740782625,819672,817111,819500,-172,-0.02,820142,470,0.06,817001,823000,1400-6-14,2021-09-05
626,زرين,صندوق س. سهام زرين كوروش-س,170,500937,6895868863,13905,13700,13837,-68,-0.49,13766,-139,-1,13520,13910,1400-6-14,2021-09-05
627,وتوس,توسعه‌شهري‌توس‌گستر,165,282580,4947975800,16680,17510,17510,830,4.98,16930,250,1.5,17510,17510,1400-6-14,2021-09-05
628,ضسپا8044,اختيارخ خساپا-2500-1400/08/26,164,6992,1299143000,185,177,180,-5,-2.7,186,1,0.54,175,200,1400-6-14,2021-09-05
629,كنور,توسعه معدني و صنعتي صبانور,163,4283031,75167194050,16720,17550,17550,830,4.96,17420,700,4.19,17550,17550,1400-6-14,2021-09-05
630,اخزا909,اسنادخزانه-م9بودجه99-020316,154,650037,460197694162,707678,708031,710000,2322,0.33,707956,278,0.04,706086,711000,1400-6-14,2021-09-05
631,وامين,س. امين توان آفرين ساز,150,438709,5671593133,12924,12924,12924,0,0,12924,0,0,12924,13000,1400-6-14,2021-09-05
632,ضسپا8046,اختيارخ خساپا-3500-1400/08/26,147,11094,556728000,55,50,50,-5,-9.09,50,-5,-9.09,50,55,1400-6-14,2021-09-05
633,آرمان,بيمه آرمان,145,835821,6051693659,7240,7397,7201,-39,-0.54,7240,0,0,7024,7397,1400-6-14,2021-09-05
634,الماس,صندوق س.امين تدبيرگران فردا-س,141,46859,6473963966,140430,140000,139997,-433,-0.31,138158,-2272,-1.62,126400,141997,1400-6-14,2021-09-05
635,اخزا903,اسنادخزانه-م3بودجه99-011110,141,230138,175405853754,761883,761000,762000,117,0.02,762177,294,0.04,759704,765500,1400-6-14,2021-09-05
636,وحكمت,بيمه حكمت صبا,140,2744534,11222399526,3970,4089,4089,119,3,4089,119,3,4089,4089,1400-6-14,2021-09-05
637,سپاس,صندوق س. پاداش سهامداري-ثابت,138,3018992,30695938829,10159,10165,10168,9,0.09,10168,9,0.09,10164,10168,1400-6-14,2021-09-05
638,تسه0001,امتيازتسهيلات مسكن فروردين1400,134,12254,7035095311,578194,578998,570000,-8194,-1.42,574106,-4088,-0.71,563591,599977,1400-6-14,2021-09-05
639,تسه0002,امتيازتسهيلاتمسكن ارديبهشت1400,130,11613,6711579750,577387,590000,599999,22612,3.92,577937,550,0.1,565000,599999,1400-6-14,2021-09-05
640,تسه0003,امتيازتسهيلات مسكن خرداد1400,129,10849,6228963503,578051,580023,570000,-8051,-1.39,574151,-3900,-0.67,560010,606900,1400-6-14,2021-09-05
641,ارمغان,ص سرمايه گذاري ارمغان ايرانيان,128,3240437,32913823638,10154,10158,10160,6,0.06,10157,3,0.03,10156,10160,1400-6-14,2021-09-05
642,كامياب,صندوق س. كامياب آشنا-د,127,2075054,21423766622,10321,10329,10325,4,0.04,10324,3,0.03,10300,10329,1400-6-14,2021-09-05
643,وكادو,تكادو,122,1145999,25869781426,21917,22574,22574,657,3,22574,657,3,22574,22574,1400-6-14,2021-09-05
644,ضملت8042,اختيارخ وبملت-3934-1400/08/19,119,2448,1546300000,678,600,639,-39,-5.75,632,-46,-6.78,600,700,1400-6-14,2021-09-05
645,اخزا908,اسنادخزانه-م8بودجه99-020606,118,405277,273919595130,675162,673508,678500,3338,0.49,675882,720,0.11,673508,678500,1400-6-14,2021-09-05
646,سكه0012پ04,تمام سكه طرح جديد0012صادرات,115,26600,32146945500,1193699,1199999,1207500,13801,1.16,1208532,14833,1.24,1196500,1212000,1400-6-14,2021-09-05
647,افق ملت,صندوق س در سهام افق ملت,109,19039,3044354780,161310,159500,159630,-1680,-1.04,159900,-1410,-0.87,159020,160940,1400-6-14,2021-09-05
648,صايند,صندوق س. گنجينه آينده روشن-د,108,472700,4732387820,9984,9990,10030,46,0.46,10011,27,0.27,9990,10040,1400-6-14,2021-09-05
649,حرهشا,رهشاد سپاهان (سهامي عام,102,70452,5830842271,80362,82772,82772,2410,3,82618,2256,2.81,77965,82772,1400-6-14,2021-09-05
650,ضملت8043,اختيارخ وبملت-4434-1400/08/19,101,3190,1290052000,453,448,400,-53,-11.7,404,-49,-10.82,381,450,1400-6-14,2021-09-05
651,كهربا,صندوق س.پشتوانه سكه طلا كهربا,100,2315632,24312489936,10460,10460,10510,50,0.48,10499,39,0.37,10460,10539,1400-6-14,2021-09-05
652,ضپاس7030,اختيارخ وپارس-3000-1400/07/28,100,3528,1938752000,395,550,500,105,26.58,550,155,39.24,450,590,1400-6-14,2021-09-05
653,سحرخيز,صندوق س. گروه زعفران سحرخيز,99,226735,2243534525,9995,9908,9861,-134,-1.34,9895,-100,-1,9805,10002,1400-6-14,2021-09-05
654,ضشنا8005,اختيارخ شپنا-12800-1400/08/16,98,1031,2426916000,2631,2401,2391,-240,-9.12,2354,-277,-10.53,2300,2490,1400-6-14,2021-09-05
655,تسه9912,امتياز تسهيلات مسكن اسفند99,98,8985,5178858847,577794,581111,599999,22205,3.84,576389,-1405,-0.24,567500,600000,1400-6-14,2021-09-05
656,نهال,صندوق س. طلاي سرخ نوويرا,98,173124,1717483465,9986,9820,9914,-72,-0.72,9921,-65,-0.65,9800,10089,1400-6-14,2021-09-05
657,وحافظ,بيمه حافظ,97,330213,3702017943,11678,11211,11211,-467,-4,11316,-362,-3.1,11211,11211,1400-6-14,2021-09-05
658,فيروزا,صندوق بادرآمد ثابت فيروزه آسيا,97,199412,4968705316,24883,24901,24923,40,0.16,24917,34,0.14,24900,24944,1400-6-14,2021-09-05
659,كپرور,فرآوري زغال سنگ پروده طبس,93,400055,16656689980,39654,41636,41636,1982,5,41636,1982,5,41636,41636,1400-6-14,2021-09-05
660,آتيمس,صندوق س.آرمان آتيه درخشان مس-س,93,24525,5350259025,219908,218150,218300,-1608,-0.73,218155,-1753,-0.8,217333,219500,1400-6-14,2021-09-05
661,ضملي7004,اختيارخ فملي-13720-1400/07/11,90,1798,2118215000,1354,1150,1200,-154,-11.37,1178,-176,-13,1131,1221,1400-6-14,2021-09-05
662,اخزا911,اسنادخزانه-م11بودجه99-020906,89,395403,254577193372,643103,643103,644000,897,0.14,643842,739,0.11,642545,646000,1400-6-14,2021-09-05
663,كحافظ,كاشي‌ وسراميك‌ حافظ‌,89,724977,3317494752,4359,4576,4576,217,4.98,4403,44,1.01,4576,4576,1400-6-14,2021-09-05
664,اخزا914,اسنادخزانه-م14بودجه99-021025,84,371593,232720805963,625278,626999,627000,1722,0.28,626279,1001,0.16,625252,627000,1400-6-14,2021-09-05
665,دارا,صندوق س. دارا الگوريتم-د,84,931664,9332874688,10010,10035,10011,1,0.01,10017,7,0.07,10002,10035,1400-6-14,2021-09-05
666,تپكو,توليدتجهيزات‌سنگين‌هپكو,82,642510,3318564150,5270,5165,5165,-105,-1.99,5262,-8,-0.15,5165,5165,1400-6-14,2021-09-05
667,وتعاون,بيمه  تعاون,80,3927329,9354897678,2313,2382,2382,69,2.98,2374,61,2.64,2382,2382,1400-6-14,2021-09-05
668,خمحور,توليدمحورخودرو,74,5572138,18605368782,3180,3339,3339,159,5,3339,159,5,3339,3339,1400-6-14,2021-09-05
669,سكه0112پ03,تمام سكه طرح جديد0112سامان,72,13400,16157852300,1194761,1199999,1208000,13239,1.11,1205810,11049,0.92,1194002,1219600,1400-6-14,2021-09-05
670,ضخود7074,اختيارخ خودرو-1800-1400/07/07,72,2660,1403930000,500,509,510,10,2,528,28,5.6,500,589,1400-6-14,2021-09-05
671,تسه9806,امتياز تسهيلات مسكن شهريور98,70,1500,830409834,570673,560000,542140,-28533,-5,553607,-17066,-2.99,542140,579000,1400-6-14,2021-09-05
672,اخزا006,اسنادخزانه-م6بودجه00-030723,69,493224,267370432546,540524,540300,542880,2356,0.44,542087,1563,0.29,540300,543000,1400-6-14,2021-09-05
673,وشمال,س. چشم انداز توسعه شمال,68,93767,7338017886,82376,78258,78258,-4118,-5,79194,-3182,-3.86,78258,78258,1400-6-14,2021-09-05
674,ضصاد8033,اختيارخ وبصادر-2489-1400/08/12,63,1908,784223000,412,398,400,-12,-2.91,411,-1,-0.24,369,448,1400-6-14,2021-09-05
675,لخانه,لوازم‌ خانگي‌ پارس‌,62,396916,9493833804,23223,23919,23919,696,3,23848,625,2.69,23919,23919,1400-6-14,2021-09-05
676,خبازرس,بازرسي مهندسي و صنعتي ايران,60,344868,10259478132,28883,29749,29749,866,3,29705,822,2.85,29749,29749,1400-6-14,2021-09-05
677,سكه0011پ02,تمام سكه طرح جديد0011ملت,57,9500,11457975600,1195046,1189203,1211900,16854,1.41,1206103,11057,0.93,1189203,1215000,1400-6-14,2021-09-05
678,ضپال2007,اختيارخ اپال-32000-1401/02/12,56,1083,1398561000,1320,1261,1280,-40,-3.03,1291,-29,-2.2,1240,1320,1400-6-14,2021-09-05
679,كصدف,كاشي صدف سرام استقلال آباده,52,219764,5068856660,22394,23065,23065,671,3,22709,315,1.41,23065,23065,1400-6-14,2021-09-05
680,ضسپا8043,اختيارخ خساپا-2000-1400/08/26,51,611,226461000,361,370,389,28,7.76,371,10,2.77,350,400,1400-6-14,2021-09-05
681,ضملي7003,اختيارخ فملي-11720-1400/07/11,48,634,1699292000,2816,2811,2600,-216,-7.67,2680,-136,-4.83,2500,2812,1400-6-14,2021-09-05
682,سكه0111پ05,تمام سكه طرح جديد0111آينده,48,35200,42543830100,1194632,1207800,1206000,11368,0.95,1208631,13999,1.17,1203000,1212000,1400-6-14,2021-09-05
683,ضپاس7029,اختيارخ وپارس-2500-1400/07/28,47,804,725789000,768,835,960,192,25,903,135,17.58,835,980,1400-6-14,2021-09-05
684,پلاست,كارخانجات توليدي پلاستيران,47,97912,5452033896,54062,55683,55683,1621,3,54906,844,1.56,55683,55683,1400-6-14,2021-09-05
685,ثروتم,صندوق س. ثروت آفرين پارسيان-س,47,30450,2857192080,94338,94338,94579,241,0.26,93832,-506,-0.54,93000,94690,1400-6-14,2021-09-05
686,قنقش,قند نقش جهان,46,73010,4901380330,65817,67133,67133,1316,2,67058,1241,1.89,67133,67133,1400-6-14,2021-09-05
687,اخزا004,اسنادخزانه-م4بودجه00-030522,44,225059,126115318252,560852,560000,560010,-842,-0.15,560366,-486,-0.09,560000,561000,1400-6-14,2021-09-05
688,اوصتا,صندوق انديشه ورزان صباتامين -د,44,422426,8346733544,19748,19758,19760,12,0.06,19759,11,0.06,19758,19760,1400-6-14,2021-09-05
689,دقاضي,داروسازي شهيد قاضي,44,321719,12205697141,36834,37939,37939,1105,3,37880,1046,2.84,37939,37939,1400-6-14,2021-09-05
690,داراب,پتروشيمي داراب,42,329930,729805160,2328,2212,2212,-116,-4.98,2319,-9,-0.39,2212,2212,1400-6-14,2021-09-05
691,گوهر2,صندوق سكه طلاي كيان,40,400000,400000,59906,1,1,-59905,-100,1,-59905,-100,1,1,1400-6-14,2021-09-05
692,كرمان03,مرابحه كرمان موتور14030614,40,3500000,3500000000000,1000000,1000000,1000000,0,0,1000000,0,0,1000000,1000000,1400-6-14,2021-09-05
693,ضسپا8041,اختيارخ خساپا-1600-1400/08/26,39,720,449821000,599,600,630,31,5.18,625,26,4.34,559,650,1400-6-14,2021-09-05
694,اخزا001,اسنادخزانه-م1بودجه00-030821,37,250358,133231489184,530416,530020,535000,4584,0.86,532164,1748,0.33,530010,535000,1400-6-14,2021-09-05
695,اخزا905,اسنادخزانه-م5بودجه99-020218,36,189710,136370288417,718402,718416,719999,1597,0.22,718835,433,0.06,718000,720000,1400-6-14,2021-09-05
696,صنوين,صندوق سرمايه‌گذاري صنوين-مختلط,36,5008,535150370,108100,106800,106900,-1200,-1.11,106860,-1240,-1.15,106320,108000,1400-6-14,2021-09-05
697,اطلس2,صندوق س.توسعه اندوخته آينده-س,35,350000,350000,278549,1,1,-278548,-100,1,-278548,-100,1,1,1400-6-14,2021-09-05
698,اخزا904,اسنادخزانه-م4بودجه99-011215,34,134773,100423156366,745413,744630,746000,587,0.08,745128,-285,-0.04,744600,748950,1400-6-14,2021-09-05
699,ضجار7040,اختيارخ وتجارت-2497-1400/07/21,33,916,352061000,383,350,390,7,1.83,384,1,0.26,350,400,1400-6-14,2021-09-05
700,ثنام,س ساختماني ب نام آوران مهندسي,32,187558,2788612344,15327,14868,14868,-459,-2.99,15195,-132,-0.86,14868,14868,1400-6-14,2021-09-05
701,قيستو,شركت قند بيستون,30,295578,5211631296,17287,17632,17632,345,2,17632,345,2,17632,17632,1400-6-14,2021-09-05
702,تسه9902,امتياز تسهيلات مسكن ارديبهشت99,29,886,522590193,579423,577000,569999,-9424,-1.63,589831,10408,1.8,551005,608394,1400-6-14,2021-09-05
703,شساخت,مهندسي و ساختمان صنايع نفت,29,20336,912191616,46243,44856,44856,-1387,-3,46215,-28,-0.06,44856,44856,1400-6-14,2021-09-05
704,تسه9909,امتياز تسهيلات مسكن آذر99,28,598,349621079,579534,570000,570000,-9534,-1.65,584651,5117,0.88,570000,600000,1400-6-14,2021-09-05
705,فردا2,صندوق س آواي فرداي زاگرس-ثابت,27,2700000,2700000,11359,1,1,-11358,-99.99,1,-11358,-99.99,1,1,1400-6-14,2021-09-05
706,ضخود7080,اختيارخ خودرو-4500-1400/07/07,26,1438,3818000,3,4,5,2,66.67,3,0,0,2,5,1400-6-14,2021-09-05
707,داريك,صندوق س.اعتماد داريك-د,26,273076,3116755362,11407,11413,11414,7,0.06,11414,7,0.06,11413,11415,1400-6-14,2021-09-05
708,ضملت8041,اختيارخ وبملت-3434-1400/08/19,26,613,580920000,1018,990,960,-58,-5.7,948,-70,-6.88,925,990,1400-6-14,2021-09-05
709,اخزا907,اسنادخزانه-م7بودجه99-020704,25,106693,71270274000,667902,668000,668000,98,0.01,667994,92,0.01,667500,668000,1400-6-14,2021-09-05
710,ثهام,صندوق س ثروت هامرز-سهام,25,101385,1227045290,12134,12050,12179,45,0.37,12103,-31,-0.26,12020,12179,1400-6-14,2021-09-05
711,وتعاونح,ح . بيمه  تعاون,24,391960,502884680,1322,1283,1283,-39,-2.95,1283,-39,-2.95,1283,1283,1400-6-14,2021-09-05
712,گنجين,صندوق س. گنجينه يكم آويد-د,24,188652,2568447973,13611,13623,13612,1,0.01,13615,4,0.03,13612,13623,1400-6-14,2021-09-05
713,فنرژي,گسترش صنايع انرژي آذرآب,23,52070,781414490,15313,15007,15007,-306,-2,15264,-49,-0.32,15007,15007,1400-6-14,2021-09-05
714,تسه9908,امتياز تسهيلات مسكن آبان99,23,475,281204498,575648,570000,595000,19352,3.36,592009,16361,2.84,560055,604430,1400-6-14,2021-09-05
715,عيار2,صندوق سكه طلاي مفيد,23,230000,230000,30336,1,1,-30335,-100,1,-30335,-100,1,1,1400-6-14,2021-09-05
716,اخزا815,اسنادخزانه-م15بودجه98-010406,23,67304,57466938040,858397,853500,854000,-4397,-0.51,853841,-4556,-0.53,853026,854000,1400-6-14,2021-09-05
717,آسام,صندوق س.آرمان سپهر آشنا-م,22,10330,1346947950,130326,130390,130360,34,0.03,130392,66,0.05,130355,130400,1400-6-14,2021-09-05
718,ضشنا8004,اختيارخ شپنا-10800-1400/08/16,22,175,643862000,3519,3750,3810,291,8.27,3679,160,4.55,3526,3810,1400-6-14,2021-09-05
719,تسه9910,امتياز تسهيلات مسكن دي99,22,434,254115307,581647,570000,565000,-16647,-2.86,585519,3872,0.67,565000,609000,1400-6-14,2021-09-05
720,اخزا808,اسنادخزانه-م8بودجه98-000817,21,31634,30573019960,965634,963013,969999,4365,0.45,966461,827,0.09,963013,970000,1400-6-14,2021-09-05
721,وسقم,شركت س استان قم,21,272728,356455496,1375,1307,1307,-68,-4.95,1374,-1,-0.07,1307,1307,1400-6-14,2021-09-05
722,تسه9812,امتياز تسهيلات مسكن اسفند98,21,1126,652938655,594963,565215,597999,3036,0.51,579874,-15089,-2.54,565215,597999,1400-6-14,2021-09-05
723,كامياب2,صندوق س. كامياب آشنا-د,20,2000000,2000000,10321,1,1,-10320,-99.99,1,-10320,-99.99,1,1,1400-6-14,2021-09-05
724,كيا,كيا الكترود شرق,20,1000000,7400000000,7400,7400,7400,0,0,7400,0,0,7400,7400,1400-6-14,2021-09-05
725,تسه9810,امتياز تسهيلات مسكن دي98,20,449,261421315,592387,584000,576000,-16387,-2.77,582230,-10157,-1.71,576000,595000,1400-6-14,2021-09-05
726,آكورد2,صندوق س. آرمان آتي كوثر-د,20,2000000,2000000,33949,1,1,-33948,-100,1,-33948,-100,1,1,1400-6-14,2021-09-05
727,اخزا721,اسنادخزانه-م21بودجه97-000728,19,78424,76676283418,976046,976001,977700,1654,0.17,977714,1668,0.17,976000,978000,1400-6-14,2021-09-05
728,پادا,صندوق س.پاداش سرمايه پارس-س,19,8446,1032354900,122913,123000,123000,87,0.07,122230,-683,-0.56,121500,123000,1400-6-14,2021-09-05
729,تسه9903,امتياز تسهيلات مسكن خرداد99,19,659,378731493,576544,572222,560162,-16382,-2.84,574706,-1838,-0.32,560162,605370,1400-6-14,2021-09-05
730,ثاژن,سخت آژند,19,62112,544225344,9127,8762,8762,-365,-4,9086,-41,-0.45,8762,8762,1400-6-14,2021-09-05
731,تسه9911,امتياز تسهيلات مسكن بهمن99,19,244,145957379,580782,580100,599998,19216,3.31,598186,17404,3,580100,599999,1400-6-14,2021-09-05
732,بذر,صندوق س بذر اميد آفرين-سهام,18,1653,186864400,114670,114160,113990,-680,-0.59,113050,-1620,-1.41,111930,114600,1400-6-14,2021-09-05
733,سحرخيز2,صندوق س. گروه زعفران سحرخيز,18,1800000,1800000,9995,1,1,-9994,-99.99,1,-9994,-99.99,1,1,1400-6-14,2021-09-05
734,تسه9906,امتياز تسهيلات مسكن شهريور99,18,205,120337022,578732,564255,600000,21268,3.67,587010,8278,1.43,564255,607668,1400-6-14,2021-09-05
735,ضخود7072,اختيارخ خودرو-1400-1400/07/07,17,100,94820000,889,832,905,16,1.8,948,59,6.64,905,1049,1400-6-14,2021-09-05
736,اخزا821,اسنادخزانه-م21بودجه98-020906,17,13336,8600613820,645084,640557,645084,0,0,644917,-167,-0.03,640557,645084,1400-6-14,2021-09-05
737,تملي705,تسهيلات مسكن ب. ملي-مرداد97,17,291,230291100,763941,802138,802138,38197,5,791378,27437,3.59,725744,802138,1400-6-14,2021-09-05
738,تسه9809,امتياز تسهيلات مسكن آذر98,16,323,188711696,584957,580170,590888,5931,1.01,584247,-710,-0.12,580166,590888,1400-6-14,2021-09-05
739,تسه9808,امتياز تسهيلات مسكن آبان98,16,322,189720120,584847,590000,590000,5153,0.88,589193,4346,0.74,583000,590000,1400-6-14,2021-09-05
740,ضذوب905,اختيارخ ذوب-5000-14000917,16,212,137537000,622,948,629,7,1.13,649,27,4.34,601,948,1400-6-14,2021-09-05
741,تسه9807,امتياز تسهيلات مسكن مهر98,15,312,181536350,582868,580000,587000,4132,0.71,581847,-1021,-0.18,580000,587000,1400-6-14,2021-09-05
742,تسه9904,امتياز تسهيلات مسكن تير99,15,148,85718748,576856,570000,587767,10911,1.89,579181,2325,0.4,564989,587767,1400-6-14,2021-09-05
743,دمعيار,صندوق س. توازن معيار-د,15,419223,4221610610,10065,10070,10075,10,0.1,10070,5,0.05,10070,10075,1400-6-14,2021-09-05
744,اخزا814,اسنادخزانه-م14بودجه98-010318,15,24596,21241732236,863170,863000,863201,31,0,863625,455,0.05,862556,864000,1400-6-14,2021-09-05
745,تسه9905,امتياز تسهيلات مسكن مرداد99,14,795,457080040,584184,572225,565000,-19184,-3.28,574943,-9241,-1.58,565000,580060,1400-6-14,2021-09-05
746,تسه9901,امتياز تسهيلات مسكن فروردين99,14,145,84874098,573502,565555,602177,28675,5,585339,11837,2.06,565555,602177,1400-6-14,2021-09-05
747,ضشنا8006,اختيارخ شپنا-14800-1400/08/16,14,59,84083000,1733,1300,1598,-135,-7.79,1425,-308,-17.77,1300,1598,1400-6-14,2021-09-05
748,ضملي7005,اختيارخ فملي-15720-1400/07/11,14,157,91720000,496,600,550,54,10.89,584,88,17.74,500,600,1400-6-14,2021-09-05
749,ضشنا8003,اختيارخ شپنا-8800-1400/08/16,13,122,578751000,5921,3727,5550,-371,-6.27,4744,-1177,-19.88,3727,5550,1400-6-14,2021-09-05
750,ضپال2006,اختيارخ اپال-28000-1401/02/12,13,457,980648000,2245,2003,2599,354,15.77,2146,-99,-4.41,1830,2599,1400-6-14,2021-09-05
751,اخزا817,اسنادخزانه-م17بودجه98-010512,13,18835,15759101784,842009,836196,842000,-9,0,836692,-5317,-0.63,836196,842000,1400-6-14,2021-09-05
752,سايرا,ايرانيت‌,12,4874,178144700,38072,36550,36550,-1522,-4,38016,-56,-0.15,36550,36550,1400-6-14,2021-09-05
753,تسه9811,امتياز تسهيلات مسكن بهمن98,12,140,81283849,580166,571222,590000,9834,1.7,580599,433,0.07,560000,599000,1400-6-14,2021-09-05
754,اخزا809,اسنادخزانه-م9بودجه98-000923,12,3158,2990943594,946948,947000,948000,1052,0.11,947101,153,0.02,942001,948500,1400-6-14,2021-09-05
755,ضملت8044,اختيارخ وبملت-4934-1400/08/19,11,155,32456000,287,266,250,-37,-12.89,209,-78,-27.18,30,266,1400-6-14,2021-09-05
756,سخند,صندوق س.سپهرخبرگان نفت-د,11,126670,1275517700,10030,10098,10060,30,0.3,10070,40,0.4,10050,10098,1400-6-14,2021-09-05
757,خفناور,مهندسي صنعتي روان فن آور,11,15531,694530789,46102,44719,44719,-1383,-3,46003,-99,-0.21,44719,44719,1400-6-14,2021-09-05
758,شكف,كف,11,2308,219516188,99073,95111,95111,-3962,-4,98982,-91,-0.09,95111,95111,1400-6-14,2021-09-05
759,سپيدما2,صندوق س. سپيد دماوند-د,10,100000000,100000000,10989,1,1,-10988,-99.99,1,-10988,-99.99,1,1,1400-6-14,2021-09-05
760,اوصتا2,صندوق انديشه ورزان صباتامين -د,10,50500000,50500000,19748,1,1,-19747,-99.99,1,-19747,-99.99,1,1,1400-6-14,2021-09-05
761,فسديد,لوله‌وتجهيزات‌ سديد - ورشكسته,10,744,79741176,109366,107179,107179,-2187,-2,109324,-42,-0.04,107179,107179,1400-6-14,2021-09-05
762,اخزا812,اسنادخزانه-م12بودجه98-001111,10,22265,20622698630,922744,923222,926000,3256,0.35,926238,3494,0.38,923222,927000,1400-6-14,2021-09-05
763,اخزا820,اسنادخزانه-م20بودجه98-020806,10,49083,32296614350,658446,658000,658001,-445,-0.07,658000,-446,-0.07,658000,658001,1400-6-14,2021-09-05
764,زعف0008پ11,زعفران0008نگين سحرخيز(پ),9,4200,586272100,144679,138890,141000,-3679,-2.54,139589,-5090,-3.52,138880,141000,1400-6-14,2021-09-05
765,ضصاد8034,اختيارخ وبصادر-2989-1400/08/12,9,900,195000000,187,190,250,63,33.69,217,30,16.04,190,250,1400-6-14,2021-09-05
766,ضجار7042,اختيارخ وتجارت-3497-1400/07/21,9,188,7648000,50,98,40,-10,-20,41,-9,-18,39,98,1400-6-14,2021-09-05
767,ثنظام,س. ساختماني نظام مهندسي ايران,9,1356,60869484,46277,44889,44889,-1388,-3,46268,-9,-0.02,44889,44889,1400-6-14,2021-09-05
768,تسه9907,امتياز تسهيلات مسكن مهر99,9,163,96037402,578984,578009,570000,-8984,-1.55,589186,10202,1.76,570000,607000,1400-6-14,2021-09-05
769,اخزا002,اسنادخزانه-م2بودجه00-031024,8,19828,10188673990,503404,510001,515800,12396,2.46,513853,10449,2.08,510001,515800,1400-6-14,2021-09-05
770,ساذري,آذريت‌,8,45173,349096944,7503,7728,7728,225,3,7512,9,0.12,7728,7728,1400-6-14,2021-09-05
771,شتولي,تولي‌پرس‌,8,3625,94739375,26668,26135,26135,-533,-2,26658,-10,-0.04,26135,26135,1400-6-14,2021-09-05
772,اخزا810,اسنادخزانه-م10بودجه98-001006,8,22152,21134595383,939173,940001,940010,837,0.09,954072,14899,1.59,940001,986131,1400-6-14,2021-09-05
773,نگين,ص.س. زمين و ساختمان نگين شهرري,8,2642,135260720,51630,52570,51070,-560,-1.08,51200,-430,-0.83,51060,52570,1400-6-14,2021-09-05
774,ضصاد8031,اختيارخ وبصادر-1789-1400/08/12,8,108,99984000,918,918,948,30,3.27,926,8,0.87,900,948,1400-6-14,2021-09-05
775,ضپنا8001,اختيارخ رمپنا-11850-1400/08/05,8,47,306840000,5208,5300,6500,1292,24.81,6529,1321,25.36,5300,8500,1400-6-14,2021-09-05
776,ضملي7002,اختيارخ فملي-9720-1400/07/11,7,43,170750000,3518,3700,4050,532,15.12,3971,453,12.88,3700,4100,1400-6-14,2021-09-05
777,اراد33,مرابحه عام دولت3-ش.خ 0303,7,1300,1148899900,886364,870001,887900,1536,0.17,883769,-2595,-0.29,870001,887900,1400-6-14,2021-09-05
778,همبين102,اختيارف ت مبين17952-01/02/10,7,12560,12560,1,1,1,0,0,1,0,0,1,1,1400-6-14,2021-09-05
779,زعف0008پ12,زعفران0008پوشالمعمول سحرخيز(پ),7,1200,143093250,119952,120000,113955,-5997,-5,119244,-708,-0.59,113955,120000,1400-6-14,2021-09-05
780,زعف0008پ08,زعفران0008نگين روستا(پ),7,20001,2761518069,143025,138069,138069,-4956,-3.47,138069,-4956,-3.47,138069,138069,1400-6-14,2021-09-05
781,ضسپا8039,اختيارخ خساپا-1200-1400/08/26,7,82,77184000,939,810,1057,118,12.57,941,2,0.21,810,1088,1400-6-14,2021-09-05
782,ضسپا8042,اختيارخ خساپا-1800-1400/08/26,7,530,259000000,461,450,500,39,8.46,489,28,6.07,450,500,1400-6-14,2021-09-05
783,اخزا818,اسنادخزانه-م18بودجه98-010614,7,4496,3699824685,820485,821555,823013,2528,0.31,822915,2430,0.3,821555,823013,1400-6-14,2021-09-05
784,اخزا811,اسنادخزانه-م11بودجه98-001013,7,10534,9886065446,935960,936500,936029,69,0.01,938491,2531,0.27,936029,939999,1400-6-14,2021-09-05
785,ضسپا8040,اختيارخ خساپا-1400-1400/08/26,6,105,82138000,798,779,820,22,2.76,782,-16,-2.01,778,820,1400-6-14,2021-09-05
786,تملي707,تسهيلات مسكن ب. ملي-مهر97,6,58,36123615,635100,610100,666855,31755,5,622821,-12279,-1.93,610100,666855,1400-6-14,2021-09-05
787,اخزا906,اسنادخزانه-م6بودجه99-020321,6,11735,8280771992,709999,707000,710999,1000,0.14,705647,-4352,-0.61,705000,710999,1400-6-14,2021-09-05
788,اخزا807,اسنادخزانه-م7بودجه98-000719,6,3028,2970165421,989466,980900,980900,-8566,-0.87,980900,-8566,-0.87,980900,980903,1400-6-14,2021-09-05
789,سرو2,صندوق س سروسودمند مدبران-سهام,6,600000,600000,86300,1,1,-86299,-100,1,-86299,-100,1,1,1400-6-14,2021-09-05
790,اراد50,مرابحه عام دولت5-ش.خ0302,6,145000,145000145000,1000002,1000001,1000001,-1,0,1000001,-1,0,1000001,1000001,1400-6-14,2021-09-05
791,اخزا723,اسنادخزانه-م23بودجه97-000824,5,922,889063590,962820,958001,967990,5170,0.54,964277,1457,0.15,958001,967990,1400-6-14,2021-09-05
792,اراد61,مرابحه عام دولت61-ش.خ0309,5,100000,100000100000,1000001,1000001,1000001,0,0,1000001,0,0,1000001,1000001,1400-6-14,2021-09-05
793,ضپاس7028,اختيارخ وپارس-2000-1400/07/28,5,11,15426000,1233,1400,1400,167,13.54,1402,169,13.71,1300,1444,1400-6-14,2021-09-05
794,كابگن,توليدي و صنعتي آبگينه‌,5,94000,529314000,5576,5631,5631,55,0.99,5588,12,0.22,5631,5631,1400-6-14,2021-09-05
795,ضجار7041,اختيارخ وتجارت-2997-1400/07/21,5,89,16660000,190,180,170,-20,-10.53,187,-3,-1.58,170,190,1400-6-14,2021-09-05
796,ضفلا7005,اختيارخ فولاد-11013-1400/07/25,5,18,42508640,1860,1550,1800,-60,-3.23,1684,-176,-9.46,1550,1860,1400-6-14,2021-09-05
797,فولاد2,فولاد مباركه اصفهان,5,186199834,2228379998040,12060,12000,11940,-120,-1,11968,-92,-0.76,11880,12060,1400-6-14,2021-09-05
798,ضپاس7031,اختيارخ وپارس-3500-1400/07/28,5,106,38849000,30,399,365,335,1116.67,366,336,1120,365,399,1400-6-14,2021-09-05
799,تملي702,تسهيلات مسكن ب. ملي-ارديبهشت97,5,110,68559150,593586,623265,623265,29679,5,623265,29679,5,623265,623265,1400-6-14,2021-09-05
800,تملي701,تسهيلات مسكن ب. ملي-فروردين97,5,42,35007005,836954,878750,859998,23044,2.75,833500,-3454,-0.41,795107,870000,1400-6-14,2021-09-05
801,طخود7075,اختيارف خودرو-2000-1400/07/07,4,351,9724000,17,24,30,13,76.47,28,11,64.71,24,30,1400-6-14,2021-09-05
802,افران2,صندوق س افرا نماد پايدار-ثابت,4,19000000,19000000,14170,1,1,-14169,-99.99,1,-14169,-99.99,1,1,1400-6-14,2021-09-05
803,ددامح,ح . داروسازي زاگرس فارمد پارس,4,4172,65083200,15600,15600,15600,0,0,15600,0,0,15600,15600,1400-6-14,2021-09-05
804,ضبدر8078,اختيارخ شبندر-5157-1400/08/30,4,35,262304000,1497,1600,1600,103,6.88,1600,103,6.88,1600,1600,1400-6-14,2021-09-05
805,فملي2,ملي‌ صنايع‌ مس‌ ايران‌,4,179200000,2485480000000,14010,13900,13800,-210,-1.5,13870,-140,-1,13800,13900,1400-6-14,2021-09-05
806,سفارود,كارخانه فارسيت درود,4,1847,30721151,16972,16633,16633,-339,-2,16970,-2,-0.01,16633,16633,1400-6-14,2021-09-05
807,ضخود7073,اختيارخ خودرو-1600-1400/07/07,4,175,129004000,676,769,749,73,10.8,737,61,9.02,721,750,1400-6-14,2021-09-05
808,ضذوب900,اختيارخ ذوب-2500-14000917,4,52,109700000,2700,2000,2250,-450,-16.67,2110,-590,-21.85,2000,2250,1400-6-14,2021-09-05
809,ثروت,ص.خ.ثروت آفرين فيروزه 35%تاديه,4,4000,1085891000,284295,260061,305790,21495,7.56,271473,-12822,-4.51,260010,305790,1400-6-14,2021-09-05
810,ضترا8057,اختيارخ شتران-3000-1400/08/09,4,35,203600000,3800,5960,4900,1100,28.95,5817,2017,53.08,4900,5960,1400-6-14,2021-09-05
811,زير0103پ01,زيره سبز0103كيميابذر(پ),3,17,13566000,820000,798000,798000,-22000,-2.68,798000,-22000,-2.68,798000,798000,1400-6-14,2021-09-05
812,ضبدر8077,اختيارخ شبندر-4302-1400/08/30,3,90,969588000,2324,2300,2300,-24,-1.03,2300,-24,-1.03,2300,2300,1400-6-14,2021-09-05
813,فراز2,صندوق س.سهام فراز داريك-س,3,2500000,2500000,14092,1,1,-14091,-99.99,1,-14091,-99.99,1,1,1400-6-14,2021-09-05
814,آسام2,صندوق س.آرمان سپهر آشنا-م,3,300000,300000,130326,1,1,-130325,-100,1,-130325,-100,1,1,1400-6-14,2021-09-05
815,هنوري102,اختيارف ت نوري59561-01/02/15,3,31000,31000,1,1,1,0,0,1,0,0,1,1,1400-6-14,2021-09-05
816,شسم,توليد سموم‌ علف‌ كش,3,1099,110667102,98724,100698,100698,1974,2,98767,43,0.04,100698,100698,1400-6-14,2021-09-05
817,ضشنا8002,اختيارخ شپنا-7800-1400/08/16,3,24,156000000,7800,6500,6500,-1300,-16.67,6500,-1300,-16.67,6500,6500,1400-6-14,2021-09-05
818,صپا ه 25,بار پايه هفته 25صنعتي,3,21300,15549000,750,730,730,-20,-2.67,730,-20,-2.67,730,730,1400-6-14,2021-09-05
819,صگل039,صكوك اجاره گل گهر039-3ماهه20%,3,90,92485000,1000000,1050000,999000,-1000,-0.1,1027611,27611,2.76,999000,1050000,1400-6-14,2021-09-05
820,اخزا816,اسنادخزانه-م16بودجه98-010503,3,181,152046030,840911,840000,842010,1099,0.13,840033,-878,-0.1,840000,842010,1400-6-14,2021-09-05
821,صبا1401,اجاره مهندسي صبا نفت14010225,3,2000,2000000000,1000000,1000000,1000000,0,0,1000000,0,0,1000000,1000000,1400-6-14,2021-09-05
822,شگويات.ف0104,اختيارف.تبعي شگويا010408,3,16000,16000,1,1,1,0,0,1,0,0,1,1,1400-6-14,2021-09-05
823,اراد69,مرابحه عام دولت69-ش.خ0310,2,50000,48500000000,932348,970000,970000,37652,4.04,970000,37652,4.04,970000,970000,1400-6-14,2021-09-05
824,مصفها012,مشاركت ش اصفهان012-3ماهه20%,2,1800,1816636500,1015091,1015091,980000,-35091,-3.46,1009242,-5849,-0.58,980000,1015091,1400-6-14,2021-09-05
825,ضپنا8000,اختيارخ رمپنا-9850-1400/08/05,2,30,217494000,2833,7000,9498,6665,235.26,7250,4417,155.91,7000,9498,1400-6-14,2021-09-05
826,ضفلا7004,اختيارخ فولاد-9586-1400/07/25,2,11,43337222,3158,2811,2810,-348,-11.02,2810,-348,-11.02,2810,2811,1400-6-14,2021-09-05
827,تفيرو,مهندسي فيروزا,2,200,3983200,19150,19916,19916,766,4,19153,3,0.02,19916,19916,1400-6-14,2021-09-05
828,ضپال2000,اختيارخ اپال-12000-1401/02/12,2,5,77750000,13000,15550,15550,2550,19.62,15550,2550,19.62,15550,15550,1400-6-14,2021-09-05
829,خاتم2,صندوق س خاتم ايساتيس پويا-ثابت,2,1200000,1200000,11951,1,1,-11950,-99.99,1,-11950,-99.99,1,1,1400-6-14,2021-09-05
830,اراد834,مرابحه عام دولت83-ش.خ041220,2,16000000,14677176000000,1000000,917352,917295,-82705,-8.27,917323,-82677,-8.27,917295,917352,1400-6-14,2021-09-05
831,سپر2,صندوق س سپر سرمايه بيدار- ثابت,2,92000000,92000000,12674,1,1,-12673,-99.99,1,-12673,-99.99,1,1,1400-6-14,2021-09-05
832,اراد214,مرابحه عام دولت2ش.خ صادرات0212,2,19330000,18397183560000,1000000,951777,951708,-48292,-4.83,951743,-48257,-4.83,951708,951777,1400-6-14,2021-09-05
833,كيش1402,اجاره س. و توسعه كيش14020820,2,1000,1000000000,1000000,1000000,1000000,0,0,1000000,0,0,1000000,1000000,1400-6-14,2021-09-05
834,اراد464,مرابحه عام دولت4-ش.خ 0302,2,2887100,2887100000000,1000000,1000000,1000000,0,0,1000000,0,0,1000000,1000000,1400-6-14,2021-09-05
835,ضغدر8058,اختيارخ وغدير-10000-1400/08/26,2,2,12220000,6110,6110,6110,0,0,6110,0,0,6110,6110,1400-6-14,2021-09-05
836,اخزا813,اسنادخزانه-م13بودجه98-010219,2,1916,1679317178,876682,876470,876471,-211,-0.02,876470,-212,-0.02,876470,876471,1400-6-14,2021-09-05
837,اراد494,مرابحه عام دولت4-ش.خ 0206,2,21424000,20215600704000,939499,943642,943550,4051,0.43,943596,4097,0.44,943550,943642,1400-6-14,2021-09-05
838,اگ001254,گام بانك پارسيان0012,2,200,180400000,894164,900000,904000,9836,1.1,902000,7836,0.88,900000,904000,1400-6-14,2021-09-05
839,زير0103پ04,زيره سبز0103شركت مينوبذر(پ),2,194,143560000,760000,740000,740000,-20000,-2.63,740000,-20000,-2.63,740000,740000,1400-6-14,2021-09-05
840,تاپيكو2,س. نفت و گاز و پتروشيمي تأمين,2,49000000,693350000000,14370,14150,14150,-220,-1.53,14150,-220,-1.53,14150,14150,1400-6-14,2021-09-05
841,تملي711,تسهيلات مسكن ب. ملي-بهمن97,2,20,12162000,640001,608100,608100,-31901,-4.98,608100,-31901,-4.98,608100,608100,1400-6-14,2021-09-05
842,اراد704,مرابحه عام دولت70-ش.خ0112,2,26114000,24706166700000,943750,946163,946050,2300,0.24,946089,2339,0.25,946050,946163,1400-6-14,2021-09-05
843,مشهد0012,مشاركت شهرداري مشهد-3ماهه20%,2,100,100000000,1000000,1000000,1000000,0,0,1000000,0,0,1000000,1000000,1400-6-14,2021-09-05
844,گنجين4,صندوق س. گنجينه يكم آويد-د,2,147000000,2001258000000,13611,13614,13614,3,0.02,13614,3,0.02,13614,13614,1400-6-14,2021-09-05
845,ضغدر8062,اختيارخ وغدير-18000-1400/08/26,2,2,1700000,1200,1000,700,-500,-41.67,850,-350,-29.17,700,1000,1400-6-14,2021-09-05
846,ضملت8040,اختيارخ وبملت-2934-1400/08/19,2,15,24150000,1617,1650,1590,-27,-1.67,1610,-7,-0.43,1590,1650,1400-6-14,2021-09-05
847,ضملي7000,اختيارخ فملي-7720-1400/07/11,2,8,49750000,6252,6000,6250,-2,-0.03,6219,-33,-0.53,6000,6250,1400-6-14,2021-09-05
848,زعف0008پ09,زعفران0008نگين نوين(پ),2,7500,1119750000,152500,152500,146500,-6000,-3.93,149300,-3200,-2.1,146500,152500,1400-6-14,2021-09-05
849,ومعادن2,توسعه‌معادن‌وفلزات‌,2,40000000,482180000000,12180,12070,12050,-130,-1.07,12054,-126,-1.03,12050,12070,1400-6-14,2021-09-05
850,تملي706,تسهيلات مسكن ب. ملي-شهريور97,2,25,21764420,869134,912590,842568,-26566,-3.06,870577,1443,0.17,842568,912590,1400-6-14,2021-09-05
851,ضصاد8030,اختيارخ وبصادر-1589-1400/08/12,2,105,115005000,1119,1100,1001,-118,-10.55,1095,-24,-2.14,1001,1100,1400-6-14,2021-09-05
852,ضپيك7041,اختيارخ تاپيكو-7070-00/07/18,2,4,28002000,7152,7001,7000,-152,-2.13,7000,-152,-2.13,7000,7001,1400-6-14,2021-09-05
853,زعف0008پ18,زعفران0008نگين بهرامن(پ),2,537,74143053,154000,138069,138069,-15931,-10.34,138069,-15931,-10.34,138069,138069,1400-6-14,2021-09-05
854,اراد404,مرابحه عام دولت4-ش.خ 0207,2,1200000,1094619600000,1000000,912216,912150,-87850,-8.79,912183,-87817,-8.78,912150,912216,1400-6-14,2021-09-05
855,ضپيك7040,اختيارخ تاپيكو-6070-00/07/18,2,4,35600000,7800,8900,8900,1100,14.1,8900,1100,14.1,8900,8900,1400-6-14,2021-09-05
856,ضشنا8001,اختيارخ شپنا-6800-1400/08/16,2,2,14000000,7029,7000,7000,-29,-0.41,7000,-29,-0.41,7000,7000,1400-6-14,2021-09-05
857,اراد644,مرابحه عام دولتي64-ش.خ0111,2,31820000,30168701100000,944500,948160,948050,3550,0.38,948105,3605,0.38,948050,948160,1400-6-14,2021-09-05
858,اراد334,مرابحه عام دولت3-ش.خ 0303,2,3194000,2832193262000,886364,886746,886700,336,0.04,886723,359,0.04,886700,886746,1400-6-14,2021-09-05
859,طصاد8032,اختيارف وبصادر-1989-1400/08/12,2,100,1500000,28,15,15,-13,-46.43,15,-13,-46.43,15,15,1400-6-14,2021-09-05
860,ضپنا8003,اختيارخ رمپنا-15850-1400/08/05,2,12,50400000,6350,4200,4200,-2150,-33.86,4200,-2150,-33.86,4200,4200,1400-6-14,2021-09-05
861,ضفار8047,اختيارخ فارس-4400-1400/08/05,2,6,45800000,8000,7000,8900,900,11.25,7633,-367,-4.59,7000,8900,1400-6-14,2021-09-05
862,زعف0008پ05,زعفران0008نگين زرين(پ),2,1333,184045977,143025,138069,138069,-4956,-3.47,138069,-4956,-3.47,138069,138069,1400-6-14,2021-09-05
863,ضپاس7027,اختيارخ وپارس-1800-1400/07/28,2,11,16495000,1351,1499,1500,149,11.03,1500,149,11.03,1499,1500,1400-6-14,2021-09-05
864,تايرا2,تراكتورسازي‌ايران‌,2,10000000,335300000000,33530,33530,33530,0,0,33530,0,0,33530,33530,1400-6-14,2021-09-05
865,صشستا112,صكوك اجاره شستا112-6ماهه18%,2,111,108780000,980000,980000,980000,0,0,980000,0,0,980000,980000,1400-6-14,2021-09-05
866,كشم0006پ02,كشمش تيزابي0006تاكستان(پ),1,17,3904900,230500,229700,229700,-800,-0.35,229700,-800,-0.35,229700,229700,1400-6-14,2021-09-05
867,ضفلا7003,اختيارخ فولاد-8160-1400/07/25,1,10,63090000,4900,4500,4500,-400,-8.16,4500,-400,-8.16,4500,4500,1400-6-14,2021-09-05
868,فجر2,فولاد اميركبيركاشان,1,3729603,111142169400,30410,29800,29800,-610,-2.01,29800,-610,-2.01,29800,29800,1400-6-14,2021-09-05
869,سيدكو2,سرمايه گذاري توسعه صنايع سيمان,1,35000000,276500000000,7760,7900,7900,140,1.8,7900,140,1.8,7900,7900,1400-6-14,2021-09-05
870,اراد584,مرابحه عام دولت5-ش.خ 0110,1,3000000,2868450000000,990000,956150,956150,-33850,-3.42,956150,-33850,-3.42,956150,956150,1400-6-14,2021-09-05
871,هفارس104,اختيارف ت فارس-11832-01/04/12,1,455,455,1,1,1,0,0,1,0,0,1,1,1400-6-14,2021-09-05
872,تبريز112,مشاركت شهرداري تبريز-3ماهه18%,1,10,9600000,960000,960000,960000,0,0,960000,0,0,960000,960000,1400-6-14,2021-09-05
873,زاگرس2,پتروشيمي زاگرس,1,2660000,699641180000,265680,263023,263023,-2657,-1,263023,-2657,-1,263023,263023,1400-6-14,2021-09-05
874,صگل411,ص اجاره گل گهر 411- 3 ماهه 17%,1,9,8739009,971001,971001,971001,0,0,971001,0,0,971001,971001,1400-6-14,2021-09-05
875,هفجر102,اختيارف ت بفجر8626-01/02/11,1,62701,62701,1,1,1,0,0,1,0,0,1,1,1400-6-14,2021-09-05
876,صبهمن404,صكوك مرابحه بهمن404-3ماهه 18%,1,1000,1000001000,1010000,1000001,1000001,-9999,-0.99,1000001,-9999,-0.99,1000001,1000001,1400-6-14,2021-09-05
877,وبشهر2,توسعه‌ صنايع‌ بهشهر(هلدينگ,1,14300000,199199000000,13930,13930,13930,0,0,13930,0,0,13930,13930,1400-6-14,2021-09-05
878,مشير112,مشاركت شهرداري شيراز-3ماهه18%,1,9,8910000,993333,990000,990000,-3333,-0.34,990000,-3333,-0.34,990000,990000,1400-6-14,2021-09-05
879,تملي704,تسهيلات مسكن ب. ملي-تير97,1,20,15327360,806703,766368,766368,-40335,-5,766368,-40335,-5,766368,766368,1400-6-14,2021-09-05
880,ضغدر8056,اختيارخ وغدير-8000-1400/08/26,1,1,5500000,6683,5500,5500,-1183,-17.7,5500,-1183,-17.7,5500,5500,1400-6-14,2021-09-05
881,زعف0008پ10,زعفران0008نگين طلاي سرخ(پ),1,1000,152000000,154500,152000,152000,-2500,-1.62,152000,-2500,-1.62,152000,152000,1400-6-14,2021-09-05
882,ضذوب904,اختيارخ ذوب-4500-14000917,1,22,5500000,1052,250,250,-802,-76.24,250,-802,-76.24,250,250,1400-6-14,2021-09-05
883,صينا205,صكوك منفعت سينا دارو-3ماهه 19%,1,5,4900000,980000,980000,980000,0,0,980000,0,0,980000,980000,1400-6-14,2021-09-05
884,تملي612,تسهيلات مسكن بانك ملي-اسفند96,1,10,7125000,750000,712500,712500,-37500,-5,712500,-37500,-5,712500,712500,1400-6-14,2021-09-05
885,تملي710,تسهيلات مسكن ب. ملي-دي97,1,8,7088000,932277,886000,886000,-46277,-4.96,886000,-46277,-4.96,886000,886000,1400-6-14,2021-09-05
886,طخود7076,اختيارف خودرو-2500-1400/07/07,1,5,1125000,215,225,225,10,4.65,225,10,4.65,225,225,1400-6-14,2021-09-05
887,غزر2,صنعتي زر ماكارون,1,23500000,697010000000,28260,29660,29660,1400,4.95,29660,1400,4.95,29660,29660,1400-6-14,2021-09-05
888,پادا2,صندوق س.پاداش سرمايه پارس-س,1,80000,80000,122913,1,1,-122912,-100,1,-122912,-100,1,1,1400-6-14,2021-09-05
889,دمعيار2,صندوق س. توازن معيار-د,1,300000,300000,10065,1,1,-10064,-99.99,1,-10064,-99.99,1,1,1400-6-14,2021-09-05
890,اراد544,مرابحه عام دولت5-ش.خ 0109,1,10450000,10023190650000,990000,959157,959157,-30843,-3.12,959157,-30843,-3.12,959157,959157,1400-6-14,2021-09-05
891,ثشاهد2,سرمايه‌ گذاري‌ شاهد,1,2880000,49910400000,17330,17330,17330,0,0,17330,0,0,17330,17330,1400-6-14,2021-09-05
892,شرق1400,مشاركت ليزينگ ايران وشرق140010,1,100,99900000,1004870,999000,999000,-5870,-0.58,999000,-5870,-0.58,999000,999000,1400-6-14,2021-09-05
893,آسام4,صندوق س.آرمان سپهر آشنا-م,1,3500000,455000000000,130326,130000,130000,-326,-0.25,130000,-326,-0.25,130000,130000,1400-6-14,2021-09-05
894,ضپيك7042,اختيارخ تاپيكو-8070-00/07/18,1,10,60000000,6580,6000,6000,-580,-8.81,6000,-580,-8.81,6000,6000,1400-6-14,2021-09-05
895,وبصادر2,بانك صادرات ايران,1,70000000,179900000000,2582,2570,2570,-12,-0.46,2570,-12,-0.46,2570,2570,1400-6-14,2021-09-05
896,اخزا0012,اسنادخزانه-م1بودجه00-030821,1,174850,94069300000,530416,538000,538000,7584,1.43,538000,7584,1.43,538000,538000,1400-6-14,2021-09-05
897,زعف0008پ16,زعفران0008نگين بيرجند(پ),1,37,5108553,143025,138069,138069,-4956,-3.47,138069,-4956,-3.47,138069,138069,1400-6-14,2021-09-05
898,اراد53,مرابحه عام دولت5-ش.خ 0207,1,1000,1000000000,987500,1000000,1000000,12500,1.27,1000000,12500,1.27,1000000,1000000,1400-6-14,2021-09-05
899,فخوز2,فولاد  خوزستان,1,20000000,377800000000,19000,18890,18890,-110,-0.58,18890,-110,-0.58,18890,18890,1400-6-14,2021-09-05
900,صبهمن4042,صكوك مرابحه بهمن404-3ماهه 18%,1,240000,240000000000,1010000,1000000,1000000,-10000,-0.99,1000000,-10000,-0.99,1000000,1000000,1400-6-14,2021-09-05
901,گواهي ظرفيت,گواهي ظرفيت نقدي,1,25000000,576675000000,21969,23067,23067,1098,5,23067,1098,5,23067,23067,1400-6-14,2021-09-05
902,ضجار7038,اختيارخ وتجارت-1797-1400/07/21,1,20,18000000,843,900,900,57,6.76,900,57,6.76,900,900,1400-6-14,2021-09-05
903,ضچاد7032,اختيارخ كچاد-15870-1400/07/04,1,15,225000000,14000,15000,15000,1000,7.14,15000,1000,7.14,15000,15000,1400-6-14,2021-09-05
904,اخزا8152,اسنادخزانه-م15بودجه98-010406,1,230000,197160600000,858397,857220,857220,-1177,-0.14,857220,-1177,-0.14,857220,857220,1400-6-14,2021-09-05
905,كباده,توليد خاك نسوزاستقلال آباده,1,1320,11943360,8785,9048,9048,263,2.99,8785,0,0,9048,9048,1400-6-14,2021-09-05
906,اخزا9142,اسنادخزانه-م14بودجه99-021025,1,171049,107931919000,625278,631000,631000,5722,0.92,631000,5722,0.92,631000,631000,1400-6-14,2021-09-05
907,صايپا012,صكوك مرابحه سايپا012-3ماهه 16%,1,6,6000006,1000002,1000001,1000001,-1,0,1000001,-1,0,1000001,1000001,1400-6-14,2021-09-05
908,اخزا9092,اسنادخزانه-م9بودجه99-020316,1,176825,126076225000,707678,713000,713000,5322,0.75,713000,5322,0.75,713000,713000,1400-6-14,2021-09-05
909,اراد504,مرابحه عام دولت5-ش.خ0302,1,1909800,1909800000000,1000002,1000000,1000000,-2,0,1000000,-2,0,1000000,1000000,1400-6-14,2021-09-05
910,اراد49,مرابحه عام دولت4-ش.خ 0206,1,100,93000000,939499,930000,930000,-9499,-1.01,930000,-9499,-1.01,930000,930000,1400-6-14,2021-09-05
911,ضگل8071,اختيارخ كگل-7700-1400/08/23,1,4,68000000,17800,17000,17000,-800,-4.49,17000,-800,-4.49,17000,17000,1400-6-14,2021-09-05
912,اگ0006182,گام بانك تجارت0006,1,100000,98500000000,978000,985000,985000,7000,0.72,985000,7000,0.72,985000,985000,1400-6-14,2021-09-05
913,صخود412,ص مرابحه خودرو412- 3ماهه 18%,1,9,8910009,995000,990001,990001,-4999,-0.5,990001,-4999,-0.5,990001,990001,1400-6-14,2021-09-05
914,وبانك2,سرمايه گذاري گروه توسعه ملي,1,46000000,448500000000,9800,9750,9750,-50,-0.51,9750,-50,-0.51,9750,9750,1400-6-14,2021-09-05
915,زعف0008پ20,زعفران0008نگين وحدت جام(پ),1,100,13806900,143430,138069,138069,-5361,-3.74,138069,-5361,-3.74,138069,138069,1400-6-14,2021-09-05
916,ضپنا8006,اختيارخ رمپنا-23850-1400/08/05,1,10,1850000,1000,185,185,-815,-81.5,185,-815,-81.5,185,185,1400-6-14,2021-09-05
917,اراد45,مرابحه عام دولت4-ش.خ 0107,1,1500,1425000000,950000,950000,950000,0,0,950000,0,0,950000,950000,1400-6-14,2021-09-05
918,آگاس2,صندوق س.هستي بخش آگاه-س,1,100000,100000,89337,1,1,-89336,-100,1,-89336,-100,1,1,1400-6-14,2021-09-05
919,ضخوز7035,اختيارخ فخوز-8200-1400/07/14,1,10,95000000,10000,9500,9500,-500,-5,9500,-500,-5,9500,9500,1400-6-14,2021-09-05
920,ضملي7001,اختيارخ فملي-8720-1400/07/11,1,1,5001000,5700,5001,5001,-699,-12.26,5001,-699,-12.26,5001,5001,1400-6-14,2021-09-05
921,آوا2,صندوق س.سهام آواي معيار-س,1,500000,500000,8921,1,1,-8920,-99.99,1,-8920,-99.99,1,1,1400-6-14,2021-09-05
922,ضترا8059,اختيارخ شتران-3882-1400/08/09,1,10,31000000,3500,3100,3100,-400,-11.43,3100,-400,-11.43,3100,3100,1400-6-14,2021-09-05
923,فراز4,صندوق س.سهام فراز داريك-س,1,2000000,27600000000,14092,13800,13800,-292,-2.07,13800,-292,-2.07,13800,13800,1400-6-14,2021-09-05
924,الماس2,صندوق س.امين تدبيرگران فردا-س,1,100000,100000,140430,1,1,-140429,-100,1,-140429,-100,1,1,1400-6-14,2021-09-05
925,ضپنا8002,اختيارخ رمپنا-13850-1400/08/05,1,17,100300000,5255,5900,5900,645,12.27,5900,645,12.27,5900,5900,1400-6-14,2021-09-05
926,اراد65,مرابحه عام دولتي65-ش.خ0210,1,3500,3465000000,971667,990000,990000,18333,1.89,990000,18333,1.89,990000,990000,1400-6-14,2021-09-05
927,كمند2,صندوق س. با درآمد ثابت كمند,1,62100000,62100000,10160,1,1,-10159,-99.99,1,-10159,-99.99,1,1,1400-6-14,2021-09-05
