,نماد,نام,تعداد,حجم,ارزش,دیروز,اولین,آخرین معامله - مقدار,آخرین معامله - تغییر,آخرین معامله - درصد,قیمت پایانی - مقدار,قیمت پایانی - تغییر,قیمت پایانی - درصد,کمترین,بیشترین,تاریخ,gregorian_date
0,شستا,سرمايه گذاري تامين اجتماعي,22978,119634201,1318930955690,11260,11190,10960,-300,-2.66,11020,-240,-2.13,10940,11190,1400-10-7,2021-12-28
1,پالايش,صندوق پالايشي يكم-سهام,18720,24359743,1755340254840,72580,71960,72200,-380,-0.52,72060,-520,-0.72,71380,72470,1400-10-7,2021-12-28
2,خودرو,ايران‌ خودرو,12695,473588868,952079870450,1990,1980,2025,35,1.76,2010,20,1.01,1951,2065,1400-10-7,2021-12-28
3,دارا يكم,صندوق واسطه گري مالي يكم-سهام,11062,7650554,855116323100,112700,111600,112160,-540,-0.48,111770,-930,-0.83,110510,112440,1400-10-7,2021-12-28
4,خساپا,سايپا,9362,338559290,581055211107,1708,1680,1716,8,0.47,1716,8,0.47,1665,1750,1400-10-7,2021-12-28
5,فملي,ملي‌ صنايع‌ مس‌ ايران‌,9268,85088778,619208436140,7340,7340,7370,30,0.41,7280,-60,-0.82,7150,7370,1400-10-7,2021-12-28
6,بركت,گروه دارويي بركت,8408,43745540,756325534680,16510,17070,17330,820,4.97,17290,780,4.72,16800,17330,1400-10-7,2021-12-28
7,خگستر,گسترش‌سرمايه‌گذاري‌ايران‌خودرو,8370,314701232,749344048168,2301,2300,2390,89,3.87,2381,80,3.48,2270,2416,1400-10-7,2021-12-28
8,شبندر,پالايش نفت بندرعباس,8183,97159313,656078164550,6740,6700,6800,60,0.89,6750,10,0.15,6580,6870,1400-10-7,2021-12-28
9,كدما,معدني‌ دماوند,7863,6956492,484987338700,73040,72010,69390,-3650,-5,69720,-3320,-4.55,69390,72200,1400-10-7,2021-12-28
10,فولاد,فولاد مباركه اصفهان,7189,58207314,637999439450,11100,11090,10970,-130,-1.17,10960,-140,-1.26,10820,11090,1400-10-7,2021-12-28
11,انرژي3,سايراشخاص بورس انرژي,6612,4740163,454839166490,94750,94800,97350,2600,2.74,95950,1200,1.27,92670,98600,1400-10-7,2021-12-28
12,بركتح,ح . گروه دارويي بركت,6577,21571341,275919340630,12490,13110,12630,140,1.12,12790,300,2.4,12500,13250,1400-10-7,2021-12-28
13,ضخود1052,اختيارخ خودرو-2000-1400/10/08,6135,318003,4885827000,28,10,13,-15,-53.57,15,-13,-46.43,10,30,1400-10-7,2021-12-28
14,شسينا,صنايع‌شيميايي‌سينا,5953,158892507,530033133157,3408,3578,3267,-141,-4.14,3336,-72,-2.11,3238,3578,1400-10-7,2021-12-28
15,تسه0009,امتيازتسهيلات مسكن آذر 1400,5916,245721,244540944917,960595,975000,1008624,48029,5,995198,34603,3.6,970007,1008624,1400-10-7,2021-12-28
16,كالا,بورس كالاي ايران,5905,19975658,612603153020,29840,29500,31330,1490,4.99,30670,830,2.78,28720,31330,1400-10-7,2021-12-28
17,فرابورس,فرابورس ايران,5738,30797153,572091273163,18031,18000,18932,901,5,18576,545,3.02,17601,18932,1400-10-7,2021-12-28
18,غنوش,نوش‌ مازندران‌,5651,25409404,388944094760,14790,14810,15520,730,4.94,15310,520,3.52,14160,15520,1400-10-7,2021-12-28
19,شتران,پالايش نفت تهران,5531,72758011,313178815613,4301,4307,4320,19,0.44,4304,3,0.07,4212,4364,1400-10-7,2021-12-28
20,حآفرين,ريل پرداز نو آفرين,5052,150551645,686862018116,4370,4360,4588,218,4.99,4562,192,4.39,4200,4588,1400-10-7,2021-12-28
21,شپنا,پالايش نفت اصفهان,5020,47602405,304576356240,6380,6490,6450,70,1.1,6400,20,0.31,6280,6490,1400-10-7,2021-12-28
22,توسن,توسعه سامانه ي نرم افزاري نگين,4885,5637880,116358181866,20918,21290,20410,-508,-2.43,20639,-279,-1.33,20310,21540,1400-10-7,2021-12-28
23,بورس,بورس اوراق بهادار تهران,4690,51654186,611483580310,11400,11240,11970,570,5,11840,440,3.86,11110,11970,1400-10-7,2021-12-28
24,خپارس,پارس‌ خودرو,4334,193049864,201018998862,1036,1022,1039,3,0.29,1041,5,0.48,1011,1069,1400-10-7,2021-12-28
25,ذوب,ذوب آهن اصفهان,4236,70894531,268555627554,3781,3790,3770,-11,-0.29,3788,7,0.19,3710,3845,1400-10-7,2021-12-28
26,افران,صندوق س افرا نماد پايدار-ثابت,4196,180262901,2722012538012,15093,15102,15101,8,0.05,15100,7,0.05,15100,15103,1400-10-7,2021-12-28
27,بوعلي,پتروشيمي بوعلي سينا,4126,3901657,296236115350,72970,72970,76610,3640,4.99,75930,2960,4.06,72500,76610,1400-10-7,2021-12-28
28,كمند,صندوق س. با درآمد ثابت كمند,4086,154251984,1561227536387,10115,10121,10122,7,0.07,10121,6,0.06,10121,10122,1400-10-7,2021-12-28
29,فسبزوار,پارس فولاد سبزوار,3673,1972016,68473086610,34880,34880,34890,10,0.03,34720,-160,-0.46,34550,34940,1400-10-7,2021-12-28
30,فسرب,ملي‌ سرب‌وروي‌ ايران‌,3544,95915489,201946498197,2204,2151,2108,-96,-4.36,2105,-99,-4.49,2094,2175,1400-10-7,2021-12-28
31,لپارس,پارس‌ الكتريك‌,3471,3149917,319275818890,106330,101020,101020,-5310,-4.99,101360,-4970,-4.67,101020,105000,1400-10-7,2021-12-28
32,فجهان,مجتمع جهان فولاد سيرجان,3456,12927511,69805511803,5428,5400,5398,-30,-0.55,5405,-23,-0.42,5398,5430,1400-10-7,2021-12-28
33,خبهمن,گروه‌بهمن‌,3434,110333437,220795490084,1982,1970,2010,28,1.41,2001,19,0.96,1924,2043,1400-10-7,2021-12-28
34,تپكو,توليدتجهيزات‌سنگين‌هپكو,3293,69904561,217093046752,3154,3154,3068,-86,-2.73,3106,-48,-1.52,3060,3197,1400-10-7,2021-12-28
35,مديريت,س. و خدمات مديريت صند. ب كشوري,3257,6149148,57414923212,9474,9360,9370,-104,-1.1,9337,-137,-1.45,9200,9420,1400-10-7,2021-12-28
36,وبملت,بانك ملت,2998,74734172,232675752505,3114,3138,3137,23,0.74,3113,-1,-0.03,3050,3162,1400-10-7,2021-12-28
37,شاروم,پتروشيمي اروميه,2944,3587198,53596953703,14613,14475,15049,436,2.98,14941,328,2.24,14052,15190,1400-10-7,2021-12-28
38,پترول,گ.س.وت.ص.پتروشيمي خليج فارس,2929,50275309,126405429654,2510,2510,2500,-10,-0.4,2514,4,0.16,2450,2580,1400-10-7,2021-12-28
39,وخارزم,سرمايه گذاري خوارزمي,2906,32038103,146719585172,4581,4570,4615,34,0.74,4580,-1,-0.02,4454,4670,1400-10-7,2021-12-28
40,وبصادر,بانك صادرات ايران,2890,111703286,212309365695,1893,1900,1907,14,0.74,1901,8,0.42,1861,1922,1400-10-7,2021-12-28
41,كيمياتك,آريان كيميا تك,2834,730980,17949282160,24460,24400,24650,190,0.78,24560,100,0.41,24400,24980,1400-10-7,2021-12-28
42,شگويا,پتروشيمي تندگويان,2793,8959296,105023941840,11738,11738,11772,34,0.29,11723,-15,-0.13,11500,11910,1400-10-7,2021-12-28
43,كيان,صندوق س. با درآمد ثابت كيان,2792,41332566,1334836428325,32279,32296,32296,17,0.05,32295,16,0.05,32293,32297,1400-10-7,2021-12-28
44,غگيلا,شيرپاستوريزه پگاه گيلان,2687,4091301,65377921282,15547,15820,16196,649,4.17,15980,433,2.79,15500,16298,1400-10-7,2021-12-28
45,وملي,گروه‌ صنعتي‌ ملي‌ (هلدينگ‌,2650,986538,142984616780,149460,146990,144660,-4800,-3.21,144940,-4520,-3.02,141990,152700,1400-10-7,2021-12-28
46,بپاس,بيمه پاسارگاد,2625,11843821,438433218327,35362,35800,37130,1768,5,37018,1656,4.68,35800,37130,1400-10-7,2021-12-28
47,غصينو,صنعتي مينو,2595,10171233,188521914199,17695,16820,18579,884,5,18535,840,4.75,16820,18579,1400-10-7,2021-12-28
48,وتجارت,بانك تجارت,2587,71515538,140107904357,1963,1952,1968,5,0.25,1959,-4,-0.2,1900,1973,1400-10-7,2021-12-28
49,خزاميا,زامياد,2559,34007714,279243515500,7890,7950,8280,390,4.94,8210,320,4.06,7950,8280,1400-10-7,2021-12-28
50,كوير,توليدي فولاد سپيد فراب كوير,2540,25473290,128191221840,5200,5120,5120,-80,-1.54,5030,-170,-3.27,4940,5140,1400-10-7,2021-12-28
51,امين يكم,صندوق درآمد ثابت امين يكم فردا,2316,66942391,671356373882,10024,10030,10031,7,0.07,10029,5,0.05,10027,10032,1400-10-7,2021-12-28
52,غزر,صنعتي زر ماكارون,2310,3506077,33899104970,9850,9720,9600,-250,-2.54,9670,-180,-1.83,9530,9990,1400-10-7,2021-12-28
53,آريا,پليمر آريا ساسول,2241,606028,68939866071,113918,113918,113920,2,0,113811,-107,-0.09,112009,114751,1400-10-7,2021-12-28
54,زاگرس,پتروشيمي زاگرس,2122,540307,119141227649,227029,220900,220698,-6331,-2.79,220507,-6522,-2.87,219240,225900,1400-10-7,2021-12-28
55,كاما,باما,2092,15581971,112824797190,7160,7170,7230,70,0.98,7240,80,1.12,7010,7400,1400-10-7,2021-12-28
56,هاي وب,داده گسترعصرنوين-هاي وب,2089,25924005,221963022650,8330,8210,8570,240,2.88,8560,230,2.76,8210,8740,1400-10-7,2021-12-28
57,كمرجان,بازرگاني و توليدي مرجان كار,2082,11875315,72238085803,6175,6137,6300,125,2.02,6083,-92,-1.49,5867,6355,1400-10-7,2021-12-28
58,بكاب,صنايع‌جوشكاب‌يزد,2068,1381913,122264264120,88050,90000,88000,-50,-0.06,88470,420,0.48,83650,92400,1400-10-7,2021-12-28
59,كزغال,زغال سنگ پروده طبس,2062,1738006,58533789361,33670,33600,33620,-50,-0.15,33679,9,0.03,32800,34130,1400-10-7,2021-12-28
60,ختور,رادياتور ايران‌,2040,9722590,123394782590,13120,13000,12720,-400,-3.05,12690,-430,-3.28,12470,13000,1400-10-7,2021-12-28
61,سپيد,سپيد ماكيان,2029,994023,59817957760,61090,60000,60000,-1090,-1.78,60180,-910,-1.49,59710,61100,1400-10-7,2021-12-28
62,گدنا,تهيه توزيع غذاي دنا آفرين فدك,2023,2605205,31430988681,11509,12084,12084,575,5,12065,556,4.83,11770,12084,1400-10-7,2021-12-28
63,سپيدار,سپيدار سيستم آسيا,1993,630976,13326313628,21137,21350,20990,-147,-0.7,21122,-15,-0.07,20960,21599,1400-10-7,2021-12-28
64,ومدير,گ.مديريت ارزش سرمايه ص ب كشوري,1991,11884078,57032075615,4713,4713,4840,127,2.69,4799,86,1.82,4713,4870,1400-10-7,2021-12-28
65,وسديد,گروه ‌صنعتي‌سديد,1969,36853397,38621409869,1028,1046,1058,30,2.92,1048,20,1.95,1014,1058,1400-10-7,2021-12-28
66,آبادا,توليد نيروي برق آبادان,1953,2075999,21172254650,9850,9900,10300,450,4.57,10200,350,3.55,9560,10340,1400-10-7,2021-12-28
67,ثشاهد,سرمايه‌ گذاري‌ شاهد,1912,11421600,116745382690,10410,10170,10300,-110,-1.06,10220,-190,-1.83,9980,10400,1400-10-7,2021-12-28
68,امين,تامين سرمايه امين,1870,683805,8419127000,12300,12320,12310,10,0.08,12300,0,0,12300,12350,1400-10-7,2021-12-28
69,وغدير,سرمايه‌گذاري‌غدير(هلدينگ‌,1859,13132120,202543441180,15450,15450,15490,40,0.26,15420,-30,-0.19,15250,15700,1400-10-7,2021-12-28
70,فتوسا,توليد و توسعه سرب روي ايرانيان,1855,3493333,39790514363,10891,11100,11435,544,4.99,11390,499,4.58,10891,11435,1400-10-7,2021-12-28
71,چخزر,صنايع چوب خزر كاسپين,1839,1837380,54946832948,28481,29905,29905,1424,5,29905,1424,5,28766,29905,1400-10-7,2021-12-28
72,ولپارس,ليزينگ پارسيان,1807,12183242,35496632514,2826,2770,2967,141,4.99,2914,88,3.11,2770,2967,1400-10-7,2021-12-28
73,صبا,سرمايه گذاري صبا تامين,1772,11691614,73950960528,6388,6389,6289,-99,-1.55,6347,-41,-0.64,6255,6424,1400-10-7,2021-12-28
74,كرازي,كارخانجات‌توليدي‌شيشه‌رازي‌,1766,62179613,80581826565,1260,1283,1323,63,5,1296,36,2.86,1230,1323,1400-10-7,2021-12-28
75,ثاميد,توسعه و عمران اميد,1757,8447671,12608725158,1519,1492,1485,-34,-2.24,1503,-16,-1.05,1470,1515,1400-10-7,2021-12-28
76,رتاپ,تجارت الكترونيك  پارسيان,1747,10486769,56573060980,5250,5210,5500,250,4.76,5390,140,2.67,5130,5510,1400-10-7,2021-12-28
77,كماسه,تامين‌ ماسه‌ ريخته‌گري‌,1742,18030712,62365457139,3386,3509,3436,50,1.48,3459,73,2.16,3400,3510,1400-10-7,2021-12-28
78,قچار,فراوردههاي غذايي وقند چهارمحال,1730,21053273,165048551404,7821,7720,8212,391,5,7840,19,0.24,7550,8212,1400-10-7,2021-12-28
79,اعتماد,صندوق س.اعتماد آفرين پارسيان-د,1724,27380340,1121012303780,40918,40942,40943,25,0.06,40942,24,0.06,40941,40944,1400-10-7,2021-12-28
80,شفن,پتروشيمي فناوران,1707,5817432,76664822390,13190,13190,13080,-110,-0.83,13180,-10,-0.08,12890,13390,1400-10-7,2021-12-28
81,بپيوند,برق و انرژي پيوندگستر پارس,1691,1177739,11411109081,9650,9410,9848,198,2.05,9679,29,0.3,9410,9850,1400-10-7,2021-12-28
82,فسپا,گروه‌صنعتي‌سپاهان‌,1685,9392590,171681159360,17500,18370,18370,870,4.97,18280,780,4.46,16630,18370,1400-10-7,2021-12-28
83,غگل,گلوكوزان‌,1677,23645330,78152641187,3203,3294,3319,116,3.62,3305,102,3.18,3250,3360,1400-10-7,2021-12-28
84,ثبهساز,بهساز كاشانه تهران,1659,7793549,12268600878,1599,1599,1567,-32,-2,1579,-20,-1.25,1560,1599,1400-10-7,2021-12-28
85,قثابت,قند ثابت‌ خراسان‌,1658,37687947,68036181643,1789,1785,1789,0,0,1805,16,0.89,1760,1844,1400-10-7,2021-12-28
86,وهامون,سرمايه گذاري هامون صبا,1619,4532345,12785728633,2838,2839,2821,-17,-0.6,2823,-15,-0.53,2763,2853,1400-10-7,2021-12-28
87,كچاد,معدني‌وصنعتي‌چادرملو,1616,6734476,208547101100,30790,30790,31250,460,1.49,30970,180,0.58,30790,31340,1400-10-7,2021-12-28
88,شاراك,پتروشيمي شازند,1601,2301056,106888405420,46590,46660,47000,410,0.88,46450,-140,-0.3,45350,47200,1400-10-7,2021-12-28
89,وفتخار,سرمايه گذاري افتخار سهام,1596,7895881,13287899934,1732,1695,1715,-17,-0.98,1683,-49,-2.83,1681,1756,1400-10-7,2021-12-28
90,تاپكيش,تجارت الكترونيك پارسيان كيش,1564,13219110,232653727806,16844,17280,17686,842,5,17600,756,4.49,16401,17686,1400-10-7,2021-12-28
91,فارس,صنايع پتروشيمي خليج فارس,1519,10376140,115476398280,11220,11220,11090,-130,-1.16,11140,-80,-0.71,11010,11250,1400-10-7,2021-12-28
92,وكبهمن,مديريت سرمايه گذاري كوثربهمن,1517,581614,5675411993,9658,9750,9770,112,1.16,9694,36,0.37,9620,9800,1400-10-7,2021-12-28
93,كفرا,فراورده‌ هاي‌ نسوزايران‌,1512,18394196,142600770010,7410,7780,7770,360,4.86,7750,340,4.59,7460,7780,1400-10-7,2021-12-28
94,گشان,توسعه بين المللي پديده شانديز,1488,4310564,83976979749,18948,19250,19516,568,3,19482,534,2.82,18900,19516,1400-10-7,2021-12-28
95,فاذر,صنايع‌ آذرآب‌,1476,54862429,51186372869,931,915,930,-1,-0.11,933,2,0.21,915,945,1400-10-7,2021-12-28
96,غدام,خوراك‌  دام‌ پارس‌,1474,776492,75938114260,102290,100000,98000,-4290,-4.19,97800,-4490,-4.39,97180,102350,1400-10-7,2021-12-28
97,رافزا,رايان هم افزا,1474,201455,12771825472,62913,61610,64000,1087,1.73,63338,425,0.68,61610,64680,1400-10-7,2021-12-28
98,اخابر,مخابرات ايران,1468,22067831,169016841650,7600,7600,7580,-20,-0.26,7660,60,0.79,7460,7850,1400-10-7,2021-12-28
99,وپويا,سرمايه گذاري پويا,1451,8560584,30615102376,3489,3425,3663,174,4.99,3576,87,2.49,3413,3663,1400-10-7,2021-12-28
100,شصدف,صنعتي دوده فام,1449,1630986,56412266494,34423,34450,34710,287,0.83,34588,165,0.48,33550,34900,1400-10-7,2021-12-28
101,وليز,ليزينگ‌ايران‌,1417,29310066,56354401618,1875,1841,1968,93,4.96,1923,48,2.56,1800,1968,1400-10-7,2021-12-28
102,فباهنر,مس‌ شهيدباهنر,1408,3480009,101640114120,28220,28550,29570,1350,4.78,29210,990,3.51,28000,29630,1400-10-7,2021-12-28
103,وسپهر,سرمايه گذاري مالي سپهرصادرات,1403,3156221,22284072195,7082,7060,7060,-22,-0.31,7076,-6,-0.08,7060,7070,1400-10-7,2021-12-28
104,كيسون,شركت كيسون,1400,42466387,69160819112,1586,1629,1633,47,2.96,1629,43,2.71,1575,1633,1400-10-7,2021-12-28
105,خصدرا,صنعتي‌ دريايي‌ ايران‌,1399,41539859,91492617129,2140,2179,2204,64,2.99,2203,63,2.94,2160,2204,1400-10-7,2021-12-28
106,تملتح,ح . تامين سرمايه بانك ملت,1382,5746728,7215997087,1251,1223,1261,10,0.8,1256,5,0.4,1223,1280,1400-10-7,2021-12-28
107,قنيشا,قند  نيشابور,1376,4523545,185448159220,39370,41330,40500,1130,2.87,41000,1630,4.14,38050,41330,1400-10-7,2021-12-28
108,شيران,س. صنايع‌شيميايي‌ايران,1358,5257444,113753551860,20870,20870,21900,1030,4.94,21640,770,3.69,20700,21910,1400-10-7,2021-12-28
109,بگيلان,توسعه مسير برق گيلان,1355,159130,2232326963,14006,13906,14032,26,0.19,14008,2,0.01,13906,14122,1400-10-7,2021-12-28
110,سرو,صندوق س سروسودمند مدبران-سهام,1351,1848964,132446623190,71590,70320,72110,520,0.73,71630,40,0.06,70320,72250,1400-10-7,2021-12-28
111,سنير,سيمان‌ سفيد ني‌ريز,1336,2049269,61509154460,28860,30300,30300,1440,4.99,30020,1160,4.02,28900,30300,1400-10-7,2021-12-28
112,ولكار,ليزينگ كارآفرين,1327,1218183,4913434842,4086,4000,4070,-16,-0.39,4069,-17,-0.42,3950,4112,1400-10-7,2021-12-28
113,فاراك,ماشين‌ سازي‌ اراك‌,1304,35137843,53960984545,1521,1512,1545,24,1.58,1536,15,0.99,1490,1570,1400-10-7,2021-12-28
114,سيتا,سرمايه گذاري سيمان تامين,1268,1656102,15858293290,9520,9710,9510,-10,-0.11,9540,20,0.21,9460,9710,1400-10-7,2021-12-28
115,وپسا,س. پتروشيمي ساختمان  خليج فارس,1263,30165108,43597954526,1484,1450,1450,-34,-2.29,1445,-39,-2.63,1440,1470,1400-10-7,2021-12-28
116,خزر,فنرسازي‌زر,1251,7284198,68191029400,9250,9220,9470,220,2.38,9360,110,1.19,8940,9630,1400-10-7,2021-12-28
117,وسكرد,شركت س استان كردستان,1248,81767481,38003311310,476,460,470,-6,-1.26,465,-11,-2.31,459,480,1400-10-7,2021-12-28
118,غپينو,پارس‌ مينو,1246,25554588,55043783588,2106,2072,2211,105,4.99,2154,48,2.28,2070,2211,1400-10-7,2021-12-28
119,لطيف,محصولات كاغذي لطيف,1240,149702,5861387946,38869,39400,39390,521,1.34,38978,109,0.28,38720,39740,1400-10-7,2021-12-28
120,تاپيكو,س. نفت و گاز و پتروشيمي تأمين,1239,11791809,176642720470,15020,15100,14960,-60,-0.4,14980,-40,-0.27,14790,15100,1400-10-7,2021-12-28
121,غمارگ,مارگارين‌,1233,25250559,70263449334,2781,2780,2781,0,0,2783,2,0.07,2700,2870,1400-10-7,2021-12-28
122,آپ,آسان پرداخت پرشين,1230,9548727,94445243500,9480,9480,9950,470,4.96,9890,410,4.32,9400,9950,1400-10-7,2021-12-28
123,حكشتي,كشتيراني جمهوري اسلامي ايران,1222,4698530,64437731760,13630,13720,13730,100,0.73,13680,50,0.37,13450,13920,1400-10-7,2021-12-28
124,بكهنوج,توليد برق ماهتاب كهنوج,1195,54665893,62249359933,1092,1090,1146,54,4.95,1139,47,4.3,1084,1146,1400-10-7,2021-12-28
125,شفنح,ح . پتروشيمي فناوران,1193,6248299,58285662420,9530,9640,9340,-190,-1.99,9330,-200,-2.1,9220,9640,1400-10-7,2021-12-28
126,ديران,ايران‌دارو,1189,4806629,94834844570,18890,19800,19830,940,4.98,19730,840,4.45,19100,19830,1400-10-7,2021-12-28
127,دتماد,توليدمواداوليه‌داروپخش‌,1186,2427489,98424985560,42470,43190,40960,-1510,-3.56,40550,-1920,-4.52,40350,43190,1400-10-7,2021-12-28
128,نهال,صندوق س. طلاي سرخ نوويرا,1184,1910340,38458631256,20798,20698,20128,-670,-3.22,20132,-666,-3.2,19932,20698,1400-10-7,2021-12-28
129,رانفور,خدمات‌انفورماتيك‌,1182,20577955,78522366551,3671,3777,3854,183,4.99,3816,145,3.95,3652,3854,1400-10-7,2021-12-28
130,فجر,فولاد اميركبيركاشان,1175,2704121,66909282940,24270,24000,25180,910,3.75,24740,470,1.94,23850,25340,1400-10-7,2021-12-28
131,خراسان,پتروشيمي خراسان,1168,926025,116737723460,120610,126640,126400,5790,4.8,126060,5450,4.52,124090,126640,1400-10-7,2021-12-28
132,شلعاب,لعابيران‌,1166,8266367,48487887000,6000,5940,5970,-30,-0.5,5870,-130,-2.17,5700,6030,1400-10-7,2021-12-28
133,سحرخيز,صندوق س. گروه زعفران سحرخيز,1158,1995896,36301035828,18525,18521,18255,-270,-1.46,18188,-337,-1.82,17950,18521,1400-10-7,2021-12-28
134,فگستر,گسترش صنايع روي ايرانيان,1130,1830345,20025804645,10420,10941,10941,521,5,10941,521,5,10941,10941,1400-10-7,2021-12-28
135,لكما,كارخانجات‌مخابراتي‌ايران‌,1124,27609887,24862947143,902,903,898,-4,-0.44,901,-1,-0.11,890,915,1400-10-7,2021-12-28
136,قشرين,قند شيرين خراسان,1104,9873740,63720377127,6309,6301,6250,-59,-0.94,6454,145,2.3,6140,6498,1400-10-7,2021-12-28
137,ختوقا,قطعات‌ اتومبيل‌ ايران‌,1080,19297172,48591963334,2502,2500,2510,8,0.32,2518,16,0.64,2423,2580,1400-10-7,2021-12-28
138,تسه0008,امتيازتسهيلات مسكن آبان1400,1070,22218,22435801377,979274,1028237,1023673,44399,4.53,1009803,30529,3.12,987000,1028237,1400-10-7,2021-12-28
139,بجهرم,توسعه مولد نيروگاهي جهرم,1064,13468609,26766568545,1949,1969,1998,49,2.51,1987,38,1.95,1945,2015,1400-10-7,2021-12-28
140,وسين,بيمه سينا,1059,6518880,21263292372,3353,3422,3253,-100,-2.98,3262,-91,-2.71,3253,3422,1400-10-7,2021-12-28
141,غبشهر,صنعتي‌ بهشهر,1056,27636255,108168042408,3946,3880,3920,-26,-0.66,3914,-32,-0.81,3809,3960,1400-10-7,2021-12-28
142,طلا,صندوق س.پشتوانه طلاي لوتوس,1054,632168,57089010772,91222,91000,90400,-822,-0.9,90307,-915,-1,90015,91000,1400-10-7,2021-12-28
143,شبصير,توليدات پتروشيمي قائد بصير,1050,570869,63892905348,115401,112110,111250,-4151,-3.6,111922,-3479,-3.01,109632,114980,1400-10-7,2021-12-28
144,خمحور,توليدمحورخودرو,1046,16206827,50482764857,3183,3150,3101,-82,-2.58,3115,-68,-2.14,3024,3240,1400-10-7,2021-12-28
145,شپاكسا,پاكسان‌,1008,4195414,89292255480,20380,19870,21390,1010,4.96,21280,900,4.42,19870,21390,1400-10-7,2021-12-28
146,زماهان,مجتمع توليد گوشت مرغ ماهان,1005,7261307,50352017571,7087,7380,6783,-304,-4.29,6934,-153,-2.16,6750,7380,1400-10-7,2021-12-28
147,بهپاك,صنعتي بهپاك,1001,20859442,135370595534,6183,6341,6492,309,5,6490,307,4.97,6340,6492,1400-10-7,2021-12-28
148,البرز,بيمه البرز,995,29558896,52956372636,1841,1783,1790,-51,-2.77,1792,-49,-2.66,1770,1826,1400-10-7,2021-12-28
149,پيزد,مجتمع صنايع لاستيك يزد,990,100952,5285713272,52003,51350,52686,683,1.31,52130,127,0.24,51350,52986,1400-10-7,2021-12-28
150,خمهر,مهركام‌پارس‌,985,22759212,41390165394,1841,1820,1790,-51,-2.77,1819,-22,-1.2,1774,1876,1400-10-7,2021-12-28
151,آگاس,صندوق س.هستي بخش آگاه-س,978,971500,77408954238,79733,79226,80087,354,0.44,79680,-53,-0.07,78537,80109,1400-10-7,2021-12-28
152,حفارس,حمل و نقل بين المللي خليج فارس,976,17444112,73284196551,4038,4130,4239,201,4.98,4201,163,4.04,4062,4239,1400-10-7,2021-12-28
153,سفارس,سيمان فارس و خوزستان,969,2569533,45072159110,17680,17760,17380,-300,-1.7,17540,-140,-0.79,17020,18100,1400-10-7,2021-12-28
154,پارس,پتروشيمي پارس,967,407019,74541732060,185930,185930,182200,-3730,-2.01,183830,-2100,-1.13,181000,190000,1400-10-7,2021-12-28
155,شلرد,كود شيميايي اوره لردگان,964,5832063,67295746027,11445,11600,11620,175,1.53,11539,94,0.82,11428,11620,1400-10-7,2021-12-28
156,ورنا,سرمايه‌گذاري‌ رنا(هلدينگ‌,954,12872546,40240586903,3132,3021,3140,8,0.26,3126,-6,-0.19,3021,3200,1400-10-7,2021-12-28
157,فپنتا,سپنتا,949,174694,86190467950,475710,499490,483000,7290,1.53,493380,17670,3.71,480570,499490,1400-10-7,2021-12-28
158,زبينا,كشاورزي و دامپروري بينالود,945,13663354,32543774082,2368,2380,2350,-18,-0.76,2382,14,0.59,2310,2443,1400-10-7,2021-12-28
159,شسپا,نفت سپاهان,944,16997013,59814667414,3535,3597,3570,35,0.99,3523,-12,-0.34,3470,3597,1400-10-7,2021-12-28
160,حريل,ريل پردازسير,941,14127016,33748642691,2366,2346,2417,51,2.16,2389,23,0.97,2306,2430,1400-10-7,2021-12-28
161,وگردش,بانك گردشگري,941,11886838,121806477249,10532,10520,10217,-315,-2.99,10247,-285,-2.71,10217,10520,1400-10-7,2021-12-28
162,حفاري,حفاري شمال,933,11342932,47566062518,4240,4170,4200,-40,-0.94,4193,-47,-1.11,4100,4299,1400-10-7,2021-12-28
163,كاوه,فولاد كاوه جنوب كيش,913,3457950,50629448070,14690,14800,14510,-180,-1.23,14660,-30,-0.2,14490,14800,1400-10-7,2021-12-28
164,وپارس,بانك‌پارسيان‌,909,23056141,45112346026,1935,1940,1969,34,1.76,1943,8,0.41,1926,1983,1400-10-7,2021-12-28
165,كسرا,سراميك‌هاي‌صنعتي‌اردكان‌,907,7193938,101880469240,13700,13940,14380,680,4.96,14160,460,3.36,13460,14380,1400-10-7,2021-12-28
166,ثفارس,عمران‌وتوسعه‌فارس‌,901,6993903,51502507580,7570,7400,7290,-280,-3.7,7360,-210,-2.77,7220,7590,1400-10-7,2021-12-28
167,ومعادن,توسعه‌معادن‌وفلزات‌,898,6436020,64193489730,9940,9940,9980,40,0.4,9960,20,0.2,9800,10140,1400-10-7,2021-12-28
168,بترانس,ايران‌ ترانسفو,895,23745790,50329563957,2104,2100,2128,24,1.14,2120,16,0.76,2077,2143,1400-10-7,2021-12-28
169,شبريز,پالايش نفت تبريز,893,1551012,53398010860,34350,34350,34500,150,0.44,34390,40,0.12,33630,35020,1400-10-7,2021-12-28
170,خمحركه,نيرو محركه‌,884,11612552,41432718879,3535,3490,3563,28,0.79,3568,33,0.93,3450,3648,1400-10-7,2021-12-28
171,وساغربي,شركت س استان آذربايجان غربي,877,53117044,24429433566,461,451,463,2,0.43,460,-1,-0.22,451,467,1400-10-7,2021-12-28
172,ماديرا,صنايع ماديران,877,8865036,48231541060,5268,5185,5531,263,4.99,5441,173,3.28,5183,5531,1400-10-7,2021-12-28
173,فنورد,نوردوقطعات‌ فولادي‌,876,315452,59161353420,179510,186770,187000,7490,4.17,187540,8030,4.47,180690,188480,1400-10-7,2021-12-28
174,سيمرغ,سيمرغ,850,3188935,80892359370,25430,25330,24920,-510,-2.01,25370,-60,-0.24,24570,26490,1400-10-7,2021-12-28
175,ضخود2019,اختيارخ خودرو-2500-1401/02/07,840,33974,6692023000,188,165,206,18,9.57,197,9,4.79,161,210,1400-10-7,2021-12-28
176,فخوز,فولاد  خوزستان,838,6688840,44710726150,6700,6800,6680,-20,-0.3,6690,-10,-0.15,6560,6810,1400-10-7,2021-12-28
177,غاذر,كشت‌وصنعت‌پياذر,824,2350999,81503121850,33310,33500,34970,1660,4.98,34670,1360,4.08,33500,34970,1400-10-7,2021-12-28
178,كبافق,معادن‌ بافق‌,817,1709177,52182953180,29110,30560,30560,1450,4.98,30530,1420,4.88,29800,30560,1400-10-7,2021-12-28
179,پتاير,ايران‌ تاير,816,11172288,22239674016,1950,1940,2014,64,3.28,1991,41,2.1,1920,2039,1400-10-7,2021-12-28
180,وسپه,سرمايه‌گذاري‌ سپه‌,810,6151939,52841001120,8550,8410,8660,110,1.29,8590,40,0.47,8400,8750,1400-10-7,2021-12-28
181,افرا,افرانت,809,2808965,69882604395,25462,25208,24270,-1192,-4.68,24878,-584,-2.29,24189,26570,1400-10-7,2021-12-28
182,پارند,صندوق س. پارند پايدار سپهر,809,26328985,266537630769,10117,10123,10124,7,0.07,10123,6,0.06,10123,10124,1400-10-7,2021-12-28
183,خمهرح,ح . مهركام‌پارس‌,805,16474698,10551086614,646,653,640,-6,-0.93,640,-6,-0.93,614,656,1400-10-7,2021-12-28
184,غبهنوش,بهنوش‌ ايران‌,791,640712,43302279700,65140,63530,68390,3250,4.99,67580,2440,3.75,63520,68390,1400-10-7,2021-12-28
185,وسبحان,سرمايه گذاري سبحان,789,24468553,60138149112,2345,2462,2455,110,4.69,2458,113,4.82,2389,2462,1400-10-7,2021-12-28
186,تسه0006,امتيازتسهيلات مسكن شهريور1400,789,20329,20567574526,977199,1026058,1026000,48801,4.99,1011736,34537,3.53,978122,1026058,1400-10-7,2021-12-28
187,اتكاي,بيمه اتكايي ايرانيان,786,4544857,48008275023,10574,10290,10560,-14,-0.13,10563,-11,-0.1,10290,10840,1400-10-7,2021-12-28
188,كلر,كلر پارس,777,468737,49344080275,106698,107900,104690,-2008,-1.88,105270,-1428,-1.34,104250,107900,1400-10-7,2021-12-28
189,فسازانح,ح . غلتك سازان سپاهان,769,5568123,15862441885,2798,2798,2880,82,2.93,2849,51,1.82,2700,2950,1400-10-7,2021-12-28
190,تملت,تامين سرمايه بانك ملت,765,3856954,9771400587,2499,2505,2536,37,1.48,2520,21,0.84,2505,2550,1400-10-7,2021-12-28
191,ضجار1023,اختيارخ وتجارت-2500-1400/10/15,765,37714,37817000,1,1,2,1,100,1,0,0,1,2,1400-10-7,2021-12-28
192,كپارس,كاشي‌ پارس‌,764,5409526,36990297080,6630,6600,6960,330,4.98,6840,210,3.17,6400,6960,1400-10-7,2021-12-28
193,خودكفا,اقتصادي و خودكفايي آزادگان,762,8418182,58726712889,6794,6800,6997,203,2.99,6976,182,2.68,6800,6997,1400-10-7,2021-12-28
194,فروي,ذوب روي اصفهان,760,1093942,19268335584,17827,18230,17512,-315,-1.77,17614,-213,-1.19,17400,18230,1400-10-7,2021-12-28
195,فروس,فروسيليس‌ ايران‌,759,9741987,63316608890,6430,6250,6490,60,0.93,6500,70,1.09,6250,6600,1400-10-7,2021-12-28
196,بالبر,كابل‌ البرز,750,1851415,49565950540,25610,26890,26890,1280,5,26770,1160,4.53,25970,26890,1400-10-7,2021-12-28
197,وكار,بانك‌ كارآفرين‌,733,26495403,67059053907,2557,2470,2500,-57,-2.23,2531,-26,-1.02,2470,2570,1400-10-7,2021-12-28
198,زكوثر,سرمايه گذاري كشاورزي كوثر,724,1534934,22543914950,15160,14600,14780,-380,-2.51,14690,-470,-3.1,14410,14990,1400-10-7,2021-12-28
199,شغدير,پتروشيمي غدير,723,440562,40366855240,91480,92700,91740,260,0.28,91600,120,0.13,90900,92700,1400-10-7,2021-12-28
200,ارفع,شركت آهن و فولاد ارفع,720,1324928,19420153382,14680,14600,14730,50,0.34,14674,-6,-0.04,14380,14799,1400-10-7,2021-12-28
201,وساپا,سرمايه‌گذاري‌ سايپا,711,11443713,49277893014,4251,4214,4300,49,1.15,4306,55,1.29,4140,4368,1400-10-7,2021-12-28
202,سصفها,سيمان‌اصفهان‌,708,1317977,32008018370,24540,24630,24450,-90,-0.37,24290,-250,-1.02,23360,25250,1400-10-7,2021-12-28
203,اپال,فرآوري معدني اپال كاني پارس,706,658168,14981310450,22760,22760,22790,30,0.13,22760,0,0,22750,22800,1400-10-7,2021-12-28
204,وسكرمان,س.سهام عدالت استان كرمان,702,45448817,21183644360,471,455,469,-2,-0.42,468,-3,-0.64,455,475,1400-10-7,2021-12-28
205,خشرق,الكتريك‌ خودرو شرق‌,700,4153043,49384753640,11780,12300,12010,230,1.95,11890,110,0.93,11360,12300,1400-10-7,2021-12-28
206,كسرام,پارس‌ سرام‌,700,7639583,36012364567,4909,5000,4664,-245,-4.99,4714,-195,-3.97,4664,5000,1400-10-7,2021-12-28
207,ثاخت,بين‌المللي‌توسعه‌ساختمان,700,13496080,25153528997,1850,1868,1851,1,0.05,1864,14,0.76,1811,1887,1400-10-7,2021-12-28
208,غمينو,شركت صنايع غذايي مينو شرق,686,10280255,43973438605,4121,4131,4327,206,5,4277,156,3.79,4106,4327,1400-10-7,2021-12-28
209,تسه0007,امتيازتسهيلات مسكن مهر1400,679,12289,12406482881,975233,1023994,1023994,48761,5,1009560,34327,3.52,941122,1023994,1400-10-7,2021-12-28
210,تكشا,گسترش‌صنايع‌وخدمات‌كشاورزي‌,679,2067566,79696711480,36800,38640,38640,1840,5,38550,1750,4.76,37280,38640,1400-10-7,2021-12-28
211,شاوان,پالايش نفت لاوان,679,300479,40913456605,137200,138390,136100,-1100,-0.8,136517,-683,-0.5,134100,138500,1400-10-7,2021-12-28
212,فايرا,آلومينيوم‌ايران‌,678,7240747,123426283070,16360,16220,17170,810,4.95,17050,690,4.22,16150,17170,1400-10-7,2021-12-28
213,فلوله,لوله‌وماشين‌سازي‌ايران‌,667,26523464,28119515393,1063,1080,1054,-9,-0.85,1060,-3,-0.28,1045,1088,1400-10-7,2021-12-28
214,خفنر,فنرسازي‌خاور,663,3651509,26386777810,7280,7180,7200,-80,-1.1,7230,-50,-0.69,7050,7410,1400-10-7,2021-12-28
215,دامين,داروسازي‌ امين‌,660,12226101,30035152279,2363,2390,2461,98,4.15,2457,94,3.98,2356,2481,1400-10-7,2021-12-28
216,سنيرح,ح . سيمان‌ سفيدني‌ريز,660,1293334,27993716620,21330,21400,21950,620,2.91,21640,310,1.45,20610,22290,1400-10-7,2021-12-28
217,آ س پ,آ.س.پ,646,3648231,22019269860,5931,5810,5945,14,0.24,6036,105,1.77,5810,6179,1400-10-7,2021-12-28
218,كرماشا,صنايع پتروشيمي كرمانشاه,645,784025,44334539870,57040,56950,57000,-40,-0.07,56770,-270,-0.47,55790,57000,1400-10-7,2021-12-28
219,ولساپا,ليزينگ رايان‌ سايپا,644,12704941,19720946735,1540,1526,1536,-4,-0.26,1552,12,0.78,1491,1589,1400-10-7,2021-12-28
220,كگل,معدني و صنعتي گل گهر,642,3685071,83138312860,22540,22830,22720,180,0.8,22550,10,0.04,22390,22830,1400-10-7,2021-12-28
221,ملت,بيمه ملت,636,32013915,36979273400,1145,1130,1171,26,2.27,1155,10,0.87,1130,1171,1400-10-7,2021-12-28
222,شگل,گلتاش‌,635,4599453,28679006350,6270,6120,6260,-10,-0.16,6240,-30,-0.48,6120,6390,1400-10-7,2021-12-28
223,خموتور,موتورسازان‌تراكتورسازي‌ايران‌,633,5985601,31108524930,5260,5120,5210,-50,-0.95,5200,-60,-1.14,5090,5290,1400-10-7,2021-12-28
224,شرنگي,شيميايي رنگين,633,254968,49161771055,190879,191220,194300,3421,1.79,192815,1936,1.01,190007,195999,1400-10-7,2021-12-28
225,ثتران,سرمايه گذاري مسكن تهران,630,9642264,30647357190,3136,3170,3220,84,2.68,3178,42,1.34,3060,3280,1400-10-7,2021-12-28
226,وگستر,گسترش سرمايه گذاري ايرانيان,627,5410549,29258874904,5276,5490,5460,184,3.49,5408,132,2.5,5110,5539,1400-10-7,2021-12-28
227,غويتا,ويتانا,626,3728247,20955184898,5636,5500,5633,-3,-0.05,5621,-15,-0.27,5434,5740,1400-10-7,2021-12-28
228,فولاي,صنايع فولاد آلياژي يزد,623,1890812,28873150017,15105,14822,15530,425,2.81,15270,165,1.09,14810,15700,1400-10-7,2021-12-28
229,دسانكو,داروسازي سبحان انكولوژي,623,2268419,28601417704,12805,12980,12699,-106,-0.83,12609,-196,-1.53,12270,12980,1400-10-7,2021-12-28
230,وسكرشا,س.سهام عدالت استان كرمانشاه,620,38152481,17908463127,476,460,473,-3,-0.63,469,-7,-1.47,460,477,1400-10-7,2021-12-28
231,خرينگ,رينگ‌سازي‌مشهد,616,1190296,32719288170,27470,27000,27440,-30,-0.11,27490,20,0.07,26750,28200,1400-10-7,2021-12-28
232,ونوين,بانك‌اقتصادنوين‌,612,10831327,35599988336,3298,3296,3318,20,0.61,3288,-10,-0.3,3200,3321,1400-10-7,2021-12-28
233,غسالم,سالمين‌,606,7777240,21969441971,2804,2741,2832,28,1,2825,21,0.75,2741,2855,1400-10-7,2021-12-28
234,شجم,صنايع پتروشيمي تخت جمشيد,605,2756549,34904836475,12794,12460,12880,86,0.67,12663,-131,-1.02,12155,12980,1400-10-7,2021-12-28
235,زشريف,كشت وصنعت شريف آباد,604,7306858,24107613910,3273,3299,3299,26,0.79,3299,26,0.79,3275,3370,1400-10-7,2021-12-28
236,پارسان,گسترش نفت و گاز پارسيان,601,2284167,78266053240,34220,34220,34290,70,0.2,34250,30,0.09,34220,34700,1400-10-7,2021-12-28
237,كگهر,سنگ آهن گهرزمين,601,1566247,75189215271,47638,47750,48748,1110,2.33,47863,225,0.47,47640,49500,1400-10-7,2021-12-28
238,ونيرو,سرمايه‌گذاري‌نيرو,601,11903545,24263063098,2043,2045,2055,12,0.59,2038,-5,-0.24,2001,2064,1400-10-7,2021-12-28
239,گكوثر,هتل پارسيان كوثر اصفهان,601,12150498,19245017242,1568,1580,1600,32,2.04,1584,16,1.02,1533,1630,1400-10-7,2021-12-28
240,كفراح,ح . فراورده‌ هاي‌ نسوزايران‌,598,3448338,18331389810,5450,5350,5290,-160,-2.94,5320,-130,-2.39,5210,5450,1400-10-7,2021-12-28
241,كاذر,فرآورده‌هاي‌نسوزآذر,596,2415102,31961925400,12880,12980,13480,600,4.66,13230,350,2.72,12560,13520,1400-10-7,2021-12-28
242,كنور,توسعه معدني و صنعتي صبانور,594,1773467,33912428810,19460,19460,19000,-460,-2.36,19340,-120,-0.62,18890,19720,1400-10-7,2021-12-28
243,فولاژ,فولاد آلياژي ايران,591,1886195,32570532830,17700,17900,17600,-100,-0.56,17530,-170,-0.96,17100,17900,1400-10-7,2021-12-28
244,سغدير,توسعه سرمايه و صنعت غدير,588,1847851,28754028460,15659,15659,15400,-259,-1.65,15561,-98,-0.63,15371,15800,1400-10-7,2021-12-28
245,سشرق,سيمان‌ شرق‌,586,3316960,24655004490,7480,7520,7420,-60,-0.8,7430,-50,-0.67,7260,7700,1400-10-7,2021-12-28
246,تپمپي,پمپ‌ سازي‌ ايران‌,580,1910094,40890457330,21810,20800,21550,-260,-1.19,21410,-400,-1.83,20750,21940,1400-10-7,2021-12-28
247,واميد,گروه مديريت سرمايه گذاري اميد,574,3531100,50394699710,14190,14580,14460,270,1.9,14220,30,0.21,14010,14620,1400-10-7,2021-12-28
248,وصنعت,سرمايه گذاري توسعه صنعت وتجارت,573,5294742,36204627800,6900,6850,6790,-110,-1.59,6840,-60,-0.87,6790,6950,1400-10-7,2021-12-28
249,خكار,ايركا پارت صنعت,564,11357446,35813742649,3036,3080,3187,151,4.97,3153,117,3.85,3039,3187,1400-10-7,2021-12-28
250,ضخود2020,اختيارخ خودرو-3000-1401/02/07,562,34913,3241506000,79,80,93,14,17.72,93,14,17.72,71,100,1400-10-7,2021-12-28
251,وبانك,سرمايه گذاري گروه توسعه ملي,562,6450347,55569386970,8680,8630,8590,-90,-1.04,8640,-40,-0.46,8540,8720,1400-10-7,2021-12-28
252,ضخود1051,اختيارخ خودرو-1800-1400/10/08,558,29122,5346873000,188,197,180,-8,-4.26,184,-4,-2.13,135,208,1400-10-7,2021-12-28
253,شفا,سرمايه گذاري شفادارو,556,2727659,36941425470,12950,13450,13590,640,4.94,13540,590,4.56,13110,13590,1400-10-7,2021-12-28
254,كسعدي,كاشي‌ سعدي‌,554,4335393,32948436130,7500,7540,7870,370,4.93,7600,100,1.33,7250,7870,1400-10-7,2021-12-28
255,رمپنا,گروه مپنا (سهامي عام),553,3584950,59180962200,16190,16190,16460,270,1.67,16340,150,0.93,16000,16770,1400-10-7,2021-12-28
256,ساوه,سيمان ساوه,549,324669,15496574594,46808,47500,48041,1233,2.63,47692,884,1.89,47198,48073,1400-10-7,2021-12-28
257,ياقوت,صندوق س ياقوت آگاه-ثابت,547,12317917,170793832248,13858,13866,13879,21,0.15,13865,7,0.05,13865,13879,1400-10-7,2021-12-28
258,قتربت,قند تربت حيدريه,542,80494,4150444009,51837,52699,51110,-727,-1.4,51720,-117,-0.23,50823,52700,1400-10-7,2021-12-28
259,وايران,ليزينگ ايرانيان,540,6174669,18156507990,2911,2930,2931,20,0.69,2940,29,1,2813,3011,1400-10-7,2021-12-28
260,سبزوا,سيمان لار سبزوار,536,6480899,12506511073,1929,1960,1924,-5,-0.26,1930,1,0.05,1882,1960,1400-10-7,2021-12-28
261,پلاست,كارخانجات توليدي پلاستيران,535,2428133,17324023325,7171,6956,7273,102,1.42,7135,-36,-0.5,6956,7350,1400-10-7,2021-12-28
262,خاذين,سايپاآذين‌,534,9172161,24231973996,2628,2650,2650,22,0.84,2642,14,0.53,2550,2724,1400-10-7,2021-12-28
263,دماوند,توليد نيروي برق دماوند,532,1124111,21506349910,19019,19264,19070,51,0.27,19076,57,0.3,18891,19273,1400-10-7,2021-12-28
264,تاصيكو,سرمايه گذاري صدرتامين,529,6047311,53722921440,8780,9050,8840,60,0.68,8830,50,0.57,8750,9050,1400-10-7,2021-12-28
265,هماي,صندوق س هماي آگاه-ثابت,525,6267645,62962420800,10040,10046,10046,6,0.06,10046,6,0.06,10043,10046,1400-10-7,2021-12-28
266,كروي,توسعه‌ معادن‌ روي‌ ايران‌,522,1648856,38874264730,23200,23800,23830,630,2.72,23580,380,1.64,23000,24100,1400-10-7,2021-12-28
267,اطلس,صندوق س.توسعه اندوخته آينده-س,522,133688,33050576559,247605,247600,247570,-35,-0.01,247222,-383,-0.15,245510,247990,1400-10-7,2021-12-28
268,تابا,تابان نيرو سپاهان,522,1117696,21894505212,20163,19563,19559,-604,-3,19589,-574,-2.85,19559,20290,1400-10-7,2021-12-28
269,شكلر,نيروكلر,521,421389,17668280470,41410,40100,42230,820,1.98,41930,520,1.26,40100,43250,1400-10-7,2021-12-28
270,غگلستا,شير پاستوريزه پگاه گلستان,518,2960965,31202479108,10287,10340,10640,353,3.43,10538,251,2.44,10312,10793,1400-10-7,2021-12-28
271,بسويچ,پارس‌سويچ‌,516,930187,13359885210,13800,14150,14440,640,4.64,14270,470,3.41,14150,14490,1400-10-7,2021-12-28
272,وتوصا,گروه س توسعه صنعتي ايران,514,2631234,27689434780,10550,10310,10700,150,1.42,10520,-30,-0.28,10190,10750,1400-10-7,2021-12-28
273,شپترو,پتروشيمي آبادان,507,5405951,15261944378,2854,2804,2827,-27,-0.95,2823,-31,-1.09,2781,2874,1400-10-7,2021-12-28
274,غبهار,كشت وصنعت بهاران گلبهار خراسان,506,3078933,50100397776,16775,16272,16272,-503,-3,16272,-503,-3,16272,16272,1400-10-7,2021-12-28
275,گوهران,سرمايه گذاري توسعه گوهران اميد,506,2585711,14069497192,5405,5500,5419,14,0.26,5438,33,0.61,5371,5568,1400-10-7,2021-12-28
276,دابور,داروسازي‌ ابوريحان‌,504,1122598,24707147250,21640,22190,22690,1050,4.85,22010,370,1.71,21000,22690,1400-10-7,2021-12-28
277,سامان,بانك سامان,496,17911743,120825564549,6696,6605,6714,18,0.27,6746,50,0.75,6601,6799,1400-10-7,2021-12-28
278,قرن,پديده شيمي قرن,494,754922,16196561010,21270,21300,21550,280,1.32,21440,170,0.8,21210,21990,1400-10-7,2021-12-28
279,هكشو208,اختيارف ت پاكشو10000-02/08/29,493,41888373,18472772493,427,441,441,14,3.28,441,14,3.28,441,441,1400-10-7,2021-12-28
280,فاسمين,كالسيمين‌,489,1919031,33637343230,17640,17550,17400,-240,-1.36,17550,-90,-0.51,17200,17830,1400-10-7,2021-12-28
281,نطرين,عطرين نخ قم,485,2497443,18127005959,7179,7120,7390,211,2.94,7258,79,1.1,7000,7499,1400-10-7,2021-12-28
282,كفپارس,فرآورده‌هاي‌ نسوز پارس‌,484,4447735,12694449175,2793,2795,2875,82,2.94,2846,53,1.9,2770,2910,1400-10-7,2021-12-28
283,هرمز,فولاد هرمزگان جنوب,479,1232737,19314723525,15541,15544,15690,149,0.96,15560,19,0.12,15410,15855,1400-10-7,2021-12-28
284,چكاپا,گروه صنايع كاغذ پارس,473,5600205,16819116970,3060,3077,3013,-47,-1.54,3003,-57,-1.86,2972,3077,1400-10-7,2021-12-28
285,خوساز,محورسازان‌ايران‌خودرو,472,4440506,33136623400,7190,6980,7540,350,4.87,7460,270,3.76,6980,7540,1400-10-7,2021-12-28
286,وآذر,سرمايه‌گذاري‌توسعه‌آذربايجان‌,467,460879,17028529260,37870,36600,37400,-470,-1.24,36950,-920,-2.43,36200,37880,1400-10-7,2021-12-28
287,زشگزا,شير و گوشت زاگرس شهركرد,466,2714407,13574325942,5123,5150,4970,-153,-2.99,5016,-107,-2.09,4910,5150,1400-10-7,2021-12-28
288,جم پيلن,پلي پروپيلن جم - جم پيلن,465,241647,29532603540,121840,123000,124180,2340,1.92,121950,110,0.09,120000,124500,1400-10-7,2021-12-28
289,رنيك,جنرال مكانيك,462,8331816,92451183340,11093,11130,11157,64,0.58,11096,3,0.03,10905,11410,1400-10-7,2021-12-28
290,كمنگنز,معادن‌منگنزايران‌,462,202326,12528290360,61790,61790,61870,80,0.13,61900,110,0.18,61010,63200,1400-10-7,2021-12-28
291,شبهرن,نفت‌ بهران‌,461,1050276,11842177470,11280,11250,11270,-10,-0.09,11280,0,0,11150,11300,1400-10-7,2021-12-28
292,تسه0005,امتيازتسهيلات مسكن مرداد 1400,460,8468,8595986315,988905,970122,1020000,31095,3.14,1015114,26209,2.65,970122,1038350,1400-10-7,2021-12-28
293,فرآور,فرآوري‌موادمعدني‌ايران‌,460,1008283,29319551980,29220,29500,29110,-110,-0.38,29080,-140,-0.48,28080,29500,1400-10-7,2021-12-28
294,فردا,صندوق س آواي فرداي زاگرس-ثابت,460,20407984,246750092188,12084,12090,12090,6,0.05,12091,7,0.06,12090,12092,1400-10-7,2021-12-28
295,وحكمت,بيمه حكمت صبا,458,6763228,21230718020,3074,2990,3166,92,2.99,3139,65,2.11,2990,3166,1400-10-7,2021-12-28
296,فنفت,صنايع تجهيزات نفت,454,2318761,38702343147,16219,16240,16705,486,3,16691,472,2.91,16240,16705,1400-10-7,2021-12-28
297,وپاسار,بانك  پاسارگاد,452,8726033,121776735720,13950,13950,13960,10,0.07,13960,10,0.07,13940,14100,1400-10-7,2021-12-28
298,ددام,داروسازي زاگرس فارمد پارس,451,2555548,21443681180,8700,8450,8380,-320,-3.68,8390,-310,-3.56,8270,8870,1400-10-7,2021-12-28
299,وساخت,سرمايه‌ گذاري‌ ساختمان‌ايران‌,450,527807,19078251960,36430,36890,36550,120,0.33,36150,-280,-0.77,35560,36890,1400-10-7,2021-12-28
300,حتايد,تايدواترخاورميانه,444,4584502,20289544960,4528,4546,4520,-8,-0.18,4426,-102,-2.25,4341,4546,1400-10-7,2021-12-28
301,تبرك,گروه كارخانجات صنعتي تبرك,443,2283412,18415970826,8229,8247,8129,-100,-1.22,8065,-164,-1.99,7975,8247,1400-10-7,2021-12-28
302,ثتوسا,س.توسعه و عمران استان اردبيل,443,1389784,19632813963,14487,14053,14053,-434,-3,14127,-360,-2.48,14053,14469,1400-10-7,2021-12-28
303,چدن,توليدي چدن سازان,441,5432934,13409510021,2438,2449,2489,51,2.09,2464,26,1.07,2446,2490,1400-10-7,2021-12-28
304,كساوه,صنايع‌ كاشي‌ و سراميك‌ سينا,441,734989,31331944580,41430,42000,43240,1810,4.37,42630,1200,2.9,41120,43500,1400-10-7,2021-12-28
305,توريل,توكاريل,439,3138040,25577073935,7783,8167,8172,389,5,8151,368,4.73,7841,8172,1400-10-7,2021-12-28
306,ارزش,صندوق س ارزش آفرين بيدار-سهام,438,2283915,21838551010,9560,9430,9610,50,0.52,9560,0,0,9410,9630,1400-10-7,2021-12-28
307,كپرور,فرآوري زغال سنگ پروده طبس,435,623916,17592326135,28742,29790,27800,-942,-3.28,28197,-545,-1.9,27510,29790,1400-10-7,2021-12-28
308,غشهداب,كشت و صنعت شهداب ناب خراسان,431,4865142,13270391610,2733,2681,2732,-1,-0.04,2728,-5,-0.18,2681,2760,1400-10-7,2021-12-28
309,زكشت,كشاورزي مكانيزه اصفهان كشت,425,926577,16230786341,17636,17800,17340,-296,-1.68,17517,-119,-0.67,16907,17970,1400-10-7,2021-12-28
310,فمراد,آلومراد,424,1051480,13510124090,13200,13350,12940,-260,-1.97,12890,-310,-2.35,12600,13380,1400-10-7,2021-12-28
311,دتوليد,داروسازي توليد دارو,424,2016821,16583644314,8258,8259,8243,-15,-0.18,8223,-35,-0.42,7933,8370,1400-10-7,2021-12-28
312,بكامح,ح.كارخانجات توليدي شهيد قندي,424,8200126,4861231973,596,585,593,-3,-0.5,593,-3,-0.5,570,607,1400-10-7,2021-12-28
313,همراه,شركت ارتباطات سيار ايران,423,2666440,21859595100,8210,8340,8250,40,0.49,8210,0,0,8100,8350,1400-10-7,2021-12-28
314,ثپرديس,سرمايه گذاري مسكن پرديس,423,4955200,18426677153,3563,3679,3741,178,5,3719,156,4.38,3565,3741,1400-10-7,2021-12-28
315,حخزر,كشتيراني درياي خزر,422,1159654,16404254778,13779,14467,13910,131,0.95,14144,365,2.65,13650,14467,1400-10-7,2021-12-28
316,ولغدر,ليزينگ‌خودروغدير,420,2368623,17449163630,7190,7270,7540,350,4.87,7370,180,2.5,6950,7540,1400-10-7,2021-12-28
317,ثمسكن,سرمايه‌گذاري‌ مسكن‌,420,4229097,15647249472,3697,3738,3740,43,1.16,3700,3,0.08,3625,3749,1400-10-7,2021-12-28
318,لسرما,سرما آفرين‌,419,1877150,36545804510,18560,19480,19480,920,4.96,19470,910,4.9,18850,19480,1400-10-7,2021-12-28
319,خاهن,آهنگري‌ تراكتورسازي‌ ايران‌,417,2953190,13188082659,4551,4500,4480,-71,-1.56,4507,-44,-0.97,4370,4554,1400-10-7,2021-12-28
320,كامياب,صندوق س. كامياب آشنا-د,416,7732666,86210340604,11142,11149,11149,7,0.06,11149,7,0.06,11148,11149,1400-10-7,2021-12-28
321,اپرداز,آتيه داده پرداز,414,800200,17707117491,21411,21799,22283,872,4.07,22128,717,3.35,21583,22400,1400-10-7,2021-12-28
322,چفيبر,فيبر ايران‌,414,8557145,59643144750,6660,6930,6990,330,4.95,6970,310,4.65,6710,6990,1400-10-7,2021-12-28
323,ثرود,سرمايه‌گذاري مسكن زاينده رود,413,2882090,16249954603,5758,5600,5561,-197,-3.42,5638,-120,-2.08,5538,5750,1400-10-7,2021-12-28
324,غديس,پاكديس,410,2090877,25013561886,11930,11600,12167,237,1.99,11963,33,0.28,11450,12230,1400-10-7,2021-12-28
325,بموتو,موتوژن‌,408,544807,43999120570,81580,79070,79900,-1680,-2.06,80760,-820,-1.01,78250,81800,1400-10-7,2021-12-28
326,شاملاح,ح . معدني‌ املاح‌  ايران‌,408,2243169,18548031620,7990,8200,8320,330,4.13,8270,280,3.5,8100,8400,1400-10-7,2021-12-28
327,شتوكا,توكا رنگ فولاد سپاهان,407,1907762,27076415583,13527,14203,14203,676,5,14193,666,4.92,14000,14203,1400-10-7,2021-12-28
328,سپاها,سيمان‌سپاهان‌,406,1913359,14403687900,7690,7450,7610,-80,-1.04,7540,-150,-1.95,7380,7710,1400-10-7,2021-12-28
329,فزرين,زرين معدن آسيا,403,1832217,22386406546,11984,11709,12123,139,1.16,12218,234,1.95,11709,12560,1400-10-7,2021-12-28
330,فسازان,غلتك سازان سپاهان,402,2464453,11320742134,4518,4421,4609,91,2.01,4575,57,1.26,4421,4640,1400-10-7,2021-12-28
331,بكام,كارخانجات توليدي شهيد قندي,401,6395830,10128676555,1596,1585,1596,0,0,1588,-8,-0.5,1564,1620,1400-10-7,2021-12-28
332,غفارس,شير پاستوريزه پگاه فارس,399,2538068,13926010124,5305,5489,5538,233,4.39,5462,157,2.96,5311,5550,1400-10-7,2021-12-28
333,ثعمرا,عمران و توسعه شاهد,398,1728940,13014895607,7487,7750,7368,-119,-1.59,7522,35,0.47,7222,7798,1400-10-7,2021-12-28
334,وآوا,سرمايه گذاري آوا نوين,393,2747246,7395310337,2709,2663,2723,14,0.52,2701,-8,-0.3,2654,2763,1400-10-7,2021-12-28
335,كيميا,معدني كيمياي زنجان گستران,393,1848930,24771317865,13051,13076,13538,487,3.73,13398,347,2.66,12990,13590,1400-10-7,2021-12-28
336,وهور,مديريت انرژي اميد  تابان هور,392,8732258,11395770929,1283,1309,1320,37,2.88,1290,7,0.55,1285,1320,1400-10-7,2021-12-28
337,بايكا,كارخانجات كابلسازي ‌ايران‌,390,702744,11058186555,16136,15680,16100,-36,-0.22,15736,-400,-2.48,15652,16100,1400-10-7,2021-12-28
338,شفارس,صنايع‌ شيميايي‌ فارس‌,388,10571785,11066379655,1049,1068,1046,-3,-0.29,1047,-2,-0.19,1030,1068,1400-10-7,2021-12-28
339,زنگان,صنعت روي زنگان,386,291434,17026414330,58929,58000,58330,-599,-1.02,58423,-506,-0.86,57510,60100,1400-10-7,2021-12-28
340,غپاك,لبنيات‌ پاك‌,386,1182930,14976525910,12610,12230,12610,0,0,12660,50,0.4,12230,12900,1400-10-7,2021-12-28
341,كمينا,شيشه سازي مينا,384,1784842,16364158820,8957,8990,9132,175,1.95,9168,211,2.36,8990,9225,1400-10-7,2021-12-28
342,وخاور,بانك خاورميانه,383,3652712,18216390830,4950,4980,4980,30,0.61,4960,10,0.2,4900,5030,1400-10-7,2021-12-28
343,چكاوه,صنايع‌كاغذسازي‌كاوه‌,383,2489731,18999658470,7730,7920,7730,0,0,7630,-100,-1.29,7500,7920,1400-10-7,2021-12-28
344,سصوفي,سيمان‌ صوفيان‌,383,894059,13736183230,15160,15640,15520,360,2.37,15320,160,1.06,15010,15770,1400-10-7,2021-12-28
345,شيراز,پتروشيمي‌شيراز,382,683464,54270412200,79270,80990,79900,630,0.79,79340,70,0.09,79270,80990,1400-10-7,2021-12-28
346,سكه0012پ01,تمام سكه طرح جديد0012رفاه,381,122400,157107178900,1295220,1286000,1283301,-11919,-0.92,1283555,-11665,-0.9,1281502,1286500,1400-10-7,2021-12-28
347,وسكاب,س.ص.بازنشستگي كاركنان بانكها,380,5839576,17607281479,3060,3020,3000,-60,-1.96,3015,-45,-1.47,2997,3060,1400-10-7,2021-12-28
348,ختراك,ريخته‌گري‌ تراكتورسازي‌ ايران‌,380,3318593,17326532858,5230,5101,5190,-40,-0.76,5221,-9,-0.17,5090,5333,1400-10-7,2021-12-28
349,دكپسول,توليد ژلاتين كپسول ايران,378,402425,12092944943,30636,30025,30001,-635,-2.07,30157,-479,-1.56,29111,30989,1400-10-7,2021-12-28
350,تسه0003,امتيازتسهيلات مسكن خرداد1400,378,7558,7668525089,982527,1031653,1020000,37473,3.81,1014624,32097,3.27,965101,1031653,1400-10-7,2021-12-28
351,والبر,سرمايه‌ گذاري‌ البرز(هلدينگ‌,378,1993381,15036431680,7300,7230,7620,320,4.38,7440,140,1.92,7180,7660,1400-10-7,2021-12-28
352,وسينا,بانك سينا,377,16706103,39783752482,2374,2306,2385,11,0.46,2381,7,0.29,2305,2411,1400-10-7,2021-12-28
353,آبين,كشت و صنعت آبشيرين,376,7263460,12276339386,1741,1689,1689,-52,-2.99,1690,-51,-2.93,1689,1720,1400-10-7,2021-12-28
354,آريان,سرمايه گذاري پارس آريان,372,1493938,21084488445,14160,14300,14400,240,1.69,14150,-10,-0.07,13941,14420,1400-10-7,2021-12-28
355,تسه0004,امتيازتسهيلات مسكن تير1400,371,7750,7858400612,985847,986001,1020000,34153,3.46,1013987,28140,2.85,965122,1035139,1400-10-7,2021-12-28
356,ودي,بيمه  دي,367,3925212,16616600413,4223,4353,4243,20,0.47,4233,10,0.24,4193,4353,1400-10-7,2021-12-28
357,سيستم,همكاران سيستم,366,8819252,45250287954,4920,4930,5166,246,5,5131,211,4.29,4930,5166,1400-10-7,2021-12-28
358,وملل,اعتباري ملل,362,1766272,16370529054,9116,9570,9200,84,0.92,9183,67,0.73,9001,9570,1400-10-7,2021-12-28
359,شدوص,دوده‌ صنعتي‌ پارس‌,361,2048476,26107546750,12480,12770,12820,340,2.72,12740,260,2.08,12440,12990,1400-10-7,2021-12-28
360,وپترو,سرمايه‌گذاري صنايع پتروشيمي‌,358,1613891,17188807950,10670,10600,10860,190,1.78,10650,-20,-0.19,10360,10860,1400-10-7,2021-12-28
361,مدير,ص.س.مديريت ثروت ص.بازنشستگي-س,357,1039609,10099804642,9781,9759,9730,-51,-0.52,9715,-66,-0.67,9627,9777,1400-10-7,2021-12-28
362,ومهان,گروه توسعه مالي مهر آيندگان,352,2630509,11949692445,4621,4550,4525,-96,-2.08,4604,-17,-0.37,4450,4650,1400-10-7,2021-12-28
363,تسه0002,امتيازتسهيلاتمسكن ارديبهشت1400,351,7443,7530249657,987588,980001,1020000,32412,3.28,1011722,24134,2.44,980001,1036967,1400-10-7,2021-12-28
364,شدوصح,ح . دوده‌ صنعتي‌ پارس‌,348,3230678,25028452730,7550,7550,7800,250,3.31,7750,200,2.65,7510,7900,1400-10-7,2021-12-28
365,لخزر,پارس‌ خزر,345,101439,11249068160,110070,113680,113290,3220,2.93,110700,630,0.57,107510,113680,1400-10-7,2021-12-28
366,دروز,داروسازي‌ روزدارو,343,638426,15535709840,24910,25500,24360,-550,-2.21,24330,-580,-2.33,23700,25500,1400-10-7,2021-12-28
367,سفار,سيمان‌فارس‌,343,187645,10206762370,56490,55000,54270,-2220,-3.93,55070,-1420,-2.51,53980,55670,1400-10-7,2021-12-28
368,شكربن,كربن‌ ايران‌,342,169391,16240389930,96410,98800,95170,-1240,-1.29,95880,-530,-0.55,94510,98800,1400-10-7,2021-12-28
369,شنفت,نفت‌ پارس‌,340,933995,9416888150,10390,10370,10070,-320,-3.08,10350,-40,-0.38,9880,10370,1400-10-7,2021-12-28
370,غشوكو,شوكو پارس,339,1720909,13486117436,7712,7535,7943,231,3,7837,125,1.62,7499,7943,1400-10-7,2021-12-28
371,آوا,صندوق س.سهام آواي معيار-س,337,1273696,10010445910,7914,7900,7893,-21,-0.27,7859,-55,-0.69,7773,7970,1400-10-7,2021-12-28
372,تكمبا,كمباين‌ سازي‌ ايران‌,335,3329075,12460519991,3711,3720,3820,109,2.94,3736,25,0.67,3651,3849,1400-10-7,2021-12-28
373,ورازي,بيمه رازي,335,13088779,17819592486,1403,1361,1361,-42,-2.99,1361,-42,-2.99,1361,1385,1400-10-7,2021-12-28
374,عيار,صندوق سكه طلاي مفيد,332,1540201,49926582657,32687,33000,32440,-247,-0.76,32416,-271,-0.83,32350,33000,1400-10-7,2021-12-28
375,بمپنا,توليد برق عسلويه  مپنا,331,2756313,18133649679,6382,6700,6610,228,3.57,6558,176,2.76,6466,6700,1400-10-7,2021-12-28
376,زدشت,كشت و صنعت دشت خرم دره,331,1892076,25556990381,14065,13600,13362,-703,-5,13507,-558,-3.97,13362,14000,1400-10-7,2021-12-28
377,ضخود1049,اختيارخ خودرو-1400-1400/10/08,330,12301,7112536000,576,570,581,5,0.87,578,2,0.35,511,619,1400-10-7,2021-12-28
378,غالبر,لبنيات‌ كالبر,328,1401969,17596590260,12630,12830,12700,70,0.55,12550,-80,-0.63,12270,12830,1400-10-7,2021-12-28
379,سرچشمه,سرمايه گذاري مس سرچشمه,328,2875979,15036654425,5318,5360,5240,-78,-1.47,5231,-87,-1.64,5156,5378,1400-10-7,2021-12-28
380,حتوكا,حمل‌ونقل‌توكا,328,903724,9678639310,10750,10960,10860,110,1.02,10720,-30,-0.28,10520,10960,1400-10-7,2021-12-28
381,ستران,سيمان‌ تهران‌,327,572168,12142591980,21140,21150,21140,0,0,21200,60,0.28,21040,21390,1400-10-7,2021-12-28
382,دتوزيع,توزيع دارو پخش,325,433684,11911784520,27933,27200,27542,-391,-1.4,27571,-362,-1.3,27070,27880,1400-10-7,2021-12-28
383,بشهاب,لامپ‌  پارس‌ شهاب‌,325,190164,26482450360,138690,138690,139800,1110,0.8,139260,570,0.41,134840,141200,1400-10-7,2021-12-28
384,غپآذر,شير پگاه آذربايجان شرقي,324,1166829,36050051460,29428,30899,30899,1471,5,30896,1468,4.99,30510,30899,1400-10-7,2021-12-28
385,ومشان,س. فني و مهندسي مشانير,324,415341,16692767232,41131,39946,40507,-624,-1.52,40191,-940,-2.29,39898,42000,1400-10-7,2021-12-28
386,خكرمان,گروه اقتصادي كرمان خودرو,323,5760625,18564992554,3200,3180,3250,50,1.56,3223,23,0.72,3121,3268,1400-10-7,2021-12-28
387,ثاباد,توريستي ورفاهي آبادگران ايران,323,412294,16528417910,40370,40970,39200,-1170,-2.9,40090,-280,-0.69,39070,40970,1400-10-7,2021-12-28
388,خلنت,لنت‌ ترمزايران‌,319,164577,9785451840,59410,57000,60020,610,1.03,59440,30,0.05,56900,61300,1400-10-7,2021-12-28
389,كاردان,صندوق س تجارت شاخصي كاردان,317,68132,13152325770,194050,193090,193850,-200,-0.1,193040,-1010,-0.52,189450,194840,1400-10-7,2021-12-28
390,وتوس,توسعه‌شهري‌توس‌گستر,316,1356350,12050932500,9250,9250,8890,-360,-3.89,8980,-270,-2.92,8790,9250,1400-10-7,2021-12-28
391,كپشير,پشم‌شيشه‌ايران‌,316,785553,8652031140,10810,11290,10930,120,1.11,10920,110,1.02,10830,11290,1400-10-7,2021-12-28
392,لبوتان,گروه‌صنعتي‌بوتان‌,316,560474,26684670530,47790,45660,48450,660,1.38,47610,-180,-0.38,45660,49000,1400-10-7,2021-12-28
393,خچرخش,چرخشگر,314,2401437,17586449070,7290,7160,7420,130,1.78,7320,30,0.41,7150,7470,1400-10-7,2021-12-28
394,دجابر,داروسازي‌ جابرابن‌حيان‌,313,2884764,32349499250,10790,10740,11320,530,4.91,11210,420,3.89,10500,11320,1400-10-7,2021-12-28
395,خموتورح,ح . موتورسازان‌تراكتورسازي‌,311,3881554,10521083143,2698,2789,2743,45,1.67,2711,13,0.48,2565,2789,1400-10-7,2021-12-28
396,كحافظ,كاشي‌ وسراميك‌ حافظ‌,308,2732839,10918955315,3877,4069,4046,169,4.36,3955,78,2.01,3890,4069,1400-10-7,2021-12-28
397,لپيام,گسترش صنايع پيام,306,517264,14261479768,28388,27550,27537,-851,-3,27571,-817,-2.88,27537,27800,1400-10-7,2021-12-28
398,داسوه,داروسازي‌ اسوه‌,304,572346,16178679040,27090,27070,28440,1350,4.98,28270,1180,4.36,26590,28440,1400-10-7,2021-12-28
399,صنوين,صندوق سرمايه‌گذاري صنوين-مختلط,304,100858,12110630600,119670,120010,120170,500,0.42,120080,410,0.34,118000,121090,1400-10-7,2021-12-28
400,فوكا,فولاد كاويان,304,1495705,21773851596,14567,14270,14664,97,0.67,14561,-6,-0.04,14270,14810,1400-10-7,2021-12-28
401,آسيا,بيمه آسيا,301,7014542,11983363977,1715,1701,1704,-11,-0.64,1710,-5,-0.29,1680,1730,1400-10-7,2021-12-28
402,وتعاون,بيمه  تعاون,300,5648644,9590189186,1641,1710,1723,82,5,1694,53,3.23,1618,1723,1400-10-7,2021-12-28
403,سبهان,سيمان‌ بهبهان‌,297,156613,6821320330,43350,44150,43670,320,0.74,43440,90,0.21,42730,44370,1400-10-7,2021-12-28
404,شاملا,معدني‌ املاح‌  ايران‌,296,2794209,37386405890,12750,13380,13380,630,4.94,13380,630,4.94,13360,13380,1400-10-7,2021-12-28
405,ساينا,صنايع بهداشتي ساينا,295,120147,10139770476,81036,84000,85087,4051,5,83060,2024,2.5,81420,85087,1400-10-7,2021-12-28
406,دبالك,مواد اوليه دارويي البرز بالك,294,1003734,7669102466,7593,7650,7744,151,1.99,7615,22,0.29,7283,7800,1400-10-7,2021-12-28
407,فاهواز,نورد و لوله اهواز,293,6230985,34698208892,5470,5560,5577,107,1.96,5569,99,1.81,5382,5579,1400-10-7,2021-12-28
408,ثغرب,شركت سرمايه گذاري مسكن شمالغرب,293,3617683,12535247857,3331,3300,3497,166,4.98,3439,108,3.24,3280,3497,1400-10-7,2021-12-28
409,فافق,صنايع مس افق كرمان,292,2877979,9129086765,3248,3243,3164,-84,-2.59,3177,-71,-2.19,3151,3285,1400-10-7,2021-12-28
410,تيپيكو,سرمايه گذاري دارويي تامين,292,948232,18133184540,18440,18240,19170,730,3.96,18590,150,0.81,18240,19360,1400-10-7,2021-12-28
411,سپر,صندوق س سپر سرمايه بيدار- ثابت,291,7855388,105717155751,13449,13458,13458,9,0.07,13458,9,0.07,13450,13461,1400-10-7,2021-12-28
412,ومعلم,بيمه معلم,291,2978740,5783415179,1975,2018,1940,-35,-1.77,1962,-13,-0.66,1915,2018,1400-10-7,2021-12-28
413,اوان,مبين وان كيش,291,691070,7089716470,10455,10161,10368,-87,-0.83,10351,-104,-0.99,10100,10559,1400-10-7,2021-12-28
414,سلار,شركت سيمان لارستان,290,882269,21496123993,25074,24456,24323,-751,-3,24365,-709,-2.83,24322,25070,1400-10-7,2021-12-28
415,وسگيلا,شركت س استان گيلان,290,21367006,9840233617,458,455,464,6,1.31,459,1,0.22,448,476,1400-10-7,2021-12-28
416,فسا,پتروشيمي فسا,290,5583412,5272507589,962,986,939,-23,-2.39,952,-10,-1.04,937,986,1400-10-7,2021-12-28
417,تنوين,تامين سرمايه نوين,289,5128616,30480133470,5920,5930,5900,-20,-0.34,5940,20,0.34,5710,6000,1400-10-7,2021-12-28
418,غچين,كشت‌ و صنعت‌ چين‌ چين,289,835045,9732599210,11240,11450,11690,450,4,11500,260,2.31,11160,11800,1400-10-7,2021-12-28
419,قيستو,شركت قند بيستون,284,923183,19423814271,21644,22200,20995,-649,-3,21040,-604,-2.79,20995,22200,1400-10-7,2021-12-28
420,تسه9908,امتياز تسهيلات مسكن آبان99,282,4826,4864250315,968362,1016780,1012000,43638,4.51,1007926,39564,4.09,950000,1016780,1400-10-7,2021-12-28
421,خاور,ايران خودرو ديزل,282,12522636,15941315628,1236,1273,1273,37,2.99,1268,32,2.59,1273,1273,1400-10-7,2021-12-28
422,نمرينو,ايران‌ مرينوس‌,281,153053,11925387350,79820,79820,78000,-1820,-2.28,78310,-1510,-1.89,76600,79830,1400-10-7,2021-12-28
423,كطبس,ذغال‌سنگ‌ نگين‌ ط‌بس‌,280,235189,11360075260,46940,47940,48110,1170,2.49,47910,970,2.07,47420,49250,1400-10-7,2021-12-28
424,اميد,تامين سرمايه اميد,279,1012385,8895963930,8710,8970,8770,60,0.69,8730,20,0.23,8760,8970,1400-10-7,2021-12-28
425,غشهد,شهد ايران ‌,279,1829017,8528171569,4649,4526,4597,-52,-1.12,4656,7,0.15,4445,4800,1400-10-7,2021-12-28
426,آكورد,صندوق س. آرمان آتي كوثر-د,279,3438821,123715190960,35958,35976,35975,17,0.05,35976,18,0.05,35975,35980,1400-10-7,2021-12-28
427,آساميد,صندوق س.مشترك آسمان اميد -د,279,7097231,97454993477,13724,13732,13731,7,0.05,13731,7,0.05,13731,13734,1400-10-7,2021-12-28
428,تسه9810,امتياز تسهيلات مسكن دي98,279,6334,6287932991,949035,926250,995101,46066,4.85,992727,43692,4.6,926250,996486,1400-10-7,2021-12-28
429,ولصنم,ليزينگ‌صنعت‌ومعدن‌,278,2140738,8114101224,3786,3704,3859,73,1.93,3788,2,0.05,3703,3880,1400-10-7,2021-12-28
430,فجام,جام‌دارو,278,5017090,21684283452,4183,4091,4392,209,5,4322,139,3.32,4091,4392,1400-10-7,2021-12-28
431,زيتون,صندوق س زيتون نماد پايا- مختلط,277,793363,7848687802,10017,10094,9930,-87,-0.87,9893,-124,-1.24,9825,10094,1400-10-7,2021-12-28
432,پرديسح,ح .  سرمايه گذاري پرديس,277,3585303,4716160890,1346,1320,1317,-29,-2.15,1315,-31,-2.3,1301,1330,1400-10-7,2021-12-28
433,درهآور,دارويي ره آورد تامين,277,555004,12127234960,22241,21400,21430,-811,-3.65,21948,-293,-1.32,21400,22390,1400-10-7,2021-12-28
434,وساشرقي,شركت س استان آذربايجان شرقي,277,17807932,8197602707,451,450,458,7,1.55,453,2,0.44,449,469,1400-10-7,2021-12-28
435,ضستا1004,اختيارخ شستا-12000-1400/10/29,275,7613,608811000,255,75,50,-205,-80.39,80,-175,-68.63,50,130,1400-10-7,2021-12-28
436,پلاستح,ح.كارخانجات توليدي پلاستيران,274,2943366,9839399358,3436,3333,3390,-46,-1.34,3343,-93,-2.71,3333,3417,1400-10-7,2021-12-28
437,غگلپا,شير پاستوريزه پگاه گلپايگان,272,484128,28297006146,57983,55711,58885,902,1.56,58449,466,0.8,55603,59400,1400-10-7,2021-12-28
438,سخاش,سيمان‌خاش‌,271,110190,9772220740,89470,90450,89400,-70,-0.08,88980,-490,-0.55,87510,90450,1400-10-7,2021-12-28
439,دانا,بيمه دانا,270,5932510,26918692934,4532,4534,4560,28,0.62,4537,5,0.11,4532,4597,1400-10-7,2021-12-28
440,سدشت,صنايع سيمان دشتستان,267,174420,4573009970,26390,25600,26450,60,0.23,26340,-50,-0.19,25110,26800,1400-10-7,2021-12-28
441,كاريس,صندوق س.سپهر كاريزما-س,265,923610,12590392813,13648,13500,13550,-98,-0.72,13632,-16,-0.12,13460,13850,1400-10-7,2021-12-28
442,لازما,كارخانه هاي صنعتي آزمايش,264,528105,13785594263,26818,27610,26750,-68,-0.25,26104,-714,-2.66,26014,27610,1400-10-7,2021-12-28
443,زفكا,كشت و دامداري فكا,264,2821507,22584761049,8108,7932,8000,-108,-1.33,8005,-103,-1.27,7932,8200,1400-10-7,2021-12-28
444,وثخوز,سرمايه گذاري و توسعه خوزستان,262,411806,11613215384,29015,28630,28145,-870,-3,28201,-814,-2.81,28145,28970,1400-10-7,2021-12-28
445,زعف0110پ20,زعفران0110نگين وحدت جام(پ),261,122156,44338699645,357517,359000,370000,12483,3.49,362968,5451,1.52,354778,370000,1400-10-7,2021-12-28
446,دلر,داروسازي‌ اكسير,261,352084,14930439890,42350,43500,42300,-50,-0.12,42390,40,0.09,41550,43500,1400-10-7,2021-12-28
447,تسه9912,امتياز تسهيلات مسكن اسفند99,261,4170,4246478899,987845,992110,1000001,12156,1.23,1018340,30495,3.09,992110,1037237,1400-10-7,2021-12-28
448,فلامي,لاميران‌,260,580295,10992117700,18550,18970,19150,600,3.23,18840,290,1.56,18510,19340,1400-10-7,2021-12-28
449,مرقام,ايران‌ارقام‌,257,951865,9252879800,9730,9850,9790,60,0.62,9720,-10,-0.1,9460,9970,1400-10-7,2021-12-28
450,لابسا,آبسال‌,256,505684,17110092720,32900,33760,33900,1000,3.04,33840,940,2.86,33100,34510,1400-10-7,2021-12-28
451,فبيرا,بسته‌ بندي‌ ايران‌,255,6256784,10673568614,1757,1758,1705,-52,-2.96,1706,-51,-2.9,1705,1758,1400-10-7,2021-12-28
452,پكويرح,ح. كوير تاير,251,1912012,6315857257,3381,3300,3349,-32,-0.95,3303,-78,-2.31,3200,3393,1400-10-7,2021-12-28
453,ضخود1050,اختيارخ خودرو-1600-1400/10/08,250,15300,5736344000,380,382,380,0,0,375,-5,-1.32,321,400,1400-10-7,2021-12-28
454,سدور,سيمان‌ دورود,249,1682830,9461236990,5580,5750,5660,80,1.43,5610,30,0.54,5460,5750,1400-10-7,2021-12-28
455,گنگين,اقتصادي نگين گردشگري ايرانيان,249,2697888,76513390683,29198,28323,28323,-875,-3,28360,-838,-2.87,28323,29198,1400-10-7,2021-12-28
456,پكوير,كوير تاير,247,1777263,9944921460,5570,5640,5590,20,0.36,5590,20,0.36,5550,5770,1400-10-7,2021-12-28
457,ثشرق,سرمايه گذاري مسكن شمال شرق,245,2749496,9487055584,3402,3390,3517,115,3.38,3432,30,0.88,3390,3520,1400-10-7,2021-12-28
458,حشكوه,دليجان طلايي شكوه پارس,245,2073412,7150698901,3483,3520,3498,15,0.43,3459,-24,-0.69,3380,3520,1400-10-7,2021-12-28
459,دزهراوي,داروسازي‌زهراوي‌,244,1703137,7411573130,4326,4345,4399,73,1.69,4338,12,0.28,4265,4432,1400-10-7,2021-12-28
460,كلوند,كاشي‌ الوند,242,503351,11454580040,22560,22030,22950,390,1.73,22700,140,0.62,22030,23170,1400-10-7,2021-12-28
461,وتوكا,سرمايه‌گذاري‌توكافولاد(هلدينگ,241,1132215,9028853820,8050,7800,7880,-170,-2.11,8010,-40,-0.5,7800,8190,1400-10-7,2021-12-28
462,كيان2,صندوق س. با درآمد ثابت كيان,240,24000000,24000000,32279,1,1,-32278,-100,1,-32278,-100,1,1,1400-10-7,2021-12-28
463,وثوق,سرمايه گذاري وثوق امين,240,822108,7885975826,9331,9605,9610,279,2.99,9542,211,2.26,9499,9610,1400-10-7,2021-12-28
464,ونيكي,سرمايه‌گذاري‌ ملي‌ايران‌,240,1098127,10441567720,9570,9500,9520,-50,-0.52,9560,-10,-0.1,9430,9580,1400-10-7,2021-12-28
465,ميدكو,توسعه معادن وص.معدني خاورميانه,240,3410204,157552513510,46200,46200,46200,0,0,46200,0,0,46200,46250,1400-10-7,2021-12-28
466,ولشرقح,ح . ليزينگ ايران و شرق,240,3908956,3304597534,877,841,836,-41,-4.68,845,-32,-3.65,835,873,1400-10-7,2021-12-28
467,قنقش,قند نقش جهان,240,248804,33627727674,134665,134000,131972,-2693,-2,135157,492,0.37,131972,137350,1400-10-7,2021-12-28
468,وبيمه,سرمايه‌ گذاري‌ صنعت‌ بيمه‌,239,4107149,6331520165,1514,1452,1555,41,2.71,1525,11,0.73,1452,1569,1400-10-7,2021-12-28
469,ولملت,واسپاري ملت,239,2821927,9253778368,3213,3210,3271,58,1.81,3254,41,1.28,3210,3334,1400-10-7,2021-12-28
470,تسه0001,امتيازتسهيلات مسكن فروردين1400,238,2703,2757114720,989183,1038642,1000100,10917,1.1,1020020,30837,3.12,978122,1038642,1400-10-7,2021-12-28
471,كهمدا,شيشه‌ همدان‌,232,1677179,16369442880,9750,9560,9710,-40,-0.41,9760,10,0.1,9530,9930,1400-10-7,2021-12-28
472,دابورح,ح . داروسازي‌ ابوريحان‌,229,7194612,134859594470,19140,19140,19500,360,1.88,18740,-400,-2.09,18600,21050,1400-10-7,2021-12-28
473,وشهر,بانك شهر,228,2384488,9953242940,4165,4250,4160,-5,-0.12,4169,4,0.1,4160,4250,1400-10-7,2021-12-28
474,سخزر,سيمان‌ خزر,228,427518,7464863610,18090,18080,17970,-120,-0.66,17770,-320,-1.77,17230,18090,1400-10-7,2021-12-28
475,كخاكح,ح . صنايع‌خاك‌چيني‌ايران‌,226,887233,8699716330,10010,10000,9860,-150,-1.5,9810,-200,-2,9680,10050,1400-10-7,2021-12-28
476,تسه9911,امتياز تسهيلات مسكن بهمن99,225,3462,3508453242,976419,984013,1024800,48381,4.95,1013418,36999,3.79,984013,1025239,1400-10-7,2021-12-28
477,الماس,صندوق س.امين تدبيرگران فردا-س,225,50555,5108410065,101096,100001,100995,-101,-0.1,101047,-49,-0.05,100000,102400,1400-10-7,2021-12-28
478,افق,فروشگاههاي زنجيره اي افق كوروش,224,195977,8199191680,42010,42000,42000,-10,-0.02,41980,-30,-0.07,41530,42550,1400-10-7,2021-12-28
479,ساروم,سيمان‌اروميه‌,222,338888,13574201210,40770,39810,39950,-820,-2.01,40110,-660,-1.62,39800,40760,1400-10-7,2021-12-28
480,خكمك,كمك‌فنرايندامين‌,222,711143,16256863590,21890,22890,22980,1090,4.98,22840,950,4.34,22100,22980,1400-10-7,2021-12-28
481,دكوثر,داروسازي‌ كوثر,221,1803518,4969553174,2707,2700,2735,28,1.03,2723,16,0.59,2640,2797,1400-10-7,2021-12-28
482,وصندوق,سرمايه‌گذاري‌صندوق‌بازنشستگي‌,220,912037,11607412290,12670,12970,12970,300,2.37,12680,10,0.08,12500,13000,1400-10-7,2021-12-28
483,وتوسم,سرمايه‌گذاري‌توسعه‌ملي‌,220,1035931,9355575210,8950,9000,9060,110,1.23,9000,50,0.56,8840,9130,1400-10-7,2021-12-28
484,اعتلا,شركت سرمايه گذاري اعتلاء البرز,219,3436947,12253863339,3601,3501,3602,1,0.03,3572,-29,-0.81,3501,3697,1400-10-7,2021-12-28
485,زر,صندوق س.پشتوانه سكه طلاي زر,218,152235,8513679020,56603,56200,55700,-903,-1.6,55925,-678,-1.2,55700,56400,1400-10-7,2021-12-28
486,شفارا,پتروشيمي فارابي,218,1507769,9690712589,6602,6570,6404,-198,-3,6435,-167,-2.53,6404,6600,1400-10-7,2021-12-28
487,بنو,بيمه تجارت نو,218,2327297,15259272331,6531,6551,6530,-1,-0.02,6556,25,0.38,6530,6620,1400-10-7,2021-12-28
488,اعتلاح,ح سرمايه گذاري اعتلاء البرز,217,1938341,2985411885,1483,1545,1510,27,1.82,1540,57,3.84,1450,1557,1400-10-7,2021-12-28
489,غشصفا,شيرپاستوريزه‌پگاه‌اصفهان‌,216,1006219,28188409640,29470,28040,28000,-1470,-4.99,28010,-1460,-4.95,28000,28380,1400-10-7,2021-12-28
490,تسه9909,امتياز تسهيلات مسكن آذر99,214,3140,3189175926,989223,1000000,946650,-42573,-4.3,1015661,26438,2.67,940199,1038684,1400-10-7,2021-12-28
491,كخاك,صنايع‌خاك‌چيني‌ايران‌,213,624515,8686440850,14080,14000,14060,-20,-0.14,14000,-80,-0.57,13700,14400,1400-10-7,2021-12-28
492,دشيمي,شيمي‌ داروئي‌ داروپخش‌,209,316291,7147870610,22260,22100,22680,420,1.89,22420,160,0.72,22100,22800,1400-10-7,2021-12-28
493,پرديس,سرمايه گذاري پرديس,208,1294189,4519647825,3525,3580,3489,-36,-1.02,3515,-10,-0.28,3431,3580,1400-10-7,2021-12-28
494,تايرا,تراكتورسازي‌ايران‌,208,350277,7389127070,21190,21480,21180,-10,-0.05,21160,-30,-0.14,20920,21480,1400-10-7,2021-12-28
495,كوثر,بيمه كوثر,206,1677818,6554138697,3868,4009,3887,19,0.49,3878,10,0.26,3884,4009,1400-10-7,2021-12-28
496,حپترو,حمل و نقل پتروشيمي( سهامي عام,206,489927,10408951270,21820,21990,21200,-620,-2.84,21420,-400,-1.83,20990,22170,1400-10-7,2021-12-28
497,ساراب,سيمان‌ داراب‌,205,1492500,23985702290,15680,15210,16460,780,4.97,16070,390,2.49,15210,16460,1400-10-7,2021-12-28
498,ثنوسا,نوسازي‌وساختمان‌تهران‌,205,3515532,17759595808,4820,5061,5061,241,5,5052,232,4.81,4920,5061,1400-10-7,2021-12-28
499,تسه9910,امتياز تسهيلات مسكن دي99,205,2930,2983820171,989197,940680,1038656,49459,5,1018369,29172,2.95,940680,1038656,1400-10-7,2021-12-28
500,پاكشو,گروه صنعتي پاكشو,204,1538116,9314862070,6210,6100,6080,-130,-2.09,6200,-10,-0.16,6020,6110,1400-10-7,2021-12-28
501,ميهن,بيمه ميهن,204,3393095,7256936743,2149,2066,2142,-7,-0.33,2144,-5,-0.23,2066,2170,1400-10-7,2021-12-28
502,بنيرو,نيروترانس‌,203,3808338,6874549433,1749,1799,1828,79,4.52,1773,24,1.37,1752,1836,1400-10-7,2021-12-28
503,ريشمك,توليد و صادرات ريشمك,202,356229,10751354784,30298,31436,30013,-285,-0.94,30214,-84,-0.28,30000,31436,1400-10-7,2021-12-28
504,بزاگرس,نيروگاه زاگرس كوثر,200,1525785,5252272771,3423,3509,3450,27,0.79,3430,7,0.2,3316,3520,1400-10-7,2021-12-28
505,كاسپين,داروسازي كاسپين تامين,199,413150,9399627570,22531,23036,22700,169,0.75,22671,140,0.62,22265,23200,1400-10-7,2021-12-28
506,وثنو,سرمايه گذاري ساختماني نوين,198,1600295,6747663690,4259,4200,4238,-21,-0.49,4229,-30,-0.7,4133,4298,1400-10-7,2021-12-28
507,وكادو,تكادو,197,1255338,19238561989,14930,15011,15377,447,2.99,15325,395,2.65,15011,15377,1400-10-7,2021-12-28
508,نوين,بيمه نوين,197,2779752,10376070469,3728,3728,3716,-12,-0.32,3731,3,0.08,3680,3800,1400-10-7,2021-12-28
509,ولشرق,ليزينگ ايران و شرق,197,2577955,5833429549,2295,2247,2282,-13,-0.57,2282,-13,-0.57,2230,2300,1400-10-7,2021-12-28
510,سكرما,سيمان‌ كرمان‌,195,451123,6751847490,14810,15190,15100,290,1.96,14880,70,0.47,14600,15250,1400-10-7,2021-12-28
511,ضخود2018,اختيارخ خودرو-2000-1401/02/07,194,5713,2362136000,432,440,429,-3,-0.69,413,-19,-4.4,385,440,1400-10-7,2021-12-28
512,خپويش,سازه‌ پويش‌,193,77458,5397723760,70010,71000,68990,-1020,-1.46,69890,-120,-0.17,68820,71500,1400-10-7,2021-12-28
513,ثالوند,سرمايه گذاري مسكن الوند,193,681866,4228279950,6213,6070,6200,-13,-0.21,6210,-3,-0.05,6070,6315,1400-10-7,2021-12-28
514,فاما,صنعتي‌ آما,192,654026,13104266230,19670,19900,19580,-90,-0.46,19980,310,1.58,19300,20350,1400-10-7,2021-12-28
515,واتي,سرمايه‌ گذاري‌ آتيه‌ دماوند,189,1818886,18290917320,10080,9800,10300,220,2.18,10060,-20,-0.2,9800,10300,1400-10-7,2021-12-28
516,غشان,شيرپاستوريزه‌پگاه‌خراسان‌,188,1317642,5283910800,3972,3890,4052,80,2.01,3985,13,0.33,3890,4070,1400-10-7,2021-12-28
517,رتكو,كنترل‌خوردگي‌تكين‌كو,188,617735,4469249960,7100,7370,7330,230,3.24,7140,40,0.56,7150,7370,1400-10-7,2021-12-28
518,كفرآور,فرآورده هاي سيمان شرق,188,672782,12317915533,18854,18289,18300,-554,-2.94,18309,-545,-2.89,18289,18998,1400-10-7,2021-12-28
519,فافزا,فولاد افزا سپاهان,188,145192,4317646308,30517,30849,29607,-910,-2.98,30151,-366,-1.2,29602,30849,1400-10-7,2021-12-28
520,ولملتح,ح . واسپاري ملت,187,3126881,4752879635,1505,1540,1527,22,1.46,1520,15,1,1465,1540,1400-10-7,2021-12-28
521,كي بي سي,شركت كي بي سي,184,319684,5139230755,15716,15897,16175,459,2.92,15841,125,0.8,15711,16450,1400-10-7,2021-12-28
522,زمگسا,كشاورزي‌ ودامپروي‌ مگسال‌,183,820592,14903624910,18530,18030,18090,-440,-2.37,18190,-340,-1.83,18030,18550,1400-10-7,2021-12-28
523,وحافظ,بيمه حافظ,182,912901,6468188793,7295,7077,7077,-218,-2.99,7119,-176,-2.41,7077,7275,1400-10-7,2021-12-28
524,پاسا,ايران‌ياساتايرورابر,180,540171,7187975350,13120,12960,13390,270,2.06,13210,90,0.69,12960,13470,1400-10-7,2021-12-28
525,وجامي,سرمايه گذاري جامي,180,705850,2925270081,4236,4152,4170,-66,-1.56,4208,-28,-0.66,4121,4240,1400-10-7,2021-12-28
526,پسهند,صنايع‌ لاستيكي‌  سهند,179,326602,9759852750,28810,28030,29610,800,2.78,29440,630,2.19,28030,30100,1400-10-7,2021-12-28
527,مفاخر,توسعه فناوري اطلاعات خوارزمي,177,242441,6383027973,26974,26450,26699,-275,-1.02,26692,-282,-1.05,25900,26897,1400-10-7,2021-12-28
528,كساپا,سايپاشيشه‌,177,372819,5716399550,15290,15220,15410,120,0.78,15310,20,0.13,15000,15640,1400-10-7,2021-12-28
529,پلاسك,پلاسكوكار,177,4094742,17396873395,4050,4249,4252,202,4.99,4249,199,4.91,4150,4252,1400-10-7,2021-12-28
530,كگاز,شيشه‌ و گاز,176,839058,13412630820,16060,16080,15900,-160,-1,15990,-70,-0.44,15800,16320,1400-10-7,2021-12-28
531,دارا,صندوق س. دارا الگوريتم-د,175,7563014,75480057402,9973,9980,9980,7,0.07,9980,7,0.07,9980,9994,1400-10-7,2021-12-28
532,شپارس,بين‌ المللي‌ محصولات‌  پارس‌,174,725384,5292187230,7290,7410,7280,-10,-0.14,7290,0,0,7170,7410,1400-10-7,2021-12-28
533,سرود,سيمان‌شاهرود,172,475908,10346590850,20940,21790,21900,960,4.58,21460,520,2.48,20830,21980,1400-10-7,2021-12-28
534,ساربيل,سيمان آرتا اردبيل,171,391483,8339853770,22130,22120,21750,-380,-1.72,21660,-470,-2.12,21030,22150,1400-10-7,2021-12-28
535,دارو,كارخانجات‌داروپخش‌,171,219072,6406623960,29800,28510,29380,-420,-1.41,29600,-200,-0.67,28510,29890,1400-10-7,2021-12-28
536,ثنور,سرمايه گذاري كوه نور,170,1951856,14824346320,7374,7595,7595,221,3,7595,221,3,7595,7595,1400-10-7,2021-12-28
537,وآرين,شركت توسعه اقتصادي آرين,170,1846168,3207744997,1734,1753,1760,26,1.5,1735,1,0.06,1724,1760,1400-10-7,2021-12-28
538,شرانل,نفت ايرانول,169,124255,5960681560,47931,48000,48000,69,0.14,47937,6,0.01,47362,48320,1400-10-7,2021-12-28
539,شراز,پالايش نفت شيراز,168,149890,16687924028,111128,113000,111125,-3,0,111203,75,0.07,111112,113000,1400-10-7,2021-12-28
540,ثاصفا,شركت‌ ساختمان‌ اصفهان‌,168,761428,5814774758,7868,7632,7632,-236,-3,7648,-220,-2.8,7632,7860,1400-10-7,2021-12-28
541,داوه,داروسازي آوه سينا,167,906222,8254504888,8983,8730,9060,77,0.86,9051,68,0.76,8730,9220,1400-10-7,2021-12-28
542,چافست,افست‌,167,648616,5178913060,8190,7940,7870,-320,-3.91,8120,-70,-0.85,7800,8200,1400-10-7,2021-12-28
543,ولقمان,سرمايه گذاري لقمان,167,655242,1711282745,2669,2589,2610,-59,-2.21,2659,-10,-0.37,2589,2664,1400-10-7,2021-12-28
544,كارين,صندوق س نگين سامان-ثابت,166,4933653,49531348015,10032,10042,10039,7,0.07,10039,7,0.07,10039,10042,1400-10-7,2021-12-28
545,خنصير,مهندسي‌نصيرماشين‌,166,2043367,37597952800,17530,18400,18400,870,4.96,18400,870,4.96,18400,18400,1400-10-7,2021-12-28
546,هجرت,پخش هجرت,163,337750,9041765487,26861,26600,26870,9,0.03,26806,-55,-0.2,26103,27000,1400-10-7,2021-12-28
547,وسنا,سرمايه گذاري نيروگاهي ايران,163,1410273,14150679282,10562,10034,10034,-528,-5,10034,-528,-5,10034,10034,1400-10-7,2021-12-28
548,خكاوه,سايپا ديزل,162,6522908,23919503636,3561,3667,3667,106,2.98,3667,106,2.98,3667,3667,1400-10-7,2021-12-28
549,پخش,پخش البرز,161,345847,8398668244,24450,25225,23961,-489,-2,24354,-96,-0.39,23753,25225,1400-10-7,2021-12-28
550,سخوز,سيمان خوزستان,160,189631,4491625730,24150,23800,23700,-450,-1.86,24010,-140,-0.58,23490,24000,1400-10-7,2021-12-28
551,تسه9902,امتياز تسهيلات مسكن ارديبهشت99,159,3118,3168268396,967736,1016122,1016122,48386,5,1016122,48386,5,1016122,1016122,1400-10-7,2021-12-28
552,شوينده,مديريت صنعت شوينده ت.ص.بهشهر,159,680158,13789655980,20220,20660,20470,250,1.24,20270,50,0.25,20020,20660,1400-10-7,2021-12-28
553,نتوس,پشم‌ بافي‌ توس,158,1179290,13889611329,11491,11769,11835,344,2.99,11778,287,2.5,11503,11835,1400-10-7,2021-12-28
554,تسه9907,امتياز تسهيلات مسكن مهر99,157,4577,4638127571,978166,1027074,996000,17834,1.82,1013355,35189,3.6,935533,1027074,1400-10-7,2021-12-28
555,تليسه,دامداري تليسه نمونه,156,3915813,8536472340,2077,2180,2180,103,4.96,2130,53,2.55,2180,2180,1400-10-7,2021-12-28
556,وصندوقح,ح.سرمايه گذاري صندوق بازنشستگي,156,982056,11039778450,11260,11000,11270,10,0.09,11240,-20,-0.18,11000,11310,1400-10-7,2021-12-28
557,سيدكو,سرمايه گذاري توسعه صنايع سيمان,155,1983620,11830311820,5800,5760,6080,280,4.83,5920,120,2.07,5760,6090,1400-10-7,2021-12-28
558,سكرد,سيمان كردستان,154,520787,2431767839,4535,4740,4670,135,2.98,4556,21,0.46,4575,4740,1400-10-7,2021-12-28
559,پارسيان,بيمه پارسيان,153,758050,6451100850,8710,8730,8550,-160,-1.84,8630,-80,-0.92,8410,8750,1400-10-7,2021-12-28
560,بميلا,توسعه بازرگاني آهن وفولادميلاد,153,726000,5956734389,8246,8150,8250,4,0.05,8222,-24,-0.29,8000,8454,1400-10-7,2021-12-28
561,گوهر,صندوق سكه طلاي كيان,153,98942,6288903501,64120,64499,63510,-610,-0.95,63562,-558,-0.87,63500,64499,1400-10-7,2021-12-28
562,تكنو,تكنوتار,152,863389,5918196570,6720,7040,6700,-20,-0.3,6770,50,0.74,6650,7040,1400-10-7,2021-12-28
563,خديزل,بهمن  ديزل,152,264730,14025982197,53178,53990,53468,290,0.55,53048,-130,-0.24,52500,53990,1400-10-7,2021-12-28
564,كشرق,صنعتي و معدني شمال شرق شاهرود,152,118578,8250164100,70492,70218,69250,-1242,-1.76,69994,-498,-0.71,68520,72150,1400-10-7,2021-12-28
565,ثزاگرس,سرمايه گذاري توسعه عمران زاگرس,152,178661,5906069521,32749,32030,33400,651,1.99,32943,194,0.59,32030,33729,1400-10-7,2021-12-28
566,انار,صندوق س.انارنماد ارزش-درسهام,150,677077,6836516290,10000,10080,10120,120,1.2,10097,97,0.97,10080,10150,1400-10-7,2021-12-28
567,قاسم,قاسم ايران,150,3428242,11885715014,3302,3467,3467,165,5,3429,127,3.85,3467,3467,1400-10-7,2021-12-28
568,سمازن,سيمان‌مازندران‌,147,386982,5593668320,14320,14440,14350,30,0.21,14370,50,0.35,14320,14680,1400-10-7,2021-12-28
569,وبشهر,توسعه‌ صنايع‌ بهشهر(هلدينگ,146,2267919,16486996160,7170,7280,7270,100,1.39,7210,40,0.56,7200,7420,1400-10-7,2021-12-28
570,فردا2,صندوق س آواي فرداي زاگرس-ثابت,145,14500000,14500000,12084,1,1,-12083,-99.99,1,-12083,-99.99,1,1,1400-10-7,2021-12-28
571,پلوله,گازلوله‌,143,262530,6376558790,23769,24481,24430,661,2.78,24078,309,1.3,23064,24482,1400-10-7,2021-12-28
572,سدبير,س. تدبيرگران فارس وخوزستان,143,175185,7161737985,43032,40881,40881,-2151,-5,41850,-1182,-2.75,40881,40881,1400-10-7,2021-12-28
573,وايرا,سرمايه گذاري صنايع ايران,142,1230921,5379071649,4464,4336,4390,-74,-1.66,4412,-52,-1.16,4331,4430,1400-10-7,2021-12-28
574,سمايه,بانك سرمايه,141,2143831,11171503341,5372,5211,5211,-161,-3,5211,-161,-3,5211,5211,1400-10-7,2021-12-28
575,غشاذر,پگاه‌آذربايجان‌غربي‌,140,527550,2657533448,4915,5010,5070,155,3.15,4936,21,0.43,4920,5080,1400-10-7,2021-12-28
576,فنوال,نورد آلومينيوم‌,140,722931,16735852650,22050,23150,23150,1100,4.99,23150,1100,4.99,23150,23150,1400-10-7,2021-12-28
577,زعف0110پ18,زعفران0110نگين بهرامن(پ),139,60503,21978678332,360190,357008,370000,9810,2.72,363266,3076,0.85,354778,372000,1400-10-7,2021-12-28
578,بالاس,مهندسي ساختمان تاسيسات راه آهن,139,594949,16004159932,25747,26900,27034,1287,5,26900,1153,4.48,26210,27034,1400-10-7,2021-12-28
579,بفجر,فجر انرژي خليج فارس,136,526621,5857724410,11210,11060,11200,-10,-0.09,11200,-10,-0.09,11010,11380,1400-10-7,2021-12-28
580,وارس,سرمايه گذاري ارس صبا,135,558460,6005666655,10667,10350,10890,223,2.09,10720,53,0.5,10350,10910,1400-10-7,2021-12-28
581,تسه9906,امتياز تسهيلات مسكن شهريور99,135,3717,3737842439,983731,974944,998000,14269,1.45,1005607,21876,2.22,960000,1032917,1400-10-7,2021-12-28
582,زگلدشت,كشت و دام گلدشت نمونه اصفهان,134,311303,2874929574,9346,9123,9309,-37,-0.4,9326,-20,-0.21,9100,9309,1400-10-7,2021-12-28
583,تكنار,مجتمع معادن مس تكنار,134,110891,5591919148,51662,51000,51002,-660,-1.28,50953,-709,-1.37,50114,51500,1400-10-7,2021-12-28
584,فيروزه,صندوق شاخص30 شركت فيروزه- سهام,134,22951,4012204750,174920,174150,175010,90,0.05,174820,-100,-0.06,174100,175990,1400-10-7,2021-12-28
585,شكام,صنايع شيميايي كيمياگران امروز,134,1207695,37681291695,29716,31201,31201,1485,5,31201,1485,5,31201,31201,1400-10-7,2021-12-28
586,عيار2,صندوق سكه طلاي مفيد,130,1300000,1300000,32687,1,1,-32686,-100,1,-32686,-100,1,1,1400-10-7,2021-12-28
587,پرداخت,به پرداخت ملت,130,390025,4971518420,12470,12540,12900,430,3.45,12560,90,0.72,12370,12950,1400-10-7,2021-12-28
588,تشتاد,صنايع توليدي اشتاد ايران‌,129,1226573,5646967264,4476,4508,4610,134,2.99,4546,70,1.56,4508,4610,1400-10-7,2021-12-28
589,كترام,توليدي‌ كاشي‌ تكسرام‌,129,767927,14745977430,18310,18400,19220,910,4.97,19100,790,4.31,18400,19220,1400-10-7,2021-12-28
590,تصميم,صندوق س با درآمد ثابت تصميم,128,881781,16188552352,18346,18359,18359,13,0.07,18359,13,0.07,18357,18360,1400-10-7,2021-12-28
591,سهرمز,سيمان‌هرمزگان‌,127,555823,9031166380,16220,16500,16370,150,0.92,16240,20,0.12,16200,16500,1400-10-7,2021-12-28
592,دسبحان,سبحان دارو,127,208440,2937335200,14190,14020,14140,-50,-0.35,14170,-20,-0.14,13700,14300,1400-10-7,2021-12-28
593,ثجوان,تامين مسكن جوانان,126,1090139,4930221845,4658,4519,4519,-139,-2.98,4589,-69,-1.48,4519,4610,1400-10-7,2021-12-28
594,اخزا002,اسنادخزانه-م2بودجه00-031024,126,245762,121819716330,494130,493010,497900,3770,0.76,495680,1550,0.31,493010,497990,1400-10-7,2021-12-28
595,اخزا006,اسنادخزانه-م6بودجه00-030723,123,478356,250946744590,523270,523000,526870,3600,0.69,524600,1330,0.25,522990,526870,1400-10-7,2021-12-28
596,ثامان,سامان‌ گستراصفهان‌,123,328227,2924657140,9110,9350,9020,-90,-0.99,9070,-40,-0.44,8810,9350,1400-10-7,2021-12-28
597,تسه9904,امتياز تسهيلات مسكن تير99,123,994,1014005167,986483,937887,1010000,23517,2.38,1020126,33643,3.41,937887,1035807,1400-10-7,2021-12-28
598,تسه9905,امتياز تسهيلات مسكن مرداد99,120,1042,1061414743,987062,980882,1010000,22938,2.32,1018632,31570,3.2,941005,1036415,1400-10-7,2021-12-28
599,ماني,صندوق س. با درآمد ثابت ماني,120,2489432,26634757886,10693,10698,10700,7,0.07,10699,6,0.06,10698,10702,1400-10-7,2021-12-28
600,مداران,داده‌پردازي‌ايران‌,119,301789,4263105590,14330,14150,14090,-240,-1.67,14270,-60,-0.42,13730,14460,1400-10-7,2021-12-28
601,شپاس,نفت پاسارگاد,119,234100,3644783183,15719,15760,15650,-69,-0.44,15683,-36,-0.23,15300,15963,1400-10-7,2021-12-28
602,تماوند,تامين سرمايه دماوند,116,582136,3334756374,5810,5751,5779,-31,-0.53,5793,-17,-0.29,5636,5780,1400-10-7,2021-12-28
603,ما,بيمه  ما,116,623035,2883122323,4509,4520,4605,96,2.13,4531,22,0.49,4509,4699,1400-10-7,2021-12-28
604,غپونه,نوش پونه مشهد,115,185913,2093732190,11136,10955,11250,114,1.02,11163,27,0.24,10955,11420,1400-10-7,2021-12-28
605,حآسا,آسيا سير ارس,115,849466,10902046644,12223,12834,12834,611,5,12626,403,3.3,12834,12834,1400-10-7,2021-12-28
606,حبندر,دريايي و کشتيراني خط دريابندر,114,496290,7264218475,15089,14637,14637,-452,-3,14755,-334,-2.21,14637,14640,1400-10-7,2021-12-28
607,زعف0008پ05,زعفران0008نگين زرين(پ),113,104581,26815120381,260629,262000,260001,-628,-0.24,256405,-4224,-1.62,253001,262000,1400-10-7,2021-12-28
608,ركيش,كارت اعتباري ايران كيش,113,818013,4581229710,5690,5670,5600,-90,-1.58,5660,-30,-0.53,5500,5700,1400-10-7,2021-12-28
609,ولراز,ليزينگ رازي,113,124413,2359495313,18996,18551,19050,54,0.28,18983,-13,-0.07,18551,19295,1400-10-7,2021-12-28
610,تسه9903,امتياز تسهيلات مسكن خرداد99,112,903,913063661,985600,950000,985200,-400,-0.04,1011145,25545,2.59,950000,1034000,1400-10-7,2021-12-28
611,دعبيد,لابراتوارداروسازي‌  دكترعبيدي‌,112,204209,3894952690,18900,18860,18960,60,0.32,18920,20,0.11,18860,19190,1400-10-7,2021-12-28
612,بفجرح,ح . فجر انرژي خليج فارس,109,501291,4425608410,8830,8600,8810,-20,-0.23,8830,0,0,8600,8970,1400-10-7,2021-12-28
613,سبجنو,سيمان‌ بجنورد,107,146271,5408826900,37380,37000,37590,210,0.56,37230,-150,-0.4,36450,37740,1400-10-7,2021-12-28
614,ضسپا1112,اختيارخ خساپا-1600-1400/11/20,106,3796,1019038000,274,279,257,-17,-6.2,268,-6,-2.19,236,289,1400-10-7,2021-12-28
615,دسبحا,گروه دارويي سبحان,105,129034,2435402230,19520,19130,19310,-210,-1.08,19460,-60,-0.31,18710,19420,1400-10-7,2021-12-28
616,معيار ,سرمايه گذاري معيار صنعت پارس,104,87425,3613507068,40884,41014,41995,1111,2.72,41041,157,0.38,40110,42000,1400-10-7,2021-12-28
617,وملت,سرمايه گذاري ملت,104,1046233,2356797187,2279,2279,2251,-28,-1.23,2267,-12,-0.53,2234,2300,1400-10-7,2021-12-28
618,زرين,صندوق س. سهام زرين كوروش-س,103,391001,5172670440,13303,13303,13376,73,0.55,13229,-74,-0.56,13130,13385,1400-10-7,2021-12-28
619,وهنر,گروه توسعه هنر ايران,103,4459266,11001009222,2396,2467,2467,71,2.96,2467,71,2.96,2467,2467,1400-10-7,2021-12-28
620,دالبر,البرزدارو,102,129606,1537052620,11800,11600,11990,190,1.61,11810,10,0.08,11500,12000,1400-10-7,2021-12-28
621,اخزا005,اسنادخزانه-م5بودجه00-030626,101,279428,148860448990,530640,526330,535990,5350,1.01,532730,2090,0.39,526330,535990,1400-10-7,2021-12-28
622,شتوكاح,ح . توكا رنگ فولاد سپاهان,101,769739,8757168608,10837,10911,11378,541,4.99,11377,540,4.98,10911,11378,1400-10-7,2021-12-28
623,قشكر,شكرشاهرود,99,4006070,8568983730,2038,2139,2139,101,4.96,2091,53,2.6,2139,2139,1400-10-7,2021-12-28
624,وپخش,داروپخش‌ (هلدينگ‌,98,462511,15642146710,33420,33990,33700,280,0.84,33550,130,0.39,33350,34500,1400-10-7,2021-12-28
625,خاتم,صندوق س خاتم ايساتيس پويا-ثابت,97,892151,11202956102,12550,12556,12558,8,0.06,12557,7,0.06,12556,12560,1400-10-7,2021-12-28
626,وبرق,س.کارکنان صنعت برق زنجان وقزوي,96,235956,25520057136,105006,108156,108156,3150,3,108156,3150,3,108156,108156,1400-10-7,2021-12-28
627,دپارس,پارس‌ دارو,95,54145,1523296200,28530,29210,28390,-140,-0.49,28490,-40,-0.14,27660,29210,1400-10-7,2021-12-28
628,تسه9901,امتياز تسهيلات مسكن فروردين99,94,1028,1079956669,1000581,1050610,1050610,50029,5,1050541,49960,4.99,980199,1050610,1400-10-7,2021-12-28
629,وتوشه,سرمايه‌ گذاري‌ پارس‌ توشه‌,94,409777,2208742440,5320,5300,5410,90,1.69,5330,10,0.19,5300,5480,1400-10-7,2021-12-28
630,حپارسا,توسعه حمل و نقل ريلي پارسيان,94,336691,9807152614,29366,28616,29685,319,1.09,29213,-153,-0.52,28616,30150,1400-10-7,2021-12-28
631,زعف0110پ19,زعفران0110نگين تروند قاينات(پ),93,37169,13440166995,359203,355020,370000,10797,3.01,361596,2393,0.67,354778,370000,1400-10-7,2021-12-28
632,سقاين,سيمان‌ قائن‌,93,124250,5142416210,41830,41220,41310,-520,-1.24,41680,-150,-0.36,41220,42190,1400-10-7,2021-12-28
633,وصنا,گروه‌صنايع‌بهشهرايران‌,91,4851453,14059510794,2760,2898,2898,138,5,2883,123,4.46,2898,2898,1400-10-7,2021-12-28
634,سپاس,صندوق س. پاداش سهامداري-ثابت,91,1478147,14961037567,10117,10121,10120,3,0.03,10121,4,0.04,10120,10124,1400-10-7,2021-12-28
635,اتكام,بيمه اتكايي امين,90,946709,4677444463,5032,4925,4962,-70,-1.39,5003,-29,-0.58,4915,5010,1400-10-7,2021-12-28
636,سغرب,سيمان‌غرب‌,90,122750,1717288070,13910,14450,13880,-30,-0.22,13920,10,0.07,13730,14450,1400-10-7,2021-12-28
637,ويسا,سرمايه گذاري ايساتيس پويا,90,321842,2513601163,7906,7680,7881,-25,-0.32,7881,-25,-0.32,7680,8050,1400-10-7,2021-12-28
638,سپ,پرداخت الكترونيك سامان كيش,90,195646,6258496420,31210,32200,31670,460,1.47,31290,80,0.26,31510,32210,1400-10-7,2021-12-28
639,ولتجار,واسپاري تجارت وسرمايه ايرانيان,89,766371,2023887415,2662,2602,2660,-2,-0.08,2658,-4,-0.15,2600,2695,1400-10-7,2021-12-28
640,حسينا,توسعه خدمات دريايي وبندري سينا,89,541695,23141562215,42767,42510,43488,721,1.69,42721,-46,-0.11,41521,43700,1400-10-7,2021-12-28
641,فخاس,فولاد خراسان,88,159230,3604309730,22680,22210,22550,-130,-0.57,22680,0,0,22210,22930,1400-10-7,2021-12-28
642,شصفها,پتروشيمي‌ اصفهان‌,88,34635,4115697662,119215,119500,119118,-97,-0.08,119104,-111,-0.09,118001,120000,1400-10-7,2021-12-28
643,وبهمن,سرمايه‌گذاري‌بهمن‌,87,485196,6957466760,14170,14570,14460,290,2.05,14240,70,0.49,14210,14570,1400-10-7,2021-12-28
644,سفانو,سيمان فارس نو,86,90132,2248047370,24670,24670,24930,260,1.05,24710,40,0.16,24050,25900,1400-10-7,2021-12-28
645,ضسپا1114,اختيارخ خساپا-2000-1400/11/20,85,4786,362288000,77,85,75,-2,-2.6,76,-1,-1.3,70,85,1400-10-7,2021-12-28
646,ثاژن,سخت آژند,85,1097418,4219507979,3869,3800,3878,9,0.23,3848,-21,-0.54,3800,3889,1400-10-7,2021-12-28
647,شساخت,مهندسي و ساختمان صنايع نفت,84,227213,10211069600,43970,44000,44001,31,0.07,44189,219,0.5,44000,45289,1400-10-7,2021-12-28
648,ضجار1022,اختيارخ وتجارت-2000-1400/10/15,84,3498,163880000,56,48,46,-10,-17.86,47,-9,-16.07,43,53,1400-10-7,2021-12-28
649,تسه9812,امتياز تسهيلات مسكن اسفند98,83,1297,1355333788,996583,1046412,1046412,49829,5,1044976,48393,4.86,1000100,1046412,1400-10-7,2021-12-28
650,سكه0012پ04,تمام سكه طرح جديد0012صادرات,82,19900,25517845800,1294806,1277001,1283000,-11806,-0.91,1282304,-12502,-0.97,1277000,1284997,1400-10-7,2021-12-28
651,تسه9811,امتياز تسهيلات مسكن بهمن98,82,1321,1360868603,983251,1030000,1032413,49162,5,1030181,46930,4.77,983814,1032413,1400-10-7,2021-12-28
652,لوتوس,تامين سرمايه لوتوس پارسيان,82,438553,2509845560,5720,5730,5720,0,0,5720,0,0,5720,5730,1400-10-7,2021-12-28
653,سمتاز,سيمان ممتازان كرمان,82,159068,2353493173,15245,14942,14989,-256,-1.68,15134,-111,-0.73,14788,14990,1400-10-7,2021-12-28
654,اخزا004,اسنادخزانه-م4بودجه00-030522,81,276548,150972826760,544660,544000,547000,2340,0.43,545920,1260,0.23,544000,547590,1400-10-7,2021-12-28
655,دفارا,داروسازي‌ فارابي‌,80,73140,926695860,12980,12540,12850,-130,-1,12960,-20,-0.15,12540,12910,1400-10-7,2021-12-28
656,كارا,صندوق س. كارا -د,80,1733011,18112423576,10445,10452,10452,7,0.07,10451,6,0.06,10451,10452,1400-10-7,2021-12-28
657,ولبهمن,شركت بهمن ليزينگ,78,461792,2950738588,6425,6535,6381,-44,-0.68,6418,-7,-0.11,6219,6535,1400-10-7,2021-12-28
658,ضخود2015,اختيارخ خودرو-1400-1401/02/07,78,2172,1859206000,803,838,860,57,7.1,856,53,6.6,739,900,1400-10-7,2021-12-28
659,كهربا,صندوق س.پشتوانه سكه طلا كهربا,77,1353064,14891098769,11047,11147,11030,-17,-0.15,11005,-42,-0.38,10903,11147,1400-10-7,2021-12-28
660,دحاوي,الحاوي,77,559064,2389085654,4208,4112,4309,101,2.4,4224,16,0.38,4111,4334,1400-10-7,2021-12-28
661,دشيري,شيرين دارو,76,19563,2129432550,114578,108850,108850,-5728,-5,113287,-1291,-1.13,108850,108850,1400-10-7,2021-12-28
662,ثبات,صندوق س. ثبات ويستا -د,76,1802548,19197000779,10644,10649,10650,6,0.06,10650,6,0.06,10649,10650,1400-10-7,2021-12-28
663,سشمال,سيمان‌ شمال‌,76,250622,1932363250,7460,7570,7700,240,3.22,7490,30,0.4,7570,7810,1400-10-7,2021-12-28
664,وزمين,بانك ايران زمين,76,1300271,11077011649,8692,8519,8519,-173,-1.99,8551,-141,-1.62,8519,8520,1400-10-7,2021-12-28
665,اخزا910,اسنادخزانه-م10بودجه99-020807,75,93500,61731764000,658290,658000,662500,4210,0.64,660230,1940,0.29,655000,662500,1400-10-7,2021-12-28
666,ضملت1133,اختيارخ وبملت-3000-1400/11/13,74,2295,701201000,306,300,295,-11,-3.59,306,0,0,291,329,1400-10-7,2021-12-28
667,سجامح,ح.مجتمع سيمان غرب آسيا,73,882454,702527559,794,780,800,6,0.76,796,2,0.25,780,806,1400-10-7,2021-12-28
668,قصفها,قنداصفهان‌,73,30220,2390704200,75350,79110,79110,3760,4.99,75860,510,0.68,79110,79110,1400-10-7,2021-12-28
669,وبازار,صندوق س شاخصي بازارآشنا,73,243452,2938339480,12140,12000,12070,-70,-0.58,12070,-70,-0.58,12000,12260,1400-10-7,2021-12-28
670,زعف0110پ11,زعفران0110نگين سحرخيز(پ),71,43921,16528792170,378745,370007,380000,1255,0.33,376330,-2415,-0.64,367515,381489,1400-10-7,2021-12-28
671,ضفلا1163,اختيارخ فولاد-10000-1400/11/24,70,1130,1833606000,1744,1600,1635,-109,-6.25,1623,-121,-6.94,1520,1750,1400-10-7,2021-12-28
672,كقزوي,شيشه‌ قزوين‌,70,257022,2065949554,8057,8001,8100,43,0.53,8053,-4,-0.05,7960,8199,1400-10-7,2021-12-28
673,اخزا003,اسنادخزانه-م3بودجه00-030418,70,106549,59469833970,557140,555810,559070,1930,0.35,558150,1010,0.18,555810,559200,1400-10-7,2021-12-28
674,قپيرا,فرآورده‌هاي‌غدايي‌وقندپيرانشهر,69,812920,6544006000,7670,8050,8050,380,4.95,7830,160,2.09,8050,8050,1400-10-7,2021-12-28
675,اخزا001,اسنادخزانه-م1بودجه00-030821,69,297139,153238701030,514200,514210,517490,3290,0.64,515710,1510,0.29,514200,517490,1400-10-7,2021-12-28
676,سجام,مجتمع سيمان غرب آسيا,69,520035,1095420033,2134,2095,2103,-31,-1.45,2131,-3,-0.14,2095,2182,1400-10-7,2021-12-28
677,ضستا1003,اختيارخ شستا-10000-1400/10/29,68,652,888769000,1837,1500,1220,-617,-33.59,1363,-474,-25.8,1220,1639,1400-10-7,2021-12-28
678,زقيام,كشت و دام قيام اصفهان,67,1361290,1751980230,1226,1287,1287,61,4.98,1232,6,0.49,1287,1287,1400-10-7,2021-12-28
679,داريوش,صندوق س. ثروت داريوش -س,66,299131,2943601621,9818,9813,9860,42,0.43,9841,23,0.23,9780,9869,1400-10-7,2021-12-28
680,غگرجي,بيسكويت‌  گرجي‌,65,3007843,5501344847,1742,1829,1829,87,4.99,1776,34,1.95,1829,1829,1400-10-7,2021-12-28
681,قلرست,قند لرستان‌,64,384937,5947276650,14720,15450,15450,730,4.96,14980,260,1.77,15450,15450,1400-10-7,2021-12-28
682,بساما,بيمه سامان,63,122486,2449747701,19886,19407,20296,410,2.06,19903,17,0.09,19407,20299,1400-10-7,2021-12-28
683,غمهرا,توليدي‌مهرام‌,63,985676,10122892520,9790,10270,10270,480,4.9,10090,300,3.06,10270,10270,1400-10-7,2021-12-28
684,ضخود2016,اختيارخ خودرو-1600-1401/02/07,60,4188,2937040000,649,612,710,61,9.4,701,52,8.01,611,710,1400-10-7,2021-12-28
685,مارون,پتروشيمي مارون,60,18615,3245364810,173491,174000,174980,1489,0.86,173518,27,0.02,171756,175250,1400-10-7,2021-12-28
686,آساس,صندوق س.آسمان آرماني سهام-س,60,20876,3526481694,169144,169200,169500,356,0.21,168925,-219,-0.13,168202,169998,1400-10-7,2021-12-28
687,شزنگ,تجهيزنيروي‌زنگان‌,60,13892,1637964044,121553,117907,117907,-3646,-3,120874,-679,-0.56,117907,117907,1400-10-7,2021-12-28
688,اخزا917,اسنادخزانه-م17بودجه99-010226,59,248334,228746632750,919740,919000,924000,4260,0.46,921120,1380,0.15,917030,924000,1400-10-7,2021-12-28
689,زعف0008پ10,زعفران0008نگين طلاي سرخ(پ),57,38082,9847293838,259845,257100,261000,1155,0.44,258581,-1264,-0.49,257000,261500,1400-10-7,2021-12-28
690,اراد50,مرابحه عام دولت5-ش.خ0302,56,1337400,1337404130000,1000010,1000000,1000010,0,0,1000000,-10,0,1000000,1000010,1400-10-7,2021-12-28
691,بخاور,بيمه زندگي خاورميانه,56,483274,1084980917,2236,2264,2259,23,1.03,2237,1,0.04,2212,2264,1400-10-7,2021-12-28
692,واعتبار,سرمايه گذاري اعتبار ايران,56,4320806,13744483886,3030,3181,3181,151,4.98,3162,132,4.36,3181,3181,1400-10-7,2021-12-28
693,صايند,صندوق س. گنجينه آينده روشن-د,54,873470,8873368190,10162,10176,10158,-4,-0.04,10159,-3,-0.03,10158,10176,1400-10-7,2021-12-28
694,دسينا,داروسازي‌ سينا,54,110799,2312518630,20820,20990,20990,170,0.82,20830,10,0.05,20610,21100,1400-10-7,2021-12-28
695,ثهام,صندوق س ثروت هامرز-سهام,52,328512,3612884591,10962,10985,11024,62,0.57,10998,36,0.33,10980,11238,1400-10-7,2021-12-28
696,اخزا901,اسنادخزانه-م1بودجه99-010621,52,94368,80959322490,854360,852770,856910,2550,0.3,857910,3550,0.42,852770,858300,1400-10-7,2021-12-28
697,مبين,مبين انرژي خليج فارس,52,120904,3111373460,25200,26140,25910,710,2.82,25210,10,0.04,25710,26140,1400-10-7,2021-12-28
698,سپيدما,صندوق س. سپيد دماوند-د,51,1722668,19984386459,11595,11601,11601,6,0.05,11601,6,0.05,11600,11605,1400-10-7,2021-12-28
699,سهگمت,سيمان‌هگمتان‌,50,86503,1815147960,20980,20770,21200,220,1.05,20980,0,0,20770,21330,1400-10-7,2021-12-28
700,شكبير,پتروشيمي اميركبير,48,19775,1850813137,93894,95800,93050,-844,-0.9,93888,-6,-0.01,92300,95800,1400-10-7,2021-12-28
701,اخزا902,اسنادخزانه-م2بودجه99-011019,46,79895,63866201120,796240,794900,800450,4210,0.53,799380,3140,0.39,794890,800450,1400-10-7,2021-12-28
702,اخزا903,اسنادخزانه-م3بودجه99-011110,46,102499,81005889140,786670,789940,790040,3370,0.43,790310,3640,0.46,785340,790890,1400-10-7,2021-12-28
703,زعف0110پ21,زعفران0110نگين ملل(پ),46,67894,25456612560,362493,360010,375000,12507,3.45,374946,12453,3.44,359000,380000,1400-10-7,2021-12-28
704,دكيمي,كيميدارو,44,241456,4457277760,17590,18460,18460,870,4.95,17840,250,1.42,18460,18460,1400-10-7,2021-12-28
705,وامين,س. امين توان آفرين ساز,44,66578,815254893,12547,12207,12205,-342,-2.73,12542,-5,-0.04,12201,12450,1400-10-7,2021-12-28
706,قمرو,قند مرودشت‌,44,311833,7197105640,21990,23080,23080,1090,4.96,22470,480,2.18,23080,23080,1400-10-7,2021-12-28
707,زعف0110پ16,زعفران0110نگين بيرجند(پ),43,35397,12896912475,360095,361000,373000,12905,3.58,364350,4255,1.18,354778,373000,1400-10-7,2021-12-28
708,سكه0011پ02,تمام سكه طرح جديد0011ملت,42,8500,10907574600,1295921,1285000,1285000,-10921,-0.84,1283244,-12677,-0.98,1280000,1288000,1400-10-7,2021-12-28
709,ارمغان,ص سرمايه گذاري ارمغان ايرانيان,42,613304,6204843053,10105,10113,10115,10,0.1,10117,12,0.12,10113,10120,1400-10-7,2021-12-28
710,وآفري,بيمه كارآفرين,42,376262,1430299968,3704,3815,3750,46,1.24,3714,10,0.27,3714,3815,1400-10-7,2021-12-28
711,قشهد,شهد,41,309377,4538560590,13980,14670,14670,690,4.94,14170,190,1.36,14670,14670,1400-10-7,2021-12-28
712,اوصتا,صندوق انديشه ورزان صباتامين -د,41,405660,8522068895,20997,21008,21008,11,0.05,21008,11,0.05,21007,21008,1400-10-7,2021-12-28
713,سايرا,ايرانيت‌,41,281820,7350992880,26616,26084,26084,-532,-2,26084,-532,-2,26084,26084,1400-10-7,2021-12-28
714,ثعتما,س. ساختماني اعتماد گستر,39,58617,1375330671,24188,23463,23463,-725,-3,24079,-109,-0.45,23463,23463,1400-10-7,2021-12-28
715,جوين,كشت و صنعت جوين,39,734034,1771958076,2344,2414,2414,70,2.99,2355,11,0.47,2414,2414,1400-10-7,2021-12-28
716,اخزا905,اسنادخزانه-م5بودجه99-020218,38,60057,44452151460,740130,740130,748590,8460,1.14,740170,40,0.01,740130,748590,1400-10-7,2021-12-28
717,ضسپا1113,اختيارخ خساپا-1800-1400/11/20,38,2664,366844000,136,158,135,-1,-0.74,138,2,1.47,120,158,1400-10-7,2021-12-28
718,شستان,پتروشيمي گلستان,38,519487,1832230649,3458,3527,3527,69,2,3483,25,0.72,3527,3527,1400-10-7,2021-12-28
719,اخزا911,اسنادخزانه-م11بودجه99-020906,38,162082,104871152790,646370,646050,650000,3630,0.56,647030,660,0.1,646050,650000,1400-10-7,2021-12-28
720,ضفلا1164,اختيارخ فولاد-12000-1400/11/24,37,682,273942000,493,401,400,-93,-18.86,402,-91,-18.46,392,420,1400-10-7,2021-12-28
721,فيروزا,صندوق بادرآمد ثابت فيروزه آسيا,37,136856,3562928002,26006,26040,26031,25,0.1,26034,28,0.11,26030,26040,1400-10-7,2021-12-28
722,آتيمس,صندوق س.آرمان آتيه درخشان مس-س,37,5860,1064396983,181780,180000,182000,220,0.12,181638,-142,-0.08,179801,182800,1400-10-7,2021-12-28
723,اخزا008,اسنادخزانه-م8بودجه00-030919,34,212701,108165823410,508190,505110,509000,810,0.16,508530,340,0.07,505110,509970,1400-10-7,2021-12-28
724,ضشنا1050,اختيارخ شپنا-7629-1400/10/19,34,883,15815865,11,10,10,-1,-9.09,10,-1,-9.09,8,15,1400-10-7,2021-12-28
725,ولانا,شركت ليزينگ آريا دانا,33,311623,3307878145,10306,10615,10615,309,3,10499,193,1.87,10615,10615,1400-10-7,2021-12-28
726,زعف0110پ10,زعفران0110نگين طلاي سرخ(پ),32,14670,5522438752,379972,370007,380000,28,0.01,376444,-3528,-0.93,361000,380000,1400-10-7,2021-12-28
727,سكه0111پ05,تمام سكه طرح جديد0111آينده,32,9700,12442338900,1295282,1285000,1282300,-12982,-1,1282715,-12567,-0.97,1280400,1285000,1400-10-7,2021-12-28
728,افق ملت,صندوق س در سهام افق ملت,32,7253,1013681680,139470,141000,140000,530,0.38,139760,290,0.21,139000,141000,1400-10-7,2021-12-28
729,برن0104پ01,برنج طارم0104تجارت مازندران(پ),32,3461,1709672500,494821,512000,499500,4679,0.95,493982,-839,-0.17,492000,512000,1400-10-7,2021-12-28
730,شمواد,توليد مواداوليه الياف مصنوعي,32,61227,2594494125,43239,42375,42375,-864,-2,42772,-467,-1.08,42375,42375,1400-10-7,2021-12-28
731,ماني2,صندوق س. با درآمد ثابت ماني,31,3100000,3100000,10693,1,1,-10692,-99.99,1,-10692,-99.99,1,1,1400-10-7,2021-12-28
732,اخزا814,اسنادخزانه-م14بودجه98-010318,31,70028,63480086500,906800,906000,909000,2200,0.24,906500,-300,-0.03,906000,909000,1400-10-7,2021-12-28
733,سكه0112پ03,تمام سكه طرح جديد0112سامان,30,5600,7197092900,1293277,1299990,1283300,-9977,-0.77,1285195,-8082,-0.62,1280000,1299990,1400-10-7,2021-12-28
734,اخزا914,اسنادخزانه-م14بودجه99-021025,30,63156,39752941240,625210,625210,630000,4790,0.77,629440,4230,0.68,625190,630000,1400-10-7,2021-12-28
735,ضصاد1113,اختيارخ وبصادر-2000-1400/11/06,30,721,83352000,112,129,126,14,12.5,116,4,3.57,103,129,1400-10-7,2021-12-28
736,كصدف,كاشي صدف سرام استقلال آباده,29,21322,414922267,19613,20199,19314,-299,-1.52,19607,-6,-0.03,19200,20199,1400-10-7,2021-12-28
737,دفرا,فرآورده‌هاي‌ تزريقي‌ ايران‌,29,265580,3638446000,13050,13700,13700,650,4.98,13350,300,2.3,13700,13700,1400-10-7,2021-12-28
738,تمحركه,ماشين سازي نيرو محركه,28,229151,4212024531,18949,18381,18381,-568,-3,18695,-254,-1.34,18381,18381,1400-10-7,2021-12-28
739,سيلام,سيمان‌ ايلام‌,26,51499,340923380,6960,6620,6620,-340,-4.89,6950,-10,-0.14,6620,6620,1400-10-7,2021-12-28
740,ضخود2017,اختيارخ خودرو-1800-1401/02/07,26,1444,780921000,490,495,500,10,2.04,541,51,10.41,473,560,1400-10-7,2021-12-28
741,اخزا813,اسنادخزانه-م13بودجه98-010219,26,89200,82592905340,924160,924000,926200,2040,0.22,925930,1770,0.19,923000,926200,1400-10-7,2021-12-28
742,حگردش,ريل گردش ايرانيان,25,121698,474013710,4015,3895,3895,-120,-2.99,4009,-6,-0.15,3895,3895,1400-10-7,2021-12-28
743,ثروتم,صندوق س. ثروت آفرين پارسيان-س,24,4150,360657450,87304,86867,87150,-154,-0.18,86905,-399,-0.46,86433,87498,1400-10-7,2021-12-28
744,سي تيپ2ن17,گواهي سيمان تيپ2ماهان كرمان(ن),24,944000,4551024000,4821,4821,4821,0,0,4821,0,0,4821,4821,1400-10-7,2021-12-28
745,بذر,صندوق س بذر اميد آفرين-سهام,23,8571,846440670,100460,99260,99500,-960,-0.96,98760,-1700,-1.69,97730,99500,1400-10-7,2021-12-28
746,اخزا812,اسنادخزانه-م12بودجه98-001111,23,77927,76351421630,978950,982980,980780,1830,0.19,979780,830,0.08,979700,982980,1400-10-7,2021-12-28
747,دقاضي,داروسازي شهيد قاضي,23,19608,489673014,24625,24980,24860,235,0.95,24641,16,0.06,24300,25180,1400-10-7,2021-12-28
748,ضكاريس903,اختيارخ كاريس-16000-14010930,22,408,594690000,2500,1300,1500,-1000,-40,1458,-1042,-41.68,1300,1650,1400-10-7,2021-12-28
749,اخزا811,اسنادخزانه-م11بودجه98-001013,22,4450,4434419110,995370,996440,996510,1140,0.11,996500,1130,0.11,996210,996890,1400-10-7,2021-12-28
750,قهكمت,قندهكمتان‌,21,215142,1022785068,4528,4754,4754,226,4.99,4542,14,0.31,4754,4754,1400-10-7,2021-12-28
751,خفولا,خدمات فني فولاد يزد,21,17085,377356395,23249,22087,22087,-1162,-5,23203,-46,-0.2,22087,22087,1400-10-7,2021-12-28
752,جمح,ح . پتروشيمي جم,20,900000,41400000000,46090,46000,46000,-90,-0.2,46000,-90,-0.2,46000,46000,1400-10-7,2021-12-28
753,حبندرح,ح.دريايي وكشتيراني خط دريابندر,20,203090,2271103010,11527,11191,11182,-345,-2.99,11183,-344,-2.98,11182,11191,1400-10-7,2021-12-28
754,اخزا007,اسنادخزانه-م7بودجه00-030912,20,36721,18723979300,509860,508050,509880,20,0,509900,40,0.01,508050,513900,1400-10-7,2021-12-28
755,زعف0110پ05,زعفران0110نگين زرين(پ),19,21307,8038277578,376208,367503,376100,-108,-0.03,377260,1052,0.28,367503,380000,1400-10-7,2021-12-28
756,كباده,توليد خاك نسوزاستقلال آباده,18,14008,471565312,32061,33664,33664,1603,5,32132,71,0.22,33664,33664,1400-10-7,2021-12-28
757,گكيش,توريستي ورفاهي آبادگران كيش,18,134553,3318749745,25963,24665,24665,-1298,-5,25483,-480,-1.85,24665,24665,1400-10-7,2021-12-28
758,دمعيار,صندوق س. توازن معيار-د,18,177247,1748612304,9954,9822,9980,26,0.26,9865,-89,-0.89,9820,9980,1400-10-7,2021-12-28
759,اخزا918,اسنادخزانه-م18بودجه99-010323,18,50725,45950400390,902890,901060,906650,3760,0.42,905870,2980,0.33,901060,906650,1400-10-7,2021-12-28
760,ضبدر1163,اختيارخ شبندر-6000-1400/11/13,17,154,174040000,1107,1100,1145,38,3.43,1130,23,2.08,1050,1190,1400-10-7,2021-12-28
761,اخزا908,اسنادخزانه-م8بودجه99-020606,17,24505,16819457080,683680,683010,688900,5220,0.76,686370,2690,0.39,683000,688900,1400-10-7,2021-12-28
762,اخزا816,اسنادخزانه-م16بودجه98-010503,17,101782,90024325570,881930,884000,884500,2570,0.29,884480,2550,0.29,881130,884500,1400-10-7,2021-12-28
763,گنجين,صندوق س. گنجينه يكم آويد-د,17,176741,2555894728,14456,14460,14468,12,0.08,14461,5,0.03,14460,14470,1400-10-7,2021-12-28
764,زعف0110پ09,زعفران0110نگين نوين(پ),16,13969,5248622550,355908,367000,380000,24092,6.77,375734,19826,5.57,366998,380000,1400-10-7,2021-12-28
765,زعف0008پ20,زعفران0008نگين وحدت جام(پ),16,16414,4118903020,251109,252000,250000,-1109,-0.44,250938,-171,-0.07,250000,257996,1400-10-7,2021-12-28
766,فكمند,گسترش قطعه سازي كمند,16,27110,967284800,36783,35680,35680,-1103,-3,36673,-110,-0.3,35680,35680,1400-10-7,2021-12-28
767,ثمين,صندوق س. ثروت افزون ثمين-س,15,107856,1116445265,10574,10301,10500,-74,-0.7,10351,-223,-2.11,10301,10550,1400-10-7,2021-12-28
768,ضستا1005,اختيارخ شستا-14000-1400/10/29,15,358,2238000,10,10,4,-6,-60,6,-4,-40,4,10,1400-10-7,2021-12-28
769,كبورس,كارگزاران بورس اوراق بهادار,14,1051288,11388449040,11400,10830,10830,-570,-5,11290,-110,-0.96,10830,10840,1400-10-7,2021-12-28
770,اخزا818,اسنادخزانه-م18بودجه98-010614,14,101745,87761608180,863370,865000,861720,-1650,-0.19,862560,-810,-0.09,860010,865000,1400-10-7,2021-12-28
771,سي تيپ2ن12,گواهي سيمان تيپ2خزر(ن),13,414000,2083662000,4794,5033,5033,239,4.99,5033,239,4.99,5033,5033,1400-10-7,2021-12-28
772,سفاسي,شركت فارسيت اهواز,13,178258,608394554,3518,3413,3413,-105,-2.98,3511,-7,-0.2,3413,3413,1400-10-7,2021-12-28
773,غناب,روغن‌ نباتي‌ ناب,13,1990,284671490,138885,143051,143051,4166,3,138994,109,0.08,143051,143051,1400-10-7,2021-12-28
774,اخزا815,اسنادخزانه-م15بودجه98-010406,13,4271,3835538390,897000,900000,898100,1100,0.12,898040,1040,0.12,895500,900750,1400-10-7,2021-12-28
775,زعف0110پ08,زعفران0110نگين روستا(پ),13,14961,5626630000,380000,392000,375000,-5000,-1.32,376086,-3914,-1.03,370000,392000,1400-10-7,2021-12-28
776,اخزا909,اسنادخزانه-م9بودجه99-020316,13,52628,38068843280,720500,719050,723890,3390,0.47,723360,2860,0.4,719050,723890,1400-10-7,2021-12-28
777,زعف0008پ11,زعفران0008نگين سحرخيز(پ),13,27355,7445784805,275547,272191,272191,-3356,-1.22,272191,-3356,-1.22,272191,272191,1400-10-7,2021-12-28
778,فراز,صندوق س.سهام فراز داريك-س,12,74204,1055559900,14224,14225,14225,1,0.01,14225,1,0.01,14225,14227,1400-10-7,2021-12-28
779,زعف0008پ16,زعفران0008نگين بيرجند(پ),12,6232,1540868415,250091,246302,252500,2409,0.96,247251,-2840,-1.14,246301,252500,1400-10-7,2021-12-28
780,ساروج,بين المللي ساروج بوشهر,12,12323,206954613,16566,16649,17000,434,2.62,16569,3,0.02,16649,17200,1400-10-7,2021-12-28
781,ضپال2007,اختيارخ اپال-32000-1401/02/12,12,273,78139000,294,283,289,-5,-1.7,286,-8,-2.72,271,290,1400-10-7,2021-12-28
782,ضصاد1114,اختيارخ وبصادر-2500-1400/11/06,12,462,13101000,29,29,28,-1,-3.45,28,-1,-3.45,17,30,1400-10-7,2021-12-28
783,افران2,صندوق س افرا نماد پايدار-ثابت,11,172000000,172000000,15093,1,1,-15092,-99.99,1,-15092,-99.99,1,1,1400-10-7,2021-12-28
784,اخزا009,اسناد خزانه-م9بودجه00-031101,11,25521,12569589310,492020,499970,495980,3960,0.8,492520,500,0.1,492210,499970,1400-10-7,2021-12-28
785,ضبدر1162,اختيارخ شبندر-5000-1400/11/13,11,77,152179000,1957,1797,2000,43,2.2,1976,19,0.97,1797,2000,1400-10-7,2021-12-28
786,ضسپا1111,اختيارخ خساپا-1400-1400/11/20,11,138,54285000,392,395,380,-12,-3.06,393,1,0.26,380,400,1400-10-7,2021-12-28
787,آرمان,بيمه آرمان,11,10980,55251360,5187,5032,5032,-155,-2.99,5186,-1,-0.02,5032,5032,1400-10-7,2021-12-28
788,پا ه 15,بار پايه هفته 15,11,315000,160650000,520,510,510,-10,-1.92,510,-10,-1.92,510,510,1400-10-7,2021-12-28
789,گوهر2,صندوق سكه طلاي كيان,10,100000,100000,64120,1,1,-64119,-100,1,-64119,-100,1,1,1400-10-7,2021-12-28
790,سي تيپ2ن01,گواهي سيمان تيپ 2 فارس(ن),10,390000,1989000000,4858,5100,5100,242,4.98,5100,242,4.98,5100,5100,1400-10-7,2021-12-28
791,ويستا,صندوق س. ويستا -س,10,103386,1069967600,10423,10300,10350,-73,-0.7,10349,-74,-0.71,10300,10350,1400-10-7,2021-12-28
792,پادا,صندوق س.پاداش سرمايه پارس-س,10,2084,224137030,107492,107800,108200,708,0.66,107551,59,0.05,106200,108300,1400-10-7,2021-12-28
793,لخانه,لوازم‌ خانگي‌ پارس‌,9,16627,255191196,15822,15348,15348,-474,-3,15809,-13,-0.08,15348,15348,1400-10-7,2021-12-28
794,اوج,صندوق س.اوج دماوند-س,9,21725,220226325,10148,10137,10137,-11,-0.11,10137,-11,-0.11,10137,10137,1400-10-7,2021-12-28
795,اخزا907,اسنادخزانه-م7بودجه99-020704,9,32906,22254232040,676510,666840,678000,1490,0.22,676300,-210,-0.03,666840,678000,1400-10-7,2021-12-28
796,سنوين,سرمايه گذاري اقتصاد نوين,9,18732,123649932,6948,6601,6601,-347,-4.99,6943,-5,-0.07,6601,6601,1400-10-7,2021-12-28
797,اراد35,مرابحه عام دولت3-ش.خ 0103,8,144000,140580000000,973600,976800,976000,2400,0.25,976250,2650,0.27,976000,977000,1400-10-7,2021-12-28
798,سي تيپ2ن02,گواهي سيمان تيپ2صوفيان(ن),8,160000,850720000,5064,5317,5317,253,5,5317,253,5,5317,5317,1400-10-7,2021-12-28
799,قجام,فرآوردههاي غذايي وقندتربت‌جام‌,8,35899,216829960,6163,6040,6040,-123,-2,6158,-5,-0.08,6040,6040,1400-10-7,2021-12-28
800,ضشنا1048,اختيارخ شپنا-5450-1400/10/19,8,25,39847025,929,850,950,21,2.26,869,-60,-6.46,850,950,1400-10-7,2021-12-28
801,كامياب2,صندوق س. كامياب آشنا-د,8,800000,800000,11142,1,1,-11141,-99.99,1,-11141,-99.99,1,1,1400-10-7,2021-12-28
802,ضپاس1011,اختيارخ وپارس-2000-1400/10/22,8,387,77150000,92,150,200,108,117.39,199,107,116.3,150,200,1400-10-7,2021-12-28
803,داريك,صندوق س.اعتماد داريك-د,8,415917,5030932032,12090,12096,12096,6,0.05,12096,6,0.05,12096,12096,1400-10-7,2021-12-28
804,ضكاريس902,اختيارخ كاريس-14000-14010930,7,226,583900000,1,2570,2650,2649,264900,2584,2583,258300,2570,2650,1400-10-7,2021-12-28
805,ضجار1020,اختيارخ وتجارت-1600-1400/10/15,7,411,158370000,378,313,351,-27,-7.14,385,7,1.85,313,399,1400-10-7,2021-12-28
806,ضترا1133,اختيارخ شتران-4411-1400/11/10,7,76,53115810,384,301,310,-74,-19.27,308,-76,-19.79,270,310,1400-10-7,2021-12-28
807,اخزا904,اسنادخزانه-م4بودجه99-011215,7,9360,7254000000,773540,775000,775000,1460,0.19,775000,1460,0.19,775000,775000,1400-10-7,2021-12-28
808,فالوم,آلومتك‌,7,2700,65388600,24967,24218,24218,-749,-3,24962,-5,-0.02,24218,24218,1400-10-7,2021-12-28
809,زعف0008پ12,زعفران0008پوشالمعمول سحرخيز(پ),7,7911,1774745076,228519,225500,224257,-4262,-1.87,224339,-4180,-1.83,224257,225500,1400-10-7,2021-12-28
810,طخود2018,اختيارف خودرو-2000-1401/02/07,7,518,77700000,170,150,150,-20,-11.76,150,-20,-11.76,150,150,1400-10-7,2021-12-28
811,داراب,پتروشيمي داراب,7,43000,93181000,2233,2167,2167,-66,-2.96,2232,-1,-0.04,2167,2167,1400-10-7,2021-12-28
812,ضفلا1165,اختيارخ فولاد-14000-1400/11/24,7,118,23600000,200,200,200,0,0,200,0,0,200,200,1400-10-7,2021-12-28
813,آسام,صندوق س.آرمان سپهر آشنا-م,6,1550,186035600,120342,120000,120700,358,0.3,120023,-319,-0.27,120000,120700,1400-10-7,2021-12-28
814,هفارس104,اختيارف ت فارس-11832-01/04/12,6,370453,370453,1,1,1,0,0,1,0,0,1,1,1400-10-7,2021-12-28
815,سي تيپ2ن23,گواهي سيمان تيپ2فراز(ن),6,335000,1605990000,4794,4794,4794,0,0,4794,0,0,4794,4794,1400-10-7,2021-12-28
816,ضملت1134,اختيارخ وبملت-3500-1400/11/13,6,34,3411000,98,100,110,12,12.24,100,2,2.04,80,110,1400-10-7,2021-12-28
817,ضشنا1051,اختيارخ شپنا-8719-1400/10/19,6,23,183500,1,4,5,4,400,4,3,300,3,5,1400-10-7,2021-12-28
818,گپارس,امور رفاهي كارگزاران پارس,5,381,47182278,130355,123838,123838,-6517,-5,130323,-32,-0.02,123838,123838,1400-10-7,2021-12-28
819,سي تيپ2ن11,گواهي سيمان تيپ2دورود(ن),5,152000,765016000,4794,5033,5033,239,4.99,5033,239,4.99,5033,5033,1400-10-7,2021-12-28
820,ضصاد1112,اختيارخ وبصادر-1800-1400/11/06,5,153,32077000,230,209,210,-20,-8.7,210,-20,-8.7,209,210,1400-10-7,2021-12-28
821,تملي709,تسهيلات مسكن ب. ملي-آذر97,5,24,14930408,627328,595962,658694,31366,5,622100,-5228,-0.83,595962,658694,1400-10-7,2021-12-28
822,ضمخا1035,اختيارخ اخابر-7000-1400/10/26,5,13,10000000,1248,700,800,-448,-35.9,769,-479,-38.38,700,850,1400-10-7,2021-12-28
823,ضكاريس303,اختيارخ كاريس-14000-14010331,5,56,79000000,1500,1330,1500,0,0,1411,-89,-5.93,1330,1500,1400-10-7,2021-12-28
824,اراد42,مرابحه عام دولت4-ش.خ 0106,5,18000,17452800000,969600,969600,969600,0,0,969600,0,0,969600,969600,1400-10-7,2021-12-28
825,زعف0008پ19,زعفران0008نگين تروند قاينات(پ),5,523,138219210,249305,256269,265000,15695,6.3,264281,14976,6.01,256269,267000,1400-10-7,2021-12-28
826,اگ010155,گام بانك اقتصاد نوين0101,5,50000,46525000000,930183,930500,930500,317,0.03,930500,317,0.03,930500,930500,1400-10-7,2021-12-28
827,ضفرابورس1200,اختيارخ فرابورس-19000-14001218,5,9,16701000,2002,1,2500,498,24.88,1856,-146,-7.29,1,2500,1400-10-7,2021-12-28
828,ضستا1006,اختيارخ شستا-16000-1400/10/29,5,21,25000,10,1,2,-8,-80,1,-9,-90,1,2,1400-10-7,2021-12-28
829,زعف0008پ15,زعفران0008پوشالمعمول طلاسرخ(پ),5,1119,251119192,225992,226100,226002,10,0,224414,-1578,-0.7,224257,226100,1400-10-7,2021-12-28
830,وسخوز,شركت س استان خوزستان,5,182381,109975743,634,603,603,-31,-4.89,634,0,0,603,603,1400-10-7,2021-12-28
831,صبا1404,اجاصبابدون ضامن بارتبه اعتباري,5,250000,250000000000,1000000,1000000,1000000,0,0,1000000,0,0,1000000,1000000,1400-10-7,2021-12-28
832,ثقزوي,شركت عمران و سازندگي قزوين,4,1542,43003296,29355,27888,27888,-1467,-5,29348,-7,-0.02,27888,27888,1400-10-7,2021-12-28
833,ضشنا1049,اختيارخ شپنا-6540-1400/10/19,4,35,7965735,163,135,123,-40,-24.54,124,-39,-23.93,123,135,1400-10-7,2021-12-28
834,تپولا,مهندسي مرآت پولاد,4,10629,160423497,15559,15093,15093,-466,-3,15551,-8,-0.05,15093,15093,1400-10-7,2021-12-28
835,وآتوس,س.آرين توسكا قيمت اسمي 350ريال,4,4979,118151670,24978,23730,23730,-1248,-5,24957,-21,-0.08,23730,23730,1400-10-7,2021-12-28
836,شرق1400,مشاركت ليزينگ ايران وشرق140010,4,1005,1005798300,1000390,999900,1002000,1610,0.16,1000790,400,0.04,999900,1002000,1400-10-7,2021-12-28
837,وسخراج,شركت س استان خراسان جنوبي,4,15016,29866824,2209,1989,1989,-220,-9.96,2209,0,0,1989,1989,1400-10-7,2021-12-28
838,ضملت1131,اختيارخ وبملت-2000-1400/11/13,4,100,123160000,1171,1248,1240,69,5.89,1232,61,5.21,1220,1248,1400-10-7,2021-12-28
839,سيناد,صندوق س.سپهرسودمند سينا-د,4,41610,416433880,10006,10008,10009,3,0.03,10008,2,0.02,10008,10009,1400-10-7,2021-12-28
840,زير0103پ01,زيره سبز0103كيميابذر(پ),4,350,366334500,1046115,1046115,1046115,0,0,1046670,555,0.05,1046115,1050000,1400-10-7,2021-12-28
841,حرهشا,رهشاد سپاهان (سهامي عام,4,296,29425656,102485,99411,99411,-3074,-3,102473,-12,-0.01,99411,99411,1400-10-7,2021-12-28
842,سي تيپ2ن07,گواهي سيمان تيپ 2تهران(ن),4,73000,431722000,5633,5914,5914,281,4.99,5914,281,4.99,5914,5914,1400-10-7,2021-12-28
843,سي تيپ2ن05,گواهي سيمان تيپ 2خاش(ن),4,163000,1003102000,5861,6154,6154,293,5,6154,293,5,6154,6154,1400-10-7,2021-12-28
844,ضملت1132,اختيارخ وبملت-2500-1400/11/13,4,63,39320000,641,605,720,79,12.32,624,-17,-2.65,605,720,1400-10-7,2021-12-28
845,جهرم,پتروشيمي جهرم,4,43411,56390889,1339,1299,1299,-40,-2.99,1339,0,0,1299,1299,1400-10-7,2021-12-28
846,سي تيپ2ن18,گواهي سيمان تيپ2سامان غرب(ن),4,154000,752906000,4794,4889,4889,95,1.98,4889,95,1.98,4889,4889,1400-10-7,2021-12-28
847,سخواف,سيمان مجد خواف,4,5851,43724523,7704,7473,7473,-231,-3,7703,-1,-0.01,7473,7473,1400-10-7,2021-12-28
848,زعف0008پ08,زعفران0008نگين روستا(پ),4,12500,3402387500,274661,272191,272191,-2470,-0.9,272191,-2470,-0.9,272191,272191,1400-10-7,2021-12-28
849,ساذري,آذريت‌,4,5938,55538114,9642,9353,9353,-289,-3,9640,-2,-0.02,9353,9353,1400-10-7,2021-12-28
850,سي تيپ2ن04,گواهي سيمان تيپ2فارس نو(ن),4,130000,699660000,5126,5382,5382,256,4.99,5382,256,4.99,5382,5382,1400-10-7,2021-12-28
851,ضبدر1164,اختيارخ شبندر-7000-1400/11/13,4,363,143940000,407,420,380,-27,-6.63,397,-10,-2.46,380,420,1400-10-7,2021-12-28
852,ضكاريس304,اختيارخ كاريس-15000-14010331,4,31,26999000,1,800,1000,999,99900,871,870,87000,800,1000,1400-10-7,2021-12-28
853,شگويات.ف0104,اختيارف.تبعي شگويا010408,3,30000,30000,1,1,1,0,0,1,0,0,1,1,1400-10-7,2021-12-28
854,ضملي1161,اختيارخ فملي-7000-1400/11/03,3,21,17632000,609,365,480,-129,-21.18,420,-189,-31.03,365,480,1400-10-7,2021-12-28
855,پا ه 16,بار پايه هفته 16,3,11250,5850000,400,520,520,120,30,520,120,30,520,520,1400-10-7,2021-12-28
856,فنرژي,گسترش صنايع انرژي آذرآب,3,2460,29746320,12338,12092,12092,-246,-1.99,12337,-1,-0.01,12092,12092,1400-10-7,2021-12-28
857,اخزا817,اسنادخزانه-م17بودجه98-010512,3,1182,1036867440,876890,877170,877870,980,0.11,877210,320,0.04,877170,877870,1400-10-7,2021-12-28
858,ضكاريس901,اختيارخ كاريس-12000-14010930,3,95,380000000,1,4000,4000,3999,399900,4000,3999,399900,4000,4000,1400-10-7,2021-12-28
859,ضجار2014,اختيارخ وتجارت-2500-1401/02/21,3,20,6750000,330,400,300,-30,-9.09,337,7,2.12,300,400,1400-10-7,2021-12-28
860,ضپيك1031,اختيارخ تاپيكو-14000-00/10/15,3,47,44647000,950,949,950,0,0,950,0,0,949,950,1400-10-7,2021-12-28
861,ياقوت2,صندوق س ياقوت آگاه-ثابت,3,7107000,7107000,13858,1,1,-13857,-99.99,1,-13857,-99.99,1,1,1400-10-7,2021-12-28
862,صپا ه 15,بار پايه هفته 15صنعتي,3,13990,7194500,530,550,510,-20,-3.77,514,-16,-3.02,510,550,1400-10-7,2021-12-28
863,سي تيپ2ن13,گواهي سيمان تيپ2بجنورد(ن),3,128000,651264000,4846,5088,5088,242,4.99,5088,242,4.99,5088,5088,1400-10-7,2021-12-28
864,ضپيك1028,اختيارخ تاپيكو-9000-00/10/15,3,41,225500000,5500,5500,5500,0,0,5500,0,0,5500,5500,1400-10-7,2021-12-28
865,تملي804,تسهيلات مسكن ب. ملي-تير98,3,45,32591340,762370,724252,724252,-38118,-5,724252,-38118,-5,724252,724252,1400-10-7,2021-12-28
866,شليا,شركت مواد ويژه ليا,3,451,16493070,37701,36570,36570,-1131,-3,37699,-2,-0.01,36570,36570,1400-10-7,2021-12-28
867,خبهمن2,گروه‌بهمن‌,3,80000000,158560000000,1982,1982,1982,0,0,1982,0,0,1982,1982,1400-10-7,2021-12-28
868,ثهام2,صندوق س ثروت هامرز-سهام,3,300000,300000,10962,1,1,-10961,-99.99,1,-10961,-99.99,1,1,1400-10-7,2021-12-28
869,طفلا1164,اختيارف فولاد-12000-1400/11/24,3,3,2200000,900,800,700,-200,-22.22,733,-167,-18.56,700,800,1400-10-7,2021-12-28
870,ضشنا1046,اختيارخ شپنا-4360-1400/10/19,3,3,10459500,1707,1850,1950,243,14.24,1900,193,11.31,1850,1950,1400-10-7,2021-12-28
871,ثنام,س ساختماني ب نام آوران مهندسي,3,1855,19985770,11107,10774,10774,-333,-3,11106,-1,-0.01,10774,10774,1400-10-7,2021-12-28
872,اخزا906,اسنادخزانه-م6بودجه99-020321,3,648,469899000,729980,725000,734900,4920,0.67,725150,-4830,-0.66,725000,734900,1400-10-7,2021-12-28
873,سي تيپ2ن09,گواهي سيمان تيپ 2خوزستان(ن),2,100000,540800000,5151,5408,5408,257,4.99,5408,257,4.99,5408,5408,1400-10-7,2021-12-28
874,كشم0101پ01,كشمش سبز0101خليل آباد(پ),2,24,15138000,633000,630000,632000,-1000,-0.16,630750,-2250,-0.36,630000,632000,1400-10-7,2021-12-28
875,ضملي1159,اختيارخ فملي-5000-1400/11/03,2,30,144000000,2500,2400,2400,-100,-4,2400,-100,-4,2400,2400,1400-10-7,2021-12-28
876,اخزا821,اسنادخزانه-م21بودجه98-020906,2,88,57288000,647200,651000,651000,3800,0.59,651000,3800,0.59,651000,651000,1400-10-7,2021-12-28
877,تسه00072,امتيازتسهيلات مسكن مهر1400,2,215,2150,975233,10,10,-975223,-100,10,-975223,-100,10,10,1400-10-7,2021-12-28
878,نگين,ص.س. زمين و ساختمان نگين شهرري,2,177,9267500,51830,52500,52000,170,0.33,52360,530,1.02,52000,52500,1400-10-7,2021-12-28
879,پست0108پ04,پسته فندقي32-30سبزدانه0108(پ),2,70,165850000,2355000,2397000,2300000,-55000,-2.34,2369286,14286,0.61,2300000,2397000,1400-10-7,2021-12-28
880,ضپنا2011,اختيارخ رمپنا-10000-1401/02/07,2,2,16000000,7000,8000,8000,1000,14.29,8000,1000,14.29,8000,8000,1400-10-7,2021-12-28
881,زعف0008پ09,زعفران0008نگين نوين(پ),2,360,97988760,269892,272191,272191,2299,0.85,272191,2299,0.85,272191,272191,1400-10-7,2021-12-28
882,ارفع2,شركت آهن و فولاد ارفع,2,30000000,440400000000,14680,14680,14680,0,0,14680,0,0,14680,14680,1400-10-7,2021-12-28
883,سي تيپ2ن21,گواهي سيمان تيپ2زاوه تربت(ن),2,20000,95880000,4794,4794,4794,0,0,4794,0,0,4794,4794,1400-10-7,2021-12-28
884,اراد94,مرابحه عام دولت94-ش.خ030816,2,108600,99915258000,920470,920030,920030,-440,-0.05,920030,-440,-0.05,920030,920030,1400-10-7,2021-12-28
885,واحصا,احياء صنايع خراسان,2,300,13241700,45504,44139,44139,-1365,-3,45502,-2,0,44139,44139,1400-10-7,2021-12-28
886,بتك,كارخانجات كابل سازي‌ تك‌,2,6000,211164000,34504,35194,35194,690,2,34596,92,0.27,35194,35194,1400-10-7,2021-12-28
887,وسرضوي,س.سهام عدالت استان خراسان رضوي,2,25905,17848545,725,689,689,-36,-4.97,725,0,0,689,689,1400-10-7,2021-12-28
888,اراد43,مرابحه عام دولت4-ش.خ 0205,2,12600,11970000000,950000,950000,950000,0,0,950000,0,0,950000,950000,1400-10-7,2021-12-28
889,طخود2017,اختيارف خودرو-1800-1401/02/07,2,18,1620000,90,90,90,0,0,90,0,0,90,90,1400-10-7,2021-12-28
890,ثنظام,س. ساختماني نظام مهندسي ايران,2,491,10341933,21714,21063,21063,-651,-3,21713,-1,0,21063,21063,1400-10-7,2021-12-28
891,كهربا2,صندوق س.پشتوانه سكه طلا كهربا,2,500000,500000,11047,1,1,-11046,-99.99,1,-11046,-99.99,1,1,1400-10-7,2021-12-28
892,سي تيپ2ن14,گواهي سيمان تيپ2ساوه(ن),2,25000,140425000,5350,5617,5617,267,4.99,5617,267,4.99,5617,5617,1400-10-7,2021-12-28
893,حاريا,كشتيراني آريا,2,900,13656600,15483,15174,15174,-309,-2,15482,-1,-0.01,15174,15174,1400-10-7,2021-12-28
894,كمان,س.خ.كمان كاريزما 35% تاديه,2,65450,25013550100,381957,382178,382178,221,0.06,382178,221,0.06,382178,382178,1400-10-7,2021-12-28
895,كنور2,توسعه معدني و صنعتي صبانور,2,24329425,468341431250,19460,19250,19250,-210,-1.08,19250,-210,-1.08,19250,19250,1400-10-7,2021-12-28
896,تسه00082,امتيازتسهيلات مسكن آبان1400,2,93,930,979274,10,10,-979264,-100,10,-979264,-100,10,10,1400-10-7,2021-12-28
897,پارتا,مجتمع‌صنعتي‌آرتاويل‌تاير,2,1381,32376164,24169,23444,23444,-725,-3,24168,-1,0,23444,23444,1400-10-7,2021-12-28
898,ضكاريس900,اختيارخ كاريس-10000-14010930,2,75,375000000,1,5000,5000,4999,499900,5000,4999,499900,5000,5000,1400-10-7,2021-12-28
899,سپيدما2,صندوق س. سپيد دماوند-د,1,3000000,3000000,11595,1,1,-11594,-99.99,1,-11594,-99.99,1,1,1400-10-7,2021-12-28
900,ضملي1160,اختيارخ فملي-6000-1400/11/03,1,10,28000000,1310,1400,1400,90,6.87,1400,90,6.87,1400,1400,1400-10-7,2021-12-28
901,وسفارس,شركت س استان فارس,1,6000,5874000,1030,979,979,-51,-4.95,1030,0,0,979,979,1400-10-7,2021-12-28
902,اراد86,مرابحه عام دولت86-ش.خ020404,1,500,462500000,940000,925000,925000,-15000,-1.6,925000,-15000,-1.6,925000,925000,1400-10-7,2021-12-28
903,كمند2,صندوق س. با درآمد ثابت كمند,1,21800000,21800000,10115,1,1,-10114,-99.99,1,-10114,-99.99,1,1,1400-10-7,2021-12-28
904,اعتماد4,صندوق س.اعتماد آفرين پارسيان-د,1,7500000,307057500000,40918,40941,40941,23,0.06,40941,23,0.06,40941,40941,1400-10-7,2021-12-28
905,سي تيپ2ن10,گواهي سيمان تيپ 2غرب(ن),1,50000,251650000,4794,5033,5033,239,4.99,5033,239,4.99,5033,5033,1400-10-7,2021-12-28
906,پاكشو2,گروه صنعتي پاكشو,1,157000000,959270000000,6210,6110,6110,-100,-1.61,6110,-100,-1.61,6110,6110,1400-10-7,2021-12-28
907,ضپال2006,اختيارخ اپال-28000-1401/02/12,1,39,25857000,779,663,663,-116,-14.89,663,-116,-14.89,663,663,1400-10-7,2021-12-28
908,افاد534,منفعت دولت5-ش.خاص كاريزما0108,1,2000000,1944000000000,1000000,972000,972000,-28000,-2.8,972000,-28000,-2.8,972000,972000,1400-10-7,2021-12-28
909,خراسان2,پتروشيمي خراسان,1,750000,94050000000,120610,125400,125400,4790,3.97,125400,4790,3.97,125400,125400,1400-10-7,2021-12-28
910,اراد87,مرابحه عام دولت87-ش.خ030304,1,20000,18540000000,922300,927000,927000,4700,0.51,927000,4700,0.51,927000,927000,1400-10-7,2021-12-28
911,تملي705,تسهيلات مسكن ب. ملي-مرداد97,1,1,593110,624326,593110,593110,-31216,-5,593110,-31216,-5,593110,593110,1400-10-7,2021-12-28
912,اراد38,مرابحه عام دولت3-ش.خ 0105,1,2000,2000000000,985000,1000000,1000000,15000,1.52,1000000,15000,1.52,1000000,1000000,1400-10-7,2021-12-28
913,شسم,توليد سموم‌ علف‌ كش,1,3,312369,101091,104123,104123,3032,3,101091,0,0,104123,104123,1400-10-7,2021-12-28
914,ضپاس1012,اختيارخ وپارس-2500-1400/10/22,1,20,300000,20,15,15,-5,-25,15,-5,-25,15,15,1400-10-7,2021-12-28
915,ضستا1001,اختيارخ شستا-8000-1400/10/29,1,1,3200000,3414,3200,3200,-214,-6.27,3200,-214,-6.27,3200,3200,1400-10-7,2021-12-28
916,هپارس102,اختيارف ت پارس-157010-01/02/05,1,100,100,1,1,1,0,0,1,0,0,1,1,1400-10-7,2021-12-28
917,اراد424,مرابحه عام دولت4-ش.خ 0106,1,250000,241250000000,969600,965000,965000,-4600,-0.47,965000,-4600,-0.47,965000,965000,1400-10-7,2021-12-28
918,پست0108پ08,پسته فندقي32-30مه ولات0108(پ),1,3,7023291,2341097,2341097,2341097,0,0,2341097,0,0,2341097,2341097,1400-10-7,2021-12-28
919,ضپنا2014,اختيارخ رمپنا-16000-1401/02/07,1,20,77000000,3500,3850,3850,350,10,3850,350,10,3850,3850,1400-10-7,2021-12-28
920,نوآور,ص.اعتبارسرمايه نوآفرين70%تاديه,1,10000,7617400000,761750,761740,761740,-10,0,761740,-10,0,761740,761740,1400-10-7,2021-12-28
921,داريوش2,صندوق س. ثروت داريوش -س,1,100000,100000,9818,1,1,-9817,-99.99,1,-9817,-99.99,1,1,1400-10-7,2021-12-28
922,اخزا8152,اسنادخزانه-م15بودجه98-010406,1,567376,510241236800,897000,899300,899300,2300,0.26,899300,2300,0.26,899300,899300,1400-10-7,2021-12-28
923,ضستا1000,اختيارخ شستا-7000-1400/10/29,1,1,3551000,3700,3551,3551,-149,-4.03,3551,-149,-4.03,3551,3551,1400-10-7,2021-12-28
924,ضفلا1160,اختيارخ فولاد-7000-1400/11/24,1,1,2200000,3300,2200,2200,-1100,-33.33,2200,-1100,-33.33,2200,2200,1400-10-7,2021-12-28
925,تملي802,تسهيلات مسكن ب. ملي-ارديبهشت98,1,6,5334852,846802,889142,889142,42340,5,889142,42340,5,889142,889142,1400-10-7,2021-12-28
926,تسه00092,امتيازتسهيلات مسكن آذر 1400,1,28,280,960595,10,10,-960585,-100,10,-960585,-100,10,10,1400-10-7,2021-12-28
927,همراه2,شركت ارتباطات سيار ايران,1,8395000,68922950000,8210,8210,8210,0,0,8210,0,0,8210,8210,1400-10-7,2021-12-28
928,تسه00062,امتيازتسهيلات مسكن شهريور1400,1,18,180,977199,10,10,-977189,-100,10,-977189,-100,10,10,1400-10-7,2021-12-28
929,وسخراش,شركت س استان خراسان شمالي,1,22088,28736488,1369,1301,1301,-68,-4.97,1369,0,0,1301,1301,1400-10-7,2021-12-28
930,صفارس307,صكوك اجاره فارس307- 3ماهه18%,1,500,494500000,1000000,989000,989000,-11000,-1.1,989000,-11000,-1.1,989000,989000,1400-10-7,2021-12-28
931,پست0108پ10,پسته فندقي34-32مه ولات0108(پ),1,3,6164049,2054683,2054683,2054683,0,0,2054683,0,0,2054683,2054683,1400-10-7,2021-12-28
932,تسه00032,امتيازتسهيلات مسكن خرداد1400,1,17,170,982527,10,10,-982517,-100,10,-982517,-100,10,10,1400-10-7,2021-12-28
933,اراد46,مرابحه عام دولت4-ش.خ 0302,1,5000,4900000000,1000000,980000,980000,-20000,-2,980000,-20000,-2,980000,980000,1400-10-7,2021-12-28
934,تسه99092,امتياز تسهيلات مسكن آذر99,1,11,110,989223,10,10,-989213,-100,10,-989213,-100,10,10,1400-10-7,2021-12-28
935,اراد314,مرابحه عام دولت3-ش.خ 0208,1,664440,593876472000,907200,893800,893800,-13400,-1.48,893800,-13400,-1.48,893800,893800,1400-10-7,2021-12-28
936,مي ر 51,ميان باري روز 51,1,3000,1800000,337,600,600,263,78.04,600,263,78.04,600,600,1400-10-7,2021-12-28
937,اراد504,مرابحه عام دولت5-ش.خ0302,1,2500000,2302500000000,1000010,921000,921000,-79010,-7.9,921000,-79010,-7.9,921000,921000,1400-10-7,2021-12-28
938,تسه00042,امتيازتسهيلات مسكن تير1400,1,16,160,985847,10,10,-985837,-100,10,-985837,-100,10,10,1400-10-7,2021-12-28
939,ضكاريس302,اختيارخ كاريس-13000-14010331,1,15,30750000,1,2050,2050,2049,204900,2050,2049,204900,2050,2050,1400-10-7,2021-12-28
940,اراد45,مرابحه عام دولت4-ش.خ 0107,1,300,290340000,956000,967800,967800,11800,1.23,967800,11800,1.23,967800,967800,1400-10-7,2021-12-28
941,ضملت1138,اختيارخ وبملت-6000-1400/11/13,1,48,48000,1,1,1,0,0,1,0,0,1,1,1400-10-7,2021-12-28
942,ضاريان1204,اختيارخ آريان-18000-14001211,1,50,42500000,887,850,850,-37,-4.17,850,-37,-4.17,850,850,1400-10-7,2021-12-28
943,ضترا1132,اختيارخ شتران-3970-1400/11/10,1,2,2720400,500,600,600,100,20,600,100,20,600,600,1400-10-7,2021-12-28
944,ضجار2009,اختيارخ وتجارت-1200-1401/02/21,1,2,2200000,999,1100,1100,101,10.11,1100,101,10.11,1100,1100,1400-10-7,2021-12-28
945,وسزنجان,شركت س استان زنجان,1,4289,5785861,1419,1349,1349,-70,-4.93,1419,0,0,1349,1349,1400-10-7,2021-12-28
946,پست0108پ09,پسته بادامي32-30مه ولات0108(پ),1,3,6829407,2276469,2276469,2276469,0,0,2276469,0,0,2276469,2276469,1400-10-7,2021-12-28
947,سي تيپ2ن16,گواهي سيمان تيپ2شرق(ن),1,40000,201320000,4794,5033,5033,239,4.99,5033,239,4.99,5033,5033,1400-10-7,2021-12-28
948,ضكاريس301,اختيارخ كاريس-12000-14010331,1,15,42750000,1,2850,2850,2849,284900,2850,2849,284900,2850,2850,1400-10-7,2021-12-28
949,ضپنا2013,اختيارخ رمپنا-14000-1401/02/07,1,30,160800000,5361,5360,5360,-1,-0.02,5360,-1,-0.02,5360,5360,1400-10-7,2021-12-28
950,ضخود2021,اختيارخ خودرو-3500-1401/02/07,1,1,65000,1,65,65,64,6400,65,64,6400,65,65,1400-10-7,2021-12-28
951,ضشنا2017,اختيارخ شپنا-8000-1401/02/25,1,10,800000,1,80,80,79,7900,80,79,7900,80,80,1400-10-7,2021-12-28
952,زير0103پ02,زيره سبز0103 دانش(پ),1,10,9990000,925904,999000,999000,73096,7.89,999000,73096,7.89,999000,999000,1400-10-7,2021-12-28
953,اراد61,مرابحه عام دولت61-ش.خ0309,1,10000,10000100000,1000010,1000010,1000010,0,0,1000010,0,0,1000010,1000010,1400-10-7,2021-12-28
954,اوصتا2,صندوق انديشه ورزان صباتامين -د,1,100000,100000,20997,1,1,-20996,-100,1,-20996,-100,1,1,1400-10-7,2021-12-28
955,تسه00022,امتيازتسهيلاتمسكن ارديبهشت1400,1,15,150,987588,10,10,-987578,-100,10,-987578,-100,10,10,1400-10-7,2021-12-28
956,زعف0008پ18,زعفران0008نگين بهرامن(پ),1,1000,272191000,254700,272191,272191,17491,6.87,272191,17491,6.87,272191,272191,1400-10-7,2021-12-28
957,تدبير04,اجاره اقتصادي تدبير14040606,1,2000,1950000000,970000,975000,975000,5000,0.52,975000,5000,0.52,975000,975000,1400-10-7,2021-12-28
958,انار2,صندوق س.انارنماد ارزش-درسهام,1,100000,100000,10000,1,1,-9999,-99.99,1,-9999,-99.99,1,1,1400-10-7,2021-12-28
959,سي تيپ2ن19,گواهي سيمان تيپ2غرب آسيا(ن),1,10000,47940000,4794,4794,4794,0,0,4794,0,0,4794,4794,1400-10-7,2021-12-28
960,ضشنا2015,اختيارخ شپنا-6000-1401/02/25,1,20,20000000,1800,1000,1000,-800,-44.44,1000,-800,-44.44,1000,1000,1400-10-7,2021-12-28
961,اراد934,مرابحه عام دولت93-ش.خ010809,1,620000,598424000000,962000,965200,965200,3200,0.33,965200,3200,0.33,965200,965200,1400-10-7,2021-12-28
962,خعمرا,توسعه و عمران شهرستان نائين,1,7,34419,4774,4917,4917,143,3,4774,0,0,4917,4917,1400-10-7,2021-12-28
963,وشمال,س. چشم انداز توسعه شمال,1,75,5495325,74766,73271,73271,-1495,-2,74764,-2,0,73271,73271,1400-10-7,2021-12-28
964,كارا2,صندوق س. كارا -د,1,4000000,4000000,10445,1,1,-10444,-99.99,1,-10444,-99.99,1,1,1400-10-7,2021-12-28
965,كابگن,توليدي و صنعتي آبگينه‌,1,7000,42798000,6054,6114,6114,60,0.99,6055,1,0.02,6114,6114,1400-10-7,2021-12-28
966,تسه99082,امتياز تسهيلات مسكن آبان99,1,9,90,968362,10,10,-968352,-100,10,-968352,-100,10,10,1400-10-7,2021-12-28
967,نخو0102پ01,نخود متوسط0102شيري(پ),1,11,3075171,266249,279561,279561,13312,5,279561,13312,5,279561,279561,1400-10-7,2021-12-28
968,تسه00012,امتيازتسهيلات مسكن فروردين1400,1,18,180,989183,10,10,-989173,-100,10,-989173,-100,10,10,1400-10-7,2021-12-28
969,زير0103پ04,زيره سبز0103شركت مينوبذر(پ),1,10,10300000,993810,1030000,1030000,36190,3.64,1030000,36190,3.64,1030000,1030000,1400-10-7,2021-12-28
970,ضشنا1047,اختيارخ شپنا-4905-1400/10/19,1,1,2724975,1433,1485,1485,52,3.63,1485,52,3.63,1485,1485,1400-10-7,2021-12-28
971,تسه00052,امتيازتسهيلات مسكن مرداد 1400,1,17,170,988905,10,10,-988895,-100,10,-988895,-100,10,10,1400-10-7,2021-12-28
972,ضپاس1013,اختيارخ وپارس-3000-1400/10/22,1,10,20000,39,2,2,-37,-94.87,2,-37,-94.87,2,2,1400-10-7,2021-12-28
973,ضصاد1115,اختيارخ وبصادر-3000-1400/11/06,1,10,150000,14,15,15,1,7.14,15,1,7.14,15,15,1400-10-7,2021-12-28
974,سي تيپ2ن06,گواهي سيمان تيپ 2شاهرود(ن),1,16000,80528000,4794,5033,5033,239,4.99,5033,239,4.99,5033,5033,1400-10-7,2021-12-28
