,نماد,نام,تعداد,حجم,ارزش,دیروز,اولین,آخرین معامله - مقدار,آخرین معامله - تغییر,آخرین معامله - درصد,قیمت پایانی - مقدار,قیمت پایانی - تغییر,قیمت پایانی - درصد,کمترین,بیشترین,تاریخ,gregorian_date
0,توسن,توسعه سامانه ي نرم افزاري نگين,35220,16778330,255958228849,15119,15200,15270,151,1,15255,136,0.9,14549,15510,1400-7-26,2021-10-18
1,پالايش,صندوق پالايشي يكم-سهام,25551,29624034,2135590513010,72480,71180,73400,920,1.27,72090,-390,-0.54,70150,73490,1400-7-26,2021-10-18
2,دي,بانك دي,23340,836229955,782376286308,969,943,940,-29,-2.99,936,-33,-3.41,923,965,1400-7-26,2021-10-18
3,فملي,ملي‌ صنايع‌ مس‌ ايران‌,17932,130165815,1782495624320,13440,13350,13710,270,2.01,13690,250,1.86,13260,13970,1400-7-26,2021-10-18
4,فجهان,مجتمع جهان فولاد سيرجان,17773,56933460,341057316078,6164,6049,6008,-156,-2.53,5990,-174,-2.82,5920,6150,1400-7-26,2021-10-18
5,فسبزوار,پارس فولاد سبزوار,16902,10515112,369023397610,35530,35010,35500,-30,-0.08,35090,-440,-1.24,34520,35980,1400-7-26,2021-10-18
6,كيمياتك,آريان كيميا تك,15253,4078519,118954335150,28950,29000,29250,300,1.04,29170,220,0.76,28500,29800,1400-7-26,2021-10-18
7,دارا يكم,صندوق واسطه گري مالي يكم-سهام,15182,10130859,1198628972750,119180,116940,120520,1340,1.12,118310,-870,-0.73,115120,120980,1400-7-26,2021-10-18
8,شپنا,پالايش نفت اصفهان,14785,102138305,1241935294640,12260,12000,12410,150,1.22,12160,-100,-0.82,11790,12470,1400-7-26,2021-10-18
9,شبندر,پالايش نفت بندرعباس,10316,170143413,1137560123710,6690,6570,6820,130,1.94,6690,0,0,6480,6830,1400-7-26,2021-10-18
10,مديريت,س. و خدمات مديريت صند. ب كشوري,9847,8353882,76113403061,9289,9030,9199,-90,-0.97,9111,-178,-1.92,8966,9286,1400-7-26,2021-10-18
11,خودرو,ايران‌ خودرو,8865,281428154,480197117305,1704,1672,1738,34,2,1706,2,0.12,1653,1750,1400-7-26,2021-10-18
12,فولاد,فولاد مباركه اصفهان,8684,80021213,850987891140,10600,10500,10690,90,0.85,10630,30,0.28,10400,10760,1400-7-26,2021-10-18
13,خساپا,سايپا,8047,293967439,473955148540,1610,1580,1636,26,1.61,1612,2,0.12,1553,1644,1400-7-26,2021-10-18
14,فرابورس,فرابورس ايران,7506,36656770,819865427758,23482,22308,22376,-1106,-4.71,22366,-1116,-4.75,22308,23000,1400-7-26,2021-10-18
15,امين,تامين سرمايه امين,6623,4992778,57303195840,11240,11240,11710,470,4.18,11480,240,2.14,11240,11750,1400-7-26,2021-10-18
16,كمند,صندوق س. با درآمد ثابت كمند,6489,274624758,2762813395679,10056,10061,10060,4,0.04,10060,4,0.04,10060,10062,1400-7-26,2021-10-18
17,فسرب,ملي‌ سرب‌وروي‌ ايران‌,6431,9207123,798668264480,82980,87120,87000,4020,4.84,86740,3760,4.53,83250,87120,1400-7-26,2021-10-18
18,كاما,باما,6346,41535899,406359643660,9930,9940,9750,-180,-1.81,9780,-150,-1.51,9520,10100,1400-7-26,2021-10-18
19,كرمان,س. توسعه و عمران استان كرمان,6232,222525426,230792698110,1046,1011,1060,14,1.34,1037,-9,-0.86,1010,1060,1400-7-26,2021-10-18
20,وبملت,بانك ملت,6151,168834245,588039353455,3509,3450,3550,41,1.17,3483,-26,-0.74,3390,3564,1400-7-26,2021-10-18
21,وسديد,گروه ‌صنعتي‌سديد,6092,138779664,150292872616,1052,1083,1083,31,2.95,1083,31,2.95,1071,1083,1400-7-26,2021-10-18
22,خگستر,گسترش‌سرمايه‌گذاري‌ايران‌خودرو,6068,175899819,377500425012,2183,2160,2201,18,0.82,2146,-37,-1.69,2081,2208,1400-7-26,2021-10-18
23,شاراك,پتروشيمي شازند,5783,15278786,831020716760,52160,52900,54760,2600,4.98,54390,2230,4.28,52200,54760,1400-7-26,2021-10-18
24,حكشتي,كشتيراني جمهوري اسلامي ايران,5635,37274406,516882893520,13790,13800,14470,680,4.93,13870,80,0.58,13110,14470,1400-7-26,2021-10-18
25,خنصير,مهندسي‌نصيرماشين‌,5594,30889694,765488984460,25850,24560,24560,-1290,-4.99,24780,-1070,-4.14,24560,26160,1400-7-26,2021-10-18
26,سپيدار,سپيدار سيستم آسيا,5241,1787990,31598066144,17083,17010,17937,854,5,17672,589,3.45,16326,17937,1400-7-26,2021-10-18
27,وهامون,سرمايه گذاري هامون صبا,5228,24018608,66654461587,2848,2760,2820,-28,-0.98,2775,-73,-2.56,2731,2849,1400-7-26,2021-10-18
28,شفن,پتروشيمي فناوران,5170,1048535,492602709140,460210,472000,473400,13190,2.87,469800,9590,2.08,462010,483200,1400-7-26,2021-10-18
29,گدنا,تهيه توزيع غذاي دنا آفرين فدك,4977,4538122,68950690352,15747,15050,15101,-646,-4.1,15194,-553,-3.51,14960,16000,1400-7-26,2021-10-18
30,نوري,پتروشيمي نوري,4951,3371490,371888610030,109620,108410,110550,930,0.85,110300,680,0.62,107710,111500,1400-7-26,2021-10-18
31,ذوب,سهامي ذوب آهن  اصفهان,4798,109181411,435647669646,3929,3910,4090,161,4.1,3990,61,1.55,3834,4110,1400-7-26,2021-10-18
32,سپيد,سپيد ماكيان,4782,2231949,117884008290,53730,53750,52990,-740,-1.38,52820,-910,-1.69,51510,53850,1400-7-26,2021-10-18
33,بوعلي,پتروشيمي بوعلي سينا,4626,2557122,189365727520,74390,73020,75500,1110,1.49,74050,-340,-0.46,71420,75650,1400-7-26,2021-10-18
34,فروي,ذوب روي اصفهان,4384,8531332,256767332335,29380,30800,30300,920,3.13,30097,717,2.44,28957,30800,1400-7-26,2021-10-18
35,كروي,توسعه‌ معادن‌ روي‌ ايران‌,4349,25522518,730095881630,27430,28800,28800,1370,4.99,28610,1180,4.3,27900,28800,1400-7-26,2021-10-18
36,خپارس,پارس‌ خودرو,4284,198984308,211877604229,1064,1053,1081,17,1.6,1065,1,0.09,1030,1088,1400-7-26,2021-10-18
37,وتجارت,بانك تجارت,4200,115339488,232312915897,2015,1970,2060,45,2.23,2014,-1,-0.05,1954,2061,1400-7-26,2021-10-18
38,آريا,پليمر آريا ساسول,4156,1443202,159134972721,109618,107020,110630,1012,0.92,110265,647,0.59,107020,112890,1400-7-26,2021-10-18
39,تپكو,توليدتجهيزات‌سنگين‌هپكو,4068,90271828,235313790024,2554,2566,2630,76,2.98,2607,53,2.08,2521,2630,1400-7-26,2021-10-18
40,وخارزم,سرمايه گذاري خوارزمي,4048,40357857,192240039545,4913,4770,4772,-141,-2.87,4763,-150,-3.05,4669,4913,1400-7-26,2021-10-18
41,زاگرس,پتروشيمي زاگرس,3970,1413212,477401523571,334055,343000,339310,5255,1.57,337813,3758,1.12,325200,345000,1400-7-26,2021-10-18
42,شصدف,صنعتي دوده فام,3957,8214964,272646598424,34616,32887,33420,-1196,-3.46,33189,-1427,-4.12,32886,34600,1400-7-26,2021-10-18
43,آريان,سرمايه گذاري پارس آريان,3838,131074058,2504007882401,18703,18800,19120,417,2.23,19104,401,2.14,18800,19264,1400-7-26,2021-10-18
44,شلرد,كود شيميايي اوره لردگان,3774,33162124,347783296510,10307,10410,10616,309,3,10487,180,1.75,10117,10616,1400-7-26,2021-10-18
45,خبهمن,گروه‌بهمن‌,3686,128189611,222648873687,1745,1749,1759,14,0.8,1737,-8,-0.46,1703,1776,1400-7-26,2021-10-18
46,غزر,صنعتي زر ماكارون,3578,3675346,40379566560,11050,10660,11400,350,3.17,10990,-60,-0.54,10500,11400,1400-7-26,2021-10-18
47,شاروم,پتروشيمي اروميه,3566,3157031,46921426258,15444,15500,15131,-313,-2.03,14863,-581,-3.76,14672,15500,1400-7-26,2021-10-18
48,ثبهساز,بهساز كاشانه تهران,3541,27417705,46569339503,1776,1689,1701,-75,-4.22,1699,-77,-4.34,1688,1749,1400-7-26,2021-10-18
49,ولپارس,ليزينگ پارسيان,3525,11039482,47855115669,4239,4103,4300,61,1.44,4335,96,2.26,4102,4444,1400-7-26,2021-10-18
50,ومدير,گ.مديريت ارزش سرمايه ص ب كشوري,3469,12632226,55688940806,4538,4360,4439,-99,-2.18,4408,-130,-2.86,4359,4500,1400-7-26,2021-10-18
51,فاذر,صنايع‌ آذرآب‌,3461,155339184,161989174162,1093,1042,1050,-43,-3.93,1043,-50,-4.57,1039,1073,1400-7-26,2021-10-18
52,وبصادر,بانك صادرات ايران,3316,102118379,205530304739,2021,1968,2044,23,1.14,2013,-8,-0.4,1935,2065,1400-7-26,2021-10-18
53,آبادا,توليد نيروي برق آبادان,3278,2521778,38740756280,15470,15490,15250,-220,-1.42,15360,-110,-0.71,14950,15590,1400-7-26,2021-10-18
54,ولكار,ليزينگ كارآفرين,3221,4558703,18861266025,4210,4052,4202,-8,-0.19,4137,-73,-1.73,4000,4400,1400-7-26,2021-10-18
55,كيميا,معدني كيمياي زنجان گستران,3205,22627171,381561948263,16489,17080,16560,71,0.43,16863,374,2.27,16130,17299,1400-7-26,2021-10-18
56,وكبهمن,مديريت سرمايه گذاري كوثربهمن,3171,1719356,19286300936,11085,11559,11063,-22,-0.2,11217,132,1.19,11050,11559,1400-7-26,2021-10-18
57,شگويا,پتروشيمي تندگويان,3161,15466036,175818341766,11357,11155,11536,179,1.58,11368,11,0.1,11000,11560,1400-7-26,2021-10-18
58,كيان,صندوق س. با درآمد ثابت كيان,3160,25039154,778574266577,31077,31093,31095,18,0.06,31094,17,0.05,31092,31096,1400-7-26,2021-10-18
59,كماسه,تامين‌ ماسه‌ ريخته‌گري‌,3080,43905458,224232041840,5170,4980,5240,70,1.35,5110,-60,-1.16,4920,5400,1400-7-26,2021-10-18
60,چخزر,صنايع چوب خزر كاسپين,3079,742937,21069139267,29185,28382,28410,-775,-2.66,28359,-826,-2.83,27730,29400,1400-7-26,2021-10-18
61,پترول,گ.س.وت.ص.پتروشيمي خليج فارس,3060,33827077,111978652078,3353,3250,3390,37,1.1,3310,-43,-1.28,3240,3400,1400-7-26,2021-10-18
62,خكار,ايركا پارت صنعت,3051,33981910,188458704550,5430,5700,5450,20,0.37,5550,120,2.21,5330,5700,1400-7-26,2021-10-18
63,لطيف,محصولات كاغذي لطيف,3041,526628,20663138614,40251,39400,39350,-901,-2.24,39237,-1014,-2.52,38800,39940,1400-7-26,2021-10-18
64,شكام,صنايع شيميايي كيمياگران امروز,3034,7519346,259005842504,35859,34067,36500,641,1.79,34445,-1414,-3.94,34067,36970,1400-7-26,2021-10-18
65,فاسمين,كالسيمين‌,3011,49418975,914126153790,17620,18500,18500,880,4.99,18500,880,4.99,18330,18500,1400-7-26,2021-10-18
66,صبا,سرمايه گذاري صبا تامين,3008,19529158,120953030173,6281,6140,6300,19,0.3,6193,-88,-1.4,6100,6350,1400-7-26,2021-10-18
67,وسپهر,سرمايه گذاري مالي سپهرصادرات,3006,7842162,54946916275,7119,7000,7015,-104,-1.46,7046,-73,-1.03,7000,7100,1400-7-26,2021-10-18
68,وگردش,بانك گردشگري,2977,35568076,386430471858,10937,10619,10902,-35,-0.32,10865,-72,-0.66,10609,11100,1400-7-26,2021-10-18
69,فتوسا,توليد و توسعه سرب روي ايرانيان,2975,3512056,45594317812,13012,13350,13040,28,0.22,12982,-30,-0.23,12500,13350,1400-7-26,2021-10-18
70,البرز,بيمه البرز,2921,141131872,356436826396,2413,2533,2514,101,4.19,2526,113,4.68,2451,2533,1400-7-26,2021-10-18
71,زيتون,صندوق س زيتون نماد پايا- مختلط,2845,7835000,78350000000,10000,10000,10000,0,0,10000,0,0,10000,10000,1400-7-26,2021-10-18
72,فگستر,گسترش صنايع روي ايرانيان,2823,4169164,53252447959,12958,13000,12774,-184,-1.42,12773,-185,-1.43,12500,13000,1400-7-26,2021-10-18
73,ثاميد,توسعه و عمران اميد,2784,16999011,24853114301,1507,1463,1475,-32,-2.12,1462,-45,-2.99,1440,1490,1400-7-26,2021-10-18
74,كزغال,زغال سنگ پروده طبس,2737,1786233,60321877452,34445,33310,34060,-385,-1.12,33770,-675,-1.96,33130,34460,1400-7-26,2021-10-18
75,شپديس,پتروشيمي پرديس,2709,2263679,453046706000,199510,199510,199950,440,0.22,200140,630,0.32,196000,203590,1400-7-26,2021-10-18
76,زملارد,كشاورزي و دامپروري ملارد شير,2619,428805,9279296091,22365,21500,21750,-615,-2.75,21914,-451,-2.02,21300,22095,1400-7-26,2021-10-18
77,چكاپا,گروه صنايع كاغذ پارس,2607,41584034,138988026893,3477,3351,3346,-131,-3.77,3342,-135,-3.88,3304,3500,1400-7-26,2021-10-18
78,لكما,كارخانجات‌مخابراتي‌ايران‌,2596,66531124,84473718979,1275,1300,1260,-15,-1.18,1270,-5,-0.39,1241,1305,1400-7-26,2021-10-18
79,خراسان,پتروشيمي خراسان,2588,4573589,525107148140,117880,113100,118000,120,0.1,114810,-3070,-2.6,111990,121000,1400-7-26,2021-10-18
80,غكورش,صنعت غذايي كورش,2562,1139324,49467120300,43150,42250,43800,650,1.51,43400,250,0.58,42250,43820,1400-7-26,2021-10-18
81,بكاب,صنايع‌جوشكاب‌يزد,2524,1581803,229376219360,152320,144710,144710,-7610,-5,145010,-7310,-4.8,144710,149000,1400-7-26,2021-10-18
82,بپيوند,برق و انرژي پيوندگستر پارس,2517,1794578,17912530390,10201,9920,10110,-91,-0.89,9981,-220,-2.16,9810,10168,1400-7-26,2021-10-18
83,فزرين,زرين معدن آسيا,2472,14017129,218879913913,15827,15900,15350,-477,-3.01,15615,-212,-1.34,15120,16000,1400-7-26,2021-10-18
84,وغدير,سرمايه‌گذاري‌غدير(هلدينگ‌,2462,21787220,344982260790,15850,15320,16020,170,1.07,15830,-20,-0.13,15320,16200,1400-7-26,2021-10-18
85,رافزا,رايان هم افزا,2439,387827,26664771129,71846,68500,68400,-3446,-4.8,68754,-3092,-4.3,68254,71600,1400-7-26,2021-10-18
86,سيتا,سرمايه گذاري سيمان تامين,2433,4076007,42376136140,10720,10510,10530,-190,-1.77,10420,-300,-2.8,10210,10600,1400-7-26,2021-10-18
87,فروس,فروسيليس‌ ايران‌,2415,20015147,164243879270,8210,8140,8210,0,0,8210,0,0,7850,8580,1400-7-26,2021-10-18
88,لپارس,پارس‌ الكتريك‌,2404,1837125,304962668290,174500,165810,165780,-8720,-5,166000,-8500,-4.87,165780,170760,1400-7-26,2021-10-18
89,امين يكم,صندوق درآمد ثابت امين يكم فردا,2403,74033108,750237705425,10127,10132,10137,10,0.1,10134,7,0.07,10131,10139,1400-7-26,2021-10-18
90,شراز,پالايش نفت شيراز,2301,1203059,169743057933,142314,145000,138820,-3494,-2.46,141093,-1221,-0.86,136510,145500,1400-7-26,2021-10-18
91,كبافق,معادن‌ بافق‌,2257,4227063,171001979170,39500,40900,39910,410,1.04,40450,950,2.41,38800,41470,1400-7-26,2021-10-18
92,فرآور,فرآوري‌موادمعدني‌ايران‌,2234,12958823,426330745260,31350,32910,32910,1560,4.98,32900,1550,4.94,32000,32910,1400-7-26,2021-10-18
93,فخوز,فولاد  خوزستان,2206,13070655,218247412230,16560,16250,16920,360,2.17,16700,140,0.85,16100,17000,1400-7-26,2021-10-18
94,شبريز,پالايش نفت تبريز,2202,6226314,238315324190,38050,37260,38900,850,2.23,38280,230,0.6,37000,38900,1400-7-26,2021-10-18
95,تسه0006,امتيازتسهيلات مسكن شهريور1400,2191,83044,57484271270,690103,689999,681001,-9102,-1.32,692215,2112,0.31,673488,709999,1400-7-26,2021-10-18
96,وپويا,سرمايه گذاري پويا,2173,10803586,44837143270,4349,4298,4132,-217,-4.99,4150,-199,-4.58,4132,4309,1400-7-26,2021-10-18
97,اعتماد,صندوق س.اعتماد آفرين پارسيان-د,2165,32111680,1265386282060,39385,39404,39409,24,0.06,39406,21,0.05,39404,39409,1400-7-26,2021-10-18
98,وپارس,بانك‌پارسيان‌,2164,68392765,158051972543,2351,2330,2338,-13,-0.55,2311,-40,-1.7,2266,2375,1400-7-26,2021-10-18
99,هاي وب,داده گسترعصرنوين-هاي وب,2087,15146716,112549711060,7700,7670,7480,-220,-2.86,7430,-270,-3.51,7320,7670,1400-7-26,2021-10-18
100,ملت,بيمه ملت,2082,100058255,119521917358,1150,1121,1207,57,4.96,1195,45,3.91,1121,1207,1400-7-26,2021-10-18
101,بگيلان,توسعه مسير برق گيلان,2073,865706,13351566809,16020,15260,15520,-500,-3.12,15719,-301,-1.88,15260,15700,1400-7-26,2021-10-18
102,ديران,ايران‌دارو,2047,6620829,216786232810,34270,34300,32570,-1700,-4.96,32740,-1530,-4.46,32560,34300,1400-7-26,2021-10-18
103,سمگا,گروه سرمايه گذاري ميراث فرهنگي,2021,28604329,356245253952,12360,12553,12580,220,1.78,12454,94,0.76,12120,12635,1400-7-26,2021-10-18
104,اپال,فرآوري معدني اپال كاني پارس,2019,4947847,94932176440,19420,18530,19660,240,1.24,19230,-190,-0.98,18530,20150,1400-7-26,2021-10-18
105,غگل,گلوكوزان‌,1993,25200869,72479575501,3017,2900,2867,-150,-4.97,2876,-141,-4.67,2867,2950,1400-7-26,2021-10-18
106,فاراك,ماشين‌ سازي‌ اراك‌,1992,55323885,87894746820,1660,1634,1615,-45,-2.71,1589,-71,-4.28,1577,1634,1400-7-26,2021-10-18
107,وبانك,سرمايه گذاري گروه توسعه ملي,1963,20354397,183452200020,8730,8530,9100,370,4.24,9010,280,3.21,8530,9160,1400-7-26,2021-10-18
108,چدن,توليدي چدن سازان,1946,40274837,127954296859,3330,3202,3222,-108,-3.24,3177,-153,-4.59,3164,3270,1400-7-26,2021-10-18
109,ومعادن,توسعه‌معادن‌وفلزات‌,1941,22067166,238777055800,10710,10660,11030,320,2.99,10820,110,1.03,10500,11040,1400-7-26,2021-10-18
110,كاوه,فولاد كاوه جنوب كيش,1916,11875343,203273399200,17140,16540,17200,60,0.35,17120,-20,-0.12,16400,17540,1400-7-26,2021-10-18
111,ثفارس,عمران‌وتوسعه‌فارس‌,1916,12901572,136870686140,10950,10500,10560,-390,-3.56,10610,-340,-3.11,10410,10970,1400-7-26,2021-10-18
112,بشهاب,لامپ‌  پارس‌ شهاب‌,1865,1832256,207686036830,114710,120440,109500,-5210,-4.54,113350,-1360,-1.19,108980,120440,1400-7-26,2021-10-18
113,سرو,صندوق س سروسودمند مدبران-سهام,1855,1740056,129816195690,74440,74350,75700,1260,1.69,74600,160,0.21,73100,76200,1400-7-26,2021-10-18
114,بترانس,ايران‌ ترانسفو,1833,36929235,79580338299,2215,2160,2189,-26,-1.17,2155,-60,-2.71,2110,2197,1400-7-26,2021-10-18
115,غنوش,نوش‌ مازندران‌,1812,3302735,112691440600,35700,34400,33920,-1780,-4.99,34120,-1580,-4.43,33920,34990,1400-7-26,2021-10-18
116,كدما,معدني‌ دماوند,1812,1411829,141668896390,105550,100330,100280,-5270,-4.99,100340,-5210,-4.94,100280,102950,1400-7-26,2021-10-18
117,فجر,فولاد اميركبيركاشان,1803,3893857,104293852800,27260,26750,27440,180,0.66,26780,-480,-1.76,26000,27490,1400-7-26,2021-10-18
118,وسكرمان,س.سهام عدالت استان كرمان,1793,111162061,52116774361,482,465,472,-10,-2.07,469,-13,-2.7,459,480,1400-7-26,2021-10-18
119,دتوليد,داروسازي توليد دارو,1789,8574538,94428913450,11546,10999,10969,-577,-5,11013,-533,-4.62,10969,11412,1400-7-26,2021-10-18
120,تاپيكو,س. نفت و گاز و پتروشيمي تأمين,1764,17635212,255671989260,14460,14350,14690,230,1.59,14500,40,0.28,14090,14850,1400-7-26,2021-10-18
121,شخارك,پتروشيمي‌ خارك‌,1763,2431702,150096447730,59540,61000,62000,2460,4.13,61720,2180,3.66,60000,62100,1400-7-26,2021-10-18
122,گشان,توسعه بين المللي پديده شانديز,1763,5885819,106892963559,18673,18116,18400,-273,-1.46,18161,-512,-2.74,18113,18647,1400-7-26,2021-10-18
123,شلعاب,لعابيران‌,1762,15577766,100162655990,6270,5990,6580,310,4.94,6430,160,2.55,5960,6580,1400-7-26,2021-10-18
124,شغدير,پتروشيمي غدير,1753,1456793,160304463370,111000,109350,111800,800,0.72,110040,-960,-0.86,107100,113140,1400-7-26,2021-10-18
125,وهنر,گروه توسعه هنر ايران,1707,15940759,64672483057,4158,4249,4036,-122,-2.93,4057,-101,-2.43,4034,4249,1400-7-26,2021-10-18
126,ولساپا,ليزينگ رايان‌ سايپا,1682,78917814,207954789694,2536,2560,2662,126,4.97,2635,99,3.9,2448,2662,1400-7-26,2021-10-18
127,شسپا,نفت سپاهان,1654,29792462,99600476434,3398,3320,3380,-18,-0.53,3343,-55,-1.62,3270,3419,1400-7-26,2021-10-18
128,خزر,فنرسازي‌زر,1643,9016544,132227090550,15390,14630,14630,-760,-4.94,14660,-730,-4.74,14630,14940,1400-7-26,2021-10-18
129,شفارس,صنايع‌ شيميايي‌ فارس‌,1640,53338047,79595372283,1568,1500,1502,-66,-4.21,1492,-76,-4.85,1490,1520,1400-7-26,2021-10-18
130,آپ,آسان پرداخت پرشين,1628,11522003,122084234660,10300,10400,10810,510,4.95,10600,300,2.91,9880,10810,1400-7-26,2021-10-18
131,ثتران,سرمايه گذاري مسكن تهران,1619,19571627,89370954189,4411,4570,4620,209,4.74,4566,155,3.51,4411,4630,1400-7-26,2021-10-18
132,شيران,س. صنايع‌شيميايي‌ايران,1574,7005142,158415084120,22870,22600,23040,170,0.74,22610,-260,-1.14,21780,23500,1400-7-26,2021-10-18
133,آگاس,صندوق س.هستي بخش آگاه-س,1571,1422600,117424982189,82962,82349,83900,938,1.13,82543,-419,-0.51,81304,83999,1400-7-26,2021-10-18
134,ثاخت,بين‌المللي‌توسعه‌ساختمان,1537,28218906,54986859022,2016,1960,1987,-29,-1.44,1949,-67,-3.32,1916,1990,1400-7-26,2021-10-18
135,پيزد,مجتمع صنايع لاستيك يزد,1513,445564,24139620407,56227,57352,53560,-2667,-4.74,54178,-2049,-3.64,53416,57352,1400-7-26,2021-10-18
136,فايرا,آلومينيوم‌ايران‌,1511,6062079,120208206040,20530,20780,19640,-890,-4.34,19830,-700,-3.41,19510,20780,1400-7-26,2021-10-18
137,خزاميا,زامياد,1501,15081083,91182931990,6080,6060,6190,110,1.81,6050,-30,-0.49,5790,6220,1400-7-26,2021-10-18
138,حسير,ريل سير كوثر,1500,3091070,132554873280,43787,44000,41598,-2189,-5,42883,-904,-2.06,41598,44557,1400-7-26,2021-10-18
139,ونوين,بانك‌اقتصادنوين‌,1495,26060505,98229173587,3799,3677,3832,33,0.87,3769,-30,-0.79,3620,3980,1400-7-26,2021-10-18
140,حگردش,ريل گردش ايرانيان,1481,28085067,82325641900,2938,2850,3026,88,3,2931,-7,-0.24,2850,3026,1400-7-26,2021-10-18
141,پتاير,ايران‌ تاير,1481,27000271,63805486703,2457,2390,2358,-99,-4.03,2363,-94,-3.83,2335,2420,1400-7-26,2021-10-18
142,وپسا,س. پتروشيمي ساختمان  خليج فارس,1441,22854379,45483524719,1946,2004,2004,58,2.98,1990,44,2.26,1888,2004,1400-7-26,2021-10-18
143,سبزوا,سيمان لار سبزوار,1441,19457027,54176717116,2901,2780,2850,-51,-1.76,2784,-117,-4.03,2756,2899,1400-7-26,2021-10-18
144,كچاد,معدني‌وصنعتي‌چادرملو,1409,5874339,163358832880,27520,26970,28010,490,1.78,27810,290,1.05,26930,28430,1400-7-26,2021-10-18
145,نطرين,عطرين نخ قم,1391,10542997,83048481565,8106,7789,8199,93,1.15,7877,-229,-2.83,7701,8241,1400-7-26,2021-10-18
146,شسينا,صنايع‌شيميايي‌سينا,1381,1062624,92233227560,91240,88500,86680,-4560,-5,86800,-4440,-4.87,86680,90270,1400-7-26,2021-10-18
147,تاپكيش,تجارت الكترونيك پارسيان كيش,1368,6752331,123457916780,17866,18320,18599,733,4.1,18284,418,2.34,17200,18650,1400-7-26,2021-10-18
148,ورازي,بيمه رازي,1360,42184290,89776159926,2211,2180,2101,-110,-4.98,2128,-83,-3.75,2101,2233,1400-7-26,2021-10-18
149,غشهداب,كشت و صنعت شهداب ناب خراسان,1360,25760017,68152863605,2773,2710,2665,-108,-3.89,2646,-127,-4.58,2635,2757,1400-7-26,2021-10-18
150,كوير,توليدي فولاد سپيد فراب كوير,1342,7558199,103526380180,13590,13610,13800,210,1.55,13700,110,0.81,13520,13850,1400-7-26,2021-10-18
151,خمحركه,نيرو محركه‌,1338,13040517,43106997022,3377,3262,3350,-27,-0.8,3306,-71,-2.1,3209,3438,1400-7-26,2021-10-18
152,تبرك,گروه كارخانجات صنعتي تبرك,1327,8359773,74329690230,9277,8870,9000,-277,-2.99,8891,-386,-4.16,8814,9060,1400-7-26,2021-10-18
153,ثالوند,سرمايه گذاري مسكن الوند,1288,6399496,78537753335,12852,12340,12280,-572,-4.45,12272,-580,-4.51,12210,12770,1400-7-26,2021-10-18
154,شاوان,پالايش نفت لاوان,1282,1081139,153363096609,142583,140700,143000,417,0.29,141853,-730,-0.51,136010,143999,1400-7-26,2021-10-18
155,ثنوسا,نوسازي‌وساختمان‌تهران‌,1279,15537393,105410630640,7110,6850,6820,-290,-4.08,6780,-330,-4.64,6760,7100,1400-7-26,2021-10-18
156,سنير,سيمان‌ سفيد ني‌ريز,1275,941509,107729448390,109910,106000,115400,5490,4.99,114420,4510,4.1,106000,115400,1400-7-26,2021-10-18
157,وصنا,گروه‌صنايع‌بهشهرايران‌,1268,11564762,80231961910,6680,6700,7010,330,4.94,6940,260,3.89,6400,7010,1400-7-26,2021-10-18
158,كتوكا,توليدي و خدمات صنايع نسوز توكا,1238,5943417,85147201070,14761,14758,14450,-311,-2.11,14326,-435,-2.95,14023,15160,1400-7-26,2021-10-18
159,پارسان,گسترش نفت و گاز پارسيان,1236,9272334,328087072480,35310,35100,35430,120,0.34,35380,70,0.2,34800,36090,1400-7-26,2021-10-18
160,دماوند,توليد نيروي برق دماوند,1230,3769236,79395544233,22130,21450,21200,-930,-4.2,21064,-1066,-4.82,21024,21990,1400-7-26,2021-10-18
161,غمارگ,مارگارين‌,1217,3762630,101449122840,26020,26400,27320,1300,5,26960,940,3.61,25800,27320,1400-7-26,2021-10-18
162,اتكاي,بيمه اتكايي ايرانيان,1216,9367186,80684456332,8979,8610,8973,-6,-0.07,8614,-365,-4.07,8531,8990,1400-7-26,2021-10-18
163,خفولا,خدمات فني فولاد يزد,1213,5148132,173613410670,34457,33424,33850,-607,-1.76,33724,-733,-2.13,33424,35490,1400-7-26,2021-10-18
164,وتوكا,سرمايه‌گذاري‌توكافولاد(هلدينگ,1202,6883069,58245465400,8580,8400,8700,120,1.4,8460,-120,-1.4,8190,8700,1400-7-26,2021-10-18
165,كرازي,كارخانجات‌توليدي‌شيشه‌رازي‌,1185,33838979,43884298925,1340,1287,1311,-29,-2.16,1297,-43,-3.21,1276,1338,1400-7-26,2021-10-18
166,ونيكي,سرمايه‌گذاري‌ ملي‌ايران‌,1182,7503655,79904045370,10410,10210,10780,370,3.55,10650,240,2.31,10200,10790,1400-7-26,2021-10-18
167,حريل,ريل پردازسير,1178,13658032,44316998446,3376,3220,3280,-96,-2.84,3245,-131,-3.88,3208,3349,1400-7-26,2021-10-18
168,وسكرشا,س.سهام عدالت استان كرمانشاه,1150,71643339,33581883270,484,463,473,-11,-2.27,469,-15,-3.1,462,479,1400-7-26,2021-10-18
169,وصنعت,سرمايه گذاري توسعه صنعت وتجارت,1146,9382483,53297167210,5960,5810,5710,-250,-4.19,5680,-280,-4.7,5670,5880,1400-7-26,2021-10-18
170,كنور,توسعه معدني و صنعتي صبانور,1135,4838349,85774411520,17060,17600,17910,850,4.98,17690,630,3.69,16500,17910,1400-7-26,2021-10-18
171,رمپنا,گروه مپنا (سهامي عام),1125,8497017,141988031240,16790,16290,16950,160,0.95,16710,-80,-0.48,16000,17400,1400-7-26,2021-10-18
172,ختوقا,قطعات‌ اتومبيل‌ ايران‌,1123,22746808,46179618105,2087,2015,2070,-17,-0.81,2030,-57,-2.73,1983,2128,1400-7-26,2021-10-18
173,شيراز,پتروشيمي‌شيراز,1123,2454977,232815939970,95100,95990,94910,-190,-0.2,94830,-270,-0.28,92100,97000,1400-7-26,2021-10-18
174,كگل,معدني و صنعتي گل گهر,1123,10132438,229123239490,22520,22500,22600,80,0.36,22610,90,0.4,22210,22900,1400-7-26,2021-10-18
175,كفپارس,فرآورده‌هاي‌ نسوز پارس‌,1120,15937281,61299552042,4004,3861,3835,-169,-4.22,3846,-158,-3.95,3804,4007,1400-7-26,2021-10-18
176,ضخود1053,اختيارخ خودرو-2500-1400/10/08,1113,57450,2183860000,45,40,40,-5,-11.11,38,-7,-15.56,33,42,1400-7-26,2021-10-18
177,تملت,تامين سرمايه بانك ملت,1110,7667174,29903626064,3906,3870,3922,16,0.41,3900,-6,-0.15,3743,3995,1400-7-26,2021-10-18
178,اخابر,مخابرات ايران,1110,8340048,64650804110,7830,7580,8000,170,2.17,7790,-40,-0.51,7450,8100,1400-7-26,2021-10-18
179,بجهرم,توسعه مولد نيروگاهي جهرم,1093,12760577,27260664550,2188,2120,2151,-37,-1.69,2136,-52,-2.38,2104,2177,1400-7-26,2021-10-18
180,ولملت,واسپاري ملت,1091,14684265,104406129250,6800,6860,7140,340,5,7110,310,4.56,6860,7140,1400-7-26,2021-10-18
181,كلر,كلر پارس,1087,487956,58681637092,124313,122878,122340,-1973,-1.59,120260,-4053,-3.26,119000,122878,1400-7-26,2021-10-18
182,شپترو,پتروشيمي آبادان,1085,22315170,101994664305,4705,4564,4570,-135,-2.87,4571,-134,-2.85,4564,4677,1400-7-26,2021-10-18
183,شتوكا,توكا رنگ فولاد سپاهان,1059,3016167,100981337267,32266,30780,33799,1533,4.75,33480,1214,3.76,30780,33849,1400-7-26,2021-10-18
184,فباهنر,مس‌ شهيدباهنر,1058,1901532,52987737230,27740,27900,27700,-40,-0.14,27870,130,0.47,27000,28750,1400-7-26,2021-10-18
185,ريشمك,توليد و صادرات ريشمك,1056,1647126,52109541847,33199,32001,32398,-801,-2.41,31637,-1562,-4.7,31540,32400,1400-7-26,2021-10-18
186,كسرام,پارس‌ سرام‌,1054,13321408,54257724884,4227,4016,4070,-157,-3.71,4073,-154,-3.64,4016,4222,1400-7-26,2021-10-18
187,غپينو,پارس‌ مينو,1051,11294337,41125485881,3799,3707,3612,-187,-4.92,3641,-158,-4.16,3610,3823,1400-7-26,2021-10-18
188,افران,صندوق س افرا نماد پايدار-ثابت,1047,25776977,374300855027,14513,14522,14520,7,0.05,14521,8,0.06,14520,14525,1400-7-26,2021-10-18
189,هرمز,فولاد هرمزگان جنوب,1045,4835793,79834957747,16454,16310,16750,296,1.8,16489,35,0.21,16140,16800,1400-7-26,2021-10-18
190,سامان,بانك سامان,1033,10359219,73430672385,7227,7110,7122,-105,-1.45,7088,-139,-1.92,7011,7230,1400-7-26,2021-10-18
191,سصوفي,سيمان‌ صوفيان‌,1031,4763262,85694976500,17440,16770,18180,740,4.24,17990,550,3.15,16770,18300,1400-7-26,2021-10-18
192,كسرا,سراميك‌هاي‌صنعتي‌اردكان‌,1025,9013761,138874916560,16190,15390,15460,-730,-4.51,15410,-780,-4.82,15390,15800,1400-7-26,2021-10-18
193,خرينگ,رينگ‌سازي‌مشهد,1023,1778641,57052065440,33530,31860,32310,-1220,-3.64,32080,-1450,-4.32,31860,33160,1400-7-26,2021-10-18
194,قثابت,قند ثابت‌ خراسان‌,1023,27791561,76267562540,2885,2750,2741,-144,-4.99,2744,-141,-4.89,2741,2790,1400-7-26,2021-10-18
195,بپاس,بيمه پاسارگاد,1020,2234284,144081501438,64481,65900,64488,7,0.01,64487,6,0.01,64480,65900,1400-7-26,2021-10-18
196,زكوثر,سرمايه گذاري كشاورزي كوثر,1020,3055448,51282993620,17210,17110,17110,-100,-0.58,16780,-430,-2.5,16400,17110,1400-7-26,2021-10-18
197,غسالم,سالمين‌,1020,10069623,26947724913,2790,2750,2700,-90,-3.23,2676,-114,-4.09,2651,2784,1400-7-26,2021-10-18
198,كرماشا,صنايع پتروشيمي كرمانشاه,1012,1717473,93966926740,54930,54300,54760,-170,-0.31,54710,-220,-0.4,53700,55490,1400-7-26,2021-10-18
199,اطلس,صندوق س.توسعه اندوخته آينده-س,1011,255761,65275960878,255503,254004,257600,2097,0.82,255222,-281,-0.11,252001,258285,1400-7-26,2021-10-18
200,پاكشو,گروه صنعتي پاكشو,1005,15266082,87639975120,5640,5580,5750,110,1.95,5720,80,1.42,5400,5840,1400-7-26,2021-10-18
201,قرن,پديده شيمي قرن,994,1537876,38074442860,25770,24930,24700,-1070,-4.15,24760,-1010,-3.92,24490,25770,1400-7-26,2021-10-18
202,حفاري,حفاري شمال,986,6867908,37234328050,5550,5550,5520,-30,-0.54,5420,-130,-2.34,5280,5590,1400-7-26,2021-10-18
203,شبصير,توليدات پتروشيمي قائد بصير,980,1216884,125503058336,107951,106120,104490,-3461,-3.21,103135,-4816,-4.46,102554,107000,1400-7-26,2021-10-18
204,دتوزيع,توزيع دارو پخش,971,1844054,57499458583,32125,31140,32050,-75,-0.23,31181,-944,-2.94,30519,32500,1400-7-26,2021-10-18
205,زنگان,صنعت روي زنگان,946,746067,50426308823,69664,66400,66410,-3254,-4.67,67590,-2074,-2.98,66210,69690,1400-7-26,2021-10-18
206,همراه,شركت ارتباطات سيار ايران,945,4723739,40941377410,8770,8410,8970,200,2.28,8730,-40,-0.46,8360,9000,1400-7-26,2021-10-18
207,پارس,پتروشيمي پارس,936,788801,159565716100,203550,202940,203700,150,0.07,202290,-1260,-0.62,199010,204000,1400-7-26,2021-10-18
208,تاصيكو,سرمايه گذاري صدرتامين,933,18009692,175176729290,9810,9580,9740,-70,-0.71,9730,-80,-0.82,9360,10000,1400-7-26,2021-10-18
209,خاور,ايران خودرو ديزل,927,6948175,46805869557,6899,6695,6740,-159,-2.3,6736,-163,-2.36,6693,6899,1400-7-26,2021-10-18
210,خاذين,سايپاآذين‌,926,17572767,47867704314,2838,2767,2759,-79,-2.78,2724,-114,-4.02,2697,2800,1400-7-26,2021-10-18
211,وسپه,سرمايه‌گذاري‌ سپه‌,924,5400083,43016492960,8090,8000,8150,60,0.74,7970,-120,-1.48,7740,8170,1400-7-26,2021-10-18
212,ولغدر,ليزينگ‌خودروغدير,918,3176526,47106692970,14400,14970,14840,440,3.06,14830,430,2.99,14320,15090,1400-7-26,2021-10-18
213,قنيشا,قند  نيشابور,913,1139162,44017715030,37790,37220,39190,1400,3.7,38640,850,2.25,36800,39670,1400-7-26,2021-10-18
214,وسكرد,شركت س استان كردستان,884,49879161,23159278975,479,458,467,-12,-2.51,464,-15,-3.13,457,473,1400-7-26,2021-10-18
215,ياقوت,صندوق س ياقوت آگاه-ثابت,878,8274389,110771358537,13362,13387,13387,25,0.19,13387,25,0.19,13375,13388,1400-7-26,2021-10-18
216,قيستو,شركت قند بيستون,871,3185320,70359549209,21935,22970,23030,1095,4.99,22089,154,0.7,20839,23031,1400-7-26,2021-10-18
217,توريل,توكاريل,866,2828420,36707703229,13559,12882,13179,-380,-2.8,12978,-581,-4.28,12882,13550,1400-7-26,2021-10-18
218,اعتلا,شركت سرمايه گذاري اعتلاء البرز,862,12561917,71781521302,6004,5800,5720,-284,-4.73,5714,-290,-4.83,5704,5929,1400-7-26,2021-10-18
219,وهور,مديريت انرژي اميد  تابان هور,862,23637684,32427403313,1384,1350,1405,21,1.52,1373,-11,-0.79,1315,1416,1400-7-26,2021-10-18
220,ماديرا,صنايع ماديران,861,6235535,45260403057,7423,7230,7288,-135,-1.82,7258,-165,-2.22,7161,7400,1400-7-26,2021-10-18
221,كحافظح,ح . كاشي‌ وسراميك‌ حافظ‌,857,16156013,33600630445,2188,2144,2094,-94,-4.3,2080,-108,-4.94,2030,2170,1400-7-26,2021-10-18
222,ضخود1052,اختيارخ خودرو-2000-1400/10/08,857,39608,5275176000,156,139,134,-22,-14.1,133,-23,-14.74,124,148,1400-7-26,2021-10-18
223,وپاسار,بانك  پاسارگاد,851,20642927,297432531050,14440,14440,14430,-10,-0.07,14410,-30,-0.21,14400,14440,1400-7-26,2021-10-18
224,مرقام,ايران‌ارقام‌,845,5034603,64425341750,13410,13200,12910,-500,-3.73,12800,-610,-4.55,12740,13240,1400-7-26,2021-10-18
225,وتوصا,گروه س توسعه صنعتي ايران,842,6265452,57308990210,9590,9250,9250,-340,-3.55,9150,-440,-4.59,9120,9450,1400-7-26,2021-10-18
226,فولاي,صنايع فولاد آلياژي يزد,828,2258851,39040608988,18048,17720,17370,-678,-3.76,17283,-765,-4.24,17146,17730,1400-7-26,2021-10-18
227,وساپا,سرمايه‌گذاري‌ سايپا,823,9542690,38949390633,4155,4100,4168,13,0.31,4082,-73,-1.76,3956,4195,1400-7-26,2021-10-18
228,ودي,بيمه  دي,821,8651795,55735705873,6493,6570,6650,157,2.42,6442,-51,-0.79,6260,6650,1400-7-26,2021-10-18
229,خاهن,آهنگري‌ تراكتورسازي‌ ايران‌,820,14786811,121379068580,8110,8030,8210,100,1.23,8210,100,1.23,8000,8320,1400-7-26,2021-10-18
230,وملي,گروه‌ صنعتي‌ ملي‌ (هلدينگ‌,816,303903,62557649790,215680,210100,204900,-10780,-5,205850,-9830,-4.56,204900,215000,1400-7-26,2021-10-18
231,شفارا,پتروشيمي فارابي,811,8992931,81507229658,8815,8710,9079,264,2.99,9063,248,2.81,8710,9079,1400-7-26,2021-10-18
232,وآوا,سرمايه گذاري آوا نوين,805,7199385,26918419988,3927,3750,3759,-168,-4.28,3739,-188,-4.79,3731,3853,1400-7-26,2021-10-18
233,پارند,صندوق س. پارند پايدار سپهر,804,23621138,237690703211,10057,10063,10063,6,0.06,10063,6,0.06,10062,10063,1400-7-26,2021-10-18
234,فنوال,نورد آلومينيوم‌,781,2937561,72836060540,25960,25210,24970,-990,-3.81,24790,-1170,-4.51,24670,25960,1400-7-26,2021-10-18
235,ساينا,صنايع بهداشتي ساينا,779,288160,34031811471,120264,123900,116999,-3265,-2.71,118100,-2164,-1.8,114251,125990,1400-7-26,2021-10-18
236,وكار,بانك‌ كارآفرين‌,777,24384394,65600049036,2663,2606,2670,7,0.26,2690,27,1.01,2600,2738,1400-7-26,2021-10-18
237,ثپرديس,سرمايه گذاري مسكن پرديس,777,11659025,62863974435,5614,5352,5432,-182,-3.24,5392,-222,-3.95,5334,5580,1400-7-26,2021-10-18
238,غالبر,لبنيات‌ كالبر,775,3267614,35777072480,10870,10820,10780,-90,-0.83,10950,80,0.74,10530,11320,1400-7-26,2021-10-18
239,مدير,ص.س.مديريت ثروت ص.بازنشستگي-س,774,3369804,32652970145,9744,9450,9840,96,0.99,9690,-54,-0.55,9450,9880,1400-7-26,2021-10-18
240,خشرق,الكتريك‌ خودرو شرق‌,772,3601196,50622213450,13530,14030,14200,670,4.95,14060,530,3.92,13550,14200,1400-7-26,2021-10-18
241,فسازان,غلتك سازان سپاهان,767,1670231,46297281040,28680,28200,28100,-580,-2.02,27720,-960,-3.35,27250,28990,1400-7-26,2021-10-18
242,حتوكا,حمل‌ونقل‌توكا,764,3044503,42443394730,14620,14300,14180,-440,-3.01,13940,-680,-4.65,13890,14370,1400-7-26,2021-10-18
243,امين يكم2,صندوق درآمد ثابت امين يكم فردا,760,760000000,760000000,10127,1,1,-10126,-99.99,1,-10126,-99.99,1,1,1400-7-26,2021-10-18
244,ارفع,شركت آهن و فولاد ارفع,759,5961885,90410788427,15134,15160,15440,306,2.02,15165,31,0.2,14900,15440,1400-7-26,2021-10-18
245,سخاش,سيمان‌خاش‌,755,318577,31944578950,105020,102500,102000,-3020,-2.88,100270,-4750,-4.52,99770,102840,1400-7-26,2021-10-18
246,پكوير,كوير تاير,749,2787647,32639026680,12090,11800,11670,-420,-3.47,11710,-380,-3.14,11580,12040,1400-7-26,2021-10-18
247,كوثر,بيمه كوثر,748,4195887,42838319739,10577,10650,10320,-257,-2.43,10210,-367,-3.47,10049,10650,1400-7-26,2021-10-18
248,غدام,خوراك‌  دام‌ پارس‌,741,285496,40733704010,150030,143010,142800,-7230,-4.82,142680,-7350,-4.9,142530,148000,1400-7-26,2021-10-18
249,شبهرن,نفت‌ بهران‌,740,4119622,50437632930,12360,12030,12370,10,0.08,12260,-100,-0.81,11980,12550,1400-7-26,2021-10-18
250,وساخت,سرمايه‌ گذاري‌ ساختمان‌ايران‌,734,1226842,48353641670,39670,38050,40000,330,0.83,39410,-260,-0.66,38010,40800,1400-7-26,2021-10-18
251,شرنگي,شيميايي رنگين,733,543681,88664833218,155533,163309,163309,7776,5,163082,7549,4.85,155745,163309,1400-7-26,2021-10-18
252,وپست,پست بانك ايران,731,2469944,49890979170,20230,19790,20720,490,2.42,20200,-30,-0.15,19400,20830,1400-7-26,2021-10-18
253,تليسه,دامداري تليسه نمونه,728,8606292,20479924333,2481,2370,2397,-84,-3.39,2380,-101,-4.07,2360,2470,1400-7-26,2021-10-18
254,چكارن,كارتن‌ ايران‌,728,6751334,19025567326,2795,2791,2809,14,0.5,2818,23,0.82,2777,2885,1400-7-26,2021-10-18
255,بكام,كارخانجات توليدي شهيد قندي,725,11974228,25683716537,2212,2150,2154,-58,-2.62,2145,-67,-3.03,2110,2170,1400-7-26,2021-10-18
256,بكهنوج,توليد برق ماهتاب كهنوج,721,17332716,20228267286,1209,1210,1178,-31,-2.56,1167,-42,-3.47,1150,1210,1400-7-26,2021-10-18
257,سصفها,سيمان‌اصفهان‌,709,755304,30899331740,43020,41500,40870,-2150,-5,40910,-2110,-4.9,40870,42500,1400-7-26,2021-10-18
258,وثخوز,سرمايه گذاري و توسعه خوزستان,708,1042864,35737467513,32854,32000,34000,1146,3.49,34269,1415,4.31,32000,34496,1400-7-26,2021-10-18
259,ورنا,سرمايه‌گذاري‌ رنا(هلدينگ‌,706,14492681,40289833801,2891,2970,2840,-51,-1.76,2780,-111,-3.84,2747,2970,1400-7-26,2021-10-18
260,زشريف,كشت وصنعت شريف آباد,702,10706449,42119204279,4136,4199,3930,-206,-4.98,3934,-202,-4.88,3930,4199,1400-7-26,2021-10-18
261,سشرق,سيمان‌ شرق‌,698,5755713,47411242360,8450,8200,8250,-200,-2.37,8240,-210,-2.49,8030,8540,1400-7-26,2021-10-18
262,حآفرين,ريل پرداز نو آفرين,697,35335714,142133117768,3942,3825,4139,197,5,4022,80,2.03,3761,4139,1400-7-26,2021-10-18
263,سفارس,سيمان فارس و خوزستان,696,2550328,48715365890,19400,18900,19000,-400,-2.06,19100,-300,-1.55,18600,19580,1400-7-26,2021-10-18
264,بزاگرس,نيروگاه زاگرس كوثر,695,7274329,29635834412,4273,4231,4090,-183,-4.28,4074,-199,-4.66,4060,4231,1400-7-26,2021-10-18
265,فاهواز,نورد و لوله اهواز,689,10921002,69878769472,6348,6347,6474,126,1.98,6399,51,0.8,6222,6474,1400-7-26,2021-10-18
266,ونيرو,سرمايه‌گذاري‌نيرو,688,9476691,21272766949,2339,2250,2250,-89,-3.81,2245,-94,-4.02,2223,2322,1400-7-26,2021-10-18
267,فنرژي,گسترش صنايع انرژي آذرآب,685,2442672,28870799164,12308,11816,11819,-489,-3.97,11819,-489,-3.97,11816,12090,1400-7-26,2021-10-18
268,سپاس,صندوق س. پاداش سهامداري-ثابت,682,31269961,314695667161,10055,10064,10061,6,0.06,10064,9,0.09,10060,10064,1400-7-26,2021-10-18
269,ساوه,سيمان ساوه,671,181475,9056704234,50781,49501,50000,-781,-1.54,50263,-518,-1.02,48800,50738,1400-7-26,2021-10-18
270,زدشت,كشت و صنعت دشت خرم دره,665,2509956,35430198993,14839,14200,14200,-639,-4.31,14116,-723,-4.87,14098,14850,1400-7-26,2021-10-18
271,آسيا,بيمه آسيا,664,15940581,29010639941,1847,1780,1854,7,0.38,1820,-27,-1.46,1780,1859,1400-7-26,2021-10-18
272,وحكمت,بيمه حكمت صبا,663,14317506,47925586646,3450,3278,3490,40,1.16,3347,-103,-2.99,3278,3570,1400-7-26,2021-10-18
273,كالا,بورس كالاي ايران,662,1676831,52283590580,32820,31180,31180,-1640,-5,31440,-1380,-4.2,31180,31180,1400-7-26,2021-10-18
274,غبهنوش,بهنوش‌ ايران‌,661,506082,26792553960,55380,55380,52640,-2740,-4.95,52940,-2440,-4.41,52620,55500,1400-7-26,2021-10-18
275,ستران,سيمان‌ تهران‌,656,1753476,37236429450,22100,22500,21450,-650,-2.94,21240,-860,-3.89,21000,22500,1400-7-26,2021-10-18
276,غگرجي,بيسكويت‌  گرجي‌,653,12183142,27627341929,2379,2325,2275,-104,-4.37,2268,-111,-4.67,2261,2348,1400-7-26,2021-10-18
277,والبر,سرمايه‌ گذاري‌ البرز(هلدينگ‌,653,4831739,44029941170,9080,9130,9150,70,0.77,9110,30,0.33,8700,9400,1400-7-26,2021-10-18
278,غفارس,شير پاستوريزه پگاه فارس,651,2903145,22441959646,8056,8144,7654,-402,-4.99,7730,-326,-4.05,7654,8144,1400-7-26,2021-10-18
279,فمراد,آلومراد,645,1659473,26601912130,16680,16350,15900,-780,-4.68,16030,-650,-3.9,15850,16950,1400-7-26,2021-10-18
280,تسه0004,امتيازتسهيلات مسكن تير1400,634,24993,17252137877,688432,681011,661010,-27422,-3.98,690279,1847,0.27,661010,700888,1400-7-26,2021-10-18
281,كلوند,كاشي‌ الوند,634,1845718,38130468410,20730,20700,21380,650,3.14,20660,-70,-0.34,19770,21480,1400-7-26,2021-10-18
282,شكربن,كربن‌ ايران‌,619,652381,68714032830,110610,110000,105080,-5530,-5,105330,-5280,-4.77,105080,110000,1400-7-26,2021-10-18
283,لخزر,پارس‌ خزر,617,346610,49736692000,150650,150000,144880,-5770,-3.83,143490,-7160,-4.75,143120,150000,1400-7-26,2021-10-18
284,جم پيلن,پلي پروپيلن جم - جم پيلن,616,560078,65721826270,117100,116100,117170,70,0.06,117270,170,0.15,115000,119500,1400-7-26,2021-10-18
285,سيمرغ,سيمرغ,613,2542999,46341347930,18460,18020,18400,-60,-0.33,18220,-240,-1.3,17920,18760,1400-7-26,2021-10-18
286,رانفور,خدمات‌انفورماتيك‌,613,6952246,32208655063,4603,4790,4630,27,0.59,4617,14,0.3,4530,4790,1400-7-26,2021-10-18
287,تسه0005,امتيازتسهيلات مسكن مرداد 1400,608,11031,7650781108,691428,675100,687000,-4428,-0.64,693571,2143,0.31,675100,706990,1400-7-26,2021-10-18
288,وصندوق,سرمايه‌گذاري‌صندوق‌بازنشستگي‌,606,3844320,76326076840,19320,19030,20000,680,3.52,19640,320,1.66,18810,20160,1400-7-26,2021-10-18
289,بميلا,توسعه بازرگاني آهن وفولادميلاد,604,6217008,90492717504,14202,14300,14628,426,3,14556,354,2.49,13776,14628,1400-7-26,2021-10-18
290,سغرب,سيمان‌غرب‌,603,1584524,29555513410,19230,18290,18760,-470,-2.44,18650,-580,-3.02,18270,19670,1400-7-26,2021-10-18
291,كگهر,سنگ آهن گهرزمين,599,926351,41832041303,44539,43176,45352,813,1.83,44752,213,0.48,43176,46500,1400-7-26,2021-10-18
292,ثباغ,شهر سازي و خانه سازي باغميشه,597,3241612,32209139442,9636,9440,10117,481,4.99,9936,300,3.11,9155,10117,1400-7-26,2021-10-18
293,ثعتما,س. ساختماني اعتماد گستر,591,1027127,31798950834,31739,30800,30787,-952,-3,30959,-780,-2.46,30787,32076,1400-7-26,2021-10-18
294,چفيبر,فيبر ايران‌,588,3509691,23629428850,7030,7000,6740,-290,-4.13,6730,-300,-4.27,6680,7070,1400-7-26,2021-10-18
295,ولراز,ليزينگ رازي,585,948884,23479331503,24900,25189,24480,-420,-1.69,24744,-156,-0.63,24153,25589,1400-7-26,2021-10-18
296,دامين,داروسازي‌ امين‌,584,7585963,22577148983,3114,3090,2959,-155,-4.98,2976,-138,-4.43,2959,3090,1400-7-26,2021-10-18
297,شپارس,بين‌ المللي‌ محصولات‌  پارس‌,583,3530582,32905056300,9740,9400,9550,-190,-1.95,9320,-420,-4.31,9260,9700,1400-7-26,2021-10-18
298,تسه9912,امتياز تسهيلات مسكن اسفند99,581,44754,30810153230,696361,685000,661543,-34818,-5,688433,-7928,-1.14,661543,705000,1400-7-26,2021-10-18
299,ونفت,سرمايه‌گذاري‌ صنعت‌ نفت‌,579,2390442,33798737540,14130,13610,14300,170,1.2,14140,10,0.07,13610,14500,1400-7-26,2021-10-18
300,شكلر,نيروكلر,579,819773,23252596740,29590,28500,28770,-820,-2.77,28360,-1230,-4.16,28120,29300,1400-7-26,2021-10-18
301,ميدكو,توسعه معادن وص.معدني خاورميانه,576,10028241,471650763500,47010,47010,47060,50,0.11,47030,20,0.04,47000,47200,1400-7-26,2021-10-18
302,پاسا,ايران‌ياساتايرورابر,569,1598969,27151327750,17440,17000,17440,0,0,16980,-460,-2.64,16570,17460,1400-7-26,2021-10-18
303,خمحور,توليدمحورخودرو,565,9563074,28637495700,3148,2991,2991,-157,-4.99,2995,-153,-4.86,2991,3110,1400-7-26,2021-10-18
304,فولاژ,فولاد آلياژي ايران,563,3607266,61767038790,16810,16900,17200,390,2.32,17050,240,1.43,16440,17490,1400-7-26,2021-10-18
305,غشان,شيرپاستوريزه‌پگاه‌خراسان‌,563,4317910,19951546625,4492,4713,4620,128,2.85,4621,129,2.87,4435,4716,1400-7-26,2021-10-18
306,خكرمان,گروه اقتصادي كرمان خودرو,562,8740849,24140814199,2837,2760,2752,-85,-3,2762,-75,-2.64,2752,2836,1400-7-26,2021-10-18
307,قتربت,قند تربت حيدريه,562,159009,7747077489,47302,48721,48721,1419,3,48367,1065,2.25,48721,48721,1400-7-26,2021-10-18
308,خپويش,سازه‌ پويش‌,559,478150,36845689510,74070,75440,77770,3700,5,77060,2990,4.04,75100,77770,1400-7-26,2021-10-18
309,ولشرق,ليزينگ ايران و شرق,558,5897295,29253517785,5200,5001,4940,-260,-5,4960,-240,-4.62,4940,5220,1400-7-26,2021-10-18
310,خچرخش,چرخشگر,556,4543836,45857675430,10590,10070,10090,-500,-4.72,10090,-500,-4.72,10070,10350,1400-7-26,2021-10-18
311,سمازن,سيمان‌مازندران‌,556,2812644,41265849430,14140,14350,14840,700,4.95,14670,530,3.75,14140,14840,1400-7-26,2021-10-18
312,ومهان,گروه توسعه مالي مهر آيندگان,554,2201714,33014216033,14952,14611,15046,94,0.63,14976,24,0.16,14610,15115,1400-7-26,2021-10-18
313,دكپسول,توليد ژلاتين كپسول ايران,554,555358,16806754886,31182,30030,30160,-1022,-3.28,30263,-919,-2.95,29800,31000,1400-7-26,2021-10-18
314,تكمبا,كمباين‌ سازي‌ ايران‌,553,3464649,15198862792,4572,4650,4383,-189,-4.13,4387,-185,-4.05,4344,4650,1400-7-26,2021-10-18
315,ساروم,سيمان‌اروميه‌,552,725175,28008806190,37990,38680,39000,1010,2.66,38620,630,1.66,37990,39280,1400-7-26,2021-10-18
316,ومعلم,بيمه معلم,546,8341958,24640315677,3105,2955,2996,-109,-3.51,2954,-151,-4.86,2950,3080,1400-7-26,2021-10-18
317,فپنتا,سپنتا,545,43791,20944531210,477200,482690,473300,-3900,-0.82,478280,1080,0.23,465050,489000,1400-7-26,2021-10-18
318,سرچشمه,سرمايه گذاري مس سرچشمه,542,3602203,19506986573,5626,5543,5495,-131,-2.33,5415,-211,-3.75,5350,5600,1400-7-26,2021-10-18
319,شپاس,نفت پاسارگاد,541,1971830,37591729339,19990,19030,19319,-671,-3.36,19064,-926,-4.63,18991,20338,1400-7-26,2021-10-18
320,داريوش,صندوق س. ثروت داريوش -س,538,3178153,31190580156,9824,9800,9855,31,0.32,9814,-10,-0.1,9720,9898,1400-7-26,2021-10-18
321,سدبير,س. تدبيرگران فارس وخوزستان,537,1137935,38217101891,33437,33432,33989,552,1.65,33585,148,0.44,32000,35107,1400-7-26,2021-10-18
322,ختراك,ريخته‌گري‌ تراكتورسازي‌ ايران‌,536,2777138,33898456230,12700,12380,12070,-630,-4.96,12210,-490,-3.86,12070,12750,1400-7-26,2021-10-18
323,غگيلا,شيرپاستوريزه پگاه گيلان,534,1518207,32298104395,22386,21267,21267,-1119,-5,21274,-1112,-4.97,21267,21780,1400-7-26,2021-10-18
324,سبهان,سيمان‌ بهبهان‌,529,320187,16045831650,51420,50210,49880,-1540,-2.99,50110,-1310,-2.55,49270,51200,1400-7-26,2021-10-18
325,شجم,صنايع پتروشيمي تخت جمشيد,529,3890114,46256356910,12362,11840,12198,-164,-1.33,11891,-471,-3.81,11744,12200,1400-7-26,2021-10-18
326,پدرخش,درخشان‌ تهران‌,527,1041777,24151611980,24370,23160,23160,-1210,-4.97,23180,-1190,-4.88,23160,23900,1400-7-26,2021-10-18
327,فنورد,نوردوقطعات‌ فولادي‌,525,158281,29900827080,194130,188000,190000,-4130,-2.13,188910,-5220,-2.69,184430,193500,1400-7-26,2021-10-18
328,فسپا,گروه‌صنعتي‌سپاهان‌,524,1907032,37382524200,20120,20110,19880,-240,-1.19,19600,-520,-2.58,19220,20190,1400-7-26,2021-10-18
329,خوساز,محورسازان‌ايران‌خودرو,523,5155740,38817542660,7910,7520,7600,-310,-3.92,7530,-380,-4.8,7520,7690,1400-7-26,2021-10-18
330,قاسم,قاسم ايران,523,5487505,23758891102,4556,4329,4329,-227,-4.98,4330,-226,-4.96,4329,4450,1400-7-26,2021-10-18
331,رنيك,جنرال مكانيك,516,1248188,16745759608,14004,13740,13500,-504,-3.6,13416,-588,-4.2,13304,14070,1400-7-26,2021-10-18
332,نوين,بيمه نوين,516,5393875,26475055570,5027,4870,4950,-77,-1.53,4908,-119,-2.37,4870,4987,1400-7-26,2021-10-18
333,فلوله,لوله‌وماشين‌سازي‌ايران‌,514,19578503,24651943425,1320,1280,1254,-66,-5,1259,-61,-4.62,1254,1300,1400-7-26,2021-10-18
334,زشگزا,شير و گوشت زاگرس شهركرد,514,7681032,38298240763,5229,5159,5100,-129,-2.47,4986,-243,-4.65,4968,5159,1400-7-26,2021-10-18
335,افق,فروشگاههاي زنجيره اي افق كوروش,505,885883,46324669950,52680,52500,52390,-290,-0.55,52390,-290,-0.55,51010,53430,1400-7-26,2021-10-18
336,زفكا,كشت و دامداري فكا,497,4757704,32923141933,7252,7000,6890,-362,-4.99,6920,-332,-4.58,6890,7240,1400-7-26,2021-10-18
337,پارسيان,بيمه پارسيان,496,3449541,36855547220,10390,10290,10900,510,4.91,10680,290,2.79,9970,10900,1400-7-26,2021-10-18
338,گكوثر,هتل پارسيان كوثر اصفهان,495,11526921,20977224474,1864,1850,1816,-48,-2.58,1820,-44,-2.36,1800,1927,1400-7-26,2021-10-18
339,دانا,بيمه دانا,493,4928886,23940888364,5021,4900,4930,-91,-1.81,4857,-164,-3.27,4771,4998,1400-7-26,2021-10-18
340,بفجر,فجر انرژي خليج فارس,490,2060614,67844388650,33920,34590,32850,-1070,-3.15,33130,-790,-2.33,32230,34590,1400-7-26,2021-10-18
341,مبين,مبين انرژي خليج فارس,490,3525831,87453836030,25020,24770,24730,-290,-1.16,24870,-150,-0.6,24310,25330,1400-7-26,2021-10-18
342,غبشهر,صنعتي‌ بهشهر,483,1059025,25385909430,23130,23500,24000,870,3.76,23870,740,3.2,22220,24280,1400-7-26,2021-10-18
343,هجرت,پخش هجرت,473,952603,29786533612,30102,30190,31607,1505,5,31269,1167,3.88,28610,31607,1400-7-26,2021-10-18
344,كپارس,كاشي‌ پارس‌,469,239199,25894720540,113790,109010,108110,-5680,-4.99,108260,-5530,-4.86,108110,112500,1400-7-26,2021-10-18
345,حپترو,حمل و نقل پتروشيمي( سهامي عام,468,743417,17756356340,24970,24000,23730,-1240,-4.97,23880,-1090,-4.37,23730,25300,1400-7-26,2021-10-18
346,دلقما,دارويي‌ لقمان‌,468,1334025,39394733710,31040,29520,29490,-1550,-4.99,29530,-1510,-4.86,29490,30560,1400-7-26,2021-10-18
347,غشصفا,شيرپاستوريزه‌پگاه‌اصفهان‌,468,1821777,68854154270,39610,37950,37630,-1980,-5,37800,-1810,-4.57,37630,38710,1400-7-26,2021-10-18
348,رتاپ,تجارت الكترونيك  پارسيان,466,2548798,13842936170,5530,5370,5400,-130,-2.35,5440,-90,-1.63,5260,5690,1400-7-26,2021-10-18
349,وسگيلا,شركت س استان گيلان,461,30505565,14405383454,493,470,478,-15,-3.04,482,-11,-2.23,469,481,1400-7-26,2021-10-18
350,تسه0003,امتيازتسهيلات مسكن خرداد1400,460,16719,11597038923,692251,665020,680000,-12251,-1.77,693644,1393,0.2,657639,703000,1400-7-26,2021-10-18
351,كاردان,صندوق س تجارت شاخصي كاردان,460,227473,45751867800,201090,205490,203960,2870,1.43,201130,40,0.02,196000,205490,1400-7-26,2021-10-18
352,قجام,فرآوردههاي غذايي وقندتربت‌جام‌,455,6434422,41030440840,6252,6377,6377,125,2,6377,125,2,6200,6377,1400-7-26,2021-10-18
353,وپترو,سرمايه‌گذاري صنايع پتروشيمي‌,454,2731591,32644456370,12530,12220,12000,-530,-4.23,11950,-580,-4.63,11910,12220,1400-7-26,2021-10-18
354,افرا,افرانت,451,1133489,21055491833,19324,19245,18740,-584,-3.02,18576,-748,-3.87,18358,19650,1400-7-26,2021-10-18
355,وسكاب,س.ص.بازنشستگي كاركنان بانكها,449,5049958,14429652556,2853,2781,2890,37,1.3,2857,4,0.14,2775,2900,1400-7-26,2021-10-18
356,ثعمرا,عمران و توسعه شاهد,445,1992488,16063412254,8244,8450,7930,-314,-3.81,8062,-182,-2.21,7835,8450,1400-7-26,2021-10-18
357,ولصنم,ليزينگ‌صنعت‌ومعدن‌,445,2437173,12381234460,5300,5220,5080,-220,-4.15,5110,-190,-3.58,5040,5220,1400-7-26,2021-10-18
358,غديس,پاكديس,441,3017251,37557789223,12919,12700,12440,-479,-3.71,12448,-471,-3.65,12274,12850,1400-7-26,2021-10-18
359,فخاس,فولاد خراسان,439,1720915,44888962480,25910,24630,26800,890,3.43,25990,80,0.31,24620,26890,1400-7-26,2021-10-18
360,كحافظ,كاشي‌ وسراميك‌ حافظ‌,439,2800569,10431978428,3871,3815,3751,-120,-3.1,3766,-105,-2.71,3678,3815,1400-7-26,2021-10-18
361,نمرينو,ايران‌ مرينوس‌,437,200784,18959363820,97640,93900,92760,-4880,-5,94430,-3210,-3.29,92760,97200,1400-7-26,2021-10-18
362,خريخت,صنايع‌ريخته‌گري‌ايران‌,435,5197030,20926385182,4057,3911,4005,-52,-1.28,4027,-30,-0.74,3870,4100,1400-7-26,2021-10-18
363,ثغرب,شركت سرمايه گذاري مسكن شمالغرب,433,4733269,20104812822,4460,4247,4251,-209,-4.69,4248,-212,-4.75,4237,4438,1400-7-26,2021-10-18
364,پلاسك,پلاسكوكار,433,3393148,19052933580,5790,5590,5630,-160,-2.76,5620,-170,-2.94,5510,5870,1400-7-26,2021-10-18
365,كاذر,فرآورده‌هاي‌نسوزآذر,431,1487850,19256950740,13050,13080,13030,-20,-0.15,12940,-110,-0.84,12410,13330,1400-7-26,2021-10-18
366,طلا,صندوق س.پشتوانه طلاي لوتوس,430,329803,26951960897,82232,82000,81800,-432,-0.53,81721,-511,-0.62,81445,82000,1400-7-26,2021-10-18
367,فافزا,فولاد افزا سپاهان,429,347143,18947794180,54817,54800,55390,573,1.05,54582,-235,-0.43,53501,55400,1400-7-26,2021-10-18
368,غمهرا,توليدي‌مهرام‌,427,452419,22153702510,51320,49150,50000,-1320,-2.57,48970,-2350,-4.58,48760,51890,1400-7-26,2021-10-18
369,قشكر,شكرشاهرود,425,6277607,17921192783,2863,2790,2880,17,0.59,2855,-8,-0.28,2790,2899,1400-7-26,2021-10-18
370,سپاها,سيمان‌سپاهان‌,424,2087037,18143143770,8750,8490,8790,40,0.46,8690,-60,-0.69,8410,8940,1400-7-26,2021-10-18
371,سفار,سيمان‌فارس‌,424,301568,19602170640,68210,65000,64800,-3410,-5,65000,-3210,-4.71,64800,67410,1400-7-26,2021-10-18
372,وملل,اعتباري ملل,423,3833204,41692824805,10826,10450,11042,216,2,10875,49,0.45,10450,11099,1400-7-26,2021-10-18
373,وآذر,سرمايه‌گذاري‌توسعه‌آذربايجان‌,422,644832,28889395350,47120,44810,44770,-2350,-4.99,44800,-2320,-4.92,44770,45470,1400-7-26,2021-10-18
374,جم,پتروشيمي جم,419,1390791,71326179470,50530,49300,52130,1600,3.17,51050,520,1.03,49300,52200,1400-7-26,2021-10-18
375,وسبحان,سرمايه گذاري سبحان,417,7997115,22378765649,2893,2785,2786,-107,-3.7,2798,-95,-3.28,2749,2870,1400-7-26,2021-10-18
376,فوكا,فولاد كاويان,417,4900168,74700636823,15456,15100,15141,-315,-2.04,15245,-211,-1.37,15100,15430,1400-7-26,2021-10-18
377,غشاذر,پگاه‌آذربايجان‌غربي‌,415,3524721,20698455360,5710,5800,5910,200,3.5,5870,160,2.8,5470,5990,1400-7-26,2021-10-18
378,تايرا,تراكتورسازي‌ايران‌,414,1155239,28495047900,25330,25150,24500,-830,-3.28,24730,-600,-2.37,24100,25330,1400-7-26,2021-10-18
379,سمايه,بانك سرمايه,412,2302653,11201807948,4732,4850,4873,141,2.98,4865,133,2.81,4733,4873,1400-7-26,2021-10-18
380,كاسپين,داروسازي كاسپين تامين,410,1127333,32239029278,29009,28600,28950,-59,-0.2,28598,-411,-1.42,28010,29090,1400-7-26,2021-10-18
381,آوا,صندوق س.سهام آواي معيار-س,408,2951127,23602992535,8042,7900,8149,107,1.33,7998,-44,-0.55,7851,8180,1400-7-26,2021-10-18
382,ارزش,صندوق س ارزش آفرين بيدار-سهام,405,2850108,28494912170,10080,9940,10140,60,0.6,10000,-80,-0.79,9880,10170,1400-7-26,2021-10-18
383,اميد,تامين سرمايه اميد,404,3843559,23919519350,6380,6220,6270,-110,-1.72,6220,-160,-2.51,6200,6380,1400-7-26,2021-10-18
384,حفارس,حمل و نقل بين المللي خليج فارس,401,5465293,22171577200,4264,4190,4051,-213,-5,4057,-207,-4.85,4051,4190,1400-7-26,2021-10-18
385,تماوند,تامين سرمايه دماوند,400,12356772,75835255598,6183,6180,6180,-3,-0.05,6137,-46,-0.74,5998,6338,1400-7-26,2021-10-18
386,سكرما,سيمان‌ كرمان‌,398,1728381,25563106460,14370,14880,15070,700,4.87,14790,420,2.92,14190,15080,1400-7-26,2021-10-18
387,خكاوه,سايپا ديزل,397,4248464,13351129085,3216,3182,3152,-64,-1.99,3143,-73,-2.27,3120,3240,1400-7-26,2021-10-18
388,تسه9908,امتياز تسهيلات مسكن آبان99,396,12660,8743721042,688491,690000,680000,-8491,-1.23,690657,2166,0.31,661556,700000,1400-7-26,2021-10-18
389,ثشرق,سرمايه گذاري مسكن شمال شرق,396,5792348,25681698521,4664,4460,4431,-233,-5,4434,-230,-4.93,4431,4500,1400-7-26,2021-10-18
390,شپاكسا,پاكسان‌,394,958698,17222833830,18670,19000,18210,-460,-2.46,17960,-710,-3.8,17740,19000,1400-7-26,2021-10-18
391,ضصاد8033,اختيارخ وبصادر-2489-1400/08/12,393,19927,297166000,14,14,20,6,42.86,15,1,7.14,11,20,1400-7-26,2021-10-18
392,وبيمه,سرمايه‌ گذاري‌ صنعت‌ بيمه‌,392,5644158,9066563665,1623,1569,1640,17,1.05,1613,-10,-0.62,1569,1648,1400-7-26,2021-10-18
393,چكاوه,صنايع‌كاغذسازي‌كاوه‌,386,2035945,25854862500,13340,12860,12680,-660,-4.95,12700,-640,-4.8,12680,12970,1400-7-26,2021-10-18
394,اپرداز,آتيه داده پرداز,386,1423863,30279312852,21353,21448,21400,47,0.22,21266,-87,-0.41,20941,21800,1400-7-26,2021-10-18
395,خبازرس,بازرسي مهندسي و صنعتي ايران,384,874206,21239185314,25036,24295,24285,-751,-3,24295,-741,-2.96,24285,24680,1400-7-26,2021-10-18
396,لابسا,آبسال‌,383,908195,30111806880,32970,31390,33200,230,0.7,33160,190,0.58,31390,33960,1400-7-26,2021-10-18
397,غگلپا,شير پاستوريزه پگاه گلپايگان,381,536613,34121732768,62888,61005,61900,-988,-1.57,63587,699,1.11,61000,65150,1400-7-26,2021-10-18
398,واتي,سرمايه‌ گذاري‌ آتيه‌ دماوند,379,3206941,34590481800,10870,10470,11000,130,1.2,10790,-80,-0.74,10470,11080,1400-7-26,2021-10-18
399,لسرما,سرما آفرين‌,378,1082830,19393190550,18630,17930,17760,-870,-4.67,17910,-720,-3.86,17700,18990,1400-7-26,2021-10-18
400,ددام,داروسازي زاگرس فارمد پارس,377,2426213,29657135560,12610,12060,12240,-370,-2.93,12220,-390,-3.09,11980,12650,1400-7-26,2021-10-18
401,وساغربي,شركت س استان آذربايجان غربي,372,15254856,7146423247,491,469,473,-18,-3.67,486,-5,-1.02,467,478,1400-7-26,2021-10-18
402,غپاك,لبنيات‌ پاك‌,369,1264268,18392692460,15290,14550,14530,-760,-4.97,14550,-740,-4.84,14530,14710,1400-7-26,2021-10-18
403,وسينا,بانك سينا,369,15195657,35031501969,2332,2236,2370,38,1.63,2305,-27,-1.16,2236,2398,1400-7-26,2021-10-18
404,واميد,گروه مديريت سرمايه گذاري اميد,367,2411307,31536230670,12840,13100,13010,170,1.32,12900,60,0.47,12870,13390,1400-7-26,2021-10-18
405,شدوص,دوده‌ صنعتي‌ پارس‌,364,642602,12959714110,20910,20470,20200,-710,-3.4,20260,-650,-3.11,19910,20890,1400-7-26,2021-10-18
406,دزهراوي,داروسازي‌زهراوي‌,362,1499925,7948628920,5480,5270,5300,-180,-3.28,5380,-100,-1.82,5230,5450,1400-7-26,2021-10-18
407,بهپاك,صنعتي بهپاك,360,3789625,19568591597,5224,5224,5190,-34,-0.65,5164,-60,-1.15,5081,5224,1400-7-26,2021-10-18
408,ضسپا8041,اختيارخ خساپا-1600-1400/08/26,360,13030,1635818000,150,131,138,-12,-8,126,-24,-16,110,149,1400-7-26,2021-10-18
409,كامياب,صندوق س. كامياب آشنا-د,358,3938532,42183327038,10705,10712,10710,5,0.05,10710,5,0.05,10705,10712,1400-7-26,2021-10-18
410,زبينا,كشاورزي و دامپروري بينالود,358,7277968,16367630120,2358,2279,2241,-117,-4.96,2249,-109,-4.62,2241,2333,1400-7-26,2021-10-18
411,ثنور,سرمايه گذاري كوه نور,357,3405709,28834515600,8713,8454,8452,-261,-3,8467,-246,-2.82,8452,8650,1400-7-26,2021-10-18
412,سخوز,سيمان خوزستان,354,586072,14572104890,24660,25250,24820,160,0.65,24840,180,0.73,23720,25350,1400-7-26,2021-10-18
413,حشكوه,دليجان طلايي شكوه پارس,353,6322754,15348024604,2488,2414,2490,2,0.08,2427,-61,-2.45,2414,2499,1400-7-26,2021-10-18
414,وتوس,توسعه‌شهري‌توس‌گستر,352,1115297,13430889360,12600,12060,12250,-350,-2.78,12070,-530,-4.21,11970,12440,1400-7-26,2021-10-18
415,ضخود1050,اختيارخ خودرو-1600-1400/10/08,351,18428,5908053000,340,310,320,-20,-5.88,321,-19,-5.59,300,350,1400-7-26,2021-10-18
416,تسه0002,امتيازتسهيلاتمسكن ارديبهشت1400,351,6695,4658060663,693811,670001,665000,-28811,-4.15,695752,1941,0.28,665000,728501,1400-7-26,2021-10-18
417,چافست,افست‌,350,1416066,15004283700,11130,10580,10580,-550,-4.94,10600,-530,-4.76,10580,10880,1400-7-26,2021-10-18
418,هماي,صندوق س هماي آگاه-ثابت,347,2578713,26169364064,10140,10147,10149,9,0.09,10148,8,0.08,10141,10149,1400-7-26,2021-10-18
419,پخش,پخش البرز,345,669106,16592962096,25619,26000,25150,-469,-1.83,24799,-820,-3.2,24339,26000,1400-7-26,2021-10-18
420,زمگسا,كشاورزي‌ ودامپروي‌ مگسال‌,345,985745,17396769410,18510,17710,17700,-810,-4.38,17650,-860,-4.65,17590,18300,1400-7-26,2021-10-18
421,بنو,بيمه تجارت نو,340,2362957,25122899977,10969,11000,10597,-372,-3.39,10637,-332,-3.03,10421,11000,1400-7-26,2021-10-18
422,فجام,جام‌دارو,338,2235175,12365513250,5810,5520,5520,-290,-4.99,5560,-250,-4.3,5520,5630,1400-7-26,2021-10-18
423,ثاباد,توريستي ورفاهي آبادگران ايران,337,433156,20482402270,47700,47790,46500,-1200,-2.52,47290,-410,-0.86,45700,48550,1400-7-26,2021-10-18
424,دكوثر,داروسازي‌ كوثر,335,5195328,19781190025,3969,3790,3811,-158,-3.98,3807,-162,-4.08,3771,3962,1400-7-26,2021-10-18
425,لوتوسح,ح . تامين سرمايه لوتوس پارسيان,333,2189714,9033056220,4130,4110,4100,-30,-0.73,4130,0,0,4040,4200,1400-7-26,2021-10-18
426,شزنگ,تجهيزنيروي‌زنگان‌,333,220835,24204789465,112830,114675,109446,-3384,-3,109606,-3224,-2.86,109446,114675,1400-7-26,2021-10-18
427,دجابر,داروسازي‌ جابرابن‌حيان‌,332,826325,11446508950,14010,13810,14110,100,0.71,13900,-110,-0.79,13460,14260,1400-7-26,2021-10-18
428,سدشت,صنايع سيمان دشتستان,330,269051,10716181750,41740,42000,40460,-1280,-3.07,40650,-1090,-2.61,39660,42000,1400-7-26,2021-10-18
429,سهرمز,سيمان‌هرمزگان‌,330,835036,13869784230,16030,15240,16830,800,4.99,16550,520,3.24,15240,16830,1400-7-26,2021-10-18
430,كگاز,شيشه‌ و گاز,330,817277,14725480980,18720,18990,18030,-690,-3.69,18020,-700,-3.74,17790,19000,1400-7-26,2021-10-18
431,دتماد,توليدمواداوليه‌داروپخش‌,327,959436,45458413380,47520,46200,48220,700,1.47,47380,-140,-0.29,45650,48370,1400-7-26,2021-10-18
432,ركيش,كارت اعتباري ايران كيش,326,1807076,12089226470,6740,6710,6780,40,0.59,6700,-40,-0.59,6410,6970,1400-7-26,2021-10-18
433,ثمسكن,سرمايه‌گذاري‌ مسكن‌,326,3603539,14727794661,4166,4137,4080,-86,-2.06,4087,-79,-1.9,4000,4162,1400-7-26,2021-10-18
434,تپولا,مهندسي مرآت پولاد,322,1020119,21461496303,21154,20520,21050,-104,-0.49,21038,-116,-0.55,20520,21788,1400-7-26,2021-10-18
435,بمپنا,توليد برق عسلويه  مپنا,322,2431418,13053654242,5647,5375,5365,-282,-4.99,5428,-219,-3.88,5365,5499,1400-7-26,2021-10-18
436,كقزوي,شيشه‌ قزوين‌,322,2211549,17682550549,8127,7927,8090,-37,-0.46,7996,-131,-1.61,7902,8348,1400-7-26,2021-10-18
437,انرژي3,سايراشخاص بورس انرژي,322,620101,48330671940,74230,77940,77940,3710,5,77430,3200,4.31,77940,77940,1400-7-26,2021-10-18
438,تصميم,صندوق س با درآمد ثابت تصميم,321,4210265,74554777587,17699,17713,17706,7,0.04,17708,9,0.05,17606,17713,1400-7-26,2021-10-18
439,قصفها,قنداصفهان‌,321,96046,9045675150,97130,93700,94990,-2140,-2.2,95320,-1810,-1.86,93100,97000,1400-7-26,2021-10-18
440,كارين,صندوق س نگين سامان-ثابت,320,10796818,109563170715,10141,10150,10148,7,0.07,10148,7,0.07,10147,10150,1400-7-26,2021-10-18
441,قلرست,قند لرستان‌,319,684391,12624171970,19320,18400,18700,-620,-3.21,18560,-760,-3.93,18360,18840,1400-7-26,2021-10-18
442,دارو,كارخانجات‌داروپخش‌,316,527114,14958600750,27940,27510,28690,750,2.68,28330,390,1.4,27210,28970,1400-7-26,2021-10-18
443,لازما,كارخانه هاي صنعتي آزمايش,314,819618,21657976925,26640,26499,26927,287,1.08,26424,-216,-0.81,25893,27060,1400-7-26,2021-10-18
444,غويتا,ويتانا,314,2259855,13526210661,6300,5985,5985,-315,-5,5986,-314,-4.98,5985,6200,1400-7-26,2021-10-18
445,وبوعلي,سرمايه‌گذاري‌بوعلي‌,314,2425418,9578162945,3972,3900,3970,-2,-0.05,3957,-15,-0.38,3801,4035,1400-7-26,2021-10-18
446,سدور,سيمان‌ دورود,312,1322880,9708435230,7490,7400,7320,-170,-2.27,7390,-100,-1.34,7190,7600,1400-7-26,2021-10-18
447,معيار ,سرمايه گذاري معيار صنعت پارس,308,618926,29760746994,46967,45561,48376,1409,3,48084,1117,2.38,45561,48376,1400-7-26,2021-10-18
448,غگلستا,شير پاستوريزه پگاه گلستان,306,603518,6890936787,11851,11310,11520,-331,-2.79,11647,-204,-1.72,11272,11889,1400-7-26,2021-10-18
449,ميهن,بيمه ميهن,306,4063720,10399550341,2683,2650,2555,-128,-4.77,2593,-90,-3.35,2549,2650,1400-7-26,2021-10-18
450,آكورد,صندوق س. آرمان آتي كوثر-د,306,3411893,118464950575,34704,34721,34726,22,0.06,34721,17,0.05,34720,34727,1400-7-26,2021-10-18
451,غاذر,كشت‌وصنعت‌پياذر,306,801123,19355912240,24600,24110,24390,-210,-0.85,24160,-440,-1.79,23370,25300,1400-7-26,2021-10-18
452,بخاور,بيمه زندگي خاورميانه,304,5054835,22604859421,4648,4500,4480,-168,-3.61,4472,-176,-3.79,4416,4582,1400-7-26,2021-10-18
453,ثامان,سامان‌ گستراصفهان‌,304,1513882,16127038320,11090,11090,10540,-550,-4.96,10650,-440,-3.97,10540,11090,1400-7-26,2021-10-18
454,كميناح,ح . شيشه سازي مينا,303,1109091,8544533269,7745,7636,7700,-45,-0.58,7704,-41,-0.53,7636,7747,1400-7-26,2021-10-18
455,سيستم,همكاران سيستم,303,2412977,13537415660,5720,5600,5740,20,0.35,5640,-80,-1.4,5450,5750,1400-7-26,2021-10-18
456,وارس,سرمايه گذاري ارس صبا,300,987261,11788940249,11995,11700,11940,-55,-0.46,11941,-54,-0.45,11639,12126,1400-7-26,2021-10-18
457,كمنگنز,معادن‌منگنزايران‌,294,141461,9761792140,69700,66510,70000,300,0.43,69270,-430,-0.62,66510,70980,1400-7-26,2021-10-18
458,شرانل,نفت ايرانول,294,278074,13251800710,48742,49000,47820,-922,-1.89,48364,-378,-0.78,46800,49000,1400-7-26,2021-10-18
459,غچين,كشت‌ و صنعت‌ چين‌ چين,294,1049652,16749533760,15810,16300,15850,40,0.25,15960,150,0.95,15810,16310,1400-7-26,2021-10-18
460,سكه0012پ01,تمام سكه طرح جديد0012رفاه,291,79000,90795320100,1157270,1152000,1148110,-9160,-0.79,1149308,-7962,-0.69,1145005,1152500,1400-7-26,2021-10-18
461,داوه,داروسازي آوه سينا,290,1173447,16667346698,14910,14811,14165,-745,-5,14204,-706,-4.74,14165,15000,1400-7-26,2021-10-18
462,كفرا,فراورده‌ هاي‌ نسوزايران‌,290,821880,15469885730,19680,18700,18750,-930,-4.73,18820,-860,-4.37,18700,19580,1400-7-26,2021-10-18
463,تسه0001,امتيازتسهيلات مسكن فروردين1400,287,3857,2682602170,693502,666000,690000,-3502,-0.5,695515,2013,0.29,661111,709000,1400-7-26,2021-10-18
464,سيلام,سيمان‌ ايلام‌,286,2470170,15293370200,6510,6190,6190,-320,-4.92,6190,-320,-4.92,6190,6290,1400-7-26,2021-10-18
465,حپارسا,توسعه حمل و نقل ريلي پارسيان,283,481185,16528533856,32960,33947,34608,1648,5,34350,1390,4.22,33500,34608,1400-7-26,2021-10-18
466,آساميد,صندوق س.مشترك آسمان اميد -د,283,9218303,121761189504,13207,13214,13211,4,0.03,13209,2,0.02,13207,13214,1400-7-26,2021-10-18
467,دبالكح,ح.مواد اوليه دارويي البرز بالك,280,1620661,11333538904,7358,7001,6991,-367,-4.99,6993,-365,-4.96,6991,7400,1400-7-26,2021-10-18
468,كاريس,صندوق س.سپهر كاريزما-س,279,922356,12767482975,13795,13613,14028,233,1.69,13842,47,0.34,13531,14028,1400-7-26,2021-10-18
469,مارون,پتروشيمي مارون,278,509361,94386303166,185014,183500,185600,586,0.32,185286,272,0.15,181400,188499,1400-7-26,2021-10-18
470,پسهند,صنايع‌ لاستيكي‌  سهند,278,436146,10689487800,25730,25990,24450,-1280,-4.97,24760,-970,-3.77,24450,25990,1400-7-26,2021-10-18
471,دبالك,مواد اوليه دارويي البرز بالك,277,1368514,12998145972,9997,9498,9498,-499,-4.99,9523,-474,-4.74,9498,9498,1400-7-26,2021-10-18
472,سباقر,سيمان باقران,276,2757207,44761044654,16656,16158,16310,-346,-2.08,16234,-422,-2.53,16157,16850,1400-7-26,2021-10-18
473,پرداخت,به پرداخت ملت,275,810001,11476829360,14640,14040,14210,-430,-2.94,14320,-320,-2.19,14000,14370,1400-7-26,2021-10-18
474,فلات,گروه صنايع معادن فلات ايرانيان,274,1375327,19446172257,14524,14089,14300,-224,-1.54,14139,-385,-2.65,14089,14467,1400-7-26,2021-10-18
475,سكرد,سيمان كردستان,272,1312253,7377984190,5730,5510,5530,-200,-3.49,5680,-50,-0.87,5450,5770,1400-7-26,2021-10-18
476,فلامي,لاميران‌,271,694767,13376031360,20240,19270,19230,-1010,-4.99,19300,-940,-4.64,19230,19740,1400-7-26,2021-10-18
477,ضخود1049,اختيارخ خودرو-1400-1400/10/08,270,8768,4072112000,482,451,489,7,1.45,464,-18,-3.73,440,490,1400-7-26,2021-10-18
478,ضسپا8042,اختيارخ خساپا-1800-1400/08/26,268,14684,575916000,53,37,38,-15,-28.3,39,-14,-26.42,32,48,1400-7-26,2021-10-18
479,شوينده,مديريت صنعت شوينده ت.ص.بهشهر,267,504915,9822290360,19850,18900,19700,-150,-0.76,19590,-260,-1.31,18900,19950,1400-7-26,2021-10-18
480,وشهر,بانك شهر,265,3475033,17187718694,4941,4938,4999,58,1.17,4944,3,0.06,4761,4999,1400-7-26,2021-10-18
481,ويسا,سرمايه گذاري ايساتيس پويا,265,1941800,14083875400,7042,7253,7253,211,3,7253,211,3,7253,7253,1400-7-26,2021-10-18
482,سخزر,سيمان‌ خزر,262,1343848,29400480660,22990,22990,21870,-1120,-4.87,21880,-1110,-4.83,21850,22990,1400-7-26,2021-10-18
483,كساپا,سايپاشيشه‌,260,771742,14803219430,20170,19170,19170,-1000,-4.96,19180,-990,-4.91,19170,19550,1400-7-26,2021-10-18
484,پلوله,گازلوله‌,259,592648,18140268916,30756,29834,30595,-161,-0.52,30609,-147,-0.48,29834,31000,1400-7-26,2021-10-18
485,دلر,داروسازي‌ اكسير,259,665404,29201847470,43970,44450,44380,410,0.93,43890,-80,-0.18,42920,44450,1400-7-26,2021-10-18
486,بنيرو,نيروترانس‌,258,3923268,8072666143,2136,2135,2052,-84,-3.93,2092,-44,-2.06,2030,2135,1400-7-26,2021-10-18
487,دعبيد,لابراتوارداروسازي‌  دكترعبيدي‌,258,561943,12605675540,22730,21800,23000,270,1.19,22640,-90,-0.4,21800,23700,1400-7-26,2021-10-18
488,كپرور,فرآوري زغال سنگ پروده طبس,257,561408,18659401515,33557,33730,33640,83,0.25,33237,-320,-0.95,32050,34040,1400-7-26,2021-10-18
489,وكادو,تكادو,256,1194949,20759655015,17442,17540,17500,58,0.33,17373,-69,-0.4,17159,17850,1400-7-26,2021-10-18
490,دشيمي,شيمي‌ داروئي‌ داروپخش‌,254,469268,11521377300,24190,24250,24350,160,0.66,24450,260,1.07,24250,24940,1400-7-26,2021-10-18
491,فاما,صنعتي‌ آما,253,667998,11282892080,16680,17500,17460,780,4.68,16830,150,0.9,16490,17500,1400-7-26,2021-10-18
492,سقاين,سيمان‌ قائن‌,252,216499,11590610380,55250,55980,54000,-1250,-2.26,53870,-1380,-2.5,52510,55980,1400-7-26,2021-10-18
493,ولبهمن,شركت بهمن ليزينگ,251,2014600,12773794236,6511,6640,6460,-51,-0.78,6364,-147,-2.26,6187,6640,1400-7-26,2021-10-18
494,وبشهر,توسعه‌ صنايع‌ بهشهر(هلدينگ,251,2205945,29030457670,13160,13050,13300,140,1.06,13160,0,0,13030,13300,1400-7-26,2021-10-18
495,دسبحان,سبحان دارو,249,619065,9998808840,16740,16530,16200,-540,-3.23,16330,-410,-2.45,15910,16900,1400-7-26,2021-10-18
496,تنوين,تامين سرمايه نوين,248,2447018,13974361320,5690,5690,5800,110,1.93,5700,10,0.18,5520,5870,1400-7-26,2021-10-18
497,تيپيكو,سرمايه گذاري دارويي تامين,248,561554,11691761520,20980,20930,20830,-150,-0.71,20960,-20,-0.1,20600,21020,1400-7-26,2021-10-18
498,كفرآور,فرآورده هاي سيمان شرق,247,1042007,16045545517,14957,15400,15405,448,3,15399,442,2.96,15015,15405,1400-7-26,2021-10-18
499,بالاس,مهندسي ساختمان تاسيسات راه آهن,245,604294,21357110724,37193,35334,35334,-1859,-5,35342,-1851,-4.98,35334,36480,1400-7-26,2021-10-18
500,آ س پ,آ.س.پ,242,1306853,12661253313,10113,10110,9608,-505,-4.99,9737,-376,-3.72,9608,10110,1400-7-26,2021-10-18
501,دسبحا,گروه دارويي سبحان,242,861085,16506675700,19660,18700,20190,530,2.7,19330,-330,-1.68,18680,20190,1400-7-26,2021-10-18
502,لوتوس,تامين سرمايه لوتوس پارسيان,242,1681657,9332498450,5640,5600,5540,-100,-1.77,5610,-30,-0.53,5360,5640,1400-7-26,2021-10-18
503,شگل,گلتاش‌,240,1345301,9375636060,7250,7150,6980,-270,-3.72,7070,-180,-2.48,6900,7150,1400-7-26,2021-10-18
504,تسه9810,امتياز تسهيلات مسكن دي98,240,5440,3752206727,691122,693000,685275,-5847,-0.85,689744,-1378,-0.2,678722,699390,1400-7-26,2021-10-18
505,تسه9911,امتياز تسهيلات مسكن بهمن99,237,4221,2927657748,692287,657683,680000,-12287,-1.77,693593,1306,0.19,657683,710000,1400-7-26,2021-10-18
506,بموتو,موتوژن‌,236,206624,15133994810,73800,73800,74100,300,0.41,73380,-420,-0.57,71050,74240,1400-7-26,2021-10-18
507,درهآور,دارويي ره آورد تامين,235,244929,5839144708,23973,24500,24000,27,0.11,23921,-52,-0.22,23610,24500,1400-7-26,2021-10-18
508,وسين,بيمه سينا,235,2104336,7008952116,3318,3219,3390,72,2.17,3327,9,0.27,3219,3393,1400-7-26,2021-10-18
509,فن آوا,گروه فن آوا,234,1420367,30169442499,21237,21457,21874,637,3,21241,4,0.02,20600,21874,1400-7-26,2021-10-18
510,سجام,مجتمع سيمان غرب آسيا,233,4097468,13693738056,3445,3342,3342,-103,-2.99,3342,-103,-2.99,3342,3342,1400-7-26,2021-10-18
511,زماهان,مجتمع توليد گوشت مرغ ماهان,229,1374739,11169897009,8552,8126,8125,-427,-4.99,8202,-350,-4.09,8125,8128,1400-7-26,2021-10-18
512,قمرو,قند مرودشت‌,227,381665,10065024030,27480,26640,26150,-1330,-4.84,26690,-790,-2.87,26110,27650,1400-7-26,2021-10-18
513,وخاور,بانك خاورميانه,224,5157437,28197618800,5500,5320,5500,0,0,5480,-20,-0.36,5260,5590,1400-7-26,2021-10-18
514,جوين,كشت و صنعت جوين,223,2001164,5965754837,3060,2969,2969,-91,-2.97,3011,-49,-1.6,2969,3049,1400-7-26,2021-10-18
515,پرديس,سرمايه گذاري پرديس,223,6518147,34905120500,5280,5290,5270,-10,-0.19,5360,80,1.52,5130,5450,1400-7-26,2021-10-18
516,فبيرا,بسته‌ بندي‌ ايران‌,222,2836335,5423544363,1970,1920,1911,-59,-2.99,1938,-32,-1.62,1911,1963,1400-7-26,2021-10-18
517,كي بي سي,شركت كي بي سي,218,866491,15707378821,18945,18021,18320,-625,-3.3,18128,-817,-4.31,17998,18420,1400-7-26,2021-10-18
518,غمينو,شركت صنايع غذايي مينو شرق,218,1846566,11003686794,6272,5959,5959,-313,-4.99,6021,-251,-4,5959,5959,1400-7-26,2021-10-18
519,تسه9909,امتياز تسهيلات مسكن آذر99,217,3310,2299469407,698592,663683,733521,34929,5,694704,-3888,-0.56,663683,733521,1400-7-26,2021-10-18
520,وزمين,بانك ايران زمين,210,5027150,47772226804,9868,9474,9648,-220,-2.23,9503,-365,-3.7,9474,10049,1400-7-26,2021-10-18
521,آبين,كشت و صنعت آبشيرين,210,4503111,9810679937,2214,2214,2148,-66,-2.98,2181,-33,-1.49,2148,2250,1400-7-26,2021-10-18
522,كشرق,صنعتي و معدني شمال شرق شاهرود,210,217960,17217551161,79026,75929,78000,-1026,-1.3,78994,-32,-0.04,75929,80000,1400-7-26,2021-10-18
523,داسوه,داروسازي‌ اسوه‌,209,321348,7483565410,24020,23000,23130,-890,-3.71,23640,-380,-1.58,22880,24010,1400-7-26,2021-10-18
524,ثتوسا,س.توسعه و عمران استان اردبيل,209,497481,10779393837,22320,21651,22179,-141,-0.63,21668,-652,-2.92,21651,22187,1400-7-26,2021-10-18
525,تسه9910,امتياز تسهيلات مسكن دي99,208,4148,2870354782,688818,660000,680000,-8818,-1.28,691985,3167,0.46,660000,700000,1400-7-26,2021-10-18
526,زپارس,ملي كشت و صنعت و دامپروري پارس,208,119931,11294446740,94340,92920,94380,40,0.04,94210,-130,-0.14,91550,94870,1400-7-26,2021-10-18
527,سبجنو,سيمان‌ بجنورد,207,329390,11817713320,36600,36040,36180,-420,-1.15,36020,-580,-1.58,35310,37090,1400-7-26,2021-10-18
528,وساشرقي,شركت س استان آذربايجان شرقي,206,9571667,4517826824,496,472,472,-24,-4.84,493,-3,-0.6,472,472,1400-7-26,2021-10-18
529,وبهمن,سرمايه‌گذاري‌بهمن‌,206,652297,10789028090,16670,16580,16400,-270,-1.62,16590,-80,-0.48,15880,17150,1400-7-26,2021-10-18
530,كمينا,شيشه سازي مينا,204,1084243,11673775712,11079,10800,10747,-332,-3,10767,-312,-2.82,10747,11300,1400-7-26,2021-10-18
531,كخاك,صنايع‌خاك‌چيني‌ايران‌,199,263211,7172672360,27420,27490,27660,240,0.88,27350,-70,-0.26,26750,28000,1400-7-26,2021-10-18
532,ضسپا8043,اختيارخ خساپا-2000-1400/08/26,198,11993,195774000,16,14,13,-3,-18.75,16,0,0,12,24,1400-7-26,2021-10-18
533,قشهد,شهد,198,608881,8555848780,14370,13690,14170,-200,-1.39,14180,-190,-1.32,13690,14570,1400-7-26,2021-10-18
534,ما,بيمه  ما,197,1141095,7460173690,6850,6530,6530,-320,-4.67,6690,-160,-2.34,6510,6750,1400-7-26,2021-10-18
535,تسه9902,امتياز تسهيلات مسكن ارديبهشت99,197,2994,2063422913,687125,660000,703998,16873,2.46,689186,2061,0.3,660000,704999,1400-7-26,2021-10-18
536,غشهد,شهد ايران ‌,197,1846710,8465294771,4820,4690,4579,-241,-5,4678,-142,-2.95,4579,4690,1400-7-26,2021-10-18
537,فيروزه,صندوق شاخص30 شركت فيروزه- سهام,196,205737,36152566880,176310,175530,178460,2150,1.22,175720,-590,-0.33,174030,178460,1400-7-26,2021-10-18
538,كيسون,شركت كيسون,194,1037592,8380362792,8312,8185,8063,-249,-3,8191,-121,-1.46,8063,8190,1400-7-26,2021-10-18
539,بسويچ,پارس‌سويچ‌,194,486423,8958605830,19360,19350,18400,-960,-4.96,18790,-570,-2.94,18400,19350,1400-7-26,2021-10-18
540,وتوسم,سرمايه‌گذاري‌توسعه‌ملي‌,194,1090266,8429615990,7820,7750,7790,-30,-0.38,7770,-50,-0.64,7520,7790,1400-7-26,2021-10-18
541,كطبس,ذغال‌سنگ‌ نگين‌ ط‌بس‌,194,123407,7099088560,58030,56400,56940,-1090,-1.88,57800,-230,-0.4,56300,58990,1400-7-26,2021-10-18
542,تكنار,مجتمع معادن مس تكنار,193,151984,9226605355,61928,60180,63250,1322,2.13,60716,-1212,-1.96,60071,63469,1400-7-26,2021-10-18
543,گوهران,سرمايه گذاري توسعه گوهران اميد,193,1371159,6773205460,4955,4988,4949,-6,-0.12,4948,-7,-0.14,4871,4999,1400-7-26,2021-10-18
544,ماني,صندوق س. با درآمد ثابت ماني,193,2641350,27286900793,10326,10331,10330,4,0.04,10331,5,0.05,10330,10332,1400-7-26,2021-10-18
545,ساراب,سيمان‌ داراب‌,192,1046195,17571293010,17100,16270,16850,-250,-1.46,16800,-300,-1.75,16270,17170,1400-7-26,2021-10-18
546,سپر,صندوق س سپر سرمايه بيدار- ثابت,189,3268142,42364803650,12951,12958,12957,6,0.05,12963,12,0.09,12952,12970,1400-7-26,2021-10-18
547,مداران,داده‌پردازي‌ايران‌,189,279530,4017783900,14740,14230,14300,-440,-2.99,14640,-100,-0.68,14050,14780,1400-7-26,2021-10-18
548,حآسا,آسيا سير ارس,187,698538,10586130681,15950,15153,15153,-797,-5,15320,-630,-3.95,15153,15680,1400-7-26,2021-10-18
549,حسينا,توسعه خدمات دريايي وبندري سينا,187,243257,12176294250,49170,49260,50560,1390,2.83,49873,703,1.43,49260,50949,1400-7-26,2021-10-18
550,وايران,ليزينگ ايرانيان,184,4002032,19681993376,4684,4918,4918,234,5,4918,234,5,4918,4918,1400-7-26,2021-10-18
551,ختور,رادياتور ايران‌,184,479874,8978442540,19690,18710,18710,-980,-4.98,19060,-630,-3.2,18710,18710,1400-7-26,2021-10-18
552,وتوشه,سرمايه‌ گذاري‌ پارس‌ توشه‌,184,1164199,7148751080,6280,6170,6180,-100,-1.59,6210,-70,-1.11,6020,6300,1400-7-26,2021-10-18
553,دكيمي,كيميدارو,181,216441,4294735390,20790,19790,20000,-790,-3.8,20500,-290,-1.39,19760,20350,1400-7-26,2021-10-18
554,دابور,داروسازي‌ ابوريحان‌,179,220923,5620054240,25990,24730,26150,160,0.62,25780,-210,-0.81,24730,26150,1400-7-26,2021-10-18
555,خموتور,موتورسازان‌تراكتورسازي‌ايران‌,177,822825,11687773020,14940,14200,14200,-740,-4.95,14340,-600,-4.02,14200,14870,1400-7-26,2021-10-18
556,سپ,پرداخت الكترونيك سامان كيش,177,213941,6551056350,32060,30460,30500,-1560,-4.87,31910,-150,-0.47,30460,31440,1400-7-26,2021-10-18
557,لبوتان,گروه‌صنعتي‌بوتان‌,175,121224,5857375160,49580,48010,49000,-580,-1.17,49070,-510,-1.03,47110,49290,1400-7-26,2021-10-18
558,درازك,دارويي‌ رازك‌,175,180613,6976734160,39340,37400,39650,310,0.79,39020,-320,-0.81,37400,39850,1400-7-26,2021-10-18
559,مفاخر,توسعه فناوري اطلاعات خوارزمي,174,280581,9189331417,34456,33000,32734,-1722,-5,33297,-1159,-3.36,32734,33000,1400-7-26,2021-10-18
560,زگلدشت,كشت و دام گلدشت نمونه اصفهان,172,636391,6018399171,9782,9670,9535,-247,-2.53,9651,-131,-1.34,9300,9800,1400-7-26,2021-10-18
561,حخزر,كشتيراني درياي خزر,171,458921,8450786800,19356,18800,18470,-886,-4.58,18816,-540,-2.79,18389,18800,1400-7-26,2021-10-18
562,وحافظح,ح . بيمه حافظ,171,1515076,5889046601,3990,3872,3900,-90,-2.26,3887,-103,-2.58,3871,4000,1400-7-26,2021-10-18
563,سهگمت,سيمان‌هگمتان‌,167,1106004,25029763350,22640,21900,22500,-140,-0.62,22630,-10,-0.04,21900,22800,1400-7-26,2021-10-18
564,شكبير,پتروشيمي اميركبير,166,218674,21456128033,98563,95631,98100,-463,-0.47,98469,-94,-0.1,95631,100979,1400-7-26,2021-10-18
565,دفارا,داروسازي‌ فارابي‌,165,284268,4478475500,16370,15570,15880,-490,-2.99,16180,-190,-1.16,15570,16250,1400-7-26,2021-10-18
566,خديزل,بهمن  ديزل,164,119107,6250482255,53225,50564,52000,-1225,-2.3,53003,-222,-0.42,50564,53500,1400-7-26,2021-10-18
567,پكرمان,گروه‌ صنعتي‌ بارز,164,329410,7261689040,22280,21530,22680,400,1.8,22200,-80,-0.36,21530,23000,1400-7-26,2021-10-18
568,قزوين,كارخانجات‌ قند قزوين‌,163,162583,4831354210,31070,30110,29530,-1540,-4.96,30620,-450,-1.45,29520,30970,1400-7-26,2021-10-18
569,كپشير,پشم‌شيشه‌ايران‌,162,1051240,15558352000,14100,14800,14800,700,4.96,14790,690,4.89,14800,14800,1400-7-26,2021-10-18
570,واعتبار,سرمايه گذاري اعتبار ايران,162,655981,4437409800,6910,6650,6720,-190,-2.75,6870,-40,-0.58,6650,6990,1400-7-26,2021-10-18
571,غبهار,كشت وصنعت بهاران گلبهار خراسان,161,542260,7252719683,13787,13374,13400,-387,-2.81,13472,-315,-2.28,13374,13500,1400-7-26,2021-10-18
572,ساربيل,سيمان آرتا اردبيل,158,165225,5560020010,35420,33650,33650,-1770,-5,34710,-710,-2,33650,33690,1400-7-26,2021-10-18
573,سيدكو,سرمايه گذاري توسعه صنايع سيمان,158,1328169,8323287180,6280,6230,6310,30,0.48,6270,-10,-0.16,6120,6350,1400-7-26,2021-10-18
574,فافق,صنايع مس افق كرمان,157,1841130,8598815833,4757,4720,4615,-142,-2.99,4682,-75,-1.58,4615,4796,1400-7-26,2021-10-18
575,رتكو,كنترل‌خوردگي‌تكين‌كو,157,549533,5713427280,10680,11130,10540,-140,-1.31,10570,-110,-1.03,10210,11130,1400-7-26,2021-10-18
576,تسه9907,امتياز تسهيلات مسكن مهر99,156,2599,1792223452,689991,680010,665000,-24991,-3.62,689582,-409,-0.06,665000,703700,1400-7-26,2021-10-18
577,خكمك,كمك‌فنرايندامين‌,155,977670,18028234800,17570,18440,18440,870,4.95,18440,870,4.95,18440,18440,1400-7-26,2021-10-18
578,تسه9904,امتياز تسهيلات مسكن تير99,155,1482,1017932157,688978,680000,699000,10022,1.45,686864,-2114,-0.31,666666,699990,1400-7-26,2021-10-18
579,وبازار,صندوق س شاخصي بازارآشنا,155,523274,6491235100,12210,12470,12510,300,2.46,12410,200,1.64,12200,12590,1400-7-26,2021-10-18
580,نهال,صندوق س. طلاي سرخ نوويرا,153,798799,8862474826,10884,10999,11140,256,2.35,11095,211,1.94,10711,11200,1400-7-26,2021-10-18
581,ضشنا8004,اختيارخ شپنا-10800-1400/08/16,152,1024,1361262000,1592,1221,1650,58,3.64,1329,-263,-16.52,1150,1650,1400-7-26,2021-10-18
582,سپيدما,صندوق س. سپيد دماوند-د,145,4833260,54307686227,11231,11237,11237,6,0.05,11236,5,0.04,11236,11237,1400-7-26,2021-10-18
583,خفنر,فنرسازي‌خاور,145,1102631,7548577870,7180,6830,6830,-350,-4.87,6990,-190,-2.65,6830,7050,1400-7-26,2021-10-18
584,گنگين,اقتصادي نگين گردشگري ايرانيان,145,2602578,63648647568,23744,24456,24456,712,3,24456,712,3,24456,24456,1400-7-26,2021-10-18
585,ضخود1054,اختيارخ خودرو-3000-1400/10/08,144,6538,125856000,21,19,19,-2,-9.52,19,-2,-9.52,17,21,1400-7-26,2021-10-18
586,اخزا006,اسنادخزانه-م6بودجه00-030723,141,271652,141454495288,522721,523999,521799,-922,-0.18,520719,-2002,-0.38,515001,523999,1400-7-26,2021-10-18
587,غپونه,نوش پونه مشهد,137,986873,11802211826,12324,12500,12070,-254,-2.06,11959,-365,-2.96,11955,12500,1400-7-26,2021-10-18
588,كيان2,صندوق س. با درآمد ثابت كيان,135,13500000,13500000,31077,1,1,-31076,-100,1,-31076,-100,1,1,1400-7-26,2021-10-18
589,ويستا,صندوق س. ويستا -س,133,478568,4785680000,10000,10000,10000,0,0,10000,0,0,10000,10000,1400-7-26,2021-10-18
590,دپارس,پارس‌ دارو,133,146676,4493354470,31550,30100,30470,-1080,-3.42,31270,-280,-0.89,30100,31600,1400-7-26,2021-10-18
591,اخزا004,اسنادخزانه-م4بودجه00-030522,132,137441,74366180159,542584,544870,540001,-2583,-0.48,541077,-1507,-0.28,533009,544870,1400-7-26,2021-10-18
592,سمتاز,سيمان ممتازان كرمان,131,510517,8689050247,17522,17490,16997,-525,-3,17066,-456,-2.6,16997,17490,1400-7-26,2021-10-18
593,كمرجان,بازرگاني و توليدي مرجان كار,131,115305,8719364100,79600,75620,75620,-3980,-5,76985,-2615,-3.29,75620,75620,1400-7-26,2021-10-18
594,بالبر,كابل‌ البرز,130,290991,8849036310,28970,30410,30410,1440,4.97,29800,830,2.87,30410,30410,1400-7-26,2021-10-18
595,تسه9903,امتياز تسهيلات مسكن خرداد99,130,1681,1164463331,689391,660000,700000,10609,1.54,692721,3330,0.48,660000,700000,1400-7-26,2021-10-18
596,ومشان,س. فني و مهندسي مشانير,127,67733,4144186888,63066,62613,61175,-1891,-3,61791,-1275,-2.02,61175,62613,1400-7-26,2021-10-18
597,دالبر,البرزدارو,126,375145,5283172960,14390,14040,14220,-170,-1.18,14300,-90,-0.63,13680,14460,1400-7-26,2021-10-18
598,دارا,صندوق س. دارا الگوريتم-د,123,1139283,11448543624,10050,10050,10051,1,0.01,10049,-1,-0.01,10046,10053,1400-7-26,2021-10-18
599,كترام,توليدي‌ كاشي‌ تكسرام‌,123,324333,6895319580,22370,21260,21260,-1110,-4.96,21790,-580,-2.59,21260,21260,1400-7-26,2021-10-18
600,سفانو,سيمان فارس نو,123,190392,4363743210,23500,22400,23100,-400,-1.7,23330,-170,-0.72,22330,23790,1400-7-26,2021-10-18
601,تسه9906,امتياز تسهيلات مسكن شهريور99,123,1477,1015415801,689149,686000,690000,851,0.12,687485,-1664,-0.24,665000,700000,1400-7-26,2021-10-18
602,ضملت8042,اختيارخ وبملت-3934-1400/08/19,123,3632,178611000,71,40,50,-21,-29.58,49,-22,-30.99,42,50,1400-7-26,2021-10-18
603,فالوم,آلومتك‌,122,563969,15436778066,28214,27368,27368,-846,-3,27372,-842,-2.98,27368,28060,1400-7-26,2021-10-18
604,قپيرا,فرآورده‌هاي‌غدايي‌وقندپيرانشهر,122,568016,4894218640,8550,8500,8650,100,1.17,8570,20,0.23,8500,8800,1400-7-26,2021-10-18
605,پارتا,مجتمع‌صنعتي‌آرتاويل‌تاير,121,362366,9569726750,26642,26790,26598,-44,-0.17,26546,-96,-0.36,26020,26790,1400-7-26,2021-10-18
606,اتكام,بيمه اتكايي امين,120,1086923,3746167593,3565,3400,3511,-54,-1.51,3534,-31,-0.87,3387,3511,1400-7-26,2021-10-18
607,اخزا910,اسنادخزانه-م10بودجه99-020807,119,424245,276089108175,650794,650549,650999,205,0.03,650777,-17,0,650539,651000,1400-7-26,2021-10-18
608,اخزا903,اسنادخزانه-م3بودجه99-011110,119,314330,241576938475,768071,769880,769400,1329,0.17,768546,475,0.06,762201,769901,1400-7-26,2021-10-18
609,عيار,صندوق سكه طلاي مفيد,118,61413,1792553982,29390,29600,29143,-247,-0.84,29189,-201,-0.68,29050,29600,1400-7-26,2021-10-18
610,اخزا902,اسنادخزانه-م2بودجه99-011019,117,199861,155594263806,776923,769728,778800,1877,0.24,778512,1589,0.2,769728,779300,1400-7-26,2021-10-18
611,بساما,بيمه سامان,116,243551,5499350101,23134,22210,22510,-624,-2.7,22970,-164,-0.71,22210,22950,1400-7-26,2021-10-18
612,تسه9808,امتياز تسهيلات مسكن آبان98,116,2315,1583330083,685185,694968,674000,-11185,-1.63,683944,-1241,-0.18,652000,699634,1400-7-26,2021-10-18
613,قجامح,ح.فرآورده غذايي وقندتربت‌جام,115,13077379,53335990422,4026,4267,4054,28,0.7,4078,52,1.29,4054,4267,1400-7-26,2021-10-18
614,خاتم,صندوق س خاتم ايساتيس پويا-ثابت,113,1526278,18548291680,12145,12152,12155,10,0.08,12153,8,0.07,12151,12155,1400-7-26,2021-10-18
615,تشتاد,صنايع توليدي اشتاد ايران‌,113,671155,3761489111,5753,5592,5729,-24,-0.42,5695,-58,-1.01,5581,5759,1400-7-26,2021-10-18
616,اتكامح,ح . بيمه اتكايي امين,111,1023365,2054337130,2104,2051,2025,-79,-3.75,2007,-97,-4.61,1950,2079,1400-7-26,2021-10-18
617,سرود,سيمان‌شاهرود,111,169336,4097847820,23800,24000,24400,600,2.52,23900,100,0.42,23900,24490,1400-7-26,2021-10-18
618,تكشا,گسترش‌صنايع‌وخدمات‌كشاورزي‌,108,415653,16746659370,42410,40290,40290,-2120,-5,40290,-2120,-5,40290,40290,1400-7-26,2021-10-18
619,شفا,سرمايه گذاري شفادارو,106,154800,5474189310,35960,36190,35900,-60,-0.17,35760,-200,-0.56,34510,36470,1400-7-26,2021-10-18
620,دحاوي,الحاوي,105,1206393,6415611074,5482,5318,5318,-164,-2.99,5374,-108,-1.97,5318,5320,1400-7-26,2021-10-18
621,تسه9809,امتياز تسهيلات مسكن آذر98,105,1881,1292221909,687468,680000,680000,-7468,-1.09,686987,-481,-0.07,673200,697378,1400-7-26,2021-10-18
622,شاملا,معدني‌ املاح‌  ايران‌,104,140837,4354951660,31820,30600,31350,-470,-1.48,31560,-260,-0.82,30580,31770,1400-7-26,2021-10-18
623,وپخش,داروپخش‌ (هلدينگ‌,104,800106,24028652480,31050,30250,30190,-860,-2.77,30480,-570,-1.84,29830,30680,1400-7-26,2021-10-18
624,تسه9901,امتياز تسهيلات مسكن فروردين99,103,1140,792281129,706382,720000,688000,-18382,-2.6,694983,-11399,-1.61,680000,741701,1400-7-26,2021-10-18
625,اوان,مبين وان كيش,103,180765,4188617653,24376,24061,23158,-1218,-5,24016,-360,-1.48,23158,24061,1400-7-26,2021-10-18
626,غصينو,صنعتي مينو,101,392214,5979694644,16048,15246,15246,-802,-5,15969,-79,-0.49,15246,15246,1400-7-26,2021-10-18
627,آساس,صندوق س.آسمان آرماني سهام-س,101,23616,4057920309,172766,170785,172850,84,0.05,171829,-937,-0.54,170300,173000,1400-7-26,2021-10-18
628,زرين,صندوق س. سهام زرين كوروش-س,101,292584,3952900565,13460,13450,13655,195,1.45,13510,50,0.37,13009,13718,1400-7-26,2021-10-18
629,وگستر,گسترش سرمايه گذاري ايرانيان,99,833440,8146042560,10288,9774,9774,-514,-5,9994,-294,-2.86,9774,9774,1400-7-26,2021-10-18
630,تسه9811,امتياز تسهيلات مسكن بهمن98,98,1151,794993196,694755,682022,690000,-4755,-0.68,690698,-4057,-0.58,682022,717999,1400-7-26,2021-10-18
631,سكارون,سيمان كارون,98,216356,12643434985,60221,58416,58415,-1806,-3,58438,-1783,-2.96,58415,59500,1400-7-26,2021-10-18
632,سفاسي,شركت فارسيت اهواز,98,664173,2751311942,4266,4140,4139,-127,-2.98,4229,-37,-0.87,4139,4225,1400-7-26,2021-10-18
633,تسه9905,امتياز تسهيلات مسكن مرداد99,96,929,644907645,689964,655500,672111,-17853,-2.59,694195,4231,0.61,655500,700001,1400-7-26,2021-10-18
634,وآرين,شركت توسعه اقتصادي آرين,95,1548150,3748296250,2495,2421,2421,-74,-2.97,2465,-30,-1.2,2421,2423,1400-7-26,2021-10-18
635,ضسپا8044,اختيارخ خساپا-2500-1400/08/26,95,3732,11223000,5,6,4,-1,-20,3,-2,-40,2,6,1400-7-26,2021-10-18
636,تسه9812,امتياز تسهيلات مسكن اسفند98,94,949,653332632,693071,670111,688000,-5071,-0.73,688443,-4628,-0.67,670111,699998,1400-7-26,2021-10-18
637,غپآذر,شير پگاه آذربايجان شرقي,94,596259,24975500733,39893,41887,41887,1994,5,41887,1994,5,41887,41887,1400-7-26,2021-10-18
638,وايرا,سرمايه گذاري صنايع ايران,93,1113548,6622467829,6127,5950,5944,-183,-2.99,6001,-126,-2.06,5944,5990,1400-7-26,2021-10-18
639,زكشت,كشاورزي مكانيزه اصفهان كشت,91,281052,5334621960,19978,19020,18980,-998,-5,19586,-392,-1.96,18980,19020,1400-7-26,2021-10-18
640,خصدرا,صنعتي‌ دريايي‌ ايران‌,90,1067125,3164025625,3056,2965,2965,-91,-2.98,3047,-9,-0.29,2965,2965,1400-7-26,2021-10-18
641,ضملت8043,اختيارخ وبملت-4434-1400/08/19,89,5456,119165000,18,17,30,12,66.67,22,4,22.22,16,30,1400-7-26,2021-10-18
642,ارمغان,ص سرمايه گذاري ارمغان ايرانيان,89,1453007,14605277439,10047,10052,10050,3,0.03,10052,5,0.05,10050,10055,1400-7-26,2021-10-18
643,واحصا,احياء صنايع خراسان,86,199392,10920699840,53175,54770,54770,1595,3,54739,1564,2.94,54770,54770,1400-7-26,2021-10-18
644,تمحركه,ماشين سازي نيرو محركه,85,181431,3535001604,18917,19484,19484,567,3,19098,181,0.96,19484,19484,1400-7-26,2021-10-18
645,ثرود,سرمايه‌گذاري مسكن زاينده رود,83,438968,3650018920,8752,8315,8315,-437,-4.99,8631,-121,-1.38,8315,8315,1400-7-26,2021-10-18
646,دفرا,فرآورده‌هاي‌ تزريقي‌ ايران‌,82,116918,3342843150,29300,27870,29200,-100,-0.34,29140,-160,-0.55,27870,29480,1400-7-26,2021-10-18
647,گوهر,صندوق سكه طلاي كيان,81,72570,4153773144,57675,57700,57262,-413,-0.72,57238,-437,-0.76,57200,57700,1400-7-26,2021-10-18
648,وتعاون,بيمه  تعاون,81,2316762,4529269710,2015,1955,1955,-60,-2.98,1985,-30,-1.49,1955,1955,1400-7-26,2021-10-18
649,سنوين,سرمايه گذاري اقتصاد نوين,78,390779,2926877272,7719,7488,7488,-231,-2.99,7648,-71,-0.92,7488,7690,1400-7-26,2021-10-18
650,صايند,صندوق س. گنجينه آينده روشن-د,77,423530,4276546560,10069,10074,10100,31,0.31,10097,28,0.28,10074,10116,1400-7-26,2021-10-18
651,اخزا901,اسنادخزانه-م1بودجه99-010621,76,134301,111387287422,830975,826706,829479,-1496,-0.18,829385,-1590,-0.19,826706,831000,1400-7-26,2021-10-18
652,اخزا005,اسنادخزانه-م5بودجه00-030626,76,313145,165695590478,529452,521112,529500,48,0.01,529134,-318,-0.06,521112,529969,1400-7-26,2021-10-18
653,اخزا003,اسنادخزانه-م3بودجه00-030418,75,150817,83158264636,552941,555000,550000,-2941,-0.53,551385,-1556,-0.28,545001,555000,1400-7-26,2021-10-18
654,ضسپا8039,اختيارخ خساپا-1200-1400/08/26,74,6125,2872910000,475,460,499,24,5.05,469,-6,-1.26,450,500,1400-7-26,2021-10-18
655,حبندر,دريايي و کشتيراني خط دريابندر,74,378490,12618099620,32367,33338,33338,971,3,33338,971,3,33338,33338,1400-7-26,2021-10-18
656,تكنو,تكنوتار,73,396792,3920304960,10390,9880,9880,-510,-4.91,10250,-140,-1.35,9880,9880,1400-7-26,2021-10-18
657,دسينا,داروسازي‌ سينا,71,116823,2201221860,19420,19350,18710,-710,-3.66,19330,-90,-0.46,18600,19350,1400-7-26,2021-10-18
658,سلار,شركت سيمان لارستان,71,118812,3690300720,30156,31060,31060,904,3,30480,324,1.07,31060,31060,1400-7-26,2021-10-18
659,اوصتا,صندوق انديشه ورزان صباتامين -د,70,4275813,86367462664,20189,20199,20196,7,0.03,20199,10,0.05,20196,20200,1400-7-26,2021-10-18
660,سحرخيز,صندوق س. گروه زعفران سحرخيز,70,140494,1478076260,10447,10470,10525,78,0.75,10521,74,0.71,10320,10708,1400-7-26,2021-10-18
661,وامين,س. امين توان آفرين ساز,69,217560,2795353231,12837,12860,12850,13,0.1,12838,1,0.01,12837,12990,1400-7-26,2021-10-18
662,اخزا002,اسنادخزانه-م2بودجه00-031024,67,55337,27450729926,497115,496012,499449,2334,0.47,496065,-1050,-0.21,496005,499449,1400-7-26,2021-10-18
663,فكمند,گسترش قطعه سازي كمند,66,388009,13451884021,33660,34669,34669,1009,3,34669,1009,3,34669,34669,1400-7-26,2021-10-18
664,زر,صندوق س.پشتوانه سكه طلاي زر,64,27546,1368236117,49918,49810,49810,-108,-0.22,49671,-247,-0.49,49316,49830,1400-7-26,2021-10-18
665,فيروزا,صندوق بادرآمد ثابت فيروزه آسيا,64,262475,6617391053,25209,25200,25223,14,0.06,25212,3,0.01,25110,25230,1400-7-26,2021-10-18
666,شستان,پتروشيمي گلستان,64,1072886,3870495364,3539,3596,3609,70,1.98,3591,52,1.47,3596,3609,1400-7-26,2021-10-18
667,اخزا008,اسنادخزانه-م8بودجه00-030919,64,167511,84351757835,506042,507000,503890,-2152,-0.43,503559,-2483,-0.49,500003,507000,1400-7-26,2021-10-18
668,لخانه,لوازم‌ خانگي‌ پارس‌,63,225366,4262142830,19496,18912,18912,-584,-3,19234,-262,-1.34,18912,19000,1400-7-26,2021-10-18
669,وثوق,سرمايه گذاري وثوق امين,61,145932,1807951548,12772,12389,12389,-383,-3,12699,-73,-0.57,12389,12389,1400-7-26,2021-10-18
670,اخزا001,اسنادخزانه-م1بودجه00-030821,61,104794,53742463730,513897,516900,511989,-1908,-0.37,512839,-1058,-0.21,508503,516900,1400-7-26,2021-10-18
671,سشمال,سيمان‌ شمال‌,61,324140,2725656660,8470,8340,8430,-40,-0.47,8460,-10,-0.12,8340,8580,1400-7-26,2021-10-18
672,افق ملت,صندوق س در سهام افق ملت,60,9600,1423223090,148070,149000,149000,930,0.63,148250,180,0.12,147000,149000,1400-7-26,2021-10-18
673,ساروج,بين المللي ساروج بوشهر,59,199018,3341585887,16709,16501,16709,0,0,16736,27,0.16,16501,17043,1400-7-26,2021-10-18
674,ثاصفا,شركت‌ ساختمان‌ اصفهان‌,58,282844,3688851448,13728,13042,13042,-686,-5,13446,-282,-2.05,13042,13042,1400-7-26,2021-10-18
675,ضخود1051,اختيارخ خودرو-1800-1400/10/08,57,1983,427178000,243,238,229,-14,-5.76,215,-28,-11.52,205,269,1400-7-26,2021-10-18
676,دزهراويح,ح . ‌داروسازي‌زهراوي‌,57,1164347,4625295650,4012,4000,3950,-62,-1.55,3972,-40,-1,3950,4000,1400-7-26,2021-10-18
677,ضپاس7030,اختيارخ وپارس-3000-1400/07/28,56,2702,2702000,1,1,1,0,0,1,0,0,1,1,1400-7-26,2021-10-18
678,اخزا914,اسنادخزانه-م14بودجه99-021025,55,239788,148622616571,619973,619594,617961,-2012,-0.32,619808,-165,-0.03,616000,622000,1400-7-26,2021-10-18
679,سكه0012پ04,تمام سكه طرح جديد0012صادرات,49,10600,12146501000,1156046,1150999,1145000,-11046,-0.96,1145896,-10150,-0.88,1143000,1150999,1400-7-26,2021-10-18
680,تابا,تابان نيرو سپاهان,49,73714,2235082194,31258,30321,30321,-937,-3,31025,-233,-0.75,30321,30321,1400-7-26,2021-10-18
681,سايرا,ايرانيت‌,46,820997,29392513597,36531,35801,35801,-730,-2,35801,-730,-2,35801,35801,1400-7-26,2021-10-18
682,ولانا,شركت ليزينگ آريا دانا,46,172086,2947144836,17655,17126,17126,-529,-3,17473,-182,-1.03,17126,17126,1400-7-26,2021-10-18
683,ضشنا8006,اختيارخ شپنا-14800-1400/08/16,46,831,169108000,148,224,270,122,82.43,203,55,37.16,103,270,1400-7-26,2021-10-18
684,ضپاس7029,اختيارخ وپارس-2500-1400/07/28,46,1659,5269000,15,5,1,-14,-93.33,3,-12,-80,1,10,1400-7-26,2021-10-18
685,آتيمس,صندوق س.آرمان آتيه درخشان مس-س,45,8825,1659420017,188989,189359,189333,344,0.18,188036,-953,-0.5,186500,190000,1400-7-26,2021-10-18
686,ولتجار,واسپاري تجارت وسرمايه ايرانيان,45,1207089,4099863740,3497,3590,3393,-104,-2.97,3453,-44,-1.26,3393,3590,1400-7-26,2021-10-18
687,نيرو,نيرو سرمايه,43,172077,7228266462,43305,42006,42006,-1299,-3,42332,-973,-2.25,42006,42006,1400-7-26,2021-10-18
688,فراز,صندوق س.سهام فراز داريك-س,43,212648,3008823732,14149,14149,14150,1,0.01,14149,0,0,14149,14160,1400-7-26,2021-10-18
689,صنوين,صندوق سرمايه‌گذاري صنوين-مختلط,43,7723,770361860,99740,99610,99750,10,0.01,99750,10,0.01,99600,100140,1400-7-26,2021-10-18
690,اخزا009,اسناد خزانه-م9بودجه00-031101,43,10000,4900000000,1000000,490000,490000,-510000,-51,490000,-510000,-51,490000,490000,1400-7-26,2021-10-18
691,اخزا911,اسنادخزانه-م11بودجه99-020906,41,149922,95506244526,637214,637540,636200,-1014,-0.16,637040,-174,-0.03,635000,640000,1400-7-26,2021-10-18
692,وآفري,بيمه كارآفرين,41,612037,2108461681,3451,3350,3484,33,0.96,3450,-1,-0.03,3350,3485,1400-7-26,2021-10-18
693,كصدف,كاشي صدف سرام استقلال آباده,41,61713,1333744296,22274,22500,21606,-668,-3,22177,-97,-0.44,21606,22500,1400-7-26,2021-10-18
694,الماس,صندوق س.امين تدبيرگران فردا-س,41,6065,686682960,115468,112010,114500,-968,-0.84,113221,-2247,-1.95,111750,114990,1400-7-26,2021-10-18
695,ضملت8041,اختيارخ وبملت-3434-1400/08/19,39,712,149910000,210,220,239,29,13.81,211,1,0.48,185,239,1400-7-26,2021-10-18
696,فردا,صندوق س آواي فرداي زاگرس-ثابت,38,478643,5567652225,11626,11632,11632,6,0.05,11632,6,0.05,11632,11633,1400-7-26,2021-10-18
697,اخزا007,اسنادخزانه-م7بودجه00-030912,37,149044,75476060787,506976,507000,505500,-1476,-0.29,506401,-575,-0.11,504113,508436,1400-7-26,2021-10-18
698,قچار,فراوردههاي غذايي وقند چهارمحال,37,112655,1161923670,10856,10314,10314,-542,-4.99,10809,-47,-0.43,10314,10314,1400-7-26,2021-10-18
699,اخزا905,اسنادخزانه-م5بودجه99-020218,36,276709,201362430074,727781,728500,729000,1219,0.17,727705,-76,-0.01,725000,729000,1400-7-26,2021-10-18
700,آرمان,بيمه آرمان,35,71597,452444584,6513,6318,6318,-195,-2.99,6504,-9,-0.14,6318,6330,1400-7-26,2021-10-18
701,اخزا815,اسنادخزانه-م15بودجه98-010406,33,143055,124258856830,867207,860000,868407,1200,0.14,868609,1402,0.16,860000,874000,1400-7-26,2021-10-18
702,اخزا909,اسنادخزانه-م9بودجه99-020316,33,249058,177372663513,712837,710555,707111,-5726,-0.8,712174,-663,-0.09,707111,715000,1400-7-26,2021-10-18
703,اخزا821,اسنادخزانه-م21بودجه98-020906,33,208993,133557941170,636644,641895,637250,606,0.1,639055,2411,0.38,636490,650000,1400-7-26,2021-10-18
704,لپيام,گسترش صنايع پيام,33,94156,3794486800,41546,40300,40300,-1246,-3,41021,-525,-1.26,40300,40300,1400-7-26,2021-10-18
705,ثزاگرس,سرمايه گذاري توسعه عمران زاگرس,32,304959,12477397485,43068,40915,40915,-2153,-5,40915,-2153,-5,40915,40915,1400-7-26,2021-10-18
706,زعف0008پ16,زعفران0008نگين بيرجند(پ),31,54754,8685970500,158808,159000,158000,-808,-0.51,158636,-172,-0.11,158000,160000,1400-7-26,2021-10-18
707,وتعاونح,ح . بيمه  تعاون,30,1582348,958902888,624,606,606,-18,-2.88,606,-18,-2.88,606,606,1400-7-26,2021-10-18
708,ضفلا1164,اختيارخ فولاد-12000-1400/11/24,30,1254,1237701000,1100,1000,1000,-100,-9.09,987,-113,-10.27,900,1100,1400-7-26,2021-10-18
709,ضپاس1011,اختيارخ وپارس-2000-1400/10/22,30,1993,1113315000,554,600,560,6,1.08,559,5,0.9,550,600,1400-7-26,2021-10-18
710,ضملي1161,اختيارخ فملي-7000-1400/11/03,29,183,323090000,1608,1650,1770,162,10.07,1766,158,9.83,1650,1850,1400-7-26,2021-10-18
711,دشيري,شيرين دارو,29,4979,776201205,160716,155895,155895,-4821,-3,160323,-393,-0.24,155895,155895,1400-7-26,2021-10-18
712,ضفلا1163,اختيارخ فولاد-10000-1400/11/24,29,659,1341023000,2008,1950,2010,2,0.1,2035,27,1.34,1900,2150,1400-7-26,2021-10-18
713,شصفها,پتروشيمي‌ اصفهان‌,29,28632,3913364496,139467,136678,136678,-2789,-2,138802,-665,-0.48,136678,136678,1400-7-26,2021-10-18
714,اراد50,مرابحه عام دولت5-ش.خ0302,29,340800,340800044500,1000000,1000000,1000000,0,0,1000000,0,0,1000000,1000001,1400-7-26,2021-10-18
715,امين يكم4,صندوق درآمد ثابت امين يكم فردا,27,790000000,8003490000000,10127,10131,10131,4,0.04,10131,4,0.04,10131,10131,1400-7-26,2021-10-18
716,اخزا814,اسنادخزانه-م14بودجه98-010318,27,129765,113874221116,877540,872071,879000,1460,0.17,877542,2,0,872071,879000,1400-7-26,2021-10-18
717,اخزا808,اسنادخزانه-م8بودجه98-000817,27,102655,101371859042,987186,987000,987501,315,0.03,987500,314,0.03,987000,988500,1400-7-26,2021-10-18
718,گنجين,صندوق س. گنجينه يكم آويد-د,26,99792,1390943465,13924,13929,13939,15,0.11,13938,14,0.1,13929,13940,1400-7-26,2021-10-18
719,اوصتا2,صندوق انديشه ورزان صباتامين -د,26,98900000,98900000,20189,1,1,-20188,-100,1,-20188,-100,1,1,1400-7-26,2021-10-18
720,كهربا,صندوق س.پشتوانه سكه طلا كهربا,26,246504,2495690882,10203,10193,10130,-73,-0.72,10124,-79,-0.77,10105,10200,1400-7-26,2021-10-18
721,اخزا908,اسنادخزانه-م8بودجه99-020606,25,77441,52142181817,674020,674286,671054,-2966,-0.44,673315,-705,-0.1,664534,674286,1400-7-26,2021-10-18
722,زعف0008پ05,زعفران0008نگين زرين(پ),24,2802,446563987,158899,159998,158000,-899,-0.57,159373,474,0.3,157501,163000,1400-7-26,2021-10-18
723,فنفت,صنايع تجهيزات نفت,24,255349,3855769900,15894,15100,15100,-794,-5,15564,-330,-2.08,15100,15100,1400-7-26,2021-10-18
724,غشوكو,شوكو پارس,24,19271,190570919,10409,9889,9889,-520,-5,10398,-11,-0.11,9889,9889,1400-7-26,2021-10-18
725,ثروتم,صندوق س. ثروت آفرين پارسيان-س,23,69040,6119891720,89070,88078,89812,742,0.83,88643,-427,-0.48,87839,89812,1400-7-26,2021-10-18
726,آكورد2,صندوق س. آرمان آتي كوثر-د,22,2200000,2200000,34704,1,1,-34703,-100,1,-34703,-100,1,1,1400-7-26,2021-10-18
727,اخزا817,اسنادخزانه-م17بودجه98-010512,22,121285,103224666631,850026,850001,851008,982,0.12,851092,1066,0.13,850000,852000,1400-7-26,2021-10-18
728,آسام,صندوق س.آرمان سپهر آشنا-م,22,5840,729002790,124406,123800,125100,694,0.56,124829,423,0.34,123500,125100,1400-7-26,2021-10-18
729,ضشنا8005,اختيارخ شپنا-12800-1400/08/16,21,389,199545000,601,570,588,-13,-2.16,513,-88,-14.64,420,588,1400-7-26,2021-10-18
730,ثبات,صندوق س. ثبات ويستا -د,20,42843,437907000,10216,10222,10222,6,0.06,10221,5,0.05,10221,10222,1400-7-26,2021-10-18
731,سخند,صندوق س.سپهرخبرگان نفت-د,20,32200,321799800,9991,10000,10004,13,0.13,9994,3,0.03,9990,10012,1400-7-26,2021-10-18
732,اخزا907,اسنادخزانه-م7بودجه99-020704,20,217111,144011939007,663715,663074,663073,-642,-0.1,663310,-405,-0.06,663000,663750,1400-7-26,2021-10-18
733,اخزا816,اسنادخزانه-م16بودجه98-010503,19,130376,111264008382,854030,847264,854302,272,0.03,853409,-621,-0.07,847263,857000,1400-7-26,2021-10-18
734,زعف0008پ11,زعفران0008نگين سحرخيز(پ),19,40822,6339807978,155192,156000,152500,-2692,-1.73,155304,112,0.07,152051,156500,1400-7-26,2021-10-18
735,فنفتح,ح . صنايع تجهيزات نفت,19,74676,831069204,11473,11129,11129,-344,-3,11129,-344,-3,11129,11129,1400-7-26,2021-10-18
736,غشوكوح,ح . شوكو پارس,17,12248,91517056,7703,7472,7472,-231,-3,7472,-231,-3,7472,7472,1400-7-26,2021-10-18
737,صايپا012,صكوك مرابحه سايپا012-3ماهه 16%,16,152506,152506305012,1000002,1000002,1000002,0,0,1000002,0,0,1000002,1000002,1400-7-26,2021-10-18
738,پادا,صندوق س.پاداش سرمايه پارس-س,16,3806,435242006,114229,114350,114350,121,0.11,114357,128,0.11,113700,115000,1400-7-26,2021-10-18
739,اخزا818,اسنادخزانه-م18بودجه98-010614,15,101350,84764526314,835001,826003,835500,499,0.06,836354,1353,0.16,826003,837999,1400-7-26,2021-10-18
740,ضمخا7075,اختيارخ اخابر-8700-1400/07/28,15,750,946000,5,2,3,-2,-40,1,-4,-80,1,8,1400-7-26,2021-10-18
741,بذر,صندوق س بذر اميد آفرين-سهام,15,11421,1140040330,100810,99170,100430,-380,-0.38,99820,-990,-0.98,99170,101800,1400-7-26,2021-10-18
742,سيناد,صندوق س.سپهرسودمند سينا-د,14,71102,725338408,10200,10202,10202,2,0.02,10201,1,0.01,10201,10202,1400-7-26,2021-10-18
743,صپاآبان,بار پايه صنعتي آبان,14,92650,55292950,399,599,596,197,49.37,597,198,49.62,596,599,1400-7-26,2021-10-18
744,ثنام,س ساختماني ب نام آوران مهندسي,13,313315,3674558320,12090,11728,11728,-362,-2.99,11949,-141,-1.17,11728,11728,1400-7-26,2021-10-18
745,اخزا811,اسنادخزانه-م11بودجه98-001013,13,100049,95696841019,955605,955001,956500,895,0.09,956500,895,0.09,955001,956501,1400-7-26,2021-10-18
746,سكه0112پ03,تمام سكه طرح جديد0112سامان,13,1300,1490540600,1156918,1145000,1145000,-11918,-1.03,1146570,-10348,-0.89,1145000,1149500,1400-7-26,2021-10-18
747,وجامي,سرمايه گذاري جامي,13,73663,715194067,10009,9709,9709,-300,-3,9986,-23,-0.23,9709,9709,1400-7-26,2021-10-18
748,ثنظام,س. ساختماني نظام مهندسي ايران,13,19991,493078015,25963,24665,24665,-1298,-5,25893,-70,-0.27,24665,24665,1400-7-26,2021-10-18
749,سكه0111پ05,تمام سكه طرح جديد0111آينده,12,1500,1721090100,1156200,1153000,1145100,-11100,-0.96,1147393,-8807,-0.76,1144000,1153000,1400-7-26,2021-10-18
750,ضپال2007,اختيارخ اپال-32000-1401/02/12,12,399,180625000,510,404,465,-45,-8.82,453,-57,-11.18,404,749,1400-7-26,2021-10-18
751,ضملت8044,اختيارخ وبملت-4934-1400/08/19,11,255,620000,4,2,4,0,0,2,-2,-50,2,4,1400-7-26,2021-10-18
752,اراد55,مرابحه عام دولت5-ش.خ 0209,11,125200,117738000000,960000,950000,940000,-20000,-2.08,940399,-19601,-2.04,940000,950000,1400-7-26,2021-10-18
753,زعف0008پ20,زعفران0008نگين وحدت جام(پ),11,49900,7896700000,158394,159000,158000,-394,-0.25,158250,-144,-0.09,157000,160000,1400-7-26,2021-10-18
754,اخزا813,اسنادخزانه-م13بودجه98-010219,11,101105,90250444516,892113,892901,892800,687,0.08,892641,528,0.06,892000,892901,1400-7-26,2021-10-18
755,داريك,صندوق س.اعتماد داريك-د,11,65579,766031428,11674,11680,11681,7,0.06,11681,7,0.06,11680,11682,1400-7-26,2021-10-18
756,اخزا810,اسنادخزانه-م10بودجه98-001006,10,4028,3857291603,951351,957501,959000,7649,0.8,957620,6269,0.66,955001,959000,1400-7-26,2021-10-18
757,ضپال2006,اختيارخ اپال-28000-1401/02/12,10,99,110156000,1050,1100,1140,90,8.57,1113,63,6,1000,1140,1400-7-26,2021-10-18
758,زعف0008پ08,زعفران0008نگين روستا(پ),10,1795,276139568,152656,153100,155996,3340,2.19,153838,1182,0.77,153000,155996,1400-7-26,2021-10-18
759,سكه0011پ02,تمام سكه طرح جديد0011ملت,10,1500,1721457600,1156699,1154000,1145380,-11319,-0.98,1147638,-9061,-0.78,1145004,1154000,1400-7-26,2021-10-18
760,فيروزه2,صندوق شاخص30 شركت فيروزه- سهام,10,100000,100000,176310,1,1,-176309,-100,1,-176309,-100,1,1,1400-7-26,2021-10-18
761,دكپسولح,ح .توليد ژلاتين كپسول ايران,10,26877,781217251,30529,31300,29003,-1526,-5,29066,-1463,-4.79,29003,31300,1400-7-26,2021-10-18
762,اخزا904,اسنادخزانه-م4بودجه99-011215,10,112107,84631749210,754750,754750,755000,250,0.03,754919,169,0.02,744628,756000,1400-7-26,2021-10-18
763,وآتوس,س.آرين توسكا قيمت اسمي 350ريال,9,4259,93399870,23084,21930,21930,-1154,-5,23068,-16,-0.07,21930,21930,1400-7-26,2021-10-18
764,اخزا820,اسنادخزانه-م20بودجه98-020806,9,107366,69896972116,650001,650000,651001,1000,0.15,651016,1015,0.16,650000,651101,1400-7-26,2021-10-18
765,برن0104پ01,برنج طارم0104تجارت مازندران(پ),9,265,105439000,397731,397000,397800,69,0.02,397883,152,0.04,395000,400000,1400-7-26,2021-10-18
766,دمعيار,صندوق س. توازن معيار-د,9,44401,449955285,10130,10130,10135,5,0.05,10134,4,0.04,10130,10135,1400-7-26,2021-10-18
767,گپارس,امور رفاهي كارگزاران پارس,9,5635,775437985,141866,137611,137611,-4255,-3,141512,-354,-0.25,137611,137611,1400-7-26,2021-10-18
768,ضسپا8040,اختيارخ خساپا-1400-1400/08/26,9,233,69042000,287,251,264,-23,-8.01,296,9,3.14,251,330,1400-7-26,2021-10-18
769,ضملي1160,اختيارخ فملي-6000-1400/11/03,8,16,51294000,2924,3100,3300,376,12.86,3206,282,9.64,3100,3300,1400-7-26,2021-10-18
770,خفناور,مهندسي صنعتي روان فن آور,8,5579,232142190,42896,41610,41610,-1286,-3,42865,-31,-0.07,41610,41610,1400-7-26,2021-10-18
771,اخزا917,اسنادخزانه-م17بودجه99-010226,8,47098,41876400000,888825,889000,889300,475,0.05,889133,308,0.03,888802,890000,1400-7-26,2021-10-18
772,زير0103پ01,زيره سبز0103كيميابذر(پ),8,291,276742060,941377,970000,946000,4623,0.49,951004,9627,1.02,909675,970000,1400-7-26,2021-10-18
773,ضبدر8079,اختيارخ شبندر-6011-1400/08/30,8,24,129653120,870,900,1210,340,39.08,1153,283,32.53,900,1210,1400-7-26,2021-10-18
774,ضشنا1049,اختيارخ شپنا-6540-1400/10/19,8,76,137145000,2048,1995,1980,-68,-3.32,1805,-243,-11.87,1700,1995,1400-7-26,2021-10-18
775,اخزا809,اسنادخزانه-م9بودجه98-000923,8,11453,11063600659,965988,966000,966001,13,0,966000,12,0,966000,966002,1400-7-26,2021-10-18
776,پست0008پ08,پسته فندقي32-30مه ولات0008(پ),8,180,336904900,1819697,1800000,1899999,80302,4.41,1871694,51997,2.86,1760000,1899999,1400-7-26,2021-10-18
777,نگين,ص.س. زمين و ساختمان نگين شهرري,8,1662,84931820,52550,51080,51110,-1440,-2.74,51100,-1450,-2.76,51080,51120,1400-7-26,2021-10-18
778,اراد61,مرابحه عام دولت61-ش.خ0309,7,50000,50000000000,1000000,1000000,1000000,0,0,1000000,0,0,1000000,1000000,1400-7-26,2021-10-18
779,زعف0008پ19,زعفران0008نگين تروند قاينات(پ),7,37876,5902727500,157942,157000,154000,-3942,-2.5,155843,-2099,-1.33,153000,157000,1400-7-26,2021-10-18
780,ثجوان,تامين مسكن جوانان,6,25363,162221748,6593,6396,6396,-197,-2.99,6590,-3,-0.05,6396,6396,1400-7-26,2021-10-18
781,ضذوب905,اختيارخ ذوب-5000-14000917,6,8,2095000,202,260,250,48,23.76,262,60,29.7,250,275,1400-7-26,2021-10-18
782,سفارود,كارخانه فارسيت درود,6,4091,64445523,16409,15753,15753,-656,-4,16400,-9,-0.05,15753,15753,1400-7-26,2021-10-18
783,اخزا906,اسنادخزانه-م6بودجه99-020321,6,1028,724087958,711922,704344,705020,-6902,-0.97,704366,-7556,-1.06,704300,709991,1400-7-26,2021-10-18
784,سخواف,سيمان مجد خواف,6,5006,50705774,10442,10129,10129,-313,-3,10440,-2,-0.02,10129,10129,1400-7-26,2021-10-18
785,ضجار1022,اختيارخ وتجارت-2000-1400/10/15,6,116,40936000,303,320,300,-3,-0.99,353,50,16.5,300,370,1400-7-26,2021-10-18
786,ضمخا7076,اختيارخ اخابر-9700-1400/07/28,6,166,166000,1,1,1,0,0,1,0,0,1,1,1400-7-26,2021-10-18
787,ساذري,آذريت‌,5,93525,865854450,8989,9258,9258,269,2.99,9011,22,0.24,9258,9258,1400-7-26,2021-10-18
788,دقاضي,داروسازي شهيد قاضي,5,50832,1534058928,31112,30179,30179,-933,-3,30973,-139,-0.45,30179,30179,1400-7-26,2021-10-18
789,اطلس2,صندوق س.توسعه اندوخته آينده-س,5,50000,50000,255503,1,1,-255502,-100,1,-255502,-100,1,1,1400-7-26,2021-10-18
790,فسديد,لوله‌وتجهيزات‌ سديد - ورشكسته,5,591,62341635,106550,105485,105485,-1065,-1,106534,-16,-0.02,105485,105485,1400-7-26,2021-10-18
791,شساخت,مهندسي و ساختمان صنايع نفت,5,2126,93971326,45568,44201,44201,-1367,-3,45565,-3,-0.01,44201,44201,1400-7-26,2021-10-18
792,زعف0008پ12,زعفران0008پوشالمعمول سحرخيز(پ),5,2400,305435000,124513,128100,127000,2487,2,127265,2752,2.21,127000,130000,1400-7-26,2021-10-18
793,ضپاس7028,اختيارخ وپارس-2000-1400/07/28,5,101,24058000,237,220,328,91,38.4,238,1,0.42,220,328,1400-7-26,2021-10-18
794,اخزا812,اسنادخزانه-م12بودجه98-001111,5,2248,2113348515,942993,940101,940107,-2886,-0.31,940102,-2891,-0.31,940100,940107,1400-7-26,2021-10-18
795,زير0103پ02,زيره سبز0103 دانش(پ),5,876,800849560,941377,909675,1000000,58623,6.23,914212,-27165,-2.89,909675,1000000,1400-7-26,2021-10-18
796,آرمانح,ح.بيمه آرمان,5,16800,86186000,5101,5357,4795,-306,-6,5130,29,0.57,4795,5357,1400-7-26,2021-10-18
797,ماني2,صندوق س. با درآمد ثابت ماني,5,500000,500000,10326,1,1,-10325,-99.99,1,-10325,-99.99,1,1,1400-7-26,2021-10-18
798,وسنا,سرمايه گذاري نيروگاهي ايران,5,4772,64107048,13849,13434,13434,-415,-3,13848,-1,-0.01,13434,13434,1400-7-26,2021-10-18
799,ضمخا1037,اختيارخ اخابر-9000-1400/10/26,4,26,17155000,686,660,660,-26,-3.79,660,-26,-3.79,659,660,1400-7-26,2021-10-18
800,اراد554,مرابحه عام دولت5-ش.خ 0209,4,32346280,29704041197000,960000,869950,944085,-15915,-1.66,918314,-41686,-4.34,866450,944085,1400-7-26,2021-10-18
801,خعمرا,توسعه و عمران شهرستان نائين,4,72600,285898800,3824,3938,3938,114,2.98,3827,3,0.08,3938,3938,1400-7-26,2021-10-18
802,ضمخا7077,اختيارخ اخابر-6700-1400/07/28,4,56,47801000,1050,880,800,-250,-23.81,854,-196,-18.67,800,1000,1400-7-26,2021-10-18
803,تابان02,اجاره تابان لوتوس14021206,4,49486,49486000000,1000000,1000000,1000000,0,0,1000000,0,0,1000000,1000000,1400-7-26,2021-10-18
804,زير0103پ04,زيره سبز0103شركت مينوبذر(پ),4,50,47693500,1039830,909675,985000,-54830,-5.27,953870,-85960,-8.27,909675,985000,1400-7-26,2021-10-18
805,هماي2,صندوق س هماي آگاه-ثابت,4,929000,929000,10140,1,1,-10139,-99.99,1,-10139,-99.99,1,1,1400-7-26,2021-10-18
806,طخود1052,اختيارف خودرو-2000-1400/10/08,4,4,985000,153,200,235,82,53.59,246,93,60.78,200,300,1400-7-26,2021-10-18
807,ضپاس7031,اختيارخ وپارس-3500-1400/07/28,3,102,102000,1,1,1,0,0,1,0,0,1,1,1400-7-26,2021-10-18
808,عيار2,صندوق سكه طلاي مفيد,3,30000,30000,29390,1,1,-29389,-100,1,-29389,-100,1,1,1400-7-26,2021-10-18
809,اراد314,مرابحه عام دولت3-ش.خ 0208,3,15900000,14338110600000,900000,840578,913122,13122,1.46,901768,1768,0.2,840578,913246,1400-7-26,2021-10-18
810,وسرضوي,س.سهام عدالت استان خراسان رضوي,3,26662,18530090,731,695,695,-36,-4.92,731,0,0,695,695,1400-7-26,2021-10-18
811,ضمخا7066,اختيارخ اخابر-11700-1400/07/28,3,33,33000,1,1,1,0,0,1,0,0,1,1,1400-7-26,2021-10-18
812,هاميد104,اختيارف ت ثاميد-2050-01/04/20,3,50000,13550000,330,271,271,-59,-17.88,271,-59,-17.88,271,271,1400-7-26,2021-10-18
813,ضصاد1112,اختيارخ وبصادر-1800-1400/11/06,3,32,15560000,498,500,450,-48,-9.64,486,-12,-2.41,450,530,1400-7-26,2021-10-18
814,ضصاد8034,اختيارخ وبصادر-2989-1400/08/12,3,71,142000,1,2,2,1,100,2,1,100,2,2,1400-7-26,2021-10-18
815,تملي706,تسهيلات مسكن ب. ملي-شهريور97,3,24,15308504,607482,637854,637855,30373,5,637854,30372,5,637854,637855,1400-7-26,2021-10-18
816,ضصاد8030,اختيارخ وبصادر-1589-1400/08/12,3,110,55000000,462,500,500,38,8.23,500,38,8.23,500,500,1400-7-26,2021-10-18
817,وملت,سرمايه گذاري ملت,3,8190,25626510,3192,3129,3129,-63,-1.97,3192,0,0,3129,3129,1400-7-26,2021-10-18
818,تصميم2,صندوق س با درآمد ثابت تصميم,3,2500000,2500000,17699,1,1,-17698,-99.99,1,-17698,-99.99,1,1,1400-7-26,2021-10-18
819,ضجار1021,اختيارخ وتجارت-1800-1400/10/15,3,42,15200000,420,400,360,-60,-14.29,362,-58,-13.81,360,400,1400-7-26,2021-10-18
820,زعف0008پ10,زعفران0008نگين طلاي سرخ(پ),3,1531,242584000,165239,159000,164000,-1239,-0.75,158448,-6791,-4.11,158000,164000,1400-7-26,2021-10-18
821,اراد644,مرابحه عام دولتي64-ش.خ0111,3,34820000,32900644920000,944500,881469,950600,6100,0.65,944878,378,0.04,881469,951112,1400-7-26,2021-10-18
822,ضپيك1030,اختيارخ تاپيكو-12000-00/10/15,3,27,108000000,3770,4000,4000,230,6.1,4000,230,6.1,4000,4000,1400-7-26,2021-10-18
823,سبرق021,سلف موازي برق صادراتي گيلان021,3,2127000,399876000000,185297,188000,188000,2703,1.46,188000,2703,1.46,188000,188000,1400-7-26,2021-10-18
824,پست0008پ04,پسته فندقي32-30سبزدانه0008(پ),3,15,27728150,1724626,1800000,1860679,136053,7.89,1848543,123917,7.19,1800000,1860680,1400-7-26,2021-10-18
825,نتوس,پشم‌ بافي‌ توس,3,4150,52049300,12929,12542,12542,-387,-2.99,12927,-2,-0.02,12542,12542,1400-7-26,2021-10-18
826,اراد72,مرابحه عام دولت72-ش.خ0311,3,6300,5967045000,997000,947150,947150,-49850,-5,947150,-49850,-5,947150,947150,1400-7-26,2021-10-18
827,ضبدر1165,اختيارخ شبندر-8000-1400/11/13,3,38,17788000,1,459,490,489,48900,468,467,46700,459,490,1400-7-26,2021-10-18
828,ضملي1162,اختيارخ فملي-8000-1400/11/03,3,27,17950000,492,800,650,158,32.11,665,173,35.16,650,900,1400-7-26,2021-10-18
829,ضپاس7027,اختيارخ وپارس-1800-1400/07/28,3,78,34740000,1098,550,430,-668,-60.84,445,-653,-59.47,430,550,1400-7-26,2021-10-18
830,صشستا311,صكوك اجاره شستا311-بدون ضامن,3,30000,30000000000,1000000,1000000,1000000,0,0,1000000,0,0,1000000,1000000,1400-7-26,2021-10-18
831,ضصاد8031,اختيارخ وبصادر-1789-1400/08/12,3,3,1008000,279,336,336,57,20.43,336,57,20.43,336,336,1400-7-26,2021-10-18
832,سرو2,صندوق س سروسودمند مدبران-سهام,2,110000,110000,74440,1,1,-74439,-100,1,-74439,-100,1,1,1400-7-26,2021-10-18
833,اراد524,مرابحه عام دولت5-ش.خ 0108,2,12666000,12163932426000,1000000,960722,960000,-40000,-4,960361,-39639,-3.96,960000,960722,1400-7-26,2021-10-18
834,اراد774,مرابحه عام دولت77-ش.خ000812,2,12244000,12236010790000,998046,999795,998900,854,0.09,999347,1301,0.13,998900,999795,1400-7-26,2021-10-18
835,اراد334,مرابحه عام دولت3-ش.خ 0303,2,3194000,2845877955000,953284,890815,891200,-62084,-6.51,891007,-62277,-6.53,890815,891200,1400-7-26,2021-10-18
836,افاد44,منفعت دولتي4-شرايط خاص14010729,2,6000000,5900154000000,1000000,983448,983270,-16730,-1.67,983359,-16641,-1.66,983270,983448,1400-7-26,2021-10-18
837,اراد654,مرابحه عام دولتي65-ش.خ0210,2,6460554,6088426089600,989000,942442,942358,-46642,-4.72,942400,-46600,-4.71,942358,942442,1400-7-26,2021-10-18
838,ثهام,صندوق س ثروت هامرز-سهام,2,348,3992950,11529,11500,11450,-79,-0.69,11474,-55,-0.48,11450,11500,1400-7-26,2021-10-18
839,اراد584,مرابحه عام دولت5-ش.خ 0110,2,10602000,10165605777000,960000,959077,958600,-1400,-0.15,958838,-1162,-0.12,958600,959077,1400-7-26,2021-10-18
840,تملي802,تسهيلات مسكن ب. ملي-ارديبهشت98,2,8,6584824,866424,823103,823103,-43321,-5,823103,-43321,-5,823103,823103,1400-7-26,2021-10-18
841,طفلا1162,اختيارف فولاد-9000-1400/11/24,2,2,850000,226,450,400,174,76.99,425,199,88.05,400,450,1400-7-26,2021-10-18
842,زعف0008پ18,زعفران0008نگين بهرامن(پ),2,300,47400000,161928,158000,158000,-3928,-2.43,158000,-3928,-2.43,158000,158000,1400-7-26,2021-10-18
843,اراد864,مرابحه عام دولت86-ش.خ020404,2,12000000,11322786000000,936100,943646,943485,7385,0.79,943565,7465,0.8,943485,943646,1400-7-26,2021-10-18
844,اخزا9174,اسنادخزانه-م17بودجه99-010226,2,21400000,19002012300000,888825,886889,889000,175,0.02,887944,-881,-0.1,886889,889000,1400-7-26,2021-10-18
845,اراد404,مرابحه عام دولت4-ش.خ 0207,2,2094000,1915871796000,1000000,914768,915100,-84900,-8.49,914934,-85066,-8.51,914768,915100,1400-7-26,2021-10-18
846,اراد484,مرابحه عام دولت4-ش.خ 0009,2,7108000,7084447642000,980000,997073,996300,16300,1.66,996686,16686,1.7,996300,997073,1400-7-26,2021-10-18
847,اراد594,مرابحه عام دولتي5-ش.خ 0309,2,16000000,15067336000000,1000000,941722,941695,-58305,-5.83,941708,-58292,-5.83,941695,941722,1400-7-26,2021-10-18
848,اراد134,مرابحه عام دولت1-ش.خ ساير0206,2,10000000,9650735000000,885000,964386,965761,80761,9.13,965073,80073,9.05,964386,965761,1400-7-26,2021-10-18
849,سپرمي,پرميت‌,2,2556,26692308,10340,10443,10443,103,1,10341,1,0.01,10443,10443,1400-7-26,2021-10-18
850,ضصاد1113,اختيارخ وبصادر-2000-1400/11/06,2,37,15270000,429,415,410,-19,-4.43,413,-16,-3.73,410,415,1400-7-26,2021-10-18
851,افاد844,منفعت دولت8-ش.خاص ساير0205,2,10000000,9681440000000,950000,968138,968150,18150,1.91,968144,18144,1.91,968138,968150,1400-7-26,2021-10-18
852,اراد474,مرابحه عام دولت4-ش.خ 0008,2,5488000,5484273648000,998500,999742,998900,400,0.04,999321,821,0.08,998900,999742,1400-7-26,2021-10-18
853,اراد704,مرابحه عام دولت70-ش.خ0112,2,34228000,32477785448000,943750,949132,948600,4850,0.51,948866,5116,0.54,948600,949132,1400-7-26,2021-10-18
854,اراد544,مرابحه عام دولت5-ش.خ 0109,2,21142000,20336944353000,990000,962243,961600,-28400,-2.87,961921,-28079,-2.84,961600,962243,1400-7-26,2021-10-18
855,شرق1400,مشاركت ليزينگ ايران وشرق140010,2,50,50249950,999800,1004999,1004999,5199,0.52,1004999,5199,0.52,1004999,1004999,1400-7-26,2021-10-18
856,تملي809,تسهيلات مسكن ب. ملي-آذر98,2,9,5912505,691521,656945,656945,-34576,-5,656945,-34576,-5,656945,656945,1400-7-26,2021-10-18
857,اراد454,مرابحه عام دولت4-ش.خ 0107,2,6316000,6101151786000,980000,966267,965700,-14300,-1.46,965983,-14017,-1.43,965700,966267,1400-7-26,2021-10-18
858,اراد604,مرابحه عام دولتي6-ش.خ0210,2,6600000,6216906300000,945000,941777,942134,-2866,-0.3,941955,-3045,-0.32,941777,942134,1400-7-26,2021-10-18
859,فملي2,ملي‌ صنايع‌ مس‌ ايران‌,2,12600000,169659000000,13440,13440,13650,210,1.56,13465,25,0.19,13440,13650,1400-7-26,2021-10-18
860,صبا1404,اجاصبابدون ضامن بارتبه اعتباري,2,100000,105000000000,1050000,1050000,1050000,0,0,1050000,0,0,1050000,1050000,1400-7-26,2021-10-18
861,وسصفا,شركت س استان اصفهان,2,14749,10235806,730,694,694,-36,-4.93,730,0,0,694,694,1400-7-26,2021-10-18
862,اراد494,مرابحه عام دولت4-ش.خ 0206,2,21424000,20271195984000,942468,946382,946000,3532,0.37,946191,3723,0.4,946000,946382,1400-7-26,2021-10-18
863,اخزا0052,اسنادخزانه-م5بودجه00-030626,2,1050000,558105000000,529452,532000,531100,1648,0.31,531529,2077,0.39,531100,532000,1400-7-26,2021-10-18
864,كمند4,صندوق س. با درآمد ثابت كمند,2,435700000,4382863000000,10056,10060,10058,2,0.02,10059,3,0.03,10058,10060,1400-7-26,2021-10-18
865,اراد884,مرابحه عام دولت88-ش.خ041120,2,21200000,19666317800000,1000000,927668,927645,-72355,-7.24,927656,-72344,-7.23,927645,927668,1400-7-26,2021-10-18
866,اراد434,مرابحه عام دولت4-ش.خ 0205,2,3136000,3133594688000,924710,1043866,954600,29890,3.23,999233,74523,8.06,954600,1043866,1400-7-26,2021-10-18
867,ضپنا8004,اختيارخ رمپنا-17850-1400/08/05,2,2,700000,54,350,350,296,548.15,350,296,548.15,350,350,1400-7-26,2021-10-18
868,شسم,توليد سموم‌ علف‌ كش,2,26,2663310,100427,102435,102435,2008,2,100428,1,0,102435,102435,1400-7-26,2021-10-18
869,داريوش2,صندوق س. ثروت داريوش -س,2,1500000,1500000,9824,1,1,-9823,-99.99,1,-9823,-99.99,1,1,1400-7-26,2021-10-18
870,طخود1049,اختيارف خودرو-1400-1400/10/08,2,101,6930000,32,69,30,-2,-6.25,69,37,115.63,30,69,1400-7-26,2021-10-18
871,اراد214,مرابحه عام دولت2ش.خ صادرات0212,2,57613400,54953418128700,1000000,953958,953703,-46297,-4.63,953830,-46170,-4.62,953703,953958,1400-7-26,2021-10-18
872,ضشنا1050,اختيارخ شپنا-7629-1400/10/19,2,105,99750000,2200,950,950,-1250,-56.82,950,-1250,-56.82,950,950,1400-7-26,2021-10-18
873,اراد344,مرابحه عام دولت3-ش.خ 0305,2,19586600,17322790565300,1000000,884458,884383,-115617,-11.56,884420,-115580,-11.56,884383,884458,1400-7-26,2021-10-18
874,اراد834,مرابحه عام دولت83-ش.خ041220,2,26000000,24085776000000,1000000,926387,926365,-73635,-7.36,926376,-73624,-7.36,926365,926387,1400-7-26,2021-10-18
875,صگل039,صكوك اجاره گل گهر039-3ماهه20%,2,17000,17000000000,999000,1000000,1000000,1000,0.1,1000000,1000,0.1,1000000,1000000,1400-7-26,2021-10-18
876,كايتا,ايتالران‌,2,32499,313777845,9374,9655,9655,281,3,9383,9,0.1,9655,9655,1400-7-26,2021-10-18
877,اراد324,مرابحه عام دولت3-ش.خ0211,2,1676500,1393189150000,1000000,830950,831100,-168900,-16.89,831010,-168990,-16.9,830950,831100,1400-7-26,2021-10-18
878,افاد744,منفعت دولت7-ش.خاص ساير0204,2,4000000,3877124000000,990000,969332,969230,-20770,-2.1,969281,-20719,-2.09,969230,969332,1400-7-26,2021-10-18
879,اراد874,مرابحه عام دولت87-ش.خ030304,2,4400000,3811891600000,926800,867918,864760,-62040,-6.69,866339,-60461,-6.52,864760,867918,1400-7-26,2021-10-18
880,صايپا308,صكوك مرابحه سايپا308-3ماهه 18%,2,2034,2033983000,980000,999500,1000000,20000,2.04,999992,19992,2.04,999500,1000000,1400-7-26,2021-10-18
881,كمند2,صندوق س. با درآمد ثابت كمند,1,13000000,13000000,10056,1,1,-10055,-99.99,1,-10055,-99.99,1,1,1400-7-26,2021-10-18
882,شتولي,تولي‌پرس‌,1,500,10316000,21053,20632,20632,-421,-2,21052,-1,0,20632,20632,1400-7-26,2021-10-18
883,ضمخا7069,اختيارخ اخابر-17700-1400/07/28,1,2,4000,2,2,2,0,0,2,0,0,2,2,1400-7-26,2021-10-18
884,ضذوب901,اختيارخ ذوب-3000-14000917,1,5,6750000,1300,1350,1350,50,3.85,1350,50,3.85,1350,1350,1400-7-26,2021-10-18
885,ضپاس1010,اختيارخ وپارس-1800-1400/10/22,1,1,750000,820,750,750,-70,-8.54,750,-70,-8.54,750,750,1400-7-26,2021-10-18
886,تملي705,تسهيلات مسكن ب. ملي-مرداد97,1,10,6159000,648300,615900,615900,-32400,-5,615900,-32400,-5,615900,615900,1400-7-26,2021-10-18
887,آوا2,صندوق س.سهام آواي معيار-س,1,2000000,2000000,8042,1,1,-8041,-99.99,1,-8041,-99.99,1,1,1400-7-26,2021-10-18
888,افاد534,منفعت دولت5-ش.خاص كاريزما0108,1,2000000,740000000000,955000,370000,370000,-585000,-61.26,370000,-585000,-61.26,370000,370000,1400-7-26,2021-10-18
889,كهربا2,صندوق س.پشتوانه سكه طلا كهربا,1,100000,100000,10203,1,1,-10202,-99.99,1,-10202,-99.99,1,1,1400-7-26,2021-10-18
890,ضفلا1160,اختيارخ فولاد-7000-1400/11/24,1,1,4900000,5099,4900,4900,-199,-3.9,4900,-199,-3.9,4900,4900,1400-7-26,2021-10-18
891,ضپال2000,اختيارخ اپال-12000-1401/02/12,1,1,8500000,12000,8500,8500,-3500,-29.17,8500,-3500,-29.17,8500,8500,1400-7-26,2021-10-18
892,طفلا1163,اختيارف فولاد-10000-1400/11/24,1,1,1000000,400,1000,1000,600,150,1000,600,150,1000,1000,1400-7-26,2021-10-18
893,ضگل8072,اختيارخ كگل-8700-1400/08/23,1,1,12000000,1417,12000,12000,10583,746.86,12000,10583,746.86,12000,12000,1400-7-26,2021-10-18
894,وغدير2,سرمايه‌گذاري‌غدير(هلدينگ‌,1,6900000,109365000000,15850,15850,15850,0,0,15850,0,0,15850,15850,1400-7-26,2021-10-18
895,اراد624,مرابحه عام دولت62-ش.خ0309,1,6500000,6116500000000,1000000,941000,941000,-59000,-5.9,941000,-59000,-5.9,941000,941000,1400-7-26,2021-10-18
896,اراد504,مرابحه عام دولت5-ش.خ0302,1,2500000,2380000000000,1000000,952000,952000,-48000,-4.8,952000,-48000,-4.8,952000,952000,1400-7-26,2021-10-18
897,ضمخا7078,اختيارخ اخابر-7700-1400/07/28,1,1,350000,419,350,350,-69,-16.47,350,-69,-16.47,350,350,1400-7-26,2021-10-18
898,اراد49,مرابحه عام دولت4-ش.خ 0206,1,10000,9420000000,942468,942000,942000,-468,-0.05,942000,-468,-0.05,942000,942000,1400-7-26,2021-10-18
899,پاسار042,اجاره انرژي پاسارگاد14040302,1,110000,110000000000,1000000,1000000,1000000,0,0,1000000,0,0,1000000,1000000,1400-7-26,2021-10-18
900,کمآبان,کم باري آبان,1,3000,1620000,250000,540,540,-249460,-99.78,540,-249460,-99.78,540,540,1400-7-26,2021-10-18
901,اراد794,مرابحه عام دولت79-ش.خ010612,1,4055000,3991896090000,960000,984438,984438,24438,2.55,984438,24438,2.55,984438,984438,1400-7-26,2021-10-18
902,اراد47,مرابحه عام دولت4-ش.خ 0008,1,23000,22965500000,998500,998500,998500,0,0,998500,0,0,998500,998500,1400-7-26,2021-10-18
903,افاد614,منفعت دولت6-ش.خاص140109,1,5000000,4909735000000,989800,981947,981947,-7853,-0.79,981947,-7853,-0.79,981947,981947,1400-7-26,2021-10-18
904,ضبدر1162,اختيارخ شبندر-5000-1400/11/13,1,1,2600000,1,2600,2600,2599,259900,2600,2599,259900,2600,2600,1400-7-26,2021-10-18
905,فولاد2,فولاد مباركه اصفهان,1,20700000,219420000000,10600,10600,10600,0,0,10600,0,0,10600,10600,1400-7-26,2021-10-18
906,اراد784,مرابحه عام دولت78-ش.خ001112,1,5200073,5161072452500,961525,992500,992500,30975,3.22,992500,30975,3.22,992500,992500,1400-7-26,2021-10-18
907,ضملت1134,اختيارخ وبملت-3500-1400/11/13,1,6,3720000,700,620,620,-80,-11.43,620,-80,-11.43,620,620,1400-7-26,2021-10-18
908,افران2,صندوق س افرا نماد پايدار-ثابت,1,5000000,5000000,14513,1,1,-14512,-99.99,1,-14512,-99.99,1,1,1400-7-26,2021-10-18
909,ضجار1019,اختيارخ وتجارت-1400-1400/10/15,1,10,7850000,794,785,785,-9,-1.13,785,-9,-1.13,785,785,1400-7-26,2021-10-18
910,شرانل2,نفت ايرانول,1,4600000,224213200000,48742,48742,48742,0,0,48742,0,0,48742,48742,1400-7-26,2021-10-18
911,شكف,كف,1,121,11643709,98192,96229,96229,-1963,-2,98190,-2,0,96229,96229,1400-7-26,2021-10-18
912,ضپاس7032,اختيارخ وپارس-4000-1400/07/28,1,1,1000,1,1,1,0,0,1,0,0,1,1,1400-7-26,2021-10-18
913,حاريا,كشتيراني آريا,1,1000,14980000,15604,14980,14980,-624,-4,15602,-2,-0.01,14980,14980,1400-7-26,2021-10-18
914,وبانك2,سرمايه گذاري گروه توسعه ملي,1,166864613,1501781517000,8730,9000,9000,270,3.09,9000,270,3.09,9000,9000,1400-7-26,2021-10-18
915,وسپه2,سرمايه‌گذاري‌ سپه‌,1,12400000,100316000000,8090,8090,8090,0,0,8090,0,0,8090,8090,1400-7-26,2021-10-18
916,سلامت6,مرابحه سلامت6واجدشرايط خاص1400,1,20000,20000000000,996200,1000000,1000000,3800,0.38,1000000,3800,0.38,1000000,1000000,1400-7-26,2021-10-18
917,فخوز2,فولاد  خوزستان,1,14567925,241244838000,16560,16560,16560,0,0,16560,0,0,16560,16560,1400-7-26,2021-10-18
918,شپديس2,پتروشيمي پرديس,1,1040000,207490400000,199510,199510,199510,0,0,199510,0,0,199510,199510,1400-7-26,2021-10-18
919,افاد61,منفعت دولت6-ش.خاص140109,1,1000,989800000,989800,989800,989800,0,0,989800,0,0,989800,989800,1400-7-26,2021-10-18
920,گواهي ظرفيت,گواهي ظرفيت نقدي,1,3450000,95827200000,26454,27776,27776,1322,5,26636,182,0.69,27776,27776,1400-7-26,2021-10-18
921,ضملي1159,اختيارخ فملي-5000-1400/11/03,1,1,4799000,4300,4799,4799,499,11.6,4799,499,11.6,4799,4799,1400-7-26,2021-10-18
922,اراد22,مرابحه عام دولت2-ش.خ لوتوس0212,1,9000,9000000000,1000000,1000000,1000000,0,0,1000000,0,0,1000000,1000000,1400-7-26,2021-10-18
923,ويسرو,ص.ج.سرو رشد پايداريكم 20%تاديه,1,5000,782770000,163077,156554,156554,-6523,-4,156554,-6523,-4,156554,156554,1400-7-26,2021-10-18
924,ونيكي4,سرمايه‌گذاري‌ ملي‌ايران‌,1,30000000,319500000000,10410,10650,10650,240,2.31,10650,240,2.31,10650,10650,1400-7-26,2021-10-18
925,ضملت1133,اختيارخ وبملت-3000-1400/11/13,1,8,6808000,909,851,851,-58,-6.38,851,-58,-6.38,851,851,1400-7-26,2021-10-18
926,وحافظ,بيمه حافظ,1,500,5102500,10520,10205,10205,-315,-2.99,10520,0,0,10205,10205,1400-7-26,2021-10-18
927,ضغدر1130,اختيارخ وغدير-10000-1400/11/20,1,15,114000000,1,7600,7600,7599,759900,7600,7599,759900,7600,7600,1400-7-26,2021-10-18
928,اراد854,مرابحه عام دولت85-ش.خ010704,1,10000000,9622120000000,948170,962212,962212,14042,1.48,962212,14042,1.48,962212,962212,1400-7-26,2021-10-18
929,اراد62,مرابحه عام دولت62-ش.خ0309,1,23900,23900000000,1000000,1000000,1000000,0,0,1000000,0,0,1000000,1000000,1400-7-26,2021-10-18
930,اراد734,مرابحه عام دولت73-ش.خ0402,1,5000000,4685000000000,951000,937000,937000,-14000,-1.47,937000,-14000,-1.47,937000,937000,1400-7-26,2021-10-18
931,ضپال2001,اختيارخ اپال-14000-1401/02/12,1,3,18000000,5000,6000,6000,1000,20,6000,1000,20,6000,6000,1400-7-26,2021-10-18
932,مشهد0012,مشاركت شهرداري مشهد-3ماهه20%,1,8,7960000,990000,995000,995000,5000,0.51,995000,5000,0.51,995000,995000,1400-7-26,2021-10-18
933,صايپا038,صكوك مرابحه سايپا038-3ماهه 18%,1,9,8640018,960001,960002,960002,1,0,960002,1,0,960002,960002,1400-7-26,2021-10-18
934,واميد2,گروه مديريت سرمايه گذاري اميد,1,2904056,37288079040,12840,12840,12840,0,0,12840,0,0,12840,12840,1400-7-26,2021-10-18
935,اخزا0062,اسنادخزانه-م6بودجه00-030723,1,1000000,522200000000,522721,522200,522200,-521,-0.1,522200,-521,-0.1,522200,522200,1400-7-26,2021-10-18
936,ضفلا1162,اختيارخ فولاد-9000-1400/11/24,1,1,2700000,2620,2700,2700,80,3.05,2700,80,3.05,2700,2700,1400-7-26,2021-10-18
937,طخود1050,اختيارف خودرو-1600-1400/10/08,1,1,70000,68,70,70,2,2.94,70,2,2.94,70,70,1400-7-26,2021-10-18
938,ياقوت2,صندوق س ياقوت آگاه-ثابت,1,13093000,13093000,13362,1,1,-13361,-99.99,1,-13361,-99.99,1,1,1400-7-26,2021-10-18
939,ضسپا8045,اختيارخ خساپا-3000-1400/08/26,1,1,10000,25,10,10,-15,-60,10,-15,-60,10,10,1400-7-26,2021-10-18
940,ضشنا8001,اختيارخ شپنا-6800-1400/08/16,1,10,50000000,5000,5000,5000,0,0,5000,0,0,5000,5000,1400-7-26,2021-10-18
941,اراد33,مرابحه عام دولت3-ش.خ 0303,1,1000,935000000,953284,935000,935000,-18284,-1.92,935000,-18284,-1.92,935000,935000,1400-7-26,2021-10-18
942,پرند,صندوق س. پروژه آرمان پرند مپنا,1,37325,265642025,7077,7117,7117,40,0.57,7117,40,0.57,7117,7117,1400-7-26,2021-10-18
943,اراد904,مرابحه عام دولت90-ش.خ050217,1,5000000,4625000000000,1000000,925000,925000,-75000,-7.5,925000,-75000,-7.5,925000,925000,1400-7-26,2021-10-18
944,هبساز103,اختيارف ت ثبهساز-2346-01/03/18,1,24000,7032000,206,293,293,87,42.23,293,87,42.23,293,293,1400-7-26,2021-10-18
945,اوصتا4,صندوق انديشه ورزان صباتامين -د,1,99009900,1999999980000,20189,20200,20200,11,0.05,20200,11,0.05,20200,20200,1400-7-26,2021-10-18
946,ضسپا8046,اختيارخ خساپا-3500-1400/08/26,1,9,18000,2,2,2,0,0,2,0,0,2,2,1400-7-26,2021-10-18
947,ضاريان1204,اختيارخ آريان-18000-14001211,1,1,2220000,2222,2220,2220,-2,-0.09,2220,-2,-0.09,2220,2220,1400-7-26,2021-10-18
948,اراد11,مرابحه عام دولت1-ش.خ لوتوس0206,1,1000,1000000000,1000000,1000000,1000000,0,0,1000000,0,0,1000000,1000000,1400-7-26,2021-10-18
