,نماد,نام,تعداد,حجم,ارزش,دیروز,اولین,آخرین معامله - مقدار,آخرین معامله - تغییر,آخرین معامله - درصد,قیمت پایانی - مقدار,قیمت پایانی - تغییر,قیمت پایانی - درصد,کمترین,بیشترین,تاریخ,gregorian_date
0,سپيدار,سپيدار سيستم آسيا,57275,7898611,522717660516,66887,66118,65560,-1327,-1.98,66178,-709,-1.06,65550,68380,1400-1-7,2021-03-27
1,پالايش,صندوق پالايشي يكم-سهام,33885,30709876,2564780945750,85740,83800,83030,-2710,-3.16,83520,-2220,-2.59,82500,84850,1400-1-7,2021-03-27
2,شتران,پالايش نفت تهران,33376,422791796,4310600270920,9730,10020,10270,540,5.55,10200,470,4.83,9750,10310,1400-1-7,2021-03-27
3,خساپا,سايپا,29969,1441935998,3538354930270,2360,2370,2500,140,5.93,2450,90,3.81,2320,2500,1400-1-7,2021-03-27
4,خودرو,ايران‌ خودرو,28283,878226906,2312728588060,2540,2520,2670,130,5.12,2630,90,3.54,2490,2690,1400-1-7,2021-03-27
5,شپنا,پالايش نفت اصفهان,26052,230198963,3313272646450,14670,14380,14380,-290,-1.98,14390,-280,-1.91,14380,14620,1400-1-7,2021-03-27
6,كزغال,زغال سنگ پروده طبس,21266,8400341,322176811274,37187,37850,38050,863,2.32,38353,1166,3.14,37560,39302,1400-1-7,2021-03-27
7,اپال,فرآوري معدني اپال كاني پارس,19119,41146549,724600401320,17900,18080,17570,-330,-1.84,17610,-290,-1.62,17550,18080,1400-1-7,2021-03-27
8,دارا يكم,صندوق واسطه گري مالي يكم-سهام,18262,11865728,1736692191790,148210,147500,145700,-2510,-1.69,146360,-1850,-1.25,143610,148040,1400-1-7,2021-03-27
9,زملارد,كشاورزي و دامپروري ملارد شير,18003,4680305,167438875120,35527,34817,36950,1423,4.01,35775,248,0.7,34817,37658,1400-1-7,2021-03-27
10,فملي,ملي‌ صنايع‌ مس‌ ايران‌,16535,68915066,925602812600,13610,13370,13350,-260,-1.91,13430,-180,-1.32,13340,13740,1400-1-7,2021-03-27
11,فولاد,فولاد مباركه اصفهان,15439,76163418,1070518206970,14170,14100,13920,-250,-1.76,14060,-110,-0.78,13890,14320,1400-1-7,2021-03-27
12,خگستر,گسترش‌سرمايه‌گذاري‌ايران‌خودرو,12342,385926596,1164078851570,2900,2900,3070,170,5.86,3020,120,4.14,2850,3070,1400-1-7,2021-03-27
13,پترول,گ.س.وت.ص.پتروشيمي خليج فارس,11530,62815773,699362587000,11000,11300,11080,80,0.73,11130,130,1.18,10780,11440,1400-1-7,2021-03-27
14,ولپارس,ليزينگ پارسيان,10656,11500438,59194955040,4930,5000,5220,290,5.88,5150,220,4.46,4860,5220,1400-1-7,2021-03-27
15,وكبهمن,مديريت سرمايه گذاري كوثربهمن,9253,3385665,41628278519,12186,12398,12292,106,0.87,12276,90,0.74,12186,12430,1400-1-7,2021-03-27
16,كاما,باما,9018,47907088,673225276660,13420,13650,14220,800,5.96,14050,630,4.69,13160,14220,1400-1-7,2021-03-27
17,شاروم,پتروشيمي اروميه,8900,2846242,54106630399,18868,18519,18860,-8,-0.04,19010,142,0.75,18519,19300,1400-1-7,2021-03-27
18,بوعلي,پتروشيمي بوعلي سينا,8881,3757544,171150614190,45930,45110,45020,-910,-1.98,45550,-380,-0.83,45020,46940,1400-1-7,2021-03-27
19,شگويا,پتروشيمي تندگويان,8171,50437648,499847939148,9919,10094,9803,-116,-1.17,9910,-9,-0.09,9721,10190,1400-1-7,2021-03-27
20,وتجارت,بانك تجارت,7951,168098931,487757459240,2900,2890,2880,-20,-0.69,2900,0,0,2860,2960,1400-1-7,2021-03-27
21,رافزا,رايان هم افزا,7867,168100,16441692900,92273,97809,97809,5536,6,93990,1717,1.86,97809,97809,1400-1-7,2021-03-27
22,ثاميد,توسعه و عمران اميد,7867,75327552,123131093130,1600,1580,1650,50,3.13,1630,30,1.88,1580,1680,1400-1-7,2021-03-27
23,شبندر,پالايش نفت بندرعباس,7554,32816892,937047980980,29100,28520,28520,-580,-1.99,28550,-550,-1.89,28520,28940,1400-1-7,2021-03-27
24,حكشتي,كشتيراني جمهوري اسلامي ايران,7185,36685697,743062206450,19360,19410,20520,1160,5.99,20250,890,4.6,18980,20520,1400-1-7,2021-03-27
25,وبصادر,بانك صادرات ايران,7054,174815880,468339047260,2680,2710,2660,-20,-0.75,2680,0,0,2630,2740,1400-1-7,2021-03-27
26,آبادا,توليد نيروي برق آبادان,6840,3667833,52608358930,14610,14400,14360,-250,-1.71,14340,-270,-1.85,14320,14610,1400-1-7,2021-03-27
27,كرمان,س. توسعه و عمران استان كرمان,6681,13558552,681109035976,51201,50177,50200,-1001,-1.96,50235,-966,-1.89,50177,51300,1400-1-7,2021-03-27
28,وثوق,سرمايه گذاري وثوق امين,6233,15327951,315073144050,21187,20340,21000,-187,-0.88,20555,-632,-2.98,20340,21350,1400-1-7,2021-03-27
29,ذوب,سهامي ذوب آهن  اصفهان,6180,71672099,294769235153,4108,4108,4150,42,1.02,4113,5,0.12,4026,4200,1400-1-7,2021-03-27
30,بپيوند,برق و انرژي پيوندگستر پارس,5955,3238820,46528864588,14414,14590,14424,10,0.07,14369,-45,-0.31,14126,14673,1400-1-7,2021-03-27
31,وبملت,بانك ملت,5943,113171128,490709501590,4310,4390,4310,0,0,4340,30,0.7,4230,4430,1400-1-7,2021-03-27
32,بگيلان,توسعه مسير برق گيلان,5856,2033000,45449082668,21750,22900,22261,511,2.35,22286,536,2.46,21610,22900,1400-1-7,2021-03-27
33,آريا,پليمر آريا ساسول,5678,2221677,201658240736,89926,88520,90998,1072,1.19,90768,842,0.94,88520,92180,1400-1-7,2021-03-27
34,سيتا,سرمايه گذاري سيمان تامين,5349,8122757,123472943360,15480,15480,15190,-290,-1.87,15200,-280,-1.81,15180,15480,1400-1-7,2021-03-27
35,وبيمهح,ح . سرمايه‌ گذاري‌ صنعت‌ بيمه‌,5307,651035214,651180834770,1000,1120,1000,0,0,1000,0,0,1000,1120,1400-1-7,2021-03-27
36,وغدير,سرمايه‌گذاري‌غدير(هلدينگ‌,4711,39902926,480700578690,11730,11650,12050,320,2.73,12050,320,2.73,11500,12430,1400-1-7,2021-03-27
37,خزاميا,زامياد,4684,53277602,438589194990,7900,7760,8370,470,5.95,8230,330,4.18,7750,8370,1400-1-7,2021-03-27
38,بركت,گروه دارويي بركت,4595,13051203,436178301910,33970,33900,33300,-670,-1.97,33420,-550,-1.62,33300,33950,1400-1-7,2021-03-27
39,فارس,صنايع پتروشيمي خليج فارس,4448,25385929,267861939840,10740,10700,10530,-210,-1.96,10550,-190,-1.77,10530,10740,1400-1-7,2021-03-27
40,فرابورس,فرابورس ايران,4365,9410543,304498595745,32579,31928,32860,281,0.86,32357,-222,-0.68,31928,33458,1400-1-7,2021-03-27
41,غگل,گلوكوزان‌,4170,40600479,144033578810,3600,3590,3560,-40,-1.11,3550,-50,-1.39,3530,3620,1400-1-7,2021-03-27
42,پيزد,مجتمع صنايع لاستيك يزد,4052,415926,28258422899,67001,66400,68488,1487,2.22,67525,524,0.78,66400,69154,1400-1-7,2021-03-27
43,حفارس,حمل و نقل بين المللي خليج فارس,4022,37206073,181790046460,4800,4710,5000,200,4.17,4890,90,1.88,4710,5060,1400-1-7,2021-03-27
44,كمند,صندوق س. با درآمد ثابت كمند,3820,153577270,1554300692877,10092,10120,10122,30,0.3,10121,29,0.29,10120,10122,1400-1-7,2021-03-27
45,ملت,بيمه ملت,3694,24906395,409300183550,16720,16390,16490,-230,-1.38,16430,-290,-1.73,16390,16700,1400-1-7,2021-03-27
46,ماديرا,صنايع ماديران,3674,21410276,192255962683,8719,8750,9000,281,3.22,8980,261,2.99,8745,9188,1400-1-7,2021-03-27
47,فروي,ذوب روي اصفهان,3671,2798900,178106536833,64661,63413,63368,-1293,-2,63634,-1027,-1.59,63368,64990,1400-1-7,2021-03-27
48,انرژي3,سايراشخاص بورس انرژي,3601,849307,226741541680,271070,277990,265650,-5420,-2,266970,-4100,-1.51,265650,277990,1400-1-7,2021-03-27
49,فزرين,زرين معدن آسيا,3565,9147251,265828007483,28137,29200,29400,1263,4.49,29061,924,3.28,27800,29597,1400-1-7,2021-03-27
50,شبريز,پالايش نفت تبريز,3560,11440787,371669649620,33000,32420,32340,-660,-2,32490,-510,-1.55,32340,33700,1400-1-7,2021-03-27
51,سفارس,سيمان فارس و خوزستان,3540,12776600,262080055340,19980,20070,20720,740,3.7,20510,530,2.65,19590,21080,1400-1-7,2021-03-27
52,كلر,كلر پارس,3326,1947841,250677905137,124574,122501,131000,6426,5.16,128695,4121,3.31,122501,132020,1400-1-7,2021-03-27
53,بترانس,ايران‌ ترانسفو,3294,51412736,146064414840,2760,2820,2890,130,4.71,2840,80,2.9,2720,2900,1400-1-7,2021-03-27
54,وپارس,بانك‌پارسيان‌,3266,81469637,253334076320,3130,3190,3120,-10,-0.32,3110,-20,-0.64,3070,3190,1400-1-7,2021-03-27
55,دانا,بيمه دانا,3228,26484080,179002901930,6490,6410,6870,380,5.86,6760,270,4.16,6370,6870,1400-1-7,2021-03-27
56,وساپا,سرمايه‌گذاري‌ سايپا,3113,21730277,132709556580,6010,5950,6150,140,2.33,6110,100,1.66,5890,6340,1400-1-7,2021-03-27
57,امين يكم,صندوق درآمد ثابت امين يكم فردا,3083,73026951,739169808215,10097,10129,10127,30,0.3,10122,25,0.25,10116,10133,1400-1-7,2021-03-27
58,ونوين,بانك‌اقتصادنوين‌,3061,64403530,304223434200,4800,4740,4710,-90,-1.88,4720,-80,-1.67,4710,4810,1400-1-7,2021-03-27
59,آوا,صندوق س.سهام آواي معيار-س,3030,25572897,178917204094,7058,6980,6975,-83,-1.18,6996,-62,-0.88,6850,7110,1400-1-7,2021-03-27
60,صبا,سرمايه گذاري صبا تامين,3007,14067358,114745929595,8282,8210,8200,-82,-0.99,8161,-121,-1.46,8117,8250,1400-1-7,2021-03-27
61,فخوز,فولاد  خوزستان,3001,14738525,227568630320,15600,15450,15290,-310,-1.99,15440,-160,-1.03,15290,15900,1400-1-7,2021-03-27
62,اخابر,مخابرات ايران,2956,23555986,252098306410,10270,10600,10880,610,5.94,10700,430,4.19,10180,10880,1400-1-7,2021-03-27
63,خرينگ,رينگ‌سازي‌مشهد,2944,5428022,254662912980,45540,44630,48270,2730,5.99,46920,1380,3.03,44630,48270,1400-1-7,2021-03-27
64,خمحركه,نيرو محركه‌,2931,20501706,97701566390,4680,4620,4820,140,2.99,4770,90,1.92,4590,4890,1400-1-7,2021-03-27
65,تليسه,دامداري تليسه نمونه,2913,22194607,98493027712,4334,4260,4500,166,3.83,4438,104,2.4,4260,4560,1400-1-7,2021-03-27
66,غشهداب,كشت و صنعت شهداب ناب خراسان,2861,45021814,190239655261,4007,4040,4247,240,5.99,4225,218,5.44,4007,4247,1400-1-7,2021-03-27
67,ولغدر,ليزينگ‌خودروغدير,2806,10417304,239750484920,22190,22700,23150,960,4.33,23010,820,3.7,21750,23520,1400-1-7,2021-03-27
68,شپارس,بين‌ المللي‌ محصولات‌  پارس‌,2753,10709912,246340665580,21910,23210,23220,1310,5.98,23000,1090,4.97,22310,23220,1400-1-7,2021-03-27
69,ختوقا,قطعات‌ اتومبيل‌ ايران‌,2751,45700643,122436419160,2650,2600,2700,50,1.89,2680,30,1.13,2600,2770,1400-1-7,2021-03-27
70,نوري,پتروشيمي نوري,2749,2983682,191871379180,64800,64000,64500,-300,-0.46,64310,-490,-0.76,63510,65450,1400-1-7,2021-03-27
71,ثشاهد,سرمايه‌ گذاري‌ شاهد,2698,8190397,152572877440,18930,18560,18560,-370,-1.95,18630,-300,-1.58,18560,18930,1400-1-7,2021-03-27
72,ومعادن,توسعه‌معادن‌وفلزات‌,2648,17037994,230224910370,13740,13480,13470,-270,-1.97,13510,-230,-1.67,13470,14100,1400-1-7,2021-03-27
73,كالا,بورس كالاي ايران,2625,4864196,162614861720,33340,32830,34530,1190,3.57,33430,90,0.27,32680,34890,1400-1-7,2021-03-27
74,حفاري,حفاري شمال,2573,17380232,134984239760,7580,7560,7820,240,3.17,7770,190,2.51,7430,7960,1400-1-7,2021-03-27
75,ومعلم,بيمه معلم,2548,24669173,117552107360,4770,4675,4776,6,0.13,4765,-5,-0.1,4675,4990,1400-1-7,2021-03-27
76,بجهرم,توسعه مولد نيروگاهي جهرم,2519,25713369,76064351318,2896,2940,3015,119,4.11,2958,62,2.14,2871,3038,1400-1-7,2021-03-27
77,ثاخت,بين‌المللي‌توسعه‌ساختمان,2499,33954451,95402445590,2780,2790,2790,10,0.36,2810,30,1.08,2760,2890,1400-1-7,2021-03-27
78,تملت,تامين سرمايه بانك ملت,2498,17955144,109285806860,6090,6130,6020,-70,-1.15,6090,0,0,6000,6300,1400-1-7,2021-03-27
79,فاذر,صنايع‌ آذرآب‌,2468,6740691,172232947080,24420,24410,25880,1460,5.98,25550,1130,4.63,24410,25880,1400-1-7,2021-03-27
80,كچاد,معدني‌وصنعتي‌چادرملو,2435,6947523,168063357490,24180,24180,24100,-80,-0.33,24190,10,0.04,23900,24700,1400-1-7,2021-03-27
81,خمهر,مهركام‌پارس‌,2418,81137074,200301888640,2510,2460,2490,-20,-0.8,2470,-40,-1.59,2460,2520,1400-1-7,2021-03-27
82,بورس,بورس اوراق بهادار تهران,2356,4062638,151609458530,36760,36080,37980,1220,3.32,37320,560,1.52,36030,38630,1400-1-7,2021-03-27
83,آسيا,بيمه آسيا,2338,54617572,131386126230,2310,2350,2440,130,5.63,2410,100,4.33,2320,2440,1400-1-7,2021-03-27
84,ستران,سيمان‌ تهران‌,2259,4713554,122079094940,25390,26700,26260,870,3.43,25900,510,2.01,24890,26700,1400-1-7,2021-03-27
85,غالبر,لبنيات‌ كالبر,2245,7763170,137646283920,17250,16910,18280,1030,5.97,17730,480,2.78,16910,18280,1400-1-7,2021-03-27
86,وصنعت,سرمايه گذاري توسعه صنعت وتجارت,2214,19318319,136292902510,6740,6790,7140,400,5.93,7060,320,4.75,6650,7140,1400-1-7,2021-03-27
87,ثنور,سرمايه گذاري كوه نور,2188,15892800,153599629741,9495,9410,9779,284,2.99,9665,170,1.79,9340,9779,1400-1-7,2021-03-27
88,خكمك,كمك‌فنرايندامين‌,2181,6644123,189219340740,27880,27330,28950,1070,3.84,28480,600,2.15,27330,29550,1400-1-7,2021-03-27
89,البرز,بيمه البرز,2171,35624301,146779331620,3940,4050,4170,230,5.84,4120,180,4.57,3870,4170,1400-1-7,2021-03-27
90,ولساپا,ليزينگ رايان‌ سايپا,2133,30407067,111497292690,3660,3680,3720,60,1.64,3670,10,0.27,3590,3750,1400-1-7,2021-03-27
91,حريل,ريل پردازسير,2121,22387850,131390679809,5580,5700,5914,334,5.99,5869,289,5.18,5600,5914,1400-1-7,2021-03-27
92,نوين,بيمه نوين,2118,22874157,146181050312,6089,6197,6454,365,5.99,6391,302,4.96,6120,6454,1400-1-7,2021-03-27
93,تاپيكو,س. نفت و گاز و پتروشيمي تأمين,2111,15830942,205182623610,13030,12900,12850,-180,-1.38,12960,-70,-0.54,12770,13500,1400-1-7,2021-03-27
94,سرو,صندوق س سروسودمند مدبران-سهام,2108,1671631,121289652550,72170,71970,73330,1160,1.61,72560,390,0.54,70000,73580,1400-1-7,2021-03-27
95,شكلر,نيروكلر,2071,10947131,561551413970,50670,49670,51660,990,1.95,51300,630,1.24,49670,53480,1400-1-7,2021-03-27
96,خپارس,پارس‌ خودرو,2063,34794750,205517032180,5600,5900,5930,330,5.89,5910,310,5.54,5710,5930,1400-1-7,2021-03-27
97,چدن,توليدي چدن سازان,2053,6528842,165671237210,24220,24300,25670,1450,5.99,25380,1160,4.79,24300,25670,1400-1-7,2021-03-27
98,غسالم,سالمين‌,1979,18319557,81407255090,4510,4440,4500,-10,-0.22,4440,-70,-1.55,4420,4600,1400-1-7,2021-03-27
99,كاوه,فولاد كاوه جنوب كيش,1963,18068609,393235235110,22180,22010,21800,-380,-1.71,21760,-420,-1.89,21740,22320,1400-1-7,2021-03-27
100,خودكفا,اقتصادي و خودكفايي آزادگان,1957,6373726,145829351941,23344,22878,22878,-466,-2,22880,-464,-1.99,22878,23063,1400-1-7,2021-03-27
101,آگاس,صندوق س.هستي بخش آگاه-س,1949,1665206,121117942417,72251,72800,72900,649,0.9,72735,484,0.67,70800,73860,1400-1-7,2021-03-27
102,آساميد,صندوق س.مشترك آسمان اميد -د,1924,92882091,1095312542396,11732,11782,11782,50,0.43,11793,61,0.52,11777,11798,1400-1-7,2021-03-27
103,وملي,گروه‌ صنعتي‌ ملي‌ (هلدينگ‌,1921,740490,138792349390,178510,180900,189220,10710,6,187430,8920,5,177940,189220,1400-1-7,2021-03-27
104,دزهراوي,داروسازي‌زهراوي‌,1913,14119031,121905441770,8190,8550,8680,490,5.98,8630,440,5.37,8330,8680,1400-1-7,2021-03-27
105,وسپهر,سرمايه گذاري مالي سپهرصادرات,1912,6248992,65325168443,10640,10428,10428,-212,-1.99,10537,-103,-0.97,10428,10630,1400-1-7,2021-03-27
106,كمنگنز,معادن‌منگنزايران‌,1904,1859204,160105155440,84910,83220,89500,4590,5.41,86110,1200,1.41,83220,89850,1400-1-7,2021-03-27
107,اعتماد,صندوق س.اعتماد آفرين پارسيان-د,1902,32764100,1165206897240,35489,35562,35567,78,0.22,35564,75,0.21,35561,35567,1400-1-7,2021-03-27
108,دماوند,توليد نيروي برق دماوند,1899,2839076,139051296928,49040,49040,49900,860,1.75,48978,-62,-0.13,48060,50000,1400-1-7,2021-03-27
109,وپست,پست بانك ايران,1873,20616369,438274646150,20260,20420,21470,1210,5.97,21260,1000,4.94,19860,21470,1400-1-7,2021-03-27
110,شيران,س. صنايع‌شيميايي‌ايران,1872,3769762,108795277880,28920,29010,29490,570,1.97,28860,-60,-0.21,28370,29490,1400-1-7,2021-03-27
111,جوين,كشت و صنعت جوين,1869,27789034,158909690509,5766,5910,5765,-1,-0.02,5718,-48,-0.83,5651,5910,1400-1-7,2021-03-27
112,كيان,صندوق س. با درآمد ثابت كيان,1838,18032299,499709870018,27663,27721,27714,51,0.18,27712,49,0.18,27702,27730,1400-1-7,2021-03-27
113,سبزوا,سيمان لار سبزوار,1837,14492130,51795461911,3550,3640,3535,-15,-0.42,3574,24,0.68,3500,3640,1400-1-7,2021-03-27
114,سشرق,سيمان‌ شرق‌,1836,14429032,107593452850,7260,7360,7590,330,4.55,7460,200,2.75,7120,7630,1400-1-7,2021-03-27
115,وسپهح,ح . سرمايه‌گذاري‌ سپه‌,1788,17977887,93114035050,5370,5300,5170,-200,-3.72,5180,-190,-3.54,5160,5330,1400-1-7,2021-03-27
116,لابسا,آبسال‌,1759,2362635,119440009710,48670,47700,51500,2830,5.81,50550,1880,3.86,47700,51590,1400-1-7,2021-03-27
117,سيمرغ,سيمرغ,1752,7201392,124770535410,16500,16880,17490,990,6,17330,830,5.03,16670,17490,1400-1-7,2021-03-27
118,فباهنر,مس‌ شهيدباهنر,1749,9689979,246823788280,24050,25490,25490,1440,5.99,25470,1420,5.9,25000,25490,1400-1-7,2021-03-27
119,هاي وب,داده گسترعصرنوين-هاي وب,1747,5842206,62624030110,10550,10700,10750,200,1.9,10720,170,1.61,10410,10980,1400-1-7,2021-03-27
120,ورنا,سرمايه‌گذاري‌ رنا(هلدينگ‌,1673,19697192,114911409370,5570,5510,5900,330,5.92,5830,260,4.67,5460,5900,1400-1-7,2021-03-27
121,وبوعلي,سرمايه‌گذاري‌بوعلي‌,1670,15369184,94331257940,6090,6150,6160,70,1.15,6140,50,0.82,6060,6300,1400-1-7,2021-03-27
122,وتوصا,گروه س توسعه صنعتي ايران,1657,10070082,126785411760,11990,11820,12700,710,5.92,12590,600,5,11820,12700,1400-1-7,2021-03-27
123,گكوثر,هتل پارسيان كوثر اصفهان,1638,25430528,64915473014,2445,2480,2591,146,5.97,2553,108,4.42,2470,2591,1400-1-7,2021-03-27
124,سمگا,گروه سرمايه گذاري ميراث فرهنگي,1620,6160249,172534033356,28038,27700,28038,0,0,28008,-30,-0.11,27490,28659,1400-1-7,2021-03-27
125,كيميا,معدني كيمياي زنجان گستران,1600,5067502,92646650293,18524,18687,18154,-370,-2,18283,-241,-1.3,18154,18800,1400-1-7,2021-03-27
126,غفارس,شير پاستوريزه پگاه فارس,1589,6582441,121293663062,17555,18200,18608,1053,6,18427,872,4.97,17602,18608,1400-1-7,2021-03-27
127,ونيكي,سرمايه‌گذاري‌ ملي‌ايران‌,1588,5658585,63095927200,11180,11020,11220,40,0.36,11160,-20,-0.18,11000,11400,1400-1-7,2021-03-27
128,لسرما,سرما آفرين‌,1569,4287553,107979573680,25510,25120,25090,-420,-1.65,25180,-330,-1.29,25000,26020,1400-1-7,2021-03-27
129,ودي,بيمه  دي,1564,6397834,148063245364,23267,22802,23219,-48,-0.21,23143,-124,-0.53,22802,23790,1400-1-7,2021-03-27
130,كپارس,كاشي‌ پارس‌,1561,1036016,150660233200,145680,144990,149980,4300,2.95,145420,-260,-0.18,142770,152000,1400-1-7,2021-03-27
131,ونيرو,سرمايه‌گذاري‌نيرو,1559,31327545,90484463000,2860,2890,2910,50,1.75,2890,30,1.05,2820,2940,1400-1-7,2021-03-27
132,فجر,فولاد اميركبيركاشان,1558,2954894,193372444230,62620,64950,65970,3350,5.35,65440,2820,4.5,63130,66370,1400-1-7,2021-03-27
133,بكام,كارخانجات توليدي شهيد قندي,1554,18839583,67189115300,3450,3520,3650,200,5.8,3570,120,3.48,3450,3650,1400-1-7,2021-03-27
134,وسينا,بانك سينا,1536,34125714,114891883200,3340,3390,3430,90,2.69,3370,30,0.9,3280,3450,1400-1-7,2021-03-27
135,كوثر,بيمه كوثر,1533,8259234,122077921426,14354,14067,15215,861,6,14781,427,2.97,14067,15215,1400-1-7,2021-03-27
136,غپاك,لبنيات‌ پاك‌,1500,4172641,114289769070,27550,27560,27000,-550,-2,27390,-160,-0.58,27000,28200,1400-1-7,2021-03-27
137,اپرداز,آتيه داده پرداز,1426,5715524,118590727881,20694,20600,21110,416,2.01,20749,55,0.27,20281,21500,1400-1-7,2021-03-27
138,همراه,شركت ارتباطات سيار ايران,1416,2830374,79414536900,27010,27780,28470,1460,5.41,27810,800,2.96,27020,28590,1400-1-7,2021-03-27
139,حبندر,دريايي و کشتيراني خط دريابندر,1408,3854520,132650993177,35219,33811,34400,-819,-2.33,34414,-805,-2.29,33811,35976,1400-1-7,2021-03-27
140,چكارن,كارتن‌ ايران‌,1403,18116144,64356555790,3420,3370,3620,200,5.85,3550,130,3.8,3370,3620,1400-1-7,2021-03-27
141,فاسمين,كالسيمين‌,1395,6784212,124402187530,18460,18450,18190,-270,-1.46,18340,-120,-0.65,18100,18900,1400-1-7,2021-03-27
142,زبينا,كشاورزي و دامپروري بينالود,1393,21595959,79145600464,3533,3463,3744,211,5.97,3665,132,3.74,3463,3744,1400-1-7,2021-03-27
143,كحافظ,كاشي‌ وسراميك‌ حافظ‌,1381,5221366,60704878860,11810,11590,11650,-160,-1.35,11630,-180,-1.52,11580,11940,1400-1-7,2021-03-27
144,ومهان,گروه توسعه مالي مهر آيندگان,1362,5516966,79917429955,14383,14200,14430,47,0.33,14486,103,0.72,14150,14729,1400-1-7,2021-03-27
145,مبين,مبين انرژي خليج فارس,1358,6012058,106792309520,17280,17050,17470,190,1.1,17700,420,2.43,16940,18200,1400-1-7,2021-03-27
146,ثبهساز,بهساز كاشانه تهران,1301,11580949,26636783730,2340,2300,2300,-40,-1.71,2320,-20,-0.85,2300,2320,1400-1-7,2021-03-27
147,ثباغ,شهر سازي و خانه سازي باغميشه,1298,4000484,62476848205,14989,15750,15888,899,6,15617,628,4.19,15025,15888,1400-1-7,2021-03-27
148,قرن,پديده شيمي قرن,1296,567905,38162189250,67600,70800,66510,-1090,-1.61,67290,-310,-0.46,66500,70800,1400-1-7,2021-03-27
149,شلعاب,لعابيران‌,1292,3466687,80107163670,23560,23250,23090,-470,-1.99,23110,-450,-1.91,23090,23540,1400-1-7,2021-03-27
150,كرازي,كارخانجات‌توليدي‌شيشه‌رازي‌,1270,3430694,81107222970,23950,24150,23530,-420,-1.75,23640,-310,-1.29,23480,24150,1400-1-7,2021-03-27
151,زدشت,كشت و صنعت دشت خرم دره,1253,2865538,84637702977,28033,29650,29714,1681,6,29536,1503,5.36,28476,29714,1400-1-7,2021-03-27
152,سمازن,سيمان‌مازندران‌,1226,11980042,157617771310,12500,12600,13250,750,6,13160,660,5.28,12530,13250,1400-1-7,2021-03-27
153,خشرق,الكتريك‌ خودرو شرق‌,1225,4407546,69995869230,15860,15550,15820,-40,-0.25,15880,20,0.13,15550,16380,1400-1-7,2021-03-27
154,وپاسار,بانك  پاسارگاد,1215,13799983,178512855910,12930,13190,12990,60,0.46,12940,10,0.08,12680,13190,1400-1-7,2021-03-27
155,زشگزا,شير و گوشت زاگرس شهركرد,1197,8231819,65574358607,7757,7999,8179,422,5.44,7966,209,2.69,7630,8186,1400-1-7,2021-03-27
156,سخوز,سيمان خوزستان,1188,4048583,97695408350,22940,23010,24310,1370,5.97,24130,1190,5.19,22620,24310,1400-1-7,2021-03-27
157,شلرد,كود شيميايي اوره لردگان,1187,6702584,51964931546,7771,7849,7674,-97,-1.25,7753,-18,-0.23,7616,7937,1400-1-7,2021-03-27
158,افق,فروشگاههاي زنجيره اي افق كوروش,1182,2060019,150074559280,74160,73650,73690,-470,-0.63,72850,-1310,-1.77,72680,75150,1400-1-7,2021-03-27
159,وبيمه,سرمايه‌ گذاري‌ صنعت‌ بيمه‌,1165,24136803,68506040670,2880,2830,2860,-20,-0.69,2840,-40,-1.39,2830,2920,1400-1-7,2021-03-27
160,خفنر,فنرسازي‌خاور,1151,4854814,42005030690,8740,8570,8570,-170,-1.95,8670,-70,-0.8,8570,8940,1400-1-7,2021-03-27
161,شسپا,نفت سپاهان,1144,4630951,73246044600,15750,15970,15700,-50,-0.32,15820,70,0.44,15670,15970,1400-1-7,2021-03-27
162,پكوير,كوير تاير,1144,3951248,52289269380,12900,13320,13530,630,4.88,13230,330,2.56,12810,13620,1400-1-7,2021-03-27
163,سرچشمه,سرمايه گذاري مس سرچشمه,1110,6016891,41692747944,7031,7160,6891,-140,-1.99,6945,-86,-1.22,6891,7170,1400-1-7,2021-03-27
164,شبصير,توليدات پتروشيمي قائد بصير,1095,1620541,120571945483,75595,78000,74084,-1511,-2,74402,-1193,-1.58,74084,78000,1400-1-7,2021-03-27
165,بكهنوج,توليد برق ماهتاب كهنوج,1087,15495101,27073917695,1746,1797,1743,-3,-0.17,1747,1,0.06,1717,1797,1400-1-7,2021-03-27
166,زقيام,كشت و دام قيام اصفهان,1085,2942311,88016727904,30473,29864,29864,-609,-2,29914,-559,-1.83,29864,30690,1400-1-7,2021-03-27
167,رمپنا,گروه مپنا (سهامي عام),1083,20654415,374670840620,17120,18140,18140,1020,5.96,18140,1020,5.96,17910,18140,1400-1-7,2021-03-27
168,ضخود2007,اختيارخ خودرو-3000-1400/02/08,1060,55294,6937780000,123,123,135,12,9.76,125,2,1.63,98,140,1400-1-7,2021-03-27
169,حتايد,تايدواترخاورميانه,1027,4999811,140264736300,26570,27300,28160,1590,5.98,28050,1480,5.57,27200,28160,1400-1-7,2021-03-27
170,خكرمان,گروه اقتصادي كرمان خودرو,1022,11388905,47304396299,4061,4165,4182,121,2.98,4154,93,2.29,4022,4182,1400-1-7,2021-03-27
171,فلات,گروه صنايع معادن فلات ايرانيان,1021,2338353,37324069519,15583,15583,16050,467,3,15962,379,2.43,15583,16050,1400-1-7,2021-03-27
172,سيستم,همكاران سيستم,1016,5985005,170869563040,26940,28550,28550,1610,5.98,28550,1610,5.98,28370,28550,1400-1-7,2021-03-27
173,بموتو,موتوژن‌,1012,1310135,79188173930,57140,59000,60560,3420,5.99,60440,3300,5.78,59000,60560,1400-1-7,2021-03-27
174,غمينو,شركت صنايع غذايي مينو شرق,1003,4545348,53145934353,11814,11720,11820,6,0.05,11692,-122,-1.03,11578,12025,1400-1-7,2021-03-27
175,تكمبا,كمباين‌ سازي‌ ايران‌,978,10374552,81624660780,7620,7510,8070,450,5.91,7870,250,3.28,7470,8070,1400-1-7,2021-03-27
176,پلاسك,پلاسكوكار,962,4974297,38735888940,7730,7650,7820,90,1.16,7770,40,0.52,7580,7950,1400-1-7,2021-03-27
177,ارفع,شركت آهن و فولاد ارفع,934,7411041,113833582070,15651,15338,15338,-313,-2,15360,-291,-1.86,15338,15651,1400-1-7,2021-03-27
178,ضخود2006,اختيارخ خودرو-2500-1400/02/08,932,41059,10893204000,268,250,280,12,4.48,265,-3,-1.12,236,290,1400-1-7,2021-03-27
179,پارند,صندوق س. پارند پايدار سپهر,924,28781487,326271942111,11315,11343,11336,21,0.19,11336,21,0.19,11335,11343,1400-1-7,2021-03-27
180,كروي,توسعه‌ معادن‌ روي‌ ايران‌,920,1423391,42747634220,30490,30000,29890,-600,-1.97,30090,-400,-1.31,29890,30690,1400-1-7,2021-03-27
181,وبازار,صندوق س شاخصي بازارآشنا,916,4317732,43724248560,10210,10410,10130,-80,-0.78,10130,-80,-0.78,10050,10410,1400-1-7,2021-03-27
182,رانفور,خدمات‌انفورماتيك‌,901,1614370,38172218100,23230,23420,23770,540,2.32,23430,200,0.86,23200,23970,1400-1-7,2021-03-27
183,فسرب,ملي‌ سرب‌وروي‌ ايران‌,898,435286,35478173510,81220,79600,81700,480,0.59,81420,200,0.25,79600,86050,1400-1-7,2021-03-27
184,دروز,داروسازي‌ روزدارو,896,5177998,175673532950,32270,34000,34200,1930,5.98,33930,1660,5.14,31630,34200,1400-1-7,2021-03-27
185,دكيمي,كيميدارو,894,4430079,130150006270,28090,29770,29770,1680,5.98,29380,1290,4.59,28090,29770,1400-1-7,2021-03-27
186,سپاها,سيمان‌سپاهان‌,879,4725158,42481970550,8800,9090,8900,100,1.14,8960,160,1.82,8820,9260,1400-1-7,2021-03-27
187,ولتجار,واسپاري تجارت وسرمايه ايرانيان,872,3511057,29161733857,8409,8570,8410,1,0.01,8306,-103,-1.22,8241,8570,1400-1-7,2021-03-27
188,خريخت,صنايع‌ريخته‌گري‌ايران‌,870,12988946,45731240200,3410,3390,3540,130,3.81,3510,100,2.93,3390,3580,1400-1-7,2021-03-27
189,تاصيكو,سرمايه گذاري صدرتامين,861,6518780,76787092800,11990,11940,11760,-230,-1.92,11850,-140,-1.17,11760,12100,1400-1-7,2021-03-27
190,شپديس,پتروشيمي پرديس,851,1373739,142136535510,104440,104020,104000,-440,-0.42,103470,-970,-0.93,102360,104500,1400-1-7,2021-03-27
191,وساخت,سرمايه‌ گذاري‌ ساختمان‌ايران‌,825,1355029,67883337850,47550,47550,50400,2850,5.99,50100,2550,5.36,47550,50400,1400-1-7,2021-03-27
192,سامان,بانك سامان,823,5457098,58798071567,10634,10600,10953,319,3,10775,141,1.33,10422,10953,1400-1-7,2021-03-27
193,شغدير,پتروشيمي غدير,816,994920,70643418608,70992,70000,71160,168,0.24,71004,12,0.02,70000,72000,1400-1-7,2021-03-27
194,ختور,رادياتور ايران‌,808,2262348,52863300670,23780,23310,23310,-470,-1.98,23370,-410,-1.72,23310,23780,1400-1-7,2021-03-27
195,فسپا,گروه‌صنعتي‌سپاهان‌,797,1749304,69694108040,39050,39800,39750,700,1.79,39840,790,2.02,38330,40500,1400-1-7,2021-03-27
196,مدير,ص.س.مديريت ثروت ص.بازنشستگي-س,795,3118452,28796627769,9271,9200,9180,-91,-0.98,9234,-37,-0.4,9126,9337,1400-1-7,2021-03-27
197,وتوسم,سرمايه‌گذاري‌توسعه‌ملي‌,793,3085346,29503036170,9700,9890,9580,-120,-1.24,9620,-80,-0.82,9510,9890,1400-1-7,2021-03-27
198,دلقما,دارويي‌ لقمان‌,777,1119839,26675074850,24070,23710,23840,-230,-0.96,23940,-130,-0.54,23590,24300,1400-1-7,2021-03-27
199,دسينا,داروسازي‌ سينا,759,1946123,48368157860,25290,24800,24790,-500,-1.98,24860,-430,-1.7,24790,25250,1400-1-7,2021-03-27
200,فولاژ,فولاد آلياژي ايران,742,2164060,42913125310,19470,19850,19900,430,2.21,19660,190,0.98,19090,20400,1400-1-7,2021-03-27
201,وسپه,سرمايه‌گذاري‌ سپه‌,741,5986295,42533384770,7230,7150,7090,-140,-1.94,7120,-110,-1.52,7090,7280,1400-1-7,2021-03-27
202,لبوتان,گروه‌صنعتي‌بوتان‌,740,630487,40828773880,61380,63000,65060,3680,6,63990,2610,4.25,63000,65060,1400-1-7,2021-03-27
203,زاگرس,پتروشيمي زاگرس,734,596274,133217041577,227662,230000,223109,-4553,-2,223416,-4246,-1.87,223109,230000,1400-1-7,2021-03-27
204,وملل,اعتباري ملل,732,4435740,61816152802,13897,13635,14200,303,2.18,13936,39,0.28,13620,14390,1400-1-7,2021-03-27
205,فوكا,فولاد كاويان,725,5023059,60043071145,12195,11970,11952,-243,-1.99,11953,-242,-1.98,11952,12300,1400-1-7,2021-03-27
206,فنوال,نورد آلومينيوم‌,722,1917059,53687112270,26620,27550,28210,1590,5.97,28000,1380,5.18,26690,28210,1400-1-7,2021-03-27
207,رنيك,جنرال مكانيك,719,1448076,31990056083,21945,22250,22240,295,1.34,22038,93,0.42,21760,22390,1400-1-7,2021-03-27
208,فروس,فروسيليس‌ ايران‌,717,3705111,18018378170,4790,4750,4870,80,1.67,4820,30,0.63,4730,4980,1400-1-7,2021-03-27
209,طلا,صندوق س.پشتوانه طلاي لوتوس,709,271158,21237379491,77700,78000,78355,655,0.84,78321,621,0.8,78000,78698,1400-1-7,2021-03-27
210,غشهد,شهد ايران ‌,704,4949674,36416885670,7410,7270,7280,-130,-1.75,7370,-40,-0.54,7270,7580,1400-1-7,2021-03-27
211,غپينو,پارس‌ مينو,695,5937713,39265106950,6740,6610,6610,-130,-1.93,6640,-100,-1.48,6610,6700,1400-1-7,2021-03-27
212,پارسان,گسترش نفت و گاز پارسيان,694,2820969,60971151660,21740,21350,21700,-40,-0.18,21680,-60,-0.28,21320,22000,1400-1-7,2021-03-27
213,وسكاب,س.ص.بازنشستگي كاركنان بانكها,688,5032666,28407517730,5590,5600,5620,30,0.54,5620,30,0.54,5510,5760,1400-1-7,2021-03-27
214,شگل,گلتاش‌,684,1876351,19388352880,10500,10620,10290,-210,-2,10430,-70,-0.67,10290,10620,1400-1-7,2021-03-27
215,سقاين,سيمان‌ قائن‌,681,357309,26456817300,74980,74100,73490,-1490,-1.99,74480,-500,-0.67,73490,78460,1400-1-7,2021-03-27
216,والبر,سرمايه‌ گذاري‌ البرز(هلدينگ‌,677,1763011,30059996320,16960,16820,16970,10,0.06,17010,50,0.29,16820,17350,1400-1-7,2021-03-27
217,ضسپا3004,اختيارخ خساپا-2500-1400/03/26,674,30576,8426329000,272,255,294,22,8.09,276,4,1.47,241,295,1400-1-7,2021-03-27
218,بساما,بيمه سامان,671,1325137,32702952151,23336,24530,24736,1400,6,24167,831,3.56,23700,24736,1400-1-7,2021-03-27
219,شفن,پتروشيمي فناوران,670,119297,39309205650,327430,333900,330000,2570,0.78,328240,810,0.25,325080,333900,1400-1-7,2021-03-27
220,سيدكو,سرمايه گذاري توسعه صنايع سيمان,667,6802631,44727364390,6690,6770,6560,-130,-1.94,6590,-100,-1.49,6560,6790,1400-1-7,2021-03-27
221,دعبيد,لابراتوارداروسازي‌  دكترعبيدي‌,665,1027920,25437052860,24920,25590,25170,250,1,24830,-90,-0.36,24430,25590,1400-1-7,2021-03-27
222,نطرين,عطرين نخ قم,656,1883712,21857835669,11684,11460,11627,-57,-0.49,11649,-35,-0.3,11451,11950,1400-1-7,2021-03-27
223,چكاوه,صنايع‌كاغذسازي‌كاوه‌,655,1483403,27769513860,18580,18220,18400,-180,-0.97,18660,80,0.43,18210,19150,1400-1-7,2021-03-27
224,دالبرح,ح . البرزدارو,647,835260,9825962800,20510,11790,12110,-8400,-40.96,11760,-8750,-42.66,11320,12190,1400-1-7,2021-03-27
225,هرمز,فولاد هرمزگان جنوب,646,2840371,41333392200,14660,14560,14400,-260,-1.77,14623,-37,-0.25,14370,14990,1400-1-7,2021-03-27
226,ضسپا3003,اختيارخ خساپا-2000-1400/03/26,646,23604,13192800000,571,490,598,27,4.73,559,-12,-2.1,481,610,1400-1-7,2021-03-27
227,ارزش,صندوق س ارزش آفرين بيدار-سهام,645,3448846,34774653750,10020,10000,10120,100,1,10080,60,0.6,9910,10160,1400-1-7,2021-03-27
228,ساراب,سيمان‌ داراب‌,644,2736019,46269781730,17180,17430,16840,-340,-1.98,16930,-250,-1.46,16840,17500,1400-1-7,2021-03-27
229,غگلپا,شير پاستوريزه پگاه گلپايگان,642,552098,40739265807,74726,74950,73232,-1494,-2,73954,-772,-1.03,73232,75990,1400-1-7,2021-03-27
230,قنيشا,قند  نيشابور,640,1362472,88840498330,61520,65210,65210,3690,6,65210,3690,6,63700,65210,1400-1-7,2021-03-27
231,ختراك,ريخته‌گري‌ تراكتورسازي‌ ايران‌,638,2098794,33607372850,16020,15700,16030,10,0.06,16020,0,0,15700,16580,1400-1-7,2021-03-27
232,تصميم,صندوق س با درآمد ثابت تصميم,631,3778162,60318019408,15949,15963,15966,17,0.11,15965,16,0.1,15962,15967,1400-1-7,2021-03-27
233,تنوين,تامين سرمايه نوين,623,6006751,46875753390,7820,7810,7780,-40,-0.51,7800,-20,-0.26,7690,7990,1400-1-7,2021-03-27
234,غزر,صنعتي زر ماكارون,622,482173,12878840830,27250,26710,26710,-540,-1.98,27110,-140,-0.51,26710,26710,1400-1-7,2021-03-27
235,ريشمك,توليد و صادرات ريشمك,610,680317,34539850885,51581,51970,50870,-711,-1.38,51012,-569,-1.1,50550,51970,1400-1-7,2021-03-27
236,تيپيكو,سرمايه گذاري دارويي تامين,607,881403,38445063830,43470,42630,43520,50,0.12,43540,70,0.16,42610,45430,1400-1-7,2021-03-27
237,شگلح,ح . گلتاش‌,606,3605583,27195513270,7370,7650,7450,80,1.09,7540,170,2.31,7230,7950,1400-1-7,2021-03-27
238,جهرم,پتروشيمي جهرم,605,7513134,13561413029,1878,1803,1803,-75,-3.99,1827,-51,-2.72,1803,1899,1400-1-7,2021-03-27
239,ونفت,سرمايه‌گذاري‌ صنعت‌ نفت‌,603,2100833,36824426620,17440,17100,17620,180,1.03,17500,60,0.34,17100,17980,1400-1-7,2021-03-27
240,كهمدا,شيشه‌ همدان‌,602,1715953,17646220360,10040,10240,10270,230,2.29,10120,80,0.8,10050,10500,1400-1-7,2021-03-27
241,شپترو,پتروشيمي آبادان,599,8966168,53161947376,5820,5949,5994,174,2.99,5929,109,1.87,5740,5994,1400-1-7,2021-03-27
242,وكار,بانك‌ كارآفرين‌,598,10455268,27573979450,2580,2550,2590,10,0.39,2610,30,1.16,2530,2720,1400-1-7,2021-03-27
243,سرود,سيمان‌شاهرود,597,1292422,25760361390,19710,19620,20080,370,1.88,19820,110,0.56,19400,20330,1400-1-7,2021-03-27
244,فلوله,لوله‌وماشين‌سازي‌ايران‌,596,1195376,25989888190,21140,21100,21890,750,3.55,21440,300,1.42,20720,22400,1400-1-7,2021-03-27
245,فسازان,غلتك سازان سپاهان,586,1135404,41202955620,36500,36000,36520,20,0.05,36330,-170,-0.47,35770,37500,1400-1-7,2021-03-27
246,ثزاگرس,سرمايه گذاري توسعه عمران زاگرس,582,861925,55062189266,66465,68900,63142,-3323,-5,63883,-2582,-3.88,63142,68900,1400-1-7,2021-03-27
247,اطلس,صندوق س.توسعه اندوخته آينده-س,575,487417,106382241197,218519,220005,218100,-419,-0.19,218257,-262,-0.12,215060,224001,1400-1-7,2021-03-27
248,شجم,صنايع پتروشيمي تخت جمشيد,568,10187379,109488161425,10441,10502,10754,313,3,10747,306,2.93,10450,10754,1400-1-7,2021-03-27
249,خصدرا,صنعتي‌ دريايي‌ ايران‌,566,11366543,34326959860,2933,3020,3020,87,2.97,3020,87,2.97,3020,3020,1400-1-7,2021-03-27
250,كنور,توسعه معدني و صنعتي صبانور,566,527762,26336649380,49100,48120,50670,1570,3.2,49460,360,0.73,48120,50700,1400-1-7,2021-03-27
251,شرانل,نفت ايرانول,560,621176,24759292459,39888,39280,39490,-398,-1,39873,-15,-0.04,39262,41000,1400-1-7,2021-03-27
252,رتاپ,تجارت الكترونيك  پارسيان,559,2199951,15793568710,7290,7150,7220,-70,-0.96,7250,-40,-0.55,7150,7350,1400-1-7,2021-03-27
253,جم,پتروشيمي جم,555,1262633,47398866820,37860,38780,37390,-470,-1.24,37710,-150,-0.4,37120,38780,1400-1-7,2021-03-27
254,كپرور,فرآوري زغال سنگ پروده طبس,555,940689,35514760659,38230,37745,37820,-410,-1.07,37888,-342,-0.89,37466,39000,1400-1-7,2021-03-27
255,وتوس,توسعه‌شهري‌توس‌گستر,553,1069968,14913111430,14050,13770,14120,70,0.5,14020,-30,-0.21,13770,14400,1400-1-7,2021-03-27
256,شكربن,كربن‌ ايران‌,552,289757,27351759420,91590,91590,93000,1410,1.54,93080,1490,1.63,89780,96800,1400-1-7,2021-03-27
257,وحكمت,بيمه حكمت صبا,551,7700036,30314125294,3752,3939,3939,187,4.98,3937,185,4.93,3803,3939,1400-1-7,2021-03-27
258,دتوزيع,توزيع دارو پخش,548,1161967,59984052472,48701,51623,51623,2922,6,51623,2922,6,51600,51623,1400-1-7,2021-03-27
259,وتوكا,سرمايه‌گذاري‌توكافولاد(هلدينگ,546,2960592,36259388950,12400,12220,12160,-240,-1.94,12290,-110,-0.89,12160,12540,1400-1-7,2021-03-27
260,اتكاي,بيمه اتكايي ايرانيان,539,1590511,28486620396,17041,17960,18000,959,5.63,17512,471,2.76,17100,18063,1400-1-7,2021-03-27
261,آرمان,بيمه آرمان,538,2558944,21825979508,8657,8484,8500,-157,-1.81,8529,-128,-1.48,8484,8800,1400-1-7,2021-03-27
262,وپترو,سرمايه‌گذاري صنايع پتروشيمي‌,537,1239557,18492737820,14570,14300,14880,310,2.13,14700,130,0.89,14300,15110,1400-1-7,2021-03-27
263,سغرب,سيمان‌غرب‌,533,850512,31545565410,37500,38390,36750,-750,-2,37240,-260,-0.69,36750,38390,1400-1-7,2021-03-27
264,پكرمان,گروه‌ صنعتي‌ بارز,532,1099732,31078303670,28350,28750,28250,-100,-0.35,28290,-60,-0.21,27810,29000,1400-1-7,2021-03-27
265,شاراك,پتروشيمي شازند,526,1503560,38539642620,25770,26270,25580,-190,-0.74,25710,-60,-0.23,25260,26270,1400-1-7,2021-03-27
266,ومشان,س. فني و مهندسي مشانير,523,209592,15571371716,74183,75000,74600,417,0.56,74269,86,0.12,72700,75890,1400-1-7,2021-03-27
267,كاريس,صندوق س.سپهر كاريزما-س,523,2168196,25403681381,11527,11820,11779,252,2.19,11717,190,1.65,11081,11990,1400-1-7,2021-03-27
268,پارس,پتروشيمي پارس,521,360630,57678871550,161650,158810,159100,-2550,-1.58,160650,-1000,-0.62,158420,161800,1400-1-7,2021-03-27
269,مداران,داده‌پردازي‌ايران‌,518,968537,24483013410,25530,25030,25500,-30,-0.12,25410,-120,-0.47,25020,26160,1400-1-7,2021-03-27
270,پتاير,ايران‌ تاير,515,11348015,44370738650,3980,3910,3910,-70,-1.76,3920,-60,-1.51,3910,3910,1400-1-7,2021-03-27
271,فاما,صنعتي‌ آما,506,1058895,21340161960,20150,20600,20150,0,0,20150,0,0,19780,20600,1400-1-7,2021-03-27
272,حسينا,توسعه خدمات دريايي وبندري سينا,496,328106,23940277083,71911,72441,73160,1249,1.74,72408,497,0.69,71070,74550,1400-1-7,2021-03-27
273,كفرآور,فرآورده هاي سيمان شرق,495,959051,24346309917,25021,25770,25580,559,2.23,25386,365,1.46,24783,25770,1400-1-7,2021-03-27
274,گكيشح,ح.توريستي ورفاهي آبادگران كيش,494,2371587,84159586030,34463,35496,35496,1033,3,35487,1024,2.97,34010,35496,1400-1-7,2021-03-27
275,پارسيان,بيمه پارسيان,489,1634869,18294193970,10900,10790,11200,300,2.75,11000,100,0.92,10790,11380,1400-1-7,2021-03-27
276,خمحور,توليدمحورخودرو,488,367531,25019175170,69400,68030,68020,-1380,-1.99,68720,-680,-0.98,68020,69200,1400-1-7,2021-03-27
277,سشمال,سيمان‌ شمال‌,487,2169807,26128694860,11910,11910,11980,70,0.59,11980,70,0.59,11910,12500,1400-1-7,2021-03-27
278,سكه0012پ01,تمام سكه طرح جديد0012رفاه,478,211800,232635707900,1088816,1101010,1097000,8184,0.75,1098374,9558,0.88,1096000,1108800,1400-1-7,2021-03-27
279,وصنا,گروه‌صنايع‌بهشهرايران‌,476,2514420,14755571650,5720,5760,5850,130,2.27,5760,40,0.7,5760,5950,1400-1-7,2021-03-27
280,دسبحان,سبحان دارو,474,1498672,34045026580,21530,21860,22820,1290,5.99,22300,770,3.58,21150,22820,1400-1-7,2021-03-27
281,بالاس,مهندسي ساختمان تاسيسات راه آهن,466,715208,41908062872,59789,58594,58594,-1195,-2,58768,-1021,-1.71,58594,59000,1400-1-7,2021-03-27
282,وآرين,شركت توسعه اقتصادي آرين,466,3179167,12958104501,4070,4159,4090,20,0.49,4074,4,0.1,4004,4159,1400-1-7,2021-03-27
283,ثمسكن,سرمايه‌گذاري‌ مسكن‌,465,3530146,19711666480,5610,5560,5600,-10,-0.18,5600,-10,-0.18,5500,5720,1400-1-7,2021-03-27
284,دكپسول,توليد ژلاتين كپسول ايران,465,787742,26236077224,31432,33317,33317,1885,6,32360,928,2.95,32710,33317,1400-1-7,2021-03-27
285,سنوين,سرمايه گذاري اقتصاد نوين,462,2909196,28522191025,10138,9733,9733,-405,-3.99,9804,-334,-3.29,9733,10138,1400-1-7,2021-03-27
286,شوينده,مديريت صنعت شوينده ت.ص.بهشهر,457,966520,29860711650,30020,30880,30860,840,2.8,30530,510,1.7,30160,31480,1400-1-7,2021-03-27
287,شنفت,نفت‌ پارس‌,454,330327,17106359990,50140,51600,52280,2140,4.27,50680,540,1.08,50160,52870,1400-1-7,2021-03-27
288,ياقوت,صندوق س ياقوت آگاه-ثابت,450,6188221,75140002732,12082,12136,12154,72,0.6,12142,60,0.5,12135,12155,1400-1-7,2021-03-27
289,غبشهر,صنعتي‌ بهشهر,448,2164854,45402766080,20370,20750,21000,630,3.09,20900,530,2.6,20560,21490,1400-1-7,2021-03-27
290,جم پيلن,پلي پروپيلن جم - جم پيلن,442,366584,30045850650,82810,81910,81310,-1500,-1.81,82420,-390,-0.47,81160,82960,1400-1-7,2021-03-27
291,خديزل,بهمن  ديزل,441,489923,20814723095,40424,42799,42849,2425,6,41241,817,2.02,41050,42849,1400-1-7,2021-03-27
292,كمينا,شيشه سازي مينا,441,1075126,25822948191,23384,23385,24085,701,3,24019,635,2.72,23385,24085,1400-1-7,2021-03-27
293,آريان,سرمايه گذاري پارس آريان,440,4095913,50546437046,12053,12400,12414,361,3,12202,149,1.24,11813,12414,1400-1-7,2021-03-27
294,آكورد,صندوق س. آرمان آتي كوثر-د,436,5081432,159075318801,31201,31341,31305,104,0.33,31305,104,0.33,31300,31341,1400-1-7,2021-03-27
295,پرديس,سرمايه گذاري پرديس,431,2426492,13353906430,5500,5640,5540,40,0.73,5500,0,0,5440,5640,1400-1-7,2021-03-27
296,مرقام,ايران‌ارقام‌,431,3040151,56607611620,17570,18620,18620,1050,5.98,18620,1050,5.98,18620,18620,1400-1-7,2021-03-27
297,فافزا,فولاد افزا سپاهان,428,348613,18317940194,53182,53000,54000,818,1.54,52592,-590,-1.11,52119,54689,1400-1-7,2021-03-27
298,سيلام,سيمان‌ ايلام‌,422,3670177,41110814250,11420,11200,11200,-220,-1.93,11240,-180,-1.58,11200,11330,1400-1-7,2021-03-27
299,شفارا,پتروشيمي فارابي,422,5340780,21883843261,4017,4000,4137,120,2.99,4097,80,1.99,3940,4137,1400-1-7,2021-03-27
300,دامين,داروسازي‌ امين‌,419,801340,11281207220,13890,14410,13970,80,0.58,13930,40,0.29,13930,14410,1400-1-7,2021-03-27
301,كاردان,صندوق س تجارت شاخصي كاردان,418,128168,21985961270,171720,170000,170540,-1180,-0.69,171540,-180,-0.1,167030,173960,1400-1-7,2021-03-27
302,ضخود2005,اختيارخ خودرو-2000-1400/02/08,416,16883,11220766000,639,639,671,32,5.01,665,26,4.07,580,700,1400-1-7,2021-03-27
303,شپاكسا,پاكسان‌,416,509320,14791216020,29110,29000,29110,0,0,29090,-20,-0.07,28770,29450,1400-1-7,2021-03-27
304,دشيري,شيرين دارو,414,191885,40918430134,216527,207866,222478,5951,2.75,213245,-3282,-1.52,207866,225639,1400-1-7,2021-03-27
305,بپاس,بيمه پاسارگاد,410,898587,73715584545,77392,82035,82035,4643,6,80621,3229,4.17,82035,82035,1400-1-7,2021-03-27
306,وگردش,بانك گردشگري,405,978073,17334840652,17528,18050,17634,106,0.6,17562,34,0.19,17528,18050,1400-1-7,2021-03-27
307,زفكاح,ح . كشت و دامداري فكا,404,1486665,12109757007,7893,8095,8173,280,3.55,8146,253,3.21,8055,8300,1400-1-7,2021-03-27
308,گشان,توسعه بين المللي پديده شانديز,404,527329,17239439668,33359,32692,32692,-667,-2,32767,-592,-1.77,32692,32692,1400-1-7,2021-03-27
309,وثنو,سرمايه گذاري ساختماني نوين,402,3364021,20762971858,6165,6225,6184,19,0.31,6172,7,0.11,5960,6330,1400-1-7,2021-03-27
310,شخارك,پتروشيمي‌ خارك‌,401,975825,45316755880,46370,45520,46380,10,0.02,46400,30,0.06,45520,47990,1400-1-7,2021-03-27
311,وصندوق,سرمايه‌گذاري‌صندوق‌بازنشستگي‌,400,2496616,37506592320,15250,15110,15100,-150,-0.98,15180,-70,-0.46,14950,15550,1400-1-7,2021-03-27
312,گوهران,سرمايه گذاري توسعه گوهران اميد,398,1948019,14580269317,7440,7683,7500,60,0.81,7453,13,0.17,7350,7683,1400-1-7,2021-03-27
313,تسه9911,امتياز تسهيلات مسكن بهمن99,395,6862,4156891933,596855,620000,589900,-6955,-1.17,605784,8929,1.5,570000,626697,1400-1-7,2021-03-27
314,شاوان,پالايش نفت لاوان,394,370429,33918123870,93405,92000,91537,-1868,-2,92131,-1274,-1.36,91537,92500,1400-1-7,2021-03-27
315,كگاز,شيشه‌ و گاز,390,526915,9484757720,18070,17900,18100,30,0.17,18060,-10,-0.06,17710,18350,1400-1-7,2021-03-27
316,سپاس,صندوق س. پاداش سهامداري-ثابت,382,11648626,117756143946,10062,10108,10109,47,0.47,10109,47,0.47,10108,10112,1400-1-7,2021-03-27
317,بخاور,بيمه زندگي خاورميانه,382,1955704,13955366102,6946,7016,7185,239,3.44,6998,52,0.75,6820,7286,1400-1-7,2021-03-27
318,سكرد,سيمان كردستان,379,2024155,20044264790,10100,9910,9900,-200,-1.98,10020,-80,-0.79,9900,10000,1400-1-7,2021-03-27
319,دتماد,توليدمواداوليه‌داروپخش‌,367,276186,13250283170,47550,48100,47550,0,0,47660,110,0.23,47180,48670,1400-1-7,2021-03-27
320,تبرك,گروه كارخانجات صنعتي تبرك,366,2942635,53658949225,17203,18235,18235,1032,6,18235,1032,6,18235,18235,1400-1-7,2021-03-27
321,كرماشا,صنايع پتروشيمي كرمانشاه,363,825669,32438262560,39610,39820,39510,-100,-0.25,39420,-190,-0.48,38820,40490,1400-1-7,2021-03-27
322,جمح,ح . پتروشيمي جم,361,1114888,34135285430,30610,30000,29810,-800,-2.61,30620,10,0.03,29700,31830,1400-1-7,2021-03-27
323,واعتبار,سرمايه گذاري اعتبار ايران,361,2429310,23331676080,9430,9260,9750,320,3.39,9510,80,0.85,9260,9860,1400-1-7,2021-03-27
324,دتوليد,داروسازي توليد دارو,361,645470,17254745920,27273,26728,26728,-545,-2,27083,-190,-0.7,26728,26800,1400-1-7,2021-03-27
325,شتولي,تولي‌پرس‌,360,422492,13790476746,33268,32603,32603,-665,-2,32641,-627,-1.88,32603,33268,1400-1-7,2021-03-27
326,كبافق,معادن‌ بافق‌,359,330567,16845694320,52000,50960,50960,-1040,-2,51640,-360,-0.69,50960,50960,1400-1-7,2021-03-27
327,سمتاز,سيمان ممتازان كرمان,357,965305,19295049098,20266,19862,20250,-16,-0.08,19995,-271,-1.34,19861,20799,1400-1-7,2021-03-27
328,ورازي,بيمه رازي,356,2363074,20317849327,8643,9030,8650,7,0.08,8598,-45,-0.52,8300,9030,1400-1-7,2021-03-27
329,مارون,پتروشيمي مارون,349,375284,59878248521,162606,164232,159354,-3252,-2,160744,-1862,-1.15,159354,164232,1400-1-7,2021-03-27
330,ثرود,سرمايه‌گذاري مسكن زاينده رود,347,2515717,49393587578,18523,19634,19634,1111,6,19558,1035,5.59,19634,19634,1400-1-7,2021-03-27
331,تكنو,تكنوتار,345,1649987,37377271170,23110,22650,22770,-340,-1.47,22760,-350,-1.51,22650,22800,1400-1-7,2021-03-27
332,وخاور,بانك خاورميانه,344,3130746,29895360140,9400,9490,9620,220,2.34,9480,80,0.85,9230,9700,1400-1-7,2021-03-27
333,بمپنا,توليد برق عسلويه  مپنا,335,154436,11191979138,73472,72110,72300,-1172,-1.6,73245,-227,-0.31,72003,74700,1400-1-7,2021-03-27
334,غپونه,نوش پونه مشهد,332,1172069,22532823014,18985,18606,19554,569,3,19225,240,1.26,18606,19554,1400-1-7,2021-03-27
335,نمرينو,ايران‌ مرينوس‌,328,364776,35511032230,92550,96990,98100,5550,6,95790,3240,3.5,92950,98100,1400-1-7,2021-03-27
336,بميلا,توسعه بازرگاني آهن وفولادميلاد,328,869371,14494706253,16714,16719,16665,-49,-0.29,16684,-30,-0.18,16210,17000,1400-1-7,2021-03-27
337,وبشهر,توسعه‌ صنايع‌ بهشهر(هلدينگ,326,1256117,15755326270,12480,12250,12500,20,0.16,12500,20,0.16,12250,12770,1400-1-7,2021-03-27
338,اتكام,شركت بيمه اتكايي امين,326,1355384,6803314950,4914,4880,5030,116,2.36,4928,14,0.28,4830,5140,1400-1-7,2021-03-27
339,ميدكو,هلدينگ صنايع  معدني خاورميانه,322,759552,23754845342,31111,31112,31289,178,0.57,31143,32,0.1,31112,31650,1400-1-7,2021-03-27
340,فيروزه,صندوق شاخص30 شركت فيروزه- سهام,322,111296,16156382440,143010,143500,145100,2090,1.46,145170,2160,1.51,141620,147000,1400-1-7,2021-03-27
341,آساس,صندوق س.آسمان آرماني سهام-س,321,91483,16079795642,174115,175000,176800,2685,1.54,175768,1653,0.95,174115,177000,1400-1-7,2021-03-27
342,ما,بيمه  ما,321,1285870,9857117550,7520,7520,7730,210,2.79,7550,30,0.4,7520,7790,1400-1-7,2021-03-27
343,فخاس,فولاد خراسان,311,390638,10961572050,28610,28500,28040,-570,-1.99,28550,-60,-0.21,28040,28500,1400-1-7,2021-03-27
344,كگهر,سنگ آهن گهرزمين,309,352595,16963830854,47105,49918,47550,445,0.94,47244,139,0.3,47501,49918,1400-1-7,2021-03-27
345,لوتوس,تامين سرمايه لوتوس پارسيان,307,1093860,11575457460,10700,10610,10600,-100,-0.93,10670,-30,-0.28,10490,10880,1400-1-7,2021-03-27
346,شستان,پتروشيمي گلستان,304,1981303,8148066478,4189,4106,4150,-39,-0.93,4125,-64,-1.53,4106,4180,1400-1-7,2021-03-27
347,شيراز,پتروشيمي‌شيراز,297,359843,20958717390,58340,57210,58460,120,0.21,58320,-20,-0.03,57210,60000,1400-1-7,2021-03-27
348,شفا,سرمايه گذاري شفادارو,295,145302,6699827550,46510,47000,46930,420,0.9,46460,-50,-0.11,45580,47590,1400-1-7,2021-03-27
349,وبهمن,سرمايه‌گذاري‌بهمن‌,291,582995,9138570840,15950,15640,15670,-280,-1.76,15900,-50,-0.31,15640,16050,1400-1-7,2021-03-27
350,تماوند,تامين سرمايه دماوند,289,1748609,27614408901,15891,15820,16123,232,1.46,15792,-99,-0.62,15574,16200,1400-1-7,2021-03-27
351,وهور,مديريت انرژي اميد  تابان هور,285,4518586,9902842504,2233,2280,2189,-44,-1.97,2226,-7,-0.31,2189,2280,1400-1-7,2021-03-27
352,كساوه,صنايع‌ كاشي‌ و سراميك‌ سينا,283,354583,24493148000,72450,70000,68600,-3850,-5.31,70720,-1730,-2.39,68600,70000,1400-1-7,2021-03-27
353,تايرا,تراكتورسازي‌ايران‌,283,418039,12163425450,29010,28500,28570,-440,-1.52,29030,20,0.07,28500,29790,1400-1-7,2021-03-27
354,وتوشه,سرمايه‌ گذاري‌ پارس‌ توشه‌,280,447353,10061470500,22050,22230,22450,400,1.81,22140,90,0.41,22000,22760,1400-1-7,2021-03-27
355,تسه9908,امتياز تسهيلات مسكن آبان99,272,4745,2805553505,583343,576120,590000,6657,1.14,591265,7922,1.36,570000,612510,1400-1-7,2021-03-27
356,دارو,كارخانجات‌داروپخش‌,270,356847,12156709790,34610,34000,33950,-660,-1.91,34480,-130,-0.38,33920,35120,1400-1-7,2021-03-27
357,درازك,دارويي‌ رازك‌,267,521095,17793050800,34300,33740,34010,-290,-0.85,34240,-60,-0.17,33740,35000,1400-1-7,2021-03-27
358,وپخش,داروپخش‌ (هلدينگ‌,262,99169,10098022930,102100,100080,101940,-160,-0.16,102040,-60,-0.06,100080,104000,1400-1-7,2021-03-27
359,فرآور,فرآوري‌موادمعدني‌ايران‌,262,901277,31799300410,35990,35280,35280,-710,-1.97,35530,-460,-1.28,35280,36590,1400-1-7,2021-03-27
360,دشيميح,ح . شيمي‌ داروئي‌ داروپخش‌,260,401989,8539780650,21160,21340,21490,330,1.56,21240,80,0.38,20520,21700,1400-1-7,2021-03-27
361,وتعاون,بيمه  تعاون,254,1009984,5876153152,5911,5800,5808,-103,-1.74,5883,-28,-0.47,5793,5970,1400-1-7,2021-03-27
362,وايرا,سرمايه گذاري صنايع ايران,251,1153867,14806982582,12260,12600,12873,613,5,12665,405,3.3,12395,12873,1400-1-7,2021-03-27
363,خراسان,پتروشيمي خراسان,249,341323,26733395350,78490,78650,77210,-1280,-1.63,78410,-80,-0.1,76950,78790,1400-1-7,2021-03-27
364,سحرخيز,صندوق س. گروه زعفران سحرخيز,243,485452,4713039478,9762,9530,9776,14,0.14,9709,-53,-0.54,9530,9940,1400-1-7,2021-03-27
365,دالبر,البرزدارو,239,328395,5035898580,15310,15500,15310,0,0,15310,0,0,15100,15500,1400-1-7,2021-03-27
366,كماسه,تامين‌ ماسه‌ ريخته‌گري‌,235,223886,9539782460,43470,42610,42610,-860,-1.98,43300,-170,-0.39,42610,42610,1400-1-7,2021-03-27
367,تسه9910,امتياز تسهيلات مسكن دي99,234,3634,2181890151,586545,615872,591000,4455,0.76,600410,13865,2.36,580011,615872,1400-1-7,2021-03-27
368,عيار,صندوق سكه طلاي مفيد,232,327247,9016957286,27420,27687,27604,184,0.67,27554,134,0.49,27500,27687,1400-1-7,2021-03-27
369,افران,صندوق س افرا نماد پايدار-ثابت,232,5866689,76097638704,12915,12975,12973,58,0.45,12971,56,0.43,12950,12975,1400-1-7,2021-03-27
370,آتيمس,صندوق س.آرمان آتيه درخشان مس-س,230,50877,9898359246,190455,194100,195890,5435,2.85,194555,4100,2.15,191500,198589,1400-1-7,2021-03-27
371,دسبحا,گروه دارويي سبحان,230,404707,8110828140,19390,19070,19650,260,1.34,19490,100,0.52,19070,20520,1400-1-7,2021-03-27
372,شكف,كف,227,223467,20311834064,87470,90968,90968,3498,4,90894,3424,3.91,90000,90968,1400-1-7,2021-03-27
373,وسين,بيمه سينا,227,1188194,17640587377,14444,14877,14877,433,3,14789,345,2.39,14350,14877,1400-1-7,2021-03-27
374,دپارس,پارس‌ دارو,226,124793,10278043730,83890,82240,82240,-1650,-1.97,83570,-320,-0.38,82220,84110,1400-1-7,2021-03-27
375,دفرا,فرآورده‌هاي‌ تزريقي‌ ايران‌,225,387449,9900446940,26030,25600,25550,-480,-1.84,25930,-100,-0.38,25510,26280,1400-1-7,2021-03-27
376,تپولا,مهندسي مرآت پولاد,223,449695,15806324581,36610,35146,35146,-1464,-4,35407,-1203,-3.29,35146,35700,1400-1-7,2021-03-27
377,شپاس,نفت پاسارگاد,223,313754,7122019626,22615,22230,22660,45,0.2,22627,12,0.05,22220,23080,1400-1-7,2021-03-27
378,نهال,صندوق س. طلاي سرخ نوويرا,221,333190,3128918545,9393,9480,9391,-2,-0.02,9391,-2,-0.02,9311,9480,1400-1-7,2021-03-27
379,لخانهح,ح.لوازم‌ خانگي‌ پارس‌,219,361556,6471490844,18264,17899,17899,-365,-2,17899,-365,-2,17899,17899,1400-1-7,2021-03-27
380,غبهنوش,بهنوش‌ ايران‌,207,110182,7839454500,72600,71150,71150,-1450,-2,72370,-230,-0.32,71150,71160,1400-1-7,2021-03-27
381,دسانكو,داروسازي سبحان انكولوژي,207,776752,11257067816,14779,14610,14484,-295,-2,14713,-66,-0.45,14484,14970,1400-1-7,2021-03-27
382,زرين,صندوق س. سهام زرين كوروش-س,207,226383,2436809140,10538,10859,10839,301,2.86,10764,226,2.14,10350,10859,1400-1-7,2021-03-27
383,ولبهمن,شركت بهمن ليزينگ,205,3388003,27829056642,8381,8214,8214,-167,-1.99,8286,-95,-1.13,8214,8214,1400-1-7,2021-03-27
384,سهگمت,سيمان‌هگمتان‌,201,626183,16155459270,25550,26250,26090,540,2.11,25630,80,0.31,25200,26600,1400-1-7,2021-03-27
385,كاسپين,داروسازي كاسپين تامين,201,193886,4704265938,24678,24475,24185,-493,-2,24638,-40,-0.16,24185,24700,1400-1-7,2021-03-27
386,تسه9909,امتياز تسهيلات مسكن آذر99,199,2328,1385629462,590488,578810,590000,-488,-0.08,595202,4714,0.8,562000,620012,1400-1-7,2021-03-27
387,ضجار2003,اختيارخ وتجارت-3000-1400/02/22,196,9408,1967962000,228,200,200,-28,-12.28,209,-19,-8.33,200,230,1400-1-7,2021-03-27
388,سفانو,سيمان فارس نو,193,264962,10770250070,41450,40630,40630,-820,-1.98,41270,-180,-0.43,40630,41400,1400-1-7,2021-03-27
389,بفجر,فجر انرژي خليج فارس,191,243789,5867946200,23770,23880,24170,400,1.68,23800,30,0.13,23880,24280,1400-1-7,2021-03-27
390,بسويچ,پارس‌سويچ‌,187,195138,10123546430,52810,51760,51760,-1050,-1.99,52620,-190,-0.36,51760,53600,1400-1-7,2021-03-27
391,غشصفا,شيرپاستوريزه‌پگاه‌اصفهان‌,187,277782,7671292940,28170,27630,27610,-560,-1.99,28080,-90,-0.32,27610,27900,1400-1-7,2021-03-27
392,پخش,پخش البرز,186,234992,7915059649,33209,34510,33435,226,0.68,33283,74,0.22,33300,34960,1400-1-7,2021-03-27
393,قنقش,قند نقش جهان,184,78977,5680419816,71493,72922,70200,-1293,-1.81,71737,244,0.34,70064,72922,1400-1-7,2021-03-27
394,شراز,پالايش نفت شيراز,180,94262,10831634113,116652,119950,116000,-652,-0.56,116269,-383,-0.33,114320,119950,1400-1-7,2021-03-27
395,رتكو,كنترل‌خوردگي‌تكين‌كو,179,563957,10371169230,18760,18390,18390,-370,-1.97,18680,-80,-0.43,18390,18390,1400-1-7,2021-03-27
396,كسرا,سراميك‌هاي‌صنعتي‌اردكان‌,173,842314,17697017140,21430,21010,21010,-420,-1.96,21280,-150,-0.7,21010,21010,1400-1-7,2021-03-27
397,وسبحان,سرمايه گذاري سبحان,170,6783458,21612097188,3251,3186,3186,-65,-2,3222,-29,-0.89,3186,3186,1400-1-7,2021-03-27
398,صايند,صندوق س. گنجينه آينده روشن-د,167,2424790,24215942140,9939,9967,10000,61,0.61,9987,48,0.48,9950,10000,1400-1-7,2021-03-27
399,پسهند,صنايع‌ لاستيكي‌  سهند,167,252135,10584041220,42810,42080,41960,-850,-1.99,42630,-180,-0.42,41960,42810,1400-1-7,2021-03-27
400,واحيا,م .صنايع و معادن احياء سپاهان,163,281791,42027406955,145887,145769,150263,4376,3,148181,2294,1.57,145769,150263,1400-1-7,2021-03-27
401,زر,صندوق س.پشتوانه سكه طلاي زر,163,109346,5168934586,47179,47540,47252,73,0.15,47271,92,0.2,47130,47540,1400-1-7,2021-03-27
402,وآيند,بانك  آينده,162,4153207,76888321191,18890,18513,18513,-377,-2,18594,-296,-1.57,18513,18513,1400-1-7,2021-03-27
403,لپارس,پارس‌ الكتريك‌,161,93765,8816722950,95940,94030,94030,-1910,-1.99,95600,-340,-0.35,94030,94030,1400-1-7,2021-03-27
404,فايرا,آلومينيوم‌ايران‌,161,2466120,38076892800,14570,15440,15440,870,5.97,15130,560,3.84,15440,15440,1400-1-7,2021-03-27
405,امين يكم2,صندوق درآمد ثابت امين يكم فردا,160,16000000,16000000,10097,1,1,-10096,-99.99,1,-10096,-99.99,1,1,1400-1-7,2021-03-27
406,كفپارس,فرآورده‌هاي‌ نسوز پارس‌,160,1404405,6404086800,4650,4560,4560,-90,-1.94,4640,-10,-0.22,4560,4560,1400-1-7,2021-03-27
407,خفولا,خدمات فني فولاد يزد,156,170575,8409176925,50305,49299,49299,-1006,-2,49873,-432,-0.86,49299,49299,1400-1-7,2021-03-27
408,ساينا,صنايع بهداشتي ساينا,154,33281,5196575418,158899,156725,156010,-2889,-1.82,158607,-292,-0.18,155722,158500,1400-1-7,2021-03-27
409,خكاوه,سايپا ديزل,153,3997780,14072185600,3418,3520,3520,102,2.98,3488,70,2.05,3520,3520,1400-1-7,2021-03-27
410,گوهر,صندوق سكه طلاي كيان,153,43304,2349596981,53864,53300,53950,86,0.16,54258,394,0.73,53300,54500,1400-1-7,2021-03-27
411,وپويا,سرمايه گذاري پويا,151,253326,1658525322,6680,6547,6547,-133,-1.99,6675,-5,-0.07,6547,6547,1400-1-7,2021-03-27
412,تكنار,مجتمع معادن مس تكنار,149,69651,8973081463,131208,130000,128584,-2624,-2,130121,-1087,-0.83,128584,130600,1400-1-7,2021-03-27
413,خاذين,سايپاآذين‌,143,2211711,10350807480,4770,4680,4680,-90,-1.89,4750,-20,-0.42,4680,4680,1400-1-7,2021-03-27
414,ضخود2008,اختيارخ خودرو-3500-1400/02/08,139,5961,274285000,49,34,44,-5,-10.2,46,-3,-6.12,34,49,1400-1-7,2021-03-27
415,قصفها,قنداصفهان‌,138,45210,7136850600,161080,157860,157860,-3220,-2,160610,-470,-0.29,157860,157860,1400-1-7,2021-03-27
416,تكشا,گسترش‌صنايع‌وخدمات‌كشاورزي‌,136,196037,9058869770,47150,46210,46210,-940,-1.99,46980,-170,-0.36,46210,46210,1400-1-7,2021-03-27
417,ضشنا2002,اختيارخ شپنا-12000-1400/02/27,135,1955,5763377000,3134,2510,2920,-214,-6.83,2948,-186,-5.93,2800,3199,1400-1-7,2021-03-27
418,غنوش,نوش‌ مازندران‌,131,89736,5053931520,57460,56320,56320,-1140,-1.98,57340,-120,-0.21,56320,56320,1400-1-7,2021-03-27
419,افق ملت,صندوق س در سهام افق ملت,129,37932,5019605000,131350,131340,134500,3150,2.4,132330,980,0.75,130490,136640,1400-1-7,2021-03-27
420,وسرمد,بيمه  سرمد,124,3122067,20263142187,6302,6491,6491,189,3,6487,185,2.94,6360,6491,1400-1-7,2021-03-27
421,ثفارس,عمران‌وتوسعه‌فارس‌,124,508373,5032892700,10100,9900,9900,-200,-1.98,10080,-20,-0.2,9900,9900,1400-1-7,2021-03-27
422,ارمغان,ص سرمايه گذاري ارمغان ايرانيان,124,1337189,13532603468,10078,10122,10126,48,0.48,10120,42,0.42,10109,10149,1400-1-7,2021-03-27
423,كپشير,پشم‌شيشه‌ايران‌,124,258082,10228075030,40430,39640,39630,-800,-1.98,40260,-170,-0.42,39630,39670,1400-1-7,2021-03-27
424,شساخت,مهندسي و ساختمان صنايع نفت,123,168840,6220659059,36845,36111,37460,615,1.67,36845,0,0,36111,37950,1400-1-7,2021-03-27
425,شاملا,معدني‌ املاح‌  ايران‌,120,56698,2901318790,51450,52640,50770,-680,-1.32,51430,-20,-0.04,50430,52910,1400-1-7,2021-03-27
426,كيان2,صندوق س. با درآمد ثابت كيان,120,12000000,12000000,27663,1,1,-27662,-100,1,-27662,-100,1,1,1400-1-7,2021-03-27
427,قشير,قند شيروان قوچان و بجنورد,119,200369,5077951567,25860,25343,25343,-517,-2,25806,-54,-0.21,25343,25343,1400-1-7,2021-03-27
428,قپيرا,فرآورده‌هاي‌غدايي‌وقندپيرانشهر,118,45752,4646313450,102100,100060,102200,100,0.1,102050,-50,-0.05,100060,104900,1400-1-7,2021-03-27
429,ختراكح,ح . ريخته‌گري‌ تراكتورسازي‌,118,1440726,17035012800,11800,11800,12000,200,1.69,11820,20,0.17,11800,12200,1400-1-7,2021-03-27
430,بزاگرس,نيروگاه زاگرس كوثر,116,341228,2405998628,7194,7051,7051,-143,-1.99,7187,-7,-0.1,7051,7051,1400-1-7,2021-03-27
431,زشريف,كشت وصنعت شريف آباد,115,1738313,8752405955,5137,5035,5035,-102,-1.99,5119,-18,-0.35,5035,5035,1400-1-7,2021-03-27
432,سپر,صندوق س سپر سرمايه بيدار- ثابت,113,3241512,37815069049,11541,11546,11650,109,0.94,11666,125,1.08,11546,11775,1400-1-7,2021-03-27
433,گدنا,تهيه توزيع غذاي دنا آفرين فدك,111,62729,2093141272,34048,33368,33368,-680,-2,34019,-29,-0.09,33368,33368,1400-1-7,2021-03-27
434,شكبير,پتروشيمي اميركبير,110,214748,19675057218,92810,95594,91000,-1810,-1.95,92573,-237,-0.26,90954,95594,1400-1-7,2021-03-27
435,پترولح,ح . گروه پتروشيمي س. ايرانيان,108,2018111,19329707960,9560,10700,9500,-60,-0.63,9580,20,0.21,9500,10700,1400-1-7,2021-03-27
436,دلر,داروسازي‌ اكسير,105,100833,3749411410,36520,37290,37000,480,1.31,36570,50,0.14,36620,37800,1400-1-7,2021-03-27
437,دارا,صندوق س. دارا الگوريتم-د,104,1666960,16757022236,10011,10064,10062,51,0.51,10052,41,0.41,10003,10070,1400-1-7,2021-03-27
438,صنوين,صندوق سرمايه‌گذاري صنوين-مختلط,103,31756,3419056020,105140,105910,108000,2860,2.72,107670,2530,2.41,105510,108000,1400-1-7,2021-03-27
439,تسه9802,امتياز تسهيلات مسكن ارديبهشت98,102,1245,714559787,572997,544548,563177,-9820,-1.71,573944,947,0.17,544548,589000,1400-1-7,2021-03-27
440,كخاك,صنايع‌خاك‌چيني‌ايران‌,102,85257,3645551460,43170,43170,42750,-420,-0.97,43140,-30,-0.07,42330,43600,1400-1-7,2021-03-27
441,ضخود2009,اختيارخ خودرو-4000-1400/02/08,102,5254,144451000,27,34,26,-1,-3.7,27,0,0,24,34,1400-1-7,2021-03-27
442,تسه9907,امتياز تسهيلات مسكن مهر99,101,897,530574445,587326,571522,583001,-4325,-0.74,591499,4173,0.71,571088,600000,1400-1-7,2021-03-27
443,دكپسولح,ح .توليد ژلاتين كپسول ايران,100,110810,2777452650,23647,25065,25065,1418,6,25065,1418,6,25065,25065,1400-1-7,2021-03-27
444,وسنا,سرمايه گذاري نيروگاهي ايران,100,1383688,21884409408,15356,15816,15816,460,3,15816,460,3,15816,15816,1400-1-7,2021-03-27
445,غويتا,ويتانا,97,242227,4339012251,18278,17913,17913,-365,-2,18246,-32,-0.18,17913,17913,1400-1-7,2021-03-27
446,اخزا910,اسنادخزانه-م10بودجه99-020807,95,201600,120278986641,593140,587100,592102,-1038,-0.18,596622,3482,0.59,587100,602000,1400-1-7,2021-03-27
447,ثامان,سامان‌ گستراصفهان‌,95,368500,8317045000,23030,22570,22570,-460,-2,22950,-80,-0.35,22570,22570,1400-1-7,2021-03-27
448,اخزا903,اسنادخزانه-م3بودجه99-011110,92,168234,117173431958,693479,688945,701000,7521,1.08,696491,3012,0.43,685466,701500,1400-1-7,2021-03-27
449,شپلي,پلي اكريل ايران,88,651712,6313785856,9885,9688,9688,-197,-1.99,9795,-90,-0.91,9688,9688,1400-1-7,2021-03-27
450,تسه9902,امتياز تسهيلات مسكن ارديبهشت99,87,1278,749589023,583953,580000,580000,-3953,-0.68,586533,2580,0.44,560001,613150,1400-1-7,2021-03-27
451,ضپاس2002,اختيارخ وپارس-3000-1400/02/29,87,2041,764220000,437,351,380,-57,-13.04,374,-63,-14.42,351,386,1400-1-7,2021-03-27
452,كارين,صندوق س نگين سامان-ثابت,86,1819376,18329435240,10018,10073,10074,56,0.56,10075,57,0.57,10072,10080,1400-1-7,2021-03-27
453,فيروزا,صندوق بادرآمد ثابت فيروزه آسيا,85,765050,17068489601,22258,22320,22340,82,0.37,22310,52,0.23,22168,22460,1400-1-7,2021-03-27
454,واميد,گروه مديريت سرمايه گذاري اميد,85,316423,4066035550,13110,12850,12850,-260,-1.98,13100,-10,-0.08,12850,12850,1400-1-7,2021-03-27
455,تسه9906,امتياز تسهيلات مسكن شهريور99,82,833,490605827,586341,561582,615000,28659,4.89,588963,2622,0.45,557044,615000,1400-1-7,2021-03-27
456,قجامح,ح.فرآورده غذايي وقندتربت‌جام,82,516157,3189850260,6059,6180,6180,121,2,6180,121,2,6180,6180,1400-1-7,2021-03-27
457,اخزا901,اسنادخزانه-م1بودجه99-010621,82,110910,82691048713,744627,738578,747012,2385,0.32,745569,942,0.13,738578,749890,1400-1-7,2021-03-27
458,كاسپينح,ح .داروسازي كاسپين تامين,81,2283674,44341774631,19416,20580,19400,-16,-0.08,19417,1,0.01,19400,20580,1400-1-7,2021-03-27
459,دكوثر,داروسازي‌ كوثر,80,268488,5479840080,20820,20410,20410,-410,-1.97,20770,-50,-0.24,20410,20410,1400-1-7,2021-03-27
460,ثتوسا,س.توسعه و عمران استان اردبيل,80,57826,2239658806,40344,38731,38731,-1613,-4,40156,-188,-0.47,38731,38731,1400-1-7,2021-03-27
461,تپمپي,پمپ‌ سازي‌ ايران‌,79,243566,4654546260,19490,19110,19110,-380,-1.95,19450,-40,-0.21,19110,19110,1400-1-7,2021-03-27
462,قچار,فراوردههاي غذايي وقند چهارمحال,78,46713,4156709592,90800,88984,88984,-1816,-2,90646,-154,-0.17,88984,88984,1400-1-7,2021-03-27
463,تسه9810,امتياز تسهيلات مسكن دي98,76,1191,689926164,574254,547098,585000,10746,1.87,579283,5029,0.88,545542,602966,1400-1-7,2021-03-27
464,گكيش,توريستي ورفاهي آبادگران كيش,75,130563,6635603349,52940,50823,50823,-2117,-4,52208,-732,-1.38,50823,50823,1400-1-7,2021-03-27
465,لكما,كارخانجات‌مخابراتي‌ايران‌,74,246200,1513391400,6272,6147,6147,-125,-1.99,6262,-10,-0.16,6147,6147,1400-1-7,2021-03-27
466,وگستر,گسترش سرمايه گذاري ايرانيان,72,124959,2370347271,19356,18969,18969,-387,-2,19337,-19,-0.1,18969,18969,1400-1-7,2021-03-27
467,ضخود2013,اختيارخ خودرو-7000-1400/02/08,71,4091,32668000,8,6,10,2,25,8,0,0,5,10,1400-1-7,2021-03-27
468,فنورد,نوردوقطعات‌ فولادي‌,71,22113,4117219470,189980,186190,186190,-3790,-1.99,189660,-320,-0.17,186190,186190,1400-1-7,2021-03-27
469,آپ,آسان پرداخت پرشين,70,74410,1323009800,18140,17780,17780,-360,-1.98,18130,-10,-0.06,17780,17780,1400-1-7,2021-03-27
470,فردا,صندوق س آواي فرداي زاگرس-ثابت,70,516458,5385792926,10367,10428,10498,131,1.26,10428,61,0.59,10423,10498,1400-1-7,2021-03-27
471,سمايه,بانك سرمايه,69,1733777,10761553839,6333,6207,6207,-126,-1.99,6264,-69,-1.09,6207,6207,1400-1-7,2021-03-27
472,ساوه,سيمان ساوه,69,32451,1951538238,61365,60138,60138,-1227,-2,61316,-49,-0.08,60138,60138,1400-1-7,2021-03-27
473,تسه9904,امتياز تسهيلات مسكن تير99,68,456,269889993,579776,595000,580000,224,0.04,591864,12088,2.08,553322,608764,1400-1-7,2021-03-27
474,چخزر,صنايع چوب خزر كاسپين,66,20291,1170750118,58875,57698,57698,-1177,-2,58847,-28,-0.05,57698,57698,1400-1-7,2021-03-27
475,كوير,توليدي فولاد سپيد فراب كوير,65,53276,1177932360,22560,22110,22110,-450,-1.99,22550,-10,-0.04,22110,22110,1400-1-7,2021-03-27
476,اخزا902,اسنادخزانه-م2بودجه99-011019,65,80423,56410290561,701956,698269,708000,6044,0.86,701420,-536,-0.08,691559,708000,1400-1-7,2021-03-27
477,شسينا,صنايع‌شيميايي‌سينا,65,93775,12568663250,136760,134030,134030,-2730,-2,136060,-700,-0.51,134030,134030,1400-1-7,2021-03-27
478,قشكر,شكرشاهرود,65,559130,2113511400,3850,3780,3780,-70,-1.82,3850,0,0,3780,3780,1400-1-7,2021-03-27
479,خبازرس,بازرسي مهندسي و صنعتي ايران,64,608170,21054845400,33612,34620,34620,1008,3,34620,1008,3,34620,34620,1400-1-7,2021-03-27
480,دشيمي,شيمي‌ داروئي‌ داروپخش‌,63,148193,4537669660,31240,30620,30620,-620,-1.98,31180,-60,-0.19,30620,30620,1400-1-7,2021-03-27
481,تسه9905,امتياز تسهيلات مسكن مرداد99,63,441,258527761,586691,557357,588000,1309,0.22,586231,-460,-0.08,557357,616000,1400-1-7,2021-03-27
482,زعف0008پ10,زعفران0008نگين طلاي سرخ(پ),62,32837,3963902201,120478,120120,120100,-378,-0.31,120715,237,0.2,116001,126007,1400-1-7,2021-03-27
483,ثروتم,صندوق س. ثروت آفرين پارسيان-س,62,66430,5388381960,78088,80990,81750,3662,4.69,81114,3026,3.88,80300,82090,1400-1-7,2021-03-27
484,سخاش,سيمان‌خاش‌,61,11809,1815633750,156880,153750,153750,-3130,-2,156760,-120,-0.08,153750,153750,1400-1-7,2021-03-27
485,ضصاد3003,اختيارخ وبصادر-3000-1400/03/12,61,1792,321712000,163,160,160,-3,-1.84,180,17,10.43,160,192,1400-1-7,2021-03-27
486,ركيش,كارت اعتباري ايران كيش,60,210488,5083919770,24640,24170,24150,-490,-1.99,24590,-50,-0.2,24150,24170,1400-1-7,2021-03-27
487,ثجوان,تامين مسكن جوانان,59,674570,7460933817,11262,11037,11261,-1,-0.01,11185,-77,-0.68,11037,11261,1400-1-7,2021-03-27
488,غشان,شيرپاستوريزه‌پگاه‌خراسان‌,59,276088,2092747040,7730,7580,7580,-150,-1.94,7720,-10,-0.13,7580,7580,1400-1-7,2021-03-27
489,تسه9903,امتياز تسهيلات مسكن خرداد99,59,681,403285042,576143,565000,590000,13857,2.41,592195,16052,2.79,565000,600000,1400-1-7,2021-03-27
490,تسه9803,امتياز تسهيلات مسكن خرداد98,59,923,539688519,577040,551260,578500,1460,0.25,584711,7671,1.33,551260,600000,1400-1-7,2021-03-27
491,اخزا908,اسنادخزانه-م8بودجه99-020606,58,312751,192399321926,613346,614997,620000,6654,1.08,615184,1838,0.3,610000,620000,1400-1-7,2021-03-27
492,قثابت,قند ثابت‌ خراسان‌,58,59096,3981297520,68740,67370,67370,-1370,-1.99,68630,-110,-0.16,67370,67370,1400-1-7,2021-03-27
493,توريل,توكاريل,56,264814,6572418666,25325,24819,24819,-506,-2,25257,-68,-0.27,24819,24819,1400-1-7,2021-03-27
494,خاتم,صندوق س خاتم ايساتيس پويا-ثابت,56,968858,10426044437,10716,10762,10764,48,0.45,10761,45,0.42,10760,10765,1400-1-7,2021-03-27
495,سكه0011پ02,تمام سكه طرح جديد0011ملت,56,11000,12105666100,1090808,1100000,1101000,10192,0.93,1100515,9707,0.89,1093000,1110000,1400-1-7,2021-03-27
496,زمگسا,كشاورزي‌ ودامپروي‌ مگسال‌,55,80961,2598848100,32750,32100,32100,-650,-1.98,32720,-30,-0.09,32100,32100,1400-1-7,2021-03-27
497,كسرام,پارس‌ سرام‌,54,159164,1305144800,8360,8200,8200,-160,-1.91,8360,0,0,8200,8200,1400-1-7,2021-03-27
498,زنگان,صنعت روي زنگان,54,36286,3743445190,105270,103165,103165,-2105,-2,105109,-161,-0.15,103165,103165,1400-1-7,2021-03-27
499,الماس,صندوق س.امين تدبيرگران فردا-س,53,7190,788753403,110307,109100,109705,-602,-0.55,109701,-606,-0.55,109000,110999,1400-1-7,2021-03-27
500,خلنت,لنت‌ ترمزايران‌,52,22203,2038679460,93690,91820,91820,-1870,-2,93610,-80,-0.09,91820,91820,1400-1-7,2021-03-27
501,خكار,ايركا پارت صنعت,52,247918,5345112080,21990,21560,21560,-430,-1.96,21940,-50,-0.23,21560,21560,1400-1-7,2021-03-27
502,ساروم,سيمان‌اروميه‌,49,27269,1109030230,41500,40670,40670,-830,-2,41480,-20,-0.05,40670,40670,1400-1-7,2021-03-27
503,هجرت,پخش هجرت,49,72640,2020990080,28389,27822,27822,-567,-2,28366,-23,-0.08,27822,27822,1400-1-7,2021-03-27
504,سكه0112پ03,تمام سكه طرح جديد0112سامان,47,11300,12419188200,1086753,1110000,1098999,12246,1.13,1099043,12290,1.13,1095001,1110000,1400-1-7,2021-03-27
505,كي بي سي,شركت كي بي سي,46,69138,1900188792,28044,27484,27484,-560,-2,28022,-22,-0.08,27484,27484,1400-1-7,2021-03-27
506,ضشنا2000,اختيارخ شپنا-9000-1400/02/27,44,444,2392473000,5808,5800,5700,-108,-1.86,5388,-420,-7.23,5300,5800,1400-1-7,2021-03-27
507,خوساز,محورسازان‌ايران‌خودرو,43,155715,1223919900,8020,7860,7860,-160,-2,8020,0,0,7860,7860,1400-1-7,2021-03-27
508,غچين,كشت‌ و صنعت‌ چين‌ چين,43,161423,3201018090,20230,19830,19830,-400,-1.98,20200,-30,-0.15,19830,19830,1400-1-7,2021-03-27
509,شدوص,دوده‌ صنعتي‌ پارس‌,43,538686,15357937860,29090,28510,28510,-580,-1.99,28910,-180,-0.62,28510,28510,1400-1-7,2021-03-27
510,ضسپا3002,اختيارخ خساپا-1800-1400/03/26,42,1802,1297509000,601,710,799,198,32.95,720,119,19.8,710,799,1400-1-7,2021-03-27
511,وكادو,تكادو,42,221692,4350927192,20026,19626,19626,-400,-2,19937,-89,-0.44,19626,19626,1400-1-7,2021-03-27
512,اخزا809,اسنادخزانه-م9بودجه98-000923,40,58861,51093957443,863512,865000,869000,5488,0.64,868044,4532,0.52,863011,869000,1400-1-7,2021-03-27
513,وآذر,سرمايه‌گذاري‌توسعه‌آذربايجان‌,40,12197,1027231340,85930,84220,84220,-1710,-1.99,85890,-40,-0.05,84220,84220,1400-1-7,2021-03-27
514,بنيرو,نيروترانس‌,39,48795,728021400,15220,14920,14920,-300,-1.97,15220,0,0,14920,14920,1400-1-7,2021-03-27
515,حپارسا,توسعه حمل و نقل ريلي پارسيان,38,121707,4212766098,35320,34614,34614,-706,-2,35259,-61,-0.17,34614,34614,1400-1-7,2021-03-27
516,ضترا3002,اختيارخ شتران-8000-1400/03/09,38,250,729150000,2849,2851,2980,131,4.6,2917,68,2.39,2850,3150,1400-1-7,2021-03-27
517,دابور,داروسازي‌ ابوريحان‌,38,29457,1139985900,39480,38700,38700,-780,-1.98,39460,-20,-0.05,38700,38700,1400-1-7,2021-03-27
518,اطلس2,صندوق س.توسعه اندوخته آينده-س,37,370000,370000,218519,1,1,-218518,-100,1,-218518,-100,1,1,1400-1-7,2021-03-27
519,تسه9901,امتياز تسهيلات مسكن فروردين99,37,192,115644480,573634,602315,602315,28681,5,602315,28681,5,602315,602315,1400-1-7,2021-03-27
520,بذر,صندوق س بذر اميد آفرين-سهام,37,9322,967204170,102920,103490,102850,-70,-0.07,103760,840,0.82,102510,104900,1400-1-7,2021-03-27
521,ثنوسا,نوسازي‌وساختمان‌تهران‌,36,392990,5042061700,13090,12830,12830,-260,-1.99,13060,-30,-0.23,12830,12830,1400-1-7,2021-03-27
522,دمعيار,صندوق س. توازن معيار-د,36,255152,2560550198,10129,10035,10036,-93,-0.92,10035,-94,-0.93,10034,10039,1400-1-7,2021-03-27
523,سجامح,ح.مجتمع سيمان غرب آسيا,36,299131,603048096,2057,2016,2016,-41,-1.99,2016,-41,-1.99,2016,2016,1400-1-7,2021-03-27
524,چافست,افست‌,36,116141,1890775480,16610,16280,16280,-330,-1.99,16600,-10,-0.06,16280,16280,1400-1-7,2021-03-27
525,فمراد,آلومراد,36,6949,982241150,144230,141350,141350,-2880,-2,144170,-60,-0.04,141350,141350,1400-1-7,2021-03-27
526,اخزا909,اسنادخزانه-م9بودجه99-020316,35,79572,51330020151,645842,645842,646498,656,0.1,645076,-766,-0.12,642990,646498,1400-1-7,2021-03-27
527,ضملي3003,اختيارخ فملي-12000-1400/03/02,34,496,1153212000,2229,2400,2200,-29,-1.3,2325,96,4.31,2200,2550,1400-1-7,2021-03-27
528,اخزا907,اسنادخزانه-م7بودجه99-020704,34,156266,94704680527,603983,604950,614999,11016,1.82,606048,2065,0.34,602102,614999,1400-1-7,2021-03-27
529,ثنظام,س. ساختماني نظام مهندسي ايران,34,30548,1404108272,47879,45964,45964,-1915,-4,47739,-140,-0.29,45964,45964,1400-1-7,2021-03-27
530,سدشت,صنايع سيمان دشتستان,34,73888,4434757760,56630,60020,60020,3390,5.99,56910,280,0.49,60020,60020,1400-1-7,2021-03-27
531,بالبر,كابل‌ البرز,34,13679,802683720,59870,58680,58680,-1190,-1.99,59850,-20,-0.03,58680,58680,1400-1-7,2021-03-27
532,ثپرديس,سرمايه گذاري مسكن پرديس,34,162193,1618199561,10180,9977,9977,-203,-1.99,10173,-7,-0.07,9977,9977,1400-1-7,2021-03-27
533,وارس,سرمايه گذاري ارس صبا,33,186736,2834652480,15489,15180,15180,-309,-1.99,15444,-45,-0.29,15180,15180,1400-1-7,2021-03-27
534,اعتلا,شركت سرمايه گذاري اعتلاء البرز,33,222766,1841829288,8436,8268,8268,-168,-1.99,8430,-6,-0.07,8268,8268,1400-1-7,2021-03-27
535,زعف0008پ05,زعفران0008نگين زرين(پ),33,9887,1197749392,119875,118500,122879,3004,2.51,121144,1269,1.06,118500,122997,1400-1-7,2021-03-27
536,ثعمرا,عمران و توسعه شاهد,33,66751,855480816,13077,12816,12816,-261,-2,13072,-5,-0.04,12816,12816,1400-1-7,2021-03-27
537,تسه9807,امتياز تسهيلات مسكن مهر98,32,581,331711877,557807,532202,546000,-11807,-2.12,570933,13126,2.35,532202,585697,1400-1-7,2021-03-27
538,ثاژن,سخت آژند,32,1063810,10475337070,10047,9847,9847,-200,-1.99,9847,-200,-1.99,9847,9847,1400-1-7,2021-03-27
539,اخزا817,اسنادخزانه-م17بودجه98-010512,32,13618,10548935658,763238,764111,780000,16762,2.2,774632,11394,1.49,764009,780000,1400-1-7,2021-03-27
540,غشاذر,پگاه‌آذربايجان‌غربي‌,30,112733,1104783400,10000,9800,9800,-200,-2,10000,0,0,9800,9800,1400-1-7,2021-03-27
541,تسه9812,امتياز تسهيلات مسكن اسفند98,30,305,176362340,569967,598465,570000,33,0.01,578237,8270,1.45,541469,598465,1400-1-7,2021-03-27
542,آسام,صندوق س.آرمان سپهر آشنا-م,30,27010,2868760400,106042,107500,106500,458,0.43,106211,169,0.16,105212,107500,1400-1-7,2021-03-27
543,زفكا,كشت و دامداري فكا,30,179888,2341961872,13284,13019,13019,-265,-1.99,13271,-13,-0.1,13019,13019,1400-1-7,2021-03-27
544,سصفها,سيمان‌اصفهان‌,29,9343,1174041380,128220,125660,125660,-2560,-2,128160,-60,-0.05,125660,125660,1400-1-7,2021-03-27
545,وملت,سرمايه گذاري ملت,29,126820,553822940,4456,4367,4367,-89,-2,4451,-5,-0.11,4367,4367,1400-1-7,2021-03-27
546,تسه9808,امتياز تسهيلات مسكن آبان98,29,362,204548993,564752,536515,557000,-7752,-1.37,565052,300,0.05,536515,589990,1400-1-7,2021-03-27
547,دجابر,داروسازي‌ جابرابن‌حيان‌,29,48346,961118480,20280,19880,19880,-400,-1.97,20270,-10,-0.05,19880,19880,1400-1-7,2021-03-27
548,اخزا815,اسنادخزانه-م15بودجه98-010406,29,40534,31885534465,780830,776000,792000,11170,1.43,786637,5807,0.74,775100,792000,1400-1-7,2021-03-27
549,كسعدي,كاشي‌ سعدي‌,29,89979,1897657110,21520,21090,21090,-430,-2,21500,-20,-0.09,21090,21090,1400-1-7,2021-03-27
550,تسه9804,امتياز تسهيلات مسكن تير98,29,379,224498288,577945,549050,590000,12055,2.09,592344,14399,2.49,549050,606790,1400-1-7,2021-03-27
551,حآسا,آسيا سير ارس,28,25714,1137793072,45151,44248,44248,-903,-2,45130,-21,-0.05,44248,44248,1400-1-7,2021-03-27
552,ولملت,واسپاري ملت,28,114955,921939100,8180,8020,8020,-160,-1.96,8180,0,0,8020,8020,1400-1-7,2021-03-27
553,زكشت,كشاورزي مكانيزه اصفهان كشت,27,24024,951566616,40417,39609,39609,-808,-2,40401,-16,-0.04,39609,39609,1400-1-7,2021-03-27
554,تسه9811,امتياز تسهيلات مسكن بهمن98,27,342,198884569,571011,542461,543000,-28011,-4.91,581534,10523,1.84,542461,599561,1400-1-7,2021-03-27
555,كفرا,فراورده‌ هاي‌ نسوزايران‌,27,45851,2134822560,47510,46560,46560,-950,-2,47470,-40,-0.08,46560,46560,1400-1-7,2021-03-27
556,لخزر,پارس‌ خزر,27,5637,1035347790,187410,183670,183670,-3740,-2,187330,-80,-0.04,183670,183670,1400-1-7,2021-03-27
557,غصينو,صنعتي مينو,26,19293,1288521591,68149,66787,66787,-1362,-2,68131,-18,-0.03,66787,66787,1400-1-7,2021-03-27
558,ضملت3002,اختيارخ وبملت-4000-1400/03/19,26,407,314793000,755,700,705,-50,-6.62,773,18,2.38,700,870,1400-1-7,2021-03-27
559,خموتور,موتورسازان‌تراكتورسازي‌ايران‌,26,99389,1468969420,15080,14780,14780,-300,-1.99,15070,-10,-0.07,14780,14780,1400-1-7,2021-03-27
560,بايكا,كارخانجات كابلسازي ‌ايران‌,26,41629,1702209810,42593,40890,40890,-1703,-4,42442,-151,-0.35,40890,40890,1400-1-7,2021-03-27
561,كترام,توليدي‌ كاشي‌ تكسرام‌,26,13423,641485170,48760,47790,47790,-970,-1.99,48750,-10,-0.02,47790,47790,1400-1-7,2021-03-27
562,اخزا904,اسنادخزانه-م4بودجه99-011215,26,69915,48411845929,676368,680000,690000,13632,2.02,692439,16071,2.38,674939,700000,1400-1-7,2021-03-27
563,ثالوند,سرمايه گذاري مسكن الوند,25,29151,939973995,32903,32245,32245,-658,-2,32890,-13,-0.04,32245,32245,1400-1-7,2021-03-27
564,خزر,فنرسازي‌زر,25,54147,2533538130,47740,46790,46790,-950,-1.99,47690,-50,-0.1,46790,46790,1400-1-7,2021-03-27
565,غمارگ,مارگارين‌,25,208649,6562011050,32090,31450,31450,-640,-1.99,32000,-90,-0.28,31450,31450,1400-1-7,2021-03-27
566,بكاب,صنايع‌جوشكاب‌يزد,24,3074,1087458240,360970,353760,353760,-7210,-2,360810,-160,-0.04,353760,353760,1400-1-7,2021-03-27
567,اخزا820,اسنادخزانه-م20بودجه98-020806,24,84658,50725258209,604038,593510,599000,-5038,-0.83,599179,-4859,-0.8,592001,601000,1400-1-7,2021-03-27
568,زعف0008پ11,زعفران0008نگين سحرخيز(پ),23,57767,6945171453,119940,120001,120000,60,0.05,120227,287,0.24,120000,124999,1400-1-7,2021-03-27
569,ضفلا3004,اختيارخ فولاد-8560-1400/03/19,23,344,1009150000,2647,2850,2840,193,7.29,2934,287,10.84,2800,3000,1400-1-7,2021-03-27
570,سكه0012پ04,تمام سكه طرح جديد0012صادرات,23,4700,5179854100,1089400,1106000,1100000,10600,0.97,1102097,12697,1.17,1091002,1106000,1400-1-7,2021-03-27
571,كساپا,سايپاشيشه‌,23,151511,5830143280,39260,38480,38480,-780,-1.99,39170,-90,-0.23,38480,38480,1400-1-7,2021-03-27
572,سپرمي,پرميت‌,23,310419,2746587312,8761,8848,8848,87,0.99,8808,47,0.54,8848,8848,1400-1-7,2021-03-27
573,ضصاد3002,اختيارخ وبصادر-2500-1400/03/12,23,438,189156000,409,454,420,11,2.69,432,23,5.62,420,462,1400-1-7,2021-03-27
574,پارتا,مجتمع‌صنعتي‌آرتاويل‌تاير,23,6705,371356425,56515,55385,55385,-1130,-2,56499,-16,-0.03,55385,55385,1400-1-7,2021-03-27
575,اخزا806,اسنادخزانه-م6بودجه98-000519,23,6155,5718047697,923155,930500,927500,4345,0.47,929009,5854,0.63,927500,930999,1400-1-7,2021-03-27
576,سخند,صندوق س.سپهرخبرگان نفت-د,23,564730,5709158310,10067,10108,10117,50,0.5,10110,43,0.43,10108,10117,1400-1-7,2021-03-27
577,اخزا814,اسنادخزانه-م14بودجه98-010318,23,12106,9753820646,791642,790200,816999,25357,3.2,805701,14059,1.78,790200,817000,1400-1-7,2021-03-27
578,تسه9809,امتياز تسهيلات مسكن آذر98,22,203,115668647,568753,541000,597190,28437,5,569796,1043,0.18,541000,597190,1400-1-7,2021-03-27
579,كتوكا,توليدي و خدمات صنايع نسوز توكا,22,82345,3156201505,39111,38329,38329,-782,-2,39061,-50,-0.13,38329,38329,1400-1-7,2021-03-27
580,قاسم,قاسم ايران,22,92850,1242147300,13651,13378,13378,-273,-2,13644,-7,-0.05,13378,13378,1400-1-7,2021-03-27
581,فولاي,صنايع فولاد آلياژي يزد,22,19349,970913471,51203,50179,50179,-1024,-2,51183,-20,-0.04,50179,50179,1400-1-7,2021-03-27
582,سفارود,كارخانه فارسيت درود,22,124413,2192405886,18356,17622,17622,-734,-4,18188,-168,-0.92,17622,17622,1400-1-7,2021-03-27
583,غدام,خوراك‌  دام‌ پارس‌,22,1740,683019600,400550,392540,392540,-8010,-2,400440,-110,-0.03,392540,392540,1400-1-7,2021-03-27
584,غمهرا,توليدي‌مهرام‌,22,3930,470263800,122100,119660,119660,-2440,-2,122080,-20,-0.02,119660,119660,1400-1-7,2021-03-27
585,سجام,مجتمع سيمان غرب آسيا,21,60565,307125115,5174,5071,5071,-103,-1.99,5172,-2,-0.04,5071,5071,1400-1-7,2021-03-27
586,تسه9801,امتياز تسهيلات مسكن فروردين98,20,699,340796052,513208,487548,487548,-25660,-5,487548,-25660,-5,487548,487548,1400-1-7,2021-03-27
587,فلامي,لاميران‌,20,42143,1858927730,45010,44110,44110,-900,-2,44980,-30,-0.07,44110,44110,1400-1-7,2021-03-27
588,عيار2,صندوق سكه طلاي مفيد,20,200000,200000,27420,1,1,-27419,-100,1,-27419,-100,1,1,1400-1-7,2021-03-27
589,شتوكا,توكا رنگ فولاد سپاهان,19,7148,380316488,54291,53206,53206,-1085,-2,54283,-8,-0.01,53206,53206,1400-1-7,2021-03-27
590,غپآذر,شير پگاه آذربايجان شرقي,19,7509,485133963,65925,64607,64607,-1318,-2,65912,-13,-0.02,64607,64607,1400-1-7,2021-03-27
591,كاذر,فرآورده‌هاي‌نسوزآذر,19,4528,148473120,33450,32790,32790,-660,-1.97,33450,0,0,32790,32790,1400-1-7,2021-03-27
592,پلوله,گازلوله‌,19,559571,11515971180,19981,20580,20580,599,3,20316,335,1.68,20580,20580,1400-1-7,2021-03-27
593,ضشنا2001,اختيارخ شپنا-10000-1400/02/27,19,151,673893000,4855,4500,4555,-300,-6.18,4463,-392,-8.07,4210,4555,1400-1-7,2021-03-27
594,ساربيل,سيمان آرتا اردبيل,19,110520,6307376400,58230,57070,57070,-1160,-1.99,58080,-150,-0.26,57070,57070,1400-1-7,2021-03-27
595,چفيبر,فيبر ايران‌,19,31129,424910850,13920,13650,13650,-270,-1.94,13920,0,0,13650,13650,1400-1-7,2021-03-27
596,فپنتا,سپنتا,19,2961,1191920940,410750,402540,402540,-8210,-2,410550,-200,-0.05,402540,402540,1400-1-7,2021-03-27
597,فنرژي,گسترش صنايع انرژي آذرآب,19,117976,2283425480,19750,19355,19355,-395,-2,19658,-92,-0.47,19355,19355,1400-1-7,2021-03-27
598,گنجين,صندوق س. گنجينه يكم آويد-د,18,135338,1692388264,12483,12503,12517,34,0.27,12505,22,0.18,12503,12518,1400-1-7,2021-03-27
599,سبهان,سيمان‌ بهبهان‌,18,7073,987320070,142430,139590,139590,-2840,-1.99,142370,-60,-0.04,139590,139590,1400-1-7,2021-03-27
600,قهكمت,قندهكمتان‌,18,11626,526774060,46230,45310,45310,-920,-1.99,46220,-10,-0.02,45310,45310,1400-1-7,2021-03-27
601,خنصير,مهندسي‌نصيرماشين‌,18,9049,975844160,110040,107840,107840,-2200,-2,110000,-40,-0.04,107840,107840,1400-1-7,2021-03-27
602,وزمين,بانك ايران زمين,18,15859,209322941,13748,13199,13199,-549,-3.99,13743,-5,-0.04,13199,13199,1400-1-7,2021-03-27
603,تسه9805,امتياز تسهيلات مسكن مرداد98,18,132,76091363,569274,597737,570000,726,0.13,576450,7176,1.26,546150,597737,1400-1-7,2021-03-27
604,كابگن,توليدي و صنعتي آبگينه‌,18,155555,802719355,5110,5160,5161,51,1,5118,8,0.16,5160,5161,1400-1-7,2021-03-27
605,داوه,داروسازي آوه سينا,18,30417,602195766,20202,19798,19798,-404,-2,20197,-5,-0.02,19798,19798,1400-1-7,2021-03-27
606,فسا,پتروشيمي فسا,17,104538,188795628,1842,1806,1806,-36,-1.95,1842,0,0,1806,1806,1400-1-7,2021-03-27
607,داسوه,داروسازي‌ اسوه‌,17,18728,686568480,37400,36660,36660,-740,-1.98,37390,-10,-0.03,36660,36660,1400-1-7,2021-03-27
608,بهپاك,صنعتي بهپاك,17,100112,4414839088,44998,44099,44099,-899,-2,44917,-81,-0.18,44099,44099,1400-1-7,2021-03-27
609,وآوا,سرمايه گذاري آوا نوين,17,23763,207355938,8904,8726,8726,-178,-2,8903,-1,-0.01,8726,8726,1400-1-7,2021-03-27
610,خچرخش,چرخشگر,17,62128,1113955040,18290,17930,17930,-360,-1.97,18280,-10,-0.05,17930,17930,1400-1-7,2021-03-27
611,سدور,سيمان‌ دورود,17,44344,844753200,19430,19050,19050,-380,-1.96,19420,-10,-0.05,19050,19050,1400-1-7,2021-03-27
612,اوصتا,صندوق انديشه ورزان صباتامين -د,17,101541,1850918586,18157,18225,18234,77,0.42,18228,71,0.39,18225,18234,1400-1-7,2021-03-27
613,پاسا,ايران‌ياساتايرورابر,17,18068,473200920,26720,26190,26190,-530,-1.98,26710,-10,-0.04,26190,26190,1400-1-7,2021-03-27
614,دقاضي,داروسازي شهيد قاضي,16,17926,756029050,43932,42175,42175,-1757,-4,43863,-69,-0.16,42175,42175,1400-1-7,2021-03-27
615,زعف0008پ20,زعفران0008نگين وحدت جام(پ),16,19855,2364140110,118844,118202,118999,155,0.13,119070,226,0.19,118202,119111,1400-1-7,2021-03-27
616,سدبير,س. تدبيرگران فارس وخوزستان,16,15344,1350885760,89836,88040,88040,-1796,-2,89786,-50,-0.06,88040,88040,1400-1-7,2021-03-27
617,فبيرا,بسته‌ بندي‌ ايران‌,16,55538,170668274,3135,3073,3073,-62,-1.98,3134,-1,-0.03,3073,3073,1400-1-7,2021-03-27
618,حتوكا,حمل‌ونقل‌توكا,16,23720,718004400,30880,30270,30270,-610,-1.98,30870,-10,-0.03,30270,30270,1400-1-7,2021-03-27
619,آ س پ,آ.س.پ,16,36435,576656745,16149,15827,15827,-322,-1.99,16145,-4,-0.02,15827,15827,1400-1-7,2021-03-27
620,ثشرق,سرمايه گذاري مسكن شمال شرق,16,64226,435452280,6910,6780,6780,-130,-1.88,6910,0,0,6780,6780,1400-1-7,2021-03-27
621,زماهان,مجتمع توليد گوشت مرغ ماهان,15,54750,1114436250,20770,20355,20355,-415,-2,20761,-9,-0.04,20355,20355,1400-1-7,2021-03-27
622,نيرو,نيرو سرمايه,15,20894,1090896634,53276,52211,52211,-1065,-2,53217,-59,-0.11,52211,52211,1400-1-7,2021-03-27
623,غگلستا,شير پاستوريزه پگاه گلستان,15,16507,463268955,28637,28065,28065,-572,-2,28632,-5,-0.02,28065,28065,1400-1-7,2021-03-27
624,افرا,افرانت,15,20036,695128984,35402,34694,34694,-708,-2,35392,-10,-0.03,34694,34694,1400-1-7,2021-03-27
625,ضشنا2003,اختيارخ شپنا-14000-1400/02/27,15,331,592282000,1776,1666,1707,-69,-3.89,1789,13,0.73,1666,1899,1400-1-7,2021-03-27
626,معيار ,سرمايه گذاري معيار صنعت پارس,14,154274,6837115132,45222,44318,44318,-904,-2,44907,-315,-0.7,44318,44318,1400-1-7,2021-03-27
627,اراد50,مرابحه عام دولت5-ش.خ0302,14,285000,285000265000,1016872,1000000,1000001,-16871,-1.66,1000001,-16871,-1.66,1000000,1000001,1400-1-7,2021-03-27
628,دحاوي,الحاوي,14,24197,284193765,12234,11745,11745,-489,-4,12227,-7,-0.06,11745,11745,1400-1-7,2021-03-27
629,كشرق,صنعتي و معدني شمال شرق شاهرود,14,14282,1329025792,94955,93056,93056,-1899,-2,94903,-52,-0.05,93056,93056,1400-1-7,2021-03-27
630,فجام,جام‌دارو,14,28040,285166800,10370,10170,10170,-200,-1.93,10370,0,0,10170,10170,1400-1-7,2021-03-27
631,اخزا821,اسنادخزانه-م21بودجه98-020906,14,2628,1550000165,588899,599990,585300,-3599,-0.61,589802,903,0.15,585205,599995,1400-1-7,2021-03-27
632,وايران,ليزينگ ايرانيان,14,22547,278004510,12580,12330,12330,-250,-1.99,12580,0,0,12330,12330,1400-1-7,2021-03-27
633,تمحركه,ماشين سازي نيرو محركه,13,18758,380374724,20691,20278,20278,-413,-2,20683,-8,-0.04,20278,20278,1400-1-7,2021-03-27
634,ولشرق,ليزينگ ايران و شرق,13,57169,489023626,8728,8554,8554,-174,-1.99,8726,-2,-0.02,8554,8554,1400-1-7,2021-03-27
635,زعف0008پ08,زعفران0008نگين روستا(پ),13,4236,510796434,119625,120200,121000,1375,1.15,120585,960,0.8,119000,122999,1400-1-7,2021-03-27
636,سخواف,سيمان مجد خواف,13,28276,474329900,17117,16775,16775,-342,-2,17109,-8,-0.05,16775,16775,1400-1-7,2021-03-27
637,بشهاب,لامپ‌  پارس‌ شهاب‌,13,5322,780577740,149660,146670,146670,-2990,-2,149610,-50,-0.03,146670,146670,1400-1-7,2021-03-27
638,اخزا818,اسنادخزانه-م18بودجه98-010614,12,6062,4681898840,752006,750000,786000,33994,4.52,772336,20330,2.7,750000,786000,1400-1-7,2021-03-27
639,ضغدر3000,اختيارخ وغدير-6200-1400/03/26,12,45,275280000,5757,5600,6100,343,5.96,6117,360,6.25,5600,6500,1400-1-7,2021-03-27
640,سخزر,سيمان‌ خزر,12,3576,108138240,30850,30240,30240,-610,-1.98,30850,0,0,30240,30240,1400-1-7,2021-03-27
641,لازما,كارخانه هاي صنعتي آزمايش,12,121381,4138485195,34790,34095,34095,-695,-2,34643,-147,-0.42,34095,34095,1400-1-7,2021-03-27
642,فنفت,صنايع تجهيزات نفت,12,6037,198279228,33514,32844,32844,-670,-2,33507,-7,-0.02,32844,32844,1400-1-7,2021-03-27
643,ثاباد,توريستي ورفاهي آبادگران ايران,12,3243,175024710,55070,53970,53970,-1100,-2,55070,0,0,53970,53970,1400-1-7,2021-03-27
644,زعف0008پ18,زعفران0008نگين بهرامن(پ),12,5490,664434600,121001,121900,120000,-1001,-0.83,121026,25,0.02,120000,122000,1400-1-7,2021-03-27
645,ضغدر3003,اختيارخ وغدير-9200-1400/03/26,12,73,238900000,3486,3000,3500,14,0.4,3273,-213,-6.11,3000,3500,1400-1-7,2021-03-27
646,حسير,ريل سير كوثر,12,7071,120659544,17412,17064,17064,-348,-2,17411,-1,-0.01,17064,17064,1400-1-7,2021-03-27
647,ضپاس2003,اختيارخ وپارس-3500-1400/02/29,12,91,19954000,226,215,205,-21,-9.29,219,-7,-3.1,205,220,1400-1-7,2021-03-27
648,خپويش,سازه‌ پويش‌,11,1514,89734780,60470,59270,59270,-1200,-1.98,60470,0,0,59270,59270,1400-1-7,2021-03-27
649,ضخود2010,اختيارخ خودرو-4500-1400/02/08,11,518,6604000,17,13,15,-2,-11.76,13,-4,-23.53,10,15,1400-1-7,2021-03-27
650,تسه9806,امتياز تسهيلات مسكن شهريور98,11,184,103737560,559628,547100,569999,10371,1.85,563791,4163,0.74,547100,580000,1400-1-7,2021-03-27
651,اخزا804,اسنادخزانه-م4بودجه98-000421,11,6858,6466858941,940000,942510,943001,3001,0.32,942966,2966,0.32,942501,944000,1400-1-7,2021-03-27
652,حرهشا,رهشاد سپاهان (سهامي عام,11,4210,269242130,65258,63953,63953,-1305,-2,65222,-36,-0.06,63953,63953,1400-1-7,2021-03-27
653,ضغدر3004,اختيارخ وغدير-11200-1400/03/26,11,34,75300000,2250,2250,2300,50,2.22,2215,-35,-1.56,2100,2300,1400-1-7,2021-03-27
654,ددام,داروسازي زاگرس فارمد پارس,11,11066,242566720,22360,21920,21920,-440,-1.97,22360,0,0,21920,21920,1400-1-7,2021-03-27
655,اوان,مبين وان كيش,11,22417,1204868916,54844,53748,53748,-1096,-2,54817,-27,-0.05,53748,53748,1400-1-7,2021-03-27
656,ضجار2007,اختيارخ وتجارت-5000-1400/02/22,10,1000,30000000,11,30,30,19,172.73,30,19,172.73,30,30,1400-1-7,2021-03-27
657,ولصنم,ليزينگ‌صنعت‌ومعدن‌,10,12105,131702400,11100,10880,10880,-220,-1.98,11100,0,0,10880,10880,1400-1-7,2021-03-27
658,غبهار,كشت وصنعت بهاران گلبهار خراسان,10,3087,103933116,34355,33668,33668,-687,-2,34351,-4,-0.01,33668,33668,1400-1-7,2021-03-27
659,ضملت3001,اختيارخ وبملت-3500-1400/03/19,10,215,278248000,1036,1249,1400,364,35.14,1294,258,24.9,1249,1400,1400-1-7,2021-03-27
660,سهرمز,سيمان‌هرمزگان‌,10,7644,187048680,24960,24470,24470,-490,-1.96,24960,0,0,24470,24470,1400-1-7,2021-03-27
661,تملي806,تسهيلات مسكن ب. ملي-شهريور98,10,70,64171561,880873,880873,924916,44043,5,916737,35864,4.07,880873,924916,1400-1-7,2021-03-27
662,اخزا720,اسنادخزانه-م20بودجه97-000324,10,5076,4870101020,952468,957001,959995,7527,0.79,959437,6969,0.73,955111,959995,1400-1-7,2021-03-27
663,قمرو,قند مرودشت‌,10,38269,1388016630,37010,36270,36270,-740,-2,36990,-20,-0.05,36270,36270,1400-1-7,2021-03-27
664,لپيام,گسترش صنايع پيام,10,14066,746116904,55254,53044,53044,-2210,-4,55168,-86,-0.16,53044,53044,1400-1-7,2021-03-27
665,ضصاد3005,اختيارخ وبصادر-4000-1400/03/12,10,680,43980000,50,66,65,15,30,65,15,30,62,66,1400-1-7,2021-03-27
666,نگين,ص.س. زمين و ساختمان نگين شهرري,9,2720,131522000,48250,48300,48260,10,0.02,48350,100,0.21,48260,48980,1400-1-7,2021-03-27
667,غديس,پاكديس,9,20911,276087933,13472,13203,13203,-269,-2,13470,-2,-0.01,13203,13203,1400-1-7,2021-03-27
668,آينده,بازرگاني آينده سازان بهشت پارس,9,20082,392643264,19951,19552,19552,-399,-2,19943,-8,-0.04,19552,19552,1400-1-7,2021-03-27
669,ثغرب,شركت سرمايه گذاري مسكن شمالغرب,9,21418,167360252,7973,7814,7814,-159,-1.99,7972,-1,-0.01,7814,7814,1400-1-7,2021-03-27
670,سفار,سيمان‌فارس‌,9,1222,185670680,155040,151940,151940,-3100,-2,155030,-10,-0.01,151940,151940,1400-1-7,2021-03-27
671,وثخوز,سرمايه گذاري و توسعه خوزستان,9,11924,804381116,71009,67459,67459,-3550,-5,70859,-150,-0.21,67459,67459,1400-1-7,2021-03-27
672,غاذر,كشت‌وصنعت‌پياذر,9,15471,849203190,56010,54890,54890,-1120,-2,55990,-20,-0.04,54890,54890,1400-1-7,2021-03-27
673,اخزا811,اسنادخزانه-م11بودجه98-001013,9,15489,13339518000,857570,861000,862000,4430,0.52,861225,3655,0.43,861000,862000,1400-1-7,2021-03-27
674,ضفلا3003,اختيارخ فولاد-7133-1400/03/19,9,192,890700000,4194,4500,4750,556,13.26,4639,445,10.61,4500,4750,1400-1-7,2021-03-27
675,وجامي,سرمايه گذاري جامي,9,16983,257784957,15488,15179,15179,-309,-2,15484,-4,-0.03,15179,15179,1400-1-7,2021-03-27
676,غشوكو,شوكو پارس,8,2136,83679936,39975,39176,39176,-799,-2,39972,-3,-0.01,39176,39176,1400-1-7,2021-03-27
677,حخزر,كشتيراني درياي خزر,8,5808,166683792,29284,28699,28699,-585,-2,29282,-2,-0.01,28699,28699,1400-1-7,2021-03-27
678,داراب,پتروشيمي داراب,8,39572,95131088,2453,2404,2404,-49,-2,2453,0,0,2404,2404,1400-1-7,2021-03-27
679,ضمخا7071,اختيارخ اخابر-23700-1400/07/28,8,80,23200000,249,290,290,41,16.47,290,41,16.47,290,290,1400-1-7,2021-03-27
680,اخزا816,اسنادخزانه-م16بودجه98-010503,8,1925,1499596100,770025,770000,782000,11975,1.56,779011,8986,1.17,767000,782000,1400-1-7,2021-03-27
681,اخزا808,اسنادخزانه-م8بودجه98-000817,8,2917,2576641385,883372,880614,885000,1628,0.18,883319,-53,-0.01,880614,885000,1400-1-7,2021-03-27
682,غدشت,دشت‌ مرغاب‌,8,206,58633780,290430,284630,284630,-5800,-2,290420,-10,0,284630,284630,1400-1-7,2021-03-27
683,مفاخر,توسعه فناوري اطلاعات خوارزمي,8,5853,383084703,66786,65451,65451,-1335,-2,66776,-10,-0.01,65451,65451,1400-1-7,2021-03-27
684,آبين,كشت و صنعت آبشيرين,8,31522,130658690,4229,4145,4145,-84,-1.99,4228,-1,-0.02,4145,4145,1400-1-7,2021-03-27
685,ثقزوي,شركت عمران و سازندگي قزوين,8,3774,117990336,31902,31264,31264,-638,-2,31898,-4,-0.01,31264,31264,1400-1-7,2021-03-27
686,كطبس,ذغال‌سنگ‌ نگين‌ ط‌بس‌,8,1605,129972900,82630,80980,80980,-1650,-2,82630,0,0,80980,80980,1400-1-7,2021-03-27
687,زنجان,صنايع كشاورزي وكود زنجان,7,6651,61515099,9437,9249,9249,-188,-1.99,9436,-1,-0.01,9249,9249,1400-1-7,2021-03-27
688,قيستو,شركت قند بيستون,7,34782,552303378,15568,15879,15879,311,2,15585,17,0.11,15879,15879,1400-1-7,2021-03-27
689,زعف0008پ15,زعفران0008پوشالمعمول طلاسرخ(پ),7,1038,92991959,85213,90100,87200,1987,2.33,89588,4375,5.13,86001,90100,1400-1-7,2021-03-27
690,قزوين,كارخانجات‌ قند قزوين‌,7,2330,90497200,39630,38840,38840,-790,-1.99,39630,0,0,38840,38840,1400-1-7,2021-03-27
691,ضترا3004,اختيارخ شتران-10000-1400/03/09,7,88,153570000,1500,1573,1800,300,20,1745,245,16.33,1570,1800,1400-1-7,2021-03-27
692,قشهد,شهد,7,4358,87465060,20470,20070,20070,-400,-1.95,20470,0,0,20070,20070,1400-1-7,2021-03-27
693,تملي804,تسهيلات مسكن ب. ملي-تير98,7,111,105859035,908272,953685,953685,45413,5,953685,45413,5,953685,953685,1400-1-7,2021-03-27
694,لخانه,لوازم‌ خانگي‌ پارس‌,7,2051,59253390,29479,28890,28890,-589,-2,29477,-2,-0.01,28890,28890,1400-1-7,2021-03-27
695,ضترا3003,اختيارخ شتران-9000-1400/03/09,7,41,84945000,2148,2225,2000,-148,-6.89,2072,-76,-3.54,2000,2225,1400-1-7,2021-03-27
696,تشتاد,صنايع توليدي اشتاد ايران‌,6,15307,235773721,15717,15403,15403,-314,-2,15713,-4,-0.03,15403,15403,1400-1-7,2021-03-27
697,داريك,صندوق س.اعتماد داريك-د,6,46500,486757000,10440,10468,10468,28,0.27,10468,28,0.27,10463,10468,1400-1-7,2021-03-27
698,تابا,تابان نيرو سپاهان,6,3309,183106824,56465,55336,55336,-1129,-2,56454,-11,-0.02,55336,55336,1400-1-7,2021-03-27
699,كمرجان,بازرگاني و توليدي مرجان كار,6,1609,231844028,147032,144092,144092,-2940,-2,147018,-14,-0.01,144092,144092,1400-1-7,2021-03-27
700,گپارس,امور رفاهي كارگزاران پارس,6,590,120709280,208767,204592,204592,-4175,-2,208741,-26,-0.01,204592,204592,1400-1-7,2021-03-27
701,ضصاد3007,اختيارخ وبصادر-5000-1400/03/12,6,600,18000000,10,30,30,20,200,30,20,200,30,30,1400-1-7,2021-03-27
702,سايرا,ايرانيت‌,6,963,43427448,46016,45096,45096,-920,-2,46012,-4,-0.01,45096,45096,1400-1-7,2021-03-27
703,اخزا805,اسنادخزانه-م5بودجه98-000422,6,2319,2183519288,936504,940000,943000,6496,0.69,941578,5074,0.54,940000,943998,1400-1-7,2021-03-27
704,ضملي3004,اختيارخ فملي-14000-1400/03/02,6,57,57598000,1052,1000,1299,247,23.48,1010,-42,-3.99,1000,1299,1400-1-7,2021-03-27
705,زعف0008پ12,زعفران0008پوشالمعمول سحرخيز(پ),6,440,39103580,86820,89999,89998,3178,3.66,88872,2052,2.36,85500,89999,1400-1-7,2021-03-27
706,درهآور,دارويي ره آورد تامين,6,560,29256640,53310,52244,52244,-1066,-2,53309,-1,0,52244,52244,1400-1-7,2021-03-27
707,سنير,سيمان‌ سفيد ني‌ريز,6,600,147948000,251610,246580,246580,-5030,-2,251590,-20,-0.01,246580,246580,1400-1-7,2021-03-27
708,حپترو,حمل و نقل پتروشيمي( سهامي عام,6,24254,1290312800,54280,53200,53200,-1080,-1.99,54250,-30,-0.06,53200,53200,1400-1-7,2021-03-27
709,نتوس,پشم‌ بافي‌ توس,6,7100,152884300,21972,21533,21533,-439,-2,21969,-3,-0.01,21533,21533,1400-1-7,2021-03-27
710,ضجار2002,اختيارخ وتجارت-2500-1400/02/22,5,48,24500000,525,500,505,-20,-3.81,510,-15,-2.86,500,560,1400-1-7,2021-03-27
711,ضصاد3000,اختيارخ وبصادر-1800-1400/03/12,5,25,29740000,922,1199,1190,268,29.07,1190,268,29.07,1170,1199,1400-1-7,2021-03-27
712,اخزا812,اسنادخزانه-م12بودجه98-001111,5,3960,3367504771,847980,849001,851000,3020,0.36,850380,2400,0.28,849001,851000,1400-1-7,2021-03-27
713,ضفلا3005,اختيارخ فولاد-9986-1400/03/19,5,29,48219000,1720,1869,1700,-20,-1.16,1663,-57,-3.31,1650,1869,1400-1-7,2021-03-27
714,اخزا721,اسنادخزانه-م21بودجه97-000728,5,1120,1000544000,920610,895000,902000,-18610,-2.02,893343,-27267,-2.96,893000,902000,1400-1-7,2021-03-27
715,ضسپا3000,اختيارخ خساپا-1400-1400/03/26,5,102,117230000,1003,1080,1150,147,14.66,1149,146,14.56,1080,1150,1400-1-7,2021-03-27
716,سفاسي,شركت فارسيت اهواز,5,7546,106904182,14456,14167,14167,-289,-2,14454,-2,-0.01,14167,14167,1400-1-7,2021-03-27
717,ضصاد3006,اختيارخ وبصادر-4500-1400/03/12,5,500,20000000,30,40,40,10,33.33,40,10,33.33,40,40,1400-1-7,2021-03-27
718,واحصا,احياء صنايع خراسان,5,859,61407333,72945,71487,71487,-1458,-2,72940,-5,-0.01,71487,71487,1400-1-7,2021-03-27
719,حاريا,كشتيراني آريا,5,4096,116334592,28981,28402,28402,-579,-2,28978,-3,-0.01,28402,28402,1400-1-7,2021-03-27
720,قلرست,قند لرستان‌,5,4683,164747940,35890,35180,35180,-710,-1.98,35890,0,0,35180,35180,1400-1-7,2021-03-27
721,كخاكح,ح . صنايع‌خاك‌چيني‌ايران‌,5,201080,8043200000,35190,40000,40000,4810,13.67,40000,4810,13.67,40000,40000,1400-1-7,2021-03-27
722,ضصاد3004,اختيارخ وبصادر-3500-1400/03/12,5,76,8857000,99,110,109,10,10.1,117,18,18.18,109,120,1400-1-7,2021-03-27
723,اخزا813,اسنادخزانه-م13بودجه98-010219,5,1560,1242911508,798240,777602,802490,4250,0.53,796738,-1502,-0.19,777602,802490,1400-1-7,2021-03-27
724,ضملت3000,اختيارخ وبملت-3000-1400/03/19,5,38,64240000,1351,1755,1655,304,22.5,1691,340,25.17,1655,1755,1400-1-7,2021-03-27
725,سبجنو,سيمان‌ بجنورد,4,814,47594580,59660,58470,58470,-1190,-1.99,59660,0,0,58470,58470,1400-1-7,2021-03-27
726,اخزا718,اسنادخزانه-م18بودجه97-000525,4,235,218188500,926404,931000,926000,-404,-0.04,928462,2058,0.22,926000,931300,1400-1-7,2021-03-27
727,ضترا3005,اختيارخ شتران-12000-1400/03/09,4,6,3500000,1,100,1000,999,99900,583,582,58200,100,1000,1400-1-7,2021-03-27
728,اخزا713,اسنادخزانه-م13بودجه97-000518,4,298,277340000,929762,930000,931000,1238,0.13,930671,909,0.1,930000,931000,1400-1-7,2021-03-27
729,كباده,توليد خاك نسوزاستقلال آباده,4,42950,388139150,8607,9037,9037,430,5,8615,8,0.09,9037,9037,1400-1-7,2021-03-27
730,ضشنا2004,اختيارخ شپنا-16000-1400/02/27,4,70,61800000,866,880,870,4,0.46,883,17,1.96,870,890,1400-1-7,2021-03-27
731,پرداخت,به پرداخت ملت,4,3954,137282880,35420,34720,34720,-700,-1.98,35420,0,0,34720,34720,1400-1-7,2021-03-27
732,كقزوي,شيشه‌ قزوين‌,4,2548,25625236,10262,10057,10057,-205,-2,10262,0,0,10057,10057,1400-1-7,2021-03-27
733,ضپيك2011,اختيارخ تاپيكو-14000-00/02/19,4,110,165000000,1200,1500,1500,300,25,1500,300,25,1500,1500,1400-1-7,2021-03-27
734,رطب0002پ01,رطب مضافتي0002افشارتعاون بم(پ),4,160,30850000,190000,195000,190000,0,0,192812,2812,1.48,190000,195000,1400-1-7,2021-03-27
735,وسناح,ح. سرمايه گذاري نيروگاهي ايران,4,129026,1877704700,14178,14950,14550,372,2.62,14553,375,2.64,14550,14950,1400-1-7,2021-03-27
736,صبا1401,اجاره مهندسي صبا نفت14010225,4,48,48960000,1000000,1020000,1020000,20000,2,1020000,20000,2,1020000,1020000,1400-1-7,2021-03-27
737,اخزا723,اسنادخزانه-م23بودجه97-000824,4,5202,4603577300,883230,886400,885000,1770,0.2,884963,1733,0.2,883230,886400,1400-1-7,2021-03-27
738,وشمال,س. چشم انداز توسعه شمال,4,791,68756093,88696,86923,86923,-1773,-2,88690,-6,-0.01,86923,86923,1400-1-7,2021-03-27
739,زعف0008پ09,زعفران0008نگين نوين(پ),4,750,90045000,121713,124900,123990,2277,1.87,120060,-1653,-1.36,119000,124900,1400-1-7,2021-03-27
740,خعمرا,توسعه و عمران شهرستان نائين,4,50890,1181513130,22541,23217,23217,676,3,22580,39,0.17,23217,23217,1400-1-7,2021-03-27
741,اخزا722,اسنادخزانه-م22بودجه97-000428,4,861,809127079,940000,939011,940000,0,0,939753,-247,-0.03,939011,940000,1400-1-7,2021-03-27
742,تملي803,تسهيلات مسكن ب. ملي-خرداد98,4,20,16411984,837346,879213,795479,-41867,-5,820599,-16747,-2,795479,879213,1400-1-7,2021-03-27
743,فسديد,لوله‌وتجهيزات‌ سديد - ورشكسته,4,8823,1013621532,116044,114884,114884,-1160,-1,115806,-238,-0.21,114884,114884,1400-1-7,2021-03-27
744,اخزا716,اسنادخزانه-م16بودجه97-000407,4,718,682602040,945599,949750,952996,7397,0.78,950699,5100,0.54,949750,955000,1400-1-7,2021-03-27
745,اخزا906,اسنادخزانه-م6بودجه99-020321,3,599,419167475,696608,699775,699780,3172,0.46,699779,3171,0.46,699775,699780,1400-1-7,2021-03-27
746,زعف0008پ16,زعفران0008نگين بيرجند(پ),3,450,53483695,119611,118700,120688,1077,0.9,118853,-758,-0.63,118611,120688,1400-1-7,2021-03-27
747,وحافظ,بيمه حافظ,3,612,40673520,67816,66460,66460,-1356,-2,67810,-6,-0.01,66460,66460,1400-1-7,2021-03-27
748,فبستم,صنايع ‌بسته‌بندي‌ مشهد,3,73767,60193872,793,816,816,23,2.9,793,0,0,816,816,1400-1-7,2021-03-27
749,ضغدر3002,اختيارخ وغدير-8200-1400/03/26,3,60,249260000,4182,4200,4150,-32,-0.77,4154,-28,-0.67,4150,4200,1400-1-7,2021-03-27
750,ياقوت2,صندوق س ياقوت آگاه-ثابت,3,83658000,83658000,12082,1,1,-12081,-99.99,1,-12081,-99.99,1,1,1400-1-7,2021-03-27
751,ضمخا7066,اختيارخ اخابر-11700-1400/07/28,3,4,15767000,2504,3800,3989,1485,59.31,3942,1438,57.43,3800,3989,1400-1-7,2021-03-27
752,تملي707,تسهيلات مسكن ب. ملي-مهر97,3,32,19030848,566395,594714,594714,28319,5,594714,28319,5,594714,594714,1400-1-7,2021-03-27
753,سلار,شركت سيمان لارستان,3,241,14181886,60046,58846,58846,-1200,-2,60045,-1,0,58846,58846,1400-1-7,2021-03-27
754,شسم,توليد سموم‌ علف‌ كش,3,1001,91124033,89249,91033,91033,1784,2,89265,16,0.02,91033,91033,1400-1-7,2021-03-27
755,خفناور,مهندسي صنعتي روان فن آور,3,1487,74950748,51432,50404,50404,-1028,-2,51428,-4,-0.01,50404,50404,1400-1-7,2021-03-27
756,پلاست,كارخانجات توليدي پلاستيران,3,1356,95805468,72094,70653,70653,-1441,-2,72087,-7,-0.01,70653,70653,1400-1-7,2021-03-27
757,اخزا810,اسنادخزانه-م10بودجه98-001006,3,997,859626000,873944,860500,863000,-10944,-1.25,862213,-11731,-1.34,860500,863000,1400-1-7,2021-03-27
758,تملي705,تسهيلات مسكن ب. ملي-مرداد97,2,95,44942220,497974,473076,473076,-24898,-5,473076,-24898,-5,473076,473076,1400-1-7,2021-03-27
759,افران2,صندوق س افرا نماد پايدار-ثابت,2,2000000,2000000,12915,1,1,-12914,-99.99,1,-12914,-99.99,1,1,1400-1-7,2021-03-27
760,ثعتما,س. ساختماني اعتماد گستر,2,1840,122153920,67742,66388,66388,-1354,-2,67734,-8,-0.01,66388,66388,1400-1-7,2021-03-27
761,ضجار2004,اختيارخ وتجارت-3500-1400/02/22,2,111,50989000,100,99,499,399,399,459,359,359,99,499,1400-1-7,2021-03-27
762,ضملي3000,اختيارخ فملي-8000-1400/03/02,2,3,18500000,5854,6300,6100,246,4.2,6167,313,5.35,6100,6300,1400-1-7,2021-03-27
763,تملي704,تسهيلات مسكن ب. ملي-تير97,2,24,14701800,583405,612575,612575,29170,5,612575,29170,5,612575,612575,1400-1-7,2021-03-27
764,كشم0006پ02,كشمش تيزابي0006تاكستان(پ),2,525,114840000,229999,218600,218750,-11249,-4.89,218743,-11256,-4.89,218600,218750,1400-1-7,2021-03-27
765,ضمخا7070,اختيارخ اخابر-19700-1400/07/28,2,3,2577000,1001,1000,577,-424,-42.36,859,-142,-14.19,577,1000,1400-1-7,2021-03-27
766,ضملت3005,اختيارخ وبملت-6000-1400/03/19,2,8,792000,99,99,99,0,0,99,0,0,99,99,1400-1-7,2021-03-27
767,پست0008پ08,پسته فندقي32-30مه ولات0008(پ),2,10,14299992,1372579,1429999,1430000,57421,4.18,1429999,57420,4.18,1429999,1430000,1400-1-7,2021-03-27
768,ثنام,س ساختماني ب نام آوران مهندسي,2,960,15737280,16727,16393,16393,-334,-2,16727,0,0,16393,16393,1400-1-7,2021-03-27
769,ضپنا2003,اختيارخ رمپنا-16000-1400/02/12,2,58,231888000,1950,3888,4000,2050,105.13,3998,2048,105.03,3888,4000,1400-1-7,2021-03-27
770,ضخوز2016,اختيارخ فخوز-18000-1400/02/15,2,2,555000,175,222,333,158,90.29,277,102,58.29,222,333,1400-1-7,2021-03-27
771,ضپيك2012,اختيارخ تاپيكو-16000-00/02/19,2,22,13200000,333,600,600,267,80.18,600,267,80.18,600,600,1400-1-7,2021-03-27
772,ضپيك2010,اختيارخ تاپيكو-12000-00/02/19,2,100,240000000,1505,2400,2400,895,59.47,2400,895,59.47,2400,2400,1400-1-7,2021-03-27
773,پست0008پ04,پسته فندقي32-30سبزدانه0008(پ),1,2,2596670,1362991,1298335,1298335,-64656,-4.74,1298335,-64656,-4.74,1298335,1298335,1400-1-7,2021-03-27
774,ضجار2005,اختيارخ وتجارت-4000-1400/02/22,1,5,255000,79,51,51,-28,-35.44,51,-28,-35.44,51,51,1400-1-7,2021-03-27
775,اراد22,مرابحه عام دولت2-ش.خ لوتوس0212,1,5000,4900000000,975000,980000,980000,5000,0.51,980000,5000,0.51,980000,980000,1400-1-7,2021-03-27
776,اخزا905,اسنادخزانه-م5بودجه99-020218,1,100,65109900,653157,651099,651099,-2058,-0.32,651099,-2058,-0.32,651099,651099,1400-1-7,2021-03-27
777,وآتوس,س.آرين توسكا قيمت اسمي 350ريال,1,500,21546500,44888,43093,43093,-1795,-4,44886,-2,0,43093,43093,1400-1-7,2021-03-27
778,گواهي ظرفيت,گواهي ظرفيت نقدي,1,930000,9894270000,10639,10639,10639,0,0,10639,0,0,10639,10639,1400-1-7,2021-03-27
779,تهران012,مشاركت ش تهران012-3ماهه18%,1,2000,1940600000,970300,970300,970300,0,0,970300,0,0,970300,970300,1400-1-7,2021-03-27
780,سلامت6,مرابحه سلامت6واجدشرايط خاص1400,1,18700,18699906500,999995,999995,999995,0,0,999995,0,0,999995,999995,1400-1-7,2021-03-27
781,ضپاس2004,اختيارخ وپارس-4000-1400/02/29,1,11,1650000,150,150,150,0,0,150,0,0,150,150,1400-1-7,2021-03-27
782,نبروج,نساجي بروجرد,1,10000,59290000,5813,5929,5929,116,2,5814,1,0.02,5929,5929,1400-1-7,2021-03-27
783,ولراز,ليزينگ رازي,1,117,6435819,56129,55007,55007,-1122,-2,56129,0,0,55007,55007,1400-1-7,2021-03-27
784,مكرج112,مشاركت شهرداري كرج-3ماهه18%,1,300,298110000,978700,993700,993700,15000,1.53,993700,15000,1.53,993700,993700,1400-1-7,2021-03-27
785,ضملي3002,اختيارخ فملي-10000-1400/03/02,1,17,68000000,3500,4000,4000,500,14.29,4000,500,14.29,4000,4000,1400-1-7,2021-03-27
786,اراد35,مرابحه عام دولت3-ش.خ 0103,1,25000,23995900000,959836,959836,959836,0,0,959836,0,0,959836,959836,1400-1-7,2021-03-27
787,ضخود2011,اختيارخ خودرو-5000-1400/02/08,1,5,55000,15,11,11,-4,-26.67,11,-4,-26.67,11,11,1400-1-7,2021-03-27
788,ضصاد3001,اختيارخ وبصادر-2000-1400/03/12,1,50,40000000,739,800,800,61,8.25,800,61,8.25,800,800,1400-1-7,2021-03-27
789,ضمخا2000,اختيارخ اخابر-9000-1400/02/29,1,5,12500000,1654,2500,2500,846,51.15,2500,846,51.15,2500,2500,1400-1-7,2021-03-27
790,ضمخا7075,اختيارخ اخابر-8700-1400/07/28,1,1,4199000,3100,4199,4199,1099,35.45,4199,1099,35.45,4199,4199,1400-1-7,2021-03-27
791,ضملي3005,اختيارخ فملي-16000-1400/03/02,1,50,25000000,542,500,500,-42,-7.75,500,-42,-7.75,500,500,1400-1-7,2021-03-27
792,زعف0008پ19,زعفران0008نگين تروند قاينات(پ),1,100,12098000,120969,120980,120980,11,0.01,120980,11,0.01,120980,120980,1400-1-7,2021-03-27
793,صنفت0312,صكوك منفعت نفت0312-6ماهه 18/5%,1,10,10000000,1000000,1000000,1000000,0,0,1000000,0,0,1000000,1000000,1400-1-7,2021-03-27
794,ضسپا3005,اختيارخ خساپا-3000-1400/03/26,1,13,2600000,186,200,200,14,7.53,200,14,7.53,200,200,1400-1-7,2021-03-27
795,ضپنا2006,اختيارخ رمپنا-24000-1400/02/12,1,1,111000,1,111,111,110,11000,111,110,11000,111,111,1400-1-7,2021-03-27
796,ضچاد2004,اختيارخ كچاد-20000-1400/02/05,1,50,225000000,4400,4500,4500,100,2.27,4500,100,2.27,4500,4500,1400-1-7,2021-03-27
797,صخود412,ص مرابحه خودرو412- 3ماهه 18%,1,50,49950000,990074,999000,999000,8926,0.9,999000,8926,0.9,999000,999000,1400-1-7,2021-03-27
798,غيوان,كيوان,1,300,4697100,15350,15657,15657,307,2,15350,0,0,15657,15657,1400-1-7,2021-03-27
799,ضپنا2007,اختيارخ رمپنا-28000-1400/02/12,1,10,550000,1,55,55,54,5400,55,54,5400,55,55,1400-1-7,2021-03-27
800,كمند2,صندوق س. با درآمد ثابت كمند,1,150000000,150000000,10092,1,1,-10091,-99.99,1,-10091,-99.99,1,1,1400-1-7,2021-03-27
801,تملي701,تسهيلات مسكن ب. ملي-فروردين97,1,9,5087970,595084,565330,565330,-29754,-5,565330,-29754,-5,565330,565330,1400-1-7,2021-03-27
802,ضفلا3000,اختيارخ فولاد-4993-1400/03/19,1,5,38700000,7331,7740,7740,409,5.58,7740,409,5.58,7740,7740,1400-1-7,2021-03-27
