,نماد,نام,تعداد,حجم,ارزش,دیروز,اولین,آخرین معامله - مقدار,آخرین معامله - تغییر,آخرین معامله - درصد,قیمت پایانی - مقدار,قیمت پایانی - تغییر,قیمت پایانی - درصد,کمترین,بیشترین,تاریخ,gregorian_date
0,بركت,گروه دارويي بركت,47984,164857480,5510089770730,32110,31470,34030,1920,5.98,33420,1310,4.08,31470,34030,1400-1-11,2021-03-31
1,سپيدار,سپيدار سيستم آسيا,34010,2801122,185708476315,64248,67000,65301,1053,1.64,66298,2050,3.19,65012,67950,1400-1-11,2021-03-31
2,پالايش,صندوق پالايشي يكم-سهام,28076,19552220,1570851514230,81570,81630,79920,-1650,-2.02,80340,-1230,-1.51,79400,82500,1400-1-11,2021-03-31
3,دارا يكم,صندوق واسطه گري مالي يكم-سهام,20239,9782840,1376339266970,145190,144010,139390,-5800,-3.99,140690,-4500,-3.1,139390,144050,1400-1-11,2021-03-31
4,شستا,سرمايه گذاري تامين اجتماعي,16421,55736485,630207510150,11510,11500,11300,-210,-1.82,11310,-200,-1.74,11280,11590,1400-1-11,2021-03-31
5,اپال,فرآوري معدني اپال كاني پارس,15632,25818849,469976750040,18110,18250,18280,170,0.94,18200,90,0.5,17750,18700,1400-1-11,2021-03-31
6,شتران,پالايش نفت تهران,15388,102558710,1057182224590,10280,10480,10230,-50,-0.49,10310,30,0.29,10100,10650,1400-1-11,2021-03-31
7,پتاير,ايران‌ تاير,14406,348279041,1360443410920,3790,3720,4010,220,5.8,3910,120,3.17,3720,4010,1400-1-11,2021-03-31
8,خزاميا,زامياد,10293,106070823,936078705250,8360,8730,8800,440,5.26,8830,470,5.62,8600,8860,1400-1-11,2021-03-31
9,كرمان,س. توسعه و عمران استان كرمان,9875,15228316,731571653313,48877,47930,48990,113,0.23,48040,-837,-1.71,47900,49018,1400-1-11,2021-03-31
10,شاروم,پتروشيمي اروميه,9268,10240940,205592606563,19596,20700,19760,164,0.84,20076,480,2.45,19601,20750,1400-1-11,2021-03-31
11,وخارزمح,ح.سرمايه گذاري خوارزمي,8072,24994665,112390667890,341,4430,4470,4129,1210.85,4500,4159,1219.65,4380,4850,1400-1-11,2021-03-31
12,شپنا,پالايش نفت اصفهان,7283,49892314,689403112070,14050,14000,13770,-280,-1.99,13820,-230,-1.64,13770,14100,1400-1-11,2021-03-31
13,بكام,كارخانجات توليدي شهيد قندي,7098,90048232,360893664770,3860,4090,3950,90,2.33,4010,150,3.89,3870,4090,1400-1-11,2021-03-31
14,شگويا,پتروشيمي تندگويان,7074,49888400,504294903529,10228,10400,10026,-202,-1.97,10108,-120,-1.17,10024,10430,1400-1-11,2021-03-31
15,زملارد,كشاورزي و دامپروري ملارد شير,6540,4265336,167276776917,39452,41000,38663,-789,-2,39218,-234,-0.59,38663,41000,1400-1-11,2021-03-31
16,پترول,گ.س.وت.ص.پتروشيمي خليج فارس,6013,37608156,398190842540,10740,10840,10590,-150,-1.4,10590,-150,-1.4,10530,10850,1400-1-11,2021-03-31
17,وكبهمن,مديريت سرمايه گذاري كوثربهمن,5946,2714000,32338421919,12112,11956,11870,-242,-2,11982,-130,-1.07,11870,12180,1400-1-11,2021-03-31
18,بوعلي,پتروشيمي بوعلي سينا,5673,1453617,64421810080,44820,45010,43930,-890,-1.99,44320,-500,-1.12,43930,45500,1400-1-11,2021-03-31
19,فولاد,فولاد مباركه اصفهان,5643,30518130,419956043890,13970,13900,13700,-270,-1.93,13760,-210,-1.5,13700,14090,1400-1-11,2021-03-31
20,فملي,ملي‌ صنايع‌ مس‌ ايران‌,5522,19342716,247873449430,13040,12810,12780,-260,-1.99,12810,-230,-1.76,12780,13190,1400-1-11,2021-03-31
21,سمگا,گروه سرمايه گذاري ميراث فرهنگي,5159,13453820,428317339387,30678,30700,30909,231,0.75,31836,1158,3.77,30700,32500,1400-1-11,2021-03-31
22,رافزا,رايان هم افزا,5153,286375,31088870000,102416,108560,108560,6144,6,105663,3247,3.17,108560,108560,1400-1-11,2021-03-31
23,گشان,توسعه بين المللي پديده شانديز,5049,13712715,428232410729,32471,31173,31200,-1271,-3.91,31229,-1242,-3.82,31173,31953,1400-1-11,2021-03-31
24,وپست,پست بانك ايران,5013,17894109,420731463840,23240,24190,22780,-460,-1.98,23510,270,1.16,22780,24490,1400-1-11,2021-03-31
25,فروي,ذوب روي اصفهان,4697,2977945,192363890398,62489,63530,64060,1571,2.51,64596,2107,3.37,63500,65880,1400-1-11,2021-03-31
26,وخارزم,سرمايه گذاري خوارزمي,4560,34625501,206753001920,6080,6150,5960,-120,-1.97,5970,-110,-1.81,5960,6150,1400-1-11,2021-03-31
27,آبادا,توليد نيروي برق آبادان,4558,3823392,53682598420,14290,14060,14010,-280,-1.96,14040,-250,-1.75,14010,14250,1400-1-11,2021-03-31
28,حفاري,حفاري شمال,4498,45153695,361355068630,7650,7630,8100,450,5.88,8000,350,4.58,7630,8100,1400-1-11,2021-03-31
29,چكاپا,گروه صنايع كاغذ پارس,4489,50403177,268149071830,5050,5070,5350,300,5.94,5320,270,5.35,5070,5350,1400-1-11,2021-03-31
30,بپيوند,برق و انرژي پيوندگستر پارس,4453,3579835,50272942288,14264,14150,13986,-278,-1.95,14043,-221,-1.55,13979,14400,1400-1-11,2021-03-31
31,زكوثر,سرمايه گذاري كشاورزي كوثر,4373,12279865,269687190810,20790,21300,22030,1240,5.96,21960,1170,5.63,21220,22030,1400-1-11,2021-03-31
32,ماديرا,صنايع ماديران,4329,24039444,215697214795,8703,8700,9125,422,4.85,8973,270,3.1,8700,9159,1400-1-11,2021-03-31
33,سيتا,سرمايه گذاري سيمان تامين,4276,4398889,66246634690,15270,15110,15100,-170,-1.11,15060,-210,-1.38,15030,15210,1400-1-11,2021-03-31
34,آريا,پليمر آريا ساسول,4245,1573788,141639172819,90614,89130,89300,-1314,-1.45,89999,-615,-0.68,89130,91010,1400-1-11,2021-03-31
35,خپارس,پارس‌ خودرو,4104,44631861,274958451070,6190,6170,6140,-50,-0.81,6160,-30,-0.48,6070,6310,1400-1-11,2021-03-31
36,بگيلان,توسعه مسير برق گيلان,4083,2050320,45912314551,22381,21960,22401,20,0.09,22391,10,0.04,21940,22900,1400-1-11,2021-03-31
37,غگيلا,شيرپاستوريزه پگاه گيلان,4055,81313,1956716032,22702,24064,24064,1362,6,22752,50,0.22,24064,24064,1400-1-11,2021-03-31
38,زنگان,صنعت روي زنگان,3956,1953823,204451597248,103789,103789,101714,-2075,-2,104642,853,0.82,101714,109550,1400-1-11,2021-03-31
39,غالبر,لبنيات‌ كالبر,3806,11914576,242564832910,19340,20000,20110,770,3.98,20360,1020,5.27,19810,20500,1400-1-11,2021-03-31
40,ثاميد,توسعه و عمران اميد,3590,33192944,54151209130,1660,1630,1630,-30,-1.81,1630,-30,-1.81,1630,1650,1400-1-11,2021-03-31
41,شبندر,پالايش نفت بندرعباس,3588,11634251,315820950420,27660,27160,27110,-550,-1.99,27150,-510,-1.84,27110,27980,1400-1-11,2021-03-31
42,فزرين,زرين معدن آسيا,3582,11109710,311404328533,28318,27752,27752,-566,-2,28030,-288,-1.02,27752,28880,1400-1-11,2021-03-31
43,دلقما,دارويي‌ لقمان‌,3516,7066807,192464541170,26070,27490,26680,610,2.34,27240,1170,4.49,26370,27630,1400-1-11,2021-03-31
44,خبازرس,بازرسي مهندسي و صنعتي ايران,3512,10451091,395166039675,36260,38073,38073,1813,5,37811,1551,4.28,36260,38073,1400-1-11,2021-03-31
45,امين يكم,صندوق درآمد ثابت امين يكم فردا,3439,96161156,974756999381,10131,10134,10138,7,0.07,10137,6,0.06,10133,10143,1400-1-11,2021-03-31
46,غپاك,لبنيات‌ پاك‌,3340,8523957,236647354140,26820,27600,27900,1080,4.03,27760,940,3.5,27000,28270,1400-1-11,2021-03-31
47,كحافظ,كاشي‌ وسراميك‌ حافظ‌,3239,11333990,139921367500,12350,12660,12180,-170,-1.38,12350,0,0,12110,12880,1400-1-11,2021-03-31
48,خرينگ,رينگ‌سازي‌مشهد,3212,6101390,325070233000,52450,55590,51410,-1040,-1.98,53280,830,1.58,51410,55590,1400-1-11,2021-03-31
49,كزغال,زغال سنگ پروده طبس,3178,2443981,88724175055,37003,36302,36263,-740,-2,36303,-700,-1.89,36263,36990,1400-1-11,2021-03-31
50,بپاس,بيمه پاسارگاد,3150,4371901,382942903324,83086,88071,88071,4985,6,87592,4506,5.42,85000,88071,1400-1-11,2021-03-31
51,پيزد,مجتمع صنايع لاستيك يزد,3145,389966,26819537717,68545,69573,68950,405,0.59,68665,120,0.18,68092,69573,1400-1-11,2021-03-31
52,نطرين,عطرين نخ قم,3131,10914052,135764182471,12068,12410,12290,222,1.84,12439,371,3.07,12070,12730,1400-1-11,2021-03-31
53,سيمرغ,سيمرغ,3023,14491456,257112031040,16950,16650,17910,960,5.66,17740,790,4.66,16650,17960,1400-1-11,2021-03-31
54,دتوليد,داروسازي توليد دارو,3003,6304623,174081112211,27586,28200,27450,-136,-0.49,27612,26,0.09,27035,28949,1400-1-11,2021-03-31
55,والبر,سرمايه‌ گذاري‌ البرز(هلدينگ‌,2961,7427256,142196006030,18510,19390,19050,540,2.92,19150,640,3.46,18540,19620,1400-1-11,2021-03-31
56,فباهنر,مس‌ شهيدباهنر,2959,8293917,217892955520,24970,25000,26460,1490,5.97,26270,1300,5.21,24970,26460,1400-1-11,2021-03-31
57,حكشتي,كشتيراني جمهوري اسلامي ايران,2939,9406917,183020403100,19830,19510,19440,-390,-1.97,19460,-370,-1.87,19440,19830,1400-1-11,2021-03-31
58,زقيام,كشت و دام قيام اصفهان,2925,4713443,137739267027,29202,28618,28750,-452,-1.55,29223,21,0.07,28618,30290,1400-1-11,2021-03-31
59,فرآور,فرآوري‌موادمعدني‌ايران‌,2891,6249373,225159138540,35450,34750,35890,440,1.24,36030,580,1.64,34750,37560,1400-1-11,2021-03-31
60,سبزوا,سيمان لار سبزوار,2856,21793994,80396548685,3646,3730,3725,79,2.17,3689,43,1.18,3574,3770,1400-1-11,2021-03-31
61,دشيمي,شيمي‌ داروئي‌ داروپخش‌,2838,5485668,170425236160,31180,30560,30760,-420,-1.35,31070,-110,-0.35,30560,32600,1400-1-11,2021-03-31
62,ولپارس,ليزينگ پارسيان,2832,3222746,16346085860,5160,5060,5060,-100,-1.94,5130,-30,-0.58,5060,5190,1400-1-11,2021-03-31
63,كمند,صندوق س. با درآمد ثابت كمند,2828,591279210,6002684218858,10138,10144,10143,5,0.05,10152,14,0.14,10142,10154,1400-1-11,2021-03-31
64,ذوب,سهامي ذوب آهن  اصفهان,2820,60526878,247119142829,4155,4130,4072,-83,-2,4083,-72,-1.73,4072,4161,1400-1-11,2021-03-31
65,سغرب,سيمان‌غرب‌,2786,3699542,145750000770,37730,39990,39350,1620,4.29,39400,1670,4.43,38400,39990,1400-1-11,2021-03-31
66,سصوفي,سيمان‌ صوفيان‌,2761,6771145,141798456540,21030,21580,20610,-420,-2,20940,-90,-0.43,20610,21910,1400-1-11,2021-03-31
67,وپارس,بانك‌پارسيان‌,2698,82060204,244228591810,3030,2990,2970,-60,-1.98,2980,-50,-1.65,2970,3020,1400-1-11,2021-03-31
68,كپارس,كاشي‌ پارس‌,2667,1235879,199336332990,160350,167000,161040,690,0.43,161290,940,0.59,157150,167900,1400-1-11,2021-03-31
69,خودرو,ايران‌ خودرو,2659,78264146,200367932220,2610,2560,2560,-50,-1.92,2560,-50,-1.92,2560,2580,1400-1-11,2021-03-31
70,كماسه,تامين‌ ماسه‌ ريخته‌گري‌,2629,3837783,173064605390,45480,46030,44580,-900,-1.98,45090,-390,-0.86,44580,46830,1400-1-11,2021-03-31
71,خودكفا,اقتصادي و خودكفايي آزادگان,2554,7759656,178353704701,22393,22510,23064,671,3,22985,592,2.64,22510,23064,1400-1-11,2021-03-31
72,اعتلا,شركت سرمايه گذاري اعتلاء البرز,2519,13417459,114724159347,8189,8410,8680,491,6,8550,361,4.41,8233,8680,1400-1-11,2021-03-31
73,وساپا,سرمايه‌گذاري‌ سايپا,2498,26382511,155848756460,6000,5880,5880,-120,-2,5910,-90,-1.5,5880,6050,1400-1-11,2021-03-31
74,زبينا,كشاورزي و دامپروري بينالود,2457,27419691,109340295069,4028,4130,3948,-80,-1.99,3988,-40,-0.99,3948,4199,1400-1-11,2021-03-31
75,غگل,گلوكوزان‌,2366,21355250,73399159660,3500,3450,3430,-70,-2,3440,-60,-1.71,3430,3510,1400-1-11,2021-03-31
76,زشريف,كشت وصنعت شريف آباد,2360,23797903,131784134217,5551,5700,5440,-111,-2,5538,-13,-0.23,5440,5700,1400-1-11,2021-03-31
77,ولغدر,ليزينگ‌خودروغدير,2358,6341480,156265269040,24470,25580,23990,-480,-1.96,24640,170,0.69,23990,25600,1400-1-11,2021-03-31
78,سشمال,سيمان‌ شمال‌,2278,8696960,104499153060,11700,11970,12170,470,4.02,12020,320,2.74,11740,12200,1400-1-11,2021-03-31
79,دپارس,پارس‌ دارو,2158,1452242,125582008420,83340,81680,84460,1120,1.34,86470,3130,3.76,81680,88340,1400-1-11,2021-03-31
80,فارس,صنايع پتروشيمي خليج فارس,2137,11370057,116586072740,10310,10310,10110,-200,-1.94,10250,-60,-0.58,10110,10500,1400-1-11,2021-03-31
81,صبا,سرمايه گذاري صبا تامين,2131,6491599,51704826259,8082,7945,7999,-83,-1.03,8030,-52,-0.64,7921,8177,1400-1-11,2021-03-31
82,فوكا,فولاد كاويان,2093,16289759,210744743348,12587,12964,12870,283,2.25,12937,350,2.78,12600,12964,1400-1-11,2021-03-31
83,فخوز,فولاد  خوزستان,2073,13538304,203883152620,15330,15590,15040,-290,-1.89,15060,-270,-1.76,15030,15590,1400-1-11,2021-03-31
84,غشهداب,كشت و صنعت شهداب ناب خراسان,1965,15312570,63469555011,4137,4137,4100,-37,-0.89,4145,8,0.19,4058,4234,1400-1-11,2021-03-31
85,چدن,توليدي چدن سازان,1959,2888912,72996852140,24960,24650,25400,440,1.76,25270,310,1.24,24650,25940,1400-1-11,2021-03-31
86,هجرت,پخش هجرت,1944,3595429,102263184108,28329,27763,28040,-289,-1.02,28443,114,0.4,27763,29549,1400-1-11,2021-03-31
87,دزهراوي,داروسازي‌زهراوي‌,1903,9220073,81655648900,8800,8660,8710,-90,-1.02,8860,60,0.68,8630,9090,1400-1-11,2021-03-31
88,شيران,س. صنايع‌شيميايي‌ايران,1900,5460846,161891717840,29300,29400,29760,460,1.57,29650,350,1.19,29050,30240,1400-1-11,2021-03-31
89,شصدف,صنعتي دوده فام,1877,189397,5846685390,29123,30870,30870,1747,6,29316,193,0.66,30870,30870,1400-1-11,2021-03-31
90,امين,تامين سرمايه امين,1856,1699775,12227012290,6990,7300,7160,170,2.43,7060,70,1,7160,7300,1400-1-11,2021-03-31
91,فولاژ,فولاد آلياژي ايران,1849,6697400,134361963900,20380,19980,19980,-400,-1.96,20060,-320,-1.57,19980,20730,1400-1-11,2021-03-31
92,ودي,بيمه  دي,1849,5243152,119914121688,22278,22000,22870,592,2.66,22871,593,2.66,21930,23350,1400-1-11,2021-03-31
93,ريشمك,توليد و صادرات ريشمك,1838,2619045,151530177536,54639,56970,57900,3261,5.97,57857,3218,5.89,55540,57917,1400-1-11,2021-03-31
94,لابسا,آبسال‌,1815,2120101,117384296820,56110,58000,54990,-1120,-2,55370,-740,-1.32,54990,58000,1400-1-11,2021-03-31
95,بجهرم,توسعه مولد نيروگاهي جهرم,1802,20180873,60812392214,3058,3080,2997,-61,-1.99,3013,-45,-1.47,2997,3100,1400-1-11,2021-03-31
96,وغدير,سرمايه‌گذاري‌غدير(هلدينگ‌,1786,9484281,110702580750,11890,11680,11660,-230,-1.93,11690,-200,-1.68,11660,11990,1400-1-11,2021-03-31
97,ستران,سيمان‌ تهران‌,1766,4547454,114948966290,25630,25370,25120,-510,-1.99,25280,-350,-1.37,25120,25840,1400-1-11,2021-03-31
98,ثامان,سامان‌ گستراصفهان‌,1766,3736559,89419115630,23830,24210,23360,-470,-1.97,23930,100,0.42,23360,24660,1400-1-11,2021-03-31
99,وپاسار,بانك  پاسارگاد,1753,21815983,284469267730,13030,13030,13060,30,0.23,13040,10,0.08,13000,13080,1400-1-11,2021-03-31
100,نوري,پتروشيمي نوري,1741,1148947,72668932680,63630,63000,63050,-580,-0.91,63350,-280,-0.44,62500,64340,1400-1-11,2021-03-31
101,تملت,تامين سرمايه بانك ملت,1710,9202435,53600486470,5920,5850,5810,-110,-1.86,5820,-100,-1.69,5810,5950,1400-1-11,2021-03-31
102,وسينا,بانك سينا,1689,39574007,139039446260,3580,3580,3510,-70,-1.96,3510,-70,-1.96,3510,3580,1400-1-11,2021-03-31
103,ومعلم,بيمه معلم,1640,12810530,62625973414,4865,5000,4890,25,0.51,4889,24,0.49,4775,5055,1400-1-11,2021-03-31
104,ولساپا,ليزينگ رايان‌ سايپا,1621,24426167,85638259090,3570,3530,3500,-70,-1.96,3510,-60,-1.68,3500,3610,1400-1-11,2021-03-31
105,زشگزا,شير و گوشت زاگرس شهركرد,1600,9145330,78017329385,8604,8813,8432,-172,-2,8531,-73,-0.85,8432,8813,1400-1-11,2021-03-31
106,ونوين,بانك‌اقتصادنوين‌,1590,32018388,143316693700,4560,4480,4500,-60,-1.32,4480,-80,-1.75,4470,4560,1400-1-11,2021-03-31
107,وثوق,سرمايه گذاري وثوق امين,1573,3647713,74491974233,20782,20367,20367,-415,-2,20422,-360,-1.73,20367,20989,1400-1-11,2021-03-31
108,واتي,سرمايه‌ گذاري‌ آتيه‌ دماوند,1569,11011988,141489456710,12730,12900,12840,110,0.86,12850,120,0.94,12600,13090,1400-1-11,2021-03-31
109,چكارن,كارتن‌ ايران‌,1566,14103358,50150795050,3510,3450,3560,50,1.42,3550,40,1.14,3440,3630,1400-1-11,2021-03-31
110,وبملت,بانك ملت,1532,29948738,126292396330,4290,4210,4210,-80,-1.86,4220,-70,-1.63,4210,4290,1400-1-11,2021-03-31
111,ولانا,شركت ليزينگ آريا دانا,1516,2616524,105668309959,39382,40563,40563,1181,3,40385,1003,2.55,39282,40563,1400-1-11,2021-03-31
112,آسيا,بيمه آسيا,1492,33009058,77288982860,2380,2340,2340,-40,-1.68,2340,-40,-1.68,2340,2380,1400-1-11,2021-03-31
113,شبريز,پالايش نفت تبريز,1476,3140826,97812659480,31670,31100,31040,-630,-1.99,31140,-530,-1.67,31040,31910,1400-1-11,2021-03-31
114,كچاد,معدني‌وصنعتي‌چادرملو,1471,4788044,113085678440,23750,23450,23400,-350,-1.47,23620,-130,-0.55,23300,23990,1400-1-11,2021-03-31
115,وهور,مديريت انرژي اميد  تابان هور,1468,26857969,58190135423,2182,2182,2139,-43,-1.97,2167,-15,-0.69,2139,2245,1400-1-11,2021-03-31
116,واحيا,م .صنايع و معادن احياء سپاهان,1455,2352948,377815707515,153666,161349,157496,3830,2.49,160571,6905,4.49,154539,161349,1400-1-11,2021-03-31
117,خساپا,سايپا,1444,46336832,111687204640,2450,2410,2410,-40,-1.63,2410,-40,-1.63,2410,2430,1400-1-11,2021-03-31
118,ورازي,بيمه رازي,1439,21339619,197492845433,8903,8920,9348,445,5,9255,352,3.95,8458,9348,1400-1-11,2021-03-31
119,رمپنا,گروه مپنا (سهامي عام),1407,5874054,108282402540,18670,18380,18410,-260,-1.39,18470,-200,-1.07,18310,18850,1400-1-11,2021-03-31
120,بترانس,ايران‌ ترانسفو,1377,24289348,75209858570,3150,3140,3090,-60,-1.9,3100,-50,-1.59,3090,3140,1400-1-11,2021-03-31
121,غپينو,پارس‌ مينو,1337,6259754,42124460480,6780,6690,6650,-130,-1.92,6740,-40,-0.59,6650,6900,1400-1-11,2021-03-31
122,كي بي سي,شركت كي بي سي,1325,1739617,49193809711,28429,29000,28100,-329,-1.16,28282,-147,-0.52,27861,29440,1400-1-11,2021-03-31
123,كرازي,كارخانجات‌توليدي‌شيشه‌رازي‌,1311,2036319,47900588480,23500,24300,23080,-420,-1.79,23520,20,0.09,23050,24300,1400-1-11,2021-03-31
124,آوا,صندوق س.سهام آواي معيار-س,1298,10137219,69185419890,6918,6882,6765,-153,-2.21,6825,-93,-1.34,6750,6925,1400-1-11,2021-03-31
125,سرو,صندوق س سروسودمند مدبران-سهام,1296,1068371,75972590080,72150,72000,70750,-1400,-1.94,71110,-1040,-1.44,70610,72880,1400-1-11,2021-03-31
126,گكوثر,هتل پارسيان كوثر اصفهان,1295,20549915,51748184609,2531,2483,2550,19,0.75,2518,-13,-0.51,2481,2570,1400-1-11,2021-03-31
127,ومعادن,توسعه‌معادن‌وفلزات‌,1291,7539898,96563137830,13050,12820,12800,-250,-1.92,12840,-210,-1.61,12790,13170,1400-1-11,2021-03-31
128,خگستر,گسترش‌سرمايه‌گذاري‌ايران‌خودرو,1280,22512012,66877408280,3030,2970,2970,-60,-1.98,2970,-60,-1.98,2970,3000,1400-1-11,2021-03-31
129,تاپيكو,س. نفت و گاز و پتروشيمي تأمين,1270,8563088,105931709660,12610,12390,12360,-250,-1.98,12390,-220,-1.74,12360,12500,1400-1-11,2021-03-31
130,تليسه,دامداري تليسه نمونه,1269,13155268,57808476832,4476,4490,4387,-89,-1.99,4394,-82,-1.83,4387,4500,1400-1-11,2021-03-31
131,رنيك,جنرال مكانيك,1257,2877863,68442718226,24093,24900,23612,-481,-2,23782,-311,-1.29,23612,24900,1400-1-11,2021-03-31
132,دشيميح,ح . شيمي‌ داروئي‌ داروپخش‌,1242,3201180,65484133190,20180,19570,21000,820,4.06,20460,280,1.39,19380,21650,1400-1-11,2021-03-31
133,كاسپين,داروسازي كاسپين تامين,1233,2585734,68324584651,25840,27390,25980,140,0.54,26424,584,2.26,25480,27390,1400-1-11,2021-03-31
134,درازك,دارويي‌ رازك‌,1230,1899077,67077616620,34300,34100,35220,920,2.68,35320,1020,2.97,34100,36280,1400-1-11,2021-03-31
135,آگاس,صندوق س.هستي بخش آگاه-س,1223,1309219,92356661803,71688,71118,70220,-1468,-2.05,70543,-1145,-1.6,70151,72000,1400-1-11,2021-03-31
136,ثاخت,بين‌المللي‌توسعه‌ساختمان,1218,16932505,45429686740,2730,2680,2680,-50,-1.83,2690,-40,-1.47,2680,2730,1400-1-11,2021-03-31
137,دكپسول,توليد ژلاتين كپسول ايران,1214,1779107,60679312773,34181,35199,33498,-683,-2,34107,-74,-0.22,33498,36100,1400-1-11,2021-03-31
138,حتايد,تايدواترخاورميانه,1189,3047469,84550298940,28140,28010,27580,-560,-1.99,27740,-400,-1.42,27580,28640,1400-1-11,2021-03-31
139,فاراك,ماشين‌ سازي‌ اراك‌,1182,41366108,105944975940,2180,2460,2600,420,19.27,2560,380,17.43,2460,2600,1400-1-11,2021-03-31
140,فسپا,گروه‌صنعتي‌سپاهان‌,1175,1699681,68034208550,40180,41200,39800,-380,-0.95,40030,-150,-0.37,39380,41300,1400-1-11,2021-03-31
141,كسرا,سراميك‌هاي‌صنعتي‌اردكان‌,1144,4938164,103770601410,21310,21160,20920,-390,-1.83,21010,-300,-1.41,20890,21690,1400-1-11,2021-03-31
142,فنورد,نوردوقطعات‌ فولادي‌,1136,491393,93182285590,189000,185220,185220,-3780,-2,189630,630,0.33,185220,200340,1400-1-11,2021-03-31
143,كيان,صندوق س. با درآمد ثابت كيان,1134,12146049,337360428651,27753,27777,27776,23,0.08,27775,22,0.08,27774,27777,1400-1-11,2021-03-31
144,سنوين,سرمايه گذاري اقتصاد نوين,1111,4418712,42117479751,9585,9394,9513,-72,-0.75,9532,-53,-0.55,9394,9870,1400-1-11,2021-03-31
145,وصنعت,سرمايه گذاري توسعه صنعت وتجارت,1094,7872684,52910009520,6840,6740,6720,-120,-1.75,6720,-120,-1.75,6710,6820,1400-1-11,2021-03-31
146,ثباغ,شهر سازي و خانه سازي باغميشه,1092,2871836,46077191585,15997,16500,15678,-319,-1.99,16038,41,0.26,15678,16500,1400-1-11,2021-03-31
147,دامين,داروسازي‌ امين‌,1087,3264593,44461525920,13840,13640,13600,-240,-1.73,13640,-200,-1.45,13570,13980,1400-1-11,2021-03-31
148,شپارس,بين‌ المللي‌ محصولات‌  پارس‌,1068,4803782,112355012740,23810,24160,23340,-470,-1.97,23390,-420,-1.76,23340,24160,1400-1-11,2021-03-31
149,دسانكو,داروسازي سبحان انكولوژي,1066,2224650,33000953967,14796,15310,14660,-136,-0.92,14821,25,0.17,14501,15310,1400-1-11,2021-03-31
150,بسويچ,پارس‌سويچ‌,1063,717572,39736633850,54530,55550,54650,120,0.22,55170,640,1.17,53440,57200,1400-1-11,2021-03-31
151,رتاپ,تجارت الكترونيك  پارسيان,1053,3875811,28704223190,7400,7550,7290,-110,-1.49,7400,0,0,7260,7670,1400-1-11,2021-03-31
152,وملي,گروه‌ صنعتي‌ ملي‌ (هلدينگ‌,1038,327889,59076002670,183430,180030,179790,-3640,-1.98,180170,-3260,-1.78,179770,186000,1400-1-11,2021-03-31
153,وارس,سرمايه گذاري ارس صبا,1038,3467369,53002017566,14861,14267,15000,139,0.94,15286,425,2.86,14267,15604,1400-1-11,2021-03-31
154,اعتماد,صندوق س.اعتماد آفرين پارسيان-د,1030,15873790,566030863050,35615,35633,35663,48,0.13,35658,43,0.12,35633,35667,1400-1-11,2021-03-31
155,لخانه,لوازم‌ خانگي‌ پارس‌,1024,2156274,61991681431,29476,28297,28297,-1179,-4,28749,-727,-2.47,28297,30880,1400-1-11,2021-03-31
156,سباقر,سيمان باقران,1023,5692211,111177848202,18987,18701,19556,569,3,19532,545,2.87,18701,19556,1400-1-11,2021-03-31
157,پكوير,كوير تاير,1020,3808000,51831591500,13740,13470,13760,20,0.15,13610,-130,-0.95,13470,13970,1400-1-11,2021-03-31
158,حريل,ريل پردازسير,1020,6671537,38471112447,5851,5734,5734,-117,-2,5788,-63,-1.08,5734,5920,1400-1-11,2021-03-31
159,رانفور,خدمات‌انفورماتيك‌,1016,2870950,66269347560,23250,23290,23400,150,0.65,23110,-140,-0.6,22790,23430,1400-1-11,2021-03-31
160,غبهنوش,بهنوش‌ ايران‌,1013,713292,51253336030,72550,72560,71100,-1450,-2,71850,-700,-0.96,71100,74990,1400-1-11,2021-03-31
161,سمازن,سيمان‌مازندران‌,1011,4691869,60635237130,12860,12870,12950,90,0.7,12920,60,0.47,12620,13300,1400-1-11,2021-03-31
162,كشرق,صنعتي و معدني شمال شرق شاهرود,1006,448168,41697910656,92273,90601,92210,-63,-0.07,92926,653,0.71,90601,95980,1400-1-11,2021-03-31
163,بكهنوج,توليد برق ماهتاب كهنوج,1001,13112808,22419950144,1735,1730,1702,-33,-1.9,1723,-12,-0.69,1701,1730,1400-1-11,2021-03-31
164,خشرق,الكتريك‌ خودرو شرق‌,992,2900818,43838345780,15380,15150,15080,-300,-1.95,15130,-250,-1.63,15080,15560,1400-1-11,2021-03-31
165,دماوند,توليد نيروي برق دماوند,989,880578,41804206416,48408,47510,47440,-968,-2,47663,-745,-1.54,47440,48500,1400-1-11,2021-03-31
166,افرا,افرانت,956,1341483,46242599676,34840,34230,34144,-696,-2,34490,-350,-1,34144,35250,1400-1-11,2021-03-31
167,ونيرو,سرمايه‌گذاري‌نيرو,950,14650861,41545507550,2860,2880,2830,-30,-1.05,2840,-20,-0.7,2810,2890,1400-1-11,2021-03-31
168,كلر,كلر پارس,938,803253,113956035769,142909,145000,140051,-2858,-2,141868,-1041,-0.73,140051,147000,1400-1-11,2021-03-31
169,افق,فروشگاههاي زنجيره اي افق كوروش,928,1780797,125339215550,71450,70550,71450,0,0,70380,-1070,-1.5,70030,71580,1400-1-11,2021-03-31
170,سشرق,سيمان‌ شرق‌,921,7160509,51654595060,7300,7300,7160,-140,-1.92,7210,-90,-1.23,7160,7400,1400-1-11,2021-03-31
171,پارند,صندوق س. پارند پايدار سپهر,920,35215918,400269893585,11355,11370,11366,11,0.1,11366,11,0.1,11365,11370,1400-1-11,2021-03-31
172,كاما,باما,908,2713777,37295567310,14020,13750,13740,-280,-2,13830,-190,-1.36,13740,13900,1400-1-11,2021-03-31
173,كاوه,فولاد كاوه جنوب كيش,886,3334231,70628488970,21510,21220,21080,-430,-2,21270,-240,-1.12,21080,21720,1400-1-11,2021-03-31
174,شفن,پتروشيمي فناوران,877,166898,55657866900,329050,332980,338150,9100,2.77,331470,2420,0.74,330990,340000,1400-1-11,2021-03-31
175,فلوله,لوله‌وماشين‌سازي‌ايران‌,873,1715787,38202787710,22050,22570,21950,-100,-0.45,22210,160,0.73,21720,23000,1400-1-11,2021-03-31
176,زاگرس,پتروشيمي زاگرس,865,336763,72619436205,215218,214015,217000,1782,0.83,215541,323,0.15,213211,218800,1400-1-11,2021-03-31
177,تكمبا,كمباين‌ سازي‌ ايران‌,863,6479153,52627664350,8160,8210,8110,-50,-0.61,8120,-40,-0.49,8000,8320,1400-1-11,2021-03-31
178,مبين,مبين انرژي خليج فارس,857,4789539,82660677600,17530,17270,17450,-80,-0.46,17340,-190,-1.08,17180,17530,1400-1-11,2021-03-31
179,كگاز,شيشه‌ و گاز,857,2027811,39088936330,18990,19450,19330,340,1.79,19200,210,1.11,18900,19480,1400-1-11,2021-03-31
180,زدشت,كشت و صنعت دشت خرم دره,846,2117646,62603144772,30096,29495,29495,-601,-2,29563,-533,-1.77,29495,30045,1400-1-11,2021-03-31
181,حسينا,توسعه خدمات دريايي وبندري سينا,841,2429870,186898510465,72743,72600,77107,4364,6,76917,4174,5.74,72003,77107,1400-1-11,2021-03-31
182,ولتجار,واسپاري تجارت وسرمايه ايرانيان,838,4528925,39907040146,8718,8787,8800,82,0.94,8812,94,1.08,8700,8950,1400-1-11,2021-03-31
183,قرن,پديده شيمي قرن,824,376317,24639225660,66580,66010,65250,-1330,-2,66020,-560,-0.84,65250,66990,1400-1-11,2021-03-31
184,همراه,شركت ارتباطات سيار ايران,817,2489461,68359205710,27970,27840,27420,-550,-1.97,27630,-340,-1.22,27420,28000,1400-1-11,2021-03-31
185,فايرا,آلومينيوم‌ايران‌,805,2466955,39993962140,16460,16650,16150,-310,-1.88,16300,-160,-0.97,16140,16650,1400-1-11,2021-03-31
186,قنيشا,قند  نيشابور,793,610503,41201068850,68440,67080,67080,-1360,-1.99,67720,-720,-1.05,67080,69350,1400-1-11,2021-03-31
187,فرابورس,فرابورس ايران,788,2083021,66519675831,32569,32055,31918,-651,-2,31934,-635,-1.95,31918,32569,1400-1-11,2021-03-31
188,وشهر,بانك شهر,785,8605841,57424475951,6945,6670,6770,-175,-2.52,6673,-272,-3.92,6668,6890,1400-1-11,2021-03-31
189,سپ,پرداخت الكترونيك سامان كيش,783,2223255,44389535330,18990,20120,20120,1130,5.95,19780,790,4.16,19120,20120,1400-1-11,2021-03-31
190,سرود,سيمان‌شاهرود,780,1219418,25432998310,20200,20740,20420,220,1.09,20520,320,1.58,20250,21400,1400-1-11,2021-03-31
191,وبانك,سرمايه گذاري گروه توسعه ملي,774,4051755,35713297020,8960,8840,8820,-140,-1.56,8910,-50,-0.56,8790,9020,1400-1-11,2021-03-31
192,بموتو,موتوژن‌,769,585172,36016984280,61340,61670,61340,0,0,61480,140,0.23,60760,62930,1400-1-11,2021-03-31
193,شسپا,نفت سپاهان,766,3497760,53875475840,15650,15420,15470,-180,-1.15,15420,-230,-1.47,15340,15660,1400-1-11,2021-03-31
194,سيستم,همكاران سيستم,756,2055610,59438120650,29300,28720,28720,-580,-1.98,28920,-380,-1.3,28720,29660,1400-1-11,2021-03-31
195,وساخت,سرمايه‌ گذاري‌ ساختمان‌ايران‌,752,3002364,150470242030,51130,50110,50140,-990,-1.94,50120,-1010,-1.98,50110,50550,1400-1-11,2021-03-31
196,ميدكو,هلدينگ صنايع  معدني خاورميانه,742,9288611,293698999074,31524,31690,31750,226,0.72,31619,95,0.3,31500,31770,1400-1-11,2021-03-31
197,وملل,اعتباري ملل,736,8616881,115356882124,13658,13600,13385,-273,-2,13387,-271,-1.98,13385,13600,1400-1-11,2021-03-31
198,شلرد,كود شيميايي اوره لردگان,719,7016201,51485073113,7480,7430,7331,-149,-1.99,7338,-142,-1.9,7331,7480,1400-1-11,2021-03-31
199,خكرمان,گروه اقتصادي كرمان خودرو,715,11124470,46572289520,4260,4177,4175,-85,-2,4186,-74,-1.74,4175,4270,1400-1-11,2021-03-31
200,دسينا,داروسازي‌ سينا,715,1918093,48685354770,25780,25400,25270,-510,-1.98,25390,-390,-1.51,25270,26200,1400-1-11,2021-03-31
201,فروس,فروسيليس‌ ايران‌,714,5904924,31252548050,5290,5440,5190,-100,-1.89,5290,0,0,5190,5480,1400-1-11,2021-03-31
202,وگردش,بانك گردشگري,696,1603904,28224863915,17579,17990,17730,151,0.86,17584,5,0.03,17228,17990,1400-1-11,2021-03-31
203,سفارس,سيمان فارس و خوزستان,694,3147709,61538806490,19930,19570,19540,-390,-1.96,19550,-380,-1.91,19540,19970,1400-1-11,2021-03-31
204,شغدير,پتروشيمي غدير,688,1127704,77949020321,70323,70323,68917,-1406,-2,69122,-1201,-1.71,68917,71185,1400-1-11,2021-03-31
205,كبافق,معادن‌ بافق‌,681,496551,24867274080,51100,50080,50080,-1020,-2,50570,-530,-1.04,50080,50080,1400-1-11,2021-03-31
206,وسكاب,س.ص.بازنشستگي كاركنان بانكها,674,10478106,57237291690,5460,5400,5460,0,0,5460,0,0,5400,5510,1400-1-11,2021-03-31
207,پلاسك,پلاسكوكار,664,3586365,27484865860,7790,7870,7660,-130,-1.67,7720,-70,-0.9,7640,7870,1400-1-11,2021-03-31
208,شجم,صنايع پتروشيمي تخت جمشيد,658,3366096,37339255291,11007,11020,11030,23,0.21,11093,86,0.78,10787,11337,1400-1-11,2021-03-31
209,جم,پتروشيمي جم,647,1706619,63209642880,37290,37300,37690,400,1.07,37130,-160,-0.43,36550,37690,1400-1-11,2021-03-31
210,مرقام,ايران‌ارقام‌,646,1986671,39595986440,20310,19960,19910,-400,-1.97,20050,-260,-1.28,19910,20190,1400-1-11,2021-03-31
211,بميلا,توسعه بازرگاني آهن وفولادميلاد,634,3748920,59582715125,16538,16050,15712,-826,-4.99,15893,-645,-3.9,15712,16829,1400-1-11,2021-03-31
212,ونيكي,سرمايه‌گذاري‌ ملي‌ايران‌,631,1829233,19887621330,11090,10870,10870,-220,-1.98,11030,-60,-0.54,10870,10940,1400-1-11,2021-03-31
213,جوين,كشت و صنعت جوين,629,21356070,116810769384,5579,5468,5499,-80,-1.43,5470,-109,-1.95,5468,5535,1400-1-11,2021-03-31
214,امين يكم2,صندوق درآمد ثابت امين يكم فردا,620,62000000,62000000,10131,1,1,-10130,-99.99,1,-10130,-99.99,1,1,1400-1-11,2021-03-31
215,ارفع,شركت آهن و فولاد ارفع,616,2717329,40707780298,15138,14841,15138,0,0,15049,-89,-0.59,14836,15199,1400-1-11,2021-03-31
216,وصندوق,سرمايه‌گذاري‌صندوق‌بازنشستگي‌,612,1857067,28210977360,15090,15100,15110,20,0.13,15110,20,0.13,14820,15500,1400-1-11,2021-03-31
217,البرز,بيمه البرز,611,9023894,35868773190,4050,3990,3970,-80,-1.98,4000,-50,-1.23,3970,4010,1400-1-11,2021-03-31
218,فجر,فولاد اميركبيركاشان,609,1308627,81072607510,63120,62620,61860,-1260,-2,61950,-1170,-1.85,61860,63690,1400-1-11,2021-03-31
219,غشهد,شهد ايران ‌,609,2819522,20644584320,7310,7170,7320,10,0.14,7320,10,0.14,7170,7600,1400-1-11,2021-03-31
220,خريخت,صنايع‌ريخته‌گري‌ايران‌,607,9243981,31942742570,3500,3440,3470,-30,-0.86,3470,-30,-0.86,3430,3520,1400-1-11,2021-03-31
221,شكلر,نيروكلر,596,891114,43973010320,50280,49670,49280,-1000,-1.99,49440,-840,-1.67,49280,50970,1400-1-11,2021-03-31
222,اتكاي,بيمه اتكايي ايرانيان,592,2556838,46595206882,17830,17830,18497,667,3.74,18173,343,1.92,17830,18497,1400-1-11,2021-03-31
223,بورس,بورس اوراق بهادار تهران,591,1021166,37509333240,37460,36730,36720,-740,-1.98,37000,-460,-1.23,36720,37500,1400-1-11,2021-03-31
224,ورنا,سرمايه‌گذاري‌ رنا(هلدينگ‌,583,4869406,27485996050,5750,5640,5640,-110,-1.91,5690,-60,-1.04,5640,5750,1400-1-11,2021-03-31
225,خمحركه,نيرو محركه‌,578,3712735,17246180540,4730,4660,4640,-90,-1.9,4700,-30,-0.63,4640,4700,1400-1-11,2021-03-31
226,وتوس,توسعه‌شهري‌توس‌گستر,574,1324039,18563618410,14130,14400,14010,-120,-0.85,14090,-40,-0.28,13850,14400,1400-1-11,2021-03-31
227,غبشهر,صنعتي‌ بهشهر,572,4263746,103698251230,23030,23400,24410,1380,5.99,24320,1290,5.6,23040,24410,1400-1-11,2021-03-31
228,كهمدا,شيشه‌ همدان‌,570,1558193,16216382310,10290,10330,10480,190,1.85,10330,40,0.39,10300,10600,1400-1-11,2021-03-31
229,قچار,فراوردههاي غذايي وقند چهارمحال,567,526840,48233773004,92101,90620,91780,-321,-0.35,91577,-524,-0.57,90259,93000,1400-1-11,2021-03-31
230,وآرين,شركت توسعه اقتصادي آرين,565,3599206,14861248006,4092,4195,4113,21,0.51,4119,27,0.66,4050,4195,1400-1-11,2021-03-31
231,وحكمت,بيمه حكمت صبا,560,8648400,33904860973,3931,3861,4000,69,1.76,3920,-11,-0.28,3853,4048,1400-1-11,2021-03-31
232,خصدرا,صنعتي‌ دريايي‌ ايران‌,559,11482186,38614591518,3203,3363,3363,160,5,3363,160,5,3363,3363,1400-1-11,2021-03-31
233,ومشان,س. فني و مهندسي مشانير,553,388330,31368059141,78444,80797,80797,2353,3,80777,2333,2.97,79768,80797,1400-1-11,2021-03-31
234,ضخود2007,اختيارخ خودرو-3000-1400/02/08,547,26765,2333357000,101,100,80,-21,-20.79,87,-14,-13.86,78,101,1400-1-11,2021-03-31
235,اپرداز,آتيه داده پرداز,543,1395154,29915581993,21837,21403,21401,-436,-2,21609,-228,-1.04,21401,22200,1400-1-11,2021-03-31
236,سرچشمه,سرمايه گذاري مس سرچشمه,541,2341577,16044037436,6864,6890,6830,-34,-0.5,6860,-4,-0.06,6765,6999,1400-1-11,2021-03-31
237,وبصادر,بانك صادرات ايران,535,16974050,44132530000,2650,2600,2600,-50,-1.89,2630,-20,-0.75,2600,2600,1400-1-11,2021-03-31
238,دالبرح,ح . البرزدارو,535,629873,7003339130,11430,11020,11130,-300,-2.62,11120,-310,-2.71,11010,11350,1400-1-11,2021-03-31
239,غگلپا,شير پاستوريزه پگاه گلپايگان,535,420600,30562713348,73620,75168,72148,-1472,-2,73019,-601,-0.82,72148,75168,1400-1-11,2021-03-31
240,وبوعلي,سرمايه‌گذاري‌بوعلي‌,532,2469481,14745145370,6030,5930,5980,-50,-0.83,6010,-20,-0.33,5910,6070,1400-1-11,2021-03-31
241,مدير,ص.س.مديريت ثروت ص.بازنشستگي-س,525,1522374,13624764340,9055,9050,8918,-137,-1.51,8950,-105,-1.16,8889,9100,1400-1-11,2021-03-31
242,فسرب,ملي‌ سرب‌وروي‌ ايران‌,522,260159,20550940980,80550,79000,78940,-1610,-2,79890,-660,-0.82,78940,80990,1400-1-11,2021-03-31
243,غمينو,شركت صنايع غذايي مينو شرق,519,2169926,24895022605,11639,11407,11407,-232,-1.99,11554,-85,-0.73,11407,11698,1400-1-11,2021-03-31
244,ضخود2006,اختيارخ خودرو-2500-1400/02/08,517,21671,4008009000,216,237,176,-40,-18.52,185,-31,-14.35,172,237,1400-1-11,2021-03-31
245,لسرما,سرما آفرين‌,516,1136996,27827581900,24920,24710,24430,-490,-1.97,24660,-260,-1.04,24430,25240,1400-1-11,2021-03-31
246,زپارس,ملي كشت و صنعت و دامپروري پارس,508,225315,39370748470,176840,179990,173310,-3530,-2,175250,-1590,-0.9,173310,183000,1400-1-11,2021-03-31
247,سامان,بانك سامان,505,2790284,29893203743,10759,10645,10738,-21,-0.2,10731,-28,-0.26,10600,10781,1400-1-11,2021-03-31
248,وصنا,گروه‌صنايع‌بهشهرايران‌,503,2519924,14151420110,5720,5710,5620,-100,-1.75,5690,-30,-0.52,5610,5710,1400-1-11,2021-03-31
249,ارزش,صندوق س ارزش آفرين بيدار-سهام,501,3105438,31056097200,10180,10070,10020,-160,-1.57,10000,-180,-1.77,9950,10190,1400-1-11,2021-03-31
250,سخوز,سيمان خوزستان,500,1835634,42583340340,23580,23950,23110,-470,-1.99,23260,-320,-1.36,23110,23950,1400-1-11,2021-03-31
251,شپديس,پتروشيمي پرديس,500,289426,29216846280,101820,101620,100840,-980,-0.96,101560,-260,-0.26,100640,101820,1400-1-11,2021-03-31
252,قشرين,قند شيرين خراسان,498,2054477,34288881841,16207,16693,16693,486,3,16690,483,2.98,16288,16693,1400-1-11,2021-03-31
253,شپترو,پتروشيمي آبادان,497,9284630,56888758546,6236,6230,6112,-124,-1.99,6127,-109,-1.75,6112,6230,1400-1-11,2021-03-31
254,كالا,بورس كالاي ايران,491,999212,33363330360,34060,33400,33380,-680,-2,33610,-450,-1.32,33380,33500,1400-1-11,2021-03-31
255,غسالم,سالمين‌,489,4464675,19394432100,4420,4360,4340,-80,-1.81,4390,-30,-0.68,4340,4360,1400-1-11,2021-03-31
256,تنوين,تامين سرمايه نوين,489,6229705,48107910290,7720,7720,7710,-10,-0.13,7720,0,0,7700,7780,1400-1-11,2021-03-31
257,طلا,صندوق س.پشتوانه طلاي لوتوس,487,200056,15754104663,79469,78620,79109,-360,-0.45,78748,-721,-0.91,78200,79111,1400-1-11,2021-03-31
258,ومهان,گروه توسعه مالي مهر آيندگان,485,4487215,63107290607,14344,14110,14058,-286,-1.99,14064,-280,-1.95,14058,14195,1400-1-11,2021-03-31
259,پارسان,گسترش نفت و گاز پارسيان,479,1397313,29420703420,21400,20980,21000,-400,-1.87,21310,-90,-0.42,20980,21380,1400-1-11,2021-03-31
260,سجامح,ح.مجتمع سيمان غرب آسيا,474,4692649,9325481089,2022,1983,1982,-40,-1.98,1987,-35,-1.73,1982,2049,1400-1-11,2021-03-31
261,غپونه,نوش پونه مشهد,473,727468,14411159092,20205,20600,19490,-715,-3.54,19932,-273,-1.35,19397,20740,1400-1-11,2021-03-31
262,فاما,صنعتي‌ آما,472,1312099,25797104280,20010,19680,19610,-400,-2,19830,-180,-0.9,19610,20000,1400-1-11,2021-03-31
263,دعبيد,لابراتوارداروسازي‌  دكترعبيدي‌,461,703271,17115858610,24550,24510,24600,50,0.2,24480,-70,-0.29,24080,24740,1400-1-11,2021-03-31
264,وتجارت,بانك تجارت,458,7041456,19927320480,2880,2830,2830,-50,-1.74,2870,-10,-0.35,2830,2830,1400-1-11,2021-03-31
265,پكرمان,گروه‌ صنعتي‌ بارز,456,855574,23354839260,27520,26990,27070,-450,-1.64,27410,-110,-0.4,26970,28190,1400-1-11,2021-03-31
266,آپ,آسان پرداخت پرشين,452,913972,15762539840,17590,17260,17240,-350,-1.99,17480,-110,-0.63,17240,17580,1400-1-11,2021-03-31
267,انرژي3,سايراشخاص بورس انرژي,451,58926,15033201120,260320,255120,255120,-5200,-2,259040,-1280,-0.49,255120,255120,1400-1-11,2021-03-31
268,هرمز,فولاد هرمزگان جنوب,451,1385244,19811790850,14523,14690,14280,-243,-1.67,14486,-37,-0.25,14240,14690,1400-1-11,2021-03-31
269,فنوال,نورد آلومينيوم‌,442,962902,26737690060,28180,28610,27640,-540,-1.92,27970,-210,-0.75,27620,28610,1400-1-11,2021-03-31
270,ياقوت,صندوق س ياقوت آگاه-ثابت,437,5880817,71586681812,12168,12164,12176,8,0.07,12173,5,0.04,12160,12179,1400-1-11,2021-03-31
271,تصميم,صندوق س با درآمد ثابت تصميم,436,4057181,64989472028,15997,16017,16019,22,0.14,16018,21,0.13,16001,16022,1400-1-11,2021-03-31
272,ختوقا,قطعات‌ اتومبيل‌ ايران‌,435,5874602,15038981120,2610,2560,2560,-50,-1.92,2590,-20,-0.77,2560,2560,1400-1-11,2021-03-31
273,ثمسكن,سرمايه‌گذاري‌ مسكن‌,434,4259330,23333190430,5570,5530,5500,-70,-1.26,5530,-40,-0.72,5460,5680,1400-1-11,2021-03-31
274,وتوكا,سرمايه‌گذاري‌توكافولاد(هلدينگ,432,1628472,19381726670,12110,12000,11870,-240,-1.98,12030,-80,-0.66,11870,12250,1400-1-11,2021-03-31
275,شاراك,پتروشيمي شازند,429,852319,21702695260,25530,25280,25300,-230,-0.9,25510,-20,-0.08,25280,25870,1400-1-11,2021-03-31
276,گكيشح,ح.توريستي ورفاهي آبادگران كيش,426,827497,31552295801,37644,38773,36892,-752,-2,38130,486,1.29,36892,38773,1400-1-11,2021-03-31
277,شوينده,مديريت صنعت شوينده ت.ص.بهشهر,425,454967,13797856610,30420,30850,30400,-20,-0.07,30390,-30,-0.1,30030,30890,1400-1-11,2021-03-31
278,گوهران,سرمايه گذاري توسعه گوهران اميد,421,2492319,18251321647,7426,7278,7350,-76,-1.02,7388,-38,-0.51,7278,7470,1400-1-11,2021-03-31
279,تيپيكو,سرمايه گذاري دارويي تامين,418,439205,18672327880,43160,42320,42620,-540,-1.25,43000,-160,-0.37,42300,43080,1400-1-11,2021-03-31
280,وپترو,سرمايه‌گذاري صنايع پتروشيمي‌,415,1074527,15912535090,14760,14600,14800,40,0.27,14780,20,0.14,14560,15000,1400-1-11,2021-03-31
281,دشيري,شيرين دارو,413,119665,27806928958,225640,232300,232409,6769,3,232373,6733,2.98,227110,232409,1400-1-11,2021-03-31
282,سپاها,سيمان‌سپاهان‌,409,1655219,14425739460,8840,8980,8670,-170,-1.92,8800,-40,-0.45,8670,8980,1400-1-11,2021-03-31
283,اميد,تامين سرمايه اميد,403,1928671,14917646000,7870,8000,7720,-150,-1.91,7830,-40,-0.51,7720,8000,1400-1-11,2021-03-31
284,وبازار,صندوق س شاخصي بازارآشنا,386,1186290,11896197240,10140,10100,10020,-120,-1.18,10030,-110,-1.08,10000,10140,1400-1-11,2021-03-31
285,پترولح,ح . گروه پتروشيمي س. ايرانيان,386,4799657,42497802370,9210,9210,8850,-360,-3.91,8850,-360,-3.91,8850,9210,1400-1-11,2021-03-31
286,آكورد,صندوق س. آرمان آتي كوثر-د,374,5876692,184342867519,31352,31367,31368,16,0.05,31368,16,0.05,31367,31372,1400-1-11,2021-03-31
287,پلوله,گازلوله‌,374,8764226,194828743980,21583,22230,22230,647,3,22230,647,3,22230,22230,1400-1-11,2021-03-31
288,واعتبار,سرمايه گذاري اعتبار ايران,373,2987196,29503476100,9760,9760,9830,70,0.72,9830,70,0.72,9760,10050,1400-1-11,2021-03-31
289,دروز,داروسازي‌ روزدارو,368,607276,20638352450,33860,33880,33860,0,0,33910,50,0.15,33860,34800,1400-1-11,2021-03-31
290,شكربن,كربن‌ ايران‌,366,194701,18164318970,93760,95390,92620,-1140,-1.22,93590,-170,-0.18,92620,95390,1400-1-11,2021-03-31
291,كخاك,صنايع‌خاك‌چيني‌ايران‌,366,219272,9390617520,42590,42200,43000,410,0.96,42630,40,0.09,41760,43200,1400-1-11,2021-03-31
292,وتوسم,سرمايه‌گذاري‌توسعه‌ملي‌,366,2295520,21211800610,9420,9250,9250,-170,-1.8,9340,-80,-0.85,9240,9260,1400-1-11,2021-03-31
293,شخارك,پتروشيمي‌ خارك‌,365,423192,19421170220,46380,45610,46000,-380,-0.82,46280,-100,-0.22,45460,46840,1400-1-11,2021-03-31
294,وسپه,سرمايه‌گذاري‌ سپه‌,364,1642361,11463599160,7030,6890,7060,30,0.43,7020,-10,-0.14,6890,7060,1400-1-11,2021-03-31
295,دفرا,فرآورده‌هاي‌ تزريقي‌ ايران‌,363,485632,12730060060,26000,26820,26050,50,0.19,26050,50,0.19,25800,26830,1400-1-11,2021-03-31
296,بمپنا,توليد برق عسلويه  مپنا,358,142387,10141065263,72357,72358,70950,-1407,-1.94,72119,-238,-0.33,70910,72358,1400-1-11,2021-03-31
297,تكنار,مجتمع معادن مس تكنار,353,136905,17572851626,128551,125980,125980,-2571,-2,128378,-173,-0.13,125980,132407,1400-1-11,2021-03-31
298,فسازان,غلتك سازان سپاهان,352,519629,18941274820,36840,36420,36390,-450,-1.22,36690,-150,-0.41,36320,36960,1400-1-11,2021-03-31
299,پرديس,سرمايه گذاري پرديس,351,3449167,18690237800,5520,5490,5410,-110,-1.99,5480,-40,-0.72,5410,5520,1400-1-11,2021-03-31
300,فافزا,فولاد افزا سپاهان,342,384773,21836332502,55131,56700,56784,1653,3,56751,1620,2.94,55500,56784,1400-1-11,2021-03-31
301,سكرما,سيمان‌ كرمان‌,339,804829,13450455850,16760,16790,16870,110,0.66,16750,-10,-0.06,16430,17300,1400-1-11,2021-03-31
302,كاريس,صندوق س.سپهر كاريزما-س,336,1544698,17995425084,11615,11630,11701,86,0.74,11650,35,0.3,11573,11765,1400-1-11,2021-03-31
303,سپاس,صندوق س. پاداش سهامداري-ثابت,330,11237998,113885950560,10126,10131,10135,9,0.09,10134,8,0.08,10129,10136,1400-1-11,2021-03-31
304,جمح,ح . پتروشيمي جم,329,1007556,28921238700,28780,27960,29000,220,0.76,28700,-80,-0.28,27860,29440,1400-1-11,2021-03-31
305,پارس,پتروشيمي پارس,329,189922,29439388180,158150,155000,155000,-3150,-1.99,157190,-960,-0.61,154990,156000,1400-1-11,2021-03-31
306,نهال,صندوق س. طلاي سرخ نوويرا,327,1009275,9380633668,9284,9310,9300,16,0.17,9294,10,0.11,9241,9310,1400-1-11,2021-03-31
307,تسه9911,امتياز تسهيلات مسكن بهمن99,327,4889,2919410918,597891,600500,583000,-14891,-2.49,597139,-752,-0.13,570002,602000,1400-1-11,2021-03-31
308,كنور,توسعه معدني و صنعتي صبانور,326,273747,13314166000,49310,48510,48500,-810,-1.64,49150,-160,-0.32,48330,49300,1400-1-11,2021-03-31
309,ونفت,سرمايه‌گذاري‌ صنعت‌ نفت‌,325,1700938,29083903490,17430,17220,17090,-340,-1.95,17230,-200,-1.15,17090,17290,1400-1-11,2021-03-31
310,شگلح,ح . گلتاش‌,324,1383945,9765676950,7080,6860,7130,50,0.71,7060,-20,-0.28,6860,7300,1400-1-11,2021-03-31
311,شفارا,پتروشيمي فارابي,321,1778824,7318672160,4165,4250,4150,-15,-0.36,4147,-18,-0.43,4082,4250,1400-1-11,2021-03-31
312,دكپسولح,ح .توليد ژلاتين كپسول ايران,320,688241,18032776527,26480,27600,26400,-80,-0.3,26201,-279,-1.05,25951,27600,1400-1-11,2021-03-31
313,پخش,پخش البرز,312,508656,16722390954,33043,33043,32510,-533,-1.61,32986,-57,-0.17,32398,34170,1400-1-11,2021-03-31
314,سيدكو,سرمايه گذاري توسعه صنايع سيمان,310,1793012,11387624810,6470,6360,6380,-90,-1.39,6440,-30,-0.46,6350,6460,1400-1-11,2021-03-31
315,فاذر,صنايع‌ آذرآب‌,308,1186251,29729825050,25570,25060,25060,-510,-1.99,25280,-290,-1.13,25060,25570,1400-1-11,2021-03-31
316,خمحور,توليدمحورخودرو,308,230094,15196807390,67270,66140,65930,-1340,-1.99,66880,-390,-0.58,65930,67590,1400-1-11,2021-03-31
317,ثرود,سرمايه‌گذاري مسكن زاينده رود,304,2931602,63132049070,21974,21535,21535,-439,-2,21535,-439,-2,21535,21535,1400-1-11,2021-03-31
318,كپرور,فرآوري زغال سنگ پروده طبس,301,420212,15546386570,37673,37010,36920,-753,-2,37456,-217,-0.58,36920,37598,1400-1-11,2021-03-31
319,غفارس,شير پاستوريزه پگاه فارس,301,1436982,26324954435,18688,18315,18315,-373,-2,18502,-186,-1,18315,18688,1400-1-11,2021-03-31
320,اخابر,مخابرات ايران,297,1998728,20849023540,10640,10430,10430,-210,-1.97,10600,-40,-0.38,10430,10500,1400-1-11,2021-03-31
321,شپاكسا,پاكسان‌,297,420966,11780063930,28490,27970,28000,-490,-1.72,28370,-120,-0.42,27930,28600,1400-1-11,2021-03-31
322,تماوند,تامين سرمايه دماوند,296,1578055,25355927474,16170,15850,16395,225,1.39,16068,-102,-0.63,15850,16530,1400-1-11,2021-03-31
323,پارسيان,بيمه پارسيان,294,2075567,22397396800,10980,10820,10780,-200,-1.82,10890,-90,-0.82,10770,11030,1400-1-11,2021-03-31
324,دالبر,البرزدارو,293,478460,7182612910,15250,15250,14950,-300,-1.97,15220,-30,-0.2,14950,15250,1400-1-11,2021-03-31
325,شاوان,پالايش نفت لاوان,292,155534,13918208089,91048,89489,89240,-1808,-1.99,90594,-454,-0.5,89228,93480,1400-1-11,2021-03-31
326,فالوم,آلومتك‌,290,767521,30076248611,39850,39060,39053,-797,-2,39186,-664,-1.67,39053,40980,1400-1-11,2021-03-31
327,مداران,داده‌پردازي‌ايران‌,289,493957,12378504110,25290,24790,24790,-500,-1.98,25230,-60,-0.24,24790,25700,1400-1-11,2021-03-31
328,خكمك,كمك‌فنرايندامين‌,287,648937,17568286830,27620,27080,27070,-550,-1.99,27420,-200,-0.72,27070,27200,1400-1-11,2021-03-31
329,وثنو,سرمايه گذاري ساختماني نوين,286,1597880,9642444064,6188,6249,5930,-258,-4.17,6112,-76,-1.23,5930,6250,1400-1-11,2021-03-31
330,ثنور,سرمايه گذاري كوه نور,285,2357756,24574890788,10120,10423,10423,303,2.99,10423,303,2.99,10423,10423,1400-1-11,2021-03-31
331,لوتوس,تامين سرمايه لوتوس پارسيان,283,1599389,17129010390,10630,10580,10750,120,1.13,10660,30,0.28,10500,10950,1400-1-11,2021-03-31
332,دسبحان,سبحان دارو,282,298106,6664672810,22280,22280,22400,120,0.54,22290,10,0.04,21850,22950,1400-1-11,2021-03-31
333,شستان,پتروشيمي گلستان,281,2195847,9207444011,4118,4200,4200,82,1.99,4187,69,1.68,4100,4200,1400-1-11,2021-03-31
334,كگهر,سنگ آهن گهرزمين,278,269501,12854419247,47326,48600,47430,104,0.22,47365,39,0.08,47330,48600,1400-1-11,2021-03-31
335,ثبهساز,بهساز كاشانه تهران,277,2999935,7109845950,2410,2370,2370,-40,-1.66,2400,-10,-0.41,2370,2370,1400-1-11,2021-03-31
336,بخاور,بيمه زندگي خاورميانه,274,1258188,8809882863,7020,7000,6965,-55,-0.78,7017,-3,-0.04,6951,7098,1400-1-11,2021-03-31
337,شفا,سرمايه گذاري شفادارو,266,422008,19258132430,46290,45370,45390,-900,-1.94,46030,-260,-0.56,45370,46760,1400-1-11,2021-03-31
338,زفكاح,ح . كشت و دامداري فكا,266,1013723,8237613031,8167,8015,8094,-73,-0.89,8126,-41,-0.5,8015,8236,1400-1-11,2021-03-31
339,ثشاهد,سرمايه‌ گذاري‌ شاهد,264,610972,10789765520,18020,17660,17660,-360,-2,17940,-80,-0.44,17660,17660,1400-1-11,2021-03-31
340,كاردان,صندوق س تجارت شاخصي كاردان,263,132683,22216340310,170210,169100,166950,-3260,-1.92,167440,-2770,-1.63,165130,170990,1400-1-11,2021-03-31
341,شرانل,نفت ايرانول,263,408302,15805285428,39137,38843,38650,-487,-1.24,38998,-139,-0.36,38355,39236,1400-1-11,2021-03-31
342,ساراب,سيمان‌ داراب‌,262,1563591,25393673320,16570,16240,16240,-330,-1.99,16390,-180,-1.09,16240,16330,1400-1-11,2021-03-31
343,وخاور,بانك خاورميانه,260,1988653,18608995880,9420,9420,9260,-160,-1.7,9400,-20,-0.21,9240,9420,1400-1-11,2021-03-31
344,دارو,كارخانجات‌داروپخش‌,255,382084,13032090380,34470,35170,34000,-470,-1.36,34370,-100,-0.29,33790,35410,1400-1-11,2021-03-31
345,معيار ,سرمايه گذاري معيار صنعت پارس,251,313553,14378577237,44526,45861,45861,1335,3,45470,944,2.12,45011,45861,1400-1-11,2021-03-31
346,تسه9908,امتياز تسهيلات مسكن آبان99,250,3684,2121644970,585752,570810,570000,-15752,-2.69,575908,-9844,-1.68,560000,590000,1400-1-11,2021-03-31
347,عيار,صندوق سكه طلاي مفيد,248,244395,6846763283,28042,27610,28022,-20,-0.07,28015,-27,-0.1,27610,28100,1400-1-11,2021-03-31
348,اتكام,شركت بيمه اتكايي امين,245,920491,4518907895,4948,5040,4920,-28,-0.57,4944,-4,-0.08,4865,5040,1400-1-11,2021-03-31
349,وسين,بيمه سينا,241,676158,9996118780,15060,14990,14770,-290,-1.93,14925,-135,-0.9,14760,14993,1400-1-11,2021-03-31
350,نوين,بيمه نوين,238,3318428,20710491260,6368,6241,6241,-127,-1.99,6317,-51,-0.8,6241,6243,1400-1-11,2021-03-31
351,سكه0012پ01,تمام سكه طرح جديد0012رفاه,237,67400,74325661700,1109311,1092111,1106220,-3091,-0.28,1102755,-6556,-0.59,1092111,1107999,1400-1-11,2021-03-31
352,لبوتان,گروه‌صنعتي‌بوتان‌,236,303971,20063443560,67320,66640,65980,-1340,-1.99,66830,-490,-0.73,65980,66700,1400-1-11,2021-03-31
353,فيروزه,صندوق شاخص30 شركت فيروزه- سهام,235,166100,24005669630,144180,144190,143800,-380,-0.26,144530,350,0.24,142760,146000,1400-1-11,2021-03-31
354,افران,صندوق س افرا نماد پايدار-ثابت,226,5668758,73700379393,12991,13002,12997,6,0.05,13001,10,0.08,12994,13002,1400-1-11,2021-03-31
355,كرماشا,صنايع پتروشيمي كرمانشاه,224,314176,12115728450,39200,38550,39090,-110,-0.28,39060,-140,-0.36,38420,39460,1400-1-11,2021-03-31
356,وتوشه,سرمايه‌ گذاري‌ پارس‌ توشه‌,223,261644,5838721120,22250,22010,22360,110,0.49,22260,10,0.04,22010,22660,1400-1-11,2021-03-31
357,ساروج,بين المللي ساروج بوشهر,218,1141009,21921795694,19515,19125,19500,-15,-0.08,19213,-302,-1.55,19125,20100,1400-1-11,2021-03-31
358,اطلس,صندوق س.توسعه اندوخته آينده-س,217,40841,8807087573,217891,219000,216400,-1491,-0.68,215643,-2248,-1.03,215000,219000,1400-1-11,2021-03-31
359,جم پيلن,پلي پروپيلن جم - جم پيلن,216,149765,12156764670,81410,81010,81810,400,0.49,81370,-40,-0.05,81010,81980,1400-1-11,2021-03-31
360,خديزل,بهمن  ديزل,214,190822,7733140420,41281,41490,40900,-381,-0.92,41164,-117,-0.28,40456,41500,1400-1-11,2021-03-31
361,ضخود2005,اختيارخ خودرو-2000-1400/02/08,213,8455,4608233000,605,569,530,-75,-12.4,545,-60,-9.92,529,579,1400-1-11,2021-03-31
362,ضخود2008,اختيارخ خودرو-3500-1400/02/08,212,9197,163957000,29,26,17,-12,-41.38,18,-11,-37.93,10,27,1400-1-11,2021-03-31
363,ددام,داروسازي زاگرس فارمد پارس,211,889255,19492469600,22360,21920,21920,-440,-1.97,22190,-170,-0.76,21920,21920,1400-1-11,2021-03-31
364,تسه9910,امتياز تسهيلات مسكن دي99,210,2967,1748026507,585711,590000,556426,-29285,-5,589156,3445,0.59,556426,600500,1400-1-11,2021-03-31
365,مارون,پتروشيمي مارون,206,39883,6311757302,159511,157630,157250,-2261,-1.42,159430,-81,-0.05,157001,161099,1400-1-11,2021-03-31
366,آساس,صندوق س.آسمان آرماني سهام-س,204,69823,12377837604,177552,177175,176700,-852,-0.48,177274,-278,-0.16,176551,178806,1400-1-11,2021-03-31
367,خكاوه,سايپا ديزل,203,3933011,14369439398,3727,3661,3653,-74,-1.99,3678,-49,-1.31,3653,3690,1400-1-11,2021-03-31
368,آريان,سرمايه گذاري پارس آريان,202,1754537,21104209320,12248,12490,12004,-244,-1.99,12199,-49,-0.4,12004,12490,1400-1-11,2021-03-31
369,تسه9909,امتياز تسهيلات مسكن آذر99,201,2071,1196175268,577319,600000,570000,-7319,-1.27,577583,264,0.05,550000,605000,1400-1-11,2021-03-31
370,خفولا,خدمات فني فولاد يزد,201,946419,43519184877,46921,45983,45983,-938,-2,45983,-938,-2,45983,45983,1400-1-11,2021-03-31
371,ما,بيمه  ما,197,1486879,11089242520,7540,7500,7470,-70,-0.93,7520,-20,-0.27,7390,7600,1400-1-11,2021-03-31
372,دتماد,توليدمواداوليه‌داروپخش‌,194,309008,14277130280,47110,46170,46170,-940,-2,46840,-270,-0.57,46170,47390,1400-1-11,2021-03-31
373,بفجر,فجر انرژي خليج فارس,194,303901,7441000470,23910,23970,24190,280,1.17,23980,70,0.29,23970,25300,1400-1-11,2021-03-31
374,صايند,صندوق س. گنجينه آينده روشن-د,193,1283990,12660137490,10024,9901,9852,-172,-1.72,9860,-164,-1.64,9850,9901,1400-1-11,2021-03-31
375,فخاس,فولاد خراسان,192,156777,4389261830,28510,28980,27940,-570,-2,28490,-20,-0.07,27940,28980,1400-1-11,2021-03-31
376,شصفها,پتروشيمي‌ اصفهان‌,188,411744,57257069416,141875,139038,140111,-1764,-1.24,139060,-2815,-1.98,139038,140900,1400-1-11,2021-03-31
377,سمايه,بانك سرمايه,184,4035828,23690310360,6114,5870,5870,-244,-3.99,5870,-244,-3.99,5870,5870,1400-1-11,2021-03-31
378,سحرخيز,صندوق س. گروه زعفران سحرخيز,176,467872,4510330216,9692,9696,9650,-42,-0.43,9640,-52,-0.54,9581,9700,1400-1-11,2021-03-31
379,شنفت,نفت‌ پارس‌,175,63569,3178599900,50800,49810,49840,-960,-1.89,50750,-50,-0.1,49810,50800,1400-1-11,2021-03-31
380,دسبحا,گروه دارويي سبحان,173,319864,6238503260,19550,19560,19680,130,0.66,19540,-10,-0.05,19170,19790,1400-1-11,2021-03-31
381,تسه9801,امتياز تسهيلات مسكن فروردين98,168,2717,1141029177,440013,418013,418013,-22000,-5,419959,-20054,-4.56,418013,440000,1400-1-11,2021-03-31
382,وبشهر,توسعه‌ صنايع‌ بهشهر(هلدينگ,168,572757,6934744620,12340,12100,12110,-230,-1.86,12310,-30,-0.24,12100,12340,1400-1-11,2021-03-31
383,شكبير,پتروشيمي اميركبير,165,754732,68005486369,91933,91150,90095,-1838,-2,90653,-1280,-1.39,90095,91150,1400-1-11,2021-03-31
384,ضسپا3004,اختيارخ خساپا-2500-1400/03/26,161,6310,1577859000,278,262,238,-40,-14.39,250,-28,-10.07,235,275,1400-1-11,2021-03-31
385,كيسون,شركت كيسون,159,1606420,18891499200,12000,11760,11760,-240,-2,11809,-191,-1.59,11760,11760,1400-1-11,2021-03-31
386,خراسان,پتروشيمي خراسان,159,146217,11133715070,77610,76060,78000,390,0.5,77310,-300,-0.39,76060,78000,1400-1-11,2021-03-31
387,وآيند,بانك  آينده,157,4098277,71051828349,17690,17337,17337,-353,-2,17417,-273,-1.54,17337,17337,1400-1-11,2021-03-31
388,وسپهر,سرمايه گذاري مالي سپهرصادرات,156,443023,4564022946,10512,10302,10302,-210,-2,10504,-8,-0.08,10302,10302,1400-1-11,2021-03-31
389,وبيمه,سرمايه‌ گذاري‌ صنعت‌ بيمه‌,155,1988609,5488560840,2810,2760,2760,-50,-1.78,2800,-10,-0.36,2760,2760,1400-1-11,2021-03-31
390,زر,صندوق س.پشتوانه سكه طلاي زر,155,107489,5041211363,47339,46999,46961,-378,-0.8,46900,-439,-0.93,46566,47100,1400-1-11,2021-03-31
391,دلر,داروسازي‌ اكسير,152,127517,4740228640,36660,37300,37050,390,1.06,36710,50,0.14,36840,37460,1400-1-11,2021-03-31
392,كمينا,شيشه سازي مينا,151,795180,21155763900,25339,26605,26605,1266,5,26516,1177,4.65,26605,26605,1400-1-11,2021-03-31
393,قنقش,قند نقش جهان,148,147122,10666139991,71234,70100,72658,1424,2,72499,1265,1.78,70002,72658,1400-1-11,2021-03-31
394,زرين,صندوق س. سهام زرين كوروش-س,147,158632,1656041729,10565,10332,10384,-181,-1.71,10440,-125,-1.18,10332,10500,1400-1-11,2021-03-31
395,وپخش,داروپخش‌ (هلدينگ‌,145,39238,3949780820,102010,102000,100530,-1480,-1.45,101900,-110,-0.11,100330,102000,1400-1-11,2021-03-31
396,دارا,صندوق س. دارا الگوريتم-د,140,2114050,21283702919,10063,10085,10080,17,0.17,10068,5,0.05,10051,10087,1400-1-11,2021-03-31
397,كيميا,معدني كيمياي زنجان گستران,137,718124,12603794324,17909,17551,17551,-358,-2,17814,-95,-0.53,17551,17551,1400-1-11,2021-03-31
398,كارين,صندوق س نگين سامان-ثابت,132,1293384,13062866958,10085,10102,10100,15,0.15,10100,15,0.15,10094,10102,1400-1-11,2021-03-31
399,وسنا,سرمايه گذاري نيروگاهي ايران,131,1059104,17263395200,16632,16300,16300,-332,-2,16378,-254,-1.53,16300,16300,1400-1-11,2021-03-31
400,سهگمت,سيمان‌هگمتان‌,130,291344,7284904470,25500,24990,25000,-500,-1.96,25430,-70,-0.27,24990,25480,1400-1-11,2021-03-31
401,شساخت,مهندسي و ساختمان صنايع نفت,130,174173,6447469553,37091,37500,36610,-481,-1.3,37078,-13,-0.04,36405,38159,1400-1-11,2021-03-31
402,شپاس,نفت پاسارگاد,128,221405,4883969585,22450,22630,22001,-449,-2,22411,-39,-0.17,22001,22630,1400-1-11,2021-03-31
403,گوهر,صندوق سكه طلاي كيان,126,46743,2553898346,55170,54180,54751,-419,-0.76,54637,-533,-0.97,54173,55100,1400-1-11,2021-03-31
404,جهرم,پتروشيمي جهرم,124,1665825,2951841900,1808,1772,1772,-36,-1.99,1802,-6,-0.33,1772,1772,1400-1-11,2021-03-31
405,وسرمد,بيمه  سرمد,123,1375002,8674656807,6436,6308,6313,-123,-1.91,6381,-55,-0.85,6308,6350,1400-1-11,2021-03-31
406,شراز,پالايش نفت شيراز,122,24172,2753863646,115650,118980,113700,-1950,-1.69,115553,-97,-0.08,113340,118980,1400-1-11,2021-03-31
407,وآذر,سرمايه‌گذاري‌توسعه‌آذربايجان‌,121,55983,4610200050,85780,82350,82350,-3430,-4,85450,-330,-0.38,82350,82350,1400-1-11,2021-03-31
408,پسهند,صنايع‌ لاستيكي‌  سهند,117,95384,3977786060,42480,41640,41670,-810,-1.91,42420,-60,-0.14,41640,42590,1400-1-11,2021-03-31
409,ختراك,ريخته‌گري‌ تراكتورسازي‌ ايران‌,117,293528,4511525360,15680,15370,15370,-310,-1.98,15650,-30,-0.19,15370,15370,1400-1-11,2021-03-31
410,شيراز,پتروشيمي‌شيراز,117,74587,4317485710,58280,59470,58490,210,0.36,58260,-20,-0.03,57570,59470,1400-1-11,2021-03-31
411,تسه9907,امتياز تسهيلات مسكن مهر99,115,1738,996506300,574505,579670,602999,28494,4.96,573364,-1141,-0.2,560000,602999,1400-1-11,2021-03-31
412,تسه9802,امتياز تسهيلات مسكن ارديبهشت98,115,1551,826134985,546509,520010,542000,-4509,-0.83,532647,-13862,-2.54,519190,544999,1400-1-11,2021-03-31
413,دانا,بيمه دانا,115,856905,5612727750,6680,6550,6550,-130,-1.95,6670,-10,-0.15,6550,6550,1400-1-11,2021-03-31
414,وكادو,تكادو,114,1063084,19942392756,19540,18759,18759,-781,-4,18759,-781,-4,18759,18759,1400-1-11,2021-03-31
415,سخند,صندوق س.سپهرخبرگان نفت-د,113,4302730,43604028290,10124,10129,10135,11,0.11,10134,10,0.1,10128,10150,1400-1-11,2021-03-31
416,وبهمن,سرمايه‌گذاري‌بهمن‌,112,409339,6336590000,15790,15480,15480,-310,-1.96,15750,-40,-0.25,15480,15500,1400-1-11,2021-03-31
417,شگل,گلتاش‌,106,335862,3409257010,10340,10140,10140,-200,-1.93,10330,-10,-0.1,10140,10270,1400-1-11,2021-03-31
418,سمتاز,سيمان ممتازان كرمان,106,146864,3044154830,21043,21670,20623,-420,-2,20996,-47,-0.22,20623,21670,1400-1-11,2021-03-31
419,هاي وب,داده گسترعصرنوين-هاي وب,105,211679,2197228020,10590,10380,10380,-210,-1.98,10580,-10,-0.09,10380,10380,1400-1-11,2021-03-31
420,تاصيكو,سرمايه گذاري صدرتامين,104,2306930,26068309000,11530,11300,11300,-230,-1.99,11480,-50,-0.43,11300,11300,1400-1-11,2021-03-31
421,فاسمين,كالسيمين‌,103,522089,9209649960,17990,17640,17640,-350,-1.95,17920,-70,-0.39,17640,17640,1400-1-11,2021-03-31
422,خاتم,صندوق س خاتم ايساتيس پويا-ثابت,102,1798420,19426251384,10789,10795,10802,13,0.12,10802,13,0.12,10795,10802,1400-1-11,2021-03-31
423,آتيمس,صندوق س.آرمان آتيه درخشان مس-س,99,15241,2867303432,191272,191000,187600,-3672,-1.92,188131,-3141,-1.64,187000,191499,1400-1-11,2021-03-31
424,فردا,صندوق س آواي فرداي زاگرس-ثابت,99,1054433,10995770881,10436,10430,10429,-7,-0.07,10428,-8,-0.08,10423,10433,1400-1-11,2021-03-31
425,لخزر,پارس‌ خزر,95,10521,1926605520,186850,183120,183120,-3730,-2,186700,-150,-0.08,183120,183120,1400-1-11,2021-03-31
426,كمنگنز,معادن‌منگنزايران‌,95,96000,8531520000,90680,88870,88870,-1810,-2,90380,-300,-0.33,88870,88870,1400-1-11,2021-03-31
427,وايرا,سرمايه گذاري صنايع ايران,95,896247,12056314644,13061,13452,13452,391,2.99,13276,215,1.65,13452,13452,1400-1-11,2021-03-31
428,غزر,صنعتي زر ماكارون,95,155583,4116726180,26990,26460,26460,-530,-1.96,26950,-40,-0.15,26460,26460,1400-1-11,2021-03-31
429,وپويا,سرمايه گذاري پويا,93,182608,1193343280,6668,6535,6535,-133,-1.99,6665,-3,-0.04,6535,6535,1400-1-11,2021-03-31
430,تسه9904,امتياز تسهيلات مسكن تير99,92,607,341722121,572289,561555,565000,-7289,-1.27,562969,-9320,-1.63,543675,579000,1400-1-11,2021-03-31
431,حبندر,دريايي و کشتيراني خط دريابندر,92,88119,2981260185,34519,33859,33829,-690,-2,34412,-107,-0.31,33829,33859,1400-1-11,2021-03-31
432,ضخود2009,اختيارخ خودرو-4000-1400/02/08,91,4005,49960000,20,15,14,-6,-30,12,-8,-40,9,17,1400-1-11,2021-03-31
433,وسبحان,سرمايه گذاري سبحان,90,4184042,13204836552,3220,3156,3156,-64,-1.99,3203,-17,-0.53,3156,3156,1400-1-11,2021-03-31
434,تسه9810,امتياز تسهيلات مسكن دي98,88,1239,698176915,573313,555555,579999,6686,1.17,563500,-9813,-1.71,544648,580000,1400-1-11,2021-03-31
435,قجامح,ح.فرآورده غذايي وقندتربت‌جام,87,500019,3278624583,6429,6557,6557,128,1.99,6557,128,1.99,6557,6557,1400-1-11,2021-03-31
436,تسه9803,امتياز تسهيلات مسكن خرداد98,87,1100,619703900,562017,545140,560010,-2007,-0.36,563367,1350,0.24,545140,572000,1400-1-11,2021-03-31
437,وتوصا,گروه س توسعه صنعتي ايران,87,507013,6327522240,12730,12480,12480,-250,-1.96,12700,-30,-0.24,12480,12480,1400-1-11,2021-03-31
438,تسه9902,امتياز تسهيلات مسكن ارديبهشت99,86,971,547101467,577045,563500,564500,-12545,-2.17,563441,-13604,-2.36,548193,598899,1400-1-11,2021-03-31
439,حفارس,حمل و نقل بين المللي خليج فارس,84,693429,3307656330,4860,4770,4770,-90,-1.85,4850,-10,-0.21,4770,4770,1400-1-11,2021-03-31
440,وكار,بانك‌ كارآفرين‌,84,1206088,3052673580,2580,2570,2530,-50,-1.94,2580,0,0,2530,2570,1400-1-11,2021-03-31
441,صنوين,صندوق سرمايه‌گذاري صنوين-مختلط,83,16292,1773804840,108600,108850,108900,300,0.28,108880,280,0.26,107710,108940,1400-1-11,2021-03-31
442,تبرك,گروه كارخانجات صنعتي تبرك,82,162750,3190225500,20002,19602,19602,-400,-2,19980,-22,-0.11,19602,19602,1400-1-11,2021-03-31
443,ارمغان,ص سرمايه گذاري ارمغان ايرانيان,82,1129571,11475102757,10152,10158,10159,7,0.07,10159,7,0.07,10155,10159,1400-1-11,2021-03-31
444,تسه9906,امتياز تسهيلات مسكن شهريور99,81,513,289432279,577742,570000,566000,-11742,-2.03,564195,-13547,-2.34,548855,580000,1400-1-11,2021-03-31
445,سپر,صندوق س سپر سرمايه بيدار- ثابت,80,1288776,15101631137,11713,11720,11725,12,0.1,11718,5,0.04,11715,11725,1400-1-11,2021-03-31
446,سقاين,سيمان‌ قائن‌,80,43152,3133266720,74090,72610,72610,-1480,-2,73990,-100,-0.13,72610,72610,1400-1-11,2021-03-31
447,دتوزيع,توزيع دارو پخش,78,260696,13791600488,53982,52903,52903,-1079,-2,53708,-274,-0.51,52903,52903,1400-1-11,2021-03-31
448,وتعاون,بيمه  تعاون,78,1473838,9037574616,5954,6132,6132,178,2.99,6032,78,1.31,6132,6132,1400-1-11,2021-03-31
449,كفرآور,فرآورده هاي سيمان شرق,77,490483,12599527304,26212,25688,25688,-524,-2,25890,-322,-1.23,25688,25688,1400-1-11,2021-03-31
450,كيان2,صندوق س. با درآمد ثابت كيان,76,7600000,7600000,27753,1,1,-27752,-100,1,-27752,-100,1,1,1400-1-11,2021-03-31
451,تسه9903,امتياز تسهيلات مسكن خرداد99,76,774,434047792,568988,558333,560000,-8988,-1.58,560785,-8203,-1.44,540539,570000,1400-1-11,2021-03-31
452,بنيرو,نيروترانس‌,76,251389,3728002690,15110,14900,14810,-300,-1.99,15090,-20,-0.13,14810,14900,1400-1-11,2021-03-31
453,تسه9905,امتياز تسهيلات مسكن مرداد99,75,775,438964490,568486,563600,574955,6469,1.14,566406,-2080,-0.37,548000,585000,1400-1-11,2021-03-31
454,اخزا911,اسنادخزانه-م11بودجه99-020906,73,30772,18331621573,1000000,595501,604999,-395001,-39.5,595724,-404276,-40.43,595501,605998,1400-1-11,2021-03-31
455,كفپارس,فرآورده‌هاي‌ نسوز پارس‌,73,348571,1582512340,4630,4540,4540,-90,-1.94,4630,0,0,4540,4540,1400-1-11,2021-03-31
456,حتوكا,حمل‌ونقل‌توكا,72,83159,2462337990,30840,29610,29610,-1230,-3.99,30780,-60,-0.19,29610,29610,1400-1-11,2021-03-31
457,لپارس,پارس‌ الكتريك‌,72,48616,4539762080,95280,93380,93380,-1900,-1.99,95100,-180,-0.19,93380,93380,1400-1-11,2021-03-31
458,ساينا,صنايع بهداشتي ساينا,72,14789,2292171804,157872,154715,154720,-3152,-2,157737,-135,-0.09,154715,157890,1400-1-11,2021-03-31
459,كوثر,بيمه كوثر,69,359338,5202136226,14772,14477,14477,-295,-2,14742,-30,-0.2,14477,14477,1400-1-11,2021-03-31
460,شلعاب,لعابيران‌,66,201466,4500750440,22790,22340,22340,-450,-1.97,22750,-40,-0.18,22340,22340,1400-1-11,2021-03-31
461,نيرو,نيرو سرمايه,65,108223,5527489725,53203,51075,51075,-2128,-4,52590,-613,-1.15,51075,51075,1400-1-11,2021-03-31
462,شتولي,تولي‌پرس‌,65,82335,2792144520,33248,33912,33912,664,2,33430,182,0.55,33912,33912,1400-1-11,2021-03-31
463,قپيرا,فرآورده‌هاي‌غدايي‌وقندپيرانشهر,64,46716,4914067560,107330,105190,105190,-2140,-1.99,107130,-200,-0.19,105190,105200,1400-1-11,2021-03-31
464,شپلي,پلي اكريل ايران,61,346687,3178079729,9354,9167,9167,-187,-2,9309,-45,-0.48,9167,9167,1400-1-11,2021-03-31
465,ساربيل,سيمان آرتا اردبيل,60,59986,3412003680,58040,56880,56880,-1160,-2,57960,-80,-0.14,56880,56880,1400-1-11,2021-03-31
466,غويتا,ويتانا,60,55614,992487444,18210,17846,17846,-364,-2,18203,-7,-0.04,17846,17846,1400-1-11,2021-03-31
467,ضجار2002,اختيارخ وتجارت-2500-1400/02/22,60,2326,877160000,455,420,380,-75,-16.48,377,-78,-17.14,370,420,1400-1-11,2021-03-31
468,ملت,بيمه ملت,58,124879,1994317630,16290,15970,15970,-320,-1.96,16280,-10,-0.06,15970,15970,1400-1-11,2021-03-31
469,خمهر,مهركام‌پارس‌,57,405142,976392220,2450,2410,2410,-40,-1.63,2450,0,0,2410,2410,1400-1-11,2021-03-31
470,دكيمي,كيميدارو,56,611917,18143339050,30250,29650,29650,-600,-1.98,30040,-210,-0.69,29650,29650,1400-1-11,2021-03-31
471,شاملا,معدني‌ املاح‌  ايران‌,55,29432,1484469600,51300,50650,50320,-980,-1.91,51270,-30,-0.06,50300,51660,1400-1-11,2021-03-31
472,تسه9901,امتياز تسهيلات مسكن فروردين99,55,544,305095960,572623,546692,570000,-2623,-0.46,560838,-11785,-2.06,544122,570000,1400-1-11,2021-03-31
473,ضسپا3003,اختيارخ خساپا-2000-1400/03/26,55,1390,696962000,547,516,500,-47,-8.59,501,-46,-8.41,495,517,1400-1-11,2021-03-31
474,اخزا817,اسنادخزانه-م17بودجه98-010512,53,24610,19129048218,779003,777900,773223,-5780,-0.74,777288,-1715,-0.22,773223,778000,1400-1-11,2021-03-31
475,ختور,رادياتور ايران‌,53,52075,1171687500,22950,22500,22500,-450,-1.96,22940,-10,-0.04,22500,22500,1400-1-11,2021-03-31
476,آساميد,صندوق س.مشترك آسمان اميد -د,53,758536,8969100453,11814,11830,11826,12,0.1,11824,10,0.08,11816,11830,1400-1-11,2021-03-31
477,اخزا901,اسنادخزانه-م1بودجه99-010621,52,67234,50650913443,751420,751500,754000,2580,0.34,753353,1933,0.26,750645,754800,1400-1-11,2021-03-31
478,سخاش,سيمان‌خاش‌,52,5865,899397750,156470,153350,153350,-3120,-1.99,156410,-60,-0.04,153350,153350,1400-1-11,2021-03-31
479,دبالك,مواد اوليه دارويي البرز بالك,52,164373,3366523413,20898,20481,20481,-417,-2,20869,-29,-0.14,20481,20481,1400-1-11,2021-03-31
480,تسه9812,امتياز تسهيلات مسكن اسفند98,51,423,238385961,566133,546666,578000,11867,2.1,563560,-2573,-0.45,546112,578000,1400-1-11,2021-03-31
481,شكف,كف,50,143276,13719250104,93877,95754,95754,1877,2,95754,1877,2,95754,95754,1400-1-11,2021-03-31
482,وجامي,سرمايه گذاري جامي,49,164081,2394269952,15200,14592,14592,-608,-4,15123,-77,-0.51,14592,14592,1400-1-11,2021-03-31
483,ديران,ايران‌دارو,49,262587,6971684850,27090,26550,26550,-540,-1.99,27010,-80,-0.3,26550,26550,1400-1-11,2021-03-31
484,قصفها,قنداصفهان‌,49,17755,2788955400,160280,157080,157080,-3200,-2,160100,-180,-0.11,157080,157080,1400-1-11,2021-03-31
485,فيروزا,صندوق بادرآمد ثابت فيروزه آسيا,49,109077,2460956878,22449,22470,22562,113,0.5,22562,113,0.5,22451,22619,1400-1-11,2021-03-31
486,اخزا902,اسنادخزانه-م2بودجه99-011019,47,62059,44001130169,706897,707111,708511,1614,0.23,709021,2124,0.3,707106,710998,1400-1-11,2021-03-31
487,بزاگرس,نيروگاه زاگرس كوثر,47,153259,1078636842,7181,7038,7038,-143,-1.99,7178,-3,-0.04,7038,7038,1400-1-11,2021-03-31
488,شدوص,دوده‌ صنعتي‌ پارس‌,46,211955,5955935500,28670,28100,28100,-570,-1.99,28600,-70,-0.24,28100,28100,1400-1-11,2021-03-31
489,افق ملت,صندوق س در سهام افق ملت,46,14304,1860324750,131350,130300,130000,-1350,-1.03,130060,-1290,-0.98,130000,130990,1400-1-11,2021-03-31
490,كروي,توسعه‌ معادن‌ روي‌ ايران‌,46,77087,2247086050,29740,29150,29150,-590,-1.98,29710,-30,-0.1,29150,29150,1400-1-11,2021-03-31
491,تاپكيش,تجارت الكترونيك پارسيان كيش,46,441635,8158764990,18851,18474,18474,-377,-2,18788,-63,-0.33,18474,18474,1400-1-11,2021-03-31
492,اخزا903,اسنادخزانه-م3بودجه99-011110,45,99711,70062534628,699931,700000,702011,2080,0.3,702656,2725,0.39,700000,705899,1400-1-11,2021-03-31
493,اخزا908,اسنادخزانه-م8بودجه99-020606,45,151852,95246672532,624731,625000,625600,869,0.14,627234,2503,0.4,623835,630499,1400-1-11,2021-03-31
494,بساما,بيمه سامان,45,88978,2081996222,23876,23399,23399,-477,-2,23856,-20,-0.08,23399,23399,1400-1-11,2021-03-31
495,قشكر,شكرشاهرود,45,343110,1293524700,3840,3770,3770,-70,-1.82,3840,0,0,3770,3770,1400-1-11,2021-03-31
496,ثزاگرس,سرمايه گذاري توسعه عمران زاگرس,44,98635,5943942370,63433,60262,60262,-3171,-5,62394,-1039,-1.64,60262,60262,1400-1-11,2021-03-31
497,ضشنا2002,اختيارخ شپنا-12000-1400/02/27,43,480,1151711000,2656,2590,2321,-335,-12.61,2399,-257,-9.68,2320,2590,1400-1-11,2021-03-31
498,تايرا,تراكتورسازي‌ايران‌,43,86275,2402758750,28410,27850,27850,-560,-1.97,28380,-30,-0.11,27850,27850,1400-1-11,2021-03-31
499,داريك,صندوق س.اعتماد داريك-د,43,40200,421964140,10492,10497,10496,4,0.04,10497,5,0.05,10492,10559,1400-1-11,2021-03-31
500,سكرد,سيمان كردستان,42,202036,1971871360,9950,9760,9760,-190,-1.91,9940,-10,-0.1,9760,9760,1400-1-11,2021-03-31
501,تكشا,گسترش‌صنايع‌وخدمات‌كشاورزي‌,42,39276,1806696000,46930,46000,46000,-930,-1.98,46900,-30,-0.06,46000,46000,1400-1-11,2021-03-31
502,تسه9811,امتياز تسهيلات مسكن بهمن98,42,394,220818378,573483,545009,575000,1517,0.26,560453,-13030,-2.27,545009,575000,1400-1-11,2021-03-31
503,غدام,خوراك‌  دام‌ پارس‌,41,13348,5183562320,396260,388340,388340,-7920,-2,395410,-850,-0.21,388340,388340,1400-1-11,2021-03-31
504,ولبهمن,شركت بهمن ليزينگ,41,1248928,10020149344,8186,8023,8023,-163,-1.99,8152,-34,-0.42,8023,8023,1400-1-11,2021-03-31
505,آكورد2,صندوق س. آرمان آتي كوثر-د,40,4000000,4000000,31352,1,1,-31351,-100,1,-31351,-100,1,1,1400-1-11,2021-03-31
506,فسا,پتروشيمي فسا,40,365855,636221845,1774,1739,1739,-35,-1.97,1773,-1,-0.06,1739,1739,1400-1-11,2021-03-31
507,ضترا3004,اختيارخ شتران-10000-1400/03/09,40,525,759257000,1759,1850,1400,-359,-20.41,1446,-313,-17.79,1360,1850,1400-1-11,2021-03-31
508,كسعدي,كاشي‌ سعدي‌,40,118779,2495546790,21430,21010,21010,-420,-1.96,21410,-20,-0.09,21010,21010,1400-1-11,2021-03-31
509,كسرام,پارس‌ سرام‌,38,354076,2899882440,8350,8190,8190,-160,-1.92,8340,-10,-0.12,8190,8190,1400-1-11,2021-03-31
510,اخزا909,اسنادخزانه-م9بودجه99-020316,38,216455,141869057385,653043,657899,656799,3756,0.58,655421,2378,0.36,653200,657899,1400-1-11,2021-03-31
511,بالبر,كابل‌ البرز,38,119427,6976925340,59610,58420,58420,-1190,-2,59440,-170,-0.29,58420,58420,1400-1-11,2021-03-31
512,گدنا,تهيه توزيع غذاي دنا آفرين فدك,37,25701,856305918,33997,33318,33318,-679,-2,33985,-12,-0.04,33318,33318,1400-1-11,2021-03-31
513,آينده,بازرگاني آينده سازان بهشت پارس,36,41444,793155272,19935,19138,19138,-797,-4,19902,-33,-0.17,19138,19138,1400-1-11,2021-03-31
514,كقزوي,شيشه‌ قزوين‌,36,48516,477931116,10261,9851,9851,-410,-4,10251,-10,-0.1,9851,9851,1400-1-11,2021-03-31
515,ضجار2003,اختيارخ وتجارت-3000-1400/02/22,36,1207,173106000,165,144,142,-23,-13.94,143,-22,-13.33,130,155,1400-1-11,2021-03-31
516,ثفارس,عمران‌وتوسعه‌فارس‌,34,62429,615549940,10060,9860,9860,-200,-1.99,10060,0,0,9860,9860,1400-1-11,2021-03-31
517,سكه0012پ04,تمام سكه طرح جديد0012صادرات,34,10100,11136441200,1105419,1095000,1105003,-416,-0.04,1102618,-2801,-0.25,1095000,1107999,1400-1-11,2021-03-31
518,ساوه,سيمان ساوه,33,26106,1565263548,61181,59958,59958,-1223,-2,61142,-39,-0.06,59958,59958,1400-1-11,2021-03-31
519,لكما,كارخانجات‌مخابراتي‌ايران‌,33,94188,576147996,6241,6117,6117,-124,-1.99,6237,-4,-0.06,6117,6117,1400-1-11,2021-03-31
520,ثروتم,صندوق س. ثروت آفرين پارسيان-س,33,23320,1865151560,80820,80500,80008,-812,-1,79981,-839,-1.04,79900,80500,1400-1-11,2021-03-31
521,كخاكح,ح . صنايع‌خاك‌چيني‌ايران‌,33,20825,804261500,38620,38620,38620,0,0,38620,0,0,38620,38620,1400-1-11,2021-03-31
522,بالاس,مهندسي ساختمان تاسيسات راه آهن,32,25250,1447128000,58481,57312,57312,-1169,-2,58446,-35,-0.06,57312,57312,1400-1-11,2021-03-31
523,شبصير,توليدات پتروشيمي قائد بصير,31,49600,3516094400,72335,70889,70889,-1446,-2,72227,-108,-0.15,70889,70889,1400-1-11,2021-03-31
524,غنوش,نوش‌ مازندران‌,30,21031,1180890650,57290,56150,56150,-1140,-1.99,57260,-30,-0.05,56150,56150,1400-1-11,2021-03-31
525,تسه9809,امتياز تسهيلات مسكن آذر98,30,254,142668702,566971,546500,555200,-11771,-2.08,561688,-5283,-0.93,546500,585000,1400-1-11,2021-03-31
526,رتكو,كنترل‌خوردگي‌تكين‌كو,30,167010,3044592300,18600,18230,18230,-370,-1.99,18580,-20,-0.11,18230,18230,1400-1-11,2021-03-31
527,ضجار2005,اختيارخ وتجارت-4000-1400/02/22,30,1991,83160000,51,50,40,-11,-21.57,42,-9,-17.65,40,50,1400-1-11,2021-03-31
528,اخزا910,اسنادخزانه-م10بودجه99-020807,30,30819,18696841140,603654,605990,608000,4346,0.72,606666,3012,0.5,601235,608995,1400-1-11,2021-03-31
529,چخزر,صنايع چوب خزر كاسپين,30,8061,464265234,58769,57594,57594,-1175,-2,58758,-11,-0.02,57594,57594,1400-1-11,2021-03-31
530,تسه9806,امتياز تسهيلات مسكن شهريور98,29,365,206115175,567821,551010,560000,-7821,-1.38,564699,-3122,-0.55,551010,590000,1400-1-11,2021-03-31
531,فلات,گروه صنايع معادن فلات ايرانيان,29,191684,2993529028,15935,15617,15617,-318,-2,15888,-47,-0.29,15617,15617,1400-1-11,2021-03-31
532,تسه9804,امتياز تسهيلات مسكن تير98,28,316,181374683,588743,574155,575000,-13743,-2.33,573970,-14773,-2.51,562020,590000,1400-1-11,2021-03-31
533,ضترا3002,اختيارخ شتران-8000-1400/03/09,28,113,283573000,2987,2571,2700,-287,-9.61,2509,-478,-16,2400,2700,1400-1-11,2021-03-31
534,گكيش,توريستي ورفاهي آبادگران كيش,28,26158,1310515800,51122,50100,50100,-1022,-2,51051,-71,-0.14,50100,50100,1400-1-11,2021-03-31
535,كوير,توليدي فولاد سپيد فراب كوير,28,21960,485096400,22540,22090,22090,-450,-2,22540,0,0,22090,22090,1400-1-11,2021-03-31
536,ثجوان,تامين مسكن جوانان,28,110484,1208805444,11164,10941,10941,-223,-2,11150,-14,-0.13,10941,10941,1400-1-11,2021-03-31
537,چكاوه,صنايع‌كاغذسازي‌كاوه‌,28,45970,837113700,18580,18210,18210,-370,-1.99,18570,-10,-0.05,18210,18210,1400-1-11,2021-03-31
538,شسينا,صنايع‌شيميايي‌سينا,27,4355,580216650,135940,133230,133230,-2710,-1.99,135910,-30,-0.02,133230,133230,1400-1-11,2021-03-31
539,تسه9805,امتياز تسهيلات مسكن مرداد98,27,279,155483041,557069,529350,575000,17931,3.22,557287,218,0.04,529349,579878,1400-1-11,2021-03-31
540,سدبير,س. تدبيرگران فارس وخوزستان,27,51769,4549822103,89680,87887,87887,-1793,-2,89513,-167,-0.19,87887,87887,1400-1-11,2021-03-31
541,اخزا814,اسنادخزانه-م14بودجه98-010318,27,7272,5864672709,806770,795200,814900,8130,1.01,806473,-297,-0.04,795004,814990,1400-1-11,2021-03-31
542,سكه0112پ03,تمام سكه طرح جديد0112سامان,26,3400,3762790700,1110408,1109998,1109500,-908,-0.08,1106703,-3705,-0.33,1090000,1109999,1400-1-11,2021-03-31
543,غشان,شيرپاستوريزه‌پگاه‌خراسان‌,26,281896,2128314800,7700,7550,7550,-150,-1.95,7690,-10,-0.13,7550,7550,1400-1-11,2021-03-31
544,دكوثر,داروسازي‌ كوثر,26,20090,408429700,20740,20330,20330,-410,-1.98,20740,0,0,20330,20330,1400-1-11,2021-03-31
545,اراد50,مرابحه عام دولت5-ش.خ0302,26,626000,626000181000,1000001,1000001,1000001,0,0,1000000,-1,0,1000000,1000002,1400-1-11,2021-03-31
546,غگرجي,بيسكويت‌  گرجي‌,25,60436,1122900880,18950,18580,18580,-370,-1.95,18940,-10,-0.05,18580,18580,1400-1-11,2021-03-31
547,تكنو,تكنوتار,25,183301,4056451130,22580,22130,22130,-450,-1.99,22540,-40,-0.18,22130,22130,1400-1-11,2021-03-31
548,زمگسا,كشاورزي‌ ودامپروي‌ مگسال‌,25,22279,711145680,32570,31920,31920,-650,-2,32560,-10,-0.03,31920,31920,1400-1-11,2021-03-31
549,اخزا906,اسنادخزانه-م6بودجه99-020321,25,11575,8258427550,704000,695000,718000,14000,1.99,713471,9471,1.35,690000,729890,1400-1-11,2021-03-31
550,تسه9912,امتياز تسهيلات مسكن اسفند99,25,437,248790062,597891,562018,580000,-17891,-2.99,569314,-28577,-4.78,562018,580000,1400-1-11,2021-03-31
551,دفارا,داروسازي‌ فارابي‌,25,42413,2754300220,66260,64940,64940,-1320,-1.99,66190,-70,-0.11,64940,64940,1400-1-11,2021-03-31
552,سكه0011پ02,تمام سكه طرح جديد0011ملت,25,2700,2980653000,1106761,1100000,1106000,-761,-0.07,1103945,-2816,-0.25,1100000,1106888,1400-1-11,2021-03-31
553,غمارگ,مارگارين‌,25,65475,2029070250,31620,30990,30990,-630,-1.99,31590,-30,-0.09,30990,30990,1400-1-11,2021-03-31
554,غصينو,صنعتي مينو,25,45596,3043259424,68106,66744,66744,-1362,-2,68064,-42,-0.06,66744,66744,1400-1-11,2021-03-31
555,قشير,قند شيروان قوچان و بجنورد,24,21254,536748516,25769,25254,25254,-515,-2,25763,-6,-0.02,25254,25254,1400-1-11,2021-03-31
556,ضپاس2002,اختيارخ وپارس-3000-1400/02/29,24,477,141865000,316,320,303,-13,-4.11,297,-19,-6.01,291,320,1400-1-11,2021-03-31
557,غشصفا,شيرپاستوريزه‌پگاه‌اصفهان‌,24,41034,1127203980,28030,27470,27470,-560,-2,28020,-10,-0.04,27470,27470,1400-1-11,2021-03-31
558,ساروم,سيمان‌اروميه‌,24,40889,1660093400,41420,40600,40600,-820,-1.98,41390,-30,-0.07,40600,40600,1400-1-11,2021-03-31
559,زعف0008پ11,زعفران0008نگين سحرخيز(پ),24,45375,5419251192,120068,120000,120000,-68,-0.06,119433,-635,-0.53,118510,120000,1400-1-11,2021-03-31
560,حخزر,كشتيراني درياي خزر,24,293200,8413374000,29280,28695,28695,-585,-2,29180,-100,-0.34,28695,28695,1400-1-11,2021-03-31
561,قشهد,شهد,23,94854,1864829640,20470,19660,19660,-810,-3.96,20440,-30,-0.15,19660,19660,1400-1-11,2021-03-31
562,تپمپي,پمپ‌ سازي‌ ايران‌,23,38013,724147650,19430,19050,19050,-380,-1.96,19420,-10,-0.05,19050,19050,1400-1-11,2021-03-31
563,تسه9808,امتياز تسهيلات مسكن آبان98,23,253,141715582,573847,552501,551200,-22647,-3.95,560141,-13706,-2.39,545200,579900,1400-1-11,2021-03-31
564,سصفها,سيمان‌اصفهان‌,23,12769,1602509500,128060,125500,125500,-2560,-2,127980,-80,-0.06,125500,125500,1400-1-11,2021-03-31
565,زفكا,كشت و دامداري فكا,22,40785,529919505,13258,12993,12993,-265,-2,13255,-3,-0.02,12993,12993,1400-1-11,2021-03-31
566,اخزا821,اسنادخزانه-م21بودجه98-020906,22,2965,1767947279,598884,595000,597100,-1784,-0.3,596272,-2612,-0.44,595000,601000,1400-1-11,2021-03-31
567,زعف0008پ05,زعفران0008نگين زرين(پ),22,27558,3287963392,118658,119000,119799,1141,0.96,119311,653,0.55,118999,119990,1400-1-11,2021-03-31
568,آسام,صندوق س.آرمان سپهر آشنا-م,22,4880,528711650,108822,109490,108490,-332,-0.31,108343,-479,-0.44,107760,109490,1400-1-11,2021-03-31
569,ثاژن,سخت آژند,22,337897,3191437165,9838,9445,9445,-393,-3.99,9705,-133,-1.35,9445,9445,1400-1-11,2021-03-31
570,الماس,صندوق س.امين تدبيرگران فردا-س,22,2110,230981963,110505,109890,109551,-954,-0.86,109470,-1035,-0.94,109200,109998,1400-1-11,2021-03-31
571,ثاباد,توريستي ورفاهي آبادگران ايران,22,55307,2981047300,54990,53900,53900,-1090,-1.98,54920,-70,-0.13,53900,53900,1400-1-11,2021-03-31
572,اخزا818,اسنادخزانه-م18بودجه98-010614,21,23867,18169099432,761299,760017,767990,6691,0.88,761264,-35,0,757100,767990,1400-1-11,2021-03-31
573,سدور,سيمان‌ دورود,21,92914,1767224280,19400,19020,19020,-380,-1.96,19390,-10,-0.05,19020,19020,1400-1-11,2021-03-31
574,وگستر,گسترش سرمايه گذاري ايرانيان,21,62443,1181983547,19315,18929,18929,-386,-2,19306,-9,-0.05,18929,18929,1400-1-11,2021-03-31
575,قثابت,قند ثابت‌ خراسان‌,21,3623,243465600,68570,67200,67200,-1370,-2,68560,-10,-0.01,67200,67200,1400-1-11,2021-03-31
576,غپآذر,شير پگاه آذربايجان شرقي,21,28576,1842751936,65802,64486,64486,-1316,-2,65752,-50,-0.08,64486,64486,1400-1-11,2021-03-31
577,ثالوند,سرمايه گذاري مسكن الوند,21,52002,1675036422,32868,32211,32211,-657,-2,32846,-22,-0.07,32211,32211,1400-1-11,2021-03-31
578,خلنت,لنت‌ ترمزايران‌,21,3888,356257440,93500,91630,91630,-1870,-2,93490,-10,-0.01,91630,91630,1400-1-11,2021-03-31
579,ضملي3003,اختيارخ فملي-12000-1400/03/02,21,165,277734000,1898,1700,1640,-258,-13.59,1683,-215,-11.33,1610,1749,1400-1-11,2021-03-31
580,دمعيار,صندوق س. توازن معيار-د,20,154336,1551897289,10053,10056,10059,6,0.06,10055,2,0.02,10055,10059,1400-1-11,2021-03-31
581,خفنر,فنرسازي‌خاور,20,67885,576343650,8660,8490,8490,-170,-1.96,8660,0,0,8490,8490,1400-1-11,2021-03-31
582,تملي704,تسهيلات مسكن ب. ملي-تير97,20,224,143713987,612575,612574,643203,30628,5,641580,29005,4.73,612574,643203,1400-1-11,2021-03-31
583,اخزا806,اسنادخزانه-م6بودجه98-000519,20,7818,7306731721,931108,931543,932580,1472,0.16,934604,3496,0.38,931543,939000,1400-1-11,2021-03-31
584,واميد,گروه مديريت سرمايه گذاري اميد,20,77787,998785080,13100,12840,12840,-260,-1.98,13100,0,0,12840,12840,1400-1-11,2021-03-31
585,فنرژي,گسترش صنايع انرژي آذرآب,19,30032,571268704,19410,19022,19022,-388,-2,19387,-23,-0.12,19022,19022,1400-1-11,2021-03-31
586,سدشت,صنايع سيمان دشتستان,19,24203,1465733680,57140,60560,60560,3420,5.99,57230,90,0.16,60560,60560,1400-1-11,2021-03-31
587,تسه9807,امتياز تسهيلات مسكن مهر98,19,93,52835680,557991,548210,570000,12009,2.15,568126,10135,1.82,548210,570000,1400-1-11,2021-03-31
588,بذر,صندوق س بذر اميد آفرين-سهام,19,5275,532404110,101450,100960,100950,-500,-0.49,100930,-520,-0.51,100900,100960,1400-1-11,2021-03-31
589,ضشنا2003,اختيارخ شپنا-14000-1400/02/27,18,333,405479000,1411,1294,1224,-187,-13.25,1218,-193,-13.68,1171,1350,1400-1-11,2021-03-31
590,غشاذر,پگاه‌آذربايجان‌غربي‌,17,43291,424251800,10000,9800,9800,-200,-2,10000,0,0,9800,9800,1400-1-11,2021-03-31
591,اخزا907,اسنادخزانه-م7بودجه99-020704,17,61669,38376268530,616401,617000,616210,-191,-0.03,622294,5893,0.96,616000,623900,1400-1-11,2021-03-31
592,بهپاك,صنعتي بهپاك,17,69205,3041490545,44845,43949,43949,-896,-2,44789,-56,-0.12,43949,43949,1400-1-11,2021-03-31
593,زماهان,مجتمع توليد گوشت مرغ ماهان,17,217860,4410139980,20656,20243,20243,-413,-2,20619,-37,-0.18,20243,20243,1400-1-11,2021-03-31
594,سفانو,سيمان فارس نو,16,13487,544874800,41220,40400,40400,-820,-1.99,41210,-10,-0.02,40400,40400,1400-1-11,2021-03-31
595,زير0003پ04,زيره سبز0003شركت مينوبذر(پ),16,513,243800746,444000,478242,478242,34242,7.71,475245,31245,7.04,432696,478242,1400-1-11,2021-03-31
596,توريل,توكاريل,16,25727,635534081,25207,24703,24703,-504,-2,25200,-7,-0.03,24703,24703,1400-1-11,2021-03-31
597,كترام,توليدي‌ كاشي‌ تكسرام‌,16,10374,494943540,48680,47710,47710,-970,-1.99,48670,-10,-0.02,47710,47710,1400-1-11,2021-03-31
598,وهنر,گروه توسعه هنر ايران,16,135408,1186444896,8940,8762,8762,-178,-1.99,8929,-11,-0.12,8762,8762,1400-1-11,2021-03-31
599,خموتور,موتورسازان‌تراكتورسازي‌ايران‌,16,67636,997631000,15050,14750,14750,-300,-1.99,15040,-10,-0.07,14750,14750,1400-1-11,2021-03-31
600,كپشير,پشم‌شيشه‌ايران‌,16,6611,260473400,40200,39400,39400,-800,-1.99,40200,0,0,39400,39400,1400-1-11,2021-03-31
601,چفيبر,فيبر ايران‌,16,31523,429658490,13900,13630,13630,-270,-1.94,13900,0,0,13630,13630,1400-1-11,2021-03-31
602,فپنتا,سپنتا,16,1777,714496160,410280,402080,402080,-8200,-2,410160,-120,-0.03,402080,402080,1400-1-11,2021-03-31
603,دابور,داروسازي‌ ابوريحان‌,15,5847,226103490,39450,38670,38670,-780,-1.98,39450,0,0,38670,38670,1400-1-11,2021-03-31
604,شسم,توليد سموم‌ علف‌ كش,15,2226,202768566,89305,91091,91091,1786,2,89340,35,0.04,91091,91091,1400-1-11,2021-03-31
605,كاذر,فرآورده‌هاي‌نسوزآذر,15,12448,400078720,32790,32140,32140,-650,-1.98,32780,-10,-0.03,32140,32140,1400-1-11,2021-03-31
606,بايكا,كارخانجات كابلسازي ‌ايران‌,15,21140,876295280,42297,41452,41452,-845,-2,42259,-38,-0.09,41452,41452,1400-1-11,2021-03-31
607,اخزا815,اسنادخزانه-م15بودجه98-010406,15,8420,6640724767,787428,786126,785431,-1997,-0.25,788685,1257,0.16,781000,791999,1400-1-11,2021-03-31
608,دجابر,داروسازي‌ جابرابن‌حيان‌,15,18645,370476150,20270,19870,19870,-400,-1.97,20270,0,0,19870,19870,1400-1-11,2021-03-31
609,حآسا,آسيا سير ارس,15,13261,585937285,45086,44185,44185,-901,-2,45075,-11,-0.02,44185,44185,1400-1-11,2021-03-31
610,ضپاس2001,اختيارخ وپارس-2500-1400/02/29,15,165,103510000,755,602,610,-145,-19.21,627,-128,-16.95,602,640,1400-1-11,2021-03-31
611,غدشت,دشت‌ مرغاب‌,15,835,237524100,290260,284460,284460,-5800,-2,290230,-30,-0.01,284460,284460,1400-1-11,2021-03-31
612,وحافظ,بيمه حافظ,14,4684,304872192,67800,65088,65088,-2712,-4,67714,-86,-0.13,65088,65088,1400-1-11,2021-03-31
613,داوه,داروسازي آوه سينا,14,10152,200908080,20193,19790,19790,-403,-2,20191,-2,-0.01,19790,19790,1400-1-11,2021-03-31
614,ضشنا2000,اختيارخ شپنا-9000-1400/02/27,14,323,1570513000,4888,4879,4850,-38,-0.78,4862,-26,-0.53,4840,4880,1400-1-11,2021-03-31
615,خوساز,محورسازان‌ايران‌خودرو,14,21119,165995340,8020,7860,7860,-160,-2,8020,0,0,7860,7860,1400-1-11,2021-03-31
616,آبين,كشت و صنعت آبشيرين,13,50152,203416512,4225,4056,4056,-169,-4,4221,-4,-0.09,4056,4056,1400-1-11,2021-03-31
617,فمراد,آلومراد,13,1300,183573000,144090,141210,141210,-2880,-2,144080,-10,-0.01,141210,141210,1400-1-11,2021-03-31
618,وآوا,سرمايه گذاري آوا نوين,13,55363,482820723,8898,8721,8721,-177,-1.99,8896,-2,-0.02,8721,8721,1400-1-11,2021-03-31
619,اخزا905,اسنادخزانه-م5بودجه99-020218,13,35021,23224110540,657857,663640,663000,5143,0.78,663148,5291,0.8,663000,664000,1400-1-11,2021-03-31
620,ضفلا3003,اختيارخ فولاد-7133-1400/03/19,13,684,3279480000,4465,4000,4800,335,7.5,4795,330,7.39,4000,4800,1400-1-11,2021-03-31
621,بكاب,صنايع‌جوشكاب‌يزد,13,2116,748132960,360770,353560,353560,-7210,-2,360660,-110,-0.03,353560,353560,1400-1-11,2021-03-31
622,سخزر,سيمان‌ خزر,12,3838,115792460,30780,30170,30170,-610,-1.98,30780,0,0,30170,30170,1400-1-11,2021-03-31
623,كتوكا,توليدي و خدمات صنايع نسوز توكا,12,20351,778873472,39053,38272,38272,-781,-2,39041,-12,-0.03,38272,38272,1400-1-11,2021-03-31
624,گنجين,صندوق س. گنجينه يكم آويد-د,12,91951,1151781945,12520,12540,12538,18,0.14,12526,6,0.05,12525,12540,1400-1-11,2021-03-31
625,ضخود2013,اختيارخ خودرو-7000-1400/02/08,12,600,2750000,7,5,7,0,0,5,-2,-28.57,4,7,1400-1-11,2021-03-31
626,ضخود2010,اختيارخ خودرو-4500-1400/02/08,12,524,4126000,10,8,7,-3,-30,8,-2,-20,7,10,1400-1-11,2021-03-31
627,وليز,ليزينگ‌ايران‌,12,66516,621924600,9540,9350,9350,-190,-1.99,9540,0,0,9350,9350,1400-1-11,2021-03-31
628,وپسا,س. پتروشيمي ساختمان  خليج فارس,12,59636,176105108,3013,2953,2953,-60,-1.99,3012,-1,-0.03,2953,2953,1400-1-11,2021-03-31
629,سبهان,سيمان‌ بهبهان‌,12,785,109507500,142340,139500,139500,-2840,-2,142330,-10,-0.01,139500,139500,1400-1-11,2021-03-31
630,خاذين,سايپاآذين‌,12,42755,199238300,4750,4660,4660,-90,-1.89,4750,0,0,4660,4660,1400-1-11,2021-03-31
631,ثتوسا,س.توسعه و عمران استان اردبيل,12,9156,360169572,40139,39337,39337,-802,-2,40124,-15,-0.04,39337,39337,1400-1-11,2021-03-31
632,شتوكا,توكا رنگ فولاد سپاهان,12,2893,153855526,54267,53182,53182,-1085,-2,54264,-3,-0.01,53182,53182,1400-1-11,2021-03-31
633,عيار2,صندوق سكه طلاي مفيد,11,110000,110000,28042,1,1,-28041,-100,1,-28041,-100,1,1,1400-1-11,2021-03-31
634,ضپاس2003,اختيارخ وپارس-3500-1400/02/29,11,75,12554000,223,170,144,-79,-35.43,167,-56,-25.11,144,170,1400-1-11,2021-03-31
635,اخزا809,اسنادخزانه-م9بودجه98-000923,11,3144,2741842715,873022,870000,875600,2578,0.3,872087,-935,-0.11,869101,875600,1400-1-11,2021-03-31
636,تپولا,مهندسي مرآت پولاد,11,190585,6612918330,35406,34698,34698,-708,-2,35159,-247,-0.7,34698,34698,1400-1-11,2021-03-31
637,سجام,مجتمع سيمان غرب آسيا,11,23703,119842368,5159,5056,5056,-103,-2,5158,-1,-0.02,5056,5056,1400-1-11,2021-03-31
638,اخزا904,اسنادخزانه-م4بودجه99-011215,11,16277,11246525565,705218,714800,691223,-13995,-1.98,690946,-14272,-2.02,690019,714800,1400-1-11,2021-03-31
639,ضپاس2004,اختيارخ وپارس-4000-1400/02/29,11,120,11816000,102,100,75,-27,-26.47,98,-4,-3.92,75,120,1400-1-11,2021-03-31
640,اوصتا,صندوق انديشه ورزان صباتامين -د,11,26097,476470387,18241,18251,18259,18,0.1,18258,17,0.09,18251,18259,1400-1-11,2021-03-31
641,ضملت3002,اختيارخ وبملت-4000-1400/03/19,11,382,244700000,699,700,679,-20,-2.86,641,-58,-8.3,600,700,1400-1-11,2021-03-31
642,ثپرديس,سرمايه گذاري مسكن پرديس,11,21311,212428048,10171,9968,9968,-203,-2,10170,-1,-0.01,9968,9968,1400-1-11,2021-03-31
643,تملي707,تسهيلات مسكن ب. ملي-مهر97,11,100,68845400,655671,688454,688454,32783,5,688454,32783,5,688454,688454,1400-1-11,2021-03-31
644,پاسا,ايران‌ياساتايرورابر,11,4526,118400160,26690,26160,26160,-530,-1.99,26690,0,0,26160,26160,1400-1-11,2021-03-31
645,پارتا,مجتمع‌صنعتي‌آرتاويل‌تاير,10,2081,115133406,56455,55326,55326,-1129,-2,56450,-5,-0.01,55326,55326,1400-1-11,2021-03-31
646,تابا,تابان نيرو سپاهان,10,2442,134654322,56266,55141,55141,-1125,-2,56258,-8,-0.01,55141,55141,1400-1-11,2021-03-31
647,پلاست,كارخانجات توليدي پلاستيران,10,3476,240500964,72071,69189,69189,-2882,-4,72035,-36,-0.05,69189,69189,1400-1-11,2021-03-31
648,كباده,توليد خاك نسوزاستقلال آباده,10,320878,2902662388,8616,9046,9046,430,4.99,8675,59,0.68,9046,9046,1400-1-11,2021-03-31
649,ضفلا3005,اختيارخ فولاد-9986-1400/03/19,10,106,107469000,1177,1000,1098,-79,-6.71,1014,-163,-13.85,1000,1099,1400-1-11,2021-03-31
650,وملت,سرمايه گذاري ملت,10,48398,209902126,4425,4337,4337,-88,-1.99,4423,-2,-0.05,4337,4337,1400-1-11,2021-03-31
651,غچين,كشت‌ و صنعت‌ چين‌ چين,10,12744,252076320,20180,19780,19780,-400,-1.98,20180,0,0,19780,19780,1400-1-11,2021-03-31
652,فجام,جام‌دارو,10,24265,246775050,10370,10170,10170,-200,-1.93,10370,0,0,10170,10170,1400-1-11,2021-03-31
653,ضصاد3001,اختيارخ وبصادر-2000-1400/03/12,10,440,271360000,600,620,605,5,0.83,617,17,2.83,605,650,1400-1-11,2021-03-31
654,كفرا,فراورده‌ هاي‌ نسوزايران‌,10,8920,414958400,47460,46520,46520,-940,-1.98,47450,-10,-0.02,46520,46520,1400-1-11,2021-03-31
655,چافست,افست‌,9,6717,109285590,16600,16270,16270,-330,-1.99,16600,0,0,16270,16270,1400-1-11,2021-03-31
656,فلامي,لاميران‌,9,4106,180581880,44870,43980,43980,-890,-1.98,44870,0,0,43980,43980,1400-1-11,2021-03-31
657,قجام,فرآوردههاي غذايي وقندتربت‌جام‌,9,6586,104236622,16486,15827,15827,-659,-4,16479,-7,-0.04,15827,15827,1400-1-11,2021-03-31
658,زعف0008پ10,زعفران0008نگين طلاي سرخ(پ),9,415,49639100,120289,119119,120000,-289,-0.24,119612,-677,-0.56,118509,120000,1400-1-11,2021-03-31
659,قاسم,قاسم ايران,9,6335,84679945,13639,13367,13367,-272,-1.99,13639,0,0,13367,13367,1400-1-11,2021-03-31
660,ثنوسا,نوسازي‌وساختمان‌تهران‌,9,12246,156503880,13040,12780,12780,-260,-1.99,13040,0,0,12780,12780,1400-1-11,2021-03-31
661,كلوند,كاشي‌ الوند,9,16957,773239200,46530,45600,45600,-930,-2,46520,-10,-0.02,45600,45600,1400-1-11,2021-03-31
662,زكشت,كشاورزي مكانيزه اصفهان كشت,9,3753,148558752,40391,39584,39584,-807,-2,40389,-2,0,39584,39584,1400-1-11,2021-03-31
663,قيستو,شركت قند بيستون,9,228632,3734475088,15706,16334,16334,628,4,15930,224,1.43,16334,16334,1400-1-11,2021-03-31
664,قهكمت,قندهكمتان‌,9,3665,165877900,46180,45260,45260,-920,-1.99,46180,0,0,45260,45260,1400-1-11,2021-03-31
665,سيلام,سيمان‌ ايلام‌,9,32022,352882440,11240,11020,11020,-220,-1.96,11240,0,0,11020,11020,1400-1-11,2021-03-31
666,سكارون,سيمان كارون,9,365,62371930,178002,170882,170882,-7120,-4,177979,-23,-0.01,170882,170882,1400-1-11,2021-03-31
667,فبيرا,بسته‌ بندي‌ ايران‌,9,18092,55234876,3115,3053,3053,-62,-1.99,3115,0,0,3053,3053,1400-1-11,2021-03-31
668,حاريا,كشتيراني آريا,8,5823,161960922,28972,27814,27814,-1158,-4,28962,-10,-0.03,27814,27814,1400-1-11,2021-03-31
669,ثعمرا,عمران و توسعه شاهد,8,12779,163481747,13054,12793,12793,-261,-2,13053,-1,-0.01,12793,12793,1400-1-11,2021-03-31
670,آ س پ,آ.س.پ,8,6296,99609016,16143,15821,15821,-322,-1.99,16142,-1,-0.01,15821,15821,1400-1-11,2021-03-31
671,درهآور,دارويي ره آورد تامين,8,1803,94082343,53245,52181,52181,-1064,-2,53243,-2,0,52181,52181,1400-1-11,2021-03-31
672,فسديد,لوله‌وتجهيزات‌ سديد - ورشكسته,8,2029,229485987,115411,113103,113103,-2308,-2,115302,-109,-0.09,113103,113103,1400-1-11,2021-03-31
673,حپارسا,توسعه حمل و نقل ريلي پارسيان,8,4141,142988730,35234,34530,34530,-704,-2,35232,-2,-0.01,34530,34530,1400-1-11,2021-03-31
674,ولملت,واسپاري ملت,8,64156,514531120,8180,8020,8020,-160,-1.96,8180,0,0,8020,8020,1400-1-11,2021-03-31
675,داسوه,داروسازي‌ اسوه‌,8,25089,919511850,37390,36650,36650,-740,-1.98,37380,-10,-0.03,36650,36650,1400-1-11,2021-03-31
676,اخزا820,اسنادخزانه-م20بودجه98-020806,8,24097,14746883682,608577,610999,612000,3423,0.56,611980,3403,0.56,610999,612000,1400-1-11,2021-03-31
677,خزر,فنرسازي‌زر,8,11229,523945140,47610,46660,46660,-950,-2,47600,-10,-0.02,46660,46660,1400-1-11,2021-03-31
678,ركيش,كارت اعتباري ايران كيش,8,11003,265062270,24580,24090,24090,-490,-1.99,24580,0,0,24090,24090,1400-1-11,2021-03-31
679,كساپا,سايپاشيشه‌,7,86278,3310486860,39150,38370,38370,-780,-1.99,39100,-50,-0.13,38370,38370,1400-1-11,2021-03-31
680,كساوه,صنايع‌ كاشي‌ و سراميك‌ سينا,7,9182,636128960,70690,69280,69280,-1410,-1.99,70670,-20,-0.03,69280,69280,1400-1-11,2021-03-31
681,غمهرا,توليدي‌مهرام‌,7,445,53204200,122000,119560,119560,-2440,-2,122000,0,0,119560,119560,1400-1-11,2021-03-31
682,ضصاد3003,اختيارخ وبصادر-3000-1400/03/12,7,293,41863000,149,150,140,-9,-6.04,143,-6,-4.03,101,150,1400-1-11,2021-03-31
683,وايران,ليزينگ ايرانيان,7,7106,87616980,12580,12330,12330,-250,-1.99,12580,0,0,12330,12330,1400-1-11,2021-03-31
684,غديس,پاكديس,7,13210,174305950,13464,13195,13195,-269,-2,13463,-1,-0.01,13195,13195,1400-1-11,2021-03-31
685,خكار,ايركا پارت صنعت,7,34579,743794290,21940,21510,21510,-430,-1.96,21930,-10,-0.05,21510,21510,1400-1-11,2021-03-31
686,اوان,مبين وان كيش,7,13116,703988184,54769,53674,53674,-1095,-2,54753,-16,-0.03,53674,53674,1400-1-11,2021-03-31
687,بشهاب,لامپ‌  پارس‌ شهاب‌,6,3259,477443500,149480,146500,146500,-2980,-1.99,149450,-30,-0.02,146500,146500,1400-1-11,2021-03-31
688,ضمخا7066,اختيارخ اخابر-11700-1400/07/28,6,18,32659000,1723,1800,1850,127,7.37,1814,91,5.28,1760,1850,1400-1-11,2021-03-31
689,اخزا810,اسنادخزانه-م10بودجه98-001006,6,14308,12434252936,868021,869042,869042,1021,0.12,869042,1021,0.12,869042,869042,1400-1-11,2021-03-31
690,سبجنو,سيمان‌ بجنورد,6,34380,2007792000,59590,58400,58400,-1190,-2,59540,-50,-0.08,58400,58400,1400-1-11,2021-03-31
691,سخواف,سيمان مجد خواف,6,10669,178343004,17057,16716,16716,-341,-2,17054,-3,-0.02,16716,16716,1400-1-11,2021-03-31
692,ضجار2001,اختيارخ وتجارت-2000-1400/02/22,6,47,37870000,850,800,820,-30,-3.53,806,-44,-5.18,800,820,1400-1-11,2021-03-31
693,ضصاد3005,اختيارخ وبصادر-4000-1400/03/12,6,477,26235000,65,55,55,-10,-15.38,55,-10,-15.38,55,55,1400-1-11,2021-03-31
694,وشمال,س. چشم انداز توسعه شمال,6,852,74003868,88631,86859,86859,-1772,-2,88624,-7,-0.01,86859,86859,1400-1-11,2021-03-31
695,ونيكي4,سرمايه‌گذاري‌ ملي‌ايران‌,6,811674792,12063598198160,11090,21830,22210,11120,100.27,14863,3773,34.02,11230,22210,1400-1-11,2021-03-31
696,خنصير,مهندسي‌نصيرماشين‌,6,563,60201590,109110,106930,106930,-2180,-2,109110,0,0,106930,106930,1400-1-11,2021-03-31
697,حپترو,حمل و نقل پتروشيمي( سهامي عام,6,2889,153434790,54190,53110,53110,-1080,-1.99,54190,0,0,53110,53110,1400-1-11,2021-03-31
698,اخزا808,اسنادخزانه-م8بودجه98-000817,6,479,426331136,888312,890050,890044,1732,0.19,890044,1732,0.19,890044,890050,1400-1-11,2021-03-31
699,آرمان,بيمه آرمان,6,12081,100912593,8523,8353,8353,-170,-1.99,8522,-1,-0.01,8353,8353,1400-1-11,2021-03-31
700,وثخوز,سرمايه گذاري و توسعه خوزستان,5,1300,87440600,70802,67262,67262,-3540,-5,70786,-16,-0.02,67262,67262,1400-1-11,2021-03-31
701,اخزا816,اسنادخزانه-م16بودجه98-010503,5,2610,2028595500,781422,779000,776000,-5422,-0.69,777240,-4182,-0.54,776000,779000,1400-1-11,2021-03-31
702,زعف0008پ12,زعفران0008پوشالمعمول سحرخيز(پ),5,290,25557406,89567,88510,88990,-577,-0.64,88129,-1438,-1.61,86010,88990,1400-1-11,2021-03-31
703,كابگن,توليدي و صنعتي آبگينه‌,5,14648,75759456,5121,5172,5172,51,1,5122,1,0.02,5172,5172,1400-1-11,2021-03-31
704,ثاصفا,شركت‌ ساختمان‌ اصفهان‌,5,1680,45754800,27790,27235,27235,-555,-2,27789,-1,0,27235,27235,1400-1-11,2021-03-31
705,پست0008پ08,پسته فندقي32-30مه ولات0008(پ),5,27,39852000,1432202,1433000,1460000,27798,1.94,1476000,43798,3.06,1433000,1490000,1400-1-11,2021-03-31
706,مفاخر,توسعه فناوري اطلاعات خوارزمي,5,1337,87490606,66773,65438,65438,-1335,-2,66771,-2,0,65438,65438,1400-1-11,2021-03-31
707,خپويش,سازه‌ پويش‌,5,20087,1189953880,60440,59240,59240,-1200,-1.99,60410,-30,-0.05,59240,59240,1400-1-11,2021-03-31
708,پرداخت,به پرداخت ملت,5,1271,44129120,35420,34720,34720,-700,-1.98,35420,0,0,34720,34720,1400-1-11,2021-03-31
709,زعف0008پ20,زعفران0008نگين وحدت جام(پ),5,350,41735500,118362,120000,119355,993,0.84,119244,882,0.75,119000,120000,1400-1-11,2021-03-31
710,تشتاد,صنايع توليدي اشتاد ايران‌,5,4398,66343830,15713,15085,15085,-628,-4,15711,-2,-0.01,15085,15085,1400-1-11,2021-03-31
711,غبهار,كشت وصنعت بهاران گلبهار خراسان,5,1110,37284900,34275,33590,33590,-685,-2,34274,-1,0,33590,33590,1400-1-11,2021-03-31
712,تملي701,تسهيلات مسكن ب. ملي-فروردين97,4,45,24167880,565330,537064,537064,-28266,-5,537064,-28266,-5,537064,537064,1400-1-11,2021-03-31
713,اخزا813,اسنادخزانه-م13بودجه98-010219,4,3831,3146257050,806090,819000,822000,15910,1.97,821263,15173,1.88,819000,822000,1400-1-11,2021-03-31
714,طخود2005,اختيارف خودرو-2000-1400/02/08,4,50,1039000,43,24,7,-36,-83.72,21,-22,-51.16,7,24,1400-1-11,2021-03-31
715,پست0008پ09,پسته بادامي30-28مه ولات0008(پ),4,35,52465000,1485347,1550000,1520000,34653,2.33,1499000,13653,0.92,1425000,1550000,1400-1-11,2021-03-31
716,تملي805,تسهيلات مسكن ب. ملي-مرداد98,4,33,23266136,737675,720792,700792,-36883,-5,705034,-32641,-4.42,700792,720792,1400-1-11,2021-03-31
717,ضجار2000,اختيارخ وتجارت-1800-1400/02/22,4,102,102599000,1096,1010,1011,-85,-7.76,1006,-90,-8.21,1000,1011,1400-1-11,2021-03-31
718,آگاس2,صندوق س.هستي بخش آگاه-س,4,400000,400000,71688,1,1,-71687,-100,1,-71687,-100,1,1,1400-1-11,2021-03-31
719,قلرست,قند لرستان‌,4,1256,44160960,35870,35160,35160,-710,-1.98,35870,0,0,35160,35160,1400-1-11,2021-03-31
720,لپيام,گسترش صنايع پيام,4,2160,116756640,55157,54054,54054,-1103,-2,55150,-7,-0.01,54054,54054,1400-1-11,2021-03-31
721,تصميم2,صندوق س با درآمد ثابت تصميم,4,4000000,4000000,15997,1,1,-15996,-99.99,1,-15996,-99.99,1,1,1400-1-11,2021-03-31
722,سنير,سيمان‌ سفيد ني‌ريز,4,616,151603760,251130,246110,246110,-5020,-2,251110,-20,-0.01,246110,246110,1400-1-11,2021-03-31
723,قزوين,كارخانجات‌ قند قزوين‌,4,1038,40315920,39630,38840,38840,-790,-1.99,39630,0,0,38840,38840,1400-1-11,2021-03-31
724,اخزا716,اسنادخزانه-م16بودجه97-000407,4,524,500682684,953500,955398,955544,2044,0.21,955501,2001,0.21,954499,955544,1400-1-11,2021-03-31
725,زعف0008پ16,زعفران0008نگين بيرجند(پ),4,300,35599120,119206,120000,119990,784,0.66,118664,-542,-0.45,118000,120000,1400-1-11,2021-03-31
726,ضملي3002,اختيارخ فملي-10000-1400/03/02,4,121,403687000,4000,3333,3480,-520,-13,3336,-664,-16.6,3333,3480,1400-1-11,2021-03-31
727,كصدف,كاشي صدف سرام استقلال آباده,4,7481,185880407,25354,24847,24847,-507,-2,25349,-5,-0.02,24847,24847,1400-1-11,2021-03-31
728,ضخود2011,اختيارخ خودرو-5000-1400/02/08,4,210,1800000,10,10,8,-2,-20,9,-1,-10,8,10,1400-1-11,2021-03-31
729,قمرو,قند مرودشت‌,4,984,35670000,36980,36250,36250,-730,-1.97,36980,0,0,36250,36250,1400-1-11,2021-03-31
730,سنفت010,سلف موازي استاندارد سنفت010,4,400000,601624000000,1493342,1504060,1504060,10718,0.72,1504060,10718,0.72,1504060,1504060,1400-1-11,2021-03-31
731,سفار,سيمان‌فارس‌,4,329,49952070,154920,151830,151830,-3090,-1.99,154920,0,0,151830,151830,1400-1-11,2021-03-31
732,وسناح,ح. سرمايه گذاري نيروگاهي ايران,4,2214,34821708,15647,16585,15022,-625,-3.99,15728,81,0.52,15022,16585,1400-1-11,2021-03-31
733,زعف0008پ18,زعفران0008نگين بهرامن(پ),4,400,47451000,118323,120990,120000,1677,1.42,118627,304,0.26,118005,120990,1400-1-11,2021-03-31
734,رطب0002پ01,رطب مضافتي0002افشارتعاون بم(پ),4,205,35872870,183172,178014,174014,-9158,-5,174990,-8182,-4.47,174014,178014,1400-1-11,2021-03-31
735,اخزا804,اسنادخزانه-م4بودجه98-000421,4,330,312920156,944442,946500,946400,1958,0.21,948243,3801,0.4,946400,948489,1400-1-11,2021-03-31
736,تملي804,تسهيلات مسكن ب. ملي-تير98,4,40,39689821,997232,1047090,947371,-49861,-5,992245,-4987,-0.5,947371,1047093,1400-1-11,2021-03-31
737,ولشرق,ليزينگ ايران و شرق,4,4344,37149888,8726,8552,8552,-174,-1.99,8726,0,0,8552,8552,1400-1-11,2021-03-31
738,اخزا914,اسنادخزانه-م14بودجه99-021025,4,9094,5455499210,578534,599900,599980,21446,3.71,599901,21367,3.69,599900,599990,1400-1-11,2021-03-31
739,ضپاس2005,اختيارخ وپارس-4500-1400/02/29,3,24,1250000,78,65,44,-34,-43.59,52,-26,-33.33,44,65,1400-1-11,2021-03-31
740,ضشنا2001,اختيارخ شپنا-10000-1400/02/27,3,7,27999000,4112,4000,4000,-112,-2.72,4000,-112,-2.72,3999,4000,1400-1-11,2021-03-31
741,ياقوت2,صندوق س ياقوت آگاه-ثابت,3,59698700,59698700,12168,1,1,-12167,-99.99,1,-12167,-99.99,1,1,1400-1-11,2021-03-31
742,حرهشا,رهشاد سپاهان (سهامي عام,3,340,21732120,65222,63918,63918,-1304,-2,65219,-3,0,63918,63918,1400-1-11,2021-03-31
743,سهرمز,سيمان‌هرمزگان‌,3,513,12553110,24960,24470,24470,-490,-1.96,24960,0,0,24470,24470,1400-1-11,2021-03-31
744,خچرخش,چرخشگر,3,10700,191744000,18280,17920,17920,-360,-1.97,18280,0,0,17920,17920,1400-1-11,2021-03-31
745,سفاسي,شركت فارسيت اهواز,3,1062,15027300,14438,14150,14150,-288,-1.99,14438,0,0,14150,14150,1400-1-11,2021-03-31
746,داراب,پتروشيمي داراب,3,7864,18897192,2452,2403,2403,-49,-2,2452,0,0,2403,2403,1400-1-11,2021-03-31
747,صينا205,صكوك منفعت سينا دارو-3ماهه 19%,3,14,13999995,970001,999999,1000000,29999,3.09,1000000,29999,3.09,999999,1000000,1400-1-11,2021-03-31
748,پست0008پ04,پسته فندقي32-30سبزدانه0008(پ),3,11,15642366,1419999,1360592,1466666,46667,3.29,1422033,2034,0.14,1360592,1466666,1400-1-11,2021-03-31
749,ضسپا3000,اختيارخ خساپا-1400-1400/03/26,3,19,19399000,1090,1021,1021,-69,-6.33,1021,-69,-6.33,1021,1021,1400-1-11,2021-03-31
750,تبريز112,مشاركت شهرداري تبريز-3ماهه18%,3,181,177696750,935000,981750,981750,46750,5,981750,46750,5,981750,981750,1400-1-11,2021-03-31
751,اخزا720,اسنادخزانه-م20بودجه97-000324,3,300,288330000,962378,961100,961100,-1278,-0.13,961100,-1278,-0.13,961100,961100,1400-1-11,2021-03-31
752,دحاوي,الحاوي,3,1373,16452659,12227,11983,11983,-244,-2,12227,0,0,11983,11983,1400-1-11,2021-03-31
753,ثنظام,س. ساختماني نظام مهندسي ايران,3,1915,89539655,47711,46757,46757,-954,-2,47707,-4,-0.01,46757,46757,1400-1-11,2021-03-31
754,ضفلا3004,اختيارخ فولاد-8560-1400/03/19,3,20,50000000,2419,2500,2500,81,3.35,2500,81,3.35,2500,2500,1400-1-11,2021-03-31
755,وسالت,بانك قرض الحسنه رسالت,3,15138,17272458,1108,1141,1141,33,2.98,1108,0,0,1141,1141,1400-1-11,2021-03-31
756,فولاي,صنايع فولاد آلياژي يزد,3,307,15395129,51170,50147,50147,-1023,-2,51170,0,0,50147,50147,1400-1-11,2021-03-31
757,ضچاد2005,اختيارخ كچاد-24000-1400/02/05,3,16,24000000,1157,1500,1500,343,29.65,1500,343,29.65,1500,1500,1400-1-11,2021-03-31
758,زنجان,صنايع كشاورزي وكود زنجان,3,8783,81067090,9418,9230,9230,-188,-2,9417,-1,-0.01,9230,9230,1400-1-11,2021-03-31
759,طخود2007,اختيارف خودرو-3000-1400/02/08,3,4,1378000,1,277,412,411,41100,344,343,34300,277,412,1400-1-11,2021-03-31
760,كطبس,ذغال‌سنگ‌ نگين‌ ط‌بس‌,3,224,18119360,82540,80890,80890,-1650,-2,82540,0,0,80890,80890,1400-1-11,2021-03-31
761,ثشرق,سرمايه گذاري مسكن شمال شرق,3,3749,25418220,6910,6780,6780,-130,-1.88,6910,0,0,6780,6780,1400-1-11,2021-03-31
762,اخزا812,اسنادخزانه-م12بودجه98-001111,3,1052,902988152,855537,859990,859990,4453,0.52,858354,2817,0.33,856042,859990,1400-1-11,2021-03-31
763,سفارود,كارخانه فارسيت درود,3,1110,19772430,18176,17813,17813,-363,-2,18175,-1,-0.01,17813,17813,1400-1-11,2021-03-31
764,شستا003,اجاره تامين اجتماعي-سپهر000523,3,357,353939796,991428,991428,991428,0,0,991428,0,0,991428,991428,1400-1-11,2021-03-31
765,لازما,كارخانه هاي صنعتي آزمايش,3,708,23910576,34461,33772,33772,-689,-2,34460,-1,0,33772,33772,1400-1-11,2021-03-31
766,كمرجان,بازرگاني و توليدي مرجان كار,3,374,53883676,147014,144074,144074,-2940,-2,147011,-3,0,144074,144074,1400-1-11,2021-03-31
767,خاتم2,صندوق س خاتم ايساتيس پويا-ثابت,3,3000000,3000000,10789,1,1,-10788,-99.99,1,-10788,-99.99,1,1,1400-1-11,2021-03-31
768,ضخود2012,اختيارخ خودرو-6000-1400/02/08,3,150,1100000,9,8,7,-2,-22.22,7,-2,-22.22,7,8,1400-1-11,2021-03-31
769,ضصاد3004,اختيارخ وبصادر-3500-1400/03/12,3,8,619000,67,77,69,2,2.99,77,10,14.93,69,120,1400-1-11,2021-03-31
770,غگلستا,شير پاستوريزه پگاه گلستان,3,1575,44174025,28619,28047,28047,-572,-2,28618,-1,0,28047,28047,1400-1-11,2021-03-31
771,افران2,صندوق س افرا نماد پايدار-ثابت,3,5500000,5500000,12991,1,1,-12990,-99.99,1,-12990,-99.99,1,1,1400-1-11,2021-03-31
772,سايرا,ايرانيت‌,3,790,34895090,46011,44171,44171,-1840,-4,46004,-7,-0.02,44171,44171,1400-1-11,2021-03-31
773,اخزا811,اسنادخزانه-م11بودجه98-001013,3,206,178645940,865808,867100,870990,5182,0.6,867213,1405,0.16,867100,870990,1400-1-11,2021-03-31
774,ولصنم,ليزينگ‌صنعت‌ومعدن‌,3,1970,21433600,11100,10880,10880,-220,-1.98,11100,0,0,10880,10880,1400-1-11,2021-03-31
775,كمند2,صندوق س. با درآمد ثابت كمند,2,495000000,495000000,10138,1,1,-10137,-99.99,1,-10137,-99.99,1,1,1400-1-11,2021-03-31
776,ضملت3001,اختيارخ وبملت-3500-1400/03/19,2,12,10200000,1294,850,850,-444,-34.31,850,-444,-34.31,850,850,1400-1-11,2021-03-31
777,اطلس2,صندوق س.توسعه اندوخته آينده-س,2,20000,20000,217891,1,1,-217890,-100,1,-217890,-100,1,1,1400-1-11,2021-03-31
778,ثعتما,س. ساختماني اعتماد گستر,2,276,18301284,67662,66309,66309,-1353,-2,67661,-1,0,66309,66309,1400-1-11,2021-03-31
779,ضترا3003,اختيارخ شتران-9000-1400/03/09,2,100,208290000,2108,2005,2100,-8,-0.38,2083,-25,-1.19,2005,2100,1400-1-11,2021-03-31
780,غشوكو,شوكو پارس,2,280,10963120,39953,39154,39154,-799,-2,39953,0,0,39154,39154,1400-1-11,2021-03-31
781,تملي703,تسهيلات مسكن ب. ملي-خرداد97,2,38,21238922,532304,558919,558919,26615,5,558919,26615,5,558919,558919,1400-1-11,2021-03-31
782,خفناور,مهندسي صنعتي روان فن آور,2,231,11512116,50853,49836,49836,-1017,-2,50852,-1,0,49836,49836,1400-1-11,2021-03-31
783,فنفت,صنايع تجهيزات نفت,2,3000,98442000,33483,32814,32814,-669,-2,33480,-3,-0.01,32814,32814,1400-1-11,2021-03-31
784,خودرو4,ايران‌ خودرو,2,1032041570,2456258936600,2610,2380,2380,-230,-8.81,2380,-230,-8.81,2380,2380,1400-1-11,2021-03-31
785,ضترا3001,اختيارخ شتران-7000-1400/03/09,2,5,17775000,3555,3555,3555,0,0,3555,0,0,3555,3555,1400-1-11,2021-03-31
786,زعف0008پ15,زعفران0008پوشالمعمول طلاسرخ(پ),2,125,11750000,90377,94000,94000,3623,4.01,94000,3623,4.01,94000,94000,1400-1-11,2021-03-31
787,ضپاس2000,اختيارخ وپارس-2000-1400/02/29,2,2,2151000,1150,1120,1031,-119,-10.35,1075,-75,-6.52,1031,1120,1400-1-11,2021-03-31
788,خعمرا,توسعه و عمران شهرستان نائين,2,1236,28758012,22590,23267,23267,677,3,22591,1,0,23267,23267,1400-1-11,2021-03-31
789,نگين,ص.س. زمين و ساختمان نگين شهرري,2,400,19324000,48310,48310,48310,0,0,48310,0,0,48310,48310,1400-1-11,2021-03-31
790,نبروج,نساجي بروجرد,2,1992,12043632,5814,6046,6046,232,3.99,5814,0,0,6046,6046,1400-1-11,2021-03-31
791,حسير,ريل سير كوثر,2,2076,35416560,17408,17060,17060,-348,-2,17408,0,0,17060,17060,1400-1-11,2021-03-31
792,ثقزوي,شركت عمران و سازندگي قزوين,2,595,18588395,31878,31241,31241,-637,-2,31877,-1,0,31241,31241,1400-1-11,2021-03-31
793,نتوس,پشم‌ بافي‌ توس,2,471,10138746,21965,21526,21526,-439,-2,21965,0,0,21526,21526,1400-1-11,2021-03-31
794,ثغرب,شركت سرمايه گذاري مسكن شمالغرب,2,1700,13280400,7971,7812,7812,-159,-1.99,7971,0,0,7812,7812,1400-1-11,2021-03-31
795,وزمين,بانك ايران زمين,2,4330,58320770,13743,13469,13469,-274,-1.99,13742,-1,-0.01,13469,13469,1400-1-11,2021-03-31
796,كشم0006پ02,كشمش تيزابي0006تاكستان(پ),2,50,10813825,223739,212553,220000,-3739,-1.67,216276,-7463,-3.34,212553,220000,1400-1-11,2021-03-31
797,غاذر,كشت‌وصنعت‌پياذر,2,458,25121300,55960,54850,54850,-1110,-1.98,55960,0,0,54850,54850,1400-1-11,2021-03-31
798,ضپيك2010,اختيارخ تاپيكو-12000-00/02/19,2,40,56000000,1600,1400,1400,-200,-12.5,1400,-200,-12.5,1400,1400,1400-1-11,2021-03-31
799,ضسپا3005,اختيارخ خساپا-3000-1400/03/26,2,2,380000,170,190,190,20,11.76,190,20,11.76,190,190,1400-1-11,2021-03-31
800,زير0003پ01,زيره سبز0003كيميابذر(پ),1,1,478242,489682,478242,478242,-11440,-2.34,478242,-11440,-2.34,478242,478242,1400-1-11,2021-03-31
801,ضمخا7075,اختيارخ اخابر-8700-1400/07/28,1,11,31350000,3100,2850,2850,-250,-8.06,2850,-250,-8.06,2850,2850,1400-1-11,2021-03-31
802,رطب0002پ02,رطب مضافتي0002اتحاديه كرمان(پ),1,15,2775000,183172,185000,185000,1828,1,185000,1828,1,185000,185000,1400-1-11,2021-03-31
803,ضمخا2000,اختيارخ اخابر-9000-1400/02/29,1,1,1650000,2547,1650,1650,-897,-35.22,1650,-897,-35.22,1650,1650,1400-1-11,2021-03-31
804,اراد11,مرابحه عام دولت1-ش.خ لوتوس0206,1,5000,4350000000,856000,870000,870000,14000,1.64,870000,14000,1.64,870000,870000,1400-1-11,2021-03-31
805,مبين012,اجاره اعتماد مبين تمدن010710,1,300,288000000,953000,960000,960000,7000,0.73,960000,7000,0.73,960000,960000,1400-1-11,2021-03-31
806,ضغدر3003,اختيارخ وغدير-9200-1400/03/26,1,10,31000000,3330,3100,3100,-230,-6.91,3100,-230,-6.91,3100,3100,1400-1-11,2021-03-31
807,صخابر102,صكوك اجاره مخابرات-3 ماهه 16%,1,3000,2925000000,969500,975000,975000,5500,0.57,975000,5500,0.57,975000,975000,1400-1-11,2021-03-31
808,ضملت3007,اختيارخ وبملت-8000-1400/03/19,1,10,220000,33,22,22,-11,-33.33,22,-11,-33.33,22,22,1400-1-11,2021-03-31
809,اراد35,مرابحه عام دولت3-ش.خ 0103,1,1000,980000000,960000,980000,980000,20000,2.08,980000,20000,2.08,980000,980000,1400-1-11,2021-03-31
810,اخزا9032,اسنادخزانه-م3بودجه99-011110,1,369750,259934250000,699931,703000,703000,3069,0.44,703000,3069,0.44,703000,703000,1400-1-11,2021-03-31
811,تمحركه,ماشين سازي نيرو محركه,1,261,5279508,20640,20228,20228,-412,-2,20640,0,0,20228,20228,1400-1-11,2021-03-31
812,ضپيك2012,اختيارخ تاپيكو-16000-00/02/19,1,1,322000,600,322,322,-278,-46.33,322,-278,-46.33,322,322,1400-1-11,2021-03-31
813,وآتوس,س.آرين توسكا قيمت اسمي 350ريال,1,120,5273640,44843,43947,43947,-896,-2,44843,0,0,43947,43947,1400-1-11,2021-03-31
814,ضخوز2012,اختيارخ فخوز-10000-1400/02/15,1,1,5500000,5001,5500,5500,499,9.98,5500,499,9.98,5500,5500,1400-1-11,2021-03-31
815,افاد61,منفعت دولت6-ش.خاص140109,1,5000,4900000000,999980,980000,980000,-19980,-2,980000,-19980,-2,980000,980000,1400-1-11,2021-03-31
816,ضپاس2006,اختيارخ وپارس-5000-1400/02/29,1,5,500000,33,100,100,67,203.03,100,67,203.03,100,100,1400-1-11,2021-03-31
817,ضپنا2008,اختيارخ رمپنا-32000-1400/02/12,1,10,220000,33,22,22,-11,-33.33,22,-11,-33.33,22,22,1400-1-11,2021-03-31
818,بترانس4,ايران‌ ترانسفو,1,7072669,242663273390,3150,34310,34310,31160,989.21,34310,31160,989.21,34310,34310,1400-1-11,2021-03-31
819,زعف0008پ09,زعفران0008نگين نوين(پ),1,100,11600000,118205,116000,116000,-2205,-1.87,116000,-2205,-1.87,116000,116000,1400-1-11,2021-03-31
820,ضپنا2003,اختيارخ رمپنا-16000-1400/02/12,1,2,6400000,3383,3200,3200,-183,-5.41,3200,-183,-5.41,3200,3200,1400-1-11,2021-03-31
821,تملي710,تسهيلات مسكن ب. ملي-دي97,1,10,5171530,544371,517153,517153,-27218,-5,517153,-27218,-5,517153,517153,1400-1-11,2021-03-31
822,اخزا722,اسنادخزانه-م22بودجه97-000428,1,7,6622000,941021,946000,946000,4979,0.53,946000,4979,0.53,946000,946000,1400-1-11,2021-03-31
823,ضصاد3008,اختيارخ وبصادر-6000-1400/03/12,1,10,100000,11,10,10,-1,-9.09,10,-1,-9.09,10,10,1400-1-11,2021-03-31
824,ضملت3006,اختيارخ وبملت-7000-1400/03/19,1,10,440000,55,44,44,-11,-20,44,-11,-20,44,44,1400-1-11,2021-03-31
825,ضچاد2003,اختيارخ كچاد-18000-1400/02/05,1,1,5150000,5150,5150,5150,0,0,5150,0,0,5150,5150,1400-1-11,2021-03-31
826,زعف0008پ08,زعفران0008نگين روستا(پ),1,50,6000000,119551,120000,120000,449,0.38,120000,449,0.38,120000,120000,1400-1-11,2021-03-31
827,ضپنا2007,اختيارخ رمپنا-28000-1400/02/12,1,10,220000,38,22,22,-16,-42.11,22,-16,-42.11,22,22,1400-1-11,2021-03-31
828,ضملت3005,اختيارخ وبملت-6000-1400/03/19,1,10,550000,99,55,55,-44,-44.44,55,-44,-44.44,55,55,1400-1-11,2021-03-31
829,ضملي3004,اختيارخ فملي-14000-1400/03/02,1,1,795000,850,795,795,-55,-6.47,795,-55,-6.47,795,795,1400-1-11,2021-03-31
830,ضملت3000,اختيارخ وبملت-3000-1400/03/19,1,7,6300000,1355,900,900,-455,-33.58,900,-455,-33.58,900,900,1400-1-11,2021-03-31
831,ضصاد3002,اختيارخ وبصادر-2500-1400/03/12,1,14,5040000,357,360,360,3,0.84,360,3,0.84,360,360,1400-1-11,2021-03-31
832,دقاضي,داروسازي شهيد قاضي,1,118,5072112,43861,42984,42984,-877,-2,43861,0,0,42984,42984,1400-1-11,2021-03-31
833,گندم2,مرابحه گندم2-واجدشرايط خاص1400,1,1000,990000000,1004000,990000,990000,-14000,-1.39,990000,-14000,-1.39,990000,990000,1400-1-11,2021-03-31
834,كيش1402,اجاره س. و توسعه كيش14020820,1,134,136680000,1000000,1020000,1020000,20000,2,1020000,20000,2,1020000,1020000,1400-1-11,2021-03-31
835,فولاد2,فولاد مباركه اصفهان,1,30000000,411000000000,13970,13700,13700,-270,-1.93,13700,-270,-1.93,13700,13700,1400-1-11,2021-03-31
836,اخزا9082,اسنادخزانه-م8بودجه99-020606,1,261503,163700878000,624731,626000,626000,1269,0.2,626000,1269,0.2,626000,626000,1400-1-11,2021-03-31
837,شزنگ,تجهيزنيروي‌زنگان‌,1,50,11532200,235351,230644,230644,-4707,-2,235348,-3,0,230644,230644,1400-1-11,2021-03-31
838,تملي705,تسهيلات مسكن ب. ملي-مرداد97,1,30,14901870,473076,496729,496729,23653,5,496729,23653,5,496729,496729,1400-1-11,2021-03-31
839,سميعا002,سلف موازي استاندارد سميعا002,1,126000,160963992000,1294386,1277492,1277492,-16894,-1.31,1277492,-16894,-1.31,1277492,1277492,1400-1-11,2021-03-31
