,نماد,نام,تعداد,حجم,ارزش,دیروز,اولین,آخرین معامله - مقدار,آخرین معامله - تغییر,آخرین معامله - درصد,قیمت پایانی - مقدار,قیمت پایانی - تغییر,قیمت پایانی - درصد,کمترین,بیشترین,تاریخ,gregorian_date
0,توسن,توسعه سامانه ي نرم افزاري نگين,109893,44495856,583807735417,13461,13470,12788,-673,-5,13120,-341,-2.53,12788,13500,1400-7-17,2021-10-09
1,فسبزوار,پارس فولاد سبزوار,52705,22762412,801800690510,36110,35890,34460,-1650,-4.57,35220,-890,-2.46,34400,36110,1400-7-17,2021-10-09
2,كيمياتك,آريان كيميا تك,40619,13192061,404740412230,32210,31410,30610,-1600,-4.97,30680,-1530,-4.75,30600,31720,1400-7-17,2021-10-09
3,فجهان,مجتمع جهان فولاد سيرجان,36393,101920503,628425567769,6462,6360,6139,-323,-5,6166,-296,-4.58,6139,6361,1400-7-17,2021-10-09
4,پالايش,صندوق پالايشي يكم-سهام,34566,33972356,2650969152840,80760,80100,76100,-4660,-5.77,78030,-2730,-3.38,76010,80120,1400-7-17,2021-10-09
5,شستا,سرمايه گذاري تامين اجتماعي,25342,120979142,1588417487990,13020,13210,13000,-20,-0.15,13130,110,0.84,12910,13370,1400-7-17,2021-10-09
6,كدما,معدني‌ دماوند,24504,18280092,2407700502770,127190,133540,133540,6350,4.99,131710,4520,3.55,125000,133540,1400-7-17,2021-10-09
7,دي,بانك دي,20942,767406063,800879270128,1091,1071,1037,-54,-4.95,1044,-47,-4.31,1037,1090,1400-7-17,2021-10-09
8,شپنا,پالايش نفت اصفهان,18276,138482050,1967213864550,14680,14750,13950,-730,-4.97,14210,-470,-3.2,13950,14820,1400-7-17,2021-10-09
9,مديريت,س. و خدمات مديريت صند. ب كشوري,17483,25276574,240504523735,9960,9935,9462,-498,-5,9515,-445,-4.47,9462,9940,1400-7-17,2021-10-09
10,شبندر,پالايش نفت بندرعباس,16982,200394792,1398399316040,7290,7250,6930,-360,-4.94,6980,-310,-4.25,6930,7250,1400-7-17,2021-10-09
11,دارا يكم,صندوق واسطه گري مالي يكم-سهام,15816,7560709,929938123950,126420,126000,121240,-5180,-4.1,123000,-3420,-2.71,121200,126010,1400-7-17,2021-10-09
12,خساپا,سايپا,11982,396029676,691796530780,1826,1830,1737,-89,-4.87,1747,-79,-4.33,1735,1830,1400-7-17,2021-10-09
13,كالا,بورس كالاي ايران,11722,28976810,1057548426020,36440,37810,35720,-720,-1.98,36500,60,0.16,34630,37980,1400-7-17,2021-10-09
14,فرابورس,فرابورس ايران,11108,27657143,777683411047,28990,29407,27541,-1449,-5,28119,-871,-3,27541,29900,1400-7-17,2021-10-09
15,خودرو,ايران‌ خودرو,10047,246309483,458960183225,1944,1948,1850,-94,-4.84,1863,-81,-4.17,1847,1948,1400-7-17,2021-10-09
16,كمند,صندوق س. با درآمد ثابت كمند,9873,387593600,3880365686016,10164,10012,10012,-152,-1.5,10011,-153,-1.51,10011,10013,1400-7-17,2021-10-09
17,وهامون,سرمايه گذاري هامون صبا,9860,33004566,109543924308,3215,3275,3258,43,1.34,3319,104,3.23,3230,3370,1400-7-17,2021-10-09
18,فولاد,فولاد مباركه اصفهان,9303,60522468,627965516340,10670,10620,10350,-320,-3,10380,-290,-2.72,10260,10720,1400-7-17,2021-10-09
19,تپكو,توليدتجهيزات‌سنگين‌هپكو,8475,142079594,351353134274,2423,2544,2450,27,1.11,2473,50,2.06,2391,2544,1400-7-17,2021-10-09
20,فملي,ملي‌ صنايع‌ مس‌ ايران‌,8104,53395099,685941239100,13060,12970,12840,-220,-1.68,12850,-210,-1.61,12640,13040,1400-7-17,2021-10-09
21,قثابت,قند ثابت‌ خراسان‌,7616,153317395,505935758453,3275,3170,3339,64,1.95,3300,25,0.76,3112,3438,1400-7-17,2021-10-09
22,نوري,پتروشيمي نوري,7471,4238387,459509143390,111550,113300,106810,-4740,-4.25,108420,-3130,-2.81,106680,113300,1400-7-17,2021-10-09
23,خگستر,گسترش‌سرمايه‌گذاري‌ايران‌خودرو,6505,163359146,404512667662,2574,2580,2448,-126,-4.9,2476,-98,-3.81,2446,2599,1400-7-17,2021-10-09
24,بترانس,ايران‌ ترانسفو,6413,135256185,341121613870,2534,2570,2456,-78,-3.08,2522,-12,-0.47,2438,2600,1400-7-17,2021-10-09
25,ولپارس,ليزينگ پارسيان,6368,33419324,166666987326,4770,4850,4970,200,4.19,4987,217,4.55,4710,5008,1400-7-17,2021-10-09
26,سپيدار,سپيدار سيستم آسيا,5942,1728626,32826665421,19037,19390,18520,-517,-2.72,18990,-47,-0.25,18400,19500,1400-7-17,2021-10-09
27,سپيد,سپيد ماكيان,5888,3646793,213425763260,61120,60980,58070,-3050,-4.99,58520,-2600,-4.25,58070,60980,1400-7-17,2021-10-09
28,وبملت,بانك ملت,5858,117518275,430901103837,3760,3799,3640,-120,-3.19,3667,-93,-2.47,3631,3800,1400-7-17,2021-10-09
29,كرمان,س. توسعه و عمران استان كرمان,5830,164565508,189834446963,1185,1195,1148,-37,-3.12,1154,-31,-2.62,1140,1196,1400-7-17,2021-10-09
30,وتجارت,بانك تجارت,5660,138666647,294002878786,2202,2222,2099,-103,-4.68,2120,-82,-3.72,2092,2230,1400-7-17,2021-10-09
31,ثبهساز,بهساز كاشانه تهران,5404,44179913,87151489466,1954,1999,1983,29,1.48,1973,19,0.97,1903,2024,1400-7-17,2021-10-09
32,بوعلي,پتروشيمي بوعلي سينا,5204,2953392,220017766840,77020,77300,73800,-3220,-4.18,74500,-2520,-3.27,73250,77300,1400-7-17,2021-10-09
33,امين,تامين سرمايه امين,5195,2103928,21924701050,10300,10400,10470,170,1.65,10360,60,0.58,10400,10550,1400-7-17,2021-10-09
34,خبهمن,گروه‌بهمن‌,5177,238635095,445889244640,1925,1918,1829,-96,-4.99,1868,-57,-2.96,1829,1925,1400-7-17,2021-10-09
35,گدنا,تهيه توزيع غذاي دنا آفرين فدك,5026,4076887,76500879806,19559,19600,18582,-977,-5,18765,-794,-4.06,18582,19700,1400-7-17,2021-10-09
36,آريا,پليمر آريا ساسول,4966,1733303,197536704439,117274,114450,113020,-4254,-3.63,113965,-3309,-2.82,112000,116700,1400-7-17,2021-10-09
37,غزر,صنعتي زر ماكارون,4943,12403856,147234628570,12480,12350,11860,-620,-4.97,11870,-610,-4.89,11860,12350,1400-7-17,2021-10-09
38,وسپهر,سرمايه گذاري مالي سپهرصادرات,4908,11826627,87214661817,7674,7556,7305,-369,-4.81,7379,-295,-3.84,7300,7601,1400-7-17,2021-10-09
39,صبا,سرمايه گذاري صبا تامين,4804,29370462,193109795656,6757,6731,6510,-247,-3.66,6575,-182,-2.69,6472,6818,1400-7-17,2021-10-09
40,آبادا,توليد نيروي برق آبادان,4793,4466243,68041553780,15070,15200,14820,-250,-1.66,15230,160,1.06,14640,15820,1400-7-17,2021-10-09
41,ويسا,سرمايه گذاري ايساتيس پويا,4710,22028227,126041431988,5652,5600,5821,169,2.99,5722,70,1.24,5483,5821,1400-7-17,2021-10-09
42,وبصادر,بانك صادرات ايران,4674,137688201,293203394229,2224,2240,2113,-111,-4.99,2129,-95,-4.27,2113,2240,1400-7-17,2021-10-09
43,كاما,باما,4633,25318133,260012368730,10750,10710,10220,-530,-4.93,10270,-480,-4.47,10220,10710,1400-7-17,2021-10-09
44,خپارس,پارس‌ خودرو,4584,183913441,203552296927,1157,1157,1100,-57,-4.93,1107,-50,-4.32,1100,1157,1400-7-17,2021-10-09
45,ومدير,گ.مديريت ارزش سرمايه ص ب كشوري,4416,20924286,100652774247,4924,4880,4750,-174,-3.53,4810,-114,-2.32,4721,4970,1400-7-17,2021-10-09
46,آريان,سرمايه گذاري پارس آريان,4222,119158695,2114374608050,17043,17895,17760,717,4.21,17744,701,4.11,17220,17895,1400-7-17,2021-10-09
47,ثفارس,عمران‌وتوسعه‌فارس‌,4148,44448695,497537619220,10690,11220,11220,530,4.96,11190,500,4.68,10750,11220,1400-7-17,2021-10-09
48,شفن,پتروشيمي فناوران,4142,676680,303553230320,439390,459900,449080,9690,2.21,448590,9200,2.09,428000,459900,1400-7-17,2021-10-09
49,ذوب,سهامي ذوب آهن  اصفهان,4100,70390251,289160980248,4295,4211,4081,-214,-4.98,4108,-187,-4.35,4081,4260,1400-7-17,2021-10-09
50,شگويا,پتروشيمي تندگويان,4054,15151893,179613473927,12130,11860,11580,-550,-4.53,11854,-276,-2.28,11525,12375,1400-7-17,2021-10-09
51,شپلي,پلي اكريل ايران,3944,40216534,381816226744,9244,9521,9400,156,1.69,9494,250,2.7,9297,9521,1400-7-17,2021-10-09
52,ولكار,ليزينگ كارآفرين,3943,5708454,24861497549,4408,4360,4410,2,0.05,4355,-53,-1.2,4210,4444,1400-7-17,2021-10-09
53,ثاميد,توسعه و عمران اميد,3887,32362570,50764936162,1566,1540,1552,-14,-0.89,1569,3,0.19,1540,1595,1400-7-17,2021-10-09
54,شاروم,پتروشيمي اروميه,3803,3219771,54564037013,17666,17267,16783,-883,-5,16947,-719,-4.07,16783,17700,1400-7-17,2021-10-09
55,بركت,گروه دارويي بركت,3803,8750144,278515308270,33380,31890,31720,-1660,-4.97,31830,-1550,-4.64,31720,32700,1400-7-17,2021-10-09
56,پتاير,ايران‌ تاير,3684,83777349,224632079397,2626,2650,2669,43,1.64,2681,55,2.09,2631,2750,1400-7-17,2021-10-09
57,كيان,صندوق س. با درآمد ثابت كيان,3644,38859038,1202337482725,30903,30940,30941,38,0.12,30941,38,0.12,30940,30945,1400-7-17,2021-10-09
58,پترول,گ.س.وت.ص.پتروشيمي خليج فارس,3636,28389465,107187706222,3915,3975,3722,-193,-4.93,3776,-139,-3.55,3720,3975,1400-7-17,2021-10-09
59,تاپيكو,س. نفت و گاز و پتروشيمي تأمين,3587,40049732,584033784060,15280,15110,14520,-760,-4.97,14580,-700,-4.58,14520,15190,1400-7-17,2021-10-09
60,لطيف,محصولات كاغذي لطيف,3568,428768,18736481927,44602,45294,42700,-1902,-4.26,43698,-904,-2.03,42522,45294,1400-7-17,2021-10-09
61,چخزر,صنايع چوب خزر كاسپين,3547,540772,18221349649,34617,34990,32915,-1702,-4.92,33695,-922,-2.66,32889,34990,1400-7-17,2021-10-09
62,بگيلان,توسعه مسير برق گيلان,3460,1368853,24763087013,17910,18090,17952,42,0.23,18054,144,0.8,17700,18340,1400-7-17,2021-10-09
63,غكورش,صنعت غذايي كورش,3440,2501006,111550614870,46460,46010,44210,-2250,-4.84,44600,-1860,-4,44140,46300,1400-7-17,2021-10-09
64,شبريز,پالايش نفت تبريز,3427,15040355,629808644390,43670,43450,41490,-2180,-4.99,41870,-1800,-4.12,41490,44130,1400-7-17,2021-10-09
65,زملارد,كشاورزي و دامپروري ملارد شير,3421,636093,16251620921,26514,26250,25300,-1214,-4.58,25549,-965,-3.64,25189,26260,1400-7-17,2021-10-09
66,وكبهمن,مديريت سرمايه گذاري كوثربهمن,3398,1625395,18488408099,11837,11820,11350,-487,-4.11,11375,-462,-3.9,11251,11837,1400-7-17,2021-10-09
67,فگستر,گسترش صنايع روي ايرانيان,3392,1911158,24204309089,12623,12990,12705,82,0.65,12665,42,0.33,12320,12990,1400-7-17,2021-10-09
68,شصدف,صنعتي دوده فام,3386,3438391,108477363023,32681,33000,31200,-1481,-4.53,31549,-1132,-3.46,31047,33000,1400-7-17,2021-10-09
69,ثتران,سرمايه گذاري مسكن تهران,3324,32059084,148385118280,4604,4758,4511,-93,-2.02,4628,24,0.52,4420,4796,1400-7-17,2021-10-09
70,رافزا,رايان هم افزا,3278,477343,37091570760,80268,80150,76930,-3338,-4.16,77704,-2564,-3.19,76260,80150,1400-7-17,2021-10-09
71,كزغال,زغال سنگ پروده طبس,3269,1906710,68346892749,37500,35900,35641,-1859,-4.96,35845,-1655,-4.41,35625,36600,1400-7-17,2021-10-09
72,سيتا,سرمايه گذاري سيمان تامين,3247,3949143,46399638540,12140,12100,11630,-510,-4.2,11790,-350,-2.88,11560,12100,1400-7-17,2021-10-09
73,وغدير,سرمايه‌گذاري‌غدير(هلدينگ‌,3189,23054315,366745952950,16410,16210,15670,-740,-4.51,15910,-500,-3.05,15630,16600,1400-7-17,2021-10-09
74,بپيوند,برق و انرژي پيوندگستر پارس,3092,1801068,20221372036,11542,11132,11023,-519,-4.5,11227,-315,-2.73,10995,11730,1400-7-17,2021-10-09
75,امين يكم,صندوق درآمد ثابت امين يكم فردا,3083,82122369,827387270069,10059,10074,10078,19,0.19,10075,16,0.16,10073,10078,1400-7-17,2021-10-09
76,وپارس,بانك‌پارسيان‌,3058,113419199,290937596269,2664,2700,2531,-133,-4.99,2565,-99,-3.72,2531,2700,1400-7-17,2021-10-09
77,خموتور,موتورسازان‌تراكتورسازي‌ايران‌,3055,17655395,260480573850,14580,15300,14480,-100,-0.69,14750,170,1.17,13860,15300,1400-7-17,2021-10-09
78,فتوسا,توليد و توسعه سرب روي ايرانيان,2998,1854213,24945391359,13664,13471,13420,-244,-1.79,13453,-211,-1.54,13369,13735,1400-7-17,2021-10-09
79,شغدير,پتروشيمي غدير,2991,4099207,448190985080,114430,112700,108710,-5720,-5,109340,-5090,-4.45,108710,114100,1400-7-17,2021-10-09
80,سرو,صندوق س سروسودمند مدبران-سهام,2923,2076401,163432795110,81430,81700,78000,-3430,-4.21,78710,-2720,-3.34,77500,81700,1400-7-17,2021-10-09
81,غگل,گلوكوزان‌,2840,35488930,120755639633,3529,3503,3405,-124,-3.51,3403,-126,-3.57,3353,3505,1400-7-17,2021-10-09
82,سنير,سيمان‌ سفيد ني‌ريز,2801,2284296,268029524390,112470,118090,118090,5620,5,117340,4870,4.33,112650,118090,1400-7-17,2021-10-09
83,فروس,فروسيليس‌ ايران‌,2757,28351011,210000784890,7670,7670,7380,-290,-3.78,7410,-260,-3.39,7290,7760,1400-7-17,2021-10-09
84,وملي,گروه‌ صنعتي‌ ملي‌ (هلدينگ‌,2747,1075442,275033895520,267780,267380,254400,-13380,-5,255740,-12040,-4.5,254400,267380,1400-7-17,2021-10-09
85,دتوليد,داروسازي توليد دارو,2611,10960230,148461303152,13412,13800,13370,-42,-0.31,13545,133,0.99,13113,13946,1400-7-17,2021-10-09
86,اعتماد,صندوق س.اعتماد آفرين پارسيان-د,2603,47113240,1847645004390,39182,39217,39221,39,0.1,39217,35,0.09,39216,39221,1400-7-17,2021-10-09
87,پارند,صندوق س. پارند پايدار سپهر,2602,93176877,932833601448,10168,10011,10012,-156,-1.53,10011,-157,-1.54,10008,10050,1400-7-17,2021-10-09
88,بالبر,كابل‌ البرز,2587,4569415,154689072700,34080,35780,34170,90,0.26,33850,-230,-0.67,32380,35780,1400-7-17,2021-10-09
89,ورازي,بيمه رازي,2573,107627391,234626483560,2086,2100,2190,104,4.99,2180,94,4.51,2090,2190,1400-7-17,2021-10-09
90,شپديس,پتروشيمي پرديس,2531,1404668,267417164790,192690,196600,187050,-5640,-2.93,190380,-2310,-1.2,186030,196600,1400-7-17,2021-10-09
91,ثنور,سرمايه گذاري كوه نور,2530,18259184,148145763160,7898,8190,7994,96,1.22,8113,215,2.72,7899,8292,1400-7-17,2021-10-09
92,همراه,شركت ارتباطات سيار ايران,2529,21761860,203997252750,9850,9400,9370,-480,-4.87,9370,-480,-4.87,9360,9690,1400-7-17,2021-10-09
93,وپويا,سرمايه گذاري پويا,2524,8576743,40149563387,4909,4800,4664,-245,-4.99,4681,-228,-4.64,4664,4850,1400-7-17,2021-10-09
94,ثنوسا,نوسازي‌وساختمان‌تهران‌,2517,23467809,191561651090,7880,7940,8200,320,4.06,8160,280,3.55,7630,8270,1400-7-17,2021-10-09
95,خراسان,پتروشيمي خراسان,2502,1864863,207141677160,111180,111310,109110,-2070,-1.86,111080,-100,-0.09,105820,115900,1400-7-17,2021-10-09
96,ثشاهد,سرمايه‌ گذاري‌ شاهد,2497,11366532,157147013870,14490,14390,13770,-720,-4.97,13830,-660,-4.55,13770,14490,1400-7-17,2021-10-09
97,شاراك,پتروشيمي شازند,2459,5922525,290861346830,50260,50860,48850,-1410,-2.81,49110,-1150,-2.29,47920,50860,1400-7-17,2021-10-09
98,ديران,ايران‌دارو,2451,6722706,211246333230,32630,31010,31010,-1620,-4.96,31420,-1210,-3.71,31000,32490,1400-7-17,2021-10-09
99,خزر,فنرسازي‌زر,2441,7147750,130777723210,19130,19000,18310,-820,-4.29,18300,-830,-4.34,18180,19390,1400-7-17,2021-10-09
100,افران,صندوق س افرا نماد پايدار-ثابت,2382,91152667,1317712803481,14433,14457,14457,24,0.17,14456,23,0.16,14455,14461,1400-7-17,2021-10-09
101,وسكرمان,س.سهام عدالت استان كرمان,2378,152010667,74037648413,508,502,484,-24,-4.72,487,-21,-4.13,483,510,1400-7-17,2021-10-09
102,شپترو,پتروشيمي آبادان,2373,43096042,217646862502,4929,4978,5070,141,2.86,5050,121,2.45,4840,5076,1400-7-17,2021-10-09
103,چكاپا,گروه صنايع كاغذ پارس,2337,24920103,88908880193,3647,3700,3510,-137,-3.76,3568,-79,-2.17,3470,3741,1400-7-17,2021-10-09
104,شسپا,نفت سپاهان,2276,37368100,131594172096,3649,3690,3521,-128,-3.51,3522,-127,-3.48,3480,3699,1400-7-17,2021-10-09
105,وگستر,گسترش سرمايه گذاري ايرانيان,2263,15084475,151726970924,9985,9851,10320,335,3.36,10058,73,0.73,9486,10350,1400-7-17,2021-10-09
106,تسه0006,امتيازتسهيلات مسكن شهريور1400,2242,43301,32971210299,726682,755001,763016,36334,5,761442,34760,4.78,740001,763016,1400-7-17,2021-10-09
107,هاي وب,داده گسترعصرنوين-هاي وب,2240,14453042,122458898910,8850,8880,8410,-440,-4.97,8470,-380,-4.29,8410,8900,1400-7-17,2021-10-09
108,وسكرشا,س.سهام عدالت استان كرمانشاه,2207,124293153,60423681879,505,502,485,-20,-3.96,486,-19,-3.76,480,503,1400-7-17,2021-10-09
109,كاوه,فولاد كاوه جنوب كيش,2197,5882512,102528456340,17940,17850,17200,-740,-4.12,17430,-510,-2.84,17100,17940,1400-7-17,2021-10-09
110,فروي,ذوب روي اصفهان,2171,2554830,77707099386,30443,31000,30113,-330,-1.08,30416,-27,-0.09,29990,31400,1400-7-17,2021-10-09
111,فخوز,فولاد  خوزستان,2167,8387331,135514511240,16650,16590,16160,-490,-2.94,16160,-490,-2.94,15990,16750,1400-7-17,2021-10-09
112,شلرد,كود شيميايي اوره لردگان,2145,20987532,200000585887,9785,9830,9492,-293,-2.99,9529,-256,-2.62,9492,9830,1400-7-17,2021-10-09
113,تاپكيش,تجارت الكترونيك پارسيان كيش,2099,7944108,150159662601,18499,18980,18640,141,0.76,18902,403,2.18,18200,19421,1400-7-17,2021-10-09
114,فاذر,صنايع‌ آذرآب‌,2095,68677477,83503888789,1260,1250,1229,-31,-2.46,1216,-44,-3.49,1197,1280,1400-7-17,2021-10-09
115,ولراز,ليزينگ رازي,2085,3611965,95525144263,27551,26174,26188,-1363,-4.95,26447,-1104,-4.01,26174,27379,1400-7-17,2021-10-09
116,كوير,توليدي فولاد سپيد فراب كوير,2048,11075954,152979282320,13560,13500,13820,260,1.92,13810,250,1.84,13370,14130,1400-7-17,2021-10-09
117,فسرب,ملي‌ سرب‌وروي‌ ايران‌,2003,2246797,166803419220,70890,74420,74430,3540,4.99,74240,3350,4.73,72300,74430,1400-7-17,2021-10-09
118,كرازي,كارخانجات‌توليدي‌شيشه‌رازي‌,1980,52307030,74207486236,1486,1474,1412,-74,-4.98,1419,-67,-4.51,1412,1490,1400-7-17,2021-10-09
119,فاراك,ماشين‌ سازي‌ اراك‌,1959,53899013,94010151008,1814,1816,1730,-84,-4.63,1744,-70,-3.86,1724,1847,1400-7-17,2021-10-09
120,فاسمين,كالسيمين‌,1944,11939943,201077156120,16370,17100,16650,280,1.71,16840,470,2.87,16480,17180,1400-7-17,2021-10-09
121,پيزد,مجتمع صنايع لاستيك يزد,1937,340230,20896252922,63038,61815,60600,-2438,-3.87,61418,-1620,-2.57,59887,64600,1400-7-17,2021-10-09
122,ومعادن,توسعه‌معادن‌وفلزات‌,1910,14110461,147013759530,10810,10860,10320,-490,-4.53,10420,-390,-3.61,10270,10900,1400-7-17,2021-10-09
123,وسديد,گروه ‌صنعتي‌سديد,1904,47670163,55718756182,1204,1168,1168,-36,-2.99,1169,-35,-2.91,1168,1192,1400-7-17,2021-10-09
124,حگردش,ريل گردش ايرانيان,1893,16537157,46108608798,2813,2742,2870,57,2.03,2788,-25,-0.89,2729,2887,1400-7-17,2021-10-09
125,غويتا,ويتانا,1875,8724139,61421861657,6850,7020,6897,47,0.69,7040,190,2.77,6860,7192,1400-7-17,2021-10-09
126,مبين,مبين انرژي خليج فارس,1852,7017083,173836908260,24360,25510,24410,50,0.21,24770,410,1.68,23210,25510,1400-7-17,2021-10-09
127,فزرين,زرين معدن آسيا,1847,6451594,108432068704,17273,17500,16410,-863,-5,16807,-466,-2.7,16410,17700,1400-7-17,2021-10-09
128,كمرجان,بازرگاني و توليدي مرجان كار,1834,1969569,163983815204,79404,83374,83374,3970,5,83259,3855,4.85,81050,83374,1400-7-17,2021-10-09
129,حآسا,آسيا سير ارس,1821,4037056,80001521824,19534,19930,19498,-36,-0.18,19817,283,1.45,19028,20422,1400-7-17,2021-10-09
130,تبرك,گروه كارخانجات صنعتي تبرك,1818,8021967,94158360742,11716,11950,11460,-256,-2.19,11738,22,0.19,11350,12047,1400-7-17,2021-10-09
131,دبالك,مواد اوليه دارويي البرز بالك,1809,6746297,79271397627,11368,11890,11560,192,1.69,11750,382,3.36,11415,11928,1400-7-17,2021-10-09
132,وهور,مديريت انرژي اميد  تابان هور,1787,43991633,68993482345,1627,1648,1546,-81,-4.98,1568,-59,-3.63,1546,1661,1400-7-17,2021-10-09
133,تملت,تامين سرمايه بانك ملت,1775,14557826,64335861085,4603,4604,4373,-230,-5,4419,-184,-4,4373,4636,1400-7-17,2021-10-09
134,فجر,فولاد اميركبيركاشان,1740,3053766,80356952260,27240,26810,25900,-1340,-4.92,26310,-930,-3.41,25880,27500,1400-7-17,2021-10-09
135,غشصفا,شيرپاستوريزه‌پگاه‌اصفهان‌,1721,4127067,155910273490,36280,37550,38090,1810,4.99,37780,1500,4.13,35160,38090,1400-7-17,2021-10-09
136,ملت,بيمه ملت,1709,65183019,78719638189,1252,1247,1191,-61,-4.87,1208,-44,-3.51,1190,1247,1400-7-17,2021-10-09
137,خزاميا,زامياد,1706,17187061,121771548100,7430,7260,7060,-370,-4.98,7090,-340,-4.58,7060,7360,1400-7-17,2021-10-09
138,شفارس,صنايع‌ شيميايي‌ فارس‌,1703,30547417,53869632231,1840,1840,1749,-91,-4.95,1763,-77,-4.18,1748,1840,1400-7-17,2021-10-09
139,بجهرم,توسعه مولد نيروگاهي جهرم,1693,23766953,55657398983,2430,2353,2350,-80,-3.29,2342,-88,-3.62,2309,2430,1400-7-17,2021-10-09
140,اطلس,صندوق س.توسعه اندوخته آينده-س,1690,411547,106558206079,264652,264000,257200,-7452,-2.82,258921,-5731,-2.17,254000,264000,1400-7-17,2021-10-09
141,وبانك,سرمايه گذاري گروه توسعه ملي,1681,12585270,112540599110,9210,9550,8770,-440,-4.78,8940,-270,-2.93,8750,9550,1400-7-17,2021-10-09
142,كماسه,تامين‌ ماسه‌ ريخته‌گري‌,1676,14786746,81103349330,5700,5720,5420,-280,-4.91,5480,-220,-3.86,5420,5880,1400-7-17,2021-10-09
143,ثاخت,بين‌المللي‌توسعه‌ساختمان,1672,30699146,70338183707,2355,2320,2260,-95,-4.03,2291,-64,-2.72,2240,2383,1400-7-17,2021-10-09
144,دسانكو,داروسازي سبحان انكولوژي,1658,7760615,110068199739,13800,14390,14132,332,2.41,14183,383,2.78,13800,14480,1400-7-17,2021-10-09
145,حريل,ريل پردازسير,1656,18813638,74894567325,4021,4100,3921,-100,-2.49,3981,-40,-0.99,3860,4100,1400-7-17,2021-10-09
146,سمگا,گروه سرمايه گذاري ميراث فرهنگي,1651,21866379,265584243184,12356,12500,12677,321,2.6,12146,-210,-1.7,11978,12700,1400-7-17,2021-10-09
147,اپال,فرآوري معدني اپال كاني پارس,1647,1281305,25724977390,20350,20350,19800,-550,-2.7,20290,-60,-0.29,19750,20950,1400-7-17,2021-10-09
148,بكاب,صنايع‌جوشكاب‌يزد,1623,664613,128450643320,202940,195500,192800,-10140,-5,193270,-9670,-4.76,192800,202000,1400-7-17,2021-10-09
149,پارسان,گسترش نفت و گاز پارسيان,1621,8601835,305558496180,36600,35800,34950,-1650,-4.51,35520,-1080,-2.95,34790,36600,1400-7-17,2021-10-09
150,اتكاي,بيمه اتكايي ايرانيان,1607,12038499,117299723694,9725,9550,9959,234,2.41,9744,19,0.2,9262,10090,1400-7-17,2021-10-09
151,فافق,صنايع مس افق كرمان,1605,3868119,20200337655,5294,5380,5136,-158,-2.98,5222,-72,-1.36,5136,5388,1400-7-17,2021-10-09
152,هرمز,فولاد هرمزگان جنوب,1565,8330437,136953448960,16760,16849,16220,-540,-3.22,16440,-320,-1.91,15983,17100,1400-7-17,2021-10-09
153,ونوين,بانك‌اقتصادنوين‌,1559,28846742,115736243470,4158,4125,3960,-198,-4.76,4012,-146,-3.51,3955,4190,1400-7-17,2021-10-09
154,شاوان,پالايش نفت لاوان,1558,1402206,193865125660,144399,145800,137180,-7219,-5,138257,-6142,-4.25,137180,145800,1400-7-17,2021-10-09
155,آگاس,صندوق س.هستي بخش آگاه-س,1550,910268,76768095716,86568,85310,83400,-3168,-3.66,84336,-2232,-2.58,83000,86599,1400-7-17,2021-10-09
156,زاگرس,پتروشيمي زاگرس,1495,569021,165173062768,295298,299000,286990,-8308,-2.81,290276,-5022,-1.7,286210,299000,1400-7-17,2021-10-09
157,چدن,توليدي چدن سازان,1493,13504640,51809327934,3961,3999,3790,-171,-4.32,3836,-125,-3.16,3763,3999,1400-7-17,2021-10-09
158,حسير,ريل سير كوثر,1482,3195317,132727975663,40459,40650,40500,41,0.1,41538,1079,2.67,40500,42000,1400-7-17,2021-10-09
159,لكما,كارخانجات‌مخابراتي‌ايران‌,1478,41837360,61386319625,1505,1534,1460,-45,-2.99,1467,-38,-2.52,1460,1534,1400-7-17,2021-10-09
160,ختراك,ريخته‌گري‌ تراكتورسازي‌ ايران‌,1464,9197154,124523708850,12970,13610,13610,640,4.93,13540,570,4.39,13110,13610,1400-7-17,2021-10-09
161,خفنر,فنرسازي‌خاور,1443,9007537,72927075790,8120,8230,8110,-10,-0.12,8100,-20,-0.25,7720,8450,1400-7-17,2021-10-09
162,كچاد,معدني‌وصنعتي‌چادرملو,1437,3265474,89581607450,28090,28470,27450,-640,-2.28,27590,-500,-1.78,27060,28470,1400-7-17,2021-10-09
163,ودي,بيمه  دي,1436,9569308,62913558896,6691,6430,6600,-91,-1.36,6575,-116,-1.73,6384,6888,1400-7-17,2021-10-09
164,غنوش,نوش‌ مازندران‌,1417,2982380,114220644160,40130,40000,38140,-1990,-4.96,38300,-1830,-4.56,38130,40000,1400-7-17,2021-10-09
165,ثالوند,سرمايه گذاري مسكن الوند,1415,4077774,63837927454,16071,16498,15268,-803,-5,15655,-416,-2.59,15268,16670,1400-7-17,2021-10-09
166,گشان,توسعه بين المللي پديده شانديز,1403,2601822,53635716728,21167,20700,20532,-635,-3,20615,-552,-2.61,20532,21040,1400-7-17,2021-10-09
167,چفيبر,فيبر ايران‌,1396,7658987,56991622630,7250,7390,7490,240,3.31,7440,190,2.62,7170,7600,1400-7-17,2021-10-09
168,پخش,پخش البرز,1379,3710120,105437898736,27258,27010,28620,1362,5,28419,1161,4.26,27000,28620,1400-7-17,2021-10-09
169,هبهمن207,اختيارف ت بهمن-26791-02/07/17,1374,137400000,137400000,1,1,1,0,0,1,0,0,1,1,1400-7-17,2021-10-09
170,دماوند,توليد نيروي برق دماوند,1369,2430009,57518374370,23870,22891,23252,-618,-2.59,23670,-200,-0.84,22891,24300,1400-7-17,2021-10-09
171,تليسه,دامداري تليسه نمونه,1358,12911722,38556588033,3093,3051,2939,-154,-4.98,2986,-107,-3.46,2939,3098,1400-7-17,2021-10-09
172,ولشرق,ليزينگ ايران و شرق,1346,11626858,71005588933,5886,5887,6070,184,3.13,6107,221,3.75,5881,6180,1400-7-17,2021-10-09
173,وپست,پست بانك ايران,1333,3293524,74305611120,21780,22700,22440,660,3.03,22560,780,3.58,22200,22840,1400-7-17,2021-10-09
174,كسرا,سراميك‌هاي‌صنعتي‌اردكان‌,1319,6045057,107919580250,17800,18000,17990,190,1.07,17850,50,0.28,17220,18550,1400-7-17,2021-10-09
175,ماديرا,صنايع ماديران,1314,7660539,64272971541,8559,8440,8232,-327,-3.82,8390,-169,-1.97,8190,8666,1400-7-17,2021-10-09
176,كسرام,پارس‌ سرام‌,1308,9137147,49119460510,5300,5240,5310,10,0.19,5380,80,1.51,5240,5550,1400-7-17,2021-10-09
177,ريشمك,توليد و صادرات ريشمك,1306,1887912,78322171328,43489,43500,41315,-2174,-5,41486,-2003,-4.61,41315,43500,1400-7-17,2021-10-09
178,كگل,معدني و صنعتي گل گهر,1303,5945321,135698122120,22920,23200,22920,0,0,22820,-100,-0.44,22030,23200,1400-7-17,2021-10-09
179,زكوثر,سرمايه گذاري كشاورزي كوثر,1295,3523193,63859507530,18220,18010,18000,-220,-1.21,18130,-90,-0.49,17800,18500,1400-7-17,2021-10-09
180,خودكفا,اقتصادي و خودكفايي آزادگان,1279,6883528,92613249649,13828,13813,13414,-414,-2.99,13454,-374,-2.7,13414,13828,1400-7-17,2021-10-09
181,شراز,پالايش نفت شيراز,1275,871562,121709581899,139087,143960,136312,-2775,-2,139645,558,0.4,135273,143960,1400-7-17,2021-10-09
182,كفپارس,فرآورده‌هاي‌ نسوز پارس‌,1273,18129602,76209685464,4415,4342,4195,-220,-4.98,4204,-211,-4.78,4195,4342,1400-7-17,2021-10-09
183,چكارن,كارتن‌ ايران‌,1272,21198630,69326308767,3245,3297,3260,15,0.46,3270,25,0.77,3137,3360,1400-7-17,2021-10-09
184,فپنتا,سپنتا,1265,146111,68246911940,490260,485000,474050,-16210,-3.31,467090,-23170,-4.73,465750,488000,1400-7-17,2021-10-09
185,كارا,صندوق س. كارا -د,1250,99000000,990000000000,10000,10000,10000,0,0,10000,0,0,10000,10000,1400-7-17,2021-10-09
186,خلنت,لنت‌ ترمزايران‌,1248,508032,51777915440,104360,99650,100010,-4350,-4.17,101920,-2440,-2.34,99160,107990,1400-7-17,2021-10-09
187,شيران,س. صنايع‌شيميايي‌ايران,1245,3239568,78580876950,25040,25000,24030,-1010,-4.03,24380,-660,-2.64,24010,25090,1400-7-17,2021-10-09
188,ختوقا,قطعات‌ اتومبيل‌ ايران‌,1230,28011581,67159031358,2517,2460,2392,-125,-4.97,2398,-119,-4.73,2392,2500,1400-7-17,2021-10-09
189,خرينگ,رينگ‌سازي‌مشهد,1227,2142911,76488197460,36910,38500,35370,-1540,-4.17,35690,-1220,-3.31,35070,38500,1400-7-17,2021-10-09
190,تكشا,گسترش‌صنايع‌وخدمات‌كشاورزي‌,1226,2717059,94329113260,33170,34200,34710,1540,4.64,34720,1550,4.67,33170,34820,1400-7-17,2021-10-09
191,شپاس,نفت پاسارگاد,1217,8733451,183523731007,20017,21017,21017,1000,5,21014,997,4.98,20810,21017,1400-7-17,2021-10-09
192,كساوه,صنايع‌ كاشي‌ و سراميك‌ سينا,1209,2016046,108766524090,56170,56000,53370,-2800,-4.98,53950,-2220,-3.95,53370,57400,1400-7-17,2021-10-09
193,كتوكا,توليدي و خدمات صنايع نسوز توكا,1191,3384452,57553051173,17821,17821,16930,-891,-5,17005,-816,-4.58,16930,17821,1400-7-17,2021-10-09
194,داوه,داروسازي آوه سينا,1181,4040768,65170072533,15590,15750,16369,779,5,16128,538,3.45,15020,16369,1400-7-17,2021-10-09
195,ونيكي,سرمايه‌گذاري‌ ملي‌ايران‌,1180,9316742,101974224990,11270,11350,10820,-450,-3.99,10950,-320,-2.84,10770,11350,1400-7-17,2021-10-09
196,حفاري,حفاري شمال,1175,7343271,43691592900,6150,6080,5850,-300,-4.88,5950,-200,-3.25,5850,6190,1400-7-17,2021-10-09
197,اخابر,مخابرات ايران,1159,7187614,60119031230,8540,8560,8360,-180,-2.11,8450,-90,-1.05,8240,8670,1400-7-17,2021-10-09
198,بفجر,فجر انرژي خليج فارس,1155,4657359,159278989840,32720,32900,33590,870,2.66,34200,1480,4.52,32900,34350,1400-7-17,2021-10-09
199,قنيشا,قند  نيشابور,1140,2154010,87457471170,42260,41670,40400,-1860,-4.4,40600,-1660,-3.93,40150,42860,1400-7-17,2021-10-09
200,خمحركه,نيرو محركه‌,1140,10019345,40103456437,4188,4072,3979,-209,-4.99,4003,-185,-4.42,3979,4250,1400-7-17,2021-10-09
201,كلر,كلر پارس,1136,786069,96840131208,125348,126600,122949,-2399,-1.91,123195,-2153,-1.72,121540,128922,1400-7-17,2021-10-09
202,وآذر,سرمايه‌گذاري‌توسعه‌آذربايجان‌,1135,1091840,56686294070,54050,53500,51350,-2700,-5,51920,-2130,-3.94,51350,53500,1400-7-17,2021-10-09
203,دتوزيع,توزيع دارو پخش,1131,2020994,68200836101,34025,34980,33400,-625,-1.84,33746,-279,-0.82,32410,34980,1400-7-17,2021-10-09
204,وايران,ليزينگ ايرانيان,1129,7518632,35606690600,4810,4860,4698,-112,-2.33,4736,-74,-1.54,4584,4960,1400-7-17,2021-10-09
205,سكارون,سيمان كارون,1118,675605,48514329662,72965,75153,70777,-2188,-3,71809,-1156,-1.58,70777,75153,1400-7-17,2021-10-09
206,ولساپا,ليزينگ رايان‌ سايپا,1104,16723876,44991964686,2720,2736,2680,-40,-1.47,2690,-30,-1.1,2613,2736,1400-7-17,2021-10-09
207,ولغدر,ليزينگ‌خودروغدير,1099,5497536,76206716150,14500,13850,14000,-500,-3.45,13860,-640,-4.41,13780,14470,1400-7-17,2021-10-09
208,تپمپي,پمپ‌ سازي‌ ايران‌,1098,4173756,86062865710,20750,21000,20590,-160,-0.77,20620,-130,-0.63,20150,21260,1400-7-17,2021-10-09
209,سصفها,سيمان‌اصفهان‌,1095,1088085,53791656850,49120,47500,48650,-470,-0.96,49440,320,0.65,47500,50350,1400-7-17,2021-10-09
210,ولملت,واسپاري ملت,1093,11144652,74796339360,6570,6710,6760,190,2.89,6710,140,2.13,6400,6890,1400-7-17,2021-10-09
211,غفارس,شير پاستوريزه پگاه فارس,1091,4248682,41301880648,10068,9770,9565,-503,-5,9721,-347,-3.45,9565,10259,1400-7-17,2021-10-09
212,غشهداب,كشت و صنعت شهداب ناب خراسان,1087,9326754,30154764775,3303,3340,3170,-133,-4.03,3233,-70,-2.12,3151,3350,1400-7-17,2021-10-09
213,البرز,بيمه البرز,1086,23508283,59138688107,2609,2639,2483,-126,-4.83,2516,-93,-3.56,2479,2639,1400-7-17,2021-10-09
214,كپارس,كاشي‌ پارس‌,1076,540577,64602810600,120180,126060,116700,-3480,-2.9,119510,-670,-0.56,116700,126060,1400-7-17,2021-10-09
215,خاور,ايران خودرو ديزل,1074,10028955,77545193141,7934,8030,7696,-238,-3,7732,-202,-2.55,7696,8030,1400-7-17,2021-10-09
216,قرن,پديده شيمي قرن,1071,1160615,32597104870,29220,28780,27760,-1460,-5,28090,-1130,-3.87,27760,29400,1400-7-17,2021-10-09
217,شوينده,مديريت صنعت شوينده ت.ص.بهشهر,1058,2224980,50893350700,22500,23490,22430,-70,-0.31,22870,370,1.64,22400,23610,1400-7-17,2021-10-09
218,بكام,كارخانجات توليدي شهيد قندي,1047,12534079,31657102770,2585,2570,2498,-87,-3.37,2526,-59,-2.28,2480,2627,1400-7-17,2021-10-09
219,طلا,صندوق س.پشتوانه طلاي لوتوس,1047,1308001,108484739975,84303,83500,83110,-1193,-1.42,82939,-1364,-1.62,82520,83500,1400-7-17,2021-10-09
220,پدرخش,درخشان‌ تهران‌,1043,2508806,65101935020,27160,27000,25810,-1350,-4.97,25950,-1210,-4.46,25810,27940,1400-7-17,2021-10-09
221,شسينا,صنايع‌شيميايي‌سينا,1043,527345,47483132800,94260,94000,89550,-4710,-5,90040,-4220,-4.48,89550,94000,1400-7-17,2021-10-09
222,فردا,صندوق س آواي فرداي زاگرس-ثابت,1033,48432763,560668324630,11557,11576,11577,20,0.17,11576,19,0.16,11576,11578,1400-7-17,2021-10-09
223,وساپا,سرمايه‌گذاري‌ سايپا,1021,12913611,62654134710,5075,5160,4830,-245,-4.83,4850,-225,-4.43,4830,5160,1400-7-17,2021-10-09
224,ثرود,سرمايه‌گذاري مسكن زاينده رود,1016,3593886,36768878043,10207,10299,10301,94,0.92,10231,24,0.24,9951,10420,1400-7-17,2021-10-09
225,كپشير,پشم‌شيشه‌ايران‌,1007,3420753,56211986070,17190,16850,16340,-850,-4.94,16430,-760,-4.42,16340,17050,1400-7-17,2021-10-09
226,سيستم,همكاران سيستم,1004,13055583,78224621130,6290,6010,5990,-300,-4.77,5990,-300,-4.77,5980,6200,1400-7-17,2021-10-09
227,غسالم,سالمين‌,1001,7994112,24862041576,3171,3171,3051,-120,-3.78,3110,-61,-1.92,3020,3210,1400-7-17,2021-10-09
228,آسيا,بيمه آسيا,984,29992604,59095197667,2008,1990,1957,-51,-2.54,1970,-38,-1.89,1920,2006,1400-7-17,2021-10-09
229,شخارك,پتروشيمي‌ خارك‌,982,1083096,62794818290,58730,59600,57790,-940,-1.6,58250,-480,-0.82,57010,59600,1400-7-17,2021-10-09
230,فجام,جام‌دارو,979,13021704,88801439180,7090,7390,6800,-290,-4.09,6820,-270,-3.81,6740,7390,1400-7-17,2021-10-09
231,سفارس,سيمان فارس و خوزستان,975,3449698,68062493750,20490,20400,19470,-1020,-4.98,19730,-760,-3.71,19470,20500,1400-7-17,2021-10-09
232,كبافق,معادن‌ بافق‌,969,1139900,42818358730,39300,39550,37490,-1810,-4.61,37560,-1740,-4.43,37340,39550,1400-7-17,2021-10-09
233,وخاور,بانك خاورميانه,953,17498378,100596413430,5770,5720,5870,100,1.73,5750,-20,-0.35,5550,6050,1400-7-17,2021-10-09
234,غصينو,صنعتي مينو,951,3406860,58605495440,17971,18000,17073,-898,-5,17316,-655,-3.64,17073,18200,1400-7-17,2021-10-09
235,سبزوا,سيمان لار سبزوار,947,9585016,34306300169,3755,3613,3568,-187,-4.98,3579,-176,-4.69,3568,3680,1400-7-17,2021-10-09
236,كروي,توسعه‌ معادن‌ روي‌ ايران‌,945,1436627,37544961260,25800,27000,26000,200,0.78,26130,330,1.28,25400,27000,1400-7-17,2021-10-09
237,سخاش,سيمان‌خاش‌,940,507224,59192561670,122480,120000,116360,-6120,-5,116700,-5780,-4.72,116360,121970,1400-7-17,2021-10-09
238,فمراد,آلومراد,935,1720314,33575234110,19910,20530,19060,-850,-4.27,19520,-390,-1.96,18930,20570,1400-7-17,2021-10-09
239,آ س پ,آ.س.پ,929,4226919,48179394691,11461,11010,11299,-162,-1.41,11398,-63,-0.55,10911,11920,1400-7-17,2021-10-09
240,قصفها,قنداصفهان‌,927,720883,79591112800,115420,116000,109650,-5770,-5,110410,-5010,-4.34,109650,118000,1400-7-17,2021-10-09
241,زماهان,مجتمع توليد گوشت مرغ ماهان,924,3507023,33953666961,10032,10105,9536,-496,-4.94,9682,-350,-3.49,9531,10290,1400-7-17,2021-10-09
242,تسه0005,امتيازتسهيلات مسكن مرداد 1400,912,14294,10894204179,728099,736122,764503,36404,5,762152,34053,4.68,735000,764503,1400-7-17,2021-10-09
243,فولاي,صنايع فولاد آلياژي يزد,904,2615319,54520324664,21862,21500,20769,-1093,-5,20847,-1015,-4.64,20769,21600,1400-7-17,2021-10-09
244,ستران,سيمان‌ تهران‌,900,3015864,74229018780,25890,24610,24600,-1290,-4.98,24610,-1280,-4.94,24600,25590,1400-7-17,2021-10-09
245,كرماشا,صنايع پتروشيمي كرمانشاه,894,1469112,76988843950,53050,53060,51680,-1370,-2.58,52410,-640,-1.21,51350,53500,1400-7-17,2021-10-09
246,آپ,آسان پرداخت پرشين,892,3823426,40538262660,11080,10980,10530,-550,-4.96,10600,-480,-4.33,10530,10980,1400-7-17,2021-10-09
247,بكهنوج,توليد برق ماهتاب كهنوج,890,17379199,24222213417,1434,1468,1385,-49,-3.42,1394,-40,-2.79,1372,1468,1400-7-17,2021-10-09
248,غپينو,پارس‌ مينو,884,8093600,35929645384,4653,4600,4421,-232,-4.99,4439,-214,-4.6,4421,4650,1400-7-17,2021-10-09
249,بايكا,كارخانجات كابلسازي ‌ايران‌,882,1584667,34166759748,21821,21254,21270,-551,-2.53,21561,-260,-1.19,21167,22300,1400-7-17,2021-10-09
250,وكار,بانك‌ كارآفرين‌,881,15900206,39969473773,2517,2598,2445,-72,-2.86,2514,-3,-0.12,2410,2600,1400-7-17,2021-10-09
251,غمهرا,توليدي‌مهرام‌,878,963403,53987609250,53840,55480,56040,2200,4.09,56040,2200,4.09,53370,56530,1400-7-17,2021-10-09
252,پارسيان,بيمه پارسيان,872,4010237,46356543690,11210,11320,11590,380,3.39,11560,350,3.12,10700,11770,1400-7-17,2021-10-09
253,ثعتما,س. ساختماني اعتماد گستر,868,2259987,75961139761,32827,32827,33811,984,3,33611,784,2.39,31844,33811,1400-7-17,2021-10-09
254,رتاپ,تجارت الكترونيك  پارسيان,867,3076542,18490447510,6110,6140,5970,-140,-2.29,6010,-100,-1.64,5850,6140,1400-7-17,2021-10-09
255,خوساز,محورسازان‌ايران‌خودرو,864,4700200,44248847200,9620,9590,9140,-480,-4.99,9410,-210,-2.18,9140,9830,1400-7-17,2021-10-09
256,چكاوه,صنايع‌كاغذسازي‌كاوه‌,858,3165337,49858661590,15430,15680,15880,450,2.92,15750,320,2.07,15100,16030,1400-7-17,2021-10-09
257,سشرق,سيمان‌ شرق‌,858,7437416,66107895020,8870,9000,8510,-360,-4.06,8890,20,0.23,8510,9000,1400-7-17,2021-10-09
258,اميد,تامين سرمايه اميد,854,5610122,36509430560,6390,6570,6500,110,1.72,6510,120,1.88,6390,6700,1400-7-17,2021-10-09
259,ضخود1052,اختيارخ خودرو-2000-1400/10/08,854,30246,7468948000,280,279,232,-48,-17.14,247,-33,-11.79,230,279,1400-7-17,2021-10-09
260,قمرو,قند مرودشت‌,845,2302820,75611551620,31380,32940,32940,1560,4.97,32830,1450,4.62,31500,32940,1400-7-17,2021-10-09
261,مرقام,ايران‌ارقام‌,844,3129856,46415977030,15510,15900,14750,-760,-4.9,14830,-680,-4.38,14740,15930,1400-7-17,2021-10-09
262,بپاس,بيمه پاسارگاد,842,721501,47622282185,68576,66100,65148,-3428,-5,67516,-1060,-1.55,65148,68389,1400-7-17,2021-10-09
263,وآوا,سرمايه گذاري آوا نوين,840,5982612,26429612337,4633,4600,4403,-230,-4.96,4418,-215,-4.64,4402,4632,1400-7-17,2021-10-09
264,ونيرو,سرمايه‌گذاري‌نيرو,839,15732072,40491602674,2681,2650,2584,-97,-3.62,2574,-107,-3.99,2547,2710,1400-7-17,2021-10-09
265,كيميا,معدني كيمياي زنجان گستران,823,3942190,64562827163,17160,16910,16302,-858,-5,16377,-783,-4.56,16302,17000,1400-7-17,2021-10-09
266,سيمرغ,سيمرغ,822,2821806,58441890850,21640,21010,20560,-1080,-4.99,20710,-930,-4.3,20560,21830,1400-7-17,2021-10-09
267,زمگسا,كشاورزي‌ ودامپروي‌ مگسال‌,817,1078627,22924313270,22220,21790,21250,-970,-4.37,21250,-970,-4.37,21110,22220,1400-7-17,2021-10-09
268,ولصنم,ليزينگ‌صنعت‌ومعدن‌,817,4186554,26397573070,6460,6500,6170,-290,-4.49,6310,-150,-2.32,6140,6580,1400-7-17,2021-10-09
269,خريخت,صنايع‌ريخته‌گري‌ايران‌,812,17875523,76498604970,4465,4410,4349,-116,-2.6,4280,-185,-4.14,4242,4465,1400-7-17,2021-10-09
270,غبهنوش,بهنوش‌ ايران‌,811,767890,49738755230,67500,67500,64160,-3340,-4.95,64770,-2730,-4.04,64130,69000,1400-7-17,2021-10-09
271,فسپا,گروه‌صنعتي‌سپاهان‌,805,1994600,40626035970,20360,20210,20260,-100,-0.49,20370,10,0.05,20050,20800,1400-7-17,2021-10-09
272,پارس,پتروشيمي پارس,805,402767,82692296640,207550,207900,204190,-3360,-1.62,205680,-1870,-0.9,203500,210800,1400-7-17,2021-10-09
273,دسبحان,سبحان دارو,804,3635783,69971911690,18400,18900,19320,920,5,19250,850,4.62,18400,19320,1400-7-17,2021-10-09
274,ساروم,سيمان‌اروميه‌,804,1919367,72888813660,39260,39480,37300,-1960,-4.99,37980,-1280,-3.26,37300,39970,1400-7-17,2021-10-09
275,كسعدي,كاشي‌ سعدي‌,799,4292665,52557841790,11680,12100,12260,580,4.97,12240,560,4.79,12000,12260,1400-7-17,2021-10-09
276,شلعاب,لعابيران‌,796,3253841,24388355700,7760,7640,7400,-360,-4.64,7500,-260,-3.35,7380,7840,1400-7-17,2021-10-09
277,افرا,افرانت,796,1668343,38270867468,23979,24250,22782,-1197,-4.99,22939,-1040,-4.34,22781,24650,1400-7-17,2021-10-09
278,غگرجي,بيسكويت‌  گرجي‌,785,13398402,35167789389,2745,2711,2659,-86,-3.13,2625,-120,-4.37,2608,2749,1400-7-17,2021-10-09
279,كحافظح,ح . كاشي‌ وسراميك‌ حافظ‌,784,9881616,23619995238,2381,2435,2360,-21,-0.88,2390,9,0.38,2351,2457,1400-7-17,2021-10-09
280,وكادو,تكادو,782,1640147,28471227298,17587,17430,17060,-527,-3,17359,-228,-1.3,17060,17996,1400-7-17,2021-10-09
281,دكپسول,توليد ژلاتين كپسول ايران,778,663947,22151843613,33259,33560,32660,-599,-1.8,33364,105,0.32,32010,34060,1400-7-17,2021-10-09
282,كلوند,كاشي‌ الوند,778,1860346,44025899560,24020,24670,23270,-750,-3.12,23670,-350,-1.46,22850,24670,1400-7-17,2021-10-09
283,وتوصا,گروه س توسعه صنعتي ايران,774,5405440,52159644640,10050,9820,9600,-450,-4.48,9650,-400,-3.98,9550,9970,1400-7-17,2021-10-09
284,ثپرديس,سرمايه گذاري مسكن پرديس,770,4382013,29999428411,6989,6801,6691,-298,-4.26,6846,-143,-2.05,6660,7120,1400-7-17,2021-10-09
285,دانا,بيمه دانا,764,6067368,32903161320,5660,5700,5380,-280,-4.95,5420,-240,-4.24,5380,5700,1400-7-17,2021-10-09
286,قشكر,شكرشاهرود,761,13927060,43650304522,3226,3260,3065,-161,-4.99,3134,-92,-2.85,3065,3269,1400-7-17,2021-10-09
287,سغرب,سيمان‌غرب‌,760,2284571,50527783800,23050,23870,21920,-1130,-4.9,22120,-930,-4.03,21900,23870,1400-7-17,2021-10-09
288,دبالكح,ح.مواد اوليه دارويي البرز بالك,752,2714713,23886336791,8529,8955,8680,151,1.77,8799,270,3.17,8330,8955,1400-7-17,2021-10-09
289,سدور,سيمان‌ دورود,743,3406486,28174827550,8190,8390,8200,10,0.12,8270,80,0.98,7950,8540,1400-7-17,2021-10-09
290,فباهنر,مس‌ شهيدباهنر,737,1279055,34601017450,27220,27150,26850,-370,-1.36,27050,-170,-0.62,26800,27550,1400-7-17,2021-10-09
291,شبهرن,نفت‌ بهران‌,730,2468565,31991496450,13090,13100,12900,-190,-1.45,13020,-70,-0.53,12800,13120,1400-7-17,2021-10-09
292,زشريف,كشت وصنعت شريف آباد,727,7806754,36708485104,4937,4807,4691,-246,-4.98,4702,-235,-4.76,4691,4900,1400-7-17,2021-10-09
293,شپارس,بين‌ المللي‌ محصولات‌  پارس‌,727,2194141,25996682570,11900,12400,11540,-360,-3.03,11850,-50,-0.42,11520,12400,1400-7-17,2021-10-09
294,سبجنو,سيمان‌ بجنورد,727,1861331,71727981220,39310,41000,40670,1360,3.46,38540,-770,-1.96,37350,41000,1400-7-17,2021-10-09
295,سامان,بانك سامان,723,5343999,42823806038,8217,8310,7971,-246,-2.99,8013,-204,-2.48,7971,8310,1400-7-17,2021-10-09
296,ثعمرا,عمران و توسعه شاهد,717,5169392,48993621566,9821,9680,9330,-491,-5,9478,-343,-3.49,9330,9969,1400-7-17,2021-10-09
297,ساوه,سيمان ساوه,706,205903,10843593884,53236,53900,52530,-706,-1.33,52818,-418,-0.79,52501,53900,1400-7-17,2021-10-09
298,كوثر,بيمه كوثر,705,3971958,47048770451,12162,12090,11612,-550,-4.52,11845,-317,-2.61,11600,12300,1400-7-17,2021-10-09
299,كهمدا,شيشه‌ همدان‌,705,2771515,29512698260,10760,11070,10410,-350,-3.25,10650,-110,-1.02,10250,11070,1400-7-17,2021-10-09
300,شيراز,پتروشيمي‌شيراز,704,736630,66594972000,91260,92460,89230,-2030,-2.22,90690,-570,-0.62,89150,93800,1400-7-17,2021-10-09
301,غپاك,لبنيات‌ پاك‌,700,2532746,43443591400,17150,17000,17200,50,0.29,17150,0,0,16650,17610,1400-7-17,2021-10-09
302,ومهان,گروه توسعه مالي مهر آيندگان,696,1621500,24543491989,15582,15598,14990,-592,-3.8,15401,-181,-1.16,14902,15598,1400-7-17,2021-10-09
303,فايرا,آلومينيوم‌ايران‌,694,2448954,44088246610,18190,18400,17800,-390,-2.14,18070,-120,-0.66,17750,18400,1400-7-17,2021-10-09
304,سيلام,سيمان‌ ايلام‌,690,4678202,35847324980,8010,8220,7610,-400,-4.99,7660,-350,-4.37,7610,8220,1400-7-17,2021-10-09
305,وپسا,س. پتروشيمي ساختمان  خليج فارس,687,14903960,29733965014,1971,2000,1994,23,1.17,1995,24,1.22,1940,2030,1400-7-17,2021-10-09
306,وپاسار,بانك  پاسارگاد,685,13126235,192717113350,14720,14720,14650,-70,-0.48,14680,-40,-0.27,14550,14730,1400-7-17,2021-10-09
307,رنيك,جنرال مكانيك,678,1877667,29880285121,16674,16300,15841,-833,-5,15914,-760,-4.56,15841,16455,1400-7-17,2021-10-09
308,نمرينو,ايران‌ مرينوس‌,676,358044,35492888550,95380,99000,100140,4760,4.99,99130,3750,3.93,94420,100140,1400-7-17,2021-10-09
309,خكرمان,گروه اقتصادي كرمان خودرو,674,7075187,21554381375,3131,3085,3038,-93,-2.97,3046,-85,-2.71,3038,3180,1400-7-17,2021-10-09
310,پكوير,كوير تاير,672,2521575,33235373610,13550,13400,13050,-500,-3.69,13180,-370,-2.73,12880,13740,1400-7-17,2021-10-09
311,تسه0003,امتيازتسهيلات مسكن خرداد1400,669,27189,20662123106,737062,730000,773915,36853,5,759944,22882,3.1,720000,773915,1400-7-17,2021-10-09
312,ثاباد,توريستي ورفاهي آبادگران ايران,667,787853,39600219050,49030,50010,50300,1270,2.59,50260,1230,2.51,49410,51430,1400-7-17,2021-10-09
313,زنگان,صنعت روي زنگان,663,558168,35437938707,66182,67489,62873,-3309,-5,63490,-2692,-4.07,62873,67489,1400-7-17,2021-10-09
314,خمهر,مهركام‌پارس‌,661,16251213,36125624123,2327,2300,2211,-116,-4.98,2223,-104,-4.47,2211,2355,1400-7-17,2021-10-09
315,سپيدما,صندوق س. سپيد دماوند-د,656,29864912,334312166739,11177,11194,11194,17,0.15,11194,17,0.15,11194,11200,1400-7-17,2021-10-09
316,فالوم,آلومتك‌,655,2236654,59466048340,27380,26570,26559,-821,-3,26587,-793,-2.9,26559,27400,1400-7-17,2021-10-09
317,رانفور,خدمات‌انفورماتيك‌,653,5087884,24398256789,4929,5000,4800,-129,-2.62,4882,-47,-0.95,4740,5001,1400-7-17,2021-10-09
318,تنوين,تامين سرمايه نوين,651,6078131,37772820440,6490,6560,6170,-320,-4.93,6210,-280,-4.31,6170,6580,1400-7-17,2021-10-09
319,سخند,صندوق س.سپهرخبرگان نفت-د,650,30310410,303088223170,10133,9949,9967,-166,-1.64,9999,-134,-1.32,9923,10000,1400-7-17,2021-10-09
320,ختور,رادياتور ايران‌,649,2572941,56374062430,23020,22470,21870,-1150,-5,21910,-1110,-4.82,21870,22500,1400-7-17,2021-10-09
321,حآفرين,ريل پرداز نو آفرين,649,5373391,22282276688,4227,4200,4037,-190,-4.49,4147,-80,-1.89,4016,4339,1400-7-17,2021-10-09
322,ضخود1053,اختيارخ خودرو-2500-1400/10/08,649,28854,2759887000,108,102,86,-22,-20.37,96,-12,-11.11,85,105,1400-7-17,2021-10-09
323,پاسا,ايران‌ياساتايرورابر,646,3157973,60438510170,19150,19110,19110,-40,-0.21,19140,-10,-0.05,18620,19780,1400-7-17,2021-10-09
324,كفرآور,فرآورده هاي سيمان شرق,643,4912404,77396773543,15418,15430,15880,462,3,15755,337,2.19,15103,15880,1400-7-17,2021-10-09
325,ارفع,شركت آهن و فولاد ارفع,642,2303227,35640409276,15855,15800,15450,-405,-2.55,15672,-183,-1.15,15250,16000,1400-7-17,2021-10-09
326,فولاژ,فولاد آلياژي ايران,642,1612575,26750189730,16430,16410,16560,130,0.79,16480,50,0.3,16410,16840,1400-7-17,2021-10-09
327,وتعاون,بيمه  تعاون,641,10549633,21970049371,2123,2070,2060,-63,-2.97,2083,-40,-1.88,2060,2121,1400-7-17,2021-10-09
328,بشهاب,لامپ‌  پارس‌ شهاب‌,640,371267,42490258460,119870,123000,113880,-5990,-5,114450,-5420,-4.52,113880,123000,1400-7-17,2021-10-09
329,شبصير,توليدات پتروشيمي قائد بصير,638,621690,68299953574,109429,109000,110699,1270,1.16,109862,433,0.4,106273,112450,1400-7-17,2021-10-09
330,ياقوت,صندوق س ياقوت آگاه-ثابت,637,3931498,52310928504,13295,13297,13305,10,0.08,13306,11,0.08,13285,13318,1400-7-17,2021-10-09
331,غدام,خوراك‌  دام‌ پارس‌,631,202211,36858037350,189760,190100,180280,-9480,-5,182280,-7480,-3.94,180280,190100,1400-7-17,2021-10-09
332,وبيمه,سرمايه‌ گذاري‌ صنعت‌ بيمه‌,630,9309873,16201031883,1803,1810,1720,-83,-4.6,1740,-63,-3.49,1713,1810,1400-7-17,2021-10-09
333,سرچشمه,سرمايه گذاري مس سرچشمه,627,4701794,28796992242,6270,6269,6013,-257,-4.1,6125,-145,-2.31,6000,6269,1400-7-17,2021-10-09
334,سفار,سيمان‌فارس‌,624,260568,21127296830,80880,84000,79470,-1410,-1.74,81080,200,0.25,77320,84000,1400-7-17,2021-10-09
335,غديس,پاكديس,617,4528307,61986862973,14275,14202,13562,-713,-4.99,13689,-586,-4.11,13562,14275,1400-7-17,2021-10-09
336,خشرق,الكتريك‌ خودرو شرق‌,616,2749481,41980531240,15780,16180,15390,-390,-2.47,15270,-510,-3.23,15000,16180,1400-7-17,2021-10-09
337,توريل,توكاريل,615,2027400,29473898293,15145,14920,14388,-757,-5,14538,-607,-4.01,14388,15145,1400-7-17,2021-10-09
338,قشرين,قند شيرين خراسان,613,4791913,79008924720,16987,16997,16478,-509,-3,16488,-499,-2.94,16478,17140,1400-7-17,2021-10-09
339,تسه0004,امتيازتسهيلات مسكن تير1400,612,8956,6822353867,727983,730100,764382,36399,5,761763,33780,4.64,724122,764382,1400-7-17,2021-10-09
340,بنو,بيمه تجارت نو,610,3022349,35139508693,12108,12000,11503,-605,-5,11627,-481,-3.97,11503,12170,1400-7-17,2021-10-09
341,كنور,توسعه معدني و صنعتي صبانور,602,1132923,18859942610,16800,17330,16590,-210,-1.25,16770,-30,-0.18,16310,17330,1400-7-17,2021-10-09
342,تاصيكو,سرمايه گذاري صدرتامين,602,2466514,23542008550,9850,9620,9510,-340,-3.45,9790,-60,-0.61,9470,9760,1400-7-17,2021-10-09
343,فرآور,فرآوري‌موادمعدني‌ايران‌,599,857022,26925263770,31990,33330,30850,-1140,-3.56,31420,-570,-1.78,30620,33330,1400-7-17,2021-10-09
344,ثشرق,سرمايه گذاري مسكن شمال شرق,596,6690961,35384544400,5370,5310,5230,-140,-2.61,5290,-80,-1.49,5110,5480,1400-7-17,2021-10-09
345,جم,پتروشيمي جم,595,1073865,54366986510,51900,52770,49910,-1990,-3.83,51190,-710,-1.37,49500,52800,1400-7-17,2021-10-09
346,حفارس,حمل و نقل بين المللي خليج فارس,595,7909283,31991629270,4165,4250,3957,-208,-4.99,4045,-120,-2.88,3957,4250,1400-7-17,2021-10-09
347,زدشت,كشت و صنعت دشت خرم دره,592,1105411,20415970918,19222,19030,18261,-961,-5,18469,-753,-3.92,18261,19490,1400-7-17,2021-10-09
348,وصنعت,سرمايه گذاري توسعه صنعت وتجارت,591,3538451,23073309140,6650,6650,6470,-180,-2.71,6520,-130,-1.95,6410,6650,1400-7-17,2021-10-09
349,شكربن,كربن‌ ايران‌,587,309082,37033444370,124520,125290,118340,-6180,-4.96,119820,-4700,-3.77,118300,125290,1400-7-17,2021-10-09
350,زفكا,كشت و دامداري فكا,587,2644877,22278502541,8561,8671,8260,-301,-3.52,8423,-138,-1.61,8155,8989,1400-7-17,2021-10-09
351,پاكشو,گروه صنعتي پاكشو,582,6574780,37427958020,5750,5740,5710,-40,-0.7,5730,-20,-0.35,5620,5800,1400-7-17,2021-10-09
352,خمحور,توليدمحورخودرو,580,11456620,44997229277,4085,4179,3881,-204,-4.99,3928,-157,-3.84,3881,4179,1400-7-17,2021-10-09
353,كترام,توليدي‌ كاشي‌ تكسرام‌,577,1001150,25938986400,26050,26790,25460,-590,-2.26,25910,-140,-0.54,25460,26790,1400-7-17,2021-10-09
354,وبهمن,سرمايه‌گذاري‌بهمن‌,576,6882068,125093109980,18130,18650,17810,-320,-1.77,18180,50,0.28,17590,18720,1400-7-17,2021-10-09
355,پرديس,سرمايه گذاري پرديس,576,10093238,59728382550,6220,5990,5910,-310,-4.98,5920,-300,-4.82,5910,6100,1400-7-17,2021-10-09
356,شتوكا,توكا رنگ فولاد سپاهان,572,1364132,47441104420,36308,36345,34493,-1815,-5,34778,-1530,-4.21,34493,36890,1400-7-17,2021-10-09
357,كفرا,فراورده‌ هاي‌ نسوزايران‌,570,984186,20403756420,20290,20980,21050,760,3.75,20730,440,2.17,20200,21180,1400-7-17,2021-10-09
358,خكمك,كمك‌فنرايندامين‌,570,1936904,35989405390,19390,19700,18430,-960,-4.95,18580,-810,-4.18,18430,19700,1400-7-17,2021-10-09
359,ورنا,سرمايه‌گذاري‌ رنا(هلدينگ‌,565,7643971,25184888518,3254,3349,3272,18,0.55,3295,41,1.26,3215,3349,1400-7-17,2021-10-09
360,ميدكو,توسعه معادن وص.معدني خاورميانه,564,2340653,110734178370,47320,47330,47300,-20,-0.04,47310,-10,-0.02,47280,47350,1400-7-17,2021-10-09
361,وسگيلا,شركت س استان گيلان,564,25843948,12635995310,507,501,484,-23,-4.54,499,-8,-1.58,482,507,1400-7-17,2021-10-09
362,شكلر,نيروكلر,558,741006,24973365190,33870,35170,33260,-610,-1.8,33700,-170,-0.5,32960,35170,1400-7-17,2021-10-09
363,مدير,ص.س.مديريت ثروت ص.بازنشستگي-س,549,2219692,21883196137,10052,10004,9735,-317,-3.15,9859,-193,-1.92,9722,10050,1400-7-17,2021-10-09
364,سبهان,سيمان‌ بهبهان‌,548,393642,22483801240,57870,58000,56230,-1640,-2.83,57120,-750,-1.3,55810,58880,1400-7-17,2021-10-09
365,وحكمت,بيمه حكمت صبا,548,3399505,12603430193,3698,3808,3630,-68,-1.84,3707,9,0.24,3588,3808,1400-7-17,2021-10-09
366,دسبحا,گروه دارويي سبحان,546,1873966,40731553130,21350,21510,21790,440,2.06,21740,390,1.83,21350,22060,1400-7-17,2021-10-09
367,دكوثر,داروسازي‌ كوثر,545,7644246,33831179188,4647,4511,4415,-232,-4.99,4426,-221,-4.76,4415,4699,1400-7-17,2021-10-09
368,دروز,داروسازي‌ روزدارو,543,3585263,129777443080,34520,36240,35050,530,1.54,36200,1680,4.87,34650,36240,1400-7-17,2021-10-09
369,بهپاك,صنعتي بهپاك,538,6806051,39509222040,5738,5795,5740,2,0.03,5805,67,1.17,5700,5950,1400-7-17,2021-10-09
370,وثخوز,سرمايه گذاري و توسعه خوزستان,535,677412,22756355962,32604,33000,34234,1630,5,33593,989,3.03,31631,34234,1400-7-17,2021-10-09
371,سصوفي,سيمان‌ صوفيان‌,531,2423659,41541834150,17110,17330,17130,20,0.12,17140,30,0.18,17050,17480,1400-7-17,2021-10-09
372,وساخت,سرمايه‌ گذاري‌ ساختمان‌ايران‌,530,531817,23912416530,46080,45440,44500,-1580,-3.43,44960,-1120,-2.43,44300,46300,1400-7-17,2021-10-09
373,كحافظ,كاشي‌ وسراميك‌ حافظ‌,530,5961906,24769865446,4177,4269,4190,13,0.31,4155,-22,-0.53,4010,4269,1400-7-17,2021-10-09
374,نوين,بيمه نوين,529,3886006,20472398601,5362,5420,5254,-108,-2.01,5268,-94,-1.75,5200,5490,1400-7-17,2021-10-09
375,لخزر,پارس‌ خزر,526,269688,40866767680,159140,152550,151190,-7950,-5,151530,-7610,-4.78,151190,160000,1400-7-17,2021-10-09
376,وتوس,توسعه‌شهري‌توس‌گستر,525,2113500,29745698060,14630,14930,13930,-700,-4.78,14070,-560,-3.83,13900,14930,1400-7-17,2021-10-09
377,وملل,اعتباري ملل,525,2238808,25720197054,11343,11700,11130,-213,-1.88,11424,81,0.71,11017,11848,1400-7-17,2021-10-09
378,ثغرب,شركت سرمايه گذاري مسكن شمالغرب,524,2567436,14023845906,5681,5800,5397,-284,-5,5468,-213,-3.75,5397,5800,1400-7-17,2021-10-09
379,ثمسكن,سرمايه‌گذاري‌ مسكن‌,523,4861138,23728391830,4961,4970,4800,-161,-3.25,4881,-80,-1.61,4757,5030,1400-7-17,2021-10-09
380,كاذر,فرآورده‌هاي‌نسوزآذر,523,1091161,16818077790,15460,16000,15270,-190,-1.23,15410,-50,-0.32,15030,16090,1400-7-17,2021-10-09
381,خچرخش,چرخشگر,520,3586585,39906491370,11510,11150,10940,-570,-4.95,11130,-380,-3.3,10940,11670,1400-7-17,2021-10-09
382,كمينا,شيشه سازي مينا,519,2074550,23490695216,11668,11587,11318,-350,-3,11323,-345,-2.96,11318,11587,1400-7-17,2021-10-09
383,گكوثر,هتل پارسيان كوثر اصفهان,518,7191351,14179866337,2019,2060,1943,-76,-3.76,1973,-46,-2.28,1930,2069,1400-7-17,2021-10-09
384,والبر,سرمايه‌ گذاري‌ البرز(هلدينگ‌,515,2733645,25146655260,9300,9080,9300,0,0,9220,-80,-0.86,9070,9320,1400-7-17,2021-10-09
385,آوا,صندوق س.سهام آواي معيار-س,513,5755868,45501670971,8015,7960,7833,-182,-2.27,7905,-110,-1.37,7830,8000,1400-7-17,2021-10-09
386,وبوعلي,سرمايه‌گذاري‌بوعلي‌,508,3917146,17309226844,4401,4395,4330,-71,-1.61,4419,18,0.41,4300,4482,1400-7-17,2021-10-09
387,كاردان,صندوق س تجارت شاخصي كاردان,505,263785,55097859720,216510,216710,205900,-10610,-4.9,208870,-7640,-3.53,205750,216900,1400-7-17,2021-10-09
388,فنورد,نوردوقطعات‌ فولادي‌,502,227304,46040325020,204720,200500,201730,-2990,-1.46,202550,-2170,-1.06,200500,207990,1400-7-17,2021-10-09
389,افق,فروشگاههاي زنجيره اي افق كوروش,502,546607,30077077790,55570,55100,55000,-570,-1.03,55320,-250,-0.45,54900,55500,1400-7-17,2021-10-09
390,وسينا,بانك سينا,501,12427713,32102370811,2704,2660,2573,-131,-4.84,2583,-121,-4.47,2569,2705,1400-7-17,2021-10-09
391,بزاگرس,نيروگاه زاگرس كوثر,501,3576694,17975596465,5045,5070,4989,-56,-1.11,5026,-19,-0.38,4900,5170,1400-7-17,2021-10-09
392,ارزش,صندوق س ارزش آفرين بيدار-سهام,501,2503611,25955803790,10550,10630,10200,-350,-3.32,10370,-180,-1.71,10130,10630,1400-7-17,2021-10-09
393,لوتوسح,ح . تامين سرمايه لوتوس پارسيان,499,3921451,17297533050,4430,4400,4400,-30,-0.68,4410,-20,-0.45,4380,4470,1400-7-17,2021-10-09
394,وتوشه,سرمايه‌ گذاري‌ پارس‌ توشه‌,499,3409303,22640740070,6890,7160,6590,-300,-4.35,6640,-250,-3.63,6550,7160,1400-7-17,2021-10-09
395,تكمبا,كمباين‌ سازي‌ ايران‌,497,3264292,18620615060,5870,5800,5630,-240,-4.09,5700,-170,-2.9,5580,5880,1400-7-17,2021-10-09
396,غبشهر,صنعتي‌ بهشهر,496,2053083,50125809120,25110,25600,23880,-1230,-4.9,24410,-700,-2.79,23880,25600,1400-7-17,2021-10-09
397,شرانل,نفت ايرانول,494,516871,25706860828,49787,49510,49670,-117,-0.24,49754,-33,-0.07,48885,50500,1400-7-17,2021-10-09
398,ميهن,بيمه ميهن,494,7318623,20403159023,2875,2959,2732,-143,-4.97,2788,-87,-3.03,2732,3000,1400-7-17,2021-10-09
399,قشهد,شهد,493,1292702,21203644380,16240,16500,16260,20,0.12,16400,160,0.99,15680,17030,1400-7-17,2021-10-09
400,لابسا,آبسال‌,493,773683,27471321290,36950,37400,35150,-1800,-4.87,35510,-1440,-3.9,35110,37400,1400-7-17,2021-10-09
401,حپترو,حمل و نقل پتروشيمي( سهامي عام,492,566364,16202485210,29710,29260,28380,-1330,-4.48,28610,-1100,-3.7,28230,30500,1400-7-17,2021-10-09
402,غاذر,كشت‌وصنعت‌پياذر,489,819509,19714000380,24620,25000,24190,-430,-1.75,24060,-560,-2.27,23390,25100,1400-7-17,2021-10-09
403,ثامان,سامان‌ گستراصفهان‌,487,1511637,18938445910,13030,12960,12800,-230,-1.77,12530,-500,-3.84,12380,13000,1400-7-17,2021-10-09
404,شجم,صنايع پتروشيمي تخت جمشيد,484,5123971,65816734330,13016,12610,12795,-221,-1.7,12845,-171,-1.31,12400,13280,1400-7-17,2021-10-09
405,تپولا,مهندسي مرآت پولاد,479,708335,15903464468,22418,22885,22024,-394,-1.76,22452,34,0.15,21746,23000,1400-7-17,2021-10-09
406,وسكاب,س.ص.بازنشستگي كاركنان بانكها,478,4169838,12449821676,3077,3110,2960,-117,-3.8,2999,-78,-2.53,2940,3110,1400-7-17,2021-10-09
407,لازما,كارخانه هاي صنعتي آزمايش,477,966411,25862167777,26293,26880,27079,786,2.99,26761,468,1.78,25854,27081,1400-7-17,2021-10-09
408,غبهار,كشت وصنعت بهاران گلبهار خراسان,477,826275,12137855560,14853,14800,14520,-333,-2.24,14690,-163,-1.1,14408,14999,1400-7-17,2021-10-09
409,خنصير,مهندسي‌نصيرماشين‌,476,2965418,63132272940,22260,21600,21150,-1110,-4.99,21290,-970,-4.36,21150,22000,1400-7-17,2021-10-09
410,بميلا,توسعه بازرگاني آهن وفولادميلاد,474,7504774,97448410390,12607,12985,12985,378,3,12985,378,3,12958,12985,1400-7-17,2021-10-09
411,فسازان,غلتك سازان سپاهان,472,869789,27395915170,32790,31710,31180,-1610,-4.91,31500,-1290,-3.93,31160,32850,1400-7-17,2021-10-09
412,پرداخت,به پرداخت ملت,471,1286623,21103270090,17140,17200,16290,-850,-4.96,16400,-740,-4.32,16290,17200,1400-7-17,2021-10-09
413,ثباغ,شهر سازي و خانه سازي باغميشه,468,1231719,13660836302,11313,11600,10830,-483,-4.27,11107,-206,-1.82,10755,11780,1400-7-17,2021-10-09
414,ساربيل,سيمان آرتا اردبيل,468,606151,24018110500,39620,41390,38770,-850,-2.15,39620,0,0,38500,41390,1400-7-17,2021-10-09
415,ضخود1054,اختيارخ خودرو-3000-1400/10/08,463,20854,890227000,51,47,40,-11,-21.57,43,-8,-15.69,30,50,1400-7-17,2021-10-09
416,پلاسك,پلاسكوكار,463,2404763,15452218820,6490,6560,6490,0,0,6430,-60,-0.92,6250,6560,1400-7-17,2021-10-09
417,هماي,صندوق س هماي آگاه-ثابت,461,3324415,33566633125,10080,10087,10098,18,0.18,10097,17,0.17,10087,10098,1400-7-17,2021-10-09
418,تايرا,تراكتورسازي‌ايران‌,460,965181,27817725430,29240,29000,28760,-480,-1.64,28920,-320,-1.09,27910,29430,1400-7-17,2021-10-09
419,دزهراوي,داروسازي‌زهراوي‌,460,2343883,14268440990,6170,6060,6080,-90,-1.46,6090,-80,-1.3,6030,6140,1400-7-17,2021-10-09
420,جم پيلن,پلي پروپيلن جم - جم پيلن,457,217029,25614688980,120110,121990,116530,-3580,-2.98,119540,-570,-0.47,116100,121990,1400-7-17,2021-10-09
421,گپارس,امور رفاهي كارگزاران پارس,456,115655,18226443279,154916,159563,154500,-416,-0.27,157593,2677,1.73,151000,159563,1400-7-17,2021-10-09
422,كمنگنز,معادن‌منگنزايران‌,455,145061,10610053860,75160,77400,72250,-2910,-3.87,73690,-1470,-1.96,72050,77400,1400-7-17,2021-10-09
423,وثنو,سرمايه گذاري ساختماني نوين,455,5334579,28026202440,5119,5120,5238,119,2.32,5254,135,2.64,5120,5272,1400-7-17,2021-10-09
424,قچار,فراوردههاي غذايي وقند چهارمحال,455,1626277,20484456186,13104,12750,12449,-655,-5,12596,-508,-3.88,12449,13361,1400-7-17,2021-10-09
425,تسه0001,امتيازتسهيلات مسكن فروردين1400,455,7363,5658514437,738000,715000,774900,36900,5,768507,30507,4.13,715000,774900,1400-7-17,2021-10-09
426,تسه9908,امتياز تسهيلات مسكن آبان99,448,10729,8147575340,728332,701100,764748,36416,5,759397,31065,4.27,701100,764748,1400-7-17,2021-10-09
427,ونفت,سرمايه‌گذاري‌ صنعت‌ نفت‌,446,1091563,17292793520,16300,16200,15490,-810,-4.97,15840,-460,-2.82,15490,16300,1400-7-17,2021-10-09
428,كقزوي,شيشه‌ قزوين‌,446,4692648,39896241855,8260,8507,8507,247,2.99,8502,242,2.93,8313,8507,1400-7-17,2021-10-09
429,خاهن,آهنگري‌ تراكتورسازي‌ ايران‌,445,5067020,41934277120,8390,8340,8300,-90,-1.07,8280,-110,-1.31,8210,8400,1400-7-17,2021-10-09
430,دلر,داروسازي‌ اكسير,445,1035862,45902270350,44870,43600,44100,-770,-1.72,44310,-560,-1.25,43600,45520,1400-7-17,2021-10-09
431,تصميم,صندوق س با درآمد ثابت تصميم,444,11303950,198916337606,17585,17598,17601,16,0.09,17597,12,0.07,17596,17601,1400-7-17,2021-10-09
432,كارين,صندوق س نگين سامان-ثابت,443,14954674,150993931520,10080,10097,10099,19,0.19,10097,17,0.17,10096,10099,1400-7-17,2021-10-09
433,اعتلا,شركت سرمايه گذاري اعتلاء البرز,441,2379119,16958378593,7291,7400,7000,-291,-3.99,7128,-163,-2.24,6964,7400,1400-7-17,2021-10-09
434,وصندوق,سرمايه‌گذاري‌صندوق‌بازنشستگي‌,439,2369686,44888459630,19340,19340,18490,-850,-4.4,19190,-150,-0.78,18450,19450,1400-7-17,2021-10-09
435,خاذين,سايپاآذين‌,437,7017349,21907102653,3276,3194,3113,-163,-4.98,3122,-154,-4.7,3113,3250,1400-7-17,2021-10-09
436,غشوكو,شوكو پارس,435,1845433,21499295467,11998,11640,11639,-359,-2.99,11650,-348,-2.9,11639,11890,1400-7-17,2021-10-09
437,فوكا,فولاد كاويان,434,2267698,36441136809,16511,16350,16016,-495,-3,16092,-419,-2.54,16016,16350,1400-7-17,2021-10-09
438,غگلستا,شير پاستوريزه پگاه گلستان,429,1365493,19018591219,14593,14690,13864,-729,-5,13928,-665,-4.56,13864,14690,1400-7-17,2021-10-09
439,دابورح,ح . داروسازي‌ ابوريحان‌,429,862751,20620492840,24210,23820,24070,-140,-0.58,23900,-310,-1.28,23500,24800,1400-7-17,2021-10-09
440,شپاكسا,پاكسان‌,427,877470,18083255250,21530,21420,20460,-1070,-4.97,20610,-920,-4.27,20460,21780,1400-7-17,2021-10-09
441,تسه0002,امتيازتسهيلاتمسكن ارديبهشت1400,424,6244,4758444382,727312,721000,763677,36365,5,762083,34771,4.78,721000,763677,1400-7-17,2021-10-09
442,درازك,دارويي‌ رازك‌,423,514964,20750935370,42150,41440,40050,-2100,-4.98,40300,-1850,-4.39,40050,41440,1400-7-17,2021-10-09
443,سباقر,سيمان باقران,421,2528900,45661176290,18429,18920,17877,-552,-3,18056,-373,-2.02,17877,18920,1400-7-17,2021-10-09
444,فنوال,نورد آلومينيوم‌,410,665881,18293618520,28440,28850,27210,-1230,-4.32,27470,-970,-3.41,27210,28850,1400-7-17,2021-10-09
445,واحيا,م .صنايع و معادن احياء سپاهان,409,811122,138919992134,172074,173100,167600,-4474,-2.6,171269,-805,-0.47,166920,174556,1400-7-17,2021-10-09
446,غگلپا,شير پاستوريزه پگاه گلپايگان,407,344625,21798044482,66359,63803,63042,-3317,-5,63251,-3108,-4.68,63042,65270,1400-7-17,2021-10-09
447,غشاذر,پگاه‌آذربايجان‌غربي‌,406,1895492,11101995420,6040,5920,5880,-160,-2.65,5900,-140,-2.32,5740,6190,1400-7-17,2021-10-09
448,قلرست,قند لرستان‌,403,444643,9617367130,22350,21820,21470,-880,-3.94,21870,-480,-2.15,21350,22230,1400-7-17,2021-10-09
449,وساشرقي,شركت س استان آذربايجان شرقي,403,27527448,13630520367,519,502,495,-24,-4.62,511,-8,-1.54,494,510,1400-7-17,2021-10-09
450,خكاوه,سايپا ديزل,403,5378938,19454959591,3708,3778,3597,-111,-2.99,3617,-91,-2.45,3597,3778,1400-7-17,2021-10-09
451,دلقما,دارويي‌ لقمان‌,399,1004935,34229737880,35820,34030,34030,-1790,-5,34060,-1760,-4.91,34030,34750,1400-7-17,2021-10-09
452,دشيمي,شيمي‌ داروئي‌ داروپخش‌,399,640119,16791389830,27230,27060,25900,-1330,-4.88,26230,-1000,-3.67,25870,27060,1400-7-17,2021-10-09
453,سدبير,س. تدبيرگران فارس وخوزستان,397,707767,26053080988,38466,38100,36543,-1923,-5,36810,-1656,-4.31,36543,38100,1400-7-17,2021-10-09
454,غچين,كشت‌ و صنعت‌ چين‌ چين,394,2068539,33717062700,16390,16780,16390,0,0,16300,-90,-0.55,16050,16780,1400-7-17,2021-10-09
455,ددام,داروسازي زاگرس فارمد پارس,391,1721162,24645796260,14770,14800,14040,-730,-4.94,14320,-450,-3.05,14040,14880,1400-7-17,2021-10-09
456,مداران,داده‌پردازي‌ايران‌,388,698396,12474344380,17680,17750,18000,320,1.81,17830,150,0.85,17350,18280,1400-7-17,2021-10-09
457,سمازن,سيمان‌مازندران‌,385,2280536,33686503720,15020,15020,14850,-170,-1.13,14770,-250,-1.66,14530,15020,1400-7-17,2021-10-09
458,جهرم,پتروشيمي جهرم,384,8731080,11687436121,1307,1324,1346,39,2.98,1339,32,2.45,1270,1346,1400-7-17,2021-10-09
459,زبينا,كشاورزي و دامپروري بينالود,384,4850150,13326713281,2847,2850,2721,-126,-4.43,2756,-91,-3.2,2710,2850,1400-7-17,2021-10-09
460,لسرما,سرما آفرين‌,384,973084,21488455720,22460,22800,21710,-750,-3.34,22080,-380,-1.69,21600,22800,1400-7-17,2021-10-09
461,تسه9912,امتياز تسهيلات مسكن اسفند99,383,5893,4461206535,725051,730000,761303,36252,5,757035,31984,4.41,727600,761303,1400-7-17,2021-10-09
462,غشان,شيرپاستوريزه‌پگاه‌خراسان‌,377,1911908,9038576454,4880,4900,4681,-199,-4.08,4785,-95,-1.95,4641,4900,1400-7-17,2021-10-09
463,سمايه,بانك سرمايه,377,6644701,27633159138,4039,4160,4160,121,3,4159,120,2.97,4052,4160,1400-7-17,2021-10-09
464,دتماد,توليدمواداوليه‌داروپخش‌,376,1226255,59906003970,48890,49100,48700,-190,-0.39,48850,-40,-0.08,48300,49300,1400-7-17,2021-10-09
465,پلوله,گازلوله‌,375,982734,30588799060,30355,31265,31265,910,3,31126,771,2.54,30315,31265,1400-7-17,2021-10-09
466,كنورح,ح توسعه معدني و صنعتي صبانور,370,2075882,29801080330,15030,15000,14300,-730,-4.86,14360,-670,-4.46,13810,15010,1400-7-17,2021-10-09
467,شدوص,دوده‌ صنعتي‌ پارس‌,370,981934,21028799470,22020,21720,20980,-1040,-4.72,21420,-600,-2.72,20920,21950,1400-7-17,2021-10-09
468,بسويچ,پارس‌سويچ‌,370,369612,7339824200,20600,20990,19970,-630,-3.06,20260,-340,-1.65,19570,20990,1400-7-17,2021-10-09
469,وشهر,بانك شهر,365,5181895,28942081706,5649,5874,5580,-69,-1.22,5596,-53,-0.94,5489,5874,1400-7-17,2021-10-09
470,زشگزا,شير و گوشت زاگرس شهركرد,365,3251678,18832155043,5902,6010,5710,-192,-3.25,5792,-110,-1.86,5620,6010,1400-7-17,2021-10-09
471,جوين,كشت و صنعت جوين,362,4435626,15063732474,3355,3455,3370,15,0.45,3396,41,1.22,3320,3455,1400-7-17,2021-10-09
472,فافزا,فولاد افزا سپاهان,361,223011,11429124206,51154,52430,51010,-144,-0.28,51249,95,0.19,50231,52430,1400-7-17,2021-10-09
473,اوان,مبين وان كيش,361,594229,17254125555,30322,30322,28806,-1516,-5,29036,-1286,-4.24,28806,30434,1400-7-17,2021-10-09
474,زكشت,كشاورزي مكانيزه اصفهان كشت,360,473382,10897491899,23666,23680,23139,-527,-2.23,23184,-482,-2.04,22483,24410,1400-7-17,2021-10-09
475,پكرمان,گروه‌ صنعتي‌ بارز,359,698482,16772361380,23770,24500,23950,180,0.76,23940,170,0.72,23780,24500,1400-7-17,2021-10-09
476,قتربت,قند تربت حيدريه,359,52619,2549864121,46152,48459,48459,2307,5,46712,560,1.21,48459,48459,1400-7-17,2021-10-09
477,زپارس,ملي كشت و صنعت و دامپروري پارس,354,167307,17275254750,101500,106500,102950,1450,1.43,103250,1750,1.72,101700,106500,1400-7-17,2021-10-09
478,داسوه,داروسازي‌ اسوه‌,353,612029,16553739300,28050,28390,26660,-1390,-4.96,27050,-1000,-3.57,26650,28390,1400-7-17,2021-10-09
479,سقاين,سيمان‌ قائن‌,349,434131,25035993910,56680,57850,59000,2320,4.09,57670,990,1.75,55000,59510,1400-7-17,2021-10-09
480,سپر,صندوق س سپر سرمايه بيدار- ثابت,348,9132805,117747354788,12869,12884,12896,27,0.21,12893,24,0.19,12870,12906,1400-7-17,2021-10-09
481,سفانو,سيمان فارس نو,347,987650,24203412150,25400,25200,24670,-730,-2.87,24510,-890,-3.5,24140,25900,1400-7-17,2021-10-09
482,سپاها,سيمان‌سپاهان‌,347,2047023,18777485220,9400,9220,9100,-300,-3.19,9170,-230,-2.45,9090,9380,1400-7-17,2021-10-09
483,وسرمد,بيمه  سرمد,345,6185989,33274731951,5323,5450,5434,111,2.09,5379,56,1.05,5215,5450,1400-7-17,2021-10-09
484,ركيشح,ح. كارت اعتباري ايران كيش,343,2407991,10133121558,4360,4210,4280,-80,-1.83,4208,-152,-3.49,4110,4470,1400-7-17,2021-10-09
485,اپرداز,آتيه داده پرداز,343,1102960,23079272410,20913,21312,20915,2,0.01,20925,12,0.06,20680,21312,1400-7-17,2021-10-09
486,وساغربي,شركت س استان آذربايجان غربي,342,18689094,9180672479,506,500,486,-20,-3.95,502,-4,-0.79,484,500,1400-7-17,2021-10-09
487,وآرين,شركت توسعه اقتصادي آرين,342,3056097,8575403054,2810,2750,2751,-59,-2.1,2807,-3,-0.11,2730,2894,1400-7-17,2021-10-09
488,واعتبار,سرمايه گذاري اعتبار ايران,341,1718016,12710874880,7770,7460,7390,-380,-4.89,7440,-330,-4.25,7390,7710,1400-7-17,2021-10-09
489,دجابر,داروسازي‌ جابرابن‌حيان‌,339,2083129,29079110950,14530,14010,13960,-570,-3.92,13960,-570,-3.92,13810,14950,1400-7-17,2021-10-09
490,وتوكا,سرمايه‌گذاري‌توكافولاد(هلدينگ,337,2017459,18983529300,9510,9650,9350,-160,-1.68,9410,-100,-1.05,9240,9650,1400-7-17,2021-10-09
491,لبوتان,گروه‌صنعتي‌بوتان‌,336,305663,17383198160,59380,56720,56420,-2960,-4.98,56870,-2510,-4.23,56420,60050,1400-7-17,2021-10-09
492,دامين,داروسازي‌ امين‌,335,2984803,10461761246,3553,3590,3441,-112,-3.15,3519,-34,-0.96,3410,3615,1400-7-17,2021-10-09
493,وحافظح,ح . بيمه حافظ,333,1744832,7291124493,4157,4067,4129,-28,-0.67,4179,22,0.53,4067,4281,1400-7-17,2021-10-09
494,سكه0012پ01,تمام سكه طرح جديد0012رفاه,333,128000,149834027500,1185516,1175200,1168001,-17515,-1.48,1170578,-14938,-1.26,1168000,1179999,1400-7-17,2021-10-09
495,حتوكا,حمل‌ونقل‌توكا,332,1000264,16544587140,17290,17280,16430,-860,-4.97,16540,-750,-4.34,16430,17280,1400-7-17,2021-10-09
496,ضسپا8044,اختيارخ خساپا-2500-1400/08/26,331,17640,199544000,19,16,11,-8,-42.11,11,-8,-42.11,8,17,1400-7-17,2021-10-09
497,غشهد,شهد ايران ‌,327,1716271,8836131540,5190,5080,5050,-140,-2.7,5170,-20,-0.39,5050,5350,1400-7-17,2021-10-09
498,ومعلم,بيمه معلم,327,2049133,7076616431,3496,3500,3461,-35,-1,3476,-20,-0.57,3410,3542,1400-7-17,2021-10-09
499,بنيرو,نيروترانس‌,326,3843350,9108019481,2424,2471,2375,-49,-2.02,2390,-34,-1.4,2320,2479,1400-7-17,2021-10-09
500,بموتو,موتوژن‌,325,192012,14593275520,78350,78000,75500,-2850,-3.64,76690,-1660,-2.12,74700,78990,1400-7-17,2021-10-09
501,حسينا,توسعه خدمات دريايي وبندري سينا,325,224913,11566045930,53315,55000,50710,-2605,-4.89,51804,-1511,-2.83,50650,55000,1400-7-17,2021-10-09
502,تسه9909,امتياز تسهيلات مسكن آذر99,323,4463,3434455224,738646,750000,775578,36932,5,769540,30894,4.18,723321,775578,1400-7-17,2021-10-09
503,چافست,افست‌,322,887614,10149527880,11670,11980,11270,-400,-3.43,11510,-160,-1.37,11220,11980,1400-7-17,2021-10-09
504,دعبيد,لابراتوارداروسازي‌  دكترعبيدي‌,322,587178,13771106760,23880,23400,23300,-580,-2.43,23740,-140,-0.59,23210,23850,1400-7-17,2021-10-09
505,وپترو,سرمايه‌گذاري صنايع پتروشيمي‌,321,2194640,29900656590,13940,13770,13390,-550,-3.95,13620,-320,-2.3,13270,13990,1400-7-17,2021-10-09
506,ولانا,شركت ليزينگ آريا دانا,321,691247,13087420239,19497,19230,18913,-584,-3,18933,-564,-2.89,18913,19230,1400-7-17,2021-10-09
507,غمارگ,مارگارين‌,320,796708,19697720450,25420,25420,24880,-540,-2.12,24720,-700,-2.75,24340,25780,1400-7-17,2021-10-09
508,تسه9810,امتياز تسهيلات مسكن دي98,315,9626,7569082313,763204,729000,800000,36796,4.82,786316,23112,3.03,729000,801364,1400-7-17,2021-10-09
509,بالاس,مهندسي ساختمان تاسيسات راه آهن,313,563497,25006741769,46372,44510,44054,-2318,-5,44378,-1994,-4.3,44054,46200,1400-7-17,2021-10-09
510,آكورد,صندوق س. آرمان آتي كوثر-د,311,3470681,119963779550,34513,34564,34570,57,0.17,34565,52,0.15,34564,34571,1400-7-17,2021-10-09
511,سپ,پرداخت الكترونيك سامان كيش,311,321473,10479952380,33960,32300,32780,-1180,-3.47,33740,-220,-0.65,32270,33500,1400-7-17,2021-10-09
512,دحاوي,الحاوي,310,3142296,19699051837,6454,6305,6261,-193,-2.99,6269,-185,-2.87,6261,6440,1400-7-17,2021-10-09
513,تيپيكو,سرمايه گذاري دارويي تامين,309,1526872,31946194120,21050,21100,20860,-190,-0.9,21010,-40,-0.19,20750,21250,1400-7-17,2021-10-09
514,سخزر,سيمان‌ خزر,305,861870,22117380230,26930,26260,25590,-1340,-4.98,25660,-1270,-4.72,25590,26750,1400-7-17,2021-10-09
515,زرين,صندوق س. سهام زرين كوروش-س,304,1376818,18912231388,13885,13908,13551,-334,-2.41,13736,-149,-1.07,13400,14100,1400-7-17,2021-10-09
516,تكنو,تكنوتار,304,1124496,13104277090,11770,12000,11700,-70,-0.59,11670,-100,-0.85,11300,12080,1400-7-17,2021-10-09
517,تسه9911,امتياز تسهيلات مسكن بهمن99,303,4060,3078325431,724128,730000,760334,36206,5,758208,34080,4.71,730000,760334,1400-7-17,2021-10-09
518,درهآور,دارويي ره آورد تامين,302,323629,8475851742,26457,27000,25531,-926,-3.5,26305,-152,-0.57,25500,27100,1400-7-17,2021-10-09
519,رتكو,كنترل‌خوردگي‌تكين‌كو,299,1004704,11892779270,11930,12160,11490,-440,-3.69,11860,-70,-0.59,11370,12240,1400-7-17,2021-10-09
520,غالبر,لبنيات‌ كالبر,299,993483,12442264710,13030,12510,12380,-650,-4.99,12590,-440,-3.38,12380,13300,1400-7-17,2021-10-09
521,بمپنا,توليد برق عسلويه  مپنا,299,2482747,15506994973,6536,6541,6210,-326,-4.99,6303,-233,-3.56,6210,6541,1400-7-17,2021-10-09
522,وهنر,گروه توسعه هنر ايران,299,2185499,9659063005,4537,4405,4401,-136,-3,4421,-116,-2.56,4401,4480,1400-7-17,2021-10-09
523,واتي,سرمايه‌ گذاري‌ آتيه‌ دماوند,297,2605544,28806655210,11410,11500,10860,-550,-4.82,11060,-350,-3.07,10850,11500,1400-7-17,2021-10-09
524,كطبس,ذغال‌سنگ‌ نگين‌ ط‌بس‌,296,270531,16744990110,63470,64690,61120,-2350,-3.7,61900,-1570,-2.47,60800,64690,1400-7-17,2021-10-09
525,خديزل,بهمن  ديزل,291,859390,46377832839,54437,55970,53869,-568,-1.04,53966,-471,-0.87,52803,55970,1400-7-17,2021-10-09
526,وآفري,بيمه كارآفرين,290,4251374,14420484115,3371,3421,3367,-4,-0.12,3392,21,0.62,3281,3470,1400-7-17,2021-10-09
527,وثوق,سرمايه گذاري وثوق امين,289,807689,11828883310,15013,15188,14563,-450,-3,14645,-368,-2.45,14563,15188,1400-7-17,2021-10-09
528,ولبهمن,شركت بهمن ليزينگ,288,2686741,19919576522,7719,7490,7341,-378,-4.9,7414,-305,-3.95,7340,7666,1400-7-17,2021-10-09
529,وصنا,گروه‌صنايع‌بهشهرايران‌,286,2288100,15428314640,6830,6900,6710,-120,-1.76,6740,-90,-1.32,6700,6920,1400-7-17,2021-10-09
530,تسه9910,امتياز تسهيلات مسكن دي99,279,4234,3216924984,728524,723111,764950,36426,5,759784,31260,4.29,723111,764950,1400-7-17,2021-10-09
531,تشتاد,صنايع توليدي اشتاد ايران‌,278,1763417,11071929579,6110,6128,6293,183,3,6279,169,2.77,6128,6293,1400-7-17,2021-10-09
532,ومشان,س. فني و مهندسي مشانير,278,161995,10405097481,65661,67823,65000,-661,-1.01,64231,-1430,-2.18,62378,67823,1400-7-17,2021-10-09
533,وسين,بيمه سينا,276,5627299,20432215762,3732,3700,3621,-111,-2.97,3631,-101,-2.71,3621,3740,1400-7-17,2021-10-09
534,وتوسم,سرمايه‌گذاري‌توسعه‌ملي‌,274,1778587,13909554780,7880,7880,7800,-80,-1.02,7820,-60,-0.76,7770,7890,1400-7-17,2021-10-09
535,فردا2,صندوق س آواي فرداي زاگرس-ثابت,272,27200000,27200000,11557,1,1,-11556,-99.99,1,-11556,-99.99,1,1,1400-7-17,2021-10-09
536,نهال,صندوق س. طلاي سرخ نوويرا,270,703863,7847989582,11807,11860,10839,-968,-8.2,11150,-657,-5.56,10820,11860,1400-7-17,2021-10-09
537,شفا,سرمايه گذاري شفادارو,269,380837,15887083980,43380,41670,41220,-2160,-4.98,42040,-1340,-3.09,41220,43800,1400-7-17,2021-10-09
538,سفاسي,شركت فارسيت اهواز,269,1952920,9234383272,4866,4849,4721,-145,-2.98,4735,-131,-2.69,4721,4849,1400-7-17,2021-10-09
539,فلامي,لاميران‌,267,394088,8990265360,23000,23770,22620,-380,-1.65,22890,-110,-0.48,22500,23770,1400-7-17,2021-10-09
540,شفارا,پتروشيمي فارابي,267,3321601,26919934593,8344,8500,8094,-250,-3,8105,-239,-2.86,8094,8500,1400-7-17,2021-10-09
541,كامياب,صندوق س. كامياب آشنا-د,266,2369374,25245296022,10639,10647,10656,17,0.16,10655,16,0.15,10646,10656,1400-7-17,2021-10-09
542,واميد,گروه مديريت سرمايه گذاري اميد,266,1210897,15328794860,12580,12610,12600,20,0.16,12590,10,0.08,12490,13040,1400-7-17,2021-10-09
543,ساراب,سيمان‌ داراب‌,265,607879,10919648290,18520,18000,17890,-630,-3.4,18100,-420,-2.27,17850,18300,1400-7-17,2021-10-09
544,فبيرا,بسته‌ بندي‌ ايران‌,264,4192731,8386926454,2005,2047,1980,-25,-1.25,2001,-4,-0.2,1950,2050,1400-7-17,2021-10-09
545,فاما,صنعتي‌ آما,262,838570,15170403500,18890,18890,17960,-930,-4.92,18090,-800,-4.24,17950,19000,1400-7-17,2021-10-09
546,شستان,پتروشيمي گلستان,259,2159808,7644232798,3500,3460,3570,70,2,3539,39,1.11,3460,3570,1400-7-17,2021-10-09
547,سخوز,سيمان خوزستان,256,644089,16366770050,26150,25030,25100,-1050,-4.02,25410,-740,-2.83,25000,26170,1400-7-17,2021-10-09
548,وسپه,سرمايه‌گذاري‌ سپه‌,255,830279,6919445560,8520,8750,8270,-250,-2.93,8490,-30,-0.35,8250,8750,1400-7-17,2021-10-09
549,آساميد,صندوق س.مشترك آسمان اميد -د,252,7495210,98516807446,13123,13149,13148,25,0.19,13144,21,0.16,13143,13149,1400-7-17,2021-10-09
550,غپآذر,شير پگاه آذربايجان شرقي,252,229728,9112001839,40560,40304,39202,-1358,-3.35,40004,-556,-1.37,39000,40304,1400-7-17,2021-10-09
551,خپويش,سازه‌ پويش‌,248,138536,10512721970,79340,76210,75380,-3960,-4.99,76810,-2530,-3.19,75380,81210,1400-7-17,2021-10-09
552,سهگمت,سيمان‌هگمتان‌,247,454804,11091640340,25250,25640,24010,-1240,-4.91,24590,-660,-2.61,24010,25640,1400-7-17,2021-10-09
553,حپارسا,توسعه حمل و نقل ريلي پارسيان,243,427221,15771124054,36734,36734,35930,-804,-2.19,36916,182,0.5,35910,37800,1400-7-17,2021-10-09
554,شكبير,پتروشيمي اميركبير,243,250235,24174595207,98755,98810,95794,-2961,-3,98224,-531,-0.54,95794,98829,1400-7-17,2021-10-09
555,نطرين,عطرين نخ قم,243,2627390,19587192450,7100,7455,7455,355,5,7455,355,5,7455,7455,1400-7-17,2021-10-09
556,كميناح,ح . شيشه سازي مينا,241,1948974,16564517817,8569,8400,8312,-257,-3,8499,-70,-0.82,8312,8819,1400-7-17,2021-10-09
557,تسه9907,امتياز تسهيلات مسكن مهر99,241,3013,2288153143,730433,723555,766954,36521,5,759427,28994,3.97,720000,766954,1400-7-17,2021-10-09
558,تسه9902,امتياز تسهيلات مسكن ارديبهشت99,240,3998,3025863856,731784,710000,768373,36589,5,756844,25060,3.42,701300,768373,1400-7-17,2021-10-09
559,شگل,گلتاش‌,239,752561,5770942560,7670,7860,7620,-50,-0.65,7670,0,0,7520,7860,1400-7-17,2021-10-09
560,سپاس,صندوق س. پاداش سهامداري-ثابت,239,5900625,59071762206,10166,10012,10010,-156,-1.53,10011,-155,-1.52,10010,10014,1400-7-17,2021-10-09
561,حبندر,دريايي و کشتيراني خط دريابندر,239,2593615,76228938465,28535,29391,29391,856,3,29391,856,3,29391,29391,1400-7-17,2021-10-09
562,لوتوس,تامين سرمايه لوتوس پارسيان,238,1697927,9851030840,5860,5940,5800,-60,-1.02,5840,-20,-0.34,5770,5940,1400-7-17,2021-10-09
563,كگهر,سنگ آهن گهرزمين,237,431495,19274977676,45316,44810,44999,-317,-0.7,45211,-105,-0.23,44470,45100,1400-7-17,2021-10-09
564,خبازرس,بازرسي مهندسي و صنعتي ايران,237,469627,11883566555,25690,25410,25560,-130,-0.51,25304,-386,-1.5,25050,25860,1400-7-17,2021-10-09
565,وارس,سرمايه گذاري ارس صبا,235,2131377,26328875925,12714,13050,12333,-381,-3,12353,-361,-2.84,12333,13050,1400-7-17,2021-10-09
566,كصدف,كاشي صدف سرام استقلال آباده,234,695286,15920048704,22268,22936,22936,668,3,22897,629,2.82,22300,22936,1400-7-17,2021-10-09
567,بساما,بيمه سامان,232,502373,11506878210,22722,23161,22900,178,0.78,22834,112,0.49,22067,23490,1400-7-17,2021-10-09
568,وبشهر,توسعه‌ صنايع‌ بهشهر(هلدينگ,232,2333723,30555038970,13230,12950,12990,-240,-1.81,13130,-100,-0.76,12930,13280,1400-7-17,2021-10-09
569,كخاك,صنايع‌خاك‌چيني‌ايران‌,231,359698,11041133370,30920,31100,30460,-460,-1.49,30790,-130,-0.42,30160,31280,1400-7-17,2021-10-09
570,تمحركه,ماشين سازي نيرو محركه,231,1329837,20629664434,15082,15530,15534,452,3,15513,431,2.86,15001,15534,1400-7-17,2021-10-09
571,تسه9809,امتياز تسهيلات مسكن آذر98,230,4472,3505119880,764226,729000,802437,38211,5,783792,19566,2.56,728510,802437,1400-7-17,2021-10-09
572,دابور,داروسازي‌ ابوريحان‌,229,171429,4733191930,27650,27100,27500,-150,-0.54,27640,-10,-0.04,27100,27950,1400-7-17,2021-10-09
573,كي بي سي,شركت كي بي سي,229,340494,7620255853,22765,23674,22000,-765,-3.36,22566,-199,-0.87,21754,23674,1400-7-17,2021-10-09
574,معيار ,سرمايه گذاري معيار صنعت پارس,227,186507,8875717145,48584,48740,48000,-584,-1.2,47683,-901,-1.85,47127,48740,1400-7-17,2021-10-09
575,ركيش,كارت اعتباري ايران كيش,227,805200,5771449400,7360,7670,7130,-230,-3.13,7300,-60,-0.82,7020,7670,1400-7-17,2021-10-09
576,كشرق,صنعتي و معدني شمال شرق شاهرود,226,149176,11558737901,77509,75901,76900,-609,-0.79,77490,-19,-0.02,75901,79858,1400-7-17,2021-10-09
577,سهرمز,سيمان‌هرمزگان‌,225,321652,5119740100,16530,16500,15730,-800,-4.84,16310,-220,-1.33,15710,16500,1400-7-17,2021-10-09
578,كگاز,شيشه‌ و گاز,224,383262,7567099820,20380,19660,19580,-800,-3.93,20050,-330,-1.62,19390,20520,1400-7-17,2021-10-09
579,فن آوا,گروه فن آوا,223,3640399,78167259347,22128,22000,21465,-663,-3,21472,-656,-2.96,21465,22050,1400-7-17,2021-10-09
580,كاسپين,داروسازي كاسپين تامين,223,417624,11116415731,27075,27000,26566,-509,-1.88,26731,-344,-1.27,26050,27120,1400-7-17,2021-10-09
581,دكيمي,كيميدارو,223,245936,5750431360,24170,24420,23500,-670,-2.77,23860,-310,-1.28,23150,24420,1400-7-17,2021-10-09
582,سشمال,سيمان‌ شمال‌,222,2941785,26302109440,9390,9250,8930,-460,-4.9,8940,-450,-4.79,8930,9510,1400-7-17,2021-10-09
583,بخاور,بيمه زندگي خاورميانه,221,1550923,8163910154,5411,5379,5324,-87,-1.61,5329,-82,-1.52,5141,5529,1400-7-17,2021-10-09
584,سكرما,سيمان‌ كرمان‌,221,662323,9857748150,15220,15680,14570,-650,-4.27,14990,-230,-1.51,14550,15680,1400-7-17,2021-10-09
585,كپرور,فرآوري زغال سنگ پروده طبس,221,260011,9706662497,38198,37312,37879,-319,-0.84,37624,-574,-1.5,36311,38930,1400-7-17,2021-10-09
586,مفاخر,توسعه فناوري اطلاعات خوارزمي,220,359887,15631853604,45678,43490,43395,-2283,-5,43435,-2243,-4.91,43395,43490,1400-7-17,2021-10-09
587,فيروزه,صندوق شاخص30 شركت فيروزه- سهام,220,155862,28098871520,182710,182710,177040,-5670,-3.1,180280,-2430,-1.33,177040,182720,1400-7-17,2021-10-09
588,دارو,كارخانجات‌داروپخش‌,219,206925,6259700140,31130,30450,30230,-900,-2.89,30830,-300,-0.96,30000,30900,1400-7-17,2021-10-09
589,هجرت,پخش هجرت,218,484519,16263431369,33829,34600,33102,-727,-2.15,33566,-263,-0.78,33101,34600,1400-7-17,2021-10-09
590,اتكامح,ح . بيمه اتكايي امين,217,1719083,4005805310,2406,2303,2267,-139,-5.78,2330,-76,-3.16,2260,2500,1400-7-17,2021-10-09
591,فسا,پتروشيمي فسا,214,3219451,4053172977,1250,1250,1286,36,2.88,1254,4,0.32,1213,1287,1400-7-17,2021-10-09
592,وسنا,سرمايه گذاري نيروگاهي ايران,214,1325853,18529838366,14369,14060,13938,-431,-3,13992,-377,-2.62,13938,14799,1400-7-17,2021-10-09
593,ما,بيمه  ما,214,1214954,9358474980,7820,7750,7690,-130,-1.66,7750,-70,-0.9,7660,7880,1400-7-17,2021-10-09
594,ثاصفا,شركت‌ ساختمان‌ اصفهان‌,213,468459,7163846647,15593,15900,15126,-467,-2.99,15373,-220,-1.41,15126,15900,1400-7-17,2021-10-09
595,سكرد,سيمان كردستان,211,2008304,12124391200,6120,6190,6010,-110,-1.8,6050,-70,-1.14,5850,6190,1400-7-17,2021-10-09
596,كاريس,صندوق س.سپهر كاريزما-س,211,1051006,15075567549,14685,14720,14216,-469,-3.19,14344,-341,-2.32,14201,14720,1400-7-17,2021-10-09
597,ضسپا8043,اختيارخ خساپا-2000-1400/08/26,210,11015,774660000,98,93,56,-42,-42.86,70,-28,-28.57,49,93,1400-7-17,2021-10-09
598,پارتا,مجتمع‌صنعتي‌آرتاويل‌تاير,208,398460,10613106225,27171,27180,26950,-221,-0.81,26929,-242,-0.89,26356,27180,1400-7-17,2021-10-09
599,آبين,كشت و صنعت آبشيرين,206,3600470,8095245874,2300,2260,2231,-69,-3,2257,-43,-1.87,2231,2273,1400-7-17,2021-10-09
600,نيرو,نيرو سرمايه,205,365405,16459537152,45383,45530,45000,-383,-0.84,45045,-338,-0.74,44022,46490,1400-7-17,2021-10-09
601,ضخود1049,اختيارخ خودرو-1400-1400/10/08,205,7413,4595671000,695,695,615,-80,-11.51,620,-75,-10.79,607,695,1400-7-17,2021-10-09
602,زگلدشت,كشت و دام گلدشت نمونه اصفهان,204,614392,6260610910,10396,10340,10080,-316,-3.04,10308,-88,-0.85,10000,10430,1400-7-17,2021-10-09
603,پسهند,صنايع‌ لاستيكي‌  سهند,203,337621,10103030130,29780,29830,29890,110,0.37,29880,100,0.34,29320,30320,1400-7-17,2021-10-09
604,فكمند,گسترش قطعه سازي كمند,203,479343,16720130633,35061,36112,34699,-362,-1.03,34881,-180,-0.51,34037,36112,1400-7-17,2021-10-09
605,دالبر,البرزدارو,198,650355,9644319020,14870,15060,14730,-140,-0.94,14850,-20,-0.13,14350,15130,1400-7-17,2021-10-09
606,فلات,گروه صنايع معادن فلات ايرانيان,198,1092603,15697259835,13951,14360,14369,418,3,14367,416,2.98,14000,14369,1400-7-17,2021-10-09
607,سيدكو,سرمايه گذاري توسعه صنايع سيمان,198,1254419,8028441040,6430,6320,6420,-10,-0.16,6410,-20,-0.31,6300,6480,1400-7-17,2021-10-09
608,غپونه,نوش پونه مشهد,196,303833,4127402821,13685,14095,13500,-185,-1.35,13643,-42,-0.31,13275,14095,1400-7-17,2021-10-09
609,ثجوان,تامين مسكن جوانان,196,671998,4743068440,7269,7330,7051,-218,-3,7166,-103,-1.42,7051,7330,1400-7-17,2021-10-09
610,مارون,پتروشيمي مارون,195,36407,6645088120,185355,185300,181620,-3735,-2.02,185164,-191,-0.1,181500,186000,1400-7-17,2021-10-09
611,قيستو,شركت قند بيستون,194,956558,21723239948,23114,23400,22421,-693,-3,22710,-404,-1.75,22421,23600,1400-7-17,2021-10-09
612,تسه9808,امتياز تسهيلات مسكن آبان98,191,4862,3769245379,749530,759995,787006,37476,5,775246,25716,3.43,730000,787006,1400-7-17,2021-10-09
613,دقاضي,داروسازي شهيد قاضي,188,191412,6333432546,32657,32630,31681,-976,-2.99,32900,243,0.74,31678,33635,1400-7-17,2021-10-09
614,صايند,صندوق س. گنجينه آينده روشن-د,187,1804400,18199399500,10085,10128,10076,-9,-0.09,10086,1,0.01,10060,10128,1400-7-17,2021-10-09
615,ثتوسا,س.توسعه و عمران استان اردبيل,187,312400,7496301886,24659,23950,23920,-739,-3,24148,-511,-2.07,23920,24893,1400-7-17,2021-10-09
616,لخانه,لوازم‌ خانگي‌ پارس‌,186,431223,8944965791,21320,21180,20681,-639,-3,20790,-530,-2.49,20681,21300,1400-7-17,2021-10-09
617,قزوين,كارخانجات‌ قند قزوين‌,186,219341,7018276460,32880,33700,32000,-880,-2.68,32460,-420,-1.28,31240,33700,1400-7-17,2021-10-09
618,غگيلا,شيرپاستوريزه پگاه گيلان,182,403355,8006596750,20894,19850,19850,-1044,-5,20307,-587,-2.81,19850,19850,1400-7-17,2021-10-09
619,وپخش,داروپخش‌ (هلدينگ‌,181,145632,4643257230,32310,33440,31680,-630,-1.95,32270,-40,-0.12,31110,33440,1400-7-17,2021-10-09
620,تكنار,مجتمع معادن مس تكنار,176,48413,3394301408,70501,70439,71100,599,0.85,70368,-133,-0.19,68600,71560,1400-7-17,2021-10-09
621,دفارا,داروسازي‌ فارابي‌,175,238214,4085773020,17620,18300,17070,-550,-3.12,17490,-130,-0.74,17070,18300,1400-7-17,2021-10-09
622,گوهران,سرمايه گذاري توسعه گوهران اميد,175,1399737,7002340715,5086,5130,4961,-125,-2.46,5046,-40,-0.79,4953,5130,1400-7-17,2021-10-09
623,تسه9906,امتياز تسهيلات مسكن شهريور99,174,2113,1608167104,734942,698919,771689,36747,5,761082,26140,3.56,698919,771689,1400-7-17,2021-10-09
624,عيار,صندوق سكه طلاي مفيد,174,270189,8033751045,30150,30050,29660,-490,-1.63,29734,-416,-1.38,29600,30050,1400-7-17,2021-10-09
625,تسه9904,امتياز تسهيلات مسكن تير99,169,1940,1471336043,726708,712156,762900,36192,4.98,758421,31713,4.36,712156,763043,1400-7-17,2021-10-09
626,وتعاونح,ح . بيمه  تعاون,169,5129965,3447350298,691,671,671,-20,-2.89,672,-19,-2.75,671,688,1400-7-17,2021-10-09
627,اخزا910,اسنادخزانه-م10بودجه99-020807,166,240377,156003208632,648057,648000,648230,173,0.03,648994,937,0.14,647778,649501,1400-7-17,2021-10-09
628,فخاس,فولاد خراسان,164,197901,5198070710,27180,27170,26300,-880,-3.24,27130,-50,-0.18,26000,27170,1400-7-17,2021-10-09
629,ضسپا8041,اختيارخ خساپا-1600-1400/08/26,163,5094,1481445000,353,321,270,-83,-23.51,291,-62,-17.56,264,321,1400-7-17,2021-10-09
630,تماوند,تامين سرمايه دماوند,162,621133,4473620080,7232,7370,7190,-42,-0.58,7225,-7,-0.1,7120,7370,1400-7-17,2021-10-09
631,گنگين,اقتصادي نگين گردشگري ايرانيان,162,1337679,32828494098,24553,25170,24553,0,0,24541,-12,-0.05,24282,25180,1400-7-17,2021-10-09
632,تسه9903,امتياز تسهيلات مسكن خرداد99,161,1314,995483857,727191,730000,763550,36359,5,757598,30407,4.18,700049,763550,1400-7-17,2021-10-09
633,سرود,سيمان‌شاهرود,161,269320,6760736040,25930,25990,24700,-1230,-4.74,25540,-390,-1.5,24660,26350,1400-7-17,2021-10-09
634,تسه9811,امتياز تسهيلات مسكن بهمن98,160,1150,892719962,754642,717500,792278,37636,4.99,776278,21636,2.87,717500,792374,1400-7-17,2021-10-09
635,كساپا,سايپاشيشه‌,157,607055,14887158310,25710,24690,24430,-1280,-4.98,24520,-1190,-4.63,24430,25000,1400-7-17,2021-10-09
636,تسه9905,امتياز تسهيلات مسكن مرداد99,157,3993,3023393751,727774,724106,764162,36388,5,757173,29399,4.04,724106,764162,1400-7-17,2021-10-09
637,ضخود1050,اختيارخ خودرو-1600-1400/10/08,156,5170,2415040000,547,510,460,-87,-15.9,467,-80,-14.63,449,510,1400-7-17,2021-10-09
638,قاسم,قاسم ايران,156,3627485,16425252080,4313,4528,4528,215,4.98,4528,215,4.98,4528,4528,1400-7-17,2021-10-09
639,ضخود1051,اختيارخ خودرو-1800-1400/10/08,154,6448,2285262000,404,371,343,-61,-15.1,354,-50,-12.38,340,372,1400-7-17,2021-10-09
640,قشير,قند شيروان قوچان و بجنورد,152,600322,13732365750,21786,22875,22875,1089,5,22736,950,4.36,22875,22875,1400-7-17,2021-10-09
641,سنوين,سرمايه گذاري اقتصاد نوين,149,431938,3360281525,7874,7990,7750,-124,-1.57,7842,-32,-0.41,7638,7990,1400-7-17,2021-10-09
642,شساخت,مهندسي و ساختمان صنايع نفت,147,180019,8192496383,46059,44902,45690,-369,-0.8,45961,-98,-0.21,44678,46527,1400-7-17,2021-10-09
643,وگردش,بانك گردشگري,146,6496396,74721546792,11857,11502,11502,-355,-2.99,11502,-355,-2.99,11502,11502,1400-7-17,2021-10-09
644,ولتجار,واسپاري تجارت وسرمايه ايرانيان,146,3461324,12640755248,3546,3652,3652,106,2.99,3652,106,2.99,3652,3652,1400-7-17,2021-10-09
645,تسه9812,امتياز تسهيلات مسكن اسفند98,143,1143,877884068,740380,730000,777399,37019,5,768053,27673,3.74,730000,777399,1400-7-17,2021-10-09
646,ارمغان,ص سرمايه گذاري ارمغان ايرانيان,143,1469231,14708089655,10159,10017,10017,-142,-1.4,10011,-148,-1.46,10007,10019,1400-7-17,2021-10-09
647,اتكام,بيمه اتكايي امين,142,1617518,6126166909,3830,3960,3721,-109,-2.85,3812,-18,-0.47,3705,3960,1400-7-17,2021-10-09
648,تسه9901,امتياز تسهيلات مسكن فروردين99,138,1008,768756188,733179,730000,769837,36658,5,762655,29476,4.02,730000,769837,1400-7-17,2021-10-09
649,اخزا006,اسنادخزانه-م6بودجه00-030723,138,444558,234272115540,528181,526056,527398,-783,-0.15,526978,-1203,-0.23,524035,530990,1400-7-17,2021-10-09
650,كيان2,صندوق س. با درآمد ثابت كيان,135,13500000,13500000,30903,1,1,-30902,-100,1,-30902,-100,1,1,1400-7-17,2021-10-09
651,سدشت,صنايع سيمان دشتستان,132,155171,6433079400,43510,44000,41340,-2170,-4.99,42840,-670,-1.54,41340,44000,1400-7-17,2021-10-09
652,ضپاس7029,اختيارخ وپارس-2500-1400/07/28,129,5876,623930000,250,350,102,-148,-59.2,106,-144,-57.6,91,350,1400-7-17,2021-10-09
653,ماني,صندوق س. با درآمد ثابت ماني,127,1331566,13694495536,10270,10285,10286,16,0.16,10285,15,0.15,10284,10286,1400-7-17,2021-10-09
654,دپارس,پارس‌ دارو,127,151557,5186708890,35020,34700,33730,-1290,-3.68,34740,-280,-0.8,33730,35250,1400-7-17,2021-10-09
655,گوهر,صندوق سكه طلاي كيان,124,95875,5617073444,59453,59500,58800,-653,-1.1,58587,-866,-1.46,58500,59500,1400-7-17,2021-10-09
656,وزمين,بانك ايران زمين,124,1175484,12146073343,10220,10300,10300,80,0.78,10303,83,0.81,10300,10510,1400-7-17,2021-10-09
657,وايرا,سرمايه گذاري صنايع ايران,122,887905,5708529796,6477,6639,6351,-126,-1.95,6450,-27,-0.42,6340,6639,1400-7-17,2021-10-09
658,دفرا,فرآورده‌هاي‌ تزريقي‌ ايران‌,121,87633,2588059280,29460,29990,29350,-110,-0.37,29470,10,0.03,29010,30430,1400-7-17,2021-10-09
659,ضشنا8004,اختيارخ شپنا-10800-1400/08/16,120,1069,3821722000,4011,3820,3395,-616,-15.36,3575,-436,-10.87,3199,4000,1400-7-17,2021-10-09
660,ساينا,صنايع بهداشتي ساينا,120,58848,7277202528,117773,123661,123661,5888,5,120494,2721,2.31,123661,123661,1400-7-17,2021-10-09
661,آساس,صندوق س.آسمان آرماني سهام-س,117,53221,9574833035,181796,183000,179001,-2795,-1.54,179907,-1889,-1.04,179001,183000,1400-7-17,2021-10-09
662,فاهواز,نورد و لوله اهواز,114,801570,5276735310,6454,6583,6583,129,2,6500,46,0.71,6583,6583,1400-7-17,2021-10-09
663,شاملا,معدني‌ املاح‌  ايران‌,113,88631,3062334480,35160,34940,34350,-810,-2.3,35030,-130,-0.37,33910,34940,1400-7-17,2021-10-09
664,قپيرا,فرآورده‌هاي‌غدايي‌وقندپيرانشهر,113,247652,2101267510,8530,8410,8500,-30,-0.35,8520,-10,-0.12,8410,8670,1400-7-17,2021-10-09
665,شزنگ,تجهيزنيروي‌زنگان‌,107,52789,6642641669,129089,126355,125217,-3872,-3,126871,-2218,-1.72,125217,132000,1400-7-17,2021-10-09
666,دسينا,داروسازي‌ سينا,107,275971,5510775400,20340,20000,19550,-790,-3.88,20200,-140,-0.69,19510,20750,1400-7-17,2021-10-09
667,سحرخيز,صندوق س. گروه زعفران سحرخيز,106,174977,1790234019,10666,10324,10170,-496,-4.65,10231,-435,-4.08,10050,10500,1400-7-17,2021-10-09
668,سمتاز,سيمان ممتازان كرمان,102,386975,7318023164,19484,19070,18900,-584,-3,19052,-432,-2.22,18900,19200,1400-7-17,2021-10-09
669,شصفها,پتروشيمي‌ اصفهان‌,102,45420,6451653467,144477,147364,141588,-2889,-2,143556,-921,-0.64,141588,147364,1400-7-17,2021-10-09
670,سلار,شركت سيمان لارستان,100,337982,9586859430,27539,28365,28365,826,3,28308,769,2.79,28365,28365,1400-7-17,2021-10-09
671,خاتم,صندوق س خاتم ايساتيس پويا-ثابت,99,587985,7113908465,12090,12099,12100,10,0.08,12099,9,0.07,12098,12102,1400-7-17,2021-10-09
672,قنقش,قند نقش جهان,98,410069,39225970333,93782,95657,95657,1875,2,95657,1875,2,95657,95657,1400-7-17,2021-10-09
673,حشكوه,دليجان طلايي شكوه پارس,98,1770327,4494441146,2614,2551,2536,-78,-2.98,2579,-35,-1.34,2536,2610,1400-7-17,2021-10-09
674,اخزا903,اسنادخزانه-م3بودجه99-011110,98,263645,202204451633,767113,767113,768300,1187,0.15,766957,-156,-0.02,762226,768500,1400-7-17,2021-10-09
675,شكام,صنايع شيميايي كيمياگران امروز,95,443947,13919070291,29860,31353,31353,1493,5,31179,1319,4.42,31353,31353,1400-7-17,2021-10-09
676,وامين,س. امين توان آفرين ساز,95,243528,3126478207,12833,12897,12850,17,0.13,12833,0,0,12833,12899,1400-7-17,2021-10-09
677,زر,صندوق س.پشتوانه سكه طلاي زر,94,41900,2113350296,51295,51000,50440,-855,-1.67,50438,-857,-1.67,50200,51000,1400-7-17,2021-10-09
678,دشيري,شيرين دارو,93,22435,3625343204,165556,168900,160590,-4966,-3,164084,-1472,-0.89,160590,168900,1400-7-17,2021-10-09
679,بذر,صندوق س بذر اميد آفرين-سهام,91,53028,5623533480,104560,106890,102000,-2560,-2.45,106050,1490,1.43,101240,115010,1400-7-17,2021-10-09
680,فراز,صندوق س.سهام فراز داريك-س,91,652454,9237041601,14150,14142,14155,5,0.04,14157,7,0.05,14142,14175,1400-7-17,2021-10-09
681,اوصتا,صندوق انديشه ورزان صباتامين -د,90,3236363,65092538527,20094,20113,20115,21,0.1,20113,19,0.09,20111,20115,1400-7-17,2021-10-09
682,اخزا002,اسنادخزانه-م2بودجه00-031024,88,163081,81654727677,500025,500121,501000,975,0.19,500700,675,0.13,500110,501500,1400-7-17,2021-10-09
683,ضسپا8042,اختيارخ خساپا-1800-1400/08/26,83,3397,502921000,202,175,131,-71,-35.15,148,-54,-26.73,131,175,1400-7-17,2021-10-09
684,حخزر,كشتيراني درياي خزر,83,115341,2317777222,20413,20450,20133,-280,-1.37,20363,-50,-0.24,19520,20999,1400-7-17,2021-10-09
685,وليز,ليزينگ‌ايران‌,80,1450865,3203509920,2103,2208,2208,105,4.99,2124,21,1,2208,2208,1400-7-17,2021-10-09
686,اخزا901,اسنادخزانه-م1بودجه99-010621,79,60822,50366369004,827647,811002,828996,1349,0.16,828095,448,0.05,811001,829000,1400-7-17,2021-10-09
687,اخزا902,اسنادخزانه-م2بودجه99-011019,78,139382,108414007367,776693,777200,778500,1807,0.23,777819,1126,0.14,776110,778500,1400-7-17,2021-10-09
688,قجام,فرآوردههاي غذايي وقندتربت‌جام‌,77,701786,4068253442,5684,5797,5797,113,1.99,5774,90,1.58,5797,5797,1400-7-17,2021-10-09
689,اخزا911,اسنادخزانه-م11بودجه99-020906,75,315886,201429308587,636000,635111,637323,1323,0.21,637665,1665,0.26,635111,640000,1400-7-17,2021-10-09
690,حرهشا,رهشاد سپاهان (سهامي عام,74,66695,7668190930,111626,114974,114974,3348,3,114603,2977,2.67,114974,114974,1400-7-17,2021-10-09
691,فنفتح,ح . صنايع تجهيزات نفت,72,263706,3424749822,13388,12987,12987,-401,-3,12987,-401,-3,12987,12987,1400-7-17,2021-10-09
692,دارا,صندوق س. دارا الگوريتم-د,72,586866,5880656927,9998,10020,10023,25,0.25,10020,22,0.22,10019,10024,1400-7-17,2021-10-09
693,فنفت,صنايع تجهيزات نفت,71,80312,1347510466,17277,17090,16759,-518,-3,17208,-69,-0.4,16759,17090,1400-7-17,2021-10-09
694,ثزاگرس,سرمايه گذاري توسعه عمران زاگرس,71,255132,8876807676,33137,34793,34793,1656,5,34537,1400,4.22,34793,34793,1400-7-17,2021-10-09
695,آتيمس,صندوق س.آرمان آتيه درخشان مس-س,70,23454,4656891330,201598,201402,196681,-4917,-2.44,198554,-3044,-1.51,195582,201402,1400-7-17,2021-10-09
696,سكه0012پ04,تمام سكه طرح جديد0012صادرات,68,21600,25258336100,1183350,1177100,1167251,-16099,-1.36,1169367,-13983,-1.18,1165000,1177100,1400-7-17,2021-10-09
697,وبازار,صندوق س شاخصي بازارآشنا,66,357147,4526093410,12810,12820,12560,-250,-1.95,12670,-140,-1.09,12500,12820,1400-7-17,2021-10-09
698,اخزا914,اسنادخزانه-م14بودجه99-021025,64,225050,139554479247,619376,618514,620650,1274,0.21,620104,728,0.12,618514,621500,1400-7-17,2021-10-09
699,افق ملت,صندوق س در سهام افق ملت,63,26781,4088306810,153820,154500,151500,-2320,-1.51,152660,-1160,-0.75,151500,154500,1400-7-17,2021-10-09
700,اخزا001,اسنادخزانه-م1بودجه00-030821,63,181901,94471182266,520318,518999,520000,-318,-0.06,519355,-963,-0.19,518000,520000,1400-7-17,2021-10-09
701,ضسپا8040,اختيارخ خساپا-1400-1400/08/26,62,3664,1604184000,514,461,430,-84,-16.34,438,-76,-14.79,423,461,1400-7-17,2021-10-09
702,ضشنا8005,اختيارخ شپنا-12800-1400/08/16,60,384,736315000,2212,2440,1899,-313,-14.15,1917,-295,-13.34,1613,2440,1400-7-17,2021-10-09
703,ضملت8043,اختيارخ وبملت-4434-1400/08/19,59,4696,281207000,102,100,38,-64,-62.75,60,-42,-41.18,35,100,1400-7-17,2021-10-09
704,اخزا004,اسنادخزانه-م4بودجه00-030522,57,65617,36034935733,549365,549300,548673,-692,-0.13,549171,-194,-0.04,548673,550000,1400-7-17,2021-10-09
705,سجام,مجتمع سيمان غرب آسيا,56,2456426,10157321510,4262,4135,4135,-127,-2.98,4135,-127,-2.98,4135,4135,1400-7-17,2021-10-09
706,اخزا007,اسنادخزانه-م7بودجه00-030912,55,122537,62993357119,511294,525000,512999,1705,0.33,514076,2782,0.54,510300,525000,1400-7-17,2021-10-09
707,ضجار7040,اختيارخ وتجارت-2497-1400/07/21,53,2335,2336000,3,1,1,-2,-66.67,1,-2,-66.67,1,2,1400-7-17,2021-10-09
708,ضپال2007,اختيارخ اپال-32000-1401/02/12,53,853,634475000,884,900,680,-204,-23.08,744,-140,-15.84,670,900,1400-7-17,2021-10-09
709,اخزا008,اسنادخزانه-م8بودجه00-030919,52,75975,38794593860,509763,509560,512000,2237,0.44,510623,860,0.17,509540,512000,1400-7-17,2021-10-09
710,تابا,تابان نيرو سپاهان,51,224827,8375030577,38403,37251,37251,-1152,-3,37408,-995,-2.59,37251,37251,1400-7-17,2021-10-09
711,كهرام,توليدي گرانيت بهسرام,46,26860,2433462280,88822,90598,90598,1776,2,89669,847,0.95,90598,90598,1400-7-17,2021-10-09
712,فيروزا,صندوق بادرآمد ثابت فيروزه آسيا,43,72636,1824092342,25104,25249,25115,11,0.04,25113,9,0.04,25078,25249,1400-7-17,2021-10-09
713,صنوين,صندوق سرمايه‌گذاري صنوين-مختلط,42,15278,1535832890,102910,102360,100890,-2020,-1.96,100530,-2380,-2.31,99910,102360,1400-7-17,2021-10-09
714,كامياب2,صندوق س. كامياب آشنا-د,40,4000000,4000000,10639,1,1,-10638,-99.99,1,-10638,-99.99,1,1,1400-7-17,2021-10-09
715,آرمان,بيمه آرمان,39,179396,1131466422,6502,6310,6307,-195,-3,6479,-23,-0.35,6307,6310,1400-7-17,2021-10-09
716,اخزا909,اسنادخزانه-م9بودجه99-020316,38,184260,131178245610,709887,710952,711720,1833,0.26,711919,2032,0.29,709500,712501,1400-7-17,2021-10-09
717,ضصاد1113,اختيارخ وبصادر-2000-1400/11/06,37,1117,591752000,618,599,508,-110,-17.8,530,-88,-14.24,461,600,1400-7-17,2021-10-09
718,الماس,صندوق س.امين تدبيرگران فردا-س,36,7066,856682702,121643,123999,120600,-1043,-0.86,121240,-403,-0.33,120500,123999,1400-7-17,2021-10-09
719,ساروج,بين المللي ساروج بوشهر,36,49776,849166350,17298,17453,17000,-298,-1.72,17277,-21,-0.12,16900,17453,1400-7-17,2021-10-09
720,سكه0112پ03,تمام سكه طرح جديد0112سامان,35,9700,11355055300,1186264,1198499,1168000,-18264,-1.54,1170624,-15640,-1.32,1168000,1198499,1400-7-17,2021-10-09
721,ضفلا1163,اختيارخ فولاد-10000-1400/11/24,35,1243,2530725000,3350,2200,2000,-1350,-40.3,2036,-1314,-39.22,2000,2200,1400-7-17,2021-10-09
722,گنجين,صندوق س. گنجينه يكم آويد-د,34,28013,388557166,13854,13877,13875,21,0.15,13871,17,0.12,13867,13877,1400-7-17,2021-10-09
723,ضسپا8039,اختيارخ خساپا-1200-1400/08/26,34,1954,1195282000,609,611,600,-9,-1.48,612,3,0.49,600,635,1400-7-17,2021-10-09
724,سكه0011پ02,تمام سكه طرح جديد0011ملت,33,9000,10530707300,1185477,1166200,1166410,-19067,-1.61,1170079,-15398,-1.3,1166200,1179950,1400-7-17,2021-10-09
725,ضصاد8033,اختيارخ وبصادر-2489-1400/08/12,33,1273,58817000,70,51,33,-37,-52.86,46,-24,-34.29,33,61,1400-7-17,2021-10-09
726,ضشنا8006,اختيارخ شپنا-14800-1400/08/16,31,502,412059000,1083,1000,740,-343,-31.67,821,-262,-24.19,700,1000,1400-7-17,2021-10-09
727,اراد90,مرابحه عام دولت90-ش.خ050217,30,750000,750000000000,1000000,1000000,1000000,0,0,1000000,0,0,1000000,1000000,1400-7-17,2021-10-09
728,داريك,صندوق س.اعتماد داريك-د,30,554467,6443132864,11601,11619,11621,20,0.17,11620,19,0.16,11619,11621,1400-7-17,2021-10-09
729,اخزا003,اسنادخزانه-م3بودجه00-030418,29,86428,48250237643,556268,563794,558000,1732,0.31,558271,2003,0.36,555556,563794,1400-7-17,2021-10-09
730,فنرژي,گسترش صنايع انرژي آذرآب,29,163636,2137413432,13328,13062,13062,-266,-2,13212,-116,-0.87,13062,13062,1400-7-17,2021-10-09
731,ضملت8042,اختيارخ وبملت-3934-1400/08/19,29,608,100221000,270,130,148,-122,-45.19,165,-105,-38.89,130,240,1400-7-17,2021-10-09
732,زعف0008پ16,زعفران0008نگين بيرجند(پ),28,37267,5836032400,156572,157001,156000,-572,-0.37,156601,29,0.02,156000,157450,1400-7-17,2021-10-09
733,شرنگي,شيميايي رنگين,25,41519,5624454373,131522,135467,135467,3945,3,133676,2154,1.64,135467,135467,1400-7-17,2021-10-09
734,وسكرد,شركت س استان كردستان,25,571470,305164980,562,534,534,-28,-4.98,562,0,0,534,534,1400-7-17,2021-10-09
735,اخزا917,اسنادخزانه-م17بودجه99-010226,25,139916,123889187422,884044,885100,885500,1456,0.16,885454,1410,0.16,884100,885791,1400-7-17,2021-10-09
736,اراد50,مرابحه عام دولت5-ش.خ0302,24,285700,285700060000,1000000,1000000,1000000,0,0,1000000,0,0,1000000,1000001,1400-7-17,2021-10-09
737,سنفت010,سلف موازي استاندارد سنفت010,24,1200000,1998240000000,1657500,1665200,1665200,7700,0.46,1665200,7700,0.46,1665200,1665200,1400-7-17,2021-10-09
738,ضجار7039,اختيارخ وتجارت-1997-1400/07/21,24,708,86045000,217,131,114,-103,-47.47,122,-95,-43.78,112,135,1400-7-17,2021-10-09
739,اخزا908,اسنادخزانه-م8بودجه99-020606,23,45186,30379182519,672773,671000,672900,127,0.02,672314,-459,-0.07,671000,672900,1400-7-17,2021-10-09
740,صايپا012,صكوك مرابحه سايپا012-3ماهه 16%,23,125000,125000250000,1000002,1000002,1000002,0,0,1000002,0,0,1000002,1000002,1400-7-17,2021-10-09
741,كباده,توليد خاك نسوزاستقلال آباده,22,360228,7659527964,20644,21263,21263,619,3,21104,460,2.23,21263,21263,1400-7-17,2021-10-09
742,زعف0008پ08,زعفران0008نگين روستا(پ),21,3157,485579119,154890,154000,154996,106,0.07,153810,-1080,-0.7,153001,154999,1400-7-17,2021-10-09
743,ضپال2006,اختيارخ اپال-28000-1401/02/12,21,116,178353000,1823,1900,1500,-323,-17.72,1538,-285,-15.63,1500,1900,1400-7-17,2021-10-09
744,اخزا821,اسنادخزانه-م21بودجه98-020906,21,1216,783811622,639784,635241,637853,-1931,-0.3,644582,4798,0.75,635241,646890,1400-7-17,2021-10-09
745,زعف0008پ05,زعفران0008نگين زرين(پ),21,30204,4741689728,157222,159994,157000,-222,-0.14,156989,-233,-0.15,156100,159994,1400-7-17,2021-10-09
746,دمعيار,صندوق س. توازن معيار-د,19,402897,4063238795,10072,10089,10090,18,0.18,10085,13,0.13,10085,10090,1400-7-17,2021-10-09
747,اخزا808,اسنادخزانه-م8بودجه98-000817,17,6556,6445921768,982378,982000,982000,-378,-0.04,983210,832,0.08,982000,983922,1400-7-17,2021-10-09
748,سكه0111پ05,تمام سكه طرح جديد0111آينده,17,7200,8414090100,1185468,1170100,1167002,-18466,-1.56,1168624,-16844,-1.42,1165000,1170100,1400-7-17,2021-10-09
749,اخزا815,اسنادخزانه-م15بودجه98-010406,16,12360,10730970655,865294,864347,866594,1300,0.15,868201,2907,0.34,864347,872500,1400-7-17,2021-10-09
750,ضغدر8058,اختيارخ وغدير-10000-1400/08/26,16,314,1872050000,7000,6000,5821,-1179,-16.84,5962,-1038,-14.83,5821,6000,1400-7-17,2021-10-09
751,وسرضوي,س.سهام عدالت استان خراسان رضوي,16,230990,160769040,732,696,696,-36,-4.92,732,0,0,696,696,1400-7-17,2021-10-09
752,آكورد2,صندوق س. آرمان آتي كوثر-د,16,1600000,1600000,34513,1,1,-34512,-100,1,-34512,-100,1,1,1400-7-17,2021-10-09
753,ثروتم,صندوق س. ثروت آفرين پارسيان-س,16,25600,2308524450,91186,90792,89459,-1727,-1.89,90177,-1009,-1.11,89206,90792,1400-7-17,2021-10-09
754,اخزا721,اسنادخزانه-م21بودجه97-000728,15,8150,8101443002,992401,994074,993800,1399,0.14,994042,1641,0.17,993800,994300,1400-7-17,2021-10-09
755,دزهراويح,ح . ‌داروسازي‌زهراوي‌,15,67425,313426200,4840,5000,4600,-240,-4.96,4650,-190,-3.93,4600,5000,1400-7-17,2021-10-09
756,سيناد,صندوق س.سپهرسودمند سينا-د,15,114974,1169389580,10151,10170,10171,20,0.2,10171,20,0.2,10170,10171,1400-7-17,2021-10-09
757,ضصاد8030,اختيارخ وبصادر-1589-1400/08/12,15,689,324507000,645,600,456,-189,-29.3,471,-174,-26.98,450,600,1400-7-17,2021-10-09
758,وملت,سرمايه گذاري ملت,14,57864,183371016,3233,3169,3169,-64,-1.98,3231,-2,-0.06,3169,3169,1400-7-17,2021-10-09
759,وآتوس,س.آرين توسكا قيمت اسمي 350ريال,14,15108,367341813,25049,25555,24298,-751,-3,25012,-37,-0.15,24298,25555,1400-7-17,2021-10-09
760,كهربا,صندوق س.پشتوانه سكه طلا كهربا,14,105697,1086070889,10422,10391,10281,-141,-1.35,10275,-147,-1.41,10251,10391,1400-7-17,2021-10-09
761,ضمخا7076,اختيارخ اخابر-9700-1400/07/28,14,276,17257000,104,100,30,-74,-71.15,63,-41,-39.42,20,350,1400-7-17,2021-10-09
762,عيار2,صندوق سكه طلاي مفيد,13,130000,130000,30150,1,1,-30149,-100,1,-30149,-100,1,1,1400-7-17,2021-10-09
763,اخزا809,اسنادخزانه-م9بودجه98-000923,13,8036,7754331216,963246,964968,965990,2744,0.28,964949,1703,0.18,964000,965990,1400-7-17,2021-10-09
764,صايند2,صندوق س. گنجينه آينده روشن-د,12,1200000,1200000,10085,1,1,-10084,-99.99,1,-10084,-99.99,1,1,1400-7-17,2021-10-09
765,ضجار7038,اختيارخ وتجارت-1797-1400/07/21,12,207,48247000,372,316,212,-160,-43.01,233,-139,-37.37,212,316,1400-7-17,2021-10-09
766,ضفلا7004,اختيارخ فولاد-9586-1400/07/25,12,98,94281696,1301,1000,800,-501,-38.51,686,-615,-47.27,510,1000,1400-7-17,2021-10-09
767,ضپاس7030,اختيارخ وپارس-3000-1400/07/28,11,463,8510000,29,65,5,-24,-82.76,18,-11,-37.93,5,65,1400-7-17,2021-10-09
768,عپلي جم,سلف پلي اتيلن سنگين تزريقي,11,30000,50016846800,1665935,1665900,1667230,1295,0.08,1667228,1293,0.08,1665900,1667230,1400-7-17,2021-10-09
769,ضفلا7003,اختيارخ فولاد-8160-1400/07/25,11,263,800778938,2579,2501,2100,-479,-18.57,2172,-407,-15.78,2068,2501,1400-7-17,2021-10-09
770,ضپيك7043,اختيارخ تاپيكو-10070-00/07/18,11,99,445880000,5000,4500,4500,-500,-10,4504,-496,-9.92,4500,4520,1400-7-17,2021-10-09
771,تملي806,تسهيلات مسكن ب. ملي-شهريور98,11,110,94951780,822094,863198,863198,41104,5,863198,41104,5,863198,863198,1400-7-17,2021-10-09
772,ضفلا1162,اختيارخ فولاد-9000-1400/11/24,11,261,755900000,3360,2900,2800,-560,-16.67,2896,-464,-13.81,2800,2900,1400-7-17,2021-10-09
773,ضشنا8001,اختيارخ شپنا-6800-1400/08/16,10,27,186491000,7307,7211,6601,-706,-9.66,6907,-400,-5.47,6600,7211,1400-7-17,2021-10-09
774,هبساز103,اختيارف ت ثبهساز-2346-01/03/18,10,90000,9450000,197,105,105,-92,-46.7,105,-92,-46.7,105,105,1400-7-17,2021-10-09
775,زعف0008پ11,زعفران0008نگين سحرخيز(پ),10,17133,2684349300,156463,156500,157000,537,0.34,156677,214,0.14,156490,157000,1400-7-17,2021-10-09
776,طخود1052,اختيارف خودرو-2000-1400/10/08,10,246,37530000,134,130,180,46,34.33,153,19,14.18,130,180,1400-7-17,2021-10-09
777,اخزا907,اسنادخزانه-م7بودجه99-020704,10,12667,8396223918,663234,661720,660361,-2873,-0.43,662842,-392,-0.06,660361,663000,1400-7-17,2021-10-09
778,سخواف,سيمان مجد خواف,9,28370,291898930,10607,10289,10289,-318,-3,10597,-10,-0.09,10289,10289,1400-7-17,2021-10-09
779,اخزا817,اسنادخزانه-م17بودجه98-010512,9,9401,7987762436,849102,848000,850000,898,0.11,849672,570,0.07,846546,850000,1400-7-17,2021-10-09
780,اخزا814,اسنادخزانه-م14بودجه98-010318,9,2665,2335532224,871388,876333,880000,8612,0.99,876372,4984,0.57,876231,880000,1400-7-17,2021-10-09
781,سپيدما2,صندوق س. سپيد دماوند-د,9,85000000,85000000,11177,1,1,-11176,-99.99,1,-11176,-99.99,1,1,1400-7-17,2021-10-09
782,پادا,صندوق س.پاداش سرمايه پارس-س,9,7195,834635930,117702,119700,117300,-402,-0.34,116002,-1700,-1.44,115200,119700,1400-7-17,2021-10-09
783,ضشنا8003,اختيارخ شپنا-8800-1400/08/16,9,50,253803000,5877,5200,4502,-1375,-23.4,5076,-801,-13.63,4500,5200,1400-7-17,2021-10-09
784,اخزا905,اسنادخزانه-م5بودجه99-020218,9,3671,2666725272,725398,725033,726496,1098,0.15,726430,1032,0.14,725033,727999,1400-7-17,2021-10-09
785,ضپيك7044,اختيارخ تاپيكو-12070-00/07/18,9,122,252020000,2500,2200,2072,-428,-17.12,2066,-434,-17.36,2030,2350,1400-7-17,2021-10-09
786,ضذوب905,اختيارخ ذوب-5000-14000917,8,471,141259000,380,399,270,-110,-28.95,300,-80,-21.05,270,399,1400-7-17,2021-10-09
787,ضپيك7042,اختيارخ تاپيكو-8070-00/07/18,8,18,101139000,6546,5562,5582,-964,-14.73,5619,-927,-14.16,5550,5950,1400-7-17,2021-10-09
788,زعف0008پ12,زعفران0008پوشالمعمول سحرخيز(پ),8,13100,1692994540,123210,125000,129000,5790,4.7,129236,6026,4.89,125000,129370,1400-7-17,2021-10-09
789,صايپا112,صكوك مرابحه سايپا112-3ماهه 16%,8,75000,72881250000,990000,971750,971750,-18250,-1.84,971750,-18250,-1.84,971750,971750,1400-7-17,2021-10-09
790,اخزا811,اسنادخزانه-م11بودجه98-001013,8,4049,3861543880,952872,953500,953531,659,0.07,953703,831,0.09,953500,954601,1400-7-17,2021-10-09
791,طلا2,صندوق س.پشتوانه طلاي لوتوس,7,700000,700000,84303,1,1,-84302,-100,1,-84302,-100,1,1,1400-7-17,2021-10-09
792,اطلس2,صندوق س.توسعه اندوخته آينده-س,7,70000,70000,264652,1,1,-264651,-100,1,-264651,-100,1,1,1400-7-17,2021-10-09
793,ضشنا1051,اختيارخ شپنا-8719-1400/10/19,7,87,121030000,1477,1400,1310,-167,-11.31,1391,-86,-5.82,1310,1400,1400-7-17,2021-10-09
794,ضملت8041,اختيارخ وبملت-3434-1400/08/19,7,83,34991000,543,541,410,-133,-24.49,422,-121,-22.28,410,541,1400-7-17,2021-10-09
795,وحافظ,بيمه حافظ,7,5896,60593192,10594,10277,10277,-317,-2.99,10592,-2,-0.02,10277,10277,1400-7-17,2021-10-09
796,نگين,ص.س. زمين و ساختمان نگين شهرري,7,861,43982280,52270,52500,51090,-1180,-2.26,51080,-1190,-2.28,51070,52500,1400-7-17,2021-10-09
797,آسام,صندوق س.آرمان سپهر آشنا-م,7,9080,1132319920,127593,125500,125499,-2094,-1.64,124705,-2888,-2.26,124500,125500,1400-7-17,2021-10-09
798,برن0104پ01,برنج طارم0104تجارت مازندران(پ),7,528,209248000,396142,395000,396000,-142,-0.04,396303,161,0.04,395000,397000,1400-7-17,2021-10-09
799,سپرمي,پرميت‌,6,37600,374571200,9864,9962,9962,98,0.99,9885,21,0.21,9962,9962,1400-7-17,2021-10-09
800,طخود1050,اختيارف خودرو-1600-1400/10/08,6,170,6800000,1,40,40,39,3900,40,39,3900,40,40,1400-7-17,2021-10-09
801,ضملت8044,اختيارخ وبملت-4934-1400/08/19,6,159,3330000,45,35,20,-25,-55.56,21,-24,-53.33,20,35,1400-7-17,2021-10-09
802,ثهام,صندوق س ثروت هامرز-سهام,6,8428,100156200,12121,11895,11850,-271,-2.24,11884,-237,-1.96,11850,11895,1400-7-17,2021-10-09
803,ضفلا7005,اختيارخ فولاد-11013-1400/07/25,6,12,3336760,295,200,170,-125,-42.37,198,-97,-32.88,110,220,1400-7-17,2021-10-09
804,ضجار7037,اختيارخ وتجارت-1597-1400/07/21,6,58,29592000,520,511,480,-40,-7.69,510,-10,-1.92,480,511,1400-7-17,2021-10-09
805,ضملي1161,اختيارخ فملي-7000-1400/11/03,6,152,230240000,1695,1650,1390,-305,-17.99,1515,-180,-10.62,1350,1650,1400-7-17,2021-10-09
806,اخزا813,اسنادخزانه-م13بودجه98-010219,6,564,501619827,889293,888147,890002,709,0.08,889397,104,0.01,888147,890002,1400-7-17,2021-10-09
807,ضپاس1011,اختيارخ وپارس-2000-1400/10/22,6,307,241058000,1,800,777,776,77600,785,784,78400,777,800,1400-7-17,2021-10-09
808,ساذري,آذريت‌,5,4788,42469560,8612,8870,8870,258,3,8613,1,0.01,8870,8870,1400-7-17,2021-10-09
809,افران2,صندوق س افرا نماد پايدار-ثابت,5,79800000,79800000,14433,1,1,-14432,-99.99,1,-14432,-99.99,1,1,1400-7-17,2021-10-09
810,خفناور,مهندسي صنعتي روان فن آور,5,1607,67259378,43148,41854,41854,-1294,-3,43139,-9,-0.02,41854,41854,1400-7-17,2021-10-09
811,زعف0008پ20,زعفران0008نگين وحدت جام(پ),5,5172,809710000,155961,157000,155000,-961,-0.62,156556,595,0.38,155000,157000,1400-7-17,2021-10-09
812,اخزا904,اسنادخزانه-م4بودجه99-011215,5,5804,4343405436,752797,743054,753499,702,0.09,748347,-4450,-0.59,743054,753499,1400-7-17,2021-10-09
813,وشمال,س. چشم انداز توسعه شمال,5,200066,15314452102,78109,76547,76547,-1562,-2,76547,-1562,-2,76547,76547,1400-7-17,2021-10-09
814,اخزا812,اسنادخزانه-م12بودجه98-001111,5,211,198576484,938099,944270,940283,2184,0.23,941121,3022,0.32,940281,944270,1400-7-17,2021-10-09
815,پست0008پ08,پسته فندقي32-30مه ولات0008(پ),5,207,380150000,1839254,1820000,1840000,746,0.04,1836473,-2781,-0.15,1820000,1850000,1400-7-17,2021-10-09
816,اخزا723,اسنادخزانه-م23بودجه97-000824,5,15643,15333681047,978763,980250,980300,1537,0.16,980226,1463,0.15,980207,980300,1400-7-17,2021-10-09
817,زعف0008پ19,زعفران0008نگين تروند قاينات(پ),5,8000,1238500000,157000,156000,156500,-500,-0.32,154812,-2188,-1.39,153250,156500,1400-7-17,2021-10-09
818,نتوس,پشم‌ بافي‌ توس,5,14534,182808652,12967,12578,12578,-389,-3,12960,-7,-0.05,12578,12578,1400-7-17,2021-10-09
819,ضپيك7040,اختيارخ تاپيكو-6070-00/07/18,4,15,106002000,8000,6501,8200,200,2.5,7067,-933,-11.66,6500,8200,1400-7-17,2021-10-09
820,طخود1051,اختيارف خودرو-1800-1400/10/08,4,175,18500000,72,120,100,28,38.89,106,34,47.22,100,120,1400-7-17,2021-10-09
821,ضصاد8031,اختيارخ وبصادر-1789-1400/08/12,4,51,20400000,506,400,400,-106,-20.95,400,-106,-20.95,400,400,1400-7-17,2021-10-09
822,ضمخا7077,اختيارخ اخابر-6700-1400/07/28,4,15,21751000,2006,1451,1450,-556,-27.72,1450,-556,-27.72,1450,1451,1400-7-17,2021-10-09
823,تملي809,تسهيلات مسكن ب. ملي-آذر98,4,55,44494230,851564,808986,808986,-42578,-5,808986,-42578,-5,808986,808986,1400-7-17,2021-10-09
824,اخزا820,اسنادخزانه-م20بودجه98-020806,4,4179,2715421256,649000,649000,650001,1001,0.15,649778,778,0.12,649000,650002,1400-7-17,2021-10-09
825,طسپا8041,اختيارف خساپا-1600-1400/08/26,4,110,4400000,42,40,40,-2,-4.76,40,-2,-4.76,40,40,1400-7-17,2021-10-09
826,ضصاد8032,اختيارخ وبصادر-1989-1400/08/12,4,50,12500000,550,250,250,-300,-54.55,250,-300,-54.55,250,250,1400-7-17,2021-10-09
827,ضشنا8002,اختيارخ شپنا-7800-1400/08/16,4,35,188005000,6757,5202,5500,-1257,-18.6,5372,-1385,-20.5,5200,5500,1400-7-17,2021-10-09
828,ضمخا7071,اختيارخ اخابر-23700-1400/07/28,4,16,16000,2,1,1,-1,-50,1,-1,-50,1,1,1400-7-17,2021-10-09
829,گكيش,توريستي ورفاهي آبادگران كيش,4,1177,47387197,41506,40261,40261,-1245,-3,41500,-6,-0.01,40261,40261,1400-7-17,2021-10-09
830,تملي703,تسهيلات مسكن ب. ملي-خرداد97,4,33,22871592,719324,683358,719000,-324,-0.05,693079,-26245,-3.65,683358,719000,1400-7-17,2021-10-09
831,حاريا,كشتيراني آريا,3,5486,83935800,15612,15300,15300,-312,-2,15607,-5,-0.03,15300,15300,1400-7-17,2021-10-09
832,ضمخا7066,اختيارخ اخابر-11700-1400/07/28,3,22,156000,11,8,7,-4,-36.36,7,-4,-36.36,7,8,1400-7-17,2021-10-09
833,شتولي,تولي‌پرس‌,3,1592,33131112,21235,20811,20811,-424,-2,21232,-3,-0.01,20811,20811,1400-7-17,2021-10-09
834,هماي2,صندوق س هماي آگاه-ثابت,3,1942000,1942000,10080,1,1,-10079,-99.99,1,-10079,-99.99,1,1,1400-7-17,2021-10-09
835,ضفلا7001,اختيارخ فولاد-6020-1400/07/25,3,5,30546776,4500,4444,4300,-200,-4.44,4358,-142,-3.16,4300,4444,1400-7-17,2021-10-09
836,ضشنا1052,اختيارخ شپنا-9809-1400/10/19,3,50,50000000,1,1000,1000,999,99900,1000,999,99900,1000,1000,1400-7-17,2021-10-09
837,طذوب904,اختيارف ذوب-4500-14000917,3,120,48700000,325,400,400,75,23.08,406,81,24.92,400,470,1400-7-17,2021-10-09
838,اخزا818,اسنادخزانه-م18بودجه98-010614,3,883,735497240,832649,832000,833021,372,0.04,832953,304,0.04,832000,833021,1400-7-17,2021-10-09
839,ثقزوي,شركت عمران و سازندگي قزوين,3,2550,73414500,29680,28790,28790,-890,-3,29673,-7,-0.02,28790,28790,1400-7-17,2021-10-09
840,ضصاد8034,اختيارخ وبصادر-2989-1400/08/12,3,66,410000,18,5,10,-8,-44.44,6,-12,-66.67,5,10,1400-7-17,2021-10-09
841,وسصفا,شركت س استان اصفهان,3,29765,20656910,730,694,694,-36,-4.93,730,0,0,694,694,1400-7-17,2021-10-09
842,ضمخا7079,اختيارخ اخابر-4700-1400/07/28,3,10,32000000,2500,3200,3200,700,28,3200,700,28,3200,3200,1400-7-17,2021-10-09
843,سفارود,كارخانه فارسيت درود,3,1092,17586660,16433,16105,16105,-328,-2,16432,-1,-0.01,16105,16105,1400-7-17,2021-10-09
844,ضفلا1164,اختيارخ فولاد-12000-1400/11/24,3,200,245000000,1850,1250,1150,-700,-37.84,1225,-625,-33.78,1150,1250,1400-7-17,2021-10-09
845,ضخوز1024,اختيارخ فخوز-6667-1400/10/12,3,36,95520000,3500,2700,2420,-1080,-30.86,2653,-847,-24.2,2420,2700,1400-7-17,2021-10-09
846,ضمخا7075,اختيارخ اخابر-8700-1400/07/28,3,12,2540000,340,800,100,-240,-70.59,212,-128,-37.65,100,800,1400-7-17,2021-10-09
847,ضسپا8045,اختيارخ خساپا-3000-1400/08/26,3,290,1060000,4,4,3,-1,-25,4,0,0,3,4,1400-7-17,2021-10-09
848,زعف0008پ10,زعفران0008نگين طلاي سرخ(پ),2,200,32837500,159359,164375,164000,4641,2.91,164187,4828,3.03,164000,164375,1400-7-17,2021-10-09
849,اراد644,مرابحه عام دولتي64-ش.خ0111,2,31820000,30228538610000,944500,949971,950000,5500,0.58,949985,5485,0.58,949971,950000,1400-7-17,2021-10-09
850,وتوصا2,گروه س توسعه صنعتي ايران,2,22394000,216773920000,10050,9680,9680,-370,-3.68,9680,-370,-3.68,9680,9680,1400-7-17,2021-10-09
851,داراب,پتروشيمي داراب,2,6969,15499056,2292,2224,2224,-68,-2.97,2292,0,0,2224,2224,1400-7-17,2021-10-09
852,ضذوب900,اختيارخ ذوب-2500-14000917,2,7,12705000,2000,1850,1801,-199,-9.95,1815,-185,-9.25,1801,1850,1400-7-17,2021-10-09
853,ضفلا7002,اختيارخ فولاد-6733-1400/07/25,2,30,152677800,4000,3630,3630,-370,-9.25,3630,-370,-9.25,3630,3630,1400-7-17,2021-10-09
854,سرو2,صندوق س سروسودمند مدبران-سهام,2,200000,200000,81430,1,1,-81429,-100,1,-81429,-100,1,1,1400-7-17,2021-10-09
855,صشستا311,صكوك اجاره شستا311-بدون ضامن,2,15,14850000,999999,990000,990000,-9999,-1,990000,-9999,-1,990000,990000,1400-7-17,2021-10-09
856,اراد654,مرابحه عام دولتي65-ش.خ0210,2,6460554,6033601828356,989000,925985,941843,-47157,-4.77,933914,-55086,-5.57,925985,941843,1400-7-17,2021-10-09
857,ضملت1136,اختيارخ وبملت-4500-1400/11/13,2,51,15300000,300,300,300,0,0,300,0,0,300,300,1400-7-17,2021-10-09
858,اراد584,مرابحه عام دولت5-ش.خ 0110,2,9456400,9059117723200,960000,957976,958000,-2000,-0.21,957988,-2012,-0.21,957976,958000,1400-7-17,2021-10-09
859,ضجار7044,اختيارخ وتجارت-4497-1400/07/21,2,16,246000,1,11,25,24,2400,15,14,1400,11,25,1400-7-17,2021-10-09
860,اراد604,مرابحه عام دولتي6-ش.خ0210,2,6600000,6212695500000,967000,941421,941214,-25786,-2.67,941317,-25683,-2.66,941214,941421,1400-7-17,2021-10-09
861,ضفلا7006,اختيارخ فولاد-12440-1400/07/25,2,89,124778,87,1,1,-86,-98.85,1,-86,-98.85,1,1,1400-7-17,2021-10-09
862,طصاد8033,اختيارف وبصادر-2489-1400/08/12,2,21,8010000,400,400,10,-390,-97.5,381,-19,-4.75,10,400,1400-7-17,2021-10-09
863,اراد494,مرابحه عام دولت4-ش.خ 0206,2,21424000,20255438632000,977235,945411,945500,-31735,-3.25,945455,-31780,-3.25,945411,945500,1400-7-17,2021-10-09
864,دمعيار2,صندوق س. توازن معيار-د,2,400000,400000,10072,1,1,-10071,-99.99,1,-10071,-99.99,1,1,1400-7-17,2021-10-09
865,اراد544,مرابحه عام دولت5-ش.خ 0109,2,21142000,20317705133000,990000,961023,961000,-29000,-2.93,961011,-28989,-2.93,961000,961023,1400-7-17,2021-10-09
866,ضجار7041,اختيارخ وتجارت-2997-1400/07/21,2,51,51000,1,1,1,0,0,1,0,0,1,1,1400-7-17,2021-10-09
867,اراد704,مرابحه عام دولت70-ش.خ0112,2,34228000,32447750378000,943750,947977,948000,4250,0.45,947988,4238,0.45,947977,948000,1400-7-17,2021-10-09
868,اراد554,مرابحه عام دولت5-ش.خ 0209,2,21554000,20309590587000,960000,942369,942162,-17838,-1.86,942265,-17735,-1.85,942162,942369,1400-7-17,2021-10-09
869,ضپاس1013,اختيارخ وپارس-3000-1400/10/22,2,100,26490000,414,300,261,-153,-36.96,265,-149,-35.99,261,300,1400-7-17,2021-10-09
870,طسپا8042,اختيارف خساپا-1800-1400/08/26,2,100,10000000,10,100,100,90,900,100,90,900,100,100,1400-7-17,2021-10-09
871,اراد404,مرابحه عام دولت4-ش.خ 0207,2,1730000,1581811660000,1000000,914434,914250,-85750,-8.58,914342,-85658,-8.57,914250,914434,1400-7-17,2021-10-09
872,آوا2,صندوق س.سهام آواي معيار-س,2,4900000,4900000,8015,1,1,-8014,-99.99,1,-8014,-99.99,1,1,1400-7-17,2021-10-09
873,تملي701,تسهيلات مسكن ب. ملي-فروردين97,2,22,16027660,766873,728530,728530,-38343,-5,728530,-38343,-5,728530,728530,1400-7-17,2021-10-09
874,اراد314,مرابحه عام دولت3-ش.خ 0208,2,8220000,7500145830000,902500,912529,912324,9824,1.09,912426,9926,1.1,912324,912529,1400-7-17,2021-10-09
875,تملي805,تسهيلات مسكن ب. ملي-مرداد98,2,20,16045410,802811,762671,841870,39059,4.87,802270,-541,-0.07,762671,841870,1400-7-17,2021-10-09
876,اراد444,مرابحه عام دولت4-ش.خ 0007,2,4000000,3903668000000,1020000,961420,990414,-29586,-2.9,975917,-44083,-4.32,961420,990414,1400-7-17,2021-10-09
877,اخزا816,اسنادخزانه-م16بودجه98-010503,2,1763,1502078204,850012,851708,852225,2213,0.26,852001,1989,0.23,851708,852225,1400-7-17,2021-10-09
878,ضمخا7069,اختيارخ اخابر-17700-1400/07/28,2,14,141000,10,11,10,0,0,10,0,0,10,11,1400-7-17,2021-10-09
879,اخزا810,اسنادخزانه-م10بودجه98-001006,2,4204,4028483000,956487,958250,958250,1763,0.18,958250,1763,0.18,958250,958250,1400-7-17,2021-10-09
880,ضشنا8007,اختيارخ شپنا-16800-1400/08/16,2,6,1500000,508,250,250,-258,-50.79,250,-258,-50.79,250,250,1400-7-17,2021-10-09
881,اراد884,مرابحه عام دولت88-ش.خ041120,2,11600000,10675103000000,1000000,920350,920185,-79815,-7.98,920267,-79733,-7.97,920185,920350,1400-7-17,2021-10-09
882,اخزا9112,اسنادخزانه-م11بودجه99-020906,2,637245,407103558000,636000,638000,640000,4000,0.63,638849,2849,0.45,638000,640000,1400-7-17,2021-10-09
883,صفارس1472,صكوك اجاره فارس147- 3ماهه18%,2,800000,800000000000,1044733,1000000,1000000,-44733,-4.28,1000000,-44733,-4.28,1000000,1000000,1400-7-17,2021-10-09
884,فايرا2,آلومينيوم‌ايران‌,1,7000000,126910000000,18190,18130,18130,-60,-0.33,18130,-60,-0.33,18130,18130,1400-7-17,2021-10-09
885,اخزا9142,اسنادخزانه-م14بودجه99-021025,1,169617,105162540000,619376,620000,620000,624,0.1,620000,624,0.1,620000,620000,1400-7-17,2021-10-09
886,فولاد2,فولاد مباركه اصفهان,1,8000000,84400000000,10670,10550,10550,-120,-1.12,10550,-120,-1.12,10550,10550,1400-7-17,2021-10-09
887,ضپاس1012,اختيارخ وپارس-2500-1400/10/22,1,1,500000,1,500,500,499,49900,500,499,49900,500,500,1400-7-17,2021-10-09
888,شسم,توليد سموم‌ علف‌ كش,1,39,4066686,100264,104274,104274,4010,4,100267,3,0,104274,104274,1400-7-17,2021-10-09
889,سايرا,ايرانيت‌,1,139,5005112,36742,36008,36008,-734,-2,36741,-1,0,36008,36008,1400-7-17,2021-10-09
890,ضجار1019,اختيارخ وتجارت-1400-1400/10/15,1,50,44400000,1027,888,888,-139,-13.53,888,-139,-13.53,888,888,1400-7-17,2021-10-09
891,ضبدر8073,اختيارخ شبندر-2167-1400/08/30,1,3,70260000,3333,5000,5000,1667,50.02,5000,1667,50.02,5000,5000,1400-7-17,2021-10-09
892,ضملي1163,اختيارخ فملي-9000-1400/11/03,1,1,300000,680,300,300,-380,-55.88,300,-380,-55.88,300,300,1400-7-17,2021-10-09
893,ضگل8072,اختيارخ كگل-8700-1400/08/23,1,1,13000000,13500,13000,13000,-500,-3.7,13000,-500,-3.7,13000,13000,1400-7-17,2021-10-09
894,اراد834,مرابحه عام دولت83-ش.خ041220,1,500000,500000000000,1000000,1000000,1000000,0,0,1000000,0,0,1000000,1000000,1400-7-17,2021-10-09
895,ضغدر8059,اختيارخ وغدير-12000-1400/08/26,1,5,19000000,5600,3800,3800,-1800,-32.14,3800,-1800,-32.14,3800,3800,1400-7-17,2021-10-09
896,ضمخا7078,اختيارخ اخابر-7700-1400/07/28,1,20,14000000,1042,700,700,-342,-32.82,700,-342,-32.82,700,700,1400-7-17,2021-10-09
897,صخود412,ص مرابحه خودرو412- 3ماهه 18%,1,9,8910009,990001,990001,990001,0,0,990001,0,0,990001,990001,1400-7-17,2021-10-09
898,اراد60,مرابحه عام دولتي6-ش.خ0210,1,1000,945000000,967000,945000,945000,-22000,-2.28,945000,-22000,-2.28,945000,945000,1400-7-17,2021-10-09
899,وسقم,شركت س استان قم,1,4211,5385869,1346,1279,1279,-67,-4.98,1346,0,0,1279,1279,1400-7-17,2021-10-09
900,ضملي1160,اختيارخ فملي-6000-1400/11/03,1,4,10484000,3041,2621,2621,-420,-13.81,2621,-420,-13.81,2621,2621,1400-7-17,2021-10-09
901,وبهمن2,سرمايه‌گذاري‌بهمن‌,1,137400000,2473200000000,18130,18000,18000,-130,-0.72,18000,-130,-0.72,18000,18000,1400-7-17,2021-10-09
902,كمند2,صندوق س. با درآمد ثابت كمند,1,160000000,160000000,10164,1,1,-10163,-99.99,1,-10163,-99.99,1,1,1400-7-17,2021-10-09
903,صايپا308,صكوك مرابحه سايپا308-3ماهه 18%,1,1000,970000000,1000000,970000,970000,-30000,-3,970000,-30000,-3,970000,970000,1400-7-17,2021-10-09
904,طسپا8043,اختيارف خساپا-2000-1400/08/26,1,10,2000000,200,200,200,0,0,200,0,0,200,200,1400-7-17,2021-10-09
905,ضصاد1114,اختيارخ وبصادر-2500-1400/11/06,1,100,20000000,222,200,200,-22,-9.91,200,-22,-9.91,200,200,1400-7-17,2021-10-09
906,ضبدر8075,اختيارخ شبندر-3021-1400/08/30,1,4,74944000,3001,4000,4000,999,33.29,4000,999,33.29,4000,4000,1400-7-17,2021-10-09
907,اراد22,مرابحه عام دولت2-ش.خ لوتوس0212,1,2000,1970000000,970000,985000,985000,15000,1.55,985000,15000,1.55,985000,985000,1400-7-17,2021-10-09
908,هنوري102,اختيارف ت نوري59561-01/02/15,1,3447,3447,1,1,1,0,0,1,0,0,1,1,1400-7-17,2021-10-09
909,صبهمن4042,صكوك مرابحه بهمن404-3ماهه 18%,1,240000,240000000000,970000,1000000,1000000,30000,3.09,1000000,30000,3.09,1000000,1000000,1400-7-17,2021-10-09
910,ضملت8039,اختيارخ وبملت-2434-1400/08/19,1,5,6755000,1400,1351,1351,-49,-3.5,1351,-49,-3.5,1351,1351,1400-7-17,2021-10-09
911,ضصاد8036,اختيارخ وبصادر-3989-1400/08/12,1,50,250000,10,5,5,-5,-50,5,-5,-50,5,5,1400-7-17,2021-10-09
912,خعمرا,توسعه و عمران شهرستان نائين,1,2888,11326736,3808,3922,3922,114,2.99,3808,0,0,3922,3922,1400-7-17,2021-10-09
913,مشهد0012,مشاركت شهرداري مشهد-3ماهه20%,1,6,6000000,1000000,1000000,1000000,0,0,1000000,0,0,1000000,1000000,1400-7-17,2021-10-09
914,ضصاد8035,اختيارخ وبصادر-3489-1400/08/12,1,4,4000,1,1,1,0,0,1,0,0,1,1,1400-7-17,2021-10-09
915,صنفت312,صكوك منفعت نفت312-6ماهه 18/5%,1,800,792000000,990000,990000,990000,0,0,990000,0,0,990000,990000,1400-7-17,2021-10-09
916,ضپاس7028,اختيارخ وپارس-2000-1400/07/28,1,20,10000000,705,500,500,-205,-29.08,500,-205,-29.08,500,500,1400-7-17,2021-10-09
917,زعف0008پ15,زعفران0008پوشالمعمول طلاسرخ(پ),1,55,7115350,122000,129370,129370,7370,6.04,129370,7370,6.04,129370,129370,1400-7-17,2021-10-09
918,فملي2,ملي‌ صنايع‌ مس‌ ايران‌,1,25000000,321750000000,13060,12870,12870,-190,-1.45,12870,-190,-1.45,12870,12870,1400-7-17,2021-10-09
919,تبريز112,مشاركت شهرداري تبريز-3ماهه18%,1,10,9600000,960001,960000,960000,-1,0,960000,-1,0,960000,960000,1400-7-17,2021-10-09
920,اراد61,مرابحه عام دولت61-ش.خ0309,1,8000,8000000000,1000001,1000000,1000000,-1,0,1000000,-1,0,1000000,1000000,1400-7-17,2021-10-09
921,اراد774,مرابحه عام دولت77-ش.خ000812,1,5000000,4935950000000,1000000,987190,987190,-12810,-1.28,987190,-12810,-1.28,987190,987190,1400-7-17,2021-10-09
922,ضملت1132,اختيارخ وبملت-2500-1400/11/13,1,50,75000000,1,1500,1500,1499,149900,1500,1499,149900,1500,1500,1400-7-17,2021-10-09
923,ضاريان1204,اختيارخ آريان-18000-14001211,1,1,5010000,5024,5010,5010,-14,-0.28,5010,-14,-0.28,5010,5010,1400-7-17,2021-10-09
924,اشاد10,مشاركت دولتي10-شرايط خاص001226,1,4900,4757900000,971000,971000,971000,0,0,971000,0,0,971000,971000,1400-7-17,2021-10-09
925,طجار7040,اختيارف وتجارت-2497-1400/07/21,1,3,900000,300,300,300,0,0,300,0,0,300,300,1400-7-17,2021-10-09
926,زعف0008پ18,زعفران0008نگين بهرامن(پ),1,55,8635000,155101,157000,157000,1899,1.22,157000,1899,1.22,157000,157000,1400-7-17,2021-10-09
927,صينا205,صكوك منفعت سينا دارو-3ماهه 19%,1,14,13720014,980707,980001,980001,-706,-0.07,980001,-706,-0.07,980001,980001,1400-7-17,2021-10-09
928,داريك4,صندوق س.اعتماد داريك-د,1,1700000,19601000000,11601,11530,11530,-71,-0.61,11530,-71,-0.61,11530,11530,1400-7-17,2021-10-09
929,چكاپا2,گروه صنايع كاغذ پارس,1,76181552,266635432000,3647,3500,3500,-147,-4.03,3500,-147,-4.03,3500,3500,1400-7-17,2021-10-09
