,نماد,نام,تعداد,حجم,ارزش,دیروز,اولین,آخرین معامله - مقدار,آخرین معامله - تغییر,آخرین معامله - درصد,قیمت پایانی - مقدار,قیمت پایانی - تغییر,قیمت پایانی - درصد,کمترین,بیشترین,تاریخ,gregorian_date
0,پالايش,صندوق پالايشي يكم-سهام,14714,12264335,851961181210,69440,70190,68840,-600,-0.86,69470,30,0.04,68700,70500,1400-10-27,2022-01-17
1,خودرو,ايران‌ خودرو,13791,548835115,1116277397528,1957,1990,2000,43,2.2,2034,77,3.93,1985,2054,1400-10-27,2022-01-17
2,دارا يكم,صندوق واسطه گري مالي يكم-سهام,10598,6963730,753477978910,108340,109400,107200,-1140,-1.05,108200,-140,-0.13,106610,109810,1400-10-27,2022-01-17
3,شپنا,پالايش نفت اصفهان,6915,62212869,337314789620,5450,5530,5330,-120,-2.2,5420,-30,-0.55,5300,5600,1400-10-27,2022-01-17
4,خساپا,سايپا,6555,221654898,366351314625,1624,1650,1625,1,0.06,1653,29,1.79,1611,1690,1400-10-27,2022-01-17
5,فولاد,فولاد مباركه اصفهان,6437,42529152,422461546920,9990,10010,9940,-50,-0.5,9930,-60,-0.6,9820,10100,1400-10-27,2022-01-17
6,انرژي3,سايراشخاص بورس انرژي,6412,6483784,449553140850,67720,67000,67160,-560,-0.83,69330,1610,2.38,67000,71100,1400-10-27,2022-01-17
7,فرابورس,فرابورس ايران,6324,31297491,453214711800,14040,14200,14190,150,1.07,14480,440,3.13,14000,14740,1400-10-27,2022-01-17
8,شتران,پالايش نفت تهران,5736,79934007,284237917291,3586,3610,3490,-96,-2.68,3556,-30,-0.84,3473,3685,1400-10-27,2022-01-17
9,كرمان,س. توسعه و عمران استان كرمان,5677,199081769,169021996762,852,855,828,-24,-2.82,849,-3,-0.35,820,880,1400-10-27,2022-01-17
10,كالا,بورس كالاي ايران,5636,21438648,546452621380,24490,24760,25110,620,2.53,25490,1000,4.08,24670,25710,1400-10-27,2022-01-17
11,شسينا,صنايع‌شيميايي‌سينا,5531,178176618,386589937871,2279,2166,2166,-113,-4.96,2170,-109,-4.78,2166,2210,1400-10-27,2022-01-17
12,فملي,ملي‌ صنايع‌ مس‌ ايران‌,5441,53202731,370974783510,7040,7000,6980,-60,-0.85,6970,-70,-0.99,6910,7100,1400-10-27,2022-01-17
13,وبملت,بانك ملت,5235,212942325,641212178374,3119,3150,3000,-119,-3.82,3011,-108,-3.46,2964,3193,1400-10-27,2022-01-17
14,خگستر,گسترش‌سرمايه‌گذاري‌ايران‌خودرو,5047,124679385,312049253747,2450,2509,2441,-9,-0.37,2503,53,2.16,2426,2567,1400-10-27,2022-01-17
15,بورس,بورس اوراق بهادار تهران,4310,36356097,324835666890,8670,8740,8700,30,0.35,8930,260,3,8660,9100,1400-10-27,2022-01-17
16,شبندر,پالايش نفت بندرعباس,3932,50232054,317806034360,6250,6360,6230,-20,-0.32,6330,80,1.28,6220,6450,1400-10-27,2022-01-17
17,توسن,توسعه سامانه ي نرم افزاري نگين,3928,8539479,211858847900,24600,25550,24750,150,0.61,24800,200,0.81,24600,25550,1400-10-27,2022-01-17
18,بركت,گروه دارويي بركت,3635,9327315,151950650730,16040,16510,15940,-100,-0.62,16290,250,1.56,15750,16700,1400-10-27,2022-01-17
19,وسديد,گروه ‌صنعتي‌سديد,3347,65119698,62824790254,989,980,965,-24,-2.43,965,-24,-2.43,960,989,1400-10-27,2022-01-17
20,كدما,معدني‌ دماوند,3308,2484569,143261439590,58330,58550,56810,-1520,-2.61,57660,-670,-1.15,56230,60500,1400-10-27,2022-01-17
21,وتجارت,بانك تجارت,3280,117825338,213943808840,1839,1852,1781,-58,-3.15,1816,-23,-1.25,1778,1896,1400-10-27,2022-01-17
22,كمند,صندوق س. با درآمد ثابت كمند,3225,112529788,1133157228239,10064,10070,10070,6,0.06,10070,6,0.06,10069,10070,1400-10-27,2022-01-17
23,كيمياتك,آريان كيميا تك,3132,2770791,70294890780,25170,25420,25070,-100,-0.4,25370,200,0.79,24790,25990,1400-10-27,2022-01-17
24,فسبزوار,پارس فولاد سبزوار,3072,2118011,72261790080,34180,34180,34100,-80,-0.23,34120,-60,-0.18,34000,34250,1400-10-27,2022-01-17
25,زقيام,كشت و دام قيام اصفهان,2975,83911302,132418655405,1522,1598,1548,26,1.71,1578,56,3.68,1511,1598,1400-10-27,2022-01-17
26,ذوب,ذوب آهن اصفهان,2844,72966314,220226484506,3143,3170,2986,-157,-5,3018,-125,-3.98,2986,3195,1400-10-27,2022-01-17
27,چخزر,صنايع چوب خزر كاسپين,2776,3422440,112494333100,33600,33550,32000,-1600,-4.76,32850,-750,-2.23,31950,35250,1400-10-27,2022-01-17
28,مديريت,س. و خدمات مديريت صند. ب كشوري,2745,5276559,44913345830,8630,8550,8350,-280,-3.24,8510,-120,-1.39,8270,8730,1400-10-27,2022-01-17
29,كاما,باما,2739,24653680,146238525900,5920,6010,5760,-160,-2.7,5930,10,0.17,5700,6200,1400-10-27,2022-01-17
30,فجهان,مجتمع جهان فولاد سيرجان,2722,10239384,56327446210,5500,5500,5500,0,0,5500,0,0,5500,5530,1400-10-27,2022-01-17
31,خپارس,پارس‌ خودرو,2719,115233192,120126310686,1031,1050,1024,-7,-0.68,1042,11,1.07,1019,1070,1400-10-27,2022-01-17
32,خنصير,مهندسي‌نصيرماشين‌,2695,12557258,211199932360,16290,17030,16190,-100,-0.61,16820,530,3.25,16130,17100,1400-10-27,2022-01-17
33,سمگا,گروه سرمايه گذاري ميراث فرهنگي,2675,30933624,309694052910,9950,10260,9960,10,0.1,10010,60,0.6,9800,10370,1400-10-27,2022-01-17
34,نوري,پتروشيمي نوري,2571,1598449,163303764420,102120,103440,101540,-580,-0.57,102160,40,0.04,101450,104240,1400-10-27,2022-01-17
35,شفن,پتروشيمي فناوران,2496,9585441,121530838990,13220,13000,12560,-660,-4.99,12680,-540,-4.08,12560,13130,1400-10-27,2022-01-17
36,پترول,گ.س.وت.ص.پتروشيمي خليج فارس,2456,57851745,123948914563,2143,2177,2140,-3,-0.14,2143,0,0,2124,2179,1400-10-27,2022-01-17
37,غصينو,صنعتي مينو,2279,12143808,194272744770,15370,15200,16130,760,4.94,16000,630,4.1,15000,16130,1400-10-27,2022-01-17
38,كيان,صندوق س. با درآمد ثابت كيان,2268,23587687,770107469513,32631,32647,32650,19,0.06,32649,18,0.06,32647,32650,1400-10-27,2022-01-17
39,وساغربي,شركت س استان آذربايجان غربي,2205,138892551,56673989998,409,406,408,-1,-0.24,408,-1,-0.24,403,413,1400-10-27,2022-01-17
40,وبصادر,بانك صادرات ايران,2198,95313385,181345310744,1902,1891,1870,-32,-1.68,1903,1,0.05,1854,1959,1400-10-27,2022-01-17
41,فارس,صنايع پتروشيمي خليج فارس,2193,14637536,148093276920,10130,10250,10140,10,0.1,10120,-10,-0.1,10000,10250,1400-10-27,2022-01-17
42,لپارس,پارس‌ الكتريك‌,2190,1109880,104036282730,96110,97460,91310,-4800,-4.99,93740,-2370,-2.47,91310,99800,1400-10-27,2022-01-17
43,ديران,ايران‌دارو,2149,9194707,137264355910,15610,14940,14830,-780,-5,14930,-680,-4.36,14830,15490,1400-10-27,2022-01-17
44,ضخود2019,اختيارخ خودرو-2500-1401/02/07,1986,76707,11812055000,153,159,134,-19,-12.42,154,1,0.65,129,167,1400-10-27,2022-01-17
45,سپيد,سپيد ماكيان,1955,1262508,72678778420,58010,58800,56540,-1470,-2.53,57570,-440,-0.76,56300,59900,1400-10-27,2022-01-17
46,غگيلا,شيرپاستوريزه پگاه گيلان,1954,3973341,66378679050,16770,16900,16220,-550,-3.28,16710,-60,-0.36,15940,17270,1400-10-27,2022-01-17
47,زملاردح,ح.كشاورزي و دامپروري ملارد شير,1954,921200,4859087470,5510,5260,5240,-270,-4.9,5270,-240,-4.36,5240,5500,1400-10-27,2022-01-17
48,غنوش,نوش‌ مازندران‌,1945,10697287,117798645730,11460,10980,10900,-560,-4.89,11010,-450,-3.93,10890,11460,1400-10-27,2022-01-17
49,شگويا,پتروشيمي تندگويان,1929,6289928,67021179730,10500,10510,10540,40,0.38,10600,100,0.95,10510,10900,1400-10-27,2022-01-17
50,غزر,صنعتي زر ماكارون,1908,2473647,21532848000,8840,8730,8610,-230,-2.6,8740,-100,-1.13,8590,8950,1400-10-27,2022-01-17
51,ختوقا,قطعات‌ اتومبيل‌ ايران‌,1873,36915160,100370877888,2674,2703,2669,-5,-0.19,2719,45,1.68,2633,2800,1400-10-27,2022-01-17
52,وغدير,سرمايه‌گذاري‌غدير(هلدينگ‌,1810,7554099,100354739180,13540,13500,13110,-430,-3.18,13320,-220,-1.62,13090,13800,1400-10-27,2022-01-17
53,تسه0009,امتيازتسهيلات مسكن آذر 1400,1789,101183,123877630634,1245058,1265000,1250000,4942,0.4,1224293,-20765,-1.67,1186122,1265000,1400-10-27,2022-01-17
54,وخارزم,سرمايه گذاري خوارزمي,1784,18349089,74470211341,4051,4050,4011,-40,-0.99,4059,8,0.2,4000,4148,1400-10-27,2022-01-17
55,گدنا,تهيه توزيع غذاي دنا آفرين فدك,1781,1298083,14613542770,11400,11180,10990,-410,-3.6,11260,-140,-1.23,10920,11730,1400-10-27,2022-01-17
56,اعتماد,صندوق س.اعتماد آفرين پارسيان-د,1746,27193840,1125495567770,41364,41388,41388,24,0.06,41388,24,0.06,41387,41390,1400-10-27,2022-01-17
57,گشان,توسعه بين المللي پديده شانديز,1719,4688252,77324605880,16700,16550,16790,90,0.54,16490,-210,-1.26,16200,17100,1400-10-27,2022-01-17
58,شپديس,پتروشيمي پرديس,1694,1146501,171393382640,151240,150600,146000,-5240,-3.46,149490,-1750,-1.16,145000,154500,1400-10-27,2022-01-17
59,ثاميد,توسعه و عمران اميد,1685,16207168,21351586564,1334,1321,1310,-24,-1.8,1317,-17,-1.27,1305,1348,1400-10-27,2022-01-17
60,امين يكم,صندوق درآمد ثابت امين يكم فردا,1656,43748451,443224867450,10124,10131,10129,5,0.05,10131,7,0.07,10129,10134,1400-10-27,2022-01-17
61,لكما,كارخانجات‌مخابراتي‌ايران‌,1646,59063228,48292966595,837,816,822,-15,-1.79,818,-19,-2.27,812,841,1400-10-27,2022-01-17
62,خزاميا,زامياد,1624,11762803,96474570240,8050,8110,8030,-20,-0.25,8200,150,1.86,7980,8430,1400-10-27,2022-01-17
63,بكامح,ح.كارخانجات توليدي شهيد قندي,1616,47360293,20019971134,435,443,431,-4,-0.92,423,-12,-2.76,403,445,1400-10-27,2022-01-17
64,دانا,بيمه دانا,1608,37399301,181566047025,4660,4810,4739,79,1.7,4855,195,4.18,4569,4887,1400-10-27,2022-01-17
65,سپيدار,سپيدار سيستم آسيا,1605,390423,7492744400,19300,18900,18850,-450,-2.33,19250,-50,-0.26,18850,19750,1400-10-27,2022-01-17
66,كماسه,تامين‌ ماسه‌ ريخته‌گري‌,1547,20797210,58756554094,2767,2726,2840,73,2.64,2825,58,2.1,2723,2900,1400-10-27,2022-01-17
67,بوعلي,پتروشيمي بوعلي سينا,1543,1085024,77098944410,71150,71000,71000,-150,-0.21,71080,-70,-0.1,70550,72200,1400-10-27,2022-01-17
68,وكبهمن,مديريت سرمايه گذاري كوثربهمن,1533,1060522,9380692430,9150,8890,8800,-350,-3.83,8950,-200,-2.19,8700,9170,1400-10-27,2022-01-17
69,شاروم,پتروشيمي اروميه,1518,703136,9073320580,12830,12820,12670,-160,-1.25,12880,50,0.39,12660,13190,1400-10-27,2022-01-17
70,فاذر,صنايع‌ آذرآب‌,1511,56421797,48921628701,850,865,852,2,0.24,867,17,2,846,885,1400-10-27,2022-01-17
71,ثبهساز,بهساز كاشانه تهران,1506,8844692,12864382093,1471,1433,1439,-32,-2.18,1456,-15,-1.02,1420,1490,1400-10-27,2022-01-17
72,فاراك,ماشين‌ سازي‌ اراك‌,1503,35463134,47105236757,1353,1321,1299,-54,-3.99,1328,-25,-1.85,1299,1368,1400-10-27,2022-01-17
73,بپيوند,برق و انرژي پيوندگستر پارس,1484,1002391,8963466290,9010,8860,8780,-230,-2.55,8970,-40,-0.44,8740,9100,1400-10-27,2022-01-17
74,سدبير,س. تدبيرگران فارس وخوزستان,1483,2278341,78421057750,33800,34950,33900,100,0.3,34400,600,1.78,33650,35350,1400-10-27,2022-01-17
75,وهامون,سرمايه گذاري هامون صبا,1481,4753665,12358661976,2633,2629,2586,-47,-1.79,2605,-28,-1.06,2584,2647,1400-10-27,2022-01-17
76,غگل,گلوكوزان‌,1473,18425851,58817687468,3199,3200,3137,-62,-1.94,3192,-7,-0.22,3120,3330,1400-10-27,2022-01-17
77,زاگرس,پتروشيمي زاگرس,1455,405055,76487674300,189600,190950,186400,-3200,-1.69,189000,-600,-0.32,186000,196900,1400-10-27,2022-01-17
78,وپارس,بانك‌پارسيان‌,1426,37878397,67206584114,1823,1800,1740,-83,-4.55,1793,-30,-1.65,1732,1854,1400-10-27,2022-01-17
79,بگيلان,توسعه مسير برق گيلان,1390,352810,4700760970,13510,13230,13360,-150,-1.11,13470,-40,-0.3,13200,13510,1400-10-27,2022-01-17
80,پسهند,صنايع‌ لاستيكي‌  سهند,1382,2456457,74605060210,31530,32690,29970,-1560,-4.95,30370,-1160,-3.68,29960,32690,1400-10-27,2022-01-17
81,حكشتي,كشتيراني جمهوري اسلامي ايران,1377,4907303,64053858790,13310,13310,12890,-420,-3.16,13160,-150,-1.13,12750,13530,1400-10-27,2022-01-17
82,شرنگي,شيميايي رنگين,1362,592850,140510406550,229900,241350,241350,11450,4.98,237000,7100,3.09,229900,241350,1400-10-27,2022-01-17
83,وسپهر,سرمايه گذاري مالي سپهرصادرات,1355,3381599,23875322500,7060,7060,7060,0,0,7060,0,0,7060,7070,1400-10-27,2022-01-17
84,ثشاهد,سرمايه‌ گذاري‌ شاهد,1343,7247305,63937016890,8990,9010,8600,-390,-4.34,8820,-170,-1.89,8550,9130,1400-10-27,2022-01-17
85,ورازي,بيمه رازي,1339,55719681,66045763554,1151,1150,1208,57,4.95,1185,34,2.95,1100,1208,1400-10-27,2022-01-17
86,زملارد,كشاورزي و دامپروري ملارد شير,1324,923904,7238725000,7970,7650,7610,-360,-4.52,7900,-70,-0.88,7580,8100,1400-10-27,2022-01-17
87,افران,صندوق س افرا نماد پايدار-ثابت,1306,30338522,463329851686,15263,15271,15272,9,0.06,15272,9,0.06,15271,15274,1400-10-27,2022-01-17
88,صبا,سرمايه گذاري صبا تامين,1299,9158361,56361266980,6170,6170,6130,-40,-0.65,6160,-10,-0.16,6090,6220,1400-10-27,2022-01-17
89,پارسان,گسترش نفت و گاز پارسيان,1277,5661069,174923759660,30520,30900,31190,670,2.2,30900,380,1.25,30500,31350,1400-10-27,2022-01-17
90,آبادا,توليد نيروي برق آبادان,1271,445721,4011238870,9250,8930,8970,-280,-3.03,9180,-70,-0.76,8900,9250,1400-10-27,2022-01-17
91,ولپارس,ليزينگ پارسيان,1265,4361394,11643940569,2730,2719,2618,-112,-4.1,2681,-49,-1.79,2617,2760,1400-10-27,2022-01-17
92,سيتا,سرمايه گذاري سيمان تامين,1263,1539096,13359381990,8680,8670,8700,20,0.23,8680,0,0,8630,8790,1400-10-27,2022-01-17
93,قتربت,قند تربت حيدريه,1258,185926,12457042000,63850,67000,67000,3150,4.93,67000,3150,4.93,67000,67000,1400-10-27,2022-01-17
94,آپ,آسان پرداخت پرشين,1258,8917934,75961954230,8840,8850,8400,-440,-4.98,8520,-320,-3.62,8400,9060,1400-10-27,2022-01-17
95,حآفرين,ريل پرداز نو آفرين,1240,13707457,48435861379,3625,3545,3444,-181,-4.99,3534,-91,-2.51,3444,3684,1400-10-27,2022-01-17
96,حسير,ريل سير كوثر,1235,6590113,102551919800,15540,16120,15540,0,0,15560,20,0.13,15000,16120,1400-10-27,2022-01-17
97,پارس,پتروشيمي پارس,1232,327736,55171417910,167730,171900,166000,-1730,-1.03,168060,330,0.2,165510,171900,1400-10-27,2022-01-17
98,حتوكا,حمل‌ونقل‌توكا,1223,5598819,75409395720,13220,13300,13580,360,2.72,13470,250,1.89,12600,13800,1400-10-27,2022-01-17
99,ونيرو,سرمايه‌گذاري‌نيرو,1212,53521896,128367161342,2307,2302,2422,115,4.98,2398,91,3.94,2280,2422,1400-10-27,2022-01-17
100,پارند,صندوق س. پارند پايدار سپهر,1162,38637195,388942733465,10061,10066,10067,6,0.06,10067,6,0.06,10066,10067,1400-10-27,2022-01-17
101,ولقمان,سرمايه گذاري لقمان,1160,5888435,16260722282,2728,2647,2752,24,0.88,2761,33,1.21,2647,2809,1400-10-27,2022-01-17
102,كزغال,زغال سنگ پروده طبس,1154,610843,17787332050,29550,29750,28700,-850,-2.88,29200,-350,-1.18,28650,30000,1400-10-27,2022-01-17
103,غكورش,صنعت غذايي كورش,1153,702888,32817865110,46620,47500,46510,-110,-0.24,46660,40,0.09,46030,48090,1400-10-27,2022-01-17
104,لطيف,محصولات كاغذي لطيف,1146,337003,12253218300,36450,35550,36300,-150,-0.41,36350,-100,-0.27,35550,37100,1400-10-27,2022-01-17
105,ومدير,گ.مديريت ارزش سرمايه ص ب كشوري,1127,2687107,11735593268,4329,4301,4340,11,0.25,4358,29,0.67,4292,4479,1400-10-27,2022-01-17
106,فروي,ذوب روي اصفهان,1114,2454804,41493131750,17380,16680,16800,-580,-3.34,16900,-480,-2.76,16660,17590,1400-10-27,2022-01-17
107,تبرك,گروه كارخانجات صنعتي تبرك,1109,6411241,52866826840,7900,7820,8090,190,2.41,8250,350,4.43,7820,8290,1400-10-27,2022-01-17
108,فخوز,فولاد  خوزستان,1101,9588749,56552202400,5950,5890,5850,-100,-1.68,5920,-30,-0.5,5850,6010,1400-10-27,2022-01-17
109,شاراك,پتروشيمي شازند,1096,1961008,78060678270,39730,40790,39330,-400,-1.01,39790,60,0.15,39310,40790,1400-10-27,2022-01-17
110,سحرخيز,صندوق س. گروه زعفران سحرخيز,1094,1849962,31373999456,17270,17099,16742,-528,-3.06,16959,-311,-1.8,16681,17342,1400-10-27,2022-01-17
111,كوير,توليدي فولاد سپيد فراب كوير,1094,12050533,50250465288,4370,4260,4152,-218,-4.99,4170,-200,-4.58,4152,4350,1400-10-27,2022-01-17
112,فجر,فولاد اميركبيركاشان,1084,3611077,74539144250,21450,21210,20380,-1070,-4.99,20640,-810,-3.78,20380,21950,1400-10-27,2022-01-17
113,چكارن,كارتن‌ ايران‌,1076,18951272,51743471025,2746,2787,2678,-68,-2.48,2730,-16,-0.58,2621,2830,1400-10-27,2022-01-17
114,فتوسا,توليد و توسعه سرب روي ايرانيان,1064,542216,6020111400,11110,10770,10810,-300,-2.7,11110,0,0,10770,11440,1400-10-27,2022-01-17
115,رافزا,رايان هم افزا,1050,93978,5385140600,58400,57100,56850,-1550,-2.65,58000,-400,-0.68,56500,58950,1400-10-27,2022-01-17
116,قچار,فراوردههاي غذايي وقند چهارمحال,1046,7952867,75401343870,9610,9700,9130,-480,-4.99,9480,-130,-1.35,9130,9880,1400-10-27,2022-01-17
117,تليسه,دامداري تليسه نمونه,1043,13955556,31651102837,2264,2340,2198,-66,-2.92,2268,4,0.18,2170,2370,1400-10-27,2022-01-17
118,شصدف,صنعتي دوده فام,1037,1315130,46544980450,35050,35850,34650,-400,-1.14,35400,350,1,34550,36400,1400-10-27,2022-01-17
119,خلنت,لنت‌ ترمزايران‌,1021,1065983,71560823610,64080,64820,67280,3200,4.99,67130,3050,4.76,64180,67280,1400-10-27,2022-01-17
120,شبريز,پالايش نفت تبريز,1008,1123952,37971686020,33100,33890,33320,220,0.66,33350,250,0.76,33220,34450,1400-10-27,2022-01-17
121,وسكرد,شركت س استان كردستان,1006,69300001,28345665266,410,410,406,-4,-0.98,409,-1,-0.24,405,415,1400-10-27,2022-01-17
122,ولكار,ليزينگ كارآفرين,1000,353038,1353714378,3962,3800,3840,-122,-3.08,3950,-12,-0.3,3800,3957,1400-10-27,2022-01-17
123,ومعادن,توسعه‌معادن‌وفلزات‌,984,6526543,59279655200,9160,9070,9050,-110,-1.2,9120,-40,-0.44,8990,9230,1400-10-27,2022-01-17
124,تاصيكو,سرمايه گذاري صدرتامين,968,5044667,40722816650,8080,8210,8050,-30,-0.37,8080,0,0,8000,8240,1400-10-27,2022-01-17
125,شغدير,پتروشيمي غدير,964,741645,57892266100,79040,79010,76910,-2130,-2.69,78060,-980,-1.24,76660,80750,1400-10-27,2022-01-17
126,خزر,فنرسازي‌زر,955,4109608,37267280240,9270,9570,8890,-380,-4.1,9070,-200,-2.16,8810,9580,1400-10-27,2022-01-17
127,تاپكيش,تجارت الكترونيك پارسيان كيش,953,3230786,52322012220,16280,16600,16050,-230,-1.41,16190,-90,-0.55,15850,16800,1400-10-27,2022-01-17
128,غشصفا,شيرپاستوريزه‌پگاه‌اصفهان‌,952,2465454,43405291010,18130,18400,17230,-900,-4.96,17610,-520,-2.87,17230,18700,1400-10-27,2022-01-17
129,بترانس,ايران‌ ترانسفو,944,17180803,30669940240,1783,1790,1758,-25,-1.4,1785,2,0.11,1755,1825,1400-10-27,2022-01-17
130,كسعدي,كاشي‌ سعدي‌,943,11340737,81931291570,6890,7070,7180,290,4.21,7220,330,4.79,7060,7230,1400-10-27,2022-01-17
131,هاي وب,داده گسترعصرنوين-هاي وب,937,8764337,67198501300,7670,7680,7660,-10,-0.13,7670,0,0,7590,7870,1400-10-27,2022-01-17
132,وفتخار,سرمايه گذاري افتخار سهام,923,4612481,9939876760,2056,2158,2158,102,4.96,2155,99,4.82,2062,2158,1400-10-27,2022-01-17
133,فگستر,گسترش صنايع روي ايرانيان,913,582422,5515292490,9570,9500,9210,-360,-3.76,9530,-40,-0.42,9200,9650,1400-10-27,2022-01-17
134,ملت,بيمه ملت,912,31097674,38735733348,1244,1206,1250,6,0.48,1246,2,0.16,1206,1259,1400-10-27,2022-01-17
135,چكاپا,گروه صنايع كاغذ پارس,912,8457923,23661795367,2788,2850,2760,-28,-1,2798,10,0.36,2713,2870,1400-10-27,2022-01-17
136,پيزد,مجتمع صنايع لاستيك يزد,904,287327,13813007200,48250,47000,47200,-1050,-2.18,48100,-150,-0.31,46000,50100,1400-10-27,2022-01-17
137,تپولا,مهندسي مرآت پولاد,892,2288177,28206207550,12630,12250,12270,-360,-2.85,12330,-300,-2.38,12000,12900,1400-10-27,2022-01-17
138,غپينو,پارس‌ مينو,890,13306837,26211334487,2042,1992,1940,-102,-5,1970,-72,-3.53,1940,2070,1400-10-27,2022-01-17
139,وپويا,سرمايه گذاري پويا,888,1814384,5816762746,3246,3184,3172,-74,-2.28,3230,-16,-0.49,3167,3280,1400-10-27,2022-01-17
140,خفنر,فنرسازي‌خاور,882,3907997,23658552300,6210,5960,5910,-300,-4.83,6050,-160,-2.58,5900,6400,1400-10-27,2022-01-17
141,قرن,پديده شيمي قرن,882,1671065,42284568310,25260,25900,25600,340,1.35,25300,40,0.16,24200,26350,1400-10-27,2022-01-17
142,كتوكا,توليدي و خدمات صنايع نسوز توكا,862,5301904,35038978510,6360,6450,6400,40,0.63,6610,250,3.93,6400,6670,1400-10-27,2022-01-17
143,ثاخت,بين‌المللي‌توسعه‌ساختمان,858,18528839,31987580556,1715,1752,1695,-20,-1.17,1726,11,0.64,1688,1800,1400-10-27,2022-01-17
144,ختور,رادياتور ايران‌,857,2837598,31035888280,10890,11010,10690,-200,-1.84,10940,50,0.46,10540,11380,1400-10-27,2022-01-17
145,كچاد,معدني‌وصنعتي‌چادرملو,844,2486581,72103096930,29380,29000,28570,-810,-2.76,29140,-240,-0.82,28470,29450,1400-10-27,2022-01-17
146,كاوه,فولاد كاوه جنوب كيش,839,3451477,41589991630,12330,12110,11900,-430,-3.49,12170,-160,-1.3,11730,12390,1400-10-27,2022-01-17
147,رمپنا,گروه مپنا (سهامي عام),830,3682203,57953722800,15880,15330,15620,-260,-1.64,15810,-70,-0.44,15330,16040,1400-10-27,2022-01-17
148,فسرب,ملي‌ سرب‌وروي‌ ايران‌,816,14156850,22345056215,1582,1590,1540,-42,-2.65,1578,-4,-0.25,1518,1636,1400-10-27,2022-01-17
149,ضسان2018,اختيارخ پارسان-28470-01/02/18,812,46401,37605316000,1,810,810,809,80900,810,809,80900,810,900,1400-10-27,2022-01-17
150,ونوين,بانك‌اقتصادنوين‌,792,13101226,43924868637,3411,3411,3309,-102,-2.99,3353,-58,-1.7,3255,3440,1400-10-27,2022-01-17
151,سرو,صندوق س سروسودمند مدبران-سهام,790,535033,35271589050,65800,66490,65190,-610,-0.93,65920,120,0.18,65000,66810,1400-10-27,2022-01-17
152,وليز,ليزينگ‌ايران‌,781,12447784,21468751143,1784,1854,1695,-89,-4.99,1725,-59,-3.31,1695,1854,1400-10-27,2022-01-17
153,كيسون,شركت كيسون,780,19505442,30601217872,1575,1557,1573,-2,-0.13,1569,-6,-0.38,1529,1615,1400-10-27,2022-01-17
154,وملي,گروه‌ صنعتي‌ ملي‌ (هلدينگ‌,773,215670,26925831070,123700,125900,123040,-660,-0.53,124850,1150,0.93,118020,127700,1400-10-27,2022-01-17
155,پتاير,ايران‌ تاير,773,18610715,31885187246,1713,1730,1688,-25,-1.46,1713,0,0,1688,1758,1400-10-27,2022-01-17
156,حفاري,حفاري شمال,770,7697291,28754270309,3840,3768,3648,-192,-5,3736,-104,-2.71,3648,3850,1400-10-27,2022-01-17
157,غويتا,ويتانا,768,6106880,26871649935,4558,4558,4331,-227,-4.98,4400,-158,-3.47,4331,4699,1400-10-27,2022-01-17
158,وسكرمان,س.سهام عدالت استان كرمان,767,57076528,23546315871,413,412,409,-4,-0.97,413,0,0,407,420,1400-10-27,2022-01-17
159,تملت,تامين سرمايه بانك ملت,757,8069136,20541135658,2539,2570,2509,-30,-1.18,2546,7,0.28,2503,2598,1400-10-27,2022-01-17
160,تاپيكو,س. نفت و گاز و پتروشيمي تأمين,752,3522505,46617013420,13350,13390,13100,-250,-1.87,13300,-50,-0.37,13100,13490,1400-10-27,2022-01-17
161,شسپا,نفت سپاهان,749,17316493,56566704553,3248,3264,3218,-30,-0.92,3262,14,0.43,3182,3350,1400-10-27,2022-01-17
162,غدام,خوراك‌  دام‌ پارس‌,744,365320,30528434930,86320,86320,82090,-4230,-4.9,83570,-2750,-3.19,82010,87990,1400-10-27,2022-01-17
163,تملتح,ح . تامين سرمايه بانك ملت,742,4073128,4459839735,1097,1100,1087,-10,-0.91,1095,-2,-0.18,1085,1110,1400-10-27,2022-01-17
164,فنفت,صنايع تجهيزات نفت,737,2989994,61093961880,21000,20370,20370,-630,-3,20430,-570,-2.71,20370,20760,1400-10-27,2022-01-17
165,قثابت,قند ثابت‌ خراسان‌,735,17938498,28793686296,1623,1640,1580,-43,-2.65,1605,-18,-1.11,1578,1645,1400-10-27,2022-01-17
166,خكمك,كمك‌فنرايندامين‌,728,1736500,41056224380,23590,24090,22800,-790,-3.35,23640,50,0.21,22750,24740,1400-10-27,2022-01-17
167,آگاس,صندوق س.هستي بخش آگاه-س,714,556910,40817907189,73757,73780,73448,-309,-0.42,73294,-463,-0.63,72600,74800,1400-10-27,2022-01-17
168,اخابر,مخابرات ايران,714,6666880,46313383340,7010,7000,6790,-220,-3.14,6990,-20,-0.29,6760,7110,1400-10-27,2022-01-17
169,زنگان,صنعت روي زنگان,700,390288,21578085400,55350,56800,53900,-1450,-2.62,55300,-50,-0.09,53000,57500,1400-10-27,2022-01-17
170,رتاپ,تجارت الكترونيك  پارسيان,699,2437189,12344634391,5019,5149,5097,78,1.55,5056,37,0.74,5000,5150,1400-10-27,2022-01-17
171,اپال,فرآوري معدني اپال كاني پارس,698,647419,15197152200,23520,23520,23420,-100,-0.43,23510,-10,-0.04,23410,23880,1400-10-27,2022-01-17
172,كتوكاح,ح.توليدي وخدمات صنايع نسوزتوكا,697,3674928,16056959990,4247,4200,4305,58,1.37,4369,122,2.87,4200,4459,1400-10-27,2022-01-17
173,وصنا,گروه‌صنايع‌بهشهرايران‌,694,7829824,22473689690,2960,2900,2840,-120,-4.05,2870,-90,-3.04,2812,3040,1400-10-27,2022-01-17
174,طلا,صندوق س.پشتوانه طلاي لوتوس,692,611803,50506021372,83557,82950,82700,-857,-1.03,82553,-1004,-1.2,82311,83000,1400-10-27,2022-01-17
175,كرماشا,صنايع پتروشيمي كرمانشاه,687,1052788,49923304630,48620,47100,46620,-2000,-4.11,47730,-890,-1.83,46400,48500,1400-10-27,2022-01-17
176,تكشا,گسترش‌صنايع‌وخدمات‌كشاورزي‌,681,1403994,55332173880,39840,40410,38350,-1490,-3.74,39410,-430,-1.08,37900,41770,1400-10-27,2022-01-17
177,كترام,توليدي‌ كاشي‌ تكسرام‌,679,1824988,40436692010,22240,22330,22010,-230,-1.03,22160,-80,-0.36,21730,22960,1400-10-27,2022-01-17
178,خمحركه,نيرو محركه‌,677,5817483,19084027317,3229,3280,3206,-23,-0.71,3280,51,1.58,3153,3350,1400-10-27,2022-01-17
179,غشهداب,كشت و صنعت شهداب ناب خراسان,677,14193435,34397217154,2463,2422,2430,-33,-1.34,2423,-40,-1.62,2377,2520,1400-10-27,2022-01-17
180,ضخود2018,اختيارخ خودرو-2000-1401/02/07,677,20127,7828517000,363,381,360,-3,-0.83,389,26,7.16,355,429,1400-10-27,2022-01-17
181,كارا,صندوق س. كارا -د,669,27938133,295780801761,10580,10587,10587,7,0.07,10587,7,0.07,10586,10587,1400-10-27,2022-01-17
182,تسه0006,امتيازتسهيلات مسكن شهريور1400,667,11771,14501048096,1231157,1246800,1225000,-6157,-0.5,1231930,773,0.06,1200002,1292714,1400-10-27,2022-01-17
183,افرا,افرانت,667,2080149,43007214700,20100,19100,21100,1000,4.98,20700,600,2.99,19100,21100,1400-10-27,2022-01-17
184,شجم,صنايع پتروشيمي تخت جمشيد,667,3381653,36271151300,10660,10540,10700,40,0.38,10730,70,0.66,10500,10930,1400-10-27,2022-01-17
185,سنير,سيمان‌ سفيد ني‌ريز,661,868623,21690349650,25830,25640,24540,-1290,-4.99,24970,-860,-3.33,24540,26400,1400-10-27,2022-01-17
186,مفاخر,توسعه فناوري اطلاعات خوارزمي,656,1974531,54480540650,26450,25350,27750,1300,4.91,27600,1150,4.35,25250,27750,1400-10-27,2022-01-17
187,فپنتا,سپنتا,647,184842,86205388250,487060,471160,462710,-24350,-5,466370,-20690,-4.25,462710,494000,1400-10-27,2022-01-17
188,سفارس,سيمان فارس و خوزستان,644,5158237,77719260440,15050,15220,14900,-150,-1,15070,20,0.13,14890,15490,1400-10-27,2022-01-17
189,شلعاب,لعابيران‌,643,5275695,24575814120,4820,4890,4580,-240,-4.98,4660,-160,-3.32,4580,4890,1400-10-27,2022-01-17
190,قاسم,قاسم ايران,641,5480107,19704533775,3696,3630,3540,-156,-4.22,3596,-100,-2.71,3513,3724,1400-10-27,2022-01-17
191,بجهرم,توسعه مولد نيروگاهي جهرم,638,7866361,14359196517,1824,1800,1803,-21,-1.15,1825,1,0.05,1800,1860,1400-10-27,2022-01-17
192,خموتور,موتورسازان‌تراكتورسازي‌ايران‌,636,5338920,21679252767,4135,3980,3959,-176,-4.26,4061,-74,-1.79,3940,4249,1400-10-27,2022-01-17
193,ولساپا,ليزينگ رايان‌ سايپا,635,11766637,15637885652,1327,1328,1315,-12,-0.9,1329,2,0.15,1299,1378,1400-10-27,2022-01-17
194,شيران,س. صنايع‌شيميايي‌ايران,631,1547642,29285750370,19230,18990,18700,-530,-2.76,19110,-120,-0.62,18640,19400,1400-10-27,2022-01-17
195,سيمرغ,سيمرغ,626,1578936,35997113350,22680,22950,22310,-370,-1.63,22800,120,0.53,22310,23110,1400-10-27,2022-01-17
196,حبندر,دريايي و کشتيراني خط دريابندر,623,4497360,65469519030,14470,14500,14900,430,2.97,14560,90,0.62,14050,14900,1400-10-27,2022-01-17
197,مبين,مبين انرژي خليج فارس,622,3233067,71487943950,22250,22980,21700,-550,-2.47,22160,-90,-0.4,21220,22980,1400-10-27,2022-01-17
198,تسه0008,امتيازتسهيلات مسكن آبان1400,612,8108,9950884944,1240236,1180201,1220000,-20236,-1.63,1227292,-12944,-1.04,1180201,1260000,1400-10-27,2022-01-17
199,ياقوت,صندوق س ياقوت آگاه-ثابت,608,12766607,178673977677,13992,13999,13996,4,0.03,13995,3,0.02,13995,14000,1400-10-27,2022-01-17
200,غسالم,سالمين‌,594,6871912,17661157777,2598,2600,2529,-69,-2.66,2570,-28,-1.08,2525,2639,1400-10-27,2022-01-17
201,فلوله,لوله‌وماشين‌سازي‌ايران‌,588,16122777,14791716464,941,949,906,-35,-3.72,917,-24,-2.55,899,952,1400-10-27,2022-01-17
202,كمرجان,بازرگاني و توليدي مرجان كار,587,3756429,18696787600,5080,5130,4830,-250,-4.92,4980,-100,-1.97,4830,5250,1400-10-27,2022-01-17
203,دماوند,توليد نيروي برق دماوند,586,1497569,25444652340,16760,16320,16980,220,1.31,16920,160,0.95,16320,17590,1400-10-27,2022-01-17
204,ولغدر,ليزينگ‌خودروغدير,575,4457764,37802582370,8160,8500,8230,70,0.86,8480,320,3.92,8060,8560,1400-10-27,2022-01-17
205,كساوه,صنايع‌ كاشي‌ و سراميك‌ سينا,569,873879,42060788770,46510,47500,46820,310,0.67,48130,1620,3.48,46700,48830,1400-10-27,2022-01-17
206,فباهنر,مس‌ شهيدباهنر,563,626024,16920801820,26510,27400,26400,-110,-0.41,26820,310,1.17,26400,27480,1400-10-27,2022-01-17
207,شاملا,معدني‌ املاح‌  ايران‌,560,4425107,51736982830,11200,11150,11760,560,5,11690,490,4.38,11040,11760,1400-10-27,2022-01-17
208,دسانكو,داروسازي سبحان انكولوژي,555,2126077,25419299390,11750,11510,11970,220,1.87,11960,210,1.79,11510,12280,1400-10-27,2022-01-17
209,كلر,كلر پارس,554,674910,53793209350,83850,79700,79700,-4150,-4.95,79700,-4150,-4.95,79700,81100,1400-10-27,2022-01-17
210,وگردش,بانك گردشگري,550,15066557,154880598580,10270,10250,10280,10,0.1,10280,10,0.1,10250,10320,1400-10-27,2022-01-17
211,دتوليد,داروسازي توليد دارو,547,2064846,14407806960,7270,7000,6910,-360,-4.95,6980,-290,-3.99,6910,7290,1400-10-27,2022-01-17
212,چدن,توليدي چدن سازان,547,4275986,8771962827,2100,2100,2018,-82,-3.9,2070,-30,-1.43,2010,2140,1400-10-27,2022-01-17
213,شاوان,پالايش نفت لاوان,542,320512,39548713100,124350,124800,122150,-2200,-1.77,123700,-650,-0.52,121500,128000,1400-10-27,2022-01-17
214,خراسان,پتروشيمي خراسان,533,381295,41640292180,111430,111680,107000,-4430,-3.98,110250,-1180,-1.06,106700,112700,1400-10-27,2022-01-17
215,ميهن,بيمه ميهن,532,19601636,45357633518,2283,2238,2345,62,2.72,2314,31,1.36,2238,2349,1400-10-27,2022-01-17
216,زبينا,كشاورزي و دامپروري بينالود,523,8675710,19603366513,2254,2330,2182,-72,-3.19,2260,6,0.27,2176,2365,1400-10-27,2022-01-17
217,وساپا,سرمايه‌گذاري‌ سايپا,520,4685150,18934566055,4003,4150,4010,7,0.17,4041,38,0.95,3986,4150,1400-10-27,2022-01-17
218,خمهرح,ح . مهركام‌پارس‌,519,9385752,5177565797,557,585,535,-22,-3.95,552,-5,-0.9,531,585,1400-10-27,2022-01-17
219,بپاس,بيمه پاسارگاد,518,2307201,80754949750,34950,35000,35050,100,0.29,35000,50,0.14,34950,35100,1400-10-27,2022-01-17
220,البرز,بيمه البرز,518,13870083,23025181881,1657,1688,1678,21,1.27,1660,3,0.18,1639,1700,1400-10-27,2022-01-17
221,خكاوه,سايپا ديزل,516,15897267,71442317898,4364,4494,4494,130,2.98,4494,130,2.98,4494,4494,1400-10-27,2022-01-17
222,قلرست,قند لرستان‌,513,864355,14000123150,15800,16100,15970,170,1.08,16150,350,2.22,15730,16590,1400-10-27,2022-01-17
223,غديس,پاكديس,513,1741487,18991364280,11100,11280,10770,-330,-2.97,10910,-190,-1.71,10600,11470,1400-10-27,2022-01-17
224,كرازي,كارخانجات‌توليدي‌شيشه‌رازي‌,509,12680397,15016426667,1187,1213,1167,-20,-1.68,1184,-3,-0.25,1166,1213,1400-10-27,2022-01-17
225,چكاوه,صنايع‌كاغذسازي‌كاوه‌,504,4626656,33479297550,7520,7750,7150,-370,-4.92,7240,-280,-3.72,7150,7750,1400-10-27,2022-01-17
226,ماديرا,صنايع ماديران,503,4813493,23789667440,4930,5060,4830,-100,-2.03,4940,10,0.2,4820,5060,1400-10-27,2022-01-17
227,كامياب,صندوق س. كامياب آشنا-د,503,13786722,155479001438,11270,11277,11278,8,0.07,11277,7,0.06,11277,11278,1400-10-27,2022-01-17
228,پكرمان,گروه‌ صنعتي‌ بارز,502,864021,17056879780,19740,19600,19400,-340,-1.72,19740,0,0,19200,20350,1400-10-27,2022-01-17
229,وكار,بانك‌ كارآفرين‌,500,5655323,12303224401,2277,2201,2164,-113,-4.96,2241,-36,-1.58,2164,2238,1400-10-27,2022-01-17
230,خكار,ايركا پارت صنعت,497,4646417,13378850033,2873,2890,2809,-64,-2.23,2879,6,0.21,2800,2980,1400-10-27,2022-01-17
231,مثقال,صندوق س.پشتوانه طلاي زرين آگاه,497,1301079,12143547027,9387,9370,9358,-29,-0.31,9333,-54,-0.58,9320,9440,1400-10-27,2022-01-17
232,ستران,سيمان‌ تهران‌,496,999761,19749230830,19790,20140,19200,-590,-2.98,19750,-40,-0.2,18920,20430,1400-10-27,2022-01-17
233,لازما,كارخانه هاي صنعتي آزمايش,496,1015188,22916800850,23200,22550,22550,-650,-2.8,22550,-650,-2.8,22550,22850,1400-10-27,2022-01-17
234,غبشهر,صنعتي‌ بهشهر,496,7445806,25819153711,3468,3533,3396,-72,-2.08,3468,0,0,3396,3614,1400-10-27,2022-01-17
235,كمنگنز,معادن‌منگنزايران‌,493,15733557,148052771370,8970,9410,9410,440,4.91,9410,440,4.91,9410,9410,1400-10-27,2022-01-17
236,ساوه,سيمان ساوه,493,336449,14963607550,44650,43300,44600,-50,-0.11,44500,-150,-0.34,43300,44700,1400-10-27,2022-01-17
237,خودكفا,اقتصادي و خودكفايي آزادگان,492,5074626,36393861770,7330,7340,7120,-210,-2.86,7170,-160,-2.18,7120,7340,1400-10-27,2022-01-17
238,نهال,صندوق س. طلاي سرخ نوويرا,492,808993,14456007022,18345,18080,17657,-688,-3.75,17869,-476,-2.59,17558,18190,1400-10-27,2022-01-17
239,فاسمين,كالسيمين‌,492,2140334,34752021000,16230,16150,15980,-250,-1.54,16240,10,0.06,15980,16450,1400-10-27,2022-01-17
240,خريختح,ح . صنايع‌ريخته‌گري‌ايران‌,490,9708053,13609471190,1412,1350,1344,-68,-4.82,1402,-10,-0.71,1321,1460,1400-10-27,2022-01-17
241,سكارون,سيمان كارون,490,665831,23480185850,35900,35900,34150,-1750,-4.87,35250,-650,-1.81,34150,36950,1400-10-27,2022-01-17
242,وبانك,سرمايه گذاري گروه توسعه ملي,487,4495359,35618759470,7990,8040,7900,-90,-1.13,7960,-30,-0.38,7840,8100,1400-10-27,2022-01-17
243,تپمپي,پمپ‌ سازي‌ ايران‌,485,1504368,31357473370,21020,21520,21200,180,0.86,20840,-180,-0.86,20480,21520,1400-10-27,2022-01-17
244,وصنعت,سرمايه گذاري توسعه صنعت وتجارت,485,6065646,39465207770,6440,6510,6540,100,1.55,6510,70,1.09,6400,6560,1400-10-27,2022-01-17
245,حتايد,تايدواترخاورميانه,482,4367204,22428207680,5060,5200,5170,110,2.17,5140,80,1.58,5060,5260,1400-10-27,2022-01-17
246,بكام,كارخانجات توليدي شهيد قندي,480,6716104,10254041250,1528,1518,1511,-17,-1.11,1527,-1,-0.07,1505,1573,1400-10-27,2022-01-17
247,تسه9908,امتياز تسهيلات مسكن آبان99,479,14013,17135309702,1222331,1224918,1225000,2669,0.22,1222815,484,0.04,1171003,1249600,1400-10-27,2022-01-17
248,تسه0007,امتيازتسهيلات مسكن مهر1400,473,6221,7651592509,1239363,1200000,1200100,-39263,-3.17,1229962,-9401,-0.76,1187399,1280000,1400-10-27,2022-01-17
249,وآذر,سرمايه‌گذاري‌توسعه‌آذربايجان‌,470,411403,12852487490,31820,31210,30860,-960,-3.02,31280,-540,-1.7,30290,32640,1400-10-27,2022-01-17
250,اطلس,صندوق س.توسعه اندوخته آينده-س,467,123313,28500258193,231352,233877,230688,-664,-0.29,231121,-231,-0.1,229271,234486,1400-10-27,2022-01-17
251,دكپسول,توليد ژلاتين كپسول ايران,461,375061,10555524800,28400,28500,27700,-700,-2.46,28200,-200,-0.7,27500,29100,1400-10-27,2022-01-17
252,وثخوز,سرمايه گذاري و توسعه خوزستان,456,644205,20107513000,30650,32150,31700,1050,3.43,31200,550,1.79,29250,32150,1400-10-27,2022-01-17
253,وسكرشا,س.سهام عدالت استان كرمانشاه,455,36135622,15015629626,417,416,415,-2,-0.48,416,-1,-0.24,410,420,1400-10-27,2022-01-17
254,واحيا,م .صنايع و معادن احياء سپاهان,452,5657355,83716090390,15230,14830,14780,-450,-2.95,14800,-430,-2.82,14780,15400,1400-10-27,2022-01-17
255,خريخت,صنايع‌ريخته‌گري‌ايران‌,450,6718318,16543556945,2522,2501,2427,-95,-3.77,2462,-60,-2.38,2396,2597,1400-10-27,2022-01-17
256,شبصير,توليدات پتروشيمي قائد بصير,449,295735,30731833800,103150,105400,104000,850,0.82,103900,750,0.73,102750,105400,1400-10-27,2022-01-17
257,خرينگ,رينگ‌سازي‌مشهد,448,552321,13736490440,25280,25010,24250,-1030,-4.07,24900,-380,-1.5,24040,25900,1400-10-27,2022-01-17
258,خمهر,مهركام‌پارس‌,447,9205814,16083703325,1758,1758,1720,-38,-2.16,1747,-11,-0.63,1700,1819,1400-10-27,2022-01-17
259,كاذر,فرآورده‌هاي‌نسوزآذر,444,1498402,17479996580,11680,11890,11600,-80,-0.68,11670,-10,-0.09,11300,12000,1400-10-27,2022-01-17
260,غمارگ,مارگارين‌,443,7045380,18502237225,2662,2720,2563,-99,-3.72,2626,-36,-1.35,2529,2735,1400-10-27,2022-01-17
261,زكوثر,سرمايه گذاري كشاورزي كوثر,440,905525,12302379240,13700,13880,13370,-330,-2.41,13610,-90,-0.66,13310,14040,1400-10-27,2022-01-17
262,سخزر,سيمان‌ خزر,439,1085514,16869052120,16040,15500,15240,-800,-4.99,15540,-500,-3.12,15240,16050,1400-10-27,2022-01-17
263,خمحور,توليدمحورخودرو,439,5425011,14334078872,2706,2688,2573,-133,-4.92,2642,-64,-2.37,2571,2780,1400-10-27,2022-01-17
264,كسرا,سراميك‌هاي‌صنعتي‌اردكان‌,436,3265991,45901776340,13980,14200,13900,-80,-0.57,14050,70,0.5,13500,14450,1400-10-27,2022-01-17
265,خصدرا,صنعتي‌ دريايي‌ ايران‌,434,10895791,21440283293,1999,2000,1940,-59,-2.95,1968,-31,-1.55,1940,2000,1400-10-27,2022-01-17
266,كگل,معدني و صنعتي گل گهر,434,2018443,43577343650,21940,21700,21770,-170,-0.77,21810,-130,-0.59,21410,21990,1400-10-27,2022-01-17
267,خاهن,آهنگري‌ تراكتورسازي‌ ايران‌,432,2700048,10606755463,4070,3880,3879,-191,-4.69,4004,-66,-1.62,3867,4050,1400-10-27,2022-01-17
268,بشهاب,لامپ‌  پارس‌ شهاب‌,430,280936,39622316060,146030,147920,138730,-7300,-5,141040,-4990,-3.42,138730,147920,1400-10-27,2022-01-17
269,هماي,صندوق س هماي آگاه-ثابت,420,4761383,48341185588,10149,10155,10157,8,0.08,10153,4,0.04,10148,10157,1400-10-27,2022-01-17
270,غگرجي,بيسكويت‌  گرجي‌,420,5075557,8620490797,1754,1760,1695,-59,-3.36,1719,-35,-2,1670,1761,1400-10-27,2022-01-17
271,حپترو,حمل و نقل پتروشيمي( سهامي عام,419,846548,16124268180,19720,18780,19110,-610,-3.09,19050,-670,-3.4,18740,19590,1400-10-27,2022-01-17
272,غپآذر,شير پگاه آذربايجان شرقي,419,2059392,68200011250,32050,32950,33650,1600,4.99,33100,1050,3.28,30500,33650,1400-10-27,2022-01-17
273,لابسا,آبسال‌,417,928990,28289710890,31080,32550,30580,-500,-1.61,30450,-630,-2.03,29700,32550,1400-10-27,2022-01-17
274,ثامان,سامان‌ گستراصفهان‌,414,1980098,21637137830,10820,11260,10650,-170,-1.57,10930,110,1.02,10410,11320,1400-10-27,2022-01-17
275,غبهنوش,بهنوش‌ ايران‌,412,1126470,64401105180,57270,58200,57000,-270,-0.47,57170,-100,-0.17,55930,59500,1400-10-27,2022-01-17
276,تسه0005,امتيازتسهيلات مسكن مرداد 1400,410,6861,8429895812,1238759,1220000,1239990,1231,0.1,1228669,-10090,-0.81,1190225,1259890,1400-10-27,2022-01-17
277,تابا,تابان نيرو سپاهان,410,576272,11998447300,20350,20950,20700,350,1.72,20800,450,2.21,20300,20950,1400-10-27,2022-01-17
278,حآسا,آسيا سير ارس,409,1376510,15948270020,12010,12140,11530,-480,-4,11590,-420,-3.5,11410,12140,1400-10-27,2022-01-17
279,هرمز,فولاد هرمزگان جنوب,407,1425550,20346827350,14470,14470,14070,-400,-2.76,14440,-30,-0.21,14050,14470,1400-10-27,2022-01-17
280,اتكاي,بيمه اتكايي ايرانيان,404,3663049,36547139980,9560,9800,10030,470,4.92,9980,420,4.39,9510,10030,1400-10-27,2022-01-17
281,بموتو,موتوژن‌,403,878596,60405293630,70550,70520,68200,-2350,-3.33,68750,-1800,-2.55,68020,72500,1400-10-27,2022-01-17
282,ودي,بيمه  دي,401,2933104,12024490698,4112,4150,4033,-79,-1.92,4102,-10,-0.24,4028,4173,1400-10-27,2022-01-17
283,شكام,صنايع شيميايي كيمياگران امروز,400,1689125,49702857450,28250,29450,29250,1000,3.54,29450,1200,4.25,28550,29650,1400-10-27,2022-01-17
284,تنوين,تامين سرمايه نوين,399,10779829,67172050780,6220,6220,6180,-40,-0.64,6230,10,0.16,6000,6300,1400-10-27,2022-01-17
285,شفارس,صنايع‌ شيميايي‌ فارس‌,398,11169552,10698888295,960,960,958,-2,-0.21,958,-2,-0.21,938,971,1400-10-27,2022-01-17
286,قزوين,كارخانجات‌ قند قزوين‌,397,4805817,21000884402,4298,4400,4300,2,0.05,4370,72,1.68,4297,4512,1400-10-27,2022-01-17
287,شبهرن,نفت‌ بهران‌,395,1745217,18678071730,10880,10990,10550,-330,-3.03,10820,-60,-0.55,10530,10990,1400-10-27,2022-01-17
288,پرداخت,به پرداخت ملت,395,1873244,27083414230,14420,14820,14600,180,1.25,14460,40,0.28,13870,14900,1400-10-27,2022-01-17
289,ثاباد,توريستي ورفاهي آبادگران ايران,392,446449,16981835630,38320,38000,38010,-310,-0.81,38040,-280,-0.73,37010,39310,1400-10-27,2022-01-17
290,آسيا,بيمه آسيا,388,12111877,19815048383,1649,1631,1619,-30,-1.82,1636,-13,-0.79,1602,1699,1400-10-27,2022-01-17
291,شپترو,پتروشيمي آبادان,387,4772947,12984930465,2751,2753,2682,-69,-2.51,2721,-30,-1.09,2678,2817,1400-10-27,2022-01-17
292,خكرمان,گروه اقتصادي كرمان خودرو,385,9903264,33701685734,3398,3448,3398,0,0,3403,5,0.15,3340,3450,1400-10-27,2022-01-17
293,وآوا,سرمايه گذاري آوا نوين,381,4925499,11442407056,2438,2344,2317,-121,-4.96,2344,-94,-3.86,2317,2411,1400-10-27,2022-01-17
294,كهمدا,شيشه‌ همدان‌,381,1773008,16503037320,9530,9380,9180,-350,-3.67,9310,-220,-2.31,9110,9660,1400-10-27,2022-01-17
295,قشهد,شهد,379,1669717,24322752060,14860,14400,14870,10,0.07,14570,-290,-1.95,14120,15390,1400-10-27,2022-01-17
296,جوين,كشت و صنعت جوين,378,8507641,21279644196,2439,2402,2450,11,0.45,2501,62,2.54,2402,2512,1400-10-27,2022-01-17
297,سخوز,سيمان خوزستان,377,1914963,39927622420,21060,21000,20570,-490,-2.33,20850,-210,-1,20230,21500,1400-10-27,2022-01-17
298,وساخت,سرمايه‌ گذاري‌ ساختمان‌ايران‌,375,570746,18523035810,32870,33000,32000,-870,-2.65,32450,-420,-1.28,31320,33750,1400-10-27,2022-01-17
299,ولملت,واسپاري ملت,375,6631340,17264567328,2679,2630,2546,-133,-4.96,2603,-76,-2.84,2546,2780,1400-10-27,2022-01-17
300,بالاس,مهندسي ساختمان تاسيسات راه آهن,374,450734,11031517500,24950,25000,24200,-750,-3.01,24550,-400,-1.6,23900,25500,1400-10-27,2022-01-17
301,خاذين,سايپاآذين‌,372,5548062,14117523054,2565,2609,2465,-100,-3.9,2545,-20,-0.78,2450,2650,1400-10-27,2022-01-17
302,نطرين,عطرين نخ قم,372,2154085,14595924500,6700,6960,6660,-40,-0.6,6780,80,1.19,6640,6960,1400-10-27,2022-01-17
303,مدير,ص.س.مديريت ثروت ص.بازنشستگي-س,371,1264414,10816590001,8660,8701,8430,-230,-2.66,8555,-105,-1.21,8405,8855,1400-10-27,2022-01-17
304,غبهار,كشت وصنعت بهاران گلبهار خراسان,371,772650,14890983030,19550,20090,18970,-580,-2.97,19270,-280,-1.43,18970,20100,1400-10-27,2022-01-17
305,فسپا,گروه‌صنعتي‌سپاهان‌,371,1171274,19331089160,16440,16960,16150,-290,-1.76,16500,60,0.36,16140,16960,1400-10-27,2022-01-17
306,كفپارس,فرآورده‌هاي‌ نسوز پارس‌,368,4465618,11587651733,2591,2698,2550,-41,-1.58,2594,3,0.12,2520,2705,1400-10-27,2022-01-17
307,غمهرا,توليدي‌مهرام‌,366,1381253,11271562540,8500,8590,8080,-420,-4.94,8220,-280,-3.29,8080,8600,1400-10-27,2022-01-17
308,ونيكي,سرمايه‌گذاري‌ ملي‌ايران‌,366,1822627,16063639760,8970,8720,8700,-270,-3.01,8930,-40,-0.45,8690,9020,1400-10-27,2022-01-17
309,گكيش,توريستي ورفاهي آبادگران كيش,366,980340,18438994470,19140,18570,19000,-140,-0.73,18810,-330,-1.72,18570,19500,1400-10-27,2022-01-17
310,ارزش,صندوق س ارزش آفرين بيدار-سهام,365,1783937,15566989390,8750,8840,8600,-150,-1.71,8730,-20,-0.23,8590,8910,1400-10-27,2022-01-17
311,والبر,سرمايه‌ گذاري‌ البرز(هلدينگ‌,363,2123213,15316528220,7450,7400,7200,-250,-3.36,7300,-150,-2.01,7080,7400,1400-10-27,2022-01-17
312,چافست,افست‌,363,1400589,10739997300,7810,7720,7700,-110,-1.41,7700,-110,-1.41,7520,7900,1400-10-27,2022-01-17
313,فروس,فروسيليس‌ ايران‌,361,6873948,47858814620,6640,6920,6970,330,4.97,6960,320,4.82,6720,6970,1400-10-27,2022-01-17
314,ومهان,گروه توسعه مالي مهر آيندگان,360,2132432,8794629338,4203,4136,4078,-125,-2.97,4189,-14,-0.33,4010,4210,1400-10-27,2022-01-17
315,رانفور,خدمات‌انفورماتيك‌,360,10985197,37774241441,3458,3351,3352,-106,-3.07,3443,-15,-0.43,3351,3479,1400-10-27,2022-01-17
316,آريان,سرمايه گذاري پارس آريان,357,6459399,80730073700,12330,12490,12500,170,1.38,12470,140,1.14,12000,12670,1400-10-27,2022-01-17
317,سشرق,سيمان‌ شرق‌,356,2212971,14903295840,6780,6680,6600,-180,-2.65,6730,-50,-0.74,6530,6940,1400-10-27,2022-01-17
318,وبوعلي,سرمايه‌گذاري‌بوعلي‌,355,1687923,5886086116,3504,3535,3476,-28,-0.8,3497,-7,-0.2,3455,3535,1400-10-27,2022-01-17
319,كسرام,پارس‌ سرام‌,355,3139447,12934432022,4141,3975,4051,-90,-2.17,4122,-19,-0.46,3975,4250,1400-10-27,2022-01-17
320,كبافق,معادن‌ بافق‌,350,491657,11555623280,23760,22910,23120,-640,-2.69,23540,-220,-0.93,22910,24200,1400-10-27,2022-01-17
321,وپترو,سرمايه‌گذاري صنايع پتروشيمي‌,346,2920439,28674837950,10290,10050,9780,-510,-4.96,9820,-470,-4.57,9780,10440,1400-10-27,2022-01-17
322,وهنر,گروه توسعه هنر ايران,346,4345765,9672903574,2274,2283,2206,-68,-2.99,2226,-48,-2.11,2206,2283,1400-10-27,2022-01-17
323,ثرود,سرمايه‌گذاري مسكن زاينده رود,342,1878931,9407023060,5230,5120,4970,-260,-4.97,5080,-150,-2.87,4970,5240,1400-10-27,2022-01-17
324,وحكمت,بيمه حكمت صبا,338,5052429,14651116420,2988,2899,2900,-88,-2.95,2900,-88,-2.95,2899,2999,1400-10-27,2022-01-17
325,واميد,گروه مديريت سرمايه گذاري اميد,338,5352733,75233928720,14080,14000,13770,-310,-2.2,14060,-20,-0.14,13600,14360,1400-10-27,2022-01-17
326,غپاك,لبنيات‌ پاك‌,335,1193002,15424502390,12930,12500,12560,-370,-2.86,12930,0,0,12500,13230,1400-10-27,2022-01-17
327,سپ,پرداخت الكترونيك سامان كيش,332,586289,19026231170,31710,30420,32990,1280,4.04,31930,220,0.69,30420,32990,1400-10-27,2022-01-17
328,وتوكا,سرمايه‌گذاري‌توكافولاد(هلدينگ,331,3628657,23237042680,6550,6560,6240,-310,-4.73,6400,-150,-2.29,6230,6730,1400-10-27,2022-01-17
329,تسه0004,امتيازتسهيلات مسكن تير1400,331,3515,4324184369,1239750,1200000,1202000,-37750,-3.04,1230209,-9541,-0.77,1193900,1250000,1400-10-27,2022-01-17
330,سكه0012پ01,تمام سكه طرح جديد0012رفاه,329,86600,102303651600,1190548,1186899,1183035,-7513,-0.63,1181335,-9213,-0.77,1178100,1186899,1400-10-27,2022-01-17
331,فزرين,زرين معدن آسيا,328,2494827,25965888320,10460,10560,10310,-150,-1.43,10410,-50,-0.48,10220,10790,1400-10-27,2022-01-17
332,ضخود2020,اختيارخ خودرو-3000-1401/02/07,326,14023,974189000,72,75,66,-6,-8.33,69,-3,-4.17,62,79,1400-10-27,2022-01-17
333,نوين,بيمه نوين,326,4688831,16376947126,3529,3567,3529,0,0,3493,-36,-1.02,3400,3600,1400-10-27,2022-01-17
334,فرآور,فرآوري‌موادمعدني‌ايران‌,325,678839,17311608250,25360,25000,25080,-280,-1.1,25500,140,0.55,24400,25970,1400-10-27,2022-01-17
335,كساپا,سايپاشيشه‌,325,955682,12475869160,13460,12900,12790,-670,-4.98,13090,-370,-2.75,12790,13720,1400-10-27,2022-01-17
336,خديزل,بهمن  ديزل,324,157984,8582526050,52750,55350,53600,850,1.61,53350,600,1.14,52700,55350,1400-10-27,2022-01-17
337,تسه9902,امتياز تسهيلات مسكن ارديبهشت99,323,5727,7050245172,1233390,1238000,1222242,-11148,-0.9,1231054,-2336,-0.19,1200122,1258988,1400-10-27,2022-01-17
338,سصفها,سيمان‌اصفهان‌,321,491061,11717501240,23660,23400,23500,-160,-0.68,23820,160,0.68,23110,24700,1400-10-27,2022-01-17
339,فسازانح,ح . غلتك سازان سپاهان,320,2237701,5105632823,2266,2268,2280,14,0.62,2282,16,0.71,2233,2343,1400-10-27,2022-01-17
340,شيراز,پتروشيمي‌شيراز,318,278511,18654170930,67510,67010,66230,-1280,-1.9,67410,-100,-0.15,64790,69100,1400-10-27,2022-01-17
341,چفيبر,فيبر ايران‌,317,1516590,10127987440,6660,6660,6400,-260,-3.9,6670,10,0.15,6350,6870,1400-10-27,2022-01-17
342,شراز,پالايش نفت شيراز,313,195620,22247292150,114800,118900,114550,-250,-0.22,114300,-500,-0.44,112100,118900,1400-10-27,2022-01-17
343,غالبر,لبنيات‌ كالبر,312,1008740,9722465050,9990,9830,9500,-490,-4.9,9760,-230,-2.3,9500,10230,1400-10-27,2022-01-17
344,تسه0003,امتيازتسهيلات مسكن خرداد1400,312,4494,5544755826,1240962,1201920,1230000,-10962,-0.88,1233813,-7149,-0.58,1192522,1303010,1400-10-27,2022-01-17
345,حريل,ريل پردازسير,310,3740488,8320196706,2250,2191,2222,-28,-1.24,2235,-15,-0.67,2190,2285,1400-10-27,2022-01-17
346,لخزر,پارس‌ خزر,309,82798,8550173910,107910,103540,102530,-5380,-4.99,105130,-2780,-2.58,102520,110500,1400-10-27,2022-01-17
347,بكهنوج,توليد برق ماهتاب كهنوج,308,8366711,8702382777,1040,1010,1025,-15,-1.44,1040,0,0,1010,1065,1400-10-27,2022-01-17
348,شاملاح,ح . معدني‌ املاح‌  ايران‌,308,1831953,12684271810,6640,6800,6920,280,4.22,6920,280,4.22,6680,7080,1400-10-27,2022-01-17
349,بهپاك,صنعتي بهپاك,307,1590666,10700282650,6700,6610,6610,-90,-1.34,6720,20,0.3,6610,6930,1400-10-27,2022-01-17
350,وايران,ليزينگ ايرانيان,306,3937722,10306569166,2650,2720,2560,-90,-3.4,2626,-24,-0.91,2550,2720,1400-10-27,2022-01-17
351,گنگين,اقتصادي نگين گردشگري ايرانيان,305,3247253,98075796500,29900,30000,30450,550,1.84,30200,300,1,29350,30750,1400-10-27,2022-01-17
352,ميدكو,توسعه معادن وص.معدني خاورميانه,304,3998723,183736331940,45940,45950,45950,10,0.02,45950,10,0.02,45120,45980,1400-10-27,2022-01-17
353,شتوكا,توكا رنگ فولاد سپاهان,300,1120359,15674315420,13790,14410,13770,-20,-0.15,13990,200,1.45,13550,14410,1400-10-27,2022-01-17
354,واعتبار,سرمايه گذاري اعتبار ايران,300,3946737,11339584881,2752,2653,2889,137,4.98,2841,89,3.23,2652,2889,1400-10-27,2022-01-17
355,غفارس,شير پاستوريزه پگاه فارس,299,2485855,12285568225,4898,4850,5000,102,2.08,4934,36,0.73,4810,5049,1400-10-27,2022-01-17
356,تسه0002,امتيازتسهيلاتمسكن ارديبهشت1400,298,3804,4678085423,1233685,1202700,1220000,-13685,-1.11,1229781,-3904,-0.32,1196000,1250000,1400-10-27,2022-01-17
357,وسگيلا,شركت س استان گيلان,298,18243468,7625532632,426,416,422,-4,-0.94,424,-2,-0.47,411,427,1400-10-27,2022-01-17
358,حبندرح,ح.دريايي وكشتيراني خط دريابندر,297,2415951,26651728090,11050,11100,10890,-160,-1.45,11030,-20,-0.18,10750,11100,1400-10-27,2022-01-17
359,وصندوق,سرمايه‌گذاري‌صندوق‌بازنشستگي‌,296,2000060,22142586640,11430,11050,11000,-430,-3.76,11360,-70,-0.61,11000,11490,1400-10-27,2022-01-17
360,رنيك,جنرال مكانيك,293,2183370,21838296130,10440,10200,10100,-340,-3.26,10000,-440,-4.21,9920,10700,1400-10-27,2022-01-17
361,وپسا,س. پتروشيمي ساختمان  خليج فارس,293,8682985,12441707544,1468,1450,1425,-43,-2.93,1433,-35,-2.38,1424,1476,1400-10-27,2022-01-17
362,همراه,شركت ارتباطات سيار ايران,292,2285871,17797409440,7820,7810,7720,-100,-1.28,7810,-10,-0.13,7680,7910,1400-10-27,2022-01-17
363,شگل,گلتاش‌,288,1601384,8296248340,5280,5380,5140,-140,-2.65,5220,-60,-1.14,5080,5410,1400-10-27,2022-01-17
364,خشرق,الكتريك‌ خودرو شرق‌,287,1322618,14265447130,10800,10800,10440,-360,-3.33,10790,-10,-0.09,10420,11150,1400-10-27,2022-01-17
365,شپاكسا,پاكسان‌,286,512005,9467058650,19000,18830,18210,-790,-4.16,18670,-330,-1.74,18050,19390,1400-10-27,2022-01-17
366,وسنا,سرمايه گذاري نيروگاهي ايران,283,803413,6695113220,8170,8360,8400,230,2.82,8260,90,1.1,8090,8410,1400-10-27,2022-01-17
367,فافق,صنايع مس افق كرمان,282,2936665,8927816288,3094,3125,3002,-92,-2.97,3045,-49,-1.58,3002,3130,1400-10-27,2022-01-17
368,قيستو,شركت قند بيستون,280,907538,21492175200,23100,23650,23750,650,2.81,23700,600,2.6,23100,23750,1400-10-27,2022-01-17
369,سخاش,سيمان‌خاش‌,279,125081,9413848720,75290,74910,75010,-280,-0.37,75270,-20,-0.03,74910,76600,1400-10-27,2022-01-17
370,آ س پ,آ.س.پ,279,1993931,9891359130,5140,5160,4890,-250,-4.86,5010,-130,-2.53,4890,5160,1400-10-27,2022-01-17
371,پاسا,ايران‌ياساتايرورابر,279,1153460,15379316180,13180,13050,13490,310,2.35,13330,150,1.14,13050,13690,1400-10-27,2022-01-17
372,كنور,توسعه معدني و صنعتي صبانور,277,715937,13033562670,18630,17830,18310,-320,-1.72,18570,-60,-0.32,17830,18390,1400-10-27,2022-01-17
373,ثمسكن,سرمايه‌گذاري‌ مسكن‌,276,3208850,10153527434,3255,3155,3093,-162,-4.98,3190,-65,-2,3093,3280,1400-10-27,2022-01-17
374,وتوصا,گروه س توسعه صنعتي ايران,275,1753092,17712450690,10060,10000,10080,20,0.2,10100,40,0.4,9920,10350,1400-10-27,2022-01-17
375,ريشمك,توليد و صادرات ريشمك,274,237444,6518000650,27700,27750,27100,-600,-2.17,27600,-100,-0.36,26400,28900,1400-10-27,2022-01-17
376,شخارك,پتروشيمي‌ خارك‌,274,483530,23497693850,48940,48860,47850,-1090,-2.23,48860,-80,-0.16,47790,48950,1400-10-27,2022-01-17
377,زماهان,مجتمع توليد گوشت مرغ ماهان,272,1810462,11633704040,6490,6370,6290,-200,-3.08,6440,-50,-0.77,6220,6730,1400-10-27,2022-01-17
378,مرقام,ايران‌ارقام‌,271,2311610,21132819900,9380,9470,9090,-290,-3.09,9140,-240,-2.56,8940,9470,1400-10-27,2022-01-17
379,ارفع,شركت آهن و فولاد ارفع,268,898918,12498168890,13940,13720,13620,-320,-2.3,13930,-10,-0.07,13570,14150,1400-10-27,2022-01-17
380,تايرا,تراكتورسازي‌ايران‌,266,1556347,28267491320,19050,18240,18100,-950,-4.99,18160,-890,-4.67,18100,19210,1400-10-27,2022-01-17
381,توريل,توكاريل,265,3000699,21686393540,7220,7150,7220,0,0,7230,10,0.14,7140,7500,1400-10-27,2022-01-17
382,دتوزيع,توزيع دارو پخش,265,556781,13029308450,23650,23900,23200,-450,-1.9,23400,-250,-1.06,23100,24200,1400-10-27,2022-01-17
383,كاردان,صندوق س تجارت شاخصي كاردان,264,38550,6741286600,174820,181410,172650,-2170,-1.24,174870,50,0.03,172500,181410,1400-10-27,2022-01-17
384,ضخود2017,اختيارخ خودرو-1800-1401/02/07,264,11610,5655933000,460,460,451,-9,-1.96,487,27,5.87,451,532,1400-10-27,2022-01-17
385,آكورد,صندوق س. آرمان آتي كوثر-د,264,4359334,158406376887,36319,36336,36337,18,0.05,36337,18,0.05,36336,36790,1400-10-27,2022-01-17
386,ختراك,ريخته‌گري‌ تراكتورسازي‌ ايران‌,262,2488747,11843243430,4656,4604,4669,13,0.28,4739,83,1.78,4604,4887,1400-10-27,2022-01-17
387,تسه9912,امتياز تسهيلات مسكن اسفند99,262,3322,4134840873,1238998,1200000,1220003,-18995,-1.53,1244684,5686,0.46,1200000,1299799,1400-10-27,2022-01-17
388,وهور,مديريت انرژي اميد  تابان هور,261,7837722,9038520689,1154,1169,1140,-14,-1.21,1154,0,0,1135,1170,1400-10-27,2022-01-17
389,ثبات,صندوق س. ثبات ويستا -د,258,10889476,117300700327,10764,10772,10772,8,0.07,10772,8,0.07,10771,10773,1400-10-27,2022-01-17
390,وسكاب,س.ص.بازنشستگي كاركنان بانكها,257,3017438,8662871436,2850,2829,2880,30,1.05,2862,12,0.42,2829,2935,1400-10-27,2022-01-17
391,گكوثر,هتل پارسيان كوثر اصفهان,257,4358020,5850698339,1361,1331,1310,-51,-3.75,1354,-7,-0.51,1310,1375,1400-10-27,2022-01-17
392,وساشرقي,شركت س استان آذربايجان شرقي,256,13146791,5470305722,432,415,419,-13,-3.01,429,-3,-0.69,411,421,1400-10-27,2022-01-17
393,ومعلم,بيمه معلم,256,2052015,3732928806,1847,1815,1802,-45,-2.44,1840,-7,-0.38,1802,1889,1400-10-27,2022-01-17
394,ولشرقح,ح . ليزينگ ايران و شرق,255,7112353,3834133670,561,540,533,-28,-4.99,539,-22,-3.92,533,574,1400-10-27,2022-01-17
395,ثنور,سرمايه گذاري كوه نور,255,1510820,10790717950,7330,7150,7120,-210,-2.86,7140,-190,-2.59,7120,7300,1400-10-27,2022-01-17
396,زدشت,كشت و صنعت دشت خرم دره,253,635457,8392876660,13180,13470,12800,-380,-2.88,13200,20,0.15,12740,13570,1400-10-27,2022-01-17
397,وسپه,سرمايه‌گذاري‌ سپه‌,251,1440850,11241102420,7900,7700,7730,-170,-2.15,7870,-30,-0.38,7700,7990,1400-10-27,2022-01-17
398,وآرين,شركت توسعه اقتصادي آرين,250,3623007,6814828978,1892,1939,1870,-22,-1.16,1885,-7,-0.37,1801,1939,1400-10-27,2022-01-17
399,زشريف,كشت وصنعت شريف آباد,250,2069303,7083866658,3481,3560,3418,-63,-1.81,3454,-27,-0.78,3331,3560,1400-10-27,2022-01-17
400,فوكا,فولاد كاويان,250,2139862,27464078750,13100,12770,12830,-270,-2.06,12860,-240,-1.83,12710,13270,1400-10-27,2022-01-17
401,شكلر,نيروكلر,249,315255,10493561210,32900,34000,32040,-860,-2.61,33180,280,0.85,32010,34400,1400-10-27,2022-01-17
402,جم پيلن,پلي پروپيلن جم - جم پيلن,249,116525,13674751530,117850,116130,116800,-1050,-0.89,117780,-70,-0.06,116000,118910,1400-10-27,2022-01-17
403,جم,پتروشيمي جم,247,715705,35014638240,49580,49570,48510,-1070,-2.16,49340,-240,-0.48,48510,49990,1400-10-27,2022-01-17
404,كحافظ,كاشي‌ وسراميك‌ حافظ‌,246,2490291,9450129460,3722,3700,3809,87,2.34,3767,45,1.21,3700,3850,1400-10-27,2022-01-17
405,كروي,توسعه‌ معادن‌ روي‌ ايران‌,243,901476,19140048360,21470,22100,21220,-250,-1.16,21250,-220,-1.02,20900,22100,1400-10-27,2022-01-17
406,سمازن,سيمان‌مازندران‌,242,2287365,31582240790,13800,13430,13810,10,0.07,13810,10,0.07,13430,14000,1400-10-27,2022-01-17
407,وجامي,سرمايه گذاري جامي,242,1286067,4550327564,3637,3528,3528,-109,-3,3583,-54,-1.48,3528,3649,1400-10-27,2022-01-17
408,تسه0001,امتيازتسهيلات مسكن فروردين1400,241,2371,2932838835,1236963,1202699,1200000,-36963,-2.99,1236963,0,0,1175116,1250000,1400-10-27,2022-01-17
409,فمراد,آلومراد,241,532924,6451794070,12090,12190,12100,10,0.08,12100,10,0.08,12010,12270,1400-10-27,2022-01-17
410,كيميا,معدني كيمياي زنجان گستران,240,532658,6194205510,11740,11420,11420,-320,-2.73,11690,-50,-0.43,11400,11970,1400-10-27,2022-01-17
411,سپر,صندوق س سپر سرمايه بيدار- ثابت,239,6586069,89527227837,13584,13592,13595,11,0.08,13593,9,0.07,13585,13624,1400-10-27,2022-01-17
412,دبالك,مواد اوليه دارويي البرز بالك,239,811335,6020481620,7560,7260,7380,-180,-2.38,7500,-60,-0.79,7260,7590,1400-10-27,2022-01-17
413,بكاب,صنايع‌جوشكاب‌يزد,239,154608,9760403040,66450,63130,63130,-3320,-5,64000,-2450,-3.69,63130,63130,1400-10-27,2022-01-17
414,غچين,كشت‌ و صنعت‌ چين‌ چين,236,675284,7225015140,10780,10880,10440,-340,-3.15,10740,-40,-0.37,10380,11000,1400-10-27,2022-01-17
415,وشهر,بانك شهر,235,1796285,7278931902,4056,4050,4010,-46,-1.13,4055,-1,-0.02,4000,4100,1400-10-27,2022-01-17
416,قشكر,شكرشاهرود,235,4104374,8537367176,2103,2150,2040,-63,-3,2089,-14,-0.67,2036,2150,1400-10-27,2022-01-17
417,فنوال,نورد آلومينيوم‌,234,479210,11314953190,23420,23750,23100,-320,-1.37,23560,140,0.6,23040,24190,1400-10-27,2022-01-17
418,شلرد,كود شيميايي اوره لردگان,233,3677304,41149031760,11530,11190,11190,-340,-2.95,11190,-340,-2.95,11190,11190,1400-10-27,2022-01-17
419,سصوفي,سيمان‌ صوفيان‌,233,700723,9586729490,13890,13790,13600,-290,-2.09,13750,-140,-1.01,13520,13960,1400-10-27,2022-01-17
420,تسه9910,امتياز تسهيلات مسكن دي99,232,3302,4085933960,1230726,1173210,1215001,-15725,-1.28,1237412,6686,0.54,1171575,1292262,1400-10-27,2022-01-17
421,پاكشو,گروه صنعتي پاكشو,231,4287216,25704337470,6020,5900,6020,0,0,6010,-10,-0.17,5870,6030,1400-10-27,2022-01-17
422,سخواف,سيمان مجد خواف,231,2312151,18057899310,7440,7810,7810,370,4.97,7810,370,4.97,7810,7810,1400-10-27,2022-01-17
423,دزهراوي,داروسازي‌زهراوي‌,231,885688,3471249108,3957,4030,3840,-117,-2.96,3948,-9,-0.23,3840,4030,1400-10-27,2022-01-17
424,فجام,جام‌دارو,228,1643589,6282961762,3908,3942,3828,-80,-2.05,3871,-37,-0.95,3742,3980,1400-10-27,2022-01-17
425,كوثر,بيمه كوثر,227,1583067,5739776718,3725,3573,3539,-186,-4.99,3702,-23,-0.62,3539,3700,1400-10-27,2022-01-17
426,صنوين,صندوق سرمايه‌گذاري صنوين-مختلط,226,42331,4711294030,112510,113850,112140,-370,-0.33,111300,-1210,-1.08,102360,113850,1400-10-27,2022-01-17
427,خوساز,محورسازان‌ايران‌خودرو,224,1261794,8304246220,6690,6500,6550,-140,-2.09,6630,-60,-0.9,6460,6800,1400-10-27,2022-01-17
428,تسه9911,امتياز تسهيلات مسكن بهمن99,223,2186,2677950319,1227674,1210000,1195000,-32674,-2.66,1225046,-2628,-0.21,1195000,1245000,1400-10-27,2022-01-17
429,فايرا,آلومينيوم‌ايران‌,223,622281,10730272110,17660,17890,16840,-820,-4.64,17590,-70,-0.4,16810,17890,1400-10-27,2022-01-17
430,فردا,صندوق س آواي فرداي زاگرس-ثابت,222,8006140,97855389526,12215,12222,12223,8,0.07,12223,8,0.07,12222,12223,1400-10-27,2022-01-17
431,ولملتح,ح . واسپاري ملت,222,7294728,7336987016,1020,1001,1000,-20,-1.96,1006,-14,-1.37,991,1055,1400-10-27,2022-01-17
432,تسه9909,امتياز تسهيلات مسكن آذر99,222,3511,4357437199,1232558,1250000,1211008,-21550,-1.75,1241081,8523,0.69,1200001,1294098,1400-10-27,2022-01-17
433,وخاور,بانك خاورميانه,220,6688493,33295504953,4975,4910,4975,0,0,4977,2,0.04,4900,5020,1400-10-27,2022-01-17
434,كي بي سي,شركت كي بي سي,215,780221,14060003250,18460,18660,17890,-570,-3.09,18050,-410,-2.22,17540,18660,1400-10-27,2022-01-17
435,اپرداز,آتيه داده پرداز,214,440415,8199781150,19450,19050,18500,-950,-4.88,18950,-500,-2.57,18500,19450,1400-10-27,2022-01-17
436,سپاها,سيمان‌سپاهان‌,214,1576275,10957228460,7010,7010,6900,-110,-1.57,6970,-40,-0.57,6820,7180,1400-10-27,2022-01-17
437,پلوله,گازلوله‌,213,449630,9452526750,21600,21100,21000,-600,-2.78,21000,-600,-2.78,21000,22000,1400-10-27,2022-01-17
438,سدور,سيمان‌ دورود,212,1224525,6075155530,5000,5190,4920,-80,-1.6,4980,-20,-0.4,4790,5190,1400-10-27,2022-01-17
439,وصندوقح,ح.سرمايه گذاري صندوق بازنشستگي,211,1623647,15505599600,9510,9310,9550,40,0.42,9550,40,0.42,9310,9650,1400-10-27,2022-01-17
440,كفرا,فراورده‌ هاي‌ نسوزايران‌,210,977313,6831113730,7300,7310,6940,-360,-4.93,7150,-150,-2.05,6940,7330,1400-10-27,2022-01-17
441,ددام,داروسازي زاگرس فارمد پارس,210,1131473,9035147720,8020,7810,7900,-120,-1.5,8000,-20,-0.25,7810,8170,1400-10-27,2022-01-17
442,شتوكاح,ح . توكا رنگ فولاد سپاهان,209,1288780,16818684090,12630,12160,12600,-30,-0.24,13050,420,3.33,12160,13200,1400-10-27,2022-01-17
443,آوا,صندوق س.سهام آواي معيار-س,206,483894,3653734150,7582,7600,7457,-125,-1.65,7551,-31,-0.41,7421,7692,1400-10-27,2022-01-17
444,ثشرق,سرمايه گذاري مسكن شمال شرق,205,4201247,12674665427,3125,2970,2980,-145,-4.64,3026,-99,-3.17,2970,3130,1400-10-27,2022-01-17
445,اخزا002,اسنادخزانه-م2بودجه00-031024,205,320889,167234018110,518950,520880,521000,2050,0.4,521160,2210,0.43,519100,522980,1400-10-27,2022-01-17
446,بزاگرس,نيروگاه زاگرس كوثر,203,2728261,8262819160,3070,2999,2966,-104,-3.39,3046,-24,-0.78,2956,3110,1400-10-27,2022-01-17
447,شدوصح,ح . دوده‌ صنعتي‌ پارس‌,202,971057,6736967800,6860,7000,6970,110,1.6,6940,80,1.17,6810,7010,1400-10-27,2022-01-17
448,تسه9904,امتياز تسهيلات مسكن تير99,201,2292,2796696190,1217161,1156304,1191038,-26123,-2.15,1220199,3038,0.25,1156303,1278019,1400-10-27,2022-01-17
449,سپيدما,صندوق س. سپيد دماوند-د,200,7856014,91976043097,11700,11708,11708,8,0.07,11708,8,0.07,11707,11708,1400-10-27,2022-01-17
450,فنورد,نوردوقطعات‌ فولادي‌,200,64374,11488441810,186790,187400,177460,-9330,-4.99,180450,-6340,-3.39,177460,187400,1400-10-27,2022-01-17
451,وگستر,گسترش سرمايه گذاري ايرانيان,200,1230717,5759115868,4778,4778,4623,-155,-3.24,4739,-39,-0.82,4610,4900,1400-10-27,2022-01-17
452,فبيرا,بسته‌ بندي‌ ايران‌,198,2874340,4900557356,1699,1653,1668,-31,-1.82,1702,3,0.18,1653,1739,1400-10-27,2022-01-17
453,كگاز,شيشه‌ و گاز,197,677934,9421002930,14180,14200,14000,-180,-1.27,13990,-190,-1.34,13750,14200,1400-10-27,2022-01-17
454,شوينده,مديريت صنعت شوينده ت.ص.بهشهر,197,610691,10438678230,17270,17600,16870,-400,-2.32,17140,-130,-0.75,16850,17980,1400-10-27,2022-01-17
455,غاذر,كشت‌وصنعت‌پياذر,195,536010,18445254280,35140,34300,34210,-930,-2.65,34410,-730,-2.08,34200,35480,1400-10-27,2022-01-17
456,غگلستا,شير پاستوريزه پگاه گلستان,193,707578,6281855650,8970,9190,8630,-340,-3.79,8930,-40,-0.45,8630,9190,1400-10-27,2022-01-17
457,تپكو,توليدتجهيزات‌سنگين‌هپكو,192,3565368,8253826920,2386,2315,2315,-71,-2.98,2356,-30,-1.26,2315,2315,1400-10-27,2022-01-17
458,ومشان,س. فني و مهندسي مشانير,192,176441,7684456300,42350,43250,43400,1050,2.48,43550,1200,2.83,43100,43600,1400-10-27,2022-01-17
459,دعبيد,لابراتوارداروسازي‌  دكترعبيدي‌,191,715316,12600834990,18150,17330,17310,-840,-4.63,17940,-210,-1.16,17250,17930,1400-10-27,2022-01-17
460,بسويچ,پارس‌سويچ‌,190,600326,7624883170,13250,12610,12590,-660,-4.98,12950,-300,-2.26,12590,13500,1400-10-27,2022-01-17
461,آساميد,صندوق س.مشترك آسمان اميد -د,190,2209467,30676483433,13876,13885,13882,6,0.04,13884,8,0.06,13882,13885,1400-10-27,2022-01-17
462,فسازان,غلتك سازان سپاهان,190,1051746,4338031842,4152,4050,4051,-101,-2.43,4144,-8,-0.19,4030,4260,1400-10-27,2022-01-17
463,زفكا,كشت و دامداري فكا,189,1666850,11750590480,7150,7290,7040,-110,-1.54,7070,-80,-1.12,6970,7290,1400-10-27,2022-01-17
464,ولصنم,ليزينگ‌صنعت‌ومعدن‌,189,869370,2957962007,3461,3312,3370,-91,-2.63,3449,-12,-0.35,3312,3495,1400-10-27,2022-01-17
465,ماني,صندوق س. با درآمد ثابت ماني,187,6051015,65591224371,10835,10840,10839,4,0.04,10840,5,0.05,10839,10841,1400-10-27,2022-01-17
466,خاتم,صندوق س خاتم ايساتيس پويا-ثابت,187,5295237,67079392154,12661,12668,12668,7,0.06,12668,7,0.06,12667,12668,1400-10-27,2022-01-17
467,كپرور,فرآوري زغال سنگ پروده طبس,186,247974,7277526850,29700,30400,28750,-950,-3.2,29500,-200,-0.67,28750,30400,1400-10-27,2022-01-17
468,تكمبا,كمباين‌ سازي‌ ايران‌,184,1671981,5814491936,3496,3440,3400,-96,-2.75,3489,-7,-0.2,3394,3619,1400-10-27,2022-01-17
469,كمينا,شيشه سازي مينا,184,719042,5602304930,7680,7610,7910,230,2.99,7740,60,0.78,7600,7910,1400-10-27,2022-01-17
470,گوهران,سرمايه گذاري توسعه گوهران اميد,183,1253392,6184281116,4959,4959,4901,-58,-1.17,4949,-10,-0.2,4861,4977,1400-10-27,2022-01-17
471,ولراز,ليزينگ رازي,182,291632,4960702860,17220,17400,16900,-320,-1.86,17020,-200,-1.16,16720,17400,1400-10-27,2022-01-17
472,غشهد,شهد ايران ‌,180,2001383,8217863943,4289,4089,4075,-214,-4.99,4182,-107,-2.49,4075,4280,1400-10-27,2022-01-17
473,قصفها,قنداصفهان‌,180,68258,4829788730,72550,70060,70050,-2500,-3.45,71950,-600,-0.83,70000,72900,1400-10-27,2022-01-17
474,لسرما,سرما آفرين‌,180,648481,13109439170,20160,20500,20340,180,0.89,20210,50,0.25,19990,20690,1400-10-27,2022-01-17
475,وسين,بيمه سينا,178,3684125,11765240159,3223,3127,3245,22,0.68,3193,-30,-0.93,3127,3290,1400-10-27,2022-01-17
476,وملل,اعتباري ملل,178,1528506,14512512620,9510,9260,9320,-190,-2,9500,-10,-0.11,9260,9570,1400-10-27,2022-01-17
477,كپارس,كاشي‌ پارس‌,175,1493394,11364728340,7250,7610,7610,360,4.97,7500,250,3.45,7610,7610,1400-10-27,2022-01-17
478,تشتاد,صنايع توليدي اشتاد ايران‌,175,925115,4451032762,4707,4707,4848,141,3,4753,46,0.98,4566,4848,1400-10-27,2022-01-17
479,وبرق,س.کارکنان صنعت برق زنجان وقزوي,173,134179,10962424300,86000,81700,81700,-4300,-5,81900,-4100,-4.77,81700,81700,1400-10-27,2022-01-17
480,آبين,كشت و صنعت آبشيرين,173,3267101,4956270581,1553,1530,1507,-46,-2.96,1534,-19,-1.22,1507,1580,1400-10-27,2022-01-17
481,زكشت,كشاورزي مكانيزه اصفهان كشت,170,289625,4756028800,16770,16770,16110,-660,-3.94,16650,-120,-0.72,16010,17240,1400-10-27,2022-01-17
482,فخاس,فولاد خراسان,170,771185,16437850910,22380,21330,21320,-1060,-4.74,22200,-180,-0.8,21270,21950,1400-10-27,2022-01-17
483,وسبحان,سرمايه گذاري سبحان,170,1783237,3945622191,2196,2160,2226,30,1.37,2200,4,0.18,2160,2240,1400-10-27,2022-01-17
484,دكوثر,داروسازي‌ كوثر,169,1485926,3502761868,2448,2490,2333,-115,-4.7,2425,-23,-0.94,2330,2490,1400-10-27,2022-01-17
485,خچرخش,چرخشگر,168,987157,6313390230,6410,6650,6390,-20,-0.31,6400,-10,-0.16,6200,6650,1400-10-27,2022-01-17
486,فلامي,لاميران‌,167,528272,8929657990,16850,17540,16550,-300,-1.78,16880,30,0.18,16500,17540,1400-10-27,2022-01-17
487,شكربن,كربن‌ ايران‌,166,85023,6771050650,78830,79540,79000,170,0.22,79220,390,0.49,78200,81000,1400-10-27,2022-01-17
488,وبشهر,توسعه‌ صنايع‌ بهشهر(هلدينگ,166,1424065,9265597060,6720,6530,6480,-240,-3.57,6670,-50,-0.74,6430,6700,1400-10-27,2022-01-17
489,دلر,داروسازي‌ اكسير,165,296387,11721721090,39900,40000,39190,-710,-1.78,39670,-230,-0.58,39000,40480,1400-10-27,2022-01-17
490,حشكوه,دليجان طلايي شكوه پارس,165,10926751,35717358691,3310,3212,3211,-99,-2.99,3269,-41,-1.24,3211,3379,1400-10-27,2022-01-17
491,شنفت,نفت‌ پارس‌,164,560087,5197924250,9440,9500,9040,-400,-4.24,9430,-10,-0.11,9030,9500,1400-10-27,2022-01-17
492,اتكام,بيمه اتكايي امين,164,1293253,6332104409,4873,4865,4926,53,1.09,4883,10,0.21,4751,4979,1400-10-27,2022-01-17
493,زعف0110پ19,زعفران0110نگين تروند قاينات(پ),162,55199,19402671632,356084,351000,350900,-5184,-1.46,351504,-4580,-1.29,348000,357000,1400-10-27,2022-01-17
494,تسه9903,امتياز تسهيلات مسكن خرداد99,162,1452,1771182930,1214384,1155003,1190000,-24384,-2.01,1219823,5439,0.45,1155003,1250000,1400-10-27,2022-01-17
495,ضسپا1114,اختيارخ خساپا-2000-1400/11/20,162,9628,238603000,26,34,20,-6,-23.08,25,-1,-3.85,20,34,1400-10-27,2022-01-17
496,دسبحان,سبحان دارو,162,939675,7708556130,8550,8260,8400,-150,-1.75,8360,-190,-2.22,8130,8430,1400-10-27,2022-01-17
497,ثعمرا,عمران و توسعه شاهد,161,764041,4963224590,6600,6400,6310,-290,-4.39,6560,-40,-0.61,6310,6770,1400-10-27,2022-01-17
498,وتوس,توسعه‌شهري‌توس‌گستر,161,1373947,9117504000,6890,6800,6550,-340,-4.93,6730,-160,-2.32,6550,7050,1400-10-27,2022-01-17
499,كلوند,كاشي‌ الوند,160,341170,7264732700,21300,21770,21050,-250,-1.17,21300,0,0,20810,21800,1400-10-27,2022-01-17
500,سبهان,سيمان‌ بهبهان‌,159,75492,3105878640,41380,41390,41070,-310,-0.75,41330,-50,-0.12,40420,42740,1400-10-27,2022-01-17
501,داوه,داروسازي آوه سينا,158,397269,3309811030,8590,8550,8250,-340,-3.96,8530,-60,-0.7,8210,8560,1400-10-27,2022-01-17
502,پكويرح,ح. كوير تاير,158,848255,2274657913,2662,2631,2656,-6,-0.23,2682,20,0.75,2631,2794,1400-10-27,2022-01-17
503,زگلدشت,كشت و دام گلدشت نمونه اصفهان,157,937520,7981881470,8680,8460,8480,-200,-2.3,8590,-90,-1.04,8460,8880,1400-10-27,2022-01-17
504,زشگزا,شير و گوشت زاگرس شهركرد,156,748052,3654845721,4915,4820,4756,-159,-3.23,4908,-7,-0.14,4751,5000,1400-10-27,2022-01-17
505,نمرينو,ايران‌ مرينوس‌,155,96058,6533247330,71290,70000,67730,-3560,-4.99,69760,-1530,-2.15,67730,70000,1400-10-27,2022-01-17
506,ثباغ,شهر سازي و خانه سازي باغميشه,155,649139,4735176590,7380,7460,7200,-180,-2.44,7350,-30,-0.41,7180,7580,1400-10-27,2022-01-17
507,تكنار,مجتمع معادن مس تكنار,154,143568,6978245000,48700,49100,50150,1450,2.98,48650,-50,-0.1,47250,50150,1400-10-27,2022-01-17
508,عيار,صندوق سكه طلاي مفيد,152,338224,10088857045,30113,29900,29828,-285,-0.95,29829,-284,-0.94,29750,29900,1400-10-27,2022-01-17
509,غمينو,شركت صنايع غذايي مينو شرق,152,1607909,6232594311,3955,3981,3830,-125,-3.16,3921,-34,-0.86,3815,3981,1400-10-27,2022-01-17
510,بميلا,توسعه بازرگاني آهن وفولادميلاد,152,937668,8395124490,8960,8790,8850,-110,-1.23,8950,-10,-0.11,8790,9120,1400-10-27,2022-01-17
511,حپارسا,توسعه حمل و نقل ريلي پارسيان,151,384142,10891260900,28450,28000,28600,150,0.53,28400,-50,-0.18,27600,29050,1400-10-27,2022-01-17
512,ولشرق,ليزينگ ايران و شرق,151,1326859,2748554078,2089,2155,2010,-79,-3.78,2086,-3,-0.14,2010,2155,1400-10-27,2022-01-17
513,حسينا,توسعه خدمات دريايي وبندري سينا,150,287459,12269846100,43600,44800,42250,-1350,-3.1,42800,-800,-1.83,42200,44800,1400-10-27,2022-01-17
514,تسه9907,امتياز تسهيلات مسكن مهر99,150,2139,2631012069,1227183,1178824,1190000,-37183,-3.03,1230020,2837,0.23,1170000,1250000,1400-10-27,2022-01-17
515,بنو,بيمه تجارت نو,149,2030631,11893890390,5920,5920,5710,-210,-3.55,5870,-50,-0.84,5700,5940,1400-10-27,2022-01-17
516,ضخود2021,اختيارخ خودرو-3500-1401/02/07,149,8777,333314000,41,60,36,-5,-12.2,38,-3,-7.32,35,60,1400-10-27,2022-01-17
517,واتي,سرمايه‌ گذاري‌ آتيه‌ دماوند,148,1242423,10592319670,8560,8730,8560,0,0,8540,-20,-0.23,8420,8770,1400-10-27,2022-01-17
518,زيتون,صندوق س زيتون نماد پايا- مختلط,148,300090,2781315560,9250,9340,9180,-70,-0.76,9270,20,0.22,9170,9360,1400-10-27,2022-01-17
519,بايكا,كارخانجات كابلسازي ‌ايران‌,148,236486,3374768570,14640,14210,14380,-260,-1.78,14510,-130,-0.89,14210,14600,1400-10-27,2022-01-17
520,دسبحا,گروه دارويي سبحان,148,440067,7641884310,18030,17140,17690,-340,-1.89,17800,-230,-1.28,17130,17800,1400-10-27,2022-01-17
521,دامين,داروسازي‌ امين‌,147,1527167,3269961836,2180,2199,2105,-75,-3.44,2171,-9,-0.41,2103,2199,1400-10-27,2022-01-17
522,وملت,سرمايه گذاري ملت,147,3562353,8242221818,2357,2381,2311,-46,-1.95,2314,-43,-1.82,2310,2381,1400-10-27,2022-01-17
523,كطبس,ذغال‌سنگ‌ نگين‌ ط‌بس‌,146,251903,11454560330,45600,46900,45000,-600,-1.32,45500,-100,-0.22,44750,46900,1400-10-27,2022-01-17
524,مداران,داده‌پردازي‌ايران‌,146,691604,9874078240,15010,14940,14260,-750,-5,14500,-510,-3.4,14260,14940,1400-10-27,2022-01-17
525,پلاسك,پلاسكوكار,145,1461478,5965970542,4134,4120,4051,-83,-2.01,4113,-21,-0.51,4011,4186,1400-10-27,2022-01-17
526,وزمين,بانك ايران زمين,145,662574,5522676520,8290,8450,8450,160,1.93,8310,20,0.24,8130,8450,1400-10-27,2022-01-17
527,كاسپين,داروسازي كاسپين تامين,145,651866,13547306250,21750,21800,20700,-1050,-4.83,20850,-900,-4.14,20700,21800,1400-10-27,2022-01-17
528,دفارا,داروسازي‌ فارابي‌,144,303566,3507065510,12090,11810,11510,-580,-4.8,11960,-130,-1.08,11490,11810,1400-10-27,2022-01-17
529,وثنو,سرمايه گذاري ساختماني نوين,144,1391109,5584101481,4138,4014,4014,-124,-3,4065,-73,-1.76,4014,4078,1400-10-27,2022-01-17
530,سكرد,سيمان كردستان,143,1011590,4549238213,4634,4669,4500,-134,-2.89,4591,-43,-0.93,4403,4669,1400-10-27,2022-01-17
531,تسه9901,امتياز تسهيلات مسكن فروردين99,143,1381,1696940476,1234610,1197333,1228473,-6137,-0.5,1228777,-5833,-0.47,1190010,1296340,1400-10-27,2022-01-17
532,قنقش,قند نقش جهان,143,64056,8834031950,139800,138100,137050,-2750,-1.97,137900,-1900,-1.36,137050,140000,1400-10-27,2022-01-17
533,ولبهمن,شركت بهمن ليزينگ,142,685983,4304565010,6200,6200,6210,10,0.16,6220,20,0.32,6200,6470,1400-10-27,2022-01-17
534,ساينا,صنايع بهداشتي ساينا,141,24496,2181435700,91050,91100,88000,-3050,-3.35,90750,-300,-0.33,87200,93250,1400-10-27,2022-01-17
535,هجرت,پخش هجرت,141,343833,8377663250,25300,24700,24400,-900,-3.56,24750,-550,-2.17,24150,25200,1400-10-27,2022-01-17
536,تسه9906,امتياز تسهيلات مسكن شهريور99,141,2309,2868450002,1228402,1166983,1222270,-6132,-0.5,1242291,13889,1.13,1166983,1289821,1400-10-27,2022-01-17
537,شدوص,دوده‌ صنعتي‌ پارس‌,140,496487,5656634680,11270,11540,11470,200,1.77,11320,50,0.44,11230,11700,1400-10-27,2022-01-17
538,شفا,سرمايه گذاري شفادارو,140,791801,8286488250,10620,10350,10250,-370,-3.48,10530,-90,-0.85,10210,10660,1400-10-27,2022-01-17
539,ثتوسا,س.توسعه و عمران استان اردبيل,140,302189,3534868480,12050,11690,11690,-360,-2.99,11830,-220,-1.83,11690,12100,1400-10-27,2022-01-17
540,وكادو,تكادو,140,677878,9261712500,13500,13330,13750,250,1.85,13660,160,1.19,13330,13900,1400-10-27,2022-01-17
541,ضخود2016,اختيارخ خودرو-1600-1401/02/07,140,4841,2907570000,557,650,569,12,2.15,601,44,7.9,568,650,1400-10-27,2022-01-17
542,وتوسم,سرمايه‌گذاري‌توسعه‌ملي‌,139,1856752,15469925640,8430,8460,8310,-120,-1.42,8330,-100,-1.19,8310,8540,1400-10-27,2022-01-17
543,سيستم,همكاران سيستم,138,1037543,5246499920,5100,5100,5000,-100,-1.96,5090,-10,-0.2,4920,5130,1400-10-27,2022-01-17
544,شصفها,پتروشيمي‌ اصفهان‌,137,62158,6802712100,111400,109700,110400,-1000,-0.9,110400,-1000,-0.9,109200,111400,1400-10-27,2022-01-17
545,اخزا001,اسنادخزانه-م1بودجه00-030821,136,469236,253823469400,538740,540000,541790,3050,0.57,540930,2190,0.41,539200,541990,1400-10-27,2022-01-17
546,غشان,شيرپاستوريزه‌پگاه‌خراسان‌,136,621391,2292065034,3788,3650,3661,-127,-3.35,3772,-16,-0.42,3650,3784,1400-10-27,2022-01-17
547,اخزا006,اسنادخزانه-م6بودجه00-030723,136,278464,153156194700,549030,549030,550000,970,0.18,550000,970,0.18,549030,551700,1400-10-27,2022-01-17
548,تسه9905,امتياز تسهيلات مسكن مرداد99,136,2219,2804319433,1261261,1220000,1231000,-30261,-2.4,1263776,2515,0.2,1198198,1324324,1400-10-27,2022-01-17
549,اوان,مبين وان كيش,135,261204,2403973810,9520,9240,9130,-390,-4.1,9470,-50,-0.53,9060,9600,1400-10-27,2022-01-17
550,فيروزا,صندوق بادرآمد ثابت فيروزه آسيا,135,5793552,152479692550,26299,26310,26320,21,0.08,26319,20,0.08,26310,26320,1400-10-27,2022-01-17
551,كگهر,سنگ آهن گهرزمين,133,363524,17000400400,47900,47950,46250,-1650,-3.44,47750,-150,-0.31,46100,47950,1400-10-27,2022-01-17
552,كفراح,ح . فراورده‌ هاي‌ نسوزايران‌,133,668737,2900429379,4503,4500,4262,-241,-5.35,4337,-166,-3.69,4261,4540,1400-10-27,2022-01-17
553,دابور,داروسازي‌ ابوريحان‌,133,195599,4137499310,21860,22020,20950,-910,-4.16,21660,-200,-0.91,20780,22020,1400-10-27,2022-01-17
554,تسه9812,امتياز تسهيلات مسكن اسفند98,132,1836,2261856038,1229304,1194100,1232222,2918,0.24,1231948,2644,0.22,1194100,1245000,1400-10-27,2022-01-17
555,ولانا,شركت ليزينگ آريا دانا,132,305970,3194685370,10930,10390,10390,-540,-4.94,10630,-300,-2.74,10390,10730,1400-10-27,2022-01-17
556,گوهر,صندوق سكه طلاي كيان,132,124696,7342912730,58998,58353,58831,-167,-0.28,58887,-111,-0.19,58352,59096,1400-10-27,2022-01-17
557,بخاور,بيمه زندگي خاورميانه,131,1058548,2411178311,2295,2370,2234,-61,-2.66,2292,-3,-0.13,2193,2370,1400-10-27,2022-01-17
558,شرانل,نفت ايرانول,131,133969,5929048100,44150,45100,43800,-350,-0.79,44150,0,0,43350,45100,1400-10-27,2022-01-17
559,كپشير,پشم‌شيشه‌ايران‌,131,315276,3217111590,10370,10040,10110,-260,-2.51,10330,-40,-0.39,10040,10570,1400-10-27,2022-01-17
560,اهرم,صندوق س سهامي كاريزما- اهرمي,130,2413180,23178587510,9640,9640,9600,-40,-0.41,9600,-40,-0.41,9580,9770,1400-10-27,2022-01-17
561,انار,صندوق س.انارنماد ارزش-درسهام,130,293852,2615016770,8910,8920,8850,-60,-0.67,8900,-10,-0.11,8840,8990,1400-10-27,2022-01-17
562,زر,صندوق س.پشتوانه سكه طلاي زر,129,79413,4031355559,51568,50036,51050,-518,-1,50764,-804,-1.56,50032,51600,1400-10-27,2022-01-17
563,فلات,گروه صنايع معادن فلات ايرانيان,129,407071,3558511030,8970,8710,9000,30,0.33,8890,-80,-0.89,8710,9040,1400-10-27,2022-01-17
564,خبنيان,بنيان ديزل,128,428940,579497940,1392,1351,1351,-41,-2.95,1390,-2,-0.14,1351,1351,1400-10-27,2022-01-17
565,اعتلا,شركت سرمايه گذاري اعتلاء البرز,127,1090777,3813818493,3461,3362,3486,25,0.72,3470,9,0.26,3362,3544,1400-10-27,2022-01-17
566,دشيمي,شيمي‌ داروئي‌ داروپخش‌,127,340089,7021672080,21010,20600,20390,-620,-2.95,20840,-170,-0.81,20210,21450,1400-10-27,2022-01-17
567,زعف0110پ11,زعفران0110نگين سحرخيز(پ),127,25699,9150258252,360376,350002,356700,-3676,-1.02,356055,-4321,-1.2,350002,360000,1400-10-27,2022-01-17
568,تصميم,صندوق س با درآمد ثابت تصميم,127,1247167,23152789709,18552,18563,18564,12,0.06,18564,12,0.06,18563,18566,1400-10-27,2022-01-17
569,كاريس,صندوق س.سپهر كاريزما-س,127,371614,4734061712,12643,12760,12601,-42,-0.33,12739,96,0.76,12600,12997,1400-10-27,2022-01-17
570,كارين,صندوق س نگين سامان-ثابت,125,3148268,31967836280,10149,10154,10153,4,0.04,10154,5,0.05,10153,10156,1400-10-27,2022-01-17
571,ثپرديس,سرمايه گذاري مسكن پرديس,124,1211408,4128870114,3529,3499,3390,-139,-3.94,3494,-35,-0.99,3360,3499,1400-10-27,2022-01-17
572,كخاكح,ح . صنايع‌خاك‌چيني‌ايران‌,123,1362956,11889174310,8760,8800,8690,-70,-0.8,8720,-40,-0.46,8690,9000,1400-10-27,2022-01-17
573,دتماد,توليدمواداوليه‌داروپخش‌,122,121073,4673160500,38740,38830,38200,-540,-1.39,38700,-40,-0.1,38170,39170,1400-10-27,2022-01-17
574,غگلپا,شير پاستوريزه پگاه گلپايگان,121,110699,6493071000,58750,60000,58400,-350,-0.6,58700,-50,-0.09,57500,60900,1400-10-27,2022-01-17
575,وايرا,سرمايه گذاري صنايع ايران,121,1455233,6041965723,4253,4215,4140,-113,-2.66,4189,-64,-1.5,4127,4260,1400-10-27,2022-01-17
576,لبوتان,گروه‌صنعتي‌بوتان‌,120,127699,5371914340,42230,40130,42000,-230,-0.54,42170,-60,-0.14,40130,43640,1400-10-27,2022-01-17
577,زرين,صندوق س. سهام زرين كوروش-س,120,338910,4160025558,12176,12377,12105,-71,-0.58,12275,99,0.81,12051,12907,1400-10-27,2022-01-17
578,فافزا,فولاد افزا سپاهان,119,193456,5434248100,28800,28100,27950,-850,-2.95,28400,-400,-1.39,27950,29300,1400-10-27,2022-01-17
579,پارسيان,بيمه پارسيان,119,295580,2433735270,8260,8630,8160,-100,-1.21,8260,0,0,8160,8640,1400-10-27,2022-01-17
580,قهكمت,قندهكمتان‌,119,671831,3015038954,4561,4500,4411,-150,-3.29,4546,-15,-0.33,4390,4564,1400-10-27,2022-01-17
581,دارو,كارخانجات‌داروپخش‌,118,123387,3566009440,29600,28520,29080,-520,-1.76,29460,-140,-0.47,28520,29820,1400-10-27,2022-01-17
582,پرديس,سرمايه گذاري پرديس,117,1307039,4309620518,3326,3326,3284,-42,-1.26,3318,-8,-0.24,3281,3400,1400-10-27,2022-01-17
583,اخزا005,اسنادخزانه-م5بودجه00-030626,117,275521,154125048680,556910,557110,559000,2090,0.38,559390,2480,0.45,557110,560100,1400-10-27,2022-01-17
584,پكوير,كوير تاير,115,418359,2098691690,5060,4910,5000,-60,-1.19,5050,-10,-0.2,4910,5180,1400-10-27,2022-01-17
585,سمتا023,سلف موازي استاندارد سمتا023,115,11347400,9999930292200,881253,881253,881253,0,0,881253,0,0,881253,881253,1400-10-27,2022-01-17
586,خپويش,سازه‌ پويش‌,115,135984,9750924760,71940,73500,71000,-940,-1.31,71790,-150,-0.21,69700,73500,1400-10-27,2022-01-17
587,ساروم,سيمان‌اروميه‌,115,144138,5214680520,36270,36000,35500,-770,-2.12,36240,-30,-0.08,35500,36900,1400-10-27,2022-01-17
588,پلاست,كارخانجات توليدي پلاستيران,114,871720,5654079080,6670,6560,6470,-200,-3,6560,-110,-1.65,6470,6780,1400-10-27,2022-01-17
589,غشاذر,پگاه‌آذربايجان‌غربي‌,114,419586,1871878198,4607,4700,4380,-227,-4.93,4588,-19,-0.41,4379,4700,1400-10-27,2022-01-17
590,اوصتا,صندوق انديشه ورزان صباتامين -د,113,4541182,96444911346,21228,21237,21237,9,0.04,21238,10,0.05,21237,21238,1400-10-27,2022-01-17
591,داريك,صندوق س.اعتماد داريك-د,113,5397800,65604962090,12148,12157,12154,6,0.05,12154,6,0.05,12154,12157,1400-10-27,2022-01-17
592,وپخش,داروپخش‌ (هلدينگ‌,113,191581,6010741620,32910,31270,31770,-1140,-3.46,32700,-210,-0.64,31270,32630,1400-10-27,2022-01-17
593,دجابر,داروسازي‌ جابرابن‌حيان‌,112,204353,2038996360,10020,10130,9800,-220,-2.2,10010,-10,-0.1,9710,10190,1400-10-27,2022-01-17
594,سغرب,سيمان‌غرب‌,112,197848,2765367440,14020,14100,13970,-50,-0.36,14010,-10,-0.07,13770,14200,1400-10-27,2022-01-17
595,كفرآور,فرآورده هاي سيمان شرق,111,267344,5001871830,19270,18700,18700,-570,-2.96,18980,-290,-1.5,18700,18980,1400-10-27,2022-01-17
596,سجام,مجتمع سيمان غرب آسيا,111,651865,1297042961,2024,2002,2000,-24,-1.19,2019,-5,-0.25,1965,2013,1400-10-27,2022-01-17
597,زعف0110پ20,زعفران0110نگين وحدت جام(پ),110,38725,13617214924,358389,350000,350000,-8389,-2.34,351639,-6750,-1.88,349000,358900,1400-10-27,2022-01-17
598,رتكو,كنترل‌خوردگي‌تكين‌كو,107,380111,2576177870,6980,6670,6640,-340,-4.87,6940,-40,-0.57,6640,7000,1400-10-27,2022-01-17
599,وبازار,صندوق س شاخصي بازارآشنا,105,407779,4646964460,11210,11300,11410,200,1.78,11400,190,1.69,11210,11590,1400-10-27,2022-01-17
600,دقاضي,داروسازي شهيد قاضي,104,1438251,36657966800,26200,25850,25450,-750,-2.86,25500,-700,-2.67,25450,26200,1400-10-27,2022-01-17
601,درهآور,دارويي ره آورد تامين,104,88035,1773514100,20400,20800,19900,-500,-2.45,20350,-50,-0.25,19850,20800,1400-10-27,2022-01-17
602,پخش,پخش البرز,104,144387,3496300650,24300,24800,24300,0,0,24300,0,0,23800,24800,1400-10-27,2022-01-17
603,پلاستح,ح.كارخانجات توليدي پلاستيران,103,1056355,3306743434,3050,3138,3141,91,2.98,3130,80,2.62,3067,3141,1400-10-27,2022-01-17
604,تسه9811,امتياز تسهيلات مسكن بهمن98,103,907,1112907441,1227125,1181122,1230020,2895,0.24,1227020,-105,-0.01,1181122,1288481,1400-10-27,2022-01-17
605,وثوق,سرمايه گذاري وثوق امين,103,281032,2368248190,8840,8400,8400,-440,-4.98,8740,-100,-1.13,8400,8940,1400-10-27,2022-01-17
606,دحاوي,الحاوي,100,1255847,5164708700,4233,4117,4107,-126,-2.98,4168,-65,-1.54,4107,4327,1400-10-27,2022-01-17
607,ضشنا2014,اختيارخ شپنا-5000-1401/02/25,100,1902,2012970000,1092,1130,1000,-92,-8.42,1058,-34,-3.11,980,1165,1400-10-27,2022-01-17
608,زمگسا,كشاورزي‌ ودامپروي‌ مگسال‌,99,259006,4455522830,18000,17980,17110,-890,-4.94,17750,-250,-1.39,17100,17980,1400-10-27,2022-01-17
609,معيار ,سرمايه گذاري معيار صنعت پارس,99,90361,3544867850,40200,39000,39000,-1200,-2.99,39850,-350,-0.87,39000,40750,1400-10-27,2022-01-17
610,بنيرو,نيروترانس‌,98,1053480,1736100737,1704,1700,1638,-66,-3.87,1697,-7,-0.41,1637,1700,1400-10-27,2022-01-17
611,كخاك,صنايع‌خاك‌چيني‌ايران‌,98,247432,3292212410,13370,13150,13000,-370,-2.77,13360,-10,-0.07,12910,14000,1400-10-27,2022-01-17
612,ثزاگرس,سرمايه گذاري توسعه عمران زاگرس,98,143762,4372745700,30800,30050,30150,-650,-2.11,30650,-150,-0.49,29900,30950,1400-10-27,2022-01-17
613,سدشت,صنايع سيمان دشتستان,98,70517,1662903880,24800,23700,23560,-1240,-5,24660,-140,-0.56,23560,24000,1400-10-27,2022-01-17
614,ضملت1133,اختيارخ وبملت-3000-1400/11/13,97,3792,638828000,210,247,120,-90,-42.86,168,-42,-20,120,247,1400-10-27,2022-01-17
615,خفناور,مهندسي صنعتي روان فن آور,96,181348,5186552800,29450,28600,28600,-850,-2.89,28600,-850,-2.89,28600,28600,1400-10-27,2022-01-17
616,لوتوس,تامين سرمايه لوتوس پارسيان,95,2440285,13947657170,5720,5720,5720,0,0,5720,0,0,5620,5770,1400-10-27,2022-01-17
617,كصدف,كاشي صدف سرام استقلال آباده,95,526319,11542647250,21450,21750,22050,600,2.8,21950,500,2.33,21750,22050,1400-10-27,2022-01-17
618,سفار,سيمان‌فارس‌,95,87745,4435344250,51730,50550,50120,-1610,-3.11,51370,-360,-0.7,50100,51010,1400-10-27,2022-01-17
619,ضخود2015,اختيارخ خودرو-1400-1401/02/07,94,1516,1136352000,693,800,720,27,3.9,750,57,8.23,719,809,1400-10-27,2022-01-17
620,ركيش,كارت اعتباري ايران كيش,93,3596140,22368659080,6230,6040,6080,-150,-2.41,6220,-10,-0.16,6040,6300,1400-10-27,2022-01-17
621,دالبر,البرزدارو,93,327190,3826726650,11850,11890,11790,-60,-0.51,11810,-40,-0.34,11360,11970,1400-10-27,2022-01-17
622,تيپيكو,سرمايه گذاري دارويي تامين,91,242668,4407990900,18310,18230,17830,-480,-2.62,18300,-10,-0.05,17830,18520,1400-10-27,2022-01-17
623,اخزا007,اسنادخزانه-م7بودجه00-030912,89,456885,244344259110,532070,533850,534600,2530,0.48,534800,2730,0.51,532230,535900,1400-10-27,2022-01-17
624,فاما,صنعتي‌ آما,86,175426,2917376950,17170,16530,16560,-610,-3.55,17060,-110,-0.64,16400,17210,1400-10-27,2022-01-17
625,داسوه,داروسازي‌ اسوه‌,86,88734,2089953740,24060,24060,23400,-660,-2.74,23990,-70,-0.29,23230,24400,1400-10-27,2022-01-17
626,حخزر,كشتيراني درياي خزر,85,372543,5202608700,14270,13620,14000,-270,-1.89,14160,-110,-0.77,13620,14670,1400-10-27,2022-01-17
627,هكشو208,اختيارف ت پاكشو10000-02/08/29,85,4075000,2893250000,696,710,710,14,2.01,710,14,2.01,710,710,1400-10-27,2022-01-17
628,شپاس,نفت پاسارگاد,84,137941,2015795780,15040,14710,14410,-630,-4.19,14980,-60,-0.4,14400,15000,1400-10-27,2022-01-17
629,ثاژن,سخت آژند,84,526572,2127273779,3993,3914,4072,79,1.98,4012,19,0.48,3914,4072,1400-10-27,2022-01-17
630,نيرو,نيرو سرمايه,83,210648,6393745800,31250,30350,30350,-900,-2.88,30650,-600,-1.92,30350,30950,1400-10-27,2022-01-17
631,سرود,سيمان‌شاهرود,83,230035,4615407370,20620,20000,19780,-840,-4.07,20440,-180,-0.87,19780,20600,1400-10-27,2022-01-17
632,بمپنا,توليد برق عسلويه  مپنا,82,272617,1504449440,5650,5430,5450,-200,-3.54,5640,-10,-0.18,5400,5610,1400-10-27,2022-01-17
633,ساربيل,سيمان آرتا اردبيل,82,175477,3748235260,21320,21320,21310,-10,-0.05,21330,10,0.05,21000,21880,1400-10-27,2022-01-17
634,قمرو,قند مرودشت‌,82,152067,3251788260,21410,21570,21380,-30,-0.14,21400,-10,-0.05,21010,21570,1400-10-27,2022-01-17
635,سفانو,سيمان فارس نو,81,116235,2702240400,23360,23800,23140,-220,-0.94,23340,-20,-0.09,23070,23800,1400-10-27,2022-01-17
636,وبهمن,سرمايه‌گذاري‌بهمن‌,79,176731,2326409350,13630,13010,13060,-570,-4.18,13560,-70,-0.51,13010,13480,1400-10-27,2022-01-17
637,اخزا917,اسنادخزانه-م17بودجه99-010226,78,43494,40581035860,934220,934200,933000,-1220,-0.13,933030,-1190,-0.13,932070,935000,1400-10-27,2022-01-17
638,شكبير,پتروشيمي اميركبير,77,43806,3948786000,90750,90700,89500,-1250,-1.38,90750,0,0,88350,91000,1400-10-27,2022-01-17
639,سهگمت,سيمان‌هگمتان‌,77,68236,1362777330,20480,19560,20150,-330,-1.61,20430,-50,-0.24,19560,20550,1400-10-27,2022-01-17
640,زعف0110پ18,زعفران0110نگين بهرامن(پ),77,23458,8254824605,356502,356990,354999,-1503,-0.42,351898,-4604,-1.29,347010,356990,1400-10-27,2022-01-17
641,ضسپا1112,اختيارخ خساپا-1600-1400/11/20,77,1840,280476000,149,182,154,5,3.36,152,3,2.01,143,183,1400-10-27,2022-01-17
642,تكنو,تكنوتار,76,354764,2058226640,6100,5980,5800,-300,-4.92,6060,-40,-0.66,5800,5980,1400-10-27,2022-01-17
643,بساما,بيمه سامان,76,932086,20748234360,21200,22260,22260,1060,5,22260,1060,5,22260,22260,1400-10-27,2022-01-17
644,دروز,داروسازي‌ روزدارو,75,62644,1840904200,29660,28570,29570,-90,-0.3,29630,-30,-0.1,28570,30100,1400-10-27,2022-01-17
645,كشرق,صنعتي و معدني شمال شرق شاهرود,74,38179,2565321750,67800,67150,66850,-950,-1.4,67700,-100,-0.15,66600,68950,1400-10-27,2022-01-17
646,سقاين,سيمان‌ قائن‌,74,100901,4073153130,40490,41190,40500,10,0.02,40460,-30,-0.07,39890,41300,1400-10-27,2022-01-17
647,ضملت1134,اختيارخ وبملت-3500-1400/11/13,74,3529,70914000,25,15,14,-11,-44,20,-5,-20,14,37,1400-10-27,2022-01-17
648,دپارس,پارس‌ دارو,72,146265,4073704990,28310,29080,28000,-310,-1.1,28180,-130,-0.46,27140,29080,1400-10-27,2022-01-17
649,سلار,شركت سيمان لارستان,72,301864,6362783750,22150,21050,21650,-500,-2.26,21450,-700,-3.16,21050,21700,1400-10-27,2022-01-17
650,تماوند,تامين سرمايه دماوند,72,814744,4637240270,5850,5790,5680,-170,-2.91,5800,-50,-0.85,5680,5790,1400-10-27,2022-01-17
651,اخزا910,اسنادخزانه-م10بودجه99-020807,72,152291,105180315800,686240,686790,691160,4920,0.72,690650,4410,0.64,686700,691290,1400-10-27,2022-01-17
652,شمواد,توليد مواداوليه الياف مصنوعي,70,64586,3339096200,49750,51700,51700,1950,3.92,50950,1200,2.41,51700,51700,1400-10-27,2022-01-17
653,سهرمز,سيمان‌هرمزگان‌,70,104933,1623969260,16160,15510,15540,-620,-3.84,16080,-80,-0.5,15360,16240,1400-10-27,2022-01-17
654,سكه0011پ02,تمام سكه طرح جديد0011ملت,68,11200,13216617200,1189708,1178888,1183000,-6708,-0.56,1180055,-9653,-0.81,1175101,1183000,1400-10-27,2022-01-17
655,سايرا,ايرانيت‌,67,108286,2759122950,25700,25500,25200,-500,-1.95,25600,-100,-0.39,25200,26050,1400-10-27,2022-01-17
656,سجامح,ح.مجتمع سيمان غرب آسيا,67,1278468,878843811,706,690,685,-21,-2.97,687,-19,-2.69,685,703,1400-10-27,2022-01-17
657,وتوشه,سرمايه‌ گذاري‌ پارس‌ توشه‌,66,394014,2013405680,5160,5200,5070,-90,-1.74,5150,-10,-0.19,5050,5200,1400-10-27,2022-01-17
658,سمتاز,سيمان ممتازان كرمان,65,123692,1691750660,14080,13690,13660,-420,-2.98,14010,-70,-0.5,13660,13920,1400-10-27,2022-01-17
659,زعف0110پ16,زعفران0110نگين بيرجند(پ),65,36745,12907160918,356626,351000,350005,-6621,-1.86,351263,-5363,-1.5,347000,357999,1400-10-27,2022-01-17
660,قپيرا,فرآورده‌هاي‌غدايي‌وقندپيرانشهر,65,193159,1554364430,8060,7750,8000,-60,-0.74,8060,0,0,7750,8450,1400-10-27,2022-01-17
661,واحصا,احياء صنايع خراسان,64,83862,2763252900,32000,32950,32950,950,2.97,32250,250,0.78,32950,32950,1400-10-27,2022-01-17
662,فكمند,گسترش قطعه سازي كمند,63,170505,5584038750,34450,32750,32750,-1700,-4.93,33450,-1000,-2.9,32750,32750,1400-10-27,2022-01-17
663,ما,بيمه  ما,63,336494,1522988705,4709,4510,4550,-159,-3.38,4690,-19,-0.4,4487,4679,1400-10-27,2022-01-17
664,سپاس,صندوق س. پاداش سهامداري-ثابت,63,1239201,12473720851,10062,10065,10069,7,0.07,10066,4,0.04,10065,10069,1400-10-27,2022-01-17
665,سيدكو,سرمايه گذاري توسعه صنايع سيمان,62,762642,4280811920,5740,5530,5500,-240,-4.18,5700,-40,-0.7,5500,5670,1400-10-27,2022-01-17
666,اخزا003,اسنادخزانه-م3بودجه00-030418,61,58220,33936010760,581610,582000,583100,1490,0.26,582890,1280,0.22,582000,583820,1400-10-27,2022-01-17
667,كقزوي,شيشه‌ قزوين‌,61,259405,2122787850,8170,8050,8170,0,0,8170,0,0,8050,8300,1400-10-27,2022-01-17
668,مارون,پتروشيمي مارون,60,18333,3104061900,172400,165550,169850,-2550,-1.48,172300,-100,-0.06,165550,170000,1400-10-27,2022-01-17
669,فيروزه,صندوق شاخص30 شركت فيروزه- سهام,59,14210,2243212650,158360,159880,156200,-2160,-1.36,157860,-500,-0.32,156200,159890,1400-10-27,2022-01-17
670,اخزا008,اسنادخزانه-م8بودجه00-030919,59,63069,33534534290,529890,531500,530010,120,0.02,531710,1820,0.34,530010,533190,1400-10-27,2022-01-17
671,پدرخش,درخشان‌ تهران‌,58,616009,4336703360,6710,7040,7040,330,4.92,6800,90,1.34,7040,7040,1400-10-27,2022-01-17
672,سبجنو,سيمان‌ بجنورد,57,57173,2111934010,36800,37650,36500,-300,-0.82,36820,20,0.05,36500,37990,1400-10-27,2022-01-17
673,دسينا,داروسازي‌ سينا,55,300991,5991739770,20180,20140,19860,-320,-1.59,20070,-110,-0.55,19540,20300,1400-10-27,2022-01-17
674,سشمال,سيمان‌ شمال‌,55,251584,1862359300,7470,7120,7410,-60,-0.8,7460,-10,-0.13,7120,7590,1400-10-27,2022-01-17
675,دكيمي,كيميدارو,54,143107,2289246610,16280,15990,15790,-490,-3.01,16240,-40,-0.25,15720,16480,1400-10-27,2022-01-17
676,وامين,س. امين توان آفرين ساز,53,112303,1376959860,12440,12350,12290,-150,-1.21,12430,-10,-0.08,12180,12350,1400-10-27,2022-01-17
677,زعف0110پ05,زعفران0110نگين زرين(پ),53,28237,10067589620,360052,358000,357500,-2552,-0.71,356539,-3513,-0.98,355000,360000,1400-10-27,2022-01-17
678,وارس,سرمايه گذاري ارس صبا,52,374677,4260077490,11040,11370,11370,330,2.99,11170,130,1.18,11370,11370,1400-10-27,2022-01-17
679,اخزا004,اسنادخزانه-م4بودجه00-030522,52,98414,56170866940,569100,571000,571000,1900,0.33,570760,1660,0.29,569590,571990,1400-10-27,2022-01-17
680,ساراب,سيمان‌ داراب‌,51,140095,2310162190,16740,16110,16350,-390,-2.33,16700,-40,-0.24,16110,16740,1400-10-27,2022-01-17
681,شزنگ,تجهيزنيروي‌زنگان‌,51,11890,1222886500,106000,102850,102850,-3150,-2.97,105600,-400,-0.38,102850,102850,1400-10-27,2022-01-17
682,سمايه,بانك سرمايه,49,1121323,4650126481,4275,4147,4147,-128,-2.99,4212,-63,-1.47,4147,4147,1400-10-27,2022-01-17
683,لخانه,لوازم‌ خانگي‌ پارس‌,48,102261,1521643680,15330,14880,14880,-450,-2.94,15260,-70,-0.46,14880,14880,1400-10-27,2022-01-17
684,شساخت,مهندسي و ساختمان صنايع نفت,48,150425,6641667950,44150,44150,44150,0,0,44150,0,0,44150,44200,1400-10-27,2022-01-17
685,ضصاد1113,اختيارخ وبصادر-2000-1400/11/06,48,1593,38582000,40,50,16,-24,-60,24,-16,-40,16,50,1400-10-27,2022-01-17
686,كهربا,صندوق س.پشتوانه سكه طلا كهربا,48,250706,2523291391,10216,10076,10110,-106,-1.04,10065,-151,-1.48,10043,10110,1400-10-27,2022-01-17
687,غپونه,نوش پونه مشهد,48,269591,3061710640,11520,11440,11300,-220,-1.91,11470,-50,-0.43,11220,11720,1400-10-27,2022-01-17
688,دفرا,فرآورده‌هاي‌ تزريقي‌ ايران‌,46,48556,664475140,13700,13710,13330,-370,-2.7,13700,0,0,13280,13930,1400-10-27,2022-01-17
689,ثنام,س ساختماني ب نام آوران مهندسي,45,255334,2017138600,8310,7900,7900,-410,-4.93,8220,-90,-1.08,7900,7900,1400-10-27,2022-01-17
690,سيناد,صندوق س.سپهرسودمند سينا-د,45,1957000,19658620000,10041,10041,10046,5,0.05,10045,4,0.04,10041,10048,1400-10-27,2022-01-17
691,كيان2,صندوق س. با درآمد ثابت كيان,45,4500000,4500000,32631,1,1,-32630,-100,1,-32630,-100,1,1,1400-10-27,2022-01-17
692,ويسا,سرمايه گذاري ايساتيس پويا,45,243934,1814035360,7650,7430,7430,-220,-2.88,7610,-40,-0.52,7430,7620,1400-10-27,2022-01-17
693,فالوم,آلومتك‌,44,190914,3121443900,16850,16350,16350,-500,-2.97,16680,-170,-1.01,16350,16350,1400-10-27,2022-01-17
694,صايند,صندوق س. گنجينه آينده روشن-د,43,578550,5809187450,10030,10035,10037,7,0.07,10041,11,0.11,10035,10046,1400-10-27,2022-01-17
695,يارا,صندوق س. آريا-د,42,779292,7792920000,10000,10000,10000,0,0,10000,0,0,10000,10000,1400-10-27,2022-01-17
696,اخزا903,اسنادخزانه-م3بودجه99-011110,42,25777,20902310550,811090,808050,811590,500,0.06,810890,-200,-0.02,808050,813960,1400-10-27,2022-01-17
697,اراد50,مرابحه عام دولت5-ش.خ0302,42,983500,983500700000,1000010,1000000,1000000,-10,0,1000000,-10,0,1000000,1000010,1400-10-27,2022-01-17
698,سكه0012پ04,تمام سكه طرح جديد0012صادرات,40,9400,11092189100,1189087,1180000,1181000,-8087,-0.68,1180020,-9067,-0.76,1177990,1183500,1400-10-27,2022-01-17
699,وآفري,بيمه كارآفرين,40,449713,1809570516,4052,3955,4052,0,0,4049,-3,-0.07,3955,4135,1400-10-27,2022-01-17
700,زعف0110پ09,زعفران0110نگين نوين(پ),40,15855,5582700891,357990,350000,352900,-5090,-1.42,352110,-5880,-1.64,349000,357000,1400-10-27,2022-01-17
701,كرونا2,تامين مالي جمعي صرفا اهداي سود,39,8961,89610000,10000,10000,10000,0,0,10000,0,0,10000,10000,1400-10-27,2022-01-17
702,آساس,صندوق س.آسمان آرماني سهام-س,36,17627,2814591612,159629,159630,158205,-1424,-0.89,159675,46,0.03,158203,162499,1400-10-27,2022-01-17
703,ثاصفا,شركت‌ ساختمان‌ اصفهان‌,36,138825,1103919750,8190,7950,7950,-240,-2.93,8150,-40,-0.49,7950,8000,1400-10-27,2022-01-17
704,اخزا815,اسنادخزانه-م15بودجه98-010406,36,73788,67344524470,911190,911440,912500,1310,0.14,912680,1490,0.16,911020,914000,1400-10-27,2022-01-17
705,سپرمي,پرميت‌,36,174000,2195880000,12380,12620,12620,240,1.94,12620,240,1.94,12620,12620,1400-10-27,2022-01-17
706,ضفلا1163,اختيارخ فولاد-10000-1400/11/24,35,433,226927000,557,666,431,-126,-22.62,524,-33,-5.92,431,700,1400-10-27,2022-01-17
707,غشوكو,شوكو پارس,35,81845,603197650,7590,7370,7370,-220,-2.9,7580,-10,-0.13,7370,7370,1400-10-27,2022-01-17
708,سكه0112پ03,تمام سكه طرح جديد0112سامان,34,5300,6258192900,1188356,1179900,1185000,-3356,-0.28,1180791,-7565,-0.64,1177000,1185000,1400-10-27,2022-01-17
709,شستان,پتروشيمي گلستان,33,182130,743090400,4000,4080,4080,80,2,4011,11,0.28,4080,4080,1400-10-27,2022-01-17
710,سكرما,سيمان‌ كرمان‌,33,111388,1596641840,14540,14180,14290,-250,-1.72,14520,-20,-0.14,14180,14800,1400-10-27,2022-01-17
711,ارمغان,ص سرمايه گذاري ارمغان ايرانيان,33,423055,4257234760,10052,10057,10064,12,0.12,10063,11,0.11,10057,10064,1400-10-27,2022-01-17
712,اخزا902,اسنادخزانه-م2بودجه99-011019,31,32933,27033802440,818980,816510,819400,420,0.05,820870,1890,0.23,816110,822000,1400-10-27,2022-01-17
713,سباقر,سيمان باقران,30,95134,1072160180,11610,11270,11270,-340,-2.93,11570,-40,-0.34,11270,11270,1400-10-27,2022-01-17
714,اخزا914,اسنادخزانه-م14بودجه99-021025,27,104905,69769403710,663520,664990,663010,-510,-0.08,665070,1550,0.23,661200,666000,1400-10-27,2022-01-17
715,ولتجار,واسپاري تجارت وسرمايه ايرانيان,27,138968,338973064,2507,2434,2432,-75,-2.99,2505,-2,-0.08,2432,2499,1400-10-27,2022-01-17
716,آتيمس,صندوق س.آرمان آتيه درخشان مس-س,26,5613,979282141,175226,176900,174000,-1226,-0.7,174467,-759,-0.43,174000,176900,1400-10-27,2022-01-17
717,افق ملت,صندوق س در سهام افق ملت,26,6418,850951010,133450,135450,132490,-960,-0.72,132590,-860,-0.64,132000,135450,1400-10-27,2022-01-17
718,ضسپا1113,اختيارخ خساپا-1800-1400/11/20,26,1135,73983000,72,75,60,-12,-16.67,65,-7,-9.72,56,88,1400-10-27,2022-01-17
719,قنيشا,قند  نيشابور,26,30300,1245633000,43270,41110,41110,-2160,-4.99,43080,-190,-0.44,41110,41110,1400-10-27,2022-01-17
720,اخزا010,اسناد خزانه-م10بودجه00-031115,24,42114,21767951020,512288,516000,521000,8712,1.7,516882,4594,0.9,512790,521000,1400-10-27,2022-01-17
721,الماس,صندوق س.امين تدبيرگران فردا-س,24,11727,1124894207,95978,96001,96200,222,0.23,95923,-55,-0.06,95900,96200,1400-10-27,2022-01-17
722,اخزا901,اسنادخزانه-م1بودجه99-010621,24,10479,9170454410,874700,873030,875610,910,0.1,875130,430,0.05,873030,884490,1400-10-27,2022-01-17
723,قشرين,قند شيرين خراسان,23,140651,745450300,5570,5300,5300,-270,-4.85,5550,-20,-0.36,5300,5300,1400-10-27,2022-01-17
724,اخزا909,اسنادخزانه-م9بودجه99-020316,23,172303,129332719610,748690,750000,750430,1740,0.23,750610,1920,0.26,748180,751000,1400-10-27,2022-01-17
725,داريوش,صندوق س. ثروت داريوش -س,23,74219,694653011,9274,9370,9368,94,1.01,9360,86,0.93,9310,9400,1400-10-27,2022-01-17
726,عيار2,صندوق سكه طلاي مفيد,22,220000,220000,30113,1,1,-30112,-100,1,-30112,-100,1,1,1400-10-27,2022-01-17
727,فراز,صندوق س.سهام فراز داريك-س,22,289889,4131524540,14244,14245,14244,0,0,14252,8,0.06,14244,14450,1400-10-27,2022-01-17
728,فسا,پتروشيمي فسا,22,241670,205419500,876,850,850,-26,-2.97,875,-1,-0.11,850,850,1400-10-27,2022-01-17
729,وتعاون,بيمه تعاون,22,209757,332884359,1670,1587,1587,-83,-4.97,1668,-2,-0.12,1587,1587,1400-10-27,2022-01-17
730,گنجين,صندوق س. گنجينه يكم آويد-د,20,90845,1326631656,14597,14602,14607,10,0.07,14603,6,0.04,14602,14612,1400-10-27,2022-01-17
731,آكورد2,صندوق س. آرمان آتي كوثر-د,20,2000000,2000000,36319,1,1,-36318,-100,1,-36318,-100,1,1,1400-10-27,2022-01-17
732,ضسپا1111,اختيارخ خساپا-1400-1400/11/20,19,773,225912000,276,270,271,-5,-1.81,292,16,5.8,270,319,1400-10-27,2022-01-17
733,سي تيپ2ن32,گواهي سيمان تيپ2هرمزگان(ن),19,738000,3895164000,5278,5278,5278,0,0,5278,0,0,5278,5278,1400-10-27,2022-01-17
734,اخزا908,اسنادخزانه-م8بودجه99-020606,19,33913,24199135040,712260,710880,716000,3740,0.53,713570,1310,0.18,710870,719970,1400-10-27,2022-01-17
735,اخزا918,اسنادخزانه-م18بودجه99-010323,19,13450,12364800080,920080,919200,919220,-860,-0.09,919320,-760,-0.08,919200,920080,1400-10-27,2022-01-17
736,ضبدر1165,اختيارخ شبندر-8000-1400/11/13,19,654,7729000,21,12,30,9,42.86,12,-9,-42.86,10,30,1400-10-27,2022-01-17
737,اخزا817,اسنادخزانه-م17بودجه98-010512,18,10338,9267513310,893040,891000,893200,160,0.02,896450,3410,0.38,891000,896900,1400-10-27,2022-01-17
738,ضصاد1114,اختيارخ وبصادر-2500-1400/11/06,18,647,681000,1,2,1,0,0,1,0,0,1,2,1400-10-27,2022-01-17
739,ضبدر1163,اختيارخ شبندر-6000-1400/11/13,17,43,20943000,563,277,400,-163,-28.95,487,-76,-13.5,277,811,1400-10-27,2022-01-17
740,حرهشا,رهشاد سپاهان (سهامي عام,17,11260,855760000,78350,76000,76000,-2350,-3,78000,-350,-0.45,76000,76000,1400-10-27,2022-01-17
741,اخزا821,اسنادخزانه-م21بودجه98-020906,17,19340,13112686040,676940,676950,679990,3050,0.45,678010,1070,0.16,676950,679990,1400-10-27,2022-01-17
742,اخزا812,اسنادخزانه-م12بودجه98-001111,16,26117,25911123180,991300,992000,992200,900,0.09,992120,820,0.08,992000,993000,1400-10-27,2022-01-17
743,ضملت1132,اختيارخ وبملت-2500-1400/11/13,16,606,351083000,626,700,500,-126,-20.13,579,-47,-7.51,500,700,1400-10-27,2022-01-17
744,طسپا1112,اختيارف خساپا-1600-1400/11/20,16,698,32010000,60,46,45,-15,-25,46,-14,-23.33,45,50,1400-10-27,2022-01-17
745,اخزا911,اسنادخزانه-م11بودجه99-020906,16,32124,21838111900,675070,679000,680000,4930,0.73,679810,4740,0.7,679000,680000,1400-10-27,2022-01-17
746,ثغرب,شركت سرمايه گذاري مسكن شمالغرب,15,203590,701978320,3629,3448,3448,-181,-4.99,3620,-9,-0.25,3448,3448,1400-10-27,2022-01-17
747,اخزا820,اسنادخزانه-م20بودجه98-020806,15,115080,79624519200,686980,693990,692000,5020,0.73,691910,4930,0.72,691000,693990,1400-10-27,2022-01-17
748,ضپال2007,اختيارخ اپال-32000-1401/02/12,14,104,11001000,85,130,87,2,2.35,106,21,24.71,87,130,1400-10-27,2022-01-17
749,ضسپا3013,اختيارخ خساپا-1600-1401/03/25,14,524,155100000,313,330,260,-53,-16.93,296,-17,-5.43,235,330,1400-10-27,2022-01-17
750,اخزا814,اسنادخزانه-م14بودجه98-010318,14,36857,34053076150,923730,922040,924500,770,0.08,923920,190,0.02,922040,924500,1400-10-27,2022-01-17
751,كباده,توليد خاك نسوزاستقلال آباده,14,7725,270761250,33400,35050,35050,1650,4.94,33450,50,0.15,35050,35050,1400-10-27,2022-01-17
752,زگلدشتح,ح.كشت و دام گلدشت نمونه اصفهان,13,184566,1255435200,7010,7360,6800,-210,-3,6800,-210,-3,6800,7360,1400-10-27,2022-01-17
753,اخزا907,اسنادخزانه-م7بودجه99-020704,13,3091,2176681000,699080,703890,706000,6920,0.99,704200,5120,0.73,703890,706000,1400-10-27,2022-01-17
754,دمعيار,صندوق س. توازن معيار-د,13,82026,802180186,9771,9780,9792,21,0.21,9780,9,0.09,9776,9792,1400-10-27,2022-01-17
755,جهرم,پتروشيمي جهرم,13,106222,122898854,1217,1157,1157,-60,-4.93,1157,-60,-4.93,1157,1157,1400-10-27,2022-01-17
756,سي تيپ2ن17,گواهي سيمان تيپ2ماهان كرمان(ن),13,435000,2271570000,5222,5222,5222,0,0,5222,0,0,5222,5222,1400-10-27,2022-01-17
757,پارتا,مجتمع‌صنعتي‌آرتاويل‌تاير,13,107858,1918793820,18720,17790,17790,-930,-4.97,18610,-110,-0.59,17790,17790,1400-10-27,2022-01-17
758,زعف0110پ10,زعفران0110نگين طلاي سرخ(پ),12,3392,1207949097,358457,358457,356300,-2157,-0.6,356117,-2340,-0.65,356000,360000,1400-10-27,2022-01-17
759,اخزا009,اسناد خزانه-م9بودجه00-031101,12,2510,1316564150,529690,523460,549590,19900,3.76,524530,-5160,-0.97,523450,549590,1400-10-27,2022-01-17
760,سكه0111پ05,تمام سكه طرح جديد0111آينده,12,1500,1770712000,1188215,1180000,1182300,-5915,-0.5,1180475,-7740,-0.65,1179001,1182300,1400-10-27,2022-01-17
761,اخزا904,اسنادخزانه-م4بودجه99-011215,12,103579,82338401100,794000,794030,790340,-3660,-0.46,794930,930,0.12,790340,796800,1400-10-27,2022-01-17
762,لپيام,گسترش صنايع پيام,11,17912,446008800,26200,24900,24900,-1300,-4.96,26150,-50,-0.19,24900,24900,1400-10-27,2022-01-17
763,ثروتم,صندوق س. ثروت آفرين پارسيان-س,11,2590,212742100,82938,82410,81400,-1538,-1.85,82140,-798,-0.96,81400,82410,1400-10-27,2022-01-17
764,ثعتما,س. ساختماني اعتماد گستر,10,13064,282182400,22700,21600,21600,-1100,-4.85,22650,-50,-0.22,21600,21600,1400-10-27,2022-01-17
765,هپارس102,اختيارف ت پارس-157010-01/02/05,10,150000,150000,1,1,1,0,0,1,0,0,1,1,1400-10-27,2022-01-17
766,اخزا816,اسنادخزانه-م16بودجه98-010503,10,590,529972650,900650,896020,900000,-650,-0.07,898260,-2390,-0.27,896020,900000,1400-10-27,2022-01-17
767,ثنظام,س. ساختماني نظام مهندسي ايران,10,8638,113071420,13490,13090,13090,-400,-2.97,13090,-400,-2.97,13090,13090,1400-10-27,2022-01-17
768,اراد61,مرابحه عام دولت61-ش.خ0309,10,71000,71000000000,1000000,1000000,1000000,0,0,1000000,0,0,1000000,1000000,1400-10-27,2022-01-17
769,صپابهمن,بار پايه صنعتي بهمن,10,83800,43071500,524,519,509,-15,-2.86,514,-10,-1.91,509,519,1400-10-27,2022-01-17
770,مثقال2,صندوق س.پشتوانه طلاي زرين آگاه,10,1000000,1000000,9387,1,1,-9386,-99.99,1,-9386,-99.99,1,1,1400-10-27,2022-01-17
771,اراد864,مرابحه عام دولت86-ش.خ020404,10,126912400,117908165439400,985000,929100,929450,-55550,-5.64,929052,-55948,-5.68,928080,929450,1400-10-27,2022-01-17
772,تمحركه,ماشين سازي نيرو محركه,9,40847,613521940,15480,15020,15020,-460,-2.97,15450,-30,-0.19,15020,15020,1400-10-27,2022-01-17
773,دارا,صندوق س. دارا الگوريتم-د,9,77111,779851345,10105,10110,10111,6,0.06,10113,8,0.08,10110,10115,1400-10-27,2022-01-17
774,ضجار2013,اختيارخ وتجارت-2000-1401/02/21,9,232,63218000,250,300,238,-12,-4.8,272,22,8.8,238,300,1400-10-27,2022-01-17
775,پابهمن,بار پايه بهمن,9,114000,58140000,520,510,510,-10,-1.92,510,-10,-1.92,510,510,1400-10-27,2022-01-17
776,ثمين,صندوق س. ثروت افزون ثمين-س,9,14455,144574750,10000,10050,10000,0,0,10002,2,0.02,9800,10050,1400-10-27,2022-01-17
777,دفاراح,ح . داروسازي‌ فارابي‌,8,9079,87718300,9850,9700,9600,-250,-2.54,9660,-190,-1.93,9600,9700,1400-10-27,2022-01-17
778,ضملت3009,اختيارخ وبملت-2000-1401/03/18,8,205,274500000,1463,1360,1326,-137,-9.36,1339,-124,-8.48,1326,1360,1400-10-27,2022-01-17
779,اخزا905,اسنادخزانه-م5بودجه99-020218,8,16037,12215768170,760150,761000,762010,1860,0.24,761720,1570,0.21,760510,763000,1400-10-27,2022-01-17
780,نخو0102پ01,نخود متوسط0102شيري(پ),8,248,86133908,331043,339058,347595,16552,5,347314,16271,4.92,339058,347595,1400-10-27,2022-01-17
781,خعمرا,توسعه و عمران شهرستان نائين,8,50023,318646510,6190,6370,6370,180,2.91,6200,10,0.16,6370,6370,1400-10-27,2022-01-17
782,غدشت,دشت‌ مرغاب‌,7,3457,68586880,20880,19840,19840,-1040,-4.98,20870,-10,-0.05,19840,19840,1400-10-27,2022-01-17
783,تملي711,تسهيلات مسكن ب. ملي-بهمن97,7,86,73066468,870198,913700,848000,-22198,-2.55,849610,-20588,-2.37,826689,913700,1400-10-27,2022-01-17
784,ضسپا3012,اختيارخ خساپا-1400-1401/03/25,7,290,122990000,480,460,420,-60,-12.5,424,-56,-11.67,416,460,1400-10-27,2022-01-17
785,اراد954,مرابحه عام دولت95-ش.خ020514,7,33840000,31267914600000,940000,925392,927540,-12460,-1.33,923993,-16007,-1.7,923310,927540,1400-10-27,2022-01-17
786,اراد644,مرابحه عام دولتي64-ش.خ0111,7,56304726,53415394102263,944500,948792,948600,4100,0.43,948684,4184,0.44,948600,948794,1400-10-27,2022-01-17
787,اراد404,مرابحه عام دولت4-ش.خ 0207,7,64594000,59891746074000,1000000,927242,927400,-72600,-7.26,927203,-72797,-7.28,926954,928100,1400-10-27,2022-01-17
788,انار2,صندوق س.انارنماد ارزش-درسهام,7,110000,110000,8910,1,1,-8909,-99.99,1,-8909,-99.99,1,1,1400-10-27,2022-01-17
789,كمان,س.خ.كمان كاريزما 35% تاديه,7,228000,88154604000,386419,386643,386643,224,0.06,386643,224,0.06,386643,386643,1400-10-27,2022-01-17
790,اراد344,مرابحه عام دولت3-ش.خ 0305,6,54986600,47022338720500,1000000,854184,856085,-143915,-14.39,855160,-144840,-14.48,854184,856085,1400-10-27,2022-01-17
791,طخود2017,اختيارف خودرو-1800-1401/02/07,6,320,16200000,60,60,50,-10,-16.67,51,-9,-15,50,60,1400-10-27,2022-01-17
792,اراد324,مرابحه عام دولت3-ش.خ0211,6,6237752,5512861634888,1000000,883584,884000,-116000,-11.6,883790,-116210,-11.62,883498,884000,1400-10-27,2022-01-17
793,افران2,صندوق س افرا نماد پايدار-ثابت,6,37700000,37700000,15263,1,1,-15262,-99.99,1,-15262,-99.99,1,1,1400-10-27,2022-01-17
794,اراد874,مرابحه عام دولت87-ش.خ030304,6,90165814,81320998475670,960490,901610,902200,-58290,-6.07,901905,-58585,-6.1,901610,902200,1400-10-27,2022-01-17
795,ضفلا1162,اختيارخ فولاد-9000-1400/11/24,6,57,57066000,975,1000,1000,25,2.56,1001,26,2.67,1000,1021,1400-10-27,2022-01-17
796,اراد384,مرابحه عام دولت3-ش.خ 0105,6,56243944,54638333642744,985000,971450,971550,-13450,-1.37,971453,-13547,-1.38,971352,971550,1400-10-27,2022-01-17
797,تملي804,تسهيلات مسكن ب. ملي-تير98,6,52,37713160,696989,695010,730000,33011,4.74,725253,28264,4.06,695010,730000,1400-10-27,2022-01-17
798,اراد584,مرابحه عام دولت5-ش.خ 0110,6,39002000,37168384968000,960000,952916,953050,-6950,-0.72,952987,-7013,-0.73,952916,953065,1400-10-27,2022-01-17
799,اراد914,مرابحه عام دولت91-ش.خ010525,6,35357900,34189638963300,995000,966854,967000,-28000,-2.81,966959,-28041,-2.82,966854,967027,1400-10-27,2022-01-17
800,اراد364,مرابحه عام دولت3-ش.خ 0104,6,61385600,59813598324800,976660,974278,974500,-2160,-0.22,974391,-2269,-0.23,974267,974500,1400-10-27,2022-01-17
801,فردا2,صندوق س آواي فرداي زاگرس-ثابت,6,600000,600000,12215,1,1,-12214,-99.99,1,-12214,-99.99,1,1,1400-10-27,2022-01-17
802,ضفلا1164,اختيارخ فولاد-12000-1400/11/24,6,136,18880000,100,160,80,-20,-20,139,39,39,80,160,1400-10-27,2022-01-17
803,وحافظ,بيمه حافظ,6,53237,337522580,6670,6340,6340,-330,-4.95,6660,-10,-0.15,6340,6340,1400-10-27,2022-01-17
804,طخود2018,اختيارف خودرو-2000-1401/02/07,6,150,18005000,159,119,148,-11,-6.92,120,-39,-24.53,119,148,1400-10-27,2022-01-17
805,سي تيپ2ن30,گواهي سيمان تيپ2كرمان(ن),6,146000,800518000,5222,5483,5483,261,5,5222,0,0,5483,5483,1400-10-27,2022-01-17
806,غشوكوح,ح . شوكو پارس,6,44681,219093990,5200,5500,4890,-310,-5.96,4900,-300,-5.77,4890,5500,1400-10-27,2022-01-17
807,اراد544,مرابحه عام دولت5-ش.خ 0109,6,36953400,35381999485900,990000,957414,957550,-32450,-3.28,957476,-32524,-3.29,957317,957550,1400-10-27,2022-01-17
808,اراد854,مرابحه عام دولت85-ش.خ010704,5,74537400,71555051395500,977750,959837,960090,-17660,-1.81,959989,-17761,-1.82,959837,960090,1400-10-27,2022-01-17
809,ضملي1159,اختيارخ فملي-5000-1400/11/03,5,12,44796000,1911,1900,1840,-71,-3.72,1866,-45,-2.35,1840,1900,1400-10-27,2022-01-17
810,ضترا1133,اختيارخ شتران-4411-1400/11/10,5,41,1326195,27,17,11,-16,-59.26,14,-13,-48.15,10,17,1400-10-27,2022-01-17
811,ضجار2014,اختيارخ وتجارت-2500-1401/02/21,5,131,10935000,119,150,72,-47,-39.5,83,-36,-30.25,72,150,1400-10-27,2022-01-17
812,اگ010155,گام بانك اقتصاد نوين0101,5,49350,46808475000,944500,948500,948500,4000,0.42,948500,4000,0.42,948500,948500,1400-10-27,2022-01-17
813,تملي806,تسهيلات مسكن ب. ملي-شهريور98,5,35,27412420,745917,783212,783212,37295,5,783212,37295,5,783212,783212,1400-10-27,2022-01-17
814,ضترا1131,اختيارخ شتران-3529-1400/11/10,5,42,20584360,120,190,350,230,191.67,216,96,80,190,350,1400-10-27,2022-01-17
815,برن0104پ01,برنج طارم0104تجارت مازندران(پ),5,86,48547056,565017,564500,564501,-516,-0.09,564501,-516,-0.09,564500,564501,1400-10-27,2022-01-17
816,ضملي1161,اختيارخ فملي-7000-1400/11/03,5,50,2800000,200,20,30,-170,-85,28,-172,-86,20,30,1400-10-27,2022-01-17
817,دشيري,شيرين دارو,5,360,38682000,113100,107450,107450,-5650,-5,113100,0,0,107450,107450,1400-10-27,2022-01-17
818,طجار2013,اختيارف وتجارت-2000-1401/02/21,5,300,65700000,210,210,220,10,4.76,219,9,4.29,210,220,1400-10-27,2022-01-17
819,اراد45,مرابحه عام دولت4-ش.خ 0107,5,100700,97572000000,962150,960000,969000,6850,0.71,968940,6790,0.71,960000,969000,1400-10-27,2022-01-17
820,خاتم2,صندوق س خاتم ايساتيس پويا-ثابت,4,4000000,4000000,12661,1,1,-12660,-99.99,1,-12660,-99.99,1,1,1400-10-27,2022-01-17
821,افاد614,منفعت دولت6-ش.خاص140109,4,16000000,15525182000000,960300,970184,970410,10110,1.05,970324,10024,1.04,970184,970410,1400-10-27,2022-01-17
822,پا ه 18,بار پايه هفته 18,4,52000,26520000,520,510,510,-10,-1.92,510,-10,-1.92,510,510,1400-10-27,2022-01-17
823,ساذري,آذريت‌,4,5292,35403480,7040,6690,6690,-350,-4.97,7040,0,0,6690,6690,1400-10-27,2022-01-17
824,اخزا0094,اسناد خزانه-م9بودجه00-031101,4,24479900,12801108096000,529690,522436,523440,-6250,-1.18,522923,-6767,-1.28,522376,523440,1400-10-27,2022-01-17
825,اخزا813,اسنادخزانه-م13بودجه98-010219,4,68,63708080,938940,936860,936910,-2030,-0.22,936880,-2060,-0.22,936860,936920,1400-10-27,2022-01-17
826,افاد744,منفعت دولت7-ش.خاص ساير0204,4,8000000,7603200000000,1040000,950336,950500,-89500,-8.61,950400,-89600,-8.62,950264,950500,1400-10-27,2022-01-17
827,پادا,صندوق س.پاداش سرمايه پارس-س,4,1600,165230000,103722,103750,103200,-522,-0.5,103269,-453,-0.44,103200,103750,1400-10-27,2022-01-17
828,ضذوب3001,اختيارخ ذوب-2500-1401/03/04,4,31,27010000,1086,1060,865,-221,-20.35,871,-215,-19.8,865,1060,1400-10-27,2022-01-17
829,داراب,پتروشيمي داراب,4,20000,43220000,2227,2161,2161,-66,-2.96,2227,0,0,2161,2161,1400-10-27,2022-01-17
830,اراد524,مرابحه عام دولت5-ش.خ 0108,4,26666000,25583600710000,1000000,959070,959800,-40200,-4.02,959409,-40591,-4.06,958971,959800,1400-10-27,2022-01-17
831,اراد654,مرابحه عام دولتي65-ش.خ0210,4,52460554,48179288241356,1000000,918305,918470,-81530,-8.15,918391,-81609,-8.16,918305,918470,1400-10-27,2022-01-17
832,ضصاد3013,اختيارخ وبصادر-1600-1401/03/11,4,4,2620000,666,700,520,-146,-21.92,655,-11,-1.65,520,700,1400-10-27,2022-01-17
833,افاد44,منفعت دولتي4-شرايط خاص14010729,4,30000000,29254845000000,999990,975179,975350,-24640,-2.46,975161,-24829,-2.48,974870,975350,1400-10-27,2022-01-17
834,زعف0110پ08,زعفران0110نگين روستا(پ),4,1290,455371290,354057,353002,353000,-1057,-0.3,353001,-1056,-0.3,353000,353002,1400-10-27,2022-01-17
835,ضفلا1165,اختيارخ فولاد-14000-1400/11/24,4,107,3117000,50,31,22,-28,-56,29,-21,-42,22,31,1400-10-27,2022-01-17
836,اراد534,مرابحه عام دولت5-ش.خ 0207,4,12500000,11599875000000,1000000,927882,928098,-71902,-7.19,927990,-72010,-7.2,927882,928098,1400-10-27,2022-01-17
837,اراد454,مرابحه عام دولت4-ش.خ 0107,4,20439200,19698645898000,962150,963705,963900,1750,0.18,963768,1618,0.17,963605,963900,1400-10-27,2022-01-17
838,اراد604,مرابحه عام دولتي6-ش.خ0210,4,10600000,9729075500000,974970,917341,918300,-56670,-5.81,917837,-57133,-5.86,917341,918300,1400-10-27,2022-01-17
839,ضشنا2011,اختيارخ شپنا-3500-1401/02/25,4,18,43380000,2505,2530,2220,-285,-11.38,2410,-95,-3.79,2220,2530,1400-10-27,2022-01-17
840,ضسپا1110,اختيارخ خساپا-1200-1400/11/20,4,201,99460000,500,530,460,-40,-8,495,-5,-1,460,530,1400-10-27,2022-01-17
841,اراد554,مرابحه عام دولت5-ش.خ 0209,4,14346298,13212398787527,964980,920853,921070,-43910,-4.55,920962,-44018,-4.56,920853,921076,1400-10-27,2022-01-17
842,ضپاس2009,اختيارخ وپارس-1200-1401/02/28,3,56,41199000,740,760,599,-141,-19.05,736,-4,-0.54,599,760,1400-10-27,2022-01-17
843,وسخوز,شركت س استان خوزستان,3,27459,16557777,634,603,603,-31,-4.89,634,0,0,603,603,1400-10-27,2022-01-17
844,هنوري102,اختيارف ت نوري59561-01/02/15,3,32300,32300,1,1,1,0,0,1,0,0,1,1,1400-10-27,2022-01-17
845,كارا2,صندوق س. كارا -د,3,26500000,26500000,10580,1,1,-10579,-99.99,1,-10579,-99.99,1,1,1400-10-27,2022-01-17
846,كشم0101پ01,كشمش سبز0101خليل آباد(پ),3,35,21847500,624500,624500,624000,-500,-0.08,624214,-286,-0.05,624000,624500,1400-10-27,2022-01-17
847,ضجار2012,اختيارخ وتجارت-1800-1401/02/21,3,300,91400000,350,311,301,-49,-14,305,-45,-12.86,301,311,1400-10-27,2022-01-17
848,سرو2,صندوق س سروسودمند مدبران-سهام,3,30000,30000,65800,1,1,-65799,-100,1,-65799,-100,1,1,1400-10-27,2022-01-17
849,آسام,صندوق س.آرمان سپهر آشنا-م,3,8730,1010973000,116096,116100,115500,-596,-0.51,115804,-292,-0.25,115500,116100,1400-10-27,2022-01-17
850,مبين012,اجاره اعتماد مبين تمدن010710,3,60750,60750000000,1000000,1000000,1000000,0,0,1000000,0,0,1000000,1000000,1400-10-27,2022-01-17
851,اخزا9174,اسنادخزانه-م17بودجه99-010226,3,22400000,20861407300000,934220,930859,930720,-3500,-0.37,931313,-2907,-0.31,930720,942512,1400-10-27,2022-01-17
852,كهرام,توليدي گرانيت بهسرام,3,240,20424000,88600,85100,85100,-3500,-3.95,88600,0,0,85100,85100,1400-10-27,2022-01-17
853,اخزا8144,اسنادخزانه-م14بودجه98-010318,3,6234500,5751231395000,923730,923330,921940,-1790,-0.19,922485,-1245,-0.13,921940,923330,1400-10-27,2022-01-17
854,ضملت3010,اختيارخ وبملت-2500-1401/03/18,3,3,3072000,1144,1110,1060,-84,-7.34,1024,-120,-10.49,902,1110,1400-10-27,2022-01-17
855,فنرژي,گسترش صنايع انرژي آذرآب,3,6600,56760000,8950,8600,8600,-350,-3.91,8600,-350,-3.91,8600,8600,1400-10-27,2022-01-17
856,اوج,صندوق س.اوج دماوند-س,3,5643,56441286,10002,10002,10002,0,0,10002,0,0,10002,10002,1400-10-27,2022-01-17
857,تملي807,تسهيلات مسكن ب. ملي-مهر98,3,21,13522089,613247,643909,643909,30662,5,643909,30662,5,643909,643909,1400-10-27,2022-01-17
858,ضصاد1112,اختيارخ وبصادر-1800-1400/11/06,3,30,3650000,140,130,120,-20,-14.29,122,-18,-12.86,120,130,1400-10-27,2022-01-17
859,ضكاريس903,اختيارخ كاريس-16000-14010930,3,3,3898000,1532,1201,1485,-47,-3.07,1299,-233,-15.21,1201,1485,1400-10-27,2022-01-17
860,شكف,كف,3,160,11072000,72050,69200,69200,-2850,-3.96,69200,-2850,-3.96,69200,69200,1400-10-27,2022-01-17
861,شسم,توليد سموم‌ علف‌ كش,3,619,74032400,116150,119600,119600,3450,2.97,119600,3450,2.97,119600,119600,1400-10-27,2022-01-17
862,اراد424,مرابحه عام دولت4-ش.خ 0106,3,10240000,9934708080000,980950,969614,992242,11292,1.15,970186,-10764,-1.1,969614,992242,1400-10-27,2022-01-17
863,تملي805,تسهيلات مسكن ب. ملي-مرداد98,3,32,26030144,856254,813442,813442,-42812,-5,813442,-42812,-5,813442,813442,1400-10-27,2022-01-17
864,اراد354,مرابحه عام دولت3-ش.خ 0103,3,30000000,29426904000000,986500,979829,989580,3080,0.31,980897,-5603,-0.57,979829,989580,1400-10-27,2022-01-17
865,اراد834,مرابحه عام دولت83-ش.خ041220,3,30060000,26075355000000,1000000,866987,1000000,0,0,867444,-132556,-13.26,866987,1000000,1400-10-27,2022-01-17
866,سي تيپ2ن18,گواهي سيمان تيپ2سامان غرب(ن),3,45000,239670000,5222,5326,5326,104,1.99,5222,0,0,5326,5326,1400-10-27,2022-01-17
867,ضصاد1110,اختيارخ وبصادر-1400-1400/11/06,3,55,26505000,415,517,478,63,15.18,482,67,16.14,478,517,1400-10-27,2022-01-17
868,ضملت1135,اختيارخ وبملت-4000-1400/11/13,2,120,560000,5,5,3,-2,-40,5,0,0,3,5,1400-10-27,2022-01-17
869,ضپاس2012,اختيارخ وپارس-1800-1401/02/28,2,53,11100000,373,210,200,-173,-46.38,209,-164,-43.97,200,210,1400-10-27,2022-01-17
870,اراد504,مرابحه عام دولت5-ش.خ0302,2,5000000,4612722500000,1000010,922089,923000,-77010,-7.7,922544,-77466,-7.75,922089,923000,1400-10-27,2022-01-17
871,اراد624,مرابحه عام دولت62-ش.خ0309,2,14992000,13463295744000,999990,898164,897900,-102090,-10.21,898032,-101958,-10.2,897900,898164,1400-10-27,2022-01-17
872,غناب,روغن‌ نباتي‌ ناب,2,519,77875950,145700,150050,150050,4350,2.99,145750,50,0.03,150050,150050,1400-10-27,2022-01-17
873,اراد814,مرابحه عام دولت81-ش.خ010812,2,42600000,40948078500000,1000000,961095,961350,-38650,-3.87,961222,-38778,-3.88,961095,961350,1400-10-27,2022-01-17
874,ضترا3011,اختيارخ شتران-3000-1401/03/08,2,2,2290000,1390,1200,1090,-300,-21.58,1145,-245,-17.63,1090,1200,1400-10-27,2022-01-17
875,فن آواح,ح.گروه فن آوا,2,1171,10410190,9160,8890,8890,-270,-2.95,8890,-270,-2.95,8890,8890,1400-10-27,2022-01-17
876,اراد214,مرابحه عام دولت2ش.خ صادرات0212,2,59596000,55243078362000,1000000,926127,927792,-72208,-7.22,926959,-73041,-7.3,926127,927792,1400-10-27,2022-01-17
877,گپارس,امور رفاهي كارگزاران پارس,2,140,14014000,105350,100100,100100,-5250,-4.98,105350,0,0,100100,100100,1400-10-27,2022-01-17
878,سي تيپ2ن14,گواهي سيمان تيپ2ساوه(ن),2,24000,136152000,5403,5673,5673,270,5,5403,0,0,5673,5673,1400-10-27,2022-01-17
879,انرژي1,نهادهاي مالي بورس انرژي,2,46618,2999402120,67720,64340,64340,-3380,-4.99,67500,-220,-0.32,64340,64340,1400-10-27,2022-01-17
880,اراد434,مرابحه عام دولت4-ش.خ 0205,2,3136000,2936526880000,920000,936285,936500,16500,1.79,936392,16392,1.78,936285,936500,1400-10-27,2022-01-17
881,فن آوا,گروه فن آوا,2,14695,147831700,10370,10060,10060,-310,-2.99,10370,0,0,10060,10060,1400-10-27,2022-01-17
882,اراد884,مرابحه عام دولت88-ش.خ041120,2,33100000,28748508500000,1000000,868340,868730,-131270,-13.13,868535,-131465,-13.15,868340,868730,1400-10-27,2022-01-17
883,اراد314,مرابحه عام دولت3-ش.خ 0208,2,5000000,4617842500000,907200,897437,949700,42500,4.68,923568,16368,1.8,897437,949700,1400-10-27,2022-01-17
884,اراد794,مرابحه عام دولت79-ش.خ010612,2,9571054,9272336613922,974000,968693,968886,-5114,-0.53,968789,-5211,-0.54,968693,968886,1400-10-27,2022-01-17
885,ضكاريس902,اختيارخ كاريس-14000-14010930,2,26,69500000,2000,2700,2000,0,0,2673,673,33.65,2000,2700,1400-10-27,2022-01-17
886,سي تيپ2ن28,گواهي سيمان تيپ2سپاهان(ن),2,20000,109660000,5222,5483,5483,261,5,5222,0,0,5483,5483,1400-10-27,2022-01-17
887,ضملي1160,اختيارخ فملي-6000-1400/11/03,2,9,16800000,900,900,1000,100,11.11,933,33,3.67,900,1000,1400-10-27,2022-01-17
888,ضسپا3010,اختيارخ خساپا-1000-1401/03/25,2,2,1541000,805,790,751,-54,-6.71,770,-35,-4.35,751,790,1400-10-27,2022-01-17
889,كمند2,صندوق س. با درآمد ثابت كمند,2,146500000,146500000,10064,1,1,-10063,-99.99,1,-10063,-99.99,1,1,1400-10-27,2022-01-17
890,سي تيپ2ن25,گواهي سيمان تيپ2نهاوند(ن),2,20000,107580000,5222,5379,5379,157,3.01,5222,0,0,5379,5379,1400-10-27,2022-01-17
891,سي تيپ2ن04,گواهي سيمان تيپ2فارس نو(ن),2,42000,243138000,5514,5789,5789,275,4.99,5514,0,0,5789,5789,1400-10-27,2022-01-17
892,افاد534,منفعت دولت5-ش.خاص كاريزما0108,2,4000000,3893794000000,1000000,973397,973500,-26500,-2.65,973448,-26552,-2.66,973397,973500,1400-10-27,2022-01-17
893,اخزا818,اسنادخزانه-م18بودجه98-010614,2,273,240093840,879940,878840,882900,2960,0.34,879460,-480,-0.05,878840,882900,1400-10-27,2022-01-17
894,سپيدما2,صندوق س. سپيد دماوند-د,2,2000000,2000000,11700,1,1,-11699,-99.99,1,-11699,-99.99,1,1,1400-10-27,2022-01-17
895,اراد764,مرابحه عام دولت76-ش.خ030406,2,7008000,6423056256000,955000,917064,916000,-39000,-4.08,916532,-38468,-4.03,916000,917064,1400-10-27,2022-01-17
896,اراد904,مرابحه عام دولت90-ش.خ050217,2,16000000,13822992000000,1000000,863874,864000,-136000,-13.6,863937,-136063,-13.61,863874,864000,1400-10-27,2022-01-17
897,زير0103پ01,زيره سبز0103كيميابذر(پ),2,50,49999950,1000000,999999,999999,-1,0,999999,-1,0,999999,999999,1400-10-27,2022-01-17
898,ضشگويا1201,اختيارخ شگويا-9000-14001222,2,6,12000000,2800,2000,2000,-800,-28.57,2000,-800,-28.57,2000,2000,1400-10-27,2022-01-17
899,شاملا2,معدني‌ املاح‌  ايران‌,2,10000000,115000000000,11200,11500,11500,300,2.68,11500,300,2.68,11500,11500,1400-10-27,2022-01-17
900,ساروج,بين المللي ساروج بوشهر,2,50000,799500000,16230,15990,15990,-240,-1.48,16220,-10,-0.06,15990,15990,1400-10-27,2022-01-17
901,اخزا8154,اسنادخزانه-م15بودجه98-010406,2,6348760,5785066297120,911190,913554,908870,-2320,-0.25,911212,22,0,908870,913554,1400-10-27,2022-01-17
902,وسالت,بانك قرض الحسنه رسالت,2,100,162800,1551,1628,1628,77,4.96,1628,77,4.96,1628,1628,1400-10-27,2022-01-17
903,زعف0110پ21,زعفران0110نگين ملل(پ),2,500,176000900,357518,352001,352002,-5516,-1.54,352002,-5516,-1.54,352001,352002,1400-10-27,2022-01-17
904,ضترا1132,اختيارخ شتران-3970-1400/11/10,2,200,4534000,380,10,10,-370,-97.37,10,-370,-97.37,10,10,1400-10-27,2022-01-17
905,ضملي1158,اختيارخ فملي-4500-1400/11/03,2,7,35000000,2500,2500,2500,0,0,2500,0,0,2500,2500,1400-10-27,2022-01-17
906,بذر,صندوق س بذر اميد آفرين-سهام,2,4878,446565510,92670,92870,91520,-1150,-1.24,91550,-1120,-1.21,91520,92870,1400-10-27,2022-01-17
907,ضجار2010,اختيارخ وتجارت-1400-1401/02/21,2,2,1191000,830,690,501,-329,-39.64,595,-235,-28.31,501,690,1400-10-27,2022-01-17
908,اراد124,مرابحه عام دولت1-ش.خ ملت0206,2,19998000,18905089302000,1000000,945198,945500,-54500,-5.45,945349,-54651,-5.47,945198,945500,1400-10-27,2022-01-17
909,افاد514,منفعت دولت5-ش.خاص كاردان0108,2,2000000,1976904000000,999999,988454,988450,-11549,-1.15,988452,-11547,-1.15,988450,988454,1400-10-27,2022-01-17
910,اراد334,مرابحه عام دولت3-ش.خ 0303,2,3194000,2758367146000,989990,863018,864200,-125790,-12.71,863609,-126381,-12.77,863018,864200,1400-10-27,2022-01-17
911,اراد134,مرابحه عام دولت1-ش.خ ساير0206,2,10000000,9449990000000,885000,944868,945130,60130,6.79,944999,59999,6.78,944868,945130,1400-10-27,2022-01-17
912,سي تيپ2ن01,گواهي سيمان تيپ 2 فارس(ن),2,25000,155875000,5939,6235,6235,296,4.98,5939,0,0,6235,6235,1400-10-27,2022-01-17
913,ضشنا2015,اختيارخ شپنا-6000-1401/02/25,2,22,11020000,601,501,500,-101,-16.81,501,-100,-16.64,500,501,1400-10-27,2022-01-17
914,اراد594,مرابحه عام دولتي5-ش.خ 0309,2,16000000,14388296000000,1000000,899092,899445,-100555,-10.06,899268,-100732,-10.07,899092,899445,1400-10-27,2022-01-17
915,اخزا906,اسنادخزانه-م6بودجه99-020321,2,1517,1135250830,744980,748300,752990,8010,1.08,748350,3370,0.45,748300,752990,1400-10-27,2022-01-17
916,اراد244,مرابحه عام دولت2-ش.خ ساير0212,2,8000000,7415308000000,1000000,926027,927800,-72200,-7.22,926913,-73087,-7.31,926027,927800,1400-10-27,2022-01-17
917,اخزا9034,اسنادخزانه-م3بودجه99-011110,2,4951600,3999886376000,811090,810428,806860,-4230,-0.52,807797,-3293,-0.41,806860,810428,1400-10-27,2022-01-17
918,افاد554,منفعت دولت5-ش.خاص ساير0108,2,4000000,3894394000000,973159,973497,973700,541,0.06,973598,439,0.05,973497,973700,1400-10-27,2022-01-17
919,اراد494,مرابحه عام دولت4-ش.خ 0206,2,21424000,19974495008000,980070,931734,932950,-47120,-4.81,932342,-47728,-4.87,931734,932950,1400-10-27,2022-01-17
920,اراد664,مرابحه عام دولت66-ش.خ0310,2,20000000,17923300000000,1000000,895830,896500,-103500,-10.35,896165,-103835,-10.38,895830,896500,1400-10-27,2022-01-17
921,اخزا9184,اسنادخزانه-م18بودجه99-010323,2,2200000,2026251700000,920080,927857,914190,-5890,-0.64,921023,943,0.1,914190,927857,1400-10-27,2022-01-17
922,ضپاس2011,اختيارخ وپارس-1600-1401/02/28,2,54,19400000,407,360,350,-57,-14,359,-48,-11.79,350,360,1400-10-27,2022-01-17
923,سيلام,سيمان‌ ايلام‌,2,4400,27764000,6640,6310,6310,-330,-4.97,6640,0,0,6310,6310,1400-10-27,2022-01-17
924,اراد734,مرابحه عام دولت73-ش.خ0402,2,10000000,8869655000000,1000000,887931,886000,-114000,-11.4,886965,-113035,-11.3,886000,887931,1400-10-27,2022-01-17
925,اراد704,مرابحه عام دولت70-ش.خ0112,2,34228000,32350662656000,943750,945029,945275,1525,0.16,945152,1402,0.15,945029,945275,1400-10-27,2022-01-17
926,افاد844,منفعت دولت8-ش.خاص ساير0205,2,10000000,9472155000000,1000000,947110,947321,-52679,-5.27,947215,-52785,-5.28,947110,947321,1400-10-27,2022-01-17
927,اراد934,مرابحه عام دولت93-ش.خ010809,2,20000000,18931590000000,970660,938659,954500,-16160,-1.66,946579,-24081,-2.48,938659,954500,1400-10-27,2022-01-17
928,نگين,ص.س. زمين و ساختمان نگين شهرري,2,100,5183000,51830,51830,51830,0,0,51830,0,0,51830,51830,1400-10-27,2022-01-17
929,اراد924,مرابحه عام دولت92-ش.خ020825,2,10000000,9096585000000,953700,908940,910377,-43323,-4.54,909658,-44042,-4.62,908940,910377,1400-10-27,2022-01-17
930,اراد394,مرابحه عام دولت3-ش.خ 0204,2,60000000,56264430000000,1000000,937581,937900,-62100,-6.21,937740,-62260,-6.23,937581,937900,1400-10-27,2022-01-17
931,اخزا9164,اسنادخزانه-م16بودجه99-020528,2,99956000,74810418926000,746500,749867,747000,500,0.07,748433,1933,0.26,747000,749867,1400-10-27,2022-01-17
932,ضخود2022,اختيارخ خودرو-4000-1401/02/07,2,98,294000,50,3,3,-47,-94,3,-47,-94,3,3,1400-10-27,2022-01-17
933,ثبات2,صندوق س. ثبات ويستا -د,2,10800000,10800000,10764,1,1,-10763,-99.99,1,-10763,-99.99,1,1,1400-10-27,2022-01-17
934,فبستم,صنايع ‌بسته‌بندي‌ مشهد,2,100,119400,1138,1194,1194,56,4.92,1194,56,4.92,1194,1194,1400-10-27,2022-01-17
935,اخزا8124,اسنادخزانه-م12بودجه98-001111,2,6768720,6703743672360,991300,992041,988760,-2540,-0.26,990400,-900,-0.09,988760,992041,1400-10-27,2022-01-17
936,سفارود,كارخانه فارسيت درود,1,410,4633000,11770,11300,11300,-470,-3.99,11300,-470,-3.99,11300,11300,1400-10-27,2022-01-17
937,ضملت1131,اختيارخ وبملت-2000-1400/11/13,1,1,950000,950,950,950,0,0,950,0,0,950,950,1400-10-27,2022-01-17
938,وسخراج,شركت س استان خراسان جنوبي,1,3445,7231055,2209,2099,2099,-110,-4.98,2209,0,0,2099,2099,1400-10-27,2022-01-17
939,تصميم2,صندوق س با درآمد ثابت تصميم,1,2500000,2500000,18552,1,1,-18551,-99.99,1,-18551,-99.99,1,1,1400-10-27,2022-01-17
940,وشمال,س. چشم انداز توسعه شمال,1,93,5686950,62350,61150,61150,-1200,-1.92,61150,-1200,-1.92,61150,61150,1400-10-27,2022-01-17
941,مشهد0012,مشاركت شهرداري مشهد-3ماهه20%,1,8,8000000,990000,1000000,1000000,10000,1.01,1000000,10000,1.01,1000000,1000000,1400-10-27,2022-01-17
942,کمبهمن,کم باري بهمن,1,4700,2152600,460,458,458,-2,-0.43,458,-2,-0.43,458,458,1400-10-27,2022-01-17
943,تماوند2,تامين سرمايه دماوند,1,2474358,14846148000,5850,6000,6000,150,2.56,6000,150,2.56,6000,6000,1400-10-27,2022-01-17
944,اخزا9024,اسنادخزانه-م2بودجه99-011019,1,2754100,2252330521000,818980,817810,817810,-1170,-0.14,817810,-1170,-0.14,817810,817810,1400-10-27,2022-01-17
945,ضملت3012,اختيارخ وبملت-3500-1401/03/18,1,1,100000,575,100,100,-475,-82.61,100,-475,-82.61,100,100,1400-10-27,2022-01-17
946,صبا14044,اجاصبابدون ضامن بارتبه اعتباري,1,296000,299985048000,1000000,1013463,1013463,13463,1.35,1013463,13463,1.35,1013463,1013463,1400-10-27,2022-01-17
947,كابگن,توليدي و صنعتي آبگينه‌,1,5700,40185000,6990,7050,7050,60,0.86,7050,60,0.86,7050,7050,1400-10-27,2022-01-17
948,ضسپا1109,اختيارخ خساپا-1000-1400/11/20,1,2,1244000,710,622,622,-88,-12.39,622,-88,-12.39,622,622,1400-10-27,2022-01-17
949,پربهمن,پر باري بهمن,1,7700,4350500,250000,565,565,-249435,-99.77,565,-249435,-99.77,565,565,1400-10-27,2022-01-17
950,وسصفا,شركت س استان اصفهان,1,7500,5197500,729,693,693,-36,-4.94,729,0,0,693,693,1400-10-27,2022-01-17
951,پارسان2,گسترش نفت و گاز پارسيان,1,50500000,1541260000000,30520,30520,30520,0,0,30520,0,0,30520,30520,1400-10-27,2022-01-17
952,پارسا211,مشاركت ليزينگ پارسيان-3ماهه18%,1,5,5092500,970000,1018500,1018500,48500,5,1018500,48500,5,1018500,1018500,1400-10-27,2022-01-17
953,اراد63,مرابحه عام دولت63-ش.خ0309,1,900,943650000,1045000,1048500,1048500,3500,0.33,1048500,3500,0.33,1048500,1048500,1400-10-27,2022-01-17
954,وآتوس,س.آرين توسكا قيمت اسمي 350ريال,1,220,5225000,24950,23750,23750,-1200,-4.81,24950,0,0,23750,23750,1400-10-27,2022-01-17
955,ضصاد1115,اختيارخ وبصادر-3000-1400/11/06,1,10,10000,1,1,1,0,0,1,0,0,1,1,1400-10-27,2022-01-17
956,شتهران,داروسازي تهران شيمي,1,7,51520,7217,7360,7360,143,1.98,7360,143,1.98,7360,7360,1400-10-27,2022-01-17
957,سنفت009,سلف موازي استاندارد سنفت009,1,2000,3422400000,1705060,1711200,1711200,6140,0.36,1711200,6140,0.36,1711200,1711200,1400-10-27,2022-01-17
958,داريك4,صندوق س.اعتماد داريك-د,1,4500000,54076500000,12148,12017,12017,-131,-1.08,12017,-131,-1.08,12017,12017,1400-10-27,2022-01-17
959,اراد42,مرابحه عام دولت4-ش.خ 0106,1,10000,9847000000,980950,984700,984700,3750,0.38,984700,3750,0.38,984700,984700,1400-10-27,2022-01-17
960,سفاسي,شركت فارسيت اهواز,1,1500,5031000,3457,3354,3354,-103,-2.98,3457,0,0,3354,3354,1400-10-27,2022-01-17
961,طخود2016,اختيارف خودرو-1600-1401/02/07,1,20,800000,40,40,40,0,0,40,0,0,40,40,1400-10-27,2022-01-17
962,ثهام,صندوق س ثروت هامرز-سهام,1,1,10420,10520,10420,10420,-100,-0.95,10420,-100,-0.95,10420,10420,1400-10-27,2022-01-17
963,سپيدما4,صندوق س. سپيد دماوند-د,1,25460000,299995180000,11700,11783,11783,83,0.71,11783,83,0.71,11783,11783,1400-10-27,2022-01-17
964,صخابر102,صكوك اجاره مخابرات-3 ماهه 16%,1,6000,5938800000,985000,989800,989800,4800,0.49,989800,4800,0.49,989800,989800,1400-10-27,2022-01-17
965,سنوين,سرمايه گذاري اقتصاد نوين,1,948,5052840,5490,5330,5330,-160,-2.91,5490,0,0,5330,5330,1400-10-27,2022-01-17
966,صشستا311,صكوك اجاره شستا311-بدون ضامن,1,6470,6470000000,990000,1000000,1000000,10000,1.01,1000000,10000,1.01,1000000,1000000,1400-10-27,2022-01-17
967,افاد624,منفعت دولت6-ش.خاص ملت0109,1,5000000,4852000000000,1000000,970400,970400,-29600,-2.96,970400,-29600,-2.96,970400,970400,1400-10-27,2022-01-17
968,سي تيپ2ن06,گواهي سيمان تيپ 2شاهرود(ن),1,49000,268667000,5222,5483,5483,261,5,5222,0,0,5483,5483,1400-10-27,2022-01-17
969,فسديد,لوله‌وتجهيزات‌ سديد - ورشكسته,1,60,5199000,87500,86650,86650,-850,-0.97,86650,-850,-0.97,86650,86650,1400-10-27,2022-01-17
970,ضفلا3009,اختيارخ فولاد-7000-1401/03/18,1,2,8000000,4600,4000,4000,-600,-13.04,4000,-600,-13.04,4000,4000,1400-10-27,2022-01-17
971,ثجوان,تامين مسكن جوانان,1,1500,6633000,4558,4422,4422,-136,-2.98,4558,0,0,4422,4422,1400-10-27,2022-01-17
972,ياقوت2,صندوق س ياقوت آگاه-ثابت,1,8436000,8436000,13992,1,1,-13991,-99.99,1,-13991,-99.99,1,1,1400-10-27,2022-01-17
973,غمهرا4,توليدي‌مهرام‌,1,1565525,12868615500,8500,8220,8220,-280,-3.29,8220,-280,-3.29,8220,8220,1400-10-27,2022-01-17
974,اطلس2,صندوق س.توسعه اندوخته آينده-س,1,10000,10000,231352,1,1,-231351,-100,1,-231351,-100,1,1,1400-10-27,2022-01-17
975,داريك2,صندوق س.اعتماد داريك-د,1,4500000,4500000,12148,1,1,-12147,-99.99,1,-12147,-99.99,1,1,1400-10-27,2022-01-17
976,طلا2,صندوق س.پشتوانه طلاي لوتوس,1,100000,100000,83557,1,1,-83556,-100,1,-83556,-100,1,1,1400-10-27,2022-01-17
977,اراد614,مرابحه عام دولت61-ش.خ0309,1,300000,300000000000,1000000,1000000,1000000,0,0,1000000,0,0,1000000,1000000,1400-10-27,2022-01-17
978,ضبدر1164,اختيارخ شبندر-7000-1400/11/13,1,1,179000,75,179,179,104,138.67,179,104,138.67,179,179,1400-10-27,2022-01-17
979,شگويات.ف0104,اختيارف.تبعي شگويا010408,1,4000,560000,25,140,140,115,460,140,115,460,140,140,1400-10-27,2022-01-17
980,سپر4,صندوق س سپر سرمايه بيدار- ثابت,1,7360000,100000320000,13584,13587,13587,3,0.02,13587,3,0.02,13587,13587,1400-10-27,2022-01-17
981,طسپا1111,اختيارف خساپا-1400-1400/11/20,1,100,1800000,10,18,18,8,80,18,8,80,18,18,1400-10-27,2022-01-17
982,سي تيپ2ن29,گواهي سيمان تيپ2فيروزكوه(ن),1,10000,55190000,5257,5519,5519,262,4.98,5257,0,0,5519,5519,1400-10-27,2022-01-17
983,ميبهمن,ميان باري بهمن,1,7300,4088000,251000,560,560,-250440,-99.78,560,-250440,-99.78,560,560,1400-10-27,2022-01-17
984,طترا1132,اختيارف شتران-3970-1400/11/10,1,2,906800,180,200,200,20,11.11,200,20,11.11,200,200,1400-10-27,2022-01-17
985,افران4,صندوق س افرا نماد پايدار-ثابت,1,33000000,503943000000,15263,15271,15271,8,0.05,15271,8,0.05,15271,15271,1400-10-27,2022-01-17
986,ملت2,بيمه ملت,1,119602465,153091155200,1244,1280,1280,36,2.89,1280,36,2.89,1280,1280,1400-10-27,2022-01-17
987,حاريا,كشتيراني آريا,1,452,5075960,11690,11230,11230,-460,-3.93,11230,-460,-3.93,11230,11230,1400-10-27,2022-01-17
988,تملي703,تسهيلات مسكن ب. ملي-خرداد97,1,10,5180170,545281,518017,518017,-27264,-5,518017,-27264,-5,518017,518017,1400-10-27,2022-01-17
989,سي تيپ2ن24,گواهي سيمان تيپ2هگمتان(ن),1,10000,54830000,5222,5483,5483,261,5,5222,0,0,5483,5483,1400-10-27,2022-01-17
990,ويستا,صندوق س. ويستا -س,1,1000,10060000,10110,10060,10060,-50,-0.49,10060,-50,-0.49,10060,10060,1400-10-27,2022-01-17
991,شگامرن2,مجتمع پترو صنعت گامرون,1,371000,99609048000,268488,268488,268488,0,0,268488,0,0,268488,268488,1400-10-27,2022-01-17
992,سي تيپ2ن23,گواهي سيمان تيپ2فراز(ن),1,16000,83552000,5222,5222,5222,0,0,5222,0,0,5222,5222,1400-10-27,2022-01-17
993,ضملي3013,اختيارخ فملي-7000-1401/03/02,1,1,751000,750,751,751,1,0.13,751,1,0.13,751,751,1400-10-27,2022-01-17
994,رايان106,مشاركت رايان سايپا-3ماهه16%,1,7,6936370,987508,990910,990910,3402,0.34,990910,3402,0.34,990910,990910,1400-10-27,2022-01-17
995,پارسا306,صكوك اجاره پارسيان-6ماهه16%,1,900,918000000,1010000,1020000,1020000,10000,0.99,1020000,10000,0.99,1020000,1020000,1400-10-27,2022-01-17
996,كايتا,ايتالران‌,1,1,10620,10320,10620,10620,300,2.91,10620,300,2.91,10620,10620,1400-10-27,2022-01-17
997,ضملت1136,اختيارخ وبملت-4500-1400/11/13,1,1,1000,10,1,1,-9,-90,1,-9,-90,1,1,1400-10-27,2022-01-17
998,آريان2,سرمايه گذاري پارس آريان,1,170000000,2074000000000,12330,12200,12200,-130,-1.05,12200,-130,-1.05,12200,12200,1400-10-27,2022-01-17
999,افاد81,منفعت دولت8-ش.خاص مهر0205,1,15000,15000000000,1000000,1000000,1000000,0,0,1000000,0,0,1000000,1000000,1400-10-27,2022-01-17
1000,ويسا2,سرمايه گذاري ايساتيس پويا,1,2700000,20061000000,7650,7430,7430,-220,-2.88,7430,-220,-2.88,7430,7430,1400-10-27,2022-01-17
1001,سي تيپ2ن27,گواهي سيمان تيپ2آبيك(ن),1,24000,131616000,5223,5484,5484,261,5,5223,0,0,5484,5484,1400-10-27,2022-01-17
1002,صخود041,ص مرابحه خودرو041- 3ماهه 18%,1,1000,1030000000,1015000,1030000,1030000,15000,1.48,1030000,15000,1.48,1030000,1030000,1400-10-27,2022-01-17
1003,آگاس2,صندوق س.هستي بخش آگاه-س,1,100000,100000,73757,1,1,-73756,-100,1,-73756,-100,1,1,1400-10-27,2022-01-17
