,نماد,نام,تعداد,حجم,ارزش,دیروز,اولین,آخرین معامله - مقدار,آخرین معامله - تغییر,آخرین معامله - درصد,قیمت پایانی - مقدار,قیمت پایانی - تغییر,قیمت پایانی - درصد,کمترین,بیشترین,تاریخ,gregorian_date
0,پالايش,صندوق پالايشي يكم-سهام,12324,9313123,668042247970,74550,72400,71570,-2980,-4,71730,-2820,-3.78,71570,72500,1400-1-28,2021-04-17
1,فملي,ملي‌ صنايع‌ مس‌ ايران‌,9005,57779083,657702904240,11600,11460,11370,-230,-1.98,11380,-220,-1.9,11370,11670,1400-1-28,2021-04-17
2,دارا يكم,صندوق واسطه گري مالي يكم-سهام,8738,5268508,668553658780,131700,128500,126440,-5260,-3.99,126900,-4800,-3.64,126440,128500,1400-1-28,2021-04-17
3,اپال,فرآوري معدني اپال كاني پارس,6683,19488965,330273150410,17280,16950,16940,-340,-1.97,16950,-330,-1.91,16940,17100,1400-1-28,2021-04-17
4,سيتا,سرمايه گذاري سيمان تامين,6076,10853790,162763851350,15000,15000,15010,10,0.07,15000,0,0,14780,15010,1400-1-28,2021-04-17
5,بوعلي,پتروشيمي بوعلي سينا,5512,2159238,92824666930,42960,42110,42110,-850,-1.98,42990,30,0.07,42110,44000,1400-1-28,2021-04-17
6,ساراب,سيمان‌ داراب‌,5135,18420487,345114184260,17870,18790,18680,810,4.53,18740,870,4.87,18110,18940,1400-1-28,2021-04-17
7,وكبهمن,مديريت سرمايه گذاري كوثربهمن,5117,3693407,39862979013,11012,10792,10792,-220,-2,10828,-184,-1.67,10792,10815,1400-1-28,2021-04-17
8,شستا,سرمايه گذاري تامين اجتماعي,5045,46491308,541604600860,11870,11700,11640,-230,-1.94,11650,-220,-1.85,11640,11820,1400-1-28,2021-04-17
9,وبملت,بانك ملت,4993,171453364,681861473720,4040,3960,4060,20,0.5,3980,-60,-1.49,3960,4060,1400-1-28,2021-04-17
10,بگيلان,توسعه مسير برق گيلان,4791,1515489,32593934133,21712,21278,21289,-423,-1.95,21577,-135,-0.62,21278,22130,1400-1-28,2021-04-17
11,امين يكم,صندوق درآمد ثابت امين يكم فردا,4074,168329620,1715880209410,10188,10196,10199,11,0.11,10194,6,0.06,10187,10200,1400-1-28,2021-04-17
12,آريا,پليمر آريا ساسول,3711,2372037,207474930754,89213,87432,87429,-1784,-2,87467,-1746,-1.96,87429,88200,1400-1-28,2021-04-17
13,شيران,س. صنايع‌شيميايي‌ايران,2868,12336066,309025484420,27540,25500,24990,-2550,-9.26,25050,-2490,-9.04,24990,25500,1400-1-28,2021-04-17
14,سشرق,سيمان‌ شرق‌,2812,18500461,129289276050,6990,6880,6860,-130,-1.86,6990,0,0,6860,7250,1400-1-28,2021-04-17
15,سمازن,سيمان‌مازندران‌,2629,8883767,126566248510,14080,13950,14070,-10,-0.07,14250,170,1.21,13950,14630,1400-1-28,2021-04-17
16,كمند,صندوق س. با درآمد ثابت كمند,2476,87030539,876570117409,10056,10071,10072,16,0.16,10072,16,0.16,10071,10074,1400-1-28,2021-04-17
17,امين,تامين سرمايه امين,2458,3203534,22969338780,7310,7170,7170,-140,-1.92,7240,-70,-0.96,7170,7170,1400-1-28,2021-04-17
18,وپاسار,بانك  پاسارگاد,2439,35354840,475438587030,13430,13170,13450,20,0.15,13450,20,0.15,13170,13460,1400-1-28,2021-04-17
19,بركت,گروه دارويي بركت,2380,7681156,251497701500,33400,32740,32740,-660,-1.98,32740,-660,-1.98,32740,32900,1400-1-28,2021-04-17
20,بپاس,بيمه پاسارگاد,2119,4361732,383952456632,88087,88087,88000,-87,-0.1,88028,-59,-0.07,86850,88499,1400-1-28,2021-04-17
21,خودرو,ايران‌ خودرو,1909,69042105,158140168560,2330,2290,2290,-40,-1.72,2290,-40,-1.72,2290,2310,1400-1-28,2021-04-17
22,كيان,صندوق س. با درآمد ثابت كيان,1768,22796530,638383917562,27957,28003,28005,48,0.17,28004,47,0.17,28003,28006,1400-1-28,2021-04-17
23,غگيلا,شيرپاستوريزه پگاه گيلان,1680,94429,2297363141,22952,24329,24329,1377,6,23012,60,0.26,24329,24329,1400-1-28,2021-04-17
24,اعتماد,صندوق س.اعتماد آفرين پارسيان-د,1652,34615120,1243743363030,35884,35930,35932,48,0.13,35931,47,0.13,35929,35933,1400-1-28,2021-04-17
25,بپيوند,برق و انرژي پيوندگستر پارس,1648,1402638,18249623885,13271,13010,13006,-265,-2,13174,-97,-0.73,13006,13149,1400-1-28,2021-04-17
26,غپاك,لبنيات‌ پاك‌,1557,4919839,155239509140,31750,32000,31120,-630,-1.98,31550,-200,-0.63,31120,32150,1400-1-28,2021-04-17
27,سرو,صندوق س سروسودمند مدبران-سهام,1533,1322923,86041494170,67310,66330,64630,-2680,-3.98,65040,-2270,-3.37,64620,66360,1400-1-28,2021-04-17
28,فارس,صنايع پتروشيمي خليج فارس,1431,12159875,116842383990,9510,9990,9320,-190,-2,9610,100,1.05,9320,9990,1400-1-28,2021-04-17
29,صبا,سرمايه گذاري صبا تامين,1401,7601563,57394735311,7702,7556,7548,-154,-2,7628,-74,-0.96,7548,7636,1400-1-28,2021-04-17
30,شپنا,پالايش نفت اصفهان,1401,21937263,265221509670,12330,12090,12090,-240,-1.95,12090,-240,-1.95,12090,12090,1400-1-28,2021-04-17
31,وشهر,بانك شهر,1341,10060389,55085613201,5517,5735,5358,-159,-2.88,5475,-42,-0.76,5320,5735,1400-1-28,2021-04-17
32,فخوز,فولاد  خوزستان,1303,7584017,111511565310,14980,14840,14690,-290,-1.94,14720,-260,-1.74,14690,14870,1400-1-28,2021-04-17
33,كگلح,ح . معدني و صنعتي گل گهر,1300,4728226,53333867150,11730,11800,11270,-460,-3.92,11280,-450,-3.84,11270,11800,1400-1-28,2021-04-17
34,شلرد,كود شيميايي اوره لردگان,1294,17862238,118911374714,6791,6660,6658,-133,-1.96,6657,-134,-1.97,6656,6770,1400-1-28,2021-04-17
35,تسه9912,امتياز تسهيلات مسكن اسفند99,1209,22588,11601221260,513064,530000,519999,6935,1.35,513601,537,0.1,500556,530000,1400-1-28,2021-04-17
36,فولاد,فولاد مباركه اصفهان,1202,9692007,123122528580,12950,12700,12700,-250,-1.93,12700,-250,-1.93,12700,12880,1400-1-28,2021-04-17
37,ضسپا3003,اختيارخ خساپا-2000-1400/03/26,1105,53769,10897519000,262,239,200,-62,-23.66,203,-59,-22.52,196,239,1400-1-28,2021-04-17
38,ونوين,بانك‌اقتصادنوين‌,1094,28029469,124013047720,4510,4450,4420,-90,-2,4420,-90,-2,4420,4550,1400-1-28,2021-04-17
39,كاوه,فولاد كاوه جنوب كيش,1080,8124820,169219846910,21230,20880,20810,-420,-1.98,20830,-400,-1.88,20810,21380,1400-1-28,2021-04-17
40,امين يكم2,صندوق درآمد ثابت امين يكم فردا,1050,105000000,105000000,10188,1,1,-10187,-99.99,1,-10187,-99.99,1,1,1400-1-28,2021-04-17
41,دروز,داروسازي‌ روزدارو,1034,4686465,171477319120,37320,36580,36580,-740,-1.98,36590,-730,-1.96,36580,37120,1400-1-28,2021-04-17
42,ارفع,شركت آهن و فولاد ارفع,1026,3386150,50505317493,14968,14671,14669,-299,-2,14931,-37,-0.25,14669,15200,1400-1-28,2021-04-17
43,وبصادر,بانك صادرات ايران,1015,41825507,97074622720,2360,2320,2320,-40,-1.69,2330,-30,-1.27,2320,2350,1400-1-28,2021-04-17
44,آگاس,صندوق س.هستي بخش آگاه-س,1009,768957,49455305781,66692,65700,64100,-2592,-3.89,64315,-2377,-3.56,64100,65700,1400-1-28,2021-04-17
45,تاصيكو,سرمايه گذاري صدرتامين,958,13695225,137161299300,10210,10180,10010,-200,-1.96,10020,-190,-1.86,10010,10210,1400-1-28,2021-04-17
46,هرمز,فولاد هرمزگان جنوب,920,7559986,110974070924,14948,14655,14650,-298,-1.99,14695,-253,-1.69,14650,15200,1400-1-28,2021-04-17
47,نوري,پتروشيمي نوري,919,1529294,94405674860,62980,61730,61730,-1250,-1.98,61780,-1200,-1.91,61730,61900,1400-1-28,2021-04-17
48,ومهان,گروه توسعه مالي مهر آيندگان,881,3717196,46591426927,12777,12550,12522,-255,-2,12551,-226,-1.77,12522,12777,1400-1-28,2021-04-17
49,خساپا,سايپا,874,27755000,59950800000,2200,2160,2160,-40,-1.82,2180,-20,-0.91,2160,2160,1400-1-28,2021-04-17
50,وصنعت,سرمايه گذاري توسعه صنعت وتجارت,863,11279353,69268634260,6260,6140,6140,-120,-1.92,6140,-120,-1.92,6140,6170,1400-1-28,2021-04-17
51,وخارزمح,ح.سرمايه گذاري خوارزمي,858,3555201,13052936830,3820,3680,3670,-150,-3.93,3670,-150,-3.93,3670,3730,1400-1-28,2021-04-17
52,شصدف,صنعتي دوده فام,852,67913,2171518175,30166,31975,31975,1809,6,30240,74,0.25,31975,31975,1400-1-28,2021-04-17
53,شسپا,نفت سپاهان,846,4987474,73600581510,14960,14700,14690,-270,-1.8,14760,-200,-1.34,14670,15100,1400-1-28,2021-04-17
54,شتران,پالايش نفت تهران,771,5588155,53146307070,9700,9510,9510,-190,-1.96,9610,-90,-0.93,9510,9600,1400-1-28,2021-04-17
55,سپ,پرداخت الكترونيك سامان كيش,768,2247048,48946186770,22200,21930,21760,-440,-1.98,21780,-420,-1.89,21760,22190,1400-1-28,2021-04-17
56,شگويا,پتروشيمي تندگويان,756,6881732,62703113491,9296,9112,9111,-185,-1.99,9164,-132,-1.42,9111,9240,1400-1-28,2021-04-17
57,بميلا,توسعه بازرگاني آهن وفولادميلاد,753,4085574,55693509179,14266,13890,13553,-713,-5,13632,-634,-4.44,13553,14266,1400-1-28,2021-04-17
58,ذوب,سهامي ذوب آهن  اصفهان,749,13040431,48249594700,3775,3700,3700,-75,-1.99,3735,-40,-1.06,3700,3700,1400-1-28,2021-04-17
59,كگل,معدني و صنعتي گل گهر,742,4726556,69706508620,15040,14980,14740,-300,-1.99,14870,-170,-1.13,14740,15010,1400-1-28,2021-04-17
60,كچاد,معدني‌وصنعتي‌چادرملو,737,6348234,149905048610,24090,23660,23610,-480,-1.99,23610,-480,-1.99,23610,23820,1400-1-28,2021-04-17
61,ضخود2006,اختيارخ خودرو-2500-1400/02/08,729,38703,1327560000,52,44,23,-29,-55.77,34,-18,-34.62,21,59,1400-1-28,2021-04-17
62,سخوز,سيمان خوزستان,725,1115324,26021369900,23180,22830,23180,0,0,23260,80,0.35,22730,23900,1400-1-28,2021-04-17
63,شبندر,پالايش نفت بندرعباس,715,2867253,68183383300,24260,23780,23780,-480,-1.98,23980,-280,-1.15,23780,23800,1400-1-28,2021-04-17
64,وملل,اعتباري ملل,695,7755103,103506547027,13345,13345,13346,1,0.01,13347,2,0.01,13345,13500,1400-1-28,2021-04-17
65,فباهنرح,ح . مس‌ شهيدباهنر,694,2364602,37853448910,16570,16680,15910,-660,-3.98,16010,-560,-3.38,15910,16680,1400-1-28,2021-04-17
66,ومعادن,توسعه‌معادن‌وفلزات‌,672,8001479,92177439340,11750,11520,11520,-230,-1.96,11570,-180,-1.53,11520,11590,1400-1-28,2021-04-17
67,مدير,ص.س.مديريت ثروت ص.بازنشستگي-س,663,2103813,16995363611,8378,8289,8043,-335,-4,8078,-300,-3.58,8043,8290,1400-1-28,2021-04-17
68,نهال,صندوق س. طلاي سرخ نوويرا,646,1884348,19551419323,10561,10610,10245,-316,-2.99,10376,-185,-1.75,10210,10700,1400-1-28,2021-04-17
69,آريان,سرمايه گذاري پارس آريان,645,4754252,50496212213,10780,10760,10571,-209,-1.94,10685,-95,-0.88,10565,10876,1400-1-28,2021-04-17
70,آرمان,بيمه آرمان,635,4723912,39725009919,8520,8350,8350,-170,-2,8409,-111,-1.3,8350,8670,1400-1-28,2021-04-17
71,شكف,كف,635,243172,26041736529,108685,106512,106512,-2173,-2,107092,-1593,-1.47,106512,110858,1400-1-28,2021-04-17
72,آوا,صندوق س.سهام آواي معيار-س,634,4150614,25550962391,6389,6259,6134,-255,-3.99,6156,-233,-3.65,6134,6259,1400-1-28,2021-04-17
73,تنوين,تامين سرمايه نوين,630,6910067,49591226810,7160,7250,7190,30,0.42,7180,20,0.28,7160,7250,1400-1-28,2021-04-17
74,وهور,مديريت انرژي اميد  تابان هور,614,10560808,23114244108,2225,2182,2181,-44,-1.98,2211,-14,-0.63,2181,2240,1400-1-28,2021-04-17
75,ضخود2007,اختيارخ خودرو-3000-1400/02/08,607,31669,92305000,6,5,4,-2,-33.33,3,-3,-50,2,5,1400-1-28,2021-04-17
76,تاپيكو,س. نفت و گاز و پتروشيمي تأمين,604,7801213,88972757450,11630,11450,11400,-230,-1.98,11460,-170,-1.46,11400,11590,1400-1-28,2021-04-17
77,فنورد,نوردوقطعات‌ فولادي‌,599,298345,54102275650,184970,181280,181280,-3690,-1.99,181340,-3630,-1.96,181280,183990,1400-1-28,2021-04-17
78,پيزد,مجتمع صنايع لاستيك يزد,593,67846,4378470758,65730,65000,64416,-1314,-2,65623,-107,-0.16,64416,65000,1400-1-28,2021-04-17
79,جمح,ح . پتروشيمي جم,580,535520,15321856740,29490,28890,28370,-1120,-3.8,28610,-880,-2.98,28320,29500,1400-1-28,2021-04-17
80,سپاها,سيمان‌سپاهان‌,578,2107606,18132089060,8720,8550,8550,-170,-1.95,8680,-40,-0.46,8550,8800,1400-1-28,2021-04-17
81,ميدكو,هلدينگ صنايع  معدني خاورميانه,576,4367837,141337866826,32357,32350,32357,0,0,32359,2,0.01,32042,32680,1400-1-28,2021-04-17
82,سرود,سيمان‌شاهرود,541,2364901,47192389770,20300,20000,19900,-400,-1.97,19970,-330,-1.63,19900,20300,1400-1-28,2021-04-17
83,شفن,پتروشيمي فناوران,534,93739,30278037340,327460,321000,320940,-6520,-1.99,326090,-1370,-0.42,320920,327950,1400-1-28,2021-04-17
84,جم,پتروشيمي جم,516,796086,28542550110,36530,35820,35800,-730,-2,36330,-200,-0.55,35800,36900,1400-1-28,2021-04-17
85,وپارس,بانك‌پارسيان‌,514,15756807,41908647870,2700,2650,2650,-50,-1.85,2690,-10,-0.37,2650,2720,1400-1-28,2021-04-17
86,شرانل,نفت ايرانول,512,1397795,53096114688,38263,37700,38012,-251,-0.66,37986,-277,-0.72,37700,38360,1400-1-28,2021-04-17
87,گكوثر,هتل پارسيان كوثر اصفهان,506,9278320,22435237237,2464,2415,2415,-49,-1.99,2443,-21,-0.85,2415,2486,1400-1-28,2021-04-17
88,بجهرم,توسعه مولد نيروگاهي جهرم,502,7018778,18841962786,2738,2685,2684,-54,-1.97,2717,-21,-0.77,2684,2700,1400-1-28,2021-04-17
89,غبشهر,صنعتي‌ بهشهر,501,1938977,50221186680,26420,25900,25900,-520,-1.97,25900,-520,-1.97,25900,26000,1400-1-28,2021-04-17
90,تماوند,تامين سرمايه دماوند,479,3755533,62849683887,16951,17459,16612,-339,-2,16735,-216,-1.27,16612,17459,1400-1-28,2021-04-17
91,پارند,صندوق س. پارند پايدار سپهر,472,13981075,157347514779,11241,11255,11256,15,0.13,11254,13,0.12,11252,11262,1400-1-28,2021-04-17
92,دعبيد,لابراتوارداروسازي‌  دكترعبيدي‌,453,1011505,23054162330,23170,22810,22740,-430,-1.86,22990,-180,-0.78,22710,23150,1400-1-28,2021-04-17
93,وساخت,سرمايه‌ گذاري‌ ساختمان‌ايران‌,445,1363534,65136074380,48740,47770,47770,-970,-1.99,47770,-970,-1.99,47770,47820,1400-1-28,2021-04-17
94,وغدير,سرمايه‌گذاري‌غدير(هلدينگ‌,435,2424047,25694898200,10810,10600,10600,-210,-1.94,10760,-50,-0.46,10600,10600,1400-1-28,2021-04-17
95,آكورد,صندوق س. آرمان آتي كوثر-د,434,6775858,214353369611,31589,31640,31635,46,0.15,31635,46,0.15,31634,31640,1400-1-28,2021-04-17
96,پترول,گ.س.وت.ص.پتروشيمي خليج فارس,433,1661342,15367413500,9430,9250,9250,-180,-1.91,9400,-30,-0.32,9250,9250,1400-1-28,2021-04-17
97,وتجارت,بانك تجارت,428,5790341,14996983190,2640,2590,2590,-50,-1.89,2630,-10,-0.38,2590,2590,1400-1-28,2021-04-17
98,زاگرس,پتروشيمي زاگرس,412,246998,51737271258,213697,209424,209424,-4273,-2,211463,-2234,-1.05,209424,212000,1400-1-28,2021-04-17
99,خكرمان,گروه اقتصادي كرمان خودرو,407,6438665,24870627167,3940,3870,3862,-78,-1.98,3863,-77,-1.95,3862,3880,1400-1-28,2021-04-17
100,شپديس,پتروشيمي پرديس,392,851109,79385363030,95160,94900,93260,-1900,-2,93630,-1530,-1.61,93260,94900,1400-1-28,2021-04-17
101,طلا,صندوق س.پشتوانه طلاي لوتوس,390,177059,13308420442,74933,75000,75147,214,0.29,75164,231,0.31,75000,75460,1400-1-28,2021-04-17
102,شاراك,پتروشيمي شازند,383,1455806,35562104410,24910,24500,24430,-480,-1.93,24690,-220,-0.88,24420,24600,1400-1-28,2021-04-17
103,فايرا,آلومينيوم‌ايران‌,381,1123755,18282961800,16570,16250,16240,-330,-1.99,16480,-90,-0.54,16240,16620,1400-1-28,2021-04-17
104,بخاور,بيمه زندگي خاورميانه,374,2938531,20492600204,7031,6960,6891,-140,-1.99,7007,-24,-0.34,6891,7139,1400-1-28,2021-04-17
105,تسه9911,امتياز تسهيلات مسكن بهمن99,370,12471,6378942251,505023,510000,511000,5977,1.18,511502,6479,1.28,492009,530000,1400-1-28,2021-04-17
106,ارزش,صندوق س ارزش آفرين بيدار-سهام,362,1723378,16047067880,9580,9320,9260,-320,-3.34,9310,-270,-2.82,9250,9400,1400-1-28,2021-04-17
107,وبانك,سرمايه گذاري گروه توسعه ملي,358,3397662,28302647640,8500,8330,8330,-170,-2,8450,-50,-0.59,8330,8360,1400-1-28,2021-04-17
108,سحرخيز,صندوق س. گروه زعفران سحرخيز,356,1029805,10318897176,9996,10140,9990,-6,-0.06,10020,24,0.24,9950,10140,1400-1-28,2021-04-17
109,تصميم,صندوق س با درآمد ثابت تصميم,356,3711485,59914465012,16126,16142,16145,19,0.12,16143,17,0.11,16138,16164,1400-1-28,2021-04-17
110,ياقوت,صندوق س ياقوت آگاه-ثابت,355,3861108,47365568764,12248,12263,12272,24,0.2,12267,19,0.16,12263,12272,1400-1-28,2021-04-17
111,حسينا,توسعه خدمات دريايي وبندري سينا,354,1072816,72963154649,69269,68000,67884,-1385,-2,68011,-1258,-1.82,67884,69800,1400-1-28,2021-04-17
112,وحكمت,بيمه حكمت صبا,353,5615973,21049560339,3816,3743,3740,-76,-1.99,3748,-68,-1.78,3740,3880,1400-1-28,2021-04-17
113,كاردان,صندوق س تجارت شاخصي كاردان,352,150610,22395094600,152710,151000,148380,-4330,-2.84,148700,-4010,-2.63,147010,151000,1400-1-28,2021-04-17
114,سامان,بانك سامان,350,2502202,23823303416,9669,9485,9476,-193,-2,9588,-81,-0.84,9476,9700,1400-1-28,2021-04-17
115,خصدرا,صنعتي‌ دريايي‌ ايران‌,342,6083895,17235152570,2889,2832,2832,-57,-1.97,2856,-33,-1.14,2832,2879,1400-1-28,2021-04-17
116,كگهر,سنگ آهن گهرزمين,330,400267,19152884783,47835,47835,47836,1,0,47837,2,0,47830,48200,1400-1-28,2021-04-17
117,سكه0012پ01,تمام سكه طرح جديد0012رفاه,320,99200,103572866700,1038926,1045000,1045500,6574,0.63,1044081,5155,0.5,1041010,1048900,1400-1-28,2021-04-17
118,بكهنوج,توليد برق ماهتاب كهنوج,314,6544154,10719347352,1671,1638,1638,-33,-1.97,1664,-7,-0.42,1638,1639,1400-1-28,2021-04-17
119,سخند,صندوق س.سپهرخبرگان نفت-د,310,22055360,221881328150,10052,10064,10069,17,0.17,10060,8,0.08,10015,10069,1400-1-28,2021-04-17
120,تملت,تامين سرمايه بانك ملت,307,3033100,15256932360,5130,5030,5030,-100,-1.95,5100,-30,-0.58,5030,5100,1400-1-28,2021-04-17
121,سجامح,ح.مجتمع سيمان غرب آسيا,305,2527883,4821131164,1906,1902,1880,-26,-1.36,1907,1,0.05,1869,1959,1400-1-28,2021-04-17
122,خگستر,گسترش‌سرمايه‌گذاري‌ايران‌خودرو,305,3750028,9900073920,2690,2640,2640,-50,-1.86,2680,-10,-0.37,2640,2640,1400-1-28,2021-04-17
123,تسه9908,امتياز تسهيلات مسكن آبان99,298,6657,3367188928,504309,489522,519999,15690,3.11,505812,1503,0.3,486055,527999,1400-1-28,2021-04-17
124,تيپيكو,سرمايه گذاري دارويي تامين,285,797474,31695416740,40550,39750,39740,-810,-2,40180,-370,-0.91,39740,39760,1400-1-28,2021-04-17
125,اتكاي,بيمه اتكايي ايرانيان,284,1126999,19956948769,18069,17708,17708,-361,-2,17922,-147,-0.81,17708,17850,1400-1-28,2021-04-17
126,همراه,شركت ارتباطات سيار ايران,283,1040065,26847003640,26330,25840,25810,-520,-1.97,26190,-140,-0.53,25810,26560,1400-1-28,2021-04-17
127,وثنو,سرمايه گذاري ساختماني نوين,278,2286330,12693241560,5828,5600,5537,-291,-4.99,5644,-184,-3.16,5537,5800,1400-1-28,2021-04-17
128,وسپه,سرمايه‌گذاري‌ سپه‌,271,3738859,24900608120,6780,6650,6650,-130,-1.92,6720,-60,-0.88,6650,6770,1400-1-28,2021-04-17
129,غگل,گلوكوزان‌,271,2164385,7120826650,3350,3290,3290,-60,-1.79,3340,-10,-0.3,3290,3290,1400-1-28,2021-04-17
130,آساميد,صندوق س.مشترك آسمان اميد -د,270,11776489,140105030847,11889,11900,11897,8,0.07,11897,8,0.07,11894,11901,1400-1-28,2021-04-17
131,شساخت,مهندسي و ساختمان صنايع نفت,262,663747,23532478264,35082,34381,34820,-262,-0.75,35327,245,0.7,34381,36134,1400-1-28,2021-04-17
132,كرماشا,صنايع پتروشيمي كرمانشاه,261,616130,21971472020,36380,35660,35660,-720,-1.98,36070,-310,-0.85,35660,35970,1400-1-28,2021-04-17
133,واعتبار,سرمايه گذاري اعتبار ايران,257,4775270,41006097210,8750,8580,8580,-170,-1.94,8610,-140,-1.6,8580,9010,1400-1-28,2021-04-17
134,وسكاب,س.ص.بازنشستگي كاركنان بانكها,257,4747554,23896831510,5130,5050,5030,-100,-1.95,5080,-50,-0.97,5030,5140,1400-1-28,2021-04-17
135,سيدكو,سرمايه گذاري توسعه صنايع سيمان,256,1423387,8662951630,6190,6080,6070,-120,-1.94,6170,-20,-0.32,6070,6210,1400-1-28,2021-04-17
136,فسازان,غلتك سازان سپاهان,252,326475,11390730700,35510,35100,34800,-710,-2,35370,-140,-0.39,34800,35450,1400-1-28,2021-04-17
137,افران,صندوق س افرا نماد پايدار-ثابت,246,5360958,70274794625,13083,13112,13110,27,0.21,13109,26,0.2,13107,13112,1400-1-28,2021-04-17
138,دالبرح,ح . البرزدارو,245,525881,5329660410,10280,10020,10300,20,0.19,10130,-150,-1.46,9920,10550,1400-1-28,2021-04-17
139,پارس,پتروشيمي پارس,245,309093,44581648090,147080,146050,144140,-2940,-2,145790,-1290,-0.88,144140,147100,1400-1-28,2021-04-17
140,تسه9802,امتياز تسهيلات مسكن ارديبهشت98,241,5515,2541021843,478598,478000,454669,-23929,-5,460747,-17851,-3.73,454669,501881,1400-1-28,2021-04-17
141,شخارك,پتروشيمي‌ خارك‌,235,241686,10731321970,45260,44410,44400,-860,-1.9,45170,-90,-0.2,44360,45270,1400-1-28,2021-04-17
142,تسه9803,امتياز تسهيلات مسكن خرداد98,233,4350,2155895184,498944,507998,497000,-1944,-0.39,495608,-3336,-0.67,480000,514880,1400-1-28,2021-04-17
143,وخاور,بانك خاورميانه,231,4193092,35561866930,8650,8500,8480,-170,-1.97,8530,-120,-1.39,8480,8510,1400-1-28,2021-04-17
144,واحيا,م .صنايع و معادن احياء سپاهان,230,265340,37831593585,145470,145000,142561,-2909,-2,143551,-1919,-1.32,142561,145000,1400-1-28,2021-04-17
145,ضسپا3004,اختيارخ خساپا-2500-1400/03/26,229,11341,1093666000,137,120,99,-38,-27.74,96,-41,-29.93,90,120,1400-1-28,2021-04-17
146,جم پيلن,پلي پروپيلن جم - جم پيلن,223,305015,24116145390,80670,79080,79060,-1610,-2,80060,-610,-0.76,79060,79980,1400-1-28,2021-04-17
147,ضخود2009,اختيارخ خودرو-4000-1400/02/08,219,10711,10811000,2,1,1,-1,-50,1,-1,-50,1,2,1400-1-28,2021-04-17
148,آساس,صندوق س.آسمان آرماني سهام-س,212,87379,14603275307,169498,168050,166000,-3498,-2.06,167126,-2372,-1.4,165511,168050,1400-1-28,2021-04-17
149,حكشتي,كشتيراني جمهوري اسلامي ايران,209,422283,7546197210,18230,17870,17870,-360,-1.97,18210,-20,-0.11,17870,17870,1400-1-28,2021-04-17
150,بموتو,موتوژن‌,209,376611,21165609610,57340,56200,56200,-1140,-1.99,56850,-490,-0.85,56200,56230,1400-1-28,2021-04-17
151,ونفت,سرمايه‌گذاري‌ صنعت‌ نفت‌,209,1413702,21912522000,15810,15500,15500,-310,-1.96,15670,-140,-0.89,15500,15700,1400-1-28,2021-04-17
152,ضخود2005,اختيارخ خودرو-2000-1400/02/08,208,6964,1579210000,281,279,200,-81,-28.83,227,-54,-19.22,190,280,1400-1-28,2021-04-17
153,افق,فروشگاههاي زنجيره اي افق كوروش,201,220319,15068942870,69780,68390,68390,-1390,-1.99,69530,-250,-0.36,68390,69000,1400-1-28,2021-04-17
154,تمحركه,ماشين سازي نيرو محركه,198,582410,14259144030,23770,24483,24483,713,3,24264,494,2.08,24483,24483,1400-1-28,2021-04-17
155,وساپا,سرمايه‌گذاري‌ سايپا,197,3509380,18038213200,5240,5140,5140,-100,-1.91,5200,-40,-0.76,5140,5140,1400-1-28,2021-04-17
156,گوهران,سرمايه گذاري توسعه گوهران اميد,188,1134782,8061815051,7215,7072,7071,-144,-2,7197,-18,-0.25,7071,7239,1400-1-28,2021-04-17
157,كنور,توسعه معدني و صنعتي صبانور,187,583179,27277031880,47720,46800,46770,-950,-1.99,47250,-470,-0.98,46770,47400,1400-1-28,2021-04-17
158,شگلح,ح . گلتاش‌,184,719807,4636968030,6500,6530,6370,-130,-2,6440,-60,-0.92,6320,6590,1400-1-28,2021-04-17
159,اخزا902,اسنادخزانه-م2بودجه99-011019,183,378353,268373675660,712141,709224,710220,-1921,-0.27,709321,-2820,-0.4,708520,712141,1400-1-28,2021-04-17
160,اطلس,صندوق س.توسعه اندوخته آينده-س,180,43114,8851433223,208005,209000,205050,-2955,-1.42,205303,-2702,-1.3,205000,209000,1400-1-28,2021-04-17
161,لوتوس,تامين سرمايه لوتوس پارسيان,178,2043590,19493776000,9720,9530,9550,-170,-1.75,9650,-70,-0.72,9530,9730,1400-1-28,2021-04-17
162,تسه9909,امتياز تسهيلات مسكن آذر99,176,2173,1108342059,506635,485099,515000,8365,1.65,510052,3417,0.67,482000,531966,1400-1-28,2021-04-17
163,تسه9910,امتياز تسهيلات مسكن دي99,173,3983,2037179854,508049,500000,510000,1951,0.38,511469,3420,0.67,500000,518000,1400-1-28,2021-04-17
164,درازك,دارويي‌ رازك‌,171,294849,9667813130,33440,32790,32800,-640,-1.91,33310,-130,-0.39,32780,33000,1400-1-28,2021-04-17
165,شصفها,پتروشيمي‌ اصفهان‌,169,204018,25022599740,124912,124977,122414,-2498,-2,122649,-2263,-1.81,122414,124977,1400-1-28,2021-04-17
166,زعف0008پ05,زعفران0008نگين زرين(پ),169,98151,13567210427,136963,137805,134000,-2963,-2.16,138228,1265,0.92,133701,140200,1400-1-28,2021-04-17
167,وسكرمان,س.سهام عدالت استان كرمان,160,9821774,9919991740,1030,1010,1010,-20,-1.94,1030,0,0,1010,1010,1400-1-28,2021-04-17
168,كاما,باما,159,897209,11376610120,12930,12680,12680,-250,-1.93,12870,-60,-0.46,12680,12680,1400-1-28,2021-04-17
169,ضخود7075,اختيارخ خودرو-2000-1400/07/07,156,5008,2784609000,589,585,520,-69,-11.71,556,-33,-5.6,490,610,1400-1-28,2021-04-17
170,لبوتان,گروه‌صنعتي‌بوتان‌,155,203345,12578949280,63120,61860,61860,-1260,-2,62800,-320,-0.51,61860,62000,1400-1-28,2021-04-17
171,زر,صندوق س.پشتوانه سكه طلاي زر,155,78153,3484847730,44652,44950,44537,-115,-0.26,44590,-62,-0.14,44290,44960,1400-1-28,2021-04-17
172,فسپا,گروه‌صنعتي‌سپاهان‌,154,279889,10535776230,38170,37480,37410,-760,-1.99,38060,-110,-0.29,37410,38500,1400-1-28,2021-04-17
173,وتوسم,سرمايه‌گذاري‌توسعه‌ملي‌,152,1329896,11503600400,8820,8650,8650,-170,-1.93,8780,-40,-0.45,8650,8650,1400-1-28,2021-04-17
174,عيار,صندوق سكه طلاي مفيد,152,127494,3377355554,26445,26680,26500,55,0.21,26490,45,0.17,26400,26680,1400-1-28,2021-04-17
175,پترولح,ح . گروه پتروشيمي س. ايرانيان,150,1766918,12824967200,7550,7790,7250,-300,-3.97,7260,-290,-3.84,7250,7790,1400-1-28,2021-04-17
176,سكرما,سيمان‌ كرمان‌,149,318651,5150375350,16320,16540,16030,-290,-1.78,16300,-20,-0.12,16010,16540,1400-1-28,2021-04-17
177,تسه9810,امتياز تسهيلات مسكن دي98,149,3111,1558057855,504948,479701,514999,10051,1.99,500822,-4126,-0.82,479701,519900,1400-1-28,2021-04-17
178,فيروزه,صندوق شاخص30 شركت فيروزه- سهام,149,79272,10338632230,133990,133000,129000,-4990,-3.72,130420,-3570,-2.66,128800,133000,1400-1-28,2021-04-17
179,حفاري,حفاري شمال,148,1173173,8389548950,7280,7160,7140,-140,-1.92,7260,-20,-0.27,7140,7200,1400-1-28,2021-04-17
180,گكيشح,ح.توريستي ورفاهي آبادگران كيش,147,288472,8906590768,31505,30875,30875,-630,-2,30875,-630,-2,30875,30882,1400-1-28,2021-04-17
181,خاتم,صندوق س خاتم ايساتيس پويا-ثابت,144,2023863,22224143569,10948,10975,10980,32,0.29,10981,33,0.3,10974,10990,1400-1-28,2021-04-17
182,فاما,صنعتي‌ آما,142,1062175,19629134000,18850,18480,18480,-370,-1.96,18700,-150,-0.8,18480,18500,1400-1-28,2021-04-17
183,ساروج,بين المللي ساروج بوشهر,142,169951,3319193059,19519,20020,19499,-20,-0.1,19521,2,0.01,19141,20020,1400-1-28,2021-04-17
184,فنوال,نورد آلومينيوم‌,141,1351237,32929645690,24860,24370,24370,-490,-1.97,24530,-330,-1.33,24370,24370,1400-1-28,2021-04-17
185,آبادا,توليد نيروي برق آبادان,135,172425,2279458500,13480,13220,13220,-260,-1.93,13470,-10,-0.07,13220,13220,1400-1-28,2021-04-17
186,اخزا910,اسنادخزانه-م10بودجه99-020807,135,193288,117769426551,609814,610000,610000,186,0.03,609295,-519,-0.09,608016,610000,1400-1-28,2021-04-17
187,ارمغان,ص سرمايه گذاري ارمغان ايرانيان,135,2210645,22276375436,10058,10069,10080,22,0.22,10077,19,0.19,10068,10080,1400-1-28,2021-04-17
188,كاريس,صندوق س.سپهر كاريزما-س,133,540415,6018438888,11378,11378,11101,-277,-2.43,11137,-241,-2.12,11101,11395,1400-1-28,2021-04-17
189,سمتاز,سيمان ممتازان كرمان,130,298205,6818159120,21776,22864,22864,1088,5,22129,353,1.62,22864,22864,1400-1-28,2021-04-17
190,سپاس,صندوق س. پاداش سهامداري-ثابت,129,2664085,26834526193,10057,10072,10076,19,0.19,10073,16,0.16,10072,10076,1400-1-28,2021-04-17
191,صايند,صندوق س. گنجينه آينده روشن-د,129,1801160,17818945040,9877,9947,9889,12,0.12,9893,16,0.16,9880,9947,1400-1-28,2021-04-17
192,فيروزا,صندوق بادرآمد ثابت فيروزه آسيا,129,3264273,74105642272,22696,22760,22710,14,0.06,22702,6,0.03,22640,22760,1400-1-28,2021-04-17
193,بفجر,فجر انرژي خليج فارس,128,660325,14967342790,23120,22750,22660,-460,-1.99,23000,-120,-0.52,22660,22760,1400-1-28,2021-04-17
194,ضخود2008,اختيارخ خودرو-3500-1400/02/08,128,5796,6199000,2,2,1,-1,-50,1,-1,-50,1,2,1400-1-28,2021-04-17
195,اخزا901,اسنادخزانه-م1بودجه99-010621,126,142429,107784076800,756173,757000,755811,-362,-0.05,756757,584,0.08,755500,758000,1400-1-28,2021-04-17
196,وساغربي,شركت س استان آذربايجان غربي,125,8133062,6181127120,770,760,760,-10,-1.3,770,0,0,760,760,1400-1-28,2021-04-17
197,گوهر,صندوق سكه طلاي كيان,123,48875,2534388590,51620,52652,51695,75,0.15,51854,234,0.45,51682,52652,1400-1-28,2021-04-17
198,اخزا903,اسنادخزانه-م3بودجه99-011110,123,276546,193858748309,702114,701530,700000,-2114,-0.3,701000,-1114,-0.16,698030,704490,1400-1-28,2021-04-17
199,شبصير,توليدات پتروشيمي قائد بصير,120,252768,17674296864,71349,69923,69923,-1426,-2,70835,-514,-0.72,69923,69923,1400-1-28,2021-04-17
200,تسه9902,امتياز تسهيلات مسكن ارديبهشت99,120,1861,958217388,515322,489556,501130,-14192,-2.75,514894,-428,-0.08,489556,539999,1400-1-28,2021-04-17
201,پارسان,گسترش نفت و گاز پارسيان,116,640786,12668449420,20170,19770,19770,-400,-1.98,20130,-40,-0.2,19770,20150,1400-1-28,2021-04-17
202,ثمسكن,سرمايه‌گذاري‌ مسكن‌,115,2547569,13119980350,5250,5150,5150,-100,-1.9,5220,-30,-0.57,5150,5150,1400-1-28,2021-04-17
203,سيستم,همكاران سيستم,115,485114,12477221220,26240,25720,25720,-520,-1.98,26110,-130,-0.5,25720,25730,1400-1-28,2021-04-17
204,كيان2,صندوق س. با درآمد ثابت كيان,115,11500000,11500000,27957,1,1,-27956,-100,1,-27956,-100,1,1,1400-1-28,2021-04-17
205,ما,بيمه  ما,114,1404507,10086273600,7280,7140,7140,-140,-1.92,7260,-20,-0.27,7140,7280,1400-1-28,2021-04-17
206,وخارزم,سرمايه گذاري خوارزمي,114,514423,2690432290,5330,5230,5230,-100,-1.88,5320,-10,-0.19,5230,5230,1400-1-28,2021-04-17
207,تسه9907,امتياز تسهيلات مسكن مهر99,113,1742,884634961,517614,500889,500000,-17614,-3.4,507827,-9787,-1.89,495000,539999,1400-1-28,2021-04-17
208,ثباغ,شهر سازي و خانه سازي باغميشه,113,622368,10143353664,16630,16298,16298,-332,-2,16561,-69,-0.41,16298,16298,1400-1-28,2021-04-17
209,وپترو,سرمايه‌گذاري صنايع پتروشيمي‌,112,247145,3390829400,14000,13720,13720,-280,-2,13980,-20,-0.14,13720,13720,1400-1-28,2021-04-17
210,وبازار,صندوق س شاخصي بازارآشنا,110,481534,4484127090,9400,9200,9340,-60,-0.64,9310,-90,-0.96,9200,9400,1400-1-28,2021-04-17
211,ثاميد,توسعه و عمران اميد,110,913385,1415746750,1580,1550,1550,-30,-1.9,1580,0,0,1550,1550,1400-1-28,2021-04-17
212,سصفها,سيمان‌اصفهان‌,109,60887,7626705620,127810,125260,125260,-2550,-2,127410,-400,-0.31,125260,125260,1400-1-28,2021-04-17
213,مبين,مبين انرژي خليج فارس,107,1538999,24839443860,16460,16140,16140,-320,-1.94,16390,-70,-0.43,16140,16140,1400-1-28,2021-04-17
214,تسه9904,امتياز تسهيلات مسكن تير99,107,1626,828688752,515383,489614,490000,-25383,-4.93,509649,-5734,-1.11,489614,541152,1400-1-28,2021-04-17
215,شرنگي,شيميايي رنگين,106,67485,16822660800,242020,249280,249280,7260,3,247949,5929,2.45,249280,249280,1400-1-28,2021-04-17
216,مارون,پتروشيمي مارون,106,25716,3959014535,156896,154140,154000,-2896,-1.85,156777,-119,-0.08,153800,154330,1400-1-28,2021-04-17
217,خزاميا,زامياد,103,514105,4786317550,9500,9310,9310,-190,-2,9480,-20,-0.21,9310,9310,1400-1-28,2021-04-17
218,وپخش,داروپخش‌ (هلدينگ‌,102,84114,8182230300,99250,97270,97270,-1980,-1.99,98920,-330,-0.33,97270,97760,1400-1-28,2021-04-17
219,شيراز,پتروشيمي‌شيراز,101,393153,21393075200,55520,54470,54410,-1110,-2,55280,-240,-0.43,54410,54960,1400-1-28,2021-04-17
220,فجر,فولاد اميركبيركاشان,100,146198,8356677680,58320,57160,57160,-1160,-1.99,58120,-200,-0.34,57160,57160,1400-1-28,2021-04-17
221,كارين,صندوق س نگين سامان-ثابت,99,2175651,22130123380,10152,10170,10178,26,0.26,10172,20,0.2,10170,10182,1400-1-28,2021-04-17
222,حتايد,تايدواترخاورميانه,98,506429,13901476050,28010,27450,27450,-560,-2,27850,-160,-0.57,27450,27450,1400-1-28,2021-04-17
223,وكار,بانك‌ كارآفرين‌,98,3033915,7557371660,2540,2490,2490,-50,-1.97,2530,-10,-0.39,2490,2500,1400-1-28,2021-04-17
224,دسينا,داروسازي‌ سينا,95,505414,11882283140,23980,23510,23510,-470,-1.96,23870,-110,-0.46,23510,23510,1400-1-28,2021-04-17
225,سبزوا,سيمان لار سبزوار,93,941718,3224442432,3493,3424,3424,-69,-1.98,3488,-5,-0.14,3424,3424,1400-1-28,2021-04-17
226,زرين,صندوق س. سهام زرين كوروش-س,93,169746,1673651979,9927,10000,9850,-77,-0.78,9860,-67,-0.67,9820,10000,1400-1-28,2021-04-17
227,كخاك,صنايع‌خاك‌چيني‌ايران‌,92,125251,5067179990,41160,41140,40350,-810,-1.97,41090,-70,-0.17,40340,41140,1400-1-28,2021-04-17
228,تسه9804,امتياز تسهيلات مسكن تير98,91,3202,1632783417,512408,488355,507200,-5208,-1.02,509926,-2482,-0.48,488355,519945,1400-1-28,2021-04-17
229,وبهمن,سرمايه‌گذاري‌بهمن‌,90,910902,13390259400,15000,14700,14700,-300,-2,14920,-80,-0.53,14700,14700,1400-1-28,2021-04-17
230,بترانس,ايران‌ ترانسفو,90,732861,2095982460,2910,2860,2860,-50,-1.72,2910,0,0,2860,2860,1400-1-28,2021-04-17
231,وسفارس,شركت س استان فارس,86,5070984,5121693840,1030,1010,1010,-20,-1.94,1030,0,0,1010,1010,1400-1-28,2021-04-17
232,پكرمان,گروه‌ صنعتي‌ بارز,85,807012,20901735100,26420,25900,25900,-520,-1.97,26200,-220,-0.83,25900,26000,1400-1-28,2021-04-17
233,وبشهر,توسعه‌ صنايع‌ بهشهر(هلدينگ,85,942430,10734277700,11620,11390,11390,-230,-1.98,11570,-50,-0.43,11390,11390,1400-1-28,2021-04-17
234,سكه0112پ03,تمام سكه طرح جديد0112سامان,84,29200,30423504700,1038546,1040300,1043500,4954,0.48,1041901,3355,0.32,1040000,1047000,1400-1-28,2021-04-17
235,سفارس,سيمان فارس و خوزستان,81,947700,17115462000,18420,18060,18060,-360,-1.95,18290,-130,-0.71,18060,18060,1400-1-28,2021-04-17
236,اتكام,شركت بيمه اتكايي امين,81,672279,3205454221,4865,4768,4768,-97,-1.99,4859,-6,-0.12,4768,4849,1400-1-28,2021-04-17
237,شبريز,پالايش نفت تبريز,80,257896,7337141200,29030,28450,28450,-580,-2,28990,-40,-0.14,28450,28450,1400-1-28,2021-04-17
238,تسه9903,امتياز تسهيلات مسكن خرداد99,78,816,422394140,517594,491889,499000,-18594,-3.59,517640,46,0.01,491889,542999,1400-1-28,2021-04-17
239,فردا,صندوق س آواي فرداي زاگرس-ثابت,78,915413,9636977305,10509,10525,10528,19,0.18,10527,18,0.17,10525,10529,1400-1-28,2021-04-17
240,تسه9906,امتياز تسهيلات مسكن شهريور99,76,514,261412748,507316,501000,508000,684,0.13,508585,1269,0.25,485111,530000,1400-1-28,2021-04-17
241,قجامح,ح.فرآورده غذايي وقندتربت‌جام,75,627268,3569647319,5806,5693,5690,-116,-2,5691,-115,-1.98,5690,5701,1400-1-28,2021-04-17
242,سدشت,صنايع سيمان دشتستان,75,77421,5441147880,66310,70280,70280,3970,5.99,66720,410,0.62,70280,70280,1400-1-28,2021-04-17
243,فراز,صندوق س.سهام فراز داريك-س,74,83861,855573920,10201,10202,10202,1,0.01,10202,1,0.01,10202,10215,1400-1-28,2021-04-17
244,سپر,صندوق س سپر سرمايه بيدار- ثابت,74,1347916,15821557431,11744,11747,11746,2,0.02,11738,-6,-0.05,11685,11749,1400-1-28,2021-04-17
245,گشان,توسعه بين المللي پديده شانديز,74,80910,2215315800,27938,27380,27380,-558,-2,27862,-76,-0.27,27380,27380,1400-1-28,2021-04-17
246,دكپسول,توليد ژلاتين كپسول ايران,74,338492,11119614843,33509,32839,32839,-670,-2,33360,-149,-0.44,32839,34070,1400-1-28,2021-04-17
247,وسين,بيمه سينا,73,503657,6573227507,13317,13051,13051,-266,-2,13228,-89,-0.67,13051,13051,1400-1-28,2021-04-17
248,فافزا,فولاد افزا سپاهان,73,137123,7316472911,54445,53357,53357,-1088,-2,54039,-406,-0.75,53357,53358,1400-1-28,2021-04-17
249,آتيمس,صندوق س.آرمان آتيه درخشان مس-س,73,24254,4304168811,181126,183000,178000,-3126,-1.73,177462,-3664,-2.02,176000,183000,1400-1-28,2021-04-17
250,پارسيان,بيمه پارسيان,73,556842,5663237470,10370,10170,10170,-200,-1.93,10350,-20,-0.19,10170,10370,1400-1-28,2021-04-17
251,فاراك,ماشين‌ سازي‌ اراك‌,72,576483,1377794370,2430,2390,2390,-40,-1.65,2430,0,0,2390,2390,1400-1-28,2021-04-17
252,تسه9905,امتياز تسهيلات مسكن مرداد99,71,741,370211906,504351,482393,490005,-14346,-2.84,499611,-4740,-0.94,482393,506000,1400-1-28,2021-04-17
253,دارا,صندوق س. دارا الگوريتم-د,70,1623382,16340706228,10068,10080,10060,-8,-0.08,10066,-2,-0.02,10056,10080,1400-1-28,2021-04-17
254,افق ملت,صندوق س در سهام افق ملت,70,24885,3100988590,125630,124710,124500,-1130,-0.9,124610,-1020,-0.81,124500,124710,1400-1-28,2021-04-17
255,پكوير,كوير تاير,68,124789,1579828740,12910,12660,12660,-250,-1.94,12900,-10,-0.08,12660,12660,1400-1-28,2021-04-17
256,آسيا,بيمه آسيا,67,637361,1300216440,2080,2040,2040,-40,-1.92,2080,0,0,2040,2040,1400-1-28,2021-04-17
257,تسه9809,امتياز تسهيلات مسكن آذر98,67,624,313023771,503979,478799,501000,-2979,-0.59,501641,-2338,-0.46,478799,515000,1400-1-28,2021-04-17
258,بهپاك,صنعتي بهپاك,66,70907,3088425292,44444,43556,43556,-888,-2,44388,-56,-0.13,43556,43556,1400-1-28,2021-04-17
259,زعف0008پ08,زعفران0008نگين روستا(پ),65,32222,4428864395,138663,138015,135000,-3663,-2.64,137448,-1215,-0.88,135000,139800,1400-1-28,2021-04-17
260,اخزا908,اسنادخزانه-م8بودجه99-020606,64,129365,80795316252,631679,628000,625500,-6179,-0.98,624553,-7126,-1.13,620000,628001,1400-1-28,2021-04-17
261,دمعيار,صندوق س. توازن معيار-د,63,2973798,30149099974,10117,10140,10111,-6,-0.06,10138,21,0.21,10111,10144,1400-1-28,2021-04-17
262,خديزل,بهمن  ديزل,62,178756,6928855567,39552,38820,38761,-791,-2,39440,-112,-0.28,38761,38820,1400-1-28,2021-04-17
263,اعتلا,شركت سرمايه گذاري اعتلاء البرز,62,1022002,8454000544,8440,8272,8272,-168,-1.99,8411,-29,-0.34,8272,8272,1400-1-28,2021-04-17
264,سشمال,سيمان‌ شمال‌,62,1315148,14137841000,10960,10750,10750,-210,-1.92,10900,-60,-0.55,10750,10750,1400-1-28,2021-04-17
265,تسه9901,امتياز تسهيلات مسكن فروردين99,62,363,187935993,515416,490011,541000,25584,4.96,517730,2314,0.45,490011,541000,1400-1-28,2021-04-17
266,فاسمين,كالسيمين‌,61,319553,5269428970,16820,16490,16490,-330,-1.96,16780,-40,-0.24,16490,16490,1400-1-28,2021-04-17
267,تسه9812,امتياز تسهيلات مسكن اسفند98,61,332,167994573,496039,485010,498500,2461,0.5,506008,9969,2.01,485010,520000,1400-1-28,2021-04-17
268,فروي,ذوب روي اصفهان,61,13323,804162957,61590,60359,60359,-1231,-2,61570,-20,-0.03,60359,60359,1400-1-28,2021-04-17
269,كحافظ,كاشي‌ وسراميك‌ حافظ‌,60,600034,7068400520,12020,11780,11780,-240,-2,11990,-30,-0.25,11780,11780,1400-1-28,2021-04-17
270,زعف0008پ16,زعفران0008نگين بيرجند(پ),60,44564,6129807989,136577,135005,135000,-1577,-1.15,137551,974,0.71,135000,139600,1400-1-28,2021-04-17
271,ستران,سيمان‌ تهران‌,58,113289,2618108790,23580,23110,23110,-470,-1.99,23550,-30,-0.13,23110,23110,1400-1-28,2021-04-17
272,اخزا909,اسنادخزانه-م9بودجه99-020316,57,172314,112861044301,655188,653820,653151,-2037,-0.31,654973,-215,-0.03,653151,656500,1400-1-28,2021-04-17
273,ثاخت,بين‌المللي‌توسعه‌ساختمان,56,426289,1044408050,2500,2450,2450,-50,-2,2500,0,0,2450,2450,1400-1-28,2021-04-17
274,تسه9811,امتياز تسهيلات مسكن بهمن98,55,352,183150418,529254,502792,502792,-26462,-5,520314,-8940,-1.69,502792,555000,1400-1-28,2021-04-17
275,دانا,بيمه دانا,55,253348,1616360240,6640,6380,6380,-260,-3.92,6630,-10,-0.15,6380,6380,1400-1-28,2021-04-17
276,رمپنا,گروه مپنا (سهامي عام),55,372729,6381120480,17460,17120,17120,-340,-1.95,17440,-20,-0.11,17120,17120,1400-1-28,2021-04-17
277,البرز,بيمه البرز,55,505429,1829652980,3690,3620,3620,-70,-1.9,3690,0,0,3620,3620,1400-1-28,2021-04-17
278,كرازي,كارخانجات‌توليدي‌شيشه‌رازي‌,54,84940,1954469400,23470,23010,23010,-460,-1.96,23450,-20,-0.09,23010,23010,1400-1-28,2021-04-17
279,اخزا914,اسنادخزانه-م14بودجه99-021025,54,17950,10424155150,582302,583000,577000,-5302,-0.91,580733,-1569,-0.27,575000,584000,1400-1-28,2021-04-17
280,قاسم,قاسم ايران,54,1020127,13137195506,13140,12878,12878,-262,-1.99,13070,-70,-0.53,12878,12878,1400-1-28,2021-04-17
281,تسه9806,امتياز تسهيلات مسكن شهريور98,52,664,336064722,506153,490000,497400,-8753,-1.73,506122,-31,-0.01,481001,525000,1400-1-28,2021-04-17
282,زعف0008پ20,زعفران0008نگين وحدت جام(پ),52,19721,2719426146,134413,136357,133133,-1280,-0.95,137895,3482,2.59,133133,139400,1400-1-28,2021-04-17
283,سكه0011پ02,تمام سكه طرح جديد0011ملت,51,15600,16252296100,1036196,1041100,1045000,8804,0.85,1041814,5618,0.54,1040000,1048000,1400-1-28,2021-04-17
284,اوصتا,صندوق انديشه ورزان صباتامين -د,51,2327500,42791956111,18361,18387,18390,29,0.16,18385,24,0.13,18383,18390,1400-1-28,2021-04-17
285,وسبحان,سرمايه گذاري سبحان,51,3545790,10878483720,3130,3068,3068,-62,-1.98,3116,-14,-0.45,3068,3068,1400-1-28,2021-04-17
286,تسه9808,امتياز تسهيلات مسكن آبان98,50,365,181332823,498531,480001,498001,-530,-0.11,496802,-1729,-0.35,480001,508999,1400-1-28,2021-04-17
287,وسپهر,سرمايه گذاري مالي سپهرصادرات,47,79399,814077947,10462,10253,10253,-209,-2,10461,-1,-0.01,10253,10253,1400-1-28,2021-04-17
288,خريخت,صنايع‌ريخته‌گري‌ايران‌,46,2544411,8218447530,3290,3230,3230,-60,-1.82,3280,-10,-0.3,3230,3230,1400-1-28,2021-04-17
289,تسه9807,امتياز تسهيلات مسكن مهر98,45,209,105940452,498476,474200,510000,11524,2.31,506892,8416,1.69,474200,520000,1400-1-28,2021-04-17
290,آپ,آسان پرداخت پرشين,44,43966,737309820,17460,16770,16770,-690,-3.95,17450,-10,-0.06,16770,16770,1400-1-28,2021-04-17
291,ضپاس2002,اختيارخ وپارس-3000-1400/02/29,43,1372,113521000,110,91,86,-24,-21.82,83,-27,-24.55,79,91,1400-1-28,2021-04-17
292,كوير,توليدي فولاد سپيد فراب كوير,43,1025588,21342486280,21230,20810,20810,-420,-1.98,21130,-100,-0.47,20810,20810,1400-1-28,2021-04-17
293,جوين,كشت و صنعت جوين,42,467705,2334783360,5093,4992,4992,-101,-1.98,5081,-12,-0.24,4992,4992,1400-1-28,2021-04-17
294,بورس,بورس اوراق بهادار تهران,42,203174,7048106060,35390,34690,34690,-700,-1.98,35300,-90,-0.25,34690,34690,1400-1-28,2021-04-17
295,وبيمه,سرمايه‌ گذاري‌ صنعت‌ بيمه‌,41,426590,1147527100,2800,2690,2690,-110,-3.93,2800,0,0,2690,2690,1400-1-28,2021-04-17
296,قرن,پديده شيمي قرن,41,9870,602070000,62240,61000,61000,-1240,-1.99,62220,-20,-0.03,61000,61000,1400-1-28,2021-04-17
297,شپاس,نفت پاسارگاد,40,1009506,21714474060,21948,21510,21510,-438,-2,21754,-194,-0.88,21510,21510,1400-1-28,2021-04-17
298,كزغال,زغال سنگ پروده طبس,40,314585,10663173160,34587,33896,33896,-691,-2,34437,-150,-0.43,33896,33896,1400-1-28,2021-04-17
299,امينح,ح . تامين سرمايه امين,40,82327,407518650,5150,4950,4950,-200,-3.88,4950,-200,-3.88,4950,4950,1400-1-28,2021-04-17
300,ماديرا,صنايع ماديران,40,115633,940790088,8302,8136,8136,-166,-2,8299,-3,-0.04,8136,8136,1400-1-28,2021-04-17
301,تپكو,توليدتجهيزات‌سنگين‌هپكو,40,514228,2694040492,5457,5239,5239,-218,-3.99,5444,-13,-0.24,5239,5239,1400-1-28,2021-04-17
302,فباهنر,مس‌ شهيدباهنر,39,198414,5166700560,26570,26040,26040,-530,-1.99,26510,-60,-0.23,26040,26040,1400-1-28,2021-04-17
303,چكاپا,گروه صنايع كاغذ پارس,39,363497,1857469670,5210,5110,5110,-100,-1.92,5210,0,0,5110,5110,1400-1-28,2021-04-17
304,ضشنا2002,اختيارخ شپنا-12000-1400/02/27,39,661,685464000,1341,1124,991,-350,-26.1,1037,-304,-22.67,901,1142,1400-1-28,2021-04-17
305,پتاير,ايران‌ تاير,39,183806,665377720,3690,3620,3620,-70,-1.9,3690,0,0,3620,3620,1400-1-28,2021-04-17
306,اخزا816,اسنادخزانه-م16بودجه98-010503,38,64870,50220295372,785780,773723,775340,-10440,-1.33,774168,-11612,-1.48,773632,778400,1400-1-28,2021-04-17
307,سباقر,سيمان باقران,38,115244,1893919896,16769,16434,16434,-335,-2,16737,-32,-0.19,16434,16434,1400-1-28,2021-04-17
308,وسهمدا,شركت س استان همدان,38,3558189,3131206320,890,880,880,-10,-1.12,890,0,0,880,880,1400-1-28,2021-04-17
309,شتولي,تولي‌پرس‌,38,82705,2706769240,33395,32728,32728,-667,-2,33211,-184,-0.55,32728,32728,1400-1-28,2021-04-17
310,صنوين,صندوق سرمايه‌گذاري صنوين-مختلط,38,8922,937011610,105750,106700,105460,-290,-0.27,105020,-730,-0.69,104400,106700,1400-1-28,2021-04-17
311,كمنگنز,معادن‌منگنزايران‌,37,102773,8978249280,89140,87360,87360,-1780,-2,88810,-330,-0.37,87360,87360,1400-1-28,2021-04-17
312,والبر,سرمايه‌ گذاري‌ البرز(هلدينگ‌,36,96050,1664546500,17680,17330,17330,-350,-1.98,17670,-10,-0.06,17330,17330,1400-1-28,2021-04-17
313,ساينا,صنايع بهداشتي ساينا,36,23037,3492109719,154680,151587,151587,-3093,-2,154460,-220,-0.14,151587,151587,1400-1-28,2021-04-17
314,انرژي3,سايراشخاص بورس انرژي,35,3486,874219080,255890,250780,250780,-5110,-2,255820,-70,-0.03,250780,250780,1400-1-28,2021-04-17
315,زعف0008پ11,زعفران0008نگين سحرخيز(پ),35,32429,4534309098,136805,140000,137102,297,0.22,139823,3018,2.21,137002,141000,1400-1-28,2021-04-17
316,غسالم,سالمين‌,35,233884,1001023520,4360,4280,4280,-80,-1.83,4360,0,0,4280,4280,1400-1-28,2021-04-17
317,اخزا815,اسنادخزانه-م15بودجه98-010406,34,52424,41723194151,797525,796800,791556,-5969,-0.75,795880,-1645,-0.21,791556,797000,1400-1-28,2021-04-17
318,اخزا907,اسنادخزانه-م7بودجه99-020704,34,51483,31665882298,618010,618010,615000,-3010,-0.49,615075,-2935,-0.47,613269,618010,1400-1-28,2021-04-17
319,وكادو,تكادو,34,506300,8628870900,17390,17043,17043,-347,-2,17237,-153,-0.88,17043,17043,1400-1-28,2021-04-17
320,شپارس,بين‌ المللي‌ محصولات‌  پارس‌,33,185449,4107695350,22600,22150,22150,-450,-1.99,22560,-40,-0.18,22150,22150,1400-1-28,2021-04-17
321,شستان,پتروشيمي گلستان,33,961290,3945134160,4187,4104,4104,-83,-1.98,4154,-33,-0.79,4104,4104,1400-1-28,2021-04-17
322,غزر,صنعتي زر ماكارون,33,81203,2110465970,26520,25990,25990,-530,-2,26500,-20,-0.08,25990,25990,1400-1-28,2021-04-17
323,تسه9805,امتياز تسهيلات مسكن مرداد98,33,238,124170731,514175,490010,512520,-1655,-0.32,521726,7551,1.47,490010,539883,1400-1-28,2021-04-17
324,غپينو,پارس‌ مينو,33,180483,1126213920,6360,6240,6240,-120,-1.89,6360,0,0,6240,6240,1400-1-28,2021-04-17
325,ساروم,سيمان‌اروميه‌,33,201791,8101908650,40960,40150,40150,-810,-1.98,40830,-130,-0.32,40150,40150,1400-1-28,2021-04-17
326,ضخود2013,اختيارخ خودرو-7000-1400/02/08,33,1925,1925000,1,1,1,0,0,1,0,0,1,1,1400-1-28,2021-04-17
327,وسمازن,س.سهام عدالت استان مازندران,32,3108439,2984101440,970,960,960,-10,-1.03,970,0,0,960,960,1400-1-28,2021-04-17
328,فلوله,لوله‌وماشين‌سازي‌ايران‌,32,68665,1496897000,22240,21800,21800,-440,-1.98,22230,-10,-0.04,21800,21800,1400-1-28,2021-04-17
329,اخزا905,اسنادخزانه-م5بودجه99-020218,30,103848,69076765987,666864,666864,664000,-2864,-0.43,665172,-1692,-0.25,662013,667500,1400-1-28,2021-04-17
330,كروي,توسعه‌ معادن‌ روي‌ ايران‌,30,203424,5734522560,28760,28190,28190,-570,-1.98,28690,-70,-0.24,28190,28190,1400-1-28,2021-04-17
331,آكورد2,صندوق س. آرمان آتي كوثر-د,30,3000000,3000000,31589,1,1,-31588,-100,1,-31588,-100,1,1,1400-1-28,2021-04-17
332,تاپكيش,تجارت الكترونيك پارسيان كيش,30,1007367,18247445838,18483,18114,18114,-369,-2,18346,-137,-0.74,18114,18114,1400-1-28,2021-04-17
333,ثشاهد,سرمايه‌ گذاري‌ شاهد,30,34060,589919200,17670,17320,17320,-350,-1.98,17670,0,0,17320,17320,1400-1-28,2021-04-17
334,شكبير,پتروشيمي اميركبير,29,61736,5383971656,88987,87208,87208,-1779,-2,88889,-98,-0.11,87208,87220,1400-1-28,2021-04-17
335,ضجار2002,اختيارخ وتجارت-2500-1400/02/22,29,1332,190598000,228,174,148,-80,-35.09,143,-85,-37.28,100,199,1400-1-28,2021-04-17
336,فزرين,زرين معدن آسيا,29,32845,872297510,27100,26558,26558,-542,-2,27090,-10,-0.04,26558,26558,1400-1-28,2021-04-17
337,زپارس,ملي كشت و صنعت و دامپروري پارس,29,241004,39635517840,167810,164460,164460,-3350,-2,165100,-2710,-1.61,164460,164460,1400-1-28,2021-04-17
338,غچين,كشت‌ و صنعت‌ چين‌ چين,28,115565,2251206200,19870,19480,19480,-390,-1.96,19850,-20,-0.1,19480,19480,1400-1-28,2021-04-17
339,وملي,گروه‌ صنعتي‌ ملي‌ (هلدينگ‌,28,4069,699949380,175530,172020,172020,-3510,-2,175480,-50,-0.03,172020,172020,1400-1-28,2021-04-17
340,وصندوق,سرمايه‌گذاري‌صندوق‌بازنشستگي‌,28,128772,1833713280,14530,14240,14240,-290,-2,14530,0,0,14240,14240,1400-1-28,2021-04-17
341,اخزا812,اسنادخزانه-م12بودجه98-001111,28,197955,170059181075,860032,860000,860000,-32,0,859080,-952,-0.11,857010,860000,1400-1-28,2021-04-17
342,گنجين,صندوق س. گنجينه يكم آويد-د,28,1261978,15940587744,12613,12645,12632,19,0.15,12631,18,0.14,12630,12645,1400-1-28,2021-04-17
343,فرابورس,فرابورس ايران,28,11606,357812980,31459,30830,30830,-629,-2,31454,-5,-0.02,30830,30830,1400-1-28,2021-04-17
344,چكارن,كارتن‌ ايران‌,28,225194,736384380,3330,3270,3270,-60,-1.8,3330,0,0,3270,3270,1400-1-28,2021-04-17
345,فپنتا,سپنتا,27,5255,2062219650,408780,392430,392430,-16350,-4,408080,-700,-0.17,392430,392430,1400-1-28,2021-04-17
346,بكام,كارخانجات توليدي شهيد قندي,27,296575,1153676750,3960,3890,3890,-70,-1.77,3960,0,0,3890,3890,1400-1-28,2021-04-17
347,دجابر,داروسازي‌ جابرابن‌حيان‌,26,38132,742048720,20270,19460,19460,-810,-4,20260,-10,-0.05,19460,19460,1400-1-28,2021-04-17
348,وتوشه,سرمايه‌ گذاري‌ پارس‌ توشه‌,26,21263,459493430,22050,21610,21610,-440,-2,22050,0,0,21610,21610,1400-1-28,2021-04-17
349,فروس,فروسيليس‌ ايران‌,26,202206,1023162360,5270,5060,5060,-210,-3.98,5270,0,0,5060,5060,1400-1-28,2021-04-17
350,وثوق,سرمايه گذاري وثوق امين,26,122396,2226505636,18562,18191,18191,-371,-2,18520,-42,-0.23,18191,18191,1400-1-28,2021-04-17
351,واميد,گروه مديريت سرمايه گذاري اميد,25,1001211,12625270710,12860,12610,12610,-250,-1.94,12830,-30,-0.23,12610,12610,1400-1-28,2021-04-17
352,ختوقا,قطعات‌ اتومبيل‌ ايران‌,25,165845,416270950,2560,2510,2510,-50,-1.95,2560,0,0,2510,2510,1400-1-28,2021-04-17
353,شپلي,پلي اكريل ايران,25,64280,558528920,8866,8689,8689,-177,-2,8858,-8,-0.09,8689,8689,1400-1-28,2021-04-17
354,زعف0008پ10,زعفران0008نگين طلاي سرخ(پ),25,10892,1522990199,138002,140000,138000,-2,0,139826,1824,1.32,137077,141500,1400-1-28,2021-04-17
355,شلعاب,لعابيران‌,25,249121,5366066340,21970,21540,21540,-430,-1.96,21920,-50,-0.23,21540,21540,1400-1-28,2021-04-17
356,ولساپا,ليزينگ رايان‌ سايپا,25,131168,435477760,3380,3320,3320,-60,-1.78,3380,0,0,3320,3320,1400-1-28,2021-04-17
357,لپارس,پارس‌ الكتريك‌,25,44081,4044872560,93630,91760,91760,-1870,-2,93480,-150,-0.16,91760,91760,1400-1-28,2021-04-17
358,زگلدشت,كشت و دام گلدشت نمونه اصفهان,24,286003,3935687283,14041,13761,13761,-280,-1.99,14019,-22,-0.16,13761,13761,1400-1-28,2021-04-17
359,ختراك,ريخته‌گري‌ تراكتورسازي‌ ايران‌,24,74571,1117819290,15610,14990,14990,-620,-3.97,15600,-10,-0.06,14990,14990,1400-1-28,2021-04-17
360,غشهداب,كشت و صنعت شهداب ناب خراسان,24,159838,623687876,3981,3902,3902,-79,-1.98,3980,-1,-0.03,3902,3902,1400-1-28,2021-04-17
361,اخزا814,اسنادخزانه-م14بودجه98-010318,24,29063,23239613639,803080,798010,798171,-4909,-0.61,799629,-3451,-0.43,798010,802001,1400-1-28,2021-04-17
362,اخزا806,اسنادخزانه-م6بودجه98-000519,23,18880,17737469733,938963,938011,939001,38,0,939485,522,0.06,938010,942000,1400-1-28,2021-04-17
363,رافزا,رايان هم افزا,23,1610,178710000,113265,111000,111000,-2265,-2,113257,-8,-0.01,111000,111000,1400-1-28,2021-04-17
364,بالبر,كابل‌ البرز,23,21765,1236687300,59180,56820,56820,-2360,-3.99,59120,-60,-0.1,56820,56820,1400-1-28,2021-04-17
365,الماس,صندوق س.امين تدبيرگران فردا-س,23,5939,642535319,109232,111000,108053,-1179,-1.08,108189,-1043,-0.95,108000,111000,1400-1-28,2021-04-17
366,پلوله,گازلوله‌,23,169265,4286805390,24589,25326,25326,737,3,24742,153,0.62,25326,25326,1400-1-28,2021-04-17
367,ضخود2011,اختيارخ خودرو-5000-1400/02/08,23,1165,1265000,1,2,1,0,0,1,0,0,1,2,1400-1-28,2021-04-17
368,سكه0012پ04,تمام سكه طرح جديد0012صادرات,22,4400,4594505700,1039718,1043000,1044000,4282,0.41,1044206,4488,0.43,1040020,1047000,1400-1-28,2021-04-17
369,ملت,بيمه ملت,22,130452,1997220120,15620,15310,15310,-310,-1.98,15610,-10,-0.06,15310,15310,1400-1-28,2021-04-17
370,سفانو,سيمان فارس نو,22,102879,4034914380,40850,39220,39220,-1630,-3.99,40710,-140,-0.34,39220,39220,1400-1-28,2021-04-17
371,اخزا911,اسنادخزانه-م11بودجه99-020906,22,21557,12775898726,593355,593010,592001,-1354,-0.23,592657,-698,-0.12,592001,599999,1400-1-28,2021-04-17
372,اخزا810,اسنادخزانه-م10بودجه98-001006,22,4859,4238350779,872888,872120,875990,3102,0.36,872268,-620,-0.07,872120,875990,1400-1-28,2021-04-17
373,ضشنا2003,اختيارخ شپنا-14000-1400/02/27,22,314,89343000,555,200,290,-265,-47.75,285,-270,-48.65,200,390,1400-1-28,2021-04-17
374,اخزا809,اسنادخزانه-م9بودجه98-000923,21,10097,8869157897,875413,879500,879980,4567,0.52,878395,2982,0.34,878011,879980,1400-1-28,2021-04-17
375,اخزا904,اسنادخزانه-م4بودجه99-011215,21,13032,9068141888,698911,696112,696111,-2800,-0.4,695837,-3074,-0.44,695001,697999,1400-1-28,2021-04-17
376,سمايه,بانك سرمايه,21,30854,156861736,5187,5084,5084,-103,-1.99,5186,-1,-0.02,5084,5084,1400-1-28,2021-04-17
377,خمحركه,نيرو محركه‌,21,71350,321788500,4600,4510,4510,-90,-1.96,4600,0,0,4510,4510,1400-1-28,2021-04-17
378,وسناح,ح. سرمايه گذاري نيروگاهي ايران,20,137119,1525477041,11588,11127,11125,-463,-4,11125,-463,-4,11125,11127,1400-1-28,2021-04-17
379,قشكر,شكرشاهرود,20,169647,625997430,3840,3690,3690,-150,-3.91,3840,0,0,3690,3690,1400-1-28,2021-04-17
380,كالا,بورس كالاي ايران,20,9197,294028090,32620,31970,31970,-650,-1.99,32620,0,0,31970,31970,1400-1-28,2021-04-17
381,ولبهمن,شركت بهمن ليزينگ,20,1102313,8493321665,7862,7705,7705,-157,-2,7835,-27,-0.34,7705,7705,1400-1-28,2021-04-17
382,ضخود2010,اختيارخ خودرو-4500-1400/02/08,20,1015,1015000,2,1,1,-1,-50,1,-1,-50,1,1,1400-1-28,2021-04-17
383,سخاش,سيمان‌خاش‌,20,1545,231301950,155940,149710,149710,-6230,-4,155910,-30,-0.02,149710,149710,1400-1-28,2021-04-17
384,رتكو,كنترل‌خوردگي‌تكين‌كو,20,242220,4345426800,18300,17940,17940,-360,-1.97,18270,-30,-0.16,17940,17940,1400-1-28,2021-04-17
385,وتوصا,گروه س توسعه صنعتي ايران,20,494152,6043478960,12470,12230,12230,-240,-1.92,12440,-30,-0.24,12230,12230,1400-1-28,2021-04-17
386,اخزا821,اسنادخزانه-م21بودجه98-020906,19,11165,6696369612,604801,602000,595212,-9589,-1.59,599764,-5037,-0.83,595211,602000,1400-1-28,2021-04-17
387,اميد,تامين سرمايه اميد,19,79975,608609750,7760,7610,7610,-150,-1.93,7760,0,0,7610,7610,1400-1-28,2021-04-17
388,اخابر,مخابرات ايران,19,84202,868122620,10520,10310,10310,-210,-2,10520,0,0,10310,10310,1400-1-28,2021-04-17
389,تليسه,دامداري تليسه نمونه,19,61703,263842028,4363,4276,4276,-87,-1.99,4363,0,0,4276,4276,1400-1-28,2021-04-17
390,وبوعلي,سرمايه‌گذاري‌بوعلي‌,19,34168,194415920,5800,5690,5690,-110,-1.9,5800,0,0,5690,5690,1400-1-28,2021-04-17
391,اخزا804,اسنادخزانه-م4بودجه98-000421,19,8184,7807116368,953500,957730,953778,278,0.03,953949,449,0.05,953510,957730,1400-1-28,2021-04-17
392,غالبر,لبنيات‌ كالبر,19,13196,256398280,20230,19430,19430,-800,-3.95,20230,0,0,19430,19430,1400-1-28,2021-04-17
393,اخزا817,اسنادخزانه-م17بودجه98-010512,19,51567,40260946453,783039,777778,782000,-1039,-0.13,780750,-2289,-0.29,775002,782000,1400-1-28,2021-04-17
394,ضشنا2004,اختيارخ شپنا-16000-1400/02/27,19,676,61514000,156,88,89,-67,-42.95,91,-65,-41.67,60,98,1400-1-28,2021-04-17
395,قپيرا,فرآورده‌هاي‌غدايي‌وقندپيرانشهر,19,3350,345787000,105320,103220,103220,-2100,-1.99,105310,-10,-0.01,103220,103220,1400-1-28,2021-04-17
396,ونيرو,سرمايه‌گذاري‌نيرو,19,764264,2025299600,2700,2650,2650,-50,-1.85,2700,0,0,2650,2650,1400-1-28,2021-04-17
397,وتعاون,بيمه  تعاون,18,75008,455448576,6325,6072,6072,-253,-4,6319,-6,-0.09,6072,6072,1400-1-28,2021-04-17
398,چخزر,صنايع چوب خزر كاسپين,18,203404,10908759924,54725,53631,53631,-1094,-2,54481,-244,-0.45,53631,53631,1400-1-28,2021-04-17
399,شدوص,دوده‌ صنعتي‌ پارس‌,18,181740,4974223800,27920,27370,27370,-550,-1.97,27860,-60,-0.21,27370,27370,1400-1-28,2021-04-17
400,قشرين,قند شيرين خراسان,18,48042,705544812,14985,14686,14686,-299,-2,14974,-11,-0.07,14686,14686,1400-1-28,2021-04-17
401,تپمپي,پمپ‌ سازي‌ ايران‌,18,9214,171841100,19420,18650,18650,-770,-3.96,19420,0,0,18650,18650,1400-1-28,2021-04-17
402,ضفلا3004,اختيارخ فولاد-8560-1400/03/19,18,128,146475000,1772,1400,1126,-646,-36.46,1144,-628,-35.44,1125,1400,1400-1-28,2021-04-17
403,برن0003پ01,برنج طارم0003تجارت مازندران(پ),18,2520,691400000,273926,273000,274500,574,0.21,274365,439,0.16,273000,275000,1400-1-28,2021-04-17
404,شاروم,پتروشيمي اروميه,18,108694,2097468118,19690,19297,19297,-393,-2,19673,-17,-0.09,19297,19297,1400-1-28,2021-04-17
405,چدن,توليدي چدن سازان,18,6922,167027860,24620,24130,24130,-490,-1.99,24620,0,0,24130,24130,1400-1-28,2021-04-17
406,سيلام,سيمان‌ ايلام‌,17,304310,3283504900,11230,10790,10790,-440,-3.92,11200,-30,-0.27,10790,10790,1400-1-28,2021-04-17
407,كبافق,معادن‌ بافق‌,17,1879,92277690,50110,49110,49110,-1000,-2,50110,0,0,49110,49110,1400-1-28,2021-04-17
408,فولاژ,فولاد آلياژي ايران,17,10863,208460970,19580,19190,19190,-390,-1.99,19580,0,0,19190,19190,1400-1-28,2021-04-17
409,دامين,داروسازي‌ امين‌,17,54903,281652390,5230,5130,5130,-100,-1.91,5230,0,0,5130,5130,1400-1-28,2021-04-17
410,ضخود2012,اختيارخ خودرو-6000-1400/02/08,16,800,800000,1,1,1,0,0,1,0,0,1,1,1400-1-28,2021-04-17
411,سغرب,سيمان‌غرب‌,16,27614,1007358720,37220,36480,36480,-740,-1.99,37200,-20,-0.05,36480,36480,1400-1-28,2021-04-17
412,دبالك,مواد اوليه دارويي البرز بالك,16,58500,1194745500,20839,20423,20423,-416,-2,20829,-10,-0.05,20423,20423,1400-1-28,2021-04-17
413,قصفها,قنداصفهان‌,16,1463,225814050,157500,154350,154350,-3150,-2,157490,-10,-0.01,154350,154350,1400-1-28,2021-04-17
414,سهگمت,سيمان‌هگمتان‌,16,36085,883721650,24980,24490,24490,-490,-1.96,24970,-10,-0.04,24490,24490,1400-1-28,2021-04-17
415,بذر,صندوق س بذر اميد آفرين-سهام,15,12615,1210038500,96600,96060,95350,-1250,-1.29,95920,-680,-0.7,95350,96060,1400-1-28,2021-04-17
416,وپويا,سرمايه گذاري پويا,15,48396,315203148,6645,6513,6513,-132,-1.99,6644,-1,-0.02,6513,6513,1400-1-28,2021-04-17
417,كهمداح,ح . شيشه‌ همدان‌,15,360000,2880000000,8030,8000,8000,-30,-0.37,8000,-30,-0.37,8000,8000,1400-1-28,2021-04-17
418,شاملا,معدني‌ املاح‌  ايران‌,15,11000,541530000,50230,49230,49230,-1000,-1.99,50220,-10,-0.02,49230,49230,1400-1-28,2021-04-17
419,زعف0008پ12,زعفران0008پوشالمعمول سحرخيز(پ),15,1945,185496940,97676,100500,92793,-4883,-5,95371,-2305,-2.36,92793,100500,1400-1-28,2021-04-17
420,اخزا716,اسنادخزانه-م16بودجه97-000407,15,17978,17278541566,962100,963800,963499,1399,0.15,961094,-1006,-0.1,961000,964000,1400-1-28,2021-04-17
421,پسهند,صنايع‌ لاستيكي‌  سهند,15,104125,4244135000,41590,40760,40760,-830,-2,41520,-70,-0.17,40760,40760,1400-1-28,2021-04-17
422,اخزا811,اسنادخزانه-م11بودجه98-001013,15,14760,12826636710,870000,868000,869700,-300,-0.03,869013,-987,-0.11,868000,869700,1400-1-28,2021-04-17
423,لخانه,لوازم‌ خانگي‌ پارس‌,15,140185,3889432825,28311,27745,27745,-566,-2,28199,-112,-0.4,27745,27745,1400-1-28,2021-04-17
424,ختور,رادياتور ايران‌,14,6710,129301700,19660,19270,19270,-390,-1.98,19660,0,0,19270,19270,1400-1-28,2021-04-17
425,اخزا818,اسنادخزانه-م18بودجه98-010614,14,29092,22257906009,770602,764002,764000,-6602,-0.86,765087,-5515,-0.72,764000,768936,1400-1-28,2021-04-17
426,ضجار2003,اختيارخ وتجارت-3000-1400/02/22,14,554,21864000,65,50,35,-30,-46.15,39,-26,-40,35,54,1400-1-28,2021-04-17
427,كماسه,تامين‌ ماسه‌ ريخته‌گري‌,14,72801,3158107380,44260,43380,43380,-880,-1.99,44200,-60,-0.14,43380,43380,1400-1-28,2021-04-17
428,لخزر,پارس‌ خزر,14,1085,194280100,186520,179060,179060,-7460,-4,186490,-30,-0.02,179060,179060,1400-1-28,2021-04-17
429,دفرا,فرآورده‌هاي‌ تزريقي‌ ايران‌,14,4072,105266700,26370,25860,25850,-520,-1.97,26370,0,0,25850,25860,1400-1-28,2021-04-17
430,زنجان,صنايع كشاورزي وكود زنجان,14,59956,539004440,9364,8990,8990,-374,-3.99,9354,-10,-0.11,8990,8990,1400-1-28,2021-04-17
431,رنيك,جنرال مكانيك,14,16045,351225050,22336,21890,21890,-446,-2,22333,-3,-0.01,21890,21890,1400-1-28,2021-04-17
432,بايكا,كارخانجات كابلسازي ‌ايران‌,14,5914,243987984,42097,41256,41256,-841,-2,42087,-10,-0.02,41256,41256,1400-1-28,2021-04-17
433,ركيش,كارت اعتباري ايران كيش,14,343000,8022770000,23860,23390,23390,-470,-1.97,23780,-80,-0.34,23390,23390,1400-1-28,2021-04-17
434,شگل,گلتاش‌,14,35811,354170790,10300,9890,9890,-410,-3.98,10300,0,0,9890,9890,1400-1-28,2021-04-17
435,ولپارس,ليزينگ پارسيان,14,28129,138113390,5010,4910,4910,-100,-2,5010,0,0,4910,4910,1400-1-28,2021-04-17
436,بسويچ,پارس‌سويچ‌,14,3219,170381670,55130,52930,52930,-2200,-3.99,55120,-10,-0.02,52930,52930,1400-1-28,2021-04-17
437,سمگا,گروه سرمايه گذاري ميراث فرهنگي,14,40180,1209739440,30722,30108,30108,-614,-2,30708,-14,-0.05,30108,30108,1400-1-28,2021-04-17
438,اخزا808,اسنادخزانه-م8بودجه98-000817,13,5212,4667287849,894981,896000,895029,48,0.01,895489,508,0.06,895001,896000,1400-1-28,2021-04-17
439,خراسان,پتروشيمي خراسان,13,14711,1056249800,73260,71800,71800,-1460,-1.99,73230,-30,-0.04,71800,71800,1400-1-28,2021-04-17
440,حفارس,حمل و نقل بين المللي خليج فارس,13,300084,1428399840,4850,4760,4760,-90,-1.86,4850,0,0,4760,4760,1400-1-28,2021-04-17
441,كفرا,فراورده‌ هاي‌ نسوزايران‌,13,12170,554221800,47430,45540,45540,-1890,-3.98,47410,-20,-0.04,45540,45540,1400-1-28,2021-04-17
442,گدنا,تهيه توزيع غذاي دنا آفرين فدك,13,5487,182634795,33964,33285,33285,-679,-2,33961,-3,-0.01,33285,33285,1400-1-28,2021-04-17
443,فخاس,فولاد خراسان,13,390324,10741716480,28080,27520,27520,-560,-1.99,28020,-60,-0.21,27520,27520,1400-1-28,2021-04-17
444,ورنا,سرمايه‌گذاري‌ رنا(هلدينگ‌,13,45396,245592360,5520,5410,5410,-110,-1.99,5520,0,0,5410,5410,1400-1-28,2021-04-17
445,خمحور,توليدمحورخودرو,13,156659,9811553170,63900,62630,62630,-1270,-1.99,63650,-250,-0.39,62630,62630,1400-1-28,2021-04-17
446,وآذر,سرمايه‌گذاري‌توسعه‌آذربايجان‌,13,12160,1013657600,85060,83360,83360,-1700,-2,85020,-40,-0.05,83360,83360,1400-1-28,2021-04-17
447,دلر,داروسازي‌ اكسير,13,4794,169755540,36130,35410,35410,-720,-1.99,36130,0,0,35410,35410,1400-1-28,2021-04-17
448,تكنو,تكنوتار,13,58293,1264958100,22140,21700,21700,-440,-1.99,22130,-10,-0.05,21700,21700,1400-1-28,2021-04-17
449,فنرژي,گسترش صنايع انرژي آذرآب,13,21522,393981732,19068,18306,18306,-762,-4,19037,-31,-0.16,18306,18306,1400-1-28,2021-04-17
450,ثروتم,صندوق س. ثروت آفرين پارسيان-س,13,8000,585995400,74107,74306,72950,-1157,-1.56,73249,-858,-1.16,72950,74306,1400-1-28,2021-04-17
451,نوين,بيمه نوين,13,33572,196731920,5979,5860,5860,-119,-1.99,5979,0,0,5860,5860,1400-1-28,2021-04-17
452,ضملت3002,اختيارخ وبملت-4000-1400/03/19,13,554,205902000,422,363,399,-23,-5.45,372,-50,-11.85,361,399,1400-1-28,2021-04-17
453,پلاسك,پلاسكوكار,12,39033,286502220,7480,7340,7340,-140,-1.87,7480,0,0,7340,7340,1400-1-28,2021-04-17
454,داريك,صندوق س.اعتماد داريك-د,12,53520,563337440,10525,10527,10527,2,0.02,10526,1,0.01,10524,10529,1400-1-28,2021-04-17
455,كهمدا,شيشه‌ همدان‌,12,28022,279379340,10170,9970,9970,-200,-1.97,10170,0,0,9970,9970,1400-1-28,2021-04-17
456,سخزر,سيمان‌ خزر,12,81260,2389856600,30630,29410,29410,-1220,-3.98,30570,-60,-0.2,29410,29410,1400-1-28,2021-04-17
457,كدما,معدني‌ دماوند,12,2435,362060150,151720,148690,148690,-3030,-2,151700,-20,-0.01,148690,148690,1400-1-28,2021-04-17
458,ولملت,واسپاري ملت,12,14624,114944640,8180,7860,7860,-320,-3.91,8180,0,0,7860,7860,1400-1-28,2021-04-17
459,دتوليد,داروسازي توليد دارو,12,27781,729501279,26794,26259,26259,-535,-2,26786,-8,-0.03,26259,26259,1400-1-28,2021-04-17
460,ولتجار,واسپاري تجارت وسرمايه ايرانيان,12,136115,1108792790,8312,8146,8146,-166,-2,8303,-9,-0.11,8146,8146,1400-1-28,2021-04-17
461,تكمبا,كمباين‌ سازي‌ ايران‌,12,206652,1620151680,7990,7840,7840,-150,-1.88,7990,0,0,7840,7840,1400-1-28,2021-04-17
462,زير0003پ01,زيره سبز0003كيميابذر(پ),12,158,81191401,526000,497000,549285,23285,4.43,513870,-12130,-2.31,496973,549285,1400-1-28,2021-04-17
463,ودي,بيمه  دي,12,10662,224573706,21492,21063,21063,-429,-2,21490,-2,-0.01,21063,21063,1400-1-28,2021-04-17
464,قثابت,قند ثابت‌ خراسان‌,12,2016,134205120,67920,66570,66570,-1350,-1.99,67920,0,0,66570,66570,1400-1-28,2021-04-17
465,اخزا721,اسنادخزانه-م21بودجه97-000728,12,5746,5194453107,904929,903373,909206,4277,0.47,904012,-917,-0.1,903366,909206,1400-1-28,2021-04-17
466,وآيند,بانك  آينده,12,82931,1336930651,16450,16121,16121,-329,-2,16446,-4,-0.02,16121,16121,1400-1-28,2021-04-17
467,غنوش,نوش‌ مازندران‌,12,2157,120770430,57130,55990,55990,-1140,-2,57130,0,0,55990,55990,1400-1-28,2021-04-17
468,آسام,صندوق س.آرمان سپهر آشنا-م,11,8060,838170090,103925,102265,104984,1059,1.02,103991,66,0.06,102265,104984,1400-1-28,2021-04-17
469,فاذر,صنايع‌ آذرآب‌,11,13308,309277920,23710,23240,23240,-470,-1.98,23710,0,0,23240,23240,1400-1-28,2021-04-17
470,خاذين,سايپاآذين‌,11,28108,128172480,4750,4560,4560,-190,-4,4750,0,0,4560,4560,1400-1-28,2021-04-17
471,سپيدار,سپيدار سيستم آسيا,11,1279,74143630,59153,57970,57970,-1183,-2,59151,-2,0,57970,57970,1400-1-28,2021-04-17
472,ساوه,سيمان ساوه,11,5021,289907519,58917,57739,57739,-1178,-2,58910,-7,-0.01,57739,57739,1400-1-28,2021-04-17
473,سرچشمه,سرمايه گذاري مس سرچشمه,11,13608,88560864,6640,6508,6508,-132,-1.99,6640,0,0,6508,6508,1400-1-28,2021-04-17
474,خبازرس,بازرسي مهندسي و صنعتي ايران,11,71091,2280243825,32729,32075,32075,-654,-2,32653,-76,-0.23,32075,32075,1400-1-28,2021-04-17
475,دزهراوي,داروسازي‌زهراوي‌,11,14221,121731760,8730,8560,8560,-170,-1.95,8730,0,0,8560,8560,1400-1-28,2021-04-17
476,ضپاس2000,اختيارخ وپارس-2000-1400/02/29,11,80,44911000,673,577,564,-109,-16.2,561,-112,-16.64,550,580,1400-1-28,2021-04-17
477,كسرا,سراميك‌هاي‌صنعتي‌اردكان‌,11,33854,692652840,20870,20460,20460,-410,-1.96,20860,-10,-0.05,20460,20460,1400-1-28,2021-04-17
478,شكلر,نيروكلر,11,12311,582310300,48260,47300,47300,-960,-1.99,48250,-10,-0.02,47300,47300,1400-1-28,2021-04-17
479,خموتور,موتورسازان‌تراكتورسازي‌ايران‌,10,56992,837212480,14980,14690,14690,-290,-1.94,14980,0,0,14690,14690,1400-1-28,2021-04-17
480,بنو,بيمه تجارت نو,10,7089,221722653,31915,31277,31277,-638,-2,31912,-3,-0.01,31277,31277,1400-1-28,2021-04-17
481,هجرتح,ح . پخش هجرت,10,68448,1668916400,24800,25600,24304,-496,-2,24382,-418,-1.69,24304,25600,1400-1-28,2021-04-17
482,فسرب,ملي‌ سرب‌وروي‌ ايران‌,10,6102,473881320,79240,77660,77660,-1580,-1.99,79220,-20,-0.03,77660,77660,1400-1-28,2021-04-17
483,فوكا,فولاد كاويان,10,85234,1007636348,12063,11822,11822,-241,-2,12054,-9,-0.07,11822,11822,1400-1-28,2021-04-17
484,پست0008پ08,پسته فندقي32-30مه ولات0008(پ),10,49,77524675,1534235,1589000,1550003,15768,1.03,1582136,47901,3.12,1550003,1589920,1400-1-28,2021-04-17
485,كلر,كلر پارس,10,911,121097408,135640,132928,132928,-2712,-2,135633,-7,-0.01,132928,132928,1400-1-28,2021-04-17
486,بنيرو,نيروترانس‌,10,22102,320257980,15090,14490,14490,-600,-3.98,15090,0,0,14490,14490,1400-1-28,2021-04-17
487,قچار,فراوردههاي غذايي وقند چهارمحال,10,4507,396156286,89691,87898,87898,-1793,-2,89677,-14,-0.02,87898,87898,1400-1-28,2021-04-17
488,افاد74,منفعت دولت7-ش.خاص ساير0204,10,160000,160000000000,1000000,1000000,1000000,0,0,1000000,0,0,1000000,1000000,1400-1-28,2021-04-17
489,بساما,بيمه سامان,10,52180,1185790500,23188,22725,22725,-463,-2,23177,-11,-0.05,22725,22725,1400-1-28,2021-04-17
490,بمپنا,توليد برق عسلويه  مپنا,10,1249,87390032,71395,69968,69968,-1427,-2,71392,-3,0,69968,69968,1400-1-28,2021-04-17
491,قشهد,شهد,9,24422,479403860,20440,19630,19630,-810,-3.96,20430,-10,-0.05,19630,19630,1400-1-28,2021-04-17
492,هاي وب,داده گسترعصرنوين-هاي وب,9,17351,178715300,10510,10300,10300,-210,-2,10510,0,0,10300,10300,1400-1-28,2021-04-17
493,زعف0008پ19,زعفران0008نگين تروند قاينات(پ),9,3483,473673500,132145,137000,135310,3165,2.4,135996,3851,2.91,135310,138000,1400-1-28,2021-04-17
494,اخزا805,اسنادخزانه-م5بودجه98-000422,9,1248,1191449960,954000,955900,955000,1000,0.1,954687,687,0.07,954010,956700,1400-1-28,2021-04-17
495,غشان,شيرپاستوريزه‌پگاه‌خراسان‌,9,79692,588923880,7690,7390,7390,-300,-3.9,7690,0,0,7390,7390,1400-1-28,2021-04-17
496,ثفارس,عمران‌وتوسعه‌فارس‌,9,14577,143583450,10050,9850,9850,-200,-1.99,10050,0,0,9850,9850,1400-1-28,2021-04-17
497,پست0008پ04,پسته فندقي32-30سبزدانه0008(پ),9,7693,11236847040,1513048,1530000,1550000,36952,2.44,1460659,-52389,-3.46,1450024,1550000,1400-1-28,2021-04-17
498,تايرا,تراكتورسازي‌ايران‌,9,39024,1097745120,28700,28130,28130,-570,-1.99,28690,-10,-0.03,28130,28130,1400-1-28,2021-04-17
499,شنفت,نفت‌ پارس‌,9,21519,1047114540,49650,48660,48660,-990,-1.99,49630,-20,-0.04,48660,48660,1400-1-28,2021-04-17
500,سصوفي,سيمان‌ صوفيان‌,9,10912,214857280,20090,19690,19690,-400,-1.99,20090,0,0,19690,19690,1400-1-28,2021-04-17
501,اخزا906,اسنادخزانه-م6بودجه99-020321,9,3171,2360900632,740991,704063,750000,9009,1.22,744529,3538,0.48,704063,750000,1400-1-28,2021-04-17
502,ضپاس2001,اختيارخ وپارس-2500-1400/02/29,9,264,57508000,260,235,199,-61,-23.46,218,-42,-16.15,199,235,1400-1-28,2021-04-17
503,داسوه,داروسازي‌ اسوه‌,9,8317,304734880,37380,36640,36640,-740,-1.98,37380,0,0,36640,36640,1400-1-28,2021-04-17
504,زعف0008پ09,زعفران0008نگين نوين(پ),8,1251,172793500,136552,136000,136000,-552,-0.4,138124,1572,1.15,136000,139700,1400-1-28,2021-04-17
505,زعف0008پ15,زعفران0008پوشالمعمول طلاسرخ(پ),8,297,29219042,102819,97676,102559,-260,-0.25,98381,-4438,-4.32,93000,102559,1400-1-28,2021-04-17
506,هجرت,پخش هجرت,8,55996,1566040132,28537,27967,27967,-570,-2,28519,-18,-0.06,27967,27967,1400-1-28,2021-04-17
507,زملارد,كشاورزي و دامپروري ملارد شير,8,1715,64329650,38275,37510,37510,-765,-2,38274,-1,0,37510,37510,1400-1-28,2021-04-17
508,كسرام,پارس‌ سرام‌,8,45481,371579770,8330,8170,8170,-160,-1.92,8330,0,0,8170,8170,1400-1-28,2021-04-17
509,سجام,مجتمع سيمان غرب آسيا,8,23945,110338560,4702,4608,4608,-94,-2,4701,-1,-0.02,4608,4608,1400-1-28,2021-04-17
510,وپست,پست بانك ايران,8,23034,504905280,22360,21920,21920,-440,-1.97,22360,0,0,21920,21920,1400-1-28,2021-04-17
511,كوثر,بيمه كوثر,8,5330,76773320,14697,14404,14404,-293,-1.99,14697,0,0,14404,14404,1400-1-28,2021-04-17
512,شسينا,صنايع‌شيميايي‌سينا,8,1854,241520580,132920,130270,130270,-2650,-1.99,132910,-10,-0.01,130270,130270,1400-1-28,2021-04-17
513,نمرينو,ايران‌ مرينوس‌,8,2772,307996920,113370,111110,111110,-2260,-1.99,113360,-10,-0.01,111110,111110,1400-1-28,2021-04-17
514,وآرين,شركت توسعه اقتصادي آرين,8,68977,261422830,3867,3790,3790,-77,-1.99,3866,-1,-0.03,3790,3790,1400-1-28,2021-04-17
515,اخزا720,اسنادخزانه-م20بودجه97-000324,8,713,691296120,968895,973000,968002,-893,-0.09,969560,665,0.07,968002,974000,1400-1-28,2021-04-17
516,وساشرقي,شركت س استان آذربايجان شرقي,8,83989,80629440,970,960,960,-10,-1.03,970,0,0,960,960,1400-1-28,2021-04-17
517,شجم,صنايع پتروشيمي تخت جمشيد,8,98572,1006321548,10417,10209,10209,-208,-2,10409,-8,-0.08,10209,10209,1400-1-28,2021-04-17
518,شاوان,پالايش نفت لاوان,8,2427,207957495,87433,85685,85685,-1748,-2,87426,-7,-0.01,85685,85685,1400-1-28,2021-04-17
519,شسم,توليد سموم‌ علف‌ كش,8,9280,847663040,89552,91343,91343,1791,2,89701,149,0.17,91343,91343,1400-1-28,2021-04-17
520,كيسون,شركت كيسون,7,30003,336933690,11697,11230,11230,-467,-3.99,11690,-7,-0.06,11230,11230,1400-1-28,2021-04-17
521,وسرضوي,س.سهام عدالت استان خراسان رضوي,7,205000,207050000,1030,1010,1010,-20,-1.94,1030,0,0,1010,1010,1400-1-28,2021-04-17
522,دتوزيع,توزيع دارو پخش,7,9263,472811309,52084,51043,51043,-1041,-2,52074,-10,-0.02,51043,51043,1400-1-28,2021-04-17
523,لابسا,آبسال‌,7,6610,345703000,53360,52300,52300,-1060,-1.99,53350,-10,-0.02,52300,52300,1400-1-28,2021-04-17
524,قنيشا,قند  نيشابور,7,1260,82504800,66810,65480,65480,-1330,-1.99,66810,0,0,65480,65480,1400-1-28,2021-04-17
525,وتوس,توسعه‌شهري‌توس‌گستر,7,16524,223734960,13810,13540,13540,-270,-1.96,13810,0,0,13540,13540,1400-1-28,2021-04-17
526,دپارس,پارس‌ دارو,7,20872,1749908480,85550,83840,83840,-1710,-2,85490,-60,-0.07,83840,83840,1400-1-28,2021-04-17
527,وسزنجان,شركت س استان زنجان,7,19645,27503000,1420,1400,1400,-20,-1.41,1420,0,0,1400,1400,1400-1-28,2021-04-17
528,حآسا,آسيا سير ارس,7,11799,519321186,44912,44014,44014,-898,-2,44902,-10,-0.02,44014,44014,1400-1-28,2021-04-17
529,لكما,كارخانجات‌مخابراتي‌ايران‌,7,20610,124237080,6151,6028,6028,-123,-2,6150,-1,-0.02,6028,6028,1400-1-28,2021-04-17
530,شكربن,كربن‌ ايران‌,7,40389,3574426500,90300,88500,88500,-1800,-1.99,90170,-130,-0.14,88500,88500,1400-1-28,2021-04-17
531,مرقام,ايران‌ارقام‌,7,4874,93239620,19520,19130,19130,-390,-2,19520,0,0,19130,19130,1400-1-28,2021-04-17
532,غفارس,شير پاستوريزه پگاه فارس,7,11833,212840171,18354,17987,17987,-367,-2,18352,-2,-0.01,17987,17987,1400-1-28,2021-04-17
533,خمهر,مهركام‌پارس‌,7,12447,29872800,2440,2400,2400,-40,-1.64,2440,0,0,2400,2400,1400-1-28,2021-04-17
534,قهكمت,قندهكمتان‌,7,18118,802083860,46110,44270,44270,-1840,-3.99,46080,-30,-0.07,44270,44270,1400-1-28,2021-04-17
535,زفكا,كشت و دامداري فكا,7,202680,2614166640,13161,12898,12898,-263,-2,13147,-14,-0.11,12898,12898,1400-1-28,2021-04-17
536,حريل,ريل پردازسير,7,57905,319461885,5629,5517,5517,-112,-1.99,5628,-1,-0.02,5517,5517,1400-1-28,2021-04-17
537,فرآور,فرآوري‌موادمعدني‌ايران‌,7,5104,176394240,35260,34560,34560,-700,-1.99,35260,0,0,34560,34560,1400-1-28,2021-04-17
538,ضصاد3003,اختيارخ وبصادر-3000-1400/03/12,6,83,4380000,68,55,50,-18,-26.47,53,-15,-22.06,50,55,1400-1-28,2021-04-17
539,بالاس,مهندسي ساختمان تاسيسات راه آهن,6,8146,461479046,57807,56651,56651,-1156,-2,57796,-11,-0.02,56651,56651,1400-1-28,2021-04-17
540,وساربيل,شركت س استان اردبيل,6,20910,26346600,1280,1260,1260,-20,-1.56,1280,0,0,1260,1260,1400-1-28,2021-04-17
541,ومعلم,بيمه معلم,6,105023,513772516,4991,4892,4892,-99,-1.98,4990,-1,-0.02,4892,4892,1400-1-28,2021-04-17
542,پخش,پخش البرز,6,7808,247958656,32405,31757,31757,-648,-2,32402,-3,-0.01,31757,31757,1400-1-28,2021-04-17
543,غگلپا,شير پاستوريزه پگاه گلپايگان,6,4445,306011580,70248,68844,68844,-1404,-2,70239,-9,-0.01,68844,68844,1400-1-28,2021-04-17
544,ثعمرا,عمران و توسعه شاهد,6,7393,94563863,13052,12791,12791,-261,-2,13051,-1,-0.01,12791,12791,1400-1-28,2021-04-17
545,دكيمي,كيميدارو,6,1998,57582360,30020,28820,28820,-1200,-4,30020,0,0,28820,28820,1400-1-28,2021-04-17
546,فالوم,آلومتك‌,6,11915,416607975,36421,34965,34965,-1456,-4,36389,-32,-0.09,34965,34965,1400-1-28,2021-04-17
547,زشگزا,شير و گوشت زاگرس شهركرد,6,11409,92127675,8239,8075,8075,-164,-1.99,8239,0,0,8075,8075,1400-1-28,2021-04-17
548,سيمرغ,سيمرغ,6,7180,128593800,18270,17910,17910,-360,-1.97,18270,0,0,17910,17910,1400-1-28,2021-04-17
549,وصنا,گروه‌صنايع‌بهشهرايران‌,6,9997,55383380,5650,5540,5540,-110,-1.95,5650,0,0,5540,5540,1400-1-28,2021-04-17
550,عيار2,صندوق سكه طلاي مفيد,6,60000,60000,26445,1,1,-26444,-100,1,-26444,-100,1,1,1400-1-28,2021-04-17
551,وسرمد,بيمه  سرمد,6,30868,188819556,6241,6117,6117,-124,-1.99,6240,-1,-0.02,6117,6117,1400-1-28,2021-04-17
552,ضغدر3002,اختيارخ وغدير-8200-1400/03/26,6,108,283748000,3150,2600,2225,-925,-29.37,2627,-523,-16.6,2225,2700,1400-1-28,2021-04-17
553,وسكهبو,س.عدالت ا. كهگيلويه وبويراحمد,6,254700,282717000,1130,1110,1110,-20,-1.77,1130,0,0,1110,1110,1400-1-28,2021-04-17
554,شپترو,پتروشيمي آبادان,6,27800,146005600,5359,5252,5252,-107,-2,5358,-1,-0.02,5252,5252,1400-1-28,2021-04-17
555,غصينو,صنعتي مينو,6,1872,124648992,67944,66586,66586,-1358,-2,67942,-2,0,66586,66586,1400-1-28,2021-04-17
556,ضملي3004,اختيارخ فملي-14000-1400/03/02,6,231,34650000,171,150,250,79,46.2,150,-21,-12.28,140,250,1400-1-28,2021-04-17
557,فن آوا,گروه فن آوا,6,50570,893470760,18404,17668,17668,-736,-4,18370,-34,-0.18,17668,17668,1400-1-28,2021-04-17
558,لسرما,سرما آفرين‌,6,30213,725716260,24510,24020,24020,-490,-2,24500,-10,-0.04,24020,24020,1400-1-28,2021-04-17
559,دالبر,البرزدارو,6,3069,45666720,15180,14880,14880,-300,-1.98,15180,0,0,14880,14880,1400-1-28,2021-04-17
560,دفارا,داروسازي‌ فارابي‌,6,4119,266664060,66060,64740,64740,-1320,-2,66050,-10,-0.02,64740,64740,1400-1-28,2021-04-17
561,اخزا713,اسنادخزانه-م13بودجه97-000518,6,4985,4686790398,938636,938636,946146,7510,0.8,940179,1543,0.16,938636,946146,1400-1-28,2021-04-17
562,تملي703,تسهيلات مسكن ب. ملي-خرداد97,6,60,34728720,551250,578812,578812,27562,5,578812,27562,5,578812,578812,1400-1-28,2021-04-17
563,وجامي,سرمايه گذاري جامي,5,4102,60660376,15089,14788,14788,-301,-1.99,15088,-1,-0.01,14788,14788,1400-1-28,2021-04-17
564,دابور,داروسازي‌ ابوريحان‌,5,962,36892700,39130,38350,38350,-780,-1.99,39130,0,0,38350,38350,1400-1-28,2021-04-17
565,كمينا,شيشه سازي مينا,5,1338,33116838,25256,24751,24751,-505,-2,25255,-1,0,24751,24751,1400-1-28,2021-04-17
566,زبينا,كشاورزي و دامپروري بينالود,5,14451,55390683,3911,3833,3833,-78,-1.99,3911,0,0,3833,3833,1400-1-28,2021-04-17
567,اراد49,مرابحه عام دولت4-ش.خ 0206,5,108000,106920000000,990000,990000,990000,0,0,990000,0,0,990000,990000,1400-1-28,2021-04-17
568,معيار ,سرمايه گذاري معيار صنعت پارس,5,993,54986382,56504,55374,55374,-1130,-2,56501,-3,-0.01,55374,55374,1400-1-28,2021-04-17
569,زقيام,كشت و دام قيام اصفهان,5,2238,63588294,28992,28413,28413,-579,-2,28991,-1,0,28413,28413,1400-1-28,2021-04-17
570,وسيزد,شركت س استان يزد,5,12923,16282980,1280,1260,1260,-20,-1.56,1280,0,0,1260,1260,1400-1-28,2021-04-17
571,كگاز,شيشه‌ و گاز,5,2050,37761000,18790,18420,18420,-370,-1.97,18790,0,0,18420,18420,1400-1-28,2021-04-17
572,كي بي سي,شركت كي بي سي,5,130940,3560913300,27749,27195,27195,-554,-2,27709,-40,-0.14,27195,27195,1400-1-28,2021-04-17
573,ثنور,سرمايه گذاري كوه نور,5,9090,87182190,9786,9591,9591,-195,-1.99,9785,-1,-0.01,9591,9591,1400-1-28,2021-04-17
574,ضغدر3003,اختيارخ وغدير-9200-1400/03/26,5,39,71720000,2100,1880,1880,-220,-10.48,1839,-261,-12.43,1800,1880,1400-1-28,2021-04-17
575,خرينگ,رينگ‌سازي‌مشهد,5,1363,70289910,52620,51570,51570,-1050,-2,52620,0,0,51570,51570,1400-1-28,2021-04-17
576,زعف0008پ18,زعفران0008نگين بهرامن(پ),5,340,47123100,138327,138500,137512,-815,-0.59,138597,270,0.2,137512,140000,1400-1-28,2021-04-17
577,رطب0002پ01,رطب مضافتي0002افشارتعاون بم(پ),5,249,38859066,162000,156100,156034,-5966,-3.68,156060,-5940,-3.67,156034,156100,1400-1-28,2021-04-17
578,كساوه,صنايع‌ كاشي‌ و سراميك‌ سينا,5,7279,503415640,70570,69160,69160,-1410,-2,70560,-10,-0.01,69160,69160,1400-1-28,2021-04-17
579,ثنوسا,نوسازي‌وساختمان‌تهران‌,5,18652,238186040,13030,12770,12770,-260,-2,13030,0,0,12770,12770,1400-1-28,2021-04-17
580,دتماد,توليدمواداوليه‌داروپخش‌,5,1065,47807850,45800,44890,44890,-910,-1.99,45800,0,0,44890,44890,1400-1-28,2021-04-17
581,ومشان,س. فني و مهندسي مشانير,5,661,46754513,72176,70733,70733,-1443,-2,72173,-3,0,70733,70733,1400-1-28,2021-04-17
582,شراز,پالايش نفت شيراز,5,457,50650681,113094,110833,110833,-2261,-2,113092,-2,0,110833,110833,1400-1-28,2021-04-17
583,غپونه,نوش پونه مشهد,5,4265,77951405,18650,18277,18277,-373,-2,18649,-1,-0.01,18277,18277,1400-1-28,2021-04-17
584,سفاسي,شركت فارسيت اهواز,5,18720,259365600,14432,13855,13855,-577,-4,14424,-8,-0.06,13855,13855,1400-1-28,2021-04-17
585,وسيستا,شركت س استان سيستان وبلوچستان,5,35481,26610750,760,750,750,-10,-1.32,760,0,0,750,750,1400-1-28,2021-04-17
586,وسصفا,شركت س استان اصفهان,5,21218,22278900,1070,1050,1050,-20,-1.87,1070,0,0,1050,1050,1400-1-28,2021-04-17
587,اخزا820,اسنادخزانه-م20بودجه98-020806,5,25012,15257320000,615834,610000,610000,-5834,-0.95,610000,-5834,-0.95,610000,610000,1400-1-28,2021-04-17
588,كپارس,كاشي‌ پارس‌,5,267,40573320,155060,151960,151960,-3100,-2,155060,0,0,151960,151960,1400-1-28,2021-04-17
589,وسخوز,شركت س استان خوزستان,5,209644,201258240,970,960,960,-10,-1.03,970,0,0,960,960,1400-1-28,2021-04-17
590,غمينو,شركت صنايع غذايي مينو شرق,5,6599,73948394,11434,11206,11206,-228,-1.99,11434,0,0,11206,11206,1400-1-28,2021-04-17
591,تنوينح,ح . تامين سرمايه نوين,4,10000,58800000,5900,6000,5700,-200,-3.39,5880,-20,-0.34,5700,6000,1400-1-28,2021-04-17
592,وملت,سرمايه گذاري ملت,4,16650,70462800,4408,4232,4232,-176,-3.99,4407,-1,-0.02,4232,4232,1400-1-28,2021-04-17
593,حپترو,حمل و نقل پتروشيمي( سهامي عام,4,11049,586370430,54150,53070,53070,-1080,-1.99,54140,-10,-0.02,53070,53070,1400-1-28,2021-04-17
594,وزمين,بانك ايران زمين,4,2781,36642456,13725,13176,13176,-549,-4,13724,-1,-0.01,13176,13176,1400-1-28,2021-04-17
595,اراد53,مرابحه عام دولت5-ش.خ 0207,4,90000,86246370000,958293,958293,958293,0,0,958293,0,0,958293,958293,1400-1-28,2021-04-17
596,ثرود,سرمايه‌گذاري مسكن زاينده رود,4,3017,62678175,21198,20775,20775,-423,-2,21197,-1,0,20775,20775,1400-1-28,2021-04-17
597,كپرور,فرآوري زغال سنگ پروده طبس,4,427,15521450,37091,36350,36350,-741,-2,37091,0,0,36350,36350,1400-1-28,2021-04-17
598,وآوا,سرمايه گذاري آوا نوين,4,3666,31956522,8894,8717,8717,-177,-1.99,8894,0,0,8717,8717,1400-1-28,2021-04-17
599,ساربيل,سيمان آرتا اردبيل,4,570,31161900,55780,54670,54670,-1110,-1.99,55780,0,0,54670,54670,1400-1-28,2021-04-17
600,كشم0006پ02,كشمش تيزابي0006تاكستان(پ),4,2072,456239928,219876,220200,220200,324,0.15,220193,317,0.14,219999,220200,1400-1-28,2021-04-17
601,اشاد10,مشاركت دولتي10-شرايط خاص001226,4,7100,6746599000,956102,965990,950000,-6102,-0.64,950225,-5877,-0.61,950000,965990,1400-1-28,2021-04-17
602,غگرجي,بيسكويت‌  گرجي‌,4,22199,402467870,18490,18130,18130,-360,-1.95,18490,0,0,18130,18130,1400-1-28,2021-04-17
603,ضشنا2001,اختيارخ شپنا-10000-1400/02/27,4,25,52160000,2493,2200,2010,-483,-19.37,2086,-407,-16.33,2010,2200,1400-1-28,2021-04-17
604,فجام,جام‌دارو,4,2512,25446560,10330,10130,10130,-200,-1.94,10330,0,0,10130,10130,1400-1-28,2021-04-17
605,ثجوان,تامين مسكن جوانان,4,4307,46946300,11122,10900,10900,-222,-2,11121,-1,-0.01,10900,10900,1400-1-28,2021-04-17
606,سدور,سيمان‌ دورود,4,2277,43240230,19370,18990,18990,-380,-1.96,19370,0,0,18990,18990,1400-1-28,2021-04-17
607,خفنر,فنرسازي‌خاور,4,3790,31532800,8660,8320,8320,-340,-3.93,8660,0,0,8320,8320,1400-1-28,2021-04-17
608,بزاگرس,نيروگاه زاگرس كوثر,4,4450,31243450,7164,7021,7021,-143,-2,7164,0,0,7021,7021,1400-1-28,2021-04-17
609,دلقما,دارويي‌ لقمان‌,4,1035,26278650,25900,25390,25390,-510,-1.97,25900,0,0,25390,25390,1400-1-28,2021-04-17
610,اراد45,مرابحه عام دولت4-ش.خ 0107,4,100000,97800000000,978000,978000,978000,0,0,978000,0,0,978000,978000,1400-1-28,2021-04-17
611,دسبحا,گروه دارويي سبحان,4,3037,57733370,19390,19010,19010,-380,-1.96,19390,0,0,19010,19010,1400-1-28,2021-04-17
612,شتوكا,توكا رنگ فولاد سپاهان,4,4133,219714413,54245,53161,53161,-1084,-2,54240,-5,-0.01,53161,53161,1400-1-28,2021-04-17
613,زكوثر,سرمايه گذاري كشاورزي كوثر,4,1301,27607220,21650,21220,21220,-430,-1.99,21650,0,0,21220,21220,1400-1-28,2021-04-17
614,صپاارديب,بار پايه صنعتي ارديبهشت,4,23160,12738000,501,550,550,49,9.78,550,49,9.78,550,550,1400-1-28,2021-04-17
615,اخزا723,اسنادخزانه-م23بودجه97-000824,4,36,32296000,896138,897200,897000,862,0.1,897111,973,0.11,897000,897200,1400-1-28,2021-04-17
616,سفار,سيمان‌فارس‌,4,257,38950920,154650,151560,151560,-3090,-2,154650,0,0,151560,151560,1400-1-28,2021-04-17
617,رتاپ,تجارت الكترونيك  پارسيان,4,4614,33451500,7390,7250,7250,-140,-1.89,7390,0,0,7250,7250,1400-1-28,2021-04-17
618,نطرين,عطرين نخ قم,4,10372,123437172,12143,11901,11901,-242,-1.99,12142,-1,-0.01,11901,11901,1400-1-28,2021-04-17
619,ضملت3001,اختيارخ وبملت-3500-1400/03/19,4,112,77300000,703,650,695,-8,-1.14,690,-13,-1.85,650,695,1400-1-28,2021-04-17
620,زنگان,صنعت روي زنگان,4,351,35945208,104497,102408,102408,-2089,-2,104495,-2,0,102408,102408,1400-1-28,2021-04-17
621,اخزا813,اسنادخزانه-م13بودجه98-010219,4,5714,4649775644,813060,813060,814000,940,0.12,813751,691,0.08,809331,814000,1400-1-28,2021-04-17
622,پارتا,مجتمع‌صنعتي‌آرتاويل‌تاير,4,14860,778649140,53468,52399,52399,-1069,-2,53435,-33,-0.06,52399,52399,1400-1-28,2021-04-17
623,دارو,كارخانجات‌داروپخش‌,4,4461,148818960,34040,33360,33360,-680,-2,34040,0,0,33360,33360,1400-1-28,2021-04-17
624,تملي701,تسهيلات مسكن ب. ملي-فروردين97,4,23,12765000,529018,555000,555000,25982,4.91,555000,25982,4.91,555000,555000,1400-1-28,2021-04-17
625,تبرك,گروه كارخانجات صنعتي تبرك,4,3416,66762304,19942,19544,19544,-398,-2,19941,-1,-0.01,19544,19544,1400-1-28,2021-04-17
626,تكنار,مجتمع معادن مس تكنار,4,631,76997144,124514,122024,122024,-2490,-2,124504,-10,-0.01,122024,122024,1400-1-28,2021-04-17
627,گندم2,مرابحه گندم2-واجدشرايط خاص1400,4,100000,99000000000,990000,990000,990000,0,0,990000,0,0,990000,990000,1400-1-28,2021-04-17
628,تملي708,تسهيلات مسكن ب. ملي-آبان97,4,107,61739562,563079,563079,591232,28153,5,577005,13926,2.47,563079,591232,1400-1-28,2021-04-17
629,اراد38,مرابحه عام دولت3-ش.خ 0105,4,100000,105000000000,1050000,1050000,1050000,0,0,1050000,0,0,1050000,1050000,1400-1-28,2021-04-17
630,كپشير,پشم‌شيشه‌ايران‌,3,385,14776300,39970,38380,38380,-1590,-3.98,39970,0,0,38380,38380,1400-1-28,2021-04-17
631,ضفلا3003,اختيارخ فولاد-7133-1400/03/19,3,12,31950000,3195,2700,2655,-540,-16.9,2662,-533,-16.68,2655,2700,1400-1-28,2021-04-17
632,وسكرشا,س.سهام عدالت استان كرمانشاه,3,12243,15181320,1260,1240,1240,-20,-1.59,1260,0,0,1240,1240,1400-1-28,2021-04-17
633,سقاين,سيمان‌ قائن‌,3,4402,311617580,72230,70790,70790,-1440,-1.99,72220,-10,-0.01,70790,70790,1400-1-28,2021-04-17
634,ثپرديس,سرمايه گذاري مسكن پرديس,3,2610,25987770,10160,9957,9957,-203,-2,10160,0,0,9957,9957,1400-1-28,2021-04-17
635,لازما,كارخانه هاي صنعتي آزمايش,3,10000,336750000,34362,33675,33675,-687,-2,34350,-12,-0.03,33675,33675,1400-1-28,2021-04-17
636,جهرم,پتروشيمي جهرم,3,13306,23179052,1777,1742,1742,-35,-1.97,1777,0,0,1742,1742,1400-1-28,2021-04-17
637,رتاپح,ح.تجارت الكترونيك پارسيان,3,2800,15859000,5820,5820,5590,-230,-3.95,5660,-160,-2.75,5590,5820,1400-1-28,2021-04-17
638,ضبدر3004,اختيارخ شبندر-5125-1400/03/30,3,6,15000000,2950,2500,2500,-450,-15.25,2500,-450,-15.25,2500,2500,1400-1-28,2021-04-17
639,قشير,قند شيروان قوچان و بجنورد,3,1400,35247800,25690,25177,25177,-513,-2,25690,0,0,25177,25177,1400-1-28,2021-04-17
640,سبجنو,سيمان‌ بجنورد,3,718,41830680,59440,58260,58260,-1180,-1.99,59440,0,0,58260,58260,1400-1-28,2021-04-17
641,سدبير,س. تدبيرگران فارس وخوزستان,3,2499,219044847,89441,87653,87653,-1788,-2,89433,-8,-0.01,87653,87653,1400-1-28,2021-04-17
642,ضملت3004,اختيارخ وبملت-5000-1400/03/19,3,16,1180000,87,55,80,-7,-8.05,74,-13,-14.94,55,80,1400-1-28,2021-04-17
643,هصيكو402,اختيارف ت تاصيكو13500-00/02/20,3,10130,32385610,3005,3197,3197,192,6.39,3197,192,6.39,3197,3197,1400-1-28,2021-04-17
644,اراد50,مرابحه عام دولت5-ش.خ0302,3,34000,34000030000,1000000,1000001,1000000,0,0,1000001,1,0,1000000,1000001,1400-1-28,2021-04-17
645,شفا,سرمايه گذاري شفادارو,3,1302,59423280,46570,45640,45640,-930,-2,46570,0,0,45640,45640,1400-1-28,2021-04-17
646,سنوين,سرمايه گذاري اقتصاد نوين,3,4614,41461404,9169,8986,8986,-183,-2,9169,0,0,8986,8986,1400-1-28,2021-04-17
647,ضمخا7071,اختيارخ اخابر-23700-1400/07/28,3,6,1320000,212,220,220,8,3.77,220,8,3.77,220,220,1400-1-28,2021-04-17
648,كسعدي,كاشي‌ سعدي‌,3,982,20572900,21370,20950,20950,-420,-1.97,21370,0,0,20950,20950,1400-1-28,2021-04-17
649,ثزاگرس,سرمايه گذاري توسعه عمران زاگرس,3,314,17129014,57422,54551,54551,-2871,-5,57419,-3,-0.01,54551,54551,1400-1-28,2021-04-17
650,كيميا,معدني كيمياي زنجان گستران,3,3438,59766192,17738,17384,17384,-354,-2,17738,0,0,17384,17384,1400-1-28,2021-04-17
651,كهرام,توليدي گرانيت بهسرام,3,590,65693550,113617,111345,111345,-2272,-2,113609,-8,-0.01,111345,111345,1400-1-28,2021-04-17
652,زدشت,كشت و صنعت دشت خرم دره,3,7402,213880790,29484,28895,28895,-589,-2,29481,-3,-0.01,28895,28895,1400-1-28,2021-04-17
653,دشيمي,شيمي‌ داروئي‌ داروپخش‌,3,1284,38802480,30830,30220,30220,-610,-1.98,30830,0,0,30220,30220,1400-1-28,2021-04-17
654,ضصاد3001,اختيارخ وبصادر-2000-1400/03/12,3,61,21450000,534,450,350,-184,-34.46,352,-182,-34.08,350,450,1400-1-28,2021-04-17
655,حتوكا,حمل‌ونقل‌توكا,3,2167,65183360,30690,30080,30080,-610,-1.99,30690,0,0,30080,30080,1400-1-28,2021-04-17
656,ضپيك2012,اختيارخ تاپيكو-16000-00/02/19,3,36,1999000,150,56,52,-98,-65.33,56,-94,-62.67,52,56,1400-1-28,2021-04-17
657,خفولا,خدمات فني فولاد يزد,3,2121,91158459,43856,42979,42979,-877,-2,43852,-4,-0.01,42979,42979,1400-1-28,2021-04-17
658,ولغدر,ليزينگ‌خودروغدير,3,908,21891880,24600,24110,24110,-490,-1.99,24600,0,0,24110,24110,1400-1-28,2021-04-17
659,فمراد,آلومراد,3,591,83354640,143910,141040,141040,-2870,-1.99,143910,0,0,141040,141040,1400-1-28,2021-04-17
660,غبهنوش,بهنوش‌ ايران‌,3,444,31146600,71580,70150,70150,-1430,-2,71580,0,0,70150,70150,1400-1-28,2021-04-17
661,پرديس,سرمايه گذاري پرديس,3,2940,15670200,5430,5330,5330,-100,-1.84,5430,0,0,5330,5330,1400-1-28,2021-04-17
662,ضملي3003,اختيارخ فملي-12000-1400/03/02,3,28,19473000,707,600,699,-8,-1.13,695,-12,-1.7,600,699,1400-1-28,2021-04-17
663,وسخراج,شركت س استان خراسان جنوبي,3,53863,117421340,2220,2180,2180,-40,-1.8,2220,0,0,2180,2180,1400-1-28,2021-04-17
664,نگين,ص.س. زمين و ساختمان نگين شهرري,3,930,45263600,48790,48790,47780,-1010,-2.07,48670,-120,-0.25,47780,48790,1400-1-28,2021-04-17
665,وشمال,س. چشم انداز توسعه شمال,3,1116,96912324,88611,86839,86839,-1772,-2,88602,-9,-0.01,86839,86839,1400-1-28,2021-04-17
666,آبين,كشت و صنعت آبشيرين,3,5432,22434160,4214,4130,4130,-84,-1.99,4214,0,0,4130,4130,1400-1-28,2021-04-17
667,فسا,پتروشيمي فسا,3,12600,21873600,1771,1736,1736,-35,-1.98,1771,0,0,1736,1736,1400-1-28,2021-04-17
668,تملي710,تسهيلات مسكن ب. ملي-دي97,3,41,26521260,616058,646860,646860,30802,5,646860,30802,5,646860,646860,1400-1-28,2021-04-17
669,پست0008پ02,پسته فندقي32-30طلاسبززرند0008,3,12,18919360,1401001,1550000,1589920,188919,13.48,1576613,175612,12.53,1550000,1589920,1400-1-28,2021-04-17
670,غدام,خوراك‌  دام‌ پارس‌,3,32,12376960,394670,386780,386780,-7890,-2,394670,0,0,386780,386780,1400-1-28,2021-04-17
671,غدشت,دشت‌ مرغاب‌,3,57,16124160,288650,282880,282880,-5770,-2,288650,0,0,282880,282880,1400-1-28,2021-04-17
672,غديس,پاكديس,3,15882,209372406,13452,13183,13183,-269,-2,13451,-1,-0.01,13183,13183,1400-1-28,2021-04-17
673,داوه,داروسازي آوه سينا,3,4310,85273350,20188,19785,19785,-403,-2,20187,-1,0,19785,19785,1400-1-28,2021-04-17
674,تملي809,تسهيلات مسكن ب. ملي-آذر98,3,30,11228880,356473,374296,374296,17823,5,374296,17823,5,374296,374296,1400-1-28,2021-04-17
675,زماهان,مجتمع توليد گوشت مرغ ماهان,2,10740,216851340,20603,20191,20191,-412,-2,20601,-2,-0.01,20191,20191,1400-1-28,2021-04-17
676,اخزا722,اسنادخزانه-م22بودجه97-000428,2,235,223279994,951651,950000,954999,3348,0.35,950128,-1523,-0.16,950000,954999,1400-1-28,2021-04-17
677,ضپنا2003,اختيارخ رمپنا-16000-1400/02/12,2,5,7000000,1500,1400,1400,-100,-6.67,1400,-100,-6.67,1400,1400,1400-1-28,2021-04-17
678,وگردش,بانك گردشگري,2,306,5227398,17431,17083,17083,-348,-2,17431,0,0,17083,17083,1400-1-28,2021-04-17
679,اراد704,مرابحه عام دولت70-ش.خ0112,2,34228000,32086336926000,943750,937759,937100,-6650,-0.7,937429,-6321,-0.67,937100,937759,1400-1-28,2021-04-17
680,كابگن,توليدي و صنعتي آبگينه‌,2,1929,10098315,5133,5235,5235,102,1.99,5133,0,0,5235,5235,1400-1-28,2021-04-17
681,شپاكسا,پاكسان‌,2,547,14976860,27930,27380,27380,-550,-1.97,27930,0,0,27380,27380,1400-1-28,2021-04-17
682,اراد494,مرابحه عام دولت4-ش.خ 0206,2,21424000,20049157648000,990000,935654,936000,-54000,-5.45,935827,-54173,-5.47,935654,936000,1400-1-28,2021-04-17
683,ضخود7076,اختيارخ خودرو-2500-1400/07/07,2,61,16430000,300,270,230,-70,-23.33,269,-31,-10.33,230,270,1400-1-28,2021-04-17
684,ضخود7077,اختيارخ خودرو-3000-1400/07/07,2,6,550000,100,90,100,0,0,92,-8,-8,90,100,1400-1-28,2021-04-17
685,ضخود7072,اختيارخ خودرو-1400-1400/07/07,2,2,1764000,991,951,813,-178,-17.96,882,-109,-11,813,951,1400-1-28,2021-04-17
686,سنير,سيمان‌ سفيد ني‌ريز,2,215,52782500,250510,245500,245500,-5010,-2,250500,-10,0,245500,245500,1400-1-28,2021-04-17
687,شفارا,پتروشيمي فارابي,2,4080,15495840,3875,3798,3798,-77,-1.99,3875,0,0,3798,3798,1400-1-28,2021-04-17
688,آ س پ,آ.س.پ,2,713,11276095,16137,15815,15815,-322,-2,16137,0,0,15815,15815,1400-1-28,2021-04-17
689,ضخوز2012,اختيارخ فخوز-10000-1400/02/15,2,27,111540000,4194,4490,3920,-274,-6.53,4131,-63,-1.5,3920,4490,1400-1-28,2021-04-17
690,سكارون,سيمان كارون,2,102,17787576,177946,174388,174388,-3558,-2,177943,-3,0,174388,174388,1400-1-28,2021-04-17
691,وليز,ليزينگ‌ايران‌,2,1608,15034800,9540,9350,9350,-190,-1.99,9540,0,0,9350,9350,1400-1-28,2021-04-17
692,ضجار2005,اختيارخ وتجارت-4000-1400/02/22,2,21,126000,15,6,6,-9,-60,6,-9,-60,6,6,1400-1-28,2021-04-17
693,غاذر,كشت‌وصنعت‌پياذر,2,1102,60433680,55950,54840,54840,-1110,-1.98,55950,0,0,54840,54840,1400-1-28,2021-04-17
694,ضشنا2000,اختيارخ شپنا-9000-1400/02/27,2,16,43210000,3010,2701,2700,-310,-10.3,2701,-309,-10.27,2700,2701,1400-1-28,2021-04-17
695,ضمخا2000,اختيارخ اخابر-9000-1400/02/29,2,14,3256000,1650,1111,165,-1485,-90,233,-1417,-85.88,165,1111,1400-1-28,2021-04-17
696,اراد644,مرابحه عام دولتي64-ش.خ0111,2,31820000,29874907040000,944500,938744,939000,-5500,-0.58,938872,-5628,-0.6,938744,939000,1400-1-28,2021-04-17
697,فلامي,لاميران‌,2,7320,321787200,44850,43960,43960,-890,-1.98,44840,-10,-0.02,43960,43960,1400-1-28,2021-04-17
698,قجام,فرآوردههاي غذايي وقندتربت‌جام‌,2,632,10201112,16470,16141,16141,-329,-2,16470,0,0,16141,16141,1400-1-28,2021-04-17
699,ضملي7002,اختيارخ فملي-9720-1400/07/11,2,29,95700000,1,3300,3300,3299,329900,3300,3299,329900,3300,3300,1400-1-28,2021-04-17
700,كاسپين,داروسازي كاسپين تامين,2,398,10184024,26110,25588,25588,-522,-2,26110,0,0,25588,25588,1400-1-28,2021-04-17
701,ضملي3002,اختيارخ فملي-10000-1400/03/02,2,4,6400000,2000,1600,1600,-400,-20,1600,-400,-20,1600,1600,1400-1-28,2021-04-17
702,تبريز112,مشاركت شهرداري تبريز-3ماهه18%,2,20,19402310,994990,994990,945241,-49749,-5,970115,-24875,-2.5,945241,994990,1400-1-28,2021-04-17
703,ثاژن,سخت آژند,2,1519,14444171,9703,9509,9509,-194,-2,9703,0,0,9509,9509,1400-1-28,2021-04-17
704,دشيري,شيرين دارو,2,44,10330672,239579,234788,234788,-4791,-2,239576,-3,0,234788,234788,1400-1-28,2021-04-17
705,ساذري,آذريت‌,2,103,620472,5849,6024,6024,175,2.99,5849,0,0,6024,6024,1400-1-28,2021-04-17
706,اپرداز,آتيه داده پرداز,2,1022,21379218,21345,20919,20919,-426,-2,21345,0,0,20919,20919,1400-1-28,2021-04-17
707,چفيبر,فيبر ايران‌,2,743,10119660,13890,13620,13620,-270,-1.94,13890,0,0,13620,13620,1400-1-28,2021-04-17
708,غگلستا,شير پاستوريزه پگاه گلستان,2,640,17900800,28540,27970,27970,-570,-2,28540,0,0,27970,27970,1400-1-28,2021-04-17
709,مداران,داده‌پردازي‌ايران‌,2,900,22158000,25120,24620,24620,-500,-1.99,25120,0,0,24620,24620,1400-1-28,2021-04-17
710,كتوكا,توليدي و خدمات صنايع نسوز توكا,2,1200,45885600,39018,38238,38238,-780,-2,39017,-1,0,38238,38238,1400-1-28,2021-04-17
711,سكرد,سيمان كردستان,2,1371,13161600,9790,9600,9600,-190,-1.94,9790,0,0,9600,9600,1400-1-28,2021-04-17
712,ثامان,سامان‌ گستراصفهان‌,2,18500,433640000,23910,23440,23440,-470,-1.97,23910,0,0,23440,23440,1400-1-28,2021-04-17
713,ديران,ايران‌دارو,2,1652,42836360,26450,25930,25930,-520,-1.97,26450,0,0,25930,25930,1400-1-28,2021-04-17
714,بكاب,صنايع‌جوشكاب‌يزد,2,78,27555060,360470,353270,353270,-7200,-2,360470,0,0,353270,353270,1400-1-28,2021-04-17
715,اطلس2,صندوق س.توسعه اندوخته آينده-س,2,20000,20000,208005,1,1,-208004,-100,1,-208004,-100,1,1,1400-1-28,2021-04-17
716,غشوكو,شوكو پارس,2,330,12907620,39912,39114,39114,-798,-2,39911,-1,0,39114,39114,1400-1-28,2021-04-17
717,واحصا,احياء صنايع خراسان,2,210,14978880,72783,71328,71328,-1455,-2,72782,-1,0,71328,71328,1400-1-28,2021-04-17
718,وارس,سرمايه گذاري ارس صبا,2,3500,60214000,17555,17204,17204,-351,-2,17554,-1,-0.01,17204,17204,1400-1-28,2021-04-17
719,افرا,افرانت,2,3150,105937650,34317,33631,33631,-686,-2,34316,-1,0,33631,33631,1400-1-28,2021-04-17
720,ضصاد3004,اختيارخ وبصادر-3500-1400/03/12,2,21,630000,47,30,30,-17,-36.17,30,-17,-36.17,30,30,1400-1-28,2021-04-17
721,افاد82,منفعت دولت8-ش.خاص لوتوس0205,2,6000,4735600000,772000,810600,785000,13000,1.68,789267,17267,2.24,785000,810600,1400-1-28,2021-04-17
722,غشصفا,شيرپاستوريزه‌پگاه‌اصفهان‌,2,2618,71837920,28000,27440,27440,-560,-2,28000,0,0,27440,27440,1400-1-28,2021-04-17
723,پرداخت,به پرداخت ملت,2,315,10086300,32670,32020,32020,-650,-1.99,32670,0,0,32020,32020,1400-1-28,2021-04-17
724,ثاباد,توريستي ورفاهي آبادگران ايران,2,190,10096600,54220,53140,53140,-1080,-1.99,54220,0,0,53140,53140,1400-1-28,2021-04-17
725,گپارس,امور رفاهي كارگزاران پارس,2,75,15023475,208659,200313,200313,-8346,-4,208652,-7,0,200313,200313,1400-1-28,2021-04-17
726,خكار,ايركا پارت صنعت,2,2991,64246680,21910,21480,21480,-430,-1.96,21910,0,0,21480,21480,1400-1-28,2021-04-17
727,ضملي3001,اختيارخ فملي-9000-1400/03/02,1,4,11840000,3011,2960,2960,-51,-1.69,2960,-51,-1.69,2960,2960,1400-1-28,2021-04-17
728,قلرست,قند لرستان‌,1,1000,35100000,35810,35100,35100,-710,-1.98,35810,0,0,35100,35100,1400-1-28,2021-04-17
729,غشاذر,پگاه‌آذربايجان‌غربي‌,1,1000,9800000,10000,9800,9800,-200,-2,10000,0,0,9800,9800,1400-1-28,2021-04-17
730,سلار,شركت سيمان لارستان,1,85,5000635,60031,58831,58831,-1200,-2,60031,0,0,58831,58831,1400-1-28,2021-04-17
731,كيش1402,اجاره س. و توسعه كيش14020820,1,29,29000000,1020000,1000000,1000000,-20000,-1.96,1000000,-20000,-1.96,1000000,1000000,1400-1-28,2021-04-17
732,فولاد2,فولاد مباركه اصفهان,1,19000000,241300000000,12950,12700,12700,-250,-1.93,12700,-250,-1.93,12700,12700,1400-1-28,2021-04-17
733,بتك,كارخانجات كابل سازي‌ تك‌,1,100,3491200,34228,34912,34912,684,2,34228,0,0,34912,34912,1400-1-28,2021-04-17
734,سخواف,سيمان مجد خواف,1,2985,49804725,17025,16685,16685,-340,-2,17024,-1,-0.01,16685,16685,1400-1-28,2021-04-17
735,ضجار2004,اختيارخ وتجارت-3500-1400/02/22,1,10,110000,50,11,11,-39,-78,11,-39,-78,11,11,1400-1-28,2021-04-17
736,صگل1411,ص اجاره گل گهر 1411-3 ماهه 17%,1,5,4850005,999900,970001,970001,-29899,-2.99,970001,-29899,-2.99,970001,970001,1400-1-28,2021-04-17
737,مبين011,اجاره اعتماد مبين لوتوس010710,1,41,39770000,961000,970000,970000,9000,0.94,970000,9000,0.94,970000,970000,1400-1-28,2021-04-17
738,ضپنا2006,اختيارخ رمپنا-24000-1400/02/12,1,10,110000,22,11,11,-11,-50,11,-11,-50,11,11,1400-1-28,2021-04-17
739,تابا,تابان نيرو سپاهان,1,103,5675197,56223,55099,55099,-1124,-2,56223,0,0,55099,55099,1400-1-28,2021-04-17
740,پرارديبه,پر باري ارديبهشت,1,5500,2887500,250000,525,525,-249475,-99.79,525,-249475,-99.79,525,525,1400-1-28,2021-04-17
741,كمرجان,بازرگاني و توليدي مرجان كار,1,70,10080910,146952,144013,144013,-2939,-2,146951,-1,0,144013,144013,1400-1-28,2021-04-17
742,ضجار2000,اختيارخ وتجارت-1800-1400/02/22,1,1,666000,757,666,666,-91,-12.02,666,-91,-12.02,666,666,1400-1-28,2021-04-17
743,افاد24,منفعت دولتي2-شرايط خاص14000626,1,5490000,5454221670000,985000,993483,993483,8483,0.86,993483,8483,0.86,993483,993483,1400-1-28,2021-04-17
744,كفرآور,فرآورده هاي سيمان شرق,1,1000,23164000,23636,23164,23164,-472,-2,23635,-1,0,23164,23164,1400-1-28,2021-04-17
745,كاذر,فرآورده‌هاي‌نسوزآذر,1,157,5039700,32750,32100,32100,-650,-1.98,32750,0,0,32100,32100,1400-1-28,2021-04-17
746,بشهاب,لامپ‌  پارس‌ شهاب‌,1,2500,365725000,149270,146290,146290,-2980,-2,149250,-20,-0.01,146290,146290,1400-1-28,2021-04-17
747,اوان,مبين وان كيش,1,464,24845808,54639,53547,53547,-1092,-2,54638,-1,0,53547,53547,1400-1-28,2021-04-17
748,ولصنم,ليزينگ‌صنعت‌ومعدن‌,1,1000,10880000,11100,10880,10880,-220,-1.98,11100,0,0,10880,10880,1400-1-28,2021-04-17
749,اراد65,مرابحه عام دولتي65-ش.خ0210,1,1000,970000000,960000,970000,970000,10000,1.04,970000,10000,1.04,970000,970000,1400-1-28,2021-04-17
750,اخزا9082,اسنادخزانه-م8بودجه99-020606,1,800000,505520000000,631679,631900,631900,221,0.03,631900,221,0.03,631900,631900,1400-1-28,2021-04-17
751,ددام,داروسازي زاگرس فارمد پارس,1,700,15225000,22190,21750,21750,-440,-1.98,22190,0,0,21750,21750,1400-1-28,2021-04-17
752,افران2,صندوق س افرا نماد پايدار-ثابت,1,1000000,1000000,13083,1,1,-13082,-99.99,1,-13082,-99.99,1,1,1400-1-28,2021-04-17
753,خشرق,الكتريك‌ خودرو شرق‌,1,500,7330000,14950,14660,14660,-290,-1.94,14950,0,0,14660,14660,1400-1-28,2021-04-17
754,حبندر,دريايي و کشتيراني خط دريابندر,1,1700,53941000,33052,31730,31730,-1322,-4,33048,-4,-0.01,31730,31730,1400-1-28,2021-04-17
755,تكشا,گسترش‌صنايع‌وخدمات‌كشاورزي‌,1,546,24897600,46530,45600,45600,-930,-2,46530,0,0,45600,45600,1400-1-28,2021-04-17
756,ميارديبه,ميان باري ارديبهشت,1,5500,2887500,251000,525,525,-250475,-99.79,525,-250475,-99.79,525,525,1400-1-28,2021-04-17
757,اراد584,مرابحه عام دولت5-ش.خ 0110,1,5301000,4999585140000,972287,943140,943140,-29147,-3,943140,-29147,-3,943140,943140,1400-1-28,2021-04-17
758,صفارس412,صكوك اجاره خليج فارس- 3ماهه16%,1,200,191000000,942000,955000,955000,13000,1.38,955000,13000,1.38,955000,955000,1400-1-28,2021-04-17
759,مبين012,اجاره اعتماد مبين تمدن010710,1,300,300000000,986000,1000000,1000000,14000,1.42,1000000,14000,1.42,1000000,1000000,1400-1-28,2021-04-17
760,سرو2,صندوق س سروسودمند مدبران-سهام,1,200000,200000,67310,1,1,-67309,-100,1,-67309,-100,1,1,1400-1-28,2021-04-17
761,توريل,توكاريل,1,205,5057350,25173,24670,24670,-503,-2,25173,0,0,24670,24670,1400-1-28,2021-04-17
762,ثنظام,س. ساختماني نظام مهندسي ايران,1,130,6045390,47452,46503,46503,-949,-2,47452,0,0,46503,46503,1400-1-28,2021-04-17
763,غپآذر,شير پگاه آذربايجان شرقي,1,221,14237925,65739,64425,64425,-1314,-2,65739,0,0,64425,64425,1400-1-28,2021-04-17
764,كايتا,ايتالران‌,1,1916,18688664,9290,9754,9754,464,4.99,9290,0,0,9754,9754,1400-1-28,2021-04-17
765,گكيش,توريستي ورفاهي آبادگران كيش,1,106,5055988,48671,47698,47698,-973,-2,48671,0,0,47698,47698,1400-1-28,2021-04-17
766,همراه2,شركت ارتباطات سيار ايران,1,2000000,52440000000,26330,26220,26220,-110,-0.42,26220,-110,-0.42,26220,26220,1400-1-28,2021-04-17
767,قمرو,قند مرودشت‌,1,280,10150000,36980,36250,36250,-730,-1.97,36980,0,0,36250,36250,1400-1-28,2021-04-17
768,ثتوسا,س.توسعه و عمران استان اردبيل,1,150,5882850,40019,39219,39219,-800,-2,40019,0,0,39219,39219,1400-1-28,2021-04-17
769,وتوكا,سرمايه‌گذاري‌توكافولاد(هلدينگ,1,4300,50396000,11950,11720,11720,-230,-1.92,11950,0,0,11720,11720,1400-1-28,2021-04-17
770,دسانكو,داروسازي سبحان انكولوژي,1,1031,14945376,14791,14496,14496,-295,-1.99,14791,0,0,14496,14496,1400-1-28,2021-04-17
771,كساپا,سايپاشيشه‌,1,254,9705340,38980,38210,38210,-770,-1.98,38980,0,0,38210,38210,1400-1-28,2021-04-17
772,ضملي7003,اختيارخ فملي-11720-1400/07/11,1,20,54000000,1,2700,2700,2699,269900,2700,2699,269900,2700,2700,1400-1-28,2021-04-17
773,ضسپا3005,اختيارخ خساپا-3000-1400/03/26,1,20,800000,93,40,40,-53,-56.99,40,-53,-56.99,40,40,1400-1-28,2021-04-17
774,چكاوه,صنايع‌كاغذسازي‌كاوه‌,1,1000,18060000,18420,18060,18060,-360,-1.95,18420,0,0,18060,18060,1400-1-28,2021-04-17
775,كترام,توليدي‌ كاشي‌ تكسرام‌,1,209,9948400,48570,47600,47600,-970,-2,48570,0,0,47600,47600,1400-1-28,2021-04-17
776,وسنا,سرمايه گذاري نيروگاهي ايران,1,330,5081670,15713,15399,15399,-314,-2,15713,0,0,15399,15399,1400-1-28,2021-04-17
777,اراد484,مرابحه عام دولت4-ش.خ 0009,1,2312900,2256041979300,980000,975417,975417,-4583,-0.47,975417,-4583,-0.47,975417,975417,1400-1-28,2021-04-17
778,تملي804,تسهيلات مسكن ب. ملي-تير98,1,6,5104362,895502,850727,850727,-44775,-5,850727,-44775,-5,850727,850727,1400-1-28,2021-04-17
779,اراد594,مرابحه عام دولتي5-ش.خ 0309,1,340000,340000000000,1000000,1000000,1000000,0,0,1000000,0,0,1000000,1000000,1400-1-28,2021-04-17
780,سبهان,سيمان‌ بهبهان‌,1,55,7665350,142210,139370,139370,-2840,-2,142210,0,0,139370,139370,1400-1-28,2021-04-17
781,كلوند,كاشي‌ الوند,1,120,5468400,46500,45570,45570,-930,-2,46500,0,0,45570,45570,1400-1-28,2021-04-17
782,خزر,فنرسازي‌زر,1,220,10258600,47580,46630,46630,-950,-2,47580,0,0,46630,46630,1400-1-28,2021-04-17
783,ضسپا3000,اختيارخ خساپا-1400-1400/03/26,1,10,7500000,673,750,750,77,11.44,750,77,11.44,750,750,1400-1-28,2021-04-17
784,وسالت,بانك قرض الحسنه رسالت,1,5046,5762532,1109,1142,1142,33,2.98,1109,0,0,1142,1142,1400-1-28,2021-04-17
785,نتوس,پشم‌ بافي‌ توس,1,10000,210840000,21962,21084,21084,-878,-4,21952,-10,-0.05,21084,21084,1400-1-28,2021-04-17
786,زير0003پ04,زيره سبز0003شركت مينوبذر(پ),1,10,5295000,529500,529500,529500,0,0,529500,0,0,529500,529500,1400-1-28,2021-04-17
787,ضصاد3000,اختيارخ وبصادر-1800-1400/03/12,1,6,3840000,687,640,640,-47,-6.84,640,-47,-6.84,640,640,1400-1-28,2021-04-17
788,غشهد,شهد ايران ‌,1,80000,570400000,7270,7130,7130,-140,-1.93,7270,0,0,7130,7130,1400-1-28,2021-04-17
789,خكمك,كمك‌فنرايندامين‌,1,440,11699600,27130,26590,26590,-540,-1.99,27130,0,0,26590,26590,1400-1-28,2021-04-17
790,ضچاد2005,اختيارخ كچاد-24000-1400/02/05,1,2,800000,451,400,400,-51,-11.31,400,-51,-11.31,400,400,1400-1-28,2021-04-17
791,خنصير,مهندسي‌نصيرماشين‌,1,100,10636000,108530,106360,106360,-2170,-2,108530,0,0,106360,106360,1400-1-28,2021-04-17
792,آينده,بازرگاني آينده سازان بهشت پارس,1,1000,19485000,19882,19485,19485,-397,-2,19882,0,0,19485,19485,1400-1-28,2021-04-17
793,ثالوند,سرمايه گذاري مسكن الوند,1,274,8664702,32268,31623,31623,-645,-2,32268,0,0,31623,31623,1400-1-28,2021-04-17
794,درهآور,دارويي ره آورد تامين,1,250,13043500,53238,52174,52174,-1064,-2,53238,0,0,52174,52174,1400-1-28,2021-04-17
795,ولراز,ليزينگ رازي,1,95,5114230,56077,53834,53834,-2243,-4,56076,-1,0,53834,53834,1400-1-28,2021-04-17
796,وپاسار2,بانك  پاسارگاد,1,59741559,803523968550,13430,13450,13450,20,0.15,13450,20,0.15,13450,13450,1400-1-28,2021-04-17
797,فولاي,صنايع فولاد آلياژي يزد,1,200,10025400,51150,50127,50127,-1023,-2,51150,0,0,50127,50127,1400-1-28,2021-04-17
798,قزوين,كارخانجات‌ قند قزوين‌,1,21000,814590000,39580,38790,38790,-790,-2,39570,-10,-0.03,38790,38790,1400-1-28,2021-04-17
799,ضملي7000,اختيارخ فملي-7720-1400/07/11,1,1,4650000,5750,4650,4650,-1100,-19.13,4650,-1100,-19.13,4650,4650,1400-1-28,2021-04-17
800,تصميم2,صندوق س با درآمد ثابت تصميم,1,1000000,1000000,16126,1,1,-16125,-99.99,1,-16125,-99.99,1,1,1400-1-28,2021-04-17
801,زكشت,كشاورزي مكانيزه اصفهان كشت,1,1000,39567000,40374,39567,39567,-807,-2,40373,-1,0,39567,39567,1400-1-28,2021-04-17
802,ريشمك,توليد و صادرات ريشمك,1,100,5597200,57114,55972,55972,-1142,-2,57114,0,0,55972,55972,1400-1-28,2021-04-17
803,غمهرا,توليدي‌مهرام‌,1,400,47820000,121980,119550,119550,-2430,-1.99,121980,0,0,119550,119550,1400-1-28,2021-04-17
804,ثشرق,سرمايه گذاري مسكن شمال شرق,1,2906,19644560,6890,6760,6760,-130,-1.89,6890,0,0,6760,6760,1400-1-28,2021-04-17
805,طخود2006,اختيارف خودرو-2500-1400/02/08,1,4,1040000,200,260,260,60,30,260,60,30,260,260,1400-1-28,2021-04-17
806,وحافظ,بيمه حافظ,1,78,5031390,65821,64505,64505,-1316,-2,65820,-1,0,64505,64505,1400-1-28,2021-04-17
807,ومعادن2,توسعه‌معادن‌وفلزات‌,1,21200000,244224000000,11750,11520,11520,-230,-1.96,11520,-230,-1.96,11520,11520,1400-1-28,2021-04-17
808,ومهان2,گروه توسعه مالي مهر آيندگان,1,4900000,61357800000,12777,12522,12522,-255,-2,12522,-255,-2,12522,12522,1400-1-28,2021-04-17
809,زمگسا,كشاورزي‌ ودامپروي‌ مگسال‌,1,200,6370000,32490,31850,31850,-640,-1.97,32490,0,0,31850,31850,1400-1-28,2021-04-17
810,اراد454,مرابحه عام دولت4-ش.خ 0107,1,3158000,3004233822000,978000,951309,951309,-26691,-2.73,951309,-26691,-2.73,951309,951309,1400-1-28,2021-04-17
811,مفاخر,توسعه فناوري اطلاعات خوارزمي,1,100,6543000,66765,65430,65430,-1335,-2,66765,0,0,65430,65430,1400-1-28,2021-04-17
812,وايران,ليزينگ ايرانيان,1,406,5005980,12580,12330,12330,-250,-1.99,12580,0,0,12330,12330,1400-1-28,2021-04-17
813,صايپا112,صكوك مرابحه سايپا112-3ماهه 16%,1,6938,6822627998,1000395,983371,983371,-17024,-1.7,983371,-17024,-1.7,983371,983371,1400-1-28,2021-04-17
814,کمارديبه,کم باري ارديبهشت,1,6000,3150000,250000,525,525,-249475,-99.79,525,-249475,-99.79,525,525,1400-1-28,2021-04-17
815,ضفلا3002,اختيارخ فولاد-6420-1400/03/19,1,2,7000000,3901,3500,3500,-401,-10.28,3500,-401,-10.28,3500,3500,1400-1-28,2021-04-17
816,لپيام,گسترش صنايع پيام,1,111,5979126,54965,53866,53866,-1099,-2,54965,0,0,53866,53866,1400-1-28,2021-04-17
817,ثنام,س ساختماني ب نام آوران مهندسي,1,3704,60471504,16659,16326,16326,-333,-2,16658,-1,-0.01,16326,16326,1400-1-28,2021-04-17
818,پاارديبه,بار پايه ارديبهشت,1,3000,1578000,500,526,526,26,5.2,526,26,5.2,526,526,1400-1-28,2021-04-17
