,نماد,نام,تعداد,حجم,ارزش,دیروز,اولین,آخرین معامله - مقدار,آخرین معامله - تغییر,آخرین معامله - درصد,قیمت پایانی - مقدار,قیمت پایانی - تغییر,قیمت پایانی - درصد,کمترین,بیشترین,تاریخ,gregorian_date
0,اتكا تهران,بيمه اتكايي تهران رواك50%تاديه,44784,1447000000,723500000000,1000,500,500,-500,-50,500,-500,-50,500,500,1400-9-13,2021-12-04
1,پالايش,صندوق پالايشي يكم-سهام,31475,36564947,2560760422040,68940,69700,71270,2330,3.38,70030,1090,1.58,68020,71450,1400-9-13,2021-12-04
2,دارا يكم,صندوق واسطه گري مالي يكم-سهام,18088,11554619,1271679481910,113070,112000,111120,-1950,-1.72,110060,-3010,-2.66,107000,112750,1400-9-13,2021-12-04
3,توسن,توسعه سامانه ي نرم افزاري نگين,12653,20000157,440109106731,21122,21397,22178,1056,5,22005,883,4.18,21397,22178,1400-9-13,2021-12-04
4,شستا,سرمايه گذاري تامين اجتماعي,11885,64091937,695550664600,10910,11150,10950,40,0.37,10850,-60,-0.55,10590,11150,1400-9-13,2021-12-04
5,فسبزوار,پارس فولاد سبزوار,10313,6089808,205175226020,33590,33350,33810,220,0.65,33690,100,0.3,33350,33940,1400-9-13,2021-12-04
6,فولاد,فولاد مباركه اصفهان,9648,61827229,624409014300,10070,10400,10230,160,1.59,10100,30,0.3,9990,10420,1400-9-13,2021-12-04
7,پترول,گ.س.وت.ص.پتروشيمي خليج فارس,9306,235911177,619646730595,2508,2567,2633,125,4.98,2627,119,4.74,2567,2633,1400-9-13,2021-12-04
8,خبنيان,بنيان ديزل,8358,627835,138434024516,214076,220498,220498,6422,3,220494,6418,3,218991,220498,1400-9-13,2021-12-04
9,شبندر,پالايش نفت بندرعباس,8213,96634816,581099181890,5860,6000,6150,290,4.95,6010,150,2.56,5740,6150,1400-9-13,2021-12-04
10,شپنا,پالايش نفت اصفهان,7299,79133522,455496000650,5630,5750,5900,270,4.8,5760,130,2.31,5580,5910,1400-9-13,2021-12-04
11,فجهان,مجتمع جهان فولاد سيرجان,7254,21583777,116864570838,5512,5495,5496,-16,-0.29,5414,-98,-1.78,5335,5530,1400-9-13,2021-12-04
12,انرژي3,سايراشخاص بورس انرژي,6648,4887255,471565215020,99900,100900,97000,-2900,-2.9,96490,-3410,-3.41,94910,103740,1400-9-13,2021-12-04
13,وبملت,بانك ملت,6523,171602609,488206166052,2960,2999,2849,-111,-3.75,2845,-115,-3.89,2812,3006,1400-9-13,2021-12-04
14,خگستر,گسترش‌سرمايه‌گذاري‌ايران‌خودرو,6353,182078216,448508419985,2557,2530,2467,-90,-3.52,2463,-94,-3.68,2430,2629,1400-9-13,2021-12-04
15,كمند,صندوق س. با درآمد ثابت كمند,6061,247749164,2515694920491,10141,10154,10154,13,0.13,10154,13,0.13,10154,10155,1400-9-13,2021-12-04
16,كيمياتك,آريان كيميا تك,5932,4602355,114490692390,24810,24200,25000,190,0.77,24880,70,0.28,24200,25140,1400-9-13,2021-12-04
17,كرمان,س. توسعه و عمران استان كرمان,5710,181556610,163635849343,927,930,894,-33,-3.56,901,-26,-2.8,888,942,1400-9-13,2021-12-04
18,خبهمن,گروه‌بهمن‌,5544,242630729,461498912243,1987,1992,1929,-58,-2.92,1902,-85,-4.28,1888,2020,1400-9-13,2021-12-04
19,امين,تامين سرمايه امين,5046,5485978,66694961450,12280,12200,12290,10,0.08,12160,-120,-0.98,11670,12310,1400-9-13,2021-12-04
20,بركت,گروه دارويي بركت,4959,16342960,320409305290,20560,19610,19540,-1020,-4.96,19610,-950,-4.62,19540,20360,1400-9-13,2021-12-04
21,وتجارت,بانك تجارت,4950,142583228,259534031457,1888,1888,1806,-82,-4.34,1820,-68,-3.6,1794,1919,1400-9-13,2021-12-04
22,نوري,پتروشيمي نوري,4664,3423445,371322049110,108070,109930,109000,930,0.86,108460,390,0.36,107020,111480,1400-9-13,2021-12-04
23,شتران,پالايش نفت تهران,4500,46669635,192270972560,4087,4120,4225,138,3.38,4120,33,0.81,3990,4260,1400-9-13,2021-12-04
24,سپيدار,سپيدار سيستم آسيا,4378,12403997,243673834002,18804,19744,19744,940,5,19645,841,4.47,17864,19744,1400-9-13,2021-12-04
25,مديريت,س. و خدمات مديريت صند. ب كشوري,4374,5549032,46621021419,8572,8601,8315,-257,-3,8402,-170,-1.98,8275,8730,1400-9-13,2021-12-04
26,وبصادر,بانك صادرات ايران,4306,160545090,278680433142,1817,1762,1746,-71,-3.91,1736,-81,-4.46,1727,1808,1400-9-13,2021-12-04
27,كيان,صندوق س. با درآمد ثابت كيان,3999,44258408,1411272489312,31852,31886,31890,38,0.12,31887,35,0.11,31885,31891,1400-9-13,2021-12-04
28,طلا,صندوق س.پشتوانه طلاي لوتوس,3513,10062042,930333676286,90130,92002,93180,3050,3.38,92460,2330,2.59,92000,93350,1400-9-13,2021-12-04
29,غزر,صنعتي زر ماكارون,3282,3718906,36651673100,10180,10010,9700,-480,-4.72,9860,-320,-3.14,9680,10330,1400-9-13,2021-12-04
30,آريا,پليمر آريا ساسول,3185,1156218,127085492810,109909,108841,110282,373,0.34,109915,6,0.01,108673,113301,1400-9-13,2021-12-04
31,كدما,معدني‌ دماوند,3173,2203172,156408779930,73660,70410,69980,-3680,-5,70990,-2670,-3.62,69980,75660,1400-9-13,2021-12-04
32,بورس,بورس اوراق بهادار تهران,3097,24338368,267701355270,11470,11010,10900,-570,-4.97,11000,-470,-4.1,10900,11390,1400-9-13,2021-12-04
33,كالا,بورس كالاي ايران,3048,13847757,336555884150,25150,24500,24000,-1150,-4.57,24300,-850,-3.38,23900,26000,1400-9-13,2021-12-04
34,شاروم,پتروشيمي اروميه,3038,2799801,36699323594,12635,12635,13266,631,4.99,13108,473,3.74,12550,13266,1400-9-13,2021-12-04
35,سپيد,سپيد ماكيان,3031,1906015,106056468020,57230,57900,55150,-2080,-3.63,55640,-1590,-2.78,55000,58000,1400-9-13,2021-12-04
36,فرابورس,فرابورس ايران,3028,12907587,228729543911,18478,17955,17555,-923,-5,17721,-757,-4.1,17555,18470,1400-9-13,2021-12-04
37,بوعلي,پتروشيمي بوعلي سينا,3001,1068398,76035312930,70660,72000,72000,1340,1.9,71050,390,0.55,69610,72990,1400-9-13,2021-12-04
38,كاما,باما,2993,19211243,134831595820,7180,7190,7090,-90,-1.25,7020,-160,-2.23,6830,7400,1400-9-13,2021-12-04
39,شگويا,پتروشيمي تندگويان,2905,12547397,130014857661,10342,10277,10580,238,2.3,10362,20,0.19,10185,10618,1400-9-13,2021-12-04
40,وخارزم,سرمايه گذاري خوارزمي,2856,34673917,142131758736,4183,4132,4134,-49,-1.17,4099,-84,-2.01,4005,4290,1400-9-13,2021-12-04
41,ذوب,سهامي ذوب آهن  اصفهان,2800,36751316,124760024031,3464,3470,3430,-34,-0.98,3395,-69,-1.99,3320,3513,1400-9-13,2021-12-04
42,ختور,رادياتور ايران‌,2793,11341976,179319766380,15260,14880,15680,420,2.75,15810,550,3.6,14880,16020,1400-9-13,2021-12-04
43,غصينو,صنعتي مينو,2710,14174028,319401453876,22690,23494,22300,-390,-1.72,22534,-156,-0.69,21556,23560,1400-9-13,2021-12-04
44,اعتماد,صندوق س.اعتماد آفرين پارسيان-د,2637,41374980,1671847174040,40380,40407,40406,26,0.06,40407,27,0.07,40406,40409,1400-9-13,2021-12-04
45,امين يكم,صندوق درآمد ثابت امين يكم فردا,2607,63530788,639102107883,10050,10057,10059,9,0.09,10060,10,0.1,10056,10065,1400-9-13,2021-12-04
46,بركتح,ح . گروه دارويي بركت,2545,7068236,111825948370,16740,16110,15680,-1060,-6.33,15820,-920,-5.5,15250,16700,1400-9-13,2021-12-04
47,وهامون,سرمايه گذاري هامون صبا,2492,6040020,16269376874,2745,2781,2682,-63,-2.3,2694,-51,-1.86,2650,2787,1400-9-13,2021-12-04
48,شفن,پتروشيمي فناوران,2435,9095882,151638435890,16800,16500,16830,30,0.18,16670,-130,-0.77,16250,17300,1400-9-13,2021-12-04
49,صبا,سرمايه گذاري صبا تامين,2413,16996001,102041230823,5988,6011,6001,13,0.22,6003,15,0.25,5972,6086,1400-9-13,2021-12-04
50,خنصير,مهندسي‌نصيرماشين‌,2412,9241057,187830773720,20740,21000,20300,-440,-2.12,20330,-410,-1.98,19710,21500,1400-9-13,2021-12-04
51,هاي وب,داده گسترعصرنوين-هاي وب,2402,18704186,148950774770,8280,8300,8030,-250,-3.02,7960,-320,-3.86,7870,8440,1400-9-13,2021-12-04
52,ثشاهد,سرمايه‌ گذاري‌ شاهد,2391,15643982,159449206470,10360,10490,10140,-220,-2.12,10190,-170,-1.64,9860,10540,1400-9-13,2021-12-04
53,شلرد,كود شيميايي اوره لردگان,2387,19980508,231451377840,11803,11630,11731,-72,-0.61,11584,-219,-1.86,11449,11950,1400-9-13,2021-12-04
54,دماوند,توليد نيروي برق دماوند,2381,2945364,65213184330,21592,21900,21880,288,1.33,22141,549,2.54,21609,22331,1400-9-13,2021-12-04
55,وغدير,سرمايه‌گذاري‌غدير(هلدينگ‌,2349,12216024,171047666200,13840,14010,14290,450,3.25,14000,160,1.16,13680,14300,1400-9-13,2021-12-04
56,ثبهساز,بهساز كاشانه تهران,2344,11838078,17893872669,1514,1487,1518,4,0.26,1512,-2,-0.13,1487,1549,1400-9-13,2021-12-04
57,وكبهمن,مديريت سرمايه گذاري كوثربهمن,2325,1229700,11863913003,9650,9800,9820,170,1.76,9648,-2,-0.02,9502,9900,1400-9-13,2021-12-04
58,ومدير,گ.مديريت ارزش سرمايه ص ب كشوري,2321,6354867,26549256308,4211,4191,4210,-1,-0.02,4178,-33,-0.78,4151,4286,1400-9-13,2021-12-04
59,وسپهر,سرمايه گذاري مالي سپهرصادرات,2316,9439796,66645320469,7062,7061,7060,-2,-0.03,7060,-2,-0.03,7060,7062,1400-9-13,2021-12-04
60,ثاميد,توسعه و عمران اميد,2265,11284921,15365239073,1382,1352,1346,-36,-2.6,1366,-16,-1.16,1327,1391,1400-9-13,2021-12-04
61,نهال,صندوق س. طلاي سرخ نوويرا,2217,4352187,88332277459,21466,21060,20150,-1316,-6.13,20296,-1170,-5.45,19800,21250,1400-9-13,2021-12-04
62,تسه0008,امتيازتسهيلات مسكن آبان1400,2210,40390,33343515986,825470,832222,820000,-5470,-0.66,825539,69,0.01,802000,860000,1400-9-13,2021-12-04
63,ولكار,ليزينگ كارآفرين,2201,2214006,9412122305,4212,4250,4187,-25,-0.59,4236,24,0.57,4171,4320,1400-9-13,2021-12-04
64,چخزر,صنايع چوب خزر كاسپين,2165,506633,14347415641,28252,29050,28001,-251,-0.89,28316,64,0.23,27210,29480,1400-9-13,2021-12-04
65,سحرخيز,صندوق س. گروه زعفران سحرخيز,2059,4056525,80972305335,20994,20908,19941,-1053,-5.02,19961,-1033,-4.92,19312,21000,1400-9-13,2021-12-04
66,فاذر,صنايع‌ آذرآب‌,2010,81605263,65059366623,829,831,810,-19,-2.29,797,-32,-3.86,788,854,1400-9-13,2021-12-04
67,سيتا,سرمايه گذاري سيمان تامين,2004,4700358,42683637960,9260,9070,9210,-50,-0.54,9080,-180,-1.94,9020,9210,1400-9-13,2021-12-04
68,لطيف,محصولات كاغذي لطيف,1987,339710,12706845217,37185,36501,37910,725,1.95,37370,185,0.5,36501,38800,1400-9-13,2021-12-04
69,بپيوند,برق و انرژي پيوندگستر پارس,1957,1189480,11738316103,10200,10050,9790,-410,-4.02,9932,-268,-2.63,9750,10050,1400-9-13,2021-12-04
70,شفا,سرمايه گذاري شفادارو,1923,14332853,272834451140,18510,19430,18520,10,0.05,19040,530,2.86,17630,19430,1400-9-13,2021-12-04
71,كزغال,زغال سنگ پروده طبس,1888,726795,22063299103,31085,30705,30102,-983,-3.16,30424,-661,-2.13,30010,31085,1400-9-13,2021-12-04
72,شفنح,ح . پتروشيمي فناوران,1871,14390892,174018173950,11910,11720,12000,90,0.76,12090,180,1.51,11720,12880,1400-9-13,2021-12-04
73,پيزد,مجتمع صنايع لاستيك يزد,1848,1222378,72821294389,58058,60960,57310,-748,-1.29,59573,1515,2.61,55161,60960,1400-9-13,2021-12-04
74,خموتور,موتورسازان‌تراكتورسازي‌ايران‌,1821,18453145,119302963120,6470,6790,6700,230,3.55,6470,0,0,6150,6790,1400-9-13,2021-12-04
75,فارس,صنايع پتروشيمي خليج فارس,1808,9589582,95978338410,9960,10010,10000,40,0.4,10000,40,0.4,9740,10300,1400-9-13,2021-12-04
76,ديران,ايران‌دارو,1764,6090113,132968071440,21630,21950,21730,100,0.46,21830,200,0.92,20850,22620,1400-9-13,2021-12-04
77,رافزا,رايان هم افزا,1754,260993,14158329024,56669,55990,54081,-2588,-4.57,54282,-2387,-4.21,53836,56000,1400-9-13,2021-12-04
78,غگل,گلوكوزان‌,1713,23154326,67404867370,2952,2900,2955,3,0.1,2911,-41,-1.39,2818,3010,1400-9-13,2021-12-04
79,حگردش,ريل گردش ايرانيان,1705,17449322,71166107861,3985,4000,4103,118,2.96,4078,93,2.33,3921,4104,1400-9-13,2021-12-04
80,غگيلا,شيرپاستوريزه پگاه گيلان,1692,2448598,36057407589,15363,15500,14595,-768,-5,14726,-637,-4.15,14595,15580,1400-9-13,2021-12-04
81,خودكفا,اقتصادي و خودكفايي آزادگان,1665,9212374,78953872902,8501,8420,8450,-51,-0.6,8570,69,0.81,8297,8756,1400-9-13,2021-12-04
82,پارند,صندوق س. پارند پايدار سپهر,1643,64240866,652462310912,10142,10156,10157,15,0.15,10156,14,0.14,10156,10157,1400-9-13,2021-12-04
83,حكشتي,كشتيراني جمهوري اسلامي ايران,1639,6012889,77360749360,13180,13300,12880,-300,-2.28,12960,-220,-1.67,12650,13330,1400-9-13,2021-12-04
84,وپارس,بانك‌پارسيان‌,1634,63795412,127422380834,2068,2070,1965,-103,-4.98,1997,-71,-3.43,1965,2079,1400-9-13,2021-12-04
85,سرو,صندوق س سروسودمند مدبران-سهام,1620,2053155,139695646200,67860,69210,68310,450,0.66,68040,180,0.27,67120,69210,1400-9-13,2021-12-04
86,زملارد,كشاورزي و دامپروري ملارد شير,1607,255301,5102679385,20829,20829,20001,-828,-3.98,20530,-299,-1.44,19800,20829,1400-9-13,2021-12-04
87,افران,صندوق س افرا نماد پايدار-ثابت,1604,43438281,647465457126,14882,14905,14906,24,0.16,14905,23,0.15,14905,14907,1400-9-13,2021-12-04
88,غبهنوش,بهنوش‌ ايران‌,1591,2369043,166590872020,71520,71520,72000,480,0.67,70320,-1200,-1.68,67950,73970,1400-9-13,2021-12-04
89,آگاس,صندوق س.هستي بخش آگاه-س,1553,1515595,115781221019,76429,76700,77199,770,1.01,76393,-36,-0.05,75502,77510,1400-9-13,2021-12-04
90,فنفت,صنايع تجهيزات نفت,1539,7308835,112126541385,14659,15391,15391,732,4.99,15341,682,4.65,14714,15391,1400-9-13,2021-12-04
91,شصدف,صنعتي دوده فام,1536,1193544,39439515382,33126,32100,33000,-126,-0.38,33044,-82,-0.25,32100,34500,1400-9-13,2021-12-04
92,فروي,ذوب روي اصفهان,1522,2618446,48548041806,19305,18800,18470,-835,-4.33,18541,-764,-3.96,18340,19305,1400-9-13,2021-12-04
93,فولاي,صنايع فولاد آلياژي يزد,1515,7225705,125842946792,17075,17928,16780,-295,-1.73,17416,341,2,16400,17928,1400-9-13,2021-12-04
94,قتربت,قند تربت حيدريه,1510,230188,12367638728,55642,57980,54990,-652,-1.17,53728,-1914,-3.44,52860,57980,1400-9-13,2021-12-04
95,ماديرا,صنايع ماديران,1486,13413708,73933291686,5762,5750,5598,-164,-2.85,5512,-250,-4.34,5474,5750,1400-9-13,2021-12-04
96,شبريز,پالايش نفت تبريز,1481,2713774,82042737170,30100,30100,30900,800,2.66,30210,110,0.37,29270,31400,1400-9-13,2021-12-04
97,شاراك,پتروشيمي شازند,1480,3130630,134688715690,42650,42330,43510,860,2.02,43020,370,0.87,42330,43950,1400-9-13,2021-12-04
98,وملي,گروه‌ صنعتي‌ ملي‌ (هلدينگ‌,1474,649361,85553980080,138100,133000,131220,-6880,-4.98,131750,-6350,-4.6,131200,136500,1400-9-13,2021-12-04
99,فگستر,گسترش صنايع روي ايرانيان,1469,1101632,9921039586,9119,9050,9100,-19,-0.21,9043,-76,-0.83,8800,9290,1400-9-13,2021-12-04
100,كماسه,تامين‌ ماسه‌ ريخته‌گري‌,1464,13786188,54983992926,4057,4180,3970,-87,-2.14,3988,-69,-1.7,3880,4180,1400-9-13,2021-12-04
101,زاگرس,پتروشيمي زاگرس,1451,344778,84666086155,241660,241535,247500,5840,2.42,244915,3255,1.35,241535,251000,1400-9-13,2021-12-04
102,كاوه,فولاد كاوه جنوب كيش,1427,9993849,147241914510,14630,14870,14940,310,2.12,14730,100,0.68,14500,15200,1400-9-13,2021-12-04
103,وپويا,سرمايه گذاري پويا,1371,3314380,11719675982,3674,3630,3540,-134,-3.65,3562,-112,-3.05,3501,3630,1400-9-13,2021-12-04
104,غكورش,صنعت غذايي كورش,1362,762003,34343170220,46700,46150,44620,-2080,-4.45,45660,-1040,-2.23,44480,46150,1400-9-13,2021-12-04
105,فتوسا,توليد و توسعه سرب روي ايرانيان,1362,605134,6317144804,10677,10600,10335,-342,-3.2,10575,-102,-0.96,10250,10600,1400-9-13,2021-12-04
106,غپاك,لبنيات‌ پاك‌,1351,6632275,94375298190,13850,14290,13790,-60,-0.43,14230,380,2.74,13500,14540,1400-9-13,2021-12-04
107,حفاري,حفاري شمال,1341,12409042,48808381876,4095,4108,3932,-163,-3.98,3933,-162,-3.96,3891,4160,1400-9-13,2021-12-04
108,شپديس,پتروشيمي پرديس,1336,799726,135898567170,169780,172500,171000,1220,0.72,169930,150,0.09,167000,172990,1400-9-13,2021-12-04
109,بترانس,ايران‌ ترانسفو,1262,20582802,41825282262,2072,2074,2050,-22,-1.06,2032,-40,-1.93,2000,2110,1400-9-13,2021-12-04
110,چكاپا,گروه صنايع كاغذ پارس,1258,17401774,50158619552,2951,2907,2853,-98,-3.32,2882,-69,-2.34,2844,3050,1400-9-13,2021-12-04
111,غويتا,ويتانا,1248,10659667,67233164661,6043,6010,6345,302,5,6307,264,4.37,5847,6345,1400-9-13,2021-12-04
112,شغدير,پتروشيمي غدير,1241,1444479,132820247170,90390,91830,93400,3010,3.33,91950,1560,1.73,90400,94000,1400-9-13,2021-12-04
113,اخابر,مخابرات ايران,1236,13933104,96950699700,7260,7270,7010,-250,-3.44,7010,-250,-3.44,6900,7280,1400-9-13,2021-12-04
114,شبصير,توليدات پتروشيمي قائد بصير,1234,819879,90124074797,112579,113485,109999,-2580,-2.29,109924,-2655,-2.36,107000,115000,1400-9-13,2021-12-04
115,ختوقا,قطعات‌ اتومبيل‌ ايران‌,1230,49083281,127879669561,2727,2627,2591,-136,-4.99,2605,-122,-4.47,2591,2744,1400-9-13,2021-12-04
116,خمحركه,نيرو محركه‌,1214,21098080,75763585933,3754,3700,3599,-155,-4.13,3591,-163,-4.34,3567,3754,1400-9-13,2021-12-04
117,تاپيكو,س. نفت و گاز و پتروشيمي تأمين,1209,10814012,145479284520,13380,13390,13690,310,2.32,13450,70,0.52,13250,13730,1400-9-13,2021-12-04
118,آپ,آسان پرداخت پرشين,1201,9736747,120078468050,12760,13350,12140,-620,-4.86,12330,-430,-3.37,12130,13350,1400-9-13,2021-12-04
119,تسه0006,امتيازتسهيلات مسكن شهريور1400,1198,78410,63879024644,823523,822000,823999,476,0.06,814680,-8843,-1.07,798522,828000,1400-9-13,2021-12-04
120,كگل,معدني و صنعتي گل گهر,1180,3007743,68897299430,23120,22510,22730,-390,-1.69,23000,-120,-0.52,22510,23170,1400-9-13,2021-12-04
121,كوير,توليدي فولاد سپيد فراب كوير,1174,6319432,37429192720,6030,6030,6050,20,0.33,5960,-70,-1.16,5750,6090,1400-9-13,2021-12-04
122,خزاميا,زامياد,1174,12149184,86704765500,7430,7410,7060,-370,-4.98,7140,-290,-3.9,7060,7530,1400-9-13,2021-12-04
123,غفارس,شير پاستوريزه پگاه فارس,1162,8283090,50363361904,5931,6227,5840,-91,-1.53,6080,149,2.51,5787,6227,1400-9-13,2021-12-04
124,شلعاب,لعابيران‌,1155,10024056,62601395250,6270,6400,6260,-10,-0.16,6250,-20,-0.32,5980,6450,1400-9-13,2021-12-04
125,خكمك,كمك‌فنرايندامين‌,1133,3566047,87216887470,25350,25370,24100,-1250,-4.93,24460,-890,-3.51,24090,26400,1400-9-13,2021-12-04
126,خمهرح,ح . مهركام‌پارس‌,1126,19008570,16184872369,891,890,844,-47,-5.27,851,-40,-4.49,830,917,1400-9-13,2021-12-04
127,ومعادن,توسعه‌معادن‌وفلزات‌,1123,7896059,73218324750,9370,9300,9340,-30,-0.32,9310,-60,-0.64,9180,9400,1400-9-13,2021-12-04
128,فاراك,ماشين‌ سازي‌ اراك‌,1123,23363868,32554656574,1431,1450,1400,-31,-2.17,1393,-38,-2.66,1370,1460,1400-9-13,2021-12-04
129,ونوين,بانك‌اقتصادنوين‌,1116,19635223,60805457308,3240,3100,3097,-143,-4.41,3097,-143,-4.41,3078,3238,1400-9-13,2021-12-04
130,كچاد,معدني‌وصنعتي‌چادرملو,1060,2763751,74011006090,26910,26360,26860,-50,-0.19,26830,-80,-0.3,26360,27120,1400-9-13,2021-12-04
131,فرآور,فرآوري‌موادمعدني‌ايران‌,1059,2181040,69055237840,32140,32420,31750,-390,-1.21,31660,-480,-1.49,30540,33100,1400-9-13,2021-12-04
132,اپال,فرآوري معدني اپال كاني پارس,1048,1369904,29726505050,21800,21800,21630,-170,-0.78,21780,-20,-0.09,21600,21810,1400-9-13,2021-12-04
133,كبافق,معادن‌ بافق‌,1046,2544072,74501595180,27980,28000,29370,1390,4.97,29280,1300,4.65,28000,29370,1400-9-13,2021-12-04
134,بجهرم,توسعه مولد نيروگاهي جهرم,1043,11793364,22650699795,1965,2027,1914,-51,-2.6,1921,-44,-2.24,1876,2027,1400-9-13,2021-12-04
135,فخوز,فولاد  خوزستان,1043,6956259,44085683430,6350,6220,6350,0,0,6350,0,0,6220,6490,1400-9-13,2021-12-04
136,شسپا,نفت سپاهان,1042,16204139,54154530264,3326,3359,3380,54,1.62,3338,12,0.36,3305,3420,1400-9-13,2021-12-04
137,تسه0007,امتيازتسهيلات مسكن مهر1400,1030,50929,41567349395,823490,820400,825000,1510,0.18,816182,-7308,-0.89,800015,829000,1400-9-13,2021-12-04
138,هرمز,فولاد هرمزگان جنوب,1029,3029731,48790276272,16243,16000,16211,-32,-0.2,16186,-57,-0.35,15610,17000,1400-9-13,2021-12-04
139,سكه0012پ01,تمام سكه طرح جديد0012رفاه,1010,278000,365005799000,1267458,1317000,1316970,49512,3.91,1312970,45512,3.59,1306597,1319994,1400-9-13,2021-12-04
140,لپارس,پارس‌ الكتريك‌,997,656327,62254764720,98640,93710,93710,-4930,-5,94850,-3790,-3.84,93710,99830,1400-9-13,2021-12-04
141,پتاير,ايران‌ تاير,985,20267885,38884767099,1998,1961,1914,-84,-4.2,1919,-79,-3.95,1899,2000,1400-9-13,2021-12-04
142,شيران,س. صنايع‌شيميايي‌ايران,983,2938715,59144774710,20450,20050,20100,-350,-1.71,20200,-250,-1.22,19830,20990,1400-9-13,2021-12-04
143,ثاخت,بين‌المللي‌توسعه‌ساختمان,955,14226631,24984145654,1769,1721,1750,-19,-1.07,1756,-13,-0.73,1721,1849,1400-9-13,2021-12-04
144,بپاس,بيمه پاسارگاد,950,8153478,346341433519,42443,42999,42479,36,0.08,42478,35,0.08,42000,42999,1400-9-13,2021-12-04
145,شفارس,صنايع‌ شيميايي‌ فارس‌,938,25177387,27037134564,1120,1115,1072,-48,-4.29,1074,-46,-4.11,1064,1138,1400-9-13,2021-12-04
146,ثفارس,عمران‌وتوسعه‌فارس‌,934,8344825,56939452600,7080,7030,6730,-350,-4.94,6820,-260,-3.67,6730,7330,1400-9-13,2021-12-04
147,كرازي,كارخانجات‌توليدي‌شيشه‌رازي‌,914,31684845,36054518151,1158,1162,1141,-17,-1.47,1138,-20,-1.73,1121,1192,1400-9-13,2021-12-04
148,وسديد,گروه ‌صنعتي‌سديد,904,20993672,25110769236,1232,1196,1196,-36,-2.92,1196,-36,-2.92,1196,1200,1400-9-13,2021-12-04
149,وبانك,سرمايه گذاري گروه توسعه ملي,903,8211389,65484733690,8110,8110,7990,-120,-1.48,8010,-100,-1.23,7860,8120,1400-9-13,2021-12-04
150,فسپا,گروه‌صنعتي‌سپاهان‌,892,4046097,63690293850,15540,15540,16310,770,4.95,15740,200,1.29,15250,16310,1400-9-13,2021-12-04
151,كترام,توليدي‌ كاشي‌ تكسرام‌,879,2596813,53308262600,19720,20010,20330,610,3.09,20530,810,4.11,19820,20700,1400-9-13,2021-12-04
152,آسيا,بيمه آسيا,873,39902533,68001219282,1782,1750,1720,-62,-3.48,1704,-78,-4.38,1693,1800,1400-9-13,2021-12-04
153,سنيرح,ح . سيمان‌ سفيدني‌ريز,873,1394934,33398406600,26100,26300,23540,-2560,-9.81,23940,-2160,-8.28,23490,26300,1400-9-13,2021-12-04
154,بنو,بيمه تجارت نو,870,11300218,73073907554,6797,6550,6519,-278,-4.09,6467,-330,-4.86,6458,6600,1400-9-13,2021-12-04
155,فاسمين,كالسيمين‌,867,3986649,60722432370,15530,15800,15400,-130,-0.84,15230,-300,-1.93,14800,15800,1400-9-13,2021-12-04
156,خرينگ,رينگ‌سازي‌مشهد,864,1405134,36427730770,26860,26810,25550,-1310,-4.88,25920,-940,-3.5,25520,27990,1400-9-13,2021-12-04
157,وسكرمان,س.سهام عدالت استان كرمان,863,58948440,24876256431,432,422,428,-4,-0.93,424,-8,-1.85,417,436,1400-9-13,2021-12-04
158,ضجار1023,اختيارخ وتجارت-2500-1400/10/15,849,39537,687549000,23,25,18,-5,-21.74,17,-6,-26.09,15,25,1400-9-13,2021-12-04
159,چدن,توليدي چدن سازان,839,12877318,32006578189,2586,2601,2462,-124,-4.8,2486,-100,-3.87,2457,2620,1400-9-13,2021-12-04
160,شكلر,نيروكلر,838,5581373,217110758820,40350,41000,38340,-2010,-4.98,38900,-1450,-3.59,38340,41200,1400-9-13,2021-12-04
161,ودي,بيمه  دي,837,12375387,48436199047,4111,4050,3906,-205,-4.99,3914,-197,-4.79,3906,4063,1400-9-13,2021-12-04
162,وسكرد,شركت س استان كردستان,828,50574073,21206071287,426,423,421,-5,-1.17,419,-7,-1.64,412,428,1400-9-13,2021-12-04
163,خزر,فنرسازي‌زر,826,4439315,47066250200,11090,11170,10550,-540,-4.87,10600,-490,-4.42,10540,11170,1400-9-13,2021-12-04
164,سبزوا,سيمان لار سبزوار,819,11002747,22816392513,2111,2119,2090,-21,-0.99,2074,-37,-1.75,2023,2175,1400-9-13,2021-12-04
165,سيمرغ,سيمرغ,818,2408002,53812961090,22420,22300,22530,110,0.49,22350,-70,-0.31,22010,22990,1400-9-13,2021-12-04
166,ملت,بيمه ملت,815,32177097,37973697847,1197,1181,1190,-7,-0.58,1180,-17,-1.42,1162,1201,1400-9-13,2021-12-04
167,ضجار1022,اختيارخ وتجارت-2000-1400/10/15,815,33974,3996683000,131,123,115,-16,-12.21,118,-13,-9.92,110,136,1400-9-13,2021-12-04
168,گكوثر,هتل پارسيان كوثر اصفهان,814,20123891,38205612575,1957,1979,1896,-61,-3.12,1899,-58,-2.96,1860,1979,1400-9-13,2021-12-04
169,قاسم,قاسم ايران,805,10142101,34015335729,3231,3265,3360,129,3.99,3354,123,3.81,3265,3392,1400-9-13,2021-12-04
170,وسكرشا,س.سهام عدالت استان كرمانشاه,802,43515579,18424537038,432,426,424,-8,-1.85,423,-9,-2.08,411,437,1400-9-13,2021-12-04
171,تاپكيش,تجارت الكترونيك پارسيان كيش,798,3965808,62916329324,15988,16000,15790,-198,-1.24,15865,-123,-0.77,15202,16480,1400-9-13,2021-12-04
172,كلر,كلر پارس,791,326779,34196362453,105430,105521,104000,-1430,-1.36,104647,-783,-0.74,103010,109159,1400-9-13,2021-12-04
173,ولپارس,ليزينگ پارسيان,785,5013914,16916607330,3489,3500,3315,-174,-4.99,3374,-115,-3.3,3315,3560,1400-9-13,2021-12-04
174,كهربا,صندوق س.پشتوانه سكه طلا كهربا,781,23984945,263147750888,10902,11039,11060,158,1.45,10971,69,0.63,10940,11295,1400-9-13,2021-12-04
175,فزرين,زرين معدن آسيا,779,4447020,49258428607,11584,11948,11118,-466,-4.02,11077,-507,-4.38,11005,11948,1400-9-13,2021-12-04
176,ثبات,صندوق س. ثبات ويستا -د,778,50033181,525550799740,10487,10505,10505,18,0.17,10504,17,0.16,10503,10505,1400-9-13,2021-12-04
177,شنفت,نفت‌ پارس‌,774,5667171,55704418040,9900,9710,9710,-190,-1.92,9840,-60,-0.61,9610,10360,1400-9-13,2021-12-04
178,جم پيلن,پلي پروپيلن جم - جم پيلن,768,481585,61989099870,128900,130190,127520,-1380,-1.07,128790,-110,-0.09,126200,131600,1400-9-13,2021-12-04
179,قرن,پديده شيمي قرن,759,1232968,27908698600,23610,23200,23200,-410,-1.74,22640,-970,-4.11,22440,23210,1400-9-13,2021-12-04
180,قثابت,قند ثابت‌ خراسان‌,759,16461436,28792281580,1825,1799,1734,-91,-4.99,1749,-76,-4.16,1734,1810,1400-9-13,2021-12-04
181,عيار,صندوق سكه طلاي مفيد,756,1825983,60942659459,32194,33100,33375,1181,3.67,33375,1181,3.67,33100,34500,1400-9-13,2021-12-04
182,پارس,پتروشيمي پارس,751,272296,51234403670,187890,190000,188060,170,0.09,188030,140,0.07,186100,192500,1400-9-13,2021-12-04
183,بكامح,ح.كارخانجات توليدي شهيد قندي,747,14663298,9697647668,722,680,652,-70,-9.7,661,-61,-8.45,650,729,1400-9-13,2021-12-04
184,ياقوت,صندوق س ياقوت آگاه-ثابت,737,6739322,92416605911,13711,13715,13716,5,0.04,13713,2,0.01,13707,13734,1400-9-13,2021-12-04
185,غسالم,سالمين‌,735,7856055,21611003957,2775,2702,2756,-19,-0.68,2751,-24,-0.86,2702,2848,1400-9-13,2021-12-04
186,غمينو,شركت صنايع غذايي مينو شرق,733,6425816,29647787516,4632,4730,4700,68,1.47,4614,-18,-0.39,4401,4750,1400-9-13,2021-12-04
187,تاصيكو,سرمايه گذاري صدرتامين,731,5996524,52784755930,8950,8750,8950,0,0,8880,-70,-0.78,8610,8970,1400-9-13,2021-12-04
188,فنوال,نورد آلومينيوم‌,729,3236870,57001717850,18330,18660,17430,-900,-4.91,17610,-720,-3.93,17420,18660,1400-9-13,2021-12-04
189,شاوان,پالايش نفت لاوان,726,492009,62015764597,124504,127010,128900,4396,3.53,126046,1542,1.24,123401,129790,1400-9-13,2021-12-04
190,كفپارس,فرآورده‌هاي‌ نسوز پارس‌,726,10743459,30760270412,2995,3058,2846,-149,-4.97,2863,-132,-4.41,2846,3058,1400-9-13,2021-12-04
191,زر,صندوق س.پشتوانه سكه طلاي زر,723,2117507,121218947341,55353,57002,57300,1947,3.52,57246,1893,3.42,56990,57510,1400-9-13,2021-12-04
192,سفارس,سيمان فارس و خوزستان,722,3099420,45780350270,14580,14360,15100,520,3.57,14770,190,1.3,14290,15190,1400-9-13,2021-12-04
193,فجر,فولاد اميركبيركاشان,717,1459334,33543209300,22990,23420,23120,130,0.57,22990,0,0,22600,23500,1400-9-13,2021-12-04
194,رانفور,خدمات‌انفورماتيك‌,713,8641351,30528427514,3666,3666,3570,-96,-2.62,3586,-80,-2.18,3483,3742,1400-9-13,2021-12-04
195,سكارون,سيمان كارون,711,730737,35923093615,49830,48336,48341,-1489,-2.99,49160,-670,-1.34,48336,51000,1400-9-13,2021-12-04
196,خمهر,مهركام‌پارس‌,707,19966625,38006584146,1972,1975,1874,-98,-4.97,1904,-68,-3.45,1874,2020,1400-9-13,2021-12-04
197,زكوثر,سرمايه گذاري كشاورزي كوثر,696,2830430,41063152500,14870,14500,14680,-190,-1.28,14510,-360,-2.42,14210,15260,1400-9-13,2021-12-04
198,فباهنر,مس‌ شهيدباهنر,688,1564132,37842402950,24960,24900,24400,-560,-2.24,24190,-770,-3.08,23720,25380,1400-9-13,2021-12-04
199,آساميد,صندوق س.مشترك آسمان اميد -د,687,27791333,376626350295,13536,13553,13551,15,0.11,13552,16,0.12,13551,13555,1400-9-13,2021-12-04
200,اطلس,صندوق س.توسعه اندوخته آينده-س,687,254009,61069639144,240281,241150,241500,1219,0.51,240423,142,0.06,238556,243896,1400-9-13,2021-12-04
201,گدنا,تهيه توزيع غذاي دنا آفرين فدك,686,881625,12251266271,14485,14040,13761,-724,-5,13984,-501,-3.46,13761,14190,1400-9-13,2021-12-04
202,زنگان,صنعت روي زنگان,685,397254,28387503800,72251,73800,70800,-1451,-2.01,71459,-792,-1.1,70001,73800,1400-9-13,2021-12-04
203,تپكو,توليدتجهيزات‌سنگين‌هپكو,680,20850641,69766244786,3522,3346,3346,-176,-5,3346,-176,-5,3346,3346,1400-9-13,2021-12-04
204,حريل,ريل پردازسير,676,9125103,23668300737,2709,2720,2574,-135,-4.98,2594,-115,-4.25,2574,2780,1400-9-13,2021-12-04
205,شبهرن,نفت‌ بهران‌,676,3871492,43040550310,11060,10980,11250,190,1.72,11110,50,0.45,10980,11440,1400-9-13,2021-12-04
206,ومهان,گروه توسعه مالي مهر آيندگان,670,8129821,35274402333,4433,4340,4310,-123,-2.77,4369,-64,-1.44,4271,4430,1400-9-13,2021-12-04
207,ارزش,صندوق س ارزش آفرين بيدار-سهام,662,3922235,36572155350,9450,9410,9380,-70,-0.74,9320,-130,-1.38,9210,9550,1400-9-13,2021-12-04
208,ثمسكن,سرمايه‌گذاري‌ مسكن‌,658,8351515,27814302100,3383,3348,3425,42,1.24,3330,-53,-1.57,3214,3460,1400-9-13,2021-12-04
209,هماي,صندوق س هماي آگاه-ثابت,645,6638118,66880963430,10062,10065,10078,16,0.16,10075,13,0.13,10065,10078,1400-9-13,2021-12-04
210,كساوه,صنايع‌ كاشي‌ و سراميك‌ سينا,645,1583515,61874005810,38450,38980,40190,1740,4.53,39070,620,1.61,37100,40370,1400-9-13,2021-12-04
211,تليسه,دامداري تليسه نمونه,635,6917342,14655336921,2211,2170,2101,-110,-4.98,2119,-92,-4.16,2101,2222,1400-9-13,2021-12-04
212,تسه0005,امتيازتسهيلات مسكن مرداد 1400,633,29905,24389242357,830500,810000,822195,-8305,-1,815557,-14943,-1.8,800000,830000,1400-9-13,2021-12-04
213,غالبر,لبنيات‌ كالبر,630,2817783,36025345190,12810,12390,12670,-140,-1.09,12780,-30,-0.23,12360,13290,1400-9-13,2021-12-04
214,كاذر,فرآورده‌هاي‌نسوزآذر,616,4929057,67965360700,13140,13790,13790,650,4.95,13790,650,4.95,13530,13790,1400-9-13,2021-12-04
215,بموتو,موتوژن‌,611,663974,51155651340,76060,79760,79840,3780,4.97,77040,980,1.29,74100,79860,1400-9-13,2021-12-04
216,بكام,كارخانجات توليدي شهيد قندي,604,8046754,13149848211,1692,1658,1644,-48,-2.84,1640,-52,-3.07,1610,1690,1400-9-13,2021-12-04
217,غشصفا,شيرپاستوريزه‌پگاه‌اصفهان‌,603,1352738,41828564090,30320,31000,30900,580,1.91,30920,600,1.98,30300,31600,1400-9-13,2021-12-04
218,پارسان,گسترش نفت و گاز پارسيان,599,2073250,63886253110,30740,29890,31000,260,0.85,30780,40,0.13,29890,31980,1400-9-13,2021-12-04
219,غشهداب,كشت و صنعت شهداب ناب خراسان,598,7531412,19220965359,2647,2647,2533,-114,-4.31,2552,-95,-3.59,2515,2674,1400-9-13,2021-12-04
220,حتايد,تايدواترخاورميانه,594,5114015,24688412121,4920,5050,4674,-246,-5,4828,-92,-1.87,4674,5050,1400-9-13,2021-12-04
221,شدوصح,ح . دوده‌ صنعتي‌ پارس‌,581,2694833,19902460170,7910,7170,7390,-520,-6.57,7390,-520,-6.57,7170,7800,1400-9-13,2021-12-04
222,ريشمك,توليد و صادرات ريشمك,578,924214,30588589367,32177,33000,33350,1173,3.65,33097,920,2.86,32730,33600,1400-9-13,2021-12-04
223,خموتورح,ح . موتورسازان‌تراكتورسازي‌,578,5496137,22303508065,4291,4490,3985,-306,-7.13,4058,-233,-5.43,3862,4490,1400-9-13,2021-12-04
224,كپشير,پشم‌شيشه‌ايران‌,575,1864101,22206452080,12020,12510,11800,-220,-1.83,11910,-110,-0.92,11500,12510,1400-9-13,2021-12-04
225,دلر,داروسازي‌ اكسير,571,1613813,66588882820,43110,43000,42250,-860,-1.99,41260,-1850,-4.29,40960,43500,1400-9-13,2021-12-04
226,شرنگي,شيميايي رنگين,563,258634,43422023189,163215,168111,168111,4896,3,167890,4675,2.86,163500,168111,1400-9-13,2021-12-04
227,وثنو,سرمايه گذاري ساختماني نوين,563,5269691,23709489745,4529,4311,4420,-109,-2.41,4499,-30,-0.66,4304,4755,1400-9-13,2021-12-04
228,دتوزيع,توزيع دارو پخش,562,580886,15940861544,27840,28330,27800,-40,-0.14,27442,-398,-1.43,26807,28500,1400-9-13,2021-12-04
229,پلاست,كارخانجات توليدي پلاستيران,558,2520542,21396631064,8762,8400,8324,-438,-5,8489,-273,-3.12,8324,9100,1400-9-13,2021-12-04
230,البرز,بيمه البرز,557,10568983,20290483952,1981,2050,1902,-79,-3.99,1925,-56,-2.83,1894,2050,1400-9-13,2021-12-04
231,وساپا,سرمايه‌گذاري‌ سايپا,548,6335999,27816805043,4590,4500,4361,-229,-4.99,4390,-200,-4.36,4361,4670,1400-9-13,2021-12-04
232,تسه0003,امتيازتسهيلات مسكن خرداد1400,544,23018,18751958131,824451,830000,842000,17549,2.13,814665,-9786,-1.19,801000,842000,1400-9-13,2021-12-04
233,قنيشا,قند  نيشابور,543,430961,17311575490,40680,40900,40680,0,0,40170,-510,-1.25,38700,42000,1400-9-13,2021-12-04
234,حآسا,آسيا سير ارس,540,2501295,35821584731,14934,15210,14188,-746,-5,14321,-613,-4.1,14188,15210,1400-9-13,2021-12-04
235,فروس,فروسيليس‌ ايران‌,538,5184520,32022130310,6300,6550,6210,-90,-1.43,6180,-120,-1.9,6020,6550,1400-9-13,2021-12-04
236,فلوله,لوله‌وماشين‌سازي‌ايران‌,536,17693885,17138130763,1005,971,964,-41,-4.08,969,-36,-3.58,955,1005,1400-9-13,2021-12-04
237,كگهر,سنگ آهن گهرزمين,536,594420,26722744875,46041,43740,44310,-1731,-3.76,45794,-247,-0.54,43740,45889,1400-9-13,2021-12-04
238,وتوصا,گروه س توسعه صنعتي ايران,535,2204111,21094308690,9930,9750,9580,-350,-3.52,9570,-360,-3.63,9440,10260,1400-9-13,2021-12-04
239,ورنا,سرمايه‌گذاري‌ رنا(هلدينگ‌,529,11927058,36263951014,3191,3191,3032,-159,-4.98,3040,-151,-4.73,3032,3260,1400-9-13,2021-12-04
240,وسينا,بانك سينا,529,24528823,58505884803,2506,2390,2381,-125,-4.99,2385,-121,-4.83,2381,2485,1400-9-13,2021-12-04
241,كباده,توليد خاك نسوزاستقلال آباده,527,4550737,108428410412,23166,23860,23860,694,3,23827,661,2.85,22580,23860,1400-9-13,2021-12-04
242,اتكاي,بيمه اتكايي ايرانيان,526,7720468,83251518340,10815,10302,10445,-370,-3.42,10783,-32,-0.3,10301,11120,1400-9-13,2021-12-04
243,حشكوه,دليجان طلايي شكوه پارس,523,12039523,42724666645,3724,3538,3538,-186,-4.99,3549,-175,-4.7,3538,3636,1400-9-13,2021-12-04
244,فافزا,فولاد افزا سپاهان,517,786440,28277901888,35569,33791,36982,1413,3.97,35957,388,1.09,33791,37347,1400-9-13,2021-12-04
245,فردا,صندوق س آواي فرداي زاگرس-ثابت,513,24315631,290159700870,11914,11933,11933,19,0.16,11933,19,0.16,11933,11934,1400-9-13,2021-12-04
246,وشهر,بانك شهر,510,5871880,26504649660,4603,4603,4481,-122,-2.65,4519,-84,-1.82,4465,4670,1400-9-13,2021-12-04
247,سخاش,سيمان‌خاش‌,507,115759,9760897360,85750,87700,86390,640,0.75,84800,-950,-1.11,82000,88350,1400-9-13,2021-12-04
248,زشريف,كشت وصنعت شريف آباد,506,7763095,27071531949,3613,3650,3450,-163,-4.51,3487,-126,-3.49,3433,3700,1400-9-13,2021-12-04
249,ارفع,شركت آهن و فولاد ارفع,505,1482758,21506382307,14760,14460,14470,-290,-1.96,14681,-79,-0.54,14240,14789,1400-9-13,2021-12-04
250,فكمند,گسترش قطعه سازي كمند,505,815101,30878870589,36848,37019,37953,1105,3,37883,1035,2.81,37019,37953,1400-9-13,2021-12-04
251,سپر,صندوق س سپر سرمايه بيدار- ثابت,503,15986908,212336780223,13265,13282,13282,17,0.13,13282,17,0.13,13266,13285,1400-9-13,2021-12-04
252,شدوص,دوده‌ صنعتي‌ پارس‌,500,2866695,36886640290,12950,12950,12580,-370,-2.86,12870,-80,-0.62,12440,13580,1400-9-13,2021-12-04
253,سپاها,سيمان‌سپاهان‌,500,4914516,32132539150,6800,6600,6750,-50,-0.74,6540,-260,-3.82,6460,6890,1400-9-13,2021-12-04
254,خكار,ايركا پارت صنعت,498,7121559,28942976143,4246,4130,4034,-212,-4.99,4064,-182,-4.29,4034,4287,1400-9-13,2021-12-04
255,ساوه,سيمان ساوه,497,181912,7770299057,43491,43000,43000,-491,-1.13,43081,-410,-0.94,42503,43300,1400-9-13,2021-12-04
256,تسه0004,امتيازتسهيلات مسكن تير1400,495,15808,12864120615,824478,810000,791000,-33478,-4.06,813773,-10705,-1.3,790022,850000,1400-9-13,2021-12-04
257,پاكشو,گروه صنعتي پاكشو,494,20383288,122919931570,6020,6020,6010,-10,-0.17,6030,10,0.17,6010,6050,1400-9-13,2021-12-04
258,كوثر,بيمه كوثر,490,5164958,20249986614,4095,4170,3999,-96,-2.34,3962,-133,-3.25,3891,4188,1400-9-13,2021-12-04
259,وپست,پست بانك ايران,489,3799446,72769994630,20110,19600,19110,-1000,-4.97,19150,-960,-4.77,19110,19980,1400-9-13,2021-12-04
260,ستران,سيمان‌ تهران‌,489,813195,15947698660,19540,19870,19710,170,0.87,19610,70,0.36,19260,20190,1400-9-13,2021-12-04
261,دبالك,مواد اوليه دارويي البرز بالك,489,2748920,19773932489,7539,7300,7163,-376,-4.99,7193,-346,-4.59,7163,7500,1400-9-13,2021-12-04
262,وسكاب,س.ص.بازنشستگي كاركنان بانكها,483,7359932,21553095875,3000,3001,2939,-61,-2.03,2928,-72,-2.4,2902,3016,1400-9-13,2021-12-04
263,پخش,پخش البرز,478,1542400,37057213959,25261,24211,23998,-1263,-5,24026,-1235,-4.89,23998,25289,1400-9-13,2021-12-04
264,زقيام,كشت و دام قيام اصفهان,477,15308722,19132172539,1289,1279,1237,-52,-4.03,1250,-39,-3.03,1225,1300,1400-9-13,2021-12-04
265,كسرا,سراميك‌هاي‌صنعتي‌اردكان‌,473,1785214,26286110520,15000,15690,14540,-460,-3.07,14720,-280,-1.87,14400,15690,1400-9-13,2021-12-04
266,گوهر,صندوق سكه طلاي كيان,471,558149,36207488265,63412,64500,64850,1438,2.27,64871,1459,2.3,64500,65890,1400-9-13,2021-12-04
267,چكارن,كارتن‌ ايران‌,470,6433083,16168484108,2537,2492,2460,-77,-3.04,2513,-24,-0.95,2444,2590,1400-9-13,2021-12-04
268,وپاسار,بانك  پاسارگاد,469,8675057,111506225540,13050,12980,12700,-350,-2.68,12860,-190,-1.46,12700,13000,1400-9-13,2021-12-04
269,وساغربي,شركت س استان آذربايجان غربي,469,30586877,12843849605,426,421,422,-4,-0.94,423,-3,-0.7,412,425,1400-9-13,2021-12-04
270,سشرق,سيمان‌ شرق‌,462,2863315,17483701860,6080,6170,6170,90,1.48,6110,30,0.49,6000,6350,1400-9-13,2021-12-04
271,كيميا,معدني كيمياي زنجان گستران,462,1696715,19825703583,11811,11813,11660,-151,-1.28,11685,-126,-1.07,11260,12190,1400-9-13,2021-12-04
272,غديس,پاكديس,460,1606845,15997926647,10257,10449,10100,-157,-1.53,9956,-301,-2.93,9750,10449,1400-9-13,2021-12-04
273,بشهاب,لامپ‌  پارس‌ شهاب‌,460,271846,37891548920,144000,147890,136800,-7200,-5,139390,-4610,-3.2,136800,147890,1400-9-13,2021-12-04
274,ونيكي,سرمايه‌گذاري‌ ملي‌ايران‌,456,1671882,15818547860,9770,9780,9500,-270,-2.76,9700,-70,-0.72,9390,9780,1400-9-13,2021-12-04
275,ونيرو,سرمايه‌گذاري‌نيرو,455,5749045,11588400911,2080,2080,1995,-85,-4.09,2029,-51,-2.45,1983,2149,1400-9-13,2021-12-04
276,غگلستا,شير پاستوريزه پگاه گلستان,448,1843246,20011721204,11165,11590,10607,-558,-5,10857,-308,-2.76,10607,11590,1400-9-13,2021-12-04
277,وسپه,سرمايه‌گذاري‌ سپه‌,447,2670138,20084586640,7530,7400,7640,110,1.46,7530,0,0,7380,7700,1400-9-13,2021-12-04
278,توريل,توكاريل,445,2460570,20964662261,8921,8899,8475,-446,-5,8520,-401,-4.5,8475,8899,1400-9-13,2021-12-04
279,وملل,اعتباري ملل,443,2701419,22765777619,8820,8424,8400,-420,-4.76,8555,-265,-3,8379,8700,1400-9-13,2021-12-04
280,همراه,شركت ارتباطات سيار ايران,441,2481128,20212127200,8390,8390,8170,-220,-2.62,8350,-40,-0.48,8090,8390,1400-9-13,2021-12-04
281,شخارك,پتروشيمي‌ خارك‌,439,474674,24278151450,51230,50550,51240,10,0.02,51210,-20,-0.04,50200,51820,1400-9-13,2021-12-04
282,سصفها,سيمان‌اصفهان‌,436,407128,11356226140,28720,28990,27980,-740,-2.58,28080,-640,-2.23,27600,28990,1400-9-13,2021-12-04
283,ثتران,سرمايه گذاري مسكن تهران,434,5535876,18838340185,3547,3402,3370,-177,-4.99,3403,-144,-4.06,3370,3538,1400-9-13,2021-12-04
284,حفارس,حمل و نقل بين المللي خليج فارس,434,6856740,23423647169,3559,3540,3382,-177,-4.97,3416,-143,-4.02,3382,3670,1400-9-13,2021-12-04
285,كفرآور,فرآورده هاي سيمان شرق,432,1265531,25868155738,20165,20290,19971,-194,-0.96,20441,276,1.37,19580,20769,1400-9-13,2021-12-04
286,فجام,جام‌دارو,431,3702110,14007470496,3941,3821,3800,-141,-3.58,3788,-153,-3.88,3744,4044,1400-9-13,2021-12-04
287,پرديس,سرمايه گذاري پرديس,430,4444934,14512043545,3366,3274,3265,-101,-3,3265,-101,-3,3198,3418,1400-9-13,2021-12-04
288,غگرجي,بيسكويت‌  گرجي‌,429,4792589,10037167954,2106,2100,2087,-19,-0.9,2098,-8,-0.38,2050,2190,1400-9-13,2021-12-04
289,دتوليد,داروسازي توليد دارو,426,1695533,14437261621,8909,8849,8464,-445,-4.99,8515,-394,-4.42,8464,8910,1400-9-13,2021-12-04
290,كامياب,صندوق س. كامياب آشنا-د,425,7022355,77216631364,10977,10996,10996,19,0.17,10996,19,0.17,10995,10997,1400-9-13,2021-12-04
291,دانا,بيمه دانا,424,3608536,16271910666,4533,4578,4457,-76,-1.68,4509,-24,-0.53,4420,4628,1400-9-13,2021-12-04
292,شجم,صنايع پتروشيمي تخت جمشيد,423,3137526,40250201167,12898,13170,12950,52,0.4,12829,-69,-0.53,12600,13170,1400-9-13,2021-12-04
293,تپمپي,پمپ‌ سازي‌ ايران‌,418,1381501,23782062520,17400,16700,17290,-110,-0.63,17210,-190,-1.09,16690,17600,1400-9-13,2021-12-04
294,فپنتا,سپنتا,418,42225,18313829480,439200,421000,439140,-60,-0.01,433720,-5480,-1.25,421000,447990,1400-9-13,2021-12-04
295,كرماشا,صنايع پتروشيمي كرمانشاه,417,1295653,67567931520,52190,52020,52640,450,0.86,52150,-40,-0.08,51360,53970,1400-9-13,2021-12-04
296,ولقمان,سرمايه گذاري لقمان,417,2057253,6323305610,3156,3158,3083,-73,-2.31,3103,-53,-1.68,3062,3158,1400-9-13,2021-12-04
297,واحيا,م .صنايع و معادن احياء سپاهان,415,363041,46788154078,130454,126550,129900,-554,-0.42,129024,-1430,-1.1,126550,130273,1400-9-13,2021-12-04
298,رمپنا,گروه مپنا (سهامي عام),415,3105280,46445130360,15180,14820,15000,-180,-1.19,15090,-90,-0.59,14700,15210,1400-9-13,2021-12-04
299,والبر,سرمايه‌ گذاري‌ البرز(هلدينگ‌,411,1661691,12888664130,8100,7930,7720,-380,-4.69,7930,-170,-2.1,7700,7990,1400-9-13,2021-12-04
300,افق,فروشگاههاي زنجيره اي افق كوروش,411,511489,21971678130,43350,43000,43000,-350,-0.81,43180,-170,-0.39,42700,43370,1400-9-13,2021-12-04
301,پرديسح,ح .  سرمايه گذاري پرديس,411,5710273,7455980388,1345,1355,1310,-35,-2.6,1306,-39,-2.9,1277,1378,1400-9-13,2021-12-04
302,وساخت,سرمايه‌ گذاري‌ ساختمان‌ايران‌,406,946172,36086601420,39990,38360,38010,-1980,-4.95,38140,-1850,-4.63,38000,39960,1400-9-13,2021-12-04
303,مدير,ص.س.مديريت ثروت ص.بازنشستگي-س,406,1386827,12970406917,9405,9398,9500,95,1.01,9353,-52,-0.55,9213,9528,1400-9-13,2021-12-04
304,كروي,توسعه‌ معادن‌ روي‌ ايران‌,404,1189694,26557224170,22650,23250,22600,-50,-0.22,22320,-330,-1.46,21720,23250,1400-9-13,2021-12-04
305,پكويرح,ح. كوير تاير,404,2015801,7082491693,3614,3719,3480,-134,-3.71,3513,-101,-2.79,3410,3719,1400-9-13,2021-12-04
306,خفنر,فنرسازي‌خاور,400,1586010,11336626040,7450,7110,7080,-370,-4.97,7210,-240,-3.22,7080,7500,1400-9-13,2021-12-04
307,كهمدا,شيشه‌ همدان‌,399,2541744,22799543700,9040,9010,9110,70,0.77,8970,-70,-0.77,8860,9190,1400-9-13,2021-12-04
308,وآذر,سرمايه‌گذاري‌توسعه‌آذربايجان‌,395,376885,14343067210,38980,39000,37700,-1280,-3.28,38080,-900,-2.31,37360,39800,1400-9-13,2021-12-04
309,بكهنوج,توليد برق ماهتاب كهنوج,394,9147392,10223779754,1148,1128,1108,-40,-3.48,1127,-21,-1.83,1095,1163,1400-9-13,2021-12-04
310,ولملتح,ح . واسپاري ملت,390,1840044,3863057541,2291,2370,2079,-212,-9.25,2099,-192,-8.38,2062,2370,1400-9-13,2021-12-04
311,غچين,كشت‌ و صنعت‌ چين‌ چين,390,2603642,33203594240,13360,12730,12700,-660,-4.94,12750,-610,-4.57,12700,13750,1400-9-13,2021-12-04
312,دارو,كارخانجات‌داروپخش‌,390,512718,15688993560,30840,30950,29950,-890,-2.89,30630,-210,-0.68,29950,31820,1400-9-13,2021-12-04
313,دحاوي,الحاوي,387,3654905,17563739511,4673,4798,4813,140,3,4806,133,2.85,4700,4813,1400-9-13,2021-12-04
314,مرقام,ايران‌ارقام‌,386,1206724,12041018510,10240,10050,10090,-150,-1.46,10020,-220,-2.15,9760,10710,1400-9-13,2021-12-04
315,مفاخر,توسعه فناوري اطلاعات خوارزمي,386,514538,13543652864,27393,26213,26024,-1369,-5,26387,-1006,-3.67,26024,27695,1400-9-13,2021-12-04
316,لخزر,پارس‌ خزر,385,154499,19670656580,133810,133600,128400,-5410,-4.04,127320,-6490,-4.85,127120,133800,1400-9-13,2021-12-04
317,آريان,سرمايه گذاري پارس آريان,382,5791573,87938763536,15589,15601,15122,-467,-3,15223,-366,-2.35,15122,16050,1400-9-13,2021-12-04
318,فافق,صنايع مس افق كرمان,372,2726549,9287091754,3435,3500,3440,5,0.15,3408,-27,-0.79,3332,3535,1400-9-13,2021-12-04
319,شيراز,پتروشيمي‌شيراز,372,772925,60853730800,79080,77050,80100,1020,1.29,78870,-210,-0.27,77010,80950,1400-9-13,2021-12-04
320,فاهواز,نورد و لوله اهواز,371,4287791,26207529824,6100,6003,6032,-68,-1.11,6112,12,0.2,5997,6213,1400-9-13,2021-12-04
321,خاهن,آهنگري‌ تراكتورسازي‌ ايران‌,371,7095032,36618159490,5170,5200,5180,10,0.19,5160,-10,-0.19,5130,5250,1400-9-13,2021-12-04
322,خراسان,پتروشيمي خراسان,370,201703,22786724830,113580,110700,114090,510,0.45,113410,-170,-0.15,110700,114440,1400-9-13,2021-12-04
323,تسه9908,امتياز تسهيلات مسكن آبان99,367,15499,12611937513,824719,820000,815000,-9719,-1.18,813726,-10993,-1.33,800126,829200,1400-9-13,2021-12-04
324,ساربيل,سيمان آرتا اردبيل,366,1143771,26371043190,24250,24080,23390,-860,-3.55,23060,-1190,-4.91,23040,24080,1400-9-13,2021-12-04
325,تكمبا,كمباين‌ سازي‌ ايران‌,366,2945086,11336998696,4001,3920,3801,-200,-5,3882,-119,-2.97,3801,4031,1400-9-13,2021-12-04
326,رنيك,جنرال مكانيك,365,1470503,15774046164,11071,10518,10551,-520,-4.7,10727,-344,-3.11,10518,11224,1400-9-13,2021-12-04
327,دكپسول,توليد ژلاتين كپسول ايران,365,634539,17486123231,28229,29150,28230,1,0,27557,-672,-2.38,26950,29240,1400-9-13,2021-12-04
328,سغرب,سيمان‌غرب‌,364,885148,14086605310,16110,16270,15900,-210,-1.3,15920,-190,-1.18,15450,16360,1400-9-13,2021-12-04
329,دزهراوي,داروسازي‌زهراوي‌,364,2180866,10377912710,4890,4760,4701,-189,-3.87,4797,-93,-1.9,4646,4970,1400-9-13,2021-12-04
330,وپخش,داروپخش‌ (هلدينگ‌,361,470438,16163904530,35570,35710,34600,-970,-2.73,35170,-400,-1.12,33800,36730,1400-9-13,2021-12-04
331,ساروم,سيمان‌اروميه‌,359,832342,33211143060,38930,38900,40300,1370,3.52,39900,970,2.49,38900,40390,1400-9-13,2021-12-04
332,پكوير,كوير تاير,358,2167438,12446003160,5850,5670,5650,-200,-3.42,5760,-90,-1.54,5560,5950,1400-9-13,2021-12-04
333,اتكام,بيمه اتكايي امين,358,3242091,15344490167,4778,4920,4825,47,0.98,4733,-45,-0.94,4572,4920,1400-9-13,2021-12-04
334,تسه0002,امتيازتسهيلاتمسكن ارديبهشت1400,356,5637,4634480871,826544,810000,866999,40455,4.89,822154,-4390,-0.53,805000,866999,1400-9-13,2021-12-04
335,ميهن,بيمه ميهن,350,9671678,20909668917,2260,2300,2150,-110,-4.87,2162,-98,-4.34,2147,2300,1400-9-13,2021-12-04
336,خكاوه,سايپا ديزل,350,7477453,25771186139,3548,3539,3442,-106,-2.99,3447,-101,-2.85,3442,3589,1400-9-13,2021-12-04
337,لابسا,آبسال‌,350,917715,31704047170,35990,35290,34200,-1790,-4.97,34550,-1440,-4,34200,36310,1400-9-13,2021-12-04
338,پسهند,صنايع‌ لاستيكي‌  سهند,348,1366375,37905752150,29150,28090,28440,-710,-2.44,27740,-1410,-4.84,27700,28620,1400-9-13,2021-12-04
339,تبرك,گروه كارخانجات صنعتي تبرك,346,1646104,13262338391,8211,8350,8080,-131,-1.6,8072,-139,-1.69,7801,8350,1400-9-13,2021-12-04
340,جم,پتروشيمي جم,344,1087688,52722140400,48230,47420,48700,470,0.97,48360,130,0.27,47420,48800,1400-9-13,2021-12-04
341,كسعدي,كاشي‌ سعدي‌,344,1333929,9965404050,7830,7900,7490,-340,-4.34,7580,-250,-3.19,7440,7900,1400-9-13,2021-12-04
342,خشرق,الكتريك‌ خودرو شرق‌,339,1572479,19755216910,13120,13000,12470,-650,-4.95,12560,-560,-4.27,12470,13540,1400-9-13,2021-12-04
343,فردا2,صندوق س آواي فرداي زاگرس-ثابت,338,33800000,33800000,11914,1,1,-11913,-99.99,1,-11913,-99.99,1,1,1400-9-13,2021-12-04
344,آكورد,صندوق س. آرمان آتي كوثر-د,336,4718825,167739449941,35493,35550,35547,54,0.15,35547,54,0.15,35546,35553,1400-9-13,2021-12-04
345,ضجار1020,اختيارخ وتجارت-1600-1400/10/15,336,15301,5522533000,375,380,360,-15,-4,361,-14,-3.73,352,387,1400-9-13,2021-12-04
346,كفرا,فراورده‌ هاي‌ نسوزايران‌,333,799859,13111975860,17110,16610,16360,-750,-4.38,16460,-650,-3.8,16260,17140,1400-9-13,2021-12-04
347,بهپاك,صنعتي بهپاك,333,5204677,26864134093,5182,5185,5350,168,3.24,5162,-20,-0.39,5004,5370,1400-9-13,2021-12-04
348,آوا,صندوق س.سهام آواي معيار-س,332,1128463,8757669015,7826,7898,7900,74,0.95,7761,-65,-0.83,7600,7925,1400-9-13,2021-12-04
349,كپرور,فرآوري زغال سنگ پروده طبس,332,473781,15236163674,32410,31200,32030,-380,-1.17,32159,-251,-0.77,30811,33000,1400-9-13,2021-12-04
350,سدور,سيمان‌ دورود,329,2725031,15374112280,5890,5660,5640,-250,-4.24,5640,-250,-4.24,5600,5900,1400-9-13,2021-12-04
351,وبيمه,سرمايه‌ گذاري‌ صنعت‌ بيمه‌,329,4263856,5912823322,1428,1479,1386,-42,-2.94,1411,-17,-1.19,1360,1479,1400-9-13,2021-12-04
352,وآوا,سرمايه گذاري آوا نوين,325,3578442,9341803481,2739,2647,2603,-136,-4.97,2655,-84,-3.07,2603,2730,1400-9-13,2021-12-04
353,فوكا,فولاد كاويان,325,1168616,17962876945,15631,15930,15163,-468,-2.99,15504,-127,-0.81,15163,15930,1400-9-13,2021-12-04
354,شكام,صنايع شيميايي كيمياگران امروز,324,1502320,45467176110,31695,30202,30500,-1195,-3.77,30265,-1430,-4.51,30111,31369,1400-9-13,2021-12-04
355,سبهان,سيمان‌ بهبهان‌,324,187955,9031055690,48790,47800,48000,-790,-1.62,48340,-450,-0.92,47010,49600,1400-9-13,2021-12-04
356,فلامي,لاميران‌,320,1634233,31981847010,20480,19470,19460,-1020,-4.98,19570,-910,-4.44,19460,20680,1400-9-13,2021-12-04
357,سفار,سيمان‌فارس‌,320,246946,14793483400,59260,61500,59230,-30,-0.05,59890,630,1.06,57090,61500,1400-9-13,2021-12-04
358,تكشا,گسترش‌صنايع‌وخدمات‌كشاورزي‌,320,455322,15850868950,35080,35090,34010,-1070,-3.05,34810,-270,-0.77,33360,35870,1400-9-13,2021-12-04
359,پدرخش,درخشان‌ تهران‌,319,1044040,20576730280,20480,20250,19460,-1020,-4.98,19710,-770,-3.76,19460,20980,1400-9-13,2021-12-04
360,داسوه,داروسازي‌ اسوه‌,319,661029,16274233240,25380,25120,24190,-1190,-4.69,24620,-760,-2.99,24150,26600,1400-9-13,2021-12-04
361,سصوفي,سيمان‌ صوفيان‌,318,1121858,15154973930,13730,13480,13710,-20,-0.15,13510,-220,-1.6,13060,14210,1400-9-13,2021-12-04
362,شپاس,نفت پاسارگاد,317,1288493,19269904938,15672,15700,15480,-192,-1.23,14955,-717,-4.58,14889,15700,1400-9-13,2021-12-04
363,كقزوي,شيشه‌ قزوين‌,316,3339815,26478998683,8127,8001,7900,-227,-2.79,7928,-199,-2.45,7884,8117,1400-9-13,2021-12-04
364,ميدكو,توسعه معادن وص.معدني خاورميانه,315,3953116,181025238970,45810,45880,45750,-60,-0.13,45790,-20,-0.04,45750,45880,1400-9-13,2021-12-04
365,فولاژ,فولاد آلياژي ايران,314,2391960,38428394590,16070,16350,16110,40,0.25,16070,0,0,15850,16350,1400-9-13,2021-12-04
366,تسه9810,امتياز تسهيلات مسكن دي98,314,16575,13435916091,818976,802335,814052,-4924,-0.6,810613,-8363,-1.02,791020,824992,1400-9-13,2021-12-04
367,وصنا,گروه‌صنايع‌بهشهرايران‌,313,1372776,7442216600,5620,5430,5450,-170,-3.02,5520,-100,-1.78,5360,5690,1400-9-13,2021-12-04
368,بالاس,مهندسي ساختمان تاسيسات راه آهن,313,506563,14444008751,29835,28803,28344,-1491,-5,28514,-1321,-4.43,28344,30250,1400-9-13,2021-12-04
369,داوه,داروسازي آوه سينا,313,2157606,21328675578,10385,10670,9866,-519,-5,9885,-500,-4.81,9866,10670,1400-9-13,2021-12-04
370,حتوكا,حمل‌ونقل‌توكا,312,1124462,13985357250,12780,13140,12150,-630,-4.93,12450,-330,-2.58,12150,13140,1400-9-13,2021-12-04
371,غشوكوح,ح . شوكو پارس,308,1854522,8738528830,4665,4532,4804,139,2.98,4712,47,1.01,4526,4804,1400-9-13,2021-12-04
372,دعبيد,لابراتوارداروسازي‌  دكترعبيدي‌,308,751149,14191625890,18900,19030,19190,290,1.53,18900,0,0,18120,19440,1400-9-13,2021-12-04
373,پاسا,ايران‌ياساتايرورابر,308,1066241,14187189600,13640,13260,13690,50,0.37,13320,-320,-2.35,13000,13820,1400-9-13,2021-12-04
374,پلاسك,پلاسكوكار,307,1916627,8015860681,4334,4321,4200,-134,-3.09,4250,-84,-1.94,4118,4467,1400-9-13,2021-12-04
375,ثالوند,سرمايه گذاري مسكن الوند,307,1645274,12526105886,7945,7650,7548,-397,-5,7656,-289,-3.64,7548,8010,1400-9-13,2021-12-04
376,شپلي,پلي اكريل ايران,306,2783974,18272867331,6717,6670,6516,-201,-2.99,6564,-153,-2.28,6516,6689,1400-9-13,2021-12-04
377,شتوكاح,ح . توكا رنگ فولاد سپاهان,305,1247366,14712216827,12409,11789,11789,-620,-5,11795,-614,-4.95,11789,12289,1400-9-13,2021-12-04
378,چكاوه,صنايع‌كاغذسازي‌كاوه‌,305,2087181,16523577010,8260,8000,7850,-410,-4.96,7920,-340,-4.12,7850,8240,1400-9-13,2021-12-04
379,فنورد,نوردوقطعات‌ فولادي‌,305,97638,16986940900,173950,177900,175000,1050,0.6,173980,30,0.02,172700,177900,1400-9-13,2021-12-04
380,تصميم,صندوق س با درآمد ثابت تصميم,304,1777752,32210573003,18114,18133,18119,5,0.03,18119,5,0.03,18093,18133,1400-9-13,2021-12-04
381,ونفت,سرمايه‌گذاري‌ صنعت‌ نفت‌,304,1105492,15601319350,14290,14020,14200,-90,-0.63,14110,-180,-1.26,13900,14690,1400-9-13,2021-12-04
382,وبوعلي,سرمايه‌گذاري‌بوعلي‌,303,2232558,8324163187,3797,3722,3732,-65,-1.71,3758,-39,-1.03,3660,3896,1400-9-13,2021-12-04
383,وتوكا,سرمايه‌گذاري‌توكافولاد(هلدينگ,302,2312141,18664242380,8210,8200,8010,-200,-2.44,8070,-140,-1.71,7900,8400,1400-9-13,2021-12-04
384,وگستر,گسترش سرمايه گذاري ايرانيان,302,2063360,11500081016,5813,6000,5523,-290,-4.99,5621,-192,-3.3,5523,6000,1400-9-13,2021-12-04
385,نطرين,عطرين نخ قم,301,1637225,11752387704,7537,7200,7161,-376,-4.99,7242,-295,-3.91,7161,7390,1400-9-13,2021-12-04
386,فايرا,آلومينيوم‌ايران‌,301,1489756,22653436630,15960,15250,15170,-790,-4.95,15670,-290,-1.82,15170,15840,1400-9-13,2021-12-04
387,دپارس,پارس‌ دارو,301,397568,11513177800,30340,29200,28920,-1420,-4.68,29230,-1110,-3.66,28830,30300,1400-9-13,2021-12-04
388,خاذين,سايپاآذين‌,298,6268744,18396491035,3054,3000,2902,-152,-4.98,2935,-119,-3.9,2902,3080,1400-9-13,2021-12-04
389,تيپيكو,سرمايه گذاري دارويي تامين,297,2492270,51221131260,21590,20800,20520,-1070,-4.96,21000,-590,-2.73,20520,21080,1400-9-13,2021-12-04
390,فمراد,آلومراد,297,839046,12322263700,15340,15340,14580,-760,-4.95,14780,-560,-3.65,14580,15340,1400-9-13,2021-12-04
391,تسه0001,امتيازتسهيلات مسكن فروردين1400,296,7126,5897613483,829534,801000,871010,41476,5,827619,-1915,-0.23,801000,871010,1400-9-13,2021-12-04
392,كلوند,كاشي‌ الوند,296,496208,10268082920,20980,21500,20800,-180,-0.86,20780,-200,-0.95,20430,21500,1400-9-13,2021-12-04
393,شكربن,كربن‌ ايران‌,296,144186,13291247030,96540,95600,91880,-4660,-4.83,92500,-4040,-4.18,91720,95600,1400-9-13,2021-12-04
394,حآفرين,ريل پرداز نو آفرين,295,2407131,13625535125,5625,5551,5650,25,0.44,5654,29,0.52,5550,5886,1400-9-13,2021-12-04
395,زيتون,صندوق س زيتون نماد پايا- مختلط,293,591137,5596615426,9538,9565,9558,20,0.21,9468,-70,-0.73,9402,9694,1400-9-13,2021-12-04
396,اوان,مبين وان كيش,289,731339,14569785735,20894,20270,19850,-1044,-5,19922,-972,-4.65,19850,20780,1400-9-13,2021-12-04
397,خلنت,لنت‌ ترمزايران‌,288,220030,14624954150,68720,70980,65290,-3430,-4.99,66470,-2250,-3.27,65290,70980,1400-9-13,2021-12-04
398,ثعمرا,عمران و توسعه شاهد,287,2118265,13873000039,6815,6600,6521,-294,-4.31,6559,-256,-3.76,6475,7000,1400-9-13,2021-12-04
399,زبينا,كشاورزي و دامپروري بينالود,287,4650181,9419840609,2045,2031,1971,-74,-3.62,2033,-12,-0.59,1970,2120,1400-9-13,2021-12-04
400,ولصنم,ليزينگ‌صنعت‌ومعدن‌,286,2062179,7645706748,3891,3701,3697,-194,-4.99,3793,-98,-2.52,3697,3897,1400-9-13,2021-12-04
401,وايران,ليزينگ ايرانيان,285,4422592,14361778584,3405,3236,3235,-170,-4.99,3247,-158,-4.64,3235,3331,1400-9-13,2021-12-04
402,كنور,توسعه معدني و صنعتي صبانور,282,630363,11252257100,18350,18500,17870,-480,-2.62,18290,-60,-0.33,17540,18500,1400-9-13,2021-12-04
403,وسگيلا,شركت س استان گيلان,282,22916875,9659421241,434,423,422,-12,-2.76,429,-5,-1.15,417,427,1400-9-13,2021-12-04
404,ثاباد,توريستي ورفاهي آبادگران ايران,280,578045,27573857620,47910,49470,46910,-1000,-2.09,47700,-210,-0.44,45520,49470,1400-9-13,2021-12-04
405,شرانل,نفت ايرانول,278,431307,19502814713,45719,45670,45719,0,0,45449,-270,-0.59,44810,46690,1400-9-13,2021-12-04
406,وسبحان,سرمايه گذاري سبحان,277,6026431,17866005423,2979,2990,3000,21,0.7,2965,-14,-0.47,2934,3005,1400-9-13,2021-12-04
407,غشان,شيرپاستوريزه‌پگاه‌خراسان‌,275,1033045,4567413209,4519,4471,4495,-24,-0.53,4489,-30,-0.66,4300,4599,1400-9-13,2021-12-04
408,تسه9912,امتياز تسهيلات مسكن اسفند99,275,7145,5877932601,823786,830000,814001,-9785,-1.19,822664,-1122,-0.14,800122,830000,1400-9-13,2021-12-04
409,لازما,كارخانه هاي صنعتي آزمايش,275,672662,20038684948,30049,30880,29148,-901,-3,29790,-259,-0.86,29148,30900,1400-9-13,2021-12-04
410,كمنگنز,معادن‌منگنزايران‌,273,176877,10819972180,62460,63000,60900,-1560,-2.5,61510,-950,-1.52,60040,63000,1400-9-13,2021-12-04
411,زدشت,كشت و صنعت دشت خرم دره,273,702570,8855763388,13103,12600,12448,-655,-5,12797,-306,-2.34,12448,13290,1400-9-13,2021-12-04
412,ساراب,سيمان‌ داراب‌,272,2299539,31206837790,14000,14490,13910,-90,-0.64,13570,-430,-3.07,13310,14490,1400-9-13,2021-12-04
413,پكرمان,گروه‌ صنعتي‌ بارز,270,565356,11316811290,20630,20300,20000,-630,-3.05,20290,-340,-1.65,19830,20790,1400-9-13,2021-12-04
414,خاهنح,ح . آهنگري تراكتورسازي‌ ايران‌,270,2113883,7797379202,3653,3700,3656,3,0.08,3689,36,0.99,3610,3730,1400-9-13,2021-12-04
415,سرچشمه,سرمايه گذاري مس سرچشمه,267,1355059,7044456588,5301,5350,5260,-41,-0.77,5252,-49,-0.92,5040,5351,1400-9-13,2021-12-04
416,بزاگرس,نيروگاه زاگرس كوثر,265,1440686,4908488777,3489,3580,3420,-69,-1.98,3462,-27,-0.77,3350,3580,1400-9-13,2021-12-04
417,ولغدر,ليزينگ‌خودروغدير,265,1978873,18046995380,9560,9500,9090,-470,-4.92,9120,-440,-4.6,9090,9500,1400-9-13,2021-12-04
418,كاردان,صندوق س تجارت شاخصي كاردان,265,128240,23221607850,182950,182130,184190,1240,0.68,181080,-1870,-1.02,178900,185500,1400-9-13,2021-12-04
419,ما,بيمه  ما,264,1104954,6465284410,5870,5800,5910,40,0.68,5860,-10,-0.17,5740,5910,1400-9-13,2021-12-04
420,كارين,صندوق س نگين سامان-ثابت,264,8050910,81098326694,10057,10073,10073,16,0.16,10073,16,0.16,10073,10074,1400-9-13,2021-12-04
421,تسه9911,امتياز تسهيلات مسكن بهمن99,263,7533,6174301081,823664,811355,805400,-18264,-2.22,819634,-4030,-0.49,790022,825000,1400-9-13,2021-12-04
422,شپارس,بين‌ المللي‌ محصولات‌  پارس‌,262,1180490,8137162750,7100,7000,6900,-200,-2.82,6980,-120,-1.69,6750,7400,1400-9-13,2021-12-04
423,خديزل,بهمن  ديزل,261,366094,19243808168,55226,53300,52468,-2758,-4.99,52791,-2435,-4.41,52465,55400,1400-9-13,2021-12-04
424,زكشت,كشاورزي مكانيزه اصفهان كشت,258,1747728,38004033253,22865,21722,21722,-1143,-5,21745,-1120,-4.9,21722,22300,1400-9-13,2021-12-04
425,زفكا,كشت و دامداري فكا,257,1814038,12338810515,6870,6660,6870,0,0,6813,-57,-0.83,6660,7000,1400-9-13,2021-12-04
426,شپترو,پتروشيمي آبادان,257,3766308,11978058307,3275,3177,3177,-98,-2.99,3180,-95,-2.9,3177,3264,1400-9-13,2021-12-04
427,تسه9910,امتياز تسهيلات مسكن دي99,257,11871,9673122947,823478,811111,800000,-23478,-2.85,814853,-8625,-1.05,800000,850000,1400-9-13,2021-12-04
428,نوين,بيمه نوين,253,1761714,6170864967,3621,3650,3510,-111,-3.07,3571,-50,-1.38,3440,3690,1400-9-13,2021-12-04
429,سيستم,همكاران سيستم,253,1505894,7491318290,5098,4950,4950,-148,-2.9,5050,-48,-0.94,4930,5140,1400-9-13,2021-12-04
430,افرا,افرانت,253,486679,7212261859,15527,16240,14751,-776,-5,15170,-357,-2.3,14751,16240,1400-9-13,2021-12-04
431,دتماد,توليدمواداوليه‌داروپخش‌,253,253579,10911142210,42680,43000,42980,300,0.7,42930,250,0.59,42800,43600,1400-9-13,2021-12-04
432,وتوس,توسعه‌شهري‌توس‌گستر,252,1480602,13847943540,9740,9690,9260,-480,-4.93,9370,-370,-3.8,9260,9730,1400-9-13,2021-12-04
433,خكرمان,گروه اقتصادي كرمان خودرو,251,6830664,18997889013,2867,2781,2781,-86,-3,2781,-86,-3,2781,2800,1400-9-13,2021-12-04
434,دجابر,داروسازي‌ جابرابن‌حيان‌,246,692719,8950304910,13230,13150,12780,-450,-3.4,13040,-190,-1.44,12610,13700,1400-9-13,2021-12-04
435,قلرست,قند لرستان‌,244,442675,7413265420,17390,16840,16800,-590,-3.39,17060,-330,-1.9,16530,17490,1400-9-13,2021-12-04
436,تسه9909,امتياز تسهيلات مسكن آذر99,243,11717,9535393680,828176,802000,810000,-18176,-2.19,813808,-14368,-1.73,800000,825000,1400-9-13,2021-12-04
437,درهآور,دارويي ره آورد تامين,241,428257,9631633842,22836,22031,23000,164,0.72,22611,-225,-0.99,22031,23299,1400-9-13,2021-12-04
438,تنوين,تامين سرمايه نوين,241,3340240,17203559700,5150,5200,5150,0,0,5150,0,0,5000,5200,1400-9-13,2021-12-04
439,اميد,تامين سرمايه اميد,239,2506485,18883359870,7490,7570,7490,0,0,7520,30,0.4,7490,7570,1400-9-13,2021-12-04
440,زماهان,مجتمع توليد گوشت مرغ ماهان,239,1526540,9822994666,6728,6441,6392,-336,-4.99,6527,-201,-2.99,6392,6809,1400-9-13,2021-12-04
441,درازك,دارويي‌ رازك‌,237,360612,13217530540,36140,36000,36100,-40,-0.11,36590,450,1.25,34400,37890,1400-9-13,2021-12-04
442,خچرخش,چرخشگر,237,1164082,9555215660,8490,8470,8160,-330,-3.89,8300,-190,-2.24,8080,8490,1400-9-13,2021-12-04
443,ومعلم,بيمه معلم,236,2788779,5837196782,2194,2205,2089,-105,-4.79,2153,-41,-1.87,2085,2205,1400-9-13,2021-12-04
444,وتوسم,سرمايه‌گذاري‌توسعه‌ملي‌,235,2129025,16808695600,7870,7850,7900,30,0.38,7900,30,0.38,7760,7950,1400-9-13,2021-12-04
445,وپترو,سرمايه‌گذاري صنايع پتروشيمي‌,235,629853,6918515940,11280,11000,10960,-320,-2.84,11140,-140,-1.24,10800,11500,1400-9-13,2021-12-04
446,سكرما,سيمان‌ كرمان‌,234,706009,9308287160,13280,13280,13340,60,0.45,13220,-60,-0.45,12960,13620,1400-9-13,2021-12-04
447,كحافظ,كاشي‌ وسراميك‌ حافظ‌,231,1400437,4979062140,3661,3700,3540,-121,-3.31,3625,-36,-0.98,3502,3720,1400-9-13,2021-12-04
448,قصفها,قنداصفهان‌,230,133948,10492385760,81610,79940,77530,-4080,-5,79220,-2390,-2.93,77530,81960,1400-9-13,2021-12-04
449,گوهران,سرمايه گذاري توسعه گوهران اميد,229,1215802,6014771483,5014,4902,4916,-98,-1.95,4987,-27,-0.54,4802,5050,1400-9-13,2021-12-04
450,دامين,داروسازي‌ امين‌,228,1931720,4936497871,2679,2562,2546,-133,-4.96,2636,-43,-1.61,2546,2695,1400-9-13,2021-12-04
451,بكاب,صنايع‌جوشكاب‌يزد,227,138646,10296194610,78080,74300,74180,-3900,-4.99,75320,-2760,-3.53,74180,75000,1400-9-13,2021-12-04
452,وصندوق,سرمايه‌گذاري‌صندوق‌بازنشستگي‌,227,2798073,35211969360,12750,12900,12690,-60,-0.47,12700,-50,-0.39,12500,12900,1400-9-13,2021-12-04
453,سرود,سيمان‌شاهرود,227,487171,9105849650,19540,18910,18620,-920,-4.71,19000,-540,-2.76,18570,19400,1400-9-13,2021-12-04
454,شفارا,پتروشيمي فارابي,225,2675850,19455335233,7463,7680,7240,-223,-2.99,7271,-192,-2.57,7240,7680,1400-9-13,2021-12-04
455,شراز,پالايش نفت شيراز,224,127649,14530337957,113420,113500,116000,2580,2.27,113547,127,0.11,111000,116550,1400-9-13,2021-12-04
456,مبين,مبين انرژي خليج فارس,222,1033547,24582647870,24050,23340,23820,-230,-0.96,24000,-50,-0.21,23340,24040,1400-9-13,2021-12-04
457,امين يكم2,صندوق درآمد ثابت امين يكم فردا,220,220000000,220000000,10050,1,1,-10049,-99.99,1,-10049,-99.99,1,1,1400-9-13,2021-12-04
458,پرداخت,به پرداخت ملت,220,654528,8410750670,13220,12900,13250,30,0.23,13020,-200,-1.51,12600,13500,1400-9-13,2021-12-04
459,غشوكو,شوكو پارس,217,1506455,11648541583,7525,7720,7750,225,2.99,7732,207,2.75,7500,7750,1400-9-13,2021-12-04
460,اعتلاح,ح سرمايه گذاري اعتلاء البرز,217,4394490,7057931820,1680,1611,1597,-83,-4.94,1606,-74,-4.4,1596,1700,1400-9-13,2021-12-04
461,وكار,بانك‌ كارآفرين‌,216,7608283,22947034811,3034,3067,2930,-104,-3.43,3025,-9,-0.3,2911,3067,1400-9-13,2021-12-04
462,وساشرقي,شركت س استان آذربايجان شرقي,216,9340808,3981442177,448,426,429,-19,-4.24,446,-2,-0.45,426,441,1400-9-13,2021-12-04
463,كاريس,صندوق س.سپهر كاريزما-س,216,739805,9393571702,12850,12858,12795,-55,-0.43,12697,-153,-1.19,12600,12935,1400-9-13,2021-12-04
464,بالبر,كابل‌ البرز,213,460293,9307452440,21180,20600,20130,-1050,-4.96,20560,-620,-2.93,20130,20950,1400-9-13,2021-12-04
465,دكوثر,داروسازي‌ كوثر,213,2650468,7279469210,2879,2900,2736,-143,-4.97,2812,-67,-2.33,2736,2911,1400-9-13,2021-12-04
466,دلقما,دارويي‌ لقمان‌,212,833171,19417392850,24510,23450,23290,-1220,-4.98,23310,-1200,-4.9,23290,23450,1400-9-13,2021-12-04
467,رماس,صندوق س.راهبرد ممتازابن سينا-س,212,548235,5482350000,10000,10000,10000,0,0,10000,0,0,10000,10000,1400-9-13,2021-12-04
468,ولبهمن,شركت بهمن ليزينگ,211,780584,5383690158,7020,7100,6850,-170,-2.42,6975,-45,-0.64,6731,7144,1400-9-13,2021-12-04
469,صايند,صندوق س. گنجينه آينده روشن-د,209,3093530,30833871790,10009,9936,9955,-54,-0.54,9967,-42,-0.42,9900,10000,1400-9-13,2021-12-04
470,حسير,ريل سير كوثر,207,918694,28125290073,32225,30614,30614,-1611,-5,30614,-1611,-5,30614,31190,1400-9-13,2021-12-04
471,قنقش,قند نقش جهان,205,123096,14212042129,116540,114210,114210,-2330,-2,115455,-1085,-0.93,114210,118870,1400-9-13,2021-12-04
472,خپويش,سازه‌ پويش‌,204,85364,6111795750,72880,69500,70820,-2060,-2.83,72350,-530,-0.73,69500,76500,1400-9-13,2021-12-04
473,تايرا,تراكتورسازي‌ايران‌,202,285263,6239359450,22080,22420,21540,-540,-2.45,22030,-50,-0.23,21290,22940,1400-9-13,2021-12-04
474,سپيدما,صندوق س. سپيد دماوند-د,201,8371570,96016345079,11454,11469,11469,15,0.13,11469,15,0.13,11469,11474,1400-9-13,2021-12-04
475,كسرام,پارس‌ سرام‌,200,1905042,7723233885,4263,4050,4050,-213,-5,4150,-113,-2.65,4050,4190,1400-9-13,2021-12-04
476,زشگزا,شير و گوشت زاگرس شهركرد,200,1965249,9338867300,4984,4900,4745,-239,-4.8,4833,-151,-3.03,4735,4940,1400-9-13,2021-12-04
477,بفجر,فجر انرژي خليج فارس,198,830297,8966477190,11250,10690,10720,-530,-4.71,11200,-50,-0.44,10690,11020,1400-9-13,2021-12-04
478,كگاز,شيشه‌ و گاز,198,395297,5758655460,14940,15200,14490,-450,-3.01,14790,-150,-1,14320,15490,1400-9-13,2021-12-04
479,وفتخار,سرمايه گذاري افتخار سهام,197,1018308,2063169662,2082,2033,2020,-62,-2.98,2066,-16,-0.77,2020,2100,1400-9-13,2021-12-04
480,سباقر,سيمان باقران,197,1207806,15487245833,13211,12901,12815,-396,-3,12823,-388,-2.94,12815,13210,1400-9-13,2021-12-04
481,قهكمت,قندهكمتان‌,195,1166125,5105498493,4583,4360,4354,-229,-5,4510,-73,-1.59,4354,4600,1400-9-13,2021-12-04
482,تسه9906,امتياز تسهيلات مسكن شهريور99,194,10056,8163266507,822184,820000,815000,-7184,-0.87,811781,-10403,-1.27,795000,830000,1400-9-13,2021-12-04
483,دسبحان,سبحان دارو,193,389182,5570699700,14790,14110,14560,-230,-1.56,14610,-180,-1.22,14060,14560,1400-9-13,2021-12-04
484,نتوس,پشم‌ بافي‌ توس,193,981952,10948465337,11427,11700,11085,-342,-2.99,11150,-277,-2.42,11085,11760,1400-9-13,2021-12-04
485,ماني,صندوق س. با درآمد ثابت ماني,193,4835614,51128512263,10556,10572,10573,17,0.16,10573,17,0.16,10572,10575,1400-9-13,2021-12-04
486,وبشهر,توسعه‌ صنايع‌ بهشهر(هلدينگ,190,818882,5494232670,7000,6890,6790,-210,-3,6960,-40,-0.57,6650,7060,1400-9-13,2021-12-04
487,غشهد,شهد ايران ‌,189,852506,3356709163,4106,3940,4002,-104,-2.53,4067,-39,-0.95,3901,4082,1400-9-13,2021-12-04
488,آ س پ,آ.س.پ,188,1583221,9673289319,6430,6109,6109,-321,-4.99,6213,-217,-3.37,6109,6222,1400-9-13,2021-12-04
489,خوساز,محورسازان‌ايران‌خودرو,187,2206497,14637971440,6930,6800,6590,-340,-4.91,6630,-300,-4.33,6590,6900,1400-9-13,2021-12-04
490,غپآذر,شير پگاه آذربايجان شرقي,186,183482,5362050490,30276,30300,29389,-887,-2.93,29886,-390,-1.29,28860,30300,1400-9-13,2021-12-04
491,ويسا,سرمايه گذاري ايساتيس پويا,186,1845286,14714722226,8185,7967,7996,-189,-2.31,7974,-211,-2.58,7941,8365,1400-9-13,2021-12-04
492,شپاكسا,پاكسان‌,185,320370,5000942970,16010,15810,15820,-190,-1.19,15870,-140,-0.87,15300,16130,1400-9-13,2021-12-04
493,غدام,خوراك‌  دام‌ پارس‌,184,83064,9392877120,119030,113080,113080,-5950,-5,115110,-3920,-3.29,113080,113080,1400-9-13,2021-12-04
494,قچار,فراوردههاي غذايي وقند چهارمحال,184,1699159,15662361661,9437,8966,8966,-471,-4.99,9218,-219,-2.32,8966,9390,1400-9-13,2021-12-04
495,دفارا,داروسازي‌ فارابي‌,184,240880,3211000490,13600,13050,13480,-120,-0.88,13540,-60,-0.44,13010,13600,1400-9-13,2021-12-04
496,ثرود,سرمايه‌گذاري مسكن زاينده رود,177,1052560,6483354273,6442,6140,6120,-322,-5,6314,-128,-1.99,6120,6324,1400-9-13,2021-12-04
497,دفرا,فرآورده‌هاي‌ تزريقي‌ ايران‌,177,189004,5079784800,27740,27110,27230,-510,-1.84,27440,-300,-1.08,26400,28450,1400-9-13,2021-12-04
498,وحكمت,بيمه حكمت صبا,176,2756505,10859280951,4037,3917,3916,-121,-3,3940,-97,-2.4,3916,4157,1400-9-13,2021-12-04
499,فاما,صنعتي‌ آما,176,552796,10947694460,20470,19490,20200,-270,-1.32,19970,-500,-2.44,19490,20430,1400-9-13,2021-12-04
500,وبرق,س.کارکنان صنعت برق زنجان وقزوي,172,240434,33338818874,142949,138661,138661,-4288,-3,138661,-4288,-3,138661,138661,1400-9-13,2021-12-04
501,وهنر,گروه توسعه هنر ايران,169,2970057,8206828284,2848,2763,2763,-85,-2.98,2776,-72,-2.53,2763,2845,1400-9-13,2021-12-04
502,فخاس,فولاد خراسان,169,319797,7286544070,23740,22560,22590,-1150,-4.84,23670,-70,-0.29,22560,23390,1400-9-13,2021-12-04
503,واتي,سرمايه‌ گذاري‌ آتيه‌ دماوند,168,1998552,18388934730,9540,9550,9170,-370,-3.88,9200,-340,-3.56,9070,9550,1400-9-13,2021-12-04
504,وكادو,تكادو,168,750622,10844437824,14887,15199,14441,-446,-3,14447,-440,-2.96,14441,15199,1400-9-13,2021-12-04
505,لبوتان,گروه‌صنعتي‌بوتان‌,167,292998,13023437950,46770,44440,44440,-2330,-4.98,44650,-2120,-4.53,44440,45010,1400-9-13,2021-12-04
506,شوينده,مديريت صنعت شوينده ت.ص.بهشهر,167,266640,4991689490,19060,18670,18960,-100,-0.52,18950,-110,-0.58,18570,19780,1400-9-13,2021-12-04
507,سمازن,سيمان‌مازندران‌,165,832969,10765700230,13190,13000,13000,-190,-1.44,13000,-190,-1.44,12810,13200,1400-9-13,2021-12-04
508,دسبحا,گروه دارويي سبحان,164,486789,9103615530,18690,19000,18580,-110,-0.59,18690,0,0,18110,19420,1400-9-13,2021-12-04
509,وگردش,بانك گردشگري,164,1686020,20053365164,12248,11903,11881,-367,-3,12148,-100,-0.82,11881,12160,1400-9-13,2021-12-04
510,وخاور,بانك خاورميانه,163,1424644,7112568030,5150,5100,4930,-220,-4.27,5130,-20,-0.39,4930,5100,1400-9-13,2021-12-04
511,حپارسا,توسعه حمل و نقل ريلي پارسيان,162,274411,7789828566,29678,29381,28610,-1068,-3.6,28977,-701,-2.36,28195,29974,1400-9-13,2021-12-04
512,تسه9902,امتياز تسهيلات مسكن ارديبهشت99,156,1854,1517803027,820141,820141,810011,-10130,-1.24,818664,-1477,-0.18,800001,830000,1400-9-13,2021-12-04
513,سكه0012پ04,تمام سكه طرح جديد0012صادرات,156,31300,40985079700,1264936,1308010,1313800,48864,3.86,1309427,44491,3.52,1300000,1317000,1400-9-13,2021-12-04
514,لوتوس,تامين سرمايه لوتوس پارسيان,154,768123,4350279070,5670,5610,5650,-20,-0.35,5670,0,0,5610,5830,1400-9-13,2021-12-04
515,نيرو,نيرو سرمايه,152,304230,10056267749,33754,32810,32742,-1012,-3,33055,-699,-2.07,32742,34740,1400-9-13,2021-12-04
516,تيپيكوح,ح . سرمايه گذاري دارويي تامين,151,4373472,79438618500,19160,19000,18000,-1160,-6.05,18160,-1000,-5.22,18000,19000,1400-9-13,2021-12-04
517,چافست,افست‌,151,441536,3729339140,8750,8530,8370,-380,-4.34,8670,-80,-0.91,8320,8970,1400-9-13,2021-12-04
518,كساپا,سايپاشيشه‌,149,660647,12215301590,19360,18430,18400,-960,-4.96,18620,-740,-3.82,18400,19110,1400-9-13,2021-12-04
519,غشاذر,پگاه‌آذربايجان‌غربي‌,149,571970,3029839680,5460,5550,5240,-220,-4.03,5430,-30,-0.55,5200,5550,1400-9-13,2021-12-04
520,تماوند,تامين سرمايه دماوند,148,2525958,13476153727,5339,5219,5400,61,1.14,5335,-4,-0.07,5219,5400,1400-9-13,2021-12-04
521,جوين,كشت و صنعت جوين,147,1598828,4106503760,2644,2590,2565,-79,-2.99,2612,-32,-1.21,2565,2600,1400-9-13,2021-12-04
522,خريخت,صنايع‌ريخته‌گري‌ايران‌,147,1539070,4924794298,3356,3306,3189,-167,-4.98,3302,-54,-1.61,3189,3306,1400-9-13,2021-12-04
523,عيار2,صندوق سكه طلاي مفيد,145,1450000,1450000,32194,1,1,-32193,-100,1,-32193,-100,1,1,1400-9-13,2021-12-04
524,غناب,روغن‌ نباتي‌ ناب,144,115680,11938523040,100198,103203,103203,3005,3,103203,3005,3,103203,103203,1400-9-13,2021-12-04
525,مارون,پتروشيمي مارون,143,109123,19125291217,176589,171295,173247,-3342,-1.89,176334,-255,-0.14,171295,176000,1400-9-13,2021-12-04
526,نمرينو,ايران‌ مرينوس‌,142,75683,6027627120,81120,81000,78180,-2940,-3.62,80520,-600,-0.74,77580,81000,1400-9-13,2021-12-04
527,كخاك,صنايع‌خاك‌چيني‌ايران‌,142,420461,11204187760,27740,27020,26890,-850,-3.06,26970,-770,-2.78,26360,28200,1400-9-13,2021-12-04
528,ثنام,س ساختماني ب نام آوران مهندسي,142,1119064,13039333728,12265,11652,11652,-613,-5,11652,-613,-5,11652,11652,1400-9-13,2021-12-04
529,ختراك,ريخته‌گري‌ تراكتورسازي‌ ايران‌,141,795801,4460800950,5870,5700,5580,-290,-4.94,5790,-80,-1.36,5580,5730,1400-9-13,2021-12-04
530,سمايه,بانك سرمايه,141,1027615,7191326082,7100,7025,6887,-213,-3,7035,-65,-0.92,6887,7140,1400-9-13,2021-12-04
531,دشيمي,شيمي‌ داروئي‌ داروپخش‌,140,174705,4100578610,23930,23500,23400,-530,-2.21,23800,-130,-0.54,23230,24000,1400-9-13,2021-12-04
532,اخزا002,اسنادخزانه-م2بودجه00-031024,140,336648,165349379325,490532,490999,491013,481,0.1,491164,632,0.13,490501,492000,1400-9-13,2021-12-04
533,فيروزه,صندوق شاخص30 شركت فيروزه- سهام,140,26783,4393039730,164370,163010,165620,1250,0.76,164020,-350,-0.21,162590,166980,1400-9-13,2021-12-04
534,اعتلا,شركت سرمايه گذاري اعتلاء البرز,139,1064853,3729175307,3602,3599,3450,-152,-4.22,3576,-26,-0.72,3430,3600,1400-9-13,2021-12-04
535,سنير,سيمان‌ سفيد ني‌ريز,138,269361,8898309180,34760,33030,33030,-1730,-4.98,33680,-1080,-3.11,33030,33800,1400-9-13,2021-12-04
536,شصفها,پتروشيمي‌ اصفهان‌,138,81970,9409506876,113374,115455,114500,1126,0.99,114343,969,0.85,113200,115630,1400-9-13,2021-12-04
537,ثغرب,شركت سرمايه گذاري مسكن شمالغرب,138,1100247,4276610535,3999,4109,3950,-49,-1.23,3966,-33,-0.83,3800,4109,1400-9-13,2021-12-04
538,سقاين,سيمان‌ قائن‌,138,72988,3110848170,44330,45880,42720,-1610,-3.63,43960,-370,-0.83,42140,45880,1400-9-13,2021-12-04
539,شكبير,پتروشيمي اميركبير,137,353380,33314692882,97174,96890,94306,-2868,-2.95,96178,-996,-1.02,94259,96890,1400-9-13,2021-12-04
540,قشكر,شكرشاهرود,137,3196259,7624890667,2501,2399,2376,-125,-5,2439,-62,-2.48,2376,2477,1400-9-13,2021-12-04
541,تسه9907,امتياز تسهيلات مسكن مهر99,136,1765,1433936323,821495,800000,820000,-1495,-0.18,812428,-9067,-1.1,800000,821000,1400-9-13,2021-12-04
542,كاسپين,داروسازي كاسپين تامين,136,259441,5950579815,23589,22830,23180,-409,-1.73,23323,-266,-1.13,22500,23430,1400-9-13,2021-12-04
543,كشرق,صنعتي و معدني شمال شرق شاهرود,134,62864,4292522229,69160,68899,68880,-280,-0.4,68906,-254,-0.37,66220,69451,1400-9-13,2021-12-04
544,بمپنا,توليد برق عسلويه  مپنا,134,1589222,7500512544,4938,4949,4849,-89,-1.8,4826,-112,-2.27,4692,4949,1400-9-13,2021-12-04
545,زعف0110پ11,زعفران0110نگين سحرخيز(پ),134,69175,25401225033,379794,375000,366001,-13793,-3.63,367202,-12592,-3.32,360580,377001,1400-9-13,2021-12-04
546,پارسيان,بيمه پارسيان,133,1161718,10109632930,8890,9000,8450,-440,-4.95,8780,-110,-1.24,8450,9000,1400-9-13,2021-12-04
547,ثنوسا,نوسازي‌وساختمان‌تهران‌,133,2614367,12604985360,5070,4840,4820,-250,-4.93,4850,-220,-4.34,4820,4840,1400-9-13,2021-12-04
548,ساينا,صنايع بهداشتي ساينا,133,56915,4748649769,87769,83381,83381,-4388,-5,86325,-1444,-1.65,83381,85900,1400-9-13,2021-12-04
549,اوصتا,صندوق انديشه ورزان صباتامين -د,132,3187103,66028265113,20687,20718,20717,30,0.15,20717,30,0.15,20717,20719,1400-9-13,2021-12-04
550,ثباغ,شهر سازي و خانه سازي باغميشه,132,514113,4204713513,8373,8151,8169,-204,-2.44,8317,-56,-0.67,8150,8399,1400-9-13,2021-12-04
551,هجرت,پخش هجرت,132,318435,8789483389,27940,27750,27626,-314,-1.12,27740,-200,-0.72,27000,28205,1400-9-13,2021-12-04
552,زگلدشت,كشت و دام گلدشت نمونه اصفهان,130,928734,7969813709,8766,8521,8719,-47,-0.54,8666,-100,-1.14,8521,8840,1400-9-13,2021-12-04
553,ثامان,سامان‌ گستراصفهان‌,130,327133,2987066590,9600,9250,9190,-410,-4.27,9500,-100,-1.04,9120,9260,1400-9-13,2021-12-04
554,سخوز,سيمان خوزستان,129,221825,5113889730,23440,23100,23300,-140,-0.6,23310,-130,-0.55,22920,23300,1400-9-13,2021-12-04
555,قمرو,قند مرودشت‌,128,100811,2224697150,22830,22020,22090,-740,-3.24,22710,-120,-0.53,21750,22810,1400-9-13,2021-12-04
556,فلات,گروه صنايع معادن فلات ايرانيان,128,599314,6573631350,11297,10960,10959,-338,-2.99,11075,-222,-1.97,10959,11277,1400-9-13,2021-12-04
557,ددام,داروسازي زاگرس فارمد پارس,127,304986,2903803580,9860,9600,9500,-360,-3.65,9790,-70,-0.71,9390,9830,1400-9-13,2021-12-04
558,كيان2,صندوق س. با درآمد ثابت كيان,127,12700000,12700000,31852,1,1,-31851,-100,1,-31851,-100,1,1,1400-9-13,2021-12-04
559,كتوكا,توليدي و خدمات صنايع نسوز توكا,126,807644,8212931836,10704,10169,10169,-535,-5,10396,-308,-2.88,10169,10169,1400-9-13,2021-12-04
560,سخزر,سيمان‌ خزر,126,228083,3873038650,17820,17200,17260,-560,-3.14,17590,-230,-1.29,16930,17300,1400-9-13,2021-12-04
561,كطبس,ذغال‌سنگ‌ نگين‌ ط‌بس‌,125,146575,7053041830,49250,48390,47530,-1720,-3.49,48710,-540,-1.1,47440,50930,1400-9-13,2021-12-04
562,سفانو,سيمان فارس نو,123,222145,5385753970,24540,24560,23950,-590,-2.4,24430,-110,-0.45,23800,25500,1400-9-13,2021-12-04
563,سكه0111پ05,تمام سكه طرح جديد0111آينده,123,144700,189887566400,1265466,1308000,1313000,47534,3.76,1312284,46818,3.7,1290001,1319000,1400-9-13,2021-12-04
564,واميد,گروه مديريت سرمايه گذاري اميد,123,542196,7175271990,13220,13100,13270,50,0.38,13220,0,0,13100,13460,1400-9-13,2021-12-04
565,زمگسا,كشاورزي‌ ودامپروي‌ مگسال‌,122,332695,5651855890,17430,16940,17000,-430,-2.47,17260,-170,-0.98,16850,17410,1400-9-13,2021-12-04
566,بفجرح,ح . فجر انرژي خليج فارس,122,819510,6525041320,8360,8000,8080,-280,-3.35,7960,-400,-4.78,7600,8150,1400-9-13,2021-12-04
567,بنيرو,نيروترانس‌,121,1190361,2158763892,1875,1891,1830,-45,-2.4,1866,-9,-0.48,1792,1891,1400-9-13,2021-12-04
568,سجام,مجتمع سيمان غرب آسيا,120,2020659,4478795810,2271,2203,2210,-61,-2.69,2246,-25,-1.1,2203,2297,1400-9-13,2021-12-04
569,شگل,گلتاش‌,120,264311,1701663950,6720,6410,6490,-230,-3.42,6690,-30,-0.45,6400,6690,1400-9-13,2021-12-04
570,قشهد,شهد,119,536549,7544129500,14110,13970,14110,0,0,14080,-30,-0.21,13950,14220,1400-9-13,2021-12-04
571,آبين,كشت و صنعت آبشيرين,119,1769015,3004250986,1748,1770,1696,-52,-2.97,1733,-15,-0.86,1696,1770,1400-9-13,2021-12-04
572,تسه9905,امتياز تسهيلات مسكن مرداد99,119,2657,2219372410,827161,811050,849999,22838,2.76,835293,8132,0.98,806001,868518,1400-9-13,2021-12-04
573,داريوش,صندوق س. ثروت داريوش -س,118,1126755,10696175617,9543,9512,9510,-33,-0.35,9493,-50,-0.52,9402,9550,1400-9-13,2021-12-04
574,تكنو,تكنوتار,118,310133,2473934890,8340,8100,7930,-410,-4.92,8280,-60,-0.72,7930,8130,1400-9-13,2021-12-04
575,وبازار,صندوق س شاخصي بازارآشنا,118,893752,10303273400,11560,11560,11580,20,0.17,11530,-30,-0.26,11350,11640,1400-9-13,2021-12-04
576,تسه9904,امتياز تسهيلات مسكن تير99,118,1056,865462069,821998,790004,849690,27692,3.37,819566,-2432,-0.3,790004,849690,1400-9-13,2021-12-04
577,رتكو,كنترل‌خوردگي‌تكين‌كو,117,638456,4870529880,8020,7940,7620,-400,-4.99,7890,-130,-1.62,7620,7950,1400-9-13,2021-12-04
578,كي بي سي,شركت كي بي سي,117,218595,3633348461,17385,16517,16521,-864,-4.97,17192,-193,-1.11,16516,17380,1400-9-13,2021-12-04
579,ثپرديس,سرمايه گذاري مسكن پرديس,117,1022722,4253915221,4366,4148,4148,-218,-4.99,4305,-61,-1.4,4148,4250,1400-9-13,2021-12-04
580,سكه0011پ02,تمام سكه طرح جديد0011ملت,117,21900,28753682600,1267562,1308000,1315000,47438,3.74,1312953,45391,3.58,1308000,1318500,1400-9-13,2021-12-04
581,سپاس,صندوق س. پاداش سهامداري-ثابت,116,2462218,25012886957,10146,10158,10159,13,0.13,10159,13,0.13,10158,10162,1400-9-13,2021-12-04
582,پلوله,گازلوله‌,115,466775,12184378635,27356,26000,25989,-1367,-5,26103,-1253,-4.58,25989,27390,1400-9-13,2021-12-04
583,حسينا,توسعه خدمات دريايي وبندري سينا,114,161776,6563224061,41812,40650,40601,-1211,-2.9,41252,-560,-1.34,40101,41682,1400-9-13,2021-12-04
584,سكه0112پ03,تمام سكه طرح جديد0112سامان,113,18900,24813194400,1266900,1308000,1318297,51397,4.06,1312867,45967,3.63,1302103,1320000,1400-9-13,2021-12-04
585,تكنار,مجتمع معادن مس تكنار,112,205016,11524086295,57781,57000,56048,-1733,-3,56211,-1570,-2.72,56048,59480,1400-9-13,2021-12-04
586,شتوكا,توكا رنگ فولاد سپاهان,112,423419,5828785954,13111,13766,13766,655,5,13353,242,1.85,13766,13766,1400-9-13,2021-12-04
587,زرين,صندوق س. سهام زرين كوروش-س,111,300844,3777619694,12589,12581,12695,106,0.84,12557,-32,-0.25,12368,13000,1400-9-13,2021-12-04
588,مداران,داده‌پردازي‌ايران‌,111,222810,3000872250,14060,13900,13370,-690,-4.91,13940,-120,-0.85,13360,13900,1400-9-13,2021-12-04
589,بساما,بيمه سامان,110,414331,8266295602,20503,19644,20102,-401,-1.96,20225,-278,-1.36,19500,20118,1400-9-13,2021-12-04
590,غگلپا,شير پاستوريزه پگاه گلپايگان,109,203394,11640035226,60241,57229,57229,-3012,-5,57781,-2460,-4.08,57229,57229,1400-9-13,2021-12-04
591,تسه9809,امتياز تسهيلات مسكن آذر98,109,2869,2316637804,818730,815000,801000,-17730,-2.17,807472,-11258,-1.38,777795,815000,1400-9-13,2021-12-04
592,سمگا,گروه سرمايه گذاري ميراث فرهنگي,106,714084,8792516292,12961,12313,12313,-648,-5,12845,-116,-0.89,12313,12313,1400-9-13,2021-12-04
593,ولانا,شركت ليزينگ آريا دانا,105,500860,6093653690,12806,12166,12166,-640,-5,12166,-640,-5,12166,12300,1400-9-13,2021-12-04
594,دابور,داروسازي‌ ابوريحان‌,105,491812,11670320810,23920,24800,23730,-190,-0.79,23770,-150,-0.63,23400,24800,1400-9-13,2021-12-04
595,تسه9903,امتياز تسهيلات مسكن خرداد99,105,1247,1044545250,831908,801002,869999,38091,4.58,837647,5739,0.69,800000,869999,1400-9-13,2021-12-04
596,ارمغان,ص سرمايه گذاري ارمغان ايرانيان,105,1968995,19983399199,10138,10155,10144,6,0.06,10149,11,0.11,10144,10158,1400-9-13,2021-12-04
597,دسينا,داروسازي‌ سينا,104,474404,9568811580,20740,19790,20250,-490,-2.36,20370,-370,-1.78,19790,20990,1400-9-13,2021-12-04
598,زعف0008پ10,زعفران0008نگين طلاي سرخ(پ),102,25169,7094125256,282563,281676,281672,-891,-0.32,281860,-703,-0.25,281672,283000,1400-9-13,2021-12-04
599,ضستا1004,اختيارخ شستا-12000-1400/10/29,100,1035,900477000,871,870,860,-11,-1.26,870,-1,-0.11,826,999,1400-9-13,2021-12-04
600,دالبر,البرزدارو,100,405968,4709850120,11700,11360,11500,-200,-1.71,11670,-30,-0.26,11310,11960,1400-9-13,2021-12-04
601,ورازي,بيمه رازي,100,3482811,5844156858,1729,1678,1678,-51,-2.95,1706,-23,-1.33,1678,1678,1400-9-13,2021-12-04
602,سبجنو,سيمان‌ بجنورد,100,166868,5819103840,35500,35000,34900,-600,-1.69,35250,-250,-0.7,34120,35830,1400-9-13,2021-12-04
603,وارس,سرمايه گذاري ارس صبا,100,911347,10245837228,11589,11290,11242,-347,-2.99,11243,-346,-2.99,11242,11290,1400-9-13,2021-12-04
604,تسه9812,امتياز تسهيلات مسكن اسفند98,99,1058,874790453,828689,805010,825000,-3689,-0.45,826834,-1855,-0.22,805010,851890,1400-9-13,2021-12-04
605,خاتم,صندوق س خاتم ايساتيس پويا-ثابت,98,1430917,17760450835,12402,12411,12411,9,0.07,12412,10,0.08,12411,12413,1400-9-13,2021-12-04
606,ثشرق,سرمايه گذاري مسكن شمال شرق,96,646634,2490505165,4030,4000,3829,-201,-4.99,3999,-31,-0.77,3829,4000,1400-9-13,2021-12-04
607,تسه9811,امتياز تسهيلات مسكن بهمن98,96,1097,904720431,824015,815222,826000,1985,0.24,824722,707,0.09,800680,848900,1400-9-13,2021-12-04
608,وزمين,بانك ايران زمين,95,1467863,14583759188,10343,9930,9930,-413,-3.99,9969,-374,-3.62,9930,10299,1400-9-13,2021-12-04
609,سيدكو,سرمايه گذاري توسعه صنايع سيمان,95,674053,3831860940,5890,5800,5760,-130,-2.21,5840,-50,-0.85,5600,5800,1400-9-13,2021-12-04
610,اخزا006,اسنادخزانه-م6بودجه00-030723,95,449961,234083601277,519053,522490,520000,947,0.18,520231,1178,0.23,519505,522490,1400-9-13,2021-12-04
611,قشرين,قند شيرين خراسان,94,1116523,8799314786,8105,8020,7862,-243,-3,7902,-203,-2.5,7862,8150,1400-9-13,2021-12-04
612,دكيمي,كيميدارو,93,147111,2680611860,18760,17880,18450,-310,-1.65,18660,-100,-0.53,17880,18930,1400-9-13,2021-12-04
613,خصدرا,صنعتي‌ دريايي‌ ايران‌,91,1044158,2408872506,2378,2307,2307,-71,-2.99,2371,-7,-0.29,2307,2307,1400-9-13,2021-12-04
614,شمواد,توليد مواداوليه الياف مصنوعي,91,178303,8256855324,47253,46308,46308,-945,-2,46308,-945,-2,46308,46308,1400-9-13,2021-12-04
615,وپسا,س. پتروشيمي ساختمان  خليج فارس,90,2162802,3631685614,1729,1725,1678,-51,-2.95,1710,-19,-1.1,1678,1725,1400-9-13,2021-12-04
616,وسين,بيمه سينا,89,998988,3702873281,3813,3703,3699,-114,-2.99,3772,-41,-1.08,3699,3718,1400-9-13,2021-12-04
617,دسانكو,داروسازي سبحان انكولوژي,88,906999,12039504726,13972,13274,13274,-698,-5,13382,-590,-4.22,13274,13274,1400-9-13,2021-12-04
618,واعتبار,سرمايه گذاري اعتبار ايران,88,754008,4897657920,6470,6610,6510,40,0.62,6480,10,0.15,6350,6610,1400-9-13,2021-12-04
619,وتوشه,سرمايه‌ گذاري‌ پارس‌ توشه‌,87,637867,3684402060,5870,5940,5710,-160,-2.73,5850,-20,-0.34,5670,5960,1400-9-13,2021-12-04
620,فيروزا,صندوق بادرآمد ثابت فيروزه آسيا,87,3243138,83349933164,25693,25551,25700,7,0.03,25700,7,0.03,25551,25720,1400-9-13,2021-12-04
621,وايرا,سرمايه گذاري صنايع ايران,87,427932,1953119011,4648,4648,4589,-59,-1.27,4631,-17,-0.37,4510,4750,1400-9-13,2021-12-04
622,سشمال,سيمان‌ شمال‌,87,410096,3124979810,7870,7760,7590,-280,-3.56,7820,-50,-0.64,7480,7790,1400-9-13,2021-12-04
623,بخاور,بيمه زندگي خاورميانه,86,459708,1816367069,4043,3952,3918,-125,-3.09,4032,-11,-0.27,3914,4000,1400-9-13,2021-12-04
624,ركيش,كارت اعتباري ايران كيش,85,451720,2412519990,5490,5300,5320,-170,-3.1,5470,-20,-0.36,5220,5490,1400-9-13,2021-12-04
625,وامين,س. امين توان آفرين ساز,84,178810,2229909094,12638,12385,12450,-188,-1.49,12631,-7,-0.06,12350,12618,1400-9-13,2021-12-04
626,سكرد,سيمان كردستان,84,264924,1157569227,4578,4350,4350,-228,-4.98,4561,-17,-0.37,4350,4479,1400-9-13,2021-12-04
627,گشان,توسعه بين المللي پديده شانديز,84,150449,3340720045,22891,22205,22205,-686,-3,22717,-174,-0.76,22205,22205,1400-9-13,2021-12-04
628,آساس,صندوق س.آسمان آرماني سهام-س,83,33569,5540767784,166083,166710,166000,-83,-0.05,165056,-1027,-0.62,163272,166710,1400-9-13,2021-12-04
629,وليز,ليزينگ‌ايران‌,81,2222289,4979956080,2353,2241,2236,-117,-4.97,2314,-39,-1.66,2236,2251,1400-9-13,2021-12-04
630,زعف0110پ10,زعفران0110نگين طلاي سرخ(پ),80,44694,16250027807,379211,374860,360570,-18641,-4.92,363584,-15627,-4.12,360570,379995,1400-9-13,2021-12-04
631,وبهمن,سرمايه‌گذاري‌بهمن‌,79,651650,10121638210,16310,15500,15500,-810,-4.97,15850,-460,-2.82,15500,15980,1400-9-13,2021-12-04
632,سپ,پرداخت الكترونيك سامان كيش,79,64883,1890459200,30440,29880,29400,-1040,-3.42,30400,-40,-0.13,29090,29880,1400-9-13,2021-12-04
633,زعف0008پ05,زعفران0008نگين زرين(پ),78,24590,7146165237,292786,290000,291999,-787,-0.27,290613,-2173,-0.74,282200,298780,1400-9-13,2021-12-04
634,وتعاون,بيمه  تعاون,78,944012,1571590885,1713,1750,1662,-51,-2.98,1705,-8,-0.47,1662,1750,1400-9-13,2021-12-04
635,شستان,پتروشيمي گلستان,77,482219,1818197820,3719,3655,3792,73,1.96,3737,18,0.48,3655,3793,1400-9-13,2021-12-04
636,ضصاد1114,اختيارخ وبصادر-2500-1400/11/06,76,3151,111320000,54,40,40,-14,-25.93,35,-19,-35.19,25,45,1400-9-13,2021-12-04
637,تسه9901,امتياز تسهيلات مسكن فروردين99,75,456,373627619,823427,800010,825000,1573,0.19,819359,-4068,-0.49,800010,825000,1400-9-13,2021-12-04
638,اپرداز,آتيه داده پرداز,75,467787,12687179437,28542,27162,27115,-1427,-5,27278,-1264,-4.43,27115,27199,1400-9-13,2021-12-04
639,بايكا,كارخانجات كابلسازي ‌ايران‌,75,206191,3973613092,20190,19999,19181,-1009,-5,19808,-382,-1.89,19181,19999,1400-9-13,2021-12-04
640,سهگمت,سيمان‌هگمتان‌,75,92095,1981387010,21510,21010,21140,-370,-1.72,21510,0,0,20790,21990,1400-9-13,2021-12-04
641,زعف0008پ11,زعفران0008نگين سحرخيز(پ),73,71330,20271378626,303905,311317,291000,-12905,-4.25,284191,-19714,-6.49,281672,311319,1400-9-13,2021-12-04
642,حپترو,حمل و نقل پتروشيمي( سهامي عام,73,110367,2563983600,24330,23160,23500,-830,-3.41,24130,-200,-0.82,23120,23500,1400-9-13,2021-12-04
643,لسرما,سرما آفرين‌,71,180254,3587128700,20940,19900,19900,-1040,-4.97,20680,-260,-1.24,19900,20000,1400-9-13,2021-12-04
644,شساخت,مهندسي و ساختمان صنايع نفت,69,129278,5564705553,44067,44080,42745,-1322,-3,43936,-131,-0.3,42745,44080,1400-9-13,2021-12-04
645,دروز,داروسازي‌ روزدارو,67,165828,3986505120,25300,24040,24040,-1260,-4.98,24950,-350,-1.38,24040,24040,1400-9-13,2021-12-04
646,كصدف,كاشي صدف سرام استقلال آباده,67,118380,2397212724,20774,21190,20151,-623,-3,20645,-129,-0.62,20151,21397,1400-9-13,2021-12-04
647,سهرمز,سيمان‌هرمزگان‌,65,56647,815840570,15000,14290,14410,-590,-3.93,14970,-30,-0.2,14290,14700,1400-9-13,2021-12-04
648,ضجار1019,اختيارخ وتجارت-1400-1400/10/15,65,4018,1975992000,569,550,475,-94,-16.52,492,-77,-13.53,475,550,1400-9-13,2021-12-04
649,ضشنا1050,اختيارخ شپنا-7629-1400/10/19,65,559,169577855,177,190,170,-7,-3.95,165,-12,-6.78,101,190,1400-9-13,2021-12-04
650,حبندر,دريايي و کشتيراني خط دريابندر,65,362003,5999837722,17086,16574,16574,-512,-3,16769,-317,-1.86,16574,16574,1400-9-13,2021-12-04
651,اخزا001,اسنادخزانه-م1بودجه00-030821,64,333380,170266959606,512652,508666,510729,-1923,-0.38,510729,-1923,-0.38,508666,514899,1400-9-13,2021-12-04
652,اخزا008,اسنادخزانه-م8بودجه00-030919,63,298308,149977159198,507626,503000,502758,-4868,-0.96,502759,-4867,-0.96,501022,503967,1400-9-13,2021-12-04
653,اگ010155,گام بانك اقتصاد نوين0101,63,400000,365830090000,912801,915000,915000,2199,0.24,914575,1774,0.19,914000,915000,1400-9-13,2021-12-04
654,وهور,مديريت انرژي اميد  تابان هور,63,3754985,5707577200,1599,1520,1520,-79,-4.94,1588,-11,-0.69,1520,1520,1400-9-13,2021-12-04
655,صنوين,صندوق سرمايه‌گذاري صنوين-مختلط,63,14363,1308721980,92300,90520,95500,3200,3.47,91120,-1180,-1.28,90170,95850,1400-9-13,2021-12-04
656,سدبير,س. تدبيرگران فارس وخوزستان,60,102954,5565075516,56898,54054,54054,-2844,-5,55787,-1111,-1.95,54054,54054,1400-9-13,2021-12-04
657,ولراز,ليزينگ رازي,60,60289,1244291677,21272,21400,20634,-638,-3,21147,-125,-0.59,20634,21400,1400-9-13,2021-12-04
658,دقاضي,داروسازي شهيد قاضي,59,96910,2709514420,28806,28004,27944,-862,-2.99,28570,-236,-0.82,27942,28851,1400-9-13,2021-12-04
659,سمتاز,سيمان ممتازان كرمان,58,146420,2033697333,14314,14098,13885,-429,-3,14225,-89,-0.62,13885,14099,1400-9-13,2021-12-04
660,اخزا903,اسنادخزانه-م3بودجه99-011110,56,107439,84407358298,784403,784400,781119,-3284,-0.42,785630,1227,0.16,779701,787600,1400-9-13,2021-12-04
661,ثزاگرس,سرمايه گذاري توسعه عمران زاگرس,55,80488,2672266257,34937,33192,33191,-1746,-5,34449,-488,-1.4,33191,35741,1400-9-13,2021-12-04
662,اخزا004,اسنادخزانه-م4بودجه00-030522,54,457004,247434497698,540426,546060,541600,1174,0.22,541427,1001,0.19,539711,548390,1400-9-13,2021-12-04
663,ضفلا1163,اختيارخ فولاد-10000-1400/11/24,53,376,508319000,1403,1500,1440,37,2.64,1352,-51,-3.64,1200,1689,1400-9-13,2021-12-04
664,وآرين,شركت توسعه اقتصادي آرين,53,986490,1905804999,1989,1930,1930,-59,-2.97,1978,-11,-0.55,1930,1990,1400-9-13,2021-12-04
665,دارا,صندوق س. دارا الگوريتم-د,53,2510457,25051902460,9958,9980,9979,21,0.21,9979,21,0.21,9978,9980,1400-9-13,2021-12-04
666,اخزا902,اسنادخزانه-م2بودجه99-011019,53,61593,49026533537,794173,792501,793500,-673,-0.08,795976,1803,0.23,792501,798000,1400-9-13,2021-12-04
667,چفيبر,فيبر ايران‌,52,276935,1669918050,6340,6030,6030,-310,-4.89,6300,-40,-0.63,6030,6030,1400-9-13,2021-12-04
668,ضبدر1163,اختيارخ شبندر-6000-1400/11/13,51,918,700792000,655,800,878,223,34.05,763,108,16.49,600,878,1400-9-13,2021-12-04
669,اخزا910,اسنادخزانه-م10بودجه99-020807,51,95155,64055780953,672893,672000,670059,-2834,-0.42,673173,280,0.04,670000,675986,1400-9-13,2021-12-04
670,خبازرس,بازرسي مهندسي و صنعتي ايران,51,98257,2259223201,23704,22993,22993,-711,-3,23538,-166,-0.7,22993,22993,1400-9-13,2021-12-04
671,ويستا,صندوق س. ويستا -س,50,634007,6323348414,10004,10000,10196,192,1.92,9974,-30,-0.3,9510,10196,1400-9-13,2021-12-04
672,افق ملت,صندوق س در سهام افق ملت,49,10727,1497115540,139180,140990,141500,2320,1.67,139570,390,0.28,138000,141500,1400-9-13,2021-12-04
673,ولشرق,ليزينگ ايران و شرق,48,1819608,4605427848,2664,2531,2531,-133,-4.99,2621,-43,-1.61,2531,2531,1400-9-13,2021-12-04
674,زعف0110پ20,زعفران0110نگين وحدت جام(پ),47,8321,3032346365,377005,374860,365999,-11006,-2.92,364421,-12584,-3.34,360570,380000,1400-9-13,2021-12-04
675,دمعيار,صندوق س. توازن معيار-د,47,1174230,11701635452,9940,10004,10004,64,0.64,9965,25,0.25,9546,10017,1400-9-13,2021-12-04
676,طلا2,صندوق س.پشتوانه طلاي لوتوس,47,4700000,4700000,90130,1,1,-90129,-100,1,-90129,-100,1,1,1400-9-13,2021-12-04
677,حبندرح,ح.دريايي وكشتيراني خط دريابندر,46,297727,3039792670,2461,10210,10210,7749,314.87,10210,7749,314.87,10210,10210,1400-9-13,2021-12-04
678,اخزا901,اسنادخزانه-م1بودجه99-010621,46,33745,28635777200,847237,847000,847202,-35,0,848593,1356,0.16,844303,849988,1400-9-13,2021-12-04
679,ثاژن,سخت آژند,46,429393,2063662758,5006,4806,4806,-200,-4,4920,-86,-1.72,4806,4806,1400-9-13,2021-12-04
680,ومشان,س. فني و مهندسي مشانير,44,58046,2586065392,46896,44552,44552,-2344,-5,45535,-1361,-2.9,44552,44552,1400-9-13,2021-12-04
681,تشتاد,صنايع توليدي اشتاد ايران‌,43,222139,1048881290,4855,4758,4710,-145,-2.99,4841,-14,-0.29,4710,4758,1400-9-13,2021-12-04
682,سپرمي,پرميت‌,42,82964,966779492,11425,11653,11653,228,2,11532,107,0.94,11653,11653,1400-9-13,2021-12-04
683,رتاپ,تجارت الكترونيك  پارسيان,41,241627,1531915180,6670,6340,6340,-330,-4.95,6640,-30,-0.45,6340,6340,1400-9-13,2021-12-04
684,گوهر2,صندوق سكه طلاي كيان,40,400000,400000,63412,1,1,-63411,-100,1,-63411,-100,1,1,1400-9-13,2021-12-04
685,كمند2,صندوق س. با درآمد ثابت كمند,40,4000000,4000000,10141,1,1,-10140,-99.99,1,-10140,-99.99,1,1,1400-9-13,2021-12-04
686,الماس,صندوق س.امين تدبيرگران فردا-س,38,9696,978395444,102894,102801,100500,-2394,-2.33,100907,-1987,-1.93,99000,104799,1400-9-13,2021-12-04
687,ولملت,واسپاري ملت,38,1381832,6048278664,4607,4377,4377,-230,-4.99,4509,-98,-2.13,4377,4377,1400-9-13,2021-12-04
688,اخزا003,اسنادخزانه-م3بودجه00-030418,37,72532,40060047208,551780,551800,553000,1220,0.22,552309,529,0.1,551334,553990,1400-9-13,2021-12-04
689,اخزا911,اسنادخزانه-م11بودجه99-020906,37,91995,60005446621,653109,652602,654900,1791,0.27,652269,-840,-0.13,648003,654998,1400-9-13,2021-12-04
690,قپيرا,فرآورده‌هاي‌غدايي‌وقندپيرانشهر,37,207757,1543084210,7650,7520,7510,-140,-1.83,7630,-20,-0.26,7330,7630,1400-9-13,2021-12-04
691,بسويچ,پارس‌سويچ‌,37,50768,746326400,15470,14730,14700,-770,-4.98,15430,-40,-0.26,14700,14730,1400-9-13,2021-12-04
692,زعف0110پ18,زعفران0110نگين بهرامن(پ),36,8581,3197743668,394661,385000,363000,-31661,-8.02,372654,-22007,-5.58,360570,398510,1400-9-13,2021-12-04
693,وملت,سرمايه گذاري ملت,36,1784422,4544922834,2598,2547,2547,-51,-1.96,2551,-47,-1.81,2547,2547,1400-9-13,2021-12-04
694,حخزر,كشتيراني درياي خزر,36,73612,1052219480,15042,14290,14290,-752,-5,14987,-55,-0.37,14290,14442,1400-9-13,2021-12-04
695,اخزا007,اسنادخزانه-م7بودجه00-030912,35,78307,39419034027,512212,504556,504988,-7224,-1.41,503391,-8821,-1.72,503112,504990,1400-9-13,2021-12-04
696,آتيمس,صندوق س.آرمان آتيه درخشان مس-س,34,8420,1502242360,179390,179500,179800,410,0.23,178414,-976,-0.54,177000,180000,1400-9-13,2021-12-04
697,ضملت1133,اختيارخ وبملت-3000-1400/11/13,32,1022,377437000,368,650,374,6,1.63,369,1,0.27,302,650,1400-9-13,2021-12-04
698,لخانه,لوازم‌ خانگي‌ پارس‌,32,62303,1077260909,17745,17213,17213,-532,-3,17695,-50,-0.28,17213,17885,1400-9-13,2021-12-04
699,اخزا005,اسنادخزانه-م5بودجه00-030626,31,50440,26558731082,527449,526522,527001,-448,-0.08,526541,-908,-0.17,526521,529998,1400-9-13,2021-12-04
700,بميلا,توسعه بازرگاني آهن وفولادميلاد,31,237678,1724176926,7478,7256,7254,-224,-3,7438,-40,-0.53,7254,7256,1400-9-13,2021-12-04
701,وآفري,بيمه كارآفرين,30,954298,3290446236,3549,3445,3500,-49,-1.38,3524,-25,-0.7,3443,3500,1400-9-13,2021-12-04
702,اخزا914,اسنادخزانه-م14بودجه99-021025,30,63816,40432956622,631293,631001,634300,3007,0.48,633586,2293,0.36,631001,634990,1400-9-13,2021-12-04
703,اخزا811,اسنادخزانه-م11بودجه98-001013,30,29586,29051550710,981297,981500,983000,1703,0.17,981936,639,0.07,981000,983489,1400-9-13,2021-12-04
704,اخزا812,اسنادخزانه-م12بودجه98-001111,29,10897,10516137723,963611,969000,965999,2388,0.25,965049,1438,0.15,964720,969000,1400-9-13,2021-12-04
705,فراز,صندوق س.سهام فراز داريك-س,28,44101,626391803,14202,14203,14205,3,0.02,14204,2,0.01,14203,14205,1400-9-13,2021-12-04
706,غپونه,نوش پونه مشهد,28,56631,682673164,12426,12055,12054,-372,-2.99,12400,-26,-0.21,12054,12060,1400-9-13,2021-12-04
707,گنجين,صندوق س. گنجينه يكم آويد-د,28,127107,1815624133,14269,14283,14285,16,0.11,14284,15,0.11,14283,14289,1400-9-13,2021-12-04
708,ضذوب905,اختيارخ ذوب-5000-14000917,27,1162,1162000,1,1,1,0,0,1,0,0,1,1,1400-9-13,2021-12-04
709,اخزا815,اسنادخزانه-م15بودجه98-010406,27,12702,11237804270,880837,880000,885515,4678,0.53,884727,3890,0.44,880000,885989,1400-9-13,2021-12-04
710,ضفلا1164,اختيارخ فولاد-12000-1400/11/24,27,256,159514000,628,999,780,152,24.2,623,-5,-0.8,200,999,1400-9-13,2021-12-04
711,ثاصفا,شركت‌ ساختمان‌ اصفهان‌,26,53881,497305764,9509,9224,9224,-285,-3,9490,-19,-0.2,9224,9710,1400-9-13,2021-12-04
712,اخزا908,اسنادخزانه-م8بودجه99-020606,25,32499,22341007853,688435,689000,688940,505,0.07,687437,-998,-0.14,681001,690000,1400-9-13,2021-12-04
713,ثمين,صندوق س. ثروت افزون ثمين-س,25,65256,652564261,10000,10000,10000,0,0,10000,0,0,10000,10002,1400-9-13,2021-12-04
714,اخزا909,اسنادخزانه-م9بودجه99-020316,24,45265,32776910138,721734,721000,723503,1769,0.25,724112,2378,0.33,721000,725000,1400-9-13,2021-12-04
715,شزنگ,تجهيزنيروي‌زنگان‌,23,12726,1975762404,160055,155254,155254,-4801,-3,159077,-978,-0.61,155254,155254,1400-9-13,2021-12-04
716,سايرا,ايرانيت‌,23,125000,3697750000,30185,29582,29582,-603,-2,29730,-455,-1.51,29582,29582,1400-9-13,2021-12-04
717,زعف0110پ05,زعفران0110نگين زرين(پ),23,8941,3292093377,376671,390000,370100,-6571,-1.74,368202,-8469,-2.25,365000,390000,1400-9-13,2021-12-04
718,كارا,صندوق س. كارا -د,23,390659,4028176074,10294,10310,10311,17,0.17,10311,17,0.17,10310,10312,1400-9-13,2021-12-04
719,داريك,صندوق س.اعتماد داريك-د,21,374786,4489014643,11959,11977,11977,18,0.15,11978,19,0.16,11977,11979,1400-9-13,2021-12-04
720,زعف0008پ08,زعفران0008نگين روستا(پ),21,3079,933875380,305362,311319,310000,4638,1.52,303305,-2057,-0.67,282001,311319,1400-9-13,2021-12-04
721,خفناور,مهندسي صنعتي روان فن آور,21,63403,2459592579,39992,38793,38793,-1199,-3,39688,-304,-0.76,38793,38793,1400-9-13,2021-12-04
722,زعف0110پ21,زعفران0110نگين ملل(پ),21,2781,1004301980,376313,374860,364926,-11387,-3.03,361130,-15183,-4.03,360570,374861,1400-9-13,2021-12-04
723,ضصاد1113,اختيارخ وبصادر-2000-1400/11/06,21,519,74493000,166,149,140,-26,-15.66,144,-22,-13.25,140,149,1400-9-13,2021-12-04
724,اخزا918,اسنادخزانه-م18بودجه99-010323,20,34840,31104200988,890725,890402,892810,2085,0.23,892773,2048,0.23,890401,893000,1400-9-13,2021-12-04
725,ضپال2007,اختيارخ اپال-32000-1401/02/12,19,188,61051000,318,443,320,2,0.63,325,7,2.2,300,410,1400-9-13,2021-12-04
726,زعف0008پ09,زعفران0008نگين نوين(پ),19,9757,2752801864,305362,311320,281700,-23662,-7.75,282136,-23226,-7.61,281672,311320,1400-9-13,2021-12-04
727,قيستو,شركت قند بيستون,19,156859,3878966211,25493,24729,24729,-764,-3,25187,-306,-1.2,24729,24729,1400-9-13,2021-12-04
728,اخزا917,اسنادخزانه-م17بودجه99-010226,19,37399,33981550013,905825,909500,908003,2178,0.24,908622,2797,0.31,908000,909500,1400-9-13,2021-12-04
729,ساروج,بين المللي ساروج بوشهر,19,74107,1146977891,15639,15483,15330,-309,-1.98,15620,-19,-0.12,15327,15486,1400-9-13,2021-12-04
730,ثروتم,صندوق س. ثروت آفرين پارسيان-س,18,16290,1356909870,83685,83997,83833,148,0.18,83297,-388,-0.46,82797,84115,1400-9-13,2021-12-04
731,اخزا809,اسنادخزانه-م9بودجه98-000923,18,11114,11033439570,992544,992900,992850,306,0.03,992751,207,0.02,991980,992900,1400-9-13,2021-12-04
732,اخزا820,اسنادخزانه-م20بودجه98-020806,17,54947,37187596516,676198,676000,671173,-5025,-0.74,676790,592,0.09,671173,678991,1400-9-13,2021-12-04
733,زعف0008پ20,زعفران0008نگين وحدت جام(پ),17,2310,650971918,289457,281675,281672,-7785,-2.69,281806,-7651,-2.64,281672,285000,1400-9-13,2021-12-04
734,اخزا814,اسنادخزانه-م14بودجه98-010318,16,6484,5819213087,898076,896000,896520,-1556,-0.17,897473,-603,-0.07,896000,898000,1400-9-13,2021-12-04
735,زعف0110پ16,زعفران0110نگين بيرجند(پ),16,5990,2161244300,375230,374860,360570,-14660,-3.91,360809,-14421,-3.84,360570,374861,1400-9-13,2021-12-04
736,ثعتما,س. ساختماني اعتماد گستر,16,17546,465846300,27371,26550,26550,-821,-3,27332,-39,-0.14,26550,26550,1400-9-13,2021-12-04
737,برن0104پ01,برنج طارم0104تجارت مازندران(پ),16,803,364171200,451747,453500,453000,1253,0.28,453513,1766,0.39,453000,454000,1400-9-13,2021-12-04
738,ضشنا1048,اختيارخ شپنا-5450-1400/10/19,15,136,152092140,611,650,700,89,14.57,609,-2,-0.33,580,700,1400-9-13,2021-12-04
739,بذر,صندوق س بذر اميد آفرين-سهام,15,4434,412533780,92350,92960,92960,610,0.66,93040,690,0.75,92950,94000,1400-9-13,2021-12-04
740,اراد50,مرابحه عام دولت5-ش.خ0302,15,135100,135100028000,1000001,1000000,1000000,-1,0,1000000,-1,0,1000000,1000001,1400-9-13,2021-12-04
741,اوصتا2,صندوق انديشه ورزان صباتامين -د,15,48300000,48300000,20687,1,1,-20686,-100,1,-20686,-100,1,1,1400-9-13,2021-12-04
742,فالوم,آلومتك‌,15,12068,296269400,25842,24550,24550,-1292,-5,25802,-40,-0.15,24550,24550,1400-9-13,2021-12-04
743,پلاستح,ح.كارخانجات توليدي پلاستيران,15,42304,225311104,5490,5326,5326,-164,-2.99,5326,-164,-2.99,5326,5326,1400-9-13,2021-12-04
744,ضجار1021,اختيارخ وتجارت-1800-1400/10/15,15,571,136418000,234,244,236,2,0.85,239,5,2.14,213,244,1400-9-13,2021-12-04
745,فاراكح,ح . ماشين‌ سازي‌ اراك‌,15,579049,231619600,401,400,400,-1,-0.25,400,-1,-0.25,400,400,1400-9-13,2021-12-04
746,تابا,تابان نيرو سپاهان,15,19583,454776009,23941,23223,23223,-718,-3,23896,-45,-0.19,23223,23223,1400-9-13,2021-12-04
747,ضبدر1162,اختيارخ شبندر-5000-1400/11/13,14,401,599090000,1700,1550,1399,-301,-17.71,1494,-206,-12.12,1399,1600,1400-9-13,2021-12-04
748,طجار1020,اختيارف وتجارت-1600-1400/10/15,14,690,27600000,40,40,40,0,0,40,0,0,40,40,1400-9-13,2021-12-04
749,ضفلا1162,اختيارخ فولاد-9000-1400/11/24,14,104,220659000,2078,2298,1970,-108,-5.2,2122,44,2.12,1970,2299,1400-9-13,2021-12-04
750,ماني2,صندوق س. با درآمد ثابت ماني,13,1300000,1300000,10556,1,1,-10555,-99.99,1,-10555,-99.99,1,1,1400-9-13,2021-12-04
751,گكيش,توريستي ورفاهي آبادگران كيش,13,29180,851063880,30068,29166,29166,-902,-3,29989,-79,-0.26,29166,29166,1400-9-13,2021-12-04
752,اطلس2,صندوق س.توسعه اندوخته آينده-س,13,130000,130000,240281,1,1,-240280,-100,1,-240280,-100,1,1,1400-9-13,2021-12-04
753,اخزا818,اسنادخزانه-م18بودجه98-010614,12,28866,24601873620,850013,851000,852306,2293,0.27,852279,2266,0.27,850013,852450,1400-9-13,2021-12-04
754,شگويات.ف0104,اختيارف.تبعي شگويا010408,12,39902,39902,1,1,1,0,0,1,0,0,1,1,1400-9-13,2021-12-04
755,فبيرا,بسته‌ بندي‌ ايران‌,12,451960,828894640,1890,1834,1834,-56,-2.96,1885,-5,-0.26,1834,1834,1400-9-13,2021-12-04
756,سخواف,سيمان مجد خواف,12,21445,157685085,7740,7353,7353,-387,-5,7734,-6,-0.08,7353,7353,1400-9-13,2021-12-04
757,هكشو208,اختيارف ت پاكشو10000-02/08/29,12,545000,293210000,516,538,538,22,4.26,538,22,4.26,538,538,1400-9-13,2021-12-04
758,هفارس104,اختيارف ت فارس-11832-01/04/12,12,58830,38004180,340,646,646,306,90,646,306,90,646,646,1400-9-13,2021-12-04
759,آسام,صندوق س.آرمان سپهر آشنا-م,12,9730,1143275550,118424,117500,117510,-914,-0.77,117500,-924,-0.78,117500,117510,1400-9-13,2021-12-04
760,ضترا1135,اختيارخ شتران-6176-1400/11/10,12,209,36793410,78,95,78,0,0,78,0,0,10,95,1400-9-13,2021-12-04
761,اخزا907,اسنادخزانه-م7بودجه99-020704,11,77088,53074374500,687158,688500,677300,-9858,-1.43,688491,1333,0.19,677300,690500,1400-9-13,2021-12-04
762,ضستا1003,اختيارخ شستا-10000-1400/10/29,11,90,163369000,1908,1852,1800,-108,-5.66,1815,-93,-4.87,1750,1852,1400-9-13,2021-12-04
763,اخزا817,اسنادخزانه-م17بودجه98-010512,11,5599,4855262488,865962,867000,867276,1314,0.15,867166,1204,0.14,867000,867276,1400-9-13,2021-12-04
764,زعف0110پ09,زعفران0110نگين نوين(پ),10,1760,634603414,383102,360570,360581,-22521,-5.88,360570,-22532,-5.88,360570,360581,1400-9-13,2021-12-04
765,ضملت1134,اختيارخ وبملت-3500-1400/11/13,10,250,37658000,191,195,160,-31,-16.23,151,-40,-20.94,140,195,1400-9-13,2021-12-04
766,سلامت6,مرابحه سلامت6واجدشرايط خاص1400,10,215000,215000000000,995500,1000000,1000000,4500,0.45,1000000,4500,0.45,1000000,1000000,1400-9-13,2021-12-04
767,نگين,ص.س. زمين و ساختمان نگين شهرري,10,437,22776250,52020,53130,52000,-20,-0.04,52120,100,0.19,51970,53130,1400-9-13,2021-12-04
768,ولتجار,واسپاري تجارت وسرمايه ايرانيان,10,41718,122542516,3027,2938,2937,-90,-2.97,3026,-1,-0.03,2937,2938,1400-9-13,2021-12-04
769,سكوثر021,سلف موازي برق زاگرس كوثر021,10,1757240,749998818200,426805,426805,426805,0,0,426805,0,0,426805,426805,1400-9-13,2021-12-04
770,سيناد,صندوق س.سپهرسودمند سينا-د,9,26172,262080936,10011,10013,10014,3,0.03,10014,3,0.03,10013,10014,1400-9-13,2021-12-04
771,سجامح,ح.مجتمع سيمان غرب آسيا,9,114386,103404944,931,904,904,-27,-2.9,904,-27,-2.9,904,904,1400-9-13,2021-12-04
772,ضترا1130,اختيارخ شتران-3089-1400/11/10,9,27,79571700,1217,1250,1300,83,6.82,1300,83,6.82,1250,1350,1400-9-13,2021-12-04
773,اخزا821,اسنادخزانه-م21بودجه98-020906,8,11576,7655934096,659680,659950,661615,1935,0.29,661363,1683,0.26,655000,661615,1400-9-13,2021-12-04
774,زعف0008پ18,زعفران0008نگين بهرامن(پ),8,7648,2366067272,304127,286000,310000,5873,1.93,309371,5244,1.72,281672,311320,1400-9-13,2021-12-04
775,ضملت1132,اختيارخ وبملت-2500-1400/11/13,8,320,180640000,700,590,555,-145,-20.71,564,-136,-19.43,555,590,1400-9-13,2021-12-04
776,ضمخا1035,اختيارخ اخابر-7000-1400/10/26,8,280,234020000,809,1000,800,-9,-1.11,836,27,3.34,800,1000,1400-9-13,2021-12-04
777,اخزا810,اسنادخزانه-م10بودجه98-001006,8,12140,11968348190,985100,986000,985123,23,0,985861,761,0.08,985120,986000,1400-9-13,2021-12-04
778,پادا,صندوق س.پاداش سرمايه پارس-س,7,5677,590977400,104894,104300,104300,-594,-0.57,104100,-794,-0.76,101700,105000,1400-9-13,2021-12-04
779,سخند,صندوق س.سپهرخبرگان نفت-د,7,89230,904754360,10165,10166,10138,-27,-0.27,10140,-25,-0.25,10138,10166,1400-9-13,2021-12-04
780,اخزا816,اسنادخزانه-م16بودجه98-010503,7,1403,1230226613,873662,876999,876998,3336,0.38,876854,3192,0.37,872018,876999,1400-9-13,2021-12-04
781,وجامي,سرمايه گذاري جامي,7,29213,198736039,7013,6803,6803,-210,-2.99,7009,-4,-0.06,6803,6803,1400-9-13,2021-12-04
782,ثهام,صندوق س ثروت هامرز-سهام,7,525,5618701,10763,10700,10790,27,0.25,10702,-61,-0.57,10700,10800,1400-9-13,2021-12-04
783,لپيام,گسترش صنايع پيام,7,8244,263362824,32934,31946,31946,-988,-3,32907,-27,-0.08,31946,31946,1400-9-13,2021-12-04
784,زعف0008پ15,زعفران0008پوشالمعمول طلاسرخ(پ),7,858,214178225,262337,265000,249258,-13079,-4.99,249625,-12712,-4.85,249258,265000,1400-9-13,2021-12-04
785,ثبات2,صندوق س. ثبات ويستا -د,7,47600000,47600000,10487,1,1,-10486,-99.99,1,-10486,-99.99,1,1,1400-9-13,2021-12-04
786,سفارود,كارخانه فارسيت درود,7,2693,42121213,16292,15641,15641,-651,-4,16286,-6,-0.04,15641,15641,1400-9-13,2021-12-04
787,ضترا1131,اختيارخ شتران-3529-1400/11/10,7,51,124344950,969,950,1200,231,23.84,1075,106,10.94,900,1200,1400-9-13,2021-12-04
788,اخزا904,اسنادخزانه-م4بودجه99-011215,7,19788,15134182000,764000,767900,765000,1000,0.13,764816,816,0.11,764000,768000,1400-9-13,2021-12-04
789,زعف0008پ16,زعفران0008نگين بيرجند(پ),7,695,197045425,286451,290000,289000,2549,0.89,283519,-2932,-1.02,281675,290000,1400-9-13,2021-12-04
790,اخزا905,اسنادخزانه-م5بودجه99-020218,7,9242,6868844135,735997,732242,743210,7213,0.98,743220,7223,0.98,732242,746500,1400-9-13,2021-12-04
791,زير0103پ04,زيره سبز0103شركت مينوبذر(پ),7,219,197410000,872007,950000,910000,37993,4.36,901415,29408,3.37,872000,950000,1400-9-13,2021-12-04
792,تمحركه,ماشين سازي نيرو محركه,6,23845,455296430,19684,19094,19094,-590,-3,19656,-28,-0.14,19094,19094,1400-9-13,2021-12-04
793,دتوليدح,ح. داروسازي توليد دارو,6,21185,149733500,7400,7400,7030,-370,-5,7068,-332,-4.49,7030,7400,1400-9-13,2021-12-04
794,قجام,فرآوردههاي غذايي وقندتربت‌جام‌,6,155000,981925000,6464,6335,6335,-129,-2,6438,-26,-0.4,6335,6335,1400-9-13,2021-12-04
795,پارتا,مجتمع‌صنعتي‌آرتاويل‌تاير,6,3643,84561316,24433,23212,23212,-1221,-5,24428,-5,-0.02,23212,23212,1400-9-13,2021-12-04
796,تملي701,تسهيلات مسكن ب. ملي-فروردين97,6,46,32543050,689637,700000,700000,10363,1.5,707458,17821,2.58,700000,713722,1400-9-13,2021-12-04
797,وپارس4,بانك‌پارسيان‌,5,3947979790,615884847240,2068,156,156,-1912,-92.46,156,-1912,-92.46,156,156,1400-9-13,2021-12-04
798,سپيدما2,صندوق س. سپيد دماوند-د,5,16700000,16700000,11454,1,1,-11453,-99.99,1,-11453,-99.99,1,1,1400-9-13,2021-12-04
799,واحصا,احياء صنايع خراسان,5,620,28732660,47776,46343,46343,-1433,-3,47772,-4,-0.01,46343,46343,1400-9-13,2021-12-04
800,طفلا1163,اختيارف فولاد-10000-1400/11/24,5,26,5200000,373,200,200,-173,-46.38,200,-173,-46.38,200,200,1400-9-13,2021-12-04
801,ثتوسا,س.توسعه و عمران استان اردبيل,5,3483,50350248,14903,14456,14456,-447,-3,14900,-3,-0.02,14456,14456,1400-9-13,2021-12-04
802,كمان,س.خ.كمان كاريزما 35% تاديه,5,161800,61000056200,376390,377009,377009,619,0.16,377009,619,0.16,377009,377009,1400-9-13,2021-12-04
803,ضمخا1034,اختيارخ اخابر-6000-1400/10/26,5,10,14000000,1969,1500,1300,-669,-33.98,1400,-569,-28.9,1300,1500,1400-9-13,2021-12-04
804,ضفرابورس1200,اختيارخ فرابورس-19000-14001218,5,14,28400000,3180,2000,2100,-1080,-33.96,2029,-1151,-36.19,2000,2100,1400-9-13,2021-12-04
805,تملي704,تسهيلات مسكن ب. ملي-تير97,5,67,47949362,748301,710886,750886,2585,0.35,715662,-32639,-4.36,710886,750886,1400-9-13,2021-12-04
806,اراد61,مرابحه عام دولت61-ش.خ0309,5,120000,120000120000,1000001,1000001,1000001,0,0,1000001,0,0,1000001,1000001,1400-9-13,2021-12-04
807,وسخوز,شركت س استان خوزستان,5,580000,350320000,635,604,604,-31,-4.88,635,0,0,604,604,1400-9-13,2021-12-04
808,ضملت1131,اختيارخ وبملت-2000-1400/11/13,5,35,34615000,1153,1010,990,-163,-14.14,989,-164,-14.22,970,1010,1400-9-13,2021-12-04
809,خعمرا,توسعه و عمران شهرستان نائين,4,4927,20929896,4125,4248,4248,123,2.98,4125,0,0,4248,4248,1400-9-13,2021-12-04
810,زعف0008پ12,زعفران0008پوشالمعمول سحرخيز(پ),4,1013,253326802,262540,262540,262000,-540,-0.21,250076,-12464,-4.75,249258,262540,1400-9-13,2021-12-04
811,كهربا2,صندوق س.پشتوانه سكه طلا كهربا,4,25100000,25100000,10902,1,1,-10901,-99.99,1,-10901,-99.99,1,1,1400-9-13,2021-12-04
812,زعف0110پ08,زعفران0110نگين روستا(پ),4,345,127515000,375808,365000,370000,-5808,-1.55,369609,-6199,-1.65,365000,370000,1400-9-13,2021-12-04
813,زعف0008پ19,زعفران0008نگين تروند قاينات(پ),4,253,71263316,296151,281675,281672,-14479,-4.89,281673,-14478,-4.89,281672,281676,1400-9-13,2021-12-04
814,وسالت,بانك قرض الحسنه رسالت,4,16553,18257959,1051,1103,1103,52,4.95,1051,0,0,1103,1103,1400-9-13,2021-12-04
815,ضستا1001,اختيارخ شستا-8000-1400/10/29,4,22,57560000,3810,3000,2504,-1306,-34.28,2616,-1194,-31.34,2500,3000,1400-9-13,2021-12-04
816,گپارس,امور رفاهي كارگزاران پارس,4,5039,660144273,135058,131007,131007,-4051,-3,134782,-276,-0.2,131007,131007,1400-9-13,2021-12-04
817,فنرژي,گسترش صنايع انرژي آذرآب,4,2883,34451850,12447,11950,11950,-497,-3.99,12443,-4,-0.03,11950,11950,1400-9-13,2021-12-04
818,داريوش2,صندوق س. ثروت داريوش -س,3,1000000,1000000,9543,1,1,-9542,-99.99,1,-9542,-99.99,1,1,1400-9-13,2021-12-04
819,اخزا813,اسنادخزانه-م13بودجه98-010219,3,510,465375000,911826,912500,912500,674,0.07,912500,674,0.07,912500,912500,1400-9-13,2021-12-04
820,صگل039,صكوك اجاره گل گهر039-3ماهه20%,3,300,306200000,1000000,1020000,1040000,40000,4,1020667,20667,2.07,1020000,1040000,1400-9-13,2021-12-04
821,ضپاس1009,اختيارخ وپارس-1600-1400/10/22,3,20,9700000,550,485,485,-65,-11.82,485,-65,-11.82,485,485,1400-9-13,2021-12-04
822,صگل1411,ص اجاره گل گهر 1411-3 ماهه 17%,3,42,41850050,970000,1455000,1000000,30000,3.09,996430,26430,2.72,970010,1000000,1400-9-13,2021-12-04
823,كهرام,توليدي گرانيت بهسرام,3,122,10617050,88801,87025,87025,-1776,-2,88797,-4,0,87025,87025,1400-9-13,2021-12-04
824,هبساز103,اختيارف ت ثبهساز-2346-01/03/18,3,33346,20174330,462,605,605,143,30.95,605,143,30.95,605,605,1400-9-13,2021-12-04
825,شليا,شركت مواد ويژه ليا,3,403,15112903,38660,37501,37501,-1159,-3,38658,-2,-0.01,37501,37501,1400-9-13,2021-12-04
826,ضصاد1111,اختيارخ وبصادر-1600-1400/11/06,3,5,1721000,385,344,345,-40,-10.39,344,-41,-10.65,344,345,1400-9-13,2021-12-04
827,اخزا906,اسنادخزانه-م6بودجه99-020321,3,37,26677000,716927,721000,721000,4073,0.57,721000,4073,0.57,721000,721000,1400-9-13,2021-12-04
828,ضشنا1047,اختيارخ شپنا-4905-1400/10/19,3,22,44278550,1017,1100,1150,133,13.08,1097,80,7.87,1090,1150,1400-9-13,2021-12-04
829,تپولا,مهندسي مرآت پولاد,3,8688,142292064,16884,16378,16378,-506,-3,16877,-7,-0.04,16378,16378,1400-9-13,2021-12-04
830,ضشنا1049,اختيارخ شپنا-6540-1400/10/19,3,34,19891400,299,260,380,81,27.09,319,20,6.69,260,380,1400-9-13,2021-12-04
831,ضصاد1115,اختيارخ وبصادر-3000-1400/11/06,3,16,401000,40,25,25,-15,-37.5,25,-15,-37.5,25,26,1400-9-13,2021-12-04
832,ضبدر1161,اختيارخ شبندر-4500-1400/11/13,3,16,31550000,2106,2000,1940,-166,-7.88,1972,-134,-6.36,1850,2000,1400-9-13,2021-12-04
833,هنوري102,اختيارف ت نوري59561-01/02/15,2,10050,10050,1,1,1,0,0,1,0,0,1,1,1400-9-13,2021-12-04
834,كابگن,توليدي و صنعتي آبگينه‌,2,10304,61360320,5897,5955,5955,58,0.98,5898,1,0.02,5955,5955,1400-9-13,2021-12-04
835,وسصفا,شركت س استان اصفهان,2,20000,13860000,729,693,693,-36,-4.94,729,0,0,693,693,1400-9-13,2021-12-04
836,ولشرقح,ح . ليزينگ ايران و شرق,2,12667,17049782,1416,1346,1346,-70,-4.94,1346,-70,-4.94,1346,1346,1400-9-13,2021-12-04
837,ضشنا1046,اختيارخ شپنا-4360-1400/10/19,2,13,38553350,1573,1650,1595,22,1.4,1616,43,2.73,1595,1650,1400-9-13,2021-12-04
838,وحافظ,بيمه حافظ,2,38100,348843600,9439,9156,9156,-283,-3,9429,-10,-0.11,9156,9156,1400-9-13,2021-12-04
839,پا ر 26,بار پايه روز 26,2,300000,162000000,680,540,540,-140,-20.59,540,-140,-20.59,540,540,1400-9-13,2021-12-04
840,ضپيك1031,اختيارخ تاپيكو-14000-00/10/15,2,21,21400000,1000,1025,900,-100,-10,1019,19,1.9,900,1025,1400-9-13,2021-12-04
841,اروند082,منفعت صبا اروند ملت 14001222,2,1390000,1377907000000,991000,991300,991300,300,0.03,991300,300,0.03,991300,991300,1400-9-13,2021-12-04
842,اوصتا4,صندوق انديشه ورزان صباتامين -د,2,14480000,300011120000,20687,20719,20719,32,0.15,20719,32,0.15,20719,20719,1400-9-13,2021-12-04
843,مبين015,اجاره اعتماد مبين تمدن011019,2,50000,50000000000,1000000,1000000,1000000,0,0,1000000,0,0,1000000,1000000,1400-9-13,2021-12-04
844,ضبدر1165,اختيارخ شبندر-8000-1400/11/13,2,18,5382000,350,299,299,-51,-14.57,299,-51,-14.57,299,299,1400-9-13,2021-12-04
845,وسنا,سرمايه گذاري نيروگاهي ايران,2,498,5485470,11355,11015,11015,-340,-2.99,11355,0,0,11015,11015,1400-9-13,2021-12-04
846,اخزا0062,اسنادخزانه-م6بودجه00-030723,2,802318,418129545000,519053,522000,521000,1947,0.38,521152,2099,0.4,521000,522000,1400-9-13,2021-12-04
847,كمينا,شيشه سازي مينا,2,6067,59638610,10134,9830,9830,-304,-3,10132,-2,-0.02,9830,9830,1400-9-13,2021-12-04
848,وسرضوي,س.سهام عدالت استان خراسان رضوي,2,20000,13800000,726,690,690,-36,-4.96,726,0,0,690,690,1400-9-13,2021-12-04
849,ضصاد1110,اختيارخ وبصادر-1400-1400/11/06,2,110,53900000,583,490,490,-93,-15.95,490,-93,-15.95,490,490,1400-9-13,2021-12-04
850,اخزا9172,اسنادخزانه-م17بودجه99-010226,2,330000,300050300000,905825,911000,908365,2540,0.28,909243,3418,0.38,908365,911000,1400-9-13,2021-12-04
851,صايپا412,صكوك مرابحه سايپا412-3ماهه 16%,2,20000,20000000000,1020000,1000000,1000000,-20000,-1.96,1000000,-20000,-1.96,1000000,1000000,1400-9-13,2021-12-04
852,افران2,صندوق س افرا نماد پايدار-ثابت,2,14900000,14900000,14882,1,1,-14881,-99.99,1,-14881,-99.99,1,1,1400-9-13,2021-12-04
853,ضجار1024,اختيارخ وتجارت-3000-1400/10/15,2,2,26000,11,13,13,2,18.18,13,2,18.18,13,13,1400-9-13,2021-12-04
854,فولاد2,فولاد مباركه اصفهان,2,26000000,263180000000,10070,10130,10110,40,0.4,10122,52,0.52,10110,10130,1400-9-13,2021-12-04
855,ضشنا1051,اختيارخ شپنا-8719-1400/10/19,2,3,451410,70,82,82,12,17.14,82,12,17.14,82,82,1400-9-13,2021-12-04
856,صايپا308,صكوك مرابحه سايپا308-3ماهه 18%,2,2030,2071500000,1000000,1000000,1020750,20750,2.08,1020443,20443,2.04,1000000,1020750,1400-9-13,2021-12-04
857,ضذوب903,اختيارخ ذوب-4000-14000917,2,8,96000,4,12,12,8,200,12,8,200,12,12,1400-9-13,2021-12-04
858,غبهار,كشت وصنعت بهاران گلبهار خراسان,1,293,5090289,17910,17373,17373,-537,-3,17910,0,0,17373,17373,1400-9-13,2021-12-04
859,كدما2,معدني‌ دماوند,1,3425885,239743432300,73660,69980,69980,-3680,-5,69980,-3680,-5,69980,69980,1400-9-13,2021-12-04
860,رنيك2,جنرال مكانيك,1,3947457,43015438929,11071,10897,10897,-174,-1.57,10897,-174,-1.57,10897,10897,1400-9-13,2021-12-04
861,مصفها012,مشاركت ش اصفهان012-3ماهه20%,1,300,305772600,1009242,1019242,1019242,10000,0.99,1019242,10000,0.99,1019242,1019242,1400-9-13,2021-12-04
862,سلار,شركت سيمان لارستان,1,200,5395400,27811,26977,26977,-834,-3,27811,0,0,26977,26977,1400-9-13,2021-12-04
863,اخزا8152,اسنادخزانه-م15بودجه98-010406,1,250000,221550000000,880837,886200,886200,5363,0.61,886200,5363,0.61,886200,886200,1400-9-13,2021-12-04
864,دشيري,شيرين دارو,1,46,5755842,128996,125127,125127,-3869,-3,128994,-2,0,125127,125127,1400-9-13,2021-12-04
865,ضفار1131,اختيارخ فارس-8400-1400/11/06,1,2,4520000,381,2260,2260,1879,493.18,2260,1879,493.18,2260,2260,1400-9-13,2021-12-04
866,پست0108پ08,پسته فندقي32-30مه ولات0108(پ),1,6,14046582,2022329,2341097,2341097,318768,15.76,2341097,318768,15.76,2341097,2341097,1400-9-13,2021-12-04
867,حشكوه4,دليجان طلايي شكوه پارس,1,22500000,79852500000,3724,3549,3549,-175,-4.7,3549,-175,-4.7,3549,3549,1400-9-13,2021-12-04
868,شكف,كف,1,180,16840080,97454,93556,93556,-3898,-4,97447,-7,-0.01,93556,93556,1400-9-13,2021-12-04
869,ماهان01,منفعت هواپيمايي ماهان 14011123,1,5,4715000,943000,943000,943000,0,0,943000,0,0,943000,943000,1400-9-13,2021-12-04
870,ضبدر1164,اختيارخ شبندر-7000-1400/11/13,1,4,1400000,303,350,350,47,15.51,350,47,15.51,350,350,1400-9-13,2021-12-04
871,اراد46,مرابحه عام دولت4-ش.خ 0302,1,11000,11000000000,1000000,1000000,1000000,0,0,1000000,0,0,1000000,1000000,1400-9-13,2021-12-04
872,ضملت1135,اختيارخ وبملت-4000-1400/11/13,1,100,8200000,82,82,82,0,0,82,0,0,82,82,1400-9-13,2021-12-04
873,ضشراز1201,اختيارخ شراز-109000-14001208,1,5,120000000,1,24000,24000,23999,2399900,24000,23999,2399900,24000,24000,1400-9-13,2021-12-04
874,اخزا0082,اسنادخزانه-م8بودجه00-030919,1,414273,208379319000,507626,503000,503000,-4626,-0.91,503000,-4626,-0.91,503000,503000,1400-9-13,2021-12-04
875,هماي2,صندوق س هماي آگاه-ثابت,1,12725292,12725292,10062,1,1,-10061,-99.99,1,-10061,-99.99,1,1,1400-9-13,2021-12-04
876,ثنظام,س. ساختماني نظام مهندسي ايران,1,2338,49815766,21965,21307,21307,-658,-3,21961,-4,-0.02,21307,21307,1400-9-13,2021-12-04
877,مبين011,اجاره اعتماد مبين لوتوس010710,1,2000,1950000000,985000,975000,975000,-10000,-1.02,975000,-10000,-1.02,975000,975000,1400-9-13,2021-12-04
878,حسينا2,توسعه خدمات دريايي وبندري سينا,1,1299617,53852229629,41812,41437,41437,-375,-0.9,41437,-375,-0.9,41437,41437,1400-9-13,2021-12-04
879,ضصاد1112,اختيارخ وبصادر-1800-1400/11/06,1,2,498000,226,249,249,23,10.18,249,23,10.18,249,249,1400-9-13,2021-12-04
880,اخزا009,اسناد خزانه-م9بودجه00-031101,1,70,34300000,492045,490000,490000,-2045,-0.42,490000,-2045,-0.42,490000,490000,1400-9-13,2021-12-04
881,هاميد104,اختيارف ت ثاميد-2050-01/04/20,1,10000,4390000,429,439,439,10,2.33,439,10,2.33,439,439,1400-9-13,2021-12-04
882,صعبيد312,صكوك اجاره دعبيد-3ماهه18%,1,10,9960000,1000000,996000,996000,-4000,-0.4,996000,-4000,-0.4,996000,996000,1400-9-13,2021-12-04
883,ضمخا1037,اختيارخ اخابر-9000-1400/10/26,1,36,1800000,455,50,50,-405,-89.01,50,-405,-89.01,50,50,1400-9-13,2021-12-04
884,مشهد212,مشاركت ش مشهد212-3ماهه18%,1,1000,1000000000,976125,1000000,1000000,23875,2.45,1000000,23875,2.45,1000000,1000000,1400-9-13,2021-12-04
885,تبريز304,مشاركت ش تبريز304-3ماهه18%,1,6000,6002514000,1000419,1000419,1000419,0,0,1000419,0,0,1000419,1000419,1400-9-13,2021-12-04
886,زير0103پ01,زيره سبز0103كيميابذر(پ),1,10,9000000,912200,900000,900000,-12200,-1.34,900000,-12200,-1.34,900000,900000,1400-9-13,2021-12-04
887,پرند,صندوق س. پروژه آرمان پرند مپنا,1,20000,145980000,7294,7299,7299,5,0.07,7299,5,0.07,7299,7299,1400-9-13,2021-12-04
888,ضذوب904,اختيارخ ذوب-4500-14000917,1,1,100000,1,100,100,99,9900,100,99,9900,100,100,1400-9-13,2021-12-04
889,گكوثر2,هتل پارسيان كوثر اصفهان,1,10034812,19166490920,1957,1910,1910,-47,-2.4,1910,-47,-2.4,1910,1910,1400-9-13,2021-12-04
890,زبينا2,كشاورزي و دامپروري بينالود,1,21138319,43249000674,2045,2046,2046,1,0.05,2046,1,0.05,2046,2046,1400-9-13,2021-12-04
891,سرو2,صندوق س سروسودمند مدبران-سهام,1,500000,500000,67860,1,1,-67859,-100,1,-67859,-100,1,1,1400-9-13,2021-12-04
892,حآفرين2,ريل پرداز نو آفرين,1,17500000,99050000000,5625,5660,5660,35,0.62,5660,35,0.62,5660,5660,1400-9-13,2021-12-04
893,اراد11,مرابحه عام دولت1-ش.خ لوتوس0206,1,18000,18000000000,1000000,1000000,1000000,0,0,1000000,0,0,1000000,1000000,1400-9-13,2021-12-04
894,ضستا1005,اختيارخ شستا-14000-1400/10/29,1,20,9000000,398,450,450,52,13.07,450,52,13.07,450,450,1400-9-13,2021-12-04
895,خلنت4,لنت‌ ترمزايران‌,1,384000,25524480000,68720,66470,66470,-2250,-3.27,66470,-2250,-3.27,66470,66470,1400-9-13,2021-12-04
896,تملي706,تسهيلات مسكن ب. ملي-شهريور97,1,10,6578810,692506,657881,657881,-34625,-5,657881,-34625,-5,657881,657881,1400-9-13,2021-12-04
897,اروند10,منفعت صبا اروند لوتوس 14001222,1,2000,2000000000,1005000,1000000,1000000,-5000,-0.5,1000000,-5000,-0.5,1000000,1000000,1400-9-13,2021-12-04
898,حريل2,ريل پردازسير,1,37000000,98790000000,2709,2670,2670,-39,-1.44,2670,-39,-1.44,2670,2670,1400-9-13,2021-12-04
899,دمعيار2,صندوق س. توازن معيار-د,1,800000,800000,9940,1,1,-9939,-99.99,1,-9939,-99.99,1,1,1400-9-13,2021-12-04
900,كارا2,صندوق س. كارا -د,1,200000,200000,10294,1,1,-10293,-99.99,1,-10293,-99.99,1,1,1400-9-13,2021-12-04
901,زيتون2,صندوق س زيتون نماد پايا- مختلط,1,190000,190000,9538,1,1,-9537,-99.99,1,-9537,-99.99,1,1,1400-9-13,2021-12-04
902,صخود0412,ص مرابحه خودرو041- 3ماهه 18%,1,100000,98000000000,990000,980000,980000,-10000,-1.01,980000,-10000,-1.01,980000,980000,1400-9-13,2021-12-04
903,كگاز2,شيشه‌ و گاز,1,3616761,53564230410,14940,14810,14810,-130,-0.87,14810,-130,-0.87,14810,14810,1400-9-13,2021-12-04
904,ضمخا1036,اختيارخ اخابر-8000-1400/10/26,1,2,400000,411,200,200,-211,-51.34,200,-211,-51.34,200,200,1400-9-13,2021-12-04
905,بپيوند2,برق و انرژي پيوندگستر پارس,1,2165289,21793633785,10200,10065,10065,-135,-1.32,10065,-135,-1.32,10065,10065,1400-9-13,2021-12-04
906,اخزا0042,اسنادخزانه-م4بودجه00-030522,1,163941,88757657400,540426,541400,541400,974,0.18,541400,974,0.18,541400,541400,1400-9-13,2021-12-04
907,صبهمن4042,صكوك مرابحه بهمن404-3ماهه 18%,1,200000,200000000000,997880,1000000,1000000,2120,0.21,1000000,2120,0.21,1000000,1000000,1400-9-13,2021-12-04
908,امين يكم4,صندوق درآمد ثابت امين يكم فردا,1,218591000,2199899824000,10050,10064,10064,14,0.14,10064,14,0.14,10064,10064,1400-9-13,2021-12-04
909,واتي2,سرمايه‌ گذاري‌ آتيه‌ دماوند,1,3315000,30663750000,9540,9250,9250,-290,-3.04,9250,-290,-3.04,9250,9250,1400-9-13,2021-12-04
