,نماد,نام,تعداد,حجم,ارزش,دیروز,اولین,آخرین معامله - مقدار,آخرین معامله - تغییر,آخرین معامله - درصد,قیمت پایانی - مقدار,قیمت پایانی - تغییر,قیمت پایانی - درصد,کمترین,بیشترین,تاریخ,gregorian_date
0,پالايش,صندوق پالايشي يكم-سهام,22557,20131932,1415543955050,72460,71390,69570,-2890,-3.99,70310,-2150,-2.97,69570,71500,1400-2-1,2021-04-21
1,دارا يكم,صندوق واسطه گري مالي يكم-سهام,21692,18885229,2455020741690,132040,131300,128000,-4040,-3.06,130000,-2040,-1.54,127030,132780,1400-2-1,2021-04-21
2,شستا,سرمايه گذاري تامين اجتماعي,11815,61346390,709729868790,11800,11620,11450,-350,-2.97,11570,-230,-1.95,11450,11900,1400-2-1,2021-04-21
3,امين يكم,صندوق درآمد ثابت امين يكم فردا,10257,691134676,6946595609814,10213,10054,10062,-151,-1.48,10051,-162,-1.59,10048,10063,1400-2-1,2021-04-21
4,وبملت,بانك ملت,10032,300314925,1258923232140,4180,4200,4190,10,0.24,4190,10,0.24,4120,4250,1400-2-1,2021-04-21
5,فملي,ملي‌ صنايع‌ مس‌ ايران‌,8561,51031391,563241117750,11280,11110,11000,-280,-2.48,11040,-240,-2.13,10950,11290,1400-2-1,2021-04-21
6,امينح,ح . تامين سرمايه امين,8261,6344957,28775301430,4600,4530,4450,-150,-3.26,4540,-60,-1.3,4400,4780,1400-2-1,2021-04-21
7,وتجارت,بانك تجارت,7799,415336512,1087698910840,2680,2640,2620,-60,-2.24,2620,-60,-2.24,2600,2660,1400-2-1,2021-04-21
8,فولاد,فولاد مباركه اصفهان,7164,55757581,675013743150,12350,12200,12020,-330,-2.67,12110,-240,-1.94,11980,12360,1400-2-1,2021-04-21
9,خودرو,ايران‌ خودرو,6949,214824503,465014204000,2220,2190,2160,-60,-2.7,2160,-60,-2.7,2160,2210,1400-2-1,2021-04-21
10,بركت,گروه دارويي بركت,5878,13220510,415656986150,32260,31600,31300,-960,-2.98,31440,-820,-2.54,31300,32150,1400-2-1,2021-04-21
11,وبصادر,بانك صادرات ايران,5369,247235752,566946880390,2360,2310,2290,-70,-2.97,2290,-70,-2.97,2290,2350,1400-2-1,2021-04-21
12,امين يكم2,صندوق درآمد ثابت امين يكم فردا,4700,470000000,470000000,10213,1,1,-10212,-99.99,1,-10212,-99.99,1,1,1400-2-1,2021-04-21
13,پترول,گ.س.وت.ص.پتروشيمي خليج فارس,4576,30545860,267890056030,9010,8820,8740,-270,-3,8770,-240,-2.66,8740,9000,1400-2-1,2021-04-21
14,كمند,صندوق س. با درآمد ثابت كمند,4525,660610652,6673356940824,10088,10094,10100,12,0.12,10102,14,0.14,10094,10103,1400-2-1,2021-04-21
15,كيان,صندوق س. با درآمد ثابت كيان,4400,154797574,4345987650612,28045,28080,28075,30,0.11,28075,30,0.11,28075,28081,1400-2-1,2021-04-21
16,ساراب,سيمان‌ داراب‌,4194,12368028,257943633590,19800,20500,21250,1450,7.32,20860,1060,5.35,20340,21500,1400-2-1,2021-04-21
17,اپال,فرآوري معدني اپال كاني پارس,4177,6881235,116426326760,16920,16480,16920,0,0,16920,0,0,16480,17290,1400-2-1,2021-04-21
18,وكبهمن,مديريت سرمايه گذاري كوثربهمن,3749,4108522,42682706871,10702,10411,10401,-301,-2.81,10409,-293,-2.74,10381,10530,1400-2-1,2021-04-21
19,بوعلي,پتروشيمي بوعلي سينا,3571,1360540,56610412000,41990,41610,41680,-310,-0.74,41620,-370,-0.88,41400,41990,1400-2-1,2021-04-21
20,خساپا,سايپا,3385,122850951,254895691240,2130,2080,2070,-60,-2.82,2070,-60,-2.82,2070,2110,1400-2-1,2021-04-21
21,آبادا,توليد نيروي برق آبادان,3357,2675078,34446317440,13060,12690,12670,-390,-2.99,12930,-130,-1,12670,13120,1400-2-1,2021-04-21
22,آريا,پليمر آريا ساسول,3287,1480404,125956262919,85795,84300,85150,-645,-0.75,85082,-713,-0.83,84300,86900,1400-2-1,2021-04-21
23,سيتا,سرمايه گذاري سيمان تامين,2853,5588508,83839963160,15000,15010,15000,0,0,15000,0,0,15000,15020,1400-2-1,2021-04-21
24,ولانا,شركت ليزينگ آريا دانا,2385,2990227,127832359488,43062,43200,42201,-861,-2,42750,-312,-0.72,42201,44000,1400-2-1,2021-04-21
25,غگل,گلوكوزان‌,2299,29938768,95889458620,3290,3210,3200,-90,-2.74,3200,-90,-2.74,3200,3290,1400-2-1,2021-04-21
26,وغدير,سرمايه‌گذاري‌غدير(هلدينگ‌,2299,18761249,191178745360,10480,10220,10170,-310,-2.96,10190,-290,-2.77,10170,10580,1400-2-1,2021-04-21
27,بگيلان,توسعه مسير برق گيلان,2276,549650,11348536405,21281,20671,20643,-638,-3,21130,-151,-0.71,20643,20701,1400-2-1,2021-04-21
28,سفارس,سيمان فارس و خوزستان,2145,15762896,265946052840,18270,17270,16760,-1510,-8.26,16870,-1400,-7.66,16760,17270,1400-2-1,2021-04-21
29,صبا,سرمايه گذاري صبا تامين,2107,8289566,62373104090,7523,7461,7431,-92,-1.22,7524,1,0.01,7400,7670,1400-2-1,2021-04-21
30,اوصتا2,صندوق انديشه ورزان صباتامين -د,1899,189900000,189900000,18410,1,1,-18409,-99.99,1,-18409,-99.99,1,1,1400-2-1,2021-04-21
31,فخوز,فولاد  خوزستان,1893,8524677,125153376100,14760,14420,14640,-120,-0.81,14680,-80,-0.54,14420,15000,1400-2-1,2021-04-21
32,شپنا,پالايش نفت اصفهان,1787,14735179,163868110860,11460,11120,11120,-340,-2.97,11120,-340,-2.97,11120,11200,1400-2-1,2021-04-21
33,كارين,صندوق س نگين سامان-ثابت,1731,80961029,810157076623,10197,10007,10009,-188,-1.84,10007,-190,-1.86,10005,10009,1400-2-1,2021-04-21
34,فارس,صنايع پتروشيمي خليج فارس,1726,14571695,131720457280,9280,9300,9010,-270,-2.91,9040,-240,-2.59,9010,9300,1400-2-1,2021-04-21
35,وپارس,بانك‌پارسيان‌,1687,52851770,137190062570,2650,2610,2580,-70,-2.64,2600,-50,-1.89,2580,2640,1400-2-1,2021-04-21
36,وپاسار,بانك  پاسارگاد,1640,11254639,153738636800,13580,13650,13660,80,0.59,13660,80,0.59,13640,13800,1400-2-1,2021-04-21
37,شگويا,پتروشيمي تندگويان,1639,10796051,91973720334,8765,8590,8503,-262,-2.99,8519,-246,-2.81,8503,8700,1400-2-1,2021-04-21
38,تاپيكو,س. نفت و گاز و پتروشيمي تأمين,1528,10261687,111991693140,11030,10770,10720,-310,-2.81,10910,-120,-1.09,10700,11240,1400-2-1,2021-04-21
39,كيان2,صندوق س. با درآمد ثابت كيان,1510,150900000,150900000,28045,1,1,-28044,-100,1,-28044,-100,1,1,1400-2-1,2021-04-21
40,اعتماد,صندوق س.اعتماد آفرين پارسيان-د,1460,33550780,1208530960830,35982,36002,36030,48,0.13,36021,39,0.11,36000,36034,1400-2-1,2021-04-21
41,آوا,صندوق س.سهام آواي معيار-س,1437,9322618,57581539211,6254,6280,6101,-153,-2.45,6177,-77,-1.23,6066,6295,1400-2-1,2021-04-21
42,شتران,پالايش نفت تهران,1428,23500871,211037821580,9250,8980,8980,-270,-2.92,8980,-270,-2.92,8980,8980,1400-2-1,2021-04-21
43,نوري,پتروشيمي نوري,1421,1248907,73845533030,60460,59200,59010,-1450,-2.4,59410,-1050,-1.74,58750,61000,1400-2-1,2021-04-21
44,بپيوند,برق و انرژي پيوندگستر پارس,1404,1763728,21977862945,12816,12550,12432,-384,-3,12650,-166,-1.3,12432,12690,1400-2-1,2021-04-21
45,وساپا,سرمايه‌گذاري‌ سايپا,1350,18124287,88501479760,5030,4960,4880,-150,-2.98,4880,-150,-2.98,4880,5000,1400-2-1,2021-04-21
46,ضخود2007,اختيارخ خودرو-3000-1400/02/08,1344,66629,76829000,2,2,1,-1,-50,1,-1,-50,1,2,1400-2-1,2021-04-21
47,وكار,بانك‌ كارآفرين‌,1334,19027861,50103847750,2580,2560,2610,30,1.16,2630,50,1.94,2560,2700,1400-2-1,2021-04-21
48,وخارزمح,ح.سرمايه گذاري خوارزمي,1305,11753670,39235332620,3530,3450,3330,-200,-5.67,3340,-190,-5.38,3320,3450,1400-2-1,2021-04-21
49,ذوب,سهامي ذوب آهن  اصفهان,1260,23100597,80553618884,3589,3510,3482,-107,-2.98,3493,-96,-2.67,3482,3520,1400-2-1,2021-04-21
50,فجر,فولاد اميركبيركاشان,1217,2561542,141572200060,56620,56000,55890,-730,-1.29,55270,-1350,-2.38,54930,57590,1400-2-1,2021-04-21
51,تاصيكو,سرمايه گذاري صدرتامين,1158,11932625,119698689550,10130,9850,9830,-300,-2.96,10030,-100,-0.99,9830,10210,1400-2-1,2021-04-21
52,فنوال,نورد آلومينيوم‌,1146,1831057,46287368590,25260,26000,24510,-750,-2.97,25280,20,0.08,24510,26360,1400-2-1,2021-04-21
53,پترولح,ح . گروه پتروشيمي س. ايرانيان,1121,26605718,184337094470,7260,7700,6830,-430,-5.92,6930,-330,-4.55,6830,7700,1400-2-1,2021-04-21
54,سرچشمه,سرمايه گذاري مس سرچشمه,1107,9817071,62708000556,6388,6220,6400,12,0.19,6388,0,0,6211,6450,1400-2-1,2021-04-21
55,خكرمان,گروه اقتصادي كرمان خودرو,1104,13731326,51783554113,3815,3881,3739,-76,-1.99,3771,-44,-1.15,3739,3881,1400-2-1,2021-04-21
56,افق,فروشگاههاي زنجيره اي افق كوروش,1082,1958425,129843018090,68060,66110,66020,-2040,-3,66300,-1760,-2.59,66020,69500,1400-2-1,2021-04-21
57,كاوه,فولاد كاوه جنوب كيش,1052,3731425,79671266260,21520,21800,21340,-180,-0.84,21390,-130,-0.6,21020,21910,1400-2-1,2021-04-21
58,ضخود2006,اختيارخ خودرو-2500-1400/02/08,1051,55235,631874000,13,14,7,-6,-46.15,11,-2,-15.38,5,17,1400-2-1,2021-04-21
59,غگيلا,شيرپاستوريزه پگاه گيلان,1042,47376,1161091008,23121,24508,24508,1387,6,23151,30,0.13,24508,24508,1400-2-1,2021-04-21
60,شلرد,كود شيميايي اوره لردگان,1041,17013636,110312063632,6581,6460,6470,-111,-1.69,6484,-97,-1.47,6450,6580,1400-2-1,2021-04-21
61,پيزد,مجتمع صنايع لاستيك يزد,1035,138015,8769778607,65507,63542,63542,-1965,-3,65151,-356,-0.54,63542,63600,1400-2-1,2021-04-21
62,كچاد,معدني‌وصنعتي‌چادرملو,1021,3875990,87421252930,22950,23000,22280,-670,-2.92,22640,-310,-1.35,22270,23130,1400-2-1,2021-04-21
63,تملت,تامين سرمايه بانك ملت,1021,8586030,41785591060,5010,4880,4860,-150,-2.99,4880,-130,-2.59,4860,4990,1400-2-1,2021-04-21
64,جمح,ح . پتروشيمي جم,1017,3349907,94114775170,28150,28150,28010,-140,-0.5,28090,-60,-0.21,27730,29000,1400-2-1,2021-04-21
65,آگاس,صندوق س.هستي بخش آگاه-س,988,952875,60865342855,65571,66000,63230,-2341,-3.57,63875,-1696,-2.59,63000,66000,1400-2-1,2021-04-21
66,كگلح,ح . معدني و صنعتي گل گهر,975,3203640,33956381880,11070,10950,10480,-590,-5.33,10600,-470,-4.25,10410,10970,1400-2-1,2021-04-21
67,وملل,اعتباري ملل,973,50638496,676054206481,13350,13360,13351,1,0.01,13351,1,0.01,13349,13360,1400-2-1,2021-04-21
68,ونوين,بانك‌اقتصادنوين‌,910,18648732,81369830800,4450,4440,4320,-130,-2.92,4360,-90,-2.02,4320,4470,1400-2-1,2021-04-21
69,بجهرم,توسعه مولد نيروگاهي جهرم,909,13689927,34750728683,2615,2542,2537,-78,-2.98,2558,-57,-2.18,2537,2600,1400-2-1,2021-04-21
70,تسه9912,امتياز تسهيلات مسكن اسفند99,884,30310,14981181509,494929,510000,481000,-13929,-2.81,494265,-664,-0.13,481000,519675,1400-2-1,2021-04-21
71,ونيكي,سرمايه‌گذاري‌ ملي‌ايران‌,881,5797716,51495557240,9130,8860,8860,-270,-2.96,8920,-210,-2.3,8860,9180,1400-2-1,2021-04-21
72,سرو,صندوق س سروسودمند مدبران-سهام,860,710944,45314574400,64820,64250,63530,-1290,-1.99,63740,-1080,-1.67,63100,64480,1400-2-1,2021-04-21
73,سشرق,سيمان‌ شرق‌,834,5079466,32886433770,6860,6600,6410,-450,-6.56,6590,-270,-3.94,6410,6640,1400-2-1,2021-04-21
74,شپديس,پتروشيمي پرديس,817,938025,89855770340,95910,96930,94870,-1040,-1.08,95810,-100,-0.1,94100,97000,1400-2-1,2021-04-21
75,كرمان,س. توسعه و عمران استان كرمان,811,20543118,24939345252,1251,1214,1214,-37,-2.96,1232,-19,-1.52,1214,1214,1400-2-1,2021-04-21
76,وثنو,سرمايه گذاري ساختماني نوين,807,4675954,25927664334,5643,5460,5550,-93,-1.65,5545,-98,-1.74,5361,5770,1400-2-1,2021-04-21
77,وصنعت,سرمايه گذاري توسعه صنعت وتجارت,804,4208646,25375120240,6080,6170,6030,-50,-0.82,6050,-30,-0.49,5990,6170,1400-2-1,2021-04-21
78,سيدكو,سرمايه گذاري توسعه صنايع سيمان,796,8253432,51665873540,6410,6490,6220,-190,-2.96,6260,-150,-2.34,6220,6490,1400-2-1,2021-04-21
79,ومهان,گروه توسعه مالي مهر آيندگان,746,3642703,43824293601,12274,12150,11953,-321,-2.62,12052,-222,-1.81,11932,12332,1400-2-1,2021-04-21
80,هرمز,فولاد هرمزگان جنوب,746,3201937,46908489097,14710,14690,14600,-110,-0.75,14686,-24,-0.16,14398,14980,1400-2-1,2021-04-21
81,فايرا,آلومينيوم‌ايران‌,719,3237998,55636544210,17710,17180,17180,-530,-2.99,17270,-440,-2.48,17180,17520,1400-2-1,2021-04-21
82,زاگرس,پتروشيمي زاگرس,700,218136,43967712423,204707,205000,200000,-4707,-2.3,203240,-1467,-0.72,198567,208630,1400-2-1,2021-04-21
83,وشهر,بانك شهر,686,4613175,25420404682,5572,5748,5400,-172,-3.09,5526,-46,-0.83,5390,5748,1400-2-1,2021-04-21
84,وسينا,بانك سينا,685,15760047,46478085430,3030,2980,2940,-90,-2.97,2950,-80,-2.64,2940,3070,1400-2-1,2021-04-21
85,كگل,معدني و صنعتي گل گهر,684,3233441,46563766020,14600,14780,14170,-430,-2.95,14520,-80,-0.55,14170,14780,1400-2-1,2021-04-21
86,سغرب,سيمان‌غرب‌,656,1768665,62925745080,37130,36020,34940,-2190,-5.9,35580,-1550,-4.17,34940,36990,1400-2-1,2021-04-21
87,شسپا,نفت سپاهان,614,2858835,42589878600,14960,14640,14970,10,0.07,14910,-50,-0.33,14610,15200,1400-2-1,2021-04-21
88,رتاپح,ح.تجارت الكترونيك پارسيان,594,28668232,137608841330,5070,5070,4800,-270,-5.33,4800,-270,-5.33,4800,5070,1400-2-1,2021-04-21
89,آساميد,صندوق س.مشترك آسمان اميد -د,570,26607648,316980309172,11908,11922,11913,5,0.04,11913,5,0.04,11913,11922,1400-2-1,2021-04-21
90,رتاپ,تجارت الكترونيك  پارسيان,559,6085033,42292234140,7390,6950,6950,-440,-5.95,6990,-400,-5.41,6950,7000,1400-2-1,2021-04-21
91,ياقوت,صندوق س ياقوت آگاه-ثابت,527,12456095,153273473273,12292,12297,12305,13,0.11,12305,13,0.11,12291,12306,1400-2-1,2021-04-21
92,ارفع,شركت آهن و فولاد ارفع,522,2341703,34377102994,14853,14990,14560,-293,-1.97,14769,-84,-0.57,14408,14990,1400-2-1,2021-04-21
93,ضخود2005,اختيارخ خودرو-2000-1400/02/08,514,21735,2163082000,145,138,78,-67,-46.21,100,-45,-31.03,70,139,1400-2-1,2021-04-21
94,فباهنرح,ح . مس‌ شهيدباهنر,508,1997605,31013035990,15790,15960,15400,-390,-2.47,15530,-260,-1.65,15400,15960,1400-2-1,2021-04-21
95,بموتو,موتوژن‌,503,543250,30515166800,56760,55070,55060,-1700,-3,56390,-370,-0.65,55060,58970,1400-2-1,2021-04-21
96,همراه,شركت ارتباطات سيار ايران,498,1619630,40525620020,25750,25070,24980,-770,-2.99,25440,-310,-1.2,24980,25670,1400-2-1,2021-04-21
97,وسكاب,س.ص.بازنشستگي كاركنان بانكها,495,2439489,11987224710,5000,5030,4970,-30,-0.6,4980,-20,-0.4,4850,5050,1400-2-1,2021-04-21
98,خگستر,گسترش‌سرمايه‌گذاري‌ايران‌خودرو,495,10364465,26222096450,2600,2530,2530,-70,-2.69,2560,-40,-1.54,2530,2530,1400-2-1,2021-04-21
99,باران,بيمه زندگي باران50%تاديه,495,24128638,84450233000,500,3500,3500,3000,600,3500,3000,600,3500,3500,1400-2-1,2021-04-21
100,وبانك,سرمايه گذاري گروه توسعه ملي,491,4194129,33820869260,8270,8030,8030,-240,-2.9,8190,-80,-0.97,8030,8540,1400-2-1,2021-04-21
101,ارزش,صندوق س ارزش آفرين بيدار-سهام,488,2993321,27447378200,9340,9250,9130,-210,-2.25,9170,-170,-1.82,9080,9290,1400-2-1,2021-04-21
102,شصدف,صنعتي دوده فام,488,73689,2371754154,30365,32186,32186,1821,6,30446,81,0.27,32186,32186,1400-2-1,2021-04-21
103,سپاها,سيمان‌سپاهان‌,476,3968547,32884484490,8550,8510,8260,-290,-3.39,8370,-180,-2.11,8260,8510,1400-2-1,2021-04-21
104,سكه0012پ01,تمام سكه طرح جديد0012رفاه,473,147700,147903357400,991012,1007900,1000000,8988,0.91,1001377,10365,1.05,999101,1007950,1400-2-1,2021-04-21
105,سرود,سيمان‌شاهرود,469,1544060,30911075040,20220,20300,19700,-520,-2.57,20090,-130,-0.64,19700,20870,1400-2-1,2021-04-21
106,بميلا,توسعه بازرگاني آهن وفولادميلاد,469,2534877,32631850899,12532,12069,13158,626,5,12873,341,2.72,11970,13158,1400-2-1,2021-04-21
107,مدير,ص.س.مديريت ثروت ص.بازنشستگي-س,462,1209843,9579301549,8105,8060,7856,-249,-3.07,7918,-187,-2.31,7830,8060,1400-2-1,2021-04-21
108,شبريز,پالايش نفت تبريز,455,1957254,53257449080,28050,27210,27210,-840,-2.99,27570,-480,-1.71,27210,27240,1400-2-1,2021-04-21
109,بپاس,بيمه پاسارگاد,444,837159,73765896080,88149,88150,88172,23,0.03,88124,-25,-0.03,87500,88611,1400-2-1,2021-04-21
110,وساخت,سرمايه‌ گذاري‌ ساختمان‌ايران‌,443,1171390,51909374420,45680,44310,44310,-1370,-3,44310,-1370,-3,44310,45990,1400-2-1,2021-04-21
111,طلا,صندوق س.پشتوانه طلاي لوتوس,437,191872,13761246711,71315,71455,71900,585,0.82,71721,406,0.57,71400,72000,1400-2-1,2021-04-21
112,آكورد,صندوق س. آرمان آتي كوثر-د,432,8643069,273951374873,31680,31695,31700,20,0.06,31696,16,0.05,31694,31700,1400-2-1,2021-04-21
113,شفن,پتروشيمي فناوران,432,94881,30952865630,324090,328980,323900,-190,-0.06,324750,660,0.2,323700,328980,1400-2-1,2021-04-21
114,شگلح,ح . گلتاش‌,422,2355190,14282914830,6210,6100,6000,-210,-3.38,6060,-150,-2.42,5950,6200,1400-2-1,2021-04-21
115,آكورد2,صندوق س. آرمان آتي كوثر-د,420,42000000,42000000,31680,1,1,-31679,-100,1,-31679,-100,1,1,1400-2-1,2021-04-21
116,سامان,بانك سامان,411,12410977,112695999570,9265,9100,9080,-185,-2,9080,-185,-2,9080,9250,1400-2-1,2021-04-21
117,افران,صندوق س افرا نماد پايدار-ثابت,411,10146796,133400022341,13141,13144,13146,5,0.04,13147,6,0.05,13144,13150,1400-2-1,2021-04-21
118,تصميم,صندوق س با درآمد ثابت تصميم,392,4140276,67013453711,16163,16171,16182,19,0.12,16186,23,0.14,16171,16229,1400-2-1,2021-04-21
119,حفاري,حفاري شمال,391,4366632,30179428080,7120,6910,6910,-210,-2.95,6990,-130,-1.83,6910,7000,1400-2-1,2021-04-21
120,پارند,صندوق س. پارند پايدار سپهر,385,8813050,99437559166,11270,11284,11291,21,0.19,11283,13,0.12,11277,11295,1400-2-1,2021-04-21
121,ميدكو,هلدينگ صنايع  معدني خاورميانه,384,1160483,37832602986,32588,32628,32592,4,0.01,32592,4,0.01,32588,32800,1400-2-1,2021-04-21
122,تسه9911,امتياز تسهيلات مسكن بهمن99,382,10528,5176894556,494152,500000,492000,-2152,-0.44,491726,-2426,-0.49,480000,505000,1400-2-1,2021-04-21
123,تيپيكو,سرمايه گذاري دارويي تامين,373,1359163,52349639750,39690,39000,38500,-1190,-3,38770,-920,-2.32,38500,39660,1400-2-1,2021-04-21
124,تسه9910,امتياز تسهيلات مسكن دي99,373,18768,9227920022,490828,481000,485065,-5763,-1.17,491684,856,0.17,480100,505000,1400-2-1,2021-04-21
125,دعبيد,لابراتوارداروسازي‌  دكترعبيدي‌,363,587492,13437135020,22850,23190,23020,170,0.74,22860,10,0.04,22600,23200,1400-2-1,2021-04-21
126,خريخت,صنايع‌ريخته‌گري‌ايران‌,359,10543720,33107823290,3230,3140,3140,-90,-2.79,3170,-60,-1.86,3140,3180,1400-2-1,2021-04-21
127,ثباغ,شهر سازي و خانه سازي باغميشه,338,1083134,17083432052,16223,15738,15737,-486,-3,16061,-162,-1,15737,16157,1400-2-1,2021-04-21
128,ثمسكن,سرمايه‌گذاري‌ مسكن‌,333,9043840,45852298800,5220,5070,5070,-150,-2.87,5080,-140,-2.68,5070,5100,1400-2-1,2021-04-21
129,شبهرن,نفت‌ بهران‌,333,2381612,30365553000,13140,12750,12750,-390,-2.97,12950,-190,-1.45,12750,12750,1400-2-1,2021-04-21
130,حتايد,تايدواترخاورميانه,326,1619271,42820314780,27240,26600,26430,-810,-2.97,26520,-720,-2.64,26430,27200,1400-2-1,2021-04-21
131,وخاور,بانك خاورميانه,325,1806327,15208844140,8570,8450,8390,-180,-2.1,8520,-50,-0.58,8360,8580,1400-2-1,2021-04-21
132,شاراك,پتروشيمي شازند,324,1301994,31762114730,24490,24430,24430,-60,-0.24,24450,-40,-0.16,24050,24850,1400-2-1,2021-04-21
133,واحيا,م .صنايع و معادن احياء سپاهان,321,594324,78322118088,134435,131747,132490,-1945,-1.45,131784,-2651,-1.97,131747,134400,1400-2-1,2021-04-21
134,ونفت,سرمايه‌گذاري‌ صنعت‌ نفت‌,321,1391863,20549302680,15100,14650,14650,-450,-2.98,14950,-150,-0.99,14650,15250,1400-2-1,2021-04-21
135,فاسمين,كالسيمين‌,319,2134766,33948036450,16390,15900,15900,-490,-2.99,16040,-350,-2.14,15900,16320,1400-2-1,2021-04-21
136,گكيشح,ح.توريستي ورفاهي آبادگران كيش,317,704232,21225289232,29622,30510,30500,878,2.96,30140,518,1.75,29623,30510,1400-2-1,2021-04-21
137,شساخت,مهندسي و ساختمان صنايع نفت,312,677907,25154692056,36184,36201,37269,1085,3,36805,621,1.72,35461,37269,1400-2-1,2021-04-21
138,شبصير,توليدات پتروشيمي قائد بصير,311,473675,31854005801,69109,68000,67036,-2073,-3,67852,-1257,-1.82,67036,69700,1400-2-1,2021-04-21
139,شبندر,پالايش نفت بندرعباس,306,999581,22190698200,22880,22200,22200,-680,-2.97,22740,-140,-0.61,22200,22200,1400-2-1,2021-04-21
140,تماوند,تامين سرمايه دماوند,305,1066325,17743431633,16461,16636,16400,-61,-0.37,16623,162,0.98,16330,16950,1400-2-1,2021-04-21
141,سحرخيز,صندوق س. گروه زعفران سحرخيز,297,1021670,10226097505,10068,10105,9955,-113,-1.12,10009,-59,-0.59,9920,10105,1400-2-1,2021-04-21
142,كنور,توسعه معدني و صنعتي صبانور,286,843468,38262501500,46300,45330,44930,-1370,-2.96,45630,-670,-1.45,44920,47370,1400-2-1,2021-04-21
143,زشريف,كشت وصنعت شريف آباد,283,2354730,12117775328,5231,5231,5075,-156,-2.98,5210,-21,-0.4,5075,5339,1400-2-1,2021-04-21
144,فردا,صندوق س آواي فرداي زاگرس-ثابت,274,11859381,125116648488,10545,10550,10550,5,0.05,10550,5,0.05,10548,10552,1400-2-1,2021-04-21
145,شغدير,پتروشيمي غدير,273,533395,33177126460,1000,63880,62130,61130,6113,62200,61200,6120,61970,63880,1400-2-1,2021-04-21
146,گوهران,سرمايه گذاري توسعه گوهران اميد,270,1213234,8482050001,7137,6923,6923,-214,-3,7111,-26,-0.36,6923,7280,1400-2-1,2021-04-21
147,فنورد,نوردوقطعات‌ فولادي‌,270,172983,29598684870,176330,171050,171050,-5280,-2.99,172990,-3340,-1.89,171050,175340,1400-2-1,2021-04-21
148,دمعيار,صندوق س. توازن معيار-د,268,12241075,122422756178,10144,10004,10003,-141,-1.39,10001,-143,-1.41,9995,10010,1400-2-1,2021-04-21
149,جم,پتروشيمي جم,266,904441,32118052460,35630,34750,35100,-530,-1.49,35590,-40,-0.11,34600,35910,1400-2-1,2021-04-21
150,كرماشا,صنايع پتروشيمي كرمانشاه,263,436858,15495590510,35430,34400,35000,-430,-1.21,35440,10,0.03,34400,37400,1400-2-1,2021-04-21
151,تسه9908,امتياز تسهيلات مسكن آبان99,262,4319,2126543728,491283,515847,515847,24564,5,492369,1086,0.22,472000,515847,1400-2-1,2021-04-21
152,وحكمت,بيمه حكمت صبا,258,2141823,7742481063,3656,3656,3630,-26,-0.71,3639,-17,-0.46,3583,3677,1400-2-1,2021-04-21
153,درازك,دارويي‌ رازك‌,256,774107,24899800830,33040,32050,32090,-950,-2.88,32590,-450,-1.36,32050,33500,1400-2-1,2021-04-21
154,سبزوا,سيمان لار سبزوار,255,2127204,7119751788,3450,3347,3347,-103,-2.99,3435,-15,-0.43,3347,3347,1400-2-1,2021-04-21
155,شيران,س. صنايع‌شيميايي‌ايران,255,1529175,35232192000,23750,23040,23040,-710,-2.99,23450,-300,-1.26,23040,23040,1400-2-1,2021-04-21
156,حسينا,توسعه خدمات دريايي وبندري سينا,252,171202,10988324326,65925,66190,63949,-1976,-3,65512,-413,-0.63,63948,66200,1400-2-1,2021-04-21
157,تنوين,تامين سرمايه نوين,248,3615232,25448432700,7160,7210,6950,-210,-2.93,7100,-60,-0.84,6950,7210,1400-2-1,2021-04-21
158,شرانل,نفت ايرانول,248,290551,11075894288,37999,38610,38015,16,0.04,38026,27,0.07,37900,38610,1400-2-1,2021-04-21
159,شخارك,پتروشيمي‌ خارك‌,248,526473,23493424500,44700,43850,44030,-670,-1.5,44680,-20,-0.04,43600,45200,1400-2-1,2021-04-21
160,وتوسم,سرمايه‌گذاري‌توسعه‌ملي‌,241,1667673,14026256930,8660,8410,8410,-250,-2.89,8590,-70,-0.81,8410,8500,1400-2-1,2021-04-21
161,سپاس,صندوق س. پاداش سهامداري-ثابت,240,8506761,85893443816,10088,10095,10098,10,0.1,10097,9,0.09,10094,10098,1400-2-1,2021-04-21
162,پارس,پتروشيمي پارس,239,400125,57678248090,145090,144990,142100,-2990,-2.06,144540,-550,-0.38,142020,146490,1400-2-1,2021-04-21
163,كاردان,صندوق س تجارت شاخصي كاردان,235,73563,10907230800,150030,150500,147500,-2530,-1.69,148270,-1760,-1.17,147500,150500,1400-2-1,2021-04-21
164,نهال,صندوق س. طلاي سرخ نوويرا,233,522471,5624455598,10867,10867,10690,-177,-1.63,10765,-102,-0.94,10505,10950,1400-2-1,2021-04-21
165,ارمغان,ص سرمايه گذاري ارمغان ايرانيان,233,6735072,68137791240,10098,10105,10128,30,0.3,10117,19,0.19,10103,10129,1400-2-1,2021-04-21
166,معيار ,سرمايه گذاري معيار صنعت پارس,223,373920,20896519200,54258,55885,55885,1627,3,55885,1627,3,55885,55885,1400-2-1,2021-04-21
167,عيار,صندوق سكه طلاي مفيد,213,166984,4199902479,25049,25051,25190,141,0.56,25152,103,0.41,25051,25298,1400-2-1,2021-04-21
168,تسه9802,امتياز تسهيلات مسكن ارديبهشت98,210,3546,1417320371,402875,383322,390359,-12516,-3.11,399696,-3179,-0.79,383322,412700,1400-2-1,2021-04-21
169,بخاور,بيمه زندگي خاورميانه,209,1511705,10272132905,6937,6731,6729,-208,-3,6907,-30,-0.43,6729,6940,1400-2-1,2021-04-21
170,كاريس,صندوق س.سپهر كاريزما-س,200,621415,6578684629,10923,10720,10535,-388,-3.55,10587,-336,-3.08,10520,10830,1400-2-1,2021-04-21
171,دالبر,البرزدارو,198,1646375,24249777300,15170,14720,14720,-450,-2.97,14950,-220,-1.45,14720,15300,1400-2-1,2021-04-21
172,شوينده,مديريت صنعت شوينده ت.ص.بهشهر,195,1529869,40656460530,27390,26570,26570,-820,-2.99,26660,-730,-2.67,26570,26950,1400-2-1,2021-04-21
173,وسپه,سرمايه‌گذاري‌ سپه‌,194,1737173,11239384650,6650,6480,6460,-190,-2.86,6610,-40,-0.6,6460,6570,1400-2-1,2021-04-21
174,وپخش,داروپخش‌ (هلدينگ‌,184,150595,14359328610,97930,95000,95000,-2930,-2.99,97160,-770,-0.79,95000,100000,1400-2-1,2021-04-21
175,مبين,مبين انرژي خليج فارس,183,2632260,41258865500,16150,15850,15670,-480,-2.97,15980,-170,-1.05,15670,15860,1400-2-1,2021-04-21
176,فسازان,غلتك سازان سپاهان,179,460845,15544733550,34770,33850,33730,-1040,-2.99,34430,-340,-0.98,33730,33850,1400-2-1,2021-04-21
177,سپ,پرداخت الكترونيك سامان كيش,177,1223262,25434252930,21430,20790,20790,-640,-2.99,21080,-350,-1.63,20790,21250,1400-2-1,2021-04-21
178,شنفت,نفت‌ پارس‌,176,182185,8658549080,48960,47900,47500,-1460,-2.98,48700,-260,-0.53,47500,47900,1400-2-1,2021-04-21
179,ضسپا3004,اختيارخ خساپا-2500-1400/03/26,174,7663,561637000,95,90,53,-42,-44.21,73,-22,-23.16,53,90,1400-2-1,2021-04-21
180,حكشتي,كشتيراني جمهوري اسلامي ايران,173,310509,5446327860,18080,17540,17540,-540,-2.99,18050,-30,-0.17,17540,17540,1400-2-1,2021-04-21
181,ضسپا3003,اختيارخ خساپا-2000-1400/03/26,172,6248,1108642000,198,200,157,-41,-20.71,177,-21,-10.61,155,210,1400-2-1,2021-04-21
182,وخارزم,سرمايه گذاري خوارزمي,171,1476452,7485611640,5220,5070,5070,-150,-2.87,5200,-20,-0.38,5070,5070,1400-2-1,2021-04-21
183,شگل,گلتاش‌,171,3042084,30462153000,10300,10000,10000,-300,-2.91,10120,-180,-1.75,10000,10100,1400-2-1,2021-04-21
184,تسه9803,امتياز تسهيلات مسكن خرداد98,170,2036,992309319,488781,498971,480000,-8781,-1.8,487382,-1399,-0.29,479995,500000,1400-2-1,2021-04-21
185,پارسان,گسترش نفت و گاز پارسيان,170,1241036,23659864570,19560,18980,18980,-580,-2.97,19460,-100,-0.51,18980,19740,1400-2-1,2021-04-21
186,لبوتان,گروه‌صنعتي‌بوتان‌,165,86318,5188608060,61880,60100,60040,-1840,-2.97,61690,-190,-0.31,60030,61770,1400-2-1,2021-04-21
187,ما,بيمه  ما,165,920576,6582972500,7250,7250,7250,0,0,7240,-10,-0.14,7050,7300,1400-2-1,2021-04-21
188,فيروزه,صندوق شاخص30 شركت فيروزه- سهام,163,112542,14398694750,130490,128370,127100,-3390,-2.6,127940,-2550,-1.95,126320,130000,1400-2-1,2021-04-21
189,زعف0008پ05,زعفران0008نگين زرين(پ),160,86421,12295746057,141360,142000,140000,-1360,-0.96,142277,917,0.65,138000,144980,1400-2-1,2021-04-21
190,ضخود7076,اختيارخ خودرو-2500-1400/07/07,160,7491,1354965000,209,120,170,-39,-18.66,181,-28,-13.4,120,210,1400-2-1,2021-04-21
191,بفجر,فجر انرژي خليج فارس,159,359168,8037938600,22610,21950,21950,-660,-2.92,22580,-30,-0.13,21940,23000,1400-2-1,2021-04-21
192,اخزا910,اسنادخزانه-م10بودجه99-020807,158,192753,115880353128,602755,600020,603000,245,0.04,601186,-1569,-0.26,590011,603000,1400-2-1,2021-04-21
193,پارسيان,بيمه پارسيان,158,769295,7619833690,10200,9910,9900,-300,-2.94,10150,-50,-0.49,9900,10190,1400-2-1,2021-04-21
194,تسه9909,امتياز تسهيلات مسكن آذر99,157,1312,644291059,493893,471111,490000,-3893,-0.79,491075,-2818,-0.57,471111,500000,1400-2-1,2021-04-21
195,سمگا,گروه سرمايه گذاري ميراث فرهنگي,157,8017862,238475269466,30662,29743,29743,-919,-3,29743,-919,-3,29743,29743,1400-2-1,2021-04-21
196,اوصتا,صندوق انديشه ورزان صباتامين -د,157,6279802,115670025200,18410,18415,18422,12,0.07,18419,9,0.05,18410,18422,1400-2-1,2021-04-21
197,سمازن,سيمان‌مازندران‌,156,2453494,33228083970,13790,13890,13480,-310,-2.25,13620,-170,-1.23,13480,13890,1400-2-1,2021-04-21
198,تسه9907,امتياز تسهيلات مسكن مهر99,149,1962,973254896,494552,471000,519279,24727,5,496052,1500,0.3,471000,519279,1400-2-1,2021-04-21
199,كاما,باما,149,498460,6170934800,12760,12380,12380,-380,-2.98,12710,-50,-0.39,12380,12380,1400-2-1,2021-04-21
200,شيراز,پتروشيمي‌شيراز,144,356539,19629618830,55110,53500,53820,-1290,-2.34,55100,-10,-0.02,53460,55990,1400-2-1,2021-04-21
201,مارون,پتروشيمي مارون,143,91687,14271144702,156265,155556,154437,-1828,-1.17,156177,-88,-0.06,152000,157000,1400-2-1,2021-04-21
202,لوتوس,تامين سرمايه لوتوس پارسيان,143,1048366,9699814690,9520,9250,9240,-280,-2.94,9470,-50,-0.53,9240,9490,1400-2-1,2021-04-21
203,صايند,صندوق س. گنجينه آينده روشن-د,137,658000,6496314350,9869,9888,9879,10,0.1,9873,4,0.04,9853,9888,1400-2-1,2021-04-21
204,اتكاي,بيمه اتكايي ايرانيان,131,459290,7750085380,17395,16874,16874,-521,-3,17309,-86,-0.49,16874,16950,1400-2-1,2021-04-21
205,دالبرح,ح . البرزدارو,131,315747,3174966600,10160,10000,10030,-130,-1.28,10060,-100,-0.98,9760,10310,1400-2-1,2021-04-21
206,سپيدما,صندوق س. سپيد دماوند-د,131,6954448,70942377676,10200,10206,10206,6,0.06,10201,1,0.01,10200,10206,1400-2-1,2021-04-21
207,زر,صندوق س.پشتوانه سكه طلاي زر,128,71885,3025352787,41695,41814,42052,357,0.86,42086,391,0.94,41814,42480,1400-2-1,2021-04-21
208,فافزا,فولاد افزا سپاهان,126,183399,9557984802,52949,54000,51891,-1058,-2,52533,-416,-0.79,51891,54000,1400-2-1,2021-04-21
209,جم پيلن,پلي پروپيلن جم - جم پيلن,124,246938,19240379790,79000,77350,78000,-1000,-1.27,78670,-330,-0.42,77350,79900,1400-2-1,2021-04-21
210,اطلس,صندوق س.توسعه اندوخته آينده-س,124,29288,5932889181,204455,203500,202700,-1755,-0.86,202571,-1884,-0.92,201600,203900,1400-2-1,2021-04-21
211,تايرا,تراكتورسازي‌ايران‌,124,1042056,28927474560,28610,27760,27760,-850,-2.97,28100,-510,-1.78,27760,27760,1400-2-1,2021-04-21
212,وآرين,شركت توسعه اقتصادي آرين,123,4393293,16575894489,3850,3773,3773,-77,-2,3785,-65,-1.69,3773,3773,1400-2-1,2021-04-21
213,آساس,صندوق س.آسمان آرماني سهام-س,122,27769,4603043783,167679,167701,165003,-2676,-1.6,165762,-1917,-1.14,164500,167706,1400-2-1,2021-04-21
214,سكه0112پ03,تمام سكه طرح جديد0112سامان,117,50900,50916518300,986012,1007996,1000000,13988,1.42,1000324,14312,1.45,999000,1007996,1400-2-1,2021-04-21
215,گوهر,صندوق سكه طلاي كيان,116,150685,7369030805,48583,48597,48706,123,0.25,48904,321,0.66,48551,49994,1400-2-1,2021-04-21
216,سكه0011پ02,تمام سكه طرح جديد0011ملت,111,21700,21710700700,987812,1009600,1000000,12188,1.23,1000493,12681,1.28,997044,1009600,1400-2-1,2021-04-21
217,سخند,صندوق س.سپهرخبرگان نفت-د,111,5018240,50628939060,10081,10087,10089,8,0.08,10089,8,0.08,10084,10089,1400-2-1,2021-04-21
218,فردا2,صندوق س آواي فرداي زاگرس-ثابت,110,11000000,11000000,10545,1,1,-10544,-99.99,1,-10544,-99.99,1,1,1400-2-1,2021-04-21
219,تسه9902,امتياز تسهيلات مسكن ارديبهشت99,110,1604,806274949,509476,484222,484003,-25473,-5,502665,-6811,-1.34,484003,534948,1400-2-1,2021-04-21
220,زعف0008پ16,زعفران0008نگين بيرجند(پ),107,101873,14359133532,140072,141000,135001,-5071,-3.62,140951,879,0.63,135001,142800,1400-2-1,2021-04-21
221,اخزا902,اسنادخزانه-م2بودجه99-011019,107,120499,85299334549,708136,705155,706000,-2136,-0.3,707884,-252,-0.04,702620,710000,1400-2-1,2021-04-21
222,ضخود7075,اختيارخ خودرو-2000-1400/07/07,103,5210,2245186000,495,450,400,-95,-19.19,431,-64,-12.93,390,450,1400-2-1,2021-04-21
223,بترانس,ايران‌ ترانسفو,102,1021805,2891708150,2910,2830,2830,-80,-2.75,2910,0,0,2830,2830,1400-2-1,2021-04-21
224,تسه9810,امتياز تسهيلات مسكن دي98,98,1352,665657077,491071,472120,514999,23928,4.87,492350,1279,0.26,467100,514999,1400-2-1,2021-04-21
225,گكوثر,هتل پارسيان كوثر اصفهان,96,1167805,2713978820,2395,2324,2324,-71,-2.96,2391,-4,-0.17,2324,2324,1400-2-1,2021-04-21
226,اخزا903,اسنادخزانه-م3بودجه99-011110,95,160133,112872803480,704144,693545,700222,-3922,-0.56,704869,725,0.1,693545,707000,1400-2-1,2021-04-21
227,زگلدشتح,ح.كشت و دام گلدشت نمونه اصفهان,95,942291,7177430547,7852,7617,7617,-235,-2.99,7617,-235,-2.99,7617,7617,1400-2-1,2021-04-21
228,دارا,صندوق س. دارا الگوريتم-د,95,1653936,16489125830,10081,9986,9971,-110,-1.09,9970,-111,-1.1,9953,9986,1400-2-1,2021-04-21
229,وصندوق,سرمايه‌گذاري‌صندوق‌بازنشستگي‌,94,1031567,14453114140,14440,14010,14010,-430,-2.98,14390,-50,-0.35,14010,14250,1400-2-1,2021-04-21
230,ثاميد,توسعه و عمران اميد,94,657198,1012084920,1580,1540,1540,-40,-2.53,1580,0,0,1540,1540,1400-2-1,2021-04-21
231,ورازي,بيمه رازي,93,1517661,15216069186,9549,10026,10026,477,5,9885,336,3.52,10026,10026,1400-2-1,2021-04-21
232,خاتم,صندوق س خاتم ايساتيس پويا-ثابت,91,1089258,11982537636,10993,11000,10999,6,0.05,11001,8,0.07,10997,11004,1400-2-1,2021-04-21
233,تسه9906,امتياز تسهيلات مسكن شهريور99,90,1211,609353412,509906,484411,484411,-25495,-5,503182,-6724,-1.32,484411,535000,1400-2-1,2021-04-21
234,گوهر2,صندوق سكه طلاي كيان,90,900000,900000,48583,1,1,-48582,-100,1,-48582,-100,1,1,1400-2-1,2021-04-21
235,تسه9903,امتياز تسهيلات مسكن خرداد99,88,1288,644823336,493899,471622,510000,16101,3.26,500639,6740,1.36,471622,518593,1400-2-1,2021-04-21
236,واعتبار,سرمايه گذاري اعتبار ايران,86,2606092,21293138580,8420,8300,8170,-250,-2.97,8310,-110,-1.31,8170,8300,1400-2-1,2021-04-21
237,كروي,توسعه‌ معادن‌ روي‌ ايران‌,85,321310,8765336800,28120,27280,27280,-840,-2.99,27960,-160,-0.57,27280,27280,1400-2-1,2021-04-21
238,بكهنوج,توليد برق ماهتاب كهنوج,85,1431904,2306797344,1660,1611,1611,-49,-2.95,1658,-2,-0.12,1611,1611,1400-2-1,2021-04-21
239,خصدرا,صنعتي‌ دريايي‌ ايران‌,85,786193,2171465066,2818,2762,2762,-56,-1.99,2814,-4,-0.14,2762,2762,1400-2-1,2021-04-21
240,گشان,توسعه بين المللي پديده شانديز,85,88012,2330117700,27015,26475,26475,-540,-2,26935,-80,-0.3,26475,26475,1400-2-1,2021-04-21
241,وبازار,صندوق س شاخصي بازارآشنا,84,465860,4240328070,9150,9110,9100,-50,-0.55,9100,-50,-0.55,9100,9210,1400-2-1,2021-04-21
242,تسه9904,امتياز تسهيلات مسكن تير99,83,731,366363095,494675,510000,519000,24325,4.92,501181,6506,1.32,470122,519408,1400-2-1,2021-04-21
243,اخزا901,اسنادخزانه-م1بودجه99-010621,81,88047,66436311504,756417,751001,753120,-3297,-0.44,754555,-1862,-0.25,751001,758800,1400-2-1,2021-04-21
244,رمپنا,گروه مپنا (سهامي عام),81,1075045,17845747000,17110,16600,16600,-510,-2.98,17030,-80,-0.47,16600,16600,1400-2-1,2021-04-21
245,آريان,سرمايه گذاري پارس آريان,78,1110399,11210317720,10299,10100,10094,-205,-1.99,10271,-28,-0.27,10094,10300,1400-2-1,2021-04-21
246,وبشهر,توسعه‌ صنايع‌ بهشهر(هلدينگ,76,1002089,11093125230,11410,11070,11070,-340,-2.98,11330,-80,-0.7,11070,11070,1400-2-1,2021-04-21
247,فروي,ذوب روي اصفهان,76,30034,1789455754,61423,59581,59581,-1842,-3,61355,-68,-0.11,59581,59581,1400-2-1,2021-04-21
248,سمايه,بانك سرمايه,76,1058032,5240432496,5054,4953,4953,-101,-2,5026,-28,-0.55,4953,4953,1400-2-1,2021-04-21
249,تسه9804,امتياز تسهيلات مسكن تير98,76,1202,621195807,506129,491000,497000,-9129,-1.8,516802,10673,2.11,490120,531429,1400-2-1,2021-04-21
250,زپارس,ملي كشت و صنعت و دامپروري پارس,75,218378,34864047700,164580,159650,159650,-4930,-3,160970,-3610,-2.19,159650,159650,1400-2-1,2021-04-21
251,فسپا,گروه‌صنعتي‌سپاهان‌,75,176606,6447885060,37630,36510,36510,-1120,-2.98,37480,-150,-0.4,36510,36510,1400-2-1,2021-04-21
252,سكه0012پ04,تمام سكه طرح جديد0012صادرات,74,23300,23320543600,987997,1009000,1000000,12003,1.21,1000882,12885,1.3,998000,1009000,1400-2-1,2021-04-21
253,تسه9905,امتياز تسهيلات مسكن مرداد99,73,438,215110300,493682,482900,483000,-10682,-2.16,491119,-2563,-0.52,482700,515553,1400-2-1,2021-04-21
254,وملي,گروه‌ صنعتي‌ ملي‌ (هلدينگ‌,72,49196,8330358680,174560,169330,169330,-5230,-3,173660,-900,-0.52,169330,169330,1400-2-1,2021-04-21
255,آتيمس,صندوق س.آرمان آتيه درخشان مس-س,72,17762,3136748322,177620,177000,177000,-620,-0.35,176599,-1021,-0.57,174600,177001,1400-2-1,2021-04-21
256,فاراك,ماشين‌ سازي‌ اراك‌,72,754201,1779914360,2430,2360,2360,-70,-2.88,2430,0,0,2360,2360,1400-2-1,2021-04-21
257,اخزا821,اسنادخزانه-م21بودجه98-020906,70,60000,36329122000,600000,600000,606000,6000,1,605485,5485,0.91,600000,607000,1400-2-1,2021-04-21
258,ضپاس2001,اختيارخ وپارس-2500-1400/02/29,69,3849,659362000,216,170,150,-66,-30.56,171,-45,-20.83,149,200,1400-2-1,2021-04-21
259,اخزا906,اسنادخزانه-م6بودجه99-020321,69,151360,112544578618,744609,720001,750000,5391,0.72,743556,-1053,-0.14,707379,750000,1400-2-1,2021-04-21
260,وسپهر,سرمايه گذاري مالي سپهرصادرات,68,150888,1529400768,10449,10136,10136,-313,-3,10445,-4,-0.04,10136,10136,1400-2-1,2021-04-21
261,تسه9901,امتياز تسهيلات مسكن فروردين99,66,848,427314702,507502,520000,483010,-24492,-4.83,503909,-3593,-0.71,482127,532877,1400-2-1,2021-04-21
262,آسيا,بيمه آسيا,66,914598,1847487960,2080,2020,2020,-60,-2.88,2080,0,0,2020,2020,1400-2-1,2021-04-21
263,زعف0008پ20,زعفران0008نگين وحدت جام(پ),63,30674,4300124114,140126,141000,138000,-2126,-1.52,140188,62,0.04,138000,142398,1400-2-1,2021-04-21
264,فيروزا,صندوق بادرآمد ثابت فيروزه آسيا,63,85886,1944619663,22610,22670,22658,48,0.21,22642,32,0.14,22616,22670,1400-2-1,2021-04-21
265,زعف0008پ11,زعفران0008نگين سحرخيز(پ),61,37260,5289899281,143195,145500,140000,-3195,-2.23,141973,-1222,-0.85,140000,147000,1400-2-1,2021-04-21
266,ضپاس2000,اختيارخ وپارس-2000-1400/02/29,60,3063,1684570000,566,560,544,-22,-3.89,550,-16,-2.83,540,561,1400-2-1,2021-04-21
267,دارو,كارخانجات‌داروپخش‌,60,302717,9992688170,34030,33010,33010,-1020,-3,33820,-210,-0.62,33010,33010,1400-2-1,2021-04-21
268,زرين,صندوق س. سهام زرين كوروش-س,59,71669,689407619,9819,9702,9550,-269,-2.74,9619,-200,-2.04,9550,9750,1400-2-1,2021-04-21
269,دارا2,صندوق س. دارا الگوريتم-د,57,5700000,5700000,10081,1,1,-10080,-99.99,1,-10080,-99.99,1,1,1400-2-1,2021-04-21
270,چدن,توليدي چدن سازان,57,147855,3532255950,24620,23890,23890,-730,-2.97,24570,-50,-0.2,23890,23890,1400-2-1,2021-04-21
271,تسه9808,امتياز تسهيلات مسكن آبان98,56,848,408622409,484949,463706,481997,-2952,-0.61,481866,-3083,-0.64,460702,499998,1400-2-1,2021-04-21
272,خزاميا,زامياد,56,182988,1657871280,9340,9060,9060,-280,-3,9330,-10,-0.11,9060,9060,1400-2-1,2021-04-21
273,هجرت,پخش هجرت,55,305484,8401726452,28353,27503,27503,-850,-3,28205,-148,-0.52,27503,27503,1400-2-1,2021-04-21
274,تسه9806,امتياز تسهيلات مسكن شهريور98,55,524,263832066,491985,497000,516584,24599,5,503496,11511,2.34,497000,516584,1400-2-1,2021-04-21
275,اتكام,شركت بيمه اتكايي امين,55,1281995,6008710565,4831,4687,4687,-144,-2.98,4813,-18,-0.37,4687,4687,1400-2-1,2021-04-21
276,پتاير,ايران‌ تاير,55,332246,1189440680,3690,3580,3580,-110,-2.98,3690,0,0,3580,3580,1400-2-1,2021-04-21
277,ضخود2008,اختيارخ خودرو-3500-1400/02/08,55,213,213000,1,1,1,0,0,1,0,0,1,1,1400-2-1,2021-04-21
278,ماديرا,صنايع ماديران,54,149517,1198079721,8260,8013,8013,-247,-2.99,8254,-6,-0.07,8013,8013,1400-2-1,2021-04-21
279,تسه9812,امتياز تسهيلات مسكن اسفند98,52,466,231293791,498424,478620,522999,24575,4.93,496339,-2085,-0.42,478620,522999,1400-2-1,2021-04-21
280,انرژي3,سايراشخاص بورس انرژي,50,7271,1784157980,252960,245380,245380,-7580,-3,252730,-230,-0.09,245380,245380,1400-2-1,2021-04-21
281,كخاك,صنايع‌خاك‌چيني‌ايران‌,49,23072,918266330,41030,39800,39800,-1230,-3,41010,-20,-0.05,39800,39810,1400-2-1,2021-04-21
282,فاذر,صنايع‌ آذرآب‌,48,107890,2479312200,23690,22980,22980,-710,-3,23650,-40,-0.17,22980,22980,1400-2-1,2021-04-21
283,اخزا815,اسنادخزانه-م15بودجه98-010406,48,40296,32074174669,792816,791010,792230,-586,-0.07,795964,3148,0.4,791010,798100,1400-2-1,2021-04-21
284,امين,تامين سرمايه امين,48,105702,742028040,7230,7020,7020,-210,-2.9,7230,0,0,7020,7020,1400-2-1,2021-04-21
285,فراز,صندوق س.سهام فراز داريك-س,47,202076,2062920026,10208,10209,10213,5,0.05,10209,1,0.01,10208,10215,1400-2-1,2021-04-21
286,اخزا908,اسنادخزانه-م8بودجه99-020606,47,118014,73576890398,622508,621555,622650,142,0.02,623459,951,0.15,621002,626200,1400-2-1,2021-04-21
287,ثاخت,بين‌المللي‌توسعه‌ساختمان,46,280099,677839580,2490,2420,2420,-70,-2.81,2490,0,0,2420,2420,1400-2-1,2021-04-21
288,البرز,بيمه البرز,46,760416,2714685120,3680,3570,3570,-110,-2.99,3670,-10,-0.27,3570,3570,1400-2-1,2021-04-21
289,سيستم,همكاران سيستم,45,125844,3154909080,25840,25070,25070,-770,-2.98,25790,-50,-0.19,25070,25070,1400-2-1,2021-04-21
290,كوير,توليدي فولاد سپيد فراب كوير,44,1208457,24507507960,20900,20280,20280,-620,-2.97,20730,-170,-0.81,20280,20280,1400-2-1,2021-04-21
291,سپر,صندوق س سپر سرمايه بيدار- ثابت,44,947990,11137063440,11745,11748,11748,3,0.03,11748,3,0.03,11748,11750,1400-2-1,2021-04-21
292,تسه9811,امتياز تسهيلات مسكن بهمن98,42,321,159335505,522496,496375,496372,-26124,-5,496372,-26124,-5,496372,496375,1400-2-1,2021-04-21
293,ضشنا2002,اختيارخ شپنا-12000-1400/02/27,42,740,427104000,941,700,456,-485,-51.54,577,-364,-38.68,400,701,1400-2-1,2021-04-21
294,والبر,سرمايه‌ گذاري‌ البرز(هلدينگ‌,42,192392,3239881280,17360,16840,16840,-520,-3,17320,-40,-0.23,16840,16840,1400-2-1,2021-04-21
295,تسه9809,امتياز تسهيلات مسكن آذر98,42,425,208450643,488478,471200,481020,-7458,-1.53,490472,1994,0.41,470010,500000,1400-2-1,2021-04-21
296,ونيرو,سرمايه‌گذاري‌نيرو,42,765001,2004302620,2700,2620,2620,-80,-2.96,2700,0,0,2620,2620,1400-2-1,2021-04-21
297,افق ملت,صندوق س در سهام افق ملت,41,9220,1126974450,124020,122220,122210,-1810,-1.46,122230,-1790,-1.44,122200,122600,1400-2-1,2021-04-21
298,قرن,پديده شيمي قرن,40,16625,1000658750,62050,60190,60190,-1860,-3,62010,-40,-0.06,60190,60190,1400-2-1,2021-04-21
299,چكاپا,گروه صنايع كاغذ پارس,40,352648,1784398880,5210,5060,5060,-150,-2.88,5200,-10,-0.19,5060,5060,1400-2-1,2021-04-21
300,زعف0008پ10,زعفران0008نگين طلاي سرخ(پ),39,10720,1558597150,144715,146000,145010,295,0.2,145392,677,0.47,145000,147000,1400-2-1,2021-04-21
301,تسه9807,امتياز تسهيلات مسكن مهر98,39,400,200052944,492972,471006,517000,24028,4.87,500132,7160,1.45,471006,517000,1400-2-1,2021-04-21
302,حريل,ريل پردازسير,39,1874226,10227651282,5625,5457,5457,-168,-2.99,5590,-35,-0.62,5457,5457,1400-2-1,2021-04-21
303,تسه9805,امتياز تسهيلات مسكن مرداد98,38,341,175889105,515526,503010,511500,-4026,-0.78,515804,278,0.05,503010,530000,1400-2-1,2021-04-21
304,غسالم,سالمين‌,38,98878,418253940,4360,4230,4230,-130,-2.98,4360,0,0,4230,4230,1400-2-1,2021-04-21
305,اخزا811,اسنادخزانه-م11بودجه98-001013,38,51049,44341089010,868256,869500,869000,744,0.09,868599,343,0.04,866000,873000,1400-2-1,2021-04-21
306,وهور,مديريت انرژي اميد  تابان هور,37,764478,1636747398,2207,2141,2141,-66,-2.99,2205,-2,-0.09,2141,2141,1400-2-1,2021-04-21
307,شسينا,صنايع‌شيميايي‌سينا,37,9043,1164105390,132710,128730,128730,-3980,-3,132610,-100,-0.08,128730,128730,1400-2-1,2021-04-21
308,شستان,پتروشيمي گلستان,37,1450748,5785583024,4154,3988,3988,-166,-4,4053,-101,-2.43,3988,3988,1400-2-1,2021-04-21
309,اخزا909,اسنادخزانه-م9بودجه99-020316,37,157239,102695703060,653005,652000,653005,0,0,653118,113,0.02,651150,655000,1400-2-1,2021-04-21
310,دسبحان,سبحان دارو,35,38539,729471720,19080,19050,18480,-600,-3.14,19080,0,0,18480,19050,1400-2-1,2021-04-21
311,ولساپا,ليزينگ رايان‌ سايپا,35,445251,1460423280,3380,3280,3280,-100,-2.96,3380,0,0,3280,3280,1400-2-1,2021-04-21
312,وبوعلي,سرمايه‌گذاري‌بوعلي‌,34,277667,1563265210,5800,5630,5630,-170,-2.93,5790,-10,-0.17,5630,5630,1400-2-1,2021-04-21
313,ثبهساز,بهساز كاشانه تهران,34,239368,536184320,2300,2240,2240,-60,-2.61,2300,0,0,2240,2240,1400-2-1,2021-04-21
314,داريك,صندوق س.اعتماد داريك-د,34,68300,719305339,10531,10534,10531,0,0,10532,1,0.01,10531,10535,1400-2-1,2021-04-21
315,اخزا905,اسنادخزانه-م5بودجه99-020218,33,70234,46598666977,659620,662500,660223,603,0.09,663477,3857,0.58,659000,665000,1400-2-1,2021-04-21
316,پكرمان,گروه‌ صنعتي‌ بارز,33,30914,773777420,25800,25030,25030,-770,-2.98,25790,-10,-0.04,25030,25030,1400-2-1,2021-04-21
317,واميد,گروه مديريت سرمايه گذاري اميد,32,1034684,12850775280,12800,12420,12420,-380,-2.97,12760,-40,-0.31,12420,12420,1400-2-1,2021-04-21
318,فسرب,ملي‌ سرب‌وروي‌ ايران‌,30,31288,2403544160,79190,76820,76820,-2370,-2.99,79070,-120,-0.15,76820,76820,1400-2-1,2021-04-21
319,كماسه,تامين‌ ماسه‌ ريخته‌گري‌,30,48250,2056415000,43930,42620,42620,-1310,-2.98,43870,-60,-0.14,42620,42620,1400-2-1,2021-04-21
320,فباهنر,مس‌ شهيدباهنر,30,11106,283425120,26300,25520,25520,-780,-2.97,26300,0,0,25520,25520,1400-2-1,2021-04-21
321,اخابر,مخابرات ايران,30,67677,678123540,10320,10020,10020,-300,-2.91,10320,0,0,10020,10020,1400-2-1,2021-04-21
322,اخزا820,اسنادخزانه-م20بودجه98-020806,30,76032,46911043400,603650,615998,616000,12350,2.05,616991,13341,2.21,615499,619000,1400-2-1,2021-04-21
323,غشهداب,كشت و صنعت شهداب ناب خراسان,29,128336,495248624,3978,3859,3859,-119,-2.99,3977,-1,-0.03,3859,3859,1400-2-1,2021-04-21
324,صنوين,صندوق سرمايه‌گذاري صنوين-مختلط,29,4974,516978810,104330,103840,105400,1070,1.03,103940,-390,-0.37,103300,105400,1400-2-1,2021-04-21
325,دپارس,پارس‌ دارو,29,4477,371143300,85460,82900,82900,-2560,-3,85440,-20,-0.02,82900,82900,1400-2-1,2021-04-21
326,تپكو,توليدتجهيزات‌سنگين‌هپكو,29,695103,3632608278,5443,5226,5226,-217,-3.99,5425,-18,-0.33,5226,5226,1400-2-1,2021-04-21
327,چكارن,كارتن‌ ايران‌,29,271283,878956920,3330,3240,3240,-90,-2.7,3330,0,0,3240,3240,1400-2-1,2021-04-21
328,ختوقا,قطعات‌ اتومبيل‌ ايران‌,28,105548,262814520,2560,2490,2490,-70,-2.73,2560,0,0,2490,2490,1400-2-1,2021-04-21
329,دزهراوي,داروسازي‌زهراوي‌,28,63689,539445830,8730,8470,8470,-260,-2.98,8730,0,0,8470,8470,1400-2-1,2021-04-21
330,كرازي,كارخانجات‌توليدي‌شيشه‌رازي‌,27,120592,2736232480,23390,22690,22690,-700,-2.99,23350,-40,-0.17,22690,22690,1400-2-1,2021-04-21
331,ثشاهد,سرمايه‌ گذاري‌ شاهد,27,47260,810036400,17660,17140,17140,-520,-2.94,17650,-10,-0.06,17140,17140,1400-2-1,2021-04-21
332,آپ,آسان پرداخت پرشين,26,36785,622770050,17450,16930,16930,-520,-2.98,17440,-10,-0.06,16930,16930,1400-2-1,2021-04-21
333,بكام,كارخانجات توليدي شهيد قندي,26,105031,403319040,3950,3840,3840,-110,-2.78,3950,0,0,3840,3840,1400-2-1,2021-04-21
334,خراسان,پتروشيمي خراسان,26,7032,490980300,71970,69840,69820,-2150,-2.99,71950,-20,-0.03,69820,69840,1400-2-1,2021-04-21
335,ساوه,سيمان ساوه,25,5375,306235250,58736,56974,56974,-1762,-3,58725,-11,-0.02,56974,56974,1400-2-1,2021-04-21
336,حفارس,حمل و نقل بين المللي خليج فارس,25,628368,2959613280,4850,4710,4710,-140,-2.89,4840,-10,-0.21,4710,4710,1400-2-1,2021-04-21
337,كزغال,زغال سنگ پروده طبس,25,210335,6975549940,34189,33164,33164,-1025,-3,34040,-149,-0.44,33164,33164,1400-2-1,2021-04-21
338,الماس,صندوق س.امين تدبيرگران فردا-س,25,4224,457457691,109071,108500,108010,-1061,-0.97,108300,-771,-0.71,108000,110944,1400-2-1,2021-04-21
339,خفناور,مهندسي صنعتي روان فن آور,25,159033,7612114545,48841,47865,47865,-976,-2,48454,-387,-0.79,47865,47865,1400-2-1,2021-04-21
340,غزر,صنعتي زر ماكارون,24,40547,1040841490,26460,25670,25670,-790,-2.99,26440,-20,-0.08,25670,25670,1400-2-1,2021-04-21
341,ضملت3002,اختيارخ وبملت-4000-1400/03/19,23,795,423799000,525,590,420,-105,-20,533,8,1.52,380,600,1400-2-1,2021-04-21
342,گنجين,صندوق س. گنجينه يكم آويد-د,22,56139,711243452,12652,12665,12676,24,0.19,12669,17,0.13,12665,12677,1400-2-1,2021-04-21
343,فخاس,فولاد خراسان,22,393660,10632756600,27840,27010,27010,-830,-2.98,27750,-90,-0.32,27010,27010,1400-2-1,2021-04-21
344,اخزا914,اسنادخزانه-م14بودجه99-021025,22,9464,5468413498,576489,577990,577984,1495,0.26,577812,1323,0.23,577480,577990,1400-2-1,2021-04-21
345,تليسه,دامداري تليسه نمونه,22,121455,513754650,4360,4230,4230,-130,-2.98,4359,-1,-0.02,4230,4230,1400-2-1,2021-04-21
346,اخزا808,اسنادخزانه-م8بودجه98-000817,22,9122,8166673240,894987,894520,895000,13,0,895272,285,0.03,894520,896000,1400-2-1,2021-04-21
347,بمپنا,توليد برق عسلويه  مپنا,21,20251,1402280495,71386,69245,69245,-2141,-3,71324,-62,-0.09,69245,69245,1400-2-1,2021-04-21
348,سپيدار,سپيدار سيستم آسيا,21,5014,286795786,58968,57199,57199,-1769,-3,58957,-11,-0.02,57199,57199,1400-2-1,2021-04-21
349,ملت,بيمه ملت,21,28763,435759450,15610,15150,15150,-460,-2.95,15610,0,0,15150,15150,1400-2-1,2021-04-21
350,زعف0008پ08,زعفران0008نگين روستا(پ),21,10156,1440736741,139600,143000,140000,400,0.29,141861,2261,1.62,140000,143000,1400-2-1,2021-04-21
351,اخزا911,اسنادخزانه-م11بودجه99-020906,21,22912,13474699644,588749,586500,590000,1251,0.21,588107,-642,-0.11,586500,593000,1400-2-1,2021-04-21
352,ضترا3003,اختيارخ شتران-9000-1400/03/09,20,778,507224000,900,680,649,-251,-27.89,652,-248,-27.56,555,700,1400-2-1,2021-04-21
353,برن0003پ01,برنج طارم0003تجارت مازندران(پ),20,1669,459688700,275108,274500,280000,4892,1.78,275428,320,0.12,274500,281000,1400-2-1,2021-04-21
354,وزمين,بانك ايران زمين,20,1404279,18501375825,13723,13175,13175,-548,-3.99,13242,-481,-3.51,13175,13175,1400-2-1,2021-04-21
355,اخزا812,اسنادخزانه-م12بودجه98-001111,20,51522,44140932670,854398,854601,854600,202,0.02,856739,2341,0.27,854600,859000,1400-2-1,2021-04-21
356,بذر,صندوق س بذر اميد آفرين-سهام,20,4059,383324320,95230,96800,93900,-1330,-1.4,94440,-790,-0.83,93790,96800,1400-2-1,2021-04-21
357,شدوص,دوده‌ صنعتي‌ پارس‌,20,236730,6363302400,27710,26880,26880,-830,-3,27600,-110,-0.4,26880,26880,1400-2-1,2021-04-21
358,وسديد,گروه ‌صنعتي‌سديد,20,156397,446513435,2913,2855,2855,-58,-1.99,2912,-1,-0.03,2855,2855,1400-2-1,2021-04-21
359,اخزا907,اسنادخزانه-م7بودجه99-020704,19,66698,41163699349,617079,612001,618997,1918,0.31,617165,86,0.01,612001,618998,1400-2-1,2021-04-21
360,پلوله,گازلوله‌,19,53242,1436841854,26201,26987,26987,786,3,26252,51,0.19,26987,26987,1400-2-1,2021-04-21
361,بورس,بورس اوراق بهادار تهران,19,46810,1602306300,35280,34230,34230,-1050,-2.98,35250,-30,-0.09,34230,34230,1400-2-1,2021-04-21
362,شكف,كف,18,4861,492730404,103432,101364,101364,-2068,-2,103331,-101,-0.1,101364,101364,1400-2-1,2021-04-21
363,فرابورس,فرابورس ايران,18,11385,346946490,31416,30474,30474,-942,-3,31409,-7,-0.02,30474,30474,1400-2-1,2021-04-21
364,ضملت3001,اختيارخ وبملت-3500-1400/03/19,18,201,162343000,810,1000,770,-40,-4.94,808,-2,-0.25,760,1000,1400-2-1,2021-04-21
365,ضپاس2002,اختيارخ وپارس-3000-1400/02/29,18,934,47920000,82,40,48,-34,-41.46,51,-31,-37.8,40,60,1400-2-1,2021-04-21
366,شاروم,پتروشيمي اروميه,18,11195,213555820,19665,19076,19076,-589,-3,19662,-3,-0.02,19076,19076,1400-2-1,2021-04-21
367,پست0008پ08,پسته فندقي32-30مه ولات0008(پ),18,1643,2631971010,1637729,1611000,1600000,-37729,-2.3,1601930,-35799,-2.19,1580302,1620000,1400-2-1,2021-04-21
368,مفاخر,توسعه فناوري اطلاعات خوارزمي,17,260000,16720860000,66300,64311,64311,-1989,-3,65609,-691,-1.04,64311,64311,1400-2-1,2021-04-21
369,پكوير,كوير تاير,17,53575,670223250,12890,12510,12510,-380,-2.95,12880,-10,-0.08,12510,12510,1400-2-1,2021-04-21
370,زعف0008پ09,زعفران0008نگين نوين(پ),17,1523,215077087,140518,143000,141021,503,0.36,141219,701,0.5,141001,143000,1400-2-1,2021-04-21
371,ضجار2002,اختيارخ وتجارت-2500-1400/02/22,17,534,70331000,241,160,135,-106,-43.98,132,-109,-45.23,111,160,1400-2-1,2021-04-21
372,وپويا,سرمايه گذاري پويا,17,531128,3417808680,6634,6435,6435,-199,-3,6620,-14,-0.21,6435,6435,1400-2-1,2021-04-21
373,شپلي,پلي اكريل ايران,17,45294,387037230,8719,8545,8545,-174,-2,8713,-6,-0.07,8545,8545,1400-2-1,2021-04-21
374,ضمخا7071,اختيارخ اخابر-23700-1400/07/28,17,129,19793000,150,161,152,2,1.33,153,3,2,152,161,1400-2-1,2021-04-21
375,كهمدا,شيشه‌ همدان‌,17,14391,142039170,10170,9870,9870,-300,-2.95,10170,0,0,9870,9870,1400-2-1,2021-04-21
376,هجرتح,ح . پخش هجرت,17,30090,680638767,23172,24400,22477,-695,-3,22620,-552,-2.38,22477,24400,1400-2-1,2021-04-21
377,اخزا814,اسنادخزانه-م14بودجه98-010318,16,53403,42720144493,799460,798100,797050,-2410,-0.3,799958,498,0.06,797050,800004,1400-2-1,2021-04-21
378,ديران,ايران‌دارو,16,9709,249132940,26450,25660,25660,-790,-2.99,26450,0,0,25660,25660,1400-2-1,2021-04-21
379,كيسون,شركت كيسون,16,527200,6040130400,11690,11457,11457,-233,-1.99,11629,-61,-0.52,11457,11457,1400-2-1,2021-04-21
380,ضسپا3005,اختيارخ خساپا-3000-1400/03/26,16,416,13030000,40,33,29,-11,-27.5,31,-9,-22.5,29,35,1400-2-1,2021-04-21
381,قيستو,شركت قند بيستون,16,260966,4503490262,16919,17257,17257,338,2,17065,146,0.86,17257,17257,1400-2-1,2021-04-21
382,وصنا,گروه‌صنايع‌بهشهرايران‌,15,24700,135603000,5650,5490,5490,-160,-2.83,5650,0,0,5490,5490,1400-2-1,2021-04-21
383,كالا,بورس كالاي ايران,15,12378,390897240,32550,31580,31580,-970,-2.98,32540,-10,-0.03,31580,31580,1400-2-1,2021-04-21
384,اخزا810,اسنادخزانه-م10بودجه98-001006,15,10869,9499506000,872022,874000,874000,1978,0.23,874000,1978,0.23,874000,874000,1400-2-1,2021-04-21
385,زبينا,كشاورزي و دامپروري بينالود,15,67784,257172496,3911,3794,3794,-117,-2.99,3910,-1,-0.03,3794,3794,1400-2-1,2021-04-21
386,ضفلا3003,اختيارخ فولاد-7133-1400/03/19,15,478,1194070000,2680,2500,2500,-180,-6.72,2498,-182,-6.79,2400,2500,1400-2-1,2021-04-21
387,لسرما,سرما آفرين‌,14,185874,4388485140,24340,23610,23610,-730,-3,24270,-70,-0.29,23610,23610,1400-2-1,2021-04-21
388,نوين,بيمه نوين,14,35871,207800703,5972,5793,5793,-179,-3,5971,-1,-0.02,5793,5793,1400-2-1,2021-04-21
389,ضشنا2003,اختيارخ شپنا-14000-1400/02/27,14,300,49660000,387,499,189,-198,-51.16,166,-221,-57.11,150,499,1400-2-1,2021-04-21
390,ختور,رادياتور ايران‌,14,11918,227395440,19660,19080,19080,-580,-2.95,19660,0,0,19080,19080,1400-2-1,2021-04-21
391,ضشنا2001,اختيارخ شپنا-10000-1400/02/27,14,253,262498000,1850,1300,1200,-650,-35.14,1038,-812,-43.89,1000,1300,1400-2-1,2021-04-21
392,قشرين,قند شيرين خراسان,14,29483,423316914,14651,14358,14358,-293,-2,14645,-6,-0.04,14358,14358,1400-2-1,2021-04-21
393,اخزا809,اسنادخزانه-م9بودجه98-000923,14,23542,20695953963,876585,879989,879000,2415,0.28,879108,2523,0.29,879000,879989,1400-2-1,2021-04-21
394,غگلپا,شير پاستوريزه پگاه گلپايگان,14,28672,1953136640,70226,68120,68120,-2106,-3,70141,-85,-0.12,68120,68120,1400-2-1,2021-04-21
395,اميد,تامين سرمايه اميد,14,77454,583228620,7760,7530,7530,-230,-2.96,7760,0,0,7530,7530,1400-2-1,2021-04-21
396,دفرا,فرآورده‌هاي‌ تزريقي‌ ايران‌,14,13012,332326480,26320,25540,25540,-780,-2.96,26310,-10,-0.04,25540,25540,1400-2-1,2021-04-21
397,غپينو,پارس‌ مينو,14,26115,161129550,6360,6170,6170,-190,-2.99,6360,0,0,6170,6170,1400-2-1,2021-04-21
398,اخزا807,اسنادخزانه-م7بودجه98-000719,13,8378,7622514599,909087,911100,908001,-1086,-0.12,909825,738,0.08,908001,911200,1400-2-1,2021-04-21
399,زعف0008پ15,زعفران0008پوشالمعمول طلاسرخ(پ),13,1816,182307360,97105,95000,100000,2895,2.98,100390,3285,3.38,95000,101960,1400-2-1,2021-04-21
400,غپاك,لبنيات‌ پاك‌,13,6529,196392320,31010,30080,30080,-930,-3,31010,0,0,30080,30080,1400-2-1,2021-04-21
401,اخزا816,اسنادخزانه-م16بودجه98-010503,13,31313,24485844529,780060,770021,785000,4940,0.63,781971,1911,0.24,770021,785000,1400-2-1,2021-04-21
402,خديزل,بهمن  ديزل,13,104191,3985097368,39430,38248,38248,-1182,-3,39333,-97,-0.25,38248,38248,1400-2-1,2021-04-21
403,اخزا817,اسنادخزانه-م17بودجه98-010512,13,28865,22506224885,777661,778900,775111,-2550,-0.33,779706,2045,0.26,775111,781000,1400-2-1,2021-04-21
404,شپارس,بين‌ المللي‌ محصولات‌  پارس‌,12,121311,2645792910,22480,21810,21810,-670,-2.98,22440,-40,-0.18,21810,21810,1400-2-1,2021-04-21
405,فپنتا,سپنتا,12,2680,1059511200,407560,395340,395340,-12220,-3,407290,-270,-0.07,395340,395340,1400-2-1,2021-04-21
406,شپترو,پتروشيمي آبادان,12,18465,89906085,4968,4869,4869,-99,-1.99,4968,0,0,4869,4869,1400-2-1,2021-04-21
407,فولاژ,فولاد آلياژي ايران,12,5737,107912970,19390,18810,18810,-580,-2.99,19390,0,0,18810,18810,1400-2-1,2021-04-21
408,اراد50,مرابحه عام دولت5-ش.خ0302,12,147000,147000017000,1000000,1000000,1000001,1,0,1000000,0,0,1000000,1000001,1400-2-1,2021-04-21
409,ولپارس,ليزينگ پارسيان,12,19972,97063920,5010,4860,4860,-150,-2.99,5010,0,0,4860,4860,1400-2-1,2021-04-21
410,زدشت,كشت و صنعت دشت خرم دره,12,7799,222965611,29473,28589,28589,-884,-3,29469,-4,-0.01,28589,28589,1400-2-1,2021-04-21
411,زشگزا,شير و گوشت زاگرس شهركرد,12,20554,164267568,8239,7992,7992,-247,-3,8238,-1,-0.01,7992,7992,1400-2-1,2021-04-21
412,وتعاون,بيمه  تعاون,12,77795,471982265,6319,6067,6067,-252,-3.99,6313,-6,-0.09,6067,6067,1400-2-1,2021-04-21
413,دلر,داروسازي‌ اكسير,12,3363,117839520,36120,35040,35040,-1080,-2.99,36120,0,0,35040,35040,1400-2-1,2021-04-21
414,وايرا,سرمايه گذاري صنايع ايران,12,503011,6625660892,13440,13172,13172,-268,-1.99,13347,-93,-0.69,13172,13172,1400-2-1,2021-04-21
415,ورنا,سرمايه‌گذاري‌ رنا(هلدينگ‌,12,54166,289788100,5510,5350,5350,-160,-2.9,5510,0,0,5350,5350,1400-2-1,2021-04-21
416,اراد33,مرابحه عام دولت3-ش.خ 0303,12,35000,30453650000,870257,870020,870500,243,0.03,870104,-153,-0.02,870020,870500,1400-2-1,2021-04-21
417,غالبر,لبنيات‌ كالبر,11,24768,486195840,20230,19630,19630,-600,-2.97,20220,-10,-0.05,19630,19630,1400-2-1,2021-04-21
418,ضسپا3001,اختيارخ خساپا-1600-1400/03/26,11,187,100095000,599,520,550,-49,-8.18,535,-64,-10.68,520,600,1400-2-1,2021-04-21
419,پرديس,سرمايه گذاري پرديس,11,20314,107054780,5430,5270,5270,-160,-2.95,5430,0,0,5270,5270,1400-2-1,2021-04-21
420,رتكو,كنترل‌خوردگي‌تكين‌كو,11,203140,3575264000,18140,17600,17600,-540,-2.98,18100,-40,-0.22,17600,17600,1400-2-1,2021-04-21
421,ضملي7002,اختيارخ فملي-9720-1400/07/11,11,161,390445000,2673,2410,2300,-373,-13.95,2425,-248,-9.28,2300,2600,1400-2-1,2021-04-21
422,فلوله,لوله‌وماشين‌سازي‌ايران‌,11,21632,465953280,22200,21540,21540,-660,-2.97,22190,-10,-0.05,21540,21540,1400-2-1,2021-04-21
423,وسرمد,بيمه  سرمد,11,20741,124217849,6238,5989,5989,-249,-3.99,6236,-2,-0.03,5989,5989,1400-2-1,2021-04-21
424,پارتا,مجتمع‌صنعتي‌آرتاويل‌تاير,11,17013,870946509,53326,51193,51193,-2133,-4,53251,-75,-0.14,51193,51193,1400-2-1,2021-04-21
425,نطرين,عطرين نخ قم,10,18935,222921755,12137,11773,11773,-364,-3,12135,-2,-0.02,11773,11773,1400-2-1,2021-04-21
426,اخزا806,اسنادخزانه-م6بودجه98-000519,10,4402,4139105060,939702,938956,942050,2348,0.25,940278,576,0.06,938955,942050,1400-2-1,2021-04-21
427,غويتا,ويتانا,10,4954,86358128,17971,17432,17432,-539,-3,17970,-1,-0.01,17432,17432,1400-2-1,2021-04-21
428,كحافظ,كاشي‌ وسراميك‌ حافظ‌,10,17805,207250200,11990,11640,11640,-350,-2.92,11990,0,0,11640,11640,1400-2-1,2021-04-21
429,واتي,سرمايه‌ گذاري‌ آتيه‌ دماوند,10,34087,343937830,10400,10090,10090,-310,-2.98,10400,0,0,10090,10090,1400-2-1,2021-04-21
430,كدما,معدني‌ دماوند,10,812,119469560,151680,147130,147130,-4550,-3,151670,-10,-0.01,147130,147130,1400-2-1,2021-04-21
431,لپارس,پارس‌ الكتريك‌,10,843,76089180,93050,90260,90260,-2790,-3,93050,0,0,90260,90260,1400-2-1,2021-04-21
432,دتوليد,داروسازي توليد دارو,10,4330,112450100,26773,25970,25970,-803,-3,26771,-2,-0.01,25970,25970,1400-2-1,2021-04-21
433,زعف0008پ12,زعفران0008پوشالمعمول سحرخيز(پ),10,621,58693385,96100,95899,93300,-2800,-2.91,94514,-1586,-1.65,93101,95900,1400-2-1,2021-04-21
434,جوين,كشت و صنعت جوين,10,137016,678914280,5056,4955,4955,-101,-2,5052,-4,-0.08,4955,4955,1400-2-1,2021-04-21
435,خفولا,خدمات فني فولاد يزد,9,4108,176442708,43827,42951,42951,-876,-2,43819,-8,-0.02,42951,42951,1400-2-1,2021-04-21
436,كوثر,بيمه كوثر,9,27643,393608677,14679,14239,14239,-440,-3,14675,-4,-0.03,14239,14239,1400-2-1,2021-04-21
437,خبازرس,بازرسي مهندسي و صنعتي ايران,9,92045,2912671980,32289,31644,31644,-645,-2,32192,-97,-0.3,31644,31644,1400-2-1,2021-04-21
438,اخزا716,اسنادخزانه-م16بودجه97-000407,9,4959,4782812140,962705,962705,966496,3791,0.39,964471,1766,0.18,961001,966496,1400-2-1,2021-04-21
439,زفكا,كشت و دامداري فكا,9,224982,2859296238,13102,12709,12709,-393,-3,13079,-23,-0.18,12709,12709,1400-2-1,2021-04-21
440,دسينا,داروسازي‌ سينا,9,6548,151651680,23870,23160,23160,-710,-2.97,23870,0,0,23160,23160,1400-2-1,2021-04-21
441,دتماد,توليدمواداوليه‌داروپخش‌,9,9915,440523450,45800,44430,44430,-1370,-2.99,45790,-10,-0.02,44430,44430,1400-2-1,2021-04-21
442,ولشرق,ليزينگ ايران و شرق,9,154389,1306439718,8723,8462,8462,-261,-2.99,8716,-7,-0.08,8462,8462,1400-2-1,2021-04-21
443,دامين,داروسازي‌ امين‌,9,24043,122138440,5230,5080,5080,-150,-2.87,5230,0,0,5080,5080,1400-2-1,2021-04-21
444,ولبهمن,شركت بهمن ليزينگ,9,562365,4273411635,7834,7599,7599,-235,-3,7813,-21,-0.27,7599,7599,1400-2-1,2021-04-21
445,ضخود2014,اختيارخ خودرو-1800-1400/02/08,9,635,161450000,1,250,249,248,24800,254,253,25300,249,270,1400-2-1,2021-04-21
446,لكما,كارخانجات‌مخابراتي‌ايران‌,9,28171,169251368,6130,6008,6008,-122,-1.99,6129,-1,-0.02,6008,6008,1400-2-1,2021-04-21
447,ودي,بيمه  دي,9,9104,189618112,21472,20828,20828,-644,-3,21469,-3,-0.01,20828,20828,1400-2-1,2021-04-21
448,فروس,فروسيليس‌ ايران‌,9,53841,275665920,5270,5120,5120,-150,-2.85,5270,0,0,5120,5120,1400-2-1,2021-04-21
449,شكلر,نيروكلر,9,9363,438188400,48240,46800,46800,-1440,-2.99,48230,-10,-0.02,46800,46800,1400-2-1,2021-04-21
450,شاوان,پالايش نفت لاوان,9,2054,174037474,87351,84731,84731,-2620,-3,87342,-9,-0.01,84731,84731,1400-2-1,2021-04-21
451,رافزا,رايان هم افزا,9,585,64217205,113168,109773,109773,-3395,-3,113163,-5,0,109773,109773,1400-2-1,2021-04-21
452,سخزر,سيمان‌ خزر,9,16448,486202880,30470,29560,29560,-910,-2.99,30460,-10,-0.03,29560,29560,1400-2-1,2021-04-21
453,ثروتم,صندوق س. ثروت آفرين پارسيان-س,9,1280,93326800,73621,73935,72435,-1186,-1.61,72912,-709,-0.96,72435,73935,1400-2-1,2021-04-21
454,قپيرا,فرآورده‌هاي‌غدايي‌وقندپيرانشهر,8,2675,272234750,104910,101770,101770,-3140,-2.99,104890,-20,-0.02,101770,101770,1400-2-1,2021-04-21
455,شلعابح,ح . لعابيران‌,8,43124,712046000,17550,16600,16500,-1050,-5.98,16510,-1040,-5.93,16500,16600,1400-2-1,2021-04-21
456,قنيشا,قند  نيشابور,8,858,55598400,66800,64800,64800,-2000,-2.99,66800,0,0,64800,64800,1400-2-1,2021-04-21
457,ضمخا7066,اختيارخ اخابر-11700-1400/07/28,8,19,21460000,1300,1201,1000,-300,-23.08,1129,-171,-13.15,1000,1208,1400-2-1,2021-04-21
458,كگاز,شيشه‌ و گاز,8,7540,137378800,18780,18220,18220,-560,-2.98,18780,0,0,18220,18220,1400-2-1,2021-04-21
459,بنو,بيمه تجارت نو,8,17979,556396113,31904,30947,30947,-957,-3,31893,-11,-0.03,30947,30947,1400-2-1,2021-04-21
460,غمارگ,مارگارين‌,8,3599,109805490,31450,30510,30510,-940,-2.99,31450,0,0,30510,30510,1400-2-1,2021-04-21
461,قثابت,قند ثابت‌ خراسان‌,8,7903,519227100,67730,65700,65700,-2030,-3,67710,-20,-0.03,65700,65700,1400-2-1,2021-04-21
462,وآيند,بانك  آينده,8,14026,225481976,16404,16076,16076,-328,-2,16403,-1,-0.01,16076,16076,1400-2-1,2021-04-21
463,بسويچ,پارس‌سويچ‌,8,2843,151986780,55110,53460,53460,-1650,-2.99,55100,-10,-0.02,53460,53460,1400-2-1,2021-04-21
464,غنوش,نوش‌ مازندران‌,8,1469,81397290,57120,55410,55410,-1710,-2.99,57120,0,0,55410,55410,1400-2-1,2021-04-21
465,وسبحان,سرمايه گذاري سبحان,8,39948,119324676,3079,2987,2987,-92,-2.99,3079,0,0,2987,2987,1400-2-1,2021-04-21
466,دسبحا,گروه دارويي سبحان,8,37040,696722400,19390,18810,18810,-580,-2.99,19380,-10,-0.05,18810,18810,1400-2-1,2021-04-21
467,زكوثر,سرمايه گذاري كشاورزي كوثر,8,4321,90784210,21650,21010,21010,-640,-2.96,21650,0,0,21010,21010,1400-2-1,2021-04-21
468,سيمرغ,سيمرغ,8,13048,231341040,18270,17730,17730,-540,-2.96,18270,0,0,17730,17730,1400-2-1,2021-04-21
469,قشكر,شكرشاهرود,8,23461,87509530,3840,3730,3730,-110,-2.86,3840,0,0,3730,3730,1400-2-1,2021-04-21
470,كلر,كلر پارس,8,5127,670949982,134913,130866,130866,-4047,-3,134857,-56,-0.04,130866,130866,1400-2-1,2021-04-21
471,پخش,پخش البرز,8,3678,115592184,32400,31428,31428,-972,-3,32398,-2,-0.01,31428,31428,1400-2-1,2021-04-21
472,فالوم,آلومتك‌,8,3861,134872452,36387,34932,34932,-1455,-4,36377,-10,-0.03,34932,34932,1400-2-1,2021-04-21
473,وپست,پست بانك ايران,7,3992,86506640,22340,21670,21670,-670,-3,22340,0,0,21670,21670,1400-2-1,2021-04-21
474,خنصير,مهندسي‌نصيرماشين‌,7,1699,178853730,108520,105270,105270,-3250,-2.99,108510,-10,-0.01,105270,105270,1400-2-1,2021-04-21
475,وآذر,سرمايه‌گذاري‌توسعه‌آذربايجان‌,7,552,45501360,84970,82430,82430,-2540,-2.99,84970,0,0,82430,82430,1400-2-1,2021-04-21
476,وتوصا,گروه س توسعه صنعتي ايران,7,30777,369324000,12370,12000,12000,-370,-2.99,12370,0,0,12000,12000,1400-2-1,2021-04-21
477,سفانو,سيمان فارس نو,7,8462,333656660,40640,39430,39430,-1210,-2.98,40630,-10,-0.02,39430,39430,1400-2-1,2021-04-21
478,وبيمه,سرمايه‌ گذاري‌ صنعت‌ بيمه‌,7,36852,100237440,2800,2720,2720,-80,-2.86,2800,0,0,2720,2720,1400-2-1,2021-04-21
479,ثزاگرس,سرمايه گذاري توسعه عمران زاگرس,7,2438,132983148,57416,54546,54546,-2870,-5,57396,-20,-0.03,54546,54546,1400-2-1,2021-04-21
480,بزاگرس,نيروگاه زاگرس كوثر,7,10700,74365000,7164,6950,6950,-214,-2.99,7164,0,0,6950,6950,1400-2-1,2021-04-21
481,زعف0008پ19,زعفران0008نگين تروند قاينات(پ),7,781,110049025,137010,134025,139000,1990,1.45,140908,3898,2.85,134025,142900,1400-2-1,2021-04-21
482,اخزا723,اسنادخزانه-م23بودجه97-000824,7,395,352795966,891495,892000,895000,3505,0.39,893154,1659,0.19,892000,895000,1400-2-1,2021-04-21
483,عيار2,صندوق سكه طلاي مفيد,7,70000,70000,25049,1,1,-25048,-100,1,-25048,-100,1,1,1400-2-1,2021-04-21
484,چخزر,صنايع چوب خزر كاسپين,7,7005,366578655,53949,52331,52331,-1618,-3,53937,-12,-0.02,52331,52331,1400-2-1,2021-04-21
485,بساما,بيمه سامان,7,11804,264043676,23060,22369,22369,-691,-3,23056,-4,-0.02,22369,22369,1400-2-1,2021-04-21
486,دانا,بيمه دانا,7,71938,463280720,6630,6440,6440,-190,-2.87,6630,0,0,6440,6440,1400-2-1,2021-04-21
487,گكيش,توريستي ورفاهي آبادگران كيش,7,6044,288268580,48668,47695,47695,-973,-2,48654,-14,-0.03,47695,47695,1400-2-1,2021-04-21
488,دكپسول,توليد ژلاتين كپسول ايران,7,38974,1260808900,33350,32350,32350,-1000,-3,33324,-26,-0.08,32350,32350,1400-2-1,2021-04-21
489,خكاوه,سايپا ديزل,7,58306,207219524,3626,3554,3554,-72,-1.99,3625,-1,-0.03,3554,3554,1400-2-1,2021-04-21
490,اخزا818,اسنادخزانه-م18بودجه98-010614,6,4250,3293760462,779041,775000,775000,-4041,-0.52,775002,-4039,-0.52,775000,775011,1400-2-1,2021-04-21
491,ضپنا8000,اختيارخ رمپنا-9850-1400/08/05,6,9,75000000,1,9000,8000,7999,799900,8333,8332,833200,8000,9000,1400-2-1,2021-04-21
492,ضچاد2004,اختيارخ كچاد-20000-1400/02/05,6,25,51000000,1105,2000,2000,895,81,2040,935,84.62,2000,2200,1400-2-1,2021-04-21
493,پلاسك,پلاسكوكار,6,6855,49767300,7480,7260,7260,-220,-2.94,7480,0,0,7260,7260,1400-2-1,2021-04-21
494,بالبر,كابل‌ البرز,6,1937,110990100,59070,57300,57300,-1770,-3,59070,0,0,57300,57300,1400-2-1,2021-04-21
495,ساينا,صنايع بهداشتي ساينا,6,251,37442423,153786,149173,149173,-4613,-3,153782,-4,0,149173,149173,1400-2-1,2021-04-21
496,وثوق,سرمايه گذاري وثوق امين,6,2064,37341888,18461,18092,18092,-369,-2,18460,-1,-0.01,18092,18092,1400-2-1,2021-04-21
497,وپترو,سرمايه‌گذاري صنايع پتروشيمي‌,6,3871,52258500,13910,13500,13500,-410,-2.95,13910,0,0,13500,13500,1400-2-1,2021-04-21
498,پرداخت,به پرداخت ملت,6,5950,188555500,32670,31690,31690,-980,-3,32670,0,0,31690,31690,1400-2-1,2021-04-21
499,تكشا,گسترش‌صنايع‌وخدمات‌كشاورزي‌,6,1017,45897210,46520,45130,45130,-1390,-2.99,46520,0,0,45130,45130,1400-2-1,2021-04-21
500,خرينگ,رينگ‌سازي‌مشهد,6,4098,209120940,52600,51030,51030,-1570,-2.98,52590,-10,-0.02,51030,51030,1400-2-1,2021-04-21
501,اخزا721,اسنادخزانه-م21بودجه97-000728,6,11800,10679084120,902863,905000,909206,6343,0.7,905007,2144,0.24,905000,909206,1400-2-1,2021-04-21
502,تاپكيش,تجارت الكترونيك پارسيان كيش,6,3351,59192064,18210,17664,17664,-546,-3,18209,-1,-0.01,17664,17664,1400-2-1,2021-04-21
503,كاذر,فرآورده‌هاي‌نسوزآذر,6,3347,106334190,32750,31770,31770,-980,-2.99,32750,0,0,31770,31770,1400-2-1,2021-04-21
504,شلعاب,لعابيران‌,6,2274,48367980,21920,21270,21270,-650,-2.97,21920,0,0,21270,21270,1400-2-1,2021-04-21
505,فزرين,زرين معدن آسيا,6,21659,569111884,27088,26276,26276,-812,-3,27078,-10,-0.04,26276,26276,1400-2-1,2021-04-21
506,خاذين,سايپاآذين‌,6,26844,123750840,4750,4610,4610,-140,-2.95,4750,0,0,4610,4610,1400-2-1,2021-04-21
507,كيميا,معدني كيمياي زنجان گستران,6,66838,1150014628,17738,17206,17206,-532,-3,17725,-13,-0.07,17206,17206,1400-2-1,2021-04-21
508,زعف0008پ18,زعفران0008نگين بهرامن(پ),6,1400,197950450,142986,142986,141000,-1986,-1.39,141393,-1593,-1.11,141000,143000,1400-2-1,2021-04-21
509,كسعدي,كاشي‌ سعدي‌,6,1587,32898510,21370,20730,20730,-640,-2.99,21370,0,0,20730,20730,1400-2-1,2021-04-21
510,آسام,صندوق س.آرمان سپهر آشنا-م,6,750,76845210,103256,103007,101200,-2056,-1.99,102460,-796,-0.77,101105,103007,1400-2-1,2021-04-21
511,توريل,توكاريل,6,8166,199389222,25172,24417,24417,-755,-3,25169,-3,-0.01,24417,24417,1400-2-1,2021-04-21
512,ضصاد3001,اختيارخ وبصادر-2000-1400/03/12,6,201,76400000,488,400,380,-108,-22.13,380,-108,-22.13,380,400,1400-2-1,2021-04-21
513,كپارس,كاشي‌ پارس‌,6,2119,318676410,155040,150390,150390,-4650,-3,155010,-30,-0.02,150390,150390,1400-2-1,2021-04-21
514,تكنو,تكنوتار,6,52149,1117553070,22090,21430,21430,-660,-2.99,22070,-20,-0.09,21430,21430,1400-2-1,2021-04-21
515,اخزا722,اسنادخزانه-م22بودجه97-000428,6,19040,18113817520,951547,952389,952990,1443,0.15,951356,-191,-0.02,951200,952990,1400-2-1,2021-04-21
516,صايپا112,صكوك مرابحه سايپا112-3ماهه 16%,6,57000,56052147000,983371,983371,983371,0,0,983371,0,0,983371,983371,1400-2-1,2021-04-21
517,شاملا,معدني‌ املاح‌  ايران‌,6,1000,48710000,50210,48710,48710,-1500,-2.99,50210,0,0,48710,48710,1400-2-1,2021-04-21
518,ضملي3003,اختيارخ فملي-12000-1400/03/02,6,20,11138000,803,450,599,-204,-25.4,557,-246,-30.64,450,699,1400-2-1,2021-04-21
519,ضخود7077,اختيارخ خودرو-3000-1400/07/07,6,138,9692000,90,72,70,-20,-22.22,70,-20,-22.22,70,72,1400-2-1,2021-04-21
520,زملارد,كشاورزي و دامپروري ملارد شير,6,979,36340480,38268,37120,37120,-1148,-3,38267,-1,0,37120,37120,1400-2-1,2021-04-21
521,اخزا904,اسنادخزانه-م4بودجه99-011215,6,6362,4453400000,699485,700000,700000,515,0.07,700000,515,0.07,700000,700000,1400-2-1,2021-04-21
522,دكيمي,كيميدارو,6,18640,542796800,30020,29120,29120,-900,-3,30010,-10,-0.03,29120,29120,1400-2-1,2021-04-21
523,زير0003پ04,زيره سبز0003شركت مينوبذر(پ),6,189,97976284,530000,543658,516476,-13524,-2.55,518393,-11607,-2.19,516476,543658,1400-2-1,2021-04-21
524,كفپارس,فرآورده‌هاي‌ نسوز پارس‌,6,9145,41061050,4620,4490,4490,-130,-2.81,4620,0,0,4490,4490,1400-2-1,2021-04-21
525,پست0008پ04,پسته فندقي32-30سبزدانه0008(پ),6,57,91868626,1647100,1563559,1601186,-45914,-2.79,1611730,-35370,-2.15,1563559,1650000,1400-2-1,2021-04-21
526,بنيرو,نيروترانس‌,5,11822,173074080,15090,14640,14640,-450,-2.98,15090,0,0,14640,14640,1400-2-1,2021-04-21
527,غبهنوش,بهنوش‌ ايران‌,5,661,45899840,71580,69440,69440,-2140,-2.99,71580,0,0,69440,69440,1400-2-1,2021-04-21
528,خمهر,مهركام‌پارس‌,5,28441,67405170,2440,2370,2370,-70,-2.87,2440,0,0,2370,2370,1400-2-1,2021-04-21
529,ضفلا3004,اختيارخ فولاد-8560-1400/03/19,5,75,75150000,1360,1002,1002,-358,-26.32,1002,-358,-26.32,1002,1002,1400-2-1,2021-04-21
530,تملي710,تسهيلات مسكن ب. ملي-دي97,5,26,20243210,741510,778585,778585,37075,5,778585,37075,5,778585,778585,1400-2-1,2021-04-21
531,وسخوز,شركت س استان خوزستان,5,113120,107464000,970,950,950,-20,-2.06,970,0,0,950,950,1400-2-1,2021-04-21
532,گدنا,تهيه توزيع غذاي دنا آفرين فدك,5,1318,43414920,33958,32940,32940,-1018,-3,33957,-1,0,32940,32940,1400-2-1,2021-04-21
533,ضچاد2000,اختيارخ كچاد-12000-1400/02/05,5,67,670000000,9800,10000,10000,200,2.04,10000,200,2.04,10000,10000,1400-2-1,2021-04-21
534,ريشمك,توليد و صادرات ريشمك,5,5788,320660988,57114,55401,55401,-1713,-3,57103,-11,-0.02,55401,55401,1400-2-1,2021-04-21
535,فاما,صنعتي‌ آما,5,3454,62379240,18610,18060,18060,-550,-2.96,18610,0,0,18060,18060,1400-2-1,2021-04-21
536,ضسپا3000,اختيارخ خساپا-1400-1400/03/26,5,36,25995000,771,900,699,-72,-9.34,722,-49,-6.36,699,900,1400-2-1,2021-04-21
537,ثفارس,عمران‌وتوسعه‌فارس‌,5,18151,176972250,10050,9750,9750,-300,-2.99,10050,0,0,9750,9750,1400-2-1,2021-04-21
538,تكمبا,كمباين‌ سازي‌ ايران‌,5,201461,1561322750,7980,7750,7750,-230,-2.88,7970,-10,-0.13,7750,7750,1400-2-1,2021-04-21
539,ثجوان,تامين مسكن جوانان,5,37660,410381020,11119,10897,10897,-222,-2,11114,-5,-0.04,10897,10897,1400-2-1,2021-04-21
540,اخزا804,اسنادخزانه-م4بودجه98-000421,5,5341,5101640900,953264,956496,956494,3230,0.34,955185,1921,0.2,955000,956497,1400-2-1,2021-04-21
541,كبافق,معادن‌ بافق‌,5,1250,60675000,50040,48540,48540,-1500,-3,50040,0,0,48540,48540,1400-2-1,2021-04-21
542,ضمخا7070,اختيارخ اخابر-19700-1400/07/28,5,41,10705000,602,400,250,-352,-58.47,261,-341,-56.64,250,400,1400-2-1,2021-04-21
543,كمنگنز,معادن‌منگنزايران‌,5,2563,220161700,88550,85900,85900,-2650,-2.99,88540,-10,-0.01,85900,85900,1400-2-1,2021-04-21
544,وتوكا,سرمايه‌گذاري‌توكافولاد(هلدينگ,5,4877,56573200,11950,11600,11600,-350,-2.93,11950,0,0,11600,11600,1400-2-1,2021-04-21
545,سدبير,س. تدبيرگران فارس وخوزستان,5,840,72866640,89428,86746,86746,-2682,-3,89424,-4,0,86746,86746,1400-2-1,2021-04-21
546,اپرداز,آتيه داده پرداز,5,6797,140718291,21343,20703,20703,-640,-3,21341,-2,-0.01,20703,20703,1400-2-1,2021-04-21
547,سايرا,ايرانيت‌,5,100000,4245400000,43320,42454,42454,-866,-2,42922,-398,-0.92,42454,42454,1400-2-1,2021-04-21
548,افران2,صندوق س افرا نماد پايدار-ثابت,5,7538000,7538000,13141,1,1,-13140,-99.99,1,-13140,-99.99,1,1,1400-2-1,2021-04-21
549,ضملت3004,اختيارخ وبملت-5000-1400/03/19,5,30,3037000,158,50,111,-47,-29.75,101,-57,-36.08,50,111,1400-2-1,2021-04-21
550,وكادو,تكادو,5,101308,1671885924,16839,16503,16503,-336,-2,16809,-30,-0.18,16503,16503,1400-2-1,2021-04-21
551,تبرك,گروه كارخانجات صنعتي تبرك,5,2211,42689988,19905,19308,19308,-597,-3,19904,-1,-0.01,19308,19308,1400-2-1,2021-04-21
552,فوكا,فولاد كاويان,5,96298,1132368182,11998,11759,11759,-239,-1.99,11988,-10,-0.08,11759,11759,1400-2-1,2021-04-21
553,ضفار3000,اختيارخ فارس-8000-1400/03/05,5,55,66110000,1202,1202,1202,0,0,1202,0,0,1202,1202,1400-2-1,2021-04-21
554,غصينو,صنعتي مينو,4,503,33146191,67935,65897,65897,-2038,-3,67934,-1,0,65897,65897,1400-2-1,2021-04-21
555,دتوزيع,توزيع دارو پخش,4,920,46468280,52071,50509,50509,-1562,-3,52070,-1,0,50509,50509,1400-2-1,2021-04-21
556,اخزا813,اسنادخزانه-م13بودجه98-010219,4,2081,1697089600,815000,816000,815200,200,0.02,815516,516,0.06,815200,816000,1400-2-1,2021-04-21
557,وارس,سرمايه گذاري ارس صبا,4,2817,48455217,17552,17201,17201,-351,-2,17551,-1,-0.01,17201,17201,1400-2-1,2021-04-21
558,ضصاد3002,اختيارخ وبصادر-2500-1400/03/12,4,53,7076000,167,175,132,-35,-20.96,134,-33,-19.76,132,175,1400-2-1,2021-04-21
559,ثنور,سرمايه گذاري كوه نور,4,23500,224707000,9757,9562,9562,-195,-2,9755,-2,-0.02,9562,9562,1400-2-1,2021-04-21
560,خشرق,الكتريك‌ خودرو شرق‌,4,11366,164920660,14950,14510,14510,-440,-2.94,14950,0,0,14510,14510,1400-2-1,2021-04-21
561,ضملي3002,اختيارخ فملي-10000-1400/03/02,4,7,9959000,1710,1547,1400,-310,-18.13,1423,-287,-16.78,1400,1547,1400-2-1,2021-04-21
562,شجم,صنايع پتروشيمي تخت جمشيد,4,92500,940262500,10372,10165,10165,-207,-2,10365,-7,-0.07,10165,10165,1400-2-1,2021-04-21
563,وگستر,گسترش سرمايه گذاري ايرانيان,4,2065,38638215,19289,18711,18711,-578,-3,19289,0,0,18711,18711,1400-2-1,2021-04-21
564,اخزا720,اسنادخزانه-م20بودجه97-000324,4,1278,1240816983,970314,960000,971000,686,0.07,970905,591,0.06,960000,971000,1400-2-1,2021-04-21
565,تپمپي,پمپ‌ سازي‌ ايران‌,4,1395,26281800,19420,18840,18840,-580,-2.99,19420,0,0,18840,18840,1400-2-1,2021-04-21
566,قصفها,قنداصفهان‌,4,165,25202100,157460,152740,152740,-4720,-3,157460,0,0,152740,152740,1400-2-1,2021-04-21
567,ضغدر3002,اختيارخ وغدير-8200-1400/03/26,4,5,11861000,2600,2401,2350,-250,-9.62,2372,-228,-8.77,2350,2401,1400-2-1,2021-04-21
568,قاسم,قاسم ايران,4,4719,59803887,13064,12673,12673,-391,-2.99,13064,0,0,12673,12673,1400-2-1,2021-04-21
569,خعمرا,توسعه و عمران شهرستان نائين,4,6015,140402130,22663,23342,23342,679,3,22668,5,0.02,23342,23342,1400-2-1,2021-04-21
570,وگردش,بانك گردشگري,4,101941,1735239702,17369,17022,17022,-347,-2,17363,-6,-0.03,17022,17022,1400-2-1,2021-04-21
571,ضپاس2003,اختيارخ وپارس-3500-1400/02/29,4,251,3365000,13,15,15,2,15.38,13,0,0,11,15,1400-2-1,2021-04-21
572,شفارا,پتروشيمي فارابي,4,5677,21527184,3869,3792,3792,-77,-1.99,3869,0,0,3792,3792,1400-2-1,2021-04-21
573,ضخود7072,اختيارخ خودرو-1400-1400/07/07,4,184,158405000,852,810,901,49,5.75,861,9,1.06,810,901,1400-2-1,2021-04-21
574,درهآور,دارويي ره آورد تامين,4,650,33564700,53235,51638,51638,-1597,-3,53234,-1,0,51638,51638,1400-2-1,2021-04-21
575,خكمك,كمك‌فنرايندامين‌,4,6111,160841520,27130,26320,26320,-810,-2.99,27130,0,0,26320,26320,1400-2-1,2021-04-21
576,وسهمدا,شركت س استان همدان,4,81853,71212110,890,870,870,-20,-2.25,890,0,0,870,870,1400-2-1,2021-04-21
577,كسرام,پارس‌ سرام‌,4,4080,33007200,8330,8090,8090,-240,-2.88,8330,0,0,8090,8090,1400-2-1,2021-04-21
578,ختراك,ريخته‌گري‌ تراكتورسازي‌ ايران‌,4,34362,520240680,15600,15140,15140,-460,-2.95,15600,0,0,15140,15140,1400-2-1,2021-04-21
579,بايكا,كارخانجات كابلسازي ‌ايران‌,4,1015,41861645,42084,41243,41243,-841,-2,42082,-2,0,41243,41243,1400-2-1,2021-04-21
580,وسنا,سرمايه گذاري نيروگاهي ايران,4,1743,26826513,15705,15391,15391,-314,-2,15705,0,0,15391,15391,1400-2-1,2021-04-21
581,وليز,ليزينگ‌ايران‌,3,4718,43688680,9540,9260,9260,-280,-2.94,9540,0,0,9260,9260,1400-2-1,2021-04-21
582,فسديد,لوله‌وتجهيزات‌ سديد - ورشكسته,3,6038,680072016,113769,112632,112632,-1137,-1,113613,-156,-0.14,112632,112632,1400-2-1,2021-04-21
583,ثرود,سرمايه‌گذاري مسكن زاينده رود,3,3114,64017612,21193,20558,20558,-635,-3,21192,-1,0,20558,20558,1400-2-1,2021-04-21
584,وآفري,بيمه كارآفرين,3,154882,510645954,3364,3297,3297,-67,-1.99,3362,-2,-0.06,3297,3297,1400-2-1,2021-04-21
585,گواهي ظرفيت,گواهي ظرفيت نقدي,3,16000000,217216000000,13576,13576,13576,0,0,13576,0,0,13576,13576,1400-2-1,2021-04-21
586,آينده,بازرگاني آينده سازان بهشت پارس,3,6092,118659976,19875,19478,19478,-397,-2,19873,-2,-0.01,19478,19478,1400-2-1,2021-04-21
587,ولملت,واسپاري ملت,3,4772,37889680,8180,7940,7940,-240,-2.93,8180,0,0,7940,7940,1400-2-1,2021-04-21
588,وسمازن,س.سهام عدالت استان مازندران,3,17504,16628800,970,950,950,-20,-2.06,970,0,0,950,950,1400-2-1,2021-04-21
589,پسهند,صنايع‌ لاستيكي‌  سهند,3,1400,56266000,41430,40190,40190,-1240,-2.99,41430,0,0,40190,40190,1400-2-1,2021-04-21
590,تسه0001,امتيازتسهيلات مسكن فروردين1400,3,20,9433111,494929,470183,480000,-14929,-3.02,471656,-23273,-4.7,470183,480000,1400-2-1,2021-04-21
591,غمينو,شركت صنايع غذايي مينو شرق,3,1804,20006360,11432,11090,11090,-342,-2.99,11432,0,0,11090,11090,1400-2-1,2021-04-21
592,كسرا,سراميك‌هاي‌صنعتي‌اردكان‌,3,7231,146138510,20830,20210,20210,-620,-2.98,20830,0,0,20210,20210,1400-2-1,2021-04-21
593,غديس,پاكديس,3,1265,16488010,13437,13034,13034,-403,-3,13437,0,0,13034,13034,1400-2-1,2021-04-21
594,ولتجار,واسپاري تجارت وسرمايه ايرانيان,3,50860,412728900,8280,8115,8115,-165,-1.99,8277,-3,-0.04,8115,8115,1400-2-1,2021-04-21
595,ضشنا2000,اختيارخ شپنا-9000-1400/02/27,3,41,100830000,2691,2333,2500,-191,-7.1,2459,-232,-8.62,2333,2500,1400-2-1,2021-04-21
596,اخزا805,اسنادخزانه-م5بودجه98-000422,3,36,34416288,955000,955012,960000,5000,0.52,956008,1008,0.11,955012,960000,1400-2-1,2021-04-21
597,ضپنا8001,اختيارخ رمپنا-11850-1400/08/05,3,6,44400000,8700,8000,7100,-1600,-18.39,7400,-1300,-14.94,7100,8000,1400-2-1,2021-04-21
598,شپاس,نفت پاسارگاد,3,50473,1060538676,21661,21012,21012,-649,-3,21647,-14,-0.06,21012,21012,1400-2-1,2021-04-21
599,وسكرد,شركت س استان كردستان,3,23910,16976100,730,710,710,-20,-2.74,730,0,0,710,710,1400-2-1,2021-04-21
600,رطب0002پ01,رطب مضافتي0002افشارتعاون بم(پ),3,100,15567000,163863,155670,155670,-8193,-5,155670,-8193,-5,155670,155670,1400-2-1,2021-04-21
601,كهرام,توليدي گرانيت بهسرام,3,406,45196732,113593,111322,111322,-2271,-2,113588,-5,0,111322,111322,1400-2-1,2021-04-21
602,زير0003پ01,زيره سبز0003كيميابذر(پ),3,361,206073240,556812,570840,570840,14028,2.52,570840,14028,2.52,570840,570840,1400-2-1,2021-04-21
603,غگرجي,بيسكويت‌  گرجي‌,3,2838,50913720,18490,17940,17940,-550,-2.97,18490,0,0,17940,17940,1400-2-1,2021-04-21
604,دلقما,دارويي‌ لقمان‌,3,8769,220364970,25900,25130,25130,-770,-2.97,25900,0,0,25130,25130,1400-2-1,2021-04-21
605,آرمان,بيمه آرمان,3,20000,161400000,8234,8070,8070,-164,-1.99,8233,-1,-0.01,8070,8070,1400-2-1,2021-04-21
606,دروز,داروسازي‌ روزدارو,3,2072,71442560,35540,34480,34480,-1060,-2.98,35540,0,0,34480,34480,1400-2-1,2021-04-21
607,اوصتا4,صندوق انديشه ورزان صباتامين -د,3,266100000,4907121400000,18410,18439,18458,48,0.26,18441,31,0.17,18439,18458,1400-2-1,2021-04-21
608,عفولاد2,اوراق سلف ورق گرم فولاد مباركه,3,500010,300827636740,590494,601643,613674,23180,3.93,601643,11149,1.89,601643,613674,1400-2-1,2021-04-21
609,قمرو,قند مرودشت‌,3,290,10405200,36980,35880,35880,-1100,-2.97,36980,0,0,35880,35880,1400-2-1,2021-04-21
610,دحاوي,الحاوي,3,1868,21922848,12224,11736,11736,-488,-3.99,12223,-1,-0.01,11736,11736,1400-2-1,2021-04-21
611,كمرجان,بازرگاني و توليدي مرجان كار,3,1284,183025212,146951,142543,142543,-4408,-3,146934,-17,-0.01,142543,142543,1400-2-1,2021-04-21
612,كفرآور,فرآورده هاي سيمان شرق,3,10500,243190500,23633,23161,23161,-472,-2,23627,-6,-0.03,23161,23161,1400-2-1,2021-04-21
613,دسانكو,داروسازي سبحان انكولوژي,3,10320,148071360,14791,14348,14348,-443,-3,14790,-1,-0.01,14348,14348,1400-2-1,2021-04-21
614,پاسا,ايران‌ياساتايرورابر,3,815,21092200,26680,25880,25880,-800,-3,26680,0,0,25880,25880,1400-2-1,2021-04-21
615,وسكرمان,س.سهام عدالت استان كرمان,3,9956,9956000,1030,1000,1000,-30,-2.91,1030,0,0,1000,1000,1400-2-1,2021-04-21
616,كيش1402,اجاره س. و توسعه كيش14020820,3,46,46099995,1000000,1019999,1000000,0,0,1002174,2174,0.22,1000000,1019999,1400-2-1,2021-04-21
617,دابور,داروسازي‌ ابوريحان‌,3,3418,129747280,39130,37960,37960,-1170,-2.99,39130,0,0,37960,37960,1400-2-1,2021-04-21
618,غشصفا,شيرپاستوريزه‌پگاه‌اصفهان‌,3,1661,45112760,28000,27160,27160,-840,-3,28000,0,0,27160,27160,1400-2-1,2021-04-21
619,ثپرديس,سرمايه گذاري مسكن پرديس,3,1620,15966720,10160,9856,9856,-304,-2.99,10160,0,0,9856,9856,1400-2-1,2021-04-21
620,كمينا,شيشه سازي مينا,3,4149,102384873,25180,24677,24677,-503,-2,25177,-3,-0.01,24677,24677,1400-2-1,2021-04-21
621,تكنار,مجتمع معادن مس تكنار,3,215,24785200,117632,115280,115280,-2352,-2,117629,-3,0,115280,115280,1400-2-1,2021-04-21
622,فن آوا,گروه فن آوا,3,50600,890205800,18326,17593,17593,-733,-4,18292,-34,-0.19,17593,17593,1400-2-1,2021-04-21
623,تملي708,تسهيلات مسكن ب. ملي-آبان97,3,21,13359087,605855,636147,636147,30292,5,636147,30292,5,636147,636147,1400-2-1,2021-04-21
624,وساشرقي,شركت س استان آذربايجان شرقي,3,20474,19450300,970,950,950,-20,-2.06,970,0,0,950,950,1400-2-1,2021-04-21
625,شتولي,تولي‌پرس‌,3,717,23303934,33165,32502,32502,-663,-2,33163,-2,-0.01,32502,32502,1400-2-1,2021-04-21
626,تشتاد,صنايع توليدي اشتاد ايران‌,3,3239,49812581,15692,15379,15379,-313,-1.99,15691,-1,-0.01,15379,15379,1400-2-1,2021-04-21
627,ضملي7001,اختيارخ فملي-8720-1400/07/11,3,24,74010000,3650,3500,3000,-650,-17.81,3084,-566,-15.51,3000,3500,1400-2-1,2021-04-21
628,بشهاب,لامپ‌  پارس‌ شهاب‌,3,1731,250544940,149210,144740,144740,-4470,-3,149190,-20,-0.01,144740,144740,1400-2-1,2021-04-21
629,زقيام,كشت و دام قيام اصفهان,3,6573,184845906,28991,28122,28122,-869,-3,28988,-3,-0.01,28122,28122,1400-2-1,2021-04-21
630,دبالك,مواد اوليه دارويي البرز بالك,3,1296,26184384,20828,20204,20204,-624,-3,20828,0,0,20204,20204,1400-2-1,2021-04-21
631,كمند2,صندوق س. با درآمد ثابت كمند,3,1047500000,1047500000,10088,1,1,-10087,-99.99,1,-10087,-99.99,1,1,1400-2-1,2021-04-21
632,سميعا002,سلف موازي استاندارد سميعا002,2,155900,201013250700,1314584,1289373,1289373,-25211,-1.92,1289373,-25211,-1.92,1289373,1289373,1400-2-1,2021-04-21
633,اوان,مبين وان كيش,2,1040,55110640,54629,52991,52991,-1638,-3,54627,-2,0,52991,52991,1400-2-1,2021-04-21
634,وتوس,توسعه‌شهري‌توس‌گستر,2,2500,33475000,13800,13390,13390,-410,-2.97,13800,0,0,13390,13390,1400-2-1,2021-04-21
635,ضمخا7069,اختيارخ اخابر-17700-1400/07/28,2,2,1001000,1000,501,500,-500,-50,500,-500,-50,500,501,1400-2-1,2021-04-21
636,تملي705,تسهيلات مسكن ب. ملي-مرداد97,2,100,69000000,726312,690000,690000,-36312,-5,690000,-36312,-5,690000,690000,1400-2-1,2021-04-21
637,كپشير,پشم‌شيشه‌ايران‌,2,305,11827900,39970,38780,38780,-1190,-2.98,39970,0,0,38780,38780,1400-2-1,2021-04-21
638,وسقم,شركت س استان قم,2,5001,6851370,1410,1370,1370,-40,-2.84,1410,0,0,1370,1370,1400-2-1,2021-04-21
639,وسگيلا,شركت س استان گيلان,2,5500,4125000,770,750,750,-20,-2.6,770,0,0,750,750,1400-2-1,2021-04-21
640,اخزا713,اسنادخزانه-م13بودجه97-000518,2,372,351168000,940154,944000,944000,3846,0.41,944000,3846,0.41,944000,944000,1400-2-1,2021-04-21
641,تملي703,تسهيلات مسكن ب. ملي-خرداد97,2,23,14533026,621160,638136,590102,-31058,-5,631871,10711,1.72,590102,638136,1400-2-1,2021-04-21
642,دفارا,داروسازي‌ فارابي‌,2,420,26749800,65650,63690,63690,-1960,-2.99,65650,0,0,63690,63690,1400-2-1,2021-04-21
643,شكبير,پتروشيمي اميركبير,2,158,13749950,88801,87025,87025,-1776,-2,88801,0,0,87025,87025,1400-2-1,2021-04-21
644,وسرضوي,س.سهام عدالت استان خراسان رضوي,2,1001,1001000,1030,1000,1000,-30,-2.91,1030,0,0,1000,1000,1400-2-1,2021-04-21
645,وسيلام,شركت س استان ايلام,2,4201,5083210,1240,1210,1210,-30,-2.42,1240,0,0,1210,1210,1400-2-1,2021-04-21
646,غشاذر,پگاه‌آذربايجان‌غربي‌,2,1350,13095000,10000,9700,9700,-300,-3,10000,0,0,9700,9700,1400-2-1,2021-04-21
647,ضملت3000,اختيارخ وبملت-3000-1400/03/19,2,7,8400000,1397,1200,1200,-197,-14.1,1200,-197,-14.1,1200,1200,1400-2-1,2021-04-21
648,لخزر,پارس‌ خزر,2,85,15376500,186490,180900,180900,-5590,-3,186490,0,0,180900,180900,1400-2-1,2021-04-21
649,فنرژي,گسترش صنايع انرژي آذرآب,2,10500,191761500,19023,18263,18263,-760,-4,19008,-15,-0.08,18263,18263,1400-2-1,2021-04-21
650,حآسا,آسيا سير ارس,2,236,10276620,44891,43545,43545,-1346,-3,44891,0,0,43545,43545,1400-2-1,2021-04-21
651,ثتوسا,س.توسعه و عمران استان اردبيل,2,757,29509374,39777,38982,38982,-795,-2,39776,-1,0,38982,38982,1400-2-1,2021-04-21
652,كشرق,صنعتي و معدني شمال شرق شاهرود,2,116,10362628,92095,89333,89333,-2762,-3,92094,-1,0,89333,89333,1400-2-1,2021-04-21
653,ياقوت2,صندوق س ياقوت آگاه-ثابت,2,8005000,8005000,12292,1,1,-12291,-99.99,1,-12291,-99.99,1,1,1400-2-1,2021-04-21
654,خفنر,فنرسازي‌خاور,2,1450,12194500,8660,8410,8410,-250,-2.89,8660,0,0,8410,8410,1400-2-1,2021-04-21
655,آكورد4,صندوق س. آرمان آتي كوثر-د,2,40000000,1267800000000,31680,31695,31695,15,0.05,31695,15,0.05,31695,31695,1400-2-1,2021-04-21
656,سنوين,سرمايه گذاري اقتصاد نوين,2,12655,113401455,9143,8961,8961,-182,-1.99,9142,-1,-0.01,8961,8961,1400-2-1,2021-04-21
657,وسزنجان,شركت س استان زنجان,2,3970,5478600,1420,1380,1380,-40,-2.82,1420,0,0,1380,1380,1400-2-1,2021-04-21
658,شراز,پالايش نفت شيراز,2,189,20729898,113074,109682,109682,-3392,-3,113073,-1,0,109682,109682,1400-2-1,2021-04-21
659,دجابر,داروسازي‌ جابرابن‌حيان‌,2,519,10193160,20240,19640,19640,-600,-2.96,20240,0,0,19640,19640,1400-2-1,2021-04-21
660,دشيمي,شيمي‌ داروئي‌ داروپخش‌,2,432,12921120,30830,29910,29910,-920,-2.98,30830,0,0,29910,29910,1400-2-1,2021-04-21
661,ثنوسا,نوسازي‌وساختمان‌تهران‌,2,1500,18915000,13000,12610,12610,-390,-3,13000,0,0,12610,12610,1400-2-1,2021-04-21
662,غشان,شيرپاستوريزه‌پگاه‌خراسان‌,2,7679,57285340,7690,7460,7460,-230,-2.99,7690,0,0,7460,7460,1400-2-1,2021-04-21
663,ثنام,س ساختماني ب نام آوران مهندسي,2,652,10643900,16658,16325,16325,-333,-2,16658,0,0,16325,16325,1400-2-1,2021-04-21
664,تنوينح,ح . تامين سرمايه نوين,2,101000,575700000,5720,5700,5700,-20,-0.35,5700,-20,-0.35,5700,5700,1400-2-1,2021-04-21
665,فرآور,فرآوري‌موادمعدني‌ايران‌,2,50000,1710500000,35260,34210,34210,-1050,-2.98,35220,-40,-0.11,34210,34210,1400-2-1,2021-04-21
666,تملي706,تسهيلات مسكن ب. ملي-شهريور97,2,11,5622353,538024,511123,511123,-26901,-5,511123,-26901,-5,511123,511123,1400-2-1,2021-04-21
667,زماهان,مجتمع توليد گوشت مرغ ماهان,2,1390,27776370,20601,19983,19983,-618,-3,20601,0,0,19983,19983,1400-2-1,2021-04-21
668,اشاد1,مشاركت دولتي1-شرايط خاص001026,2,1200,1188000000,990000,990000,990000,0,0,990000,0,0,990000,990000,1400-2-1,2021-04-21
669,شرق1400,مشاركت ليزينگ ايران وشرق140010,2,223,222955400,1008000,999800,999800,-8200,-0.81,999800,-8200,-0.81,999800,999800,1400-2-1,2021-04-21
670,بالاس,مهندسي ساختمان تاسيسات راه آهن,2,50153,2811677486,57795,56062,56062,-1733,-3,57695,-100,-0.17,56062,56062,1400-2-1,2021-04-21
671,ضترا3000,اختيارخ شتران-6000-1400/03/09,2,3,8400000,3550,2800,2800,-750,-21.13,2800,-750,-21.13,2800,2800,1400-2-1,2021-04-21
672,زگلدشت,كشت و دام گلدشت نمونه اصفهان,2,1034,14046890,14005,13585,13585,-420,-3,14005,0,0,13585,13585,1400-2-1,2021-04-21
673,تصميم2,صندوق س با درآمد ثابت تصميم,2,1500000,1500000,16163,1,1,-16162,-99.99,1,-16162,-99.99,1,1,1400-2-1,2021-04-21
674,دمعيار4,صندوق س. توازن معيار-د,2,30000000,300030000000,10144,10001,10001,-143,-1.41,10001,-143,-1.41,10001,10001,1400-2-1,2021-04-21
675,شپاكسا,پاكسان‌,2,387,10479960,27910,27080,27080,-830,-2.97,27910,0,0,27080,27080,1400-2-1,2021-04-21
676,فمراد,آلومراد,2,800,111680000,143910,139600,139600,-4310,-2.99,143900,-10,-0.01,139600,139600,1400-2-1,2021-04-21
677,وسيستا,شركت س استان سيستان وبلوچستان,2,6880,5091200,760,740,740,-20,-2.63,760,0,0,740,740,1400-2-1,2021-04-21
678,نهال2,صندوق س. طلاي سرخ نوويرا,2,200000,200000,10867,1,1,-10866,-99.99,1,-10866,-99.99,1,1,1400-2-1,2021-04-21
679,ضسپا3006,اختيارخ خساپا-3500-1400/03/26,2,50,1310000,44,30,11,-33,-75,26,-18,-40.91,11,30,1400-2-1,2021-04-21
680,قهكمت,قندهكمتان‌,2,1230,54981000,46080,44700,44700,-1380,-2.99,46080,0,0,44700,44700,1400-2-1,2021-04-21
681,خلنت,لنت‌ ترمزايران‌,2,187,11377080,62720,60840,60840,-1880,-3,62720,0,0,60840,60840,1400-2-1,2021-04-21
682,سكارون,سيمان كارون,2,79,13776415,177943,174385,174385,-3558,-2,177940,-3,0,174385,174385,1400-2-1,2021-04-21
683,غشهد,شهد ايران ‌,2,1750,12355000,7270,7060,7060,-210,-2.89,7270,0,0,7060,7060,1400-2-1,2021-04-21
684,ضپنا2004,اختيارخ رمپنا-18000-1400/02/12,2,2,152000,89,75,77,-12,-13.48,76,-13,-14.61,75,77,1400-2-1,2021-04-21
685,كساوه,صنايع‌ كاشي‌ و سراميك‌ سينا,2,637,43602650,70560,68450,68450,-2110,-2.99,70560,0,0,68450,68450,1400-2-1,2021-04-21
686,كترام,توليدي‌ كاشي‌ تكسرام‌,2,1343,63282160,48570,47120,47120,-1450,-2.99,48570,0,0,47120,47120,1400-2-1,2021-04-21
687,مرقام,ايران‌ارقام‌,2,1067,20208980,19520,18940,18940,-580,-2.97,19520,0,0,18940,18940,1400-2-1,2021-04-21
688,كپرور,فرآوري زغال سنگ پروده طبس,2,492,17634756,36951,35843,35843,-1108,-3,36951,0,0,35843,35843,1400-2-1,2021-04-21
689,وآوا,سرمايه گذاري آوا نوين,2,4099,35366172,8894,8628,8628,-266,-2.99,8894,0,0,8628,8628,1400-2-1,2021-04-21
690,ولغدر,ليزينگ‌خودروغدير,2,1250,29837500,24600,23870,23870,-730,-2.97,24600,0,0,23870,23870,1400-2-1,2021-04-21
691,كفرا,فراورده‌ هاي‌ نسوزايران‌,1,109,5012910,47410,45990,45990,-1420,-3,47410,0,0,45990,45990,1400-2-1,2021-04-21
692,كبورس2,كارگزاران بورس اوراق بهادار,1,2650000,90709500000,35280,34230,34230,-1050,-2.98,34230,-1050,-2.98,34230,34230,1400-2-1,2021-04-21
693,چكاوه,صنايع‌كاغذسازي‌كاوه‌,1,1115,19925050,18420,17870,17870,-550,-2.99,18420,0,0,17870,17870,1400-2-1,2021-04-21
694,چافست,افست‌,1,317,5106870,16600,16110,16110,-490,-2.95,16600,0,0,16110,16110,1400-2-1,2021-04-21
695,شلرد02,كود شيميايي اوره لردگان,1,10,10118400,1011840,1011840,1011840,0,0,1011840,0,0,1011840,1011840,1400-2-1,2021-04-21
696,ضپيك2010,اختيارخ تاپيكو-12000-00/02/19,1,6,6600000,496,1100,1100,604,121.77,1100,604,121.77,1100,1100,1400-2-1,2021-04-21
697,عفولاد3,اوراق سلف موازي ورق گرم فولاد,1,80000,67536480000,843142,844206,844206,1064,0.13,844206,1064,0.13,844206,844206,1400-2-1,2021-04-21
698,ضصاد3000,اختيارخ وبصادر-1800-1400/03/12,1,1,561000,670,561,561,-109,-16.27,561,-109,-16.27,561,561,1400-2-1,2021-04-21
699,دقاضيح,ح . داروسازي شهيد قاضي,1,1000,35957000,37455,35957,35957,-1498,-4,35957,-1498,-4,35957,35957,1400-2-1,2021-04-21
700,ضپيك2012,اختيارخ تاپيكو-16000-00/02/19,1,2,100000,56,50,50,-6,-10.71,50,-6,-10.71,50,50,1400-2-1,2021-04-21
701,اراد63,مرابحه عام دولت63-ش.خ0309,1,14800,14800000000,1000000,1000000,1000000,0,0,1000000,0,0,1000000,1000000,1400-2-1,2021-04-21
702,ضسپا3007,اختيارخ خساپا-4000-1400/03/26,1,2,58000,44,29,29,-15,-34.09,29,-15,-34.09,29,29,1400-2-1,2021-04-21
703,حتوكا,حمل‌ونقل‌توكا,1,277,8240750,30660,29750,29750,-910,-2.97,30660,0,0,29750,29750,1400-2-1,2021-04-21
704,ثعمرا,عمران و توسعه شاهد,1,400,5064000,13051,12660,12660,-391,-3,13051,0,0,12660,12660,1400-2-1,2021-04-21
705,سنير,سيمان‌ سفيد ني‌ريز,1,79,19118000,249480,242000,242000,-7480,-3,249480,0,0,242000,242000,1400-2-1,2021-04-21
706,حسير,ريل سير كوثر,1,300,5063700,17401,16879,16879,-522,-3,17401,0,0,16879,16879,1400-2-1,2021-04-21
707,ثقزوي,شركت عمران و سازندگي قزوين,1,6516,199246248,31852,30578,30578,-1274,-4,31839,-13,-0.04,30578,30578,1400-2-1,2021-04-21
708,ثالوند,سرمايه گذاري مسكن الوند,1,321,10046979,32267,31299,31299,-968,-3,32267,0,0,31299,31299,1400-2-1,2021-04-21
709,غفارس,شير پاستوريزه پگاه فارس,1,1130,20104960,18342,17792,17792,-550,-3,18342,0,0,17792,17792,1400-2-1,2021-04-21
710,صخود4122,ص مرابحه خودرو412- 3ماهه 18%,1,490000,490000000000,999000,1000000,1000000,1000,0.1,1000000,1000,0.1,1000000,1000000,1400-2-1,2021-04-21
711,وسصفا,شركت س استان اصفهان,1,5000,5200000,1070,1040,1040,-30,-2.8,1070,0,0,1040,1040,1400-2-1,2021-04-21
712,وپسا,س. پتروشيمي ساختمان  خليج فارس,1,2000,5896000,3008,2948,2948,-60,-1.99,3008,0,0,2948,2948,1400-2-1,2021-04-21
713,وپاسار2,بانك  پاسارگاد,1,4500000,61200000000,13580,13600,13600,20,0.15,13600,20,0.15,13600,13600,1400-2-1,2021-04-21
714,داسوه,داروسازي‌ اسوه‌,1,164,5940080,37340,36220,36220,-1120,-3,37340,0,0,36220,36220,1400-2-1,2021-04-21
715,نبروج,نساجي بروجرد,1,1,5930,5814,5930,5930,116,2,5814,0,0,5930,5930,1400-2-1,2021-04-21
716,وسخراج,شركت س استان خراسان جنوبي,1,1,2160,2220,2160,2160,-60,-2.7,2220,0,0,2160,2160,1400-2-1,2021-04-21
717,ضملي7000,اختيارخ فملي-7720-1400/07/11,1,5,20000000,4293,4000,4000,-293,-6.83,4000,-293,-6.83,4000,4000,1400-2-1,2021-04-21
718,وشمال,س. چشم انداز توسعه شمال,1,58,5036024,88599,86828,86828,-1771,-2,88599,0,0,86828,86828,1400-2-1,2021-04-21
719,اراد704,مرابحه عام دولت70-ش.خ0112,1,17114000,16046154856000,943750,937604,937604,-6146,-0.65,937604,-6146,-0.65,937604,937604,1400-2-1,2021-04-21
720,ومعلم,بيمه معلم,1,1650,7984350,4988,4839,4839,-149,-2.99,4988,0,0,4839,4839,1400-2-1,2021-04-21
721,زكشت,كشاورزي مكانيزه اصفهان كشت,1,130,5090930,40372,39161,39161,-1211,-3,40372,0,0,39161,39161,1400-2-1,2021-04-21
722,ثاصفا,شركت‌ ساختمان‌ اصفهان‌,1,500,13336000,27783,26672,26672,-1111,-4,27782,-1,0,26672,26672,1400-2-1,2021-04-21
723,وكار2,بانك‌ كارآفرين‌,1,10000000,25800000000,2580,2580,2580,0,0,2580,0,0,2580,2580,1400-2-1,2021-04-21
724,ثشرق,سرمايه گذاري مسكن شمال شرق,1,1000,6690000,6890,6690,6690,-200,-2.9,6890,0,0,6690,6690,1400-2-1,2021-04-21
725,طخود2006,اختيارف خودرو-2500-1400/02/08,1,10,4000000,175,400,400,225,128.57,400,225,128.57,400,400,1400-2-1,2021-04-21
726,وساربيل,شركت س استان اردبيل,1,1000,1250000,1280,1250,1250,-30,-2.34,1280,0,0,1250,1250,1400-2-1,2021-04-21
727,خپويش,سازه‌ پويش‌,1,434,25397680,60320,58520,58520,-1800,-2.98,60320,0,0,58520,58520,1400-2-1,2021-04-21
728,داوه,داروسازي آوه سينا,1,1000,19581000,20186,19581,19581,-605,-3,20186,0,0,19581,19581,1400-2-1,2021-04-21
729,فسا,پتروشيمي فسا,1,5000,8680000,1771,1736,1736,-35,-1.98,1771,0,0,1736,1736,1400-2-1,2021-04-21
730,لپيام,گسترش صنايع پيام,1,120,6453480,54876,53779,53779,-1097,-2,54876,0,0,53779,53779,1400-2-1,2021-04-21
731,حپارسا,توسعه حمل و نقل ريلي پارسيان,1,148,5057604,35229,34173,34173,-1056,-3,35229,0,0,34173,34173,1400-2-1,2021-04-21
732,قنقش,قند نقش جهان,1,70,5042170,73501,72031,72031,-1470,-2,73500,-1,0,72031,72031,1400-2-1,2021-04-21
733,غدام,خوراك‌  دام‌ پارس‌,1,31,11867730,394660,382830,382830,-11830,-3,394660,0,0,382830,382830,1400-2-1,2021-04-21
734,پست0008پ02,پسته فندقي32-30طلاسبززرند0008,1,3,5184423,1576613,1728141,1728141,151528,9.61,1728141,151528,9.61,1728141,1728141,1400-2-1,2021-04-21
735,غدشت,دشت‌ مرغاب‌,1,100,27998000,288630,279980,279980,-8650,-3,288620,-10,0,279980,279980,1400-2-1,2021-04-21
736,خوساز,محورسازان‌ايران‌خودرو,1,1020,7935600,8020,7780,7780,-240,-2.99,8020,0,0,7780,7780,1400-2-1,2021-04-21
737,اراد334,مرابحه عام دولت3-ش.خ 0303,1,5000000,4371830000000,870257,874366,874366,4109,0.47,874366,4109,0.47,874366,874366,1400-2-1,2021-04-21
738,كلوند,كاشي‌ الوند,1,110,4962100,46500,45110,45110,-1390,-2.99,46500,0,0,45110,45110,1400-2-1,2021-04-21
739,خچرخش,چرخشگر,1,300,5322000,18280,17740,17740,-540,-2.95,18280,0,0,17740,17740,1400-2-1,2021-04-21
740,شفا,سرمايه گذاري شفادارو,1,111,5013870,46560,45170,45170,-1390,-2.99,46560,0,0,45170,45170,1400-2-1,2021-04-21
741,ثباغ2,شهر سازي و خانه سازي باغميشه,1,13100000,206154700000,16223,15737,15737,-486,-3,15737,-486,-3,15737,15737,1400-2-1,2021-04-21
742,ضترا3002,اختيارخ شتران-8000-1400/03/09,1,2,2444000,1657,1222,1222,-435,-26.25,1222,-435,-26.25,1222,1222,1400-2-1,2021-04-21
743,ضگل3000,اختيارخ كگل-9082-1400/03/23,1,1,7001300,5527,5300,5300,-227,-4.11,5300,-227,-4.11,5300,5300,1400-2-1,2021-04-21
744,وساغربي,شركت س استان آذربايجان غربي,1,1,750,770,750,750,-20,-2.6,770,0,0,750,750,1400-2-1,2021-04-21
745,ومشان,س. فني و مهندسي مشانير,1,10000,706470000,72088,70647,70647,-1441,-2,72036,-52,-0.07,70647,70647,1400-2-1,2021-04-21
746,كشم0006پ02,كشمش تيزابي0006تاكستان(پ),1,1000,215100000,215000,215100,215100,100,0.05,215100,100,0.05,215100,215100,1400-2-1,2021-04-21
747,غاذر,كشت‌وصنعت‌پياذر,1,600,32562000,55940,54270,54270,-1670,-2.99,55940,0,0,54270,54270,1400-2-1,2021-04-21
748,كاسپين,داروسازي كاسپين تامين,1,750,18995250,26110,25327,25327,-783,-3,26110,0,0,25327,25327,1400-2-1,2021-04-21
749,ركيش,كارت اعتباري ايران كيش,1,250,5767500,23780,23070,23070,-710,-2.99,23780,0,0,23070,23070,1400-2-1,2021-04-21
750,سپرمي,پرميت‌,1,560,5046160,8922,9011,9011,89,1,8922,0,0,9011,9011,1400-2-1,2021-04-21
751,اراد384,مرابحه عام دولت3-ش.خ 0105,1,2000000,1915526000000,1050000,957763,957763,-92237,-8.78,957763,-92237,-8.78,957763,957763,1400-2-1,2021-04-21
752,تملي804,تسهيلات مسكن ب. ملي-تير98,1,8,5593240,735952,699155,699155,-36797,-5,699155,-36797,-5,699155,699155,1400-2-1,2021-04-21
753,اراد644,مرابحه عام دولتي64-ش.خ0111,1,15910000,14952202090000,944500,939799,939799,-4701,-0.5,939799,-4701,-0.5,939799,939799,1400-2-1,2021-04-21
754,ضخوز2014,اختيارخ فخوز-14000-1400/02/15,1,1,784000,2699,784,784,-1915,-70.95,784,-1915,-70.95,784,784,1400-2-1,2021-04-21
755,نمرينو,ايران‌ مرينوس‌,1,50,5497000,113340,109940,109940,-3400,-3,113340,0,0,109940,109940,1400-2-1,2021-04-21
756,فجام,جام‌دارو,1,10000,100300000,10330,10030,10030,-300,-2.9,10330,0,0,10030,10030,1400-2-1,2021-04-21
757,كصدف,كاشي صدف سرام استقلال آباده,1,210,5197920,25257,24752,24752,-505,-2,25257,0,0,24752,24752,1400-2-1,2021-04-21
758,ضخود7073,اختيارخ خودرو-1600-1400/07/07,1,2,1560000,832,780,780,-52,-6.25,780,-52,-6.25,780,780,1400-2-1,2021-04-21
759,اراد35,مرابحه عام دولت3-ش.خ 0103,1,5000,4738950000,981667,947790,947790,-33877,-3.45,947790,-33877,-3.45,947790,947790,1400-2-1,2021-04-21
760,صبا1401,اجاره مهندسي صبا نفت14010225,1,500,500000000,1000000,1000000,1000000,0,0,1000000,0,0,1000000,1000000,1400-2-1,2021-04-21
761,صايپا0122,صكوك مرابحه سايپا012-3ماهه 16%,1,2500000,2500000000000,1000001,1000000,1000000,-1,0,1000000,-1,0,1000000,1000000,1400-2-1,2021-04-21
762,ضترا3004,اختيارخ شتران-10000-1400/03/09,1,7,2100000,810,300,300,-510,-62.96,300,-510,-62.96,300,300,1400-2-1,2021-04-21
763,صگل411,ص اجاره گل گهر 411- 3 ماهه 17%,1,1,971001,971001,971001,971001,0,0,971001,0,0,971001,971001,1400-2-1,2021-04-21
764,اراد79,مرابحه عام دولت79-ش.خ010612,1,2000,1880660000,940330,940330,940330,0,0,940330,0,0,940330,940330,1400-2-1,2021-04-21
765,ضملي3004,اختيارخ فملي-14000-1400/03/02,1,10,1150000,377,115,115,-262,-69.5,115,-262,-69.5,115,115,1400-2-1,2021-04-21
766,ضخوز2013,اختيارخ فخوز-12000-1400/02/15,1,5,14000000,2760,2800,2800,40,1.45,2800,40,1.45,2800,2800,1400-2-1,2021-04-21
767,جهرم,پتروشيمي جهرم,1,5000,8710000,1777,1742,1742,-35,-1.97,1777,0,0,1742,1742,1400-2-1,2021-04-21
768,غچين,كشت‌ و صنعت‌ چين‌ چين,1,517,9957420,19850,19260,19260,-590,-2.97,19850,0,0,19260,19260,1400-2-1,2021-04-21
769,غپآذر,شير پگاه آذربايجان شرقي,1,80,5101360,65739,63767,63767,-1972,-3,65739,0,0,63767,63767,1400-2-1,2021-04-21
770,كايتا,ايتالران‌,1,6959,67878086,9290,9754,9754,464,4.99,9291,1,0.01,9754,9754,1400-2-1,2021-04-21
771,وسخراش,شركت س استان خراسان شمالي,1,5006,6657980,1370,1330,1330,-40,-2.92,1370,0,0,1330,1330,1400-2-1,2021-04-21
772,چفيبر,فيبر ايران‌,1,1200,16176000,13890,13480,13480,-410,-2.95,13890,0,0,13480,13480,1400-2-1,2021-04-21
773,دشيري,شيرين دارو,1,40,9277560,236672,231939,231939,-4733,-2,236670,-2,0,231939,231939,1400-2-1,2021-04-21
774,شزنگ,تجهيزنيروي‌زنگان‌,1,23,5287861,234598,229907,229907,-4691,-2,234597,-1,0,229907,229907,1400-2-1,2021-04-21
775,عفولاد4,اوراق سلف ورق گرم فولاد اصفهان,1,80000,77728400000,884225,971605,971605,87380,9.88,971605,87380,9.88,971605,971605,1400-2-1,2021-04-21
776,ثاباد,توريستي ورفاهي آبادگران ايران,1,100,5260000,54220,52600,52600,-1620,-2.99,54220,0,0,52600,52600,1400-2-1,2021-04-21
777,فنفت,صنايع تجهيزات نفت,1,325,10526425,33050,32389,32389,-661,-2,33050,0,0,32389,32389,1400-2-1,2021-04-21
778,وسكرشا,س.سهام عدالت استان كرمانشاه,1,1,1230,1260,1230,1230,-30,-2.38,1260,0,0,1230,1230,1400-2-1,2021-04-21
779,فولاد2,فولاد مباركه اصفهان,1,5000000,60500000000,12350,12100,12100,-250,-2.02,12100,-250,-2.02,12100,12100,1400-2-1,2021-04-21
780,ضترا3006,اختيارخ شتران-14000-1400/03/09,1,1,88000,130,88,88,-42,-32.31,88,-42,-32.31,88,88,1400-2-1,2021-04-21
781,افاد82,منفعت دولت8-ش.خاص لوتوس0205,1,10000,8300000000,811000,830000,830000,19000,2.34,830000,19000,2.34,830000,830000,1400-2-1,2021-04-21
782,اراد794,مرابحه عام دولت79-ش.خ010612,1,500000,474550000000,940330,949100,949100,8770,0.93,949100,8770,0.93,949100,949100,1400-2-1,2021-04-21
783,پلاست,كارخانجات توليدي پلاستيران,1,72,5079168,71983,70544,70544,-1439,-2,71983,0,0,70544,70544,1400-2-1,2021-04-21
784,افرا,افرانت,1,239,7954159,34310,33281,33281,-1029,-3,34310,0,0,33281,33281,1400-2-1,2021-04-21
785,پست0008پ09,پسته بادامي30-28مه ولات0008(پ),1,18,32040000,1752249,1780000,1780000,27751,1.58,1780000,27751,1.58,1780000,1780000,1400-2-1,2021-04-21
786,وجامي,سرمايه گذاري جامي,1,354,5234598,15088,14787,14787,-301,-1.99,15088,0,0,14787,14787,1400-2-1,2021-04-21
787,شرانل2,نفت ايرانول,1,2000000,75998000000,37999,37999,37999,0,0,37999,0,0,37999,37999,1400-2-1,2021-04-21
788,البرز2,بيمه البرز,1,14000000,49980000000,3680,3570,3570,-110,-2.99,3570,-110,-2.99,3570,3570,1400-2-1,2021-04-21
789,كتوكا,توليدي و خدمات صنايع نسوز توكا,1,140,5298580,39017,37847,37847,-1170,-3,39017,0,0,37847,37847,1400-2-1,2021-04-21
790,ددام,داروسازي زاگرس فارمد پارس,1,370,7966100,22190,21530,21530,-660,-2.97,22190,0,0,21530,21530,1400-2-1,2021-04-21
791,ضغدر3000,اختيارخ وغدير-6200-1400/03/26,1,10,39000000,4879,3900,3900,-979,-20.07,3900,-979,-20.07,3900,3900,1400-2-1,2021-04-21
792,صخود0012,ص مرابحه خودرو0012- 3ماهه 18%,1,5,5050000,1015000,1010000,1010000,-5000,-0.49,1010000,-5000,-0.49,1010000,1010000,1400-2-1,2021-04-21
793,ضبدر3004,اختيارخ شبندر-5125-1400/03/30,1,2,3960000,2225,1980,1980,-245,-11.01,1980,-245,-11.01,1980,1980,1400-2-1,2021-04-21
794,اطلس2,صندوق س.توسعه اندوخته آينده-س,1,10000,10000,204455,1,1,-204454,-100,1,-204454,-100,1,1,1400-2-1,2021-04-21
795,بكاب,صنايع‌جوشكاب‌يزد,1,15,5244600,360450,349640,349640,-10810,-3,360450,0,0,349640,349640,1400-2-1,2021-04-21
796,ضفلا3000,اختيارخ فولاد-4993-1400/03/19,1,1,5500000,5709,5500,5500,-209,-3.66,5500,-209,-3.66,5500,5500,1400-2-1,2021-04-21
797,ضپنا2002,اختيارخ رمپنا-14000-1400/02/12,1,4,10400000,3200,2600,2600,-600,-18.75,2600,-600,-18.75,2600,2600,1400-2-1,2021-04-21
798,ولصنم,ليزينگ‌صنعت‌ومعدن‌,1,591,6365070,11100,10770,10770,-330,-2.97,11100,0,0,10770,10770,1400-2-1,2021-04-21
799,اعتماد4,صندوق س.اعتماد آفرين پارسيان-د,1,83000000,2990490000000,35982,36030,36030,48,0.13,36030,48,0.13,36030,36030,1400-2-1,2021-04-21
800,قشير,قند شيروان قوچان و بجنورد,1,210,5232780,25688,24918,24918,-770,-3,25688,0,0,24918,24918,1400-2-1,2021-04-21
801,غبهار,كشت وصنعت بهاران گلبهار خراسان,1,150,5024700,34181,33498,33498,-683,-2,34181,0,0,33498,33498,1400-2-1,2021-04-21
802,وسفارس,شركت س استان فارس,1,1,1000,1030,1000,1000,-30,-2.91,1030,0,0,1000,1000,1400-2-1,2021-04-21
