,نماد,نام,تعداد,حجم,ارزش,دیروز,اولین,آخرین معامله - مقدار,آخرین معامله - تغییر,آخرین معامله - درصد,قیمت پایانی - مقدار,قیمت پایانی - تغییر,قیمت پایانی - درصد,کمترین,بیشترین,تاریخ,gregorian_date
0,پالايش,صندوق پالايشي يكم-سهام,15223,14538196,998428148030,70180,69710,68400,-1780,-2.54,68680,-1500,-2.14,68230,69710,1400-9-21,2021-12-12
1,خودرو,ايران‌ خودرو,12759,784137031,1628014520611,2184,2100,2075,-109,-4.99,2076,-108,-4.95,2075,2125,1400-9-21,2021-12-12
2,كاريز,بيمه زندگي كاريزما50%تاديه,9920,720000000,360000000000,1000,500,500,-500,-50,500,-500,-50,500,500,1400-9-21,2021-12-12
3,شستا,سرمايه گذاري تامين اجتماعي,7994,41272290,429887337130,10720,10780,10370,-350,-3.26,10420,-300,-2.8,10260,10790,1400-9-21,2021-12-12
4,دارا يكم,صندوق واسطه گري مالي يكم-سهام,7336,3462193,374171685590,110450,109700,108000,-2450,-2.22,108070,-2380,-2.15,107250,109700,1400-9-21,2021-12-12
5,تپكو,توليدتجهيزات‌سنگين‌هپكو,7074,198445887,601213219260,3024,3040,3070,46,1.52,3030,6,0.2,3000,3099,1400-9-21,2021-12-12
6,بركت,گروه دارويي بركت,6306,35546650,611562234010,17790,17200,17790,0,0,17200,-590,-3.32,16910,18290,1400-9-21,2021-12-12
7,خساپا,سايپا,5899,350760386,590290056994,1770,1704,1682,-88,-4.97,1683,-87,-4.92,1682,1704,1400-9-21,2021-12-12
8,شبندر,پالايش نفت بندرعباس,5597,66091852,402702228940,6380,6200,6080,-300,-4.7,6090,-290,-4.55,6070,6230,1400-9-21,2021-12-12
9,فولاد,فولاد مباركه اصفهان,5566,50932531,515191744430,10410,10300,10120,-290,-2.79,10120,-290,-2.79,10050,10300,1400-9-21,2021-12-12
10,فملي,ملي‌ صنايع‌ مس‌ ايران‌,5139,44271644,282082202850,6600,6500,6440,-160,-2.42,6370,-230,-3.48,6270,6540,1400-9-21,2021-12-12
11,فاذر,صنايع‌ آذرآب‌,4600,286850015,268190226620,901,928,946,45,4.99,935,34,3.77,888,946,1400-9-21,2021-12-12
12,انرژي3,سايراشخاص بورس انرژي,4576,3220577,320124009020,104160,102020,98960,-5200,-4.99,99400,-4760,-4.57,98960,103100,1400-9-21,2021-12-12
13,شپنا,پالايش نفت اصفهان,4370,46302108,264107286440,5960,5940,5830,-130,-2.18,5700,-260,-4.36,5670,5940,1400-9-21,2021-12-12
14,فرابورس,فرابورس ايران,4345,20090473,353264451757,18478,18100,17555,-923,-5,17584,-894,-4.84,17555,18400,1400-9-21,2021-12-12
15,كمند,صندوق س. با درآمد ثابت كمند,4179,154016001,1545335959304,10028,10034,10034,6,0.06,10034,6,0.06,10033,10035,1400-9-21,2021-12-12
16,فسبزوار,پارس فولاد سبزوار,4112,3015244,102731734730,34750,34210,34500,-250,-0.72,34070,-680,-1.96,33900,34500,1400-9-21,2021-12-12
17,پترول,گ.س.وت.ص.پتروشيمي خليج فارس,4067,84741523,202522323545,2509,2452,2398,-111,-4.42,2390,-119,-4.74,2384,2500,1400-9-21,2021-12-12
18,خبهمن,گروه‌بهمن‌,3680,198374559,376741305956,1997,1940,1898,-99,-4.96,1899,-98,-4.91,1898,1979,1400-9-21,2021-12-12
19,نوري,پتروشيمي نوري,3664,1816632,189766101260,107770,107500,103860,-3910,-3.63,104460,-3310,-3.07,103600,107930,1400-9-21,2021-12-12
20,فجهان,مجتمع جهان فولاد سيرجان,3628,12049186,65060509246,5494,5421,5423,-71,-1.29,5423,-71,-1.29,5351,5447,1400-9-21,2021-12-12
21,خگستر,گسترش‌سرمايه‌گذاري‌ايران‌خودرو,3545,165002055,392964366248,2505,2420,2380,-125,-4.99,2382,-123,-4.91,2380,2450,1400-9-21,2021-12-12
22,كرمان,س. توسعه و عمران استان كرمان,3207,100714847,90086713354,924,924,903,-21,-2.27,894,-30,-3.25,881,924,1400-9-21,2021-12-12
23,غكورش,صنعت غذايي كورش,3103,3084270,150667566310,47190,47300,48430,1240,2.63,48850,1660,3.52,47200,49540,1400-9-21,2021-12-12
24,مديريت,س. و خدمات مديريت صند. ب كشوري,2921,7977846,67257483572,8816,8840,8390,-426,-4.83,8431,-385,-4.37,8376,8840,1400-9-21,2021-12-12
25,كيمياتك,آريان كيميا تك,2883,1934779,47366001290,24500,24500,24400,-100,-0.41,24480,-20,-0.08,24100,24530,1400-9-21,2021-12-12
26,كيان,صندوق س. با درآمد ثابت كيان,2879,47659422,1526148515579,32005,32025,32025,20,0.06,32022,17,0.05,32017,32025,1400-9-21,2021-12-12
27,شتران,پالايش نفت تهران,2651,25022547,101683775389,4194,4175,4200,6,0.14,4080,-114,-2.72,3995,4200,1400-9-21,2021-12-12
28,سپيد,سپيد ماكيان,2553,2048275,124359082710,60290,60970,60360,70,0.12,60710,420,0.7,60290,61690,1400-9-21,2021-12-12
29,وتجارت,بانك تجارت,2547,61459414,107387603689,1805,1800,1748,-57,-3.16,1752,-53,-2.94,1729,1800,1400-9-21,2021-12-12
30,بورس,بورس اوراق بهادار تهران,2487,17278298,198529113410,12060,11810,11460,-600,-4.98,11490,-570,-4.73,11460,11810,1400-9-21,2021-12-12
31,كاما,باما,2478,18532013,125817477640,7120,7000,6870,-250,-3.51,6790,-330,-4.63,6770,7000,1400-9-21,2021-12-12
32,آريا,پليمر آريا ساسول,2432,689470,72549823695,107806,106601,105110,-2696,-2.5,105856,-1950,-1.81,104900,106760,1400-9-21,2021-12-12
33,بركتح,ح . گروه دارويي بركت,2381,8322590,111824837440,14300,14200,13980,-320,-2.24,13440,-860,-6.01,12910,14200,1400-9-21,2021-12-12
34,وبملت,بانك ملت,2248,45261294,128142809221,2908,2900,2865,-43,-1.48,2831,-77,-2.65,2810,2900,1400-9-21,2021-12-12
35,شفنح,ح . پتروشيمي فناوران,2229,11676596,113440071250,10620,10160,9580,-1040,-9.79,9720,-900,-8.47,9560,10160,1400-9-21,2021-12-12
36,ضخود1052,اختيارخ خودرو-2000-1400/10/08,2143,93720,9230073000,196,145,82,-114,-58.16,98,-98,-50,80,148,1400-9-21,2021-12-12
37,غزر,صنعتي زر ماكارون,2016,2226721,22110238480,10120,10020,10170,50,0.49,9990,-130,-1.28,9760,10220,1400-9-21,2021-12-12
38,صبا,سرمايه گذاري صبا تامين,1989,19930025,119065691076,6032,6010,6003,-29,-0.48,5974,-58,-0.96,5916,6030,1400-9-21,2021-12-12
39,وبصادر,بانك صادرات ايران,1927,54253351,90169393202,1701,1670,1686,-15,-0.88,1671,-30,-1.76,1643,1701,1400-9-21,2021-12-12
40,امين,تامين سرمايه امين,1873,1407913,17190716020,12190,12210,12210,20,0.16,12200,10,0.08,12180,12230,1400-9-21,2021-12-12
41,وخارزم,سرمايه گذاري خوارزمي,1816,19472171,80476173306,4313,4210,4130,-183,-4.24,4133,-180,-4.17,4100,4300,1400-9-21,2021-12-12
42,اعتماد,صندوق س.اعتماد آفرين پارسيان-د,1714,23702350,961948152230,40561,40584,40586,25,0.06,40585,24,0.06,40583,40586,1400-9-21,2021-12-12
43,امين يكم,صندوق درآمد ثابت امين يكم فردا,1707,46929056,473886023658,10090,10095,10097,7,0.07,10098,8,0.08,10095,10102,1400-9-21,2021-12-12
44,سپيدار,سپيدار سيستم آسيا,1704,2247895,42284636824,19763,19050,18776,-987,-4.99,18811,-952,-4.82,18775,19198,1400-9-21,2021-12-12
45,شگويا,پتروشيمي تندگويان,1674,6097969,65874573423,11173,10955,10960,-213,-1.91,10937,-236,-2.11,10700,10989,1400-9-21,2021-12-12
46,ثاميد,توسعه و عمران اميد,1632,33650532,48174196768,1435,1435,1405,-30,-2.09,1432,-3,-0.21,1368,1438,1400-9-21,2021-12-12
47,بوعلي,پتروشيمي بوعلي سينا,1623,639108,45277180160,73020,72040,71000,-2020,-2.77,72000,-1020,-1.4,70110,73020,1400-9-21,2021-12-12
48,خمهرح,ح . مهركام‌پارس‌,1609,32544967,24705128525,831,806,749,-82,-9.87,759,-72,-8.66,748,815,1400-9-21,2021-12-12
49,پارند,صندوق س. پارند پايدار سپهر,1596,64587986,648043983956,10028,10034,10034,6,0.06,10034,6,0.06,10033,10034,1400-9-21,2021-12-12
50,ثبهساز,بهساز كاشانه تهران,1579,13809669,20585450410,1545,1515,1490,-55,-3.56,1491,-54,-3.5,1480,1515,1400-9-21,2021-12-12
51,وهامون,سرمايه گذاري هامون صبا,1570,6327527,17302785435,2751,2815,2784,33,1.2,2735,-16,-0.58,2705,2815,1400-9-21,2021-12-12
52,وسپهر,سرمايه گذاري مالي سپهرصادرات,1492,8572626,60481236796,7060,7060,7060,0,0,7057,-3,-0.04,6811,7061,1400-9-21,2021-12-12
53,ثشاهد,سرمايه‌ گذاري‌ شاهد,1491,8381902,80527301820,10030,10030,9550,-480,-4.79,9610,-420,-4.19,9530,10030,1400-9-21,2021-12-12
54,تسه0008,امتيازتسهيلات مسكن آبان1400,1470,35945,37161257575,985298,1034562,1034562,49264,5,1033837,48539,4.93,990100,1034562,1400-9-21,2021-12-12
55,فخوز,فولاد  خوزستان,1462,6319022,39218442160,6360,6240,6380,20,0.31,6310,-50,-0.79,6120,6380,1400-9-21,2021-12-12
56,فارس,صنايع پتروشيمي خليج فارس,1441,13364593,132062105820,10180,10200,10000,-180,-1.77,9880,-300,-2.95,9680,10200,1400-9-21,2021-12-12
57,غگيلا,شيرپاستوريزه پگاه گيلان,1422,2428418,32342102758,13889,13610,13210,-679,-4.89,13318,-571,-4.11,13195,13900,1400-9-21,2021-12-12
58,ضخود1053,اختيارخ خودرو-2500-1400/10/08,1398,72129,734784000,21,17,8,-13,-61.9,10,-11,-52.38,8,17,1400-9-21,2021-12-12
59,افران,صندوق س افرا نماد پايدار-ثابت,1375,42135663,630747967446,14962,14970,14970,8,0.05,14969,7,0.05,14969,14973,1400-9-21,2021-12-12
60,كدما,معدني‌ دماوند,1365,1037623,63214296480,63980,61410,60790,-3190,-4.99,60920,-3060,-4.78,60790,63000,1400-9-21,2021-12-12
61,ومدير,گ.مديريت ارزش سرمايه ص ب كشوري,1356,5060426,21657230458,4400,4320,4298,-102,-2.32,4280,-120,-2.73,4250,4421,1400-9-21,2021-12-12
62,چخزر,صنايع چوب خزر كاسپين,1325,669834,16977543507,26378,26142,25347,-1031,-3.91,25346,-1032,-3.91,25060,26426,1400-9-21,2021-12-12
63,نهال,صندوق س. طلاي سرخ نوويرا,1296,3177376,54636111030,18925,18415,17500,-1425,-7.53,17195,-1730,-9.14,17033,18750,1400-9-21,2021-12-12
64,گكوثر,هتل پارسيان كوثر اصفهان,1284,36970511,67771388968,1813,1805,1830,17,0.94,1833,20,1.1,1757,1901,1400-9-21,2021-12-12
65,سحرخيز,صندوق س. گروه زعفران سحرخيز,1277,3257619,53803616252,18041,17680,17140,-901,-4.99,16516,-1525,-8.45,16237,17681,1400-9-21,2021-12-12
66,بپيوند,برق و انرژي پيوندگستر پارس,1268,912905,8350296603,9528,9330,9300,-228,-2.39,9307,-221,-2.32,9052,9589,1400-9-21,2021-12-12
67,وسديد,گروه ‌صنعتي‌سديد,1267,26062489,28798598333,1134,1110,1100,-34,-3,1105,-29,-2.56,1100,1149,1400-9-21,2021-12-12
68,حفاري,حفاري شمال,1232,11836425,46747198480,4050,4068,3970,-80,-1.98,3949,-101,-2.49,3848,4114,1400-9-21,2021-12-12
69,شاروم,پتروشيمي اروميه,1229,1183246,15950742219,14108,14100,13403,-705,-5,13480,-628,-4.45,13403,14100,1400-9-21,2021-12-12
70,سيتا,سرمايه گذاري سيمان تامين,1209,1701613,15286651890,9120,9030,9020,-100,-1.1,9070,-50,-0.55,8940,9040,1400-9-21,2021-12-12
71,لطيف,محصولات كاغذي لطيف,1209,321795,11806478591,37098,36480,37011,-87,-0.23,36770,-328,-0.88,36411,37208,1400-9-21,2021-12-12
72,هاي وب,داده گسترعصرنوين-هاي وب,1204,9587124,77266800230,8360,8330,8080,-280,-3.35,8060,-300,-3.59,7970,8400,1400-9-21,2021-12-12
73,وسكرد,شركت س استان كردستان,1193,84215326,37476862108,464,464,452,-12,-2.59,445,-19,-4.09,441,464,1400-9-21,2021-12-12
74,وكبهمن,مديريت سرمايه گذاري كوثربهمن,1187,573421,5470592669,9831,9700,9457,-374,-3.8,9721,-110,-1.12,9411,9703,1400-9-21,2021-12-12
75,بترانس,ايران‌ ترانسفو,1180,29813879,59910591848,2078,2028,2009,-69,-3.32,2009,-69,-3.32,1975,2070,1400-9-21,2021-12-12
76,رافزا,رايان هم افزا,1150,117853,6583899323,55844,55844,55010,-834,-1.49,55854,10,0.02,54444,57390,1400-9-21,2021-12-12
77,حكشتي,كشتيراني جمهوري اسلامي ايران,1135,4337375,55339342720,13020,12710,13100,80,0.61,12890,-130,-1,12520,13250,1400-9-21,2021-12-12
78,خكرمان,گروه اقتصادي كرمان خودرو,1132,29622617,90141325912,2977,3000,2980,3,0.1,3043,66,2.22,2977,3066,1400-9-21,2021-12-12
79,ولپارس,ليزينگ پارسيان,1103,2041336,6489842592,3256,3290,3174,-82,-2.52,3222,-34,-1.04,3112,3290,1400-9-21,2021-12-12
80,آبادا,توليد نيروي برق آبادان,1087,813380,7517579870,9690,9600,9210,-480,-4.95,9450,-240,-2.48,9210,9600,1400-9-21,2021-12-12
81,شلرد,كود شيميايي اوره لردگان,1080,7300567,83561685759,11730,11825,11379,-351,-2.99,11446,-284,-2.42,11379,11825,1400-9-21,2021-12-12
82,كزغال,زغال سنگ پروده طبس,1061,383766,11688444619,30815,30720,30321,-494,-1.6,30643,-172,-0.56,30205,30756,1400-9-21,2021-12-12
83,وسكرمان,س.سهام عدالت استان كرمان,1059,100076957,44761268172,469,465,455,-14,-2.99,447,-22,-4.69,446,465,1400-9-21,2021-12-12
84,بگيلان,توسعه مسير برق گيلان,1056,359636,4966495522,14084,13870,13703,-381,-2.71,14027,-57,-0.4,13650,14000,1400-9-21,2021-12-12
85,خمحور,توليدمحورخودرو,1035,43387856,164570977632,3850,3850,3658,-192,-4.99,3793,-57,-1.48,3658,4040,1400-9-21,2021-12-12
86,البرز,بيمه البرز,1028,43417777,73887113772,1785,1759,1702,-83,-4.65,1702,-83,-4.65,1696,1790,1400-9-21,2021-12-12
87,وملي,گروه‌ صنعتي‌ ملي‌ (هلدينگ‌,1026,351170,44446988070,131200,129000,126510,-4690,-3.57,126570,-4630,-3.53,124640,132000,1400-9-21,2021-12-12
88,ولكار,ليزينگ كارآفرين,1023,625909,2482609519,4119,3933,3999,-120,-2.91,4093,-26,-0.63,3933,4017,1400-9-21,2021-12-12
89,فتوسا,توليد و توسعه سرب روي ايرانيان,1009,964879,9461581298,10062,9840,9830,-232,-2.31,9896,-166,-1.65,9570,10002,1400-9-21,2021-12-12
90,زملارد,كشاورزي و دامپروري ملارد شير,1000,103587,1938963098,19421,18800,18960,-461,-2.37,19326,-95,-0.49,18500,19105,1400-9-21,2021-12-12
91,فروي,ذوب روي اصفهان,998,1837840,32304531933,18372,18020,17458,-914,-4.97,17577,-795,-4.33,17454,18520,1400-9-21,2021-12-12
92,شفن,پتروشيمي فناوران,993,5217579,70489314670,14210,13610,13500,-710,-5,13760,-450,-3.17,13500,13800,1400-9-21,2021-12-12
93,سبزوا,سيمان لار سبزوار,988,19587591,35443798608,1895,1860,1801,-94,-4.96,1810,-85,-4.49,1801,1898,1400-9-21,2021-12-12
94,قتربت,قند تربت حيدريه,973,140202,7308838088,50620,51950,52138,1518,3,51669,1049,2.07,50650,52138,1400-9-21,2021-12-12
95,سرو,صندوق س سروسودمند مدبران-سهام,969,1357086,90531478740,68320,68000,66610,-1710,-2.5,66710,-1610,-2.36,66130,68000,1400-9-21,2021-12-12
96,وپارس,بانك‌پارسيان‌,967,21853245,40971353402,1967,1903,1890,-77,-3.91,1934,-33,-1.68,1869,1935,1400-9-21,2021-12-12
97,شاراك,پتروشيمي شازند,945,1922279,83258064350,44570,44010,43200,-1370,-3.07,43480,-1090,-2.45,42920,44580,1400-9-21,2021-12-12
98,كاوه,فولاد كاوه جنوب كيش,938,4824514,70419637680,15240,15000,14660,-580,-3.81,14720,-520,-3.41,14480,15200,1400-9-21,2021-12-12
99,غاذر,كشت‌وصنعت‌پياذر,920,2305738,97570256190,43870,41680,42290,-1580,-3.6,42320,-1550,-3.53,41680,44810,1400-9-21,2021-12-12
100,وپويا,سرمايه گذاري پويا,913,3108486,10253089549,3443,3351,3339,-104,-3.02,3341,-102,-2.96,3276,3400,1400-9-21,2021-12-12
101,شصدف,صنعتي دوده فام,908,1199995,38301030971,33055,33000,31680,-1375,-4.16,31918,-1137,-3.44,31403,33300,1400-9-21,2021-12-12
102,ودي,بيمه  دي,906,7571799,32734967627,4235,4400,4298,63,1.49,4323,88,2.08,4248,4400,1400-9-21,2021-12-12
103,ثفارس,عمران‌وتوسعه‌فارس‌,897,8715759,64593436950,7640,7700,7490,-150,-1.96,7410,-230,-3.01,7260,7890,1400-9-21,2021-12-12
104,ماديرا,صنايع ماديران,897,10961450,54510268519,5223,5033,5000,-223,-4.27,4973,-250,-4.79,4962,5130,1400-9-21,2021-12-12
105,وساغربي,شركت س استان آذربايجان غربي,895,51453718,22444181149,451,446,448,-3,-0.67,439,-12,-2.66,430,448,1400-9-21,2021-12-12
106,تسه0006,امتيازتسهيلات مسكن شهريور1400,893,24095,24643415269,976871,1025714,1025714,48843,5,1022761,45890,4.7,979286,1025714,1400-9-21,2021-12-12
107,گدنا,تهيه توزيع غذاي دنا آفرين فدك,888,857193,10426716750,12723,12500,12087,-636,-5,12310,-413,-3.25,12087,12900,1400-9-21,2021-12-12
108,آگاس,صندوق س.هستي بخش آگاه-س,872,609522,46167925655,77498,76702,75527,-1971,-2.54,75744,-1754,-2.26,74690,76702,1400-9-21,2021-12-12
109,وپست,پست بانك ايران,867,5293903,88896181800,17460,17470,16590,-870,-4.98,16790,-670,-3.84,16590,17470,1400-9-21,2021-12-12
110,خزاميا,زامياد,864,15489526,102431311780,6950,6820,6610,-340,-4.89,6610,-340,-4.89,6610,6820,1400-9-21,2021-12-12
111,فگستر,گسترش صنايع روي ايرانيان,853,524248,4723602571,9193,9160,8960,-233,-2.53,9134,-59,-0.64,8911,9160,1400-9-21,2021-12-12
112,شغدير,پتروشيمي غدير,850,808089,73616999610,95130,93050,90820,-4310,-4.53,91100,-4030,-4.24,90500,94000,1400-9-21,2021-12-12
113,شبريز,پالايش نفت تبريز,848,2814634,85627622270,31170,31000,30300,-870,-2.79,30520,-650,-2.09,30140,31490,1400-9-21,2021-12-12
114,تاپكيش,تجارت الكترونيك پارسيان كيش,847,3289609,58755989264,17793,18090,17927,134,0.75,17861,68,0.38,17360,18245,1400-9-21,2021-12-12
115,مداران,داده‌پردازي‌ايران‌,847,4446831,67619882320,14520,15240,15240,720,4.96,15210,690,4.75,14830,15240,1400-9-21,2021-12-12
116,شسپا,نفت سپاهان,846,11749367,38881088017,3430,3360,3290,-140,-4.08,3367,-63,-1.84,3290,3379,1400-9-21,2021-12-12
117,چكاپا,گروه صنايع كاغذ پارس,846,11287853,31265807438,2855,2890,2760,-95,-3.33,2770,-85,-2.98,2740,2890,1400-9-21,2021-12-12
118,سدبير,س. تدبيرگران فارس وخوزستان,793,690913,38645616776,54845,56890,56350,1505,2.74,55934,1089,1.99,55000,56890,1400-9-21,2021-12-12
119,تسه0007,امتيازتسهيلات مسكن مهر1400,790,13284,13636835214,977824,1026715,1026715,48891,5,1026561,48737,4.98,1000000,1026715,1400-9-21,2021-12-12
120,هرمز,فولاد هرمزگان جنوب,786,2506990,38958001822,16132,15751,15441,-691,-4.28,15932,-200,-1.24,15326,15851,1400-9-21,2021-12-12
121,شپديس,پتروشيمي پرديس,781,628531,109356528050,175980,175950,175200,-780,-0.44,173990,-1990,-1.13,171120,175980,1400-9-21,2021-12-12
122,غشهد,شهد ايران ‌,780,8850150,40702267434,4468,4691,4691,223,4.99,4599,131,2.93,4280,4691,1400-9-21,2021-12-12
123,كرازي,كارخانجات‌توليدي‌شيشه‌رازي‌,776,25151159,29123528940,1212,1210,1162,-50,-4.13,1158,-54,-4.46,1152,1210,1400-9-21,2021-12-12
124,زاگرس,پتروشيمي زاگرس,775,182662,44719549350,250559,252000,246002,-4557,-1.82,247952,-2607,-1.04,241010,254945,1400-9-21,2021-12-12
125,اپال,فرآوري معدني اپال كاني پارس,774,1281948,28996220690,22720,22720,22600,-120,-0.53,22700,-20,-0.09,22510,22800,1400-9-21,2021-12-12
126,پيزد,مجتمع صنايع لاستيك يزد,769,99286,5149051283,53608,52011,51601,-2007,-3.74,52988,-620,-1.16,51310,53150,1400-9-21,2021-12-12
127,آسيا,بيمه آسيا,764,27723992,44426508992,1683,1700,1599,-84,-4.99,1602,-81,-4.81,1599,1700,1400-9-21,2021-12-12
128,خزر,فنرسازي‌زر,759,4318757,42341019250,10290,10140,9780,-510,-4.96,9800,-490,-4.76,9780,10140,1400-9-21,2021-12-12
129,خنصير,مهندسي‌نصيرماشين‌,754,3094277,55956150070,18930,18980,17990,-940,-4.97,18080,-850,-4.49,17990,18980,1400-9-21,2021-12-12
130,ختوقا,قطعات‌ اتومبيل‌ ايران‌,753,21363549,55333619507,2722,2613,2586,-136,-5,2590,-132,-4.85,2586,2650,1400-9-21,2021-12-12
131,كگل,معدني و صنعتي گل گهر,749,2714917,56963794060,21770,21250,20710,-1060,-4.87,21380,-390,-1.79,20690,21770,1400-9-21,2021-12-12
132,قثابت,قند ثابت‌ خراسان‌,746,15206540,25167263235,1732,1738,1646,-86,-4.97,1655,-77,-4.45,1646,1738,1400-9-21,2021-12-12
133,سيمرغ,سيمرغ,739,2374045,55206390560,23060,22850,23150,90,0.39,23250,190,0.82,22850,23540,1400-9-21,2021-12-12
134,پتاير,ايران‌ تاير,725,16463674,29691851240,1884,1860,1790,-94,-4.99,1803,-81,-4.3,1790,1910,1400-9-21,2021-12-12
135,رتاپ,تجارت الكترونيك  پارسيان,715,2436068,13052476550,5590,5580,5360,-230,-4.11,5370,-220,-3.94,5320,5620,1400-9-21,2021-12-12
136,اخابر,مخابرات ايران,714,7079996,48259740740,6940,6950,6860,-80,-1.15,6890,-50,-0.72,6610,7000,1400-9-21,2021-12-12
137,خمحركه,نيرو محركه‌,710,16284553,55636171963,3594,3551,3415,-179,-4.98,3416,-178,-4.95,3415,3551,1400-9-21,2021-12-12
138,لپارس,پارس‌ الكتريك‌,709,715234,58774347350,86310,83010,82000,-4310,-4.99,82170,-4140,-4.8,82000,85100,1400-9-21,2021-12-12
139,كچاد,معدني‌وصنعتي‌چادرملو,708,4805482,130751322890,27420,27230,27340,-80,-0.29,27210,-210,-0.77,27000,27340,1400-9-21,2021-12-12
140,وساپا,سرمايه‌گذاري‌ سايپا,703,21207213,85080190706,4220,4051,4009,-211,-5,4012,-208,-4.93,4009,4101,1400-9-21,2021-12-12
141,همراه,شركت ارتباطات سيار ايران,703,3141116,24856907970,8240,8010,8080,-160,-1.94,8170,-70,-0.85,7830,8140,1400-9-21,2021-12-12
142,كگاز,شيشه‌ و گاز,701,2620299,41752819020,15210,15800,15600,390,2.56,15930,720,4.73,15260,15970,1400-9-21,2021-12-12
143,وخاور,بانك خاورميانه,701,20893128,104751855600,4950,5100,4840,-110,-2.22,5010,60,1.21,4830,5140,1400-9-21,2021-12-12
144,شاوان,پالايش نفت لاوان,677,298399,38525796340,133980,133980,128502,-5478,-4.09,130802,-3178,-2.37,128051,133980,1400-9-21,2021-12-12
145,جم پيلن,پلي پروپيلن جم - جم پيلن,658,801709,96448170800,126410,125000,120090,-6320,-5,120300,-6110,-4.83,120090,125000,1400-9-21,2021-12-12
146,غدام,خوراك‌  دام‌ پارس‌,654,342522,32401931660,99440,94670,94470,-4970,-5,94600,-4840,-4.87,94470,97220,1400-9-21,2021-12-12
147,شپاكسا,پاكسان‌,651,2859177,48852902500,16440,16780,17260,820,4.99,17090,650,3.95,16570,17260,1400-9-21,2021-12-12
148,ونوين,بانك‌اقتصادنوين‌,641,13774104,41136637904,3066,3119,3030,-36,-1.17,2987,-79,-2.58,2955,3119,1400-9-21,2021-12-12
149,وفتخار,سرمايه گذاري افتخار سهام,639,3311104,5871957392,1827,1781,1774,-53,-2.9,1776,-51,-2.79,1773,1781,1400-9-21,2021-12-12
150,شبصير,توليدات پتروشيمي قائد بصير,630,527253,55533717730,110695,109100,105161,-5534,-5,105327,-5368,-4.85,105161,109150,1400-9-21,2021-12-12
151,فاراك,ماشين‌ سازي‌ اراك‌,628,20538524,29521482396,1479,1406,1415,-64,-4.33,1437,-42,-2.84,1406,1477,1400-9-21,2021-12-12
152,ملت,بيمه ملت,627,18289457,20396819546,1141,1132,1110,-31,-2.72,1115,-26,-2.28,1103,1150,1400-9-21,2021-12-12
153,ثمسكن,سرمايه‌گذاري‌ مسكن‌,621,9654090,37488408063,3857,3970,3857,0,0,3883,26,0.67,3665,3989,1400-9-21,2021-12-12
154,سشرق,سيمان‌ شرق‌,621,3735894,23753753700,6320,6350,6390,70,1.11,6360,40,0.63,6140,6540,1400-9-21,2021-12-12
155,بجهرم,توسعه مولد نيروگاهي جهرم,621,8720608,16521460833,1947,1960,1892,-55,-2.82,1900,-47,-2.41,1870,1960,1400-9-21,2021-12-12
156,پارس,پتروشيمي پارس,617,241802,44800694420,189150,190100,188950,-200,-0.11,187380,-1770,-0.94,183500,190100,1400-9-21,2021-12-12
157,زكوثر,سرمايه گذاري كشاورزي كوثر,615,1477306,20814212500,14500,14500,14500,0,0,14090,-410,-2.83,13780,14500,1400-9-21,2021-12-12
158,دسانكو,داروسازي سبحان انكولوژي,612,2227440,29366498700,13317,13400,13050,-267,-2,13184,-133,-1,12890,13700,1400-9-21,2021-12-12
159,فلامي,لاميران‌,610,2119224,43269950950,19590,20300,20560,970,4.95,20420,830,4.24,19630,20560,1400-9-21,2021-12-12
160,ومعادن,توسعه‌معادن‌وفلزات‌,602,5585551,52049834800,9400,9640,9320,-80,-0.85,9360,-40,-0.43,9150,9640,1400-9-21,2021-12-12
161,وصنعت,سرمايه گذاري توسعه صنعت وتجارت,591,8311205,58804066890,7290,7110,7060,-230,-3.16,7080,-210,-2.88,6930,7350,1400-9-21,2021-12-12
162,كبافق,معادن‌ بافق‌,588,729011,20102609880,28910,28190,27470,-1440,-4.98,27580,-1330,-4.6,27470,28790,1400-9-21,2021-12-12
163,قشكر,شكرشاهرود,588,11066066,23853176927,2225,2240,2115,-110,-4.94,2156,-69,-3.1,2114,2275,1400-9-21,2021-12-12
164,وسكرشا,س.سهام عدالت استان كرمانشاه,586,30213580,13500286795,467,468,451,-16,-3.43,449,-18,-3.85,444,468,1400-9-21,2021-12-12
165,شيران,س. صنايع‌شيميايي‌ايران,582,1646500,33503537320,21060,20990,20360,-700,-3.32,20760,-300,-1.42,20110,20990,1400-9-21,2021-12-12
166,غگل,گلوكوزان‌,572,8189576,24893650787,3185,3150,3026,-159,-4.99,3040,-145,-4.55,3026,3180,1400-9-21,2021-12-12
167,ثاخت,بين‌المللي‌توسعه‌ساختمان,569,9779865,17391414274,1833,1802,1776,-57,-3.11,1778,-55,-3,1752,1833,1400-9-21,2021-12-12
168,تاپيكو,س. نفت و گاز و پتروشيمي تأمين,566,4206399,57934154820,14060,13920,13800,-260,-1.85,13920,-140,-1,13600,13970,1400-9-21,2021-12-12
169,كلر,كلر پارس,566,201182,20258679526,104190,100041,100700,-3490,-3.35,100698,-3492,-3.35,100041,103900,1400-9-21,2021-12-12
170,حآسا,آسيا سير ارس,559,2205848,27995378985,13304,13305,12706,-598,-4.49,12691,-613,-4.61,12639,13305,1400-9-21,2021-12-12
171,بهپاك,صنعتي بهپاك,554,3496858,20364792263,5797,5960,5853,56,0.97,5824,27,0.47,5560,5980,1400-9-21,2021-12-12
172,شفارس,صنايع‌ شيميايي‌ فارس‌,549,10201189,10577975269,1078,1085,1045,-33,-3.06,1048,-30,-2.78,1025,1086,1400-9-21,2021-12-12
173,غپينو,پارس‌ مينو,546,13110685,29939384167,2236,2132,2347,111,4.96,2284,48,2.15,2125,2347,1400-9-21,2021-12-12
174,توسن,توسعه سامانه ي نرم افزاري نگين,536,1913379,36689042325,20184,19175,19175,-1009,-5,19175,-1009,-5,19175,19175,1400-9-21,2021-12-12
175,ولساپا,ليزينگ رايان‌ سايپا,535,12720505,18527799683,1529,1514,1453,-76,-4.97,1457,-72,-4.71,1453,1514,1400-9-21,2021-12-12
176,وصنا,گروه‌صنايع‌بهشهرايران‌,533,5793775,29815609510,5360,5370,5100,-260,-4.85,5150,-210,-3.92,5100,5450,1400-9-21,2021-12-12
177,نطرين,عطرين نخ قم,532,5261791,34712935854,6935,6740,6690,-245,-3.53,6597,-338,-4.87,6589,7080,1400-9-21,2021-12-12
178,شپترو,پتروشيمي آبادان,532,7753700,23111020588,3020,3070,2935,-85,-2.81,2981,-39,-1.29,2930,3077,1400-9-21,2021-12-12
179,تملت,تامين سرمايه بانك ملت,528,5342087,13377394644,2617,2617,2531,-86,-3.29,2523,-94,-3.59,2487,2617,1400-9-21,2021-12-12
180,تسه0005,امتيازتسهيلات مسكن مرداد 1400,528,8507,8708304403,975624,990000,1024405,48781,5,1023663,48039,4.92,980001,1024405,1400-9-21,2021-12-12
181,فجر,فولاد اميركبيركاشان,516,1587117,37095414710,23720,23920,23460,-260,-1.1,23370,-350,-1.48,23030,23920,1400-9-21,2021-12-12
182,حريل,ريل پردازسير,512,7968331,20012916489,2631,2610,2500,-131,-4.98,2512,-119,-4.52,2500,2680,1400-9-21,2021-12-12
183,اطلس,صندوق س.توسعه اندوخته آينده-س,511,151160,36008408321,242582,242071,238290,-4292,-1.77,238214,-4368,-1.8,237210,242071,1400-9-21,2021-12-12
184,چدن,توليدي چدن سازان,506,9262523,22231857165,2505,2457,2412,-93,-3.71,2400,-105,-4.19,2380,2496,1400-9-21,2021-12-12
185,پارسان,گسترش نفت و گاز پارسيان,501,3697610,112147748780,31410,31570,30820,-590,-1.88,30360,-1050,-3.34,29900,31570,1400-9-21,2021-12-12
186,بشهاب,لامپ‌  پارس‌ شهاب‌,500,166794,24224172090,144890,144890,145000,110,0.08,145230,340,0.23,138250,149900,1400-9-21,2021-12-12
187,رانفور,خدمات‌انفورماتيك‌,498,7664127,26481248098,3548,3500,3480,-68,-1.92,3499,-49,-1.38,3400,3618,1400-9-21,2021-12-12
188,وبانك,سرمايه گذاري گروه توسعه ملي,492,5067656,40705491580,8200,8220,8130,-70,-0.85,8120,-80,-0.98,7900,8220,1400-9-21,2021-12-12
189,پرداخت,به پرداخت ملت,490,2674221,34704173930,12390,12120,13000,610,4.92,12980,590,4.76,12120,13000,1400-9-21,2021-12-12
190,تسه0004,امتيازتسهيلات مسكن تير1400,482,8714,8932057606,977938,1026834,1026834,48896,5,1025024,47086,4.81,990006,1026834,1400-9-21,2021-12-12
191,چكاوه,صنايع‌كاغذسازي‌كاوه‌,477,3054858,22252969710,7590,7540,7550,-40,-0.53,7280,-310,-4.08,7220,7790,1400-9-21,2021-12-12
192,دتوليد,داروسازي توليد دارو,474,1733927,13507542128,8178,7910,7770,-408,-4.99,7806,-372,-4.55,7770,8100,1400-9-21,2021-12-12
193,غسالم,سالمين‌,472,5073748,13445860800,2769,2701,2657,-112,-4.04,2657,-112,-4.04,2631,2730,1400-9-21,2021-12-12
194,خرينگ,رينگ‌سازي‌مشهد,472,1081560,26876517430,26060,25330,24760,-1300,-4.99,24850,-1210,-4.64,24760,25400,1400-9-21,2021-12-12
195,وهور,مديريت انرژي اميد  تابان هور,470,9634436,12532754411,1345,1348,1301,-44,-3.27,1329,-16,-1.19,1280,1348,1400-9-21,2021-12-12
196,كفرآور,فرآورده هاي سيمان شرق,468,1071488,22415469309,20602,20460,21180,578,2.81,20920,318,1.54,19984,21220,1400-9-21,2021-12-12
197,سمگا,گروه سرمايه گذاري ميراث فرهنگي,466,4396992,53003554162,12605,12190,11975,-630,-5,12055,-550,-4.36,11975,12440,1400-9-21,2021-12-12
198,فلوله,لوله‌وماشين‌سازي‌ايران‌,465,10182839,9859346645,1007,1010,967,-40,-3.97,980,-27,-2.68,958,1015,1400-9-21,2021-12-12
199,ثزاگرس,سرمايه گذاري توسعه عمران زاگرس,465,672364,24404910145,34957,36704,36670,1713,4.9,36297,1340,3.83,34020,36704,1400-9-21,2021-12-12
200,وصندوقح,ح.سرمايه گذاري صندوق بازنشستگي,460,2049251,21653282194,10718,10101,10900,182,1.7,10566,-152,-1.42,10101,10900,1400-9-21,2021-12-12
201,ميدكو,توسعه معادن وص.معدني خاورميانه,458,9534610,436155332720,45760,45760,45710,-50,-0.11,45740,-20,-0.04,45710,45780,1400-9-21,2021-12-12
202,سخاش,سيمان‌خاش‌,454,233577,21253486490,88390,90000,89100,710,0.8,90990,2600,2.94,86600,92800,1400-9-21,2021-12-12
203,دشيمي,شيمي‌ داروئي‌ داروپخش‌,452,2556529,56771602710,23260,22880,22660,-600,-2.58,22210,-1050,-4.51,22100,23070,1400-9-21,2021-12-12
204,زقيام,كشت و دام قيام اصفهان,452,14249918,18243997622,1345,1321,1278,-67,-4.98,1280,-65,-4.83,1278,1356,1400-9-21,2021-12-12
205,كيميا,معدني كيمياي زنجان گستران,449,1789958,21199254188,11710,12189,11800,90,0.77,11843,133,1.14,11463,12189,1400-9-21,2021-12-12
206,وتوشه,سرمايه‌ گذاري‌ پارس‌ توشه‌,447,1924859,10448635500,5650,5460,5500,-150,-2.65,5490,-160,-2.83,5370,5700,1400-9-21,2021-12-12
207,تسه9908,امتياز تسهيلات مسكن آبان99,445,11543,11780455223,974822,983550,1023563,48741,5,1020571,45749,4.69,983550,1023563,1400-9-21,2021-12-12
208,فايرا,آلومينيوم‌ايران‌,443,1362927,19981976510,15280,15000,14600,-680,-4.45,15060,-220,-1.44,14550,15000,1400-9-21,2021-12-12
209,فاسمين,كالسيمين‌,442,2795839,44549416850,16380,16400,16090,-290,-1.77,15930,-450,-2.75,15700,16400,1400-9-21,2021-12-12
210,فنورد,نوردوقطعات‌ فولادي‌,442,315442,51940635240,171660,165800,168500,-3160,-1.84,164660,-7000,-4.08,163080,173300,1400-9-21,2021-12-12
211,سپاها,سيمان‌سپاهان‌,440,2813827,20053524320,7120,7120,7010,-110,-1.54,7130,10,0.14,6810,7280,1400-9-21,2021-12-12
212,شپلي,پلي اكريل ايران,439,4030306,23901484034,6111,5941,5928,-183,-2.99,5930,-181,-2.96,5928,6019,1400-9-21,2021-12-12
213,فباهنر,مس‌ شهيدباهنر,439,698349,18229743690,26720,27290,26300,-420,-1.57,26310,-410,-1.53,25800,27290,1400-9-21,2021-12-12
214,خمهر,مهركام‌پارس‌,438,16336419,29787898816,1917,1860,1822,-95,-4.96,1823,-94,-4.9,1822,1862,1400-9-21,2021-12-12
215,تسه0003,امتيازتسهيلات مسكن خرداد1400,434,7844,8033220014,975810,1024600,1024600,48790,5,1024123,48313,4.95,1010000,1024600,1400-9-21,2021-12-12
216,سنيرح,ح . سيمان‌ سفيدني‌ريز,433,448254,8937389660,21160,20720,19850,-1310,-6.19,19940,-1220,-5.77,19400,20920,1400-9-21,2021-12-12
217,كفپارس,فرآورده‌هاي‌ نسوز پارس‌,432,4758946,13029345066,2831,2810,2717,-114,-4.03,2746,-85,-3,2700,2830,1400-9-21,2021-12-12
218,بپاس,بيمه پاسارگاد,431,3877587,164704825689,42488,42488,42485,-3,-0.01,42476,-12,-0.03,41500,42880,1400-9-21,2021-12-12
219,ونيرو,سرمايه‌گذاري‌نيرو,428,10424614,20828244402,1992,1933,1957,-35,-1.76,1998,6,0.3,1933,2045,1400-9-21,2021-12-12
220,هماي,صندوق س هماي آگاه-ثابت,425,4396805,44501524007,10116,10117,10122,6,0.06,10121,5,0.05,10117,10122,1400-9-21,2021-12-12
221,پدرخش,درخشان‌ تهران‌,425,906801,15617365060,18000,18570,17120,-880,-4.89,17220,-780,-4.33,17100,18570,1400-9-21,2021-12-12
222,سفارس,سيمان فارس و خوزستان,419,2968825,44267540850,15340,15250,15070,-270,-1.76,14910,-430,-2.8,14670,15450,1400-9-21,2021-12-12
223,فروس,فروسيليس‌ ايران‌,417,5634967,33628169640,6200,6110,6140,-60,-0.97,5970,-230,-3.71,5900,6260,1400-9-21,2021-12-12
224,زنگان,صنعت روي زنگان,415,281405,16956318475,63120,61570,59964,-3156,-5,60256,-2864,-4.54,59964,63360,1400-9-21,2021-12-12
225,فسپا,گروه‌صنعتي‌سپاهان‌,414,2022239,32689801090,16980,16570,16140,-840,-4.95,16170,-810,-4.77,16140,16570,1400-9-21,2021-12-12
226,اتكاي,بيمه اتكايي ايرانيان,414,4775388,49318124876,10843,10451,10301,-542,-5,10328,-515,-4.75,10301,10748,1400-9-21,2021-12-12
227,ياقوت,صندوق س ياقوت آگاه-ثابت,412,3756309,51686928916,13756,13760,13759,3,0.02,13760,4,0.03,13759,13768,1400-9-21,2021-12-12
228,شبهرن,نفت‌ بهران‌,411,1693733,18502877320,11290,11030,11000,-290,-2.57,11160,-130,-1.15,10730,11270,1400-9-21,2021-12-12
229,فنوال,نورد آلومينيوم‌,407,1337754,24746499060,19450,18600,18480,-970,-4.99,18500,-950,-4.88,18480,19250,1400-9-21,2021-12-12
230,افق,فروشگاههاي زنجيره اي افق كوروش,405,549467,23288425740,42500,42650,42210,-290,-0.68,42450,-50,-0.12,41900,43010,1400-9-21,2021-12-12
231,طلا,صندوق س.پشتوانه طلاي لوتوس,404,1322867,122032998544,93651,93800,91860,-1791,-1.91,92249,-1402,-1.5,91620,93800,1400-9-21,2021-12-12
232,فردا,صندوق س آواي فرداي زاگرس-ثابت,403,22871744,274140384899,11979,11985,11986,7,0.06,11986,7,0.06,11985,11987,1400-9-21,2021-12-12
233,فزرين,زرين معدن آسيا,402,1779796,19217138876,11189,11250,10900,-289,-2.58,10797,-392,-3.5,10630,11250,1400-9-21,2021-12-12
234,سباقر,سيمان باقران,401,1352682,17542006716,13017,13190,12950,-67,-0.51,12968,-49,-0.38,12627,13407,1400-9-21,2021-12-12
235,سپيدما,صندوق س. سپيد دماوند-د,401,18187067,209352002222,11506,11511,11512,6,0.05,11511,5,0.04,11511,11512,1400-9-21,2021-12-12
236,دلقما,دارويي‌ لقمان‌,393,1079567,20905042230,20310,19380,19300,-1010,-4.97,19360,-950,-4.68,19300,20000,1400-9-21,2021-12-12
237,خاذين,سايپاآذين‌,391,7564863,19786639595,2751,2661,2614,-137,-4.98,2616,-135,-4.91,2614,2662,1400-9-21,2021-12-12
238,تسه0002,امتيازتسهيلاتمسكن ارديبهشت1400,390,8301,8538138788,980076,1015000,1029079,49003,5,1028567,48491,4.95,1015000,1029079,1400-9-21,2021-12-12
239,كساوه,صنايع‌ كاشي‌ و سراميك‌ سينا,389,2293240,83047637220,38060,38000,36160,-1900,-4.99,36210,-1850,-4.86,36160,38000,1400-9-21,2021-12-12
240,وساخت,سرمايه‌ گذاري‌ ساختمان‌ايران‌,389,408594,15082547010,38670,37110,36740,-1930,-4.99,37020,-1650,-4.27,36740,39460,1400-9-21,2021-12-12
241,وپاسار,بانك  پاسارگاد,387,9339876,118861517570,12760,12880,12730,-30,-0.24,12730,-30,-0.24,12710,12880,1400-9-21,2021-12-12
242,كماسه,تامين‌ ماسه‌ ريخته‌گري‌,383,3044451,11681712291,4013,3850,3813,-200,-4.98,3864,-149,-3.71,3813,3956,1400-9-21,2021-12-12
243,بمپنا,توليد برق عسلويه  مپنا,378,10083007,54252578328,5126,5022,5382,256,4.99,5381,255,4.97,5021,5382,1400-9-21,2021-12-12
244,وسگيلا,شركت س استان گيلان,374,22698927,10185569560,442,464,440,-2,-0.45,445,3,0.68,437,464,1400-9-21,2021-12-12
245,غگلپا,شير پاستوريزه پگاه گلپايگان,371,356626,18135192703,50024,49000,49501,-523,-1.05,50852,828,1.66,49000,52000,1400-9-21,2021-12-12
246,دزهراوي,داروسازي‌زهراوي‌,366,2825022,11971194570,4447,4305,4225,-222,-4.99,4269,-178,-4,4225,4331,1400-9-21,2021-12-12
247,وشهر,بانك شهر,364,5330129,22961921053,4424,4424,4292,-132,-2.98,4325,-99,-2.24,4292,4424,1400-9-21,2021-12-12
248,شلعاب,لعابيران‌,363,2512292,14320764130,5840,5960,5650,-190,-3.25,5700,-140,-2.4,5600,5960,1400-9-21,2021-12-12
249,تسه0001,امتيازتسهيلات مسكن فروردين1400,363,6005,6136880870,973800,1022490,1022490,48690,5,1021962,48162,4.95,995555,1022490,1400-9-21,2021-12-12
250,ورنا,سرمايه‌گذاري‌ رنا(هلدينگ‌,356,8565010,25246915866,3101,3040,2946,-155,-5,2948,-153,-4.93,2946,3040,1400-9-21,2021-12-12
251,پخش,پخش البرز,356,677655,17019170288,24922,23950,25390,468,1.88,25115,193,0.77,23801,25990,1400-9-21,2021-12-12
252,ثنوسا,نوسازي‌وساختمان‌تهران‌,355,6006081,26662000002,4653,4700,4421,-232,-4.99,4439,-214,-4.6,4421,4700,1400-9-21,2021-12-12
253,كيان2,صندوق س. با درآمد ثابت كيان,355,35500000,35500000,32005,1,1,-32004,-100,1,-32004,-100,1,1,1400-9-21,2021-12-12
254,ومهان,گروه توسعه مالي مهر آيندگان,354,5862539,25003919298,4320,4277,4240,-80,-1.85,4293,-27,-0.63,4171,4380,1400-9-21,2021-12-12
255,كتوكا,توليدي و خدمات صنايع نسوز توكا,354,825136,7756833386,9740,9837,9302,-438,-4.5,9562,-178,-1.83,9302,9837,1400-9-21,2021-12-12
256,تسه9912,امتياز تسهيلات مسكن اسفند99,354,6058,6225116904,979582,981983,1028561,48979,5,1027586,48004,4.9,981983,1028561,1400-9-21,2021-12-12
257,بكام,كارخانجات توليدي شهيد قندي,352,5564422,8568459941,1598,1566,1527,-71,-4.44,1563,-35,-2.19,1525,1590,1400-9-21,2021-12-12
258,ختور,رادياتور ايران‌,352,1583293,21402014990,14190,13860,13490,-700,-4.93,13520,-670,-4.72,13490,14050,1400-9-21,2021-12-12
259,شوينده,مديريت صنعت شوينده ت.ص.بهشهر,350,1429810,27360932370,19510,19940,19090,-420,-2.15,19140,-370,-1.9,18540,20380,1400-9-21,2021-12-12
260,گنبد,صندوق س. گنبد ميناي دماوند-م,345,22422278,224222780000,10000,10000,10000,0,0,10000,0,0,10000,10000,1400-9-21,2021-12-12
261,غشصفا,شيرپاستوريزه‌پگاه‌اصفهان‌,345,723163,21169905350,30030,29530,29020,-1010,-3.36,29270,-760,-2.53,28630,30420,1400-9-21,2021-12-12
262,بكهنوج,توليد برق ماهتاب كهنوج,344,7439727,7702676660,1078,1098,1025,-53,-4.92,1055,-23,-2.13,1025,1098,1400-9-21,2021-12-12
263,قنقش,قند نقش جهان,343,381808,45727914214,120762,118347,123177,2415,2,119767,-995,-0.82,118347,123177,1400-9-21,2021-12-12
264,كسرا,سراميك‌هاي‌صنعتي‌اردكان‌,339,1708796,23163158700,14130,13900,13430,-700,-4.95,13560,-570,-4.03,13430,14150,1400-9-21,2021-12-12
265,كپشير,پشم‌شيشه‌ايران‌,339,1597897,19040406610,12050,12190,11950,-100,-0.83,11920,-130,-1.08,11770,12190,1400-9-21,2021-12-12
266,كوير,توليدي فولاد سپيد فراب كوير,336,4179298,24037384090,5970,5920,5680,-290,-4.86,5880,-90,-1.51,5680,5920,1400-9-21,2021-12-12
267,تماوند,تامين سرمايه دماوند,335,9633536,56206719607,5921,6097,5744,-177,-2.99,5834,-87,-1.47,5744,6097,1400-9-21,2021-12-12
268,تاصيكو,سرمايه گذاري صدرتامين,335,3245722,28262061830,8900,8750,8990,90,1.01,8850,-50,-0.56,8580,9000,1400-9-21,2021-12-12
269,كارين,صندوق س نگين سامان-ثابت,334,13683817,138467364984,10114,10119,10121,7,0.07,10119,5,0.05,10118,10121,1400-9-21,2021-12-12
270,ونيكي,سرمايه‌گذاري‌ ملي‌ايران‌,333,1454484,13131605090,9370,9100,9270,-100,-1.07,9300,-70,-0.75,8920,9310,1400-9-21,2021-12-12
271,قرن,پديده شيمي قرن,332,320136,7294752670,22940,22570,22840,-100,-0.44,22880,-60,-0.26,22500,23000,1400-9-21,2021-12-12
272,بكامح,ح.كارخانجات توليدي شهيد قندي,329,4535461,2562089545,603,582,559,-44,-7.3,565,-38,-6.3,552,586,1400-9-21,2021-12-12
273,ساوه,سيمان ساوه,326,224237,9673134376,43785,42782,43344,-441,-1.01,43361,-424,-0.97,42151,44498,1400-9-21,2021-12-12
274,وسكاب,س.ص.بازنشستگي كاركنان بانكها,326,3885715,11434412566,3012,3003,2933,-79,-2.62,2958,-54,-1.79,2925,3003,1400-9-21,2021-12-12
275,وصندوق,سرمايه‌گذاري‌صندوق‌بازنشستگي‌,324,1724714,21476772460,12730,12150,12530,-200,-1.57,12680,-50,-0.39,12150,12790,1400-9-21,2021-12-12
276,ددام,داروسازي زاگرس فارمد پارس,322,1660679,13740795170,8670,8450,8240,-430,-4.96,8280,-390,-4.5,8240,8450,1400-9-21,2021-12-12
277,وهنر,گروه توسعه هنر ايران,317,4790595,12401253854,2666,2600,2587,-79,-2.96,2589,-77,-2.89,2587,2645,1400-9-21,2021-12-12
278,ارفع,شركت آهن و فولاد ارفع,315,948229,13382688762,14508,14499,14377,-131,-0.9,14430,-78,-0.54,14010,14499,1400-9-21,2021-12-12
279,غمينو,شركت صنايع غذايي مينو شرق,315,2580998,11586825480,4657,4699,4520,-137,-2.94,4522,-135,-2.9,4425,4699,1400-9-21,2021-12-12
280,غديس,پاكديس,313,1479832,15748534009,11098,10995,10544,-554,-4.99,10642,-456,-4.11,10544,10995,1400-9-21,2021-12-12
281,سغدير,توسعه سرمايه و صنعت غدير,312,1420000,21670620000,14535,15261,15261,726,4.99,15261,726,4.99,15261,15261,1400-9-21,2021-12-12
282,خموتورح,ح . موتورسازان‌تراكتورسازي‌,312,2664065,7680851652,3138,2910,2992,-146,-4.65,2883,-255,-8.13,2835,3001,1400-9-21,2021-12-12
283,بنو,بيمه تجارت نو,311,2945243,19087004098,6402,6500,6458,56,0.87,6481,79,1.23,6450,6510,1400-9-21,2021-12-12
284,پاكشو,گروه صنعتي پاكشو,309,8700759,52499822200,6040,6010,6050,10,0.17,6040,0,0,6000,6050,1400-9-21,2021-12-12
285,وسپه,سرمايه‌گذاري‌ سپه‌,309,1890818,14614043540,8000,7850,7810,-190,-2.38,7890,-110,-1.38,7640,7850,1400-9-21,2021-12-12
286,غشهداب,كشت و صنعت شهداب ناب خراسان,309,4167333,10581970469,2589,2530,2568,-21,-0.81,2553,-36,-1.39,2510,2570,1400-9-21,2021-12-12
287,سرچشمه,سرمايه گذاري مس سرچشمه,307,3955624,19030849724,5040,5040,4810,-230,-4.56,4811,-229,-4.54,4788,5040,1400-9-21,2021-12-12
288,تليسه,دامداري تليسه نمونه,306,4585433,9274416985,2062,2083,1992,-70,-3.39,2037,-25,-1.21,1990,2083,1400-9-21,2021-12-12
289,كروي,توسعه‌ معادن‌ روي‌ ايران‌,306,865344,19016661940,22320,22210,22320,0,0,22010,-310,-1.39,21560,22320,1400-9-21,2021-12-12
290,كنور,توسعه معدني و صنعتي صبانور,306,656578,12112506430,18620,18310,18600,-20,-0.11,18600,-20,-0.11,18200,18980,1400-9-21,2021-12-12
291,سصفها,سيمان‌اصفهان‌,302,812706,22088782880,28440,27500,27030,-1410,-4.96,27180,-1260,-4.43,27020,28340,1400-9-21,2021-12-12
292,ثتران,سرمايه گذاري مسكن تهران,296,4297193,13050460846,3191,3241,3032,-159,-4.98,3049,-142,-4.45,3032,3241,1400-9-21,2021-12-12
293,كالا,بورس كالاي ايران,295,2845042,79293482360,29330,27870,27870,-1460,-4.98,27870,-1460,-4.98,27870,28590,1400-9-21,2021-12-12
294,والبر,سرمايه‌ گذاري‌ البرز(هلدينگ‌,295,1336992,10049860010,7760,7570,7720,-40,-0.52,7660,-100,-1.29,7380,7720,1400-9-21,2021-12-12
295,سصوفي,سيمان‌ صوفيان‌,294,1440128,19256786970,13990,13600,13330,-660,-4.72,13370,-620,-4.43,13300,13950,1400-9-21,2021-12-12
296,آوا,صندوق س.سهام آواي معيار-س,292,876012,6563954889,7767,7650,7500,-267,-3.44,7493,-274,-3.53,7365,7788,1400-9-21,2021-12-12
297,تسه9810,امتياز تسهيلات مسكن دي98,292,11126,11281567588,969252,985112,1008568,39316,4.06,1013982,44730,4.61,985112,1017714,1400-9-21,2021-12-12
298,تسه9911,امتياز تسهيلات مسكن بهمن99,291,6424,6578722197,975837,980000,1024628,48791,5,1024085,48248,4.94,980000,1024628,1400-9-21,2021-12-12
299,شتوكاح,ح . توكا رنگ فولاد سپاهان,288,642604,8463553291,12679,13270,13270,591,4.66,13171,492,3.88,12600,13312,1400-9-21,2021-12-12
300,ضجار1023,اختيارخ وتجارت-2500-1400/10/15,288,16343,134846000,9,9,6,-3,-33.33,8,-1,-11.11,6,10,1400-9-21,2021-12-12
301,لسرما,سرما آفرين‌,288,592837,11796014290,20840,20040,19800,-1040,-4.99,20030,-810,-3.89,19800,20790,1400-9-21,2021-12-12
302,رمپنا,گروه مپنا (سهامي عام),288,2045042,30590661110,15170,14420,15470,300,1.98,15120,-50,-0.33,14420,15470,1400-9-21,2021-12-12
303,رنيك,جنرال مكانيك,287,3596078,36776162857,10738,10276,10202,-536,-4.99,10227,-511,-4.76,10202,10529,1400-9-21,2021-12-12
304,شيراز,پتروشيمي‌شيراز,284,284289,21889870280,78960,77530,79200,240,0.3,78520,-440,-0.56,75160,79200,1400-9-21,2021-12-12
305,ارزش,صندوق س ارزش آفرين بيدار-سهام,284,1543336,14065415880,9330,9240,9130,-200,-2.14,9110,-220,-2.36,9030,9240,1400-9-21,2021-12-12
306,فمراد,آلومراد,284,619632,8298214420,14070,14370,13370,-700,-4.98,13660,-410,-2.91,13370,14370,1400-9-21,2021-12-12
307,مفاخر,توسعه فناوري اطلاعات خوارزمي,283,196188,5182757729,27057,27000,26200,-857,-3.17,26825,-232,-0.86,25705,27000,1400-9-21,2021-12-12
308,وآوا,سرمايه گذاري آوا نوين,281,2352033,6034475202,2679,2693,2552,-127,-4.74,2632,-47,-1.75,2548,2693,1400-9-21,2021-12-12
309,تيپيكو,سرمايه گذاري دارويي تامين,281,1532888,28424590260,19000,18640,18400,-600,-3.16,18840,-160,-0.84,18280,19190,1400-9-21,2021-12-12
310,لخزر,پارس‌ خزر,281,138610,16996500540,128760,131950,122330,-6430,-4.99,122620,-6140,-4.77,122330,131950,1400-9-21,2021-12-12
311,وآذر,سرمايه‌گذاري‌توسعه‌آذربايجان‌,279,633389,24242141860,36470,37110,38290,1820,4.99,38270,1800,4.94,37110,38290,1400-9-21,2021-12-12
312,شخارك,پتروشيمي‌ خارك‌,277,520310,26305628490,51120,51970,51000,-120,-0.23,50970,-150,-0.29,50000,51970,1400-9-21,2021-12-12
313,خاهن,آهنگري‌ تراكتورسازي‌ ايران‌,276,4893521,23391487810,4990,4750,5000,10,0.2,4810,-180,-3.61,4750,5000,1400-9-21,2021-12-12
314,زشريف,كشت وصنعت شريف آباد,276,3893443,12110160861,3262,3135,3099,-163,-5,3132,-130,-3.99,3099,3200,1400-9-21,2021-12-12
315,خراسان,پتروشيمي خراسان,276,140491,15499372700,112710,111000,111180,-1530,-1.36,112240,-470,-0.42,107250,111300,1400-9-21,2021-12-12
316,تسه9910,امتياز تسهيلات مسكن دي99,274,5104,5224614638,975312,1024077,1024077,48765,5,1023631,48319,4.95,995111,1024077,1400-9-21,2021-12-12
317,نوين,بيمه نوين,274,2071594,7196262365,3563,3563,3536,-27,-0.76,3519,-44,-1.23,3410,3599,1400-9-21,2021-12-12
318,كاذر,فرآورده‌هاي‌نسوزآذر,273,2153042,29516787810,14370,13880,13840,-530,-3.69,13710,-660,-4.59,13660,14190,1400-9-21,2021-12-12
319,غفارس,شير پاستوريزه پگاه فارس,272,1894094,10064916780,5588,5426,5309,-279,-4.99,5392,-196,-3.51,5309,5426,1400-9-21,2021-12-12
320,پرديسح,ح .  سرمايه گذاري پرديس,271,3704857,4892884285,1379,1380,1303,-76,-5.51,1321,-58,-4.21,1302,1380,1400-9-21,2021-12-12
321,كامياب,صندوق س. كامياب آشنا-د,270,3275613,36186127434,11040,11049,11048,8,0.07,11047,7,0.06,11046,11049,1400-9-21,2021-12-12
322,وگستر,گسترش سرمايه گذاري ايرانيان,269,1256593,6485738026,5368,5380,5215,-153,-2.85,5276,-92,-1.71,5100,5380,1400-9-21,2021-12-12
323,دتوزيع,توزيع دارو پخش,268,520949,13918339958,27247,26870,26412,-835,-3.06,26741,-506,-1.86,26412,27470,1400-9-21,2021-12-12
324,گشان,توسعه بين المللي پديده شانديز,264,1122659,23136797127,21241,20605,20604,-637,-3,20609,-632,-2.98,20604,21000,1400-9-21,2021-12-12
325,كهمدا,شيشه‌ همدان‌,261,2104444,18332986570,8960,8900,8630,-330,-3.68,8710,-250,-2.79,8600,9000,1400-9-21,2021-12-12
326,آكورد,صندوق س. آرمان آتي كوثر-د,260,4494052,160384322137,35671,35688,35689,18,0.05,35688,17,0.05,35688,35691,1400-9-21,2021-12-12
327,سبهان,سيمان‌ بهبهان‌,260,278178,12350842310,46050,47140,44660,-1390,-3.02,44660,-1390,-3.02,43750,47140,1400-9-21,2021-12-12
328,شراز,پالايش نفت شيراز,258,525530,57194839178,114244,111900,108833,-5411,-4.74,108833,-5411,-4.74,108532,112980,1400-9-21,2021-12-12
329,وكار,بانك‌ كارآفرين‌,257,14102373,40601270891,2885,2900,2741,-144,-4.99,2880,-5,-0.17,2741,2915,1400-9-21,2021-12-12
330,زبينا,كشاورزي و دامپروري بينالود,256,9070481,18163651915,2037,2037,2030,-7,-0.34,2003,-34,-1.67,1969,2037,1400-9-21,2021-12-12
331,تنوين,تامين سرمايه نوين,256,3038517,16647343760,5410,5450,5470,60,1.11,5440,30,0.55,5430,5580,1400-9-21,2021-12-12
332,كگهر,سنگ آهن گهرزمين,255,1411608,64938471465,46034,46495,46034,0,0,46017,-17,-0.04,45000,46500,1400-9-21,2021-12-12
333,تسه9909,امتياز تسهيلات مسكن آذر99,255,3424,3498029280,975527,1000000,1024303,48776,5,1021621,46094,4.73,950004,1024303,1400-9-21,2021-12-12
334,وساشرقي,شركت س استان آذربايجان شرقي,255,12370936,5443860485,459,445,441,-18,-3.92,456,-3,-0.65,437,446,1400-9-21,2021-12-12
335,فولاي,صنايع فولاد آلياژي يزد,252,808972,12785853884,16472,16500,16199,-273,-1.66,15874,-598,-3.63,15651,16500,1400-9-21,2021-12-12
336,اميد,تامين سرمايه اميد,252,2392950,18539257940,7670,7750,7720,50,0.65,7720,50,0.65,7700,7790,1400-9-21,2021-12-12
337,پكوير,كوير تاير,251,3870063,21276104230,5630,5630,5400,-230,-4.09,5500,-130,-2.31,5400,5760,1400-9-21,2021-12-12
338,آريان,سرمايه گذاري پارس آريان,250,4271753,60125754574,14507,14120,14072,-435,-3,14233,-274,-1.89,14072,14160,1400-9-21,2021-12-12
339,ستران,سيمان‌ تهران‌,249,599211,11628127630,19760,19630,19370,-390,-1.97,19470,-290,-1.47,19240,19750,1400-9-21,2021-12-12
340,حتوكا,حمل‌ونقل‌توكا,246,918765,10400403040,11850,11960,11390,-460,-3.88,11470,-380,-3.21,11260,11960,1400-9-21,2021-12-12
341,حبندرح,ح.دريايي وكشتيراني خط دريابندر,246,1741477,19081318896,11118,11118,11118,0,0,10957,-161,-1.45,10785,11118,1400-9-21,2021-12-12
342,كرماشا,صنايع پتروشيمي كرمانشاه,245,431956,22481282170,53090,54290,51710,-1380,-2.6,52770,-320,-0.6,50500,54290,1400-9-21,2021-12-12
343,تكشا,گسترش‌صنايع‌وخدمات‌كشاورزي‌,242,250945,7765534700,31910,33000,30800,-1110,-3.48,31400,-510,-1.6,30320,33000,1400-9-21,2021-12-12
344,شكام,صنايع شيميايي كيمياگران امروز,242,563871,17100582453,31238,30300,30950,-288,-0.92,30327,-911,-2.92,29677,31869,1400-9-21,2021-12-12
345,سپر,صندوق س سپر سرمايه بيدار- ثابت,240,6521318,86881489149,13317,13340,13340,23,0.17,13323,6,0.05,13318,13342,1400-9-21,2021-12-12
346,تسه9902,امتياز تسهيلات مسكن ارديبهشت99,239,4837,4934417111,974305,992510,1023020,48715,5,1020140,45835,4.7,992510,1023020,1400-9-21,2021-12-12
347,شكربن,كربن‌ ايران‌,239,287221,26120704630,95700,91200,90920,-4780,-4.99,90940,-4760,-4.97,90920,92990,1400-9-21,2021-12-12
348,تپمپي,پمپ‌ سازي‌ ايران‌,238,1244751,22509600320,19010,18700,18060,-950,-5,18080,-930,-4.89,18060,18700,1400-9-21,2021-12-12
349,كپرور,فرآوري زغال سنگ پروده طبس,238,765346,21267385841,29204,29000,27744,-1460,-5,27788,-1416,-4.85,27744,29000,1400-9-21,2021-12-12
350,ولملتح,ح . واسپاري ملت,238,1089970,1747697750,1731,1645,1570,-161,-9.3,1603,-128,-7.39,1565,1739,1400-9-21,2021-12-12
351,وتوس,توسعه‌شهري‌توس‌گستر,238,1629547,13898270130,8930,8620,8490,-440,-4.93,8530,-400,-4.48,8490,8900,1400-9-21,2021-12-12
352,مارون,پتروشيمي مارون,236,96127,16283466908,174651,167302,172110,-2541,-1.45,173768,-883,-0.51,166100,172110,1400-9-21,2021-12-12
353,پكويرح,ح. كوير تاير,236,2458037,7990245691,3376,3337,3215,-161,-4.77,3251,-125,-3.7,3200,3337,1400-9-21,2021-12-12
354,فرآور,فرآوري‌موادمعدني‌ايران‌,235,867622,25086516060,30380,30130,28870,-1510,-4.97,28910,-1470,-4.84,28870,30130,1400-9-21,2021-12-12
355,ديران,ايران‌دارو,235,1431724,27231128120,20000,19210,19000,-1000,-5,19020,-980,-4.9,19000,19900,1400-9-21,2021-12-12
356,وبوعلي,سرمايه‌گذاري‌بوعلي‌,234,3439381,13086572176,3856,3712,3688,-168,-4.36,3811,-45,-1.17,3682,3855,1400-9-21,2021-12-12
357,زكشت,كشاورزي مكانيزه اصفهان كشت,233,455064,8831184250,20371,20691,19353,-1018,-5,19769,-602,-2.96,19353,20691,1400-9-21,2021-12-12
358,مدير,ص.س.مديريت ثروت ص.بازنشستگي-س,229,1005797,9333726485,9485,9549,9229,-256,-2.7,9280,-205,-2.16,9119,9549,1400-9-21,2021-12-12
359,چفيبر,فيبر ايران‌,228,1651117,9961760890,6070,6200,6100,30,0.49,6050,-20,-0.33,5770,6200,1400-9-21,2021-12-12
360,شدوصح,ح . دوده‌ صنعتي‌ پارس‌,228,1193377,8431481880,7200,7120,7140,-60,-0.83,7070,-130,-1.81,6980,7160,1400-9-21,2021-12-12
361,وتوصا,گروه س توسعه صنعتي ايران,227,1103710,10780799360,10080,9880,9810,-270,-2.68,9860,-220,-2.18,9620,9950,1400-9-21,2021-12-12
362,سبجنو,سيمان‌ بجنورد,227,919697,34399307700,35720,36160,37500,1780,4.98,37400,1680,4.7,35400,37500,1400-9-21,2021-12-12
363,ولصنم,ليزينگ‌صنعت‌ومعدن‌,227,1307359,4662799504,3732,3705,3547,-185,-4.96,3678,-54,-1.45,3546,3820,1400-9-21,2021-12-12
364,دعبيد,لابراتوارداروسازي‌  دكترعبيدي‌,225,1176327,21686895380,19370,18650,18430,-940,-4.85,18760,-610,-3.15,18410,18970,1400-9-21,2021-12-12
365,وتوسم,سرمايه‌گذاري‌توسعه‌ملي‌,225,2175553,19204680400,8980,8710,8750,-230,-2.56,8830,-150,-1.67,8690,8980,1400-9-21,2021-12-12
366,دروز,داروسازي‌ روزدارو,224,1453421,33689905730,23190,22150,24000,810,3.49,23180,-10,-0.04,22040,24000,1400-9-21,2021-12-12
367,تسه9907,امتياز تسهيلات مسكن مهر99,221,2780,2849365998,978780,1027719,1026715,47935,4.9,1024952,46172,4.72,985500,1027719,1400-9-21,2021-12-12
368,جم,پتروشيمي جم,221,501497,24278403310,49070,48000,48100,-970,-1.98,48910,-160,-0.33,47750,49020,1400-9-21,2021-12-12
369,پرديس,سرمايه گذاري پرديس,220,3765311,12367515710,3314,3388,3266,-48,-1.45,3290,-24,-0.72,3250,3388,1400-9-21,2021-12-12
370,تصميم,صندوق س با درآمد ثابت تصميم,220,5094354,92717826288,18189,18189,18203,14,0.08,18200,11,0.06,18189,18203,1400-9-21,2021-12-12
371,بزاگرس,نيروگاه زاگرس كوثر,219,1881407,5784304813,3217,3120,3077,-140,-4.35,3158,-59,-1.83,3057,3150,1400-9-21,2021-12-12
372,خوساز,محورسازان‌ايران‌خودرو,218,2550760,15979722030,6570,6360,6250,-320,-4.87,6260,-310,-4.72,6250,6560,1400-9-21,2021-12-12
373,سپ,پرداخت الكترونيك سامان كيش,218,624011,19299208720,30460,29740,31470,1010,3.32,30610,150,0.49,29740,31470,1400-9-21,2021-12-12
374,سكرد,سيمان كردستان,215,1909768,8689228227,4490,4546,4520,30,0.67,4524,34,0.76,4500,4686,1400-9-21,2021-12-12
375,شكلر,نيروكلر,214,248509,9230495550,38140,36530,37120,-1020,-2.67,37500,-640,-1.68,36530,38800,1400-9-21,2021-12-12
376,ضجار1022,اختيارخ وتجارت-2000-1400/10/15,214,8893,381009000,87,82,37,-50,-57.47,43,-44,-50.57,35,82,1400-9-21,2021-12-12
377,وبشهر,توسعه‌ صنايع‌ بهشهر(هلدينگ,214,1313097,8819931540,7000,6650,6710,-290,-4.14,6940,-60,-0.86,6650,6940,1400-9-21,2021-12-12
378,شرنگي,شيميايي رنگين,213,92662,15733016606,173431,173047,168229,-5202,-3,169789,-3642,-2.1,168229,174900,1400-9-21,2021-12-12
379,خفنر,فنرسازي‌خاور,213,862831,5879949740,7140,6970,6790,-350,-4.9,7010,-130,-1.82,6790,7010,1400-9-21,2021-12-12
380,كسعدي,كاشي‌ سعدي‌,212,648095,4580125870,7390,7130,7030,-360,-4.87,7290,-100,-1.35,7030,7220,1400-9-21,2021-12-12
381,خكار,ايركا پارت صنعت,212,2768437,9405313302,3566,3550,3388,-178,-4.99,3451,-115,-3.22,3388,3550,1400-9-21,2021-12-12
382,غچين,كشت‌ و صنعت‌ چين‌ چين,211,726941,8223853920,11870,11500,11370,-500,-4.21,11550,-320,-2.7,11280,11830,1400-9-21,2021-12-12
383,حپترو,حمل و نقل پتروشيمي( سهامي عام,210,418891,9709733610,23510,22420,23690,180,0.77,23290,-220,-0.94,22340,24390,1400-9-21,2021-12-12
384,فن آوا,گروه فن آوا,210,1540308,16554825732,10559,10875,10243,-316,-2.99,10748,189,1.79,10243,10875,1400-9-21,2021-12-12
385,لابسا,آبسال‌,210,529089,16675740420,32410,32000,31260,-1150,-3.55,31520,-890,-2.75,31000,32500,1400-9-21,2021-12-12
386,ثعمرا,عمران و توسعه شاهد,206,596315,4027944132,6843,6730,6979,136,1.99,6819,-24,-0.35,6553,7000,1400-9-21,2021-12-12
387,وسبحان,سرمايه گذاري سبحان,205,3507061,10484971629,3062,3062,2997,-65,-2.12,3010,-52,-1.7,2950,3070,1400-9-21,2021-12-12
388,خلنت,لنت‌ ترمزايران‌,204,135632,8217606530,63640,61340,60460,-3180,-5,61820,-1820,-2.86,60460,62790,1400-9-21,2021-12-12
389,وبيمه,سرمايه‌ گذاري‌ صنعت‌ بيمه‌,204,3137180,4386794135,1407,1370,1420,13,0.92,1404,-3,-0.21,1370,1429,1400-9-21,2021-12-12
390,وتوكا,سرمايه‌گذاري‌توكافولاد(هلدينگ,204,1783263,13762408550,7980,7970,7710,-270,-3.38,7730,-250,-3.13,7660,7970,1400-9-21,2021-12-12
391,تبرك,گروه كارخانجات صنعتي تبرك,203,841403,6691084809,8117,8060,8100,-17,-0.21,8042,-75,-0.92,7895,8238,1400-9-21,2021-12-12
392,دانا,بيمه دانا,202,5650726,25165887411,4564,4348,4432,-132,-2.89,4454,-110,-2.41,4348,4520,1400-9-21,2021-12-12
393,سكه0012پ01,تمام سكه طرح جديد0012رفاه,202,92100,119686416100,1320769,1295003,1299949,-20820,-1.58,1299527,-21242,-1.61,1295001,1308496,1400-9-21,2021-12-12
394,خودكفا,اقتصادي و خودكفايي آزادگان,200,2149521,17241517320,8269,8021,8021,-248,-3,8091,-178,-2.15,8021,8163,1400-9-21,2021-12-12
395,پلاسك,پلاسكوكار,199,3597823,14266835623,4163,4100,3955,-208,-5,3965,-198,-4.76,3955,4100,1400-9-21,2021-12-12
396,دكوثر,داروسازي‌ كوثر,198,1655326,4342783644,2650,2700,2658,8,0.3,2642,-8,-0.3,2550,2738,1400-9-21,2021-12-12
397,ولبهمن,شركت بهمن ليزينگ,197,1302484,9068782675,7140,7250,7050,-90,-1.26,7031,-109,-1.53,6802,7270,1400-9-21,2021-12-12
398,فافق,صنايع مس افق كرمان,196,2027182,6718307028,3411,3442,3309,-102,-2.99,3344,-67,-1.96,3309,3442,1400-9-21,2021-12-12
399,كسرام,پارس‌ سرام‌,196,2900300,11120399726,3972,3878,3898,-74,-1.86,3864,-108,-2.72,3774,3906,1400-9-21,2021-12-12
400,زدشت,كشت و صنعت دشت خرم دره,195,504821,6067187016,12352,12355,12000,-352,-2.85,12214,-138,-1.12,11915,12355,1400-9-21,2021-12-12
401,ثپرديس,سرمايه گذاري مسكن پرديس,195,2243842,8046659861,3767,3799,3579,-188,-4.99,3660,-107,-2.84,3579,3799,1400-9-21,2021-12-12
402,وارس,سرمايه گذاري ارس صبا,195,869172,9307230320,10853,11049,10899,46,0.42,10713,-140,-1.29,10528,11049,1400-9-21,2021-12-12
403,خشرق,الكتريك‌ خودرو شرق‌,195,1100149,12458118530,11910,11510,11320,-590,-4.95,11380,-530,-4.45,11320,11510,1400-9-21,2021-12-12
404,ثرود,سرمايه‌گذاري مسكن زاينده رود,193,1111780,6278268796,5812,5560,5560,-252,-4.34,5740,-72,-1.24,5530,5830,1400-9-21,2021-12-12
405,فجام,جام‌دارو,192,1490792,5548505519,3869,3800,3722,-147,-3.8,3812,-57,-1.47,3676,3853,1400-9-21,2021-12-12
406,سنير,سيمان‌ سفيد ني‌ريز,190,144852,4108698850,29780,28450,28300,-1480,-4.97,29360,-420,-1.41,28300,29230,1400-9-21,2021-12-12
407,شصفها,پتروشيمي‌ اصفهان‌,189,170600,20563894719,119403,117500,120497,1094,0.92,120539,1136,0.95,117200,121350,1400-9-21,2021-12-12
408,تسه9904,امتياز تسهيلات مسكن تير99,189,2573,2628629568,976170,980789,1024978,48808,5,1021620,45450,4.66,980789,1024978,1400-9-21,2021-12-12
409,بالبر,كابل‌ البرز,189,268216,5206388600,19820,19900,19130,-690,-3.48,19670,-150,-0.76,18840,20200,1400-9-21,2021-12-12
410,دماوند,توليد نيروي برق دماوند,187,491755,10468594512,22326,22000,21210,-1116,-5,22095,-231,-1.03,21210,22299,1400-9-21,2021-12-12
411,حپارسا,توسعه حمل و نقل ريلي پارسيان,186,464738,12834178600,28846,28251,28419,-427,-1.48,27740,-1106,-3.83,27404,28700,1400-9-21,2021-12-12
412,ضخود1051,اختيارخ خودرو-1800-1400/10/08,185,6737,1537866000,366,260,218,-148,-40.44,228,-138,-37.7,212,280,1400-9-21,2021-12-12
413,اتكام,بيمه اتكايي امين,183,1982724,9918768230,5060,4950,5020,-40,-0.79,5020,-40,-0.79,4950,5110,1400-9-21,2021-12-12
414,شرانل,نفت ايرانول,183,249282,11217348290,45813,45306,45000,-813,-1.77,45559,-254,-0.55,44831,45850,1400-9-21,2021-12-12
415,وسينا,بانك سينا,181,3711499,8437893173,2349,2345,2349,0,0,2321,-28,-1.19,2240,2349,1400-9-21,2021-12-12
416,تكمبا,كمباين‌ سازي‌ ايران‌,180,1816144,6787800585,3854,3800,3739,-115,-2.98,3800,-54,-1.4,3680,3894,1400-9-21,2021-12-12
417,افرا,افرانت,180,1074637,20537387707,18201,19111,19111,910,5,19111,910,5,19111,19111,1400-9-21,2021-12-12
418,غگلستا,شير پاستوريزه پگاه گلستان,180,441440,4373447298,10237,10010,9875,-362,-3.54,10136,-101,-0.99,9751,10190,1400-9-21,2021-12-12
419,سفار,سيمان‌فارس‌,179,72244,3861883860,56200,55590,53390,-2810,-5,55460,-740,-1.32,53390,54580,1400-9-21,2021-12-12
420,لبوتان,گروه‌صنعتي‌بوتان‌,178,231596,9332856050,42000,40990,40000,-2000,-4.76,40880,-1120,-2.67,39950,42690,1400-9-21,2021-12-12
421,زيتون,صندوق س زيتون نماد پايا- مختلط,178,534066,5006387846,9542,9451,9301,-241,-2.53,9374,-168,-1.76,9300,9500,1400-9-21,2021-12-12
422,كاريس,صندوق س.سپهر كاريزما-س,178,1275854,16142968433,12829,12829,12611,-218,-1.7,12653,-176,-1.37,12600,12829,1400-9-21,2021-12-12
423,دجابر,داروسازي‌ جابرابن‌حيان‌,177,846227,10144776170,12610,12020,11980,-630,-5,12160,-450,-3.57,11980,12660,1400-9-21,2021-12-12
424,وايران,ليزينگ ايرانيان,176,3632741,10316471075,2985,2887,2836,-149,-4.99,2878,-107,-3.58,2836,2890,1400-9-21,2021-12-12
425,فخاس,فولاد خراسان,176,392503,8873607150,23490,22400,23370,-120,-0.51,23410,-80,-0.34,22320,23370,1400-9-21,2021-12-12
426,ولغدر,ليزينگ‌خودروغدير,174,1223999,10665387010,9150,8760,8700,-450,-4.92,8810,-340,-3.72,8700,9170,1400-9-21,2021-12-12
427,آ س پ,آ.س.پ,173,1556429,9373190037,6214,6300,5904,-310,-4.99,6090,-124,-2,5904,6300,1400-9-21,2021-12-12
428,زفكا,كشت و دامداري فكا,173,1274689,8971334024,7202,7030,7010,-192,-2.67,7102,-100,-1.39,6910,7249,1400-9-21,2021-12-12
429,ضخود1049,اختيارخ خودرو-1400-1400/10/08,172,4074,2553355000,766,710,600,-166,-21.67,627,-139,-18.15,575,710,1400-9-21,2021-12-12
430,قصفها,قنداصفهان‌,171,68209,4771082710,70450,72600,70010,-440,-0.62,70290,-160,-0.23,67720,72600,1400-9-21,2021-12-12
431,خكاوه,سايپا ديزل,169,3356079,10933735436,3357,3260,3257,-100,-2.98,3258,-99,-2.95,3257,3298,1400-9-21,2021-12-12
432,آپ,آسان پرداخت پرشين,169,890221,9231591770,10910,10370,10370,-540,-4.95,10690,-220,-2.02,10370,10370,1400-9-21,2021-12-12
433,غپاك,لبنيات‌ پاك‌,168,943509,11668321130,12990,12990,12350,-640,-4.93,12460,-530,-4.08,12350,12990,1400-9-21,2021-12-12
434,دتماد,توليدمواداوليه‌داروپخش‌,167,135732,5720622910,42220,42300,42300,80,0.19,42190,-30,-0.07,40200,43000,1400-9-21,2021-12-12
435,ركيش,كارت اعتباري ايران كيش,167,628790,3550872810,5740,5880,5800,60,1.05,5720,-20,-0.35,5460,5880,1400-9-21,2021-12-12
436,شدوص,دوده‌ صنعتي‌ پارس‌,166,814391,9363904850,11720,11570,11500,-220,-1.88,11580,-140,-1.19,11340,11720,1400-9-21,2021-12-12
437,وثخوز,سرمايه گذاري و توسعه خوزستان,166,428598,13077182888,32062,30565,30460,-1602,-5,30512,-1550,-4.83,30459,31699,1400-9-21,2021-12-12
438,شفا,سرمايه گذاري شفادارو,166,220414,3373922640,16040,15240,15320,-720,-4.49,15890,-150,-0.94,15240,15670,1400-9-21,2021-12-12
439,تكنو,تكنوتار,166,838832,5856257400,7320,7290,6980,-340,-4.64,7180,-140,-1.91,6960,7290,1400-9-21,2021-12-12
440,شپارس,بين‌ المللي‌ محصولات‌  پارس‌,166,571289,4185704080,7570,7450,7470,-100,-1.32,7500,-70,-0.92,7200,7630,1400-9-21,2021-12-12
441,زعف0008پ11,زعفران0008نگين سحرخيز(پ),165,403171,102292697320,260284,260000,271990,11706,4.5,253720,-6564,-2.52,246089,271993,1400-9-21,2021-12-12
442,غشان,شيرپاستوريزه‌پگاه‌خراسان‌,165,1682846,6923785830,4328,4200,4112,-216,-4.99,4220,-108,-2.5,4112,4220,1400-9-21,2021-12-12
443,ولشرق,ليزينگ ايران و شرق,165,1651083,3573625789,2269,2178,2172,-97,-4.28,2242,-27,-1.19,2156,2205,1400-9-21,2021-12-12
444,بالاس,مهندسي ساختمان تاسيسات راه آهن,164,130894,3586600692,28078,26770,26800,-1278,-4.55,27909,-169,-0.6,26770,28487,1400-9-21,2021-12-12
445,ختراك,ريخته‌گري‌ تراكتورسازي‌ ايران‌,164,2012692,10649785580,5560,5400,5290,-270,-4.86,5350,-210,-3.78,5290,5570,1400-9-21,2021-12-12
446,ثالوند,سرمايه گذاري مسكن الوند,163,1100036,7323530123,7004,6711,6654,-350,-5,6824,-180,-2.57,6654,6712,1400-9-21,2021-12-12
447,درازك,دارويي‌ رازك‌,162,641407,21507131000,35280,34200,33520,-1760,-4.99,33530,-1750,-4.96,33520,34200,1400-9-21,2021-12-12
448,پاسا,ايران‌ياساتايرورابر,161,349460,4530593760,13440,13000,13210,-230,-1.71,13290,-150,-1.12,12770,13440,1400-9-21,2021-12-12
449,دبالك,مواد اوليه دارويي البرز بالك,160,972605,6612556482,6961,6810,6790,-171,-2.46,6888,-73,-1.05,6654,6950,1400-9-21,2021-12-12
450,بفجرح,ح . فجر انرژي خليج فارس,160,1907062,16722653440,9020,9010,8470,-550,-6.1,8770,-250,-2.77,8470,9010,1400-9-21,2021-12-12
451,كساپا,سايپاشيشه‌,160,208072,3578032780,17890,17120,17160,-730,-4.08,17720,-170,-0.95,17010,18010,1400-9-21,2021-12-12
452,زشگزا,شير و گوشت زاگرس شهركرد,158,1569790,7401618745,4792,4666,4720,-72,-1.5,4753,-39,-0.81,4665,4800,1400-9-21,2021-12-12
453,گوهر,صندوق سكه طلاي كيان,158,311361,20198797381,66285,65494,64306,-1979,-2.99,64873,-1412,-2.13,64306,65700,1400-9-21,2021-12-12
454,تسه9906,امتياز تسهيلات مسكن شهريور99,158,2032,2072359190,976515,978100,1025340,48825,5,1019862,43347,4.44,978100,1025340,1400-9-21,2021-12-12
455,وپترو,سرمايه‌گذاري صنايع پتروشيمي‌,158,461328,4822230650,10810,11120,10400,-410,-3.79,10690,-120,-1.11,10270,11120,1400-9-21,2021-12-12
456,دكپسول,توليد ژلاتين كپسول ايران,155,127319,3642596303,29511,29000,29383,-128,-0.43,29285,-226,-0.77,28210,29383,1400-9-21,2021-12-12
457,تسه9903,امتياز تسهيلات مسكن خرداد99,155,1229,1258515147,976015,980232,1024815,48800,5,1024016,48001,4.92,980232,1024815,1400-9-21,2021-12-12
458,بنيرو,نيروترانس‌,154,2736908,4654791313,1785,1711,1699,-86,-4.82,1757,-28,-1.57,1696,1745,1400-9-21,2021-12-12
459,دلر,داروسازي‌ اكسير,153,349678,14720135160,42570,42000,42050,-520,-1.22,42200,-370,-0.87,41790,42830,1400-9-21,2021-12-12
460,غالبر,لبنيات‌ كالبر,153,1188459,12869909570,11380,10880,10820,-560,-4.92,10880,-500,-4.39,10820,11370,1400-9-21,2021-12-12
461,اخزا917,اسنادخزانه-م17بودجه99-010226,153,443634,404113519352,910625,910000,911000,375,0.04,910916,291,0.03,909001,912900,1400-9-21,2021-12-12
462,وملل,اعتباري ملل,152,979484,8259163438,8629,8800,8345,-284,-3.29,8581,-48,-0.56,8345,8800,1400-9-21,2021-12-12
463,سكرما,سيمان‌ كرمان‌,152,589937,8196467440,13640,14300,13760,120,0.88,13770,130,0.95,13360,14300,1400-9-21,2021-12-12
464,حفارس,حمل و نقل بين المللي خليج فارس,150,2357636,7819912608,3483,3390,3309,-174,-5,3392,-91,-2.61,3309,3480,1400-9-21,2021-12-12
465,سدور,سيمان‌ دورود,146,1088501,5884980800,5610,5500,5350,-260,-4.63,5530,-80,-1.43,5350,5530,1400-9-21,2021-12-12
466,خاهنح,ح . آهنگري تراكتورسازي‌ ايران‌,146,1463674,4420371754,3292,3084,3010,-282,-8.57,3020,-272,-8.26,2963,3120,1400-9-21,2021-12-12
467,مبين,مبين انرژي خليج فارس,145,868855,21098836130,24730,24410,24730,0,0,24650,-80,-0.32,24000,24940,1400-9-21,2021-12-12
468,ولقمان,سرمايه گذاري لقمان,144,744015,2245866225,3110,3017,3017,-93,-2.99,3089,-21,-0.68,3017,3079,1400-9-21,2021-12-12
469,قاسم,قاسم ايران,144,1272051,4191317477,3420,3352,3300,-120,-3.51,3384,-36,-1.05,3250,3352,1400-9-21,2021-12-12
470,غويتا,ويتانا,144,1505277,8254809701,5768,5535,5480,-288,-4.99,5598,-170,-2.95,5480,5747,1400-9-21,2021-12-12
471,رتكو,كنترل‌خوردگي‌تكين‌كو,144,523350,3711810090,7460,7300,7090,-370,-4.96,7360,-100,-1.34,7090,7300,1400-9-21,2021-12-12
472,لوتوس,تامين سرمايه لوتوس پارسيان,144,4705913,26831735970,5690,5760,5720,30,0.53,5700,10,0.18,5690,5760,1400-9-21,2021-12-12
473,واميد,گروه مديريت سرمايه گذاري اميد,144,1357380,17874989780,13270,13270,13260,-10,-0.08,13250,-20,-0.15,12760,13330,1400-9-21,2021-12-12
474,كمنگنز,معادن‌منگنزايران‌,144,85586,5186025240,61540,60620,60550,-990,-1.61,61210,-330,-0.54,59250,62240,1400-9-21,2021-12-12
475,فولاژ,فولاد آلياژي ايران,143,681063,11010936850,16190,16550,16200,10,0.06,16190,0,0,16000,16550,1400-9-21,2021-12-12
476,ونفت,سرمايه‌گذاري‌ صنعت‌ نفت‌,143,464892,6108121940,13250,12960,13280,30,0.23,13200,-50,-0.38,12960,13290,1400-9-21,2021-12-12
477,كحافظ,كاشي‌ وسراميك‌ حافظ‌,142,1192672,4094176435,3608,3550,3428,-180,-4.99,3558,-50,-1.39,3428,3550,1400-9-21,2021-12-12
478,اخزا006,اسنادخزانه-م6بودجه00-030723,142,562384,293313029480,522108,521001,521553,-555,-0.11,521553,-555,-0.11,519505,522400,1400-9-21,2021-12-12
479,غگرجي,بيسكويت‌  گرجي‌,141,2403627,4739757677,1986,1989,1951,-35,-1.76,1981,-5,-0.25,1950,2000,1400-9-21,2021-12-12
480,كلوند,كاشي‌ الوند,141,329219,6853830260,21280,20870,21000,-280,-1.32,21060,-220,-1.03,20510,21110,1400-9-21,2021-12-12
481,داوه,داروسازي آوه سينا,141,745544,6811563106,9611,9400,9131,-480,-4.99,9381,-230,-2.39,9131,9400,1400-9-21,2021-12-12
482,ساروم,سيمان‌اروميه‌,140,468926,19089164580,41240,41010,40620,-620,-1.5,40710,-530,-1.29,40420,41300,1400-9-21,2021-12-12
483,خچرخش,چرخشگر,140,1429570,11910874990,8760,8350,8330,-430,-4.91,8390,-370,-4.22,8330,8500,1400-9-21,2021-12-12
484,چافست,افست‌,140,453605,3592081300,8200,7810,8230,30,0.37,8130,-70,-0.85,7790,8230,1400-9-21,2021-12-12
485,كاردان,صندوق س تجارت شاخصي كاردان,140,35022,6246232420,181360,179560,178020,-3340,-1.84,178350,-3010,-1.66,177500,180000,1400-9-21,2021-12-12
486,كطبس,ذغال‌سنگ‌ نگين‌ ط‌بس‌,138,99368,4678170660,48260,47510,47400,-860,-1.78,47880,-380,-0.79,46000,48000,1400-9-21,2021-12-12
487,تايرا,تراكتورسازي‌ايران‌,135,333529,7171669090,21870,21080,22280,410,1.87,21770,-100,-0.46,21080,22400,1400-9-21,2021-12-12
488,بفجر,فجر انرژي خليج فارس,135,1097130,12089859700,11250,11430,10880,-370,-3.29,11220,-30,-0.27,10870,11430,1400-9-21,2021-12-12
489,اخزا002,اسنادخزانه-م2بودجه00-031024,133,396061,195054879596,493910,492022,492500,-1410,-0.29,492487,-1423,-0.29,491853,493879,1400-9-21,2021-12-12
490,شنفت,نفت‌ پارس‌,132,1909841,18257834270,10050,9710,9550,-500,-4.98,9910,-140,-1.39,9550,9890,1400-9-21,2021-12-12
491,پارسيان,بيمه پارسيان,132,718456,6073321010,8750,8380,8490,-260,-2.97,8640,-110,-1.26,8340,8880,1400-9-21,2021-12-12
492,وپخش,داروپخش‌ (هلدينگ‌,131,462189,15309481550,34720,34900,33350,-1370,-3.95,34200,-520,-1.5,32990,35000,1400-9-21,2021-12-12
493,داسوه,داروسازي‌ اسوه‌,131,904256,21740674740,25290,24670,24890,-400,-1.58,24040,-1250,-4.94,24030,25800,1400-9-21,2021-12-12
494,ميهن,بيمه ميهن,131,1438890,3007326119,2141,2080,2084,-57,-2.66,2131,-10,-0.47,2061,2185,1400-9-21,2021-12-12
495,تسه9905,امتياز تسهيلات مسكن مرداد99,130,1441,1474110989,976298,987994,1025112,48814,5,1022978,46680,4.78,987994,1025112,1400-9-21,2021-12-12
496,تسه9901,امتياز تسهيلات مسكن فروردين99,130,1594,1635429654,977135,1025991,1025991,48856,5,1025991,48856,5,1025991,1025991,1400-9-21,2021-12-12
497,كترام,توليدي‌ كاشي‌ تكسرام‌,129,408881,7095164350,18210,17800,17300,-910,-5,17780,-430,-2.36,17300,18090,1400-9-21,2021-12-12
498,آساميد,صندوق س.مشترك آسمان اميد -د,126,1534581,20890803280,13605,13613,13614,9,0.07,13613,8,0.06,13612,13614,1400-9-21,2021-12-12
499,توريل,توكاريل,126,651376,5457551739,8815,8410,8375,-440,-4.99,8640,-175,-1.99,8375,8490,1400-9-21,2021-12-12
500,ثاصفا,شركت‌ ساختمان‌ اصفهان‌,126,256934,2142371102,8566,8326,8310,-256,-2.99,8493,-73,-0.85,8310,8550,1400-9-21,2021-12-12
501,غپآذر,شير پگاه آذربايجان شرقي,126,208249,5708456894,28813,27401,27373,-1440,-5,28247,-566,-1.96,27373,28250,1400-9-21,2021-12-12
502,دامين,داروسازي‌ امين‌,125,608387,1387464608,2375,2281,2310,-65,-2.74,2366,-9,-0.38,2257,2328,1400-9-21,2021-12-12
503,دارو,كارخانجات‌داروپخش‌,125,306940,9071547830,30560,29850,29490,-1070,-3.5,30050,-510,-1.67,29040,29850,1400-9-21,2021-12-12
504,ضخود1050,اختيارخ خودرو-1600-1400/10/08,125,4349,1802542000,578,386,401,-177,-30.62,414,-164,-28.37,386,450,1400-9-21,2021-12-12
505,ثشرق,سرمايه گذاري مسكن شمال شرق,124,2079217,7445151120,3764,3700,3585,-179,-4.76,3667,-97,-2.58,3576,3798,1400-9-21,2021-12-12
506,سغرب,سيمان‌غرب‌,124,208685,2931309790,14660,14030,13970,-690,-4.71,14530,-130,-0.89,13950,14400,1400-9-21,2021-12-12
507,درهآور,دارويي ره آورد تامين,123,266897,6111374700,23402,23872,22700,-702,-3,23196,-206,-0.88,22511,23872,1400-9-21,2021-12-12
508,كوثر,بيمه كوثر,122,1198591,4640112865,3958,3850,3815,-143,-3.61,3943,-15,-0.38,3765,3909,1400-9-21,2021-12-12
509,زماهان,مجتمع توليد گوشت مرغ ماهان,122,299528,1861251983,6360,6170,6310,-50,-0.79,6341,-19,-0.3,6109,6340,1400-9-21,2021-12-12
510,ومعلم,بيمه معلم,122,1369987,2733269642,2096,2023,1992,-104,-4.96,2077,-19,-0.91,1992,2023,1400-9-21,2021-12-12
511,خموتور,موتورسازان‌تراكتورسازي‌ايران‌,122,956328,5087428000,5580,5360,5310,-270,-4.84,5480,-100,-1.79,5310,5380,1400-9-21,2021-12-12
512,ضسپا1112,اختيارخ خساپا-1600-1400/11/20,119,5079,929835000,429,280,160,-269,-62.7,183,-246,-57.34,160,280,1400-9-21,2021-12-12
513,وزمين,بانك ايران زمين,118,2128005,18798056109,9199,8840,8832,-367,-3.99,8834,-365,-3.97,8832,8890,1400-9-21,2021-12-12
514,آبين,كشت و صنعت آبشيرين,117,1027951,1783930306,1772,1723,1726,-46,-2.6,1766,-6,-0.34,1719,1797,1400-9-21,2021-12-12
515,ساربيل,سيمان آرتا اردبيل,117,222490,4686315440,22030,21000,21000,-1030,-4.68,21710,-320,-1.45,20940,21950,1400-9-21,2021-12-12
516,ويسا,سرمايه گذاري ايساتيس پويا,116,470958,3760966901,7956,7952,7984,28,0.35,7967,11,0.14,7952,8100,1400-9-21,2021-12-12
517,بكاب,صنايع‌جوشكاب‌يزد,115,110297,8514928400,73530,77200,77200,3670,4.99,75430,1900,2.58,77200,77200,1400-9-21,2021-12-12
518,دسبحا,گروه دارويي سبحان,115,346993,6543189620,18800,18220,18950,150,0.8,18820,20,0.11,18220,19000,1400-9-21,2021-12-12
519,سدشت,صنايع سيمان دشتستان,115,70376,1916435950,28060,28500,27000,-1060,-3.78,27950,-110,-0.39,26660,29300,1400-9-21,2021-12-12
520,پسهند,صنايع‌ لاستيكي‌  سهند,115,184653,5171666280,29030,28100,28000,-1030,-3.55,28660,-370,-1.27,27840,28800,1400-9-21,2021-12-12
521,دسبحان,سبحان دارو,114,233876,3311788150,14480,13960,14750,270,1.86,14410,-70,-0.48,13950,14750,1400-9-21,2021-12-12
522,وسين,بيمه سينا,114,1728708,6483118565,3802,3802,3688,-114,-3,3768,-34,-0.89,3688,3880,1400-9-21,2021-12-12
523,وكادو,تكادو,113,413418,5729068995,14125,14200,13815,-310,-2.19,13968,-157,-1.11,13705,14200,1400-9-21,2021-12-12
524,فپنتا,سپنتا,113,38665,17088865120,444850,451890,436680,-8170,-1.84,441970,-2880,-0.65,435980,451890,1400-9-21,2021-12-12
525,وايرا,سرمايه گذاري صنايع ايران,113,1529102,6371146447,4380,4162,4172,-208,-4.75,4234,-146,-3.33,4161,4201,1400-9-21,2021-12-12
526,پلوله,گازلوله‌,112,430248,10543840936,25246,24489,24489,-757,-3,24506,-740,-2.93,24489,25000,1400-9-21,2021-12-12
527,سيستم,همكاران سيستم,112,1450909,6961815510,5000,4840,4790,-210,-4.2,4930,-70,-1.4,4760,4840,1400-9-21,2021-12-12
528,وحكمت,بيمه حكمت صبا,111,1948594,7251777862,3638,3640,3567,-71,-1.95,3697,59,1.62,3567,3747,1400-9-21,2021-12-12
529,كقزوي,شيشه‌ قزوين‌,110,907936,7134613870,7993,7930,8100,107,1.34,7893,-100,-1.25,7772,8100,1400-9-21,2021-12-12
530,بسويچ,پارس‌سويچ‌,108,294529,3980084430,14210,13570,13500,-710,-5,14010,-200,-1.41,13500,14280,1400-9-21,2021-12-12
531,كي بي سي,شركت كي بي سي,107,133667,2238933885,17424,16600,16900,-524,-3.01,17319,-105,-0.6,16560,17500,1400-9-21,2021-12-12
532,معيار ,سرمايه گذاري معيار صنعت پارس,106,91209,3744720939,40840,40506,41169,329,0.81,40921,81,0.2,40506,41640,1400-9-21,2021-12-12
533,حسينا,توسعه خدمات دريايي وبندري سينا,106,386165,15151528216,40876,40876,39010,-1866,-4.57,39236,-1640,-4.01,38833,40876,1400-9-21,2021-12-12
534,سيدكو,سرمايه گذاري توسعه صنايع سيمان,106,1008185,5641220170,5820,5900,5700,-120,-2.06,5730,-90,-1.55,5530,5900,1400-9-21,2021-12-12
535,واعتبار,سرمايه گذاري اعتبار ايران,105,1331810,8619482260,6790,6720,6460,-330,-4.86,6600,-190,-2.8,6460,6720,1400-9-21,2021-12-12
536,سمازن,سيمان‌مازندران‌,104,542074,7263129030,13580,13450,13400,-180,-1.33,13490,-90,-0.66,13230,13600,1400-9-21,2021-12-12
537,اخزا005,اسنادخزانه-م5بودجه00-030626,103,453797,240573743407,529900,524111,531500,1600,0.3,530135,235,0.04,524111,531900,1400-9-21,2021-12-12
538,ماني,صندوق س. با درآمد ثابت ماني,102,2186746,23211240022,10608,10615,10614,6,0.06,10615,7,0.07,10614,10615,1400-9-21,2021-12-12
539,فوكا,فولاد كاويان,101,402913,5709512401,14601,14180,14163,-438,-3,14528,-73,-0.5,14163,14363,1400-9-21,2021-12-12
540,دپارس,پارس‌ دارو,101,62852,1749451880,28550,28370,28310,-240,-0.84,28460,-90,-0.32,27340,28410,1400-9-21,2021-12-12
541,ساينا,صنايع بهداشتي ساينا,100,29236,2264970906,80243,77140,77200,-3043,-3.79,79806,-437,-0.54,76232,81780,1400-9-21,2021-12-12
542,ثاژن,سخت آژند,100,1665872,7669933960,4696,4603,4603,-93,-1.98,4604,-92,-1.96,4603,4696,1400-9-21,2021-12-12
543,قمرو,قند مرودشت‌,100,400519,8309069300,21790,20920,20710,-1080,-4.96,21180,-610,-2.8,20710,21100,1400-9-21,2021-12-12
544,سخوز,سيمان خوزستان,99,397225,9200084040,23700,23220,23010,-690,-2.91,23360,-340,-1.43,23000,23570,1400-9-21,2021-12-12
545,ثباغ,شهر سازي و خانه سازي باغميشه,98,304816,2365643444,8159,7780,7811,-348,-4.27,8092,-67,-0.82,7752,7811,1400-9-21,2021-12-12
546,نمرينو,ايران‌ مرينوس‌,96,40612,3043564710,74980,71310,74200,-780,-1.04,74970,-10,-0.01,71310,75580,1400-9-21,2021-12-12
547,قهكمت,قندهكمتان‌,96,734379,3109961968,4432,4256,4300,-132,-2.98,4389,-43,-0.97,4211,4489,1400-9-21,2021-12-12
548,اعتلا,شركت سرمايه گذاري اعتلاء البرز,95,839089,2917087132,3596,3550,3445,-151,-4.2,3572,-24,-0.67,3422,3560,1400-9-21,2021-12-12
549,اعتلاح,ح سرمايه گذاري اعتلاء البرز,94,714665,1077675913,1549,1597,1501,-48,-3.1,1508,-41,-2.65,1476,1597,1400-9-21,2021-12-12
550,اخزا004,اسنادخزانه-م4بودجه00-030522,94,292549,158263647831,542781,541582,538200,-4581,-0.84,540982,-1799,-0.33,535990,543084,1400-9-21,2021-12-12
551,خپويش,سازه‌ پويش‌,91,30228,2234907360,74590,76800,72300,-2290,-3.07,74490,-100,-0.13,71450,76800,1400-9-21,2021-12-12
552,شپاس,نفت پاسارگاد,91,152972,2316009249,15669,15890,15100,-569,-3.63,15585,-84,-0.54,15001,15949,1400-9-21,2021-12-12
553,شگل,گلتاش‌,91,193282,1243358320,6570,6550,6490,-80,-1.22,6560,-10,-0.15,6370,6550,1400-9-21,2021-12-12
554,وآرين,شركت توسعه اقتصادي آرين,91,754563,1347017162,1838,1784,1783,-55,-2.99,1831,-7,-0.38,1783,1876,1400-9-21,2021-12-12
555,فنفت,صنايع تجهيزات نفت,90,499255,7672550840,15843,15368,15368,-475,-3,15456,-387,-2.44,15368,15368,1400-9-21,2021-12-12
556,تسه9812,امتياز تسهيلات مسكن اسفند98,89,908,926568247,976194,979551,1025003,48809,5,1020450,44256,4.53,979551,1025003,1400-9-21,2021-12-12
557,ريشمك,توليد و صادرات ريشمك,88,285428,8839062923,32524,33399,30898,-1626,-5,31573,-951,-2.92,30898,33399,1400-9-21,2021-12-12
558,واتي,سرمايه‌ گذاري‌ آتيه‌ دماوند,87,246600,2277802840,9440,9130,9130,-310,-3.28,9410,-30,-0.32,9130,9590,1400-9-21,2021-12-12
559,شكبير,پتروشيمي اميركبير,87,275913,25706683048,95953,95700,93075,-2878,-3,95216,-737,-0.77,93075,95700,1400-9-21,2021-12-12
560,سرود,سيمان‌شاهرود,86,300637,5566227020,18560,18670,18880,320,1.72,18540,-20,-0.11,18060,18920,1400-9-21,2021-12-12
561,ثغرب,شركت سرمايه گذاري مسكن شمالغرب,85,591024,2171664166,3863,3711,3670,-193,-5,3834,-29,-0.75,3670,3750,1400-9-21,2021-12-12
562,خديزل,بهمن  ديزل,85,48711,2463886814,52788,50200,51200,-1588,-3.01,52519,-269,-0.51,50200,51800,1400-9-21,2021-12-12
563,بساما,بيمه سامان,83,246933,5152158682,21252,21252,20342,-910,-4.28,21136,-116,-0.55,20342,21600,1400-9-21,2021-12-12
564,غصينو,صنعتي مينو,83,123523,2610164513,22243,21131,21131,-1112,-5,22209,-34,-0.15,21131,21131,1400-9-21,2021-12-12
565,سخزر,سيمان‌ خزر,82,229232,3963847340,17510,17510,16730,-780,-4.45,17450,-60,-0.34,16700,17690,1400-9-21,2021-12-12
566,گوهران,سرمايه گذاري توسعه گوهران اميد,82,812256,3992286220,4984,4860,4840,-144,-2.89,4965,-19,-0.38,4840,4984,1400-9-21,2021-12-12
567,وبازار,صندوق س شاخصي بازارآشنا,81,794261,8966555560,11690,11610,11290,-400,-3.42,11290,-400,-3.42,11200,11610,1400-9-21,2021-12-12
568,كهربا,صندوق س.پشتوانه سكه طلا كهربا,81,5755722,64675150410,11281,11287,11000,-281,-2.49,11237,-44,-0.39,11000,11297,1400-9-21,2021-12-12
569,خاتم,صندوق س خاتم ايساتيس پويا-ثابت,80,1944089,24223604622,12453,12460,12461,8,0.06,12460,7,0.06,12459,12464,1400-9-21,2021-12-12
570,تسه9811,امتياز تسهيلات مسكن بهمن98,80,1008,1028216646,973646,991010,1022328,48682,5,1020056,46410,4.77,991010,1022328,1400-9-21,2021-12-12
571,فيروزه,صندوق شاخص30 شركت فيروزه- سهام,80,15678,2582237140,166920,165320,164490,-2430,-1.46,164700,-2220,-1.33,164230,165320,1400-9-21,2021-12-12
572,سقاين,سيمان‌ قائن‌,79,107670,4545371920,42750,42270,42390,-360,-0.84,42580,-170,-0.4,41100,42870,1400-9-21,2021-12-12
573,ارمغان,ص سرمايه گذاري ارمغان ايرانيان,78,1646860,16508183559,10019,10030,10026,7,0.07,10024,5,0.05,10023,10032,1400-9-21,2021-12-12
574,وملت,سرمايه گذاري ملت,76,858569,1979051580,2351,2307,2304,-47,-2,2332,-19,-0.81,2304,2316,1400-9-21,2021-12-12
575,سجام,مجتمع سيمان غرب آسيا,76,1131315,2445250777,2217,2235,2171,-46,-2.07,2203,-14,-0.63,2151,2249,1400-9-21,2021-12-12
576,كاسپين,داروسازي كاسپين تامين,75,159914,3675059782,23173,23000,22800,-373,-1.61,23126,-47,-0.2,22610,23199,1400-9-21,2021-12-12
577,ولراز,ليزينگ رازي,74,128520,2499397899,20000,19400,19400,-600,-3,19767,-233,-1.17,19400,20010,1400-9-21,2021-12-12
578,دشيري,شيرين دارو,74,23868,2773946896,122283,116169,116169,-6114,-5,120513,-1770,-1.45,116169,119999,1400-9-21,2021-12-12
579,غشوكو,شوكو پارس,74,369114,2918961522,8152,7909,7908,-244,-2.99,8078,-74,-0.91,7908,7909,1400-9-21,2021-12-12
580,دابور,داروسازي‌ ابوريحان‌,73,260208,5765517220,22880,22110,22110,-770,-3.37,22590,-290,-1.27,21770,22570,1400-9-21,2021-12-12
581,خكمك,كمك‌فنرايندامين‌,72,749169,17018145450,23900,22720,22710,-1190,-4.98,22720,-1180,-4.94,22710,23870,1400-9-21,2021-12-12
582,جوين,كشت و صنعت جوين,71,817532,1927918912,2430,2358,2358,-72,-2.96,2415,-15,-0.62,2358,2361,1400-9-21,2021-12-12
583,سشمال,سيمان‌ شمال‌,71,387619,2907515680,7680,7560,7400,-280,-3.65,7640,-40,-0.52,7350,7600,1400-9-21,2021-12-12
584,ولتجار,واسپاري تجارت وسرمايه ايرانيان,71,1635228,4360840097,2747,2740,2665,-82,-2.99,2710,-37,-1.35,2665,2747,1400-9-21,2021-12-12
585,سفانو,سيمان فارس نو,70,147891,3553127610,24250,24020,24000,-250,-1.03,24200,-50,-0.21,23450,24290,1400-9-21,2021-12-12
586,زمگسا,كشاورزي‌ ودامپروي‌ مگسال‌,69,72843,1212604210,17030,17000,16470,-560,-3.29,17000,-30,-0.18,16250,17000,1400-9-21,2021-12-12
587,هجرت,پخش هجرت,69,166080,4405335899,27319,27805,26311,-1008,-3.69,27078,-241,-0.88,26110,27805,1400-9-21,2021-12-12
588,اخزا910,اسنادخزانه-م10بودجه99-020807,69,53464,35284455016,663496,663496,650000,-13496,-2.03,659967,-3529,-0.53,644530,663496,1400-9-21,2021-12-12
589,دفارا,داروسازي‌ فارابي‌,69,164485,2121802170,13370,13130,12790,-580,-4.34,13300,-70,-0.52,12730,13130,1400-9-21,2021-12-12
590,قلرست,قند لرستان‌,68,130950,1938525090,15570,14930,14800,-770,-4.95,15460,-110,-0.71,14800,15000,1400-9-21,2021-12-12
591,خپارس,پارس‌ خودرو,68,7934645,8252030800,1124,1040,1040,-84,-7.47,1109,-15,-1.33,1040,1040,1400-9-21,2021-12-12
592,اخزا001,اسنادخزانه-م1بودجه00-030821,68,517324,265490591031,513473,513499,512800,-673,-0.13,513200,-273,-0.05,510000,513900,1400-9-21,2021-12-12
593,سجامح,ح.مجتمع سيمان غرب آسيا,68,468295,367757221,806,795,782,-24,-2.98,785,-21,-2.61,782,809,1400-9-21,2021-12-12
594,دالبر,البرزدارو,67,200583,2336505430,11720,11650,11600,-120,-1.02,11710,-10,-0.09,11550,11920,1400-9-21,2021-12-12
595,فاما,صنعتي‌ آما,66,171529,3132712340,19020,18080,18320,-700,-3.68,18850,-170,-0.89,18070,18510,1400-9-21,2021-12-12
596,وثنو,سرمايه گذاري ساختماني نوين,65,1208011,5227964662,4459,4350,4326,-133,-2.98,4390,-69,-1.55,4326,4351,1400-9-21,2021-12-12
597,ضخود1054,اختيارخ خودرو-3000-1400/10/08,65,2647,12537000,8,1,5,-3,-37.5,5,-3,-37.5,1,6,1400-9-21,2021-12-12
598,زعف0110پ11,زعفران0110نگين سحرخيز(پ),63,48194,16464165933,358679,340000,360927,2248,0.63,341623,-17056,-4.76,339899,360927,1400-9-21,2021-12-12
599,نتوس,پشم‌ بافي‌ توس,62,152345,1609098310,10870,10570,10544,-326,-3,10819,-51,-0.47,10544,10740,1400-9-21,2021-12-12
600,دحاوي,الحاوي,62,584259,2567992593,4527,4405,4480,-47,-1.04,4492,-35,-0.77,4392,4500,1400-9-21,2021-12-12
601,نيرو,نيرو سرمايه,61,114401,3674192041,33048,33950,32057,-991,-3,32692,-356,-1.08,32057,33950,1400-9-21,2021-12-12
602,اخزا008,اسنادخزانه-م8بودجه00-030919,61,131209,66076479005,504612,501500,504000,-612,-0.12,503597,-1015,-0.2,501500,505860,1400-9-21,2021-12-12
603,اخزا003,اسنادخزانه-م3بودجه00-030418,61,159187,88185202530,555283,550113,554000,-1283,-0.23,553972,-1311,-0.24,542451,556000,1400-9-21,2021-12-12
604,اوج,صندوق س.اوج دماوند-س,60,81320,823430644,10141,10126,10126,-15,-0.15,10126,-15,-0.15,10123,10128,1400-9-21,2021-12-12
605,كامياب2,صندوق س. كامياب آشنا-د,60,6000000,6000000,11040,1,1,-11039,-99.99,1,-11039,-99.99,1,1,1400-9-21,2021-12-12
606,شفارا,پتروشيمي فارابي,60,2044633,13678938539,6889,6810,6683,-206,-2.99,6690,-199,-2.89,6683,6810,1400-9-21,2021-12-12
607,وبهمن,سرمايه‌گذاري‌بهمن‌,60,125196,1768629430,14780,14110,14130,-650,-4.4,14710,-70,-0.47,14050,14460,1400-9-21,2021-12-12
608,دسينا,داروسازي‌ سينا,60,371830,7480616230,20410,20400,20150,-260,-1.27,20260,-150,-0.73,19460,20400,1400-9-21,2021-12-12
609,زعف0110پ18,زعفران0110نگين بهرامن(پ),58,24398,8421037797,356371,339899,359974,3603,1.01,345153,-11218,-3.15,339899,367997,1400-9-21,2021-12-12
610,زگلدشت,كشت و دام گلدشت نمونه اصفهان,57,190026,1604406730,8712,8600,8510,-202,-2.32,8682,-30,-0.34,8277,8673,1400-9-21,2021-12-12
611,زعف0008پ05,زعفران0008نگين زرين(پ),57,85689,21232760374,256226,246089,254620,-1606,-0.63,247789,-8437,-3.29,246089,254620,1400-9-21,2021-12-12
612,زر,صندوق س.پشتوانه سكه طلاي زر,56,24474,1358326759,56900,56200,55492,-1408,-2.47,55501,-1399,-2.46,54714,56215,1400-9-21,2021-12-12
613,سپاس,صندوق س. پاداش سهامداري-ثابت,55,750598,7531391010,10027,10032,10035,8,0.08,10034,7,0.07,10032,10036,1400-9-21,2021-12-12
614,لازما,كارخانه هاي صنعتي آزمايش,55,77461,2099272841,27932,27929,27095,-837,-3,27747,-185,-0.66,27095,27929,1400-9-21,2021-12-12
615,پلاست,كارخانجات توليدي پلاستيران,54,223615,1672305123,7871,7478,7478,-393,-4.99,7801,-70,-0.89,7478,7481,1400-9-21,2021-12-12
616,داريوش,صندوق س. ثروت داريوش -س,54,216683,2054597292,9629,9558,9420,-209,-2.17,9482,-147,-1.53,9420,9559,1400-9-21,2021-12-12
617,ثمين,صندوق س. ثروت افزون ثمين-س,53,150446,1527817397,10409,10364,10290,-119,-1.14,10155,-254,-2.44,10033,10364,1400-9-21,2021-12-12
618,كشرق,صنعتي و معدني شمال شرق شاهرود,53,21881,1450012131,68752,67280,66201,-2551,-3.71,68503,-249,-0.36,65315,68000,1400-9-21,2021-12-12
619,اخزا815,اسنادخزانه-م15بودجه98-010406,52,120196,106933961398,889229,889501,887690,-1539,-0.17,889663,434,0.05,887690,890000,1400-9-21,2021-12-12
620,حآفرين,ريل پرداز نو آفرين,52,2487314,12926649456,5470,5210,5197,-273,-4.99,5241,-229,-4.19,5197,5210,1400-9-21,2021-12-12
621,شاملا,معدني‌ املاح‌  ايران‌,51,338000,3728140000,10510,11030,11030,520,4.95,10630,120,1.14,11030,11030,1400-9-21,2021-12-12
622,ثامان,سامان‌ گستراصفهان‌,50,147476,1290541030,9110,8900,8660,-450,-4.94,9080,-30,-0.33,8660,9250,1400-9-21,2021-12-12
623,اخزا817,اسنادخزانه-م17بودجه98-010512,49,168640,146839525958,870004,870004,868007,-1997,-0.23,870728,724,0.08,868007,871950,1400-9-21,2021-12-12
624,اخزا007,اسنادخزانه-م7بودجه00-030912,49,145964,73859227309,507297,506000,504121,-3176,-0.63,506010,-1287,-0.25,504000,507979,1400-9-21,2021-12-12
625,ثروتم,صندوق س. ثروت آفرين پارسيان-س,49,42160,3406736700,79185,80374,80000,815,1.03,80805,1620,2.05,79220,82200,1400-9-21,2021-12-12
626,تكنار,مجتمع معادن مس تكنار,48,18843,973228820,53062,51475,52400,-662,-1.25,52920,-142,-0.27,51471,52497,1400-9-21,2021-12-12
627,غشاذر,پگاه‌آذربايجان‌غربي‌,48,313919,1576400400,5270,5080,5010,-260,-4.93,5240,-30,-0.57,5010,5080,1400-9-21,2021-12-12
628,ساراب,سيمان‌ داراب‌,48,614572,8864037630,14710,14250,14270,-440,-2.99,14540,-170,-1.16,14240,14700,1400-9-21,2021-12-12
629,حسير,ريل سير كوثر,47,476519,11344011314,25058,23806,23806,-1252,-5,24009,-1049,-4.19,23806,23806,1400-9-21,2021-12-12
630,حخزر,كشتيراني درياي خزر,47,130773,1769643855,14237,13580,13526,-711,-4.99,14148,-89,-0.63,13526,14087,1400-9-21,2021-12-12
631,فكمند,گسترش قطعه سازي كمند,47,107634,3951867846,37850,36716,36715,-1135,-3,37387,-463,-1.22,36715,36724,1400-9-21,2021-12-12
632,وبرق,س.کارکنان صنعت برق زنجان وقزوي,46,119893,13699693538,117799,114266,114266,-3533,-3,114788,-3011,-2.56,114266,114266,1400-9-21,2021-12-12
633,وامين,س. امين توان آفرين ساز,46,120500,1492735900,12604,12478,12400,-204,-1.62,12597,-7,-0.06,12300,12500,1400-9-21,2021-12-12
634,شتوكا,توكا رنگ فولاد سپاهان,46,82995,1213054920,13920,14616,14616,696,5,13973,53,0.38,14616,14616,1400-9-21,2021-12-12
635,قشرين,قند شيرين خراسان,45,285754,1908550966,6885,6679,6679,-206,-2.99,6843,-42,-0.61,6679,6679,1400-9-21,2021-12-12
636,اخزا902,اسنادخزانه-م2بودجه99-011019,44,212874,168370862810,791934,791934,790500,-1434,-0.18,790941,-993,-0.13,789502,791934,1400-9-21,2021-12-12
637,اخزا901,اسنادخزانه-م1بودجه99-010621,44,87337,74360990644,850433,851501,849001,-1432,-0.17,851426,993,0.12,849001,855490,1400-9-21,2021-12-12
638,اخزا914,اسنادخزانه-م14بودجه99-021025,44,45082,28256071008,628291,629001,626000,-2291,-0.36,626771,-1520,-0.24,626000,629900,1400-9-21,2021-12-12
639,سهرمز,سيمان‌هرمزگان‌,44,43984,621044180,14590,14180,14050,-540,-3.7,14570,-20,-0.14,14010,14400,1400-9-21,2021-12-12
640,دكيمي,كيميدارو,44,51924,929079970,18530,18000,17690,-840,-4.53,18490,-40,-0.22,17620,18050,1400-9-21,2021-12-12
641,اخزا009,اسناد خزانه-م9بودجه00-031101,44,6664,3310614707,496769,500001,493999,-2770,-0.56,496791,22,0,493999,500001,1400-9-21,2021-12-12
642,ولانا,شركت ليزينگ آريا دانا,43,103628,1118585934,11125,10800,10792,-333,-2.99,11056,-69,-0.62,10792,10804,1400-9-21,2021-12-12
643,صايند,صندوق س. گنجينه آينده روشن-د,43,462880,4637057990,10017,10028,10016,-1,-0.01,10018,1,0.01,10000,10029,1400-9-21,2021-12-12
644,غناب,روغن‌ نباتي‌ ناب,43,12474,1566971406,121961,125619,125619,3658,3,122501,540,0.44,125619,125619,1400-9-21,2021-12-12
645,شزنگ,تجهيزنيروي‌زنگان‌,42,33266,4854607178,150446,145933,145933,-4513,-3,148201,-2245,-1.49,145933,145933,1400-9-21,2021-12-12
646,ورازي,بيمه رازي,42,1642662,2546126100,1597,1550,1550,-47,-2.94,1587,-10,-0.63,1550,1550,1400-9-21,2021-12-12
647,ثاباد,توريستي ورفاهي آبادگران ايران,41,81861,3457808640,44460,42240,42240,-2220,-4.99,43910,-550,-1.24,42240,42240,1400-9-21,2021-12-12
648,بميلا,توسعه بازرگاني آهن وفولادميلاد,41,153589,1128725561,7576,7349,7349,-227,-3,7550,-26,-0.34,7349,7349,1400-9-21,2021-12-12
649,اخزا909,اسنادخزانه-م9بودجه99-020316,39,238606,172673344965,724177,724000,722000,-2177,-0.3,723676,-501,-0.07,721224,726500,1400-9-21,2021-12-12
650,سهگمت,سيمان‌هگمتان‌,39,60535,1201199950,20770,19830,19800,-970,-4.67,20690,-80,-0.39,19740,20200,1400-9-21,2021-12-12
651,قشهد,شهد,39,48085,634134020,13840,13370,13580,-260,-1.88,13810,-30,-0.22,13150,13600,1400-9-21,2021-12-12
652,آساس,صندوق س.آسمان آرماني سهام-س,39,16217,2648371449,165951,165002,163500,-2451,-1.48,163308,-2643,-1.59,162600,166800,1400-9-21,2021-12-12
653,سمتاز,سيمان ممتازان كرمان,38,339196,4632499809,14066,14010,13645,-421,-2.99,13871,-195,-1.39,13645,14010,1400-9-21,2021-12-12
654,حتايد,تايدواترخاورميانه,38,543708,2473689320,4471,4692,4302,-169,-3.78,4484,13,0.29,4252,4692,1400-9-21,2021-12-12
655,ضفلا1163,اختيارخ فولاد-10000-1400/11/24,35,379,453352000,1406,1199,1199,-207,-14.72,1196,-210,-14.94,1170,1200,1400-9-21,2021-12-12
656,فاهواز,نورد و لوله اهواز,35,700124,4009610148,5965,5727,5727,-238,-3.99,5891,-74,-1.24,5727,5727,1400-9-21,2021-12-12
657,هفارس104,اختيارف ت فارس-11832-01/04/12,34,950955,344245710,376,362,362,-14,-3.72,362,-14,-3.72,362,362,1400-9-21,2021-12-12
658,اخزا918,اسنادخزانه-م18بودجه99-010323,34,39590,35480815675,895005,895000,897400,2395,0.27,896206,1201,0.13,894000,897400,1400-9-21,2021-12-12
659,سكارون,سيمان كارون,34,54170,2286033170,43506,42201,42201,-1305,-3,43195,-311,-0.71,42201,42202,1400-9-21,2021-12-12
660,اوصتا,صندوق انديشه ورزان صباتامين -د,34,243612,5068964834,20787,20807,20808,21,0.1,20808,21,0.1,20807,20808,1400-9-21,2021-12-12
661,اخزا811,اسنادخزانه-م11بودجه98-001013,32,103062,101570060843,985057,985500,985500,443,0.04,985524,467,0.05,985037,987100,1400-9-21,2021-12-12
662,دفرا,فرآورده‌هاي‌ تزريقي‌ ايران‌,32,31326,818307660,26840,26100,26620,-220,-0.82,26800,-40,-0.15,25910,27000,1400-9-21,2021-12-12
663,ولملت,واسپاري ملت,32,2075329,7635135391,3872,3679,3679,-193,-4.98,3768,-104,-2.69,3679,3679,1400-9-21,2021-12-12
664,عيار,صندوق سكه طلاي مفيد,32,48934,1616169744,33163,33065,32800,-363,-1.09,33028,-135,-0.41,32800,33526,1400-9-21,2021-12-12
665,زرين,صندوق س. سهام زرين كوروش-س,31,86874,1083221380,12619,12570,12378,-241,-1.91,12469,-150,-1.19,12330,12570,1400-9-21,2021-12-12
666,فلات,گروه صنايع معادن فلات ايرانيان,30,52840,538326170,10478,10250,10165,-313,-2.99,10462,-16,-0.15,10165,10399,1400-9-21,2021-12-12
667,كصدف,كاشي صدف سرام استقلال آباده,30,63876,1236291665,19835,19242,19798,-37,-0.19,19774,-61,-0.31,19240,19798,1400-9-21,2021-12-12
668,اخزا816,اسنادخزانه-م16بودجه98-010503,29,144731,126747527657,875011,874501,875000,-11,0,875746,735,0.08,874501,876200,1400-9-21,2021-12-12
669,اراد50,مرابحه عام دولت5-ش.خ0302,28,640100,640100000000,1000000,1000000,1000000,0,0,1000000,0,0,1000000,1000000,1400-9-21,2021-12-12
670,زعف0008پ10,زعفران0008نگين طلاي سرخ(پ),28,24853,6116133561,255393,246100,246089,-9304,-3.64,246092,-9301,-3.64,246089,249880,1400-9-21,2021-12-12
671,كارا,صندوق س. كارا -د,28,523344,5419706866,10350,10355,10355,5,0.05,10356,6,0.06,10355,10356,1400-9-21,2021-12-12
672,ثبات,صندوق س. ثبات ويستا -د,27,308169,3252409969,10547,10554,10554,7,0.07,10554,7,0.07,10553,10554,1400-9-21,2021-12-12
673,ضفلا1164,اختيارخ فولاد-12000-1400/11/24,27,434,188050000,509,400,400,-109,-21.41,433,-76,-14.93,400,499,1400-9-21,2021-12-12
674,ضسپا1113,اختيارخ خساپا-1800-1400/11/20,27,1333,171006000,171,150,120,-51,-29.82,128,-43,-25.15,110,150,1400-9-21,2021-12-12
675,دارا,صندوق س. دارا الگوريتم-د,26,225185,2259924976,10024,10045,10031,7,0.07,10036,12,0.12,10030,10045,1400-9-21,2021-12-12
676,اخزا903,اسنادخزانه-م3بودجه99-011110,26,127253,99463607684,782591,781510,780530,-2061,-0.26,781621,-970,-0.12,780530,782648,1400-9-21,2021-12-12
677,قپيرا,فرآورده‌هاي‌غدايي‌وقندپيرانشهر,26,97000,733535670,7640,7470,7600,-40,-0.52,7640,0,0,7470,7650,1400-9-21,2021-12-12
678,افق ملت,صندوق س در سهام افق ملت,25,14920,2033125400,138710,137400,135530,-3180,-2.29,136270,-2440,-1.76,135500,137400,1400-9-21,2021-12-12
679,گوهر2,صندوق سكه طلاي كيان,25,250000,250000,66285,1,1,-66284,-100,1,-66284,-100,1,1,1400-9-21,2021-12-12
680,زعف0110پ10,زعفران0110نگين طلاي سرخ(پ),24,19079,6491122381,356283,339899,365000,8717,2.45,340223,-16060,-4.51,339899,365000,1400-9-21,2021-12-12
681,حشكوه,دليجان طلايي شكوه پارس,24,788822,2840259500,3703,3620,3592,-111,-3,3672,-31,-0.84,3592,3620,1400-9-21,2021-12-12
682,زعف0110پ20,زعفران0110نگين وحدت جام(پ),23,14085,4787618815,355077,339899,349999,-5078,-1.43,339909,-15168,-4.27,339899,349999,1400-9-21,2021-12-12
683,وآفري,بيمه كارآفرين,23,431562,1553608140,3519,3416,3610,91,2.59,3528,9,0.26,3416,3610,1400-9-21,2021-12-12
684,فيروزا,صندوق بادرآمد ثابت فيروزه آسيا,22,85665,2209317664,25770,25790,25790,20,0.08,25790,20,0.08,25790,25800,1400-9-21,2021-12-12
685,زعف0110پ21,زعفران0110نگين ملل(پ),21,5859,1996717527,355795,339899,357000,1205,0.34,340795,-15000,-4.22,339899,357000,1400-9-21,2021-12-12
686,اخزا908,اسنادخزانه-م8بودجه99-020606,21,124564,85706605325,690680,689000,688000,-2680,-0.39,688053,-2627,-0.38,688000,689005,1400-9-21,2021-12-12
687,ضبدر1163,اختيارخ شبندر-6000-1400/11/13,21,477,352272000,939,840,700,-239,-25.45,739,-200,-21.3,699,840,1400-9-21,2021-12-12
688,سكه0012پ04,تمام سكه طرح جديد0012صادرات,21,9300,12073917000,1315593,1320000,1291511,-24082,-1.83,1298271,-17322,-1.32,1291511,1320000,1400-9-21,2021-12-12
689,زعف0008پ20,زعفران0008نگين وحدت جام(پ),21,21204,5218278041,254657,246089,246089,-8568,-3.36,246099,-8558,-3.36,246089,252000,1400-9-21,2021-12-12
690,زعف0110پ16,زعفران0110نگين بيرجند(پ),21,3472,1186156334,355055,339899,359000,3945,1.11,341635,-13420,-3.78,339899,359000,1400-9-21,2021-12-12
691,ضجار1020,اختيارخ وتجارت-1600-1400/10/15,21,117,26277000,319,280,199,-120,-37.62,225,-94,-29.47,199,280,1400-9-21,2021-12-12
692,دقاضي,داروسازي شهيد قاضي,20,21608,562568230,26670,27450,25883,-787,-2.95,26633,-37,-0.14,25870,27450,1400-9-21,2021-12-12
693,اخزا911,اسنادخزانه-م11بودجه99-020906,20,23388,15210472902,650736,652398,647111,-3625,-0.56,650354,-382,-0.06,647111,652400,1400-9-21,2021-12-12
694,ضسپا1111,اختيارخ خساپا-1400-1400/11/20,19,512,154529000,538,380,310,-228,-42.38,302,-236,-43.87,274,380,1400-9-21,2021-12-12
695,ضفلا1165,اختيارخ فولاد-14000-1400/11/24,19,120,26023000,250,175,200,-50,-20,217,-33,-13.2,175,239,1400-9-21,2021-12-12
696,فراز,صندوق س.سهام فراز داريك-س,19,84852,1205748340,14209,14210,14210,1,0.01,14210,1,0.01,14210,14212,1400-9-21,2021-12-12
697,وتعاون,بيمه  تعاون,18,194516,317255596,1681,1631,1631,-50,-2.97,1679,-2,-0.12,1631,1631,1400-9-21,2021-12-12
698,ضصاد1114,اختيارخ وبصادر-2500-1400/11/06,18,757,24451000,37,29,31,-6,-16.22,32,-5,-13.51,29,34,1400-9-21,2021-12-12
699,اخزا814,اسنادخزانه-م14بودجه98-010318,18,60248,54128422504,899684,900200,898000,-1684,-0.19,898427,-1257,-0.14,898000,901300,1400-9-21,2021-12-12
700,صنوين,صندوق سرمايه‌گذاري صنوين-مختلط,17,4452,398635480,89520,90130,89820,300,0.34,89540,20,0.02,88170,90130,1400-9-21,2021-12-12
701,قيستو,شركت قند بيستون,17,163317,3721014528,23488,22784,22784,-704,-3,23214,-274,-1.17,22784,22784,1400-9-21,2021-12-12
702,اخزا812,اسنادخزانه-م12بودجه98-001111,17,23429,22744320570,970184,970864,970200,16,0,970776,592,0.06,969184,971000,1400-9-21,2021-12-12
703,ضسپا1114,اختيارخ خساپا-2000-1400/11/20,16,504,38370000,87,80,100,13,14.94,76,-11,-12.64,70,100,1400-9-21,2021-12-12
704,ضملت1132,اختيارخ وبملت-2500-1400/11/13,16,570,321670000,612,535,570,-42,-6.86,564,-48,-7.84,535,570,1400-9-21,2021-12-12
705,زعف0110پ09,زعفران0110نگين نوين(پ),16,6285,2229502729,371481,339899,359996,-11485,-3.09,354734,-16747,-4.51,339899,359997,1400-9-21,2021-12-12
706,زعف0110پ05,زعفران0110نگين زرين(پ),16,6355,2211684502,360085,340000,359999,-86,-0.02,348023,-12062,-3.35,339899,359999,1400-9-21,2021-12-12
707,پارتا,مجتمع‌صنعتي‌آرتاويل‌تاير,15,201498,4769659158,24403,23671,23671,-732,-3,24236,-167,-0.68,23671,23671,1400-9-21,2021-12-12
708,كمينا,شيشه سازي مينا,14,425599,3901040434,9449,9166,9166,-283,-3,9331,-118,-1.25,9166,9166,1400-9-21,2021-12-12
709,اخزا907,اسنادخزانه-م7بودجه99-020704,14,60578,41001340330,677987,679980,676000,-1987,-0.29,676835,-1152,-0.17,663020,679990,1400-9-21,2021-12-12
710,ضستا1003,اختيارخ شستا-10000-1400/10/29,14,122,172176000,1550,1500,1400,-150,-9.68,1411,-139,-8.97,1300,1500,1400-9-21,2021-12-12
711,ضستا1004,اختيارخ شستا-12000-1400/10/29,14,132,79343000,790,599,600,-190,-24.05,601,-189,-23.92,599,697,1400-9-21,2021-12-12
712,سكه0111پ05,تمام سكه طرح جديد0111آينده,14,23900,31040028600,1337085,1300010,1299940,-37145,-2.78,1298746,-38339,-2.87,1291014,1300010,1400-9-21,2021-12-12
713,آتيمس,صندوق س.آرمان آتيه درخشان مس-س,13,2833,499780650,178271,177600,175010,-3261,-1.83,176414,-1857,-1.04,175010,177600,1400-9-21,2021-12-12
714,قچار,فراوردههاي غذايي وقند چهارمحال,13,62945,537046740,8981,8532,8532,-449,-5,8964,-17,-0.19,8532,8532,1400-9-21,2021-12-12
715,وليز,ليزينگ‌ايران‌,13,40508,88226424,2292,2178,2178,-114,-4.97,2291,-1,-0.04,2178,2178,1400-9-21,2021-12-12
716,زعف0008پ15,زعفران0008پوشالمعمول طلاسرخ(پ),13,6060,1431287182,248616,236187,236186,-12430,-5,236186,-12430,-5,236186,236187,1400-9-21,2021-12-12
717,غپونه,نوش پونه مشهد,13,9329,108123110,11948,11590,11590,-358,-3,11944,-4,-0.03,11590,11590,1400-9-21,2021-12-12
718,وسنا,سرمايه گذاري نيروگاهي ايران,13,226567,2405235272,11174,10616,10616,-558,-4.99,11083,-91,-0.81,10616,10616,1400-9-21,2021-12-12
719,سكه0112پ03,تمام سكه طرح جديد0112سامان,13,11600,15090410500,1319811,1313000,1295001,-24810,-1.88,1300897,-18914,-1.43,1292100,1313000,1400-9-21,2021-12-12
720,داريك,صندوق س.اعتماد داريك-د,13,134416,1615659616,12013,12022,12019,6,0.05,12020,7,0.06,12019,12022,1400-9-21,2021-12-12
721,سكه0011پ02,تمام سكه طرح جديد0011ملت,12,2200,2864021000,1317707,1300000,1300000,-17707,-1.34,1301828,-15879,-1.21,1300000,1305100,1400-9-21,2021-12-12
722,برن0104پ01,برنج طارم0104تجارت مازندران(پ),12,438,207408750,471613,474000,473000,1387,0.29,473536,1923,0.41,471001,480500,1400-9-21,2021-12-12
723,ضفلا1162,اختيارخ فولاد-9000-1400/11/24,11,124,245530000,2350,2050,1900,-450,-19.15,1980,-370,-15.74,1900,2050,1400-9-21,2021-12-12
724,الماس,صندوق س.امين تدبيرگران فردا-س,11,1883,184534000,98424,98000,98000,-424,-0.43,98000,-424,-0.43,98000,98000,1400-9-21,2021-12-12
725,سمايه,بانك سرمايه,11,135196,802793848,6121,5938,5938,-183,-2.99,6106,-15,-0.25,5938,5938,1400-9-21,2021-12-12
726,اخزا820,اسنادخزانه-م20بودجه98-020806,11,51066,34611500743,677988,665002,677988,0,0,677780,-208,-0.03,665001,678700,1400-9-21,2021-12-12
727,خفولا,خدمات فني فولاد يزد,11,37145,879147860,24400,23668,23668,-732,-3,24334,-66,-0.27,23668,23668,1400-9-21,2021-12-12
728,شساخت,مهندسي و ساختمان صنايع نفت,11,9080,384783160,43687,42377,42377,-1310,-3,43675,-12,-0.03,42377,42377,1400-9-21,2021-12-12
729,گنجين,صندوق س. گنجينه يكم آويد-د,11,122488,1756652988,14335,14339,14349,14,0.1,14341,6,0.04,14339,14349,1400-9-21,2021-12-12
730,ضشنا1050,اختيارخ شپنا-7629-1400/10/19,11,183,22798040,96,58,57,-39,-40.63,68,-28,-29.17,57,80,1400-9-21,2021-12-12
731,اخزا813,اسنادخزانه-م13بودجه98-010219,11,30275,27721538839,915598,915701,915700,102,0.01,915658,60,0.01,915034,915800,1400-9-21,2021-12-12
732,تشتاد,صنايع توليدي اشتاد ايران‌,11,58865,269248510,4715,4574,4574,-141,-2.99,4711,-4,-0.08,4574,4574,1400-9-21,2021-12-12
733,سلار,شركت سيمان لارستان,10,9564,251083692,27634,26253,26253,-1381,-5,27597,-37,-0.13,26253,26253,1400-9-21,2021-12-12
734,زعف0008پ12,زعفران0008پوشالمعمول سحرخيز(پ),10,5701,1346496386,263123,236186,236186,-26937,-10.24,236186,-26937,-10.24,236186,236186,1400-9-21,2021-12-12
735,زعف0008پ16,زعفران0008نگين بيرجند(پ),10,20867,5311074467,254687,246089,254689,2,0,254520,-167,-0.07,246089,254689,1400-9-21,2021-12-12
736,اخزا905,اسنادخزانه-م5بودجه99-020218,9,54976,40505217575,737123,737500,735001,-2122,-0.29,736780,-343,-0.05,713217,737500,1400-9-21,2021-12-12
737,هبساز103,اختيارف ت ثبهساز-2346-01/03/18,9,200000,116600000,551,583,583,32,5.81,583,32,5.81,583,583,1400-9-21,2021-12-12
738,صايپا412,صكوك مرابحه سايپا412-3ماهه 16%,9,83700,83700000000,1000000,1000000,1000000,0,0,1000000,0,0,1000000,1000000,1400-9-21,2021-12-12
739,تملي805,تسهيلات مسكن ب. ملي-مرداد98,8,55,45681446,796946,790000,830000,33054,4.15,830572,33626,4.22,790000,836793,1400-9-21,2021-12-12
740,ويستا,صندوق س. ويستا -س,8,5159,52372100,10135,10199,10101,-34,-0.34,10152,17,0.17,10100,10200,1400-9-21,2021-12-12
741,ضبدر1164,اختيارخ شبندر-7000-1400/11/13,8,216,75464000,499,389,388,-111,-22.24,349,-150,-30.06,100,390,1400-9-21,2021-12-12
742,اخزا818,اسنادخزانه-م18بودجه98-010614,7,42521,36373259125,855625,856000,855400,-225,-0.03,855419,-206,-0.02,855400,856000,1400-9-21,2021-12-12
743,فافزا,فولاد افزا سپاهان,7,1878,62342088,34222,33196,33196,-1026,-3,34215,-7,-0.02,33196,33196,1400-9-21,2021-12-12
744,سپيدما2,صندوق س. سپيد دماوند-د,7,55000000,55000000,11506,1,1,-11505,-99.99,1,-11505,-99.99,1,1,1400-9-21,2021-12-12
745,زير0103پ01,زيره سبز0103كيميابذر(پ),7,299,265005300,927756,945000,930000,2244,0.24,886305,-41451,-4.47,868803,945000,1400-9-21,2021-12-12
746,پلاستح,ح.كارخانجات توليدي پلاستيران,7,16990,75418610,4576,4439,4439,-137,-2.99,4439,-137,-2.99,4439,4439,1400-9-21,2021-12-12
747,ولشرقح,ح . ليزينگ ايران و شرق,7,85674,85074282,1045,993,993,-52,-4.98,993,-52,-4.98,993,993,1400-9-21,2021-12-12
748,وآتوس,س.آرين توسكا قيمت اسمي 350ريال,6,4580,109420780,25148,23891,23891,-1257,-5,25129,-19,-0.08,23891,23891,1400-9-21,2021-12-12
749,تملي711,تسهيلات مسكن ب. ملي-بهمن97,6,68,48238634,675612,709392,709392,33780,5,709392,33780,5,709390,709392,1400-9-21,2021-12-12
750,شليا,شركت مواد ويژه ليا,6,100000,3667300000,38603,36673,36673,-1930,-5,37858,-745,-1.93,36673,36673,1400-9-21,2021-12-12
751,ضشنا1048,اختيارخ شپنا-5450-1400/10/19,6,89,92616120,705,650,520,-185,-26.24,567,-138,-19.57,520,650,1400-9-21,2021-12-12
752,طلا2,صندوق س.پشتوانه طلاي لوتوس,6,600000,600000,93651,1,1,-93650,-100,1,-93650,-100,1,1,1400-9-21,2021-12-12
753,حگردش,ريل گردش ايرانيان,6,26394,111884166,4370,4239,4239,-131,-3,4368,-2,-0.05,4239,4239,1400-9-21,2021-12-12
754,دمعيار,صندوق س. توازن معيار-د,6,8760,87635040,10004,10004,10004,0,0,10004,0,0,10004,10004,1400-9-21,2021-12-12
755,ضجار1019,اختيارخ وتجارت-1400-1400/10/15,5,79,30408000,401,350,402,1,0.25,385,-16,-3.99,350,402,1400-9-21,2021-12-12
756,ساذري,آذريت‌,5,3624,34181568,9723,9432,9432,-291,-2.99,9722,-1,-0.01,9432,9432,1400-9-21,2021-12-12
757,ضصاد1113,اختيارخ وبصادر-2000-1400/11/06,5,201,16028000,109,128,80,-29,-26.61,80,-29,-26.61,79,128,1400-9-21,2021-12-12
758,تملي704,تسهيلات مسكن ب. ملي-تير97,5,42,34386310,779758,818745,818500,38742,4.97,818722,38964,5,818500,818745,1400-9-21,2021-12-12
759,ضستا1005,اختيارخ شستا-14000-1400/10/29,5,35,3700000,263,100,100,-163,-61.98,106,-157,-59.7,100,200,1400-9-21,2021-12-12
760,ثهام,صندوق س ثروت هامرز-سهام,5,12059,128850415,10700,10685,10685,-15,-0.14,10685,-15,-0.14,10685,10685,1400-9-21,2021-12-12
761,بذر,صندوق س بذر اميد آفرين-سهام,5,5749,529297800,95510,93520,92040,-3470,-3.63,92070,-3440,-3.6,92040,93520,1400-9-21,2021-12-12
762,وپسا,س. پتروشيمي ساختمان  خليج فارس,5,37450,60893700,1676,1626,1626,-50,-2.98,1676,0,0,1626,1626,1400-9-21,2021-12-12
763,اخزا906,اسنادخزانه-م6بودجه99-020321,4,5794,4275960529,742000,737998,737998,-4002,-0.54,737998,-4002,-0.54,737998,737999,1400-9-21,2021-12-12
764,كشم0101پ01,كشمش سبز0101خليل آباد(پ),4,50,31200000,656572,624000,624000,-32572,-4.96,624000,-32572,-4.96,624000,624000,1400-9-21,2021-12-12
765,كهربا2,صندوق س.پشتوانه سكه طلا كهربا,4,3000000,3000000,11281,1,1,-11280,-99.99,1,-11280,-99.99,1,1,1400-9-21,2021-12-12
766,ثجوان,تامين مسكن جوانان,4,87479,415875166,4901,4754,4754,-147,-3,4895,-6,-0.12,4754,4754,1400-9-21,2021-12-12
767,ما,بيمه  ما,4,29166,136788540,4690,4690,4690,0,0,4690,0,0,4690,4690,1400-9-21,2021-12-12
768,پا ه 13,بار پايه هفته 13,4,178000,94430000,535,535,530,-5,-0.93,531,-4,-0.75,530,535,1400-9-21,2021-12-12
769,اراد33,مرابحه عام دولت3-ش.خ 0303,4,3000,2898850800,942887,954990,989986,47099,5,966284,23397,2.48,954990,989986,1400-9-21,2021-12-12
770,زعف0008پ18,زعفران0008نگين بهرامن(پ),4,472,127862616,281463,246089,271993,-9470,-3.36,270895,-10568,-3.75,246089,271993,1400-9-21,2021-12-12
771,اپرداز,آتيه داده پرداز,4,1381,34712816,26458,25136,25136,-1322,-5,26455,-3,-0.01,25136,25136,1400-9-21,2021-12-12
772,سايرا,ايرانيت‌,4,5500,158983000,29495,28906,28906,-589,-2,29476,-19,-0.06,28906,28906,1400-9-21,2021-12-12
773,ثعتما,س. ساختماني اعتماد گستر,4,3515,91597385,26864,26059,26059,-805,-3,26856,-8,-0.03,26059,26059,1400-9-21,2021-12-12
774,اخزا810,اسنادخزانه-م10بودجه98-001006,4,8404,8324871000,990576,990576,990750,174,0.02,990584,8,0,990576,990750,1400-9-21,2021-12-12
775,صگل1411,ص اجاره گل گهر 1411-3 ماهه 17%,4,141,141000000,970000,1000000,1000000,30000,3.09,1000000,30000,3.09,1000000,1000000,1400-9-21,2021-12-12
776,زعف0008پ08,زعفران0008نگين روستا(پ),3,1263,310810807,254800,246090,246090,-8710,-3.42,246089,-8711,-3.42,246089,246090,1400-9-21,2021-12-12
777,ضصاد1110,اختيارخ وبصادر-1400-1400/11/06,3,20,7430000,410,380,363,-47,-11.46,371,-39,-9.51,363,380,1400-9-21,2021-12-12
778,تابا,تابان نيرو سپاهان,3,910,20233850,22922,22235,22235,-687,-3,22920,-2,-0.01,22235,22235,1400-9-21,2021-12-12
779,اراد87,مرابحه عام دولت87-ش.خ030304,3,2000,1875699000,951667,969999,905700,-45967,-4.83,937849,-13818,-1.45,905700,969999,1400-9-21,2021-12-12
780,پادا,صندوق س.پاداش سرمايه پارس-س,3,541,56444300,105277,104500,104500,-777,-0.74,104333,-944,-0.9,102300,104500,1400-9-21,2021-12-12
781,ضستا1001,اختيارخ شستا-8000-1400/10/29,3,5,11600000,1937,2100,2600,663,34.23,2320,383,19.77,2100,2600,1400-9-21,2021-12-12
782,سخند,صندوق س.سپهرخبرگان نفت-د,3,2990,29994690,10035,10032,10031,-4,-0.04,10032,-3,-0.03,10031,10032,1400-9-21,2021-12-12
783,شمواد,توليد مواداوليه الياف مصنوعي,3,255,11083830,44353,43466,43466,-887,-2,44351,-2,0,43466,43466,1400-9-21,2021-12-12
784,قجام,فرآوردههاي غذايي وقندتربت‌جام‌,3,3350,20612550,6278,6153,6153,-125,-1.99,6277,-1,-0.02,6153,6153,1400-9-21,2021-12-12
785,تملي806,تسهيلات مسكن ب. ملي-شهريور98,3,84,74169564,840925,882971,882971,42046,5,882971,42046,5,882971,882971,1400-9-21,2021-12-12
786,گكيش,توريستي ورفاهي آبادگران كيش,3,1590,43717050,28942,27495,27495,-1447,-5,28935,-7,-0.02,27495,27495,1400-9-21,2021-12-12
787,زير0103پ02,زيره سبز0103 دانش(پ),3,70,62433000,889688,891000,891000,1312,0.15,891900,2212,0.25,891000,892000,1400-9-21,2021-12-12
788,تمحركه,ماشين سازي نيرو محركه,3,5001,95179032,19620,19032,19032,-588,-3,19614,-6,-0.03,19032,19032,1400-9-21,2021-12-12
789,ضسپا1109,اختيارخ خساپا-1000-1400/11/20,2,9,5997000,750,651,720,-30,-4,666,-84,-11.2,651,720,1400-9-21,2021-12-12
790,خعمرا,توسعه و عمران شهرستان نائين,2,231,1044813,4392,4523,4523,131,2.98,4392,0,0,4523,4523,1400-9-21,2021-12-12
791,پيشگام,ص.ج.رشد يكم پيشگام 20%تاديه,2,2000,396000000,198000,198000,198000,0,0,198000,0,0,198000,198000,1400-9-21,2021-12-12
792,ضسان1049,اختيارخ پارسان-18000-00/10/12,2,7,91600000,14000,13300,12800,-1200,-8.57,13086,-914,-6.53,12800,13300,1400-9-21,2021-12-12
793,اخزا9164,اسنادخزانه-م16بودجه99-020528,2,10600000,7915285000000,746500,746950,746500,0,0,746725,225,0.03,746500,746950,1400-9-21,2021-12-12
794,تملي612,تسهيلات مسكن بانك ملي-اسفند96,2,18,11499570,672489,638865,638865,-33624,-5,638865,-33624,-5,638865,638865,1400-9-21,2021-12-12
795,ثنام,س ساختماني ب نام آوران مهندسي,2,2551,27895185,11273,10935,10935,-338,-3,11272,-1,-0.01,10935,10935,1400-9-21,2021-12-12
796,ضملت1133,اختيارخ وبملت-3000-1400/11/13,2,18,5560000,383,320,300,-83,-21.67,309,-74,-19.32,300,320,1400-9-21,2021-12-12
797,اراد61,مرابحه عام دولت61-ش.خ0309,2,40000,40000040000,1000000,1000001,1000001,1,0,1000001,1,0,1000001,1000001,1400-9-21,2021-12-12
798,سنوين,سرمايه گذاري اقتصاد نوين,2,1944,12869280,6968,6620,6620,-348,-4.99,6968,0,0,6620,6620,1400-9-21,2021-12-12
799,ضپال2007,اختيارخ اپال-32000-1401/02/12,2,2,616000,346,287,329,-17,-4.91,308,-38,-10.98,287,329,1400-9-21,2021-12-12
800,اراد42,مرابحه عام دولت4-ش.خ 0106,2,2000,1961200000,998500,962700,998500,0,0,980600,-17900,-1.79,962700,998500,1400-9-21,2021-12-12
801,ومشان,س. فني و مهندسي مشانير,2,118,5030694,43951,42633,42633,-1318,-3,43949,-2,0,42633,42633,1400-9-21,2021-12-12
802,آرمان,بيمه آرمان,2,25400,140385800,5697,5527,5527,-170,-2.98,5695,-2,-0.04,5527,5527,1400-9-21,2021-12-12
803,جمح,ح . پتروشيمي جم,2,100133,4656251000,47060,47000,46500,-560,-1.19,46500,-560,-1.19,46500,47000,1400-9-21,2021-12-12
804,اراد584,مرابحه عام دولت5-ش.خ 0110,2,7000000,6629882000000,960000,947156,947096,-12904,-1.34,947126,-12874,-1.34,947096,947156,1400-9-21,2021-12-12
805,زعف0008پ19,زعفران0008نگين تروند قاينات(پ),2,44,10827916,254657,246089,246089,-8568,-3.36,246089,-8568,-3.36,246089,246089,1400-9-21,2021-12-12
806,سپرمي,پرميت‌,2,4000,47436000,11742,11859,11859,117,1,11745,3,0.03,11859,11859,1400-9-21,2021-12-12
807,بايكا,كارخانجات كابلسازي ‌ايران‌,2,600,10948200,18811,18247,18247,-564,-3,18810,-1,-0.01,18247,18247,1400-9-21,2021-12-12
808,زعف0110پ08,زعفران0110نگين روستا(پ),2,100,33989900,370000,339899,339899,-30101,-8.14,339899,-30101,-8.14,339899,339899,1400-9-21,2021-12-12
809,پا ر 36,بار پايه روز 36,2,13000,7100000,710,600,530,-180,-25.35,546,-164,-23.1,530,600,1400-9-21,2021-12-12
810,گپارس,امور رفاهي كارگزاران پارس,2,6500,838805500,133038,129047,129047,-3991,-3,132693,-345,-0.26,129047,129047,1400-9-21,2021-12-12
811,ضخود1055,اختيارخ خودرو-3500-1400/10/08,2,162,324000,8,2,2,-6,-75,2,-6,-75,2,2,1400-9-21,2021-12-12
812,ضملت1134,اختيارخ وبملت-3500-1400/11/13,2,4,380000,119,95,95,-24,-20.17,95,-24,-20.17,95,95,1400-9-21,2021-12-12
813,حبندر,دريايي و کشتيراني خط دريابندر,2,50667,755850306,15379,14918,14918,-461,-3,15343,-36,-0.23,14918,14918,1400-9-21,2021-12-12
814,فنرژي,گسترش صنايع انرژي آذرآب,2,5000,60850000,12418,12170,12170,-248,-2,12415,-3,-0.02,12170,12170,1400-9-21,2021-12-12
815,افران2,صندوق س افرا نماد پايدار-ثابت,2,15000000,15000000,14962,1,1,-14961,-99.99,1,-14961,-99.99,1,1,1400-9-21,2021-12-12
816,وسرضوي,س.سهام عدالت استان خراسان رضوي,2,8300,5727000,726,690,690,-36,-4.96,726,0,0,690,690,1400-9-21,2021-12-12
817,خاتم2,صندوق س خاتم ايساتيس پويا-ثابت,2,1250000,1250000,12453,1,1,-12452,-99.99,1,-12452,-99.99,1,1,1400-9-21,2021-12-12
818,بتك,كارخانجات كابل سازي‌ تك‌,2,1205,42359365,34464,35153,35153,689,2,34482,18,0.05,35153,35153,1400-9-21,2021-12-12
819,ضبدر1162,اختيارخ شبندر-5000-1400/11/13,2,3,4400000,1522,1500,1400,-122,-8.02,1467,-55,-3.61,1400,1500,1400-9-21,2021-12-12
820,واحصا,احياء صنايع خراسان,2,400,18434800,47512,46087,46087,-1425,-3,47509,-3,-0.01,46087,46087,1400-9-21,2021-12-12
821,تملي703,تسهيلات مسكن ب. ملي-خرداد97,2,24,13389627,561337,589403,539000,-22337,-3.98,557901,-3436,-0.61,539000,589403,1400-9-21,2021-12-12
822,ضملي1160,اختيارخ فملي-6000-1400/11/03,2,2,3228000,600,812,802,202,33.67,807,207,34.5,802,812,1400-9-21,2021-12-12
823,صايپا203,صكوك مرابحه سايپا203-3ماهه 16%,2,1500,1443000000,952201,956000,965000,12799,1.34,962000,9799,1.03,956000,965000,1400-9-21,2021-12-12
824,شگويات.ف0104,اختيارف.تبعي شگويا010408,1,10000,10000,1,1,1,0,0,1,0,0,1,1,1400-9-21,2021-12-12
825,كمند2,صندوق س. با درآمد ثابت كمند,1,6200000,6200000,10028,1,1,-10027,-99.99,1,-10027,-99.99,1,1,1400-9-21,2021-12-12
826,غبهار,كشت وصنعت بهاران گلبهار خراسان,1,300,5209500,17902,17365,17365,-537,-3,17902,0,0,17365,17365,1400-9-21,2021-12-12
827,كگل2,معدني و صنعتي گل گهر,1,50000000,1081000000000,21770,21620,21620,-150,-0.69,21620,-150,-0.69,21620,21620,1400-9-21,2021-12-12
828,ضشگويا1206,اختيارخ شگويا-18000-14001222,1,1,14600000,38,14600,14600,14562,38321.05,14600,14562,38321.05,14600,14600,1400-9-21,2021-12-12
829,خفناور,مهندسي صنعتي روان فن آور,1,132,5038572,39351,38171,38171,-1180,-3,39350,-1,0,38171,38171,1400-9-21,2021-12-12
830,اراد434,مرابحه عام دولت4-ش.خ 0205,1,271000,252519155000,950000,931805,931805,-18195,-1.92,931805,-18195,-1.92,931805,931805,1400-9-21,2021-12-12
831,كمان,س.خ.كمان كاريزما 35% تاديه,1,1000,378665000,378459,378665,378665,206,0.05,378665,206,0.05,378665,378665,1400-9-21,2021-12-12
832,ضصاد1112,اختيارخ وبصادر-1800-1400/11/06,1,7,798000,116,114,114,-2,-1.72,114,-2,-1.72,114,114,1400-9-21,2021-12-12
833,ضپاس1009,اختيارخ وپارس-1600-1400/10/22,1,1,350000,419,350,350,-69,-16.47,350,-69,-16.47,350,350,1400-9-21,2021-12-12
834,لخانه,لوازم‌ خانگي‌ پارس‌,1,306,5081130,17118,16605,16605,-513,-3,17118,0,0,16605,16605,1400-9-21,2021-12-12
835,مبين011,اجاره اعتماد مبين لوتوس010710,1,1000,994000000,983000,994000,994000,11000,1.12,994000,11000,1.12,994000,994000,1400-9-21,2021-12-12
836,اراد744,مرابحه عام دولت74-ش.خ040226,1,300000,294501600000,990000,981672,981672,-8328,-0.84,981672,-8328,-0.84,981672,981672,1400-9-21,2021-12-12
837,وزمين2,بانك ايران زمين,1,10000000,88500000000,9199,8850,8850,-349,-3.79,8850,-349,-3.79,8850,8850,1400-9-21,2021-12-12
838,اراد43,مرابحه عام دولت4-ش.خ 0205,1,1000,933000000,950000,933000,933000,-17000,-1.79,933000,-17000,-1.79,933000,933000,1400-9-21,2021-12-12
839,پويا,ص.ج.پويا الگوريتم20%تاديه,1,1000,191616000,199600,191616,191616,-7984,-4,191616,-7984,-4,191616,191616,1400-9-21,2021-12-12
840,اراد874,مرابحه عام دولت87-ش.خ030304,1,280000,253316000000,951667,904700,904700,-46967,-4.94,904700,-46967,-4.94,904700,904700,1400-9-21,2021-12-12
841,اخزا9182,اسنادخزانه-م18بودجه99-010323,1,959685,862276972500,895005,898500,898500,3495,0.39,898500,3495,0.39,898500,898500,1400-9-21,2021-12-12
842,ضپال2006,اختيارخ اپال-28000-1401/02/12,1,1,610000,795,610,610,-185,-23.27,610,-185,-23.27,610,610,1400-9-21,2021-12-12
843,داريوش2,صندوق س. ثروت داريوش -س,1,200000,200000,9629,1,1,-9628,-99.99,1,-9628,-99.99,1,1,1400-9-21,2021-12-12
844,اراد424,مرابحه عام دولت4-ش.خ 0106,1,129000,124059300000,998500,961700,961700,-36800,-3.69,961700,-36800,-3.69,961700,961700,1400-9-21,2021-12-12
845,طخود1049,اختيارف خودرو-1400-1400/10/08,1,10,60000,5,6,6,1,20,6,1,20,6,6,1400-9-21,2021-12-12
846,صشستا112,صكوك اجاره شستا112-6ماهه18%,1,100,94500000,900000,945000,945000,45000,5,945000,45000,5,945000,945000,1400-9-21,2021-12-12
847,حرهشا,رهشاد سپاهان (سهامي عام,1,299,29844984,102903,99816,99816,-3087,-3,102891,-12,-0.01,99816,99816,1400-9-21,2021-12-12
848,ضستا1002,اختيارخ شستا-9000-1400/10/29,1,20,40100000,2540,2005,2005,-535,-21.06,2005,-535,-21.06,2005,2005,1400-9-21,2021-12-12
849,سپيدما4,صندوق س. سپيد دماوند-د,1,21510000,250032240000,11506,11624,11624,118,1.03,11624,118,1.03,11624,11624,1400-9-21,2021-12-12
850,صدف408,صكوك مرابحه صدف408-3ماهه 18%,1,500,500000000,975000,1000000,1000000,25000,2.56,1000000,25000,2.56,1000000,1000000,1400-9-21,2021-12-12
851,سرو2,صندوق س سروسودمند مدبران-سهام,1,10000,10000,68320,1,1,-68319,-100,1,-68319,-100,1,1,1400-9-21,2021-12-12
852,مي ر 34,ميان باري روز 34,1,3000,1800000,637,600,600,-37,-5.81,600,-37,-5.81,600,600,1400-9-21,2021-12-12
853,اراد34,مرابحه عام دولت3-ش.خ 0305,1,30000,30000000000,1000000,1000000,1000000,0,0,1000000,0,0,1000000,1000000,1400-9-21,2021-12-12
854,پارسيان4,بيمه پارسيان,1,41500000,358560000000,8750,8640,8640,-110,-1.26,8640,-110,-1.26,8640,8640,1400-9-21,2021-12-12
855,طخود1052,اختيارف خودرو-2000-1400/10/08,1,13,780000,56,60,60,4,7.14,60,4,7.14,60,60,1400-9-21,2021-12-12
856,فملي2,ملي‌ صنايع‌ مس‌ ايران‌,1,120000000,764400000000,6600,6370,6370,-230,-3.48,6370,-230,-3.48,6370,6370,1400-9-21,2021-12-12
857,صكم ر 34,كم باري روز 34صنعتي,1,18000,8730000,385,485,485,100,25.97,485,100,25.97,485,485,1400-9-21,2021-12-12
858,وسخوز,شركت س استان خوزستان,1,10000,6040000,635,604,604,-31,-4.88,635,0,0,604,604,1400-9-21,2021-12-12
859,ومعادن2,توسعه‌معادن‌وفلزات‌,1,9600000,88320000000,9400,9200,9200,-200,-2.13,9200,-200,-2.13,9200,9200,1400-9-21,2021-12-12
860,طملت1133,اختيارف وبملت-3000-1400/11/13,1,1,170000,43,170,170,127,295.35,170,127,295.35,170,170,1400-9-21,2021-12-12
861,اخزا8112,اسنادخزانه-م11بودجه98-001013,1,722631,713309060100,985057,987100,987100,2043,0.21,987100,2043,0.21,987100,987100,1400-9-21,2021-12-12
862,ضجار1021,اختيارخ وتجارت-1800-1400/10/15,1,6,570000,156,95,95,-61,-39.1,95,-61,-39.1,95,95,1400-9-21,2021-12-12
863,شرق1400,مشاركت ليزينگ ايران وشرق140010,1,187,183260000,980000,980000,980000,0,0,980000,0,0,980000,980000,1400-9-21,2021-12-12
864,ضسپا1110,اختيارخ خساپا-1200-1400/11/20,1,2,1120000,579,560,560,-19,-3.28,560,-19,-3.28,560,560,1400-9-21,2021-12-12
865,وسخراج,شركت س استان خراسان جنوبي,1,24000,47736000,2209,1989,1989,-220,-9.96,2209,0,0,1989,1989,1400-9-21,2021-12-12
866,اراد32,مرابحه عام دولت3-ش.خ0211,1,10000,10000000000,1000000,1000000,1000000,0,0,1000000,0,0,1000000,1000000,1400-9-21,2021-12-12
867,زعف0008پ09,زعفران0008نگين نوين(پ),1,20,5297640,264201,264882,264882,681,0.26,264882,681,0.26,264882,264882,1400-9-21,2021-12-12
868,نگين,ص.س. زمين و ساختمان نگين شهرري,1,97,5034300,52000,51900,51900,-100,-0.19,51900,-100,-0.19,51900,51900,1400-9-21,2021-12-12
869,اروند10,منفعت صبا اروند لوتوس 14001222,1,5000,5000000000,1009990,1000000,1000000,-9990,-0.99,1000000,-9990,-0.99,1000000,1000000,1400-9-21,2021-12-12
870,فخوز2,فولاد  خوزستان,1,30000000,186000000000,6360,6200,6200,-160,-2.52,6200,-160,-2.52,6200,6200,1400-9-21,2021-12-12
871,شپديس2,پتروشيمي پرديس,1,285000,49647000000,175980,174200,174200,-1780,-1.01,174200,-1780,-1.01,174200,174200,1400-9-21,2021-12-12
872,اخزا0042,اسنادخزانه-م4بودجه00-030522,1,101600,55168800000,542781,543000,543000,219,0.04,543000,219,0.04,543000,543000,1400-9-21,2021-12-12
873,ضترا1130,اختيارخ شتران-3089-1400/11/10,1,3,6869010,1400,1010,1010,-390,-27.86,1010,-390,-27.86,1010,1010,1400-9-21,2021-12-12
874,ضسان1048,اختيارخ پارسان-16000-00/10/12,1,9,136800000,15531,15200,15200,-331,-2.13,15200,-331,-2.13,15200,15200,1400-9-21,2021-12-12
875,اخزا904,اسنادخزانه-م4بودجه99-011215,1,100,76512700,770750,765127,765127,-5623,-0.73,765127,-5623,-0.73,765127,765127,1400-9-21,2021-12-12
876,پارسا211,مشاركت ليزينگ پارسيان-3ماهه18%,1,500,429950000,819020,859900,859900,40880,4.99,859900,40880,4.99,859900,859900,1400-9-21,2021-12-12
877,فالوم,آلومتك‌,1,400,9831200,25338,24578,24578,-760,-3,25337,-1,0,24578,24578,1400-9-21,2021-12-12
878,خبازرس,بازرسي مهندسي و صنعتي ايران,1,227,5128611,23291,22593,22593,-698,-3,23291,0,0,22593,22593,1400-9-21,2021-12-12
879,اراد22,مرابحه عام دولت2-ش.خ لوتوس0212,1,2500,2500000000,1000000,1000000,1000000,0,0,1000000,0,0,1000000,1000000,1400-9-21,2021-12-12
880,گواهي ظرفيت,گواهي ظرفيت نقدي,1,2000000,60704000000,28907,30352,30352,1445,5,29022,115,0.4,30352,30352,1400-9-21,2021-12-12
881,پا ر 38,بار پايه روز 38,1,10000,5300000,589,530,530,-59,-10.02,530,-59,-10.02,530,530,1400-9-21,2021-12-12
882,پا ر 37,بار پايه روز 37,1,10000,5300000,589,530,530,-59,-10.02,530,-59,-10.02,530,530,1400-9-21,2021-12-12
883,هنوري102,اختيارف ت نوري59561-01/02/15,1,1400,1400,1,1,1,0,0,1,0,0,1,1,1400-9-21,2021-12-12
