,نماد,نام,تعداد,حجم,ارزش,دیروز,اولین,آخرین معامله - مقدار,آخرین معامله - تغییر,آخرین معامله - درصد,قیمت پایانی - مقدار,قیمت پایانی - تغییر,قیمت پایانی - درصد,کمترین,بیشترین,تاریخ,gregorian_date
0,فسبزوار,پارس فولاد سبزوار,2956827,603159681,18848740031250,1000,31250,31250,30250,3025,31250,30250,3025,31250,31250,1400-6-24,2021-09-15
1,توسن,توسعه سامانه ي نرم افزاري نگين,2098792,203999950,1556519618500,1000,7630,7630,6630,663,7630,6630,663,7630,7630,1400-6-24,2021-09-15
2,وهامون,سرمايه گذاري هامون صبا,79307,86068123,344528439310,4187,4160,3978,-209,-4.99,4003,-184,-4.39,3978,4160,1400-6-24,2021-09-15
3,سپيد,سپيد ماكيان,61309,6886582,426197962590,63900,63690,61210,-2690,-4.21,61890,-2010,-3.15,61000,63690,1400-6-24,2021-09-15
4,سپيدار,سپيدار سيستم آسيا,53210,6195390,126616035569,20465,20600,20100,-365,-1.78,20437,-28,-0.14,19986,20990,1400-6-24,2021-09-15
5,پالايش,صندوق پالايشي يكم-سهام,48419,32607319,2601344084380,80500,80900,78990,-1510,-1.88,79780,-720,-0.89,78950,81000,1400-6-24,2021-09-15
6,آبادا,توليد نيروي برق آبادان,36134,10394751,174542961250,16150,16500,16950,800,4.95,16790,640,3.96,16200,16950,1400-6-24,2021-09-15
7,گدنا,تهيه توزيع غذاي دنا آفرين فدك,33205,6294674,140386291489,23340,22520,22173,-1167,-5,22302,-1038,-4.45,22173,23102,1400-6-24,2021-09-15
8,شستا,سرمايه گذاري تامين اجتماعي,31618,90270557,1156481132460,13070,13060,12730,-340,-2.6,12810,-260,-1.99,12640,13060,1400-6-24,2021-09-15
9,ولكار,ليزينگ كارآفرين,30010,7155337,32731913698,4652,4829,4600,-52,-1.12,4574,-78,-1.68,4480,4829,1400-6-24,2021-09-15
10,فجهان,مجتمع جهان فولاد سيرجان,29236,31269738,190682862324,5808,6098,6098,290,4.99,6098,290,4.99,6098,6098,1400-6-24,2021-09-15
11,لطيف,محصولات كاغذي لطيف,27794,1032875,54220056654,54226,53210,52099,-2127,-3.92,52494,-1732,-3.19,51885,53210,1400-6-24,2021-09-15
12,دارا يكم,صندوق واسطه گري مالي يكم-سهام,27561,13216900,1771849290590,134430,135700,132880,-1550,-1.15,134060,-370,-0.28,132110,136210,1400-6-24,2021-09-15
13,وكبهمن,مديريت سرمايه گذاري كوثربهمن,27140,4872243,59962865732,12765,12280,12141,-624,-4.89,12307,-458,-3.59,12140,12900,1400-6-24,2021-09-15
14,كيمياتك,آريان كيميا تك,26803,2711791,79536830030,27940,29330,29330,1390,4.97,29330,1390,4.97,29330,29330,1400-6-24,2021-09-15
15,چخزر,صنايع چوب خزر كاسپين,25563,1054057,41712289469,40893,41590,39180,-1713,-4.19,39573,-1320,-3.23,39110,41590,1400-6-24,2021-09-15
16,دي,بانك دي,23654,552652345,660644204712,1216,1222,1191,-25,-2.06,1195,-21,-1.73,1168,1240,1400-6-24,2021-09-15
17,شاروم,پتروشيمي اروميه,23390,5724390,111252140428,18834,19400,19600,766,4.07,19435,601,3.19,18620,19770,1400-6-24,2021-09-15
18,ومدير,گ.مديريت ارزش سرمايه ص ب كشوري,23254,26291921,141761021530,5340,5490,5380,40,0.75,5390,50,0.94,5260,5510,1400-6-24,2021-09-15
19,وسپهر,سرمايه گذاري مالي سپهرصادرات,22997,24624273,205493513587,8686,8601,8318,-368,-4.24,8345,-341,-3.93,8260,8620,1400-6-24,2021-09-15
20,ثبهساز,بهساز كاشانه تهران,22981,71585500,157674162035,2303,2260,2192,-111,-4.82,2203,-100,-4.34,2188,2280,1400-6-24,2021-09-15
21,امين,تامين سرمايه امين,22257,6506140,63128825460,9700,9700,9750,50,0.52,9700,0,0,9230,9770,1400-6-24,2021-09-15
22,بركت,گروه دارويي بركت,22027,29558440,1233686452310,42220,42800,40980,-1240,-2.94,41740,-480,-1.14,40800,43050,1400-6-24,2021-09-15
23,فگستر,گسترش صنايع روي ايرانيان,21530,4047413,62355714353,14981,15490,15353,372,2.48,15406,425,2.84,14740,15730,1400-6-24,2021-09-15
24,ولپارس,ليزينگ پارسيان,21427,17477281,98138805930,5370,5600,5630,260,4.84,5620,250,4.66,5400,5630,1400-6-24,2021-09-15
25,فتوسا,توليد و توسعه سرب روي ايرانيان,21348,3516614,52620424740,15063,15200,15010,-53,-0.35,14963,-100,-0.66,14420,15400,1400-6-24,2021-09-15
26,بوعلي,پتروشيمي بوعلي سينا,20912,3801880,271820486270,71480,72750,71400,-80,-0.11,71500,20,0.03,69880,72750,1400-6-24,2021-09-15
27,رافزا,رايان هم افزا,20604,1070414,99410641528,96572,93260,93448,-3124,-3.23,92871,-3701,-3.83,91744,96500,1400-6-24,2021-09-15
28,غزر,صنعتي زر ماكارون,20367,3624589,101982055580,28930,29000,28060,-870,-3.01,28140,-790,-2.73,27500,29000,1400-6-24,2021-09-15
29,زملارد,كشاورزي و دامپروري ملارد شير,19839,1236567,36535590295,30585,29620,29570,-1015,-3.32,29546,-1039,-3.4,29196,30400,1400-6-24,2021-09-15
30,ثاميد,توسعه و عمران اميد,19745,37634208,60661244226,1658,1630,1604,-54,-3.26,1612,-46,-2.77,1600,1653,1400-6-24,2021-09-15
31,حشكوه,دليجان طلايي شكوه پارس,19531,65318606,221231375890,3479,3375,3455,-24,-0.69,3387,-92,-2.64,3375,3479,1400-6-24,2021-09-15
32,كزغال,زغال سنگ پروده طبس,19170,1865162,70990782058,38823,38260,38001,-822,-2.12,38061,-762,-1.96,37550,38800,1400-6-24,2021-09-15
33,بپيوند,برق و انرژي پيوندگستر پارس,19113,4832872,59715407892,12650,12870,12440,-210,-1.66,12356,-294,-2.32,12018,12870,1400-6-24,2021-09-15
34,بگيلان,توسعه مسير برق گيلان,18692,1541723,30556702456,20475,20000,19743,-732,-3.58,19888,-587,-2.87,19700,20100,1400-6-24,2021-09-15
35,غكورش,صنعت غذايي كورش,17350,2432542,108790553400,45750,45800,44510,-1240,-2.71,44720,-1030,-2.25,44300,45800,1400-6-24,2021-09-15
36,خودرو,ايران‌ خودرو,16811,275604247,579502384412,2122,2163,2080,-42,-1.98,2103,-19,-0.9,2060,2163,1400-6-24,2021-09-15
37,حگردش,ريل گردش ايرانيان,15946,36445944,118782866570,3181,3161,3276,95,2.99,3259,78,2.45,3140,3276,1400-6-24,2021-09-15
38,سيتا,سرمايه گذاري سيمان تامين,14990,7402938,105954195600,14700,14420,14390,-310,-2.11,14310,-390,-2.65,14250,14690,1400-6-24,2021-09-15
39,فملي,ملي‌ صنايع‌ مس‌ ايران‌,14743,50951736,668221986670,13220,13170,13060,-160,-1.21,13110,-110,-0.83,13020,13230,1400-6-24,2021-09-15
40,فولاد,فولاد مباركه اصفهان,14600,63440038,712021835420,11310,11220,11240,-70,-0.62,11220,-90,-0.8,11100,11330,1400-6-24,2021-09-15
41,خساپا,سايپا,14376,260361913,509933426090,1962,1999,1950,-12,-0.61,1959,-3,-0.15,1920,2006,1400-6-24,2021-09-15
42,شبندر,پالايش نفت بندرعباس,13535,133688166,835079659420,6280,6300,6220,-60,-0.96,6250,-30,-0.48,6150,6350,1400-6-24,2021-09-15
43,شپنا,پالايش نفت اصفهان,13523,65915416,866154416650,13330,13340,13110,-220,-1.65,13140,-190,-1.43,13000,13340,1400-6-24,2021-09-15
44,وپويا,سرمايه گذاري پويا,11988,13442394,71408589278,5527,5411,5351,-176,-3.18,5312,-215,-3.89,5251,5499,1400-6-24,2021-09-15
45,شتران,پالايش نفت تهران,11103,67305200,717842017020,10760,10750,10700,-60,-0.56,10670,-90,-0.84,10570,10910,1400-6-24,2021-09-15
46,خگستر,گسترش‌سرمايه‌گذاري‌ايران‌خودرو,11040,136372774,395483324968,2961,2955,2869,-92,-3.11,2900,-61,-2.06,2822,2983,1400-6-24,2021-09-15
47,وبملت,بانك ملت,10504,152573811,608913832807,3955,4035,3940,-15,-0.38,3991,36,0.91,3930,4063,1400-6-24,2021-09-15
48,صبا,سرمايه گذاري صبا تامين,10413,43778320,316196387538,7504,7391,7180,-324,-4.32,7223,-281,-3.74,7150,7490,1400-6-24,2021-09-15
49,كدما,معدني‌ دماوند,9997,3607564,700136812310,187130,193480,196480,9350,5,194070,6940,3.71,187000,196480,1400-6-24,2021-09-15
50,آريا,پليمر آريا ساسول,9745,1354706,148567023104,110771,110460,109116,-1655,-1.49,109667,-1104,-1,108000,112283,1400-6-24,2021-09-15
51,كماسه,تامين‌ ماسه‌ ريخته‌گري‌,9549,133816517,816449696040,5020,6300,5990,970,19.32,6100,1080,21.51,5990,6500,1400-6-24,2021-09-15
52,وتجارت,بانك تجارت,9218,218140529,535591143034,2466,2486,2420,-46,-1.87,2455,-11,-0.45,2350,2490,1400-6-24,2021-09-15
53,كرمان,س. توسعه و عمران استان كرمان,9119,197006964,249342222730,1299,1273,1257,-42,-3.23,1266,-33,-2.54,1254,1296,1400-6-24,2021-09-15
54,شصدف,صنعتي دوده فام,9116,8305899,322186462472,37259,38700,39121,1862,5,38790,1531,4.11,37450,39121,1400-6-24,2021-09-15
55,اپال,فرآوري معدني اپال كاني پارس,9019,7814914,173848478610,22680,22680,22090,-590,-2.6,22250,-430,-1.9,21800,22790,1400-6-24,2021-09-15
56,پيزد,مجتمع صنايع لاستيك يزد,8860,1197418,82297384870,69458,67560,66604,-2854,-4.11,68729,-729,-1.05,66500,71420,1400-6-24,2021-09-15
57,غگيلا,شيرپاستوريزه پگاه گيلان,8735,3014180,76143000534,24184,25340,25393,1209,5,25262,1078,4.46,24306,25393,1400-6-24,2021-09-15
58,كمند,صندوق س. با درآمد ثابت كمند,8554,331374748,3330328975958,10045,10049,10050,5,0.05,10050,5,0.05,10049,10052,1400-6-24,2021-09-15
59,وبصادر,بانك صادرات ايران,6633,101109668,239741071473,2361,2369,2351,-10,-0.42,2371,10,0.42,2310,2415,1400-6-24,2021-09-15
60,خبهمن,گروه‌بهمن‌,6608,263913035,471104940508,1771,1790,1790,19,1.07,1785,14,0.79,1729,1820,1400-6-24,2021-09-15
61,ذوب,سهامي ذوب آهن  اصفهان,6392,56564737,251160880447,4512,4484,4440,-72,-1.6,4440,-72,-1.6,4350,4520,1400-6-24,2021-09-15
62,نوري,پتروشيمي نوري,6371,2564191,275630211630,107680,108300,107700,20,0.02,107490,-190,-0.18,105520,108550,1400-6-24,2021-09-15
63,چكاپا,گروه صنايع كاغذ پارس,6350,48139441,205637355778,4413,4410,4195,-218,-4.94,4272,-141,-3.2,4193,4450,1400-6-24,2021-09-15
64,شگويا,پتروشيمي تندگويان,6283,14731560,174646965557,11923,11891,11880,-43,-0.36,11855,-68,-0.57,11560,12160,1400-6-24,2021-09-15
65,وخارزم,سرمايه گذاري خوارزمي,6198,34870289,195455496060,5740,5640,5590,-150,-2.61,5610,-130,-2.26,5550,5790,1400-6-24,2021-09-15
66,قثابت,قند ثابت‌ خراسان‌,6109,75938888,287265811526,3920,3884,3730,-190,-4.85,3783,-137,-3.49,3724,3920,1400-6-24,2021-09-15
67,خپارس,پارس‌ خودرو,5923,165451813,202523512145,1244,1250,1215,-29,-2.33,1224,-20,-1.61,1195,1260,1400-6-24,2021-09-15
68,پترول,گ.س.وت.ص.پتروشيمي خليج فارس,5802,32438527,135006128116,4216,4239,4150,-66,-1.57,4162,-54,-1.28,4110,4250,1400-6-24,2021-09-15
69,وآيند,بانك  آينده,5652,39677449,403348093395,10491,10210,10350,-141,-1.34,10166,-325,-3.1,10072,10491,1400-6-24,2021-09-15
70,غگل,گلوكوزان‌,5402,54961590,203365849978,3589,3679,3749,160,4.46,3700,111,3.09,3599,3768,1400-6-24,2021-09-15
71,كيان,صندوق س. با درآمد ثابت كيان,5048,70487214,2152583895549,30517,30536,30536,19,0.06,30539,22,0.07,30536,30580,1400-6-24,2021-09-15
72,توريل,توكاريل,5014,18429463,344839379674,18574,18669,18138,-436,-2.35,18711,137,0.74,17776,19320,1400-6-24,2021-09-15
73,سنير,سيمان‌ سفيد ني‌ريز,5009,1934697,291509505930,157850,150620,149960,-7890,-5,150670,-7180,-4.55,149960,159000,1400-6-24,2021-09-15
74,گشان,توسعه بين المللي پديده شانديز,4897,10517519,255956566958,23896,23700,24612,716,3,24336,440,1.84,23400,24612,1400-6-24,2021-09-15
75,شسينا,صنايع‌شيميايي‌سينا,4640,5340345,534244646330,95770,100550,100550,4780,4.99,100040,4270,4.46,97550,100550,1400-6-24,2021-09-15
76,امين يكم,صندوق درآمد ثابت امين يكم فردا,4588,147534456,1493904666055,10122,10123,10125,3,0.03,10126,4,0.04,10122,10130,1400-6-24,2021-09-15
77,حكشتي,كشتيراني جمهوري اسلامي ايران,4529,12464393,207808411760,17020,16940,16650,-370,-2.17,16670,-350,-2.06,16500,16940,1400-6-24,2021-09-15
78,وسكرمان,س.سهام عدالت استان كرمان,4518,312834934,175329896869,586,581,568,-18,-3.07,560,-26,-4.44,557,586,1400-6-24,2021-09-15
79,ختور,رادياتور ايران‌,4386,14469864,389316003670,25740,25740,27020,1280,4.97,26910,1170,4.55,25740,27020,1400-6-24,2021-09-15
80,شسپا,نفت سپاهان,4244,56402374,204373090331,3684,3680,3600,-84,-2.28,3623,-61,-1.66,3550,3740,1400-6-24,2021-09-15
81,وسكرشا,س.سهام عدالت استان كرمانشاه,4060,155754575,103883705051,687,687,660,-27,-3.93,667,-20,-2.91,654,687,1400-6-24,2021-09-15
82,شبريز,پالايش نفت تبريز,4055,8681607,337192315150,38130,38500,38890,760,1.99,38840,710,1.86,37700,39790,1400-6-24,2021-09-15
83,وپارس,بانك‌پارسيان‌,4045,70926225,213330144300,3077,3100,2975,-102,-3.31,3008,-69,-2.24,2950,3100,1400-6-24,2021-09-15
84,سبزوا,سيمان لار سبزوار,3902,63528685,263429469870,3953,4150,4150,197,4.98,4147,194,4.91,4039,4150,1400-6-24,2021-09-15
85,كرازي,كارخانجات‌توليدي‌شيشه‌رازي‌,3852,84206067,139445289478,1642,1680,1650,8,0.49,1656,14,0.85,1601,1696,1400-6-24,2021-09-15
86,هاي وب,داده گسترعصرنوين-هاي وب,3845,15657755,143385457520,9390,9390,9140,-250,-2.66,9160,-230,-2.45,9000,9390,1400-6-24,2021-09-15
87,فارس,صنايع پتروشيمي خليج فارس,3812,45125081,575311391530,12750,12880,12730,-20,-0.16,12750,0,0,12700,12880,1400-6-24,2021-09-15
88,فاراك,ماشين‌ سازي‌ اراك‌,3768,62904268,134612084551,2139,2120,2143,4,0.19,2140,1,0.05,2075,2190,1400-6-24,2021-09-15
89,ثشاهد,سرمايه‌ گذاري‌ شاهد,3741,9301851,167415080450,17950,17980,17870,-80,-0.45,18000,50,0.28,17300,18400,1400-6-24,2021-09-15
90,فولاي,صنايع فولاد آلياژي يزد,3696,8375098,221455483151,26089,27335,25500,-589,-2.26,26442,353,1.35,25250,27335,1400-6-24,2021-09-15
91,زكوثر,سرمايه گذاري كشاورزي كوثر,3658,4364692,90881184030,21790,21210,20710,-1080,-4.96,20820,-970,-4.45,20710,21590,1400-6-24,2021-09-15
92,خزاميا,زامياد,3654,19557153,153728584560,7690,7720,7750,60,0.78,7860,170,2.21,7710,8050,1400-6-24,2021-09-15
93,غنوش,نوش‌ مازندران‌,3634,3950079,156900892140,41260,41780,39200,-2060,-4.99,39720,-1540,-3.73,39200,41780,1400-6-24,2021-09-15
94,ثفارس,عمران‌وتوسعه‌فارس‌,3605,23095796,250533570300,10780,10990,10840,60,0.56,10850,70,0.65,10310,11190,1400-6-24,2021-09-15
95,خكار,ايركا پارت صنعت,3557,11928200,222568611590,17960,18440,18850,890,4.96,18660,700,3.9,17950,18850,1400-6-24,2021-09-15
96,كمرجان,بازرگاني و توليدي مرجان كار,3555,1904705,182965063312,100348,104880,95331,-5017,-5,96060,-4288,-4.27,95331,104880,1400-6-24,2021-09-15
97,وغدير,سرمايه‌گذاري‌غدير(هلدينگ‌,3553,17865233,266272772170,15090,15010,14900,-190,-1.26,14900,-190,-1.26,14700,15100,1400-6-24,2021-09-15
98,اخابر,مخابرات ايران,3537,23488825,232813417150,10340,10110,9850,-490,-4.74,9910,-430,-4.16,9830,10240,1400-6-24,2021-09-15
99,شغدير,پتروشيمي غدير,3532,3585992,352563273160,96450,96760,98230,1780,1.85,98320,1870,1.94,94650,99490,1400-6-24,2021-09-15
100,فروي,ذوب روي اصفهان,3509,2491391,85610662253,34610,34600,34363,-247,-0.71,34363,-247,-0.71,33610,35300,1400-6-24,2021-09-15
101,ديران,ايران‌دارو,3499,8793831,258081391220,30080,31000,30000,-80,-0.27,29350,-730,-2.43,28580,31000,1400-6-24,2021-09-15
102,خودكفا,اقتصادي و خودكفايي آزادگان,3479,9171858,142206901681,15804,15551,15250,-554,-3.51,15505,-299,-1.89,15250,15999,1400-6-24,2021-09-15
103,فاذر,صنايع‌ آذرآب‌,3421,101008460,133204565140,1306,1318,1330,24,1.84,1319,13,1,1282,1357,1400-6-24,2021-09-15
104,كتوكا,توليدي و خدمات صنايع نسوز توكا,3398,7299060,162711039516,23329,23408,22192,-1137,-4.87,22292,-1037,-4.45,22163,23408,1400-6-24,2021-09-15
105,دماوند,توليد نيروي برق دماوند,3360,5157187,146872403572,28894,28600,28333,-561,-1.94,28479,-415,-1.44,27640,29200,1400-6-24,2021-09-15
106,تملت,تامين سرمايه بانك ملت,3333,7817508,41586789040,5360,5360,5400,40,0.75,5320,-40,-0.75,5160,5470,1400-6-24,2021-09-15
107,خصدرا,صنعتي‌ دريايي‌ ايران‌,3276,72152529,259927088383,3512,3568,3617,105,2.99,3602,90,2.56,3453,3617,1400-6-24,2021-09-15
108,غصينو,صنعتي مينو,3273,13023299,256953164556,20658,19630,19774,-884,-4.28,19730,-928,-4.49,19626,20675,1400-6-24,2021-09-15
109,اعتماد,صندوق س.اعتماد آفرين پارسيان-د,3237,49743780,1928194446240,38720,38755,38771,51,0.13,38763,43,0.11,38753,38771,1400-6-24,2021-09-15
110,ساوه,سيمان ساوه,3229,513155,29174171766,58652,56130,56732,-1920,-3.27,56853,-1799,-3.07,56130,58000,1400-6-24,2021-09-15
111,غدام,خوراك‌  دام‌ پارس‌,3219,782672,179869395590,241180,235000,229130,-12050,-5,229810,-11370,-4.71,229130,241800,1400-6-24,2021-09-15
112,بپاس,بيمه پاسارگاد,3196,3463097,248022190026,74097,70400,70393,-3704,-5,71619,-2478,-3.34,70393,77101,1400-6-24,2021-09-15
113,وهنر,گروه توسعه هنر ايران,3178,15396529,83891322185,5558,5500,5392,-166,-2.99,5449,-109,-1.96,5392,5669,1400-6-24,2021-09-15
114,ثنوسا,نوسازي‌وساختمان‌تهران‌,3174,20324935,174722897570,8980,9000,8550,-430,-4.79,8600,-380,-4.23,8540,9000,1400-6-24,2021-09-15
115,ملت,بيمه ملت,3121,77286161,105721334852,1398,1391,1359,-39,-2.79,1368,-30,-2.15,1345,1420,1400-6-24,2021-09-15
116,ثتوسا,س.توسعه و عمران استان اردبيل,3052,4907302,139589817070,27771,26383,29159,1388,5,28445,674,2.43,26383,29159,1400-6-24,2021-09-15
117,ولقمان,سرمايه گذاري لقمان,3002,14396844,52609769884,3551,3600,3657,106,2.99,3654,103,2.9,3570,3657,1400-6-24,2021-09-15
118,كفپارس,فرآورده‌هاي‌ نسوز پارس‌,2929,35465060,146121947365,4318,4318,4103,-215,-4.98,4120,-198,-4.59,4103,4318,1400-6-24,2021-09-15
119,فخوز,فولاد  خوزستان,2917,12664036,228126765780,18230,18000,17960,-270,-1.48,18010,-220,-1.21,17810,18200,1400-6-24,2021-09-15
120,بترانس,ايران‌ ترانسفو,2886,36556170,96440323759,2698,2698,2621,-77,-2.85,2638,-60,-2.22,2587,2700,1400-6-24,2021-09-15
121,بجهرم,توسعه مولد نيروگاهي جهرم,2832,21747004,53619679879,2504,2510,2453,-51,-2.04,2466,-38,-1.52,2442,2517,1400-6-24,2021-09-15
122,سيمرغ,سيمرغ,2823,11345693,249921682460,23060,22650,22050,-1010,-4.38,22030,-1030,-4.47,21910,22650,1400-6-24,2021-09-15
123,غويتا,ويتانا,2757,13805729,119481663367,9053,8730,8601,-452,-4.99,8654,-399,-4.41,8601,8930,1400-6-24,2021-09-15
124,خرينگ,رينگ‌سازي‌مشهد,2732,3490875,156194097870,42900,45000,45000,2100,4.9,44740,1840,4.29,43000,45040,1400-6-24,2021-09-15
125,فايرا,آلومينيوم‌ايران‌,2724,9174465,185125876070,20720,20400,19890,-830,-4.01,20180,-540,-2.61,19850,20700,1400-6-24,2021-09-15
126,غمينو,شركت صنايع غذايي مينو شرق,2709,14240318,173925139610,11688,12272,12260,572,4.89,12214,526,4.5,11800,12272,1400-6-24,2021-09-15
127,ثاخت,بين‌المللي‌توسعه‌ساختمان,2708,27325787,74564310001,2787,2722,2730,-57,-2.05,2729,-58,-2.08,2698,2790,1400-6-24,2021-09-15
128,ماديرا,صنايع ماديران,2625,10893257,100706793809,9300,9300,9250,-50,-0.54,9245,-55,-0.59,9050,9600,1400-6-24,2021-09-15
129,دسانكو,داروسازي سبحان انكولوژي,2598,20936393,389277120109,17732,18610,18260,528,2.98,18593,861,4.86,18160,18618,1400-6-24,2021-09-15
130,فجر,فولاد اميركبيركاشان,2588,5793317,168671715030,28780,28840,29140,360,1.25,29110,330,1.15,28000,29900,1400-6-24,2021-09-15
131,غبشهر,صنعتي‌ بهشهر,2557,7148391,214303889750,29140,30100,29050,-90,-0.31,29980,840,2.88,28510,30500,1400-6-24,2021-09-15
132,شفارس,صنايع‌ شيميايي‌ فارس‌,2534,48416233,95562606541,2032,2000,1959,-73,-3.59,1974,-58,-2.85,1942,2020,1400-6-24,2021-09-15
133,غاذر,كشت‌وصنعت‌پياذر,2527,4235655,129334413130,29640,29850,31120,1480,4.99,30530,890,3,28200,31120,1400-6-24,2021-09-15
134,كبافق,معادن‌ بافق‌,2501,3027584,133294325880,42390,43800,44500,2110,4.98,44030,1640,3.87,41000,44500,1400-6-24,2021-09-15
135,ثالوند,سرمايه گذاري مسكن الوند,2463,4628561,95257168683,21360,21700,20292,-1068,-5,20580,-780,-3.65,20292,21700,1400-6-24,2021-09-15
136,تپمپي,پمپ‌ سازي‌ ايران‌,2435,9941211,208516165910,20030,21030,21030,1000,4.99,20970,940,4.69,20300,21030,1400-6-24,2021-09-15
137,كوير,توليدي فولاد سپيد فراب كوير,2416,7574866,114843170140,15260,15110,15270,10,0.07,15160,-100,-0.66,15000,15340,1400-6-24,2021-09-15
138,كلر,كلر پارس,2408,860316,102400247208,116565,118900,118500,1935,1.66,119026,2461,2.11,117000,122300,1400-6-24,2021-09-15
139,خمحركه,نيرو محركه‌,2387,13699355,62440025980,4629,4650,4520,-109,-2.35,4558,-71,-1.53,4458,4680,1400-6-24,2021-09-15
140,سفارس,سيمان فارس و خوزستان,2366,9949929,215793580200,21050,21050,21740,690,3.28,21690,640,3.04,20720,22090,1400-6-24,2021-09-15
141,قرن,پديده شيمي قرن,2365,1750124,58567732490,34680,33400,33450,-1230,-3.55,33460,-1220,-3.52,33050,34500,1400-6-24,2021-09-15
142,ختوقا,قطعات‌ اتومبيل‌ ايران‌,2347,27486957,75655737137,2761,2761,2750,-11,-0.4,2752,-9,-0.33,2680,2809,1400-6-24,2021-09-15
143,كيسون,شركت كيسون,2312,13259540,125706210875,9712,9880,9502,-210,-2.16,9480,-232,-2.39,9421,9880,1400-6-24,2021-09-15
144,غفارس,شير پاستوريزه پگاه فارس,2309,10577796,121087369429,12034,11800,11433,-601,-4.99,11447,-587,-4.88,11433,11801,1400-6-24,2021-09-15
145,غشهداب,كشت و صنعت شهداب ناب خراسان,2302,15342176,56838401843,3692,3692,3679,-13,-0.35,3705,13,0.35,3552,3782,1400-6-24,2021-09-15
146,قنيشا,قند  نيشابور,2266,2045503,100882757150,50300,50030,49980,-320,-0.64,49320,-980,-1.95,48120,51000,1400-6-24,2021-09-15
147,كاوه,فولاد كاوه جنوب كيش,2266,6172637,124059148300,20230,20500,20190,-40,-0.2,20100,-130,-0.64,19900,20530,1400-6-24,2021-09-15
148,وگستر,گسترش سرمايه گذاري ايرانيان,2265,8938161,94578668789,11026,10800,10475,-551,-5,10581,-445,-4.04,10475,11097,1400-6-24,2021-09-15
149,خاور,ايران خودرو ديزل,2257,12800573,112000610204,8886,8830,8628,-258,-2.9,8750,-136,-1.53,8620,9010,1400-6-24,2021-09-15
150,تاپكيش,تجارت الكترونيك پارسيان كيش,2251,16092653,272640783376,16232,16380,17043,811,5,16942,710,4.37,15900,17043,1400-6-24,2021-09-15
151,شلرد,كود شيميايي اوره لردگان,2239,11991657,103208137119,8442,8600,8695,253,3,8607,165,1.95,8220,8695,1400-6-24,2021-09-15
152,پتاير,ايران‌ تاير,2214,24271207,71268669768,2999,2989,2914,-85,-2.83,2936,-63,-2.1,2900,2989,1400-6-24,2021-09-15
153,سرو,صندوق س سروسودمند مدبران-سهام,2192,2038461,162320768210,80000,80020,79600,-400,-0.5,79630,-370,-0.46,78800,80500,1400-6-24,2021-09-15
154,وايران,ليزينگ ايرانيان,2170,12060953,76857222660,6240,6260,6310,70,1.12,6370,130,2.08,6240,6520,1400-6-24,2021-09-15
155,فمراد,آلومراد,2115,15603310,372599590460,22760,23890,23890,1130,4.96,23880,1120,4.92,23270,23890,1400-6-24,2021-09-15
156,فسپا,گروه‌صنعتي‌سپاهان‌,2113,4256637,102718688760,24610,24610,24000,-610,-2.48,24130,-480,-1.95,23380,25290,1400-6-24,2021-09-15
157,غسالم,سالمين‌,2100,12516460,46228863615,3831,3820,3700,-131,-3.42,3693,-138,-3.6,3647,3820,1400-6-24,2021-09-15
158,دانا,بيمه دانا,2100,26069571,170184473530,6530,6530,6400,-130,-1.99,6530,0,0,6330,6740,1400-6-24,2021-09-15
159,ونوين,بانك‌اقتصادنوين‌,2096,23792723,106823094303,4507,4500,4499,-8,-0.18,4490,-17,-0.38,4420,4521,1400-6-24,2021-09-15
160,چكارن,كارتن‌ ايران‌,2081,20711516,68138063829,3233,3171,3314,81,2.51,3290,57,1.76,3171,3359,1400-6-24,2021-09-15
161,ولساپا,ليزينگ رايان‌ سايپا,2065,15948255,48361804540,3020,3106,3018,-2,-0.07,3032,12,0.4,2971,3106,1400-6-24,2021-09-15
162,حريل,ريل پردازسير,2064,24141434,108546681128,4675,4745,4443,-232,-4.96,4496,-179,-3.83,4442,4745,1400-6-24,2021-09-15
163,فنورد,نوردوقطعات‌ فولادي‌,2058,406097,88410651530,222530,218900,214520,-8010,-3.6,217710,-4820,-2.17,211410,222950,1400-6-24,2021-09-15
164,خزر,فنرسازي‌زر,2055,7338417,141837052900,18420,19340,19340,920,4.99,19330,910,4.94,19000,19340,1400-6-24,2021-09-15
165,حفاري,حفاري شمال,2014,8414152,55877507310,6630,6630,6590,-40,-0.6,6640,10,0.15,6510,6840,1400-6-24,2021-09-15
166,ونيرو,سرمايه‌گذاري‌نيرو,2008,18306604,57395258430,3078,3090,3118,40,1.3,3135,57,1.85,3050,3200,1400-6-24,2021-09-15
167,سفاسي,شركت فارسيت اهواز,1987,7161262,43161230381,6022,5900,6000,-22,-0.37,6027,5,0.08,5872,6150,1400-6-24,2021-09-15
168,كسرام,پارس‌ سرام‌,1983,11530034,71319917290,6310,6250,6290,-20,-0.32,6190,-120,-1.9,6010,6430,1400-6-24,2021-09-15
169,آگاس,صندوق س.هستي بخش آگاه-س,1981,991411,83605821438,84711,85970,84070,-641,-0.76,84330,-381,-0.45,83850,85970,1400-6-24,2021-09-15
170,حسير,ريل سير كوثر,1972,8469886,367673424504,45656,43380,43374,-2282,-5,43409,-2247,-4.92,43374,45500,1400-6-24,2021-09-15
171,دتوزيع,توزيع دارو پخش,1970,2236398,81757115196,35553,36620,37310,1757,4.94,36557,1004,2.82,34510,37330,1400-6-24,2021-09-15
172,ضخود7075,اختيارخ خودرو-2000-1400/07/07,1947,87932,13293092000,181,170,136,-45,-24.86,151,-30,-16.57,128,180,1400-6-24,2021-09-15
173,افران,صندوق س افرا نماد پايدار-ثابت,1945,64713612,923476750655,14262,14270,14274,12,0.08,14270,8,0.06,14269,14274,1400-6-24,2021-09-15
174,وپست,پست بانك ايران,1938,9581537,233728218940,23350,23820,24510,1160,4.97,24390,1040,4.45,23350,24510,1400-6-24,2021-09-15
175,وهور,مديريت انرژي اميد  تابان هور,1933,40704322,72502585788,1845,1810,1804,-41,-2.22,1781,-64,-3.47,1753,1830,1400-6-24,2021-09-15
176,كحافظح,ح . كاشي‌ وسراميك‌ حافظ‌,1931,16556508,44949305305,2801,2700,2654,-147,-5.25,2715,-86,-3.07,2603,2820,1400-6-24,2021-09-15
177,سصفها,سيمان‌اصفهان‌,1927,1271552,79115377710,63140,61180,61090,-2050,-3.25,62220,-920,-1.46,61010,63660,1400-6-24,2021-09-15
178,هرمز,فولاد هرمزگان جنوب,1926,4997682,93126276739,18763,19000,18560,-203,-1.08,18665,-98,-0.52,18300,19071,1400-6-24,2021-09-15
179,تاپيكو,س. نفت و گاز و پتروشيمي تأمين,1916,5598722,77339954460,13900,13750,13880,-20,-0.14,13840,-60,-0.43,13570,13930,1400-6-24,2021-09-15
180,زنگان,صنعت روي زنگان,1903,1507510,113130784398,72603,76233,74531,1928,2.66,75045,2442,3.36,73062,76233,1400-6-24,2021-09-15
181,شيران,س. صنايع‌شيميايي‌ايران,1891,3447514,92546497130,27160,27250,26670,-490,-1.8,26850,-310,-1.14,26500,27400,1400-6-24,2021-09-15
182,خكمك,كمك‌فنرايندامين‌,1883,3814850,88197777430,22350,22650,23200,850,3.8,23120,770,3.45,21790,23460,1400-6-24,2021-09-15
183,تسه0005,امتيازتسهيلات مسكن مرداد 1400,1867,79803,48267831218,596719,600000,619900,23181,3.88,604837,8118,1.36,591000,619990,1400-6-24,2021-09-15
184,خمحور,توليدمحورخودرو,1863,52187527,221115041814,4042,4042,4244,202,5,4237,195,4.82,3910,4244,1400-6-24,2021-09-15
185,وساپا,سرمايه‌گذاري‌ سايپا,1863,11286692,62817711950,5660,5700,5510,-150,-2.65,5570,-90,-1.59,5470,5700,1400-6-24,2021-09-15
186,ومعادن,توسعه‌معادن‌وفلزات‌,1848,17920730,199768534180,11200,11010,11150,-50,-0.45,11150,-50,-0.45,10980,11310,1400-6-24,2021-09-15
187,كگاز,شيشه‌ و گاز,1845,5578309,134209362880,23080,23850,23120,40,0.17,24060,980,4.25,22360,24230,1400-6-24,2021-09-15
188,ثنور,سرمايه گذاري كوه نور,1834,11545005,82357128693,7272,7290,7200,-72,-0.99,7134,-138,-1.9,7054,7480,1400-6-24,2021-09-15
189,شپترو,پتروشيمي آبادان,1822,17244761,88448721256,5044,5005,5160,116,2.3,5129,85,1.69,5000,5187,1400-6-24,2021-09-15
190,رمپنا,گروه مپنا (سهامي عام),1812,13027068,249114295420,19610,19200,18830,-780,-3.98,19120,-490,-2.5,18830,19540,1400-6-24,2021-09-15
191,كگل,معدني و صنعتي گل گهر,1795,9918652,235212497230,23840,23350,23390,-450,-1.89,23710,-130,-0.55,23350,23890,1400-6-24,2021-09-15
192,افق,فروشگاههاي زنجيره اي افق كوروش,1794,933927,57169684410,61560,62000,61010,-550,-0.89,61290,-270,-0.44,60320,62280,1400-6-24,2021-09-15
193,چدن,توليدي چدن سازان,1782,16999014,70628311767,4264,4335,4100,-164,-3.85,4155,-109,-2.56,4070,4335,1400-6-24,2021-09-15
194,دتوليد,داروسازي توليد دارو,1776,5837193,88818537789,15972,15250,15174,-798,-5,15216,-756,-4.73,15174,15983,1400-6-24,2021-09-15
195,ددام,داروسازي زاگرس فارمد پارس,1767,6455057,106345267740,17160,17230,16550,-610,-3.55,16470,-690,-4.02,16310,17230,1400-6-24,2021-09-15
196,كپارس,كاشي‌ پارس‌,1757,813419,117354615550,140880,140880,143910,3030,2.15,144270,3390,2.41,140880,147910,1400-6-24,2021-09-15
197,رنيك,جنرال مكانيك,1746,3818116,67439982751,17104,17100,17500,396,2.32,17663,559,3.27,16900,17950,1400-6-24,2021-09-15
198,وبانك,سرمايه گذاري گروه توسعه ملي,1743,6952446,60284813850,8820,8820,8720,-100,-1.13,8720,-100,-1.13,8550,8840,1400-6-24,2021-09-15
199,سيلام,سيمان‌ ايلام‌,1740,9459992,100190794610,10390,10760,10580,190,1.83,10590,200,1.92,10400,10800,1400-6-24,2021-09-15
200,كنور,توسعه معدني و صنعتي صبانور,1734,4517178,86861801450,19590,19700,19300,-290,-1.48,19270,-320,-1.63,18800,19850,1400-6-24,2021-09-15
201,بكام,كارخانجات توليدي شهيد قندي,1731,12800950,38093667798,3077,3100,2946,-131,-4.26,2976,-101,-3.28,2940,3100,1400-6-24,2021-09-15
202,ولغدر,ليزينگ‌خودروغدير,1729,6587039,106955316910,15600,16200,16380,780,5,16240,640,4.1,15450,16380,1400-6-24,2021-09-15
203,سامان,بانك سامان,1727,21494332,196157104693,9289,9289,9100,-189,-2.03,9126,-163,-1.75,9021,9450,1400-6-24,2021-09-15
204,تليسه,دامداري تليسه نمونه,1726,8749901,30844332041,3616,3540,3510,-106,-2.93,3525,-91,-2.52,3480,3616,1400-6-24,2021-09-15
205,بنو,بيمه تجارت نو,1716,10476408,154855950599,15256,14856,14494,-762,-4.99,14781,-475,-3.11,14494,15242,1400-6-24,2021-09-15
206,ونيكي,سرمايه‌گذاري‌ ملي‌ايران‌,1716,5190315,57030112980,10930,11150,10890,-40,-0.37,10970,40,0.37,10750,11150,1400-6-24,2021-09-15
207,رتاپ,تجارت الكترونيك  پارسيان,1699,5254210,33949157000,6720,6600,6430,-290,-4.32,6460,-260,-3.87,6390,6680,1400-6-24,2021-09-15
208,حتوكا,حمل‌ونقل‌توكا,1696,3081625,66339963870,20900,21500,21260,360,1.72,21530,630,3.01,20900,21900,1400-6-24,2021-09-15
209,فسرب,ملي‌ سرب‌وروي‌ ايران‌,1694,883918,70065536650,78150,78000,80000,1850,2.37,79270,1120,1.43,76500,81500,1400-6-24,2021-09-15
210,پاسا,ايران‌ياساتايرورابر,1685,3794750,83051538330,22130,21620,21650,-480,-2.17,21890,-240,-1.08,21510,22400,1400-6-24,2021-09-15
211,ثشرق,سرمايه گذاري مسكن شمال شرق,1663,15327185,89771637060,5760,5790,5900,140,2.43,5860,100,1.74,5590,5990,1400-6-24,2021-09-15
212,حآسا,آسيا سير ارس,1662,2119296,52054902066,24878,24877,24160,-718,-2.89,24562,-316,-1.27,23828,25800,1400-6-24,2021-09-15
213,وپاسار,بانك  پاسارگاد,1659,26403255,395253031500,14970,14970,14970,0,0,14970,0,0,14960,14980,1400-6-24,2021-09-15
214,غپينو,پارس‌ مينو,1655,8257169,43740810570,5420,5260,5290,-130,-2.4,5300,-120,-2.21,5220,5440,1400-6-24,2021-09-15
215,شلعاب,لعابيران‌,1648,5545455,49778139080,8900,9000,9000,100,1.12,8980,80,0.9,8610,9250,1400-6-24,2021-09-15
216,پارس,پتروشيمي پارس,1639,958644,199320597920,205670,209290,206000,330,0.16,207920,2250,1.09,205610,214440,1400-6-24,2021-09-15
217,سخاش,سيمان‌خاش‌,1630,616071,81784235380,127630,133540,133980,6350,4.98,132750,5120,4.01,128000,134010,1400-6-24,2021-09-15
218,حفارس,حمل و نقل بين المللي خليج فارس,1628,17079714,74041236014,4351,4500,4381,30,0.69,4335,-16,-0.37,4215,4500,1400-6-24,2021-09-15
219,اميد,تامين سرمايه اميد,1615,8076338,55478539050,6980,6820,6800,-180,-2.58,6870,-110,-1.58,6690,7160,1400-6-24,2021-09-15
220,شكربن,كربن‌ ايران‌,1581,1778996,233979218410,125310,131570,131570,6260,5,131520,6210,4.96,126620,131570,1400-6-24,2021-09-15
221,تبرك,گروه كارخانجات صنعتي تبرك,1575,3730528,50414650749,13875,13990,13336,-539,-3.88,13514,-361,-2.6,13280,14130,1400-6-24,2021-09-15
222,پاكشو,گروه صنعتي پاكشو,1573,12299248,71225029380,5920,5850,5730,-190,-3.21,5840,-80,-1.35,5730,5880,1400-6-24,2021-09-15
223,دزهراوي,داروسازي‌زهراوي‌,1545,6654215,45367706780,6850,6990,7010,160,2.34,6820,-30,-0.44,6510,7120,1400-6-24,2021-09-15
224,كنورح,ح توسعه معدني و صنعتي صبانور,1538,5178316,87298333800,16890,16500,16690,-200,-1.18,16860,-30,-0.18,16390,17100,1400-6-24,2021-09-15
225,ولشرق,ليزينگ ايران و شرق,1534,14811440,99539020881,6502,6620,6827,325,5,6720,218,3.35,6315,6827,1400-6-24,2021-09-15
226,شاراك,پتروشيمي شازند,1527,2274535,98308727880,43370,43010,43340,-30,-0.07,43220,-150,-0.35,42620,43990,1400-6-24,2021-09-15
227,ثرود,سرمايه‌گذاري مسكن زاينده رود,1525,3401473,45811360442,13172,13750,13330,158,1.2,13468,296,2.25,13280,13750,1400-6-24,2021-09-15
228,وتوصا,گروه س توسعه صنعتي ايران,1524,7596551,75186410490,10100,10090,9900,-200,-1.98,9900,-200,-1.98,9720,10100,1400-6-24,2021-09-15
229,مرقام,ايران‌ارقام‌,1524,3000494,49916396880,17010,17120,16630,-380,-2.23,16640,-370,-2.18,16320,17280,1400-6-24,2021-09-15
230,دبالك,مواد اوليه دارويي البرز بالك,1507,6245165,89290728205,14976,14600,14228,-748,-4.99,14298,-678,-4.53,14228,14855,1400-6-24,2021-09-15
231,تيپيكوح,ح . سرمايه گذاري دارويي تامين,1506,4373974,83420927700,18630,18800,19100,470,2.52,19070,440,2.36,18490,19390,1400-6-24,2021-09-15
232,ورازي,بيمه رازي,1500,38548255,71882236761,1878,1860,1896,18,0.96,1865,-13,-0.69,1785,1930,1400-6-24,2021-09-15
233,كاذر,فرآورده‌هاي‌نسوزآذر,1492,3238614,59703642090,18160,18170,18950,790,4.35,18430,270,1.49,17500,19000,1400-6-24,2021-09-15
234,خوساز,محورسازان‌ايران‌خودرو,1473,10801145,98869776810,9500,9300,9030,-470,-4.95,9150,-350,-3.68,9030,9650,1400-6-24,2021-09-15
235,زنجان,صنايع كشاورزي وكود زنجان,1471,11662944,71591822373,5966,6100,6144,178,2.98,6138,172,2.88,5990,6144,1400-6-24,2021-09-15
236,كوثر,بيمه كوثر,1470,4485134,59336932158,13482,13120,13200,-282,-2.09,13230,-252,-1.87,13000,13500,1400-6-24,2021-09-15
237,ثتران,سرمايه گذاري مسكن تهران,1468,17039490,70968225152,4334,4230,4131,-203,-4.68,4165,-169,-3.9,4118,4360,1400-6-24,2021-09-15
238,كپشير,پشم‌شيشه‌ايران‌,1462,3930719,76924733950,20520,20950,19500,-1020,-4.97,19570,-950,-4.63,19500,20950,1400-6-24,2021-09-15
239,رانفور,خدمات‌انفورماتيك‌,1458,10213215,70758295670,7000,7000,6940,-60,-0.86,6930,-70,-1,6850,7100,1400-6-24,2021-09-15
240,وآذر,سرمايه‌گذاري‌توسعه‌آذربايجان‌,1448,1127739,75704388140,67290,65720,68380,1090,1.62,67130,-160,-0.24,64900,69000,1400-6-24,2021-09-15
241,ميهن,بيمه ميهن,1439,13109435,46240887220,3658,3523,3476,-182,-4.98,3527,-131,-3.58,3476,3680,1400-6-24,2021-09-15
242,بكهنوج,توليد برق ماهتاب كهنوج,1427,18979013,30363848800,1631,1633,1590,-41,-2.51,1600,-31,-1.9,1582,1633,1400-6-24,2021-09-15
243,خمهر,مهركام‌پارس‌,1417,16219215,41085926732,2522,2530,2540,18,0.71,2533,11,0.44,2470,2622,1400-6-24,2021-09-15
244,چكاوه,صنايع‌كاغذسازي‌كاوه‌,1405,11480602,177688529660,14810,14810,15110,300,2.03,15480,670,4.52,14610,15550,1400-6-24,2021-09-15
245,ثباغ,شهر سازي و خانه سازي باغميشه,1399,13323014,177733240313,13271,12900,13919,648,4.88,13340,69,0.52,12770,13934,1400-6-24,2021-09-15
246,تكشا,گسترش‌صنايع‌وخدمات‌كشاورزي‌,1396,2188363,86770191260,37980,38350,39870,1890,4.98,39650,1670,4.4,37050,39870,1400-6-24,2021-09-15
247,خكرمان,گروه اقتصادي كرمان خودرو,1384,17106358,61795806373,3718,3650,3610,-108,-2.9,3612,-106,-2.85,3607,3690,1400-6-24,2021-09-15
248,آسيا,بيمه آسيا,1383,18748225,39898573647,2134,2100,2135,1,0.05,2128,-6,-0.28,2081,2176,1400-6-24,2021-09-15
249,وسبحان,سرمايه گذاري سبحان,1366,23719120,83415515538,3477,3551,3505,28,0.81,3517,40,1.15,3455,3573,1400-6-24,2021-09-15
250,وساخت,سرمايه‌ گذاري‌ ساختمان‌ايران‌,1357,935271,46097503330,50810,50810,48980,-1830,-3.6,49290,-1520,-2.99,48980,50810,1400-6-24,2021-09-15
251,وبيمه,سرمايه‌ گذاري‌ صنعت‌ بيمه‌,1357,19511613,40796669021,2083,2011,2070,-13,-0.62,2091,8,0.38,2011,2139,1400-6-24,2021-09-15
252,شفن,پتروشيمي فناوران,1356,168748,64304379020,383760,387000,380000,-3760,-0.98,382030,-1730,-0.45,379630,387000,1400-6-24,2021-09-15
253,ومهان,گروه توسعه مالي مهر آيندگان,1355,2437815,38649109472,16078,15912,15970,-108,-0.67,15941,-137,-0.85,15650,16199,1400-6-24,2021-09-15
254,گكوثر,هتل پارسيان كوثر اصفهان,1353,14525569,32196085423,2254,2211,2230,-24,-1.06,2217,-37,-1.64,2195,2279,1400-6-24,2021-09-15
255,نطرين,عطرين نخ قم,1352,5339570,47088685652,8827,8899,8800,-27,-0.31,8819,-8,-0.09,8511,8975,1400-6-24,2021-09-15
256,فنوال,نورد آلومينيوم‌,1351,2948334,91332080380,32420,31510,30900,-1520,-4.69,30980,-1440,-4.44,30800,32490,1400-6-24,2021-09-15
257,بموتو,موتوژن‌,1348,970629,84045864900,83040,86680,86720,3680,4.43,86590,3550,4.28,83110,87190,1400-6-24,2021-09-15
258,شفارا,پتروشيمي فارابي,1345,32173801,231618281986,6992,7200,7201,209,2.99,7199,207,2.96,7061,7201,1400-6-24,2021-09-15
259,ضخود7077,اختيارخ خودرو-3000-1400/07/07,1336,66508,68849000,2,2,1,-1,-50,1,-1,-50,1,2,1400-6-24,2021-09-15
260,فاسمين,كالسيمين‌,1334,5041628,85014992470,17060,17290,16900,-160,-0.94,16860,-200,-1.17,16660,17290,1400-6-24,2021-09-15
261,پارند,صندوق س. پارند پايدار سپهر,1332,32655506,328294112749,10046,10052,10054,8,0.08,10053,7,0.07,10051,10055,1400-6-24,2021-09-15
262,پارسان,گسترش نفت و گاز پارسيان,1321,10252101,320920298350,31500,31400,31120,-380,-1.21,31300,-200,-0.63,30860,31580,1400-6-24,2021-09-15
263,فولاژ,فولاد آلياژي ايران,1319,3698886,64224611220,17900,17980,17330,-570,-3.18,17490,-410,-2.29,17080,17980,1400-6-24,2021-09-15
264,كچاد,معدني‌وصنعتي‌چادرملو,1309,2109528,63555834160,30380,30490,29980,-400,-1.32,30240,-140,-0.46,29780,30490,1400-6-24,2021-09-15
265,شتوكا,توكا رنگ فولاد سپاهان,1298,2767917,100139493582,34549,35000,36276,1727,5,36179,1630,4.72,34850,36276,1400-6-24,2021-09-15
266,كلوند,كاشي‌ الوند,1292,1945154,48565391850,25700,25740,24500,-1200,-4.67,24970,-730,-2.84,24500,25950,1400-6-24,2021-09-15
267,وپترو,سرمايه‌گذاري صنايع پتروشيمي‌,1285,4117445,59980217680,14380,14290,14570,190,1.32,14570,190,1.32,14080,14850,1400-6-24,2021-09-15
268,وثخوز,سرمايه گذاري و توسعه خوزستان,1280,1450844,58694140474,42013,42200,41470,-543,-1.29,40455,-1558,-3.71,39913,42300,1400-6-24,2021-09-15
269,تكمبا,كمباين‌ سازي‌ ايران‌,1272,5522452,38183354830,7130,7150,6800,-330,-4.63,6910,-220,-3.09,6780,7250,1400-6-24,2021-09-15
270,زاگرس,پتروشيمي زاگرس,1265,419409,113226357848,273182,274450,269900,-3282,-1.2,269966,-3216,-1.18,268100,274450,1400-6-24,2021-09-15
271,بالبر,كابل‌ البرز,1263,1151612,40473915930,35510,36590,34600,-910,-2.56,35150,-360,-1.01,34220,36590,1400-6-24,2021-09-15
272,غگرجي,بيسكويت‌  گرجي‌,1260,8953781,26120357344,2974,2976,2875,-99,-3.33,2917,-57,-1.92,2855,3050,1400-6-24,2021-09-15
273,وآوا,سرمايه گذاري آوا نوين,1253,3945796,20112174730,5191,5166,5111,-80,-1.54,5097,-94,-1.81,5040,5199,1400-6-24,2021-09-15
274,فجام,جام‌دارو,1239,7422664,60661114260,8000,8280,8200,200,2.5,8170,170,2.13,7820,8300,1400-6-24,2021-09-15
275,ثعمرا,عمران و توسعه شاهد,1238,5033923,57677147308,11910,11700,11315,-595,-5,11458,-452,-3.8,11315,12000,1400-6-24,2021-09-15
276,سبهان,سيمان‌ بهبهان‌,1233,419072,27057640350,64040,65000,65150,1110,1.73,64570,530,0.83,62120,66000,1400-6-24,2021-09-15
277,ارفع,شركت آهن و فولاد ارفع,1231,2502846,41936664791,17039,16902,16860,-179,-1.05,16891,-148,-0.87,16600,16950,1400-6-24,2021-09-15
278,ستران,سيمان‌ تهران‌,1227,1388979,40139932310,28830,29450,29000,170,0.59,28900,70,0.24,27510,29500,1400-6-24,2021-09-15
279,ميدكو,توسعه معادن وص.معدني خاورميانه,1222,7283257,339345407920,46650,46650,46610,-40,-0.09,46590,-60,-0.13,45840,46700,1400-6-24,2021-09-15
280,وثوق,سرمايه گذاري وثوق امين,1219,2592514,43318689807,16862,17000,16357,-505,-2.99,16709,-153,-0.91,16357,17367,1400-6-24,2021-09-15
281,كساوه,صنايع‌ كاشي‌ و سراميك‌ سينا,1218,1327477,76176164050,55090,56000,57800,2710,4.92,57380,2290,4.16,55090,57840,1400-6-24,2021-09-15
282,قشكر,شكرشاهرود,1211,19560718,79397935490,4264,4286,4051,-213,-5,4059,-205,-4.81,4051,4286,1400-6-24,2021-09-15
283,وصنعت,سرمايه گذاري توسعه صنعت وتجارت,1206,3862513,26719521470,7090,7030,6920,-170,-2.4,6920,-170,-2.4,6870,7030,1400-6-24,2021-09-15
284,غديس,پاكديس,1205,4727625,70229229604,15114,14860,14700,-414,-2.74,14855,-259,-1.71,14560,15469,1400-6-24,2021-09-15
285,اطلس,صندوق س.توسعه اندوخته آينده-س,1196,166422,43533518031,265501,266000,261616,-3885,-1.46,261585,-3916,-1.47,260000,266000,1400-6-24,2021-09-15
286,ولانا,شركت ليزينگ آريا دانا,1183,1873926,46186995976,24033,24202,24753,720,3,24647,614,2.55,23811,24753,1400-6-24,2021-09-15
287,كيميا,معدني كيمياي زنجان گستران,1182,3975688,61311277666,15816,15698,15600,-216,-1.37,15422,-394,-2.49,15051,15698,1400-6-24,2021-09-15
288,زدشت,كشت و صنعت دشت خرم دره,1166,1698444,35509054436,21689,20880,20900,-789,-3.64,20907,-782,-3.61,20730,21500,1400-6-24,2021-09-15
289,تاصيكو,سرمايه گذاري صدرتامين,1166,5610242,58838554050,10640,10560,10430,-210,-1.97,10560,-80,-0.75,10310,10740,1400-6-24,2021-09-15
290,غالبر,لبنيات‌ كالبر,1164,2554500,33685520160,13500,13080,13230,-270,-2,13190,-310,-2.3,12880,13500,1400-6-24,2021-09-15
291,خريخت,صنايع‌ريخته‌گري‌ايران‌,1163,12407293,48128082114,3812,3900,3858,46,1.21,3879,67,1.76,3700,3980,1400-6-24,2021-09-15
292,آ س پ,آ.س.پ,1160,4413859,47156608018,10989,11285,10447,-542,-4.93,10684,-305,-2.78,10440,11285,1400-6-24,2021-09-15
293,ضخود7076,اختيارخ خودرو-2500-1400/07/07,1155,60497,698589000,21,19,9,-12,-57.14,12,-9,-42.86,8,20,1400-6-24,2021-09-15
294,چفيبر,فيبر ايران‌,1155,6664520,51267784440,7760,7710,7850,90,1.16,7690,-70,-0.9,7440,7930,1400-6-24,2021-09-15
295,لخزر,پارس‌ خزر,1149,439860,77431416890,174480,173090,171740,-2740,-1.57,176040,1560,0.89,170100,180250,1400-6-24,2021-09-15
296,شدوص,دوده‌ صنعتي‌ پارس‌,1148,3084366,73517033570,24600,24860,23480,-1120,-4.55,23840,-760,-3.09,23370,24860,1400-6-24,2021-09-15
297,آپ,آسان پرداخت پرشين,1128,6682659,90250754220,14130,14200,13430,-700,-4.95,13510,-620,-4.39,13430,14200,1400-6-24,2021-09-15
298,غگلستا,شير پاستوريزه پگاه گلستان,1125,2539920,41506645534,17063,17000,16347,-716,-4.2,16342,-721,-4.23,16210,17000,1400-6-24,2021-09-15
299,لازما,كارخانه هاي صنعتي آزمايش,1124,2745119,76027098763,27141,27152,27955,814,3,27695,554,2.04,26500,27955,1400-6-24,2021-09-15
300,داسوه,داروسازي‌ اسوه‌,1123,2027775,62813348550,29700,30270,31180,1480,4.98,30980,1280,4.31,29500,31180,1400-6-24,2021-09-15
301,خشرق,الكتريك‌ خودرو شرق‌,1120,4077526,69886984330,17010,17000,17170,160,0.94,17140,130,0.76,16560,17500,1400-6-24,2021-09-15
302,وسگيلا,شركت س استان گيلان,1117,58241070,34835418985,619,609,599,-20,-3.23,599,-20,-3.23,589,612,1400-6-24,2021-09-15
303,ورنا,سرمايه‌گذاري‌ رنا(هلدينگ‌,1117,6472229,35243260840,5540,5530,5360,-180,-3.25,5450,-90,-1.62,5300,5640,1400-6-24,2021-09-15
304,فرآور,فرآوري‌موادمعدني‌ايران‌,1117,1231863,41698042460,34700,34450,33260,-1440,-4.15,33850,-850,-2.45,33100,35000,1400-6-24,2021-09-15
305,وحافظح,ح . بيمه حافظ,1112,8011561,41592528882,5239,5082,5350,111,2.12,5192,-47,-0.9,5082,5396,1400-6-24,2021-09-15
306,وساشرقي,شركت س استان آذربايجان شرقي,1112,63644245,38961378599,642,613,611,-31,-4.83,619,-23,-3.58,610,627,1400-6-24,2021-09-15
307,غبهار,كشت وصنعت بهاران گلبهار خراسان,1111,1855159,32603584408,17342,17180,17800,458,2.64,17575,233,1.34,17050,17862,1400-6-24,2021-09-15
308,كسرا,سراميك‌هاي‌صنعتي‌اردكان‌,1110,3640363,70204903340,19740,19990,19700,-40,-0.2,19290,-450,-2.28,19000,19990,1400-6-24,2021-09-15
309,كروي,توسعه‌ معادن‌ روي‌ ايران‌,1110,2152265,58428122050,27740,26780,26970,-770,-2.78,27150,-590,-2.13,26770,27680,1400-6-24,2021-09-15
310,چافست,افست‌,1104,3686930,55044605520,14320,14580,15030,710,4.96,14930,610,4.26,14330,15030,1400-6-24,2021-09-15
311,غچين,كشت‌ و صنعت‌ چين‌ چين,1096,2653354,45359565650,17450,17600,16900,-550,-3.15,17100,-350,-2.01,16700,17600,1400-6-24,2021-09-15
312,نوين,بيمه نوين,1091,4781892,26472781047,5654,5510,5531,-123,-2.18,5536,-118,-2.09,5462,5700,1400-6-24,2021-09-15
313,ثپرديس,سرمايه گذاري مسكن پرديس,1090,22801251,156702099999,6546,6873,6873,327,5,6873,327,5,6675,6873,1400-6-24,2021-09-15
314,سدور,سيمان‌ دورود,1088,3529179,31974002770,9330,9290,9110,-220,-2.36,9060,-270,-2.89,8910,9290,1400-6-24,2021-09-15
315,لپيام,گسترش صنايع پيام,1082,2409954,113296216903,45653,47020,47022,1369,3,47012,1359,2.98,45700,47022,1400-6-24,2021-09-15
316,سصوفي,سيمان‌ صوفيان‌,1076,2593995,51526008200,19520,20380,20000,480,2.46,19860,340,1.74,18750,20380,1400-6-24,2021-09-15
317,وسهمدا,شركت س استان همدان,1073,42113222,25496878834,605,591,620,15,2.48,605,0,0,581,624,1400-6-24,2021-09-15
318,فوكا,فولاد كاويان,1068,4812266,74863521160,15559,15380,15600,41,0.26,15557,-2,-0.01,15350,15840,1400-6-24,2021-09-15
319,كترام,توليدي‌ كاشي‌ تكسرام‌,1055,2817626,78634870350,29330,29240,27870,-1460,-4.98,27910,-1420,-4.84,27870,29240,1400-6-24,2021-09-15
320,البرز,بيمه البرز,1044,30116552,80179295042,2690,2689,2642,-48,-1.78,2662,-28,-1.04,2626,2709,1400-6-24,2021-09-15
321,تمحركه,ماشين سازي نيرو محركه,1043,4184406,58429296360,13620,14025,14028,408,3,13964,344,2.53,13630,14028,1400-6-24,2021-09-15
322,ريشمك,توليد و صادرات ريشمك,1026,876114,39187265712,44785,44498,44765,-20,-0.04,44728,-57,-0.13,43700,45140,1400-6-24,2021-09-15
323,كحافظ,كاشي‌ وسراميك‌ حافظ‌,1023,5863754,25605299688,4449,4300,4301,-148,-3.33,4367,-82,-1.84,4300,4480,1400-6-24,2021-09-15
324,بهپاك,صنعتي بهپاك,1020,7595529,53784879859,6994,7300,7000,6,0.09,7081,87,1.24,6930,7300,1400-6-24,2021-09-15
325,والبر,سرمايه‌ گذاري‌ البرز(هلدينگ‌,1018,2851292,27017384070,9410,9430,9500,90,0.96,9470,60,0.64,9410,9640,1400-6-24,2021-09-15
326,دلر,داروسازي‌ اكسير,1011,3425074,153175562410,42760,44400,44890,2130,4.98,44720,1960,4.58,42060,44890,1400-6-24,2021-09-15
327,آبين,كشت و صنعت آبشيرين,1000,15061891,46987823648,3037,3128,3049,12,0.4,3120,83,2.73,3040,3128,1400-6-24,2021-09-15
328,وتوكا,سرمايه‌گذاري‌توكافولاد(هلدينگ,995,6779946,75204899200,11120,10900,10990,-130,-1.17,11090,-30,-0.27,10600,11400,1400-6-24,2021-09-15
329,مدير,ص.س.مديريت ثروت ص.بازنشستگي-س,995,2295293,23339117157,10329,10300,10141,-188,-1.82,10168,-161,-1.56,10087,10360,1400-6-24,2021-09-15
330,قاسم,قاسم ايران,993,3265165,30329676905,9188,9050,9211,23,0.25,9289,101,1.1,9050,9549,1400-6-24,2021-09-15
331,دكپسول,توليد ژلاتين كپسول ايران,990,1109211,42589225296,37182,38328,37853,671,1.8,38396,1214,3.27,37183,39041,1400-6-24,2021-09-15
332,ثغرب,شركت سرمايه گذاري مسكن شمالغرب,989,3642370,24392249191,6827,7050,6555,-272,-3.98,6697,-130,-1.9,6550,7050,1400-6-24,2021-09-15
333,خچرخش,چرخشگر,984,6546788,84108118410,12260,12830,12870,610,4.98,12850,590,4.81,12280,12870,1400-6-24,2021-09-15
334,حپترو,حمل و نقل پتروشيمي( سهامي عام,977,959908,34376147940,37500,36300,35700,-1800,-4.8,35810,-1690,-4.51,35630,36560,1400-6-24,2021-09-15
335,حتايد,تايدواترخاورميانه,977,2305280,55957375090,24410,25000,24130,-280,-1.15,24270,-140,-0.57,24000,25000,1400-6-24,2021-09-15
336,ولراز,ليزينگ رازي,970,875294,24094446201,27781,27000,27720,-61,-0.22,27527,-254,-0.91,26960,28290,1400-6-24,2021-09-15
337,وبوعلي,سرمايه‌گذاري‌بوعلي‌,966,5402908,26111796871,4813,4890,4850,37,0.77,4833,20,0.42,4755,4949,1400-6-24,2021-09-15
338,خاهن,آهنگري‌ تراكتورسازي‌ ايران‌,965,4302836,34499668600,8160,8250,8040,-120,-1.47,8020,-140,-1.72,7890,8250,1400-6-24,2021-09-15
339,قجام,فرآوردههاي غذايي وقندتربت‌جام‌,961,7922090,52343966510,6487,6590,6616,129,1.99,6607,120,1.85,6496,6616,1400-6-24,2021-09-15
340,ساينا,صنايع بهداشتي ساينا,956,876418,121339688833,145571,140024,138293,-7278,-5,138450,-7121,-4.89,138293,142899,1400-6-24,2021-09-15
341,پكوير,كوير تاير,943,1873910,28117453330,15490,15150,14760,-730,-4.71,15000,-490,-3.16,14740,15500,1400-6-24,2021-09-15
342,دلقما,دارويي‌ لقمان‌,935,1379059,66211314020,47240,50000,47500,260,0.55,48010,770,1.63,47500,50000,1400-6-24,2021-09-15
343,وسينا,بانك سينا,935,13507524,40862803755,3087,3011,3010,-77,-2.49,3025,-62,-2.01,2990,3100,1400-6-24,2021-09-15
344,قصفها,قنداصفهان‌,934,367468,40089067280,113270,112000,108700,-4570,-4.03,109100,-4170,-3.68,107610,113000,1400-6-24,2021-09-15
345,خپويش,سازه‌ پويش‌,932,625896,48798575300,77850,77900,77900,50,0.06,77970,120,0.15,74350,80900,1400-6-24,2021-09-15
346,سمايه,بانك سرمايه,931,3620387,17538748993,4797,4760,4777,-20,-0.42,4844,47,0.98,4760,4940,1400-6-24,2021-09-15
347,زبينا,كشاورزي و دامپروري بينالود,930,8257992,26477694513,3255,3190,3179,-76,-2.33,3206,-49,-1.51,3140,3300,1400-6-24,2021-09-15
348,خاذين,سايپاآذين‌,923,6727164,23005653191,3442,3480,3390,-52,-1.51,3420,-22,-0.64,3350,3480,1400-6-24,2021-09-15
349,ولصنم,ليزينگ‌صنعت‌ومعدن‌,912,3357225,25974201510,7720,7860,7720,0,0,7740,20,0.26,7510,7980,1400-6-24,2021-09-15
350,خموتور,موتورسازان‌تراكتورسازي‌ايران‌,911,5532415,63329171510,10940,11370,11480,540,4.94,11450,510,4.66,11120,11480,1400-6-24,2021-09-15
351,سشرق,سيمان‌ شرق‌,911,4274553,36916155910,8710,8900,8650,-60,-0.69,8640,-70,-0.8,8420,8900,1400-6-24,2021-09-15
352,شپارس,بين‌ المللي‌ محصولات‌  پارس‌,910,2534702,35559920380,14400,14340,13910,-490,-3.4,14030,-370,-2.57,13860,14340,1400-6-24,2021-09-15
353,ودي,بيمه  دي,908,3319892,28269661314,8748,8888,8418,-330,-3.77,8515,-233,-2.66,8320,8888,1400-6-24,2021-09-15
354,دابور,داروسازي‌ ابوريحان‌,904,2116875,62537638710,28260,29020,29670,1410,4.99,29540,1280,4.53,28260,29670,1400-6-24,2021-09-15
355,همراه,شركت ارتباطات سيار ايران,902,2490533,25283221450,10290,10450,10180,-110,-1.07,10260,-30,-0.29,10000,10450,1400-6-24,2021-09-15
356,فردا,صندوق س آواي فرداي زاگرس-ثابت,902,40233463,459707020135,11420,11426,11426,6,0.05,11426,6,0.05,11425,11427,1400-6-24,2021-09-15
357,بالاس,مهندسي ساختمان تاسيسات راه آهن,902,1213275,45367413848,39038,38010,37087,-1951,-5,37393,-1645,-4.21,37087,39035,1400-6-24,2021-09-15
358,غشان,شيرپاستوريزه‌پگاه‌خراسان‌,900,7984214,42724107560,5570,5420,5300,-270,-4.85,5350,-220,-3.95,5300,5710,1400-6-24,2021-09-15
359,شپديس,پتروشيمي پرديس,892,687962,108936279190,158950,158950,157950,-1000,-0.63,158350,-600,-0.38,156020,160500,1400-6-24,2021-09-15
360,كهمدا,شيشه‌ همدان‌,880,3034609,33314416670,11020,10930,11140,120,1.09,10980,-40,-0.36,10800,11270,1400-6-24,2021-09-15
361,فبيرا,بسته‌ بندي‌ ايران‌,877,10282005,24686381692,2448,2475,2360,-88,-3.59,2401,-47,-1.92,2350,2519,1400-6-24,2021-09-15
362,وجامي,سرمايه گذاري جامي,875,2632333,29086004974,10860,10860,10990,130,1.2,11050,190,1.75,10860,11185,1400-6-24,2021-09-15
363,قشهد,شهد,869,3126742,53232143670,17860,18000,17170,-690,-3.86,17020,-840,-4.7,16970,18000,1400-6-24,2021-09-15
364,ارزش,صندوق س ارزش آفرين بيدار-سهام,867,4858855,50914730240,10680,10500,10480,-200,-1.87,10480,-200,-1.87,10390,10630,1400-6-24,2021-09-15
365,سدبير,س. تدبيرگران فارس وخوزستان,861,679872,27356422389,40597,41890,40249,-348,-0.86,40238,-359,-0.88,39400,41890,1400-6-24,2021-09-15
366,غپاك,لبنيات‌ پاك‌,858,2357843,43372030300,18760,19000,18220,-540,-2.88,18390,-370,-1.97,18020,19000,1400-6-24,2021-09-15
367,سمازن,سيمان‌مازندران‌,846,2150274,33689785510,15210,14910,15970,760,5,15670,460,3.02,14800,15970,1400-6-24,2021-09-15
368,بزاگرس,نيروگاه زاگرس كوثر,845,3788691,19808150741,5335,5410,5250,-85,-1.59,5228,-107,-2.01,5150,5420,1400-6-24,2021-09-15
369,داوه,داروسازي آوه سينا,844,1538955,28359822259,18173,18700,18640,467,2.57,18428,255,1.4,17760,18880,1400-6-24,2021-09-15
370,فباهنر,مس‌ شهيدباهنر,843,624262,17394538410,28280,28260,27870,-410,-1.45,28030,-250,-0.88,27520,28260,1400-6-24,2021-09-15
371,قلرست,قند لرستان‌,842,1430248,35628170290,26100,26500,24800,-1300,-4.98,24910,-1190,-4.56,24800,26500,1400-6-24,2021-09-15
372,ثاباد,توريستي ورفاهي آبادگران ايران,830,626971,33095288400,54220,54300,52890,-1330,-2.45,52790,-1430,-2.64,52000,54300,1400-6-24,2021-09-15
373,شكلر,نيروكلر,829,761793,31556668180,42830,41330,42450,-380,-0.89,41420,-1410,-3.29,40690,43060,1400-6-24,2021-09-15
374,فروس,فروسيليس‌ ايران‌,827,4136780,27662952780,6700,6750,6750,50,0.75,6690,-10,-0.15,6570,6780,1400-6-24,2021-09-15
375,فاما,صنعتي‌ آما,826,2861926,51528061650,18790,18110,18310,-480,-2.55,18000,-790,-4.2,17860,18940,1400-6-24,2021-09-15
376,سفار,سيمان‌فارس‌,823,206054,18229486600,89990,88420,88820,-1170,-1.3,88470,-1520,-1.69,87130,91000,1400-6-24,2021-09-15
377,تسه0004,امتيازتسهيلات مسكن تير1400,822,17818,10784179410,590727,600000,605000,14273,2.42,605241,14514,2.46,591000,620263,1400-6-24,2021-09-15
378,قشرين,قند شيرين خراسان,821,7037388,123858016634,17114,17627,17627,513,3,17600,486,2.84,16705,17627,1400-6-24,2021-09-15
379,وصنا,گروه‌صنايع‌بهشهرايران‌,819,4579669,33861156950,7670,7510,7290,-380,-4.95,7390,-280,-3.65,7290,7720,1400-6-24,2021-09-15
380,تنوين,تامين سرمايه نوين,818,7020705,47695696870,7020,6900,6960,-60,-0.85,6790,-230,-3.28,6670,6980,1400-6-24,2021-09-15
381,غگلپا,شير پاستوريزه پگاه گلپايگان,818,441343,29985978680,68342,66150,66560,-1782,-2.61,67943,-399,-0.58,65701,69400,1400-6-24,2021-09-15
382,تيپيكو,سرمايه گذاري دارويي تامين,813,3552107,76839176500,21540,21540,21480,-60,-0.28,21610,70,0.32,21300,21990,1400-6-24,2021-09-15
383,لپارس,پارس‌ الكتريك‌,808,859611,137681794640,152700,160330,160330,7630,5,160170,7470,4.89,157000,160330,1400-6-24,2021-09-15
384,پارسيان,بيمه پارسيان,807,2787233,35617818020,13040,12530,12570,-470,-3.6,12780,-260,-1.99,12440,13260,1400-6-24,2021-09-15
385,غبهنوش,بهنوش‌ ايران‌,806,1057414,76725709230,76190,74590,72390,-3800,-4.99,72560,-3630,-4.76,72390,75000,1400-6-24,2021-09-15
386,خكاوه,سايپا ديزل,804,6802190,28210695428,4156,4081,4110,-46,-1.11,4147,-9,-0.22,4081,4269,1400-6-24,2021-09-15
387,وخاور,بانك خاورميانه,801,10197632,63010559120,6210,6150,6070,-140,-2.25,6180,-30,-0.48,6070,6230,1400-6-24,2021-09-15
388,شاوان,پالايش نفت لاوان,798,448989,52653132669,117390,120320,115650,-1740,-1.48,117273,-117,-0.1,115550,120320,1400-6-24,2021-09-15
389,هماي,صندوق س هماي آگاه-ثابت,795,2728196,28447089248,10418,10423,10435,17,0.16,10427,9,0.09,10423,10435,1400-6-24,2021-09-15
390,ساروم,سيمان‌اروميه‌,793,1695798,71308719590,41830,42970,42550,720,1.72,42050,220,0.53,39800,43000,1400-6-24,2021-09-15
391,تابا,تابان نيرو سپاهان,789,813540,25899480949,31652,32440,31697,45,0.14,31836,184,0.58,31200,32440,1400-6-24,2021-09-15
392,چكاوهح,ح . صنايع‌كاغذسازي‌كاوه‌,786,12019362,136333545070,10830,11910,11000,170,1.57,11340,510,4.71,11000,11910,1400-6-24,2021-09-15
393,سمتاز,سيمان ممتازان كرمان,784,2038022,42398862469,21367,21350,20726,-641,-3,20804,-563,-2.63,20726,21350,1400-6-24,2021-09-15
394,لبوتان,گروه‌صنعتي‌بوتان‌,781,1195223,75250139200,66120,65070,62820,-3300,-4.99,62960,-3160,-4.78,62820,65080,1400-6-24,2021-09-15
395,دجابر,داروسازي‌ جابرابن‌حيان‌,781,2511157,39417136240,16350,16300,15720,-630,-3.85,15700,-650,-3.98,15540,16300,1400-6-24,2021-09-15
396,آوا,صندوق س.سهام آواي معيار-س,780,2238077,17759055952,8052,8070,7888,-164,-2.04,7935,-117,-1.45,7822,8130,1400-6-24,2021-09-15
397,زشگزا,شير و گوشت زاگرس شهركرد,778,2790487,17787460362,6467,6401,6354,-113,-1.75,6374,-93,-1.44,6250,6500,1400-6-24,2021-09-15
398,درهآور,دارويي ره آورد تامين,777,702998,20144115660,29193,28900,28980,-213,-0.73,28655,-538,-1.84,28288,29300,1400-6-24,2021-09-15
399,وملل,اعتباري ملل,776,1404177,16589510599,12022,11933,11799,-223,-1.85,11949,-73,-0.61,11721,12000,1400-6-24,2021-09-15
400,تكنو,تكنوتار,774,2419255,36168365120,14910,15120,14800,-110,-0.74,14950,40,0.27,14610,15330,1400-6-24,2021-09-15
401,افرا,افرانت,773,781736,22965231780,29767,30900,29000,-767,-2.58,29377,-390,-1.31,29000,30900,1400-6-24,2021-09-15
402,پلاسك,پلاسكوكار,770,3788550,27010045830,7270,7290,6970,-300,-4.13,7130,-140,-1.93,6960,7490,1400-6-24,2021-09-15
403,شبهرن,نفت‌ بهران‌,766,2424116,31448417120,13040,12810,13000,-40,-0.31,13010,-30,-0.23,12810,13150,1400-6-24,2021-09-15
404,واحيا,م .صنايع و معادن احياء سپاهان,764,502857,90761221681,183829,185000,179910,-3919,-2.13,180491,-3338,-1.82,178315,185000,1400-6-24,2021-09-15
405,زقيام,كشت و دام قيام اصفهان,764,914653,19107827988,20571,21550,21000,429,2.09,20891,320,1.56,20440,21550,1400-6-24,2021-09-15
406,ختراك,ريخته‌گري‌ تراكتورسازي‌ ايران‌,758,2609579,34718310180,13050,13490,13360,310,2.38,13300,250,1.92,12550,13700,1400-6-24,2021-09-15
407,سرچشمه,سرمايه گذاري مس سرچشمه,757,2546479,17450390092,7016,6980,6850,-166,-2.37,6853,-163,-2.32,6814,6990,1400-6-24,2021-09-15
408,قشير,قند شيروان قوچان و بجنورد,755,1456651,32109415035,22972,23490,22220,-752,-3.27,22043,-929,-4.04,21824,23490,1400-6-24,2021-09-15
409,ثعتما,س. ساختماني اعتماد گستر,755,3669674,106589698198,28979,28110,29848,869,3,29046,67,0.23,28110,29848,1400-6-24,2021-09-15
410,جوين,كشت و صنعت جوين,750,10137853,36778809792,3571,3510,3678,107,3,3628,57,1.6,3493,3678,1400-6-24,2021-09-15
411,اپرداز,آتيه داده پرداز,747,1170017,25065269041,22044,22100,21690,-354,-1.61,21423,-621,-2.82,21071,22980,1400-6-24,2021-09-15
412,خفولا,خدمات فني فولاد يزد,742,1925465,65607438598,33196,32856,34191,995,3,34074,878,2.64,32856,34191,1400-6-24,2021-09-15
413,غمارگ,مارگارين‌,741,1475647,42850059810,29690,30000,28880,-810,-2.73,29040,-650,-2.19,28520,30000,1400-6-24,2021-09-15
414,وشهر,بانك شهر,735,5303948,32644158122,6229,6210,6130,-99,-1.59,6166,-63,-1.01,6051,6231,1400-6-24,2021-09-15
415,غشهد,شهد ايران ‌,732,5309146,29922672530,5890,6010,5600,-290,-4.92,5640,-250,-4.24,5600,6020,1400-6-24,2021-09-15
416,زشريف,كشت وصنعت شريف آباد,730,3525420,17745257235,5174,5175,5100,-74,-1.43,5034,-140,-2.71,4950,5200,1400-6-24,2021-09-15
417,غمهرا,توليدي‌مهرام‌,726,574635,35306491910,63440,63440,60940,-2500,-3.94,61440,-2000,-3.15,60510,63440,1400-6-24,2021-09-15
418,اعتلا,شركت سرمايه گذاري اعتلاء البرز,725,2919227,23564085608,8350,8469,8065,-285,-3.41,8072,-278,-3.33,7933,8469,1400-6-24,2021-09-15
419,مفاخر,توسعه فناوري اطلاعات خوارزمي,724,462543,23601594349,49752,51994,51890,2138,4.3,51026,1274,2.56,48604,51994,1400-6-24,2021-09-15
420,سپاها,سيمان‌سپاهان‌,722,3572696,34359645950,9840,9590,9600,-240,-2.44,9620,-220,-2.24,9510,9850,1400-6-24,2021-09-15
421,ثزاگرس,سرمايه گذاري توسعه عمران زاگرس,721,814704,34284748179,40207,40210,42217,2010,5,42082,1875,4.66,40210,42217,1400-6-24,2021-09-15
422,دكيمي,كيميدارو,721,1232353,31332736790,24980,24780,25970,990,3.96,25430,450,1.8,24750,26210,1400-6-24,2021-09-15
423,ومعلم,بيمه معلم,718,4460239,18521720793,4242,4244,4156,-86,-2.03,4153,-89,-2.1,4082,4244,1400-6-24,2021-09-15
424,حآفرين,ريل پرداز نو آفرين,716,4520000,16601960000,3499,3673,3673,174,4.97,3673,174,4.97,3673,3673,1400-6-24,2021-09-15
425,آكورد,صندوق س. آرمان آتي كوثر-د,702,8975075,306474992933,34131,34147,34147,16,0.05,34147,16,0.05,34147,34154,1400-6-24,2021-09-15
426,ثمسكن,سرمايه‌گذاري‌ مسكن‌,699,6832622,37079805020,5540,5440,5430,-110,-1.99,5430,-110,-1.99,5330,5540,1400-6-24,2021-09-15
427,دتماد,توليدمواداوليه‌داروپخش‌,698,625593,31208092050,48910,48500,49350,440,0.9,49890,980,2,48500,50690,1400-6-24,2021-09-15
428,طلا,صندوق س.پشتوانه طلاي لوتوس,695,604890,50972169470,84758,83661,84201,-557,-0.66,84267,-491,-0.58,83661,84684,1400-6-24,2021-09-15
429,وملي,گروه‌ صنعتي‌ ملي‌ (هلدينگ‌,692,238973,60942894460,242880,255020,255020,12140,5,255020,12140,5,255020,255020,1400-6-24,2021-09-15
430,بنيرو,نيروترانس‌,692,6498830,17494231453,2676,2651,2720,44,1.64,2692,16,0.6,2601,2775,1400-6-24,2021-09-15
431,بميلا,توسعه بازرگاني آهن وفولادميلاد,690,1488585,17787137109,11919,12149,11999,80,0.67,11949,30,0.25,11714,12149,1400-6-24,2021-09-15
432,ونفت,سرمايه‌گذاري‌ صنعت‌ نفت‌,687,1046981,17987804540,17160,16800,17350,190,1.11,17180,20,0.12,16800,17600,1400-6-24,2021-09-15
433,دسبحا,گروه دارويي سبحان,687,2479357,45594033310,17920,17360,18810,890,4.97,18390,470,2.62,17360,18810,1400-6-24,2021-09-15
434,بسويچ,پارس‌سويچ‌,684,771255,19893724800,27080,26850,25730,-1350,-4.99,25840,-1240,-4.58,25730,26850,1400-6-24,2021-09-15
435,فپنتا,سپنتا,680,75577,39924946170,546550,544000,530000,-16550,-3.03,528270,-18280,-3.34,519250,544010,1400-6-24,2021-09-15
436,ثامان,سامان‌ گستراصفهان‌,677,1573700,22524433260,14210,13760,14130,-80,-0.56,14310,100,0.7,13670,14700,1400-6-24,2021-09-15
437,دكوثر,داروسازي‌ كوثر,674,2510806,12695131720,5090,5220,5150,60,1.18,5060,-30,-0.59,4840,5280,1400-6-24,2021-09-15
438,شجم,صنايع پتروشيمي تخت جمشيد,673,3905675,50221574137,13289,13000,12920,-369,-2.78,12859,-430,-3.24,12625,13435,1400-6-24,2021-09-15
439,نمرينو,ايران‌ مرينوس‌,672,265910,27314626430,107050,106000,103110,-3940,-3.68,102720,-4330,-4.04,101700,106000,1400-6-24,2021-09-15
440,كمنگنز,معادن‌منگنزايران‌,672,465419,37203517000,80320,80030,81790,1470,1.83,79940,-380,-0.47,77600,82000,1400-6-24,2021-09-15
441,سخزر,سيمان‌ خزر,669,1413724,39891565140,27910,28400,27640,-270,-0.97,28220,310,1.11,27600,28660,1400-6-24,2021-09-15
442,ومشان,س. فني و مهندسي مشانير,665,312775,22161411179,72756,74870,70574,-2182,-3,70854,-1902,-2.61,70574,74870,1400-6-24,2021-09-15
443,وسكاب,س.ص.بازنشستگي كاركنان بانكها,664,4567843,14374900621,3178,3180,3170,-8,-0.25,3148,-30,-0.94,3132,3200,1400-6-24,2021-09-15
444,زماهان,مجتمع توليد گوشت مرغ ماهان,664,2215883,27484723740,13014,12999,12364,-650,-4.99,12404,-610,-4.69,12364,12999,1400-6-24,2021-09-15
445,لخانه,لوازم‌ خانگي‌ پارس‌,663,1184717,26531034558,22234,21910,22901,667,3,22394,160,0.72,21567,22901,1400-6-24,2021-09-15
446,فسازان,غلتك سازان سپاهان,661,834132,27190833990,33310,33400,32510,-800,-2.4,32600,-710,-2.13,32000,33960,1400-6-24,2021-09-15
447,جهرم,پتروشيمي جهرم,654,11112610,15019684254,1384,1390,1343,-41,-2.96,1352,-32,-2.31,1343,1390,1400-6-24,2021-09-15
448,قچار,فراوردههاي غذايي وقند چهارمحال,652,2716529,43022871528,15140,15620,15897,757,5,15837,697,4.6,15410,15897,1400-6-24,2021-09-15
449,كاسپين,داروسازي كاسپين تامين,646,1492360,33592131372,21578,22633,22520,942,4.37,22509,931,4.31,21630,22656,1400-6-24,2021-09-15
450,وآرين,شركت توسعه اقتصادي آرين,645,5287078,16383458150,3180,3110,3085,-95,-2.99,3099,-81,-2.55,3085,3180,1400-6-24,2021-09-15
451,ساربيل,سيمان آرتا اردبيل,644,517172,20263505270,37820,39680,39710,1890,5,39180,1360,3.6,38210,39710,1400-6-24,2021-09-15
452,زگلدشت,كشت و دام گلدشت نمونه اصفهان,640,1507603,18905268421,12942,12560,12564,-378,-2.92,12540,-402,-3.11,12370,12930,1400-6-24,2021-09-15
453,شبصير,توليدات پتروشيمي قائد بصير,638,490287,50270978417,103804,104700,102980,-824,-0.79,102534,-1270,-1.22,100800,105000,1400-6-24,2021-09-15
454,وپسا,س. پتروشيمي ساختمان  خليج فارس,637,9252076,19569092172,2174,2194,2109,-65,-2.99,2115,-59,-2.71,2109,2194,1400-6-24,2021-09-15
455,فلامي,لاميران‌,635,594016,14381144270,24670,24060,24380,-290,-1.18,24210,-460,-1.86,23710,24840,1400-6-24,2021-09-15
456,زمگسا,كشاورزي‌ ودامپروي‌ مگسال‌,631,773167,21628688770,29060,28690,27910,-1150,-3.96,27970,-1090,-3.75,27610,28700,1400-6-24,2021-09-15
457,ولبهمن,شركت بهمن ليزينگ,629,3248185,26769995651,8353,8190,8360,7,0.08,8242,-111,-1.33,8030,8400,1400-6-24,2021-09-15
458,دارو,كارخانجات‌داروپخش‌,628,1244838,41975310080,33460,34460,33000,-460,-1.37,33720,260,0.78,32860,35200,1400-6-24,2021-09-15
459,كيان2,صندوق س. با درآمد ثابت كيان,625,62500000,62500000,30517,1,1,-30516,-100,1,-30516,-100,1,1,1400-6-24,2021-09-15
460,دعبيد,لابراتوارداروسازي‌  دكترعبيدي‌,621,1171445,31883370560,27480,27000,27140,-340,-1.24,27310,-170,-0.62,27000,27430,1400-6-24,2021-09-15
461,وحكمت,بيمه حكمت صبا,621,4105741,19137601110,4782,4888,4639,-143,-2.99,4661,-121,-2.53,4639,4888,1400-6-24,2021-09-15
462,دشيمي,شيمي‌ داروئي‌ داروپخش‌,614,1182334,32956725250,26640,27970,27970,1330,4.99,27870,1230,4.62,26990,27970,1400-6-24,2021-09-15
463,وصندوق,سرمايه‌گذاري‌صندوق‌بازنشستگي‌,607,1172825,22049372660,18790,19000,18680,-110,-0.59,18790,0,0,18500,19070,1400-6-24,2021-09-15
464,پرداخت,به پرداخت ملت,607,975011,18694402220,19480,19410,19000,-480,-2.46,19230,-250,-1.28,18800,19650,1400-6-24,2021-09-15
465,اوان,مبين وان كيش,605,722263,24098572795,34243,33500,33355,-888,-2.59,33365,-878,-2.56,32643,34631,1400-6-24,2021-09-15
466,زفكا,كشت و دامداري فكا,604,1241239,14026683603,11638,11720,11377,-261,-2.24,11301,-337,-2.9,11057,11790,1400-6-24,2021-09-15
467,ولملت,واسپاري ملت,602,3128315,19298069460,6330,6480,6070,-260,-4.11,6170,-160,-2.53,6020,6480,1400-6-24,2021-09-15
468,لابسا,آبسال‌,599,580367,23772207390,41210,40200,40240,-970,-2.35,40960,-250,-0.61,39700,42500,1400-6-24,2021-09-15
469,بشهاب,لامپ‌  پارس‌ شهاب‌,597,187725,25879724150,139250,139250,135000,-4250,-3.05,137860,-1390,-1,132290,140900,1400-6-24,2021-09-15
470,رتكو,كنترل‌خوردگي‌تكين‌كو,597,1598538,19488565550,11790,11950,12300,510,4.33,12190,400,3.39,11520,12370,1400-6-24,2021-09-15
471,تسه0003,امتيازتسهيلات مسكن خرداد1400,594,12792,7729653615,592790,600000,622000,29210,4.93,604257,11467,1.93,590000,622000,1400-6-24,2021-09-15
472,وسپه,سرمايه‌گذاري‌ سپه‌,591,2483567,22310185060,9130,9100,8900,-230,-2.52,9050,-80,-0.88,8840,9100,1400-6-24,2021-09-15
473,خبازرس,بازرسي مهندسي و صنعتي ايران,590,966483,27786382814,27963,28790,28801,838,3,28750,787,2.81,28000,28801,1400-6-24,2021-09-15
474,تپولا,مهندسي مرآت پولاد,585,1371238,33832169483,24006,24369,24726,720,3,24673,667,2.78,23360,24726,1400-6-24,2021-09-15
475,تايرا,تراكتورسازي‌ايران‌,581,6033569,176237430240,27820,29210,29210,1390,5,29210,1390,5,28680,29210,1400-6-24,2021-09-15
476,خفنر,فنرسازي‌خاور,577,3257804,32512883920,9510,9980,9980,470,4.94,9980,470,4.94,9980,9980,1400-6-24,2021-09-15
477,فنرژي,گسترش صنايع انرژي آذرآب,577,1699369,25990566607,15537,15847,15227,-310,-2,15294,-243,-1.56,15227,15847,1400-6-24,2021-09-15
478,شخارك,پتروشيمي‌ خارك‌,576,469994,23357900380,50180,49700,49640,-540,-1.08,50070,-110,-0.22,49560,50140,1400-6-24,2021-09-15
479,اتكامح,ح . بيمه اتكايي امين,576,2079544,5221694061,2625,2477,2510,-115,-4.38,2511,-114,-4.34,2440,2595,1400-6-24,2021-09-15
480,شپاكسا,پاكسان‌,574,1140643,26317596740,23420,23000,23210,-210,-0.9,23070,-350,-1.49,22650,23420,1400-6-24,2021-09-15
481,تسه0001,امتيازتسهيلات مسكن فروردين1400,574,19759,11923162377,589369,602000,616666,27297,4.63,603429,14060,2.39,581100,618837,1400-6-24,2021-09-15
482,شوينده,مديريت صنعت شوينده ت.ص.بهشهر,570,728640,18216758670,25350,26040,24990,-360,-1.42,25000,-350,-1.38,24600,26040,1400-6-24,2021-09-15
483,شزنگ,تجهيزنيروي‌زنگان‌,568,389438,48446480431,120856,123980,124481,3625,3,124401,3545,2.93,120870,124481,1400-6-24,2021-09-15
484,اوصتا,صندوق انديشه ورزان صباتامين -د,563,26315626,522690709581,19849,19860,19863,14,0.07,19862,13,0.07,19859,19863,1400-6-24,2021-09-15
485,بفجر,فجر انرژي خليج فارس,561,5454978,163531045670,29530,30310,30000,470,1.59,29980,450,1.52,29110,30530,1400-6-24,2021-09-15
486,دالبر,البرزدارو,559,1338042,21656551660,15420,16000,16240,820,5.32,16190,770,4.99,15860,16500,1400-6-24,2021-09-15
487,تسه0002,امتيازتسهيلاتمسكن ارديبهشت1400,557,17082,10331940706,578821,580072,607762,28941,5,604844,26023,4.5,580072,607762,1400-6-24,2021-09-15
488,اتكاي,بيمه اتكايي ايرانيان,548,18772021,166169929892,8431,8852,8852,421,4.99,8852,421,4.99,8852,8852,1400-6-24,2021-09-15
489,غشاذر,پگاه‌آذربايجان‌غربي‌,547,1870738,14844883160,8080,7850,8000,-80,-0.99,7940,-140,-1.73,7850,8150,1400-6-24,2021-09-15
490,واعتبار,سرمايه گذاري اعتبار ايران,546,2278037,17664491530,7710,7650,7800,90,1.17,7750,40,0.52,7460,7970,1400-6-24,2021-09-15
491,تصميم,صندوق س با درآمد ثابت تصميم,543,45776950,795346218151,17373,17381,17375,2,0.01,17374,1,0.01,17370,17393,1400-6-24,2021-09-15
492,دامين,داروسازي‌ امين‌,537,3293309,13723381189,4184,4184,4209,25,0.6,4167,-17,-0.41,4060,4268,1400-6-24,2021-09-15
493,كرماشا,صنايع پتروشيمي كرمانشاه,536,607631,26846575580,45250,44200,44100,-1150,-2.54,44790,-460,-1.02,43950,46480,1400-6-24,2021-09-15
494,گوهران,سرمايه گذاري توسعه گوهران اميد,534,2482438,13796757919,5490,5548,5552,62,1.13,5551,61,1.11,5470,5681,1400-6-24,2021-09-15
495,زكشت,كشاورزي مكانيزه اصفهان كشت,531,509345,14646205369,28942,28050,28085,-857,-2.96,28757,-185,-0.64,28002,29617,1400-6-24,2021-09-15
496,سغرب,سيمان‌غرب‌,528,615371,14821007690,24790,24000,24150,-640,-2.58,24080,-710,-2.86,23720,24880,1400-6-24,2021-09-15
497,جم پيلن,پلي پروپيلن جم - جم پيلن,526,295540,32853980160,112620,109500,112050,-570,-0.51,112080,-540,-0.48,109500,113000,1400-6-24,2021-09-15
498,كپرور,فرآوري زغال سنگ پروده طبس,524,1159112,50561971887,41558,43635,43635,2077,5,43621,2063,4.96,42615,43635,1400-6-24,2021-09-15
499,تشتاد,صنايع توليدي اشتاد ايران‌,524,2442591,17249139625,7273,7199,7070,-203,-2.79,7062,-211,-2.9,7055,7199,1400-6-24,2021-09-15
500,كفرآور,فرآورده هاي سيمان شرق,522,1159961,20533229258,18113,18075,18000,-113,-0.62,17702,-411,-2.27,17570,18100,1400-6-24,2021-09-15
501,سپ,پرداخت الكترونيك سامان كيش,519,566509,18636273610,32060,33520,32220,160,0.5,32300,240,0.75,32060,33520,1400-6-24,2021-09-15
502,ساراب,سيمان‌ داراب‌,516,1723809,35134451690,20280,20840,20090,-190,-0.94,20380,100,0.49,19690,21020,1400-6-24,2021-09-15
503,كاردان,صندوق س تجارت شاخصي كاردان,515,179907,36791255120,206630,207120,204100,-2530,-1.22,204500,-2130,-1.03,203000,209660,1400-6-24,2021-09-15
504,فلات,گروه صنايع معادن فلات ايرانيان,512,1498077,20894299375,13831,14245,13960,129,0.93,13947,116,0.84,13471,14245,1400-6-24,2021-09-15
505,سيدكو,سرمايه گذاري توسعه صنايع سيمان,511,1841410,13291553260,7260,7050,7210,-50,-0.69,7230,-30,-0.41,7050,7450,1400-6-24,2021-09-15
506,لسرما,سرما آفرين‌,509,634471,14790666380,22990,23400,23450,460,2,23310,320,1.39,22510,23700,1400-6-24,2021-09-15
507,معيار ,سرمايه گذاري معيار صنعت پارس,493,281446,14672879573,52103,50611,52900,797,1.53,52134,31,0.06,50611,53324,1400-6-24,2021-09-15
508,پخش,پخش البرز,493,1613550,40551681100,25080,25720,25017,-63,-0.25,25132,52,0.21,24500,25720,1400-6-24,2021-09-15
509,تكنار,مجتمع معادن مس تكنار,491,163976,14603605707,91709,92020,88958,-2751,-3,89059,-2650,-2.89,88958,92020,1400-6-24,2021-09-15
510,مداران,داده‌پردازي‌ايران‌,489,625999,13590882320,21900,22060,21810,-90,-0.41,21720,-180,-0.82,21230,22280,1400-6-24,2021-09-15
511,كصدف,كاشي صدف سرام استقلال آباده,486,999218,24640849708,24152,23511,24876,724,3,24660,508,2.1,23428,24876,1400-6-24,2021-09-15
512,سخوز,سيمان خوزستان,484,657932,16273420550,24310,24480,24850,540,2.22,24730,420,1.73,23500,25240,1400-6-24,2021-09-15
513,تسه9908,امتياز تسهيلات مسكن آبان99,484,11439,6890530453,585721,580000,610000,24279,4.15,602372,16651,2.84,560007,615007,1400-6-24,2021-09-15
514,ياقوت,صندوق س ياقوت آگاه-ثابت,484,1726013,22662221039,13125,13110,13131,6,0.05,13130,5,0.04,13110,13136,1400-6-24,2021-09-15
515,شرانل,نفت ايرانول,483,294569,14346564513,49391,48720,48020,-1371,-2.78,49138,-253,-0.51,48020,49600,1400-6-24,2021-09-15
516,كگهر,سنگ آهن گهرزمين,480,799481,38616222646,48600,48500,48365,-235,-0.48,48503,-97,-0.2,47770,49490,1400-6-24,2021-09-15
517,خلنت,لنت‌ ترمزايران‌,477,390667,33561352390,81820,85910,85910,4090,5,85910,4090,5,82700,85910,1400-6-24,2021-09-15
518,هجرت,پخش هجرت,475,732540,24773874737,34004,33100,34050,46,0.14,33819,-185,-0.54,33100,34850,1400-6-24,2021-09-15
519,نيرو,نيرو سرمايه,475,500795,22536432799,44258,44850,45585,1327,3,45001,743,1.68,42931,45585,1400-6-24,2021-09-15
520,غشصفا,شيرپاستوريزه‌پگاه‌اصفهان‌,475,418595,12047133540,29140,28170,28970,-170,-0.58,28830,-310,-1.06,28170,29320,1400-6-24,2021-09-15
521,وبهمن,سرمايه‌گذاري‌بهمن‌,466,983683,17308155020,17230,17900,17470,240,1.39,17560,330,1.92,16800,17900,1400-6-24,2021-09-15
522,وكادو,تكادو,463,1171671,25191838560,21848,22470,21508,-340,-1.56,21501,-347,-1.59,21193,22470,1400-6-24,2021-09-15
523,حپارسا,توسعه حمل و نقل ريلي پارسيان,462,647875,24548610700,37685,36750,38850,1165,3.09,37891,206,0.55,36555,38900,1400-6-24,2021-09-15
524,زپارس,ملي كشت و صنعت و دامپروري پارس,461,298967,40163064570,138260,134740,135500,-2760,-2,134340,-3920,-2.84,131350,142200,1400-6-24,2021-09-15
525,آريان,سرمايه گذاري پارس آريان,456,7886699,128016898168,15760,16232,16232,472,2.99,16232,472,2.99,16232,16232,1400-6-24,2021-09-15
526,وسصفا,شركت س استان اصفهان,455,22205161,16034086362,759,722,722,-37,-4.87,750,-9,-1.19,722,738,1400-6-24,2021-09-15
527,سهرمز,سيمان‌هرمزگان‌,454,942290,18377174560,19470,18960,19110,-360,-1.85,19500,30,0.15,18960,19820,1400-6-24,2021-09-15
528,واميد,گروه مديريت سرمايه گذاري اميد,450,2580594,33717978890,13120,12880,13160,40,0.3,13100,-20,-0.15,12880,13230,1400-6-24,2021-09-15
529,درازك,دارويي‌ رازك‌,449,784162,33868088030,43790,43010,43340,-450,-1.03,43190,-600,-1.37,42510,44850,1400-6-24,2021-09-15
530,غپآذر,شير پگاه آذربايجان شرقي,438,247682,10676652902,44182,45300,42850,-1332,-3.01,43344,-838,-1.9,42200,45300,1400-6-24,2021-09-15
531,سباقر,سيمان باقران,437,2948745,51656751162,17015,16900,17525,510,3,17518,503,2.96,16900,17525,1400-6-24,2021-09-15
532,حسينا,توسعه خدمات دريايي وبندري سينا,436,215881,12106705865,57201,56590,55651,-1550,-2.71,56219,-982,-1.72,55550,57420,1400-6-24,2021-09-15
533,فافزا,فولاد افزا سپاهان,433,304228,15659457619,50476,51900,51201,725,1.44,51473,997,1.98,50509,51900,1400-6-24,2021-09-15
534,دفارا,داروسازي‌ فارابي‌,429,932943,18646990330,20210,20380,20000,-210,-1.04,19990,-220,-1.09,19310,20380,1400-6-24,2021-09-15
535,اتكام,بيمه اتكايي امين,427,2781080,11073453297,4174,4050,3970,-204,-4.89,4018,-156,-3.74,3966,4119,1400-6-24,2021-09-15
536,شيراز,پتروشيمي‌شيراز,425,897809,70579322720,78970,77930,78000,-970,-1.23,78720,-250,-0.32,76320,80410,1400-6-24,2021-09-15
537,وتوسم,سرمايه‌گذاري‌توسعه‌ملي‌,425,1000878,8005478290,8090,8080,8000,-90,-1.11,8040,-50,-0.62,7920,8100,1400-6-24,2021-09-15
538,بساما,بيمه سامان,425,447423,10918457536,24229,24750,24490,261,1.08,24324,95,0.39,24203,24750,1400-6-24,2021-09-15
539,واتي,سرمايه‌ گذاري‌ آتيه‌ دماوند,421,1535376,18449783510,12120,12000,12000,-120,-0.99,12030,-90,-0.74,11750,12290,1400-6-24,2021-09-15
540,كطبس,ذغال‌سنگ‌ نگين‌ ط‌بس‌,420,289836,18868084470,65260,64130,64260,-1000,-1.53,65100,-160,-0.25,64130,66000,1400-6-24,2021-09-15
541,سقاين,سيمان‌ قائن‌,420,161938,10020671120,62670,64700,62000,-670,-1.07,62080,-590,-0.94,60710,64700,1400-6-24,2021-09-15
542,فخاس,فولاد خراسان,417,702757,20061977440,29760,30190,28800,-960,-3.23,29490,-270,-0.91,28350,30190,1400-6-24,2021-09-15
543,كاريس,صندوق س.سپهر كاريزما-س,416,1653895,23701322268,14405,14620,14356,-49,-0.34,14331,-74,-0.51,14200,14620,1400-6-24,2021-09-15
544,واحصا,احياء صنايع خراسان,415,420325,18405440427,43606,42312,44499,893,2.05,43789,183,0.42,42312,44650,1400-6-24,2021-09-15
545,پدرخش,درخشان‌ تهران‌,411,655307,23007828770,33440,35110,35110,1670,4.99,35110,1670,4.99,35110,35110,1400-6-24,2021-09-15
546,مبين,مبين انرژي خليج فارس,409,1698952,36720213250,21710,21360,21800,90,0.41,21680,-30,-0.14,21000,21990,1400-6-24,2021-09-15
547,وتوس,توسعه‌شهري‌توس‌گستر,409,1045162,18334380740,18320,17590,17410,-910,-4.97,17540,-780,-4.26,17410,17980,1400-6-24,2021-09-15
548,فسا,پتروشيمي فسا,408,7615850,11008779962,1447,1440,1420,-27,-1.87,1446,-1,-0.07,1406,1489,1400-6-24,2021-09-15
549,پرديس,سرمايه گذاري پرديس,404,1917140,10979712070,5780,5770,5710,-70,-1.21,5740,-40,-0.69,5610,5840,1400-6-24,2021-09-15
550,شگل,گلتاش‌,399,867934,6903934510,8040,8360,8060,20,0.25,8000,-40,-0.5,7730,8360,1400-6-24,2021-09-15
551,پارتا,مجتمع‌صنعتي‌آرتاويل‌تاير,394,847651,22374539168,25939,25201,26717,778,3,26379,440,1.7,25161,26717,1400-6-24,2021-09-15
552,دحاوي,الحاوي,393,5254312,41734226898,7737,7930,7969,232,3,7943,206,2.66,7747,7969,1400-6-24,2021-09-15
553,كفرا,فراورده‌ هاي‌ نسوزايران‌,393,457760,11251531440,25250,25300,24460,-790,-3.13,24700,-550,-2.18,24100,25880,1400-6-24,2021-09-15
554,تسه9912,امتياز تسهيلات مسكن اسفند99,391,8299,5033233637,590199,573333,619708,29509,5,606487,16288,2.76,573333,619708,1400-6-24,2021-09-15
555,پكرمان,گروه‌ صنعتي‌ بارز,388,599475,15837786270,27170,26610,26400,-770,-2.83,26720,-450,-1.66,26230,27000,1400-6-24,2021-09-15
556,فردا2,صندوق س آواي فرداي زاگرس-ثابت,385,38500000,38500000,11420,1,1,-11419,-99.99,1,-11419,-99.99,1,1,1400-6-24,2021-09-15
557,غشوكو,شوكو پارس,385,554412,15018390794,26552,25881,27348,796,3,27089,537,2.02,25880,27348,1400-6-24,2021-09-15
558,دقاضي,داروسازي شهيد قاضي,384,871970,31278722555,37565,35730,35687,-1878,-5,35871,-1694,-4.51,35687,37216,1400-6-24,2021-09-15
559,حخزر,كشتيراني درياي خزر,383,875889,20667128511,22495,23619,23619,1124,5,23596,1101,4.89,23000,23619,1400-6-24,2021-09-15
560,شاملا,معدني‌ املاح‌  ايران‌,382,891387,33909707530,39910,39800,38710,-1200,-3.01,38040,-1870,-4.69,37920,39800,1400-6-24,2021-09-15
561,وپخش,داروپخش‌ (هلدينگ‌,380,341624,10939452120,32910,32850,31900,-1010,-3.07,32700,-210,-0.64,31510,33800,1400-6-24,2021-09-15
562,وايرا,سرمايه گذاري صنايع ايران,377,2165447,16402526141,7458,7440,7681,223,2.99,7575,117,1.57,7370,7681,1400-6-24,2021-09-15
563,شپاس,نفت پاسارگاد,377,534428,10886329024,20407,20990,20370,-37,-0.18,20386,-21,-0.1,19730,20990,1400-6-24,2021-09-15
564,سپر,صندوق س سپر سرمايه بيدار- ثابت,375,7404805,94348511943,12736,12743,12747,11,0.09,12742,6,0.05,12738,12747,1400-6-24,2021-09-15
565,سفانو,سيمان فارس نو,374,397427,9979592990,25790,26000,25050,-740,-2.87,25270,-520,-2.02,24510,26000,1400-6-24,2021-09-15
566,سشمال,سيمان‌ شمال‌,373,913378,9935059140,10860,10890,10890,30,0.28,10870,10,0.09,10710,11280,1400-6-24,2021-09-15
567,قپيرا,فرآورده‌هاي‌غدايي‌وقندپيرانشهر,373,3639639,30573905080,8600,8870,8600,0,0,8400,-200,-2.33,8210,8870,1400-6-24,2021-09-15
568,نتوس,پشم‌ بافي‌ توس,368,657293,8740748163,13657,13987,13248,-409,-2.99,13325,-332,-2.43,13248,13987,1400-6-24,2021-09-15
569,دابورح,ح . داروسازي‌ ابوريحان‌,366,541344,13592682550,24200,24200,25250,1050,4.34,25110,910,3.76,23810,25600,1400-6-24,2021-09-15
570,دفاراح,ح . داروسازي‌ فارابي‌,365,493023,7503947490,15520,15110,15390,-130,-0.84,15220,-300,-1.93,15110,15490,1400-6-24,2021-09-15
571,وتوشه,سرمايه‌ گذاري‌ پارس‌ توشه‌,364,1971596,14047592870,7330,7180,7120,-210,-2.86,7130,-200,-2.73,7040,7420,1400-6-24,2021-09-15
572,حبندر,دريايي و کشتيراني خط دريابندر,361,931140,28358874666,31378,30600,30437,-941,-3,30456,-922,-2.94,30437,31010,1400-6-24,2021-09-15
573,جم,پتروشيمي جم,359,475024,22866548400,48090,48300,48150,60,0.12,48100,10,0.02,48000,49310,1400-6-24,2021-09-15
574,وبشهر,توسعه‌ صنايع‌ بهشهر(هلدينگ,349,2109819,28510711440,13730,13730,13500,-230,-1.68,13590,-140,-1.02,13320,13730,1400-6-24,2021-09-15
575,شراز,پالايش نفت شيراز,344,157290,18675588757,119272,121400,119000,-272,-0.23,119066,-206,-0.17,117001,121980,1400-6-24,2021-09-15
576,بخاور,بيمه زندگي خاورميانه,342,1490510,8510034240,5862,5805,5700,-162,-2.76,5764,-98,-1.67,5670,5830,1400-6-24,2021-09-15
577,ما,بيمه  ما,334,1112334,9033026720,8140,7960,8140,0,0,8130,-10,-0.12,7950,8300,1400-6-24,2021-09-15
578,وارس,سرمايه گذاري ارس صبا,326,593114,7572927539,12854,12483,13020,166,1.29,12789,-65,-0.51,12483,13097,1400-6-24,2021-09-15
579,وسديد,گروه ‌صنعتي‌سديد,324,4927481,7435568829,1555,1509,1509,-46,-2.96,1536,-19,-1.22,1509,1509,1400-6-24,2021-09-15
580,خراسان,پتروشيمي خراسان,323,327753,26876654290,82790,83350,82100,-690,-0.83,82430,-360,-0.43,81850,83350,1400-6-24,2021-09-15
581,وكار,بانك‌ كارآفرين‌,321,4862961,13628517199,2935,2920,2789,-146,-4.97,2894,-41,-1.4,2789,2920,1400-6-24,2021-09-15
582,پسهند,صنايع‌ لاستيكي‌  سهند,317,238992,8005558480,33800,32750,33500,-300,-0.89,33630,-170,-0.5,32500,34240,1400-6-24,2021-09-15
583,كارين,صندوق س نگين سامان-ثابت,315,9029899,91551315160,10133,10138,10139,6,0.06,10139,6,0.06,10137,10139,1400-6-24,2021-09-15
584,دسبحان,سبحان دارو,313,368702,7067827030,18980,18980,19170,190,1,19070,90,0.47,18740,19410,1400-6-24,2021-09-15
585,ولتجارح,ح.واسپا تجارت وسرمايه ايرانيان,313,8942474,16457965138,1879,1828,1823,-56,-2.98,1840,-39,-2.08,1823,1929,1400-6-24,2021-09-15
586,دروز,داروسازي‌ روزدارو,312,599690,19587858820,32530,31720,32290,-240,-0.74,32660,130,0.4,31720,33480,1400-6-24,2021-09-15
587,شساخت,مهندسي و ساختمان صنايع نفت,309,333838,15175459543,44179,45504,45504,1325,3,44603,424,0.96,44563,45504,1400-6-24,2021-09-15
588,دسانكوح,ح . داروسازي سبحان انكولوژي,306,2298994,30706408941,12744,13000,13320,576,4.52,13356,612,4.8,12820,13381,1400-6-24,2021-09-15
589,سپيدما,صندوق س. سپيد دماوند-د,305,13239494,146363680325,11048,11054,11054,6,0.05,11055,7,0.06,11054,11059,1400-6-24,2021-09-15
590,سهگمت,سيمان‌هگمتان‌,300,306830,7913043810,25610,26300,25800,190,0.74,25710,100,0.39,25030,26300,1400-6-24,2021-09-15
591,خاتم,صندوق س خاتم ايساتيس پويا-ثابت,299,4123624,49512225722,12001,12007,12007,6,0.05,12007,6,0.05,12006,12011,1400-6-24,2021-09-15
592,دفرا,فرآورده‌هاي‌ تزريقي‌ ايران‌,296,387774,12244409680,33040,32020,31940,-1100,-3.33,31780,-1260,-3.81,31410,32930,1400-6-24,2021-09-15
593,غپونه,نوش پونه مشهد,295,675975,10883866506,16510,16030,16015,-495,-3,16101,-409,-2.48,16015,16510,1400-6-24,2021-09-15
594,كشرق,صنعتي و معدني شمال شرق شاهرود,295,337136,26437530848,74684,78418,78418,3734,5,78418,3734,5,78418,78418,1400-6-24,2021-09-15
595,تسه9911,امتياز تسهيلات مسكن بهمن99,293,4743,2868791576,590657,565600,620100,29443,4.98,604847,14190,2.4,565600,620100,1400-6-24,2021-09-15
596,ركيش,كارت اعتباري ايران كيش,290,838751,6413529340,7740,7820,7600,-140,-1.81,7710,-30,-0.39,7510,7820,1400-6-24,2021-09-15
597,وسرمد,بيمه  سرمد,288,2169251,9736264455,4589,4550,4461,-128,-2.79,4488,-101,-2.2,4453,4584,1400-6-24,2021-09-15
598,سرود,سيمان‌شاهرود,285,639401,15902852870,25200,24640,24900,-300,-1.19,24870,-330,-1.31,24050,25600,1400-6-24,2021-09-15
599,تسه9909,امتياز تسهيلات مسكن آذر99,281,4992,3018321034,587519,600000,615000,27481,4.68,604632,17113,2.91,591000,616894,1400-6-24,2021-09-15
600,ولتجار,واسپاري تجارت وسرمايه ايرانيان,281,2772035,9736904949,3491,3595,3540,49,1.4,3511,20,0.57,3400,3595,1400-6-24,2021-09-15
601,شستان,پتروشيمي گلستان,273,2596530,9155740342,3523,3585,3585,62,1.76,3526,3,0.09,3453,3593,1400-6-24,2021-09-15
602,وآتوس,س.آرين توسكا قيمت اسمي 350ريال,272,418478,12445688904,30197,29300,29292,-905,-3,29740,-457,-1.51,29292,30998,1400-6-24,2021-09-15
603,دپارس,پارس‌ دارو,271,150272,5693211600,38110,37000,37670,-440,-1.15,38020,-90,-0.24,37000,39000,1400-6-24,2021-09-15
604,سكرما,سيمان‌ كرمان‌,269,1266357,22861305670,18340,18700,18060,-280,-1.53,18050,-290,-1.58,17500,18700,1400-6-24,2021-09-15
605,كي بي سي,شركت كي بي سي,268,329909,8206881510,25027,24155,24990,-37,-0.15,24941,-86,-0.34,24155,25750,1400-6-24,2021-09-15
606,نهال,صندوق س. طلاي سرخ نوويرا,263,296876,2916707974,9902,10060,9701,-201,-2.03,9825,-77,-0.78,9603,10060,1400-6-24,2021-09-15
607,كخاك,صنايع‌خاك‌چيني‌ايران‌,262,315246,10732282210,34170,34930,34590,420,1.23,34100,-70,-0.2,33480,35000,1400-6-24,2021-09-15
608,قزوين,كارخانجات‌ قند قزوين‌,261,335276,11640228760,36310,34900,34530,-1780,-4.9,34930,-1380,-3.8,34500,35800,1400-6-24,2021-09-15
609,سبجنو,سيمان‌ بجنورد,252,262273,11272015810,43000,44450,43000,0,0,42980,-20,-0.05,42090,44450,1400-6-24,2021-09-15
610,دسينا,داروسازي‌ سينا,250,522080,11012861280,21470,21070,21000,-470,-2.19,21170,-300,-1.4,20820,21600,1400-6-24,2021-09-15
611,ركيشح,ح. كارت اعتباري ايران كيش,247,1771924,9716575830,5510,5150,5490,-20,-0.36,5480,-30,-0.54,5150,5670,1400-6-24,2021-09-15
612,شصفها,پتروشيمي‌ اصفهان‌,246,442497,64664823313,148973,147483,145994,-2979,-2,146136,-2837,-1.9,145994,148344,1400-6-24,2021-09-15
613,وسين,بيمه سينا,244,4184760,15445949160,3584,3691,3691,107,2.99,3691,107,2.99,3691,3691,1400-6-24,2021-09-15
614,تسه9910,امتياز تسهيلات مسكن دي99,243,3832,2313728907,589383,574400,610000,20617,3.5,603791,14408,2.44,574400,610280,1400-6-24,2021-09-15
615,سحرخيز,صندوق س. گروه زعفران سحرخيز,242,343727,3342514071,9891,9620,9750,-141,-1.43,9724,-167,-1.69,9620,9800,1400-6-24,2021-09-15
616,سدشت,صنايع سيمان دشتستان,235,104855,5334029290,52510,53500,51280,-1230,-2.34,52150,-360,-0.69,50110,53500,1400-6-24,2021-09-15
617,لوتوس,تامين سرمايه لوتوس پارسيان,234,775411,7092570000,9100,9480,9090,-10,-0.11,9110,10,0.11,9090,9480,1400-6-24,2021-09-15
618,ميدكوح,ح.توسعه م وص.معدني خاورميانه,233,167866,7384042600,44110,44050,43690,-420,-0.95,43990,-120,-0.27,42710,44420,1400-6-24,2021-09-15
619,قمرو,قند مرودشت‌,228,178829,5631893400,31230,31440,31210,-20,-0.06,31340,110,0.35,30300,32590,1400-6-24,2021-09-15
620,خديزل,بهمن  ديزل,227,86562,4621492014,53862,54599,52932,-930,-1.73,53760,-102,-0.19,52601,54599,1400-6-24,2021-09-15
621,فراز,صندوق س.سهام فراز داريك-س,226,882605,12474219339,14133,14145,14138,5,0.04,14133,0,0,14130,14154,1400-6-24,2021-09-15
622,مارون,پتروشيمي مارون,226,32779,6012605587,186788,188580,183110,-3678,-1.97,186582,-206,-0.11,183000,188580,1400-6-24,2021-09-15
623,عيار,صندوق سكه طلاي مفيد,223,498302,14956802980,30144,29810,30100,-44,-0.15,30016,-128,-0.42,29786,30230,1400-6-24,2021-09-15
624,شفا,سرمايه گذاري شفادارو,221,284870,11824914530,42360,42000,41400,-960,-2.27,41850,-510,-1.2,41300,43200,1400-6-24,2021-09-15
625,اخزا910,اسنادخزانه-م10بودجه99-020807,211,315298,201578975727,643547,642000,641770,-1777,-0.28,639328,-4219,-0.66,621999,642000,1400-6-24,2021-09-15
626,دمعيار,صندوق س. توازن معيار-د,211,11328901,114523708850,10115,10120,10120,5,0.05,10109,-6,-0.06,10011,10125,1400-6-24,2021-09-15
627,تسه9907,امتياز تسهيلات مسكن مهر99,207,2867,1742078725,588501,586100,615000,26499,4.5,607631,19130,3.25,586001,617926,1400-6-24,2021-09-15
628,سكه0012پ01,تمام سكه طرح جديد0012رفاه,199,60200,71350416000,1187578,1182000,1183555,-4023,-0.34,1185223,-2355,-0.2,1182000,1192374,1400-6-24,2021-09-15
629,زرين,صندوق س. سهام زرين كوروش-س,197,257261,3451224075,13593,13505,13393,-200,-1.47,13415,-178,-1.31,13351,13507,1400-6-24,2021-09-15
630,ضخود1053,اختيارخ خودرو-2500-1400/10/08,196,10819,2795465000,282,319,250,-32,-11.35,258,-24,-8.51,250,319,1400-6-24,2021-09-15
631,آساس,صندوق س.آسمان آرماني سهام-س,195,24209,4486643279,186740,186930,186300,-440,-0.24,185330,-1410,-0.76,184101,186930,1400-6-24,2021-09-15
632,شتولي,تولي‌پرس‌,191,197486,4513631824,23210,23669,22746,-464,-2,22861,-349,-1.5,22746,23669,1400-6-24,2021-09-15
633,سنوين,سرمايه گذاري اقتصاد نوين,190,1270049,9484803685,7536,7350,7670,134,1.78,7469,-67,-0.89,7310,7760,1400-6-24,2021-09-15
634,ثاصفا,شركت‌ ساختمان‌ اصفهان‌,188,228959,4479114004,20166,19562,19562,-604,-3,19877,-289,-1.43,19562,19571,1400-6-24,2021-09-15
635,ضسپا8044,اختيارخ خساپا-2500-1400/08/26,186,9996,1242760000,136,150,122,-14,-10.29,124,-12,-8.82,114,150,1400-6-24,2021-09-15
636,فيروزه,صندوق شاخص30 شركت فيروزه- سهام,185,29898,5338366660,180460,181990,178500,-1960,-1.09,178550,-1910,-1.06,178000,181990,1400-6-24,2021-09-15
637,تسه9810,امتياز تسهيلات مسكن دي98,184,3772,2281994619,590048,580000,609000,18952,3.21,604983,14935,2.53,580000,619550,1400-6-24,2021-09-15
638,وتعاون,بيمه  تعاون,180,1725864,3854380674,2301,2245,2232,-69,-3,2273,-28,-1.22,2232,2246,1400-6-24,2021-09-15
639,وليز,ليزينگ‌ايران‌,177,1769598,3406476150,1834,1925,1925,91,4.96,1854,20,1.09,1925,1925,1400-6-24,2021-09-15
640,سجام,مجتمع سيمان غرب آسيا,175,1040912,4509826222,4460,4327,4350,-110,-2.47,4397,-63,-1.41,4327,4420,1400-6-24,2021-09-15
641,تسه9902,امتياز تسهيلات مسكن ارديبهشت99,172,2829,1709510090,587156,561121,593000,5844,1,604281,17125,2.92,561121,615990,1400-6-24,2021-09-15
642,كقزوي,شيشه‌ قزوين‌,172,695667,5627946030,7855,8090,8090,235,2.99,7984,129,1.64,8090,8090,1400-6-24,2021-09-15
643,ضخود7074,اختيارخ خودرو-1800-1400/07/07,167,8134,2718077000,365,290,326,-39,-10.68,334,-31,-8.49,290,360,1400-6-24,2021-09-15
644,سپاس,صندوق س. پاداش سهامداري-ثابت,164,2556927,25697891582,10044,10051,10053,9,0.09,10050,6,0.06,10049,10053,1400-6-24,2021-09-15
645,وبازار,صندوق س شاخصي بازارآشنا,163,740224,9287635300,12840,13000,12770,-70,-0.55,12550,-290,-2.26,12200,13000,1400-6-24,2021-09-15
646,شرنگي,شيميايي رنگين,158,149573,37167095624,236656,248488,248488,11832,5,248488,11832,5,248488,248488,1400-6-24,2021-09-15
647,آساميد,صندوق س.مشترك آسمان اميد -د,158,2398194,31134127106,12967,12971,12984,17,0.13,12982,15,0.12,12971,12984,1400-6-24,2021-09-15
648,تماوندح,ح . تامين سرمايه دماوند,156,31134369,220306795044,6676,7076,7076,400,5.99,7076,400,5.99,7076,7076,1400-6-24,2021-09-15
649,تسه9904,امتياز تسهيلات مسكن تير99,154,2374,1434233362,583619,585000,612000,28381,4.86,604142,20523,3.52,583619,612000,1400-6-24,2021-09-15
650,وامين,س. امين توان آفرين ساز,153,319163,4114227866,12887,12887,12899,12,0.09,12887,0,0,12887,12950,1400-6-24,2021-09-15
651,گپارس,امور رفاهي كارگزاران پارس,146,66007,8594404874,126663,126665,130462,3799,3,129760,3097,2.45,126665,130462,1400-6-24,2021-09-15
652,سخواف,سيمان مجد خواف,146,678045,7238130375,11236,10675,10675,-561,-4.99,10770,-466,-4.15,10675,10675,1400-6-24,2021-09-15
653,گنگين,اقتصادي نگين گردشگري ايرانيان,144,771486,18751997370,24646,24550,24300,-346,-1.4,24428,-218,-0.88,23907,24800,1400-6-24,2021-09-15
654,دشيري,شيرين دارو,144,29474,5326086500,183853,180520,178520,-5333,-2.9,182092,-1761,-0.96,178340,185821,1400-6-24,2021-09-15
655,تسه9812,امتياز تسهيلات مسكن اسفند98,143,1811,1089080775,584837,591000,610000,25163,4.3,601370,16533,2.83,585005,614078,1400-6-24,2021-09-15
656,آرمان,بيمه آرمان,137,985467,6534647549,6835,6630,6630,-205,-3,6689,-146,-2.14,6630,6690,1400-6-24,2021-09-15
657,وزمين,بانك ايران زمين,136,258354,3182750002,12492,12890,12200,-292,-2.34,12464,-28,-0.22,12200,12890,1400-6-24,2021-09-15
658,تسه9906,امتياز تسهيلات مسكن شهريور99,130,1606,966462226,586849,582000,610000,23151,3.94,601782,14933,2.54,582000,616191,1400-6-24,2021-09-15
659,تسه9905,امتياز تسهيلات مسكن مرداد99,129,1685,1017468968,587149,558008,612666,25517,4.35,603839,16690,2.84,558008,616000,1400-6-24,2021-09-15
660,گوهر,صندوق سكه طلاي كيان,128,387619,22871810744,59305,59000,59000,-305,-0.51,59006,-299,-0.5,58602,59404,1400-6-24,2021-09-15
661,تسه9903,امتياز تسهيلات مسكن خرداد99,127,1442,872792790,585044,614296,598100,13056,2.23,605265,20221,3.46,580000,614296,1400-6-24,2021-09-15
662,شكبير,پتروشيمي اميركبير,127,39373,3793014946,95675,94061,96780,1105,1.15,95700,25,0.03,94061,97490,1400-6-24,2021-09-15
663,فنفتح,ح . صنايع تجهيزات نفت,126,1023706,12796325000,1000,12500,12500,11500,1150,12500,11500,1150,12500,12500,1400-6-24,2021-09-15
664,تسه9808,امتياز تسهيلات مسكن آبان98,123,2369,1430489443,586046,558166,603000,16954,2.89,603837,17791,3.04,558166,615348,1400-6-24,2021-09-15
665,اخزا914,اسنادخزانه-م14بودجه99-021025,123,172217,105469376498,619413,610000,618870,-543,-0.09,612421,-6992,-1.13,610000,618870,1400-6-24,2021-09-15
666,ضخود1052,اختيارخ خودرو-2000-1400/10/08,122,3178,1702205000,538,553,530,-8,-1.49,536,-2,-0.37,509,554,1400-6-24,2021-09-15
667,امين يكم2,صندوق درآمد ثابت امين يكم فردا,120,120000000,120000000,10122,1,1,-10121,-99.99,1,-10121,-99.99,1,1,1400-6-24,2021-09-15
668,سكارون,سيمان كارون,119,109920,9698021760,90956,88228,88228,-2728,-3,88228,-2728,-3,88228,88228,1400-6-24,2021-09-15
669,وآفري,بيمه كارآفرين,116,1659267,5396981246,3250,3250,3276,26,0.8,3251,1,0.03,3249,3280,1400-6-24,2021-09-15
670,وسنا,سرمايه گذاري نيروگاهي ايران,114,609853,9777773149,16528,16033,16033,-495,-2.99,16310,-218,-1.32,16033,16033,1400-6-24,2021-09-15
671,تسه9809,امتياز تسهيلات مسكن آذر98,114,2164,1312319764,590677,574110,619900,29223,4.95,606432,15755,2.67,574110,620210,1400-6-24,2021-09-15
672,حرهشا,رهشاد سپاهان (سهامي عام,108,22154,2274196716,99665,102654,102654,2989,3,100548,883,0.89,102654,102654,1400-6-24,2021-09-15
673,تسه9811,امتياز تسهيلات مسكن بهمن98,104,1087,655736371,587608,581000,600000,12392,2.11,603253,15645,2.66,570100,616988,1400-6-24,2021-09-15
674,تسه9901,امتياز تسهيلات مسكن فروردين99,104,1024,617657082,591883,590000,605000,13117,2.22,603181,11298,1.91,590000,612999,1400-6-24,2021-09-15
675,ارمغان,ص سرمايه گذاري ارمغان ايرانيان,103,407826,4097004751,10037,10041,10054,17,0.17,10046,9,0.09,10041,10055,1400-6-24,2021-09-15
676,اخزا901,اسنادخزانه-م1بودجه99-010621,100,56183,46085232953,819124,820000,821998,2874,0.35,820270,1146,0.14,815360,821998,1400-6-24,2021-09-15
677,لكما,كارخانجات‌مخابراتي‌ايران‌,100,1027548,2021186916,2027,1967,1967,-60,-2.96,2015,-12,-0.59,1967,1967,1400-6-24,2021-09-15
678,زر,صندوق س.پشتوانه سكه طلاي زر,99,48713,2515959671,51787,51151,51705,-82,-0.16,51649,-138,-0.27,51151,51817,1400-6-24,2021-09-15
679,اخزا903,اسنادخزانه-م3بودجه99-011110,96,185728,141214425180,757445,759000,761800,4355,0.57,760329,2884,0.38,757005,761800,1400-6-24,2021-09-15
680,تماوند,تامين سرمايه دماوند,95,1876728,13885910472,7184,7399,7399,215,2.99,7328,144,2,7399,7399,1400-6-24,2021-09-15
681,ضپاس7030,اختيارخ وپارس-3000-1400/07/28,95,2274,799103000,445,489,280,-165,-37.08,351,-94,-21.12,280,490,1400-6-24,2021-09-15
682,افق ملت,صندوق س در سهام افق ملت,94,33724,5182641840,154710,154000,153200,-1510,-0.98,153680,-1030,-0.67,153000,154800,1400-6-24,2021-09-15
683,ضسپا8043,اختيارخ خساپا-2000-1400/08/26,94,2903,765153000,285,275,250,-35,-12.28,264,-21,-7.37,249,289,1400-6-24,2021-09-15
684,كامياب,صندوق س. كامياب آشنا-د,93,149962,1559979335,10395,10402,10410,15,0.14,10402,7,0.07,10401,10410,1400-6-24,2021-09-15
685,آتيمس,صندوق س.آرمان آتيه درخشان مس-س,92,11258,2316463886,209142,206132,205011,-4131,-1.98,205762,-3380,-1.62,204090,209210,1400-6-24,2021-09-15
686,فيروزا,صندوق بادرآمد ثابت فيروزه آسيا,88,512892,12792968922,24931,24958,24941,10,0.04,24943,12,0.05,24923,25190,1400-6-24,2021-09-15
687,ضملت8042,اختيارخ وبملت-3934-1400/08/19,87,1853,967143000,529,460,500,-29,-5.48,522,-7,-1.32,460,580,1400-6-24,2021-09-15
688,قنقش,قند نقش جهان,85,82781,6361140383,75337,76843,76843,1506,2,76843,1506,2,76843,76843,1400-6-24,2021-09-15
689,داريك,صندوق س.اعتماد داريك-د,85,2652975,30441249009,11467,11473,11475,8,0.07,11474,7,0.06,11473,11475,1400-6-24,2021-09-15
690,زعف0008پ05,زعفران0008نگين زرين(پ),81,145070,21170842951,143963,141205,142500,-1463,-1.02,145935,1972,1.37,141200,148000,1400-6-24,2021-09-15
691,ساروج,بين المللي ساروج بوشهر,80,184674,3349999922,18409,18000,18535,126,0.68,18316,-93,-0.51,18000,18573,1400-6-24,2021-09-15
692,تسه9807,امتياز تسهيلات مسكن مهر98,78,1274,772037470,588681,590000,603310,14629,2.49,605995,17314,2.94,590000,618000,1400-6-24,2021-09-15
693,الماس,صندوق س.امين تدبيرگران فردا-س,76,12224,1604154006,134344,134006,131999,-2345,-1.75,131230,-3114,-2.32,130000,135499,1400-6-24,2021-09-15
694,صايند,صندوق س. گنجينه آينده روشن-د,76,607540,6108258930,10054,10056,10054,0,0,10054,0,0,10034,10060,1400-6-24,2021-09-15
695,دارا,صندوق س. دارا الگوريتم-د,74,1089851,10942430402,10039,10049,10039,0,0,10040,1,0.01,10035,10049,1400-6-24,2021-09-15
696,ضملت8043,اختيارخ وبملت-4434-1400/08/19,74,2923,845383000,289,330,272,-17,-5.88,289,0,0,272,330,1400-6-24,2021-09-15
697,وپخشح,ح . داروپخش‌ (هلدينگ‌,70,47190,1420723480,31320,29140,29970,-1350,-4.31,30110,-1210,-3.86,29140,31800,1400-6-24,2021-09-15
698,ويسا,سرمايه گذاري ايساتيس پويا,70,310978,1673372618,5225,5381,5381,156,2.99,5249,24,0.46,5381,5381,1400-6-24,2021-09-15
699,ثجوان,تامين مسكن جوانان,69,554616,4352626368,8090,7848,7848,-242,-2.99,7977,-113,-1.4,7848,7848,1400-6-24,2021-09-15
700,اخزا911,اسنادخزانه-م11بودجه99-020906,68,367399,231920769338,631525,630000,629664,-1861,-0.29,631250,-275,-0.04,628539,633000,1400-6-24,2021-09-15
701,اخزا902,اسنادخزانه-م2بودجه99-011019,66,68245,52496053162,766944,767000,769900,2956,0.39,769229,2285,0.3,764299,769900,1400-6-24,2021-09-15
702,فكمند,گسترش قطعه سازي كمند,62,357615,13012179390,35327,36386,36386,1059,3,36386,1059,3,36386,36386,1400-6-24,2021-09-15
703,فنفت,صنايع تجهيزات نفت,61,751075,10025349100,12960,13348,13348,388,2.99,13290,330,2.55,13348,13348,1400-6-24,2021-09-15
704,اراد50,مرابحه عام دولت5-ش.خ0302,61,976900,976900270000,1000000,1000001,1000000,0,0,1000000,0,0,1000000,1000001,1400-6-24,2021-09-15
705,صنوين,صندوق سرمايه‌گذاري صنوين-مختلط,59,8988,922568450,103490,104230,102350,-1140,-1.1,102640,-850,-0.82,101500,104230,1400-6-24,2021-09-15
706,سلار,شركت سيمان لارستان,58,104311,3169594046,31325,30386,30386,-939,-3,30991,-334,-1.07,30386,30386,1400-6-24,2021-09-15
707,آكورد2,صندوق س. آرمان آتي كوثر-د,58,5800000,5800000,34131,1,1,-34130,-100,1,-34130,-100,1,1,1400-6-24,2021-09-15
708,سيناد,صندوق س.سپهرسودمند سينا-د,58,581669,5816705999,10002,10000,10000,-2,-0.02,10000,-2,-0.02,10000,10001,1400-6-24,2021-09-15
709,فالوم,آلومتك‌,57,441496,12059463240,26520,27315,27315,795,3,27315,795,3,27315,27315,1400-6-24,2021-09-15
710,اخزا909,اسنادخزانه-م9بودجه99-020316,54,185390,129831953261,699932,697060,701000,1068,0.15,700318,386,0.06,697004,701000,1400-6-24,2021-09-15
711,اخزا908,اسنادخزانه-م8بودجه99-020606,51,93183,61827937425,664176,667000,665900,1724,0.26,663511,-665,-0.1,660000,667000,1400-6-24,2021-09-15
712,اخزا006,اسنادخزانه-م6بودجه00-030723,51,228361,120022875504,526916,522000,527400,484,0.09,525584,-1332,-0.25,521752,529930,1400-6-24,2021-09-15
713,ضسپا8042,اختيارخ خساپا-1800-1400/08/26,46,2613,1003873000,390,399,375,-15,-3.85,384,-6,-1.54,339,400,1400-6-24,2021-09-15
714,فاهواز,نورد و لوله اهواز,46,461142,2779763976,6151,6028,6028,-123,-2,6126,-25,-0.41,6028,6028,1400-6-24,2021-09-15
715,تصميم2,صندوق س با درآمد ثابت تصميم,40,40000000,40000000,17373,1,1,-17372,-99.99,1,-17372,-99.99,1,1,1400-6-24,2021-09-15
716,اخزا004,اسنادخزانه-م4بودجه00-030522,39,199474,109903742579,543983,552960,546500,2517,0.46,550968,6985,1.28,546500,552980,1400-6-24,2021-09-15
717,گنجين,صندوق س. گنجينه يكم آويد-د,38,180299,2468779824,13685,13685,13694,9,0.07,13693,8,0.06,13685,13694,1400-6-24,2021-09-15
718,ضسپا8041,اختيارخ خساپا-1600-1400/08/26,37,1473,732793000,512,500,480,-32,-6.25,497,-15,-2.93,470,514,1400-6-24,2021-09-15
719,بايكا,كارخانجات كابلسازي ‌ايران‌,36,46134,1146429900,25618,24850,24850,-768,-3,25521,-97,-0.38,24850,24850,1400-6-24,2021-09-15
720,ضخود7080,اختيارخ خودرو-4500-1400/07/07,36,1691,1692000,1,2,1,0,0,1,0,0,1,2,1400-6-24,2021-09-15
721,ضشنا8005,اختيارخ شپنا-12800-1400/08/16,35,251,477960000,2066,2000,1860,-206,-9.97,1904,-162,-7.84,1850,2234,1400-6-24,2021-09-15
722,سكه0112پ03,تمام سكه طرح جديد0112سامان,35,7900,9341942100,1187709,1180000,1185000,-2709,-0.23,1182524,-5185,-0.44,1180000,1188000,1400-6-24,2021-09-15
723,وملت,سرمايه گذاري ملت,34,441974,1465143810,3382,3315,3315,-67,-1.98,3361,-21,-0.62,3315,3315,1400-6-24,2021-09-15
724,زعف0008پ16,زعفران0008نگين بيرجند(پ),34,54611,7957666105,143805,145000,142500,-1305,-0.91,145715,1910,1.33,140600,148000,1400-6-24,2021-09-15
725,كهربا,صندوق س.پشتوانه سكه طلا كهربا,32,68335,710733031,10409,10450,10410,1,0.01,10401,-8,-0.08,10375,10450,1400-6-24,2021-09-15
726,ضپال2007,اختيارخ اپال-32000-1401/02/12,32,427,556323000,1372,1300,1289,-83,-6.05,1303,-69,-5.03,1277,1380,1400-6-24,2021-09-15
727,گوهر2,صندوق سكه طلاي كيان,30,300000,300000,59305,1,1,-59304,-100,1,-59304,-100,1,1,1400-6-24,2021-09-15
728,اخزا905,اسنادخزانه-م5بودجه99-020218,30,124925,89765268031,717174,715001,706829,-10345,-1.44,718553,1379,0.19,706829,721000,1400-6-24,2021-09-15
729,اراد45,مرابحه عام دولت4-ش.خ 0107,30,317000,300674500000,962425,948500,948500,-13925,-1.45,948500,-13925,-1.45,948500,948500,1400-6-24,2021-09-15
730,ثروتم,صندوق س. ثروت آفرين پارسيان-س,27,40080,3681814910,92384,92120,91821,-563,-0.61,91862,-522,-0.57,91360,92189,1400-6-24,2021-09-15
731,ضملي7003,اختيارخ فملي-11720-1400/07/11,27,514,708509000,1872,1113,1400,-472,-25.21,1378,-494,-26.39,1113,1688,1400-6-24,2021-09-15
732,برن0104پ01,برنج طارم0104تجارت مازندران(پ),26,1885,750530100,397390,399900,405000,7610,1.91,398159,769,0.19,397400,406000,1400-6-24,2021-09-15
733,آسام,صندوق س.آرمان سپهر آشنا-م,24,13740,1735761400,126329,126329,126330,1,0,126329,0,0,126329,126350,1400-6-24,2021-09-15
734,زعف0008پ12,زعفران0008پوشالمعمول سحرخيز(پ),24,10034,1207974353,121206,120000,118000,-3206,-2.65,120388,-818,-0.67,118000,122000,1400-6-24,2021-09-15
735,زعف0008پ11,زعفران0008نگين سحرخيز(پ),24,3640,529827401,141623,146469,143899,2276,1.61,145557,3934,2.78,140033,146469,1400-6-24,2021-09-15
736,وتعاونح,ح . بيمه  تعاون,23,1154154,1162233078,1038,1007,1007,-31,-2.99,1007,-31,-2.99,1007,1007,1400-6-24,2021-09-15
737,اخزا815,اسنادخزانه-م15بودجه98-010406,23,5337,4578963400,855852,858000,854714,-1138,-0.13,857966,2114,0.25,854086,860000,1400-6-24,2021-09-15
738,اخزا808,اسنادخزانه-م8بودجه98-000817,23,19821,19231222149,972788,967001,970000,-2788,-0.29,970245,-2543,-0.26,967001,971500,1400-6-24,2021-09-15
739,ضملي7004,اختيارخ فملي-13720-1400/07/11,22,202,113516000,849,999,520,-329,-38.75,562,-287,-33.8,501,999,1400-6-24,2021-09-15
740,سكه0012پ04,تمام سكه طرح جديد0012صادرات,22,11700,13865173500,1187558,1189000,1182550,-5008,-0.42,1185058,-2500,-0.21,1182500,1189000,1400-6-24,2021-09-15
741,سكه0111پ05,تمام سكه طرح جديد0111آينده,21,12700,15026087300,1184413,1186000,1180000,-4413,-0.37,1183156,-1257,-0.11,1177000,1186000,1400-6-24,2021-09-15
742,پادا,صندوق س.پاداش سرمايه پارس-س,21,17229,2017371008,119682,120300,117500,-2182,-1.82,117092,-2590,-2.16,116800,120300,1400-6-24,2021-09-15
743,سكه0011پ02,تمام سكه طرح جديد0011ملت,20,2400,2847119400,1190912,1190000,1186000,-4912,-0.41,1186300,-4612,-0.39,1183000,1190000,1400-6-24,2021-09-15
744,ضخود1049,اختيارخ خودرو-1400-1400/10/08,20,635,550910000,872,830,831,-41,-4.7,868,-4,-0.46,830,1000,1400-6-24,2021-09-15
745,صخابر102,صكوك اجاره مخابرات-3 ماهه 16%,20,200000,195640000000,978200,978200,978200,0,0,978200,0,0,978200,978200,1400-6-24,2021-09-15
746,ضسپا8045,اختيارخ خساپا-3000-1400/08/26,20,1360,102900000,85,40,40,-45,-52.94,76,-9,-10.59,40,100,1400-6-24,2021-09-15
747,كگازح,ح . شيشه‌ و گاز,19,220985,4640685000,21350,21000,21000,-350,-1.64,21000,-350,-1.64,21000,21000,1400-6-24,2021-09-15
748,اخزا904,اسنادخزانه-م4بودجه99-011215,18,54395,40563918876,745833,730415,745833,0,0,745729,-104,-0.01,730415,746500,1400-6-24,2021-09-15
749,فسديد,لوله‌وتجهيزات‌ سديد - ورشكسته,17,4441,474716254,109075,106894,106894,-2181,-2,108827,-248,-0.23,106894,106894,1400-6-24,2021-09-15
750,اخزا001,اسنادخزانه-م1بودجه00-030821,17,105717,55016045245,520703,520703,519000,-1703,-0.33,520409,-294,-0.06,518711,521000,1400-6-24,2021-09-15
751,اخزا917,اسنادخزانه-م17بودجه99-010226,17,45680,39988074229,874096,874085,882555,8459,0.97,875396,1300,0.15,872013,882555,1400-6-24,2021-09-15
752,ضسپا8040,اختيارخ خساپا-1400-1400/08/26,17,557,339593000,682,601,620,-62,-9.09,610,-72,-10.56,600,620,1400-6-24,2021-09-15
753,عيار2,صندوق سكه طلاي مفيد,16,160000,160000,30144,1,1,-30143,-100,1,-30143,-100,1,1,1400-6-24,2021-09-15
754,اخزا809,اسنادخزانه-م9بودجه98-000923,16,14426,13713251284,950190,953990,950239,49,0.01,950593,403,0.04,950238,953999,1400-6-24,2021-09-15
755,بذر,صندوق س بذر اميد آفرين-سهام,16,1810,194584840,108170,106920,106920,-1250,-1.16,107510,-660,-0.61,106920,109800,1400-6-24,2021-09-15
756,كهرام,توليدي گرانيت بهسرام,15,62319,5554554789,90949,89131,89131,-1818,-2,89131,-1818,-2,89131,89131,1400-6-24,2021-09-15
757,اخزا821,اسنادخزانه-م21بودجه98-020906,15,1386,871277642,635052,628600,630020,-5032,-0.79,628627,-6425,-1.01,628540,630020,1400-6-24,2021-09-15
758,اخزا002,اسنادخزانه-م2بودجه00-031024,15,33340,16722664802,502577,502577,503000,423,0.08,501580,-997,-0.2,500101,503000,1400-6-24,2021-09-15
759,وسقم,شركت س استان قم,14,764000,982504000,1353,1286,1286,-67,-4.95,1351,-2,-0.15,1286,1286,1400-6-24,2021-09-15
760,اخزا721,اسنادخزانه-م21بودجه97-000728,14,6075,5956993714,978020,980000,980454,2434,0.25,980575,2555,0.26,980000,981000,1400-6-24,2021-09-15
761,ضذوب905,اختيارخ ذوب-5000-14000917,13,302,146606000,517,549,421,-96,-18.57,485,-32,-6.19,421,549,1400-6-24,2021-09-15
762,زعف0008پ20,زعفران0008نگين وحدت جام(پ),13,6025,880100960,142777,140203,148000,5223,3.66,146075,3298,2.31,140202,148000,1400-6-24,2021-09-15
763,سخند,صندوق س.سپهرخبرگان نفت-د,13,159190,1581739200,9953,9935,9934,-19,-0.19,9936,-17,-0.17,9934,9940,1400-6-24,2021-09-15
764,ضپال2006,اختيارخ اپال-28000-1401/02/12,13,254,557387000,2448,2150,2213,-235,-9.6,2194,-254,-10.38,2150,2280,1400-6-24,2021-09-15
765,ضشنا8006,اختيارخ شپنا-14800-1400/08/16,13,215,215579000,1248,850,1001,-247,-19.79,1003,-245,-19.63,850,1200,1400-6-24,2021-09-15
766,ضپاس7029,اختيارخ وپارس-2500-1400/07/28,13,116,68685000,695,551,630,-65,-9.35,592,-103,-14.82,551,640,1400-6-24,2021-09-15
767,ثاژن,سخت آژند,12,92333,804866761,9080,8717,8717,-363,-4,9019,-61,-0.67,8717,8717,1400-6-24,2021-09-15
768,ضجار7041,اختيارخ وتجارت-2997-1400/07/21,12,295,13267000,70,55,21,-49,-70,45,-25,-35.71,21,85,1400-6-24,2021-09-15
769,اراد62,مرابحه عام دولت62-ش.خ0309,12,300000,300000000000,1000000,1000000,1000000,0,0,1000000,0,0,1000000,1000000,1400-6-24,2021-09-15
770,مكرما304,مشاركت ش كرمانشاه304-3ماهه18%,12,120000,120000000000,1000000,1000000,1000000,0,0,1000000,0,0,1000000,1000000,1400-6-24,2021-09-15
771,اخزا008,اسنادخزانه-م8بودجه00-030919,11,14493,7394425250,515673,510010,511100,-4573,-0.89,510207,-5466,-1.06,510000,516000,1400-6-24,2021-09-15
772,كابگن,توليدي و صنعتي آبگينه‌,11,56198,318811254,5617,5673,5673,56,1,5624,7,0.12,5673,5673,1400-6-24,2021-09-15
773,ثنام,س ساختماني ب نام آوران مهندسي,11,19517,259419964,13703,13292,13292,-411,-3,13692,-11,-0.08,13292,13292,1400-6-24,2021-09-15
774,وحافظ,بيمه حافظ,11,52588,559168204,10961,10633,10633,-328,-2.99,10942,-19,-0.17,10633,10633,1400-6-24,2021-09-15
775,ضملت8044,اختيارخ وبملت-4934-1400/08/19,11,240,36575000,160,162,160,0,0,152,-8,-5,150,162,1400-6-24,2021-09-15
776,ضخود7078,اختيارخ خودرو-3500-1400/07/07,11,410,410000,1,1,1,0,0,1,0,0,1,1,1400-6-24,2021-09-15
777,اخزا811,اسنادخزانه-م11بودجه98-001013,11,4424,4158234963,939714,940001,940024,310,0.03,939926,212,0.02,939714,940400,1400-6-24,2021-09-15
778,اخزا817,اسنادخزانه-م17بودجه98-010512,11,19998,16813572826,838741,841000,841500,2759,0.33,840763,2022,0.24,836107,841500,1400-6-24,2021-09-15
779,حاريا,كشتيراني آريا,11,19021,292048434,15667,15354,15354,-313,-2,15648,-19,-0.12,15354,15354,1400-6-24,2021-09-15
780,ضمخا7066,اختيارخ اخابر-11700-1400/07/28,10,187,75268000,450,598,350,-100,-22.22,403,-47,-10.44,300,598,1400-6-24,2021-09-15
781,ضخود1055,اختيارخ خودرو-3500-1400/10/08,10,197,18594000,56,99,90,34,60.71,94,38,67.86,90,99,1400-6-24,2021-09-15
782,اخزا810,اسنادخزانه-م10بودجه98-001006,10,6338,5988720481,941481,946998,945000,3519,0.37,944891,3410,0.36,943256,947000,1400-6-24,2021-09-15
783,ددامح,ح . داروسازي زاگرس فارمد پارس,10,17771,277227600,15600,15600,15600,0,0,15600,0,0,15600,15600,1400-6-24,2021-09-15
784,مكرما034,مشاركت ش كرمانشاه034-3ماهه18%,10,100000,100000000000,980000,1000000,1000000,20000,2.04,1000000,20000,2.04,1000000,1000000,1400-6-24,2021-09-15
785,داراب,پتروشيمي داراب,9,42590,93399870,2308,2193,2193,-115,-4.98,2307,-1,-0.04,2193,2193,1400-6-24,2021-09-15
786,ثهام,صندوق س ثروت هامرز-سهام,9,3233,38145480,11844,11800,11920,76,0.64,11799,-45,-0.38,11726,11940,1400-6-24,2021-09-15
787,تاپيكو4,س. نفت و گاز و پتروشيمي تأمين,9,8670520232,12000000001088,13900,1384,1384,-12516,-90.04,1384,-12516,-90.04,1384,1384,1400-6-24,2021-09-15
788,داريك2,صندوق س.اعتماد داريك-د,9,8175000,8175000,11467,1,1,-11466,-99.99,1,-11466,-99.99,1,1,1400-6-24,2021-09-15
789,گكيش,توريستي ورفاهي آبادگران كيش,9,5956,245750516,42537,41261,41261,-1276,-3,42504,-33,-0.08,41261,41261,1400-6-24,2021-09-15
790,ضخود1051,اختيارخ خودرو-1800-1400/10/08,9,547,335500000,655,620,625,-30,-4.58,613,-42,-6.41,600,639,1400-6-24,2021-09-15
791,كمند2,صندوق س. با درآمد ثابت كمند,8,734000000,734000000,10045,1,1,-10044,-99.99,1,-10044,-99.99,1,1,1400-6-24,2021-09-15
792,افران2,صندوق س افرا نماد پايدار-ثابت,8,54600000,54600000,14262,1,1,-14261,-99.99,1,-14261,-99.99,1,1,1400-6-24,2021-09-15
793,ضمخا7075,اختيارخ اخابر-8700-1400/07/28,8,8,15940000,2000,2000,2000,0,0,1992,-8,-0.4,1980,2000,1400-6-24,2021-09-15
794,ضملي7002,اختيارخ فملي-9720-1400/07/11,8,22,70170000,3389,3500,3260,-129,-3.81,3190,-199,-5.87,3050,3500,1400-6-24,2021-09-15
795,تملي804,تسهيلات مسكن ب. ملي-تير98,7,113,100478410,920553,966580,966580,46027,5,889189,-31364,-3.41,874526,966580,1400-6-24,2021-09-15
796,هبساز103,اختيارف ت ثبهساز-2346-01/03/18,7,200000,200000,1,1,1,0,0,1,0,0,1,1,1400-6-24,2021-09-15
797,ضشنا8001,اختيارخ شپنا-6800-1400/08/16,7,82,453410000,6243,4901,6200,-43,-0.69,5529,-714,-11.44,4901,6200,1400-6-24,2021-09-15
798,ضترا8060,اختيارخ شتران-4323-1400/08/09,7,153,241340000,2154,1540,1650,-504,-23.4,1577,-577,-26.79,1540,1650,1400-6-24,2021-09-15
799,ساذري,آذريت‌,7,6852,55871208,7917,8154,8154,237,2.99,7918,1,0.01,8154,8154,1400-6-24,2021-09-15
800,طخود1052,اختيارف خودرو-2000-1400/10/08,7,28,2780000,100,100,100,0,0,99,-1,-1,90,100,1400-6-24,2021-09-15
801,اخزا723,اسنادخزانه-م23بودجه97-000824,7,3778,3653777595,965733,965994,967000,1267,0.13,967120,1387,0.14,965994,968000,1400-6-24,2021-09-15
802,ضصاد8033,اختيارخ وبصادر-2489-1400/08/12,7,435,123420000,285,261,260,-25,-8.77,284,-1,-0.35,260,284,1400-6-24,2021-09-15
803,تملي702,تسهيلات مسكن ب. ملي-ارديبهشت97,7,79,69025302,832132,873738,873738,41606,5,873738,41606,5,873738,873738,1400-6-24,2021-09-15
804,زعف0008پ08,زعفران0008نگين روستا(پ),6,10983,1577781017,143503,144999,142250,-1253,-0.87,143657,154,0.11,142250,144999,1400-6-24,2021-09-15
805,هاميد104,اختيارف ت ثاميد-2050-01/04/20,6,109240,9940840,120,91,91,-29,-24.17,91,-29,-24.17,91,91,1400-6-24,2021-09-15
806,اخزا814,اسنادخزانه-م14بودجه98-010318,6,38622,33480266000,866999,869000,863000,-3999,-0.46,866870,-129,-0.01,863000,870000,1400-6-24,2021-09-15
807,اراد61,مرابحه عام دولت61-ش.خ0309,6,60000,60000060000,1000000,1000001,1000001,1,0,1000001,1,0,1000001,1000001,1400-6-24,2021-09-15
808,اخزا907,اسنادخزانه-م7بودجه99-020704,6,41188,26860980096,653514,651484,654000,486,0.07,652155,-1359,-0.21,651483,654000,1400-6-24,2021-09-15
809,ضجار7040,اختيارخ وتجارت-2497-1400/07/21,6,31,5090000,257,190,188,-69,-26.85,164,-93,-36.19,132,240,1400-6-24,2021-09-15
810,اخزا812,اسنادخزانه-م12بودجه98-001111,6,141,130467821,927445,926000,924718,-2727,-0.29,925304,-2141,-0.23,924718,929999,1400-6-24,2021-09-15
811,نهال2,صندوق س. طلاي سرخ نوويرا,6,600000,600000,9902,1,1,-9901,-99.99,1,-9901,-99.99,1,1,1400-6-24,2021-09-15
812,زعف0008پ10,زعفران0008نگين طلاي سرخ(پ),6,4304,651963695,147532,151000,151495,3963,2.69,151479,3947,2.68,151000,151495,1400-6-24,2021-09-15
813,ياقوت2,صندوق س ياقوت آگاه-ثابت,5,145088000,145088000,13125,1,1,-13124,-99.99,1,-13124,-99.99,1,1,1400-6-24,2021-09-15
814,اخزا820,اسنادخزانه-م20بودجه98-020806,5,143,93040875,653741,638001,656811,3070,0.47,650635,-3106,-0.48,638001,656811,1400-6-24,2021-09-15
815,اخزا807,اسنادخزانه-م7بودجه98-000719,5,448,442796872,984995,985361,987000,2005,0.2,988386,3391,0.34,985361,990000,1400-6-24,2021-09-15
816,سفارود,كارخانه فارسيت درود,5,15944,258468184,16541,16211,16211,-330,-2,16524,-17,-0.1,16211,16211,1400-6-24,2021-09-15
817,خعمرا,توسعه و عمران شهرستان نائين,5,71079,277279179,3788,3901,3901,113,2.98,3791,3,0.08,3901,3901,1400-6-24,2021-09-15
818,طخود7075,اختيارف خودرو-2000-1400/07/07,5,142,5680000,65,40,40,-25,-38.46,40,-25,-38.46,40,40,1400-6-24,2021-09-15
819,كايتا,ايتالران‌,5,36001,353529820,9353,9820,9820,467,4.99,9370,17,0.18,9820,9820,1400-6-24,2021-09-15
820,اخزا816,اسنادخزانه-م16بودجه98-010503,5,6207,5261482778,843124,848000,842005,-1119,-0.13,847669,4545,0.54,842005,849000,1400-6-24,2021-09-15
821,سايرا,ايرانيت‌,5,4791,170344005,37036,35555,35555,-1481,-4,36982,-54,-0.15,35555,35555,1400-6-24,2021-09-15
822,بتك,كارخانجات كابل سازي‌ تك‌,5,1090,38139100,34304,34990,34990,686,2,34321,17,0.05,34990,34990,1400-6-24,2021-09-15
823,ضمخا7076,اختيارخ اخابر-9700-1400/07/28,4,50,50191000,1505,711,1200,-305,-20.27,1004,-501,-33.29,711,1200,1400-6-24,2021-09-15
824,ضمخا7071,اختيارخ اخابر-23700-1400/07/28,4,200,1000000,11,5,5,-6,-54.55,5,-6,-54.55,5,5,1400-6-24,2021-09-15
825,سنفت010,سلف موازي استاندارد سنفت010,4,335320,550726214800,1630540,1642390,1642390,11850,0.73,1642390,11850,0.73,1642390,1642390,1400-6-24,2021-09-15
826,نگين,ص.س. زمين و ساختمان نگين شهرري,4,373,19299350,51280,51060,52060,780,1.52,51740,460,0.9,51060,52070,1400-6-24,2021-09-15
827,ضشنا8003,اختيارخ شپنا-8800-1400/08/16,4,34,166600000,5240,4900,4800,-440,-8.4,4900,-340,-6.49,4500,5200,1400-6-24,2021-09-15
828,ضذوب906,اختيارخ ذوب-6000-14000917,4,10,4000000,491,400,400,-91,-18.53,400,-91,-18.53,400,400,1400-6-24,2021-09-15
829,پست0008پ08,پسته فندقي32-30مه ولات0008(پ),4,17,30180000,1832890,1760000,1760000,-72890,-3.98,1775294,-57596,-3.14,1760000,1900000,1400-6-24,2021-09-15
830,ضفلا7005,اختيارخ فولاد-11013-1400/07/25,4,12,13809700,928,850,800,-128,-13.79,821,-107,-11.53,800,850,1400-6-24,2021-09-15
831,ضترا8058,اختيارخ شتران-3442-1400/08/09,4,23,67752000,3722,3001,2900,-822,-22.08,2946,-776,-20.85,2900,3750,1400-6-24,2021-09-15
832,افق ملت2,صندوق س در سهام افق ملت,4,400000,400000,154710,1,1,-154709,-100,1,-154709,-100,1,1,1400-6-24,2021-09-15
833,زعف0008پ19,زعفران0008نگين تروند قاينات(پ),4,2035,306722575,144700,150000,151495,6795,4.7,150724,6024,4.16,150000,151495,1400-6-24,2021-09-15
834,اراد644,مرابحه عام دولتي64-ش.خ0111,4,37870000,35959080880000,944500,948668,954800,10300,1.09,949540,5040,0.53,948400,954863,1400-6-24,2021-09-15
835,ضترا8057,اختيارخ شتران-3000-1400/08/09,4,23,92411000,4014,4200,3900,-114,-2.84,4018,4,0.1,3900,4200,1400-6-24,2021-09-15
836,توسن4,توسعه سامانه ي نرم افزاري نگين,4,367200000,2801736000000,1000,7630,7630,6630,663,7630,6630,663,7630,7630,1400-6-24,2021-09-15
837,تملي704,تسهيلات مسكن ب. ملي-تير97,3,33,22368312,712935,678000,677289,-35646,-5,677828,-35107,-4.92,677289,678000,1400-6-24,2021-09-15
838,داريك4,صندوق س.اعتماد داريك-د,3,10675000,120804500000,11467,11240,11340,-127,-1.11,11317,-150,-1.31,11240,11340,1400-6-24,2021-09-15
839,ضصاد8031,اختيارخ وبصادر-1789-1400/08/12,3,52,40410000,640,779,770,130,20.31,777,137,21.41,690,779,1400-6-24,2021-09-15
840,صپامهر,بار پايه صنعتي مهر,3,28600,18590000,680,650,650,-30,-4.41,650,-30,-4.41,650,650,1400-6-24,2021-09-15
841,سبرق021,سلف موازي برق صادراتي گيلان021,3,2973000,550887981000,168226,185297,185297,17071,10.15,185297,17071,10.15,185297,185297,1400-6-24,2021-09-15
842,تملي806,تسهيلات مسكن ب. ملي-شهريور98,3,44,27409400,655501,622960,622900,-32601,-4.97,622941,-32560,-4.97,622900,622960,1400-6-24,2021-09-15
843,ضشنا8000,اختيارخ شپنا-5800-1400/08/16,3,12,83199000,6001,6200,7000,999,16.65,6933,932,15.53,6200,7000,1400-6-24,2021-09-15
844,زعف0008پ18,زعفران0008نگين بهرامن(پ),3,2000,302987600,139500,151491,151495,11995,8.6,151494,11994,8.6,151491,151495,1400-6-24,2021-09-15
845,ضشنا8004,اختيارخ شپنا-10800-1400/08/16,3,24,80800000,3248,3250,3450,202,6.22,3367,119,3.66,3250,3450,1400-6-24,2021-09-15
846,ضخود7072,اختيارخ خودرو-1400-1400/07/07,3,52,36604000,760,827,699,-61,-8.03,704,-56,-7.37,699,827,1400-6-24,2021-09-15
847,ضترا8056,اختيارخ شتران-2558-1400/08/09,3,6,28800000,5000,4800,4800,-200,-4,4800,-200,-4,4800,4800,1400-6-24,2021-09-15
848,ثقزوي,شركت عمران و سازندگي قزوين,3,2448,70999344,29900,29003,29003,-897,-3,29893,-7,-0.02,29003,29003,1400-6-24,2021-09-15
849,هنوري102,اختيارف ت نوري59561-01/02/15,3,218,218,1,1,1,0,0,1,0,0,1,1,1400-6-24,2021-09-15
850,تملي706,تسهيلات مسكن ب. ملي-شهريور97,3,41,36694660,854866,897608,897500,42634,4.99,894992,40126,4.69,880000,897608,1400-6-24,2021-09-15
851,زعف0008پ09,زعفران0008نگين نوين(پ),3,140,20062310,149300,138001,151495,2195,1.47,143302,-5998,-4.02,138001,151495,1400-6-24,2021-09-15
852,اراد544,مرابحه عام دولت5-ش.خ 0109,3,28142000,27004822402000,990000,959662,959774,-30226,-3.05,959591,-30409,-3.07,959400,959774,1400-6-24,2021-09-15
853,اراد49,مرابحه عام دولت4-ش.خ 0206,3,600,582400000,986894,938000,994000,7106,0.72,970667,-16227,-1.64,938000,994000,1400-6-24,2021-09-15
854,كمند4,صندوق س. با درآمد ثابت كمند,3,430000000,4321500000000,10045,10050,10050,5,0.05,10050,5,0.05,10050,10050,1400-6-24,2021-09-15
855,اخزا818,اسنادخزانه-م18بودجه98-010614,3,1393,1147833600,824260,824001,824001,-259,-0.03,824001,-259,-0.03,824001,824002,1400-6-24,2021-09-15
856,ضجار7038,اختيارخ وتجارت-1797-1400/07/21,2,3,1800000,582,400,700,118,20.27,600,18,3.09,400,700,1400-6-24,2021-09-15
857,اخزا813,اسنادخزانه-م13بودجه98-010219,2,2845,2501771420,877416,877836,880000,2584,0.29,879357,1941,0.22,877836,880000,1400-6-24,2021-09-15
858,اراد434,مرابحه عام دولت4-ش.خ 0205,2,3136000,3259545856000,924500,1039392,1039400,114900,12.43,1039396,114896,12.43,1039392,1039400,1400-6-24,2021-09-15
859,اخزا8152,اسنادخزانه-م15بودجه98-010406,2,2000000,1753644000000,855852,898644,855000,-852,-0.1,876822,20970,2.45,855000,898644,1400-6-24,2021-09-15
860,ضذوب902,اختيارخ ذوب-3500-14000917,2,16,21720000,1300,1350,1360,60,4.62,1357,57,4.38,1350,1360,1400-6-24,2021-09-15
861,شكف,كف,2,109,10356199,98969,95011,95011,-3958,-4,98965,-4,0,95011,95011,1400-6-24,2021-09-15
862,تملي801,تسهيلات مسكن ب. ملي-فروردين98,2,9,5948496,695730,660944,660944,-34786,-5,660944,-34786,-5,660944,660944,1400-6-24,2021-09-15
863,اراد834,مرابحه عام دولت83-ش.خ041220,2,19750000,18122785000000,1000000,917640,917585,-82415,-8.24,917609,-82391,-8.24,917585,917640,1400-6-24,2021-09-15
864,رافزا2,رايان هم افزا,2,5000000,463545000000,96572,92709,92709,-3863,-4,92709,-3863,-4,92709,92709,1400-6-24,2021-09-15
865,اراد444,مرابحه عام دولت4-ش.خ 0007,2,4000000,3272594000000,1020000,818193,818104,-201896,-19.79,818148,-201852,-19.79,818104,818193,1400-6-24,2021-09-15
866,ضسپا8039,اختيارخ خساپا-1200-1400/08/26,2,2,1827000,777,939,888,111,14.29,913,136,17.5,888,939,1400-6-24,2021-09-15
867,مبين2,مبين انرژي خليج فارس,2,5477718,119685910100,21710,21400,21950,240,1.11,21850,140,0.64,21400,21950,1400-6-24,2021-09-15
868,اراد84,مرابحه عام دولت84-ش.خ030624,2,2000,1950000000,965000,975000,975000,10000,1.04,975000,10000,1.04,975000,975000,1400-6-24,2021-09-15
869,ضمخا7070,اختيارخ اخابر-19700-1400/07/28,2,14,280000,13,20,20,7,53.85,20,7,53.85,20,20,1400-6-24,2021-09-15
870,ضخود7073,اختيارخ خودرو-1600-1400/07/07,2,6,2860000,560,550,462,-98,-17.5,477,-83,-14.82,462,550,1400-6-24,2021-09-15
871,اخزا8112,اسنادخزانه-م11بودجه98-001013,2,1568432,1513692938984,939714,986699,943500,3786,0.4,965099,25385,2.7,943500,986699,1400-6-24,2021-09-15
872,اراد704,مرابحه عام دولت70-ش.خ0112,2,34228000,32398051322000,943750,946673,946400,2650,0.28,946536,2786,0.3,946400,946673,1400-6-24,2021-09-15
873,شرق1400,مشاركت ليزينگ ايران وشرق140010,2,3,2999400,1005000,999800,999800,-5200,-0.52,999800,-5200,-0.52,999800,999800,1400-6-24,2021-09-15
874,وشمال,س. چشم انداز توسعه شمال,2,289,22382761,79029,77449,77449,-1580,-2,79022,-7,-0.01,77449,77449,1400-6-24,2021-09-15
875,دمعيار2,صندوق س. توازن معيار-د,2,10300000,10300000,10115,1,1,-10114,-99.99,1,-10114,-99.99,1,1,1400-6-24,2021-09-15
876,اراد454,مرابحه عام دولت4-ش.خ 0107,2,6316000,6090190368000,962425,964396,964100,1675,0.17,964248,1823,0.19,964100,964396,1400-6-24,2021-09-15
877,ضخود1054,اختيارخ خودرو-3000-1400/10/08,2,14,5040000,200,600,120,-80,-40,360,160,80,120,600,1400-6-24,2021-09-15
878,اراد494,مرابحه عام دولت4-ش.خ 0206,2,21424000,20224588072000,986894,944131,943900,-42994,-4.36,944015,-42879,-4.34,943900,944131,1400-6-24,2021-09-15
879,ضصاد8038,اختيارخ وبصادر-1189-1400/08/12,2,10,12808000,1550,1280,1281,-269,-17.35,1281,-269,-17.35,1280,1281,1400-6-24,2021-09-15
880,ضصاد8034,اختيارخ وبصادر-2989-1400/08/12,2,16,2315000,228,199,120,-108,-47.37,145,-83,-36.4,120,199,1400-6-24,2021-09-15
881,اراد484,مرابحه عام دولت4-ش.خ 0009,2,7108000,7070878470000,980000,994955,994600,14600,1.49,994777,14777,1.51,994600,994955,1400-6-24,2021-09-15
882,پست0008پ04,پسته فندقي32-30سبزدانه0008(پ),2,13,24580000,1850000,1900000,1860000,10000,0.54,1890769,40769,2.2,1860000,1900000,1400-6-24,2021-09-15
883,ضملت8038,اختيارخ وبملت-1934-1400/08/19,2,2,4003000,2240,2001,2002,-238,-10.63,2001,-239,-10.67,2001,2002,1400-6-24,2021-09-15
884,اراد404,مرابحه عام دولت4-ش.خ 0207,2,8415000,7896904100000,1000000,938540,938410,-61590,-6.16,938432,-61568,-6.16,938410,938540,1400-6-24,2021-09-15
885,ميدكو2,توسعه معادن وص.معدني خاورميانه,2,35000000,1631000000000,46650,46600,46600,-50,-0.11,46600,-50,-0.11,46600,46600,1400-6-24,2021-09-15
886,اراد384,مرابحه عام دولت3-ش.خ 0105,2,2631000,2564668351000,1009000,974851,974750,-34250,-3.39,974788,-34212,-3.39,974750,974851,1400-6-24,2021-09-15
887,سپرمي,پرميت‌,2,10000,95200000,9334,9520,9520,186,1.99,9345,11,0.12,9520,9520,1400-6-24,2021-09-15
888,فماك,ماداكتو استيل كرد,2,52000,1188200000,22900,22850,22850,-50,-0.22,22850,-50,-0.22,22850,22850,1400-6-24,2021-09-15
889,اراد524,مرابحه عام دولت5-ش.خ 0108,2,12666000,12140728314000,1000000,958658,958400,-41600,-4.16,958529,-41471,-4.15,958400,958658,1400-6-24,2021-09-15
890,اراد584,مرابحه عام دولت5-ش.خ 0110,2,10602000,10142254872000,990000,956772,956500,-33500,-3.38,956636,-33364,-3.37,956500,956772,1400-6-24,2021-09-15
891,ضبدر8079,اختيارخ شبندر-6011-1400/08/30,2,10,56208000,1200,1200,1200,0,0,1200,0,0,1200,1200,1400-6-24,2021-09-15
892,اراد334,مرابحه عام دولت3-ش.خ 0303,2,3048000,2705471546000,884880,887646,887600,2720,0.31,887622,2742,0.31,887600,887646,1400-6-24,2021-09-15
893,اراد774,مرابحه عام دولت77-ش.خ000812,2,12244000,12222891344000,1000000,998452,998100,-1900,-0.19,998276,-1724,-0.17,998100,998452,1400-6-24,2021-09-15
894,اراد76,مرابحه عام دولت76-ش.خ030406,1,100,93500000,916000,935000,935000,19000,2.07,935000,19000,2.07,935000,935000,1400-6-24,2021-09-15
895,پا ر 9,بار پايه روز 9,1,31000,21700000,730,700,700,-30,-4.11,700,-30,-4.11,700,700,1400-6-24,2021-09-15
896,ضاريان1204,اختيارخ آريان-18000-14001211,1,2,9980000,2500,4990,4990,2490,99.6,4990,2490,99.6,4990,4990,1400-6-24,2021-09-15
897,سپيدما4,صندوق س. سپيد دماوند-د,1,54000000,596970000000,11048,11055,11055,7,0.06,11055,7,0.06,11055,11055,1400-6-24,2021-09-15
898,ضملي1157,اختيارخ فملي-4000-1400/11/03,1,10,63000000,6300,6300,6300,0,0,6300,0,0,6300,6300,1400-6-24,2021-09-15
899,تبريز112,مشاركت شهرداري تبريز-3ماهه18%,1,6,5760000,960000,960000,960000,0,0,960000,0,0,960000,960000,1400-6-24,2021-09-15
900,اراد11,مرابحه عام دولت1-ش.خ لوتوس0206,1,2000,1950000000,960000,975000,975000,15000,1.56,975000,15000,1.56,975000,975000,1400-6-24,2021-09-15
901,ضملي1158,اختيارخ فملي-4500-1400/11/03,1,10,55000000,5500,5500,5500,0,0,5500,0,0,5500,5500,1400-6-24,2021-09-15
902,اراد904,مرابحه عام دولت90-ش.خ050217,1,1150000,1092500000000,980000,950000,950000,-30000,-3.06,950000,-30000,-3.06,950000,950000,1400-6-24,2021-09-15
903,اراد764,مرابحه عام دولت76-ش.خ030406,1,1200000,1122000000000,916000,935000,935000,19000,2.07,935000,19000,2.07,935000,935000,1400-6-24,2021-09-15
904,صينا205,صكوك منفعت سينا دارو-3ماهه 19%,1,20,19600020,980001,980001,980001,0,0,980001,0,0,980001,980001,1400-6-24,2021-09-15
905,ضبدر8074,اختيارخ شبندر-2595-1400/08/30,1,1,18839048,3400,4022,4022,622,18.29,4022,622,18.29,4022,4022,1400-6-24,2021-09-15
906,تسه99102,امتياز تسهيلات مسكن دي99,1,10,100,589383,10,10,-589373,-100,10,-589373,-100,10,10,1400-6-24,2021-09-15
907,خبهمن2,گروه‌بهمن‌,1,23070181,40995711637,1771,1777,1777,6,0.34,1777,6,0.34,1777,1777,1400-6-24,2021-09-15
908,شپنا2,پالايش نفت اصفهان,1,20000000,262200000000,13330,13110,13110,-220,-1.65,13110,-220,-1.65,13110,13110,1400-6-24,2021-09-15
909,پا ر 6,بار پايه روز 6,1,31000,21700000,730,700,700,-30,-4.11,700,-30,-4.11,700,700,1400-6-24,2021-09-15
910,طسپا8042,اختيارف خساپا-1800-1400/08/26,1,25,1000000,65,40,40,-25,-38.46,40,-25,-38.46,40,40,1400-6-24,2021-09-15
911,اراد33,مرابحه عام دولت3-ش.خ 0303,1,2000,1858248000,884880,929124,929124,44244,5,929124,44244,5,929124,929124,1400-6-24,2021-09-15
912,ضصاد8039,اختيارخ وبصادر-1389-1400/08/12,1,1,1200000,1350,1200,1200,-150,-11.11,1200,-150,-11.11,1200,1200,1400-6-24,2021-09-15
913,ضغدر8057,اختيارخ وغدير-9000-1400/08/26,1,1,6900000,5729,6900,6900,1171,20.44,6900,1171,20.44,6900,6900,1400-6-24,2021-09-15
914,پا ر 7,بار پايه روز 7,1,31000,21700000,730,700,700,-30,-4.11,700,-30,-4.11,700,700,1400-6-24,2021-09-15
915,ضپيك7042,اختيارخ تاپيكو-8070-00/07/18,1,5,29000000,5844,5800,5800,-44,-0.75,5800,-44,-0.75,5800,5800,1400-6-24,2021-09-15
916,پا ه 1,بار پايه هفته 1,1,19000,16150000,350,850,850,500,142.86,850,500,142.86,850,850,1400-6-24,2021-09-15
917,ضبدر8078,اختيارخ شبندر-5157-1400/08/30,1,1,7494400,1594,1600,1600,6,0.38,1600,6,0.38,1600,1600,1400-6-24,2021-09-15
918,وبصادر2,بانك صادرات ايران,1,34962410,83105648570,2361,2377,2377,16,0.68,2377,16,0.68,2377,2377,1400-6-24,2021-09-15
919,تسه00052,امتيازتسهيلات مسكن مرداد 1400,1,265,2650,596719,10,10,-596709,-100,10,-596709,-100,10,10,1400-6-24,2021-09-15
920,اروند10,منفعت صبا اروند لوتوس 14001222,1,29,28782500,992500,992500,992500,0,0,992500,0,0,992500,992500,1400-6-24,2021-09-15
921,بموتو2,موتوژن‌,1,5190649,449406390420,83040,86580,86580,3540,4.26,86580,3540,4.26,86580,86580,1400-6-24,2021-09-15
922,تسه00012,امتيازتسهيلات مسكن فروردين1400,1,200,2000,589369,10,10,-589359,-100,10,-589359,-100,10,10,1400-6-24,2021-09-15
923,ضملي1159,اختيارخ فملي-5000-1400/11/03,1,10,45000000,4567,4500,4500,-67,-1.47,4500,-67,-1.47,4500,4500,1400-6-24,2021-09-15
924,فبستم,صنايع ‌بسته‌بندي‌ مشهد,1,2291,1871747,794,817,817,23,2.9,794,0,0,817,817,1400-6-24,2021-09-15
925,فسبزوار4,پارس فولاد سبزوار,1,120000000,3750000000000,1000,31250,31250,30250,3025,31250,30250,3025,31250,31250,1400-6-24,2021-09-15
926,زعف0008پ15,زعفران0008پوشالمعمول طلاسرخ(پ),1,50,6100000,122000,122000,122000,0,0,122000,0,0,122000,122000,1400-6-24,2021-09-15
927,فملي2,ملي‌ صنايع‌ مس‌ ايران‌,1,15000000,196500000000,13220,13100,13100,-120,-0.91,13100,-120,-0.91,13100,13100,1400-6-24,2021-09-15
928,ضپنا1030,اختيارخ رمپنا-11850-1400/10/08,1,15,133500000,9296,8900,8900,-396,-4.26,8900,-396,-4.26,8900,8900,1400-6-24,2021-09-15
929,نبروج,نساجي بروجرد,1,550,3330250,5823,6055,6055,232,3.98,5823,0,0,6055,6055,1400-6-24,2021-09-15
930,اراد554,مرابحه عام دولت5-ش.خ 0209,1,10777000,10140057746000,960000,940898,940898,-19102,-1.99,940898,-19102,-1.99,940898,940898,1400-6-24,2021-09-15
931,تسه99022,امتياز تسهيلات مسكن ارديبهشت99,1,4,40,587156,10,10,-587146,-100,10,-587146,-100,10,10,1400-6-24,2021-09-15
932,افاد54,منفعت دولت5-ش.خاص لوتوس0108,1,2000,1736000000,867000,868000,868000,1000,0.12,868000,1000,0.12,868000,868000,1400-6-24,2021-09-15
933,زير0103پ02,زيره سبز0103 دانش(پ),1,6,5214000,820000,869000,869000,49000,5.98,869000,49000,5.98,869000,869000,1400-6-24,2021-09-15
934,اخزا9162,اسنادخزانه-م16بودجه99-020528,1,3463011,2499999586065,720833,721915,721915,1082,0.15,721915,1082,0.15,721915,721915,1400-6-24,2021-09-15
935,اوصتا4,صندوق انديشه ورزان صباتامين -د,1,32725000,650016675000,19849,19863,19863,14,0.07,19863,14,0.07,19863,19863,1400-6-24,2021-09-15
936,كچاد2,معدني‌وصنعتي‌چادرملو,1,10000000,300500000000,30380,30050,30050,-330,-1.09,30050,-330,-1.09,30050,30050,1400-6-24,2021-09-15
937,هماي2,صندوق س هماي آگاه-ثابت,1,116000,116000,10418,1,1,-10417,-99.99,1,-10417,-99.99,1,1,1400-6-24,2021-09-15
938,شغدير2,پتروشيمي غدير,1,1208517,118603858380,96450,98140,98140,1690,1.75,98140,1690,1.75,98140,98140,1400-6-24,2021-09-15
939,اراد504,مرابحه عام دولت5-ش.خ0302,1,50000,50000000000,1000000,1000000,1000000,0,0,1000000,0,0,1000000,1000000,1400-6-24,2021-09-15
940,پا ر 8,بار پايه روز 8,1,31000,21700000,730,700,700,-30,-4.11,700,-30,-4.11,700,700,1400-6-24,2021-09-15
941,طمخا7072,اختيارف اخابر-27700-1400/07/28,1,3,59625000,18754,19875,19875,1121,5.98,19875,1121,5.98,19875,19875,1400-6-24,2021-09-15
942,تسه00042,امتيازتسهيلات مسكن تير1400,1,109,1090,590727,10,10,-590717,-100,10,-590717,-100,10,10,1400-6-24,2021-09-15
943,افاد24,منفعت دولتي2-شرايط خاص14000626,1,5490000,5488073010000,985000,999649,999649,14649,1.49,999649,14649,1.49,999649,999649,1400-6-24,2021-09-15
944,اراد354,مرابحه عام دولت3-ش.خ 0103,1,857000,826319400000,996905,964200,964200,-32705,-3.28,964200,-32705,-3.28,964200,964200,1400-6-24,2021-09-15
945,ضترا8055,اختيارخ شتران-2118-1400/08/09,1,2,13000000,6000,6500,6500,500,8.33,6500,500,8.33,6500,6500,1400-6-24,2021-09-15
946,اراد214,مرابحه عام دولت2ش.خ صادرات0212,1,28806000,27421698864000,1000000,951944,951944,-48056,-4.81,951944,-48056,-4.81,951944,951944,1400-6-24,2021-09-15
947,اراد424,مرابحه عام دولت4-ش.خ 0106,1,10000000,9691970000000,999998,969197,969197,-30801,-3.08,969197,-30801,-3.08,969197,969197,1400-6-24,2021-09-15
948,شسم,توليد سموم‌ علف‌ كش,1,1,101233,99249,101233,101233,1984,2,99249,0,0,101233,101233,1400-6-24,2021-09-15
949,تملي708,تسهيلات مسكن ب. ملي-آبان97,1,8,5620288,739511,702536,702536,-36975,-5,702536,-36975,-5,702536,702536,1400-6-24,2021-09-15
950,فايرا2,آلومينيوم‌ايران‌,1,35000000,707000000000,20720,20200,20200,-520,-2.51,20200,-520,-2.51,20200,20200,1400-6-24,2021-09-15
951,اراد464,مرابحه عام دولت4-ش.خ 0302,1,1400000,1400000000000,1000000,1000000,1000000,0,0,1000000,0,0,1000000,1000000,1400-6-24,2021-09-15
952,شخارك2,پتروشيمي‌ خارك‌,1,3000000,150000000000,50180,50000,50000,-180,-0.36,50000,-180,-0.36,50000,50000,1400-6-24,2021-09-15
953,صايپا012,صكوك مرابحه سايپا012-3ماهه 16%,1,2000,2000004000,1000002,1000002,1000002,0,0,1000002,0,0,1000002,1000002,1400-6-24,2021-09-15
954,كباده,توليد خاك نسوزاستقلال آباده,1,1000,9091000,8827,9091,9091,264,2.99,8827,0,0,9091,9091,1400-6-24,2021-09-15
955,ضشنا8002,اختيارخ شپنا-7800-1400/08/16,1,10,55000000,5917,5500,5500,-417,-7.05,5500,-417,-7.05,5500,5500,1400-6-24,2021-09-15
956,اراد314,مرابحه عام دولت3-ش.خ 0208,1,12500000,11377137500000,950000,910171,910171,-39829,-4.19,910171,-39829,-4.19,910171,910171,1400-6-24,2021-09-15
957,تسه99092,امتياز تسهيلات مسكن آذر99,1,8,80,587519,10,10,-587509,-100,10,-587509,-100,10,10,1400-6-24,2021-09-15
958,اراد344,مرابحه عام دولت3-ش.خ 0305,1,9793388,8634575571512,1000000,881674,881674,-118326,-11.83,881674,-118326,-11.83,881674,881674,1400-6-24,2021-09-15
959,ضذوب901,اختيارخ ذوب-3000-14000917,1,1,1900000,1745,1900,1900,155,8.88,1900,155,8.88,1900,1900,1400-6-24,2021-09-15
960,اروند06,منفعت صبا اروند ملت 14001113,1,10000,10000000000,1000000,1000000,1000000,0,0,1000000,0,0,1000000,1000000,1400-6-24,2021-09-15
961,ضجار7037,اختيارخ وتجارت-1597-1400/07/21,1,2,1760000,902,880,880,-22,-2.44,880,-22,-2.44,880,880,1400-6-24,2021-09-15
962,ضمخا7069,اختيارخ اخابر-17700-1400/07/28,1,3,333000,100,111,111,11,11,111,11,11,111,111,1400-6-24,2021-09-15
963,ضپيك7039,اختيارخ تاپيكو-5070-00/07/18,1,9,76500000,9500,8500,8500,-1000,-10.53,8500,-1000,-10.53,8500,8500,1400-6-24,2021-09-15
964,ضملت8045,اختيارخ وبملت-5934-1400/08/19,1,20,1300000,80,65,65,-15,-18.75,65,-15,-18.75,65,65,1400-6-24,2021-09-15
965,اراد614,مرابحه عام دولت61-ش.خ0309,1,400000,400000000000,1000000,1000000,1000000,0,0,1000000,0,0,1000000,1000000,1400-6-24,2021-09-15
966,اراد324,مرابحه عام دولت3-ش.خ0211,1,44000,39685932000,1000000,901953,901953,-98047,-9.8,901953,-98047,-9.8,901953,901953,1400-6-24,2021-09-15
967,طمخا7071,اختيارف اخابر-23700-1400/07/28,1,2,36482000,16780,18241,18241,1461,8.71,18241,1461,8.71,18241,18241,1400-6-24,2021-09-15
968,آوا2,صندوق س.سهام آواي معيار-س,1,200000,200000,8052,1,1,-8051,-99.99,1,-8051,-99.99,1,1,1400-6-24,2021-09-15
969,ضملي1160,اختيارخ فملي-6000-1400/11/03,1,5,18500000,3837,3700,3700,-137,-3.57,3700,-137,-3.57,3700,3700,1400-6-24,2021-09-15
970,اعتماد4,صندوق س.اعتماد آفرين پارسيان-د,1,43300000,1678741000000,38720,38770,38770,50,0.13,38770,50,0.13,38770,38770,1400-6-24,2021-09-15
971,اراد65,مرابحه عام دولتي65-ش.خ0210,1,1000,989000000,976000,989000,989000,13000,1.33,989000,13000,1.33,989000,989000,1400-6-24,2021-09-15
972,ضفلا7004,اختيارخ فولاد-9586-1400/07/25,1,25,79914000,2231,2280,2280,49,2.2,2280,49,2.2,2280,2280,1400-6-24,2021-09-15
973,اراد69,مرابحه عام دولت69-ش.خ0310,1,800,752800000,990000,941000,941000,-49000,-4.95,941000,-49000,-4.95,941000,941000,1400-6-24,2021-09-15
974,ضذوب903,اختيارخ ذوب-4000-14000917,1,1,1000000,1250,1000,1000,-250,-20,1000,-250,-20,1000,1000,1400-6-24,2021-09-15
