,نماد,نام,تعداد,حجم,ارزش,دیروز,اولین,آخرین معامله - مقدار,آخرین معامله - تغییر,آخرین معامله - درصد,قیمت پایانی - مقدار,قیمت پایانی - تغییر,قیمت پایانی - درصد,کمترین,بیشترین,تاریخ,gregorian_date
0,ومدير,گ.مديريت ارزش سرمايه ص ب كشوري,394091,656487595,2848195173799,4137,4343,4343,206,4.98,4339,202,4.88,3931,4343,1400-4-7,2021-06-28
1,شستا,سرمايه گذاري تامين اجتماعي,81398,477105679,6551184962310,13130,13780,13590,460,3.5,13730,600,4.57,13500,13780,1400-4-7,2021-06-28
2,گدنا,تهيه توزيع غذاي دنا آفرين فدك,59738,15438697,356991631838,22216,22576,23326,1110,5,23123,907,4.08,22575,23326,1400-4-7,2021-06-28
3,لطيف,محصولات كاغذي لطيف,24990,835160,31420389520,35831,37622,37622,1791,5,37622,1791,5,37622,37622,1400-4-7,2021-06-28
4,پالايش,صندوق پالايشي يكم-سهام,24245,24516561,1765695395550,72550,72000,71800,-750,-1.03,72020,-530,-0.73,71570,72630,1400-4-7,2021-06-28
5,دارا يكم,صندوق واسطه گري مالي يكم-سهام,24203,21246095,2725204839630,126960,126150,128300,1340,1.06,128270,1310,1.03,125700,129200,1400-4-7,2021-06-28
6,شپنا,پالايش نفت اصفهان,23982,158620282,2059793699040,13270,12930,12850,-420,-3.17,12990,-280,-2.11,12700,13270,1400-4-7,2021-06-28
7,خودرو,ايران‌ خودرو,19941,532164484,1151222091470,2191,2182,2152,-39,-1.78,2163,-28,-1.28,2125,2220,1400-4-7,2021-06-28
8,غكورش,صنعت غذايي كورش,19654,8451834,330531500400,40180,39600,39110,-1070,-2.66,39110,-1070,-2.66,38750,40000,1400-4-7,2021-06-28
9,خساپا,سايپا,16932,690664261,1341241703154,1928,1941,1941,13,0.67,1942,14,0.73,1902,1975,1400-4-7,2021-06-28
10,وتجارت,بانك تجارت,16101,598330393,1587945433733,2540,2538,2667,127,5,2654,114,4.49,2537,2667,1400-4-7,2021-06-28
11,سيتا,سرمايه گذاري سيمان تامين,15052,32981345,540424185840,16940,17350,16100,-840,-4.96,16390,-550,-3.25,16100,17380,1400-4-7,2021-06-28
12,وبملت,بانك ملت,12740,368957925,1578209212350,4161,4140,4268,107,2.57,4277,116,2.79,4070,4353,1400-4-7,2021-06-28
13,فملي,ملي‌ صنايع‌ مس‌ ايران‌,12556,69479692,843417628060,12220,12210,12180,-40,-0.33,12140,-80,-0.65,11990,12290,1400-4-7,2021-06-28
14,سپيدار,سپيدار سيستم آسيا,11932,1061504,56329492821,53667,0,53503,-164,-0.31,53066,-601,-1.12,51284,54900,1400-4-7,2021-06-28
15,اپال,فرآوري معدني اپال كاني پارس,11894,14221634,272546305980,19210,19100,19280,70,0.36,19160,-50,-0.26,19030,19490,1400-4-7,2021-06-28
16,رافزا,رايان هم افزا,11306,2598820,204542650010,75309,77500,77900,2591,3.44,78706,3397,4.51,75500,79074,1400-4-7,2021-06-28
17,چخزر,صنايع چوب خزر كاسپين,11117,1728498,57966068826,33334,32680,33350,16,0.05,33536,202,0.61,32680,34281,1400-4-7,2021-06-28
18,كدما,معدني‌ دماوند,10963,6678612,843006580560,124330,130540,130450,6120,4.92,126220,1890,1.52,118120,130540,1400-4-7,2021-06-28
19,شتران,پالايش نفت تهران,10265,89410006,845334184150,9490,9440,9510,20,0.21,9450,-40,-0.42,9180,9710,1400-4-7,2021-06-28
20,فولاد,فولاد مباركه اصفهان,10074,68898363,730766947230,10650,10550,10630,-20,-0.19,10610,-40,-0.38,10410,10690,1400-4-7,2021-06-28
21,فرابورس,فرابورس ايران,9812,30585502,981276558237,32436,31501,31450,-986,-3.04,32083,-353,-1.09,30815,33870,1400-4-7,2021-06-28
22,بركت,گروه دارويي بركت,9349,26318244,1041231300800,41590,39520,39520,-2070,-4.98,39560,-2030,-4.88,39520,40300,1400-4-7,2021-06-28
23,كزغال,زغال سنگ پروده طبس,8554,2989078,100718522086,34137,33800,33760,-377,-1.1,33696,-441,-1.29,33300,34142,1400-4-7,2021-06-28
24,كرمان,س. توسعه و عمران استان كرمان,8101,258173516,279021950846,1114,1109,1076,-38,-3.41,1081,-33,-2.96,1071,1109,1400-4-7,2021-06-28
25,زملارد,كشاورزي و دامپروري ملارد شير,7764,1445209,41904636871,29995,30000,28801,-1194,-3.98,28996,-999,-3.33,28510,30000,1400-4-7,2021-06-28
26,پترول,گ.س.وت.ص.پتروشيمي خليج فارس,7663,40174270,372939782120,9430,9360,9270,-160,-1.7,9280,-150,-1.59,9190,9480,1400-4-7,2021-06-28
27,شاروم,پتروشيمي اروميه,7256,3116896,46169261808,15230,14900,14670,-560,-3.68,14813,-417,-2.74,14550,15170,1400-4-7,2021-06-28
28,حتوكا,حمل‌ونقل‌توكا,7205,25291723,501148194660,19550,18580,20520,970,4.96,19810,260,1.33,18580,20520,1400-4-7,2021-06-28
29,خپارس,پارس‌ خودرو,7164,290191688,332103938973,1135,1150,1146,11,0.97,1144,9,0.79,1128,1168,1400-4-7,2021-06-28
30,ثرود,سرمايه‌گذاري مسكن زاينده رود,6767,24947905,426992703410,17414,16544,17370,-44,-0.25,17115,-299,-1.72,16544,17900,1400-4-7,2021-06-28
31,غزر,صنعتي زر ماكارون,6763,3225321,74852236580,23980,23620,23040,-940,-3.92,23210,-770,-3.21,22950,24000,1400-4-7,2021-06-28
32,وآيند,بانك  آينده,6637,42503057,516297573948,12592,12458,12250,-342,-2.72,12147,-445,-3.53,12089,12590,1400-4-7,2021-06-28
33,نوري,پتروشيمي نوري,6329,6434594,545165888130,83230,85840,84650,1420,1.71,84720,1490,1.79,83390,85840,1400-4-7,2021-06-28
34,كمند,صندوق س. با درآمد ثابت كمند,6301,270288004,2737088888215,10121,10126,10127,6,0.06,10127,6,0.06,10126,10129,1400-4-7,2021-06-28
35,ثفارس,عمران‌وتوسعه‌فارس‌,6208,46868680,395134703850,8190,8590,8090,-100,-1.22,8430,240,2.93,7950,8590,1400-4-7,2021-06-28
36,وبصادر,بانك صادرات ايران,5761,284956134,660087143007,2223,2185,2334,111,4.99,2316,93,4.18,2185,2334,1400-4-7,2021-06-28
37,حكشتي,كشتيراني جمهوري اسلامي ايران,5742,28199393,456130849630,16500,16340,16300,-200,-1.21,16180,-320,-1.94,15720,16470,1400-4-7,2021-06-28
38,ومعلم,بيمه معلم,5710,54737039,249375422612,4656,4424,4651,-5,-0.11,4556,-100,-2.15,4424,4783,1400-4-7,2021-06-28
39,ثاميد,توسعه و عمران اميد,5503,43783533,70341429324,1644,1649,1582,-62,-3.77,1607,-37,-2.25,1581,1649,1400-4-7,2021-06-28
40,تاپيكو,س. نفت و گاز و پتروشيمي تأمين,5503,56210401,703183545780,12500,12660,12340,-160,-1.28,12510,10,0.08,12250,12790,1400-4-7,2021-06-28
41,ذوب,سهامي ذوب آهن  اصفهان,5491,106624655,396826858233,3720,3650,3710,-10,-0.27,3722,2,0.05,3621,3802,1400-4-7,2021-06-28
42,خبهمن,گروه‌بهمن‌,5434,159979100,217378959719,1389,1390,1347,-42,-3.02,1359,-30,-2.16,1330,1408,1400-4-7,2021-06-28
43,وكبهمن,مديريت سرمايه گذاري كوثربهمن,5339,3208104,36806428992,11467,11276,11371,-96,-0.84,11473,6,0.05,11276,11800,1400-4-7,2021-06-28
44,كاما,باما,5283,30165012,262449486050,9010,8800,8750,-260,-2.89,8700,-310,-3.44,8600,8880,1400-4-7,2021-06-28
45,غپاك,لبنيات‌ پاك‌,5276,31034179,669521281280,22650,21520,21520,-1130,-4.99,21570,-1080,-4.77,21520,21950,1400-4-7,2021-06-28
46,شصدف,صنعتي دوده فام,5144,6575925,192030989213,28334,29750,28410,76,0.27,29202,868,3.06,27626,29750,1400-4-7,2021-06-28
47,ولپارس,ليزينگ پارسيان,5088,6772617,27884118658,4208,4220,4120,-88,-2.09,4117,-91,-2.16,4072,4220,1400-4-7,2021-06-28
48,وپارس,بانك‌پارسيان‌,5074,136031621,380715068898,2794,2730,2806,12,0.43,2799,5,0.18,2692,2852,1400-4-7,2021-06-28
49,كسرام,پارس‌ سرام‌,5048,41041665,303883873410,7070,7400,7420,350,4.95,7400,330,4.67,7270,7420,1400-4-7,2021-06-28
50,شگويا,پتروشيمي تندگويان,4936,23163599,206292940631,9064,9000,8885,-179,-1.97,8906,-158,-1.74,8781,9028,1400-4-7,2021-06-28
51,وسپهر,سرمايه گذاري مالي سپهرصادرات,4917,11767181,107024153591,9139,9096,9097,-42,-0.46,9096,-43,-0.47,9094,9139,1400-4-7,2021-06-28
52,آريا,پليمر آريا ساسول,4896,2637607,225535357731,86045,85500,86908,863,1,85508,-537,-0.62,84680,86991,1400-4-7,2021-06-28
53,ختور,رادياتور ايران‌,4819,15734632,270042356300,17270,17900,16860,-410,-2.37,17160,-110,-0.64,16500,17900,1400-4-7,2021-06-28
54,آبادا,توليد نيروي برق آبادان,4708,3019684,36424612930,11940,12380,11730,-210,-1.76,12060,120,1.01,11610,12380,1400-4-7,2021-06-28
55,غگل,گلوكوزان‌,4631,56917400,188912270664,3463,3360,3291,-172,-4.97,3319,-144,-4.16,3290,3459,1400-4-7,2021-06-28
56,بورس,بورس اوراق بهادار تهران,4518,16067174,497765899090,30590,31000,32110,1520,4.97,30980,390,1.27,29070,32110,1400-4-7,2021-06-28
57,وپويا,سرمايه گذاري پويا,4416,11223431,51780480745,4764,4630,4554,-210,-4.41,4614,-150,-3.15,4550,4750,1400-4-7,2021-06-28
58,چفيبر,فيبر ايران‌,4407,31414137,268812334980,8310,8350,8720,410,4.93,8560,250,3.01,8100,8720,1400-4-7,2021-06-28
59,كالا,بورس كالاي ايران,4375,10114627,335546993750,33960,32270,32700,-1260,-3.71,33170,-790,-2.33,32270,34900,1400-4-7,2021-06-28
60,صبا,سرمايه گذاري صبا تامين,4178,68638840,560394436032,7778,8166,8166,388,4.99,8164,386,4.96,7949,8166,1400-4-7,2021-06-28
61,ونوين,بانك‌اقتصادنوين‌,4117,127866261,618804819930,4625,4550,4847,222,4.8,4839,214,4.63,4550,4856,1400-4-7,2021-06-28
62,آ س پ,آ.س.پ,4076,23161042,256884637768,15971,11399,10900,-5071,-31.75,11091,-4880,-30.56,10830,11968,1400-4-7,2021-06-28
63,فخوز,فولاد  خوزستان,4065,23582424,391136423450,16610,16330,16580,-30,-0.18,16590,-20,-0.12,16330,16770,1400-4-7,2021-06-28
64,غگيلا,شيرپاستوريزه پگاه گيلان,3853,2199841,32123950294,15042,14600,14485,-557,-3.7,14603,-439,-2.92,14400,15000,1400-4-7,2021-06-28
65,وغدير,سرمايه‌گذاري‌غدير(هلدينگ‌,3817,26490881,308318403750,11800,11520,11740,-60,-0.51,11640,-160,-1.36,11310,11800,1400-4-7,2021-06-28
66,بپيوند,برق و انرژي پيوندگستر پارس,3767,3104952,36967392950,12029,11711,11752,-277,-2.3,11906,-123,-1.02,11610,12355,1400-4-7,2021-06-28
67,مرقام,ايران‌ارقام‌,3705,18511910,299336960180,15520,15280,16290,770,4.96,16170,650,4.19,15280,16290,1400-4-7,2021-06-28
68,كچاد,معدني‌وصنعتي‌چادرملو,3640,11261737,292524949920,25090,25500,26100,1010,4.03,25980,890,3.55,25100,26300,1400-4-7,2021-06-28
69,خصدرا,صنعتي‌ دريايي‌ ايران‌,3545,84945564,213149212173,2555,2555,2481,-74,-2.9,2509,-46,-1.8,2428,2660,1400-4-7,2021-06-28
70,شبريز,پالايش نفت تبريز,3521,11415249,361765635650,30940,31000,31690,750,2.42,31690,750,2.42,30310,32390,1400-4-7,2021-06-28
71,هاي وب,داده گسترعصرنوين-هاي وب,3457,20195019,165450071270,8210,8120,8150,-60,-0.73,8190,-20,-0.24,8120,8300,1400-4-7,2021-06-28
72,بترانس,ايران‌ ترانسفو,3454,70024324,159042066715,2347,2340,2260,-87,-3.71,2271,-76,-3.24,2236,2340,1400-4-7,2021-06-28
73,سصفها,سيمان‌اصفهان‌,3402,3982253,258767031040,62160,65260,65260,3100,4.99,64980,2820,4.54,62930,65260,1400-4-7,2021-06-28
74,كبافق,معادن‌ بافق‌,3376,3879779,160321697780,41560,43450,40750,-810,-1.95,41320,-240,-0.58,39880,43450,1400-4-7,2021-06-28
75,امين يكم,صندوق درآمد ثابت امين يكم فردا,3368,106745658,1070630595936,10025,10030,10034,9,0.09,10030,5,0.05,10029,10034,1400-4-7,2021-06-28
76,امين,تامين سرمايه امين,3315,2405723,17305788650,7180,7210,7190,10,0.14,7190,10,0.14,7180,7270,1400-4-7,2021-06-28
77,خزاميا,زامياد,3271,62601698,433866826530,6650,6980,6970,320,4.81,6930,280,4.21,6820,6980,1400-4-7,2021-06-28
78,چكاپا,گروه صنايع كاغذ پارس,3214,39673991,145211430554,3695,3620,3595,-100,-2.71,3660,-35,-0.95,3584,3750,1400-4-7,2021-06-28
79,شاراك,پتروشيمي شازند,3159,12041319,368499008000,30040,30590,30700,660,2.2,30600,560,1.86,30140,31170,1400-4-7,2021-06-28
80,بگيلان,توسعه مسير برق گيلان,3159,864952,16432589828,19613,19030,18912,-701,-3.57,19304,-309,-1.58,18662,19255,1400-4-7,2021-06-28
81,داوه,داروسازي آوه سينا,3125,6734467,120321738050,18265,18230,17650,-615,-3.37,17867,-398,-2.18,17352,18897,1400-4-7,2021-06-28
82,وسلرستا,شركت س استان لرستان,3079,181536751,122770841200,649,659,681,32,4.93,676,27,4.16,650,681,1400-4-7,2021-06-28
83,وخارزم,سرمايه گذاري خوارزمي,3059,35074851,164683056497,4741,4704,4665,-76,-1.6,4695,-46,-0.97,4602,4788,1400-4-7,2021-06-28
84,ثشاهد,سرمايه‌ گذاري‌ شاهد,3007,11735341,173518222050,14220,14500,14920,700,4.92,14790,570,4.01,14290,14930,1400-4-7,2021-06-28
85,سمگا,گروه سرمايه گذاري ميراث فرهنگي,2905,11181930,215602856757,20194,19999,19660,-534,-2.64,19281,-913,-4.52,19185,19999,1400-4-7,2021-06-28
86,شفن,پتروشيمي فناوران,2889,1060608,367923466810,332150,341800,348670,16520,4.97,346900,14750,4.44,335000,348750,1400-4-7,2021-06-28
87,ومعادن,توسعه‌معادن‌وفلزات‌,2886,65018745,598281561250,8970,8870,9410,440,4.91,9200,230,2.56,8820,9410,1400-4-7,2021-06-28
88,پيزد,مجتمع صنايع لاستيك يزد,2881,599264,37302226974,63300,61182,63523,223,0.35,62247,-1053,-1.66,60136,63523,1400-4-7,2021-06-28
89,آپ,آسان پرداخت پرشين,2773,22119862,410706237740,17790,18670,18670,880,4.95,18570,780,4.38,17930,18670,1400-4-7,2021-06-28
90,ساراب,سيمان‌ داراب‌,2752,16642741,332549035130,20980,20200,20000,-980,-4.67,19980,-1000,-4.77,19940,20970,1400-4-7,2021-06-28
91,آسيا,بيمه آسيا,2728,103609353,193461199940,1795,1800,1884,89,4.96,1867,72,4.01,1781,1884,1400-4-7,2021-06-28
92,فاذر,صنايع‌ آذرآب‌,2712,102561258,122495007228,1208,1225,1190,-18,-1.49,1194,-14,-1.16,1185,1225,1400-4-7,2021-06-28
93,شيران,س. صنايع‌شيميايي‌ايران,2697,11527678,262180689250,21800,22600,22890,1090,5,22740,940,4.31,22010,22890,1400-4-7,2021-06-28
94,تسه0003,امتيازتسهيلات مسكن خرداد1400,2650,63414,35166213896,554781,550000,546000,-8781,-1.58,554550,-231,-0.04,544000,561999,1400-4-7,2021-06-28
95,فولاي,صنايع فولاد آلياژي يزد,2597,6248525,246105936797,38040,39595,38620,580,1.52,39386,1346,3.54,38000,39942,1400-4-7,2021-06-28
96,شپارس,بين‌ المللي‌ محصولات‌  پارس‌,2560,10599127,162871724640,15360,14840,16120,760,4.95,15370,10,0.07,14600,16120,1400-4-7,2021-06-28
97,سفارس,سيمان فارس و خوزستان,2493,15958643,280376348190,16930,17770,17220,290,1.71,17570,640,3.78,17070,17770,1400-4-7,2021-06-28
98,بكام,كارخانجات توليدي شهيد قندي,2409,27817591,75361809639,2819,2819,2730,-89,-3.16,2709,-110,-3.9,2680,2819,1400-4-7,2021-06-28
99,فروي,ذوب روي اصفهان,2369,2803863,84524530950,31129,30420,29900,-1229,-3.95,30146,-983,-3.16,29700,30970,1400-4-7,2021-06-28
100,فارس,صنايع پتروشيمي خليج فارس,2361,25823251,263532011980,10290,10400,10190,-100,-0.97,10210,-80,-0.78,10100,10400,1400-4-7,2021-06-28
101,تپمپي,پمپ‌ سازي‌ ايران‌,2360,5400146,92606155510,16840,17000,16600,-240,-1.43,17150,310,1.84,16350,17540,1400-4-7,2021-06-28
102,حريل,ريل پردازسير,2339,37357795,141368321337,3663,3690,3846,183,5,3784,121,3.3,3649,3846,1400-4-7,2021-06-28
103,ثاخت,بين‌المللي‌توسعه‌ساختمان,2337,69282594,156112397276,2166,2188,2274,108,4.99,2253,87,4.02,2160,2274,1400-4-7,2021-06-28
104,وآوا,سرمايه گذاري آوا نوين,2320,17192886,90998920791,5552,5420,5275,-277,-4.99,5293,-259,-4.66,5275,5541,1400-4-7,2021-06-28
105,پدرخش,درخشان‌ تهران‌,2318,4088985,106387650860,26720,26010,26780,60,0.22,26020,-700,-2.62,25390,27800,1400-4-7,2021-06-28
106,پتاير,ايران‌ تاير,2287,39511703,108031634352,2834,2794,2740,-94,-3.32,2734,-100,-3.53,2693,2800,1400-4-7,2021-06-28
107,كيان,صندوق س. با درآمد ثابت كيان,2284,40225969,1170642371293,29084,29100,29102,18,0.06,29102,18,0.06,29100,29103,1400-4-7,2021-06-28
108,وسينا,بانك سينا,2169,102233696,281293612586,2630,2645,2761,131,4.98,2751,121,4.6,2590,2761,1400-4-7,2021-06-28
109,تاپكيش,تجارت الكترونيك پارسيان كيش,2156,11441454,136006295863,11495,11783,12069,574,4.99,11887,392,3.41,11200,12069,1400-4-7,2021-06-28
110,كوير,توليدي فولاد سپيد فراب كوير,2137,8096367,109494550140,13630,13630,13460,-170,-1.25,13520,-110,-0.81,13400,13920,1400-4-7,2021-06-28
111,تاصيكو,سرمايه گذاري صدرتامين,2072,20334977,213375992700,10660,10340,10490,-170,-1.59,10490,-170,-1.59,10200,10730,1400-4-7,2021-06-28
112,غگلستا,شير پاستوريزه پگاه گلستان,2072,7120469,115089300577,16828,16371,16370,-458,-2.72,16163,-665,-3.95,15987,16800,1400-4-7,2021-06-28
113,خرينگ,رينگ‌سازي‌مشهد,2059,3039505,124415341600,42860,41400,40720,-2140,-4.99,40930,-1930,-4.5,40720,42860,1400-4-7,2021-06-28
114,فروس,فروسيليس‌ ايران‌,2055,24266722,140567647120,5560,5750,5750,190,3.42,5790,230,4.14,5510,6000,1400-4-7,2021-06-28
115,لكما,كارخانجات‌مخابراتي‌ايران‌,2031,24770054,90257398474,3750,3638,3638,-112,-2.99,3644,-106,-2.83,3638,3775,1400-4-7,2021-06-28
116,شسپا,نفت سپاهان,1943,10680526,178247003690,16110,16290,16910,800,4.97,16690,580,3.6,15620,16910,1400-4-7,2021-06-28
117,داسوه,داروسازي‌ اسوه‌,1934,3331091,88065401230,26730,28060,25500,-1230,-4.6,26440,-290,-1.08,25400,28060,1400-4-7,2021-06-28
118,ديرانح,ح . ‌ايران‌دارو,1917,9997531,104229825800,9800,9500,10750,950,9.69,10430,630,6.43,9300,10780,1400-4-7,2021-06-28
119,دجابر,داروسازي‌ جابرابن‌حيان‌,1908,7563063,104053566050,13900,13210,14130,230,1.65,13760,-140,-1.01,13210,14550,1400-4-7,2021-06-28
120,كاوه,فولاد كاوه جنوب كيش,1879,12466176,248035768050,19660,19700,20150,490,2.49,19900,240,1.22,19200,20250,1400-4-7,2021-06-28
121,خودكفا,اقتصادي و خودكفايي آزادگان,1872,7101029,120406512944,16964,17000,16970,6,0.04,16956,-8,-0.05,16539,17220,1400-4-7,2021-06-28
122,ديران,ايران‌دارو,1842,9023849,119496549890,12680,12500,13310,630,4.97,13240,560,4.42,12300,13310,1400-4-7,2021-06-28
123,غشهداب,كشت و صنعت شهداب ناب خراسان,1815,17101703,55106372460,3302,3236,3239,-63,-1.91,3222,-80,-2.42,3162,3320,1400-4-7,2021-06-28
124,سبهان,سيمان‌ بهبهان‌,1809,1630037,93490916840,56230,55040,57970,1740,3.09,57360,1130,2.01,55040,58900,1400-4-7,2021-06-28
125,تكنو,تكنوتار,1806,8232890,167088948960,19800,18810,20790,990,5,20300,500,2.53,18810,20790,1400-4-7,2021-06-28
126,پاسا,ايران‌ياساتايرورابر,1776,6017038,113442144310,19380,19360,18460,-920,-4.75,18850,-530,-2.73,18420,19850,1400-4-7,2021-06-28
127,كگل,معدني و صنعتي گل گهر,1771,15473215,275429091430,17610,17840,18040,430,2.44,17800,190,1.08,17550,18040,1400-4-7,2021-06-28
128,غبهنوش,بهنوش‌ ايران‌,1770,1300021,72093396780,57960,57850,55100,-2860,-4.93,55460,-2500,-4.31,55070,57850,1400-4-7,2021-06-28
129,فاسمين,كالسيمين‌,1770,10540584,167678144590,15980,15990,15870,-110,-0.69,15910,-70,-0.44,15500,16580,1400-4-7,2021-06-28
130,تليسه,دامداري تليسه نمونه,1749,17187491,55926145637,3305,3275,3214,-91,-2.75,3254,-51,-1.54,3200,3350,1400-4-7,2021-06-28
131,غشاذر,پگاه‌آذربايجان‌غربي‌,1748,8024882,62005574040,7760,7900,7580,-180,-2.32,7730,-30,-0.39,7550,7960,1400-4-7,2021-06-28
132,اعتماد,صندوق س.اعتماد آفرين پارسيان-د,1739,29415990,1094794921780,37199,37221,37220,21,0.06,37218,19,0.05,37217,37221,1400-4-7,2021-06-28
133,ونيكي,سرمايه‌گذاري‌ ملي‌ايران‌,1722,11490115,102714214040,9350,9230,8950,-400,-4.28,8940,-410,-4.39,8890,9280,1400-4-7,2021-06-28
134,جم,پتروشيمي جم,1719,5078460,221136087320,42230,43000,43970,1740,4.12,43540,1310,3.1,42250,44270,1400-4-7,2021-06-28
135,خمحركه,نيرو محركه‌,1719,20722907,81510198423,3952,3931,3911,-41,-1.04,3933,-19,-0.48,3850,4043,1400-4-7,2021-06-28
136,ولشرق,ليزينگ ايران و شرق,1684,7905366,52913115193,6673,6790,6565,-108,-1.62,6693,20,0.3,6482,6910,1400-4-7,2021-06-28
137,كفپارس,فرآورده‌هاي‌ نسوز پارس‌,1684,27703617,82597150596,3100,3080,3000,-100,-3.23,2981,-119,-3.84,2945,3148,1400-4-7,2021-06-28
138,فرآور,فرآوري‌موادمعدني‌ايران‌,1681,3503897,100566546800,29460,29580,28050,-1410,-4.79,28700,-760,-2.58,27990,30000,1400-4-7,2021-06-28
139,چدن,توليدي چدن سازان,1651,15684591,64413269268,4177,4100,4120,-57,-1.36,4107,-70,-1.68,4001,4230,1400-4-7,2021-06-28
140,زشريف,كشت وصنعت شريف آباد,1641,16156098,67472166131,4140,4180,4290,150,3.62,4176,36,0.87,3990,4347,1400-4-7,2021-06-28
141,وساپا,سرمايه‌گذاري‌ سايپا,1640,30667861,155636980640,5120,5200,5080,-40,-0.78,5070,-50,-0.98,4920,5200,1400-4-7,2021-06-28
142,تبرك,گروه كارخانجات صنعتي تبرك,1639,3589534,53378323238,15084,15480,14600,-484,-3.21,14871,-213,-1.41,14580,15480,1400-4-7,2021-06-28
143,فباهنر,مس‌ شهيدباهنر,1638,4795269,95170919780,20810,20210,19770,-1040,-5,19850,-960,-4.61,19770,20210,1400-4-7,2021-06-28
144,لپارس,پارس‌ الكتريك‌,1637,860476,67468141090,78130,78160,77790,-340,-0.44,78410,280,0.36,76000,80500,1400-4-7,2021-06-28
145,شغدير,پتروشيمي غدير,1622,2181036,136924362010,64850,64030,61730,-3120,-4.81,62780,-2070,-3.19,61610,64350,1400-4-7,2021-06-28
146,افرا,افرانت,1617,1817973,47758805439,26653,27979,25321,-1332,-5,26270,-383,-1.44,25321,27979,1400-4-7,2021-06-28
147,زنگان,صنعت روي زنگان,1609,1153968,73809252849,66325,67800,63200,-3125,-4.71,63961,-2364,-3.56,63009,67800,1400-4-7,2021-06-28
148,اخابر,مخابرات ايران,1585,32223570,271524608050,8080,8080,8480,400,4.95,8430,350,4.33,7940,8480,1400-4-7,2021-06-28
149,خمهر,مهركام‌پارس‌,1573,63363430,117330752778,1770,1824,1858,88,4.97,1852,82,4.63,1780,1858,1400-4-7,2021-06-28
150,خاهن,آهنگري‌ تراكتورسازي‌ ايران‌,1568,9862509,84642400170,8920,8600,8480,-440,-4.93,8580,-340,-3.81,8480,8800,1400-4-7,2021-06-28
151,غصينو,صنعتي مينو,1550,3047188,154470737253,48776,50290,50745,1969,4.04,50693,1917,3.93,49700,51214,1400-4-7,2021-06-28
152,غسالم,سالمين‌,1545,15577597,52957313326,3505,3490,3340,-165,-4.71,3400,-105,-3,3330,3550,1400-4-7,2021-06-28
153,گشان,توسعه بين المللي پديده شانديز,1544,2902306,57740160345,19826,19960,19731,-95,-0.48,19895,69,0.35,19600,20216,1400-4-7,2021-06-28
154,سرو,صندوق س سروسودمند مدبران-سهام,1530,1421573,93901713740,66390,65900,66080,-310,-0.47,66050,-340,-0.51,65140,66740,1400-4-7,2021-06-28
155,سيمرغ,سيمرغ,1528,5524883,90813982910,15880,15500,16290,410,2.58,16440,560,3.53,15500,16670,1400-4-7,2021-06-28
156,غپينو,پارس‌ مينو,1501,10247869,62710920130,6240,6200,5990,-250,-4.01,6120,-120,-1.92,5970,6310,1400-4-7,2021-06-28
157,كاسپين,داروسازي كاسپين تامين,1490,8193861,160887904223,20302,19287,20000,-302,-1.49,19635,-667,-3.29,19287,20400,1400-4-7,2021-06-28
158,رتكو,كنترل‌خوردگي‌تكين‌كو,1489,5582900,86810116660,17150,15440,15440,-1710,-9.97,15550,-1600,-9.33,15440,16150,1400-4-7,2021-06-28
159,ساوه,سيمان ساوه,1470,632836,30433536579,47881,48270,47870,-11,-0.02,48091,210,0.44,47680,48820,1400-4-7,2021-06-28
160,غپآذر,شير پگاه آذربايجان شرقي,1466,1609911,74389496073,47253,46000,44891,-2362,-5,46207,-1046,-2.21,44891,48250,1400-4-7,2021-06-28
161,ودي,بيمه  دي,1461,6214788,129739791488,21469,21475,20533,-936,-4.36,20876,-593,-2.76,20430,21530,1400-4-7,2021-06-28
162,وبانك,سرمايه گذاري گروه توسعه ملي,1449,9052344,73588234700,8020,7880,8110,90,1.12,8110,90,1.12,7880,8290,1400-4-7,2021-06-28
163,ستران,سيمان‌ تهران‌,1447,2905953,67226026740,23180,22990,22580,-600,-2.59,23130,-50,-0.22,22500,23700,1400-4-7,2021-06-28
164,فمراد,آلومراد,1443,992933,76629435790,75060,76990,78810,3750,5,77170,2110,2.81,73000,78810,1400-4-7,2021-06-28
165,وسكرمان,س.سهام عدالت استان كرمان,1441,71371634,55349925073,815,775,775,-40,-4.91,776,-39,-4.79,775,789,1400-4-7,2021-06-28
166,فزرين,زرين معدن آسيا,1419,5115439,81668730568,15308,15900,16073,765,5,15965,657,4.29,15450,16073,1400-4-7,2021-06-28
167,تملت,تامين سرمايه بانك ملت,1414,7293711,36775815940,5080,5080,4970,-110,-2.17,5040,-40,-0.79,4930,5100,1400-4-7,2021-06-28
168,سيلام,سيمان‌ ايلام‌,1413,12861261,119381093360,9760,9280,9280,-480,-4.92,9280,-480,-4.92,9280,9480,1400-4-7,2021-06-28
169,سبزوا,سيمان لار سبزوار,1395,12729964,38755616027,3113,3160,3012,-101,-3.24,3044,-69,-2.22,3000,3160,1400-4-7,2021-06-28
170,زدشت,كشت و صنعت دشت خرم دره,1392,3410042,68640196088,19358,19880,20325,967,5,20129,771,3.98,19570,20325,1400-4-7,2021-06-28
171,وتوصا,گروه س توسعه صنعتي ايران,1391,7516852,60761623760,8280,8050,8080,-200,-2.42,8080,-200,-2.42,8000,8350,1400-4-7,2021-06-28
172,تكشا,گسترش‌صنايع‌وخدمات‌كشاورزي‌,1383,1938523,62033310400,32000,32490,31600,-400,-1.25,32000,0,0,31010,33090,1400-4-7,2021-06-28
173,غويتا,ويتانا,1382,3995614,37081410760,9721,9600,9235,-486,-5,9281,-440,-4.53,9235,9750,1400-4-7,2021-06-28
174,ونيرو,سرمايه‌گذاري‌نيرو,1369,20447097,50380852700,2489,2570,2487,-2,-0.08,2464,-25,-1,2424,2570,1400-4-7,2021-06-28
175,ماديرا,صنايع ماديران,1362,7654222,63007907286,8424,8480,8160,-264,-3.13,8232,-192,-2.28,8062,8480,1400-4-7,2021-06-28
176,تكمبا,كمباين‌ سازي‌ ايران‌,1360,11441951,74493312510,6800,6800,6540,-260,-3.82,6510,-290,-4.26,6460,6800,1400-4-7,2021-06-28
177,دتوليد,داروسازي توليد دارو,1358,3932236,59043906913,15319,15750,14710,-609,-3.98,15015,-304,-1.98,14600,15750,1400-4-7,2021-06-28
178,وتوكا,سرمايه‌گذاري‌توكافولاد(هلدينگ,1358,11882974,107921665280,8990,8830,9090,100,1.11,9080,90,1,8720,9350,1400-4-7,2021-06-28
179,آگاس,صندوق س.هستي بخش آگاه-س,1352,1169611,81526790300,70176,70000,69470,-706,-1.01,69704,-472,-0.67,69201,70900,1400-4-7,2021-06-28
180,فجر,فولاد اميركبيركاشان,1351,2470630,73573776440,29620,29970,30000,380,1.28,29780,160,0.54,29010,30400,1400-4-7,2021-06-28
181,وپست,پست بانك ايران,1344,5064772,120087358460,23060,22800,23940,880,3.82,23710,650,2.82,22800,24050,1400-4-7,2021-06-28
182,وكادو,تكادو,1336,11089216,186833935603,16335,17151,16400,65,0.4,16848,513,3.14,15540,17151,1400-4-7,2021-06-28
183,دتوزيع,توزيع دارو پخش,1332,3758478,110087820653,27920,28990,29316,1396,5,29291,1371,4.91,28500,29316,1400-4-7,2021-06-28
184,فوكا,فولاد كاويان,1331,13694932,200333217707,14938,14940,14496,-442,-2.96,14628,-310,-2.08,14490,14950,1400-4-7,2021-06-28
185,پارند,صندوق س. پارند پايدار سپهر,1326,53675429,604057434245,11247,11253,11254,7,0.06,11254,7,0.06,11253,11258,1400-4-7,2021-06-28
186,زاگرس,پتروشيمي زاگرس,1299,994842,220418705726,220058,221820,221990,1932,0.88,221562,1504,0.68,220000,224000,1400-4-7,2021-06-28
187,دشيمي,شيمي‌ داروئي‌ داروپخش‌,1292,2025809,45675805940,23610,23000,22430,-1180,-5,22550,-1060,-4.49,22430,23520,1400-4-7,2021-06-28
188,كماسه,تامين‌ ماسه‌ ريخته‌گري‌,1289,2586387,86740678880,32210,33140,33820,1610,5,33540,1330,4.13,31320,33820,1400-4-7,2021-06-28
189,كاذر,فرآورده‌هاي‌نسوزآذر,1282,7629872,101619019740,13970,13970,13280,-690,-4.94,13320,-650,-4.65,13280,14050,1400-4-7,2021-06-28
190,حفاري,حفاري شمال,1277,9620071,62125334430,6670,6570,6500,-170,-2.55,6460,-210,-3.15,6370,6650,1400-4-7,2021-06-28
191,ولساپا,ليزينگ رايان‌ سايپا,1276,33965476,98820530355,2957,2880,2929,-28,-0.95,2909,-48,-1.62,2841,2970,1400-4-7,2021-06-28
192,وملي,گروه‌ صنعتي‌ ملي‌ (هلدينگ‌,1258,451952,59914408500,132480,133800,133900,1420,1.07,132570,90,0.07,130010,135890,1400-4-7,2021-06-28
193,ختوقا,قطعات‌ اتومبيل‌ ايران‌,1244,17021643,35920848408,2149,2155,2105,-44,-2.05,2110,-39,-1.81,2062,2174,1400-4-7,2021-06-28
194,نوين,بيمه نوين,1242,25578776,130496986032,4895,4960,5139,244,4.98,5102,207,4.23,4860,5139,1400-4-7,2021-06-28
195,خكاوه,سايپا ديزل,1232,13543595,47664390076,3508,3598,3477,-31,-0.88,3519,11,0.31,3440,3598,1400-4-7,2021-06-28
196,سصوفي,سيمان‌ صوفيان‌,1222,5600913,86589278380,14940,15480,15680,740,4.95,15460,520,3.48,15050,15680,1400-4-7,2021-06-28
197,كحافظ,كاشي‌ وسراميك‌ حافظ‌,1221,5816132,50173106180,8280,8300,8690,410,4.95,8630,350,4.23,8280,8690,1400-4-7,2021-06-28
198,كسعدي,كاشي‌ سعدي‌,1213,4118779,50630170120,12530,12790,12140,-390,-3.11,12290,-240,-1.92,11930,12790,1400-4-7,2021-06-28
199,شبصير,توليدات پتروشيمي قائد بصير,1206,1918584,142569321619,73484,73460,75070,1586,2.16,74310,826,1.12,73000,75990,1400-4-7,2021-06-28
200,همراه,شركت ارتباطات سيار ايران,1205,8305276,175008193720,20280,20450,21290,1010,4.98,21070,790,3.9,19800,21290,1400-4-7,2021-06-28
201,كگاز,شيشه‌ و گاز,1187,3661398,57066794960,16280,16570,15470,-810,-4.98,15590,-690,-4.24,15470,16570,1400-4-7,2021-06-28
202,كپارس,كاشي‌ پارس‌,1185,366491,40885042310,110700,106600,110540,-160,-0.14,111560,860,0.78,106600,114230,1400-4-7,2021-06-28
203,غمينو,شركت صنايع غذايي مينو شرق,1178,4357532,35788095581,8346,8200,8310,-36,-0.43,8213,-133,-1.59,7929,8550,1400-4-7,2021-06-28
204,زبينا,كشاورزي و دامپروري بينالود,1177,15546020,43588198480,2763,2790,2783,20,0.72,2804,41,1.48,2730,2870,1400-4-7,2021-06-28
205,دانا,بيمه دانا,1161,11121782,54402683277,4868,4975,4898,30,0.62,4892,24,0.49,4800,4980,1400-4-7,2021-06-28
206,فولاژ,فولاد آلياژي ايران,1159,13323883,204388848820,14630,15280,15360,730,4.99,15340,710,4.85,14850,15360,1400-4-7,2021-06-28
207,درهآور,دارويي ره آورد تامين,1153,2353996,56461423652,24030,23250,24500,470,1.96,23985,-45,-0.19,22829,25231,1400-4-7,2021-06-28
208,بزاگرس,نيروگاه زاگرس كوثر,1149,9111853,40091032948,4509,4460,4360,-149,-3.3,4400,-109,-2.42,4311,4600,1400-4-7,2021-06-28
209,ضخود7077,اختيارخ خودرو-3000-1400/07/07,1148,65115,3664775000,57,54,57,0,0,56,-1,-1.75,54,63,1400-4-7,2021-06-28
210,باران,بيمه زندگي باران50%تاديه,1142,7689059,36849172468,4694,4575,4600,-94,-2,4792,98,2.09,4575,4834,1400-4-7,2021-06-28
211,كوثر,بيمه كوثر,1132,5603076,82151064410,14471,14460,14595,124,0.86,14662,191,1.32,14380,15050,1400-4-7,2021-06-28
212,كلر,كلر پارس,1111,1109307,124691111008,107145,108060,112502,5357,5,112405,5260,4.91,108060,112502,1400-4-7,2021-06-28
213,ركيش,كارت اعتباري ايران كيش,1092,6248267,102197791870,15600,15600,16380,780,5,16360,760,4.87,15600,16380,1400-4-7,2021-06-28
214,غفارس,شير پاستوريزه پگاه فارس,1086,4999653,76886605386,14686,14870,15420,734,5,15378,692,4.71,14810,15420,1400-4-7,2021-06-28
215,كيميا,معدني كيمياي زنجان گستران,1082,5135864,72841443574,13687,13700,14371,684,5,14183,496,3.62,13600,14371,1400-4-7,2021-06-28
216,وساخت,سرمايه‌ گذاري‌ ساختمان‌ايران‌,1082,1516889,73976971070,49660,49900,48440,-1220,-2.46,48770,-890,-1.79,47900,51090,1400-4-7,2021-06-28
217,ورازي,بيمه رازي,1070,35182545,43357149767,1286,1260,1222,-64,-4.98,1232,-54,-4.2,1222,1297,1400-4-7,2021-06-28
218,توريل,توكاريل,1067,2530186,34788864792,13992,13499,13490,-502,-3.59,13750,-242,-1.73,13420,14199,1400-4-7,2021-06-28
219,وشهر,بانك شهر,1063,11597456,62896397848,5335,5335,5518,183,3.43,5423,88,1.65,5280,5530,1400-4-7,2021-06-28
220,بجهرم,توسعه مولد نيروگاهي جهرم,1063,16764021,38010480336,2287,2300,2239,-48,-2.1,2267,-20,-0.87,2231,2400,1400-4-7,2021-06-28
221,دزهراوي,داروسازي‌زهراوي‌,1061,8749998,53318195500,6330,6200,6040,-290,-4.58,6090,-240,-3.79,6020,6290,1400-4-7,2021-06-28
222,كامياب,صندوق س. كامياب آشنا-د,1055,4045383,40453830000,10000,10000,10000,0,0,10000,0,0,10000,10000,1400-4-7,2021-06-28
223,ومهان,گروه توسعه مالي مهر آيندگان,1046,3117139,40464194834,12976,12890,12850,-126,-0.97,12980,4,0.03,12700,13444,1400-4-7,2021-06-28
224,شپديس,پتروشيمي پرديس,1044,2209942,245888466330,111150,109810,112440,1290,1.16,111260,110,0.1,109700,113400,1400-4-7,2021-06-28
225,رانفور,خدمات‌انفورماتيك‌,1041,7340089,40973754830,5580,5600,5650,70,1.25,5580,0,0,5490,5680,1400-4-7,2021-06-28
226,دماوند,توليد نيروي برق دماوند,1026,2312335,62582245952,26945,26900,26620,-325,-1.21,27065,120,0.45,26320,27498,1400-4-7,2021-06-28
227,سدور,سيمان‌ دورود,1023,5310229,41216718700,7970,7910,7650,-320,-4.02,7760,-210,-2.63,7620,7990,1400-4-7,2021-06-28
228,كارين,صندوق س نگين سامان-ثابت,1019,46125557,463043859578,10034,10038,10038,4,0.04,10039,5,0.05,10038,10042,1400-4-7,2021-06-28
229,رمپنا,گروه مپنا (سهامي عام),1014,5160625,70406242950,13870,13800,13650,-220,-1.59,13740,-130,-0.94,13310,13870,1400-4-7,2021-06-28
230,شبهرن,نفت‌ بهران‌,1012,5037637,55550536740,10890,10800,11180,290,2.66,11030,140,1.29,10610,11300,1400-4-7,2021-06-28
231,ضخود7075,اختيارخ خودرو-2000-1400/07/07,1005,33668,11660649000,319,320,352,33,10.34,346,27,8.46,320,375,1400-4-7,2021-06-28
232,البرز,بيمه البرز,999,19263318,82836523942,4362,4230,4315,-47,-1.08,4300,-62,-1.42,4230,4355,1400-4-7,2021-06-28
233,گكوثر,هتل پارسيان كوثر اصفهان,998,15099949,35485386189,2352,2400,2330,-22,-0.94,2350,-2,-0.09,2304,2400,1400-4-7,2021-06-28
234,كقزوي,شيشه‌ قزوين‌,991,8183759,53987013090,6412,6450,6650,238,3.71,6597,185,2.89,6131,6732,1400-4-7,2021-06-28
235,كسرا,سراميك‌هاي‌صنعتي‌اردكان‌,991,4991558,74646751670,15380,15270,14660,-720,-4.68,14950,-430,-2.8,14620,15500,1400-4-7,2021-06-28
236,شلرد,كود شيميايي اوره لردگان,988,11431804,68344198322,6078,5970,5970,-108,-1.78,5978,-100,-1.65,5896,6130,1400-4-7,2021-06-28
237,ساروم,سيمان‌اروميه‌,975,3198399,105864545800,31690,32500,32900,1210,3.82,33100,1410,4.45,31740,33270,1400-4-7,2021-06-28
238,كلوند,كاشي‌ الوند,973,2241422,47895733410,21460,21980,20990,-470,-2.19,21370,-90,-0.42,20760,21990,1400-4-7,2021-06-28
239,قصفها,قنداصفهان‌,973,384290,33736037860,91270,92000,87750,-3520,-3.86,87790,-3480,-3.81,86710,92000,1400-4-7,2021-06-28
240,بكهنوج,توليد برق ماهتاب كهنوج,968,18991920,26910151665,1438,1442,1412,-26,-1.81,1417,-21,-1.46,1400,1459,1400-4-7,2021-06-28
241,وصنعت,سرمايه گذاري توسعه صنعت وتجارت,959,7537069,41008508400,5550,5450,5400,-150,-2.7,5440,-110,-1.98,5390,5540,1400-4-7,2021-06-28
242,غگلپا,شير پاستوريزه پگاه گلپايگان,956,972129,52320534919,56069,57000,53267,-2802,-5,53821,-2248,-4.01,53266,57000,1400-4-7,2021-06-28
243,مبين,مبين انرژي خليج فارس,954,9027808,154599008100,16920,16300,17290,370,2.19,17120,200,1.18,16300,17400,1400-4-7,2021-06-28
244,دكوثر,داروسازي‌ كوثر,949,8741988,39340895258,4328,4499,4410,82,1.89,4500,172,3.97,4369,4544,1400-4-7,2021-06-28
245,هرمز,فولاد هرمزگان جنوب,939,16047153,248276893348,14859,14798,15601,742,4.99,15472,613,4.13,14798,15601,1400-4-7,2021-06-28
246,سمازن,سيمان‌مازندران‌,936,8225272,106544116110,12750,12600,12970,220,1.73,12950,200,1.57,12500,13190,1400-4-7,2021-06-28
247,كطبس,ذغال‌سنگ‌ نگين‌ ط‌بس‌,933,1619182,82106355420,46560,48490,50910,4350,9.34,50710,4150,8.91,48490,50910,1400-4-7,2021-06-28
248,غشصفا,شيرپاستوريزه‌پگاه‌اصفهان‌,933,3432209,77978831150,22080,21150,23180,1100,4.98,22720,640,2.9,21150,23180,1400-4-7,2021-06-28
249,ورنا,سرمايه‌گذاري‌ رنا(هلدينگ‌,928,7567541,35725795060,4810,4812,4670,-140,-2.91,4721,-89,-1.85,4621,4840,1400-4-7,2021-06-28
250,وبيمه,سرمايه‌ گذاري‌ صنعت‌ بيمه‌,925,16327739,27579562290,1729,1713,1680,-49,-2.83,1689,-40,-2.31,1643,1730,1400-4-7,2021-06-28
251,سشرق,سيمان‌ شرق‌,918,7944676,51051434380,6500,6500,6480,-20,-0.31,6430,-70,-1.08,6250,6640,1400-4-7,2021-06-28
252,خموتور,موتورسازان‌تراكتورسازي‌ايران‌,916,6601146,64235181300,9310,9360,9770,460,4.94,9730,420,4.51,9360,9770,1400-4-7,2021-06-28
253,وسپه,سرمايه‌گذاري‌ سپه‌,901,9218565,64846361520,6830,6820,7170,340,4.98,7030,200,2.93,6740,7170,1400-4-7,2021-06-28
254,چكاوه,صنايع‌كاغذسازي‌كاوه‌,900,2614999,35148770080,13130,13700,13230,100,0.76,13440,310,2.36,13130,13750,1400-4-7,2021-06-28
255,كي بي سي,شركت كي بي سي,900,3811436,81634359036,20427,21448,21448,1021,5,21418,991,4.85,20693,21448,1400-4-7,2021-06-28
256,غمارگ,مارگارين‌,885,2919927,64609405800,22990,22400,21880,-1110,-4.83,22130,-860,-3.74,21850,23300,1400-4-7,2021-06-28
257,سدشت,صنايع سيمان دشتستان,885,1110602,66621449760,57160,60010,60010,2850,4.99,59990,2830,4.95,58500,60010,1400-4-7,2021-06-28
258,وسصفا,شركت س استان اصفهان,876,51712897,52592036249,1070,1017,1017,-53,-4.95,1040,-30,-2.8,1017,1018,1400-4-7,2021-06-28
259,آريان,سرمايه گذاري پارس آريان,871,10648894,132560497809,12585,12227,12306,-279,-2.22,12448,-137,-1.09,12227,12699,1400-4-7,2021-06-28
260,خوساز,محورسازان‌ايران‌خودرو,868,7159834,45283800050,6130,6270,6430,300,4.89,6320,190,3.1,6130,6430,1400-4-7,2021-06-28
261,خچرخش,چرخشگر,868,3470866,39639094440,11790,11700,11220,-570,-4.83,11420,-370,-3.14,11210,11870,1400-4-7,2021-06-28
262,ولبهمن,شركت بهمن ليزينگ,860,8219758,59033111640,6891,7150,7235,344,4.99,7182,291,4.22,6955,7235,1400-4-7,2021-06-28
263,فلوله,لوله‌وماشين‌سازي‌ايران‌,856,3047405,49717184250,15640,15640,16420,780,4.99,16310,670,4.28,15640,16420,1400-4-7,2021-06-28
264,وسبحان,سرمايه گذاري سبحان,847,33515274,85282558063,2542,2560,2552,10,0.39,2545,3,0.12,2465,2575,1400-4-7,2021-06-28
265,قزوين,كارخانجات‌ قند قزوين‌,844,1983675,46463975140,22850,23390,23500,650,2.84,23420,570,2.49,22720,23990,1400-4-7,2021-06-28
266,ارفع,شركت آهن و فولاد ارفع,843,2526289,36580714769,14657,14625,14450,-207,-1.41,14564,-93,-0.63,14010,15100,1400-4-7,2021-06-28
267,قرنح,ح . پديده شيمي قرن,831,809715,19156613380,24000,23640,23550,-450,-1.88,23660,-340,-1.42,23400,24000,1400-4-7,2021-06-28
268,قاسم,قاسم ايران,820,4234576,41393773607,9620,9800,9610,-10,-0.1,9775,155,1.61,9410,10100,1400-4-7,2021-06-28
269,شتوكا,توكا رنگ فولاد سپاهان,820,4053941,130624880779,30702,32237,32237,1535,5,32222,1520,4.95,31360,32237,1400-4-7,2021-06-28
270,دفارا,داروسازي‌ فارابي‌,816,1057634,38874856110,38400,38490,36480,-1920,-5,36760,-1640,-4.27,36480,38490,1400-4-7,2021-06-28
271,بنو,بيمه تجارت نو,813,2942903,58444367240,19729,20100,19833,104,0.53,19859,130,0.66,19729,20100,1400-4-7,2021-06-28
272,شرانل,نفت ايرانول,809,1275800,54097898618,41056,41999,42390,1334,3.25,42403,1347,3.28,41659,42899,1400-4-7,2021-06-28
273,شفارا,پتروشيمي فارابي,803,18366414,68625226556,3646,3755,3755,109,2.99,3736,90,2.47,3560,3755,1400-4-7,2021-06-28
274,حتايد,تايدواترخاورميانه,800,3910748,109428327270,28030,27350,28060,30,0.11,27980,-50,-0.18,27350,28300,1400-4-7,2021-06-28
275,وآرين,شركت توسعه اقتصادي آرين,799,10099918,32346249232,3217,3209,3200,-17,-0.53,3203,-14,-0.44,3167,3248,1400-4-7,2021-06-28
276,افق,فروشگاههاي زنجيره اي افق كوروش,782,612803,39535969530,65330,65000,64300,-1030,-1.58,64910,-420,-0.64,64000,65450,1400-4-7,2021-06-28
277,طلا,صندوق س.پشتوانه طلاي لوتوس,769,890673,68281964023,75670,76550,76740,1070,1.41,76663,993,1.31,76550,77000,1400-4-7,2021-06-28
278,واتي,سرمايه‌ گذاري‌ آتيه‌ دماوند,768,5646935,57009722020,10030,9810,10020,-10,-0.1,10100,70,0.7,9810,10290,1400-4-7,2021-06-28
279,خكمك,كمك‌فنرايندامين‌,767,2218913,37050896820,16920,17000,16600,-320,-1.89,16700,-220,-1.3,16200,17200,1400-4-7,2021-06-28
280,كنور,توسعه معدني و صنعتي صبانور,756,707540,36636972370,52450,52100,52270,-180,-0.34,52050,-400,-0.76,50500,52450,1400-4-7,2021-06-28
281,بساما,بيمه سامان,753,1411609,35570283466,24430,25588,25651,1221,5,25198,768,3.14,24461,25651,1400-4-7,2021-06-28
282,سخاش,سيمان‌خاش‌,751,256861,21988949590,88300,84600,85110,-3190,-3.61,85610,-2690,-3.05,84600,88900,1400-4-7,2021-06-28
283,رنيك,جنرال مكانيك,746,1814380,34988496856,19531,19990,19390,-141,-0.72,19284,-247,-1.26,18600,19990,1400-4-7,2021-06-28
284,خكرمان,گروه اقتصادي كرمان خودرو,745,11395318,39477572178,3437,3457,3499,62,1.8,3464,27,0.79,3345,3517,1400-4-7,2021-06-28
285,ختراك,ريخته‌گري‌ تراكتورسازي‌ ايران‌,743,4843012,54188332300,10680,11180,11210,530,4.96,11190,510,4.78,10790,11210,1400-4-7,2021-06-28
286,چكارن,كارتن‌ ايران‌,740,9768869,26330784905,2677,2699,2719,42,1.57,2695,18,0.67,2650,2729,1400-4-7,2021-06-28
287,قشكر,شكرشاهرود,733,9893952,28445535231,3011,3046,2861,-150,-4.98,2875,-136,-4.52,2861,3046,1400-4-7,2021-06-28
288,پارسان,گسترش نفت و گاز پارسيان,732,3741186,80904607930,21560,21010,21600,40,0.19,21600,40,0.19,21010,21930,1400-4-7,2021-06-28
289,تمحركه,ماشين سازي نيرو محركه,732,2581241,42087036385,17087,16233,16233,-854,-5,16305,-782,-4.58,16233,16730,1400-4-7,2021-06-28
290,تسه0002,امتيازتسهيلاتمسكن ارديبهشت1400,731,11877,6662458144,559053,587005,563000,3947,0.71,560955,1902,0.34,532111,587005,1400-4-7,2021-06-28
291,آوا,صندوق س.سهام آواي معيار-س,715,5029476,36842455667,7309,7300,7320,11,0.15,7325,16,0.22,7000,7407,1400-4-7,2021-06-28
292,خشرق,الكتريك‌ خودرو شرق‌,713,5339472,57660735150,10320,10700,10830,510,4.94,10800,480,4.65,10380,10830,1400-4-7,2021-06-28
293,خاذين,سايپاآذين‌,708,9240853,26840865596,2917,2860,2890,-27,-0.93,2905,-12,-0.41,2853,2955,1400-4-7,2021-06-28
294,وارس,سرمايه گذاري ارس صبا,704,2332061,32324763968,13502,13890,13828,326,2.41,13861,359,2.66,13503,13907,1400-4-7,2021-06-28
295,كمينا,شيشه سازي مينا,704,1986284,47745813713,23629,24337,24337,708,3,24038,409,1.73,23000,24337,1400-4-7,2021-06-28
296,فسپا,گروه‌صنعتي‌سپاهان‌,700,1732241,70855870780,41230,40800,40970,-260,-0.63,40900,-330,-0.8,40610,41570,1400-4-7,2021-06-28
297,فسرب,ملي‌ سرب‌وروي‌ ايران‌,698,815502,56481378270,65990,69280,69280,3290,4.99,69260,3270,4.96,67340,69280,1400-4-7,2021-06-28
298,سغرب,سيمان‌غرب‌,691,1298424,29146200440,23150,24000,22210,-940,-4.06,22450,-700,-3.02,22180,24000,1400-4-7,2021-06-28
299,لسرما,سرما آفرين‌,689,2081456,43281554080,20850,20890,20720,-130,-0.62,20790,-60,-0.29,20010,21400,1400-4-7,2021-06-28
300,وهور,مديريت انرژي اميد  تابان هور,689,16236477,27498994259,1716,1670,1710,-6,-0.35,1702,-14,-0.82,1663,1717,1400-4-7,2021-06-28
301,ضخود7076,اختيارخ خودرو-2500-1400/07/07,684,31397,4334899000,130,127,134,4,3.08,138,8,6.15,127,150,1400-4-7,2021-06-28
302,فباهنرح,ح . مس‌ شهيدباهنر,682,3292758,51933223930,16520,16470,15620,-900,-5.45,15770,-750,-4.54,15520,16470,1400-4-7,2021-06-28
303,وصندوق,سرمايه‌گذاري‌صندوق‌بازنشستگي‌,681,5454115,80984080080,14900,15000,14900,0,0,14870,-30,-0.2,14670,15200,1400-4-7,2021-06-28
304,نمرينو,ايران‌ مرينوس‌,679,317880,24850877040,75910,77300,78490,2580,3.4,78180,2270,2.99,74100,79680,1400-4-7,2021-06-28
305,وصنا,گروه‌صنايع‌بهشهرايران‌,679,6180203,32703695070,5170,5100,5330,160,3.09,5290,120,2.32,5070,5420,1400-4-7,2021-06-28
306,قشير,قند شيروان قوچان و بجنورد,679,1251684,19544245066,16152,16000,15540,-612,-3.79,15614,-538,-3.33,15455,16000,1400-4-7,2021-06-28
307,وسپهح,ح . سرمايه‌گذاري‌ سپه‌,677,40592425,226698609950,5500,5500,6050,550,10,5580,80,1.45,5500,6050,1400-4-7,2021-06-28
308,غبشهر,صنعتي‌ بهشهر,676,2193472,50169848240,23450,23210,22980,-470,-2,22870,-580,-2.47,22280,23450,1400-4-7,2021-06-28
309,پكوير,كوير تاير,676,3378550,40623486220,12310,12480,12100,-210,-1.71,12020,-290,-2.36,11800,12480,1400-4-7,2021-06-28
310,لابسا,آبسال‌,675,745907,26664640370,36210,34800,35270,-940,-2.6,35750,-460,-1.27,34800,37300,1400-4-7,2021-06-28
311,سكرد,سيمان كردستان,671,4379773,27112671670,6240,6400,6210,-30,-0.48,6190,-50,-0.8,6010,6410,1400-4-7,2021-06-28
312,سامان,بانك سامان,668,9178683,83377175311,9060,9190,9199,139,1.53,9084,24,0.26,8890,9200,1400-4-7,2021-06-28
313,فنوال,نورد آلومينيوم‌,667,1072666,26920872240,25640,26000,25000,-640,-2.5,25100,-540,-2.11,24510,26470,1400-4-7,2021-06-28
314,غشان,شيرپاستوريزه‌پگاه‌خراسان‌,663,7188076,34178406559,4569,4580,4797,228,4.99,4755,186,4.07,4550,4797,1400-4-7,2021-06-28
315,خريخت,صنايع‌ريخته‌گري‌ايران‌,657,10997351,34180525895,2963,3111,3111,148,4.99,3108,145,4.89,3000,3111,1400-4-7,2021-06-28
316,زشگزا,شير و گوشت زاگرس شهركرد,652,4067833,24454673905,5963,6010,6029,66,1.11,6012,49,0.82,5900,6069,1400-4-7,2021-06-28
317,وسگيلا,شركت س استان گيلان,651,27506361,18935977209,663,695,696,33,4.98,675,12,1.81,657,696,1400-4-7,2021-06-28
318,قهكمت,قندهكمتان‌,650,1018840,32634915880,31800,31020,32820,1020,3.21,32030,230,0.72,30500,33390,1400-4-7,2021-06-28
319,بهپاك,صنعتي بهپاك,642,3591024,25093894103,7135,6810,7000,-135,-1.89,6988,-147,-2.06,6810,7135,1400-4-7,2021-06-28
320,ونفت,سرمايه‌گذاري‌ صنعت‌ نفت‌,642,3370532,46723522210,14060,13850,14100,40,0.28,13860,-200,-1.42,13360,14200,1400-4-7,2021-06-28
321,فايرا,آلومينيوم‌ايران‌,632,1709323,26811236720,16220,16000,15750,-470,-2.9,15980,-240,-1.48,15570,16000,1400-4-7,2021-06-28
322,دسينا,داروسازي‌ سينا,627,1920058,36572490260,18540,18650,19400,860,4.64,19050,510,2.75,18360,19460,1400-4-7,2021-06-28
323,قپيرا,فرآورده‌هاي‌غدايي‌وقندپيرانشهر,624,4560899,40360427700,8080,8540,8960,880,10.89,8850,770,9.53,8150,8960,1400-4-7,2021-06-28
324,پاكشو,گروه صنعتي پاكشو,605,4786742,26537725000,5680,5670,5510,-170,-2.99,5650,-30,-0.53,5490,5670,1400-4-7,2021-06-28
325,سرچشمه,سرمايه گذاري مس سرچشمه,601,4204346,29713924473,7131,7140,7080,-51,-0.72,7067,-64,-0.9,7001,7147,1400-4-7,2021-06-28
326,شخارك,پتروشيمي‌ خارك‌,599,1329340,57748391350,43590,43360,43200,-390,-0.89,43500,-90,-0.21,43050,43870,1400-4-7,2021-06-28
327,كروي,توسعه‌ معادن‌ روي‌ ايران‌,595,1471771,33007502690,22470,22760,22430,-40,-0.18,22430,-40,-0.18,22020,22980,1400-4-7,2021-06-28
328,حسير,ريل سير كوثر,594,1837740,27539013909,14397,14919,15116,719,4.99,14985,588,4.08,14402,15116,1400-4-7,2021-06-28
329,كفرا,فراورده‌ هاي‌ نسوزايران‌,581,1552222,31967659230,19750,20700,20320,570,2.89,20590,840,4.25,19970,20730,1400-4-7,2021-06-28
330,غشهد,شهد ايران ‌,578,2784906,12977209504,4795,4700,4600,-195,-4.07,4671,-124,-2.59,4570,4799,1400-4-7,2021-06-28
331,كشرق,صنعتي و معدني شمال شرق شاهرود,575,455079,26551303109,58858,60990,57830,-1028,-1.75,58344,-514,-0.87,57100,60990,1400-4-7,2021-06-28
332,كمنگنز,معادن‌منگنزايران‌,566,403360,25727952200,64880,64800,62720,-2160,-3.33,63780,-1100,-1.7,62700,64880,1400-4-7,2021-06-28
333,تيپيكو,سرمايه گذاري دارويي تامين,562,905892,37318338490,41660,42490,41410,-250,-0.6,41420,-240,-0.58,40650,42490,1400-4-7,2021-06-28
334,ميدكو,هلدينگ صنايع  معدني خاورميانه,560,4120804,174894263855,42438,42440,42446,8,0.02,42442,4,0.01,42440,42450,1400-4-7,2021-06-28
335,وسكاب,س.ص.بازنشستگي كاركنان بانكها,554,7531535,20170882353,2704,2704,2700,-4,-0.15,2678,-26,-0.96,2621,2730,1400-4-7,2021-06-28
336,وملل,اعتباري ملل,550,12422846,164705813947,13260,13260,13262,2,0.02,13258,-2,-0.02,12606,13300,1400-4-7,2021-06-28
337,كرماشا,صنايع پتروشيمي كرمانشاه,542,1420128,49993108660,34890,34890,35490,600,1.72,35200,310,0.89,33860,35600,1400-4-7,2021-06-28
338,ارزش,صندوق س ارزش آفرين بيدار-سهام,541,4440542,39617587030,8930,8860,8920,-10,-0.11,8920,-10,-0.11,8850,8990,1400-4-7,2021-06-28
339,شپاكسا,پاكسان‌,540,1540401,32010921840,21810,21830,20730,-1080,-4.95,20780,-1030,-4.72,20720,21830,1400-4-7,2021-06-28
340,وتوشه,سرمايه‌ گذاري‌ پارس‌ توشه‌,535,3633786,20867828700,5790,5790,5750,-40,-0.69,5740,-50,-0.86,5650,5870,1400-4-7,2021-06-28
341,وتوس,توسعه‌شهري‌توس‌گستر,534,1208161,13696076920,11080,10620,11400,320,2.89,11310,230,2.08,10620,11550,1400-4-7,2021-06-28
342,وثوق,سرمايه گذاري وثوق امين,533,4071859,58244145031,13900,14250,14317,417,3,14304,404,2.91,14133,14317,1400-4-7,2021-06-28
343,سيدكو,سرمايه گذاري توسعه صنايع سيمان,522,4308590,25876133510,6020,5890,6090,70,1.16,6010,-10,-0.17,5890,6190,1400-4-7,2021-06-28
344,ثتران,سرمايه گذاري مسكن تهران,509,6505308,19245426453,2934,2933,2967,33,1.12,2958,24,0.82,2850,3019,1400-4-7,2021-06-28
345,قرن,پديده شيمي قرن,507,308320,9244391200,30270,30450,29970,-300,-0.99,30160,-110,-0.36,29900,30450,1400-4-7,2021-06-28
346,رتاپ,تجارت الكترونيك  پارسيان,504,1959763,10557532600,5360,5450,5400,40,0.75,5380,20,0.37,5300,5470,1400-4-7,2021-06-28
347,مدير,ص.س.مديريت ثروت ص.بازنشستگي-س,501,1950099,16356768676,8400,8398,8387,-13,-0.15,8388,-12,-0.14,8309,8448,1400-4-7,2021-06-28
348,ما,بيمه  ما,493,1746065,14340466780,8300,8470,8050,-250,-3.01,8220,-80,-0.96,8000,8690,1400-4-7,2021-06-28
349,شدوص,دوده‌ صنعتي‌ پارس‌,492,1039171,17937938530,17340,17070,17310,-30,-0.17,17260,-80,-0.46,16820,17690,1400-4-7,2021-06-28
350,وساشرقي,شركت س استان آذربايجان شرقي,490,8058567,7174302042,907,862,880,-27,-2.98,905,-2,-0.22,862,941,1400-4-7,2021-06-28
351,تشتاد,صنايع توليدي اشتاد ايران‌,488,1963504,14678187866,7637,7420,7408,-229,-3,7476,-161,-2.11,7408,7780,1400-4-7,2021-06-28
352,بميلا,توسعه بازرگاني آهن وفولادميلاد,488,3345663,40571153824,12404,12549,12103,-301,-2.43,12126,-278,-2.24,12032,12549,1400-4-7,2021-06-28
353,شكلر,نيروكلر,487,453667,15227392970,33150,33700,33250,100,0.3,33550,400,1.21,33000,34300,1400-4-7,2021-06-28
354,كاردان,صندوق س تجارت شاخصي كاردان,486,192568,29717079780,152980,151210,154990,2010,1.31,154320,1340,0.88,151210,155980,1400-4-7,2021-06-28
355,خفنر,فنرسازي‌خاور,485,7963096,42360422172,5073,5326,5326,253,4.99,5320,247,4.87,5160,5326,1400-4-7,2021-06-28
356,دامين,داروسازي‌ امين‌,481,4147457,14961098212,3607,3500,3580,-27,-0.75,3607,0,0,3500,3687,1400-4-7,2021-06-28
357,وكار,بانك‌ كارآفرين‌,478,17971945,54445656259,2962,2977,3060,98,3.31,3029,67,2.26,2940,3105,1400-4-7,2021-06-28
358,شكربن,كربن‌ ايران‌,472,890556,69422422400,74640,73020,78370,3730,5,77950,3310,4.43,73020,78370,1400-4-7,2021-06-28
359,پكرمان,گروه‌ صنعتي‌ بارز,472,2853136,76404094580,25830,27000,26600,770,2.98,26780,950,3.68,25920,27110,1400-4-7,2021-06-28
360,دسبحا,گروه دارويي سبحان,472,1502291,24061398220,16430,15620,15890,-540,-3.29,16020,-410,-2.5,15620,16640,1400-4-7,2021-06-28
361,وبهمن,سرمايه‌گذاري‌بهمن‌,468,2358193,31928130210,12970,13200,13610,640,4.93,13540,570,4.39,13190,13610,1400-4-7,2021-06-28
362,دلر,داروسازي‌ اكسير,467,1806135,50609510900,27160,27480,28510,1350,4.97,28020,860,3.17,26790,28510,1400-4-7,2021-06-28
363,وپترو,سرمايه‌گذاري صنايع پتروشيمي‌,466,2445454,33956735150,13950,13950,14000,50,0.36,13890,-60,-0.43,13610,14090,1400-4-7,2021-06-28
364,بپاس,بيمه پاسارگاد,458,795989,80511367288,101144,101150,101159,15,0.01,101146,2,0,101144,101200,1400-4-7,2021-06-28
365,اتكاي,بيمه اتكايي ايرانيان,451,1326734,12345650942,9615,9480,9399,-216,-2.25,9358,-257,-2.67,9200,9500,1400-4-7,2021-06-28
366,ولملت,واسپاري ملت,450,2678680,13647204590,5180,5100,5090,-90,-1.74,5100,-80,-1.54,5000,5270,1400-4-7,2021-06-28
367,دابور,داروسازي‌ ابوريحان‌,448,792571,25804287700,32230,30900,32650,420,1.3,32560,330,1.02,30900,32910,1400-4-7,2021-06-28
368,حبندر,دريايي و کشتيراني خط دريابندر,446,565439,14727440276,25765,25200,26150,385,1.49,26046,281,1.09,25200,26536,1400-4-7,2021-06-28
369,تسه0001,امتيازتسهيلات مسكن فروردين1400,440,5674,3172511393,559596,534000,560000,404,0.07,559131,-465,-0.08,534000,570000,1400-4-7,2021-06-28
370,وبوعلي,سرمايه‌گذاري‌بوعلي‌,437,2834317,11253630351,4001,3970,3938,-63,-1.57,3979,-22,-0.55,3925,4025,1400-4-7,2021-06-28
371,دكپسول,توليد ژلاتين كپسول ايران,436,784537,20898632656,27301,27300,26500,-801,-2.93,26638,-663,-2.43,26150,27470,1400-4-7,2021-06-28
372,ثمسكن,سرمايه‌گذاري‌ مسكن‌,435,10970302,46942244189,4355,4250,4235,-120,-2.76,4279,-76,-1.75,4230,4380,1400-4-7,2021-06-28
373,كخاك,صنايع‌خاك‌چيني‌ايران‌,435,904407,26921322980,29830,30210,29980,150,0.5,29770,-60,-0.2,29340,30450,1400-4-7,2021-06-28
374,افران,صندوق س افرا نماد پايدار-ثابت,431,6158483,84014358524,13630,13642,13643,13,0.1,13642,12,0.09,13639,13643,1400-4-7,2021-06-28
375,تنوين,تامين سرمايه نوين,431,11676927,81507933690,6980,7030,6910,-70,-1,6980,0,0,6860,7030,1400-4-7,2021-06-28
376,شفا,سرمايه گذاري شفادارو,431,526553,19026448000,37420,36590,36420,-1000,-2.67,36130,-1290,-3.45,35550,38090,1400-4-7,2021-06-28
377,اميد,تامين سرمايه اميد,430,2843328,18600188940,6760,6460,6560,-200,-2.96,6600,-160,-2.37,6450,6890,1400-4-7,2021-06-28
378,سفانو,سيمان فارس نو,421,1058492,25720164900,23770,22600,24790,1020,4.29,24300,530,2.23,22600,24940,1400-4-7,2021-06-28
379,كهمدا,شيشه‌ همدان‌,419,1566934,14408122610,9170,9270,9100,-70,-0.76,9190,20,0.22,9000,9310,1400-4-7,2021-06-28
380,اعتلا,شركت سرمايه گذاري اعتلاء البرز,418,3097241,19329716181,6377,6195,6200,-177,-2.78,6241,-136,-2.13,6195,6430,1400-4-7,2021-06-28
381,اپرداز,آتيه داده پرداز,416,994973,18988146158,18981,18910,19299,318,1.68,19084,103,0.54,18790,19400,1400-4-7,2021-06-28
382,سپيدما,صندوق س. سپيد دماوند-د,414,19656628,207987062652,10575,10584,10581,6,0.06,10581,6,0.06,10581,10585,1400-4-7,2021-06-28
383,وبشهر,توسعه‌ صنايع‌ بهشهر(هلدينگ,414,2061479,20293058340,9220,9950,9800,580,6.29,9610,390,4.23,9650,10000,1400-4-7,2021-06-28
384,سشمال,سيمان‌ شمال‌,410,1182939,10294964350,8700,8850,8680,-20,-0.23,8700,0,0,8530,8850,1400-4-7,2021-06-28
385,پارس,پتروشيمي پارس,409,349465,54103248460,153530,155900,154900,1370,0.89,154220,690,0.45,154150,155900,1400-4-7,2021-06-28
386,درازك,دارويي‌ رازك‌,406,565693,17218601110,30960,30400,30520,-440,-1.42,30440,-520,-1.68,29460,32000,1400-4-7,2021-06-28
387,دارو,كارخانجات‌داروپخش‌,406,1087511,20318196840,18000,18500,18900,900,5,18680,680,3.78,18000,18900,1400-4-7,2021-06-28
388,حسينا,توسعه خدمات دريايي وبندري سينا,404,686586,42324296686,64271,63260,61451,-2820,-4.39,61645,-2626,-4.09,61060,63260,1400-4-7,2021-06-28
389,لبوتان,گروه‌صنعتي‌بوتان‌,404,285235,14674008470,53030,54980,50400,-2630,-4.96,51570,-1460,-2.75,50380,54980,1400-4-7,2021-06-28
390,سهگمت,سيمان‌هگمتان‌,394,811876,18613935740,22990,24000,22480,-510,-2.22,22930,-60,-0.26,22300,24000,1400-4-7,2021-06-28
391,دعبيد,لابراتوارداروسازي‌  دكترعبيدي‌,392,723754,17014544990,23580,23610,23550,-30,-0.13,23550,-30,-0.13,22800,23870,1400-4-7,2021-06-28
392,ثباغ,شهر سازي و خانه سازي باغميشه,389,1978270,19938991869,10428,10655,9908,-520,-4.99,10079,-349,-3.35,9907,10655,1400-4-7,2021-06-28
393,سپاها,سيمان‌سپاهان‌,387,1827440,13705516470,7660,7820,7410,-250,-3.26,7510,-150,-1.96,7320,7820,1400-4-7,2021-06-28
394,ضخود7074,اختيارخ خودرو-1800-1400/07/07,383,15762,7790085000,471,495,500,29,6.16,494,23,4.88,440,520,1400-4-7,2021-06-28
395,شسينا,صنايع‌شيميايي‌سينا,380,436424,36262652800,123270,80100,84100,-39170,-31.78,83090,-40180,-32.6,80100,84100,1400-4-7,2021-06-28
396,فخاس,فولاد خراسان,379,1111268,26276511290,22690,22180,23820,1130,4.98,22920,230,1.01,22180,23820,1400-4-7,2021-06-28
397,تسه9912,امتياز تسهيلات مسكن اسفند99,378,6358,3541728703,566531,550111,538205,-28326,-5,557051,-9480,-1.67,538205,589999,1400-4-7,2021-06-28
398,زپارس,ملي كشت و صنعت و دامپروري پارس,378,467541,52201087700,117250,113010,111390,-5860,-5,111650,-5600,-4.78,111390,118770,1400-4-7,2021-06-28
399,وخاور,بانك خاورميانه,377,2764801,25046449410,8990,8960,9010,20,0.22,9020,30,0.33,8890,9140,1400-4-7,2021-06-28
400,ساروج,بين المللي ساروج بوشهر,375,1907599,32195141136,16388,16879,16850,462,2.82,16877,489,2.98,16750,16879,1400-4-7,2021-06-28
401,كاريس,صندوق س.سپهر كاريزما-س,369,1416499,17117327099,12039,12028,12090,51,0.42,12084,45,0.37,11885,12335,1400-4-7,2021-06-28
402,پرديس,سرمايه گذاري پرديس,366,1994080,9516584781,4848,4808,4765,-83,-1.71,4802,-46,-0.95,4606,4880,1400-4-7,2021-06-28
403,سخوز,سيمان خوزستان,361,1061489,25373532980,24280,24490,23900,-380,-1.57,23900,-380,-1.57,23370,24490,1400-4-7,2021-06-28
404,فسازان,غلتك سازان سپاهان,351,575472,17378295960,30130,30000,30250,120,0.4,30200,70,0.23,29620,30850,1400-4-7,2021-06-28
405,دكيمي,كيميدارو,351,771412,15627081320,20310,20000,20410,100,0.49,20260,-50,-0.25,19310,20900,1400-4-7,2021-06-28
406,فپنتا,سپنتا,350,52943,20591132520,386970,386970,390750,3780,0.98,388930,1960,0.51,378060,392980,1400-4-7,2021-06-28
407,سپ,پرداخت الكترونيك سامان كيش,345,674051,18144859650,27370,26470,27010,-360,-1.32,27220,-150,-0.55,26470,27320,1400-4-7,2021-06-28
408,واميد,گروه مديريت سرمايه گذاري اميد,340,1935430,18985828900,9730,9950,9900,170,1.75,9740,10,0.1,9730,9950,1400-4-7,2021-06-28
409,سخزر,سيمان‌ خزر,338,965200,17918514460,18460,17790,18300,-160,-0.87,18560,100,0.54,17790,18800,1400-4-7,2021-06-28
410,خلنت,لنت‌ ترمزايران‌,337,175831,7840284460,46190,46980,45970,-220,-0.48,45340,-850,-1.84,43910,46980,1400-4-7,2021-06-28
411,بموتو,موتوژن‌,336,437644,24026259650,55030,54720,55030,0,0,54900,-130,-0.24,53600,55530,1400-4-7,2021-06-28
412,تصميم,صندوق س با درآمد ثابت تصميم,335,2448749,40861473230,16679,16689,16686,7,0.04,16687,8,0.05,16685,16690,1400-4-7,2021-06-28
413,غشوكو,شوكو پارس,333,490142,11854834131,24336,23650,24390,54,0.22,24187,-149,-0.61,23650,24986,1400-4-7,2021-06-28
414,پخش,پخش البرز,333,1541867,30458014232,18919,19400,19864,945,4.99,19754,835,4.41,19265,19864,1400-4-7,2021-06-28
415,كپرور,فرآوري زغال سنگ پروده طبس,331,616930,18079768485,28868,30081,29195,327,1.13,29306,438,1.52,28920,30081,1400-4-7,2021-06-28
416,تسه9908,امتياز تسهيلات مسكن آبان99,329,7226,3980872684,557888,556111,552000,-5888,-1.06,550910,-6978,-1.25,529994,570000,1400-4-7,2021-06-28
417,شجم,صنايع پتروشيمي تخت جمشيد,327,2113104,19649854160,9455,9400,9270,-185,-1.96,9328,-127,-1.34,9172,9489,1400-4-7,2021-06-28
418,سقاين,سيمان‌ قائن‌,327,218898,10400282050,48800,48010,47880,-920,-1.89,47920,-880,-1.8,46460,49220,1400-4-7,2021-06-28
419,وحكمت,بيمه حكمت صبا,321,2966047,9185200828,3052,3000,3143,91,2.98,3092,40,1.31,3000,3143,1400-4-7,2021-06-28
420,تايرا,تراكتورسازي‌ايران‌,320,749645,19315884410,25590,25780,25550,-40,-0.16,25690,100,0.39,25090,26100,1400-4-7,2021-06-28
421,شاوان,پالايش نفت لاوان,320,349546,28782559184,83065,81210,82499,-566,-0.68,82513,-552,-0.66,81000,83800,1400-4-7,2021-06-28
422,شاملا,معدني‌ املاح‌  ايران‌,317,1386475,52427989280,36160,37220,37960,1800,4.98,37810,1650,4.56,36900,37960,1400-4-7,2021-06-28
423,وايرا,سرمايه گذاري صنايع ايران,316,1514086,14208113862,9819,9530,9329,-490,-4.99,9384,-435,-4.43,9329,10250,1400-4-7,2021-06-28
424,شگل,گلتاش‌,314,1230861,9361739130,7670,7740,7590,-80,-1.04,7630,-40,-0.52,7560,7740,1400-4-7,2021-06-28
425,دقاضي,داروسازي شهيد قاضي,308,294544,8128319681,27577,28400,26840,-737,-2.67,27593,16,0.06,26790,28400,1400-4-7,2021-06-28
426,وسرضوي,س.سهام عدالت استان خراسان رضوي,304,11905336,11108732774,982,933,933,-49,-4.99,977,-5,-0.51,933,941,1400-4-7,2021-06-28
427,لوتوس,تامين سرمايه لوتوس پارسيان,292,1400842,10727224730,7670,7940,7710,40,0.52,7670,0,0,7500,7940,1400-4-7,2021-06-28
428,شوينده,مديريت صنعت شوينده ت.ص.بهشهر,290,967459,21700664770,22780,22990,22400,-380,-1.67,22430,-350,-1.54,22100,22990,1400-4-7,2021-06-28
429,سكه0012پ01,تمام سكه طرح جديد0012رفاه,288,79800,85361322000,1053679,1069000,1071000,17321,1.64,1069691,16012,1.52,1063500,1077490,1400-4-7,2021-06-28
430,فاهواز,نورد و لوله اهواز,288,2337363,22595288121,9864,9667,9667,-197,-2,9667,-197,-2,9667,9667,1400-4-7,2021-06-28
431,دتماد,توليدمواداوليه‌داروپخش‌,287,573166,23376557110,40540,40000,41340,800,1.97,40780,240,0.59,40000,41490,1400-4-7,2021-06-28
432,ياقوت,صندوق س ياقوت آگاه-ثابت,286,1420862,17845271048,12555,12555,12561,6,0.05,12559,4,0.03,12555,12564,1400-4-7,2021-06-28
433,وگردش,بانك گردشگري,282,818608,11807608315,14476,14520,14500,24,0.17,14469,-7,-0.05,14330,14760,1400-4-7,2021-06-28
434,سبجنو,سيمان‌ بجنورد,282,544651,18174718390,33340,33010,33700,360,1.08,33370,30,0.09,32820,33790,1400-4-7,2021-06-28
435,جم پيلن,پلي پروپيلن جم - جم پيلن,280,440777,32505532550,73480,73450,74000,520,0.71,73630,150,0.2,72800,74570,1400-4-7,2021-06-28
436,آكورد,صندوق س. آرمان آتي كوثر-د,279,3280039,107573532518,32780,32791,32799,19,0.06,32796,16,0.05,32790,32800,1400-4-7,2021-06-28
437,قمرو,قند مرودشت‌,279,685334,17402164500,26580,25400,25260,-1320,-4.97,25390,-1190,-4.48,25260,26490,1400-4-7,2021-06-28
438,تسه9911,امتياز تسهيلات مسكن بهمن99,275,4614,2563799143,556927,530000,540000,-16927,-3.04,555656,-1271,-0.23,530000,570000,1400-4-7,2021-06-28
439,غبهار,كشت وصنعت بهاران گلبهار خراسان,275,488564,10596919508,22258,21700,21591,-667,-3,21690,-568,-2.55,21591,22260,1400-4-7,2021-06-28
440,پلوله,گازلوله‌,274,1496268,35793924572,24630,24700,23892,-738,-3,23922,-708,-2.87,23892,24790,1400-4-7,2021-06-28
441,اطلس,صندوق س.توسعه اندوخته آينده-س,271,73324,15787607493,215401,215000,214337,-1064,-0.49,215313,-88,-0.04,214250,216001,1400-4-7,2021-06-28
442,كگهر,سنگ آهن گهرزمين,268,263314,10461213077,39948,40988,39250,-698,-1.75,39929,-19,-0.05,38890,40988,1400-4-7,2021-06-28
443,فاما,صنعتي‌ آما,263,676447,10606494100,15840,16370,15500,-340,-2.15,15730,-110,-0.69,15210,16370,1400-4-7,2021-06-28
444,شنفت,نفت‌ پارس‌,263,311089,14137322080,46450,45900,45400,-1050,-2.26,46140,-310,-0.67,45000,46390,1400-4-7,2021-06-28
445,فافزا,فولاد افزا سپاهان,262,259664,11174512467,42065,42100,43297,1232,2.93,43035,970,2.31,42000,43326,1400-4-7,2021-06-28
446,سمايه,بانك سرمايه,261,2951279,12082536226,3975,4094,4094,119,2.99,4094,119,2.99,4094,4094,1400-4-7,2021-06-28
447,ولانا,شركت ليزينگ آريا دانا,259,451944,12821264163,27545,28371,28371,826,3,28369,824,2.99,27910,28371,1400-4-7,2021-06-28
448,خبازرس,بازرسي مهندسي و صنعتي ايران,257,730791,17805424623,25052,25690,24330,-722,-2.88,24365,-687,-2.74,24301,25803,1400-4-7,2021-06-28
449,شپاس,نفت پاسارگاد,256,475199,8018227610,17238,16960,16970,-268,-1.55,17058,-180,-1.04,16380,17390,1400-4-7,2021-06-28
450,غپونه,نوش پونه مشهد,255,670944,9710263818,14833,15000,14590,-243,-1.64,14474,-359,-2.42,14389,15000,1400-4-7,2021-06-28
451,فالوم,آلومتك‌,255,567537,12939638356,23406,23500,22704,-702,-3,22800,-606,-2.59,22704,23500,1400-4-7,2021-06-28
452,وسهرمز,شركت س استان هرمزگان,255,12219717,9266106415,797,758,758,-39,-4.89,785,-12,-1.51,758,770,1400-4-7,2021-06-28
453,سيستم,همكاران سيستم,254,456412,11746900080,26080,25800,25980,-100,-0.38,25850,-230,-0.88,24820,26080,1400-4-7,2021-06-28
454,وتوسم,سرمايه‌گذاري‌توسعه‌ملي‌,254,1581152,11720410630,7470,7300,7400,-70,-0.94,7430,-40,-0.54,7300,7490,1400-4-7,2021-06-28
455,گوهر,صندوق سكه طلاي كيان,253,1030772,54650797317,52459,53335,53007,548,1.04,53019,560,1.07,52500,53622,1400-4-7,2021-06-28
456,وتعاون,بيمه  تعاون,251,1305520,6683243371,5225,5072,5069,-156,-2.99,5148,-77,-1.47,5069,5365,1400-4-7,2021-06-28
457,تسه9910,امتياز تسهيلات مسكن دي99,246,4500,2499584114,561636,550000,540001,-21635,-3.85,555463,-6173,-1.1,540000,589717,1400-4-7,2021-06-28
458,سپر,صندوق س سپر سرمايه بيدار- ثابت,245,16677370,202129774894,12115,12120,12120,5,0.04,12120,5,0.04,12119,12122,1400-4-7,2021-06-28
459,وسرمد,بيمه  سرمد,244,1686234,8682824205,5030,5180,5180,150,2.98,5128,98,1.95,5050,5180,1400-4-7,2021-06-28
460,دلقما,دارويي‌ لقمان‌,242,1760908,47650170480,25780,27060,27060,1280,4.97,27060,1280,4.97,27060,27060,1400-4-7,2021-06-28
461,بفجر,فجر انرژي خليج فارس,241,730245,18340035050,25040,25040,25300,260,1.04,25060,20,0.08,24070,25700,1400-4-7,2021-06-28
462,سكرما,سيمان‌ كرمان‌,236,659288,9557776310,14580,15190,14300,-280,-1.92,14530,-50,-0.34,14000,15190,1400-4-7,2021-06-28
463,ضجار7040,اختيارخ وتجارت-2497-1400/07/21,236,7838,3189092000,315,335,411,96,30.48,407,92,29.21,335,450,1400-4-7,2021-06-28
464,شيراز,پتروشيمي‌شيراز,235,811993,45275171560,55560,53800,56000,440,0.79,55650,90,0.16,53800,56480,1400-4-7,2021-06-28
465,حخزر,كشتيراني درياي خزر,235,418094,9138972679,21669,22452,21995,326,1.5,21778,109,0.5,21180,22452,1400-4-7,2021-06-28
466,ولتجار,واسپاري تجارت وسرمايه ايرانيان,234,1076569,6943121563,6448,6261,6446,-2,-0.03,6449,1,0.02,6261,6575,1400-4-7,2021-06-28
467,واعتبار,سرمايه گذاري اعتبار ايران,230,805512,6077957170,7660,7800,7520,-140,-1.83,7610,-50,-0.65,7470,7800,1400-4-7,2021-06-28
468,سجام,مجتمع سيمان غرب آسيا,226,1216672,4425665941,3674,3566,3698,24,0.65,3657,-17,-0.46,3564,3699,1400-4-7,2021-06-28
469,تسه9909,امتياز تسهيلات مسكن آذر99,223,3116,1745326248,558332,544444,584000,25668,4.6,560118,1786,0.32,535000,584999,1400-4-7,2021-06-28
470,فردا,صندوق س آواي فرداي زاگرس-ثابت,222,7472460,81794872044,10941,10947,10947,6,0.05,10946,5,0.05,10946,10948,1400-4-7,2021-06-28
471,كيسون,شركت كيسون,221,2001777,21535116966,11206,10758,10758,-448,-4,10761,-445,-3.97,10758,10758,1400-4-7,2021-06-28
472,سرود,سيمان‌شاهرود,218,830645,16464973440,20010,19520,20000,-10,-0.05,19820,-190,-0.95,19500,20120,1400-4-7,2021-06-28
473,وپخش,داروپخش‌ (هلدينگ‌,218,143769,14570918040,101400,104950,100900,-500,-0.49,101380,-20,-0.02,96940,104950,1400-4-7,2021-06-28
474,وثنو,سرمايه گذاري ساختماني نوين,218,4750225,21099781536,4313,4435,4442,129,2.99,4442,129,2.99,4435,4442,1400-4-7,2021-06-28
475,ريشمك,توليد و صادرات ريشمك,216,556447,25832495528,44214,46424,46424,2210,5,46424,2210,5,46424,46424,1400-4-7,2021-06-28
476,پرداخت,به پرداخت ملت,214,300961,6573306180,22470,22030,22350,-120,-0.53,22310,-160,-0.71,21350,22370,1400-4-7,2021-06-28
477,سكه0012پ04,تمام سكه طرح جديد0012صادرات,213,152500,162859374700,1052376,1061099,1070000,17624,1.67,1067930,15554,1.48,1061099,1071879,1400-4-7,2021-06-28
478,ارمغان,ص سرمايه گذاري ارمغان ايرانيان,211,4802732,48616020147,10121,10123,10122,1,0.01,10123,2,0.02,10121,10134,1400-4-7,2021-06-28
479,ضخود7078,اختيارخ خودرو-3500-1400/07/07,208,10763,291723000,26,27,26,0,0,27,1,3.85,25,29,1400-4-7,2021-06-28
480,خراسان,پتروشيمي خراسان,206,502502,32225555960,63740,64500,64790,1050,1.65,64010,270,0.42,63750,65390,1400-4-7,2021-06-28
481,جوين,كشت و صنعت جوين,203,3683259,14503898339,4049,3931,3928,-121,-2.99,3938,-111,-2.74,3928,4025,1400-4-7,2021-06-28
482,اتكام,شركت بيمه اتكايي امين,201,1163759,5137333787,4392,4281,4439,47,1.07,4400,8,0.18,4281,4478,1400-4-7,2021-06-28
483,قشرين,قند شيرين خراسان,201,5116706,67719510517,12850,13235,13235,385,3,13235,385,3,13232,13235,1400-4-7,2021-06-28
484,كيان2,صندوق س. با درآمد ثابت كيان,200,20000000,20000000,29084,1,1,-29083,-100,1,-29083,-100,1,1,1400-4-7,2021-06-28
485,تماوندح,ح . تامين سرمايه دماوند,195,4044173,12819945359,3267,3171,3169,-98,-3,3170,-97,-2.97,3169,3190,1400-4-7,2021-06-28
486,خديزل,بهمن  ديزل,191,947421,45488474279,46711,44376,48010,1299,2.78,48013,1302,2.79,44376,49000,1400-4-7,2021-06-28
487,فيروزه,صندوق شاخص30 شركت فيروزه- سهام,190,172443,24664332980,142480,144500,142500,20,0.01,143030,550,0.39,142480,144500,1400-4-7,2021-06-28
488,مداران,داده‌پردازي‌ايران‌,190,422118,7149088360,17510,17480,17000,-510,-2.91,17220,-290,-1.66,16640,17490,1400-4-7,2021-06-28
489,پخشح,ح. پخش البرز,186,395864,6595636003,16067,16864,16870,803,5,16661,594,3.7,16271,16870,1400-4-7,2021-06-28
490,دالبر,البرزدارو,186,502913,6227203390,12430,12450,12310,-120,-0.97,12410,-20,-0.16,11880,12680,1400-4-7,2021-06-28
491,نهال,صندوق س. طلاي سرخ نوويرا,186,535462,4871749241,8787,8668,9091,304,3.46,9098,311,3.54,8668,9350,1400-4-7,2021-06-28
492,واحيا,م .صنايع و معادن احياء سپاهان,186,836658,130778388730,151759,156300,156311,4552,3,156310,4551,3,156300,156311,1400-4-7,2021-06-28
493,وآفري,بيمه كارآفرين,184,3625854,10623356019,3015,2926,2925,-90,-2.99,2934,-81,-2.69,2925,3069,1400-4-7,2021-06-28
494,سباقر,سيمان باقران,182,734344,10925779924,15157,15000,14999,-158,-1.04,14878,-279,-1.84,14800,15194,1400-4-7,2021-06-28
495,آساميد,صندوق س.مشترك آسمان اميد -د,180,7465320,91482975116,12248,12253,12252,4,0.03,12254,6,0.05,12252,12256,1400-4-7,2021-06-28
496,چافست,افست‌,176,401321,5578361900,15440,13900,13900,-1540,-9.97,14800,-640,-4.15,13900,13900,1400-4-7,2021-06-28
497,پسهند,صنايع‌ لاستيكي‌  سهند,174,205421,6259007690,30410,30990,30850,440,1.45,30430,20,0.07,29010,30990,1400-4-7,2021-06-28
498,عيار,صندوق سكه طلاي مفيد,173,162592,4408671264,26740,27280,27120,380,1.42,27115,375,1.4,27000,27300,1400-4-7,2021-06-28
499,بخاور,بيمه زندگي خاورميانه,171,858130,4792132225,5656,5511,5560,-96,-1.7,5633,-23,-0.41,5511,5680,1400-4-7,2021-06-28
500,آساس,صندوق س.آسمان آرماني سهام-س,171,42021,6698807870,160652,159100,159700,-952,-0.59,159416,-1236,-0.77,159000,160890,1400-4-7,2021-06-28
501,شساخت,مهندسي و ساختمان صنايع نفت,170,839154,33195785450,39601,38620,39398,-203,-0.51,39566,-35,-0.09,38532,40000,1400-4-7,2021-06-28
502,ضشنا8004,اختيارخ شپنا-10800-1400/08/16,168,1978,4273170000,2044,1930,2199,155,7.58,2160,116,5.68,1920,2350,1400-4-7,2021-06-28
503,پارسيان,بيمه پارسيان,165,672981,5615533900,8390,8200,8300,-90,-1.07,8370,-20,-0.24,8170,8510,1400-4-7,2021-06-28
504,بمپنا,توليد برق عسلويه  مپنا,165,50208,3193998663,62723,63600,62310,-413,-0.66,62877,154,0.25,62200,64890,1400-4-7,2021-06-28
505,دبالك,مواد اوليه دارويي البرز بالك,163,1105365,18019660230,15526,16302,16302,776,5,16302,776,5,16302,16302,1400-4-7,2021-06-28
506,مارون,پتروشيمي مارون,163,39154,5660515200,143719,145000,144300,581,0.4,143767,48,0.03,143730,147971,1400-4-7,2021-06-28
507,ساينا,صنايع بهداشتي ساينا,160,38156,4890538307,134827,128089,128086,-6741,-5,132452,-2375,-1.76,128086,130000,1400-4-7,2021-06-28
508,دفرا,فرآورده‌هاي‌ تزريقي‌ ايران‌,153,155342,3664395400,23260,23870,23920,660,2.84,23340,80,0.34,22310,24420,1400-4-7,2021-06-28
509,زمگسا,كشاورزي‌ ودامپروي‌ مگسال‌,147,132863,3810510840,31860,28680,28680,-3180,-9.98,30960,-900,-2.82,28680,28680,1400-4-7,2021-06-28
510,سحرخيز,صندوق س. گروه زعفران سحرخيز,147,289663,2576356570,8883,8806,8916,33,0.37,8894,11,0.12,8750,9090,1400-4-7,2021-06-28
511,شكبير,پتروشيمي اميركبير,147,303565,26343864072,87269,86920,87200,-69,-0.08,87137,-132,-0.15,85304,87500,1400-4-7,2021-06-28
512,وبازار,صندوق س شاخصي بازارآشنا,144,1399866,14210865570,10170,10170,10170,0,0,10150,-20,-0.2,10100,10240,1400-4-7,2021-06-28
513,سيناد,صندوق س.سپهرسودمند سينا-د,144,11339971,113399710000,10000,10000,10000,0,0,10000,0,0,10000,10000,1400-4-7,2021-06-28
514,شراز,پالايش نفت شيراز,144,36218,3594884359,98096,97558,99770,1674,1.71,98198,102,0.1,97555,99993,1400-4-7,2021-06-28
515,خاور,ايران خودرو ديزل,140,2704756,17624190096,6327,6516,6516,189,2.99,6516,189,2.99,6516,6516,1400-4-7,2021-06-28
516,والبر,سرمايه‌ گذاري‌ البرز(هلدينگ‌,140,2742495,24243655800,8420,8840,8840,420,4.99,8760,340,4.04,8840,8840,1400-4-7,2021-06-28
517,تسه9810,امتياز تسهيلات مسكن دي98,139,3017,1659116526,555263,532512,548000,-7263,-1.31,549923,-5340,-0.96,529000,558999,1400-4-7,2021-06-28
518,تسه9902,امتياز تسهيلات مسكن ارديبهشت99,136,1931,1064443223,556208,540000,531500,-24708,-4.44,551239,-4969,-0.89,531000,584000,1400-4-7,2021-06-28
519,غالبر,لبنيات‌ كالبر,135,195420,2966475600,15970,15180,15180,-790,-4.95,15800,-170,-1.06,15180,15180,1400-4-7,2021-06-28
520,تسه9907,امتياز تسهيلات مسكن مهر99,131,1103,608706868,558852,536755,530910,-27942,-5,551865,-6987,-1.25,530910,572000,1400-4-7,2021-06-28
521,سپاس,صندوق س. پاداش سهامداري-ثابت,130,3670104,37166664189,10120,10126,10129,9,0.09,10127,7,0.07,10126,10130,1400-4-7,2021-06-28
522,زگلدشت,كشت و دام گلدشت نمونه اصفهان,124,618302,7130258664,10983,11532,11532,549,5,11211,228,2.08,11532,11532,1400-4-7,2021-06-28
523,هجرت,پخش هجرت,122,942365,20773494060,20995,22044,22044,1049,5,22044,1049,5,22044,22044,1400-4-7,2021-06-28
524,آرمان,بيمه آرمان,122,1771689,12770334312,6999,7208,7208,209,2.99,7208,209,2.99,7208,7208,1400-4-7,2021-06-28
525,تماوند,تامين سرمايه دماوند,121,940482,4349931798,4634,4635,4597,-37,-0.8,4631,-3,-0.06,4597,4720,1400-4-7,2021-06-28
526,كپشير,پشم‌شيشه‌ايران‌,120,417440,13696206400,36450,32810,32810,-3640,-9.99,32810,-3640,-9.99,32810,32810,1400-4-7,2021-06-28
527,زر,صندوق س.پشتوانه سكه طلاي زر,118,66044,3086254152,46269,46732,46711,442,0.96,46730,461,1,46690,46890,1400-4-7,2021-06-28
528,صايند,صندوق س. گنجينه آينده روشن-د,115,896840,8999288000,10032,10035,10034,2,0.02,10034,2,0.02,10010,10068,1400-4-7,2021-06-28
529,سمتاز,سيمان ممتازان كرمان,113,157185,4049528655,25915,25138,25446,-469,-1.81,25855,-60,-0.23,25138,26200,1400-4-7,2021-06-28
530,ضسپا8041,اختيارخ خساپا-1600-1400/08/26,111,2843,1393869000,484,456,500,16,3.31,490,6,1.24,440,527,1400-4-7,2021-06-28
531,فيروزا,صندوق بادرآمد ثابت فيروزه آسيا,109,920543,21681099906,23500,23519,23589,89,0.38,23553,53,0.23,23487,23649,1400-4-7,2021-06-28
532,تسه9904,امتياز تسهيلات مسكن تير99,105,1045,582798875,572498,545818,550000,-22498,-3.93,557702,-14796,-2.58,543874,600000,1400-4-7,2021-06-28
533,تسه9906,امتياز تسهيلات مسكن شهريور99,95,1091,623787199,572439,543818,551158,-21281,-3.72,571757,-682,-0.12,543818,599999,1400-4-7,2021-06-28
534,ضصاد8033,اختيارخ وبصادر-2489-1400/08/12,95,3522,1045672000,261,250,299,38,14.56,297,36,13.79,250,305,1400-4-7,2021-06-28
535,بالبر,كابل‌ البرز,93,52638,2690854560,56800,51120,51120,-5680,-10,55670,-1130,-1.99,51120,51120,1400-4-7,2021-06-28
536,تسه9905,امتياز تسهيلات مسكن مرداد99,88,1405,810907337,575636,546855,550000,-25636,-4.45,577158,1522,0.26,546855,604417,1400-4-7,2021-06-28
537,زرين,صندوق س. سهام زرين كوروش-س,87,269784,2654206065,9814,9700,9800,-14,-0.14,9838,24,0.24,9700,9924,1400-4-7,2021-06-28
538,ضشنا8005,اختيارخ شپنا-12800-1400/08/16,86,1257,1646733000,1135,1140,1300,165,14.54,1310,175,15.42,1020,1449,1400-4-7,2021-06-28
539,تسه9901,امتياز تسهيلات مسكن فروردين99,84,1040,594831799,566730,550529,551011,-15719,-2.77,571954,5224,0.92,541111,595065,1400-4-7,2021-06-28
540,دارا,صندوق س. دارا الگوريتم-د,82,2479596,24776932668,9986,9998,9991,5,0.05,9992,6,0.06,9983,9998,1400-4-7,2021-06-28
541,آتيمس,صندوق س.آرمان آتيه درخشان مس-س,82,19626,3394611260,171652,168000,173340,1688,0.98,172965,1313,0.76,168000,173688,1400-4-7,2021-06-28
542,وسديد,گروه ‌صنعتي‌سديد,82,656024,1808002144,2870,2756,2756,-114,-3.97,2864,-6,-0.21,2756,2756,1400-4-7,2021-06-28
543,گوهر2,صندوق سكه طلاي كيان,80,800000,800000,52459,1,1,-52458,-100,1,-52458,-100,1,1,1400-4-7,2021-06-28
544,ثنوسا,نوسازي‌وساختمان‌تهران‌,80,81658,900687740,11610,11030,11030,-580,-5,11570,-40,-0.34,11030,11030,1400-4-7,2021-06-28
545,وبرق,س.کارکنان صنعت برق زنجان وقزوي,80,237082,16678955782,68302,70351,70351,2049,3,70351,2049,3,70351,70351,1400-4-7,2021-06-28
546,زماهان,مجتمع توليد گوشت مرغ ماهان,78,143200,2302226400,17863,16077,16077,-1786,-10,17558,-305,-1.71,16077,16077,1400-4-7,2021-06-28
547,اخزا910,اسنادخزانه-م10بودجه99-020807,77,143558,90243215730,627541,627950,629000,1459,0.23,628618,1077,0.17,627950,629000,1400-4-7,2021-06-28
548,حفارس,حمل و نقل بين المللي خليج فارس,73,364784,1518231008,4381,4162,4162,-219,-5,4357,-24,-0.55,4162,4162,1400-4-7,2021-06-28
549,زعف0008پ16,زعفران0008نگين بيرجند(پ),73,65092,8193680448,124491,125300,125730,1239,1,125878,1387,1.11,125300,126400,1400-4-7,2021-06-28
550,فراز,صندوق س.سهام فراز داريك-س,72,598668,6419457176,10708,10710,10740,32,0.3,10723,15,0.14,10710,10750,1400-4-7,2021-06-28
551,ثعتما,س. ساختماني اعتماد گستر,71,198124,6897687060,33801,34815,34815,1014,3,34458,657,1.94,34815,34815,1400-4-7,2021-06-28
552,تسه9903,امتياز تسهيلات مسكن خرداد99,70,821,472750822,587688,558304,590000,2312,0.39,575823,-11865,-2.02,558304,615000,1400-4-7,2021-06-28
553,تسه9812,امتياز تسهيلات مسكن اسفند98,67,542,294996091,555282,583046,527600,-27682,-4.99,544273,-11009,-1.98,527518,583046,1400-4-7,2021-06-28
554,فلامي,لاميران‌,66,418765,13279038150,33370,31710,31710,-1660,-4.97,31710,-1660,-4.97,31710,31710,1400-4-7,2021-06-28
555,اخزا908,اسنادخزانه-م8بودجه99-020606,66,193036,125674258717,649794,650000,650101,307,0.05,651040,1246,0.19,650000,653460,1400-4-7,2021-06-28
556,تسه9811,امتياز تسهيلات مسكن بهمن98,66,570,313032821,566383,550000,540666,-25717,-4.54,549180,-17203,-3.04,538670,590000,1400-4-7,2021-06-28
557,گپارس,امور رفاهي كارگزاران پارس,65,168163,23542820000,208534,140000,140000,-68534,-32.86,140000,-68534,-32.86,140000,140000,1400-4-7,2021-06-28
558,تسه9805,امتياز تسهيلات مسكن مرداد98,60,1096,634024496,571854,570000,580050,8196,1.43,578489,6635,1.16,550022,583999,1400-4-7,2021-06-28
559,تسه9808,امتياز تسهيلات مسكن آبان98,60,373,211871607,578081,550000,566113,-11968,-2.07,568020,-10061,-1.74,550000,579000,1400-4-7,2021-06-28
560,ضمخا7071,اختيارخ اخابر-23700-1400/07/28,59,3100,85770000,15,25,34,19,126.67,28,13,86.67,15,35,1400-4-7,2021-06-28
561,ضپاس7029,اختيارخ وپارس-2500-1400/07/28,58,1436,754911000,497,505,515,18,3.62,526,29,5.84,505,589,1400-4-7,2021-06-28
562,تسه9806,امتياز تسهيلات مسكن شهريور98,57,871,507982358,589922,561550,583500,-6422,-1.09,583217,-6705,-1.14,561550,589998,1400-4-7,2021-06-28
563,اخزا902,اسنادخزانه-م2بودجه99-011019,55,192980,142295689671,736555,735155,738300,1745,0.24,737360,805,0.11,735155,738300,1400-4-7,2021-06-28
564,تسه9809,امتياز تسهيلات مسكن آذر98,54,314,179842609,561128,540000,580000,18872,3.36,572747,11619,2.07,540000,580001,1400-4-7,2021-06-28
565,تسه9804,امتياز تسهيلات مسكن تير98,53,785,435351871,557311,554998,542120,-15191,-2.73,554588,-2723,-0.49,532000,569900,1400-4-7,2021-06-28
566,خاتم,صندوق س خاتم ايساتيس پويا-ثابت,53,530209,6002096961,11314,11323,11323,9,0.08,11320,6,0.05,11320,11323,1400-4-7,2021-06-28
567,ثعمرا,عمران و توسعه شاهد,52,647875,7437605000,12084,11480,11480,-604,-5,11767,-317,-2.62,11480,11480,1400-4-7,2021-06-28
568,زعف0008پ09,زعفران0008نگين نوين(پ),52,23331,2984642254,124936,127090,127500,2564,2.05,127926,2990,2.39,126999,128989,1400-4-7,2021-06-28
569,تسه9807,امتياز تسهيلات مسكن مهر98,51,643,374871999,584565,569000,584200,-365,-0.06,583005,-1560,-0.27,569000,592997,1400-4-7,2021-06-28
570,اخزا901,اسنادخزانه-م1بودجه99-010621,51,49839,39227362590,786626,782000,787013,387,0.05,787082,456,0.06,782000,787500,1400-4-7,2021-06-28
571,ضملي7003,اختيارخ فملي-11720-1400/07/11,51,450,773671000,1749,1600,1770,21,1.2,1719,-30,-1.72,1600,1770,1400-4-7,2021-06-28
572,واحصا,احياء صنايع خراسان,51,226044,9380599956,42782,41499,41499,-1283,-3,41499,-1283,-3,41499,41499,1400-4-7,2021-06-28
573,بالاس,مهندسي ساختمان تاسيسات راه آهن,50,53677,1964578200,38526,36600,36600,-1926,-5,38260,-266,-0.69,36600,36600,1400-4-7,2021-06-28
574,فردا2,صندوق س آواي فرداي زاگرس-ثابت,50,5000000,5000000,10941,1,1,-10940,-99.99,1,-10940,-99.99,1,1,1400-4-7,2021-06-28
575,اخزا914,اسنادخزانه-م14بودجه99-021025,49,66397,39926795687,600017,602950,602000,1983,0.33,601334,1317,0.22,600510,603390,1400-4-7,2021-06-28
576,ضشنا8002,اختيارخ شپنا-7800-1400/08/16,49,287,1242349000,4398,4200,4450,52,1.18,4329,-69,-1.57,4100,4500,1400-4-7,2021-06-28
577,اخزا909,اسنادخزانه-م9بودجه99-020316,47,143075,97346918701,679740,679885,682500,2760,0.41,680391,651,0.1,678223,682500,1400-4-7,2021-06-28
578,ثاباد,توريستي ورفاهي آبادگران ايران,45,96682,4677475160,53750,48380,48380,-5370,-9.99,51890,-1860,-3.46,48380,48380,1400-4-7,2021-06-28
579,صنوين,صندوق سرمايه‌گذاري صنوين-مختلط,44,27611,3008474140,110100,109010,109450,-650,-0.59,108960,-1140,-1.04,108700,109990,1400-4-7,2021-06-28
580,غديس,پاكديس,44,581440,7109266880,12870,12227,12227,-643,-5,12548,-322,-2.5,12227,12227,1400-4-7,2021-06-28
581,ضصاد8031,اختيارخ وبصادر-1789-1400/08/12,44,1675,1107284000,574,690,670,96,16.72,661,87,15.16,610,749,1400-4-7,2021-06-28
582,زعف0008پ05,زعفران0008نگين زرين(پ),43,19576,2503559678,126443,128000,126336,-107,-0.08,127889,1446,1.14,126336,128800,1400-4-7,2021-06-28
583,اراد50,مرابحه عام دولت5-ش.خ0302,43,660000,660000080000,1000001,1000000,1000000,-1,0,1000000,-1,0,1000000,1000001,1400-4-7,2021-06-28
584,اخزا903,اسنادخزانه-م3بودجه99-011110,43,80038,58502744380,728453,728000,732000,3547,0.49,730937,2484,0.34,728000,732001,1400-4-7,2021-06-28
585,سكه0112پ03,تمام سكه طرح جديد0112سامان,43,10400,11105602300,1052144,1062009,1072000,19856,1.89,1067846,15702,1.49,1062009,1072000,1400-4-7,2021-06-28
586,قيستو,شركت قند بيستون,41,289808,4378234311,15415,15107,15107,-308,-2,15139,-276,-1.79,15107,15420,1400-4-7,2021-06-28
587,شصفها,پتروشيمي‌ اصفهان‌,41,185922,23491058778,121490,126349,126349,4859,4,126349,4859,4,126349,126349,1400-4-7,2021-06-28
588,بذر,صندوق س بذر اميد آفرين-سهام,40,40766,3761768230,92700,91570,92620,-80,-0.09,92280,-420,-0.45,91570,94430,1400-4-7,2021-06-28
589,سخند,صندوق س.سپهرخبرگان نفت-د,40,1648190,16491754490,10018,10029,10000,-18,-0.18,10006,-12,-0.12,10000,10070,1400-4-7,2021-06-28
590,فنورد,نوردوقطعات‌ فولادي‌,40,107450,17388633500,154130,161830,161830,7700,5,161830,7700,5,161830,161830,1400-4-7,2021-06-28
591,وزمين,بانك ايران زمين,38,1636439,18531035236,11555,11324,11324,-231,-2,11324,-231,-2,11324,11324,1400-4-7,2021-06-28
592,افق ملت,صندوق س در سهام افق ملت,38,11652,1509184720,129040,129550,129510,470,0.36,129520,480,0.37,129500,130000,1400-4-7,2021-06-28
593,ضپاس7030,اختيارخ وپارس-3000-1400/07/28,38,1427,475664000,265,220,329,64,24.15,333,68,25.66,220,380,1400-4-7,2021-06-28
594,دمعيار,صندوق س. توازن معيار-د,36,873732,8768699575,10031,10040,10040,9,0.09,10036,5,0.05,10035,10040,1400-4-7,2021-06-28
595,زقيام,كشت و دام قيام اصفهان,35,54999,1346100525,25763,24475,24475,-1288,-5,25640,-123,-0.48,24475,24475,1400-4-7,2021-06-28
596,اخزا911,اسنادخزانه-م11بودجه99-020906,34,134069,82922215055,616946,618000,619500,2554,0.41,618504,1558,0.25,618000,619500,1400-4-7,2021-06-28
597,تپكو,توليدتجهيزات‌سنگين‌هپكو,34,197289,1021957020,5395,5180,5180,-215,-3.99,5390,-5,-0.09,5180,5180,1400-4-7,2021-06-28
598,سكه0011پ02,تمام سكه طرح جديد0011ملت,33,5900,6309029000,1054763,1062002,1070978,16215,1.54,1069327,14564,1.38,1062002,1074000,1400-4-7,2021-06-28
599,غمهرا,توليدي‌مهرام‌,33,14675,1590036250,120380,108350,108350,-12030,-9.99,118960,-1420,-1.18,108350,108350,1400-4-7,2021-06-28
600,سنوين,سرمايه گذاري اقتصاد نوين,33,125845,1065668671,8725,8550,8464,-261,-2.99,8696,-29,-0.33,8464,8550,1400-4-7,2021-06-28
601,وگستر,گسترش سرمايه گذاري ايرانيان,33,143554,2441997094,17906,17011,17011,-895,-5,17752,-154,-0.86,17011,17011,1400-4-7,2021-06-28
602,وآذر,سرمايه‌گذاري‌توسعه‌آذربايجان‌,32,11486,830093220,76070,72270,72270,-3800,-5,75850,-220,-0.29,72270,72270,1400-4-7,2021-06-28
603,حپارسا,توسعه حمل و نقل ريلي پارسيان,32,38959,1236402824,33406,31736,31736,-1670,-5,33257,-149,-0.45,31736,31736,1400-4-7,2021-06-28
604,زعف0008پ11,زعفران0008نگين سحرخيز(پ),30,80997,10544926740,129411,131990,129500,89,0.07,130189,778,0.6,129500,133241,1400-4-7,2021-06-28
605,اخزا806,اسنادخزانه-م6بودجه98-000519,30,52929,51734001486,976020,976020,977500,1480,0.15,977423,1403,0.14,976020,977500,1400-4-7,2021-06-28
606,ضفلا7004,اختيارخ فولاد-9586-1400/07/25,30,217,528137606,1498,1570,1800,302,20.16,1736,238,15.89,1570,1870,1400-4-7,2021-06-28
607,ضصاد8030,اختيارخ وبصادر-1589-1400/08/12,29,751,631035000,765,798,850,85,11.11,840,75,9.8,798,950,1400-4-7,2021-06-28
608,هنوري102,اختيارف ت نوري59561-01/02/15,29,300000,300000,1,1,1,0,0,1,0,0,1,1,1400-4-7,2021-06-28
609,زعف0008پ10,زعفران0008نگين طلاي سرخ(پ),29,23591,3126494400,130075,132100,133241,3166,2.43,132529,2454,1.89,131500,133241,1400-4-7,2021-06-28
610,ضپال2007,اختيارخ اپال-32000-1401/02/12,28,1147,364448000,316,262,350,34,10.76,318,2,0.63,262,350,1400-4-7,2021-06-28
611,ثترانح,ح سرمايه گذاري مسكن تهران,28,794858,1348101374,1770,1750,1682,-88,-4.97,1696,-74,-4.18,1682,1750,1400-4-7,2021-06-28
612,ثروتم,صندوق س. ثروت آفرين پارسيان-س,28,29390,2320559800,78152,79523,79300,1148,1.47,78957,805,1.03,78629,79523,1400-4-7,2021-06-28
613,بشهاب,لامپ‌  پارس‌ شهاب‌,27,10602,1400630220,146780,132110,132110,-14670,-9.99,145260,-1520,-1.04,132110,132110,1400-4-7,2021-06-28
614,ضجار7038,اختيارخ وتجارت-1797-1400/07/21,25,712,651965000,795,880,900,105,13.21,916,121,15.22,850,1050,1400-4-7,2021-06-28
615,اخزا904,اسنادخزانه-م4بودجه99-011215,25,160835,115272296475,714450,715001,715000,550,0.08,716711,2261,0.32,715000,719990,1400-4-7,2021-06-28
616,ضخود7072,اختيارخ خودرو-1400-1400/07/07,24,121,102280000,842,919,823,-19,-2.26,845,3,0.36,823,922,1400-4-7,2021-06-28
617,ضملت8044,اختيارخ وبملت-4934-1400/08/19,24,279,90700000,277,300,350,73,26.35,325,48,17.33,300,350,1400-4-7,2021-06-28
618,شلعاب,لعابيران‌,22,29436,344989920,12330,11720,11720,-610,-4.95,12320,-10,-0.08,11720,11720,1400-4-7,2021-06-28
619,ثهام,صندوق س ثروت هامرز-سهام,22,26463,264750371,10052,10100,10005,-47,-0.47,10005,-47,-0.47,10001,10100,1400-4-7,2021-06-28
620,ضملت8042,اختيارخ وبملت-3934-1400/08/19,22,545,469094000,740,849,900,160,21.62,861,121,16.35,705,900,1400-4-7,2021-06-28
621,ضشنا8003,اختيارخ شپنا-8800-1400/08/16,22,139,489595000,3491,3680,3400,-91,-2.61,3522,31,0.89,3345,3750,1400-4-7,2021-06-28
622,ضسپا8040,اختيارخ خساپا-1400-1400/08/26,22,679,450234000,602,645,650,48,7.97,663,61,10.13,630,719,1400-4-7,2021-06-28
623,وجامي,سرمايه گذاري جامي,22,91941,1267866390,14216,13790,13790,-426,-3,14158,-58,-0.41,13790,13790,1400-4-7,2021-06-28
624,گنجين,صندوق س. گنجينه يكم آويد-د,21,148387,1947094392,13116,13130,13130,14,0.11,13122,6,0.05,13118,13130,1400-4-7,2021-06-28
625,ضجار7039,اختيارخ وتجارت-1997-1400/07/21,20,309,240147000,675,697,780,105,15.56,777,102,15.11,697,818,1400-4-7,2021-06-28
626,الماس,صندوق س.امين تدبيرگران فردا-س,20,2020,207304986,103491,102001,102899,-592,-0.57,102626,-865,-0.84,102001,103000,1400-4-7,2021-06-28
627,دارا2,صندوق س. دارا الگوريتم-د,20,2000000,2000000,9986,1,1,-9985,-99.99,1,-9985,-99.99,1,1,1400-4-7,2021-06-28
628,ضملي7002,اختيارخ فملي-9720-1400/07/11,19,67,198738000,2991,2800,2980,-11,-0.37,2966,-25,-0.84,2702,3092,1400-4-7,2021-06-28
629,شرنگي,شيميايي رنگين,19,21300,4846836300,234588,227551,227551,-7037,-3,231044,-3544,-1.51,227551,227551,1400-4-7,2021-06-28
630,ضسپا8043,اختيارخ خساپا-2000-1400/08/26,19,483,147874000,280,299,310,30,10.71,306,26,9.29,286,339,1400-4-7,2021-06-28
631,اوصتا,صندوق انديشه ورزان صباتامين -د,19,77812,1482545465,19050,19052,19052,2,0.01,19053,3,0.02,19052,19057,1400-4-7,2021-06-28
632,فبيرا,بسته‌ بندي‌ ايران‌,18,178920,523877760,3082,2928,2928,-154,-5,3074,-8,-0.26,2928,2928,1400-4-7,2021-06-28
633,قنيشا,قند  نيشابور,18,14440,757233600,55190,52440,52440,-2750,-4.98,55040,-150,-0.27,52440,52440,1400-4-7,2021-06-28
634,هكوير109,اختيارف ت كوير-8194-01/09/20,18,130701,79204806,120,606,606,486,405,606,486,405,606,606,1400-4-7,2021-06-28
635,اخزا821,اسنادخزانه-م21بودجه98-020906,18,37299,23098313400,621221,619000,620000,-1221,-0.2,619274,-1947,-0.31,619000,620000,1400-4-7,2021-06-28
636,ضپنا8001,اختيارخ رمپنا-11850-1400/08/05,17,100,318950000,3304,3000,3300,-4,-0.12,3189,-115,-3.48,3000,3300,1400-4-7,2021-06-28
637,هاميد104,اختيارف ت ثاميد-2050-01/04/20,17,249032,9961280,1,40,40,39,3900,40,39,3900,40,40,1400-4-7,2021-06-28
638,وسقم,شركت س استان قم,16,217048,275433912,1410,1269,1269,-141,-10,1409,-1,-0.07,1269,1269,1400-4-7,2021-06-28
639,ضملت8041,اختيارخ وبملت-3434-1400/08/19,16,382,483528000,1000,1120,1299,299,29.9,1266,266,26.6,1120,1300,1400-4-7,2021-06-28
640,اخزا820,اسنادخزانه-م20بودجه98-020806,16,78820,49669148776,628996,628501,630197,1201,0.19,630159,1163,0.18,628501,632000,1400-4-7,2021-06-28
641,اخزا809,اسنادخزانه-م9بودجه98-000923,15,3208,2923073380,911612,911850,911000,-612,-0.07,911182,-430,-0.05,906200,912993,1400-4-7,2021-06-28
642,آسام,صندوق س.آرمان سپهر آشنا-م,15,17640,1890429740,107589,106964,107608,19,0.02,107167,-422,-0.39,106834,107997,1400-4-7,2021-06-28
643,ضخود7073,اختيارخ خودرو-1600-1400/07/07,15,405,265347000,645,655,650,5,0.78,655,10,1.55,631,698,1400-4-7,2021-06-28
644,نطرين,عطرين نخ قم,15,21177,228182175,11342,10775,10775,-567,-5,11333,-9,-0.08,10775,10775,1400-4-7,2021-06-28
645,خكار,ايركا پارت صنعت,15,58084,1103596000,20000,19000,19000,-1000,-5,19920,-80,-0.4,19000,19000,1400-4-7,2021-06-28
646,زعف0008پ08,زعفران0008نگين روستا(پ),14,8685,1110845500,126631,127490,127999,1368,1.08,127904,1273,1.01,127490,128490,1400-4-7,2021-06-28
647,اخزا817,اسنادخزانه-م17بودجه98-010512,14,14426,11605213078,803861,803022,804271,410,0.05,804465,604,0.08,803022,804500,1400-4-7,2021-06-28
648,داريك,صندوق س.اعتماد داريك-د,14,46713,500854168,10717,10719,10728,11,0.1,10722,5,0.05,10718,10728,1400-4-7,2021-06-28
649,اخزا815,اسنادخزانه-م15بودجه98-010406,14,56838,46648607010,820125,822000,820700,575,0.07,820729,604,0.07,820700,822000,1400-4-7,2021-06-28
650,وپسا,س. پتروشيمي ساختمان  خليج فارس,14,77251,148090167,1956,1917,1917,-39,-1.99,1955,-1,-0.05,1917,1917,1400-4-7,2021-06-28
651,زفكا,كشت و دامداري فكا,14,24463,262610305,11300,10735,10735,-565,-5,11290,-10,-0.09,10735,10735,1400-4-7,2021-06-28
652,اخزا812,اسنادخزانه-م12بودجه98-001111,13,40779,36382615989,890947,890944,892900,1953,0.22,892190,1243,0.14,889000,892900,1400-4-7,2021-06-28
653,ضصاد8036,اختيارخ وبصادر-3989-1400/08/12,13,601,25543000,30,35,40,10,33.33,43,13,43.33,35,90,1400-4-7,2021-06-28
654,كساوه,صنايع‌ كاشي‌ و سراميك‌ سينا,13,7089,427395810,63460,60290,60290,-3170,-5,63360,-100,-0.16,60290,60290,1400-4-7,2021-06-28
655,ضمخا7075,اختيارخ اخابر-8700-1400/07/28,13,175,186927000,866,999,1201,335,38.68,1068,202,23.33,999,1400,1400-4-7,2021-06-28
656,پارتا,مجتمع‌صنعتي‌آرتاويل‌تاير,13,37337,1188884754,32826,31842,31842,-984,-3,32784,-42,-0.13,31842,31842,1400-4-7,2021-06-28
657,ضملي7004,اختيارخ فملي-13720-1400/07/11,13,57,54164000,1006,835,1000,-6,-0.6,950,-56,-5.57,820,1000,1400-4-7,2021-06-28
658,بسويچ,پارس‌سويچ‌,12,7266,185355660,26850,25510,25510,-1340,-4.99,26840,-10,-0.04,25510,25510,1400-4-7,2021-06-28
659,معيار ,سرمايه گذاري معيار صنعت پارس,12,53475,2165149275,41741,40489,40489,-1252,-3,41449,-292,-0.7,40489,40489,1400-4-7,2021-06-28
660,فكمند,گسترش قطعه سازي كمند,12,311900,4662905000,14515,14950,14950,435,3,14950,435,3,14950,14950,1400-4-7,2021-06-28
661,اخزا814,اسنادخزانه-م14بودجه98-010318,12,102106,84657103188,828621,827802,829114,493,0.06,829110,489,0.06,827802,829114,1400-4-7,2021-06-28
662,تملي804,تسهيلات مسكن ب. ملي-تير98,12,349,275939554,775756,814543,814541,38785,5,790658,14902,1.92,736969,814543,1400-4-7,2021-06-28
663,ساربيل,سيمان آرتا اردبيل,12,3137,151391620,50800,48260,48260,-2540,-5,50770,-30,-0.06,48260,48260,1400-4-7,2021-06-28
664,ضجار7041,اختيارخ وتجارت-2997-1400/07/21,12,497,83376000,146,163,195,49,33.56,168,22,15.07,163,195,1400-4-7,2021-06-28
665,شستان,پتروشيمي گلستان,12,256529,848597932,3375,3308,3308,-67,-1.99,3363,-12,-0.36,3308,3308,1400-4-7,2021-06-28
666,ضپيك7042,اختيارخ تاپيكو-8070-00/07/18,12,106,381844000,3092,3850,3010,-82,-2.65,3602,510,16.49,3000,4200,1400-4-7,2021-06-28
667,همبين102,اختيارف ت مبين17952-01/02/10,12,141140,141140,1,1,1,0,0,1,0,0,1,1,1400-4-7,2021-06-28
668,خپويش,سازه‌ پويش‌,11,21668,1168555240,56760,53930,53930,-2830,-4.99,56520,-240,-0.42,53930,53930,1400-4-7,2021-06-28
669,غاذر,كشت‌وصنعت‌پياذر,11,7201,367755070,53750,51070,51070,-2680,-4.99,53680,-70,-0.13,51070,51070,1400-4-7,2021-06-28
670,دروز,داروسازي‌ روزدارو,11,26217,796210290,31960,30370,30370,-1590,-4.97,31870,-90,-0.28,30370,30370,1400-4-7,2021-06-28
671,زعف0008پ18,زعفران0008نگين بهرامن(پ),11,7192,942960000,129656,132000,130000,344,0.27,131112,1456,1.12,130000,132000,1400-4-7,2021-06-28
672,خزر,فنرسازي‌زر,11,7498,270302900,37940,36050,36050,-1890,-4.98,37900,-40,-0.11,36050,36050,1400-4-7,2021-06-28
673,تكنار,مجتمع معادن مس تكنار,11,1467,162549468,116635,110804,110804,-5831,-5,116535,-100,-0.09,110804,110804,1400-4-7,2021-06-28
674,ثپرديس,سرمايه گذاري مسكن پرديس,10,48929,453278256,9751,9264,9264,-487,-4.99,9735,-16,-0.16,9264,9264,1400-4-7,2021-06-28
675,آكورد2,صندوق س. آرمان آتي كوثر-د,10,1000000,1000000,32780,1,1,-32779,-100,1,-32779,-100,1,1,1400-4-7,2021-06-28
676,ضملت8043,اختيارخ وبملت-4434-1400/08/19,10,136,73164000,410,499,598,188,45.85,538,128,31.22,499,599,1400-4-7,2021-06-28
677,هفجر102,اختيارف ت بفجر8626-01/02/11,10,750000,750000,1,1,1,0,0,1,0,0,1,1,1400-4-7,2021-06-28
678,اخزا816,اسنادخزانه-م16بودجه98-010503,10,10546,8525356176,808003,806820,808413,410,0.05,808397,394,0.05,806820,808500,1400-4-7,2021-06-28
679,ضمخا7077,اختيارخ اخابر-6700-1400/07/28,10,76,214370000,2600,2600,2990,390,15,2821,221,8.5,2600,2990,1400-4-7,2021-06-28
680,هشستا103,اختيارف ت شستا-10338-01/03/08,10,47162,47162,1,1,1,0,0,1,0,0,1,1,1400-4-7,2021-06-28
681,غويتاح,ح . ويتانا,9,17147,142019118,8709,8500,8274,-435,-4.99,8282,-427,-4.9,8274,8500,1400-4-7,2021-06-28
682,پست0008پ08,پسته فندقي32-30مه ولات0008(پ),9,69,122270973,1731762,1676000,1779900,48138,2.78,1772043,40281,2.33,1676000,1780000,1400-4-7,2021-06-28
683,اخزا905,اسنادخزانه-م5بودجه99-020218,9,50519,34912839735,692758,691050,691555,-1203,-0.17,691083,-1675,-0.24,691050,693500,1400-4-7,2021-06-28
684,خفولا,خدمات فني فولاد يزد,9,24123,962025240,41113,39880,39880,-1233,-3,40989,-124,-0.3,39880,39880,1400-4-7,2021-06-28
685,فجام,جام‌دارو,9,10150,89624500,9290,8830,8830,-460,-4.95,9290,0,0,8830,8830,1400-4-7,2021-06-28
686,ضشنا8001,اختيارخ شپنا-6800-1400/08/16,9,34,177218000,5000,5270,5100,100,2,5212,212,4.24,5009,5495,1400-4-7,2021-06-28
687,هپارس102,اختيارف ت پارس-157010-01/02/05,9,44908,44908,1,1,1,0,0,1,0,0,1,1,1400-4-7,2021-06-28
688,ددام,داروسازي زاگرس فارمد پارس,9,5239,75022480,15070,14320,14320,-750,-4.98,15070,0,0,14320,14320,1400-4-7,2021-06-28
689,ثامان,سامان‌ گستراصفهان‌,9,6351,132926430,22030,20930,20930,-1100,-4.99,22020,-10,-0.05,20930,20930,1400-4-7,2021-06-28
690,لخزر,پارس‌ خزر,9,549,91265760,174980,166240,166240,-8740,-4.99,174920,-60,-0.03,166240,166240,1400-4-7,2021-06-28
691,ضپال2006,اختيارخ اپال-28000-1401/02/12,9,105,135000000,940,1000,1450,510,54.26,1286,346,36.81,1000,1450,1400-4-7,2021-06-28
692,كمرجان,بازرگاني و توليدي مرجان كار,9,13354,1840808838,145102,137847,137847,-7255,-5,144164,-938,-0.65,137847,137847,1400-4-7,2021-06-28
693,ضسپا8042,اختيارخ خساپا-1800-1400/08/26,8,220,89018000,362,439,400,38,10.5,405,43,11.88,399,439,1400-4-7,2021-06-28
694,كفرآور,فرآورده هاي سيمان شرق,8,52674,1193856210,23365,22665,22665,-700,-3,23279,-86,-0.37,22665,22665,1400-4-7,2021-06-28
695,زعف0008پ20,زعفران0008نگين وحدت جام(پ),8,7578,951020520,125114,125202,125500,386,0.31,125498,384,0.31,125202,125520,1400-4-7,2021-06-28
696,شزنگ,تجهيزنيروي‌زنگان‌,8,1071,160535403,154528,149893,149893,-4635,-3,154450,-78,-0.05,149893,149893,1400-4-7,2021-06-28
697,اخزا810,اسنادخزانه-م10بودجه98-001006,8,4273,3881469389,905500,905000,908500,3000,0.33,908371,2871,0.32,905000,908999,1400-4-7,2021-06-28
698,ضمخا7066,اختيارخ اخابر-11700-1400/07/28,8,61,39763000,102,800,500,398,390.2,652,550,539.22,500,800,1400-4-7,2021-06-28
699,اخزا804,اسنادخزانه-م4بودجه98-000421,8,1993,1978052500,991000,992500,992500,1500,0.15,992500,1500,0.15,992500,992500,1400-4-7,2021-06-28
700,سنير,سيمان‌ سفيد ني‌ريز,8,620,127292200,216110,205310,205310,-10800,-5,216010,-100,-0.05,205310,205310,1400-4-7,2021-06-28
701,اخزا807,اسنادخزانه-م7بودجه98-000719,8,9207,8699629858,944699,945000,946000,1301,0.14,944893,194,0.02,942000,946000,1400-4-7,2021-06-28
702,وحافظ,بيمه حافظ,8,39697,2305839942,60506,58086,58086,-2420,-4,59332,-1174,-1.94,58086,58086,1400-4-7,2021-06-28
703,تملي706,تسهيلات مسكن ب. ملي-شهريور97,8,119,83096153,665036,698287,698287,33251,5,698287,33251,5,698287,698287,1400-4-7,2021-06-28
704,وملت,سرمايه گذاري ملت,8,12640,53315520,4304,4218,4218,-86,-2,4303,-1,-0.02,4218,4218,1400-4-7,2021-06-28
705,ثشرق,سرمايه گذاري مسكن شمال شرق,7,24101,144606000,6310,6000,6000,-310,-4.91,6310,0,0,6000,6000,1400-4-7,2021-06-28
706,جهرمح,ح.پتروشيمي جهرم,7,213630,107551140,508,538,478,-30,-5.91,503,-5,-0.98,478,538,1400-4-7,2021-06-28
707,ثجوان,تامين مسكن جوانان,7,131167,1312588169,10533,10007,10007,-526,-4.99,10465,-68,-0.65,10007,10007,1400-4-7,2021-06-28
708,زير0103پ01,زيره سبز0103كيميابذر(پ),7,308,223167300,723891,750000,723891,0,0,724569,678,0.09,723891,750000,1400-4-7,2021-06-28
709,سفاسي,شركت فارسيت اهواز,7,15282,125969526,8497,8243,8243,-254,-2.99,8494,-3,-0.04,8243,8243,1400-4-7,2021-06-28
710,اخزا721,اسنادخزانه-م21بودجه97-000728,6,882,829255276,938823,939000,939007,184,0.02,940199,1376,0.15,939000,943989,1400-4-7,2021-06-28
711,سفار,سيمان‌فارس‌,6,1673,212270240,133550,126880,126880,-6670,-4.99,133450,-100,-0.07,126880,126880,1400-4-7,2021-06-28
712,اخزا723,اسنادخزانه-م23بودجه97-000824,6,343,317147501,926630,924502,925001,-1629,-0.18,924628,-2002,-0.22,924500,930000,1400-4-7,2021-06-28
713,لپيام,گسترش صنايع پيام,6,2690,141015180,54043,52422,52422,-1621,-3,54019,-24,-0.04,52422,52422,1400-4-7,2021-06-28
714,تملي612,تسهيلات مسكن بانك ملي-اسفند96,6,48,40392572,803941,844000,844138,40197,5,841512,37571,4.67,763744,844138,1400-4-7,2021-06-28
715,غدام,خوراك‌  دام‌ پارس‌,6,283,105346750,391840,372250,372250,-19590,-5,391690,-150,-0.04,372250,372250,1400-4-7,2021-06-28
716,سفارود,كارخانه فارسيت درود,6,2916,49283316,17605,16901,16901,-704,-4,17598,-7,-0.04,16901,16901,1400-4-7,2021-06-28
717,فسديد,لوله‌وتجهيزات‌ سديد - ورشكسته,6,4535,487825415,109764,107569,107569,-2195,-2,109510,-254,-0.23,107569,107569,1400-4-7,2021-06-28
718,اخزا813,اسنادخزانه-م13بودجه98-010219,6,3657,3081086657,842071,842501,843001,930,0.11,842518,447,0.05,842501,843001,1400-4-7,2021-06-28
719,لخانه,لوازم‌ خانگي‌ پارس‌,6,1763,41742551,24409,23677,23677,-732,-3,24406,-3,-0.01,23677,23677,1400-4-7,2021-06-28
720,جهرم,پتروشيمي جهرم,6,59300,101165800,1758,1706,1706,-52,-2.96,1757,-1,-0.06,1706,1706,1400-4-7,2021-06-28
721,اخزا907,اسنادخزانه-م7بودجه99-020704,6,23736,15191189350,639128,640000,642327,3199,0.5,640006,878,0.14,640000,642327,1400-4-7,2021-06-28
722,ضسپا8039,اختيارخ خساپا-1200-1400/08/26,6,48,39740000,743,950,730,-13,-1.75,828,85,11.44,730,950,1400-4-7,2021-06-28
723,ضچاد7032,اختيارخ كچاد-15870-1400/07/04,5,32,327910000,6900,10180,10190,3290,47.68,10247,3347,48.51,10180,10300,1400-4-7,2021-06-28
724,ساذري,آذريت‌,5,2940,20191920,6668,6868,6868,200,3,6668,0,0,6868,6868,1400-4-7,2021-06-28
725,سپيدما2,صندوق س. سپيد دماوند-د,5,44000000,44000000,10575,1,1,-10574,-99.99,1,-10574,-99.99,1,1,1400-4-7,2021-06-28
726,اخزا811,اسنادخزانه-م11بودجه98-001013,5,2954,2667462000,902000,903000,903000,1000,0.11,903000,1000,0.11,903000,903000,1400-4-7,2021-06-28
727,ضترا8061,اختيارخ شتران-5205-1400/08/09,5,500,1000000,1,2,2,1,100,2,1,100,2,2,1400-4-7,2021-06-28
728,ولصنم,ليزينگ‌صنعت‌ومعدن‌,5,6243,62867010,10590,10070,10070,-520,-4.91,10590,0,0,10070,10070,1400-4-7,2021-06-28
729,ثالوند,سرمايه گذاري مسكن الوند,5,1700,50840200,31480,29906,29906,-1574,-5,31474,-6,-0.02,29906,29906,1400-4-7,2021-06-28
730,مفاخر,توسعه فناوري اطلاعات خوارزمي,5,3113,130929667,44272,42059,42059,-2213,-5,44252,-20,-0.05,42059,42059,1400-4-7,2021-06-28
731,تملي712,تسهيلات مسكن ب. ملي-اسفند97,5,53,41033441,737349,774215,774216,36867,5,774216,36867,5,774215,774216,1400-4-7,2021-06-28
732,كابگن,توليدي و صنعتي آبگينه‌,5,97133,516164762,5262,5314,5314,52,0.99,5273,11,0.21,5314,5314,1400-4-7,2021-06-28
733,ضصاد8035,اختيارخ وبصادر-3489-1400/08/12,5,300,21500000,55,60,80,25,45.45,72,17,30.91,60,80,1400-4-7,2021-06-28
734,اخزا808,اسنادخزانه-م8بودجه98-000817,5,1385,1286065938,929827,926000,930050,223,0.02,928567,-1260,-0.14,926000,931998,1400-4-7,2021-06-28
735,حآسا,آسيا سير ارس,5,9541,348542271,38453,36531,36531,-1922,-5,38406,-47,-0.12,36531,36531,1400-4-7,2021-06-28
736,ثزاگرس,سرمايه گذاري توسعه عمران زاگرس,5,2073,111772014,56755,53918,53918,-2837,-5,56722,-33,-0.06,53918,53918,1400-4-7,2021-06-28
737,وسنا,سرمايه گذاري نيروگاهي ايران,4,2072,31082072,15464,15001,15001,-463,-2.99,15463,-1,-0.01,15001,15001,1400-4-7,2021-06-28
738,اراد61,مرابحه عام دولت61-ش.خ0309,4,90000,90000090000,1000001,1000001,1000001,0,0,1000001,0,0,1000001,1000001,1400-4-7,2021-06-28
739,ضفلا7003,اختيارخ فولاد-8160-1400/07/25,4,22,89754638,2880,2900,2979,99,3.44,2910,30,1.04,2900,2979,1400-4-7,2021-06-28
740,ثاصفا,شركت‌ ساختمان‌ اصفهان‌,4,795,20829000,27010,26200,26200,-810,-3,27008,-2,-0.01,26200,26200,1400-4-7,2021-06-28
741,قنقش,قند نقش جهان,4,1414,97058374,71501,68641,68641,-2860,-4,71443,-58,-0.08,68641,68641,1400-4-7,2021-06-28
742,ضپيك7041,اختيارخ تاپيكو-7070-00/07/18,4,9,37290000,3655,700,4198,543,14.86,4143,488,13.35,4000,4299,1400-4-7,2021-06-28
743,ضصاد8037,اختيارخ وبصادر-4489-1400/08/12,4,260,3140000,1,13,12,11,1100,12,11,1100,12,13,1400-4-7,2021-06-28
744,ضترا8058,اختيارخ شتران-3442-1400/08/09,4,33,66286000,2232,2050,2001,-231,-10.35,2009,-223,-9.99,2001,2050,1400-4-7,2021-06-28
745,بكاب,صنايع‌جوشكاب‌يزد,4,346,114827020,349330,331870,331870,-17460,-5,349190,-140,-0.04,331870,331870,1400-4-7,2021-06-28
746,ضجار7042,اختيارخ وتجارت-3497-1400/07/21,4,201,17580000,80,90,90,10,12.5,87,7,8.75,80,90,1400-4-7,2021-06-28
747,وسيزد,شركت س استان يزد,4,50200,61043200,1280,1216,1216,-64,-5,1280,0,0,1216,1216,1400-4-7,2021-06-28
748,ضسان7077,اختيارخ پارسان-16000-00/07/14,4,6,45447000,5500,8359,7000,1500,27.27,7574,2074,37.71,6370,8359,1400-4-7,2021-06-28
749,ضترا8055,اختيارخ شتران-2118-1400/08/09,3,70,344950000,4598,4790,5400,802,17.44,4928,330,7.18,4790,5400,1400-4-7,2021-06-28
750,ثتوسا,س.توسعه و عمران استان اردبيل,3,614,23112188,38806,37642,37642,-1164,-3,38803,-3,-0.01,37642,37642,1400-4-7,2021-06-28
751,حاريا,كشتيراني آريا,3,1136,19247248,17288,16943,16943,-345,-2,17287,-1,-0.01,16943,16943,1400-4-7,2021-06-28
752,قلرست,قند لرستان‌,3,520,17498000,35420,33650,33650,-1770,-5,35420,0,0,33650,33650,1400-4-7,2021-06-28
753,ضفار8050,اختيارخ فارس-7400-1400/08/05,3,17,59700000,3776,3500,3500,-276,-7.31,3512,-264,-6.99,3500,3600,1400-4-7,2021-06-28
754,اراد314,مرابحه عام دولت3-ش.خ 0208,3,50000000,45194550000000,950000,903742,904040,-45960,-4.84,903891,-46109,-4.85,903742,904040,1400-4-7,2021-06-28
755,كتوكا,توليدي و خدمات صنايع نسوز توكا,3,568,17985720,33331,31665,31665,-1666,-5,33329,-2,-0.01,31665,31665,1400-4-7,2021-06-28
756,آوا2,صندوق س.سهام آواي معيار-س,3,3000000,3000000,7309,1,1,-7308,-99.99,1,-7308,-99.99,1,1,1400-4-7,2021-06-28
757,اخزا818,اسنادخزانه-م18بودجه98-010614,3,538,425029522,789504,790000,790019,515,0.07,790018,514,0.07,790000,790019,1400-4-7,2021-06-28
758,طلا2,صندوق س.پشتوانه طلاي لوتوس,3,300000,300000,75670,1,1,-75669,-100,1,-75669,-100,1,1,1400-4-7,2021-06-28
759,وليز,ليزينگ‌ايران‌,3,3000,26610000,9330,8870,8870,-460,-4.93,9330,0,0,8870,8870,1400-4-7,2021-06-28
760,ولغدر,ليزينگ‌خودروغدير,3,3945,81661500,21780,20700,20700,-1080,-4.96,21770,-10,-0.05,20700,20700,1400-4-7,2021-06-28
761,ضصاد8034,اختيارخ وبصادر-2989-1400/08/12,3,140,34930000,1,299,200,199,19900,249,248,24800,200,299,1400-4-7,2021-06-28
762,تملي711,تسهيلات مسكن ب. ملي-بهمن97,3,34,18695614,523687,549871,549871,26184,5,549871,26184,5,549871,549871,1400-4-7,2021-06-28
763,زعف0008پ15,زعفران0008پوشالمعمول طلاسرخ(پ),3,300,29519400,94855,96000,99597,4742,5,98398,3543,3.74,96000,99597,1400-4-7,2021-06-28
764,ضجار7043,اختيارخ وتجارت-3997-1400/07/21,3,34,1360000,35,40,40,5,14.29,40,5,14.29,40,40,1400-4-7,2021-06-28
765,نگين,ص.س. زمين و ساختمان نگين شهرري,3,503,23927710,47590,47570,47570,-20,-0.04,47570,-20,-0.04,47570,47570,1400-4-7,2021-06-28
766,نيرو,نيرو سرمايه,3,803,41904555,53798,52185,52185,-1613,-3,53791,-7,-0.01,52185,52185,1400-4-7,2021-06-28
767,قشهد,شهد,3,845,16376100,20390,19380,19380,-1010,-4.95,20390,0,0,19380,19380,1400-4-7,2021-06-28
768,كترام,توليدي‌ كاشي‌ تكسرام‌,3,1120,49840000,46840,44500,44500,-2340,-5,46830,-10,-0.02,44500,44500,1400-4-7,2021-06-28
769,پست0008پ04,پسته فندقي32-30سبزدانه0008(پ),3,25,45500000,1786960,1820000,1820000,33040,1.85,1820000,33040,1.85,1820000,1820000,1400-4-7,2021-06-28
770,داراب,پتروشيمي داراب,3,6858,16294608,2449,2376,2376,-73,-2.98,2449,0,0,2376,2376,1400-4-7,2021-06-28
771,اراد33,مرابحه عام دولت3-ش.خ 0303,2,2000,1792001000,922500,900001,892000,-30500,-3.31,896000,-26500,-2.87,892000,900001,1400-4-7,2021-06-28
772,ضچاد7034,اختيارخ كچاد-21870-1400/07/04,2,3,14370000,4000,4790,4790,790,19.75,4790,790,19.75,4790,4790,1400-4-7,2021-06-28
773,سپيدما4,صندوق س. سپيد دماوند-د,2,76690000,812156890000,10575,10581,10616,41,0.39,10590,15,0.14,10581,10616,1400-4-7,2021-06-28
774,ومشان,س. فني و مهندسي مشانير,2,153,10127223,68238,66191,66191,-2047,-3,68236,-2,0,66191,66191,1400-4-7,2021-06-28
775,اخزا805,اسنادخزانه-م5بودجه98-000422,2,1408,1396024000,991090,990500,991500,410,0.04,991494,404,0.04,990500,991500,1400-4-7,2021-06-28
776,دحاوي,الحاوي,2,1100,13010800,12193,11828,11828,-365,-2.99,12193,0,0,11828,11828,1400-4-7,2021-06-28
777,گكيش,توريستي ورفاهي آبادگران كيش,2,512,23796736,47915,46478,46478,-1437,-3,47911,-4,-0.01,46478,46478,1400-4-7,2021-06-28
778,ثنظام,س. ساختماني نظام مهندسي ايران,2,1610,73892560,47315,45896,45896,-1419,-3,47304,-11,-0.02,45896,45896,1400-4-7,2021-06-28
779,خعمرا,توسعه و عمران شهرستان نائين,2,2300,69968300,29535,30421,30421,886,3,29541,6,0.02,30421,30421,1400-4-7,2021-06-28
780,فسا,پتروشيمي فسا,2,10923,18372486,1733,1682,1682,-51,-2.94,1733,0,0,1682,1682,1400-4-7,2021-06-28
781,تملي710,تسهيلات مسكن ب. ملي-دي97,2,35,28270795,850249,807737,807737,-42512,-5,807737,-42512,-5,807737,807737,1400-4-7,2021-06-28
782,ضپاس7028,اختيارخ وپارس-2000-1400/07/28,2,26,24900000,819,950,960,141,17.22,958,139,16.97,950,960,1400-4-7,2021-06-28
783,شستا003,اجاره تامين اجتماعي-سپهر000523,2,6,6000000,1000000,1000000,1000000,0,0,1000000,0,0,1000000,1000000,1400-4-7,2021-06-28
784,اخزا722,اسنادخزانه-م22بودجه97-000428,2,14148,13998031200,989217,989400,989400,183,0.02,989400,183,0.02,989400,989400,1400-4-7,2021-06-28
785,ثغرب,شركت سرمايه گذاري مسكن شمالغرب,2,3774,27108642,7561,7183,7183,-378,-5,7560,-1,-0.01,7183,7183,1400-4-7,2021-06-28
786,اروند04,منفعت صبا اروند كاردان14001113,2,6,6000000,1000000,1000000,1000000,0,0,1000000,0,0,1000000,1000000,1400-4-7,2021-06-28
787,وسالت,بانك قرض الحسنه رسالت,2,10092,11535156,1110,1143,1143,33,2.97,1110,0,0,1143,1143,1400-4-7,2021-06-28
788,ضملت8038,اختيارخ وبملت-1934-1400/08/19,2,30,78960000,2600,2660,2600,0,0,2632,32,1.23,2600,2660,1400-4-7,2021-06-28
789,ضفلا7005,اختيارخ فولاد-11013-1400/07/25,2,3,4625198,1050,1099,1100,50,4.76,1100,50,4.76,1099,1100,1400-4-7,2021-06-28
790,حپترو,حمل و نقل پتروشيمي( سهامي عام,2,600,30666000,53800,51110,51110,-2690,-5,53790,-10,-0.02,51110,51110,1400-4-7,2021-06-28
791,زنجان,صنايع كشاورزي وكود زنجان,2,3160,28414720,9270,8992,8992,-278,-3,9269,-1,-0.01,8992,8992,1400-4-7,2021-06-28
792,كاريس2,صندوق س.سپهر كاريزما-س,2,12500000,12500000,12039,1,1,-12038,-99.99,1,-12038,-99.99,1,1,1400-4-7,2021-06-28
793,اراد324,مرابحه عام دولت3-ش.خ0211,2,91588784,82240362611512,1000000,897821,898040,-101960,-10.2,897930,-102070,-10.21,897821,898040,1400-4-7,2021-06-28
794,اطلس2,صندوق س.توسعه اندوخته آينده-س,2,20000,20000,215401,1,1,-215400,-100,1,-215400,-100,1,1,1400-4-7,2021-06-28
795,اوان,مبين وان كيش,2,584,29555656,53272,50609,50609,-2663,-5,53266,-6,-0.01,50609,50609,1400-4-7,2021-06-28
796,تملي701,تسهيلات مسكن ب. ملي-فروردين97,2,30,18427740,624669,593436,655902,31233,5,614258,-10411,-1.67,593436,655902,1400-4-7,2021-06-28
797,افران2,صندوق س افرا نماد پايدار-ثابت,2,3170000,3170000,13630,1,1,-13629,-99.99,1,-13629,-99.99,1,1,1400-4-7,2021-06-28
798,سدبير,س. تدبيرگران فارس وخوزستان,2,240,19309440,84690,80456,80456,-4234,-5,84684,-6,-0.01,80456,80456,1400-4-7,2021-06-28
799,سخواف,سيمان مجد خواف,2,2320,36985440,16435,15942,15942,-493,-3,16433,-2,-0.01,15942,15942,1400-4-7,2021-06-28
800,كباده,توليد خاك نسوزاستقلال آباده,2,3287,30020171,8867,9133,9133,266,3,8868,1,0.01,9133,9133,1400-4-7,2021-06-28
801,فلات,گروه صنايع معادن فلات ايرانيان,2,400,5898800,15203,14747,14747,-456,-3,15203,0,0,14747,14747,1400-4-7,2021-06-28
802,اخزا8122,اسنادخزانه-م12بودجه98-001111,2,350000,312400000000,890947,892000,893000,2053,0.23,892571,1624,0.18,892000,893000,1400-4-7,2021-06-28
803,اراد49,مرابحه عام دولت4-ش.خ 0206,2,2000,1904000000,970000,929000,975000,5000,0.52,952000,-18000,-1.86,929000,975000,1400-4-7,2021-06-28
804,ضمخا7076,اختيارخ اخابر-9700-1400/07/28,2,16,12800000,600,800,800,200,33.33,800,200,33.33,800,800,1400-4-7,2021-06-28
805,صخود412,ص مرابحه خودرو412- 3ماهه 18%,2,20000,19900020000,995001,995001,995001,0,0,995001,0,0,995001,995001,1400-4-7,2021-06-28
806,پلاست,كارخانجات توليدي پلاستيران,1,75,5101275,71596,68017,68017,-3579,-5,71594,-2,0,68017,68017,1400-4-7,2021-06-28
807,تابا,تابان نيرو سپاهان,1,95,5149665,55883,54207,54207,-1676,-3,55882,-1,0,54207,54207,1400-4-7,2021-06-28
808,خاتم2,صندوق س خاتم ايساتيس پويا-ثابت,1,1000000,1000000,11314,1,1,-11313,-99.99,1,-11313,-99.99,1,1,1400-4-7,2021-06-28
809,اخزا8132,اسنادخزانه-م13بودجه98-010219,1,150000,126450000000,842071,843000,843000,929,0.11,843000,929,0.11,843000,843000,1400-4-7,2021-06-28
810,صفارس307,صكوك اجاره فارس307- 3ماهه18%,1,500,492000000,1000000,984000,984000,-16000,-1.6,984000,-16000,-1.6,984000,984000,1400-4-7,2021-06-28
811,طمخا7068,اختيارف اخابر-15700-1400/07/28,1,1,6962000,7735,6962,6962,-773,-9.99,6962,-773,-9.99,6962,6962,1400-4-7,2021-06-28
812,شكف,كف,1,105,10245795,99570,97579,97579,-1991,-2,99568,-2,0,97579,97579,1400-4-7,2021-06-28
813,ضمخا7067,اختيارخ اخابر-13700-1400/07/28,1,20,5000000,300,250,250,-50,-16.67,250,-50,-16.67,250,250,1400-4-7,2021-06-28
814,شسم,توليد سموم‌ علف‌ كش,1,20,1944420,95315,97221,97221,1906,2,95316,1,0,97221,97221,1400-4-7,2021-06-28
815,خفناور,مهندسي صنعتي روان فن آور,1,110,5140850,48180,46735,46735,-1445,-3,48179,-1,0,46735,46735,1400-4-7,2021-06-28
816,صگل1411,ص اجاره گل گهر 1411-3 ماهه 17%,1,5700,5691450000,1007724,998500,998500,-9224,-0.92,998500,-9224,-0.92,998500,998500,1400-4-7,2021-06-28
817,فن آوا,گروه فن آوا,1,284,5026232,18245,17698,17698,-547,-3,18245,0,0,17698,17698,1400-4-7,2021-06-28
818,دشيري,شيرين دارو,1,24,5143680,220948,214320,214320,-6628,-3,220944,-4,0,214320,214320,1400-4-7,2021-06-28
819,وهنر,گروه توسعه هنر ايران,1,800,5892000,7592,7365,7365,-227,-2.99,7592,0,0,7365,7365,1400-4-7,2021-06-28
820,شتولي,تولي‌پرس‌,1,3133,99645065,32454,31805,31805,-649,-2,32441,-13,-0.04,31805,31805,1400-4-7,2021-06-28
821,سميعا002,سلف موازي استاندارد سميعا002,1,113000,150046598000,1345566,1327846,1327846,-17720,-1.32,1327846,-17720,-1.32,1327846,1327846,1400-4-7,2021-06-28
822,اراد65,مرابحه عام دولتي65-ش.خ0210,1,100,96100000,950005,961000,961000,10995,1.16,961000,10995,1.16,961000,961000,1400-4-7,2021-06-28
823,كمند2,صندوق س. با درآمد ثابت كمند,1,95000000,95000000,10121,1,1,-10120,-99.99,1,-10120,-99.99,1,1,1400-4-7,2021-06-28
824,طمخا7071,اختيارف اخابر-23700-1400/07/28,1,1,14459000,16065,14459,14459,-1606,-10,14459,-1606,-10,14459,14459,1400-4-7,2021-06-28
825,افاد534,منفعت دولت5-ش.خاص كاريزما0108,1,1350000,1350000000000,1000000,1000000,1000000,0,0,1000000,0,0,1000000,1000000,1400-4-7,2021-06-28
826,اراد74,مرابحه عام دولت74-ش.خ040226,1,100,100000000,1000000,1000000,1000000,0,0,1000000,0,0,1000000,1000000,1400-4-7,2021-06-28
827,اخزا718,اسنادخزانه-م18بودجه97-000525,1,235,228002170,973877,970222,970222,-3655,-0.38,970222,-3655,-0.38,970222,970222,1400-4-7,2021-06-28
828,اراد494,مرابحه عام دولت4-ش.خ 0206,1,215000,199520000000,970000,928000,928000,-42000,-4.33,928000,-42000,-4.33,928000,928000,1400-4-7,2021-06-28
829,ولراز,ليزينگ رازي,1,100,5432500,56005,54325,54325,-1680,-3,56004,-1,0,54325,54325,1400-4-7,2021-06-28
830,ضملي7005,اختيارخ فملي-15720-1400/07/11,1,100,45000000,300,450,450,150,50,450,150,50,450,450,1400-4-7,2021-06-28
831,زير0103پ04,زيره سبز0103شركت مينوبذر(پ),1,7,5075000,716319,725000,725000,8681,1.21,725000,8681,1.21,725000,725000,1400-4-7,2021-06-28
832,وسپه2,سرمايه‌گذاري‌ سپه‌,1,10000000,70000000000,6830,7000,7000,170,2.49,7000,170,2.49,7000,7000,1400-4-7,2021-06-28
833,ولقمانح,ح . سرمايه گذاري لقمان,1,14123,16043728,1103,1136,1136,33,2.99,1136,33,2.99,1136,1136,1400-4-7,2021-06-28
834,سكارون,سيمان كارون,1,30,5134500,176443,171150,171150,-5293,-3,176441,-2,0,171150,171150,1400-4-7,2021-06-28
835,اخزا906,اسنادخزانه-م6بودجه99-020321,1,6000,4184400000,697366,697400,697400,34,0,697400,34,0,697400,697400,1400-4-7,2021-06-28
836,اراد534,مرابحه عام دولت5-ش.خ 0207,1,4655000,4410379750000,955000,947450,947450,-7550,-0.79,947450,-7550,-0.79,947450,947450,1400-4-7,2021-06-28
837,مهان014,اجاره مهرآيندگان لوتوس0311,1,300000,300000000000,1000001,1000000,1000000,-1,0,1000000,-1,0,1000000,1000000,1400-4-7,2021-06-28
838,اراد53,مرابحه عام دولت5-ش.خ 0207,1,100,100000000,955000,1000000,1000000,45000,4.71,1000000,45000,4.71,1000000,1000000,1400-4-7,2021-06-28
839,اراد244,مرابحه عام دولت2-ش.خ ساير0212,1,3390000,3390000000000,1045000,1000000,1000000,-45000,-4.31,1000000,-45000,-4.31,1000000,1000000,1400-4-7,2021-06-28
840,وآتوس,س.آرين توسكا قيمت اسمي 350ريال,1,210,9127020,44806,43462,43462,-1344,-3,44805,-1,0,43462,43462,1400-4-7,2021-06-28
841,اخزا819,اسنادخزانه-م19بودجه98-020322,1,4195,3060525175,729565,729565,729565,0,0,729565,0,0,729565,729565,1400-4-7,2021-06-28
842,وسگلستا,شركت س استان گلستان,1,5000,5880000,1237,1176,1176,-61,-4.93,1237,0,0,1176,1176,1400-4-7,2021-06-28
843,تصميم2,صندوق س با درآمد ثابت تصميم,1,300000,300000,16679,1,1,-16678,-99.99,1,-16678,-99.99,1,1,1400-4-7,2021-06-28
844,آبين,كشت و صنعت آبشيرين,1,2433,9965568,4179,4096,4096,-83,-1.99,4179,0,0,4096,4096,1400-4-7,2021-06-28
845,وشمال,س. چشم انداز توسعه شمال,1,410,35013180,88039,85398,85398,-2641,-3,88029,-10,-0.01,85398,85398,1400-4-7,2021-06-28
846,شرق1400,مشاركت ليزينگ ايران وشرق140010,1,5,5040000,1008000,1008000,1008000,0,0,1008000,0,0,1008000,1008000,1400-4-7,2021-06-28
847,ضغدر8062,اختيارخ وغدير-18000-1400/08/26,1,10,100000,1,10,10,9,900,10,9,900,10,10,1400-4-7,2021-06-28
848,مبين016,اجاره اعتماد مبين اميد011019,1,1000,975000000,990000,975000,975000,-15000,-1.52,975000,-15000,-1.52,975000,975000,1400-4-7,2021-06-28
849,ضخوز7035,اختيارخ فخوز-8200-1400/07/14,1,1,7000000,6900,7000,7000,100,1.45,7000,100,1.45,7000,7000,1400-4-7,2021-06-28
850,ضپاس7027,اختيارخ وپارس-1800-1400/07/28,1,2,2198000,997,1099,1099,102,10.23,1099,102,10.23,1099,1099,1400-4-7,2021-06-28
851,وسينا2,بانك سينا,1,5015790,13848596190,2630,2761,2761,131,4.98,2761,131,4.98,2761,2761,1400-4-7,2021-06-28
852,اراد24,مرابحه عام دولت2-ش.خ ساير0212,1,10000,10000000000,1045000,1000000,1000000,-45000,-4.31,1000000,-45000,-4.31,1000000,1000000,1400-4-7,2021-06-28
853,اعتماد2,صندوق س.اعتماد آفرين پارسيان-د,1,7000000,7000000,37199,1,1,-37198,-100,1,-37198,-100,1,1,1400-4-7,2021-06-28
854,تاصيكو2,سرمايه گذاري صدرتامين,1,4820000,49887000000,10660,10350,10350,-310,-2.91,10350,-310,-2.91,10350,10350,1400-4-7,2021-06-28
855,سيستم4,همكاران سيستم,1,4500000,116325000000,26080,25850,25850,-230,-0.88,25850,-230,-0.88,25850,25850,1400-4-7,2021-06-28
856,زعف0008پ19,زعفران0008نگين تروند قاينات(پ),1,200,25500000,124267,127500,127500,3233,2.6,127500,3233,2.6,127500,127500,1400-4-7,2021-06-28
857,صخود0004,صكوك رهني خودرو0004- 3ماهه 16%,1,1500,1462500000,990000,975000,975000,-15000,-1.52,975000,-15000,-1.52,975000,975000,1400-4-7,2021-06-28
858,ضشنا8006,اختيارخ شپنا-14800-1400/08/16,1,5,4000000,1,800,800,799,79900,800,799,79900,800,800,1400-4-7,2021-06-28
