,نماد,نام,تعداد,حجم,ارزش,دیروز,اولین,آخرین معامله - مقدار,آخرین معامله - تغییر,آخرین معامله - درصد,قیمت پایانی - مقدار,قیمت پایانی - تغییر,قیمت پایانی - درصد,کمترین,بیشترین,تاریخ,gregorian_date
0,پالايش,صندوق پالايشي يكم-سهام,20739,18428735,1281358032740,70310,69110,68980,-1330,-1.89,69530,-780,-1.11,68530,71200,1400-2-4,2021-04-24
1,دارا يكم,صندوق واسطه گري مالي يكم-سهام,20459,16334785,2112747311690,130000,129000,128260,-1740,-1.34,129340,-660,-0.51,127110,132350,1400-2-4,2021-04-24
2,فملي,ملي‌ صنايع‌ مس‌ ايران‌,14485,74380560,837452011020,11040,11000,11170,130,1.18,11260,220,1.99,10960,11590,1400-2-4,2021-04-24
3,شستا,سرمايه گذاري تامين اجتماعي,10665,54241498,611730900300,11570,11330,11230,-340,-2.94,11280,-290,-2.51,11230,11550,1400-2-4,2021-04-24
4,امين يكم,صندوق درآمد ثابت امين يكم فردا,10197,363681101,3658069871721,10051,10070,10062,11,0.11,10058,7,0.07,10056,10070,1400-2-4,2021-04-24
5,كارين2,صندوق س نگين سامان-ثابت,9500,95000000,95000000,10007,1,1,-10006,-99.99,1,-10006,-99.99,1,1,1400-2-4,2021-04-24
6,خودرو,ايران‌ خودرو,8429,318688740,669569492710,2160,2100,2100,-60,-2.78,2100,-60,-2.78,2100,2140,1400-2-4,2021-04-24
7,فولاد,فولاد مباركه اصفهان,7339,47959966,575701433780,12110,11800,12130,20,0.17,12000,-110,-0.91,11800,12250,1400-2-4,2021-04-24
8,بركت,گروه دارويي بركت,7272,24795294,758881898550,31440,30800,30500,-940,-2.99,30610,-830,-2.64,30500,31270,1400-2-4,2021-04-24
9,وتجارت,بانك تجارت,6192,202531711,525100660360,2620,2630,2550,-70,-2.67,2590,-30,-1.15,2550,2640,1400-2-4,2021-04-24
10,وبملت,بانك ملت,5420,142633273,592718520270,4190,4150,4180,-10,-0.24,4160,-30,-0.72,4080,4240,1400-2-4,2021-04-24
11,اپال,فرآوري معدني اپال كاني پارس,5135,9006595,151393757000,16920,16550,16760,-160,-0.95,16810,-110,-0.65,16460,17010,1400-2-4,2021-04-24
12,ورازي,بيمه رازي,4758,51044263,518703700739,9885,10379,9498,-387,-3.92,10162,277,2.8,9400,10379,1400-2-4,2021-04-24
13,وكبهمن,مديريت سرمايه گذاري كوثربهمن,4687,1497321,15239571309,10409,10202,10200,-209,-2.01,10337,-72,-0.69,10101,10388,1400-2-4,2021-04-24
14,سيتا,سرمايه گذاري سيمان تامين,4545,7446187,111704017620,15000,15000,15000,0,0,15000,0,0,15000,15040,1400-2-4,2021-04-24
15,بوعلي,پتروشيمي بوعلي سينا,4322,1267499,52677992340,41620,41400,41500,-120,-0.29,41570,-50,-0.12,41120,41680,1400-2-4,2021-04-24
16,وبصادر,بانك صادرات ايران,4064,141924642,317777651560,2290,2250,2230,-60,-2.62,2240,-50,-2.18,2230,2290,1400-2-4,2021-04-24
17,آريا,پليمر آريا ساسول,3789,1068818,90148847156,85082,85085,84349,-733,-0.86,84411,-671,-0.79,84000,85500,1400-2-4,2021-04-24
18,ساراب,سيمان‌ داراب‌,3730,9896569,208928474130,20860,21400,20240,-620,-2.97,21110,250,1.2,20240,21980,1400-2-4,2021-04-24
19,امينح,ح . تامين سرمايه امين,3642,3626794,15621882560,4540,4400,4270,-270,-5.95,4310,-230,-5.07,4270,4460,1400-2-4,2021-04-24
20,بگيلان,توسعه مسير برق گيلان,3059,1675449,34539201299,21130,20497,20497,-633,-3,20765,-365,-1.73,20497,21100,1400-2-4,2021-04-24
21,امين يكم2,صندوق درآمد ثابت امين يكم فردا,2800,280000000,280000000,10051,1,1,-10050,-99.99,1,-10050,-99.99,1,1,1400-2-4,2021-04-24
22,كمند,صندوق س. با درآمد ثابت كمند,2725,90649704,916569465565,10102,10110,10111,9,0.09,10111,9,0.09,10110,10113,1400-2-4,2021-04-24
23,پترولح,ح . گروه پتروشيمي س. ايرانيان,2578,75647400,495197902800,6930,7200,6520,-410,-5.92,6550,-380,-5.48,6520,7200,1400-2-4,2021-04-24
24,وغدير,سرمايه‌گذاري‌غدير(هلدينگ‌,2550,21365424,212096167300,10190,9910,9890,-300,-2.94,9930,-260,-2.55,9890,10100,1400-2-4,2021-04-24
25,دماوند,توليد نيروي برق دماوند,2407,9060877,216663172775,23098,22406,24030,932,4.03,23912,814,3.52,22406,24403,1400-2-4,2021-04-24
26,افق,فروشگاههاي زنجيره اي افق كوروش,2371,5637099,388406301700,66300,64500,70260,3960,5.97,68900,2600,3.92,64320,70270,1400-2-4,2021-04-24
27,اعتماد,صندوق س.اعتماد آفرين پارسيان-د,2141,47949430,1728720311000,36021,36052,36052,31,0.09,36053,32,0.09,36052,36057,1400-2-4,2021-04-24
28,فنوال,نورد آلومينيوم‌,2019,4073413,107465307020,25280,24530,26790,1510,5.97,26380,1100,4.35,24530,26790,1400-2-4,2021-04-24
29,آوا,صندوق س.سهام آواي معيار-س,1889,20604753,128116449571,6177,6110,6230,53,0.86,6218,41,0.66,6070,6253,1400-2-4,2021-04-24
30,صبا,سرمايه گذاري صبا تامين,1867,6595539,49124775207,7524,7410,7363,-161,-2.14,7493,-31,-0.41,7358,7535,1400-2-4,2021-04-24
31,پترول,گ.س.وت.ص.پتروشيمي خليج فارس,1822,14824699,126234628450,8770,8520,8510,-260,-2.96,8520,-250,-2.85,8510,8690,1400-2-4,2021-04-24
32,نوري,پتروشيمي نوري,1799,1892556,109570864230,59410,58700,57670,-1740,-2.93,57900,-1510,-2.54,57630,59690,1400-2-4,2021-04-24
33,وكار,بانك‌ كارآفرين‌,1775,79014398,218671661420,2630,2640,2780,150,5.7,2770,140,5.32,2570,2780,1400-2-4,2021-04-24
34,فخوز,فولاد  خوزستان,1771,7698887,112523768330,14680,14370,14460,-220,-1.5,14620,-60,-0.41,14370,14900,1400-2-4,2021-04-24
35,كيان,صندوق س. با درآمد ثابت كيان,1764,52294064,1470068029585,28075,28110,28126,51,0.18,28112,37,0.13,28110,28140,1400-2-4,2021-04-24
36,ضخود2006,اختيارخ خودرو-2500-1400/02/08,1711,84830,199174000,11,3,2,-9,-81.82,2,-9,-81.82,1,9,1400-2-4,2021-04-24
37,وپاسار,بانك  پاسارگاد,1593,21489682,293749579580,13660,13660,13670,10,0.07,13670,10,0.07,13650,13700,1400-2-4,2021-04-24
38,بپيوند,برق و انرژي پيوندگستر پارس,1559,1516557,18646961259,12650,12271,12271,-379,-3,12514,-136,-1.08,12271,12598,1400-2-4,2021-04-24
39,وخارزمح,ح.سرمايه گذاري خوارزمي,1516,6668280,21242343120,3340,3320,3210,-130,-3.89,3190,-150,-4.49,3140,3320,1400-2-4,2021-04-24
40,وپارس,بانك‌پارسيان‌,1502,55855639,141352507900,2600,2530,2530,-70,-2.69,2530,-70,-2.69,2530,2560,1400-2-4,2021-04-24
41,سرچشمه,سرمايه گذاري مس سرچشمه,1308,6648981,42980787840,6388,6390,6401,13,0.2,6453,65,1.02,6300,6600,1400-2-4,2021-04-24
42,غگيلا,شيرپاستوريزه پگاه گيلان,1292,35422,869255880,23151,24540,24540,1389,6,23174,23,0.1,24540,24540,1400-2-4,2021-04-24
43,تسه9912,امتياز تسهيلات مسكن اسفند99,1225,46553,23327477583,494265,500009,502000,7735,1.56,501095,6830,1.38,478500,515000,1400-2-4,2021-04-24
44,خساپا,سايپا,1222,31234451,62781246510,2070,2010,2010,-60,-2.9,2040,-30,-1.45,2010,2010,1400-2-4,2021-04-24
45,غگل,گلوكوزان‌,1146,12973973,40425319660,3200,3120,3110,-90,-2.81,3130,-70,-2.19,3110,3200,1400-2-4,2021-04-24
46,كاوه,فولاد كاوه جنوب كيش,1129,3487592,74146039420,21390,21010,21100,-290,-1.36,21290,-100,-0.47,20950,21870,1400-2-4,2021-04-24
47,آگاس,صندوق س.هستي بخش آگاه-س,1103,772494,48965053645,63875,63010,63011,-864,-1.35,63386,-489,-0.77,62598,64790,1400-2-4,2021-04-24
48,وصنعت,سرمايه گذاري توسعه صنعت وتجارت,1099,11234886,66078960640,6050,5990,5870,-180,-2.98,5880,-170,-2.81,5870,5990,1400-2-4,2021-04-24
49,تاپيكو,س. نفت و گاز و پتروشيمي تأمين,1098,4362789,46424292190,10910,10710,10590,-320,-2.93,10800,-110,-1.01,10590,10940,1400-2-4,2021-04-24
50,فجر,فولاد اميركبيركاشان,1076,1083912,60108466130,55270,56000,55270,0,0,55460,190,0.34,54320,56800,1400-2-4,2021-04-24
51,سرو,صندوق س سروسودمند مدبران-سهام,1047,719222,45439050790,63740,63000,62890,-850,-1.33,63180,-560,-0.88,62520,64390,1400-2-4,2021-04-24
52,كچاد,معدني‌وصنعتي‌چادرملو,1038,3823661,84487052650,22640,22400,21970,-670,-2.96,22250,-390,-1.72,21970,22990,1400-2-4,2021-04-24
53,رتاپح,ح.تجارت الكترونيك پارسيان,1025,57034964,273767827200,4800,4800,4800,0,0,4800,0,0,4800,4800,1400-2-4,2021-04-24
54,فارس,صنايع پتروشيمي خليج فارس,951,8778683,77013997990,9040,8790,8770,-270,-2.99,8860,-180,-1.99,8770,8840,1400-2-4,2021-04-24
55,فايرا,آلومينيوم‌ايران‌,936,2585333,44402210630,17270,16800,17200,-70,-0.41,17210,-60,-0.35,16780,17600,1400-2-4,2021-04-24
56,ونوين,بانك‌اقتصادنوين‌,910,22453217,95034977870,4360,4260,4230,-130,-2.98,4230,-130,-2.98,4230,4300,1400-2-4,2021-04-24
57,بجهرم,توسعه مولد نيروگاهي جهرم,905,11849971,29419302618,2558,2482,2482,-76,-2.97,2512,-46,-1.8,2482,2536,1400-2-4,2021-04-24
58,شلرد,كود شيميايي اوره لردگان,902,12768232,82225022826,6484,6443,6380,-104,-1.6,6440,-44,-0.68,6360,6499,1400-2-4,2021-04-24
59,ومهان,گروه توسعه مالي مهر آيندگان,900,3597838,42385210177,12052,11906,11691,-361,-3,11817,-235,-1.95,11691,12050,1400-2-4,2021-04-24
60,تاصيكو,سرمايه گذاري صدرتامين,876,9606267,94765153490,10030,9730,9730,-300,-2.99,9900,-130,-1.3,9730,10070,1400-2-4,2021-04-24
61,پيزد,مجتمع صنايع لاستيك يزد,875,227252,14361658916,65151,63197,63197,-1954,-3,64572,-579,-0.89,63197,63225,1400-2-4,2021-04-24
62,كرمان,س. توسعه و عمران استان كرمان,841,15288151,18284628596,1232,1196,1196,-36,-2.92,1218,-14,-1.14,1196,1196,1400-2-4,2021-04-24
63,خكرمان,گروه اقتصادي كرمان خودرو,821,11506251,42555210179,3771,3696,3696,-75,-1.99,3698,-73,-1.94,3696,3800,1400-2-4,2021-04-24
64,كگلح,ح . معدني و صنعتي گل گهر,820,2091917,21472832160,10600,10360,10110,-490,-4.62,10260,-340,-3.21,10030,10590,1400-2-4,2021-04-24
65,شغدير,پتروشيمي غدير,796,1469479,88701788580,62200,60350,60340,-1860,-2.99,60360,-1840,-2.96,60340,61850,1400-2-4,2021-04-24
66,فنورد,نوردوقطعات‌ فولادي‌,784,363332,61461869610,172990,167810,167810,-5180,-2.99,169160,-3830,-2.21,167810,178500,1400-2-4,2021-04-24
67,شپنا,پالايش نفت اصفهان,783,2989510,32256812900,11120,10790,10790,-330,-2.97,11030,-90,-0.81,10790,10790,1400-2-4,2021-04-24
68,ضخود2005,اختيارخ خودرو-2000-1400/02/08,761,31123,1318597000,100,88,28,-72,-72,42,-58,-58,24,89,1400-2-4,2021-04-24
69,كگل,معدني و صنعتي گل گهر,718,3303887,46850068390,14520,14180,14090,-430,-2.96,14380,-140,-0.96,14090,14520,1400-2-4,2021-04-24
70,شگويا,پتروشيمي تندگويان,707,7641772,63180419052,8519,8264,8264,-255,-2.99,8319,-200,-2.35,8264,8370,1400-2-4,2021-04-24
71,آساميد,صندوق س.مشترك آسمان اميد -د,692,32315715,385296769060,11913,11929,11918,5,0.04,11923,10,0.08,11913,11930,1400-2-4,2021-04-24
72,ذوب,سهامي ذوب آهن  اصفهان,658,12811167,43417044963,3493,3389,3389,-104,-2.98,3439,-54,-1.55,3389,3389,1400-2-4,2021-04-24
73,غگلپا,شير پاستوريزه پگاه گلپايگان,645,1047631,71293261283,70141,68037,68037,-2104,-3,68052,-2089,-2.98,68037,68835,1400-2-4,2021-04-24
74,فباهنرح,ح . مس‌ شهيدباهنر,632,1239357,18998886720,15530,14900,15280,-250,-1.61,15330,-200,-1.29,14900,15750,1400-2-4,2021-04-24
75,شصدف,صنعتي دوده فام,629,37859,1221785648,30446,32272,32272,1826,6,30488,42,0.14,32272,32272,1400-2-4,2021-04-24
76,طلا,صندوق س.پشتوانه طلاي لوتوس,593,736493,52438029631,71721,71002,71660,-61,-0.09,71200,-521,-0.73,70605,71800,1400-2-4,2021-04-24
77,سمتاز,سيمان ممتازان كرمان,593,2366388,53237920714,22094,22756,22058,-36,-0.16,22498,404,1.83,21653,22756,1400-2-4,2021-04-24
78,شتران,پالايش نفت تهران,578,4039285,35222565200,8980,8720,8720,-260,-2.9,8900,-80,-0.89,8720,8720,1400-2-4,2021-04-24
79,ياقوت,صندوق س ياقوت آگاه-ثابت,578,13886856,170900655518,12305,12307,12308,3,0.02,12307,2,0.02,12304,12323,1400-2-4,2021-04-24
80,ارفع,شركت آهن و فولاد ارفع,577,1741265,25093938009,14769,14430,14370,-399,-2.7,14639,-130,-0.88,14326,14750,1400-2-4,2021-04-24
81,مدير,ص.س.مديريت ثروت ص.بازنشستگي-س,569,1863608,14739638961,7918,7856,7899,-19,-0.24,7909,-9,-0.11,7820,7998,1400-2-4,2021-04-24
82,زاگرس,پتروشيمي زاگرس,564,203226,40561649234,203240,200000,198900,-4340,-2.14,201732,-1508,-0.74,198711,203350,1400-2-4,2021-04-24
83,بپاس,بيمه پاسارگاد,558,941625,82976874622,88124,88124,88124,0,0,88121,-3,0,88000,89199,1400-2-4,2021-04-24
84,كارين,صندوق س نگين سامان-ثابت,552,21298977,213459928174,10007,10022,10024,17,0.17,10022,15,0.15,10021,10024,1400-2-4,2021-04-24
85,وسكاب,س.ص.بازنشستگي كاركنان بانكها,552,4491710,21781606910,4980,4850,4840,-140,-2.81,4920,-60,-1.2,4840,4970,1400-2-4,2021-04-24
86,هرمز,فولاد هرمزگان جنوب,536,2220904,32396967478,14686,14310,14600,-86,-0.59,14659,-27,-0.18,14310,14830,1400-2-4,2021-04-24
87,وساخت,سرمايه‌ گذاري‌ ساختمان‌ايران‌,519,1934014,83155602930,44310,43050,42990,-1320,-2.98,43000,-1310,-2.96,42990,43890,1400-2-4,2021-04-24
88,وشهر,بانك شهر,514,3070444,16506714692,5526,5450,5311,-215,-3.89,5452,-74,-1.34,5310,5519,1400-2-4,2021-04-24
89,شسپا,نفت سپاهان,508,1819721,26848604890,14910,14770,14710,-200,-1.34,14840,-70,-0.47,14630,14970,1400-2-4,2021-04-24
90,شگلح,ح . گلتاش‌,485,1830412,10689574870,6060,6000,5780,-280,-4.62,5840,-220,-3.63,5720,6030,1400-2-4,2021-04-24
91,افران,صندوق س افرا نماد پايدار-ثابت,482,14656608,192897472050,13147,13165,13160,13,0.1,13161,14,0.11,13159,13165,1400-2-4,2021-04-24
92,ضخود2007,اختيارخ خودرو-3000-1400/02/08,475,23846,23846000,1,1,1,0,0,1,0,0,1,1,1400-2-4,2021-04-24
93,شپديس,پتروشيمي پرديس,473,488940,45673816590,95810,94900,93060,-2750,-2.87,94690,-1120,-1.17,92960,95800,1400-2-4,2021-04-24
94,پارند,صندوق س. پارند پايدار سپهر,470,10047784,113592464329,11283,11300,11310,27,0.24,11305,22,0.19,11298,11310,1400-2-4,2021-04-24
95,فاسمين,كالسيمين‌,467,3614900,56252491440,16040,15560,15560,-480,-2.99,15560,-480,-2.99,15560,15750,1400-2-4,2021-04-24
96,وبانك,سرمايه گذاري گروه توسعه ملي,465,4247041,33765514590,8190,7950,7950,-240,-2.93,8100,-90,-1.1,7950,8010,1400-2-4,2021-04-24
97,وساپا,سرمايه‌گذاري‌ سايپا,462,10234274,48510478760,4880,4740,4740,-140,-2.87,4740,-140,-2.87,4740,4750,1400-2-4,2021-04-24
98,شفن,پتروشيمي فناوران,454,41524,13226844290,324750,319000,317000,-7750,-2.39,323910,-840,-0.26,315020,329980,1400-2-4,2021-04-24
99,وثنو,سرمايه گذاري ساختماني نوين,450,2176642,11689082118,5545,5545,5310,-235,-4.24,5440,-105,-1.89,5273,5555,1400-2-4,2021-04-24
100,گكيشح,ح.توريستي ورفاهي آبادگران كيش,425,1260699,38361693032,30140,29538,31044,904,3,30429,289,0.96,29538,31044,1400-2-4,2021-04-24
101,آكورد,صندوق س. آرمان آتي كوثر-د,425,4438448,140883809083,31696,31744,31746,50,0.16,31742,46,0.15,31740,31746,1400-2-4,2021-04-24
102,وسينا,بانك سينا,415,10968275,31500265510,2950,2880,2870,-80,-2.71,2900,-50,-1.69,2870,2890,1400-2-4,2021-04-24
103,شيران,س. صنايع‌شيميايي‌ايران,409,1851784,42128396960,23450,22750,22750,-700,-2.99,23110,-340,-1.45,22750,22800,1400-2-4,2021-04-24
104,دمعيار,صندوق س. توازن معيار-د,406,20784002,208249783400,10001,10020,10025,24,0.24,10020,19,0.19,10016,10025,1400-2-4,2021-04-24
105,گشان,توسعه بين المللي پديده شانديز,401,691487,17880470846,26935,25858,25858,-1077,-4,25858,-1077,-4,25858,25858,1400-2-4,2021-04-24
106,تصميم,صندوق س با درآمد ثابت تصميم,387,2877699,46616416889,16186,16200,16200,14,0.09,16199,13,0.08,16194,16201,1400-2-4,2021-04-24
107,گوهران,سرمايه گذاري توسعه گوهران اميد,384,1497890,10439031273,7111,6898,6898,-213,-3,7081,-30,-0.42,6898,7178,1400-2-4,2021-04-24
108,تسه9802,امتياز تسهيلات مسكن ارديبهشت98,381,11828,4587274421,399696,381222,383000,-16696,-4.18,387832,-11864,-2.97,379712,409000,1400-2-4,2021-04-24
109,دعبيد,لابراتوارداروسازي‌  دكترعبيدي‌,372,698033,15995344930,22860,23180,22890,30,0.13,22880,20,0.09,22710,23180,1400-2-4,2021-04-24
110,تسه9911,امتياز تسهيلات مسكن بهمن99,371,3209,1605906944,491726,476755,502000,10274,2.09,500438,8712,1.77,476755,516312,1400-2-4,2021-04-24
111,ارزش,صندوق س ارزش آفرين بيدار-سهام,367,1637948,15004216150,9170,9080,9160,-10,-0.11,9160,-10,-0.11,9080,9230,1400-2-4,2021-04-24
112,شرانل,نفت ايرانول,361,710994,27027819758,38026,38013,37990,-36,-0.09,38020,-6,-0.02,37801,38270,1400-2-4,2021-04-24
113,ميدكو,هلدينگ صنايع  معدني خاورميانه,347,1646586,53670581519,32592,32592,32594,2,0.01,32593,1,0,32591,32799,1400-2-4,2021-04-24
114,همراه,شركت ارتباطات سيار ايران,329,741363,18300098940,25440,24680,24680,-760,-2.99,25300,-140,-0.55,24680,25120,1400-2-4,2021-04-24
115,قرن,پديده شيمي قرن,328,364803,21942900450,62010,60150,60150,-1860,-3,61170,-840,-1.35,60150,60150,1400-2-4,2021-04-24
116,تسه9908,امتياز تسهيلات مسكن آبان99,319,5013,2493856511,492369,480080,497000,4631,0.94,497478,5109,1.04,480000,515847,1400-2-4,2021-04-24
117,خگستر,گسترش‌سرمايه‌گذاري‌ايران‌خودرو,308,2799901,6971753490,2560,2490,2490,-70,-2.73,2550,-10,-0.39,2490,2490,1400-2-4,2021-04-24
118,واحيا,م .صنايع و معادن احياء سپاهان,306,465856,60197562256,131784,129155,129149,-2635,-2,129219,-2565,-1.95,129149,131000,1400-2-4,2021-04-24
119,وخاور,بانك خاورميانه,302,2446122,20252902310,8520,8290,8290,-230,-2.7,8420,-100,-1.17,8270,8450,1400-2-4,2021-04-24
120,خريخت,صنايع‌ريخته‌گري‌ايران‌,301,9080326,27968090820,3170,3080,3080,-90,-2.84,3120,-50,-1.58,3080,3120,1400-2-4,2021-04-24
121,سپر,صندوق س سپر سرمايه بيدار- ثابت,294,26221414,308052509979,11748,11753,11748,0,0,11748,0,0,11748,11754,1400-2-4,2021-04-24
122,شخارك,پتروشيمي‌ خارك‌,293,391634,17182529330,44680,46000,43340,-1340,-3,44540,-140,-0.31,43340,46000,1400-2-4,2021-04-24
123,تسه9910,امتياز تسهيلات مسكن دي99,292,5246,2608918368,491684,485322,503000,11316,2.3,497316,5632,1.15,485322,516268,1400-2-4,2021-04-24
124,شاراك,پتروشيمي شازند,285,771877,18736139430,24450,24010,24330,-120,-0.49,24410,-40,-0.16,24010,24450,1400-2-4,2021-04-24
125,تسه9803,امتياز تسهيلات مسكن خرداد98,276,5240,2514694493,487382,471010,476500,-10882,-2.23,479904,-7478,-1.53,465000,489993,1400-2-4,2021-04-24
126,شساخت,مهندسي و ساختمان صنايع نفت,276,548946,20774135106,36805,37908,37909,1104,3,37371,566,1.54,37150,37909,1400-2-4,2021-04-24
127,ارمغان,ص سرمايه گذاري ارمغان ايرانيان,275,6252834,63342556689,10117,10123,10142,25,0.25,10130,13,0.13,10120,10142,1400-2-4,2021-04-24
128,جم,پتروشيمي جم,275,226647,7907522090,35590,34610,34650,-940,-2.64,35530,-60,-0.17,34610,35630,1400-2-4,2021-04-24
129,تنوينح,ح . تامين سرمايه نوين,273,53752900,301016240000,5700,5600,5600,-100,-1.75,5600,-100,-1.75,5600,5600,1400-2-4,2021-04-24
130,تنوين,تامين سرمايه نوين,265,4771275,32932910280,7100,6900,6900,-200,-2.82,6970,-130,-1.83,6890,7080,1400-2-4,2021-04-24
131,پارسان,گسترش نفت و گاز پارسيان,262,1523628,28766269520,19460,18880,18880,-580,-2.98,19320,-140,-0.72,18880,18980,1400-2-4,2021-04-24
132,ضسپا3004,اختيارخ خساپا-2500-1400/03/26,262,13678,666796000,73,57,40,-33,-45.21,49,-24,-32.88,38,65,1400-2-4,2021-04-24
133,ونفت,سرمايه‌گذاري‌ صنعت‌ نفت‌,261,1818760,26507134300,14950,14510,14510,-440,-2.94,14750,-200,-1.34,14510,15000,1400-2-4,2021-04-24
134,ونيكي,سرمايه‌گذاري‌ ملي‌ايران‌,260,1675100,14506366000,8920,8660,8660,-260,-2.91,8860,-60,-0.67,8660,8660,1400-2-4,2021-04-24
135,شبهرن,نفت‌ بهران‌,259,2258259,28386315630,12950,12570,12570,-380,-2.93,12770,-180,-1.39,12570,12570,1400-2-4,2021-04-24
136,گوهر,صندوق سكه طلاي كيان,258,641658,31159129469,48904,48201,49616,712,1.46,48560,-344,-0.7,47950,49800,1400-2-4,2021-04-24
137,ضسپا3003,اختيارخ خساپا-2000-1400/03/26,258,10947,1579851000,177,151,124,-53,-29.94,144,-33,-18.64,116,165,1400-2-4,2021-04-24
138,تسه9909,امتياز تسهيلات مسكن آذر99,249,3170,1572933922,491075,491104,515628,24553,5,496194,5119,1.04,467000,515628,1400-2-4,2021-04-24
139,سكه0012پ01,تمام سكه طرح جديد0012رفاه,248,57100,56555960900,1001377,997990,992000,-9377,-0.94,990472,-10905,-1.09,985301,997990,1400-2-4,2021-04-24
140,سيدكو,سرمايه گذاري توسعه صنايع سيمان,247,3356928,20410122240,6260,6080,6080,-180,-2.88,6180,-80,-1.28,6080,6080,1400-2-4,2021-04-24
141,سخوز,سيمان خوزستان,246,541785,12032987650,22880,22200,22240,-640,-2.8,22710,-170,-0.74,22200,22990,1400-2-4,2021-04-24
142,تسه0001,امتيازتسهيلات مسكن فروردين1400,246,4020,1977941004,471656,480001,495000,23344,4.95,492025,20369,4.32,480000,495238,1400-2-4,2021-04-24
143,اطلس,صندوق س.توسعه اندوخته آينده-س,244,148261,29688232162,202571,201001,199999,-2572,-1.27,200243,-2328,-1.15,199502,202650,1400-2-4,2021-04-24
144,كرماشا,صنايع پتروشيمي كرمانشاه,233,380906,13111746790,35440,34400,34390,-1050,-2.96,35170,-270,-0.76,34380,35000,1400-2-4,2021-04-24
145,سپاس,صندوق س. پاداش سهامداري-ثابت,230,7062620,71434513681,10097,10112,10114,17,0.17,10114,17,0.17,10112,10137,1400-2-4,2021-04-24
146,پتاير,ايران‌ تاير,229,1260270,4373136900,3690,3470,3470,-220,-5.96,3670,-20,-0.54,3470,3470,1400-2-4,2021-04-24
147,سحرخيز,صندوق س. گروه زعفران سحرخيز,223,546617,5391287413,10009,9950,9821,-188,-1.88,9863,-146,-1.46,9820,10009,1400-2-4,2021-04-24
148,نهال,صندوق س. طلاي سرخ نوويرا,222,331540,3494351838,10765,10700,10489,-276,-2.56,10540,-225,-2.09,10401,10760,1400-2-4,2021-04-24
149,كاريس,صندوق س.سپهر كاريزما-س,221,894471,9283864655,10587,10511,10310,-277,-2.62,10379,-208,-1.96,10310,10780,1400-2-4,2021-04-24
150,وحكمت,بيمه حكمت صبا,217,3093641,11055879148,3639,3599,3567,-72,-1.98,3602,-37,-1.02,3567,3639,1400-2-4,2021-04-24
151,شبندر,پالايش نفت بندرعباس,215,716583,15807820980,22740,22060,22060,-680,-2.99,22650,-90,-0.4,22060,22060,1400-2-4,2021-04-24
152,كيان2,صندوق س. با درآمد ثابت كيان,215,21500000,21500000,28075,1,1,-28074,-100,1,-28074,-100,1,1,1400-2-4,2021-04-24
153,سرود,سيمان‌شاهرود,213,866311,16936380420,20090,19490,19490,-600,-2.99,19900,-190,-0.95,19490,20090,1400-2-4,2021-04-24
154,كاردان,صندوق س تجارت شاخصي كاردان,211,277208,40560778700,148270,147100,146000,-2270,-1.53,146320,-1950,-1.32,146000,148950,1400-2-4,2021-04-24
155,مبين,مبين انرژي خليج فارس,208,2450782,38032546570,15980,15850,15510,-470,-2.94,15830,-150,-0.94,15510,15850,1400-2-4,2021-04-24
156,گكوثر,هتل پارسيان كوثر اصفهان,207,4856496,11267070720,2391,2320,2320,-71,-2.97,2375,-16,-0.67,2320,2320,1400-2-4,2021-04-24
157,تيپيكو,سرمايه گذاري دارويي تامين,198,719500,27070880790,38770,37610,37610,-1160,-2.99,38300,-470,-1.21,37610,38400,1400-2-4,2021-04-24
158,جم پيلن,پلي پروپيلن جم - جم پيلن,196,83036,6386225550,78670,76510,77000,-1670,-2.12,78490,-180,-0.23,76510,79620,1400-2-4,2021-04-24
159,بخاور,بيمه زندگي خاورميانه,195,1026785,6896505988,6907,6730,6700,-207,-3,6880,-27,-0.39,6700,6879,1400-2-4,2021-04-24
160,وخارزم,سرمايه گذاري خوارزمي,195,5467815,27612465750,5200,5050,5050,-150,-2.88,5110,-90,-1.73,5050,5050,1400-2-4,2021-04-24
161,شبصير,توليدات پتروشيمي قائد بصير,191,462023,30411285344,67852,65817,65817,-2035,-3,66579,-1273,-1.88,65817,67850,1400-2-4,2021-04-24
162,سباقر,سيمان باقران,190,619169,10153991523,16733,16399,16399,-334,-2,16560,-173,-1.03,16399,16600,1400-2-4,2021-04-24
163,ضخود7075,اختيارخ خودرو-2000-1400/07/07,189,9273,3527349000,431,400,341,-90,-20.88,380,-51,-11.83,341,450,1400-2-4,2021-04-24
164,دارا,صندوق س. دارا الگوريتم-د,187,7451833,74331463936,9970,9967,9976,6,0.06,9975,5,0.05,9962,9990,1400-2-4,2021-04-24
165,عيار,صندوق سكه طلاي مفيد,186,186260,4638935361,25152,25001,25138,-14,-0.06,24906,-246,-0.98,24835,25139,1400-2-4,2021-04-24
166,كنور,توسعه معدني و صنعتي صبانور,186,170407,7547431820,45630,44290,44280,-1350,-2.96,45440,-190,-0.42,44270,44600,1400-2-4,2021-04-24
167,حسينا,توسعه خدمات دريايي وبندري سينا,184,262029,16651833563,65512,63600,63547,-1965,-3,64838,-674,-1.03,63547,63615,1400-2-4,2021-04-24
168,سپ,پرداخت الكترونيك سامان كيش,184,581963,11903896250,21080,20450,20450,-630,-2.99,20930,-150,-0.71,20450,20900,1400-2-4,2021-04-24
169,ضخود7076,اختيارخ خودرو-2500-1400/07/07,181,9736,1692666000,181,188,167,-14,-7.73,174,-7,-3.87,167,205,1400-2-4,2021-04-24
170,سپيدما,صندوق س. سپيد دماوند-د,178,6922128,70674909618,10201,10206,10206,5,0.05,10210,9,0.09,10205,10211,1400-2-4,2021-04-24
171,پاكشو,گروه صنعتي پاكشو,178,825802,5484163420,6840,7250,6640,-200,-2.92,6830,-10,-0.15,6640,7250,1400-2-4,2021-04-24
172,شبريز,پالايش نفت تبريز,177,583635,15612236250,27570,26750,26750,-820,-2.97,27440,-130,-0.47,26750,26750,1400-2-4,2021-04-24
173,ضسپا3002,اختيارخ خساپا-1800-1400/03/26,171,7096,1529697000,413,215,188,-225,-54.48,216,-197,-47.7,180,240,1400-2-4,2021-04-24
174,درازك,دارويي‌ رازك‌,171,379694,12030684080,32590,31620,31620,-970,-2.98,32370,-220,-0.68,31620,32580,1400-2-4,2021-04-24
175,شوينده,مديريت صنعت شوينده ت.ص.بهشهر,164,195926,5069730040,26660,25870,25870,-790,-2.96,26580,-80,-0.3,25870,26540,1400-2-4,2021-04-24
176,صايند,صندوق س. گنجينه آينده روشن-د,160,1194020,11820908240,9873,9899,9904,31,0.31,9900,27,0.27,9879,9908,1400-2-4,2021-04-24
177,تسه9907,امتياز تسهيلات مسكن مهر99,159,1431,712579589,496052,482566,495000,-1052,-0.21,497959,1907,0.38,482566,514377,1400-2-4,2021-04-24
178,وتوسم,سرمايه‌گذاري‌توسعه‌ملي‌,157,1350388,11262285840,8590,8340,8340,-250,-2.91,8530,-60,-0.7,8340,8400,1400-2-4,2021-04-24
179,تسه9810,امتياز تسهيلات مسكن دي98,157,2010,991698283,492350,468551,480011,-12339,-2.51,493382,1032,0.21,467933,514999,1400-2-4,2021-04-24
180,فسازان,غلتك سازان سپاهان,154,588016,19640736500,34430,33400,33400,-1030,-2.99,34010,-420,-1.22,33400,33800,1400-2-4,2021-04-24
181,معيار ,سرمايه گذاري معيار صنعت پارس,152,339114,19519740954,55885,57561,57561,1676,3,57473,1588,2.84,57561,57561,1400-2-4,2021-04-24
182,حكشتي,كشتيراني جمهوري اسلامي ايران,151,332178,5816436780,18050,17510,17510,-540,-2.99,18020,-30,-0.17,17510,17510,1400-2-4,2021-04-24
183,ولانا,شركت ليزينگ آريا دانا,151,352519,14768783505,42750,41895,41895,-855,-2,42106,-644,-1.51,41895,41895,1400-2-4,2021-04-24
184,دالبرح,ح . البرزدارو,150,228319,2237062600,10060,10030,9570,-490,-4.87,9800,-260,-2.58,9570,10130,1400-2-4,2021-04-24
185,سامان,بانك سامان,147,1665109,14821862590,9080,8899,8899,-181,-1.99,9015,-65,-0.72,8899,8980,1400-2-4,2021-04-24
186,سفارس,سيمان فارس و خوزستان,144,970177,15881797490,16870,16370,16370,-500,-2.96,16710,-160,-0.95,16370,16370,1400-2-4,2021-04-24
187,تملت,تامين سرمايه بانك ملت,142,704878,3341121720,4880,4740,4740,-140,-2.87,4870,-10,-0.2,4740,4740,1400-2-4,2021-04-24
188,باران,بيمه زندگي باران50%تاديه,142,5714286,20600001030,3500,3605,3605,105,3,3605,105,3,3605,3605,1400-2-4,2021-04-24
189,پارس,پتروشيمي پارس,137,77084,11100621890,144540,141750,141930,-2610,-1.81,144480,-60,-0.04,141750,145750,1400-2-4,2021-04-24
190,بفجر,فجر انرژي خليج فارس,136,754249,16526734620,22580,21960,21910,-670,-2.97,22390,-190,-0.84,21910,22000,1400-2-4,2021-04-24
191,زرين,صندوق س. سهام زرين كوروش-س,134,145322,1410128262,9619,9356,9758,139,1.45,9703,84,0.87,9356,10000,1400-2-4,2021-04-24
192,زر,صندوق س.پشتوانه سكه طلاي زر,133,83719,3488932857,42086,41600,41800,-286,-0.68,41674,-412,-0.98,41261,41893,1400-2-4,2021-04-24
193,اخزا910,اسنادخزانه-م10بودجه99-020807,132,221232,133561135942,601186,595001,604001,2815,0.47,603715,2529,0.42,591150,606000,1400-2-4,2021-04-24
194,فيروزه,صندوق شاخص30 شركت فيروزه- سهام,131,111871,14259430030,127940,127940,127650,-290,-0.23,127460,-480,-0.38,126100,128500,1400-2-4,2021-04-24
195,تسه9902,امتياز تسهيلات مسكن ارديبهشت99,129,1663,833727088,502665,480000,527798,25133,5,501339,-1326,-0.26,480000,527798,1400-2-4,2021-04-24
196,بميلا,توسعه بازرگاني آهن وفولادميلاد,128,490218,6625786488,12873,13516,13516,643,4.99,13076,203,1.58,13516,13516,1400-2-4,2021-04-24
197,لوتوس,تامين سرمايه لوتوس پارسيان,127,1077571,9924526480,9470,9200,9260,-210,-2.22,9420,-50,-0.53,9190,9400,1400-2-4,2021-04-24
198,لبوتان,گروه‌صنعتي‌بوتان‌,124,176470,10559988530,61690,59840,59850,-1840,-2.98,61290,-400,-0.65,59840,59850,1400-2-4,2021-04-24
199,فافزا,فولاد افزا سپاهان,120,113086,5823341270,52533,51483,51483,-1050,-2,52225,-308,-0.59,51483,52790,1400-2-4,2021-04-24
200,كروي,توسعه‌ معادن‌ روي‌ ايران‌,117,709850,19258230500,27960,27130,27130,-830,-2.97,27630,-330,-1.18,27130,27130,1400-2-4,2021-04-24
201,بموتو,موتوژن‌,116,112295,6143251320,56390,54700,54700,-1690,-3,56180,-210,-0.37,54700,56000,1400-2-4,2021-04-24
202,بترانس,ايران‌ ترانسفو,113,1109735,3140550050,2910,2830,2830,-80,-2.75,2900,-10,-0.34,2830,2830,1400-2-4,2021-04-24
203,سكه0011پ02,تمام سكه طرح جديد0011ملت,112,21200,20932492000,1000493,996000,991000,-9493,-0.95,987382,-13111,-1.31,980000,996000,1400-2-4,2021-04-24
204,مارون,پتروشيمي مارون,111,15808,2404322781,156177,151500,152090,-4087,-2.62,156076,-101,-0.06,151500,156000,1400-2-4,2021-04-24
205,كاما,باما,111,483405,5960383650,12710,12330,12330,-380,-2.99,12660,-50,-0.39,12330,12330,1400-2-4,2021-04-24
206,شيراز,پتروشيمي‌شيراز,110,290923,15559907120,55100,55970,53780,-1320,-2.4,54840,-260,-0.47,53450,55970,1400-2-4,2021-04-24
207,تسه9904,امتياز تسهيلات مسكن تير99,107,834,415752970,501181,480000,492002,-9179,-1.83,498505,-2676,-0.53,480000,519000,1400-2-4,2021-04-24
208,فروي,ذوب روي اصفهان,106,35867,2134624505,61355,59515,59515,-1840,-3,61274,-81,-0.13,59515,59515,1400-2-4,2021-04-24
209,تسه9906,امتياز تسهيلات مسكن شهريور99,105,941,471081924,503182,478033,490000,-13182,-2.62,500618,-2564,-0.51,478033,527999,1400-2-4,2021-04-24
210,غبشهر,صنعتي‌ بهشهر,104,593071,14570056190,25700,24930,24190,-1510,-5.88,25350,-350,-1.36,24190,24930,1400-2-4,2021-04-24
211,اخزا903,اسنادخزانه-م3بودجه99-011110,103,288283,202879202653,704869,702001,702020,-2849,-0.4,703750,-1119,-0.16,701891,704869,1400-2-4,2021-04-24
212,آساس,صندوق س.آسمان آرماني سهام-س,98,42592,7034517025,165762,164100,164747,-1015,-0.61,165161,-601,-0.36,164100,166600,1400-2-4,2021-04-24
213,اخزا901,اسنادخزانه-م1بودجه99-010621,97,74274,56235131207,754555,751013,758998,4443,0.59,757131,2576,0.34,751013,759400,1400-2-4,2021-04-24
214,زعف0008پ16,زعفران0008نگين بيرجند(پ),97,84889,11600856519,140951,137000,135000,-5951,-4.22,136659,-4292,-3.05,135000,138000,1400-2-4,2021-04-24
215,خاتم,صندوق س خاتم ايساتيس پويا-ثابت,97,1165230,12822374667,11001,11004,11007,6,0.05,11004,3,0.03,11002,11010,1400-2-4,2021-04-24
216,ثاميد,توسعه و عمران اميد,97,1272171,1959143340,1580,1540,1540,-40,-2.53,1580,0,0,1540,1540,1400-2-4,2021-04-24
217,واعتبار,سرمايه گذاري اعتبار ايران,94,2085071,16828795620,8310,8510,8070,-240,-2.89,8230,-80,-0.96,8070,8510,1400-2-4,2021-04-24
218,فردا,صندوق س آواي فرداي زاگرس-ثابت,94,2375145,25095886819,10550,10566,10568,18,0.17,10566,16,0.15,10566,10568,1400-2-4,2021-04-24
219,آبادا,توليد نيروي برق آبادان,93,95188,1194609400,12930,12550,12550,-380,-2.94,12920,-10,-0.08,12550,12550,1400-2-4,2021-04-24
220,وسپهر,سرمايه گذاري مالي سپهرصادرات,92,238956,2421102192,10445,10132,10132,-313,-3,10438,-7,-0.07,10132,10132,1400-2-4,2021-04-24
221,اخزا902,اسنادخزانه-م2بودجه99-011019,90,128548,91065864331,707884,707899,709000,1116,0.16,708419,535,0.08,701000,710000,1400-2-4,2021-04-24
222,اتكاي,بيمه اتكايي ايرانيان,89,251522,4226114780,17309,16790,16842,-467,-2.7,17265,-44,-0.25,16790,16870,1400-2-4,2021-04-24
223,زعف0008پ20,زعفران0008نگين وحدت جام(پ),88,30148,4095163999,140188,138000,134537,-5651,-4.03,135835,-4353,-3.11,134537,139400,1400-2-4,2021-04-24
224,تسه9905,امتياز تسهيلات مسكن مرداد99,88,687,339088675,491119,482700,500000,8881,1.81,493579,2460,0.5,482000,514666,1400-2-4,2021-04-24
225,امين,تامين سرمايه امين,88,99066,695443320,7230,7020,7020,-210,-2.9,7230,0,0,7020,7020,1400-2-4,2021-04-24
226,داريك,صندوق س.اعتماد داريك-د,87,112974,1189897644,10532,10534,10536,4,0.04,10532,0,0,10530,10536,1400-2-4,2021-04-24
227,وبازار,صندوق س شاخصي بازارآشنا,87,942271,8578443320,9100,9100,9100,0,0,9100,0,0,8910,9210,1400-2-4,2021-04-24
228,خودكفا,اقتصادي و خودكفايي آزادگان,87,132202,2431723588,18769,18394,18394,-375,-2,18746,-23,-0.12,18394,18394,1400-2-4,2021-04-24
229,زپارس,ملي كشت و صنعت و دامپروري پارس,86,491987,76823770050,160970,156150,156150,-4820,-2.99,156150,-4820,-2.99,156150,156150,1400-2-4,2021-04-24
230,تسه9903,امتياز تسهيلات مسكن خرداد99,84,889,440337033,500639,500000,510000,9361,1.87,495317,-5322,-1.06,477222,510000,1400-2-4,2021-04-24
231,كخاك,صنايع‌خاك‌چيني‌ايران‌,84,70237,2795989960,41010,39780,39780,-1230,-3,40940,-70,-0.17,39780,40490,1400-2-4,2021-04-24
232,سشمال,سيمان‌ شمال‌,83,1352636,14148572560,10780,10460,10460,-320,-2.97,10690,-90,-0.83,10460,10460,1400-2-4,2021-04-24
233,زعف0008پ05,زعفران0008نگين زرين(پ),83,59537,8214391300,142277,135010,136500,-5777,-4.06,137971,-4306,-3.03,135010,143900,1400-2-4,2021-04-24
234,تسه9804,امتياز تسهيلات مسكن تير98,81,1397,704799874,516802,491530,501011,-15791,-3.06,504510,-12292,-2.38,491530,519998,1400-2-4,2021-04-24
235,بكهنوج,توليد برق ماهتاب كهنوج,77,738436,1188143524,1658,1609,1609,-49,-2.96,1657,-1,-0.06,1609,1609,1400-2-4,2021-04-24
236,سكرما,سيمان‌ كرمان‌,77,288377,4539053980,16220,15740,15740,-480,-2.96,16180,-40,-0.25,15740,15740,1400-2-4,2021-04-24
237,وآرين,شركت توسعه اقتصادي آرين,76,4083245,15148838950,3785,3710,3710,-75,-1.98,3727,-58,-1.53,3710,3710,1400-2-4,2021-04-24
238,سبزوا,سيمان لار سبزوار,76,393494,1311122008,3435,3332,3332,-103,-3,3432,-3,-0.09,3332,3332,1400-2-4,2021-04-24
239,تسه9808,امتياز تسهيلات مسكن آبان98,75,612,298811977,481866,460022,480000,-1866,-0.39,488255,6389,1.33,460022,505959,1400-2-4,2021-04-24
240,تسه9812,امتياز تسهيلات مسكن اسفند98,74,831,421296452,496339,471531,489000,-7339,-1.48,506975,10636,2.14,471531,521154,1400-2-4,2021-04-24
241,تسه9901,امتياز تسهيلات مسكن فروردين99,74,601,298772880,503909,478777,493000,-10909,-2.16,497126,-6783,-1.35,478777,527999,1400-2-4,2021-04-24
242,آتيمس,صندوق س.آرمان آتيه درخشان مس-س,73,14607,2571944177,176599,177000,174600,-1999,-1.13,176076,-523,-0.3,174600,178000,1400-2-4,2021-04-24
243,اخزا909,اسنادخزانه-م9بودجه99-020316,71,326656,213320821668,653118,652000,652000,-1118,-0.17,653044,-74,-0.01,651720,654090,1400-2-4,2021-04-24
244,زعف0008پ10,زعفران0008نگين طلاي سرخ(پ),71,25395,3668132013,145392,145499,143995,-1397,-0.96,144443,-949,-0.65,141000,146000,1400-2-4,2021-04-24
245,ساروج,بين المللي ساروج بوشهر,69,166959,3127827913,19093,19500,19000,-93,-0.49,19036,-57,-0.3,18712,19500,1400-2-4,2021-04-24
246,سكه0112پ03,تمام سكه طرح جديد0112سامان,68,32700,32345668100,1000324,985200,990000,-10324,-1.03,989164,-11160,-1.12,980000,993900,1400-2-4,2021-04-24
247,سمازن,سيمان‌مازندران‌,67,1759099,23255288780,13620,13220,13220,-400,-2.94,13430,-190,-1.4,13220,13220,1400-2-4,2021-04-24
248,البرز,بيمه البرز,66,1108391,3945871960,3670,3560,3560,-110,-3,3660,-10,-0.27,3560,3560,1400-2-4,2021-04-24
249,ثمسكن,سرمايه‌گذاري‌ مسكن‌,65,892047,4397791710,5080,4930,4930,-150,-2.95,5070,-10,-0.2,4930,4930,1400-2-4,2021-04-24
250,تسه9811,امتياز تسهيلات مسكن بهمن98,62,396,193925456,496372,472111,490000,-6372,-1.28,489711,-6661,-1.34,472111,520999,1400-2-4,2021-04-24
251,فيروزا,صندوق بادرآمد ثابت فيروزه آسيا,62,1095242,24798620644,22642,22670,22639,-3,-0.01,22642,0,0,22617,22670,1400-2-4,2021-04-24
252,فراز,صندوق س.سهام فراز داريك-س,62,133191,1361516340,10209,10230,10220,11,0.11,10222,13,0.13,10217,10240,1400-2-4,2021-04-24
253,وكادو,تكادو,62,652400,10527778800,16809,16137,16137,-672,-4,16441,-368,-2.19,16137,16137,1400-2-4,2021-04-24
254,خزاميا,زامياد,61,533258,4831317480,9330,9060,9060,-270,-2.89,9300,-30,-0.32,9060,9060,1400-2-4,2021-04-24
255,خصدرا,صنعتي‌ دريايي‌ ايران‌,60,360170,993348860,2814,2758,2758,-56,-1.99,2812,-2,-0.07,2758,2758,1400-2-4,2021-04-24
256,وپخش,داروپخش‌ (هلدينگ‌,60,43169,4068680100,97160,94250,94250,-2910,-3,96920,-240,-0.25,94250,94260,1400-2-4,2021-04-24
257,ما,بيمه  ما,59,393660,2768032470,7240,7060,7030,-210,-2.9,7230,-10,-0.14,7030,7070,1400-2-4,2021-04-24
258,سدشت,صنايع سيمان دشتستان,58,135939,9691091310,67260,71290,71290,4030,5.99,68000,740,1.1,71290,71290,1400-2-4,2021-04-24
259,ضخود7077,اختيارخ خودرو-3000-1400/07/07,57,4147,302924000,70,99,69,-1,-1.43,73,3,4.29,60,99,1400-2-4,2021-04-24
260,كدما,معدني‌ دماوند,55,5392,768737440,151670,142570,142570,-9100,-6,151520,-150,-0.1,142570,142570,1400-2-4,2021-04-24
261,فسپا,گروه‌صنعتي‌سپاهان‌,54,121843,4430211480,37480,36360,36360,-1120,-2.99,37380,-100,-0.27,36360,36360,1400-2-4,2021-04-24
262,وسپه,سرمايه‌گذاري‌ سپه‌,53,166746,1070509320,6610,6420,6420,-190,-2.87,6610,0,0,6420,6420,1400-2-4,2021-04-24
263,سپاها,سيمان‌سپاهان‌,53,113017,917698040,8370,8120,8120,-250,-2.99,8370,0,0,8120,8120,1400-2-4,2021-04-24
264,ساربيل,سيمان آرتا اردبيل,52,575899,31161894890,55780,54110,54110,-1670,-2.99,54710,-1070,-1.92,54110,54110,1400-2-4,2021-04-24
265,حتايد,تايدواترخاورميانه,52,256571,6601571830,26520,25730,25730,-790,-2.98,26410,-110,-0.41,25730,25730,1400-2-4,2021-04-24
266,ضملي3003,اختيارخ فملي-12000-1400/03/02,52,429,282158000,557,739,500,-57,-10.23,658,101,18.13,500,800,1400-2-4,2021-04-24
267,شنفت,نفت‌ پارس‌,51,62533,2954252720,48700,47240,47240,-1460,-3,48610,-90,-0.18,47240,48000,1400-2-4,2021-04-24
268,سشرق,سيمان‌ شرق‌,51,333492,2134348800,6590,6400,6400,-190,-2.88,6580,-10,-0.15,6400,6400,1400-2-4,2021-04-24
269,فباهنر,مس‌ شهيدباهنر,50,82743,2111601360,26300,25520,25520,-780,-2.97,26270,-30,-0.11,25520,25520,1400-2-4,2021-04-24
270,سكه0012پ04,تمام سكه طرح جديد0012صادرات,49,22500,22267742600,1000882,990000,989000,-11882,-1.19,989677,-11205,-1.12,982000,995899,1400-2-4,2021-04-24
271,ثاخت,بين‌المللي‌توسعه‌ساختمان,49,680373,1646502660,2490,2420,2420,-70,-2.81,2490,0,0,2420,2420,1400-2-4,2021-04-24
272,اخزا908,اسنادخزانه-م8بودجه99-020606,47,172286,107631742706,623459,617111,625997,2538,0.41,624727,1268,0.2,617111,626000,1400-2-4,2021-04-24
273,فاذر,صنايع‌ آذرآب‌,47,111879,2567623050,23650,22950,22950,-700,-2.96,23610,-40,-0.17,22950,22950,1400-2-4,2021-04-24
274,زعف0008پ08,زعفران0008نگين روستا(پ),47,12403,1715134488,141861,140000,136000,-5861,-4.13,138284,-3577,-2.52,136000,141990,1400-2-4,2021-04-24
275,آسيا,بيمه آسيا,46,367651,742655020,2080,2020,2020,-60,-2.88,2080,0,0,2020,2020,1400-2-4,2021-04-24
276,تسه9809,امتياز تسهيلات مسكن آذر98,46,234,115082398,490472,466811,487000,-3472,-0.71,491805,1333,0.27,466811,514995,1400-2-4,2021-04-24
277,دارو,كارخانجات‌داروپخش‌,46,53201,1745524810,33820,32810,32810,-1010,-2.99,33780,-40,-0.12,32810,32810,1400-2-4,2021-04-24
278,پارتا,مجتمع‌صنعتي‌آرتاويل‌تاير,46,26651,1390809086,53251,52186,52186,-1065,-2,53192,-59,-0.11,52186,52186,1400-2-4,2021-04-24
279,تسه9806,امتياز تسهيلات مسكن شهريور98,46,407,201540046,503496,478400,502005,-1491,-0.3,495184,-8312,-1.65,478400,520000,1400-2-4,2021-04-24
280,حفاري,حفاري شمال,45,366236,2486742440,6990,6790,6790,-200,-2.86,6980,-10,-0.14,6790,6790,1400-2-4,2021-04-24
281,انرژي3,سايراشخاص بورس انرژي,42,3810,934021500,252730,245150,245150,-7580,-3,252610,-120,-0.05,245150,245150,1400-2-4,2021-04-24
282,ثباغ,شهر سازي و خانه سازي باغميشه,41,90116,1404007280,16061,15580,15580,-481,-2.99,16047,-14,-0.09,15580,15580,1400-2-4,2021-04-24
283,اخزا911,اسنادخزانه-م11بودجه99-020906,40,178732,105730809481,588107,588500,592000,3893,0.66,591561,3454,0.59,588500,593000,1400-2-4,2021-04-24
284,اخزا815,اسنادخزانه-م15بودجه98-010406,40,27277,21625135014,795964,782370,792701,-3263,-0.41,792797,-3167,-0.4,782370,795964,1400-2-4,2021-04-24
285,ضپاس2001,اختيارخ وپارس-2500-1400/02/29,40,1294,185222000,171,165,112,-59,-34.5,143,-28,-16.37,112,171,1400-2-4,2021-04-24
286,چدن,توليدي چدن سازان,39,51416,1225757440,24570,23840,23840,-730,-2.97,24550,-20,-0.08,23840,23840,1400-2-4,2021-04-24
287,اخزا906,اسنادخزانه-م6بودجه99-020321,39,79546,59096706228,743556,721575,750000,6444,0.87,742925,-631,-0.08,711217,750000,1400-2-4,2021-04-24
288,رتاپ,تجارت الكترونيك  پارسيان,39,202739,1376597810,6990,6790,6790,-200,-2.86,6980,-10,-0.14,6790,6790,1400-2-4,2021-04-24
289,صنوين,صندوق سرمايه‌گذاري صنوين-مختلط,39,12960,1355326720,103940,105000,104600,660,0.63,104580,640,0.62,104490,105000,1400-2-4,2021-04-24
290,اخزا907,اسنادخزانه-م7بودجه99-020704,38,234153,144964434637,617165,617200,617050,-115,-0.02,619101,1936,0.31,617000,621950,1400-2-4,2021-04-24
291,وملي,گروه‌ صنعتي‌ ملي‌ (هلدينگ‌,36,35231,5935014260,173660,168460,168460,-5200,-2.99,173020,-640,-0.37,168460,168460,1400-2-4,2021-04-24
292,وبشهر,توسعه‌ صنايع‌ بهشهر(هلدينگ,36,901203,9913233000,11330,11000,11000,-330,-2.91,11260,-70,-0.62,11000,11000,1400-2-4,2021-04-24
293,ثروتم,صندوق س. ثروت آفرين پارسيان-س,36,75690,5455323870,72912,71408,71900,-1012,-1.39,72075,-837,-1.15,71408,73171,1400-2-4,2021-04-24
294,اخزا814,اسنادخزانه-م14بودجه98-010318,35,77731,62337775083,799958,793900,801011,1053,0.13,801968,2010,0.25,793900,805800,1400-2-4,2021-04-24
295,افق ملت,صندوق س در سهام افق ملت,35,12066,1460236490,122230,121010,121180,-1050,-0.86,121020,-1210,-0.99,121000,122210,1400-2-4,2021-04-24
296,زعف0008پ18,زعفران0008نگين بهرامن(پ),35,4876,686898656,141393,140000,142569,1176,0.83,140873,-520,-0.37,140000,142569,1400-2-4,2021-04-24
297,تسه9807,امتياز تسهيلات مسكن مهر98,34,233,114027395,500132,475550,492333,-7799,-1.56,489388,-10744,-2.15,475128,492333,1400-2-4,2021-04-24
298,كوير,توليدي فولاد سپيد فراب كوير,33,908404,18268004440,20730,20110,20110,-620,-2.99,20600,-130,-0.63,20110,20110,1400-2-4,2021-04-24
299,ضملي3002,اختيارخ فملي-10000-1400/03/02,33,729,1206066000,1423,1600,1555,132,9.28,1654,231,16.23,1555,1750,1400-2-4,2021-04-24
300,ثبهساز,بهساز كاشانه تهران,33,129417,289894080,2300,2240,2240,-60,-2.61,2300,0,0,2240,2240,1400-2-4,2021-04-24
301,جوين,كشت و صنعت جوين,33,454687,2205231950,5052,4850,4850,-202,-4,5029,-23,-0.46,4850,4850,1400-2-4,2021-04-24
302,تسه9805,امتياز تسهيلات مسكن مرداد98,33,275,139348105,515804,495855,505041,-10763,-2.09,506720,-9084,-1.76,495855,510740,1400-2-4,2021-04-24
303,اخزا809,اسنادخزانه-م9بودجه98-000923,32,19628,17263263983,879108,879000,880000,892,0.1,879522,414,0.05,878862,881975,1400-2-4,2021-04-24
304,سخند,صندوق س.سپهرخبرگان نفت-د,32,958510,9675480640,10089,10094,10099,10,0.1,10094,5,0.05,10094,10100,1400-2-4,2021-04-24
305,فاراك,ماشين‌ سازي‌ اراك‌,31,173685,409896600,2430,2360,2360,-70,-2.88,2430,0,0,2360,2360,1400-2-4,2021-04-24
306,اخزا905,اسنادخزانه-م5بودجه99-020218,31,114180,75756983569,663477,663500,662000,-1477,-0.22,663487,10,0,662000,665000,1400-2-4,2021-04-24
307,غزر,صنعتي زر ماكارون,31,87549,2245631850,26440,25650,25650,-790,-2.99,26400,-40,-0.15,25650,25650,1400-2-4,2021-04-24
308,فولاژ,فولاد آلياژي ايران,31,37246,700597260,19390,18810,18810,-580,-2.99,19380,-10,-0.05,18810,18810,1400-2-4,2021-04-24
309,سپيدار,سپيدار سيستم آسيا,31,4185,239335965,58957,57189,57189,-1768,-3,58948,-9,-0.02,57189,57189,1400-2-4,2021-04-24
310,ستران,سيمان‌ تهران‌,30,28327,646422140,23520,22820,22820,-700,-2.98,23510,-10,-0.04,22820,22820,1400-2-4,2021-04-24
311,ضشنا2002,اختيارخ شپنا-12000-1400/02/27,30,362,205353000,577,1000,400,-177,-30.68,567,-10,-1.73,300,1000,1400-2-4,2021-04-24
312,زعف0008پ11,زعفران0008نگين سحرخيز(پ),30,9038,1270065285,141973,137010,138215,-3758,-2.65,140525,-1448,-1.02,137010,144990,1400-2-4,2021-04-24
313,اخابر,مخابرات ايران,30,110886,1111077720,10320,10020,10020,-300,-2.91,10320,0,0,10020,10020,1400-2-4,2021-04-24
314,بكام,كارخانجات توليدي شهيد قندي,30,168991,648925440,3950,3840,3840,-110,-2.78,3950,0,0,3840,3840,1400-2-4,2021-04-24
315,ونيرو,سرمايه‌گذاري‌نيرو,30,179222,469561640,2700,2620,2620,-80,-2.96,2700,0,0,2620,2620,1400-2-4,2021-04-24
316,ضپاس2002,اختيارخ وپارس-3000-1400/02/29,30,1517,52602000,51,56,26,-25,-49.02,35,-16,-31.37,25,56,1400-2-4,2021-04-24
317,وهور,مديريت انرژي اميد  تابان هور,29,451822,966447258,2205,2139,2139,-66,-2.99,2204,-1,-0.05,2139,2139,1400-2-4,2021-04-24
318,ضسپا3005,اختيارخ خساپا-3000-1400/03/26,28,805,15768000,31,22,20,-11,-35.48,20,-11,-35.48,15,22,1400-2-4,2021-04-24
319,غسالم,سالمين‌,28,156001,659884230,4360,4230,4230,-130,-2.98,4360,0,0,4230,4230,1400-2-4,2021-04-24
320,كپرور,فرآوري زغال سنگ پروده طبس,28,156925,5624662775,36951,35843,35843,-1108,-3,36823,-128,-0.35,35843,35843,1400-2-4,2021-04-24
321,رمپنا,گروه مپنا (سهامي عام),28,47158,779050160,17030,16520,16520,-510,-2.99,17030,0,0,16520,16520,1400-2-4,2021-04-24
322,رافزا,رايان هم افزا,27,237450,26064649050,113163,109769,109769,-3394,-3,111339,-1824,-1.61,109769,109769,1400-2-4,2021-04-24
323,كرازي,كارخانجات‌توليدي‌شيشه‌رازي‌,27,139441,3158338650,23350,22650,22650,-700,-3,23300,-50,-0.21,22650,22650,1400-2-4,2021-04-24
324,ضجار2002,اختيارخ وتجارت-2500-1400/02/22,27,645,91898000,132,200,120,-12,-9.09,142,10,7.58,120,200,1400-2-4,2021-04-24
325,فرآور,فرآوري‌موادمعدني‌ايران‌,27,16832,557307520,35220,33110,33110,-2110,-5.99,35190,-30,-0.09,33110,33110,1400-2-4,2021-04-24
326,خمحركه,نيرو محركه‌,27,108375,484436250,4600,4470,4470,-130,-2.83,4600,0,0,4470,4470,1400-2-4,2021-04-24
327,وسديد,گروه ‌صنعتي‌سديد,26,118070,330123720,2912,2796,2796,-116,-3.98,2911,-1,-0.03,2796,2796,1400-2-4,2021-04-24
328,اخزا808,اسنادخزانه-م8بودجه98-000817,26,45273,40646946582,895272,896999,897100,1828,0.2,897819,2547,0.28,896300,899899,1400-2-4,2021-04-24
329,سجام,مجتمع سيمان غرب آسيا,26,63291,280379130,4520,4430,4430,-90,-1.99,4519,-1,-0.02,4430,4430,1400-2-4,2021-04-24
330,پارسيان,بيمه پارسيان,25,301390,2968691500,10150,9850,9850,-300,-2.96,10130,-20,-0.2,9850,9850,1400-2-4,2021-04-24
331,ولبهمن,شركت بهمن ليزينگ,25,1105375,8377637125,7813,7579,7579,-234,-3,7773,-40,-0.51,7579,7579,1400-2-4,2021-04-24
332,بمپنا,توليد برق عسلويه  مپنا,25,8318,575480830,71324,69185,69185,-2139,-3,71299,-25,-0.04,69185,69185,1400-2-4,2021-04-24
333,ختوقا,قطعات‌ اتومبيل‌ ايران‌,25,183285,456379650,2560,2490,2490,-70,-2.73,2560,0,0,2490,2490,1400-2-4,2021-04-24
334,واميد,گروه مديريت سرمايه گذاري اميد,24,1002410,12409835800,12760,12380,12380,-380,-2.98,12720,-40,-0.31,12380,12380,1400-2-4,2021-04-24
335,حفارس,حمل و نقل بين المللي خليج فارس,24,713631,3354065700,4840,4700,4700,-140,-2.89,4830,-10,-0.21,4700,4700,1400-2-4,2021-04-24
336,كالا,بورس كالاي ايران,23,19808,625338560,32540,31570,31570,-970,-2.98,32530,-10,-0.03,31570,31570,1400-2-4,2021-04-24
337,ماديرا,صنايع ماديران,23,32340,258946380,8254,8007,8007,-247,-2.99,8253,-1,-0.01,8007,8007,1400-2-4,2021-04-24
338,ثشاهد,سرمايه‌ گذاري‌ شاهد,23,70967,1215664710,17650,17130,17130,-520,-2.95,17640,-10,-0.06,17130,17130,1400-2-4,2021-04-24
339,اخزا818,اسنادخزانه-م18بودجه98-010614,23,27754,21289924568,775002,765001,767021,-7981,-1.03,767094,-7908,-1.02,765001,769858,1400-2-4,2021-04-24
340,خكاوه,سايپا ديزل,22,86081,299561880,3625,3480,3480,-145,-4,3623,-2,-0.06,3480,3480,1400-2-4,2021-04-24
341,تكشا,گسترش‌صنايع‌وخدمات‌كشاورزي‌,22,29521,1332282730,46520,45130,45130,-1390,-2.99,46480,-40,-0.09,45130,45130,1400-2-4,2021-04-24
342,آسام,صندوق س.آرمان سپهر آشنا-م,22,6410,655432920,102460,101300,102965,505,0.49,102252,-208,-0.2,101000,103000,1400-2-4,2021-04-24
343,پلوله,گازلوله‌,22,85095,2300883705,26252,27039,27039,787,3,26340,88,0.34,27039,27039,1400-2-4,2021-04-24
344,چكاپا,گروه صنايع كاغذ پارس,22,95348,481507400,5200,5050,5050,-150,-2.88,5200,0,0,5050,5050,1400-2-4,2021-04-24
345,كزغال,زغال سنگ پروده طبس,21,4184,138151496,34040,33019,33019,-1021,-3,34037,-3,-0.01,33019,33019,1400-2-4,2021-04-24
346,وبوعلي,سرمايه‌گذاري‌بوعلي‌,21,129113,725615060,5790,5620,5620,-170,-2.94,5790,0,0,5620,5620,1400-2-4,2021-04-24
347,غپينو,پارس‌ مينو,21,40411,249335870,6360,6170,6170,-190,-2.99,6360,0,0,6170,6170,1400-2-4,2021-04-24
348,فوكا,فولاد كاويان,21,199659,2297875431,11988,11509,11509,-479,-4,11948,-40,-0.33,11509,11509,1400-2-4,2021-04-24
349,ضجار2003,اختيارخ وتجارت-3000-1400/02/22,20,907,59037000,74,90,33,-41,-55.41,65,-9,-12.16,33,99,1400-2-4,2021-04-24
350,بورس,بورس اوراق بهادار تهران,20,21102,721688400,35250,34200,34200,-1050,-2.98,35240,-10,-0.03,34200,34200,1400-2-4,2021-04-24
351,نوين,بيمه نوين,20,287935,1667719520,5971,5792,5792,-179,-3,5965,-6,-0.1,5792,5792,1400-2-4,2021-04-24
352,فرابورس,فرابورس ايران,20,13024,396802208,31409,30467,30467,-942,-3,31401,-8,-0.03,30467,30467,1400-2-4,2021-04-24
353,زگلدشتح,ح.كشت و دام گلدشت نمونه اصفهان,20,300842,2222921538,7617,7389,7389,-228,-2.99,7389,-228,-2.99,7389,7389,1400-2-4,2021-04-24
354,اخزا821,اسنادخزانه-م21بودجه98-020906,20,45000,27270000000,605485,606000,606000,515,0.09,606000,515,0.09,606000,606000,1400-2-4,2021-04-24
355,شپلي,پلي اكريل ايران,20,92765,792120335,8713,8539,8539,-174,-2,8702,-11,-0.13,8539,8539,1400-2-4,2021-04-24
356,شسينا,صنايع‌شيميايي‌سينا,20,2388,307192320,132610,128640,128640,-3970,-2.99,132580,-30,-0.02,128640,128640,1400-2-4,2021-04-24
357,ساوه,سيمان ساوه,20,106178,6048323592,58725,56964,56964,-1761,-3,58505,-220,-0.37,56964,56964,1400-2-4,2021-04-24
358,دشيمي,شيمي‌ داروئي‌ داروپخش‌,20,261125,7810248750,30830,29910,29910,-920,-2.98,30680,-150,-0.49,29910,29910,1400-2-4,2021-04-24
359,سمايه,بانك سرمايه,20,294586,1451130636,5026,4926,4926,-100,-1.99,5019,-7,-0.14,4926,4926,1400-2-4,2021-04-24
360,وآيند,بانك  آينده,20,70021,1125587575,16403,16075,16075,-328,-2,16399,-4,-0.02,16075,16075,1400-2-4,2021-04-24
361,سصوفي,سيمان‌ صوفيان‌,19,325193,6302240340,19970,19380,19380,-590,-2.95,19890,-80,-0.4,19380,19380,1400-2-4,2021-04-24
362,اوصتا,صندوق انديشه ورزان صباتامين -د,19,43548,802408692,18419,18430,18429,10,0.05,18426,7,0.04,18420,18430,1400-2-4,2021-04-24
363,ضمخا7066,اختيارخ اخابر-11700-1400/07/28,19,133,144949000,1129,1110,1050,-79,-7,1090,-39,-3.45,1050,1449,1400-2-4,2021-04-24
364,چكارن,كارتن‌ ايران‌,19,55246,178997040,3330,3240,3240,-90,-2.7,3330,0,0,3240,3240,1400-2-4,2021-04-24
365,فسرب,ملي‌ سرب‌وروي‌ ايران‌,18,4011,307643700,79070,76700,76700,-2370,-3,79050,-20,-0.03,76700,76700,1400-2-4,2021-04-24
366,دفرا,فرآورده‌هاي‌ تزريقي‌ ايران‌,18,30536,779584080,26310,25530,25530,-780,-2.96,26300,-10,-0.04,25530,25530,1400-2-4,2021-04-24
367,شاروم,پتروشيمي اروميه,18,17595,335589435,19662,19073,19073,-589,-3,19658,-4,-0.02,19073,19073,1400-2-4,2021-04-24
368,خراسان,پتروشيمي خراسان,18,4128,288174400,71950,70000,69800,-2150,-2.99,71940,-10,-0.01,69800,70000,1400-2-4,2021-04-24
369,وپويا,سرمايه گذاري پويا,18,556392,3573149424,6620,6422,6422,-198,-2.99,6605,-15,-0.23,6422,6422,1400-2-4,2021-04-24
370,ضشنا2001,اختيارخ شپنا-10000-1400/02/27,17,343,314953000,1038,995,950,-88,-8.48,918,-120,-11.56,851,1000,1400-2-4,2021-04-24
371,ولپارس,ليزينگ پارسيان,17,20593,100081980,5010,4860,4860,-150,-2.99,5010,0,0,4860,4860,1400-2-4,2021-04-24
372,دسبحان,سبحان دارو,17,53905,997781550,19080,18510,18510,-570,-2.99,19070,-10,-0.05,18510,18510,1400-2-4,2021-04-24
373,اخزا817,اسنادخزانه-م17بودجه98-010512,17,77304,60136684420,779706,776255,776120,-3586,-0.46,777925,-1781,-0.23,775561,779706,1400-2-4,2021-04-24
374,هجرتح,ح . پخش هجرت,16,123513,2729405554,22620,23977,21942,-678,-3,22098,-522,-2.31,21942,23977,1400-2-4,2021-04-24
375,اخزا811,اسنادخزانه-م11بودجه98-001013,16,1939,1686963233,868599,871000,870010,1411,0.16,870017,1418,0.16,870001,871000,1400-2-4,2021-04-24
376,ساروم,سيمان‌اروميه‌,16,58850,2318690000,40610,39400,39400,-1210,-2.98,40550,-60,-0.15,39400,39400,1400-2-4,2021-04-24
377,اخزا816,اسنادخزانه-م16بودجه98-010503,16,12269,9565784993,781971,776061,779000,-2971,-0.38,779671,-2300,-0.29,776061,781000,1400-2-4,2021-04-24
378,ولساپا,ليزينگ رايان‌ سايپا,16,77571,254432880,3380,3280,3280,-100,-2.96,3380,0,0,3280,3280,1400-2-4,2021-04-24
379,غشهداب,كشت و صنعت شهداب ناب خراسان,16,69155,266799990,3977,3858,3858,-119,-2.99,3976,-1,-0.03,3858,3858,1400-2-4,2021-04-24
380,فاما,صنعتي‌ آما,15,225772,4077442320,18610,18060,18060,-550,-2.96,18560,-50,-0.27,18060,18060,1400-2-4,2021-04-24
381,تليسه,دامداري تليسه نمونه,15,110150,465824350,4359,4229,4229,-130,-2.98,4358,-1,-0.02,4229,4229,1400-2-4,2021-04-24
382,سخاش,سيمان‌خاش‌,15,1746,264047580,155900,151230,151230,-4670,-3,155870,-30,-0.02,151230,151230,1400-2-4,2021-04-24
383,تملي710,تسهيلات مسكن ب. ملي-دي97,15,234,191298276,778585,817514,817514,38929,5,817514,38929,5,817514,817514,1400-2-4,2021-04-24
384,كماسه,تامين‌ ماسه‌ ريخته‌گري‌,15,10855,461988800,43870,42560,42560,-1310,-2.99,43860,-10,-0.02,42560,42560,1400-2-4,2021-04-24
385,دكپسول,توليد ژلاتين كپسول ايران,15,19667,635735775,33324,32325,32325,-999,-3,33311,-13,-0.04,32325,32325,1400-2-4,2021-04-24
386,لابسا,آبسال‌,15,9217,475689370,53200,51610,51610,-1590,-2.99,53180,-20,-0.04,51610,51610,1400-2-4,2021-04-24
387,كيسون,شركت كيسون,14,57446,641327144,11629,11164,11164,-465,-4,11616,-13,-0.11,11164,11164,1400-2-4,2021-04-24
388,كهمدا,شيشه‌ همدان‌,14,34255,338096850,10170,9870,9870,-300,-2.95,10170,0,0,9870,9870,1400-2-4,2021-04-24
389,وگردش,بانك گردشگري,14,20250,337547250,17363,16669,16669,-694,-4,17361,-2,-0.01,16669,16669,1400-2-4,2021-04-24
390,آريان,سرمايه گذاري پارس آريان,14,217781,2192183546,10271,10066,10066,-205,-2,10265,-6,-0.06,10066,10066,1400-2-4,2021-04-24
391,خعمرا,توسعه و عمران شهرستان نائين,14,37515,892894515,22668,23801,23801,1133,5,22716,48,0.21,23801,23801,1400-2-4,2021-04-24
392,برن0003پ01,برنج طارم0003تجارت مازندران(پ),14,1442,397200000,275428,273500,275000,-428,-0.16,275451,23,0.01,273500,278000,1400-2-4,2021-04-24
393,اراد50,مرابحه عام دولت5-ش.خ0302,14,188300,188300188300,1000000,1000001,1000001,1,0,1000001,1,0,1000001,1000001,1400-2-4,2021-04-24
394,ودي,بيمه  دي,14,416683,8677423475,21469,20825,20825,-644,-3,21354,-115,-0.54,20825,20825,1400-2-4,2021-04-24
395,شجم,صنايع پتروشيمي تخت جمشيد,14,193264,1923170064,10365,9951,9951,-414,-3.99,10334,-31,-0.3,9951,9951,1400-2-4,2021-04-24
396,غپاك,لبنيات‌ پاك‌,14,54512,1639720960,31010,30080,30080,-930,-3,30980,-30,-0.1,30080,30080,1400-2-4,2021-04-24
397,سنير,سيمان‌ سفيد ني‌ريز,13,1094,256564880,249480,234520,234520,-14960,-6,249400,-80,-0.03,234520,234520,1400-2-4,2021-04-24
398,پرديس,سرمايه گذاري پرديس,13,90400,476408000,5430,5270,5270,-160,-2.95,5430,0,0,5270,5270,1400-2-4,2021-04-24
399,شاملا,معدني‌ املاح‌  ايران‌,13,6665,324652150,50210,48710,48710,-1500,-2.99,50200,-10,-0.02,48710,48710,1400-2-4,2021-04-24
400,كفپارس,فرآورده‌هاي‌ نسوز پارس‌,13,54429,244386210,4620,4490,4490,-130,-2.81,4620,0,0,4490,4490,1400-2-4,2021-04-24
401,پكوير,كوير تاير,13,19654,245675000,12880,12500,12500,-380,-2.95,12880,0,0,12500,12500,1400-2-4,2021-04-24
402,ورنا,سرمايه‌گذاري‌ رنا(هلدينگ‌,13,20840,111494000,5510,5350,5350,-160,-2.9,5510,0,0,5350,5350,1400-2-4,2021-04-24
403,وايرا,سرمايه گذاري صنايع ايران,13,504346,6462689644,13347,12814,12814,-533,-3.99,13168,-179,-1.34,12814,12814,1400-2-4,2021-04-24
404,مفاخر,توسعه فناوري اطلاعات خوارزمي,13,260000,16546660000,65609,63641,63641,-1968,-3,64938,-671,-1.02,63641,63641,1400-2-4,2021-04-24
405,اخزا812,اسنادخزانه-م12بودجه98-001111,13,30727,26436439838,856739,856777,859000,2261,0.26,860365,3626,0.42,856777,862000,1400-2-4,2021-04-24
406,فخاس,فولاد خراسان,13,391521,10539745320,27750,26920,26920,-830,-2.99,27660,-90,-0.32,26920,26920,1400-2-4,2021-04-24
407,تپكو,توليدتجهيزات‌سنگين‌هپكو,13,219529,1167235693,5425,5317,5317,-108,-1.99,5422,-3,-0.06,5317,5317,1400-2-4,2021-04-24
408,ضچاد2004,اختيارخ كچاد-20000-1400/02/05,12,59,116719000,2040,1600,1532,-508,-24.9,1978,-62,-3.04,1500,2320,1400-2-4,2021-04-24
409,اخزا810,اسنادخزانه-م10بودجه98-001006,12,56404,49296119328,874000,874000,873610,-390,-0.04,873983,-17,0,873506,874000,1400-2-4,2021-04-24
410,شپترو,پتروشيمي آبادان,12,24530,119436570,4968,4869,4869,-99,-1.99,4967,-1,-0.02,4869,4869,1400-2-4,2021-04-24
411,ضصاد3001,اختيارخ وبصادر-2000-1400/03/12,12,800,287703000,380,370,330,-50,-13.16,360,-20,-5.26,330,380,1400-2-4,2021-04-24
412,شراز,پالايش نفت شيراز,12,20381,2235408461,113073,109681,109681,-3392,-3,112917,-156,-0.14,109681,109681,1400-2-4,2021-04-24
413,ضملي3004,اختيارخ فملي-14000-1400/03/02,12,148,21141000,115,150,150,35,30.43,143,28,24.35,100,150,1400-2-4,2021-04-24
414,شگل,گلتاش‌,12,8864,87044480,10120,9820,9820,-300,-2.96,10120,0,0,9820,9820,1400-2-4,2021-04-24
415,اتكام,شركت بيمه اتكايي امين,12,132107,616807583,4813,4669,4669,-144,-2.99,4811,-2,-0.04,4669,4669,1400-2-4,2021-04-24
416,سيستم,همكاران سيستم,11,10889,272442780,25790,25020,25020,-770,-2.99,25790,0,0,25020,25020,1400-2-4,2021-04-24
417,شدوص,دوده‌ صنعتي‌ پارس‌,11,304190,8146208200,27600,26780,26780,-820,-2.97,27460,-140,-0.51,26780,26780,1400-2-4,2021-04-24
418,واتي,سرمايه‌ گذاري‌ آتيه‌ دماوند,11,23889,241040010,10400,10090,10090,-310,-2.98,10400,0,0,10090,10090,1400-2-4,2021-04-24
419,سيمرغ,سيمرغ,11,24560,435448800,18270,17730,17730,-540,-2.96,18270,0,0,17730,17730,1400-2-4,2021-04-24
420,الماس,صندوق س.امين تدبيرگران فردا-س,11,1144,123754014,108300,108000,108238,-62,-0.06,108177,-123,-0.11,108000,109490,1400-2-4,2021-04-24
421,لپارس,پارس‌ الكتريك‌,11,41809,3773680340,93050,90260,90260,-2790,-3,92830,-220,-0.24,90260,90260,1400-2-4,2021-04-24
422,سصفها,سيمان‌اصفهان‌,11,2078,255988820,126990,123190,123190,-3800,-2.99,126970,-20,-0.02,123190,123190,1400-2-4,2021-04-24
423,فسديد,لوله‌وتجهيزات‌ سديد - ورشكسته,11,14360,1598856760,113613,111341,111341,-2272,-2,112872,-741,-0.65,111341,111341,1400-2-4,2021-04-24
424,تمحركه,ماشين سازي نيرو محركه,11,60485,1522891330,25691,25178,25178,-513,-2,25651,-40,-0.16,25178,25178,1400-2-4,2021-04-24
425,خفولا,خدمات فني فولاد يزد,11,4756,200070652,43819,42067,42067,-1752,-4,43801,-18,-0.04,42067,42067,1400-2-4,2021-04-24
426,ضفلا3004,اختيارخ فولاد-8560-1400/03/19,11,305,312381000,1002,1100,850,-152,-15.17,1024,22,2.2,850,1100,1400-2-4,2021-04-24
427,اطلس2,صندوق س.توسعه اندوخته آينده-س,11,110000,110000,202571,1,1,-202570,-100,1,-202570,-100,1,1,1400-2-4,2021-04-24
428,شپارس,بين‌ المللي‌ محصولات‌  پارس‌,11,61719,1343622630,22440,21770,21770,-670,-2.99,22420,-20,-0.09,21770,21770,1400-2-4,2021-04-24
429,گنجين,صندوق س. گنجينه يكم آويد-د,11,25271,320754651,12669,12683,12693,24,0.19,12693,24,0.19,12683,12696,1400-2-4,2021-04-24
430,والبر,سرمايه‌ گذاري‌ البرز(هلدينگ‌,11,10702,179900620,17320,16810,16810,-510,-2.94,17320,0,0,16810,16810,1400-2-4,2021-04-24
431,خبازرس,بازرسي مهندسي و صنعتي ايران,10,137367,4333791483,32192,31549,31549,-643,-2,32050,-142,-0.44,31549,31549,1400-2-4,2021-04-24
432,وبيمه,سرمايه‌ گذاري‌ صنعت‌ بيمه‌,10,56384,153364480,2800,2720,2720,-80,-2.86,2800,0,0,2720,2720,1400-2-4,2021-04-24
433,حريل,ريل پردازسير,10,29918,162245314,5590,5423,5423,-167,-2.99,5589,-1,-0.02,5423,5423,1400-2-4,2021-04-24
434,دلر,داروسازي‌ اكسير,10,3443,120642720,36120,35040,35040,-1080,-2.99,36120,0,0,35040,35040,1400-2-4,2021-04-24
435,اخزا914,اسنادخزانه-م14بودجه99-021025,10,1345,779565615,577812,579999,579997,2185,0.38,579603,1791,0.31,573299,579999,1400-2-4,2021-04-24
436,ضسپا3000,اختيارخ خساپا-1400-1400/03/26,10,215,133980000,722,650,580,-142,-19.67,623,-99,-13.71,580,650,1400-2-4,2021-04-24
437,سهگمت,سيمان‌هگمتان‌,10,152802,3699336420,24950,24210,24210,-740,-2.97,24890,-60,-0.24,24210,24210,1400-2-4,2021-04-24
438,اخزا720,اسنادخزانه-م20بودجه97-000324,10,441,429244000,970905,979000,973500,2595,0.27,973342,2437,0.25,972000,979000,1400-2-4,2021-04-24
439,كبافق,معادن‌ بافق‌,10,7588,368321520,50040,48540,48540,-1500,-3,50030,-10,-0.02,48540,48540,1400-2-4,2021-04-24
440,وصندوق,سرمايه‌گذاري‌صندوق‌بازنشستگي‌,10,12484,174276640,14390,13960,13960,-430,-2.99,14390,0,0,13960,13960,1400-2-4,2021-04-24
441,اخزا721,اسنادخزانه-م21بودجه97-000728,10,48108,43597435440,905007,906000,907000,1993,0.22,906241,1234,0.14,905999,907100,1400-2-4,2021-04-24
442,خاذين,سايپاآذين‌,9,17919,82606590,4750,4610,4610,-140,-2.95,4750,0,0,4610,4610,1400-2-4,2021-04-24
443,عيار2,صندوق سكه طلاي مفيد,9,90000,90000,25152,1,1,-25151,-100,1,-25151,-100,1,1,1400-2-4,2021-04-24
444,وتوكا,سرمايه‌گذاري‌توكافولاد(هلدينگ,9,12300,142680000,11950,11600,11600,-350,-2.93,11950,0,0,11600,11600,1400-2-4,2021-04-24
445,بذر,صندوق س بذر اميد آفرين-سهام,9,5030,471562500,94440,93750,93750,-690,-0.73,93750,-690,-0.73,93750,93750,1400-2-4,2021-04-24
446,خديزل,بهمن  ديزل,9,115106,4391754324,39333,38154,38154,-1179,-3,39226,-107,-0.27,38154,38154,1400-2-4,2021-04-24
447,قشرين,قند شيرين خراسان,9,23916,343266348,14645,14353,14353,-292,-1.99,14640,-5,-0.03,14353,14353,1400-2-4,2021-04-24
448,كحافظ,كاشي‌ وسراميك‌ حافظ‌,9,9100,105924000,11990,11640,11640,-350,-2.92,11990,0,0,11640,11640,1400-2-4,2021-04-24
449,بزاگرس,نيروگاه زاگرس كوثر,9,155832,1083032400,7164,6950,6950,-214,-2.99,7159,-5,-0.07,6950,6950,1400-2-4,2021-04-24
450,وسنا,سرمايه گذاري نيروگاهي ايران,9,29475,444394575,15705,15077,15077,-628,-4,15692,-13,-0.08,15077,15077,1400-2-4,2021-04-24
451,زشگزا,شير و گوشت زاگرس شهركرد,9,11560,92375960,8238,7991,7991,-247,-3,8238,0,0,7991,7991,1400-2-4,2021-04-24
452,كلر,كلر پارس,9,1320,172671840,134857,130812,130812,-4045,-3,134843,-14,-0.01,130812,130812,1400-2-4,2021-04-24
453,غديس,پاكديس,9,12144,158284896,13437,13034,13034,-403,-3,13436,-1,-0.01,13034,13034,1400-2-4,2021-04-24
454,وساربيل,شركت س استان اردبيل,9,109102,136377500,1280,1250,1250,-30,-2.34,1280,0,0,1250,1250,1400-2-4,2021-04-24
455,اميد,تامين سرمايه اميد,9,11095,83545350,7760,7530,7530,-230,-2.96,7760,0,0,7530,7530,1400-2-4,2021-04-24
456,اخزا904,اسنادخزانه-م4بودجه99-011215,9,1600,1116986988,700000,715000,694500,-5500,-0.79,698117,-1883,-0.27,694500,715000,1400-2-4,2021-04-24
457,ملت,بيمه ملت,9,8863,134274450,15610,15150,15150,-460,-2.95,15610,0,0,15150,15150,1400-2-4,2021-04-24
458,دامين,داروسازي‌ امين‌,9,114572,582025760,5230,5080,5080,-150,-2.87,5230,0,0,5080,5080,1400-2-4,2021-04-24
459,لسرما,سرما آفرين‌,9,31333,737892150,24270,23550,23550,-720,-2.97,24260,-10,-0.04,23550,23550,1400-2-4,2021-04-24
460,اخزا813,اسنادخزانه-م13بودجه98-010219,9,17631,14406719874,815516,817011,817111,1595,0.2,817124,1608,0.2,817011,817200,1400-2-4,2021-04-24
461,شلعابح,ح . لعابيران‌,9,61233,950442160,16510,15600,15520,-990,-6,15520,-990,-6,15520,15600,1400-2-4,2021-04-24
462,آپ,آسان پرداخت پرشين,8,4536,76749120,17440,16920,16920,-520,-2.98,17440,0,0,16920,16920,1400-2-4,2021-04-24
463,اخزا806,اسنادخزانه-م6بودجه98-000519,8,2010,1897947062,940278,942500,944500,4222,0.45,944252,3974,0.42,942000,948000,1400-2-4,2021-04-24
464,فروس,فروسيليس‌ ايران‌,8,15560,79667200,5270,5120,5120,-150,-2.85,5270,0,0,5120,5120,1400-2-4,2021-04-24
465,شاوان,پالايش نفت لاوان,8,2721,230528562,87342,84722,84722,-2620,-3,87330,-12,-0.01,84722,84722,1400-2-4,2021-04-24
466,ضملت3002,اختيارخ وبملت-4000-1400/03/19,8,90,38230000,533,460,414,-119,-22.33,425,-108,-20.26,340,460,1400-2-4,2021-04-24
467,آينده,بازرگاني آينده سازان بهشت پارس,8,11605,221411795,19873,19079,19079,-794,-4,19864,-9,-0.05,19079,19079,1400-2-4,2021-04-24
468,مرقام,ايران‌ارقام‌,8,6051,114605940,19520,18940,18940,-580,-2.97,19520,0,0,18940,18940,1400-2-4,2021-04-24
469,گدنا,تهيه توزيع غذاي دنا آفرين فدك,8,1216,40053824,33957,32939,32939,-1018,-3,33956,-1,0,32939,32939,1400-2-4,2021-04-24
470,پست0008پ08,پسته فندقي32-30مه ولات0008(پ),8,36,59730043,1601930,1680000,1600011,-1919,-0.12,1659168,57238,3.57,1600010,1680000,1400-2-4,2021-04-24
471,زشريف,كشت وصنعت شريف آباد,8,21581,109070374,5210,5054,5054,-156,-2.99,5210,0,0,5054,5054,1400-2-4,2021-04-24
472,شپاس,نفت پاسارگاد,8,251488,5280745024,21647,20998,20998,-649,-3,21576,-71,-0.33,20998,20998,1400-2-4,2021-04-24
473,وسرمد,بيمه  سرمد,8,31000,189472000,6236,6112,6112,-124,-1.99,6235,-1,-0.02,6112,6112,1400-2-4,2021-04-24
474,وصنا,گروه‌صنايع‌بهشهرايران‌,8,32732,179698680,5650,5490,5490,-160,-2.83,5650,0,0,5490,5490,1400-2-4,2021-04-24
475,دانا,بيمه دانا,8,60181,387565640,6630,6440,6440,-190,-2.87,6630,0,0,6440,6440,1400-2-4,2021-04-24
476,بسويچ,پارس‌سويچ‌,7,1490,79640500,55100,53450,53450,-1650,-2.99,55100,0,0,53450,53450,1400-2-4,2021-04-24
477,اشاد10,مشاركت دولتي10-شرايط خاص001226,7,79100,75435340000,953297,955000,952900,-397,-0.04,953671,374,0.04,952900,955000,1400-2-4,2021-04-24
478,زدشت,كشت و صنعت دشت خرم دره,7,9171,262153035,29469,28585,28585,-884,-3,29464,-5,-0.02,28585,28585,1400-2-4,2021-04-24
479,تكمبا,كمباين‌ سازي‌ ايران‌,7,208413,1613116620,7970,7740,7740,-230,-2.89,7960,-10,-0.13,7740,7740,1400-2-4,2021-04-24
480,غگرجي,بيسكويت‌  گرجي‌,7,3865,69338100,18490,17940,17940,-550,-2.97,18490,0,0,17940,17940,1400-2-4,2021-04-24
481,ضملي7000,اختيارخ فملي-7720-1400/07/11,7,20,96000000,4000,4800,4800,800,20,4800,800,20,4800,4800,1400-2-4,2021-04-24
482,زنجان,صنايع كشاورزي وكود زنجان,7,24160,216956800,9354,8980,8980,-374,-4,9350,-4,-0.04,8980,8980,1400-2-4,2021-04-24
483,بنيرو,نيروترانس‌,7,5195,76054800,15090,14640,14640,-450,-2.98,15090,0,0,14640,14640,1400-2-4,2021-04-24
484,اخزا716,اسنادخزانه-م16بودجه97-000407,7,3410,3300432000,964471,967999,967500,3029,0.31,967869,3398,0.35,966000,967999,1400-2-4,2021-04-24
485,درهآور,دارويي ره آورد تامين,7,60785,3138755045,53234,51637,51637,-1597,-3,53131,-103,-0.19,51637,51637,1400-2-4,2021-04-24
486,شكلر,نيروكلر,7,65527,3066008330,48230,46790,46790,-1440,-2.99,48140,-90,-0.19,46790,46790,1400-2-4,2021-04-24
487,زبينا,كشاورزي و دامپروري بينالود,7,18007,68300551,3910,3793,3793,-117,-2.99,3910,0,0,3793,3793,1400-2-4,2021-04-24
488,بنو,بيمه تجارت نو,7,5557,171916909,31893,30937,30937,-956,-3,31890,-3,-0.01,30937,30937,1400-2-4,2021-04-24
489,ضصاد3004,اختيارخ وبصادر-3500-1400/03/12,7,189,4345000,30,30,21,-9,-30,23,-7,-23.33,21,30,1400-2-4,2021-04-24
490,ختور,رادياتور ايران‌,7,6234,118944720,19660,19080,19080,-580,-2.95,19660,0,0,19080,19080,1400-2-4,2021-04-24
491,كمنگنز,معادن‌منگنزايران‌,7,7263,623819070,88540,85890,85890,-2650,-2.99,88510,-30,-0.03,85890,85890,1400-2-4,2021-04-24
492,فپنتا,سپنتا,7,132,52150560,407290,395080,395080,-12210,-3,407280,-10,0,395080,395080,1400-2-4,2021-04-24
493,ددام,داروسازي زاگرس فارمد پارس,7,215300,4635409000,22190,21530,21530,-660,-2.97,22130,-60,-0.27,21530,21530,1400-2-4,2021-04-24
494,قپيرا,فرآورده‌هاي‌غدايي‌وقندپيرانشهر,6,4042,411273500,104890,101750,101750,-3140,-2.99,104860,-30,-0.03,101750,101750,1400-2-4,2021-04-24
495,هصيكو402,اختيارف ت تاصيكو13500-00/02/20,6,140000,476700000,3197,3405,3405,208,6.51,3405,208,6.51,3405,3405,1400-2-4,2021-04-24
496,تبرك,گروه كارخانجات صنعتي تبرك,6,8056,155537192,19904,19307,19307,-597,-3,19902,-2,-0.01,19307,19307,1400-2-4,2021-04-24
497,سغرب,سيمان‌غرب‌,6,5032,173704640,35580,34520,34520,-1060,-2.98,35580,0,0,34520,34520,1400-2-4,2021-04-24
498,شسم,توليد سموم‌ علف‌ كش,6,952,87286976,89891,91688,91688,1797,2,89906,15,0.02,91688,91688,1400-2-4,2021-04-24
499,زملارد,كشاورزي و دامپروري ملارد شير,6,664,24647016,38267,37119,37119,-1148,-3,38266,-1,0,37119,37119,1400-2-4,2021-04-24
500,دتوليد,داروسازي توليد دارو,6,2528,65647104,26771,25968,25968,-803,-3,26770,-1,0,25968,25968,1400-2-4,2021-04-24
501,تايرا,تراكتورسازي‌ايران‌,6,55000,1499300000,28100,27260,27260,-840,-2.99,28070,-30,-0.11,27260,27260,1400-2-4,2021-04-24
502,ضسپا3001,اختيارخ خساپا-1600-1400/03/26,6,406,159064000,535,444,391,-144,-26.92,392,-143,-26.73,391,444,1400-2-4,2021-04-24
503,ختراك,ريخته‌گري‌ تراكتورسازي‌ ايران‌,6,38611,584570540,15600,15140,15140,-460,-2.95,15590,-10,-0.06,15140,15140,1400-2-4,2021-04-24
504,زگلدشت,كشت و دام گلدشت نمونه اصفهان,6,23808,323431680,14005,13585,13585,-420,-3,14002,-3,-0.02,13585,13585,1400-2-4,2021-04-24
505,رتكو,كنترل‌خوردگي‌تكين‌كو,6,150291,2639109960,18100,17560,17560,-540,-2.98,18070,-30,-0.17,17560,17560,1400-2-4,2021-04-24
506,اخزا722,اسنادخزانه-م22بودجه97-000428,6,2566,2450145100,951356,954850,954850,3494,0.37,954850,3494,0.37,954850,954850,1400-2-4,2021-04-24
507,ثفارس,عمران‌وتوسعه‌فارس‌,6,11598,113080500,10050,9750,9750,-300,-2.99,10050,0,0,9750,9750,1400-2-4,2021-04-24
508,كيميا,معدني كيمياي زنجان گستران,6,6481,111434314,17725,17194,17194,-531,-3,17724,-1,-0.01,17194,17194,1400-2-4,2021-04-24
509,اخزا804,اسنادخزانه-م4بودجه98-000421,6,4818,4609815965,955185,956499,959500,4315,0.45,956790,1605,0.17,956000,959999,1400-2-4,2021-04-24
510,سبهان,سيمان‌ بهبهان‌,6,955,131742250,142210,137950,137950,-4260,-3,142200,-10,-0.01,137950,137950,1400-2-4,2021-04-24
511,ولتجار,واسپاري تجارت وسرمايه ايرانيان,6,56189,446477794,8277,7946,7946,-331,-4,8269,-8,-0.1,7946,7946,1400-2-4,2021-04-24
512,بساما,بيمه سامان,6,6454,144343710,23056,22365,22365,-691,-3,23054,-2,-0.01,22365,22365,1400-2-4,2021-04-24
513,قصفها,قنداصفهان‌,6,308,47043920,157460,152740,152740,-4720,-3,157460,0,0,152740,152740,1400-2-4,2021-04-24
514,غويتا,ويتانا,6,2230,38871130,17970,17431,17431,-539,-3,17970,0,0,17431,17431,1400-2-4,2021-04-24
515,وسكرد,شركت س استان كردستان,5,39644,28147240,730,710,710,-20,-2.74,730,0,0,710,710,1400-2-4,2021-04-24
516,شلعاب,لعابيران‌,5,2561,54472470,21920,21270,21270,-650,-2.97,21920,0,0,21270,21270,1400-2-4,2021-04-24
517,زكوثر,سرمايه گذاري كشاورزي كوثر,5,1522,31977220,21650,21010,21010,-640,-2.96,21650,0,0,21010,21010,1400-2-4,2021-04-24
518,فلوله,لوله‌وماشين‌سازي‌ايران‌,5,8502,183048060,22190,21530,21530,-660,-2.97,22190,0,0,21530,21530,1400-2-4,2021-04-24
519,گكيش,توريستي ورفاهي آبادگران كيش,5,637,30372797,48654,47681,47681,-973,-2,48652,-2,0,47681,47681,1400-2-4,2021-04-24
520,لكما,كارخانجات‌مخابراتي‌ايران‌,5,22520,135277640,6129,6007,6007,-122,-1.99,6128,-1,-0.02,6007,6007,1400-2-4,2021-04-24
521,قثابت,قند ثابت‌ خراسان‌,5,1000,65680000,67710,65680,65680,-2030,-3,67710,0,0,65680,65680,1400-2-4,2021-04-24
522,سحرا021,سلف موازي برق نيروي برق حرارتي,5,800000,229405213920,284251,290731,285032,781,0.27,286757,2506,0.88,285032,290731,1400-2-4,2021-04-24
523,گوهر2,صندوق سكه طلاي كيان,5,50000,50000,48904,1,1,-48903,-100,1,-48903,-100,1,1,1400-2-4,2021-04-24
524,ثنوسا,نوسازي‌وساختمان‌تهران‌,5,7090,89404900,13000,12610,12610,-390,-3,13000,0,0,12610,12610,1400-2-4,2021-04-24
525,سدور,سيمان‌ دورود,5,9600,180384000,19370,18790,18790,-580,-2.99,19370,0,0,18790,18790,1400-2-4,2021-04-24
526,ضملي7002,اختيارخ فملي-9720-1400/07/11,5,44,121540000,2425,2980,2820,395,16.29,2762,337,13.9,2500,2980,1400-2-4,2021-04-24
527,اخزا807,اسنادخزانه-م7بودجه98-000719,5,2389,2176108000,909825,911000,912000,2175,0.24,910887,1062,0.12,910000,912000,1400-2-4,2021-04-24
528,كسرا,سراميك‌هاي‌صنعتي‌اردكان‌,5,3280,66288800,20830,20210,20210,-620,-2.98,20830,0,0,20210,20210,1400-2-4,2021-04-24
529,زفكا,كشت و دامداري فكا,5,222681,2825153847,13079,12687,12687,-392,-3,13056,-23,-0.18,12687,12687,1400-2-4,2021-04-24
530,تملي706,تسهيلات مسكن ب. ملي-شهريور97,5,50,26833950,511123,536679,536679,25556,5,536679,25556,5,536679,536679,1400-2-4,2021-04-24
531,وتوصا,گروه س توسعه صنعتي ايران,5,20963,251556000,12370,12000,12000,-370,-2.99,12370,0,0,12000,12000,1400-2-4,2021-04-24
532,وآذر,سرمايه‌گذاري‌توسعه‌آذربايجان‌,5,658,54238940,84970,82430,82430,-2540,-2.99,84970,0,0,82430,82430,1400-2-4,2021-04-24
533,وپسا,س. پتروشيمي ساختمان  خليج فارس,5,20100,58048800,3008,2888,2888,-120,-3.99,3007,-1,-0.03,2888,2888,1400-2-4,2021-04-24
534,شپاكسا,پاكسان‌,5,10749,291082920,27910,27080,27080,-830,-2.97,27910,0,0,27080,27080,1400-2-4,2021-04-24
535,پكرمان,گروه‌ صنعتي‌ بارز,5,2130,53292600,25790,25020,25020,-770,-2.99,25790,0,0,25020,25020,1400-2-4,2021-04-24
536,ثرود,سرمايه‌گذاري مسكن زاينده رود,5,2618,53818226,21192,20557,20557,-635,-3,21191,-1,0,20557,20557,1400-2-4,2021-04-24
537,غشهد,شهد ايران ‌,5,5132,36231920,7270,7060,7060,-210,-2.89,7270,0,0,7060,7060,1400-2-4,2021-04-24
538,خمهر,مهركام‌پارس‌,5,167786,397652820,2440,2370,2370,-70,-2.87,2440,0,0,2370,2370,1400-2-4,2021-04-24
539,ضخود7072,اختيارخ خودرو-1400-1400/07/07,5,42,37330000,861,1030,840,-21,-2.44,889,28,3.25,800,1030,1400-2-4,2021-04-24
540,وثوق,سرمايه گذاري وثوق امين,5,12316,222808756,18460,18091,18091,-369,-2,18456,-4,-0.02,18091,18091,1400-2-4,2021-04-24
541,شكف,كف,5,1946,197061690,103331,101265,101265,-2066,-2,103291,-40,-0.04,101265,101265,1400-2-4,2021-04-24
542,ضفلا3003,اختيارخ فولاد-7133-1400/03/19,5,123,306300000,2498,2500,2450,-48,-1.92,2490,-8,-0.32,2400,2500,1400-2-4,2021-04-24
543,سقاين,سيمان‌ قائن‌,5,1929,135145740,72220,70060,70060,-2160,-2.99,72210,-10,-0.01,70060,70060,1400-2-4,2021-04-24
544,غمارگ,مارگارين‌,5,1426,43507260,31450,30510,30510,-940,-2.99,31450,0,0,30510,30510,1400-2-4,2021-04-24
545,سپر2,صندوق س سپر سرمايه بيدار- ثابت,5,25000000,25000000,11748,1,1,-11747,-99.99,1,-11747,-99.99,1,1,1400-2-4,2021-04-24
546,كمينا,شيشه سازي مينا,5,4806,116161020,25177,24170,24170,-1007,-4,25171,-6,-0.02,24170,24170,1400-2-4,2021-04-24
547,دفارا,داروسازي‌ فارابي‌,5,100590,6406577100,65650,63690,63690,-1960,-2.99,65390,-260,-0.4,63690,63690,1400-2-4,2021-04-24
548,افران2,صندوق س افرا نماد پايدار-ثابت,5,10440000,10440000,13147,1,1,-13146,-99.99,1,-13146,-99.99,1,1,1400-2-4,2021-04-24
549,دتوزيع,توزيع دارو پخش,5,185399,9364132692,52070,50508,50508,-1562,-3,51768,-302,-0.58,50508,50508,1400-2-4,2021-04-24
550,ديران,ايران‌دارو,5,1224,31407840,26450,25660,25660,-790,-2.99,26450,0,0,25660,25660,1400-2-4,2021-04-24
551,دبالك,مواد اوليه دارويي البرز بالك,4,4755,96070020,20828,20204,20204,-624,-3,20827,-1,0,20204,20204,1400-2-4,2021-04-24
552,طلا2,صندوق س.پشتوانه طلاي لوتوس,4,400000,400000,71721,1,1,-71720,-100,1,-71720,-100,1,1,1400-2-4,2021-04-24
553,ضصاد3002,اختيارخ وبصادر-2500-1400/03/12,4,117,19880000,134,180,140,6,4.48,170,36,26.87,130,180,1400-2-4,2021-04-24
554,سبجنو,سيمان‌ بجنورد,4,482,27792120,59440,57660,57660,-1780,-2.99,59440,0,0,57660,57660,1400-2-4,2021-04-24
555,لخزر,پارس‌ خزر,4,175,31657500,186490,180900,180900,-5590,-3,186490,0,0,180900,180900,1400-2-4,2021-04-24
556,لخانه,لوازم‌ خانگي‌ پارس‌,4,141900,3841516800,28199,27072,27072,-1127,-4,27974,-225,-0.8,27072,27072,1400-2-4,2021-04-24
557,وسگيلا,شركت س استان گيلان,4,38800,29100000,770,750,750,-20,-2.6,770,0,0,750,750,1400-2-4,2021-04-24
558,ضشنا2004,اختيارخ شپنا-16000-1400/02/27,4,51,1147000,115,22,22,-93,-80.87,22,-93,-80.87,22,23,1400-2-4,2021-04-24
559,غشوكو,شوكو پارس,4,540,21115080,39899,39102,39102,-797,-2,39898,-1,0,39102,39102,1400-2-4,2021-04-24
560,كي بي سي,شركت كي بي سي,4,1110,29792400,27670,26840,26840,-830,-3,27669,-1,0,26840,26840,1400-2-4,2021-04-24
561,اپرداز,آتيه داده پرداز,4,25974,537687774,21341,20701,20701,-640,-3,21334,-7,-0.03,20701,20701,1400-2-4,2021-04-24
562,دالبر,البرزدارو,4,3495,50712450,14950,14510,14510,-440,-2.94,14950,0,0,14510,14510,1400-2-4,2021-04-24
563,كگاز,شيشه‌ و گاز,4,2578,46971160,18780,18220,18220,-560,-2.98,18780,0,0,18220,18220,1400-2-4,2021-04-24
564,پلاسك,پلاسكوكار,4,3382,24553320,7480,7260,7260,-220,-2.94,7480,0,0,7260,7260,1400-2-4,2021-04-24
565,غشاذر,پگاه‌آذربايجان‌غربي‌,4,16329,158391300,10000,9700,9700,-300,-3,10000,0,0,9700,9700,1400-2-4,2021-04-24
566,ضصاد3000,اختيارخ وبصادر-1800-1400/03/12,4,33,16446000,561,515,450,-111,-19.79,498,-63,-11.23,450,515,1400-2-4,2021-04-24
567,وزمين,بانك ايران زمين,4,4032,52327296,13242,12978,12978,-264,-1.99,13241,-1,-0.01,12978,12978,1400-2-4,2021-04-24
568,كوثر,بيمه كوثر,4,3220,45836700,14675,14235,14235,-440,-3,14675,0,0,14235,14235,1400-2-4,2021-04-24
569,وآوا,سرمايه گذاري آوا نوين,4,1585,13675380,8894,8628,8628,-266,-2.99,8894,0,0,8628,8628,1400-2-4,2021-04-24
570,اخزا820,اسنادخزانه-م20بودجه98-020806,4,175,108298250,616991,618989,618000,1009,0.16,618847,1856,0.3,618000,618989,1400-2-4,2021-04-24
571,كپارس,كاشي‌ پارس‌,4,1884,283278240,155010,150360,150360,-4650,-3,154980,-30,-0.02,150360,150360,1400-2-4,2021-04-24
572,نبروج,نساجي بروجرد,4,600,3558000,5814,5930,5930,116,2,5814,0,0,5930,5930,1400-2-4,2021-04-24
573,خمحور,توليدمحورخودرو,4,259,15972530,63570,61670,61670,-1900,-2.99,63570,0,0,61670,61670,1400-2-4,2021-04-24
574,ضصاد3003,اختيارخ وبصادر-3000-1400/03/12,4,81,3240000,74,40,40,-34,-45.95,40,-34,-45.95,40,40,1400-2-4,2021-04-24
575,شستان,پتروشيمي گلستان,4,16124,64044528,4053,3972,3972,-81,-2,4052,-1,-0.02,3972,3972,1400-2-4,2021-04-24
576,قيستو,شركت قند بيستون,4,75244,1309697064,17065,17406,17406,341,2,17109,44,0.26,17406,17406,1400-2-4,2021-04-24
577,ضپيك2010,اختيارخ تاپيكو-12000-00/02/19,4,47,14100000,1100,300,300,-800,-72.73,300,-800,-72.73,300,300,1400-2-4,2021-04-24
578,غشان,شيرپاستوريزه‌پگاه‌خراسان‌,4,2725,20328500,7690,7460,7460,-230,-2.99,7690,0,0,7460,7460,1400-2-4,2021-04-24
579,ومشان,س. فني و مهندسي مشانير,4,1077,74479935,72036,69155,69155,-2881,-4,72025,-11,-0.02,69155,69155,1400-2-4,2021-04-24
580,دتماد,توليدمواداوليه‌داروپخش‌,4,1851,82221420,45790,44420,44420,-1370,-2.99,45790,0,0,44420,44420,1400-2-4,2021-04-24
581,خرينگ,رينگ‌سازي‌مشهد,4,721,36785420,52590,51020,51020,-1570,-2.99,52590,0,0,51020,51020,1400-2-4,2021-04-24
582,غچين,كشت‌ و صنعت‌ چين‌ چين,4,6598,127077480,19850,19260,19260,-590,-2.97,19850,0,0,19260,19260,1400-2-4,2021-04-24
583,وگستر,گسترش سرمايه گذاري ايرانيان,4,1878,35139258,19289,18711,18711,-578,-3,19289,0,0,18711,18711,1400-2-4,2021-04-24
584,فزرين,زرين معدن آسيا,4,1151,30232166,27078,26266,26266,-812,-3,27077,-1,0,26266,26266,1400-2-4,2021-04-24
585,وسبحان,سرمايه گذاري سبحان,4,17697,52860939,3079,2987,2987,-92,-2.99,3079,0,0,2987,2987,1400-2-4,2021-04-24
586,تپمپي,پمپ‌ سازي‌ ايران‌,4,28774,542102160,19420,18840,18840,-580,-2.99,19410,-10,-0.05,18840,18840,1400-2-4,2021-04-24
587,ضخود7073,اختيارخ خودرو-1600-1400/07/07,4,37,24210000,780,730,680,-100,-12.82,654,-126,-16.15,630,730,1400-2-4,2021-04-24
588,چخزر,صنايع چوب خزر كاسپين,4,1396,73037324,53937,52319,52319,-1618,-3,53935,-2,0,52319,52319,1400-2-4,2021-04-24
589,ضغدر3002,اختيارخ وغدير-8200-1400/03/26,3,4,7388000,2372,1900,1800,-572,-24.11,1847,-525,-22.13,1800,1900,1400-2-4,2021-04-24
590,كفرآور,فرآورده هاي سيمان شرق,3,687,15907485,23627,23155,23155,-472,-2,23627,0,0,23155,23155,1400-2-4,2021-04-24
591,ضپنا8003,اختيارخ رمپنا-15850-1400/08/05,3,20,63000000,1,3600,3000,2999,299900,3150,3149,314900,3000,3600,1400-2-4,2021-04-24
592,خزر,فنرسازي‌زر,3,460,21233600,47580,46160,46160,-1420,-2.98,47580,0,0,46160,46160,1400-2-4,2021-04-24
593,ضملي3000,اختيارخ فملي-8000-1400/03/02,3,9,30944000,3664,3222,3500,-164,-4.48,3438,-226,-6.17,3222,3500,1400-2-4,2021-04-24
594,دجابر,داروسازي‌ جابرابن‌حيان‌,3,2763,54265320,20240,19640,19640,-600,-2.96,20240,0,0,19640,19640,1400-2-4,2021-04-24
595,كهرام,توليدي گرانيت بهسرام,3,188,20500460,113588,109045,109045,-4543,-4,113583,-5,0,109045,109045,1400-2-4,2021-04-24
596,داراب,پتروشيمي داراب,3,10776,25883952,2451,2402,2402,-49,-2,2451,0,0,2402,2402,1400-2-4,2021-04-24
597,كسعدي,كاشي‌ سعدي‌,3,4750,98467500,21370,20730,20730,-640,-2.99,21370,0,0,20730,20730,1400-2-4,2021-04-24
598,دلقما,دارويي‌ لقمان‌,3,602,15128260,25900,25130,25130,-770,-2.97,25900,0,0,25130,25130,1400-2-4,2021-04-24
599,ثجوان,تامين مسكن جوانان,3,29961,319683870,11114,10670,10670,-444,-3.99,11107,-7,-0.06,10670,10670,1400-2-4,2021-04-24
600,غدشت,دشت‌ مرغاب‌,3,88,24637360,288620,279970,279970,-8650,-3,288620,0,0,279970,279970,1400-2-4,2021-04-24
601,ضمخا2001,اختيارخ اخابر-10000-1400/02/29,3,101,30288000,238,288,300,62,26.05,300,62,26.05,288,300,1400-2-4,2021-04-24
602,فسا,پتروشيمي فسا,3,30705,53303880,1771,1736,1736,-35,-1.98,1771,0,0,1736,1736,1400-2-4,2021-04-24
603,ثشرق,سرمايه گذاري مسكن شمال شرق,3,14230,95198700,6890,6690,6690,-200,-2.9,6890,0,0,6690,6690,1400-2-4,2021-04-24
604,دمعيار2,صندوق س. توازن معيار-د,3,20500000,20500000,10001,1,1,-10000,-99.99,1,-10000,-99.99,1,1,1400-2-4,2021-04-24
605,داسوه,داروسازي‌ اسوه‌,3,6027,218297940,37340,36220,36220,-1120,-3,37330,-10,-0.03,36220,36220,1400-2-4,2021-04-24
606,غالبر,لبنيات‌ كالبر,3,2816,55249920,20220,19620,19620,-600,-2.97,20220,0,0,19620,19620,1400-2-4,2021-04-24
607,عفولاد3,اوراق سلف موازي ورق گرم فولاد,3,250000,211317250000,844206,845269,845269,1063,0.13,845269,1063,0.13,845269,845269,1400-2-4,2021-04-24
608,خكمك,كمك‌فنرايندامين‌,3,1067,28083440,27130,26320,26320,-810,-2.99,27130,0,0,26320,26320,1400-2-4,2021-04-24
609,ضچاد2005,اختيارخ كچاد-24000-1400/02/05,3,3,60000,400,20,20,-380,-95,20,-380,-95,20,20,1400-2-4,2021-04-24
610,وليز,ليزينگ‌ايران‌,3,2385,22085100,9540,9260,9260,-280,-2.94,9540,0,0,9260,9260,1400-2-4,2021-04-24
611,زير0003پ04,زيره سبز0003شركت مينوبذر(پ),3,183,97549971,518393,528000,559999,41606,8.03,533060,14667,2.83,527500,559999,1400-2-4,2021-04-24
612,سيلام,سيمان‌ ايلام‌,3,4510,49023700,11200,10870,10870,-330,-2.95,11200,0,0,10870,10870,1400-2-4,2021-04-24
613,قهكمت,قندهكمتان‌,3,416,18595200,46080,44700,44700,-1380,-2.99,46080,0,0,44700,44700,1400-2-4,2021-04-24
614,خلنت,لنت‌ ترمزايران‌,3,714,43439760,62720,60840,60840,-1880,-3,62720,0,0,60840,60840,1400-2-4,2021-04-24
615,ضفلا3005,اختيارخ فولاد-9986-1400/03/19,3,66,6996000,501,100,111,-390,-77.84,106,-395,-78.84,100,111,1400-2-4,2021-04-24
616,ثغرب,شركت سرمايه گذاري مسكن شمالغرب,3,7267,56130308,7962,7724,7724,-238,-2.99,7962,0,0,7724,7724,1400-2-4,2021-04-24
617,غبهنوش,بهنوش‌ ايران‌,3,543,37705920,71580,69440,69440,-2140,-2.99,71580,0,0,69440,69440,1400-2-4,2021-04-24
618,شفارا,پتروشيمي فارابي,3,15964,60535488,3869,3792,3792,-77,-1.99,3869,0,0,3792,3792,1400-2-4,2021-04-24
619,ضخود2013,اختيارخ خودرو-7000-1400/02/08,3,6,6000,1,1,1,0,0,1,0,0,1,1,1400-2-4,2021-04-24
620,عفولاد4,اوراق سلف ورق گرم فولاد اصفهان,3,250000,243209000000,971605,972836,972836,1231,0.13,972836,1231,0.13,972836,972836,1400-2-4,2021-04-24
621,ضشنا2003,اختيارخ شپنا-14000-1400/02/27,3,80,6825000,166,150,81,-85,-51.2,85,-81,-48.8,81,150,1400-2-4,2021-04-24
622,وپترو,سرمايه‌گذاري صنايع پتروشيمي‌,3,2573,34735500,13910,13500,13500,-410,-2.95,13910,0,0,13500,13500,1400-2-4,2021-04-24
623,ضملي3001,اختيارخ فملي-9000-1400/03/02,3,15,38500000,2531,2700,2500,-31,-1.22,2567,36,1.42,2500,2700,1400-2-4,2021-04-24
624,دابور,داروسازي‌ ابوريحان‌,3,593,22510280,39130,37960,37960,-1170,-2.99,39130,0,0,37960,37960,1400-2-4,2021-04-24
625,سخواف,سيمان مجد خواف,3,1349,22276037,16849,16513,16513,-336,-1.99,16849,0,0,16513,16513,1400-2-4,2021-04-24
626,اخزا713,اسنادخزانه-م13بودجه97-000518,3,2060,1944640000,944000,944000,944000,0,0,944000,0,0,944000,944000,1400-2-4,2021-04-24
627,شكبير,پتروشيمي اميركبير,3,1416,123227400,88801,87025,87025,-1776,-2,88799,-2,0,87025,87025,1400-2-4,2021-04-24
628,ضچاد2003,اختيارخ كچاد-18000-1400/02/05,3,50,150042000,3000,3004,3000,0,0,3001,1,0.03,3000,3004,1400-2-4,2021-04-24
629,واحصا,احياء صنايع خراسان,3,400,27941200,72763,69853,69853,-2910,-4,72759,-4,-0.01,69853,69853,1400-2-4,2021-04-24
630,سكرد,سيمان كردستان,3,7032,66804000,9790,9500,9500,-290,-2.96,9790,0,0,9500,9500,1400-2-4,2021-04-24
631,نطرين,عطرين نخ قم,3,6732,79242372,12135,11771,11771,-364,-3,12134,-1,-0.01,11771,11771,1400-2-4,2021-04-24
632,وسكرمان,س.سهام عدالت استان كرمان,3,30000,30000000,1030,1000,1000,-30,-2.91,1030,0,0,1000,1000,1400-2-4,2021-04-24
633,دقاضي,داروسازي شهيد قاضي,3,43000,1837992000,43616,42744,42744,-872,-2,43534,-82,-0.19,42744,42744,1400-2-4,2021-04-24
634,آوا2,صندوق س.سهام آواي معيار-س,3,12000000,12000000,6177,1,1,-6176,-99.98,1,-6176,-99.98,1,1,1400-2-4,2021-04-24
635,ضملت3001,اختيارخ وبملت-3500-1400/03/19,3,54,40070000,808,785,740,-68,-8.42,742,-66,-8.17,740,785,1400-2-4,2021-04-24
636,اوان,مبين وان كيش,3,1028,54472692,54627,52989,52989,-1638,-3,54625,-2,0,52989,52989,1400-2-4,2021-04-24
637,غبهار,كشت وصنعت بهاران گلبهار خراسان,3,493,16177302,34181,32814,32814,-1367,-4,34180,-1,0,32814,32814,1400-2-4,2021-04-24
638,سميعا002,سلف موازي استاندارد سميعا002,3,290000,374410590000,1289373,1291071,1291071,1698,0.13,1291071,1698,0.13,1291071,1291071,1400-2-4,2021-04-24
639,بكاب,صنايع‌جوشكاب‌يزد,2,332,116080480,360450,349640,349640,-10810,-3,360420,-30,-0.01,349640,349640,1400-2-4,2021-04-24
640,غصينو,صنعتي مينو,2,1080,71167680,67934,65896,65896,-2038,-3,67933,-1,0,65896,65896,1400-2-4,2021-04-24
641,زنگان,صنعت روي زنگان,2,250,25338750,104489,101355,101355,-3134,-3,104487,-2,0,101355,101355,1400-2-4,2021-04-24
642,ضپنا8000,اختيارخ رمپنا-9850-1400/08/05,2,5,42500000,8333,8500,8500,167,2,8500,167,2,8500,8500,1400-2-4,2021-04-24
643,وتوس,توسعه‌شهري‌توس‌گستر,2,3000,40170000,13800,13390,13390,-410,-2.97,13800,0,0,13390,13390,1400-2-4,2021-04-24
644,ساينا,صنايع بهداشتي ساينا,2,95,14171055,153782,149169,149169,-4613,-3,153781,-1,0,149169,149169,1400-2-4,2021-04-24
645,چفيبر,فيبر ايران‌,2,871,11741080,13890,13480,13480,-410,-2.95,13890,0,0,13480,13480,1400-2-4,2021-04-24
646,ضترا3003,اختيارخ شتران-9000-1400/03/09,2,27,13500000,652,500,500,-152,-23.31,500,-152,-23.31,500,500,1400-2-4,2021-04-24
647,مداران,داده‌پردازي‌ايران‌,2,1232,30023840,25120,24370,24370,-750,-2.99,25120,0,0,24370,24370,1400-2-4,2021-04-24
648,وارس,سرمايه گذاري ارس صبا,2,763,13123600,17551,17200,17200,-351,-2,17551,0,0,17200,17200,1400-2-4,2021-04-24
649,ضمخا7076,اختيارخ اخابر-9700-1400/07/28,2,2,2833000,1504,1500,1333,-171,-11.37,1416,-88,-5.85,1333,1500,1400-2-4,2021-04-24
650,صگل1411,ص اجاره گل گهر 1411-3 ماهه 17%,2,245,244997550,978113,999990,999990,21877,2.24,999990,21877,2.24,999990,999990,1400-2-4,2021-04-24
651,تكنار,مجتمع معادن مس تكنار,2,250,28819250,117629,115277,115277,-2352,-2,117626,-3,0,115277,115277,1400-2-4,2021-04-24
652,افرا,افرانت,2,1657,55146617,34310,33281,33281,-1029,-3,34309,-1,0,33281,33281,1400-2-4,2021-04-24
653,لازما,كارخانه هاي صنعتي آزمايش,2,477,16047711,34329,33643,33643,-686,-2,34328,-1,0,33643,33643,1400-2-4,2021-04-24
654,تاپكيش,تجارت الكترونيك پارسيان كيش,2,1500,26494500,18209,17663,17663,-546,-3,18209,0,0,17663,17663,1400-2-4,2021-04-24
655,غشصفا,شيرپاستوريزه‌پگاه‌اصفهان‌,2,405,10999800,28000,27160,27160,-840,-3,28000,0,0,27160,27160,1400-2-4,2021-04-24
656,فلات,گروه صنايع معادن فلات ايرانيان,2,3649,55957415,15647,15335,15335,-312,-1.99,15646,-1,-0.01,15335,15335,1400-2-4,2021-04-24
657,ثنور,سرمايه گذاري كوه نور,2,20000,191200000,9755,9560,9560,-195,-2,9753,-2,-0.02,9560,9560,1400-2-4,2021-04-24
658,قلرست,قند لرستان‌,2,5312,184538880,35810,34740,34740,-1070,-2.99,35810,0,0,34740,34740,1400-2-4,2021-04-24
659,كپشير,پشم‌شيشه‌ايران‌,2,1130,43821400,39970,38780,38780,-1190,-2.98,39970,0,0,38780,38780,1400-2-4,2021-04-24
660,ضپيك7042,اختيارخ تاپيكو-8070-00/07/18,2,25,55000000,1,2500,2000,1999,199900,2200,2199,219900,2000,2500,1400-2-4,2021-04-24
661,نهال2,صندوق س. طلاي سرخ نوويرا,2,200000,200000,10765,1,1,-10764,-99.99,1,-10764,-99.99,1,1,1400-2-4,2021-04-24
662,آ س پ,آ.س.پ,2,1051,16451303,16137,15653,15653,-484,-3,16137,0,0,15653,15653,1400-2-4,2021-04-24
663,سنفت001,سلف موازي استاندارد سنفت001,2,192900,220007658300,1138584,1140527,1140527,1943,0.17,1140527,1943,0.17,1140527,1140527,1400-2-4,2021-04-24
664,كسرام,پارس‌ سرام‌,2,2443,19763870,8330,8090,8090,-240,-2.88,8330,0,0,8090,8090,1400-2-4,2021-04-24
665,دقاضيح,ح . داروسازي شهيد قاضي,2,706,24370414,35957,34519,34519,-1438,-4,34519,-1438,-4,34519,34519,1400-2-4,2021-04-24
666,دكيمي,كيميدارو,2,6800,197948000,30010,29110,29110,-900,-3,30010,0,0,29110,29110,1400-2-4,2021-04-24
667,چكاوه,صنايع‌كاغذسازي‌كاوه‌,2,1293,23105910,18420,17870,17870,-550,-2.99,18420,0,0,17870,17870,1400-2-4,2021-04-24
668,ولغدر,ليزينگ‌خودروغدير,2,555,13247850,24600,23870,23870,-730,-2.97,24600,0,0,23870,23870,1400-2-4,2021-04-24
669,وپست,پست بانك ايران,2,5544,120138480,22340,21670,21670,-670,-3,22340,0,0,21670,21670,1400-2-4,2021-04-24
670,دسينا,داروسازي‌ سينا,2,4519,104660040,23870,23160,23160,-710,-2.97,23870,0,0,23160,23160,1400-2-4,2021-04-24
671,ضپاس2003,اختيارخ وپارس-3500-1400/02/29,2,173,1511000,13,10,7,-6,-46.15,9,-4,-30.77,7,10,1400-2-4,2021-04-24
672,ولملت,واسپاري ملت,2,1479,11743260,8180,7940,7940,-240,-2.93,8180,0,0,7940,7940,1400-2-4,2021-04-24
673,زير0003پ02,زيره سبز0003 دانش(پ),2,15,8470000,532720,570000,530000,-2720,-0.51,564667,31947,6,530000,570000,1400-2-4,2021-04-24
674,ريشمك,توليد و صادرات ريشمك,2,976,54060640,57103,55390,55390,-1713,-3,57101,-2,0,55390,55390,1400-2-4,2021-04-24
675,ومعلم,بيمه معلم,2,4000,19356000,4988,4839,4839,-149,-2.99,4988,0,0,4839,4839,1400-2-4,2021-04-24
676,اشاد1,مشاركت دولتي1-شرايط خاص001026,2,20200,19796000000,990000,980000,980000,-10000,-1.01,980000,-10000,-1.01,980000,980000,1400-2-4,2021-04-24
677,دزهراوي,داروسازي‌زهراوي‌,2,7599,64363530,8730,8470,8470,-260,-2.98,8730,0,0,8470,8470,1400-2-4,2021-04-24
678,تملي612,تسهيلات مسكن بانك ملي-اسفند96,2,16,10282952,668809,650000,635369,-33440,-5,642684,-26125,-3.91,635369,650000,1400-2-4,2021-04-24
679,زعف0008پ15,زعفران0008پوشالمعمول طلاسرخ(پ),2,180,18380000,100390,100000,103800,3410,3.4,102111,1721,1.71,100000,103800,1400-2-4,2021-04-24
680,سفانو,سيمان فارس نو,2,655,25820100,40630,39420,39420,-1210,-2.98,40630,0,0,39420,39420,1400-2-4,2021-04-24
681,غمينو,شركت صنايع غذايي مينو شرق,2,954,10579860,11432,11090,11090,-342,-2.99,11432,0,0,11090,11090,1400-2-4,2021-04-24
682,سهرمز,سيمان‌هرمزگان‌,2,1281,31025820,24960,24220,24220,-740,-2.96,24960,0,0,24220,24220,1400-2-4,2021-04-24
683,سپرمي,پرميت‌,2,2400,21626400,8922,9011,9011,89,1,8922,0,0,9011,9011,1400-2-4,2021-04-24
684,تملي804,تسهيلات مسكن ب. ملي-تير98,2,8,5313584,699155,664198,664198,-34957,-5,664198,-34957,-5,664198,664198,1400-2-4,2021-04-24
685,ركيش,كارت اعتباري ايران كيش,2,1950,44986500,23780,23070,23070,-710,-2.99,23780,0,0,23070,23070,1400-2-4,2021-04-24
686,صنفت0312,صكوك منفعت نفت0312-6ماهه 18/5%,2,15,14900000,1000000,1000000,990000,-10000,-1,993333,-6667,-0.67,990000,1000000,1400-2-4,2021-04-24
687,زير0003پ01,زيره سبز0003كيميابذر(پ),2,85,49338845,570840,580457,580457,9617,1.68,580457,9617,1.68,580457,580457,1400-2-4,2021-04-24
688,فلامي,لاميران‌,2,954,41499000,44840,43500,43500,-1340,-2.99,44840,0,0,43500,43500,1400-2-4,2021-04-24
689,ضشنا2000,اختيارخ شپنا-9000-1400/02/27,2,42,65520000,2459,1560,1560,-899,-36.56,1560,-899,-36.56,1560,1560,1400-2-4,2021-04-24
690,غپونه,نوش پونه مشهد,2,1722,31450608,18636,18264,18264,-372,-2,18635,-1,-0.01,18264,18264,1400-2-4,2021-04-24
691,خچرخش,چرخشگر,2,5350,94909000,18280,17740,17740,-540,-2.95,18280,0,0,17740,17740,1400-2-4,2021-04-24
692,خوساز,محورسازان‌ايران‌خودرو,2,2185,16999300,8020,7780,7780,-240,-2.99,8020,0,0,7780,7780,1400-2-4,2021-04-24
693,قشكر,شكرشاهرود,2,2860,10667800,3840,3730,3730,-110,-2.86,3840,0,0,3730,3730,1400-2-4,2021-04-24
694,كاذر,فرآورده‌هاي‌نسوزآذر,2,2172,69004440,32750,31770,31770,-980,-2.99,32750,0,0,31770,31770,1400-2-4,2021-04-24
695,غنوش,نوش‌ مازندران‌,2,485,26873850,57120,55410,55410,-1710,-2.99,57120,0,0,55410,55410,1400-2-4,2021-04-24
696,دسبحا,گروه دارويي سبحان,2,9057,170271600,19380,18800,18800,-580,-2.99,19380,0,0,18800,18800,1400-2-4,2021-04-24
697,وثخوز,سرمايه گذاري و توسعه خوزستان,2,486,32608170,70626,67095,67095,-3531,-5,70620,-6,-0.01,67095,67095,1400-2-4,2021-04-24
698,سنوين,سرمايه گذاري اقتصاد نوين,2,4611,41314560,9142,8960,8960,-182,-1.99,9142,0,0,8960,8960,1400-2-4,2021-04-24
699,ضچاد2001,اختيارخ كچاد-14000-1400/02/05,2,3,24500000,8250,9500,7500,-750,-9.09,8167,-83,-1.01,7500,9500,1400-2-4,2021-04-24
700,سفار,سيمان‌فارس‌,2,600,90012000,154650,150020,150020,-4630,-2.99,154640,-10,-0.01,150020,150020,1400-2-4,2021-04-24
701,دروز,داروسازي‌ روزدارو,2,1135,39134800,35540,34480,34480,-1060,-2.98,35540,0,0,34480,34480,1400-2-4,2021-04-24
702,ضسان2009,اختيارخ پارسان-18750-00/02/15,2,2,4050000,2100,550,3500,1400,66.67,2025,-75,-3.57,550,3500,1400-2-4,2021-04-24
703,ثاژن,سخت آژند,1,800,7452000,9703,9315,9315,-388,-4,9703,0,0,9315,9315,1400-2-4,2021-04-24
704,اخزا723,اسنادخزانه-م23بودجه97-000824,1,100,89350000,893154,893500,893500,346,0.04,893500,346,0.04,893500,893500,1400-2-4,2021-04-24
705,قمرو,قند مرودشت‌,1,141,5059080,36980,35880,35880,-1100,-2.97,36980,0,0,35880,35880,1400-2-4,2021-04-24
706,ضمخا7070,اختيارخ اخابر-19700-1400/07/28,1,2,602000,261,301,301,40,15.33,301,40,15.33,301,301,1400-2-4,2021-04-24
707,اوصتا4,صندوق انديشه ورزان صباتامين -د,1,16229000,300025523000,18419,18487,18487,68,0.37,18487,68,0.37,18487,18487,1400-2-4,2021-04-24
708,ضخود2011,اختيارخ خودرو-5000-1400/02/08,1,61,61000,1,1,1,0,0,1,0,0,1,1,1400-2-4,2021-04-24
709,ضفلا3008,اختيارخ فولاد-14266-1400/03/19,1,1,20000,466,20,20,-446,-95.71,20,-446,-95.71,20,20,1400-2-4,2021-04-24
710,قشهد,شهد,1,300,5946000,20430,19820,19820,-610,-2.99,20430,0,0,19820,19820,1400-2-4,2021-04-24
711,اخزا8212,اسنادخزانه-م21بودجه98-020906,1,166000,100098000000,605485,603000,603000,-2485,-0.41,603000,-2485,-0.41,603000,603000,1400-2-4,2021-04-24
712,توريل,توكاريل,1,205,5004870,25169,24414,24414,-755,-3,25169,0,0,24414,24414,1400-2-4,2021-04-24
713,صگل411,ص اجاره گل گهر 411- 3 ماهه 17%,1,25,25000000,971001,1000000,1000000,28999,2.99,1000000,28999,2.99,1000000,1000000,1400-2-4,2021-04-24
714,آرمان,بيمه آرمان,1,960,7746240,8233,8069,8069,-164,-1.99,8233,0,0,8069,8069,1400-2-4,2021-04-24
715,شتوكا,توكا رنگ فولاد سپاهان,1,566,29778958,54240,52613,52613,-1627,-3,54239,-1,0,52613,52613,1400-2-4,2021-04-24
716,اراد79,مرابحه عام دولت79-ش.خ010612,1,2000,1898200000,940330,949100,949100,8770,0.93,949100,8770,0.93,949100,949100,1400-2-4,2021-04-24
717,نبروج4,نساجي بروجرد,1,1235011,25935231000,5814,21000,21000,15186,261.2,21000,15186,261.2,21000,21000,1400-2-4,2021-04-24
718,ضخوز2013,اختيارخ فخوز-12000-1400/02/15,1,1,2222000,2800,2222,2222,-578,-20.64,2222,-578,-20.64,2222,2222,1400-2-4,2021-04-24
719,جهرم,پتروشيمي جهرم,1,2888,5030896,1777,1742,1742,-35,-1.97,1777,0,0,1742,1742,1400-2-4,2021-04-24
720,ثتوسا,س.توسعه و عمران استان اردبيل,1,386,15046666,39776,38981,38981,-795,-2,39775,-1,0,38981,38981,1400-2-4,2021-04-24
721,ضخود2014,اختيارخ خودرو-1800-1400/02/08,1,50,12500000,254,250,250,-4,-1.57,250,-4,-1.57,250,250,1400-2-4,2021-04-24
722,دسانكو,داروسازي سبحان انكولوژي,1,349,5007103,14790,14347,14347,-443,-3,14790,0,0,14347,14347,1400-2-4,2021-04-24
723,وسخراش,شركت س استان خراسان شمالي,1,4002,5322660,1370,1330,1330,-40,-2.92,1370,0,0,1330,1330,1400-2-4,2021-04-24
724,شفا,سرمايه گذاري شفادارو,1,1000,45170000,46560,45170,45170,-1390,-2.99,46560,0,0,45170,45170,1400-2-4,2021-04-24
725,آكورد4,صندوق س. آرمان آتي كوثر-د,1,9900000,313790400000,31696,31696,31696,0,0,31696,0,0,31696,31696,1400-2-4,2021-04-24
726,اخزا805,اسنادخزانه-م5بودجه98-000422,1,100,95800000,956008,958000,958000,1992,0.21,958000,1992,0.21,958000,958000,1400-2-4,2021-04-24
727,غاذر,كشت‌وصنعت‌پياذر,1,200,10854000,55940,54270,54270,-1670,-2.99,55940,0,0,54270,54270,1400-2-4,2021-04-24
728,وساغربي,شركت س استان آذربايجان غربي,1,6620,4965000,770,750,750,-20,-2.6,770,0,0,750,750,1400-2-4,2021-04-24
729,كشم0006پ02,كشمش تيزابي0006تاكستان(پ),1,1000,215200000,215100,215200,215200,100,0.05,215200,100,0.05,215200,215200,1400-2-4,2021-04-24
730,سفاسي,شركت فارسيت اهواز,1,355,5018280,14424,14136,14136,-288,-2,14424,0,0,14136,14136,1400-2-4,2021-04-24
731,قاسم,قاسم ايران,1,400,5069200,13064,12673,12673,-391,-2.99,13064,0,0,12673,12673,1400-2-4,2021-04-24
732,ضخوز2014,اختيارخ فخوز-14000-1400/02/15,1,1,869000,784,869,869,85,10.84,869,85,10.84,869,869,1400-2-4,2021-04-24
733,كلوند,كاشي‌ الوند,1,441,19893510,46500,45110,45110,-1390,-2.99,46500,0,0,45110,45110,1400-2-4,2021-04-24
734,اخزا8172,اسنادخزانه-م17بودجه98-010512,1,770000,598290000000,779706,777000,777000,-2706,-0.35,777000,-2706,-0.35,777000,777000,1400-2-4,2021-04-24
735,خفنر,فنرسازي‌خاور,1,600,5046000,8660,8410,8410,-250,-2.89,8660,0,0,8410,8410,1400-2-4,2021-04-24
736,زعف0008پ19,زعفران0008نگين تروند قاينات(پ),1,77,10710700,140908,139100,139100,-1808,-1.28,139100,-1808,-1.28,139100,139100,1400-2-4,2021-04-24
737,حخزر,كشتيراني درياي خزر,1,369,10294731,28761,27899,27899,-862,-3,28761,0,0,27899,27899,1400-2-4,2021-04-24
738,رطب0002پ01,رطب مضافتي0002افشارتعاون بم(پ),1,31,5066950,155670,163450,163450,7780,5,163450,7780,5,163450,163450,1400-2-4,2021-04-24
739,نمرينو,ايران‌ مرينوس‌,1,2718,298816920,113340,109940,109940,-3400,-3,113320,-20,-0.02,109940,109940,1400-2-4,2021-04-24
740,ولشرق,ليزينگ ايران و شرق,1,10000,84550000,8716,8455,8455,-261,-2.99,8716,0,0,8455,8455,1400-2-4,2021-04-24
741,فجام,جام‌دارو,1,1500,15045000,10330,10030,10030,-300,-2.9,10330,0,0,10030,10030,1400-2-4,2021-04-24
742,كساپا,سايپاشيشه‌,1,11000,416020000,38980,37820,37820,-1160,-2.98,38970,-10,-0.03,37820,37820,1400-2-4,2021-04-24
743,وسخوز,شركت س استان خوزستان,1,5300,5035000,970,950,950,-20,-2.06,970,0,0,950,950,1400-2-4,2021-04-24
744,داوه,داروسازي آوه سينا,1,501,9810081,20186,19581,19581,-605,-3,20186,0,0,19581,19581,1400-2-4,2021-04-24
745,وحافظ,بيمه حافظ,1,78,5030376,65808,64492,64492,-1316,-2,65807,-1,0,64492,64492,1400-2-4,2021-04-24
746,مكرج112,مشاركت شهرداري كرج-3ماهه18%,1,300,296700000,979000,989000,989000,10000,1.02,989000,10000,1.02,989000,989000,1400-2-4,2021-04-24
747,تكنو,تكنوتار,1,30000,642300000,22070,21410,21410,-660,-2.99,22060,-10,-0.05,21410,21410,1400-2-4,2021-04-24
748,فملي2,ملي‌ صنايع‌ مس‌ ايران‌,1,26500000,302100000000,11040,11400,11400,360,3.26,11400,360,3.26,11400,11400,1400-2-4,2021-04-24
749,حپارسا,توسعه حمل و نقل ريلي پارسيان,1,160,5467680,35229,34173,34173,-1056,-3,35229,0,0,34173,34173,1400-2-4,2021-04-24
750,ضفلا3002,اختيارخ فولاد-6420-1400/03/19,1,1,2400000,3600,2400,2400,-1200,-33.33,2400,-1200,-33.33,2400,2400,1400-2-4,2021-04-24
751,پست0008پ02,پسته فندقي32-30طلاسبززرند0008,1,3,5047812,1728141,1682604,1682604,-45537,-2.64,1682604,-45537,-2.64,1682604,1682604,1400-2-4,2021-04-24
752,طخود2007,اختيارف خودرو-3000-1400/02/08,1,10,8000000,400,800,800,400,100,800,400,100,800,800,1400-2-4,2021-04-24
753,زعف0008پ09,زعفران0008نگين نوين(پ),1,1000,138000000,141219,138000,138000,-3219,-2.28,138000,-3219,-2.28,138000,138000,1400-2-4,2021-04-24
754,بالاس,مهندسي ساختمان تاسيسات راه آهن,1,90,5036850,57695,55965,55965,-1730,-3,57695,0,0,55965,55965,1400-2-4,2021-04-24
755,زكشت,كشاورزي مكانيزه اصفهان كشت,1,509,19932949,40372,39161,39161,-1211,-3,40372,0,0,39161,39161,1400-2-4,2021-04-24
756,ضپاس2000,اختيارخ وپارس-2000-1400/02/29,1,90,52020000,550,578,578,28,5.09,578,28,5.09,578,578,1400-2-4,2021-04-24
757,كابگن,توليدي و صنعتي آبگينه‌,1,3860,20029540,5138,5189,5189,51,0.99,5138,0,0,5189,5189,1400-2-4,2021-04-24
758,وسمازن,س.سهام عدالت استان مازندران,1,20976,19927200,970,950,950,-20,-2.06,970,0,0,950,950,1400-2-4,2021-04-24
759,وشمال,س. چشم انداز توسعه شمال,1,107,9290596,88599,86828,86828,-1771,-2,88598,-1,0,86828,86828,1400-2-4,2021-04-24
760,آبين,كشت و صنعت آبشيرين,1,2000,8092000,4214,4046,4046,-168,-3.99,4214,0,0,4046,4046,1400-2-4,2021-04-24
761,تصميم2,صندوق س با درآمد ثابت تصميم,1,1500000,1500000,16186,1,1,-16185,-99.99,1,-16185,-99.99,1,1,1400-2-4,2021-04-24
762,افاد72,منفعت دولت7-ش.خاص سپهر0204,1,5000,3715975000,707805,743195,743195,35390,5,743195,35390,5,743195,743195,1400-2-4,2021-04-24
763,وسصفا,شركت س استان اصفهان,1,10000,10400000,1070,1040,1040,-30,-2.8,1070,0,0,1040,1040,1400-2-4,2021-04-24
764,ضچاد2000,اختيارخ كچاد-12000-1400/02/05,1,1,10200000,10000,10200,10200,200,2,10200,200,2,10200,10200,1400-2-4,2021-04-24
765,پخش,پخش البرز,1,200,6285400,32398,31427,31427,-971,-3,32398,0,0,31427,31427,1400-2-4,2021-04-24
766,حتوكا,حمل‌ونقل‌توكا,1,215,6396250,30660,29750,29750,-910,-2.97,30660,0,0,29750,29750,1400-2-4,2021-04-24
767,پست0008پ04,پسته فندقي32-30سبزدانه0008(پ),1,3,5010000,1611730,1670000,1670000,58270,3.62,1670000,58270,3.62,1670000,1670000,1400-2-4,2021-04-24
768,بايكا,كارخانجات كابلسازي ‌ايران‌,1,160,6598560,42082,41241,41241,-841,-2,42082,0,0,41241,41241,1400-2-4,2021-04-24
769,چافست,افست‌,1,550,8860500,16600,16110,16110,-490,-2.95,16600,0,0,16110,16110,1400-2-4,2021-04-24
770,كترام,توليدي‌ كاشي‌ تكسرام‌,1,766,36093920,48570,47120,47120,-1450,-2.99,48570,0,0,47120,47120,1400-2-4,2021-04-24
771,وآفري,بيمه كارآفرين,1,6200,20429000,3362,3295,3295,-67,-1.99,3362,0,0,3295,3295,1400-2-4,2021-04-24
772,ضجار2005,اختيارخ وتجارت-4000-1400/02/22,1,40,200000,6,5,5,-1,-16.67,5,-1,-16.67,5,5,1400-2-4,2021-04-24
773,خنصير,مهندسي‌نصيرماشين‌,1,200,21052000,108510,105260,105260,-3250,-3,108510,0,0,105260,105260,1400-2-4,2021-04-24
774,فمراد,آلومراد,1,80,11167200,143900,139590,139590,-4310,-3,143900,0,0,139590,139590,1400-2-4,2021-04-24
775,ثالوند,سرمايه گذاري مسكن الوند,1,2146,67167654,32267,31299,31299,-968,-3,32266,-1,0,31299,31299,1400-2-4,2021-04-24
776,غفارس,شير پاستوريزه پگاه فارس,1,1500,26688000,18342,17792,17792,-550,-3,18342,0,0,17792,17792,1400-2-4,2021-04-24
777,حسير,ريل سير كوثر,1,300,5063700,17401,16879,16879,-522,-3,17401,0,0,16879,16879,1400-2-4,2021-04-24
778,قزوين,كارخانجات‌ قند قزوين‌,1,132,5067480,39570,38390,38390,-1180,-2.98,39570,0,0,38390,38390,1400-2-4,2021-04-24
779,تملي708,تسهيلات مسكن ب. ملي-آبان97,1,10,6361470,636147,636147,636147,0,0,636147,0,0,636147,636147,1400-2-4,2021-04-24
780,خفناور,مهندسي صنعتي روان فن آور,1,106,5033410,48454,47485,47485,-969,-2,48454,0,0,47485,47485,1400-2-4,2021-04-24
781,پرداخت,به پرداخت ملت,1,156,4943640,32670,31690,31690,-980,-3,32670,0,0,31690,31690,1400-2-4,2021-04-24
782,ثاباد,توريستي ورفاهي آبادگران ايران,1,100,5260000,54220,52600,52600,-1620,-2.99,54220,0,0,52600,52600,1400-2-4,2021-04-24
783,قنيشا,قند  نيشابور,1,90,5832000,66800,64800,64800,-2000,-2.99,66800,0,0,64800,64800,1400-2-4,2021-04-24
784,خشرق,الكتريك‌ خودرو شرق‌,1,400,5804000,14950,14510,14510,-440,-2.94,14950,0,0,14510,14510,1400-2-4,2021-04-24
785,پاسا,ايران‌ياساتايرورابر,1,200,5176000,26680,25880,25880,-800,-3,26680,0,0,25880,25880,1400-2-4,2021-04-24
786,بالبر,كابل‌ البرز,1,100,5730000,59070,57300,57300,-1770,-3,59070,0,0,57300,57300,1400-2-4,2021-04-24
787,سلار,شركت سيمان لارستان,1,172,9912360,60031,57630,57630,-2401,-4,60030,-1,0,57630,57630,1400-2-4,2021-04-24
788,فولاد2,فولاد مباركه اصفهان,1,25000000,303750000000,12110,12150,12150,40,0.33,12150,40,0.33,12150,12150,1400-2-4,2021-04-24
789,وصندوق2,سرمايه‌گذاري‌صندوق‌بازنشستگي‌,1,30000000,418800000000,14390,13960,13960,-430,-2.99,13960,-430,-2.99,13960,13960,1400-2-4,2021-04-24
790,غيوان,كيوان,1,95,1472785,15350,15503,15503,153,1,15350,0,0,15503,15503,1400-2-4,2021-04-24
791,صخود412,ص مرابحه خودرو412- 3ماهه 18%,1,70,69650000,999000,995000,995000,-4000,-0.4,995000,-4000,-0.4,995000,995000,1400-2-4,2021-04-24
792,بتك,كارخانجات كابل سازي‌ تك‌,1,510,17805120,34228,34912,34912,684,2,34229,1,0,34912,34912,1400-2-4,2021-04-24
793,تملي702,تسهيلات مسكن ب. ملي-ارديبهشت97,1,10,5949660,626280,594966,594966,-31314,-5,594966,-31314,-5,594966,594966,1400-2-4,2021-04-24
794,ثپرديس,سرمايه گذاري مسكن پرديس,1,521,5134976,10160,9856,9856,-304,-2.99,10160,0,0,9856,9856,1400-2-4,2021-04-24
795,خموتور,موتورسازان‌تراكتورسازي‌ايران‌,1,400,5816000,14980,14540,14540,-440,-2.94,14980,0,0,14540,14540,1400-2-4,2021-04-24
796,كباده,توليد خاك نسوزاستقلال آباده,1,555,5087130,8730,9166,9166,436,4.99,8730,0,0,9166,9166,1400-2-4,2021-04-24
797,فن آوا,گروه فن آوا,1,50000,896350000,18292,17927,17927,-365,-2,18275,-17,-0.09,17927,17927,1400-2-4,2021-04-24
798,شتولي,تولي‌پرس‌,1,200,6500000,33163,32500,32500,-663,-2,33163,0,0,32500,32500,1400-2-4,2021-04-24
799,ضملت3000,اختيارخ وبملت-3000-1400/03/19,1,5,7500000,1200,1500,1500,300,25,1500,300,25,1500,1500,1400-2-4,2021-04-24
800,فنابا4,ص.ج. فناوري بازنشستگي 35%تاديه,1,7000,1575000000,225000,225000,225000,0,0,225000,0,0,225000,225000,1400-2-4,2021-04-24
801,صگل309,صكوك اجاره گل گهر309-3ماهه20%,1,1000,1100000000,1120000,1100000,1100000,-20000,-1.79,1100000,-20000,-1.79,1100000,1100000,1400-2-4,2021-04-24
802,اخزا718,اسنادخزانه-م18بودجه97-000525,1,12186,11454827814,934852,939999,939999,5147,0.55,939999,5147,0.55,939999,939999,1400-2-4,2021-04-24
803,كمند2,صندوق س. با درآمد ثابت كمند,1,225000000,225000000,10102,1,1,-10101,-99.99,1,-10101,-99.99,1,1,1400-2-4,2021-04-24
804,اعتماد4,صندوق س.اعتماد آفرين پارسيان-د,1,83000000,2992648000000,36021,36056,36056,35,0.1,36056,35,0.1,36056,36056,1400-2-4,2021-04-24
805,بشهاب,لامپ‌  پارس‌ شهاب‌,1,1500,217080000,149190,144720,144720,-4470,-3,149170,-20,-0.01,144720,144720,1400-2-4,2021-04-24
806,زقيام,كشت و دام قيام اصفهان,1,200,5623800,28988,28119,28119,-869,-3,28988,0,0,28119,28119,1400-2-4,2021-04-24
807,وسفارس,شركت س استان فارس,1,10000,10000000,1030,1000,1000,-30,-2.91,1030,0,0,1000,1000,1400-2-4,2021-04-24
