,نماد,نام,تعداد,حجم,ارزش,دیروز,اولین,آخرین معامله - مقدار,آخرین معامله - تغییر,آخرین معامله - درصد,قیمت پایانی - مقدار,قیمت پایانی - تغییر,قیمت پایانی - درصد,کمترین,بیشترین,تاریخ,gregorian_date
0,پالايش,صندوق پالايشي يكم-سهام,17337,17732509,1220705570040,67990,68600,68640,650,0.96,68840,850,1.25,68250,69600,1400-9-27,2021-12-18
1,خودرو,ايران‌ خودرو,16307,701269890,1369913720021,1868,1900,1961,93,4.98,1953,85,4.55,1890,1961,1400-9-27,2021-12-18
2,مثقال,صندوق س.پشتوانه طلاي زرين آگاه,15590,54811874,548118740000,10000,10000,10000,0,0,10000,0,0,10000,10000,1400-9-27,2021-12-18
3,دارا يكم,صندوق واسطه گري مالي يكم-سهام,11238,8008005,865429618930,105870,106940,107780,1910,1.8,108070,2200,2.08,106940,109600,1400-9-27,2021-12-18
4,شستا,سرمايه گذاري تامين اجتماعي,8484,32556027,329496690540,10000,10110,10090,90,0.9,10120,120,1.2,10050,10300,1400-9-27,2021-12-18
5,توسن,توسعه سامانه ي نرم افزاري نگين,8417,17097773,293930478372,17954,17203,17057,-897,-5,17191,-763,-4.25,17057,17800,1400-9-27,2021-12-18
6,خساپا,سايپا,6860,434443625,696458222009,1528,1588,1604,76,4.97,1603,75,4.91,1575,1604,1400-9-27,2021-12-18
7,انرژي3,سايراشخاص بورس انرژي,6386,4252887,428762080850,97100,96100,101850,4750,4.89,100820,3720,3.83,96100,101910,1400-9-27,2021-12-18
8,فولاد,فولاد مباركه اصفهان,6070,42451768,422256697210,9870,9910,9930,60,0.61,9950,80,0.81,9880,10070,1400-9-27,2021-12-18
9,كمند,صندوق س. با درآمد ثابت كمند,5968,248832165,2504898074129,10052,10066,10067,15,0.15,10067,15,0.15,10066,10067,1400-9-27,2021-12-18
10,خگستر,گسترش‌سرمايه‌گذاري‌ايران‌خودرو,5403,190627381,426789237320,2150,2200,2241,91,4.23,2239,89,4.14,2151,2257,1400-9-27,2021-12-18
11,فسبزوار,پارس فولاد سبزوار,4602,2757528,92677116340,33670,33990,33600,-70,-0.21,33610,-60,-0.18,33360,34000,1400-9-27,2021-12-18
12,شبندر,پالايش نفت بندرعباس,4374,38682088,237068258580,6050,6100,6080,30,0.5,6130,80,1.32,6070,6280,1400-9-27,2021-12-18
13,فاذر,صنايع‌ آذرآب‌,4373,280935064,281872083884,973,1021,990,17,1.75,1003,30,3.08,970,1021,1400-9-27,2021-12-18
14,خپارس,پارس‌ خودرو,4373,205868983,211682389303,988,1000,1035,47,4.76,1028,40,4.05,1000,1037,1400-9-27,2021-12-18
15,فجهان,مجتمع جهان فولاد سيرجان,4357,13913890,74230419392,5301,5210,5311,10,0.19,5331,30,0.57,5210,5410,1400-9-27,2021-12-18
16,فتوسا,توليد و توسعه سرب روي ايرانيان,4283,1974406,19747167224,9696,9979,10010,314,3.24,10002,306,3.16,9304,10100,1400-9-27,2021-12-18
17,شفن,پتروشيمي فناوران,4278,12418652,171999308710,14020,14230,13700,-320,-2.28,13850,-170,-1.21,13510,14600,1400-9-27,2021-12-18
18,كدما,معدني‌ دماوند,4269,4555190,259085291950,54770,55510,57500,2730,4.98,56880,2110,3.85,55510,57500,1400-9-27,2021-12-18
19,مديريت,س. و خدمات مديريت صند. ب كشوري,4193,6508562,60455478868,9072,9100,9288,216,2.38,9289,217,2.39,9090,9400,1400-9-27,2021-12-18
20,كيان,صندوق س. با درآمد ثابت كيان,4140,83883489,2694795263224,32089,32125,32126,37,0.12,32125,36,0.11,32124,32129,1400-9-27,2021-12-18
21,ضخود1052,اختيارخ خودرو-2000-1400/10/08,3966,188451,11894349000,52,50,63,11,21.15,63,11,21.15,48,78,1400-9-27,2021-12-18
22,بركت,گروه دارويي بركت,3959,10838513,192022321800,17490,17530,17550,60,0.34,17720,230,1.32,17500,18150,1400-9-27,2021-12-18
23,فملي,ملي‌ صنايع‌ مس‌ ايران‌,3934,28839996,182111737210,6250,6270,6340,90,1.44,6310,60,0.96,6270,6420,1400-9-27,2021-12-18
24,وتجارت,بانك تجارت,3865,139078375,244511202794,1686,1700,1759,73,4.33,1758,72,4.27,1700,1770,1400-9-27,2021-12-18
25,تپكو,توليدتجهيزات‌سنگين‌هپكو,3781,92216224,280748309216,3135,3043,3056,-79,-2.52,3044,-91,-2.9,3041,3099,1400-9-27,2021-12-18
26,سغدير,توسعه سرمايه و صنعت غدير,3536,9995039,150002968862,15517,15759,14750,-767,-4.94,15008,-509,-3.28,14742,15894,1400-9-27,2021-12-18
27,كرمان,س. توسعه و عمران استان كرمان,3521,124662119,112314267390,885,897,897,12,1.36,901,16,1.81,890,920,1400-9-27,2021-12-18
28,كيمياتك,آريان كيميا تك,3332,1079661,26377651090,24480,24500,24310,-170,-0.69,24430,-50,-0.2,24030,24590,1400-9-27,2021-12-18
29,شپنا,پالايش نفت اصفهان,3218,23531627,133058823250,5570,5600,5640,70,1.26,5650,80,1.44,5580,5790,1400-9-27,2021-12-18
30,خبهمن,گروه‌بهمن‌,3173,151962216,284371061922,1784,1830,1873,89,4.99,1871,87,4.88,1815,1873,1400-9-27,2021-12-18
31,ومدير,گ.مديريت ارزش سرمايه ص ب كشوري,3044,22442981,100375322939,4301,4340,4516,215,5,4472,171,3.98,4337,4516,1400-9-27,2021-12-18
32,وبملت,بانك ملت,2791,62170274,171939511693,2699,2739,2755,56,2.07,2766,67,2.48,2724,2830,1400-9-27,2021-12-18
33,پترول,گ.س.وت.ص.پتروشيمي خليج فارس,2771,42386249,98463339009,2301,2334,2318,17,0.74,2323,22,0.96,2302,2379,1400-9-27,2021-12-18
34,نوري,پتروشيمي نوري,2732,1487305,160307690030,105190,106460,107920,2730,2.6,107780,2590,2.46,105500,108580,1400-9-27,2021-12-18
35,شپديس,پتروشيمي پرديس,2664,3447716,633186236650,175030,175060,183780,8750,5,183650,8620,4.92,175060,183780,1400-9-27,2021-12-18
36,غزر,صنعتي زر ماكارون,2631,3302904,31329718590,9450,9310,9530,80,0.85,9490,40,0.42,9290,9770,1400-9-27,2021-12-18
37,شتران,پالايش نفت تهران,2614,19715955,78959628406,3956,3960,3982,26,0.66,3988,32,0.81,3960,4089,1400-9-27,2021-12-18
38,سپيد,سپيد ماكيان,2610,2282396,130759815370,58420,57310,57000,-1420,-2.43,57290,-1130,-1.93,56440,59950,1400-9-27,2021-12-18
39,آپ,آسان پرداخت پرشين,2445,12250240,118155222890,9400,9590,9870,470,5,9650,250,2.66,9020,9870,1400-9-27,2021-12-18
40,شاروم,پتروشيمي اروميه,2421,1952476,24748939109,12291,12340,12905,614,5,12676,385,3.13,12250,12905,1400-9-27,2021-12-18
41,لكما,كارخانجات‌مخابراتي‌ايران‌,2353,74223528,64872094357,896,870,890,-6,-0.67,874,-22,-2.46,870,893,1400-9-27,2021-12-18
42,سپيدار,سپيدار سيستم آسيا,2348,470495,9130073401,19059,18601,19416,357,1.87,19266,207,1.09,18601,20000,1400-9-27,2021-12-18
43,سحرخيز,صندوق س. گروه زعفران سحرخيز,2346,4594214,82996142070,19075,18702,17980,-1095,-5.74,18065,-1010,-5.29,17600,18890,1400-9-27,2021-12-18
44,وگردش,بانك گردشگري,2328,55661621,632130913394,11110,10778,11401,291,2.62,11357,247,2.22,10778,11443,1400-9-27,2021-12-18
45,آريا,پليمر آريا ساسول,2258,555931,59196014011,105587,105587,105851,264,0.25,106112,525,0.5,105587,107332,1400-9-27,2021-12-18
46,فرابورس,فرابورس ايران,2255,13920537,238719000937,16371,16900,17189,818,5,17149,778,4.75,16520,17189,1400-9-27,2021-12-18
47,امين,تامين سرمايه امين,2228,1198579,14692010000,12230,12270,12260,30,0.25,12240,10,0.08,12250,12270,1400-9-27,2021-12-18
48,امين يكم,صندوق درآمد ثابت امين يكم فردا,2217,71585764,725855678860,10122,10140,10138,16,0.16,10140,18,0.18,10137,10143,1400-9-27,2021-12-18
49,صبا,سرمايه گذاري صبا تامين,2207,11035151,65535626746,5929,5900,6000,71,1.2,5935,6,0.1,5880,6015,1400-9-27,2021-12-18
50,ختور,رادياتور ايران‌,2168,9114553,105971204000,11690,11300,11650,-40,-0.34,11630,-60,-0.51,11280,12190,1400-9-27,2021-12-18
51,وبصادر,بانك صادرات ايران,2154,56963064,93910746372,1605,1610,1638,33,2.06,1640,35,2.18,1610,1685,1400-9-27,2021-12-18
52,ثاميد,توسعه و عمران اميد,2140,11071611,16157921618,1450,1422,1468,18,1.24,1457,7,0.48,1422,1469,1400-9-27,2021-12-18
53,وهامون,سرمايه گذاري هامون صبا,2118,5265997,14198347727,2662,2633,2680,18,0.68,2694,32,1.2,2633,2735,1400-9-27,2021-12-18
54,وخارزم,سرمايه گذاري خوارزمي,2114,22497037,92353283235,4022,4030,4100,78,1.94,4105,83,2.06,4002,4205,1400-9-27,2021-12-18
55,گدنا,تهيه توزيع غذاي دنا آفرين فدك,2107,1462921,16284003339,10878,10335,11250,372,3.42,11131,253,2.33,10335,11400,1400-9-27,2021-12-18
56,شگويا,پتروشيمي تندگويان,2084,8803386,96678426963,10675,10703,11056,381,3.57,10957,282,2.64,10703,11145,1400-9-27,2021-12-18
57,سمگا,گروه سرمايه گذاري ميراث فرهنگي,2082,40900684,458942061931,10803,10585,11343,540,5,11221,418,3.87,10500,11343,1400-9-27,2021-12-18
58,سامان,بانك سامان,2079,38629609,262686075184,7005,6795,6795,-210,-3,6800,-205,-2.93,6795,6960,1400-9-27,2021-12-18
59,بورس,بورس اوراق بهادار تهران,2064,28704494,314725189410,10460,10790,10980,520,4.97,10960,500,4.78,10650,10980,1400-9-27,2021-12-18
60,آبادا,توليد نيروي برق آبادان,2013,1077458,9810364940,8770,8510,9200,430,4.9,8980,210,2.39,8510,9200,1400-9-27,2021-12-18
61,بوعلي,پتروشيمي بوعلي سينا,1987,654499,45271667980,68930,68940,69020,90,0.13,69040,110,0.16,68580,70400,1400-9-27,2021-12-18
62,اعتماد,صندوق س.اعتماد آفرين پارسيان-د,1987,34101390,1388466657610,40671,40716,40717,46,0.11,40716,45,0.11,40715,40718,1400-9-27,2021-12-18
63,غكورش,صنعت غذايي كورش,1949,1101884,53922144180,48880,49000,48620,-260,-0.53,48930,50,0.1,48010,49760,1400-9-27,2021-12-18
64,وكبهمن,مديريت سرمايه گذاري كوثربهمن,1875,887937,8047816535,8994,8732,9201,207,2.3,9031,37,0.41,8732,9339,1400-9-27,2021-12-18
65,افران,صندوق س افرا نماد پايدار-ثابت,1869,57051107,856681631895,14993,15016,15016,23,0.15,15016,23,0.15,15015,15040,1400-9-27,2021-12-18
66,خصدرا,صنعتي‌ دريايي‌ ايران‌,1854,53591542,110566121647,2125,2062,2062,-63,-2.96,2063,-62,-2.92,2062,2100,1400-9-27,2021-12-18
67,غگيلا,شيرپاستوريزه پگاه گيلان,1853,2261442,28416480050,12425,12270,12619,194,1.56,12566,141,1.13,12061,12950,1400-9-27,2021-12-18
68,كوير,توليدي فولاد سپيد فراب كوير,1849,19041742,109672405600,5520,5650,5790,270,4.89,5760,240,4.35,5510,5790,1400-9-27,2021-12-18
69,تملتح,ح . تامين سرمايه بانك ملت,1848,6753870,7185498940,1026,1023,1061,35,3.41,1064,38,3.7,1023,1093,1400-9-27,2021-12-18
70,ولكار,ليزينگ كارآفرين,1824,5817575,22018962960,3977,3820,3800,-177,-4.45,3785,-192,-4.83,3779,3900,1400-9-27,2021-12-18
71,وسديد,گروه ‌صنعتي‌سديد,1810,30009562,32190036014,1071,1080,1054,-17,-1.59,1073,2,0.19,1044,1102,1400-9-27,2021-12-18
72,ثبهساز,بهساز كاشانه تهران,1798,7139164,10438972130,1451,1427,1467,16,1.1,1459,8,0.55,1427,1490,1400-9-27,2021-12-18
73,ختوقا,قطعات‌ اتومبيل‌ ايران‌,1791,31422306,73863197730,2258,2290,2369,111,4.92,2351,93,4.12,2280,2370,1400-9-27,2021-12-18
74,كاما,باما,1790,12344446,80181401950,6350,6480,6500,150,2.36,6500,150,2.36,6350,6620,1400-9-27,2021-12-18
75,قتربت,قند تربت حيدريه,1781,264046,14075128578,54937,53289,53289,-1648,-3,53306,-1631,-2.97,53289,54679,1400-9-27,2021-12-18
76,نهال,صندوق س. طلاي سرخ نوويرا,1774,3640183,66640557192,19414,19300,18190,-1224,-6.3,18307,-1107,-5.7,17931,19300,1400-9-27,2021-12-18
77,چخزر,صنايع چوب خزر كاسپين,1739,356537,8616780823,24178,23631,24360,182,0.75,24172,-6,-0.02,23381,24605,1400-9-27,2021-12-18
78,وسپهر,سرمايه گذاري مالي سپهرصادرات,1737,4291666,30214393289,7039,7040,7040,1,0.01,7039,0,0,7040,7043,1400-9-27,2021-12-18
79,بپيوند,برق و انرژي پيوندگستر پارس,1717,1115415,10181638155,9006,9000,9050,44,0.49,9088,82,0.91,8718,9299,1400-9-27,2021-12-18
80,لطيف,محصولات كاغذي لطيف,1679,407471,14432054470,34613,34220,36010,1397,4.04,35370,757,2.19,34220,36239,1400-9-27,2021-12-18
81,غصينو,صنعتي مينو,1676,6020270,121539872837,22161,19945,19945,-2216,-10,20188,-1973,-8.9,19945,21200,1400-9-27,2021-12-18
82,بگيلان,توسعه مسير برق گيلان,1659,329178,4568491214,13870,13611,13910,40,0.29,13872,2,0.01,13610,14100,1400-9-27,2021-12-18
83,ولپارس,ليزينگ پارسيان,1641,4659519,13347738422,2853,2864,2870,17,0.6,2863,10,0.35,2800,2914,1400-9-27,2021-12-18
84,پارند,صندوق س. پارند پايدار سپهر,1624,64518843,649482675321,10051,10067,10066,15,0.15,10067,16,0.16,10066,10068,1400-9-27,2021-12-18
85,سيتا,سرمايه گذاري سيمان تامين,1611,1720758,15214240090,8870,8650,8830,-40,-0.45,8860,-10,-0.11,8650,8990,1400-9-27,2021-12-18
86,گشان,توسعه بين المللي پديده شانديز,1593,2848986,54348783737,18906,18805,19000,94,0.5,19077,171,0.9,18650,19473,1400-9-27,2021-12-18
87,نطرين,عطرين نخ قم,1588,7992787,61388896086,7534,7850,7410,-124,-1.65,7681,147,1.95,7334,7910,1400-9-27,2021-12-18
88,خنصير,مهندسي‌نصيرماشين‌,1575,6991228,114566064830,16060,15850,16380,320,1.99,16390,330,2.05,15730,16800,1400-9-27,2021-12-18
89,بركتح,ح . گروه دارويي بركت,1572,4081219,56525322370,13600,13890,13780,180,1.32,13850,250,1.84,13550,14190,1400-9-27,2021-12-18
90,كزغال,زغال سنگ پروده طبس,1569,826766,24022373683,29335,28700,29053,-282,-0.96,29056,-279,-0.95,28700,29790,1400-9-27,2021-12-18
91,رافزا,رايان هم افزا,1566,305752,17379795681,58000,56810,56233,-1767,-3.05,56843,-1157,-1.99,56010,58759,1400-9-27,2021-12-18
92,وليز,ليزينگ‌ايران‌,1518,42473456,92695690489,2288,2174,2174,-114,-4.98,2182,-106,-4.63,2174,2237,1400-9-27,2021-12-18
93,ديران,ايران‌دارو,1481,4569330,76337175610,17240,16450,17260,20,0.12,16710,-530,-3.07,16380,17280,1400-9-27,2021-12-18
94,گكوثر,هتل پارسيان كوثر اصفهان,1471,32262285,55569862875,1804,1714,1718,-86,-4.77,1722,-82,-4.55,1714,1797,1400-9-27,2021-12-18
95,وغدير,سرمايه‌گذاري‌غدير(هلدينگ‌,1468,11997837,175164630690,14440,14200,14590,150,1.04,14600,160,1.11,14200,14880,1400-9-27,2021-12-18
96,زملارد,كشاورزي و دامپروري ملارد شير,1442,191027,3621913756,18869,18502,18930,61,0.32,18891,22,0.12,18502,19290,1400-9-27,2021-12-18
97,شفنح,ح . پتروشيمي فناوران,1438,6217773,61590301920,10080,10400,9750,-330,-3.27,9910,-170,-1.69,9620,10400,1400-9-27,2021-12-18
98,غپينو,پارس‌ مينو,1411,31017273,64081979191,2146,2200,2054,-92,-4.29,2066,-80,-3.73,2039,2200,1400-9-27,2021-12-18
99,ماديرا,صنايع ماديران,1406,9474459,51580762009,5317,5380,5370,53,1,5444,127,2.39,5190,5570,1400-9-27,2021-12-18
100,فگستر,گسترش صنايع روي ايرانيان,1380,894764,7925535111,8905,8641,8810,-95,-1.07,8880,-25,-0.28,8641,9100,1400-9-27,2021-12-18
101,هاي وب,داده گسترعصرنوين-هاي وب,1361,8815530,69504148880,7710,7760,7890,180,2.33,7880,170,2.2,7740,8050,1400-9-27,2021-12-18
102,طلا,صندوق س.پشتوانه طلاي لوتوس,1347,1484050,137262039935,93443,93443,92135,-1308,-1.4,92492,-951,-1.02,92060,93500,1400-9-27,2021-12-18
103,كالا,بورس كالاي ايران,1342,5723805,183656850970,30620,31890,32150,1530,5,32090,1470,4.8,31160,32150,1400-9-27,2021-12-18
104,خمهرح,ح . مهركام‌پارس‌,1330,24540542,16219645421,641,640,655,14,2.18,661,20,3.12,640,685,1400-9-27,2021-12-18
105,خودكفا,اقتصادي و خودكفايي آزادگان,1329,14332351,106881105310,7515,7301,7326,-189,-2.51,7457,-58,-0.77,7290,7590,1400-9-27,2021-12-18
106,شپاكسا,پاكسان‌,1302,11112266,219470717530,19180,19900,19370,190,0.99,19750,570,2.97,18510,20090,1400-9-27,2021-12-18
107,كماسه,تامين‌ ماسه‌ ريخته‌گري‌,1251,20677207,73161748803,3389,3320,3558,169,4.99,3538,149,4.4,3320,3558,1400-9-27,2021-12-18
108,وسكرد,شركت س استان كردستان,1220,87968543,37614563466,419,418,429,10,2.39,428,9,2.15,416,433,1400-9-27,2021-12-18
109,وپارس,بانك‌پارسيان‌,1218,27523810,51111984814,1850,1850,1857,7,0.38,1853,3,0.16,1811,1895,1400-9-27,2021-12-18
110,سرو,صندوق س سروسودمند مدبران-سهام,1203,1362447,90157020890,65340,65600,66300,960,1.47,66170,830,1.27,65310,66850,1400-9-27,2021-12-18
111,وملي,گروه‌ صنعتي‌ ملي‌ (هلدينگ‌,1196,409788,49947333720,118240,118220,124000,5760,4.87,121890,3650,3.09,114060,124000,1400-9-27,2021-12-18
112,حكشتي,كشتيراني جمهوري اسلامي ايران,1194,4095420,52399928560,12660,12700,12800,140,1.11,12720,60,0.47,12630,13100,1400-9-27,2021-12-18
113,لپارس,پارس‌ الكتريك‌,1181,1202793,101994748750,80880,84700,84920,4040,5,84800,3920,4.85,82000,84920,1400-9-27,2021-12-18
114,وساغربي,شركت س استان آذربايجان غربي,1154,67758389,28530208902,422,416,425,3,0.71,421,-1,-0.24,403,428,1400-9-27,2021-12-18
115,فاراك,ماشين‌ سازي‌ اراك‌,1148,27217051,39869976296,1411,1439,1475,64,4.54,1465,54,3.83,1430,1481,1400-9-27,2021-12-18
116,وپويا,سرمايه گذاري پويا,1147,4093286,13352488379,3171,3140,3295,124,3.91,3250,79,2.49,3140,3298,1400-9-27,2021-12-18
117,غگل,گلوكوزان‌,1144,13976070,40989870242,2873,2850,2933,60,2.09,2933,60,2.09,2850,3010,1400-9-27,2021-12-18
118,شصدف,صنعتي دوده فام,1141,1108508,35196174985,30607,31000,31820,1213,3.96,31751,1144,3.74,30510,32000,1400-9-27,2021-12-18
119,كسرا,سراميك‌هاي‌صنعتي‌اردكان‌,1111,5753575,69704467670,12030,11430,12490,460,3.82,12110,80,0.67,11430,12630,1400-9-27,2021-12-18
120,شپترو,پتروشيمي آبادان,1097,14893545,39860676000,2762,2670,2680,-82,-2.97,2676,-86,-3.11,2624,2720,1400-9-27,2021-12-18
121,پيزد,مجتمع صنايع لاستيك يزد,1091,143313,7423988960,51420,50100,51600,180,0.35,51608,188,0.37,50100,52500,1400-9-27,2021-12-18
122,شاراك,پتروشيمي شازند,1072,1681347,71120056760,42160,42790,42160,0,0,42260,100,0.24,41880,42960,1400-9-27,2021-12-18
123,فولاي,صنايع فولاد آلياژي يزد,1057,3246803,46703718459,14737,14405,14330,-407,-2.76,14385,-352,-2.39,14056,15100,1400-9-27,2021-12-18
124,كاوه,فولاد كاوه جنوب كيش,1050,4859618,67745465860,14010,14020,13850,-160,-1.14,13950,-60,-0.43,13780,14150,1400-9-27,2021-12-18
125,فخوز,فولاد  خوزستان,1006,10765323,67844670240,6180,6200,6280,100,1.62,6250,70,1.13,6180,6400,1400-9-27,2021-12-18
126,تسه0006,امتيازتسهيلات مسكن شهريور1400,1005,24131,25171419832,1097954,1043057,1045000,-52954,-4.82,1043115,-54839,-4.99,1043057,1046057,1400-9-27,2021-12-18
127,ثفارس,عمران‌وتوسعه‌فارس‌,992,8963615,62337877210,6720,6900,7050,330,4.91,6950,230,3.42,6520,7050,1400-9-27,2021-12-18
128,وايران,ليزينگ ايرانيان,981,10357741,27787528330,2580,2600,2709,129,5,2683,103,3.99,2503,2709,1400-9-27,2021-12-18
129,شسپا,نفت سپاهان,967,14767879,48401424137,3297,3330,3242,-55,-1.67,3284,-13,-0.39,3224,3345,1400-9-27,2021-12-18
130,ومعادن,توسعه‌معادن‌وفلزات‌,966,7054367,63849540360,9040,8910,9100,60,0.66,9050,10,0.11,8910,9230,1400-9-27,2021-12-18
131,آگاس,صندوق س.هستي بخش آگاه-س,963,786713,58705418857,73588,73600,74610,1022,1.39,74621,1033,1.4,73600,75400,1400-9-27,2021-12-18
132,زاگرس,پتروشيمي زاگرس,941,225061,53510789823,237345,237345,236501,-844,-0.36,237567,222,0.09,235000,243450,1400-9-27,2021-12-18
133,چكاپا,گروه صنايع كاغذ پارس,937,12094611,33770246602,2694,2779,2828,134,4.97,2792,98,3.64,2700,2828,1400-9-27,2021-12-18
134,ولملت,واسپاري ملت,923,24562091,83194949416,3564,3386,3386,-178,-4.99,3387,-177,-4.97,3386,3471,1400-9-27,2021-12-18
135,ملت,بيمه ملت,916,36242333,40957980356,1100,1130,1147,47,4.27,1130,30,2.73,1101,1151,1400-9-27,2021-12-18
136,خكار,ايركا پارت صنعت,914,10453820,31668068411,3026,2999,3002,-24,-0.79,3029,3,0.1,2905,3149,1400-9-27,2021-12-18
137,حفاري,حفاري شمال,903,9773024,34706465543,3535,3570,3540,5,0.14,3551,16,0.45,3502,3662,1400-9-27,2021-12-18
138,خمحركه,نيرو محركه‌,902,11387176,36486919413,3110,3180,3225,115,3.7,3204,94,3.02,3120,3265,1400-9-27,2021-12-18
139,بپاس,بيمه پاسارگاد,896,8281408,351726926389,42471,42470,42473,2,0,42472,1,0,42470,42475,1400-9-27,2021-12-18
140,شفارس,صنايع‌ شيميايي‌ فارس‌,887,29852154,30123988720,965,988,1013,48,4.97,1009,44,4.56,971,1013,1400-9-27,2021-12-18
141,ضخود1053,اختيارخ خودرو-2500-1400/10/08,871,42554,186617000,5,5,4,-1,-20,4,-1,-20,3,6,1400-9-27,2021-12-18
142,افرا,افرانت,864,2414099,52538324736,20886,21930,21930,1044,5,21763,877,4.2,20900,21930,1400-9-27,2021-12-18
143,شجم,صنايع پتروشيمي تخت جمشيد,858,6777802,74710599458,10851,10309,11393,542,4.99,11023,172,1.59,10309,11393,1400-9-27,2021-12-18
144,تسه0007,امتيازتسهيلات مسكن مهر1400,844,14789,15459148746,1100330,1045314,1045314,-55016,-5,1045314,-55016,-5,1045314,1045314,1400-9-27,2021-12-18
145,ثبات,صندوق س. ثبات ويستا -د,841,41116669,435384899624,10571,10589,10590,19,0.18,10589,18,0.17,10589,10590,1400-9-27,2021-12-18
146,تسه0008,امتيازتسهيلات مسكن آبان1400,840,17921,18989132177,1114819,1059079,1059079,-55740,-5,1059602,-55217,-4.95,1059079,1170559,1400-9-27,2021-12-18
147,دماوند,توليد نيروي برق دماوند,833,1772454,36917571340,21588,21580,20700,-888,-4.11,20978,-610,-2.83,20509,21580,1400-9-27,2021-12-18
148,فارس,صنايع پتروشيمي خليج فارس,833,4864399,48200985180,9780,9800,9980,200,2.04,9830,50,0.51,9790,10010,1400-9-27,2021-12-18
149,پارس,پتروشيمي پارس,817,315025,56779398860,180660,181640,180300,-360,-0.2,180420,-240,-0.13,177430,184190,1400-9-27,2021-12-18
150,خموتور,موتورسازان‌تراكتورسازي‌ايران‌,816,5778399,31949325540,5520,5580,5430,-90,-1.63,5530,10,0.18,5310,5750,1400-9-27,2021-12-18
151,تاپيكو,س. نفت و گاز و پتروشيمي تأمين,814,8910784,123920794730,13760,13760,13920,160,1.16,13910,150,1.09,13760,14040,1400-9-27,2021-12-18
152,ولقمان,سرمايه گذاري لقمان,811,5961660,17538970667,2891,2885,2900,9,0.31,2942,51,1.76,2810,2976,1400-9-27,2021-12-18
153,اخابر,مخابرات ايران,799,6299768,42282347050,6680,6700,6700,20,0.3,6690,10,0.15,6630,6860,1400-9-27,2021-12-18
154,البرز,بيمه البرز,794,14697656,24998165486,1660,1655,1717,57,3.43,1701,41,2.47,1641,1730,1400-9-27,2021-12-18
155,وسكرشا,س.سهام عدالت استان كرمانشاه,791,52759670,23106464675,430,430,441,11,2.56,438,8,1.86,430,443,1400-9-27,2021-12-18
156,خزر,فنرسازي‌زر,790,3858064,35012982170,8690,9080,9120,430,4.95,9080,390,4.49,8760,9120,1400-9-27,2021-12-18
157,وسكرمان,س.سهام عدالت استان كرمان,780,50156968,21365157492,424,422,426,2,0.47,425,1,0.24,420,435,1400-9-27,2021-12-18
158,سفارس,سيمان فارس و خوزستان,771,2562854,38879720910,15020,15050,15290,270,1.8,15170,150,1,14900,15350,1400-9-27,2021-12-18
159,شبصير,توليدات پتروشيمي قائد بصير,770,437224,48335957836,109942,111508,110590,648,0.59,110552,610,0.55,108000,113700,1400-9-27,2021-12-18
160,اميد,تامين سرمايه اميد,768,4813010,40379532160,8190,8310,8420,230,2.81,8390,200,2.44,8270,8590,1400-9-27,2021-12-18
161,تملت,تامين سرمايه بانك ملت,767,3646812,8686489946,2373,2306,2400,27,1.14,2378,5,0.21,2273,2440,1400-9-27,2021-12-18
162,بجهرم,توسعه مولد نيروگاهي جهرم,767,9907735,17836943349,1769,1760,1814,45,2.54,1800,31,1.75,1760,1830,1400-9-27,2021-12-18
163,كلر,كلر پارس,763,269011,28495479815,105665,107970,105950,285,0.27,105927,262,0.25,104500,107970,1400-9-27,2021-12-18
164,شيراز,پتروشيمي‌شيراز,762,568379,42410554350,74630,74630,74630,0,0,74620,-10,-0.01,74000,77500,1400-9-27,2021-12-18
165,قنيشا,قند  نيشابور,758,1049001,37095729370,36920,35080,35080,-1840,-4.98,35360,-1560,-4.23,35080,37200,1400-9-27,2021-12-18
166,شبريز,پالايش نفت تبريز,753,1471551,44565692780,29800,30380,30320,520,1.74,30010,210,0.7,29840,30830,1400-9-27,2021-12-18
167,خرينگ,رينگ‌سازي‌مشهد,753,3490272,80187149450,22010,21120,23110,1100,5,22970,960,4.36,21120,23110,1400-9-27,2021-12-18
168,سبزوا,سيمان لار سبزوار,749,11419286,19846408007,1720,1718,1725,5,0.29,1738,18,1.05,1718,1780,1400-9-27,2021-12-18
169,اپال,فرآوري معدني اپال كاني پارس,749,526231,11951103500,22700,22700,22710,10,0.04,22700,0,0,22690,23000,1400-9-27,2021-12-18
170,سنير,سيمان‌ سفيد ني‌ريز,741,907704,24625948750,26060,27340,27360,1300,4.99,27130,1070,4.11,26310,27360,1400-9-27,2021-12-18
171,ولملتح,ح . واسپاري ملت,735,3943329,6014323504,1463,1401,1581,118,8.07,1525,62,4.24,1401,1600,1400-9-27,2021-12-18
172,شغدير,پتروشيمي غدير,733,533144,48940434190,91630,91630,91070,-560,-0.61,91800,170,0.19,90750,94000,1400-9-27,2021-12-18
173,ولساپا,ليزينگ رايان‌ سايپا,730,28228996,39657137218,1402,1400,1403,1,0.07,1405,3,0.21,1393,1456,1400-9-27,2021-12-18
174,آسيا,بيمه آسيا,728,22055462,35285650015,1542,1560,1600,58,3.76,1600,58,3.76,1540,1619,1400-9-27,2021-12-18
175,تسه0005,امتيازتسهيلات مسكن مرداد 1400,728,13644,14241836498,1098647,1043715,1045000,-53647,-4.88,1043817,-54830,-4.99,1043715,1050000,1400-9-27,2021-12-18
176,بمپنا,توليد برق عسلويه  مپنا,724,13614724,86121817498,6074,6349,6300,226,3.72,6326,252,4.15,6197,6377,1400-9-27,2021-12-18
177,ثرود,سرمايه‌گذاري مسكن زاينده رود,720,5154523,26556681080,5240,5060,5203,-37,-0.71,5152,-88,-1.68,5002,5342,1400-9-27,2021-12-18
178,بميلا,توسعه بازرگاني آهن وفولادميلاد,712,6458750,46026414321,7155,7170,7196,41,0.57,7126,-29,-0.41,6942,7300,1400-9-27,2021-12-18
179,خاهن,آهنگري‌ تراكتورسازي‌ ايران‌,711,6490589,28916680156,4470,4360,4570,100,2.24,4455,-15,-0.34,4300,4592,1400-9-27,2021-12-18
180,زكوثر,سرمايه گذاري كشاورزي كوثر,705,1845759,24283025690,13150,13470,13220,70,0.53,13160,10,0.08,13000,13470,1400-9-27,2021-12-18
181,وساپا,سرمايه‌گذاري‌ سايپا,703,12327861,49555412906,3833,3970,4024,191,4.98,4020,187,4.88,3861,4024,1400-9-27,2021-12-18
182,كسرام,پارس‌ سرام‌,701,7382550,33717970806,4418,4410,4638,220,4.98,4567,149,3.37,4215,4638,1400-9-27,2021-12-18
183,غشهداب,كشت و صنعت شهداب ناب خراسان,696,10228585,25288203255,2399,2400,2518,119,4.96,2472,73,3.04,2340,2518,1400-9-27,2021-12-18
184,دسانكو,داروسازي سبحان انكولوژي,695,3666675,47104019470,12253,12800,12864,611,4.99,12847,594,4.85,12311,12865,1400-9-27,2021-12-18
185,شيران,س. صنايع‌شيميايي‌ايران,694,1321418,25960722560,19550,19450,19480,-70,-0.36,19580,30,0.15,19430,20000,1400-9-27,2021-12-18
186,وفتخار,سرمايه گذاري افتخار سهام,689,3444134,5944539167,1678,1644,1728,50,2.98,1725,47,2.8,1644,1728,1400-9-27,2021-12-18
187,ياقوت,صندوق س ياقوت آگاه-ثابت,681,11220353,154842463403,13779,13799,13799,20,0.15,13800,21,0.15,13799,13816,1400-9-27,2021-12-18
188,كچاد,معدني‌وصنعتي‌چادرملو,680,1566565,43410766140,27360,27370,27580,220,0.8,27490,130,0.48,27370,28050,1400-9-27,2021-12-18
189,جم پيلن,پلي پروپيلن جم - جم پيلن,660,842339,102510541070,116110,117980,121910,5800,5,121700,5590,4.81,117980,121910,1400-9-27,2021-12-18
190,فجر,فولاد اميركبيركاشان,651,1308618,28111909290,21420,20780,21400,-20,-0.09,21480,60,0.28,20780,21970,1400-9-27,2021-12-18
191,سنيرح,ح . سيمان‌ سفيدني‌ريز,651,1121110,23268133360,19750,20400,21100,1350,6.84,20750,1000,5.06,20020,21330,1400-9-27,2021-12-18
192,شتوكا,توكا رنگ فولاد سپاهان,649,1463447,19414954857,13047,13049,13417,370,2.84,13267,220,1.69,12750,13695,1400-9-27,2021-12-18
193,فروي,ذوب روي اصفهان,649,1359216,22575306522,15862,15490,16655,793,5,16609,747,4.71,15490,16655,1400-9-27,2021-12-18
194,ثاخت,بين‌المللي‌توسعه‌ساختمان,644,9314796,16379184366,1733,1750,1758,25,1.44,1758,25,1.44,1709,1790,1400-9-27,2021-12-18
195,زدشت,كشت و صنعت دشت خرم دره,634,2549383,27651602641,11310,11000,10896,-414,-3.66,10846,-464,-4.1,10745,11530,1400-9-27,2021-12-18
196,ودي,بيمه  دي,630,8181189,33445331888,4038,3950,4095,57,1.41,4088,50,1.24,3950,4199,1400-9-27,2021-12-18
197,تسه0004,امتيازتسهيلات مسكن تير1400,622,12334,12883659041,1099527,1044551,1044551,-54976,-5,1044565,-54962,-5,1044551,1050000,1400-9-27,2021-12-18
198,كرازي,كارخانجات‌توليدي‌شيشه‌رازي‌,615,15278139,17977633084,1161,1140,1170,9,0.78,1177,16,1.38,1140,1190,1400-9-27,2021-12-18
199,ونيرو,سرمايه‌گذاري‌نيرو,608,12675802,23739180830,1795,1800,1884,89,4.96,1873,78,4.35,1800,1884,1400-9-27,2021-12-18
200,زر,صندوق س.پشتوانه سكه طلاي زر,602,1112368,63642179266,57159,56100,57770,611,1.07,57213,54,0.09,55700,57820,1400-9-27,2021-12-18
201,شلعاب,لعابيران‌,601,3010327,17542317540,5740,5870,5770,30,0.52,5830,90,1.57,5670,5990,1400-9-27,2021-12-18
202,خمهر,مهركام‌پارس‌,590,10974260,18576536245,1621,1648,1702,81,5,1693,72,4.44,1640,1702,1400-9-27,2021-12-18
203,چكاوه,صنايع‌كاغذسازي‌كاوه‌,585,4426298,33770940540,7340,7600,7700,360,4.9,7630,290,3.95,7340,7700,1400-9-27,2021-12-18
204,حريل,ريل پردازسير,581,8141222,18894681899,2296,2245,2356,60,2.61,2321,25,1.09,2240,2404,1400-9-27,2021-12-18
205,غسالم,سالمين‌,577,6090212,16310111592,2663,2739,2658,-5,-0.19,2678,15,0.56,2642,2739,1400-9-27,2021-12-18
206,دلر,داروسازي‌ اكسير,575,581384,23389878390,40850,41170,39840,-1010,-2.47,40230,-620,-1.52,39260,41190,1400-9-27,2021-12-18
207,ضخود1049,اختيارخ خودرو-1400-1400/10/08,574,24095,12756581000,455,451,550,95,20.88,529,74,16.26,451,555,1400-9-27,2021-12-18
208,كيان2,صندوق س. با درآمد ثابت كيان,570,57000000,57000000,32089,1,1,-32088,-100,1,-32088,-100,1,1,1400-9-27,2021-12-18
209,بالاس,مهندسي ساختمان تاسيسات راه آهن,564,1200967,30322298954,25352,25810,26619,1267,5,25248,-104,-0.41,24085,26619,1400-9-27,2021-12-18
210,اطلس,صندوق س.توسعه اندوخته آينده-س,562,342862,81253744453,235187,233111,237500,2313,0.98,236987,1800,0.77,233111,237510,1400-9-27,2021-12-18
211,ونوين,بانك‌اقتصادنوين‌,561,11735962,34634023716,2887,2889,2955,68,2.36,2949,62,2.15,2889,3000,1400-9-27,2021-12-18
212,خاور,ايران خودرو ديزل,556,40281409,41288444225,996,1025,1025,29,2.91,1025,29,2.91,1025,1025,1400-9-27,2021-12-18
213,بكامح,ح.كارخانجات توليدي شهيد قندي,554,8318388,4408412058,541,525,528,-13,-2.4,530,-11,-2.03,513,554,1400-9-27,2021-12-18
214,ولشرقح,ح . ليزينگ ايران و شرق,553,13131794,10999460105,856,820,817,-39,-4.56,838,-18,-2.1,814,871,1400-9-27,2021-12-18
215,نوين,بيمه نوين,552,8622188,30347906305,3368,3499,3536,168,4.99,3520,152,4.51,3400,3536,1400-9-27,2021-12-18
216,هرمز,فولاد هرمزگان جنوب,552,1148990,16710193957,14673,14670,14499,-174,-1.19,14655,-18,-0.12,14220,14770,1400-9-27,2021-12-18
217,وپاسار,بانك  پاسارگاد,551,15405760,196731417970,12730,12730,12820,90,0.71,12770,40,0.31,12730,12820,1400-9-27,2021-12-18
218,فاسمين,كالسيمين‌,550,3136066,49890749740,15510,15400,16000,490,3.16,15910,400,2.58,15400,16130,1400-9-27,2021-12-18
219,حتوكا,حمل‌ونقل‌توكا,548,1962799,20352763420,10690,10350,10340,-350,-3.27,10370,-320,-2.99,10160,10920,1400-9-27,2021-12-18
220,خكمك,كمك‌فنرايندامين‌,541,1519859,32789450820,21170,22100,21450,280,1.32,21570,400,1.89,21180,22200,1400-9-27,2021-12-18
221,بكهنوج,توليد برق ماهتاب كهنوج,534,17284667,17409054228,968,1000,1015,47,4.86,1007,39,4.03,990,1016,1400-9-27,2021-12-18
222,ساوه,سيمان ساوه,530,264369,11516713793,42471,43038,43669,1198,2.82,43288,817,1.92,42473,44200,1400-9-27,2021-12-18
223,بموتو,موتوژن‌,529,430654,30688574240,71950,72440,73040,1090,1.51,71260,-690,-0.96,69310,73700,1400-9-27,2021-12-18
224,كارين,صندوق س نگين سامان-ثابت,528,22993013,233458528707,10137,10153,10152,15,0.15,10153,16,0.16,10152,10156,1400-9-27,2021-12-18
225,قرن,پديده شيمي قرن,525,617783,13540032430,22230,21900,21850,-380,-1.71,21990,-240,-1.08,21810,22400,1400-9-27,2021-12-18
226,غويتا,ويتانا,524,2739066,14067254125,5178,5031,5105,-73,-1.41,5138,-40,-0.77,5031,5296,1400-9-27,2021-12-18
227,وشهر,بانك شهر,521,5756798,23732717447,4130,4131,4075,-55,-1.33,4123,-7,-0.17,4073,4180,1400-9-27,2021-12-18
228,سكه0012پ01,تمام سكه طرح جديد0012رفاه,521,144300,187660507000,1326278,1312431,1296006,-30272,-2.28,1300489,-25789,-1.94,1295006,1313000,1400-9-27,2021-12-18
229,هماي,صندوق س هماي آگاه-ثابت,520,3708995,37650230781,10138,10156,10148,10,0.1,10151,13,0.13,10145,10156,1400-9-27,2021-12-18
230,كفپارس,فرآورده‌هاي‌ نسوز پارس‌,519,5765509,14967689403,2527,2563,2648,121,4.79,2594,67,2.65,2483,2650,1400-9-27,2021-12-18
231,زقيام,كشت و دام قيام اصفهان,518,12720506,15069187308,1158,1135,1185,27,2.33,1184,26,2.25,1135,1205,1400-9-27,2021-12-18
232,گنجين2,صندوق س. گنجينه يكم آويد-د,518,51800000,51800000,14369,1,1,-14368,-99.99,1,-14368,-99.99,1,1,1400-9-27,2021-12-18
233,لخزر,پارس‌ خزر,509,179455,20307931070,113360,111780,109030,-4330,-3.82,113160,-200,-0.18,107710,118900,1400-9-27,2021-12-18
234,كگل,معدني و صنعتي گل گهر,508,4042576,84853330960,20610,20310,21000,390,1.89,20870,260,1.26,20310,21100,1400-9-27,2021-12-18
235,پتاير,ايران‌ تاير,507,6110768,10575766569,1729,1710,1730,1,0.06,1730,1,0.06,1681,1779,1400-9-27,2021-12-18
236,وتوصا,گروه س توسعه صنعتي ايران,505,4667540,47385096620,10030,9880,10190,160,1.6,10150,120,1.2,9600,10320,1400-9-27,2021-12-18
237,كهمدا,شيشه‌ همدان‌,503,2795292,24096062310,8340,8540,8660,320,3.84,8620,280,3.36,8170,8750,1400-9-27,2021-12-18
238,كپشير,پشم‌شيشه‌ايران‌,502,1966769,20261748590,10520,10460,10470,-50,-0.48,10300,-220,-2.09,10000,10700,1400-9-27,2021-12-18
239,تاپكيش,تجارت الكترونيك پارسيان كيش,497,1636189,27889618720,16897,17350,17060,163,0.96,17045,148,0.88,16900,17350,1400-9-27,2021-12-18
240,تاصيكو,سرمايه گذاري صدرتامين,493,5177886,44663673430,8530,8350,8700,170,1.99,8570,40,0.47,8350,8720,1400-9-27,2021-12-18
241,رانفور,خدمات‌انفورماتيك‌,491,16432649,52871994027,3206,3216,3190,-16,-0.5,3217,11,0.34,3120,3290,1400-9-27,2021-12-18
242,زكشت,كشاورزي مكانيزه اصفهان كشت,490,1161456,19518124157,17304,16770,16755,-549,-3.17,16805,-499,-2.88,16439,17334,1400-9-27,2021-12-18
243,غمينو,شركت صنايع غذايي مينو شرق,487,3871320,14738407902,3916,3915,3765,-151,-3.86,3807,-109,-2.78,3721,4070,1400-9-27,2021-12-18
244,خزاميا,زامياد,487,5312707,35060388350,6290,6600,6600,310,4.93,6600,310,4.93,6540,6600,1400-9-27,2021-12-18
245,چدن,توليدي چدن سازان,487,4147686,9425099016,2220,2270,2265,45,2.03,2252,32,1.44,2230,2301,1400-9-27,2021-12-18
246,سهرمز,سيمان‌هرمزگان‌,487,2452688,36804171560,14360,14030,14950,590,4.11,15010,650,4.53,14000,15070,1400-9-27,2021-12-18
247,شلرد,كود شيميايي اوره لردگان,478,5054018,54329083198,10448,10400,10761,313,3,10750,302,2.89,10400,10761,1400-9-27,2021-12-18
248,شبهرن,نفت‌ بهران‌,473,2439078,26502118790,10940,10660,10820,-120,-1.1,10900,-40,-0.37,10660,11150,1400-9-27,2021-12-18
249,دتوليد,داروسازي توليد دارو,473,1794760,12938815312,7216,7010,7181,-35,-0.49,7210,-6,-0.08,7010,7439,1400-9-27,2021-12-18
250,مبين,مبين انرژي خليج فارس,471,4064439,96690411240,23490,23500,24180,690,2.94,23730,240,1.02,23150,24220,1400-9-27,2021-12-18
251,پارسان,گسترش نفت و گاز پارسيان,470,3415856,105885304450,29750,30570,30900,1150,3.87,30810,1060,3.56,30500,31210,1400-9-27,2021-12-18
252,شرنگي,شيميايي رنگين,468,162375,27959948213,173648,178000,168439,-5209,-3,172194,-1454,-0.84,168439,178000,1400-9-27,2021-12-18
253,رتاپ,تجارت الكترونيك  پارسيان,466,1757675,9497564360,5300,5320,5390,90,1.7,5360,60,1.13,5230,5490,1400-9-27,2021-12-18
254,وهور,مديريت انرژي اميد  تابان هور,463,10038480,12389170648,1212,1212,1227,15,1.24,1220,8,0.66,1212,1250,1400-9-27,2021-12-18
255,فباهنر,مس‌ شهيدباهنر,457,695566,17927668290,25790,25370,25790,0,0,25780,-10,-0.04,25370,26200,1400-9-27,2021-12-18
256,فلوله,لوله‌وماشين‌سازي‌ايران‌,451,11040169,11120789663,974,983,1003,29,2.98,998,24,2.46,983,1019,1400-9-27,2021-12-18
257,شتوكاح,ح . توكا رنگ فولاد سپاهان,448,2038682,22215202877,11347,10780,11070,-277,-2.44,10897,-450,-3.97,10780,11590,1400-9-27,2021-12-18
258,بكام,كارخانجات توليدي شهيد قندي,448,8118834,11991293431,1463,1444,1477,14,0.96,1474,11,0.75,1444,1499,1400-9-27,2021-12-18
259,حآسا,آسيا سير ارس,447,1085295,12809352438,11684,11830,11600,-84,-0.72,11784,100,0.86,11340,12109,1400-9-27,2021-12-18
260,كامياب,صندوق س. كامياب آشنا-د,446,9471929,105005355023,11067,11084,11084,17,0.15,11086,19,0.17,11083,11089,1400-9-27,2021-12-18
261,ثغرب,شركت سرمايه گذاري مسكن شمالغرب,439,5192825,18088884573,3658,3476,3476,-182,-4.98,3483,-175,-4.78,3476,3640,1400-9-27,2021-12-18
262,خفنر,فنرسازي‌خاور,438,3320236,23920773540,6890,6800,7230,340,4.93,7200,310,4.5,6800,7230,1400-9-27,2021-12-18
263,وساخت,سرمايه‌ گذاري‌ ساختمان‌ايران‌,437,735864,26941450490,34910,34560,36650,1740,4.98,36610,1700,4.87,34560,36650,1400-9-27,2021-12-18
264,خموتورح,ح . موتورسازان‌تراكتورسازي‌,434,4640802,13760511788,2917,2990,2935,18,0.62,2965,48,1.65,2837,3150,1400-9-27,2021-12-18
265,تليسه,دامداري تليسه نمونه,432,4864243,9193121547,1889,1860,1915,26,1.38,1890,1,0.05,1851,1949,1400-9-27,2021-12-18
266,سپر,صندوق س سپر سرمايه بيدار- ثابت,431,13219202,176792898032,13355,13380,13356,1,0.01,13374,19,0.14,13356,13386,1400-9-27,2021-12-18
267,سيمرغ,سيمرغ,429,1196058,27258222780,22430,22310,22560,130,0.58,22790,360,1.6,22310,23230,1400-9-27,2021-12-18
268,وبانك,سرمايه گذاري گروه توسعه ملي,429,3687015,29482862230,7940,7900,8000,60,0.76,7960,20,0.25,7900,8060,1400-9-27,2021-12-18
269,فولاژ,فولاد آلياژي ايران,428,2399479,40084253700,16190,16340,16800,610,3.77,16450,260,1.61,16150,16890,1400-9-27,2021-12-18
270,وخاور,بانك خاورميانه,427,4160742,20444501332,4830,4950,4870,40,0.83,4865,35,0.72,4750,4970,1400-9-27,2021-12-18
271,وآذر,سرمايه‌گذاري‌توسعه‌آذربايجان‌,424,568907,21441942560,36690,36600,37140,450,1.23,37690,1000,2.73,36600,38220,1400-9-27,2021-12-18
272,ومهان,گروه توسعه مالي مهر آيندگان,422,4280725,18138480737,4231,4141,4240,9,0.21,4233,2,0.05,4141,4317,1400-9-27,2021-12-18
273,خكاوه,سايپا ديزل,422,10407922,31575280485,2950,2990,3038,88,2.98,3034,84,2.85,2950,3038,1400-9-27,2021-12-18
274,فوكا,فولاد كاويان,421,2740578,38270445334,13635,13228,14043,408,2.99,13964,329,2.41,13228,14043,1400-9-27,2021-12-18
275,ولغدر,ليزينگ‌خودروغدير,417,1978775,15186814830,7970,7580,7580,-390,-4.89,7670,-300,-3.76,7580,7960,1400-9-27,2021-12-18
276,همراه,شركت ارتباطات سيار ايران,416,2402389,19276441740,8090,8100,7990,-100,-1.24,8080,-10,-0.12,7900,8140,1400-9-27,2021-12-18
277,شپلي,پلي اكريل ايران,415,4123200,23953799667,5923,6000,5746,-177,-2.99,5810,-113,-1.91,5746,6060,1400-9-27,2021-12-18
278,فسپا,گروه‌صنعتي‌سپاهان‌,413,1074707,16848559240,15450,15890,15580,130,0.84,15680,230,1.49,15500,16000,1400-9-27,2021-12-18
279,ريشمك,توليد و صادرات ريشمك,410,808828,23469527086,27789,27490,29178,1389,5,29017,1228,4.42,27490,29178,1400-9-27,2021-12-18
280,شگل,گلتاش‌,408,1667541,11504162840,6910,7150,6840,-70,-1.01,6900,-10,-0.14,6710,7150,1400-9-27,2021-12-18
281,ثتران,سرمايه گذاري مسكن تهران,407,7234333,21558581180,2851,2856,2993,142,4.98,2980,129,4.52,2856,2993,1400-9-27,2021-12-18
282,اوان,مبين وان كيش,406,2782074,27038047310,9591,9500,10070,479,4.99,9719,128,1.33,9112,10070,1400-9-27,2021-12-18
283,فمراد,آلومراد,400,891847,11820433830,13540,14040,13080,-460,-3.4,13310,-230,-1.7,13080,14040,1400-9-27,2021-12-18
284,سخاش,سيمان‌خاش‌,397,177087,14840364020,85100,84000,84310,-790,-0.93,83800,-1300,-1.53,80850,85990,1400-9-27,2021-12-18
285,كروي,توسعه‌ معادن‌ روي‌ ايران‌,395,910732,18829018770,20750,20210,20500,-250,-1.2,20680,-70,-0.34,20210,21200,1400-9-27,2021-12-18
286,تپمپي,پمپ‌ سازي‌ ايران‌,395,1439616,26125718870,17380,16550,18240,860,4.95,18150,770,4.43,16550,18240,1400-9-27,2021-12-18
287,كرماشا,صنايع پتروشيمي كرمانشاه,395,484900,24743630490,50310,50340,50850,540,1.07,50560,250,0.5,50340,51930,1400-9-27,2021-12-18
288,ولانا,شركت ليزينگ آريا دانا,395,1070558,10610120455,10158,9855,9980,-178,-1.75,9911,-247,-2.43,9854,10200,1400-9-27,2021-12-18
289,فايرا,آلومينيوم‌ايران‌,394,3810511,56587889750,14510,14990,15020,510,3.51,14850,340,2.34,14570,15040,1400-9-27,2021-12-18
290,توريل,توكاريل,394,1516051,11427293506,7536,7385,7550,14,0.19,7537,1,0.01,7350,7770,1400-9-27,2021-12-18
291,جم,پتروشيمي جم,393,1650932,80248657570,48520,47630,48800,280,0.58,48590,70,0.14,47630,49100,1400-9-27,2021-12-18
292,گنگين,اقتصادي نگين گردشگري ايرانيان,392,9032016,245991007242,26713,25940,27514,801,3,27235,522,1.95,25940,27514,1400-9-27,2021-12-18
293,شخارك,پتروشيمي‌ خارك‌,392,643862,32371415150,50540,50800,50100,-440,-0.87,50450,-90,-0.18,49500,50800,1400-9-27,2021-12-18
294,فروس,فروسيليس‌ ايران‌,391,4488909,26724732640,5950,5950,5950,0,0,5950,0,0,5860,6120,1400-9-27,2021-12-18
295,شكلر,نيروكلر,389,777146,29542260120,36270,37120,38080,1810,4.99,38010,1740,4.8,36550,38080,1400-9-27,2021-12-18
296,آريان,سرمايه گذاري پارس آريان,388,4512288,61074192514,13609,13350,13550,-59,-0.43,13564,-45,-0.33,13257,14017,1400-9-27,2021-12-18
297,تسه0001,امتيازتسهيلات مسكن فروردين1400,385,7347,7683525120,1096291,1041478,1044000,-52291,-4.77,1045804,-50487,-4.61,1041477,1090000,1400-9-27,2021-12-18
298,رمپنا,گروه مپنا (سهامي عام),385,2134792,32351390390,15040,15040,15150,110,0.73,15070,30,0.2,15040,15390,1400-9-27,2021-12-18
299,وصنعت,سرمايه گذاري توسعه صنعت وتجارت,383,2507275,17617333980,6920,6920,7020,100,1.45,7030,110,1.59,6920,7130,1400-9-27,2021-12-18
300,وتوكا,سرمايه‌گذاري‌توكافولاد(هلدينگ,383,3822078,27151481060,7170,7100,7200,30,0.42,7100,-70,-0.98,6980,7260,1400-9-27,2021-12-18
301,حسير,ريل سير كوثر,383,1927265,40236180960,21955,20858,20858,-1097,-5,20877,-1078,-4.91,20858,21690,1400-9-27,2021-12-18
302,وگستر,گسترش سرمايه گذاري ايرانيان,379,1948389,9182883933,4791,4790,4684,-107,-2.23,4742,-49,-1.02,4553,4790,1400-9-27,2021-12-18
303,كبافق,معادن‌ بافق‌,377,461220,12149989120,25970,26000,26120,150,0.58,26270,300,1.16,26000,26960,1400-9-27,2021-12-18
304,گوهر,صندوق سكه طلاي كيان,376,899932,57991069446,65836,65450,64300,-1536,-2.33,64439,-1397,-2.12,63000,65451,1400-9-27,2021-12-18
305,دروز,داروسازي‌ روزدارو,375,478203,12054322180,26030,26100,24770,-1260,-4.84,25350,-680,-2.61,24770,26320,1400-9-27,2021-12-18
306,قلرست,قند لرستان‌,374,931852,13354086440,14970,14330,14240,-730,-4.88,14380,-590,-3.94,14230,14730,1400-9-27,2021-12-18
307,شاوان,پالايش نفت لاوان,373,169184,21366207981,124383,125020,126200,1817,1.46,125088,705,0.57,125020,129230,1400-9-27,2021-12-18
308,وآوا,سرمايه گذاري آوا نوين,370,2163643,5336841602,2508,2439,2432,-76,-3.03,2493,-15,-0.6,2390,2530,1400-9-27,2021-12-18
309,ونيكي,سرمايه‌گذاري‌ ملي‌ايران‌,364,1434587,12916633250,9060,8990,8970,-90,-0.99,9050,-10,-0.11,8910,9300,1400-9-27,2021-12-18
310,فلامي,لاميران‌,362,609932,11965702290,18970,19000,19500,530,2.79,19470,500,2.64,19000,19890,1400-9-27,2021-12-18
311,تسه9910,امتياز تسهيلات مسكن دي99,361,5612,5806802156,1083539,1029363,1040000,-43539,-4.02,1034712,-48827,-4.51,1029363,1050000,1400-9-27,2021-12-18
312,تنوين,تامين سرمايه نوين,360,2751267,15733601170,5740,5780,5760,20,0.35,5730,-10,-0.17,5480,5850,1400-9-27,2021-12-18
313,ثمسكن,سرمايه‌گذاري‌ مسكن‌,358,8105419,31115508960,3765,3700,3798,33,0.88,3839,74,1.97,3700,3887,1400-9-27,2021-12-18
314,بشهاب,لامپ‌  پارس‌ شهاب‌,358,134262,18992500410,142690,146700,137400,-5290,-3.71,141460,-1230,-0.86,137300,146700,1400-9-27,2021-12-18
315,تسه9908,امتياز تسهيلات مسكن آبان99,357,7674,7957214205,1088483,1034059,1050000,-38483,-3.54,1036906,-51577,-4.74,1034059,1050000,1400-9-27,2021-12-18
316,فردا2,صندوق س آواي فرداي زاگرس-ثابت,355,35500000,35500000,12005,1,1,-12004,-99.99,1,-12004,-99.99,1,1,1400-9-27,2021-12-18
317,كساپا,سايپاشيشه‌,354,821692,13272606370,16300,15700,15990,-310,-1.9,16170,-130,-0.8,15490,16990,1400-9-27,2021-12-18
318,زنگان,صنعت روي زنگان,354,171557,10011979674,56681,56604,58500,1819,3.21,57769,1088,1.92,55500,58980,1400-9-27,2021-12-18
319,حتايد,تايدواترخاورميانه,353,4444669,18230258684,4017,3951,4095,78,1.94,4102,85,2.12,3951,4199,1400-9-27,2021-12-18
320,بهپاك,صنعتي بهپاك,352,4175360,24394628146,5841,5828,5802,-39,-0.67,5843,2,0.03,5665,6030,1400-9-27,2021-12-18
321,خلنت,لنت‌ ترمزايران‌,352,194013,11020906240,55330,52630,56050,720,1.3,56390,1060,1.92,52630,57990,1400-9-27,2021-12-18
322,قاسم,قاسم ايران,352,3596645,12605898940,3495,3401,3445,-50,-1.43,3503,8,0.23,3401,3603,1400-9-27,2021-12-18
323,تيپيكو,سرمايه گذاري دارويي تامين,348,3401514,61333169380,18220,17620,18160,-60,-0.33,18070,-150,-0.82,17560,18350,1400-9-27,2021-12-18
324,ثنوسا,نوسازي‌وساختمان‌تهران‌,348,5416918,23939454789,4216,4290,4426,210,4.98,4419,203,4.81,4276,4426,1400-9-27,2021-12-18
325,وسپه,سرمايه‌گذاري‌ سپه‌,348,4625329,36012996470,7720,7510,7780,60,0.78,7780,60,0.78,7510,7840,1400-9-27,2021-12-18
326,ورنا,سرمايه‌گذاري‌ رنا(هلدينگ‌,348,7233118,20609401852,2717,2670,2852,135,4.97,2849,132,4.86,2670,2852,1400-9-27,2021-12-18
327,دتوزيع,توزيع دارو پخش,347,349142,9084588536,26198,26011,25800,-398,-1.52,26089,-109,-0.42,25600,26884,1400-9-27,2021-12-18
328,فنورد,نوردوقطعات‌ فولادي‌,347,78020,11728084510,147520,145000,149990,2470,1.67,149670,2150,1.46,145000,152980,1400-9-27,2021-12-18
329,خشرق,الكتريك‌ خودرو شرق‌,345,1314991,13873493380,10230,10250,10520,290,2.83,10520,290,2.83,10250,10740,1400-9-27,2021-12-18
330,ارفع,شركت آهن و فولاد ارفع,342,1275116,17592739419,13782,13500,13740,-42,-0.3,13786,4,0.03,13500,14100,1400-9-27,2021-12-18
331,شكربن,كربن‌ ايران‌,341,185884,16510554030,87970,85020,89600,1630,1.85,88820,850,0.97,85020,90200,1400-9-27,2021-12-18
332,كاذر,فرآورده‌هاي‌نسوزآذر,340,1591015,23380501750,14050,13450,14740,690,4.91,14700,650,4.63,13450,14750,1400-9-27,2021-12-18
333,قشكر,شكرشاهرود,338,4515389,9219171371,1977,2044,2057,80,4.05,2016,39,1.97,1980,2075,1400-9-27,2021-12-18
334,سصفها,سيمان‌اصفهان‌,335,618292,14847532120,23670,23620,24520,850,3.59,24010,340,1.44,23000,24800,1400-9-27,2021-12-18
335,وبشهر,توسعه‌ صنايع‌ بهشهر(هلدينگ,332,2546273,16800982290,6680,6580,6640,-40,-0.6,6650,-30,-0.45,6360,6750,1400-9-27,2021-12-18
336,نتوس,پشم‌ بافي‌ توس,331,1717783,17568615862,10748,10212,10451,-297,-2.76,10227,-521,-4.85,10211,10670,1400-9-27,2021-12-18
337,شاملا,معدني‌ املاح‌  ايران‌,330,989098,10942011010,11350,11390,11000,-350,-3.08,11130,-220,-1.94,10860,11500,1400-9-27,2021-12-18
338,ميدكو,توسعه معادن وص.معدني خاورميانه,329,3930116,181374365400,46140,46140,46150,10,0.02,46150,10,0.02,46140,46180,1400-9-27,2021-12-18
339,دبالك,مواد اوليه دارويي البرز بالك,328,2238929,14573076152,6604,6650,6480,-124,-1.88,6510,-94,-1.42,6370,6650,1400-9-27,2021-12-18
340,جوين,كشت و صنعت جوين,326,3972221,8639922873,2214,2248,2150,-64,-2.89,2180,-34,-1.54,2148,2261,1400-9-27,2021-12-18
341,كساوه,صنايع‌ كاشي‌ و سراميك‌ سينا,325,646350,22581255460,33740,34830,35420,1680,4.98,34940,1200,3.56,32820,35420,1400-9-27,2021-12-18
342,ارزش,صندوق س ارزش آفرين بيدار-سهام,325,1837323,16503977390,8890,8890,9000,110,1.24,8980,90,1.01,8880,9090,1400-9-27,2021-12-18
343,ثشرق,سرمايه گذاري مسكن شمال شرق,325,4488346,15060165004,3512,3400,3355,-157,-4.47,3355,-157,-4.47,3337,3524,1400-9-27,2021-12-18
344,زماهان,مجتمع توليد گوشت مرغ ماهان,325,1759880,10632744559,6179,6111,6137,-42,-0.68,6079,-100,-1.62,5888,6290,1400-9-27,2021-12-18
345,فپنتا,سپنتا,323,30693,12510499970,406630,423000,407390,760,0.19,407440,810,0.2,400000,423000,1400-9-27,2021-12-18
346,ومعلم,بيمه معلم,322,5488161,10543825528,2011,1931,1945,-66,-3.28,1945,-66,-3.28,1911,1980,1400-9-27,2021-12-18
347,فردا,صندوق س آواي فرداي زاگرس-ثابت,321,12376040,148818452456,12005,12024,12025,20,0.17,12025,20,0.17,12024,12025,1400-9-27,2021-12-18
348,كتوكا,توليدي و خدمات صنايع نسوز توكا,319,1123619,12571300398,10661,11000,11194,533,5,11082,421,3.95,11000,11194,1400-9-27,2021-12-18
349,خچرخش,چرخشگر,319,1869857,14832499140,7630,7630,8010,380,4.98,7920,290,3.8,7630,8010,1400-9-27,2021-12-18
350,وسكاب,س.ص.بازنشستگي كاركنان بانكها,318,8754865,25386144343,2879,2850,2900,21,0.73,2900,21,0.73,2845,2930,1400-9-27,2021-12-18
351,وساشرقي,شركت س استان آذربايجان شرقي,317,16831445,7187567388,446,425,427,-19,-4.26,442,-4,-0.9,424,441,1400-9-27,2021-12-18
352,غشوكو,شوكو پارس,317,1415583,10856636786,8020,7619,7619,-401,-5,7669,-351,-4.38,7619,8120,1400-9-27,2021-12-18
353,وپسا,س. پتروشيمي ساختمان  خليج فارس,316,11004312,17711200848,1658,1609,1609,-49,-2.96,1609,-49,-2.96,1609,1614,1400-9-27,2021-12-18
354,فافق,صنايع مس افق كرمان,316,3357621,10597688191,3216,3169,3200,-16,-0.5,3156,-60,-1.87,3120,3216,1400-9-27,2021-12-18
355,شنفت,نفت‌ پارس‌,313,2067264,19686775710,9520,9520,9530,10,0.11,9520,0,0,9270,9800,1400-9-27,2021-12-18
356,غشان,شيرپاستوريزه‌پگاه‌خراسان‌,313,3268593,12375739228,3877,3701,3878,1,0.03,3800,-77,-1.99,3700,3947,1400-9-27,2021-12-18
357,سبجنو,سيمان‌ بجنورد,313,512129,18855966900,37930,36770,36860,-1070,-2.82,36820,-1110,-2.93,36040,38980,1400-9-27,2021-12-18
358,شدوص,دوده‌ صنعتي‌ پارس‌,312,3595653,39455965070,11100,10680,11200,100,0.9,10970,-130,-1.17,10680,11430,1400-9-27,2021-12-18
359,سدور,سيمان‌ دورود,310,2514234,12715150590,5070,5010,5060,-10,-0.2,5060,-10,-0.2,4990,5200,1400-9-27,2021-12-18
360,ختراك,ريخته‌گري‌ تراكتورسازي‌ ايران‌,309,2833878,14461133120,5030,5100,5020,-10,-0.2,5100,70,1.39,4980,5220,1400-9-27,2021-12-18
361,كفرآور,فرآورده هاي سيمان شرق,307,1128159,22708023418,20152,20200,20203,51,0.25,20128,-24,-0.12,19900,20600,1400-9-27,2021-12-18
362,تكشا,گسترش‌صنايع‌وخدمات‌كشاورزي‌,305,817083,22559147350,28600,29140,27670,-930,-3.25,27610,-990,-3.46,27200,29140,1400-9-27,2021-12-18
363,فرآور,فرآوري‌موادمعدني‌ايران‌,304,1396102,39546154490,27030,27200,28380,1350,4.99,28330,1300,4.81,26780,28380,1400-9-27,2021-12-18
364,غديس,پاكديس,303,1730038,16460050023,9566,9130,9570,4,0.04,9514,-52,-0.54,9130,9870,1400-9-27,2021-12-18
365,زشريف,كشت وصنعت شريف آباد,302,2968847,8241291426,2721,2700,2755,34,1.25,2751,30,1.1,2650,2850,1400-9-27,2021-12-18
366,مدير,ص.س.مديريت ثروت ص.بازنشستگي-س,302,822353,7609296550,9174,9023,9250,76,0.83,9253,79,0.86,9023,9350,1400-9-27,2021-12-18
367,تسه9907,امتياز تسهيلات مسكن مهر99,301,4848,5045356067,1095217,1040457,1040457,-54760,-5,1040709,-54508,-4.98,1040457,1050000,1400-9-27,2021-12-18
368,كنور,توسعه معدني و صنعتي صبانور,301,570626,10661744580,18610,18690,18660,50,0.27,18620,10,0.05,18300,19080,1400-9-27,2021-12-18
369,كمنگنز,معادن‌منگنزايران‌,300,167311,9822877180,57990,59990,58850,860,1.48,58460,470,0.81,57650,59990,1400-9-27,2021-12-18
370,لسرما,سرما آفرين‌,300,551290,10011838750,18460,18940,17820,-640,-3.47,18260,-200,-1.08,17540,19100,1400-9-27,2021-12-18
371,ضخود1051,اختيارخ خودرو-1800-1400/10/08,299,14337,2545703000,132,150,184,52,39.39,178,46,34.85,150,187,1400-9-27,2021-12-18
372,خوساز,محورسازان‌ايران‌خودرو,299,2004405,12716277350,6100,6020,6400,300,4.92,6300,200,3.28,6020,6400,1400-9-27,2021-12-18
373,واميد,گروه مديريت سرمايه گذاري اميد,297,2341961,30931057680,13190,13190,13260,70,0.53,13190,0,0,13010,13290,1400-9-27,2021-12-18
374,پاسا,ايران‌ياساتايرورابر,296,1569642,19280547230,12160,11700,12330,170,1.4,12280,120,0.99,11700,12600,1400-9-27,2021-12-18
375,ستران,سيمان‌ تهران‌,296,544456,10501007650,18850,18750,19150,300,1.59,19150,300,1.59,18750,19670,1400-9-27,2021-12-18
376,اتكاي,بيمه اتكايي ايرانيان,296,3392070,34576109822,10189,10300,10122,-67,-0.66,10193,4,0.04,10115,10530,1400-9-27,2021-12-18
377,سبهان,سيمان‌ بهبهان‌,295,180743,7542643770,41260,41490,42270,1010,2.45,41490,230,0.56,40110,42500,1400-9-27,2021-12-18
378,عيار,صندوق سكه طلاي مفيد,294,951876,31330218094,33215,33290,32851,-364,-1.1,32914,-301,-0.91,32500,33290,1400-9-27,2021-12-18
379,حبندرح,ح.دريايي وكشتيراني خط دريابندر,294,1825762,19129136448,10555,10240,10239,-316,-2.99,10477,-78,-0.74,10239,10850,1400-9-27,2021-12-18
380,وسگيلا,شركت س استان گيلان,293,16864870,7195652781,436,422,427,-9,-2.06,433,-3,-0.69,421,432,1400-9-27,2021-12-18
381,وصندوقح,ح.سرمايه گذاري صندوق بازنشستگي,293,825726,8819984180,10538,10530,10710,172,1.63,10680,142,1.35,10530,10880,1400-9-27,2021-12-18
382,پرديسح,ح .  سرمايه گذاري پرديس,289,2493612,3205127300,1271,1238,1289,18,1.42,1285,14,1.1,1238,1310,1400-9-27,2021-12-18
383,وهنر,گروه توسعه هنر ايران,287,3601878,8417259677,2343,2290,2337,-6,-0.26,2338,-5,-0.21,2290,2409,1400-9-27,2021-12-18
384,خكرمان,گروه اقتصادي كرمان خودرو,286,4519396,13296840325,2916,2888,2957,41,1.41,2942,26,0.89,2888,3003,1400-9-27,2021-12-18
385,پاكشو,گروه صنعتي پاكشو,279,5939534,35815535040,6030,6030,6030,0,0,6030,0,0,6020,6050,1400-9-27,2021-12-18
386,تايرا,تراكتورسازي‌ايران‌,277,753225,15571836930,21130,20420,20500,-630,-2.98,20860,-270,-1.28,20420,21400,1400-9-27,2021-12-18
387,ضسپا1114,اختيارخ خساپا-2000-1400/11/20,276,13753,918854000,60,111,65,5,8.33,67,7,11.67,55,111,1400-9-27,2021-12-18
388,وصندوق,سرمايه‌گذاري‌صندوق‌بازنشستگي‌,276,1010194,12626852570,12600,12220,12380,-220,-1.75,12590,-10,-0.08,12220,12670,1400-9-27,2021-12-18
389,پلاست,كارخانجات توليدي پلاستيران,276,2170913,16079153176,7780,7391,7391,-389,-5,7407,-373,-4.79,7391,7999,1400-9-27,2021-12-18
390,ثعمرا,عمران و توسعه شاهد,274,1125553,7652563075,6718,6471,6960,242,3.6,6759,41,0.61,6471,7002,1400-9-27,2021-12-18
391,ثالوند,سرمايه گذاري مسكن الوند,274,1099619,6787137081,6126,6100,6200,74,1.21,6147,21,0.34,5901,6290,1400-9-27,2021-12-18
392,پكويرح,ح. كوير تاير,273,2320855,7121652489,3062,2985,3059,-3,-0.1,3069,7,0.23,2985,3200,1400-9-27,2021-12-18
393,لخانه,لوازم‌ خانگي‌ پارس‌,272,1024271,17039867755,17089,16577,16577,-512,-3,16636,-453,-2.65,16577,17070,1400-9-27,2021-12-18
394,ثامان,سامان‌ گستراصفهان‌,272,2112835,19524580920,8830,8430,9270,440,4.98,9240,410,4.64,8430,9270,1400-9-27,2021-12-18
395,سرچشمه,سرمايه گذاري مس سرچشمه,271,1913425,9260790506,4726,4755,4851,125,2.64,4795,69,1.46,4740,4940,1400-9-27,2021-12-18
396,آ س پ,آ.س.پ,271,1619653,9067883150,5527,5338,5570,43,0.78,5570,43,0.78,5338,5690,1400-9-27,2021-12-18
397,حفارس,حمل و نقل بين المللي خليج فارس,269,3627150,11952952721,3244,3102,3262,18,0.55,3284,40,1.23,3102,3390,1400-9-27,2021-12-18
398,وكار,بانك‌ كارآفرين‌,269,3442652,9128249605,2790,2652,2651,-139,-4.98,2760,-30,-1.08,2651,2730,1400-9-27,2021-12-18
399,آوا,صندوق س.سهام آواي معيار-س,268,1063299,7886225237,7288,7298,7440,152,2.09,7417,129,1.77,7298,7510,1400-9-27,2021-12-18
400,چفيبر,فيبر ايران‌,265,2416878,15575072000,6300,6500,6350,50,0.79,6440,140,2.22,6170,6610,1400-9-27,2021-12-18
401,آكورد,صندوق س. آرمان آتي كوثر-د,259,3663666,131143214062,35743,35800,35796,53,0.15,35796,53,0.15,35795,35800,1400-9-27,2021-12-18
402,غگلپا,شير پاستوريزه پگاه گلپايگان,258,442699,20714075783,46748,44800,46320,-428,-0.92,46790,42,0.09,44800,48490,1400-9-27,2021-12-18
403,تسه9902,امتياز تسهيلات مسكن ارديبهشت99,257,4007,4131079353,1073382,1019713,1032000,-41382,-3.86,1030966,-42416,-3.95,1019713,1068066,1400-9-27,2021-12-18
404,ددام,داروسازي زاگرس فارمد پارس,256,901545,7076501570,8070,7820,7770,-300,-3.72,7960,-110,-1.36,7750,8070,1400-9-27,2021-12-18
405,غشصفا,شيرپاستوريزه‌پگاه‌اصفهان‌,255,564654,14111780020,25870,27000,24580,-1290,-4.99,25010,-860,-3.32,24580,27000,1400-9-27,2021-12-18
406,غگرجي,بيسكويت‌  گرجي‌,255,4170825,8209029512,1966,1955,1952,-14,-0.71,1967,1,0.05,1950,2000,1400-9-27,2021-12-18
407,كترام,توليدي‌ كاشي‌ تكسرام‌,255,1111672,18223659920,15620,15710,16400,780,4.99,16390,770,4.93,15710,16400,1400-9-27,2021-12-18
408,پلوله,گازلوله‌,254,543134,11731581671,22191,21550,21700,-491,-2.21,21600,-591,-2.66,21526,22540,1400-9-27,2021-12-18
409,خراسان,پتروشيمي خراسان,254,124658,13912601070,109500,109000,111130,1630,1.49,109870,370,0.34,109000,113480,1400-9-27,2021-12-18
410,دامين,داروسازي‌ امين‌,253,3268293,7509362116,2318,2340,2326,8,0.35,2308,-10,-0.43,2252,2350,1400-9-27,2021-12-18
411,شفا,سرمايه گذاري شفادارو,249,758968,11276439620,15470,15000,14750,-720,-4.65,15040,-430,-2.78,14700,15470,1400-9-27,2021-12-18
412,قچار,فراوردههاي غذايي وقند چهارمحال,249,1354308,11124180602,8629,8198,8198,-431,-4.99,8306,-323,-3.74,8198,8390,1400-9-27,2021-12-18
413,وبيمه,سرمايه‌ گذاري‌ صنعت‌ بيمه‌,249,3991514,5630153660,1396,1371,1423,27,1.93,1401,5,0.36,1371,1439,1400-9-27,2021-12-18
414,ولشرق,ليزينگ ايران و شرق,247,2749748,6290522635,2245,2200,2257,12,0.53,2263,18,0.8,2200,2340,1400-9-27,2021-12-18
415,فزرين,زرين معدن آسيا,247,1432742,16137723662,10770,11140,11308,538,5,11264,494,4.59,10723,11308,1400-9-27,2021-12-18
416,وسينا,بانك سينا,247,5707493,12482394577,2172,2175,2214,42,1.93,2180,8,0.37,2144,2254,1400-9-27,2021-12-18
417,زبينا,كشاورزي و دامپروري بينالود,245,3118421,6361764986,2025,1990,2040,15,0.74,2031,6,0.3,1990,2068,1400-9-27,2021-12-18
418,ساينا,صنايع بهداشتي ساينا,245,125180,9073586854,75199,71440,73990,-1209,-1.61,73495,-1704,-2.27,71440,73990,1400-9-27,2021-12-18
419,والبر,سرمايه‌ گذاري‌ البرز(هلدينگ‌,244,976111,6928755530,7150,7110,7020,-130,-1.82,7130,-20,-0.28,7000,7280,1400-9-27,2021-12-18
420,كگهر,سنگ آهن گهرزمين,236,951755,43477925473,45709,44513,45600,-109,-0.24,45699,-10,-0.02,44513,46700,1400-9-27,2021-12-18
421,وبوعلي,سرمايه‌گذاري‌بوعلي‌,236,1410709,5262444091,3712,3664,3719,7,0.19,3718,6,0.16,3664,3795,1400-9-27,2021-12-18
422,كلوند,كاشي‌ الوند,235,390300,7994935770,19910,19120,20610,700,3.52,20210,300,1.51,19120,20810,1400-9-27,2021-12-18
423,وتوس,توسعه‌شهري‌توس‌گستر,235,991559,7836092380,8040,7800,8000,-40,-0.5,7970,-70,-0.87,7720,8190,1400-9-27,2021-12-18
424,دانا,بيمه دانا,234,3183838,13358189693,4139,4247,4213,74,1.79,4189,50,1.21,4160,4247,1400-9-27,2021-12-18
425,ونفت,سرمايه‌گذاري‌ صنعت‌ نفت‌,234,734182,8996264160,12010,12190,12280,270,2.25,12150,140,1.17,12100,12570,1400-9-27,2021-12-18
426,رنيك,جنرال مكانيك,233,696354,7215707919,10144,9820,10400,256,2.52,10247,103,1.02,9820,10560,1400-9-27,2021-12-18
427,زيتون,صندوق س زيتون نماد پايا- مختلط,233,659238,6079966476,9128,9101,9256,128,1.4,9223,95,1.04,9101,9294,1400-9-27,2021-12-18
428,تكمبا,كمباين‌ سازي‌ ايران‌,232,2758529,9588637029,3430,3549,3456,26,0.76,3459,29,0.85,3313,3570,1400-9-27,2021-12-18
429,بفجر,فجر انرژي خليج فارس,231,1039292,11540897900,11170,11170,10920,-250,-2.24,11160,-10,-0.09,10890,11280,1400-9-27,2021-12-18
430,كارا,صندوق س. كارا -د,231,10040176,104317170783,10373,10389,10390,17,0.16,10390,17,0.16,10389,10390,1400-9-27,2021-12-18
431,فجام,جام‌دارو,230,1311134,5279191731,4066,4000,4069,3,0.07,4052,-14,-0.34,3994,4180,1400-9-27,2021-12-18
432,تبرك,گروه كارخانجات صنعتي تبرك,229,917262,7348260399,7874,7710,8010,136,1.73,7940,66,0.84,7710,8101,1400-9-27,2021-12-18
433,غگلستا,شير پاستوريزه پگاه گلستان,229,538890,4993554797,9453,9140,9104,-349,-3.69,9390,-63,-0.67,9100,9595,1400-9-27,2021-12-18
434,شكام,صنايع شيميايي كيمياگران امروز,228,772099,23724799135,30896,31843,30220,-676,-2.19,30728,-168,-0.54,29851,31940,1400-9-27,2021-12-18
435,دزهراوي,داروسازي‌زهراوي‌,227,843177,3440900208,4108,4003,4061,-47,-1.14,4102,-6,-0.15,4003,4170,1400-9-27,2021-12-18
436,زعف0110پ11,زعفران0110نگين سحرخيز(پ),227,60648,21914898142,372192,360001,373999,1807,0.49,361346,-10846,-2.91,352500,378895,1400-9-27,2021-12-18
437,سمازن,سيمان‌مازندران‌,226,646007,8774881150,13380,13580,13750,370,2.77,13500,120,0.9,13380,13750,1400-9-27,2021-12-18
438,بنو,بيمه تجارت نو,226,2240313,14565174861,6420,6500,6501,81,1.26,6496,76,1.18,6500,6660,1400-9-27,2021-12-18
439,ولصنم,ليزينگ‌صنعت‌ومعدن‌,221,1294578,4411551305,3450,3348,3471,21,0.61,3437,-13,-0.38,3345,3478,1400-9-27,2021-12-18
440,ثپرديس,سرمايه گذاري مسكن پرديس,220,2660247,9109636035,3289,3410,3387,98,2.98,3368,79,2.4,3300,3453,1400-9-27,2021-12-18
441,غالبر,لبنيات‌ كالبر,220,1396942,15356742480,10490,10980,11010,520,4.96,10980,490,4.67,10680,11010,1400-9-27,2021-12-18
442,رتكو,كنترل‌خوردگي‌تكين‌كو,220,1355110,9108163040,7050,6720,6720,-330,-4.68,6840,-210,-2.98,6700,6980,1400-9-27,2021-12-18
443,وتوسم,سرمايه‌گذاري‌توسعه‌ملي‌,219,843625,7489071880,8820,8960,8810,-10,-0.11,8850,30,0.34,8740,8990,1400-9-27,2021-12-18
444,وآرين,شركت توسعه اقتصادي آرين,219,4261590,7669301310,1781,1730,1798,17,0.95,1795,14,0.79,1730,1834,1400-9-27,2021-12-18
445,فبيرا,بسته‌ بندي‌ ايران‌,219,4902978,8947432463,1785,1836,1837,52,2.91,1820,35,1.96,1757,1838,1400-9-27,2021-12-18
446,لابسا,آبسال‌,218,284858,8517879210,29280,30500,29800,520,1.78,29630,350,1.2,29520,30500,1400-9-27,2021-12-18
447,كمينا,شيشه سازي مينا,216,846750,7354369524,8867,9133,8601,-266,-3,8731,-136,-1.53,8601,9133,1400-9-27,2021-12-18
448,سشرق,سيمان‌ شرق‌,216,1344294,8433583760,6220,6130,6320,100,1.61,6250,30,0.48,6130,6320,1400-9-27,2021-12-18
449,خاذين,سايپاآذين‌,216,5524932,13324471702,2300,2389,2415,115,5,2395,95,4.13,2348,2415,1400-9-27,2021-12-18
450,غمارگ,مارگارين‌,215,3532610,8233852723,2220,2330,2331,111,5,2278,58,2.61,2330,2331,1400-9-27,2021-12-18
451,وثوق,سرمايه گذاري وثوق امين,214,1025686,8978594507,8501,8756,8756,255,3,8721,220,2.59,8621,8756,1400-9-27,2021-12-18
452,ضجار1023,اختيارخ وتجارت-2500-1400/10/15,213,11564,37848000,5,3,4,-1,-20,3,-2,-40,2,6,1400-9-27,2021-12-18
453,كيميا,معدني كيمياي زنجان گستران,213,1424527,16781439067,11253,11650,11815,562,4.99,11780,527,4.68,11321,11815,1400-9-27,2021-12-18
454,پكوير,كوير تاير,213,1488405,7674051500,5140,5110,5170,30,0.58,5150,10,0.19,5110,5300,1400-9-27,2021-12-18
455,وثنو,سرمايه گذاري ساختماني نوين,212,2585031,11304030128,4252,4251,4379,127,2.99,4373,121,2.85,4201,4379,1400-9-27,2021-12-18
456,خاهنح,ح . آهنگري تراكتورسازي‌ ايران‌,211,2195747,6411726250,2856,2791,2899,43,1.51,2920,64,2.24,2791,3070,1400-9-27,2021-12-18
457,سفار,سيمان‌فارس‌,207,91761,4841664060,53720,51110,52300,-1420,-2.64,53410,-310,-0.58,51110,53800,1400-9-27,2021-12-18
458,غبهنوش,بهنوش‌ ايران‌,206,238089,17007546720,75180,71430,71430,-3750,-4.99,71430,-3750,-4.99,71430,72000,1400-9-27,2021-12-18
459,پرديس,سرمايه گذاري پرديس,204,1644405,5434339699,3253,3253,3277,24,0.74,3271,18,0.55,3206,3333,1400-9-27,2021-12-18
460,فاما,صنعتي‌ آما,204,746495,14700339740,19150,19400,20050,900,4.7,19670,520,2.72,19000,20070,1400-9-27,2021-12-18
461,ساروم,سيمان‌اروميه‌,203,827980,33829492680,39780,41000,40710,930,2.34,40860,1080,2.71,39610,41250,1400-9-27,2021-12-18
462,داوه,داروسازي آوه سينا,203,432257,3847017315,8769,8401,8864,95,1.08,8802,33,0.38,8401,9050,1400-9-27,2021-12-18
463,ساراب,سيمان‌ داراب‌,203,1567646,22207822220,13520,13010,14190,670,4.96,14170,650,4.81,13010,14190,1400-9-27,2021-12-18
464,بفجرح,ح . فجر انرژي خليج فارس,201,1247409,10762320180,8310,8100,8500,190,2.29,8630,320,3.85,8100,8850,1400-9-27,2021-12-18
465,حپترو,حمل و نقل پتروشيمي( سهامي عام,201,420716,9203814140,22740,22400,21610,-1130,-4.97,22190,-550,-2.42,21610,22900,1400-9-27,2021-12-18
466,اوصتا,صندوق انديشه ورزان صباتامين -د,199,8102553,169157467135,20838,20877,20878,40,0.19,20877,39,0.19,20877,20878,1400-9-27,2021-12-18
467,قصفها,قنداصفهان‌,198,75576,4944239280,66570,63750,65600,-970,-1.46,66180,-390,-0.59,63750,67890,1400-9-27,2021-12-18
468,كسعدي,كاشي‌ سعدي‌,198,655210,4499680390,6880,6710,6890,10,0.15,6880,0,0,6700,7050,1400-9-27,2021-12-18
469,آساميد,صندوق س.مشترك آسمان اميد -د,198,2631276,35935045096,13634,13659,13656,22,0.16,13657,23,0.17,13656,13659,1400-9-27,2021-12-18
470,تسه0003,امتيازتسهيلات مسكن خرداد1400,196,6270,6644914650,1115573,1059795,1059795,-55778,-5,1059795,-55778,-5,1059795,1059795,1400-9-27,2021-12-18
471,غشاذر,پگاه‌آذربايجان‌غربي‌,196,1317913,6444075010,5090,4840,4840,-250,-4.91,5000,-90,-1.77,4840,5000,1400-9-27,2021-12-18
472,كوثر,بيمه كوثر,195,871388,3246879147,3767,3586,3800,33,0.88,3762,-5,-0.13,3586,3880,1400-9-27,2021-12-18
473,دجابر,داروسازي‌ جابرابن‌حيان‌,194,601811,6567522190,11030,10540,10900,-130,-1.18,10980,-50,-0.45,10540,11200,1400-9-27,2021-12-18
474,سصوفي,سيمان‌ صوفيان‌,193,505843,6642834650,13030,13410,13150,120,0.92,13070,40,0.31,13010,13410,1400-9-27,2021-12-18
475,لازما,كارخانه هاي صنعتي آزمايش,193,410866,10522139423,26352,26567,25562,-790,-3,25610,-742,-2.82,25562,26567,1400-9-27,2021-12-18
476,نيرو,نيرو سرمايه,191,272360,9004896925,34067,35000,33045,-1022,-3,33135,-932,-2.74,33045,35000,1400-9-27,2021-12-18
477,غفارس,شير پاستوريزه پگاه فارس,190,880847,4363859301,5051,4990,4970,-81,-1.6,5022,-29,-0.57,4833,5047,1400-9-27,2021-12-18
478,تصميم,صندوق س با درآمد ثابت تصميم,189,1730724,31595069662,18247,18267,18256,9,0.05,18255,8,0.04,18247,18267,1400-9-27,2021-12-18
479,افق,فروشگاههاي زنجيره اي افق كوروش,189,192297,8168115880,42310,42300,42310,0,0,42340,30,0.07,42300,42990,1400-9-27,2021-12-18
480,خاتم,صندوق س خاتم ايساتيس پويا-ثابت,188,6593005,82378808790,12485,12496,12498,13,0.1,12495,10,0.08,12494,12498,1400-9-27,2021-12-18
481,ويسا,سرمايه گذاري ايساتيس پويا,186,1241479,9744040010,7935,7935,7701,-234,-2.95,7850,-85,-1.07,7701,8129,1400-9-27,2021-12-18
482,سپاها,سيمان‌سپاهان‌,184,1067241,6975018220,6520,6420,6610,90,1.38,6530,10,0.15,6290,6630,1400-9-27,2021-12-18
483,ولبهمن,شركت بهمن ليزينگ,183,1583709,10149223642,6556,6810,6319,-237,-3.62,6454,-102,-1.56,6319,6810,1400-9-27,2021-12-18
484,وملل,اعتباري ملل,182,917428,7841910780,8439,8590,8530,91,1.08,8464,25,0.3,8308,8698,1400-9-27,2021-12-18
485,شوينده,مديريت صنعت شوينده ت.ص.بهشهر,182,314621,6147699120,19510,19310,19350,-160,-0.82,19520,10,0.05,19200,19900,1400-9-27,2021-12-18
486,ميهن,بيمه ميهن,180,1303115,2624703519,2031,1949,2000,-31,-1.53,2028,-3,-0.15,1949,2093,1400-9-27,2021-12-18
487,پلاسك,پلاسكوكار,180,1108716,4285270460,3825,3800,3840,15,0.39,3836,11,0.29,3800,3970,1400-9-27,2021-12-18
488,زفكا,كشت و دامداري فكا,179,592688,4202575549,6988,7200,7060,72,1.03,7016,28,0.4,7015,7200,1400-9-27,2021-12-18
489,پخش,پخش البرز,178,193970,4657652377,23902,23150,23990,88,0.37,23936,34,0.14,23080,24782,1400-9-27,2021-12-18
490,فنوال,نورد آلومينيوم‌,178,503930,9181488810,17710,17720,18050,340,1.92,18010,300,1.69,17710,18390,1400-9-27,2021-12-18
491,كاردان,صندوق س تجارت شاخصي كاردان,176,52866,9401650460,175050,177350,178000,2950,1.69,177840,2790,1.59,176050,179470,1400-9-27,2021-12-18
492,شراز,پالايش نفت شيراز,176,217797,23681137756,108629,109900,108696,67,0.06,108683,54,0.05,108000,109900,1400-9-27,2021-12-18
493,غپاك,لبنيات‌ پاك‌,176,362522,4275075160,11740,11460,11810,70,0.6,11750,10,0.09,11460,12000,1400-9-27,2021-12-18
494,قيستو,شركت قند بيستون,175,378834,8184020422,22234,21567,21567,-667,-3,21703,-531,-2.39,21567,22230,1400-9-27,2021-12-18
495,شفارا,پتروشيمي فارابي,174,2045845,13073664811,6238,6238,6425,187,3,6390,152,2.44,6238,6425,1400-9-27,2021-12-18
496,شدوصح,ح . دوده‌ صنعتي‌ پارس‌,174,853359,6028117940,6980,7000,7130,150,2.15,7060,80,1.15,6940,7380,1400-9-27,2021-12-18
497,دعبيد,لابراتوارداروسازي‌  دكترعبيدي‌,172,320583,6072091400,18640,18000,19160,520,2.79,18690,50,0.27,18000,19170,1400-9-27,2021-12-18
498,شپارس,بين‌ المللي‌ محصولات‌  پارس‌,171,892538,6042440000,6920,6850,6840,-80,-1.16,6860,-60,-0.87,6580,7040,1400-9-27,2021-12-18
499,كيسون,شركت كيسون,170,5133448,8259717832,1658,1609,1609,-49,-2.96,1627,-31,-1.87,1609,1609,1400-9-27,2021-12-18
500,ضجار1022,اختيارخ وتجارت-2000-1400/10/15,169,8435,188944000,22,28,20,-2,-9.09,22,0,0,10,30,1400-9-27,2021-12-18
501,شرانل,نفت ايرانول,169,200488,8945409757,44429,44050,44133,-296,-0.67,44476,47,0.11,44050,45600,1400-9-27,2021-12-18
502,دالبر,البرزدارو,169,561737,6505745550,11570,11300,11630,60,0.52,11570,0,0,11300,11840,1400-9-27,2021-12-18
503,كاريس,صندوق س.سپهر كاريزما-س,166,785549,9838479624,12431,12455,12500,69,0.56,12524,93,0.75,12454,12620,1400-9-27,2021-12-18
504,تسه0002,امتيازتسهيلاتمسكن ارديبهشت1400,166,2623,2776183200,1114105,1058400,1058400,-55705,-5,1058400,-55705,-5,1058400,1058400,1400-9-27,2021-12-18
505,كطبس,ذغال‌سنگ‌ نگين‌ ط‌بس‌,162,101254,4552145950,45350,44000,44700,-650,-1.43,45230,-120,-0.26,44000,45890,1400-9-27,2021-12-18
506,كگاز,شيشه‌ و گاز,159,301331,4551861710,15130,15600,15090,-40,-0.26,15120,-10,-0.07,14760,15820,1400-9-27,2021-12-18
507,ثباغ,شهر سازي و خانه سازي باغميشه,158,680376,4945109922,7496,7140,7250,-246,-3.28,7419,-77,-1.03,7140,7498,1400-9-27,2021-12-18
508,تسه9811,امتياز تسهيلات مسكن بهمن98,157,4557,4657006098,1074049,1020347,1020347,-53702,-5,1021946,-52103,-4.85,1020347,1030000,1400-9-27,2021-12-18
509,ثزاگرس,سرمايه گذاري توسعه عمران زاگرس,157,160913,5582154512,34658,36240,33780,-878,-2.53,34676,18,0.05,33019,36240,1400-9-27,2021-12-18
510,دشيمي,شيمي‌ داروئي‌ داروپخش‌,156,185443,3986981160,21400,21500,21300,-100,-0.47,21430,30,0.14,21120,21910,1400-9-27,2021-12-18
511,سمتاز,سيمان ممتازان كرمان,156,633318,8874789925,13615,13600,14023,408,3,13958,343,2.52,13599,14023,1400-9-27,2021-12-18
512,آبين,كشت و صنعت آبشيرين,155,1327717,2423012848,1826,1772,1810,-16,-0.88,1826,0,0,1772,1869,1400-9-27,2021-12-18
513,خپويش,سازه‌ پويش‌,153,55473,4024799960,72160,73800,72000,-160,-0.22,72270,110,0.15,70760,73800,1400-9-27,2021-12-18
514,سقاين,سيمان‌ قائن‌,153,174386,6811049150,39400,40160,39030,-370,-0.94,39240,-160,-0.41,38020,40290,1400-9-27,2021-12-18
515,قنقش,قند نقش جهان,152,136845,17011276267,121945,124383,124383,2438,2,124311,2366,1.94,122800,124383,1400-9-27,2021-12-18
516,اتكام,بيمه اتكايي امين,152,1381028,6888430137,4980,5050,5000,20,0.4,4984,4,0.08,4970,5050,1400-9-27,2021-12-18
517,بساما,بيمه سامان,151,379628,7458151917,20152,20180,20120,-32,-0.16,19918,-234,-1.16,19145,20185,1400-9-27,2021-12-18
518,سپيدما,صندوق س. سپيد دماوند-د,149,5888705,67968081645,11527,11542,11542,15,0.13,11542,15,0.13,11542,11543,1400-9-27,2021-12-18
519,سرود,سيمان‌شاهرود,148,531693,10283070690,18790,18580,19370,580,3.09,19160,370,1.97,18460,19720,1400-9-27,2021-12-18
520,غچين,كشت‌ و صنعت‌ چين‌ چين,148,297807,3295345590,10950,10940,10980,30,0.27,10980,30,0.27,10730,11290,1400-9-27,2021-12-18
521,وكادو,تكادو,147,669309,9125125894,13368,13368,13769,401,3,13606,238,1.78,13368,13769,1400-9-27,2021-12-18
522,درهآور,دارويي ره آورد تامين,147,427376,8560915439,20220,20985,20179,-41,-0.2,20111,-109,-0.54,19712,20985,1400-9-27,2021-12-18
523,زشگزا,شير و گوشت زاگرس شهركرد,145,1317174,5911300994,4407,4569,4450,43,0.98,4438,31,0.7,4338,4569,1400-9-27,2021-12-18
524,مداران,داده‌پردازي‌ايران‌,144,367429,4927322890,13530,13150,13180,-350,-2.59,13490,-40,-0.3,13150,14170,1400-9-27,2021-12-18
525,دارو,كارخانجات‌داروپخش‌,144,307197,9024816900,29270,28400,28700,-570,-1.95,29330,60,0.2,28400,30430,1400-9-27,2021-12-18
526,سخزر,سيمان‌ خزر,144,404898,6858810120,16940,17000,16830,-110,-0.65,16940,0,0,16410,17700,1400-9-27,2021-12-18
527,كقزوي,شيشه‌ قزوين‌,143,1201424,9402188905,7818,8000,7878,60,0.77,7825,7,0.09,7657,8000,1400-9-27,2021-12-18
528,وپترو,سرمايه‌گذاري صنايع پتروشيمي‌,143,388549,4043209640,10450,10200,10330,-120,-1.15,10440,-10,-0.1,10200,10810,1400-9-27,2021-12-18
529,سباقر,سيمان باقران,143,507282,6312394317,12444,12220,12490,46,0.37,12444,0,0,12220,12616,1400-9-27,2021-12-18
530,چافست,افست‌,141,408220,3117485390,7900,7600,7730,-170,-2.15,7840,-60,-0.76,7540,7870,1400-9-27,2021-12-18
531,وبهمن,سرمايه‌گذاري‌بهمن‌,141,465513,6546026540,14070,13620,14300,230,1.63,14070,0,0,13600,14500,1400-9-27,2021-12-18
532,اخزا006,اسنادخزانه-م6بودجه00-030723,141,727116,379203440871,522633,523717,521000,-1633,-0.31,521517,-1116,-0.21,519001,523717,1400-9-27,2021-12-18
533,دسبحان,سبحان دارو,139,168265,2405853490,14330,14480,14400,70,0.49,14320,-10,-0.07,14170,14550,1400-9-27,2021-12-18
534,كباده,توليد خاك نسوزاستقلال آباده,138,759820,22414690000,25015,29500,29500,4485,17.93,29500,4485,17.93,29500,29500,1400-9-27,2021-12-18
535,بنيرو,نيروترانس‌,137,2979869,4924977453,1676,1650,1688,12,0.72,1668,-8,-0.48,1621,1710,1400-9-27,2021-12-18
536,دتماد,توليدمواداوليه‌داروپخش‌,137,200860,8206867360,40590,42600,40700,110,0.27,40740,150,0.37,40500,42600,1400-9-27,2021-12-18
537,حپارسا,توسعه حمل و نقل ريلي پارسيان,136,388813,10454845290,26890,25620,26980,90,0.33,26889,-1,0,25620,27500,1400-9-27,2021-12-18
538,غپآذر,شير پگاه آذربايجان شرقي,136,251573,6776601587,27444,26666,27189,-255,-0.93,27211,-233,-0.85,26073,27450,1400-9-27,2021-12-18
539,بالبر,كابل‌ البرز,136,431753,10124125850,22340,23450,23450,1110,4.97,23050,710,3.18,23360,23450,1400-9-27,2021-12-18
540,اخزا002,اسنادخزانه-م2بودجه00-031024,135,261275,128845501975,493335,492000,493100,-235,-0.05,493141,-194,-0.04,491008,494300,1400-9-27,2021-12-18
541,واتي,سرمايه‌ گذاري‌ آتيه‌ دماوند,135,517404,4628460420,8940,8640,8870,-70,-0.78,8940,0,0,8640,9340,1400-9-27,2021-12-18
542,خديزل,بهمن  ديزل,134,136887,7107376694,50680,52180,51256,576,1.14,51105,425,0.84,51256,52989,1400-9-27,2021-12-18
543,حسينا,توسعه خدمات دريايي وبندري سينا,134,87210,3258568215,37678,37920,37390,-288,-0.76,37609,-69,-0.18,36505,38980,1400-9-27,2021-12-18
544,غدام,خوراك‌  دام‌ پارس‌,134,115754,11004732780,90550,95070,95070,4520,4.99,93710,3160,3.49,95070,95070,1400-9-27,2021-12-18
545,سغرب,سيمان‌غرب‌,134,265424,3593336060,13810,13680,13440,-370,-2.68,13740,-70,-0.51,13330,14050,1400-9-27,2021-12-18
546,دكپسول,توليد ژلاتين كپسول ايران,133,155588,4463390904,28622,28720,28940,318,1.11,28641,19,0.07,27712,29300,1400-9-27,2021-12-18
547,ثاصفا,شركت‌ ساختمان‌ اصفهان‌,133,218733,1778395879,8076,7840,8150,74,0.92,8091,15,0.19,7840,8279,1400-9-27,2021-12-18
548,فخاس,فولاد خراسان,131,120845,2726689250,23290,22360,22700,-590,-2.53,23270,-20,-0.09,22310,23290,1400-9-27,2021-12-18
549,كامياب2,صندوق س. كامياب آشنا-د,130,13000000,13000000,11067,1,1,-11066,-99.99,1,-11066,-99.99,1,1,1400-9-27,2021-12-18
550,درازك,دارويي‌ رازك‌,129,458379,14379516600,31450,31800,31790,340,1.08,31370,-80,-0.25,31100,32480,1400-9-27,2021-12-18
551,مفاخر,توسعه فناوري اطلاعات خوارزمي,129,119913,3270985844,26640,27970,27200,560,2.1,26776,136,0.51,26926,27970,1400-9-27,2021-12-18
552,سدشت,صنايع سيمان دشتستان,128,92257,2429221580,27540,26170,26170,-1370,-4.97,27340,-200,-0.73,26170,27450,1400-9-27,2021-12-18
553,سيستم,همكاران سيستم,127,1472846,7180619015,4870,4870,4891,21,0.43,4872,2,0.04,4800,4930,1400-9-27,2021-12-18
554,بسويچ,پارس‌سويچ‌,126,191406,2507388920,13690,13010,13010,-680,-4.97,13590,-100,-0.73,13010,13480,1400-9-27,2021-12-18
555,لوتوس,تامين سرمايه لوتوس پارسيان,126,4501402,25664444360,5700,5700,5750,50,0.88,5700,0,0,5690,5780,1400-9-27,2021-12-18
556,سكرد,سيمان كردستان,124,740585,3238518430,4412,4245,4379,-33,-0.75,4403,-9,-0.2,4245,4450,1400-9-27,2021-12-18
557,معيار ,سرمايه گذاري معيار صنعت پارس,123,312395,13492794779,42456,43729,43500,1044,2.46,43191,735,1.73,42135,43729,1400-9-27,2021-12-18
558,ساربيل,سيمان آرتا اردبيل,122,127306,2653598110,21040,21040,21010,-30,-0.14,21010,-30,-0.14,20250,21100,1400-9-27,2021-12-18
559,اعتلاح,ح سرمايه گذاري اعتلاء البرز,122,706774,941781836,1346,1284,1341,-5,-0.37,1333,-13,-0.97,1284,1388,1400-9-27,2021-12-18
560,ماني,صندوق س. با درآمد ثابت ماني,121,2634106,28040884319,10630,10645,10646,16,0.15,10645,15,0.14,10645,10646,1400-9-27,2021-12-18
561,پرداخت,به پرداخت ملت,119,494015,6067544340,12390,12010,12390,0,0,12350,-40,-0.32,11910,12710,1400-9-27,2021-12-18
562,وتوشه,سرمايه‌ گذاري‌ پارس‌ توشه‌,119,768227,4053850390,5350,5210,5230,-120,-2.24,5330,-20,-0.37,5210,5470,1400-9-27,2021-12-18
563,امين يكم2,صندوق درآمد ثابت امين يكم فردا,119,119000000,119000000,10122,1,1,-10121,-99.99,1,-10121,-99.99,1,1,1400-9-27,2021-12-18
564,پارسيان,بيمه پارسيان,119,888353,7652769760,8480,8480,8780,300,3.54,8540,60,0.71,8440,8780,1400-9-27,2021-12-18
565,حخزر,كشتيراني درياي خزر,117,381288,4957957575,13645,12963,12963,-682,-5,13422,-223,-1.63,12963,13300,1400-9-27,2021-12-18
566,بزاگرس,نيروگاه زاگرس كوثر,116,4188934,13626602302,3099,3253,3253,154,4.97,3232,133,4.29,3253,3253,1400-9-27,2021-12-18
567,ثاژن,سخت آژند,114,1703188,7102244627,4254,4300,4170,-84,-1.97,4170,-84,-1.97,4169,4333,1400-9-27,2021-12-18
568,زعف0008پ05,زعفران0008نگين زرين(پ),113,120326,31401202471,258523,274997,260000,1477,0.57,260968,2445,0.95,260000,275000,1400-9-27,2021-12-18
569,ضخود1050,اختيارخ خودرو-1600-1400/10/08,113,4803,1651873000,290,353,355,65,22.41,344,54,18.62,314,360,1400-9-27,2021-12-18
570,اعتلا,شركت سرمايه گذاري اعتلاء البرز,112,1072764,3724173164,3425,3300,3460,35,1.02,3436,11,0.32,3300,3530,1400-9-27,2021-12-18
571,قمرو,قند مرودشت‌,112,313569,6318811710,19810,19100,20600,790,3.99,19950,140,0.71,18820,20630,1400-9-27,2021-12-18
572,ضسپا1112,اختيارخ خساپا-1600-1400/11/20,110,2784,594578000,162,250,260,98,60.49,214,52,32.1,182,260,1400-9-27,2021-12-18
573,اخزا917,اسنادخزانه-م17بودجه99-010226,110,236070,215145178938,911177,911177,911700,523,0.06,911362,185,0.02,910071,912500,1400-9-27,2021-12-18
574,وبرق,س.کارکنان صنعت برق زنجان وقزوي,110,132385,13432708795,104605,101467,101467,-3138,-3,101652,-2953,-2.82,101467,101467,1400-9-27,2021-12-18
575,كي بي سي,شركت كي بي سي,110,135009,2200671749,16903,16237,16490,-413,-2.44,16811,-92,-0.54,16200,16740,1400-9-27,2021-12-18
576,كپرور,فرآوري زغال سنگ پروده طبس,108,241147,6256888293,25859,25201,25680,-179,-0.69,25895,36,0.14,25201,26390,1400-9-27,2021-12-18
577,دسبحا,گروه دارويي سبحان,107,273122,5103174940,18880,18520,18920,40,0.21,18840,-40,-0.21,18130,19000,1400-9-27,2021-12-18
578,دفرا,فرآورده‌هاي‌ تزريقي‌ ايران‌,106,129500,3374398420,25730,24930,25990,260,1.01,25800,70,0.27,24930,26450,1400-9-27,2021-12-18
579,سفانو,سيمان فارس نو,106,268848,6297079540,23750,23410,23160,-590,-2.48,23610,-140,-0.59,23000,24340,1400-9-27,2021-12-18
580,اخزا004,اسنادخزانه-م4بودجه00-030522,105,444618,240815503900,543272,542004,541000,-2272,-0.42,541623,-1649,-0.3,540002,543838,1400-9-27,2021-12-18
581,تسه9911,امتياز تسهيلات مسكن بهمن99,105,2253,2368581153,1106632,1051301,1051301,-55331,-5,1051301,-55331,-5,1051301,1051301,1400-9-27,2021-12-18
582,دكوثر,داروسازي‌ كوثر,104,755786,1981895478,2615,2635,2591,-24,-0.92,2616,1,0.04,2588,2698,1400-9-27,2021-12-18
583,تسه9812,امتياز تسهيلات مسكن اسفند98,103,2257,2338213631,1090508,1035983,1035983,-54525,-5,1035983,-54525,-5,1035983,1035983,1400-9-27,2021-12-18
584,وملت,سرمايه گذاري ملت,103,989398,2214413177,2282,2237,2237,-45,-1.97,2262,-20,-0.88,2237,2320,1400-9-27,2021-12-18
585,تكنار,مجتمع معادن مس تكنار,103,67055,3443046941,52345,50775,51026,-1319,-2.52,51995,-350,-0.67,50775,52343,1400-9-27,2021-12-18
586,تكنو,تكنوتار,102,918312,6125857150,6900,6880,6570,-330,-4.78,6800,-100,-1.45,6570,6880,1400-9-27,2021-12-18
587,زگلدشت,كشت و دام گلدشت نمونه اصفهان,101,425993,3649307623,8602,8837,8700,98,1.14,8593,-9,-0.1,8404,8837,1400-9-27,2021-12-18
588,داسوه,داروسازي‌ اسوه‌,101,574525,15833909000,26250,27560,27560,1310,4.99,27560,1310,4.99,27560,27560,1400-9-27,2021-12-18
589,سجام,مجتمع سيمان غرب آسيا,100,1521796,3254387028,2137,2155,2138,1,0.05,2137,0,0,2130,2155,1400-9-27,2021-12-18
590,وبازار,صندوق س شاخصي بازارآشنا,100,698088,7795124690,11000,11100,11300,300,2.73,11170,170,1.55,11020,11300,1400-9-27,2021-12-18
591,دفارا,داروسازي‌ فارابي‌,100,85462,1087540610,13090,13160,12790,-300,-2.29,13060,-30,-0.23,12510,13160,1400-9-27,2021-12-18
592,بكاب,صنايع‌جوشكاب‌يزد,100,86644,7381202360,81140,85190,85190,4050,4.99,83040,1900,2.34,85190,85190,1400-9-27,2021-12-18
593,ثروتم,صندوق س. ثروت آفرين پارسيان-س,99,39710,3540011320,87742,89500,90810,3068,3.5,89147,1405,1.6,86832,90813,1400-9-27,2021-12-18
594,سپ,پرداخت الكترونيك سامان كيش,98,62032,1915219980,30790,30870,30670,-120,-0.39,30790,0,0,30650,31330,1400-9-27,2021-12-18
595,سيدكو,سرمايه گذاري توسعه صنايع سيمان,98,517906,2957795670,5680,5760,5650,-30,-0.53,5690,10,0.18,5640,5780,1400-9-27,2021-12-18
596,شپاس,نفت پاسارگاد,97,389570,5802815497,14996,14552,14640,-356,-2.37,14957,-39,-0.26,14552,15228,1400-9-27,2021-12-18
597,گوهران,سرمايه گذاري توسعه گوهران اميد,97,1296199,6393984766,4931,4931,4925,-6,-0.12,4932,1,0.02,4911,4950,1400-9-27,2021-12-18
598,لبوتان,گروه‌صنعتي‌بوتان‌,96,418299,17312475280,39420,41380,41390,1970,5,41390,1970,5,41000,41390,1400-9-27,2021-12-18
599,ركيش,كارت اعتباري ايران كيش,96,501130,2770463400,5620,5410,5400,-220,-3.91,5600,-20,-0.36,5370,5850,1400-9-27,2021-12-18
600,تسه9912,امتياز تسهيلات مسكن اسفند99,96,2726,2878121704,1111372,1055804,1055804,-55568,-5,1055804,-55568,-5,1055804,1055804,1400-9-27,2021-12-18
601,كاسپين,داروسازي كاسپين تامين,95,275800,5996299989,21860,21870,21740,-120,-0.55,21812,-48,-0.22,21403,22898,1400-9-27,2021-12-18
602,سخوز,سيمان خوزستان,95,493295,11391768170,22770,22760,23000,230,1.01,23010,240,1.05,22760,23440,1400-9-27,2021-12-18
603,اخزا001,اسنادخزانه-م1بودجه00-030821,93,286801,146806322921,513533,511112,511941,-1592,-0.31,511875,-1658,-0.32,510001,513997,1400-9-27,2021-12-18
604,شصفها,پتروشيمي‌ اصفهان‌,91,116756,14180786037,120418,119500,121590,1172,0.97,121429,1011,0.84,118150,121650,1400-9-27,2021-12-18
605,سجامح,ح.مجتمع سيمان غرب آسيا,91,1176554,839925583,720,699,717,-3,-0.42,714,-6,-0.83,699,723,1400-9-27,2021-12-18
606,ما,بيمه  ما,91,468468,2086113533,4550,4410,4410,-140,-3.08,4536,-14,-0.31,4401,4590,1400-9-27,2021-12-18
607,وارس,سرمايه گذاري ارس صبا,91,235997,2369929979,10227,10488,9964,-263,-2.57,10182,-45,-0.44,9962,10488,1400-9-27,2021-12-18
608,دابور,داروسازي‌ ابوريحان‌,89,99945,2194218170,22000,21030,22200,200,0.91,21990,-10,-0.05,21030,22800,1400-9-27,2021-12-18
609,مارون,پتروشيمي مارون,88,35155,6029507956,173468,173000,170100,-3368,-1.94,173349,-119,-0.07,170000,174000,1400-9-27,2021-12-18
610,وزمين,بانك ايران زمين,88,268747,2426358123,8855,9180,8830,-25,-0.28,8884,29,0.33,8722,9195,1400-9-27,2021-12-18
611,هجرت,پخش هجرت,88,150324,4042536817,27404,26736,27000,-404,-1.47,27263,-141,-0.51,26201,27375,1400-9-27,2021-12-18
612,پسهند,صنايع‌ لاستيكي‌  سهند,88,180964,4655953100,25910,25200,26000,90,0.35,25850,-60,-0.23,24840,26980,1400-9-27,2021-12-18
613,زمگسا,كشاورزي‌ ودامپروي‌ مگسال‌,87,220943,3662715590,16520,16020,16690,170,1.03,16530,10,0.06,16020,16850,1400-9-27,2021-12-18
614,ولتجار,واسپاري تجارت وسرمايه ايرانيان,87,1897703,4831875250,2617,2540,2582,-35,-1.34,2582,-35,-1.34,2539,2599,1400-9-27,2021-12-18
615,ضخود1054,اختيارخ خودرو-3000-1400/10/08,86,4946,5946000,1,1,1,0,0,1,0,0,1,2,1400-9-27,2021-12-18
616,قهكمت,قندهكمتان‌,85,313698,1301763170,4245,4222,4099,-146,-3.44,4237,-8,-0.19,4051,4294,1400-9-27,2021-12-18
617,فيروزه,صندوق شاخص30 شركت فيروزه- سهام,85,168994,27797110900,162120,168100,165910,3790,2.34,164490,2370,1.46,160250,168100,1400-9-27,2021-12-18
618,دپارس,پارس‌ دارو,84,77155,2145009950,28210,27610,27700,-510,-1.81,28150,-60,-0.21,27450,28390,1400-9-27,2021-12-18
619,شستان,پتروشيمي گلستان,84,940001,3285802462,3564,3500,3548,-16,-0.45,3518,-46,-1.29,3493,3597,1400-9-27,2021-12-18
620,دارا,صندوق س. دارا الگوريتم-د,83,3184017,32060144256,10050,10069,10069,19,0.19,10069,19,0.19,10069,10071,1400-9-27,2021-12-18
621,سكه0012پ04,تمام سكه طرح جديد0012صادرات,79,15600,20274970200,1324794,1297002,1299998,-24796,-1.87,1299678,-25116,-1.9,1295002,1303500,1400-9-27,2021-12-18
622,فسازان,غلتك سازان سپاهان,78,3166140,14326783500,4310,4525,4525,215,4.99,4506,196,4.55,4525,4525,1400-9-27,2021-12-18
623,فلات,گروه صنايع معادن فلات ايرانيان,78,166334,1664766957,10015,10315,9900,-115,-1.15,10014,-1,-0.01,9751,10315,1400-9-27,2021-12-18
624,الماس,صندوق س.امين تدبيرگران فردا-س,77,11543,1126842594,100331,97202,97328,-3003,-2.99,97621,-2710,-2.7,97020,101787,1400-9-27,2021-12-18
625,اخزا901,اسنادخزانه-م1بودجه99-010621,76,121693,103586634938,849844,849846,850402,558,0.07,851213,1369,0.16,849846,852001,1400-9-27,2021-12-18
626,سكرما,سيمان‌ كرمان‌,75,333287,4491774890,13560,13500,13580,20,0.15,13540,-20,-0.15,13200,13690,1400-9-27,2021-12-18
627,كشرق,صنعتي و معدني شمال شرق شاهرود,74,50194,3335768443,67042,65204,66999,-43,-0.06,66911,-131,-0.2,64010,67400,1400-9-27,2021-12-18
628,نمرينو,ايران‌ مرينوس‌,73,41776,3044867520,72720,71000,71900,-820,-1.13,72750,30,0.04,71000,73900,1400-9-27,2021-12-18
629,وامين,س. امين توان آفرين ساز,72,141894,1777359738,12579,12579,12500,-79,-0.63,12577,-2,-0.02,12453,12600,1400-9-27,2021-12-18
630,كهربا,صندوق س.پشتوانه سكه طلا كهربا,71,303165,3392185746,11396,11500,11150,-246,-2.16,11189,-207,-1.82,11130,11500,1400-9-27,2021-12-18
631,شساخت,مهندسي و ساختمان صنايع نفت,71,116211,5078797204,43756,42458,44000,244,0.56,43750,-6,-0.01,42458,44044,1400-9-27,2021-12-18
632,كخاك,صنايع‌خاك‌چيني‌ايران‌,69,1429257,19480772910,12990,13630,13630,640,4.93,13630,640,4.93,13630,13630,1400-9-27,2021-12-18
633,فكمند,گسترش قطعه سازي كمند,69,105813,3859215736,37600,36472,36472,-1128,-3,37151,-449,-1.19,36472,36480,1400-9-27,2021-12-18
634,اخزا811,اسنادخزانه-م11بودجه98-001013,69,101880,100723824788,987668,988004,988600,932,0.09,988652,984,0.1,988000,994794,1400-9-27,2021-12-18
635,فنفت,صنايع تجهيزات نفت,68,567538,8988666844,16327,15838,15838,-489,-3,15874,-453,-2.77,15838,15838,1400-9-27,2021-12-18
636,كصدف,كاشي صدف سرام استقلال آباده,68,82546,1572668282,19437,19838,19290,-147,-0.76,19375,-62,-0.32,18854,19838,1400-9-27,2021-12-18
637,گوهر2,صندوق سكه طلاي كيان,65,650000,650000,65836,1,1,-65835,-100,1,-65835,-100,1,1,1400-9-27,2021-12-18
638,غاذر,كشت‌وصنعت‌پياذر,63,448372,16374545440,38440,36520,36520,-1920,-4.99,36520,-1920,-4.99,36520,36520,1400-9-27,2021-12-18
639,زرين,صندوق س. سهام زرين كوروش-س,63,170495,2112249985,12209,12320,12416,207,1.7,12389,180,1.47,12320,12499,1400-9-27,2021-12-18
640,اخزا812,اسنادخزانه-م12بودجه98-001111,61,140682,136840168255,971314,972398,972800,1486,0.15,972691,1377,0.14,970023,975650,1400-9-27,2021-12-18
641,سشمال,سيمان‌ شمال‌,60,252235,1844426270,7360,7270,7260,-100,-1.36,7350,-10,-0.14,7250,7450,1400-9-27,2021-12-18
642,اخزا908,اسنادخزانه-م8بودجه99-020606,60,99242,67107363770,684839,678660,672020,-12819,-1.87,676199,-8640,-1.26,671503,684000,1400-9-27,2021-12-18
643,اخزا902,اسنادخزانه-م2بودجه99-011019,60,180675,142992380633,791807,791809,791013,-794,-0.1,791434,-373,-0.05,790262,792000,1400-9-27,2021-12-18
644,دقاضي,داروسازي شهيد قاضي,60,451064,11038806946,25223,24500,24492,-731,-2.9,24473,-750,-2.97,24467,25349,1400-9-27,2021-12-18
645,تسه9906,امتياز تسهيلات مسكن شهريور99,59,708,742164163,1103423,1048252,1048252,-55171,-5,1048254,-55169,-5,1048252,1049999,1400-9-27,2021-12-18
646,ارمغان,ص سرمايه گذاري ارمغان ايرانيان,57,977135,9826001713,10047,10056,10056,9,0.09,10056,9,0.09,10055,10061,1400-9-27,2021-12-18
647,اخزا003,اسنادخزانه-م3بودجه00-030418,57,167048,92277810641,555531,550605,553000,-2531,-0.46,552403,-3128,-0.56,545111,556963,1400-9-27,2021-12-18
648,تسه9810,امتياز تسهيلات مسكن دي98,56,4391,4470749342,1071749,1018162,1018162,-53587,-5,1018162,-53587,-5,1018162,1018162,1400-9-27,2021-12-18
649,قشهد,شهد,56,66674,892171880,13620,13010,13600,-20,-0.15,13610,-10,-0.07,13010,13990,1400-9-27,2021-12-18
650,دحاوي,الحاوي,55,338060,1448727632,4359,4358,4243,-116,-2.66,4348,-11,-0.25,4241,4438,1400-9-27,2021-12-18
651,زعف0110پ10,زعفران0110نگين طلاي سرخ(پ),55,3485,1254668213,369987,360000,364988,-4999,-1.35,360020,-9967,-2.69,352500,371000,1400-9-27,2021-12-18
652,اخزا005,اسنادخزانه-م5بودجه00-030626,54,136177,72196807205,531399,530802,530999,-400,-0.08,530169,-1230,-0.23,529000,532899,1400-9-27,2021-12-18
653,وايرا,سرمايه گذاري صنايع ايران,52,2000017,8930075905,4335,4465,4465,130,3,4448,113,2.61,4465,4465,1400-9-27,2021-12-18
654,اخزا910,اسنادخزانه-م10بودجه99-020807,52,21931,14380870303,659590,660579,652222,-7368,-1.12,655733,-3857,-0.58,652222,660579,1400-9-27,2021-12-18
655,پدرخش,درخشان‌ تهران‌,52,76235,1341869850,16950,17790,17400,450,2.65,17010,60,0.35,16330,17790,1400-9-27,2021-12-18
656,زعف0008پ11,زعفران0008نگين سحرخيز(پ),51,75832,20762614456,273264,276283,276283,3019,1.1,273798,534,0.2,270000,276283,1400-9-27,2021-12-18
657,دكيمي,كيميدارو,51,141820,2479251190,18150,17290,17500,-650,-3.58,18040,-110,-0.61,17280,18180,1400-9-27,2021-12-18
658,داريوش,صندوق س. ثروت داريوش -س,51,156485,1469416680,9326,9320,9400,74,0.79,9390,64,0.69,9320,9470,1400-9-27,2021-12-18
659,سپاس,صندوق س. پاداش سهامداري-ثابت,50,542461,5460633874,10051,10065,10066,15,0.15,10066,15,0.15,10065,10069,1400-9-27,2021-12-18
660,عيار2,صندوق سكه طلاي مفيد,50,500000,500000,33215,1,1,-33214,-100,1,-33214,-100,1,1,1400-9-27,2021-12-18
661,افق ملت,صندوق س در سهام افق ملت,49,10818,1435316510,133540,133000,133000,-540,-0.4,132680,-860,-0.64,131000,134990,1400-9-27,2021-12-18
662,صنوين,صندوق سرمايه‌گذاري صنوين-مختلط,49,7590,682878100,90530,86640,90820,290,0.32,89970,-560,-0.62,86640,92890,1400-9-27,2021-12-18
663,اخزا903,اسنادخزانه-م3بودجه99-011110,46,155571,121752975663,782690,780001,782501,-189,-0.02,782620,-70,-0.01,780001,782950,1400-9-27,2021-12-18
664,غشهد,شهد ايران ‌,45,737994,3197728002,4561,4333,4333,-228,-5,4510,-51,-1.12,4333,4333,1400-9-27,2021-12-18
665,دسينا,داروسازي‌ سينا,44,105122,2100021230,19940,20100,19910,-30,-0.15,19950,10,0.05,19910,20240,1400-9-27,2021-12-18
666,وپخش,داروپخش‌ (هلدينگ‌,44,31337,1057452430,33990,32940,33120,-870,-2.56,33980,-10,-0.03,32940,34390,1400-9-27,2021-12-18
667,صايند,صندوق س. گنجينه آينده روشن-د,44,231660,2330996980,10045,10059,10066,21,0.21,10062,17,0.17,10058,10068,1400-9-27,2021-12-18
668,ثاباد,توريستي ورفاهي آبادگران ايران,43,53528,2210171120,43460,41290,41290,-2170,-4.99,43120,-340,-0.78,41290,41290,1400-9-27,2021-12-18
669,تشتاد,صنايع توليدي اشتاد ايران‌,43,308962,1403305404,4682,4542,4542,-140,-2.99,4662,-20,-0.43,4542,4542,1400-9-27,2021-12-18
670,آساس,صندوق س.آسمان آرماني سهام-س,42,12015,1942017909,159621,162697,162499,2878,1.8,161633,2012,1.26,160530,162697,1400-9-27,2021-12-18
671,تسه9904,امتياز تسهيلات مسكن تير99,42,520,546928200,1107142,1051785,1051785,-55357,-5,1051785,-55357,-5,1051785,1051785,1400-9-27,2021-12-18
672,ضسپا1111,اختيارخ خساپا-1400-1400/11/20,41,1192,444062000,264,350,397,133,50.38,373,109,41.29,277,399,1400-9-27,2021-12-18
673,زعف0110پ18,زعفران0110نگين بهرامن(پ),40,7339,2642059694,370252,360009,363001,-7251,-1.96,360003,-10249,-2.77,352000,363001,1400-9-27,2021-12-18
674,شكبير,پتروشيمي اميركبير,40,17522,1632357030,94312,92000,93500,-812,-0.86,94293,-19,-0.02,92000,94100,1400-9-27,2021-12-18
675,فسا,پتروشيمي فسا,40,461792,461792000,1030,1000,1000,-30,-2.91,1029,-1,-0.1,1000,1000,1400-9-27,2021-12-18
676,وآفري,بيمه كارآفرين,38,340506,1219532412,3643,3543,3680,37,1.02,3637,-6,-0.16,3540,3680,1400-9-27,2021-12-18
677,جمح,ح . پتروشيمي جم,37,1000000,46000000000,46030,46000,46000,-30,-0.07,46000,-30,-0.07,46000,46000,1400-9-27,2021-12-18
678,اوج,صندوق س.اوج دماوند-س,37,46563,469208927,10086,10066,10073,-13,-0.13,10077,-9,-0.09,10062,10084,1400-9-27,2021-12-18
679,زعف0110پ16,زعفران0110نگين بيرجند(پ),34,13723,4949579000,369880,360000,363000,-6880,-1.86,360678,-9202,-2.49,359000,363000,1400-9-27,2021-12-18
680,اخزا918,اسنادخزانه-م18بودجه99-010323,34,48342,43293491626,895555,895726,897000,1445,0.16,895567,12,0,895004,897989,1400-9-27,2021-12-18
681,قشرين,قند شيرين خراسان,34,140365,930058490,6830,6626,6626,-204,-2.99,6810,-20,-0.29,6626,6626,1400-9-27,2021-12-18
682,اخزا909,اسنادخزانه-م9بودجه99-020316,34,71989,51251762864,723834,716031,711113,-12721,-1.76,711939,-11895,-1.64,703458,722000,1400-9-27,2021-12-18
683,سكه0111پ05,تمام سكه طرح جديد0111آينده,34,9200,11962998100,1325413,1305000,1295000,-30413,-2.29,1300326,-25087,-1.89,1292000,1309499,1400-9-27,2021-12-18
684,اخزا008,اسنادخزانه-م8بودجه00-030919,34,103562,52201338112,505700,502019,502301,-3399,-0.67,504059,-1641,-0.32,502019,505700,1400-9-27,2021-12-18
685,ضسپا1113,اختيارخ خساپا-1800-1400/11/20,33,1309,151181000,87,105,119,32,36.78,115,28,32.18,105,120,1400-9-27,2021-12-18
686,سكه0112پ03,تمام سكه طرح جديد0112سامان,32,4400,5720659100,1327537,1299000,1296000,-31537,-2.38,1300150,-27387,-2.06,1296000,1308900,1400-9-27,2021-12-18
687,ضشنا1050,اختيارخ شپنا-7629-1400/10/19,32,842,68129880,37,27,49,12,32.43,44,7,18.92,27,49,1400-9-27,2021-12-18
688,اپرداز,آتيه داده پرداز,31,392990,8487012040,22732,21596,21596,-1136,-5,22055,-677,-2.98,21596,21596,1400-9-27,2021-12-18
689,تسه9903,امتياز تسهيلات مسكن خرداد99,31,440,470061240,1124548,1068321,1068321,-56227,-5,1068321,-56227,-5,1068321,1068321,1400-9-27,2021-12-18
690,اخزا914,اسنادخزانه-م14بودجه99-021025,31,47867,30053608670,629483,628001,626502,-2981,-0.47,627857,-1626,-0.26,626502,629979,1400-9-27,2021-12-18
691,اخزا814,اسنادخزانه-م14بودجه98-010318,30,89282,80379603299,899622,900000,899900,278,0.03,900289,667,0.07,898501,903499,1400-9-27,2021-12-18
692,سكه0011پ02,تمام سكه طرح جديد0011ملت,30,3400,4415328700,1328880,1310997,1301947,-26933,-2.03,1298626,-30254,-2.28,1290112,1310997,1400-9-27,2021-12-18
693,وسنا,سرمايه گذاري نيروگاهي ايران,29,64526,679329728,11082,10528,10528,-554,-5,11056,-26,-0.23,10528,10528,1400-9-27,2021-12-18
694,زعف0008پ10,زعفران0008نگين طلاي سرخ(پ),28,4969,1333740738,263943,275000,270186,6243,2.37,268412,4469,1.69,265000,275000,1400-9-27,2021-12-18
695,زعف0110پ20,زعفران0110نگين وحدت جام(پ),28,11003,3951212656,367414,362000,360000,-7414,-2.02,359103,-8311,-2.26,354002,363999,1400-9-27,2021-12-18
696,آتيمس,صندوق س.آرمان آتيه درخشان مس-س,27,4316,752239192,173110,175424,174790,1680,0.97,174291,1181,0.68,173000,175424,1400-9-27,2021-12-18
697,سكارون,سيمان كارون,27,37456,1563788000,43041,41750,41750,-1291,-3,42833,-208,-0.48,41750,41750,1400-9-27,2021-12-18
698,اراد50,مرابحه عام دولت5-ش.خ0302,25,602500,602500400000,1000000,1000000,1000001,1,0,1000001,1,0,1000000,1000001,1400-9-27,2021-12-18
699,غناب,روغن‌ نباتي‌ ناب,24,7232,947037632,127137,130951,130951,3814,3,127488,351,0.28,130951,130951,1400-9-27,2021-12-18
700,اخزا007,اسنادخزانه-م7بودجه00-030912,24,50542,25561803295,506728,506500,502000,-4728,-0.93,505754,-974,-0.19,502000,506916,1400-9-27,2021-12-18
701,سدبير,س. تدبيرگران فارس وخوزستان,24,87123,4146532062,50098,47594,47594,-2504,-5,49369,-729,-1.46,47594,47594,1400-9-27,2021-12-18
702,ورازي,بيمه رازي,23,667079,1009290527,1559,1513,1513,-46,-2.95,1555,-4,-0.26,1513,1513,1400-9-27,2021-12-18
703,ثمين,صندوق س. ثروت افزون ثمين-س,23,39972,405885874,10010,10100,10118,108,1.08,10154,144,1.44,10003,10500,1400-9-27,2021-12-18
704,زعف0110پ21,زعفران0110نگين ملل(پ),23,8340,2984058090,371209,361004,360000,-11209,-3.02,357801,-13408,-3.61,355002,361004,1400-9-27,2021-12-18
705,حآفرين,ريل پرداز نو آفرين,22,595166,2856796800,5052,4800,4800,-252,-4.99,5002,-50,-0.99,4800,4800,1400-9-27,2021-12-18
706,اخزا905,اسنادخزانه-م5بودجه99-020218,22,82793,59831002983,737003,738650,737894,891,0.12,722658,-14345,-1.95,722004,738650,1400-9-27,2021-12-18
707,برن0104پ01,برنج طارم0104تجارت مازندران(پ),22,3411,1619976600,471295,471000,480000,8705,1.85,474927,3632,0.77,470550,480000,1400-9-27,2021-12-18
708,ولراز,ليزينگ رازي,21,9750,183904500,19445,18862,18862,-583,-3,19426,-19,-0.1,18862,18862,1400-9-27,2021-12-18
709,اطلس2,صندوق س.توسعه اندوخته آينده-س,21,210000,210000,235187,1,1,-235186,-100,1,-235186,-100,1,1,1400-9-27,2021-12-18
710,اخزا911,اسنادخزانه-م11بودجه99-020906,21,55064,35752385620,650563,650500,648000,-2563,-0.39,649288,-1275,-0.2,648000,650500,1400-9-27,2021-12-18
711,زعف0008پ20,زعفران0008نگين وحدت جام(پ),21,3673,955700302,254817,257000,262100,7283,2.86,260196,5379,2.11,256001,263900,1400-9-27,2021-12-18
712,اخزا009,اسناد خزانه-م9بودجه00-031101,20,3980,1962409520,495419,505000,491501,-3918,-0.79,493068,-2351,-0.47,491500,509995,1400-9-27,2021-12-18
713,ضملت1134,اختيارخ وبملت-3500-1400/11/13,20,315,23326000,55,79,61,6,10.91,74,19,34.55,50,115,1400-9-27,2021-12-18
714,ضفلا1163,اختيارخ فولاد-10000-1400/11/24,20,412,439538000,946,1200,1001,55,5.81,1067,121,12.79,1000,1200,1400-9-27,2021-12-18
715,ضستا1004,اختيارخ شستا-12000-1400/10/29,20,149,73632000,401,499,351,-50,-12.47,494,93,23.19,351,798,1400-9-27,2021-12-18
716,ضپال2007,اختيارخ اپال-32000-1401/02/12,19,550,138991000,299,275,250,-49,-16.39,253,-46,-15.38,250,275,1400-9-27,2021-12-18
717,ضجار1020,اختيارخ وتجارت-1600-1400/10/15,19,491,89054000,130,186,190,60,46.15,181,51,39.23,161,200,1400-9-27,2021-12-18
718,داريك,صندوق س.اعتماد داريك-د,18,261358,3148344806,12040,12046,12048,8,0.07,12046,6,0.05,12046,12048,1400-9-27,2021-12-18
719,غپونه,نوش پونه مشهد,18,15473,177954973,11856,11501,11501,-355,-2.99,11849,-7,-0.06,11501,11501,1400-9-27,2021-12-18
720,فيروزا,صندوق بادرآمد ثابت فيروزه آسيا,18,11884,307518389,25852,25879,25880,28,0.11,25877,25,0.1,25870,25880,1400-9-27,2021-12-18
721,بايكا,كارخانجات كابلسازي ‌ايران‌,17,93878,1700975482,18679,18119,18119,-560,-3,18581,-98,-0.52,18119,18119,1400-9-27,2021-12-18
722,قپيرا,فرآورده‌هاي‌غدايي‌وقندپيرانشهر,17,49138,368362630,7630,7850,7600,-30,-0.39,7630,0,0,7360,7850,1400-9-27,2021-12-18
723,گنجين,صندوق س. گنجينه يكم آويد-د,17,52147,750350005,14369,14391,14391,22,0.15,14389,20,0.14,14385,14391,1400-9-27,2021-12-18
724,ضصاد1114,اختيارخ وبصادر-2500-1400/11/06,16,708,14180000,28,21,20,-8,-28.57,20,-8,-28.57,20,21,1400-9-27,2021-12-18
725,شليا,شركت مواد ويژه ليا,16,16398,589622886,37849,35957,35957,-1892,-5,37732,-117,-0.31,35957,35957,1400-9-27,2021-12-18
726,ضصاد1113,اختيارخ وبصادر-2000-1400/11/06,16,407,22683000,49,60,53,4,8.16,56,7,14.29,50,69,1400-9-27,2021-12-18
727,ضبدر1163,اختيارخ شبندر-6000-1400/11/13,15,332,266270000,728,700,805,77,10.58,802,74,10.16,511,920,1400-9-27,2021-12-18
728,اخزا821,اسنادخزانه-م21بودجه98-020906,15,8050,5212381075,656930,654000,647460,-9470,-1.44,647501,-9429,-1.44,647460,654000,1400-9-27,2021-12-18
729,شزنگ,تجهيزنيروي‌زنگان‌,15,11451,1567115154,141086,136854,136854,-4232,-3,140402,-684,-0.48,136854,136854,1400-9-27,2021-12-18
730,سلار,شركت سيمان لارستان,14,17403,455749764,27566,26188,26188,-1378,-5,27500,-66,-0.24,26188,26188,1400-9-27,2021-12-18
731,فن آوا,گروه فن آوا,14,60064,612712864,10737,10201,10201,-536,-4.99,10702,-35,-0.33,10201,10201,1400-9-27,2021-12-18
732,تملي709,تسهيلات مسكن ب. ملي-آذر97,14,227,130801860,597132,567276,597132,0,0,576220,-20912,-3.5,567276,626988,1400-9-27,2021-12-18
733,اخزا818,اسنادخزانه-م18بودجه98-010614,14,4274,3650011360,853339,854000,853801,462,0.05,854004,665,0.08,853654,857500,1400-9-27,2021-12-18
734,تپولا,مهندسي مرآت پولاد,14,74546,1154195718,15961,15483,15483,-478,-2.99,15904,-57,-0.36,15483,15483,1400-9-27,2021-12-18
735,وتعاون,بيمه  تعاون,14,197550,321216300,1676,1626,1626,-50,-2.98,1674,-2,-0.12,1626,1626,1400-9-27,2021-12-18
736,سفاسي,شركت فارسيت اهواز,14,98749,342362783,3574,3467,3467,-107,-2.99,3570,-4,-0.11,3467,3467,1400-9-27,2021-12-18
737,بذر,صندوق س بذر اميد آفرين-سهام,13,11473,1047780680,89750,91330,91140,1390,1.55,91330,1580,1.76,89710,92000,1400-9-27,2021-12-18
738,اوصتا2,صندوق انديشه ورزان صباتامين -د,13,110200000,110200000,20838,1,1,-20837,-100,1,-20837,-100,1,1,1400-9-27,2021-12-18
739,پلاستح,ح.كارخانجات توليدي پلاستيران,13,29577,119846004,4177,4052,4052,-125,-2.99,4052,-125,-2.99,4052,4052,1400-9-27,2021-12-18
740,اخزا816,اسنادخزانه-م16بودجه98-010503,13,4657,4071857145,874790,877390,873300,-1490,-0.17,874352,-438,-0.05,873297,877499,1400-9-27,2021-12-18
741,دمعيار,صندوق س. توازن معيار-د,13,422027,4221476027,10004,10004,10001,-3,-0.03,10003,-1,-0.01,10001,10007,1400-9-27,2021-12-18
742,وسين,بيمه سينا,13,68315,247095355,3728,3617,3617,-111,-2.98,3725,-3,-0.08,3617,3617,1400-9-27,2021-12-18
743,دشيري,شيرين دارو,13,936,106138656,119364,113396,113396,-5968,-5,119297,-67,-0.06,113396,113396,1400-9-27,2021-12-18
744,ثعتما,س. ساختماني اعتماد گستر,13,55586,1437287202,26656,25857,25857,-799,-3,26538,-118,-0.44,25857,25857,1400-9-27,2021-12-18
745,واحصا,احياء صنايع خراسان,12,30439,1388840253,47038,45627,45627,-1411,-3,46836,-202,-0.43,45627,45627,1400-9-27,2021-12-18
746,اراد87,مرابحه عام دولت87-ش.خ030304,12,79500,74214311000,937341,934000,931000,-6341,-0.68,933513,-3828,-0.41,931000,934997,1400-9-27,2021-12-18
747,سمايه,بانك سرمايه,12,75624,439829184,5995,5816,5816,-179,-2.99,5987,-8,-0.13,5816,5816,1400-9-27,2021-12-18
748,اخزا810,اسنادخزانه-م10بودجه98-001006,11,500,497244304,992931,996500,994001,1070,0.11,994489,1558,0.16,994001,996500,1400-9-27,2021-12-18
749,فافزا,فولاد افزا سپاهان,11,10793,354075158,33820,32806,32806,-1014,-3,33783,-37,-0.11,32806,32806,1400-9-27,2021-12-18
750,ويستا,صندوق س. ويستا -س,11,55010,556215480,9958,10200,10000,42,0.42,10111,153,1.54,10000,10200,1400-9-27,2021-12-18
751,سخند,صندوق س.سپهرخبرگان نفت-د,10,90000,904310000,10045,10049,10045,0,0,10048,3,0.03,10045,10049,1400-9-27,2021-12-18
752,اخزا817,اسنادخزانه-م17بودجه98-010512,10,4631,4021975286,870241,870300,868000,-2241,-0.26,868490,-1751,-0.2,868000,870300,1400-9-27,2021-12-18
753,زعف0008پ08,زعفران0008نگين روستا(پ),10,432,115685512,272512,256010,265021,-7491,-2.75,267791,-4721,-1.73,256010,272000,1400-9-27,2021-12-18
754,اخزا815,اسنادخزانه-م15بودجه98-010406,10,9087,8068432293,890058,890001,887501,-2557,-0.29,887909,-2149,-0.24,887501,894999,1400-9-27,2021-12-18
755,ضشنا1048,اختيارخ شپنا-5450-1400/10/19,9,40,29497625,420,400,400,-20,-4.76,402,-18,-4.29,400,410,1400-9-27,2021-12-18
756,سيناد,صندوق س.سپهرسودمند سينا-د,9,251888,2527295060,10029,10031,10035,6,0.06,10033,4,0.04,10031,10035,1400-9-27,2021-12-18
757,ضصاد1111,اختيارخ وبصادر-1600-1400/11/06,9,288,60104000,190,220,205,15,7.89,209,19,10,205,220,1400-9-27,2021-12-18
758,فراز,صندوق س.سهام فراز داريك-س,9,42627,605902005,14213,14214,14214,1,0.01,14214,1,0.01,14214,14216,1400-9-27,2021-12-18
759,زعف0008پ09,زعفران0008نگين نوين(پ),9,286,75754644,271000,255013,276283,5283,1.95,264876,-6124,-2.26,255013,276283,1400-9-27,2021-12-18
760,پادي,بار پايه دي,9,188000,97705000,520,520,519,-1,-0.19,520,0,0,519,520,1400-9-27,2021-12-18
761,اراد49,مرابحه عام دولت4-ش.خ 0206,9,6100,5858383700,950388,950305,950388,0,0,960391,10003,1.05,950305,989988,1400-9-27,2021-12-18
762,اخزا813,اسنادخزانه-م13بودجه98-010219,9,7320,6700152400,916670,917000,916000,-670,-0.07,915321,-1349,-0.15,914000,917000,1400-9-27,2021-12-18
763,ضستا1003,اختيارخ شستا-10000-1400/10/29,9,12,10719000,972,720,900,-72,-7.41,893,-79,-8.13,720,998,1400-9-27,2021-12-18
764,حبندر,دريايي و کشتيراني خط دريابندر,9,7304,106382760,15015,14565,14565,-450,-3,15010,-5,-0.03,14565,14565,1400-9-27,2021-12-18
765,پادا,صندوق س.پاداش سرمايه پارس-س,9,2450,252577500,104200,104200,104800,600,0.58,103093,-1107,-1.06,102000,104800,1400-9-27,2021-12-18
766,زعف0008پ15,زعفران0008پوشالمعمول طلاسرخ(پ),8,1281,308398077,244519,236003,246000,1481,0.61,240748,-3771,-1.54,236003,246000,1400-9-27,2021-12-18
767,لپيام,گسترش صنايع پيام,8,8140,252486520,31977,31018,31018,-959,-3,31952,-25,-0.08,31018,31018,1400-9-27,2021-12-18
768,داراب,پتروشيمي داراب,8,26965,58433155,2233,2167,2167,-66,-2.96,2233,0,0,2167,2167,1400-9-27,2021-12-18
769,ضسپا1110,اختيارخ خساپا-1200-1400/11/20,7,41,20500000,405,500,500,95,23.46,500,95,23.46,500,500,1400-9-27,2021-12-18
770,ضخود2018,اختيارخ خودرو-2000-1401/02/07,7,194,96159000,1,499,485,484,48400,496,495,49500,480,499,1400-9-27,2021-12-18
771,تسه9909,امتياز تسهيلات مسكن آذر99,7,43,46246543,1132106,1075501,1075501,-56605,-5,1075501,-56605,-5,1075501,1075501,1400-9-27,2021-12-18
772,ضترا1133,اختيارخ شتران-4411-1400/11/10,7,17,7707800,248,200,200,-48,-19.35,200,-48,-19.35,200,200,1400-9-27,2021-12-18
773,صپادي,بار پايه صنعتي دي,7,28830,15247750,530,530,528,-2,-0.38,529,-1,-0.19,528,530,1400-9-27,2021-12-18
774,سپيدما2,صندوق س. سپيد دماوند-د,7,36500000,36500000,11527,1,1,-11526,-99.99,1,-11526,-99.99,1,1,1400-9-27,2021-12-18
775,ضملي1160,اختيارخ فملي-6000-1400/11/03,7,33,51100000,835,1380,755,-80,-9.58,774,-61,-7.31,755,1380,1400-9-27,2021-12-18
776,ضملي1161,اختيارخ فملي-7000-1400/11/03,7,95,28802000,240,200,150,-90,-37.5,152,-88,-36.67,150,200,1400-9-27,2021-12-18
777,حگردش,ريل گردش ايرانيان,7,63606,268035684,4344,4214,4214,-130,-2.99,4340,-4,-0.09,4214,4214,1400-9-27,2021-12-18
778,ضداريوش904,اختيارخ داريوش-11500-14010915,6,61,102700000,1505,1600,1700,195,12.96,1684,179,11.89,1600,1700,1400-9-27,2021-12-18
779,اراد61,مرابحه عام دولت61-ش.خ0309,6,120000,120000120000,1000001,1000001,1000001,0,0,1000001,0,0,1000001,1000001,1400-9-27,2021-12-18
780,ضشگويا1202,اختيارخ شگويا-10000-14001222,6,67,160800000,2250,2400,2400,150,6.67,2400,150,6.67,2400,2400,1400-9-27,2021-12-18
781,ساذري,آذريت‌,6,14320,134736880,9700,9409,9409,-291,-3,9696,-4,-0.04,9409,9409,1400-9-27,2021-12-18
782,وآتوس,س.آرين توسكا قيمت اسمي 350ريال,6,11000,262581000,25127,23871,23871,-1256,-5,25081,-46,-0.18,23871,23871,1400-9-27,2021-12-18
783,فالوم,آلومتك‌,6,13964,342969804,25320,24561,24561,-759,-3,25293,-27,-0.11,24561,24561,1400-9-27,2021-12-18
784,نگين,ص.س. زمين و ساختمان نگين شهرري,6,1145,59365050,51850,51850,51850,0,0,51850,0,0,51840,51850,1400-9-27,2021-12-18
785,ثنام,س ساختماني ب نام آوران مهندسي,6,6440,69886880,11187,10852,10852,-335,-2.99,11185,-2,-0.02,10852,10852,1400-9-27,2021-12-18
786,ضملت1131,اختيارخ وبملت-2000-1400/11/13,6,65,58674000,818,900,899,81,9.9,903,85,10.39,899,920,1400-9-27,2021-12-18
787,ساروج,بين المللي ساروج بوشهر,6,45362,738590024,16042,16282,16282,240,1.5,16054,12,0.07,16282,16300,1400-9-27,2021-12-18
788,خفولا,خدمات فني فولاد يزد,6,15180,349929360,24265,23052,23052,-1213,-5,24220,-45,-0.19,23052,23052,1400-9-27,2021-12-18
789,سنوين,سرمايه گذاري اقتصاد نوين,6,12395,82030110,6966,6618,6618,-348,-5,6963,-3,-0.04,6618,6618,1400-9-27,2021-12-18
790,ضخود2017,اختيارخ خودرو-1800-1401/02/07,5,99,54516000,468,580,521,53,11.32,551,83,17.74,520,580,1400-9-27,2021-12-18
791,ضملت1132,اختيارخ وبملت-2500-1400/11/13,5,202,90995000,428,450,445,17,3.97,450,22,5.14,445,451,1400-9-27,2021-12-18
792,ضفلا1162,اختيارخ فولاد-9000-1400/11/24,5,81,141750000,1709,1750,1750,41,2.4,1750,41,2.4,1750,1750,1400-9-27,2021-12-18
793,ضفلا1164,اختيارخ فولاد-12000-1400/11/24,5,12,5040000,397,450,388,-9,-2.27,420,23,5.79,388,450,1400-9-27,2021-12-18
794,ضملت1133,اختيارخ وبملت-3000-1400/11/13,5,97,24130000,206,289,250,44,21.36,249,43,20.87,140,289,1400-9-27,2021-12-18
795,ثبات2,صندوق س. ثبات ويستا -د,5,40100000,40100000,10571,1,1,-10570,-99.99,1,-10570,-99.99,1,1,1400-9-27,2021-12-18
796,ضشنا1049,اختيارخ شپنا-6540-1400/10/19,5,83,16221400,135,190,91,-44,-32.59,107,-28,-20.74,88,190,1400-9-27,2021-12-18
797,ثقزوي,شركت عمران و سازندگي قزوين,5,980,27351800,29378,27910,27910,-1468,-5,29374,-4,-0.01,27910,27910,1400-9-27,2021-12-18
798,اروند10,منفعت صبا اروند لوتوس 14001222,5,4500,4387500000,1009870,975000,975000,-34870,-3.45,975000,-34870,-3.45,975000,975000,1400-9-27,2021-12-18
799,زعف0008پ12,زعفران0008پوشالمعمول سحرخيز(پ),5,339,79371610,233037,234110,234102,1065,0.46,234135,1098,0.47,234102,234200,1400-9-27,2021-12-18
800,ضملي1163,اختيارخ فملي-9000-1400/11/03,5,14,3480000,977,300,50,-927,-94.88,124,-853,-87.31,50,300,1400-9-27,2021-12-18
801,زعف0110پ05,زعفران0110نگين زرين(پ),5,820,295200520,367314,360003,360000,-7314,-1.99,360001,-7313,-1.99,360000,360003,1400-9-27,2021-12-18
802,حشكوه,دليجان طلايي شكوه پارس,5,13000,44798000,3552,3446,3446,-106,-2.98,3552,0,0,3446,3446,1400-9-27,2021-12-18
803,تسه9901,امتياز تسهيلات مسكن فروردين99,5,352,373572320,1117142,1061285,1061285,-55857,-5,1061285,-55857,-5,1061285,1061285,1400-9-27,2021-12-18
804,ضپال2006,اختيارخ اپال-28000-1401/02/12,4,50,42950000,800,850,845,45,5.63,859,59,7.38,845,900,1400-9-27,2021-12-18
805,سخواف,سيمان مجد خواف,4,3178,23815932,7725,7494,7494,-231,-2.99,7724,-1,-0.01,7494,7494,1400-9-27,2021-12-18
806,صايپا412,صكوك مرابحه سايپا412-3ماهه 16%,4,40000,40000000000,1000000,1000000,1000000,0,0,1000000,0,0,1000000,1000000,1400-9-27,2021-12-18
807,فنرژي,گسترش صنايع انرژي آذرآب,4,11828,143674716,12394,12147,12147,-247,-1.99,12387,-7,-0.06,12147,12147,1400-9-27,2021-12-18
808,ضجار1019,اختيارخ وتجارت-1400-1400/10/15,4,36,14120000,288,390,388,100,34.72,392,104,36.11,388,400,1400-9-27,2021-12-18
809,ضپاس1012,اختيارخ وپارس-2500-1400/10/22,4,61,3060000,125,50,50,-75,-60,50,-75,-60,50,60,1400-9-27,2021-12-18
810,صبا1404,اجاصبابدون ضامن بارتبه اعتباري,4,200000,200000000000,1000000,1000000,1000000,0,0,1000000,0,0,1000000,1000000,1400-9-27,2021-12-18
811,زعف0110پ19,زعفران0110نگين تروند قاينات(پ),4,86,31229012,363948,378694,359966,-3982,-1.09,363128,-820,-0.23,359966,378694,1400-9-27,2021-12-18
812,خعمرا,توسعه و عمران شهرستان نائين,4,12480,58256640,4533,4668,4668,135,2.98,4534,1,0.02,4668,4668,1400-9-27,2021-12-18
813,شمواد,توليد مواداوليه الياف مصنوعي,4,2216,96172184,44284,43399,43399,-885,-2,44267,-17,-0.04,43399,43399,1400-9-27,2021-12-18
814,اگ010155,گام بانك اقتصاد نوين0101,4,20050,18557430050,924650,922001,925301,651,0.07,925558,908,0.1,922001,926000,1400-9-27,2021-12-18
815,ضفرابورس1200,اختيارخ فرابورس-19000-14001218,4,24,48005000,1550,2001,2000,450,29.03,2000,450,29.03,2000,2001,1400-9-27,2021-12-18
816,ثهام,صندوق س ثروت هامرز-سهام,4,361,3719318,10450,10302,10450,0,0,10303,-147,-1.41,10302,10450,1400-9-27,2021-12-18
817,آرمان,بيمه آرمان,3,7000,38668000,5694,5524,5524,-170,-2.99,5693,-1,-0.02,5524,5524,1400-9-27,2021-12-18
818,اراد42,مرابحه عام دولت4-ش.خ 0106,3,2100,2051697000,969510,984997,967000,-2510,-0.26,976999,7489,0.77,967000,984997,1400-9-27,2021-12-18
819,ومشان,س. فني و مهندسي مشانير,3,390,16611660,43911,42594,42594,-1317,-3,43906,-5,-0.01,42594,42594,1400-9-27,2021-12-18
820,ثجوان,تامين مسكن جوانان,3,81710,384527260,4851,4706,4706,-145,-2.99,4845,-6,-0.12,4706,4706,1400-9-27,2021-12-18
821,قجام,فرآوردههاي غذايي وقندتربت‌جام‌,3,3851,23606630,6255,6130,6130,-125,-2,6254,-1,-0.02,6130,6130,1400-9-27,2021-12-18
822,طخود1051,اختيارف خودرو-1800-1400/10/08,3,100,2750000,45,26,29,-16,-35.56,27,-18,-40,26,29,1400-9-27,2021-12-18
823,كارا2,صندوق س. كارا -د,3,9500000,9500000,10373,1,1,-10372,-99.99,1,-10372,-99.99,1,1,1400-9-27,2021-12-18
824,اخزا820,اسنادخزانه-م20بودجه98-020806,3,40,26724000,667598,670950,669000,1402,0.21,668100,502,0.08,661500,670950,1400-9-27,2021-12-18
825,وسصفا,شركت س استان اصفهان,3,24383,16897419,729,693,693,-36,-4.94,729,0,0,693,693,1400-9-27,2021-12-18
826,خبازرس,بازرسي مهندسي و صنعتي ايران,3,1726,38726262,23130,22437,22437,-693,-3,23127,-3,-0.01,22437,22437,1400-9-27,2021-12-18
827,اخزا906,اسنادخزانه-م6بودجه99-020321,3,364,259886599,735000,720702,705105,-29895,-4.07,713974,-21026,-2.86,705105,720702,1400-9-27,2021-12-18
828,زعف0008پ16,زعفران0008نگين بيرجند(پ),3,238,64257681,260524,269999,269998,9474,3.64,269990,9466,3.63,269900,269999,1400-9-27,2021-12-18
829,ضمخا1034,اختيارخ اخابر-6000-1400/10/26,3,21,24550000,1124,1220,1215,91,8.1,1169,45,4,200,1220,1400-9-27,2021-12-18
830,كمان,س.خ.كمان كاريزما 35% تاديه,3,150000,56986800000,379288,379912,379912,624,0.16,379912,624,0.16,379912,379912,1400-9-27,2021-12-18
831,مبين0122,اجاره اعتماد مبين تمدن010710,3,650000,650000000000,1000000,1000000,1000000,0,0,1000000,0,0,1000000,1000000,1400-9-27,2021-12-18
832,افران2,صندوق س افرا نماد پايدار-ثابت,3,18700000,18700000,14993,1,1,-14992,-99.99,1,-14992,-99.99,1,1,1400-9-27,2021-12-18
833,جهرم,پتروشيمي جهرم,3,30898,40507278,1351,1311,1311,-40,-2.96,1351,0,0,1311,1311,1400-9-27,2021-12-18
834,اراد45,مرابحه عام دولت4-ش.خ 0107,3,10400,10292089600,989624,989624,989624,0,0,989624,0,0,989624,989624,1400-9-27,2021-12-18
835,طخود1052,اختيارف خودرو-2000-1400/10/08,3,47,5400000,120,120,120,0,0,115,-5,-4.17,100,120,1400-9-27,2021-12-18
836,اتكامح,ح . بيمه اتكايي امين,3,116000,429200000,1999,3700,3700,1701,85.09,3700,1701,85.09,3700,3700,1400-9-27,2021-12-18
837,وپخشح,ح . داروپخش‌ (هلدينگ‌,3,50330,1635725000,28510,32500,32500,3990,14,32500,3990,14,32500,32500,1400-9-27,2021-12-18
838,طلا2,صندوق س.پشتوانه طلاي لوتوس,2,200000,200000,93443,1,1,-93442,-100,1,-93442,-100,1,1,1400-9-27,2021-12-18
839,ضبدر1164,اختيارخ شبندر-7000-1400/11/13,2,51,17800000,300,350,300,0,0,349,49,16.33,300,350,1400-9-27,2021-12-18
840,انرژي12,نهادهاي مالي بورس انرژي,2,6387162,625478376000,97100,98000,97100,0,0,97927,827,0.85,97100,98000,1400-9-27,2021-12-18
841,پارتا,مجتمع‌صنعتي‌آرتاويل‌تاير,2,2500,58767500,24233,23507,23507,-726,-3,24231,-2,-0.01,23507,23507,1400-9-27,2021-12-18
842,شگويات.ف0104,اختيارف.تبعي شگويا010408,2,5000,5000,1,1,1,0,0,1,0,0,1,1,1400-9-27,2021-12-18
843,اگ0101552,گام بانك اقتصاد نوين0101,2,300000,277200000000,924650,924000,924000,-650,-0.07,924000,-650,-0.07,924000,924000,1400-9-27,2021-12-18
844,ضپاس1009,اختيارخ وپارس-1600-1400/10/22,2,42,18060000,310,430,430,120,38.71,430,120,38.71,430,430,1400-9-27,2021-12-18
845,ضشگويا1200,اختيارخ شگويا-8000-14001222,2,20,83500000,5000,4150,4200,-800,-16,4175,-825,-16.5,4150,4200,1400-9-27,2021-12-18
846,اخزا907,اسنادخزانه-م7بودجه99-020704,2,30,20374230,674529,679257,678909,4380,0.65,679141,4612,0.68,678909,679257,1400-9-27,2021-12-18
847,سايرا,ايرانيت‌,2,1693,48881989,29462,28873,28873,-589,-2,29456,-6,-0.02,28873,28873,1400-9-27,2021-12-18
848,تملي705,تسهيلات مسكن ب. ملي-مرداد97,2,36,24739236,654478,687201,687201,32723,5,687201,32723,5,687201,687201,1400-9-27,2021-12-18
849,شتولي,تولي‌پرس‌,2,1000,20188000,20599,20188,20188,-411,-2,20597,-2,-0.01,20188,20188,1400-9-27,2021-12-18
850,شسم,توليد سموم‌ علف‌ كش,2,747,77605083,100864,103889,103889,3025,3,100909,45,0.04,103889,103889,1400-9-27,2021-12-18
851,ضخود2016,اختيارخ خودرو-1600-1401/02/07,2,60,39300000,1,655,655,654,65400,655,654,65400,655,655,1400-9-27,2021-12-18
852,زعف0110پ09,زعفران0110نگين نوين(پ),2,189,68589176,371471,365000,356004,-15467,-4.16,362906,-8565,-2.31,356004,365000,1400-9-27,2021-12-18
853,دپارسح,ح . پارس‌ دارو,2,1654,74430000,45000,45000,45000,0,0,45000,0,0,45000,45000,1400-9-27,2021-12-18
854,كشم0101پ01,كشمش سبز0101خليل آباد(پ),2,17,10616500,624500,624500,624500,0,0,624500,0,0,624500,624500,1400-9-27,2021-12-18
855,زير0103پ04,زيره سبز0103شركت مينوبذر(پ),2,576,533320704,831412,925904,925904,94492,11.37,925904,94492,11.37,925904,925904,1400-9-27,2021-12-18
856,كابگن,توليدي و صنعتي آبگينه‌,2,13861,83956077,5998,6057,6057,59,0.98,6000,2,0.03,6057,6057,1400-9-27,2021-12-18
857,فبستم,صنايع ‌بسته‌بندي‌ مشهد,2,7474,6113732,795,818,818,23,2.89,795,0,0,818,818,1400-9-27,2021-12-18
858,سپرمي,پرميت‌,2,210,2547930,12013,12133,12133,120,1,12013,0,0,12133,12133,1400-9-27,2021-12-18
859,ياقوت2,صندوق س ياقوت آگاه-ثابت,2,8245000,8245000,13779,1,1,-13778,-99.99,1,-13778,-99.99,1,1,1400-9-27,2021-12-18
860,زير0103پ01,زيره سبز0103كيميابذر(پ),2,103,95368112,874229,925904,925904,51675,5.91,925904,51675,5.91,925904,925904,1400-9-27,2021-12-18
861,سرو2,صندوق س سروسودمند مدبران-سهام,2,600000,600000,65340,1,1,-65339,-100,1,-65339,-100,1,1,1400-9-27,2021-12-18
862,آسام,صندوق س.آرمان سپهر آشنا-م,2,450,52650000,117008,117000,117000,-8,-0.01,117000,-8,-0.01,117000,117000,1400-9-27,2021-12-18
863,زير0103پ02,زيره سبز0103 دانش(پ),2,265,245364560,911506,925904,925904,14398,1.58,925904,14398,1.58,925904,925904,1400-9-27,2021-12-18
864,پاسار04,اجاره انرژي پاسارگاد14040302,2,40000,40000000000,1005586,1000000,1000000,-5586,-0.56,1000000,-5586,-0.56,1000000,1000000,1400-9-27,2021-12-18
865,طپاس1011,اختيارف وپارس-2000-1400/10/22,1,10,1480000,144,148,148,4,2.78,148,4,2.78,148,148,1400-9-27,2021-12-18
866,ولقمان2,سرمايه گذاري لقمان,1,44250000,130183500000,2891,2942,2942,51,1.76,2942,51,1.76,2942,2942,1400-9-27,2021-12-18
867,حكمت01,مشاركت حكمت ايرانيان 140107,1,5,4937500,987500,987500,987500,0,0,987500,0,0,987500,987500,1400-9-27,2021-12-18
868,افاد54,منفعت دولت5-ش.خاص لوتوس0108,1,1000,910875000,867500,910875,910875,43375,5,910875,43375,5,910875,910875,1400-9-27,2021-12-18
869,سخند4,صندوق س.سپهرخبرگان نفت-د,1,4406370,44275205760,10045,10048,10048,3,0.03,10048,3,0.03,10048,10048,1400-9-27,2021-12-18
870,ضپيك1031,اختيارخ تاپيكو-14000-00/10/15,1,10,6000000,1240,600,600,-640,-51.61,600,-640,-51.61,600,600,1400-9-27,2021-12-18
871,سپيدما4,صندوق س. سپيد دماوند-د,1,30200000,350229400000,11527,11597,11597,70,0.61,11597,70,0.61,11597,11597,1400-9-27,2021-12-18
872,سحرا021,سلف موازي برق نيروي برق حرارتي,1,200,64455400,318566,322277,322277,3711,1.16,322277,3711,1.16,322277,322277,1400-9-27,2021-12-18
873,ضخود2015,اختيارخ خودرو-1400-1401/02/07,1,5,4000000,730,800,800,70,9.59,800,70,9.59,800,800,1400-9-27,2021-12-18
874,كبورس,كارگزاران بورس اوراق بهادار,1,6565,65256100,10460,9940,9940,-520,-4.97,10460,0,0,9940,9940,1400-9-27,2021-12-18
875,شلرد022,كود شيميايي اوره لردگان,1,250000,250000000000,997000,1000000,1000000,3000,0.3,1000000,3000,0.3,1000000,1000000,1400-9-27,2021-12-18
876,اراد57,مرابحه عام دولت5-ش.خ 0309,1,2000,1940000000,930000,970000,970000,40000,4.3,970000,40000,4.3,970000,970000,1400-9-27,2021-12-18
877,سبرق021,سلف موازي برق صادراتي گيلان021,1,260000,49920000000,191500,192000,192000,500,0.26,192000,500,0.26,192000,192000,1400-9-27,2021-12-18
878,صپا ه 15,بار پايه هفته 15صنعتي,1,5600,3192000,810,570,570,-240,-29.63,570,-240,-29.63,570,570,1400-9-27,2021-12-18
879,طفلا1162,اختيارف فولاد-9000-1400/11/24,1,1,100000,100,100,100,0,0,100,0,0,100,100,1400-9-27,2021-12-18
880,فردا4,صندوق س آواي فرداي زاگرس-ثابت,1,10300000,124248900000,12005,12063,12063,58,0.48,12063,58,0.48,12063,12063,1400-9-27,2021-12-18
881,اراد72,مرابحه عام دولت72-ش.خ0311,1,100,93700000,936000,937000,937000,1000,0.11,937000,1000,0.11,937000,937000,1400-9-27,2021-12-18
882,کمدي,کم باري دي,1,4400,1672000,250000,380,380,-249620,-99.85,380,-249620,-99.85,380,380,1400-9-27,2021-12-18
883,مهان024,اجاره مهرآيندگان اميد0311,1,500000,498605000000,1000000,997210,997210,-2790,-0.28,997210,-2790,-0.28,997210,997210,1400-9-27,2021-12-18
884,سپهر,ص.ج. سپهريكم 20% تاديه,1,1000,200000000,1000000,200000,200000,-800000,-80,200000,-800000,-80,200000,200000,1400-9-27,2021-12-18
885,اراد32,مرابحه عام دولت3-ش.خ0211,1,10000,10000000000,1000000,1000000,1000000,0,0,1000000,0,0,1000000,1000000,1400-9-27,2021-12-18
886,اتكاي2,بيمه اتكايي ايرانيان,1,12000000,123120000000,10189,10260,10260,71,0.7,10260,71,0.7,10260,10260,1400-9-27,2021-12-18
887,طملت1133,اختيارف وبملت-3000-1400/11/13,1,1,250000,250,250,250,0,0,250,0,0,250,250,1400-9-27,2021-12-18
888,صبا2,سرمايه گذاري صبا تامين,1,275500000,1633715000000,5929,5930,5930,1,0.02,5930,1,0.02,5930,5930,1400-9-27,2021-12-18
889,وسخوز,شركت س استان خوزستان,1,10570,6384280,635,604,604,-31,-4.88,635,0,0,604,604,1400-9-27,2021-12-18
890,پست0108پ04,پسته فندقي32-30سبزدانه0108(پ),1,30,70500000,2362220,2350000,2350000,-12220,-0.52,2350000,-12220,-0.52,2350000,2350000,1400-9-27,2021-12-18
891,شرق1400,مشاركت ليزينگ ايران وشرق140010,1,20,20040000,999975,1002000,1002000,2025,0.2,1002000,2025,0.2,1002000,1002000,1400-9-27,2021-12-18
892,طخود2020,اختيارف خودرو-3000-1401/02/07,1,1,490000,1,490,490,489,48900,490,489,48900,490,490,1400-9-27,2021-12-18
893,هنوري102,اختيارف ت نوري59561-01/02/15,1,3000,3000,1,1,1,0,0,1,0,0,1,1,1400-9-27,2021-12-18
894,اخزا0042,اسنادخزانه-م4بودجه00-030522,1,153353,84037444000,543272,548000,548000,4728,0.87,548000,4728,0.87,548000,548000,1400-9-27,2021-12-18
895,ضترا1135,اختيارخ شتران-6176-1400/11/10,1,9,142821,81,7,7,-74,-91.36,7,-74,-91.36,7,7,1400-9-27,2021-12-18
896,اروند11,منفعت صبا اروند سپهر 14001222,1,6,5838000,973000,973000,973000,0,0,973000,0,0,973000,973000,1400-9-27,2021-12-18
897,امين يكم4,صندوق درآمد ثابت امين يكم فردا,1,119000000,1206898000000,10122,10142,10142,20,0.2,10142,20,0.2,10142,10142,1400-9-27,2021-12-18
898,صشستا3112,صكوك اجاره شستا311-بدون ضامن,1,130000,130000000000,1005907,1000000,1000000,-5907,-0.59,1000000,-5907,-0.59,1000000,1000000,1400-9-27,2021-12-18
899,تاپيكو2,س. نفت و گاز و پتروشيمي تأمين,1,95000000,1320500000000,13760,13900,13900,140,1.02,13900,140,1.02,13900,13900,1400-9-27,2021-12-18
900,اخزا904,اسنادخزانه-م4بودجه99-011215,1,20,15460000,766904,773000,773000,6096,0.79,773000,6096,0.79,773000,773000,1400-9-27,2021-12-18
901,ضشنا1051,اختيارخ شپنا-8719-1400/10/19,1,13,47710,10,2,2,-8,-80,2,-8,-80,2,2,1400-9-27,2021-12-18
902,هپارس102,اختيارف ت پارس-157010-01/02/05,1,15000,15000,1,1,1,0,0,1,0,0,1,1,1400-9-27,2021-12-18
903,انرژي1,نهادهاي مالي بورس انرژي,1,20068,1851273000,97100,92250,92250,-4850,-4.99,96960,-140,-0.14,92250,92250,1400-9-27,2021-12-18
904,صپا ه 16,بار پايه هفته 16صنعتي,1,5600,3192000,810,570,570,-240,-29.63,570,-240,-29.63,570,570,1400-9-27,2021-12-18
905,ضستا1001,اختيارخ شستا-8000-1400/10/29,1,10,20000000,2600,2000,2000,-600,-23.08,2000,-600,-23.08,2000,2000,1400-9-27,2021-12-18
906,پردي,پر باري دي,1,7300,4964000,250000,680,680,-249320,-99.73,680,-249320,-99.73,680,680,1400-9-27,2021-12-18
907,گپارس,امور رفاهي كارگزاران پارس,1,786,99426642,130409,126497,126497,-3912,-3,130369,-40,-0.03,126497,126497,1400-9-27,2021-12-18
908,خفناور,مهندسي صنعتي روان فن آور,1,1100,41947400,39313,38134,38134,-1179,-3,39308,-5,-0.01,38134,38134,1400-9-27,2021-12-18
909,شيران2,س. صنايع‌شيميايي‌ايران,1,77000000,1507660000000,19550,19580,19580,30,0.15,19580,30,0.15,19580,19580,1400-9-27,2021-12-18
910,ضپاس1011,اختيارخ وپارس-2000-1400/10/22,1,50,5500000,149,110,110,-39,-26.17,110,-39,-26.17,110,110,1400-9-27,2021-12-18
911,ميدي,ميان باري دي,1,7000,3780000,251000,540,540,-250460,-99.78,540,-250460,-99.78,540,540,1400-9-27,2021-12-18
912,صفارس307,صكوك اجاره فارس307- 3ماهه18%,1,500,489500000,959000,979000,979000,20000,2.09,979000,20000,2.09,979000,979000,1400-9-27,2021-12-18
913,ضپاس2012,اختيارخ وپارس-1800-1401/02/28,1,1,480000,1,480,480,479,47900,480,479,47900,480,480,1400-9-27,2021-12-18
914,تسه9905,امتياز تسهيلات مسكن مرداد99,1,5,5266475,1108731,1053295,1053295,-55436,-5,1053295,-55436,-5,1053295,1053295,1400-9-27,2021-12-18
915,اراد84,مرابحه عام دولت84-ش.خ030624,1,1000,1010000000,1015000,1010000,1010000,-5000,-0.49,1010000,-5000,-0.49,1010000,1010000,1400-9-27,2021-12-18
916,اخزا9172,اسنادخزانه-م17بودجه99-010226,1,550000,501325000000,911177,911500,911500,323,0.04,911500,323,0.04,911500,911500,1400-9-27,2021-12-18
917,شبصير2,توليدات پتروشيمي قائد بصير,1,8450000,942175000000,109942,111500,111500,1558,1.42,111500,1558,1.42,111500,111500,1400-9-27,2021-12-18
918,اراد314,مرابحه عام دولت3-ش.خ 0208,1,679300,606253512400,907200,892468,892468,-14732,-1.62,892468,-14732,-1.62,892468,892468,1400-9-27,2021-12-18
919,صپا ه 17,بار پايه هفته 17صنعتي,1,5600,3192000,809,570,570,-239,-29.54,570,-239,-29.54,570,570,1400-9-27,2021-12-18
920,فاسمين2,كالسيمين‌,1,3300000,52800000000,15510,16000,16000,490,3.16,16000,490,3.16,16000,16000,1400-9-27,2021-12-18
921,مبين011,اجاره اعتماد مبين لوتوس010710,1,1000,970000000,1000000,970000,970000,-30000,-3,970000,-30000,-3,970000,970000,1400-9-27,2021-12-18
922,تابا,تابان نيرو سپاهان,1,1000,22046000,22727,22046,22046,-681,-3,22725,-2,-0.01,22046,22046,1400-9-27,2021-12-18
923,صپا ه 14,بار پايه هفته 14صنعتي,1,5600,3192000,830,570,570,-260,-31.33,570,-260,-31.33,570,570,1400-9-27,2021-12-18
924,كمند2,صندوق س. با درآمد ثابت كمند,1,271600000,271600000,10052,1,1,-10051,-99.99,1,-10051,-99.99,1,1,1400-9-27,2021-12-18
925,غبهار,كشت وصنعت بهاران گلبهار خراسان,1,574,9966936,17901,17364,17364,-537,-3,17900,-1,-0.01,17364,17364,1400-9-27,2021-12-18
926,غگرجي2,بيسكويت‌  گرجي‌,1,29058635,57129276410,1966,1966,1966,0,0,1966,0,0,1966,1966,1400-9-27,2021-12-18
