,نماد,نام,تعداد,حجم,ارزش,دیروز,اولین,آخرین معامله - مقدار,آخرین معامله - تغییر,آخرین معامله - درصد,قیمت پایانی - مقدار,قیمت پایانی - تغییر,قیمت پایانی - درصد,کمترین,بیشترین,تاریخ,gregorian_date
0,سپيد,سپيد ماكيان,44318,10016511,392847561420,37360,39220,39220,1860,4.98,39220,1860,4.98,39220,39220,1400-5-17,2021-08-08
1,دي,بانك دي,26767,833221068,931342026433,1141,1136,1113,-28,-2.45,1118,-23,-2.02,1101,1150,1400-5-17,2021-08-08
2,وهامون,سرمايه گذاري هامون صبا,21989,11597050,30998914650,2546,2673,2673,127,4.99,2673,127,4.99,2673,2673,1400-5-17,2021-08-08
3,پالايش,صندوق پالايشي يكم-سهام,21603,24141425,1708285147820,70730,70180,70420,-310,-0.44,70760,30,0.04,70060,71350,1400-5-17,2021-08-08
4,شستا,سرمايه گذاري تامين اجتماعي,19280,86618659,1164309744080,13390,13230,13370,-20,-0.15,13440,50,0.37,13230,13650,1400-5-17,2021-08-08
5,بركت,گروه دارويي بركت,18288,31935268,1251181771040,39920,40100,38880,-1040,-2.61,39180,-740,-1.85,38090,40560,1400-5-17,2021-08-08
6,فولاد,فولاد مباركه اصفهان,18100,253156718,2785194821720,10550,11020,11000,450,4.27,11000,450,4.27,10860,11120,1400-5-17,2021-08-08
7,وسديد,گروه ‌صنعتي‌سديد,16568,283983338,432432911094,1573,1511,1536,-37,-2.35,1523,-50,-3.18,1511,1563,1400-5-17,2021-08-08
8,ومدير,گ.مديريت ارزش سرمايه ص ب كشوري,15794,104520381,481443065202,4432,4530,4652,220,4.96,4606,174,3.93,4480,4653,1400-5-17,2021-08-08
9,شپنا,پالايش نفت اصفهان,14557,103402014,1341857386330,12680,12510,13000,320,2.52,12980,300,2.37,12510,13200,1400-5-17,2021-08-08
10,فملي,ملي‌ صنايع‌ مس‌ ايران‌,14355,60771523,842212215270,13920,13650,13900,-20,-0.14,13860,-60,-0.43,13630,13990,1400-5-17,2021-08-08
11,كرمان,س. توسعه و عمران استان كرمان,14084,512910152,680005165954,1270,1310,1333,63,4.96,1326,56,4.41,1290,1333,1400-5-17,2021-08-08
12,دارا يكم,صندوق واسطه گري مالي يكم-سهام,12949,7330221,882428102110,121620,121750,119190,-2430,-2,120380,-1240,-1.02,119010,121750,1400-5-17,2021-08-08
13,خودرو,ايران‌ خودرو,12293,281489324,560052594680,2010,2000,1977,-33,-1.64,1990,-20,-1,1969,2036,1400-5-17,2021-08-08
14,گدنا,تهيه توزيع غذاي دنا آفرين فدك,12081,10503550,216730577078,21541,20800,20464,-1077,-5,20634,-907,-4.21,20464,21500,1400-5-17,2021-08-08
15,ولكار,ليزينگ كارآفرين,11884,13497009,57033628631,4108,4150,4245,137,3.33,4226,118,2.87,4090,4310,1400-5-17,2021-08-08
16,بوعلي,پتروشيمي بوعلي سينا,11687,7810882,505283738310,62110,63580,65210,3100,4.99,64690,2580,4.15,62260,65210,1400-5-17,2021-08-08
17,لطيف,محصولات كاغذي لطيف,11493,2110264,116488697188,52845,53200,55487,2642,5,55201,2356,4.46,53000,55487,1400-5-17,2021-08-08
18,فارس,صنايع پتروشيمي خليج فارس,11072,101646383,1335761019300,12750,12790,13200,450,3.53,13140,390,3.06,12600,13380,1400-5-17,2021-08-08
19,پترول,گ.س.وت.ص.پتروشيمي خليج فارس,10657,64754941,677582506140,10610,10500,10440,-170,-1.6,10460,-150,-1.41,10320,10600,1400-5-17,2021-08-08
20,ثاميد,توسعه و عمران اميد,10309,46553551,84721270170,1769,1790,1821,52,2.94,1820,51,2.88,1788,1839,1400-5-17,2021-08-08
21,فگستر,گسترش صنايع روي ايرانيان,9997,5501981,79257125333,14555,14250,14330,-225,-1.55,14405,-150,-1.03,13946,14730,1400-5-17,2021-08-08
22,خساپا,سايپا,9899,325316773,586367079073,1812,1805,1795,-17,-0.94,1802,-10,-0.55,1777,1849,1400-5-17,2021-08-08
23,وبملت,بانك ملت,9662,197116093,758513804579,3894,3920,3800,-94,-2.41,3848,-46,-1.18,3700,3929,1400-5-17,2021-08-08
24,خگستر,گسترش‌سرمايه‌گذاري‌ايران‌خودرو,9600,203779145,515824460122,2593,2570,2522,-71,-2.74,2531,-62,-2.39,2508,2600,1400-5-17,2021-08-08
25,فتوسا,توليد و توسعه سرب روي ايرانيان,9297,6010651,86631959001,14633,14301,14300,-333,-2.28,14413,-220,-1.5,14200,14730,1400-5-17,2021-08-08
26,چخزر,صنايع چوب خزر كاسپين,8732,4146016,168148819701,39153,39900,40000,847,2.16,40557,1404,3.59,39500,41110,1400-5-17,2021-08-08
27,شتران,پالايش نفت تهران,8723,62233803,577634866150,9220,9100,9220,0,0,9280,60,0.65,9060,9490,1400-5-17,2021-08-08
28,نوري,پتروشيمي نوري,7957,5664862,550043266020,94780,93390,98500,3720,3.92,97100,2320,2.45,93050,99000,1400-5-17,2021-08-08
29,غكورش,صنعت غذايي كورش,7718,5345935,235574010570,43290,43500,43880,590,1.36,44070,780,1.8,43000,44950,1400-5-17,2021-08-08
30,وتجارت,بانك تجارت,7244,196374922,500188916860,2544,2568,2515,-29,-1.14,2547,3,0.12,2500,2573,1400-5-17,2021-08-08
31,خپارس,پارس‌ خودرو,6872,246521723,272000559093,1129,1115,1106,-23,-2.04,1103,-26,-2.3,1088,1133,1400-5-17,2021-08-08
32,كاما,باما,6818,41588957,497357476150,11640,11540,11960,320,2.75,11960,320,2.75,11410,12220,1400-5-17,2021-08-08
33,فاراكح,ح . ماشين‌ سازي‌ اراك‌,6543,178866118,158110016279,827,813,900,73,8.83,884,57,6.89,813,909,1400-5-17,2021-08-08
34,آريا,پليمر آريا ساسول,6477,2336660,253710886810,107431,107431,108294,863,0.8,108578,1147,1.07,105010,110000,1400-5-17,2021-08-08
35,خنصير,مهندسي‌نصيرماشين‌,6281,48089858,619676033290,12330,12940,12940,610,4.95,12890,560,4.54,12160,12940,1400-5-17,2021-08-08
36,شاروم,پتروشيمي اروميه,6273,4235690,66367574823,15429,15156,15650,221,1.43,15669,240,1.56,15010,15928,1400-5-17,2021-08-08
37,هاي وب,داده گسترعصرنوين-هاي وب,6199,34899107,326248073440,9270,9350,9350,80,0.86,9350,80,0.86,9150,9590,1400-5-17,2021-08-08
38,وبصادر,بانك صادرات ايران,5953,137864110,296173537171,2127,2141,2134,7,0.33,2148,21,0.99,2117,2199,1400-5-17,2021-08-08
39,كمند,صندوق س. با درآمد ثابت كمند,5947,236721773,2369993431028,10006,10011,10012,6,0.06,10012,6,0.06,10011,10013,1400-5-17,2021-08-08
40,ذوب,سهامي ذوب آهن  اصفهان,5741,86202206,359597080857,4184,4150,4149,-35,-0.84,4172,-12,-0.29,4120,4250,1400-5-17,2021-08-08
41,كزغال,زغال سنگ پروده طبس,5431,3178466,117484643378,36911,36010,37010,99,0.27,36963,52,0.14,36010,37500,1400-5-17,2021-08-08
42,وپارس,بانك‌پارسيان‌,5421,106385974,287229418119,2784,2724,2705,-79,-2.84,2700,-84,-3.02,2655,2797,1400-5-17,2021-08-08
43,زملارد,كشاورزي و دامپروري ملارد شير,5396,1327472,38079144003,28664,28210,29021,357,1.25,28685,21,0.07,27700,29220,1400-5-17,2021-08-08
44,وغدير,سرمايه‌گذاري‌غدير(هلدينگ‌,5381,34135532,513593132250,14890,14680,14910,20,0.13,15050,160,1.07,14620,15260,1400-5-17,2021-08-08
45,سيتا,سرمايه گذاري سيمان تامين,5333,11157862,164712667290,14350,14230,14940,590,4.11,14760,410,2.86,14040,15040,1400-5-17,2021-08-08
46,غزر,صنعتي زر ماكارون,5287,2080525,46814249500,22420,22400,22510,90,0.4,22500,80,0.36,22260,22870,1400-5-17,2021-08-08
47,وكبهمن,مديريت سرمايه گذاري كوثربهمن,5145,2730257,30469884584,10832,11257,11190,358,3.31,11160,328,3.03,10899,11257,1400-5-17,2021-08-08
48,رافزا,رايان هم افزا,5112,774026,59525970857,75001,75000,76900,1899,2.53,76904,1903,2.54,75000,78660,1400-5-17,2021-08-08
49,وسپهر,سرمايه گذاري مالي سپهرصادرات,4907,11646304,108545245359,9321,9320,9320,-1,-0.01,9320,-1,-0.01,9320,9323,1400-5-17,2021-08-08
50,شلعاب,لعابيران‌,4857,26487156,213391273460,8410,8200,8130,-280,-3.33,8060,-350,-4.16,7990,8360,1400-5-17,2021-08-08
51,شگويا,پتروشيمي تندگويان,4747,18615988,211172608145,11437,11188,11330,-107,-0.94,11344,-93,-0.81,11188,11506,1400-5-17,2021-08-08
52,وخارزم,سرمايه گذاري خوارزمي,4616,38995149,231629191360,6050,6090,5920,-130,-2.15,5940,-110,-1.82,5800,6090,1400-5-17,2021-08-08
53,حكشتي,كشتيراني جمهوري اسلامي ايران,4570,19107560,305967853300,16310,16310,16100,-210,-1.29,16010,-300,-1.84,15710,16310,1400-5-17,2021-08-08
54,بگيلان,توسعه مسير برق گيلان,4495,1510924,29813569985,19202,19020,20162,960,5,19668,466,2.43,18901,20162,1400-5-17,2021-08-08
55,امين يكم,صندوق درآمد ثابت امين يكم فردا,4324,412287417,4147443970162,10056,10063,10059,3,0.03,10060,4,0.04,10055,10065,1400-5-17,2021-08-08
56,غگلستا,شير پاستوريزه پگاه گلستان,4290,23307413,491492043479,21839,22750,20748,-1091,-5,21087,-752,-3.44,20748,22750,1400-5-17,2021-08-08
57,خصدرا,صنعتي‌ دريايي‌ ايران‌,4263,93921099,262432028963,2827,2880,2750,-77,-2.72,2794,-33,-1.17,2743,2890,1400-5-17,2021-08-08
58,فجر,فولاد اميركبيركاشان,4192,8292687,245265977330,29280,29850,29900,620,2.12,29580,300,1.02,28850,30250,1400-5-17,2021-08-08
59,ثشرق,سرمايه گذاري مسكن شمال شرق,4162,33513097,175261171370,5200,5060,5380,180,3.46,5230,30,0.58,5060,5390,1400-5-17,2021-08-08
60,آبادا,توليد نيروي برق آبادان,4124,2647636,31790075560,11870,11310,12030,160,1.35,12010,140,1.18,11310,12220,1400-5-17,2021-08-08
61,شاراك,پتروشيمي شازند,4119,13390419,499561671050,37410,36500,37280,-130,-0.35,37310,-100,-0.27,36500,37890,1400-5-17,2021-08-08
62,ولپارس,ليزينگ پارسيان,4004,3311187,13261634471,4006,3962,4010,4,0.1,4005,-1,-0.02,3961,4079,1400-5-17,2021-08-08
63,چكاپا,گروه صنايع كاغذ پارس,3934,39020405,144692177764,3717,3600,3698,-19,-0.51,3708,-9,-0.24,3600,3819,1400-5-17,2021-08-08
64,فروي,ذوب روي اصفهان,3791,5908556,188005657651,31714,31300,32000,286,0.9,31819,105,0.33,31264,32700,1400-5-17,2021-08-08
65,بپيوند,برق و انرژي پيوندگستر پارس,3712,2408109,26854942750,10975,10630,11041,66,0.6,11152,177,1.61,10630,11310,1400-5-17,2021-08-08
66,غگل,گلوكوزان‌,3655,42970016,164192746549,3720,3740,3800,80,2.15,3821,101,2.72,3690,3900,1400-5-17,2021-08-08
67,غويتا,ويتانا,3611,17887945,148233915028,8679,8530,8263,-416,-4.79,8287,-392,-4.52,8246,8600,1400-5-17,2021-08-08
68,غفارس,شير پاستوريزه پگاه فارس,3439,15060343,226792059139,15652,14870,15630,-22,-0.14,15059,-593,-3.79,14870,15630,1400-5-17,2021-08-08
69,ثبهساز,بهساز كاشانه تهران,3422,17578264,41607750888,2255,2367,2367,112,4.97,2367,112,4.97,2367,2367,1400-5-17,2021-08-08
70,خبهمن,گروه‌بهمن‌,3359,138079113,191171840541,1385,1399,1375,-10,-0.72,1385,0,0,1365,1415,1400-5-17,2021-08-08
71,لكما,كارخانجات‌مخابراتي‌ايران‌,3356,55609372,82142497828,1491,1530,1470,-21,-1.41,1477,-14,-0.94,1447,1530,1400-5-17,2021-08-08
72,كلر,كلر پارس,3338,2315631,260242628653,107425,110000,112796,5371,5,112385,4960,4.62,109000,112796,1400-5-17,2021-08-08
73,ميدكوح,ح.توسعه م وص.معدني خاورميانه,3306,6046996,253118201660,42110,42110,41810,-300,-0.71,41860,-250,-0.59,38660,42130,1400-5-17,2021-08-08
74,امين,تامين سرمايه امين,3279,2261494,17287866690,7630,7660,7650,20,0.26,7640,10,0.13,7610,7660,1400-5-17,2021-08-08
75,ونوين,بانك‌اقتصادنوين‌,3269,54303964,275943900801,5001,5040,5049,48,0.96,5081,80,1.6,4931,5188,1400-5-17,2021-08-08
76,شفن,پتروشيمي فناوران,3264,683565,265898075080,383540,379000,393650,10110,2.64,388990,5450,1.42,373000,399900,1400-5-17,2021-08-08
77,وسخوز,شركت س استان خوزستان,3221,200604749,125979782372,599,628,628,29,4.84,628,29,4.84,628,628,1400-5-17,2021-08-08
78,ومعادن,توسعه‌معادن‌وفلزات‌,3111,23801617,284357398770,12110,11820,12000,-110,-0.91,11950,-160,-1.32,11820,12090,1400-5-17,2021-08-08
79,تاپيكو,س. نفت و گاز و پتروشيمي تأمين,3092,19288027,294486441180,15310,15150,15140,-170,-1.11,15270,-40,-0.26,14830,15530,1400-5-17,2021-08-08
80,خزر,فنرسازي‌زر,3086,13783003,228481005260,15910,15910,16700,790,4.97,16580,670,4.21,15800,16700,1400-5-17,2021-08-08
81,فاراك,ماشين‌ سازي‌ اراك‌,3041,99970161,192155791720,1848,1807,1940,92,4.98,1922,74,4,1807,1940,1400-5-17,2021-08-08
82,وپويا,سرمايه گذاري پويا,3033,8485997,37362568180,4391,4395,4418,27,0.61,4403,12,0.27,4350,4430,1400-5-17,2021-08-08
83,وسكرمان,س.سهام عدالت استان كرمان,3025,229160693,146204347420,608,638,638,30,4.93,638,30,4.93,636,638,1400-5-17,2021-08-08
84,ميدكو,توسعه معادن وص.معدني خاورميانه,3013,8686717,371741433000,42780,42780,42810,30,0.07,42790,10,0.02,41110,43600,1400-5-17,2021-08-08
85,وگستر,گسترش سرمايه گذاري ايرانيان,2895,16243351,185928726034,11105,10950,11660,555,5,11446,341,3.07,10800,11660,1400-5-17,2021-08-08
86,فزرين,زرين معدن آسيا,2890,9167391,148796881376,15867,15450,16660,793,5,16231,364,2.29,15450,16660,1400-5-17,2021-08-08
87,تپمپي,پمپ‌ سازي‌ ايران‌,2857,16262978,246616836530,14480,15200,15200,720,4.97,15160,680,4.7,14700,15200,1400-5-17,2021-08-08
88,ثشاهد,سرمايه‌ گذاري‌ شاهد,2840,8747479,124485968950,13890,14360,14150,260,1.87,14230,340,2.45,13850,14500,1400-5-17,2021-08-08
89,ثفارس,عمران‌وتوسعه‌فارس‌,2745,36318740,256122376460,7020,7000,7220,200,2.85,7050,30,0.43,6800,7230,1400-5-17,2021-08-08
90,غالبر,لبنيات‌ كالبر,2710,11630179,139446258870,12450,11950,12150,-300,-2.41,11990,-460,-3.69,11830,12380,1400-5-17,2021-08-08
91,شبريز,پالايش نفت تبريز,2691,14051138,520248203510,35530,35790,37300,1770,4.98,37030,1500,4.22,35150,37300,1400-5-17,2021-08-08
92,اپال,فرآوري معدني اپال كاني پارس,2670,4303771,95504609070,22330,22210,22150,-180,-0.81,22220,-110,-0.49,22150,22220,1400-5-17,2021-08-08
93,صبا,سرمايه گذاري صبا تامين,2648,8949628,77645493075,8740,8700,8655,-85,-0.97,8698,-42,-0.48,8584,8781,1400-5-17,2021-08-08
94,شتوكا,توكا رنگ فولاد سپاهان,2559,4001672,145352826665,36263,34600,37300,1037,2.86,36323,60,0.17,34450,37619,1400-5-17,2021-08-08
95,فاذر,صنايع‌ آذرآب‌,2516,98559879,125470994420,1224,1239,1285,61,4.98,1273,49,4,1235,1285,1400-5-17,2021-08-08
96,پيزد,مجتمع صنايع لاستيك يزد,2509,595584,42466301695,71894,71078,70730,-1164,-1.62,71302,-592,-0.82,69200,73200,1400-5-17,2021-08-08
97,كچاد,معدني‌وصنعتي‌چادرملو,2505,5125720,152421207390,29980,29600,29540,-440,-1.47,29740,-240,-0.8,29310,30020,1400-5-17,2021-08-08
98,فخوز,فولاد  خوزستان,2484,14037235,227847410060,16270,16270,16180,-90,-0.55,16230,-40,-0.25,16050,16340,1400-5-17,2021-08-08
99,غگيلا,شيرپاستوريزه پگاه گيلان,2383,5009426,132242074378,25180,26380,26439,1259,5,26399,1219,4.84,25400,26439,1400-5-17,2021-08-08
100,آپ,آسان پرداخت پرشين,2382,35949351,472833234510,12540,13160,13160,620,4.94,13150,610,4.86,12830,13160,1400-5-17,2021-08-08
101,كيان,صندوق س. با درآمد ثابت كيان,2347,20574217,613604120694,29802,29821,29830,28,0.09,29824,22,0.07,29819,29832,1400-5-17,2021-08-08
102,قرن,پديده شيمي قرن,2323,3030176,95779381090,30610,31000,31300,690,2.25,31610,1000,3.27,30750,32140,1400-5-17,2021-08-08
103,وپاسار,بانك  پاسارگاد,2321,38750265,595605496820,15380,15380,15300,-80,-0.52,15370,-10,-0.07,15150,15400,1400-5-17,2021-08-08
104,نطرين,عطرين نخ قم,2308,11485369,94376883730,7978,7761,8376,398,4.99,8217,239,3,7740,8376,1400-5-17,2021-08-08
105,سمگا,گروه سرمايه گذاري ميراث فرهنگي,2288,10351093,284945514318,26499,26820,27280,781,2.95,27528,1029,3.88,26820,27823,1400-5-17,2021-08-08
106,سرو,صندوق س سروسودمند مدبران-سهام,2287,2480501,192929795330,77050,77000,78390,1340,1.74,77780,730,0.95,76100,78940,1400-5-17,2021-08-08
107,غنوش,نوش‌ مازندران‌,2265,3202515,122401224740,37030,37970,38880,1850,5,38220,1190,3.21,36530,38880,1400-5-17,2021-08-08
108,دماوند,توليد نيروي برق دماوند,2247,5070981,123957600219,25008,24991,24495,-513,-2.05,24445,-563,-2.25,24010,25100,1400-5-17,2021-08-08
109,مفاخر,توسعه فناوري اطلاعات خوارزمي,2230,1667394,75113576546,43375,43000,45543,2168,5,45048,1673,3.86,41300,45543,1400-5-17,2021-08-08
110,بنو,بيمه تجارت نو,2204,19287472,263449503672,13188,13299,13497,309,2.34,13659,471,3.57,12778,13847,1400-5-17,2021-08-08
111,فاسمين,كالسيمين‌,2193,13541110,238270388730,16950,16820,17790,840,4.96,17600,650,3.83,16750,17790,1400-5-17,2021-08-08
112,ولغدر,ليزينگ‌خودروغدير,2180,6213003,105074848880,16220,16240,16970,750,4.62,16910,690,4.25,16240,17030,1400-5-17,2021-08-08
113,بترانس,ايران‌ ترانسفو,2162,38723919,85830304919,2215,2247,2210,-5,-0.23,2216,1,0.05,2180,2260,1400-5-17,2021-08-08
114,كگل,معدني و صنعتي گل گهر,2153,7251825,167050187220,22780,22500,23140,360,1.58,23040,260,1.14,22480,23340,1400-5-17,2021-08-08
115,ثنوسا,نوسازي‌وساختمان‌تهران‌,2150,18971401,160875525990,8170,8040,8570,400,4.9,8480,310,3.79,8040,8570,1400-5-17,2021-08-08
116,شسينا,صنايع‌شيميايي‌سينا,2127,1504282,97760901700,68020,67800,65340,-2680,-3.94,64990,-3030,-4.45,64620,68500,1400-5-17,2021-08-08
117,حتايد,تايدواترخاورميانه,2124,5303747,135914189300,26440,25510,26380,-60,-0.23,25630,-810,-3.06,25120,26430,1400-5-17,2021-08-08
118,غسالم,سالمين‌,2103,19821888,68104988821,3343,3350,3510,167,5,3436,93,2.78,3300,3510,1400-5-17,2021-08-08
119,وبانك,سرمايه گذاري گروه توسعه ملي,2035,14996796,130587354680,8760,8610,8700,-60,-0.68,8710,-50,-0.57,8600,8940,1400-5-17,2021-08-08
120,كوير,توليدي فولاد سپيد فراب كوير,2025,7799375,104638500590,13500,13650,13300,-200,-1.48,13420,-80,-0.59,13250,13750,1400-5-17,2021-08-08
121,ولساپا,ليزينگ رايان‌ سايپا,2022,32113616,92346075305,2845,2879,2850,5,0.18,2876,31,1.09,2820,2930,1400-5-17,2021-08-08
122,شفارس,صنايع‌ شيميايي‌ فارس‌,2010,38287735,70689163659,1821,1867,1830,9,0.49,1846,25,1.37,1801,1890,1400-5-17,2021-08-08
123,خاور,ايران خودرو ديزل,2008,13308299,102410454187,7609,7580,7670,61,0.8,7695,86,1.13,7401,7830,1400-5-17,2021-08-08
124,ثاخت,بين‌المللي‌توسعه‌ساختمان,2004,59839592,137730973042,2206,2190,2316,110,4.99,2302,96,4.35,2184,2316,1400-5-17,2021-08-08
125,وسهرمز,شركت س استان هرمزگان,1960,126616394,80274793796,604,634,634,30,4.97,634,30,4.97,634,634,1400-5-17,2021-08-08
126,آگاس,صندوق س.هستي بخش آگاه-س,1958,2519000,207032055492,81326,80813,82600,1274,1.57,82188,862,1.06,80500,82756,1400-5-17,2021-08-08
127,وتوكا,سرمايه‌گذاري‌توكافولاد(هلدينگ,1924,13973900,147705875820,10370,10220,10500,130,1.25,10570,200,1.93,10100,10790,1400-5-17,2021-08-08
128,ولصنم,ليزينگ‌صنعت‌ومعدن‌,1882,13807320,103178977680,7730,7480,7490,-240,-3.1,7470,-260,-3.36,7350,7800,1400-5-17,2021-08-08
129,اعتماد,صندوق س.اعتماد آفرين پارسيان-د,1878,44166450,1677484978980,37962,37980,37983,21,0.06,37981,19,0.05,37980,37985,1400-5-17,2021-08-08
130,فسرب,ملي‌ سرب‌وروي‌ ايران‌,1872,1715254,146899316490,83260,86900,85940,2680,3.22,85640,2380,2.86,83880,86900,1400-5-17,2021-08-08
131,خزاميا,زامياد,1845,17155984,108839683690,6390,6310,6300,-90,-1.41,6340,-50,-0.78,6210,6500,1400-5-17,2021-08-08
132,بجهرم,توسعه مولد نيروگاهي جهرم,1823,28628589,70703393412,2444,2433,2510,66,2.7,2470,26,1.06,2433,2519,1400-5-17,2021-08-08
133,اخابر,مخابرات ايران,1816,10578732,98618057030,9440,9430,9290,-150,-1.59,9340,-100,-1.06,9210,9500,1400-5-17,2021-08-08
134,غپينو,پارس‌ مينو,1815,11901915,58706097680,4980,4940,5030,50,1,4930,-50,-1,4790,5060,1400-5-17,2021-08-08
135,خكار,ايركا پارت صنعت,1796,5956889,89311061710,15450,15490,15080,-370,-2.39,14990,-460,-2.98,14710,15490,1400-5-17,2021-08-08
136,وسرضوي,س.سهام عدالت استان خراسان رضوي,1780,89400197,68488390106,791,752,791,0,0,775,-16,-2.02,752,820,1400-5-17,2021-08-08
137,وتوصا,گروه س توسعه صنعتي ايران,1772,8872301,78005501610,9020,8770,8720,-300,-3.33,8790,-230,-2.55,8700,9060,1400-5-17,2021-08-08
138,تاصيكو,سرمايه گذاري صدرتامين,1765,13694300,160483699490,11590,11790,11710,120,1.04,11720,130,1.12,11410,11950,1400-5-17,2021-08-08
139,وآيند,بانك  آينده,1759,8974343,87053705079,10038,9801,9637,-401,-3.99,9700,-338,-3.37,9637,10000,1400-5-17,2021-08-08
140,كهمدا,شيشه‌ همدان‌,1754,7791352,79398622870,10250,10620,10100,-150,-1.46,10190,-60,-0.59,10000,10620,1400-5-17,2021-08-08
141,حفاري,حفاري شمال,1750,23800825,149437567380,6020,6040,6320,300,4.98,6280,260,4.32,5950,6320,1400-5-17,2021-08-08
142,تسه0004,امتيازتسهيلات مسكن تير1400,1745,40860,25227894393,609536,600044,620000,10464,1.72,617423,7887,1.29,600044,629000,1400-5-17,2021-08-08
143,خودكفا,اقتصادي و خودكفايي آزادگان,1738,7845311,108816988426,13632,13860,14040,408,2.99,13870,238,1.75,13580,14040,1400-5-17,2021-08-08
144,دفاراح,ح . داروسازي‌ فارابي‌,1731,2940984,38277558170,13907,14000,12910,-997,-7.17,13020,-887,-6.38,12720,14000,1400-5-17,2021-08-08
145,دلقما,دارويي‌ لقمان‌,1720,2350093,97123086050,42080,42920,40780,-1300,-3.09,41330,-750,-1.78,40780,42920,1400-5-17,2021-08-08
146,سفار,سيمان‌فارس‌,1700,1684094,162908189560,92180,96780,96760,4580,4.97,96730,4550,4.94,95000,96780,1400-5-17,2021-08-08
147,غصينو,صنعتي مينو,1699,2140502,96452668974,44485,44230,45380,895,2.01,45061,576,1.29,44230,45980,1400-5-17,2021-08-08
148,تملت,تامين سرمايه بانك ملت,1684,11728256,52763101035,4552,4550,4499,-53,-1.16,4499,-53,-1.16,4450,4597,1400-5-17,2021-08-08
149,پتاير,ايران‌ تاير,1675,26099437,72534593956,2752,2780,2790,38,1.38,2779,27,0.98,2723,2809,1400-5-17,2021-08-08
150,غاذر,كشت‌وصنعت‌پياذر,1668,3321646,83138237450,24080,23800,25280,1200,4.98,25030,950,3.95,23400,25280,1400-5-17,2021-08-08
151,رمپنا,گروه مپنا (سهامي عام),1666,9785118,182142649220,17920,18000,18550,630,3.52,18610,690,3.85,17780,18810,1400-5-17,2021-08-08
152,مرقام,ايران‌ارقام‌,1661,8110357,125330228140,14740,15090,15470,730,4.95,15450,710,4.82,14850,15470,1400-5-17,2021-08-08
153,زكوثر,سرمايه گذاري كشاورزي كوثر,1648,4550969,79921961540,16910,17060,17750,840,4.97,17560,650,3.84,17010,17750,1400-5-17,2021-08-08
154,فاهواز,نورد و لوله اهواز,1645,10927502,83587247002,7658,7658,7660,2,0.03,7649,-9,-0.12,7582,7720,1400-5-17,2021-08-08
155,دتوزيع,توزيع دارو پخش,1636,6001956,174484022907,27695,29079,29079,1384,5,29071,1376,4.97,28550,29079,1400-5-17,2021-08-08
156,كگهر,سنگ آهن گهرزمين,1632,5453173,262964636868,48502,48000,47800,-702,-1.45,48222,-280,-0.58,47212,48900,1400-5-17,2021-08-08
157,ورازي,بيمه رازي,1622,54387495,78412453909,1510,1535,1435,-75,-4.97,1442,-68,-4.5,1435,1535,1400-5-17,2021-08-08
158,ثرود,سرمايه‌گذاري مسكن زاينده رود,1616,4389697,72999095365,16756,16300,16700,-56,-0.33,16630,-126,-0.75,16060,17180,1400-5-17,2021-08-08
159,وملي,گروه‌ صنعتي‌ ملي‌ (هلدينگ‌,1602,558012,88107184810,151470,154300,159040,7570,5,157890,6420,4.24,151800,159040,1400-5-17,2021-08-08
160,شيران,س. صنايع‌شيميايي‌ايران,1602,3817119,95767564270,25270,24830,25100,-170,-0.67,25090,-180,-0.71,24830,25480,1400-5-17,2021-08-08
161,سپاها,سيمان‌سپاهان‌,1598,22209053,207844396640,8940,9070,9380,440,4.92,9360,420,4.7,9070,9380,1400-5-17,2021-08-08
162,چافست,افست‌,1578,5810617,83655228940,13790,14260,14470,680,4.93,14400,610,4.42,14070,14470,1400-5-17,2021-08-08
163,شغدير,پتروشيمي غدير,1573,1844812,150642753220,79430,78770,81980,2550,3.21,81660,2230,2.81,77000,82790,1400-5-17,2021-08-08
164,بالاس,مهندسي ساختمان تاسيسات راه آهن,1563,2300717,83753118632,37267,36290,36869,-398,-1.07,36403,-864,-2.32,35404,38130,1400-5-17,2021-08-08
165,زاگرس,پتروشيمي زاگرس,1560,793210,177249449963,226658,223050,225899,-759,-0.33,223458,-3200,-1.41,218800,226658,1400-5-17,2021-08-08
166,شاوان,پالايش نفت لاوان,1539,2820081,285035856479,97292,95000,100300,3008,3.09,101074,3782,3.89,95000,102156,1400-5-17,2021-08-08
167,البرز,بيمه البرز,1533,28540330,77789263721,2747,2690,2713,-34,-1.24,2726,-21,-0.76,2672,2800,1400-5-17,2021-08-08
168,كارين,صندوق س نگين سامان-ثابت,1531,45887527,463276239053,10088,10096,10095,7,0.07,10096,8,0.08,10095,10098,1400-5-17,2021-08-08
169,ماديرا,صنايع ماديران,1529,9555261,70904534451,7544,7360,7425,-119,-1.58,7420,-124,-1.64,7360,7588,1400-5-17,2021-08-08
170,خكاوه,سايپا ديزل,1525,33024948,135760864253,4235,4108,4130,-105,-2.48,4111,-124,-2.93,4108,4200,1400-5-17,2021-08-08
171,كروي,توسعه‌ معادن‌ روي‌ ايران‌,1517,5480766,151681934380,26440,27400,27760,1320,4.99,27680,1240,4.69,26560,27760,1400-5-17,2021-08-08
172,شكبير,پتروشيمي اميركبير,1508,4002521,365736992938,89439,92122,90587,1148,1.28,91377,1938,2.17,89030,92122,1400-5-17,2021-08-08
173,سدور,سيمان‌ دورود,1507,9278058,91538676910,9910,9870,10040,130,1.31,9870,-40,-0.4,9450,10330,1400-5-17,2021-08-08
174,كيميا,معدني كيمياي زنجان گستران,1502,7029608,95305862113,13523,13680,13945,422,3.12,13558,35,0.26,13000,14199,1400-5-17,2021-08-08
175,شپديس,پتروشيمي پرديس,1486,1536498,220690814670,143670,141200,144000,330,0.23,143630,-40,-0.03,141200,145200,1400-5-17,2021-08-08
176,آسيا,بيمه آسيا,1473,25539462,52664501787,2062,2080,2041,-21,-1.02,2062,0,0,2034,2100,1400-5-17,2021-08-08
177,كاذر,فرآورده‌هاي‌نسوزآذر,1462,6397438,100079164910,16300,16000,15500,-800,-4.91,15640,-660,-4.05,15490,16190,1400-5-17,2021-08-08
178,دتوليد,داروسازي توليد دارو,1458,5781864,75392979922,12530,12090,13156,626,5,13040,510,4.07,12090,13156,1400-5-17,2021-08-08
179,فولاي,صنايع فولاد آلياژي يزد,1450,2683834,58317143238,22145,22030,21330,-815,-3.68,21729,-416,-1.88,21100,22600,1400-5-17,2021-08-08
180,وبيمه,سرمايه‌ گذاري‌ صنعت‌ بيمه‌,1449,22398254,41230288570,1781,1800,1860,79,4.44,1841,60,3.37,1758,1870,1400-5-17,2021-08-08
181,پلاست,كارخانجات توليدي پلاستيران,1445,1594897,72748011891,45757,44385,45200,-557,-1.22,45613,-144,-0.31,44385,47129,1400-5-17,2021-08-08
182,وآوا,سرمايه گذاري آوا نوين,1436,7244368,37803766953,5163,5189,5291,128,2.48,5218,55,1.07,5080,5298,1400-5-17,2021-08-08
183,ساربيل,سيمان آرتا اردبيل,1428,1552642,57579244570,36110,36100,37800,1690,4.68,37080,970,2.69,35030,37910,1400-5-17,2021-08-08
184,طلا,صندوق س.پشتوانه طلاي لوتوس,1427,2403772,198585923233,81361,82990,82400,1039,1.28,82614,1253,1.54,82310,83200,1400-5-17,2021-08-08
185,ونيرو,سرمايه‌گذاري‌نيرو,1427,24709662,64508539626,2530,2530,2656,126,4.98,2611,81,3.2,2525,2656,1400-5-17,2021-08-08
186,پاكشو,گروه صنعتي پاكشو,1421,18145844,106368972830,6010,5900,5800,-210,-3.49,5870,-140,-2.33,5730,6000,1400-5-17,2021-08-08
187,ساوه,سيمان ساوه,1405,615080,37756450029,59476,60800,61300,1824,3.07,61385,1909,3.21,58301,62280,1400-5-17,2021-08-08
188,كسرا,سراميك‌هاي‌صنعتي‌اردكان‌,1393,5495004,88699957380,15490,16200,16010,520,3.36,16140,650,4.2,15810,16260,1400-5-17,2021-08-08
189,شپترو,پتروشيمي آبادان,1393,25727025,117036962597,4651,4530,4562,-89,-1.91,4549,-102,-2.19,4512,4645,1400-5-17,2021-08-08
190,ثعمرا,عمران و توسعه شاهد,1380,6307339,60071446792,9660,9690,9460,-200,-2.07,9524,-136,-1.41,9200,9785,1400-5-17,2021-08-08
191,دعبيد,لابراتوارداروسازي‌  دكترعبيدي‌,1378,3559995,90233471090,24590,24670,25810,1220,4.96,25350,760,3.09,24590,25810,1400-5-17,2021-08-08
192,شجم,صنايع پتروشيمي تخت جمشيد,1377,30746120,374723238208,12053,11692,12414,361,3,12188,135,1.12,11692,12414,1400-5-17,2021-08-08
193,وايران,ليزينگ ايرانيان,1366,8550695,59758302760,7280,7260,7070,-210,-2.88,6990,-290,-3.98,6920,7260,1400-5-17,2021-08-08
194,غشهداب,كشت و صنعت شهداب ناب خراسان,1359,16054949,53872009396,3390,3231,3393,3,0.09,3355,-35,-1.03,3231,3400,1400-5-17,2021-08-08
195,ثمسكن,سرمايه‌گذاري‌ مسكن‌,1352,34037623,166320595778,4660,4705,4893,233,5,4886,226,4.85,4705,4893,1400-5-17,2021-08-08
196,دسانكو,داروسازي سبحان انكولوژي,1351,7893399,96677821733,11710,12290,12295,585,5,12248,538,4.59,11950,12295,1400-5-17,2021-08-08
197,دفارا,داروسازي‌ فارابي‌,1336,3117032,53237563440,17960,17550,17070,-890,-4.96,17080,-880,-4.9,17070,17550,1400-5-17,2021-08-08
198,خمحركه,نيرو محركه‌,1330,15765125,60316660380,3876,3811,3820,-56,-1.44,3826,-50,-1.29,3770,3911,1400-5-17,2021-08-08
199,بكهنوج,توليد برق ماهتاب كهنوج,1326,32686633,59797194343,1828,1869,1811,-17,-0.93,1829,1,0.05,1781,1869,1400-5-17,2021-08-08
200,حسير,ريل سير كوثر,1323,4192904,105734728694,25014,25100,25500,486,1.94,25218,204,0.82,24800,25760,1400-5-17,2021-08-08
201,قشكر,شكرشاهرود,1317,28085205,90093916727,3074,3020,3227,153,4.98,3208,134,4.36,3020,3227,1400-5-17,2021-08-08
202,سمازن,سيمان‌مازندران‌,1304,8841788,132083656030,14370,14370,15080,710,4.94,14940,570,3.97,14370,15080,1400-5-17,2021-08-08
203,سصوفي,سيمان‌ صوفيان‌,1303,4622433,91314201260,19060,19000,19430,370,1.94,19750,690,3.62,18700,20010,1400-5-17,2021-08-08
204,ختور,رادياتور ايران‌,1303,2958251,53689510540,18050,18050,18100,50,0.28,18150,100,0.55,17600,18580,1400-5-17,2021-08-08
205,كپارس,كاشي‌ پارس‌,1300,853384,87994954130,98570,101000,103490,4920,4.99,103110,4540,4.61,98120,103490,1400-5-17,2021-08-08
206,حآسا,آسيا سير ارس,1299,2782623,64775153592,22280,22990,23394,1114,5,23278,998,4.48,22540,23394,1400-5-17,2021-08-08
207,فباهنر,مس‌ شهيدباهنر,1288,2438221,64551716750,26400,26750,26150,-250,-0.95,26470,70,0.27,26000,27050,1400-5-17,2021-08-08
208,كبافق,معادن‌ بافق‌,1276,1514985,56107148430,36140,37400,37400,1260,3.49,37030,890,2.46,36000,37800,1400-5-17,2021-08-08
209,حفارس,حمل و نقل بين المللي خليج فارس,1274,16651854,54048763514,3129,3150,3285,156,4.99,3246,117,3.74,3100,3285,1400-5-17,2021-08-08
210,وهور,مديريت انرژي اميد  تابان هور,1269,32944283,50955219777,1546,1539,1550,4,0.26,1547,1,0.06,1530,1579,1400-5-17,2021-08-08
211,زكشت,كشاورزي مكانيزه اصفهان كشت,1265,1806509,45552269447,24728,23600,25964,1236,5,25216,488,1.97,23492,25964,1400-5-17,2021-08-08
212,كاوه,فولاد كاوه جنوب كيش,1264,7839085,147606489080,18800,18950,18850,50,0.27,18830,30,0.16,18570,18950,1400-5-17,2021-08-08
213,قرنح,ح . پديده شيمي قرن,1263,2011598,49472202580,24230,24180,24300,70,0.29,24590,360,1.49,24180,25290,1400-5-17,2021-08-08
214,شصدف,صنعتي دوده فام,1258,1630851,73660647117,43017,45167,45167,2150,5,45167,2150,5,45167,45167,1400-5-17,2021-08-08
215,ونيكي,سرمايه‌گذاري‌ ملي‌ايران‌,1247,7070286,71611346710,10230,10130,10130,-100,-0.98,10130,-100,-0.98,9910,10330,1400-5-17,2021-08-08
216,غشان,شيرپاستوريزه‌پگاه‌خراسان‌,1245,12682134,80239968410,6460,6460,6620,160,2.48,6330,-130,-2.01,6140,6700,1400-5-17,2021-08-08
217,فوكا,فولاد كاويان,1245,9796094,157139928026,15796,16040,16048,252,1.6,16041,245,1.55,15800,16268,1400-5-17,2021-08-08
218,وپست,پست بانك ايران,1244,2747903,56174129880,21100,21270,20500,-600,-2.84,20440,-660,-3.13,20170,21270,1400-5-17,2021-08-08
219,وليز,ليزينگ‌ايران‌,1242,11745443,64292854210,5240,5310,5500,260,4.96,5470,230,4.39,5310,5500,1400-5-17,2021-08-08
220,واحيا,م .صنايع و معادن احياء سپاهان,1232,1468704,301486817880,200069,200000,205001,4932,2.47,205274,5205,2.6,195010,206071,1400-5-17,2021-08-08
221,كسرام,پارس‌ سرام‌,1228,8718629,57738371390,6660,6500,6740,80,1.2,6620,-40,-0.6,6450,6820,1400-5-17,2021-08-08
222,نمرينو,ايران‌ مرينوس‌,1218,1222454,143957933220,112500,118120,118120,5620,5,117760,5260,4.68,112520,118120,1400-5-17,2021-08-08
223,كرماشا,صنايع پتروشيمي كرمانشاه,1208,3189595,138364697820,43900,43770,42880,-1020,-2.32,43380,-520,-1.18,42620,44300,1400-5-17,2021-08-08
224,سيمرغ,سيمرغ,1203,5540135,95277979090,16630,17000,17460,830,4.99,17200,570,3.43,16670,17460,1400-5-17,2021-08-08
225,خمهر,مهركام‌پارس‌,1202,22988496,51175212020,2292,2233,2235,-57,-2.49,2226,-66,-2.88,2180,2297,1400-5-17,2021-08-08
226,غچين,كشت‌ و صنعت‌ چين‌ چين,1200,4486134,83970950380,18110,17580,18580,470,2.6,18720,610,3.37,17580,18900,1400-5-17,2021-08-08
227,شلرد,كود شيميايي اوره لردگان,1198,10058034,82460372725,8216,8135,8200,-16,-0.19,8198,-18,-0.22,8030,8300,1400-5-17,2021-08-08
228,سشرق,سيمان‌ شرق‌,1197,15344988,132105229350,8240,8330,8650,410,4.98,8610,370,4.49,8200,8650,1400-5-17,2021-08-08
229,تبرك,گروه كارخانجات صنعتي تبرك,1191,2587747,34986821378,13732,13850,13450,-282,-2.05,13520,-212,-1.54,13250,13850,1400-5-17,2021-08-08
230,والبر,سرمايه‌ گذاري‌ البرز(هلدينگ‌,1191,8194546,78010315460,9190,9190,9640,450,4.9,9520,330,3.59,9010,9640,1400-5-17,2021-08-08
231,آريان,سرمايه گذاري پارس آريان,1186,14926591,235138952060,15741,15719,15850,109,0.69,15753,12,0.08,15390,15969,1400-5-17,2021-08-08
232,وآذر,سرمايه‌گذاري‌توسعه‌آذربايجان‌,1184,1323326,99779938230,72130,74290,75730,3600,4.99,75400,3270,4.53,72500,75730,1400-5-17,2021-08-08
233,سبزوا,سيمان لار سبزوار,1178,14158874,48179470299,3309,3300,3397,88,2.66,3403,94,2.84,3210,3454,1400-5-17,2021-08-08
234,چدن,توليدي چدن سازان,1170,13697883,54607973490,3966,3902,4000,34,0.86,3987,21,0.53,3902,4050,1400-5-17,2021-08-08
235,پارسان,گسترش نفت و گاز پارسيان,1170,5665333,158043623950,27550,27500,28000,450,1.63,27900,350,1.27,27010,28400,1400-5-17,2021-08-08
236,كوثر,بيمه كوثر,1164,5612866,76382039214,12990,13375,13639,649,5,13608,618,4.76,13374,13639,1400-5-17,2021-08-08
237,ديران,ايران‌دارو,1158,3242764,61272619850,18990,19390,18700,-290,-1.53,18900,-90,-0.47,18300,19390,1400-5-17,2021-08-08
238,قنيشا,قند  نيشابور,1157,987687,57814497010,57110,58990,58470,1360,2.38,58540,1430,2.5,57900,58990,1400-5-17,2021-08-08
239,شراز,پالايش نفت شيراز,1148,1652552,183094909954,105974,109180,111208,5234,4.94,110795,4821,4.55,104000,111272,1400-5-17,2021-08-08
240,تليسه,دامداري تليسه نمونه,1139,13229786,43099136991,3272,3203,3259,-13,-0.4,3258,-14,-0.43,3203,3300,1400-5-17,2021-08-08
241,وامين,س. امين توان آفرين ساز,1139,54504640,698040924480,1000,12807,12807,11807,1180.7,12807,11807,1180.7,12807,12807,1400-5-17,2021-08-08
242,وسكرشا,س.سهام عدالت استان كرمانشاه,1128,54704642,44576955907,777,815,815,38,4.89,815,38,4.89,800,815,1400-5-17,2021-08-08
243,كاردان,صندوق س تجارت شاخصي كاردان,1108,597350,119287815970,195760,198000,200490,4730,2.42,199700,3940,2.01,196000,200990,1400-5-17,2021-08-08
244,پاسا,ايران‌ياساتايرورابر,1107,5163367,106396937130,19990,20120,20630,640,3.2,20610,620,3.1,20120,20930,1400-5-17,2021-08-08
245,وصنعت,سرمايه گذاري توسعه صنعت وتجارت,1103,7523707,39834332680,5310,5310,5300,-10,-0.19,5290,-20,-0.38,5220,5380,1400-5-17,2021-08-08
246,بكام,كارخانجات توليدي شهيد قندي,1097,14774532,38178587417,2557,2557,2628,71,2.78,2584,27,1.06,2511,2647,1400-5-17,2021-08-08
247,وفتخار,سرمايه گذاري افتخار سهام,1094,2180948,12110804244,1000,5553,5553,4553,455.3,5553,4553,455.3,5553,5553,1400-5-17,2021-08-08
248,سفارس,سيمان فارس و خوزستان,1091,10261396,246296942340,22890,23850,24030,1140,4.98,24000,1110,4.85,23690,24030,1400-5-17,2021-08-08
249,فسپا,گروه‌صنعتي‌سپاهان‌,1087,1743194,73071973480,42650,42820,41970,-680,-1.59,41920,-730,-1.71,41500,42820,1400-5-17,2021-08-08
250,وپترو,سرمايه‌گذاري صنايع پتروشيمي‌,1086,3753956,49437232810,13280,13200,13200,-80,-0.6,13170,-110,-0.83,13010,13420,1400-5-17,2021-08-08
251,ختوقا,قطعات‌ اتومبيل‌ ايران‌,1080,15757004,34254058502,2178,2156,2163,-15,-0.69,2174,-4,-0.18,2138,2210,1400-5-17,2021-08-08
252,غمينو,شركت صنايع غذايي مينو شرق,1077,5503979,41622440263,7354,7299,7721,367,4.99,7562,208,2.83,7070,7721,1400-5-17,2021-08-08
253,شنفت,نفت‌ پارس‌,1076,1173340,69680577310,61360,61710,58300,-3060,-4.99,59390,-1970,-3.21,58300,61720,1400-5-17,2021-08-08
254,وساپا,سرمايه‌گذاري‌ سايپا,1075,12300866,61632126709,5039,4940,5000,-39,-0.77,5010,-29,-0.58,4910,5088,1400-5-17,2021-08-08
255,افق,فروشگاههاي زنجيره اي افق كوروش,1071,969118,59582550720,61020,61000,61000,-20,-0.03,61390,370,0.61,60010,62830,1400-5-17,2021-08-08
256,بشهاب,لامپ‌  پارس‌ شهاب‌,1065,827351,77697016070,90760,93000,95290,4530,4.99,93910,3150,3.47,86600,95290,1400-5-17,2021-08-08
257,هرمز,فولاد هرمزگان جنوب,1058,9392630,143098889353,15186,15160,15324,138,0.91,15235,49,0.32,15010,15393,1400-5-17,2021-08-08
258,وپخشح,ح . داروپخش‌ (هلدينگ‌,1057,1431857,44345923910,2670,30000,31000,28330,1061.05,30970,28300,1059.93,30000,32990,1400-5-17,2021-08-08
259,سبهان,سيمان‌ بهبهان‌,1057,612314,42796422250,68870,70200,69350,480,0.7,69890,1020,1.48,68000,71200,1400-5-17,2021-08-08
260,حتوكا,حمل‌ونقل‌توكا,1051,2685728,50681111610,18700,19060,18870,170,0.91,18870,170,0.91,18300,19310,1400-5-17,2021-08-08
261,دزهراوي,داروسازي‌زهراوي‌,1049,5968871,38629074310,6410,6410,6380,-30,-0.47,6470,60,0.94,6330,6670,1400-5-17,2021-08-08
262,وسينا,بانك سينا,1045,40200302,116302633872,2974,2889,2901,-73,-2.45,2893,-81,-2.72,2830,2950,1400-5-17,2021-08-08
263,زمگسا,كشاورزي‌ ودامپروي‌ مگسال‌,1044,2099278,54230506860,25140,25000,26390,1250,4.97,25830,690,2.74,25000,26390,1400-5-17,2021-08-08
264,زبينا,كشاورزي و دامپروري بينالود,1036,18982390,50403292169,2645,2630,2627,-18,-0.68,2655,10,0.38,2610,2720,1400-5-17,2021-08-08
265,فايرا,آلومينيوم‌ايران‌,1034,5224959,77500158160,15050,14980,14830,-220,-1.46,14830,-220,-1.46,14680,15050,1400-5-17,2021-08-08
266,غگلپا,شير پاستوريزه پگاه گلپايگان,1026,1295626,95023835660,70075,70535,73578,3503,5,73342,3267,4.66,70535,73578,1400-5-17,2021-08-08
267,حبندر,دريايي و کشتيراني خط دريابندر,1022,1961898,72697817695,36024,37104,37089,1065,2.96,37055,1031,2.86,36415,37104,1400-5-17,2021-08-08
268,شپارس,بين‌ المللي‌ محصولات‌  پارس‌,1019,4449029,64241096960,14520,14650,14360,-160,-1.1,14440,-80,-0.55,14120,14750,1400-5-17,2021-08-08
269,ومهان,گروه توسعه مالي مهر آيندگان,1018,4852568,76870402962,15509,15650,15997,488,3.15,15841,332,2.14,15241,16160,1400-5-17,2021-08-08
270,تاپكيش,تجارت الكترونيك پارسيان كيش,1018,3219143,40060667327,12700,12450,12430,-270,-2.13,12445,-255,-2.01,12240,12790,1400-5-17,2021-08-08
271,بپاس,بيمه پاسارگاد,1016,2875269,180805102420,62882,62883,62884,2,0,62883,1,0,62800,62900,1400-5-17,2021-08-08
272,زنگان,صنعت روي زنگان,1010,814399,49132198604,57686,59000,60570,2884,5,60329,2643,4.58,58000,60570,1400-5-17,2021-08-08
273,مداران,داده‌پردازي‌ايران‌,1010,2679357,55989703660,20240,20300,21250,1010,4.99,20900,660,3.26,19490,21250,1400-5-17,2021-08-08
274,ثغرب,شركت سرمايه گذاري مسكن شمالغرب,1002,6468371,35128552231,5266,5155,5529,263,4.99,5431,165,3.13,5151,5529,1400-5-17,2021-08-08
275,كلوند,كاشي‌ الوند,998,2193413,48635734370,22180,21710,22060,-120,-0.54,22170,-10,-0.05,21710,22600,1400-5-17,2021-08-08
276,فولاژ,فولاد آلياژي ايران,994,8783267,160912691110,17770,18290,18220,450,2.53,18320,550,3.1,17990,18400,1400-5-17,2021-08-08
277,شيراز,پتروشيمي‌شيراز,992,1519470,100134947300,67590,64260,65250,-2340,-3.46,65900,-1690,-2.5,64260,67580,1400-5-17,2021-08-08
278,دبالك,مواد اوليه دارويي البرز بالك,987,7053980,110270980679,14900,15200,15645,745,5,15632,732,4.91,15200,15645,1400-5-17,2021-08-08
279,غديس,پاكديس,984,5911828,82351343475,13850,13930,14000,150,1.08,13930,80,0.58,13560,14295,1400-5-17,2021-08-08
280,كفپارس,فرآورده‌هاي‌ نسوز پارس‌,978,11472824,36527675731,3233,3250,3230,-3,-0.09,3184,-49,-1.52,3133,3278,1400-5-17,2021-08-08
281,لابسا,آبسال‌,975,1257509,46199897250,37860,38000,36610,-1250,-3.3,36740,-1120,-2.96,35970,38800,1400-5-17,2021-08-08
282,خشرق,الكتريك‌ خودرو شرق‌,970,6731106,94290784730,13400,13110,14070,670,5,14010,610,4.55,13070,14070,1400-5-17,2021-08-08
283,فنوال,نورد آلومينيوم‌,965,1692915,40604795830,24650,24990,23740,-910,-3.69,23990,-660,-2.68,23600,24990,1400-5-17,2021-08-08
284,خرينگ,رينگ‌سازي‌مشهد,958,1454325,45289497280,29980,30750,31470,1490,4.97,31140,1160,3.87,30030,31470,1400-5-17,2021-08-08
285,فرآور,فرآوري‌موادمعدني‌ايران‌,955,2113654,66110585600,31420,31700,31780,360,1.15,31280,-140,-0.45,30560,31900,1400-5-17,2021-08-08
286,خاذين,سايپاآذين‌,950,16581026,57139125309,3372,3400,3479,107,3.17,3446,74,2.19,3270,3512,1400-5-17,2021-08-08
287,پخش,پخش البرز,945,3462340,80502318519,22179,23287,23287,1108,5,23251,1072,4.83,22810,23287,1400-5-17,2021-08-08
288,آ س پ,آ.س.پ,939,2933389,25755116131,8790,8790,8720,-70,-0.8,8780,-10,-0.11,8533,8920,1400-5-17,2021-08-08
289,ثنور,سرمايه گذاري كوه نور,939,12498758,95969274478,7854,7619,7824,-30,-0.38,7678,-176,-2.24,7619,7940,1400-5-17,2021-08-08
290,غپاك,لبنيات‌ پاك‌,938,2716849,46907373910,17470,17470,17250,-220,-1.26,17270,-200,-1.14,17090,17530,1400-5-17,2021-08-08
291,دانا,بيمه دانا,935,5874075,31033338310,5260,5150,5210,-50,-0.95,5280,20,0.38,5150,5430,1400-5-17,2021-08-08
292,شكلر,نيروكلر,927,1578734,62229526880,38940,38230,40300,1360,3.49,39420,480,1.23,37320,40850,1400-5-17,2021-08-08
293,زشريف,كشت وصنعت شريف آباد,927,3459660,17199859935,4955,4990,4971,16,0.32,4972,17,0.34,4713,5030,1400-5-17,2021-08-08
294,فسازان,غلتك سازان سپاهان,913,2394554,75084154460,30040,30050,31540,1500,4.99,31360,1320,4.39,29760,31540,1400-5-17,2021-08-08
295,وخاور,بانك خاورميانه,911,14330076,92477570290,6240,6330,6550,310,4.97,6450,210,3.37,6320,6550,1400-5-17,2021-08-08
296,قاسم,قاسم ايران,909,3106173,26673305010,8503,8577,8780,277,3.26,8587,84,0.99,8301,8869,1400-5-17,2021-08-08
297,خكمك,كمك‌فنرايندامين‌,907,2516960,42887151480,16640,16640,17300,660,3.97,17040,400,2.4,16220,17470,1400-5-17,2021-08-08
298,سشمال,سيمان‌ شمال‌,901,4554391,47962993870,10050,10450,10550,500,4.98,10530,480,4.78,10180,10550,1400-5-17,2021-08-08
299,ضخود7075,اختيارخ خودرو-2000-1400/07/07,901,37137,9029742000,263,250,240,-23,-8.75,243,-20,-7.6,239,260,1400-5-17,2021-08-08
300,وشهر,بانك شهر,886,9077664,56709621100,6411,6425,6155,-256,-3.99,6247,-164,-2.56,6155,6425,1400-5-17,2021-08-08
301,خفنر,فنرسازي‌خاور,877,5076290,40170982120,8050,7860,8000,-50,-0.62,7910,-140,-1.74,7700,8200,1400-5-17,2021-08-08
302,درهآور,دارويي ره آورد تامين,873,1469273,40922964276,29006,29000,27556,-1450,-5,27853,-1153,-3.98,27556,29000,1400-5-17,2021-08-08
303,مدير,ص.س.مديريت ثروت ص.بازنشستگي-س,872,2834039,27431766237,9774,9700,9660,-114,-1.17,9679,-95,-0.97,9641,9770,1400-5-17,2021-08-08
304,غمارگ,مارگارين‌,865,2371657,64544156430,26150,25450,27450,1300,4.97,27210,1060,4.05,25450,27450,1400-5-17,2021-08-08
305,ارفع,شركت آهن و فولاد ارفع,863,3082227,49304681473,15961,16000,15890,-71,-0.44,15984,23,0.14,15770,16280,1400-5-17,2021-08-08
306,فلامي,لاميران‌,858,1393680,31378930160,22710,22400,23000,290,1.28,22520,-190,-0.84,21830,23200,1400-5-17,2021-08-08
307,سيدكو,سرمايه گذاري توسعه صنايع سيمان,854,6866137,51836727370,7270,7200,7630,360,4.95,7550,280,3.85,7120,7630,1400-5-17,2021-08-08
308,پدرخش,درخشان‌ تهران‌,852,1137770,25685651400,22070,22620,22860,790,3.58,22580,510,2.31,22160,23050,1400-5-17,2021-08-08
309,جم پيلن,پلي پروپيلن جم - جم پيلن,846,611180,63361161700,102040,100010,103100,1060,1.04,103290,1250,1.23,100010,105690,1400-5-17,2021-08-08
310,شفارا,پتروشيمي فارابي,844,13251510,67103403960,5195,5050,5198,3,0.06,5064,-131,-2.52,5040,5250,1400-5-17,2021-08-08
311,بزاگرس,نيروگاه زاگرس كوثر,841,5421460,24906764287,4565,4520,4686,121,2.65,4594,29,0.64,4487,4688,1400-5-17,2021-08-08
312,ولشرق,ليزينگ ايران و شرق,837,5276995,31348323281,5833,5700,6014,181,3.1,5941,108,1.85,5700,6070,1400-5-17,2021-08-08
313,سخاش,سيمان‌خاش‌,837,508248,61762739820,116140,120840,121940,5800,4.99,121520,5380,4.63,117100,121940,1400-5-17,2021-08-08
314,فجام,جام‌دارو,832,5333185,36405196400,6560,6770,6880,320,4.88,6830,270,4.12,6570,6880,1400-5-17,2021-08-08
315,گكوثر,هتل پارسيان كوثر اصفهان,831,16313000,38474152381,2385,2370,2349,-36,-1.51,2358,-27,-1.13,2314,2419,1400-5-17,2021-08-08
316,كسعدي,كاشي‌ سعدي‌,830,2396920,26333143870,11130,10910,11010,-120,-1.08,10990,-140,-1.26,10850,11210,1400-5-17,2021-08-08
317,ولانا,شركت ليزينگ آريا دانا,825,1527167,38634745194,24722,24990,25463,741,3,25298,576,2.33,23991,25463,1400-5-17,2021-08-08
318,شخارك,پتروشيمي‌ خارك‌,824,1437500,70326082630,49370,49000,49190,-180,-0.36,49050,-320,-0.65,48000,49900,1400-5-17,2021-08-08
319,غپآذر,شير پگاه آذربايجان شرقي,813,687844,33479614503,49199,48010,49190,-9,-0.02,48673,-526,-1.07,47200,50249,1400-5-17,2021-08-08
320,همراه,شركت ارتباطات سيار ايران,811,2725567,24502911980,9210,9120,9060,-150,-1.63,9160,-50,-0.54,8900,9120,1400-5-17,2021-08-08
321,دجابر,داروسازي‌ جابرابن‌حيان‌,806,2570073,31285013770,11770,11980,12350,580,4.93,12170,400,3.4,11900,12350,1400-5-17,2021-08-08
322,وسكاب,س.ص.بازنشستگي كاركنان بانكها,799,16490014,47881206434,2806,2899,2900,94,3.35,2904,98,3.49,2860,2950,1400-5-17,2021-08-08
323,ساراب,سيمان‌ داراب‌,795,4023482,72660018770,18030,18450,18060,30,0.17,18060,30,0.17,17780,18500,1400-5-17,2021-08-08
324,تكنار,مجتمع معادن مس تكنار,795,287860,24982045599,89225,86549,87800,-1425,-1.6,86785,-2440,-2.73,86549,89500,1400-5-17,2021-08-08
325,نوين,بيمه نوين,783,5992344,32222074600,5349,5400,5346,-3,-0.06,5377,28,0.52,5260,5440,1400-5-17,2021-08-08
326,رنيك,جنرال مكانيك,780,1476273,25019773971,16589,16800,17170,581,3.5,16948,359,2.16,16160,17260,1400-5-17,2021-08-08
327,زدشت,كشت و صنعت دشت خرم دره,778,1491316,29343021391,19336,19900,19790,454,2.35,19676,340,1.76,19200,19900,1400-5-17,2021-08-08
328,فاما,صنعتي‌ آما,777,2201469,37277202280,16440,16100,17260,820,4.99,16930,490,2.98,16100,17260,1400-5-17,2021-08-08
329,وساخت,سرمايه‌ گذاري‌ ساختمان‌ايران‌,776,690303,34053351170,49550,50000,48980,-570,-1.15,49330,-220,-0.44,48960,50350,1400-5-17,2021-08-08
330,ودي,بيمه  دي,775,5042540,44996134025,8799,8800,9000,201,2.28,8923,124,1.41,8799,9000,1400-5-17,2021-08-08
331,سيلام,سيمان‌ ايلام‌,771,4854673,40458987920,8140,8100,8460,320,3.93,8330,190,2.33,8030,8500,1400-5-17,2021-08-08
332,پلاسك,پلاسكوكار,767,4703337,29812452740,6430,6300,6290,-140,-2.18,6340,-90,-1.4,6230,6490,1400-5-17,2021-08-08
333,ريشمك,توليد و صادرات ريشمك,764,914506,38283928919,42734,41901,42479,-255,-0.6,41863,-871,-2.04,40754,42500,1400-5-17,2021-08-08
334,دشيمي,شيمي‌ داروئي‌ داروپخش‌,761,1773860,44495211930,24100,24340,25300,1200,4.98,25080,980,4.07,24340,25300,1400-5-17,2021-08-08
335,ومعلم,بيمه معلم,756,4430799,16571422244,3834,3800,3720,-114,-2.97,3740,-94,-2.45,3704,3889,1400-5-17,2021-08-08
336,دابور,داروسازي‌ ابوريحان‌,754,881299,23014682900,26010,26270,26340,330,1.27,26110,100,0.38,25640,26480,1400-5-17,2021-08-08
337,اتكاي,بيمه اتكايي ايرانيان,753,3487993,32280150113,9186,9300,9370,184,2,9255,69,0.75,9000,9435,1400-5-17,2021-08-08
338,جم,پتروشيمي جم,751,1450575,65772083920,45520,45510,45530,10,0.02,45400,-120,-0.26,44520,45600,1400-5-17,2021-08-08
339,غمهرا,توليدي‌مهرام‌,751,959878,60864830010,60690,60050,63720,3030,4.99,63410,2720,4.48,60050,63720,1400-5-17,2021-08-08
340,دتوليدح,ح. داروسازي توليد دارو,748,2101297,19621589971,9036,8830,9487,451,4.99,9338,302,3.34,8830,9487,1400-5-17,2021-08-08
341,خوساز,محورسازان‌ايران‌خودرو,740,5685765,43684499260,7560,7590,7730,170,2.25,7680,120,1.59,7300,7900,1400-5-17,2021-08-08
342,تسه0003,امتيازتسهيلات مسكن خرداد1400,738,11272,6966084773,608097,607000,630000,21903,3.6,617999,9902,1.63,600000,630000,1400-5-17,2021-08-08
343,فپنتا,سپنتا,731,58226,25526975180,444050,423000,445000,950,0.21,438410,-5640,-1.27,423000,454000,1400-5-17,2021-08-08
344,سخوز,سيمان خوزستان,721,1598391,41985480680,25150,25300,26360,1210,4.81,26270,1120,4.45,25300,26400,1400-5-17,2021-08-08
345,والبرح,ح . سرمايه گذاري‌البرز(هلدينگ‌,721,1624592,12778697030,7569,7450,7801,232,3.07,7866,297,3.92,7450,8190,1400-5-17,2021-08-08
346,درازك,دارويي‌ رازك‌,719,1888839,71278230380,36060,35710,37860,1800,4.99,37740,1680,4.66,35710,37860,1400-5-17,2021-08-08
347,ثپرديس,سرمايه گذاري مسكن پرديس,719,6466636,33683640521,5006,5134,5256,250,4.99,5209,203,4.06,4921,5256,1400-5-17,2021-08-08
348,وثوق,سرمايه گذاري وثوق امين,718,2456104,42404704062,17570,17570,17106,-464,-2.64,17265,-305,-1.74,17043,17745,1400-5-17,2021-08-08
349,شبهرن,نفت‌ بهران‌,718,1962241,26740298390,13700,13360,13560,-140,-1.02,13670,-30,-0.22,13360,13850,1400-5-17,2021-08-08
350,وصندوق,سرمايه‌گذاري‌صندوق‌بازنشستگي‌,714,4809441,83919143220,17470,17000,17460,-10,-0.06,17450,-20,-0.11,17000,17770,1400-5-17,2021-08-08
351,ثامان,سامان‌ گستراصفهان‌,712,1620842,21020262470,12980,12390,13190,210,1.62,12970,-10,-0.08,12390,13260,1400-5-17,2021-08-08
352,ونفت,سرمايه‌گذاري‌ صنعت‌ نفت‌,709,3103996,50794550210,16070,16000,16140,70,0.44,16360,290,1.8,15470,16790,1400-5-17,2021-08-08
353,توريل,توكاريل,708,1763408,24012643163,13171,13002,13740,569,4.32,13617,446,3.39,13002,13740,1400-5-17,2021-08-08
354,ساروم,سيمان‌اروميه‌,707,1757803,70050824950,38310,40140,39400,1090,2.85,39850,1540,4.02,39010,40150,1400-5-17,2021-08-08
355,جوين,كشت و صنعت جوين,705,7244836,26084195840,3700,3621,3633,-67,-1.81,3600,-100,-2.7,3589,3690,1400-5-17,2021-08-08
356,واميد,گروه مديريت سرمايه گذاري اميد,705,4169000,52825816190,12740,12990,12650,-90,-0.71,12710,-30,-0.24,12170,12990,1400-5-17,2021-08-08
357,ماني,صندوق س. با درآمد ثابت ماني,695,9542715,95427150000,10000,10000,10000,0,0,10000,0,0,10000,10000,1400-5-17,2021-08-08
358,داوه,داروسازي آوه سينا,695,1774544,29302400807,16381,16340,16540,159,0.97,16513,132,0.81,15810,16900,1400-5-17,2021-08-08
359,وبشهر,توسعه‌ صنايع‌ بهشهر(هلدينگ,694,5887266,77367919500,12570,13190,13190,620,4.93,13140,570,4.53,12650,13190,1400-5-17,2021-08-08
360,ثتران,سرمايه گذاري مسكن تهران,694,9623902,31887375807,3194,3263,3353,159,4.98,3313,119,3.73,3109,3353,1400-5-17,2021-08-08
361,حپارسا,توسعه حمل و نقل ريلي پارسيان,693,2140284,75457393354,33960,33960,35658,1698,5,35256,1296,3.82,33060,35658,1400-5-17,2021-08-08
362,ورنا,سرمايه‌گذاري‌ رنا(هلدينگ‌,688,7078850,33102786694,4660,4660,4670,10,0.21,4676,16,0.34,4600,4780,1400-5-17,2021-08-08
363,اطلس,صندوق س.توسعه اندوخته آينده-س,687,258955,64516478022,250457,248001,247500,-2957,-1.18,249142,-1315,-0.53,247000,251000,1400-5-17,2021-08-08
364,سغرب,سيمان‌غرب‌,686,1449033,33407750010,23580,23350,23000,-580,-2.46,23060,-520,-2.21,22720,23400,1400-5-17,2021-08-08
365,آبين,كشت و صنعت آبشيرين,684,12817324,34794113748,2699,2752,2646,-53,-1.96,2715,16,0.59,2646,2752,1400-5-17,2021-08-08
366,سپيدما,صندوق س. سپيد دماوند-د,684,32927287,356302503791,10815,10820,10821,6,0.06,10821,6,0.06,10820,10825,1400-5-17,2021-08-08
367,ستران,سيمان‌ تهران‌,679,2892916,77131510920,25510,25990,26780,1270,4.98,26660,1150,4.51,25590,26780,1400-5-17,2021-08-08
368,دسبحان,سبحان دارو,678,1360322,25030555510,18950,19200,18150,-800,-4.22,18400,-550,-2.9,18050,19200,1400-5-17,2021-08-08
369,بهپاك,صنعتي بهپاك,676,4838408,37095110575,7618,7776,7590,-28,-0.37,7667,49,0.64,7403,7887,1400-5-17,2021-08-08
370,تكمبا,كمباين‌ سازي‌ ايران‌,675,3633005,24083499020,6660,6700,6720,60,0.9,6630,-30,-0.45,6420,6790,1400-5-17,2021-08-08
371,كساپا,سايپاشيشه‌,674,1308323,25244207210,18840,18110,19670,830,4.41,19300,460,2.44,18110,19680,1400-5-17,2021-08-08
372,رانفور,خدمات‌انفورماتيك‌,674,5604655,33254919080,5960,5860,5960,0,0,5950,-10,-0.17,5860,6020,1400-5-17,2021-08-08
373,اپرداز,آتيه داده پرداز,671,1058310,19976731301,18982,19000,18500,-482,-2.54,18876,-106,-0.56,18450,19110,1400-5-17,2021-08-08
374,دكوثر,داروسازي‌ كوثر,656,4211823,18788225578,4585,4460,4434,-151,-3.29,4461,-124,-2.7,4381,4600,1400-5-17,2021-08-08
375,ددام,داروسازي زاگرس فارمد پارس,654,2245415,27238925400,11890,12260,12170,280,2.35,12130,240,2.02,11890,12270,1400-5-17,2021-08-08
376,تكشا,گسترش‌صنايع‌وخدمات‌كشاورزي‌,652,1177189,31876122610,26600,26030,27250,650,2.44,27080,480,1.8,26000,27590,1400-5-17,2021-08-08
377,وصنا,گروه‌صنايع‌بهشهرايران‌,650,12040788,72309958240,5760,5650,6040,280,4.86,6010,250,4.34,5650,6040,1400-5-17,2021-08-08
378,وآرين,شركت توسعه اقتصادي آرين,643,6235289,17089740148,2720,2675,2730,10,0.37,2741,21,0.77,2675,2790,1400-5-17,2021-08-08
379,داسوه,داروسازي‌ اسوه‌,643,930986,26965141840,29470,29320,28640,-830,-2.82,28960,-510,-1.73,28500,30180,1400-5-17,2021-08-08
380,خچرخش,چرخشگر,640,1905805,19421144680,9900,10240,10090,190,1.92,10190,290,2.93,9920,10350,1400-5-17,2021-08-08
381,ياقوت,صندوق س ياقوت آگاه-ثابت,637,18981190,243363338742,12815,12824,12830,15,0.12,12821,6,0.05,12821,12834,1400-5-17,2021-08-08
382,سخزر,سيمان‌ خزر,626,2188768,53629154820,23610,22790,24790,1180,5,24500,890,3.77,22790,24790,1400-5-17,2021-08-08
383,سامان,بانك سامان,622,8849277,81392490261,9167,9370,9089,-78,-0.85,9198,31,0.34,9089,9370,1400-5-17,2021-08-08
384,اميد,تامين سرمايه اميد,620,3751174,19786665440,5230,5270,5280,50,0.96,5270,40,0.76,5060,5410,1400-5-17,2021-08-08
385,فرابورس,فرابورس ايران,618,2429769,52932517665,20748,21785,21785,1037,5,21648,900,4.34,21785,21785,1400-5-17,2021-08-08
386,غبهنوش,بهنوش‌ ايران‌,617,378205,23052436330,59400,60800,61150,1750,2.95,60950,1550,2.61,60000,61900,1400-5-17,2021-08-08
387,بميلا,توسعه بازرگاني آهن وفولادميلاد,616,1871968,25703995849,14133,13710,13754,-379,-2.68,13731,-402,-2.84,13710,14119,1400-5-17,2021-08-08
388,خكرمان,گروه اقتصادي كرمان خودرو,616,9857542,34822746055,3527,3584,3578,51,1.45,3533,6,0.17,3424,3584,1400-5-17,2021-08-08
389,قچار,فراوردههاي غذايي وقند چهارمحال,615,3177929,55336557266,18067,17414,18100,33,0.18,17413,-654,-3.62,17164,18152,1400-5-17,2021-08-08
390,تپولا,مهندسي مرآت پولاد,615,2156575,54055090469,33976,25100,24347,-9629,-28.34,25065,-8911,-26.23,24347,25853,1400-5-17,2021-08-08
391,كالا,بورس كالاي ايران,613,2204653,65081356560,28120,29520,29520,1400,4.98,29520,1400,4.98,29520,29520,1400-5-17,2021-08-08
392,دتماد,توليدمواداوليه‌داروپخش‌,605,894433,42476560600,47920,47650,47500,-420,-0.88,47490,-430,-0.9,46920,48330,1400-5-17,2021-08-08
393,تسه0002,امتيازتسهيلاتمسكن ارديبهشت1400,602,13021,7991821300,609546,581111,620000,10454,1.72,613764,4218,0.69,581111,629870,1400-5-17,2021-08-08
394,پكوير,كوير تاير,600,2337603,32717368000,14030,14110,13890,-140,-1,14000,-30,-0.21,13770,14210,1400-5-17,2021-08-08
395,ركيش,كارت اعتباري ايران كيش,599,4029314,28184401290,7080,7300,6860,-220,-3.11,6990,-90,-1.27,6730,7300,1400-5-17,2021-08-08
396,سكرد,سيمان كردستان,598,2635471,17205238970,6420,6400,6570,150,2.34,6530,110,1.71,6170,6610,1400-5-17,2021-08-08
397,خاهن,آهنگري‌ تراكتورسازي‌ ايران‌,596,3718569,29800234580,7930,7800,8010,80,1.01,8010,80,1.01,7800,8130,1400-5-17,2021-08-08
398,اوان,مبين وان كيش,592,553706,18122425218,32417,31716,33160,743,2.29,32729,312,0.96,31212,33500,1400-5-17,2021-08-08
399,زشگزا,شير و گوشت زاگرس شهركرد,588,2921988,16948757319,5787,5690,5765,-22,-0.38,5800,13,0.22,5690,5890,1400-5-17,2021-08-08
400,بساما,بيمه سامان,587,1019870,26390838930,26989,25821,25670,-1319,-4.89,25877,-1112,-4.12,25640,26711,1400-5-17,2021-08-08
401,كاريس,صندوق س.سپهر كاريزما-س,586,3721564,52089799273,13995,13994,14111,116,0.83,13997,2,0.01,13821,14220,1400-5-17,2021-08-08
402,دشيري,شيرين دارو,584,167906,31757034823,194062,188241,191695,-2367,-1.22,189136,-4926,-2.54,188241,198002,1400-5-17,2021-08-08
403,شرانل,نفت ايرانول,579,1082346,53666140506,49588,49798,50499,911,1.84,49583,-5,-0.01,48020,50500,1400-5-17,2021-08-08
404,قصفها,قنداصفهان‌,578,215912,20012832750,92130,89900,92700,570,0.62,92690,560,0.61,89900,94000,1400-5-17,2021-08-08
405,ولملت,واسپاري ملت,576,6181572,30973338010,5090,5000,4990,-100,-1.96,5010,-80,-1.57,4860,5140,1400-5-17,2021-08-08
406,وساشرقي,شركت س استان آذربايجان شرقي,576,26181420,20008877264,795,756,806,11,1.38,785,-10,-1.26,756,820,1400-5-17,2021-08-08
407,قهكمت,قندهكمتان‌,568,1040399,41289134030,38030,38980,39930,1900,5,39690,1660,4.36,38980,39930,1400-5-17,2021-08-08
408,وبوعلي,سرمايه‌گذاري‌بوعلي‌,567,6319409,25658682753,4064,4095,4061,-3,-0.07,4060,-4,-0.1,4009,4095,1400-5-17,2021-08-08
409,ختراك,ريخته‌گري‌ تراكتورسازي‌ ايران‌,566,2096265,23713325520,11240,11390,11470,230,2.05,11310,70,0.62,11020,11570,1400-5-17,2021-08-08
410,خپويش,سازه‌ پويش‌,562,490891,25786169690,55210,55220,52450,-2760,-5,52530,-2680,-4.85,52450,55990,1400-5-17,2021-08-08
411,سرچشمه,سرمايه گذاري مس سرچشمه,560,3562819,24009414694,6761,6610,6720,-41,-0.61,6739,-22,-0.33,6610,6840,1400-5-17,2021-08-08
412,سمتاز,سيمان ممتازان كرمان,559,1286361,31828527524,25363,24603,24760,-603,-2.38,24743,-620,-2.44,24603,25080,1400-5-17,2021-08-08
413,شبصير,توليدات پتروشيمي قائد بصير,556,544080,49252345766,89466,91800,89580,114,0.13,90524,1058,1.18,88000,91850,1400-5-17,2021-08-08
414,پرداخت,به پرداخت ملت,552,921179,17127969710,19100,18850,18430,-670,-3.51,18710,-390,-2.04,18290,19000,1400-5-17,2021-08-08
415,وسپه,سرمايه‌گذاري‌ سپه‌,549,1776663,15490813090,8820,8560,8820,0,0,8780,-40,-0.45,8560,8850,1400-5-17,2021-08-08
416,هجرت,پخش هجرت,543,1624011,46663327383,27867,27880,28450,583,2.09,28733,866,3.11,27880,29180,1400-5-17,2021-08-08
417,تسه0001,امتيازتسهيلات مسكن فروردين1400,543,12401,7621718108,600106,575050,621000,20894,3.48,614605,14499,2.42,575050,630000,1400-5-17,2021-08-08
418,رتاپ,تجارت الكترونيك  پارسيان,534,3472374,21228846070,6110,6110,6130,20,0.33,6110,0,0,6040,6170,1400-5-17,2021-08-08
419,غبشهر,صنعتي‌ بهشهر,533,1431417,38307278050,26340,25390,26370,30,0.11,26760,420,1.59,25390,27340,1400-5-17,2021-08-08
420,كطبس,ذغال‌سنگ‌ نگين‌ ط‌بس‌,533,911095,47718129070,52760,50550,52120,-640,-1.21,52370,-390,-0.74,50550,53300,1400-5-17,2021-08-08
421,كي بي سي,شركت كي بي سي,529,1263134,32131612441,26194,25000,25300,-894,-3.41,25438,-756,-2.89,24885,26290,1400-5-17,2021-08-08
422,كگاز,شيشه‌ و گاز,528,1630318,29597874290,18410,18870,17800,-610,-3.31,18150,-260,-1.41,17720,18870,1400-5-17,2021-08-08
423,سقاين,سيمان‌ قائن‌,526,312101,20632173640,65210,66500,66120,910,1.4,66110,900,1.38,62200,67980,1400-5-17,2021-08-08
424,شدوص,دوده‌ صنعتي‌ پارس‌,526,1245161,28190185180,22480,22390,22730,250,1.11,22640,160,0.71,22040,23220,1400-5-17,2021-08-08
425,تشتاد,صنايع توليدي اشتاد ايران‌,522,3269619,27119501744,8403,8200,8510,107,1.27,8294,-109,-1.3,8151,8590,1400-5-17,2021-08-08
426,وجامي,سرمايه گذاري جامي,512,2858942,37194258441,12655,12880,12980,325,2.57,13010,355,2.81,12700,13034,1400-5-17,2021-08-08
427,وثنو,سرمايه گذاري ساختماني نوين,512,6620371,29261764969,4307,4387,4436,129,3,4420,113,2.62,4296,4436,1400-5-17,2021-08-08
428,ارزش,صندوق س ارزش آفرين بيدار-سهام,511,4601930,47492974760,10310,10220,10370,60,0.58,10320,10,0.1,10220,10390,1400-5-17,2021-08-08
429,پرديس,سرمايه گذاري پرديس,511,3650275,19446942370,5330,5430,5330,0,0,5330,0,0,5260,5430,1400-5-17,2021-08-08
430,كدما,معدني‌ دماوند,509,139172,37302271160,255270,268030,268030,12760,5,268030,12760,5,268030,268030,1400-5-17,2021-08-08
431,ضخود7077,اختيارخ خودرو-3000-1400/07/07,506,25761,786254000,42,37,29,-13,-30.95,31,-11,-26.19,26,41,1400-5-17,2021-08-08
432,افرا,افرانت,505,504909,12961722666,25334,24612,25899,565,2.23,25625,291,1.15,24601,26490,1400-5-17,2021-08-08
433,فبيرا,بسته‌ بندي‌ ايران‌,503,9024586,19231290060,2069,2131,2131,62,3,2131,62,3,2130,2131,1400-5-17,2021-08-08
434,وسگيلا,شركت س استان گيلان,502,37889847,24696113830,621,652,652,31,4.99,641,20,3.22,623,652,1400-5-17,2021-08-08
435,ومشان,س. فني و مهندسي مشانير,502,236227,17581309040,76504,74209,74209,-2295,-3,74425,-2079,-2.72,74209,76436,1400-5-17,2021-08-08
436,ركيشح,ح. كارت اعتباري ايران كيش,501,4568016,21960542360,5060,5000,4760,-300,-5.93,4810,-250,-4.94,4630,5100,1400-5-17,2021-08-08
437,وملل,اعتباري ملل,498,4252829,52307584171,12495,12330,12201,-294,-2.35,12299,-196,-1.57,12150,12500,1400-5-17,2021-08-08
438,سهرمز,سيمان‌هرمزگان‌,498,992300,16898276100,17160,17380,17040,-120,-0.7,17030,-130,-0.76,16720,17400,1400-5-17,2021-08-08
439,مبين,مبين انرژي خليج فارس,491,2156346,41980504250,19360,19320,19120,-240,-1.24,19400,40,0.21,19120,19700,1400-5-17,2021-08-08
440,خريخت,صنايع‌ريخته‌گري‌ايران‌,487,5518499,16425059425,3053,2930,2920,-133,-4.36,2976,-77,-2.52,2920,3064,1400-5-17,2021-08-08
441,چفيبر,فيبر ايران‌,487,3571371,25590525630,6850,7110,7190,340,4.96,7170,320,4.67,6940,7190,1400-5-17,2021-08-08
442,فسا,پتروشيمي فسا,485,9088634,13426408050,1504,1528,1459,-45,-2.99,1477,-27,-1.8,1459,1548,1400-5-17,2021-08-08
443,سرود,سيمان‌شاهرود,482,1956556,47548848920,24110,24250,25000,890,3.69,24300,190,0.79,23260,25000,1400-5-17,2021-08-08
444,كفرآور,فرآورده هاي سيمان شرق,479,2093206,40799843097,19980,19980,19383,-597,-2.99,19492,-488,-2.44,19381,20000,1400-5-17,2021-08-08
445,فروس,فروسيليس‌ ايران‌,475,6257444,34477568050,5500,5400,5540,40,0.73,5510,10,0.18,5400,5640,1400-5-17,2021-08-08
446,زفكا,كشت و دامداري فكا,475,1183830,13268319882,10826,11120,11298,472,4.36,11161,335,3.09,11002,11339,1400-5-17,2021-08-08
447,شصفها,پتروشيمي‌ اصفهان‌,475,459692,63983320090,137628,140370,138490,862,0.63,139187,1559,1.13,137628,140370,1400-5-17,2021-08-08
448,گنگين,اقتصادي نگين گردشگري ايرانيان,472,4565572,93775039879,20015,20615,20615,600,3,20540,525,2.62,20000,20615,1400-5-17,2021-08-08
449,واعتبار,سرمايه گذاري اعتبار ايران,468,2498947,22564811120,8770,8980,9200,430,4.9,9030,260,2.96,8740,9200,1400-5-17,2021-08-08
450,وبهمن,سرمايه‌گذاري‌بهمن‌,464,1782434,30739533330,17010,17800,17410,400,2.35,17250,240,1.41,16510,17800,1400-5-17,2021-08-08
451,وپسا,س. پتروشيمي ساختمان  خليج فارس,458,5654706,10406885538,1861,1838,1890,29,1.56,1840,-21,-1.13,1824,1890,1400-5-17,2021-08-08
452,كمنگنز,معادن‌منگنزايران‌,456,421585,29901672480,71000,70610,70260,-740,-1.04,70930,-70,-0.1,70070,71870,1400-5-17,2021-08-08
453,كاسپين,داروسازي كاسپين تامين,455,1325095,25525395941,19510,19620,19200,-310,-1.59,19263,-247,-1.27,18883,19872,1400-5-17,2021-08-08
454,رتكو,كنترل‌خوردگي‌تكين‌كو,450,1952200,21643681670,10630,10550,11160,530,4.99,11090,460,4.33,10550,11160,1400-5-17,2021-08-08
455,بموتو,موتوژن‌,446,400248,25630533930,64040,63030,63570,-470,-0.73,64040,0,0,63030,64930,1400-5-17,2021-08-08
456,دامين,داروسازي‌ امين‌,444,5100922,18483059419,3613,3693,3638,25,0.69,3623,10,0.28,3573,3694,1400-5-17,2021-08-08
457,فنورد,نوردوقطعات‌ فولادي‌,441,127096,25249816470,198890,195000,198280,-610,-0.31,198670,-220,-0.11,195000,202950,1400-5-17,2021-08-08
458,عيار,صندوق سكه طلاي مفيد,440,823037,23984932788,28874,29499,29170,296,1.03,29142,268,0.93,28933,29499,1400-5-17,2021-08-08
459,شكربن,كربن‌ ايران‌,438,230348,22282188920,98190,98190,96700,-1490,-1.52,96730,-1460,-1.49,95350,98190,1400-5-17,2021-08-08
460,دلر,داروسازي‌ اكسير,437,1133221,42726535290,37000,37500,37620,620,1.68,37700,700,1.89,37000,38700,1400-5-17,2021-08-08
461,سحرخيز,صندوق س. گروه زعفران سحرخيز,436,1060851,10926605326,9940,9871,10007,67,0.67,10300,360,3.62,9871,10598,1400-5-17,2021-08-08
462,خموتور,موتورسازان‌تراكتورسازي‌ايران‌,434,1416803,13417289050,9420,9700,9420,0,0,9460,40,0.42,9360,9700,1400-5-17,2021-08-08
463,سكرما,سيمان‌ كرمان‌,431,2761253,47679287500,17020,17100,17300,280,1.65,17270,250,1.47,16560,17410,1400-5-17,2021-08-08
464,چكاوه,صنايع‌كاغذسازي‌كاوه‌,430,1070865,14178615570,13020,12800,13350,330,2.53,13230,210,1.61,12800,13540,1400-5-17,2021-08-08
465,افران,صندوق س افرا نماد پايدار-ثابت,425,7867762,109873851532,13957,13967,13966,9,0.06,13965,8,0.06,13964,13968,1400-5-17,2021-08-08
466,خراسان,پتروشيمي خراسان,418,324508,26800190830,82430,82390,81990,-440,-0.53,82500,70,0.08,80010,83400,1400-5-17,2021-08-08
467,وسبحان,سرمايه گذاري سبحان,418,5680789,16630967668,2924,2900,2911,-13,-0.44,2928,4,0.14,2855,2994,1400-5-17,2021-08-08
468,دالبر,البرزدارو,416,1799261,22955723650,12170,12200,12770,600,4.93,12760,590,4.85,12200,12770,1400-5-17,2021-08-08
469,تنوين,تامين سرمايه نوين,414,2889349,18953773190,6620,6500,6640,20,0.3,6590,-30,-0.45,6450,6650,1400-5-17,2021-08-08
470,غشاذر,پگاه‌آذربايجان‌غربي‌,412,1778165,12607986200,7150,7000,7100,-50,-0.7,7100,-50,-0.7,7000,7200,1400-5-17,2021-08-08
471,ساينا,صنايع بهداشتي ساينا,407,190466,17034264012,91759,91000,90399,-1360,-1.48,89435,-2324,-2.53,87173,92000,1400-5-17,2021-08-08
472,وسين,بيمه سينا,406,11904202,40015248375,3441,3338,3402,-39,-1.13,3361,-80,-2.32,3338,3477,1400-5-17,2021-08-08
473,ثجوان,تامين مسكن جوانان,402,1949675,16770665864,8819,8970,8676,-143,-1.62,8602,-217,-2.46,8555,8970,1400-5-17,2021-08-08
474,اعتلا,شركت سرمايه گذاري اعتلاء البرز,400,1742351,12678951557,7211,7180,7259,48,0.67,7266,55,0.76,7111,7344,1400-5-17,2021-08-08
475,بخاور,بيمه زندگي خاورميانه,400,3779550,20335723058,5542,5700,5400,-142,-2.56,5380,-162,-2.92,5310,5700,1400-5-17,2021-08-08
476,تكنو,تكنوتار,394,1009325,13894956960,13760,13850,13740,-20,-0.15,13770,10,0.07,13240,14150,1400-5-17,2021-08-08
477,تسه9908,امتياز تسهيلات مسكن آبان99,393,8725,5374623185,603752,585050,610000,6248,1.03,616003,12251,2.03,585050,630000,1400-5-17,2021-08-08
478,فخاس,فولاد خراسان,392,747684,17678942410,23570,23400,23710,140,0.59,23580,10,0.04,23400,24000,1400-5-17,2021-08-08
479,وتوسم,سرمايه‌گذاري‌توسعه‌ملي‌,392,1472245,12080431510,8210,8080,8220,10,0.12,8210,0,0,8030,8300,1400-5-17,2021-08-08
480,وارس,سرمايه گذاري ارس صبا,392,1284902,17618188875,13930,13800,13554,-376,-2.7,13712,-218,-1.56,13513,14150,1400-5-17,2021-08-08
481,سكه0012پ01,تمام سكه طرح جديد0012رفاه,390,116700,133036516400,1133324,1149000,1140000,6676,0.59,1139987,6663,0.59,1136101,1155000,1400-5-17,2021-08-08
482,شپاكسا,پاكسان‌,390,788868,15707111300,19900,20200,19790,-110,-0.55,19910,10,0.05,19710,20250,1400-5-17,2021-08-08
483,وتوس,توسعه‌شهري‌توس‌گستر,389,1062803,12638923990,11810,11900,11830,20,0.17,11880,70,0.59,11670,12090,1400-5-17,2021-08-08
484,لسرما,سرما آفرين‌,387,911814,17795123010,19180,19170,19760,580,3.02,19520,340,1.77,18880,19910,1400-5-17,2021-08-08
485,وكادو,تكادو,387,1542355,28290740676,18301,18590,18241,-60,-0.33,18343,42,0.23,18120,18590,1400-5-17,2021-08-08
486,تسه9912,امتياز تسهيلات مسكن اسفند99,387,6004,3699239773,610810,591000,610000,-810,-0.13,616129,5319,0.87,591000,630000,1400-5-17,2021-08-08
487,تصميم,صندوق س با درآمد ثابت تصميم,386,5427477,92577559415,17055,17110,17057,2,0.01,17057,2,0.01,17054,17110,1400-5-17,2021-08-08
488,ولبهمن,شركت بهمن ليزينگ,382,1565934,11073698454,6949,7280,7090,141,2.03,7038,89,1.28,6970,7280,1400-5-17,2021-08-08
489,حخزر,كشتيراني درياي خزر,379,794453,19644213720,25239,25466,24874,-365,-1.45,24727,-512,-2.03,23978,25930,1400-5-17,2021-08-08
490,شپاس,نفت پاسارگاد,378,696654,12772631089,18496,18290,18210,-286,-1.55,18379,-117,-0.63,17735,18730,1400-5-17,2021-08-08
491,دسينا,داروسازي‌ سينا,371,1964206,41726230790,22100,21510,21470,-630,-2.85,21240,-860,-3.89,21000,22000,1400-5-17,2021-08-08
492,سپ,پرداخت الكترونيك سامان كيش,368,737640,19717178120,27250,27000,27250,0,0,27060,-190,-0.7,25890,27500,1400-5-17,2021-08-08
493,بنيرو,نيروترانس‌,366,5534598,12535048748,2260,2276,2260,0,0,2264,4,0.18,2211,2325,1400-5-17,2021-08-08
494,غشوكو,شوكو پارس,365,480580,15231388826,31387,31700,31764,377,1.2,31694,307,0.98,31392,32000,1400-5-17,2021-08-08
495,دسانكوح,ح . داروسازي سبحان انكولوژي,362,1437777,12453158933,8333,8335,8732,399,4.79,8661,328,3.94,8335,8748,1400-5-17,2021-08-08
496,معيار ,سرمايه گذاري معيار صنعت پارس,360,372781,15558186798,42233,41628,41910,-323,-0.76,41735,-498,-1.18,41111,42870,1400-5-17,2021-08-08
497,غبهار,كشت وصنعت بهاران گلبهار خراسان,360,817103,14437599136,17231,17300,17747,516,2.99,17669,438,2.54,17250,17747,1400-5-17,2021-08-08
498,وآتوس,س.آرين توسكا قيمت اسمي 350ريال,358,809764,25917862825,30690,32224,32002,1312,4.28,32007,1317,4.29,31200,32224,1400-5-17,2021-08-08
499,دكيمي,كيميدارو,357,521354,11172652010,21130,21350,21300,170,0.8,21350,220,1.04,21130,21850,1400-5-17,2021-08-08
500,دفرا,فرآورده‌هاي‌ تزريقي‌ ايران‌,355,353271,10355096640,29830,29850,28890,-940,-3.15,29480,-350,-1.17,28760,30450,1400-5-17,2021-08-08
501,واتي,سرمايه‌ گذاري‌ آتيه‌ دماوند,354,2525047,28140362370,11280,10950,11130,-150,-1.33,11140,-140,-1.24,10950,11450,1400-5-17,2021-08-08
502,غشصفا,شيرپاستوريزه‌پگاه‌اصفهان‌,352,995585,28790476590,27800,28100,29190,1390,5,28920,1120,4.03,28000,29190,1400-5-17,2021-08-08
503,سفانو,سيمان فارس نو,351,446981,13809876040,30870,31000,31130,260,0.84,30890,20,0.06,30010,31990,1400-5-17,2021-08-08
504,شگل,گلتاش‌,349,799283,6026478260,7680,7790,7540,-140,-1.82,7620,-60,-0.78,7410,7790,1400-5-17,2021-08-08
505,وزمين,بانك ايران زمين,340,4506495,47726223093,10279,10260,10690,411,4,10591,312,3.04,10260,10690,1400-5-17,2021-08-08
506,دالبرح,ح . البرزدارو,333,14079345,148016899100,10230,11250,11200,970,9.48,10510,280,2.74,10400,11250,1400-5-17,2021-08-08
507,قشير,قند شيروان قوچان و بجنورد,333,1965340,34291130225,18191,17620,17333,-858,-4.72,17448,-743,-4.08,17321,18499,1400-5-17,2021-08-08
508,بسويچ,پارس‌سويچ‌,326,417377,10851117020,26750,26750,25730,-1020,-3.81,26360,-390,-1.46,25520,26760,1400-5-17,2021-08-08
509,پلوله,گازلوله‌,326,845047,24961997713,28699,29559,29559,860,3,29539,840,2.93,29058,29559,1400-5-17,2021-08-08
510,پكرمان,گروه‌ صنعتي‌ بارز,325,638768,16851030180,25800,26770,26300,500,1.94,26170,370,1.43,26040,26800,1400-5-17,2021-08-08
511,تسه9911,امتياز تسهيلات مسكن بهمن99,323,6019,3708352456,607003,597000,616000,8997,1.48,616108,9105,1.5,597000,631312,1400-5-17,2021-08-08
512,شوينده,مديريت صنعت شوينده ت.ص.بهشهر,323,565068,12893353190,22750,23000,23020,270,1.19,22810,60,0.26,22260,23100,1400-5-17,2021-08-08
513,غشهد,شهد ايران ‌,323,1779482,8151973601,4524,4499,4595,71,1.57,4555,31,0.69,4430,4640,1400-5-17,2021-08-08
514,وتوشه,سرمايه‌ گذاري‌ پارس‌ توشه‌,323,2206344,13606128370,6280,6330,6280,0,0,6180,-100,-1.59,6120,6370,1400-5-17,2021-08-08
515,قمرو,قند مرودشت‌,320,547686,12472526340,23400,23300,22860,-540,-2.31,22850,-550,-2.35,22500,23330,1400-5-17,2021-08-08
516,كفرا,فراورده‌ هاي‌ نسوزايران‌,319,1005042,22311724000,22280,21940,22330,50,0.22,22200,-80,-0.36,21900,22940,1400-5-17,2021-08-08
517,سپاس,صندوق س. پاداش سهامداري-ثابت,317,10962185,109733546335,10008,10014,10014,6,0.06,10010,2,0.02,10010,10014,1400-5-17,2021-08-08
518,تسه9909,امتياز تسهيلات مسكن آذر99,314,5370,3303924054,604584,596011,620000,15416,2.55,615256,10672,1.77,596011,630000,1400-5-17,2021-08-08
519,دپارس,پارس‌ دارو,314,596780,21639248900,34620,34980,36350,1730,5,36260,1640,4.74,34980,36350,1400-5-17,2021-08-08
520,وايرا,سرمايه گذاري صنايع ايران,313,1604024,11416728989,7295,7140,7090,-205,-2.81,7118,-177,-2.43,7077,7200,1400-5-17,2021-08-08
521,كشرق,صنعتي و معدني شمال شرق شاهرود,313,205421,12593710312,61901,62500,61540,-361,-0.58,61391,-510,-0.82,60250,62500,1400-5-17,2021-08-08
522,سكه0012پ04,تمام سكه طرح جديد0012صادرات,312,262100,298191767700,1136762,1140001,1140000,3238,0.28,1137702,940,0.08,1117861,1150000,1400-5-17,2021-08-08
523,اوصتا,صندوق انديشه ورزان صباتامين -د,312,14327788,278479996530,19426,19439,19432,6,0.03,19436,10,0.05,19432,19440,1400-5-17,2021-08-08
524,فافزا,فولاد افزا سپاهان,312,294897,12677672108,42925,43578,42930,5,0.01,42990,65,0.15,42010,43578,1400-5-17,2021-08-08
525,زگلدشت,كشت و دام گلدشت نمونه اصفهان,311,500181,5496830985,10940,10914,10910,-30,-0.27,10958,18,0.16,10510,11200,1400-5-17,2021-08-08
526,آكورد,صندوق س. آرمان آتي كوثر-د,301,4791234,160385356216,33458,33474,33474,16,0.05,33475,17,0.05,33474,33481,1400-5-17,2021-08-08
527,وتعاون,بيمه  تعاون,301,1401081,6973626242,5118,5043,5000,-118,-2.31,5020,-98,-1.91,4965,5198,1400-5-17,2021-08-08
528,ضخود7076,اختيارخ خودرو-2500-1400/07/07,300,17446,1658012000,107,101,90,-17,-15.89,95,-12,-11.21,88,109,1400-5-17,2021-08-08
529,وسهمدا,شركت س استان همدان,300,19128228,12127296552,604,634,634,30,4.97,617,13,2.15,634,634,1400-5-17,2021-08-08
530,شاملا,معدني‌ املاح‌  ايران‌,291,236216,8526840960,36280,37580,37130,850,2.34,36170,-110,-0.3,35000,37580,1400-5-17,2021-08-08
531,تسه9910,امتياز تسهيلات مسكن دي99,289,4558,2802042833,605099,609995,606000,901,0.15,614753,9654,1.6,590400,630000,1400-5-17,2021-08-08
532,وحكمت,بيمه حكمت صبا,287,2746448,11518961483,4306,4177,4230,-76,-1.76,4194,-112,-2.6,4177,4300,1400-5-17,2021-08-08
533,آوا,صندوق س.سهام آواي معيار-س,286,1962345,14468385256,7391,7350,7390,-1,-0.01,7373,-18,-0.24,7349,7400,1400-5-17,2021-08-08
534,خديزل,بهمن  ديزل,283,243444,12798117895,54194,54789,53128,-1066,-1.97,53206,-988,-1.82,51520,54789,1400-5-17,2021-08-08
535,دكپسول,توليد ژلاتين كپسول ايران,282,293722,9669552609,32927,33000,32450,-477,-1.45,32923,-4,-0.01,32450,33870,1400-5-17,2021-08-08
536,فن آوا,گروه فن آوا,276,3787276,76728342382,19675,19650,20265,590,3,20260,585,2.97,19650,20265,1400-5-17,2021-08-08
537,تايرا,تراكتورسازي‌ايران‌,274,886911,20490366300,23830,23330,23010,-820,-3.44,23330,-500,-2.1,22800,23530,1400-5-17,2021-08-08
538,مارون,پتروشيمي مارون,273,171810,29560450019,170607,173000,172900,2293,1.34,171028,421,0.25,169610,174400,1400-5-17,2021-08-08
539,سهگمت,سيمان‌هگمتان‌,271,578496,14816821860,25630,25440,25710,80,0.31,25610,-20,-0.08,24940,25960,1400-5-17,2021-08-08
540,لازما,كارخانه هاي صنعتي آزمايش,268,534960,12085731244,22027,22390,22687,660,3,22592,565,2.57,22028,22687,1400-5-17,2021-08-08
541,لخزر,پارس‌ خزر,266,81346,9784511890,119270,123200,120110,840,0.7,119920,650,0.54,119050,123200,1400-5-17,2021-08-08
542,سباقر,سيمان باقران,264,804319,11520485273,14281,14100,14120,-161,-1.13,14323,42,0.29,14100,14670,1400-5-17,2021-08-08
543,كقزوي,شيشه‌ قزوين‌,261,1758803,13374965317,7573,7352,7619,46,0.61,7605,32,0.42,7352,7760,1400-5-17,2021-08-08
544,دارو,كارخانجات‌داروپخش‌,260,458777,11302220070,24660,24700,24350,-310,-1.26,24640,-20,-0.08,24300,25360,1400-5-17,2021-08-08
545,زپارس,ملي كشت و صنعت و دامپروري پارس,259,258208,30921580230,119880,120000,119660,-220,-0.18,119750,-130,-0.11,117150,121800,1400-5-17,2021-08-08
546,وحافظ,بيمه حافظ,259,3692226,41548586660,11033,11253,11253,220,1.99,11253,220,1.99,11200,11253,1400-5-17,2021-08-08
547,وسرمد,بيمه  سرمد,256,2413370,12169989186,5196,5041,5041,-155,-2.98,5043,-153,-2.94,5041,5140,1400-5-17,2021-08-08
548,فيروزه,صندوق شاخص30 شركت فيروزه- سهام,254,60928,10171896300,166580,167890,167860,1280,0.77,166950,370,0.22,164670,168300,1400-5-17,2021-08-08
549,ضخود7078,اختيارخ خودرو-3500-1400/07/07,249,13868,220590000,20,20,15,-5,-25,16,-4,-20,12,29,1400-5-17,2021-08-08
550,امين يكم2,صندوق درآمد ثابت امين يكم فردا,245,245000000,245000000,10056,1,1,-10055,-99.99,1,-10055,-99.99,1,1,1400-5-17,2021-08-08
551,خلنت,لنت‌ ترمزايران‌,245,298747,20090476080,64060,67260,67260,3200,5,67250,3190,4.98,66500,67260,1400-5-17,2021-08-08
552,بفجر,فجر انرژي خليج فارس,241,720319,18349383300,25050,24410,25500,450,1.8,25170,120,0.48,24200,25910,1400-5-17,2021-08-08
553,گوهران,سرمايه گذاري توسعه گوهران اميد,240,1291995,6491105216,5001,5083,5020,19,0.38,5011,10,0.2,4902,5083,1400-5-17,2021-08-08
554,لپارس,پارس‌ الكتريك‌,238,189768,13545639840,67990,71380,71380,3390,4.99,70770,2780,4.09,71380,71380,1400-5-17,2021-08-08
555,نهال,صندوق س. طلاي سرخ نوويرا,233,885553,9036948581,10001,10050,10089,88,0.88,10205,204,2.04,10004,10480,1400-5-17,2021-08-08
556,اخزا910,اسنادخزانه-م10بودجه99-020807,230,431263,283894632150,656696,657001,656010,-686,-0.1,658287,1591,0.24,655222,660000,1400-5-17,2021-08-08
557,فنرژي,گسترش صنايع انرژي آذرآب,230,559472,9268213152,16242,16566,16566,324,1.99,16566,324,1.99,16566,16566,1400-5-17,2021-08-08
558,گوهرانح,ح . س. توسعه گوهران اميد,229,667515,2354793603,3512,3599,3579,67,1.91,3528,16,0.46,3500,3599,1400-5-17,2021-08-08
559,ما,بيمه  ما,228,799309,6473460880,8010,8070,8050,40,0.5,8050,40,0.5,7980,8270,1400-5-17,2021-08-08
560,لوتوس,تامين سرمايه لوتوس پارسيان,226,1603233,12896480200,8020,8100,8050,30,0.37,8030,10,0.12,8000,8110,1400-5-17,2021-08-08
561,تسه9907,امتياز تسهيلات مسكن مهر99,222,3840,2358995692,607025,602000,623760,16735,2.76,614322,7297,1.2,590333,623760,1400-5-17,2021-08-08
562,پارسيان,بيمه پارسيان,220,1324340,11936198270,8930,9120,8970,40,0.45,8980,50,0.56,8950,9120,1400-5-17,2021-08-08
563,زرين,صندوق س. سهام زرين كوروش-س,214,677861,8108190270,12086,11801,11999,-87,-0.72,11961,-125,-1.03,11801,12150,1400-5-17,2021-08-08
564,كپرور,فرآوري زغال سنگ پروده طبس,213,435461,14469614670,33027,32241,33620,593,1.8,33218,191,0.58,32241,33960,1400-5-17,2021-08-08
565,دسبحا,گروه دارويي سبحان,212,583237,8717011850,14860,15000,14870,10,0.07,14900,40,0.27,14800,15100,1400-5-17,2021-08-08
566,شفا,سرمايه گذاري شفادارو,207,181842,6627978120,37010,36700,36600,-410,-1.11,36790,-220,-0.59,36150,37730,1400-5-17,2021-08-08
567,گوهر,صندوق سكه طلاي كيان,207,104010,5970468899,56795,57500,57420,625,1.1,57403,608,1.07,56750,57987,1400-5-17,2021-08-08
568,كخاك,صنايع‌خاك‌چيني‌ايران‌,205,298286,10809287720,36660,37000,36900,240,0.65,36450,-210,-0.57,35410,37000,1400-5-17,2021-08-08
569,خاتم,صندوق س خاتم ايساتيس پويا-ثابت,205,3127525,36677549184,11704,11725,11729,25,0.21,11727,23,0.2,11720,11730,1400-5-17,2021-08-08
570,گپارس,امور رفاهي كارگزاران پارس,202,75938,8277666097,110185,106883,110860,675,0.61,109178,-1007,-0.91,106880,111849,1400-5-17,2021-08-08
571,آساس,صندوق س.آسمان آرماني سهام-س,201,49032,8792818067,179112,178100,179270,158,0.09,179328,216,0.12,178000,179900,1400-5-17,2021-08-08
572,دشيميح,ح . شيمي‌ داروئي‌ داروپخش‌,201,4500000,96243164070,21160,21500,21600,440,2.08,21390,230,1.09,21000,22000,1400-5-17,2021-08-08
573,زر,صندوق س.پشتوانه سكه طلاي زر,195,102136,5184790510,50291,50550,50641,350,0.7,50764,473,0.94,50550,51076,1400-5-17,2021-08-08
574,سدشت,صنايع سيمان دشتستان,193,810485,43296046400,53530,54990,52850,-680,-1.27,53420,-110,-0.21,51530,54990,1400-5-17,2021-08-08
575,تماوند,تامين سرمايه دماوند,191,6740236,39551606028,5702,5873,5704,2,0.04,5868,166,2.91,5704,5873,1400-5-17,2021-08-08
576,قشرين,قند شيرين خراسان,189,3036916,60841575144,19451,20034,20034,583,3,20034,583,3,20034,20034,1400-5-17,2021-08-08
577,حرهشا,رهشاد سپاهان (سهامي عام,187,143842,9779432831,66133,65350,68116,1983,3,67888,1755,2.65,65350,68116,1400-5-17,2021-08-08
578,تسه9810,امتياز تسهيلات مسكن دي98,186,4438,2716543593,603682,585010,610100,6418,1.06,612110,8428,1.4,585010,629000,1400-5-17,2021-08-08
579,پارتا,مجتمع‌صنعتي‌آرتاويل‌تاير,186,381295,10312113266,27813,27000,26979,-834,-3,27481,-332,-1.19,26979,27480,1400-5-17,2021-08-08
580,وبازار,صندوق س شاخصي بازارآشنا,184,568885,7082282650,12590,12450,12480,-110,-0.87,12450,-140,-1.11,12230,12530,1400-5-17,2021-08-08
581,تسه9806,امتياز تسهيلات مسكن شهريور98,183,3399,2057609877,605404,576070,608888,3484,0.58,605357,-47,-0.01,576070,613998,1400-5-17,2021-08-08
582,سبجنو,سيمان‌ بجنورد,183,190266,7773334880,40320,39780,40600,280,0.69,40600,280,0.69,39780,41980,1400-5-17,2021-08-08
583,تسه9904,امتياز تسهيلات مسكن تير99,181,3102,1901142934,604887,598000,620000,15113,2.5,612876,7989,1.32,595000,628999,1400-5-17,2021-08-08
584,فراز,صندوق س.سهام فراز داريك-س,180,797331,9968630112,12380,12420,12520,140,1.13,12502,122,0.99,12390,12600,1400-5-17,2021-08-08
585,حسينا,توسعه خدمات دريايي وبندري سينا,180,111326,6125170435,55091,54670,54690,-401,-0.73,55063,-28,-0.05,54100,56000,1400-5-17,2021-08-08
586,تسه9902,امتياز تسهيلات مسكن ارديبهشت99,177,3278,2009133877,603794,590000,616000,12206,2.02,612915,9121,1.51,590000,630000,1400-5-17,2021-08-08
587,وكار,بانك‌ كارآفرين‌,177,1208099,3748489680,3175,3018,3118,-57,-1.8,3169,-6,-0.19,3018,3173,1400-5-17,2021-08-08
588,دروز,داروسازي‌ روزدارو,171,184563,5581547940,31030,30360,30270,-760,-2.45,30730,-300,-0.97,29850,31030,1400-5-17,2021-08-08
589,وگردش,بانك گردشگري,169,888728,12024614961,13828,13940,13699,-129,-0.93,13784,-44,-0.32,13414,13940,1400-5-17,2021-08-08
590,كيسون,شركت كيسون,168,1449742,12586660044,8859,8682,8682,-177,-2,8732,-127,-1.43,8682,8682,1400-5-17,2021-08-08
591,قزوين,كارخانجات‌ قند قزوين‌,163,610964,17256159180,27950,27630,28430,480,1.72,28240,290,1.04,27630,28620,1400-5-17,2021-08-08
592,تسه9906,امتياز تسهيلات مسكن شهريور99,161,2219,1355254365,608674,582229,610711,2037,0.33,610750,2076,0.34,582229,627020,1400-5-17,2021-08-08
593,تسه9905,امتياز تسهيلات مسكن مرداد99,159,2507,1539534448,606283,584458,626000,19717,3.25,614094,7811,1.29,584458,630000,1400-5-17,2021-08-08
594,لبوتان,گروه‌صنعتي‌بوتان‌,157,156185,7798924530,50290,50370,49640,-650,-1.29,50100,-190,-0.38,49200,50390,1400-5-17,2021-08-08
595,زقيام,كشت و دام قيام اصفهان,156,1109226,21776324832,18698,19632,19632,934,5,19632,934,5,19632,19632,1400-5-17,2021-08-08
596,ارمغان,ص سرمايه گذاري ارمغان ايرانيان,155,2372126,23727500075,10001,10005,10003,2,0.02,10003,2,0.02,10002,10005,1400-5-17,2021-08-08
597,تسه9807,امتياز تسهيلات مسكن مهر98,151,1834,1119437644,607327,614997,608000,673,0.11,610380,3053,0.5,576980,614997,1400-5-17,2021-08-08
598,تسه9903,امتياز تسهيلات مسكن خرداد99,145,1433,876563325,605827,584111,621000,15173,2.5,611698,5871,0.97,584111,621000,1400-5-17,2021-08-08
599,پسهند,صنايع‌ لاستيكي‌  سهند,145,236345,7192157670,30610,30600,30610,0,0,30520,-90,-0.29,29700,30990,1400-5-17,2021-08-08
600,ثباغ,شهر سازي و خانه سازي باغميشه,143,432595,4980301039,10971,11500,11519,548,4.99,11145,174,1.59,11100,11519,1400-5-17,2021-08-08
601,شزنگ,تجهيزنيروي‌زنگان‌,140,108152,12590406928,120014,116414,116414,-3600,-3,116414,-3600,-3,116414,116414,1400-5-17,2021-08-08
602,آتيمس,صندوق س.آرمان آتيه درخشان مس-س,138,26818,5267629658,196426,195321,196950,524,0.27,196421,-5,0,195321,197100,1400-5-17,2021-08-08
603,فيروزا,صندوق بادرآمد ثابت فيروزه آسيا,129,423084,10392984123,24476,24550,24610,134,0.55,24565,89,0.36,24500,24660,1400-5-17,2021-08-08
604,تسه9812,امتياز تسهيلات مسكن اسفند98,128,1799,1103881820,600608,570992,630000,29392,4.89,613609,13001,2.16,570992,630000,1400-5-17,2021-08-08
605,فردا,صندوق س آواي فرداي زاگرس-ثابت,127,4338304,48554585210,11186,11192,11192,6,0.05,11192,6,0.05,11192,11194,1400-5-17,2021-08-08
606,قپيرا,فرآورده‌هاي‌غدايي‌وقندپيرانشهر,126,838489,6008730740,7220,7370,7290,70,0.97,7200,-20,-0.28,7100,7370,1400-5-17,2021-08-08
607,ساروج,بين المللي ساروج بوشهر,126,345906,6385835136,18198,18743,18410,212,1.16,18360,162,0.89,17750,18743,1400-5-17,2021-08-08
608,تسه9901,امتياز تسهيلات مسكن فروردين99,123,1673,1023387311,607233,591111,620000,12767,2.1,611708,4475,0.74,591111,620000,1400-5-17,2021-08-08
609,ضملت8042,اختيارخ وبملت-3934-1400/08/19,123,3497,1642787000,505,505,490,-15,-2.97,470,-35,-6.93,420,537,1400-5-17,2021-08-08
610,سدبير,س. تدبيرگران فارس وخوزستان,122,247401,11677327200,44953,47200,47200,2247,5,46613,1660,3.69,47200,47200,1400-5-17,2021-08-08
611,اخزا914,اسنادخزانه-م14بودجه99-021025,121,311665,197285629755,631262,634000,634500,3238,0.51,633005,1743,0.28,629555,634500,1400-5-17,2021-08-08
612,كهربا,صندوق س.پشتوانه سكه طلا كهربا,118,2836631,28896927271,10154,10170,10250,96,0.95,10187,33,0.32,10159,10250,1400-5-17,2021-08-08
613,تسه9808,امتياز تسهيلات مسكن آبان98,115,1886,1156438534,605701,575421,614000,8299,1.37,613170,7469,1.23,575421,628000,1400-5-17,2021-08-08
614,اخزا901,اسنادخزانه-م1بودجه99-010621,114,132807,108107535662,812390,811111,813920,1530,0.19,814020,1630,0.2,811111,815650,1400-5-17,2021-08-08
615,تسه9811,امتياز تسهيلات مسكن بهمن98,113,1593,970715848,597842,569000,610000,12158,2.03,609363,11521,1.93,569000,626990,1400-5-17,2021-08-08
616,شستان,پتروشيمي گلستان,112,1855554,5382692375,2959,2900,2900,-59,-1.99,2901,-58,-1.96,2900,2958,1400-5-17,2021-08-08
617,افق ملت,صندوق س در سهام افق ملت,112,28742,4300303150,149920,150000,149000,-920,-0.61,149620,-300,-0.2,148000,150500,1400-5-17,2021-08-08
618,شرنگي,شيميايي رنگين,112,27552,6048035628,215175,221620,220499,5324,2.47,217741,2566,1.19,215000,221630,1400-5-17,2021-08-08
619,آساميد,صندوق س.مشترك آسمان اميد -د,110,1369393,17210923877,12561,12566,12566,5,0.04,12568,7,0.06,12566,12573,1400-5-17,2021-08-08
620,تسه9809,امتياز تسهيلات مسكن آذر98,108,1390,848397066,605300,600000,612000,6700,1.11,610358,5058,0.84,590222,620000,1400-5-17,2021-08-08
621,ضشنا8004,اختيارخ شپنا-10800-1400/08/16,107,928,3243705000,3267,3349,3411,144,4.41,3495,228,6.98,3340,3680,1400-5-17,2021-08-08
622,سپر,صندوق س سپر سرمايه بيدار- ثابت,104,1420797,17671665144,12429,12438,12438,9,0.07,12438,9,0.07,12436,12438,1400-5-17,2021-08-08
623,اخزا908,اسنادخزانه-م8بودجه99-020606,104,325098,220814457897,677899,680000,680000,2101,0.31,679224,1325,0.2,676302,680000,1400-5-17,2021-08-08
624,سكه0112پ03,تمام سكه طرح جديد0112سامان,101,39400,44878855500,1129541,1142000,1140000,10459,0.93,1139057,9516,0.84,1135000,1150000,1400-5-17,2021-08-08
625,واحصا,احياء صنايع خراسان,96,46392,1809242916,40205,38999,38999,-1206,-3,39975,-230,-0.57,38999,39000,1400-5-17,2021-08-08
626,غپونه,نوش پونه مشهد,96,208510,3607014490,17833,17299,17299,-534,-2.99,17636,-197,-1.1,17299,17299,1400-5-17,2021-08-08
627,قيستو,شركت قند بيستون,95,266215,3951023456,14941,14941,14800,-141,-0.94,14861,-80,-0.54,14645,15129,1400-5-17,2021-08-08
628,قجام,فرآوردههاي غذايي وقندتربت‌جام‌,94,790810,5192458460,6700,6566,6566,-134,-2,6566,-134,-2,6566,6566,1400-5-17,2021-08-08
629,وسنا,سرمايه گذاري نيروگاهي ايران,93,1432675,22332594837,15135,15589,15589,454,3,15588,453,2.99,15188,15589,1400-5-17,2021-08-08
630,وسصفا,شركت س استان اصفهان,90,2656999,2247821154,890,846,846,-44,-4.94,889,-1,-0.11,846,846,1400-5-17,2021-08-08
631,اخزا906,اسنادخزانه-م6بودجه99-020321,89,51787,37242148518,733593,735065,720000,-13593,-1.85,719141,-14452,-1.97,711001,735065,1400-5-17,2021-08-08
632,ضخود7074,اختيارخ خودرو-1800-1400/07/07,82,2702,1015132000,395,400,373,-22,-5.57,376,-19,-4.81,363,400,1400-5-17,2021-08-08
633,شستا001,اجاره تامين اجتماعي-امين000523,80,1977394,1977394000000,991696,1000000,1000000,8304,0.84,1000000,8304,0.84,1000000,1000000,1400-5-17,2021-08-08
634,ضسپا8043,اختيارخ خساپا-2000-1400/08/26,80,3875,808201000,220,200,226,6,2.73,209,-11,-5,190,230,1400-5-17,2021-08-08
635,ضسپا8041,اختيارخ خساپا-1600-1400/08/26,73,2952,1298870000,443,425,450,7,1.58,440,-3,-0.68,420,460,1400-5-17,2021-08-08
636,خفولا,خدمات فني فولاد يزد,72,190362,5106841374,27656,26827,26827,-829,-3,27206,-450,-1.63,26827,26827,1400-5-17,2021-08-08
637,صايند,صندوق س. گنجينه آينده روشن-د,72,644240,6449720660,9988,9998,10023,35,0.35,10011,23,0.23,9985,10025,1400-5-17,2021-08-08
638,سكارون,سيمان كارون,71,99997,10734777947,104225,107351,107351,3126,3,107351,3126,3,107351,107351,1400-5-17,2021-08-08
639,كيان2,صندوق س. با درآمد ثابت كيان,70,7000000,7000000,29802,1,1,-29801,-100,1,-29801,-100,1,1,1400-5-17,2021-08-08
640,سجام,مجتمع سيمان غرب آسيا,69,992451,3858649488,3775,3888,3888,113,2.99,3816,41,1.09,3888,3888,1400-5-17,2021-08-08
641,فالوم,آلومتك‌,69,542573,10280130631,18396,18947,18947,551,3,18930,534,2.9,18947,18947,1400-5-17,2021-08-08
642,سكه0011پ02,تمام سكه طرح جديد0011ملت,64,10000,11421773800,1132047,1154802,1140000,7953,0.7,1142177,10130,0.89,1135100,1156000,1400-5-17,2021-08-08
643,اخزا903,اسنادخزانه-م3بودجه99-011110,63,87606,66313230363,755910,754700,757100,1190,0.16,756948,1038,0.14,754301,758500,1400-5-17,2021-08-08
644,اخزا902,اسنادخزانه-م2بودجه99-011019,62,126145,96492565265,764220,754000,765251,1031,0.13,764934,714,0.09,754000,767790,1400-5-17,2021-08-08
645,ضشنا8005,اختيارخ شپنا-12800-1400/08/16,58,1093,2219289000,1921,2031,2100,179,9.32,2030,109,5.67,1900,2100,1400-5-17,2021-08-08
646,فنفت,صنايع تجهيزات نفت,57,49593,1384388595,28778,27915,27915,-863,-3,28655,-123,-0.43,27915,27915,1400-5-17,2021-08-08
647,ضملت8041,اختيارخ وبملت-3434-1400/08/19,57,1013,805749000,783,821,788,5,0.64,795,12,1.53,780,889,1400-5-17,2021-08-08
648,آرمان,بيمه آرمان,56,153718,1005234029,6552,6552,6540,-12,-0.18,6551,-1,-0.02,6510,6560,1400-5-17,2021-08-08
649,ضسپا8044,اختيارخ خساپا-2500-1400/08/26,55,2946,265163000,115,100,89,-26,-22.61,90,-25,-21.74,87,100,1400-5-17,2021-08-08
650,جهرم,پتروشيمي جهرم,54,429976,672912440,1647,1565,1565,-82,-4.98,1641,-6,-0.36,1565,1565,1400-5-17,2021-08-08
651,ضپاس7029,اختيارخ وپارس-2500-1400/07/28,53,1884,1029523000,598,608,550,-48,-8.03,546,-52,-8.7,530,608,1400-5-17,2021-08-08
652,زعف0008پ05,زعفران0008نگين زرين(پ),52,27212,3656338858,133041,132005,133551,510,0.38,134365,1324,1,132005,135000,1400-5-17,2021-08-08
653,كامياب,صندوق س. كامياب آشنا-د,50,232911,2383145352,10000,10232,10232,232,2.32,10232,232,2.32,10232,10232,1400-5-17,2021-08-08
654,ثروتم,صندوق س. ثروت آفرين پارسيان-س,50,65990,5768894440,87168,86889,88002,834,0.96,87421,253,0.29,86889,88499,1400-5-17,2021-08-08
655,ضسپا8042,اختيارخ خساپا-1800-1400/08/26,49,1688,516797000,305,320,318,13,4.26,306,1,0.33,290,321,1400-5-17,2021-08-08
656,ضملي7003,اختيارخ فملي-11720-1400/07/11,49,597,1757602000,2719,2721,2950,231,8.5,2944,225,8.28,2721,3074,1400-5-17,2021-08-08
657,عيار2,صندوق سكه طلاي مفيد,47,470000,470000,28874,1,1,-28873,-100,1,-28873,-100,1,1,1400-5-17,2021-08-08
658,سلار,شركت سيمان لارستان,47,182371,7121769921,37914,39051,39051,1137,3,38670,756,1.99,39051,39051,1400-5-17,2021-08-08
659,اخزا911,اسنادخزانه-م11بودجه99-020906,45,110995,71870697898,646293,650000,649500,3207,0.5,647513,1220,0.19,645561,650000,1400-5-17,2021-08-08
660,صنوين,صندوق سرمايه‌گذاري صنوين-مختلط,44,26952,2955745810,110750,110000,109700,-1050,-0.95,109670,-1080,-0.98,109050,110250,1400-5-17,2021-08-08
661,گنجين,صندوق س. گنجينه يكم آويد-د,43,409247,5486033947,13396,13416,13404,8,0.06,13405,9,0.07,13404,13416,1400-5-17,2021-08-08
662,اخزا909,اسنادخزانه-م9بودجه99-020316,43,140681,99756733049,708057,708311,708950,893,0.13,709099,1042,0.15,708251,710998,1400-5-17,2021-08-08
663,اخزا907,اسنادخزانه-م7بودجه99-020704,42,308571,206404830095,667647,670721,668201,554,0.08,668905,1258,0.19,660111,671499,1400-5-17,2021-08-08
664,تپكو,توليدتجهيزات‌سنگين‌هپكو,41,285391,1467480522,5356,5142,5142,-214,-4,5349,-7,-0.13,5142,5142,1400-5-17,2021-08-08
665,دارا,صندوق س. دارا الگوريتم-د,41,732713,7348649639,10032,10034,10035,3,0.03,10029,-3,-0.03,10025,10037,1400-5-17,2021-08-08
666,گكيشح,ح.توريستي ورفاهي آبادگران كيش,41,146289,4798279200,31020,32800,32800,1780,5.74,32800,1780,5.74,32800,32800,1400-5-17,2021-08-08
667,خبازرس,بازرسي مهندسي و صنعتي ايران,40,162260,3954438460,23662,24371,24371,709,3,23929,267,1.13,24371,24371,1400-5-17,2021-08-08
668,ضصاد8033,اختيارخ وبصادر-2489-1400/08/12,39,925,185455000,231,250,195,-36,-15.58,200,-31,-13.42,190,250,1400-5-17,2021-08-08
669,دقاضي,داروسازي شهيد قاضي,38,114611,3409791861,28335,29751,29751,1416,5,28789,454,1.6,29751,29751,1400-5-17,2021-08-08
670,داريك,صندوق س.اعتماد داريك-د,37,581531,6411083662,10994,11006,11080,86,0.78,11024,30,0.27,11004,11206,1400-5-17,2021-08-08
671,فردا2,صندوق س آواي فرداي زاگرس-ثابت,36,3600000,3600000,11186,1,1,-11185,-99.99,1,-11185,-99.99,1,1,1400-5-17,2021-08-08
672,ضخود7072,اختيارخ خودرو-1400-1400/07/07,35,2018,1390341000,703,700,670,-33,-4.69,689,-14,-1.99,666,755,1400-5-17,2021-08-08
673,ولتجار,واسپاري تجارت وسرمايه ايرانيان,35,452662,1579790380,3389,3490,3490,101,2.98,3403,14,0.41,3490,3490,1400-5-17,2021-08-08
674,ضملت8043,اختيارخ وبملت-4434-1400/08/19,33,1118,325272000,309,349,300,-9,-2.91,291,-18,-5.83,275,349,1400-5-17,2021-08-08
675,پادا,صندوق س.پاداش سرمايه پارس-س,30,13456,1539211698,115375,114590,115000,-375,-0.33,114388,-987,-0.86,111620,116049,1400-5-17,2021-08-08
676,دمعيار,صندوق س. توازن معيار-د,30,670102,6758004079,10080,10085,10085,5,0.05,10085,5,0.05,10085,10090,1400-5-17,2021-08-08
677,ضسپا8039,اختيارخ خساپا-1200-1400/08/26,29,383,272251000,750,700,744,-6,-0.8,711,-39,-5.2,700,744,1400-5-17,2021-08-08
678,سفاسي,شركت فارسيت اهواز,28,70004,500388592,7524,7148,7148,-376,-5,7504,-20,-0.27,7148,7148,1400-5-17,2021-08-08
679,آسام,صندوق س.آرمان سپهر آشنا-م,27,15820,1948417530,122790,123001,123799,1009,0.82,123162,372,0.3,123000,123999,1400-5-17,2021-08-08
680,سحرخيز2,صندوق س. گروه زعفران سحرخيز,27,2700000,2700000,9940,1,1,-9939,-99.99,1,-9939,-99.99,1,1,1400-5-17,2021-08-08
681,جهرمح,ح.پتروشيمي جهرم,27,734514,192779698,271,287,255,-16,-5.9,262,-9,-3.32,255,287,1400-5-17,2021-08-08
682,ضملي7004,اختيارخ فملي-13720-1400/07/11,25,290,424505000,1403,1400,1485,82,5.84,1464,61,4.35,1400,1500,1400-5-17,2021-08-08
683,هنوري102,اختيارف ت نوري59561-01/02/15,24,300000,300000,1,1,1,0,0,1,0,0,1,1,1400-5-17,2021-08-08
684,سكه0111پ05,تمام سكه طرح جديد0111آينده,24,34600,39439605000,1120359,1140000,1140000,19641,1.75,1139873,19514,1.74,1132011,1142000,1400-5-17,2021-08-08
685,بذر,صندوق س بذر اميد آفرين-سهام,24,9999,1039756700,103080,104760,104170,1090,1.06,103990,910,0.88,102890,104760,1400-5-17,2021-08-08
686,اخزا817,اسنادخزانه-م17بودجه98-010512,23,5668,4711940690,828950,830999,832299,3349,0.4,831323,2373,0.29,828721,832300,1400-5-17,2021-08-08
687,فكمند,گسترش قطعه سازي كمند,22,314010,8194090950,25335,26095,26095,760,3,25911,576,2.27,26095,26095,1400-5-17,2021-08-08
688,ثهام,صندوق س ثروت هامرز-سهام,22,30473,340585340,11073,11100,11300,227,2.05,11177,104,0.94,11100,11300,1400-5-17,2021-08-08
689,قشهد,شهد,20,24444,379615320,16340,15530,15530,-810,-4.96,16320,-20,-0.12,15530,15530,1400-5-17,2021-08-08
690,اخزا821,اسنادخزانه-م21بودجه98-020906,20,102674,66532812917,645374,648450,648001,2627,0.41,648001,2627,0.41,647070,648450,1400-5-17,2021-08-08
691,وپخش,داروپخش‌ (هلدينگ‌,20,264739,7656251880,27550,28920,28920,1370,4.97,27810,260,0.94,28920,28920,1400-5-17,2021-08-08
692,ضپاس7030,اختيارخ وپارس-3000-1400/07/28,19,303,82866000,304,264,272,-32,-10.53,273,-31,-10.2,264,288,1400-5-17,2021-08-08
693,ضملي7002,اختيارخ فملي-9720-1400/07/11,18,157,732448000,4415,4600,4685,270,6.12,4665,250,5.66,4600,4689,1400-5-17,2021-08-08
694,اخزا815,اسنادخزانه-م15بودجه98-010406,17,16302,13782028269,844719,845002,846010,1291,0.15,845419,700,0.08,845002,849999,1400-5-17,2021-08-08
695,سنير,سيمان‌ سفيد ني‌ريز,17,2773,395568450,150150,142650,142650,-7500,-5,149940,-210,-0.14,142650,142650,1400-5-17,2021-08-08
696,اخزا811,اسنادخزانه-م11بودجه98-001013,17,126909,117568106439,925748,925001,926412,664,0.07,926397,649,0.07,925001,929000,1400-5-17,2021-08-08
697,اخزا808,اسنادخزانه-م8بودجه98-000817,16,9785,9328360880,951844,953500,953000,1156,0.12,953333,1489,0.16,953000,953501,1400-5-17,2021-08-08
698,اطلس2,صندوق س.توسعه اندوخته آينده-س,16,160000,160000,250457,1,1,-250456,-100,1,-250456,-100,1,1,1400-5-17,2021-08-08
699,اخزا809,اسنادخزانه-م9بودجه98-000923,16,30674,28712165368,933591,934300,936015,2424,0.26,936042,2451,0.26,934300,936086,1400-5-17,2021-08-08
700,ضترا8058,اختيارخ شتران-3442-1400/08/09,15,106,289900000,2648,2600,2650,2,0.08,2735,87,3.29,2580,2800,1400-5-17,2021-08-08
701,اخزا004,اسنادخزانه-م4بودجه00-030522,15,26932,15328648390,568867,568867,570000,1133,0.2,569161,294,0.05,566700,570000,1400-5-17,2021-08-08
702,ضخود7080,اختيارخ خودرو-4500-1400/07/07,14,115,1567000,10,19,8,-2,-20,14,4,40,8,24,1400-5-17,2021-08-08
703,ضملي7005,اختيارخ فملي-15720-1400/07/11,14,65,57357000,824,890,890,66,8.01,882,58,7.04,795,900,1400-5-17,2021-08-08
704,كترام,توليدي‌ كاشي‌ تكسرام‌,14,5534,219699800,41780,39700,39700,-2080,-4.98,41750,-30,-0.07,39700,39700,1400-5-17,2021-08-08
705,ضخود7073,اختيارخ خودرو-1600-1400/07/07,14,406,217017000,531,555,520,-11,-2.07,535,4,0.75,520,555,1400-5-17,2021-08-08
706,هاميد104,اختيارف ت ثاميد-2050-01/04/20,14,248132,248132,1,1,1,0,0,1,0,0,1,1,1400-5-17,2021-08-08
707,اخزا814,اسنادخزانه-م14بودجه98-010318,14,3503,2994456760,854509,853200,860000,5491,0.64,854826,317,0.04,853200,860000,1400-5-17,2021-08-08
708,قلرست,قند لرستان‌,13,13492,418252000,32630,31000,31000,-1630,-5,32580,-50,-0.15,31000,31000,1400-5-17,2021-08-08
709,داراب,پتروشيمي داراب,13,272135,629176120,2433,2312,2312,-121,-4.97,2425,-8,-0.33,2312,2312,1400-5-17,2021-08-08
710,زعف0008پ16,زعفران0008نگين بيرجند(پ),13,9062,1195821520,131367,131960,131960,593,0.45,131960,593,0.45,131960,131960,1400-5-17,2021-08-08
711,زنجان,صنايع كشاورزي وكود زنجان,13,331620,2847952560,8853,8588,8588,-265,-2.99,8790,-63,-0.71,8588,8588,1400-5-17,2021-08-08
712,زعف0008پ09,زعفران0008نگين نوين(پ),12,62099,9055305500,142307,145000,145850,3543,2.49,145820,3513,2.47,144500,145850,1400-5-17,2021-08-08
713,تمحركه,ماشين سازي نيرو محركه,12,9845,131637495,13784,13371,13371,-413,-3,13778,-6,-0.04,13371,13371,1400-5-17,2021-08-08
714,دحاوي,الحاوي,12,17944,206696936,12125,11519,11519,-606,-5,12112,-13,-0.11,11519,11519,1400-5-17,2021-08-08
715,سنوين,سرمايه گذاري اقتصاد نوين,12,219956,1622395456,7604,7376,7376,-228,-3,7566,-38,-0.5,7376,7376,1400-5-17,2021-08-08
716,فلات,گروه صنايع معادن فلات ايرانيان,12,115492,1605800768,14635,13904,13904,-731,-4.99,14511,-124,-0.85,13904,13904,1400-5-17,2021-08-08
717,اخزا721,اسنادخزانه-م21بودجه97-000728,12,31211,30050616111,962466,961751,963000,534,0.06,962821,355,0.04,961751,963000,1400-5-17,2021-08-08
718,ثتوسا,س.توسعه و عمران استان اردبيل,11,7336,268534280,37737,36605,36605,-1132,-3,37706,-31,-0.08,36605,36605,1400-5-17,2021-08-08
719,اراد46,مرابحه عام دولت4-ش.خ 0302,11,160000,160000000000,1000000,1000000,1000000,0,0,1000000,0,0,1000000,1000000,1400-5-17,2021-08-08
720,تابا,تابان نيرو سپاهان,11,22604,714738480,32597,31620,31620,-977,-3,32525,-72,-0.22,31620,31620,1400-5-17,2021-08-08
721,تملي612,تسهيلات مسكن بانك ملي-اسفند96,11,112,77616000,660000,693000,693000,33000,5,693000,33000,5,693000,693000,1400-5-17,2021-08-08
722,ضمخا7075,اختيارخ اخابر-8700-1400/07/28,10,48,84811000,1575,1900,1740,165,10.48,1767,192,12.19,1521,1900,1400-5-17,2021-08-08
723,ضشنا8006,اختيارخ شپنا-14800-1400/08/16,10,63,77702000,1294,1240,1222,-72,-5.56,1233,-61,-4.71,1200,1250,1400-5-17,2021-08-08
724,هكوير109,اختيارف ت كوير-8194-01/09/20,10,56977,51393254,434,902,902,468,107.83,902,468,107.83,902,902,1400-5-17,2021-08-08
725,زعف0008پ10,زعفران0008نگين طلاي سرخ(پ),10,6197,900481000,145169,145850,145000,-169,-0.12,145309,140,0.1,145000,145850,1400-5-17,2021-08-08
726,سخواف,سيمان مجد خواف,10,68606,1046447318,16055,15253,15253,-802,-5,15967,-88,-0.55,15253,15253,1400-5-17,2021-08-08
727,ضمخا7076,اختيارخ اخابر-9700-1400/07/28,10,138,160276000,1176,1032,1200,24,2.04,1161,-15,-1.28,1032,1200,1400-5-17,2021-08-08
728,تملي709,تسهيلات مسكن ب. ملي-آذر97,10,161,147407050,887735,932120,932109,44374,5,915572,27837,3.14,843349,932120,1400-5-17,2021-08-08
729,گكيش,توريستي ورفاهي آبادگران كيش,10,8902,410150748,47498,46074,46074,-1424,-3,47438,-60,-0.13,46074,46074,1400-5-17,2021-08-08
730,سخند,صندوق س.سپهرخبرگان نفت-د,10,5960,59344440,9905,9964,9966,61,0.62,9957,52,0.52,9915,9967,1400-5-17,2021-08-08
731,ضجار7040,اختيارخ وتجارت-2497-1400/07/21,10,333,113218000,354,340,338,-16,-4.52,340,-14,-3.95,338,340,1400-5-17,2021-08-08
732,طلا2,صندوق س.پشتوانه طلاي لوتوس,10,1000000,1000000,81361,1,1,-81360,-100,1,-81360,-100,1,1,1400-5-17,2021-08-08
733,آكورد2,صندوق س. آرمان آتي كوثر-د,9,900000,900000,33458,1,1,-33457,-100,1,-33457,-100,1,1,1400-5-17,2021-08-08
734,الماس,صندوق س.امين تدبيرگران فردا-س,9,986,114285282,116361,115407,115890,-471,-0.4,115908,-453,-0.39,115407,116418,1400-5-17,2021-08-08
735,اخزا807,اسنادخزانه-م7بودجه98-000719,9,3506,3391778600,968622,968600,967100,-1522,-0.16,967421,-1201,-0.12,967100,968600,1400-5-17,2021-08-08
736,زعف0008پ11,زعفران0008نگين سحرخيز(پ),8,13192,1920207050,145176,145850,142000,-3176,-2.19,145558,382,0.26,142000,145850,1400-5-17,2021-08-08
737,نگين,ص.س. زمين و ساختمان نگين شهرري,8,7856,389858280,49850,49630,49620,-230,-0.46,49630,-220,-0.44,49600,50370,1400-5-17,2021-08-08
738,ضپيك7042,اختيارخ تاپيكو-8070-00/07/18,8,33,182695000,5112,5490,5699,587,11.48,5536,424,8.29,5490,5699,1400-5-17,2021-08-08
739,كتوكا,توليدي و خدمات صنايع نسوز توكا,8,2232,62576352,29511,28036,28036,-1475,-5,29504,-7,-0.02,28036,28036,1400-5-17,2021-08-08
740,اخزا816,اسنادخزانه-م16بودجه98-010503,8,36774,30667708822,832771,832576,834066,1295,0.16,833951,1180,0.14,832576,834066,1400-5-17,2021-08-08
741,تملي807,تسهيلات مسكن ب. ملي-مهر98,7,193,171847200,848000,890400,890400,42400,5,890400,42400,5,890400,890400,1400-5-17,2021-08-08
742,اخزا813,اسنادخزانه-م13بودجه98-010219,7,2225,1931377713,866455,867000,868202,1747,0.2,868035,1580,0.18,867000,868350,1400-5-17,2021-08-08
743,اخزا810,اسنادخزانه-م10بودجه98-001006,7,8998,8367211840,928217,927101,929907,1690,0.18,929897,1680,0.18,927101,930000,1400-5-17,2021-08-08
744,ضپال2006,اختيارخ اپال-28000-1401/02/12,7,122,201240000,1753,1560,1699,-54,-3.08,1650,-103,-5.88,1550,1700,1400-5-17,2021-08-08
745,اخزا904,اسنادخزانه-م4بودجه99-011215,7,9898,7359980270,741909,742770,745000,3091,0.42,743583,1674,0.23,742700,745000,1400-5-17,2021-08-08
746,ضترا8056,اختيارخ شتران-2558-1400/08/09,7,90,424150000,3899,4450,4550,651,16.7,4713,814,20.88,4450,4980,1400-5-17,2021-08-08
747,زماهان,مجتمع توليد گوشت مرغ ماهان,7,4376,68812600,16552,15725,15725,-827,-5,16548,-4,-0.02,15725,15725,1400-5-17,2021-08-08
748,ضمخا7077,اختيارخ اخابر-6700-1400/07/28,6,40,157335000,4092,3600,3940,-152,-3.71,3933,-159,-3.89,3600,3945,1400-5-17,2021-08-08
749,اخزا820,اسنادخزانه-م20بودجه98-020806,6,100058,65838341950,653340,658000,660999,7659,1.17,658002,4662,0.71,658000,661500,1400-5-17,2021-08-08
750,ثاصفا,شركت‌ ساختمان‌ اصفهان‌,6,4593,110530545,24809,24065,24065,-744,-3,24801,-8,-0.03,24065,24065,1400-5-17,2021-08-08
751,پارتين,ص.ج.پارتيان,6,21000,9707000000,437820,461000,463000,25180,5.75,462238,24418,5.58,461000,463000,1400-5-17,2021-08-08
752,اخزا905,اسنادخزانه-م5بودجه99-020218,6,2101,1513497342,719844,720000,721000,1156,0.16,720370,526,0.07,720000,721000,1400-5-17,2021-08-08
753,تملي804,تسهيلات مسكن ب. ملي-تير98,6,25,24225064,949633,995000,995000,45367,4.78,969003,19370,2.04,902152,995000,1400-5-17,2021-08-08
754,اراد61,مرابحه عام دولت61-ش.خ0309,6,50000,50000000000,1000001,1000000,1000000,-1,0,1000000,-1,0,1000000,1000000,1400-5-17,2021-08-08
755,ضمخا7066,اختيارخ اخابر-11700-1400/07/28,6,96,32320000,583,490,500,-83,-14.24,337,-246,-42.2,260,589,1400-5-17,2021-08-08
756,زعف0008پ20,زعفران0008نگين وحدت جام(پ),5,2280,300868800,131429,131960,131960,531,0.4,131960,531,0.4,131960,131960,1400-5-17,2021-08-08
757,كباده,توليد خاك نسوزاستقلال آباده,5,110766,1044966444,8985,9434,9434,449,5,9030,45,0.5,9434,9434,1400-5-17,2021-08-08
758,ضشنا8002,اختيارخ شپنا-7800-1400/08/16,5,23,137896000,5518,5990,6000,482,8.74,5995,477,8.64,5990,6000,1400-5-17,2021-08-08
759,وسقم,شركت س استان قم,5,31018,41378012,1404,1334,1334,-70,-4.99,1404,0,0,1334,1334,1400-5-17,2021-08-08
760,افاد84,منفعت دولت8-ش.خاص ساير0205,5,125000,118750000000,950000,950000,950000,0,0,950000,0,0,950000,950000,1400-5-17,2021-08-08
761,ضسپا8040,اختيارخ خساپا-1400-1400/08/26,5,46,25409000,549,500,585,36,6.56,552,3,0.55,500,595,1400-5-17,2021-08-08
762,ضپال2007,اختيارخ اپال-32000-1401/02/12,5,33,23320000,783,790,705,-78,-9.96,707,-76,-9.71,700,790,1400-5-17,2021-08-08
763,سرو2,صندوق س سروسودمند مدبران-سهام,5,500000,500000,77050,1,1,-77049,-100,1,-77049,-100,1,1,1400-5-17,2021-08-08
764,ضملت8044,اختيارخ وبملت-4934-1400/08/19,5,30,5921000,199,230,200,1,0.5,197,-2,-1.01,160,230,1400-5-17,2021-08-08
765,ضشنا8001,اختيارخ شپنا-6800-1400/08/16,5,59,380507000,6275,6445,6450,175,2.79,6449,174,2.77,6445,6450,1400-5-17,2021-08-08
766,همبين102,اختيارف ت مبين17952-01/02/10,5,200300,200300,1,1,1,0,0,1,0,0,1,1,1400-5-17,2021-08-08
767,اخزا812,اسنادخزانه-م12بودجه98-001111,5,6451,5891997212,913184,913253,913499,315,0.03,913346,162,0.02,913253,913500,1400-5-17,2021-08-08
768,ضشنا8003,اختيارخ شپنا-8800-1400/08/16,5,27,138963000,4860,4999,5189,329,6.77,5147,287,5.91,4999,5189,1400-5-17,2021-08-08
769,غدام,خوراك‌  دام‌ پارس‌,5,145,50442600,366180,347880,347880,-18300,-5,366120,-60,-0.02,347880,347880,1400-5-17,2021-08-08
770,لپيام,گسترش صنايع پيام,5,748,37307248,51418,49876,49876,-1542,-3,51412,-6,-0.01,49876,49876,1400-5-17,2021-08-08
771,ضفار8051,اختيارخ فارس-8400-1400/08/05,4,14,70399000,4894,5100,4950,56,1.14,5028,134,2.74,4950,5100,1400-5-17,2021-08-08
772,قنقش,قند نقش جهان,4,2093,143383058,71360,68506,68506,-2854,-4,71275,-85,-0.12,68506,68506,1400-5-17,2021-08-08
773,وملت,سرمايه گذاري ملت,4,23000,94553000,4194,4111,4111,-83,-1.98,4192,-2,-0.05,4111,4111,1400-5-17,2021-08-08
774,ثالوند,سرمايه گذاري مسكن الوند,4,2029,54793145,28426,27005,27005,-1421,-5,28421,-5,-0.02,27005,27005,1400-5-17,2021-08-08
775,ضترا8057,اختيارخ شتران-3000-1400/08/09,4,9,29500000,3050,3500,3100,50,1.64,3278,228,7.48,3100,3700,1400-5-17,2021-08-08
776,اشاد10,مشاركت دولتي10-شرايط خاص001226,4,100000,97200000000,972000,972000,972000,0,0,972000,0,0,972000,972000,1400-5-17,2021-08-08
777,شگويات.ف0104,اختيارف.تبعي شگويا010408,4,23330,23330,1,1,1,0,0,1,0,0,1,1,1400-5-17,2021-08-08
778,ضفلا7004,اختيارخ فولاد-9586-1400/07/25,4,30,105150000,2077,2500,2500,423,20.37,2500,423,20.37,2500,2500,1400-5-17,2021-08-08
779,اخزا718,اسنادخزانه-م18بودجه97-000525,4,117,116375000,994636,995000,993000,-1636,-0.16,994658,22,0,993000,995000,1400-5-17,2021-08-08
780,ضپاس7031,اختيارخ وپارس-3500-1400/07/28,4,15,1050000,150,70,70,-80,-53.33,70,-80,-53.33,70,70,1400-5-17,2021-08-08
781,وهنر,گروه توسعه هنر ايران,4,7707,55783266,7461,7238,7238,-223,-2.99,7460,-1,-0.01,7238,7238,1400-5-17,2021-08-08
782,شكف,كف,3,189,18409734,99393,97406,97406,-1987,-2,99389,-4,0,97406,97406,1400-5-17,2021-08-08
783,كرونا2,تامين مالي جمعي صرفا اهداي سود,3,400,4000000,10000,10000,10000,0,0,10000,0,0,10000,10000,1400-5-17,2021-08-08
784,وسخراش,شركت س استان خراسان شمالي,3,17859,23234559,1369,1301,1301,-68,-4.97,1369,0,0,1301,1301,1400-5-17,2021-08-08
785,ضترا8055,اختيارخ شتران-2118-1400/08/09,3,6,29798000,4767,4799,5000,233,4.89,4966,199,4.17,4799,5000,1400-5-17,2021-08-08
786,سپيدما2,صندوق س. سپيد دماوند-د,3,30000000,30000000,10815,1,1,-10814,-99.99,1,-10814,-99.99,1,1,1400-5-17,2021-08-08
787,اخزا818,اسنادخزانه-م18بودجه98-010614,3,1152,940031716,816878,816000,815990,-888,-0.11,816000,-878,-0.11,815990,816001,1400-5-17,2021-08-08
788,تملي704,تسهيلات مسكن ب. ملي-تير97,3,35,30058494,838452,880374,880374,41922,5,858814,20362,2.43,796530,880374,1400-5-17,2021-08-08
789,ضصاد8031,اختيارخ وبصادر-1789-1400/08/12,3,15,10195000,690,700,639,-51,-7.39,680,-10,-1.45,639,700,1400-5-17,2021-08-08
790,هفارس104,اختيارف ت فارس-11832-01/04/12,3,21000,21000,1,1,1,0,0,1,0,0,1,1,1400-5-17,2021-08-08
791,زير0103پ01,زيره سبز0103كيميابذر(پ),3,16,11152488,722739,697031,697030,-25709,-3.56,697030,-25709,-3.56,697030,697031,1400-5-17,2021-08-08
792,زعف0008پ19,زعفران0008نگين تروند قاينات(پ),3,1521,221707600,145176,145850,145600,424,0.29,145764,588,0.41,145600,145850,1400-5-17,2021-08-08
793,صينا205,صكوك منفعت سينا دارو-3ماهه 19%,3,36,35640000,980000,990000,990000,10000,1.02,990000,10000,1.02,990000,990000,1400-5-17,2021-08-08
794,بايكا,كارخانجات كابلسازي ‌ايران‌,3,1478,35522252,24777,24034,24034,-743,-3,24774,-3,-0.01,24034,24034,1400-5-17,2021-08-08
795,كاريس4,صندوق س.سپهر كاريزما-س,3,4000000,56000000000,13995,14000,14000,5,0.04,14000,5,0.04,14000,14000,1400-5-17,2021-08-08
796,ضپيك7041,اختيارخ تاپيكو-7070-00/07/18,3,10,58000000,4600,5800,5800,1200,26.09,5800,1200,26.09,5800,5800,1400-5-17,2021-08-08
797,پست0008پ08,پسته فندقي32-30مه ولات0008(پ),2,20,36015000,1808906,1800000,1815000,6094,0.34,1800750,-8156,-0.45,1800000,1815000,1400-5-17,2021-08-08
798,زعف0008پ15,زعفران0008پوشالمعمول طلاسرخ(پ),2,1000,111000000,110070,111000,111000,930,0.84,111000,930,0.84,111000,111000,1400-5-17,2021-08-08
799,ضپاس7028,اختيارخ وپارس-2000-1400/07/28,2,13,11490000,967,830,900,-67,-6.93,884,-83,-8.58,830,900,1400-5-17,2021-08-08
800,وسخراج,شركت س استان خراسان جنوبي,2,5782,12188456,2218,2108,2108,-110,-4.96,2218,0,0,2108,2108,1400-5-17,2021-08-08
801,كابگن,توليدي و صنعتي آبگينه‌,2,20528,111056480,5357,5410,5410,53,0.99,5359,2,0.04,5410,5410,1400-5-17,2021-08-08
802,ضغدر8060,اختيارخ وغدير-14000-1400/08/26,2,20,60000000,1550,3000,3000,1450,93.55,3000,1450,93.55,3000,3000,1400-5-17,2021-08-08
803,تنوين2,تامين سرمايه نوين,2,23000000,152260000000,6620,6620,6620,0,0,6620,0,0,6620,6620,1400-5-17,2021-08-08
804,اراد62,مرابحه عام دولت62-ش.خ0309,2,39000,39000000000,1000000,1000000,1000000,0,0,1000000,0,0,1000000,1000000,1400-5-17,2021-08-08
805,وپاسار2,بانك  پاسارگاد,2,10000000,153800000000,15380,15380,15380,0,0,15380,0,0,15380,15380,1400-5-17,2021-08-08
806,ولراز,ليزينگ رازي,2,368,11976192,33550,32544,32544,-1006,-3,33549,-1,0,32544,32544,1400-5-17,2021-08-08
807,ضصاد8032,اختيارخ وبصادر-1989-1400/08/12,2,20,10100000,419,505,505,86,20.53,505,86,20.53,505,505,1400-5-17,2021-08-08
808,شستا004,اجاره تامين اجتماعي-نوين000523,2,8,7984001,998000,998001,998000,0,0,998000,0,0,998000,998001,1400-5-17,2021-08-08
809,ثزاگرس,سرمايه گذاري توسعه عمران زاگرس,2,1385,69557470,52865,50222,50222,-2643,-5,52846,-19,-0.04,50222,50222,1400-5-17,2021-08-08
810,مشير112,مشاركت شهرداري شيراز-3ماهه18%,2,20000,20000000000,1000000,1000000,1000000,0,0,1000000,0,0,1000000,1000000,1400-5-17,2021-08-08
811,نيرو,نيرو سرمايه,2,7337,348426793,49988,47489,47489,-2499,-5,49896,-92,-0.18,47489,47489,1400-5-17,2021-08-08
812,اراد35,مرابحه عام دولت3-ش.خ 0103,2,3100,3067400000,990000,988000,990000,0,0,989484,-516,-0.05,988000,990000,1400-5-17,2021-08-08
813,ضپنا8001,اختيارخ رمپنا-11850-1400/08/05,2,30,225000000,6788,7500,7500,712,10.49,7500,712,10.49,7500,7500,1400-5-17,2021-08-08
814,آوا2,صندوق س.سهام آواي معيار-س,2,900000,900000,7391,1,1,-7390,-99.99,1,-7390,-99.99,1,1,1400-5-17,2021-08-08
815,صايپا3082,صكوك مرابحه سايپا308-3ماهه 18%,2,1000000,963085000000,980000,962700,963250,-16750,-1.71,963085,-16915,-1.73,962700,963250,1400-5-17,2021-08-08
816,كمند2,صندوق س. با درآمد ثابت كمند,2,120000000,120000000,10006,1,1,-10005,-99.99,1,-10005,-99.99,1,1,1400-5-17,2021-08-08
817,اراد65,مرابحه عام دولتي65-ش.خ0210,2,1000,977500000,962312,960000,995000,32688,3.4,977500,15188,1.58,960000,995000,1400-5-17,2021-08-08
818,اراد49,مرابحه عام دولت4-ش.خ 0206,2,700,676000000,945000,910000,975000,30000,3.17,965714,20714,2.19,910000,975000,1400-5-17,2021-08-08
819,خاتم2,صندوق س خاتم ايساتيس پويا-ثابت,2,1300000,1300000,11704,1,1,-11703,-99.99,1,-11703,-99.99,1,1,1400-5-17,2021-08-08
820,آريان2,سرمايه گذاري پارس آريان,2,24470000,385402500000,15741,15750,15750,9,0.06,15750,9,0.06,15750,15750,1400-5-17,2021-08-08
821,زعف0008پ08,زعفران0008نگين روستا(پ),2,130,17917962,131942,139000,134999,3057,2.32,137830,5888,4.46,134999,139000,1400-5-17,2021-08-08
822,ضمخا7071,اختيارخ اخابر-23700-1400/07/28,2,54,2214000,42,41,41,-1,-2.38,41,-1,-2.38,41,41,1400-5-17,2021-08-08
823,ثنظام,س. ساختماني نظام مهندسي ايران,2,224,10194464,46918,45511,45511,-1407,-3,46917,-1,0,45511,45511,1400-5-17,2021-08-08
824,حاريا,كشتيراني آريا,2,1709,27925060,17020,16340,16340,-680,-4,17016,-4,-0.02,16340,16340,1400-5-17,2021-08-08
825,ضپنا8004,اختيارخ رمپنا-17850-1400/08/05,2,15,45075000,3000,3005,3005,5,0.17,3005,5,0.17,3005,3005,1400-5-17,2021-08-08
826,ضجار7038,اختيارخ وتجارت-1797-1400/07/21,2,3,2736000,897,918,900,3,0.33,912,15,1.67,900,918,1400-5-17,2021-08-08
827,شتولي,تولي‌پرس‌,2,343,10574347,31458,30829,30829,-629,-2,31457,-1,0,30829,30829,1400-5-17,2021-08-08
828,ضملي7001,اختيارخ فملي-8720-1400/07/11,2,3,16261000,5300,5421,5420,120,2.26,5420,120,2.26,5420,5421,1400-5-17,2021-08-08
829,اخزا9082,اسنادخزانه-م8بودجه99-020606,1,186728,127161768000,677899,681000,681000,3101,0.46,681000,3101,0.46,681000,681000,1400-5-17,2021-08-08
830,افران2,صندوق س افرا نماد پايدار-ثابت,1,3600000,3600000,13957,1,1,-13956,-99.99,1,-13956,-99.99,1,1,1400-5-17,2021-08-08
831,خفناور,مهندسي صنعتي روان فن آور,1,111,5039067,46801,45397,45397,-1404,-3,46800,-1,0,45397,45397,1400-5-17,2021-08-08
832,ثاباد,توريستي ورفاهي آبادگران ايران,1,101,4792450,49940,47450,47450,-2490,-4.99,49940,0,0,47450,47450,1400-5-17,2021-08-08
833,شسم,توليد سموم‌ علف‌ كش,1,118,11665480,96922,98860,98860,1938,2,96926,4,0,98860,98860,1400-5-17,2021-08-08
834,كگل2,معدني و صنعتي گل گهر,1,10000000,232500000000,22780,23250,23250,470,2.06,23250,470,2.06,23250,23250,1400-5-17,2021-08-08
835,افاد82,منفعت دولت8-ش.خاص لوتوس0205,1,3000,2835000000,960000,945000,945000,-15000,-1.56,945000,-15000,-1.56,945000,945000,1400-5-17,2021-08-08
836,اراد214,مرابحه عام دولت2ش.خ صادرات0212,1,10000000,9510170000000,1000000,951017,951017,-48983,-4.9,951017,-48983,-4.9,951017,951017,1400-5-17,2021-08-08
837,سايرا,ايرانيت‌,1,548,20112696,38231,36702,36702,-1529,-4,38225,-6,-0.02,36702,36702,1400-5-17,2021-08-08
838,فولاد2,فولاد مباركه اصفهان,1,12096534,133061874000,10550,11000,11000,450,4.27,11000,450,4.27,11000,11000,1400-5-17,2021-08-08
839,صگل039,صكوك اجاره گل گهر039-3ماهه20%,1,5,5250000,1010000,1050000,1050000,40000,3.96,1050000,40000,3.96,1050000,1050000,1400-5-17,2021-08-08
840,ضپنا8005,اختيارخ رمپنا-19850-1400/08/05,1,5,10560000,1527,2112,2112,585,38.31,2112,585,38.31,2112,2112,1400-5-17,2021-08-08
841,صپا ر 28,بار پايه روز 28صنعتي,1,1300,1196000,385,920,920,535,138.96,920,535,138.96,920,920,1400-5-17,2021-08-08
842,كايتا,ايتالران‌,1,78,764946,9340,9807,9807,467,5,9340,0,0,9807,9807,1400-5-17,2021-08-08
843,آگاس2,صندوق س.هستي بخش آگاه-س,1,1100000,1100000,81326,1,1,-81325,-100,1,-81325,-100,1,1,1400-5-17,2021-08-08
844,اراد834,مرابحه عام دولت83-ش.خ041220,1,10300000,9443730100000,1000000,916867,916867,-83133,-8.31,916867,-83133,-8.31,916867,916867,1400-5-17,2021-08-08
845,صپا ه 21,بار پايه هفته 21صنعتي,1,8000,6400000,385,800,800,415,107.79,800,415,107.79,800,800,1400-5-17,2021-08-08
846,ضغدر8058,اختيارخ وغدير-10000-1400/08/26,1,3,18750000,5700,6250,6250,550,9.65,6250,550,9.65,6250,6250,1400-5-17,2021-08-08
847,دارا4,صندوق س. دارا الگوريتم-د,1,2000000,20320000000,10032,10160,10160,128,1.28,10160,128,1.28,10160,10160,1400-5-17,2021-08-08
848,هرمز2,فولاد هرمزگان جنوب,1,2000000,30420000000,15186,15210,15210,24,0.16,15210,24,0.16,15210,15210,1400-5-17,2021-08-08
849,ضفار8050,اختيارخ فارس-7400-1400/08/05,1,9,57591000,5600,6399,6399,799,14.27,6399,799,14.27,6399,6399,1400-5-17,2021-08-08
850,كمرجان,بازرگاني و توليدي مرجان كار,1,36,4808196,140590,133561,133561,-7029,-5,140588,-2,0,133561,133561,1400-5-17,2021-08-08
851,اراد504,مرابحه عام دولت5-ش.خ0302,1,520000,520000000000,1000001,1000000,1000000,-1,0,1000000,-1,0,1000000,1000000,1400-5-17,2021-08-08
852,تملي701,تسهيلات مسكن ب. ملي-فروردين97,1,8,7031528,925201,878941,878941,-46260,-5,878941,-46260,-5,878941,878941,1400-5-17,2021-08-08
853,سنفت004,سلف موازي استاندارد سنفت004,1,25190,30002851780,1188111,1191062,1191062,2951,0.25,1191062,2951,0.25,1191062,1191062,1400-5-17,2021-08-08
854,صپا ر 33,بار پايه روز 33صنعتي,1,1300,1196000,385,920,920,535,138.96,920,535,138.96,920,920,1400-5-17,2021-08-08
855,ضملي7006,اختيارخ فملي-17720-1400/07/11,1,1,399000,309,399,399,90,29.13,399,90,29.13,399,399,1400-5-17,2021-08-08
856,صپا ر 32,بار پايه روز 32صنعتي,1,1300,1196000,385,920,920,535,138.96,920,535,138.96,920,920,1400-5-17,2021-08-08
857,اراد11,مرابحه عام دولت1-ش.خ لوتوس0206,1,3000,2835000000,960000,945000,945000,-15000,-1.56,945000,-15000,-1.56,945000,945000,1400-5-17,2021-08-08
858,سخوز2,سيمان خوزستان,1,5156472,135357390000,25150,26250,26250,1100,4.37,26250,1100,4.37,26250,26250,1400-5-17,2021-08-08
859,اخزا723,اسنادخزانه-م23بودجه97-000824,1,210,199709790,951000,950999,950999,-1,0,950999,-1,0,950999,950999,1400-5-17,2021-08-08
860,هفجر102,اختيارف ت بفجر8626-01/02/11,1,1,1,1,1,1,0,0,1,0,0,1,1,1400-5-17,2021-08-08
861,زير0103پ02,زيره سبز0103 دانش(پ),1,1,758875,777450,758875,758875,-18575,-2.39,758875,-18575,-2.39,758875,758875,1400-5-17,2021-08-08
862,اراد79,مرابحه عام دولت79-ش.خ010612,1,2000,1881600000,960000,940800,940800,-19200,-2,940800,-19200,-2,940800,940800,1400-5-17,2021-08-08
863,وثخوز,سرمايه گذاري و توسعه خوزستان,1,379,24361741,67662,64279,64279,-3383,-5,67653,-9,-0.01,64279,64279,1400-5-17,2021-08-08
864,ضپاس7027,اختيارخ وپارس-1800-1400/07/28,1,6,6000000,1030,1000,1000,-30,-2.91,1000,-30,-2.91,1000,1000,1400-5-17,2021-08-08
865,اراد50,مرابحه عام دولت5-ش.خ0302,1,13500,13500013500,1000001,1000001,1000001,0,0,1000001,0,0,1000001,1000001,1400-5-17,2021-08-08
866,ضچاد7031,اختيارخ كچاد-13870-1400/07/04,1,1,15000000,9000,15000,15000,6000,66.67,15000,6000,66.67,15000,15000,1400-5-17,2021-08-08
867,تابان04,اجاره تابان سپهر14031126,1,2,1920000,1001562,960000,960000,-41562,-4.15,960000,-41562,-4.15,960000,960000,1400-5-17,2021-08-08
868,ياقوت2,صندوق س ياقوت آگاه-ثابت,1,19872000,19872000,12815,1,1,-12814,-99.99,1,-12814,-99.99,1,1,1400-5-17,2021-08-08
869,ميدكو2,توسعه معادن وص.معدني خاورميانه,1,7400000,316572000000,42780,42780,42780,0,0,42780,0,0,42780,42780,1400-5-17,2021-08-08
870,سلامت64,مرابحه سلامت6واجدشرايط خاص1400,1,300000,300000000000,1000000,1000000,1000000,0,0,1000000,0,0,1000000,1000000,1400-5-17,2021-08-08
871,تملي806,تسهيلات مسكن ب. ملي-شهريور98,1,24,16370544,649625,682106,682106,32481,5,682106,32481,5,682106,682106,1400-5-17,2021-08-08
872,زعف0008پ18,زعفران0008نگين بهرامن(پ),1,200,29170000,145176,145850,145850,674,0.46,145850,674,0.46,145850,145850,1400-5-17,2021-08-08
873,اراد33,مرابحه عام دولت3-ش.خ 0303,1,100,90000000,939589,900000,900000,-39589,-4.21,900000,-39589,-4.21,900000,900000,1400-5-17,2021-08-08
874,وسالت,بانك قرض الحسنه رسالت,1,5046,5888682,1112,1167,1167,55,4.95,1112,0,0,1167,1167,1400-5-17,2021-08-08
875,پست0008پ04,پسته فندقي32-30سبزدانه0008(پ),1,3,5580000,1785995,1860000,1860000,74005,4.14,1860000,74005,4.14,1860000,1860000,1400-5-17,2021-08-08
876,ضملت8039,اختيارخ وبملت-2434-1400/08/19,1,20,39000000,1700,1950,1950,250,14.71,1950,250,14.71,1950,1950,1400-5-17,2021-08-08
877,ثقزوي,شركت عمران و سازندگي قزوين,1,165,5070285,31679,30729,30729,-950,-3,31679,0,0,30729,30729,1400-5-17,2021-08-08
878,حپترو,حمل و نقل پتروشيمي( سهامي عام,1,200,10088000,53090,50440,50440,-2650,-4.99,53090,0,0,50440,50440,1400-5-17,2021-08-08
879,ضجار7039,اختيارخ وتجارت-1997-1400/07/21,1,10,7900000,765,790,790,25,3.27,790,25,3.27,790,790,1400-5-17,2021-08-08
880,زعف0008پ12,زعفران0008پوشالمعمول سحرخيز(پ),1,7884,875124000,110044,111000,111000,956,0.87,111000,956,0.87,111000,111000,1400-5-17,2021-08-08
881,اروند04,منفعت صبا اروند كاردان14001113,1,370,370000000,1005367,1000000,1000000,-5367,-0.53,1000000,-5367,-0.53,1000000,1000000,1400-5-17,2021-08-08
882,صپا ر 30,بار پايه روز 30صنعتي,1,1300,1196000,385,920,920,535,138.96,920,535,138.96,920,920,1400-5-17,2021-08-08
883,كاوه2,فولاد كاوه جنوب كيش,1,10000000,188200000000,18800,18820,18820,20,0.11,18820,20,0.11,18820,18820,1400-5-17,2021-08-08
884,فسديد,لوله‌وتجهيزات‌ سديد - ورشكسته,1,54,5849712,109422,108328,108328,-1094,-1,109420,-2,0,108328,108328,1400-5-17,2021-08-08
885,اراد53,مرابحه عام دولت5-ش.خ 0207,1,1000,965000000,1000000,965000,965000,-35000,-3.5,965000,-35000,-3.5,965000,965000,1400-5-17,2021-08-08
886,اراد704,مرابحه عام دولت70-ش.خ0112,1,6000000,5673396000000,943750,945566,945566,1816,0.19,945566,1816,0.19,945566,945566,1400-5-17,2021-08-08
887,دمعيار2,صندوق س. توازن معيار-د,1,700000,700000,10080,1,1,-10079,-99.99,1,-10079,-99.99,1,1,1400-5-17,2021-08-08
888,شستا003,اجاره تامين اجتماعي-سپهر000523,1,400,394000000,1000000,985000,985000,-15000,-1.5,985000,-15000,-1.5,985000,985000,1400-5-17,2021-08-08
889,صپا ر 31,بار پايه روز 31صنعتي,1,1300,1196000,385,920,920,535,138.96,920,535,138.96,920,920,1400-5-17,2021-08-08
890,سفارود,كارخانه فارسيت درود,1,1000,16883000,17227,16883,16883,-344,-2,17226,-1,-0.01,16883,16883,1400-5-17,2021-08-08
891,مبين0152,اجاره اعتماد مبين تمدن011019,1,197700,197700000000,994500,1000000,1000000,5500,0.55,1000000,5500,0.55,1000000,1000000,1400-5-17,2021-08-08
892,ساراب2,سيمان‌ داراب‌,1,7478308,135357374800,18030,18100,18100,70,0.39,18100,70,0.39,18100,18100,1400-5-17,2021-08-08
