,نماد,نام,تعداد,حجم,ارزش,دیروز,اولین,آخرین معامله - مقدار,آخرین معامله - تغییر,آخرین معامله - درصد,قیمت پایانی - مقدار,قیمت پایانی - تغییر,قیمت پایانی - درصد,کمترین,بیشترین,تاریخ,gregorian_date
0,ولكار,ليزينگ كارآفرين,43757,12705116,42092049308,3156,3313,3313,157,4.97,3313,157,4.97,3313,3313,1400-4-1,2021-06-22
1,پالايش,صندوق پالايشي يكم-سهام,27928,38229075,2760745687660,71120,71700,71980,860,1.21,72220,1100,1.55,71700,73200,1400-4-1,2021-06-22
2,دارا يكم,صندوق واسطه گري مالي يكم-سهام,24801,22593950,2882462796240,124800,126000,128100,3300,2.64,127580,2780,2.23,125510,129000,1400-4-1,2021-06-22
3,فملي,ملي‌ صنايع‌ مس‌ ايران‌,24234,170353210,2014436805300,11540,11570,12040,500,4.33,11830,290,2.51,11530,12110,1400-4-1,2021-06-22
4,غكورش,صنعت غذايي كورش,21901,22490388,908329476740,38630,39990,40560,1930,5,40390,1760,4.56,39500,40560,1400-4-1,2021-06-22
5,فتوسا,توليد و توسعه سرب روي ايرانيان,21611,11252303,190006388458,16082,16886,16886,804,5,16886,804,5,16886,16886,1400-4-1,2021-06-22
6,خودرو,ايران‌ خودرو,20680,1114100519,2327524600649,1993,2049,2092,99,4.97,2089,96,4.82,2037,2092,1400-4-1,2021-06-22
7,شستا,سرمايه گذاري تامين اجتماعي,17440,89538197,1037734486360,11450,11570,11600,150,1.31,11590,140,1.22,11330,11890,1400-4-1,2021-06-22
8,رافزا,رايان هم افزا,15454,1845313,145359780270,79339,79675,77500,-1839,-2.32,78772,-567,-0.71,76210,81900,1400-4-1,2021-06-22
9,خگستر,گسترش‌سرمايه‌گذاري‌ايران‌خودرو,15030,436159398,1094496257123,2439,2520,2470,31,1.27,2509,70,2.87,2445,2560,1400-4-1,2021-06-22
10,اپال,فرآوري معدني اپال كاني پارس,13979,15831100,305643505210,19150,19150,19350,200,1.04,19310,160,0.84,19120,19500,1400-4-1,2021-06-22
11,شپنا,پالايش نفت اصفهان,13726,93182104,1204172166440,12550,12650,12900,350,2.79,12920,370,2.95,12650,13160,1400-4-1,2021-06-22
12,ومدير,گ.مديريت ارزش سرمايه ص ب كشوري,13249,23636235,84499540125,3405,3575,3575,170,4.99,3575,170,4.99,3575,3575,1400-4-1,2021-06-22
13,سپيدار,سپيدار سيستم آسيا,12160,457910,24317035932,52483,52020,53104,621,1.18,53104,621,1.18,52020,54030,1400-4-1,2021-06-22
14,فولاد,فولاد مباركه اصفهان,11970,97535316,996064911490,10080,10060,10330,250,2.48,10210,130,1.29,10050,10390,1400-4-1,2021-06-22
15,زملارد,كشاورزي و دامپروري ملارد شير,11820,2661964,79235328732,28845,28480,30257,1412,4.9,29766,921,3.19,28470,30287,1400-4-1,2021-06-22
16,امين يكم,صندوق درآمد ثابت امين يكم فردا,11383,846068989,8466354248527,10155,10000,10009,-146,-1.44,10007,-148,-1.46,9999,10012,1400-4-1,2021-06-22
17,چخزر,صنايع چوب خزر كاسپين,10765,2665238,88806480257,32766,33500,33100,334,1.02,33320,554,1.69,32770,34100,1400-4-1,2021-06-22
18,وتجارت,بانك تجارت,9756,263086842,678476631258,2491,2541,2610,119,4.78,2579,88,3.53,2540,2615,1400-4-1,2021-06-22
19,شاروم,پتروشيمي اروميه,8727,4024409,58492959639,14293,14293,14632,339,2.37,14535,242,1.69,14293,14750,1400-4-1,2021-06-22
20,وبملت,بانك ملت,8662,482376637,1966537266446,3904,3935,4099,195,4.99,4077,173,4.43,3910,4099,1400-4-1,2021-06-22
21,خپارس,پارس‌ خودرو,8473,378183249,407800519475,1047,1069,1072,25,2.39,1078,31,2.96,1060,1096,1400-4-1,2021-06-22
22,غزر,صنعتي زر ماكارون,7930,6943028,166161594160,22930,23660,24070,1140,4.97,23930,1000,4.36,23010,24070,1400-4-1,2021-06-22
23,شتران,پالايش نفت تهران,7790,66219541,588979124360,8670,8710,8900,230,2.65,8890,220,2.54,8700,9070,1400-4-1,2021-06-22
24,كمند,صندوق س. با درآمد ثابت كمند,7302,321143364,3241567879957,10089,10093,10094,5,0.05,10094,5,0.05,10093,10096,1400-4-1,2021-06-22
25,بركت,گروه دارويي بركت,7285,22389366,828751176830,35460,37000,37230,1770,4.99,37020,1560,4.4,36050,37230,1400-4-1,2021-06-22
26,كزغال,زغال سنگ پروده طبس,7284,3448115,113430700743,32080,32080,32520,440,1.37,32896,816,2.54,32080,33400,1400-4-1,2021-06-22
27,وبصادر,بانك صادرات ايران,7261,266093904,598771154913,2160,2200,2268,108,5,2250,90,4.17,2182,2268,1400-4-1,2021-06-22
28,هاي وب,داده گسترعصرنوين-هاي وب,6676,74010975,610010116800,8400,8100,8350,-50,-0.6,8240,-160,-1.9,8100,8450,1400-4-1,2021-06-22
29,خساپا,سايپا,6665,557967536,984722766097,1681,1765,1765,84,5,1765,84,5,1748,1765,1400-4-1,2021-06-22
30,نوري,پتروشيمي نوري,6073,7981745,635540928830,78040,78300,79440,1400,1.79,79620,1580,2.02,77500,81000,1400-4-1,2021-06-22
31,بوعلي,پتروشيمي بوعلي سينا,5934,2414877,109727702620,45400,45060,45710,310,0.68,45440,40,0.09,44930,45750,1400-4-1,2021-06-22
32,ثاميد,توسعه و عمران اميد,5927,84851920,145227975939,1677,1722,1742,65,3.88,1712,35,2.09,1667,1750,1400-4-1,2021-06-22
33,كرمان,س. توسعه و عمران استان كرمان,5654,172185168,195252141329,1111,1119,1139,28,2.52,1134,23,2.07,1119,1153,1400-4-1,2021-06-22
34,ذوب,سهامي ذوب آهن  اصفهان,5394,120943243,420480175828,3390,3399,3559,169,4.99,3477,87,2.57,3380,3559,1400-4-1,2021-06-22
35,چفيبر,فيبر ايران‌,5359,33589887,306030073600,9200,8740,9050,-150,-1.63,9110,-90,-0.98,8740,9550,1400-4-1,2021-06-22
36,غگيلا,شيرپاستوريزه پگاه گيلان,5182,4230790,60777224216,14091,13688,14745,654,4.64,14365,274,1.94,13390,14780,1400-4-1,2021-06-22
37,ثبهساز,بهساز كاشانه تهران,5152,66120096,134987767622,1953,2000,2050,97,4.97,2042,89,4.56,1963,2050,1400-4-1,2021-06-22
38,پترول,گ.س.وت.ص.پتروشيمي خليج فارس,5040,29684690,275597812240,9210,9220,9280,70,0.76,9280,70,0.76,9200,9440,1400-4-1,2021-06-22
39,خبهمن,گروه‌بهمن‌,4999,217381179,282332184474,1263,1287,1299,36,2.85,1299,36,2.85,1275,1320,1400-4-1,2021-06-22
40,ولپارس,ليزينگ پارسيان,4906,7107757,27575398228,3866,3920,3855,-11,-0.28,3880,14,0.36,3801,3950,1400-4-1,2021-06-22
41,وكبهمن,مديريت سرمايه گذاري كوثربهمن,4704,942586,10300690479,10803,10651,10920,117,1.08,10887,84,0.78,10651,11090,1400-4-1,2021-06-22
42,زنگان,صنعت روي زنگان,4688,3134785,194024063415,67180,60462,61560,-5620,-8.37,61894,-5286,-7.87,60462,64900,1400-4-1,2021-06-22
43,تكمبا,كمباين‌ سازي‌ ايران‌,4526,36044234,248873967680,7370,6640,6970,-400,-5.43,6900,-470,-6.38,6640,7210,1400-4-1,2021-06-22
44,تبرك,گروه كارخانجات صنعتي تبرك,4406,15805452,236281452999,14960,14212,15360,400,2.67,14949,-11,-0.07,14212,15608,1400-4-1,2021-06-22
45,غگلستا,شير پاستوريزه پگاه گلستان,4330,13077601,230093274487,19381,17443,17610,-1771,-9.14,17594,-1787,-9.22,17443,18270,1400-4-1,2021-06-22
46,غگل,گلوكوزان‌,4185,59033288,201879920757,3321,3320,3471,150,4.52,3420,99,2.98,3255,3486,1400-4-1,2021-06-22
47,وسپهر,سرمايه گذاري مالي سپهرصادرات,3933,8970759,81631295194,9094,9095,9095,1,0.01,9098,4,0.04,9094,9209,1400-4-1,2021-06-22
48,انرژي3,سايراشخاص بورس انرژي,3884,1236083,251587792870,194010,203710,203710,9700,5,203540,9530,4.91,200000,203710,1400-4-1,2021-06-22
49,وپويا,سرمايه گذاري پويا,3807,9086429,40978657466,4391,4590,4509,118,2.69,4510,119,2.71,4432,4590,1400-4-1,2021-06-22
50,تكشا,گسترش‌صنايع‌وخدمات‌كشاورزي‌,3727,8005780,251357920920,31320,29760,32700,1380,4.41,31400,80,0.26,29760,32880,1400-4-1,2021-06-22
51,وآيند,بانك  آينده,3580,125072538,1648456050840,13729,13180,13180,-549,-4,13180,-549,-4,13180,13180,1400-4-1,2021-06-22
52,كارين,صندوق س نگين سامان-ثابت,3466,161011802,1611026003146,10174,10006,10006,-168,-1.65,10006,-168,-1.65,10005,10008,1400-4-1,2021-06-22
53,آبادا,توليد نيروي برق آبادان,3452,2144254,22392065430,10020,10290,10520,500,4.99,10440,420,4.19,9950,10520,1400-4-1,2021-06-22
54,سيتا,سرمايه گذاري سيمان تامين,3431,2994245,45029720960,15000,15010,15070,70,0.47,15030,30,0.2,15000,15200,1400-4-1,2021-06-22
55,كاما,باما,3411,25348235,217287363260,8360,8350,8590,230,2.75,8570,210,2.51,8330,8730,1400-4-1,2021-06-22
56,بپيوند,برق و انرژي پيوندگستر پارس,3400,3275270,38828409504,11400,11800,11970,570,5,11855,455,3.99,11529,11970,1400-4-1,2021-06-22
57,آريا,پليمر آريا ساسول,3383,1657766,137515024150,82749,82710,83350,601,0.73,82952,203,0.25,82710,83570,1400-4-1,2021-06-22
58,فاذر,صنايع‌ آذرآب‌,3187,183269311,223266547431,1290,1190,1249,-41,-3.18,1218,-72,-5.58,1151,1249,1400-4-1,2021-06-22
59,وخارزم,سرمايه گذاري خوارزمي,3155,39553577,178148898005,4316,4320,4531,215,4.98,4504,188,4.36,4320,4531,1400-4-1,2021-06-22
60,ونوين,بانك‌اقتصادنوين‌,3144,57088756,269173415588,4663,4690,4700,37,0.79,4715,52,1.12,4530,4804,1400-4-1,2021-06-22
61,فارس,صنايع پتروشيمي خليج فارس,3026,28092539,284259972180,9830,9800,10180,350,3.56,10120,290,2.95,9800,10300,1400-4-1,2021-06-22
62,ثشاهد,سرمايه‌ گذاري‌ شاهد,2965,13488799,175853823620,12850,12960,13280,430,3.35,13040,190,1.48,12750,13400,1400-4-1,2021-06-22
63,وغدير,سرمايه‌گذاري‌غدير(هلدينگ‌,2964,21593318,236133450920,10820,10900,11080,260,2.4,10940,120,1.11,10700,11130,1400-4-1,2021-06-22
64,خاهن,آهنگري‌ تراكتورسازي‌ ايران‌,2962,13351698,129332003010,9930,9540,9500,-430,-4.33,9690,-240,-2.42,9460,10090,1400-4-1,2021-06-22
65,فاراك,ماشين‌ سازي‌ اراك‌,2935,109800809,225480583802,1961,2050,2059,98,5,2054,93,4.74,2001,2059,1400-4-1,2021-06-22
66,كيان,صندوق س. با درآمد ثابت كيان,2930,54646509,1584562504710,28979,29000,28997,18,0.06,28997,18,0.06,28991,29000,1400-4-1,2021-06-22
67,امين,تامين سرمايه امين,2802,2033925,14571649020,7130,7210,7150,20,0.28,7150,20,0.28,7150,7280,1400-4-1,2021-06-22
68,بگيلان,توسعه مسير برق گيلان,2714,479957,9255046542,19042,18666,19210,168,0.88,19109,67,0.35,18666,19598,1400-4-1,2021-06-22
69,چدن,توليدي چدن سازان,2613,32455529,138307066896,4300,4300,4195,-105,-2.44,4261,-39,-0.91,4100,4439,1400-4-1,2021-06-22
70,وساپا,سرمايه‌گذاري‌ سايپا,2611,64274728,322869123579,4820,4900,5050,230,4.77,5023,203,4.21,4860,5061,1400-4-1,2021-06-22
71,پيزد,مجتمع صنايع لاستيك يزد,2555,346290,21389897918,61514,63200,61990,476,0.77,61769,255,0.41,61200,63300,1400-4-1,2021-06-22
72,شگويا,پتروشيمي تندگويان,2550,18104403,159027944786,8417,8500,8837,420,4.99,8784,367,4.36,8500,8837,1400-4-1,2021-06-22
73,دتوليد,داروسازي توليد دارو,2521,7411818,106314938833,14511,14500,14500,-11,-0.08,14344,-167,-1.15,13810,14940,1400-4-1,2021-06-22
74,حريل,ريل پردازسير,2501,25323913,96990050344,3783,3810,3868,85,2.25,3830,47,1.24,3701,3962,1400-4-1,2021-06-22
75,فروي,ذوب روي اصفهان,2439,3895072,118055896223,29984,30300,30500,516,1.72,30309,325,1.08,29855,30900,1400-4-1,2021-06-22
76,ديران,ايران‌دارو,2411,11512166,138750188630,16330,11800,12390,-3940,-24.13,12050,-4280,-26.21,11220,12390,1400-4-1,2021-06-22
77,پارند,صندوق س. پارند پايدار سپهر,2381,480779185,5401601063192,11222,11234,11236,14,0.12,11235,13,0.12,11234,11254,1400-4-1,2021-06-22
78,فخوز,فولاد  خوزستان,2349,19690660,302603744410,15270,15100,15480,210,1.38,15370,100,0.65,15100,15750,1400-4-1,2021-06-22
79,خمهر,مهركام‌پارس‌,2348,56308363,96976091456,1737,1750,1720,-17,-0.98,1722,-15,-0.86,1670,1790,1400-4-1,2021-06-22
80,گشان,توسعه بين المللي پديده شانديز,2293,4445147,85252780608,19335,19020,19440,105,0.54,19179,-156,-0.81,18949,19700,1400-4-1,2021-06-22
81,ومعادنح,ح . توسعه‌معادن‌وفلزات‌,2275,21771273,129525911690,5810,5780,6100,290,4.99,5950,140,2.41,5780,6170,1400-4-1,2021-06-22
82,لپارس,پارس‌ الكتريك‌,2256,2492691,190622048850,79090,75140,78700,-390,-0.49,76470,-2620,-3.31,75140,83040,1400-4-1,2021-06-22
83,چكاپا,گروه صنايع كاغذ پارس,2231,43289179,161847695710,3563,3690,3741,178,5,3739,176,4.94,3620,3741,1400-4-1,2021-06-22
84,پتاير,ايران‌ تاير,2146,30416252,83811862951,2745,2790,2749,4,0.15,2755,10,0.36,2700,2840,1400-4-1,2021-06-22
85,بترانس,ايران‌ ترانسفو,2136,47725969,105320244813,2161,2200,2244,83,3.84,2207,46,2.13,2161,2260,1400-4-1,2021-06-22
86,فولاي,صنايع فولاد آلياژي يزد,2107,4311911,150550959395,33772,34850,35460,1688,5,34915,1143,3.38,33000,35460,1400-4-1,2021-06-22
87,دماوند,توليد نيروي برق دماوند,2088,5118038,143433727667,28250,27500,28100,-150,-0.53,28025,-225,-0.8,27251,28410,1400-4-1,2021-06-22
88,افران,صندوق س افرا نماد پايدار-ثابت,2071,83070766,1129818243119,13586,13598,13602,16,0.12,13601,15,0.11,13596,13602,1400-4-1,2021-06-22
89,ثاخت,بين‌المللي‌توسعه‌ساختمان,2068,38153178,80926850886,2096,2150,2137,41,1.96,2121,25,1.19,2100,2161,1400-4-1,2021-06-22
90,اعتماد,صندوق س.اعتماد آفرين پارسيان-د,2050,45031430,1671058772310,37091,37109,37111,20,0.05,37109,18,0.05,37108,37111,1400-4-1,2021-06-22
91,ختوقا,قطعات‌ اتومبيل‌ ايران‌,2010,33945250,70857954910,2067,2067,2084,17,0.82,2087,20,0.97,2049,2155,1400-4-1,2021-06-22
92,فجر,فولاد اميركبيركاشان,1999,5100835,142640675070,28200,28370,28030,-170,-0.6,27960,-240,-0.85,27700,28500,1400-4-1,2021-06-22
93,خمحركه,نيرو محركه‌,1987,27093296,99116795619,3604,3650,3631,27,0.75,3658,54,1.5,3620,3730,1400-4-1,2021-06-22
94,كقزوي,شيشه‌ قزوين‌,1940,18106551,108142138439,6061,5880,5948,-113,-1.86,5973,-88,-1.45,5880,6242,1400-4-1,2021-06-22
95,ولساپا,ليزينگ رايان‌ سايپا,1921,39328464,109092185313,2765,2800,2781,16,0.58,2774,9,0.33,2731,2870,1400-4-1,2021-06-22
96,غشهداب,كشت و صنعت شهداب ناب خراسان,1852,20394284,68122718838,3242,3231,3404,162,5,3340,98,3.02,3220,3404,1400-4-1,2021-06-22
97,وپست,پست بانك ايران,1844,6388121,150213642310,22630,22410,23760,1130,4.99,23510,880,3.89,22410,23760,1400-4-1,2021-06-22
98,تاپيكو,س. نفت و گاز و پتروشيمي تأمين,1795,20748490,226876358020,10630,10750,11110,480,4.52,10930,300,2.82,10630,11160,1400-4-1,2021-06-22
99,كفپارس,فرآورده‌هاي‌ نسوز پارس‌,1766,18928420,59396281514,3118,3010,3175,57,1.83,3138,20,0.64,3000,3250,1400-4-1,2021-06-22
100,ماديرا,صنايع ماديران,1757,21393240,170484150188,7705,7704,7959,254,3.3,7969,264,3.43,7704,8090,1400-4-1,2021-06-22
101,ودي,بيمه  دي,1755,5717674,114967395102,20384,20380,20050,-334,-1.64,20107,-277,-1.36,19550,20880,1400-4-1,2021-06-22
102,سبهان,سيمان‌ بهبهان‌,1754,2014753,113013468850,54030,54070,56730,2700,5,56090,2060,3.81,53000,56730,1400-4-1,2021-06-22
103,كوير,توليدي فولاد سپيد فراب كوير,1749,8202638,111321819120,13370,13500,13700,330,2.47,13570,200,1.5,13370,13800,1400-4-1,2021-06-22
104,سمگا,گروه سرمايه گذاري ميراث فرهنگي,1742,5555140,113244099155,19868,20380,20861,993,5,20385,517,2.6,20000,20861,1400-4-1,2021-06-22
105,ومعادن,توسعه‌معادن‌وفلزات‌,1721,26378237,218426038100,8040,8000,8440,400,4.98,8280,240,2.99,8000,8440,1400-4-1,2021-06-22
106,كوثر,بيمه كوثر,1711,8093668,111859996632,13987,13700,14100,113,0.81,13821,-166,-1.19,13383,14440,1400-4-1,2021-06-22
107,ساوه,سيمان ساوه,1690,1466651,68574829700,44926,44251,47172,2246,5,46756,1830,4.07,44251,47172,1400-4-1,2021-06-22
108,وسلرستا,شركت س استان لرستان,1689,91947318,52743330168,560,543,588,28,5,574,14,2.5,543,588,1400-4-1,2021-06-22
109,بجهرم,توسعه مولد نيروگاهي جهرم,1681,44765726,102812058178,2190,2299,2299,109,4.98,2297,107,4.89,2230,2299,1400-4-1,2021-06-22
110,غپينو,پارس‌ مينو,1658,12310666,78773286130,6290,6330,6350,60,0.95,6400,110,1.75,6150,6600,1400-4-1,2021-06-22
111,غسالم,سالمين‌,1643,21555968,71925037835,3313,3300,3353,40,1.21,3337,24,0.72,3210,3440,1400-4-1,2021-06-22
112,فاسمين,كالسيمين‌,1593,9764718,138373731810,14130,14200,14300,170,1.2,14170,40,0.28,14000,14440,1400-4-1,2021-06-22
113,صبا,سرمايه گذاري صبا تامين,1570,5882898,42163928057,7088,7179,7176,88,1.24,7115,27,0.38,7070,7261,1400-4-1,2021-06-22
114,لابسا,آبسال‌,1560,2007456,67917717920,33860,33300,34800,940,2.78,33830,-30,-0.09,32520,34950,1400-4-1,2021-06-22
115,وبانك,سرمايه گذاري گروه توسعه ملي,1557,15976782,122878979390,7410,7400,7780,370,4.99,7690,280,3.78,7400,7780,1400-4-1,2021-06-22
116,فزرين,زرين معدن آسيا,1548,6729118,99859008495,14325,14650,15041,716,5,14840,515,3.6,14500,15041,1400-4-1,2021-06-22
117,شتوكا,توكا رنگ فولاد سپاهان,1548,2700544,72276882158,27658,26900,26672,-986,-3.56,26764,-894,-3.23,26276,27500,1400-4-1,2021-06-22
118,غصينو,صنعتي مينو,1536,4320437,229584781938,51773,51910,53600,1827,3.53,53139,1366,2.64,51008,54361,1400-4-1,2021-06-22
119,وصندوق,سرمايه‌گذاري‌صندوق‌بازنشستگي‌,1532,25522885,347715254070,13190,13400,13830,640,4.85,13620,430,3.26,13300,13840,1400-4-1,2021-06-22
120,كچاد,معدني‌وصنعتي‌چادرملو,1528,4403317,103850190560,23600,23700,23860,260,1.1,23590,-10,-0.04,23350,23860,1400-4-1,2021-06-22
121,وپاسار,بانك  پاسارگاد,1508,18455177,282951416700,15210,15220,15390,180,1.18,15330,120,0.79,15210,15550,1400-4-1,2021-06-22
122,شاراك,پتروشيمي شازند,1491,4393161,126482701110,28060,29190,28550,490,1.75,28790,730,2.6,28500,29190,1400-4-1,2021-06-22
123,سرو,صندوق س سروسودمند مدبران-سهام,1447,2348930,145287821480,60790,61140,62560,1770,2.91,61850,1060,1.74,61130,62590,1400-4-1,2021-06-22
124,زبينا,كشاورزي و دامپروري بينالود,1443,17190478,46869766911,2713,2749,2713,0,0,2726,13,0.48,2680,2813,1400-4-1,2021-06-22
125,زشريف,كشت وصنعت شريف آباد,1424,17357635,75122562432,4134,4153,4340,206,4.98,4328,194,4.69,4153,4340,1400-4-1,2021-06-22
126,خكمك,كمك‌فنرايندامين‌,1393,3071747,50342671050,16400,16500,16100,-300,-1.83,16390,-10,-0.06,15980,17050,1400-4-1,2021-06-22
127,حفاري,حفاري شمال,1389,12867245,80394175370,6050,6160,6240,190,3.14,6250,200,3.31,6130,6350,1400-4-1,2021-06-22
128,قزوين,كارخانجات‌ قند قزوين‌,1379,3429302,80182591320,23310,22410,24000,690,2.96,23380,70,0.3,22410,24470,1400-4-1,2021-06-22
129,خصدرا,صنعتي‌ دريايي‌ ايران‌,1376,33905776,79954192341,2294,2320,2362,68,2.96,2358,64,2.79,2314,2362,1400-4-1,2021-06-22
130,بزاگرس,نيروگاه زاگرس كوثر,1366,10160783,45860624210,4373,4380,4591,218,4.99,4513,140,3.2,4380,4591,1400-4-1,2021-06-22
131,كلوند,كاشي‌ الوند,1355,3143246,66369754520,20390,20890,21170,780,3.83,21120,730,3.58,20400,21400,1400-4-1,2021-06-22
132,دانا,بيمه دانا,1349,12077058,55753085114,4652,4690,4599,-53,-1.14,4616,-36,-0.77,4570,4730,1400-4-1,2021-06-22
133,كحافظ,كاشي‌ وسراميك‌ حافظ‌,1337,6563368,51144034900,7710,7720,7900,190,2.46,7790,80,1.04,7600,7920,1400-4-1,2021-06-22
134,شيران,س. صنايع‌شيميايي‌ايران,1336,4260056,85233188090,19970,19840,20190,220,1.1,20010,40,0.2,19500,20240,1400-4-1,2021-06-22
135,خبازرس,بازرسي مهندسي و صنعتي ايران,1331,3062622,78076904277,25852,26108,25730,-122,-0.47,25493,-359,-1.39,25077,26599,1400-4-1,2021-06-22
136,تملت,تامين سرمايه بانك ملت,1316,10900368,54666214105,4810,4850,5050,240,4.99,5015,205,4.26,4850,5050,1400-4-1,2021-06-22
137,اتكاي,بيمه اتكايي ايرانيان,1308,6271734,64107990851,10581,10200,10052,-529,-5,10222,-359,-3.39,10052,10630,1400-4-1,2021-06-22
138,كاوه,فولاد كاوه جنوب كيش,1308,7118624,130079389980,18070,17900,18490,420,2.32,18270,200,1.11,17900,18670,1400-4-1,2021-06-22
139,فباهنر,مس‌ شهيدباهنر,1300,3730187,72179532830,19090,19500,19820,730,3.82,19350,260,1.36,18140,20000,1400-4-1,2021-06-22
140,كلر,كلر پارس,1299,1031512,96952168416,90000,91000,94500,4500,5,93990,3990,4.43,91000,94500,1400-4-1,2021-06-22
141,شفن,پتروشيمي فناوران,1283,325661,102401609250,315400,318500,313400,-2000,-0.63,314450,-950,-0.3,312010,318500,1400-4-1,2021-06-22
142,چكارن,كارتن‌ ايران‌,1274,18744102,48350641915,2510,2585,2568,58,2.31,2580,70,2.79,2540,2635,1400-4-1,2021-06-22
143,وبيمه,سرمايه‌ گذاري‌ صنعت‌ بيمه‌,1263,21488536,37344425070,1731,1751,1724,-7,-0.4,1738,7,0.4,1690,1789,1400-4-1,2021-06-22
144,تاصيكو,سرمايه گذاري صدرتامين,1217,19449390,184042927710,9270,9140,9640,370,3.99,9460,190,2.05,9140,9690,1400-4-1,2021-06-22
145,شپديس,پتروشيمي پرديس,1212,1486161,161134279880,108460,106500,108750,290,0.27,108420,-40,-0.04,106500,109100,1400-4-1,2021-06-22
146,تسه0002,امتيازتسهيلاتمسكن ارديبهشت1400,1207,27037,16327840951,608358,605500,611000,2642,0.43,603907,-4451,-0.73,581111,620001,1400-4-1,2021-06-22
147,سمايه,بانك سرمايه,1207,6933153,27135457739,3901,3880,3920,19,0.49,3914,13,0.33,3785,4006,1400-4-1,2021-06-22
148,ورازي,بيمه رازي,1207,33586588,41204809242,1232,1277,1220,-12,-0.97,1227,-5,-0.41,1186,1277,1400-4-1,2021-06-22
149,البرز,بيمه البرز,1199,24543785,101802532444,4033,4100,4130,97,2.41,4148,115,2.85,4080,4229,1400-4-1,2021-06-22
150,كسرا,سراميك‌هاي‌صنعتي‌اردكان‌,1180,5885462,87103948380,14910,14500,14870,-40,-0.27,14800,-110,-0.74,14500,15240,1400-4-1,2021-06-22
151,كگل,معدني و صنعتي گل گهر,1173,6989230,116797891650,16360,16390,16940,580,3.55,16690,330,2.02,16100,17160,1400-4-1,2021-06-22
152,كيميا,معدني كيمياي زنجان گستران,1145,7528067,96526617964,12684,12700,13149,465,3.67,12822,138,1.09,12501,13249,1400-4-1,2021-06-22
153,آگاس,صندوق س.هستي بخش آگاه-س,1133,1236572,80674861854,64488,64630,65670,1182,1.83,65241,753,1.17,64410,65750,1400-4-1,2021-06-22
154,نوين,بيمه نوين,1129,8200546,40888065666,4972,5090,4936,-36,-0.72,4986,14,0.28,4870,5090,1400-4-1,2021-06-22
155,بكام,كارخانجات توليدي شهيد قندي,1128,16902793,49135907439,2786,2769,2925,139,4.99,2907,121,4.34,2769,2925,1400-4-1,2021-06-22
156,غفارس,شير پاستوريزه پگاه فارس,1123,6494750,97340990029,15681,14897,14897,-784,-5,14988,-693,-4.42,14897,15640,1400-4-1,2021-06-22
157,قرنح,ح . پديده شيمي قرن,1123,657133,15562262420,23620,23200,23640,20,0.08,23680,60,0.25,23200,24350,1400-4-1,2021-06-22
158,وسينا,بانك سينا,1122,57139771,148965831462,2485,2530,2609,124,4.99,2607,122,4.91,2522,2609,1400-4-1,2021-06-22
159,ونيكي,سرمايه‌گذاري‌ ملي‌ايران‌,1121,18555179,160543292820,8420,8200,8840,420,4.99,8650,230,2.73,8200,8840,1400-4-1,2021-06-22
160,زشگزا,شير و گوشت زاگرس شهركرد,1110,6260440,38450974104,6142,6251,6080,-62,-1.01,6142,0,0,5950,6346,1400-4-1,2021-06-22
161,ديرانح,ح . ‌ايران‌دارو,1108,7435740,62456849530,7190,7790,8560,1370,19.05,8400,1210,16.83,7600,8560,1400-4-1,2021-06-22
162,شسپا,نفت سپاهان,1107,3078195,50076845960,16310,16550,16150,-160,-0.98,16280,-30,-0.18,16000,16800,1400-4-1,2021-06-22
163,وملي,گروه‌ صنعتي‌ ملي‌ (هلدينگ‌,1099,549322,74554975950,135800,133100,135500,-300,-0.22,135720,-80,-0.06,133100,141000,1400-4-1,2021-06-22
164,بكهنوج,توليد برق ماهتاب كهنوج,1082,26516563,38906781633,1431,1440,1467,36,2.52,1467,36,2.52,1440,1484,1400-4-1,2021-06-22
165,سكرد,سيمان كردستان,1077,10372038,66307857730,6700,6370,6440,-260,-3.88,6390,-310,-4.63,6370,6500,1400-4-1,2021-06-22
166,فسرب,ملي‌ سرب‌وروي‌ ايران‌,1062,1099806,63379094070,54950,57690,57690,2740,4.99,57630,2680,4.88,56130,57690,1400-4-1,2021-06-22
167,ستران,سيمان‌ تهران‌,1061,4392814,94483905710,20520,21520,21540,1020,4.97,21510,990,4.82,20850,21540,1400-4-1,2021-06-22
168,كشرق,صنعتي و معدني شمال شرق شاهرود,1056,1364959,77822741296,59518,56701,56543,-2975,-5,57015,-2503,-4.21,56543,59500,1400-4-1,2021-06-22
169,سشرق,سيمان‌ شرق‌,1052,27583417,167330462260,5800,5800,6090,290,5,6070,270,4.66,5760,6090,1400-4-1,2021-06-22
170,خودكفا,اقتصادي و خودكفايي آزادگان,1049,4181234,70747354406,16874,17000,16920,46,0.27,16920,46,0.27,16625,17110,1400-4-1,2021-06-22
171,اميد,تامين سرمايه اميد,1044,5719503,36242080380,6310,6020,6360,50,0.79,6340,30,0.48,6010,6570,1400-4-1,2021-06-22
172,حكشتي,كشتيراني جمهوري اسلامي ايران,1033,11424836,167826385080,14030,14300,14730,700,4.99,14690,660,4.7,14300,14730,1400-4-1,2021-06-22
173,رمپنا,گروه مپنا (سهامي عام),1019,20874385,274657594990,12550,13040,13170,620,4.94,13160,610,4.86,12650,13170,1400-4-1,2021-06-22
174,وتوصا,گروه س توسعه صنعتي ايران,1015,4530621,37042033200,8100,8370,8180,80,0.99,8180,80,0.99,8010,8370,1400-4-1,2021-06-22
175,ورنا,سرمايه‌گذاري‌ رنا(هلدينگ‌,995,16151920,76471693074,4520,4718,4746,226,5,4735,215,4.76,4600,4746,1400-4-1,2021-06-22
176,سبزوا,سيمان لار سبزوار,986,11452612,32019172816,2721,2751,2818,97,3.56,2796,75,2.76,2750,2853,1400-4-1,2021-06-22
177,شغدير,پتروشيمي غدير,980,1310174,79795792580,60020,59000,60190,170,0.28,60900,880,1.47,59000,62310,1400-4-1,2021-06-22
178,سخاش,سيمان‌خاش‌,975,370190,33590961480,87970,92290,91590,3620,4.12,90740,2770,3.15,88110,92290,1400-4-1,2021-06-22
179,وتوكا,سرمايه‌گذاري‌توكافولاد(هلدينگ,974,8448075,70059610660,8030,8000,8430,400,4.98,8290,260,3.24,8000,8430,1400-4-1,2021-06-22
180,تسه9912,امتياز تسهيلات مسكن اسفند99,967,32912,19270921381,603322,582000,580000,-23322,-3.87,585529,-17793,-2.95,573156,630000,1400-4-1,2021-06-22
181,شلرد,كود شيميايي اوره لردگان,962,14844565,92560267010,6062,6000,6243,181,2.99,6235,173,2.85,6000,6243,1400-4-1,2021-06-22
182,غپونه,نوش پونه مشهد,957,2011280,29601215555,15006,14556,14600,-406,-2.71,14718,-288,-1.92,14556,15200,1400-4-1,2021-06-22
183,سدور,سيمان‌ دورود,943,6196285,47275819360,7560,7580,7550,-10,-0.13,7630,70,0.93,7310,7750,1400-4-1,2021-06-22
184,خاذين,سايپاآذين‌,935,14930676,41409337002,2704,2750,2740,36,1.33,2773,69,2.55,2704,2820,1400-4-1,2021-06-22
185,ضخود7075,اختيارخ خودرو-2000-1400/07/07,930,35826,9455082000,228,268,261,33,14.47,264,36,15.79,245,290,1400-4-1,2021-06-22
186,كاذر,فرآورده‌هاي‌نسوزآذر,926,3058458,38957673660,12780,12600,12630,-150,-1.17,12740,-40,-0.31,12570,13020,1400-4-1,2021-06-22
187,خموتور,موتورسازان‌تراكتورسازي‌ايران‌,921,4464234,41223541960,9140,9440,9200,60,0.66,9230,90,0.98,9140,9440,1400-4-1,2021-06-22
188,ونيرو,سرمايه‌گذاري‌نيرو,914,13761604,31862775260,2280,2333,2320,40,1.75,2315,35,1.54,2292,2359,1400-4-1,2021-06-22
189,تسه0001,امتيازتسهيلات مسكن فروردين1400,914,17860,10690869548,603602,580000,573422,-30180,-5,598593,-5009,-0.83,573422,619999,1400-4-1,2021-06-22
190,آسيا,بيمه آسيا,909,16143238,28564396503,1726,1723,1779,53,3.07,1769,43,2.49,1723,1800,1400-4-1,2021-06-22
191,ساروم,سيمان‌اروميه‌,899,3745610,109582571550,27910,28560,29300,1390,4.98,29260,1350,4.84,27980,29300,1400-4-1,2021-06-22
192,فلوله,لوله‌وماشين‌سازي‌ايران‌,891,4069627,67035846310,15760,16090,16540,780,4.95,16470,710,4.51,15760,16540,1400-4-1,2021-06-22
193,غويتا,ويتانا,890,2531921,24842135777,9874,9710,9763,-111,-1.12,9812,-62,-0.63,9710,10060,1400-4-1,2021-06-22
194,وساخت,سرمايه‌ گذاري‌ ساختمان‌ايران‌,880,1228473,64321705110,52910,52350,51250,-1660,-3.14,52360,-550,-1.04,51210,53930,1400-4-1,2021-06-22
195,لسرما,سرما آفرين‌,877,1925152,39916607860,19790,20700,20770,980,4.95,20730,940,4.75,20300,20770,1400-4-1,2021-06-22
196,فوكا,فولاد كاويان,877,6132400,90153568311,14315,14500,14742,427,2.98,14701,386,2.7,14500,14744,1400-4-1,2021-06-22
197,غشان,شيرپاستوريزه‌پگاه‌خراسان‌,876,5459658,26220954817,4626,4839,4857,231,4.99,4803,177,3.83,4650,4857,1400-4-1,2021-06-22
198,قهكمت,قندهكمتان‌,857,1289294,37160135510,28990,27600,29720,730,2.52,28820,-170,-0.59,27600,29900,1400-4-1,2021-06-22
199,سرچشمه,سرمايه گذاري مس سرچشمه,844,6521778,46490926921,6960,7167,7200,240,3.45,7129,169,2.43,7001,7205,1400-4-1,2021-06-22
200,سيمرغ,سيمرغ,829,4241985,65885831200,14840,14920,15580,740,4.99,15530,690,4.65,14920,15580,1400-4-1,2021-06-22
201,وآرين,شركت توسعه اقتصادي آرين,828,13622723,44518945069,3179,3273,3258,79,2.49,3268,89,2.8,3203,3274,1400-4-1,2021-06-22
202,خزاميا,زامياد,825,20874050,130242507130,5960,6180,6250,290,4.87,6240,280,4.7,6170,6250,1400-4-1,2021-06-22
203,آكورد,صندوق س. آرمان آتي كوثر-د,817,31805963,1039990847583,32681,32696,32697,16,0.05,32698,17,0.05,32696,32701,1400-4-1,2021-06-22
204,توريل,توكاريل,811,2935320,40923150042,13360,13978,14028,668,5,13942,582,4.36,13610,14028,1400-4-1,2021-06-22
205,بنو,بيمه تجارت نو,810,2110093,40606862498,18941,19010,19066,125,0.66,19244,303,1.6,19010,19580,1400-4-1,2021-06-22
206,فنوال,نورد آلومينيوم‌,801,642497,15038561370,22850,23690,23790,940,4.11,23400,550,2.41,23000,23900,1400-4-1,2021-06-22
207,ساينا,صنايع بهداشتي ساينا,800,241040,34612305515,139737,132751,142060,2323,1.66,143596,3859,2.76,132751,146723,1400-4-1,2021-06-22
208,وايرا,سرمايه گذاري صنايع ايران,800,4760178,49942993312,11015,10465,10550,-465,-4.22,10492,-523,-4.75,10465,10650,1400-4-1,2021-06-22
209,ثمسكن,سرمايه‌گذاري‌ مسكن‌,789,13430056,58766923218,4323,4323,4309,-14,-0.32,4376,53,1.23,4220,4499,1400-4-1,2021-06-22
210,واميد,گروه مديريت سرمايه گذاري اميد,789,6720445,62470346580,9390,9020,9400,10,0.11,9340,-50,-0.53,8990,9620,1400-4-1,2021-06-22
211,دفارا,داروسازي‌ فارابي‌,787,1179470,41480071270,34150,35000,35850,1700,4.98,35170,1020,2.99,34090,35850,1400-4-1,2021-06-22
212,كروي,توسعه‌ معادن‌ روي‌ ايران‌,787,2339791,50074707040,21270,21480,21660,390,1.83,21400,130,0.61,20560,22120,1400-4-1,2021-06-22
213,قشير,قند شيروان قوچان و بجنورد,786,1542738,24207878624,15057,15800,15809,752,4.99,15692,635,4.22,15336,15809,1400-4-1,2021-06-22
214,فمراد,آلومراد,780,321258,21903962910,67070,69190,69470,2400,3.58,68180,1110,1.65,66010,69500,1400-4-1,2021-06-22
215,هجرت,پخش هجرت,780,5482538,105013305041,18277,18870,19190,913,5,19154,877,4.8,18348,19190,1400-4-1,2021-06-22
216,سدشت,صنايع سيمان دشتستان,780,1091965,65585289210,62730,59600,59600,-3130,-4.99,60060,-2670,-4.26,59600,65000,1400-4-1,2021-06-22
217,وصنعت,سرمايه گذاري توسعه صنعت وتجارت,778,6334589,34048847290,5350,5350,5400,50,0.93,5380,30,0.56,5310,5490,1400-4-1,2021-06-22
218,كماسه,تامين‌ ماسه‌ ريخته‌گري‌,777,1693468,50830493810,29170,29000,30620,1450,4.97,30020,850,2.91,28370,30620,1400-4-1,2021-06-22
219,دزهراوي,داروسازي‌زهراوي‌,777,5336711,31090926290,5740,5790,5920,180,3.14,5830,90,1.57,5690,5950,1400-4-1,2021-06-22
220,فايرا,آلومينيوم‌ايران‌,773,2277905,36094096590,15720,15700,16080,360,2.29,15790,70,0.45,15300,16310,1400-4-1,2021-06-22
221,سغرب,سيمان‌غرب‌,773,1701209,39501228970,23670,23850,22910,-760,-3.21,23220,-450,-1.9,22730,23950,1400-4-1,2021-06-22
222,گكوثر,هتل پارسيان كوثر اصفهان,767,13849573,29171873797,2111,2147,2118,7,0.33,2106,-5,-0.24,2085,2147,1400-4-1,2021-06-22
223,خاتم,صندوق س خاتم ايساتيس پويا-ثابت,766,36525317,412001249632,11265,11276,11281,16,0.14,11280,15,0.13,11275,11281,1400-4-1,2021-06-22
224,بموتو,موتوژن‌,762,1281966,69088115450,51520,52800,54090,2570,4.99,53890,2370,4.6,51570,54090,1400-4-1,2021-06-22
225,قرن,پديده شيمي قرن,760,1054175,31752919110,29750,29990,30030,280,0.94,30120,370,1.24,29650,31000,1400-4-1,2021-06-22
226,غمينو,شركت صنايع غذايي مينو شرق,759,3267053,26754962868,8183,8449,8185,2,0.02,8189,6,0.07,8100,8449,1400-4-1,2021-06-22
227,خشرق,الكتريك‌ خودرو شرق‌,752,2866023,27628256200,9400,9690,9590,190,2.02,9640,240,2.55,9400,9790,1400-4-1,2021-06-22
228,ارفع,شركت آهن و فولاد ارفع,752,5219569,68299069811,13028,13120,13274,246,1.89,13085,57,0.44,12960,13300,1400-4-1,2021-06-22
229,فباهنرح,ح . مس‌ شهيدباهنر,743,2699848,41164902600,14970,15300,15510,540,3.61,15250,280,1.87,14890,15580,1400-4-1,2021-06-22
230,قاسم,قاسم ايران,743,3609461,34356852806,9556,9600,9510,-46,-0.48,9519,-37,-0.39,9310,9730,1400-4-1,2021-06-22
231,وتوشه,سرمايه‌ گذاري‌ پارس‌ توشه‌,731,6442328,37716953100,5820,5900,6000,180,3.09,5850,30,0.52,5610,6050,1400-4-1,2021-06-22
232,فروس,فروسيليس‌ ايران‌,731,7272512,38622837700,5360,5480,5390,30,0.56,5310,-50,-0.93,5250,5480,1400-4-1,2021-06-22
233,وهور,مديريت انرژي اميد  تابان هور,728,15639804,26722902508,1658,1670,1729,71,4.28,1688,30,1.81,1670,1735,1400-4-1,2021-06-22
234,حسير,ريل سير كوثر,725,3499979,50193103809,13686,13762,14370,684,5,14341,655,4.79,13762,14370,1400-4-1,2021-06-22
235,سصوفي,سيمان‌ صوفيان‌,717,4699645,63614204050,12940,13300,13580,640,4.95,13540,600,4.64,13010,13580,1400-4-1,2021-06-22
236,فرابورس,فرابورس ايران,713,2975269,83905561069,26859,28201,28201,1342,5,28201,1342,5,28201,28201,1400-4-1,2021-06-22
237,وسكرمان,س.سهام عدالت استان كرمان,703,41706113,36410055365,918,873,880,-38,-4.14,891,-27,-2.94,873,880,1400-4-1,2021-06-22
238,ومهان,گروه توسعه مالي مهر آيندگان,701,2200439,27132844456,12269,12154,12375,106,0.86,12303,34,0.28,12154,12540,1400-4-1,2021-06-22
239,زاگرس,پتروشيمي زاگرس,700,370743,80037720801,214599,215000,216510,1911,0.89,215623,1024,0.48,213000,217990,1400-4-1,2021-06-22
240,سپ,پرداخت الكترونيك سامان كيش,691,880151,24645842460,28290,27300,28290,0,0,28160,-130,-0.46,27260,28770,1400-4-1,2021-06-22
241,پاكشو,گروه صنعتي پاكشو,670,5204551,30267962070,5610,5710,5800,190,3.39,5670,60,1.07,5710,5890,1400-4-1,2021-06-22
242,خكرمان,گروه اقتصادي كرمان خودرو,669,12704820,42956796264,3307,3383,3400,93,2.81,3381,74,2.24,3250,3406,1400-4-1,2021-06-22
243,رانفور,خدمات‌انفورماتيك‌,665,8128333,47102776340,5840,5910,5880,40,0.68,5810,-30,-0.51,5670,5970,1400-4-1,2021-06-22
244,كي بي سي,شركت كي بي سي,656,1309207,24541164283,19096,18989,19100,4,0.02,18745,-351,-1.84,18222,19798,1400-4-1,2021-06-22
245,غگلپا,شير پاستوريزه پگاه گلپايگان,654,517870,27096633554,52222,52900,52287,65,0.12,52323,101,0.19,51582,53470,1400-4-1,2021-06-22
246,افق,فروشگاههاي زنجيره اي افق كوروش,646,800992,51781347930,64310,64310,64860,550,0.86,64530,220,0.34,63800,65980,1400-4-1,2021-06-22
247,دكيمي,كيميدارو,645,2119150,44801259260,21270,20300,21000,-270,-1.27,21140,-130,-0.61,20300,21940,1400-4-1,2021-06-22
248,سامان,بانك سامان,644,6892011,61405898860,8731,8989,8992,261,2.99,8910,179,2.05,8655,8992,1400-4-1,2021-06-22
249,ميدكو,هلدينگ صنايع  معدني خاورميانه,642,2183139,92337360058,41498,42000,42590,1092,2.63,42096,598,1.44,41500,42900,1400-4-1,2021-06-22
250,مدير,ص.س.مديريت ثروت ص.بازنشستگي-س,642,2601975,20821119836,7866,8080,8070,204,2.59,8002,136,1.73,7819,8100,1400-4-1,2021-06-22
251,اپرداز,آتيه داده پرداز,636,2272423,43226697093,18203,19017,18790,587,3.22,19022,819,4.5,18390,19113,1400-4-1,2021-06-22
252,شرانل,نفت ايرانول,628,748970,29895481358,40307,40999,39651,-656,-1.63,39940,-367,-0.91,39120,40999,1400-4-1,2021-06-22
253,وپارس,بانك‌پارسيان‌,627,33034750,91241979500,2631,2762,2762,131,4.98,2728,97,3.69,2762,2762,1400-4-1,2021-06-22
254,فسپا,گروه‌صنعتي‌سپاهان‌,612,792700,32525239840,40780,41050,40650,-130,-0.32,41030,250,0.61,40520,42000,1400-4-1,2021-06-22
255,حتايد,تايدواترخاورميانه,611,13593615,352857787830,24730,25960,25960,1230,4.97,25960,1230,4.97,25030,25960,1400-4-1,2021-06-22
256,ختراك,ريخته‌گري‌ تراكتورسازي‌ ايران‌,611,5302312,55790384380,10040,10420,10540,500,4.98,10520,480,4.78,10160,10540,1400-4-1,2021-06-22
257,دامين,داروسازي‌ امين‌,610,4643857,16237406547,3414,3480,3520,106,3.1,3497,83,2.43,3400,3550,1400-4-1,2021-06-22
258,وارس,سرمايه گذاري ارس صبا,609,1184440,15365649234,12931,12807,13020,89,0.69,12973,42,0.32,12550,13290,1400-4-1,2021-06-22
259,خفنر,فنرسازي‌خاور,607,6307505,28483624373,4359,4500,4576,217,4.98,4516,157,3.6,4210,4576,1400-4-1,2021-06-22
260,درهآور,دارويي ره آورد تامين,600,1208277,27799675876,22215,22650,23325,1110,5,23008,793,3.57,22060,23325,1400-4-1,2021-06-22
261,خلنت,لنت‌ ترمزايران‌,595,430856,20521974030,49830,49950,47350,-2480,-4.98,47630,-2200,-4.42,47340,49950,1400-4-1,2021-06-22
262,وبوعلي,سرمايه‌گذاري‌بوعلي‌,593,4873868,18078665056,3701,3670,3739,38,1.03,3709,8,0.22,3662,3770,1400-4-1,2021-06-22
263,تسه9908,امتياز تسهيلات مسكن آبان99,583,13227,7823581961,598434,597980,577999,-20435,-3.41,591486,-6948,-1.16,568514,609000,1400-4-1,2021-06-22
264,همراه,شركت ارتباطات سيار ايران,574,7180780,144563564890,19190,20000,20140,950,4.95,20130,940,4.9,19700,20140,1400-4-1,2021-06-22
265,ضخود7077,اختيارخ خودرو-3000-1400/07/07,572,29462,1529638000,47,55,53,6,12.77,52,5,10.64,49,57,1400-4-1,2021-06-22
266,رتاپ,تجارت الكترونيك  پارسيان,571,2961951,15449784300,5210,5230,5280,70,1.34,5220,10,0.19,5140,5340,1400-4-1,2021-06-22
267,سيدكو,سرمايه گذاري توسعه صنايع سيمان,570,9520966,54001457980,5420,5590,5690,270,4.98,5670,250,4.61,5350,5690,1400-4-1,2021-06-22
268,وشهر,بانك شهر,567,5047379,27390286571,5376,5300,5500,124,2.31,5417,41,0.76,5260,5500,1400-4-1,2021-06-22
269,سيستم,همكاران سيستم,566,1370043,35081341100,26090,26340,25780,-310,-1.19,25610,-480,-1.84,24800,26340,1400-4-1,2021-06-22
270,غمارگ,مارگارين‌,563,2024491,40410438860,19090,19000,20040,950,4.98,19960,870,4.56,19000,20040,1400-4-1,2021-06-22
271,دروز,داروسازي‌ روزدارو,561,1661414,55137643860,34840,33100,33100,-1740,-4.99,33190,-1650,-4.74,33100,33930,1400-4-1,2021-06-22
272,وپترو,سرمايه‌گذاري صنايع پتروشيمي‌,560,3103439,43028272250,13490,13180,14140,650,4.82,13860,370,2.74,13180,14160,1400-4-1,2021-06-22
273,بساما,بيمه سامان,559,1651474,35722716946,20704,21600,21490,786,3.8,21631,927,4.48,20865,21739,1400-4-1,2021-06-22
274,ضخود4003,اختيارخ خودرو-2000-1400/04/02,558,31189,2268385000,33,40,75,42,127.27,73,40,121.21,40,82,1400-4-1,2021-06-22
275,آوا,صندوق س.سهام آواي معيار-س,558,3234230,22940367755,6881,6995,7165,284,4.13,7093,212,3.08,6951,7165,1400-4-1,2021-06-22
276,تسه9911,امتياز تسهيلات مسكن بهمن99,557,9668,5731055878,601698,590000,575000,-26698,-4.44,592786,-8912,-1.48,571614,619000,1400-4-1,2021-06-22
277,ارزش,صندوق س ارزش آفرين بيدار-سهام,553,3714338,31402183700,8320,8330,8540,220,2.64,8450,130,1.56,8320,8580,1400-4-1,2021-06-22
278,رنيك,جنرال مكانيك,552,978022,17662954605,18133,17810,18026,-107,-0.59,18060,-73,-0.4,17651,18400,1400-4-1,2021-06-22
279,پرديس,سرمايه گذاري پرديس,550,6466269,28608189756,4567,4339,4500,-67,-1.47,4424,-143,-3.13,4339,4580,1400-4-1,2021-06-22
280,تنوين,تامين سرمايه نوين,547,16830375,118588003880,7030,7100,7050,20,0.28,7050,20,0.28,7030,7100,1400-4-1,2021-06-22
281,آپ,آسان پرداخت پرشين,545,2606457,40361638260,15020,15190,15770,750,4.99,15490,470,3.13,15060,15770,1400-4-1,2021-06-22
282,ضخود7074,اختيارخ خودرو-1800-1400/07/07,536,15848,6258343000,355,383,409,54,15.21,395,40,11.27,377,415,1400-4-1,2021-06-22
283,پارسان,گسترش نفت و گاز پارسيان,534,3353736,68273216250,19850,20300,20430,580,2.92,20120,270,1.36,20060,20700,1400-4-1,2021-06-22
284,شبريز,پالايش نفت تبريز,528,6668032,191839280640,27400,28770,28770,1370,5,28770,1370,5,28770,28770,1400-4-1,2021-06-22
285,غشوكو,شوكو پارس,527,973819,22952116676,23189,23200,23884,695,3,23569,380,1.64,23200,23884,1400-4-1,2021-06-22
286,ضخود7076,اختيارخ خودرو-2500-1400/07/07,526,24226,2755779000,106,131,112,6,5.66,114,8,7.55,107,131,1400-4-1,2021-06-22
287,ركيش,كارت اعتباري ايران كيش,523,5105835,91931630930,18230,18000,18010,-220,-1.21,18010,-220,-1.21,18000,18120,1400-4-1,2021-06-22
288,شگل,گلتاش‌,514,1784468,13493425450,7530,7590,7610,80,1.06,7560,30,0.4,7450,7790,1400-4-1,2021-06-22
289,خوساز,محورسازان‌ايران‌خودرو,512,6926984,40018486320,5520,5620,5790,270,4.89,5780,260,4.71,5570,5790,1400-4-1,2021-06-22
290,وسبحان,سرمايه گذاري سبحان,510,13209119,32521362736,2454,2475,2486,32,1.3,2462,8,0.33,2440,2500,1400-4-1,2021-06-22
291,وحكمت,بيمه حكمت صبا,506,3426848,10097559998,2928,2861,2986,58,1.98,2946,18,0.61,2861,3010,1400-4-1,2021-06-22
292,شدوص,دوده‌ صنعتي‌ پارس‌,503,1494732,24070279380,16090,16350,16150,60,0.37,16100,10,0.06,15770,16480,1400-4-1,2021-06-22
293,طلا,صندوق س.پشتوانه طلاي لوتوس,502,449119,33453182804,73842,74350,74705,863,1.17,74486,644,0.87,74000,74990,1400-4-1,2021-06-22
294,زگلدشت,كشت و دام گلدشت نمونه اصفهان,501,1319138,12717693585,9493,9749,9820,327,3.44,9617,124,1.31,9502,9899,1400-4-1,2021-06-22
295,ونفت,سرمايه‌گذاري‌ صنعت‌ نفت‌,497,8431061,113882041250,12910,13260,13550,640,4.96,13510,600,4.65,12970,13550,1400-4-1,2021-06-22
296,قصفها,قنداصفهان‌,494,301545,25349077640,81780,81000,85860,4080,4.99,84060,2280,2.79,80010,85860,1400-4-1,2021-06-22
297,سمازن,سيمان‌مازندران‌,490,5246172,63362805590,11530,11480,12100,570,4.94,12080,550,4.77,11480,12100,1400-4-1,2021-06-22
298,دتماد,توليدمواداوليه‌داروپخش‌,488,717350,27964817270,38020,38400,39830,1810,4.76,38980,960,2.52,38000,39870,1400-4-1,2021-06-22
299,اعتلا,شركت سرمايه گذاري اعتلاء البرز,480,2821169,17528988852,6172,6380,6180,8,0.13,6213,41,0.66,6019,6390,1400-4-1,2021-06-22
300,زپارس,ملي كشت و صنعت و دامپروري پارس,477,514099,62439457050,116090,119000,121890,5800,5,121450,5360,4.62,116150,121890,1400-4-1,2021-06-22
301,بپاس,بيمه پاسارگاد,475,677092,68252723543,100408,100409,101293,885,0.88,100675,267,0.27,100409,101293,1400-4-1,2021-06-22
302,دارو,كارخانجات‌داروپخش‌,475,1891054,33566414980,17080,17670,17930,850,4.98,17750,670,3.92,17000,17930,1400-4-1,2021-06-22
303,دكوثر,داروسازي‌ كوثر,474,4932145,19755557973,3920,3980,4000,80,2.04,4005,85,2.17,3915,4105,1400-4-1,2021-06-22
304,دپارس,پارس‌ دارو,472,765513,24854265150,31730,31410,32300,570,1.8,32470,740,2.33,31410,33250,1400-4-1,2021-06-22
305,كسعدي,كاشي‌ سعدي‌,469,1850894,22309521110,11500,12050,12070,570,4.96,12050,550,4.78,11910,12070,1400-4-1,2021-06-22
306,دكپسول,توليد ژلاتين كپسول ايران,468,1162364,28687730046,23699,23700,24883,1184,5,24681,982,4.14,23630,24883,1400-4-1,2021-06-22
307,دتوزيع,توزيع دارو پخش,457,4479508,127845299130,40663,27900,29295,-11368,-27.96,28540,-12123,-29.81,27900,29295,1400-4-1,2021-06-22
308,غشهد,شهد ايران ‌,455,3665985,17885483075,4700,4827,4935,235,5,4879,179,3.81,4750,4935,1400-4-1,2021-06-22
309,پكوير,كوير تاير,452,2648451,31998362440,12020,12000,12070,50,0.42,12080,60,0.5,11880,12400,1400-4-1,2021-06-22
310,كمنگنز,معادن‌منگنزايران‌,450,203579,12342742890,60840,60660,61000,160,0.26,60670,-170,-0.28,59600,61900,1400-4-1,2021-06-22
311,ثتران,سرمايه گذاري مسكن تهران,445,6567479,19716529564,2870,2920,3013,143,4.98,3002,132,4.6,2920,3013,1400-4-1,2021-06-22
312,غبشهر,صنعتي‌ بهشهر,434,3135077,64399919580,19640,19640,20620,980,4.99,20540,900,4.58,19640,20620,1400-4-1,2021-06-22
313,اوصتا2,صندوق انديشه ورزان صباتامين -د,432,43200000,43200000,18984,1,1,-18983,-99.99,1,-18983,-99.99,1,1,1400-4-1,2021-06-22
314,وملل,اعتباري ملل,430,9397511,124596117919,13259,13390,13270,11,0.08,13258,-1,-0.01,13250,13390,1400-4-1,2021-06-22
315,امين يكم2,صندوق درآمد ثابت امين يكم فردا,430,430000000,430000000,10155,1,1,-10154,-99.99,1,-10154,-99.99,1,1,1400-4-1,2021-06-22
316,جم,پتروشيمي جم,429,841501,32539557600,38280,39000,38890,610,1.59,38400,120,0.31,38300,39000,1400-4-1,2021-06-22
317,وصنا,گروه‌صنايع‌بهشهرايران‌,429,4091915,20900890724,4986,5000,5140,154,3.09,5108,122,2.45,5000,5235,1400-4-1,2021-06-22
318,تسه9910,امتياز تسهيلات مسكن دي99,429,7728,4602207821,596742,590080,595000,-1742,-0.29,595524,-1218,-0.2,566905,615000,1400-4-1,2021-06-22
319,شاوان,پالايش نفت لاوان,424,548543,42401121554,75261,72800,79024,3763,5,77298,2037,2.71,72800,79024,1400-4-1,2021-06-22
320,ثباغ,شهر سازي و خانه سازي باغميشه,423,1651781,17026760497,10061,10150,10559,498,4.95,10308,247,2.46,9940,10564,1400-4-1,2021-06-22
321,كيان2,صندوق س. با درآمد ثابت كيان,415,41500000,41500000,28979,1,1,-28978,-100,1,-28978,-100,1,1,1400-4-1,2021-06-22
322,نمرينو,ايران‌ مرينوس‌,415,597859,48388402700,77150,81000,81000,3850,4.99,80940,3790,4.91,78160,81000,1400-4-1,2021-06-22
323,وسكاب,س.ص.بازنشستگي كاركنان بانكها,414,6727136,17301780118,2557,2600,2590,33,1.29,2572,15,0.59,2540,2600,1400-4-1,2021-06-22
324,ولملت,واسپاري ملت,414,3653361,18963051300,5120,5120,5260,140,2.73,5190,70,1.37,5000,5370,1400-4-1,2021-06-22
325,فسازان,غلتك سازان سپاهان,413,726830,21345014910,29390,30050,29250,-140,-0.48,29370,-20,-0.07,29010,30100,1400-4-1,2021-06-22
326,ثعتما,س. ساختماني اعتماد گستر,413,743097,24658687604,34171,35140,33146,-1025,-3,33184,-987,-2.89,33146,35140,1400-4-1,2021-06-22
327,خريخت,صنايع‌ريخته‌گري‌ايران‌,412,7736525,20765030073,2583,2635,2712,129,4.99,2684,101,3.91,2520,2712,1400-4-1,2021-06-22
328,شفا,سرمايه گذاري شفادارو,404,364199,13506121230,38090,38500,36690,-1400,-3.68,37310,-780,-2.05,36580,38500,1400-4-1,2021-06-22
329,تسه9909,امتياز تسهيلات مسكن آذر99,402,7907,4700103022,602054,590000,580000,-22054,-3.66,594423,-7631,-1.27,572004,610000,1400-4-1,2021-06-22
330,شخارك,پتروشيمي‌ خارك‌,401,731753,31701685480,43340,43000,43220,-120,-0.28,43330,-10,-0.02,42730,44100,1400-4-1,2021-06-22
331,سخزر,سيمان‌ خزر,400,1495488,26191328080,16900,16830,17730,830,4.91,17510,610,3.61,16830,17730,1400-4-1,2021-06-22
332,واحيا,م .صنايع و معادن احياء سپاهان,400,704070,104759753800,147383,146200,150113,2730,1.85,148792,1409,0.96,146200,151804,1400-4-1,2021-06-22
333,پكرمان,گروه‌ صنعتي‌ بارز,398,2732394,67967303670,23760,24480,24940,1180,4.97,24870,1110,4.67,23620,24940,1400-4-1,2021-06-22
334,واميدح,ح.گروه مديريت سرمايه گذار اميد,396,2688906,18669062880,6720,6710,7110,390,5.8,6940,220,3.27,6710,7290,1400-4-1,2021-06-22
335,فرآور,فرآوري‌موادمعدني‌ايران‌,394,845866,22340585600,25180,26400,26430,1250,4.96,26410,1230,4.88,25360,26430,1400-4-1,2021-06-22
336,سپاها,سيمان‌سپاهان‌,387,4298800,31508476090,7040,6940,7390,350,4.97,7330,290,4.12,6940,7390,1400-4-1,2021-06-22
337,ولبهمن,شركت بهمن ليزينگ,382,2740181,17740731173,6305,6482,6540,235,3.73,6474,169,2.68,6328,6584,1400-4-1,2021-06-22
338,شكلر,نيروكلر,381,524977,16846737220,32380,32200,31880,-500,-1.54,32090,-290,-0.9,31620,32800,1400-4-1,2021-06-22
339,خراسان,پتروشيمي خراسان,379,819399,49220149300,60380,59350,60700,320,0.53,60070,-310,-0.51,59350,60700,1400-4-1,2021-06-22
340,بهپاك,صنعتي بهپاك,378,2550623,16210360765,6226,6200,6333,107,1.72,6355,129,2.07,6200,6477,1400-4-1,2021-06-22
341,كهمدا,شيشه‌ همدان‌,369,1626785,13829716900,8390,8500,8520,130,1.55,8490,100,1.19,8340,8620,1400-4-1,2021-06-22
342,سرود,سيمان‌شاهرود,367,1125696,21973616750,18850,19240,19750,900,4.77,19520,670,3.55,19000,19790,1400-4-1,2021-06-22
343,وسپه,سرمايه‌گذاري‌ سپه‌,367,3337340,21101625930,6310,6230,6440,130,2.06,6320,10,0.16,6230,6440,1400-4-1,2021-06-22
344,قشرين,قند شيرين خراسان,367,990308,13103135856,13200,13220,13050,-150,-1.14,13231,31,0.23,12921,13596,1400-4-1,2021-06-22
345,ياقوت,صندوق س ياقوت آگاه-ثابت,364,3334981,41763305645,12515,12520,12521,6,0.05,12523,8,0.06,12520,12533,1400-4-1,2021-06-22
346,ولتجار,واسپاري تجارت وسرمايه ايرانيان,362,3384286,21686122519,6240,6415,6353,113,1.81,6408,168,2.69,6300,6427,1400-4-1,2021-06-22
347,سهگمت,سيمان‌هگمتان‌,362,1353324,27690886640,19790,19590,20750,960,4.85,20460,670,3.39,19300,20770,1400-4-1,2021-06-22
348,وگردش,بانك گردشگري,360,2058728,29909917531,14506,14670,14510,4,0.03,14514,8,0.06,14301,14800,1400-4-1,2021-06-22
349,بخاور,بيمه زندگي خاورميانه,357,2519282,13611023687,5178,5070,5436,258,4.98,5380,202,3.9,5070,5436,1400-4-1,2021-06-22
350,پارس,پتروشيمي پارس,355,444388,67198564060,150340,150300,152590,2250,1.5,150920,580,0.39,150300,152830,1400-4-1,2021-06-22
351,واعتبار,سرمايه گذاري اعتبار ايران,354,2383534,18750984040,7860,7970,7800,-60,-0.76,7870,10,0.13,7540,8140,1400-4-1,2021-06-22
352,وكار,بانك‌ كارآفرين‌,353,6397811,19009785165,2904,3000,3000,96,3.31,2931,27,0.93,2910,3000,1400-4-1,2021-06-22
353,حسينا,توسعه خدمات دريايي وبندري سينا,353,464310,28570391500,58933,60200,61879,2946,5,61533,2600,4.41,60200,61879,1400-4-1,2021-06-22
354,پلوله,گازلوله‌,351,1423729,35142326062,25423,24661,24661,-762,-3,24683,-740,-2.91,24661,25175,1400-4-1,2021-06-22
355,سشمال,سيمان‌ شمال‌,349,1791257,15383997160,8260,8270,8660,400,4.84,8580,320,3.87,8270,8670,1400-4-1,2021-06-22
356,وبشهر,توسعه‌ صنايع‌ بهشهر(هلدينگ,347,2026241,18788764440,9110,9130,9360,250,2.74,9210,100,1.1,9130,9460,1400-4-1,2021-06-22
357,درازك,دارويي‌ رازك‌,346,1032067,28500653510,26370,26010,27680,1310,4.97,27620,1250,4.74,26010,27680,1400-4-1,2021-06-22
358,وسگيلا,شركت س استان گيلان,346,12873707,8056694492,655,623,640,-15,-2.29,649,-6,-0.92,623,642,1400-4-1,2021-06-22
359,كنور,توسعه معدني و صنعتي صبانور,345,437716,20952399610,47410,47500,48000,590,1.24,47580,170,0.36,47000,48130,1400-4-1,2021-06-22
360,وتوسم,سرمايه‌گذاري‌توسعه‌ملي‌,344,1564997,11062915230,7090,7150,7090,0,0,7070,-20,-0.28,7010,7150,1400-4-1,2021-06-22
361,اتكام,شركت بيمه اتكايي امين,342,1783521,7625159330,4163,4121,4360,197,4.73,4220,57,1.37,4121,4368,1400-4-1,2021-06-22
362,دعبيد,لابراتوارداروسازي‌  دكترعبيدي‌,338,651965,14971462060,23180,22420,22900,-280,-1.21,23100,-80,-0.35,22420,23390,1400-4-1,2021-06-22
363,شنفت,نفت‌ پارس‌,338,259966,12111901260,48320,45920,46600,-1720,-3.56,47870,-450,-0.93,45910,47240,1400-4-1,2021-06-22
364,كالا,بورس كالاي ايران,337,725900,22423051000,29420,30890,30890,1470,5,30490,1070,3.64,30890,30890,1400-4-1,2021-06-22
365,شپاكسا,پاكسان‌,324,1566766,31794153860,20230,20540,20600,370,1.83,20290,60,0.3,20040,20750,1400-4-1,2021-06-22
366,فردا,صندوق س آواي فرداي زاگرس-ثابت,323,11694954,127603370615,10905,10911,10911,6,0.06,10911,6,0.06,10910,10913,1400-4-1,2021-06-22
367,شپارس,بين‌ المللي‌ محصولات‌  پارس‌,322,2363980,34111342000,21490,14000,14700,-6790,-31.6,14430,-7060,-32.85,13900,14700,1400-4-1,2021-06-22
368,شيراز,پتروشيمي‌شيراز,319,1402425,72111929320,51120,50060,51800,680,1.33,51340,220,0.43,50060,51990,1400-4-1,2021-06-22
369,واتي,سرمايه‌ گذاري‌ آتيه‌ دماوند,318,2567439,23882202420,9270,9140,9320,50,0.54,9300,30,0.32,9140,9490,1400-4-1,2021-06-22
370,دسبحانح,ح. سبحان دارو,316,298159,3645617070,12250,12150,12350,100,0.82,12230,-20,-0.16,11830,12390,1400-4-1,2021-06-22
371,سفانو,سيمان فارس نو,315,643110,14845849680,22180,22180,23050,870,3.92,23010,830,3.74,22180,23270,1400-4-1,2021-06-22
372,تايرا,تراكتورسازي‌ايران‌,308,649170,15267538320,23610,23450,23940,330,1.4,23560,-50,-0.21,22590,24430,1400-4-1,2021-06-22
373,پرداخت,به پرداخت ملت,305,419244,9169799780,22400,22450,21850,-550,-2.46,22220,-180,-0.8,21500,22500,1400-4-1,2021-06-22
374,كاردان,صندوق س تجارت شاخصي كاردان,303,118307,16897654220,141160,141310,144120,2960,2.1,142830,1670,1.18,141310,144190,1400-4-1,2021-06-22
375,وسرمد,بيمه  سرمد,303,1881209,9265567918,4958,5100,4821,-137,-2.76,4926,-32,-0.65,4813,5100,1400-4-1,2021-06-22
376,اخابر,مخابرات ايران,302,10716006,78441163920,6980,7320,7320,340,4.87,7190,210,3.01,7320,7320,1400-4-1,2021-06-22
377,دلر,داروسازي‌ اكسير,302,1689825,43725672140,24850,25400,26090,1240,4.99,25880,1030,4.14,25140,26090,1400-4-1,2021-06-22
378,مبين,مبين انرژي خليج فارس,300,2500922,38931065690,15010,15500,15340,330,2.2,15180,170,1.13,15000,15760,1400-4-1,2021-06-22
379,شجم,صنايع پتروشيمي تخت جمشيد,297,3882512,34473548257,8634,8512,8893,259,3,8879,245,2.84,8512,8893,1400-4-1,2021-06-22
380,كاريس,صندوق س.سپهر كاريزما-س,293,1736529,18843680875,10662,10600,10944,282,2.64,10851,189,1.77,10600,11000,1400-4-1,2021-06-22
381,تصميم,صندوق س با درآمد ثابت تصميم,292,2232781,37137879662,16626,16637,16632,6,0.04,16633,7,0.04,16632,16637,1400-4-1,2021-06-22
382,فولاژ,فولاد آلياژي ايران,289,1054897,14613246250,13700,13710,13950,250,1.82,13730,30,0.22,13710,14000,1400-4-1,2021-06-22
383,كگهر,سنگ آهن گهرزمين,288,395736,15257249144,38923,38900,38412,-511,-1.31,38875,-48,-0.12,38028,39180,1400-4-1,2021-06-22
384,دسبحان,سبحان دارو,287,686545,9769691080,14250,13860,14290,40,0.28,14240,-10,-0.07,13860,14750,1400-4-1,2021-06-22
385,سخوز,سيمان خوزستان,285,1126466,24111423140,21030,21460,21300,270,1.28,21400,370,1.76,20960,21900,1400-4-1,2021-06-22
386,تماوندح,ح . تامين سرمايه دماوند,284,6536131,20864025427,3133,3100,3106,-27,-0.86,3192,59,1.88,3060,3221,1400-4-1,2021-06-22
387,سقاين,سيمان‌ قائن‌,281,165455,7427661160,44390,45460,45380,990,2.23,44630,240,0.54,43080,45460,1400-4-1,2021-06-22
388,آساميد,صندوق س.مشترك آسمان اميد -د,280,11893018,145430593593,12226,12227,12226,0,0,12228,2,0.02,12226,12233,1400-4-1,2021-06-22
389,وخاور,بانك خاورميانه,278,4238981,36202883190,8340,8580,8560,220,2.64,8480,140,1.68,8430,8650,1400-4-1,2021-06-22
390,جم پيلن,پلي پروپيلن جم - جم پيلن,277,221507,15814626850,70680,71700,71260,580,0.82,70880,200,0.28,71170,72420,1400-4-1,2021-06-22
391,كفرا,فراورده‌ هاي‌ نسوزايران‌,273,378099,6796791810,17680,18390,17980,300,1.7,17820,140,0.79,17700,18400,1400-4-1,2021-06-22
392,گوهران,سرمايه گذاري توسعه گوهران اميد,271,956419,6739263490,7081,7081,7124,43,0.61,7065,-16,-0.23,6999,7139,1400-4-1,2021-06-22
393,شراز,پالايش نفت شيراز,270,148823,14330201872,94881,95144,95410,529,0.56,95391,510,0.54,95000,98000,1400-4-1,2021-06-22
394,تسه9907,امتياز تسهيلات مسكن مهر99,269,4770,2808014922,598947,580000,570000,-28947,-4.83,588682,-10265,-1.71,569000,610000,1400-4-1,2021-06-22
395,دلقما,دارويي‌ لقمان‌,268,1299748,29712083280,21780,22860,22860,1080,4.96,22860,1080,4.96,22840,22860,1400-4-1,2021-06-22
396,تيپيكو,سرمايه گذاري دارويي تامين,264,390024,15078660730,38480,37450,38890,410,1.07,38520,40,0.1,37450,39480,1400-4-1,2021-06-22
397,وثنو,سرمايه گذاري ساختماني نوين,256,1444652,6131843724,4241,4350,4255,14,0.33,4243,2,0.05,4161,4350,1400-4-1,2021-06-22
398,كپرور,فرآوري زغال سنگ پروده طبس,255,485011,12985709893,26960,27400,27289,329,1.22,26802,-158,-0.59,26000,27797,1400-4-1,2021-06-22
399,شفارا,پتروشيمي فارابي,252,4569190,15066163307,3222,3316,3318,96,2.98,3297,75,2.33,3201,3318,1400-4-1,2021-06-22
400,فاما,صنعتي‌ آما,249,712204,10755516260,14650,15050,15230,580,3.96,14960,310,2.12,14800,15380,1400-4-1,2021-06-22
401,شوينده,مديريت صنعت شوينده ت.ص.بهشهر,248,779905,17015363280,21720,22400,22070,350,1.61,21820,100,0.46,21610,22400,1400-4-1,2021-06-22
402,فخاس,فولاد خراسان,246,407392,8574367380,21720,21000,21380,-340,-1.57,21660,-60,-0.28,20700,21390,1400-4-1,2021-06-22
403,بفجر,فجر انرژي خليج فارس,244,4821844,104732225590,21660,22350,21940,280,1.29,21720,60,0.28,21500,22350,1400-4-1,2021-06-22
404,شپلي,پلي اكريل ايران,242,1501225,15490374645,10527,10317,10317,-210,-1.99,10318,-209,-1.99,10317,10490,1400-4-1,2021-06-22
405,وتوس,توسعه‌شهري‌توس‌گستر,242,897140,10109685940,11490,11080,11110,-380,-3.31,11350,-140,-1.22,11080,11630,1400-4-1,2021-06-22
406,وسهمدا,شركت س استان همدان,238,12016404,8064747001,706,671,671,-35,-4.96,697,-9,-1.27,671,684,1400-4-1,2021-06-22
407,سجام,مجتمع سيمان غرب آسيا,236,993740,3750273807,3809,3900,3695,-114,-2.99,3796,-13,-0.34,3695,3920,1400-4-1,2021-06-22
408,فپنتا,سپنتا,236,22171,7948749800,358970,358970,359300,330,0.09,358730,-240,-0.07,352030,363660,1400-4-1,2021-06-22
409,سحرخيز,صندوق س. گروه زعفران سحرخيز,230,813191,7091476255,8611,8611,8740,129,1.5,8721,110,1.28,8575,8898,1400-4-1,2021-06-22
410,ضخود4002,اختيارخ خودرو-1800-1400/04/02,224,10850,2811122000,166,249,279,113,68.07,259,93,56.02,240,280,1400-4-1,2021-06-22
411,شكبير,پتروشيمي اميركبير,222,884465,78588670086,91597,88920,88850,-2747,-3,89446,-2151,-2.35,88850,91200,1400-4-1,2021-06-22
412,پارسيان,بيمه پارسيان,222,1366032,10718886780,7800,7660,7910,110,1.41,7830,30,0.38,7660,8030,1400-4-1,2021-06-22
413,لبوتان,گروه‌صنعتي‌بوتان‌,218,163958,7806630510,48990,48990,47200,-1790,-3.65,48230,-760,-1.55,46690,48990,1400-4-1,2021-06-22
414,دسينا,داروسازي‌ سينا,212,482562,8856257130,18440,18200,18320,-120,-0.65,18390,-50,-0.27,18200,18690,1400-4-1,2021-06-22
415,شكربن,كربن‌ ايران‌,210,125602,9116458480,70920,73260,71990,1070,1.51,72010,1090,1.54,71000,73300,1400-4-1,2021-06-22
416,اطلس,صندوق س.توسعه اندوخته آينده-س,209,50395,10345842257,204087,204000,205100,1013,0.5,205295,1208,0.59,204000,206000,1400-4-1,2021-06-22
417,سپاس,صندوق س. پاداش سهامداري-ثابت,208,7028980,70968541320,10088,10095,10093,5,0.05,10097,9,0.09,10093,10097,1400-4-1,2021-06-22
418,شپاس,نفت پاسارگاد,206,499676,8234340618,16163,15901,16510,347,2.15,16328,165,1.02,15901,16800,1400-4-1,2021-06-22
419,فاهواز,نورد و لوله اهواز,203,2913105,28769824980,16460,9876,9876,-6584,-40,9876,-6584,-40,9876,9876,1400-4-1,2021-06-22
420,كخاك,صنايع‌خاك‌چيني‌ايران‌,200,409249,12360881850,30800,31000,30090,-710,-2.31,30390,-410,-1.33,30030,31000,1400-4-1,2021-06-22
421,تسه9902,امتياز تسهيلات مسكن ارديبهشت99,200,2793,1652391810,597267,580000,577300,-19967,-3.34,591619,-5648,-0.95,571291,609000,1400-4-1,2021-06-22
422,سكرما,سيمان‌ كرمان‌,199,778043,10661868480,13620,13410,13660,40,0.29,13680,60,0.44,12940,14070,1400-4-1,2021-06-22
423,ختور,رادياتور ايران‌,199,471324,7847544600,17520,16650,16650,-870,-4.97,17040,-480,-2.74,16650,16650,1400-4-1,2021-06-22
424,سكه0012پ01,تمام سكه طرح جديد0012رفاه,198,55300,57385615900,1029982,1038900,1037001,7019,0.68,1037715,7733,0.75,1035102,1038999,1400-4-1,2021-06-22
425,وپخش,داروپخش‌ (هلدينگ‌,196,340108,32517122460,92080,95990,96680,4600,5,95610,3530,3.83,92080,96680,1400-4-1,2021-06-22
426,شساخت,مهندسي و ساختمان صنايع نفت,195,130088,5211524820,40562,39346,39600,-962,-2.37,40497,-65,-0.16,39346,40988,1400-4-1,2021-06-22
427,عيار,صندوق سكه طلاي مفيد,194,130086,3444105041,26283,26700,26417,134,0.51,26476,193,0.73,26336,26701,1400-4-1,2021-06-22
428,كرماشا,صنايع پتروشيمي كرمانشاه,194,496509,15559034940,30960,31440,31270,310,1,31090,130,0.42,30980,31500,1400-4-1,2021-06-22
429,لوتوس,تامين سرمايه لوتوس پارسيان,194,1080636,7966872070,7260,7440,7460,200,2.75,7290,30,0.41,7220,7480,1400-4-1,2021-06-22
430,دابور,داروسازي‌ ابوريحان‌,193,612452,17633625040,27540,28430,28910,1370,4.97,28790,1250,4.54,27720,28910,1400-4-1,2021-06-22
431,خديزل,بهمن  ديزل,192,556297,25888528464,46473,46600,46900,427,0.92,46537,64,0.14,45270,47479,1400-4-1,2021-06-22
432,بورس,بورس اوراق بهادار تهران,191,1219459,32681501200,25530,26800,26800,1270,4.97,26500,970,3.8,26800,26800,1400-4-1,2021-06-22
433,سبجنو,سيمان‌ بجنورد,189,297776,9804221230,32210,33300,33350,1140,3.54,32690,480,1.49,32500,33390,1400-4-1,2021-06-22
434,ضشنا8004,اختيارخ شپنا-10800-1400/08/16,189,2395,3934687000,1492,1650,1500,8,0.54,1643,151,10.12,1500,1800,1400-4-1,2021-06-22
435,اوصتا,صندوق انديشه ورزان صباتامين -د,186,7880223,149623762796,18984,18985,18986,2,0.01,18987,3,0.02,18985,18990,1400-4-1,2021-06-22
436,تسه9904,امتياز تسهيلات مسكن تير99,185,2584,1528225789,598116,578599,589000,-9116,-1.52,591419,-6697,-1.12,568211,628000,1400-4-1,2021-06-22
437,فردا2,صندوق س آواي فرداي زاگرس-ثابت,183,18300000,18300000,10905,1,1,-10904,-99.99,1,-10904,-99.99,1,1,1400-4-1,2021-06-22
438,آريان,سرمايه گذاري پارس آريان,182,7241959,86889024082,11649,11998,11998,349,3,11968,319,2.74,11998,11998,1400-4-1,2021-06-22
439,تسه9810,امتياز تسهيلات مسكن دي98,181,3523,2071620013,598854,581100,589900,-8954,-1.5,588027,-10827,-1.81,568922,609000,1400-4-1,2021-06-22
440,دالبر,البرزدارو,175,394758,4609488850,11680,11790,11640,-40,-0.34,11680,0,0,11460,12000,1400-4-1,2021-06-22
441,تسه9906,امتياز تسهيلات مسكن شهريور99,170,2743,1651742342,602607,630000,600000,-2607,-0.43,602166,-441,-0.07,572477,630000,1400-4-1,2021-06-22
442,دسبحا,گروه دارويي سبحان,170,558285,8406735340,15030,14500,14950,-80,-0.53,15040,10,0.07,14500,15440,1400-4-1,2021-06-22
443,وبهمن,سرمايه‌گذاري‌بهمن‌,168,562169,6616987790,11750,11560,11790,40,0.34,11760,10,0.09,11550,12100,1400-4-1,2021-06-22
444,شاملا,معدني‌ املاح‌  ايران‌,167,111458,3921390250,36320,36290,35690,-630,-1.73,36020,-300,-0.83,34600,36290,1400-4-1,2021-06-22
445,پسهند,صنايع‌ لاستيكي‌  سهند,165,125703,3645291390,28880,28910,29100,220,0.76,28910,30,0.1,28200,29900,1400-4-1,2021-06-22
446,مداران,داده‌پردازي‌ايران‌,165,257267,4717718930,17850,18440,18590,740,4.15,18000,150,0.84,17810,18740,1400-4-1,2021-06-22
447,خكاوه,سايپا ديزل,162,3896929,12364955717,3081,3173,3173,92,2.99,3173,92,2.99,3173,3173,1400-4-1,2021-06-22
448,خرينگ,رينگ‌سازي‌مشهد,158,117610,4587966100,41060,39010,39010,-2050,-4.99,40310,-750,-1.83,39010,39010,1400-4-1,2021-06-22
449,ما,بيمه  ما,158,411336,3370887500,8030,8120,8120,90,1.12,8070,40,0.5,8080,8420,1400-4-1,2021-06-22
450,سباقر,سيمان باقران,153,332989,4806718258,14225,14040,14235,10,0.07,14326,101,0.71,14040,14649,1400-4-1,2021-06-22
451,شرنگي,شيميايي رنگين,153,57979,13618614760,235328,235328,235328,0,0,234889,-439,-0.19,228551,238000,1400-4-1,2021-06-22
452,وسهرمز,شركت س استان هرمزگان,152,7127398,5706145610,842,800,810,-32,-3.8,834,-8,-0.95,800,839,1400-4-1,2021-06-22
453,تسه9905,امتياز تسهيلات مسكن مرداد99,150,2656,1603256403,613285,585122,582666,-30619,-4.99,603636,-9649,-1.57,582621,638500,1400-4-1,2021-06-22
454,صيدك404,صكوك مرابحه صيدك404-3ماهه18%,150,1500000,1402500000000,1000000,935000,935000,-65000,-6.5,935000,-65000,-6.5,935000,935000,1400-4-1,2021-06-22
455,تسه9903,امتياز تسهيلات مسكن خرداد99,149,1943,1193219413,613886,585000,585000,-28886,-4.71,614112,226,0.04,583192,640000,1400-4-1,2021-06-22
456,ضسپا8041,اختيارخ خساپا-1600-1400/08/26,148,4388,1693974000,274,330,386,112,40.88,386,112,40.88,318,428,1400-4-1,2021-06-22
457,غپاك,لبنيات‌ پاك‌,147,562251,14826558870,29300,26370,26370,-2930,-10,26370,-2930,-10,26370,26370,1400-4-1,2021-06-22
458,ساروج,بين المللي ساروج بوشهر,144,412943,6432691214,15822,15480,15650,-172,-1.09,15662,-160,-1.01,15350,16080,1400-4-1,2021-06-22
459,سمتاز,سيمان ممتازان كرمان,144,1029810,26778903116,26679,27220,25879,-800,-3,26004,-675,-2.53,25879,27220,1400-4-1,2021-06-22
460,لكما,كارخانجات‌مخابراتي‌ايران‌,142,1509987,5624701575,3840,3725,3725,-115,-2.99,3772,-68,-1.77,3725,3725,1400-4-1,2021-06-22
461,سپر,صندوق س سپر سرمايه بيدار- ثابت,142,6569187,79419625564,12085,12090,12092,7,0.06,12090,5,0.04,12089,12093,1400-4-1,2021-06-22
462,فيروزه,صندوق شاخص30 شركت فيروزه- سهام,140,71441,9653710700,132690,133890,135990,3300,2.49,135130,2440,1.84,133890,136000,1400-4-1,2021-06-22
463,آساس,صندوق س.آسمان آرماني سهام-س,131,25342,3984683501,157044,156000,157400,356,0.23,157236,192,0.12,156000,158300,1400-4-1,2021-06-22
464,گوهر,صندوق سكه طلاي كيان,131,344717,17821709883,51342,51999,51700,358,0.7,51700,358,0.7,51511,52050,1400-4-1,2021-06-22
465,تماوند,تامين سرمايه دماوند,130,1103861,4984725109,4525,4599,4530,5,0.11,4521,-4,-0.09,4490,4599,1400-4-1,2021-06-22
466,ضملي7003,اختيارخ فملي-11720-1400/07/11,127,2132,2721546000,1244,1480,1575,331,26.61,1277,33,2.65,1230,1595,1400-4-1,2021-06-22
467,بمپنا,توليد برق عسلويه  مپنا,126,162122,9898311720,60738,60935,60400,-338,-0.56,60914,176,0.29,60000,62000,1400-4-1,2021-06-22
468,شصفها,پتروشيمي‌ اصفهان‌,126,454537,52800321338,116128,115020,116002,-126,-0.11,116163,35,0.03,115020,117449,1400-4-1,2021-06-22
469,دمعيار,صندوق س. توازن معيار-د,126,4232356,42344914087,10155,10010,10006,-149,-1.47,10005,-150,-1.48,10005,10010,1400-4-1,2021-06-22
470,ارمغان,ص سرمايه گذاري ارمغان ايرانيان,125,1981182,19996360465,10082,10091,10102,20,0.2,10093,11,0.11,10090,10102,1400-4-1,2021-06-22
471,تاپكيش,تجارت الكترونيك پارسيان كيش,124,937872,10696430160,12005,11405,11405,-600,-5,11537,-468,-3.9,11405,11405,1400-4-1,2021-06-22
472,حخزر,كشتيراني درياي خزر,123,404682,8336986192,19949,20946,20902,953,4.78,20300,351,1.76,20480,20946,1400-4-1,2021-06-22
473,كبافق,معادن‌ بافق‌,122,139076,5496283520,41590,39520,39520,-2070,-4.98,41000,-590,-1.42,39520,39520,1400-4-1,2021-06-22
474,غبهنوش,بهنوش‌ ايران‌,121,79876,4572102240,60250,57240,57240,-3010,-5,59220,-1030,-1.71,57240,57240,1400-4-1,2021-06-22
475,تسه9804,امتياز تسهيلات مسكن تير98,118,3242,1915554606,598489,585000,579888,-18601,-3.11,590856,-7633,-1.28,571020,614999,1400-4-1,2021-06-22
476,سپيدما,صندوق س. سپيد دماوند-د,116,3955781,41719259074,10541,10546,10546,5,0.05,10546,5,0.05,10546,10550,1400-4-1,2021-06-22
477,ضملي7002,اختيارخ فملي-9720-1400/07/11,116,1746,4536708000,2444,2720,2806,362,14.81,2598,154,6.3,2480,2999,1400-4-1,2021-06-22
478,آكورد2,صندوق س. آرمان آتي كوثر-د,110,11000000,11000000,32681,1,1,-32680,-100,1,-32680,-100,1,1,1400-4-1,2021-06-22
479,مارون,پتروشيمي مارون,108,71898,10293466099,142395,141170,143999,1604,1.13,142474,79,0.06,141000,144180,1400-4-1,2021-06-22
480,زر,صندوق س.پشتوانه سكه طلاي زر,107,51736,2357429640,45002,45502,45633,631,1.4,45567,565,1.26,45400,45691,1400-4-1,2021-06-22
481,وكادو,تكادو,102,1282769,19214596851,14266,14979,14979,713,5,14979,713,5,14979,14979,1400-4-1,2021-06-22
482,تسه9901,امتياز تسهيلات مسكن فروردين99,99,1054,648768860,620592,600000,639998,19406,3.13,615530,-5062,-0.82,589563,649998,1400-4-1,2021-06-22
483,تسه9812,امتياز تسهيلات مسكن اسفند98,97,1018,609684021,606977,590000,637324,30347,5,598904,-8073,-1.33,576666,637324,1400-4-1,2021-06-22
484,اخزا910,اسنادخزانه-م10بودجه99-020807,96,158649,99433905872,626044,625001,627000,956,0.15,626754,710,0.11,625001,628379,1400-4-1,2021-06-22
485,زرين,صندوق س. سهام زرين كوروش-س,93,120651,1127916099,9258,9352,9370,112,1.21,9349,91,0.98,9291,9400,1400-4-1,2021-06-22
486,دارا,صندوق س. دارا الگوريتم-د,92,912631,9098428623,10097,9970,9966,-131,-1.3,9969,-128,-1.27,9966,9971,1400-4-1,2021-06-22
487,تسه9811,امتياز تسهيلات مسكن بهمن98,91,804,473050190,595064,585000,580000,-15064,-2.53,588371,-6693,-1.12,565311,600000,1400-4-1,2021-06-22
488,تسه9809,امتياز تسهيلات مسكن آذر98,90,1222,725295419,600988,579026,581005,-19983,-3.33,593531,-7457,-1.24,579026,609981,1400-4-1,2021-06-22
489,زكوثر,سرمايه گذاري كشاورزي كوثر,87,239425,4216274250,18530,17610,17610,-920,-4.96,18330,-200,-1.08,17610,17610,1400-4-1,2021-06-22
490,فيروزا,صندوق بادرآمد ثابت فيروزه آسيا,85,1746730,40873762245,23373,23401,23400,27,0.12,23400,27,0.12,23340,23599,1400-4-1,2021-06-22
491,وساشرقي,شركت س استان آذربايجان شرقي,85,3157399,2753299928,917,872,872,-45,-4.91,915,-2,-0.22,872,876,1400-4-1,2021-06-22
492,وثوق,سرمايه گذاري وثوق امين,83,1065372,13307561652,12128,12491,12491,363,2.99,12491,363,2.99,12491,12491,1400-4-1,2021-06-22
493,كيسون,شركت كيسون,82,593463,6477648645,11369,10915,10915,-454,-3.99,11235,-134,-1.18,10915,10915,1400-4-1,2021-06-22
494,ضجار7040,اختيارخ وتجارت-2497-1400/07/21,78,2163,626927000,276,295,292,16,5.8,290,14,5.07,260,320,1400-4-1,2021-06-22
495,وبرق,س.کارکنان صنعت برق زنجان وقزوي,77,99967,6285125224,61041,62872,62872,1831,3,62046,1005,1.65,62872,62872,1400-4-1,2021-06-22
496,صايند,صندوق س. گنجينه آينده روشن-د,76,612020,6099014130,9955,9931,9982,27,0.27,9965,10,0.1,9931,9982,1400-4-1,2021-06-22
497,بميلا,توسعه بازرگاني آهن وفولادميلاد,75,1302724,14787220124,11021,11351,11351,330,2.99,11351,330,2.99,11351,11351,1400-4-1,2021-06-22
498,تسه9806,امتياز تسهيلات مسكن شهريور98,74,803,478877123,601076,576012,586153,-14923,-2.48,596360,-4716,-0.78,576012,604000,1400-4-1,2021-06-22
499,وآوا,سرمايه گذاري آوا نوين,74,222490,1236154440,5848,5556,5556,-292,-4.99,5822,-26,-0.44,5556,5556,1400-4-1,2021-06-22
500,وبازار,صندوق س شاخصي بازارآشنا,72,733264,7183253050,9620,9650,9750,130,1.35,9800,180,1.87,9650,9900,1400-4-1,2021-06-22
501,آرمان,بيمه آرمان,71,256192,1692078546,6583,6583,6583,0,0,6587,4,0.06,6583,6745,1400-4-1,2021-06-22
502,نهال,صندوق س. طلاي سرخ نوويرا,69,58994,521315728,8697,8600,8859,162,1.86,8837,140,1.61,8600,9000,1400-4-1,2021-06-22
503,دبالك,مواد اوليه دارويي البرز بالك,68,175511,2656183474,15930,15134,15134,-796,-5,15762,-168,-1.05,15134,15134,1400-4-1,2021-06-22
504,اخزا909,اسنادخزانه-م9بودجه99-020316,67,268829,182442944780,677335,672000,679030,1695,0.25,678658,1323,0.2,672000,681000,1400-4-1,2021-06-22
505,افق ملت,صندوق س در سهام افق ملت,66,16872,2084434440,121460,123500,124000,2540,2.09,123540,2080,1.71,122410,124200,1400-4-1,2021-06-22
506,تسه9805,امتياز تسهيلات مسكن مرداد98,66,1106,660260840,607196,588000,599700,-7496,-1.23,596981,-10215,-1.68,588000,605000,1400-4-1,2021-06-22
507,ضملت8043,اختيارخ وبملت-4434-1400/08/19,65,957,324620000,300,300,420,120,40,339,39,13,300,420,1400-4-1,2021-06-22
508,داريك,صندوق س.اعتماد داريك-د,65,2490697,26685936126,10718,10718,10716,-2,-0.02,10714,-4,-0.04,10710,10730,1400-4-1,2021-06-22
509,آتيمس,صندوق س.آرمان آتيه درخشان مس-س,63,17822,2958057779,165302,165000,167200,1898,1.15,165978,676,0.41,165000,167200,1400-4-1,2021-06-22
510,ثرود,سرمايه‌گذاري مسكن زاينده رود,60,445817,7726008610,18242,17330,17330,-912,-5,17715,-527,-2.89,17330,17330,1400-4-1,2021-06-22
511,پخش,پخش البرز,59,634618,10832294642,16257,17069,17069,812,4.99,16766,509,3.13,17069,17069,1400-4-1,2021-06-22
512,اخزا901,اسنادخزانه-م1بودجه99-010621,59,53984,42345677841,783552,783000,784600,1048,0.13,784412,860,0.11,783000,784800,1400-4-1,2021-06-22
513,پخشح,ح. پخش البرز,59,35157,496030113,13438,14109,14109,671,4.99,14109,671,4.99,14109,14109,1400-4-1,2021-06-22
514,نتوس,پشم‌ بافي‌ توس,58,1117006,22133473890,20427,19815,19815,-612,-3,19815,-612,-3,19815,19815,1400-4-1,2021-06-22
515,حفارس,حمل و نقل بين المللي خليج فارس,58,225713,958828824,4471,4248,4248,-223,-4.99,4456,-15,-0.34,4248,4248,1400-4-1,2021-06-22
516,وسديد,گروه ‌صنعتي‌سديد,55,385829,1065659698,2877,2762,2762,-115,-4,2873,-4,-0.14,2762,2762,1400-4-1,2021-06-22
517,ثفارس,عمران‌وتوسعه‌فارس‌,55,111560,917023200,8650,8220,8220,-430,-4.97,8620,-30,-0.35,8220,8220,1400-4-1,2021-06-22
518,تسه9808,امتياز تسهيلات مسكن آبان98,55,421,251626949,597305,580110,580785,-16520,-2.77,597689,384,0.06,580110,627170,1400-4-1,2021-06-22
519,فافزا,فولاد افزا سپاهان,55,39106,1790577112,45027,46374,44099,-928,-2.06,45159,132,0.29,44013,46374,1400-4-1,2021-06-22
520,گدنا,تهيه توزيع غذاي دنا آفرين فدك,52,24138,558553320,24357,23140,23140,-1217,-5,24308,-49,-0.2,23140,23140,1400-4-1,2021-06-22
521,زكشت,كشاورزي مكانيزه اصفهان كشت,50,35368,1226880552,38543,34689,34689,-3854,-10,38193,-350,-0.91,34689,34689,1400-4-1,2021-06-22
522,قمرو,قند مرودشت‌,50,22322,562737620,26530,25210,25210,-1320,-4.98,26480,-50,-0.19,25210,25210,1400-4-1,2021-06-22
523,غاذر,كشت‌وصنعت‌پياذر,50,24520,1259592400,54070,51370,51370,-2700,-4.99,53830,-240,-0.44,51370,51370,1400-4-1,2021-06-22
524,تسه9807,امتياز تسهيلات مسكن مهر98,50,423,252698413,609476,619900,586140,-23336,-3.83,597396,-12080,-1.98,581360,619900,1400-4-1,2021-06-22
525,معيار ,سرمايه گذاري معيار صنعت پارس,50,89419,3936403218,45383,44022,44022,-1361,-3,44782,-601,-1.32,44022,44022,1400-4-1,2021-06-22
526,اخزا902,اسنادخزانه-م2بودجه99-011019,48,65070,47834242053,734622,734000,744900,10278,1.4,735120,498,0.07,732611,744900,1400-4-1,2021-06-22
527,پدرخش,درخشان‌ تهران‌,48,38705,1049292550,28530,27110,27110,-1420,-4.98,28420,-110,-0.39,27110,27110,1400-4-1,2021-06-22
528,ضپاس7029,اختيارخ وپارس-2500-1400/07/28,47,1319,626292000,365,427,499,134,36.71,475,110,30.14,427,499,1400-4-1,2021-06-22
529,وپسا,س. پتروشيمي ساختمان  خليج فارس,47,814444,1620743560,2030,1990,1990,-40,-1.97,2017,-13,-0.64,1990,1990,1400-4-1,2021-06-22
530,ضشنا8005,اختيارخ شپنا-12800-1400/08/16,45,1274,1215138000,887,940,936,49,5.52,954,67,7.55,890,1099,1400-4-1,2021-06-22
531,ضسپا8040,اختيارخ خساپا-1400-1400/08/26,45,2015,1041221000,354,310,506,152,42.94,517,163,46.05,310,550,1400-4-1,2021-06-22
532,ضشنا8003,اختيارخ شپنا-8800-1400/08/16,44,237,750405000,2995,3120,3170,175,5.84,3166,171,5.71,3120,3200,1400-4-1,2021-06-22
533,سكه0012پ04,تمام سكه طرح جديد0012صادرات,42,21400,22178882800,1028384,1038900,1037000,8616,0.84,1036396,8012,0.78,1033502,1038900,1400-4-1,2021-06-22
534,اخزا903,اسنادخزانه-م3بودجه99-011110,42,55564,40492395484,726260,725901,732000,5740,0.79,728752,2492,0.34,725900,734999,1400-4-1,2021-06-22
535,كگاز,شيشه‌ و گاز,42,77962,1224783020,16530,15710,15710,-820,-4.96,16460,-70,-0.42,15710,15710,1400-4-1,2021-06-22
536,اخزا908,اسنادخزانه-م8بودجه99-020606,41,217081,141105888582,648040,647800,649000,960,0.15,650015,1975,0.3,645000,659000,1400-4-1,2021-06-22
537,ولانا,شركت ليزينگ آريا دانا,40,45508,1232220116,27914,27077,27077,-837,-3,27803,-111,-0.4,27077,27077,1400-4-1,2021-06-22
538,غچين,كشت‌ و صنعت‌ چين‌ چين,39,210304,3524695040,17640,16760,16760,-880,-4.99,17410,-230,-1.3,16760,16760,1400-4-1,2021-06-22
539,اراد50,مرابحه عام دولت5-ش.خ0302,38,810100,810100810100,1000000,1000001,1000001,1,0,1000001,1,0,1000001,1000001,1400-4-1,2021-06-22
540,هنوري102,اختيارف ت نوري59561-01/02/15,38,300000,300000,1,1,1,0,0,1,0,0,1,1,1400-4-1,2021-06-22
541,فراز,صندوق س.سهام فراز داريك-س,37,46541,484351979,10400,10400,10410,10,0.1,10407,7,0.07,10400,10650,1400-4-1,2021-06-22
542,حتوكا,حمل‌ونقل‌توكا,37,65275,1234350250,19900,18910,18910,-990,-4.97,19810,-90,-0.45,18910,18910,1400-4-1,2021-06-22
543,سصفها,سيمان‌اصفهان‌,37,16785,1128623400,70770,67240,67240,-3530,-4.99,70490,-280,-0.4,67240,67240,1400-4-1,2021-06-22
544,اخزا812,اسنادخزانه-م12بودجه98-001111,37,118784,105312858073,886126,885700,890190,4064,0.46,886591,465,0.05,885700,890190,1400-4-1,2021-06-22
545,قيستو,شركت قند بيستون,37,59460,912873290,15655,15342,15342,-313,-2,15599,-56,-0.36,15342,15655,1400-4-1,2021-06-22
546,پلاسك,پلاسكوكار,37,348288,2211628800,6680,6350,6350,-330,-4.94,6630,-50,-0.75,6350,6350,1400-4-1,2021-06-22
547,زعف0008پ08,زعفران0008نگين روستا(پ),37,58727,7330669341,123570,124000,125020,1450,1.17,124826,1256,1.02,123000,125020,1400-4-1,2021-06-22
548,غنوش,نوش‌ مازندران‌,36,40748,1990132320,51410,48840,48840,-2570,-5,51050,-360,-0.7,48840,48840,1400-4-1,2021-06-22
549,شصدف,صنعتي دوده فام,36,15161,398522046,27669,26286,26286,-1383,-5,27626,-43,-0.16,26286,26286,1400-4-1,2021-06-22
550,ومعلم,بيمه معلم,36,114383,512092691,4712,4477,4477,-235,-4.99,4703,-9,-0.19,4477,4477,1400-4-1,2021-06-22
551,دجابر,داروسازي‌ جابرابن‌حيان‌,36,97105,1305091200,14140,13440,13440,-700,-4.95,14070,-70,-0.5,13440,13440,1400-4-1,2021-06-22
552,ثروتم,صندوق س. ثروت آفرين پارسيان-س,35,112380,8428423920,74450,74810,75672,1222,1.64,74999,549,0.74,74810,75677,1400-4-1,2021-06-22
553,مرقام,ايران‌ارقام‌,34,75488,1169309120,16300,15490,15490,-810,-4.97,16230,-70,-0.43,15490,15490,1400-4-1,2021-06-22
554,اخزا815,اسنادخزانه-م15بودجه98-010406,32,83574,68659773066,817807,817800,824000,6193,0.76,821545,3738,0.46,817056,824000,1400-4-1,2021-06-22
555,قشكر,شكرشاهرود,32,154452,493010784,3359,3192,3192,-167,-4.97,3353,-6,-0.18,3192,3192,1400-4-1,2021-06-22
556,تپمپي,پمپ‌ سازي‌ ايران‌,32,83712,1414732800,17780,16900,16900,-880,-4.95,17690,-90,-0.51,16900,16900,1400-4-1,2021-06-22
557,وآذر,سرمايه‌گذاري‌توسعه‌آذربايجان‌,32,27566,2037403060,77800,73910,73910,-3890,-5,77220,-580,-0.75,73910,73910,1400-4-1,2021-06-22
558,فكمند,گسترش قطعه سازي كمند,32,835000,10881720000,12653,13032,13032,379,3,13032,379,3,13032,13032,1400-4-1,2021-06-22
559,ضجار7039,اختيارخ وتجارت-1997-1400/07/21,31,526,372044000,621,560,750,129,20.77,707,86,13.85,560,750,1400-4-1,2021-06-22
560,ضخود7078,اختيارخ خودرو-3500-1400/07/07,31,1896,43314000,22,27,21,-1,-4.55,23,1,4.55,21,27,1400-4-1,2021-06-22
561,ولشرق,ليزينگ ايران و شرق,30,393203,2568795199,6876,6533,6533,-343,-4.99,6812,-64,-0.93,6533,6533,1400-4-1,2021-06-22
562,گوهر2,صندوق سكه طلاي كيان,30,300000,300000,51342,1,1,-51341,-100,1,-51341,-100,1,1,1400-4-1,2021-06-22
563,هشستا103,اختيارف ت شستا-10338-01/03/08,30,138361,138361,1,1,1,0,0,1,0,0,1,1,1400-4-1,2021-06-22
564,اخزا911,اسنادخزانه-م11بودجه99-020906,30,141054,87354466898,616451,616000,620000,3549,0.58,619298,2847,0.46,616000,620000,1400-4-1,2021-06-22
565,وسپهح,ح . سرمايه‌گذاري‌ سپه‌,30,1230003,6396015600,5200,5200,5200,0,0,5200,0,0,5200,5200,1400-4-1,2021-06-22
566,سكه0011پ02,تمام سكه طرح جديد0011ملت,30,3700,3835943500,1028940,1037000,1036013,7073,0.69,1036741,7801,0.76,1035699,1038000,1400-4-1,2021-06-22
567,سكه0112پ03,تمام سكه طرح جديد0112سامان,30,7200,7457726100,1029883,1033500,1037300,7417,0.72,1035795,5912,0.57,1032512,1037995,1400-4-1,2021-06-22
568,ضجار7038,اختيارخ وتجارت-1797-1400/07/21,29,680,559911000,762,840,805,43,5.64,823,61,8.01,800,850,1400-4-1,2021-06-22
569,ثعمرا,عمران و توسعه شاهد,29,1042350,12618689100,12743,12106,12106,-637,-5,12171,-572,-4.49,12106,12106,1400-4-1,2021-06-22
570,اخزا808,اسنادخزانه-م8بودجه98-000817,29,9942,9209998335,925800,926000,926500,700,0.08,926373,573,0.06,926000,928628,1400-4-1,2021-06-22
571,كسرام,پارس‌ سرام‌,28,72763,545722500,7890,7500,7500,-390,-4.94,7880,-10,-0.13,7500,7500,1400-4-1,2021-06-22
572,اخزا906,اسنادخزانه-م6بودجه99-020321,27,30331,21541025862,704845,690310,705000,155,0.02,710198,5353,0.76,690310,715000,1400-4-1,2021-06-22
573,كپارس,كاشي‌ پارس‌,27,9747,1114569450,120360,114350,114350,-6010,-4.99,119880,-480,-0.4,114350,114350,1400-4-1,2021-06-22
574,ريشمك,توليد و صادرات ريشمك,27,31836,1340709468,44329,42113,42113,-2216,-5,44113,-216,-0.49,42113,42113,1400-4-1,2021-06-22
575,ضفلا7003,اختيارخ فولاد-8160-1400/07/25,27,331,1096146690,2294,2499,2500,206,8.98,2362,68,2.96,2201,2500,1400-4-1,2021-06-22
576,زعف0008پ05,زعفران0008نگين زرين(پ),27,42434,5301868980,124137,124999,124651,514,0.41,124944,807,0.65,124000,125200,1400-4-1,2021-06-22
577,ضفلا7004,اختيارخ فولاد-9586-1400/07/25,27,389,733808202,1321,1333,1430,109,8.25,1346,25,1.89,1300,1500,1400-4-1,2021-06-22
578,قنيشا,قند  نيشابور,26,14289,769462650,56680,53850,53850,-2830,-4.99,56520,-160,-0.28,53850,53850,1400-4-1,2021-06-22
579,اخزا914,اسنادخزانه-م14بودجه99-021025,26,65896,39691673499,598287,599060,602998,4711,0.79,602338,4051,0.68,599060,602998,1400-4-1,2021-06-22
580,خچرخش,چرخشگر,26,307555,3619922350,12380,11770,11770,-610,-4.93,12230,-150,-1.21,11770,11770,1400-4-1,2021-06-22
581,چكاوه,صنايع‌كاغذسازي‌كاوه‌,26,29752,355238880,12560,11940,11940,-620,-4.94,12540,-20,-0.16,11940,11940,1400-4-1,2021-06-22
582,ثترانح,ح سرمايه گذاري مسكن تهران,25,2043300,3781825000,1790,1879,1850,60,3.35,1851,61,3.41,1850,1879,1400-4-1,2021-06-22
583,ضشنا8002,اختيارخ شپنا-7800-1400/08/16,25,163,662308000,3864,4099,4000,136,3.52,4063,199,5.15,3850,4250,1400-4-1,2021-06-22
584,ضسپا8042,اختيارخ خساپا-1800-1400/08/26,25,684,170236000,204,240,270,66,32.35,249,45,22.06,230,295,1400-4-1,2021-06-22
585,كمينا,شيشه سازي مينا,24,14451,320046297,23312,22147,22147,-1165,-5,23273,-39,-0.17,22147,22147,1400-4-1,2021-06-22
586,هپارس102,اختيارف ت پارس-157010-01/02/05,24,150000,150000,1,1,1,0,0,1,0,0,1,1,1400-4-1,2021-06-22
587,زفكا,كشت و دامداري فكا,24,30654,330817968,11359,10792,10792,-567,-4.99,11345,-14,-0.12,10792,10792,1400-4-1,2021-06-22
588,اخزا817,اسنادخزانه-م17بودجه98-010512,23,43607,35169610257,802931,798000,809000,6069,0.76,806513,3582,0.45,797155,809000,1400-4-1,2021-06-22
589,اخزا907,اسنادخزانه-م7بودجه99-020704,23,42726,27419770803,637349,637001,641500,4151,0.65,641758,4409,0.69,637001,643000,1400-4-1,2021-06-22
590,هكوير110,اختيارف ت كوير-8281-01/10/05,22,2115751,846300400,520,400,400,-120,-23.08,400,-120,-23.08,400,400,1400-4-1,2021-06-22
591,زعف0008پ10,زعفران0008نگين طلاي سرخ(پ),21,74000,9249211000,123991,125000,125030,1039,0.84,124989,998,0.8,124500,126000,1400-4-1,2021-06-22
592,خكار,ايركا پارت صنعت,21,66835,1283900350,20220,19210,19210,-1010,-5,20130,-90,-0.45,19210,19210,1400-4-1,2021-06-22
593,اخزا814,اسنادخزانه-م14بودجه98-010318,21,24963,20742526170,825728,826000,833000,7272,0.88,830931,5203,0.63,826000,833000,1400-4-1,2021-06-22
594,ضملت8041,اختيارخ وبملت-3434-1400/08/19,21,349,351353000,762,880,1036,274,35.96,1007,245,32.15,880,1050,1400-4-1,2021-06-22
595,تشتاد,صنايع توليدي اشتاد ايران‌,20,83134,616022940,7639,7410,7410,-229,-3,7623,-16,-0.21,7410,7410,1400-4-1,2021-06-22
596,ضسپا8043,اختيارخ خساپا-2000-1400/08/26,20,575,102957000,158,180,200,42,26.58,179,21,13.29,150,206,1400-4-1,2021-06-22
597,اخزا821,اسنادخزانه-م21بودجه98-020906,19,100446,61909341160,616346,616350,616010,-336,-0.05,616344,-2,0,616010,616350,1400-4-1,2021-06-22
598,صنوين,صندوق سرمايه‌گذاري صنوين-مختلط,19,5709,607114830,107310,105860,107110,-200,-0.19,106340,-970,-0.9,105860,107490,1400-4-1,2021-06-22
599,ضملي7004,اختيارخ فملي-13720-1400/07/11,19,113,89595000,703,730,899,196,27.88,793,90,12.8,720,900,1400-4-1,2021-06-22
600,واحصا,احياء صنايع خراسان,19,14199,617798490,44855,43510,43510,-1345,-3,44763,-92,-0.21,43510,43510,1400-4-1,2021-06-22
601,دقاضي,داروسازي شهيد قاضي,18,16582,445856816,27719,26888,26888,-831,-3,27678,-41,-0.15,26888,26888,1400-4-1,2021-06-22
602,فالوم,آلومتك‌,18,37361,925357248,25533,24768,24768,-765,-3,25460,-73,-0.29,24768,24768,1400-4-1,2021-06-22
603,تمحركه,ماشين سازي نيرو محركه,17,31681,520835640,17305,16440,16440,-865,-5,17258,-47,-0.27,16440,16440,1400-4-1,2021-06-22
604,غپآذر,شير پگاه آذربايجان شرقي,17,11891,536367337,47481,45107,45107,-2374,-5,47382,-99,-0.21,45107,45107,1400-4-1,2021-06-22
605,ضپال2007,اختيارخ اپال-32000-1401/02/12,16,282,92664000,310,341,301,-9,-2.9,329,19,6.13,301,341,1400-4-1,2021-06-22
606,كساپا,سايپاشيشه‌,16,114955,3426808550,31370,29810,29810,-1560,-4.97,30990,-380,-1.21,29810,29810,1400-4-1,2021-06-22
607,فسديد,لوله‌وتجهيزات‌ سديد - ورشكسته,16,6862,740876416,110171,107968,107968,-2203,-2,109785,-386,-0.35,107968,107968,1400-4-1,2021-06-22
608,ضترا8058,اختيارخ شتران-3442-1400/08/09,16,86,141225000,1397,1800,1580,183,13.1,1642,245,17.54,1580,1800,1400-4-1,2021-06-22
609,غدام,خوراك‌  دام‌ پارس‌,16,1174,438430300,393100,373450,373450,-19650,-5,392500,-600,-0.15,373450,373450,1400-4-1,2021-06-22
610,زقيام,كشت و دام قيام اصفهان,16,20078,500223292,26225,24914,24914,-1311,-5,26178,-47,-0.18,24914,24914,1400-4-1,2021-06-22
611,بسويچ,پارس‌سويچ‌,16,69366,1793111100,27210,25850,25850,-1360,-5,27090,-120,-0.44,25850,25850,1400-4-1,2021-06-22
612,جهرم,پتروشيمي جهرم,16,75935,130076655,1765,1713,1713,-52,-2.95,1764,-1,-0.06,1713,1713,1400-4-1,2021-06-22
613,تسه0003,امتيازتسهيلات مسكن خرداد1400,15,209,121148751,608358,580000,577941,-30417,-5,579659,-28699,-4.72,577941,590000,1400-4-1,2021-06-22
614,ضپاس7030,اختيارخ وپارس-3000-1400/07/28,15,533,128209000,190,240,240,50,26.32,241,51,26.84,240,260,1400-4-1,2021-06-22
615,داوه,داروسازي آوه سينا,14,22875,429157875,19748,18761,18761,-987,-5,19718,-30,-0.15,18761,18761,1400-4-1,2021-06-22
616,كاسپين,داروسازي كاسپين تامين,14,5332,112457212,22201,21091,21091,-1110,-5,22192,-9,-0.04,21091,21091,1400-4-1,2021-06-22
617,وگستر,گسترش سرمايه گذاري ايرانيان,14,15458,264208136,17991,17092,17092,-899,-5,17974,-17,-0.09,17092,17092,1400-4-1,2021-06-22
618,ضخود7073,اختيارخ خودرو-1600-1400/07/07,13,301,182217000,541,600,596,55,10.17,605,64,11.83,595,640,1400-4-1,2021-06-22
619,ضخود4004,اختيارخ خودرو-2500-1400/04/02,13,1013,1024000,1,1,1,0,0,1,0,0,1,2,1400-4-1,2021-06-22
620,وملت,سرمايه گذاري ملت,13,33797,143671047,4337,4251,4251,-86,-1.98,4334,-3,-0.07,4251,4251,1400-4-1,2021-06-22
621,ضملت8038,اختيارخ وبملت-1934-1400/08/19,13,95,225150000,2199,2370,2370,171,7.78,2370,171,7.78,2370,2370,1400-4-1,2021-06-22
622,غشاذر,پگاه‌آذربايجان‌غربي‌,13,46395,388790100,8820,8380,8380,-440,-4.99,8810,-10,-0.11,8380,8380,1400-4-1,2021-06-22
623,پارتا,مجتمع‌صنعتي‌آرتاويل‌تاير,13,29215,933536110,32942,31954,31954,-988,-3,32909,-33,-0.1,31954,31954,1400-4-1,2021-06-22
624,ددام,داروسازي زاگرس فارمد پارس,13,6820,98412600,15180,14430,14430,-750,-4.94,15170,-10,-0.07,14430,14430,1400-4-1,2021-06-22
625,اخزا713,اسنادخزانه-م13بودجه97-000518,13,2493,2428796525,973293,973667,973680,387,0.04,974246,953,0.1,973667,976000,1400-4-1,2021-06-22
626,لخزر,پارس‌ خزر,12,1439,240456900,175890,167100,167100,-8790,-5,175740,-150,-0.09,167100,167100,1400-4-1,2021-06-22
627,شزنگ,تجهيزنيروي‌زنگان‌,12,1266,192644688,156874,152168,152168,-4706,-3,156779,-95,-0.06,152168,152168,1400-4-1,2021-06-22
628,سخند,صندوق س.سپهرخبرگان نفت-د,12,408930,4096101560,10011,10006,10012,1,0.01,10017,6,0.06,10006,10040,1400-4-1,2021-06-22
629,وهنر,گروه توسعه هنر ايران,12,21392,157723216,7601,7373,7373,-228,-3,7597,-4,-0.05,7373,7373,1400-4-1,2021-06-22
630,نطرين,عطرين نخ قم,12,33350,364482150,11504,10929,10929,-575,-5,11489,-15,-0.13,10929,10929,1400-4-1,2021-06-22
631,ولصنم,ليزينگ‌صنعت‌ومعدن‌,12,135621,1396896300,10840,10300,10300,-540,-4.98,10790,-50,-0.46,10300,10300,1400-4-1,2021-06-22
632,اخزا904,اسنادخزانه-م4بودجه99-011215,12,4236,3016829556,712132,709011,714000,1868,0.26,712188,56,0.01,709011,714010,1400-4-1,2021-06-22
633,داسوه,داروسازي‌ اسوه‌,12,4322,114446560,27870,26480,26480,-1390,-4.99,27860,-10,-0.04,26480,26480,1400-4-1,2021-06-22
634,جوين,كشت و صنعت جوين,12,37680,159084960,4352,4222,4222,-130,-2.99,4350,-2,-0.05,4222,4222,1400-4-1,2021-06-22
635,ضشنا8001,اختيارخ شپنا-6800-1400/08/16,12,63,319446000,4942,5499,5000,58,1.17,5071,129,2.61,4850,5499,1400-4-1,2021-06-22
636,خزر,فنرسازي‌زر,12,54346,2061343780,39920,37930,37930,-1990,-4.98,39630,-290,-0.73,37930,37930,1400-4-1,2021-06-22
637,ضترا8057,اختيارخ شتران-3000-1400/08/09,11,33,74455000,1985,2280,2201,216,10.88,2256,271,13.65,2200,2300,1400-4-1,2021-06-22
638,غالبر,لبنيات‌ كالبر,11,8638,151942420,18510,17590,17590,-920,-4.97,18500,-10,-0.05,17590,17590,1400-4-1,2021-06-22
639,ضصاد8031,اختيارخ وبصادر-1789-1400/08/12,11,524,316197000,539,638,628,89,16.51,603,64,11.87,555,638,1400-4-1,2021-06-22
640,مفاخر,توسعه فناوري اطلاعات خوارزمي,11,8146,343598280,44399,42180,42180,-2219,-5,44345,-54,-0.12,42180,42180,1400-4-1,2021-06-22
641,زعف0008پ11,زعفران0008نگين سحرخيز(پ),10,38241,4821098300,125243,125005,126000,757,0.6,126071,828,0.66,125005,127000,1400-4-1,2021-06-22
642,سنير,سيمان‌ سفيد ني‌ريز,10,460,94479400,216190,205390,205390,-10800,-5,216120,-70,-0.03,205390,205390,1400-4-1,2021-06-22
643,ضخود7072,اختيارخ خودرو-1400-1400/07/07,10,56,46798000,744,990,820,76,10.22,836,92,12.37,820,990,1400-4-1,2021-06-22
644,اخزا716,اسنادخزانه-م16بودجه97-000407,10,15208,15172691300,997000,996500,996500,-500,-0.05,997678,678,0.07,996500,998000,1400-4-1,2021-06-22
645,ضملت8042,اختيارخ وبملت-3934-1400/08/19,10,112,75657000,510,598,700,190,37.25,676,166,32.55,598,798,1400-4-1,2021-06-22
646,اخزا809,اسنادخزانه-م9بودجه98-000923,10,2717,2469688084,912570,909100,909100,-3470,-0.38,908976,-3594,-0.39,907570,909120,1400-4-1,2021-06-22
647,كساوه,صنايع‌ كاشي‌ و سراميك‌ سينا,10,3092,204443040,69590,66120,66120,-3470,-4.99,69540,-50,-0.07,66120,66120,1400-4-1,2021-06-22
648,ضمخا7075,اختيارخ اخابر-8700-1400/07/28,10,315,223460000,530,680,800,270,50.94,709,179,33.77,680,800,1400-4-1,2021-06-22
649,غشصفا,شيرپاستوريزه‌پگاه‌اصفهان‌,10,3465,87733800,26650,25320,25320,-1330,-4.99,26640,-10,-0.04,25320,25320,1400-4-1,2021-06-22
650,اخزا806,اسنادخزانه-م6بودجه98-000519,10,9830,9589767030,974860,976397,975500,640,0.07,975561,701,0.07,973200,976397,1400-4-1,2021-06-22
651,گنجين,صندوق س. گنجينه يكم آويد-د,10,38345,501411040,13070,13076,13080,10,0.08,13076,6,0.05,13075,13080,1400-4-1,2021-06-22
652,تملي708,تسهيلات مسكن ب. ملي-آبان97,10,113,95118856,815421,856192,856192,40771,5,841760,26339,3.23,774650,856192,1400-4-1,2021-06-22
653,ثپرديس,سرمايه گذاري مسكن پرديس,10,10393,96447040,9768,9280,9280,-488,-5,9765,-3,-0.03,9280,9280,1400-4-1,2021-06-22
654,فبيرا,بسته‌ بندي‌ ايران‌,10,165075,484660200,3090,2936,2936,-154,-4.98,3082,-8,-0.26,2936,2936,1400-4-1,2021-06-22
655,ضسپا8039,اختيارخ خساپا-1200-1400/08/26,9,43,27825000,626,655,630,4,0.64,647,21,3.35,630,655,1400-4-1,2021-06-22
656,وجامي,سرمايه گذاري جامي,9,12863,186487774,14946,14498,14498,-448,-3,14937,-9,-0.06,14498,14498,1400-4-1,2021-06-22
657,باران,بيمه زندگي باران50%تاديه,9,22693,108767549,4941,4793,4793,-148,-3,4939,-2,-0.04,4793,4793,1400-4-1,2021-06-22
658,آسام,صندوق س.آرمان سپهر آشنا-م,9,1060,110019660,102452,104870,103500,1048,1.02,103792,1340,1.31,102822,104870,1400-4-1,2021-06-22
659,بذر,صندوق س بذر اميد آفرين-سهام,9,6506,568628960,86380,87410,87400,1020,1.18,87400,1020,1.18,87400,87410,1400-4-1,2021-06-22
660,افاد53,منفعت دولت5-ش.خاص كاريزما0108,9,210000,210000000000,1000000,1000000,1000000,0,0,1000000,0,0,1000000,1000000,1400-4-1,2021-06-22
661,فسا,پتروشيمي فسا,9,41089,69193876,1736,1684,1684,-52,-3,1736,0,0,1684,1684,1400-4-1,2021-06-22
662,جهرمح,ح.پتروشيمي جهرم,9,1071654,570269274,564,597,531,-33,-5.85,532,-32,-5.67,531,597,1400-4-1,2021-06-22
663,اخزا722,اسنادخزانه-م22بودجه97-000428,9,13418,13244805450,986008,986900,987300,1292,0.13,987092,1084,0.11,985101,987300,1400-4-1,2021-06-22
664,ضصاد8030,اختيارخ وبصادر-1589-1400/08/12,8,347,262070000,715,720,770,55,7.69,755,40,5.59,720,770,1400-4-1,2021-06-22
665,غديس,پاكديس,8,5450,66931450,12927,12281,12281,-646,-5,12924,-3,-0.02,12281,12281,1400-4-1,2021-06-22
666,تكنو,تكنوتار,8,54250,1037260000,20120,19120,19120,-1000,-4.97,20050,-70,-0.35,19120,19120,1400-4-1,2021-06-22
667,بالاس,مهندسي ساختمان تاسيسات راه آهن,8,3907,143687739,38712,36777,36777,-1935,-5,38691,-21,-0.05,36777,36777,1400-4-1,2021-06-22
668,غويتاح,ح . ويتانا,8,54622,483115348,9298,8834,8834,-464,-4.99,8845,-453,-4.87,8834,9484,1400-4-1,2021-06-22
669,وليز,ليزينگ‌ايران‌,8,9645,85551150,9330,8870,8870,-460,-4.93,9330,0,0,8870,8870,1400-4-1,2021-06-22
670,ساربيل,سيمان آرتا اردبيل,8,1101,55380300,52940,50300,50300,-2640,-4.99,52930,-10,-0.02,50300,50300,1400-4-1,2021-06-22
671,گكيش,توريستي ورفاهي آبادگران كيش,8,10628,497071560,48216,46770,46770,-1446,-3,48142,-74,-0.15,46770,46770,1400-4-1,2021-06-22
672,الماس,صندوق س.امين تدبيرگران فردا-س,8,506,51012956,99738,100000,101989,2251,2.26,100816,1078,1.08,100000,101999,1400-4-1,2021-06-22
673,افرا,افرانت,8,2451,67248087,28881,27437,27437,-1444,-5,28874,-7,-0.02,27437,27437,1400-4-1,2021-06-22
674,اخزا818,اسنادخزانه-م18بودجه98-010614,8,1614,1271721938,786472,786001,787501,1029,0.13,787932,1460,0.19,786001,794500,1400-4-1,2021-06-22
675,اخزا813,اسنادخزانه-م13بودجه98-010219,7,18342,15486923882,839938,841000,845000,5062,0.6,844342,4404,0.52,841000,845000,1400-4-1,2021-06-22
676,ضمخا7066,اختيارخ اخابر-11700-1400/07/28,7,11,5355000,499,499,480,-19,-3.81,487,-12,-2.4,470,499,1400-4-1,2021-06-22
677,تملي805,تسهيلات مسكن ب. ملي-مرداد98,7,35,31799686,912473,958096,958096,45623,5,908562,-3911,-0.43,866850,958096,1400-4-1,2021-06-22
678,ثنوسا,نوسازي‌وساختمان‌تهران‌,7,8808,103846320,12410,11790,11790,-620,-5,12410,0,0,11790,11790,1400-4-1,2021-06-22
679,ضملت8044,اختيارخ وبملت-4934-1400/08/19,7,200,49100000,1,103,250,249,24900,245,244,24400,200,250,1400-4-1,2021-06-22
680,اخزا805,اسنادخزانه-م5بودجه98-000422,7,765,756773358,989973,988391,988392,-1581,-0.16,989246,-727,-0.07,988391,990000,1400-4-1,2021-06-22
681,حآسا,آسيا سير ارس,6,1426,52224398,38550,36623,36623,-1927,-5,38543,-7,-0.02,36623,36623,1400-4-1,2021-06-22
682,اراد61,مرابحه عام دولت61-ش.خ0309,6,95000,95000095000,1000000,1000001,1000001,1,0,1000001,1,0,1000001,1000001,1400-4-1,2021-06-22
683,زير0103پ01,زيره سبز0103كيميابذر(پ),6,28,17709160,100000,632470,632470,532470,532.47,632470,532470,532.47,632470,632470,1400-4-1,2021-06-22
684,زعف0008پ16,زعفران0008نگين بيرجند(پ),6,5414,671336512,123856,124000,124000,144,0.12,124000,144,0.12,124000,124001,1400-4-1,2021-06-22
685,ضجار7043,اختيارخ وتجارت-3997-1400/07/21,6,231,6585000,1,25,35,34,3400,29,28,2800,25,35,1400-4-1,2021-06-22
686,زمگسا,كشاورزي‌ ودامپروي‌ مگسال‌,6,1546,46982940,31980,30390,30390,-1590,-4.97,31970,-10,-0.03,30390,30390,1400-4-1,2021-06-22
687,زماهان,مجتمع توليد گوشت مرغ ماهان,6,4594,78024496,17877,16984,16984,-893,-5,17872,-5,-0.03,16984,16984,1400-4-1,2021-06-22
688,لپيام,گسترش صنايع پيام,6,1437,75498543,54163,52539,52539,-1624,-3,54150,-13,-0.02,52539,52539,1400-4-1,2021-06-22
689,شستان,پتروشيمي گلستان,6,43634,146304802,3421,3353,3353,-68,-1.99,3419,-2,-0.06,3353,3353,1400-4-1,2021-06-22
690,صايپا012,صكوك مرابحه سايپا012-3ماهه 16%,6,55000,55000110000,1000002,1000002,1000002,0,0,1000002,0,0,1000002,1000002,1400-4-1,2021-06-22
691,ضغدر8058,اختيارخ وغدير-10000-1400/08/26,6,109,231200000,2000,2200,2200,200,10,2121,121,6.05,2100,2200,1400-4-1,2021-06-22
692,بالبر,كابل‌ البرز,6,2987,161746050,57000,54150,54150,-2850,-5,56970,-30,-0.05,54150,54150,1400-4-1,2021-06-22
693,كتوكا,توليدي و خدمات صنايع نسوز توكا,6,2575,81699600,33397,31728,31728,-1669,-5,33387,-10,-0.03,31728,31728,1400-4-1,2021-06-22
694,اراد694,مرابحه عام دولت69-ش.خ0310,5,150000,136920000000,950000,912800,912800,-37200,-3.92,912800,-37200,-3.92,912800,912800,1400-4-1,2021-06-22
695,ضصاد8033,اختيارخ وبصادر-2489-1400/08/12,5,80,19550000,111,222,300,189,170.27,244,133,119.82,222,300,1400-4-1,2021-06-22
696,ساذري,آذريت‌,5,12060,82647180,6654,6853,6853,199,2.99,6656,2,0.03,6853,6853,1400-4-1,2021-06-22
697,كمند2,صندوق س. با درآمد ثابت كمند,5,247500000,247500000,10089,1,1,-10088,-99.99,1,-10088,-99.99,1,1,1400-4-1,2021-06-22
698,اخزا718,اسنادخزانه-م18بودجه97-000525,5,714,692529818,969288,969904,969902,614,0.06,969930,642,0.07,969902,969940,1400-4-1,2021-06-22
699,تملي706,تسهيلات مسكن ب. ملي-شهريور97,5,72,43430976,574484,603208,603208,28724,5,603208,28724,5,603208,603208,1400-4-1,2021-06-22
700,زعف0008پ09,زعفران0008نگين نوين(پ),5,892,110734500,123042,126000,125500,2458,2,124142,1100,0.89,123000,126000,1400-4-1,2021-06-22
701,ثشرق,سرمايه گذاري مسكن شمال شرق,5,9550,58923500,6490,6170,6170,-320,-4.93,6490,0,0,6170,6170,1400-4-1,2021-06-22
702,خعمرا,توسعه و عمران شهرستان نائين,5,54700,1650572500,29297,30175,30175,878,3,29436,139,0.47,30175,30175,1400-4-1,2021-06-22
703,ضجار7041,اختيارخ وتجارت-2997-1400/07/21,5,250,26060000,145,101,120,-25,-17.24,104,-41,-28.28,100,120,1400-4-1,2021-06-22
704,وزمين,بانك ايران زمين,5,12447,149003037,12215,11971,11971,-244,-2,12213,-2,-0.02,11971,11971,1400-4-1,2021-06-22
705,سيلام,سيمان‌ ايلام‌,5,2490,25547400,10800,10260,10260,-540,-5,10800,0,0,10260,10260,1400-4-1,2021-06-22
706,پست0008پ04,پسته فندقي32-30سبزدانه0008(پ),5,1223,2084297750,1700044,1704250,1704250,4206,0.25,1704250,4206,0.25,1704250,1704250,1400-4-1,2021-06-22
707,سفار,سيمان‌فارس‌,5,262,33287100,133730,127050,127050,-6680,-5,133710,-20,-0.01,127050,127050,1400-4-1,2021-06-22
708,ونوين2,بانك‌اقتصادنوين‌,4,300000000,1380000000000,4663,4600,4600,-63,-1.35,4600,-63,-1.35,4600,4600,1400-4-1,2021-06-22
709,صپا ر 6,بار پايه روز 6صنعتي,4,9600,7872000,385,820,820,435,112.99,820,435,112.99,820,820,1400-4-1,2021-06-22
710,وسنا,سرمايه گذاري نيروگاهي ايران,4,4714,70771282,15477,15013,15013,-464,-3,15475,-2,-0.01,15013,15013,1400-4-1,2021-06-22
711,فجام,جام‌دارو,4,3801,34513080,9550,9080,9080,-470,-4.92,9550,0,0,9080,9080,1400-4-1,2021-06-22
712,هنوين203,اختيارف ت ونوين-6624-02/03/31,4,300000000,300000000,1,1,1,0,0,1,0,0,1,1,1400-4-1,2021-06-22
713,ضملي7005,اختيارخ فملي-15720-1400/07/11,4,25,12499000,1149,499,500,-649,-56.48,500,-649,-56.48,499,500,1400-4-1,2021-06-22
714,ضملت8040,اختيارخ وبملت-2934-1400/08/19,4,23,34467000,1243,1500,1489,246,19.79,1499,256,20.6,1489,1500,1400-4-1,2021-06-22
715,سكه0111پ05,تمام سكه طرح جديد0111آينده,4,400,418600000,1020483,1050000,1036000,15517,1.52,1046500,26017,2.55,1036000,1050000,1400-4-1,2021-06-22
716,تملي711,تسهيلات مسكن ب. ملي-بهمن97,4,34,17805358,498750,523687,523687,24937,5,523687,24937,5,523687,523687,1400-4-1,2021-06-22
717,ثغرب,شركت سرمايه گذاري مسكن شمالغرب,4,23588,169786424,7576,7198,7198,-378,-4.99,7571,-5,-0.07,7198,7198,1400-4-1,2021-06-22
718,ثاصفا,شركت‌ ساختمان‌ اصفهان‌,4,3306,86756052,27053,26242,26242,-811,-3,27046,-7,-0.03,26242,26242,1400-4-1,2021-06-22
719,آبين,كشت و صنعت آبشيرين,4,19989,81934911,4182,4099,4099,-83,-1.98,4181,-1,-0.02,4099,4099,1400-4-1,2021-06-22
720,نگين,ص.س. زمين و ساختمان نگين شهرري,4,620,29753400,48830,47670,47700,-1130,-2.31,47990,-840,-1.72,47670,48950,1400-4-1,2021-06-22
721,رتكو,كنترل‌خوردگي‌تكين‌كو,4,5068,82861800,17210,16350,16350,-860,-5,17200,-10,-0.06,16350,16350,1400-4-1,2021-06-22
722,سفارود,كارخانه فارسيت درود,4,1800,30729600,17783,17072,17072,-711,-4,17778,-5,-0.03,17072,17072,1400-4-1,2021-06-22
723,ضخود4001,اختيارخ خودرو-1600-1400/04/02,4,210,96810000,363,450,460,97,26.72,461,98,27,450,470,1400-4-1,2021-06-22
724,ضفار8051,اختيارخ فارس-8400-1400/08/05,4,135,337000000,1775,2500,2500,725,40.85,2496,721,40.62,2450,2500,1400-4-1,2021-06-22
725,تملي712,تسهيلات مسكن ب. ملي-اسفند97,4,114,76243054,651644,654914,684226,32582,5,668799,17155,2.63,654914,684226,1400-4-1,2021-06-22
726,تملي803,تسهيلات مسكن ب. ملي-خرداد98,4,32,27853412,881437,925506,837366,-44071,-5,870419,-11018,-1.25,837366,925508,1400-4-1,2021-06-22
727,وسكرشا,س.سهام عدالت استان كرمانشاه,4,54940,65763180,1260,1197,1197,-63,-5,1260,0,0,1197,1197,1400-4-1,2021-06-22
728,صپا ر 2,بار پايه روز 2صنعتي,4,9600,7872000,385,820,820,435,112.99,820,435,112.99,820,820,1400-4-1,2021-06-22
729,غگز,گز سكه,4,200000,3860000000,19300,19300,19300,0,0,19300,0,0,19300,19300,1400-4-1,2021-06-22
730,صپا ر 4,بار پايه روز 4صنعتي,4,9600,7872000,385,820,820,435,112.99,820,435,112.99,820,820,1400-4-1,2021-06-22
731,صپا ر 3,بار پايه روز 3صنعتي,4,9600,7872000,385,820,820,435,112.99,820,435,112.99,820,820,1400-4-1,2021-06-22
732,صپا ر 5,بار پايه روز 5صنعتي,4,9600,7872000,385,820,820,435,112.99,820,435,112.99,820,820,1400-4-1,2021-06-22
733,خاتم2,صندوق س خاتم ايساتيس پويا-ثابت,4,4000000,4000000,11265,1,1,-11264,-99.99,1,-11264,-99.99,1,1,1400-4-1,2021-06-22
734,وسرضوي,س.سهام عدالت استان خراسان رضوي,4,33938,33225302,1030,979,979,-51,-4.95,1030,0,0,979,979,1400-4-1,2021-06-22
735,كفرآور,فرآورده هاي سيمان شرق,4,2920,66304440,23409,22707,22707,-702,-3,23404,-5,-0.02,22707,22707,1400-4-1,2021-06-22
736,اخزا721,اسنادخزانه-م21بودجه97-000728,3,871,814840004,935652,935459,935705,53,0.01,935522,-130,-0.01,935459,935706,1400-4-1,2021-06-22
737,قلرست,قند لرستان‌,3,750,25245000,35430,33660,33660,-1770,-5,35430,0,0,33660,33660,1400-4-1,2021-06-22
738,اخزا811,اسنادخزانه-م11بودجه98-001013,3,3000,2700000000,900474,900000,900000,-474,-0.05,900000,-474,-0.05,900000,900000,1400-4-1,2021-06-22
739,داريك2,صندوق س.اعتماد داريك-د,3,2340000,2340000,10718,1,1,-10717,-99.99,1,-10717,-99.99,1,1,1400-4-1,2021-06-22
740,ضجار7037,اختيارخ وتجارت-1597-1400/07/21,3,8,8300000,1000,1000,1100,100,10,1037,37,3.7,1000,1100,1400-4-1,2021-06-22
741,فلات,گروه صنايع معادن فلات ايرانيان,3,1230,18164640,15224,14768,14768,-456,-3,15223,-1,-0.01,14768,14768,1400-4-1,2021-06-22
742,افران2,صندوق س افرا نماد پايدار-ثابت,3,9170000,9170000,13586,1,1,-13585,-99.99,1,-13585,-99.99,1,1,1400-4-1,2021-06-22
743,ضمخا7077,اختيارخ اخابر-6700-1400/07/28,3,65,129980000,960,2000,1999,1039,108.23,2000,1040,108.33,1999,2000,1400-4-1,2021-06-22
744,اخزا807,اسنادخزانه-م7بودجه98-000719,3,716,675044800,940002,942800,942800,2798,0.3,942800,2798,0.3,942800,942800,1400-4-1,2021-06-22
745,آينده,بازرگاني آينده سازان بهشت پارس,3,1940,37065640,19696,19106,19106,-590,-3,19694,-2,-0.01,19106,19106,1400-4-1,2021-06-22
746,وسصفا,شركت س استان اصفهان,3,10025,10195425,1070,1017,1017,-53,-4.95,1070,0,0,1017,1017,1400-4-1,2021-06-22
747,زعف0008پ12,زعفران0008پوشالمعمول سحرخيز(پ),3,699,60813000,88393,87000,87000,-1393,-1.58,87000,-1393,-1.58,87000,87000,1400-4-1,2021-06-22
748,ضخود4000,اختيارخ خودرو-1400-1400/04/02,3,215,137650000,540,650,649,109,20.19,640,100,18.52,630,650,1400-4-1,2021-06-22
749,ثالوند,سرمايه گذاري مسكن الوند,3,1639,49033963,31491,29917,29917,-1574,-5,31486,-5,-0.02,29917,29917,1400-4-1,2021-06-22
750,هكوير109,اختيارف ت كوير-8194-01/09/20,3,74100,61206600,833,826,826,-7,-0.84,826,-7,-0.84,826,826,1400-4-1,2021-06-22
751,ضسان7078,اختيارخ پارسان-18000-00/07/14,3,40,166300000,3250,3880,4400,1150,35.38,4157,907,27.91,3880,4400,1400-4-1,2021-06-22
752,اراد33,مرابحه عام دولت3-ش.خ 0303,3,4000,3679997000,899291,890000,929999,30708,3.41,919999,20708,2.3,890000,929999,1400-4-1,2021-06-22
753,ولغدر,ليزينگ‌خودروغدير,3,6339,138000030,22910,21770,21770,-1140,-4.98,22900,-10,-0.04,21770,21770,1400-4-1,2021-06-22
754,تملي804,تسهيلات مسكن ب. ملي-تير98,3,27,19511793,688247,722659,722659,34412,5,722659,34412,5,722659,722659,1400-4-1,2021-06-22
755,فلامي,لاميران‌,3,1800,61956000,36230,34420,34420,-1810,-5,36220,-10,-0.03,34420,34420,1400-4-1,2021-06-22
756,داراب,پتروشيمي داراب,3,6609,15709593,2450,2377,2377,-73,-2.98,2450,0,0,2377,2377,1400-4-1,2021-06-22
757,اخزا804,اسنادخزانه-م4بودجه98-000421,3,1156,1144440000,988011,990000,990000,1989,0.2,990000,1989,0.2,990000,990000,1400-4-1,2021-06-22
758,ومشان,س. فني و مهندسي مشانير,3,690,47423010,70854,68729,68729,-2125,-3,70844,-10,-0.01,68729,68729,1400-4-1,2021-06-22
759,اخزا723,اسنادخزانه-م23بودجه97-000824,3,125,115699605,923350,923723,930000,6650,0.72,925597,2247,0.24,922038,930000,1400-4-1,2021-06-22
760,هفجر102,اختيارف ت بفجر8626-01/02/11,3,18329,10099279,560,551,551,-9,-1.61,551,-9,-1.61,551,551,1400-4-1,2021-06-22
761,اخزا816,اسنادخزانه-م16بودجه98-010503,3,3066,2469870000,805000,805000,805870,870,0.11,805567,567,0.07,805000,805870,1400-4-1,2021-06-22
762,دحاوي,الحاوي,2,862,10210390,12211,11845,11845,-366,-3,12211,0,0,11845,11845,1400-4-1,2021-06-22
763,ضمخا7070,اختيارخ اخابر-19700-1400/07/28,2,21,4480000,200,500,199,-1,-0.5,213,13,6.5,199,500,1400-4-1,2021-06-22
764,كصدف,كاشي صدف سرام استقلال آباده,2,430,10528120,25241,24484,24484,-757,-3,25240,-1,0,24484,24484,1400-4-1,2021-06-22
765,ضفار8047,اختيارخ فارس-4400-1400/08/05,2,5,29700000,5250,5900,5950,700,13.33,5940,690,13.14,5900,5950,1400-4-1,2021-06-22
766,كهرام,توليدي گرانيت بهسرام,2,98,10783234,113436,110033,110033,-3403,-3,113432,-4,0,110033,110033,1400-4-1,2021-06-22
767,چافست,افست‌,2,698,10274560,15490,14720,14720,-770,-4.97,15490,0,0,14720,14720,1400-4-1,2021-06-22
768,كترام,توليدي‌ كاشي‌ تكسرام‌,2,312,14146080,47720,45340,45340,-2380,-4.99,47720,0,0,45340,45340,1400-4-1,2021-06-22
769,حپترو,حمل و نقل پتروشيمي( سهامي عام,2,259,13265980,53910,51220,51220,-2690,-4.99,53910,0,0,51220,51220,1400-4-1,2021-06-22
770,سكارون,سيمان كارون,2,60,10353480,177894,172558,172558,-5336,-3,177890,-4,0,172558,172558,1400-4-1,2021-06-22
771,زير0103پ04,زيره سبز0103شركت مينوبذر(پ),2,20,12324700,100000,600000,632470,532470,532.47,616235,516235,516.24,600000,632470,1400-4-1,2021-06-22
772,ضفلا7005,اختيارخ فولاد-11013-1400/07/25,2,13,12948872,703,703,800,97,13.8,710,7,1,703,800,1400-4-1,2021-06-22
773,ضسپا8044,اختيارخ خساپا-2500-1400/08/26,2,100,6000000,1,60,60,59,5900,60,59,5900,60,60,1400-4-1,2021-06-22
774,سنفت001,سلف موازي استاندارد سنفت001,2,38200,45067405000,1179775,1179775,1179775,0,0,1179775,0,0,1179775,1179775,1400-4-1,2021-06-22
775,وحافظ,بيمه حافظ,2,193,11436408,61724,59256,59256,-2468,-4,61718,-6,-0.01,59256,59256,1400-4-1,2021-06-22
776,ضصاد8036,اختيارخ وبصادر-3989-1400/08/12,2,200,5500000,25,25,30,5,20,27,2,8,25,30,1400-4-1,2021-06-22
777,شتولي,تولي‌پرس‌,2,452,14977472,33812,33136,33136,-676,-2,33810,-2,-0.01,33136,33136,1400-4-1,2021-06-22
778,اوان,مبين وان كيش,2,234,11846250,53289,50625,50625,-2664,-5,53287,-2,0,50625,50625,1400-4-1,2021-06-22
779,بكاب,صنايع‌جوشكاب‌يزد,2,32,10746560,353500,335830,335830,-17670,-5,353490,-10,0,335830,335830,1400-4-1,2021-06-22
780,كپشير,پشم‌شيشه‌ايران‌,2,4820,167013000,36470,34650,34650,-1820,-4.99,36450,-20,-0.05,34650,34650,1400-4-1,2021-06-22
781,كمند4,صندوق س. با درآمد ثابت كمند,2,421408656,4253277565008,10089,10093,10093,4,0.04,10093,4,0.04,10093,10093,1400-4-1,2021-06-22
782,ثتوسا,س.توسعه و عمران استان اردبيل,2,850,32020350,38836,37671,37671,-1165,-3,38832,-4,-0.01,37671,37671,1400-4-1,2021-06-22
783,اراد43,مرابحه عام دولت4-ش.خ 0205,2,10500,9812500000,942710,935000,934000,-8710,-0.92,934524,-8186,-0.87,934000,935000,1400-4-1,2021-06-22
784,آگاس2,صندوق س.هستي بخش آگاه-س,2,200000,200000,64488,1,1,-64487,-100,1,-64487,-100,1,1,1400-4-1,2021-06-22
785,ضغدر8059,اختيارخ وغدير-12000-1400/08/26,2,13,16750000,1199,1250,1300,101,8.42,1288,89,7.42,1250,1300,1400-4-1,2021-06-22
786,كمرجان,بازرگاني و توليدي مرجان كار,2,727,100312187,145243,137981,137981,-7262,-5,145192,-51,-0.04,137981,137981,1400-4-1,2021-06-22
787,پارتين4,ص.ج.پارتيان,1,1000,170000000,170000,170000,170000,0,0,170000,0,0,170000,170000,1400-4-1,2021-06-22
788,لازما,كارخانه هاي صنعتي آزمايش,1,500,16460000,33938,32920,32920,-1018,-3,33936,-2,-0.01,32920,32920,1400-4-1,2021-06-22
789,اراد624,مرابحه عام دولت62-ش.خ0309,1,150000,150930900000,1000000,1006206,1006206,6206,0.62,1006206,6206,0.62,1006206,1006206,1400-4-1,2021-06-22
790,ضگل8071,اختيارخ كگل-7700-1400/08/23,1,1,9100000,6500,9100,9100,2600,40,9100,2600,40,9100,9100,1400-4-1,2021-06-22
791,وغدير2,سرمايه‌گذاري‌غدير(هلدينگ‌,1,9000000,97380000000,10820,10820,10820,0,0,10820,0,0,10820,10820,1400-4-1,2021-06-22
792,اراد49,مرابحه عام دولت4-ش.خ 0206,1,500,494705000,1020000,989410,989410,-30590,-3,989410,-30590,-3,989410,989410,1400-4-1,2021-06-22
793,اراد45,مرابحه عام دولت4-ش.خ 0107,1,2000,1999600000,952250,999800,999800,47550,4.99,999800,47550,4.99,999800,999800,1400-4-1,2021-06-22
794,تملي709,تسهيلات مسكن ب. ملي-آذر97,1,6,5201418,912529,866903,866903,-45626,-5,866903,-45626,-5,866903,866903,1400-4-1,2021-06-22
795,صايپا0382,صكوك مرابحه سايپا038-3ماهه 18%,1,1050000,1011150000000,968000,963000,963000,-5000,-0.52,963000,-5000,-0.52,963000,963000,1400-4-1,2021-06-22
796,طمخا7068,اختيارف اخابر-15700-1400/07/28,1,1,8500000,9900,8500,8500,-1400,-14.14,8500,-1400,-14.14,8500,8500,1400-4-1,2021-06-22
797,سخواف,سيمان مجد خواف,1,529,8441782,16451,15958,15958,-493,-3,16451,0,0,15958,15958,1400-4-1,2021-06-22
798,ضفار8050,اختيارخ فارس-7400-1400/08/05,1,15,49500000,2801,3300,3300,499,17.82,3300,499,17.82,3300,3300,1400-4-1,2021-06-22
799,ضمخا7076,اختيارخ اخابر-9700-1400/07/28,1,15,8850000,500,590,590,90,18,590,90,18,590,590,1400-4-1,2021-06-22
800,زعف0008پ20,زعفران0008نگين وحدت جام(پ),1,90,11169000,122318,124100,124100,1782,1.46,124100,1782,1.46,124100,124100,1400-4-1,2021-06-22
801,ضسان7077,اختيارخ پارسان-16000-00/07/14,1,1,5500000,3600,5500,5500,1900,52.78,5500,1900,52.78,5500,5500,1400-4-1,2021-06-22
802,فنفت,صنايع تجهيزات نفت,1,191,5680913,31308,29743,29743,-1565,-5,31307,-1,0,29743,29743,1400-4-1,2021-06-22
803,اراد38,مرابحه عام دولت3-ش.خ 0105,1,100,105900000,1069000,1059000,1059000,-10000,-0.94,1059000,-10000,-0.94,1059000,1059000,1400-4-1,2021-06-22
804,ضپنا8002,اختيارخ رمپنا-13850-1400/08/05,1,1,1800000,1045,1800,1800,755,72.25,1800,755,72.25,1800,1800,1400-4-1,2021-06-22
805,ضپاس7026,اختيارخ وپارس-1600-1400/07/28,1,2,1828000,1100,914,914,-186,-16.91,914,-186,-16.91,914,914,1400-4-1,2021-06-22
806,طلا2,صندوق س.پشتوانه طلاي لوتوس,1,100000,100000,73842,1,1,-73841,-100,1,-73841,-100,1,1,1400-4-1,2021-06-22
807,ضپال2006,اختيارخ اپال-28000-1401/02/12,1,1,850000,830,850,850,20,2.41,850,20,2.41,850,850,1400-4-1,2021-06-22
808,اراد874,مرابحه عام دولت87-ش.خ030304,1,2200000,2048200000000,1000000,931000,931000,-69000,-6.9,931000,-69000,-6.9,931000,931000,1400-4-1,2021-06-22
809,ثامان,سامان‌ گستراصفهان‌,1,250,5392500,22700,21570,21570,-1130,-4.98,22700,0,0,21570,21570,1400-4-1,2021-06-22
810,اراد37,مرابحه عام دولت3-ش.خ 0005,1,5000,4962500000,999999,992500,992500,-7499,-0.75,992500,-7499,-0.75,992500,992500,1400-4-1,2021-06-22
811,سدبير,س. تدبيرگران فارس وخوزستان,1,72,5904000,86315,82000,82000,-4315,-5,86313,-2,0,82000,82000,1400-4-1,2021-06-22
812,فولاد2,فولاد مباركه اصفهان,1,9650000,97272000000,10080,10080,10080,0,0,10080,0,0,10080,10080,1400-4-1,2021-06-22
813,ثاباد,توريستي ورفاهي آبادگران ايران,1,926,47309340,53770,51090,51090,-2680,-4.98,53760,-10,-0.02,51090,51090,1400-4-1,2021-06-22
814,تملي801,تسهيلات مسكن ب. ملي-فروردين98,1,14,11385556,856056,813254,813254,-42802,-5,813254,-42802,-5,813254,813254,1400-4-1,2021-06-22
815,ضسان7079,اختيارخ پارسان-20000-00/07/14,1,80,256000000,2233,3200,3200,967,43.3,3200,967,43.3,3200,3200,1400-4-1,2021-06-22
816,اعتماد4,صندوق س.اعتماد آفرين پارسيان-د,1,75000000,2784000000000,37091,37120,37120,29,0.08,37120,29,0.08,37120,37120,1400-4-1,2021-06-22
817,گنگين4,اقتصادي نگين گردشگري ايرانيان,1,22826800,228268000000,1000,10000,10000,9000,900,10000,9000,900,10000,10000,1400-4-1,2021-06-22
818,مصفها203,مشاركت ش اصفهان203-3ماهه18%,1,500,490500000,997000,981000,981000,-16000,-1.6,981000,-16000,-1.6,981000,981000,1400-4-1,2021-06-22
819,شرق1400,مشاركت ليزينگ ايران وشرق140010,1,19,18996200,999800,999800,999800,0,0,999800,0,0,999800,999800,1400-4-1,2021-06-22
820,غمهرا,توليدي‌مهرام‌,1,50,5728500,120590,114570,114570,-6020,-4.99,120590,0,0,114570,114570,1400-4-1,2021-06-22
821,اراد374,مرابحه عام دولت3-ش.خ 0005,1,995000,987537500000,999999,992500,992500,-7499,-0.75,992500,-7499,-0.75,992500,992500,1400-4-1,2021-06-22
822,صنفت03122,صكوك منفعت نفت0312-6ماهه 18/5%,1,500000,500000000000,1002580,1000000,1000000,-2580,-0.26,1000000,-2580,-0.26,1000000,1000000,1400-4-1,2021-06-22
823,ضترا8060,اختيارخ شتران-4323-1400/08/09,1,1,549000,566,549,549,-17,-3,549,-17,-3,549,549,1400-4-1,2021-06-22
824,فبستم,صنايع ‌بسته‌بندي‌ مشهد,1,18055,14732880,793,816,816,23,2.9,793,0,0,816,816,1400-4-1,2021-06-22
825,ضفار8049,اختيارخ فارس-6400-1400/08/05,1,14,58240000,3200,4160,4160,960,30,4160,960,30,4160,4160,1400-4-1,2021-06-22
826,قنقش,قند نقش جهان,1,300,20597700,71519,68659,68659,-2860,-4,71507,-12,-0.02,68659,68659,1400-4-1,2021-06-22
827,ضپيك7041,اختيارخ تاپيكو-7070-00/07/18,1,2,4800000,2263,2400,2400,137,6.05,2400,137,6.05,2400,2400,1400-4-1,2021-06-22
828,پست0008پ08,پسته فندقي32-30مه ولات0008(پ),1,3,5118750,1625000,1706250,1706250,81250,5,1706250,81250,5,1706250,1706250,1400-4-1,2021-06-22
829,ثنام,س ساختماني ب نام آوران مهندسي,1,350,5651800,16647,16148,16148,-499,-3,16647,0,0,16148,16148,1400-4-1,2021-06-22
830,حپارسا,توسعه حمل و نقل ريلي پارسيان,1,150,4903800,34412,32692,32692,-1720,-5,34411,-1,0,32692,32692,1400-4-1,2021-06-22
831,زعف0008پ15,زعفران0008پوشالمعمول طلاسرخ(پ),1,1000,88200000,86500,88200,88200,1700,1.97,88200,1700,1.97,88200,88200,1400-4-1,2021-06-22
832,صايپا1122,صكوك مرابحه سايپا112-3ماهه 16%,1,300000,297000000000,970000,990000,990000,20000,2.06,990000,20000,2.06,990000,990000,1400-4-1,2021-06-22
833,آ س پ,آ.س.پ,1,350,5314750,15984,15185,15185,-799,-5,15984,0,0,15185,15185,1400-4-1,2021-06-22
834,اخزا905,اسنادخزانه-م5بودجه99-020218,1,100,68880300,689805,688803,688803,-1002,-0.15,688803,-1002,-0.15,688803,688803,1400-4-1,2021-06-22
835,اراد22,مرابحه عام دولت2-ش.خ لوتوس0212,1,2000,1956000000,985000,978000,978000,-7000,-0.71,978000,-7000,-0.71,978000,978000,1400-4-1,2021-06-22
836,ضفار8048,اختيارخ فارس-5400-1400/08/05,1,15,75750000,3869,5050,5050,1181,30.52,5050,1181,30.52,5050,5050,1400-4-1,2021-06-22
837,زنجان,صنايع كشاورزي وكود زنجان,1,555,5001660,9290,9012,9012,-278,-2.99,9290,0,0,9012,9012,1400-4-1,2021-06-22
838,شيراز2,پتروشيمي‌شيراز,1,2000000,102300000000,51120,51150,51150,30,0.06,51150,30,0.06,51150,51150,1400-4-1,2021-06-22
839,صبا14044,اجاصبابدون ضامن بارتبه اعتباري,1,100000,100430000000,1030000,1004300,1004300,-25700,-2.5,1004300,-25700,-2.5,1004300,1004300,1400-4-1,2021-06-22
840,ثقزوي,شركت عمران و سازندگي قزوين,1,700,21552300,31741,30789,30789,-952,-3,31739,-2,-0.01,30789,30789,1400-4-1,2021-06-22
841,اراد41,مرابحه عام دولت4-ش.خ 0006,1,5000,4999995000,1000000,999999,999999,-1,0,999999,-1,0,999999,999999,1400-4-1,2021-06-22
842,فردا4,صندوق س آواي فرداي زاگرس-ثابت,1,8240000,89898400000,10905,10910,10910,5,0.05,10910,5,0.05,10910,10910,1400-4-1,2021-06-22
843,خفولا,خدمات فني فولاد يزد,1,2600,105154400,41694,40444,40444,-1250,-3,41680,-14,-0.03,40444,40444,1400-4-1,2021-06-22
844,زعف0008پ18,زعفران0008نگين بهرامن(پ),1,40,5000000,123524,125000,125000,1476,1.19,125000,1476,1.19,125000,125000,1400-4-1,2021-06-22
845,سپرمي,پرميت‌,1,42,379554,8948,9037,9037,89,0.99,8948,0,0,9037,9037,1400-4-1,2021-06-22
846,زعف0008پ19,زعفران0008نگين تروند قاينات(پ),1,50,6299500,123770,125990,125990,2220,1.79,125990,2220,1.79,125990,125990,1400-4-1,2021-06-22
847,مشير112,مشاركت شهرداري شيراز-3ماهه18%,1,36,36000000,990000,1000000,1000000,10000,1.01,1000000,10000,1.01,1000000,1000000,1400-4-1,2021-06-22
848,سمگا2,گروه سرمايه گذاري ميراث فرهنگي,1,4300000,85432400000,19868,19868,19868,0,0,19868,0,0,19868,19868,1400-4-1,2021-06-22
849,ساوه2,سيمان ساوه,1,450000,20903850000,44926,46453,46453,1527,3.4,46453,1527,3.4,46453,46453,1400-4-1,2021-06-22
850,قشهد,شهد,1,280,5426400,20390,19380,19380,-1010,-4.95,20390,0,0,19380,19380,1400-4-1,2021-06-22
851,ضپيك7043,اختيارخ تاپيكو-10070-00/07/18,1,20,18000000,1,900,900,899,89900,900,899,89900,900,900,1400-4-1,2021-06-22
852,ثباغ2,شهر سازي و خانه سازي باغميشه,1,13100000,131799100000,10061,10061,10061,0,0,10061,0,0,10061,10061,1400-4-1,2021-06-22
853,كچاد2,معدني‌وصنعتي‌چادرملو,1,4200000,98280000000,23600,23400,23400,-200,-0.85,23400,-200,-0.85,23400,23400,1400-4-1,2021-06-22
854,افاد54,منفعت دولت5-ش.خاص لوتوس0108,1,2000,1677000000,841700,838500,838500,-3200,-0.38,838500,-3200,-0.38,838500,838500,1400-4-1,2021-06-22
855,ثاژن,سخت آژند,1,1000,9348000,9538,9348,9348,-190,-1.99,9538,0,0,9348,9348,1400-4-1,2021-06-22
