,نماد,نام,تعداد,حجم,ارزش,دیروز,اولین,آخرین معامله - مقدار,آخرین معامله - تغییر,آخرین معامله - درصد,قیمت پایانی - مقدار,قیمت پایانی - تغییر,قیمت پایانی - درصد,کمترین,بیشترین,تاریخ,gregorian_date
0,پالايش,صندوق پالايشي يكم-سهام,15190,12660225,859121626690,69470,68790,68130,-1340,-1.93,67860,-1610,-2.32,67120,68840,1400-10-28,2022-01-18
1,دارا يكم,صندوق واسطه گري مالي يكم-سهام,13175,7720673,810153259060,108200,106990,104960,-3240,-2.99,104930,-3270,-3.02,103750,107280,1400-10-28,2022-01-18
2,فولاد,فولاد مباركه اصفهان,9512,83956395,804643408120,9930,9820,9540,-390,-3.93,9580,-350,-3.52,9440,9830,1400-10-28,2022-01-18
3,شپنا,پالايش نفت اصفهان,8921,114771386,594899519770,5420,5330,5210,-210,-3.87,5180,-240,-4.43,5150,5370,1400-10-28,2022-01-18
4,شتران,پالايش نفت تهران,7855,116784538,402838677099,3556,3501,3470,-86,-2.42,3449,-107,-3.01,3379,3544,1400-10-28,2022-01-18
5,خساپا,سايپا,6265,230409293,363469794999,1653,1620,1571,-82,-4.96,1577,-76,-4.6,1571,1639,1400-10-28,2022-01-18
6,شبندر,پالايش نفت بندرعباس,5761,79409720,488418040040,6330,6300,6210,-120,-1.9,6150,-180,-2.84,6050,6300,1400-10-28,2022-01-18
7,فملي,ملي‌ صنايع‌ مس‌ ايران‌,5664,65266494,445549821370,6970,6970,6790,-180,-2.58,6830,-140,-2.01,6730,6970,1400-10-28,2022-01-18
8,خودرو,ايران‌ خودرو,5660,234613428,456739217757,2034,1990,1933,-101,-4.97,1947,-87,-4.28,1933,2009,1400-10-28,2022-01-18
9,كمند,صندوق س. با درآمد ثابت كمند,5308,207238253,2088053236904,10070,10076,10076,6,0.06,10076,6,0.06,10075,10076,1400-10-28,2022-01-18
10,نوري,پتروشيمي نوري,4958,2424245,239937704330,102160,101100,98970,-3190,-3.12,98970,-3190,-3.12,97980,102000,1400-10-28,2022-01-18
11,سمگا,گروه سرمايه گذاري ميراث فرهنگي,4372,69266087,693458953720,10010,9810,10100,90,0.9,10010,0,0,9510,10230,1400-10-28,2022-01-18
12,كرمان,س. توسعه و عمران استان كرمان,4321,175170448,141811767496,849,837,807,-42,-4.95,810,-39,-4.59,807,837,1400-10-28,2022-01-18
13,وتجارت,بانك تجارت,3999,153758907,266977657957,1816,1772,1726,-90,-4.96,1736,-80,-4.41,1726,1799,1400-10-28,2022-01-18
14,خپارس,پارس‌ خودرو,3982,174902687,174086516689,1042,1019,992,-50,-4.8,995,-47,-4.51,990,1024,1400-10-28,2022-01-18
15,وبملت,بانك ملت,3944,197048508,564970840700,3011,2890,2890,-121,-4.02,2867,-144,-4.78,2861,2957,1400-10-28,2022-01-18
16,كيان,صندوق س. با درآمد ثابت كيان,3837,77530660,2532580516828,32649,32666,32668,19,0.06,32666,17,0.05,32664,32668,1400-10-28,2022-01-18
17,پترول,گ.س.وت.ص.پتروشيمي خليج فارس,3411,78189690,160095511970,2143,2157,2061,-82,-3.83,2048,-95,-4.43,2036,2157,1400-10-28,2022-01-18
18,فسبزوار,پارس فولاد سبزوار,3396,1968436,66613190680,34120,33750,34000,-120,-0.35,33840,-280,-0.82,33650,34200,1400-10-28,2022-01-18
19,فرابورس,فرابورس ايران,3268,20867952,292898919760,14480,14100,13760,-720,-4.97,14040,-440,-3.04,13760,15000,1400-10-28,2022-01-18
20,وخارزم,سرمايه گذاري خوارزمي,3118,45739281,177576023434,4059,3990,3858,-201,-4.95,3882,-177,-4.36,3857,4020,1400-10-28,2022-01-18
21,فجهان,مجتمع جهان فولاد سيرجان,3008,18813786,103482402700,5500,5500,5500,0,0,5500,0,0,5500,5510,1400-10-28,2022-01-18
22,بركت,گروه دارويي بركت,2921,11670232,181063422040,16290,16130,15480,-810,-4.97,15510,-780,-4.79,15480,16130,1400-10-28,2022-01-18
23,توسن,توسعه سامانه ي نرم افزاري نگين,2831,8085443,200650269350,24800,25200,24850,50,0.2,24800,0,0,24800,25200,1400-10-28,2022-01-18
24,خكاوه,سايپا ديزل,2783,62233533,280870554558,4494,4500,4490,-4,-0.09,4513,19,0.42,4360,4628,1400-10-28,2022-01-18
25,امين يكم,صندوق درآمد ثابت امين يكم فردا,2776,89222005,904092572743,10131,10136,10134,3,0.03,10133,2,0.02,10128,10136,1400-10-28,2022-01-18
26,مديريت,س. و خدمات مديريت صند. ب كشوري,2728,9824281,80669848480,8510,8350,8260,-250,-2.94,8210,-300,-3.53,8090,8400,1400-10-28,2022-01-18
27,وبصادر,بانك صادرات ايران,2722,122349750,223475518135,1903,1853,1810,-93,-4.89,1827,-76,-3.99,1808,1870,1400-10-28,2022-01-18
28,وغدير,سرمايه‌گذاري‌غدير(هلدينگ‌,2635,25299895,321720931120,13320,13080,12930,-390,-2.93,12720,-600,-4.5,12660,13300,1400-10-28,2022-01-18
29,ونيرو,سرمايه‌گذاري‌نيرو,2542,57243380,142020094863,2398,2480,2436,38,1.58,2481,83,3.46,2419,2517,1400-10-28,2022-01-18
30,فارس,صنايع پتروشيمي خليج فارس,2460,15731641,154045785210,10120,10100,9690,-430,-4.25,9790,-330,-3.26,9620,10180,1400-10-28,2022-01-18
31,وفتخار,سرمايه گذاري افتخار سهام,2375,11735919,26031270516,2155,2219,2219,64,2.97,2218,63,2.92,2161,2219,1400-10-28,2022-01-18
32,خگستر,گسترش‌سرمايه‌گذاري‌ايران‌خودرو,2363,83742375,200551889337,2503,2441,2378,-125,-4.99,2395,-108,-4.31,2378,2482,1400-10-28,2022-01-18
33,افران,صندوق س افرا نماد پايدار-ثابت,2189,70381283,1075443917499,15272,15281,15280,8,0.05,15280,8,0.05,15280,15283,1400-10-28,2022-01-18
34,سپيد,سپيد ماكيان,2174,2366757,130897106060,57570,56600,55480,-2090,-3.63,55310,-2260,-3.93,54700,57900,1400-10-28,2022-01-18
35,وهامون,سرمايه گذاري هامون صبا,2123,15703207,41479923316,2605,2570,2672,67,2.57,2641,36,1.38,2541,2674,1400-10-28,2022-01-18
36,كيمياتك,آريان كيميا تك,2117,3535425,85321180100,25370,24530,24120,-1250,-4.93,24130,-1240,-4.89,24110,24570,1400-10-28,2022-01-18
37,كدما,معدني‌ دماوند,2097,1923356,105608314190,57660,56420,54780,-2880,-4.99,54910,-2750,-4.77,54780,57290,1400-10-28,2022-01-18
38,حفارس,حمل و نقل بين المللي خليج فارس,1967,36221307,185416825867,5008,5050,5258,250,4.99,5119,111,2.22,4770,5258,1400-10-28,2022-01-18
39,كالا,بورس كالاي ايران,1944,8939412,217485516510,25490,25100,24220,-1270,-4.98,24330,-1160,-4.55,24220,25300,1400-10-28,2022-01-18
40,ورازي,بيمه رازي,1869,136165864,166019850790,1185,1210,1220,35,2.95,1219,34,2.87,1180,1220,1400-10-28,2022-01-18
41,بكامح,ح.كارخانجات توليدي شهيد قندي,1864,65871891,25458691142,423,400,398,-25,-5.91,386,-37,-8.75,381,419,1400-10-28,2022-01-18
42,شگويا,پتروشيمي تندگويان,1854,7457625,76509862070,10600,10540,10240,-360,-3.4,10330,-270,-2.55,10180,10580,1400-10-28,2022-01-18
43,اعتماد,صندوق س.اعتماد آفرين پارسيان-د,1841,29934960,1239667659880,41388,41412,41413,25,0.06,41412,24,0.06,41411,41414,1400-10-28,2022-01-18
44,سحرخيز,صندوق س. گروه زعفران سحرخيز,1829,3590879,60843882802,16959,16750,17599,640,3.77,16944,-15,-0.09,16243,17700,1400-10-28,2022-01-18
45,وسكرمان,س.سهام عدالت استان كرمان,1813,245726232,97032849996,413,410,400,-13,-3.15,395,-18,-4.36,393,420,1400-10-28,2022-01-18
46,ثاميد,توسعه و عمران اميد,1810,43947543,55347760327,1317,1300,1282,-35,-2.66,1259,-58,-4.4,1252,1300,1400-10-28,2022-01-18
47,سخواف,سيمان مجد خواف,1805,23880888,191864420560,7810,8040,8040,230,2.94,8030,220,2.82,7590,8040,1400-10-28,2022-01-18
48,سمايه,بانك سرمايه,1803,23482041,94280810237,4212,4002,4016,-196,-4.65,4015,-197,-4.68,4002,4135,1400-10-28,2022-01-18
49,زاگرس,پتروشيمي زاگرس,1760,949910,170996608750,189000,188000,179550,-9450,-5,180000,-9000,-4.76,179550,188000,1400-10-28,2022-01-18
50,ختوقا,قطعات‌ اتومبيل‌ ايران‌,1751,50007638,133244817510,2719,2657,2645,-74,-2.72,2664,-55,-2.02,2584,2770,1400-10-28,2022-01-18
51,صبا,سرمايه گذاري صبا تامين,1708,12603376,75576735700,6160,6170,5920,-240,-3.9,6050,-110,-1.79,5890,6170,1400-10-28,2022-01-18
52,فخوز,فولاد  خوزستان,1682,18787516,106166812140,5920,5850,5630,-290,-4.9,5670,-250,-4.22,5630,5850,1400-10-28,2022-01-18
53,شاراك,پتروشيمي شازند,1662,5738539,217994646300,39790,39340,37980,-1810,-4.55,37990,-1800,-4.52,37810,39970,1400-10-28,2022-01-18
54,شفن,پتروشيمي فناوران,1646,7362440,88773086550,12680,12110,12050,-630,-4.97,12190,-490,-3.86,12050,12390,1400-10-28,2022-01-18
55,حكشتي,كشتيراني جمهوري اسلامي ايران,1642,9881236,123968347830,13160,12890,12520,-640,-4.86,12550,-610,-4.64,12510,13100,1400-10-28,2022-01-18
56,شپديس,پتروشيمي پرديس,1641,2706732,385177887790,149490,143120,143000,-6490,-4.34,142300,-7190,-4.81,142020,145890,1400-10-28,2022-01-18
57,وپاسار,بانك  پاسارگاد,1629,56201243,409521902930,7010,7360,7360,350,4.99,7290,280,3.99,6690,7360,1400-10-28,2022-01-18
58,بوعلي,پتروشيمي بوعلي سينا,1625,2090931,146175979310,71080,70200,70000,-1080,-1.52,69910,-1170,-1.65,69480,70700,1400-10-28,2022-01-18
59,كپارس,كاشي‌ پارس‌,1613,18477381,133789918130,7500,7680,7240,-260,-3.47,7240,-260,-3.47,7130,7680,1400-10-28,2022-01-18
60,كاما,باما,1598,20218965,114297089230,5930,5720,5700,-230,-3.88,5650,-280,-4.72,5640,5860,1400-10-28,2022-01-18
61,تسه0009,امتيازتسهيلات مسكن آذر 1400,1594,93338,116136329871,1224293,1234000,1240001,15708,1.28,1244256,19963,1.63,1230000,1245000,1400-10-28,2022-01-18
62,وساغربي,شركت س استان آذربايجان غربي,1592,114353387,44949363696,408,401,392,-16,-3.92,393,-15,-3.68,388,407,1400-10-28,2022-01-18
63,ثبهساز,بهساز كاشانه تهران,1587,57307802,80665897612,1456,1421,1425,-31,-2.13,1408,-48,-3.3,1385,1465,1400-10-28,2022-01-18
64,شغدير,پتروشيمي غدير,1563,2732940,203058303900,78060,75000,75470,-2590,-3.32,74300,-3760,-4.82,74160,76900,1400-10-28,2022-01-18
65,فاراك,ماشين‌ سازي‌ اراك‌,1540,73440340,92901483190,1328,1291,1272,-56,-4.22,1265,-63,-4.74,1262,1300,1400-10-28,2022-01-18
66,خمهرح,ح . مهركام‌پارس‌,1539,34349763,17203164537,552,536,497,-55,-9.96,501,-51,-9.24,497,536,1400-10-28,2022-01-18
67,وسكرد,شركت س استان كردستان,1536,154687296,60569340897,409,404,391,-18,-4.4,392,-17,-4.16,389,410,1400-10-28,2022-01-18
68,غصينو,صنعتي مينو,1519,7293725,117697850030,16000,16710,16020,20,0.13,16140,140,0.88,15400,16710,1400-10-28,2022-01-18
69,كچاد,معدني‌وصنعتي‌چادرملو,1479,5670205,160162474370,29140,28580,28590,-550,-1.89,28250,-890,-3.05,27690,29260,1400-10-28,2022-01-18
70,هاي وب,داده گسترعصرنوين-هاي وب,1475,21680728,158551195790,7670,7590,7290,-380,-4.95,7310,-360,-4.69,7290,7640,1400-10-28,2022-01-18
71,غكورش,صنعت غذايي كورش,1458,1198391,54002019730,46660,46000,45030,-1630,-3.49,45060,-1600,-3.43,44400,46500,1400-10-28,2022-01-18
72,بترانس,ايران‌ ترانسفو,1441,45460960,77499617123,1785,1750,1718,-67,-3.75,1705,-80,-4.48,1696,1780,1400-10-28,2022-01-18
73,پارند,صندوق س. پارند پايدار سپهر,1439,52278716,526567401735,10067,10073,10073,6,0.06,10072,5,0.05,10072,10073,1400-10-28,2022-01-18
74,شسينا,صنايع‌شيميايي‌سينا,1438,31348995,65620822194,2170,2149,2062,-108,-4.98,2093,-77,-3.55,2062,2190,1400-10-28,2022-01-18
75,خبهمن,گروه‌بهمن‌,1421,65900441,121563940533,1941,1844,1859,-82,-4.22,1845,-96,-4.95,1844,1874,1400-10-28,2022-01-18
76,قتربت,قند تربت حيدريه,1415,213036,14699484000,67000,69000,69000,2000,2.99,69000,2000,2.99,69000,69000,1400-10-28,2022-01-18
77,بورس,بورس اوراق بهادار تهران,1409,18491212,157139176670,8930,8690,8490,-440,-4.93,8500,-430,-4.82,8490,8700,1400-10-28,2022-01-18
78,گدنا,تهيه توزيع غذاي دنا آفرين فدك,1404,1616809,17345721890,11260,11260,10720,-540,-4.8,10730,-530,-4.71,10700,11260,1400-10-28,2022-01-18
79,حسير,ريل سير كوثر,1362,5168544,80920326070,15560,15500,15800,240,1.54,15660,100,0.64,15010,16200,1400-10-28,2022-01-18
80,گشان,توسعه بين المللي پديده شانديز,1362,3081036,50123036590,16490,16940,16400,-90,-0.55,16270,-220,-1.33,16000,16940,1400-10-28,2022-01-18
81,سرو,صندوق س سروسودمند مدبران-سهام,1355,1410422,90057261620,65920,65020,63840,-2080,-3.16,63850,-2070,-3.14,63100,65490,1400-10-28,2022-01-18
82,ولساپا,ليزينگ رايان‌ سايپا,1345,117276486,148291878899,1329,1310,1270,-59,-4.44,1264,-65,-4.89,1263,1310,1400-10-28,2022-01-18
83,ضخود2019,اختيارخ خودرو-2500-1401/02/07,1330,50431,6464730000,154,142,126,-28,-18.18,128,-26,-16.88,122,146,1400-10-28,2022-01-18
84,رمپنا,گروه مپنا (سهامي عام),1326,9728800,146506755960,15810,15990,15020,-790,-5,15060,-750,-4.74,15020,15990,1400-10-28,2022-01-18
85,ومعادن,توسعه‌معادن‌وفلزات‌,1317,23524236,207386331150,9120,9140,8710,-410,-4.5,8820,-300,-3.29,8670,9140,1400-10-28,2022-01-18
86,كزغال,زغال سنگ پروده طبس,1264,1962044,54796858850,29200,28200,27950,-1250,-4.28,27950,-1250,-4.28,27750,28650,1400-10-28,2022-01-18
87,وسپهر,سرمايه گذاري مالي سپهرصادرات,1235,4619159,32612213040,7060,7060,7060,0,0,7060,0,0,7060,7070,1400-10-28,2022-01-18
88,سپيدار,سپيدار سيستم آسيا,1228,1010127,19068723600,19250,18850,18550,-700,-3.64,18900,-350,-1.82,18550,19550,1400-10-28,2022-01-18
89,فروس,فروسيليس‌ ايران‌,1222,9343001,64698365620,6960,7000,6990,30,0.43,6920,-40,-0.57,6660,7100,1400-10-28,2022-01-18
90,وسكرشا,س.سهام عدالت استان كرمانشاه,1213,140499422,56097934361,416,425,400,-16,-3.85,399,-17,-4.09,396,425,1400-10-28,2022-01-18
91,ومدير,گ.مديريت ارزش سرمايه ص ب كشوري,1202,4490561,19235059183,4358,4301,4283,-75,-1.72,4283,-75,-1.72,4235,4350,1400-10-28,2022-01-18
92,خزاميا,زامياد,1182,16891149,131819009620,8200,8020,7790,-410,-5,7800,-400,-4.88,7790,8030,1400-10-28,2022-01-18
93,وگردش,بانك گردشگري,1172,34078957,350524034050,10280,10310,10290,10,0.1,10290,10,0.1,10200,10310,1400-10-28,2022-01-18
94,شاروم,پتروشيمي اروميه,1153,835544,10442980300,12880,12610,12420,-460,-3.57,12600,-280,-2.17,12310,12860,1400-10-28,2022-01-18
95,وكبهمن,مديريت سرمايه گذاري كوثربهمن,1147,1054836,9057405610,8950,8750,8600,-350,-3.91,8710,-240,-2.68,8510,8800,1400-10-28,2022-01-18
96,شبريز,پالايش نفت تبريز,1134,2362644,76885055450,33350,33390,33100,-250,-0.75,32730,-620,-1.86,31690,33870,1400-10-28,2022-01-18
97,سيتا,سرمايه گذاري سيمان تامين,1124,2816426,23704188760,8680,8590,8450,-230,-2.65,8510,-170,-1.96,8280,8610,1400-10-28,2022-01-18
98,شصدف,صنعتي دوده فام,1111,4158148,140091073500,35400,34700,34250,-1150,-3.25,33700,-1700,-4.8,33650,35100,1400-10-28,2022-01-18
99,نهال,صندوق س. طلاي سرخ نوويرا,1095,2316766,40886061616,17869,17656,18170,301,1.68,17648,-221,-1.24,16801,18300,1400-10-28,2022-01-18
100,چكاپا,گروه صنايع كاغذ پارس,1095,23134984,61723899998,2798,2797,2670,-128,-4.57,2668,-130,-4.65,2659,2797,1400-10-28,2022-01-18
101,فروي,ذوب روي اصفهان,1083,2708801,43805320980,16900,16720,16220,-680,-4.02,16170,-730,-4.32,16060,16920,1400-10-28,2022-01-18
102,غپآذر,شير پگاه آذربايجان شرقي,1074,2881446,99211752100,33100,34750,34400,1300,3.93,34450,1350,4.08,33100,34750,1400-10-28,2022-01-18
103,شرنگي,شيميايي رنگين,1070,273073,66531174300,237000,242000,244100,7100,3,243650,6650,2.81,237100,244100,1400-10-28,2022-01-18
104,بپيوند,برق و انرژي پيوندگستر پارس,1068,978726,8441447320,8970,8760,8620,-350,-3.9,8770,-200,-2.23,8550,8900,1400-10-28,2022-01-18
105,وملي,گروه‌ صنعتي‌ ملي‌ (هلدينگ‌,1055,411352,49033715470,124850,125490,118800,-6050,-4.85,119200,-5650,-4.53,118610,125490,1400-10-28,2022-01-18
106,بهپاك,صنعتي بهپاك,1048,9345072,59847382910,6720,6610,6500,-220,-3.27,6400,-320,-4.76,6390,6680,1400-10-28,2022-01-18
107,غفارس,شير پاستوريزه پگاه فارس,1046,11700373,60480991458,4934,5149,5180,246,4.99,5169,235,4.76,5000,5180,1400-10-28,2022-01-18
108,فاذر,صنايع‌ آذرآب‌,1042,35437665,29406490346,867,860,824,-43,-4.96,830,-37,-4.27,824,865,1400-10-28,2022-01-18
109,اتكاي,بيمه اتكايي ايرانيان,1036,7086054,72687606640,9980,10140,10430,450,4.51,10260,280,2.81,9900,10470,1400-10-28,2022-01-18
110,بگيلان,توسعه مسير برق گيلان,1036,381141,4943741930,13470,12850,13000,-470,-3.49,13360,-110,-0.82,12800,13350,1400-10-28,2022-01-18
111,كگل,معدني و صنعتي گل گهر,1023,7650519,162020754240,21810,21310,20750,-1060,-4.86,21180,-630,-2.89,20720,21950,1400-10-28,2022-01-18
112,حتوكا,حمل‌ونقل‌توكا,1020,7233701,95180318170,13470,13470,12800,-670,-4.97,13160,-310,-2.3,12800,13860,1400-10-28,2022-01-18
113,آگاس,صندوق س.هستي بخش آگاه-س,1016,1233992,89289449008,73294,73000,71960,-1334,-1.82,72358,-936,-1.28,71200,73000,1400-10-28,2022-01-18
114,شسپا,نفت سپاهان,981,20930264,66277138113,3262,3260,3148,-114,-3.49,3173,-89,-2.73,3124,3260,1400-10-28,2022-01-18
115,ولپارس,ليزينگ پارسيان,968,5861449,15053101871,2681,2620,2565,-116,-4.33,2568,-113,-4.21,2547,2715,1400-10-28,2022-01-18
116,ونوين,بانك‌اقتصادنوين‌,966,34011127,108726092042,3353,3350,3202,-151,-4.5,3197,-156,-4.65,3186,3350,1400-10-28,2022-01-18
117,تاپكيش,تجارت الكترونيك پارسيان كيش,948,4686732,72454969720,16190,16010,15390,-800,-4.94,15460,-730,-4.51,15390,16010,1400-10-28,2022-01-18
118,شيران,س. صنايع‌شيميايي‌ايران,937,3803887,69434523470,19110,18690,18160,-950,-4.97,18270,-840,-4.4,18160,18850,1400-10-28,2022-01-18
119,وسديد,گروه ‌صنعتي‌سديد,929,15197340,14259749648,965,946,937,-28,-2.9,938,-27,-2.8,937,965,1400-10-28,2022-01-18
120,آپ,آسان پرداخت پرشين,907,8752523,71029619070,8520,8250,8100,-420,-4.93,8120,-400,-4.69,8100,8430,1400-10-28,2022-01-18
121,زملارد,كشاورزي و دامپروري ملارد شير,905,498487,3780989530,7900,7550,7670,-230,-2.91,7810,-90,-1.14,7520,7860,1400-10-28,2022-01-18
122,لطيف,محصولات كاغذي لطيف,904,674477,23436894850,36350,35900,34750,-1600,-4.4,34750,-1600,-4.4,34550,35900,1400-10-28,2022-01-18
123,فتوسا,توليد و توسعه سرب روي ايرانيان,903,931846,9942916240,11110,10780,10570,-540,-4.86,10810,-300,-2.7,10560,10900,1400-10-28,2022-01-18
124,حفاري,حفاري شمال,882,13483339,48033704247,3736,3620,3580,-156,-4.18,3562,-174,-4.66,3550,3700,1400-10-28,2022-01-18
125,قثابت,قند ثابت‌ خراسان‌,881,27489830,42251044585,1605,1572,1530,-75,-4.67,1537,-68,-4.24,1525,1590,1400-10-28,2022-01-18
126,ملت,بيمه ملت,870,30971953,37811063025,1246,1224,1205,-41,-3.29,1221,-25,-2.01,1191,1249,1400-10-28,2022-01-18
127,فسرب,ملي‌ سرب‌وروي‌ ايران‌,858,18878899,28408673268,1578,1540,1500,-78,-4.94,1505,-73,-4.63,1500,1560,1400-10-28,2022-01-18
128,كاوه,فولاد كاوه جنوب كيش,857,4363428,50773197230,12170,11760,11700,-470,-3.86,11780,-390,-3.2,11570,11900,1400-10-28,2022-01-18
129,آبادا,توليد نيروي برق آبادان,840,889240,7785680090,9180,8790,8730,-450,-4.9,8940,-240,-2.61,8730,9000,1400-10-28,2022-01-18
130,ضخود2018,اختيارخ خودرو-2000-1401/02/07,826,22095,7590980000,389,360,340,-49,-12.6,344,-45,-11.57,335,367,1400-10-28,2022-01-18
131,تاپيكو,س. نفت و گاز و پتروشيمي تأمين,823,8370460,107309945840,13300,13080,12770,-530,-3.98,12840,-460,-3.46,12650,13100,1400-10-28,2022-01-18
132,طلا,صندوق س.پشتوانه طلاي لوتوس,820,704412,57946857179,82553,82395,81990,-563,-0.68,82263,-290,-0.35,81900,82701,1400-10-28,2022-01-18
133,دسانكو,داروسازي سبحان انكولوژي,813,2103692,25418007020,11960,11960,12100,140,1.17,12080,120,1,11960,12230,1400-10-28,2022-01-18
134,كارا,صندوق س. كارا -د,804,32527415,344591006668,10587,10594,10594,7,0.07,10594,7,0.07,10593,10594,1400-10-28,2022-01-18
135,پتاير,ايران‌ تاير,798,23671287,38677858644,1713,1720,1654,-59,-3.44,1634,-79,-4.61,1628,1720,1400-10-28,2022-01-18
136,تپمپي,پمپ‌ سازي‌ ايران‌,797,3257467,68147583570,20840,21200,20710,-130,-0.62,20920,80,0.38,19900,21840,1400-10-28,2022-01-18
137,ولكار,ليزينگ كارآفرين,793,296288,1119347040,3950,3760,3792,-158,-4,3936,-14,-0.35,3760,3870,1400-10-28,2022-01-18
138,كترام,توليدي‌ كاشي‌ تكسرام‌,793,2349592,53307338040,22160,22260,22730,570,2.57,22690,530,2.39,21910,23260,1400-10-28,2022-01-18
139,سفارس,سيمان فارس و خوزستان,769,4830062,69684530870,15070,14810,14530,-540,-3.58,14430,-640,-4.25,14320,14820,1400-10-28,2022-01-18
140,كرازي,كارخانجات‌توليدي‌شيشه‌رازي‌,763,25512541,29405718188,1184,1180,1142,-42,-3.55,1153,-31,-2.62,1136,1196,1400-10-28,2022-01-18
141,وبانك,سرمايه گذاري گروه توسعه ملي,763,6679941,51283758530,7960,7850,7660,-300,-3.77,7790,-170,-2.14,7570,7950,1400-10-28,2022-01-18
142,وپارس,بانك‌پارسيان‌,758,35054159,59793940032,1793,1707,1704,-89,-4.96,1744,-49,-2.73,1704,1749,1400-10-28,2022-01-18
143,پارس,پتروشيمي پارس,750,478200,78018932060,168060,169000,163800,-4260,-2.53,164150,-3910,-2.33,162500,169000,1400-10-28,2022-01-18
144,مفاخر,توسعه فناوري اطلاعات خوارزمي,745,1875247,53970612650,27600,27700,28950,1350,4.89,28800,1200,4.35,27700,28950,1400-10-28,2022-01-18
145,ثشاهد,سرمايه‌ گذاري‌ شاهد,743,5805767,48851988790,8820,8640,8380,-440,-4.99,8410,-410,-4.65,8380,8710,1400-10-28,2022-01-18
146,تملت,تامين سرمايه بانك ملت,731,11317594,28273604294,2546,2547,2536,-10,-0.39,2498,-48,-1.89,2419,2555,1400-10-28,2022-01-18
147,بجهرم,توسعه مولد نيروگاهي جهرم,717,15039969,26788951456,1825,1797,1805,-20,-1.1,1781,-44,-2.41,1754,1832,1400-10-28,2022-01-18
148,لپارس,پارس‌ الكتريك‌,716,470520,41998954670,93740,89390,89060,-4680,-4.99,89260,-4480,-4.78,89060,92470,1400-10-28,2022-01-18
149,غزر,صنعتي زر ماكارون,709,2245324,18852051420,8740,8520,8310,-430,-4.92,8500,-240,-2.75,8310,8710,1400-10-28,2022-01-18
150,افرا,افرانت,706,1878019,40458210100,20700,21700,21700,1000,4.83,21550,850,4.11,20700,21700,1400-10-28,2022-01-18
151,هرمز,فولاد هرمزگان جنوب,697,7781477,106947471940,14440,14100,13730,-710,-4.92,13780,-660,-4.57,13720,14100,1400-10-28,2022-01-18
152,شبصير,توليدات پتروشيمي قائد بصير,697,290850,29935273400,103900,102200,102750,-1150,-1.11,102900,-1000,-0.96,100000,107900,1400-10-28,2022-01-18
153,وپويا,سرمايه گذاري پويا,688,2512597,7781574018,3230,3173,3100,-130,-4.02,3157,-73,-2.26,3070,3196,1400-10-28,2022-01-18
154,سيمرغ,سيمرغ,687,3958359,85829936250,22800,22000,21660,-1140,-5,21680,-1120,-4.91,21660,22400,1400-10-28,2022-01-18
155,غپينو,پارس‌ مينو,681,13368391,25052378043,1970,1947,1897,-73,-3.71,1874,-96,-4.87,1872,1947,1400-10-28,2022-01-18
156,بكام,كارخانجات توليدي شهيد قندي,678,14328494,21024181841,1527,1521,1478,-49,-3.21,1467,-60,-3.93,1451,1521,1400-10-28,2022-01-18
157,زملاردح,ح.كشاورزي و دامپروري ملارد شير,675,365710,1833001340,5270,5020,5010,-260,-4.93,5010,-260,-4.93,5010,5090,1400-10-28,2022-01-18
158,وساپا,سرمايه‌گذاري‌ سايپا,674,14903539,57638435468,4041,3960,3894,-147,-3.64,3867,-174,-4.31,3839,4000,1400-10-28,2022-01-18
159,فاسمين,كالسيمين‌,673,4031988,62461448220,16240,15990,15450,-790,-4.86,15490,-750,-4.62,15430,16000,1400-10-28,2022-01-18
160,ذوب,ذوب آهن اصفهان,672,25132249,72079290132,3018,2868,2868,-150,-4.97,2868,-150,-4.97,2868,2868,1400-10-28,2022-01-18
161,كمنگنز,معادن‌منگنزايران‌,670,15593980,153607746730,9410,9880,9880,470,4.99,9850,440,4.68,9360,9880,1400-10-28,2022-01-18
162,كتوكا,توليدي و خدمات صنايع نسوز توكا,665,8858444,55721072070,6610,6320,6310,-300,-4.54,6290,-320,-4.84,6280,6500,1400-10-28,2022-01-18
163,وهور,مديريت انرژي اميد  تابان هور,665,25511967,28228221414,1154,1158,1097,-57,-4.94,1108,-46,-3.99,1097,1159,1400-10-28,2022-01-18
164,غشهداب,كشت و صنعت شهداب ناب خراسان,664,14647724,33788951023,2423,2391,2305,-118,-4.87,2307,-116,-4.79,2302,2402,1400-10-28,2022-01-18
165,وصنا,گروه‌صنايع‌بهشهرايران‌,641,8152502,22396732674,2870,2779,2752,-118,-4.11,2747,-123,-4.29,2727,2837,1400-10-28,2022-01-18
166,شاوان,پالايش نفت لاوان,638,443654,53110609050,123700,121850,120000,-3700,-2.99,119850,-3850,-3.11,117700,123900,1400-10-28,2022-01-18
167,غسالم,سالمين‌,638,6867956,16915904669,2570,2527,2450,-120,-4.67,2463,-107,-4.16,2442,2528,1400-10-28,2022-01-18
168,اطلس,صندوق س.توسعه اندوخته آينده-س,631,192385,43494484443,231121,229001,225799,-5322,-2.3,226080,-5041,-2.18,225378,229261,1400-10-28,2022-01-18
169,كماسه,تامين‌ ماسه‌ ريخته‌گري‌,630,7768820,21184126363,2825,2810,2684,-141,-4.99,2727,-98,-3.47,2684,2908,1400-10-28,2022-01-18
170,بپاس,بيمه پاسارگاد,626,5004661,175163720250,35000,35000,35000,0,0,35000,0,0,34950,35050,1400-10-28,2022-01-18
171,كرماشا,صنايع پتروشيمي كرمانشاه,620,3161745,143446773170,47730,46190,45360,-2370,-4.97,45370,-2360,-4.94,45350,47100,1400-10-28,2022-01-18
172,فنفت,صنايع تجهيزات نفت,618,6003430,126250750230,20430,20500,20850,420,2.06,21030,600,2.94,20500,21040,1400-10-28,2022-01-18
173,ديران,ايران‌دارو,612,3041784,43572441350,14930,14830,14190,-740,-4.96,14320,-610,-4.09,14190,15130,1400-10-28,2022-01-18
174,تپولا,مهندسي مرآت پولاد,610,2429784,30321660510,12330,12650,12690,360,2.92,12480,150,1.22,11970,12690,1400-10-28,2022-01-18
175,البرز,بيمه البرز,606,15393514,24928074580,1660,1642,1660,0,0,1619,-41,-2.47,1586,1663,1400-10-28,2022-01-18
176,انرژي3,سايراشخاص بورس انرژي,601,602688,39877321200,69330,67010,65870,-3460,-4.99,66680,-2650,-3.82,65870,67900,1400-10-28,2022-01-18
177,فلوله,لوله‌وماشين‌سازي‌ايران‌,600,22489111,19738280516,917,891,872,-45,-4.91,878,-39,-4.25,872,914,1400-10-28,2022-01-18
178,كوير,توليدي فولاد سپيد فراب كوير,599,14164305,56158543434,4170,4000,3962,-208,-4.99,3965,-205,-4.92,3962,4120,1400-10-28,2022-01-18
179,كپرور,فرآوري زغال سنگ پروده طبس,596,1293879,39114633050,29500,29850,30100,600,2.03,30250,750,2.54,28200,30950,1400-10-28,2022-01-18
180,غبشهر,صنعتي‌ بهشهر,592,24816279,82086219306,3468,3370,3301,-167,-4.82,3308,-160,-4.61,3295,3499,1400-10-28,2022-01-18
181,تملتح,ح . تامين سرمايه بانك ملت,591,6339627,6777795171,1095,1100,1060,-35,-3.2,1069,-26,-2.37,1042,1100,1400-10-28,2022-01-18
182,ياقوت,صندوق س ياقوت آگاه-ثابت,591,13141281,183993864117,13995,14002,14003,8,0.06,14001,6,0.04,14001,14004,1400-10-28,2022-01-18
183,وسگيلا,شركت س استان گيلان,589,52379977,21624188211,424,413,420,-4,-0.94,414,-10,-2.36,403,425,1400-10-28,2022-01-18
184,بكهنوج,توليد برق ماهتاب كهنوج,588,22309464,23224052296,1040,1090,1022,-18,-1.73,1041,1,0.1,997,1090,1400-10-28,2022-01-18
185,اپال,فرآوري معدني اپال كاني پارس,586,912823,21378946800,23510,23510,23300,-210,-0.89,23490,-20,-0.09,23300,23700,1400-10-28,2022-01-18
186,ودي,بيمه  دي,563,3919643,15731424108,4102,4100,3986,-116,-2.83,4013,-89,-2.17,3897,4130,1400-10-28,2022-01-18
187,كسرا,سراميك‌هاي‌صنعتي‌اردكان‌,556,7347815,99257159890,14050,14100,13350,-700,-4.98,13510,-540,-3.84,13350,14160,1400-10-28,2022-01-18
188,زكوثر,سرمايه گذاري كشاورزي كوثر,555,4080725,52826296380,13610,13150,13060,-550,-4.04,12950,-660,-4.85,12930,13270,1400-10-28,2022-01-18
189,فگستر,گسترش صنايع روي ايرانيان,554,1231584,11169894930,9530,9240,9060,-470,-4.93,9150,-380,-3.99,9060,9400,1400-10-28,2022-01-18
190,تسه0006,امتيازتسهيلات مسكن شهريور1400,552,12593,15620757134,1231930,1174445,1236000,4070,0.33,1240432,8502,0.69,1174445,1273999,1400-10-28,2022-01-18
191,ومهان,گروه توسعه مالي مهر آيندگان,551,8717284,34749526395,4189,4010,4029,-160,-3.82,4042,-147,-3.51,3980,4061,1400-10-28,2022-01-18
192,سدبير,س. تدبيرگران فارس وخوزستان,542,1185455,39096583700,34400,33100,32700,-1700,-4.94,33000,-1400,-4.07,32700,34400,1400-10-28,2022-01-18
193,فباهنر,مس‌ شهيدباهنر,542,949330,24647213470,26820,27280,26060,-760,-2.83,26040,-780,-2.91,25700,27280,1400-10-28,2022-01-18
194,قاسم,قاسم ايران,536,8349391,28718634675,3596,3646,3560,-36,-1,3440,-156,-4.34,3417,3646,1400-10-28,2022-01-18
195,خراسان,پتروشيمي خراسان,533,1118404,117291341660,110250,106410,105790,-4460,-4.05,104870,-5380,-4.88,104740,106600,1400-10-28,2022-01-18
196,تاصيكو,سرمايه گذاري صدرتامين,522,4408392,34365382320,8080,8030,7800,-280,-3.47,7980,-100,-1.24,7730,8030,1400-10-28,2022-01-18
197,لكما,كارخانجات‌مخابراتي‌ايران‌,512,18512338,14771002723,818,812,794,-24,-2.93,798,-20,-2.44,794,822,1400-10-28,2022-01-18
198,هماي,صندوق س هماي آگاه-ثابت,507,5347014,54311892232,10153,10160,10149,-4,-0.04,10157,4,0.04,10149,10163,1400-10-28,2022-01-18
199,كسعدي,كاشي‌ سعدي‌,500,5004457,34589887770,7220,7000,6860,-360,-4.99,6910,-310,-4.29,6860,7290,1400-10-28,2022-01-18
200,اخابر,مخابرات ايران,496,7461610,50325639440,6990,6930,6740,-250,-3.58,6880,-110,-1.57,6700,6930,1400-10-28,2022-01-18
201,غويتا,ويتانا,495,4052837,17155909605,4400,4220,4219,-181,-4.11,4233,-167,-3.8,4210,4331,1400-10-28,2022-01-18
202,رانفور,خدمات‌انفورماتيك‌,493,19499327,66085039753,3443,3429,3323,-120,-3.49,3389,-54,-1.57,3290,3461,1400-10-28,2022-01-18
203,وصنعت,سرمايه گذاري توسعه صنعت وتجارت,490,4332455,27996715680,6510,6400,6320,-190,-2.92,6460,-50,-0.77,6260,6640,1400-10-28,2022-01-18
204,فافق,صنايع مس افق كرمان,489,6954354,21134615282,3045,3050,3000,-45,-1.48,3039,-6,-0.2,2956,3090,1400-10-28,2022-01-18
205,تسه0008,امتيازتسهيلات مسكن آبان1400,488,6746,8379836962,1227292,1252010,1239000,11708,0.95,1242193,14901,1.21,1230009,1278794,1400-10-28,2022-01-18
206,شليا,شركت مواد ويژه ليا,487,2017256,45410380200,37450,22500,23150,-14300,-38.18,22500,-14950,-39.92,21850,23150,1400-10-28,2022-01-18
207,خلنت,لنت‌ ترمزايران‌,487,440461,28314879800,67130,68480,63900,-3230,-4.81,64280,-2850,-4.25,63780,68480,1400-10-28,2022-01-18
208,آسيا,بيمه آسيا,486,18037023,28367141359,1636,1601,1569,-67,-4.1,1573,-63,-3.85,1555,1634,1400-10-28,2022-01-18
209,افق ملت,صندوق س در سهام افق ملت,483,46302,6063173130,132590,131260,133400,810,0.61,130950,-1640,-1.24,129000,133950,1400-10-28,2022-01-18
210,كامياب,صندوق س. كامياب آشنا-د,480,11297373,127473282323,11277,11284,11284,7,0.06,11283,6,0.05,11283,11285,1400-10-28,2022-01-18
211,تنوين,تامين سرمايه نوين,480,8922957,55745923590,6230,6180,6110,-120,-1.93,6250,20,0.32,6100,6300,1400-10-28,2022-01-18
212,شفارس,صنايع‌ شيميايي‌ فارس‌,478,10518677,9648026641,958,960,919,-39,-4.07,930,-28,-2.92,911,960,1400-10-28,2022-01-18
213,تبرك,گروه كارخانجات صنعتي تبرك,477,4110114,32502816430,8250,7990,7940,-310,-3.76,7910,-340,-4.12,7840,8200,1400-10-28,2022-01-18
214,وارس,سرمايه گذاري ارس صبا,477,4591700,53672014000,11170,11720,11530,360,3.22,11690,520,4.66,11290,11720,1400-10-28,2022-01-18
215,ضخود2020,اختيارخ خودرو-3000-1401/02/07,476,23349,1411314000,69,64,57,-12,-17.39,60,-9,-13.04,54,71,1400-10-28,2022-01-18
216,زقيام,كشت و دام قيام اصفهان,473,9331906,14070072584,1578,1510,1500,-78,-4.94,1516,-62,-3.93,1500,1540,1400-10-28,2022-01-18
217,غمارگ,مارگارين‌,470,11789312,29578137953,2626,2540,2495,-131,-4.99,2509,-117,-4.46,2495,2612,1400-10-28,2022-01-18
218,سپر,صندوق س سپر سرمايه بيدار- ثابت,468,15613203,212364385115,13593,13599,13600,7,0.05,13602,9,0.07,13599,13604,1400-10-28,2022-01-18
219,دكپسول,توليد ژلاتين كپسول ايران,462,1342876,36102941450,28200,27500,27300,-900,-3.19,26900,-1300,-4.61,26800,28200,1400-10-28,2022-01-18
220,حآفرين,ريل پرداز نو آفرين,460,11324796,38047354917,3534,3358,3358,-176,-4.98,3360,-174,-4.92,3358,3398,1400-10-28,2022-01-18
221,سخاش,سيمان‌خاش‌,459,242173,17424054500,75270,75300,71510,-3760,-5,71950,-3320,-4.41,71510,76000,1400-10-28,2022-01-18
222,وساشرقي,شركت س استان آذربايجان شرقي,452,58467597,23906573029,429,409,411,-18,-4.2,415,-14,-3.26,408,419,1400-10-28,2022-01-18
223,كيان2,صندوق س. با درآمد ثابت كيان,450,45000000,45000000,32649,1,1,-32648,-100,1,-32648,-100,1,1,1400-10-28,2022-01-18
224,كساوه,صنايع‌ كاشي‌ و سراميك‌ سينا,450,1495452,68874867080,48130,46060,45740,-2390,-4.97,46060,-2070,-4.3,45730,48450,1400-10-28,2022-01-18
225,زنگان,صنعت روي زنگان,449,359682,18992325900,55300,53900,52550,-2750,-4.97,52800,-2500,-4.52,52550,56950,1400-10-28,2022-01-18
226,دماوند,توليد نيروي برق دماوند,442,871291,14338610070,16920,16980,16330,-590,-3.49,16740,-180,-1.06,16100,17200,1400-10-28,2022-01-18
227,فمراد,آلومراد,441,586709,6855919020,12100,11710,11880,-220,-1.82,11900,-200,-1.65,11500,12170,1400-10-28,2022-01-18
228,حتايد,تايدواترخاورميانه,440,7249282,35579006760,5140,5040,4990,-150,-2.92,4910,-230,-4.47,4890,5120,1400-10-28,2022-01-18
229,كاذر,فرآورده‌هاي‌نسوزآذر,440,3235140,35968126920,11670,11210,11100,-570,-4.88,11120,-550,-4.71,11090,11400,1400-10-28,2022-01-18
230,جم پيلن,پلي پروپيلن جم - جم پيلن,439,370339,41845562910,117780,115650,114000,-3780,-3.21,115560,-2220,-1.88,111900,115810,1400-10-28,2022-01-18
231,كفپارس,فرآورده‌هاي‌ نسوز پارس‌,438,6872030,17049724293,2594,2593,2480,-114,-4.39,2481,-113,-4.36,2465,2594,1400-10-28,2022-01-18
232,زفكا,كشت و دامداري فكا,433,9416120,63438658390,7070,7000,6830,-240,-3.39,6740,-330,-4.67,6720,7040,1400-10-28,2022-01-18
233,دتماد,توليدمواداوليه‌داروپخش‌,431,849227,31302109370,38700,37950,37150,-1550,-4.01,36860,-1840,-4.75,36770,38010,1400-10-28,2022-01-18
234,مثقال,صندوق س.پشتوانه طلاي زرين آگاه,429,841268,7841480825,9333,9300,9344,11,0.12,9321,-12,-0.13,9300,9355,1400-10-28,2022-01-18
235,فسپا,گروه‌صنعتي‌سپاهان‌,429,2736235,43065845090,16500,16080,15690,-810,-4.91,15740,-760,-4.61,15680,16400,1400-10-28,2022-01-18
236,تسه0007,امتيازتسهيلات مسكن مهر1400,427,5716,7127867389,1229962,1291460,1291459,61497,5,1247003,17041,1.39,1230000,1291460,1400-10-28,2022-01-18
237,اتكام,بيمه اتكايي امين,423,36123008,176390391841,4883,4770,4905,22,0.45,4883,0,0,4770,4920,1400-10-28,2022-01-18
238,كبافق,معادن‌ بافق‌,413,1088105,24387289210,23540,24000,22390,-1150,-4.89,22410,-1130,-4.8,22370,24000,1400-10-28,2022-01-18
239,وتوكا,سرمايه‌گذاري‌توكافولاد(هلدينگ,412,8099894,49276182930,6400,6240,6080,-320,-5,6080,-320,-5,6080,6240,1400-10-28,2022-01-18
240,رتاپ,تجارت الكترونيك  پارسيان,411,1760108,8680793887,5056,5097,4986,-70,-1.38,4984,-72,-1.42,4860,5150,1400-10-28,2022-01-18
241,ختور,رادياتور ايران‌,407,2314392,24180532720,10940,10990,10400,-540,-4.94,10450,-490,-4.48,10400,10990,1400-10-28,2022-01-18
242,مرقام,ايران‌ارقام‌,404,2790070,24571288730,9140,8810,8980,-160,-1.75,8810,-330,-3.61,8690,9280,1400-10-28,2022-01-18
243,پيزد,مجتمع صنايع لاستيك يزد,403,423865,19535982650,48100,46650,45700,-2400,-4.99,46100,-2000,-4.16,45700,49250,1400-10-28,2022-01-18
244,فردا,صندوق س آواي فرداي زاگرس-ثابت,403,17916729,219086303541,12223,12229,12229,6,0.05,12228,5,0.04,12228,12229,1400-10-28,2022-01-18
245,فپنتا,سپنتا,403,96733,42980785060,466370,462710,443060,-23310,-5,444320,-22050,-4.73,443060,462710,1400-10-28,2022-01-18
246,گكوثر,هتل پارسيان كوثر اصفهان,395,10905491,14039811963,1354,1302,1290,-64,-4.73,1287,-67,-4.95,1287,1302,1400-10-28,2022-01-18
247,ثنور,سرمايه گذاري كوه نور,394,3375650,23563919300,7140,7270,6930,-210,-2.94,6980,-160,-2.24,6930,7270,1400-10-28,2022-01-18
248,شخارك,پتروشيمي‌ خارك‌,393,818926,38229055190,48860,47500,46420,-2440,-4.99,47980,-880,-1.8,46420,48000,1400-10-28,2022-01-18
249,خاذين,سايپاآذين‌,393,8327176,20289661967,2545,2455,2470,-75,-2.95,2437,-108,-4.24,2418,2530,1400-10-28,2022-01-18
250,غدام,خوراك‌  دام‌ پارس‌,393,287389,22839510860,83570,82090,79400,-4170,-4.99,79470,-4100,-4.91,79400,82090,1400-10-28,2022-01-18
251,وسكاب,س.ص.بازنشستگي كاركنان بانكها,390,6134227,17075747059,2862,2839,2800,-62,-2.17,2784,-78,-2.73,2749,2839,1400-10-28,2022-01-18
252,سبهان,سيمان‌ بهبهان‌,389,306799,12194024990,41330,41810,39360,-1970,-4.77,39990,-1340,-3.24,39270,41810,1400-10-28,2022-01-18
253,خزر,فنرسازي‌زر,388,2078213,17967124480,9070,8890,8620,-450,-4.96,8650,-420,-4.63,8620,8890,1400-10-28,2022-01-18
254,بموتو,موتوژن‌,387,548941,35910536960,68750,68190,65320,-3430,-4.99,65420,-3330,-4.84,65320,68190,1400-10-28,2022-01-18
255,آريان,سرمايه گذاري پارس آريان,386,6089126,75314821110,12470,12720,12460,-10,-0.08,12390,-80,-0.64,12110,12720,1400-10-28,2022-01-18
256,خمحركه,نيرو محركه‌,386,4051583,12713028086,3280,3148,3116,-164,-5,3148,-132,-4.02,3116,3258,1400-10-28,2022-01-18
257,خمهر,مهركام‌پارس‌,383,12239005,20383471471,1747,1674,1660,-87,-4.98,1665,-82,-4.69,1660,1733,1400-10-28,2022-01-18
258,كتوكاح,ح.توليدي وخدمات صنايع نسوزتوكا,382,2191938,9152202072,4369,4480,4170,-199,-4.55,4175,-194,-4.44,4151,4480,1400-10-28,2022-01-18
259,كروي,توسعه‌ معادن‌ روي‌ ايران‌,380,1391047,28174159460,21250,21220,20300,-950,-4.47,20250,-1000,-4.71,20190,21220,1400-10-28,2022-01-18
260,نتوس,پشم‌ بافي‌ توس,379,2566826,28690200550,11490,11150,11150,-340,-2.96,11180,-310,-2.7,11150,11490,1400-10-28,2022-01-18
261,شپترو,پتروشيمي آبادان,378,8918433,23554082801,2721,2680,2640,-81,-2.98,2641,-80,-2.94,2640,2683,1400-10-28,2022-01-18
262,تكشا,گسترش‌صنايع‌وخدمات‌كشاورزي‌,378,847374,31885392060,39410,37610,37500,-1910,-4.85,37630,-1780,-4.52,37440,38720,1400-10-28,2022-01-18
263,همراه,شركت ارتباطات سيار ايران,376,1369940,10363205660,7810,7630,7620,-190,-2.43,7790,-20,-0.26,7510,7800,1400-10-28,2022-01-18
264,شتوكا,توكا رنگ فولاد سپاهان,375,2165850,28952868290,13990,13530,13440,-550,-3.93,13370,-620,-4.43,13300,14000,1400-10-28,2022-01-18
265,كنور,توسعه معدني و صنعتي صبانور,375,1846633,33480838770,18570,17820,17980,-590,-3.18,18410,-160,-0.86,17700,18430,1400-10-28,2022-01-18
266,كحافظ,كاشي‌ وسراميك‌ حافظ‌,374,3792820,14377134053,3767,3778,3800,33,0.88,3789,22,0.58,3751,3881,1400-10-28,2022-01-18
267,وشهر,بانك شهر,369,4649986,18560286161,4055,4090,4000,-55,-1.36,4008,-47,-1.16,3934,4090,1400-10-28,2022-01-18
268,فردا2,صندوق س آواي فرداي زاگرس-ثابت,368,36800000,36800000,12223,1,1,-12222,-99.99,1,-12222,-99.99,1,1,1400-10-28,2022-01-18
269,سپاها,سيمان‌سپاهان‌,367,4817451,31998546090,6970,6830,6630,-340,-4.88,6640,-330,-4.73,6630,6830,1400-10-28,2022-01-18
270,سشرق,سيمان‌ شرق‌,367,2170462,13987728080,6730,6460,6480,-250,-3.71,6440,-290,-4.31,6400,6600,1400-10-28,2022-01-18
271,وپسا,س. پتروشيمي ساختمان  خليج فارس,366,11116686,15832509003,1433,1404,1475,42,2.93,1424,-9,-0.63,1391,1475,1400-10-28,2022-01-18
272,وايران,ليزينگ ايرانيان,366,5663389,14215080146,2626,2570,2495,-131,-4.99,2510,-116,-4.42,2495,2628,1400-10-28,2022-01-18
273,شراز,پالايش نفت شيراز,363,488090,53278498750,114300,111150,109700,-4600,-4.02,109150,-5150,-4.51,108600,112150,1400-10-28,2022-01-18
274,حآسا,آسيا سير ارس,363,1313893,14511207840,11590,11590,11150,-440,-3.8,11040,-550,-4.75,11020,11590,1400-10-28,2022-01-18
275,كهمدا,شيشه‌ همدان‌,358,2429353,21819090550,9310,9350,9090,-220,-2.36,8980,-330,-3.54,8850,9350,1400-10-28,2022-01-18
276,رافزا,رايان هم افزا,357,167481,9245790600,58000,56400,55100,-2900,-5,56150,-1850,-3.19,55100,56900,1400-10-28,2022-01-18
277,ستران,سيمان‌ تهران‌,357,1380722,25940541990,19750,18890,18770,-980,-4.96,18790,-960,-4.86,18770,19200,1400-10-28,2022-01-18
278,ماديرا,صنايع ماديران,353,3226838,15205270070,4940,4810,4700,-240,-4.86,4720,-220,-4.45,4700,4890,1400-10-28,2022-01-18
279,وسنا,سرمايه گذاري نيروگاهي ايران,352,2929913,24869114860,8260,8500,8480,220,2.66,8490,230,2.78,8300,8500,1400-10-28,2022-01-18
280,غگلستا,شير پاستوريزه پگاه گلستان,350,1641308,14136589320,8930,8540,8490,-440,-4.93,8610,-320,-3.58,8490,9100,1400-10-28,2022-01-18
281,بالاس,مهندسي ساختمان تاسيسات راه آهن,348,778814,18259118750,24550,24000,23350,-1200,-4.89,23450,-1100,-4.48,23350,24400,1400-10-28,2022-01-18
282,شبهرن,نفت‌ بهران‌,347,1407463,14757752600,10820,10550,10500,-320,-2.96,10720,-100,-0.92,10400,10680,1400-10-28,2022-01-18
283,شكربن,كربن‌ ايران‌,346,279207,21106192020,79220,79000,76900,-2320,-2.93,75590,-3630,-4.58,75260,79000,1400-10-28,2022-01-18
284,قرن,پديده شيمي قرن,345,473268,11571909350,25300,25150,24040,-1260,-4.98,24800,-500,-1.98,24040,25400,1400-10-28,2022-01-18
285,چدن,توليدي چدن سازان,343,4164904,8228296805,2070,2100,1967,-103,-4.98,2012,-58,-2.8,1967,2100,1400-10-28,2022-01-18
286,فزرين,زرين معدن آسيا,341,2621807,26487109260,10410,10240,10200,-210,-2.02,10100,-310,-2.98,9950,10310,1400-10-28,2022-01-18
287,قلرست,قند لرستان‌,336,798578,12296318310,16150,15570,15350,-800,-4.95,15540,-610,-3.78,15350,16230,1400-10-28,2022-01-18
288,نوين,بيمه نوين,333,5722834,19077304301,3493,3510,3350,-143,-4.09,3334,-159,-4.55,3319,3520,1400-10-28,2022-01-18
289,واميد,گروه مديريت سرمايه گذاري اميد,330,4959522,69632815060,14060,14060,13600,-460,-3.27,14050,-10,-0.07,13600,14240,1400-10-28,2022-01-18
290,شاملا,معدني‌ املاح‌  ايران‌,330,1954215,21848617410,11690,11440,11220,-470,-4.02,11180,-510,-4.36,11110,11700,1400-10-28,2022-01-18
291,غگيلا,شيرپاستوريزه پگاه گيلان,325,649678,10348800130,16710,16010,15880,-830,-4.97,16180,-530,-3.17,15880,16300,1400-10-28,2022-01-18
292,دارا,صندوق س. دارا الگوريتم-د,324,20335174,205674586709,10113,10116,10114,1,0.01,10114,1,0.01,10015,10134,1400-10-28,2022-01-18
293,شدوصح,ح . دوده‌ صنعتي‌ پارس‌,323,1514083,10019443770,6940,6850,6630,-310,-4.47,6620,-320,-4.61,6410,6850,1400-10-28,2022-01-18
294,ساوه,سيمان ساوه,322,128492,5687451000,44500,44000,44050,-450,-1.01,44400,-100,-0.22,43800,44600,1400-10-28,2022-01-18
295,سصفها,سيمان‌اصفهان‌,321,1027866,23355415430,23820,23110,22900,-920,-3.86,22720,-1100,-4.62,22630,24000,1400-10-28,2022-01-18
296,سكه0012پ01,تمام سكه طرح جديد0012رفاه,321,98600,116290698500,1181335,1179000,1179000,-2335,-0.2,1179419,-1916,-0.16,1177000,1181500,1400-10-28,2022-01-18
297,بشهاب,لامپ‌  پارس‌ شهاب‌,321,193866,27097547100,141040,141970,135300,-5740,-4.07,139770,-1270,-0.9,133990,144990,1400-10-28,2022-01-18
298,لابسا,آبسال‌,320,614953,18161685330,30450,30580,29800,-650,-2.13,29530,-920,-3.02,29100,30580,1400-10-28,2022-01-18
299,چكارن,كارتن‌ ايران‌,318,8626203,22492875884,2730,2620,2594,-136,-4.98,2608,-122,-4.47,2594,2670,1400-10-28,2022-01-18
300,كلوند,كاشي‌ الوند,316,1358113,27571345340,21300,21560,20250,-1050,-4.93,20300,-1000,-4.69,20240,21560,1400-10-28,2022-01-18
301,وبوعلي,سرمايه‌گذاري‌بوعلي‌,315,1717793,5932119509,3497,3521,3400,-97,-2.77,3479,-18,-0.51,3376,3521,1400-10-28,2022-01-18
302,شرانل,نفت ايرانول,312,446450,18976012550,44150,43050,43000,-1150,-2.6,43250,-900,-2.04,42000,43450,1400-10-28,2022-01-18
303,مبين,مبين انرژي خليج فارس,311,5958037,125578559640,22160,21220,21260,-900,-4.06,21080,-1080,-4.87,21060,21600,1400-10-28,2022-01-18
304,شدوص,دوده‌ صنعتي‌ پارس‌,311,1305876,14773083250,11320,11650,11420,100,0.88,11310,-10,-0.09,11200,11650,1400-10-28,2022-01-18
305,فافزا,فولاد افزا سپاهان,310,520753,15127959550,28400,28500,29000,600,2.11,29050,650,2.29,27550,29250,1400-10-28,2022-01-18
306,وآذر,سرمايه‌گذاري‌توسعه‌آذربايجان‌,308,571689,17018759680,31280,30450,29720,-1560,-4.99,29770,-1510,-4.83,29720,30460,1400-10-28,2022-01-18
307,ميدكو,توسعه معادن وص.معدني خاورميانه,304,4360033,200113449970,45950,46000,45900,-50,-0.11,45900,-50,-0.11,45140,46000,1400-10-28,2022-01-18
308,فجر,فولاد اميركبيركاشان,303,1303700,25565557000,20640,19610,19610,-1030,-4.99,19610,-1030,-4.99,19610,19610,1400-10-28,2022-01-18
309,حريل,ريل پردازسير,303,5565623,11931173561,2235,2161,2124,-111,-4.97,2154,-81,-3.62,2124,2200,1400-10-28,2022-01-18
310,غپاك,لبنيات‌ پاك‌,301,734827,9121559010,12930,12410,12290,-640,-4.95,12610,-320,-2.47,12290,12890,1400-10-28,2022-01-18
311,وآوا,سرمايه گذاري آوا نوين,301,2892351,6607818945,2344,2350,2264,-80,-3.41,2316,-28,-1.19,2228,2350,1400-10-28,2022-01-18
312,ددام,داروسازي زاگرس فارمد پارس,300,1427616,11425782430,8000,7730,8170,170,2.13,8000,0,0,7730,8200,1400-10-28,2022-01-18
313,دتوزيع,توزيع دارو پخش,300,873521,19454934100,23400,22250,22250,-1150,-4.91,22250,-1150,-4.91,22250,22500,1400-10-28,2022-01-18
314,شگل,گلتاش‌,300,3420336,17029039560,5220,5020,4970,-250,-4.79,4980,-240,-4.6,4960,5090,1400-10-28,2022-01-18
315,تسه0005,امتيازتسهيلات مسكن مرداد 1400,298,3909,4854761565,1228669,1203517,1234501,5832,0.47,1241945,13276,1.08,1203500,1273700,1400-10-28,2022-01-18
316,تسه9908,امتياز تسهيلات مسكن آبان99,293,4506,5570194927,1222815,1205011,1230001,7186,0.59,1236173,13358,1.09,1204444,1260000,1400-10-28,2022-01-18
317,ونيكي,سرمايه‌گذاري‌ ملي‌ايران‌,293,2686753,22993424730,8930,8670,8540,-390,-4.37,8790,-140,-1.57,8530,8800,1400-10-28,2022-01-18
318,وهنر,گروه توسعه هنر ايران,293,8874824,19199902923,2226,2190,2160,-66,-2.96,2163,-63,-2.83,2160,2190,1400-10-28,2022-01-18
319,دلر,داروسازي‌ اكسير,292,696080,26594631820,39670,39670,38450,-1220,-3.08,38210,-1460,-3.68,37700,39670,1400-10-28,2022-01-18
320,تسه0004,امتيازتسهيلات مسكن تير1400,290,4986,6186350880,1230209,1213334,1236000,5791,0.47,1240744,10535,0.86,1213334,1276000,1400-10-28,2022-01-18
321,شجم,صنايع پتروشيمي تخت جمشيد,287,1401234,14604025750,10730,10510,10200,-530,-4.94,10560,-170,-1.58,10200,10700,1400-10-28,2022-01-18
322,شمواد,توليد مواداوليه الياف مصنوعي,287,858845,44578588100,50950,51950,51950,1000,1.96,51900,950,1.86,51000,51950,1400-10-28,2022-01-18
323,وثخوز,سرمايه گذاري و توسعه خوزستان,287,1313212,41680347800,31200,30350,31450,250,0.8,31750,550,1.76,30300,32100,1400-10-28,2022-01-18
324,دتوليد,داروسازي توليد دارو,286,2214958,14716423930,6980,6710,6640,-340,-4.87,6640,-340,-4.87,6640,6780,1400-10-28,2022-01-18
325,وگستر,گسترش سرمايه گذاري ايرانيان,286,2505478,11543781318,4739,4780,4580,-159,-3.36,4632,-107,-2.26,4504,4780,1400-10-28,2022-01-18
326,كيسون,شركت كيسون,285,8559204,13036955364,1569,1594,1522,-47,-3,1523,-46,-2.93,1522,1594,1400-10-28,2022-01-18
327,خديزل,بهمن  ديزل,284,195461,10205851850,53350,52000,51800,-1550,-2.91,52800,-550,-1.03,51250,53950,1400-10-28,2022-01-18
328,بساما,بيمه سامان,283,3907464,91317433680,22260,23370,23370,1110,4.99,23370,1110,4.99,23370,23370,1400-10-28,2022-01-18
329,ولراز,ليزينگ رازي,283,757177,13102328910,17020,17180,17530,510,3,17300,280,1.65,16620,17530,1400-10-28,2022-01-18
330,دزهراوي,داروسازي‌زهراوي‌,280,2131524,8068965265,3948,3868,3800,-148,-3.75,3855,-93,-2.36,3751,3965,1400-10-28,2022-01-18
331,حپترو,حمل و نقل پتروشيمي( سهامي عام,278,479628,8791890150,19050,19550,18100,-950,-4.99,18580,-470,-2.47,18100,19550,1400-10-28,2022-01-18
332,گوهران,سرمايه گذاري توسعه گوهران اميد,277,1351872,6680596990,4949,4852,4889,-60,-1.21,4946,-3,-0.06,4800,5000,1400-10-28,2022-01-18
333,ضخود2017,اختيارخ خودرو-1800-1401/02/07,276,11517,5114132000,487,480,440,-47,-9.65,444,-43,-8.83,432,480,1400-10-28,2022-01-18
334,جم,پتروشيمي جم,274,503579,23952129790,49340,49000,47500,-1840,-3.73,48890,-450,-0.91,46880,49000,1400-10-28,2022-01-18
335,كارين,صندوق س نگين سامان-ثابت,274,7822800,79484516819,10154,10160,10159,5,0.05,10161,7,0.07,10159,10163,1400-10-28,2022-01-18
336,خريختح,ح . صنايع‌ريخته‌گري‌ايران‌,273,8007683,10182663353,1402,1300,1262,-140,-9.99,1272,-130,-9.27,1262,1344,1400-10-28,2022-01-18
337,خكمك,كمك‌فنرايندامين‌,273,528496,11981976070,23640,22620,22460,-1180,-4.99,22840,-800,-3.38,22460,23700,1400-10-28,2022-01-18
338,ارفع,شركت آهن و فولاد ارفع,272,534678,7117715320,13930,13800,13240,-690,-4.95,13860,-70,-0.5,13240,13800,1400-10-28,2022-01-18
339,تسه9902,امتياز تسهيلات مسكن ارديبهشت99,270,5078,6296997262,1231054,1230000,1264998,33944,2.76,1240055,9001,0.73,1210022,1265000,1400-10-28,2022-01-18
340,آكورد,صندوق س. آرمان آتي كوثر-د,269,3405379,123802900539,36337,36360,36354,17,0.05,36355,18,0.05,36354,36360,1400-10-28,2022-01-18
341,پكرمان,گروه‌ صنعتي‌ بارز,269,965159,18218549590,19740,18870,18890,-850,-4.31,18920,-820,-4.15,18760,19590,1400-10-28,2022-01-18
342,فايرا,آلومينيوم‌ايران‌,268,3164593,52936473260,17590,17000,16720,-870,-4.95,16880,-710,-4.04,16720,17320,1400-10-28,2022-01-18
343,شكلر,نيروكلر,265,342349,10823036830,33180,31530,31530,-1650,-4.97,31960,-1220,-3.68,31530,33000,1400-10-28,2022-01-18
344,كمينا,شيشه سازي مينا,265,1687683,13434794410,7740,7970,7970,230,2.97,7960,220,2.84,7850,7970,1400-10-28,2022-01-18
345,فجام,جام‌دارو,265,3882236,14287385790,3871,3742,3678,-193,-4.99,3680,-191,-4.93,3678,3790,1400-10-28,2022-01-18
346,فولاي,صنايع فولاد آلياژي يزد,265,2622206,16736120340,6690,7020,6400,-290,-4.33,6380,-310,-4.63,6360,7020,1400-10-28,2022-01-18
347,تليسه,دامداري تليسه نمونه,264,4734936,10258898699,2268,2181,2155,-113,-4.98,2200,-68,-3,2155,2221,1400-10-28,2022-01-18
348,گنگين,اقتصادي نگين گردشگري ايرانيان,263,1158965,35992797000,30200,30950,31100,900,2.98,31050,850,2.81,30300,31100,1400-10-28,2022-01-18
349,شيراز,پتروشيمي‌شيراز,261,2225793,142546000590,67410,67990,64040,-3370,-5,64040,-3370,-5,64040,67990,1400-10-28,2022-01-18
350,چخزر,صنايع چوب خزر كاسپين,260,667204,20885060300,32850,31250,31250,-1600,-4.87,31300,-1550,-4.72,31250,32350,1400-10-28,2022-01-18
351,فرآور,فرآوري‌موادمعدني‌ايران‌,260,735589,17859585990,25500,24800,24230,-1270,-4.98,24280,-1220,-4.78,24230,25000,1400-10-28,2022-01-18
352,ولملتح,ح . واسپاري ملت,257,14199678,13674265128,1006,990,970,-36,-3.58,963,-43,-4.27,945,990,1400-10-28,2022-01-18
353,خكرمان,گروه اقتصادي كرمان خودرو,257,7155886,23633719014,3403,3303,3301,-102,-3,3303,-100,-2.94,3301,3412,1400-10-28,2022-01-18
354,غگرجي,بيسكويت‌  گرجي‌,256,6629554,10837613214,1719,1668,1634,-85,-4.94,1650,-69,-4.01,1634,1687,1400-10-28,2022-01-18
355,فنوال,نورد آلومينيوم‌,254,902280,20273306980,23560,22730,22500,-1060,-4.5,22470,-1090,-4.63,22390,23500,1400-10-28,2022-01-18
356,شوينده,مديريت صنعت شوينده ت.ص.بهشهر,253,1281328,21041209740,17140,16900,16340,-800,-4.67,16420,-720,-4.2,16330,16900,1400-10-28,2022-01-18
357,خنصير,مهندسي‌نصيرماشين‌,253,1128466,18069748680,16820,16280,15980,-840,-4.99,16010,-810,-4.82,15980,16280,1400-10-28,2022-01-18
358,فسازانح,ح . غلتك سازان سپاهان,252,1577789,3439450485,2282,2185,2170,-112,-4.91,2180,-102,-4.47,2143,2259,1400-10-28,2022-01-18
359,ميهن,بيمه ميهن,252,3758752,8567082886,2314,2388,2330,16,0.69,2294,-20,-0.86,2210,2388,1400-10-28,2022-01-18
360,لسرما,سرما آفرين‌,251,1157432,22568594940,20210,19660,19560,-650,-3.22,19500,-710,-3.51,19200,20650,1400-10-28,2022-01-18
361,ارزش,صندوق س ارزش آفرين بيدار-سهام,251,1389689,11809794270,8730,8650,8510,-220,-2.52,8500,-230,-2.63,8420,8650,1400-10-28,2022-01-18
362,زبينا,كشاورزي و دامپروري بينالود,250,5474708,11769671995,2260,2175,2147,-113,-5,2171,-89,-3.94,2147,2240,1400-10-28,2022-01-18
363,دلقما,دارويي‌ لقمان‌,247,5780564,10159581077,1820,1911,1729,-91,-5,1776,-44,-2.42,1729,1911,1400-10-28,2022-01-18
364,زماهان,مجتمع توليد گوشت مرغ ماهان,247,1383934,8476931140,6440,6290,6150,-290,-4.5,6250,-190,-2.95,6120,6300,1400-10-28,2022-01-18
365,وتوصا,گروه س توسعه صنعتي ايران,246,1670979,16595453500,10100,9870,10000,-100,-0.99,9930,-170,-1.68,9820,10290,1400-10-28,2022-01-18
366,غاذر,كشت‌وصنعت‌پياذر,244,639840,20989257660,34410,33300,33100,-1310,-3.81,32800,-1610,-4.68,32690,34440,1400-10-28,2022-01-18
367,پاسا,ايران‌ياساتايرورابر,244,1026986,13485267100,13330,13210,12690,-640,-4.8,13150,-180,-1.35,12670,13650,1400-10-28,2022-01-18
368,پاكشو,گروه صنعتي پاكشو,241,1912149,11381867910,6010,5920,5910,-100,-1.66,6000,-10,-0.17,5890,6000,1400-10-28,2022-01-18
369,تسه0003,امتيازتسهيلات مسكن خرداد1400,240,5010,6227653251,1233813,1181000,1240000,6187,0.5,1243044,9231,0.75,1181000,1270000,1400-10-28,2022-01-18
370,وسپه,سرمايه‌گذاري‌ سپه‌,239,1691143,13036680630,7870,7750,7610,-260,-3.3,7810,-60,-0.76,7540,7900,1400-10-28,2022-01-18
371,خكار,ايركا پارت صنعت,238,4861405,13391442744,2879,2785,2736,-143,-4.97,2755,-124,-4.31,2736,2900,1400-10-28,2022-01-18
372,خرينگ,رينگ‌سازي‌مشهد,238,703231,16672517810,24900,24760,23660,-1240,-4.98,23710,-1190,-4.78,23660,24760,1400-10-28,2022-01-18
373,توريل,توكاريل,237,1333907,9410173100,7230,7100,7020,-210,-2.9,7110,-120,-1.66,6880,7200,1400-10-28,2022-01-18
374,تسه0002,امتيازتسهيلاتمسكن ارديبهشت1400,236,3159,3928822017,1229781,1215777,1230000,219,0.02,1243692,13911,1.13,1215777,1260000,1400-10-28,2022-01-18
375,غنوش,نوش‌ مازندران‌,234,943129,9915163770,11010,11000,10460,-550,-5,10620,-390,-3.54,10460,11010,1400-10-28,2022-01-18
376,مدير,ص.س.مديريت ثروت ص.بازنشستگي-س,234,1084416,9002289216,8555,8403,8317,-238,-2.78,8302,-253,-2.96,8221,8499,1400-10-28,2022-01-18
377,صنوين,صندوق سرمايه‌گذاري صنوين-مختلط,234,39454,4325320740,111300,111700,108990,-2310,-2.08,109630,-1670,-1.5,108010,111700,1400-10-28,2022-01-18
378,كگاز,شيشه‌ و گاز,233,1845191,24560656060,13990,13840,13300,-690,-4.93,13310,-680,-4.86,13300,13840,1400-10-28,2022-01-18
379,ومعلم,بيمه معلم,232,3492228,6111800401,1840,1802,1748,-92,-5,1802,-38,-2.07,1748,1802,1400-10-28,2022-01-18
380,قصفها,قنداصفهان‌,232,119591,8198274730,71950,70000,69150,-2800,-3.89,69970,-1980,-2.75,68360,70000,1400-10-28,2022-01-18
381,حپارسا,توسعه حمل و نقل ريلي پارسيان,231,678741,19058416400,28400,27800,28700,300,1.06,28100,-300,-1.06,27000,28850,1400-10-28,2022-01-18
382,بزاگرس,نيروگاه زاگرس كوثر,230,4536739,13136895880,3046,2956,2894,-152,-4.99,2904,-142,-4.66,2894,2997,1400-10-28,2022-01-18
383,ثمسكن,سرمايه‌گذاري‌ مسكن‌,229,6064380,18385668054,3190,3150,3031,-159,-4.98,3032,-158,-4.95,3031,3150,1400-10-28,2022-01-18
384,ثشرق,سرمايه گذاري مسكن شمال شرق,228,13211147,38007257020,3026,2992,2930,-96,-3.17,2877,-149,-4.92,2875,3069,1400-10-28,2022-01-18
385,تپكو,توليدتجهيزات‌سنگين‌هپكو,228,5441706,12183979734,2356,2239,2239,-117,-4.97,2281,-75,-3.18,2239,2239,1400-10-28,2022-01-18
386,غچين,كشت‌ و صنعت‌ چين‌ چين,227,1002765,10243856820,10740,10210,10210,-530,-4.93,10340,-400,-3.72,10210,10440,1400-10-28,2022-01-18
387,شكام,صنايع شيميايي كيمياگران امروز,227,2127779,59768462850,29450,29200,28200,-1250,-4.24,28100,-1350,-4.58,28000,29200,1400-10-28,2022-01-18
388,دبالك,مواد اوليه دارويي البرز بالك,226,915019,6585383760,7500,7220,7130,-370,-4.93,7360,-140,-1.87,7130,7460,1400-10-28,2022-01-18
389,تسه9912,امتياز تسهيلات مسكن اسفند99,223,4422,5525027186,1244684,1222422,1230010,-14674,-1.18,1249441,4757,0.38,1222422,1306917,1400-10-28,2022-01-18
390,ولشرق,ليزينگ ايران و شرق,223,5625517,11190081145,2086,2110,1982,-104,-4.99,2008,-78,-3.74,1982,2110,1400-10-28,2022-01-18
391,وتوسم,سرمايه‌گذاري‌توسعه‌ملي‌,222,1660078,13445342300,8330,8260,8000,-330,-3.96,8120,-210,-2.52,7950,8300,1400-10-28,2022-01-18
392,واعتبار,سرمايه گذاري اعتبار ايران,222,1873858,5257365451,2841,2889,2740,-101,-3.56,2829,-12,-0.42,2700,2935,1400-10-28,2022-01-18
393,غبهنوش,بهنوش‌ ايران‌,221,185089,10085921310,57170,56500,54320,-2850,-4.99,55210,-1960,-3.43,54320,56500,1400-10-28,2022-01-18
394,انار,صندوق س.انارنماد ارزش-درسهام,221,405148,3499093830,8900,8900,8670,-230,-2.58,8640,-260,-2.92,8500,8900,1400-10-28,2022-01-18
395,خفنر,فنرسازي‌خاور,220,1035233,5980167100,6050,5850,5750,-300,-4.96,5920,-130,-2.15,5750,5990,1400-10-28,2022-01-18
396,كيميا,معدني كيمياي زنجان گستران,219,1012244,11274041950,11690,11230,11110,-580,-4.96,11240,-450,-3.85,11110,11320,1400-10-28,2022-01-18
397,رنيك,جنرال مكانيك,219,867559,8294119780,10000,9930,9600,-400,-4,9730,-270,-2.7,9500,9930,1400-10-28,2022-01-18
398,تسه0001,امتيازتسهيلات مسكن فروردين1400,219,2098,2607760777,1236963,1250000,1243000,6037,0.49,1242975,6012,0.49,1206666,1278000,1400-10-28,2022-01-18
399,پرداخت,به پرداخت ملت,219,392160,5702097750,14460,14540,14580,120,0.83,14490,30,0.21,14020,14990,1400-10-28,2022-01-18
400,ضخود2015,اختيارخ خودرو-1400-1401/02/07,216,8261,5614768000,750,701,674,-76,-10.13,680,-70,-9.33,672,743,1400-10-28,2022-01-18
401,آساميد,صندوق س.مشترك آسمان اميد -د,216,3795594,52717786623,13884,13891,13892,8,0.06,13889,5,0.04,13889,13892,1400-10-28,2022-01-18
402,پخش,پخش البرز,215,705444,16331878800,24300,23900,23100,-1200,-4.94,23150,-1150,-4.73,23100,24400,1400-10-28,2022-01-18
403,ولصنم,ليزينگ‌صنعت‌ومعدن‌,212,2157554,7083364030,3449,3295,3277,-172,-4.99,3366,-83,-2.41,3277,3420,1400-10-28,2022-01-18
404,اخزا002,اسنادخزانه-م2بودجه00-031024,210,468232,244281970230,521160,521510,521900,740,0.14,521710,550,0.11,520900,524180,1400-10-28,2022-01-18
405,قنقش,قند نقش جهان,210,275614,38160023500,137900,135150,140650,2750,1.99,138450,550,0.4,135150,140650,1400-10-28,2022-01-18
406,هجرت,پخش هجرت,210,685408,16246823000,24750,25000,23550,-1200,-4.85,23700,-1050,-4.24,23550,25000,1400-10-28,2022-01-18
407,واتي,سرمايه‌ گذاري‌ آتيه‌ دماوند,209,3638104,29584530100,8540,8400,8120,-420,-4.92,8130,-410,-4.8,8120,8720,1400-10-28,2022-01-18
408,كمرجان,بازرگاني و توليدي مرجان كار,208,1787157,8494179720,4980,4790,4740,-240,-4.82,4830,-150,-3.01,4740,4900,1400-10-28,2022-01-18
409,ريشمك,توليد و صادرات ريشمك,205,389703,10278970650,27600,26550,26900,-700,-2.54,26650,-950,-3.44,26250,27150,1400-10-28,2022-01-18
410,شپاكسا,پاكسان‌,205,751827,13369381970,18670,18050,17740,-930,-4.98,17820,-850,-4.55,17740,18780,1400-10-28,2022-01-18
411,سصوفي,سيمان‌ صوفيان‌,205,340927,4522573040,13750,13500,13200,-550,-4,13590,-160,-1.16,13120,13500,1400-10-28,2022-01-18
412,وصندوق,سرمايه‌گذاري‌صندوق‌بازنشستگي‌,204,3084362,33320800050,11360,10990,10800,-560,-4.93,11200,-160,-1.41,10800,11000,1400-10-28,2022-01-18
413,زشگزا,شير و گوشت زاگرس شهركرد,204,2711326,12666862641,4908,4720,4663,-245,-4.99,4701,-207,-4.22,4663,4797,1400-10-28,2022-01-18
414,پلاسك,پلاسكوكار,204,1458589,5735650296,4113,4000,4000,-113,-2.75,4039,-74,-1.8,3908,4100,1400-10-28,2022-01-18
415,ماني,صندوق س. با درآمد ثابت ماني,204,7483173,81158435977,10840,10846,10845,5,0.05,10845,5,0.05,10845,10846,1400-10-28,2022-01-18
416,تكنار,مجتمع معادن مس تكنار,203,276955,13875445500,48650,50100,50100,1450,2.98,50100,1450,2.98,50100,50100,1400-10-28,2022-01-18
417,اخزا004,اسنادخزانه-م4بودجه00-030522,203,490483,280339617640,570760,571010,572000,1240,0.22,571560,800,0.14,569000,573480,1400-10-28,2022-01-18
418,دامين,داروسازي‌ امين‌,202,2418579,4998467971,2171,2110,2065,-106,-4.88,2132,-39,-1.8,2063,2154,1400-10-28,2022-01-18
419,ولبهمن,شركت بهمن ليزينگ,200,4323883,25761715800,6220,6300,5910,-310,-4.98,5960,-260,-4.18,5910,6300,1400-10-28,2022-01-18
420,آوا,صندوق س.سهام آواي معيار-س,200,380590,2784921868,7551,7410,7348,-203,-2.69,7317,-234,-3.1,7220,7410,1400-10-28,2022-01-18
421,سمازن,سيمان‌مازندران‌,200,2251399,30570737310,13810,13900,13520,-290,-2.1,13580,-230,-1.67,13500,13900,1400-10-28,2022-01-18
422,پسهند,صنايع‌ لاستيكي‌  سهند,198,707731,20427009140,30370,28900,28860,-1510,-4.97,28860,-1510,-4.97,28860,29000,1400-10-28,2022-01-18
423,ضسپا1112,اختيارخ خساپا-1600-1400/11/20,197,7146,823957000,152,150,105,-47,-30.92,115,-37,-24.34,101,150,1400-10-28,2022-01-18
424,پلاستح,ح.كارخانجات توليدي پلاستيران,196,1880608,5956379549,3130,3223,3100,-30,-0.96,3167,37,1.18,3085,3223,1400-10-28,2022-01-18
425,ثبات,صندوق س. ثبات ويستا -د,195,7271481,78373596749,10772,10779,10779,7,0.06,10778,6,0.06,10778,10779,1400-10-28,2022-01-18
426,والبر,سرمايه‌ گذاري‌ البرز(هلدينگ‌,195,1232290,8572744080,7300,7050,6940,-360,-4.93,7170,-130,-1.78,6940,7090,1400-10-28,2022-01-18
427,وساخت,سرمايه‌ گذاري‌ ساختمان‌ايران‌,194,247179,7630238830,32450,31300,30830,-1620,-4.99,31580,-870,-2.68,30830,31430,1400-10-28,2022-01-18
428,زگلدشت,كشت و دام گلدشت نمونه اصفهان,192,2477744,20420570380,8590,8480,8170,-420,-4.89,8240,-350,-4.07,8170,8500,1400-10-28,2022-01-18
429,پكوير,كوير تاير,192,2238602,10806176320,5050,4910,4800,-250,-4.95,4880,-170,-3.37,4800,5090,1400-10-28,2022-01-18
430,واحيا,م .صنايع و معادن احياء سپاهان,191,2515661,36135174420,14800,14370,14360,-440,-2.97,14460,-340,-2.3,14360,14400,1400-10-28,2022-01-18
431,جوين,كشت و صنعت جوين,191,3241150,7904612023,2501,2509,2426,-75,-3,2452,-49,-1.96,2426,2530,1400-10-28,2022-01-18
432,نطرين,عطرين نخ قم,190,787930,5119927030,6780,6550,6450,-330,-4.87,6680,-100,-1.47,6450,6780,1400-10-28,2022-01-18
433,كسرام,پارس‌ سرام‌,189,1624585,6432420451,4122,4000,3935,-187,-4.54,4045,-77,-1.87,3916,4205,1400-10-28,2022-01-18
434,غمينو,شركت صنايع غذايي مينو شرق,188,2219373,8302433774,3921,3760,3750,-171,-4.36,3814,-107,-2.73,3725,3830,1400-10-28,2022-01-18
435,غالبر,لبنيات‌ كالبر,188,741181,6884954900,9760,9400,9280,-480,-4.92,9530,-230,-2.36,9280,9420,1400-10-28,2022-01-18
436,غديس,پاكديس,187,694677,7231032770,10910,10510,10370,-540,-4.95,10660,-250,-2.29,10370,10700,1400-10-28,2022-01-18
437,وبشهر,توسعه‌ صنايع‌ بهشهر(هلدينگ,186,4751295,30262706490,6670,6560,6340,-330,-4.95,6430,-240,-3.6,6340,6560,1400-10-28,2022-01-18
438,شلعاب,لعابيران‌,186,1210524,5372176880,4660,4440,4430,-230,-4.94,4570,-90,-1.93,4430,4530,1400-10-28,2022-01-18
439,مارون,پتروشيمي مارون,186,303781,52149980000,172300,166100,173000,700,0.41,171950,-350,-0.2,165050,173050,1400-10-28,2022-01-18
440,اهرم,صندوق س سهامي كاريزما- اهرمي,185,2129855,20070557160,9600,9590,9370,-230,-2.4,9420,-180,-1.88,9360,9590,1400-10-28,2022-01-18
441,خمحور,توليدمحورخودرو,185,2812977,7091398281,2642,2645,2510,-132,-5,2577,-65,-2.46,2510,2645,1400-10-28,2022-01-18
442,قيستو,شركت قند بيستون,184,444775,10318309050,23700,23050,23000,-700,-2.95,23200,-500,-2.11,23000,24150,1400-10-28,2022-01-18
443,بنيرو,نيروترانس‌,184,2307875,3726420458,1697,1633,1638,-59,-3.48,1675,-22,-1.3,1613,1678,1400-10-28,2022-01-18
444,فسازان,غلتك سازان سپاهان,184,604102,2390351070,4144,4000,3990,-154,-3.72,4112,-32,-0.77,3937,4058,1400-10-28,2022-01-18
445,شتوكاح,ح . توكا رنگ فولاد سپاهان,182,1224832,15565408400,13050,12550,12400,-650,-4.98,12710,-340,-2.61,12400,12900,1400-10-28,2022-01-18
446,اخزا006,اسنادخزانه-م6بودجه00-030723,182,508974,280137178120,550000,550800,550950,950,0.17,550400,400,0.07,549230,551950,1400-10-28,2022-01-18
447,سدور,سيمان‌ دورود,181,952558,4597100840,4980,5000,4830,-150,-3.01,4930,-50,-1,4760,5000,1400-10-28,2022-01-18
448,اعتلا,شركت سرمايه گذاري اعتلاء البرز,181,2236812,7554630440,3470,3341,3384,-86,-2.48,3422,-48,-1.38,3341,3510,1400-10-28,2022-01-18
449,ثاباد,توريستي ورفاهي آبادگران ايران,180,323168,11755650620,38040,38010,36140,-1900,-4.99,36600,-1440,-3.79,36140,38010,1400-10-28,2022-01-18
450,خشرق,الكتريك‌ خودرو شرق‌,179,804793,8267167150,10790,10830,10260,-530,-4.91,10470,-320,-2.97,10260,10830,1400-10-28,2022-01-18
451,كگهر,سنگ آهن گهرزمين,178,857865,40268319900,47750,45400,46500,-1250,-2.62,47450,-300,-0.63,45400,48000,1400-10-28,2022-01-18
452,ولغدر,ليزينگ‌خودروغدير,176,1130515,9210319890,8480,8080,8060,-420,-4.95,8270,-210,-2.48,8060,8600,1400-10-28,2022-01-18
453,ساروم,سيمان‌اروميه‌,176,203957,7146871440,36240,35000,35000,-1240,-3.42,35630,-610,-1.68,34530,36040,1400-10-28,2022-01-18
454,دارو,كارخانجات‌داروپخش‌,175,672886,18854802020,29460,28310,27990,-1470,-4.99,28020,-1440,-4.89,27990,29080,1400-10-28,2022-01-18
455,قمرو,قند مرودشت‌,174,370544,7892333390,21400,20460,21160,-240,-1.12,21350,-50,-0.23,20460,21420,1400-10-28,2022-01-18
456,تصميم,صندوق س با درآمد ثابت تصميم,171,726586,13490637327,18564,18566,18569,5,0.03,18567,3,0.02,18561,18578,1400-10-28,2022-01-18
457,تايرا,تراكتورسازي‌ايران‌,171,463122,7996157620,18160,17500,17260,-900,-4.96,17840,-320,-1.76,17260,17500,1400-10-28,2022-01-18
458,سخزر,سيمان‌ خزر,170,692372,10247980130,15540,15600,14980,-560,-3.6,14980,-560,-3.6,14770,15600,1400-10-28,2022-01-18
459,وتوس,توسعه‌شهري‌توس‌گستر,167,689122,4430925710,6730,6450,6420,-310,-4.61,6630,-100,-1.49,6400,6700,1400-10-28,2022-01-18
460,لبوتان,گروه‌صنعتي‌بوتان‌,167,178529,7200327020,42170,42690,41000,-1170,-2.77,41220,-950,-2.25,40070,42690,1400-10-28,2022-01-18
461,پرديس,سرمايه گذاري پرديس,166,1330294,4309557656,3318,3256,3245,-73,-2.2,3294,-24,-0.72,3212,3273,1400-10-28,2022-01-18
462,تسه9910,امتياز تسهيلات مسكن دي99,166,2313,2886345531,1237412,1221111,1241040,3628,0.29,1247880,10468,0.85,1200211,1297999,1400-10-28,2022-01-18
463,وليز,ليزينگ‌ايران‌,164,2500038,4119174105,1725,1642,1639,-86,-4.99,1704,-21,-1.22,1639,1738,1400-10-28,2022-01-18
464,خوساز,محورسازان‌ايران‌خودرو,163,1425299,8994617300,6630,6400,6300,-330,-4.98,6420,-210,-3.17,6300,6420,1400-10-28,2022-01-18
465,سنير,سيمان‌ سفيد ني‌ريز,161,164538,3909747890,24970,23800,23730,-1240,-4.97,24610,-360,-1.44,23730,24800,1400-10-28,2022-01-18
466,ضسپا1114,اختيارخ خساپا-2000-1400/11/20,161,4348,77968000,25,18,17,-8,-32,18,-7,-28,14,20,1400-10-28,2022-01-18
467,كاردان,صندوق س تجارت شاخصي كاردان,161,34102,5799558420,174870,174730,170520,-4350,-2.49,170070,-4800,-2.74,168300,174730,1400-10-28,2022-01-18
468,دعبيد,لابراتوارداروسازي‌  دكترعبيدي‌,160,226119,3938242160,17940,17260,17800,-140,-0.78,17870,-70,-0.39,17050,17940,1400-10-28,2022-01-18
469,غمهرا,توليدي‌مهرام‌,160,676840,5356961890,8220,7860,7890,-330,-4.01,8100,-120,-1.46,7840,8070,1400-10-28,2022-01-18
470,تسه9911,امتياز تسهيلات مسكن بهمن99,160,2314,2867555666,1225046,1225000,1235000,9954,0.81,1239220,14174,1.16,1225000,1279970,1400-10-28,2022-01-18
471,زعف0110پ20,زعفران0110نگين وحدت جام(پ),160,31585,11250424927,351639,360605,358000,6361,1.81,356195,4556,1.3,353500,360605,1400-10-28,2022-01-18
472,زيتون,صندوق س زيتون نماد پايا- مختلط,160,360804,3289785160,9270,9270,9150,-120,-1.29,9120,-150,-1.62,9070,9270,1400-10-28,2022-01-18
473,ولقمان,سرمايه گذاري لقمان,158,677075,1828201245,2761,2830,2749,-12,-0.43,2750,-11,-0.4,2679,2830,1400-10-28,2022-01-18
474,دفاراح,ح . داروسازي‌ فارابي‌,157,6100000,57950290000,9660,9700,9500,-160,-1.66,9500,-160,-1.66,9500,9700,1400-10-28,2022-01-18
475,بميلا,توسعه بازرگاني آهن وفولادميلاد,157,3458321,30073453190,8950,8830,8690,-260,-2.91,8700,-250,-2.79,8690,8830,1400-10-28,2022-01-18
476,تسه9907,امتياز تسهيلات مسكن مهر99,157,2265,2809855377,1230020,1190000,1289999,59979,4.88,1240554,10534,0.86,1190000,1289999,1400-10-28,2022-01-18
477,ضسپا3013,اختيارخ خساپا-1600-1401/03/25,155,7160,1861788000,296,280,259,-37,-12.5,260,-36,-12.16,250,280,1400-10-28,2022-01-18
478,تسه9909,امتياز تسهيلات مسكن آذر99,155,2010,2508289817,1241081,1211008,1238501,-2580,-0.21,1247905,6824,0.55,1201000,1303135,1400-10-28,2022-01-18
479,پارسيان,بيمه پارسيان,155,564576,4510823770,8260,8270,7850,-410,-4.96,8180,-80,-0.97,7850,8270,1400-10-28,2022-01-18
480,سفار,سيمان‌فارس‌,155,144797,7296903150,51370,50130,51290,-80,-0.16,50880,-490,-0.95,48830,52500,1400-10-28,2022-01-18
481,ختراك,ريخته‌گري‌ تراكتورسازي‌ ايران‌,155,969205,4386475543,4739,4827,4503,-236,-4.98,4672,-67,-1.41,4503,4827,1400-10-28,2022-01-18
482,سيدكو,سرمايه گذاري توسعه صنايع سيمان,154,3882944,21189459310,5700,5620,5420,-280,-4.91,5460,-240,-4.21,5420,5620,1400-10-28,2022-01-18
483,خاتم,صندوق س خاتم ايساتيس پويا-ثابت,154,4820124,61093001713,12668,12674,12675,7,0.06,12675,7,0.06,12674,12675,1400-10-28,2022-01-18
484,پلاست,كارخانجات توليدي پلاستيران,154,665052,4245917270,6560,6400,6370,-190,-2.9,6480,-80,-1.22,6370,6550,1400-10-28,2022-01-18
485,ضخود2021,اختيارخ خودرو-3500-1401/02/07,153,8483,299847000,38,35,37,-1,-2.63,35,-3,-7.89,34,45,1400-10-28,2022-01-18
486,لازما,كارخانه هاي صنعتي آزمايش,152,245995,5418893750,22550,21900,21900,-650,-2.88,22250,-300,-1.33,21900,23200,1400-10-28,2022-01-18
487,كطبس,ذغال‌سنگ‌ نگين‌ ط‌بس‌,151,324423,14452226760,45500,45000,44450,-1050,-2.31,44570,-930,-2.04,43680,45400,1400-10-28,2022-01-18
488,وصندوقح,ح.سرمايه گذاري صندوق بازنشستگي,150,1244051,11562631680,9550,9300,9300,-250,-2.62,9290,-260,-2.72,9160,9340,1400-10-28,2022-01-18
489,گوهر2,صندوق سكه طلاي كيان,150,1500000,1500000,58887,1,1,-58886,-100,1,-58886,-100,1,1,1400-10-28,2022-01-18
490,عيار,صندوق سكه طلاي مفيد,150,670670,19946843306,29829,29620,29730,-99,-0.33,29742,-87,-0.29,29400,29890,1400-10-28,2022-01-18
491,كفرا,فراورده‌ هاي‌ نسوزايران‌,150,1460527,9963746780,7150,6840,6820,-330,-4.62,6910,-240,-3.36,6800,6950,1400-10-28,2022-01-18
492,وكار,بانك‌ كارآفرين‌,150,3824720,8144067258,2241,2133,2129,-112,-5,2214,-27,-1.2,2129,2195,1400-10-28,2022-01-18
493,زدشت,كشت و صنعت دشت خرم دره,149,424787,5353133730,13200,12640,12540,-660,-5,12980,-220,-1.67,12540,13300,1400-10-28,2022-01-18
494,كپشير,پشم‌شيشه‌ايران‌,148,1030903,10129997290,10330,10120,9820,-510,-4.94,9970,-360,-3.48,9820,10120,1400-10-28,2022-01-18
495,كاريس,صندوق س.سپهر كاريزما-س,144,977588,12044897310,12739,12500,12300,-439,-3.45,12321,-418,-3.28,12200,12500,1400-10-28,2022-01-18
496,اخزا001,اسنادخزانه-م1بودجه00-030821,144,199424,107869488890,540930,542980,540930,0,0,540910,-20,0,540000,542980,1400-10-28,2022-01-18
497,قهكمت,قندهكمتان‌,144,2158576,9329585771,4546,4386,4319,-227,-4.99,4398,-148,-3.26,4319,4440,1400-10-28,2022-01-18
498,خصدرا,صنعتي‌ دريايي‌ ايران‌,143,3622895,6916106555,1968,1909,1909,-59,-3,1948,-20,-1.02,1909,1909,1400-10-28,2022-01-18
499,نمرينو,ايران‌ مرينوس‌,141,49597,3288953680,69760,66280,66280,-3480,-4.99,68930,-830,-1.19,66280,68990,1400-10-28,2022-01-18
500,كخاكح,ح . صنايع‌خاك‌چيني‌ايران‌,140,2946890,24725797770,8720,8680,8220,-500,-5.73,8390,-330,-3.78,8210,8680,1400-10-28,2022-01-18
501,بنو,بيمه تجارت نو,140,1260127,7081057640,5870,5640,5580,-290,-4.94,5740,-130,-2.21,5580,5700,1400-10-28,2022-01-18
502,تيپيكو,سرمايه گذاري دارويي تامين,139,276170,4851166970,18300,17760,17530,-770,-4.21,18250,-50,-0.27,17500,18190,1400-10-28,2022-01-18
503,پكويرح,ح. كوير تاير,139,1440213,3715663480,2682,2601,2570,-112,-4.18,2580,-102,-3.8,2551,2700,1400-10-28,2022-01-18
504,درهآور,دارويي ره آورد تامين,138,533520,10351969100,20350,19550,19350,-1000,-4.91,19650,-700,-3.44,19350,19950,1400-10-28,2022-01-18
505,سيستم,همكاران سيستم,138,3414105,16615320020,5090,5000,4900,-190,-3.73,4900,-190,-3.73,4840,5100,1400-10-28,2022-01-18
506,زكشت,كشاورزي مكانيزه اصفهان كشت,137,374039,5931410160,16650,16110,15820,-830,-4.98,16310,-340,-2.04,15820,16190,1400-10-28,2022-01-18
507,تسه9904,امتياز تسهيلات مسكن تير99,136,1182,1461263555,1220199,1200009,1244000,23801,1.95,1236264,16065,1.32,1175010,1250000,1400-10-28,2022-01-18
508,وكادو,تكادو,136,1283113,17072550770,13660,13400,13260,-400,-2.93,13310,-350,-2.56,13260,13700,1400-10-28,2022-01-18
509,سقاين,سيمان‌ قائن‌,136,193465,7617654280,40460,39760,39490,-970,-2.4,39890,-570,-1.41,38450,40890,1400-10-28,2022-01-18
510,فيروزه,صندوق شاخص30 شركت فيروزه- سهام,135,51227,7916515470,157860,156650,153540,-4320,-2.74,154540,-3320,-2.1,151680,156650,1400-10-28,2022-01-18
511,زر,صندوق س.پشتوانه سكه طلاي زر,135,147034,7350634591,50764,50120,49651,-1113,-2.19,49993,-771,-1.52,49501,50936,1400-10-28,2022-01-18
512,شپاس,نفت پاسارگاد,135,1267536,18058297750,14980,14240,14500,-480,-3.2,14250,-730,-4.87,14240,14900,1400-10-28,2022-01-18
513,ولملت,واسپاري ملت,134,2504813,6199030718,2603,2505,2473,-130,-4.99,2542,-61,-2.34,2473,2559,1400-10-28,2022-01-18
514,وزمين,بانك ايران زمين,134,583863,4886415500,8310,8450,8470,160,1.93,8330,20,0.24,8280,8470,1400-10-28,2022-01-18
515,وسبحان,سرمايه گذاري سبحان,134,1367109,2962300990,2200,2162,2159,-41,-1.86,2193,-7,-0.32,2124,2249,1400-10-28,2022-01-18
516,لخزر,پارس‌ خزر,133,41023,4104784550,105130,100030,99880,-5250,-4.99,103630,-1500,-1.43,99880,105100,1400-10-28,2022-01-18
517,گوهر,صندوق سكه طلاي كيان,133,1629940,95353438912,58887,58521,58501,-386,-0.66,58501,-386,-0.66,58500,59190,1400-10-28,2022-01-18
518,سخوز,سيمان خوزستان,132,176713,3548968060,20850,20550,20180,-670,-3.21,20660,-190,-0.91,20000,20560,1400-10-28,2022-01-18
519,دكوثر,داروسازي‌ كوثر,131,997291,2316267468,2425,2304,2311,-114,-4.7,2407,-18,-0.74,2304,2425,1400-10-28,2022-01-18
520,وتوشه,سرمايه‌ گذاري‌ پارس‌ توشه‌,131,2995055,14688316580,5150,5050,4900,-250,-4.85,4900,-250,-4.85,4900,5080,1400-10-28,2022-01-18
521,دابور,داروسازي‌ ابوريحان‌,130,249534,5150136600,21660,20900,20790,-870,-4.02,21290,-370,-1.71,20580,21340,1400-10-28,2022-01-18
522,تشتاد,صنايع توليدي اشتاد ايران‌,130,1178606,5607504351,4753,4848,4611,-142,-2.99,4756,3,0.06,4611,4895,1400-10-28,2022-01-18
523,ضخود2016,اختيارخ خودرو-1600-1401/02/07,129,6464,3559064000,601,550,550,-51,-8.49,551,-50,-8.32,540,570,1400-10-28,2022-01-18
524,دشيمي,شيمي‌ داروئي‌ داروپخش‌,129,329730,6577098250,20840,20210,19800,-1040,-4.99,20430,-410,-1.97,19800,20770,1400-10-28,2022-01-18
525,شنفت,نفت‌ پارس‌,127,689770,6182702670,9430,9010,8980,-450,-4.77,9380,-50,-0.53,8960,9010,1400-10-28,2022-01-18
526,شاملاح,ح . معدني‌ املاح‌  ايران‌,126,866645,5852279490,6920,6710,6700,-220,-3.18,6750,-170,-2.46,6700,6900,1400-10-28,2022-01-18
527,خچرخش,چرخشگر,126,1132982,6933462210,6400,6350,6080,-320,-5,6260,-140,-2.19,6080,6480,1400-10-28,2022-01-18
528,كفراح,ح . فراورده‌ هاي‌ نسوزايران‌,124,810016,3266061269,4337,4100,4078,-259,-5.97,4032,-305,-7.03,3904,4131,1400-10-28,2022-01-18
529,خموتور,موتورسازان‌تراكتورسازي‌ايران‌,124,1362806,5269545034,4061,3875,3858,-203,-5,3981,-80,-1.97,3858,3976,1400-10-28,2022-01-18
530,وخاور,بانك خاورميانه,123,3175895,15557960963,4977,4975,4882,-95,-1.91,4952,-25,-0.5,4880,4990,1400-10-28,2022-01-18
531,قزوين,كارخانجات‌ قند قزوين‌,123,1923410,8012226273,4370,4250,4152,-218,-4.99,4248,-122,-2.79,4152,4365,1400-10-28,2022-01-18
532,اخزا008,اسنادخزانه-م8بودجه00-030919,123,235647,125351330880,531710,532600,531730,20,0,531950,240,0.05,530000,533100,1400-10-28,2022-01-18
533,دروز,داروسازي‌ روزدارو,123,842933,23733284160,29630,28160,28150,-1480,-4.99,28160,-1470,-4.96,28150,29200,1400-10-28,2022-01-18
534,تسه9903,امتياز تسهيلات مسكن خرداد99,122,1126,1393638172,1219823,1177416,1220001,178,0.01,1237689,17866,1.46,1177416,1269200,1400-10-28,2022-01-18
535,زشريف,كشت وصنعت شريف آباد,122,1393435,4620793438,3454,3333,3282,-172,-4.98,3410,-44,-1.27,3282,3419,1400-10-28,2022-01-18
536,اخزا005,اسنادخزانه-م5بودجه00-030626,122,241677,135024950300,559390,559520,559990,600,0.11,558700,-690,-0.12,550000,560000,1400-10-28,2022-01-18
537,شستان,پتروشيمي گلستان,122,1593462,6518407027,4011,4091,4091,80,1.99,4091,80,1.99,3986,4091,1400-10-28,2022-01-18
538,زعف0110پ11,زعفران0110نگين سحرخيز(پ),119,31465,11336850728,356055,353000,363494,7439,2.09,360300,4245,1.19,353000,363500,1400-10-28,2022-01-18
539,غشاذر,پگاه‌آذربايجان‌غربي‌,119,1042190,4548607907,4588,4579,4359,-229,-4.99,4515,-73,-1.59,4359,4579,1400-10-28,2022-01-18
540,زعف0110پ09,زعفران0110نگين نوين(پ),118,52727,18735567815,352110,353000,359500,7390,2.1,355332,3222,0.92,353000,360010,1400-10-28,2022-01-18
541,تسه9906,امتياز تسهيلات مسكن شهريور99,118,1330,1683009084,1242291,1201101,1240000,-2291,-0.18,1265420,23129,1.86,1200000,1304405,1400-10-28,2022-01-18
542,دجابر,داروسازي‌ جابرابن‌حيان‌,118,1188583,11308617310,10010,9600,9510,-500,-5,9610,-400,-4,9510,9800,1400-10-28,2022-01-18
543,تماوند,تامين سرمايه دماوند,117,3234949,18562909610,5800,5740,5630,-170,-2.93,5740,-60,-1.03,5630,5940,1400-10-28,2022-01-18
544,ثباغ,شهر سازي و خانه سازي باغميشه,117,779366,5477485600,7350,7150,7010,-340,-4.63,7230,-120,-1.63,6990,7300,1400-10-28,2022-01-18
545,وپترو,سرمايه‌گذاري صنايع پتروشيمي‌,116,430445,4024710430,9820,9360,9330,-490,-4.99,9680,-140,-1.43,9330,9740,1400-10-28,2022-01-18
546,سجام,مجتمع سيمان غرب آسيا,115,956720,1930359496,2019,2050,2027,8,0.4,2019,0,0,2000,2060,1400-10-28,2022-01-18
547,شفا,سرمايه گذاري شفادارو,114,645155,6472717950,10530,10350,10010,-520,-4.94,10290,-240,-2.28,10010,10350,1400-10-28,2022-01-18
548,چكاوه,صنايع‌كاغذسازي‌كاوه‌,114,1257365,8691925180,7240,7110,6880,-360,-4.97,7010,-230,-3.18,6880,7110,1400-10-28,2022-01-18
549,فلامي,لاميران‌,113,518202,8322266100,16880,16800,16040,-840,-4.98,16380,-500,-2.96,16040,16800,1400-10-28,2022-01-18
550,شكبير,پتروشيمي اميركبير,113,1175978,103545013700,90750,88050,88050,-2700,-2.98,88050,-2700,-2.98,88050,89900,1400-10-28,2022-01-18
551,تابا,تابان نيرو سپاهان,113,225834,4619099500,20800,20300,20200,-600,-2.88,20550,-250,-1.2,20200,21250,1400-10-28,2022-01-18
552,تسه9905,امتياز تسهيلات مسكن مرداد99,112,1073,1351478889,1263776,1222300,1326899,63123,4.99,1259533,-4243,-0.34,1200600,1326963,1400-10-28,2022-01-18
553,سغرب,سيمان‌غرب‌,111,308568,4141669280,14010,13410,13400,-610,-4.35,13840,-170,-1.21,13310,13990,1400-10-28,2022-01-18
554,قچار,فراوردههاي غذايي وقند چهارمحال,111,603258,5440825720,9480,9030,9010,-470,-4.96,9310,-170,-1.79,9010,9110,1400-10-28,2022-01-18
555,خاهن,آهنگري‌ تراكتورسازي‌ ايران‌,111,1130994,4306713075,4004,3851,3804,-200,-5,3966,-38,-0.95,3804,3860,1400-10-28,2022-01-18
556,كخاك,صنايع‌خاك‌چيني‌ايران‌,110,599865,7634195640,13360,12860,12700,-660,-4.94,13090,-270,-2.02,12700,13570,1400-10-28,2022-01-18
557,تسه9812,امتياز تسهيلات مسكن اسفند98,110,1257,1567278551,1231948,1200122,1293000,61052,4.96,1246840,14892,1.21,1200122,1293000,1400-10-28,2022-01-18
558,تكمبا,كمباين‌ سازي‌ ايران‌,109,1738497,5765112491,3489,3320,3315,-174,-4.99,3418,-71,-2.03,3315,3400,1400-10-28,2022-01-18
559,فبيرا,بسته‌ بندي‌ ايران‌,108,2601438,4295900333,1702,1660,1652,-50,-2.94,1679,-23,-1.35,1651,1680,1400-10-28,2022-01-18
560,وجامي,سرمايه گذاري جامي,108,1286276,4382524661,3583,3404,3404,-179,-5,3487,-96,-2.68,3404,3520,1400-10-28,2022-01-18
561,ساينا,صنايع بهداشتي ساينا,107,27724,2403976500,90750,86500,87000,-3750,-4.13,90050,-700,-0.77,86250,89300,1400-10-28,2022-01-18
562,خريخت,صنايع‌ريخته‌گري‌ايران‌,107,2248406,5280788356,2462,2340,2339,-123,-5,2415,-47,-1.91,2339,2409,1400-10-28,2022-01-18
563,حبندرح,ح.دريايي وكشتيراني خط دريابندر,105,570299,6140943040,11030,11330,10700,-330,-2.99,10770,-260,-2.36,10700,11330,1400-10-28,2022-01-18
564,آ س پ,آ.س.پ,103,749360,3570464450,5010,4760,4760,-250,-4.99,4940,-70,-1.4,4760,4960,1400-10-28,2022-01-18
565,ما,بيمه  ما,102,859332,3854771460,4690,4488,4462,-228,-4.86,4635,-55,-1.17,4456,4605,1400-10-28,2022-01-18
566,وملل,اعتباري ملل,101,539164,4938609240,9500,9300,9220,-280,-2.95,9450,-50,-0.53,9030,9300,1400-10-28,2022-01-18
567,غشهد,شهد ايران ‌,101,562767,2249623008,4182,4062,3976,-206,-4.93,4152,-30,-0.72,3976,4075,1400-10-28,2022-01-18
568,كصدف,كاشي صدف سرام استقلال آباده,101,570626,13123593800,21950,23000,23000,1050,4.78,23000,1050,4.78,22900,23000,1400-10-28,2022-01-18
569,تسه9901,امتياز تسهيلات مسكن فروردين99,101,1435,1781655481,1228777,1180010,1259678,30901,2.51,1241572,12795,1.04,1180010,1259678,1400-10-28,2022-01-18
570,لوتوس,تامين سرمايه لوتوس پارسيان,100,1187137,6789982390,5720,5720,5730,10,0.17,5720,0,0,5700,5730,1400-10-28,2022-01-18
571,كي بي سي,شركت كي بي سي,100,175225,3048881810,18050,17170,17500,-550,-3.05,17910,-140,-0.78,17150,18010,1400-10-28,2022-01-18
572,كامياب2,صندوق س. كامياب آشنا-د,100,10000000,10000000,11277,1,1,-11276,-99.99,1,-11276,-99.99,1,1,1400-10-28,2022-01-18
573,فخاس,فولاد خراسان,100,559524,11800498010,22200,21090,21100,-1100,-4.95,22060,-140,-0.63,21090,21100,1400-10-28,2022-01-18
574,آبين,كشت و صنعت آبشيرين,99,766570,1140819860,1534,1490,1500,-34,-2.22,1528,-6,-0.39,1488,1500,1400-10-28,2022-01-18
575,ضشنا2014,اختيارخ شپنا-5000-1401/02/25,99,2096,1841332000,1058,950,910,-148,-13.99,878,-180,-17.01,830,950,1400-10-28,2022-01-18
576,حبندر,دريايي و کشتيراني خط دريابندر,98,1466768,21986852320,14560,14990,14990,430,2.95,14990,430,2.95,14990,14990,1400-10-28,2022-01-18
577,اپرداز,آتيه داده پرداز,98,107982,1949852800,18950,18050,18050,-900,-4.75,18800,-150,-0.79,18050,18800,1400-10-28,2022-01-18
578,غشصفا,شيرپاستوريزه‌پگاه‌اصفهان‌,97,492355,8249652810,17610,16950,16730,-880,-5,17080,-530,-3.01,16730,17210,1400-10-28,2022-01-18
579,وسين,بيمه سينا,97,1879997,5826340797,3193,3103,3098,-95,-2.98,3134,-59,-1.85,3098,3215,1400-10-28,2022-01-18
580,زعف0110پ18,زعفران0110نگين بهرامن(پ),97,81298,28843358575,351898,359498,361897,9999,2.84,354786,2888,0.82,351000,361897,1400-10-28,2022-01-18
581,قشكر,شكرشاهرود,97,2454400,4881149141,2089,2002,1985,-104,-4.98,2053,-36,-1.72,1985,2053,1400-10-28,2022-01-18
582,چفيبر,فيبر ايران‌,96,528800,3355270560,6670,6370,6340,-330,-4.95,6590,-80,-1.2,6340,6580,1400-10-28,2022-01-18
583,كقزوي,شيشه‌ قزوين‌,95,552089,4483750210,8170,8200,8170,0,0,8150,-20,-0.24,8060,8300,1400-10-28,2022-01-18
584,دفارا,داروسازي‌ فارابي‌,95,273369,3112236710,11960,11770,11370,-590,-4.93,11830,-130,-1.09,11370,11770,1400-10-28,2022-01-18
585,اوان,مبين وان كيش,95,265324,2390430770,9470,9070,9000,-470,-4.96,9390,-80,-0.84,9000,9110,1400-10-28,2022-01-18
586,خودكفا,اقتصادي و خودكفايي آزادگان,95,316903,2205644880,7170,6960,6960,-210,-2.93,7150,-20,-0.28,6960,6960,1400-10-28,2022-01-18
587,كشرق,صنعتي و معدني شمال شرق شاهرود,94,57142,3727557650,67700,66350,64950,-2750,-4.06,67050,-650,-0.96,64350,66350,1400-10-28,2022-01-18
588,خپويش,سازه‌ پويش‌,94,35158,2411986340,71790,72500,69800,-1990,-2.77,71250,-540,-0.75,68210,72500,1400-10-28,2022-01-18
589,كلر,كلر پارس,94,48061,3640620750,79700,75750,75750,-3950,-4.96,78550,-1150,-1.44,75750,75750,1400-10-28,2022-01-18
590,كوثر,بيمه كوثر,94,400505,1412050014,3702,3525,3517,-185,-5,3692,-10,-0.27,3517,3600,1400-10-28,2022-01-18
591,سكرد,سيمان كردستان,94,710323,3105114411,4591,4400,4362,-229,-4.99,4543,-48,-1.05,4362,4497,1400-10-28,2022-01-18
592,داسوه,داروسازي‌ اسوه‌,93,136944,3209427960,23990,22980,24000,10,0.04,23870,-120,-0.5,22810,24080,1400-10-28,2022-01-18
593,ثعمرا,عمران و توسعه شاهد,93,1492008,9312895760,6560,6590,6240,-320,-4.88,6350,-210,-3.2,6240,6590,1400-10-28,2022-01-18
594,بخاور,بيمه زندگي خاورميانه,93,813510,1787774554,2292,2220,2217,-75,-3.27,2281,-11,-0.48,2178,2230,1400-10-28,2022-01-18
595,وآرين,شركت توسعه اقتصادي آرين,93,2444018,4471897089,1885,1926,1829,-56,-2.97,1861,-24,-1.27,1829,1926,1400-10-28,2022-01-18
596,داوه,داروسازي آوه سينا,90,182784,1498743560,8530,8210,8210,-320,-3.75,8500,-30,-0.35,8110,8500,1400-10-28,2022-01-18
597,دسبحان,سبحان دارو,88,354871,2835262420,8360,8240,8000,-360,-4.31,8280,-80,-0.96,7950,8360,1400-10-28,2022-01-18
598,سغدير,توسعه سرمايه و صنعت غدير,88,255261,3405157260,13480,13410,13040,-440,-3.26,13450,-30,-0.22,12840,13460,1400-10-28,2022-01-18
599,فالوم,آلومتك‌,88,358999,5690134150,16680,15850,15850,-830,-4.98,16160,-520,-3.12,15850,15850,1400-10-28,2022-01-18
600,تسه9811,امتياز تسهيلات مسكن بهمن98,87,944,1166118653,1227020,1196228,1247968,20948,1.71,1235295,8275,0.67,1196228,1250000,1400-10-28,2022-01-18
601,سشمال,سيمان‌ شمال‌,85,609935,4518555880,7460,7410,7420,-40,-0.54,7440,-20,-0.27,7400,7460,1400-10-28,2022-01-18
602,بمپنا,توليد برق عسلويه  مپنا,85,1144605,6183684280,5640,5360,5360,-280,-4.96,5550,-90,-1.6,5360,5520,1400-10-28,2022-01-18
603,فاما,صنعتي‌ آما,84,618032,10028461470,17060,16260,16210,-850,-4.98,16460,-600,-3.52,16210,16560,1400-10-28,2022-01-18
604,پدرخش,درخشان‌ تهران‌,84,711723,5081702220,6800,7140,7140,340,5,6900,100,1.47,7140,7140,1400-10-28,2022-01-18
605,كاسپين,داروسازي كاسپين تامين,83,135371,2740117400,20850,21000,20150,-700,-3.36,20750,-100,-0.48,19950,21000,1400-10-28,2022-01-18
606,ركيش,كارت اعتباري ايران كيش,82,438814,2612161030,6220,6090,6030,-190,-3.05,6170,-50,-0.8,5910,6220,1400-10-28,2022-01-18
607,ساربيل,سيمان آرتا اردبيل,79,191285,4014485010,21330,20490,21100,-230,-1.08,21240,-90,-0.42,20270,21200,1400-10-28,2022-01-18
608,فلات,گروه صنايع معادن فلات ايرانيان,79,2557834,22075562340,8890,8690,8640,-250,-2.81,8630,-260,-2.92,8630,9000,1400-10-28,2022-01-18
609,مداران,داده‌پردازي‌ايران‌,78,597645,8237445240,14500,13780,13780,-720,-4.97,14070,-430,-2.97,13780,14120,1400-10-28,2022-01-18
610,ومشان,س. فني و مهندسي مشانير,78,43406,1842048850,43550,42900,42250,-1300,-2.99,43050,-500,-1.15,42250,44600,1400-10-28,2022-01-18
611,ثاژن,سخت آژند,78,312612,1246597434,4012,4072,4044,32,0.8,4006,-6,-0.15,3932,4072,1400-10-28,2022-01-18
612,سفانو,سيمان فارس نو,77,134356,3079523440,23340,23080,23180,-160,-0.69,23250,-90,-0.39,22700,23290,1400-10-28,2022-01-18
613,سپاس,صندوق س. پاداش سهامداري-ثابت,75,1028815,10361854394,10066,10071,10073,7,0.07,10072,6,0.06,10071,10074,1400-10-28,2022-01-18
614,دسبحا,گروه دارويي سبحان,74,305171,5169678050,17800,17000,16930,-870,-4.89,17600,-200,-1.12,16910,17490,1400-10-28,2022-01-18
615,سبجنو,سيمان‌ بجنورد,73,46217,1684702240,36820,36820,36500,-320,-0.87,36780,-40,-0.11,36000,37230,1400-10-28,2022-01-18
616,زمگسا,كشاورزي‌ ودامپروي‌ مگسال‌,73,165435,2792137240,17750,17680,16870,-880,-4.96,17570,-180,-1.01,16870,17680,1400-10-28,2022-01-18
617,زعف0110پ19,زعفران0110نگين تروند قاينات(پ),73,27279,9630250947,351504,351500,358000,6496,1.85,353028,1524,0.43,349500,360000,1400-10-28,2022-01-18
618,دسينا,داروسازي‌ سينا,72,416618,8136348730,20070,19080,20100,30,0.15,19760,-310,-1.54,19080,20100,1400-10-28,2022-01-18
619,بفجر,فجر انرژي خليج فارس,72,547935,5655157830,10860,10320,10320,-540,-4.97,10820,-40,-0.37,10320,10340,1400-10-28,2022-01-18
620,اخزا917,اسنادخزانه-م17بودجه99-010226,71,237047,221640220230,933030,933030,936000,2970,0.32,935010,1980,0.21,932500,936010,1400-10-28,2022-01-18
621,كساپا,سايپاشيشه‌,71,277932,3458274260,13090,12470,12440,-650,-4.97,12920,-170,-1.3,12440,12500,1400-10-28,2022-01-18
622,ضملت1133,اختيارخ وبملت-3000-1400/11/13,70,1475,96603000,168,62,65,-103,-61.31,65,-103,-61.31,60,120,1400-10-28,2022-01-18
623,ضفلا1163,اختيارخ فولاد-10000-1400/11/24,69,2025,876198000,524,550,411,-113,-21.56,433,-91,-17.37,342,550,1400-10-28,2022-01-18
624,زرين,صندوق س. سهام زرين كوروش-س,69,194445,2306855882,12275,12040,11801,-474,-3.86,11864,-411,-3.35,11770,12165,1400-10-28,2022-01-18
625,اخزا007,اسنادخزانه-م7بودجه00-030912,68,111810,59796978940,534800,536490,534800,0,0,534810,10,0,534500,536500,1400-10-28,2022-01-18
626,زعف0110پ16,زعفران0110نگين بيرجند(پ),68,59521,21259430925,351263,349701,359000,7737,2.2,357175,5912,1.68,349700,364000,1400-10-28,2022-01-18
627,دكيمي,كيميدارو,67,243662,3762403510,16240,15660,15430,-810,-4.99,16020,-220,-1.35,15430,15660,1400-10-28,2022-01-18
628,سجامح,ح.مجتمع سيمان غرب آسيا,66,1088797,728695185,687,668,668,-19,-2.77,669,-18,-2.62,667,683,1400-10-28,2022-01-18
629,واحصا,احياء صنايع خراسان,66,162853,5406719600,32250,33200,33200,950,2.95,32750,500,1.55,33200,33200,1400-10-28,2022-01-18
630,ضملت1134,اختيارخ وبملت-3500-1400/11/13,65,3875,24790000,20,8,5,-15,-75,6,-14,-70,4,10,1400-10-28,2022-01-18
631,كرونا2,تامين مالي جمعي صرفا اهداي سود,65,20133,201330000,10000,10000,10000,0,0,10000,0,0,10000,10000,1400-10-28,2022-01-18
632,اخزا003,اسنادخزانه-م3بودجه00-030418,65,58970,34408953120,582890,584890,583110,220,0.04,583500,610,0.1,582110,584990,1400-10-28,2022-01-18
633,دالبر,البرزدارو,64,282728,3264501280,11810,11520,11410,-400,-3.39,11750,-60,-0.51,11300,11730,1400-10-28,2022-01-18
634,شزنگ,تجهيزنيروي‌زنگان‌,64,28987,2908845450,105600,100350,100350,-5250,-4.97,103950,-1650,-1.56,100350,100350,1400-10-28,2022-01-18
635,سكرما,سيمان‌ كرمان‌,64,547996,7785378650,14520,14300,14010,-510,-3.51,14350,-170,-1.17,13830,14350,1400-10-28,2022-01-18
636,سرود,سيمان‌شاهرود,64,84819,1647925090,20440,19450,19550,-890,-4.35,20320,-120,-0.59,19420,19550,1400-10-28,2022-01-18
637,وملت,سرمايه گذاري ملت,63,557617,1276710731,2314,2268,2288,-26,-1.12,2307,-7,-0.3,2268,2347,1400-10-28,2022-01-18
638,سلار,شركت سيمان لارستان,62,89061,1858706850,21450,20900,20850,-600,-2.8,21350,-100,-0.47,20850,21000,1400-10-28,2022-01-18
639,معيار ,سرمايه گذاري معيار صنعت پارس,62,206352,8005880000,39850,40250,39600,-250,-0.63,39000,-850,-2.13,38700,40250,1400-10-28,2022-01-18
640,يارا,صندوق س. آريا-د,62,863139,8631390000,10000,10000,10000,0,0,10000,0,0,10000,10000,1400-10-28,2022-01-18
641,دحاوي,الحاوي,61,1201760,4858791397,4168,4043,4043,-125,-3,4104,-64,-1.54,4043,4050,1400-10-28,2022-01-18
642,غشان,شيرپاستوريزه‌پگاه‌خراسان‌,61,719578,2581506421,3772,3753,3584,-188,-4.98,3738,-34,-0.9,3584,3753,1400-10-28,2022-01-18
643,سكه0112پ03,تمام سكه طرح جديد0112سامان,60,12400,14593749500,1180791,1189322,1180000,-791,-0.07,1176915,-3876,-0.33,1170004,1189322,1400-10-28,2022-01-18
644,سمتاز,سيمان ممتازان كرمان,59,157869,2146380940,14010,13660,13590,-420,-3,13920,-90,-0.64,13590,13660,1400-10-28,2022-01-18
645,ولشرقح,ح . ليزينگ ايران و شرق,59,2564562,1316271411,539,548,513,-26,-4.82,513,-26,-4.82,513,548,1400-10-28,2022-01-18
646,آساس,صندوق س.آسمان آرماني سهام-س,58,8953,1386604469,159675,158003,155800,-3875,-2.43,154876,-4799,-3.01,153701,158003,1400-10-28,2022-01-18
647,فنورد,نوردوقطعات‌ فولادي‌,57,57048,9779738640,180450,171430,171430,-9020,-5,174360,-6090,-3.37,171430,171430,1400-10-28,2022-01-18
648,عيار2,صندوق سكه طلاي مفيد,57,570000,570000,29829,1,1,-29828,-100,1,-29828,-100,1,1,1400-10-28,2022-01-18
649,سيناد,صندوق س.سپهرسودمند سينا-د,57,2119300,21283744860,10045,10047,10041,-4,-0.04,10043,-2,-0.02,10041,10049,1400-10-28,2022-01-18
650,الماس,صندوق س.امين تدبيرگران فردا-س,57,12351,1181223238,95923,95900,95000,-923,-0.96,95638,-285,-0.3,92011,96000,1400-10-28,2022-01-18
651,سكه0012پ04,تمام سكه طرح جديد0012صادرات,57,35300,41540046400,1180020,1177500,1178000,-2020,-0.17,1176772,-3248,-0.28,1173009,1181000,1400-10-28,2022-01-18
652,ساراب,سيمان‌ داراب‌,56,268411,4318393320,16700,15910,16160,-540,-3.23,16520,-180,-1.08,15910,16370,1400-10-28,2022-01-18
653,اراد50,مرابحه عام دولت5-ش.خ0302,55,1135000,1135001628000,1000000,1000010,1000000,0,0,1000000,0,0,1000000,1000010,1400-10-28,2022-01-18
654,فوكا,فولاد كاويان,55,157311,1963284350,12860,12490,12480,-380,-2.95,12840,-20,-0.16,12480,12490,1400-10-28,2022-01-18
655,قپيرا,فرآورده‌هاي‌غدايي‌وقندپيرانشهر,55,100318,785231200,8060,7810,7920,-140,-1.74,8050,-10,-0.12,7720,8050,1400-10-28,2022-01-18
656,اخزا903,اسنادخزانه-م3بودجه99-011110,55,35919,29108555150,810890,810500,811920,1030,0.13,810390,-500,-0.06,809410,811990,1400-10-28,2022-01-18
657,بسويچ,پارس‌سويچ‌,54,189225,2329478210,12950,12450,12310,-640,-4.94,12840,-110,-0.85,12310,12450,1400-10-28,2022-01-18
658,سهرمز,سيمان‌هرمزگان‌,54,37589,575120370,16080,15310,15590,-490,-3.05,16050,-30,-0.19,15280,15660,1400-10-28,2022-01-18
659,هفارس104,اختيارف ت فارس-11832-01/04/12,53,2527757,1607653452,505,636,636,131,25.94,636,131,25.94,636,636,1400-10-28,2022-01-18
660,اخزا918,اسنادخزانه-م18بودجه99-010323,53,7976,7331050700,919320,917500,921890,2570,0.28,919140,-180,-0.02,917500,921990,1400-10-28,2022-01-18
661,تكنو,تكنوتار,53,284621,1639416960,6060,5760,5760,-300,-4.95,6020,-40,-0.66,5760,5760,1400-10-28,2022-01-18
662,ثتران,سرمايه گذاري مسكن تهران,52,1149207,3402801927,3116,2961,2961,-155,-4.97,3079,-37,-1.19,2961,2961,1400-10-28,2022-01-18
663,وپخش,داروپخش‌ (هلدينگ‌,51,178557,5556407930,32700,31070,31070,-1630,-4.98,32500,-200,-0.61,31070,31300,1400-10-28,2022-01-18
664,سهگمت,سيمان‌هگمتان‌,51,97420,1908746560,20430,19760,19480,-950,-4.65,20320,-110,-0.54,19480,20220,1400-10-28,2022-01-18
665,بايكا,كارخانجات كابلسازي ‌ايران‌,50,146717,2071973660,14510,14390,14080,-430,-2.96,14430,-80,-0.55,14080,14390,1400-10-28,2022-01-18
666,وبهمن,سرمايه‌گذاري‌بهمن‌,50,101231,1307229310,13560,12960,12890,-670,-4.94,13500,-60,-0.44,12890,13300,1400-10-28,2022-01-18
667,شساخت,مهندسي و ساختمان صنايع نفت,50,129857,5726014400,44150,44150,44150,0,0,44150,0,0,43300,44700,1400-10-28,2022-01-18
668,وبازار,صندوق س شاخصي بازارآشنا,49,166520,1834128340,11400,11070,11000,-400,-3.51,11010,-390,-3.42,10980,11110,1400-10-28,2022-01-18
669,غبهار,كشت وصنعت بهاران گلبهار خراسان,49,155341,2904876700,19270,18700,18700,-570,-2.96,19090,-180,-0.93,18700,18700,1400-10-28,2022-01-18
670,اخزا814,اسنادخزانه-م14بودجه98-010318,47,163957,151606106210,923920,924400,926000,2080,0.23,924670,750,0.08,924400,926000,1400-10-28,2022-01-18
671,وامين,س. امين توان آفرين ساز,47,114299,1392184450,12430,12300,12120,-310,-2.49,12420,-10,-0.08,12110,12300,1400-10-28,2022-01-18
672,غگلپا,شير پاستوريزه پگاه گلپايگان,47,138171,7741848900,58700,56300,55800,-2900,-4.94,57350,-1350,-2.3,55800,58350,1400-10-28,2022-01-18
673,اخزا910,اسنادخزانه-م10بودجه99-020807,46,133497,92343674980,690650,688210,690650,0,0,691730,1080,0.16,688210,692760,1400-10-28,2022-01-18
674,اخزا815,اسنادخزانه-م15بودجه98-010406,45,98463,89821315360,912680,912490,915980,3300,0.36,912230,-450,-0.05,911640,916470,1400-10-28,2022-01-18
675,شفارا,پتروشيمي فارابي,45,283197,1627252520,5840,5840,5670,-170,-2.91,5820,-20,-0.34,5670,5840,1400-10-28,2022-01-18
676,رتكو,كنترل‌خوردگي‌تكين‌كو,44,71199,470384120,6940,6610,6600,-340,-4.9,6930,-10,-0.14,6600,6810,1400-10-28,2022-01-18
677,آتيمس,صندوق س.آرمان آتيه درخشان مس-س,44,6410,1095252640,174467,172010,170000,-4467,-2.56,170866,-3601,-2.06,170000,172010,1400-10-28,2022-01-18
678,ضصاد1113,اختيارخ وبصادر-2000-1400/11/06,44,1539,22360000,24,33,15,-9,-37.5,15,-9,-37.5,9,33,1400-10-28,2022-01-18
679,اخزا914,اسنادخزانه-م14بودجه99-021025,43,39021,25824670880,665070,664000,661600,-3470,-0.52,661810,-3260,-0.49,660000,665000,1400-10-28,2022-01-18
680,تمحركه,ماشين سازي نيرو محركه,42,99629,1462553720,15450,14680,14680,-770,-4.98,15320,-130,-0.84,14680,14680,1400-10-28,2022-01-18
681,سپيدما,صندوق س. سپيد دماوند-د,42,1074812,12590410435,11708,11715,11715,7,0.06,11714,6,0.05,11714,11715,1400-10-28,2022-01-18
682,بفجرح,ح . فجر انرژي خليج فارس,41,1163986,9300743040,8590,7860,8100,-490,-5.7,7990,-600,-6.98,7770,8300,1400-10-28,2022-01-18
683,حخزر,كشتيراني درياي خزر,41,197699,2686603980,14160,13510,13510,-650,-4.59,14050,-110,-0.78,13510,13990,1400-10-28,2022-01-18
684,زعف0110پ10,زعفران0110نگين طلاي سرخ(پ),40,146995,52785313270,356117,357100,359000,2883,0.81,359096,2979,0.84,357000,368999,1400-10-28,2022-01-18
685,سدشت,صنايع سيمان دشتستان,38,47262,1107596010,24660,23430,23430,-1230,-4.99,24560,-100,-0.41,23430,24600,1400-10-28,2022-01-18
686,فيروزا,صندوق بادرآمد ثابت فيروزه آسيا,38,132678,3493764916,26319,26331,26330,11,0.04,26333,14,0.05,26330,26340,1400-10-28,2022-01-18
687,سكه0011پ02,تمام سكه طرح جديد0011ملت,37,4600,5422342200,1180055,1175000,1176000,-4055,-0.34,1178770,-1285,-0.11,1170510,1182999,1400-10-28,2022-01-18
688,ويسا,سرمايه گذاري ايساتيس پويا,36,266276,1986340140,7610,7620,7400,-210,-2.76,7580,-30,-0.39,7390,7620,1400-10-28,2022-01-18
689,دقاضي,داروسازي شهيد قاضي,35,87978,2191066800,25500,25850,24750,-750,-2.94,25350,-150,-0.59,24750,25850,1400-10-28,2022-01-18
690,سكارون,سيمان كارون,35,33627,1150945900,35250,34950,34200,-1050,-2.98,35150,-100,-0.28,34200,34950,1400-10-28,2022-01-18
691,برن0104پ01,برنج طارم0104تجارت مازندران(پ),35,717,405291160,564501,564724,568100,3599,0.64,565260,759,0.13,560000,568100,1400-10-28,2022-01-18
692,اخزا812,اسنادخزانه-م12بودجه98-001111,34,143660,142597743960,992120,992000,992770,650,0.07,992610,490,0.05,992000,993980,1400-10-28,2022-01-18
693,شصفها,پتروشيمي‌ اصفهان‌,32,10584,1146150850,110400,108400,108200,-2200,-1.99,110200,-200,-0.18,108200,108400,1400-10-28,2022-01-18
694,ارمغان,ص سرمايه گذاري ارمغان ايرانيان,32,150181,1511151400,10063,10068,10065,2,0.02,10062,-1,-0.01,10059,10068,1400-10-28,2022-01-18
695,داريوش,صندوق س. ثروت داريوش -س,32,60101,553189206,9360,9261,9156,-204,-2.18,9204,-156,-1.67,9150,9261,1400-10-28,2022-01-18
696,وثنو,سرمايه گذاري ساختماني نوين,32,417082,1645124332,4065,3944,3944,-121,-2.98,4044,-21,-0.52,3944,4050,1400-10-28,2022-01-18
697,اخزا909,اسنادخزانه-م9بودجه99-020316,31,171013,128457859940,750610,750010,751000,390,0.05,751160,550,0.07,750010,752000,1400-10-28,2022-01-18
698,صايند,صندوق س. گنجينه آينده روشن-د,30,371810,3730338910,10041,10030,10038,-3,-0.03,10033,-8,-0.08,10030,10038,1400-10-28,2022-01-18
699,غدشت,دشت‌ مرغاب‌,29,15336,288163440,20870,18790,18790,-2080,-9.97,20830,-40,-0.19,18790,18790,1400-10-28,2022-01-18
700,كهربا,صندوق س.پشتوانه سكه طلا كهربا,29,53892,542805496,10065,10093,10094,29,0.29,10072,7,0.07,10060,10098,1400-10-28,2022-01-18
701,وآفري,بيمه كارآفرين,28,151013,609437292,4049,3932,4030,-19,-0.47,4048,-1,-0.02,3932,4140,1400-10-28,2022-01-18
702,ضسپا1111,اختيارخ خساپا-1400-1400/11/20,28,852,212547000,292,260,250,-42,-14.38,249,-43,-14.73,230,260,1400-10-28,2022-01-18
703,دفرا,فرآورده‌هاي‌ تزريقي‌ ايران‌,27,23946,321000780,13700,13730,13200,-500,-3.65,13690,-10,-0.07,13190,13730,1400-10-28,2022-01-18
704,غپونه,نوش پونه مشهد,27,52775,588196780,11470,11230,11130,-340,-2.96,11450,-20,-0.17,11130,11240,1400-10-28,2022-01-18
705,پارتا,مجتمع‌صنعتي‌آرتاويل‌تاير,26,250000,4515000000,18610,18060,18060,-550,-2.96,18450,-160,-0.86,18060,18060,1400-10-28,2022-01-18
706,غشوكو,شوكو پارس,25,67595,487359950,7580,7210,7210,-370,-4.88,7560,-20,-0.26,7210,7210,1400-10-28,2022-01-18
707,طخود2017,اختيارف خودرو-1800-1401/02/07,25,253,16512000,51,60,70,19,37.25,65,14,27.45,60,71,1400-10-28,2022-01-18
708,ثتوسا,س.توسعه و عمران استان اردبيل,25,112464,1264095360,11830,11240,11240,-590,-4.99,11690,-140,-1.18,11240,11240,1400-10-28,2022-01-18
709,فراز,صندوق س.سهام فراز داريك-س,25,226330,3225856486,14252,14253,14252,0,0,14253,1,0.01,14252,14255,1400-10-28,2022-01-18
710,سكه0111پ05,تمام سكه طرح جديد0111آينده,24,10300,12131071600,1180475,1175000,1175000,-5475,-0.46,1177774,-2701,-0.23,1175000,1181000,1400-10-28,2022-01-18
711,اخزا905,اسنادخزانه-م5بودجه99-020218,24,190327,145159904130,761720,769960,762400,680,0.09,762690,970,0.13,761510,769960,1400-10-28,2022-01-18
712,ضملت1132,اختيارخ وبملت-2500-1400/11/13,24,646,247247000,579,450,355,-224,-38.69,383,-196,-33.85,350,450,1400-10-28,2022-01-18
713,هكشو208,اختيارف ت پاكشو10000-02/08/29,24,1220000,883280000,710,724,724,14,1.97,724,14,1.97,724,724,1400-10-28,2022-01-18
714,طخود2018,اختيارف خودرو-2000-1401/02/07,23,496,74223000,120,149,150,30,25,150,30,25,148,150,1400-10-28,2022-01-18
715,حرهشا,رهشاد سپاهان (سهامي عام,22,11328,839404800,78000,74100,74100,-3900,-5,77400,-600,-0.77,74100,74100,1400-10-28,2022-01-18
716,گنجين,صندوق س. گنجينه يكم آويد-د,22,153508,2243211070,14603,14609,14619,16,0.11,14613,10,0.07,14609,14619,1400-10-28,2022-01-18
717,هپارس102,اختيارف ت پارس-157010-01/02/05,21,150000,150000,1,1,1,0,0,1,0,0,1,1,1400-10-28,2022-01-18
718,حشكوه,دليجان طلايي شكوه پارس,21,1048125,3323609175,3269,3171,3171,-98,-3,3235,-34,-1.04,3171,3173,1400-10-28,2022-01-18
719,اخزا901,اسنادخزانه-م1بودجه99-010621,21,9090,7957139650,875130,875500,875360,230,0.03,875370,240,0.03,875000,877000,1400-10-28,2022-01-18
720,سي تيپ2ن32,گواهي سيمان تيپ2هرمزگان(ن),21,1046000,5520788000,5278,5278,5278,0,0,5278,0,0,5278,5278,1400-10-28,2022-01-18
721,ضصاد1111,اختيارخ وبصادر-1600-1400/11/06,20,582,148543000,398,253,250,-148,-37.19,255,-143,-35.93,241,280,1400-10-28,2022-01-18
722,پلوله,گازلوله‌,20,49202,1003720800,21000,20400,20400,-600,-2.86,20950,-50,-0.24,20400,20400,1400-10-28,2022-01-18
723,زعف0110پ05,زعفران0110نگين زرين(پ),20,8651,3098219588,356539,357000,365886,9347,2.62,358134,1595,0.45,357000,369997,1400-10-28,2022-01-18
724,خفناور,مهندسي صنعتي روان فن آور,19,40210,1093712000,28600,27200,27200,-1400,-4.9,27200,-1400,-4.9,27200,27200,1400-10-28,2022-01-18
725,ضسپا1113,اختيارخ خساپا-1800-1400/11/20,19,691,30597000,65,54,50,-15,-23.08,44,-21,-32.31,30,56,1400-10-28,2022-01-18
726,خبنيان,بنيان ديزل,18,267389,353220869,1390,1321,1321,-69,-4.96,1387,-3,-0.22,1321,1321,1400-10-28,2022-01-18
727,اوصتا,صندوق انديشه ورزان صباتامين -د,18,120893,2568622066,21238,21247,21247,9,0.04,21247,9,0.04,21247,21248,1400-10-28,2022-01-18
728,ثپرديس,سرمايه گذاري مسكن پرديس,18,349577,1160595640,3494,3320,3320,-174,-4.98,3479,-15,-0.43,3320,3320,1400-10-28,2022-01-18
729,اگ010518,گام بانك تجارت0105,18,180000,156964490000,870914,872026,872024,1110,0.13,872025,1111,0.13,872024,872026,1400-10-28,2022-01-18
730,اخزا908,اسنادخزانه-م8بودجه99-020606,17,104140,74510696220,713570,714010,716300,2730,0.38,715490,1920,0.27,714010,716500,1400-10-28,2022-01-18
731,ويستا,صندوق س. ويستا -س,16,102371,1023726394,10060,10020,10010,-50,-0.5,10000,-60,-0.6,9670,10020,1400-10-28,2022-01-18
732,اخزا902,اسنادخزانه-م2بودجه99-011019,15,12633,10346274080,820870,818110,819790,-1080,-0.13,818990,-1880,-0.23,818020,819900,1400-10-28,2022-01-18
733,سي تيپ2ن17,گواهي سيمان تيپ2ماهان كرمان(ن),15,428000,2235016000,5222,5222,5222,0,0,5222,0,0,5222,5222,1400-10-28,2022-01-18
734,سپرمي,پرميت‌,15,37097,472615780,12620,12740,12740,120,0.95,12650,30,0.24,12740,12740,1400-10-28,2022-01-18
735,ثنظام,س. ساختماني نظام مهندسي ايران,13,14772,187604400,13090,12700,12700,-390,-2.98,12700,-390,-2.98,12700,12700,1400-10-28,2022-01-18
736,ضصاد1112,اختيارخ وبصادر-1800-1400/11/06,13,253,17982000,122,70,59,-63,-51.64,71,-51,-41.8,51,85,1400-10-28,2022-01-18
737,كفرآور,فرآورده هاي سيمان شرق,13,28067,516994140,18980,18420,18420,-560,-2.95,18950,-30,-0.16,18420,18420,1400-10-28,2022-01-18
738,قنيشا,قند  نيشابور,12,19934,815898620,43080,40930,40930,-2150,-4.99,42950,-130,-0.3,40930,40930,1400-10-28,2022-01-18
739,اخزا911,اسنادخزانه-م11بودجه99-020906,12,17979,12228354400,679810,681000,680100,290,0.04,680150,340,0.05,680000,681000,1400-10-28,2022-01-18
740,باران,بيمه زندگي باران50%تاديه,12,600000,2040000000,4234,3400,3400,-834,-19.7,4022,-212,-5.01,3400,3400,1400-10-28,2022-01-18
741,اطلس2,صندوق س.توسعه اندوخته آينده-س,11,110000,110000,231121,1,1,-231120,-100,1,-231120,-100,1,1,1400-10-28,2022-01-18
742,اخزا010,اسناد خزانه-م10بودجه00-031115,10,5100,2683322548,516882,522859,529000,12118,2.34,526142,9260,1.79,522000,529000,1400-10-28,2022-01-18
743,ضبدر1164,اختيارخ شبندر-7000-1400/11/13,10,184,6379000,179,60,31,-148,-82.68,35,-144,-80.45,31,60,1400-10-28,2022-01-18
744,اخزا813,اسنادخزانه-م13بودجه98-010219,10,1143,1072743620,936880,937300,937340,460,0.05,938530,1650,0.18,937300,953000,1400-10-28,2022-01-18
745,ضبدر1163,اختيارخ شبندر-6000-1400/11/13,10,104,38460000,487,370,400,-87,-17.86,370,-117,-24.02,312,400,1400-10-28,2022-01-18
746,اخزا904,اسنادخزانه-م4بودجه99-011215,10,27005,21509283390,794930,793490,793560,-1370,-0.17,796490,1560,0.2,793490,796500,1400-10-28,2022-01-18
747,فسا,پتروشيمي فسا,10,123360,104732640,875,849,849,-26,-2.97,875,0,0,849,849,1400-10-28,2022-01-18
748,سي تيپ2ن30,گواهي سيمان تيپ2كرمان(ن),10,596000,3112312000,5222,5222,5222,0,0,5222,0,0,5222,5222,1400-10-28,2022-01-18
749,ضسپا1110,اختيارخ خساپا-1200-1400/11/20,9,304,125524000,495,420,410,-85,-17.17,413,-82,-16.57,402,420,1400-10-28,2022-01-18
750,وتعاون,بيمه تعاون,9,222796,353131660,1668,1585,1585,-83,-4.98,1666,-2,-0.12,1585,1585,1400-10-28,2022-01-18
751,وحافظ,بيمه حافظ,9,44748,289519560,6660,6470,6470,-190,-2.85,6650,-10,-0.15,6470,6470,1400-10-28,2022-01-18
752,قشرين,قند شيرين خراسان,9,25062,135084180,5550,5390,5390,-160,-2.88,5550,0,0,5390,5390,1400-10-28,2022-01-18
753,طسپا1112,اختيارف خساپا-1600-1400/11/20,9,266,17196000,46,60,80,34,73.91,65,19,41.3,60,80,1400-10-28,2022-01-18
754,اخزا009,اسناد خزانه-م9بودجه00-031101,9,164,86568680,524530,530000,534310,9780,1.86,527860,3330,0.63,525050,534310,1400-10-28,2022-01-18
755,لخانه,لوازم‌ خانگي‌ پارس‌,9,4784,70851040,15260,14810,14810,-450,-2.95,15260,0,0,14810,14810,1400-10-28,2022-01-18
756,وحافظح,ح . بيمه حافظ,9,600000,1700400000,2674,2834,2834,160,5.98,2834,160,5.98,2834,2834,1400-10-28,2022-01-18
757,اخزا816,اسنادخزانه-م16بودجه98-010503,8,556,499710200,898260,900000,897030,-1230,-0.14,898760,500,0.06,897030,901000,1400-10-28,2022-01-18
758,ضملي1161,اختيارخ فملي-7000-1400/11/03,8,97,3544000,28,20,10,-18,-64.29,18,-10,-35.71,10,20,1400-10-28,2022-01-18
759,ثمين,صندوق س. ثروت افزون ثمين-س,8,33849,332842250,10002,10000,9800,-202,-2.02,9833,-169,-1.69,9800,10000,1400-10-28,2022-01-18
760,طخود2016,اختيارف خودرو-1600-1401/02/07,8,311,13239000,40,40,31,-9,-22.5,43,3,7.5,31,45,1400-10-28,2022-01-18
761,سباقر,سيمان باقران,8,63500,713105000,11570,11230,11230,-340,-2.94,11540,-30,-0.26,11230,11230,1400-10-28,2022-01-18
762,ساروج,بين المللي ساروج بوشهر,8,48792,769234200,16220,16220,15500,-720,-4.44,16200,-20,-0.12,15500,16220,1400-10-28,2022-01-18
763,خفولا,خدمات فني فولاد يزد,8,13408,254081600,19500,18950,18950,-550,-2.82,18950,-550,-2.82,18950,18950,1400-10-28,2022-01-18
764,اخزا906,اسنادخزانه-م6بودجه99-020321,8,18959,14194791810,748350,759490,748700,350,0.05,748710,360,0.05,748700,759490,1400-10-28,2022-01-18
765,ثغرب,شركت سرمايه گذاري مسكن شمالغرب,7,111912,384865368,3620,3439,3439,-181,-5,3615,-5,-0.14,3439,3439,1400-10-28,2022-01-18
766,ضترا1132,اختيارخ شتران-3970-1400/11/10,7,400,270770480,10,30,10,0,0,299,289,2890,10,300,1400-10-28,2022-01-18
767,زعف0110پ08,زعفران0110نگين روستا(پ),7,5300,1899897200,353001,354000,358500,5499,1.56,358471,5470,1.55,354000,359986,1400-10-28,2022-01-18
768,بذر,صندوق س بذر اميد آفرين-سهام,7,1270,115042960,91550,90620,90510,-1040,-1.14,90590,-960,-1.05,90300,90630,1400-10-28,2022-01-18
769,داريك,صندوق س.اعتماد داريك-د,7,62151,755695509,12154,12159,12159,5,0.04,12159,5,0.04,12159,12162,1400-10-28,2022-01-18
770,شگويات.ف0104,اختيارف.تبعي شگويا010408,7,32000,4480000,140,140,140,0,0,140,0,0,140,140,1400-10-28,2022-01-18
771,سي تيپ2ن02,گواهي سيمان تيپ2صوفيان(ن),7,120000,775080000,6152,6459,6459,307,4.99,6459,307,4.99,6459,6459,1400-10-28,2022-01-18
772,جهرم,پتروشيمي جهرم,7,49336,55404328,1157,1123,1123,-34,-2.94,1123,-34,-2.94,1123,1123,1400-10-28,2022-01-18
773,ضشنا2013,اختيارخ شپنا-4500-1401/02/25,7,65,81275000,1568,1280,1249,-319,-20.34,1250,-318,-20.28,1249,1280,1400-10-28,2022-01-18
774,ضملت1135,اختيارخ وبملت-4000-1400/11/13,7,155,205000,5,1,1,-4,-80,1,-4,-80,1,2,1400-10-28,2022-01-18
775,تملي709,تسهيلات مسكن ب. ملي-آذر97,6,108,53814000,475000,498750,498000,23000,4.84,498278,23278,4.9,498000,498750,1400-10-28,2022-01-18
776,ضفلا1160,اختيارخ فولاد-7000-1400/11/24,6,17,51150000,3267,3050,3000,-267,-8.17,3009,-258,-7.9,3000,3050,1400-10-28,2022-01-18
777,صگل039,صكوك اجاره گل گهر039-3ماهه20%,6,60000,62370000000,1039500,1039500,1039500,0,0,1039500,0,0,1039500,1039500,1400-10-28,2022-01-18
778,افران2,صندوق س افرا نماد پايدار-ثابت,6,49900000,49900000,15272,1,1,-15271,-99.99,1,-15271,-99.99,1,1,1400-10-28,2022-01-18
779,اوج,صندوق س.اوج دماوند-س,6,8100,81016200,10002,10002,10002,0,0,10002,0,0,10002,10002,1400-10-28,2022-01-18
780,ضملي1160,اختيارخ فملي-6000-1400/11/03,6,25,32370000,933,800,515,-418,-44.8,647,-286,-30.65,515,800,1400-10-28,2022-01-18
781,ثروتم,صندوق س. ثروت آفرين پارسيان-س,6,2920,232873320,82140,80960,80002,-2138,-2.6,79751,-2389,-2.91,79285,80960,1400-10-28,2022-01-18
782,ضپال2007,اختيارخ اپال-32000-1401/02/12,6,172,14868000,106,114,86,-20,-18.87,86,-20,-18.87,86,114,1400-10-28,2022-01-18
783,آسام,صندوق س.آرمان سپهر آشنا-م,6,100500,11543230000,115804,115100,115000,-804,-0.69,114858,-946,-0.82,114600,115100,1400-10-28,2022-01-18
784,غشوكوح,ح . شوكو پارس,6,27800,129118000,4900,5090,4610,-290,-5.92,4640,-260,-5.31,4610,5090,1400-10-28,2022-01-18
785,كابگن,توليدي و صنعتي آبگينه‌,6,29250,208260000,7050,7120,7120,70,0.99,7120,70,0.99,7120,7120,1400-10-28,2022-01-18
786,اخزا821,اسنادخزانه-م21بودجه98-020906,5,10530,7121635300,678010,675720,681990,3980,0.59,676320,-1690,-0.25,675710,681990,1400-10-28,2022-01-18
787,مثقال2,صندوق س.پشتوانه طلاي زرين آگاه,5,500000,500000,9333,1,1,-9332,-99.99,1,-9332,-99.99,1,1,1400-10-28,2022-01-18
788,زعف0110پ21,زعفران0110نگين ملل(پ),5,459,162863760,352002,354001,354005,2003,0.57,354823,2821,0.8,354001,367455,1400-10-28,2022-01-18
789,ضترا3011,اختيارخ شتران-3000-1401/03/08,5,200,20849000,1145,850,100,-1045,-91.27,104,-1041,-90.92,100,850,1400-10-28,2022-01-18
790,تملي806,تسهيلات مسكن ب. ملي-شهريور98,5,70,52906000,783212,783212,744052,-39160,-5,755800,-27412,-3.5,744052,822372,1400-10-28,2022-01-18
791,انار2,صندوق س.انارنماد ارزش-درسهام,5,170000,170000,8900,1,1,-8899,-99.99,1,-8899,-99.99,1,1,1400-10-28,2022-01-18
792,ضملت3010,اختيارخ وبملت-2500-1401/03/18,5,15,12570000,1024,910,750,-274,-26.76,838,-186,-18.16,750,910,1400-10-28,2022-01-18
793,اخزا818,اسنادخزانه-م18بودجه98-010614,5,38409,33778766050,879460,878450,879460,0,0,879450,-10,0,878450,879460,1400-10-28,2022-01-18
794,آكورد2,صندوق س. آرمان آتي كوثر-د,5,500000,500000,36337,1,1,-36336,-100,1,-36336,-100,1,1,1400-10-28,2022-01-18
795,ضجار2013,اختيارخ وتجارت-2000-1401/02/21,5,63,11226000,272,162,200,-72,-26.47,178,-94,-34.56,162,200,1400-10-28,2022-01-18
796,سخند,صندوق س.سپهرخبرگان نفت-د,5,13190,132786380,10054,10064,10065,11,0.11,10067,13,0.13,10064,10099,1400-10-28,2022-01-18
797,زگلدشتح,ح.كشت و دام گلدشت نمونه اصفهان,4,5600,36400000,6800,6500,6500,-300,-4.41,6500,-300,-4.41,6500,6500,1400-10-28,2022-01-18
798,ضملي3014,اختيارخ فملي-8000-1401/03/02,4,31,15060000,500,500,500,0,0,486,-14,-2.8,60,500,1400-10-28,2022-01-18
799,اخزا817,اسنادخزانه-م17بودجه98-010512,4,421,377194910,896450,896000,897980,1530,0.17,895950,-500,-0.06,895910,897990,1400-10-28,2022-01-18
800,طكاريس304,اختيارف كاريس-15000-14010331,4,8,10100000,1100,1200,1300,200,18.18,1262,162,14.73,1200,1300,1400-10-28,2022-01-18
801,هفجر102,اختيارف ت بفجر8626-01/02/11,4,79000,79000,1,1,1,0,0,1,0,0,1,1,1400-10-28,2022-01-18
802,سي تيپ2ن27,گواهي سيمان تيپ2آبيك(ن),4,79000,433236000,5223,5484,5484,261,5,5484,261,5,5484,5484,1400-10-28,2022-01-18
803,ضپال2006,اختيارخ اپال-28000-1401/02/12,4,22,9315000,425,490,415,-10,-2.35,423,-2,-0.47,412,490,1400-10-28,2022-01-18
804,پادا,صندوق س.پاداش سرمايه پارس-س,4,599,61592200,103269,102900,102800,-469,-0.45,102825,-444,-0.43,102800,103000,1400-10-28,2022-01-18
805,غناب,روغن‌ نباتي‌ ناب,4,831,124733100,145750,150100,150100,4350,2.98,145800,50,0.03,150100,150100,1400-10-28,2022-01-18
806,ولتجار,واسپاري تجارت وسرمايه ايرانيان,4,77300,187839000,2505,2430,2430,-75,-2.99,2504,-1,-0.04,2430,2430,1400-10-28,2022-01-18
807,اشاد10,مشاركت دولتي10-شرايط خاص001226,4,18400,18131380000,984990,985000,999760,14770,1.5,985400,410,0.04,985000,999760,1400-10-28,2022-01-18
808,ضترا1133,اختيارخ شتران-4411-1400/11/10,4,143,612090,14,10,2,-12,-85.71,2,-12,-85.71,1,10,1400-10-28,2022-01-18
809,ضشنا2011,اختيارخ شپنا-3500-1401/02/25,4,7,14799000,2410,2140,2109,-301,-12.49,2114,-296,-12.28,2050,2140,1400-10-28,2022-01-18
810,كارا2,صندوق س. كارا -د,4,24300000,24300000,10587,1,1,-10586,-99.99,1,-10586,-99.99,1,1,1400-10-28,2022-01-18
811,صپا ه 18,بار پايه هفته 18صنعتي,3,22000,11230000,520,520,510,-10,-1.92,510,-10,-1.92,510,520,1400-10-28,2022-01-18
812,خعمرا,توسعه و عمران شهرستان نائين,3,1100,7018000,6200,6380,6380,180,2.9,6200,0,0,6380,6380,1400-10-28,2022-01-18
813,ضفلا1164,اختيارخ فولاد-12000-1400/11/24,3,44,3168000,139,72,72,-67,-48.2,72,-67,-48.2,72,72,1400-10-28,2022-01-18
814,وسخوز,شركت س استان خوزستان,3,30000,18090000,634,603,603,-31,-4.89,634,0,0,603,603,1400-10-28,2022-01-18
815,كشم0101پ01,كشمش سبز0101خليل آباد(پ),3,28,17110000,624214,612000,610000,-14214,-2.28,611071,-13143,-2.11,610000,612000,1400-10-28,2022-01-18
816,ضملي1159,اختيارخ فملي-5000-1400/11/03,3,10,35552000,1866,1600,1819,-47,-2.52,1778,-88,-4.72,1600,1819,1400-10-28,2022-01-18
817,ضفلا1161,اختيارخ فولاد-8000-1400/11/24,3,7,14000000,2400,2000,2000,-400,-16.67,2000,-400,-16.67,2000,2000,1400-10-28,2022-01-18
818,تملي711,تسهيلات مسكن ب. ملي-بهمن97,3,42,33899460,849610,807130,807130,-42480,-5,807130,-42480,-5,807130,807130,1400-10-28,2022-01-18
819,ضفلا1165,اختيارخ فولاد-14000-1400/11/24,3,11,245000,29,23,22,-7,-24.14,22,-7,-24.14,22,23,1400-10-28,2022-01-18
820,ضهمن3000,اختيارخ خبهمن-1200-1401/03/11,3,6,4950000,1000,910,400,-600,-60,825,-175,-17.5,400,910,1400-10-28,2022-01-18
821,فسپا2,گروه‌صنعتي‌سپاهان‌,3,34800000,545664000000,16500,15680,15680,-820,-4.97,15680,-820,-4.97,15680,15680,1400-10-28,2022-01-18
822,وسالت,بانك قرض الحسنه رسالت,3,5234,8772184,1628,1676,1676,48,2.95,1676,48,2.95,1676,1676,1400-10-28,2022-01-18
823,پا ه 18,بار پايه هفته 18,3,93000,47430000,510,510,510,0,0,510,0,0,510,510,1400-10-28,2022-01-18
824,كباده,توليد خاك نسوزاستقلال آباده,3,6028,207664600,33450,34450,34450,1000,2.99,34450,1000,2.99,34450,34450,1400-10-28,2022-01-18
825,شسم,توليد سموم‌ علف‌ كش,3,1501,184848150,119600,123150,123150,3550,2.97,123150,3550,2.97,123150,123150,1400-10-28,2022-01-18
826,گپارس,امور رفاهي كارگزاران پارس,2,100,10220000,105350,102200,102200,-3150,-2.99,105350,0,0,102200,102200,1400-10-28,2022-01-18
827,هفارس014,اختيارف ت فارس11832-1401/04/12,2,200000,127200000,505,636,636,131,25.94,636,131,25.94,636,636,1400-10-28,2022-01-18
828,كمان,س.خ.كمان كاريزما 35% تاديه,2,91000,35204931000,386643,386867,386901,258,0.07,386867,224,0.06,386867,386901,1400-10-28,2022-01-18
829,فن آواح,ح.گروه فن آوا,2,1188,10252440,8890,8630,8630,-260,-2.92,8630,-260,-2.92,8630,8630,1400-10-28,2022-01-18
830,ضاريان1200,اختيارخ آريان-10000-14001211,2,11,33000000,5000,3000,3000,-2000,-40,3000,-2000,-40,3000,3000,1400-10-28,2022-01-18
831,فنرژي,گسترش صنايع انرژي آذرآب,2,1250,10537500,8600,8430,8430,-170,-1.98,8430,-170,-1.98,8430,8430,1400-10-28,2022-01-18
832,وخاور2,بانك خاورميانه,2,10000000,49200000000,4977,4920,4920,-57,-1.15,4920,-57,-1.15,4920,4920,1400-10-28,2022-01-18
833,آگاس2,صندوق س.هستي بخش آگاه-س,2,600000,600000,73294,1,1,-73293,-100,1,-73293,-100,1,1,1400-10-28,2022-01-18
834,تملي802,تسهيلات مسكن ب. ملي-ارديبهشت98,2,8,6473840,851821,809230,809230,-42591,-5,809230,-42591,-5,809230,809230,1400-10-28,2022-01-18
835,اراد61,مرابحه عام دولت61-ش.خ0309,2,8000,8000000000,1000000,1000000,1000000,0,0,1000000,0,0,1000000,1000000,1400-10-28,2022-01-18
836,طفلا1163,اختيارف فولاد-10000-1400/11/24,2,2,1400000,166,900,500,334,201.2,700,534,321.69,500,900,1400-10-28,2022-01-18
837,اخزا0082,اسنادخزانه-م8بودجه00-030919,2,401256,214657669000,531710,536500,531500,-210,-0.04,534964,3254,0.61,531500,536500,1400-10-28,2022-01-18
838,دمعيار,صندوق س. توازن معيار-د,2,11000,107280000,9780,9780,9750,-30,-0.31,9753,-27,-0.28,9750,9780,1400-10-28,2022-01-18
839,ولانا,شركت ليزينگ آريا دانا,2,1676,17296320,10630,10320,10320,-310,-2.92,10630,0,0,10320,10320,1400-10-28,2022-01-18
840,شتولي,تولي‌پرس‌,2,270,5035500,19000,18650,18650,-350,-1.84,18650,-350,-1.84,18650,18650,1400-10-28,2022-01-18
841,ضذوب3001,اختيارخ ذوب-2500-1401/03/04,2,2,1580000,871,800,780,-91,-10.45,790,-81,-9.3,780,800,1400-10-28,2022-01-18
842,سپيدما2,صندوق س. سپيد دماوند-د,2,20000000,20000000,11708,1,1,-11707,-99.99,1,-11707,-99.99,1,1,1400-10-28,2022-01-18
843,ضملت3011,اختيارخ وبملت-3000-1401/03/18,2,15,4470000,567,670,112,-455,-80.25,298,-269,-47.44,112,670,1400-10-28,2022-01-18
844,اراد404,مرابحه عام دولت4-ش.خ 0207,2,2094000,1943656035000,1000000,928205,928200,-71800,-7.18,928202,-71798,-7.18,928200,928205,1400-10-28,2022-01-18
845,اراد33,مرابحه عام دولت3-ش.خ 0303,2,2000,1987972000,989990,989990,999980,9990,1.01,993990,4000,0.4,989990,999980,1400-10-28,2022-01-18
846,زير0103پ01,زيره سبز0103كيميابذر(پ),2,50,47500000,999999,950000,950000,-49999,-5,950000,-49999,-5,950000,950000,1400-10-28,2022-01-18
847,سي تيپ2ن01,گواهي سيمان تيپ 2 فارس(ن),2,20000,124700000,5939,6235,6235,296,4.98,6235,296,4.98,6235,6235,1400-10-28,2022-01-18
848,سي تيپ2ن19,گواهي سيمان تيپ2غرب آسيا(ن),2,34000,177548000,5222,5222,5222,0,0,5222,0,0,5222,5222,1400-10-28,2022-01-18
849,تبريز304,مشاركت ش تبريز304-3ماهه18%,2,11000,11000000000,1000000,1000000,1000000,0,0,1000000,0,0,1000000,1000000,1400-10-28,2022-01-18
850,ضفلا1162,اختيارخ فولاد-9000-1400/11/24,2,3,3000000,1001,1000,1000,-1,-0.1,1000,-1,-0.1,1000,1000,1400-10-28,2022-01-18
851,ضپنا2013,اختيارخ رمپنا-14000-1401/02/07,2,6,17700000,4500,2700,3000,-1500,-33.33,2950,-1550,-34.44,2700,3000,1400-10-28,2022-01-18
852,ضجار2009,اختيارخ وتجارت-1200-1401/02/21,2,2,1354000,860,701,653,-207,-24.07,677,-183,-21.28,653,701,1400-10-28,2022-01-18
853,ضفرابورس1200,اختيارخ فرابورس-19000-14001218,2,6,1800000,900,300,300,-600,-66.67,300,-600,-66.67,300,300,1400-10-28,2022-01-18
854,طخود2019,اختيارف خودرو-2500-1401/02/07,2,8,4365000,450,530,555,105,23.33,546,96,21.33,530,555,1400-10-28,2022-01-18
855,سي تيپ2ن06,گواهي سيمان تيپ 2شاهرود(ن),2,40000,219320000,5222,5483,5483,261,5,5483,261,5,5483,5483,1400-10-28,2022-01-18
856,ضپاس2011,اختيارخ وپارس-1600-1401/02/28,2,105,31325000,359,300,265,-94,-26.18,298,-61,-16.99,265,300,1400-10-28,2022-01-18
857,سيلام,سيمان‌ ايلام‌,2,1760,11105600,6640,6310,6310,-330,-4.97,6640,0,0,6310,6310,1400-10-28,2022-01-18
858,هنوري102,اختيارف ت نوري59561-01/02/15,2,60000,60000,1,1,1,0,0,1,0,0,1,1,1400-10-28,2022-01-18
859,طفلا1164,اختيارف فولاد-12000-1400/11/24,2,3,5990000,1443,1990,2000,557,38.6,1997,554,38.39,1990,2000,1400-10-28,2022-01-18
860,نگين,ص.س. زمين و ساختمان نگين شهرري,2,290,15030700,51830,51830,51830,0,0,51830,0,0,51830,51830,1400-10-28,2022-01-18
861,مشهد112,مشاركت ش مشهد112-3ماهه18%,1,500,429975000,819000,859950,859950,40950,5,859950,40950,5,859950,859950,1400-10-28,2022-01-18
862,طجار2012,اختيارف وتجارت-1800-1401/02/21,1,2,200000,70,100,100,30,42.86,100,30,42.86,100,100,1400-10-28,2022-01-18
863,اتكاي2,بيمه اتكايي ايرانيان,1,4400000,44792000000,9980,10180,10180,200,2,10180,200,2,10180,10180,1400-10-28,2022-01-18
864,وشمال,س. چشم انداز توسعه شمال,1,84,5035800,61150,59950,59950,-1200,-1.96,59950,-1200,-1.96,59950,59950,1400-10-28,2022-01-18
865,سي تيپ2ن20,گواهي سيمان تيپ2كوير كاشان(ن),1,54000,267894000,5222,4961,4961,-261,-5,4961,-261,-5,4961,4961,1400-10-28,2022-01-18
866,ضپاس2009,اختيارخ وپارس-1200-1401/02/28,1,3,1950000,736,650,650,-86,-11.68,650,-86,-11.68,650,650,1400-10-28,2022-01-18
867,مصفها203,مشاركت ش اصفهان203-3ماهه18%,1,1000,935000000,920000,935000,935000,15000,1.63,935000,15000,1.63,935000,935000,1400-10-28,2022-01-18
868,ثنام,س ساختماني ب نام آوران مهندسي,1,5000,39900000,8220,7980,7980,-240,-2.92,8220,0,0,7980,7980,1400-10-28,2022-01-18
869,نخو0102پ01,نخود متوسط0102شيري(پ),1,15,5107500,347314,340500,340500,-6814,-1.96,340500,-6814,-1.96,340500,340500,1400-10-28,2022-01-18
870,سفارود,كارخانه فارسيت درود,1,453,5019240,11300,11080,11080,-220,-1.95,11080,-220,-1.95,11080,11080,1400-10-28,2022-01-18
871,فبستم,صنايع ‌بسته‌بندي‌ مشهد,1,50,61450,1194,1229,1229,35,2.93,1229,35,2.93,1229,1229,1400-10-28,2022-01-18
872,سي تيپ2ن15,گواهي سيمان تيپ2قاين(ن),1,25000,137075000,5222,5483,5483,261,5,5483,261,5,5483,5483,1400-10-28,2022-01-18
873,ضملت3012,اختيارخ وبملت-3500-1401/03/18,1,1,200000,100,200,200,100,100,200,100,100,200,200,1400-10-28,2022-01-18
874,اگ001254,گام بانك پارسيان0012,1,950,914850000,955000,963000,963000,8000,0.84,963000,8000,0.84,963000,963000,1400-10-28,2022-01-18
875,ضسپا3012,اختيارخ خساپا-1400-1401/03/25,1,1,400000,424,400,400,-24,-5.66,400,-24,-5.66,400,400,1400-10-28,2022-01-18
876,فسديد,لوله‌وتجهيزات‌ سديد - ورشكسته,1,60,5148000,86650,85800,85800,-850,-0.98,85800,-850,-0.98,85800,85800,1400-10-28,2022-01-18
877,ضسپا3016,اختيارخ خساپا-2500-1401/03/25,1,70,1400000,1,20,20,19,1900,20,19,1900,20,20,1400-10-28,2022-01-18
878,اراد63,مرابحه عام دولت63-ش.خ0309,1,1000,1060000000,1048500,1060000,1060000,11500,1.1,1060000,11500,1.1,1060000,1060000,1400-10-28,2022-01-18
879,سنفت009,سلف موازي استاندارد سنفت009,1,3500,5992000000,1711200,1712000,1712000,800,0.05,1712000,800,0.05,1712000,1712000,1400-10-28,2022-01-18
880,صمعاد407,صكوك اجاره معادن407-3ماهه18%,1,10,10050000,1005000,1005000,1005000,0,0,1005000,0,0,1005000,1005000,1400-10-28,2022-01-18
881,سفاسي,شركت فارسيت اهواز,1,7300,24484200,3457,3354,3354,-103,-2.98,3457,0,0,3354,3354,1400-10-28,2022-01-18
882,صشستا112,صكوك اجاره شستا112-6ماهه18%,1,1200,1200000000,1000000,1000000,1000000,0,0,1000000,0,0,1000000,1000000,1400-10-28,2022-01-18
883,سي تيپ2ن31,گواهي سيمان تيپ2گيلان سبز(ن),1,22000,114884000,5222,5222,5222,0,0,5222,0,0,5222,5222,1400-10-28,2022-01-18
884,اراد35,مرابحه عام دولت3-ش.خ 0103,1,1000,981900000,986500,981900,981900,-4600,-0.47,981900,-4600,-0.47,981900,981900,1400-10-28,2022-01-18
885,ضپاس2013,اختيارخ وپارس-2000-1401/02/28,1,100,10000000,300,100,100,-200,-66.67,100,-200,-66.67,100,100,1400-10-28,2022-01-18
886,ثهام,صندوق س ثروت هامرز-سهام,1,999,10389600,10420,10400,10400,-20,-0.19,10400,-20,-0.19,10400,10400,1400-10-28,2022-01-18
887,سي تيپ2ن13,گواهي سيمان تيپ2بجنورد(ن),1,33000,180939000,5222,5483,5483,261,5,5483,261,5,5483,5483,1400-10-28,2022-01-18
888,داراب,پتروشيمي داراب,1,3000,6348000,2227,2116,2116,-111,-4.98,2227,0,0,2116,2116,1400-10-28,2022-01-18
889,صينا205,صكوك منفعت سينا دارو-3ماهه 19%,1,6000,6000000000,1000000,1000000,1000000,0,0,1000000,0,0,1000000,1000000,1400-10-28,2022-01-18
890,صخود401,ص مرابحه خودرو401- 3ماهه 18%,1,1000,930000000,910000,930000,930000,20000,2.2,930000,20000,2.2,930000,930000,1400-10-28,2022-01-18
891,شتهران,داروسازي تهران شيمي,1,7,52500,7360,7500,7500,140,1.9,7500,140,1.9,7500,7500,1400-10-28,2022-01-18
892,اراد954,مرابحه عام دولت95-ش.خ020514,1,249900,231822234000,940000,927660,927660,-12340,-1.31,927660,-12340,-1.31,927660,927660,1400-10-28,2022-01-18
893,سبرق021,سلف موازي برق صادراتي گيلان021,1,516000,99846000000,193100,193500,193500,400,0.21,193500,400,0.21,193500,193500,1400-10-28,2022-01-18
894,تابان04,اجاره تابان سپهر14031126,1,231,226310700,979700,979700,979700,0,0,979700,0,0,979700,979700,1400-10-28,2022-01-18
895,ياقوت2,صندوق س ياقوت آگاه-ثابت,1,10455000,10455000,13995,1,1,-13994,-99.99,1,-13994,-99.99,1,1,1400-10-28,2022-01-18
896,تابان01,اجاره تابان تمدن14021206,1,1000,975940000,965940,975940,975940,10000,1.04,975940,10000,1.04,975940,975940,1400-10-28,2022-01-18
897,پرند,صندوق س. پروژه آرمان پرند مپنا,1,70000,523110000,7542,7473,7473,-69,-0.91,7473,-69,-0.91,7473,7473,1400-10-28,2022-01-18
898,فردا4,صندوق س آواي فرداي زاگرس-ثابت,1,20000000,244560000000,12223,12228,12228,5,0.04,12228,5,0.04,12228,12228,1400-10-28,2022-01-18
899,ضفلا3009,اختيارخ فولاد-7000-1401/03/18,1,1,4000000,4000,4000,4000,0,0,4000,0,0,4000,4000,1400-10-28,2022-01-18
900,طفلا1162,اختيارف فولاد-9000-1400/11/24,1,1,150000,100,150,150,50,50,150,50,50,150,150,1400-10-28,2022-01-18
901,اراد904,مرابحه عام دولت90-ش.خ050217,1,5000000,5000000000000,1000000,1000000,1000000,0,0,1000000,0,0,1000000,1000000,1400-10-28,2022-01-18
902,ضشگويا1201,اختيارخ شگويا-9000-14001222,1,1,1500000,2000,1500,1500,-500,-25,1500,-500,-25,1500,1500,1400-10-28,2022-01-18
903,دسانكوح,ح . داروسازي سبحان انكولوژي,1,10000,106000000,10377,10600,10600,223,2.15,10600,223,2.15,10600,10600,1400-10-28,2022-01-18
904,سي تيپ2ن28,گواهي سيمان تيپ2سپاهان(ن),1,10000,54830000,5222,5483,5483,261,5,5483,261,5,5483,5483,1400-10-28,2022-01-18
905,فكمند,گسترش قطعه سازي كمند,1,155,5029750,33450,32450,32450,-1000,-2.99,33450,0,0,32450,32450,1400-10-28,2022-01-18
906,وبهمن2,سرمايه‌گذاري‌بهمن‌,1,43000000,565450000000,13560,13150,13150,-410,-3.02,13150,-410,-3.02,13150,13150,1400-10-28,2022-01-18
907,اراد874,مرابحه عام دولت87-ش.خ030304,1,305000,283924500000,960490,930900,930900,-29590,-3.08,930900,-29590,-3.08,930900,930900,1400-10-28,2022-01-18
908,سي تيپ2ن04,گواهي سيمان تيپ2فارس نو(ن),1,20000,115780000,5514,5789,5789,275,4.99,5789,275,4.99,5789,5789,1400-10-28,2022-01-18
909,سي تيپ2ن25,گواهي سيمان تيپ2نهاوند(ن),1,20000,107580000,5222,5379,5379,157,3.01,5379,157,3.01,5379,5379,1400-10-28,2022-01-18
910,اراد87,مرابحه عام دولت87-ش.خ030304,1,5000,4772500000,960490,954500,954500,-5990,-0.62,954500,-5990,-0.62,954500,954500,1400-10-28,2022-01-18
911,كمند2,صندوق س. با درآمد ثابت كمند,1,15000000,15000000,10070,1,1,-10069,-99.99,1,-10069,-99.99,1,1,1400-10-28,2022-01-18
912,اراد86,مرابحه عام دولت86-ش.خ020404,1,2000,2000000000,985000,1000000,1000000,15000,1.52,1000000,15000,1.52,1000000,1000000,1400-10-28,2022-01-18
913,سي تيپ2ن29,گواهي سيمان تيپ2فيروزكوه(ن),1,16000,88304000,5257,5519,5519,262,4.98,5519,262,4.98,5519,5519,1400-10-28,2022-01-18
914,اراد84,مرابحه عام دولت84-ش.خ030624,1,1000,989000000,985000,989000,989000,4000,0.41,989000,4000,0.41,989000,989000,1400-10-28,2022-01-18
915,طصاد1113,اختيارف وبصادر-2000-1400/11/06,1,5,750000,200,150,150,-50,-25,150,-50,-25,150,150,1400-10-28,2022-01-18
916,مبين2,مبين انرژي خليج فارس,1,7367840,160029484800,22160,21720,21720,-440,-1.99,21720,-440,-1.99,21720,21720,1400-10-28,2022-01-18
917,پشاهن,توليدي پلاستيك‌ شاهين,1,10,56900,5526,5690,5690,164,2.97,5690,164,2.97,5690,5690,1400-10-28,2022-01-18
918,رتاپ2,تجارت الكترونيك  پارسيان,1,56518463,300000001604,5056,5308,5308,252,4.98,5308,252,4.98,5308,5308,1400-10-28,2022-01-18
919,اراد354,مرابحه عام دولت3-ش.خ 0103,1,300000,294570000000,986500,981900,981900,-4600,-0.47,981900,-4600,-0.47,981900,981900,1400-10-28,2022-01-18
920,اخزا907,اسنادخزانه-م7بودجه99-020704,1,3000,2115000000,704200,705000,705000,800,0.11,705000,800,0.11,705000,705000,1400-10-28,2022-01-18
921,تملي805,تسهيلات مسكن ب. ملي-مرداد98,1,7,5409390,813442,772770,772770,-40672,-5,772770,-40672,-5,772770,772770,1400-10-28,2022-01-18
922,بتك,كارخانجات كابل سازي‌ تك‌,1,1000,35300000,34650,35300,35300,650,1.88,34650,0,0,35300,35300,1400-10-28,2022-01-18
923,وسرضوي,س.سهام عدالت استان خراسان رضوي,1,10000,6890000,725,689,689,-36,-4.97,725,0,0,689,689,1400-10-28,2022-01-18
924,خاتم2,صندوق س خاتم ايساتيس پويا-ثابت,1,700000,700000,12668,1,1,-12667,-99.99,1,-12667,-99.99,1,1,1400-10-28,2022-01-18
925,سي تيپ2ن14,گواهي سيمان تيپ2ساوه(ن),1,25000,141825000,5403,5673,5673,270,5,5673,270,5,5673,5673,1400-10-28,2022-01-18
926,طسپا1111,اختيارف خساپا-1400-1400/11/20,1,1,5000,18,5,5,-13,-72.22,5,-13,-72.22,5,5,1400-10-28,2022-01-18
927,سي تيپ2ن22,گواهي سيمان تيپ2كردستان(ن),1,10000,54830000,5222,5483,5483,261,5,5483,261,5,5483,5483,1400-10-28,2022-01-18
928,شكف,كف,1,100,6785000,69200,67850,67850,-1350,-1.95,67850,-1350,-1.95,67850,67850,1400-10-28,2022-01-18
929,ملت2,بيمه ملت,1,68700000,85188000000,1246,1240,1240,-6,-0.48,1240,-6,-0.48,1240,1240,1400-10-28,2022-01-18
930,حاريا,كشتيراني آريا,1,462,5086620,11230,11010,11010,-220,-1.96,11010,-220,-1.96,11010,11010,1400-10-28,2022-01-18
931,اراد944,مرابحه عام دولت94-ش.خ030816,1,500000,460740000000,921000,921480,921480,480,0.05,921480,480,0.05,921480,921480,1400-10-28,2022-01-18
