,نماد,نام,تعداد,حجم,ارزش,دیروز,اولین,آخرین معامله - مقدار,آخرین معامله - تغییر,آخرین معامله - درصد,قیمت پایانی - مقدار,قیمت پایانی - تغییر,قیمت پایانی - درصد,کمترین,بیشترین,تاریخ,gregorian_date
0,پالايش,صندوق پالايشي يكم-سهام,20057,20842473,1431137485840,68090,68000,68800,710,1.04,68660,570,0.84,68000,69480,1400-8-4,2021-10-26
1,فسبزوار,پارس فولاد سبزوار,13485,7668403,266112624690,34370,34500,34890,520,1.51,34700,330,0.96,34320,35000,1400-8-4,2021-10-26
2,فجهان,مجتمع جهان فولاد سيرجان,13240,37925689,222612546400,5901,5840,5902,1,0.02,5870,-31,-0.53,5830,5990,1400-8-4,2021-10-26
3,توسن,توسعه سامانه ي نرم افزاري نگين,12853,4816467,72951395212,15113,15120,15122,9,0.06,15146,33,0.22,15120,15330,1400-8-4,2021-10-26
4,شپنا,پالايش نفت اصفهان,11803,79568913,857749524900,10790,10610,10790,0,0,10780,-10,-0.09,10480,10960,1400-8-4,2021-10-26
5,دارا يكم,صندوق واسطه گري مالي يكم-سهام,11787,6408354,706182236870,109690,110100,109880,190,0.17,110200,510,0.46,109050,111700,1400-8-4,2021-10-26
6,فولاد,فولاد مباركه اصفهان,10262,89600552,990346036780,10960,10800,11070,110,1,11050,90,0.82,10770,11180,1400-8-4,2021-10-26
7,كيمياتك,آريان كيميا تك,9670,2251839,59426212180,26140,26000,26240,100,0.38,26390,250,0.96,26000,27090,1400-8-4,2021-10-26
8,كرمان,س. توسعه و عمران استان كرمان,8861,318911583,323268366558,973,973,1008,35,3.6,1014,41,4.21,970,1021,1400-8-4,2021-10-26
9,شبندر,پالايش نفت بندرعباس,8239,95641499,580735763090,6040,6000,6090,50,0.83,6070,30,0.5,5960,6230,1400-8-4,2021-10-26
10,خودرو,ايران‌ خودرو,8220,231812369,393524334595,1679,1671,1680,1,0.06,1698,19,1.13,1670,1729,1400-8-4,2021-10-26
11,كمند,صندوق س. با درآمد ثابت كمند,7765,366614746,3704367033517,10100,10104,10105,5,0.05,10104,4,0.04,10104,10106,1400-8-4,2021-10-26
12,مديريت,س. و خدمات مديريت صند. ب كشوري,7601,6065968,52258647674,8569,8431,8600,31,0.36,8615,46,0.54,8400,8810,1400-8-4,2021-10-26
13,فملي,ملي‌ صنايع‌ مس‌ ايران‌,7442,49014979,643424002680,13090,12960,13150,60,0.46,13130,40,0.31,12770,13300,1400-8-4,2021-10-26
14,تپكو,توليدتجهيزات‌سنگين‌هپكو,7080,127991127,366591861289,2873,2920,2850,-23,-0.8,2864,-9,-0.31,2787,2950,1400-8-4,2021-10-26
15,شفن,پتروشيمي فناوران,6918,2256778,911210113920,423770,402590,402600,-21170,-5,403770,-20000,-4.72,402590,415740,1400-8-4,2021-10-26
16,خساپا,سايپا,6723,182500946,283794975421,1551,1537,1539,-12,-0.77,1555,4,0.26,1534,1592,1400-8-4,2021-10-26
17,شاراك,پتروشيمي شازند,6700,24842972,1136532654740,47670,45290,46370,-1300,-2.73,45750,-1920,-4.03,45290,47810,1400-8-4,2021-10-26
18,شتران,پالايش نفت تهران,6653,61929095,282646347244,4510,4500,4527,17,0.38,4564,54,1.2,4460,4625,1400-8-4,2021-10-26
19,كدما,معدني‌ دماوند,6005,3920989,359076846800,98170,93260,89910,-8260,-8.41,91580,-6590,-6.71,88770,94700,1400-8-4,2021-10-26
20,غگيلا,شيرپاستوريزه پگاه گيلان,5917,8781287,176606631473,20448,20279,19426,-1022,-5,20112,-336,-1.64,19426,21390,1400-8-4,2021-10-26
21,ثبهساز,بهساز كاشانه تهران,5422,42933612,69339971938,1560,1520,1638,78,5,1615,55,3.53,1520,1638,1400-8-4,2021-10-26
22,خگستر,گسترش‌سرمايه‌گذاري‌ايران‌خودرو,5311,141241099,285017901445,2023,2010,1991,-32,-1.58,2018,-5,-0.25,1980,2070,1400-8-4,2021-10-26
23,وپارس,بانك‌پارسيان‌,5045,321021724,695441836092,2279,2166,2166,-113,-4.96,2166,-113,-4.96,2166,2195,1400-8-4,2021-10-26
24,فروي,ذوب روي اصفهان,4461,11848879,294239847256,25972,24674,24674,-1298,-5,24833,-1139,-4.39,24674,25760,1400-8-4,2021-10-26
25,كاما,باما,4442,29918404,244881193260,8420,8120,8140,-280,-3.33,8180,-240,-2.85,8050,8420,1400-8-4,2021-10-26
26,وتجارت,بانك تجارت,4442,94375408,171599022446,1832,1801,1810,-22,-1.2,1818,-14,-0.76,1800,1860,1400-8-4,2021-10-26
27,امين,تامين سرمايه امين,4342,9590285,115259477230,12300,12360,11690,-610,-4.96,12020,-280,-2.28,11690,12450,1400-8-4,2021-10-26
28,حفاري,حفاري شمال,4290,48643926,229101309550,4940,4700,4700,-240,-4.86,4710,-230,-4.66,4700,4890,1400-8-4,2021-10-26
29,سپيد,سپيد ماكيان,4285,1890541,101642560260,53380,52600,54400,1020,1.91,53760,380,0.71,52400,55100,1400-8-4,2021-10-26
30,كيان,صندوق س. با درآمد ثابت كيان,4165,52238541,1631667120365,31218,31235,31236,18,0.06,31235,17,0.05,31234,31237,1400-8-4,2021-10-26
31,كماسه,تامين‌ ماسه‌ ريخته‌گري‌,4161,62786467,355170482750,5400,5670,5670,270,5,5660,260,4.81,5460,5670,1400-8-4,2021-10-26
32,گدنا,تهيه توزيع غذاي دنا آفرين فدك,4152,2186429,31891024251,14949,14294,14440,-509,-3.4,14586,-363,-2.43,14202,15400,1400-8-4,2021-10-26
33,نوري,پتروشيمي نوري,4128,2796907,298607003900,103670,103700,107700,4030,3.89,106760,3090,2.98,103700,108000,1400-8-4,2021-10-26
34,شلرد,كود شيميايي اوره لردگان,4067,41548604,407537363077,10117,9612,9890,-227,-2.24,9809,-308,-3.04,9612,10300,1400-8-4,2021-10-26
35,سپيدار,سپيدار سيستم آسيا,4046,1421040,25547438773,17787,17121,18139,352,1.98,17978,191,1.07,17121,18280,1400-8-4,2021-10-26
36,وهامون,سرمايه گذاري هامون صبا,3991,8921060,24738204595,2792,2810,2745,-47,-1.68,2773,-19,-0.68,2740,2834,1400-8-4,2021-10-26
37,وخارزم,سرمايه گذاري خوارزمي,3934,63569762,266973998025,4354,4200,4137,-217,-4.98,4200,-154,-3.54,4137,4310,1400-8-4,2021-10-26
38,آريا,پليمر آريا ساسول,3871,1454712,154065693543,104362,106000,107200,2838,2.72,105908,1546,1.48,104362,108500,1400-8-4,2021-10-26
39,فاذر,صنايع‌ آذرآب‌,3693,163166589,146594771722,940,893,895,-45,-4.79,898,-42,-4.47,893,930,1400-8-4,2021-10-26
40,تسه0007,امتيازتسهيلات مسكن مهر1400,3636,93605,64692911059,679217,687002,680000,783,0.12,691127,11910,1.75,655005,700000,1400-8-4,2021-10-26
41,بوعلي,پتروشيمي بوعلي سينا,3619,1542928,109762659010,69500,71000,71880,2380,3.42,71140,1640,2.36,70580,72500,1400-8-4,2021-10-26
42,خزر,فنرسازي‌زر,3507,13130957,162225505380,12360,11930,12030,-330,-2.67,12350,-10,-0.08,11860,12900,1400-8-4,2021-10-26
43,شپديس,پتروشيمي پرديس,3313,2516931,451759592790,172480,170000,177680,5200,3.01,179490,7010,4.06,168200,181100,1400-8-4,2021-10-26
44,شغدير,پتروشيمي غدير,3260,1427467,143107822250,99040,95000,99600,560,0.57,100250,1210,1.22,95000,103990,1400-8-4,2021-10-26
45,ومدير,گ.مديريت ارزش سرمايه ص ب كشوري,3258,6228025,26751586021,4292,4251,4261,-31,-0.72,4295,3,0.07,4232,4381,1400-8-4,2021-10-26
46,خبهمن,گروه‌بهمن‌,3252,121809857,197512726944,1642,1621,1612,-30,-1.83,1621,-21,-1.28,1605,1669,1400-8-4,2021-10-26
47,غزر,صنعتي زر ماكارون,3240,3151488,35162259540,10950,10830,11140,190,1.74,11150,200,1.83,10830,11490,1400-8-4,2021-10-26
48,وبصادر,بانك صادرات ايران,3172,83075310,150059722684,1835,1800,1799,-36,-1.96,1806,-29,-1.58,1771,1865,1400-8-4,2021-10-26
49,شاروم,پتروشيمي اروميه,3144,1543699,21551431135,13794,13801,13825,31,0.22,13961,167,1.21,13774,14324,1400-8-4,2021-10-26
50,خپارس,پارس‌ خودرو,3078,107024535,110182540281,1031,1010,1030,-1,-0.1,1030,-1,-0.1,1010,1049,1400-8-4,2021-10-26
51,ذوب,سهامي ذوب آهن  اصفهان,3076,48606574,181630429800,3723,3620,3752,29,0.78,3737,14,0.38,3593,3783,1400-8-4,2021-10-26
52,لطيف,محصولات كاغذي لطيف,3065,621494,23169826023,36992,36160,37774,782,2.11,37281,289,0.78,36160,37840,1400-8-4,2021-10-26
53,فگستر,گسترش صنايع روي ايرانيان,3028,3062012,33130176626,11234,10673,10673,-561,-4.99,10820,-414,-3.69,10673,11300,1400-8-4,2021-10-26
54,ولكار,ليزينگ كارآفرين,2974,2114825,9196408884,4287,4211,4350,63,1.47,4324,37,0.86,4211,4392,1400-8-4,2021-10-26
55,تسه0006,امتيازتسهيلات مسكن شهريور1400,2965,153030,105135353383,692739,710000,680000,-12739,-1.84,687024,-5715,-0.82,665101,710000,1400-8-4,2021-10-26
56,ثاميد,توسعه و عمران اميد,2951,15158291,21522143883,1397,1400,1421,24,1.72,1420,23,1.65,1380,1445,1400-8-4,2021-10-26
57,كزغال,زغال سنگ پروده طبس,2933,1336105,42547546396,31138,30800,32590,1452,4.66,31844,706,2.27,30800,32694,1400-8-4,2021-10-26
58,ثشاهد,سرمايه‌ گذاري‌ شاهد,2933,12797318,148592239120,12510,12100,11500,-1010,-8.07,11610,-900,-7.19,11500,12100,1400-8-4,2021-10-26
59,آبادا,توليد نيروي برق آبادان,2928,2580301,39185952300,15260,15260,15150,-110,-0.72,15190,-70,-0.46,14800,15400,1400-8-4,2021-10-26
60,ورازي,بيمه رازي,2903,106320469,213513600698,2089,1985,2010,-79,-3.78,2008,-81,-3.88,1985,2080,1400-8-4,2021-10-26
61,صبا,سرمايه گذاري صبا تامين,2849,14867323,90784210501,6043,6020,6069,26,0.43,6095,52,0.86,6020,6209,1400-8-4,2021-10-26
62,چخزر,صنايع چوب خزر كاسپين,2840,725681,20527923262,29193,28260,28025,-1168,-4,28288,-905,-3.1,27823,29100,1400-8-4,2021-10-26
63,اپال,فرآوري معدني اپال كاني پارس,2829,2712397,55918111700,19850,20390,20780,930,4.69,20180,330,1.66,20000,20830,1400-8-4,2021-10-26
64,ولپارس,ليزينگ پارسيان,2828,7567500,30397447437,4073,3958,4000,-73,-1.79,4017,-56,-1.37,3930,4135,1400-8-4,2021-10-26
65,هاي وب,داده گسترعصرنوين-هاي وب,2813,22975455,191064793480,8530,8250,8210,-320,-3.75,8320,-210,-2.46,8150,8540,1400-8-4,2021-10-26
66,ماديرا,صنايع ماديران,2812,40798658,266520981563,6863,6520,6520,-343,-5,6533,-330,-4.81,6520,6670,1400-8-4,2021-10-26
67,امين يكم,صندوق درآمد ثابت امين يكم فردا,2809,73655755,737885862625,10014,10020,10017,3,0.03,10018,4,0.04,10016,10020,1400-8-4,2021-10-26
68,فاسمين,كالسيمين‌,2806,20951642,380372459440,17430,17100,18120,690,3.96,18150,720,4.13,17100,18300,1400-8-4,2021-10-26
69,غكورش,صنعت غذايي كورش,2785,1812255,81306821710,44490,43560,44400,-90,-0.2,44860,370,0.83,43560,45900,1400-8-4,2021-10-26
70,فتوسا,توليد و توسعه سرب روي ايرانيان,2651,1590954,17940555100,11657,11100,11200,-457,-3.92,11277,-380,-3.26,11075,11829,1400-8-4,2021-10-26
71,وسپهر,سرمايه گذاري مالي سپهرصادرات,2647,10248067,72424772798,7075,7075,7066,-9,-0.13,7068,-7,-0.1,7066,7139,1400-8-4,2021-10-26
72,شگويا,پتروشيمي تندگويان,2612,10327648,112461992612,10714,10690,10772,58,0.54,10889,175,1.63,10540,11100,1400-8-4,2021-10-26
73,زاگرس,پتروشيمي زاگرس,2607,852457,248269192054,291369,280010,292900,1531,0.53,291240,-129,-0.04,276850,299900,1400-8-4,2021-10-26
74,چكاپا,گروه صنايع كاغذ پارس,2602,35799402,106479427397,3025,3005,2930,-95,-3.14,2974,-51,-1.69,2874,3070,1400-8-4,2021-10-26
75,حكشتي,كشتيراني جمهوري اسلامي ايران,2576,13356006,175481457560,13220,13000,13140,-80,-0.61,13140,-80,-0.61,12800,13470,1400-8-4,2021-10-26
76,پترول,گ.س.وت.ص.پتروشيمي خليج فارس,2450,21736248,65797557452,3050,2970,3021,-29,-0.95,3032,-18,-0.59,2970,3083,1400-8-4,2021-10-26
77,وكبهمن,مديريت سرمايه گذاري كوثربهمن,2413,563490,5838885386,10548,10220,10236,-312,-2.96,10470,-78,-0.74,10210,10550,1400-8-4,2021-10-26
78,بپيوند,برق و انرژي پيوندگستر پارس,2401,1154535,10927220720,9458,9457,9430,-28,-0.3,9463,5,0.05,9300,9720,1400-8-4,2021-10-26
79,زملارد,كشاورزي و دامپروري ملارد شير,2323,315330,6410534651,20471,20100,20150,-321,-1.57,20405,-66,-0.32,20000,20800,1400-8-4,2021-10-26
80,رافزا,رايان هم افزا,2315,546575,34750592891,66350,64110,63038,-3312,-4.99,63579,-2771,-4.18,63033,67470,1400-8-4,2021-10-26
81,خنصير,مهندسي‌نصيرماشين‌,2286,10393047,247730527240,24530,23500,23310,-1220,-4.97,23840,-690,-2.81,23310,24970,1400-8-4,2021-10-26
82,سيتا,سرمايه گذاري سيمان تامين,2286,2421789,23708645870,9800,9560,9690,-110,-1.12,9790,-10,-0.1,9560,9930,1400-8-4,2021-10-26
83,كاوه,فولاد كاوه جنوب كيش,2276,8951262,137989041220,15620,15020,15350,-270,-1.73,15420,-200,-1.28,15000,15990,1400-8-4,2021-10-26
84,فسرب,ملي‌ سرب‌وروي‌ ايران‌,2263,3656949,253058608580,72580,68960,69700,-2880,-3.97,69200,-3380,-4.66,68960,70900,1400-8-4,2021-10-26
85,اعتماد,صندوق س.اعتماد آفرين پارسيان-د,2227,32750900,1295955133660,39549,39570,39572,23,0.06,39570,21,0.05,39569,39574,1400-8-4,2021-10-26
86,ونوين,بانك‌اقتصادنوين‌,2221,62814929,207227473953,3407,3237,3275,-132,-3.87,3299,-108,-3.17,3237,3407,1400-8-4,2021-10-26
87,شخارك,پتروشيمي‌ خارك‌,2215,4911074,292212633040,62470,59350,59450,-3020,-4.83,59500,-2970,-4.75,59350,61000,1400-8-4,2021-10-26
88,بگيلان,توسعه مسير برق گيلان,2097,566197,8510129950,15475,14981,15001,-474,-3.06,15329,-146,-0.94,14981,15321,1400-8-4,2021-10-26
89,خكمك,كمك‌فنرايندامين‌,2095,10125377,218870297080,20740,21760,20900,160,0.77,21620,880,4.24,20770,21770,1400-8-4,2021-10-26
90,آپ,آسان پرداخت پرشين,2086,17408762,189834506320,11300,10790,11080,-220,-1.95,10900,-400,-3.54,10740,11250,1400-8-4,2021-10-26
91,رانفور,خدمات‌انفورماتيك‌,2056,69515053,309461817738,4397,4365,4616,219,4.98,4452,55,1.25,4178,4616,1400-8-4,2021-10-26
92,پتاير,ايران‌ تاير,1971,40829848,89400606462,2289,2175,2175,-114,-4.98,2190,-99,-4.33,2175,2250,1400-8-4,2021-10-26
93,قثابت,قند ثابت‌ خراسان‌,1967,54824771,130028331536,2486,2362,2362,-124,-4.99,2372,-114,-4.59,2362,2418,1400-8-4,2021-10-26
94,پارند,صندوق س. پارند پايدار سپهر,1964,80259073,811210533444,10101,10108,10108,7,0.07,10107,6,0.06,10107,10108,1400-8-4,2021-10-26
95,وملي,گروه‌ صنعتي‌ ملي‌ (هلدينگ‌,1949,1019880,191338274770,197050,187200,187200,-9850,-5,187610,-9440,-4.79,187200,192000,1400-8-4,2021-10-26
96,غگل,گلوكوزان‌,1932,45040932,143780640629,3070,3029,3223,153,4.98,3192,122,3.97,3000,3223,1400-8-4,2021-10-26
97,كفپارس,فرآورده‌هاي‌ نسوز پارس‌,1905,31529673,108748676823,3607,3427,3550,-57,-1.58,3449,-158,-4.38,3427,3600,1400-8-4,2021-10-26
98,غمينو,شركت صنايع غذايي مينو شرق,1893,16442110,78602277092,4972,4724,4830,-142,-2.86,4781,-191,-3.84,4724,4969,1400-8-4,2021-10-26
99,شكام,صنايع شيميايي كيمياگران امروز,1845,5031799,148501622002,30932,29386,29386,-1546,-5,29513,-1419,-4.59,29386,30600,1400-8-4,2021-10-26
100,اتكاي,بيمه اتكايي ايرانيان,1832,112586012,1063469478978,8998,8930,9447,449,4.99,9446,448,4.98,8930,9447,1400-8-4,2021-10-26
101,وغدير,سرمايه‌گذاري‌غدير(هلدينگ‌,1830,7932948,120690247370,15010,14890,15280,270,1.8,15210,200,1.33,14880,15400,1400-8-4,2021-10-26
102,فرابورس,فرابورس ايران,1820,11589149,286807110697,23579,24757,24757,1178,5,24748,1169,4.96,24110,24757,1400-8-4,2021-10-26
103,ختور,رادياتور ايران‌,1783,6799537,115087524870,17400,16600,16590,-810,-4.66,16930,-470,-2.7,16530,18000,1400-8-4,2021-10-26
104,شصدف,صنعتي دوده فام,1758,2511565,76260678193,29008,29510,30458,1450,5,30364,1356,4.67,29510,30458,1400-8-4,2021-10-26
105,سيمرغ,سيمرغ,1730,4687922,96933005700,20860,20800,20500,-360,-1.73,20680,-180,-0.86,20010,21200,1400-8-4,2021-10-26
106,بكام,كارخانجات توليدي شهيد قندي,1727,25489927,50579972400,2052,2020,1954,-98,-4.78,1984,-68,-3.31,1950,2085,1400-8-4,2021-10-26
107,فخوز,فولاد  خوزستان,1726,9037580,144316421450,15900,15800,16000,100,0.63,15970,70,0.44,15800,16150,1400-8-4,2021-10-26
108,وپويا,سرمايه گذاري پويا,1723,4347203,17238041397,3908,3853,3950,42,1.07,3965,57,1.46,3852,4000,1400-8-4,2021-10-26
109,ثفارس,عمران‌وتوسعه‌فارس‌,1711,12763546,128080422060,10480,10300,10090,-390,-3.72,10030,-450,-4.29,9960,10500,1400-8-4,2021-10-26
110,دتوليد,داروسازي توليد دارو,1706,9502626,93863338105,10353,9836,9836,-517,-4.99,9878,-475,-4.59,9836,10349,1400-8-4,2021-10-26
111,شبريز,پالايش نفت تبريز,1705,3340143,117273199610,34990,34790,35390,400,1.14,35110,120,0.34,34000,35900,1400-8-4,2021-10-26
112,اخابر,مخابرات ايران,1658,14099758,102158331230,7430,7160,7180,-250,-3.36,7250,-180,-2.42,7150,7400,1400-8-4,2021-10-26
113,ثتران,سرمايه گذاري مسكن تهران,1588,21037944,91499938041,4531,4350,4305,-226,-4.99,4349,-182,-4.02,4305,4590,1400-8-4,2021-10-26
114,فلوله,لوله‌وماشين‌سازي‌ايران‌,1583,59982889,63144803414,1105,1075,1050,-55,-4.98,1053,-52,-4.71,1050,1087,1400-8-4,2021-10-26
115,بترانس,ايران‌ ترانسفو,1582,25104730,52831595894,2089,2120,2094,5,0.24,2104,15,0.72,2075,2133,1400-8-4,2021-10-26
116,پيزد,مجتمع صنايع لاستيك يزد,1579,369365,19244747838,54148,54900,51442,-2706,-5,52102,-2046,-3.78,51441,54900,1400-8-4,2021-10-26
117,بشهاب,لامپ‌  پارس‌ شهاب‌,1567,1050159,138401562860,126840,132000,128500,1660,1.31,131790,4950,3.9,126210,133180,1400-8-4,2021-10-26
118,افران,صندوق س افرا نماد پايدار-ثابت,1553,48191151,702824680330,14576,14583,14587,11,0.08,14584,8,0.05,14583,14587,1400-8-4,2021-10-26
119,سكارون,سيمان كارون,1529,2324833,147481800899,63525,65430,61620,-1905,-3,63438,-87,-0.14,61620,65430,1400-8-4,2021-10-26
120,فاراك,ماشين‌ سازي‌ اراك‌,1523,34746087,50440442338,1486,1423,1448,-38,-2.56,1452,-34,-2.29,1423,1508,1400-8-4,2021-10-26
121,خزاميا,زامياد,1512,17140851,98790274060,5730,5590,5740,10,0.17,5760,30,0.52,5590,5980,1400-8-4,2021-10-26
122,هرمز,فولاد هرمزگان جنوب,1506,8872554,152955731910,17033,16710,17300,267,1.57,17239,206,1.21,16710,17650,1400-8-4,2021-10-26
123,خفنر,فنرسازي‌خاور,1491,15373824,116832948200,7930,7600,7540,-390,-4.92,7600,-330,-4.16,7540,7890,1400-8-4,2021-10-26
124,شفارس,صنايع‌ شيميايي‌ فارس‌,1458,54257121,70097568111,1357,1290,1290,-67,-4.94,1292,-65,-4.79,1290,1320,1400-8-4,2021-10-26
125,كرازي,كارخانجات‌توليدي‌شيشه‌رازي‌,1457,41164464,50349770069,1199,1173,1236,37,3.09,1223,24,2,1173,1249,1400-8-4,2021-10-26
126,شيران,س. صنايع‌شيميايي‌ايران,1454,4303605,86300813310,20300,19600,20000,-300,-1.48,20050,-250,-1.23,19600,20440,1400-8-4,2021-10-26
127,دماوند,توليد نيروي برق دماوند,1435,3165526,61559260191,20027,20400,19026,-1001,-5,19447,-580,-2.9,19026,20400,1400-8-4,2021-10-26
128,وسكرمان,س.سهام عدالت استان كرمان,1419,90340430,39583441699,441,435,440,-1,-0.23,438,-3,-0.68,430,445,1400-8-4,2021-10-26
129,غسالم,سالمين‌,1406,22324786,59477142282,2564,2450,2692,128,4.99,2664,100,3.9,2450,2692,1400-8-4,2021-10-26
130,كقزوي,شيشه‌ قزوين‌,1384,19705808,172887517736,8584,8790,8841,257,2.99,8773,189,2.2,8500,8841,1400-8-4,2021-10-26
131,سرو,صندوق س سروسودمند مدبران-سهام,1359,1437138,105700142630,73140,73580,73210,70,0.1,73550,410,0.56,73010,74110,1400-8-4,2021-10-26
132,شسپا,نفت سپاهان,1356,20360298,67568591078,3288,3290,3313,25,0.76,3316,28,0.85,3250,3360,1400-8-4,2021-10-26
133,ضخود1052,اختيارخ خودرو-2000-1400/10/08,1350,65766,5953065000,98,90,87,-11,-11.22,91,-7,-7.14,87,100,1400-8-4,2021-10-26
134,سامان,بانك سامان,1350,18538876,124797143964,6906,6760,6699,-207,-3,6732,-174,-2.52,6699,6999,1400-8-4,2021-10-26
135,دسانكو,داروسازي سبحان انكولوژي,1314,5302486,78517824343,15009,15300,14259,-750,-5,14808,-201,-1.34,14259,15300,1400-8-4,2021-10-26
136,خمحركه,نيرو محركه‌,1301,12111068,40893766509,3306,3245,3370,64,1.94,3377,71,2.15,3245,3430,1400-8-4,2021-10-26
137,نطرين,عطرين نخ قم,1284,6761245,57888847077,8364,8200,8779,415,4.96,8562,198,2.37,7946,8780,1400-8-4,2021-10-26
138,خكاوه,سايپا ديزل,1264,24474751,88750524064,3534,3617,3512,-22,-0.62,3626,92,2.6,3509,3640,1400-8-4,2021-10-26
139,فجر,فولاد اميركبيركاشان,1263,4648705,116652571110,24980,24430,25350,370,1.48,25090,110,0.44,24430,25550,1400-8-4,2021-10-26
140,سنير,سيمان‌ سفيد ني‌ريز,1258,768201,77856013570,105460,103450,100190,-5270,-5,101350,-4110,-3.9,100190,107220,1400-8-4,2021-10-26
141,ثاخت,بين‌المللي‌توسعه‌ساختمان,1254,22996754,42913464805,1891,1816,1850,-41,-2.17,1866,-25,-1.32,1816,1919,1400-8-4,2021-10-26
142,ونيكي,سرمايه‌گذاري‌ ملي‌ايران‌,1249,8649222,89156004000,10820,10290,10280,-540,-4.99,10310,-510,-4.71,10280,10550,1400-8-4,2021-10-26
143,فزرين,زرين معدن آسيا,1248,3723563,52932869162,14017,13740,14278,261,1.86,14216,199,1.42,13740,14478,1400-8-4,2021-10-26
144,كچاد,معدني‌وصنعتي‌چادرملو,1211,5178801,144780170260,27550,27500,28100,550,2,27960,410,1.49,27400,28280,1400-8-4,2021-10-26
145,كحافظح,ح . كاشي‌ وسراميك‌ حافظ‌,1210,20799370,41866323257,1988,2010,2056,68,3.42,2013,25,1.26,1970,2079,1400-8-4,2021-10-26
146,ولملت,واسپاري ملت,1205,25858235,197269114890,7300,6940,7660,360,4.93,7630,330,4.52,6940,7660,1400-8-4,2021-10-26
147,زشريف,كشت وصنعت شريف آباد,1204,17150765,59966814725,3648,3790,3480,-168,-4.61,3496,-152,-4.17,3466,3790,1400-8-4,2021-10-26
148,شلعاب,لعابيران‌,1204,10452371,62978982090,6290,6010,5980,-310,-4.93,6030,-260,-4.13,5980,6250,1400-8-4,2021-10-26
149,گشان,توسعه بين المللي پديده شانديز,1194,2644872,47632403721,18180,17800,18270,90,0.5,18009,-171,-0.94,17635,18370,1400-8-4,2021-10-26
150,كگل,معدني و صنعتي گل گهر,1186,8476548,186429360230,22070,21100,21990,-80,-0.36,21990,-80,-0.36,21100,22500,1400-8-4,2021-10-26
151,ومعادن,توسعه‌معادن‌وفلزات‌,1183,7134971,72637569360,10170,10340,10320,150,1.47,10180,10,0.1,10000,10400,1400-8-4,2021-10-26
152,كروي,توسعه‌ معادن‌ روي‌ ايران‌,1178,2556850,62408776700,24930,23920,24000,-930,-3.73,24410,-520,-2.09,23750,25300,1400-8-4,2021-10-26
153,غمارگ,مارگارين‌,1166,3226912,91075086980,27210,28570,28300,1090,4.01,28220,1010,3.71,27250,28570,1400-8-4,2021-10-26
154,غپينو,پارس‌ مينو,1162,11785536,38760657687,3443,3272,3271,-172,-5,3289,-154,-4.47,3271,3418,1400-8-4,2021-10-26
155,تسه0005,امتيازتسهيلات مسكن مرداد 1400,1158,64330,44210850642,690041,710000,675010,-15031,-2.18,687251,-2790,-0.4,670000,723999,1400-8-4,2021-10-26
156,وصنعت,سرمايه گذاري توسعه صنعت وتجارت,1158,11676376,71479487380,5860,5860,6150,290,4.95,6120,260,4.44,5860,6150,1400-8-4,2021-10-26
157,تاپيكو,س. نفت و گاز و پتروشيمي تأمين,1151,6543763,89367386350,13620,13260,13630,10,0.07,13650,30,0.22,13260,13860,1400-8-4,2021-10-26
158,كوير,توليدي فولاد سپيد فراب كوير,1150,6174164,85735760410,13930,13750,13920,-10,-0.07,13890,-40,-0.29,13710,14100,1400-8-4,2021-10-26
159,ولساپا,ليزينگ رايان‌ سايپا,1149,22356307,57180007895,2597,2600,2536,-61,-2.35,2558,-39,-1.5,2524,2640,1400-8-4,2021-10-26
160,وساخت,سرمايه‌ گذاري‌ ساختمان‌ايران‌,1147,1645272,62167920250,39050,38390,37100,-1950,-4.99,37790,-1260,-3.23,37100,39000,1400-8-4,2021-10-26
161,تكشا,گسترش‌صنايع‌وخدمات‌كشاورزي‌,1137,2920367,113849381950,40910,40000,38870,-2040,-4.99,38980,-1930,-4.72,38870,40000,1400-8-4,2021-10-26
162,غدام,خوراك‌  دام‌ پارس‌,1132,585044,75578359020,135880,129090,129090,-6790,-5,129180,-6700,-4.93,129090,132000,1400-8-4,2021-10-26
163,شاوان,پالايش نفت لاوان,1129,764061,103160596120,132544,130580,134000,1456,1.1,135016,2472,1.87,130580,137500,1400-8-4,2021-10-26
164,سخاش,سيمان‌خاش‌,1127,541275,47186555680,89890,85760,87600,-2290,-2.55,87180,-2710,-3.01,85400,91200,1400-8-4,2021-10-26
165,كوثر,بيمه كوثر,1122,9420068,93784673402,9591,9590,10070,479,4.99,9956,365,3.81,9590,10070,1400-8-4,2021-10-26
166,خرينگ,رينگ‌سازي‌مشهد,1117,1459838,42626833550,29020,28010,29850,830,2.86,29200,180,0.62,27640,30300,1400-8-4,2021-10-26
167,حريل,ريل پردازسير,1114,13443822,39744200044,3064,2935,2950,-114,-3.72,2956,-108,-3.52,2911,3065,1400-8-4,2021-10-26
168,آگاس,صندوق س.هستي بخش آگاه-س,1096,1070032,87095247209,80899,80280,81169,270,0.33,81395,496,0.61,80280,82000,1400-8-4,2021-10-26
169,چدن,توليدي چدن سازان,1095,14976954,42105226907,2905,2891,2830,-75,-2.58,2811,-94,-3.24,2774,2891,1400-8-4,2021-10-26
170,غشصفا,شيرپاستوريزه‌پگاه‌اصفهان‌,1092,2857074,112664694780,40280,41400,38270,-2010,-4.99,39430,-850,-2.11,38270,41400,1400-8-4,2021-10-26
171,كبافق,معادن‌ بافق‌,1087,1743777,62309768100,36780,35000,35470,-1310,-3.56,35730,-1050,-2.85,35000,37150,1400-8-4,2021-10-26
172,شرنگي,شيميايي رنگين,1085,539500,81692778671,153391,145722,158000,4609,3,151423,-1968,-1.28,145722,159840,1400-8-4,2021-10-26
173,ومهان,گروه توسعه مالي مهر آيندگان,1084,5297105,73821004935,14118,13856,13903,-215,-1.52,13936,-182,-1.29,13650,14200,1400-8-4,2021-10-26
174,خمهر,مهركام‌پارس‌,1072,26695547,45114987676,1730,1651,1645,-85,-4.91,1690,-40,-2.31,1644,1752,1400-8-4,2021-10-26
175,ثالوند,سرمايه گذاري مسكن الوند,1071,4915676,65476537274,12854,12869,13083,229,1.78,13320,466,3.63,12530,13496,1400-8-4,2021-10-26
176,بپاس,بيمه پاسارگاد,1060,3602771,232984317312,64697,65600,64700,3,0,64668,-29,-0.04,63000,65600,1400-8-4,2021-10-26
177,وسين,بيمه سينا,1058,20290905,73621236099,3574,3570,3650,76,2.13,3628,54,1.51,3480,3681,1400-8-4,2021-10-26
178,غصينو,صنعتي مينو,1037,5984878,90589316324,15518,15200,14850,-668,-4.3,15136,-382,-2.46,14745,15700,1400-8-4,2021-10-26
179,شبصير,توليدات پتروشيمي قائد بصير,1036,1011496,108772859343,106770,105600,106650,-120,-0.11,107537,767,0.72,105600,109100,1400-8-4,2021-10-26
180,شنفت,نفت‌ پارس‌,1031,11427710,102298576210,8980,9000,8870,-110,-1.22,8950,-30,-0.33,8550,9100,1400-8-4,2021-10-26
181,بالبر,كابل‌ البرز,1029,1741266,47315066930,28470,27050,27050,-1420,-4.99,27170,-1300,-4.57,27050,27900,1400-8-4,2021-10-26
182,سبزوا,سيمان لار سبزوار,1027,16725630,41030109662,2577,2449,2449,-128,-4.97,2453,-124,-4.81,2449,2499,1400-8-4,2021-10-26
183,بجهرم,توسعه مولد نيروگاهي جهرم,1025,13177446,26575699376,2038,1959,2028,-10,-0.49,2017,-21,-1.03,1959,2081,1400-8-4,2021-10-26
184,خراسان,پتروشيمي خراسان,1017,1799307,190130393390,101170,97030,106220,5050,4.99,105670,4500,4.45,97030,106220,1400-8-4,2021-10-26
185,حسير,ريل سير كوثر,1014,3383177,131830907671,40333,40350,39060,-1273,-3.16,38967,-1366,-3.39,38317,41000,1400-8-4,2021-10-26
186,سفانو,سيمان فارس نو,1012,3300022,83005701080,24510,25100,25730,1220,4.98,25150,640,2.61,23550,25730,1400-8-4,2021-10-26
187,پارسان,گسترش نفت و گاز پارسيان,971,4486523,149877435470,32940,32600,33200,260,0.79,33410,470,1.43,32250,34440,1400-8-4,2021-10-26
188,كساپا,سايپاشيشه‌,968,3230419,59694796790,18580,17660,19380,800,4.31,18480,-100,-0.54,17660,19500,1400-8-4,2021-10-26
189,كلر,كلر پارس,961,742105,88229780962,118693,119680,119106,413,0.35,118891,198,0.17,115913,121000,1400-8-4,2021-10-26
190,وكار,بانك‌ كارآفرين‌,955,35567878,103264756993,2851,2900,2880,29,1.02,2903,52,1.82,2803,2970,1400-8-4,2021-10-26
191,ونيرو,سرمايه‌گذاري‌نيرو,942,14317045,28527296114,2054,2008,1980,-74,-3.6,1993,-61,-2.97,1952,2109,1400-8-4,2021-10-26
192,وسكرشا,س.سهام عدالت استان كرمانشاه,940,55788604,24367259957,442,442,440,-2,-0.45,437,-5,-1.13,430,443,1400-8-4,2021-10-26
193,فباهنر,مس‌ شهيدباهنر,937,1957502,53540698990,27040,26870,26990,-50,-0.18,27350,310,1.15,26660,28010,1400-8-4,2021-10-26
194,تپمپي,پمپ‌ سازي‌ ايران‌,929,4726051,76760024280,17040,16500,16190,-850,-4.99,16240,-800,-4.69,16190,17100,1400-8-4,2021-10-26
195,وساپا,سرمايه‌گذاري‌ سايپا,920,9179557,37862209077,4011,3928,4110,99,2.47,4125,114,2.84,3928,4169,1400-8-4,2021-10-26
196,كمرجان,بازرگاني و توليدي مرجان كار,911,884964,55514938797,65820,62529,62529,-3291,-5,62731,-3089,-4.69,62529,64351,1400-8-4,2021-10-26
197,تملت,تامين سرمايه بانك ملت,909,4457505,16146776896,3641,3471,3544,-97,-2.66,3622,-19,-0.52,3471,3765,1400-8-4,2021-10-26
198,ملت,بيمه ملت,906,27771885,31155189762,1132,1110,1115,-17,-1.5,1122,-10,-0.88,1105,1150,1400-8-4,2021-10-26
199,ثنوسا,نوسازي‌وساختمان‌تهران‌,902,12065185,73415306980,6400,6080,6080,-320,-5,6080,-320,-5,6080,6350,1400-8-4,2021-10-26
200,خكار,ايركا پارت صنعت,899,10455264,53133344060,5320,5060,5060,-260,-4.89,5080,-240,-4.51,5060,5230,1400-8-4,2021-10-26
201,وثخوز,سرمايه گذاري و توسعه خوزستان,897,1733179,52995110622,29176,30460,30634,1458,5,30577,1401,4.8,29110,30634,1400-8-4,2021-10-26
202,رمپنا,گروه مپنا (سهامي عام),887,6854966,103054374010,15090,14440,14960,-130,-0.86,15040,-50,-0.33,14440,15440,1400-8-4,2021-10-26
203,خچرخش,چرخشگر,885,5640641,50583039580,9020,8580,8700,-320,-3.55,8970,-50,-0.55,8570,9470,1400-8-4,2021-10-26
204,غويتا,ويتانا,881,9198863,49131160047,5619,5339,5339,-280,-4.98,5341,-278,-4.95,5339,5410,1400-8-4,2021-10-26
205,كسرام,پارس‌ سرام‌,876,10279674,36430821888,3709,3529,3565,-144,-3.88,3544,-165,-4.45,3524,3650,1400-8-4,2021-10-26
206,وبانك,سرمايه گذاري گروه توسعه ملي,873,6922528,57944387320,8400,8270,8400,0,0,8380,-20,-0.24,8270,8530,1400-8-4,2021-10-26
207,ريشمك,توليد و صادرات ريشمك,865,1227309,34865765466,28457,27035,28690,233,0.82,28408,-49,-0.17,27035,29800,1400-8-4,2021-10-26
208,سبهان,سيمان‌ بهبهان‌,864,976038,46269474640,49500,50150,47390,-2110,-4.26,47410,-2090,-4.22,47030,50150,1400-8-4,2021-10-26
209,زنگان,صنعت روي زنگان,864,949033,64129333974,69420,65949,67300,-2120,-3.05,67573,-1847,-2.66,65949,69600,1400-8-4,2021-10-26
210,ودي,بيمه  دي,857,6295764,36712399040,6035,5852,5735,-300,-4.97,5831,-204,-3.38,5734,6158,1400-8-4,2021-10-26
211,وپسا,س. پتروشيمي ساختمان  خليج فارس,854,16900710,35018832989,2054,2115,2075,21,1.02,2072,18,0.88,2010,2115,1400-8-4,2021-10-26
212,زكوثر,سرمايه گذاري كشاورزي كوثر,842,1568115,24947018250,15870,15160,15650,-220,-1.39,15910,40,0.25,15160,16190,1400-8-4,2021-10-26
213,ثعتما,س. ساختماني اعتماد گستر,841,2897014,98729720813,34973,34900,33924,-1049,-3,34080,-893,-2.55,33924,34900,1400-8-4,2021-10-26
214,ويسا,سرمايه گذاري ايساتيس پويا,831,4241243,32590967398,7921,7684,7684,-237,-2.99,7684,-237,-2.99,7684,7750,1400-8-4,2021-10-26
215,تمحركه,ماشين سازي نيرو محركه,831,5448485,115533891992,21291,20653,21929,638,3,21205,-86,-0.4,20653,21929,1400-8-4,2021-10-26
216,ثبات,صندوق س. ثبات ويستا -د,812,39980505,410819637697,10262,10275,10280,18,0.18,10275,13,0.13,10273,10280,1400-8-4,2021-10-26
217,دلر,داروسازي‌ اكسير,802,2230521,103444459900,47350,45110,46010,-1340,-2.83,46380,-970,-2.05,45110,47700,1400-8-4,2021-10-26
218,شيراز,پتروشيمي‌شيراز,801,1494497,123171125490,81660,80000,81000,-660,-0.81,82420,760,0.93,80000,84000,1400-8-4,2021-10-26
219,وپست,پست بانك ايران,798,2952307,60338084500,20790,19830,20930,140,0.67,20440,-350,-1.68,19830,21250,1400-8-4,2021-10-26
220,ختوقا,قطعات‌ اتومبيل‌ ايران‌,798,11448110,22019428647,1947,1882,1890,-57,-2.93,1923,-24,-1.23,1882,1982,1400-8-4,2021-10-26
221,گكوثر,هتل پارسيان كوثر اصفهان,798,17762827,32180942683,1897,1832,1833,-64,-3.37,1812,-85,-4.48,1803,1886,1400-8-4,2021-10-26
222,هماي,صندوق س هماي آگاه-ثابت,779,8107675,81318022839,10023,10025,10030,7,0.07,10030,7,0.07,10025,10030,1400-8-4,2021-10-26
223,پدرخش,درخشان‌ تهران‌,772,1470625,30589275230,21360,20300,20410,-950,-4.45,20800,-560,-2.62,20300,21990,1400-8-4,2021-10-26
224,دتوزيع,توزيع دارو پخش,766,2068431,60633393616,30688,29770,29154,-1534,-5,29314,-1374,-4.48,29154,30683,1400-8-4,2021-10-26
225,فسازان,غلتك سازان سپاهان,763,5063251,133867385520,27820,26430,26430,-1390,-5,26440,-1380,-4.96,26430,26900,1400-8-4,2021-10-26
226,اطلس,صندوق س.توسعه اندوخته آينده-س,761,165289,41046445849,247794,248501,247840,46,0.02,248331,537,0.22,246000,250000,1400-8-4,2021-10-26
227,كالا,بورس كالاي ايران,761,2603403,92967521130,34010,35710,35710,1700,5,35710,1700,5,35710,35710,1400-8-4,2021-10-26
228,پارس,پتروشيمي پارس,758,410631,76035188250,184280,184000,187240,2960,1.61,185020,740,0.4,179740,187320,1400-8-4,2021-10-26
229,توريل,توكاريل,756,3117784,36614691468,12249,11900,11637,-612,-5,11744,-505,-4.12,11637,12368,1400-8-4,2021-10-26
230,پكرمان,گروه‌ صنعتي‌ بارز,741,895318,20183952260,22210,21100,22690,480,2.16,22510,300,1.35,21100,23300,1400-8-4,2021-10-26
231,وسكرد,شركت س استان كردستان,739,39190181,17112387104,440,440,437,-3,-0.68,437,-3,-0.68,428,443,1400-8-4,2021-10-26
232,تاپكيش,تجارت الكترونيك پارسيان كيش,739,3566156,67366733546,19479,19740,18506,-973,-5,18891,-588,-3.02,18506,19740,1400-8-4,2021-10-26
233,وثوق,سرمايه گذاري وثوق امين,735,2585734,34650275717,13476,13880,13072,-404,-3,13401,-75,-0.56,13072,13880,1400-8-4,2021-10-26
234,كيميا,معدني كيمياي زنجان گستران,733,2922856,44902254439,15184,14900,15330,146,0.96,15362,178,1.17,14900,15660,1400-8-4,2021-10-26
235,فولاي,صنايع فولاد آلياژي يزد,724,2026498,33467869962,16521,16890,16670,149,0.9,16515,-6,-0.04,15800,17000,1400-8-4,2021-10-26
236,تسه0004,امتيازتسهيلات مسكن تير1400,719,20448,14122378554,690614,661222,672000,-18614,-2.7,690648,34,0,656101,709980,1400-8-4,2021-10-26
237,شبهرن,نفت‌ بهران‌,718,4306516,50070924600,11670,11400,11750,80,0.69,11630,-40,-0.34,11300,11790,1400-8-4,2021-10-26
238,كاذر,فرآورده‌هاي‌نسوزآذر,717,4657400,55258907590,12410,11880,12220,-190,-1.53,11860,-550,-4.43,11790,12400,1400-8-4,2021-10-26
239,دبالك,مواد اوليه دارويي البرز بالك,717,3153588,26146722071,8656,8226,8224,-432,-4.99,8291,-365,-4.22,8224,8570,1400-8-4,2021-10-26
240,وشهر,بانك شهر,713,9463924,51344274101,5451,5587,5390,-61,-1.12,5425,-26,-0.48,5262,5587,1400-8-4,2021-10-26
241,غشهداب,كشت و صنعت شهداب ناب خراسان,710,9970860,25919077413,2599,2600,2615,16,0.62,2599,0,0,2511,2650,1400-8-4,2021-10-26
242,ستران,سيمان‌ تهران‌,708,1493855,29324915100,20350,19420,19420,-930,-4.57,19630,-720,-3.54,19340,20550,1400-8-4,2021-10-26
243,كسعدي,كاشي‌ سعدي‌,704,3961049,37810053860,10020,9520,9520,-500,-4.99,9550,-470,-4.69,9520,9800,1400-8-4,2021-10-26
244,غبهنوش,بهنوش‌ ايران‌,704,891335,43687411560,51280,49560,48730,-2550,-4.97,49010,-2270,-4.43,48720,51430,1400-8-4,2021-10-26
245,فروس,فروسيليس‌ ايران‌,704,10732951,77882687580,6970,6700,7310,340,4.88,7260,290,4.16,6700,7310,1400-8-4,2021-10-26
246,كترام,توليدي‌ كاشي‌ تكسرام‌,703,1990291,37164817870,19550,18670,18620,-930,-4.76,18670,-880,-4.5,18580,19510,1400-8-4,2021-10-26
247,ثپرديس,سرمايه گذاري مسكن پرديس,702,11919849,55362564752,4880,4636,4670,-210,-4.3,4645,-235,-4.82,4636,4864,1400-8-4,2021-10-26
248,تبرك,گروه كارخانجات صنعتي تبرك,694,2287176,19273465830,8378,8100,8365,-13,-0.16,8427,49,0.58,8100,8690,1400-8-4,2021-10-26
249,دروز,داروسازي‌ روزدارو,694,1958954,80707069880,42220,40520,40650,-1570,-3.72,41200,-1020,-2.42,40110,44200,1400-8-4,2021-10-26
250,دشيمي,شيمي‌ داروئي‌ داروپخش‌,690,2509572,63658635660,24330,24480,25210,880,3.62,25370,1040,4.27,24320,25540,1400-8-4,2021-10-26
251,قتربت,قند تربت حيدريه,680,201420,10714134060,51644,53193,53193,1549,3,53193,1549,3,53193,53193,1400-8-4,2021-10-26
252,حفارس,حمل و نقل بين المللي خليج فارس,667,9854936,33780071720,3564,3390,3386,-178,-4.99,3428,-136,-3.82,3386,3570,1400-8-4,2021-10-26
253,دعبيد,لابراتوارداروسازي‌  دكترعبيدي‌,659,1345294,30406768300,22810,23180,22290,-520,-2.28,22650,-160,-0.7,21810,23410,1400-8-4,2021-10-26
254,فپنتا,سپنتا,650,100446,41175484920,425180,403930,410500,-14680,-3.45,409930,-15250,-3.59,403930,437000,1400-8-4,2021-10-26
255,ضخود1053,اختيارخ خودرو-2500-1400/10/08,649,30604,721155000,24,27,23,-1,-4.17,24,0,0,21,29,1400-8-4,2021-10-26
256,حگردش,ريل گردش ايرانيان,648,10024858,34012570425,3301,3400,3400,99,3,3393,92,2.79,3340,3400,1400-8-4,2021-10-26
257,طلا,صندوق س.پشتوانه طلاي لوتوس,647,436002,36337481625,83771,83998,83960,189,0.23,83342,-429,-0.51,83000,83998,1400-8-4,2021-10-26
258,نهال,صندوق س. طلاي سرخ نوويرا,647,2257543,28529402759,11921,12155,12750,829,6.95,12637,716,6.01,12141,13110,1400-8-4,2021-10-26
259,پسهند,صنايع‌ لاستيكي‌  سهند,646,2209842,49968853360,23650,22530,22840,-810,-3.42,22610,-1040,-4.4,22470,23970,1400-8-4,2021-10-26
260,ساروم,سيمان‌اروميه‌,645,1049377,39566838020,38610,37130,37160,-1450,-3.76,37710,-900,-2.33,37010,38680,1400-8-4,2021-10-26
261,وهور,مديريت انرژي اميد  تابان هور,643,16387187,20475575927,1295,1245,1243,-52,-4.02,1267,-28,-2.16,1231,1288,1400-8-4,2021-10-26
262,سرچشمه,سرمايه گذاري مس سرچشمه,635,5502357,26105841482,4939,4800,4705,-234,-4.74,4744,-195,-3.95,4693,4897,1400-8-4,2021-10-26
263,وثنو,سرمايه گذاري ساختماني نوين,634,10854814,54637739617,4957,4840,5105,148,2.99,5034,77,1.55,4840,5105,1400-8-4,2021-10-26
264,وحكمت,بيمه حكمت صبا,626,7010326,26686707260,3698,3808,3808,110,2.97,3807,109,2.95,3702,3808,1400-8-4,2021-10-26
265,ساوه,سيمان ساوه,621,110273,5406366604,48624,48625,48800,176,0.36,48775,151,0.31,48020,49540,1400-8-4,2021-10-26
266,شپارس,بين‌ المللي‌ محصولات‌  پارس‌,620,2239811,18442790110,8480,8100,8100,-380,-4.48,8230,-250,-2.95,8070,8650,1400-8-4,2021-10-26
267,غالبر,لبنيات‌ كالبر,619,3875781,35886939980,9690,10030,9250,-440,-4.54,9260,-430,-4.44,9210,10030,1400-8-4,2021-10-26
268,ارفع,شركت آهن و فولاد ارفع,616,5725774,85291633766,14885,14800,14890,5,0.03,14896,11,0.07,14450,15100,1400-8-4,2021-10-26
269,آساميد,صندوق س.مشترك آسمان اميد -د,613,23078928,306156180299,13263,13266,13268,5,0.04,13266,3,0.02,13265,13272,1400-8-4,2021-10-26
270,غفارس,شير پاستوريزه پگاه فارس,611,3746054,25462344339,7143,6799,6786,-357,-5,6797,-346,-4.84,6786,7143,1400-8-4,2021-10-26
271,قنيشا,قند  نيشابور,609,726386,25418684650,34160,34360,35570,1410,4.13,34990,830,2.43,33080,35860,1400-8-4,2021-10-26
272,تكمبا,كمباين‌ سازي‌ ايران‌,608,8515908,34515238108,4190,4100,3981,-209,-4.99,4053,-137,-3.27,3981,4300,1400-8-4,2021-10-26
273,ومشان,س. فني و مهندسي مشانير,608,320958,19429084393,61699,59912,60890,-809,-1.31,60535,-1164,-1.89,59912,62065,1400-8-4,2021-10-26
274,فرآور,فرآوري‌موادمعدني‌ايران‌,604,1075839,30503682590,28820,27410,28090,-730,-2.53,28350,-470,-1.63,27410,29390,1400-8-4,2021-10-26
275,ياقوت,صندوق س ياقوت آگاه-ثابت,601,2257708,30316528194,13411,13416,13432,21,0.16,13428,17,0.13,13416,13444,1400-8-4,2021-10-26
276,فنوال,نورد آلومينيوم‌,600,1707793,40301224850,22830,21810,23970,1140,4.99,23600,770,3.37,21810,23970,1400-8-4,2021-10-26
277,قرن,پديده شيمي قرن,598,650545,16300426090,24920,24350,25200,280,1.12,25030,110,0.44,24350,25660,1400-8-4,2021-10-26
278,كلوند,كاشي‌ الوند,597,1262870,26797654330,21340,20550,21000,-340,-1.59,21220,-120,-0.56,20550,22000,1400-8-4,2021-10-26
279,حبندر,دريايي و کشتيراني خط دريابندر,595,3338853,114374235336,35283,34230,34225,-1058,-3,34256,-1027,-2.91,34225,35280,1400-8-4,2021-10-26
280,وتوصا,گروه س توسعه صنعتي ايران,593,5258898,46600468050,8970,8770,8900,-70,-0.78,8860,-110,-1.23,8660,9050,1400-8-4,2021-10-26
281,چكارن,كارتن‌ ايران‌,589,12866950,35706410463,2870,2750,2761,-109,-3.8,2775,-95,-3.31,2750,2830,1400-8-4,2021-10-26
282,لپارس,پارس‌ الكتريك‌,588,582314,77353756570,139670,132800,132690,-6980,-5,132840,-6830,-4.89,132690,135460,1400-8-4,2021-10-26
283,تليسه,دامداري تليسه نمونه,588,6057854,14575416248,2480,2492,2403,-77,-3.1,2406,-74,-2.98,2370,2492,1400-8-4,2021-10-26
284,سفارس,سيمان فارس و خوزستان,584,2007169,34442773020,17350,17000,17020,-330,-1.9,17180,-170,-0.98,16810,17700,1400-8-4,2021-10-26
285,شتوكا,توكا رنگ فولاد سپاهان,583,1531802,46793428209,29135,30000,30591,1456,5,30548,1413,4.85,29970,30591,1400-8-4,2021-10-26
286,شراز,پالايش نفت شيراز,580,429053,50661724024,118791,114011,115767,-3024,-2.55,118078,-713,-0.6,114010,121670,1400-8-4,2021-10-26
287,ساربيل,سيمان آرتا اردبيل,578,1355207,40558309740,31490,29920,29920,-1570,-4.99,29930,-1560,-4.95,29920,30190,1400-8-4,2021-10-26
288,كحافظ,كاشي‌ وسراميك‌ حافظ‌,576,6079890,20419368445,3503,3328,3333,-170,-4.85,3359,-144,-4.11,3328,3510,1400-8-4,2021-10-26
289,تاصيكو,سرمايه گذاري صدرتامين,574,4836307,45027599050,9390,9430,9280,-110,-1.17,9360,-30,-0.32,9110,9430,1400-8-4,2021-10-26
290,غبهار,كشت وصنعت بهاران گلبهار خراسان,573,1750895,24531966091,14333,13910,13904,-429,-2.99,14011,-322,-2.25,13904,14600,1400-8-4,2021-10-26
291,زماهان,مجتمع توليد گوشت مرغ ماهان,569,3339952,24049636048,7550,7173,7173,-377,-4.99,7201,-349,-4.62,7173,7500,1400-8-4,2021-10-26
292,بكهنوج,توليد برق ماهتاب كهنوج,569,12062616,12776403927,1066,1031,1056,-10,-0.94,1060,-6,-0.56,1031,1100,1400-8-4,2021-10-26
293,همراه,شركت ارتباطات سيار ايران,568,2724869,22650316230,8520,8210,8300,-220,-2.58,8480,-40,-0.47,8210,8540,1400-8-4,2021-10-26
294,وپاسار,بانك  پاسارگاد,557,7232478,98848228250,13910,13550,13700,-210,-1.51,13700,-210,-1.51,13550,13710,1400-8-4,2021-10-26
295,فايرا,آلومينيوم‌ايران‌,556,2294959,42060066180,18450,17800,18220,-230,-1.25,18380,-70,-0.38,17690,18870,1400-8-4,2021-10-26
296,آسيا,بيمه آسيا,551,12043718,21238821279,1772,1752,1736,-36,-2.03,1763,-9,-0.51,1735,1827,1400-8-4,2021-10-26
297,خشرق,الكتريك‌ خودرو شرق‌,547,2630867,36316718290,13660,13000,13600,-60,-0.44,13800,140,1.02,13000,14300,1400-8-4,2021-10-26
298,فوكا,فولاد كاويان,547,4815142,67934407599,14405,13973,14245,-160,-1.11,14108,-297,-2.06,13973,14750,1400-8-4,2021-10-26
299,فولاژ,فولاد آلياژي ايران,547,1666068,27643469970,17050,17000,16500,-550,-3.23,16890,-160,-0.94,16470,17000,1400-8-4,2021-10-26
300,كاسپين,داروسازي كاسپين تامين,543,2024466,61268184426,31257,30690,29990,-1267,-4.05,30264,-993,-3.18,29695,31500,1400-8-4,2021-10-26
301,افق,فروشگاههاي زنجيره اي افق كوروش,543,571184,26483677520,47290,47500,45270,-2020,-4.27,46850,-440,-0.93,45120,47500,1400-8-4,2021-10-26
302,سحرخيز,صندوق س. گروه زعفران سحرخيز,539,1106283,13360480660,11170,11400,12287,1117,10,12077,907,8.12,11400,12287,1400-8-4,2021-10-26
303,كرماشا,صنايع پتروشيمي كرمانشاه,536,1381262,68253585150,48760,50000,49100,340,0.7,49400,640,1.31,48020,50750,1400-8-4,2021-10-26
304,سدور,سيمان‌ دورود,534,3788908,23926295320,6600,6410,6270,-330,-5,6310,-290,-4.39,6270,6540,1400-8-4,2021-10-26
305,وسپه,سرمايه‌گذاري‌ سپه‌,533,3408339,27415862550,8040,7810,8070,30,0.37,8040,0,0,7810,8150,1400-8-4,2021-10-26
306,فنورد,نوردوقطعات‌ فولادي‌,531,221039,40644675960,177830,180000,186720,8890,5,183880,6050,3.4,175000,186720,1400-8-4,2021-10-26
307,پاسا,ايران‌ياساتايرورابر,530,1523407,24226236130,16620,15900,15790,-830,-4.99,15900,-720,-4.33,15790,16700,1400-8-4,2021-10-26
308,كنور,توسعه معدني و صنعتي صبانور,527,1505778,27310055970,18060,18480,17980,-80,-0.44,18080,20,0.11,17820,18480,1400-8-4,2021-10-26
309,زكشت,كشاورزي مكانيزه اصفهان كشت,526,1250202,27011269333,20738,20000,21774,1036,5,21606,868,4.19,20000,21774,1400-8-4,2021-10-26
310,سصفها,سيمان‌اصفهان‌,525,542190,20597993800,39710,37730,37730,-1980,-4.99,37990,-1720,-4.33,37730,40000,1400-8-4,2021-10-26
311,تسه9908,امتياز تسهيلات مسكن آبان99,524,15988,10966193975,676355,710000,695000,18645,2.76,685902,9547,1.41,642538,710000,1400-8-4,2021-10-26
312,البرز,بيمه البرز,522,7906267,17949058746,2280,2324,2261,-19,-0.83,2273,-7,-0.31,2232,2334,1400-8-4,2021-10-26
313,دزهراوي,داروسازي‌زهراوي‌,520,2461660,11631628580,4880,4980,4660,-220,-4.51,4740,-140,-2.87,4640,4980,1400-8-4,2021-10-26
314,مبين,مبين انرژي خليج فارس,519,3366762,80052619000,23730,24420,23700,-30,-0.13,23760,30,0.13,23450,24420,1400-8-4,2021-10-26
315,وتوس,توسعه‌شهري‌توس‌گستر,518,2370322,27214502940,11980,11390,11390,-590,-4.92,11480,-500,-4.17,11390,11940,1400-8-4,2021-10-26
316,پرديس,سرمايه گذاري پرديس,515,4742881,24406752360,5100,5100,5150,50,0.98,5150,50,0.98,5070,5290,1400-8-4,2021-10-26
317,وآذر,سرمايه‌گذاري‌توسعه‌آذربايجان‌,514,662939,26399078580,41860,39770,39770,-2090,-4.99,39820,-2040,-4.87,39770,41200,1400-8-4,2021-10-26
318,سمايه,بانك سرمايه,512,7599096,40653160474,5195,5350,5350,155,2.98,5350,155,2.98,5240,5350,1400-8-4,2021-10-26
319,قشكر,شكرشاهرود,509,12520238,34985084238,2753,2720,2819,66,2.4,2794,41,1.49,2720,2840,1400-8-4,2021-10-26
320,سپاها,سيمان‌سپاهان‌,507,2512082,22454638060,9040,8760,8720,-320,-3.54,8940,-100,-1.11,8720,9330,1400-8-4,2021-10-26
321,تسه0003,امتيازتسهيلات مسكن خرداد1400,507,6912,4815379422,687908,689492,695000,7092,1.03,696669,8761,1.27,663280,720000,1400-8-4,2021-10-26
322,شدوص,دوده‌ صنعتي‌ پارس‌,506,1677067,35268928280,20320,20610,20700,380,1.87,21030,710,3.49,20010,21330,1400-8-4,2021-10-26
323,خريخت,صنايع‌ريخته‌گري‌ايران‌,506,6646023,25130193586,3833,3833,3780,-53,-1.38,3781,-52,-1.36,3653,3902,1400-8-4,2021-10-26
324,شكلر,نيروكلر,505,867161,22553153350,27110,26700,26000,-1110,-4.09,26010,-1100,-4.06,25760,26900,1400-8-4,2021-10-26
325,كتوكا,توليدي و خدمات صنايع نسوز توكا,505,2151471,29755962590,14545,13818,13818,-727,-5,13831,-714,-4.91,13818,14080,1400-8-4,2021-10-26
326,غديس,پاكديس,502,1894246,22691285251,12031,12190,11950,-81,-0.67,11979,-52,-0.43,11620,12350,1400-8-4,2021-10-26
327,سهرمز,سيمان‌هرمزگان‌,501,1475642,24972887060,17250,17430,16430,-820,-4.75,16920,-330,-1.91,16390,17670,1400-8-4,2021-10-26
328,ولصنم,ليزينگ‌صنعت‌ومعدن‌,499,6108958,27996515390,4800,4560,4560,-240,-5,4580,-220,-4.58,4560,4880,1400-8-4,2021-10-26
329,شزنگ,تجهيزنيروي‌زنگان‌,495,398152,41821961334,106323,106322,104152,-2171,-2.04,105040,-1283,-1.21,103134,108000,1400-8-4,2021-10-26
330,ثعمرا,عمران و توسعه شاهد,494,3802906,28076147766,7747,7360,7360,-387,-5,7383,-364,-4.7,7360,7600,1400-8-4,2021-10-26
331,خاذين,سايپاآذين‌,492,6631305,16730874379,2519,2420,2544,25,0.99,2523,4,0.16,2420,2599,1400-8-4,2021-10-26
332,دامين,داروسازي‌ امين‌,490,5008293,13434688958,2804,2671,2664,-140,-4.99,2682,-122,-4.35,2664,2800,1400-8-4,2021-10-26
333,زبينا,كشاورزي و دامپروري بينالود,487,7380763,15049095708,2123,2050,2053,-70,-3.3,2039,-84,-3.96,2017,2151,1400-8-4,2021-10-26
334,زدشت,كشت و صنعت دشت خرم دره,487,996970,12517925945,12902,12780,12359,-543,-4.21,12581,-321,-2.49,12351,12910,1400-8-4,2021-10-26
335,جم,پتروشيمي جم,486,1556964,75470066080,48230,49600,48050,-180,-0.37,48420,190,0.39,47020,49600,1400-8-4,2021-10-26
336,حتوكا,حمل‌ونقل‌توكا,481,1600715,20235293230,13270,12610,12610,-660,-4.97,12640,-630,-4.75,12610,12990,1400-8-4,2021-10-26
337,بالاس,مهندسي ساختمان تاسيسات راه آهن,480,579997,19392874224,33750,32250,33200,-550,-1.63,33436,-314,-0.93,32250,34326,1400-8-4,2021-10-26
338,دكپسول,توليد ژلاتين كپسول ايران,480,588205,19072050028,32857,32780,31910,-947,-2.88,32424,-433,-1.32,31500,33550,1400-8-4,2021-10-26
339,شكربن,كربن‌ ايران‌,479,515119,49015173680,95320,91860,95300,-20,-0.02,95150,-170,-0.18,91860,95500,1400-8-4,2021-10-26
340,ونفت,سرمايه‌گذاري‌ صنعت‌ نفت‌,475,2137810,32473969760,15310,14970,15300,-10,-0.07,15190,-120,-0.78,14950,15500,1400-8-4,2021-10-26
341,وصنا,گروه‌صنايع‌بهشهرايران‌,473,3939713,26412918320,6640,6460,6540,-100,-1.51,6700,60,0.9,6460,6910,1400-8-4,2021-10-26
342,فالوم,آلومتك‌,471,1133443,32404186666,28064,28500,28900,836,2.98,28589,525,1.87,27579,28904,1400-8-4,2021-10-26
343,پخش,پخش البرز,470,1071382,27784306928,25894,26035,26169,275,1.06,25933,39,0.15,25250,26830,1400-8-4,2021-10-26
344,دارا,صندوق س. دارا الگوريتم-د,468,9806095,96329290506,9927,9939,9663,-264,-2.66,9823,-104,-1.05,9603,9939,1400-8-4,2021-10-26
345,سفار,سيمان‌فارس‌,466,314729,17895683300,59450,56480,56480,-2970,-5,56860,-2590,-4.36,56480,58970,1400-8-4,2021-10-26
346,رنيك,جنرال مكانيك,465,1143851,14885772495,12624,12555,12950,326,2.58,13014,390,3.09,12507,13240,1400-8-4,2021-10-26
347,وسكاب,س.ص.بازنشستگي كاركنان بانكها,464,7332967,21172916205,2892,2775,2910,18,0.62,2887,-5,-0.17,2775,2932,1400-8-4,2021-10-26
348,تسه0002,امتيازتسهيلاتمسكن ارديبهشت1400,464,9484,6733334475,704792,670001,690000,-14792,-2.1,709968,5176,0.73,670001,739999,1400-8-4,2021-10-26
349,ولغدر,ليزينگ‌خودروغدير,462,2393182,31646565880,13890,13740,13200,-690,-4.97,13220,-670,-4.82,13200,13740,1400-8-4,2021-10-26
350,چفيبر,فيبر ايران‌,461,3135193,18627453970,6240,5930,5930,-310,-4.97,5940,-300,-4.81,5930,6200,1400-8-4,2021-10-26
351,دلقما,دارويي‌ لقمان‌,449,1291921,37496816550,30490,29800,28970,-1520,-4.99,29020,-1470,-4.82,28970,30000,1400-8-4,2021-10-26
352,ارزش,صندوق س ارزش آفرين بيدار-سهام,449,2066106,20005060840,9690,9750,9650,-40,-0.41,9680,-10,-0.1,9600,9820,1400-8-4,2021-10-26
353,بهپاك,صنعتي بهپاك,448,5297259,27227462918,5196,5298,5110,-86,-1.66,5140,-56,-1.08,5002,5340,1400-8-4,2021-10-26
354,سكرد,سيمان كردستان,448,2617765,14227009550,5520,5250,5540,20,0.36,5440,-80,-1.45,5250,5550,1400-8-4,2021-10-26
355,بزاگرس,نيروگاه زاگرس كوثر,446,3449409,12410080995,3712,3590,3557,-155,-4.18,3605,-107,-2.88,3527,3740,1400-8-4,2021-10-26
356,ميهن,بيمه ميهن,446,7541338,16786329432,2316,2229,2201,-115,-4.97,2226,-90,-3.89,2201,2347,1400-8-4,2021-10-26
357,رتاپ,تجارت الكترونيك  پارسيان,445,2698218,14660974620,5390,5440,5460,70,1.3,5430,40,0.74,5360,5550,1400-8-4,2021-10-26
358,شجم,صنايع پتروشيمي تخت جمشيد,445,4012121,48662361047,12204,11601,12500,296,2.43,12129,-75,-0.61,11601,12500,1400-8-4,2021-10-26
359,كيان2,صندوق س. با درآمد ثابت كيان,445,44500000,44500000,31218,1,1,-31217,-100,1,-31217,-100,1,1,1400-8-4,2021-10-26
360,وساغربي,شركت س استان آذربايجان غربي,444,28135118,12289624815,457,436,436,-21,-4.6,448,-9,-1.97,435,443,1400-8-4,2021-10-26
361,ضسپا8041,اختيارخ خساپا-1600-1400/08/26,441,17873,1340544000,86,89,70,-16,-18.6,75,-11,-12.79,62,89,1400-8-4,2021-10-26
362,بنو,بيمه تجارت نو,441,3997995,40048258677,10276,10000,9764,-512,-4.98,10017,-259,-2.52,9763,10300,1400-8-4,2021-10-26
363,خكرمان,گروه اقتصادي كرمان خودرو,439,7103364,18058128693,2580,2510,2511,-69,-2.67,2542,-38,-1.47,2510,2627,1400-8-4,2021-10-26
364,خديزل,بهمن  ديزل,436,652846,30044638530,47722,45336,48000,278,0.58,46021,-1701,-3.56,45336,48980,1400-8-4,2021-10-26
365,ميدكو,توسعه معادن وص.معدني خاورميانه,432,3683541,173133448010,47030,47370,47020,-10,-0.02,47000,-30,-0.06,47000,47370,1400-8-4,2021-10-26
366,وبوعلي,سرمايه‌گذاري‌بوعلي‌,428,4329363,16453473819,3815,3700,3745,-70,-1.83,3800,-15,-0.39,3700,3950,1400-8-4,2021-10-26
367,اپرداز,آتيه داده پرداز,428,1483639,31046661418,20281,20300,21294,1013,4.99,20926,645,3.18,20300,21295,1400-8-4,2021-10-26
368,سلار,شركت سيمان لارستان,427,639311,19431435190,29753,29155,29866,113,0.38,30394,641,2.15,29155,30645,1400-8-4,2021-10-26
369,كپارس,كاشي‌ پارس‌,423,326697,30138522780,96950,92150,92110,-4840,-4.99,92250,-4700,-4.85,92110,94280,1400-8-4,2021-10-26
370,شوينده,مديريت صنعت شوينده ت.ص.بهشهر,423,825315,15375443480,19260,18910,18630,-630,-3.27,18630,-630,-3.27,18310,19200,1400-8-4,2021-10-26
371,سپيدما,صندوق س. سپيد دماوند-د,423,19376928,218456043338,11270,11274,11274,4,0.04,11274,4,0.04,11274,11275,1400-8-4,2021-10-26
372,تيپيكو,سرمايه گذاري دارويي تامين,421,1275561,27863450490,21840,21900,21800,-40,-0.18,21840,0,0,21000,22150,1400-8-4,2021-10-26
373,كپشير,پشم‌شيشه‌ايران‌,421,1252048,16592189180,13830,13230,13140,-690,-4.99,13250,-580,-4.19,13140,13970,1400-8-4,2021-10-26
374,دسبحان,سبحان دارو,420,1388136,21076406690,15630,15500,15630,0,0,15180,-450,-2.88,14850,16200,1400-8-4,2021-10-26
375,وسينا,بانك سينا,419,7858696,17136544461,2157,2199,2175,18,0.83,2175,18,0.83,2131,2255,1400-8-4,2021-10-26
376,مدير,ص.س.مديريت ثروت ص.بازنشستگي-س,418,829541,7743267401,9315,9276,9350,35,0.38,9334,19,0.2,9200,9440,1400-8-4,2021-10-26
377,غگلستا,شير پاستوريزه پگاه گلستان,418,1224604,12726185470,10563,10244,10120,-443,-4.19,10406,-157,-1.49,10037,10700,1400-8-4,2021-10-26
378,جم پيلن,پلي پروپيلن جم - جم پيلن,416,207257,23593855340,114120,111020,115660,1540,1.35,114050,-70,-0.06,109310,115870,1400-8-4,2021-10-26
379,فسپا,گروه‌صنعتي‌سپاهان‌,405,929580,16943099050,18090,17750,18040,-50,-0.28,18230,140,0.77,17750,18650,1400-8-4,2021-10-26
380,سيلام,سيمان‌ ايلام‌,404,2734504,14612074370,5570,5390,5300,-270,-4.85,5340,-230,-4.13,5300,5520,1400-8-4,2021-10-26
381,وايران,ليزينگ ايرانيان,403,4599511,21913553100,4990,4750,4750,-240,-4.81,4760,-230,-4.61,4750,4990,1400-8-4,2021-10-26
382,خمحور,توليدمحورخودرو,401,6789659,17314889365,2644,2513,2512,-132,-4.99,2550,-94,-3.56,2512,2666,1400-8-4,2021-10-26
383,ددام,داروسازي زاگرس فارمد پارس,400,1603137,17664820190,11550,11000,10990,-560,-4.85,11020,-530,-4.59,10980,11250,1400-8-4,2021-10-26
384,وسگيلا,شركت س استان گيلان,397,18175828,7980130734,461,439,438,-23,-4.99,454,-7,-1.52,438,452,1400-8-4,2021-10-26
385,فاهواز,نورد و لوله اهواز,397,5990708,35698952828,6075,5954,5954,-121,-1.99,5959,-116,-1.91,5954,6036,1400-8-4,2021-10-26
386,غگرجي,بيسكويت‌  گرجي‌,395,5807981,12424564573,2117,2100,2126,9,0.43,2137,20,0.94,2100,2190,1400-8-4,2021-10-26
387,پاكشو,گروه صنعتي پاكشو,389,3614687,19835126560,5580,5540,5500,-80,-1.43,5560,-20,-0.36,5410,5590,1400-8-4,2021-10-26
388,كهمدا,شيشه‌ همدان‌,386,1397697,11990222760,8530,8570,8480,-50,-0.59,8570,40,0.47,8280,8790,1400-8-4,2021-10-26
389,لازما,كارخانه هاي صنعتي آزمايش,383,1359439,39522057368,29845,29030,28950,-895,-3,29072,-773,-2.59,28950,29999,1400-8-4,2021-10-26
390,كمنگنز,معادن‌منگنزايران‌,381,427105,27743851730,65380,62260,64520,-860,-1.32,64960,-420,-0.64,62260,66970,1400-8-4,2021-10-26
391,نمرينو,ايران‌ مرينوس‌,379,271750,23775072690,90910,86450,86800,-4110,-4.52,87490,-3420,-3.76,86370,93000,1400-8-4,2021-10-26
392,قصفها,قنداصفهان‌,379,160622,14454459510,90760,91770,91200,440,0.48,89990,-770,-0.85,88320,92500,1400-8-4,2021-10-26
393,خپويش,سازه‌ پويش‌,377,146375,10774804880,76610,72900,72780,-3830,-5,74210,-2400,-3.13,72780,76100,1400-8-4,2021-10-26
394,وتوكا,سرمايه‌گذاري‌توكافولاد(هلدينگ,375,4035786,33569318180,8400,8240,8200,-200,-2.38,8320,-80,-0.95,8200,8580,1400-8-4,2021-10-26
395,غبشهر,صنعتي‌ بهشهر,373,747042,18084422220,23920,24700,23860,-60,-0.25,24100,180,0.75,23570,24780,1400-8-4,2021-10-26
396,خبنيان,بنيان ديزل,369,26131,4226192761,157021,161731,161731,4710,3,158854,1833,1.17,161731,161731,1400-8-4,2021-10-26
397,تسه0001,امتيازتسهيلات مسكن فروردين1400,368,6164,4331772372,695185,729000,728999,33814,4.86,702753,7568,1.09,667225,729000,1400-8-4,2021-10-26
398,غشان,شيرپاستوريزه‌پگاه‌خراسان‌,366,2446198,12134459020,4980,4760,5000,20,0.4,4960,-20,-0.4,4760,5080,1400-8-4,2021-10-26
399,بمپنا,توليد برق عسلويه  مپنا,364,4545410,23205698879,5329,5080,5063,-266,-4.99,5105,-224,-4.2,5063,5211,1400-8-4,2021-10-26
400,كارين,صندوق س نگين سامان-ثابت,364,10615750,106383698636,10015,10021,10022,7,0.07,10021,6,0.06,10020,10023,1400-8-4,2021-10-26
401,ورنا,سرمايه‌گذاري‌ رنا(هلدينگ‌,362,4884811,13116675287,2674,2700,2671,-3,-0.11,2684,10,0.37,2600,2730,1400-8-4,2021-10-26
402,كامياب,صندوق س. كامياب آشنا-د,360,5223614,56206933915,10754,10751,10761,7,0.07,10760,6,0.06,10751,10761,1400-8-4,2021-10-26
403,تنوين,تامين سرمايه نوين,356,1764690,9156445970,5210,5280,5220,10,0.19,5200,-10,-0.19,5030,5370,1400-8-4,2021-10-26
404,فجام,جام‌دارو,354,2282941,11541194540,5150,5080,4980,-170,-3.3,5070,-80,-1.55,4930,5300,1400-8-4,2021-10-26
405,حآفرين,ريل پرداز نو آفرين,354,13326847,67833651230,4848,5090,5090,242,4.99,5090,242,4.99,5090,5090,1400-8-4,2021-10-26
406,سصوفي,سيمان‌ صوفيان‌,353,1061709,16847399440,16130,16030,15770,-360,-2.23,15870,-260,-1.61,15650,16190,1400-8-4,2021-10-26
407,دپارس,پارس‌ دارو,353,616673,19134813410,32530,30910,30920,-1610,-4.95,31030,-1500,-4.61,30910,32010,1400-8-4,2021-10-26
408,تايرا,تراكتورسازي‌ايران‌,352,3256522,75675975360,24440,23220,23370,-1070,-4.38,23240,-1200,-4.91,23220,23880,1400-8-4,2021-10-26
409,ثامان,سامان‌ گستراصفهان‌,350,1223439,11697904010,9440,9030,9640,200,2.12,9540,100,1.06,9030,9880,1400-8-4,2021-10-26
410,لبوتان,گروه‌صنعتي‌بوتان‌,347,438528,18858675040,44880,43020,42650,-2230,-4.97,43000,-1880,-4.19,42640,44680,1400-8-4,2021-10-26
411,سخزر,سيمان‌ خزر,346,1661048,35579453820,22360,22070,21280,-1080,-4.83,21420,-940,-4.2,21250,22720,1400-8-4,2021-10-26
412,پلاسك,پلاسكوكار,346,4196317,21502033610,5380,5120,5120,-260,-4.83,5120,-260,-4.83,5120,5300,1400-8-4,2021-10-26
413,دبالكح,ح.مواد اوليه دارويي البرز بالك,342,1258482,7539966963,6267,5954,5954,-313,-4.99,5991,-276,-4.4,5954,6212,1400-8-4,2021-10-26
414,لخزر,پارس‌ خزر,340,128136,17747554040,137100,130850,137530,430,0.31,138510,1410,1.03,130850,143910,1400-8-4,2021-10-26
415,قلرست,قند لرستان‌,339,650279,13218017350,20880,20670,19840,-1040,-4.98,20400,-480,-2.3,19840,21530,1400-8-4,2021-10-26
416,صايند,صندوق س. گنجينه آينده روشن-د,337,2462880,24829899420,10146,10071,10095,-51,-0.5,10082,-64,-0.63,10060,10148,1400-8-4,2021-10-26
417,وسديد,گروه ‌صنعتي‌سديد,337,5118524,5522887396,1112,1079,1079,-33,-2.97,1098,-14,-1.26,1079,1079,1400-8-4,2021-10-26
418,ثباغ,شهر سازي و خانه سازي باغميشه,333,1340251,12027584984,9176,9180,8804,-372,-4.05,8994,-182,-1.98,8802,9389,1400-8-4,2021-10-26
419,وبيمه,سرمايه‌ گذاري‌ صنعت‌ بيمه‌,330,5101604,8217414511,1599,1590,1596,-3,-0.19,1606,7,0.44,1590,1640,1400-8-4,2021-10-26
420,دارو,كارخانجات‌داروپخش‌,329,883503,25261674330,29950,28580,28800,-1150,-3.84,28590,-1360,-4.54,28460,29800,1400-8-4,2021-10-26
421,وخاور,بانك خاورميانه,324,2724021,14486216570,5350,5180,5230,-120,-2.24,5340,-10,-0.19,5180,5400,1400-8-4,2021-10-26
422,پرداخت,به پرداخت ملت,322,1318452,17521266010,13910,13600,13220,-690,-4.96,13290,-620,-4.46,13220,14150,1400-8-4,2021-10-26
423,تسه9912,امتياز تسهيلات مسكن اسفند99,322,5285,3706975840,691139,690111,698800,7661,1.11,701415,10276,1.49,678800,724000,1400-8-4,2021-10-26
424,غپاك,لبنيات‌ پاك‌,322,974245,12368377110,12860,12310,12770,-90,-0.7,12710,-150,-1.17,12310,12970,1400-8-4,2021-10-26
425,داوه,داروسازي آوه سينا,320,1054909,12203861760,12125,11601,11519,-606,-5,11610,-515,-4.25,11519,12000,1400-8-4,2021-10-26
426,قاسم,قاسم ايران,319,2489942,9648228486,4058,3856,3856,-202,-4.98,3928,-130,-3.2,3856,3999,1400-8-4,2021-10-26
427,خوساز,محورسازان‌ايران‌خودرو,318,3463790,22978269010,6940,6610,6600,-340,-4.9,6630,-310,-4.47,6600,6980,1400-8-4,2021-10-26
428,فافزا,فولاد افزا سپاهان,318,365867,18328596668,50811,50812,49287,-1524,-3,50096,-715,-1.41,49287,51987,1400-8-4,2021-10-26
429,لپيام,گسترش صنايع پيام,317,528190,20840828107,40618,40000,39400,-1218,-3,39457,-1161,-2.86,39400,41000,1400-8-4,2021-10-26
430,آكورد,صندوق س. آرمان آتي كوثر-د,311,5289040,184374449960,34843,34859,34859,16,0.05,34860,17,0.05,34859,34866,1400-8-4,2021-10-26
431,چكاوه,صنايع‌كاغذسازي‌كاوه‌,308,1451101,16536367380,11980,11450,11390,-590,-4.92,11400,-580,-4.84,11390,11700,1400-8-4,2021-10-26
432,كگاز,شيشه‌ و گاز,308,1582009,25307040940,16730,15920,15900,-830,-4.96,16000,-730,-4.36,15900,16400,1400-8-4,2021-10-26
433,انرژي3,سايراشخاص بورس انرژي,307,286314,25765396860,85710,89990,89990,4280,4.99,87410,1700,1.98,89990,89990,1400-8-4,2021-10-26
434,تصميم,صندوق س با درآمد ثابت تصميم,307,2246991,39955415060,17774,17782,17778,4,0.02,17782,8,0.05,17778,17789,1400-8-4,2021-10-26
435,فبيرا,بسته‌ بندي‌ ايران‌,307,4694892,8389697473,1867,1774,1774,-93,-4.98,1796,-71,-3.8,1774,1848,1400-8-4,2021-10-26
436,لسرما,سرما آفرين‌,306,425993,7416464610,17590,17000,17330,-260,-1.48,17500,-90,-0.51,17000,18000,1400-8-4,2021-10-26
437,ضخود1049,اختيارخ خودرو-1400-1400/10/08,306,11875,5124150000,435,445,420,-15,-3.45,432,-3,-0.69,420,460,1400-8-4,2021-10-26
438,زفكا,كشت و دامداري فكا,304,3414280,24566797026,6904,6920,7249,345,5,7195,291,4.21,6920,7249,1400-8-4,2021-10-26
439,خبازرس,بازرسي مهندسي و صنعتي ايران,304,425676,10789257786,25898,25200,25122,-776,-3,25346,-552,-2.13,25122,26125,1400-8-4,2021-10-26
440,كشرق,صنعتي و معدني شمال شرق شاهرود,301,257089,18634632981,75967,72350,72169,-3798,-5,72483,-3484,-4.59,72169,75240,1400-8-4,2021-10-26
441,چافست,افست‌,300,1253198,11895909690,9970,9510,9480,-490,-4.91,9550,-420,-4.21,9480,9700,1400-8-4,2021-10-26
442,ولبهمن,شركت بهمن ليزينگ,300,1606107,10249067950,6369,6360,6500,131,2.06,6377,8,0.13,6200,6600,1400-8-4,2021-10-26
443,واميد,گروه مديريت سرمايه گذاري اميد,299,4014291,50234607840,12500,12500,12640,140,1.12,12510,10,0.08,12350,12750,1400-8-4,2021-10-26
444,زگلدشت,كشت و دام گلدشت نمونه اصفهان,298,1944671,17391797609,9007,8830,9188,181,2.01,8943,-64,-0.71,8560,9190,1400-8-4,2021-10-26
445,غمهرا,توليدي‌مهرام‌,297,268252,12542774830,44850,46800,47090,2240,4.99,46500,1650,3.68,45110,47090,1400-8-4,2021-10-26
446,ثغرب,شركت سرمايه گذاري مسكن شمالغرب,297,1857933,7622592102,4301,4090,4086,-215,-5,4191,-110,-2.56,4086,4266,1400-8-4,2021-10-26
447,مارون,پتروشيمي مارون,296,206906,38004155963,183648,174511,185640,1992,1.08,183660,12,0.01,174500,191500,1400-8-4,2021-10-26
448,غچين,كشت‌ و صنعت‌ چين‌ چين,296,900160,13791723010,15760,15750,14970,-790,-5.01,15340,-420,-2.66,14970,16000,1400-8-4,2021-10-26
449,زشگزا,شير و گوشت زاگرس شهركرد,295,3358089,16337238842,4908,4756,4810,-98,-2,4865,-43,-0.88,4756,4988,1400-8-4,2021-10-26
450,سشرق,سيمان‌ شرق‌,294,2149742,15900398270,7520,7230,7310,-210,-2.79,7400,-120,-1.6,7230,7680,1400-8-4,2021-10-26
451,درهآور,دارويي ره آورد تامين,291,466168,10638432466,23221,23000,22720,-501,-2.16,22917,-304,-1.31,22091,23570,1400-8-4,2021-10-26
452,بنيرو,نيروترانس‌,289,4300638,8097631248,1960,1869,1863,-97,-4.95,1914,-46,-2.35,1862,1958,1400-8-4,2021-10-26
453,والبر,سرمايه‌ گذاري‌ البرز(هلدينگ‌,289,877007,7347618730,8690,8450,8380,-310,-3.57,8610,-80,-0.92,8290,8560,1400-8-4,2021-10-26
454,فردا,صندوق س آواي فرداي زاگرس-ثابت,289,12477012,145772213078,11677,11683,11685,8,0.07,11683,6,0.05,11683,11685,1400-8-4,2021-10-26
455,دفارا,داروسازي‌ فارابي‌,288,755355,11585460580,15890,15100,15100,-790,-4.97,15420,-470,-2.96,15100,16000,1400-8-4,2021-10-26
456,ثمسكن,سرمايه‌گذاري‌ مسكن‌,288,2984990,11502305688,3953,3820,3825,-128,-3.24,3868,-85,-2.15,3765,3990,1400-8-4,2021-10-26
457,معيار ,سرمايه گذاري معيار صنعت پارس,287,450869,21591393111,49198,49900,47723,-1475,-3,47888,-1310,-2.66,47723,49900,1400-8-4,2021-10-26
458,پارسيان,بيمه پارسيان,286,1299580,12949279250,10260,10470,10180,-80,-0.78,10070,-190,-1.85,9800,10470,1400-8-4,2021-10-26
459,ضخود1050,اختيارخ خودرو-1600-1400/10/08,282,15033,4240251000,292,289,270,-22,-7.53,282,-10,-3.42,270,314,1400-8-4,2021-10-26
460,فخاس,فولاد خراسان,281,816632,20772510330,25530,25190,24850,-680,-2.66,25510,-20,-0.08,24600,25800,1400-8-4,2021-10-26
461,سكه0012پ01,تمام سكه طرح جديد0012رفاه,278,101800,119405471100,1180968,1181000,1173900,-7068,-0.6,1172942,-8026,-0.68,1166501,1181000,1400-8-4,2021-10-26
462,اميد,تامين سرمايه اميد,277,1826650,11482876650,6230,6270,6280,50,0.8,6260,30,0.48,6260,6380,1400-8-4,2021-10-26
463,وارس,سرمايه گذاري ارس صبا,275,802605,9365549510,11853,11980,11538,-315,-2.66,11680,-173,-1.46,11500,11980,1400-8-4,2021-10-26
464,كطبس,ذغال‌سنگ‌ نگين‌ ط‌بس‌,274,253991,13289579690,52930,50360,51090,-1840,-3.48,52340,-590,-1.11,50350,54350,1400-8-4,2021-10-26
465,شرانل,نفت ايرانول,271,306000,14535251322,47816,46500,47780,-36,-0.08,47695,-121,-0.25,46500,48000,1400-8-4,2021-10-26
466,مرقام,ايران‌ارقام‌,265,1061524,13927907550,12840,13460,12850,10,0.08,13110,270,2.1,12510,13460,1400-8-4,2021-10-26
467,شاملا,معدني‌ املاح‌  ايران‌,262,448029,13681652560,30890,31070,30360,-530,-1.72,30540,-350,-1.13,29950,31950,1400-8-4,2021-10-26
468,كاريس,صندوق س.سپهر كاريزما-س,260,912261,12187257162,13389,13389,13290,-99,-0.74,13359,-30,-0.22,13240,13500,1400-8-4,2021-10-26
469,غشهد,شهد ايران ‌,258,1299815,5415353920,4348,4131,4140,-208,-4.78,4276,-72,-1.66,4131,4316,1400-8-4,2021-10-26
470,شپاكسا,پاكسان‌,258,426837,7268565330,16750,16280,16620,-130,-0.78,16890,140,0.84,16270,17390,1400-8-4,2021-10-26
471,تسه9911,امتياز تسهيلات مسكن بهمن99,258,3484,2415895051,680972,654449,685000,4028,0.59,693426,12454,1.83,654449,715000,1400-8-4,2021-10-26
472,وصندوق,سرمايه‌گذاري‌صندوق‌بازنشستگي‌,258,2287807,43772195980,19150,18720,19370,220,1.15,19140,-10,-0.05,18720,19370,1400-8-4,2021-10-26
473,سمازن,سيمان‌مازندران‌,257,1021998,14384659350,14250,14350,14000,-250,-1.75,14080,-170,-1.19,13810,14350,1400-8-4,2021-10-26
474,حسينا,توسعه خدمات دريايي وبندري سينا,255,256828,12350907779,50022,47731,47641,-2381,-4.76,48336,-1686,-3.37,47560,50398,1400-8-4,2021-10-26
475,كميناح,ح . شيشه سازي مينا,254,2545082,17147518981,6940,6740,6732,-208,-3,6738,-202,-2.91,6732,6830,1400-8-4,2021-10-26
476,لابسا,آبسال‌,253,279627,8525000170,31050,29650,30700,-350,-1.13,30700,-350,-1.13,29610,31480,1400-8-4,2021-10-26
477,دتماد,توليدمواداوليه‌داروپخش‌,252,300633,14403956400,47380,47000,47450,70,0.15,47890,510,1.08,46680,49000,1400-8-4,2021-10-26
478,وسبحان,سرمايه گذاري سبحان,252,3473721,9483038058,2745,2650,2715,-30,-1.09,2735,-10,-0.36,2650,2801,1400-8-4,2021-10-26
479,داسوه,داروسازي‌ اسوه‌,251,771258,17089204130,22990,21890,22150,-840,-3.65,22160,-830,-3.61,21880,22990,1400-8-4,2021-10-26
480,غگلپا,شير پاستوريزه پگاه گلپايگان,250,332410,19153011141,60543,57700,57516,-3027,-5,57619,-2924,-4.83,57516,59598,1400-8-4,2021-10-26
481,لوتوسح,ح . تامين سرمايه لوتوس پارسيان,250,2945885,12465883880,4180,4160,4210,30,0.72,4230,50,1.2,4150,4300,1400-8-4,2021-10-26
482,قجام,فرآوردههاي غذايي وقندتربت‌جام‌,247,2966990,19168739047,6377,6300,6504,127,1.99,6461,84,1.32,6270,6504,1400-8-4,2021-10-26
483,تسه9910,امتياز تسهيلات مسكن دي99,246,3807,2632733029,685232,652060,699999,14767,2.16,691551,6319,0.92,651111,715000,1400-8-4,2021-10-26
484,تسه9909,امتياز تسهيلات مسكن آذر99,245,4913,3394938945,684075,651100,669000,-15075,-2.2,691011,6936,1.01,650111,715000,1400-8-4,2021-10-26
485,حپارسا,توسعه حمل و نقل ريلي پارسيان,245,427481,14131640709,33377,32320,33350,-27,-0.08,33058,-319,-0.96,31720,34257,1400-8-4,2021-10-26
486,شفا,سرمايه گذاري شفادارو,241,316884,11334003780,35700,35160,36150,450,1.26,35750,50,0.14,34130,36210,1400-8-4,2021-10-26
487,وبشهر,توسعه‌ صنايع‌ بهشهر(هلدينگ,240,1278824,16895146580,13000,13000,13430,430,3.31,13080,80,0.62,12800,13430,1400-8-4,2021-10-26
488,سباقر,سيمان باقران,239,1279256,21273903384,17135,16721,16621,-514,-3,16630,-505,-2.95,16621,17000,1400-8-4,2021-10-26
489,غپآذر,شير پگاه آذربايجان شرقي,239,584872,21629902904,38721,37000,36785,-1936,-5,36982,-1739,-4.49,36785,39999,1400-8-4,2021-10-26
490,تكنار,مجتمع معادن مس تكنار,238,284680,17794808611,64317,63619,62388,-1929,-3,62508,-1809,-2.81,62388,64980,1400-8-4,2021-10-26
491,دجابر,داروسازي‌ جابرابن‌حيان‌,238,877063,11020377480,13200,12550,12540,-660,-5,12690,-510,-3.86,12540,12900,1400-8-4,2021-10-26
492,حپترو,حمل و نقل پتروشيمي( سهامي عام,236,248655,5478982480,22300,23270,21980,-320,-1.43,22200,-100,-0.45,21210,23270,1400-8-4,2021-10-26
493,درازك,دارويي‌ رازك‌,230,214335,7966295440,37610,36430,36570,-1040,-2.77,37360,-250,-0.66,36430,38990,1400-8-4,2021-10-26
494,ومعلم,بيمه معلم,230,2788302,7300670935,2752,2615,2615,-137,-4.98,2681,-71,-2.58,2615,2684,1400-8-4,2021-10-26
495,ثاباد,توريستي ورفاهي آبادگران ايران,230,321353,13607993540,44140,44480,41940,-2200,-4.98,42350,-1790,-4.06,41940,44490,1400-8-4,2021-10-26
496,وپترو,سرمايه‌گذاري صنايع پتروشيمي‌,230,829180,9414023320,11520,11110,11300,-220,-1.91,11410,-110,-0.95,11000,11890,1400-8-4,2021-10-26
497,سقاين,سيمان‌ قائن‌,229,413516,20272397890,50880,48610,49000,-1880,-3.69,49020,-1860,-3.66,48340,51740,1400-8-4,2021-10-26
498,كگهر,سنگ آهن گهرزمين,229,600333,26696768191,44453,44304,44540,87,0.2,44457,4,0.01,43230,45039,1400-8-4,2021-10-26
499,فلامي,لاميران‌,229,461339,7761814240,17080,17110,16710,-370,-2.17,16930,-150,-0.88,16410,17560,1400-8-4,2021-10-26
500,ثزاگرس,سرمايه گذاري توسعه عمران زاگرس,228,403795,14086108096,36701,34890,34866,-1835,-5,34884,-1817,-4.95,34866,36094,1400-8-4,2021-10-26
501,وساشرقي,شركت س استان آذربايجان شرقي,228,16305652,7337608700,473,450,450,-23,-4.86,468,-5,-1.06,450,453,1400-8-4,2021-10-26
502,سيستم,همكاران سيستم,228,1850059,10172056480,5610,5400,5430,-180,-3.21,5550,-60,-1.07,5400,5690,1400-8-4,2021-10-26
503,ثتوسا,س.توسعه و عمران استان اردبيل,224,504429,10182763173,21246,20184,20184,-1062,-5,20187,-1059,-4.98,20184,20600,1400-8-4,2021-10-26
504,داريوش,صندوق س. ثروت داريوش -س,222,774496,7476411369,9637,9630,9659,22,0.23,9653,16,0.17,9610,9700,1400-8-4,2021-10-26
505,بسويچ,پارس‌سويچ‌,221,413806,7015715630,17810,16920,16920,-890,-5,17380,-430,-2.41,16920,17610,1400-8-4,2021-10-26
506,واحيا,م .صنايع و معادن احياء سپاهان,220,951649,150879038453,160159,155555,155355,-4804,-3,158545,-1614,-1.01,155355,164963,1400-8-4,2021-10-26
507,فلات,گروه صنايع معادن فلات ايرانيان,219,618246,9339722712,15310,15100,14851,-459,-3,15123,-187,-1.22,14851,15480,1400-8-4,2021-10-26
508,كاردان,صندوق س تجارت شاخصي كاردان,217,61267,11849186600,192670,192020,192200,-470,-0.24,193400,730,0.38,191510,196500,1400-8-4,2021-10-26
509,تسه9902,امتياز تسهيلات مسكن ارديبهشت99,216,4441,3051605613,684746,655100,680000,-4746,-0.69,687144,2398,0.35,655100,715000,1400-8-4,2021-10-26
510,واتي,سرمايه‌ گذاري‌ آتيه‌ دماوند,216,2272553,23532320860,10460,10200,10280,-180,-1.72,10360,-100,-0.96,10010,10500,1400-8-4,2021-10-26
511,قشهد,شهد,216,569318,8297169670,14660,14800,14360,-300,-2.05,14610,-50,-0.34,14300,15000,1400-8-4,2021-10-26
512,آبين,كشت و صنعت آبشيرين,214,3649051,7153030034,2017,1960,1957,-60,-2.97,1974,-43,-2.13,1957,2000,1400-8-4,2021-10-26
513,ركيش,كارت اعتباري ايران كيش,212,1535248,9030767970,6000,6000,5700,-300,-5,5930,-70,-1.17,5700,6050,1400-8-4,2021-10-26
514,دكوثر,داروسازي‌ كوثر,211,2065711,7223106580,3668,3499,3485,-183,-4.99,3576,-92,-2.51,3485,3650,1400-8-4,2021-10-26
515,زمگسا,كشاورزي‌ ودامپروي‌ مگسال‌,211,427846,7696062140,18130,18950,18080,-50,-0.28,18060,-70,-0.39,17230,18950,1400-8-4,2021-10-26
516,قپيرا,فرآورده‌هاي‌غدايي‌وقندپيرانشهر,208,584729,5082935170,8690,8290,8860,170,1.96,8690,0,0,8270,8900,1400-8-4,2021-10-26
517,تسه9810,امتياز تسهيلات مسكن دي98,203,4110,2836796196,677393,660000,680340,2947,0.44,690218,12825,1.89,660000,698980,1400-8-4,2021-10-26
518,غشاذر,پگاه‌آذربايجان‌غربي‌,202,939587,5521188470,6010,6100,6020,10,0.17,5960,-50,-0.83,5750,6100,1400-8-4,2021-10-26
519,وكادو,تكادو,199,1158555,19539546015,17354,16851,16834,-520,-3,16865,-489,-2.82,16834,17196,1400-8-4,2021-10-26
520,دابور,داروسازي‌ ابوريحان‌,198,289333,7414639090,26160,25810,25810,-350,-1.34,25880,-280,-1.07,25200,26100,1400-8-4,2021-10-26
521,وپخش,داروپخش‌ (هلدينگ‌,198,223051,6735596620,31190,30300,29900,-1290,-4.14,31030,-160,-0.51,29870,31190,1400-8-4,2021-10-26
522,فمراد,آلومراد,197,705270,12158854800,16420,17240,17240,820,4.99,17050,630,3.84,17240,17240,1400-8-4,2021-10-26
523,ثشرق,سرمايه گذاري مسكن شمال شرق,196,2309618,9380603153,4067,4072,4000,-67,-1.65,4063,-4,-0.1,3950,4197,1400-8-4,2021-10-26
524,قشرين,قند شيرين خراسان,195,4969366,37865274400,7694,7924,7464,-230,-2.99,7620,-74,-0.96,7464,7924,1400-8-4,2021-10-26
525,دسينا,داروسازي‌ سينا,193,436642,8367021810,18930,18950,19500,570,3.01,19060,130,0.69,18550,19510,1400-8-4,2021-10-26
526,افرا,افرانت,193,385182,6760498984,18448,17526,17526,-922,-5,17996,-452,-2.45,17526,18380,1400-8-4,2021-10-26
527,سپر,صندوق س سپر سرمايه بيدار- ثابت,192,2020337,26290716674,12998,13015,13015,17,0.13,13013,15,0.12,13012,13015,1400-8-4,2021-10-26
528,سپاس,صندوق س. پاداش سهامداري-ثابت,189,5900993,59665501245,10104,10109,10113,9,0.09,10111,7,0.07,10109,10113,1400-8-4,2021-10-26
529,بموتو,موتوژن‌,188,125802,9037433390,71920,71000,72000,80,0.11,71880,-40,-0.06,68340,73000,1400-8-4,2021-10-26
530,رتكو,كنترل‌خوردگي‌تكين‌كو,188,1043821,9416271940,9490,9020,9020,-470,-4.95,9170,-320,-3.37,9020,9130,1400-8-4,2021-10-26
531,آوا,صندوق س.سهام آواي معيار-س,187,678751,5303850360,7827,7820,7796,-31,-0.4,7814,-13,-0.17,7752,7900,1400-8-4,2021-10-26
532,سدبير,س. تدبيرگران فارس وخوزستان,185,227285,7047001718,32607,30977,30977,-1630,-5,31739,-868,-2.66,30977,32499,1400-8-4,2021-10-26
533,زپارس,ملي كشت و صنعت و دامپروري پارس,184,123761,12272368840,97870,99340,98800,930,0.95,98900,1030,1.05,98000,101000,1400-8-4,2021-10-26
534,فنفتح,ح . صنايع تجهيزات نفت,181,653270,6668646082,9985,9710,10283,298,2.98,10208,223,2.23,9686,10284,1400-8-4,2021-10-26
535,هجرت,پخش هجرت,181,354703,10577282549,30733,30330,29500,-1233,-4.01,30019,-714,-2.32,29450,31510,1400-8-4,2021-10-26
536,وآتوس,س.آرين توسكا قيمت اسمي 350ريال,177,375873,9357832997,23894,25088,25088,1194,5,24896,1002,4.19,22700,25088,1400-8-4,2021-10-26
537,وبرق,س.کارکنان صنعت برق زنجان وقزوي,173,298065,39375876825,128258,132105,132105,3847,3,132105,3847,3,132105,132105,1400-8-4,2021-10-26
538,وتوسم,سرمايه‌گذاري‌توسعه‌ملي‌,171,1047809,7978234610,7640,7520,7560,-80,-1.05,7630,-10,-0.13,7520,7750,1400-8-4,2021-10-26
539,دالبر,البرزدارو,170,643131,9012465820,14230,14000,13930,-300,-2.11,14120,-110,-0.77,13620,14480,1400-8-4,2021-10-26
540,لوتوس,تامين سرمايه لوتوس پارسيان,170,815718,4576064440,5580,5610,5620,40,0.72,5580,0,0,5510,5750,1400-8-4,2021-10-26
541,واعتبار,سرمايه گذاري اعتبار ايران,169,1014635,6481856330,6650,6330,6410,-240,-3.61,6530,-120,-1.8,6320,6550,1400-8-4,2021-10-26
542,وحافظح,ح . بيمه حافظ,169,1690809,6044498953,3571,3511,3609,38,1.06,3575,4,0.11,3496,3640,1400-8-4,2021-10-26
543,قمرو,قند مرودشت‌,169,169371,4140600750,24860,24000,23980,-880,-3.54,24740,-120,-0.48,23830,25900,1400-8-4,2021-10-26
544,فاما,صنعتي‌ آما,168,592293,9937381640,16970,16500,16560,-410,-2.42,16840,-130,-0.77,16500,17000,1400-8-4,2021-10-26
545,آريان,سرمايه گذاري پارس آريان,168,8506597,153697194596,18626,18068,18068,-558,-3,18068,-558,-3,18068,18068,1400-8-4,2021-10-26
546,اخزا910,اسنادخزانه-م10بودجه99-020807,165,313937,204200585994,649855,0,651000,1145,0.18,650451,596,0.09,646524,654995,1400-8-4,2021-10-26
547,فيروزه,صندوق شاخص30 شركت فيروزه- سهام,165,65494,11094167200,170340,168640,169690,-650,-0.38,169390,-950,-0.56,167840,170870,1400-8-4,2021-10-26
548,عيار,صندوق سكه طلاي مفيد,164,241999,7201084853,29860,30000,29780,-80,-0.27,29757,-103,-0.34,29600,30000,1400-8-4,2021-10-26
549,دحاوي,الحاوي,163,1657960,8275792836,4848,4971,4993,145,2.99,4969,121,2.5,4955,4993,1400-8-4,2021-10-26
550,وزمين,بانك ايران زمين,160,1029503,10291079513,9850,9950,10000,150,1.52,9944,94,0.95,9950,10080,1400-8-4,2021-10-26
551,شصفها,پتروشيمي‌ اصفهان‌,159,76169,9695806919,129239,126700,128779,-460,-0.36,128004,-1235,-0.96,126700,129999,1400-8-4,2021-10-26
552,ما,بيمه  ما,157,1199951,7538647120,6410,6110,6350,-60,-0.94,6340,-70,-1.09,6100,6370,1400-8-4,2021-10-26
553,تسه9904,امتياز تسهيلات مسكن تير99,155,1771,1230723918,694168,660050,728800,34632,4.99,694932,764,0.11,660050,728800,1400-8-4,2021-10-26
554,گنگين,اقتصادي نگين گردشگري ايرانيان,155,2010832,49284990130,25072,24320,25000,-72,-0.29,24510,-562,-2.24,24320,25200,1400-8-4,2021-10-26
555,شكبير,پتروشيمي اميركبير,155,140142,13650611163,98921,98900,97141,-1780,-1.8,98710,-211,-0.21,97141,98900,1400-8-4,2021-10-26
556,كفرا,فراورده‌ هاي‌ نسوزايران‌,154,215488,3763828630,17750,17220,17610,-140,-0.79,17670,-80,-0.45,17170,17640,1400-8-4,2021-10-26
557,بساما,بيمه سامان,154,277726,6184861751,22629,22750,22210,-419,-1.85,22508,-121,-0.53,22006,22764,1400-8-4,2021-10-26
558,ضشنا8004,اختيارخ شپنا-10800-1400/08/16,153,1891,809146000,518,424,425,-93,-17.95,428,-90,-17.37,350,510,1400-8-4,2021-10-26
559,پلوله,گازلوله‌,151,522548,14442704172,29093,27639,27639,-1454,-5,27639,-1454,-5,27639,27639,1400-8-4,2021-10-26
560,سبجنو,سيمان‌ بجنورد,151,157284,5769213160,37370,38050,36760,-610,-1.63,37110,-260,-0.7,36000,38050,1400-8-4,2021-10-26
561,سهگمت,سيمان‌هگمتان‌,150,533209,11721210030,22150,21500,22000,-150,-0.68,22020,-130,-0.59,21240,22200,1400-8-4,2021-10-26
562,تسه9907,امتياز تسهيلات مسكن مهر99,150,1799,1247108731,686693,665000,680006,-6687,-0.97,693223,6530,0.95,665000,700000,1400-8-4,2021-10-26
563,وايرا,سرمايه گذاري صنايع ايران,150,3045848,16792254379,5461,5298,5624,163,2.98,5513,52,0.95,5298,5624,1400-8-4,2021-10-26
564,اوصتا,صندوق انديشه ورزان صباتامين -د,149,5660233,114710858011,20249,20269,20266,17,0.08,20266,17,0.08,20266,20269,1400-8-4,2021-10-26
565,غپونه,نوش پونه مشهد,146,349076,4459781433,12708,13089,12650,-58,-0.46,12738,30,0.24,12410,13089,1400-8-4,2021-10-26
566,قزوين,كارخانجات‌ قند قزوين‌,145,263050,7444169020,29210,27780,28000,-1210,-4.14,28730,-480,-1.64,27750,29540,1400-8-4,2021-10-26
567,فن آوا,گروه فن آوا,144,2240410,46452820786,21199,20759,20750,-449,-2.12,20734,-465,-2.19,20564,21559,1400-8-4,2021-10-26
568,اخزا006,اسنادخزانه-م6بودجه00-030723,144,532559,280693582516,526335,526335,528101,1766,0.34,527066,731,0.14,525001,529490,1400-8-4,2021-10-26
569,كمينا,شيشه سازي مينا,143,786817,7640933614,9839,9544,9544,-295,-3,9735,-104,-1.06,9544,10108,1400-8-4,2021-10-26
570,ولقمان,سرمايه گذاري لقمان,142,595565,2628228345,4285,4413,4413,128,2.99,4316,31,0.72,4413,4413,1400-8-4,2021-10-26
571,سخوز,سيمان خوزستان,142,198215,4563427770,23380,22850,22780,-600,-2.57,23260,-120,-0.51,22730,23450,1400-8-4,2021-10-26
572,غاذر,كشت‌وصنعت‌پياذر,141,398617,10977912180,26230,27540,27540,1310,4.99,27090,860,3.28,27540,27540,1400-8-4,2021-10-26
573,كپرور,فرآوري زغال سنگ پروده طبس,140,232927,7342750266,31782,30700,31000,-782,-2.46,31647,-135,-0.42,30700,32100,1400-8-4,2021-10-26
574,ضسپا8044,اختيارخ خساپا-2500-1400/08/26,140,7513,7514000,1,1,1,0,0,1,0,0,1,2,1400-8-4,2021-10-26
575,ضصاد8033,اختيارخ وبصادر-2489-1400/08/12,140,4020,4135000,1,2,1,0,0,1,0,0,1,2,1400-8-4,2021-10-26
576,لكما,كارخانجات‌مخابراتي‌ايران‌,139,2591475,2949098550,1173,1138,1138,-35,-2.98,1162,-11,-0.94,1138,1138,1400-8-4,2021-10-26
577,لخانه,لوازم‌ خانگي‌ پارس‌,137,233780,4479743913,19465,18990,18900,-565,-2.9,19330,-135,-0.69,18882,19930,1400-8-4,2021-10-26
578,گوهران,سرمايه گذاري توسعه گوهران اميد,137,819281,4016733395,4925,4890,4850,-75,-1.52,4919,-6,-0.12,4850,4946,1400-8-4,2021-10-26
579,سمگا,گروه سرمايه گذاري ميراث فرهنگي,136,1983488,20903980032,11093,10539,10539,-554,-4.99,10818,-275,-2.48,10539,10539,1400-8-4,2021-10-26
580,ساراب,سيمان‌ داراب‌,136,454960,7540354740,16940,16390,16500,-440,-2.6,16740,-200,-1.18,16390,16830,1400-8-4,2021-10-26
581,وآوا,سرمايه گذاري آوا نوين,133,1321475,4370117825,3481,3307,3307,-174,-5,3425,-56,-1.61,3307,3307,1400-8-4,2021-10-26
582,اخزا008,اسنادخزانه-م8بودجه00-030919,133,569470,290217718641,507718,510000,511500,3782,0.74,509628,1910,0.38,504810,511500,1400-8-4,2021-10-26
583,سكرما,سيمان‌ كرمان‌,133,342294,5024965520,14850,14510,14490,-360,-2.42,14790,-60,-0.4,14470,15090,1400-8-4,2021-10-26
584,گوهر,صندوق سكه طلاي كيان,132,204991,12065263559,58736,59190,58296,-440,-0.75,58858,122,0.21,58252,59200,1400-8-4,2021-10-26
585,نوين,بيمه نوين,132,2188154,9395933276,4519,4294,4294,-225,-4.98,4363,-156,-3.45,4294,4294,1400-8-4,2021-10-26
586,ديران,ايران‌دارو,132,249086,6842392420,28910,27470,27470,-1440,-4.98,28160,-750,-2.59,27470,27470,1400-8-4,2021-10-26
587,زعف0008پ16,زعفران0008نگين بيرجند(پ),130,9525,1549245868,160399,160000,168200,7801,4.86,162650,2251,1.4,160000,169000,1400-8-4,2021-10-26
588,سيدكو,سرمايه گذاري توسعه صنايع سيمان,130,703618,4142711220,6100,5910,5950,-150,-2.46,6040,-60,-0.98,5800,6040,1400-8-4,2021-10-26
589,تماوند,تامين سرمايه دماوند,130,625610,3787582816,6029,6147,6000,-29,-0.48,6035,6,0.1,6000,6147,1400-8-4,2021-10-26
590,حخزر,كشتيراني درياي خزر,129,377120,6835800051,19061,18109,18108,-953,-5,18608,-453,-2.38,18108,19197,1400-8-4,2021-10-26
591,كي بي سي,شركت كي بي سي,129,286229,5050201311,17991,17111,18270,279,1.55,17866,-125,-0.69,17111,18347,1400-8-4,2021-10-26
592,تسه9905,امتياز تسهيلات مسكن مرداد99,127,2091,1441426296,678578,644680,665256,-13322,-1.96,689348,10770,1.59,644680,712506,1400-8-4,2021-10-26
593,ضخود1054,اختيارخ خودرو-3000-1400/10/08,126,5753,80592000,15,14,14,-1,-6.67,14,-1,-6.67,13,17,1400-8-4,2021-10-26
594,قنقش,قند نقش جهان,126,173341,16987433276,99911,97913,99500,-411,-0.41,98000,-1911,-1.91,97913,100000,1400-8-4,2021-10-26
595,بخاور,بيمه زندگي خاورميانه,125,733790,3107545071,4357,4324,4288,-69,-1.58,4330,-27,-0.62,4150,4324,1400-8-4,2021-10-26
596,دزهراويح,ح . ‌داروسازي‌زهراوي‌,125,1715171,5571758034,3580,3473,3222,-358,-10,3249,-331,-9.25,3222,3473,1400-8-4,2021-10-26
597,وبهمن,سرمايه‌گذاري‌بهمن‌,124,195430,2939002670,15660,14880,14910,-750,-4.79,15550,-110,-0.7,14880,15900,1400-8-4,2021-10-26
598,زر,صندوق س.پشتوانه سكه طلاي زر,123,64654,3286884665,51282,50311,51131,-151,-0.29,50838,-444,-0.87,50300,51293,1400-8-4,2021-10-26
599,غنوش,نوش‌ مازندران‌,121,220018,6939367720,33200,31540,31540,-1660,-5,32390,-810,-2.44,31540,31540,1400-8-4,2021-10-26
600,ضسپا8042,اختيارخ خساپا-1800-1400/08/26,121,7195,109068000,21,17,14,-7,-33.33,15,-6,-28.57,13,25,1400-8-4,2021-10-26
601,سپ,پرداخت الكترونيك سامان كيش,121,198463,5942093390,31490,29940,29930,-1560,-4.95,31340,-150,-0.48,29920,30480,1400-8-4,2021-10-26
602,اتكامح,ح . بيمه اتكايي امين,119,648503,1327171321,2044,2099,2048,4,0.2,2047,3,0.15,1980,2105,1400-8-4,2021-10-26
603,اخزا902,اسنادخزانه-م2بودجه99-011019,118,272619,213009979298,779717,779667,781800,2083,0.27,781347,1630,0.21,779000,783900,1400-8-4,2021-10-26
604,كساوه,صنايع‌ كاشي‌ و سراميك‌ سينا,113,168415,7521413900,47010,44660,44660,-2350,-5,45720,-1290,-2.74,44660,44660,1400-8-4,2021-10-26
605,شپلي,پلي اكريل ايران,111,758316,6062736420,8242,7995,7995,-247,-3,8111,-131,-1.59,7995,7995,1400-8-4,2021-10-26
606,تسه9808,امتياز تسهيلات مسكن آبان98,111,2072,1417333569,671800,655000,678000,6200,0.92,684041,12241,1.82,651000,705290,1400-8-4,2021-10-26
607,تسه9906,امتياز تسهيلات مسكن شهريور99,110,2219,1546790679,697391,662522,693000,-4391,-0.63,697067,-324,-0.05,662522,717999,1400-8-4,2021-10-26
608,كخاك,صنايع‌خاك‌چيني‌ايران‌,110,246516,6506966700,26720,26500,26000,-720,-2.69,26590,-130,-0.49,25740,26890,1400-8-4,2021-10-26
609,تسه9809,امتياز تسهيلات مسكن آذر98,110,1706,1174816950,678419,655010,684200,5781,0.85,688638,10219,1.51,655010,699488,1400-8-4,2021-10-26
610,سرود,سيمان‌شاهرود,109,107180,2462328650,23450,23800,22910,-540,-2.3,23370,-80,-0.34,22510,23800,1400-8-4,2021-10-26
611,دسبحا,گروه دارويي سبحان,107,457776,8639955990,18680,17800,18310,-370,-1.98,18750,70,0.37,17790,19180,1400-8-4,2021-10-26
612,مداران,داده‌پردازي‌ايران‌,107,162748,2304766170,14370,14450,14390,20,0.14,14340,-30,-0.21,14050,14450,1400-8-4,2021-10-26
613,ثجوان,تامين مسكن جوانان,105,1390653,8823705135,6541,6345,6345,-196,-3,6362,-179,-2.74,6345,6360,1400-8-4,2021-10-26
614,تسه9903,امتياز تسهيلات مسكن خرداد99,104,1511,1035487235,679439,645468,664999,-14440,-2.13,685299,5860,0.86,645468,697000,1400-8-4,2021-10-26
615,سمتاز,سيمان ممتازان كرمان,104,222948,3631357345,16749,16440,16247,-502,-3,16573,-176,-1.05,16247,16550,1400-8-4,2021-10-26
616,اتكام,بيمه اتكايي امين,102,2655796,9424651302,3548,3580,3550,2,0.06,3548,0,0,3547,3580,1400-8-4,2021-10-26
617,شگل,گلتاش‌,101,208708,1373767130,6770,6590,6610,-160,-2.36,6750,-20,-0.3,6450,6740,1400-8-4,2021-10-26
618,تشتاد,صنايع توليدي اشتاد ايران‌,99,1587036,8788588487,5672,5502,5502,-170,-3,5549,-123,-2.17,5502,5627,1400-8-4,2021-10-26
619,اخزا002,اسنادخزانه-م2بودجه00-031024,97,151323,75665011069,498900,501595,500343,1443,0.29,500023,1123,0.23,496055,503399,1400-8-4,2021-10-26
620,بكاب,صنايع‌جوشكاب‌يزد,95,33592,4500656160,141030,133980,133980,-7050,-5,138730,-2300,-1.63,133980,133980,1400-8-4,2021-10-26
621,خلنت,لنت‌ ترمزايران‌,94,40356,3934710000,102630,97500,97500,-5130,-5,101150,-1480,-1.44,97500,97500,1400-8-4,2021-10-26
622,سجام,مجتمع سيمان غرب آسيا,94,3022678,9228235934,3147,3053,3053,-94,-2.99,3055,-92,-2.92,3053,3053,1400-8-4,2021-10-26
623,خصدرا,صنعتي‌ دريايي‌ ايران‌,93,1923784,5263473024,2820,2736,2736,-84,-2.98,2805,-15,-0.53,2736,2736,1400-8-4,2021-10-26
624,زعف0008پ10,زعفران0008نگين طلاي سرخ(پ),92,261314,42361213005,168566,165000,170000,1434,0.85,162108,-6458,-3.83,160000,172221,1400-8-4,2021-10-26
625,ساينا,صنايع بهداشتي ساينا,92,41194,4219872166,107830,102439,102439,-5391,-5,106177,-1653,-1.53,102439,102439,1400-8-4,2021-10-26
626,قيستو,شركت قند بيستون,91,320007,7914093117,24011,24731,24731,720,3,24539,528,2.2,24731,24731,1400-8-4,2021-10-26
627,دفرا,فرآورده‌هاي‌ تزريقي‌ ايران‌,91,177032,4745978320,27230,26400,26990,-240,-0.88,27090,-140,-0.51,26080,27790,1400-8-4,2021-10-26
628,ولشرق,ليزينگ ايران و شرق,86,1613356,7074566060,4615,4385,4385,-230,-4.98,4498,-117,-2.54,4385,4385,1400-8-4,2021-10-26
629,آساس,صندوق س.آسمان آرماني سهام-س,86,25388,4200349565,166661,165701,164541,-2120,-1.27,165446,-1215,-0.73,164510,167000,1400-8-4,2021-10-26
630,ضسپا8043,اختيارخ خساپا-2000-1400/08/26,85,4422,44687000,6,10,4,-2,-33.33,10,4,66.67,4,15,1400-8-4,2021-10-26
631,سشمال,سيمان‌ شمال‌,85,805965,6622219990,8300,8100,8270,-30,-0.36,8260,-40,-0.48,8100,8420,1400-8-4,2021-10-26
632,دكيمي,كيميدارو,84,174969,3308948680,19900,19040,18910,-990,-4.97,19660,-240,-1.21,18910,19050,1400-8-4,2021-10-26
633,اخزا903,اسنادخزانه-م3بودجه99-011110,84,171925,132547126103,770103,769001,771000,897,0.12,770959,856,0.11,769000,774444,1400-8-4,2021-10-26
634,حشكوه,دليجان طلايي شكوه پارس,83,5287304,15005368752,2703,2838,2838,135,4.99,2838,135,4.99,2838,2838,1400-8-4,2021-10-26
635,ضخود1051,اختيارخ خودرو-1800-1400/10/08,82,3455,559440000,169,160,155,-14,-8.28,162,-7,-4.14,149,179,1400-8-4,2021-10-26
636,تسه9812,امتياز تسهيلات مسكن اسفند98,82,901,618696212,679267,651000,679990,723,0.11,686677,7410,1.09,646000,710000,1400-8-4,2021-10-26
637,تكنو,تكنوتار,79,314619,2986194310,9980,9490,9490,-490,-4.91,9870,-110,-1.1,9490,9500,1400-8-4,2021-10-26
638,تسه9811,امتياز تسهيلات مسكن بهمن98,78,656,457923185,687472,662300,685269,-2203,-0.32,698054,10582,1.54,662300,710999,1400-8-4,2021-10-26
639,سغرب,سيمان‌غرب‌,78,128101,2226395380,18290,17380,17380,-910,-4.98,18140,-150,-0.82,17380,17380,1400-8-4,2021-10-26
640,تسه9901,امتياز تسهيلات مسكن فروردين99,78,961,658842117,687380,700001,675000,-12380,-1.8,685580,-1800,-0.26,653011,700010,1400-8-4,2021-10-26
641,شساخت,مهندسي و ساختمان صنايع نفت,75,72639,3121746234,43991,45290,42672,-1319,-3,43918,-73,-0.17,42672,45290,1400-8-4,2021-10-26
642,وبازار,صندوق س شاخصي بازارآشنا,74,360697,4353286330,12030,11850,12030,0,0,12070,40,0.33,11840,12190,1400-8-4,2021-10-26
643,وتوشه,سرمايه‌ گذاري‌ پارس‌ توشه‌,74,610835,3701997690,6030,5940,6010,-20,-0.33,6040,10,0.17,5930,6180,1400-8-4,2021-10-26
644,اخزا004,اسنادخزانه-م4بودجه00-030522,73,254973,139392262147,545004,545509,547867,2863,0.53,546694,1690,0.31,541801,548796,1400-8-4,2021-10-26
645,شپترو,پتروشيمي آبادان,72,841175,3526205600,4321,4192,4192,-129,-2.99,4272,-49,-1.13,4192,4192,1400-8-4,2021-10-26
646,پارتا,مجتمع‌صنعتي‌آرتاويل‌تاير,71,128286,3270653436,26244,25457,25457,-787,-3,26135,-109,-0.42,25457,26899,1400-8-4,2021-10-26
647,زرين,صندوق س. سهام زرين كوروش-س,70,263048,3406370146,12942,12989,12863,-79,-0.61,12950,8,0.06,12861,13116,1400-8-4,2021-10-26
648,فافق,صنايع مس افق كرمان,70,1389866,5824928406,4411,4191,4191,-220,-4.99,4274,-137,-3.11,4191,4191,1400-8-4,2021-10-26
649,شپاس,نفت پاسارگاد,70,537898,9723044248,19027,18076,18076,-951,-5,18494,-533,-2.8,18076,18076,1400-8-4,2021-10-26
650,فنرژي,گسترش صنايع انرژي آذرآب,69,406631,5320360004,12828,13084,13084,256,2,13080,252,1.96,13084,13084,1400-8-4,2021-10-26
651,خاتم,صندوق س خاتم ايساتيس پويا-ثابت,68,398863,4865877292,12192,12199,12200,8,0.07,12199,7,0.06,12198,12201,1400-8-4,2021-10-26
652,اخزا901,اسنادخزانه-م1بودجه99-010621,67,113860,94986446084,832528,830000,835000,2472,0.3,834239,1711,0.21,830000,837000,1400-8-4,2021-10-26
653,اخزا914,اسنادخزانه-م14بودجه99-021025,66,132841,82453880608,619338,620000,622500,3162,0.51,620696,1358,0.22,618778,622500,1400-8-4,2021-10-26
654,وتعاونح,ح . بيمه  تعاون,66,3525069,1843611087,539,523,523,-16,-2.97,523,-16,-2.97,523,523,1400-8-4,2021-10-26
655,سكه0112پ03,تمام سكه طرح جديد0112سامان,65,8900,10403714600,1180603,1180000,1172000,-8603,-0.73,1168957,-11646,-0.99,1165000,1180000,1400-8-4,2021-10-26
656,ماني,صندوق س. با درآمد ثابت ماني,63,965762,10016077508,10366,10370,10372,6,0.06,10371,5,0.05,10370,10372,1400-8-4,2021-10-26
657,آ س پ,آ.س.پ,63,282046,2361007066,8811,8371,8371,-440,-4.99,8737,-74,-0.84,8371,8371,1400-8-4,2021-10-26
658,ارمغان,ص سرمايه گذاري ارمغان ايرانيان,62,476846,4815950425,10093,10095,10102,9,0.09,10100,7,0.07,10095,10106,1400-8-4,2021-10-26
659,حآسا,آسيا سير ارس,58,131577,1891550952,15132,14376,14376,-756,-5,15028,-104,-0.69,14376,14376,1400-8-4,2021-10-26
660,وليز,ليزينگ‌ايران‌,58,769440,1778175840,2201,2311,2311,110,5,2213,12,0.55,2311,2311,1400-8-4,2021-10-26
661,اخزا911,اسنادخزانه-م11بودجه99-020906,58,172767,110763076322,638564,637777,640000,1436,0.22,641112,2548,0.4,636222,643999,1400-8-4,2021-10-26
662,اوان,مبين وان كيش,56,105954,2245059306,22304,21189,21189,-1115,-5,22125,-179,-0.8,21189,21189,1400-8-4,2021-10-26
663,فردا2,صندوق س آواي فرداي زاگرس-ثابت,56,5600000,5600000,11677,1,1,-11676,-99.99,1,-11676,-99.99,1,1,1400-8-4,2021-10-26
664,وگستر,گسترش سرمايه گذاري ايرانيان,55,142366,1165123344,8614,8184,8184,-430,-4.99,8577,-37,-0.43,8184,8184,1400-8-4,2021-10-26
665,ضپال2007,اختيارخ اپال-32000-1401/02/12,53,1542,1041107000,565,680,676,111,19.65,675,110,19.47,603,695,1400-8-4,2021-10-26
666,زعف0008پ11,زعفران0008نگين سحرخيز(پ),53,24338,4105373270,164464,163000,170000,5536,3.37,168682,4218,2.56,163000,172220,1400-8-4,2021-10-26
667,مفاخر,توسعه فناوري اطلاعات خوارزمي,53,185551,5533501922,31391,29822,29822,-1569,-5,30744,-647,-2.06,29822,29822,1400-8-4,2021-10-26
668,وهنر,گروه توسعه هنر ايران,53,275342,1046574942,3918,3801,3801,-117,-2.99,3905,-13,-0.33,3801,3801,1400-8-4,2021-10-26
669,اخزا001,اسنادخزانه-م1بودجه00-030821,51,202202,104891474869,517246,522400,520899,3653,0.71,518746,1500,0.29,515100,522400,1400-8-4,2021-10-26
670,اخزا908,اسنادخزانه-م8بودجه99-020606,51,245950,166120137614,674928,673501,674400,-528,-0.08,675422,494,0.07,673500,679000,1400-8-4,2021-10-26
671,ثرود,سرمايه‌گذاري مسكن زاينده رود,48,168279,1343371257,8403,7983,7983,-420,-5,8361,-42,-0.5,7983,7983,1400-8-4,2021-10-26
672,گنجين,صندوق س. گنجينه يكم آويد-د,48,189490,2654041580,13998,14008,14007,9,0.06,14006,8,0.06,14002,14008,1400-8-4,2021-10-26
673,دمعيار,صندوق س. توازن معيار-د,46,1811556,18151027406,10013,10021,10019,6,0.06,10020,7,0.07,10019,10025,1400-8-4,2021-10-26
674,وآفري,بيمه كارآفرين,46,976171,3351033763,3443,3539,3445,2,0.06,3440,-3,-0.09,3341,3539,1400-8-4,2021-10-26
675,جوين,كشت و صنعت جوين,46,1651808,4646535904,2900,2813,2813,-87,-3,2858,-42,-1.45,2813,2813,1400-8-4,2021-10-26
676,وآرين,شركت توسعه اقتصادي آرين,45,592310,1323220540,2303,2234,2234,-69,-3,2293,-10,-0.43,2234,2234,1400-8-4,2021-10-26
677,زعف0008پ05,زعفران0008نگين زرين(پ),45,27407,4646257253,163410,164000,172221,8811,5.39,169528,6118,3.74,162500,172221,1400-8-4,2021-10-26
678,ضفلا1163,اختيارخ فولاد-10000-1400/11/24,44,378,939819000,2271,2489,2500,229,10.08,2486,215,9.47,2400,2800,1400-8-4,2021-10-26
679,نيرو,نيرو سرمايه,43,112629,4625609267,42332,41710,41063,-1269,-3,41730,-602,-1.42,41063,41710,1400-8-4,2021-10-26
680,كهربا,صندوق س.پشتوانه سكه طلا كهربا,41,2122429,21838539510,10312,10291,10275,-37,-0.36,10289,-23,-0.22,10268,10300,1400-8-4,2021-10-26
681,زعف0008پ08,زعفران0008نگين روستا(پ),41,19576,3231300681,161403,162000,169999,8596,5.33,165064,3661,2.27,160000,171900,1400-8-4,2021-10-26
682,كيسون,شركت كيسون,39,158310,1155663000,7525,7300,7300,-225,-2.99,7507,-18,-0.24,7300,7300,1400-8-4,2021-10-26
683,ساروج,بين المللي ساروج بوشهر,39,263229,4246895199,16563,16310,16074,-489,-2.95,16376,-187,-1.13,16067,16310,1400-8-4,2021-10-26
684,اخزا909,اسنادخزانه-م9بودجه99-020316,39,79766,56923523077,711550,711001,714990,3440,0.48,713631,2081,0.29,711001,716000,1400-8-4,2021-10-26
685,فراز,صندوق س.سهام فراز داريك-س,37,356357,5042476998,14149,14149,14149,0,0,14150,1,0.01,14149,14190,1400-8-4,2021-10-26
686,صنوين,صندوق سرمايه‌گذاري صنوين-مختلط,35,3665,363978790,100090,99210,99090,-1000,-1,99310,-780,-0.78,99090,100490,1400-8-4,2021-10-26
687,دكپسولح,ح .توليد ژلاتين كپسول ايران,34,141328,3987857600,28432,29050,28000,-432,-1.52,28217,-215,-0.76,28000,29050,1400-8-4,2021-10-26
688,افق ملت,صندوق س در سهام افق ملت,34,5195,746395200,144020,143000,143020,-1000,-0.69,143680,-340,-0.24,143000,144020,1400-8-4,2021-10-26
689,فيروزا,صندوق بادرآمد ثابت فيروزه آسيا,33,273959,6932372032,25297,25290,25307,10,0.04,25304,7,0.03,25290,25348,1400-8-4,2021-10-26
690,آتيمس,صندوق س.آرمان آتيه درخشان مس-س,32,5529,1023832781,187125,185052,184200,-2925,-1.56,185175,-1950,-1.04,184062,186990,1400-8-4,2021-10-26
691,اخزا003,اسنادخزانه-م3بودجه00-030418,32,96177,53747053932,557353,557353,558535,1182,0.21,558835,1482,0.27,557353,559899,1400-8-4,2021-10-26
692,الماس,صندوق س.امين تدبيرگران فردا-س,31,13149,1392839862,107067,106070,105890,-1177,-1.1,105927,-1140,-1.06,105000,108900,1400-8-4,2021-10-26
693,اخزا815,اسنادخزانه-م15بودجه98-010406,30,88342,76890682530,871175,867000,870231,-944,-0.11,870375,-800,-0.09,867000,872380,1400-8-4,2021-10-26
694,اراد33,مرابحه عام دولت3-ش.خ 0303,29,78700,70585429700,916750,955000,944982,28232,3.08,896892,-19858,-2.17,880000,961000,1400-8-4,2021-10-26
695,اخزا808,اسنادخزانه-م8بودجه98-000817,28,21135,20945828083,992271,991000,991003,-1268,-0.13,991049,-1222,-0.12,991000,993000,1400-8-4,2021-10-26
696,اخزا814,اسنادخزانه-م14بودجه98-010318,27,107512,94602840056,879469,881010,880656,1187,0.13,879928,459,0.05,879001,881451,1400-8-4,2021-10-26
697,اخزا809,اسنادخزانه-م9بودجه98-000923,27,48113,46814326120,973344,973825,973825,481,0.05,973008,-336,-0.03,971500,973825,1400-8-4,2021-10-26
698,غشوكوح,ح . شوكو پارس,25,41503,266407757,6617,6419,6419,-198,-2.99,6419,-198,-2.99,6419,6419,1400-8-4,2021-10-26
699,سخند,صندوق س.سپهرخبرگان نفت-د,24,109200,1099877490,10020,10049,10089,69,0.69,10072,52,0.52,10049,10089,1400-8-4,2021-10-26
700,دقاضي,داروسازي شهيد قاضي,24,127599,3664643280,29608,28720,28720,-888,-3,29275,-333,-1.12,28720,28720,1400-8-4,2021-10-26
701,ثروتم,صندوق س. ثروت آفرين پارسيان-س,24,98830,8512634900,86031,85533,86161,130,0.15,86134,103,0.12,85533,86811,1400-8-4,2021-10-26
702,اخزا005,اسنادخزانه-م5بودجه00-030626,23,52772,28306110085,534600,533009,535904,1304,0.24,536385,1785,0.33,533000,537500,1400-8-4,2021-10-26
703,سدشت,صنايع سيمان دشتستان,23,27671,1034895400,39360,37400,37400,-1960,-4.98,39250,-110,-0.28,37400,37400,1400-8-4,2021-10-26
704,سكه0012پ04,تمام سكه طرح جديد0012صادرات,23,2800,3274122100,1180212,1171500,1171990,-8222,-0.7,1169329,-10883,-0.92,1165101,1171990,1400-8-4,2021-10-26
705,اخزا818,اسنادخزانه-م18بودجه98-010614,22,135615,113836440083,839895,840001,837116,-2779,-0.33,839409,-486,-0.06,837116,840299,1400-8-4,2021-10-26
706,آكورد2,صندوق س. آرمان آتي كوثر-د,22,2200000,2200000,34843,1,1,-34842,-100,1,-34842,-100,1,1,1400-8-4,2021-10-26
707,واحصا,احياء صنايع خراسان,22,7612,404288544,54754,53112,53112,-1642,-3,54684,-70,-0.13,53112,53112,1400-8-4,2021-10-26
708,سكه0011پ02,تمام سكه طرح جديد0011ملت,21,2500,2928778900,1178753,1176450,1170000,-8753,-0.74,1171511,-7242,-0.61,1165005,1177400,1400-8-4,2021-10-26
709,كباده,توليد خاك نسوزاستقلال آباده,21,184133,4010969139,21149,21783,21783,634,3,21395,246,1.16,21783,21783,1400-8-4,2021-10-26
710,وجامي,سرمايه گذاري جامي,21,45492,417161640,9453,9170,9170,-283,-2.99,9441,-12,-0.13,9170,9170,1400-8-4,2021-10-26
711,فكمند,گسترش قطعه سازي كمند,21,116574,3790287036,34225,32514,32514,-1711,-5,33539,-686,-2,32514,32514,1400-8-4,2021-10-26
712,آرمان,بيمه آرمان,20,21933,136774188,6428,6236,6236,-192,-2.99,6425,-3,-0.05,6236,6236,1400-8-4,2021-10-26
713,ضفلا1164,اختيارخ فولاد-12000-1400/11/24,20,422,506139000,1058,1199,1200,142,13.42,1199,141,13.33,1151,1200,1400-8-4,2021-10-26
714,زعف0110پ11,زعفران0110نگين سحرخيز(پ),20,65639,14903178500,100000,220000,231000,131000,131,227048,127048,127.05,220000,231000,1400-8-4,2021-10-26
715,ضشنا1049,اختيارخ شپنا-6540-1400/10/19,20,182,181871000,1019,899,1100,81,7.95,999,-20,-1.96,899,1100,1400-8-4,2021-10-26
716,سفاسي,شركت فارسيت اهواز,19,97679,396186024,4181,4056,4056,-125,-2.99,4176,-5,-0.12,4056,4056,1400-8-4,2021-10-26
717,غشوكو,شوكو پارس,19,9080,91017920,10333,10024,10024,-309,-2.99,10330,-3,-0.03,10024,10024,1400-8-4,2021-10-26
718,صايند2,صندوق س. گنجينه آينده روشن-د,18,1800000,1800000,10146,1,1,-10145,-99.99,1,-10145,-99.99,1,1,1400-8-4,2021-10-26
719,اخزا817,اسنادخزانه-م17بودجه98-010512,18,9293,7927415489,852570,850001,854200,1630,0.19,853052,482,0.06,850001,854200,1400-8-4,2021-10-26
720,اخزا811,اسنادخزانه-م11بودجه98-001013,16,27154,26140954250,962414,959012,960530,-1884,-0.2,962693,279,0.03,959011,962815,1400-8-4,2021-10-26
721,قچار,فراوردههاي غذايي وقند چهارمحال,16,70169,694322255,10415,9895,9895,-520,-4.99,10389,-26,-0.25,9895,9895,1400-8-4,2021-10-26
722,ضشنا8005,اختيارخ شپنا-12800-1400/08/16,16,128,8980000,102,199,50,-52,-50.98,70,-32,-31.37,50,199,1400-8-4,2021-10-26
723,اخزا821,اسنادخزانه-م21بودجه98-020906,16,22271,14193499282,637917,634800,639000,1083,0.17,637309,-608,-0.1,634513,639000,1400-8-4,2021-10-26
724,ضبدر8076,اختيارخ شبندر-3448-1400/08/30,15,60,620170968,2169,2224,1900,-269,-12.4,2207,38,1.75,1900,2225,1400-8-4,2021-10-26
725,وسنا,سرمايه گذاري نيروگاهي ايران,15,45385,589278840,13667,12984,12984,-683,-5,13645,-22,-0.16,12984,12984,1400-8-4,2021-10-26
726,وتعاون,بيمه  تعاون,15,229480,433258240,1946,1888,1888,-58,-2.98,1943,-3,-0.15,1888,1888,1400-8-4,2021-10-26
727,كصدف,كاشي صدف سرام استقلال آباده,15,12751,275549110,22278,21610,21610,-668,-3,22259,-19,-0.09,21610,21610,1400-8-4,2021-10-26
728,اخزا723,اسنادخزانه-م23بودجه97-000824,15,3399,3360591184,992115,992115,987610,-4505,-0.45,988700,-3415,-0.34,987610,992115,1400-8-4,2021-10-26
729,اخزا813,اسنادخزانه-م13بودجه98-010219,15,26910,24084718297,897954,900000,895010,-2944,-0.33,895010,-2944,-0.33,893501,900000,1400-8-4,2021-10-26
730,فنفت,صنايع تجهيزات نفت,15,15774,237288282,15508,15043,15043,-465,-3,15497,-11,-0.07,15043,15043,1400-8-4,2021-10-26
731,اخزا816,اسنادخزانه-م16بودجه98-010503,14,24001,20502837839,856062,849402,857101,1039,0.12,854249,-1813,-0.21,849401,859000,1400-8-4,2021-10-26
732,داريك,صندوق س.اعتماد داريك-د,14,73762,865533496,11727,11733,11734,7,0.06,11734,7,0.06,11733,11737,1400-8-4,2021-10-26
733,بذر,صندوق س بذر اميد آفرين-سهام,14,1799,170793790,95450,94780,95350,-100,-0.1,94940,-510,-0.53,94650,95350,1400-8-4,2021-10-26
734,سرو2,صندوق س سروسودمند مدبران-سهام,13,330000,330000,73140,1,1,-73139,-100,1,-73139,-100,1,1,1400-8-4,2021-10-26
735,برن0104پ01,برنج طارم0104تجارت مازندران(پ),13,466,185658300,398080,398000,398500,420,0.11,398408,328,0.08,396000,400000,1400-8-4,2021-10-26
736,اخزا906,اسنادخزانه-م6بودجه99-020321,13,25193,18045676020,712386,712330,714070,1684,0.24,716297,3911,0.55,713890,719000,1400-8-4,2021-10-26
737,ولانا,شركت ليزينگ آريا دانا,13,15227,241561128,16354,15864,15864,-490,-3,16339,-15,-0.09,15864,15864,1400-8-4,2021-10-26
738,اخزا917,اسنادخزانه-م17بودجه99-010226,13,220006,195805329690,889255,890000,888115,-1140,-0.13,890000,745,0.08,888115,890001,1400-8-4,2021-10-26
739,تابا,تابان نيرو سپاهان,12,20047,580561120,29855,28960,28960,-895,-3,29797,-58,-0.19,28960,28960,1400-8-4,2021-10-26
740,ضفلا1162,اختيارخ فولاد-9000-1400/11/24,12,233,724152000,2985,3000,3000,15,0.5,3108,123,4.12,3000,3300,1400-8-4,2021-10-26
741,عيار2,صندوق سكه طلاي مفيد,12,120000,120000,29860,1,1,-29859,-100,1,-29859,-100,1,1,1400-8-4,2021-10-26
742,ثهام,صندوق س ثروت هامرز-سهام,11,15735,177884396,11396,11350,11300,-96,-0.84,11305,-91,-0.8,11295,11350,1400-8-4,2021-10-26
743,سپرمي,پرميت‌,11,51829,553222746,10569,10674,10674,105,0.99,10600,31,0.29,10674,10674,1400-8-4,2021-10-26
744,كهرام,توليدي گرانيت بهسرام,11,2198,195643980,90826,89010,89010,-1816,-2,90753,-73,-0.08,89010,89010,1400-8-4,2021-10-26
745,ضسپا8045,اختيارخ خساپا-3000-1400/08/26,11,585,585000,1,1,1,0,0,1,0,0,1,1,1400-8-4,2021-10-26
746,ضپاس1011,اختيارخ وپارس-2000-1400/10/22,11,331,147173000,440,450,400,-40,-9.09,445,5,1.14,335,450,1400-8-4,2021-10-26
747,پادا,صندوق س.پاداش سرمايه پارس-س,10,2788,302709900,108631,108600,108670,39,0.04,108576,-55,-0.05,107700,109400,1400-8-4,2021-10-26
748,زعف0110پ16,زعفران0110نگين بيرجند(پ),10,8929,2057099800,100000,220000,231000,131000,131,230384,130384,130.38,220000,231000,1400-8-4,2021-10-26
749,زعف0008پ20,زعفران0008نگين وحدت جام(پ),10,7837,1323998226,162532,165000,169001,6469,3.98,168942,6410,3.94,165000,169001,1400-8-4,2021-10-26
750,ضشنا1048,اختيارخ شپنا-5450-1400/10/19,10,53,99250000,1900,1850,1950,50,2.63,1873,-27,-1.42,1850,1950,1400-8-4,2021-10-26
751,ضشنا8006,اختيارخ شپنا-14800-1400/08/16,10,86,2119000,23,10,15,-8,-34.78,25,2,8.7,10,26,1400-8-4,2021-10-26
752,ولراز,ليزينگ رازي,10,13216,317712640,24783,24040,24040,-743,-3,24751,-32,-0.13,24040,24040,1400-8-4,2021-10-26
753,سكه0111پ05,تمام سكه طرح جديد0111آينده,9,900,1049847500,1178047,1164120,1170000,-8047,-0.68,1166497,-11550,-0.98,1164115,1171498,1400-8-4,2021-10-26
754,كامياب2,صندوق س. كامياب آشنا-د,9,900000,900000,10754,1,1,-10753,-99.99,1,-10753,-99.99,1,1,1400-8-4,2021-10-26
755,نگين,ص.س. زمين و ساختمان نگين شهرري,9,725,37063450,51500,51070,52520,1020,1.98,51120,-380,-0.74,51070,52520,1400-8-4,2021-10-26
756,طذوب904,اختيارف ذوب-4500-14000917,9,50,28967000,451,580,579,128,28.38,579,128,28.38,579,580,1400-8-4,2021-10-26
757,ضسپا8039,اختيارخ خساپا-1200-1400/08/26,8,133,55865000,406,420,420,14,3.45,420,14,3.45,420,425,1400-8-4,2021-10-26
758,ضترا8055,اختيارخ شتران-2118-1400/08/09,8,48,238449861,2245,2000,2450,205,9.13,2191,-54,-2.41,2000,2450,1400-8-4,2021-10-26
759,گپارس,امور رفاهي كارگزاران پارس,8,1800,245842200,140803,136579,136579,-4224,-3,140696,-107,-0.08,136579,136579,1400-8-4,2021-10-26
760,ضپنا8002,اختيارخ رمپنا-13850-1400/08/05,8,17,15396000,960,500,999,39,4.06,906,-54,-5.63,500,1000,1400-8-4,2021-10-26
761,وملت,سرمايه گذاري ملت,8,64737,200361015,3158,3095,3095,-63,-1.99,3155,-3,-0.09,3095,3095,1400-8-4,2021-10-26
762,كسعديح,ح . كاشي‌ سعدي‌,8,123156,1046826000,13840,8500,8500,-5340,-38.58,8500,-5340,-38.58,8500,8500,1400-8-4,2021-10-26
763,زير0103پ01,زيره سبز0103كيميابذر(پ),8,78,60846837,814079,781000,768623,-45456,-5.58,780088,-33991,-4.18,768623,800000,1400-8-4,2021-10-26
764,سيناد,صندوق س.سپهرسودمند سينا-د,8,24577,245885409,10003,10004,10005,2,0.02,10005,2,0.02,10004,10005,1400-8-4,2021-10-26
765,آسام,صندوق س.آرمان سپهر آشنا-م,8,22920,2768656190,121144,120001,120810,-334,-0.28,120797,-347,-0.29,120001,120810,1400-8-4,2021-10-26
766,ضذوب905,اختيارخ ذوب-5000-14000917,8,750,77500000,137,150,100,-37,-27.01,103,-34,-24.82,100,150,1400-8-4,2021-10-26
767,اراد42,مرابحه عام دولت4-ش.خ 0106,7,72300,69718890300,998000,964301,964300,-33700,-3.38,964300,-33700,-3.38,964300,964301,1400-8-4,2021-10-26
768,ضپنا8001,اختيارخ رمپنا-11850-1400/08/05,7,20,53322000,2384,2500,2870,486,20.39,2666,282,11.83,2500,2988,1400-8-4,2021-10-26
769,ضصاد8031,اختيارخ وبصادر-1789-1400/08/12,7,112,12157000,178,100,12,-166,-93.26,109,-69,-38.76,12,110,1400-8-4,2021-10-26
770,ضذوب904,اختيارخ ذوب-4500-14000917,7,50,6300000,216,120,120,-96,-44.44,126,-90,-41.67,120,160,1400-8-4,2021-10-26
771,طچاد1021,اختيارف كچاد-24000-1400/10/05,7,41,20500000,500,500,500,0,0,500,0,0,500,500,1400-8-4,2021-10-26
772,ضشنا8003,اختيارخ شپنا-8800-1400/08/16,7,50,99392000,1859,2100,1999,140,7.53,1988,129,6.94,1900,2150,1400-8-4,2021-10-26
773,وسصفا,شركت س استان اصفهان,7,365800,253865200,730,694,694,-36,-4.93,730,0,0,694,694,1400-8-4,2021-10-26
774,اخزا905,اسنادخزانه-م5بودجه99-020218,7,9017,6563643126,728383,728000,730000,1617,0.22,727919,-464,-0.06,727012,730000,1400-8-4,2021-10-26
775,افران2,صندوق س افرا نماد پايدار-ثابت,7,34400000,34400000,14576,1,1,-14575,-99.99,1,-14575,-99.99,1,1,1400-8-4,2021-10-26
776,اخزا810,اسنادخزانه-م10بودجه98-001006,7,25200,24336120000,965736,965730,965699,-37,0,965719,-17,0,963001,965730,1400-8-4,2021-10-26
777,هماي2,صندوق س هماي آگاه-ثابت,7,6405000,6405000,10023,1,1,-10022,-99.99,1,-10022,-99.99,1,1,1400-8-4,2021-10-26
778,اخزا009,اسناد خزانه-م9بودجه00-031101,6,187,97386154,496205,521014,520000,23795,4.8,520782,24577,4.95,520000,521014,1400-8-4,2021-10-26
779,ضبدر1161,اختيارخ شبندر-4500-1400/11/13,6,53,117618000,2100,2250,2199,99,4.71,2219,119,5.67,2199,2250,1400-8-4,2021-10-26
780,ضترا8056,اختيارخ شتران-2558-1400/08/09,6,19,76878504,5121,1750,1750,-3371,-65.83,1785,-3336,-65.14,1750,1800,1400-8-4,2021-10-26
781,ثاصفا,شركت‌ ساختمان‌ اصفهان‌,6,2400,30861600,13256,12859,12859,-397,-2.99,13255,-1,-0.01,12859,12859,1400-8-4,2021-10-26
782,صشستا311,صكوك اجاره شستا311-بدون ضامن,6,60000,60000000000,1000000,1000000,1000000,0,0,1000000,0,0,1000000,1000000,1400-8-4,2021-10-26
783,ضمخا1035,اختيارخ اخابر-7000-1400/10/26,6,211,325400000,1925,1550,1400,-525,-27.27,1542,-383,-19.9,1400,1550,1400-8-4,2021-10-26
784,اراد50,مرابحه عام دولت5-ش.خ0302,5,40500,40500020000,1000001,1000000,1000001,0,0,1000000,-1,0,1000000,1000001,1400-8-4,2021-10-26
785,اراد61,مرابحه عام دولت61-ش.خ0309,5,50000,50000050000,1000000,1000001,1000001,1,0,1000001,1,0,1000001,1000001,1400-8-4,2021-10-26
786,گوهر2,صندوق سكه طلاي كيان,5,50000,50000,58736,1,1,-58735,-100,1,-58735,-100,1,1,1400-8-4,2021-10-26
787,طخود1051,اختيارف خودرو-1800-1400/10/08,5,123,20910000,151,140,190,39,25.83,170,19,12.58,140,190,1400-8-4,2021-10-26
788,پست0008پ08,پسته فندقي32-30مه ولات0008(پ),5,64,123071684,1877456,1913000,1971328,93872,5,1922995,45539,2.43,1913000,1971328,1400-8-4,2021-10-26
789,ضترا8058,اختيارخ شتران-3442-1400/08/09,5,17,42098190,954,1050,950,-4,-0.42,1092,138,14.47,950,1170,1400-8-4,2021-10-26
790,طسپا8040,اختيارف خساپا-1400-1400/08/26,5,350,7000000,20,20,20,0,0,20,0,0,20,20,1400-8-4,2021-10-26
791,زعف0110پ21,زعفران0110نگين ملل(پ),5,1569,347749000,100000,221000,231000,131000,131,221637,121637,121.64,221000,231000,1400-8-4,2021-10-26
792,طفلا1163,اختيارف فولاد-10000-1400/11/24,5,75,15000000,350,200,200,-150,-42.86,200,-150,-42.86,200,200,1400-8-4,2021-10-26
793,اخزا907,اسنادخزانه-م7بودجه99-020704,5,8661,5744760830,664349,663070,664100,-249,-0.04,663291,-1058,-0.16,663070,664100,1400-8-4,2021-10-26
794,ضپنا8000,اختيارخ رمپنا-9850-1400/08/05,5,31,152597000,4853,4500,5000,147,3.03,4922,69,1.42,4500,5000,1400-8-4,2021-10-26
795,افاد534,منفعت دولت5-ش.خاص كاريزما0108,4,5999000,5837248884000,964000,983116,968000,4000,0.41,973037,9037,0.94,968000,983116,1400-8-4,2021-10-26
796,ضپال2006,اختيارخ اپال-28000-1401/02/12,4,115,132700000,1227,1250,1100,-127,-10.35,1154,-73,-5.95,1100,1250,1400-8-4,2021-10-26
797,اطلس2,صندوق س.توسعه اندوخته آينده-س,4,40000,40000,247794,1,1,-247793,-100,1,-247793,-100,1,1,1400-8-4,2021-10-26
798,ضسپا8040,اختيارخ خساپا-1400-1400/08/26,4,65,13660000,211,260,202,-9,-4.27,210,-1,-0.47,200,260,1400-8-4,2021-10-26
799,زعف0110پ05,زعفران0110نگين زرين(پ),4,1100,254100000,100000,231000,231000,131000,131,231000,131000,131,231000,231000,1400-8-4,2021-10-26
800,ضملي1161,اختيارخ فملي-7000-1400/11/03,4,6,9700000,1467,1280,1740,273,18.61,1617,150,10.22,1280,1740,1400-8-4,2021-10-26
801,دشيري,شيرين دارو,4,878,135297166,158862,154097,154097,-4765,-3,158795,-67,-0.04,154097,154097,1400-8-4,2021-10-26
802,ضصاد8032,اختيارخ وبصادر-1989-1400/08/12,4,320,5620000,5,15,6,1,20,18,13,260,6,20,1400-8-4,2021-10-26
803,زير0103پ04,زيره سبز0103شركت مينوبذر(پ),4,28,21627907,803845,781000,768700,-35145,-4.37,772425,-31420,-3.91,768700,781000,1400-8-4,2021-10-26
804,زعف0008پ12,زعفران0008پوشالمعمول سحرخيز(پ),4,1103,154729522,136357,140000,143174,6817,5,140281,3924,2.88,140000,143174,1400-8-4,2021-10-26
805,ثنام,س ساختماني ب نام آوران مهندسي,4,3112,34169760,11557,10980,10980,-577,-4.99,11555,-2,-0.02,10980,10980,1400-8-4,2021-10-26
806,ونچر4,ص.ج.فيروزه40%تاديه,4,172034,19783910000,127784,115000,115000,-12784,-10,115000,-12784,-10,115000,115000,1400-8-4,2021-10-26
807,تملي809,تسهيلات مسكن ب. ملي-آذر98,4,42,23306148,535774,508986,562562,26788,5,554908,19134,3.57,508986,562562,1400-8-4,2021-10-26
808,طسپا8041,اختيارف خساپا-1600-1400/08/26,4,40,1801000,99,41,50,-49,-49.49,45,-54,-54.55,40,50,1400-8-4,2021-10-26
809,طخود1050,اختيارف خودرو-1600-1400/10/08,4,210,14710000,96,71,70,-26,-27.08,70,-26,-27.08,70,71,1400-8-4,2021-10-26
810,ضشنا8001,اختيارخ شپنا-6800-1400/08/16,4,13,39138000,3506,3009,3016,-490,-13.98,3011,-495,-14.12,3009,3016,1400-8-4,2021-10-26
811,گكيش,توريستي ورفاهي آبادگران كيش,4,1377,55075869,41233,39997,39997,-1236,-3,41226,-7,-0.02,39997,39997,1400-8-4,2021-10-26
812,كهربا2,صندوق س.پشتوانه سكه طلا كهربا,3,2100000,2100000,10312,1,1,-10311,-99.99,1,-10311,-99.99,1,1,1400-8-4,2021-10-26
813,زعف0110پ08,زعفران0110نگين روستا(پ),3,700,156200000,100000,220000,231000,131000,131,223143,123143,123.14,220000,231000,1400-8-4,2021-10-26
814,اگ010155,گام بانك اقتصاد نوين0101,3,27500,24750000000,900942,900000,900000,-942,-0.1,900000,-942,-0.1,900000,900000,1400-8-4,2021-10-26
815,ضسپا1112,اختيارخ خساپا-1600-1400/11/20,3,17,4855000,357,270,295,-62,-17.37,286,-71,-19.89,270,300,1400-8-4,2021-10-26
816,وحافظ,بيمه حافظ,3,38100,387819900,10493,10179,10179,-314,-2.99,10480,-13,-0.12,10179,10179,1400-8-4,2021-10-26
817,ضجار1020,اختيارخ وتجارت-1600-1400/10/15,3,88,42000000,481,480,400,-81,-16.84,477,-4,-0.83,400,480,1400-8-4,2021-10-26
818,طخود1049,اختيارف خودرو-1400-1400/10/08,3,160,5830000,50,40,35,-15,-30,36,-14,-28,33,40,1400-8-4,2021-10-26
819,خفناور,مهندسي صنعتي روان فن آور,3,691,28682028,42791,41508,41508,-1283,-3,42787,-4,-0.01,41508,41508,1400-8-4,2021-10-26
820,ضپاس1010,اختيارخ وپارس-1800-1400/10/22,3,103,67680000,750,660,550,-200,-26.67,657,-93,-12.4,550,660,1400-8-4,2021-10-26
821,اراد874,مرابحه عام دولت87-ش.خ030304,3,5284800,4775481017000,926800,892988,918910,-7890,-0.85,903626,-23174,-2.5,892967,918910,1400-8-4,2021-10-26
822,حاريا,كشتيراني آريا,3,3440,52566640,15592,15281,15281,-311,-1.99,15589,-3,-0.02,15281,15281,1400-8-4,2021-10-26
823,اخزا007,اسنادخزانه-م7بودجه00-030912,3,381,194915690,512803,511120,513999,1196,0.23,511590,-1213,-0.24,511120,513999,1400-8-4,2021-10-26
824,وسرضوي,س.سهام عدالت استان خراسان رضوي,3,24300,16888500,731,695,695,-36,-4.92,731,0,0,695,695,1400-8-4,2021-10-26
825,وآذر2,سرمايه‌گذاري‌توسعه‌آذربايجان‌,3,8000000,328160000000,41860,41020,41020,-840,-2.01,41020,-840,-2.01,41020,41020,1400-8-4,2021-10-26
826,ضسپا1111,اختيارخ خساپا-1400-1400/11/20,3,240,98400000,1,400,410,409,40900,410,409,40900,400,420,1400-8-4,2021-10-26
827,وسخراش,شركت س استان خراسان شمالي,3,17880,23261880,1369,1301,1301,-68,-4.97,1369,0,0,1301,1301,1400-8-4,2021-10-26
828,ضصاد1114,اختيارخ وبصادر-2500-1400/11/06,3,36,9900000,169,180,500,331,195.86,275,106,62.72,180,500,1400-8-4,2021-10-26
829,طسپا8043,اختيارف خساپا-2000-1400/08/26,3,10,2639000,400,280,129,-271,-67.75,264,-136,-34,129,280,1400-8-4,2021-10-26
830,كمند2,صندوق س. با درآمد ثابت كمند,2,130800000,130800000,10100,1,1,-10099,-99.99,1,-10099,-99.99,1,1,1400-8-4,2021-10-26
831,زعف0110پ18,زعفران0110نگين بهرامن(پ),2,4000,924000000,100000,231000,231000,131000,131,231000,131000,131,231000,231000,1400-8-4,2021-10-26
832,پاسار042,اجاره انرژي پاسارگاد14040302,2,160000,160000000000,1000000,1000000,1000000,0,0,1000000,0,0,1000000,1000000,1400-8-4,2021-10-26
833,سخواف,سيمان مجد خواف,2,2780,28100240,10420,10108,10108,-312,-2.99,10419,-1,-0.01,10108,10108,1400-8-4,2021-10-26
834,پست0008پ09,پسته بادامي30-28مه ولات0008(پ),2,22,38500000,1828000,1750000,1750000,-78000,-4.27,1750000,-78000,-4.27,1750000,1750000,1400-8-4,2021-10-26
835,ضبدر1164,اختيارخ شبندر-7000-1400/11/13,2,20,12000000,1000,600,600,-400,-40,600,-400,-40,600,600,1400-8-4,2021-10-26
836,ساذري,آذريت‌,2,1601,15145460,9185,9460,9460,275,2.99,9185,0,0,9460,9460,1400-8-4,2021-10-26
837,ضپنا8004,اختيارخ رمپنا-17850-1400/08/05,2,4,24000,264,11,1,-263,-99.62,6,-258,-97.73,1,11,1400-8-4,2021-10-26
838,فولاد2,فولاد مباركه اصفهان,2,100000000,1105000000000,10960,11050,11050,90,0.82,11050,90,0.82,11050,11050,1400-8-4,2021-10-26
839,اراد784,مرابحه عام دولت78-ش.خ001112,2,5195073,5148317343000,961525,991000,991000,29475,3.07,991000,29475,3.07,991000,991000,1400-8-4,2021-10-26
840,سايرا,ايرانيت‌,2,4200,145202400,35277,34572,34572,-705,-2,35256,-21,-0.06,34572,34572,1400-8-4,2021-10-26
841,ضشنا1051,اختيارخ شپنا-8719-1400/10/19,2,12,5400000,301,450,450,149,49.5,450,149,49.5,450,450,1400-8-4,2021-10-26
842,اخزا812,اسنادخزانه-م12بودجه98-001111,2,1139,1079033928,947553,947352,947352,-201,-0.02,947352,-201,-0.02,947352,947352,1400-8-4,2021-10-26
843,تملي706,تسهيلات مسكن ب. ملي-شهريور97,2,9,5850000,683406,650000,650000,-33406,-4.89,650000,-33406,-4.89,650000,650000,1400-8-4,2021-10-26
844,ضصاد8030,اختيارخ وبصادر-1589-1400/08/12,2,8,2490000,250,165,399,149,59.6,311,61,24.4,165,399,1400-8-4,2021-10-26
845,اخزا820,اسنادخزانه-م20بودجه98-020806,2,127,82255320,651000,652000,647012,-3988,-0.61,647680,-3320,-0.51,647012,652000,1400-8-4,2021-10-26
846,مشهد0012,مشاركت شهرداري مشهد-3ماهه20%,2,337,337000000,995098,1000000,1000000,4902,0.49,1000000,4902,0.49,1000000,1000000,1400-8-4,2021-10-26
847,زعف0110پ19,زعفران0110نگين تروند قاينات(پ),2,1000,225500500,100000,220001,231000,131000,131,225500,125500,125.5,220001,231000,1400-8-4,2021-10-26
848,اخزا0012,اسنادخزانه-م1بودجه00-030821,2,847226,439456126200,517246,518700,518700,1454,0.28,518700,1454,0.28,518700,518700,1400-8-4,2021-10-26
849,صشستا3112,صكوك اجاره شستا311-بدون ضامن,2,80000,80000000000,1000000,1000000,1000000,0,0,1000000,0,0,1000000,1000000,1400-8-4,2021-10-26
850,اخزا904,اسنادخزانه-م4بودجه99-011215,2,2100,1589090000,754505,756700,756900,2395,0.32,756709,2204,0.29,756700,756900,1400-8-4,2021-10-26
851,ضمخا1037,اختيارخ اخابر-9000-1400/10/26,2,12,7080000,800,590,590,-210,-26.25,590,-210,-26.25,590,590,1400-8-4,2021-10-26
852,ضصاد1113,اختيارخ وبصادر-2000-1400/11/06,2,60,14000000,205,200,240,35,17.07,233,28,13.66,200,240,1400-8-4,2021-10-26
853,ضفرابورس1200,اختيارخ فرابورس-19000-14001218,2,2,18499000,1003,10499,8000,6997,697.61,9249,8246,822.13,8000,10499,1400-8-4,2021-10-26
854,ضترا8057,اختيارخ شتران-3000-1400/08/09,2,24,76155331,1311,1399,1400,89,6.79,1400,89,6.79,1399,1400,1400-8-4,2021-10-26
855,ضجار1022,اختيارخ وتجارت-2000-1400/10/15,2,130,24500000,161,250,170,9,5.59,188,27,16.77,170,250,1400-8-4,2021-10-26
856,ضفلا1165,اختيارخ فولاد-14000-1400/11/24,2,3,900000,200,200,500,300,150,300,100,50,200,500,1400-8-4,2021-10-26
857,سنوين,سرمايه گذاري اقتصاد نوين,2,1683,12322926,7548,7322,7322,-226,-2.99,7548,0,0,7322,7322,1400-8-4,2021-10-26
858,ومدير2,گ.مديريت ارزش سرمايه ص ب كشوري,1,89900000,388278100000,4292,4319,4319,27,0.63,4319,27,0.63,4319,4319,1400-8-4,2021-10-26
859,ضبدر8079,اختيارخ شبندر-6011-1400/08/30,1,2,3100808,285,331,331,46,16.14,331,46,16.14,331,331,1400-8-4,2021-10-26
860,صمعاد4122,صكوك اجاره معادن412-6ماهه21%,1,315250,315250000000,1026700,1000000,1000000,-26700,-2.6,1000000,-26700,-2.6,1000000,1000000,1400-8-4,2021-10-26
861,ضپنا8003,اختيارخ رمپنا-15850-1400/08/05,1,1,30000,50,30,30,-20,-40,30,-20,-40,30,30,1400-8-4,2021-10-26
862,ضشگويا1204,اختيارخ شگويا-14000-14001222,1,5,4000000,1700,800,800,-900,-52.94,800,-900,-52.94,800,800,1400-8-4,2021-10-26
863,ضفلا1160,اختيارخ فولاد-7000-1400/11/24,1,1,5000000,4999,5000,5000,1,0.02,5000,1,0.02,5000,5000,1400-8-4,2021-10-26
864,زير0103پ02,زيره سبز0103 دانش(پ),1,10,7686230,803845,768623,768623,-35222,-4.38,768623,-35222,-4.38,768623,768623,1400-8-4,2021-10-26
865,ضپنا1031,اختيارخ رمپنا-13850-1400/10/08,1,10,23000000,4000,2300,2300,-1700,-42.5,2300,-1700,-42.5,2300,2300,1400-8-4,2021-10-26
866,اراد78,مرابحه عام دولت78-ش.خ001112,1,5000,4955000000,961525,991000,991000,29475,3.07,991000,29475,3.07,991000,991000,1400-8-4,2021-10-26
867,اراد36,مرابحه عام دولت3-ش.خ 0104,1,200000,192710000000,963550,963550,963550,0,0,963550,0,0,963550,963550,1400-8-4,2021-10-26
868,اوصتا4,صندوق انديشه ورزان صباتامين -د,1,2500000,50770000000,20249,20308,20308,59,0.29,20308,59,0.29,20308,20308,1400-8-4,2021-10-26
869,شتهران,داروسازي تهران شيمي,1,2000,14632000,7173,7316,7316,143,1.99,7173,0,0,7316,7316,1400-8-4,2021-10-26
870,ضبدر8074,اختيارخ شبندر-2595-1400/08/30,1,3,44966400,2978,3200,3200,222,7.45,3200,222,7.45,3200,3200,1400-8-4,2021-10-26
871,اخزا0062,اسنادخزانه-م6بودجه00-030723,1,212325,112426087500,526335,529500,529500,3165,0.6,529500,3165,0.6,529500,529500,1400-8-4,2021-10-26
872,اراد334,مرابحه عام دولت3-ش.خ 0303,1,298000,259531776000,916750,870912,870912,-45838,-5,870912,-45838,-5,870912,870912,1400-8-4,2021-10-26
873,صپا ه 6,بار پايه هفته 6صنعتي,1,10000,6000000,385,600,600,215,55.84,600,215,55.84,600,600,1400-8-4,2021-10-26
874,اشاد10,مشاركت دولتي10-شرايط خاص001226,1,500,492499500,971000,984999,984999,13999,1.44,984999,13999,1.44,984999,984999,1400-8-4,2021-10-26
875,زعف0008پ19,زعفران0008نگين تروند قاينات(پ),1,59,9735059,164000,165001,165001,1001,0.61,165001,1001,0.61,165001,165001,1400-8-4,2021-10-26
876,ضپيك1028,اختيارخ تاپيكو-9000-00/10/15,1,5,29500000,5807,5900,5900,93,1.6,5900,93,1.6,5900,5900,1400-8-4,2021-10-26
877,هبساز103,اختيارف ت ثبهساز-2346-01/03/18,1,200,103400,442,517,517,75,16.97,517,75,16.97,517,517,1400-8-4,2021-10-26
878,طفلا1162,اختيارف فولاد-9000-1400/11/24,1,2,200000,100,100,100,0,0,100,0,0,100,100,1400-8-4,2021-10-26
879,شلرد02,كود شيميايي اوره لردگان,1,5,4985000,993000,997000,997000,4000,0.4,997000,4000,0.4,997000,997000,1400-8-4,2021-10-26
880,اگ0012542,گام بانك پارسيان0012,1,281000,259082000000,921000,922000,922000,1000,0.11,922000,1000,0.11,922000,922000,1400-8-4,2021-10-26
881,اخزا9032,اسنادخزانه-م3بودجه99-011110,1,254679,195593472000,770103,768000,768000,-2103,-0.27,768000,-2103,-0.27,768000,768000,1400-8-4,2021-10-26
882,ضغدر8057,اختيارخ وغدير-9000-1400/08/26,1,1,5000000,7264,5000,5000,-2264,-31.17,5000,-2264,-31.17,5000,5000,1400-8-4,2021-10-26
883,ضترا1131,اختيارخ شتران-3529-1400/11/10,1,1,3536520,1557,1560,1560,3,0.19,1560,3,0.19,1560,1560,1400-8-4,2021-10-26
884,ضبدر8078,اختيارخ شبندر-5157-1400/08/30,1,1,5011880,1600,1070,1070,-530,-33.13,1070,-530,-33.13,1070,1070,1400-8-4,2021-10-26
885,تپولا,مهندسي مرآت پولاد,1,500,9611500,19817,19223,19223,-594,-3,19816,-1,-0.01,19223,19223,1400-8-4,2021-10-26
886,ضملي1159,اختيارخ فملي-5000-1400/11/03,1,45,184500000,4799,4100,4100,-699,-14.57,4100,-699,-14.57,4100,4100,1400-8-4,2021-10-26
887,ضصاد8034,اختيارخ وبصادر-2989-1400/08/12,1,1,1000,1,1,1,0,0,1,0,0,1,1,1400-8-4,2021-10-26
888,ضپاس1013,اختيارخ وپارس-3000-1400/10/22,1,1,190000,288,190,190,-98,-34.03,190,-98,-34.03,190,190,1400-8-4,2021-10-26
889,ضسپا1113,اختيارخ خساپا-1800-1400/11/20,1,55,10450000,313,190,190,-123,-39.3,190,-123,-39.3,190,190,1400-8-4,2021-10-26
890,گواهي ظرفيت,گواهي ظرفيت نقدي,1,670000,19727480000,28042,29444,29444,1402,5,28080,38,0.14,29444,29444,1400-8-4,2021-10-26
891,ضصاد1117,اختيارخ وبصادر-4000-1400/11/06,1,100,65000000,255,650,650,395,154.9,650,395,154.9,650,650,1400-8-4,2021-10-26
892,ثقزوي,شركت عمران و سازندگي قزوين,1,248,6978472,29619,28139,28139,-1480,-5,29618,-1,0,28139,28139,1400-8-4,2021-10-26
893,طمخا1035,اختيارف اخابر-7000-1400/10/26,1,10,2500000,1,250,250,249,24900,250,249,24900,250,250,1400-8-4,2021-10-26
894,ضسپا1110,اختيارخ خساپا-1200-1400/11/20,1,3,1650000,233,550,550,317,136.05,550,317,136.05,550,550,1400-8-4,2021-10-26
895,ضمخا1036,اختيارخ اخابر-8000-1400/10/26,1,11,9900000,1100,900,900,-200,-18.18,900,-200,-18.18,900,900,1400-8-4,2021-10-26
896,ثشاهد2,سرمايه‌ گذاري‌ شاهد,1,40000000,479600000000,12510,11990,11990,-520,-4.16,11990,-520,-4.16,11990,11990,1400-8-4,2021-10-26
897,شرق1400,مشاركت ليزينگ ايران وشرق140010,1,200,201199800,999800,1005999,1005999,6199,0.62,1005999,6199,0.62,1005999,1005999,1400-8-4,2021-10-26
898,طصاد8033,اختيارف وبصادر-2489-1400/08/12,1,1,600000,400,600,600,200,50,600,200,50,600,600,1400-8-4,2021-10-26
899,شپديس2,پتروشيمي پرديس,1,555556,100000080000,172480,180000,180000,7520,4.36,180000,7520,4.36,180000,180000,1400-8-4,2021-10-26
900,ضسپا1109,اختيارخ خساپا-1000-1400/11/20,1,2,1302000,651,651,651,0,0,651,0,0,651,651,1400-8-4,2021-10-26
901,تصميم2,صندوق س با درآمد ثابت تصميم,1,300000,300000,17774,1,1,-17773,-99.99,1,-17773,-99.99,1,1,1400-8-4,2021-10-26
902,ضترا8060,اختيارخ شتران-4323-1400/08/09,1,3,340050,300,50,50,-250,-83.33,50,-250,-83.33,50,50,1400-8-4,2021-10-26
903,ضمخا1034,اختيارخ اخابر-6000-1400/10/26,1,12,24600000,2216,2050,2050,-166,-7.49,2050,-166,-7.49,2050,2050,1400-8-4,2021-10-26
904,فافق4,صنايع مس افق كرمان,1,15000000,64110000000,4411,4274,4274,-137,-3.11,4274,-137,-3.11,4274,4274,1400-8-4,2021-10-26
905,اراد434,مرابحه عام دولت4-ش.خ 0205,1,340500,330285000000,924710,970000,970000,45290,4.9,970000,45290,4.9,970000,970000,1400-8-4,2021-10-26
906,داريوش2,صندوق س. ثروت داريوش -س,1,700000,700000,9637,1,1,-9636,-99.99,1,-9636,-99.99,1,1,1400-8-4,2021-10-26
907,ضشنا8007,اختيارخ شپنا-16800-1400/08/16,1,2,20000,1,10,10,9,900,10,9,900,10,10,1400-8-4,2021-10-26
908,اخزا9182,اسنادخزانه-م18بودجه99-010323,1,189454,165863187920,875216,875480,875480,264,0.03,875480,264,0.03,875480,875480,1400-8-4,2021-10-26
909,اراد60,مرابحه عام دولتي6-ش.خ0210,1,1000,935000000,935000,935000,935000,0,0,935000,0,0,935000,935000,1400-8-4,2021-10-26
910,ضشنا8002,اختيارخ شپنا-7800-1400/08/16,1,1,2500000,3759,2500,2500,-1259,-33.49,2500,-1259,-33.49,2500,2500,1400-8-4,2021-10-26
911,كمند4,صندوق س. با درآمد ثابت كمند,1,80000000,808320000000,10100,10104,10104,4,0.04,10104,4,0.04,10104,10104,1400-8-4,2021-10-26
912,هاميد104,اختيارف ت ثاميد-2050-01/04/20,1,31,12028,294,388,388,94,31.97,388,94,31.97,388,388,1400-8-4,2021-10-26
913,اراد314,مرابحه عام دولت3-ش.خ 0208,1,4500000,4066650000000,900000,903700,903700,3700,0.41,903700,3700,0.41,903700,903700,1400-8-4,2021-10-26
914,ضچاد1021,اختيارخ كچاد-24000-1400/10/05,1,1,6600000,6093,6600,6600,507,8.32,6600,507,8.32,6600,6600,1400-8-4,2021-10-26
915,پارسيان2,بيمه پارسيان,1,20000000,203000000000,10260,10150,10150,-110,-1.07,10150,-110,-1.07,10150,10150,1400-8-4,2021-10-26
916,اخزا0082,اسنادخزانه-م8بودجه00-030919,1,160000,82240000000,507718,514000,514000,6282,1.24,514000,6282,1.24,514000,514000,1400-8-4,2021-10-26
917,وغدير2,سرمايه‌گذاري‌غدير(هلدينگ‌,1,17000000,258400000000,15010,15200,15200,190,1.27,15200,190,1.27,15200,15200,1400-8-4,2021-10-26
918,دماوند2,توليد نيروي برق دماوند,1,23980000,479600000000,20027,20000,20000,-27,-0.13,20000,-27,-0.13,20000,20000,1400-8-4,2021-10-26
919,آگاس2,صندوق س.هستي بخش آگاه-س,1,100000,100000,80899,1,1,-80898,-100,1,-80898,-100,1,1,1400-8-4,2021-10-26
920,اراد624,مرابحه عام دولت62-ش.خ0309,1,4999000,4704528906000,1000000,941094,941094,-58906,-5.89,941094,-58906,-5.89,941094,941094,1400-8-4,2021-10-26
921,اراد504,مرابحه عام دولت5-ش.خ0302,1,2499000,2384335884000,1000001,954116,954116,-45885,-4.59,954116,-45885,-4.59,954116,954116,1400-8-4,2021-10-26
922,صايپا308,صكوك مرابحه سايپا308-3ماهه 18%,1,1000,980000000,999992,980000,980000,-19992,-2,980000,-19992,-2,980000,980000,1400-8-4,2021-10-26
923,سنفت004,سلف موازي استاندارد سنفت004,1,16130,20001200000,1240000,1240000,1240000,0,0,1240000,0,0,1240000,1240000,1400-8-4,2021-10-26
924,اراد87,مرابحه عام دولت87-ش.خ030304,1,5000,4594550000,926800,918910,918910,-7890,-0.85,918910,-7890,-0.85,918910,918910,1400-8-4,2021-10-26
925,تابان042,اجاره تابان سپهر14031126,1,260000,250471000000,969600,963350,963350,-6250,-0.64,963350,-6250,-0.64,963350,963350,1400-8-4,2021-10-26
926,ضترا8059,اختيارخ شتران-3882-1400/08/09,1,1,2038033,131,899,899,768,586.26,899,768,586.26,899,899,1400-8-4,2021-10-26
927,تملي701,تسهيلات مسكن ب. ملي-فروردين97,1,7,5081531,760909,725933,725933,-34976,-4.6,725933,-34976,-4.6,725933,725933,1400-8-4,2021-10-26
