,نماد,نام,تعداد,حجم,ارزش,دیروز,اولین,آخرین معامله - مقدار,آخرین معامله - تغییر,آخرین معامله - درصد,قیمت پایانی - مقدار,قیمت پایانی - تغییر,قیمت پایانی - درصد,کمترین,بیشترین,تاریخ,gregorian_date
0,پالايش,صندوق پالايشي يكم-سهام,32534,24173543,1968746770830,83520,83200,80800,-2720,-3.26,81440,-2080,-2.49,80610,83200,1400-1-8,2021-03-28
1,سپيدار,سپيدار سيستم آسيا,29679,2263545,148042198174,66178,66000,64855,-1323,-2,65403,-775,-1.17,64855,67410,1400-1-8,2021-03-28
2,ثبهساز,بهساز كاشانه تهران,27693,280889626,678061827230,2320,2280,2450,130,5.6,2410,90,3.88,2280,2450,1400-1-8,2021-03-28
3,شستا,سرمايه گذاري تامين اجتماعي,23037,132706197,1518388998400,10650,11410,11420,770,7.23,11440,790,7.42,11300,11660,1400-1-8,2021-03-28
4,خساپا,سايپا,21905,796064822,1976687235670,2450,2500,2460,10,0.41,2480,30,1.22,2420,2560,1400-1-8,2021-03-28
5,زملارد,كشاورزي و دامپروري ملارد شير,19468,3357552,126617222453,35775,37910,37921,2146,6,37711,1936,5.41,36500,37921,1400-1-8,2021-03-28
6,اپال,فرآوري معدني اپال كاني پارس,18864,34801100,604978742540,17610,17280,17670,60,0.34,17380,-230,-1.31,17260,17930,1400-1-8,2021-03-28
7,دارا يكم,صندوق واسطه گري مالي يكم-سهام,15959,8450379,1228146373900,146360,146960,145000,-1360,-0.93,145340,-1020,-0.7,143000,147590,1400-1-8,2021-03-28
8,كزغال,زغال سنگ پروده طبس,15015,7069189,266363712102,38353,37800,37586,-767,-2,37680,-673,-1.75,37586,38800,1400-1-8,2021-03-28
9,شتران,پالايش نفت تهران,14776,137809886,1384642290910,10200,10310,10000,-200,-1.96,10050,-150,-1.47,10000,10350,1400-1-8,2021-03-28
10,خگستر,گسترش‌سرمايه‌گذاري‌ايران‌خودرو,14121,332963922,1026395581280,3020,3100,3040,20,0.66,3080,60,1.99,3000,3190,1400-1-8,2021-03-28
11,خودرو,ايران‌ خودرو,13933,343600591,909653823820,2630,2670,2610,-20,-0.76,2650,20,0.76,2590,2730,1400-1-8,2021-03-28
12,فولاد,فولاد مباركه اصفهان,11461,84018743,1159415227850,14060,14060,13780,-280,-1.99,13800,-260,-1.85,13780,14060,1400-1-8,2021-03-28
13,خپارس,پارس‌ خودرو,8741,161273112,1008012818570,5910,6260,6260,350,5.92,6250,340,5.75,6110,6260,1400-1-8,2021-03-28
14,فملي,ملي‌ صنايع‌ مس‌ ايران‌,8657,38573200,510138190180,13430,13300,13170,-260,-1.94,13230,-200,-1.49,13170,13580,1400-1-8,2021-03-28
15,ثاميد,توسعه و عمران اميد,8610,93543136,155280357490,1630,1650,1680,50,3.07,1660,30,1.84,1610,1700,1400-1-8,2021-03-28
16,حكشتي,كشتيراني جمهوري اسلامي ايران,8322,26428530,531001687590,20250,20600,19890,-360,-1.78,20090,-160,-0.79,19850,20840,1400-1-8,2021-03-28
17,كارين2,صندوق س نگين سامان-ثابت,8000,80000000,80000000,10075,1,1,-10074,-99.99,1,-10074,-99.99,1,1,1400-1-8,2021-03-28
18,ولپارس,ليزينگ پارسيان,7996,8213091,43015071720,5150,5380,5180,30,0.58,5220,70,1.36,5160,5400,1400-1-8,2021-03-28
19,كاما,باما,7409,29270116,418004894580,14050,14300,14200,150,1.07,14280,230,1.64,13900,14630,1400-1-8,2021-03-28
20,شاروم,پتروشيمي اروميه,7395,3530433,66320319154,19010,18870,18900,-110,-0.58,18785,-225,-1.18,18630,19290,1400-1-8,2021-03-28
21,شپنا,پالايش نفت اصفهان,7158,50952492,720535521560,14390,14350,14110,-280,-1.95,14140,-250,-1.74,14110,14370,1400-1-8,2021-03-28
22,وكبهمن,مديريت سرمايه گذاري كوثربهمن,7139,2701513,32742247570,12276,12114,12060,-216,-1.76,12173,-103,-0.84,12036,12399,1400-1-8,2021-03-28
23,سيتا,سرمايه گذاري سيمان تامين,7116,14263857,221626567450,15200,15200,15600,400,2.63,15540,340,2.24,15010,15990,1400-1-8,2021-03-28
24,آبادا,توليد نيروي برق آبادان,6787,2709096,38694907270,14340,14160,14350,10,0.07,14300,-40,-0.28,14090,14570,1400-1-8,2021-03-28
25,رافزا,رايان هم افزا,5949,288350,28728022150,93990,99629,99629,5639,6,96991,3001,3.19,99629,99629,1400-1-8,2021-03-28
26,كرمان,س. توسعه و عمران استان كرمان,5679,7758626,386598212248,50235,50020,49231,-1004,-2,49828,-407,-0.81,49231,51490,1400-1-8,2021-03-28
27,بگيلان,توسعه مسير برق گيلان,5594,3311330,74554277855,22286,22160,22422,136,0.61,22515,229,1.03,21850,22980,1400-1-8,2021-03-28
28,ذوب,سهامي ذوب آهن  اصفهان,5539,63757240,263797891742,4113,4170,4090,-23,-0.56,4138,25,0.61,4060,4230,1400-1-8,2021-03-28
29,بپيوند,برق و انرژي پيوندگستر پارس,5409,5012558,71201630949,14369,14211,14120,-249,-1.73,14205,-164,-1.14,14082,14680,1400-1-8,2021-03-28
30,سيستم,همكاران سيستم,5383,16799647,501390605990,28550,30260,30100,1550,5.43,29850,1300,4.55,28310,30260,1400-1-8,2021-03-28
31,بترانس,ايران‌ ترانسفو,5193,172631394,518663527380,2840,2910,3010,170,5.99,3000,160,5.63,2900,3010,1400-1-8,2021-03-28
32,آريا,پليمر آريا ساسول,5099,2292276,206942971121,90768,91020,90500,-268,-0.3,90278,-490,-0.54,89953,91420,1400-1-8,2021-03-28
33,بوعلي,پتروشيمي بوعلي سينا,4837,4061313,181452905880,45550,45000,44670,-880,-1.93,44680,-870,-1.91,44640,45850,1400-1-8,2021-03-28
34,رمپنا,گروه مپنا (سهامي عام),4760,34048645,639708801960,18140,19220,18560,420,2.32,18790,650,3.58,18310,19220,1400-1-8,2021-03-28
35,كلر,كلر پارس,4646,2789646,378971677880,128695,134586,136416,7721,6,135849,7154,5.56,131200,136416,1400-1-8,2021-03-28
36,وپست,پست بانك ايران,4602,25277624,557075656910,21260,21770,22530,1270,5.97,22040,780,3.67,20840,22530,1400-1-8,2021-03-28
37,سصوفي,سيمان‌ صوفيان‌,4303,15528150,323213400540,19550,20000,21000,1450,7.42,20810,1260,6.45,19600,21200,1400-1-8,2021-03-28
38,خزاميا,زامياد,4124,36540063,304591090560,8230,8470,8260,30,0.36,8340,110,1.34,8140,8590,1400-1-8,2021-03-28
39,وتوصا,گروه س توسعه صنعتي ايران,3983,17686507,228774306240,12590,13200,13030,440,3.49,12930,340,2.7,12420,13280,1400-1-8,2021-03-28
40,شپلي,پلي اكريل ايران,3979,40130949,381442597048,9795,9404,9404,-391,-3.99,9505,-290,-2.96,9404,9999,1400-1-8,2021-03-28
41,اخابر,مخابرات ايران,3886,23130246,250250905090,10700,10920,10550,-150,-1.4,10820,120,1.12,10550,11270,1400-1-8,2021-03-28
42,وپارس,بانك‌پارسيان‌,3845,111016512,340699149870,3110,3110,3060,-50,-1.61,3070,-40,-1.29,3050,3150,1400-1-8,2021-03-28
43,آسيا,بيمه آسيا,3807,60854948,147521936570,2410,2500,2400,-10,-0.41,2420,10,0.41,2370,2510,1400-1-8,2021-03-28
44,پيزد,مجتمع صنايع لاستيك يزد,3567,438440,29909526122,67525,68000,67990,465,0.69,67932,407,0.6,67200,69158,1400-1-8,2021-03-28
45,كوثر,بيمه كوثر,3553,15612207,231711169799,14781,15666,14600,-181,-1.22,14842,61,0.41,14486,15666,1400-1-8,2021-03-28
46,كماسه,تامين‌ ماسه‌ ريخته‌گري‌,3452,5053027,218246408830,43300,42440,43790,490,1.13,43190,-110,-0.25,42440,44780,1400-1-8,2021-03-28
47,شگويا,پتروشيمي تندگويان,3386,23935501,232534453847,9910,9737,9712,-198,-2,9715,-195,-1.97,9712,9910,1400-1-8,2021-03-28
48,پترول,گ.س.وت.ص.پتروشيمي خليج فارس,3336,27995565,305588678450,11130,11000,10910,-220,-1.98,10920,-210,-1.89,10910,11100,1400-1-8,2021-03-28
49,حتايد,تايدواترخاورميانه,3266,9603547,271648627980,28050,28330,28500,450,1.6,28290,240,0.86,27490,29500,1400-1-8,2021-03-28
50,قنيشا,قند  نيشابور,3161,3245362,221841042960,65210,66710,69110,3900,5.98,68360,3150,4.83,65250,69120,1400-1-8,2021-03-28
51,امين يكم,صندوق درآمد ثابت امين يكم فردا,3092,100607594,1018616627615,10122,10128,10128,6,0.06,10125,3,0.03,10122,10130,1400-1-8,2021-03-28
52,شپارس,بين‌ المللي‌ محصولات‌  پارس‌,3086,11088635,258985301210,23000,22560,24060,1060,4.61,23360,360,1.57,22540,24380,1400-1-8,2021-03-28
53,زبينا,كشاورزي و دامپروري بينالود,3082,36877709,142037204693,3665,3884,3884,219,5.98,3852,187,5.1,3751,3884,1400-1-8,2021-03-28
54,دزهراوي,داروسازي‌زهراوي‌,3051,13040573,115331987890,8630,8990,8980,350,4.06,8840,210,2.43,8460,9110,1400-1-8,2021-03-28
55,سمگا,گروه سرمايه گذاري ميراث فرهنگي,3049,9267996,269377786436,28008,28010,29498,1490,5.32,29065,1057,3.77,28010,29600,1400-1-8,2021-03-28
56,غپينو,پارس‌ مينو,3047,25996719,178618326430,6640,6640,6820,180,2.71,6870,230,3.46,6640,7030,1400-1-8,2021-03-28
57,صبا,سرمايه گذاري صبا تامين,3012,14872956,120075121819,8161,8120,8165,4,0.05,8073,-88,-1.08,7998,8220,1400-1-8,2021-03-28
58,كسرا,سراميك‌هاي‌صنعتي‌اردكان‌,2996,12687297,265762976810,21280,20870,20860,-420,-1.97,20950,-330,-1.55,20860,21640,1400-1-8,2021-03-28
59,شپترو,پتروشيمي آبادان,2982,47761969,295362578791,5929,6225,6062,133,2.24,6184,255,4.3,6002,6225,1400-1-8,2021-03-28
60,غشهداب,كشت و صنعت شهداب ناب خراسان,2855,36114448,152397500400,4225,4230,4141,-84,-1.99,4220,-5,-0.12,4141,4460,1400-1-8,2021-03-28
61,غگل,گلوكوزان‌,2852,29672545,105334009590,3550,3600,3560,10,0.28,3550,0,0,3490,3630,1400-1-8,2021-03-28
62,وغدير,سرمايه‌گذاري‌غدير(هلدينگ‌,2801,15705548,188084019590,12050,12200,11880,-170,-1.41,11980,-70,-0.58,11830,12290,1400-1-8,2021-03-28
63,وخارزم,سرمايه گذاري خوارزمي,2788,22252567,132344130690,5700,6000,5980,280,4.91,5950,250,4.39,5880,6020,1400-1-8,2021-03-28
64,كمند,صندوق س. با درآمد ثابت كمند,2764,111094603,1125115561803,10121,10127,10126,5,0.05,10128,7,0.07,10126,10130,1400-1-8,2021-03-28
65,فرابورس,فرابورس ايران,2722,5032819,165764245524,32357,33290,32960,603,1.86,32937,580,1.79,32430,33520,1400-1-8,2021-03-28
66,وجامي,سرمايه گذاري جامي,2713,10283498,158414121686,15484,15175,15175,-309,-2,15405,-79,-0.51,15175,15948,1400-1-8,2021-03-28
67,تكمبا,كمباين‌ سازي‌ ايران‌,2710,22793083,189298686010,7870,8180,8340,470,5.97,8310,440,5.59,8070,8340,1400-1-8,2021-03-28
68,خمهر,مهركام‌پارس‌,2628,53847555,132366353860,2470,2490,2430,-40,-1.62,2460,-10,-0.4,2430,2540,1400-1-8,2021-03-28
69,تليسه,دامداري تليسه نمونه,2546,18454555,82558507569,4438,4627,4505,67,1.51,4474,36,0.81,4362,4627,1400-1-8,2021-03-28
70,شبندر,پالايش نفت بندرعباس,2541,10157797,284369435480,28550,28150,27980,-570,-2,28000,-550,-1.93,27980,28550,1400-1-8,2021-03-28
71,زشريف,كشت وصنعت شريف آباد,2488,26577782,139200038802,5119,5017,5426,307,6,5237,118,2.31,5017,5426,1400-1-8,2021-03-28
72,دتوزيع,توزيع دارو پخش,2461,4287001,232596553466,51623,54720,52860,1237,2.4,54256,2633,5.1,51630,54720,1400-1-8,2021-03-28
73,فولاژ,فولاد آلياژي ايران,2418,9699674,201179396910,19660,19850,20780,1120,5.7,20740,1080,5.49,19850,20830,1400-1-8,2021-03-28
74,ولغدر,ليزينگ‌خودروغدير,2412,5868558,136644449030,23010,23240,23910,900,3.91,23280,270,1.17,22550,24200,1400-1-8,2021-03-28
75,فباهنر,مس‌ شهيدباهنر,2370,6442844,161874547270,25470,26400,24980,-490,-1.92,25120,-350,-1.37,24970,26400,1400-1-8,2021-03-28
76,وپاسار,بانك  پاسارگاد,2348,23943301,311177568550,12940,13000,13090,150,1.16,13000,60,0.46,12930,13090,1400-1-8,2021-03-28
77,وسينا,بانك سينا,2305,48106748,170201345710,3370,3440,3570,200,5.93,3540,170,5.04,3380,3570,1400-1-8,2021-03-28
78,نوري,پتروشيمي نوري,2271,2661376,168299439970,64310,64220,63030,-1280,-1.99,63240,-1070,-1.66,63030,65000,1400-1-8,2021-03-28
79,ماديرا,صنايع ماديران,2243,15957628,141198736941,8980,9150,8801,-179,-1.99,8848,-132,-1.47,8801,9150,1400-1-8,2021-03-28
80,نوين,بيمه نوين,2229,18020149,116014640745,6391,6600,6267,-124,-1.94,6438,47,0.74,6264,6700,1400-1-8,2021-03-28
81,والبر,سرمايه‌ گذاري‌ البرز(هلدينگ‌,2227,11490047,205717476470,17010,17150,18030,1020,6,17900,890,5.23,17010,18030,1400-1-8,2021-03-28
82,غفارس,شير پاستوريزه پگاه فارس,2199,6331949,118719474939,18427,19270,18700,273,1.48,18749,322,1.75,18400,19270,1400-1-8,2021-03-28
83,حريل,ريل پردازسير,2140,15941857,94760347842,5869,5970,6000,131,2.23,5944,75,1.28,5869,6050,1400-1-8,2021-03-28
84,فزرين,زرين معدن آسيا,2131,7430107,213136643965,29061,29800,28480,-581,-2,28686,-375,-1.29,28480,29800,1400-1-8,2021-03-28
85,زقيام,كشت و دام قيام اصفهان,2101,3707897,109829125919,29914,29900,29316,-598,-2,29620,-294,-0.98,29316,30500,1400-1-8,2021-03-28
86,ختوقا,قطعات‌ اتومبيل‌ ايران‌,2084,35974439,95178313260,2680,2710,2630,-50,-1.87,2650,-30,-1.12,2630,2760,1400-1-8,2021-03-28
87,آپ,آسان پرداخت پرشين,2071,5544263,99146607930,18130,17770,17770,-360,-1.99,17880,-250,-1.38,17770,18670,1400-1-8,2021-03-28
88,البرز,بيمه البرز,2055,26070860,107623556150,4120,4230,4060,-60,-1.46,4130,10,0.24,4040,4290,1400-1-8,2021-03-28
89,فاذر,صنايع‌ آذرآب‌,2046,3892622,101251073130,25550,26900,25460,-90,-0.35,26010,460,1.8,25110,27000,1400-1-8,2021-03-28
90,كچاد,معدني‌وصنعتي‌چادرملو,2044,8468367,202181127560,24190,24190,23720,-470,-1.94,23870,-320,-1.32,23710,24600,1400-1-8,2021-03-28
91,غالبر,لبنيات‌ كالبر,2031,6903611,128594874520,17730,18280,18790,1060,5.98,18630,900,5.08,18010,18790,1400-1-8,2021-03-28
92,وملي,گروه‌ صنعتي‌ ملي‌ (هلدينگ‌,2008,703300,131559532280,187430,194000,184300,-3130,-1.67,187060,-370,-0.2,183690,194000,1400-1-8,2021-03-28
93,زدشت,كشت و صنعت دشت خرم دره,1982,3084317,93965711124,29536,31250,30580,1044,3.53,30466,930,3.15,28952,31250,1400-1-8,2021-03-28
94,اعتلا,شركت سرمايه گذاري اعتلاء البرز,1966,16392463,135715276592,8430,8262,8262,-168,-1.99,8279,-151,-1.79,8262,8500,1400-1-8,2021-03-28
95,مرقام,ايران‌ارقام‌,1956,7684845,149292436330,18620,19300,19730,1110,5.96,19430,810,4.35,18310,19730,1400-1-8,2021-03-28
96,كالا,بورس كالاي ايران,1931,2954739,100484487430,33430,34990,34100,670,2,34010,580,1.73,33000,34990,1400-1-8,2021-03-28
97,سرو,صندوق س سروسودمند مدبران-سهام,1931,1950305,141217534170,72560,73330,71850,-710,-0.98,72410,-150,-0.21,71300,73570,1400-1-8,2021-03-28
98,فايرا,آلومينيوم‌ايران‌,1929,34857096,558732873010,15130,16030,16030,900,5.95,16030,900,5.95,15850,16030,1400-1-8,2021-03-28
99,شبريز,پالايش نفت تبريز,1926,4357581,139273651780,32490,31900,31850,-640,-1.97,31960,-530,-1.63,31850,32950,1400-1-8,2021-03-28
100,خمحركه,نيرو محركه‌,1907,13312337,63478332090,4770,4820,4710,-60,-1.26,4770,0,0,4680,4920,1400-1-8,2021-03-28
101,حفاري,حفاري شمال,1891,10859175,84300697530,7770,7940,7830,60,0.77,7760,-10,-0.13,7630,7940,1400-1-8,2021-03-28
102,آوا,صندوق س.سهام آواي معيار-س,1861,16233858,112521285080,6996,6980,6929,-67,-0.96,6931,-65,-0.93,6855,7035,1400-1-8,2021-03-28
103,وساپا,سرمايه‌گذاري‌ سايپا,1848,15365888,93563127380,6110,6290,6060,-50,-0.82,6090,-20,-0.33,5990,6300,1400-1-8,2021-03-28
104,زشگزا,شير و گوشت زاگرس شهركرد,1847,10772736,89576648449,7966,8220,8443,477,5.99,8315,349,4.38,7970,8443,1400-1-8,2021-03-28
105,خرينگ,رينگ‌سازي‌مشهد,1829,3807032,188832527010,46920,49300,49730,2810,5.99,49600,2680,5.71,48270,49730,1400-1-8,2021-03-28
106,وسپهح,ح . سرمايه‌گذاري‌ سپه‌,1825,21568973,110799531690,5180,5180,5090,-90,-1.74,5140,-40,-0.77,4980,5210,1400-1-8,2021-03-28
107,دروز,داروسازي‌ روزدارو,1822,4352381,149526120240,33930,35900,33930,0,0,34360,430,1.27,33260,35960,1400-1-8,2021-03-28
108,فروي,ذوب روي اصفهان,1817,1023465,64094005480,63634,63100,62362,-1272,-2,62625,-1009,-1.59,62362,64600,1400-1-8,2021-03-28
109,آگاس,صندوق س.هستي بخش آگاه-س,1816,1420466,102449482314,72735,72900,71500,-1235,-1.7,72124,-611,-0.84,71300,73800,1400-1-8,2021-03-28
110,حفارس,حمل و نقل بين المللي خليج فارس,1752,17934152,87285679540,4890,5060,4800,-90,-1.84,4870,-20,-0.41,4800,5060,1400-1-8,2021-03-28
111,قرن,پديده شيمي قرن,1722,985762,65498022170,67290,68000,65980,-1310,-1.95,66440,-850,-1.26,65950,68490,1400-1-8,2021-03-28
112,بجهرم,توسعه مولد نيروگاهي جهرم,1712,16442536,49005508023,2958,3049,2997,39,1.32,2979,21,0.71,2935,3049,1400-1-8,2021-03-28
113,سبزوا,سيمان لار سبزوار,1707,16474512,57775876309,3574,3578,3506,-68,-1.9,3507,-67,-1.87,3503,3578,1400-1-8,2021-03-28
114,وساخت,سرمايه‌ گذاري‌ ساختمان‌ايران‌,1687,2497565,127739962800,50100,52400,51950,1850,3.69,51150,1050,2.1,49800,52940,1400-1-8,2021-03-28
115,كپارس,كاشي‌ پارس‌,1669,1106250,170105809910,145420,151990,154140,8720,6,153770,8350,5.74,149000,154140,1400-1-8,2021-03-28
116,كحافظ,كاشي‌ وسراميك‌ حافظ‌,1665,5780598,67857819840,11630,11750,11900,270,2.32,11740,110,0.95,11510,11970,1400-1-8,2021-03-28
117,شيران,س. صنايع‌شيميايي‌ايران,1664,4177816,118807929530,28860,28910,28300,-560,-1.94,28440,-420,-1.46,28290,29300,1400-1-8,2021-03-28
118,ولساپا,ليزينگ رايان‌ سايپا,1660,22930036,83335988260,3670,3730,3600,-70,-1.91,3630,-40,-1.09,3600,3770,1400-1-8,2021-03-28
119,چدن,توليدي چدن سازان,1660,3717988,94001798130,25380,26100,24880,-500,-1.97,25280,-100,-0.39,24880,26200,1400-1-8,2021-03-28
120,ثاخت,بين‌المللي‌توسعه‌ساختمان,1645,28280447,78281221670,2810,2820,2760,-50,-1.78,2770,-40,-1.42,2760,2840,1400-1-8,2021-03-28
121,بورس,بورس اوراق بهادار تهران,1615,2736521,102677045810,37320,38000,37800,480,1.29,37520,200,0.54,36980,38500,1400-1-8,2021-03-28
122,ومهان,گروه توسعه مالي مهر آيندگان,1592,7391469,107057360282,14486,14300,14319,-167,-1.15,14484,-2,-0.01,14197,14800,1400-1-8,2021-03-28
123,سشرق,سيمان‌ شرق‌,1555,10303487,76055078230,7460,7590,7320,-140,-1.88,7380,-80,-1.07,7320,7650,1400-1-8,2021-03-28
124,ورنا,سرمايه‌گذاري‌ رنا(هلدينگ‌,1535,12869462,74968713390,5830,6000,5740,-90,-1.54,5830,0,0,5720,6070,1400-1-8,2021-03-28
125,ثزاگرس,سرمايه گذاري توسعه عمران زاگرس,1519,1898389,123972597364,63883,64409,63060,-823,-1.29,65304,1421,2.22,61010,67077,1400-1-8,2021-03-28
126,سفارس,سيمان فارس و خوزستان,1515,7623495,154272128630,20510,20500,20100,-410,-2,20240,-270,-1.32,20100,20980,1400-1-8,2021-03-28
127,جوين,كشت و صنعت جوين,1477,18457431,104229500283,5718,5740,5604,-114,-1.99,5647,-71,-1.24,5604,5845,1400-1-8,2021-03-28
128,بركت,گروه دارويي بركت,1469,3005533,98461261080,33420,32760,32760,-660,-1.97,32760,-660,-1.97,32760,32760,1400-1-8,2021-03-28
129,ستران,سيمان‌ تهران‌,1467,2176383,56045035280,25900,26300,25850,-50,-0.19,25750,-150,-0.58,25400,26750,1400-1-8,2021-03-28
130,فخوز,فولاد  خوزستان,1448,7688647,116620384780,15440,15140,15140,-300,-1.94,15170,-270,-1.75,15140,15500,1400-1-8,2021-03-28
131,همراه,شركت ارتباطات سيار ايران,1437,3829178,107873348790,27810,28630,28120,310,1.11,28170,360,1.29,28000,28980,1400-1-8,2021-03-28
132,كاوه,فولاد كاوه جنوب كيش,1435,12389499,264909113900,21760,21360,21340,-420,-1.93,21380,-380,-1.75,21330,21850,1400-1-8,2021-03-28
133,گكوثر,هتل پارسيان كوثر اصفهان,1420,17332149,44574452099,2553,2620,2539,-14,-0.55,2569,16,0.63,2505,2642,1400-1-8,2021-03-28
134,چكاپا,گروه صنايع كاغذ پارس,1419,12934153,66604002480,5230,5230,5130,-100,-1.91,5150,-80,-1.53,5130,5250,1400-1-8,2021-03-28
135,تاپيكو,س. نفت و گاز و پتروشيمي تأمين,1414,9633838,123135487670,12960,12730,12710,-250,-1.93,12780,-180,-1.39,12710,13070,1400-1-8,2021-03-28
136,ومعادن,توسعه‌معادن‌وفلزات‌,1404,11912382,157882352920,13510,13460,13240,-270,-2,13250,-260,-1.92,13240,13640,1400-1-8,2021-03-28
137,وثوق,سرمايه گذاري وثوق امين,1388,4408178,93309699454,20555,21170,20900,345,1.68,21167,612,2.98,20560,21171,1400-1-8,2021-03-28
138,دكپسول,توليد ژلاتين كپسول ايران,1366,1785985,60853489086,32360,34300,34301,1941,6,34073,1713,5.29,33317,34301,1400-1-8,2021-03-28
139,اپرداز,آتيه داده پرداز,1356,3298049,70502964961,20749,21166,21970,1221,5.88,21377,628,3.03,20700,21989,1400-1-8,2021-03-28
140,خكمك,كمك‌فنرايندامين‌,1337,3115037,87566753300,28480,28500,27920,-560,-1.97,28110,-370,-1.3,27920,29400,1400-1-8,2021-03-28
141,ملت,بيمه ملت,1334,4799086,78391548800,16430,16200,16110,-320,-1.95,16330,-100,-0.61,16110,16800,1400-1-8,2021-03-28
142,انرژي3,سايراشخاص بورس انرژي,1332,269943,70939475750,266970,261750,261640,-5330,-2,262790,-4180,-1.57,261640,270000,1400-1-8,2021-03-28
143,غسالم,سالمين‌,1326,10258448,45567868540,4440,4420,4460,20,0.45,4440,0,0,4370,4580,1400-1-8,2021-03-28
144,وصنعت,سرمايه گذاري توسعه صنعت وتجارت,1314,9786614,68023713390,7060,7150,6920,-140,-1.98,6950,-110,-1.56,6920,7160,1400-1-8,2021-03-28
145,دانا,بيمه دانا,1304,9194863,61721960740,6760,6900,6630,-130,-1.92,6710,-50,-0.74,6630,6960,1400-1-8,2021-03-28
146,اعتماد,صندوق س.اعتماد آفرين پارسيان-د,1298,24130140,858789709610,35564,35580,35601,37,0.1,35590,26,0.07,35580,35601,1400-1-8,2021-03-28
147,ثنور,سرمايه گذاري كوه نور,1293,7019047,69026508787,9665,9954,9954,289,2.99,9834,169,1.75,9550,9954,1400-1-8,2021-03-28
148,ونيكي,سرمايه‌گذاري‌ ملي‌ايران‌,1286,4376488,49057297920,11160,11110,11130,-30,-0.27,11190,30,0.27,11100,11490,1400-1-8,2021-03-28
149,ومعلم,بيمه معلم,1270,8992543,42458179955,4765,4812,4745,-20,-0.42,4728,-37,-0.78,4670,4870,1400-1-8,2021-03-28
150,كمنگنز,معادن‌منگنزايران‌,1262,2263972,204900937500,86110,89910,91270,5160,5.99,90510,4400,5.11,86000,91270,1400-1-8,2021-03-28
151,ونيرو,سرمايه‌گذاري‌نيرو,1255,27679278,79003382980,2890,2910,2870,-20,-0.69,2850,-40,-1.38,2840,2930,1400-1-8,2021-03-28
152,فسا,پتروشيمي فسا,1232,21101025,37470096847,1842,1769,1769,-73,-3.96,1776,-66,-3.58,1769,1806,1400-1-8,2021-03-28
153,پكوير,كوير تاير,1229,3892925,53031724720,13230,13550,13860,630,4.76,13620,390,2.95,13360,13990,1400-1-8,2021-03-28
154,رنيك,جنرال مكانيك,1223,2691411,61828563711,22038,22400,23300,1262,5.73,22973,935,4.24,22080,23300,1400-1-8,2021-03-28
155,ثباغ,شهر سازي و خانه سازي باغميشه,1223,2534759,39829035857,15617,16250,15688,71,0.45,15690,73,0.47,15370,16250,1400-1-8,2021-03-28
156,كيان,صندوق س. با درآمد ثابت كيان,1220,11589248,321317062538,27712,27724,27727,15,0.05,27725,13,0.05,27724,27730,1400-1-8,2021-03-28
157,بموتو,موتوژن‌,1218,1054273,65348301650,60440,62130,62150,1710,2.83,61980,1540,2.55,61000,63490,1400-1-8,2021-03-28
158,سيمرغ,سيمرغ,1213,3670214,63330394100,17330,17890,16990,-340,-1.96,17260,-70,-0.4,16990,17910,1400-1-8,2021-03-28
159,دلقما,دارويي‌ لقمان‌,1199,2545465,63367157820,23940,23550,25370,1430,5.97,24890,950,3.97,23550,25370,1400-1-8,2021-03-28
160,ثشاهد,سرمايه‌ گذاري‌ شاهد,1189,2889488,53050153230,18630,18650,18260,-370,-1.99,18360,-270,-1.45,18260,18800,1400-1-8,2021-03-28
161,تاصيكو,سرمايه گذاري صدرتامين,1152,21516502,250247142290,11850,11620,11620,-230,-1.94,11630,-220,-1.86,11620,11800,1400-1-8,2021-03-28
162,خودكفا,اقتصادي و خودكفايي آزادگان,1136,2772827,62781765693,22880,22900,22423,-457,-2,22642,-238,-1.04,22423,23300,1400-1-8,2021-03-28
163,فنوال,نورد آلومينيوم‌,1134,2457024,68762473660,28000,28600,28210,210,0.75,27990,-10,-0.04,27440,29000,1400-1-8,2021-03-28
164,حبندر,دريايي و کشتيراني خط دريابندر,1108,1824810,64204479844,34414,33800,35250,836,2.43,35184,770,2.24,33728,35446,1400-1-8,2021-03-28
165,سجامح,ح.مجتمع سيمان غرب آسيا,1098,13210820,26796268824,2016,1976,2072,56,2.78,2028,12,0.6,1976,2076,1400-1-8,2021-03-28
166,ونوين,بانك‌اقتصادنوين‌,1087,24680317,114525104730,4720,4700,4630,-90,-1.91,4640,-80,-1.69,4630,4740,1400-1-8,2021-03-28
167,دسينا,داروسازي‌ سينا,1072,2794527,70663763540,24860,24400,25800,940,3.78,25290,430,1.73,24400,26050,1400-1-8,2021-03-28
168,لسرما,سرما آفرين‌,1064,2357618,59643671170,25180,25690,25200,20,0.08,25300,120,0.48,24920,25930,1400-1-8,2021-03-28
169,قچار,فراوردههاي غذايي وقند چهارمحال,1059,937657,85509268790,90646,90000,89806,-840,-0.93,91195,549,0.61,88834,93899,1400-1-8,2021-03-28
170,دماوند,توليد نيروي برق دماوند,1058,929877,45915034824,48978,49900,49371,393,0.8,49315,337,0.69,48700,50000,1400-1-8,2021-03-28
171,تملت,تامين سرمايه بانك ملت,1042,8422238,50800271620,6090,6090,5970,-120,-1.97,6030,-60,-0.99,5970,6180,1400-1-8,2021-03-28
172,خكرمان,گروه اقتصادي كرمان خودرو,1041,17088764,72977677027,4154,4270,4278,124,2.99,4271,117,2.82,4161,4278,1400-1-8,2021-03-28
173,كرازي,كارخانجات‌توليدي‌شيشه‌رازي‌,1039,2622459,61030007600,23640,24000,23180,-460,-1.95,23270,-370,-1.57,23170,24120,1400-1-8,2021-03-28
174,فروس,فروسيليس‌ ايران‌,1023,10870599,54428065650,4820,4820,5100,280,5.81,5010,190,3.94,4790,5100,1400-1-8,2021-03-28
175,كشرق,صنعتي و معدني شمال شرق شاهرود,1020,953812,89074234542,94903,93005,93005,-1898,-2,93388,-1515,-1.6,93005,96490,1400-1-8,2021-03-28
176,فارس,صنايع پتروشيمي خليج فارس,997,4728848,48907464080,10550,10350,10340,-210,-1.99,10460,-90,-0.85,10340,10500,1400-1-8,2021-03-28
177,بكهنوج,توليد برق ماهتاب كهنوج,987,14249357,24587576924,1747,1741,1745,-2,-0.11,1736,-11,-0.63,1716,1750,1400-1-8,2021-03-28
178,وسكاب,س.ص.بازنشستگي كاركنان بانكها,980,10413098,57532378630,5620,5640,5540,-80,-1.42,5530,-90,-1.6,5510,5700,1400-1-8,2021-03-28
179,شلرد,كود شيميايي اوره لردگان,977,9747554,74171157932,7753,7600,7598,-155,-2,7609,-144,-1.86,7598,7750,1400-1-8,2021-03-28
180,وبوعلي,سرمايه‌گذاري‌بوعلي‌,969,5975284,36097820820,6140,6200,6020,-120,-1.95,6070,-70,-1.14,6020,6200,1400-1-8,2021-03-28
181,ودي,بيمه  دي,952,3234567,73521596794,23143,22990,22681,-462,-2,22730,-413,-1.78,22681,23440,1400-1-8,2021-03-28
182,طلا,صندوق س.پشتوانه طلاي لوتوس,939,424949,34092876894,78321,79100,80139,1818,2.32,80228,1907,2.43,79100,80650,1400-1-8,2021-03-28
183,لابسا,آبسال‌,938,1917419,101768281210,50550,52200,53580,3030,5.99,53080,2530,5,49540,53580,1400-1-8,2021-03-28
184,فوكا,فولاد كاويان,920,11131321,136937440496,11953,12000,12311,358,3,12302,349,2.92,12000,12311,1400-1-8,2021-03-28
185,معيار ,سرمايه گذاري معيار صنعت پارس,918,1103507,48174637039,44907,43111,44970,63,0.14,43656,-1251,-2.79,43111,46000,1400-1-8,2021-03-28
186,دكيمي,كيميدارو,912,1661056,50444801780,29380,30990,30180,800,2.72,30300,920,3.13,29770,30990,1400-1-8,2021-03-28
187,كفرآور,فرآورده هاي سيمان شرق,894,3449832,90108090810,25386,25899,26147,761,3,26120,734,2.89,25362,26147,1400-1-8,2021-03-28
188,نطرين,عطرين نخ قم,885,2866024,32986939070,11649,11602,11417,-232,-1.99,11556,-93,-0.8,11417,11900,1400-1-8,2021-03-28
189,شپديس,پتروشيمي پرديس,885,1147243,117330637690,103470,102410,101420,-2050,-1.98,102270,-1200,-1.16,101410,104600,1400-1-8,2021-03-28
190,وبيمه,سرمايه‌ گذاري‌ صنعت‌ بيمه‌,882,9822915,27578952140,2840,2850,2790,-50,-1.76,2820,-20,-0.7,2790,2900,1400-1-8,2021-03-28
191,سرود,سيمان‌شاهرود,873,1929054,38637109870,19820,20080,20440,620,3.13,19980,160,0.81,19430,20520,1400-1-8,2021-03-28
192,لبوتان,گروه‌صنعتي‌بوتان‌,862,1028618,69746240900,63990,65950,67820,3830,5.99,67810,3820,5.97,65950,67820,1400-1-8,2021-03-28
193,مدير,ص.س.مديريت ثروت ص.بازنشستگي-س,854,3025356,27537950245,9234,9197,9036,-198,-2.14,9102,-132,-1.43,9030,9285,1400-1-8,2021-03-28
194,شكلر,نيروكلر,850,859801,43613433540,51300,52400,50290,-1010,-1.97,50800,-500,-0.97,50280,52500,1400-1-8,2021-03-28
195,چكارن,كارتن‌ ايران‌,846,8511402,29996586220,3550,3630,3500,-50,-1.41,3540,-10,-0.28,3480,3630,1400-1-8,2021-03-28
196,ارفع,شركت آهن و فولاد ارفع,845,3612259,54691265406,15360,15120,15054,-306,-1.99,15195,-165,-1.07,15053,15600,1400-1-8,2021-03-28
197,وبانك,سرمايه گذاري گروه توسعه ملي,824,4723478,41936498450,9060,8950,9070,10,0.11,8980,-80,-0.88,8780,9070,1400-1-8,2021-03-28
198,افق,فروشگاههاي زنجيره اي افق كوروش,804,739813,53553926750,72850,73990,71620,-1230,-1.69,72570,-280,-0.38,71500,73990,1400-1-8,2021-03-28
199,خريخت,صنايع‌ريخته‌گري‌ايران‌,799,9271326,32959647260,3510,3610,3530,20,0.57,3540,30,0.85,3450,3660,1400-1-8,2021-03-28
200,سخوز,سيمان خوزستان,795,3317565,78659817160,24130,24600,23650,-480,-1.99,23710,-420,-1.74,23650,24600,1400-1-8,2021-03-28
201,رانفور,خدمات‌انفورماتيك‌,795,1188590,28041897020,23430,23890,23360,-70,-0.3,23490,60,0.26,23200,23890,1400-1-8,2021-03-28
202,شغدير,پتروشيمي غدير,793,1311412,91412598411,71004,69702,69584,-1420,-2,69705,-1299,-1.83,69584,70770,1400-1-8,2021-03-28
203,وصنا,گروه‌صنايع‌بهشهرايران‌,789,6290385,35973721150,5760,5950,5650,-110,-1.91,5730,-30,-0.52,5650,5950,1400-1-8,2021-03-28
204,غگلپا,شير پاستوريزه پگاه گلپايگان,782,581407,42308290896,73954,72500,72475,-1479,-2,72924,-1030,-1.39,72475,74650,1400-1-8,2021-03-28
205,زاگرس,پتروشيمي زاگرس,765,611593,133925743984,223416,219000,218948,-4468,-2,218979,-4437,-1.99,218948,221000,1400-1-8,2021-03-28
206,كيميا,معدني كيمياي زنجان گستران,750,2039633,36580063354,18283,17952,17918,-365,-2,18020,-263,-1.44,17918,18480,1400-1-8,2021-03-28
207,غبشهر,صنعتي‌ بهشهر,746,5013679,109073298640,20900,21590,22150,1250,5.98,21760,860,4.11,21000,22150,1400-1-8,2021-03-28
208,بكام,كارخانجات توليدي شهيد قندي,745,10783558,40732305300,3570,3770,3780,210,5.88,3720,150,4.2,3660,3780,1400-1-8,2021-03-28
209,شسپا,نفت سپاهان,738,2084677,32631660370,15820,15800,15590,-230,-1.45,15730,-90,-0.57,15550,15900,1400-1-8,2021-03-28
210,هاي وب,داده گسترعصرنوين-هاي وب,736,2857756,30193550010,10720,10800,10510,-210,-1.96,10630,-90,-0.84,10510,10800,1400-1-8,2021-03-28
211,ختور,رادياتور ايران‌,734,1800712,41278205750,23370,22910,22910,-460,-1.97,22990,-380,-1.63,22910,23290,1400-1-8,2021-03-28
212,پلاسك,پلاسكوكار,724,3472074,27346989830,7770,7890,7820,50,0.64,7830,60,0.77,7770,8040,1400-1-8,2021-03-28
213,فجر,فولاد اميركبيركاشان,698,1449592,93230532640,65440,66430,64140,-1300,-1.99,64320,-1120,-1.71,64140,66430,1400-1-8,2021-03-28
214,بساما,بيمه سامان,697,1115976,26599847282,24167,24167,23890,-277,-1.15,23994,-173,-0.72,23684,24770,1400-1-8,2021-03-28
215,فاسمين,كالسيمين‌,689,3031991,54859556380,18340,18340,17980,-360,-1.96,18090,-250,-1.36,17980,18800,1400-1-8,2021-03-28
216,ضخود2007,اختيارخ خودرو-3000-1400/02/08,688,36716,4445348000,125,160,117,-8,-6.4,121,-4,-3.2,105,160,1400-1-8,2021-03-28
217,خشرق,الكتريك‌ خودرو شرق‌,685,2643513,41331592040,15880,15800,15570,-310,-1.95,15670,-210,-1.32,15570,16030,1400-1-8,2021-03-28
218,غمينو,شركت صنايع غذايي مينو شرق,677,1901727,22333673426,11692,11800,11678,-14,-0.12,11715,23,0.2,11489,11990,1400-1-8,2021-03-28
219,ارزش,صندوق س ارزش آفرين بيدار-سهام,674,3638699,36444349640,10080,10080,10040,-40,-0.4,10020,-60,-0.6,9940,10220,1400-1-8,2021-03-28
220,ونفت,سرمايه‌گذاري‌ صنعت‌ نفت‌,667,1347235,23394735010,17500,17850,17200,-300,-1.71,17440,-60,-0.34,17160,17980,1400-1-8,2021-03-28
221,شفن,پتروشيمي فناوران,667,96168,31644219510,328240,332000,328280,40,0.01,328500,260,0.08,327510,333000,1400-1-8,2021-03-28
222,وبازار,صندوق س شاخصي بازارآشنا,663,3199700,32351591590,10130,10110,10150,20,0.2,10110,-20,-0.2,10000,10200,1400-1-8,2021-03-28
223,ورازي,بيمه رازي,662,5330988,47321232257,8598,8800,8968,370,4.3,8877,279,3.24,8462,9027,1400-1-8,2021-03-28
224,فسرب,ملي‌ سرب‌وروي‌ ايران‌,656,261444,21167051510,81420,84200,80900,-520,-0.64,81230,-190,-0.23,79810,84200,1400-1-8,2021-03-28
225,پارسان,گسترش نفت و گاز پارسيان,653,3410959,73039468350,21680,21990,21250,-430,-1.98,21520,-160,-0.74,21250,22000,1400-1-8,2021-03-28
226,امين يكم2,صندوق درآمد ثابت امين يكم فردا,650,65000000,65000000,10122,1,1,-10121,-99.99,1,-10121,-99.99,1,1,1400-1-8,2021-03-28
227,تنوين,تامين سرمايه نوين,627,7778109,59929035530,7800,7820,7800,0,0,7700,-100,-1.28,7650,7820,1400-1-8,2021-03-28
228,وتوسم,سرمايه‌گذاري‌توسعه‌ملي‌,619,2712521,25621362230,9620,9520,9430,-190,-1.98,9530,-90,-0.94,9430,9690,1400-1-8,2021-03-28
229,دالبرح,ح . البرزدارو,615,822400,9732558400,11760,12050,11870,110,0.94,11830,70,0.6,11600,12440,1400-1-8,2021-03-28
230,غشهد,شهد ايران ‌,612,2760544,20294395990,7370,7290,7350,-20,-0.27,7360,-10,-0.14,7270,7520,1400-1-8,2021-03-28
231,ريشمك,توليد و صادرات ريشمك,611,522733,27387444589,51012,50630,53100,2088,4.09,51757,745,1.46,50630,53850,1400-1-8,2021-03-28
232,هرمز,فولاد هرمزگان جنوب,601,2439920,35082504468,14623,14500,14338,-285,-1.95,14550,-73,-0.5,14331,14690,1400-1-8,2021-03-28
233,خمحور,توليدمحورخودرو,595,748390,50568151620,68720,68720,67350,-1370,-1.99,67570,-1150,-1.67,67350,71980,1400-1-8,2021-03-28
234,وسين,بيمه سينا,590,3187388,48528929927,14789,15232,15232,443,3,15225,436,2.95,14871,15232,1400-1-8,2021-03-28
235,ختراك,ريخته‌گري‌ تراكتورسازي‌ ايران‌,588,2744057,43512413920,16020,16440,15950,-70,-0.44,15880,-140,-0.87,15700,16500,1400-1-8,2021-03-28
236,شجم,صنايع پتروشيمي تخت جمشيد,585,5528515,59116485154,10747,10965,11069,322,3,10693,-54,-0.5,10533,11069,1400-1-8,2021-03-28
237,كپرور,فرآوري زغال سنگ پروده طبس,576,742380,28108788713,37888,37940,37220,-668,-1.76,37874,-14,-0.04,37131,39000,1400-1-8,2021-03-28
238,سكرد,سيمان كردستان,572,2377584,23600532780,10020,9820,9820,-200,-2,9970,-50,-0.5,9820,10200,1400-1-8,2021-03-28
239,مبين,مبين انرژي خليج فارس,562,3326513,57907125360,17700,17610,17580,-120,-0.68,17560,-140,-0.79,17350,18000,1400-1-8,2021-03-28
240,وحكمت,بيمه حكمت صبا,562,3960901,15526540886,3937,4040,3938,1,0.03,3924,-13,-0.33,3859,4040,1400-1-8,2021-03-28
241,وتوس,توسعه‌شهري‌توس‌گستر,553,1169579,16605163410,14020,14220,14250,230,1.64,14080,60,0.43,14030,14500,1400-1-8,2021-03-28
242,پرديس,سرمايه گذاري پرديس,550,4883677,27024913910,5500,5590,5550,50,0.91,5520,20,0.36,5440,5620,1400-1-8,2021-03-28
243,اتكاي,بيمه اتكايي ايرانيان,550,2345323,41476645678,17512,17802,17850,338,1.93,17650,138,0.79,17510,18449,1400-1-8,2021-03-28
244,سامان,بانك سامان,537,3029325,32595698370,10775,10830,10900,125,1.16,10765,-10,-0.09,10616,10990,1400-1-8,2021-03-28
245,پارند,صندوق س. پارند پايدار سپهر,533,12994544,147376897047,11336,11345,11341,5,0.04,11341,5,0.04,11340,11345,1400-1-8,2021-03-28
246,وارس,سرمايه گذاري ارس صبا,529,2947257,44665175831,15444,15136,15136,-308,-1.99,15155,-289,-1.87,15136,15410,1400-1-8,2021-03-28
247,وهور,مديريت انرژي اميد  تابان هور,528,12124739,26461537116,2226,2182,2182,-44,-1.98,2206,-20,-0.9,2182,2266,1400-1-8,2021-03-28
248,فلات,گروه صنايع معادن فلات ايرانيان,527,1504998,24117714830,15962,16439,15643,-319,-2,16025,63,0.39,15643,16439,1400-1-8,2021-03-28
249,شفارا,پتروشيمي فارابي,523,6052095,25486313576,4097,4180,4219,122,2.98,4211,114,2.78,4117,4219,1400-1-8,2021-03-28
250,آريان,سرمايه گذاري پارس آريان,523,2893224,35407565829,12202,12490,12031,-171,-1.4,12215,13,0.11,12013,12568,1400-1-8,2021-03-28
251,قپيرا,فرآورده‌هاي‌غدايي‌وقندپيرانشهر,522,382609,41372043580,102050,102000,108170,6120,6,106800,4750,4.65,102000,108170,1400-1-8,2021-03-28
252,شتولي,تولي‌پرس‌,518,780224,25547111818,32641,31989,33293,652,2,32743,102,0.31,31989,33293,1400-1-8,2021-03-28
253,تيپيكو,سرمايه گذاري دارويي تامين,515,647061,27706075300,43540,44600,43000,-540,-1.24,43270,-270,-0.62,42670,44600,1400-1-8,2021-03-28
254,فسازان,غلتك سازان سپاهان,512,962516,35150473620,36330,36100,36540,210,0.58,36460,130,0.36,36100,36900,1400-1-8,2021-03-28
255,سمازن,سيمان‌مازندران‌,507,4219386,54832286440,13160,13250,12900,-260,-1.98,13000,-160,-1.22,12900,13250,1400-1-8,2021-03-28
256,واعتبار,سرمايه گذاري اعتبار ايران,507,3602675,35392508530,9510,9530,9760,250,2.63,9720,210,2.21,9530,9930,1400-1-8,2021-03-28
257,وپترو,سرمايه‌گذاري صنايع پتروشيمي‌,506,891352,13232947370,14700,14980,14740,40,0.27,14740,40,0.27,14480,15190,1400-1-8,2021-03-28
258,وملل,اعتباري ملل,506,1827325,25458335452,13936,13860,13800,-136,-0.98,13934,-2,-0.01,13750,14400,1400-1-8,2021-03-28
259,فسپا,گروه‌صنعتي‌سپاهان‌,497,1004205,39261084730,39840,39840,39050,-790,-1.98,39260,-580,-1.46,39050,39840,1400-1-8,2021-03-28
260,غپونه,نوش پونه مشهد,496,1209154,23905404929,19225,19801,19801,576,3,19770,545,2.83,19250,19801,1400-1-8,2021-03-28
261,شگلح,ح . گلتاش‌,489,2636320,19256548600,7540,7360,7240,-300,-3.98,7300,-240,-3.18,7240,7490,1400-1-8,2021-03-28
262,ضخود2006,اختيارخ خودرو-2500-1400/02/08,480,17137,4430687000,265,310,259,-6,-2.26,259,-6,-2.26,221,310,1400-1-8,2021-03-28
263,وكار,بانك‌ كارآفرين‌,478,10663649,27366789840,2610,2590,2560,-50,-1.92,2590,-20,-0.77,2560,2650,1400-1-8,2021-03-28
264,كاردان,صندوق س تجارت شاخصي كاردان,474,257887,44287680860,171540,172090,171000,-540,-0.31,171730,190,0.11,169650,174490,1400-1-8,2021-03-28
265,ثمسكن,سرمايه‌گذاري‌ مسكن‌,473,5836403,32157137980,5600,5600,5530,-70,-1.25,5540,-60,-1.07,5490,5690,1400-1-8,2021-03-28
266,جم پيلن,پلي پروپيلن جم - جم پيلن,462,924747,74833768190,82420,81160,80780,-1640,-1.99,80920,-1500,-1.82,80780,82500,1400-1-8,2021-03-28
267,وگردش,بانك گردشگري,461,1562244,27463718545,17562,17960,17720,158,0.9,17567,5,0.03,17365,17960,1400-1-8,2021-03-28
268,كنور,توسعه معدني و صنعتي صبانور,459,356112,17562949470,49460,50690,49800,340,0.69,49420,-40,-0.08,48550,50990,1400-1-8,2021-03-28
269,ثرود,سرمايه‌گذاري مسكن زاينده رود,459,3037449,62969355219,19558,20731,20731,1173,6,20731,1173,6,20731,20731,1400-1-8,2021-03-28
270,سپاها,سيمان‌سپاهان‌,458,2268328,19979024960,8960,8990,8790,-170,-1.9,8900,-60,-0.67,8790,9050,1400-1-8,2021-03-28
271,پتاير,ايران‌ تاير,456,11772959,45325892150,3920,3850,3850,-70,-1.79,3850,-70,-1.79,3850,3850,1400-1-8,2021-03-28
272,كگاز,شيشه‌ و گاز,453,1239072,22881306450,18060,18230,18730,670,3.71,18240,180,1,18040,18800,1400-1-8,2021-03-28
273,شاراك,پتروشيمي شازند,449,1854804,46853414960,25710,25750,25240,-470,-1.83,25450,-260,-1.01,25200,25960,1400-1-8,2021-03-28
274,خصدرا,صنعتي‌ دريايي‌ ايران‌,449,10463220,32540614200,3020,3110,3110,90,2.98,3110,90,2.98,3110,3110,1400-1-8,2021-03-28
275,افران,صندوق س افرا نماد پايدار-ثابت,448,13020029,169004625096,12971,12980,12980,9,0.07,12980,9,0.07,12972,13100,1400-1-8,2021-03-28
276,مارون,پتروشيمي مارون,446,456554,72588182143,160744,158000,160650,-94,-0.06,159443,-1301,-0.81,157530,163999,1400-1-8,2021-03-28
277,فلوله,لوله‌وماشين‌سازي‌ايران‌,444,813385,17222448930,21440,21700,21030,-410,-1.91,21350,-90,-0.42,21020,21800,1400-1-8,2021-03-28
278,پارس,پتروشيمي پارس,437,405955,64013361160,160650,159100,157440,-3210,-2,158700,-1950,-1.21,157440,161800,1400-1-8,2021-03-28
279,ميدكو,هلدينگ صنايع  معدني خاورميانه,433,2142061,67074156201,31143,31145,31350,207,0.66,31237,94,0.3,31144,31690,1400-1-8,2021-03-28
280,زفكاح,ح . كشت و دامداري فكا,428,2327316,19257303283,8146,8150,8270,124,1.52,8274,128,1.57,8080,8390,1400-1-8,2021-03-28
281,سكه0012پ01,تمام سكه طرح جديد0012رفاه,422,160000,179163655700,1098374,1112000,1122000,23626,2.15,1119773,21399,1.95,1112000,1124900,1400-1-8,2021-03-28
282,تكنو,تكنوتار,421,822505,18398731630,22760,22320,22370,-390,-1.71,22610,-150,-0.66,22310,22980,1400-1-8,2021-03-28
283,فاما,صنعتي‌ آما,420,1196081,24179362670,20150,20000,20170,20,0.1,20180,30,0.15,20000,20680,1400-1-8,2021-03-28
284,شگل,گلتاش‌,419,1760262,18100323900,10430,10230,10230,-200,-1.92,10380,-50,-0.48,10230,10490,1400-1-8,2021-03-28
285,ضسپا3004,اختيارخ خساپا-2500-1400/03/26,418,18964,5544072000,276,295,289,13,4.71,292,16,5.8,275,308,1400-1-8,2021-03-28
286,دعبيد,لابراتوارداروسازي‌  دكترعبيدي‌,414,754396,18539766970,24830,25160,24550,-280,-1.13,24730,-100,-0.4,24500,25160,1400-1-8,2021-03-28
287,خديزل,بهمن  ديزل,411,360653,15158637152,41241,43000,41461,220,0.53,41471,230,0.56,41062,43000,1400-1-8,2021-03-28
288,وسپه,سرمايه‌گذاري‌ سپه‌,410,2933861,20484608710,7120,6980,6980,-140,-1.97,7060,-60,-0.84,6980,7160,1400-1-8,2021-03-28
289,سرچشمه,سرمايه گذاري مس سرچشمه,406,2297896,15653742398,6945,6900,6807,-138,-1.99,6902,-43,-0.62,6807,6920,1400-1-8,2021-03-28
290,واتي,سرمايه‌ گذاري‌ آتيه‌ دماوند,397,2381499,28900921140,11980,12210,12200,220,1.84,12070,90,0.75,12000,12420,1400-1-8,2021-03-28
291,تصميم,صندوق س با درآمد ثابت تصميم,397,3140853,50168159355,15965,15970,15975,10,0.06,15973,8,0.05,15966,15975,1400-1-8,2021-03-28
292,سشمال,سيمان‌ شمال‌,393,2253769,26709935640,11980,11770,11750,-230,-1.92,11910,-70,-0.58,11750,12300,1400-1-8,2021-03-28
293,آكورد,صندوق س. آرمان آتي كوثر-د,392,6004861,188081515539,31305,31320,31324,19,0.06,31322,17,0.05,31320,31325,1400-1-8,2021-03-28
294,حسينا,توسعه خدمات دريايي وبندري سينا,390,188675,13797392044,72408,72501,73000,592,0.82,72603,195,0.27,72501,74499,1400-1-8,2021-03-28
295,تسه9911,امتياز تسهيلات مسكن بهمن99,387,7820,4665923908,605784,606001,585000,-20784,-3.43,596665,-9119,-1.51,575495,609000,1400-1-8,2021-03-28
296,اميد,تامين سرمايه اميد,385,1616354,12722993380,7860,8330,7800,-60,-0.76,7860,0,0,7720,8330,1400-1-8,2021-03-28
297,ياقوت,صندوق س ياقوت آگاه-ثابت,384,3787669,46020456794,12142,12160,12161,19,0.16,12150,8,0.07,12142,12161,1400-1-8,2021-03-28
298,كهمدا,شيشه‌ همدان‌,383,882818,9054883870,10120,10480,10210,90,0.89,10140,20,0.2,10150,10500,1400-1-8,2021-03-28
299,ومشان,س. فني و مهندسي مشانير,381,298481,22789119830,74269,75500,76497,2228,3,76350,2081,2.8,74269,76497,1400-1-8,2021-03-28
300,عيار,صندوق سكه طلاي مفيد,380,300828,8465123307,27554,27650,28248,694,2.52,28139,585,2.12,27650,28500,1400-1-8,2021-03-28
301,سپاس,صندوق س. پاداش سهامداري-ثابت,368,12264171,124050922976,10109,10113,10115,6,0.06,10115,6,0.06,10113,10117,1400-1-8,2021-03-28
302,وآرين,شركت توسعه اقتصادي آرين,368,2600915,10488036682,4074,4138,4030,-44,-1.08,4052,-22,-0.54,3996,4138,1400-1-8,2021-03-28
303,دالبر,البرزدارو,361,582020,8806607950,15310,15500,15190,-120,-0.78,15280,-30,-0.2,15010,15500,1400-1-8,2021-03-28
304,شوينده,مديريت صنعت شوينده ت.ص.بهشهر,360,478350,14503052260,30530,30900,30510,-20,-0.07,30470,-60,-0.2,30000,30900,1400-1-8,2021-03-28
305,شستان,پتروشيمي گلستان,358,2592419,10524404271,4125,4150,4190,65,1.58,4060,-65,-1.58,4043,4190,1400-1-8,2021-03-28
306,پارسيان,بيمه پارسيان,358,1302855,14425428200,11000,11420,10900,-100,-0.91,11020,20,0.18,10800,11420,1400-1-8,2021-03-28
307,شرانل,نفت ايرانول,358,694529,27394612121,39873,40390,39076,-797,-2,39635,-238,-0.6,39076,40390,1400-1-8,2021-03-28
308,آساميد,صندوق س.مشترك آسمان اميد -د,353,19946813,235394818198,11793,11797,11804,11,0.09,11801,8,0.07,11793,11850,1400-1-8,2021-03-28
309,سمتاز,سيمان ممتازان كرمان,353,1377548,28282602427,19995,20000,20594,599,3,20531,536,2.68,20000,20594,1400-1-8,2021-03-28
310,دامين,داروسازي‌ امين‌,351,599655,8291134560,13930,13930,13790,-140,-1.01,13910,-20,-0.14,13680,14150,1400-1-8,2021-03-28
311,وسپهر,سرمايه گذاري مالي سپهرصادرات,351,735420,7594682340,10537,10327,10327,-210,-1.99,10523,-14,-0.13,10327,10327,1400-1-8,2021-03-28
312,جم,پتروشيمي جم,348,901118,33416056290,37710,37130,36960,-750,-1.99,37500,-210,-0.56,36960,37890,1400-1-8,2021-03-28
313,آساس,صندوق س.آسمان آرماني سهام-س,346,195386,34665277738,175768,177491,176356,588,0.33,177419,1651,0.94,175769,179000,1400-1-8,2021-03-28
314,خفنر,فنرسازي‌خاور,344,1270199,10927441000,8670,8500,8500,-170,-1.96,8660,-10,-0.12,8500,8800,1400-1-8,2021-03-28
315,گوهران,سرمايه گذاري توسعه گوهران اميد,341,1689361,12628716991,7453,7610,7383,-70,-0.94,7459,6,0.08,7350,7660,1400-1-8,2021-03-28
316,ولبهمن,شركت بهمن ليزينگ,338,2703654,21970831910,8286,8121,8121,-165,-1.99,8214,-72,-0.87,8121,8299,1400-1-8,2021-03-28
317,شپاكسا,پاكسان‌,338,924785,26423741350,29090,28800,28790,-300,-1.03,28810,-280,-0.96,28510,29080,1400-1-8,2021-03-28
318,وشهر,بانك شهر,337,5013446,34437951956,6610,6874,6874,264,3.99,6819,209,3.16,6620,6874,1400-1-8,2021-03-28
319,ولتجار,واسپاري تجارت وسرمايه ايرانيان,335,3141000,26801000041,8306,8540,8555,249,3,8533,227,2.73,8306,8555,1400-1-8,2021-03-28
320,ساراب,سيمان‌ داراب‌,335,2218128,36834064210,16930,16620,16600,-330,-1.95,16680,-250,-1.48,16600,16990,1400-1-8,2021-03-28
321,تبرك,گروه كارخانجات صنعتي تبرك,335,2916147,56366205363,18235,19329,19329,1094,6,19329,1094,6,19329,19329,1400-1-8,2021-03-28
322,وخاور,بانك خاورميانه,333,1293576,12143183640,9480,9740,9370,-110,-1.16,9460,-20,-0.21,9300,9740,1400-1-8,2021-03-28
323,فافزا,فولاد افزا سپاهان,329,275226,14866720688,52592,54169,54169,1577,3,53634,1042,1.98,53000,54169,1400-1-8,2021-03-28
324,وتعاون,بيمه  تعاون,327,1697817,10158224284,5883,5771,6059,176,2.99,5933,50,0.85,5766,6059,1400-1-8,2021-03-28
325,جمح,ح . پتروشيمي جم,326,681009,20185130170,30620,29810,29490,-1130,-3.69,29640,-980,-3.2,29430,30860,1400-1-8,2021-03-28
326,وبشهر,توسعه‌ صنايع‌ بهشهر(هلدينگ,324,1434788,17642179080,12500,12300,12260,-240,-1.92,12430,-70,-0.56,12250,12680,1400-1-8,2021-03-28
327,دتماد,توليدمواداوليه‌داروپخش‌,323,267368,12536287000,47660,47400,46730,-930,-1.95,47460,-200,-0.42,46710,47990,1400-1-8,2021-03-28
328,كاريس,صندوق س.سپهر كاريزما-س,322,1190614,13882135037,11717,11894,11609,-108,-0.92,11660,-57,-0.49,11531,11894,1400-1-8,2021-03-28
329,مداران,داده‌پردازي‌ايران‌,319,654654,16483343220,25410,25020,24910,-500,-1.97,25330,-80,-0.31,24910,25800,1400-1-8,2021-03-28
330,بسويچ,پارس‌سويچ‌,312,237109,12284406800,52620,51600,52450,-170,-0.32,52420,-200,-0.38,51570,53490,1400-1-8,2021-03-28
331,قشرين,قند شيرين خراسان,311,1773979,28052922895,15390,15850,15851,461,3,15814,424,2.76,15083,15851,1400-1-8,2021-03-28
332,اطلس,صندوق س.توسعه اندوخته آينده-س,311,575930,124567204564,218257,218100,216700,-1557,-0.71,216289,-1968,-0.9,216100,218900,1400-1-8,2021-03-28
333,دسبحان,سبحان دارو,307,483737,10750285810,22300,22970,22240,-60,-0.27,22280,-20,-0.09,21860,23000,1400-1-8,2021-03-28
334,شكبير,پتروشيمي اميركبير,306,1206300,110888510748,92573,90735,90740,-1833,-1.98,91924,-649,-0.7,90722,95350,1400-1-8,2021-03-28
335,شكربن,كربن‌ ايران‌,305,125970,11881905140,93080,95790,94500,1420,1.53,93370,290,0.31,93220,95790,1400-1-8,2021-03-28
336,درازك,دارويي‌ رازك‌,301,336838,11527697040,34240,34800,34400,160,0.47,34240,0,0,33720,34800,1400-1-8,2021-03-28
337,سكرما,سيمان‌ كرمان‌,299,636999,10695056570,16420,16220,16790,370,2.25,16500,80,0.49,16170,17270,1400-1-8,2021-03-28
338,فيروزه,صندوق شاخص30 شركت فيروزه- سهام,296,122769,17739948900,145170,144800,143900,-1270,-0.87,144500,-670,-0.46,143700,146980,1400-1-8,2021-03-28
339,دكپسولح,ح .توليد ژلاتين كپسول ايران,294,829292,21995697289,25065,26568,26568,1503,6,26523,1458,5.82,25450,26568,1400-1-8,2021-03-28
340,بميلا,توسعه بازرگاني آهن وفولادميلاد,292,975043,16278364947,16684,17300,16747,63,0.38,16693,9,0.05,16212,17300,1400-1-8,2021-03-28
341,شلعاب,لعابيران‌,290,1362870,30870959430,23110,22650,22650,-460,-1.99,22820,-290,-1.25,22650,23000,1400-1-8,2021-03-28
342,گكيش,توريستي ورفاهي آبادگران كيش,286,1002398,51286691272,52208,51164,51164,-1044,-2,51164,-1044,-2,51164,51164,1400-1-8,2021-03-28
343,شخارك,پتروشيمي‌ خارك‌,286,503541,23337880920,46400,46410,46020,-380,-0.82,46390,-10,-0.02,45600,46930,1400-1-8,2021-03-28
344,وتوشه,سرمايه‌ گذاري‌ پارس‌ توشه‌,283,328426,7426087160,22140,22880,22560,420,1.9,22210,70,0.32,22230,22900,1400-1-8,2021-03-28
345,چكاوه,صنايع‌كاغذسازي‌كاوه‌,282,578919,10605293400,18660,18320,18290,-370,-1.98,18590,-70,-0.38,18290,18860,1400-1-8,2021-03-28
346,كگهر,سنگ آهن گهرزمين,282,468584,22312819120,47244,48800,47790,546,1.16,47313,69,0.15,47310,48800,1400-1-8,2021-03-28
347,سحرخيز,صندوق س. گروه زعفران سحرخيز,280,576216,5620606263,9709,9794,9759,50,0.51,9754,45,0.46,9660,9867,1400-1-8,2021-03-28
348,شنفت,نفت‌ پارس‌,277,114603,5927906700,50680,52000,51490,810,1.6,50800,120,0.24,51310,53000,1400-1-8,2021-03-28
349,بخاور,بيمه زندگي خاورميانه,274,1598584,11292567713,6998,7130,7000,2,0.03,7013,15,0.21,6952,7270,1400-1-8,2021-03-28
350,جهرم,پتروشيمي جهرم,274,2563478,4599985315,1827,1803,1791,-36,-1.97,1819,-8,-0.44,1791,1850,1400-1-8,2021-03-28
351,بمپنا,توليد برق عسلويه  مپنا,273,160500,11526632083,73245,72200,71783,-1462,-2,72908,-337,-0.46,71781,72210,1400-1-8,2021-03-28
352,شاوان,پالايش نفت لاوان,269,356450,32335816343,92131,90400,90289,-1842,-2,91189,-942,-1.02,90289,91760,1400-1-8,2021-03-28
353,لوتوس,تامين سرمايه لوتوس پارسيان,268,1803097,19037268790,10670,10520,10590,-80,-0.75,10630,-40,-0.37,10460,10640,1400-1-8,2021-03-28
354,كرماشا,صنايع پتروشيمي كرمانشاه,266,323842,12542456460,39420,39500,38650,-770,-1.95,39260,-160,-0.41,38640,39500,1400-1-8,2021-03-28
355,ما,بيمه  ما,266,1658844,12503950120,7550,7700,7550,0,0,7550,0,0,7420,7720,1400-1-8,2021-03-28
356,شبصير,توليدات پتروشيمي قائد بصير,265,501771,36586513914,74402,72920,72914,-1488,-2,73274,-1128,-1.52,72914,72970,1400-1-8,2021-03-28
357,وآيند,بانك  آينده,261,4438753,79236179803,18594,17851,17851,-743,-4,17971,-623,-3.35,17851,17851,1400-1-8,2021-03-28
358,اتكام,شركت بيمه اتكايي امين,259,1138997,5732133096,4928,5130,5061,133,2.7,4940,12,0.24,4967,5130,1400-1-8,2021-03-28
359,بپاس,بيمه پاسارگاد,259,658481,56272469298,80621,85458,85458,4837,6,83086,2465,3.06,85458,85458,1400-1-8,2021-03-28
360,پخش,پخش البرز,258,440338,14453506475,33283,33551,32618,-665,-2,33149,-134,-0.4,32618,33551,1400-1-8,2021-03-28
361,پكرمان,گروه‌ صنعتي‌ بارز,247,809465,22488259850,28290,27800,27730,-560,-1.98,28060,-230,-0.81,27730,28290,1400-1-8,2021-03-28
362,وصندوق,سرمايه‌گذاري‌صندوق‌بازنشستگي‌,246,1762456,26497034350,15180,15000,14890,-290,-1.91,15150,-30,-0.2,14880,15170,1400-1-8,2021-03-28
363,فخاس,فولاد خراسان,244,245831,6930898900,28550,28000,28300,-250,-0.88,28520,-30,-0.11,27980,28870,1400-1-8,2021-03-28
364,شپاس,نفت پاسارگاد,240,361119,8082228594,22627,22230,22175,-452,-2,22587,-40,-0.18,22175,23310,1400-1-8,2021-03-28
365,كمينا,شيشه سازي مينا,237,724375,17920048442,24019,24739,24739,720,3,24628,609,2.54,24728,24739,1400-1-8,2021-03-28
366,دبالك,مواد اوليه دارويي البرز بالك,237,540380,11132908760,21022,20602,20602,-420,-2,20927,-95,-0.45,20602,20602,1400-1-8,2021-03-28
367,سيدكو,سرمايه گذاري توسعه صنايع سيمان,236,4148998,26823552870,6590,6530,6460,-130,-1.97,6520,-70,-1.06,6460,6530,1400-1-8,2021-03-28
368,زر,صندوق س.پشتوانه سكه طلاي زر,236,251538,12079613419,47271,47524,48078,807,1.71,48023,752,1.59,47524,48300,1400-1-8,2021-03-28
369,شيراز,پتروشيمي‌شيراز,233,411408,23997962960,58320,58000,57580,-740,-1.27,58320,0,0,57560,59200,1400-1-8,2021-03-28
370,ختراكح,ح . ريخته‌گري‌ تراكتورسازي‌,232,2385560,27366170110,11820,12200,11350,-470,-3.98,11470,-350,-2.96,11350,12200,1400-1-8,2021-03-28
371,تماوند,تامين سرمايه دماوند,230,1322972,21434347954,15792,16264,16200,408,2.58,16202,410,2.6,16010,16264,1400-1-8,2021-03-28
372,تسه9908,امتياز تسهيلات مسكن آبان99,229,4650,2668806321,591265,594050,579270,-11995,-2.03,573937,-17328,-2.93,561702,610000,1400-1-8,2021-03-28
373,وثنو,سرمايه گذاري ساختماني نوين,228,1015210,6337266361,6172,6369,6260,88,1.43,6194,22,0.36,6173,6369,1400-1-8,2021-03-28
374,كاذر,فرآورده‌هاي‌نسوزآذر,225,4774126,156543591540,33450,32790,32790,-660,-1.97,32790,-660,-1.97,32790,32790,1400-1-8,2021-03-28
375,كروي,توسعه‌ معادن‌ روي‌ ايران‌,224,265989,7854862150,30090,29520,29490,-600,-1.99,30000,-90,-0.3,29490,29790,1400-1-8,2021-03-28
376,نهال,صندوق س. طلاي سرخ نوويرا,223,340385,3166683723,9391,9391,9301,-90,-0.96,9303,-88,-0.94,9268,9392,1400-1-8,2021-03-28
377,ضسپا3003,اختيارخ خساپا-2000-1400/03/26,223,6399,3595343000,559,600,574,15,2.68,562,3,0.54,520,629,1400-1-8,2021-03-28
378,وسرمد,بيمه  سرمد,222,1039785,6655460374,6487,6600,6429,-58,-0.89,6459,-28,-0.43,6358,6600,1400-1-8,2021-03-28
379,دشيري,شيرين دارو,219,111109,24401092876,213245,219641,219642,6397,3,219614,6369,2.99,215981,219642,1400-1-8,2021-03-28
380,كاسپين,داروسازي كاسپين تامين,214,278073,6718576132,24638,24146,24190,-448,-1.82,24573,-65,-0.26,24146,24500,1400-1-8,2021-03-28
381,تسه9910,امتياز تسهيلات مسكن دي99,212,5344,3118993263,600410,600500,585000,-15410,-2.57,583644,-16766,-2.79,570390,600950,1400-1-8,2021-03-28
382,دسبحا,گروه دارويي سبحان,209,353324,7062820400,19490,19490,19600,110,0.56,19560,70,0.36,19300,20380,1400-1-8,2021-03-28
383,قنقش,قند نقش جهان,204,285050,20076975453,71737,70304,70303,-1434,-2,70433,-1304,-1.82,70303,71800,1400-1-8,2021-03-28
384,گكيشح,ح.توريستي ورفاهي آبادگران كيش,203,888956,32489533454,35487,36551,36551,1064,3,36548,1061,2.99,35110,36551,1400-1-8,2021-03-28
385,نمرينو,ايران‌ مرينوس‌,200,273823,27792004250,95790,101510,101530,5740,5.99,98680,2890,3.02,100000,101530,1400-1-8,2021-03-28
386,سخزر,سيمان‌ خزر,196,170563,5157825120,30850,30240,30240,-610,-1.98,30790,-60,-0.19,30240,30240,1400-1-8,2021-03-28
387,دشيميح,ح . شيمي‌ داروئي‌ داروپخش‌,194,292998,6110288230,21240,21240,20640,-600,-2.82,20850,-390,-1.84,20560,21460,1400-1-8,2021-03-28
388,غپاك,لبنيات‌ پاك‌,191,1817948,48811903800,27390,26850,26850,-540,-1.97,26850,-540,-1.97,26850,26850,1400-1-8,2021-03-28
389,وبهمن,سرمايه‌گذاري‌بهمن‌,190,760611,11862026700,15900,15610,15590,-310,-1.95,15830,-70,-0.44,15590,15800,1400-1-8,2021-03-28
390,دلر,داروسازي‌ اكسير,190,154294,5717483810,36570,37750,37420,850,2.32,36620,50,0.14,36600,37750,1400-1-8,2021-03-28
391,وپويا,سرمايه گذاري پويا,189,226563,1482175146,6675,6542,6542,-133,-1.99,6671,-4,-0.06,6542,6542,1400-1-8,2021-03-28
392,سنوين,سرمايه گذاري اقتصاد نوين,185,1180071,11338462359,9804,9608,9608,-196,-2,9687,-117,-1.19,9608,9733,1400-1-8,2021-03-28
393,دارو,كارخانجات‌داروپخش‌,184,234284,7926854750,34480,33810,33850,-630,-1.83,34380,-100,-0.29,33800,34020,1400-1-8,2021-03-28
394,خكاوه,سايپا ديزل,184,6101953,22345351886,3488,3662,3662,174,4.99,3662,174,4.99,3662,3662,1400-1-8,2021-03-28
395,بفجر,فجر انرژي خليج فارس,184,330268,8013678770,23800,24170,24250,450,1.89,23860,60,0.25,24120,24460,1400-1-8,2021-03-28
396,شساخت,مهندسي و ساختمان صنايع نفت,183,214816,8121600245,36845,37500,37614,769,2.09,37050,205,0.56,37500,37950,1400-1-8,2021-03-28
397,وپخش,داروپخش‌ (هلدينگ‌,176,35683,3598565920,102040,100120,100980,-1060,-1.04,101950,-90,-0.09,100120,103080,1400-1-8,2021-03-28
398,خراسان,پتروشيمي خراسان,174,298865,22970951570,78410,77200,76990,-1420,-1.81,77760,-650,-0.83,76850,77390,1400-1-8,2021-03-28
399,سهگمت,سيمان‌هگمتان‌,172,117512,2996404900,25630,26500,25380,-250,-0.98,25620,-10,-0.04,25250,26500,1400-1-8,2021-03-28
400,كبافق,معادن‌ بافق‌,170,213154,10787723940,51640,50610,50610,-1030,-1.99,51410,-230,-0.45,50610,50610,1400-1-8,2021-03-28
401,شراز,پالايش نفت شيراز,170,111396,12695901120,116269,115000,113944,-2325,-2,115672,-597,-0.51,113944,116500,1400-1-8,2021-03-28
402,آتيمس,صندوق س.آرمان آتيه درخشان مس-س,165,42270,8106225052,194555,196200,191010,-3545,-1.82,191773,-2782,-1.43,186773,196999,1400-1-8,2021-03-28
403,تسه9909,امتياز تسهيلات مسكن آذر99,163,3365,1930206752,595202,593022,575000,-20202,-3.39,573613,-21589,-3.63,565442,600000,1400-1-8,2021-03-28
404,گوهر,صندوق سكه طلاي كيان,163,68210,3769136802,54258,54800,55509,1251,2.31,55258,1000,1.84,54250,55748,1400-1-8,2021-03-28
405,دفرا,فرآورده‌هاي‌ تزريقي‌ ايران‌,163,126068,3229248610,25930,25450,25530,-400,-1.54,25910,-20,-0.08,25420,25880,1400-1-8,2021-03-28
406,تايرا,تراكتورسازي‌ايران‌,162,352784,10151873390,29030,29040,28450,-580,-2,28980,-50,-0.17,28450,29480,1400-1-8,2021-03-28
407,شفا,سرمايه گذاري شفادارو,162,89033,4076019600,46460,45550,45560,-900,-1.94,46400,-60,-0.13,45540,47400,1400-1-8,2021-03-28
408,بالاس,مهندسي ساختمان تاسيسات راه آهن,158,155137,8934805241,58768,57593,57593,-1175,-2,58550,-218,-0.37,57593,57593,1400-1-8,2021-03-28
409,تكنار,مجتمع معادن مس تكنار,157,67493,8609131428,130121,127519,127519,-2602,-2,128985,-1136,-0.87,127519,128990,1400-1-8,2021-03-28
410,غزر,صنعتي زر ماكارون,155,207968,5525709760,27110,26570,26570,-540,-1.99,27050,-60,-0.22,26570,26570,1400-1-8,2021-03-28
411,رتاپ,تجارت الكترونيك  پارسيان,155,585725,4167889600,7250,7120,7110,-140,-1.93,7240,-10,-0.14,7110,7250,1400-1-8,2021-03-28
412,زرين,صندوق س. سهام زرين كوروش-س,153,269256,2871240747,10764,10511,10610,-154,-1.43,10664,-100,-0.93,10511,10944,1400-1-8,2021-03-28
413,سقاين,سيمان‌ قائن‌,153,142605,10410235000,74480,73000,73000,-1480,-1.99,74160,-320,-0.43,73000,73100,1400-1-8,2021-03-28
414,ساينا,صنايع بهداشتي ساينا,149,37030,5757328440,158607,157950,155435,-3172,-2,158239,-368,-0.23,155435,157950,1400-1-8,2021-03-28
415,وايرا,سرمايه گذاري صنايع ايران,148,756617,9869312148,12665,13044,13044,379,2.99,12841,176,1.39,13044,13044,1400-1-8,2021-03-28
416,پسهند,صنايع‌ لاستيكي‌  سهند,146,141190,5934259480,42630,42040,41780,-850,-1.99,42560,-70,-0.16,41780,43500,1400-1-8,2021-03-28
417,دپارس,پارس‌ دارو,146,59156,4848206090,83570,81900,81900,-1670,-2,83410,-160,-0.19,81900,83690,1400-1-8,2021-03-28
418,دسانكو,داروسازي سبحان انكولوژي,140,370395,5340725505,14713,14419,14419,-294,-2,14681,-32,-0.22,14419,14419,1400-1-8,2021-03-28
419,گشان,توسعه بين المللي پديده شانديز,139,146544,4705820928,32767,32112,32112,-655,-2,32605,-162,-0.49,32112,32112,1400-1-8,2021-03-28
420,تسه9906,امتياز تسهيلات مسكن شهريور99,135,6855,3933728079,588963,582009,559515,-29448,-5,573848,-15115,-2.57,559515,617000,1400-1-8,2021-03-28
421,وتوكا,سرمايه‌گذاري‌توكافولاد(هلدينگ,132,1272958,15339606220,12290,12050,12050,-240,-1.95,12210,-80,-0.65,12050,12160,1400-1-8,2021-03-28
422,وسنا,سرمايه گذاري نيروگاهي ايران,128,1383443,22536286470,15816,16290,16290,474,3,16290,474,3,16290,16290,1400-1-8,2021-03-28
423,پترولح,ح . گروه پتروشيمي س. ايرانيان,124,2762555,25431926700,9580,9580,9200,-380,-3.97,9210,-370,-3.86,9200,9580,1400-1-8,2021-03-28
424,تسه9907,امتياز تسهيلات مسكن مهر99,121,3313,1909737050,591499,584011,561925,-29574,-5,576437,-15062,-2.55,561925,619999,1400-1-8,2021-03-28
425,دتوليد,داروسازي توليد دارو,119,167254,4439255668,27083,26542,26542,-541,-2,27034,-49,-0.18,26542,26542,1400-1-8,2021-03-28
426,كخاك,صنايع‌خاك‌چيني‌ايران‌,118,145097,6150153360,43140,42360,42280,-860,-1.99,43050,-90,-0.21,42280,43100,1400-1-8,2021-03-28
427,دارا,صندوق س. دارا الگوريتم-د,113,2546019,25591798657,10052,10071,10056,4,0.04,10052,0,0,10035,10071,1400-1-8,2021-03-28
428,شاملا,معدني‌ املاح‌  ايران‌,111,73597,3728526210,51430,51420,50410,-1020,-1.98,51370,-60,-0.12,50410,52310,1400-1-8,2021-03-28
429,غبهنوش,بهنوش‌ ايران‌,107,68424,4853314320,72370,70930,70930,-1440,-1.99,72230,-140,-0.19,70930,70930,1400-1-8,2021-03-28
430,واحيا,م .صنايع و معادن احياء سپاهان,105,280976,42884242976,148181,152626,152626,4445,3,151303,3122,2.11,152626,152626,1400-1-8,2021-03-28
431,اخزا910,اسنادخزانه-م10بودجه99-020807,98,252303,151144213522,596622,603300,604758,8136,1.36,599058,2436,0.41,595500,604758,1400-1-8,2021-03-28
432,ثامان,سامان‌ گستراصفهان‌,96,300534,6762015000,22950,22500,22500,-450,-1.96,22890,-60,-0.26,22500,22500,1400-1-8,2021-03-28
433,ارمغان,ص سرمايه گذاري ارمغان ايرانيان,95,883771,8964386823,10120,10150,10159,39,0.39,10143,23,0.23,10128,10159,1400-1-8,2021-03-28
434,قصفها,قنداصفهان‌,94,21059,3314686600,160610,157400,157400,-3210,-2,160390,-220,-0.14,157400,157400,1400-1-8,2021-03-28
435,كفپارس,فرآورده‌هاي‌ نسوز پارس‌,93,464331,2112706050,4640,4550,4550,-90,-1.94,4640,0,0,4550,4550,1400-1-8,2021-03-28
436,ضخود2005,اختيارخ خودرو-2000-1400/02/08,93,3291,2184806000,665,680,661,-4,-0.6,664,-1,-0.15,630,710,1400-1-8,2021-03-28
437,خفولا,خدمات فني فولاد يزد,92,672175,32853225300,49873,48876,48876,-997,-2,48876,-997,-2,48876,48876,1400-1-8,2021-03-28
438,غشصفا,شيرپاستوريزه‌پگاه‌اصفهان‌,90,84962,2338964240,28080,27520,27520,-560,-1.99,28050,-30,-0.11,27520,28290,1400-1-8,2021-03-28
439,اخزا901,اسنادخزانه-م1بودجه99-010621,89,125431,93787223993,745569,743510,749990,4421,0.59,747720,2151,0.29,743510,751000,1400-1-8,2021-03-28
440,شصفها,پتروشيمي‌ اصفهان‌,89,68563,9610420507,137785,140540,140540,2755,2,139147,1362,0.99,137107,140540,1400-1-8,2021-03-28
441,افق ملت,صندوق س در سهام افق ملت,89,48198,6331828190,132330,134990,131000,-1330,-1.01,131370,-960,-0.73,130520,134990,1400-1-8,2021-03-28
442,دمعيار,صندوق س. توازن معيار-د,86,1657173,16638219607,10035,10045,10040,5,0.05,10040,5,0.05,10039,10045,1400-1-8,2021-03-28
443,تسه9802,امتياز تسهيلات مسكن ارديبهشت98,85,861,483991731,573944,570000,562000,-11944,-2.08,562127,-11817,-2.06,552555,584887,1400-1-8,2021-03-28
444,ثجوان,تامين مسكن جوانان,81,196097,2157806681,11185,10962,10962,-223,-1.99,11165,-20,-0.18,10962,11185,1400-1-8,2021-03-28
445,سمايه,بانك سرمايه,79,1924641,11815371099,6264,6139,6139,-125,-2,6188,-76,-1.21,6139,6139,1400-1-8,2021-03-28
446,ثفارس,عمران‌وتوسعه‌فارس‌,78,289324,2858521120,10080,9880,9880,-200,-1.98,10070,-10,-0.1,9880,9880,1400-1-8,2021-03-28
447,اخزا908,اسنادخزانه-م8بودجه99-020606,78,241079,149304605464,615184,617979,623000,7816,1.27,619318,4134,0.67,614189,623000,1400-1-8,2021-03-28
448,وكادو,تكادو,78,773979,15122775681,19937,19539,19539,-398,-2,19629,-308,-1.54,19539,19539,1400-1-8,2021-03-28
449,لكما,كارخانجات‌مخابراتي‌ايران‌,76,436855,2680979135,6262,6137,6137,-125,-2,6245,-17,-0.27,6137,6137,1400-1-8,2021-03-28
450,فردا,صندوق س آواي فرداي زاگرس-ثابت,74,441375,4603708642,10428,10428,10430,2,0.02,10430,2,0.02,10426,10433,1400-1-8,2021-03-28
451,قشير,قند شيروان قوچان و بجنورد,73,126907,3209478030,25806,25290,25290,-516,-2,25772,-34,-0.13,25290,25290,1400-1-8,2021-03-28
452,لپارس,پارس‌ الكتريك‌,73,35042,3283084980,95600,93690,93690,-1910,-2,95470,-130,-0.14,93690,93690,1400-1-8,2021-03-28
453,اخزا902,اسنادخزانه-م2بودجه99-011019,72,154255,108832215460,701420,705000,707000,5580,0.8,705534,4114,0.59,700010,713000,1400-1-8,2021-03-28
454,غشان,شيرپاستوريزه‌پگاه‌خراسان‌,71,521671,3949049470,7720,7570,7570,-150,-1.94,7710,-10,-0.13,7570,7570,1400-1-8,2021-03-28
455,قجامح,ح.فرآورده غذايي وقندتربت‌جام,71,557693,3515138979,6180,6303,6303,123,1.99,6303,123,1.99,6303,6303,1400-1-8,2021-03-28
456,تسه9902,امتياز تسهيلات مسكن ارديبهشت99,71,628,356902457,586533,577422,557800,-28733,-4.9,568316,-18217,-3.11,557800,599958,1400-1-8,2021-03-28
457,صايند,صندوق س. گنجينه آينده روشن-د,70,443680,4440727580,9987,10000,10005,18,0.18,10009,22,0.22,10000,10057,1400-1-8,2021-03-28
458,دكوثر,داروسازي‌ كوثر,68,71885,1463578600,20770,20360,20360,-410,-1.97,20760,-10,-0.05,20360,20360,1400-1-8,2021-03-28
459,بنيرو,نيروترانس‌,68,124870,1863060400,15220,14920,14920,-300,-1.97,15210,-10,-0.07,14920,14920,1400-1-8,2021-03-28
460,تسه9810,امتياز تسهيلات مسكن دي98,68,944,539304043,579283,575153,550319,-28964,-5,571297,-7986,-1.38,550319,585000,1400-1-8,2021-03-28
461,فرآور,فرآوري‌موادمعدني‌ايران‌,67,104491,3638376620,35530,34820,34820,-710,-2,35480,-50,-0.14,34820,34820,1400-1-8,2021-03-28
462,سخاش,سيمان‌خاش‌,65,12973,1993041990,156760,153630,153630,-3130,-2,156630,-130,-0.08,153630,153630,1400-1-8,2021-03-28
463,تسه9904,امتياز تسهيلات مسكن تير99,64,1234,722168185,591864,585000,562271,-29593,-5,585225,-6639,-1.12,562271,621000,1400-1-8,2021-03-28
464,سكه0012پ04,تمام سكه طرح جديد0012صادرات,64,14700,16447616900,1102097,1102112,1122900,20803,1.89,1118885,16788,1.52,1102112,1125000,1400-1-8,2021-03-28
465,سكه0011پ02,تمام سكه طرح جديد0011ملت,64,12100,13536696700,1100515,1103001,1120899,20384,1.85,1118735,18220,1.66,1103001,1128998,1400-1-8,2021-03-28
466,داريك,صندوق س.اعتماد داريك-د,63,80523,843402720,10468,10481,10470,2,0.02,10474,6,0.06,10235,10490,1400-1-8,2021-03-28
467,غويتا,ويتانا,63,212305,3796438010,18246,17882,17882,-364,-1.99,18218,-28,-0.15,17882,17882,1400-1-8,2021-03-28
468,كارين,صندوق س نگين سامان-ثابت,63,2030458,20458706810,10075,10076,10080,5,0.05,10076,1,0.01,10075,10080,1400-1-8,2021-03-28
469,خاتم,صندوق س خاتم ايساتيس پويا-ثابت,61,2309235,24869777770,10761,10766,10775,14,0.13,10770,9,0.08,10766,10775,1400-1-8,2021-03-28
470,غنوش,نوش‌ مازندران‌,61,24448,1373977600,57340,56200,56200,-1140,-1.99,57310,-30,-0.05,56200,56200,1400-1-8,2021-03-28
471,شكف,كف,61,150772,13978222892,90894,92711,92711,1817,2,92711,1817,2,92711,92711,1400-1-8,2021-03-28
472,ضخود2008,اختيارخ خودرو-3500-1400/02/08,59,1692,69954000,46,45,38,-8,-17.39,41,-5,-10.87,37,45,1400-1-8,2021-03-28
473,ثروتم,صندوق س. ثروت آفرين پارسيان-س,59,65270,5293357350,81114,81015,81350,236,0.29,81099,-15,-0.02,80700,81599,1400-1-8,2021-03-28
474,صنوين,صندوق سرمايه‌گذاري صنوين-مختلط,57,11751,1267139290,107670,108200,107600,-70,-0.07,107830,160,0.15,107580,108200,1400-1-8,2021-03-28
475,سجام,مجتمع سيمان غرب آسيا,57,220987,1097421442,5172,4966,4966,-206,-3.98,5160,-12,-0.23,4966,4966,1400-1-8,2021-03-28
476,خاذين,سايپاآذين‌,57,415497,1936216020,4750,4660,4660,-90,-1.89,4750,0,0,4660,4660,1400-1-8,2021-03-28
477,آسام,صندوق س.آرمان سپهر آشنا-م,56,48740,5310772090,106211,108002,109500,3289,3.1,108961,2750,2.59,108001,109970,1400-1-8,2021-03-28
478,تپكو,توليدتجهيزات‌سنگين‌هپكو,56,338588,1816186032,5473,5364,5364,-109,-1.99,5469,-4,-0.07,5364,5364,1400-1-8,2021-03-28
479,فنورد,نوردوقطعات‌ فولادي‌,55,16238,3018157060,189660,185870,185870,-3790,-2,189430,-230,-0.12,185870,185870,1400-1-8,2021-03-28
480,ضشنا2003,اختيارخ شپنا-14000-1400/02/27,55,870,1240331000,1789,1707,1302,-487,-27.22,1426,-363,-20.29,1302,1707,1400-1-8,2021-03-28
481,كپشير,پشم‌شيشه‌ايران‌,55,70817,2794438820,40260,39460,39460,-800,-1.99,40210,-50,-0.12,39460,39460,1400-1-8,2021-03-28
482,گدنا,تهيه توزيع غذاي دنا آفرين فدك,55,38735,1291386165,34019,33339,33339,-680,-2,34001,-18,-0.05,33339,33339,1400-1-8,2021-03-28
483,سخواف,سيمان مجد خواف,54,76947,1263854475,17109,16425,16425,-684,-4,17064,-45,-0.26,16425,16425,1400-1-8,2021-03-28
484,تسه9905,امتياز تسهيلات مسكن مرداد99,53,587,341696223,586231,582462,560211,-26020,-4.44,582106,-4125,-0.7,560011,615542,1400-1-8,2021-03-28
485,چخزر,صنايع چوب خزر كاسپين,53,46770,2697272670,58847,57671,57671,-1176,-2,58782,-65,-0.11,57671,57671,1400-1-8,2021-03-28
486,ضشنا2002,اختيارخ شپنا-12000-1400/02/27,52,628,1709460000,2948,2800,2579,-369,-12.52,2722,-226,-7.67,2500,3100,1400-1-8,2021-03-28
487,خبازرس,بازرسي مهندسي و صنعتي ايران,52,466323,16628145534,34620,35658,35658,1038,3,35433,813,2.35,35658,35658,1400-1-8,2021-03-28
488,زفكا,كشت و دامداري فكا,51,152988,1989761928,13271,13006,13006,-265,-2,13260,-11,-0.08,13006,13006,1400-1-8,2021-03-28
489,غگرجي,بيسكويت‌  گرجي‌,50,72530,1348332700,18960,18590,18590,-370,-1.95,18950,-10,-0.05,18590,18590,1400-1-8,2021-03-28
490,آرمان,بيمه آرمان,49,85762,717411394,8529,8359,8359,-170,-1.99,8523,-6,-0.07,8359,8500,1400-1-8,2021-03-28
491,اخزا903,اسنادخزانه-م3بودجه99-011110,49,69776,48783754543,696491,696491,697202,711,0.1,699148,2657,0.38,696204,701000,1400-1-8,2021-03-28
492,كوير,توليدي فولاد سپيد فراب كوير,48,77452,1711689200,22550,22100,22100,-450,-2,22540,-10,-0.04,22100,22100,1400-1-8,2021-03-28
493,تسه9803,امتياز تسهيلات مسكن خرداد98,48,241,138827307,584711,585290,566060,-18651,-3.19,576047,-8664,-1.48,566030,596212,1400-1-8,2021-03-28
494,زعف0008پ11,زعفران0008نگين سحرخيز(پ),47,79333,9600082520,120227,121000,119604,-623,-0.52,121010,783,0.65,118510,121990,1400-1-8,2021-03-28
495,وگستر,گسترش سرمايه گذاري ايرانيان,47,78255,1483010505,19337,18951,18951,-386,-2,19325,-12,-0.06,18951,18951,1400-1-8,2021-03-28
496,بزاگرس,نيروگاه زاگرس كوثر,47,102433,721538052,7187,7044,7044,-143,-1.99,7185,-2,-0.03,7044,7044,1400-1-8,2021-03-28
497,توريل,توكاريل,46,156401,3871237552,25257,24752,24752,-505,-2,25217,-40,-0.16,24752,24752,1400-1-8,2021-03-28
498,كي بي سي,شركت كي بي سي,46,159293,4374504366,28022,27462,27462,-560,-2,27972,-50,-0.18,27462,27462,1400-1-8,2021-03-28
499,الماس,صندوق س.امين تدبيرگران فردا-س,45,13481,1483003036,109701,110003,109200,-501,-0.46,110007,306,0.28,109000,111899,1400-1-8,2021-03-28
500,زعف0008پ10,زعفران0008نگين طلاي سرخ(پ),45,19712,2385088816,120715,121000,120990,275,0.23,120997,282,0.23,118020,121296,1400-1-8,2021-03-28
501,ساوه,سيمان ساوه,44,22778,1368730020,61316,60090,60090,-1226,-2,61282,-34,-0.06,60090,60090,1400-1-8,2021-03-28
502,ساروم,سيمان‌اروميه‌,44,76820,3123501200,41480,40660,40660,-820,-1.98,41430,-50,-0.12,40660,40660,1400-1-8,2021-03-28
503,تكشا,گسترش‌صنايع‌وخدمات‌كشاورزي‌,44,32347,1489579350,46980,46050,46050,-930,-1.98,46950,-30,-0.06,46050,46050,1400-1-8,2021-03-28
504,تسه9903,امتياز تسهيلات مسكن خرداد99,43,494,290014263,592195,575700,562586,-29609,-5,587073,-5122,-0.86,562586,621802,1400-1-8,2021-03-28
505,پلوله,گازلوله‌,41,895106,19093506086,20316,21331,21331,1015,5,21224,908,4.47,21331,21331,1400-1-8,2021-03-28
506,وسبحان,سرمايه گذاري سبحان,39,194574,614464692,3222,3158,3158,-64,-1.99,3221,-1,-0.03,3158,3158,1400-1-8,2021-03-28
507,سپر,صندوق س سپر سرمايه بيدار- ثابت,39,249784,2916875637,11666,11679,11679,13,0.11,11678,12,0.1,11671,11679,1400-1-8,2021-03-28
508,تسه9901,امتياز تسهيلات مسكن فروردين99,39,379,227633040,602315,575000,584999,-17316,-2.87,600615,-1700,-0.28,572200,632430,1400-1-8,2021-03-28
509,غبهار,كشت وصنعت بهاران گلبهار خراسان,39,26132,861754964,34351,32977,32977,-1374,-4,34289,-62,-0.18,32977,32977,1400-1-8,2021-03-28
510,كيان2,صندوق س. با درآمد ثابت كيان,38,3800000,3800000,27712,1,1,-27711,-100,1,-27711,-100,1,1,1400-1-8,2021-03-28
511,ضخود2009,اختيارخ خودرو-4000-1400/02/08,38,1715,38324000,27,26,20,-7,-25.93,22,-5,-18.52,20,26,1400-1-8,2021-03-28
512,ضترا3004,اختيارخ شتران-10000-1400/03/09,38,1252,1263715000,1745,1010,1000,-745,-42.69,1009,-736,-42.18,851,1010,1400-1-8,2021-03-28
513,تسه9812,امتياز تسهيلات مسكن اسفند98,38,370,215472098,578237,565000,560000,-18237,-3.15,582357,4120,0.71,549326,590000,1400-1-8,2021-03-28
514,تسه9801,امتياز تسهيلات مسكن فروردين98,37,1203,557194713,487548,463171,463171,-24377,-5,463171,-24377,-5,463171,463171,1400-1-8,2021-03-28
515,اخزا909,اسنادخزانه-م9بودجه99-020316,37,84569,54559746816,645076,642002,650000,4924,0.76,645151,75,0.01,642002,650000,1400-1-8,2021-03-28
516,زمگسا,كشاورزي‌ ودامپروي‌ مگسال‌,37,43795,1404505650,32720,32070,32070,-650,-1.99,32700,-20,-0.06,32070,32070,1400-1-8,2021-03-28
517,كسرام,پارس‌ سرام‌,36,117109,960293800,8360,8200,8200,-160,-1.91,8360,0,0,8200,8200,1400-1-8,2021-03-28
518,تپمپي,پمپ‌ سازي‌ ايران‌,36,56263,1072935410,19450,19070,19070,-380,-1.95,19440,-10,-0.05,19070,19070,1400-1-8,2021-03-28
519,سكه0112پ03,تمام سكه طرح جديد0112سامان,36,6700,7494338500,1099043,1105001,1120998,21955,2,1118558,19515,1.78,1105001,1122012,1400-1-8,2021-03-28
520,ضپاس2002,اختيارخ وپارس-3000-1400/02/29,36,761,251218000,374,397,325,-49,-13.1,330,-44,-11.76,322,399,1400-1-8,2021-03-28
521,وهنر,گروه توسعه هنر ايران,35,220224,1935768960,8969,8790,8790,-179,-2,8951,-18,-0.2,8790,8790,1400-1-8,2021-03-28
522,ثنوسا,نوسازي‌وساختمان‌تهران‌,35,276792,3542937600,13060,12800,12800,-260,-1.99,13040,-20,-0.15,12800,12800,1400-1-8,2021-03-28
523,وآذر,سرمايه‌گذاري‌توسعه‌آذربايجان‌,35,28930,2435327400,85890,84180,84180,-1710,-1.99,85800,-90,-0.1,84180,84180,1400-1-8,2021-03-28
524,هجرت,پخش هجرت,34,38611,1073347189,28366,27799,27799,-567,-2,28354,-12,-0.04,27799,27799,1400-1-8,2021-03-28
525,فلامي,لاميران‌,34,55180,2432886200,44980,44090,44090,-890,-1.98,44940,-40,-0.09,44090,44090,1400-1-8,2021-03-28
526,قثابت,قند ثابت‌ خراسان‌,33,16615,1117524900,68630,67260,67260,-1370,-2,68600,-30,-0.04,67260,67260,1400-1-8,2021-03-28
527,ساربيل,سيمان آرتا اردبيل,32,20066,1142156720,58080,56920,56920,-1160,-2,58050,-30,-0.05,56920,56920,1400-1-8,2021-03-28
528,غمهرا,توليدي‌مهرام‌,32,9976,1193528640,122080,119640,119640,-2440,-2,122020,-60,-0.05,119640,119640,1400-1-8,2021-03-28
529,چفيبر,فيبر ايران‌,32,259495,3542106750,13920,13650,13650,-270,-1.94,13900,-20,-0.14,13650,13650,1400-1-8,2021-03-28
530,غمارگ,مارگارين‌,32,101235,3174729600,32000,31360,31360,-640,-2,31960,-40,-0.13,31360,31360,1400-1-8,2021-03-28
531,ديران,ايران‌دارو,31,54053,1436728740,27120,26580,26580,-540,-1.99,27100,-20,-0.07,26580,26580,1400-1-8,2021-03-28
532,خلنت,لنت‌ ترمزايران‌,31,9236,847310640,93610,91740,91740,-1870,-2,93580,-30,-0.03,91740,91740,1400-1-8,2021-03-28
533,ضملي3003,اختيارخ فملي-12000-1400/03/02,31,355,711049000,2325,2150,1900,-425,-18.28,2003,-322,-13.85,1900,2150,1400-1-8,2021-03-28
534,كسعدي,كاشي‌ سعدي‌,31,160779,3387613530,21500,21070,21070,-430,-2,21470,-30,-0.14,21070,21070,1400-1-8,2021-03-28
535,كساوه,صنايع‌ كاشي‌ و سراميك‌ سينا,30,10411,721586410,70720,69310,69310,-1410,-1.99,70700,-20,-0.03,69310,69310,1400-1-8,2021-03-28
536,تمحركه,ماشين سازي نيرو محركه,29,44790,889350240,20683,19856,19856,-827,-4,20645,-38,-0.18,19856,19856,1400-1-8,2021-03-28
537,ثپرديس,سرمايه گذاري مسكن پرديس,29,50755,506027350,10173,9970,9970,-203,-2,10171,-2,-0.02,9970,9970,1400-1-8,2021-03-28
538,واميد,گروه مديريت سرمايه گذاري اميد,29,53217,683306280,13100,12840,12840,-260,-1.98,13100,0,0,12840,12840,1400-1-8,2021-03-28
539,غصينو,صنعتي مينو,29,14743,984375367,68131,66769,66769,-1362,-2,68117,-14,-0.02,66769,66769,1400-1-8,2021-03-28
540,زنگان,صنعت روي زنگان,28,4511,464664577,105109,103007,103007,-2102,-2,105089,-20,-0.02,103007,103007,1400-1-8,2021-03-28
541,ثاباد,توريستي ورفاهي آبادگران ايران,28,44736,2414401920,55070,53970,53970,-1100,-2,55020,-50,-0.09,53970,53970,1400-1-8,2021-03-28
542,تسه9811,امتياز تسهيلات مسكن بهمن98,28,203,121453294,581534,610610,552458,-29076,-5,598292,16758,2.88,552458,610610,1400-1-8,2021-03-28
543,ضشنا2001,اختيارخ شپنا-10000-1400/02/27,28,252,1032372000,4463,4150,4059,-404,-9.05,4097,-366,-8.2,4001,4200,1400-1-8,2021-03-28
544,شسينا,صنايع‌شيميايي‌سينا,28,4972,662966480,136060,133340,133340,-2720,-2,136020,-40,-0.03,133340,133340,1400-1-8,2021-03-28
545,قشكر,شكرشاهرود,27,564774,2134845720,3850,3780,3780,-70,-1.82,3850,0,0,3780,3780,1400-1-8,2021-03-28
546,زماهان,مجتمع توليد گوشت مرغ ماهان,27,215837,4391419602,20761,20346,20346,-415,-2,20724,-37,-0.18,20346,20346,1400-1-8,2021-03-28
547,فمراد,آلومراد,27,4298,607264420,144170,141290,141290,-2880,-2,144130,-40,-0.03,141290,141290,1400-1-8,2021-03-28
548,حتوكا,حمل‌ونقل‌توكا,26,88347,2673380220,30870,30260,30260,-610,-1.98,30840,-30,-0.1,30260,30260,1400-1-8,2021-03-28
549,ثعمرا,عمران و توسعه شاهد,26,240800,3084888800,13072,12811,12811,-261,-2,13056,-16,-0.12,12811,12811,1400-1-8,2021-03-28
550,درهآور,دارويي ره آورد تامين,26,51023,2665594589,53309,52243,52243,-1066,-2,53251,-58,-0.11,52243,52243,1400-1-8,2021-03-28
551,اراد50,مرابحه عام دولت5-ش.خ0302,26,637600,637600637600,1000001,1000001,1000001,0,0,1000001,0,0,1000001,1000001,1400-1-8,2021-03-28
552,سدشت,صنايع سيمان دشتستان,26,50006,3016361920,56910,60320,60320,3410,5.99,57100,190,0.33,60320,60320,1400-1-8,2021-03-28
553,دشيمي,شيمي‌ داروئي‌ داروپخش‌,25,9176,280418560,31180,30560,30560,-620,-1.99,31180,0,0,30560,30560,1400-1-8,2021-03-28
554,سصفها,سيمان‌اصفهان‌,25,2943,369640800,128160,125600,125600,-2560,-2,128140,-20,-0.02,125600,125600,1400-1-8,2021-03-28
555,اراد51,مرابحه عام دولت5-ش.خ 0010,25,308200,308200000000,1000000,1000000,1000000,0,0,1000000,0,0,1000000,1000000,1400-1-8,2021-03-28
556,تسه9804,امتياز تسهيلات مسكن تير98,25,346,209417453,592344,614998,585100,-7244,-1.22,605253,12909,2.18,580010,619998,1400-1-8,2021-03-28
557,لازما,كارخانه هاي صنعتي آزمايش,25,70925,2358823650,34643,33258,33258,-1385,-4,34472,-171,-0.49,33258,33258,1400-1-8,2021-03-28
558,گنجين,صندوق س. گنجينه يكم آويد-د,25,485854,6083520865,12505,12508,12509,4,0.03,12521,16,0.13,12508,12523,1400-1-8,2021-03-28
559,سغرب,سيمان‌غرب‌,24,20482,747593000,37240,36500,36500,-740,-1.99,37230,-10,-0.03,36500,36500,1400-1-8,2021-03-28
560,تسه9808,امتياز تسهيلات مسكن آبان98,24,214,119848183,565052,560010,580000,14948,2.65,560038,-5014,-0.89,540009,590000,1400-1-8,2021-03-28
561,اخزا815,اسنادخزانه-م15بودجه98-010406,23,30963,24311237761,786637,780000,793000,6363,0.81,785171,-1466,-0.19,779001,793000,1400-1-8,2021-03-28
562,كترام,توليدي‌ كاشي‌ تكسرام‌,23,24225,1157470500,48750,47780,47780,-970,-1.99,48730,-20,-0.04,47780,47780,1400-1-8,2021-03-28
563,خوساز,محورسازان‌ايران‌خودرو,22,69139,543432540,8020,7860,7860,-160,-2,8020,0,0,7860,7860,1400-1-8,2021-03-28
564,ساروج,بين المللي ساروج بوشهر,22,123511,2372275777,19598,19207,19207,-391,-2,19551,-47,-0.24,19207,19207,1400-1-8,2021-03-28
565,غچين,كشت‌ و صنعت‌ چين‌ چين,22,37324,739015200,20200,19800,19800,-400,-1.98,20190,-10,-0.05,19800,19800,1400-1-8,2021-03-28
566,خفناور,مهندسي صنعتي روان فن آور,22,108669,5365097199,51428,49371,49371,-2057,-4,50853,-575,-1.12,49371,49371,1400-1-8,2021-03-28
567,كخاكح,ح . صنايع‌خاك‌چيني‌ايران‌,22,656423,25349026900,40000,40000,38600,-1400,-3.5,38620,-1380,-3.45,38600,40000,1400-1-8,2021-03-28
568,تسه9809,امتياز تسهيلات مسكن آذر98,21,225,125852274,569796,552555,552800,-16996,-2.98,559343,-10453,-1.83,552555,588000,1400-1-8,2021-03-28
569,سخند,صندوق س.سپهرخبرگان نفت-د,21,216700,2192780220,10110,10113,10114,4,0.04,10119,9,0.09,10113,10120,1400-1-8,2021-03-28
570,تسه9806,امتياز تسهيلات مسكن شهريور98,21,234,132883359,563791,559000,550012,-13779,-2.44,567878,4087,0.72,536201,585000,1400-1-8,2021-03-28
571,رتكو,كنترل‌خوردگي‌تكين‌كو,21,15841,290048710,18680,18310,18310,-370,-1.98,18680,0,0,18310,18310,1400-1-8,2021-03-28
572,ضپنا2003,اختيارخ رمپنا-16000-1400/02/12,20,33,129360000,3998,4200,3800,-198,-4.95,3920,-78,-1.95,3780,4200,1400-1-8,2021-03-28
573,بذر,صندوق س بذر اميد آفرين-سهام,20,3221,329526150,103760,102860,101380,-2380,-2.29,102310,-1450,-1.4,101370,103990,1400-1-8,2021-03-28
574,ضغدر3003,اختيارخ وغدير-9200-1400/03/26,20,476,1503950000,3273,3400,3100,-173,-5.29,3160,-113,-3.45,3100,3400,1400-1-8,2021-03-28
575,لخزر,پارس‌ خزر,20,2878,528372020,187330,183590,183590,-3740,-2,187290,-40,-0.02,183590,183590,1400-1-8,2021-03-28
576,اطلس2,صندوق س.توسعه اندوخته آينده-س,20,200000,200000,218257,1,1,-218256,-100,1,-218256,-100,1,1,1400-1-8,2021-03-28
577,غپآذر,شير پگاه آذربايجان شرقي,19,55528,3586775632,65912,64594,64594,-1318,-2,65816,-96,-0.15,64594,64594,1400-1-8,2021-03-28
578,اخزا914,اسنادخزانه-م14بودجه99-021025,19,44800,25448683120,1000000,565200,572000,-428000,-42.8,568051,-431949,-43.19,565200,576500,1400-1-8,2021-03-28
579,غدشت,دشت‌ مرغاب‌,19,862,245342440,290420,284620,284620,-5800,-2,290390,-30,-0.01,284620,284620,1400-1-8,2021-03-28
580,حپارسا,توسعه حمل و نقل ريلي پارسيان,19,43051,1487584254,35259,34554,34554,-705,-2,35238,-21,-0.06,34554,34554,1400-1-8,2021-03-28
581,دجابر,داروسازي‌ جابرابن‌حيان‌,18,15799,313926130,20270,19870,19870,-400,-1.97,20270,0,0,19870,19870,1400-1-8,2021-03-28
582,چافست,افست‌,18,31675,515352250,16600,16270,16270,-330,-1.99,16600,0,0,16270,16270,1400-1-8,2021-03-28
583,ضغدر3002,اختيارخ وغدير-8200-1400/03/26,17,324,1301707000,4154,4100,4000,-154,-3.71,4018,-136,-3.27,4000,4100,1400-1-8,2021-03-28
584,كصدف,كاشي صدف سرام استقلال آباده,17,147949,3628597174,25547,24526,24526,-1021,-4,25354,-193,-0.76,24526,24526,1400-1-8,2021-03-28
585,ثنام,س ساختماني ب نام آوران مهندسي,17,15535,249461030,16727,16058,16058,-669,-4,16718,-9,-0.05,16058,16058,1400-1-8,2021-03-28
586,وشمال,س. چشم انداز توسعه شمال,17,3727,317327961,88690,85143,85143,-3547,-4,88631,-59,-0.07,85143,85143,1400-1-8,2021-03-28
587,اخزا820,اسنادخزانه-م20بودجه98-020806,17,54903,32919772156,599179,600899,600900,1721,0.29,599599,420,0.07,599499,600900,1400-1-8,2021-03-28
588,فيروزا,صندوق بادرآمد ثابت فيروزه آسيا,17,21007,469410914,22310,22318,22428,118,0.53,22345,35,0.16,22318,22458,1400-1-8,2021-03-28
589,خكار,ايركا پارت صنعت,17,8444,181630440,21940,21510,21510,-430,-1.96,21940,0,0,21510,21510,1400-1-8,2021-03-28
590,خموتور,موتورسازان‌تراكتورسازي‌ايران‌,17,66464,981673280,15070,14770,14770,-300,-1.99,15060,-10,-0.07,14770,14770,1400-1-8,2021-03-28
591,پارتا,مجتمع‌صنعتي‌آرتاويل‌تاير,17,4677,258965490,56499,55370,55370,-1129,-2,56488,-11,-0.02,55370,55370,1400-1-8,2021-03-28
592,بالبر,كابل‌ البرز,17,6571,385454860,59850,58660,58660,-1190,-1.99,59840,-10,-0.02,58660,58660,1400-1-8,2021-03-28
593,فپنتا,سپنتا,16,3191,1283866940,410550,402340,402340,-8210,-2,410330,-220,-0.05,402340,402340,1400-1-8,2021-03-28
594,داوه,داروسازي آوه سينا,16,9052,179175288,20197,19794,19794,-403,-2,20196,-1,0,19794,19794,1400-1-8,2021-03-28
595,بهپاك,صنعتي بهپاك,16,35398,1558184562,44917,44019,44019,-898,-2,44888,-29,-0.06,44019,44019,1400-1-8,2021-03-28
596,بايكا,كارخانجات كابلسازي ‌ايران‌,16,25748,1070962312,42442,41594,41594,-848,-2,42395,-47,-0.11,41594,41594,1400-1-8,2021-03-28
597,شتوكا,توكا رنگ فولاد سپاهان,15,9234,491230332,54283,53198,53198,-1085,-2,54272,-11,-0.02,53198,53198,1400-1-8,2021-03-28
598,قاسم,قاسم ايران,15,32576,435606272,13644,13372,13372,-272,-1.99,13642,-2,-0.01,13372,13372,1400-1-8,2021-03-28
599,ولملت,واسپاري ملت,15,53941,432606820,8180,8020,8020,-160,-1.96,8180,0,0,8020,8020,1400-1-8,2021-03-28
600,سدبير,س. تدبيرگران فارس وخوزستان,15,25243,2221156813,89786,87991,87991,-1795,-2,89705,-81,-0.09,87991,87991,1400-1-8,2021-03-28
601,غگلستا,شير پاستوريزه پگاه گلستان,14,26319,738511140,28632,28060,28060,-572,-2,28623,-9,-0.03,28060,28060,1400-1-8,2021-03-28
602,دابور,داروسازي‌ ابوريحان‌,14,15530,600700400,39460,38680,38680,-780,-1.98,39450,-10,-0.03,38680,38680,1400-1-8,2021-03-28
603,اوصتا,صندوق انديشه ورزان صباتامين -د,14,68758,1253544052,18228,18230,18240,12,0.07,18231,3,0.02,18230,18240,1400-1-8,2021-03-28
604,اخزا821,اسنادخزانه-م21بودجه98-020906,14,4251,2512504855,589802,586100,593000,3198,0.54,591039,1237,0.21,585304,594000,1400-1-8,2021-03-28
605,غديس,پاكديس,14,21155,279267155,13470,13201,13201,-269,-2,13468,-2,-0.01,13201,13201,1400-1-8,2021-03-28
606,فولاي,صنايع فولاد آلياژي يزد,14,11778,590784480,51183,50160,50160,-1023,-2,51171,-12,-0.02,50160,50160,1400-1-8,2021-03-28
607,تسه9807,امتياز تسهيلات مسكن مهر98,14,109,62149109,570933,555539,543000,-27933,-4.89,570175,-758,-0.13,543000,589000,1400-1-8,2021-03-28
608,حآسا,آسيا سير ارس,14,5991,264969948,45130,44228,44228,-902,-2,45125,-5,-0.01,44228,44228,1400-1-8,2021-03-28
609,عيار2,صندوق سكه طلاي مفيد,14,140000,140000,27554,1,1,-27553,-100,1,-27553,-100,1,1,1400-1-8,2021-03-28
610,خچرخش,چرخشگر,14,18228,326645760,18280,17920,17920,-360,-1.97,18280,0,0,17920,17920,1400-1-8,2021-03-28
611,خزر,فنرسازي‌زر,13,11775,550363500,47690,46740,46740,-950,-1.99,47680,-10,-0.02,46740,46740,1400-1-8,2021-03-28
612,سدور,سيمان‌ دورود,13,47173,898173920,19420,19040,19040,-380,-1.96,19410,-10,-0.05,19040,19040,1400-1-8,2021-03-28
613,ثالوند,سرمايه گذاري مسكن الوند,13,25476,821167908,32890,32233,32233,-657,-2,32879,-11,-0.03,32233,32233,1400-1-8,2021-03-28
614,كيا,كيا الكترود شرق,13,630000,5440050000,8635,8635,8635,0,0,8635,0,0,8635,8635,1400-1-8,2021-03-28
615,سفانو,سيمان فارس نو,13,2690,108810500,41270,40450,40450,-820,-1.99,41270,0,0,40450,40450,1400-1-8,2021-03-28
616,كطبس,ذغال‌سنگ‌ نگين‌ ط‌بس‌,13,31222,2528357560,82630,80980,80980,-1650,-2,82540,-90,-0.11,80980,80980,1400-1-8,2021-03-28
617,شتران4,پالايش نفت تهران,13,2492722334,26006370088520,10200,9430,12450,2250,22.06,10433,233,2.28,8800,12450,1400-1-8,2021-03-28
618,فبيرا,بسته‌ بندي‌ ايران‌,13,83914,257783808,3134,3072,3072,-62,-1.98,3133,-1,-0.03,3072,3072,1400-1-8,2021-03-28
619,اخزا810,اسنادخزانه-م10بودجه98-001006,13,9493,8226892382,862213,863999,865001,2788,0.32,866627,4414,0.51,863999,877990,1400-1-8,2021-03-28
620,اخزا718,اسنادخزانه-م18بودجه97-000525,13,12290,11387293990,928462,915003,927201,-1261,-0.14,926550,-1912,-0.21,915003,937999,1400-1-8,2021-03-28
621,كتوكا,توليدي و خدمات صنايع نسوز توكا,12,9007,344787960,39061,38280,38280,-781,-2,39055,-6,-0.02,38280,38280,1400-1-8,2021-03-28
622,پرداخت,به پرداخت ملت,12,2690,93396800,35420,34720,34720,-700,-1.98,35420,0,0,34720,34720,1400-1-8,2021-03-28
623,غشاذر,پگاه‌آذربايجان‌غربي‌,12,29515,289247000,10000,9800,9800,-200,-2,10000,0,0,9800,9800,1400-1-8,2021-03-28
624,فنرژي,گسترش صنايع انرژي آذرآب,12,19081,367595465,19658,19265,19265,-393,-2,19643,-15,-0.08,19265,19265,1400-1-8,2021-03-28
625,اخزا907,اسنادخزانه-م7بودجه99-020704,12,34019,20824923800,606048,608000,615000,8952,1.48,612156,6108,1.01,608000,615000,1400-1-8,2021-03-28
626,ضپاس2003,اختيارخ وپارس-3500-1400/02/29,12,160,32007000,219,220,208,-11,-5.02,200,-19,-8.68,190,220,1400-1-8,2021-03-28
627,خنصير,مهندسي‌نصيرماشين‌,12,2708,291922400,110000,107800,107800,-2200,-2,109990,-10,-0.01,107800,107800,1400-1-8,2021-03-28
628,ضخود2013,اختيارخ خودرو-7000-1400/02/08,12,1147,6988000,8,8,8,0,0,6,-2,-25,4,8,1400-1-8,2021-03-28
629,كلوند,كاشي‌ الوند,12,7372,336384360,46560,45630,45630,-930,-2,46550,-10,-0.02,45630,45630,1400-1-8,2021-03-28
630,فجام,جام‌دارو,12,60907,619424190,10370,10170,10170,-200,-1.93,10370,0,0,10170,10170,1400-1-8,2021-03-28
631,غاذر,كشت‌وصنعت‌پياذر,11,2207,121120160,55990,54880,54880,-1110,-1.98,55990,0,0,54880,54880,1400-1-8,2021-03-28
632,اخزا905,اسنادخزانه-م5بودجه99-020218,11,3897,2563670298,651099,654639,662000,10901,1.67,657857,6758,1.04,654639,662000,1400-1-8,2021-03-28
633,حسير,ريل سير كوثر,11,4491,76629933,17411,17063,17063,-348,-2,17410,-1,-0.01,17063,17063,1400-1-8,2021-03-28
634,وملت,سرمايه گذاري ملت,11,41699,181891038,4451,4362,4362,-89,-2,4449,-2,-0.04,4362,4362,1400-1-8,2021-03-28
635,تسه9805,امتياز تسهيلات مسكن مرداد98,11,39,21750625,576450,562010,550022,-26428,-4.58,557708,-18742,-3.25,550022,570001,1400-1-8,2021-03-28
636,ثتوسا,س.توسعه و عمران استان اردبيل,11,5745,226082985,40156,39353,39353,-803,-2,40147,-9,-0.02,39353,39353,1400-1-8,2021-03-28
637,اخزا808,اسنادخزانه-م8بودجه98-000817,11,5608,4973206908,883319,882001,888013,4694,0.53,886806,3487,0.39,882001,888017,1400-1-8,2021-03-28
638,اخزا806,اسنادخزانه-م6بودجه98-000519,11,2113,1962081116,929009,928251,930550,1541,0.17,928576,-433,-0.05,925001,930550,1400-1-8,2021-03-28
639,اخزا813,اسنادخزانه-م13بودجه98-010219,11,10558,8520179591,796738,796022,810002,13264,1.66,806988,10250,1.29,796022,810002,1400-1-8,2021-03-28
640,اوان,مبين وان كيش,11,27860,1496667060,54817,53721,53721,-1096,-2,54784,-33,-0.06,53721,53721,1400-1-8,2021-03-28
641,بكاب,صنايع‌جوشكاب‌يزد,10,413,146036800,360810,353600,353600,-7210,-2,360790,-20,-0.01,353600,353600,1400-1-8,2021-03-28
642,كقزوي,شيشه‌ قزوين‌,10,13866,139450362,10262,10057,10057,-205,-2,10261,-1,-0.01,10057,10057,1400-1-8,2021-03-28
643,ثعتما,س. ساختماني اعتماد گستر,10,6569,427149225,67734,65025,65025,-2709,-4,67674,-60,-0.09,65025,65025,1400-1-8,2021-03-28
644,افرا,افرانت,10,4756,164961860,35392,34685,34685,-707,-2,35390,-2,-0.01,34685,34685,1400-1-8,2021-03-28
645,قهكمت,قندهكمتان‌,10,19129,866543700,46220,45300,45300,-920,-1.99,46200,-20,-0.04,45300,45300,1400-1-8,2021-03-28
646,سيلام,سيمان‌ ايلام‌,10,27728,305562560,11240,11020,11020,-220,-1.96,11240,0,0,11020,11020,1400-1-8,2021-03-28
647,داسوه,داروسازي‌ اسوه‌,10,5252,192485800,37390,36650,36650,-740,-1.98,37390,0,0,36650,36650,1400-1-8,2021-03-28
648,افق ملت2,صندوق س در سهام افق ملت,10,1000000,1000000,132330,1,1,-132329,-100,1,-132329,-100,1,1,1400-1-8,2021-03-28
649,ضمخا2000,اختيارخ اخابر-9000-1400/02/29,10,10,25475000,2500,2600,2500,0,0,2547,47,1.88,2500,2600,1400-1-8,2021-03-28
650,سبهان,سيمان‌ بهبهان‌,10,2372,330965160,142370,139530,139530,-2840,-1.99,142350,-20,-0.01,139530,139530,1400-1-8,2021-03-28
651,تملي806,تسهيلات مسكن ب. ملي-شهريور98,10,85,81517449,916737,924916,962573,45836,5,959029,42292,4.61,924916,962573,1400-1-8,2021-03-28
652,سپرمي,پرميت‌,10,271580,2415975680,8808,8896,8896,88,1,8850,42,0.48,8896,8896,1400-1-8,2021-03-28
653,ثروت,ص.خ.ثروت آفرين فيروزه 35%تاديه,10,9140,2830274120,322560,309658,309658,-12902,-4,309658,-12902,-4,309658,309658,1400-1-8,2021-03-28
654,كفرا,فراورده‌ هاي‌ نسوزايران‌,9,1576,73331280,47470,46530,46530,-940,-1.98,47470,0,0,46530,46530,1400-1-8,2021-03-28
655,شدوص,دوده‌ صنعتي‌ پارس‌,9,5249,148756660,28910,28340,28340,-570,-1.97,28910,0,0,28340,28340,1400-1-8,2021-03-28
656,ثغرب,شركت سرمايه گذاري مسكن شمالغرب,9,22008,171948504,7972,7813,7813,-159,-1.99,7971,-1,-0.01,7813,7813,1400-1-8,2021-03-28
657,سنير,سيمان‌ سفيد ني‌ريز,9,1485,366141600,251590,246560,246560,-5030,-2,251550,-40,-0.02,246560,246560,1400-1-8,2021-03-28
658,قزوين,كارخانجات‌ قند قزوين‌,9,3080,119627200,39630,38840,38840,-790,-1.99,39630,0,0,38840,38840,1400-1-8,2021-03-28
659,شپنا4,پالايش نفت اصفهان,9,3635097999,44849066993130,14390,15740,13270,-1120,-7.78,12338,-2052,-14.26,9340,15740,1400-1-8,2021-03-28
660,اخزا812,اسنادخزانه-م12بودجه98-001111,9,10300,8809648500,850380,855000,855900,5520,0.65,855306,4926,0.58,855000,855900,1400-1-8,2021-03-28
661,آبين,كشت و صنعت آبشيرين,9,75830,314239520,4228,4144,4144,-84,-1.99,4225,-3,-0.07,4144,4144,1400-1-8,2021-03-28
662,واحصا,احياء صنايع خراسان,9,3984,278971632,72940,70023,70023,-2917,-4,72898,-42,-0.06,70023,70023,1400-1-8,2021-03-28
663,ضفلا3003,اختيارخ فولاد-7133-1400/03/19,9,117,504860000,4639,4000,4300,-339,-7.31,4315,-324,-6.98,4000,4399,1400-1-8,2021-03-28
664,اخزا818,اسنادخزانه-م18بودجه98-010614,9,10169,7757320095,772336,755015,777999,5663,0.73,762840,-9496,-1.23,755015,777999,1400-1-8,2021-03-28
665,پاسا,ايران‌ياساتايرورابر,8,4147,108568460,26710,26180,26180,-530,-1.98,26710,0,0,26180,26180,1400-1-8,2021-03-28
666,اخزا814,اسنادخزانه-م14بودجه98-010318,8,708,571418550,805701,797100,814997,9296,1.15,807088,1387,0.17,797010,814997,1400-1-8,2021-03-28
667,ضفار3000,اختيارخ فارس-8000-1400/03/05,8,50,109580000,2941,2000,2480,-461,-15.67,2192,-749,-25.47,2000,2480,1400-1-8,2021-03-28
668,نگين,ص.س. زمين و ساختمان نگين شهرري,8,1613,78296480,48350,48500,48310,-40,-0.08,48540,190,0.39,48260,48980,1400-1-8,2021-03-28
669,زكشت,كشاورزي مكانيزه اصفهان كشت,8,13314,527141202,40401,39593,39593,-808,-2,40392,-9,-0.02,39593,39593,1400-1-8,2021-03-28
670,وايران,ليزينگ ايرانيان,8,15118,186404940,12580,12330,12330,-250,-1.99,12580,0,0,12330,12330,1400-1-8,2021-03-28
671,ضسپا3002,اختيارخ خساپا-1800-1400/03/26,8,197,147700000,720,750,750,30,4.17,750,30,4.17,740,780,1400-1-8,2021-03-28
672,زنجان,صنايع كشاورزي وكود زنجان,8,11616,107424768,9436,9248,9248,-188,-1.99,9435,-1,-0.01,9248,9248,1400-1-8,2021-03-28
673,زعف0008پ16,زعفران0008نگين بيرجند(پ),8,13255,1602162111,118853,120000,118601,-252,-0.21,120872,2019,1.7,118500,120900,1400-1-8,2021-03-28
674,اخزا809,اسنادخزانه-م9بودجه98-000923,8,8424,7345655334,868044,871989,872001,3957,0.46,871991,3947,0.45,871989,872001,1400-1-8,2021-03-28
675,وآوا,سرمايه گذاري آوا نوين,8,8799,76771275,8903,8725,8725,-178,-2,8903,0,0,8725,8725,1400-1-8,2021-03-28
676,قمرو,قند مرودشت‌,8,7581,274887060,36990,36260,36260,-730,-1.97,36990,0,0,36260,36260,1400-1-8,2021-03-28
677,ركيش,كارت اعتباري ايران كيش,8,11438,275655800,24590,24100,24100,-490,-1.99,24590,0,0,24100,24100,1400-1-8,2021-03-28
678,داراب,پتروشيمي داراب,8,43311,101997405,2453,2355,2355,-98,-4,2452,-1,-0.04,2355,2355,1400-1-8,2021-03-28
679,ثاژن,سخت آژند,7,27095,261493845,9847,9651,9651,-196,-1.99,9842,-5,-0.05,9651,9651,1400-1-8,2021-03-28
680,وثخوز,سرمايه گذاري و توسعه خوزستان,7,685,46112145,70859,67317,67317,-3542,-5,70850,-9,-0.01,67317,67317,1400-1-8,2021-03-28
681,قشهد,شهد,7,25696,515718720,20470,20070,20070,-400,-1.95,20470,0,0,20070,20070,1400-1-8,2021-03-28
682,فسديد,لوله‌وتجهيزات‌ سديد - ورشكسته,7,2264,259563072,115806,114648,114648,-1158,-1,115745,-61,-0.05,114648,114648,1400-1-8,2021-03-28
683,وآتوس,س.آرين توسكا قيمت اسمي 350ريال,7,4000,175956000,44886,43989,43989,-897,-2,44878,-8,-0.02,43989,43989,1400-1-8,2021-03-28
684,آ س پ,آ.س.پ,7,6927,109605921,16145,15823,15823,-322,-1.99,16144,-1,-0.01,15823,15823,1400-1-8,2021-03-28
685,ضخود2010,اختيارخ خودرو-4500-1400/02/08,7,540,6720000,13,12,12,-1,-7.69,12,-1,-7.69,11,15,1400-1-8,2021-03-28
686,زعف0008پ12,زعفران0008پوشالمعمول سحرخيز(پ),7,416,37097001,88872,85001,88000,-872,-0.98,89175,303,0.34,85001,90000,1400-1-8,2021-03-28
687,زعف0008پ15,زعفران0008پوشالمعمول طلاسرخ(پ),7,391,35053890,89588,89900,89990,402,0.45,89652,64,0.07,88500,89990,1400-1-8,2021-03-28
688,اخزا817,اسنادخزانه-م17بودجه98-010512,7,4454,3446496689,774632,766557,780000,5368,0.69,773798,-834,-0.11,766557,780000,1400-1-8,2021-03-28
689,شزنگ,تجهيزنيروي‌زنگان‌,7,786,181327842,235405,230697,230697,-4708,-2,235361,-44,-0.02,230697,230697,1400-1-8,2021-03-28
690,ددام,داروسازي زاگرس فارمد پارس,7,2698,59140160,22360,21920,21920,-440,-1.97,22360,0,0,21920,21920,1400-1-8,2021-03-28
691,زعف0008پ20,زعفران0008نگين وحدت جام(پ),7,2392,284448000,119070,119000,118600,-470,-0.39,118916,-154,-0.13,118600,119000,1400-1-8,2021-03-28
692,اراد314,مرابحه عام دولت3-ش.خ 0208,6,50000000,44004542500000,1000000,901948,901100,-98900,-9.89,880091,-119909,-11.99,876791,901948,1400-1-8,2021-03-28
693,پست0008پ09,پسته بادامي30-28مه ولات0008(پ),6,187,268131152,1398458,1368536,1468380,69922,5,1433856,35398,2.53,1368536,1468380,1400-1-8,2021-03-28
694,قلرست,قند لرستان‌,6,31315,1101661700,35890,35180,35180,-710,-1.98,35870,-20,-0.06,35180,35180,1400-1-8,2021-03-28
695,ضغدر3000,اختيارخ وغدير-6200-1400/03/26,6,95,564700000,6117,5850,6000,-117,-1.91,5944,-173,-2.83,5850,6000,1400-1-8,2021-03-28
696,اخزا811,اسنادخزانه-م11بودجه98-001013,6,45569,39371623555,861225,864001,864500,3275,0.38,864000,2775,0.32,864000,864500,1400-1-8,2021-03-28
697,فنفت,صنايع تجهيزات نفت,6,4616,148482872,33507,32167,32167,-1340,-4,33497,-10,-0.03,32167,32167,1400-1-8,2021-03-28
698,وحافظ,بيمه حافظ,6,1024,68048896,67810,66454,66454,-1356,-2,67801,-9,-0.01,66454,66454,1400-1-8,2021-03-28
699,قيستو,شركت قند بيستون,6,28480,452718080,15585,15896,15896,311,2,15599,14,0.09,15896,15896,1400-1-8,2021-03-28
700,ثشرق,سرمايه گذاري مسكن شمال شرق,6,26314,178408920,6910,6780,6780,-130,-1.88,6910,0,0,6780,6780,1400-1-8,2021-03-28
701,شرق1400,مشاركت ليزينگ ايران وشرق140010,6,190,191520000,1008000,1008000,1008000,0,0,1008000,0,0,1008000,1008000,1400-1-8,2021-03-28
702,آينده,بازرگاني آينده سازان بهشت پارس,6,12273,239875785,19943,19545,19545,-398,-2,19938,-5,-0.03,19545,19545,1400-1-8,2021-03-28
703,زعف0008پ05,زعفران0008نگين زرين(پ),6,998,118579708,121144,117700,119899,-1245,-1.03,118817,-2327,-1.92,117700,119899,1400-1-8,2021-03-28
704,ضترا3002,اختيارخ شتران-8000-1400/03/09,6,84,209560000,2917,2800,2001,-916,-31.4,2495,-422,-14.47,2001,2800,1400-1-8,2021-03-28
705,ضغدر3004,اختيارخ وغدير-11200-1400/03/26,6,83,153550000,2215,1850,1850,-365,-16.48,1850,-365,-16.48,1850,1850,1400-1-8,2021-03-28
706,اخزا805,اسنادخزانه-م5بودجه98-000422,6,322,304403010,941578,942501,944501,2923,0.31,945351,3773,0.4,942501,945999,1400-1-8,2021-03-28
707,ضپيك2010,اختيارخ تاپيكو-12000-00/02/19,6,89,148490000,2400,1501,1800,-600,-25,1668,-732,-30.5,1501,1800,1400-1-8,2021-03-28
708,ضسپا3005,اختيارخ خساپا-3000-1400/03/26,5,39,7244000,200,210,152,-48,-24,186,-14,-7,152,230,1400-1-8,2021-03-28
709,دارا2,صندوق س. دارا الگوريتم-د,5,500000,500000,10052,1,1,-10051,-99.99,1,-10051,-99.99,1,1,1400-1-8,2021-03-28
710,اخزا804,اسنادخزانه-م4بودجه98-000421,5,3679,3474602569,942966,944000,946480,3514,0.37,944442,1476,0.16,944000,946499,1400-1-8,2021-03-28
711,ضشنا2000,اختيارخ شپنا-9000-1400/02/27,5,31,153555000,5388,4781,5000,-388,-7.2,4953,-435,-8.07,4781,5088,1400-1-8,2021-03-28
712,ضمخا7071,اختيارخ اخابر-23700-1400/07/28,5,400,81190000,290,200,229,-61,-21.03,203,-87,-30,200,229,1400-1-8,2021-03-28
713,وليز,ليزينگ‌ايران‌,5,11304,105692400,9540,9350,9350,-190,-1.99,9540,0,0,9350,9350,1400-1-8,2021-03-28
714,سكارون,سيمان كارون,5,2544,443983968,178083,174522,174522,-3561,-2,178002,-81,-0.05,174522,174522,1400-1-8,2021-03-28
715,ثقزوي,شركت عمران و سازندگي قزوين,5,4696,146801656,31898,31261,31261,-637,-2,31893,-5,-0.02,31261,31261,1400-1-8,2021-03-28
716,ضفلا3005,اختيارخ فولاد-9986-1400/03/19,5,13,15188000,1663,1359,1111,-552,-33.19,1168,-495,-29.77,1111,1359,1400-1-8,2021-03-28
717,زعف0008پ09,زعفران0008نگين نوين(پ),5,500,58168545,120060,118010,114269,-5791,-4.82,116337,-3723,-3.1,114269,118010,1400-1-8,2021-03-28
718,سفارود,كارخانه فارسيت درود,5,4950,88233750,18188,17825,17825,-363,-2,18185,-3,-0.02,17825,17825,1400-1-8,2021-03-28
719,غدام,خوراك‌  دام‌ پارس‌,5,185,72601400,400440,392440,392440,-8000,-2,400430,-10,0,392440,392440,1400-1-8,2021-03-28
720,شسم,توليد سموم‌ علف‌ كش,5,1250,116043750,89265,92835,92835,3570,4,89305,40,0.04,92835,92835,1400-1-8,2021-03-28
721,دقاضي,داروسازي شهيد قاضي,5,937,40277882,43863,42986,42986,-877,-2,43861,-2,0,42986,42986,1400-1-8,2021-03-28
722,بشهاب,لامپ‌  پارس‌ شهاب‌,5,3260,477981200,149610,146620,146620,-2990,-2,149580,-30,-0.02,146620,146620,1400-1-8,2021-03-28
723,اخزا721,اسنادخزانه-م21بودجه97-000728,5,3251,2916213295,893343,902100,897011,3668,0.41,897020,3677,0.41,897011,902100,1400-1-8,2021-03-28
724,غشوكو,شوكو پارس,5,2033,79638709,39972,39173,39173,-799,-2,39969,-3,-0.01,39173,39173,1400-1-8,2021-03-28
725,ولصنم,ليزينگ‌صنعت‌ومعدن‌,5,3414,37144320,11100,10880,10880,-220,-1.98,11100,0,0,10880,10880,1400-1-8,2021-03-28
726,تابا,تابان نيرو سپاهان,4,4342,240221150,56454,55325,55325,-1129,-2,56440,-14,-0.02,55325,55325,1400-1-8,2021-03-28
727,ضملي3004,اختيارخ فملي-14000-1400/03/02,4,94,83619000,1010,899,851,-159,-15.74,890,-120,-11.88,851,900,1400-1-8,2021-03-28
728,ثنظام,س. ساختماني نظام مهندسي ايران,4,11488,537466080,47739,46785,46785,-954,-2,47713,-26,-0.05,46785,46785,1400-1-8,2021-03-28
729,خپويش,سازه‌ پويش‌,4,21001,1244729270,60470,59270,59270,-1200,-1.98,60440,-30,-0.05,59270,59270,1400-1-8,2021-03-28
730,اخزا807,اسنادخزانه-م7بودجه98-000719,4,2250,2027272000,895111,902000,901000,5889,0.66,901010,5899,0.66,901000,902000,1400-1-8,2021-03-28
731,اخزا819,اسنادخزانه-م19بودجه98-020322,4,37110,26635739610,717751,717751,717751,0,0,717751,0,0,717751,717751,1400-1-8,2021-03-28
732,اراد454,مرابحه عام دولت4-ش.خ 0107,4,10526573,9978787192456,978000,947756,948000,-30000,-3.07,947962,-30038,-3.07,947702,948472,1400-1-8,2021-03-28
733,شبندر4,پالايش نفت بندرعباس,4,437753077,12695276115870,28550,25960,27990,-560,-1.96,29001,451,1.58,27990,29630,1400-1-8,2021-03-28
734,حپترو,حمل و نقل پتروشيمي( سهامي عام,4,23690,1259597300,54250,53170,53170,-1080,-1.99,54220,-30,-0.06,53170,53170,1400-1-8,2021-03-28
735,ضپاس2006,اختيارخ وپارس-5000-1400/02/29,4,233,7726000,28,22,35,7,25,33,5,17.86,22,35,1400-1-8,2021-03-28
736,اخزا816,اسنادخزانه-م16بودجه98-010503,4,2181,1693112310,779011,771010,782000,2989,0.38,776301,-2710,-0.35,771010,782000,1400-1-8,2021-03-28
737,سفار,سيمان‌فارس‌,4,1003,152385790,155030,151930,151930,-3100,-2,155020,-10,-0.01,151930,151930,1400-1-8,2021-03-28
738,ضخود2011,اختيارخ خودرو-5000-1400/02/08,4,200,1930000,11,11,9,-2,-18.18,10,-1,-9.09,9,11,1400-1-8,2021-03-28
739,ضسپا3000,اختيارخ خساپا-1400-1400/03/26,4,118,134860000,1149,1147,1120,-29,-2.52,1143,-6,-0.52,1120,1147,1400-1-8,2021-03-28
740,كساپا,سايپاشيشه‌,4,4022,154404580,39170,38390,38390,-780,-1.99,39170,0,0,38390,38390,1400-1-8,2021-03-28
741,ولشرق,ليزينگ ايران و شرق,4,3015,25784280,8726,8552,8552,-174,-1.99,8726,0,0,8552,8552,1400-1-8,2021-03-28
742,اراد644,مرابحه عام دولتي64-ش.خ0111,4,37820000,35399786730000,944500,950111,950600,6100,0.65,936007,-8493,-0.9,933000,950600,1400-1-8,2021-03-28
743,شبريز4,پالايش نفت تبريز,4,518870833,14513263913110,32490,22990,32720,230,0.71,27971,-4519,-13.91,22990,32720,1400-1-8,2021-03-28
744,حخزر,كشتيراني درياي خزر,4,2553,73263441,29282,28697,28697,-585,-2,29281,-1,0,28697,28697,1400-1-8,2021-03-28
745,سهرمز,سيمان‌هرمزگان‌,3,445,10889150,24960,24470,24470,-490,-1.96,24960,0,0,24470,24470,1400-1-8,2021-03-28
746,اراد334,مرابحه عام دولت3-ش.خ 0303,3,11597000,9935849163000,856017,874079,853800,-2217,-0.26,856760,743,0.09,853800,874079,1400-1-8,2021-03-28
747,اراد384,مرابحه عام دولت3-ش.خ 0105,3,4010000,3829528500000,1050000,968050,954548,-95452,-9.09,954995,-95005,-9.05,954548,968050,1400-1-8,2021-03-28
748,نتوس,پشم‌ بافي‌ توس,3,3762,79344342,21969,21091,21091,-878,-4,21965,-4,-0.02,21091,21091,1400-1-8,2021-03-28
749,ضفار3002,اختيارخ فارس-10000-1400/03/05,3,7,6873000,1810,820,1440,-370,-20.44,982,-828,-45.75,820,1440,1400-1-8,2021-03-28
750,ضپاس2004,اختيارخ وپارس-4000-1400/02/29,3,8,1141000,150,144,144,-6,-4,143,-7,-4.67,133,144,1400-1-8,2021-03-28
751,اراد404,مرابحه عام دولت4-ش.خ 0207,3,15047000,13839438188000,1000000,910004,921063,-78937,-7.89,919747,-80253,-8.03,910004,921063,1400-1-8,2021-03-28
752,اخزا904,اسنادخزانه-م4بودجه99-011215,3,11778,8243880000,692439,692000,700000,7561,1.09,699939,7500,1.08,692000,700000,1400-1-8,2021-03-28
753,ضشنا2005,اختيارخ شپنا-18000-1400/02/27,3,6,1998000,278,333,333,55,19.78,333,55,19.78,333,333,1400-1-8,2021-03-28
754,اراد544,مرابحه عام دولت5-ش.خ 0109,3,24571000,23114814059000,1015000,941529,939769,-75231,-7.41,940736,-74264,-7.32,939769,941529,1400-1-8,2021-03-28
755,اراد554,مرابحه عام دولت5-ش.خ 0209,3,26950149,23076361896878,970000,858411,853029,-116971,-12.06,856261,-113739,-11.73,853029,858422,1400-1-8,2021-03-28
756,پست0008پ08,پسته فندقي32-30مه ولات0008(پ),3,8,11352000,1429999,1419000,1419000,-10999,-0.77,1419000,-10999,-0.77,1419000,1419000,1400-1-8,2021-03-28
757,ضخود2012,اختيارخ خودرو-6000-1400/02/08,3,11,122000,13,11,11,-2,-15.38,11,-2,-15.38,11,12,1400-1-8,2021-03-28
758,ضشنا2004,اختيارخ شپنا-16000-1400/02/27,3,105,84000000,883,800,800,-83,-9.4,800,-83,-9.4,800,800,1400-1-8,2021-03-28
759,لخانه,لوازم‌ خانگي‌ پارس‌,3,615,17766120,29477,28888,28888,-589,-2,29476,-1,0,28888,28888,1400-1-8,2021-03-28
760,پلاست,كارخانجات توليدي پلاستيران,3,1682,118826572,72087,70646,70646,-1441,-2,72078,-9,-0.01,70646,70646,1400-1-8,2021-03-28
761,تشتاد,صنايع توليدي اشتاد ايران‌,3,1682,25901118,15713,15399,15399,-314,-2,15713,0,0,15399,15399,1400-1-8,2021-03-28
762,ضترا3003,اختيارخ شتران-9000-1400/03/09,3,62,86805000,2072,1400,1400,-672,-32.43,1400,-672,-32.43,1400,1401,1400-1-8,2021-03-28
763,افران2,صندوق س افرا نماد پايدار-ثابت,3,13000000,13000000,12971,1,1,-12970,-99.99,1,-12970,-99.99,1,1,1400-1-8,2021-03-28
764,تملي707,تسهيلات مسكن ب. ملي-مهر97,3,50,31222450,594714,624449,624449,29735,5,624449,29735,5,624449,624449,1400-1-8,2021-03-28
765,ضترا3006,اختيارخ شتران-14000-1400/03/09,2,6,1998000,1,333,333,332,33200,333,332,33200,333,333,1400-1-8,2021-03-28
766,گپارس,امور رفاهي كارگزاران پارس,2,100,20456700,208741,204567,204567,-4174,-2,208737,-4,0,204567,204567,1400-1-8,2021-03-28
767,اراد214,مرابحه عام دولت2ش.خ صادرات0212,2,57612000,53303342550000,1000000,925410,925015,-74985,-7.5,925212,-74788,-7.48,925015,925410,1400-1-8,2021-03-28
768,اراد424,مرابحه عام دولت4-ش.خ 0106,2,18252652,17389411076312,1056250,953107,952305,-103945,-9.84,952706,-103544,-9.8,952305,953107,1400-1-8,2021-03-28
769,ضمخا7066,اختيارخ اخابر-11700-1400/07/28,2,12,35000000,3942,3000,2500,-1442,-36.58,2917,-1025,-26,2500,3000,1400-1-8,2021-03-28
770,اخزا8134,اسنادخزانه-م13بودجه98-010219,2,434000,347203038000,796738,803276,796738,0,0,800007,3269,0.41,796738,803276,1400-1-8,2021-03-28
771,اخزا8144,اسنادخزانه-م14بودجه98-010318,2,710000,567664525000,805701,793354,805701,0,0,799527,-6174,-0.77,793354,805701,1400-1-8,2021-03-28
772,ضمخا7069,اختيارخ اخابر-17700-1400/07/28,2,3,3998000,700,1000,1499,799,114.14,1333,633,90.43,1000,1499,1400-1-8,2021-03-28
773,افاد14,منفعت دولت-با شرايط خاص140006,2,20000000,22070240000000,1015000,1107187,1099837,84837,8.36,1103512,88512,8.72,1099837,1107187,1400-1-8,2021-03-28
774,صايپا203,صكوك مرابحه سايپا203-3ماهه 16%,2,170,161877740,955000,952222,952222,-2778,-0.29,952222,-2778,-0.29,952222,952222,1400-1-8,2021-03-28
775,اراد324,مرابحه عام دولت3-ش.خ0211,2,2000000,1782079000000,1000000,891379,890700,-109300,-10.93,891039,-108961,-10.9,890700,891379,1400-1-8,2021-03-28
776,افاد744,منفعت دولت7-ش.خاص ساير0204,2,4000000,3782716000000,1000000,945953,945405,-54595,-5.46,945679,-54321,-5.43,945405,945953,1400-1-8,2021-03-28
777,اراد344,مرابحه عام دولت3-ش.خ 0305,2,19586000,16592573690000,1000000,847343,846987,-153013,-15.3,847165,-152835,-15.28,846987,847343,1400-1-8,2021-03-28
778,اخزا8094,اسنادخزانه-م9بودجه98-000923,2,670000,581500370000,868044,867778,868044,0,0,867911,-133,-0.02,867778,868044,1400-1-8,2021-03-28
779,زعف0008پ08,زعفران0008نگين روستا(پ),2,1050,124047500,120585,118000,120950,365,0.3,118140,-2445,-2.03,118000,120950,1400-1-8,2021-03-28
780,اخزا713,اسنادخزانه-م13بودجه97-000518,2,200,186199800,930671,930999,930999,328,0.04,930999,328,0.04,930999,930999,1400-1-8,2021-03-28
781,حاريا,كشتيراني آريا,2,700,19879300,28978,28399,28399,-579,-2,28977,-1,0,28399,28399,1400-1-8,2021-03-28
782,افاد24,منفعت دولتي2-شرايط خاص14000626,2,10980000,10942025670000,985000,997141,995942,10942,1.11,996541,11541,1.17,995942,997141,1400-1-8,2021-03-28
783,اراد444,مرابحه عام دولت4-ش.خ 0007,2,4000000,3931326000000,1050000,983196,982467,-67533,-6.43,982831,-67169,-6.4,982467,983196,1400-1-8,2021-03-28
784,كمرجان,بازرگاني و توليدي مرجان كار,2,160,23052480,147018,144078,144078,-2940,-2,147017,-1,0,144078,144078,1400-1-8,2021-03-28
785,صخود412,ص مرابحه خودرو412- 3ماهه 18%,2,26,26000962,999000,1009999,990075,-8925,-0.89,1000037,1037,0.1,990075,1009999,1400-1-8,2021-03-28
786,اراد354,مرابحه عام دولت3-ش.خ 0103,2,17800000,17004909600000,959836,955804,954860,-4976,-0.52,955332,-4504,-0.47,954860,955804,1400-1-8,2021-03-28
787,ضترا3005,اختيارخ شتران-12000-1400/03/09,2,2,1110000,583,555,555,-28,-4.8,555,-28,-4.8,555,555,1400-1-8,2021-03-28
788,لپيام,گسترش صنايع پيام,2,1100,59471500,55168,54065,54065,-1103,-2,55165,-3,-0.01,54065,54065,1400-1-8,2021-03-28
789,ضپاس2001,اختيارخ وپارس-2500-1400/02/29,2,21,15856000,772,756,755,-17,-2.2,755,-17,-2.2,755,756,1400-1-8,2021-03-28
790,مفاخر,توسعه فناوري اطلاعات خوارزمي,2,238,15574958,66776,65441,65441,-1335,-2,66776,0,0,65441,65441,1400-1-8,2021-03-28
791,اخزا8124,اسنادخزانه-م12بودجه98-001111,2,1264000,1075409936000,850380,851218,850380,0,0,850799,419,0.05,850380,851218,1400-1-8,2021-03-28
792,اراد704,مرابحه عام دولت70-ش.خ0112,2,34228000,31808371338000,943750,929617,929000,-14750,-1.56,929308,-14442,-1.53,929000,929617,1400-1-8,2021-03-28
793,ضپاس2000,اختيارخ وپارس-2000-1400/02/29,2,46,52900000,1300,1150,1150,-150,-11.54,1150,-150,-11.54,1150,1150,1400-1-8,2021-03-28
794,اراد374,مرابحه عام دولت3-ش.خ 0005,2,2000000,1977244000000,1000000,989245,987999,-12001,-1.2,988622,-11378,-1.14,987999,989245,1400-1-8,2021-03-28
795,كابگن,توليدي و صنعتي آبگينه‌,2,35000,180915000,5118,5169,5169,51,1,5120,2,0.04,5169,5169,1400-1-8,2021-03-28
796,اراد474,مرابحه عام دولت4-ش.خ 0008,2,8874671,8704393069322,960000,981382,980244,20244,2.11,980813,20813,2.17,980244,981382,1400-1-8,2021-03-28
797,اخزا8054,اسنادخزانه-م5بودجه98-000422,2,336000,316370880000,941578,941582,941578,0,0,941580,2,0,941578,941582,1400-1-8,2021-03-28
798,ضفلا3004,اختيارخ فولاد-8560-1400/03/19,2,20,46801000,2934,2341,2340,-594,-20.25,2340,-594,-20.25,2340,2341,1400-1-8,2021-03-28
799,اخزا716,اسنادخزانه-م16بودجه97-000407,2,188,179017360,950699,952220,952220,1521,0.16,952220,1521,0.16,952220,952220,1400-1-8,2021-03-28
800,اخزا7224,اسنادخزانه-م22بودجه97-000428,2,1838000,1730115833000,939753,942854,939753,0,0,941303,1550,0.16,939753,942854,1400-1-8,2021-03-28
801,اخزا8154,اسنادخزانه-م15بودجه98-010406,2,1012000,797798056000,786637,790039,786637,0,0,788338,1701,0.22,786637,790039,1400-1-8,2021-03-28
802,اخزا8114,اسنادخزانه-م11بودجه98-001013,2,1736000,1495103092000,861225,861244,861225,0,0,861234,9,0,861225,861244,1400-1-8,2021-03-28
803,اراد414,مرابحه عام دولت4-ش.خ 0006,2,2000000,1973876000000,1000000,987542,986334,-13666,-1.37,986938,-13062,-1.31,986334,987542,1400-1-8,2021-03-28
804,تپولا,مهندسي مرآت پولاد,2,350,12144650,35407,34699,34699,-708,-2,35407,0,0,34699,34699,1400-1-8,2021-03-28
805,اخزا7204,اسنادخزانه-م20بودجه97-000324,2,1420000,1361816210000,959437,958614,959437,0,0,959025,-412,-0.04,958614,959437,1400-1-8,2021-03-28
806,اخزا8074,اسنادخزانه-م7بودجه98-000719,2,668000,599910760000,895111,901029,895111,0,0,898070,2959,0.33,895111,901029,1400-1-8,2021-03-28
807,ولراز,ليزينگ رازي,2,374,20572618,56129,55007,55007,-1122,-2,56128,-1,0,55007,55007,1400-1-8,2021-03-28
808,اراد494,مرابحه عام دولت4-ش.خ 0206,2,21424000,19794447712000,990000,924376,923500,-66500,-6.72,923938,-66062,-6.67,923500,924376,1400-1-8,2021-03-28
809,بترانس4,ايران‌ ترانسفو,2,581163763,1970914883660,2840,34310,2620,-220,-7.75,3391,551,19.4,2620,34310,1400-1-8,2021-03-28
810,گواهي ظرفيت,گواهي ظرفيت نقدي,2,3763000,40034557000,10639,10639,10639,0,0,10639,0,0,10639,10639,1400-1-8,2021-03-28
811,تبريز112,مشاركت شهرداري تبريز-3ماهه18%,2,24,22888500,945250,979000,945250,0,0,953687,8437,0.89,945250,979000,1400-1-8,2021-03-28
812,اراد584,مرابحه عام دولت5-ش.خ 0110,2,10602000,9937196289000,972287,937589,937000,-35287,-3.63,937294,-34993,-3.6,937000,937589,1400-1-8,2021-03-28
813,اخزا8064,اسنادخزانه-م6بودجه98-000519,2,310000,287921645000,929009,928550,929009,0,0,928779,-230,-0.02,928550,929009,1400-1-8,2021-03-28
814,ضمخا7070,اختيارخ اخابر-19700-1400/07/28,2,6,5109000,859,613,1090,231,26.89,851,-8,-0.93,613,1090,1400-1-8,2021-03-28
815,ضفار3001,اختيارخ فارس-9000-1400/03/05,2,11,18700000,2184,1700,1700,-484,-22.16,1700,-484,-22.16,1700,1700,1400-1-8,2021-03-28
816,كشم0006پ02,كشمش تيزابي0006تاكستان(پ),2,47,10515750,218743,219990,228000,9257,4.23,223739,4996,2.28,219990,228000,1400-1-8,2021-03-28
817,وسناح,ح. سرمايه گذاري نيروگاهي ايران,2,770,11648158,14553,15426,14900,347,2.38,15127,574,3.94,14900,15426,1400-1-8,2021-03-28
818,افاد44,منفعت دولتي4-شرايط خاص14010729,2,6000000,5819370000000,1042700,969140,970650,-72050,-6.91,969895,-72805,-6.98,969140,970650,1400-1-8,2021-03-28
819,اخزا7134,اسنادخزانه-م13بودجه97-000518,2,3270000,3042203625000,930671,930004,930671,0,0,930337,-334,-0.04,930004,930671,1400-1-8,2021-03-28
820,اخزا7214,اسنادخزانه-م21بودجه97-000728,2,3164000,2832813046000,893343,897310,893343,0,0,895326,1983,0.22,893343,897310,1400-1-8,2021-03-28
821,وسالت,بانك قرض الحسنه رسالت,2,8646,9865086,1108,1141,1141,33,2.98,1108,0,0,1141,1141,1400-1-8,2021-03-28
822,زعف0008پ19,زعفران0008نگين تروند قاينات(پ),2,13030,1573332970,120980,120769,120740,-240,-0.2,120747,-233,-0.19,120740,120769,1400-1-8,2021-03-28
823,ضخوز2014,اختيارخ فخوز-14000-1400/02/15,2,2,5399000,3000,2699,2700,-300,-10,2699,-301,-10.03,2699,2700,1400-1-8,2021-03-28
824,اخزا7184,اسنادخزانه-م18بودجه97-000525,2,2498000,2314797929000,928462,924859,928462,0,0,926660,-1802,-0.19,924859,928462,1400-1-8,2021-03-28
825,اخزا7234,اسنادخزانه-م23بودجه97-000824,2,416000,368322656000,884963,885819,884963,0,0,885391,428,0.05,884963,885819,1400-1-8,2021-03-28
826,ياقوت2,صندوق س ياقوت آگاه-ثابت,2,523000,523000,12142,1,1,-12141,-99.99,1,-12141,-99.99,1,1,1400-1-8,2021-03-28
827,پا ر 33,بار پايه روز 33,1,14000,4830000,375,345,345,-30,-8,345,-30,-8,345,345,1400-1-8,2021-03-28
828,پا ه 3,بار پايه هفته 3,1,14000,4830000,350,345,345,-5,-1.43,345,-5,-1.43,345,345,1400-1-8,2021-03-28
829,زير0003پ01,زيره سبز0003كيميابذر(پ),1,2,933118,448455,466559,466559,18104,4.04,466559,18104,4.04,466559,466559,1400-1-8,2021-03-28
830,زعف0008پ18,زعفران0008نگين بهرامن(پ),1,50,6096500,121026,121930,121930,904,0.75,121930,904,0.75,121930,121930,1400-1-8,2021-03-28
831,صينا205,صكوك منفعت سينا دارو-3ماهه 19%,1,5,4850005,999990,970001,970001,-29989,-3,970001,-29989,-3,970001,970001,1400-1-8,2021-03-28
832,ضمخا7075,اختيارخ اخابر-8700-1400/07/28,1,1,3100000,4199,3100,3100,-1099,-26.17,3100,-1099,-26.17,3100,3100,1400-1-8,2021-03-28
833,پست0008پ04,پسته فندقي32-30سبزدانه0008(پ),1,2,2839998,1298335,1419999,1419999,121664,9.37,1419999,121664,9.37,1419999,1419999,1400-1-8,2021-03-28
834,نيرو,نيرو سرمايه,1,764,39844892,53217,52153,52153,-1064,-2,53215,-2,0,52153,52153,1400-1-8,2021-03-28
835,اشاد14,مشاركت دولتي1-شرايط خاص001026,1,750100,749553927200,990000,999272,999272,9272,0.94,999272,9272,0.94,999272,999272,1400-1-8,2021-03-28
836,اراد654,مرابحه عام دولتي65-ش.خ0210,1,3230277,3044713737735,928630,942555,942555,13925,1.5,942555,13925,1.5,942555,942555,1400-1-8,2021-03-28
837,اشاد10,مشاركت دولتي10-شرايط خاص001226,1,500,475000000,959999,950000,950000,-9999,-1.04,950000,-9999,-1.04,950000,950000,1400-1-8,2021-03-28
838,پا ه 2,بار پايه هفته 2,1,14000,4830000,350,345,345,-5,-1.43,345,-5,-1.43,345,345,1400-1-8,2021-03-28
839,ضسان2009,اختيارخ پارسان-18750-00/02/15,1,1,4000000,4000,4000,4000,0,0,4000,0,0,4000,4000,1400-1-8,2021-03-28
840,اخزا906,اسنادخزانه-م6بودجه99-020321,1,600,422400000,699779,704000,704000,4221,0.6,704000,4221,0.6,704000,704000,1400-1-8,2021-03-28
841,شيراز2,پتروشيمي‌شيراز,1,18550000,1075900000000,58320,58000,58000,-320,-0.55,58000,-320,-0.55,58000,58000,1400-1-8,2021-03-28
842,ونيكي4,سرمايه‌گذاري‌ ملي‌ايران‌,1,31104557,690832210970,11160,22210,22210,11050,99.01,22210,11050,99.01,22210,22210,1400-1-8,2021-03-28
843,اراد22,مرابحه عام دولت2-ش.خ لوتوس0212,1,5000,4950000000,980000,990000,990000,10000,1.02,990000,10000,1.02,990000,990000,1400-1-8,2021-03-28
844,سنفت001,سلف موازي استاندارد سنفت001,1,115310,130002108340,1120130,1127414,1127414,7284,0.65,1127414,7284,0.65,1127414,1127414,1400-1-8,2021-03-28
845,زير0003پ04,زيره سبز0003شركت مينوبذر(پ),1,10,4665590,432591,466559,466559,33968,7.85,466559,33968,7.85,466559,466559,1400-1-8,2021-03-28
846,زير0003پ02,زيره سبز0003 دانش(پ),1,10,4661290,475642,466129,466129,-9513,-2,466129,-9513,-2,466129,466129,1400-1-8,2021-03-28
847,پا ر 16,بار پايه روز 16,1,14000,4830000,380,345,345,-35,-9.21,345,-35,-9.21,345,345,1400-1-8,2021-03-28
848,خعمرا,توسعه و عمران شهرستان نائين,1,403,9372571,22580,23257,23257,677,3,22580,0,0,23257,23257,1400-1-8,2021-03-28
849,ضبدر3005,اختيارخ شبندر-5979-1400/03/30,1,2,6610000,1,3305,3305,3304,330400,3305,3304,330400,3305,3305,1400-1-8,2021-03-28
850,پا ر 15,بار پايه روز 15,1,14000,4830000,380,345,345,-35,-9.21,345,-35,-9.21,345,345,1400-1-8,2021-03-28
851,اراد604,مرابحه عام دولتي6-ش.خ0210,1,3300000,3133237800000,945507,949466,949466,3959,0.42,949466,3959,0.42,949466,949466,1400-1-8,2021-03-28
852,تملي712,تسهيلات مسكن ب. ملي-اسفند97,1,11,5546497,530765,504227,504227,-26538,-5,504227,-26538,-5,504227,504227,1400-1-8,2021-03-28
853,ضمخا2001,اختيارخ اخابر-10000-1400/02/29,1,1,2000000,1003,2000,2000,997,99.4,2000,997,99.4,2000,2000,1400-1-8,2021-03-28
854,ضپنا2002,اختيارخ رمپنا-14000-1400/02/12,1,2,7200000,3400,3600,3600,200,5.88,3600,200,5.88,3600,3600,1400-1-8,2021-03-28
855,پا ر 31,بار پايه روز 31,1,14000,4830000,380,345,345,-35,-9.21,345,-35,-9.21,345,345,1400-1-8,2021-03-28
856,پا ر 34,بار پايه روز 34,1,14000,4830000,350,345,345,-5,-1.43,345,-5,-1.43,345,345,1400-1-8,2021-03-28
857,ضچاد2004,اختيارخ كچاد-20000-1400/02/05,1,1,4500000,4500,4500,4500,0,0,4500,0,0,4500,4500,1400-1-8,2021-03-28
858,كايتا,ايتالران‌,1,128,1224576,9289,9567,9567,278,2.99,9289,0,0,9567,9567,1400-1-8,2021-03-28
859,تملي703,تسهيلات مسكن ب. ملي-خرداد97,1,35,19611200,589810,560320,560320,-29490,-5,560320,-29490,-5,560320,560320,1400-1-8,2021-03-28
860,ضملي3001,اختيارخ فملي-9000-1400/03/02,1,1,5000000,4999,5000,5000,1,0.02,5000,1,0.02,5000,5000,1400-1-8,2021-03-28
861,اراد434,مرابحه عام دولت4-ش.خ 0205,1,1568000,1489204864000,955460,949748,949748,-5712,-0.6,949748,-5712,-0.6,949748,949748,1400-1-8,2021-03-28
862,پا ر 32,بار پايه روز 32,1,14000,4830000,375,345,345,-30,-8,345,-30,-8,345,345,1400-1-8,2021-03-28
863,سبجنو,سيمان‌ بجنورد,1,1000,58470000,59660,58470,58470,-1190,-1.99,59660,0,0,58470,58470,1400-1-8,2021-03-28
864,البرز4,بيمه البرز,1,528152823,1832690295810,4120,3470,3470,-650,-15.78,3470,-650,-15.78,3470,3470,1400-1-8,2021-03-28
865,سايرا,ايرانيت‌,1,112,5050304,46012,45092,45092,-920,-2,46012,0,0,45092,45092,1400-1-8,2021-03-28
866,تملي801,تسهيلات مسكن ب. ملي-فروردين98,1,8,5145544,643193,643193,643193,0,0,643193,0,0,643193,643193,1400-1-8,2021-03-28
