,نماد,نام,تعداد,حجم,ارزش,دیروز,اولین,آخرین معامله - مقدار,آخرین معامله - تغییر,آخرین معامله - درصد,قیمت پایانی - مقدار,قیمت پایانی - تغییر,قیمت پایانی - درصد,کمترین,بیشترین,تاریخ,gregorian_date
0,پالايش,صندوق پالايشي يكم-سهام,21479,23576260,1712839194710,71910,73050,72130,220,0.31,72650,740,1.03,71900,73750,1400-8-26,2021-11-17
1,پترول,گ.س.وت.ص.پتروشيمي خليج فارس,17302,336985015,1003013378792,2957,2871,3067,110,3.72,2976,19,0.64,2871,3091,1400-8-26,2021-11-17
2,دارا يكم,صندوق واسطه گري مالي يكم-سهام,16616,11681434,1361037217010,114590,116200,115630,1040,0.91,116510,1920,1.68,115050,118120,1400-8-26,2021-11-17
3,شستا,سرمايه گذاري تامين اجتماعي,14814,63776954,703831308480,10940,10960,10930,-10,-0.09,11040,100,0.91,10930,11220,1400-8-26,2021-11-17
4,بورس,بورس اوراق بهادار تهران,14317,85113577,1248381390220,14920,14920,14390,-530,-3.55,14670,-250,-1.68,14210,15220,1400-8-26,2021-11-17
5,سپيد,سپيد ماكيان,13210,10764592,655943057990,58370,59290,61280,2910,4.99,60940,2570,4.4,58630,61280,1400-8-26,2021-11-17
6,غكورش,صنعت غذايي كورش,9001,11945754,590716308470,47330,48100,49490,2160,4.56,49450,2120,4.48,48100,49690,1400-8-26,2021-11-17
7,بركت,گروه دارويي بركت,8904,24957633,622244963260,24560,25000,25190,630,2.57,24930,370,1.51,24230,25560,1400-8-26,2021-11-17
8,فولاد,فولاد مباركه اصفهان,8786,53548043,597674516320,11220,11150,11200,-20,-0.18,11160,-60,-0.53,11050,11340,1400-8-26,2021-11-17
9,فسبزوار,پارس فولاد سبزوار,8667,4520035,160776729680,35310,35170,35410,100,0.28,35570,260,0.74,35170,36030,1400-8-26,2021-11-17
10,خگستر,گسترش‌سرمايه‌گذاري‌ايران‌خودرو,8473,263473738,685835276442,2485,2540,2609,124,4.99,2603,118,4.75,2523,2609,1400-8-26,2021-11-17
11,كيمياتك,آريان كيميا تك,8464,3566073,96248592720,26150,26350,26750,600,2.29,26990,840,3.21,26100,27450,1400-8-26,2021-11-17
12,خبهمن,گروه‌بهمن‌,8395,467016700,942273202572,1928,1930,2024,96,4.98,2018,90,4.67,1930,2024,1400-8-26,2021-11-17
13,شفنح,ح . پتروشيمي فناوران,8300,60445872,763061881230,13222,12980,12360,-862,-6.52,12620,-602,-4.55,12210,13080,1400-8-26,2021-11-17
14,فجهان,مجتمع جهان فولاد سيرجان,8259,33805315,195562986480,5786,5750,5787,1,0.02,5785,-1,-0.02,5747,5839,1400-8-26,2021-11-17
15,كدما,معدني‌ دماوند,7170,4615634,410223214650,85920,90210,87530,1610,1.87,88880,2960,3.45,86790,90210,1400-8-26,2021-11-17
16,شبندر,پالايش نفت بندرعباس,7017,70724538,474059780060,6690,6760,6630,-60,-0.9,6700,10,0.15,6610,6830,1400-8-26,2021-11-17
17,كالا,بورس كالاي ايران,6728,16757408,553583281550,32460,32750,32820,360,1.11,33040,580,1.79,32470,33990,1400-8-26,2021-11-17
18,تپكو,توليدتجهيزات‌سنگين‌هپكو,6395,145998725,500690963258,3525,3475,3428,-97,-2.75,3429,-96,-2.72,3420,3540,1400-8-26,2021-11-17
19,وبملت,بانك ملت,6201,113449719,359871353003,3138,3171,3139,1,0.03,3172,34,1.08,3115,3228,1400-8-26,2021-11-17
20,فرابورس,فرابورس ايران,6176,15192943,355067107171,22595,23000,23300,705,3.12,23371,776,3.43,22900,23700,1400-8-26,2021-11-17
21,فملي,ملي‌ صنايع‌ مس‌ ايران‌,5947,31470168,415624343060,13280,13000,13150,-130,-0.98,13210,-70,-0.53,13000,13440,1400-8-26,2021-11-17
22,توسن,توسعه سامانه ي نرم افزاري نگين,5515,7880070,146760060709,17799,18000,18688,889,4.99,18624,825,4.64,18000,18688,1400-8-26,2021-11-17
23,مديريت,س. و خدمات مديريت صند. ب كشوري,5381,5749649,54257753969,9276,9390,9376,100,1.08,9437,161,1.74,9251,9560,1400-8-26,2021-11-17
24,كمند,صندوق س. با درآمد ثابت كمند,5006,200870706,2021502356602,10055,10063,10064,9,0.09,10064,9,0.09,10063,10065,1400-8-26,2021-11-17
25,بركتح,ح . گروه دارويي بركت,4928,11527576,238844014610,20750,20450,20590,-160,-0.77,20720,-30,-0.14,20170,21300,1400-8-26,2021-11-17
26,شتران,پالايش نفت تهران,4602,38242124,170711032682,4439,4479,4406,-33,-0.74,4464,25,0.56,4398,4549,1400-8-26,2021-11-17
27,غزر,صنعتي زر ماكارون,4293,6801879,69919507270,10160,10190,10220,60,0.59,10280,120,1.18,10120,10490,1400-8-26,2021-11-17
28,ثشاهد,سرمايه‌ گذاري‌ شاهد,4260,58266687,719090797800,11780,11650,12360,580,4.92,12340,560,4.75,11650,12360,1400-8-26,2021-11-17
29,سپيدار,سپيدار سيستم آسيا,4150,3909312,77146367174,18814,19000,19754,940,5,19734,920,4.89,18816,19754,1400-8-26,2021-11-17
30,كرمان,س. توسعه و عمران استان كرمان,4072,142326625,147168084306,1023,1031,1027,4,0.39,1034,11,1.08,1025,1050,1400-8-26,2021-11-17
31,گدنا,تهيه توزيع غذاي دنا آفرين فدك,3993,2452636,36712746744,14841,15250,14900,59,0.4,14969,128,0.86,14700,15261,1400-8-26,2021-11-17
32,پاكشو,گروه صنعتي پاكشو,3970,93143858,576878570580,6000,6280,6090,90,1.5,6190,190,3.17,6040,6280,1400-8-26,2021-11-17
33,خودكفا,اقتصادي و خودكفايي آزادگان,3897,34852364,377495758304,10620,10933,10700,80,0.75,10831,211,1.99,10310,10938,1400-8-26,2021-11-17
34,بپيوند,برق و انرژي پيوندگستر پارس,3739,10384182,118631156162,10901,11064,11446,545,5,11424,523,4.8,10954,11446,1400-8-26,2021-11-17
35,ثنام,س ساختماني ب نام آوران مهندسي,3697,17991724,210081621319,11765,12060,11900,135,1.15,11677,-88,-0.75,11413,12090,1400-8-26,2021-11-17
36,آبادا,توليد نيروي برق آبادان,3611,2074558,26017542960,12400,12670,12480,80,0.65,12540,140,1.13,12320,12870,1400-8-26,2021-11-17
37,چخزر,صنايع چوب خزر كاسپين,3598,1775354,55725298780,30067,30999,31570,1503,5,31388,1321,4.39,30390,31570,1400-8-26,2021-11-17
38,شفن,پتروشيمي فناوران,3570,59366132,835281477240,13400,14070,14070,670,5,14070,670,5,14070,14070,1400-8-26,2021-11-17
39,نوري,پتروشيمي نوري,3532,1899353,232074146080,120920,122980,122490,1570,1.3,122190,1270,1.05,121000,123630,1400-8-26,2021-11-17
40,وتجارت,بانك تجارت,3506,78561630,151840139582,1916,1902,1921,5,0.26,1933,17,0.89,1902,1965,1400-8-26,2021-11-17
41,زاگرس,پتروشيمي زاگرس,3412,835883,212776151798,261217,258100,253000,-8217,-3.15,254553,-6664,-2.55,250500,261000,1400-8-26,2021-11-17
42,آريا,پليمر آريا ساسول,3390,891074,104273253410,116924,118000,117000,76,0.06,117020,96,0.08,116450,118800,1400-8-26,2021-11-17
43,غگيلا,شيرپاستوريزه پگاه گيلان,3356,3650777,60392953870,15940,16070,16737,797,5,16542,602,3.78,16070,16737,1400-8-26,2021-11-17
44,امين,تامين سرمايه امين,3335,2703308,32690095970,12080,12110,12080,0,0,12090,10,0.08,12070,12120,1400-8-26,2021-11-17
45,فگستر,گسترش صنايع روي ايرانيان,3321,6435777,60466461981,8972,9180,9418,446,4.97,9395,423,4.71,9000,9420,1400-8-26,2021-11-17
46,رافزا,رايان هم افزا,3320,812249,49590757304,63266,64990,60240,-3026,-4.78,61054,-2212,-3.5,60103,64990,1400-8-26,2021-11-17
47,كزغال,زغال سنگ پروده طبس,3252,2405584,75592521410,30279,30095,31792,1513,5,31424,1145,3.78,30095,31792,1400-8-26,2021-11-17
48,خمهرح,ح . مهركام‌پارس‌,3245,60374306,55332965982,879,897,936,57,6.48,916,37,4.21,857,936,1400-8-26,2021-11-17
49,وهامون,سرمايه گذاري هامون صبا,3200,10856840,31559122869,2891,2890,2910,19,0.66,2907,16,0.55,2874,2957,1400-8-26,2021-11-17
50,خنصير,مهندسي‌نصيرماشين‌,3080,10943551,272586159040,24020,25180,24410,390,1.62,24910,890,3.71,24000,25210,1400-8-26,2021-11-17
51,صبا,سرمايه گذاري صبا تامين,3073,16639950,101925454073,6086,6075,6092,6,0.1,6122,36,0.59,6075,6219,1400-8-26,2021-11-17
52,وخارزم,سرمايه گذاري خوارزمي,3019,36033201,175768683320,4810,4950,4930,120,2.49,4880,70,1.46,4800,4960,1400-8-26,2021-11-17
53,بگيلان,توسعه مسير برق گيلان,3013,1889001,30085645640,15291,14800,16055,764,5,15927,636,4.16,14800,16055,1400-8-26,2021-11-17
54,لپارس,پارس‌ الكتريك‌,2990,1644481,167564230010,99010,100000,101240,2230,2.25,101890,2880,2.91,99170,103950,1400-8-26,2021-11-17
55,لطيف,محصولات كاغذي لطيف,2989,1171719,49860144350,40674,41400,42703,2029,4.99,42553,1879,4.62,41400,42707,1400-8-26,2021-11-17
56,كاما,باما,2974,15141031,125990307910,8160,8170,8320,160,1.96,8320,160,1.96,8170,8450,1400-8-26,2021-11-17
57,خاذين,سايپاآذين‌,2931,56549860,183191610746,3230,3290,3260,30,0.93,3239,9,0.28,3124,3385,1400-8-26,2021-11-17
58,شاروم,پتروشيمي اروميه,2929,1616525,22936010105,13842,13750,14080,238,1.72,14188,346,2.5,13704,14500,1400-8-26,2021-11-17
59,وايران,ليزينگ ايرانيان,2859,27585414,105871784313,3882,3864,3938,56,1.44,3838,-44,-1.13,3688,4000,1400-8-26,2021-11-17
60,زنگان,صنعت روي زنگان,2854,2192225,181192880678,83771,84350,85500,1729,2.06,82652,-1119,-1.34,79583,87400,1400-8-26,2021-11-17
61,غدام,خوراك‌  دام‌ پارس‌,2849,1456637,197546470780,141180,135040,138650,-2530,-1.79,135620,-5560,-3.94,134130,142000,1400-8-26,2021-11-17
62,بوعلي,پتروشيمي بوعلي سينا,2798,922669,70199738890,76260,75550,75800,-460,-0.6,76130,-130,-0.17,75480,77780,1400-8-26,2021-11-17
63,وبصادر,بانك صادرات ايران,2737,65162574,121821057961,1855,1830,1859,4,0.22,1869,14,0.75,1830,1899,1400-8-26,2021-11-17
64,چكاپا,گروه صنايع كاغذ پارس,2727,46367126,145441689779,3012,3100,3160,148,4.91,3137,125,4.15,3084,3162,1400-8-26,2021-11-17
65,ثبهساز,بهساز كاشانه تهران,2725,13196466,22136812636,1638,1684,1668,30,1.83,1677,39,2.38,1650,1712,1400-8-26,2021-11-17
66,كيان,صندوق س. با درآمد ثابت كيان,2653,23522155,743564396080,31589,31612,31613,24,0.08,31611,22,0.07,31609,31615,1400-8-26,2021-11-17
67,حآسا,آسيا سير ارس,2603,11320190,175196915016,14928,15674,15674,746,5,15476,548,3.67,14942,15674,1400-8-26,2021-11-17
68,ومدير,گ.مديريت ارزش سرمايه ص ب كشوري,2565,9814176,43861343463,4409,4420,4440,31,0.7,4469,60,1.36,4300,4550,1400-8-26,2021-11-17
69,وسپهر,سرمايه گذاري مالي سپهرصادرات,2520,6771721,47814249668,7061,7061,7060,-1,-0.01,7061,0,0,7060,7070,1400-8-26,2021-11-17
70,لكما,كارخانجات‌مخابراتي‌ايران‌,2517,62308835,69868088361,1111,1144,1104,-7,-0.63,1121,10,0.9,1085,1144,1400-8-26,2021-11-17
71,بكاب,صنايع‌جوشكاب‌يزد,2515,966123,100418214660,106970,101700,101810,-5160,-4.82,103940,-3030,-2.83,101630,109600,1400-8-26,2021-11-17
72,فارس,صنايع پتروشيمي خليج فارس,2485,17038964,188603917780,11130,11350,11030,-100,-0.9,11070,-60,-0.54,10850,11460,1400-8-26,2021-11-17
73,وكبهمن,مديريت سرمايه گذاري كوثربهمن,2483,841693,8659035136,10236,10003,10233,-3,-0.03,10267,31,0.3,10003,10390,1400-8-26,2021-11-17
74,ولقمان,سرمايه گذاري لقمان,2433,11173296,36828219443,3395,3359,3294,-101,-2.97,3296,-99,-2.92,3294,3359,1400-8-26,2021-11-17
75,شگويا,پتروشيمي تندگويان,2431,6677153,72229073923,10863,10732,10819,-44,-0.41,10831,-32,-0.29,10720,11018,1400-8-26,2021-11-17
76,ولپارس,ليزينگ پارسيان,2425,2433249,9796248868,3971,3971,4010,39,0.98,4009,38,0.96,3971,4095,1400-8-26,2021-11-17
77,زملارد,كشاورزي و دامپروري ملارد شير,2396,618098,13030638389,21128,20400,21085,-43,-0.2,21085,-43,-0.2,20400,21600,1400-8-26,2021-11-17
78,ثاميد,توسعه و عمران اميد,2389,12167073,17445120163,1428,1442,1435,7,0.49,1433,5,0.35,1413,1453,1400-8-26,2021-11-17
79,ولكار,ليزينگ كارآفرين,2296,1708841,7008703264,4049,4020,4115,66,1.63,4074,25,0.62,4020,4149,1400-8-26,2021-11-17
80,اعتماد,صندوق س.اعتماد آفرين پارسيان-د,2286,55126210,2208298836030,40019,40056,40056,37,0.09,40059,40,0.1,40056,40078,1400-8-26,2021-11-17
81,پارند,صندوق س. پارند پايدار سپهر,2281,97344611,979667815676,10057,10063,10064,7,0.07,10064,7,0.07,10063,10065,1400-8-26,2021-11-17
82,ختور,رادياتور ايران‌,2269,12804193,251275470010,18880,18450,19400,520,2.75,19620,740,3.92,18450,19820,1400-8-26,2021-11-17
83,حكشتي,كشتيراني جمهوري اسلامي ايران,2247,12556812,189923789810,14860,15080,15000,140,0.94,15130,270,1.82,14860,15480,1400-8-26,2021-11-17
84,ومعادن,توسعه‌معادن‌وفلزات‌,2242,9266921,94469865550,10410,10210,10170,-240,-2.31,10230,-180,-1.73,10080,10400,1400-8-26,2021-11-17
85,خزاميا,زامياد,2219,25300949,179366156980,6820,6680,7160,340,4.99,7090,270,3.96,6680,7160,1400-8-26,2021-11-17
86,ذوب,سهامي ذوب آهن  اصفهان,2179,27448726,102694970320,3697,3728,3719,22,0.6,3741,44,1.19,3715,3790,1400-8-26,2021-11-17
87,خصدرا,صنعتي‌ دريايي‌ ايران‌,2151,38508227,92336351481,2433,2445,2361,-72,-2.96,2398,-35,-1.44,2361,2498,1400-8-26,2021-11-17
88,سيتا,سرمايه گذاري سيمان تامين,2132,2469186,24101530060,9680,9500,9780,100,1.03,9730,50,0.52,9500,9990,1400-8-26,2021-11-17
89,ديران,ايران‌دارو,2016,4641094,95959214360,20390,19600,21190,800,3.92,20680,290,1.42,19600,21390,1400-8-26,2021-11-17
90,افران,صندوق س افرا نماد پايدار-ثابت,2001,69058761,1019502398712,14754,14763,14763,9,0.06,14763,9,0.06,14762,14764,1400-8-26,2021-11-17
91,فتوسا,توليد و توسعه سرب روي ايرانيان,1947,990079,10848626632,10856,10890,10904,48,0.44,10931,75,0.69,10856,11100,1400-8-26,2021-11-17
92,غگل,گلوكوزان‌,1836,25143552,83713511823,3272,3202,3355,83,2.54,3329,57,1.74,3202,3370,1400-8-26,2021-11-17
93,سحرخيز,صندوق س. گروه زعفران سحرخيز,1805,3675421,65809734705,17108,17790,18248,1140,6.66,17905,797,4.66,17430,18289,1400-8-26,2021-11-17
94,كوثر,بيمه كوثر,1794,31916017,136801673186,4085,4289,4289,204,4.99,4286,201,4.92,4200,4289,1400-8-26,2021-11-17
95,نهال,صندوق س. طلاي سرخ نوويرا,1786,3598299,67054360324,17451,18310,19100,1649,9.45,18635,1184,6.78,18200,19176,1400-8-26,2021-11-17
96,ملت,بيمه ملت,1782,96478949,113317234602,1127,1117,1183,56,4.97,1175,48,4.26,1117,1183,1400-8-26,2021-11-17
97,خمحركه,نيرو محركه‌,1779,21877605,79503854680,3486,3412,3660,174,4.99,3634,148,4.25,3412,3660,1400-8-26,2021-11-17
98,ثالوند,سرمايه گذاري مسكن الوند,1771,9247620,82522184445,8911,8500,9168,257,2.88,8924,13,0.15,8486,9356,1400-8-26,2021-11-17
99,خكار,ايركا پارت صنعت,1746,16193712,72132982132,4289,4369,4503,214,4.99,4454,165,3.85,4332,4503,1400-8-26,2021-11-17
100,خكمك,كمك‌فنرايندامين‌,1742,5613047,156018131120,26840,28180,27260,420,1.56,27800,960,3.58,26840,28180,1400-8-26,2021-11-17
101,سبزوا,سيمان لار سبزوار,1731,31365418,75137736451,2290,2391,2404,114,4.98,2396,106,4.63,2350,2404,1400-8-26,2021-11-17
102,امين يكم,صندوق درآمد ثابت امين يكم فردا,1727,45843159,464735977591,10129,10134,10140,11,0.11,10138,9,0.09,10134,10142,1400-8-26,2021-11-17
103,فخوز,فولاد  خوزستان,1672,9665599,64421582300,6720,6730,6650,-70,-1.04,6690,-30,-0.45,6580,6830,1400-8-26,2021-11-17
104,وآذر,سرمايه‌گذاري‌توسعه‌آذربايجان‌,1647,2374548,103769391080,44740,43100,45100,360,0.8,43700,-1040,-2.32,42510,45900,1400-8-26,2021-11-17
105,شصدف,صنعتي دوده فام,1633,2220484,71510830077,30756,31854,32293,1537,5,32205,1449,4.71,31400,32293,1400-8-26,2021-11-17
106,كماسه,تامين‌ ماسه‌ ريخته‌گري‌,1610,11397334,60503924350,5450,5300,5260,-190,-3.49,5310,-140,-2.57,5180,5540,1400-8-26,2021-11-17
107,ضجار1023,اختيارخ وتجارت-2500-1400/10/15,1601,61869,4207447000,75,72,61,-14,-18.67,68,-7,-9.33,60,84,1400-8-26,2021-11-17
108,چكاوه,صنايع‌كاغذسازي‌كاوه‌,1589,12046910,133661382960,10630,11020,11160,530,4.99,11100,470,4.42,10800,11160,1400-8-26,2021-11-17
109,بپاس,بيمه پاسارگاد,1546,1817181,78457549073,45216,44000,43500,-1716,-3.8,43810,-1406,-3.11,42956,44030,1400-8-26,2021-11-17
110,كاوه,فولاد كاوه جنوب كيش,1546,4754985,75814242790,16100,16000,16050,-50,-0.31,15980,-120,-0.75,15700,16250,1400-8-26,2021-11-17
111,اتكاي,بيمه اتكايي ايرانيان,1530,22349842,283358596518,12131,12490,12700,569,4.69,12678,547,4.51,12200,12737,1400-8-26,2021-11-17
112,وغدير,سرمايه‌گذاري‌غدير(هلدينگ‌,1510,7979659,120343613500,15130,15000,15050,-80,-0.53,15080,-50,-0.33,14910,15430,1400-8-26,2021-11-17
113,سفاسي,شركت فارسيت اهواز,1495,13367911,48140494473,3707,3596,3639,-68,-1.83,3601,-106,-2.86,3596,3680,1400-8-26,2021-11-17
114,شاراك,پتروشيمي شازند,1489,2968513,140849054730,47240,47690,47000,-240,-0.51,47450,210,0.44,46930,48460,1400-8-26,2021-11-17
115,سرو,صندوق س سروسودمند مدبران-سهام,1488,1589644,116013907890,72800,73160,72980,180,0.25,72980,180,0.25,72000,74190,1400-8-26,2021-11-17
116,كرماشا,صنايع پتروشيمي كرمانشاه,1483,2353465,129819148450,53890,54890,55900,2010,3.73,55160,1270,2.36,52510,56300,1400-8-26,2021-11-17
117,فسازان,غلتك سازان سپاهان,1449,3676157,90121906880,23700,23760,24880,1180,4.98,24520,820,3.46,23700,24880,1400-8-26,2021-11-17
118,وسكرمان,س.سهام عدالت استان كرمان,1440,109603685,54300422520,486,475,490,4,0.82,495,9,1.85,475,510,1400-8-26,2021-11-17
119,وصنعت,سرمايه گذاري توسعه صنعت وتجارت,1436,15289432,111408221970,7250,7210,7320,70,0.97,7290,40,0.55,7060,7400,1400-8-26,2021-11-17
120,پيزد,مجتمع صنايع لاستيك يزد,1428,159792,8811693831,54820,54183,54391,-429,-0.78,55015,195,0.36,53310,55472,1400-8-26,2021-11-17
121,شفا,سرمايه گذاري شفادارو,1411,4118452,157386730570,40190,38190,38290,-1900,-4.73,38220,-1970,-4.9,38190,38890,1400-8-26,2021-11-17
122,فروي,ذوب روي اصفهان,1410,2112986,47837670079,21871,21690,22964,1093,5,22640,769,3.52,21690,22964,1400-8-26,2021-11-17
123,وسكرشا,س.سهام عدالت استان كرمانشاه,1385,74955220,37205202393,488,481,490,2,0.41,496,8,1.64,481,507,1400-8-26,2021-11-17
124,وپويا,سرمايه گذاري پويا,1382,1721605,6985577543,4002,4138,4060,58,1.45,4029,27,0.67,4014,4138,1400-8-26,2021-11-17
125,اپال,فرآوري معدني اپال كاني پارس,1373,2648493,57948432080,21740,21750,21860,120,0.55,21810,70,0.32,21750,22000,1400-8-26,2021-11-17
126,تاپكيش,تجارت الكترونيك پارسيان كيش,1372,6667377,118168056507,17293,17700,18030,737,4.26,17723,430,2.49,16815,18090,1400-8-26,2021-11-17
127,طلا,صندوق س.پشتوانه طلاي لوتوس,1366,1371258,122323321662,88750,89450,89396,646,0.73,89205,455,0.51,88402,89800,1400-8-26,2021-11-17
128,وسكرد,شركت س استان كردستان,1351,90397433,44755879881,484,483,492,8,1.65,495,11,2.27,483,508,1400-8-26,2021-11-17
129,قتربت,قند تربت حيدريه,1330,217193,10895586107,51390,50010,50100,-1290,-2.51,50165,-1225,-2.38,49849,52920,1400-8-26,2021-11-17
130,خموتور,موتورسازان‌تراكتورسازي‌ايران‌,1324,9910567,60508175740,6150,5900,6050,-100,-1.63,6110,-40,-0.65,5890,6350,1400-8-26,2021-11-17
131,خمهر,مهركام‌پارس‌,1323,48544909,94546387469,1867,1908,1960,93,4.98,1948,81,4.34,1830,1960,1400-8-26,2021-11-17
132,بترانس,ايران‌ ترانسفو,1319,20617013,44542130892,2141,2152,2143,2,0.09,2160,19,0.89,2132,2190,1400-8-26,2021-11-17
133,شبريز,پالايش نفت تبريز,1317,2062021,69156204340,33440,34090,33390,-50,-0.15,33510,70,0.21,33000,34690,1400-8-26,2021-11-17
134,شغدير,پتروشيمي غدير,1308,750950,71800241860,96330,95360,94980,-1350,-1.4,95610,-720,-0.75,94010,97990,1400-8-26,2021-11-17
135,پرديس,سرمايه گذاري پرديس,1305,19302975,69118470904,3591,3620,3598,7,0.19,3581,-10,-0.28,3490,3645,1400-8-26,2021-11-17
136,وساخت,سرمايه‌ گذاري‌ ساختمان‌ايران‌,1297,2193085,94830286140,45220,44130,43200,-2020,-4.47,43240,-1980,-4.38,42960,44950,1400-8-26,2021-11-17
137,دماوند,توليد نيروي برق دماوند,1285,3186423,68066488240,21852,22350,21200,-652,-2.98,21361,-491,-2.25,20760,22350,1400-8-26,2021-11-17
138,ثاخت,بين‌المللي‌توسعه‌ساختمان,1284,23430010,46976482489,1980,1980,2002,22,1.11,2005,25,1.26,1980,2030,1400-8-26,2021-11-17
139,آگاس,صندوق س.هستي بخش آگاه-س,1274,1118335,90548546716,80753,81271,80715,-38,-0.05,80967,214,0.27,79000,82000,1400-8-26,2021-11-17
140,وپارس,بانك‌پارسيان‌,1262,38243234,84447012435,2203,2200,2203,0,0,2207,4,0.18,2180,2248,1400-8-26,2021-11-17
141,وگستر,گسترش سرمايه گذاري ايرانيان,1262,7285366,52275505790,7325,7297,7090,-235,-3.21,7175,-150,-2.05,7011,7480,1400-8-26,2021-11-17
142,توريل,توكاريل,1245,5831533,70653640004,11724,12290,11821,97,0.83,12116,392,3.34,11791,12310,1400-8-26,2021-11-17
143,ختوقا,قطعات‌ اتومبيل‌ ايران‌,1239,29829562,71623051457,2298,2300,2412,114,4.96,2401,103,4.48,2300,2412,1400-8-26,2021-11-17
144,وثوق,سرمايه گذاري وثوق امين,1233,4983143,52717385546,10567,10884,10410,-157,-1.49,10579,12,0.11,10250,10884,1400-8-26,2021-11-17
145,هاي وب,داده گسترعصرنوين-هاي وب,1232,17551365,159852255310,8730,9000,9160,430,4.93,9110,380,4.35,8860,9160,1400-8-26,2021-11-17
146,كمرجان,بازرگاني و توليدي مرجان كار,1230,828401,44476764842,52811,53050,52750,-61,-0.12,53690,879,1.66,52100,55000,1400-8-26,2021-11-17
147,شبصير,توليدات پتروشيمي قائد بصير,1224,622060,73122727966,118373,119900,116110,-2263,-1.91,117549,-824,-0.7,116110,119900,1400-8-26,2021-11-17
148,تاپيكو,س. نفت و گاز و پتروشيمي تأمين,1223,7983677,114011144980,14370,14120,14000,-370,-2.57,14280,-90,-0.63,13980,14540,1400-8-26,2021-11-17
149,بفجر,فجر انرژي خليج فارس,1211,5986203,68569657810,11960,11370,11370,-590,-4.93,11570,-390,-3.26,11370,11940,1400-8-26,2021-11-17
150,خزر,فنرسازي‌زر,1209,6483854,76928178920,11320,11600,11880,560,4.95,11860,540,4.77,11500,11880,1400-8-26,2021-11-17
151,شسپا,نفت سپاهان,1196,20755271,76015450510,3648,3605,3640,-8,-0.22,3661,13,0.36,3605,3720,1400-8-26,2021-11-17
152,رانفور,خدمات‌انفورماتيك‌,1194,11995874,50793413506,4247,4200,4181,-66,-1.55,4236,-11,-0.26,4152,4380,1400-8-26,2021-11-17
153,هماي,صندوق س هماي آگاه-ثابت,1187,35432977,359713400282,10145,10151,10152,7,0.07,10152,7,0.07,10150,10152,1400-8-26,2021-11-17
154,وهنر,گروه توسعه هنر ايران,1183,13013024,43665913380,3448,3360,3346,-102,-2.96,3356,-92,-2.67,3345,3440,1400-8-26,2021-11-17
155,وساپا,سرمايه‌گذاري‌ سايپا,1170,15512138,75609827274,4728,4600,4930,202,4.27,4874,146,3.09,4600,4950,1400-8-26,2021-11-17
156,سصفها,سيمان‌اصفهان‌,1164,1689076,59107181610,36760,34960,34930,-1830,-4.98,34990,-1770,-4.82,34930,36300,1400-8-26,2021-11-17
157,ثعتما,س. ساختماني اعتماد گستر,1145,3786042,122606948666,32606,31628,32850,244,0.75,32384,-222,-0.68,31628,33500,1400-8-26,2021-11-17
158,ثفارس,عمران‌وتوسعه‌فارس‌,1130,5720857,46191109730,8110,7960,8000,-110,-1.36,8070,-40,-0.49,7900,8300,1400-8-26,2021-11-17
159,تسه0007,امتيازتسهيلات مسكن مهر1400,1128,22647,18575198811,809441,830000,830000,20559,2.54,820206,10765,1.33,805001,830000,1400-8-26,2021-11-17
160,تملت,تامين سرمايه بانك ملت,1124,6955663,25399878074,3598,3605,3740,142,3.95,3652,54,1.5,3560,3777,1400-8-26,2021-11-17
161,گكوثر,هتل پارسيان كوثر اصفهان,1122,22357267,48510589564,2081,2150,2135,54,2.59,2170,89,4.28,2132,2185,1400-8-26,2021-11-17
162,ثنوسا,نوسازي‌وساختمان‌تهران‌,1119,9885139,54405070540,5490,5540,5480,-10,-0.18,5500,10,0.18,5390,5630,1400-8-26,2021-11-17
163,تسه0006,امتيازتسهيلات مسكن شهريور1400,1118,32174,26254822879,804705,805555,830000,25295,3.14,816026,11321,1.41,805000,830000,1400-8-26,2021-11-17
164,حفاري,حفاري شمال,1110,8626438,37236367500,4315,4330,4315,0,0,4317,2,0.05,4263,4418,1400-8-26,2021-11-17
165,بجهرم,توسعه مولد نيروگاهي جهرم,1110,18206968,38597973908,2103,2100,2131,28,1.33,2120,17,0.81,2086,2155,1400-8-26,2021-11-17
166,خرينگ,رينگ‌سازي‌مشهد,1109,2019799,60146952510,28720,29500,30150,1430,4.98,29780,1060,3.69,28730,30150,1400-8-26,2021-11-17
167,رتاپ,تجارت الكترونيك  پارسيان,1093,4977851,32035887840,6460,6590,6390,-70,-1.08,6440,-20,-0.31,6250,6640,1400-8-26,2021-11-17
168,فاراك,ماشين‌ سازي‌ اراك‌,1087,21260073,35035026145,1637,1665,1640,3,0.18,1648,11,0.67,1612,1693,1400-8-26,2021-11-17
169,خلنت,لنت‌ ترمزايران‌,1087,607568,46846989480,75140,72000,78890,3750,4.99,77110,1970,2.62,72000,78890,1400-8-26,2021-11-17
170,ارفع,شركت آهن و فولاد ارفع,1084,2602686,41236952313,15600,15281,15923,323,2.07,15732,132,0.85,15281,16059,1400-8-26,2021-11-17
171,خفنر,فنرسازي‌خاور,1080,4565769,41184379620,8850,8850,8940,90,1.02,9020,170,1.92,8850,9230,1400-8-26,2021-11-17
172,نطرين,عطرين نخ قم,1072,6558567,62809552669,10005,9605,9505,-500,-5,9577,-428,-4.28,9505,10170,1400-8-26,2021-11-17
173,شپديس,پتروشيمي پرديس,1071,830102,156621323340,186480,182110,188990,2510,1.35,188680,2200,1.18,182110,191790,1400-8-26,2021-11-17
174,لسرما,سرما آفرين‌,1065,2614425,52442052020,19600,20290,20580,980,5,20060,460,2.35,19600,20580,1400-8-26,2021-11-17
175,كبافق,معادن‌ بافق‌,1044,1252431,43460518670,34440,34850,34020,-420,-1.22,34700,260,0.75,33500,35800,1400-8-26,2021-11-17
176,حتايد,تايدواترخاورميانه,1042,6459019,36848796690,5780,5850,5660,-120,-2.08,5710,-70,-1.21,5590,5880,1400-8-26,2021-11-17
177,تپمپي,پمپ‌ سازي‌ ايران‌,1039,6260550,105120024630,16470,16470,17290,820,4.98,16790,320,1.94,15900,17290,1400-8-26,2021-11-17
178,فاسمين,كالسيمين‌,1039,4451183,73256884040,16160,16200,16470,310,1.92,16460,300,1.86,16200,16890,1400-8-26,2021-11-17
179,ورنا,سرمايه‌گذاري‌ رنا(هلدينگ‌,1027,22069181,75987886162,3310,3398,3475,165,4.98,3443,133,4.02,3262,3475,1400-8-26,2021-11-17
180,دبالك,مواد اوليه دارويي البرز بالك,1023,6029381,50478346267,8444,8670,8230,-214,-2.53,8372,-72,-0.85,8130,8866,1400-8-26,2021-11-17
181,كلر,كلر پارس,1022,364266,38075052954,105118,108000,103801,-1317,-1.25,104525,-593,-0.56,103000,108000,1400-8-26,2021-11-17
182,وبانك,سرمايه گذاري گروه توسعه ملي,1011,8930518,75363683060,8520,8400,8460,-60,-0.7,8450,-70,-0.82,8350,8570,1400-8-26,2021-11-17
183,ماديرا,صنايع ماديران,995,5663922,37231804465,6539,6480,6588,49,0.75,6574,35,0.54,6480,6780,1400-8-26,2021-11-17
184,غديس,پاكديس,984,3700291,42413610391,11740,11880,11385,-355,-3.02,11462,-278,-2.37,11210,11930,1400-8-26,2021-11-17
185,وهور,مديريت انرژي اميد  تابان هور,981,25946669,42101830276,1593,1635,1645,52,3.26,1622,29,1.82,1560,1650,1400-8-26,2021-11-17
186,ولغدر,ليزينگ‌خودروغدير,979,4270520,51710296690,12560,11960,12110,-450,-3.58,12110,-450,-3.58,11940,12560,1400-8-26,2021-11-17
187,وتوصا,گروه س توسعه صنعتي ايران,976,4583937,48625145610,10430,10250,10720,290,2.78,10610,180,1.73,10250,10750,1400-8-26,2021-11-17
188,كتوكا,توليدي و خدمات صنايع نسوز توكا,974,3317057,43274900475,12991,12890,12800,-191,-1.47,13046,55,0.42,12700,13310,1400-8-26,2021-11-17
189,كچاد,معدني‌وصنعتي‌چادرملو,964,3242274,95667122530,29640,30200,29630,-10,-0.03,29530,-110,-0.37,29270,30200,1400-8-26,2021-11-17
190,ولساپا,ليزينگ رايان‌ سايپا,957,24033108,65166232815,2622,2668,2681,59,2.25,2712,90,3.43,2631,2753,1400-8-26,2021-11-17
191,غويتا,ويتانا,955,11827522,85583936603,6903,7235,7093,190,2.75,7236,333,4.82,7000,7248,1400-8-26,2021-11-17
192,بايكا,كارخانجات كابلسازي ‌ايران‌,941,2250647,45482197916,19537,20513,19805,268,1.37,20208,671,3.43,19531,20513,1400-8-26,2021-11-17
193,دسانكو,داروسازي سبحان انكولوژي,941,4019987,48279408153,11553,11240,12130,577,4.99,12010,457,3.96,11240,12130,1400-8-26,2021-11-17
194,شلرد,كود شيميايي اوره لردگان,936,23886846,287835858833,11700,12044,12051,351,3,12050,350,2.99,11900,12051,1400-8-26,2021-11-17
195,شخارك,پتروشيمي‌ خارك‌,936,1331706,71709131990,55340,55900,53330,-2010,-3.63,54230,-1110,-2.01,52600,56000,1400-8-26,2021-11-17
196,كترام,توليدي‌ كاشي‌ تكسرام‌,936,2046096,47396807930,23530,22600,22750,-780,-3.31,23160,-370,-1.57,22500,23800,1400-8-26,2021-11-17
197,ونوين,بانك‌اقتصادنوين‌,934,16722485,55696296108,3262,3230,3335,73,2.24,3331,69,2.12,3230,3385,1400-8-26,2021-11-17
198,هرمز,فولاد هرمزگان جنوب,922,3190327,53901558364,17107,17249,16750,-357,-2.09,17007,-100,-0.58,16702,17300,1400-8-26,2021-11-17
199,غگلستا,شير پاستوريزه پگاه گلستان,920,3574817,41701484615,12163,11580,11555,-608,-5,11665,-498,-4.09,11555,12100,1400-8-26,2021-11-17
200,زقيام,كشت و دام قيام اصفهان,915,21191688,34973882152,1645,1670,1641,-4,-0.24,1650,5,0.3,1582,1697,1400-8-26,2021-11-17
201,تابا,تابان نيرو سپاهان,912,1214546,35007564818,28269,28269,28451,182,0.64,28824,555,1.96,27900,29116,1400-8-26,2021-11-17
202,فنورد,نوردوقطعات‌ فولادي‌,907,548086,108083528810,206310,203580,198680,-7630,-3.7,197200,-9110,-4.42,196000,208400,1400-8-26,2021-11-17
203,ارزش,صندوق س ارزش آفرين بيدار-سهام,905,5756698,55147040210,9560,9650,9520,-40,-0.42,9580,20,0.21,9470,9800,1400-8-26,2021-11-17
204,تكشا,گسترش‌صنايع‌وخدمات‌كشاورزي‌,895,1683721,61020837670,36130,34330,36900,770,2.13,36240,110,0.3,34330,37150,1400-8-26,2021-11-17
205,كفپارس,فرآورده‌هاي‌ نسوز پارس‌,892,8967037,33466436235,3667,3700,3738,71,1.94,3732,65,1.77,3559,3800,1400-8-26,2021-11-17
206,غسالم,سالمين‌,887,18036180,58618413950,3115,3020,3270,155,4.98,3250,135,4.33,3020,3270,1400-8-26,2021-11-17
207,كگل,معدني و صنعتي گل گهر,884,9986860,240109883240,24030,24240,24040,10,0.04,24040,10,0.04,23970,24240,1400-8-26,2021-11-17
208,وليز,ليزينگ‌ايران‌,883,36266874,98596490647,2738,2874,2602,-136,-4.97,2719,-19,-0.69,2602,2874,1400-8-26,2021-11-17
209,پتاير,ايران‌ تاير,878,13069454,27100298146,2054,2070,2080,26,1.27,2074,20,0.97,2050,2110,1400-8-26,2021-11-17
210,بشهاب,لامپ‌  پارس‌ شهاب‌,875,427437,60919945080,139510,146000,142960,3450,2.47,142520,3010,2.16,140000,146000,1400-8-26,2021-11-17
211,سبهان,سيمان‌ بهبهان‌,870,832394,44098208730,55330,53550,52570,-2760,-4.99,52980,-2350,-4.25,52570,55000,1400-8-26,2021-11-17
212,كرازي,كارخانجات‌توليدي‌شيشه‌رازي‌,869,23437283,30118160821,1267,1272,1290,23,1.82,1285,18,1.42,1241,1305,1400-8-26,2021-11-17
213,خشرق,الكتريك‌ خودرو شرق‌,868,4191045,60307466940,13820,13690,14510,690,4.99,14390,570,4.12,13520,14510,1400-8-26,2021-11-17
214,وكار,بانك‌ كارآفرين‌,867,15663093,49051818102,3127,3150,3067,-60,-1.92,3132,5,0.16,3067,3157,1400-8-26,2021-11-17
215,شاوان,پالايش نفت لاوان,865,595007,85047630367,140062,143560,143000,2938,2.1,142936,2874,2.05,140001,144990,1400-8-26,2021-11-17
216,زكشت,كشاورزي مكانيزه اصفهان كشت,865,2086122,54750290424,25109,25950,26364,1255,5,26245,1136,4.52,25300,26364,1400-8-26,2021-11-17
217,غالبر,لبنيات‌ كالبر,849,4266491,54790057280,12270,12600,12880,610,4.97,12840,570,4.65,12420,12880,1400-8-26,2021-11-17
218,اخابر,مخابرات ايران,844,6929374,52910381570,7610,7400,7610,0,0,7620,10,0.13,7400,7800,1400-8-26,2021-11-17
219,سامان,بانك سامان,844,24008920,177032275803,7367,7390,7339,-28,-0.38,7374,7,0.1,7251,7560,1400-8-26,2021-11-17
220,بهپاك,صنعتي بهپاك,841,14213931,85527241608,5735,5740,6021,286,4.99,6017,282,4.92,5740,6021,1400-8-26,2021-11-17
221,چكارن,كارتن‌ ايران‌,840,16000318,46651626841,2781,2870,2920,139,5,2916,135,4.85,2841,2920,1400-8-26,2021-11-17
222,تسه0004,امتيازتسهيلات مسكن تير1400,831,51525,41908677006,805618,791000,821000,15382,1.91,813366,7748,0.96,791000,824999,1400-8-26,2021-11-17
223,وملل,اعتباري ملل,825,7172011,71466936775,10200,10001,9740,-460,-4.51,9965,-235,-2.3,9722,10400,1400-8-26,2021-11-17
224,دتوليد,داروسازي توليد دارو,815,2792279,26446861774,9207,9000,9480,273,2.97,9471,264,2.87,9000,9599,1400-8-26,2021-11-17
225,فروس,فروسيليس‌ ايران‌,813,7935353,56481117080,7160,7440,7290,130,1.82,7120,-40,-0.56,6970,7440,1400-8-26,2021-11-17
226,ونيرو,سرمايه‌گذاري‌نيرو,813,18403251,42277163598,2303,2300,2330,27,1.17,2297,-6,-0.26,2269,2351,1400-8-26,2021-11-17
227,فلوله,لوله‌وماشين‌سازي‌ايران‌,802,28246345,31525607890,1068,1121,1121,53,4.96,1116,48,4.49,1077,1121,1400-8-26,2021-11-17
228,زكوثر,سرمايه گذاري كشاورزي كوثر,796,1310071,22851545060,17220,17250,17250,30,0.17,17440,220,1.28,17120,17820,1400-8-26,2021-11-17
229,بكام,كارخانجات توليدي شهيد قندي,781,10601728,20180727596,1851,1833,1913,62,3.35,1904,53,2.86,1833,1927,1400-8-26,2021-11-17
230,شفارا,پتروشيمي فارابي,781,7257166,67109465053,9014,9268,9259,245,2.72,9247,233,2.58,8987,9284,1400-8-26,2021-11-17
231,وجامي,سرمايه گذاري جامي,779,6168313,49485706255,8432,8011,8011,-421,-4.99,8023,-409,-4.85,8011,8189,1400-8-26,2021-11-17
232,فرآور,فرآوري‌موادمعدني‌ايران‌,778,1478241,43757195630,29580,29950,29840,260,0.88,29600,20,0.07,28960,30500,1400-8-26,2021-11-17
233,پارسان,گسترش نفت و گاز پارسيان,776,2733459,91082990690,33590,34550,33000,-590,-1.76,33380,-210,-0.63,32800,34550,1400-8-26,2021-11-17
234,چفيبر,فيبر ايران‌,774,6707975,46986808670,6740,7000,7020,280,4.15,7000,260,3.86,6750,7070,1400-8-26,2021-11-17
235,ضجار1022,اختيارخ وتجارت-2000-1400/10/15,774,32550,6497444000,210,220,190,-20,-9.52,200,-10,-4.76,184,238,1400-8-26,2021-11-17
236,غشصفا,شيرپاستوريزه‌پگاه‌اصفهان‌,764,1897064,62843944680,34710,33270,32980,-1730,-4.98,33130,-1580,-4.55,32980,34950,1400-8-26,2021-11-17
237,دانا,بيمه دانا,759,8811732,39354467642,4278,4385,4491,213,4.98,4466,188,4.39,4315,4491,1400-8-26,2021-11-17
238,تاصيكو,سرمايه گذاري صدرتامين,752,6873692,62069116670,9150,8950,9020,-130,-1.42,9080,-70,-0.77,8940,9200,1400-8-26,2021-11-17
239,وسديد,گروه ‌صنعتي‌سديد,748,14179326,16839839421,1155,1186,1189,34,2.94,1188,33,2.86,1170,1189,1400-8-26,2021-11-17
240,انرژي3,سايراشخاص بورس انرژي,746,1452758,148094150520,97090,101940,101940,4850,5,101940,4850,5,101940,101940,1400-8-26,2021-11-17
241,حتوكا,حمل‌ونقل‌توكا,745,3009244,40284561710,13790,13950,13180,-610,-4.42,13390,-400,-2.9,13110,14080,1400-8-26,2021-11-17
242,ثرود,سرمايه‌گذاري مسكن زاينده رود,744,3272507,25096704915,7616,7452,7700,84,1.1,7669,53,0.7,7452,7898,1400-8-26,2021-11-17
243,شكام,صنايع شيميايي كيمياگران امروز,735,1671484,54565818580,32396,33800,32666,270,0.83,32645,249,0.77,31783,33880,1400-8-26,2021-11-17
244,خراسان,پتروشيمي خراسان,734,574687,71431581080,121580,121580,125000,3420,2.81,123760,2180,1.79,119980,126730,1400-8-26,2021-11-17
245,بموتو,موتوژن‌,731,1821441,140238521680,73360,77020,77020,3660,4.99,76990,3630,4.95,76000,77020,1400-8-26,2021-11-17
246,اطلس,صندوق س.توسعه اندوخته آينده-س,730,167629,41882919507,249468,251894,249000,-468,-0.19,249855,387,0.16,248013,252001,1400-8-26,2021-11-17
247,وملي,گروه‌ صنعتي‌ ملي‌ (هلدينگ‌,729,476362,77740505180,155550,160000,163320,7770,5,163200,7650,4.92,160000,163320,1400-8-26,2021-11-17
248,غشهداب,كشت و صنعت شهداب ناب خراسان,727,7577065,21166583524,2720,2760,2770,50,1.84,2794,74,2.72,2680,2828,1400-8-26,2021-11-17
249,اعتلاح,ح سرمايه گذاري اعتلاء البرز,725,6508674,14857662814,2283,2280,2271,-12,-0.53,2283,0,0,2181,2329,1400-8-26,2021-11-17
250,وكادو,تكادو,721,1771118,27975723803,15913,16380,16360,447,2.81,15796,-117,-0.74,15436,16380,1400-8-26,2021-11-17
251,شفارس,صنايع‌ شيميايي‌ فارس‌,720,14913109,17829932540,1172,1190,1205,33,2.82,1196,24,2.05,1181,1219,1400-8-26,2021-11-17
252,فجر,فولاد اميركبيركاشان,719,1382834,34122013600,24400,24760,24590,190,0.78,24680,280,1.15,24400,25130,1400-8-26,2021-11-17
253,شجم,صنايع پتروشيمي تخت جمشيد,718,5489646,77464631623,13628,14020,14300,672,4.93,14111,483,3.54,13850,14309,1400-8-26,2021-11-17
254,سيمرغ,سيمرغ,710,3739220,92060452610,23500,23530,24670,1170,4.98,24620,1120,4.77,23530,24670,1400-8-26,2021-11-17
255,فزرين,زرين معدن آسيا,708,2863064,38376091059,13441,13680,13492,51,0.38,13404,-37,-0.28,13252,13680,1400-8-26,2021-11-17
256,فمراد,آلومراد,702,1648966,27963748280,16830,17540,16540,-290,-1.72,16960,130,0.77,16500,17540,1400-8-26,2021-11-17
257,چدن,توليدي چدن سازان,697,9272628,26489071776,2796,2871,2859,63,2.25,2857,61,2.18,2832,2890,1400-8-26,2021-11-17
258,پلاستح,ح.كارخانجات توليدي پلاستيران,693,6803702,48573197816,1000,7268,7050,6050,605,7139,6139,613.9,7050,7486,1400-8-26,2021-11-17
259,غپينو,پارس‌ مينو,687,6231836,21430697873,3411,3433,3445,34,1,3439,28,0.82,3350,3500,1400-8-26,2021-11-17
260,وپست,پست بانك ايران,684,2266385,45529679530,20130,19860,20200,70,0.35,20090,-40,-0.2,19800,20470,1400-8-26,2021-11-17
261,ومعلم,بيمه معلم,684,7484825,18108692363,2483,2425,2437,-46,-1.85,2419,-64,-2.58,2380,2516,1400-8-26,2021-11-17
262,قرن,پديده شيمي قرن,671,897494,22270257160,24440,25160,24980,540,2.21,24810,370,1.51,24200,25160,1400-8-26,2021-11-17
263,سباقر,سيمان باقران,671,2025277,30456871781,15270,15270,14812,-458,-3,15038,-232,-1.52,14812,15720,1400-8-26,2021-11-17
264,شيران,س. صنايع‌شيميايي‌ايران,668,1531283,34708619620,22820,22830,22700,-120,-0.53,22760,-60,-0.26,22430,22980,1400-8-26,2021-11-17
265,تليسه,دامداري تليسه نمونه,665,8104629,19289304395,2314,2331,2399,85,3.67,2380,66,2.85,2260,2420,1400-8-26,2021-11-17
266,فالوم,آلومتك‌,663,2071072,51865434306,23936,24654,25132,1196,5,25043,1107,4.62,24400,25132,1400-8-26,2021-11-17
267,غچين,كشت‌ و صنعت‌ چين‌ چين,661,3697261,48191622100,13230,12570,13290,60,0.45,13030,-200,-1.51,12570,13500,1400-8-26,2021-11-17
268,سمگا,گروه سرمايه گذاري ميراث فرهنگي,660,28902507,375125638353,12361,12979,12979,618,5,12979,618,5,12979,12979,1400-8-26,2021-11-17
269,سرچشمه,سرمايه گذاري مس سرچشمه,658,7847681,47783359335,5899,5801,6191,292,4.95,6089,190,3.22,5801,6193,1400-8-26,2021-11-17
270,حفارس,حمل و نقل بين المللي خليج فارس,656,7962756,31533344191,4022,3925,3861,-161,-4,3960,-62,-1.54,3850,4070,1400-8-26,2021-11-17
271,دجابر,داروسازي‌ جابرابن‌حيان‌,652,2198902,28367083040,12930,12330,13340,410,3.17,12900,-30,-0.23,12330,13450,1400-8-26,2021-11-17
272,ونيكي,سرمايه‌گذاري‌ ملي‌ايران‌,650,2644238,26935406530,10280,10030,10180,-100,-0.97,10240,-40,-0.39,10000,10390,1400-8-26,2021-11-17
273,حآفرين,ريل پرداز نو آفرين,650,6856831,40822586608,6013,6000,5885,-128,-2.13,5954,-59,-0.98,5740,6250,1400-8-26,2021-11-17
274,آريان,سرمايه گذاري پارس آريان,648,8930947,160590958277,17966,17602,18060,94,0.52,17981,15,0.08,17602,18270,1400-8-26,2021-11-17
275,كساوه,صنايع‌ كاشي‌ و سراميك‌ سينا,647,1037083,47317718820,45800,45830,44010,-1790,-3.91,45630,-170,-0.37,44000,47980,1400-8-26,2021-11-17
276,شكلر,نيروكلر,646,1506995,50101362970,31750,33250,33330,1580,4.98,33250,1500,4.72,31960,33330,1400-8-26,2021-11-17
277,اوان,مبين وان كيش,644,911181,21980889433,24232,25435,24005,-227,-0.94,24124,-108,-0.45,23267,25435,1400-8-26,2021-11-17
278,دروز,داروسازي‌ روزدارو,642,2412464,71402102280,30940,29600,29400,-1540,-4.98,29600,-1340,-4.33,29400,30800,1400-8-26,2021-11-17
279,ختراك,ريخته‌گري‌ تراكتورسازي‌ ايران‌,641,3135076,20994091700,6660,6700,6810,150,2.25,6700,40,0.6,6400,6900,1400-8-26,2021-11-17
280,فنفت,صنايع تجهيزات نفت,640,2092398,25958970452,12678,12299,12298,-380,-3,12406,-272,-2.15,12298,12650,1400-8-26,2021-11-17
281,شيراز,پتروشيمي‌شيراز,638,695379,60203848670,87280,85000,86700,-580,-0.66,86860,-420,-0.48,84510,88380,1400-8-26,2021-11-17
282,ياقوت,صندوق س ياقوت آگاه-ثابت,633,6638803,90208467156,13591,13607,13598,7,0.05,13588,-3,-0.02,13584,13607,1400-8-26,2021-11-17
283,شدوص,دوده‌ صنعتي‌ پارس‌,632,2052498,43252890920,21070,21000,21220,150,0.71,21070,0,0,20860,21440,1400-8-26,2021-11-17
284,حريل,ريل پردازسير,626,5934086,18299382434,3070,3087,3070,0,0,3084,14,0.46,3045,3141,1400-8-26,2021-11-17
285,قچار,فراوردههاي غذايي وقند چهارمحال,621,6128558,63024400700,10065,10067,10240,175,1.74,10284,219,2.18,10067,10375,1400-8-26,2021-11-17
286,سفار,سيمان‌فارس‌,620,325348,19770020360,62880,63000,59740,-3140,-4.99,60770,-2110,-3.36,59740,65700,1400-8-26,2021-11-17
287,سفارس,سيمان فارس و خوزستان,616,1748299,30239400920,17350,17120,17220,-130,-0.75,17310,-40,-0.23,17100,17850,1400-8-26,2021-11-17
288,فسپا,گروه‌صنعتي‌سپاهان‌,612,2815102,47851574980,17010,16950,17090,80,0.47,17000,-10,-0.06,16750,17430,1400-8-26,2021-11-17
289,غگرجي,بيسكويت‌  گرجي‌,609,7702271,18556322792,2318,2400,2419,101,4.36,2409,91,3.93,2363,2430,1400-8-26,2021-11-17
290,وپترو,سرمايه‌گذاري صنايع پتروشيمي‌,608,2283767,28840192480,12560,12790,12560,0,0,12630,70,0.56,12140,12900,1400-8-26,2021-11-17
291,تبرك,گروه كارخانجات صنعتي تبرك,605,2891154,26139829008,8919,8895,8971,52,0.58,9041,122,1.37,8635,9190,1400-8-26,2021-11-17
292,كيميا,معدني كيمياي زنجان گستران,600,2563558,35228579948,13821,13967,13850,29,0.21,13742,-79,-0.57,13611,13970,1400-8-26,2021-11-17
293,ريشمك,توليد و صادرات ريشمك,599,1080513,34407659554,30503,31690,32028,1525,5,31844,1341,4.4,30678,32028,1400-8-26,2021-11-17
294,كسرام,پارس‌ سرام‌,598,7447785,33367570570,4279,4300,4492,213,4.98,4480,201,4.7,4300,4492,1400-8-26,2021-11-17
295,وسنا,سرمايه گذاري نيروگاهي ايران,596,2179222,26248139655,12521,11895,12007,-514,-4.11,12045,-476,-3.8,11895,12390,1400-8-26,2021-11-17
296,فلامي,لاميران‌,593,1720892,37984875330,21330,20570,22390,1060,4.97,22070,740,3.47,20570,22390,1400-8-26,2021-11-17
297,تسه0005,امتيازتسهيلات مسكن مرداد 1400,591,12063,9838607471,805732,810000,828999,23267,2.89,815602,9870,1.22,800000,829500,1400-8-26,2021-11-17
298,امين يكم2,صندوق درآمد ثابت امين يكم فردا,590,590000000,590000000,10129,1,1,-10128,-99.99,1,-10128,-99.99,1,1,1400-8-26,2021-11-17
299,خاهن,آهنگري‌ تراكتورسازي‌ ايران‌,581,4244322,22139722660,5210,5210,5190,-20,-0.38,5210,0,0,5180,5300,1400-8-26,2021-11-17
300,كگهر,سنگ آهن گهرزمين,579,2428380,117566782054,48410,48410,48420,10,0.02,48414,4,0.01,48000,48699,1400-8-26,2021-11-17
301,قجام,فرآوردههاي غذايي وقندتربت‌جام‌,575,5818280,40986154027,7009,6869,7148,139,1.98,7044,35,0.5,6869,7149,1400-8-26,2021-11-17
302,حپترو,حمل و نقل پتروشيمي( سهامي عام,575,1037056,25882865040,25850,24820,24560,-1290,-4.99,24960,-890,-3.44,24560,26470,1400-8-26,2021-11-17
303,غپاك,لبنيات‌ پاك‌,573,2047597,26444326690,13080,13600,12810,-270,-2.06,12910,-170,-1.3,12440,13600,1400-8-26,2021-11-17
304,كمينا,شيشه سازي مينا,572,1704493,18962862744,10863,11175,11188,325,2.99,11125,262,2.41,10620,11188,1400-8-26,2021-11-17
305,بسويچ,پارس‌سويچ‌,572,710346,12681283970,17730,18200,18040,310,1.75,17820,90,0.51,17280,18590,1400-8-26,2021-11-17
306,ساوه,سيمان ساوه,571,108451,5078568260,46180,46250,46605,425,0.92,46409,229,0.5,46250,47958,1400-8-26,2021-11-17
307,خوساز,محورسازان‌ايران‌خودرو,568,7315989,55745431090,7290,7600,7650,360,4.94,7620,330,4.53,7290,7650,1400-8-26,2021-11-17
308,وساغربي,شركت س استان آذربايجان غربي,565,34404250,16582051366,479,470,480,1,0.21,481,2,0.42,470,497,1400-8-26,2021-11-17
309,تپولا,مهندسي مرآت پولاد,565,1264550,22071392311,16774,17612,17590,816,4.86,17454,680,4.05,16800,17612,1400-8-26,2021-11-17
310,دشيري,شيرين دارو,564,170885,22423300666,137139,130283,130283,-6856,-5,131219,-5920,-4.32,130283,137200,1400-8-26,2021-11-17
311,همراه,شركت ارتباطات سيار ايران,560,2260998,18684239730,8390,8260,8290,-100,-1.19,8370,-20,-0.24,8200,8390,1400-8-26,2021-11-17
312,پارند2,صندوق س. پارند پايدار سپهر,558,55800000,55800000,10057,1,1,-10056,-99.99,1,-10056,-99.99,1,1,1400-8-26,2021-11-17
313,زعف0110پ10,زعفران0110نگين طلاي سرخ(پ),557,507828,157746959839,302299,319989,321912,19613,6.49,310631,8332,2.76,310000,321912,1400-8-26,2021-11-17
314,دلقما,دارويي‌ لقمان‌,555,791378,20723287280,25960,26000,26000,40,0.15,26190,230,0.89,25520,26500,1400-8-26,2021-11-17
315,بفجرح,ح . فجر انرژي خليج فارس,553,2058528,18178276230,8690,8800,8910,220,2.53,8830,140,1.61,8200,9050,1400-8-26,2021-11-17
316,كگاز,شيشه‌ و گاز,552,3219374,57078280130,16950,16910,17790,840,4.96,17730,780,4.6,16910,17790,1400-8-26,2021-11-17
317,دتوزيع,توزيع دارو پخش,551,916510,26277915190,28082,28000,28874,792,2.82,28672,590,2.1,28000,29200,1400-8-26,2021-11-17
318,قاسم,قاسم ايران,551,5843874,20205059891,3448,3493,3480,32,0.93,3457,9,0.26,3375,3500,1400-8-26,2021-11-17
319,ساربيل,سيمان آرتا اردبيل,549,730458,20691017760,28200,29400,27410,-790,-2.8,28330,130,0.46,26810,29500,1400-8-26,2021-11-17
320,خكاوه,سايپا ديزل,547,8380660,31816937834,3713,3695,3780,67,1.8,3796,83,2.24,3650,3824,1400-8-26,2021-11-17
321,مدير,ص.س.مديريت ثروت ص.بازنشستگي-س,547,1638022,16421245989,9995,10000,9944,-51,-0.51,10025,30,0.3,9900,10154,1400-8-26,2021-11-17
322,اعتلا,شركت سرمايه گذاري اعتلاء البرز,546,4231233,17970752509,4080,4180,4284,204,5,4247,167,4.09,4055,4284,1400-8-26,2021-11-17
323,پارس,پتروشيمي پارس,545,211139,40106020370,190870,189820,188900,-1970,-1.03,190500,-370,-0.19,188600,194000,1400-8-26,2021-11-17
324,فايرا,آلومينيوم‌ايران‌,545,1342188,22427635300,16960,17000,16710,-250,-1.47,16870,-90,-0.53,16450,17080,1400-8-26,2021-11-17
325,پلاسك,پلاسكوكار,539,3677769,18084373741,4920,5100,4800,-120,-2.44,4917,-3,-0.06,4760,5100,1400-8-26,2021-11-17
326,حشكوه,دليجان طلايي شكوه پارس,539,13791272,51748695681,3650,3710,3680,30,0.82,3752,102,2.79,3603,3759,1400-8-26,2021-11-17
327,مفاخر,توسعه فناوري اطلاعات خوارزمي,537,673111,19557923334,29105,29890,29001,-104,-0.36,29056,-49,-0.17,28200,30399,1400-8-26,2021-11-17
328,شوينده,مديريت صنعت شوينده ت.ص.بهشهر,537,1431309,30396937460,21420,21920,20980,-440,-2.05,21240,-180,-0.84,20750,21930,1400-8-26,2021-11-17
329,خموتورح,ح . موتورسازان‌تراكتورسازي‌,528,3536355,16191765200,4520,4380,4540,20,0.44,4580,60,1.33,4380,4750,1400-8-26,2021-11-17
330,ودي,بيمه  دي,523,5666668,31163552529,5415,5559,5496,81,1.5,5499,84,1.55,5390,5559,1400-8-26,2021-11-17
331,بالبر,كابل‌ البرز,518,944055,21649618930,23140,22520,22610,-530,-2.29,22930,-210,-0.91,22510,23550,1400-8-26,2021-11-17
332,وپسا,س. پتروشيمي ساختمان  خليج فارس,513,12712564,22520685176,1795,1781,1778,-17,-0.95,1772,-23,-1.28,1742,1839,1400-8-26,2021-11-17
333,خكرمان,گروه اقتصادي كرمان خودرو,512,8356813,23378117789,2735,2675,2798,63,2.3,2797,62,2.27,2675,2817,1400-8-26,2021-11-17
334,ثتوسا,س.توسعه و عمران استان اردبيل,512,928270,15771620199,17444,16941,16921,-523,-3,16990,-454,-2.6,16921,17250,1400-8-26,2021-11-17
335,ميهن,بيمه ميهن,511,7300663,18028263638,2563,2500,2435,-128,-4.99,2469,-94,-3.67,2435,2540,1400-8-26,2021-11-17
336,ثعمرا,عمران و توسعه شاهد,511,2583318,19811933042,7381,7215,7750,369,5,7669,288,3.9,7215,7750,1400-8-26,2021-11-17
337,فاما,صنعتي‌ آما,506,3218455,63359231550,18770,19190,19700,930,4.95,19690,920,4.9,19190,19700,1400-8-26,2021-11-17
338,پاسا,ايران‌ياساتايرورابر,506,1333849,19002702010,14110,14230,14520,410,2.91,14250,140,0.99,13970,14680,1400-8-26,2021-11-17
339,غمينو,شركت صنايع غذايي مينو شرق,503,6583790,32119162776,4677,4570,4910,233,4.98,4879,202,4.32,4570,4910,1400-8-26,2021-11-17
340,وتوكا,سرمايه‌گذاري‌توكافولاد(هلدينگ,502,4313127,38251984140,8550,8540,8970,420,4.91,8870,320,3.74,8380,8970,1400-8-26,2021-11-17
341,زيتون,صندوق س زيتون نماد پايا- مختلط,501,2575370,25756810370,10001,10001,10004,3,0.03,10001,0,0,10000,10010,1400-8-26,2021-11-17
342,ساروم,سيمان‌اروميه‌,500,807542,32967494580,40510,40810,40090,-420,-1.04,40820,310,0.77,39500,41320,1400-8-26,2021-11-17
343,اميد,تامين سرمايه اميد,498,9753863,70867945350,7320,7210,7250,-70,-0.96,7270,-50,-0.68,7200,7380,1400-8-26,2021-11-17
344,زماهان,مجتمع توليد گوشت مرغ ماهان,495,2104325,15030826830,6901,7230,7189,288,4.17,7143,242,3.51,7000,7230,1400-8-26,2021-11-17
345,قهكمت,قندهكمتان‌,494,3550880,18055210800,5210,5200,5140,-70,-1.34,5080,-130,-2.5,4950,5290,1400-8-26,2021-11-17
346,ولصنم,ليزينگ‌صنعت‌ومعدن‌,494,2798834,13522010983,4703,4887,4849,146,3.1,4814,111,2.36,4752,4928,1400-8-26,2021-11-17
347,وثنو,سرمايه گذاري ساختماني نوين,493,4984411,26590894028,5333,5492,5200,-133,-2.49,5335,2,0.04,5174,5492,1400-8-26,2021-11-17
348,وپاسار,بانك  پاسارگاد,490,11521505,153492117610,13320,13320,13330,10,0.08,13320,0,0,13250,13340,1400-8-26,2021-11-17
349,افق,فروشگاههاي زنجيره اي افق كوروش,485,664385,30719732640,46530,45600,46890,360,0.77,46370,-160,-0.34,45600,47600,1400-8-26,2021-11-17
350,لازما,كارخانه هاي صنعتي آزمايش,482,1134590,35510599773,30401,31312,31313,912,3,31298,897,2.95,30549,31313,1400-8-26,2021-11-17
351,خريخت,صنايع‌ريخته‌گري‌ايران‌,479,5054801,18047917100,3552,3420,3600,48,1.35,3570,18,0.51,3420,3670,1400-8-26,2021-11-17
352,سكارون,سيمان كارون,479,710494,41107752106,56264,57410,57951,1687,3,57858,1594,2.83,56500,57951,1400-8-26,2021-11-17
353,دزهراوي,داروسازي‌زهراوي‌,477,2518236,12932573290,5100,5080,5180,80,1.57,5130,30,0.59,5020,5290,1400-8-26,2021-11-17
354,شلعاب,لعابيران‌,472,2823411,16451413950,5790,5630,5730,-60,-1.04,5830,40,0.69,5630,5960,1400-8-26,2021-11-17
355,ثاباد,توريستي ورفاهي آبادگران ايران,470,918751,45692710600,47380,49740,49740,2360,4.98,49730,2350,4.96,48550,49740,1400-8-26,2021-11-17
356,زفكا,كشت و دامداري فكا,469,2555251,19840829397,7747,7700,7860,113,1.46,7765,18,0.23,7550,7946,1400-8-26,2021-11-17
357,غبهنوش,بهنوش‌ ايران‌,469,1416291,91324290110,61450,63800,64520,3070,5,64480,3030,4.93,63770,64520,1400-8-26,2021-11-17
358,كفرآور,فرآورده هاي سيمان شرق,467,2779889,51444732896,18639,18500,18370,-269,-1.44,18506,-133,-0.71,18080,19198,1400-8-26,2021-11-17
359,غبشهر,صنعتي‌ بهشهر,463,4354434,114527994890,25060,25700,26310,1250,4.99,26300,1240,4.95,25700,26310,1400-8-26,2021-11-17
360,قنيشا,قند  نيشابور,461,257231,10146596520,38790,39730,39220,430,1.11,39260,470,1.21,38800,40640,1400-8-26,2021-11-17
361,اپرداز,آتيه داده پرداز,460,1332277,34657203670,25466,25900,26000,534,2.1,26014,548,2.15,25466,26220,1400-8-26,2021-11-17
362,كنور,توسعه معدني و صنعتي صبانور,460,950283,17758070090,18990,18810,18620,-370,-1.95,18930,-60,-0.32,18520,18970,1400-8-26,2021-11-17
363,حپارسا,توسعه حمل و نقل ريلي پارسيان,459,671274,25874120865,38881,38300,39126,245,0.63,38545,-336,-0.86,36973,39269,1400-8-26,2021-11-17
364,تسه0003,امتيازتسهيلات مسكن خرداد1400,459,8379,6836723736,804586,814000,819000,14414,1.79,815935,11349,1.41,802111,830000,1400-8-26,2021-11-17
365,غفارس,شير پاستوريزه پگاه فارس,458,1691447,11672315575,6749,6700,6951,202,2.99,6873,124,1.84,6585,7049,1400-8-26,2021-11-17
366,غشان,شيرپاستوريزه‌پگاه‌خراسان‌,450,4172587,20023003250,4830,5040,4840,10,0.21,4800,-30,-0.62,4700,5040,1400-8-26,2021-11-17
367,خبازرس,بازرسي مهندسي و صنعتي ايران,448,773743,18955680481,24865,24222,24205,-660,-2.65,24499,-366,-1.47,24200,25196,1400-8-26,2021-11-17
368,وآوا,سرمايه گذاري آوا نوين,448,3207083,10426036186,3238,3180,3177,-61,-1.88,3247,9,0.28,3177,3340,1400-8-26,2021-11-17
369,وسپه,سرمايه‌گذاري‌ سپه‌,445,3774582,31280888100,8320,8200,8250,-70,-0.84,8290,-30,-0.36,8200,8450,1400-8-26,2021-11-17
370,خبنيان,بنيان ديزل,443,38122,6339841088,161461,166304,166304,4843,3,164451,2990,1.85,166304,166304,1400-8-26,2021-11-17
371,دكپسول,توليد ژلاتين كپسول ايران,442,579765,18010470847,31207,31198,31220,13,0.04,31065,-142,-0.46,30760,31960,1400-8-26,2021-11-17
372,تسه9908,امتياز تسهيلات مسكن آبان99,437,9224,7490184721,798648,800003,820000,21352,2.67,812032,13384,1.68,793000,820000,1400-8-26,2021-11-17
373,زدشت,كشت و صنعت دشت خرم دره,434,1297624,18350010066,14115,13671,14122,7,0.05,14141,26,0.18,13671,14490,1400-8-26,2021-11-17
374,كروي,توسعه‌ معادن‌ روي‌ ايران‌,431,1387538,33006242250,23710,23020,23700,-10,-0.04,23790,80,0.34,23020,24200,1400-8-26,2021-11-17
375,فسا,پتروشيمي فسا,425,8886521,10241937715,1169,1135,1140,-29,-2.48,1153,-16,-1.37,1134,1195,1400-8-26,2021-11-17
376,تيپيكو,سرمايه گذاري دارويي تامين,422,1826691,41249621750,22180,21350,22100,-80,-0.36,22350,170,0.77,21350,23190,1400-8-26,2021-11-17
377,سدور,سيمان‌ دورود,420,2937687,19287556870,6330,6400,6640,310,4.9,6570,240,3.79,6170,6640,1400-8-26,2021-11-17
378,تايرا,تراكتورسازي‌ايران‌,417,2153430,49166600830,21960,21740,23050,1090,4.96,22830,870,3.96,21730,23050,1400-8-26,2021-11-17
379,رمپنا,گروه مپنا (سهامي عام),417,1820471,29847386350,16490,16060,16440,-50,-0.3,16470,-20,-0.12,16060,16710,1400-8-26,2021-11-17
380,جم پيلن,پلي پروپيلن جم - جم پيلن,416,229049,26223663760,114380,112610,115700,1320,1.15,114410,30,0.03,112610,115800,1400-8-26,2021-11-17
381,ثباغ,شهر سازي و خانه سازي باغميشه,414,2563951,22575857803,8407,8799,8827,420,5,8805,398,4.73,8367,8827,1400-8-26,2021-11-17
382,كسعدي,كاشي‌ سعدي‌,413,1555456,13938353920,8990,9120,8930,-60,-0.67,8960,-30,-0.33,8800,9250,1400-8-26,2021-11-17
383,پكوير,كوير تاير,411,1878045,13414792220,7030,7000,7250,220,3.13,7130,100,1.42,7000,7300,1400-8-26,2021-11-17
384,فباهنر,مس‌ شهيدباهنر,411,557759,14176330970,25420,25500,25510,90,0.35,25420,0,0,25210,25950,1400-8-26,2021-11-17
385,سغرب,سيمان‌غرب‌,406,1151519,17065777080,14590,14780,14600,10,0.07,14820,230,1.58,14590,15000,1400-8-26,2021-11-17
386,كهمدا,شيشه‌ همدان‌,404,2545390,22761948340,8770,8720,9010,240,2.74,8940,170,1.94,8720,9060,1400-8-26,2021-11-17
387,وحكمت,بيمه حكمت صبا,404,4292091,18462976974,4352,4351,4250,-102,-2.34,4302,-50,-1.15,4222,4475,1400-8-26,2021-11-17
388,فافق,صنايع مس افق كرمان,403,3372792,13290492045,3916,3850,4024,108,2.76,3941,25,0.64,3850,4028,1400-8-26,2021-11-17
389,فنوال,نورد آلومينيوم‌,403,398792,9147747890,22630,23200,22850,220,0.97,22830,200,0.88,22600,23400,1400-8-26,2021-11-17
390,فولاي,صنايع فولاد آلياژي يزد,401,849998,14899823178,17334,17890,17527,193,1.11,17527,193,1.11,17306,17890,1400-8-26,2021-11-17
391,سپر,صندوق س سپر سرمايه بيدار- ثابت,401,11600149,152784543452,13159,13165,13167,8,0.06,13171,12,0.09,13165,13186,1400-8-26,2021-11-17
392,تسه0002,امتيازتسهيلاتمسكن ارديبهشت1400,400,7867,6434048461,802606,788000,819999,17393,2.17,817853,15247,1.9,788000,831000,1400-8-26,2021-11-17
393,شبهرن,نفت‌ بهران‌,400,1778810,21381659940,12090,12000,11990,-100,-0.83,12060,-30,-0.25,11970,12230,1400-8-26,2021-11-17
394,ثجوان,تامين مسكن جوانان,397,1741676,9398622478,5530,5365,5410,-120,-2.17,5398,-132,-2.39,5365,5600,1400-8-26,2021-11-17
395,قشكر,شكرشاهرود,397,4884163,14209154518,2914,2913,2920,6,0.21,2909,-5,-0.17,2861,2999,1400-8-26,2021-11-17
396,آپ,آسان پرداخت پرشين,396,2212727,25601251390,11020,11570,11570,550,4.99,11570,550,4.99,11570,11570,1400-8-26,2021-11-17
397,سپاها,سيمان‌سپاهان‌,394,2326112,20159603720,8680,8930,8810,130,1.5,8670,-10,-0.12,8560,8930,1400-8-26,2021-11-17
398,البرز,بيمه البرز,393,7613797,16398548960,2112,2148,2141,29,1.37,2140,28,1.33,2111,2165,1400-8-26,2021-11-17
399,شنفت,نفت‌ پارس‌,391,2375178,21309768360,8990,8800,8930,-60,-0.67,8980,-10,-0.11,8690,9100,1400-8-26,2021-11-17
400,بكهنوج,توليد برق ماهتاب كهنوج,387,9263593,11123464562,1173,1174,1211,38,3.24,1194,21,1.79,1174,1222,1400-8-26,2021-11-17
401,وتوس,توسعه‌شهري‌توس‌گستر,387,2330389,25381953360,10390,10670,10900,510,4.91,10890,500,4.81,10670,10900,1400-8-26,2021-11-17
402,كپشير,پشم‌شيشه‌ايران‌,387,1086162,13137740140,11910,12000,12200,290,2.43,12080,170,1.43,11960,12260,1400-8-26,2021-11-17
403,آسيا,بيمه آسيا,386,8658946,15075978838,1717,1730,1738,21,1.22,1739,22,1.28,1717,1756,1400-8-26,2021-11-17
404,پلوله,گازلوله‌,386,1062961,31160029156,29884,29910,29314,-570,-1.91,29314,-570,-1.91,28988,30365,1400-8-26,2021-11-17
405,اتكام,بيمه اتكايي امين,386,6285263,25017853779,3948,4022,4030,82,2.08,3980,32,0.81,3801,4049,1400-8-26,2021-11-17
406,خديزل,بهمن  ديزل,383,1681312,87178230203,49731,51440,52217,2486,5,51851,2120,4.26,49743,52217,1400-8-26,2021-11-17
407,سخاش,سيمان‌خاش‌,383,243272,24834999060,97510,99700,102380,4870,4.99,102090,4580,4.7,98410,102380,1400-8-26,2021-11-17
408,رتكو,كنترل‌خوردگي‌تكين‌كو,382,1586753,12826138060,8380,8510,8100,-280,-3.34,8110,-270,-3.22,7970,8510,1400-8-26,2021-11-17
409,ثتران,سرمايه گذاري مسكن تهران,382,4465907,19012094346,4065,4220,4268,203,4.99,4257,192,4.72,4187,4268,1400-8-26,2021-11-17
410,سكه0012پ01,تمام سكه طرح جديد0012رفاه,379,133000,167291559500,1252681,1252101,1264198,11517,0.92,1257831,5150,0.41,1252101,1267400,1400-8-26,2021-11-17
411,دبالكح,ح.مواد اوليه دارويي البرز بالك,378,2630068,15843064441,6081,5810,6000,-81,-1.33,6024,-57,-0.94,5810,6350,1400-8-26,2021-11-17
412,دشيمي,شيمي‌ داروئي‌ داروپخش‌,377,990112,25097704000,24880,25480,25240,360,1.45,25350,470,1.89,24910,26120,1400-8-26,2021-11-17
413,ومشان,س. فني و مهندسي مشانير,376,319741,16035377797,51622,50079,50074,-1548,-3,50151,-1471,-2.85,50074,51790,1400-8-26,2021-11-17
414,وصنا,گروه‌صنايع‌بهشهرايران‌,375,2233790,14610599190,6490,6420,6590,100,1.54,6540,50,0.77,6390,6630,1400-8-26,2021-11-17
415,سپ,پرداخت الكترونيك سامان كيش,371,625369,19069750420,30630,32100,30640,10,0.03,30590,-40,-0.13,29710,32100,1400-8-26,2021-11-17
416,ثپرديس,سرمايه گذاري مسكن پرديس,370,5033210,23273009812,4450,4351,4672,222,4.99,4624,174,3.91,4351,4672,1400-8-26,2021-11-17
417,غاذر,كشت‌وصنعت‌پياذر,369,1435564,50139695940,33310,34000,34970,1660,4.98,34930,1620,4.86,34000,34970,1400-8-26,2021-11-17
418,تسه0001,امتيازتسهيلات مسكن فروردين1400,369,5459,4450129378,802519,805221,829800,27281,3.4,815191,12672,1.58,802519,829800,1400-8-26,2021-11-17
419,وسگيلا,شركت س استان گيلان,368,18777191,9060942015,486,495,485,-1,-0.21,485,-1,-0.21,472,495,1400-8-26,2021-11-17
420,وثخوز,سرمايه گذاري و توسعه خوزستان,363,800362,25089294564,30220,29500,31731,1511,5,31347,1127,3.73,29500,31731,1400-8-26,2021-11-17
421,تسه9912,امتياز تسهيلات مسكن اسفند99,356,6257,5097972548,801417,778997,830000,28583,3.57,814763,13346,1.67,778997,830000,1400-8-26,2021-11-17
422,وسبحان,سرمايه گذاري سبحان,355,10183902,28876053094,2782,2760,2859,77,2.77,2835,53,1.91,2760,2868,1400-8-26,2021-11-17
423,شپاكسا,پاكسان‌,353,1199365,21717551230,18190,18920,17800,-390,-2.14,18110,-80,-0.44,17700,18990,1400-8-26,2021-11-17
424,گنجين2,صندوق س. گنجينه يكم آويد-د,353,35300000,35300000,14150,1,1,-14149,-99.99,1,-14149,-99.99,1,1,1400-8-26,2021-11-17
425,وايرا,سرمايه گذاري صنايع ايران,352,2196966,10754044724,4816,4954,4840,24,0.5,4895,79,1.64,4712,4960,1400-8-26,2021-11-17
426,آكورد,صندوق س. آرمان آتي كوثر-د,350,5006883,176477123534,35227,35245,35252,25,0.07,35247,20,0.06,35245,35252,1400-8-26,2021-11-17
427,لپيام,گسترش صنايع پيام,349,614716,21722751654,34378,35289,35409,1031,3,35338,960,2.79,34501,35409,1400-8-26,2021-11-17
428,سپيدما,صندوق س. سپيد دماوند-د,348,15476644,176218323606,11381,11386,11386,5,0.04,11386,5,0.04,11386,11387,1400-8-26,2021-11-17
429,ستران,سيمان‌ تهران‌,346,926629,18561359540,19920,20800,20200,280,1.41,20030,110,0.55,19250,20800,1400-8-26,2021-11-17
430,وسينا,بانك سينا,346,8740645,19295291172,2192,2280,2227,35,1.6,2205,13,0.59,2171,2280,1400-8-26,2021-11-17
431,ثمسكن,سرمايه‌گذاري‌ مسكن‌,342,6411404,25929341335,4008,3901,4027,19,0.47,4044,36,0.9,3901,4122,1400-8-26,2021-11-17
432,دلر,داروسازي‌ اكسير,340,628464,27932571730,43880,45100,44050,170,0.39,44450,570,1.3,43850,45240,1400-8-26,2021-11-17
433,بميلا,توسعه بازرگاني آهن وفولادميلاد,335,2554934,21442072701,8618,8830,8360,-258,-2.99,8392,-226,-2.62,8360,8830,1400-8-26,2021-11-17
434,كساپا,سايپاشيشه‌,335,1694518,35419348340,19920,20910,20910,990,4.97,20900,980,4.92,20350,20910,1400-8-26,2021-11-17
435,رنيك,جنرال مكانيك,333,903817,11092519460,12226,11970,12201,-25,-0.2,12263,37,0.3,11930,12600,1400-8-26,2021-11-17
436,كهرام,توليدي گرانيت بهسرام,331,363493,33333762072,95525,91704,91704,-3821,-4,91704,-3821,-4,91704,91704,1400-8-26,2021-11-17
437,كمنگنز,معادن‌منگنزايران‌,326,315073,21241785910,66860,64600,68750,1890,2.83,67420,560,0.84,64500,68900,1400-8-26,2021-11-17
438,ثغرب,شركت سرمايه گذاري مسكن شمالغرب,323,3197647,14229565266,4431,4516,4350,-81,-1.83,4448,17,0.38,4334,4587,1400-8-26,2021-11-17
439,سصوفي,سيمان‌ صوفيان‌,320,1465769,22613815480,15360,15840,15380,20,0.13,15430,70,0.46,15220,15840,1400-8-26,2021-11-17
440,قصفها,قنداصفهان‌,320,134361,11755143270,85780,87520,87820,2040,2.38,87150,1370,1.6,85780,89780,1400-8-26,2021-11-17
441,ميدكو,توسعه معادن وص.معدني خاورميانه,316,1989958,92669353160,46620,45360,46560,-60,-0.13,46580,-40,-0.09,45360,46640,1400-8-26,2021-11-17
442,سلار,شركت سيمان لارستان,316,597500,18681427957,30513,31200,31428,915,3,31266,753,2.47,29700,31428,1400-8-26,2021-11-17
443,وخاور,بانك خاورميانه,315,2787221,14466438660,5340,5290,5190,-150,-2.81,5300,-40,-0.75,5110,5300,1400-8-26,2021-11-17
444,خچرخش,چرخشگر,314,2076598,17801393960,8490,8460,8530,40,0.47,8570,80,0.94,8410,8780,1400-8-26,2021-11-17
445,زشريف,كشت وصنعت شريف آباد,313,2566455,8490950323,3296,3224,3311,15,0.46,3303,7,0.21,3224,3367,1400-8-26,2021-11-17
446,تسه9810,امتياز تسهيلات مسكن دي98,313,11804,9542394946,792050,820000,804001,11951,1.51,808403,16353,2.06,791080,820000,1400-8-26,2021-11-17
447,نوين,بيمه نوين,309,3626965,14880010759,4053,4055,4150,97,2.39,4103,50,1.23,4053,4171,1400-8-26,2021-11-17
448,داوه,داروسازي آوه سينا,309,1074067,12338379693,11171,10908,11656,485,4.34,11440,269,2.41,10908,11693,1400-8-26,2021-11-17
449,والبر,سرمايه‌ گذاري‌ البرز(هلدينگ‌,307,2213439,19499316230,8700,8680,8680,-20,-0.23,8770,70,0.8,8530,8950,1400-8-26,2021-11-17
450,ولراز,ليزينگ رازي,306,558695,13199642664,23082,23774,23350,268,1.16,23626,544,2.36,23110,23774,1400-8-26,2021-11-17
451,وسكاب,س.ص.بازنشستگي كاركنان بانكها,305,3283815,10613110380,3187,3151,3204,17,0.53,3218,31,0.97,3151,3269,1400-8-26,2021-11-17
452,فكمند,گسترش قطعه سازي كمند,305,1742623,60360117421,33787,34800,34800,1013,3,34638,851,2.52,33860,34800,1400-8-26,2021-11-17
453,تنوين,تامين سرمايه نوين,303,1799368,10173549160,5620,5710,5620,0,0,5630,10,0.18,5500,5900,1400-8-26,2021-11-17
454,وبشهر,توسعه‌ صنايع‌ بهشهر(هلدينگ,302,1282763,17993815360,14020,14020,14050,30,0.21,14020,0,0,13850,14230,1400-8-26,2021-11-17
455,وشهر,بانك شهر,300,1871076,9044204973,4798,4800,4839,41,0.85,4809,11,0.23,4800,4899,1400-8-26,2021-11-17
456,تسه9910,امتياز تسهيلات مسكن دي99,298,5069,4122744362,798778,795000,808501,9723,1.22,813325,14547,1.82,795000,820000,1400-8-26,2021-11-17
457,نمرينو,ايران‌ مرينوس‌,297,196768,15847419110,76730,80560,80560,3830,4.99,80540,3810,4.97,77920,80560,1400-8-26,2021-11-17
458,كسرا,سراميك‌هاي‌صنعتي‌اردكان‌,297,1342670,21195795590,16010,16360,15570,-440,-2.75,15790,-220,-1.37,15400,16360,1400-8-26,2021-11-17
459,ثشرق,سرمايه گذاري مسكن شمال شرق,296,3560156,15407141949,4272,4326,4175,-97,-2.27,4328,56,1.31,4163,4400,1400-8-26,2021-11-17
460,حسير,ريل سير كوثر,294,1210523,40031995610,34810,33070,33070,-1740,-5,33070,-1740,-5,33070,33070,1400-8-26,2021-11-17
461,وبوعلي,سرمايه‌گذاري‌بوعلي‌,293,2432344,9389199984,3839,3811,3898,59,1.54,3853,14,0.36,3778,3917,1400-8-26,2021-11-17
462,وساشرقي,شركت س استان آذربايجان شرقي,293,13696795,6564421385,483,468,483,0,0,482,-1,-0.21,463,502,1400-8-26,2021-11-17
463,وارس,سرمايه گذاري ارس صبا,293,2111354,23920039391,11637,11316,11548,-89,-0.76,11329,-308,-2.65,11288,11959,1400-8-26,2021-11-17
464,تسه9911,امتياز تسهيلات مسكن بهمن99,292,5369,4368460428,799512,810000,825000,25488,3.19,813645,14133,1.77,788010,825000,1400-8-26,2021-11-17
465,جم,پتروشيمي جم,291,374176,18291217740,48560,47620,49000,440,0.91,48620,60,0.12,47620,49130,1400-8-26,2021-11-17
466,كلوند,كاشي‌ الوند,290,437735,10203513510,22980,23200,23100,120,0.52,23200,220,0.96,23010,23870,1400-8-26,2021-11-17
467,بنو,بيمه تجارت نو,289,1283682,10407404697,8105,8249,8129,24,0.3,8106,1,0.01,8050,8249,1400-8-26,2021-11-17
468,دامين,داروسازي‌ امين‌,289,2751695,7910377843,2831,2860,2894,63,2.23,2854,23,0.81,2812,2920,1400-8-26,2021-11-17
469,واحيا,م .صنايع و معادن احياء سپاهان,288,246255,36722095441,149291,147800,147700,-1591,-1.07,149187,-104,-0.07,147690,149900,1400-8-26,2021-11-17
470,كحافظ,كاشي‌ وسراميك‌ حافظ‌,287,4575736,16908149453,3633,3729,3789,156,4.29,3695,62,1.71,3601,3800,1400-8-26,2021-11-17
471,كاذر,فرآورده‌هاي‌نسوزآذر,287,994118,14119642310,14380,14150,14390,10,0.07,14220,-160,-1.11,14100,14510,1400-8-26,2021-11-17
472,كي بي سي,شركت كي بي سي,287,952855,18160654810,18334,18000,19014,680,3.71,19059,725,3.95,17940,19250,1400-8-26,2021-11-17
473,تكمبا,كمباين‌ سازي‌ ايران‌,281,1402171,6591833448,4743,4550,4787,44,0.93,4724,-19,-0.4,4550,4855,1400-8-26,2021-11-17
474,زبينا,كشاورزي و دامپروري بينالود,280,4914976,11175280870,2173,2200,2281,108,4.97,2251,78,3.59,2200,2281,1400-8-26,2021-11-17
475,فن آوا,گروه فن آوا,273,584113,13554103470,22820,22320,22680,-140,-0.61,23205,385,1.69,22320,23504,1400-8-26,2021-11-17
476,تسه9909,امتياز تسهيلات مسكن آذر99,273,3712,3016242864,800046,780146,820000,19954,2.49,812565,12519,1.56,780146,820000,1400-8-26,2021-11-17
477,خپويش,سازه‌ پويش‌,273,320125,27389051060,85520,86850,85500,-20,-0.02,85560,40,0.05,85500,86850,1400-8-26,2021-11-17
478,شراز,پالايش نفت شيراز,271,468115,55461614173,118408,119000,118408,0,0,118479,71,0.06,116357,123000,1400-8-26,2021-11-17
479,بزاگرس,نيروگاه زاگرس كوثر,270,2033441,7728312347,3802,3680,3820,18,0.47,3801,-1,-0.03,3680,3900,1400-8-26,2021-11-17
480,آبين,كشت و صنعت آبشيرين,266,7536181,14051906887,1826,1830,1880,54,2.96,1865,39,2.14,1790,1880,1400-8-26,2021-11-17
481,سيستم,همكاران سيستم,266,3089947,15534034891,4982,4984,5012,30,0.6,5017,35,0.7,4984,5100,1400-8-26,2021-11-17
482,لخزر,پارس‌ خزر,266,67396,9225207640,134870,136990,137170,2300,1.71,136110,1240,0.92,131500,139930,1400-8-26,2021-11-17
483,شرنگي,شيميايي رنگين,265,161907,25156848757,152336,155985,152196,-140,-0.09,155378,3042,2,152196,156890,1400-8-26,2021-11-17
484,فافزا,فولاد افزا سپاهان,263,262556,10454029065,40720,39650,40220,-500,-1.23,39816,-904,-2.22,39500,40690,1400-8-26,2021-11-17
485,زمگسا,كشاورزي‌ ودامپروي‌ مگسال‌,261,573728,10589571150,17970,17950,18570,600,3.34,18310,340,1.89,17950,18790,1400-8-26,2021-11-17
486,پخش,پخش البرز,261,461106,12595540432,27291,27115,27790,499,1.83,27312,21,0.08,26590,28000,1400-8-26,2021-11-17
487,ونفت,سرمايه‌گذاري‌ صنعت‌ نفت‌,260,966990,14477022000,14980,14800,14980,0,0,14970,-10,-0.07,14730,15250,1400-8-26,2021-11-17
488,عيار,صندوق سكه طلاي مفيد,260,482620,15382481974,31785,32002,31900,115,0.36,31873,88,0.28,31750,32002,1400-8-26,2021-11-17
489,شرانل,نفت ايرانول,260,249798,11933944954,47919,48300,47550,-369,-0.77,47874,-45,-0.09,47220,48300,1400-8-26,2021-11-17
490,گشان,توسعه بين المللي پديده شانديز,256,672074,14055083562,20304,20913,20913,609,3,20913,609,3,20913,20913,1400-8-26,2021-11-17
491,گوهر,صندوق سكه طلاي كيان,256,338684,21283000414,62450,62894,62702,252,0.4,62840,390,0.62,62300,63050,1400-8-26,2021-11-17
492,فولاژ,فولاد آلياژي ايران,255,383187,6236354570,16480,16160,16200,-280,-1.7,16460,-20,-0.12,16100,16600,1400-8-26,2021-11-17
493,مبين,مبين انرژي خليج فارس,255,1877352,45599226320,24500,24460,24240,-260,-1.06,24420,-80,-0.33,24010,24480,1400-8-26,2021-11-17
494,قشهد,شهد,254,450942,7235815850,15680,15990,16050,370,2.36,15850,170,1.08,15820,16450,1400-8-26,2021-11-17
495,سفانو,سيمان فارس نو,253,570971,15545433060,27750,27240,26710,-1040,-3.75,27230,-520,-1.87,26570,28450,1400-8-26,2021-11-17
496,كامياب,صندوق س. كامياب آشنا-د,250,3753472,40871707371,10886,10889,10888,2,0.02,10889,3,0.03,10888,10894,1400-8-26,2021-11-17
497,كاردان,صندوق س تجارت شاخصي كاردان,249,53969,10596727490,194870,196000,195290,420,0.22,196350,1480,0.76,194250,198360,1400-8-26,2021-11-17
498,غپآذر,شير پگاه آذربايجان شرقي,248,211379,7054657139,33358,33500,33580,222,0.67,33365,7,0.02,33000,33952,1400-8-26,2021-11-17
499,فخاس,فولاد خراسان,247,484686,11545018400,24430,23390,23850,-580,-2.37,24360,-70,-0.29,23390,24310,1400-8-26,2021-11-17
500,درهآور,دارويي ره آورد تامين,245,370305,7715165416,20532,21430,21000,468,2.28,20690,158,0.77,20243,21430,1400-8-26,2021-11-17
501,دكوثر,داروسازي‌ كوثر,245,2173785,7036195185,3237,3301,3212,-25,-0.77,3237,0,0,3160,3301,1400-8-26,2021-11-17
502,تسه9907,امتياز تسهيلات مسكن مهر99,244,5048,4110724894,800073,772350,810500,10427,1.3,814327,14254,1.78,772350,829995,1400-8-26,2021-11-17
503,كاريس,صندوق س.سپهر كاريزما-س,244,1193978,15966072061,13334,13590,13370,36,0.27,13372,38,0.28,13201,13590,1400-8-26,2021-11-17
504,ددام,داروسازي زاگرس فارمد پارس,244,674232,7132137040,10710,10520,10460,-250,-2.33,10640,-70,-0.65,10400,11000,1400-8-26,2021-11-17
505,غشاذر,پگاه‌آذربايجان‌غربي‌,243,918336,5229567210,5730,5790,5740,10,0.17,5720,-10,-0.17,5560,5860,1400-8-26,2021-11-17
506,فلات,گروه صنايع معادن فلات ايرانيان,242,613040,7777869233,12964,12650,12800,-164,-1.27,12744,-220,-1.7,12576,12996,1400-8-26,2021-11-17
507,غگلپا,شير پاستوريزه پگاه گلپايگان,241,142711,7145676671,50168,49300,50100,-68,-0.14,50120,-48,-0.1,49255,51580,1400-8-26,2021-11-17
508,كخاك,صنايع‌خاك‌چيني‌ايران‌,241,359732,10439506250,28190,29300,29400,1210,4.29,28690,500,1.77,28040,29460,1400-8-26,2021-11-17
509,شستان,پتروشيمي گلستان,240,3270667,11499696120,3576,3508,3550,-26,-0.73,3516,-60,-1.68,3505,3600,1400-8-26,2021-11-17
510,كشرق,صنعتي و معدني شمال شرق شاهرود,237,281585,21671671001,73841,76999,77533,3692,5,76963,3122,4.23,73756,77533,1400-8-26,2021-11-17
511,زر,صندوق س.پشتوانه سكه طلاي زر,236,177402,9739128120,54651,53700,54999,348,0.64,54899,248,0.45,53700,55230,1400-8-26,2021-11-17
512,پكرمان,گروه‌ صنعتي‌ بارز,235,788936,18291238980,23780,23800,23410,-370,-1.56,23320,-460,-1.93,22920,24000,1400-8-26,2021-11-17
513,شپاس,نفت پاسارگاد,234,338227,6250247611,18360,17501,18136,-224,-1.22,18402,42,0.23,17501,19000,1400-8-26,2021-11-17
514,وبهمن,سرمايه‌گذاري‌بهمن‌,234,3129348,45688334200,14150,13620,14850,700,4.95,14600,450,3.18,13620,14850,1400-8-26,2021-11-17
515,سهرمز,سيمان‌هرمزگان‌,232,264290,3831744000,15020,14620,14620,-400,-2.66,14880,-140,-0.93,14280,14950,1400-8-26,2021-11-17
516,فپنتا,سپنتا,232,16917,7738122030,451160,451160,455800,4640,1.03,454470,3310,0.73,451160,465000,1400-8-26,2021-11-17
517,لابسا,آبسال‌,230,228179,7143660820,31040,32430,31310,270,0.87,31180,140,0.45,31000,32430,1400-8-26,2021-11-17
518,خاتم,صندوق س خاتم ايساتيس پويا-ثابت,230,1912291,23564944952,12313,12324,12322,9,0.07,12323,10,0.08,12322,12324,1400-8-26,2021-11-17
519,وبيمه,سرمايه‌ گذاري‌ صنعت‌ بيمه‌,230,3269875,5109055701,1558,1589,1554,-4,-0.26,1560,2,0.13,1550,1589,1400-8-26,2021-11-17
520,آوا,صندوق س.سهام آواي معيار-س,229,771577,6256729837,8013,8040,8100,87,1.09,8109,96,1.2,8040,8220,1400-8-26,2021-11-17
521,زشگزا,شير و گوشت زاگرس شهركرد,229,1561719,8012456312,5001,4953,5096,95,1.9,5073,72,1.44,4953,5248,1400-8-26,2021-11-17
522,واحصا,احياء صنايع خراسان,227,176523,8614474381,51300,48735,48735,-2565,-5,48951,-2349,-4.58,48735,49800,1400-8-26,2021-11-17
523,غشوكوح,ح . شوكو پارس,226,1216959,6199971396,5245,5199,5088,-157,-2.99,5095,-150,-2.86,5088,5199,1400-8-26,2021-11-17
524,وآرين,شركت توسعه اقتصادي آرين,223,1675670,3489876628,2074,2062,2081,7,0.34,2077,3,0.14,2023,2111,1400-8-26,2021-11-17
525,شپارس,بين‌ المللي‌ محصولات‌  پارس‌,222,904644,7067568180,7790,7630,7860,70,0.9,7800,10,0.13,7630,7950,1400-8-26,2021-11-17
526,كارين,صندوق س نگين سامان-ثابت,221,6928566,70260488779,10135,10140,10143,8,0.08,10141,6,0.06,10140,10143,1400-8-26,2021-11-17
527,تسه9902,امتياز تسهيلات مسكن ارديبهشت99,220,2740,2220481844,796731,775119,807005,10274,1.29,810395,13664,1.72,775119,819000,1400-8-26,2021-11-17
528,ضصاد1111,اختيارخ وبصادر-1600-1400/11/06,220,13011,5670347000,425,450,430,5,1.18,436,11,2.59,430,480,1400-8-26,2021-11-17
529,بساما,بيمه سامان,218,575109,12552584078,21789,21738,21540,-249,-1.14,21815,26,0.12,21470,22380,1400-8-26,2021-11-17
530,پدرخش,درخشان‌ تهران‌,218,791075,16769642790,20200,20840,21210,1010,5,21200,1000,4.95,20840,21210,1400-8-26,2021-11-17
531,سرود,سيمان‌شاهرود,217,619599,14978456790,24290,23390,23910,-380,-1.56,24180,-110,-0.45,23080,24640,1400-8-26,2021-11-17
532,ساينا,صنايع بهداشتي ساينا,217,166556,17534516012,100264,105277,105277,5013,5,105277,5013,5,105277,105277,1400-8-26,2021-11-17
533,خاهنح,ح . آهنگري تراكتورسازي‌ ايران‌,212,1507961,5700498195,3761,3732,3783,22,0.58,3780,19,0.51,3730,3900,1400-8-26,2021-11-17
534,چافست,افست‌,210,530046,4995067050,9250,9110,9330,80,0.86,9310,60,0.65,9110,9700,1400-8-26,2021-11-17
535,الماس,صندوق س.امين تدبيرگران فردا-س,209,80645,8575214143,109506,107610,108501,-1005,-0.92,106333,-3173,-2.9,100363,109600,1400-8-26,2021-11-17
536,وصندوق,سرمايه‌گذاري‌صندوق‌بازنشستگي‌,209,1101516,20991120650,19170,18750,18910,-260,-1.36,19150,-20,-0.1,18750,19190,1400-8-26,2021-11-17
537,فردا,صندوق س آواي فرداي زاگرس-ثابت,208,7650716,90460338588,11819,11823,11824,5,0.04,11824,5,0.04,11823,11824,1400-8-26,2021-11-17
538,فاهواز,نورد و لوله اهواز,207,1716412,10046289137,5865,5784,5900,35,0.6,5856,-9,-0.15,5781,5919,1400-8-26,2021-11-17
539,فوكا,فولاد كاويان,207,8286059,124978627897,14644,15083,15083,439,3,15083,439,3,15083,15083,1400-8-26,2021-11-17
540,بنيرو,نيروترانس‌,206,2670652,5305809743,2004,1950,1951,-53,-2.64,1998,-6,-0.3,1950,2039,1400-8-26,2021-11-17
541,فبيرا,بسته‌ بندي‌ ايران‌,205,4191309,7159600593,1702,1663,1725,23,1.35,1706,4,0.24,1663,1740,1400-8-26,2021-11-17
542,تكنار,مجتمع معادن مس تكنار,202,61326,3271701229,53352,53902,53000,-352,-0.66,53351,-1,0,51752,54952,1400-8-26,2021-11-17
543,نيرو,نيرو سرمايه,202,567023,20937177260,35856,36931,36931,1075,3,36925,1069,2.98,36550,36931,1400-8-26,2021-11-17
544,كقزوي,شيشه‌ قزوين‌,201,2266592,18562090578,8095,8050,8180,85,1.05,8189,94,1.16,8050,8299,1400-8-26,2021-11-17
545,دتماد,توليدمواداوليه‌داروپخش‌,200,245576,11085353000,45020,45500,45590,570,1.27,45110,90,0.2,44000,45830,1400-8-26,2021-11-17
546,سخزر,سيمان‌ خزر,198,285213,5508315360,18900,19500,19200,300,1.59,19050,150,0.79,19050,19700,1400-8-26,2021-11-17
547,غپونه,نوش پونه مشهد,197,961166,12583512248,12854,13000,13125,271,2.11,13092,238,1.85,12500,13239,1400-8-26,2021-11-17
548,تكنو,تكنوتار,197,932090,9204034480,10050,10020,9900,-150,-1.49,9940,-110,-1.09,9770,10020,1400-8-26,2021-11-17
549,ولتجار,واسپاري تجارت وسرمايه ايرانيان,194,1673868,5159068778,3167,3180,3072,-95,-3,3121,-46,-1.45,3072,3190,1400-8-26,2021-11-17
550,كاسپين,داروسازي كاسپين تامين,193,507073,13066292298,25104,25500,26245,1141,4.55,25703,599,2.39,24851,26359,1400-8-26,2021-11-17
551,تسه9904,امتياز تسهيلات مسكن تير99,193,2256,1841126469,799410,809900,819900,20490,2.56,816102,16692,2.09,781114,839380,1400-8-26,2021-11-17
552,ضصاد1114,اختيارخ وبصادر-2500-1400/11/06,192,10251,967660000,100,100,97,-3,-3,94,-6,-6,84,100,1400-8-26,2021-11-17
553,سمازن,سيمان‌مازندران‌,187,475477,6536288430,13980,13810,13700,-280,-2,13880,-100,-0.72,13400,13990,1400-8-26,2021-11-17
554,لبوتان,گروه‌صنعتي‌بوتان‌,185,142226,6181615900,43210,43300,43790,580,1.34,43310,100,0.23,42360,44150,1400-8-26,2021-11-17
555,سشمال,سيمان‌ شمال‌,185,627884,5275704060,8350,8480,8390,40,0.48,8370,20,0.24,7960,8600,1400-8-26,2021-11-17
556,لوتوس,تامين سرمايه لوتوس پارسيان,185,1238055,7098033390,5740,5650,5730,-10,-0.17,5740,0,0,5650,5800,1400-8-26,2021-11-17
557,ضجار1020,اختيارخ وتجارت-1600-1400/10/15,184,8249,3606565000,435,479,430,-5,-1.15,437,2,0.46,426,498,1400-8-26,2021-11-17
558,وتوشه,سرمايه‌ گذاري‌ پارس‌ توشه‌,183,1809614,10930434150,6050,6010,6000,-50,-0.83,6040,-10,-0.17,5950,6180,1400-8-26,2021-11-17
559,كطبس,ذغال‌سنگ‌ نگين‌ ط‌بس‌,183,195797,9547614760,48040,49460,48950,910,1.89,48530,490,1.02,47740,50000,1400-8-26,2021-11-17
560,كصدف,كاشي صدف سرام استقلال آباده,183,764864,16490422368,21832,21832,21310,-522,-2.39,21560,-272,-1.25,21178,22285,1400-8-26,2021-11-17
561,واميد,گروه مديريت سرمايه گذاري اميد,180,1083332,14140985320,13060,13080,13060,0,0,13060,0,0,12870,13100,1400-8-26,2021-11-17
562,دعبيد,لابراتوارداروسازي‌  دكترعبيدي‌,174,287471,6014617530,20860,21060,20850,-10,-0.05,20870,10,0.05,20550,21290,1400-8-26,2021-11-17
563,دابور,داروسازي‌ ابوريحان‌,172,244890,6008087800,24730,23940,24330,-400,-1.62,24650,-80,-0.32,23940,25190,1400-8-26,2021-11-17
564,درازك,دارويي‌ رازك‌,172,317970,11292840020,35760,34520,35100,-660,-1.85,35570,-190,-0.53,34520,36160,1400-8-26,2021-11-17
565,زعف0110پ11,زعفران0110نگين سحرخيز(پ),172,80389,25712178416,306930,319999,321912,14982,4.88,319847,12917,4.21,315000,321912,1400-8-26,2021-11-17
566,ثاصفا,شركت‌ ساختمان‌ اصفهان‌,171,359571,4170375089,11907,11888,11550,-357,-3,11768,-139,-1.17,11550,11900,1400-8-26,2021-11-17
567,تصميم,صندوق س با درآمد ثابت تصميم,171,1598352,28758568817,17971,17972,17997,26,0.14,17993,22,0.12,17971,17997,1400-8-26,2021-11-17
568,دالبر,البرزدارو,170,458888,5832670820,12800,12300,12800,0,0,12770,-30,-0.23,12300,12850,1400-8-26,2021-11-17
569,ما,بيمه  ما,168,746193,4475002290,5960,5840,6140,180,3.02,5970,10,0.17,5840,6150,1400-8-26,2021-11-17
570,بخاور,بيمه زندگي خاورميانه,166,924552,3794934041,3977,4175,4058,81,2.04,4010,33,0.83,4000,4175,1400-8-26,2021-11-17
571,سكرما,سيمان‌ كرمان‌,166,616779,8602234970,14040,13840,14090,50,0.36,13980,-60,-0.43,13830,14100,1400-8-26,2021-11-17
572,زعف0008پ10,زعفران0008نگين طلاي سرخ(پ),165,120970,29862904362,237997,250997,250986,12989,5.46,246862,8865,3.72,231000,251596,1400-8-26,2021-11-17
573,شكربن,كربن‌ ايران‌,165,566664,59822718480,100550,105570,105570,5020,4.99,105570,5020,4.99,105570,105570,1400-8-26,2021-11-17
574,شگل,گلتاش‌,165,1098732,7985559960,6930,7270,7270,340,4.91,7090,160,2.31,7030,7270,1400-8-26,2021-11-17
575,معيار ,سرمايه گذاري معيار صنعت پارس,163,192084,9289041666,49520,49688,48035,-1485,-3,48415,-1105,-2.23,48035,49969,1400-8-26,2021-11-17
576,سدشت,صنايع سيمان دشتستان,159,109356,3473794260,32800,31260,31810,-990,-3.02,32560,-240,-0.73,31160,32640,1400-8-26,2021-11-17
577,وسخوز,شركت س استان خوزستان,159,5740454,3306501504,640,576,576,-64,-10,636,-4,-0.63,576,576,1400-8-26,2021-11-17
578,سدبير,س. تدبيرگران فارس وخوزستان,158,393809,18160895844,43920,46116,46116,2196,5,46116,2196,5,46116,46116,1400-8-26,2021-11-17
579,تسه9905,امتياز تسهيلات مسكن مرداد99,156,2455,2028328738,820003,792000,819000,-1003,-0.12,826203,6200,0.76,792000,859999,1400-8-26,2021-11-17
580,تشتاد,صنايع توليدي اشتاد ايران‌,155,799179,4211263233,5355,5301,5300,-55,-1.03,5316,-39,-0.73,5195,5450,1400-8-26,2021-11-17
581,كارا,صندوق س. كارا -د,154,3494595,35704705195,10210,10218,10219,9,0.09,10217,7,0.07,10216,10219,1400-8-26,2021-11-17
582,واتي,سرمايه‌ گذاري‌ آتيه‌ دماوند,154,903957,9464248870,10600,10590,10440,-160,-1.51,10530,-70,-0.66,10210,10830,1400-8-26,2021-11-17
583,سخوز,سيمان خوزستان,152,115443,2686619610,23610,23500,23350,-260,-1.1,23550,-60,-0.25,23030,23940,1400-8-26,2021-11-17
584,ركيش,كارت اعتباري ايران كيش,151,777570,4677663650,5890,5800,5940,50,0.85,5930,40,0.68,5800,6170,1400-8-26,2021-11-17
585,لوتوسح,ح . تامين سرمايه لوتوس پارسيان,148,1403963,6104517446,4335,4233,4388,53,1.22,4348,13,0.3,4233,4400,1400-8-26,2021-11-17
586,كهربا,صندوق س.پشتوانه سكه طلا كهربا,147,2448980,26435973713,10826,10930,10869,43,0.4,10795,-31,-0.29,10745,10980,1400-8-26,2021-11-17
587,حسينا,توسعه خدمات دريايي وبندري سينا,147,215589,9590555941,44795,43410,44620,-175,-0.39,44593,-202,-0.45,43300,45117,1400-8-26,2021-11-17
588,مارون,پتروشيمي مارون,147,33024,5964524113,181983,180030,181000,-983,-0.54,181900,-83,-0.05,179259,182999,1400-8-26,2021-11-17
589,غشهد,شهد ايران ‌,146,1094373,4922427506,4550,4426,4569,19,0.42,4532,-18,-0.4,4425,4645,1400-8-26,2021-11-17
590,وتوسم,سرمايه‌گذاري‌توسعه‌ملي‌,144,730702,6083673270,8360,8240,8350,-10,-0.12,8350,-10,-0.12,8240,8450,1400-8-26,2021-11-17
591,تماوند,تامين سرمايه دماوند,144,1531089,8779459147,5789,5731,5800,11,0.19,5759,-30,-0.52,5616,5846,1400-8-26,2021-11-17
592,كفرا,فراورده‌ هاي‌ نسوزايران‌,143,223442,4323914580,19390,19200,19490,100,0.52,19380,-10,-0.05,19180,19900,1400-8-26,2021-11-17
593,شكبير,پتروشيمي اميركبير,143,74796,7206211912,98102,96601,97390,-712,-0.73,97973,-129,-0.13,95735,97390,1400-8-26,2021-11-17
594,آساميد,صندوق س.مشترك آسمان اميد -د,141,3349244,44980833153,13419,13426,13440,21,0.16,13430,11,0.08,13426,13440,1400-8-26,2021-11-17
595,پارسيان,بيمه پارسيان,141,972693,9227919040,9390,9420,9490,100,1.06,9440,50,0.53,9260,9650,1400-8-26,2021-11-17
596,پسهند,صنايع‌ لاستيكي‌  سهند,136,155905,3723134470,23520,23300,24090,570,2.42,23610,90,0.38,23300,24400,1400-8-26,2021-11-17
597,آ س پ,آ.س.پ,136,1285972,9565059736,7084,7438,7438,354,5,7311,227,3.2,7438,7438,1400-8-26,2021-11-17
598,تسه9906,امتياز تسهيلات مسكن شهريور99,136,1672,1376851579,814869,846000,840000,25131,3.08,823476,8607,1.06,800007,846000,1400-8-26,2021-11-17
599,دسبحان,سبحان دارو,134,245667,3900754540,15690,15010,15700,10,0.06,15740,50,0.32,15010,16180,1400-8-26,2021-11-17
600,دحاوي,الحاوي,133,556700,2684065919,4797,4858,4757,-40,-0.83,4804,7,0.15,4701,4940,1400-8-26,2021-11-17
601,كپرور,فرآوري زغال سنگ پروده طبس,132,114093,3625987454,31296,31849,31979,683,2.18,31414,118,0.38,31321,32370,1400-8-26,2021-11-17
602,ثزاگرس,سرمايه گذاري توسعه عمران زاگرس,131,141776,4767581302,34863,33240,33990,-873,-2.5,34220,-643,-1.84,33120,35985,1400-8-26,2021-11-17
603,واعتبار,سرمايه گذاري اعتبار ايران,131,595014,3886502410,6580,6420,6530,-50,-0.76,6570,-10,-0.15,6310,6750,1400-8-26,2021-11-17
604,اخزا002,اسنادخزانه-م2بودجه00-031024,130,102448,51461369327,503460,503831,502000,-1460,-0.29,502317,-1143,-0.23,500600,503831,1400-8-26,2021-11-17
605,تسه9903,امتياز تسهيلات مسكن خرداد99,130,1835,1521411481,810941,800394,815000,4059,0.5,829107,18166,2.24,795000,849999,1400-8-26,2021-11-17
606,ساراب,سيمان‌ داراب‌,130,207831,3299743700,16190,16500,15920,-270,-1.67,16120,-70,-0.43,15700,16500,1400-8-26,2021-11-17
607,زگلدشت,كشت و دام گلدشت نمونه اصفهان,129,419979,3789182317,9067,9260,9001,-66,-0.73,9056,-11,-0.12,9000,9260,1400-8-26,2021-11-17
608,پرداخت,به پرداخت ملت,129,324587,4350307850,13550,13610,13390,-160,-1.18,13510,-40,-0.3,13250,13610,1400-8-26,2021-11-17
609,گوهران,سرمايه گذاري توسعه گوهران اميد,128,450792,2322959491,5107,5190,5149,42,0.82,5114,7,0.14,5108,5205,1400-8-26,2021-11-17
610,تسه9812,امتياز تسهيلات مسكن اسفند98,128,2005,1644892064,795714,786010,831997,36283,4.56,820395,24681,3.1,786010,835499,1400-8-26,2021-11-17
611,سبجنو,سيمان‌ بجنورد,125,106089,3906586410,36650,37180,37450,800,2.18,36690,40,0.11,35560,37500,1400-8-26,2021-11-17
612,ويسا,سرمايه گذاري ايساتيس پويا,123,387592,2791208859,7106,7010,7299,193,2.72,7133,27,0.38,7010,7299,1400-8-26,2021-11-17
613,ضملت1133,اختيارخ وبملت-3000-1400/11/13,123,3914,2261353000,596,759,520,-76,-12.75,578,-18,-3.02,520,790,1400-8-26,2021-11-17
614,قزوين,كارخانجات‌ قند قزوين‌,119,315174,9150273830,29720,30050,28970,-750,-2.52,29280,-440,-1.48,28300,30050,1400-8-26,2021-11-17
615,اخزا008,اسنادخزانه-م8بودجه00-030919,118,309596,157947830738,513814,516497,511000,-2814,-0.55,510174,-3640,-0.71,508000,516497,1400-8-26,2021-11-17
616,تسه9901,امتياز تسهيلات مسكن فروردين99,118,917,748076602,797871,780000,830000,32129,4.03,815787,17916,2.25,780000,830000,1400-8-26,2021-11-17
617,غنوش,نوش‌ مازندران‌,118,629895,7445358900,11260,11820,11820,560,4.97,11820,560,4.97,11820,11820,1400-8-26,2021-11-17
618,تسه9809,امتياز تسهيلات مسكن آذر98,118,2009,1622032367,794009,790000,806020,12011,1.51,807383,13374,1.68,790000,817000,1400-8-26,2021-11-17
619,دسبحا,گروه دارويي سبحان,117,401849,7506805800,18690,17810,18700,10,0.05,18690,0,0,17810,19000,1400-8-26,2021-11-17
620,بمپنا,توليد برق عسلويه  مپنا,116,764933,4030680286,5318,5290,5261,-57,-1.07,5306,-12,-0.23,5184,5400,1400-8-26,2021-11-17
621,هجرت,پخش هجرت,116,96261,2790191346,28938,29550,29300,362,1.25,28947,9,0.03,27860,29868,1400-8-26,2021-11-17
622,وسين,بيمه سينا,114,1651897,6086332268,3579,3686,3686,107,2.99,3643,64,1.79,3607,3686,1400-8-26,2021-11-17
623,شاملا,معدني‌ املاح‌  ايران‌,113,189305,5742996970,30490,29980,30990,500,1.64,30430,-60,-0.2,29760,31000,1400-8-26,2021-11-17
624,وبازار,صندوق س شاخصي بازارآشنا,111,440785,5597019910,12620,12690,12660,40,0.32,12700,80,0.63,12630,12880,1400-8-26,2021-11-17
625,زعف0110پ20,زعفران0110نگين وحدت جام(پ),111,31117,9878031351,304562,309011,321912,17350,5.7,317448,12886,4.23,309011,321912,1400-8-26,2021-11-17
626,فيروزا,صندوق بادرآمد ثابت فيروزه آسيا,109,3192064,82268782651,25681,25620,25720,39,0.15,25773,92,0.36,25620,25778,1400-8-26,2021-11-17
627,وزمين,بانك ايران زمين,106,533116,6040240661,10896,11200,11331,435,3.99,11041,145,1.33,10967,11331,1400-8-26,2021-11-17
628,ماني,صندوق س. با درآمد ثابت ماني,106,1426406,14955370323,10479,10484,10485,6,0.06,10485,6,0.06,10484,10485,1400-8-26,2021-11-17
629,ولبهمن,شركت بهمن ليزينگ,106,628021,4379300606,6951,7054,6844,-107,-1.54,6957,6,0.09,6800,7054,1400-8-26,2021-11-17
630,ثامان,سامان‌ گستراصفهان‌,105,297127,2971329160,10050,9670,10040,-10,-0.1,10040,-10,-0.1,9670,10240,1400-8-26,2021-11-17
631,داسوه,داروسازي‌ اسوه‌,105,116740,2819790650,24010,23890,24100,90,0.37,24040,30,0.12,23410,24690,1400-8-26,2021-11-17
632,حخزر,كشتيراني درياي خزر,105,145600,2352575964,16531,15756,15958,-573,-3.47,16469,-62,-0.38,15756,16475,1400-8-26,2021-11-17
633,آساس,صندوق س.آسمان آرماني سهام-س,104,121146,20689256344,170317,170003,170502,185,0.11,170780,463,0.27,170003,172978,1400-8-26,2021-11-17
634,دارو,كارخانجات‌داروپخش‌,103,147829,4228231500,28250,28620,28680,430,1.52,28340,90,0.32,28370,28990,1400-8-26,2021-11-17
635,دپارس,پارس‌ دارو,103,109362,3626967430,33380,33010,33120,-260,-0.78,33330,-50,-0.15,33000,33610,1400-8-26,2021-11-17
636,ارمغان,ص سرمايه گذاري ارمغان ايرانيان,103,1094568,11003840045,10042,10051,10060,18,0.18,10053,11,0.11,10051,10062,1400-8-26,2021-11-17
637,دكيمي,كيميدارو,102,407130,8267356610,19990,19990,19780,-210,-1.05,20170,180,0.9,19500,20550,1400-8-26,2021-11-17
638,سمتاز,سيمان ممتازان كرمان,102,304467,4513134323,15247,15092,14790,-457,-3,15043,-204,-1.34,14790,15239,1400-8-26,2021-11-17
639,شزنگ,تجهيزنيروي‌زنگان‌,101,89135,13832325840,150665,155184,155184,4519,3,155184,4519,3,155184,155184,1400-8-26,2021-11-17
640,تسه9811,امتياز تسهيلات مسكن بهمن98,100,1421,1158339120,793680,805010,819920,26240,3.31,815158,21478,2.71,800010,819989,1400-8-26,2021-11-17
641,خمحور,توليدمحورخودرو,96,5893220,17685553220,2859,3001,3001,142,4.97,3001,142,4.97,3001,3001,1400-8-26,2021-11-17
642,قپيرا,فرآورده‌هاي‌غدايي‌وقندپيرانشهر,96,254540,1992148220,7850,8090,7920,70,0.89,7850,0,0,7550,8090,1400-8-26,2021-11-17
643,غبهار,كشت وصنعت بهاران گلبهار خراسان,95,646133,11268559520,16933,17440,17440,507,2.99,17429,496,2.93,17440,17440,1400-8-26,2021-11-17
644,دسينا,داروسازي‌ سينا,93,382916,8119791750,21630,21700,20840,-790,-3.65,21400,-230,-1.06,20800,21800,1400-8-26,2021-11-17
645,اخزا001,اسنادخزانه-م1بودجه00-030821,93,274475,142526710428,522260,522999,518554,-3706,-0.71,519270,-2990,-0.57,515800,522999,1400-8-26,2021-11-17
646,كيان2,صندوق س. با درآمد ثابت كيان,90,9000000,9000000,31589,1,1,-31588,-100,1,-31588,-100,1,1,1400-8-26,2021-11-17
647,زعف0110پ18,زعفران0110نگين بهرامن(پ),88,23655,7568770464,307386,318000,321912,14526,4.73,319965,12579,4.09,315010,321912,1400-8-26,2021-11-17
648,شصفها,پتروشيمي‌ اصفهان‌,87,35086,4337157888,124457,122200,122533,-1924,-1.55,124211,-246,-0.2,122200,126799,1400-8-26,2021-11-17
649,قنقش,قند نقش جهان,85,155164,17339081555,109556,111747,111747,2191,2,111747,2191,2,111740,111747,1400-8-26,2021-11-17
650,اگ010155,گام بانك اقتصاد نوين0101,85,795206,721047890800,906127,906002,907000,873,0.1,906743,616,0.07,906000,907000,1400-8-26,2021-11-17
651,سكه0012پ04,تمام سكه طرح جديد0012صادرات,83,21700,27275964400,1251748,1258000,1257316,5568,0.44,1256957,5209,0.42,1250805,1262000,1400-8-26,2021-11-17
652,وآتوس,س.آرين توسكا قيمت اسمي 350ريال,83,85377,2258395586,25833,26579,26500,667,2.58,26009,176,0.68,25111,26607,1400-8-26,2021-11-17
653,وپخش,داروپخش‌ (هلدينگ‌,82,94641,3011007710,31540,31630,32010,470,1.49,31560,20,0.06,31600,32910,1400-8-26,2021-11-17
654,اخزا910,اسنادخزانه-م10بودجه99-020807,82,209801,136882545340,654205,654290,652000,-2205,-0.34,652440,-1765,-0.27,650004,654300,1400-8-26,2021-11-17
655,دقاضي,داروسازي شهيد قاضي,82,65352,1896158094,29631,28760,29140,-491,-1.66,29515,-116,-0.39,28760,29500,1400-8-26,2021-11-17
656,دفرا,فرآورده‌هاي‌ تزريقي‌ ايران‌,81,181995,5059468210,28000,29400,28180,180,0.64,27930,-70,-0.25,27020,29400,1400-8-26,2021-11-17
657,اخزا902,اسنادخزانه-م2بودجه99-011019,80,152290,118681157524,780485,777013,779000,-1485,-0.19,779310,-1175,-0.15,777013,781000,1400-8-26,2021-11-17
658,سپاس,صندوق س. پاداش سهامداري-ثابت,78,1188633,11959965669,10054,10064,10064,10,0.1,10062,8,0.08,10061,10064,1400-8-26,2021-11-17
659,داريوش,صندوق س. ثروت داريوش -س,76,150294,1481137518,9813,9805,9879,66,0.67,9855,42,0.43,9805,9890,1400-8-26,2021-11-17
660,سيدكو,سرمايه گذاري توسعه صنايع سيمان,75,584979,3573356890,6210,6140,6080,-130,-2.09,6190,-20,-0.32,6040,6240,1400-8-26,2021-11-17
661,وتعاون,بيمه  تعاون,74,866181,1475405938,1733,1684,1700,-33,-1.9,1728,-5,-0.29,1684,1730,1400-8-26,2021-11-17
662,اخزا004,اسنادخزانه-م4بودجه00-030522,74,168047,91983192029,551396,550615,546500,-4896,-0.89,547366,-4030,-0.73,545555,551000,1400-8-26,2021-11-17
663,آتيمس,صندوق س.آرمان آتيه درخشان مس-س,73,6882,1286114522,186947,189990,186500,-447,-0.24,186881,-66,-0.04,185525,189990,1400-8-26,2021-11-17
664,وامين,س. امين توان آفرين ساز,73,164374,2075975207,12753,12625,12740,-13,-0.1,12748,-5,-0.04,12550,12800,1400-8-26,2021-11-17
665,سهگمت,سيمان‌هگمتان‌,73,70335,1606257000,23080,22910,23080,0,0,23050,-30,-0.13,22520,23100,1400-8-26,2021-11-17
666,ضملت1135,اختيارخ وبملت-4000-1400/11/13,73,2486,428540000,167,180,157,-10,-5.99,172,5,2.99,157,189,1400-8-26,2021-11-17
667,ولانا,شركت ليزينگ آريا دانا,73,195663,2955651957,15569,15102,15102,-467,-3,15388,-181,-1.16,15102,15399,1400-8-26,2021-11-17
668,ضصاد1113,اختيارخ وبصادر-2000-1400/11/06,72,4705,1007186000,225,215,218,-7,-3.11,214,-11,-4.89,209,223,1400-8-26,2021-11-17
669,ضپال2007,اختيارخ اپال-32000-1401/02/12,71,920,346401000,385,490,360,-25,-6.49,377,-8,-2.08,360,490,1400-8-26,2021-11-17
670,سنير,سيمان‌ سفيد ني‌ريز,71,166315,6835546500,39150,41100,41100,1950,4.98,40980,1830,4.67,41100,41100,1400-8-26,2021-11-17
671,اخزا006,اسنادخزانه-م6بودجه00-030723,71,220774,116579619223,531112,532000,528000,-3112,-0.59,528050,-3062,-0.58,525406,532000,1400-8-26,2021-11-17
672,افرا,افرانت,69,557960,9855805440,16823,17664,17664,841,5,17321,498,2.96,17664,17664,1400-8-26,2021-11-17
673,بالاس,مهندسي ساختمان تاسيسات راه آهن,69,123591,3823287585,29462,30935,30935,1473,5,29861,399,1.35,30935,30935,1400-8-26,2021-11-17
674,زرين,صندوق س. سهام زرين كوروش-س,66,366704,4888414859,13266,13361,13360,94,0.71,13331,65,0.49,13255,13439,1400-8-26,2021-11-17
675,سكه0112پ03,تمام سكه طرح جديد0112سامان,65,11400,14312519100,1252980,1252001,1258999,6019,0.48,1255484,2504,0.2,1249000,1267000,1400-8-26,2021-11-17
676,شساخت,مهندسي و ساختمان صنايع نفت,65,79721,3449456154,43349,43700,43349,0,0,43343,-6,-0.01,42050,44300,1400-8-26,2021-11-17
677,فيروزه,صندوق شاخص30 شركت فيروزه- سهام,64,17927,3155487030,175430,176500,175000,-430,-0.25,176020,590,0.34,175000,178000,1400-8-26,2021-11-17
678,صايند,صندوق س. گنجينه آينده روشن-د,62,301230,3011595040,10000,10000,9998,-2,-0.02,9998,-2,-0.02,9990,10000,1400-8-26,2021-11-17
679,اخزا811,اسنادخزانه-م11بودجه98-001013,60,102535,99671893026,971490,972498,971617,127,0.01,972077,587,0.06,971500,972700,1400-8-26,2021-11-17
680,سيلام,سيمان‌ ايلام‌,60,275365,1855960100,7090,6740,6740,-350,-4.94,7050,-40,-0.56,6740,6740,1400-8-26,2021-11-17
681,اخزا003,اسنادخزانه-م3بودجه00-030418,59,136728,76587223569,563018,560011,558000,-5018,-0.89,560143,-2875,-0.51,556003,562884,1400-8-26,2021-11-17
682,غشوكو,شوكو پارس,58,117091,971738209,8555,8299,8299,-256,-2.99,8526,-29,-0.34,8299,8299,1400-8-26,2021-11-17
683,پارتا,مجتمع‌صنعتي‌آرتاويل‌تاير,57,108453,2544742692,24189,23465,23464,-725,-3,24100,-89,-0.37,23464,23465,1400-8-26,2021-11-17
684,سكه0111پ05,تمام سكه طرح جديد0111آينده,55,40100,50295673300,1251685,1257399,1252002,317,0.03,1254256,2571,0.21,1249001,1262900,1400-8-26,2021-11-17
685,وسرضوي,س.سهام عدالت استان خراسان رضوي,54,1026099,672094845,727,655,655,-72,-9.9,726,-1,-0.14,655,655,1400-8-26,2021-11-17
686,اخزا903,اسنادخزانه-م3بودجه99-011110,53,128850,99203938968,770371,770002,770300,-71,-0.01,769918,-453,-0.06,769500,770300,1400-8-26,2021-11-17
687,اخزا901,اسنادخزانه-م1بودجه99-010621,52,123562,103409147993,837543,838585,837000,-543,-0.06,836901,-642,-0.08,835013,838585,1400-8-26,2021-11-17
688,قمرو,قند مرودشت‌,49,83129,2016631620,24760,24600,24610,-150,-0.61,24690,-70,-0.28,23710,25400,1400-8-26,2021-11-17
689,كباده,توليد خاك نسوزاستقلال آباده,47,438878,10172753162,22504,23179,23179,675,3,23166,662,2.94,23179,23179,1400-8-26,2021-11-17
690,پلاست,كارخانجات توليدي پلاستيران,46,82842,684937656,8028,8268,8268,240,2.99,8044,16,0.2,8268,8268,1400-8-26,2021-11-17
691,اخزا909,اسنادخزانه-م9بودجه99-020316,45,228792,162964907934,714409,711500,712600,-1809,-0.25,712284,-2125,-0.3,711500,713900,1400-8-26,2021-11-17
692,ضستا1003,اختيارخ شستا-10000-1400/10/29,44,555,1056275000,1998,1920,1870,-128,-6.41,1903,-95,-4.75,1862,1980,1400-8-26,2021-11-17
693,زعف0110پ21,زعفران0110نگين ملل(پ),43,29386,9314842063,304160,318910,321912,17752,5.84,316982,12822,4.22,311606,321912,1400-8-26,2021-11-17
694,ضملت1134,اختيارخ وبملت-3500-1400/11/13,42,1547,450689000,288,290,280,-8,-2.78,291,3,1.04,280,308,1400-8-26,2021-11-17
695,زعف0008پ08,زعفران0008نگين روستا(پ),40,23647,5921372156,239462,251596,251595,12133,5.07,250407,10945,4.57,243300,251596,1400-8-26,2021-11-17
696,زعف0008پ20,زعفران0008نگين وحدت جام(پ),40,22186,5466512942,237035,244999,251596,14561,6.14,246395,9360,3.95,237100,251596,1400-8-26,2021-11-17
697,اخزا812,اسنادخزانه-م12بودجه98-001111,40,101006,96551199740,955314,955780,955625,311,0.03,955896,582,0.06,955000,958890,1400-8-26,2021-11-17
698,اخزا815,اسنادخزانه-م15بودجه98-010406,37,129087,113102605878,876123,875801,876001,-122,-0.01,876173,50,0.01,875500,877500,1400-8-26,2021-11-17
699,اخزا914,اسنادخزانه-م14بودجه99-021025,37,63807,39831473185,625127,622212,624900,-227,-0.04,624249,-878,-0.14,620009,624900,1400-8-26,2021-11-17
700,دارا,صندوق س. دارا الگوريتم-د,37,983816,9883175522,10042,10050,10045,3,0.03,10046,4,0.04,10043,10051,1400-8-26,2021-11-17
701,مداران,داده‌پردازي‌ايران‌,37,51713,732715730,14050,14680,14150,100,0.71,14060,10,0.07,13550,14680,1400-8-26,2021-11-17
702,اوصتا,صندوق انديشه ورزان صباتامين -د,35,692034,14208020726,20521,20531,20530,9,0.04,20531,10,0.05,20530,20533,1400-8-26,2021-11-17
703,زعف0110پ05,زعفران0110نگين زرين(پ),35,7442,2391632289,314557,321000,321912,7355,2.34,321370,6813,2.17,319999,321912,1400-8-26,2021-11-17
704,زعف0008پ11,زعفران0008نگين سحرخيز(پ),34,66028,16610025584,242625,249000,251596,8971,3.7,251560,8935,3.68,244202,251596,1400-8-26,2021-11-17
705,فراز,صندوق س.سهام فراز داريك-س,34,209561,2972468914,14183,14184,14188,5,0.04,14184,1,0.01,14184,14188,1400-8-26,2021-11-17
706,صنوين,صندوق سرمايه‌گذاري صنوين-مختلط,33,9453,940524570,99480,100500,99250,-230,-0.23,99490,10,0.01,99200,100900,1400-8-26,2021-11-17
707,فردا2,صندوق س آواي فرداي زاگرس-ثابت,31,3100000,3100000,11819,1,1,-11818,-99.99,1,-11818,-99.99,1,1,1400-8-26,2021-11-17
708,تمحركه,ماشين سازي نيرو محركه,31,58883,1159111855,20293,19685,19685,-608,-3,20221,-72,-0.35,19685,19685,1400-8-26,2021-11-17
709,اخزا005,اسنادخزانه-م5بودجه00-030626,31,104885,56491812186,538882,539000,535836,-3046,-0.57,538607,-275,-0.05,535820,539000,1400-8-26,2021-11-17
710,ضپاس1013,اختيارخ وپارس-3000-1400/10/22,30,2413,134019000,52,35,54,2,3.85,56,4,7.69,35,57,1400-8-26,2021-11-17
711,اخزا908,اسنادخزانه-م8بودجه99-020606,30,45416,30760484606,680116,677001,677000,-3116,-0.46,677305,-2811,-0.41,676000,678260,1400-8-26,2021-11-17
712,اخزا007,اسنادخزانه-م7بودجه00-030912,30,101220,51743069566,515424,514400,510700,-4724,-0.92,511194,-4230,-0.82,510485,514400,1400-8-26,2021-11-17
713,اخزا911,اسنادخزانه-م11بودجه99-020906,30,107761,69099800400,643295,642703,641000,-2295,-0.36,641232,-2063,-0.32,640000,642703,1400-8-26,2021-11-17
714,سكه0011پ02,تمام سكه طرح جديد0011ملت,29,6400,8043445000,1252634,1260000,1257000,4366,0.35,1256788,4154,0.33,1252001,1262000,1400-8-26,2021-11-17
715,ضفلا1164,اختيارخ فولاد-12000-1400/11/24,29,537,650672000,1232,1260,1200,-32,-2.6,1212,-20,-1.62,1181,1260,1400-8-26,2021-11-17
716,آرمان,بيمه آرمان,29,532451,3067155720,5938,5760,5760,-178,-3,5881,-57,-0.96,5760,5800,1400-8-26,2021-11-17
717,افق ملت,صندوق س در سهام افق ملت,28,4672,681354900,144660,145510,146480,1820,1.26,145840,1180,0.82,145000,146480,1400-8-26,2021-11-17
718,ثاژن,سخت آژند,26,554560,2995178560,5511,5401,5401,-110,-2,5438,-73,-1.32,5401,5401,1400-8-26,2021-11-17
719,صغدير408,صكوك اجاره غدير408-بدون ضامن,26,20000000,20000000000000,1000000,1000000,1000000,0,0,1000000,0,0,1000000,1000000,1400-8-26,2021-11-17
720,زعف0008پ12,زعفران0008پوشالمعمول سحرخيز(پ),25,10114,2352830260,229348,225000,237000,7652,3.34,232631,3283,1.43,225000,237810,1400-8-26,2021-11-17
721,امين يكم4,صندوق درآمد ثابت امين يكم فردا,25,740148619,7501406253565,10129,10135,10135,6,0.06,10135,6,0.06,10135,10135,1400-8-26,2021-11-17
722,وآفري,بيمه كارآفرين,25,1639618,5637006684,3338,3438,3438,100,3,3381,43,1.29,3438,3438,1400-8-26,2021-11-17
723,گنجين,صندوق س. گنجينه يكم آويد-د,25,81232,1149767009,14150,14161,14158,8,0.06,14154,4,0.03,14151,14161,1400-8-26,2021-11-17
724,اخزا917,اسنادخزانه-م17بودجه99-010226,25,79721,71628377159,899035,895589,898899,-136,-0.02,898488,-547,-0.06,895589,899035,1400-8-26,2021-11-17
725,اخزا818,اسنادخزانه-م18بودجه98-010614,25,92415,77872530860,840996,841900,841183,187,0.02,842639,1643,0.2,841006,843100,1400-8-26,2021-11-17
726,اخزا814,اسنادخزانه-م14بودجه98-010318,24,84966,75303318254,889092,883541,886003,-3089,-0.35,886276,-2816,-0.32,883541,889998,1400-8-26,2021-11-17
727,گوهرانح,ح . س. توسعه گوهران اميد,23,1094652,4214410200,4223,3850,3850,-373,-8.83,3850,-373,-8.83,3850,3850,1400-8-26,2021-11-17
728,زعف0008پ18,زعفران0008نگين بهرامن(پ),23,74671,18779867860,243306,251596,251596,8290,3.41,251501,8195,3.37,240500,251596,1400-8-26,2021-11-17
729,ضفلا1165,اختيارخ فولاد-14000-1400/11/24,22,1599,960780000,661,600,600,-61,-9.23,601,-60,-9.08,600,620,1400-8-26,2021-11-17
730,كهربا2,صندوق س.پشتوانه سكه طلا كهربا,22,2200000,2200000,10826,1,1,-10825,-99.99,1,-10825,-99.99,1,1,1400-8-26,2021-11-17
731,اخزا813,اسنادخزانه-م13بودجه98-010219,21,70938,64025427339,902239,903450,902920,681,0.08,902555,316,0.04,902000,903450,1400-8-26,2021-11-17
732,زير0103پ01,زيره سبز0103كيميابذر(پ),21,629,576390000,913859,900000,900000,-13859,-1.52,916359,2500,0.27,875000,930000,1400-8-26,2021-11-17
733,سخواف,سيمان مجد خواف,20,76020,576003540,7811,7577,7577,-234,-3,7797,-14,-0.18,7577,7577,1400-8-26,2021-11-17
734,ساروج,بين المللي ساروج بوشهر,20,56007,951822621,16976,16807,16807,-169,-1,16978,2,0.01,16807,17091,1400-8-26,2021-11-17
735,دمعيار,صندوق س. توازن معيار-د,20,666779,6687596370,10009,10010,10044,35,0.35,10030,21,0.21,10010,10044,1400-8-26,2021-11-17
736,اوصتا2,صندوق انديشه ورزان صباتامين -د,19,97300000,97300000,20521,1,1,-20520,-100,1,-20520,-100,1,1,1400-8-26,2021-11-17
737,زعف0008پ16,زعفران0008نگين بيرجند(پ),19,10939,2694143905,231239,241500,249000,17761,7.68,246288,15049,6.51,241000,249000,1400-8-26,2021-11-17
738,زعف0110پ16,زعفران0110نگين بيرجند(پ),18,15192,4836583136,303313,315000,321912,18599,6.13,318364,15051,4.96,311500,321912,1400-8-26,2021-11-17
739,ضجار1024,اختيارخ وتجارت-3000-1400/10/15,17,1600,25500000,20,15,16,-4,-20,16,-4,-20,15,16,1400-8-26,2021-11-17
740,وملت,سرمايه گذاري ملت,17,94821,264550590,2846,2790,2790,-56,-1.97,2843,-3,-0.11,2790,2790,1400-8-26,2021-11-17
741,هفارس104,اختيارف ت فارس-11832-01/04/12,17,422000,422000,1,1,1,0,0,1,0,0,1,1,1400-8-26,2021-11-17
742,حرهشا,رهشاد سپاهان (سهامي عام,16,2259,228296799,104186,101061,101061,-3125,-3,104092,-94,-0.09,101061,101061,1400-8-26,2021-11-17
743,اخزا817,اسنادخزانه-م17بودجه98-010512,15,5825,4993754940,857598,858000,857500,-98,-0.01,857297,-301,-0.04,856250,858000,1400-8-26,2021-11-17
744,اخزا816,اسنادخزانه-م16بودجه98-010503,15,54726,47196424388,862028,860515,862988,960,0.11,862413,385,0.04,860515,862990,1400-8-26,2021-11-17
745,داريك,صندوق س.اعتماد داريك-د,15,189577,2250164667,11863,11870,11870,7,0.06,11869,6,0.05,11869,11870,1400-8-26,2021-11-17
746,جهرم,پتروشيمي جهرم,14,310800,413364000,1371,1330,1330,-41,-2.99,1369,-2,-0.15,1330,1330,1400-8-26,2021-11-17
747,ضپاس1011,اختيارخ وپارس-2000-1400/10/22,14,250,93333000,377,430,365,-12,-3.18,373,-4,-1.06,360,440,1400-8-26,2021-11-17
748,اخزا810,اسنادخزانه-م10بودجه98-001006,14,1482,1447787300,975300,975999,977250,1950,0.2,976914,1614,0.17,975999,977250,1400-8-26,2021-11-17
749,ثبات,صندوق س. ثبات ويستا -د,14,333376,3468052738,10396,10400,10404,8,0.08,10403,7,0.07,10400,10404,1400-8-26,2021-11-17
750,برن0104پ01,برنج طارم0104تجارت مازندران(پ),14,1407,624137513,444186,445000,444000,-186,-0.04,443595,-591,-0.13,443000,445000,1400-8-26,2021-11-17
751,ثنظام,س. ساختماني نظام مهندسي ايران,13,9140,205631720,23193,22498,22498,-695,-3,23176,-17,-0.07,22498,22498,1400-8-26,2021-11-17
752,ثروتم,صندوق س. ثروت آفرين پارسيان-س,13,14120,1229967820,86665,86953,87000,335,0.39,87108,443,0.51,86953,87200,1400-8-26,2021-11-17
753,ضجار1019,اختيارخ وتجارت-1400-1400/10/15,12,618,380702000,608,600,620,12,1.97,616,8,1.32,590,650,1400-8-26,2021-11-17
754,ضبدر1163,اختيارخ شبندر-6000-1400/11/13,12,153,202515000,1308,1334,1299,-9,-0.69,1324,16,1.22,1299,1334,1400-8-26,2021-11-17
755,زعف0008پ05,زعفران0008نگين زرين(پ),12,1577,393944072,243199,251596,251596,8397,3.45,249806,6607,2.72,246100,251596,1400-8-26,2021-11-17
756,اخزا821,اسنادخزانه-م21بودجه98-020906,12,31315,20093132815,642987,640020,641000,-1987,-0.31,641646,-1341,-0.21,640020,644400,1400-8-26,2021-11-17
757,ضفلا1163,اختيارخ فولاد-10000-1400/11/24,12,235,528304000,2336,2300,2231,-105,-4.49,2248,-88,-3.77,2180,2414,1400-8-26,2021-11-17
758,ضترا1135,اختيارخ شتران-6176-1400/11/10,12,241,47443776,105,100,83,-22,-20.95,87,-18,-17.14,82,100,1400-8-26,2021-11-17
759,ضفلا1167,اختيارخ فولاد-18000-1400/11/24,11,79,60510000,1,1180,150,149,14900,766,765,76500,150,1180,1400-8-26,2021-11-17
760,زعف0008پ15,زعفران0008پوشالمعمول طلاسرخ(پ),11,2561,607122200,230799,235300,240999,10200,4.42,237064,6265,2.71,234000,240999,1400-8-26,2021-11-17
761,سنوين,سرمايه گذاري اقتصاد نوين,11,93358,635954696,7022,6812,6812,-210,-2.99,7008,-14,-0.2,6812,6812,1400-8-26,2021-11-17
762,بذر,صندوق س بذر اميد آفرين-سهام,10,802,78601950,98190,98470,97800,-390,-0.4,98010,-180,-0.18,97790,98600,1400-8-26,2021-11-17
763,اراد61,مرابحه عام دولت61-ش.خ0309,10,70000,70000000000,1000000,1000000,1000000,0,0,1000000,0,0,1000000,1000000,1400-8-26,2021-11-17
764,سپرمي,پرميت‌,10,25436,278880304,10856,10964,10964,108,0.99,10872,16,0.15,10964,10964,1400-8-26,2021-11-17
765,زيتون2,صندوق س زيتون نماد پايا- مختلط,10,220000,220000,10001,1,1,-10000,-99.99,1,-10000,-99.99,1,1,1400-8-26,2021-11-17
766,ضجار1021,اختيارخ وتجارت-1800-1400/10/15,10,218,63716000,310,302,283,-27,-8.71,292,-18,-5.81,254,305,1400-8-26,2021-11-17
767,كمان,س.خ.كمان كاريزما 35% تاديه,10,324600,121242971600,373400,373516,373515,115,0.03,373515,115,0.03,373515,373516,1400-8-26,2021-11-17
768,خفناور,مهندسي صنعتي روان فن آور,10,7897,307714502,40171,38966,38966,-1205,-3,40131,-40,-0.1,38966,38966,1400-8-26,2021-11-17
769,ضصاد1112,اختيارخ وبصادر-1800-1400/11/06,10,604,182100000,342,300,310,-32,-9.36,301,-41,-11.99,280,340,1400-8-26,2021-11-17
770,اراد46,مرابحه عام دولت4-ش.خ 0302,9,160000,160000000000,1000000,1000000,1000000,0,0,1000000,0,0,1000000,1000000,1400-8-26,2021-11-17
771,لخانه,لوازم‌ خانگي‌ پارس‌,9,14172,247060476,17972,17433,17433,-539,-3,17958,-14,-0.08,17433,17433,1400-8-26,2021-11-17
772,اخزا809,اسنادخزانه-م9بودجه98-000923,9,332,327014390,982978,985999,985000,2022,0.21,984983,2005,0.2,984500,985999,1400-8-26,2021-11-17
773,دپارسح,ح . پارس‌ دارو,9,1478,66510000,45000,45000,45000,0,0,45000,0,0,45000,45000,1400-8-26,2021-11-17
774,صپاآذر,بار پايه صنعتي آذر,9,55360,29827200,550,544,537,-13,-2.36,539,-11,-2,537,544,1400-8-26,2021-11-17
775,ضمخا1035,اختيارخ اخابر-7000-1400/10/26,9,100,145737000,1292,1519,1300,8,0.62,1457,165,12.77,1300,1520,1400-8-26,2021-11-17
776,ضستا1004,اختيارخ شستا-12000-1400/10/29,9,51,40262000,850,811,750,-100,-11.76,789,-61,-7.18,730,811,1400-8-26,2021-11-17
777,ثهام,صندوق س ثروت هامرز-سهام,9,18367,209268500,11390,11200,11400,10,0.09,11394,4,0.04,11200,11440,1400-8-26,2021-11-17
778,زير0103پ04,زيره سبز0103شركت مينوبذر(پ),8,59,51619372,872180,870000,880000,7820,0.9,874905,2725,0.31,862353,880001,1400-8-26,2021-11-17
779,ضغدر8058,اختيارخ وغدير-10000-1400/08/26,8,34,164587000,4924,4900,4899,-25,-0.51,4841,-83,-1.69,4800,4900,1400-8-26,2021-11-17
780,ضپاس1012,اختيارخ وپارس-2500-1400/10/22,8,356,58950000,163,165,150,-13,-7.98,166,3,1.84,150,170,1400-8-26,2021-11-17
781,ساذري,آذريت‌,8,75793,771951705,9889,10185,10185,296,2.99,9911,22,0.22,10185,10185,1400-8-26,2021-11-17
782,اخزا907,اسنادخزانه-م7بودجه99-020704,8,35123,23433419818,667944,666605,660002,-7942,-1.19,667182,-762,-0.11,656014,667944,1400-8-26,2021-11-17
783,پادا,صندوق س.پاداش سرمايه پارس-س,8,3350,369464500,109193,110590,109400,207,0.19,110288,1095,1,109400,111590,1400-8-26,2021-11-17
784,ضملي1160,اختيارخ فملي-6000-1400/11/03,7,48,130410000,2641,2750,2750,109,4.13,2717,76,2.88,2650,2750,1400-8-26,2021-11-17
785,ضغدر8059,اختيارخ وغدير-12000-1400/08/26,7,79,231496000,3000,2900,2949,-51,-1.7,2930,-70,-2.33,2850,2949,1400-8-26,2021-11-17
786,زعف0110پ09,زعفران0110نگين نوين(پ),7,455,146100600,310068,321912,321000,10932,3.53,321100,11032,3.56,321000,321912,1400-8-26,2021-11-17
787,ضملي1161,اختيارخ فملي-7000-1400/11/03,7,52,58588000,1213,1300,1065,-148,-12.2,1127,-86,-7.09,1060,1300,1400-8-26,2021-11-17
788,اخزا905,اسنادخزانه-م5بودجه99-020218,7,36169,26242462363,726803,727195,725201,-1602,-0.22,725551,-1252,-0.17,725201,727195,1400-8-26,2021-11-17
789,ضغدر8057,اختيارخ وغدير-9000-1400/08/26,7,19,110145000,6242,6000,5741,-501,-8.03,5797,-445,-7.13,5708,6000,1400-8-26,2021-11-17
790,ضبدر8076,اختيارخ شبندر-3448-1400/08/30,7,23,317280108,3137,2902,3030,-107,-3.41,2945,-192,-6.12,2850,3030,1400-8-26,2021-11-17
791,اراد35,مرابحه عام دولت3-ش.خ 0103,7,47700,46343216200,969994,977000,977200,7206,0.74,971556,1562,0.16,969994,985000,1400-8-26,2021-11-17
792,ضمخا1037,اختيارخ اخابر-9000-1400/10/26,7,46,13094000,650,271,312,-338,-52,285,-365,-56.15,271,312,1400-8-26,2021-11-17
793,ضفلا1162,اختيارخ فولاد-9000-1400/11/24,6,18,53812000,3211,3110,2802,-409,-12.74,2990,-221,-6.88,2802,3110,1400-8-26,2021-11-17
794,سيناد,صندوق س.سپهرسودمند سينا-د,6,110250,1107152750,10040,10042,10046,6,0.06,10042,2,0.02,10041,10046,1400-8-26,2021-11-17
795,زير0103پ02,زيره سبز0103 دانش(پ),6,410,386255880,920000,920000,943124,23124,2.51,942087,22087,2.4,920000,943124,1400-8-26,2021-11-17
796,ضستا1005,اختيارخ شستا-14000-1400/10/29,6,403,120799000,252,300,259,7,2.78,300,48,19.05,259,300,1400-8-26,2021-11-17
797,اشاد10,مشاركت دولتي10-شرايط خاص001226,6,4600,4506096500,985940,956000,989999,4059,0.41,979586,-6354,-0.64,956000,989999,1400-8-26,2021-11-17
798,پاآذر,بار پايه آذر,6,115500,62103000,550,538,537,-13,-2.36,538,-12,-2.18,537,538,1400-8-26,2021-11-17
799,وحافظ,بيمه حافظ,6,90138,843781818,9650,9361,9361,-289,-2.99,9625,-25,-0.26,9361,9361,1400-8-26,2021-11-17
800,ضترا1133,اختيارخ شتران-4411-1400/11/10,6,34,41556377,613,580,500,-113,-18.43,539,-74,-12.07,500,580,1400-8-26,2021-11-17
801,ضفار1130,اختيارخ فارس-7400-1400/11/06,6,53,240450000,5000,4650,4350,-650,-13,4537,-463,-9.26,4350,4650,1400-8-26,2021-11-17
802,سخند,صندوق س.سپهرخبرگان نفت-د,6,10380,104366290,10050,10054,10055,5,0.05,10055,5,0.05,10054,10064,1400-8-26,2021-11-17
803,فنرژي,گسترش صنايع انرژي آذرآب,5,10039,123379310,12540,12290,12290,-250,-1.99,12534,-6,-0.05,12290,12290,1400-8-26,2021-11-17
804,ضصاد1115,اختيارخ وبصادر-3000-1400/11/06,5,220,7710000,21,40,30,9,42.86,35,14,66.67,30,40,1400-8-26,2021-11-17
805,اخزا904,اسنادخزانه-م4بودجه99-011215,5,9969,7528095494,755076,755001,755500,424,0.06,755150,74,0.01,755000,755500,1400-8-26,2021-11-17
806,فسديد,لوله‌وتجهيزات‌ سديد - ورشكسته,5,4780,500270020,105716,104659,104659,-1057,-1,105587,-129,-0.12,104659,104659,1400-8-26,2021-11-17
807,ضمخا1036,اختيارخ اخابر-8000-1400/10/26,5,76,66245000,1200,960,850,-350,-29.17,872,-328,-27.33,850,960,1400-8-26,2021-11-17
808,كبورس,كارگزاران بورس اوراق بهادار,5,500000,7500000000,14920,15000,15000,80,0.54,14930,10,0.07,15000,15000,1400-8-26,2021-11-17
809,هفجر102,اختيارف ت بفجر8626-01/02/11,5,12990,12990,1,1,1,0,0,1,0,0,1,1,1400-8-26,2021-11-17
810,عيار2,صندوق سكه طلاي مفيد,5,50000,50000,31785,1,1,-31784,-100,1,-31784,-100,1,1,1400-8-26,2021-11-17
811,زعف0008پ19,زعفران0008نگين تروند قاينات(پ),5,1022,255478000,236000,249000,250000,14000,5.93,249978,13978,5.92,249000,250000,1400-8-26,2021-11-17
812,داراب,پتروشيمي داراب,4,22543,48895767,2236,2169,2169,-67,-3,2236,0,0,2169,2169,1400-8-26,2021-11-17
813,ضبدر1165,اختيارخ شبندر-8000-1400/11/13,4,34,13260000,401,395,395,-6,-1.5,390,-11,-2.74,375,395,1400-8-26,2021-11-17
814,تملي704,تسهيلات مسكن ب. ملي-تير97,4,47,29164957,590982,620531,620531,29549,5,620531,29549,5,620531,620531,1400-8-26,2021-11-17
815,زعف0110پ08,زعفران0110نگين روستا(پ),4,156,50180032,308682,321912,320000,11318,3.67,321667,12985,4.21,320000,321912,1400-8-26,2021-11-17
816,ضملي1158,اختيارخ فملي-4500-1400/11/03,4,58,288380000,5500,4870,4950,-550,-10,4972,-528,-9.6,4870,5050,1400-8-26,2021-11-17
817,سرو2,صندوق س سروسودمند مدبران-سهام,4,740000,740000,72800,1,1,-72799,-100,1,-72799,-100,1,1,1400-8-26,2021-11-17
818,زعف0008پ09,زعفران0008نگين نوين(پ),4,1479,362833484,237798,240000,251596,13798,5.8,245324,7526,3.16,240000,251596,1400-8-26,2021-11-17
819,اخزا820,اسنادخزانه-م20بودجه98-020806,4,1103,720278943,654722,654985,653000,-1722,-0.26,653018,-1704,-0.26,653000,654985,1400-8-26,2021-11-17
820,اپرداز2,آتيه داده پرداز,4,26500000,676944500000,25466,25466,25593,127,0.5,25545,79,0.31,25466,25593,1400-8-26,2021-11-17
821,ضترا1134,اختيارخ شتران-5294-1400/11/10,4,61,31601980,300,270,220,-80,-26.67,229,-71,-23.67,220,270,1400-8-26,2021-11-17
822,تملي807,تسهيلات مسكن ب. ملي-مهر98,4,87,56246457,680537,646511,646511,-34026,-5,646511,-34026,-5,646511,646511,1400-8-26,2021-11-17
823,گكيش,توريستي ورفاهي آبادگران كيش,4,2419,95705316,40787,39564,39564,-1223,-3,40775,-12,-0.03,39564,39564,1400-8-26,2021-11-17
824,كمند2,صندوق س. با درآمد ثابت كمند,4,438000000,438000000,10055,1,1,-10054,-99.99,1,-10054,-99.99,1,1,1400-8-26,2021-11-17
825,ضذوب903,اختيارخ ذوب-4000-14000917,4,140,97000000,840,600,700,-140,-16.67,693,-147,-17.5,600,700,1400-8-26,2021-11-17
826,ضپال2006,اختيارخ اپال-28000-1401/02/12,4,50,45301000,1044,901,910,-134,-12.84,906,-138,-13.22,900,910,1400-8-26,2021-11-17
827,طلا2,صندوق س.پشتوانه طلاي لوتوس,3,300000,300000,88750,1,1,-88749,-100,1,-88749,-100,1,1,1400-8-26,2021-11-17
828,خراسان2,پتروشيمي خراسان,3,6425228,781179220240,121580,121580,121580,0,0,121580,0,0,121580,121580,1400-8-26,2021-11-17
829,سپيدما2,صندوق س. سپيد دماوند-د,3,25000000,25000000,11381,1,1,-11380,-99.99,1,-11380,-99.99,1,1,1400-8-26,2021-11-17
830,ضملت1136,اختيارخ وبملت-4500-1400/11/13,3,12,1238000,85,138,100,15,17.65,103,18,21.18,100,138,1400-8-26,2021-11-17
831,ضفلا1160,اختيارخ فولاد-7000-1400/11/24,3,6,28050000,5039,5000,4610,-429,-8.51,4675,-364,-7.22,4610,5000,1400-8-26,2021-11-17
832,اراد45,مرابحه عام دولت4-ش.خ 0107,3,10600,10538790000,998000,968000,1047900,49900,5,994225,-3775,-0.38,968000,1047900,1400-8-26,2021-11-17
833,وسقم,شركت س استان قم,3,48593,61567331,1333,1267,1267,-66,-4.95,1333,0,0,1267,1267,1400-8-26,2021-11-17
834,افران2,صندوق س افرا نماد پايدار-ثابت,3,23100000,23100000,14754,1,1,-14753,-99.99,1,-14753,-99.99,1,1,1400-8-26,2021-11-17
835,ضمخا1034,اختيارخ اخابر-6000-1400/10/26,3,62,118121000,1984,1911,2100,116,5.85,1905,-79,-3.98,1900,2100,1400-8-26,2021-11-17
836,ضملت1131,اختيارخ وبملت-2000-1400/11/13,3,90,117000000,1345,1300,1300,-45,-3.35,1300,-45,-3.35,1300,1300,1400-8-26,2021-11-17
837,تملي712,تسهيلات مسكن ب. ملي-اسفند97,3,100,74489450,773514,734839,812189,38675,5,744894,-28620,-3.7,734839,812189,1400-8-26,2021-11-17
838,ضترا1130,اختيارخ شتران-3089-1400/11/10,3,6,19942799,1505,1538,1400,-105,-6.98,1466,-39,-2.59,1400,1538,1400-8-26,2021-11-17
839,آسام,صندوق س.آرمان سپهر آشنا-م,3,250,30435000,121129,121500,121700,571,0.47,121740,611,0.5,121500,122000,1400-8-26,2021-11-17
840,فباهنرح,ح . مس‌ شهيدباهنر,3,1269,30189510,23790,23790,23790,0,0,23790,0,0,23790,23790,1400-8-26,2021-11-17
841,ضبدر8079,اختيارخ شبندر-6011-1400/08/30,3,13,36207320,650,800,500,-150,-23.08,595,-55,-8.46,500,800,1400-8-26,2021-11-17
842,اخزا918,اسنادخزانه-م18بودجه99-010323,3,8004,7051530400,884400,881003,881000,-3400,-0.38,881001,-3399,-0.38,881000,881003,1400-8-26,2021-11-17
843,ضغدر8056,اختيارخ وغدير-8000-1400/08/26,3,4,28000000,7000,7000,7000,0,0,7000,0,0,7000,7000,1400-8-26,2021-11-17
844,ضبدر8074,اختيارخ شبندر-2595-1400/08/30,3,18,316713344,4100,3702,3800,-300,-7.32,3756,-344,-8.39,3702,3800,1400-8-26,2021-11-17
845,ياقوت2,صندوق س ياقوت آگاه-ثابت,2,19481000,19481000,13591,1,1,-13590,-99.99,1,-13590,-99.99,1,1,1400-8-26,2021-11-17
846,مشير112,مشاركت شهرداري شيراز-3ماهه18%,2,20000,20000000000,1000000,1000000,1000000,0,0,1000000,0,0,1000000,1000000,1400-8-26,2021-11-17
847,تاصيكو2,سرمايه گذاري صدرتامين,2,38000000,347700000000,9150,9150,9150,0,0,9150,0,0,9150,9150,1400-8-26,2021-11-17
848,اراد50,مرابحه عام دولت5-ش.خ0302,2,40000,40000040000,1000000,1000001,1000001,1,0,1000001,1,0,1000001,1000001,1400-8-26,2021-11-17
849,زعف0110پ19,زعفران0110نگين تروند قاينات(پ),2,40,12300220,299312,307500,307511,8199,2.74,307505,8193,2.74,307500,307511,1400-8-26,2021-11-17
850,ضگل1156,اختيارخ كگل-28000-1400/11/17,2,200,240000000,1220,1200,1200,-20,-1.64,1200,-20,-1.64,1200,1200,1400-8-26,2021-11-17
851,سفارود,كارخانه فارسيت درود,2,6376,101952240,16316,15990,15990,-326,-2,16309,-7,-0.04,15990,15990,1400-8-26,2021-11-17
852,ضغدر1130,اختيارخ وغدير-10000-1400/11/20,2,49,294000000,5878,6000,6000,122,2.08,6000,122,2.08,6000,6000,1400-8-26,2021-11-17
853,مارون4,پتروشيمي مارون,2,1241794126,10156224364492,181983,8178.67,8178.67,-173804.33,-95.51,8178.67,-173804.33,-95.51,8178.67,8178.67,1400-8-26,2021-11-17
854,ضغدر8060,اختيارخ وغدير-14000-1400/08/26,2,65,77000000,2970,1200,1000,-1970,-66.33,1185,-1785,-60.1,1000,1200,1400-8-26,2021-11-17
855,نگين,ص.س. زمين و ساختمان نگين شهرري,2,150,7783500,52140,51890,51890,-250,-0.48,51890,-250,-0.48,51890,51890,1400-8-26,2021-11-17
856,اراد544,مرابحه عام دولت5-ش.خ 0109,2,10000000,9491460000000,990000,949162,949130,-40870,-4.13,949146,-40854,-4.13,949130,949162,1400-8-26,2021-11-17
857,تملي705,تسهيلات مسكن ب. ملي-مرداد97,2,24,13834808,549001,576450,576451,27450,5,576450,27449,5,576450,576451,1400-8-26,2021-11-17
858,سايرا,ايرانيت‌,2,308,10396848,34444,33756,33756,-688,-2,34443,-1,0,33756,33756,1400-8-26,2021-11-17
859,اراد43,مرابحه عام دولت4-ش.خ 0205,2,32000,30400000000,950000,950000,950000,0,0,950000,0,0,950000,950000,1400-8-26,2021-11-17
860,شتولي,تولي‌پرس‌,2,750,15196500,20675,20262,20262,-413,-2,20674,-1,0,20262,20262,1400-8-26,2021-11-17
861,ضبدر1164,اختيارخ شبندر-7000-1400/11/13,1,42,31500000,750,750,750,0,0,750,0,0,750,750,1400-8-26,2021-11-17
862,ضصاد1110,اختيارخ وبصادر-1400-1400/11/06,1,3,1860000,575,620,620,45,7.83,620,45,7.83,620,620,1400-8-26,2021-11-17
863,طفلا1163,اختيارف فولاد-10000-1400/11/24,1,1,36000,273,36,36,-237,-86.81,36,-237,-86.81,36,36,1400-8-26,2021-11-17
864,شفنح2,ح . پتروشيمي فناوران,1,33440000,428032000000,13222,12800,12800,-422,-3.19,12800,-422,-3.19,12800,12800,1400-8-26,2021-11-17
865,وغدير2,سرمايه‌گذاري‌غدير(هلدينگ‌,1,30144919,456394073660,15130,15140,15140,10,0.07,15140,10,0.07,15140,15140,1400-8-26,2021-11-17
866,اخزا0082,اسنادخزانه-م8بودجه00-030919,1,159500,81345000000,513814,510000,510000,-3814,-0.74,510000,-3814,-0.74,510000,510000,1400-8-26,2021-11-17
867,پارند4,صندوق س. پارند پايدار سپهر,1,69000000,694416000000,10057,10064,10064,7,0.07,10064,7,0.07,10064,10064,1400-8-26,2021-11-17
868,طجار1021,اختيارف وتجارت-1800-1400/10/15,1,100,6500000,55,65,65,10,18.18,65,10,18.18,65,65,1400-8-26,2021-11-17
869,هماي2,صندوق س هماي آگاه-ثابت,1,33448000,33448000,10145,1,1,-10144,-99.99,1,-10144,-99.99,1,1,1400-8-26,2021-11-17
870,كمند4,صندوق س. با درآمد ثابت كمند,1,250000000,2516000000000,10055,10064,10064,9,0.09,10064,9,0.09,10064,10064,1400-8-26,2021-11-17
871,اراد314,مرابحه عام دولت3-ش.خ 0208,1,681000,554058195000,929100,813595,813595,-115505,-12.43,813595,-115505,-12.43,813595,813595,1400-8-26,2021-11-17
872,سكارون2,سيمان كارون,1,2551394,147246050528,56264,57712,57712,1448,2.57,57712,1448,2.57,57712,57712,1400-8-26,2021-11-17
873,ضفار1134,اختيارخ فارس-13400-1400/11/06,1,36,15120000,400,420,420,20,5,420,20,5,420,420,1400-8-26,2021-11-17
874,اراد834,مرابحه عام دولت83-ش.خ041220,1,2000000,2000000000000,1000000,1000000,1000000,0,0,1000000,0,0,1000000,1000000,1400-8-26,2021-11-17
875,اخزا916,اسنادخزانه-م16بودجه99-020528,1,5554,4146061000,732300,746500,746500,14200,1.94,746500,14200,1.94,746500,746500,1400-8-26,2021-11-17
876,ضستا1000,اختيارخ شستا-7000-1400/10/29,1,10,43800000,1,4380,4380,4379,437900,4380,4379,437900,4380,4380,1400-8-26,2021-11-17
877,داريوش2,صندوق س. ثروت داريوش -س,1,100000,100000,9813,1,1,-9812,-99.99,1,-9812,-99.99,1,1,1400-8-26,2021-11-17
878,ضذوب902,اختيارخ ذوب-3500-14000917,1,1,750000,835,750,750,-85,-10.18,750,-85,-10.18,750,750,1400-8-26,2021-11-17
879,وصندوق2,سرمايه‌گذاري‌صندوق‌بازنشستگي‌,1,95973962,1839820851540,19170,19170,19170,0,0,19170,0,0,19170,19170,1400-8-26,2021-11-17
880,فولاد2,فولاد مباركه اصفهان,1,40000000,448800000000,11220,11220,11220,0,0,11220,0,0,11220,11220,1400-8-26,2021-11-17
881,تملي707,تسهيلات مسكن ب. ملي-مهر97,1,14,10990000,800585,785000,785000,-15585,-1.95,785000,-15585,-1.95,785000,785000,1400-8-26,2021-11-17
882,ضپاس1010,اختيارخ وپارس-1800-1400/10/22,1,50,24950000,570,499,499,-71,-12.46,499,-71,-12.46,499,499,1400-8-26,2021-11-17
883,البرز2,بيمه البرز,1,85727874,184314929100,2112,2150,2150,38,1.8,2150,38,1.8,2150,2150,1400-8-26,2021-11-17
884,ضستا1001,اختيارخ شستا-8000-1400/10/29,1,1,3780000,1,3780,3780,3779,377900,3780,3779,377900,3780,3780,1400-8-26,2021-11-17
885,هپارس102,اختيارف ت پارس-157010-01/02/05,1,2500,2500,1,1,1,0,0,1,0,0,1,1,1400-8-26,2021-11-17
886,رايان106,مشاركت رايان سايپا-3ماهه16%,1,62,60452852,975046,975046,975046,0,0,975046,0,0,975046,975046,1400-8-26,2021-11-17
887,کم ر 9,کم باري روز 9,1,3000,1740000,570,580,580,10,1.75,580,10,1.75,580,580,1400-8-26,2021-11-17
888,ضفار1131,اختيارخ فارس-8400-1400/11/06,1,10,35000000,4000,3500,3500,-500,-12.5,3500,-500,-12.5,3500,3500,1400-8-26,2021-11-17
889,گپارس,امور رفاهي كارگزاران پارس,1,38,5091164,138121,133978,133978,-4143,-3,138119,-2,0,133978,133978,1400-8-26,2021-11-17
890,شسم,توليد سموم‌ علف‌ كش,1,200,20574400,100855,102872,102872,2017,2,100863,8,0.01,102872,102872,1400-8-26,2021-11-17
891,ضپاس1009,اختيارخ وپارس-1600-1400/10/22,1,50,37250000,747,745,745,-2,-0.27,745,-2,-0.27,745,745,1400-8-26,2021-11-17
892,حاريا,كشتيراني آريا,1,330,5012700,15500,15190,15190,-310,-2,15500,0,0,15190,15190,1400-8-26,2021-11-17
893,كارين4,صندوق س نگين سامان-ثابت,1,69000000,699798000000,10135,10142,10142,7,0.07,10142,7,0.07,10142,10142,1400-8-26,2021-11-17
894,نكالا2,نهادهاي مالي بورس كالاي ايران,1,11180971,372326334300,32530,33300,33300,770,2.37,33300,770,2.37,33300,33300,1400-8-26,2021-11-17
895,خعمرا,توسعه و عمران شهرستان نائين,1,1,3978,3863,3978,3978,115,2.98,3863,0,0,3978,3978,1400-8-26,2021-11-17
896,وهامون2,سرمايه گذاري هامون صبا,1,28905094,83564626754,2891,2891,2891,0,0,2891,0,0,2891,2891,1400-8-26,2021-11-17
897,وسصفا,شركت س استان اصفهان,1,7700,5336100,729,693,693,-36,-4.94,729,0,0,693,693,1400-8-26,2021-11-17
898,حريل2,ريل پردازسير,1,32000000,98240000000,3070,3070,3070,0,0,3070,0,0,3070,3070,1400-8-26,2021-11-17
899,دمعيار2,صندوق س. توازن معيار-د,1,600000,600000,10009,1,1,-10008,-99.99,1,-10008,-99.99,1,1,1400-8-26,2021-11-17
900,گنجين4,صندوق س. گنجينه يكم آويد-د,1,35319850,500093756150,14150,14159,14159,9,0.06,14159,9,0.06,14159,14159,1400-8-26,2021-11-17
901,ضپنا1030,اختيارخ رمپنا-11850-1400/10/08,1,40,88920000,6200,2223,2223,-3977,-64.15,2223,-3977,-64.15,2223,2223,1400-8-26,2021-11-17
902,ياقوت4,صندوق س ياقوت آگاه-ثابت,1,35000000,475440000000,13591,13584,13584,-7,-0.05,13584,-7,-0.05,13584,13584,1400-8-26,2021-11-17
903,فملي2,ملي‌ صنايع‌ مس‌ ايران‌,1,40000000,531200000000,13280,13280,13280,0,0,13280,0,0,13280,13280,1400-8-26,2021-11-17
904,کم ر 11,کم باري روز 11,1,3000,1740000,222,580,580,358,161.26,580,358,161.26,580,580,1400-8-26,2021-11-17
905,اخزا906,اسنادخزانه-م6بودجه99-020321,1,835,594499960,711976,711976,711976,0,0,711976,0,0,711976,711976,1400-8-26,2021-11-17
906,تاپيكو2,س. نفت و گاز و پتروشيمي تأمين,1,90000000,1293300000000,14370,14370,14370,0,0,14370,0,0,14370,14370,1400-8-26,2021-11-17
907,ضفار1129,اختيارخ فارس-6400-1400/11/06,1,19,97470000,5880,5130,5130,-750,-12.76,5130,-750,-12.76,5130,5130,1400-8-26,2021-11-17
908,ضفلا1161,اختيارخ فولاد-8000-1400/11/24,1,20,93000000,4660,4650,4650,-10,-0.21,4650,-10,-0.21,4650,4650,1400-8-26,2021-11-17
909,سپيدما4,صندوق س. سپيد دماوند-د,1,25000000,284675000000,11381,11387,11387,6,0.05,11387,6,0.05,11387,11387,1400-8-26,2021-11-17
910,کم ر 10,کم باري روز 10,1,3000,1740000,237,580,580,343,144.73,580,343,144.73,580,580,1400-8-26,2021-11-17
911,اوصتا4,صندوق انديشه ورزان صباتامين -د,1,97323601,2000000000550,20521,20550,20550,29,0.14,20550,29,0.14,20550,20550,1400-8-26,2021-11-17
912,طپاس1011,اختيارف وپارس-2000-1400/10/22,1,70,3150000,55,45,45,-10,-18.18,45,-10,-18.18,45,45,1400-8-26,2021-11-17
913,اخزا9162,اسنادخزانه-م16بودجه99-020528,1,3075000,2295853425000,732300,746619,746619,14319,1.96,746619,14319,1.96,746619,746619,1400-8-26,2021-11-17
914,ضملي1162,اختيارخ فملي-8000-1400/11/03,1,1,550000,549,550,550,1,0.18,550,1,0.18,550,550,1400-8-26,2021-11-17
915,ثباغ2,شهر سازي و خانه سازي باغميشه,1,13100000,115293100000,8407,8801,8801,394,4.69,8801,394,4.69,8801,8801,1400-8-26,2021-11-17
916,شفن4,پتروشيمي فناوران,1,13440000,189100800000,13400,14070,14070,670,5,14070,670,5,14070,14070,1400-8-26,2021-11-17
917,اراد76,مرابحه عام دولت76-ش.خ030406,1,5000,4800000000,973000,960000,960000,-13000,-1.34,960000,-13000,-1.34,960000,960000,1400-8-26,2021-11-17
918,ضبدر8077,اختيارخ شبندر-4302-1400/08/30,1,1,9368000,2400,2000,2000,-400,-16.67,2000,-400,-16.67,2000,2000,1400-8-26,2021-11-17
919,وتجارت2,بانك تجارت,1,94278736,184314928880,1916,1955,1955,39,2.04,1955,39,2.04,1955,1955,1400-8-26,2021-11-17
920,كلر2,كلر پارس,1,1550000,162932900000,105118,105118,105118,0,0,105118,0,0,105118,105118,1400-8-26,2021-11-17
921,وسالت,بانك قرض الحسنه رسالت,1,5000,5410000,1051,1082,1082,31,2.95,1051,0,0,1082,1082,1400-8-26,2021-11-17
922,اراد764,مرابحه عام دولت76-ش.خ030406,1,40000,37600000000,973000,940000,940000,-33000,-3.39,940000,-33000,-3.39,940000,940000,1400-8-26,2021-11-17
923,ضستا1002,اختيارخ شستا-9000-1400/10/29,1,5,14950000,2350,2990,2990,640,27.23,2990,640,27.23,2990,2990,1400-8-26,2021-11-17
924,پارس2,پتروشيمي پارس,1,2391000,456394080000,190870,190880,190880,10,0.01,190880,10,0.01,190880,190880,1400-8-26,2021-11-17
925,ضغدر8055,اختيارخ وغدير-7000-1400/08/26,1,2,16000000,10000,8000,8000,-2000,-20,8000,-2000,-20,8000,8000,1400-8-26,2021-11-17
926,مديريت2,س. و خدمات مديريت صند. ب كشوري,1,10000000,92760000000,9276,9276,9276,0,0,9276,0,0,9276,9276,1400-8-26,2021-11-17
927,تملت2,تامين سرمايه بانك ملت,1,20000000,72000000000,3598,3600,3600,2,0.06,3600,2,0.06,3600,3600,1400-8-26,2021-11-17
928,افاد51,منفعت دولت5-ش.خاص كاردان0108,1,25000,24999975000,999999,999999,999999,0,0,999999,0,0,999999,999999,1400-8-26,2021-11-17
929,آساميد4,صندوق س.مشترك آسمان اميد -د,1,52100000,699703000000,13419,13430,13430,11,0.08,13430,11,0.08,13430,13430,1400-8-26,2021-11-17
930,تسه99102,امتياز تسهيلات مسكن دي99,1,240,2400,798778,10,10,-798768,-100,10,-798768,-100,10,10,1400-8-26,2021-11-17
931,کمآذر,کم باري آذر,1,1600,768000,482,480,480,-2,-0.41,480,-2,-0.41,480,480,1400-8-26,2021-11-17
932,تسه98102,امتياز تسهيلات مسكن دي98,1,80,800,792050,10,10,-792040,-100,10,-792040,-100,10,10,1400-8-26,2021-11-17
