,نماد,نام,تعداد,حجم,ارزش,دیروز,اولین,آخرین معامله - مقدار,آخرین معامله - تغییر,آخرین معامله - درصد,قیمت پایانی - مقدار,قیمت پایانی - تغییر,قیمت پایانی - درصد,کمترین,بیشترین,تاریخ,gregorian_date
0,خودرو,ايران‌ خودرو,35796,1299565455,2838191179423,2221,2235,2112,-109,-4.91,2184,-37,-1.67,2110,2300,1400-9-20,2021-12-11
1,خساپا,سايپا,17814,628275961,1112332748965,1825,1800,1734,-91,-4.99,1770,-55,-3.01,1734,1847,1400-9-20,2021-12-11
2,پالايش,صندوق پالايشي يكم-سهام,17006,15998143,1122686145960,71340,70900,69940,-1400,-1.96,70180,-1160,-1.63,69700,71000,1400-9-20,2021-12-11
3,دارا يكم,صندوق واسطه گري مالي يكم-سهام,8655,4926764,544166021520,111190,111990,110030,-1160,-1.04,110450,-740,-0.67,109630,112100,1400-9-20,2021-12-11
4,شستا,سرمايه گذاري تامين اجتماعي,8454,35269621,378094808880,10750,10800,10630,-120,-1.12,10720,-30,-0.28,10630,10980,1400-9-20,2021-12-11
5,فرابورس,فرابورس ايران,8453,31084446,574368562402,18874,18800,18130,-744,-3.94,18478,-396,-2.1,17931,19250,1400-9-20,2021-12-11
6,كالا,بورس كالاي ايران,7549,27250831,799322284240,28200,29610,28800,600,2.13,29330,1130,4.01,28010,29610,1400-9-20,2021-12-11
7,بركت,گروه دارويي بركت,7038,24690084,439200727770,18580,18650,17660,-920,-4.95,17790,-790,-4.25,17660,18650,1400-9-20,2021-12-11
8,سمگا,گروه سرمايه گذاري ميراث فرهنگي,6996,68460149,862922537167,12375,12993,12400,25,0.2,12605,230,1.86,12150,12993,1400-9-20,2021-12-11
9,خگستر,گسترش‌سرمايه‌گذاري‌ايران‌خودرو,6592,198086651,496242117790,2553,2580,2429,-124,-4.86,2505,-48,-1.88,2426,2630,1400-9-20,2021-12-11
10,انرژي3,سايراشخاص بورس انرژي,6541,4238549,441470097300,106110,106200,102000,-4110,-3.87,104160,-1950,-1.84,101650,107740,1400-9-20,2021-12-11
11,فملي,ملي‌ صنايع‌ مس‌ ايران‌,5676,39523147,260689049410,6610,6610,6560,-50,-0.76,6600,-10,-0.15,6510,6720,1400-9-20,2021-12-11
12,فولاد,فولاد مباركه اصفهان,5344,38903883,405066125380,10460,10540,10350,-110,-1.05,10410,-50,-0.48,10320,10600,1400-9-20,2021-12-11
13,فسبزوار,پارس فولاد سبزوار,5224,3770262,131018194710,34780,35160,34270,-510,-1.47,34750,-30,-0.09,34260,35160,1400-9-20,2021-12-11
14,شبندر,پالايش نفت بندرعباس,5110,51956989,331742868750,6450,6450,6340,-110,-1.71,6380,-70,-1.09,6280,6500,1400-9-20,2021-12-11
15,فجهان,مجتمع جهان فولاد سيرجان,4974,24899853,136787485928,5484,5421,5447,-37,-0.67,5494,10,0.18,5421,5505,1400-9-20,2021-12-11
16,خبهمن,گروه‌بهمن‌,4942,203361204,406195217607,2034,2050,1940,-94,-4.62,1997,-37,-1.82,1935,2078,1400-9-20,2021-12-11
17,بورس,بورس اوراق بهادار تهران,4547,27635227,333159671930,12240,12460,11820,-420,-3.43,12060,-180,-1.47,11710,12540,1400-9-20,2021-12-11
18,كمند,صندوق س. با درآمد ثابت كمند,4230,151966543,1523874031207,10015,10028,10028,13,0.13,10028,13,0.13,10027,10029,1400-9-20,2021-12-11
19,كدما,معدني‌ دماوند,4105,3073979,196686769550,66650,69000,63320,-3330,-5,63980,-2670,-4.01,63320,69000,1400-9-20,2021-12-11
20,شپنا,پالايش نفت اصفهان,4012,33750282,201267844270,5990,6010,5900,-90,-1.5,5960,-30,-0.5,5890,6070,1400-9-20,2021-12-11
21,پترول,گ.س.وت.ص.پتروشيمي خليج فارس,4000,57183682,143478264753,2561,2560,2479,-82,-3.2,2509,-52,-2.03,2458,2600,1400-9-20,2021-12-11
22,ضخود1052,اختيارخ خودرو-2000-1400/10/08,3946,166702,32702894000,244,205,145,-99,-40.57,196,-48,-19.67,126,269,1400-9-20,2021-12-11
23,كرمان,س. توسعه و عمران استان كرمان,3819,116861496,107928319842,936,950,918,-18,-1.92,924,-12,-1.28,910,952,1400-9-20,2021-12-11
24,آريا,پليمر آريا ساسول,3578,1198066,129158988255,109620,108890,107250,-2370,-2.16,107806,-1814,-1.65,106800,108890,1400-9-20,2021-12-11
25,كيمياتك,آريان كيميا تك,3392,2371656,58116278590,24560,24630,24560,0,0,24500,-60,-0.24,24310,24970,1400-9-20,2021-12-11
26,كيان,صندوق س. با درآمد ثابت كيان,3309,42281785,1353249370095,31956,32005,32007,51,0.16,32005,49,0.15,32003,32007,1400-9-20,2021-12-11
27,نوري,پتروشيمي نوري,3275,1852190,199603920200,108820,109500,107930,-890,-0.82,107770,-1050,-0.96,106950,109500,1400-9-20,2021-12-11
28,وتجارت,بانك تجارت,3204,78054635,140885355227,1809,1811,1790,-19,-1.05,1805,-4,-0.22,1780,1851,1400-9-20,2021-12-11
29,ضخود1053,اختيارخ خودرو-2500-1400/10/08,3130,151683,3205426000,42,45,17,-25,-59.52,21,-21,-50,14,45,1400-9-20,2021-12-11
30,گدنا,تهيه توزيع غذاي دنا آفرين فدك,2925,2629059,33448742502,12936,12480,12304,-632,-4.89,12723,-213,-1.65,12300,13200,1400-9-20,2021-12-11
31,بركتح,ح . گروه دارويي بركت,2844,9008634,128844094030,15390,15300,14000,-1390,-9.03,14300,-1090,-7.08,13860,15300,1400-9-20,2021-12-11
32,شتران,پالايش نفت تهران,2822,25054765,105090491563,4191,4201,4175,-16,-0.38,4194,3,0.07,4141,4245,1400-9-20,2021-12-11
33,سپيد,سپيد ماكيان,2691,2099321,126573164120,59170,60600,60980,1810,3.06,60290,1120,1.89,60030,61000,1400-9-20,2021-12-11
34,شاروم,پتروشيمي اروميه,2657,2678089,37782410205,13880,13617,14100,220,1.59,14108,228,1.64,13617,14360,1400-9-20,2021-12-11
35,وبملت,بانك ملت,2598,51994361,151223241271,2918,2932,2900,-18,-0.62,2908,-10,-0.34,2857,2970,1400-9-20,2021-12-11
36,غاذر,كشت‌وصنعت‌پياذر,2591,7699072,337794201450,42920,43010,41600,-1320,-3.08,43870,950,2.21,40900,45060,1400-9-20,2021-12-11
37,ذوب,سهامي ذوب آهن  اصفهان,2576,32001668,110826996114,3495,3530,3410,-85,-2.43,3463,-32,-0.92,3401,3540,1400-9-20,2021-12-11
38,شگويا,پتروشيمي تندگويان,2569,8070468,90205011670,11152,11152,11020,-132,-1.18,11173,21,0.19,11009,11500,1400-9-20,2021-12-11
39,غزر,صنعتي زر ماكارون,2543,3374994,34167267270,10550,10460,10030,-520,-4.93,10120,-430,-4.08,10030,10550,1400-9-20,2021-12-11
40,وبصادر,بانك صادرات ايران,2528,64097000,109064330783,1699,1715,1681,-18,-1.06,1701,2,0.12,1670,1750,1400-9-20,2021-12-11
41,امين,تامين سرمايه امين,2469,1528457,18644302970,12180,12190,12210,30,0.25,12190,10,0.08,12150,12220,1400-9-20,2021-12-11
42,تپكو,توليدتجهيزات‌سنگين‌هپكو,2428,80340093,242969196699,3179,3021,3021,-158,-4.97,3024,-155,-4.88,3021,3100,1400-9-20,2021-12-11
43,ثبهساز,بهساز كاشانه تهران,2402,14600093,22563509024,1576,1552,1532,-44,-2.79,1545,-31,-1.97,1512,1598,1400-9-20,2021-12-11
44,فاذر,صنايع‌ آذرآب‌,2345,195114906,175733354042,859,900,901,42,4.89,901,42,4.89,880,901,1400-9-20,2021-12-11
45,توسن,توسعه سامانه ي نرم افزاري نگين,2340,5513969,111294137500,21086,20450,20032,-1054,-5,20184,-902,-4.28,20032,20905,1400-9-20,2021-12-11
46,وخارزم,سرمايه گذاري خوارزمي,2289,22007725,94916942384,4340,4355,4261,-79,-1.82,4313,-27,-0.62,4210,4426,1400-9-20,2021-12-11
47,شفن,پتروشيمي فناوران,2257,16855449,239579960030,14910,14440,14170,-740,-4.96,14210,-700,-4.69,14170,14740,1400-9-20,2021-12-11
48,امين يكم,صندوق درآمد ثابت امين يكم فردا,2223,65974540,665675453682,10080,10095,10093,13,0.13,10090,10,0.1,10089,10095,1400-9-20,2021-12-11
49,بوعلي,پتروشيمي بوعلي سينا,2203,674454,49189065250,73100,72790,73060,-40,-0.05,73020,-80,-0.11,72190,74140,1400-9-20,2021-12-11
50,مديريت,س. و خدمات مديريت صند. ب كشوري,2152,4962846,43752696305,9047,9080,8799,-248,-2.74,8816,-231,-2.55,8600,9080,1400-9-20,2021-12-11
51,لپارس,پارس‌ الكتريك‌,2121,1296489,111896789370,90360,90490,85850,-4510,-4.99,86310,-4050,-4.48,85850,90810,1400-9-20,2021-12-11
52,وسكرد,شركت س استان كردستان,2097,195322758,90567523431,443,465,465,22,4.97,464,21,4.74,453,465,1400-9-20,2021-12-11
53,كاما,باما,2072,12683087,90314501180,7110,7110,7010,-100,-1.41,7120,10,0.14,6980,7350,1400-9-20,2021-12-11
54,طلا,صندوق س.پشتوانه طلاي لوتوس,2045,6228691,583325037197,94694,94330,92256,-2438,-2.57,93651,-1043,-1.1,92201,94694,1400-9-20,2021-12-11
55,اعتماد,صندوق س.اعتماد آفرين پارسيان-د,2032,35915550,1456777222370,40517,40560,40563,46,0.11,40561,44,0.11,40560,40563,1400-9-20,2021-12-11
56,شفنح,ح . پتروشيمي فناوران,2004,10684272,113423569320,11110,11060,10390,-720,-6.48,10620,-490,-4.41,10330,11290,1400-9-20,2021-12-11
57,چخزر,صنايع چوب خزر كاسپين,2000,878013,23160449678,27508,27011,26140,-1368,-4.97,26378,-1130,-4.11,26133,27360,1400-9-20,2021-12-11
58,وسپهر,سرمايه گذاري مالي سپهرصادرات,1981,6935851,48967437520,7060,7060,7060,0,0,7060,0,0,7060,7070,1400-9-20,2021-12-11
59,بپيوند,برق و انرژي پيوندگستر پارس,1981,852314,8117095664,9533,9600,9325,-208,-2.18,9528,-5,-0.05,9200,9710,1400-9-20,2021-12-11
60,صبا,سرمايه گذاري صبا تامين,1974,14778065,88986889567,6078,6030,6009,-69,-1.14,6032,-46,-0.76,6002,6124,1400-9-20,2021-12-11
61,وهامون,سرمايه گذاري هامون صبا,1967,4942275,13598786478,2747,2745,2730,-17,-0.62,2751,4,0.15,2728,2797,1400-9-20,2021-12-11
62,حفاري,حفاري شمال,1959,34354378,139125732613,3874,3990,4067,193,4.98,4050,176,4.54,3831,4067,1400-9-20,2021-12-11
63,خمهرح,ح . مهركام‌پارس‌,1945,35972842,29880136991,883,870,820,-63,-7.13,831,-52,-5.89,802,887,1400-9-20,2021-12-11
64,ومدير,گ.مديريت ارزش سرمايه ص ب كشوري,1897,5629572,24768024344,4422,4451,4362,-60,-1.36,4400,-22,-0.5,4360,4500,1400-9-20,2021-12-11
65,وگردش,بانك گردشگري,1888,39652844,453277385109,11332,11500,11671,339,2.99,11431,99,0.87,11027,11671,1400-9-20,2021-12-11
66,تسه0008,امتيازتسهيلات مسكن آبان1400,1857,51278,50524120482,939352,986319,986319,46967,5,985298,45946,4.89,912522,986319,1400-9-20,2021-12-11
67,سپيدار,سپيدار سيستم آسيا,1842,2251166,44488846487,20717,20620,19682,-1035,-5,19763,-954,-4.6,19682,20620,1400-9-20,2021-12-11
68,خنصير,مهندسي‌نصيرماشين‌,1839,4504760,85273833960,18660,19000,18870,210,1.13,18930,270,1.45,18500,19480,1400-9-20,2021-12-11
69,وسديد,گروه ‌صنعتي‌سديد,1823,33068411,37498738252,1102,1135,1135,33,2.99,1134,32,2.9,1112,1135,1400-9-20,2021-12-11
70,وكبهمن,مديريت سرمايه گذاري كوثربهمن,1821,868930,8525665597,9856,9711,9840,-16,-0.16,9831,-25,-0.25,9711,9998,1400-9-20,2021-12-11
71,آبادا,توليد نيروي برق آبادان,1818,1251048,12038083810,10040,9900,9560,-480,-4.78,9690,-350,-3.49,9540,10040,1400-9-20,2021-12-11
72,خزاميا,زامياد,1805,18646312,129590483120,7200,7200,6840,-360,-5,6950,-250,-3.47,6840,7320,1400-9-20,2021-12-11
73,بگيلان,توسعه مسير برق گيلان,1795,418783,5824340081,14141,13656,13860,-281,-1.99,14084,-57,-0.4,13656,14001,1400-9-20,2021-12-11
74,سحرخيز,صندوق س. گروه زعفران سحرخيز,1745,2837451,51191119030,19169,18998,17640,-1529,-7.98,18041,-1128,-5.88,17410,18998,1400-9-20,2021-12-11
75,رافزا,رايان هم افزا,1741,186405,10341524856,56716,57050,55614,-1102,-1.94,55844,-872,-1.54,54000,57050,1400-9-20,2021-12-11
76,غكورش,صنعت غذايي كورش,1735,764493,35894176560,47600,47030,47610,10,0.02,47190,-410,-0.86,46110,48000,1400-9-20,2021-12-11
77,وغدير,سرمايه‌گذاري‌غدير(هلدينگ‌,1732,7505100,112031897310,15000,15050,15050,50,0.33,14930,-70,-0.47,14750,15230,1400-9-20,2021-12-11
78,نهال,صندوق س. طلاي سرخ نوويرا,1721,3251837,61541933370,19988,20005,18517,-1471,-7.36,18925,-1063,-5.32,18218,20005,1400-9-20,2021-12-11
79,ختور,رادياتور ايران‌,1702,6169404,87523713390,14630,14750,13900,-730,-4.99,14190,-440,-3.01,13900,15100,1400-9-20,2021-12-11
80,ودي,بيمه  دي,1684,18083731,76581783223,4134,4143,4340,206,4.98,4235,101,2.44,4100,4340,1400-9-20,2021-12-11
81,غگيلا,شيرپاستوريزه پگاه گيلان,1672,2018121,28029303104,14220,14440,13660,-560,-3.94,13889,-331,-2.33,13520,14440,1400-9-20,2021-12-11
82,وسكرمان,س.سهام عدالت استان كرمان,1665,125967754,59091837309,451,473,466,15,3.33,469,18,3.99,459,473,1400-9-20,2021-12-11
83,سيتا,سرمايه گذاري سيمان تامين,1644,1765381,16060557160,9140,9180,9140,0,0,9120,-20,-0.22,9030,9250,1400-9-20,2021-12-11
84,ولپارس,ليزينگ پارسيان,1630,1761789,5738792343,3255,3320,3254,-1,-0.03,3256,1,0.03,3200,3400,1400-9-20,2021-12-11
85,انار,صندوق س.انارنماد ارزش-درسهام,1619,10566378,105663780000,10000,10000,10000,0,0,10000,0,0,10000,10000,1400-9-20,2021-12-11
86,شلرد,كود شيميايي اوره لردگان,1588,8082420,94804777601,11482,11610,11812,330,2.87,11730,248,2.16,11374,11814,1400-9-20,2021-12-11
87,سدبير,س. تدبيرگران فارس وخوزستان,1579,1875022,102836028270,55789,53000,55850,61,0.11,54845,-944,-1.69,53000,57700,1400-9-20,2021-12-11
88,كزغال,زغال سنگ پروده طبس,1575,642124,19766519277,30944,30704,31000,56,0.18,30815,-129,-0.42,30320,31317,1400-9-20,2021-12-11
89,لطيف,محصولات كاغذي لطيف,1497,202892,7470000514,37385,36586,37250,-135,-0.36,37098,-287,-0.77,36406,37254,1400-9-20,2021-12-11
90,ولكار,ليزينگ كارآفرين,1488,466348,1890381514,4129,4030,4043,-86,-2.08,4119,-10,-0.24,4030,4141,1400-9-20,2021-12-11
91,فگستر,گسترش صنايع روي ايرانيان,1477,644386,5957265148,9159,9071,9200,41,0.45,9193,34,0.37,9070,9450,1400-9-20,2021-12-11
92,زملارد,كشاورزي و دامپروري ملارد شير,1466,243175,4695209783,19473,18790,19102,-371,-1.91,19421,-52,-0.27,18790,20237,1400-9-20,2021-12-11
93,سبزوا,سيمان لار سبزوار,1447,23444661,44434252268,1958,1950,1870,-88,-4.49,1895,-63,-3.22,1861,1992,1400-9-20,2021-12-11
94,ختوقا,قطعات‌ اتومبيل‌ ايران‌,1444,33820643,92064585498,2833,2790,2692,-141,-4.98,2722,-111,-3.92,2692,2867,1400-9-20,2021-12-11
95,وسكرشا,س.سهام عدالت استان كرمانشاه,1443,131561507,61416633373,446,460,468,22,4.93,467,21,4.71,455,468,1400-9-20,2021-12-11
96,ثشاهد,سرمايه‌ گذاري‌ شاهد,1431,8409490,84354363560,10090,10130,10000,-90,-0.89,10030,-60,-0.59,9930,10230,1400-9-20,2021-12-11
97,ثاخت,بين‌المللي‌توسعه‌ساختمان,1417,26481250,48535002455,1772,1754,1812,40,2.26,1833,61,3.44,1754,1860,1400-9-20,2021-12-11
98,افران,صندوق س افرا نماد پايدار-ثابت,1347,32815605,490981993705,14938,14963,14961,23,0.15,14962,24,0.16,14961,14964,1400-9-20,2021-12-11
99,رتاپ,تجارت الكترونيك  پارسيان,1298,5196860,29060255550,5840,5800,5550,-290,-4.97,5590,-250,-4.28,5550,5900,1400-9-20,2021-12-11
100,شصدف,صنعتي دوده فام,1241,1327959,43895667157,32687,32687,33100,413,1.26,33055,368,1.13,32000,33560,1400-9-20,2021-12-11
101,فتوسا,توليد و توسعه سرب روي ايرانيان,1215,353330,3535334722,10079,10250,10002,-77,-0.76,10062,-17,-0.17,9870,10250,1400-9-20,2021-12-11
102,وپويا,سرمايه گذاري پويا,1214,2830696,9787005583,3418,3520,3414,-4,-0.12,3443,25,0.73,3351,3558,1400-9-20,2021-12-11
103,فارس,صنايع پتروشيمي خليج فارس,1213,9228921,93988841730,10160,10380,10180,20,0.2,10180,20,0.2,10100,10380,1400-9-20,2021-12-11
104,هاي وب,داده گسترعصرنوين-هاي وب,1199,7566739,63261215440,8480,8320,8300,-180,-2.12,8360,-120,-1.42,8260,8590,1400-9-20,2021-12-11
105,ثفارس,عمران‌وتوسعه‌فارس‌,1197,9554060,72962522030,7350,7500,7710,360,4.9,7640,290,3.95,7350,7710,1400-9-20,2021-12-11
106,چكاپا,گروه صنايع كاغذ پارس,1195,14855033,42415691339,2909,2950,2860,-49,-1.68,2855,-54,-1.86,2790,2960,1400-9-20,2021-12-11
107,تسه0006,امتيازتسهيلات مسكن شهريور1400,1194,28061,27411965902,932654,945122,979286,46632,5,976871,44217,4.74,945122,979286,1400-9-20,2021-12-11
108,خمحركه,نيرو محركه‌,1186,16796072,60370864239,3730,3770,3551,-179,-4.8,3594,-136,-3.65,3544,3810,1400-9-20,2021-12-11
109,قثابت,قند ثابت‌ خراسان‌,1166,21493816,37226623841,1780,1790,1741,-39,-2.19,1732,-48,-2.7,1691,1820,1400-9-20,2021-12-11
110,خزر,فنرسازي‌زر,1149,5595466,57587130810,10650,10810,10130,-520,-4.88,10290,-360,-3.38,10120,10880,1400-9-20,2021-12-11
111,غگل,گلوكوزان‌,1146,12462585,39687625792,3209,3219,3149,-60,-1.87,3185,-24,-0.75,3102,3280,1400-9-20,2021-12-11
112,سرو,صندوق س سروسودمند مدبران-سهام,1136,2181677,149057052030,68210,68700,68000,-210,-0.31,68320,110,0.16,67800,68900,1400-9-20,2021-12-11
113,حكشتي,كشتيراني جمهوري اسلامي ايران,1130,4468455,58266378460,13000,13170,13020,20,0.15,13020,20,0.15,12910,13310,1400-9-20,2021-12-11
114,قشكر,شكرشاهرود,1124,17081907,38005455131,2277,2241,2248,-29,-1.27,2225,-52,-2.28,2164,2338,1400-9-20,2021-12-11
115,وساپا,سرمايه‌گذاري‌ سايپا,1123,21869086,92291765437,4376,4376,4158,-218,-4.98,4220,-156,-3.56,4158,4510,1400-9-20,2021-12-11
116,پارند,صندوق س. پارند پايدار سپهر,1110,36552242,366529235501,10013,10027,10027,14,0.14,10028,15,0.15,10027,10028,1400-9-20,2021-12-11
117,شاراك,پتروشيمي شازند,1085,1745852,77625051050,44950,44950,44600,-350,-0.78,44570,-380,-0.85,44110,45370,1400-9-20,2021-12-11
118,زاگرس,پتروشيمي زاگرس,1082,290393,72965163939,248728,258000,252000,3272,1.32,250559,1831,0.74,249178,258000,1400-9-20,2021-12-11
119,وپست,پست بانك ايران,1060,7350814,128359129830,17730,18000,17400,-330,-1.86,17460,-270,-1.52,16900,18160,1400-9-20,2021-12-11
120,خكار,ايركا پارت صنعت,1057,14054557,50114750086,3687,3799,3503,-184,-4.99,3566,-121,-3.28,3503,3800,1400-9-20,2021-12-11
121,غديس,پاكديس,1049,6368267,70676385444,10666,11199,10896,230,2.16,11098,432,4.05,10740,11199,1400-9-20,2021-12-11
122,بترانس,ايران‌ ترانسفو,1048,23732662,49316816158,2101,2107,2063,-38,-1.81,2078,-23,-1.09,2039,2146,1400-9-20,2021-12-11
123,پيزد,مجتمع صنايع لاستيك يزد,1047,100161,5365744769,53629,54001,53225,-404,-0.75,53608,-21,-0.04,52701,54696,1400-9-20,2021-12-11
124,وملي,گروه‌ صنعتي‌ ملي‌ (هلدينگ‌,1044,289658,38001765250,133590,135950,132570,-1020,-0.76,131200,-2390,-1.79,127520,135950,1400-9-20,2021-12-11
125,تسه0007,امتيازتسهيلات مسكن مهر1400,1033,15207,14869771168,932076,951522,978679,46603,5,977824,45748,4.91,951522,978679,1400-9-20,2021-12-11
126,البرز,بيمه البرز,1033,29368915,52433612924,1811,1800,1780,-31,-1.71,1785,-26,-1.44,1765,1840,1400-9-20,2021-12-11
127,قتربت,قند تربت حيدريه,1030,153410,7818007622,49538,50640,51024,1486,3,50620,1082,2.18,49000,51024,1400-9-20,2021-12-11
128,فاراك,ماشين‌ سازي‌ اراك‌,1021,23932888,35385427377,1478,1460,1460,-18,-1.22,1479,1,0.07,1451,1520,1400-9-20,2021-12-11
129,دسانكو,داروسازي سبحان انكولوژي,997,4792804,63826842538,13110,12910,13499,389,2.97,13317,207,1.58,12910,13665,1400-9-20,2021-12-11
130,بهپاك,صنعتي بهپاك,992,10136725,58758019423,5577,5660,5855,278,4.98,5797,220,3.94,5510,5855,1400-9-20,2021-12-11
131,شغدير,پتروشيمي غدير,984,888128,84488906180,97830,97600,94000,-3830,-3.91,95130,-2700,-2.76,94000,97600,1400-9-20,2021-12-11
132,ماديرا,صنايع ماديران,974,7377406,38531424636,5437,5270,5167,-270,-4.97,5223,-214,-3.94,5166,5468,1400-9-20,2021-12-11
133,وآذر,سرمايه‌گذاري‌توسعه‌آذربايجان‌,963,1771280,64601878070,34920,34010,36660,1740,4.98,36470,1550,4.44,34010,36660,1400-9-20,2021-12-11
134,دماوند,توليد نيروي برق دماوند,960,1201345,26896237051,22251,22500,21935,-316,-1.42,22326,75,0.34,21560,23091,1400-9-20,2021-12-11
135,گشان,توسعه بين المللي پديده شانديز,958,2010690,42709389032,21839,21570,21184,-655,-3,21241,-598,-2.74,21184,21880,1400-9-20,2021-12-11
136,كچاد,معدني‌وصنعتي‌چادرملو,954,4362334,119627944820,27210,27790,27250,40,0.15,27420,210,0.77,27240,27960,1400-9-20,2021-12-11
137,فروي,ذوب روي اصفهان,952,1604068,29470140997,18368,18908,18140,-228,-1.24,18372,4,0.02,17999,18921,1400-9-20,2021-12-11
138,وپارس,بانك‌پارسيان‌,950,18108259,35139298048,1978,1950,1922,-56,-2.83,1967,-11,-0.56,1920,1999,1400-9-20,2021-12-11
139,فباهنر,مس‌ شهيدباهنر,946,1498048,40026301910,27340,26260,26940,-400,-1.46,26720,-620,-2.27,26010,27720,1400-9-20,2021-12-11
140,شسپا,نفت سپاهان,929,14082581,47844438270,3486,3460,3382,-104,-2.98,3430,-56,-1.61,3377,3460,1400-9-20,2021-12-11
141,شپلي,پلي اكريل ايران,907,7667773,46857393696,6259,6300,6072,-187,-2.99,6111,-148,-2.36,6072,6350,1400-9-20,2021-12-11
142,اپال,فرآوري معدني اپال كاني پارس,903,1331360,30241930250,22720,22700,22710,-10,-0.04,22720,0,0,22700,22750,1400-9-20,2021-12-11
143,تاپكيش,تجارت الكترونيك پارسيان كيش,902,3760113,66905358488,17377,17800,17896,519,2.99,17793,416,2.39,17400,17999,1400-9-20,2021-12-11
144,خكرمان,گروه اقتصادي كرمان خودرو,891,20528995,61107764184,2905,2992,2992,87,2.99,2977,72,2.48,2830,2992,1400-9-20,2021-12-11
145,شپديس,پتروشيمي پرديس,889,695457,122385766550,175560,179500,176350,790,0.45,175980,420,0.24,174350,179500,1400-9-20,2021-12-11
146,خاذين,سايپاآذين‌,882,18261678,50233698950,2813,2953,2674,-139,-4.94,2751,-62,-2.2,2673,2953,1400-9-20,2021-12-11
147,خموتور,موتورسازان‌تراكتورسازي‌ايران‌,874,6142162,34261745530,5820,5990,5530,-290,-4.98,5580,-240,-4.12,5530,5990,1400-9-20,2021-12-11
148,كتوكا,توليدي و خدمات صنايع نسوز توكا,872,2986807,29092469257,9559,9790,9729,170,1.78,9740,181,1.89,9302,10036,1400-9-20,2021-12-11
149,سكه0012پ01,تمام سكه طرح جديد0012رفاه,865,271100,358060422100,1341601,1342984,1310002,-31599,-2.36,1320769,-20832,-1.55,1307001,1342984,1400-9-20,2021-12-11
150,وفتخار,سرمايه گذاري افتخار سهام,861,4659861,8515514072,1874,1925,1818,-56,-2.99,1827,-47,-2.51,1818,1925,1400-9-20,2021-12-11
151,وهور,مديريت انرژي اميد  تابان هور,854,18014420,24309163227,1335,1363,1345,10,0.75,1345,10,0.75,1330,1388,1400-9-20,2021-12-11
152,ضخود1049,اختيارخ خودرو-1400-1400/10/08,849,35206,26985200000,723,849,696,-27,-3.73,766,43,5.95,680,849,1400-9-20,2021-12-11
153,حآسا,آسيا سير ارس,843,2604671,34653163742,13147,13279,13300,153,1.16,13304,157,1.19,12801,13576,1400-9-20,2021-12-11
154,وايران,ليزينگ ايرانيان,829,11060568,33018645786,3057,2990,2970,-87,-2.85,2985,-72,-2.36,2907,3150,1400-9-20,2021-12-11
155,اخابر,مخابرات ايران,813,5965233,41218871670,6960,7130,6830,-130,-1.87,6940,-20,-0.29,6760,7140,1400-9-20,2021-12-11
156,وصنعت,سرمايه گذاري توسعه صنعت وتجارت,812,6789333,49463387550,7400,7360,7220,-180,-2.43,7290,-110,-1.49,7170,7500,1400-9-20,2021-12-11
157,شبريز,پالايش نفت تبريز,800,1342463,41924995740,31120,31240,31300,180,0.58,31170,50,0.16,30720,31990,1400-9-20,2021-12-11
158,زنگان,صنعت روي زنگان,797,574216,36244584760,66006,66950,62706,-3300,-5,63120,-2886,-4.37,62706,66950,1400-9-20,2021-12-11
159,خودكفا,اقتصادي و خودكفايي آزادگان,794,5372829,44425294849,8419,8430,8167,-252,-2.99,8269,-150,-1.78,8167,8500,1400-9-20,2021-12-11
160,خمحور,توليدمحورخودرو,789,12899643,49660733158,3892,3990,3719,-173,-4.45,3850,-42,-1.08,3706,3990,1400-9-20,2021-12-11
161,آگاس,صندوق س.هستي بخش آگاه-س,788,2112085,163683081975,77641,77999,77250,-391,-0.5,77498,-143,-0.18,76810,78500,1400-9-20,2021-12-11
162,ملت,بيمه ملت,783,29590469,33769363753,1162,1180,1141,-21,-1.81,1141,-21,-1.81,1131,1180,1400-9-20,2021-12-11
163,زقيام,كشت و دام قيام اصفهان,777,16157519,21737993389,1355,1298,1331,-24,-1.77,1345,-10,-0.74,1298,1398,1400-9-20,2021-12-11
164,كماسه,تامين‌ ماسه‌ ريخته‌گري‌,774,8974391,36009752367,4177,4200,3990,-187,-4.48,4013,-164,-3.93,3990,4200,1400-9-20,2021-12-11
165,فسپا,گروه‌صنعتي‌سپاهان‌,768,4096636,69569930170,17790,17670,16910,-880,-4.95,16980,-810,-4.55,16910,17670,1400-9-20,2021-12-11
166,پتاير,ايران‌ تاير,760,15374937,28971617371,1955,1941,1894,-61,-3.12,1884,-71,-3.63,1858,1997,1400-9-20,2021-12-11
167,شبهرن,نفت‌ بهران‌,757,3547168,40142035190,11230,11200,11240,10,0.09,11290,60,0.53,11010,11570,1400-9-20,2021-12-11
168,سنيرح,ح . سيمان‌ سفيدني‌ريز,752,1150769,24354131360,22970,22980,20950,-2020,-8.79,21160,-1810,-7.88,20680,22980,1400-9-20,2021-12-11
169,ثمسكن,سرمايه‌گذاري‌ مسكن‌,749,9648392,37213888769,3699,3800,3854,155,4.19,3857,158,4.27,3735,3883,1400-9-20,2021-12-11
170,ثنوسا,نوسازي‌وساختمان‌تهران‌,743,9468056,44054031552,4840,4670,4690,-150,-3.1,4653,-187,-3.86,4598,4820,1400-9-20,2021-12-11
171,سپيدما,صندوق س. سپيد دماوند-د,719,34232829,393888299591,11489,11507,11507,18,0.16,11506,17,0.15,11506,11507,1400-9-20,2021-12-11
172,بجهرم,توسعه مولد نيروگاهي جهرم,708,9949294,19367927388,1934,1966,1947,13,0.67,1947,13,0.67,1906,1980,1400-9-20,2021-12-11
173,فخوز,فولاد  خوزستان,705,2974767,18905107410,6360,6370,6330,-30,-0.47,6360,0,0,6300,6470,1400-9-20,2021-12-11
174,فلوله,لوله‌وماشين‌سازي‌ايران‌,700,20967788,21114406436,1021,1010,1010,-11,-1.08,1007,-14,-1.37,990,1040,1400-9-20,2021-12-11
175,كلر,كلر پارس,692,188799,19671023647,105136,105500,104830,-306,-0.29,104190,-946,-0.9,103300,108400,1400-9-20,2021-12-11
176,هرمز,فولاد هرمزگان جنوب,681,2252357,35983360292,16200,16378,16060,-140,-0.86,16132,-68,-0.42,15760,16378,1400-9-20,2021-12-11
177,فكمند,گسترش قطعه سازي كمند,677,1056798,39999595580,37958,38000,36820,-1138,-3,37850,-108,-0.28,36820,39090,1400-9-20,2021-12-11
178,كگل,معدني و صنعتي گل گهر,677,3310866,71317624120,22130,21760,21800,-330,-1.49,21770,-360,-1.63,21350,21880,1400-9-20,2021-12-11
179,دلقما,دارويي‌ لقمان‌,674,1456773,29586984160,21210,21380,20150,-1060,-5,20310,-900,-4.24,20150,21800,1400-9-20,2021-12-11
180,حريل,ريل پردازسير,669,6799154,17889009395,2596,2679,2630,34,1.31,2631,35,1.35,2570,2679,1400-9-20,2021-12-11
181,تسه0005,امتيازتسهيلات مسكن مرداد 1400,662,11545,11263582099,930969,961111,977517,46548,5,975624,44655,4.8,950000,977517,1400-9-20,2021-12-11
182,زكشت,كشاورزي مكانيزه اصفهان كشت,656,1312764,26741788771,20578,20850,20003,-575,-2.79,20371,-207,-1.01,19550,21295,1400-9-20,2021-12-11
183,خمهر,مهركام‌پارس‌,652,23656525,45350324939,1997,1922,1898,-99,-4.96,1917,-80,-4.01,1898,2013,1400-9-20,2021-12-11
184,وساشرقي,شركت س استان آذربايجان شرقي,651,41842056,19573452384,449,469,460,11,2.45,459,10,2.23,453,471,1400-9-20,2021-12-11
185,وساغربي,شركت س استان آذربايجان غربي,650,49931813,22747626471,435,450,456,21,4.83,451,16,3.68,450,456,1400-9-20,2021-12-11
186,خرينگ,رينگ‌سازي‌مشهد,646,838646,21856646290,26040,26290,25540,-500,-1.92,26060,20,0.08,25290,26980,1400-9-20,2021-12-11
187,تملت,تامين سرمايه بانك ملت,644,2631061,6782387333,2644,2590,2568,-76,-2.87,2617,-27,-1.02,2556,2680,1400-9-20,2021-12-11
188,وخاور,بانك خاورميانه,638,14091053,69743736480,5110,5130,4930,-180,-3.52,4950,-160,-3.13,4860,5130,1400-9-20,2021-12-11
189,تسه0004,امتيازتسهيلات مسكن تير1400,633,10958,10716247026,933908,950003,980603,46695,5,977938,44030,4.71,950003,980603,1400-9-20,2021-12-11
190,قنقش,قند نقش جهان,631,865371,104503542585,117537,122238,114030,-3507,-2.98,120762,3225,2.74,112836,122238,1400-9-20,2021-12-11
191,ولساپا,ليزينگ رايان‌ سايپا,627,11304020,17279369582,1553,1590,1525,-28,-1.8,1529,-24,-1.55,1499,1618,1400-9-20,2021-12-11
192,خفنر,فنرسازي‌خاور,626,2453286,17528111790,7200,7500,7110,-90,-1.25,7140,-60,-0.83,6950,7500,1400-9-20,2021-12-11
193,ورنا,سرمايه‌گذاري‌ رنا(هلدينگ‌,622,7027227,21794033494,3086,3230,3040,-46,-1.49,3101,15,0.49,2990,3230,1400-9-20,2021-12-11
194,كاوه,فولاد كاوه جنوب كيش,621,2748691,41900884710,15230,15350,15120,-110,-0.72,15240,10,0.07,15120,15600,1400-9-20,2021-12-11
195,زكوثر,سرمايه گذاري كشاورزي كوثر,617,1778425,25785276740,14750,14820,14370,-380,-2.58,14500,-250,-1.69,14320,14980,1400-9-20,2021-12-11
196,تاپيكو,س. نفت و گاز و پتروشيمي تأمين,613,2480608,34656163750,14100,14320,13900,-200,-1.42,14060,-40,-0.28,13820,14400,1400-9-20,2021-12-11
197,ونوين,بانك‌اقتصادنوين‌,611,6911087,21184741601,3067,3073,3036,-31,-1.01,3066,-1,-0.03,3028,3139,1400-9-20,2021-12-11
198,ومعادن,توسعه‌معادن‌وفلزات‌,609,5772970,54106585780,9420,9360,9320,-100,-1.06,9400,-20,-0.21,9300,9490,1400-9-20,2021-12-11
199,ونيرو,سرمايه‌گذاري‌نيرو,606,15537148,30950841827,2030,2000,1949,-81,-3.99,1992,-38,-1.87,1935,2129,1400-9-20,2021-12-11
200,وصندوقح,ح.سرمايه گذاري صندوق بازنشستگي,598,2047539,21945469097,10884,11000,10671,-213,-1.96,10718,-166,-1.53,10520,11000,1400-9-20,2021-12-11
201,شيران,س. صنايع‌شيميايي‌ايران,597,1818878,38058692860,21190,21190,21000,-190,-0.9,21060,-130,-0.61,20510,21240,1400-9-20,2021-12-11
202,كرازي,كارخانجات‌توليدي‌شيشه‌رازي‌,597,11148888,13487863166,1233,1249,1198,-35,-2.84,1212,-21,-1.7,1196,1249,1400-9-20,2021-12-11
203,فرآور,فرآوري‌موادمعدني‌ايران‌,590,1654641,50269515190,31710,31990,30130,-1580,-4.98,30380,-1330,-4.19,30130,31990,1400-9-20,2021-12-11
204,اطلس,صندوق س.توسعه اندوخته آينده-س,566,376957,91443095012,242696,243803,242300,-396,-0.16,242582,-114,-0.05,242022,246000,1400-9-20,2021-12-11
205,حآفرين,ريل پرداز نو آفرين,566,5454256,29833701115,5376,5460,5159,-217,-4.04,5470,94,1.75,5155,5594,1400-9-20,2021-12-11
206,سپر,صندوق س سپر سرمايه بيدار- ثابت,562,20643927,274909790926,13306,13335,13332,26,0.2,13317,11,0.08,13307,13353,1400-9-20,2021-12-11
207,وثوق,سرمايه گذاري وثوق امين,561,2528997,21021040069,8729,8294,8293,-436,-4.99,8312,-417,-4.78,8293,9099,1400-9-20,2021-12-11
208,ختراك,ريخته‌گري‌ تراكتورسازي‌ ايران‌,555,6459473,35936620720,5720,5900,5440,-280,-4.9,5560,-160,-2.8,5440,5930,1400-9-20,2021-12-11
209,بشهاب,لامپ‌  پارس‌ شهاب‌,554,263903,38236018080,142990,142990,144940,1950,1.36,144890,1900,1.33,138000,147990,1400-9-20,2021-12-11
210,ورازي,بيمه رازي,548,11879485,18971565382,1614,1632,1566,-48,-2.97,1597,-17,-1.05,1566,1660,1400-9-20,2021-12-11
211,ضخود1051,اختيارخ خودرو-1800-1400/10/08,545,26426,9664533000,373,375,318,-55,-14.75,366,-7,-1.88,261,428,1400-9-20,2021-12-11
212,شبصير,توليدات پتروشيمي قائد بصير,544,187810,20766507159,112597,112608,109900,-2697,-2.4,110695,-1902,-1.69,109242,113530,1400-9-20,2021-12-11
213,شزنگ,تجهيزنيروي‌زنگان‌,540,212605,31985639302,149521,151000,145036,-4485,-3,150446,925,0.62,145036,154006,1400-9-20,2021-12-11
214,غشصفا,شيرپاستوريزه‌پگاه‌اصفهان‌,539,1208605,36297320270,29510,30200,30350,840,2.85,30030,520,1.76,29470,30980,1400-9-20,2021-12-11
215,خكمك,كمك‌فنرايندامين‌,538,1230954,29424814540,24690,24700,23460,-1230,-4.98,23900,-790,-3.2,23460,25500,1400-9-20,2021-12-11
216,چكاوه,صنايع‌كاغذسازي‌كاوه‌,537,4272276,32442326020,7720,7510,7540,-180,-2.33,7590,-130,-1.68,7410,7890,1400-9-20,2021-12-11
217,پارس,پتروشيمي پارس,536,158731,29908317810,189460,190000,186000,-3460,-1.83,189150,-310,-0.16,185620,191990,1400-9-20,2021-12-11
218,شكلر,نيروكلر,536,1419899,54155923010,38770,39990,38010,-760,-1.96,38140,-630,-1.62,38000,39990,1400-9-20,2021-12-11
219,خموتورح,ح . موتورسازان‌تراكتورسازي‌,536,6250608,19612666373,3406,3430,3066,-340,-9.98,3138,-268,-7.87,3066,3430,1400-9-20,2021-12-11
220,نطرين,عطرين نخ قم,536,1962675,13587306860,7091,7200,6890,-201,-2.83,6935,-156,-2.2,6753,7200,1400-9-20,2021-12-11
221,شپاكسا,پاكسان‌,535,4492733,73847388610,15780,16100,16560,780,4.94,16440,660,4.18,15740,16560,1400-9-20,2021-12-11
222,وگستر,گسترش سرمايه گذاري ايرانيان,532,3595761,19301797718,5315,5450,5338,23,0.43,5368,53,1,5280,5490,1400-9-20,2021-12-11
223,ومهان,گروه توسعه مالي مهر آيندگان,532,4079279,17627182896,4319,4440,4335,16,0.37,4320,1,0.02,4258,4450,1400-9-20,2021-12-11
224,سپاها,سيمان‌سپاهان‌,531,5249225,37359454030,6950,6850,7130,180,2.59,7120,170,2.45,6800,7220,1400-9-20,2021-12-11
225,فاسمين,كالسيمين‌,530,2748895,45026220250,16430,16660,16450,20,0.12,16380,-50,-0.3,16210,16660,1400-9-20,2021-12-11
226,فجر,فولاد اميركبيركاشان,528,1132837,26870938170,23600,23930,23680,80,0.34,23720,120,0.51,23610,24110,1400-9-20,2021-12-11
227,تسه9908,امتياز تسهيلات مسكن آبان99,528,15862,15462629519,928839,975280,975280,46441,5,974822,45983,4.95,929637,975280,1400-9-20,2021-12-11
228,كفپارس,فرآورده‌هاي‌ نسوز پارس‌,526,4558587,12884951217,2863,2830,2810,-53,-1.85,2831,-32,-1.12,2760,2965,1400-9-20,2021-12-11
229,فلامي,لاميران‌,526,1631726,31957774250,18690,19190,19620,930,4.98,19590,900,4.82,19190,19620,1400-9-20,2021-12-11
230,تسه0002,امتيازتسهيلاتمسكن ارديبهشت1400,521,11867,11630560509,935246,942000,982008,46762,5,980076,44830,4.79,942000,982008,1400-9-20,2021-12-11
231,كپشير,پشم‌شيشه‌ايران‌,521,1548680,18665357300,11970,11720,12010,40,0.33,12050,80,0.67,11720,12400,1400-9-20,2021-12-11
232,چكارن,كارتن‌ ايران‌,521,10468386,27268353893,2629,2632,2600,-29,-1.1,2605,-24,-0.91,2570,2649,1400-9-20,2021-12-11
233,هماي,صندوق س هماي آگاه-ثابت,520,7228881,73123875043,10098,10115,10116,18,0.18,10116,18,0.18,10112,10116,1400-9-20,2021-12-11
234,ثپرديس,سرمايه گذاري مسكن پرديس,519,7827689,29487749378,3947,3990,3750,-197,-4.99,3767,-180,-4.56,3750,3990,1400-9-20,2021-12-11
235,كبافق,معادن‌ بافق‌,516,891516,25774763690,29080,29000,28430,-650,-2.24,28910,-170,-0.58,28100,30040,1400-9-20,2021-12-11
236,ثرود,سرمايه‌گذاري مسكن زاينده رود,512,3364106,19552518649,5922,6000,5712,-210,-3.55,5812,-110,-1.86,5626,6170,1400-9-20,2021-12-11
237,خلنت,لنت‌ ترمزايران‌,510,284515,18107240560,66090,67000,62840,-3250,-4.92,63640,-2450,-3.71,62790,67650,1400-9-20,2021-12-11
238,تسه0003,امتيازتسهيلات مسكن خرداد1400,508,9444,9215546303,931041,950000,977593,46552,5,975810,44769,4.81,940000,977593,1400-9-20,2021-12-11
239,آپ,آسان پرداخت پرشين,507,2498503,27263542540,11400,11400,10830,-570,-5,10910,-490,-4.3,10830,11400,1400-9-20,2021-12-11
240,شلعاب,لعابيران‌,507,2894657,16908483730,6050,5820,5810,-240,-3.97,5840,-210,-3.47,5760,6020,1400-9-20,2021-12-11
241,وتوسم,سرمايه‌گذاري‌توسعه‌ملي‌,506,3383557,30369255150,9090,9250,8980,-110,-1.21,8980,-110,-1.21,8670,9250,1400-9-20,2021-12-11
242,غسالم,سالمين‌,505,3669441,10145618288,2778,2778,2724,-54,-1.94,2769,-9,-0.32,2724,2821,1400-9-20,2021-12-11
243,چدن,توليدي چدن سازان,504,5110690,12793676660,2512,2510,2490,-22,-0.88,2505,-7,-0.28,2460,2590,1400-9-20,2021-12-11
244,فوكا,فولاد كاويان,500,3716870,54270530796,15034,14720,14583,-451,-3,14601,-433,-2.88,14583,15050,1400-9-20,2021-12-11
245,ديران,ايران‌دارو,500,1409226,28186864450,20900,20250,19860,-1040,-4.98,20000,-900,-4.31,19860,21280,1400-9-20,2021-12-11
246,ثتران,سرمايه گذاري مسكن تهران,493,5053824,16124873490,3210,3141,3160,-50,-1.56,3191,-19,-0.59,3141,3279,1400-9-20,2021-12-11
247,غويتا,ويتانا,490,2454081,14142603808,5963,6089,5665,-298,-5,5768,-195,-3.27,5665,6089,1400-9-20,2021-12-11
248,بپاس,بيمه پاسارگاد,490,3611712,153453893649,42481,43000,42482,1,0,42488,7,0.02,42480,43000,1400-9-20,2021-12-11
249,شفارس,صنايع‌ شيميايي‌ فارس‌,488,10742815,11540577479,1090,1105,1070,-20,-1.83,1078,-12,-1.1,1061,1105,1400-9-20,2021-12-11
250,دتوليد,داروسازي توليد دارو,488,1586457,12946595050,8303,8270,8011,-292,-3.52,8178,-125,-1.51,8000,8490,1400-9-20,2021-12-11
251,وثنو,سرمايه گذاري ساختماني نوين,487,4567971,20368472734,4369,4500,4300,-69,-1.58,4459,90,2.06,4238,4500,1400-9-20,2021-12-11
252,ثاباد,توريستي ورفاهي آبادگران ايران,487,986961,43878301830,45730,43500,43450,-2280,-4.99,44460,-1270,-2.78,43450,46650,1400-9-20,2021-12-11
253,قرن,پديده شيمي قرن,486,596478,13671294950,23010,23470,23150,140,0.61,22940,-70,-0.3,22700,23500,1400-9-20,2021-12-11
254,وشهر,بانك شهر,485,7527881,33305039679,4496,4509,4362,-134,-2.98,4424,-72,-1.6,4362,4509,1400-9-20,2021-12-11
255,گكوثر,هتل پارسيان كوثر اصفهان,485,10366609,18797959951,1825,1834,1828,3,0.16,1813,-12,-0.66,1801,1844,1400-9-20,2021-12-11
256,اتكاي,بيمه اتكايي ايرانيان,477,2567967,27843746351,10726,10997,10540,-186,-1.73,10843,117,1.09,10500,11170,1400-9-20,2021-12-11
257,عيار,صندوق سكه طلاي مفيد,477,828351,27470437417,33843,33500,33065,-778,-2.3,33163,-680,-2.01,33000,33820,1400-9-20,2021-12-11
258,وصنا,گروه‌صنايع‌بهشهرايران‌,476,2939796,15743167650,5190,5260,5390,200,3.85,5360,170,3.28,5260,5440,1400-9-20,2021-12-11
259,لسرما,سرما آفرين‌,476,1713837,35711295270,21660,22460,20600,-1060,-4.89,20840,-820,-3.79,20580,22460,1400-9-20,2021-12-11
260,غشهداب,كشت و صنعت شهداب ناب خراسان,475,7709493,19956659277,2592,2596,2599,7,0.27,2589,-3,-0.12,2553,2630,1400-9-20,2021-12-11
261,وسينا,بانك سينا,474,13030435,30604470572,2368,2450,2340,-28,-1.18,2349,-19,-0.8,2250,2486,1400-9-20,2021-12-11
262,خشرق,الكتريك‌ خودرو شرق‌,471,2199948,26200346990,12390,12500,11780,-610,-4.92,11910,-480,-3.87,11780,12790,1400-9-20,2021-12-11
263,ولملتح,ح . واسپاري ملت,469,2118889,3666787494,1827,1822,1668,-159,-8.7,1731,-96,-5.25,1645,1890,1400-9-20,2021-12-11
264,فنوال,نورد آلومينيوم‌,464,1199720,23337694980,20260,20500,19250,-1010,-4.99,19450,-810,-4,19250,20500,1400-9-20,2021-12-11
265,شنفت,نفت‌ پارس‌,463,2149237,21528854790,10070,10100,9650,-420,-4.17,10050,-20,-0.2,9610,10320,1400-9-20,2021-12-11
266,ياقوت,صندوق س ياقوت آگاه-ثابت,456,4274806,58802381930,13740,13757,13761,21,0.15,13756,16,0.12,13753,13762,1400-9-20,2021-12-11
267,زر,صندوق س.پشتوانه سكه طلاي زر,456,796790,45337239609,57868,58269,56290,-1578,-2.73,56900,-968,-1.67,56200,58269,1400-9-20,2021-12-11
268,سيمرغ,سيمرغ,456,1560273,35986998360,23350,23850,23170,-180,-0.77,23060,-290,-1.24,22910,23850,1400-9-20,2021-12-11
269,تسه9912,امتياز تسهيلات مسكن اسفند99,453,6905,6764016018,935213,945000,981973,46760,5,979582,44369,4.74,945000,981973,1400-9-20,2021-12-11
270,جم پيلن,پلي پروپيلن جم - جم پيلن,445,177587,22079094100,127020,125700,123760,-3260,-2.57,126410,-610,-0.48,123620,127000,1400-9-20,2021-12-11
271,غشان,شيرپاستوريزه‌پگاه‌خراسان‌,445,3212198,13880196827,4494,4402,4270,-224,-4.98,4328,-166,-3.69,4270,4530,1400-9-20,2021-12-11
272,سبهان,سيمان‌ بهبهان‌,444,270070,12467471940,45510,46400,46180,670,1.47,46050,540,1.19,45500,47000,1400-9-20,2021-12-11
273,وبانك,سرمايه گذاري گروه توسعه ملي,444,3194620,26157813150,8200,8170,8220,20,0.24,8200,0,0,8150,8290,1400-9-20,2021-12-11
274,كنور,توسعه معدني و صنعتي صبانور,443,3152492,58703388380,18610,18280,18800,190,1.02,18620,10,0.05,18280,18950,1400-9-20,2021-12-11
275,فزرين,زرين معدن آسيا,441,1461861,16356892606,11388,11388,11120,-268,-2.35,11189,-199,-1.75,11040,11501,1400-9-20,2021-12-11
276,شاوان,پالايش نفت لاوان,435,210330,28058810424,134470,135120,132207,-2263,-1.68,133980,-490,-0.36,132050,135938,1400-9-20,2021-12-11
277,فمراد,آلومراد,429,1264292,17792211130,14730,14360,14000,-730,-4.96,14070,-660,-4.48,14000,14500,1400-9-20,2021-12-11
278,پدرخش,درخشان‌ تهران‌,427,1140336,20525325130,17900,18500,18090,190,1.06,18000,100,0.56,17600,18500,1400-9-20,2021-12-11
279,وهنر,گروه توسعه هنر ايران,425,3594062,9584969895,2657,2640,2626,-31,-1.17,2666,9,0.34,2600,2710,1400-9-20,2021-12-11
280,بكاب,صنايع‌جوشكاب‌يزد,424,227157,16702841180,70500,73940,74020,3520,4.99,73530,3030,4.3,71500,74020,1400-9-20,2021-12-11
281,حبندرح,ح.دريايي وكشتيراني خط دريابندر,422,3238947,36010306492,11143,10809,11110,-33,-0.3,11118,-25,-0.22,10809,11324,1400-9-20,2021-12-11
282,رانفور,خدمات‌انفورماتيك‌,422,6112852,21726202191,3544,3560,3510,-34,-0.96,3548,4,0.11,3500,3648,1400-9-20,2021-12-11
283,تسه9810,امتياز تسهيلات مسكن دي98,421,11771,11409060865,924686,935000,970920,46234,5,969252,44566,4.82,935000,970920,1400-9-20,2021-12-11
284,تسه0001,امتيازتسهيلات مسكن فروردين1400,419,6445,6276138833,927688,945000,974072,46384,5,973800,46112,4.97,945000,974072,1400-9-20,2021-12-11
285,سنير,سيمان‌ سفيد ني‌ريز,416,469000,13949718430,31030,29880,29480,-1550,-5,29780,-1250,-4.03,29480,30890,1400-9-20,2021-12-11
286,سفارس,سيمان فارس و خوزستان,414,1671929,25608414070,15420,15500,15200,-220,-1.43,15340,-80,-0.52,15100,15700,1400-9-20,2021-12-11
287,افق,فروشگاههاي زنجيره اي افق كوروش,402,376694,16088411710,42400,42400,42690,290,0.68,42500,100,0.24,42200,43680,1400-9-20,2021-12-11
288,خكاوه,سايپا ديزل,401,6817894,22884902275,3412,3458,3310,-102,-2.99,3357,-55,-1.61,3310,3458,1400-9-20,2021-12-11
289,ساوه,سيمان ساوه,401,96912,4223063034,43868,44400,43170,-698,-1.59,43785,-83,-0.19,42410,44400,1400-9-20,2021-12-11
290,آريان,سرمايه گذاري پارس آريان,396,5493119,79273282648,14839,15240,14549,-290,-1.95,14507,-332,-2.24,14394,15240,1400-9-20,2021-12-11
291,ونيكي,سرمايه‌گذاري‌ ملي‌ايران‌,395,1775367,16399769130,9410,9410,9170,-240,-2.55,9370,-40,-0.43,9110,9490,1400-9-20,2021-12-11
292,كوير,توليدي فولاد سپيد فراب كوير,390,2321738,13757767190,5980,5980,5860,-120,-2.01,5970,-10,-0.17,5860,6060,1400-9-20,2021-12-11
293,بالبر,كابل‌ البرز,390,758929,15043445540,20060,20460,19990,-70,-0.35,19820,-240,-1.2,19300,20460,1400-9-20,2021-12-11
294,لازما,كارخانه هاي صنعتي آزمايش,388,1219712,34069451128,28763,27901,27999,-764,-2.66,27932,-831,-2.89,27901,28999,1400-9-20,2021-12-11
295,بكام,كارخانجات توليدي شهيد قندي,388,4694793,7480818721,1603,1580,1581,-22,-1.37,1598,-5,-0.31,1570,1629,1400-9-20,2021-12-11
296,شرنگي,شيميايي رنگين,385,144325,25030474647,177387,176858,172066,-5321,-3,173431,-3956,-2.23,172066,178000,1400-9-20,2021-12-11
297,بكامح,ح.كارخانجات توليدي شهيد قندي,385,4595980,2772691641,611,647,598,-13,-2.13,603,-8,-1.31,592,647,1400-9-20,2021-12-11
298,بميلا,توسعه بازرگاني آهن وفولادميلاد,384,2279960,17272303477,7422,7600,7390,-32,-0.43,7576,154,2.07,7300,7644,1400-9-20,2021-12-11
299,وزمين,بانك ايران زمين,383,3150940,28984201892,9537,9215,9240,-297,-3.11,9199,-338,-3.54,9156,9460,1400-9-20,2021-12-11
300,شيراز,پتروشيمي‌شيراز,382,612751,48151533410,79310,81190,77460,-1850,-2.33,78960,-350,-0.44,77460,81190,1400-9-20,2021-12-11
301,سغرب,سيمان‌غرب‌,379,1206812,17696766750,15390,14630,14630,-760,-4.94,14660,-730,-4.74,14630,15100,1400-9-20,2021-12-11
302,تسه9911,امتياز تسهيلات مسكن بهمن99,377,6560,6401489138,931171,940000,977729,46558,5,975837,44666,4.8,940000,977729,1400-9-20,2021-12-11
303,فردا,صندوق س آواي فرداي زاگرس-ثابت,375,15793546,189194363778,11960,11979,11979,19,0.16,11979,19,0.16,11979,11980,1400-9-20,2021-12-11
304,شوينده,مديريت صنعت شوينده ت.ص.بهشهر,373,1730329,33765904740,19000,19180,19540,540,2.84,19510,510,2.68,19000,19940,1400-9-20,2021-12-11
305,وآوا,سرمايه گذاري آوا نوين,372,2907906,7823381731,2667,2702,2690,23,0.86,2679,12,0.45,2633,2752,1400-9-20,2021-12-11
306,غپاك,لبنيات‌ پاك‌,371,1245315,16181540510,13420,13280,12750,-670,-4.99,12990,-430,-3.2,12750,13720,1400-9-20,2021-12-11
307,وصندوق,سرمايه‌گذاري‌صندوق‌بازنشستگي‌,366,1945659,24357767090,12780,12970,12390,-390,-3.05,12730,-50,-0.39,12370,12970,1400-9-20,2021-12-11
308,شتوكاح,ح . توكا رنگ فولاد سپاهان,364,1319534,16730384923,12296,12549,12910,614,4.99,12679,383,3.11,12111,12910,1400-9-20,2021-12-11
309,كروي,توسعه‌ معادن‌ روي‌ ايران‌,362,1296869,28942876510,22320,22680,22260,-60,-0.27,22320,0,0,22210,22680,1400-9-20,2021-12-11
310,غگلپا,شير پاستوريزه پگاه گلپايگان,362,384580,19238371985,52281,52600,50296,-1985,-3.8,50024,-2257,-4.32,49667,52600,1400-9-20,2021-12-11
311,كسرا,سراميك‌هاي‌صنعتي‌اردكان‌,361,1106074,15633889840,14310,14530,13930,-380,-2.66,14130,-180,-1.26,13860,14530,1400-9-20,2021-12-11
312,پاكشو,گروه صنعتي پاكشو,361,8262340,49918307730,6040,6010,6040,0,0,6040,0,0,6010,6050,1400-9-20,2021-12-11
313,پكوير,كوير تاير,360,2527072,14225600060,5710,5710,5650,-60,-1.05,5630,-80,-1.4,5540,5770,1400-9-20,2021-12-11
314,حسير,ريل سير كوثر,359,1496430,37496988124,26367,25049,25049,-1318,-5,25058,-1309,-4.96,25049,25700,1400-9-20,2021-12-11
315,كيميا,معدني كيمياي زنجان گستران,359,1393863,16321842396,11952,11735,11700,-252,-2.11,11710,-242,-2.02,11520,11970,1400-9-20,2021-12-11
316,غالبر,لبنيات‌ كالبر,359,1197017,13617210670,11370,11400,11250,-120,-1.06,11380,10,0.09,11060,11780,1400-9-20,2021-12-11
317,لابسا,آبسال‌,358,587606,19044143030,33310,33480,32500,-810,-2.43,32410,-900,-2.7,31900,33510,1400-9-20,2021-12-11
318,آسيا,بيمه آسيا,350,8060594,13552855329,1691,1718,1681,-10,-0.59,1683,-8,-0.47,1673,1719,1400-9-20,2021-12-11
319,كساپا,سايپاشيشه‌,350,597138,10652181490,18020,18750,17550,-470,-2.61,17890,-130,-0.72,17380,18750,1400-9-20,2021-12-11
320,همراه,شركت ارتباطات سيار ايران,349,1507646,12187633700,8260,8260,8020,-240,-2.91,8240,-20,-0.24,8000,8260,1400-9-20,2021-12-11
321,فروس,فروسيليس‌ ايران‌,348,3827266,23710192390,6190,6210,6190,0,0,6200,10,0.16,6130,6320,1400-9-20,2021-12-11
322,توريل,توكاريل,347,1668800,14710685409,9246,8785,8784,-462,-5,8815,-431,-4.66,8784,9089,1400-9-20,2021-12-11
323,كترام,توليدي‌ كاشي‌ تكسرام‌,346,770810,14024798380,18550,18030,17950,-600,-3.23,18210,-340,-1.83,17830,19000,1400-9-20,2021-12-11
324,ونفت,سرمايه‌گذاري‌ صنعت‌ نفت‌,345,2897981,38393788840,13610,13790,13250,-360,-2.65,13250,-360,-2.65,13210,13790,1400-9-20,2021-12-11
325,تليسه,دامداري تليسه نمونه,343,4354572,9005289726,2053,2015,2047,-6,-0.29,2062,9,0.44,2015,2107,1400-9-20,2021-12-11
326,بكهنوج,توليد برق ماهتاب كهنوج,341,10425798,11214982107,1084,1090,1079,-5,-0.46,1078,-6,-0.55,1056,1111,1400-9-20,2021-12-11
327,سخاش,سيمان‌خاش‌,341,159026,14073997450,87080,86010,89950,2870,3.3,88390,1310,1.5,86010,90000,1400-9-20,2021-12-11
328,وتوكا,سرمايه‌گذاري‌توكافولاد(هلدينگ,341,4084413,32607037940,8030,8070,7850,-180,-2.24,7980,-50,-0.62,7850,8300,1400-9-20,2021-12-11
329,ريشمك,توليد و صادرات ريشمك,340,514711,16740518784,32125,32390,32330,205,0.64,32524,399,1.24,31551,33600,1400-9-20,2021-12-11
330,تسه9910,امتياز تسهيلات مسكن دي99,339,5353,5220845472,932137,933189,978743,46606,5,975312,43175,4.63,933189,978743,1400-9-20,2021-12-11
331,وتوصا,گروه س توسعه صنعتي ايران,338,1280258,12875309570,10180,10490,10150,-30,-0.29,10080,-100,-0.98,9920,10490,1400-9-20,2021-12-11
332,پارسان,گسترش نفت و گاز پارسيان,337,1102882,34630383130,31420,31100,31400,-20,-0.06,31410,-10,-0.03,31100,31890,1400-9-20,2021-12-11
333,غگرجي,بيسكويت‌  گرجي‌,335,6001971,11859194003,2032,2059,1974,-58,-2.85,1986,-46,-2.26,1950,2059,1400-9-20,2021-12-11
334,اتكام,بيمه اتكايي امين,332,2828322,14301212670,5041,5120,5100,59,1.17,5060,19,0.38,4960,5120,1400-9-20,2021-12-11
335,تماوند,تامين سرمايه دماوند,332,6524218,38626692424,5754,5811,5926,172,2.99,5921,167,2.9,5696,5926,1400-9-20,2021-12-11
336,ولشرق,ليزينگ ايران و شرق,331,3920013,8759683709,2323,2264,2207,-116,-4.99,2269,-54,-2.32,2207,2389,1400-9-20,2021-12-11
337,كمنگنز,معادن‌منگنزايران‌,331,73784,4520809570,61650,62200,61500,-150,-0.24,61540,-110,-0.18,61000,62890,1400-9-20,2021-12-11
338,ميدكو,توسعه معادن وص.معدني خاورميانه,329,6582480,301221831140,45750,45770,45750,0,0,45760,10,0.02,45750,45800,1400-9-20,2021-12-11
339,سرچشمه,سرمايه گذاري مس سرچشمه,328,2523852,12702774956,5079,5125,4992,-87,-1.71,5040,-39,-0.77,4826,5212,1400-9-20,2021-12-11
340,فولاي,صنايع فولاد آلياژي يزد,328,982896,16189942665,16628,17000,16626,-2,-0.01,16472,-156,-0.94,16182,17000,1400-9-20,2021-12-11
341,بنو,بيمه تجارت نو,327,5680745,36369491598,6398,6400,6404,6,0.09,6402,4,0.06,6400,6450,1400-9-20,2021-12-11
342,ولغدر,ليزينگ‌خودروغدير,326,1657813,15160837900,9420,9210,8950,-470,-4.99,9150,-270,-2.87,8950,9640,1400-9-20,2021-12-11
343,دتوزيع,توزيع دارو پخش,325,438290,11916171090,27490,27500,27000,-490,-1.78,27247,-243,-0.88,26900,28311,1400-9-20,2021-12-11
344,ولانا,شركت ليزينگ آريا دانا,322,693074,7710142807,11194,11280,10960,-234,-2.09,11125,-69,-0.62,10960,11500,1400-9-20,2021-12-11
345,ضخود1054,اختيارخ خودرو-3000-1400/10/08,322,15325,123152000,24,10,5,-19,-79.17,8,-16,-66.67,3,13,1400-9-20,2021-12-11
346,بزاگرس,نيروگاه زاگرس كوثر,322,3097182,9870966822,3279,3300,3145,-134,-4.09,3217,-62,-1.89,3116,3301,1400-9-20,2021-12-11
347,غناب,روغن‌ نباتي‌ ناب,321,280316,34187619676,118409,121961,121961,3552,3,121961,3552,3,121961,121961,1400-9-20,2021-12-11
348,وثخوز,سرمايه گذاري و توسعه خوزستان,320,662275,21233563860,32183,32650,31412,-771,-2.4,32062,-121,-0.38,30574,33698,1400-9-20,2021-12-11
349,ستران,سيمان‌ تهران‌,320,966461,19093696870,20150,19720,19770,-380,-1.89,19760,-390,-1.94,19580,20200,1400-9-20,2021-12-11
350,ددام,داروسازي زاگرس فارمد پارس,320,1040734,8901966990,8850,8850,8550,-300,-3.39,8670,-180,-2.03,8470,8870,1400-9-20,2021-12-11
351,شپارس,بين‌ المللي‌ محصولات‌  پارس‌,317,1550994,11682877010,7710,7900,7530,-180,-2.33,7570,-140,-1.82,7360,7900,1400-9-20,2021-12-11
352,بنيرو,نيروترانس‌,316,6470008,11451952498,1841,1840,1749,-92,-5,1785,-56,-3.04,1749,1850,1400-9-20,2021-12-11
353,جم,پتروشيمي جم,315,329321,16024210080,49150,48540,48110,-1040,-2.12,49070,-80,-0.16,47770,49400,1400-9-20,2021-12-11
354,آكورد,صندوق س. آرمان آتي كوثر-د,313,2734234,97532274354,35618,35670,35671,53,0.15,35671,53,0.15,35670,35673,1400-9-20,2021-12-11
355,تسه9909,امتياز تسهيلات مسكن آذر99,313,3818,3724563046,929875,960000,976368,46493,5,975527,45652,4.91,960000,976368,1400-9-20,2021-12-11
356,درهآور,دارويي ره آورد تامين,312,604457,14164302671,23001,24000,23499,498,2.17,23402,401,1.74,23000,24100,1400-9-20,2021-12-11
357,ارزش,صندوق س ارزش آفرين بيدار-سهام,312,1590554,14839518550,9390,9430,9290,-100,-1.06,9330,-60,-0.64,9250,9440,1400-9-20,2021-12-11
358,فايرا,آلومينيوم‌ايران‌,311,953834,14390301830,15350,15160,15060,-290,-1.89,15280,-70,-0.46,15010,15230,1400-9-20,2021-12-11
359,سصوفي,سيمان‌ صوفيان‌,310,1793887,25089103260,13980,14300,13760,-220,-1.57,13990,10,0.07,13610,14300,1400-9-20,2021-12-11
360,شدوص,دوده‌ صنعتي‌ پارس‌,308,1502160,17601938810,11630,11630,11890,260,2.24,11720,90,0.77,11510,11890,1400-9-20,2021-12-11
361,شفا,سرمايه گذاري شفادارو,303,884765,14073253690,16650,16110,15820,-830,-4.98,16040,-610,-3.66,15820,16620,1400-9-20,2021-12-11
362,ثالوند,سرمايه گذاري مسكن الوند,303,873338,6011473867,7088,6970,6790,-298,-4.2,7004,-84,-1.19,6750,7242,1400-9-20,2021-12-11
363,خاهن,آهنگري‌ تراكتورسازي‌ ايران‌,303,2293321,11124581280,5090,4960,4840,-250,-4.91,4990,-100,-1.96,4840,4960,1400-9-20,2021-12-11
364,دزهراوي,داروسازي‌زهراوي‌,302,1613427,7082587382,4500,4490,4320,-180,-4,4447,-53,-1.18,4300,4600,1400-9-20,2021-12-11
365,تسه9902,امتياز تسهيلات مسكن ارديبهشت99,302,5671,5525281472,929990,940000,976489,46499,5,974305,44315,4.77,940000,976489,1400-9-20,2021-12-11
366,خوساز,محورسازان‌ايران‌خودرو,302,2300998,15111800250,6760,6800,6490,-270,-3.99,6570,-190,-2.81,6430,6960,1400-9-20,2021-12-11
367,وبوعلي,سرمايه‌گذاري‌بوعلي‌,301,4443123,17131744393,3840,3800,3769,-71,-1.85,3856,16,0.42,3708,3920,1400-9-20,2021-12-11
368,كسرام,پارس‌ سرام‌,301,3103752,12272308180,4067,4127,3900,-167,-4.11,3972,-95,-2.34,3871,4169,1400-9-20,2021-12-11
369,تكنو,تكنوتار,298,1207378,8819147580,7340,7290,7010,-330,-4.5,7320,-20,-0.27,6980,7570,1400-9-20,2021-12-11
370,تاصيكو,سرمايه گذاري صدرتامين,297,1064948,9476955450,8900,9160,8810,-90,-1.01,8900,0,0,8800,9160,1400-9-20,2021-12-11
371,كاذر,فرآورده‌هاي‌نسوزآذر,295,1250036,17965166970,14970,14670,14230,-740,-4.94,14370,-600,-4.01,14230,15100,1400-9-20,2021-12-11
372,بسويچ,پارس‌سويچ‌,295,1176994,16720920230,14700,14030,13970,-730,-4.97,14210,-490,-3.33,13970,14880,1400-9-20,2021-12-11
373,دانا,بيمه دانا,294,3256109,14861548200,4538,4501,4547,9,0.2,4564,26,0.57,4500,4660,1400-9-20,2021-12-11
374,كامياب,صندوق س. كامياب آشنا-د,293,3930578,43395217972,11021,11039,11041,20,0.18,11040,19,0.17,11039,11042,1400-9-20,2021-12-11
375,خچرخش,چرخشگر,292,2086026,18266066280,9140,9000,8690,-450,-4.92,8760,-380,-4.16,8690,9100,1400-9-20,2021-12-11
376,پكويرح,ح. كوير تاير,292,1593826,5381469825,3406,3460,3340,-66,-1.94,3376,-30,-0.88,3338,3460,1400-9-20,2021-12-11
377,تبرك,گروه كارخانجات صنعتي تبرك,292,860934,6978097590,8128,8418,8290,162,1.99,8117,-11,-0.14,8016,8418,1400-9-20,2021-12-11
378,كهمدا,شيشه‌ همدان‌,292,6289129,56344415910,9010,9110,8900,-110,-1.22,8960,-50,-0.55,8800,9110,1400-9-20,2021-12-11
379,زشريف,كشت وصنعت شريف آباد,291,3475069,11287581053,3309,3350,3285,-24,-0.73,3262,-47,-1.42,3202,3377,1400-9-20,2021-12-11
380,مفاخر,توسعه فناوري اطلاعات خوارزمي,291,311000,8258620664,27736,27100,26350,-1386,-5,27057,-679,-2.45,26350,28300,1400-9-20,2021-12-11
381,ثاصفا,شركت‌ ساختمان‌ اصفهان‌,291,696535,5967623786,8558,8352,8450,-108,-1.26,8566,8,0.09,8302,8777,1400-9-20,2021-12-11
382,تسه9907,امتياز تسهيلات مسكن مهر99,289,4288,4197008631,937125,941000,983981,46856,5,978780,41655,4.44,940000,983981,1400-9-20,2021-12-11
383,گوهر,صندوق سكه طلاي كيان,288,530445,35160548228,66621,66710,65600,-1021,-1.53,66285,-336,-0.5,65600,66999,1400-9-20,2021-12-11
384,حتوكا,حمل‌ونقل‌توكا,288,1074317,12741580520,11790,11790,11630,-160,-1.36,11850,60,0.51,11600,12300,1400-9-20,2021-12-11
385,بفجرح,ح . فجر انرژي خليج فارس,286,1182123,10659609680,8910,8600,9010,100,1.12,9020,110,1.23,8600,9120,1400-9-20,2021-12-11
386,وسپه,سرمايه‌گذاري‌ سپه‌,286,1074819,8532754670,8020,7950,7900,-120,-1.5,8000,-20,-0.25,7810,8050,1400-9-20,2021-12-11
387,زدشت,كشت و صنعت دشت خرم دره,285,520221,6444862322,12324,12790,12266,-58,-0.47,12352,28,0.23,12122,12790,1400-9-20,2021-12-11
388,ضخود1050,اختيارخ خودرو-1600-1400/10/08,282,10808,6246594000,581,600,490,-91,-15.66,578,-3,-0.52,403,630,1400-9-20,2021-12-11
389,شپترو,پتروشيمي آبادان,282,3461479,10452715182,2992,3000,3049,57,1.91,3020,28,0.94,2990,3050,1400-9-20,2021-12-11
390,فنورد,نوردوقطعات‌ فولادي‌,280,53159,9060360020,173620,175000,171980,-1640,-0.94,171660,-1960,-1.13,168800,179060,1400-9-20,2021-12-11
391,وسگيلا,شركت س استان گيلان,279,22185951,10094607705,434,455,455,21,4.84,442,8,1.84,455,455,1400-9-20,2021-12-11
392,داسوه,داروسازي‌ اسوه‌,278,690133,17454583870,26430,25830,25250,-1180,-4.46,25290,-1140,-4.31,25110,26500,1400-9-20,2021-12-11
393,ارفع,شركت آهن و فولاد ارفع,277,826411,11864502754,14539,14352,14400,-139,-0.96,14508,-31,-0.21,14248,14540,1400-9-20,2021-12-11
394,غفارس,شير پاستوريزه پگاه فارس,275,1285831,7072943495,5670,5600,5450,-220,-3.88,5588,-82,-1.45,5442,5657,1400-9-20,2021-12-11
395,كرماشا,صنايع پتروشيمي كرمانشاه,274,495470,26286320710,53110,52570,52750,-360,-0.68,53090,-20,-0.04,52470,53790,1400-9-20,2021-12-11
396,كگهر,سنگ آهن گهرزمين,273,1051916,48437605273,46026,46488,46000,-26,-0.06,46034,8,0.02,46000,46700,1400-9-20,2021-12-11
397,كمينا,شيشه سازي مينا,273,890697,8374193939,9761,9301,9273,-488,-5,9449,-312,-3.2,9273,9799,1400-9-20,2021-12-11
398,ولقمان,سرمايه گذاري لقمان,272,1293752,3961735951,3143,3230,3090,-53,-1.69,3110,-33,-1.05,3049,3230,1400-9-20,2021-12-11
399,آساميد,صندوق س.مشترك آسمان اميد -د,272,7384030,100462089005,13582,14940,13606,24,0.18,13605,23,0.17,13603,14940,1400-9-20,2021-12-11
400,غمينو,شركت صنايع غذايي مينو شرق,271,1533554,7116423590,4673,4760,4638,-35,-0.75,4657,-16,-0.34,4550,4769,1400-9-20,2021-12-11
401,وبيمه,سرمايه‌ گذاري‌ صنعت‌ بيمه‌,270,7326394,10314047145,1404,1380,1420,16,1.14,1407,3,0.21,1380,1442,1400-9-20,2021-12-11
402,خاهنح,ح . آهنگري تراكتورسازي‌ ايران‌,268,3590298,11818890819,3615,3332,3254,-361,-9.99,3292,-323,-8.93,3254,3668,1400-9-20,2021-12-11
403,كساوه,صنايع‌ كاشي‌ و سراميك‌ سينا,267,866662,32982261720,38970,39500,37700,-1270,-3.26,38060,-910,-2.34,37600,39730,1400-9-20,2021-12-11
404,وسكاب,س.ص.بازنشستگي كاركنان بانكها,267,3175798,9587128661,2999,3088,3007,8,0.27,3012,13,0.43,3000,3088,1400-9-20,2021-12-11
405,قشرين,قند شيرين خراسان,266,2648438,18235143753,7096,7001,6884,-212,-2.99,6885,-211,-2.97,6884,7001,1400-9-20,2021-12-11
406,حشكوه,دليجان طلايي شكوه پارس,266,3700017,13702459507,3797,3800,3684,-113,-2.98,3703,-94,-2.48,3684,3878,1400-9-20,2021-12-11
407,دكپسول,توليد ژلاتين كپسول ايران,263,446941,13189684252,29515,30500,29607,92,0.31,29511,-4,-0.01,28520,30500,1400-9-20,2021-12-11
408,ميهن,بيمه ميهن,262,1846893,3941239988,2144,2187,2156,12,0.56,2141,-3,-0.14,2060,2187,1400-9-20,2021-12-11
409,تيپيكو,سرمايه گذاري دارويي تامين,260,750629,14121129350,19040,18710,18610,-430,-2.26,19000,-40,-0.21,18550,19210,1400-9-20,2021-12-11
410,قصفها,قنداصفهان‌,259,158209,11195288170,69580,73000,71500,1920,2.76,70450,870,1.25,69430,73000,1400-9-20,2021-12-11
411,ساروم,سيمان‌اروميه‌,259,660344,27230838510,41400,39700,41500,100,0.24,41240,-160,-0.39,39700,41950,1400-9-20,2021-12-11
412,بالاس,مهندسي ساختمان تاسيسات راه آهن,258,277954,7690785050,28537,27210,28000,-537,-1.88,28078,-459,-1.61,27210,28890,1400-9-20,2021-12-11
413,تنوين,تامين سرمايه نوين,256,2755223,15102733910,5350,5520,5580,230,4.3,5410,60,1.12,5370,5590,1400-9-20,2021-12-11
414,دجابر,داروسازي‌ جابرابن‌حيان‌,255,952447,11939506840,12970,12540,12340,-630,-4.86,12610,-360,-2.78,12340,13000,1400-9-20,2021-12-11
415,دتماد,توليدمواداوليه‌داروپخش‌,252,288163,12118599910,43020,44500,42000,-1020,-2.37,42220,-800,-1.86,41500,44500,1400-9-20,2021-12-11
416,زفكا,كشت و دامداري فكا,252,1207347,8715645963,7180,7320,7139,-41,-0.57,7202,22,0.31,7131,7450,1400-9-20,2021-12-11
417,حفارس,حمل و نقل بين المللي خليج فارس,249,2751044,9569558138,3490,3411,3421,-69,-1.98,3483,-7,-0.2,3411,3590,1400-9-20,2021-12-11
418,ضجار1023,اختيارخ وتجارت-2500-1400/10/15,249,12076,111766000,11,12,8,-3,-27.27,9,-2,-18.18,7,13,1400-9-20,2021-12-11
419,وپاسار,بانك  پاسارگاد,248,3280602,41871040450,12760,12760,12760,0,0,12760,0,0,12760,12800,1400-9-20,2021-12-11
420,شرانل,نفت ايرانول,246,415561,19041187717,45806,45610,45960,154,0.34,45813,7,0.02,45610,46000,1400-9-20,2021-12-11
421,تكشا,گسترش‌صنايع‌وخدمات‌كشاورزي‌,245,279667,9027210130,31380,32000,32000,620,1.98,31910,530,1.69,31530,32670,1400-9-20,2021-12-11
422,غگلستا,شير پاستوريزه پگاه گلستان,244,651436,6568642124,10363,10200,10010,-353,-3.41,10237,-126,-1.22,10000,10420,1400-9-20,2021-12-11
423,وسبحان,سرمايه گذاري سبحان,243,2583694,7885609193,3073,3050,3050,-23,-0.75,3062,-11,-0.36,3040,3120,1400-9-20,2021-12-11
424,وساخت,سرمايه‌ گذاري‌ ساختمان‌ايران‌,241,255129,9776150450,39170,38000,38500,-670,-1.71,38670,-500,-1.28,37700,40030,1400-9-20,2021-12-11
425,ولراز,ليزينگ رازي,241,620506,12409883105,20400,20800,20279,-121,-0.59,20000,-400,-1.96,19788,20800,1400-9-20,2021-12-11
426,چفيبر,فيبر ايران‌,240,2118944,12846992500,6090,6110,6130,40,0.66,6070,-20,-0.33,5940,6180,1400-9-20,2021-12-11
427,اخزا002,اسنادخزانه-م2بودجه00-031024,240,550356,271826347191,492030,492001,492500,470,0.1,493910,1880,0.38,490501,499700,1400-9-20,2021-12-11
428,تپمپي,پمپ‌ سازي‌ ايران‌,239,622334,11831182160,19000,18700,18750,-250,-1.32,19010,10,0.05,18700,19500,1400-9-20,2021-12-11
429,سكرد,سيمان كردستان,237,1733167,7860388403,4443,4660,4546,103,2.32,4490,47,1.06,4400,4660,1400-9-20,2021-12-11
430,فافزا,فولاد افزا سپاهان,237,254346,8665671645,35736,33950,33950,-1786,-5,34222,-1514,-4.24,33950,35700,1400-9-20,2021-12-11
431,شخارك,پتروشيمي‌ خارك‌,236,325460,16628578740,51130,51480,51220,90,0.18,51120,-10,-0.02,50630,51900,1400-9-20,2021-12-11
432,خراسان,پتروشيمي خراسان,234,266491,30044898630,112690,110500,111680,-1010,-0.9,112710,20,0.02,110330,113990,1400-9-20,2021-12-11
433,والبر,سرمايه‌ گذاري‌ البرز(هلدينگ‌,232,867919,6640249530,7800,7710,7600,-200,-2.56,7760,-40,-0.51,7580,7900,1400-9-20,2021-12-11
434,مدير,ص.س.مديريت ثروت ص.بازنشستگي-س,231,852054,8081533311,9537,9421,9400,-137,-1.44,9485,-52,-0.55,9400,9678,1400-9-20,2021-12-11
435,قاسم,قاسم ايران,231,2634540,8974812270,3440,3458,3360,-80,-2.33,3420,-20,-0.58,3349,3470,1400-9-20,2021-12-11
436,فجام,جام‌دارو,231,1982277,7565729815,3925,3925,3820,-105,-2.68,3869,-56,-1.43,3750,3970,1400-9-20,2021-12-11
437,پرديسح,ح .  سرمايه گذاري پرديس,231,2319000,3198693117,1378,1405,1361,-17,-1.23,1379,1,0.07,1335,1405,1400-9-20,2021-12-11
438,خپويش,سازه‌ پويش‌,231,109696,8240586150,73960,77390,75530,1570,2.12,74590,630,0.85,72160,77390,1400-9-20,2021-12-11
439,نمرينو,ايران‌ مرينوس‌,230,129403,9633455070,76000,73800,73800,-2200,-2.89,74980,-1020,-1.34,73500,77500,1400-9-20,2021-12-11
440,ضجار1022,اختيارخ وتجارت-2000-1400/10/15,230,8626,749851000,103,100,76,-27,-26.21,87,-16,-15.53,72,114,1400-9-20,2021-12-11
441,كفرآور,فرآورده هاي سيمان شرق,230,658442,13564926826,20154,20090,20757,603,2.99,20602,448,2.22,20090,20758,1400-9-20,2021-12-11
442,تسه9904,امتياز تسهيلات مسكن تير99,229,2834,2766464900,932745,946000,979382,46637,5,976170,43425,4.66,946000,979382,1400-9-20,2021-12-11
443,شفارا,پتروشيمي فارابي,229,2813186,19379432315,7056,7168,6845,-211,-2.99,6889,-167,-2.37,6845,7168,1400-9-20,2021-12-11
444,ولبهمن,شركت بهمن ليزينگ,225,1888330,13503944268,7051,7140,7150,99,1.4,7140,89,1.26,6905,7289,1400-9-20,2021-12-11
445,ولصنم,ليزينگ‌صنعت‌ومعدن‌,224,1514054,5609636612,3748,3837,3704,-44,-1.17,3732,-16,-0.43,3637,3888,1400-9-20,2021-12-11
446,اميد,تامين سرمايه اميد,223,1553110,11980803080,7640,7750,7720,80,1.05,7670,30,0.39,7700,7750,1400-9-20,2021-12-11
447,مبين,مبين انرژي خليج فارس,222,2026758,50115590010,24730,25100,24790,60,0.24,24730,0,0,24500,25100,1400-9-20,2021-12-11
448,كپرور,فرآوري زغال سنگ پروده طبس,220,578145,16883931008,29897,30860,29000,-897,-3,29204,-693,-2.32,28600,30860,1400-9-20,2021-12-11
449,آ س پ,آ.س.پ,219,908544,5609467760,6238,6000,6160,-78,-1.25,6214,-24,-0.38,6000,6288,1400-9-20,2021-12-11
450,ثعمرا,عمران و توسعه شاهد,219,570612,3894802109,6849,6853,6698,-151,-2.2,6843,-6,-0.09,6630,7099,1400-9-20,2021-12-11
451,داوه,داروسازي آوه سينا,218,647638,6108649926,9741,9310,9254,-487,-5,9611,-130,-1.33,9254,10100,1400-9-20,2021-12-11
452,آبين,كشت و صنعت آبشيرين,217,6110335,10824541982,1724,1724,1741,17,0.99,1772,48,2.78,1680,1775,1400-9-20,2021-12-11
453,غشهد,شهد ايران ‌,217,2195798,9984293506,4331,4547,4547,216,4.99,4468,137,3.16,4547,4547,1400-9-20,2021-12-11
454,خديزل,بهمن  ديزل,217,214771,11168313865,53701,53800,51090,-2611,-4.86,52788,-913,-1.7,51016,55000,1400-9-20,2021-12-11
455,وسين,بيمه سينا,216,2232566,8478437990,3827,3885,3850,23,0.6,3802,-25,-0.65,3750,3900,1400-9-20,2021-12-11
456,سصفها,سيمان‌اصفهان‌,213,245911,6915464950,28720,28900,28060,-660,-2.3,28440,-280,-0.97,27810,28900,1400-9-20,2021-12-11
457,ثشرق,سرمايه گذاري مسكن شمال شرق,210,1860064,6881837516,3822,3950,3654,-168,-4.4,3764,-58,-1.52,3631,3990,1400-9-20,2021-12-11
458,غچين,كشت‌ و صنعت‌ چين‌ چين,208,645734,7581108370,12000,12000,11770,-230,-1.92,11870,-130,-1.08,11520,12140,1400-9-20,2021-12-11
459,سدور,سيمان‌ دورود,208,927677,5182243380,5630,5700,5560,-70,-1.24,5610,-20,-0.36,5500,5700,1400-9-20,2021-12-11
460,پخش,پخش البرز,207,340725,8510127022,24851,24406,24900,49,0.2,24922,71,0.29,24406,25460,1400-9-20,2021-12-11
461,زبينا,كشاورزي و دامپروري بينالود,206,3418744,6970651608,2036,2002,2037,1,0.05,2037,1,0.05,1984,2078,1400-9-20,2021-12-11
462,بمپنا,توليد برق عسلويه  مپنا,205,2282890,11710077409,5116,5199,5200,84,1.64,5126,10,0.2,5010,5285,1400-9-20,2021-12-11
463,زماهان,مجتمع توليد گوشت مرغ ماهان,204,583970,3711724107,6361,6499,6390,29,0.46,6360,-1,-0.02,6240,6500,1400-9-20,2021-12-11
464,فافق,صنايع مس افق كرمان,203,1545582,5270850325,3411,3457,3399,-12,-0.35,3411,0,0,3343,3457,1400-9-20,2021-12-11
465,ويسا,سرمايه گذاري ايساتيس پويا,203,3419942,27209800433,7951,7952,7989,38,0.48,7956,5,0.06,7940,8150,1400-9-20,2021-12-11
466,فنفت,صنايع تجهيزات نفت,202,1285327,20363435661,16332,15843,15843,-489,-2.99,15843,-489,-2.99,15843,15843,1400-9-20,2021-12-11
467,دعبيد,لابراتوارداروسازي‌  دكترعبيدي‌,201,420294,8091689630,19400,20200,18870,-530,-2.73,19370,-30,-0.15,18850,20200,1400-9-20,2021-12-11
468,دكوثر,داروسازي‌ كوثر,201,2506160,6636411689,2651,2740,2700,49,1.85,2650,-1,-0.04,2555,2740,1400-9-20,2021-12-11
469,بفجر,فجر انرژي خليج فارس,200,957345,10868766060,11240,11580,11320,80,0.71,11250,10,0.09,11210,11580,1400-9-20,2021-12-11
470,دلر,داروسازي‌ اكسير,199,284561,12074369710,42810,41790,42000,-810,-1.89,42570,-240,-0.56,41790,44880,1400-9-20,2021-12-11
471,سباقر,سيمان باقران,198,1523593,19832018031,12661,12720,13040,379,2.99,13017,356,2.81,12720,13040,1400-9-20,2021-12-11
472,جوين,كشت و صنعت جوين,198,2768222,6667125763,2476,2498,2402,-74,-2.99,2430,-46,-1.86,2402,2498,1400-9-20,2021-12-11
473,تكمبا,كمباين‌ سازي‌ ايران‌,197,1659832,6402491183,3852,3812,3888,36,0.93,3854,2,0.05,3802,3955,1400-9-20,2021-12-11
474,ساربيل,سيمان آرتا اردبيل,197,354807,7676362790,22480,21690,21600,-880,-3.91,22030,-450,-2,21370,22110,1400-9-20,2021-12-11
475,كقزوي,شيشه‌ قزوين‌,196,1327550,10610855513,8173,8105,8000,-173,-2.12,7993,-180,-2.2,7928,8140,1400-9-20,2021-12-11
476,ركيش,كارت اعتباري ايران كيش,195,1944946,11314562470,5550,5820,5820,270,4.86,5740,190,3.42,5610,5820,1400-9-20,2021-12-11
477,وتوس,توسعه‌شهري‌توس‌گستر,193,708502,6190648360,9070,8680,8840,-230,-2.54,8930,-140,-1.54,8620,9060,1400-9-20,2021-12-11
478,وبرق,س.کارکنان صنعت برق زنجان وقزوي,192,149603,17623083797,121442,117799,117799,-3643,-3,117799,-3643,-3,117799,117799,1400-9-20,2021-12-11
479,پلاست,كارخانجات توليدي پلاستيران,191,593908,4604594827,7977,7977,7738,-239,-3,7871,-106,-1.33,7738,7977,1400-9-20,2021-12-11
480,خاتم,صندوق س خاتم ايساتيس پويا-ثابت,191,5761892,71752697833,12443,12452,12452,9,0.07,12453,10,0.08,12452,12455,1400-9-20,2021-12-11
481,ثامان,سامان‌ گستراصفهان‌,190,526766,4736503950,9170,9020,9100,-70,-0.76,9110,-60,-0.65,8720,9310,1400-9-20,2021-12-11
482,تسه9906,امتياز تسهيلات مسكن شهريور99,187,1830,1787021791,931002,920021,977552,46550,5,976515,45513,4.89,920021,977552,1400-9-20,2021-12-11
483,لبوتان,گروه‌صنعتي‌بوتان‌,186,207358,8613481720,42650,42500,41100,-1550,-3.63,42000,-650,-1.52,41000,43000,1400-9-20,2021-12-11
484,دبالك,مواد اوليه دارويي البرز بالك,186,1385437,9631327205,6977,6804,6970,-7,-0.1,6961,-16,-0.23,6804,7070,1400-9-20,2021-12-11
485,نوين,بيمه نوين,184,1561904,5541095567,3572,3530,3579,7,0.2,3563,-9,-0.25,3476,3676,1400-9-20,2021-12-11
486,رنيك,جنرال مكانيك,184,561347,5993684766,10779,10500,10632,-147,-1.36,10738,-41,-0.38,10500,10867,1400-9-20,2021-12-11
487,سكارون,سيمان كارون,184,129607,5587662027,44030,42851,42710,-1320,-3,43506,-524,-1.19,42710,45240,1400-9-20,2021-12-11
488,كارين,صندوق س نگين سامان-ثابت,182,5107738,51657985512,10095,10113,10113,18,0.18,10114,19,0.19,10113,10116,1400-9-20,2021-12-11
489,شدوصح,ح . دوده‌ صنعتي‌ پارس‌,182,1034195,7446713160,7310,7150,7140,-170,-2.33,7200,-110,-1.5,7070,7390,1400-9-20,2021-12-11
490,زيتون,صندوق س زيتون نماد پايا- مختلط,180,525275,5012031652,9548,9560,9510,-38,-0.4,9542,-6,-0.06,9351,9589,1400-9-20,2021-12-11
491,ومعلم,بيمه معلم,180,2146703,4428324103,2110,2071,2046,-64,-3.03,2096,-14,-0.66,2046,2100,1400-9-20,2021-12-11
492,پاسا,ايران‌ياساتايرورابر,178,493461,6682770080,13360,13890,13500,140,1.05,13440,80,0.6,13350,13890,1400-9-20,2021-12-11
493,ساينا,صنايع بهداشتي ساينا,177,72860,5775876392,80870,84000,77730,-3140,-3.88,80243,-627,-0.78,77700,84000,1400-9-20,2021-12-11
494,سمايه,بانك سرمايه,177,2485318,15211825986,6260,6076,6073,-187,-2.99,6121,-139,-2.22,6073,6260,1400-9-20,2021-12-11
495,تسه9903,امتياز تسهيلات مسكن خرداد99,175,1849,1804650905,931698,978000,978282,46584,5,976015,44317,4.76,920030,978282,1400-9-20,2021-12-11
496,سبجنو,سيمان‌ بجنورد,175,355706,12758695230,35020,34500,36090,1070,3.06,35720,700,2,34500,36170,1400-9-20,2021-12-11
497,شكام,صنايع شيميايي كيمياگران امروز,175,384642,12011209115,31281,31300,30810,-471,-1.51,31238,-43,-0.14,30501,31950,1400-9-20,2021-12-11
498,فولاژ,فولاد آلياژي ايران,172,490229,7978514500,16180,16500,16300,120,0.74,16190,10,0.06,16020,16750,1400-9-20,2021-12-11
499,نيرو,نيرو سرمايه,170,247511,8162019712,33388,34389,32737,-651,-1.95,33048,-340,-1.02,32387,34389,1400-9-20,2021-12-11
500,ثجوان,تامين مسكن جوانان,170,2251110,11032969088,4956,4709,4709,-247,-4.98,4901,-55,-1.11,4709,5200,1400-9-20,2021-12-11
501,تسه9905,امتياز تسهيلات مسكن مرداد99,170,2066,2017031188,930966,932000,977514,46548,5,976298,45332,4.87,932000,977514,1400-9-20,2021-12-11
502,آوا,صندوق س.سهام آواي معيار-س,169,589818,4581320366,7812,7897,7711,-101,-1.29,7767,-45,-0.58,7680,7897,1400-9-20,2021-12-11
503,پرديس,سرمايه گذاري پرديس,168,1061932,3540941241,3308,3350,3330,22,0.67,3314,6,0.18,3300,3396,1400-9-20,2021-12-11
504,رتكو,كنترل‌خوردگي‌تكين‌كو,168,534864,3963750120,7480,7470,7240,-240,-3.21,7460,-20,-0.27,7210,7830,1400-9-20,2021-12-11
505,سپ,پرداخت الكترونيك سامان كيش,168,496169,15333605150,30320,31090,30860,540,1.78,30460,140,0.46,30000,31300,1400-9-20,2021-12-11
506,دشيمي,شيمي‌ داروئي‌ داروپخش‌,167,236880,5437098070,23440,23180,22900,-540,-2.3,23260,-180,-0.77,22770,23200,1400-9-20,2021-12-11
507,وكار,بانك‌ كارآفرين‌,166,4282416,11899811647,2924,2800,2778,-146,-4.99,2885,-39,-1.33,2778,2839,1400-9-20,2021-12-11
508,وارس,سرمايه گذاري ارس صبا,166,2166963,23518653640,11153,10900,11002,-151,-1.35,10853,-300,-2.69,10819,11470,1400-9-20,2021-12-11
509,پلاسك,پلاسكوكار,166,1119045,4625274719,4176,4176,4081,-95,-2.27,4163,-13,-0.31,4050,4330,1400-9-20,2021-12-11
510,كاردان,صندوق س تجارت شاخصي كاردان,166,55898,10137688220,183290,182570,181000,-2290,-1.25,181360,-1930,-1.05,180500,184740,1400-9-20,2021-12-11
511,درازك,دارويي‌ رازك‌,162,167384,5785006610,35760,35220,34290,-1470,-4.11,35280,-480,-1.34,34010,35740,1400-9-20,2021-12-11
512,پكرمان,گروه‌ صنعتي‌ بارز,161,603964,12224723260,20000,20460,20320,320,1.6,20140,140,0.7,19910,20460,1400-9-20,2021-12-11
513,پسهند,صنايع‌ لاستيكي‌  سهند,160,251423,7200191870,29420,28010,28850,-570,-1.94,29030,-390,-1.33,28000,29960,1400-9-20,2021-12-11
514,كسعدي,كاشي‌ سعدي‌,159,388196,2846948780,7400,7510,7260,-140,-1.89,7390,-10,-0.14,7200,7600,1400-9-20,2021-12-11
515,كلوند,كاشي‌ الوند,158,596774,12673036290,21520,21810,21250,-270,-1.25,21280,-240,-1.12,20800,21810,1400-9-20,2021-12-11
516,ثباغ,شهر سازي و خانه سازي باغميشه,158,664941,5301852626,8266,8001,8000,-266,-3.22,8159,-107,-1.29,7875,8200,1400-9-20,2021-12-11
517,معيار ,سرمايه گذاري معيار صنعت پارس,157,148785,6051845757,41099,41000,40760,-339,-0.82,40840,-259,-0.63,39950,41500,1400-9-20,2021-12-11
518,خصدرا,صنعتي‌ دريايي‌ ايران‌,157,3208365,6892683495,2132,2132,2133,1,0.05,2137,5,0.23,2132,2180,1400-9-20,2021-12-11
519,وآرين,شركت توسعه اقتصادي آرين,156,3772268,6878197349,1875,1842,1850,-25,-1.33,1838,-37,-1.97,1819,1884,1400-9-20,2021-12-11
520,شصفها,پتروشيمي‌ اصفهان‌,155,115086,13739779863,119768,120950,117500,-2268,-1.89,119403,-365,-0.3,117373,121081,1400-9-20,2021-12-11
521,ثغرب,شركت سرمايه گذاري مسكن شمالغرب,154,1662763,6295453749,3923,3999,3813,-110,-2.8,3863,-60,-1.53,3727,3999,1400-9-20,2021-12-11
522,زعف0008پ11,زعفران0008نگين سحرخيز(پ),154,209028,54406744044,268156,280000,254657,-13499,-5.03,260284,-7872,-2.94,254657,280000,1400-9-20,2021-12-11
523,وملل,اعتباري ملل,153,1264280,10831117765,8658,8977,8501,-157,-1.81,8629,-29,-0.33,8498,8977,1400-9-20,2021-12-11
524,سشرق,سيمان‌ شرق‌,152,1290011,8125147180,6350,6200,6450,100,1.57,6320,-30,-0.47,6160,6470,1400-9-20,2021-12-11
525,سكه0111پ05,تمام سكه طرح جديد0111آينده,152,150600,201365032500,1340259,1339900,1313800,-26459,-1.97,1337085,-3174,-0.24,1305001,1342500,1400-9-20,2021-12-11
526,ماني,صندوق س. با درآمد ثابت ماني,152,4387433,46543348089,10594,10608,10609,15,0.14,10608,14,0.13,10608,10609,1400-9-20,2021-12-11
527,قلرست,قند لرستان‌,151,193300,2907937630,15700,15250,15000,-700,-4.46,15570,-130,-0.83,14940,15670,1400-9-20,2021-12-11
528,كگاز,شيشه‌ و گاز,149,302517,4637360320,15160,15030,15350,190,1.25,15210,50,0.33,15030,15690,1400-9-20,2021-12-11
529,وكادو,تكادو,148,461464,6505111351,14178,14414,14140,-38,-0.27,14125,-53,-0.37,14008,14414,1400-9-20,2021-12-11
530,دامين,داروسازي‌ امين‌,148,842772,1973680698,2380,2409,2317,-63,-2.65,2375,-5,-0.21,2311,2409,1400-9-20,2021-12-11
531,كطبس,ذغال‌سنگ‌ نگين‌ ط‌بس‌,148,118007,5707718030,48190,47180,47730,-460,-0.95,48260,70,0.15,47180,49690,1400-9-20,2021-12-11
532,زشگزا,شير و گوشت زاگرس شهركرد,144,1440441,6889943768,4800,4948,4840,40,0.83,4792,-8,-0.17,4670,4948,1400-9-20,2021-12-11
533,حخزر,كشتيراني درياي خزر,144,351188,4835656885,14476,13820,13753,-723,-4.99,14237,-239,-1.65,13753,14000,1400-9-20,2021-12-11
534,تصميم,صندوق س با درآمد ثابت تصميم,143,927954,16878587453,18169,18187,18189,20,0.11,18189,20,0.11,18187,18190,1400-9-20,2021-12-11
535,سقاين,سيمان‌ قائن‌,143,166904,7022892980,43370,43000,42790,-580,-1.34,42750,-620,-1.43,41440,43810,1400-9-20,2021-12-11
536,لخزر,پارس‌ خزر,143,37129,4755007020,129080,127000,126060,-3020,-2.34,128760,-320,-0.25,126000,130000,1400-9-20,2021-12-11
537,تسه9901,امتياز تسهيلات مسكن فروردين99,142,2050,2003127785,931018,977568,977568,46550,5,977135,46117,4.95,970000,977568,1400-9-20,2021-12-11
538,ثزاگرس,سرمايه گذاري توسعه عمران زاگرس,142,256976,9042728464,33514,35189,35189,1675,5,34957,1443,4.31,35189,35189,1400-9-20,2021-12-11
539,شگل,گلتاش‌,142,554437,3620139100,6580,6500,6570,-10,-0.15,6570,-10,-0.15,6430,6700,1400-9-20,2021-12-11
540,كوثر,بيمه كوثر,141,1022676,3995073405,3967,3901,3901,-66,-1.66,3958,-9,-0.23,3900,3990,1400-9-20,2021-12-11
541,غپآذر,شير پگاه آذربايجان شرقي,140,133866,3745066707,29106,28368,27910,-1196,-4.11,28813,-293,-1.01,27651,29370,1400-9-20,2021-12-11
542,سفار,سيمان‌فارس‌,140,39019,2180271530,56250,57300,54200,-2050,-3.64,56200,-50,-0.09,54110,57890,1400-9-20,2021-12-11
543,مارون,پتروشيمي مارون,140,24310,4138224305,174847,170400,168850,-5997,-3.43,174651,-196,-0.11,168261,171350,1400-9-20,2021-12-11
544,شپاس,نفت پاسارگاد,139,212708,3327438175,15676,16248,15720,44,0.28,15669,-7,-0.04,15211,16248,1400-9-20,2021-12-11
545,نتوس,پشم‌ بافي‌ توس,138,849980,9237367976,10904,11111,10602,-302,-2.77,10870,-34,-0.31,10578,11138,1400-9-20,2021-12-11
546,ساراب,سيمان‌ داراب‌,138,590870,8626146950,14860,14460,14250,-610,-4.1,14710,-150,-1.01,14130,15200,1400-9-20,2021-12-11
547,شكربن,كربن‌ ايران‌,137,34292,3244081410,96010,96690,93150,-2860,-2.98,95700,-310,-0.32,93020,97860,1400-9-20,2021-12-11
548,وبشهر,توسعه‌ صنايع‌ بهشهر(هلدينگ,136,652857,4544425950,7000,6700,6840,-160,-2.29,7000,0,0,6700,7110,1400-9-20,2021-12-11
549,تسه9812,امتياز تسهيلات مسكن اسفند98,133,1338,1306147437,932906,940000,979551,46645,5,976194,43288,4.64,940000,979551,1400-9-20,2021-12-11
550,سدشت,صنايع سيمان دشتستان,132,109322,3014373000,28180,26810,28300,120,0.43,28060,-120,-0.43,26810,29190,1400-9-20,2021-12-11
551,واتي,سرمايه‌ گذاري‌ آتيه‌ دماوند,132,551418,5176519920,9460,9230,9370,-90,-0.95,9440,-20,-0.21,9000,9650,1400-9-20,2021-12-11
552,اخزا006,اسنادخزانه-م6بودجه00-030723,132,370132,193248919619,521746,511436,521990,244,0.05,522108,362,0.07,511436,523888,1400-9-20,2021-12-11
553,وپترو,سرمايه‌گذاري صنايع پتروشيمي‌,132,394259,4242980810,10830,11320,10710,-120,-1.11,10810,-20,-0.18,10670,11320,1400-9-20,2021-12-11
554,لوتوس,تامين سرمايه لوتوس پارسيان,130,906824,5184447340,5690,5830,5710,20,0.35,5690,0,0,5660,5830,1400-9-20,2021-12-11
555,كاريس,صندوق س.سپهر كاريزما-س,130,933979,11981757793,12852,12865,12750,-102,-0.79,12829,-23,-0.18,12712,12950,1400-9-20,2021-12-11
556,ولتجار,واسپاري تجارت وسرمايه ايرانيان,129,2086373,5667313116,2790,2740,2759,-31,-1.11,2747,-43,-1.54,2707,2788,1400-9-20,2021-12-11
557,چافست,افست‌,128,753595,6070994170,8300,8300,8030,-270,-3.25,8200,-100,-1.2,8000,8300,1400-9-20,2021-12-11
558,تايرا,تراكتورسازي‌ايران‌,127,210249,4625489440,21850,21880,21820,-30,-0.14,21870,20,0.09,21570,22480,1400-9-20,2021-12-11
559,حپترو,حمل و نقل پتروشيمي( سهامي عام,126,245289,5706418090,23670,24490,22960,-710,-3,23510,-160,-0.68,22490,24490,1400-9-20,2021-12-11
560,وملت,سرمايه گذاري ملت,126,785407,1844419372,2353,2312,2333,-20,-0.85,2351,-2,-0.08,2312,2400,1400-9-20,2021-12-11
561,شستان,پتروشيمي گلستان,125,1706469,6239213543,3725,3651,3651,-74,-1.99,3656,-69,-1.85,3651,3700,1400-9-20,2021-12-11
562,سيستم,همكاران سيستم,125,898887,4453668760,5010,4980,4870,-140,-2.79,5000,-10,-0.2,4860,5040,1400-9-20,2021-12-11
563,سكرما,سيمان‌ كرمان‌,122,467983,6462131740,13510,13990,13780,270,2,13640,130,0.96,13540,13990,1400-9-20,2021-12-11
564,شراز,پالايش نفت شيراز,121,46958,5339711844,114313,114000,113200,-1113,-0.97,114244,-69,-0.06,113000,116500,1400-9-20,2021-12-11
565,واميد,گروه مديريت سرمايه گذاري اميد,121,1242861,16497657140,13270,13300,13350,80,0.6,13270,0,0,13020,13490,1400-9-20,2021-12-11
566,فن آوا,گروه فن آوا,120,4500774,47523672666,10252,10559,10559,307,2.99,10559,307,2.99,10559,10559,1400-9-20,2021-12-11
567,كهربا,صندوق س.پشتوانه سكه طلا كهربا,119,1217295,13731824344,11470,11500,11240,-230,-2.01,11281,-189,-1.65,11200,11544,1400-9-20,2021-12-11
568,فخاس,فولاد خراسان,119,131452,2953112730,23520,22360,22360,-1160,-4.93,23490,-30,-0.13,22350,22880,1400-9-20,2021-12-11
569,سهگمت,سيمان‌هگمتان‌,118,225724,4559197970,21030,20180,20490,-540,-2.57,20770,-260,-1.24,19990,21950,1400-9-20,2021-12-11
570,اخزا005,اسنادخزانه-م5بودجه00-030626,117,387602,205390273900,529203,529000,529501,298,0.06,529900,697,0.13,528305,531500,1400-9-20,2021-12-11
571,تسه9811,امتياز تسهيلات مسكن بهمن98,115,1250,1217057924,929924,940000,976420,46496,5,973646,43722,4.7,940000,976420,1400-9-20,2021-12-11
572,فبيرا,بسته‌ بندي‌ ايران‌,115,1751483,3333925686,1873,1929,1900,27,1.44,1883,10,0.53,1827,1929,1400-9-20,2021-12-11
573,پارسيان,بيمه پارسيان,114,592548,5152545790,8770,8850,8560,-210,-2.39,8750,-20,-0.23,8350,8850,1400-9-20,2021-12-11
574,دفرا,فرآورده‌هاي‌ تزريقي‌ ايران‌,114,223787,5902417090,27150,27180,26950,-200,-0.74,26840,-310,-1.14,26110,27500,1400-9-20,2021-12-11
575,قشهد,شهد,112,285805,3873539330,13950,13690,13400,-550,-3.94,13840,-110,-0.79,13330,13960,1400-9-20,2021-12-11
576,كحافظ,كاشي‌ وسراميك‌ حافظ‌,112,689428,2452393939,3618,3480,3525,-93,-2.57,3608,-10,-0.28,3480,3700,1400-9-20,2021-12-11
577,قهكمت,قندهكمتان‌,110,588969,2542060494,4456,4400,4399,-57,-1.28,4432,-24,-0.54,4234,4585,1400-9-20,2021-12-11
578,حپارسا,توسعه حمل و نقل ريلي پارسيان,110,130393,3689648705,29031,28050,28480,-551,-1.9,28846,-185,-0.64,28050,29014,1400-9-20,2021-12-11
579,زمگسا,كشاورزي‌ ودامپروي‌ مگسال‌,109,223613,3807845230,17030,17750,16810,-220,-1.29,17030,0,0,16710,17750,1400-9-20,2021-12-11
580,اعتلا,شركت سرمايه گذاري اعتلاء البرز,109,983614,3565313688,3587,3720,3577,-10,-0.28,3596,9,0.25,3538,3720,1400-9-20,2021-12-11
581,فاما,صنعتي‌ آما,108,456435,8635615870,19170,19490,18900,-270,-1.41,19020,-150,-0.78,18510,19490,1400-9-20,2021-12-11
582,پرداخت,به پرداخت ملت,107,292599,3572897850,12450,12200,12440,-10,-0.08,12390,-60,-0.48,12020,12500,1400-9-20,2021-12-11
583,وتوشه,سرمايه‌ گذاري‌ پارس‌ توشه‌,106,959139,5382209390,5670,5670,5590,-80,-1.41,5650,-20,-0.35,5550,5690,1400-9-20,2021-12-11
584,تكنار,مجتمع معادن مس تكنار,106,49914,2600257875,53414,54000,51900,-1514,-2.83,53062,-352,-0.66,51812,54000,1400-9-20,2021-12-11
585,سمازن,سيمان‌مازندران‌,106,320264,4331123410,13610,13490,13590,-20,-0.15,13580,-30,-0.22,13250,13880,1400-9-20,2021-12-11
586,دروز,داروسازي‌ روزدارو,105,107644,2454187860,23270,22410,22700,-570,-2.45,23190,-80,-0.34,22410,23380,1400-9-20,2021-12-11
587,افرا,افرانت,105,528517,9795534078,17652,18534,18534,882,5,18201,549,3.11,18534,18534,1400-9-20,2021-12-11
588,كي بي سي,شركت كي بي سي,103,265397,4622061479,17428,17597,16837,-591,-3.39,17424,-4,-0.02,16810,17599,1400-9-20,2021-12-11
589,دالبر,البرزدارو,99,235414,2769432750,11710,11560,11850,140,1.2,11720,10,0.09,11420,12000,1400-9-20,2021-12-11
590,اخزا917,اسنادخزانه-م17بودجه99-010226,99,448886,408766925838,909429,908007,911000,1571,0.17,910625,1196,0.13,908006,911000,1400-9-20,2021-12-11
591,وبهمن,سرمايه‌گذاري‌بهمن‌,99,219220,3199240160,14830,14460,14630,-200,-1.35,14780,-50,-0.34,14460,15040,1400-9-20,2021-12-11
592,گوهران,سرمايه گذاري توسعه گوهران اميد,97,756836,3771303064,4985,5086,4984,-1,-0.02,4984,-1,-0.02,4911,5099,1400-9-20,2021-12-11
593,واعتبار,سرمايه گذاري اعتبار ايران,96,944834,6449630760,6770,6930,6800,30,0.44,6790,20,0.3,6660,6930,1400-9-20,2021-12-11
594,پلوله,گازلوله‌,96,572935,14464473064,25985,25206,25206,-779,-3,25246,-739,-2.84,25206,26000,1400-9-20,2021-12-11
595,زگلدشت,كشت و دام گلدشت نمونه اصفهان,95,354287,3104869454,8699,8998,8829,130,1.49,8712,13,0.15,8561,8998,1400-9-20,2021-12-11
596,فيروزه,صندوق شاخص30 شركت فيروزه- سهام,95,29113,4859491430,166870,167000,166500,-370,-0.22,166920,50,0.03,166500,169270,1400-9-20,2021-12-11
597,دسبحان,سبحان دارو,94,123012,1776409900,14490,14150,14380,-110,-0.76,14480,-10,-0.07,14150,14780,1400-9-20,2021-12-11
598,هجرت,پخش هجرت,94,153038,4158064573,27377,27599,27200,-177,-0.65,27319,-58,-0.21,26831,27599,1400-9-20,2021-12-11
599,ثاژن,سخت آژند,94,1066862,5010102772,4791,4701,4696,-95,-1.98,4696,-95,-1.98,4696,4703,1400-9-20,2021-12-11
600,سپاس,صندوق س. پاداش سهامداري-ثابت,93,2157849,21637613557,10012,10030,10027,15,0.15,10027,15,0.15,10027,10030,1400-9-20,2021-12-11
601,سجامح,ح.مجتمع سيمان غرب آسيا,93,897597,723894005,819,795,796,-23,-2.81,806,-13,-1.59,795,820,1400-9-20,2021-12-11
602,قمرو,قند مرودشت‌,92,171702,3622194170,22020,22540,21000,-1020,-4.63,21790,-230,-1.04,20920,22550,1400-9-20,2021-12-11
603,حسينا,توسعه خدمات دريايي وبندري سينا,91,121070,4955459668,40849,40210,40652,-197,-0.48,40876,27,0.07,40210,41979,1400-9-20,2021-12-11
604,غشاذر,پگاه‌آذربايجان‌غربي‌,90,410375,2150356150,5280,5390,5130,-150,-2.84,5270,-10,-0.19,5110,5390,1400-9-20,2021-12-11
605,وپخش,داروپخش‌ (هلدينگ‌,89,123648,4183517410,34800,33250,34290,-510,-1.47,34720,-80,-0.23,33250,34600,1400-9-20,2021-12-11
606,فردا2,صندوق س آواي فرداي زاگرس-ثابت,89,8900000,8900000,11960,1,1,-11959,-99.99,1,-11959,-99.99,1,1,1400-9-20,2021-12-11
607,سهرمز,سيمان‌هرمزگان‌,89,145106,2070764740,14640,14250,14270,-370,-2.53,14590,-50,-0.34,14190,14690,1400-9-20,2021-12-11
608,ثبات,صندوق س. ثبات ويستا -د,88,3072469,32405369929,10529,10547,10548,19,0.18,10547,18,0.17,10547,10548,1400-9-20,2021-12-11
609,تپولا,مهندسي مرآت پولاد,88,360933,5650047872,16477,15654,15654,-823,-4.99,15988,-489,-2.97,15654,15656,1400-9-20,2021-12-11
610,اخزا001,اسنادخزانه-م1بودجه00-030821,88,270732,139013674530,512417,512000,512000,-417,-0.08,513473,1056,0.21,512000,514000,1400-9-20,2021-12-11
611,سخزر,سيمان‌ خزر,88,212067,3741656200,17470,16810,17010,-460,-2.63,17510,40,0.23,16810,18100,1400-9-20,2021-12-11
612,فپنتا,سپنتا,86,6599,2938938260,444730,444710,446400,1670,0.38,444850,120,0.03,444710,449900,1400-9-20,2021-12-11
613,كشرق,صنعتي و معدني شمال شرق شاهرود,86,21206,1441048256,68838,67000,67050,-1788,-2.6,68752,-86,-0.12,67000,69000,1400-9-20,2021-12-11
614,دحاوي,الحاوي,85,460761,2060617049,4541,4406,4420,-121,-2.66,4527,-14,-0.31,4405,4642,1400-9-20,2021-12-11
615,اعتلاح,ح سرمايه گذاري اعتلاء البرز,85,873507,1352714123,1570,1513,1539,-31,-1.97,1549,-21,-1.34,1513,1604,1400-9-20,2021-12-11
616,دكيمي,كيميدارو,84,122395,2258065270,18540,17620,18150,-390,-2.1,18530,-10,-0.05,17620,19130,1400-9-20,2021-12-11
617,بساما,بيمه سامان,84,331417,6979720884,21381,20528,21000,-381,-1.78,21252,-129,-0.6,20528,21380,1400-9-20,2021-12-11
618,سكه0012پ04,تمام سكه طرح جديد0012صادرات,84,27000,35521012500,1340237,1340000,1310000,-30237,-2.26,1315593,-24644,-1.84,1300208,1340000,1400-9-20,2021-12-11
619,غصينو,صنعتي مينو,84,293182,6218097038,22325,21209,21209,-1116,-5,22243,-82,-0.37,21209,21209,1400-9-20,2021-12-11
620,ثروتم,صندوق س. ثروت آفرين پارسيان-س,84,148500,11758973150,76824,81610,80050,3226,4.2,79185,2361,3.07,78410,83098,1400-9-20,2021-12-11
621,پلاستح,ح.كارخانجات توليدي پلاستيران,83,1834531,8394813856,4717,4576,4576,-141,-2.99,4576,-141,-2.99,4576,4576,1400-9-20,2021-12-11
622,كصدف,كاشي صدف سرام استقلال آباده,81,141280,2783412925,19887,19887,19800,-87,-0.44,19835,-52,-0.26,19291,20215,1400-9-20,2021-12-11
623,اخزا910,اسنادخزانه-م10بودجه99-020807,81,87416,58000169757,663982,662000,663200,-782,-0.12,663496,-486,-0.07,661000,665500,1400-9-20,2021-12-11
624,سفانو,سيمان فارس نو,80,112069,2677281780,24330,23880,23810,-520,-2.14,24250,-80,-0.33,23780,24290,1400-9-20,2021-12-11
625,غشوكو,شوكو پارس,79,369672,2950645861,8227,7982,7981,-246,-2.99,8152,-75,-0.91,7981,8199,1400-9-20,2021-12-11
626,اوج,صندوق س.اوج دماوند-س,78,166241,1685861548,10115,10141,10145,30,0.3,10141,26,0.26,10138,10145,1400-9-20,2021-12-11
627,دپارس,پارس‌ دارو,78,53435,1496919130,28610,28150,28500,-110,-0.38,28550,-60,-0.21,27730,29000,1400-9-20,2021-12-11
628,سكه0112پ03,تمام سكه طرح جديد0112سامان,76,14500,19137266400,1340157,1331500,1315000,-25157,-1.88,1319811,-20346,-1.52,1307001,1335000,1400-9-20,2021-12-11
629,سرود,سيمان‌شاهرود,76,153343,2829023680,18590,18200,18320,-270,-1.45,18560,-30,-0.16,18200,18840,1400-9-20,2021-12-11
630,بايكا,كارخانجات كابلسازي ‌ايران‌,75,116597,2153158619,18908,19300,18341,-567,-3,18811,-97,-0.51,18341,19300,1400-9-20,2021-12-11
631,دارو,كارخانجات‌داروپخش‌,74,118053,3523333460,30730,29550,30130,-600,-1.95,30560,-170,-0.55,29530,30460,1400-9-20,2021-12-11
632,ارمغان,ص سرمايه گذاري ارمغان ايرانيان,73,1133509,11356726063,10010,10029,10021,11,0.11,10019,9,0.09,10018,10029,1400-9-20,2021-12-11
633,سجام,مجتمع سيمان غرب آسيا,72,1423553,3121304625,2229,2265,2215,-14,-0.63,2217,-12,-0.54,2170,2265,1400-9-20,2021-12-11
634,مداران,داده‌پردازي‌ايران‌,72,626621,9280257010,14110,14810,14810,700,4.96,14520,410,2.91,14810,14810,1400-9-20,2021-12-11
635,كيان2,صندوق س. با درآمد ثابت كيان,70,7000000,7000000,31956,1,1,-31955,-100,1,-31955,-100,1,1,1400-9-20,2021-12-11
636,تشتاد,صنايع توليدي اشتاد ايران‌,69,488161,2267524914,4736,4742,4594,-142,-3,4715,-21,-0.44,4594,4750,1400-9-20,2021-12-11
637,رماس,صندوق س.راهبرد ممتازابن سينا-س,69,127049,1270490000,10000,10000,10000,0,0,10000,0,0,10000,10000,1400-9-20,2021-12-11
638,وامين,س. امين توان آفرين ساز,69,144443,1796351867,12610,12358,12550,-60,-0.48,12604,-6,-0.05,12300,12600,1400-9-20,2021-12-11
639,كاسپين,داروسازي كاسپين تامين,69,86707,2001815123,23186,22520,22961,-225,-0.97,23173,-13,-0.06,22520,24150,1400-9-20,2021-12-11
640,اوصتا,صندوق انديشه ورزان صباتامين -د,68,572620,11903190750,20757,20787,20788,31,0.15,20787,30,0.14,20787,20788,1400-9-20,2021-12-11
641,فلات,گروه صنايع معادن فلات ايرانيان,67,269495,2791243473,10526,10499,10400,-126,-1.2,10478,-48,-0.46,10230,10533,1400-9-20,2021-12-11
642,سكه0011پ02,تمام سكه طرح جديد0011ملت,66,19400,25563516400,1341107,1330902,1307505,-33602,-2.51,1317707,-23400,-1.74,1307505,1331100,1400-9-20,2021-12-11
643,وآتوس,س.آرين توسكا قيمت اسمي 350ريال,66,342015,8601004260,25254,24497,24497,-757,-3,25148,-106,-0.42,24497,26000,1400-9-20,2021-12-11
644,صنوين,صندوق سرمايه‌گذاري صنوين-مختلط,65,19051,1705364120,91660,91000,90150,-1510,-1.65,89520,-2140,-2.33,88120,91060,1400-9-20,2021-12-11
645,شكبير,پتروشيمي اميركبير,64,37978,3593325669,96004,95500,94980,-1024,-1.07,95953,-51,-0.05,94153,95799,1400-9-20,2021-12-11
646,دابور,داروسازي‌ ابوريحان‌,63,57323,1282790610,22930,22410,22160,-770,-3.36,22880,-50,-0.22,22100,22500,1400-9-20,2021-12-11
647,قيستو,شركت قند بيستون,63,218488,5057718572,23858,23548,23143,-715,-3,23488,-370,-1.55,23143,23548,1400-9-20,2021-12-11
648,اخزا918,اسنادخزانه-م18بودجه99-010323,62,132139,118265028413,893879,898000,894662,783,0.09,895005,1126,0.13,894660,898000,1400-9-20,2021-12-11
649,سيدكو,سرمايه گذاري توسعه صنايع سيمان,62,729687,4235465710,5820,5810,5700,-120,-2.06,5820,0,0,5690,5910,1400-9-20,2021-12-11
650,كارا,صندوق س. كارا -د,61,1913419,19803732365,10333,10350,10350,17,0.16,10350,17,0.16,10349,10350,1400-9-20,2021-12-11
651,گوهر2,صندوق سكه طلاي كيان,60,600000,600000,66621,1,1,-66620,-100,1,-66620,-100,1,1,1400-9-20,2021-12-11
652,زعف0008پ10,زعفران0008نگين طلاي سرخ(پ),60,43125,11013821412,264177,279000,254657,-9520,-3.6,255393,-8784,-3.33,254657,279000,1400-9-20,2021-12-11
653,اخزا004,اسنادخزانه-م4بودجه00-030522,59,210703,114365534391,542429,541100,543000,571,0.11,542781,352,0.06,541100,543699,1400-9-20,2021-12-11
654,اراد50,مرابحه عام دولت5-ش.خ0302,58,1367400,1367400106400,1000001,1000000,1000000,-1,0,1000000,-1,0,1000000,1000001,1400-9-20,2021-12-11
655,داريوش,صندوق س. ثروت داريوش -س,58,201533,1940480507,9622,9667,9630,8,0.08,9629,7,0.07,9550,9700,1400-9-20,2021-12-11
656,سخوز,سيمان خوزستان,57,72529,1694298660,23740,23750,23240,-500,-2.11,23700,-40,-0.17,23160,23900,1400-9-20,2021-12-11
657,غپونه,نوش پونه مشهد,55,124277,1446859837,12002,11642,11642,-360,-3,11948,-54,-0.45,11642,11650,1400-9-20,2021-12-11
658,سشمال,سيمان‌ شمال‌,55,255608,1942479000,7690,7510,7600,-90,-1.17,7680,-10,-0.13,7510,7700,1400-9-20,2021-12-11
659,اخزا008,اسنادخزانه-م8بودجه00-030919,55,111901,56466565220,503637,506999,504780,1143,0.23,504612,975,0.19,503000,506999,1400-9-20,2021-12-11
660,زعف0110پ11,زعفران0110نگين سحرخيز(پ),54,30598,10974854977,376677,375000,355055,-21622,-5.74,358679,-17998,-4.78,355055,381999,1400-9-20,2021-12-11
661,اخزا007,اسنادخزانه-م7بودجه00-030912,53,128273,65072492562,505744,504000,506000,256,0.05,507297,1553,0.31,504000,508000,1400-9-20,2021-12-11
662,صايند,صندوق س. گنجينه آينده روشن-د,52,588010,5890095840,10011,10035,10018,7,0.07,10017,6,0.06,10001,10035,1400-9-20,2021-12-11
663,وبازار,صندوق س شاخصي بازارآشنا,50,455249,5323285580,11690,11760,11600,-90,-0.77,11690,0,0,11580,11770,1400-9-20,2021-12-11
664,زرين,صندوق س. سهام زرين كوروش-س,50,213007,2687932126,12632,12666,12600,-32,-0.25,12619,-13,-0.1,12599,12666,1400-9-20,2021-12-11
665,دفارا,داروسازي‌ فارابي‌,49,96936,1284143140,13380,13600,13130,-250,-1.87,13370,-10,-0.07,12910,13600,1400-9-20,2021-12-11
666,اخزا914,اسنادخزانه-م14بودجه99-021025,49,92372,58036454327,627015,626111,629002,1987,0.32,628291,1276,0.2,626022,630000,1400-9-20,2021-12-11
667,شاملا,معدني‌ املاح‌  ايران‌,49,289399,3163131070,10410,10930,10930,520,5,10510,100,0.96,10930,10930,1400-9-20,2021-12-11
668,ولملت,واسپاري ملت,49,308694,1140315636,3888,3694,3694,-194,-4.99,3872,-16,-0.41,3694,3694,1400-9-20,2021-12-11
669,افق ملت,صندوق س در سهام افق ملت,47,6196,859435240,138810,139100,138500,-310,-0.22,138710,-100,-0.07,138500,140990,1400-9-20,2021-12-11
670,شتوكا,توكا رنگ فولاد سپاهان,44,173479,2515445500,13810,14500,14500,690,5,13920,110,0.8,14500,14500,1400-9-20,2021-12-11
671,اخزا903,اسنادخزانه-م3بودجه99-011110,42,26144,20460056005,781657,780011,782601,944,0.12,782591,934,0.12,780011,783000,1400-9-20,2021-12-11
672,سمتاز,سيمان ممتازان كرمان,41,214916,3023409383,14065,14077,14065,0,0,14066,1,0.01,14065,14189,1400-9-20,2021-12-11
673,حگردش,ريل گردش ايرانيان,40,273002,1161623510,4386,4255,4255,-131,-2.99,4370,-16,-0.36,4255,4255,1400-9-20,2021-12-11
674,تابا,تابان نيرو سپاهان,40,110016,2439054720,23336,22170,22170,-1166,-5,22922,-414,-1.77,22170,22170,1400-9-20,2021-12-11
675,اخزا902,اسنادخزانه-م2بودجه99-011019,40,143452,113604583610,791438,790921,792500,1062,0.13,791934,496,0.06,790921,793000,1400-9-20,2021-12-11
676,عيار2,صندوق سكه طلاي مفيد,40,400000,400000,33843,1,1,-33842,-100,1,-33842,-100,1,1,1400-9-20,2021-12-11
677,دسينا,داروسازي‌ سينا,40,104215,2128154320,20410,20700,20550,140,0.69,20410,0,0,20300,20710,1400-9-20,2021-12-11
678,امين يكم2,صندوق درآمد ثابت امين يكم فردا,40,40000000,40000000,10080,1,1,-10079,-99.99,1,-10079,-99.99,1,1,1400-9-20,2021-12-11
679,ضفلا1163,اختيارخ فولاد-10000-1400/11/24,40,284,399362000,1521,1530,1333,-188,-12.36,1406,-115,-7.56,1333,1530,1400-9-20,2021-12-11
680,اخزا901,اسنادخزانه-م1بودجه99-010621,39,32392,27547229451,849027,849000,853000,3973,0.47,850433,1406,0.17,849000,853000,1400-9-20,2021-12-11
681,اخزا911,اسنادخزانه-م11بودجه99-020906,39,179679,116923607739,649879,649996,651001,1122,0.17,650736,857,0.13,649996,652980,1400-9-20,2021-12-11
682,وتعاون,بيمه  تعاون,38,414919,678116414,1684,1635,1634,-50,-2.97,1681,-3,-0.18,1634,1636,1400-9-20,2021-12-11
683,شساخت,مهندسي و ساختمان صنايع نفت,38,25756,1093430303,43719,42514,42408,-1311,-3,43687,-32,-0.07,42408,43200,1400-9-20,2021-12-11
684,ثمين,صندوق س. ثروت افزون ثمين-س,37,200592,2087951093,10399,10500,10364,-35,-0.34,10409,10,0.1,10205,10500,1400-9-20,2021-12-11
685,كباده,توليد خاك نسوزاستقلال آباده,37,161045,4090865090,24663,25402,25402,739,3,24957,294,1.19,25402,25402,1400-9-20,2021-12-11
686,آساس,صندوق س.آسمان آرماني سهام-س,36,24662,4092683035,166242,167200,165005,-1237,-0.74,165951,-291,-0.18,165003,167200,1400-9-20,2021-12-11
687,فاهواز,نورد و لوله اهواز,35,1133577,6693772185,6025,5905,5905,-120,-1.99,5965,-60,-1,5905,5905,1400-9-20,2021-12-11
688,زعف0008پ05,زعفران0008نگين زرين(پ),35,11725,3004249918,268834,259000,254657,-14177,-5.27,256226,-12608,-4.69,254657,259000,1400-9-20,2021-12-11
689,آرمان,بيمه آرمان,34,178325,989042163,5714,5543,5543,-171,-2.99,5697,-17,-0.3,5543,5675,1400-9-20,2021-12-11
690,ضشنا1050,اختيارخ شپنا-7629-1400/10/19,34,652,115098540,121,110,81,-40,-33.06,96,-25,-20.66,81,119,1400-9-20,2021-12-11
691,لخانه,لوازم‌ خانگي‌ پارس‌,34,39922,664262158,17153,16639,16639,-514,-3,17118,-35,-0.2,16639,16639,1400-9-20,2021-12-11
692,دقاضي,داروسازي شهيد قاضي,32,22167,591596581,26669,27469,26799,130,0.49,26670,1,0,26080,27469,1400-9-20,2021-12-11
693,دسبحا,گروه دارويي سبحان,31,77627,1463279380,18800,19200,18780,-20,-0.11,18800,0,0,18450,19200,1400-9-20,2021-12-11
694,وايرا,سرمايه گذاري صنايع ايران,31,1338381,5789836206,4459,4326,4326,-133,-2.98,4380,-79,-1.77,4326,4326,1400-9-20,2021-12-11
695,ضملت1133,اختيارخ وبملت-3000-1400/11/13,29,1042,398915000,365,400,350,-15,-4.11,383,18,4.93,350,440,1400-9-20,2021-12-11
696,دارا,صندوق س. دارا الگوريتم-د,29,256982,2576053802,10008,10018,10023,15,0.15,10024,16,0.16,10018,10045,1400-9-20,2021-12-11
697,ضجار1020,اختيارخ وتجارت-1600-1400/10/15,29,234,74572000,307,273,273,-34,-11.07,319,12,3.91,273,390,1400-9-20,2021-12-11
698,داريك,صندوق س.اعتماد داريك-د,29,604977,7267711316,12005,12011,12014,9,0.07,12013,8,0.07,12011,12014,1400-9-20,2021-12-11
699,اخزا812,اسنادخزانه-م12بودجه98-001111,28,54078,52465598170,967843,970172,972000,4157,0.43,970184,2341,0.24,970000,972700,1400-9-20,2021-12-11
700,زعف0110پ10,زعفران0110نگين طلاي سرخ(پ),27,13059,4652706285,372267,369000,355055,-17212,-4.62,356283,-15984,-4.29,355055,369000,1400-9-20,2021-12-11
701,ضسپا1113,اختيارخ خساپا-1800-1400/11/20,26,1800,307515000,350,180,171,-179,-51.14,171,-179,-51.14,160,180,1400-9-20,2021-12-11
702,سغدير,توسعه سرمايه و صنعت غدير,26,167500000,2434576900000,1000,14500,14610,13610,1361,14535,13535,1353.5,14500,14610,1400-9-20,2021-12-11
703,اخزا003,اسنادخزانه-م3بودجه00-030418,26,58907,32710056532,554385,555000,556100,1715,0.31,555283,898,0.16,554340,556100,1400-9-20,2021-12-11
704,اخزا811,اسنادخزانه-م11بودجه98-001013,26,44269,43607489969,983873,986436,985053,1180,0.12,985057,1184,0.12,983150,987500,1400-9-20,2021-12-11
705,گنجين,صندوق س. گنجينه يكم آويد-د,26,156336,2241097286,14317,14332,14335,18,0.13,14335,18,0.13,14332,14342,1400-9-20,2021-12-11
706,آتيمس,صندوق س.آرمان آتيه درخشان مس-س,25,3976,708806547,179959,179151,178000,-1959,-1.09,178271,-1688,-0.94,177000,181000,1400-9-20,2021-12-11
707,قپيرا,فرآورده‌هاي‌غدايي‌وقندپيرانشهر,24,34426,264596010,7640,7660,7650,10,0.13,7640,0,0,7640,7950,1400-9-20,2021-12-11
708,زعف0008پ08,زعفران0008نگين روستا(پ),23,5575,1420511461,270000,255215,254657,-15343,-5.68,254800,-15200,-5.63,254657,255215,1400-9-20,2021-12-11
709,قجام,فرآوردههاي غذايي وقندتربت‌جام‌,23,136829,830552030,6322,6070,6070,-252,-3.99,6278,-44,-0.7,6070,6070,1400-9-20,2021-12-11
710,اخزا009,اسناد خزانه-م9بودجه00-031101,22,7309,3630883085,495322,493009,492199,-3123,-0.63,496769,1447,0.29,492199,505001,1400-9-20,2021-12-11
711,زعف0008پ20,زعفران0008نگين وحدت جام(پ),21,10496,2672879872,266827,254657,254657,-12170,-4.56,254657,-12170,-4.56,254657,254657,1400-9-20,2021-12-11
712,ضملت1134,اختيارخ وبملت-3500-1400/11/13,21,694,82545000,120,100,125,5,4.17,119,-1,-0.83,15,140,1400-9-20,2021-12-11
713,اطلس2,صندوق س.توسعه اندوخته آينده-س,21,210000,210000,242696,1,1,-242695,-100,1,-242695,-100,1,1,1400-9-20,2021-12-11
714,دتوليدح,ح. داروسازي توليد دارو,21,600060,3823582320,6069,6372,6372,303,4.99,6372,303,4.99,6372,6372,1400-9-20,2021-12-11
715,فيروزا,صندوق بادرآمد ثابت فيروزه آسيا,21,168639,4345883993,25750,25780,25770,20,0.08,25770,20,0.08,25770,25780,1400-9-20,2021-12-11
716,زعف0008پ16,زعفران0008نگين بيرجند(پ),20,5991,1525831504,264326,254657,254657,-9669,-3.66,254687,-9639,-3.65,254657,264000,1400-9-20,2021-12-11
717,اخزا909,اسنادخزانه-م9بودجه99-020316,20,117889,85372454933,725596,723601,724400,-1196,-0.16,724177,-1419,-0.2,723600,725596,1400-9-20,2021-12-11
718,ساروج,بين المللي ساروج بوشهر,20,242450,3858414999,15619,15510,16087,468,3,15731,112,0.72,15510,16087,1400-9-20,2021-12-11
719,طلا2,صندوق س.پشتوانه طلاي لوتوس,20,2000000,2000000,94694,1,1,-94693,-100,1,-94693,-100,1,1,1400-9-20,2021-12-11
720,وجامي,سرمايه گذاري جامي,19,103274,697409322,6961,6753,6753,-208,-2.99,6946,-15,-0.22,6753,6753,1400-9-20,2021-12-11
721,بذر,صندوق س بذر اميد آفرين-سهام,18,2167,206970360,93600,94720,94370,770,0.82,95510,1910,2.04,94370,96380,1400-9-20,2021-12-11
722,ضفلا1165,اختيارخ فولاد-14000-1400/11/24,17,26,6500000,350,250,250,-100,-28.57,250,-100,-28.57,250,250,1400-9-20,2021-12-11
723,ضستا1004,اختيارخ شستا-12000-1400/10/29,17,420,331808000,821,802,741,-80,-9.74,790,-31,-3.78,741,803,1400-9-20,2021-12-11
724,اخزا908,اسنادخزانه-م8بودجه99-020606,17,66226,45740969539,686154,689000,690000,3846,0.56,690680,4526,0.66,688101,692000,1400-9-20,2021-12-11
725,زير0103پ01,زيره سبز0103كيميابذر(پ),16,447,414707000,919207,919000,950000,30793,3.35,927756,8549,0.93,915000,950000,1400-9-20,2021-12-11
726,قچار,فراوردههاي غذايي وقند چهارمحال,15,49654,424293430,8994,8545,8545,-449,-4.99,8981,-13,-0.14,8545,8545,1400-9-20,2021-12-11
727,ضبدر1162,اختيارخ شبندر-5000-1400/11/13,15,185,281561000,1858,1650,1500,-358,-19.27,1522,-336,-18.08,1500,1700,1400-9-20,2021-12-11
728,سخند,صندوق س.سپهرخبرگان نفت-د,14,57730,579321480,10056,10026,10047,-9,-0.09,10035,-21,-0.21,10025,10047,1400-9-20,2021-12-11
729,برن0104پ01,برنج طارم0104تجارت مازندران(پ),14,1893,892762600,469910,470950,472000,2090,0.44,471613,1703,0.36,470950,472000,1400-9-20,2021-12-11
730,اخزا815,اسنادخزانه-م15بودجه98-010406,14,1387,1233361250,888038,889106,889253,1215,0.14,889229,1191,0.13,889106,890000,1400-9-20,2021-12-11
731,ضصاد1111,اختيارخ وبصادر-1600-1400/11/06,14,395,110290000,302,300,280,-22,-7.28,279,-23,-7.62,258,300,1400-9-20,2021-12-11
732,ومشان,س. فني و مهندسي مشانير,14,8999,384689252,44070,42748,42748,-1322,-3,43951,-119,-0.27,42748,42748,1400-9-20,2021-12-11
733,ضصاد1113,اختيارخ وبصادر-2000-1400/11/06,13,150,16337000,130,125,112,-18,-13.85,109,-21,-16.15,103,125,1400-9-20,2021-12-11
734,وليز,ليزينگ‌ايران‌,13,149251,325516431,2295,2181,2181,-114,-4.97,2292,-3,-0.13,2181,2181,1400-9-20,2021-12-11
735,اخزا814,اسنادخزانه-م14بودجه98-010318,13,14218,12791702533,898470,899300,901500,3030,0.34,899684,1214,0.14,898507,901500,1400-9-20,2021-12-11
736,اپرداز,آتيه داده پرداز,13,10038,252525966,26481,25157,25157,-1324,-5,26458,-23,-0.09,25157,25157,1400-9-20,2021-12-11
737,اخزا907,اسنادخزانه-م7بودجه99-020704,13,116500,78985520000,678833,678000,677000,-1833,-0.27,677987,-846,-0.12,677000,678002,1400-9-20,2021-12-11
738,ضمخا1034,اختيارخ اخابر-6000-1400/10/26,12,72,95113000,1363,1350,1308,-55,-4.04,1321,-42,-3.08,1000,1355,1400-9-20,2021-12-11
739,ضستا1001,اختيارخ شستا-8000-1400/10/29,12,44,85226000,2616,2800,2100,-516,-19.72,1937,-679,-25.96,1500,2800,1400-9-20,2021-12-11
740,ضفلا1164,اختيارخ فولاد-12000-1400/11/24,12,216,109946000,622,579,500,-122,-19.61,509,-113,-18.17,500,579,1400-9-20,2021-12-11
741,ضبدر1163,اختيارخ شبندر-6000-1400/11/13,12,110,103345000,1106,954,900,-206,-18.63,939,-167,-15.1,900,954,1400-9-20,2021-12-11
742,هفارس104,اختيارف ت فارس-11832-01/04/12,12,318695,119829320,400,376,376,-24,-6,376,-24,-6,376,376,1400-9-20,2021-12-11
743,زعف0110پ20,زعفران0110نگين وحدت جام(پ),11,4743,1684131254,369831,361000,355055,-14776,-4,355077,-14754,-3.99,355055,361000,1400-9-20,2021-12-11
744,الماس,صندوق س.امين تدبيرگران فردا-س,11,1719,169191197,99599,98200,99990,391,0.39,98424,-1175,-1.18,98001,99990,1400-9-20,2021-12-11
745,فالوم,آلومتك‌,11,32134,791717492,25400,24638,24638,-762,-3,25338,-62,-0.24,24638,24638,1400-9-20,2021-12-11
746,ضملي1159,اختيارخ فملي-5000-1400/11/03,11,152,631400000,2134,2100,1900,-234,-10.97,2077,-57,-2.67,1601,2100,1400-9-20,2021-12-11
747,فراز,صندوق س.سهام فراز داريك-س,11,44544,632945696,14208,14209,14209,1,0.01,14209,1,0.01,14209,14211,1400-9-20,2021-12-11
748,زعف0110پ18,زعفران0110نگين بهرامن(پ),11,1009,359578111,376322,379998,355055,-21267,-5.65,356371,-19951,-5.3,355055,379998,1400-9-20,2021-12-11
749,زعف0110پ05,زعفران0110نگين زرين(پ),11,3279,1180718990,373439,360000,355055,-18384,-4.92,360085,-13354,-3.58,355055,365000,1400-9-20,2021-12-11
750,اخزا810,اسنادخزانه-م10بودجه98-001006,10,1373,1360061560,988788,990544,990990,2202,0.22,990576,1788,0.18,990544,990990,1400-9-20,2021-12-11
751,ولشرقح,ح . ليزينگ ايران و شرق,10,188582,197068190,1100,1045,1045,-55,-5,1045,-55,-5,1045,1045,1400-9-20,2021-12-11
752,ضملت1132,اختيارخ وبملت-2500-1400/11/13,10,184,112568000,652,572,577,-75,-11.5,612,-40,-6.13,571,699,1400-9-20,2021-12-11
753,ضپال2007,اختيارخ اپال-32000-1401/02/12,10,51,17652000,388,398,332,-56,-14.43,346,-42,-10.82,301,399,1400-9-20,2021-12-11
754,ضمخا1035,اختيارخ اخابر-7000-1400/10/26,10,81,60400000,700,700,650,-50,-7.14,746,46,6.57,650,800,1400-9-20,2021-12-11
755,زير0103پ02,زيره سبز0103 دانش(پ),10,238,211745800,891349,950000,960000,68651,7.7,889688,-1661,-0.19,869000,960000,1400-9-20,2021-12-11
756,اگ010155,گام بانك اقتصاد نوين0101,9,40134,37120450050,919516,924921,924921,5405,0.59,924913,5397,0.59,921000,924921,1400-9-20,2021-12-11
757,ضسپا1114,اختيارخ خساپا-2000-1400/11/20,9,203,17660000,180,130,80,-100,-55.56,87,-93,-51.67,80,130,1400-9-20,2021-12-11
758,ساذري,آذريت‌,9,114960,1067978400,9778,9290,9290,-488,-4.99,9723,-55,-0.56,9290,9290,1400-9-20,2021-12-11
759,ضخود1055,اختيارخ خودرو-3500-1400/10/08,9,211,1790000,15,10,6,-9,-60,8,-7,-46.67,6,10,1400-9-20,2021-12-11
760,واحصا,احياء صنايع خراسان,9,2464,111281632,47540,45163,45163,-2377,-5,47512,-28,-0.06,45163,45163,1400-9-20,2021-12-11
761,ضپاس1009,اختيارخ وپارس-1600-1400/10/22,8,51,21380000,310,400,440,130,41.94,419,109,35.16,380,440,1400-9-20,2021-12-11
762,ضپاس1011,اختيارخ وپارس-2000-1400/10/22,8,130,25850000,212,320,160,-52,-24.53,199,-13,-6.13,160,320,1400-9-20,2021-12-11
763,وحافظ,بيمه حافظ,8,28476,259245504,9385,9104,9104,-281,-2.99,9377,-8,-0.09,9104,9104,1400-9-20,2021-12-11
764,زعف0008پ15,زعفران0008پوشالمعمول طلاسرخ(پ),8,2811,698859618,238465,248538,248538,10073,4.22,248616,10151,4.26,248538,250000,1400-9-20,2021-12-11
765,وپسا,س. پتروشيمي ساختمان  خليج فارس,8,135269,220082663,1677,1627,1627,-50,-2.98,1676,-1,-0.06,1627,1627,1400-9-20,2021-12-11
766,زعف0008پ09,زعفران0008نگين نوين(پ),8,4955,1309116795,290625,275000,259200,-31425,-10.81,264201,-26424,-9.09,254657,275000,1400-9-20,2021-12-11
767,ضشنا1048,اختيارخ شپنا-5450-1400/10/19,8,56,72405430,797,701,661,-136,-17.06,705,-92,-11.54,624,750,1400-9-20,2021-12-11
768,كهربا2,صندوق س.پشتوانه سكه طلا كهربا,8,800000,800000,11470,1,1,-11469,-99.99,1,-11469,-99.99,1,1,1400-9-20,2021-12-11
769,آسام,صندوق س.آرمان سپهر آشنا-م,8,3170,373128100,117903,118000,117500,-403,-0.34,117706,-197,-0.17,117500,118490,1400-9-20,2021-12-11
770,ضستا1005,اختيارخ شستا-14000-1400/10/29,7,158,41510000,303,300,220,-83,-27.39,263,-40,-13.2,200,300,1400-9-20,2021-12-11
771,شمواد,توليد مواداوليه الياف مصنوعي,7,4038,175644924,44385,43498,43498,-887,-2,44353,-32,-0.07,43498,43498,1400-9-20,2021-12-11
772,ضجار1021,اختيارخ وتجارت-1800-1400/10/15,7,186,29074000,180,155,150,-30,-16.67,156,-24,-13.33,121,181,1400-9-20,2021-12-11
773,وآفري,بيمه كارآفرين,7,182475,633116290,3522,3421,3550,28,0.8,3519,-3,-0.09,3421,3550,1400-9-20,2021-12-11
774,زر2,صندوق س.پشتوانه سكه طلاي زر,7,700000,700000,57868,1,1,-57867,-100,1,-57867,-100,1,1,1400-9-20,2021-12-11
775,ضجار1019,اختيارخ وتجارت-1400-1400/10/15,7,64,25676000,475,370,430,-45,-9.47,401,-74,-15.58,370,430,1400-9-20,2021-12-11
776,ثعتما,س. ساختماني اعتماد گستر,7,47337,1238241246,26967,26158,26158,-809,-3,26864,-103,-0.38,26158,26158,1400-9-20,2021-12-11
777,دشيري,شيرين دارو,7,931,110468736,122325,118656,118656,-3669,-3,122283,-42,-0.03,118656,118656,1400-9-20,2021-12-11
778,حبندر,دريايي و کشتيراني خط دريابندر,7,57900,866068200,15420,14958,14958,-462,-3,15379,-41,-0.27,14958,14958,1400-9-20,2021-12-11
779,سلار,شركت سيمان لارستان,7,12813,343824042,27663,26834,26834,-829,-3,27634,-29,-0.1,26834,26834,1400-9-20,2021-12-11
780,طخود1052,اختيارف خودرو-2000-1400/10/08,7,96,5375000,99,90,51,-48,-48.48,56,-43,-43.43,50,90,1400-9-20,2021-12-11
781,پارتا,مجتمع‌صنعتي‌آرتاويل‌تاير,7,3711,87854214,24406,23674,23674,-732,-3,24403,-3,-0.01,23674,23674,1400-9-20,2021-12-11
782,اخزا818,اسنادخزانه-م18بودجه98-010614,6,100016,85576196000,854937,855000,856000,1063,0.12,855625,688,0.08,855000,856000,1400-9-20,2021-12-11
783,تملي805,تسهيلات مسكن ب. ملي-مرداد98,6,63,50207600,780347,785000,809000,28653,3.67,796946,16599,2.13,785000,818900,1400-9-20,2021-12-11
784,ويستا,صندوق س. ويستا -س,6,5800,58780800,10132,10101,10140,8,0.08,10135,3,0.03,10101,10140,1400-9-20,2021-12-11
785,ضصاد1112,اختيارخ وبصادر-1800-1400/11/06,6,146,16882000,175,215,20,-155,-88.57,116,-59,-33.71,20,215,1400-9-20,2021-12-11
786,خبازرس,بازرسي مهندسي و صنعتي ايران,6,2487,56198739,23295,22597,22597,-698,-3,23291,-4,-0.02,22597,22597,1400-9-20,2021-12-11
787,اخزا821,اسنادخزانه-م21بودجه98-020906,6,22941,15026749415,651944,669004,653000,1056,0.16,655017,3073,0.47,653000,669004,1400-9-20,2021-12-11
788,اخزا816,اسنادخزانه-م16بودجه98-010503,6,21241,18586119251,873652,875002,878200,4548,0.52,875011,1359,0.16,875000,878200,1400-9-20,2021-12-11
789,طپاس1011,اختيارف وپارس-2000-1400/10/22,5,60,7065000,81,85,120,39,48.15,118,37,45.68,85,120,1400-9-20,2021-12-11
790,اخزا905,اسنادخزانه-م5بودجه99-020218,5,2849,2100062423,746904,737101,744997,-1907,-0.26,737123,-9781,-1.31,737101,744997,1400-9-20,2021-12-11
791,ضشنا1051,اختيارخ شپنا-8719-1400/10/19,5,258,10309030,94,22,22,-72,-76.6,22,-72,-76.6,21,22,1400-9-20,2021-12-11
792,اخزا813,اسنادخزانه-م13بودجه98-010219,4,50496,46234017950,914985,915310,915600,615,0.07,915598,613,0.07,915310,915900,1400-9-20,2021-12-11
793,پادا,صندوق س.پاداش سرمايه پارس-س,4,1296,136438400,104848,105900,104900,52,0.05,105277,429,0.41,104900,105900,1400-9-20,2021-12-11
794,خاتم2,صندوق س خاتم ايساتيس پويا-ثابت,4,3500000,3500000,12443,1,1,-12442,-99.99,1,-12442,-99.99,1,1,1400-9-20,2021-12-11
795,ضصاد1114,اختيارخ وبصادر-2500-1400/11/06,4,180,6640000,40,40,32,-8,-20,37,-3,-7.5,32,40,1400-9-20,2021-12-11
796,سپيدما2,صندوق س. سپيد دماوند-د,4,30000000,30000000,11489,1,1,-11488,-99.99,1,-11488,-99.99,1,1,1400-9-20,2021-12-11
797,ضشنا1049,اختيارخ شپنا-6540-1400/10/19,4,22,15151595,378,380,359,-19,-5.03,375,-3,-0.79,359,380,1400-9-20,2021-12-11
798,تمحركه,ماشين سازي نيرو محركه,4,2986,56838510,19623,19035,19035,-588,-3,19620,-3,-0.02,19035,19035,1400-9-20,2021-12-11
799,ثنام,س ساختماني ب نام آوران مهندسي,4,3300,36088800,11274,10936,10936,-338,-3,11273,-1,-0.01,10936,10936,1400-9-20,2021-12-11
800,سنوين,سرمايه گذاري اقتصاد نوين,4,18399,124414038,6971,6762,6762,-209,-3,6968,-3,-0.04,6762,6762,1400-9-20,2021-12-11
801,جمح,ح . پتروشيمي جم,4,10577,497761000,48570,53420,47000,-1570,-3.23,47060,-1510,-3.11,47000,53420,1400-9-20,2021-12-11
802,ثنظام,س. ساختماني نظام مهندسي ايران,3,490,10432100,21948,21290,21290,-658,-3,21947,-1,0,21290,21290,1400-9-20,2021-12-11
803,ضستا1002,اختيارخ شستا-9000-1400/10/29,3,5,12700000,2500,2500,3000,500,20,2540,40,1.6,2400,3000,1400-9-20,2021-12-11
804,سيناد,صندوق س.سپهرسودمند سينا-د,3,7290,73051871,10017,10021,10021,4,0.04,10021,4,0.04,10020,10021,1400-9-20,2021-12-11
805,ضفرابورس1200,اختيارخ فرابورس-19000-14001218,3,40,96000000,2500,2500,2300,-200,-8,2400,-100,-4,2300,2500,1400-9-20,2021-12-11
806,كارا2,صندوق س. كارا -د,3,3200000,3200000,10333,1,1,-10332,-99.99,1,-10332,-99.99,1,1,1400-9-20,2021-12-11
807,ضسپا1109,اختيارخ خساپا-1000-1400/11/20,3,10,7503000,798,750,751,-47,-5.89,750,-48,-6.02,750,752,1400-9-20,2021-12-11
808,زعف0110پ21,زعفران0110نگين ملل(پ),3,236,83967528,372403,356673,355273,-17130,-4.6,355795,-16608,-4.46,355273,356673,1400-9-20,2021-12-11
809,فسديد,لوله‌وتجهيزات‌ سديد - ورشكسته,3,3441,356694060,104707,103660,103660,-1047,-1,104615,-92,-0.09,103660,103660,1400-9-20,2021-12-11
810,اخزا904,اسنادخزانه-م4بودجه99-011215,3,2000,1541501000,770739,767000,775001,4262,0.55,770750,11,0,767000,775001,1400-9-20,2021-12-11
811,دمعيار,صندوق س. توازن معيار-د,3,47195,472138780,10005,10004,10004,-1,-0.01,10004,-1,-0.01,10004,10004,1400-9-20,2021-12-11
812,ضصاد1110,اختيارخ وبصادر-1400-1400/11/06,3,36,14770000,435,411,410,-25,-5.75,410,-25,-5.75,410,411,1400-9-20,2021-12-11
813,تملي709,تسهيلات مسكن ب. ملي-آذر97,3,22,14556102,696464,661641,661641,-34823,-5,661641,-34823,-5,661641,661641,1400-9-20,2021-12-11
814,خفناور,مهندسي صنعتي روان فن آور,3,20143,770711466,39445,38262,38262,-1183,-3,39351,-94,-0.24,38262,38262,1400-9-20,2021-12-11
815,ضپاس1010,اختيارخ وپارس-1800-1400/10/22,3,12,4226000,381,366,366,-15,-3.94,352,-29,-7.61,200,366,1400-9-20,2021-12-11
816,ضستا1003,اختيارخ شستا-10000-1400/10/29,3,9,13950000,1667,1550,1550,-117,-7.02,1550,-117,-7.02,1550,1550,1400-9-20,2021-12-11
817,ضفار1131,اختيارخ فارس-8400-1400/11/06,3,19,52060000,2260,2740,2740,480,21.24,2740,480,21.24,2740,2740,1400-9-20,2021-12-11
818,كمان,س.خ.كمان كاريزما 35% تاديه,2,80000,30276720000,377836,378459,378459,623,0.16,378459,623,0.16,378459,378459,1400-9-20,2021-12-11
819,فولاد2,فولاد مباركه اصفهان,2,35894699,371771725740,10460,10320,10460,0,0,10357,-103,-0.98,10320,10460,1400-9-20,2021-12-11
820,هپارس102,اختيارف ت پارس-157010-01/02/05,2,908,908,1,1,1,0,0,1,0,0,1,1,1400-9-20,2021-12-11
821,زعف0110پ16,زعفران0110نگين بيرجند(پ),2,131,46512205,366227,355055,355055,-11172,-3.05,355055,-11172,-3.05,355055,355055,1400-9-20,2021-12-11
822,افران2,صندوق س افرا نماد پايدار-ثابت,2,9500000,9500000,14938,1,1,-14937,-99.99,1,-14937,-99.99,1,1,1400-9-20,2021-12-11
823,فنرژي,گسترش صنايع انرژي آذرآب,2,3000,36516000,12420,12172,12172,-248,-2,12418,-2,-0.02,12172,12172,1400-9-20,2021-12-11
824,زرين2,صندوق س. سهام زرين كوروش-س,2,200000,200000,12632,1,1,-12631,-99.99,1,-12631,-99.99,1,1,1400-9-20,2021-12-11
825,ضداريوش904,اختيارخ داريوش-11500-14010915,2,3,4050000,1,1350,1350,1349,134900,1350,1349,134900,1350,1350,1400-9-20,2021-12-11
826,وسرضوي,س.سهام عدالت استان خراسان رضوي,2,18107,12493830,726,690,690,-36,-4.96,726,0,0,690,690,1400-9-20,2021-12-11
827,ضسپا1111,اختيارخ خساپا-1400-1400/11/20,2,16,8606000,500,550,356,-144,-28.8,538,38,7.6,356,550,1400-9-20,2021-12-11
828,كمند2,صندوق س. با درآمد ثابت كمند,2,254700000,254700000,10015,1,1,-10014,-99.99,1,-10014,-99.99,1,1,1400-9-20,2021-12-11
829,ضترا1131,اختيارخ شتران-3529-1400/11/10,2,26,53274500,954,920,890,-64,-6.71,904,-50,-5.24,890,920,1400-9-20,2021-12-11
830,طجار1020,اختيارف وتجارت-1600-1400/10/15,2,105,4725000,45,45,45,0,0,45,0,0,45,45,1400-9-20,2021-12-11
831,اخزا820,اسنادخزانه-م20بودجه98-020806,2,600,406793100,665482,677988,677989,12507,1.88,677988,12506,1.88,677988,677989,1400-9-20,2021-12-11
832,ضداريوش902,اختيارخ داريوش-9500-14010915,2,8,15440000,1,1930,1930,1929,192900,1930,1929,192900,1930,1930,1400-9-20,2021-12-11
833,ضخود1056,اختيارخ خودرو-4000-1400/10/08,2,200,2700000,10,25,2,-8,-80,13,3,30,2,25,1400-9-20,2021-12-11
834,ضسپا1110,اختيارخ خساپا-1200-1400/11/20,2,2,1159000,709,520,639,-70,-9.87,579,-130,-18.34,520,639,1400-9-20,2021-12-11
835,تملي612,تسهيلات مسكن بانك ملي-اسفند96,2,90,60524010,707883,672489,672489,-35394,-5,672489,-35394,-5,672489,672489,1400-9-20,2021-12-11
836,ضشنا1046,اختيارخ شپنا-4360-1400/10/19,2,10,29350825,1600,1599,1600,0,0,1599,-1,-0.06,1599,1600,1400-9-20,2021-12-11
837,وسخوز,شركت س استان خوزستان,2,20333,12281132,635,604,604,-31,-4.88,635,0,0,604,604,1400-9-20,2021-12-11
838,فبستم,صنايع ‌بسته‌بندي‌ مشهد,2,21432,17531376,795,818,818,23,2.89,795,0,0,818,818,1400-9-20,2021-12-11
839,حرهشا,رهشاد سپاهان (سهامي عام,2,198,19765152,102911,99824,99824,-3087,-3,102903,-8,-0.01,99824,99824,1400-9-20,2021-12-11
840,سپرمي,پرميت‌,2,1363,16162454,11741,11858,11858,117,1,11742,1,0.01,11858,11858,1400-9-20,2021-12-11
841,اراد35,مرابحه عام دولت3-ش.خ 0103,2,200,194500000,976501,995000,950000,-26501,-2.71,972500,-4001,-0.41,950000,995000,1400-9-20,2021-12-11
842,اراد584,مرابحه عام دولت5-ش.خ 0110,2,7098000,6723530422000,960000,947489,946990,-13010,-1.36,947243,-12757,-1.33,946990,947489,1400-9-20,2021-12-11
843,سغدير4,توسعه سرمايه و صنعت غدير,1,502500000,7303837500000,1000,14535,14535,13535,1353.5,14535,13535,1353.5,14535,14535,1400-9-20,2021-12-11
844,ثهام,صندوق س ثروت هامرز-سهام,1,1,10700,10757,10700,10700,-57,-0.53,10700,-57,-0.53,10700,10700,1400-9-20,2021-12-11
845,صدف408,صكوك مرابحه صدف408-3ماهه 18%,1,500,487500000,947284,975000,975000,27716,2.93,975000,27716,2.93,975000,975000,1400-9-20,2021-12-11
846,سمگا2,گروه سرمايه گذاري ميراث فرهنگي,1,30000000,373500000000,12375,12450,12450,75,0.61,12450,75,0.61,12450,12450,1400-9-20,2021-12-11
847,اراد61,مرابحه عام دولت61-ش.خ0309,1,1300,1300000000,1000001,1000000,1000000,-1,0,1000000,-1,0,1000000,1000000,1400-9-20,2021-12-11
848,كچاد2,معدني‌وصنعتي‌چادرملو,1,5512679,149999995590,27210,27210,27210,0,0,27210,0,0,27210,27210,1400-9-20,2021-12-11
849,گكيش,توريستي ورفاهي آبادگران كيش,1,389,10921175,28943,28075,28075,-868,-3,28942,-1,0,28075,28075,1400-9-20,2021-12-11
850,زعف0008پ19,زعفران0008نگين تروند قاينات(پ),1,47,11968879,272000,254657,254657,-17343,-6.38,254657,-17343,-6.38,254657,254657,1400-9-20,2021-12-11
851,پا ه 13,بار پايه هفته 13,1,20000,10700000,530,535,535,5,0.94,535,5,0.94,535,535,1400-9-20,2021-12-11
852,ثمين2,صندوق س. ثروت افزون ثمين-س,1,100000,100000,10399,1,1,-10398,-99.99,1,-10398,-99.99,1,1,1400-9-20,2021-12-11
853,ضمخا1037,اختيارخ اخابر-9000-1400/10/26,1,10,1100000,50,110,110,60,120,110,60,120,110,110,1400-9-20,2021-12-11
854,ضفلا1162,اختيارخ فولاد-9000-1400/11/24,1,1,2350000,2433,2350,2350,-83,-3.41,2350,-83,-3.41,2350,2350,1400-9-20,2021-12-11
855,زعف0008پ18,زعفران0008نگين بهرامن(پ),1,37,10414131,281808,281463,281463,-345,-0.12,281463,-345,-0.12,281463,281463,1400-9-20,2021-12-11
856,هبساز103,اختيارف ت ثبهساز-2346-01/03/18,1,6400,3526400,605,551,551,-54,-8.93,551,-54,-8.93,551,551,1400-9-20,2021-12-11
857,وسنا,سرمايه گذاري نيروگاهي ايران,1,468,5072652,11174,10839,10839,-335,-3,11174,0,0,10839,10839,1400-9-20,2021-12-11
858,شپاس2,نفت پاسارگاد,1,4100000,64271600000,15676,15676,15676,0,0,15676,0,0,15676,15676,1400-9-20,2021-12-11
859,وبشهر2,توسعه‌ صنايع‌ بهشهر(هلدينگ,1,19423608,135965256000,7000,7000,7000,0,0,7000,0,0,7000,7000,1400-9-20,2021-12-11
860,ونوين2,بانك‌اقتصادنوين‌,1,65210303,199999999301,3067,3067,3067,0,0,3067,0,0,3067,3067,1400-9-20,2021-12-11
861,تملي704,تسهيلات مسكن ب. ملي-تير97,1,15,11696370,769656,779758,779758,10102,1.31,779758,10102,1.31,779758,779758,1400-9-20,2021-12-11
862,اخزا9164,اسنادخزانه-م16بودجه99-020528,1,5300000,3956450000000,746500,746500,746500,0,0,746500,0,0,746500,746500,1400-9-20,2021-12-11
863,ضستا1006,اختيارخ شستا-16000-1400/10/29,1,13,130000,100,10,10,-90,-90,10,-90,-90,10,10,1400-9-20,2021-12-11
864,فملي2,ملي‌ صنايع‌ مس‌ ايران‌,1,37821483,250000002630,6610,6610,6610,0,0,6610,0,0,6610,6610,1400-9-20,2021-12-11
865,شرق1400,مشاركت ليزينگ ايران وشرق140010,1,5,4900000,996908,980000,980000,-16908,-1.7,980000,-16908,-1.7,980000,980000,1400-9-20,2021-12-11
866,مشهد0012,مشاركت شهرداري مشهد-3ماهه20%,1,6,5940000,1000000,990000,990000,-10000,-1,990000,-10000,-1,990000,990000,1400-9-20,2021-12-11
867,تماوند2,تامين سرمايه دماوند,1,69900000,414157500000,5754,5925,5925,171,2.97,5925,171,2.97,5925,5925,1400-9-20,2021-12-11
868,واميد2,گروه مديريت سرمايه گذاري اميد,1,20873400,271771668000,13270,13020,13020,-250,-1.88,13020,-250,-1.88,13020,13020,1400-9-20,2021-12-11
869,صنفت312,صكوك منفعت نفت312-6ماهه 18/5%,1,500,498925000,999900,997850,997850,-2050,-0.21,997850,-2050,-0.21,997850,997850,1400-9-20,2021-12-11
870,ضغدر1131,اختيارخ وغدير-12000-1400/11/20,1,3,13500000,4500,4500,4500,0,0,4500,0,0,4500,4500,1400-9-20,2021-12-11
871,نگين,ص.س. زمين و ساختمان نگين شهرري,1,100,5200000,52480,52000,52000,-480,-0.91,52000,-480,-0.91,52000,52000,1400-9-20,2021-12-11
872,طمخا1040,اختيارف اخابر-14000-1400/10/26,1,5,35495000,1,7099,7099,7098,709800,7099,7098,709800,7099,7099,1400-9-20,2021-12-11
873,جم2,پتروشيمي جم,1,28489051,1400236856650,49150,49150,49150,0,0,49150,0,0,49150,49150,1400-9-20,2021-12-11
874,گواهي ظرفيت,گواهي ظرفيت نقدي,1,1000000,30240000000,28852,30240,30240,1388,4.81,28907,55,0.19,30240,30240,1400-9-20,2021-12-11
875,ضترا1130,اختيارخ شتران-3089-1400/11/10,1,3,9521400,1400,1400,1400,0,0,1400,0,0,1400,1400,1400-9-20,2021-12-11
876,دپارسح,ح . پارس‌ دارو,1,112,5040000,45000,45000,45000,0,0,45000,0,0,45000,45000,1400-9-20,2021-12-11
877,وسالت,بانك قرض الحسنه رسالت,1,5046,5459772,1051,1082,1082,31,2.95,1051,0,0,1082,1082,1400-9-20,2021-12-11
878,غبهار,كشت وصنعت بهاران گلبهار خراسان,1,1000,17366000,17903,17366,17366,-537,-3,17902,-1,-0.01,17366,17366,1400-9-20,2021-12-11
879,شگويات.ف0104,اختيارف.تبعي شگويا010408,1,10000,10000,1,1,1,0,0,1,0,0,1,1,1400-9-20,2021-12-11
880,مصفها012,مشاركت ش اصفهان012-3ماهه20%,1,300,311172600,1019242,1037242,1037242,18000,1.77,1037242,18000,1.77,1037242,1037242,1400-9-20,2021-12-11
881,ضگل1153,اختيارخ كگل-18000-1400/11/17,1,1,5560000,1,5560,5560,5559,555900,5560,5559,555900,5560,5560,1400-9-20,2021-12-11
882,آريان2,سرمايه گذاري پارس آريان,1,10000000,146500000000,14839,14650,14650,-189,-1.27,14650,-189,-1.27,14650,14650,1400-9-20,2021-12-11
883,صمعاد4072,صكوك اجاره معادن407-3ماهه18%,1,1000000,1002340000000,1005000,1002340,1002340,-2660,-0.26,1002340,-2660,-0.26,1002340,1002340,1400-9-20,2021-12-11
884,آگاس2,صندوق س.هستي بخش آگاه-س,1,1500000,1500000,77641,1,1,-77640,-100,1,-77640,-100,1,1,1400-9-20,2021-12-11
885,صكم ر 33,كم باري روز 33صنعتي,1,18000,8730000,385,485,485,100,25.97,485,100,25.97,485,485,1400-9-20,2021-12-11
886,كگل2,معدني و صنعتي گل گهر,1,11296882,249999998660,22130,22130,22130,0,0,22130,0,0,22130,22130,1400-9-20,2021-12-11
887,كمند4,صندوق س. با درآمد ثابت كمند,1,51900000,520401300000,10015,10027,10027,12,0.12,10027,12,0.12,10027,10027,1400-9-20,2021-12-11
888,تملي702,تسهيلات مسكن ب. ملي-ارديبهشت97,1,2,1660726,874066,830363,830363,-43703,-5,830363,-43703,-5,830363,830363,1400-9-20,2021-12-11
889,اراد744,مرابحه عام دولت74-ش.خ040226,1,500000,490836000000,990000,981672,981672,-8328,-0.84,981672,-8328,-0.84,981672,981672,1400-9-20,2021-12-11
890,ضشگويا1202,اختيارخ شگويا-10000-14001222,1,25,62500000,2560,2500,2500,-60,-2.34,2500,-60,-2.34,2500,2500,1400-9-20,2021-12-11
891,داريوش2,صندوق س. ثروت داريوش -س,1,200000,200000,9622,1,1,-9621,-99.99,1,-9621,-99.99,1,1,1400-9-20,2021-12-11
892,ضبدر1164,اختيارخ شبندر-7000-1400/11/13,1,4,1996000,499,499,499,0,0,499,0,0,499,499,1400-9-20,2021-12-11
893,ضداريوش903,اختيارخ داريوش-10500-14010915,1,1,1800000,1,1800,1800,1799,179900,1800,1799,179900,1800,1800,1400-9-20,2021-12-11
894,شخارك2,پتروشيمي‌ خارك‌,1,1955799,100000002870,51130,51130,51130,0,0,51130,0,0,51130,51130,1400-9-20,2021-12-11
895,سايرا,ايرانيت‌,1,200,5781400,29496,28907,28907,-589,-2,29495,-1,0,28907,28907,1400-9-20,2021-12-11
896,ضشراز1204,اختيارخ شراز-133000-14001208,1,1,1200000,12000,1200,1200,-10800,-90,1200,-10800,-90,1200,1200,1400-9-20,2021-12-11
897,صفارس1472,صكوك اجاره فارس147- 3ماهه18%,1,25000,24325000000,1000000,973000,973000,-27000,-2.7,973000,-27000,-2.7,973000,973000,1400-9-20,2021-12-11
898,اخزا817,اسنادخزانه-م17بودجه98-010512,1,156,135720624,870445,870004,870004,-441,-0.05,870004,-441,-0.05,870004,870004,1400-9-20,2021-12-11
899,طخود1049,اختيارف خودرو-1400-1400/10/08,1,77,385000,53,5,5,-48,-90.57,5,-48,-90.57,5,5,1400-9-20,2021-12-11
900,وپارس2,بانك‌پارسيان‌,1,75834176,150000000128,1978,1978,1978,0,0,1978,0,0,1978,1978,1400-9-20,2021-12-11
901,گپارس,امور رفاهي كارگزاران پارس,1,39,5032911,133040,129049,129049,-3991,-3,133038,-2,0,129049,129049,1400-9-20,2021-12-11
