,نماد,نام,تعداد,حجم,ارزش,دیروز,اولین,آخرین معامله - مقدار,آخرین معامله - تغییر,آخرین معامله - درصد,قیمت پایانی - مقدار,قیمت پایانی - تغییر,قیمت پایانی - درصد,کمترین,بیشترین,تاریخ,gregorian_date
0,وهامون,سرمايه گذاري هامون صبا,93317,93129576,409581634596,4194,4403,4403,209,4.98,4398,204,4.86,4237,4403,1400-6-9,2021-08-31
1,پالايش,صندوق پالايشي يكم-سهام,77316,129650741,11057694624360,87640,84500,84470,-3170,-3.62,85290,-2350,-2.68,80640,89500,1400-6-9,2021-08-31
2,شبندر,پالايش نفت بندرعباس,53486,1371969301,8147128249003,5704,5795,5980,276,4.84,5938,234,4.1,5610,5989,1400-6-9,2021-08-31
3,سپيد,سپيد ماكيان,49462,15292381,832378441460,54950,53010,54900,-50,-0.09,54430,-520,-0.95,52260,56570,1400-6-9,2021-08-31
4,دي,بانك دي,40588,1615699747,1988828283248,1232,1175,1259,27,2.19,1231,-1,-0.08,1171,1290,1400-6-9,2021-08-31
5,دارا يكم,صندوق واسطه گري مالي يكم-سهام,38248,30532735,4198723042070,142570,135500,136600,-5970,-4.19,137520,-5050,-3.54,130750,143500,1400-6-9,2021-08-31
6,شستا,سرمايه گذاري تامين اجتماعي,35400,224096874,3005071096150,13990,13300,13300,-690,-4.93,13410,-580,-4.15,13300,13830,1400-6-9,2021-08-31
7,شپنا,پالايش نفت اصفهان,28373,217042909,3050910598750,14650,13920,13920,-730,-4.98,14060,-590,-4.03,13920,14630,1400-6-9,2021-08-31
8,شتران,پالايش نفت تهران,23388,270137146,2993610394970,11530,10960,10980,-550,-4.77,11080,-450,-3.9,10960,11570,1400-6-9,2021-08-31
9,فولاد,فولاد مباركه اصفهان,23380,161311348,1923778199760,12100,11750,11900,-200,-1.65,11930,-170,-1.4,11570,12270,1400-6-9,2021-08-31
10,فملي,ملي‌ صنايع‌ مس‌ ايران‌,23371,126030336,1729513778870,13950,13510,13870,-80,-0.57,13720,-230,-1.65,13260,14190,1400-6-9,2021-08-31
11,خودرو,ايران‌ خودرو,22458,768809329,1706933113485,2319,2206,2207,-112,-4.83,2220,-99,-4.27,2204,2299,1400-6-9,2021-08-31
12,خساپا,سايپا,21529,881682963,1797723912708,2131,2025,2025,-106,-4.97,2039,-92,-4.32,2025,2119,1400-6-9,2021-08-31
13,بركت,گروه دارويي بركت,20834,43141487,1680258407150,39720,39000,38800,-920,-2.32,38950,-770,-1.94,37740,40500,1400-6-9,2021-08-31
14,كرمان,س. توسعه و عمران استان كرمان,16988,644301700,887501754149,1425,1354,1361,-64,-4.49,1377,-48,-3.37,1354,1429,1400-6-9,2021-08-31
15,فرابورس,فرابورس ايران,16547,102459393,3009579423543,28989,27540,30438,1449,5,29373,384,1.32,27540,30438,1400-6-9,2021-08-31
16,خگستر,گسترش‌سرمايه‌گذاري‌ايران‌خودرو,15300,448908787,1316541371046,3040,2888,2905,-135,-4.44,2933,-107,-3.52,2888,3085,1400-6-9,2021-08-31
17,نوري,پتروشيمي نوري,13785,10184793,1016068071420,101120,96090,101700,580,0.57,99760,-1360,-1.34,96070,104120,1400-6-9,2021-08-31
18,وبملت,بانك ملت,13268,414177443,1681235621927,4247,4035,4049,-198,-4.66,4059,-188,-4.43,4035,4199,1400-6-9,2021-08-31
19,خپارس,پارس‌ خودرو,12633,803791891,1039989785904,1348,1281,1289,-59,-4.38,1294,-54,-4.01,1281,1345,1400-6-9,2021-08-31
20,ذوب,سهامي ذوب آهن  اصفهان,12537,237326350,1134895021068,4679,4550,4810,131,2.8,4782,103,2.2,4530,4899,1400-6-9,2021-08-31
21,ومدير,گ.مديريت ارزش سرمايه ص ب كشوري,12013,92230111,494698599760,5600,5320,5320,-280,-5,5360,-240,-4.29,5320,5600,1400-6-9,2021-08-31
22,كاما,باما,11558,92682407,1214465874230,13480,12810,12970,-510,-3.78,13100,-380,-2.82,12810,13900,1400-6-9,2021-08-31
23,شصدف,صنعتي دوده فام,11506,18853280,760527675102,41821,39730,39800,-2021,-4.83,40339,-1482,-3.54,39730,42900,1400-6-9,2021-08-31
24,پترول,گ.س.وت.ص.پتروشيمي خليج فارس,11021,96387117,393837492112,4242,4040,4069,-173,-4.08,4086,-156,-3.68,4030,4230,1400-6-9,2021-08-31
25,گدنا,تهيه توزيع غذاي دنا آفرين فدك,10933,12240607,305459035512,23941,25000,25138,1197,5,24955,1014,4.24,24100,25138,1400-6-9,2021-08-31
26,وتجارت,بانك تجارت,10823,339370223,892732000490,2748,2611,2611,-137,-4.99,2631,-117,-4.26,2611,2717,1400-6-9,2021-08-31
27,لطيف,محصولات كاغذي لطيف,10430,2240416,120518677991,56179,53920,53759,-2420,-4.31,53793,-2386,-4.25,53371,55988,1400-6-9,2021-08-31
28,وبصادر,بانك صادرات ايران,9685,353521891,867684472854,2573,2445,2445,-128,-4.97,2454,-119,-4.62,2445,2550,1400-6-9,2021-08-31
29,بوعلي,پتروشيمي بوعلي سينا,9558,8758155,557125182680,61800,59450,64890,3090,5,63610,1810,2.93,59000,64890,1400-6-9,2021-08-31
30,آريا,پليمر آريا ساسول,9419,3321062,362244938959,110011,104550,111779,1768,1.61,109075,-936,-0.85,104515,114000,1400-6-9,2021-08-31
31,غكورش,صنعت غذايي كورش,9401,9362103,423108022850,46770,44460,45220,-1550,-3.31,45190,-1580,-3.38,44440,47070,1400-6-9,2021-08-31
32,قثابت,قند ثابت‌ خراسان‌,8964,216318782,1040253498072,4869,4626,4765,-104,-2.14,4809,-60,-1.23,4626,5100,1400-6-9,2021-08-31
33,ولكار,ليزينگ كارآفرين,8500,14988756,76818525180,5320,5060,5060,-260,-4.89,5130,-190,-3.57,5060,5310,1400-6-9,2021-08-31
34,خبهمن,گروه‌بهمن‌,8007,374500093,620707501340,1732,1646,1646,-86,-4.97,1657,-75,-4.33,1646,1730,1400-6-9,2021-08-31
35,ملت,بيمه ملت,7506,267289407,397652989278,1510,1521,1475,-35,-2.32,1488,-22,-1.46,1435,1550,1400-6-9,2021-08-31
36,وكبهمن,مديريت سرمايه گذاري كوثربهمن,7482,10286870,133592873253,13552,12875,12949,-603,-4.45,12987,-565,-4.17,12875,13450,1400-6-9,2021-08-31
37,چخزر,صنايع چوب خزر كاسپين,7396,2784258,122792758553,43797,43010,44706,909,2.08,44103,306,0.7,42007,45898,1400-6-9,2021-08-31
38,فگستر,گسترش صنايع روي ايرانيان,7387,11011991,177547862928,16829,15988,15988,-841,-5,16123,-706,-4.2,15988,16530,1400-6-9,2021-08-31
39,خزاميا,زامياد,7253,109568854,971592074400,8570,8500,8990,420,4.9,8870,300,3.5,8230,8990,1400-6-9,2021-08-31
40,وخارزم,سرمايه گذاري خوارزمي,7033,72510841,461916806900,6640,6310,6310,-330,-4.97,6370,-270,-4.07,6310,6630,1400-6-9,2021-08-31
41,شگويا,پتروشيمي تندگويان,7021,40859858,495299732802,12646,12050,12014,-632,-5,12122,-524,-4.14,12014,12520,1400-6-9,2021-08-31
42,خمحركه,نيرو محركه‌,6998,94928766,489056612721,5152,5260,5130,-22,-0.43,5152,0,0,4895,5399,1400-6-9,2021-08-31
43,حكشتي,كشتيراني جمهوري اسلامي ايران,6941,47360723,854537062950,18920,17980,17980,-940,-4.97,18040,-880,-4.65,17980,18550,1400-6-9,2021-08-31
44,وسپهر,سرمايه گذاري مالي سپهرصادرات,6935,17377761,164294971047,9877,9385,9410,-467,-4.73,9454,-423,-4.28,9384,9695,1400-6-9,2021-08-31
45,وغدير,سرمايه‌گذاري‌غدير(هلدينگ‌,6894,80569139,1242667564570,16030,15260,15240,-790,-4.93,15420,-610,-3.81,15230,16110,1400-6-9,2021-08-31
46,شاروم,پتروشيمي اروميه,6744,6881082,125354298761,18852,17920,18200,-652,-3.46,18217,-635,-3.37,17910,19300,1400-6-9,2021-08-31
47,فتوسا,توليد و توسعه سرب روي ايرانيان,6568,7083468,104232389333,15325,14559,14559,-766,-5,14715,-610,-3.98,14559,15325,1400-6-9,2021-08-31
48,هاي وب,داده گسترعصرنوين-هاي وب,6422,52976345,498948012490,9800,9310,9370,-430,-4.39,9420,-380,-3.88,9310,9780,1400-6-9,2021-08-31
49,كزغال,زغال سنگ پروده طبس,6176,4027082,152068866109,39369,37401,37520,-1849,-4.7,37762,-1607,-4.08,37401,39300,1400-6-9,2021-08-31
50,سيتا,سرمايه گذاري سيمان تامين,6126,14009339,214865803980,15900,15110,15170,-730,-4.59,15340,-560,-3.52,15110,15950,1400-6-9,2021-08-31
51,ولپارس,ليزينگ پارسيان,6122,29644674,164870212970,5320,5500,5580,260,4.89,5560,240,4.51,5380,5580,1400-6-9,2021-08-31
52,فخوز,فولاد  خوزستان,6091,29339955,544252293290,18620,17960,18720,100,0.54,18550,-70,-0.38,17790,19140,1400-6-9,2021-08-31
53,كمند,صندوق س. با درآمد ثابت كمند,5969,250567594,2540156334091,10133,10137,10138,5,0.05,10138,5,0.05,10137,10139,1400-6-9,2021-08-31
54,كاوه,فولاد كاوه جنوب كيش,5962,31598872,672726693870,22090,20990,21300,-790,-3.58,21290,-800,-3.62,20990,22440,1400-6-9,2021-08-31
55,غگيلا,شيرپاستوريزه پگاه گيلان,5952,9359867,258169295323,28055,26653,27260,-795,-2.83,27583,-472,-1.68,26653,29400,1400-6-9,2021-08-31
56,غزر,صنعتي زر ماكارون,5910,5154904,134884262260,27100,25750,26400,-700,-2.58,26170,-930,-3.43,25750,27100,1400-6-9,2021-08-31
57,ثاميد,توسعه و عمران اميد,5862,56572414,98410445402,1789,1710,1728,-61,-3.41,1740,-49,-2.74,1700,1820,1400-6-9,2021-08-31
58,وپارس,بانك‌پارسيان‌,5743,249067794,762835716944,3211,3051,3051,-160,-4.98,3063,-148,-4.61,3051,3131,1400-6-9,2021-08-31
59,مديريت,س. و خدمات مديريت صند. ب كشوري,5630,4881601,38506068688,7513,7888,7888,375,4.99,7888,375,4.99,7888,7888,1400-6-9,2021-08-31
60,غگرجي,بيسكويت‌  گرجي‌,5543,80436851,263856485752,3300,3370,3230,-70,-2.12,3280,-20,-0.61,3145,3391,1400-6-9,2021-08-31
61,فارس,صنايع پتروشيمي خليج فارس,5476,47282292,583010497280,12820,12200,12410,-410,-3.2,12330,-490,-3.82,12180,12820,1400-6-9,2021-08-31
62,رافزا,رايان هم افزا,5453,1914232,185487702252,92947,91010,97594,4647,5,96899,3952,4.25,91010,97594,1400-6-9,2021-08-31
63,صبا,سرمايه گذاري صبا تامين,5451,31589560,294309817257,9575,9120,9520,-55,-0.57,9317,-258,-2.69,9097,9840,1400-6-9,2021-08-31
64,امين يكم,صندوق درآمد ثابت امين يكم فردا,5364,198432986,1990259463325,10024,10030,10030,6,0.06,10030,6,0.06,10026,10037,1400-6-9,2021-08-31
65,چكارن,كارتن‌ ايران‌,5179,120199807,435539245801,3553,3500,3692,139,3.91,3623,70,1.97,3376,3730,1400-6-9,2021-08-31
66,ثاخت,بين‌المللي‌توسعه‌ساختمان,5068,106655009,278276719644,2632,2503,2700,68,2.58,2609,-23,-0.87,2501,2744,1400-6-9,2021-08-31
67,زملارد,كشاورزي و دامپروري ملارد شير,5045,2337540,72263175192,32154,30547,30690,-1464,-4.55,30914,-1240,-3.86,30547,32500,1400-6-9,2021-08-31
68,غدام,خوراك‌  دام‌ پارس‌,4965,1333727,364055355850,285100,272200,270850,-14250,-5,272960,-12140,-4.26,270850,283900,1400-6-9,2021-08-31
69,سرو,صندوق س سروسودمند مدبران-سهام,4920,8460464,700799761200,83330,79510,83390,60,0.07,82830,-500,-0.6,79510,85450,1400-6-9,2021-08-31
70,امين,تامين سرمايه امين,4917,3922028,36596454650,9240,9240,9340,100,1.08,9320,80,0.87,9240,9490,1400-6-9,2021-08-31
71,فروي,ذوب روي اصفهان,4879,8133255,278888135616,35716,33931,33937,-1779,-4.98,34290,-1426,-3.99,33931,35181,1400-6-9,2021-08-31
72,چكاپا,گروه صنايع كاغذ پارس,4876,101327317,447975682801,4607,4377,4377,-230,-4.99,4421,-186,-4.04,4377,4670,1400-6-9,2021-08-31
73,هرمز,فولاد هرمزگان جنوب,4863,33025341,633497761894,18607,18030,19500,893,4.8,19182,575,3.09,17721,19537,1400-6-9,2021-08-31
74,ماديرا,صنايع ماديران,4782,46784081,440180537312,9718,9234,9300,-418,-4.3,9409,-309,-3.18,9233,9813,1400-6-9,2021-08-31
75,بجهرم,توسعه مولد نيروگاهي جهرم,4764,133686337,350371202908,2750,2613,2613,-137,-4.98,2621,-129,-4.69,2613,2790,1400-6-9,2021-08-31
76,وتوصا,گروه س توسعه صنعتي ايران,4755,56179462,570885194230,10650,10120,10250,-400,-3.76,10160,-490,-4.6,10120,10470,1400-6-9,2021-08-31
77,شبريز,پالايش نفت تبريز,4683,17495512,712851033740,42440,40320,40320,-2120,-5,40740,-1700,-4.01,40320,42240,1400-6-9,2021-08-31
78,بپيوند,برق و انرژي پيوندگستر پارس,4656,6686866,84290077110,13114,12459,12461,-653,-4.98,12605,-509,-3.88,12459,13000,1400-6-9,2021-08-31
79,شيران,س. صنايع‌شيميايي‌ايران,4631,14727319,417206152520,28900,27480,28420,-480,-1.66,28330,-570,-1.97,27460,29470,1400-6-9,2021-08-31
80,ومعادن,توسعه‌معادن‌وفلزات‌,4551,44847266,539431511330,12510,11920,11990,-520,-4.16,12030,-480,-3.84,11890,12570,1400-6-9,2021-08-31
81,غپاك,لبنيات‌ پاك‌,4548,15746513,314422518360,19480,20390,19770,290,1.49,19970,490,2.52,19500,20390,1400-6-9,2021-08-31
82,آپ,آسان پرداخت پرشين,4535,32786419,527225200790,16230,16400,15880,-350,-2.16,16080,-150,-0.92,15420,17040,1400-6-9,2021-08-31
83,تاپيكو,س. نفت و گاز و پتروشيمي تأمين,4485,38474450,533299243190,14380,13680,13970,-410,-2.85,13860,-520,-3.62,13670,14500,1400-6-9,2021-08-31
84,بترانس,ايران‌ ترانسفو,4466,130113122,355227670156,2852,2710,2729,-123,-4.31,2730,-122,-4.28,2710,2819,1400-6-9,2021-08-31
85,وسكرشا,س.سهام عدالت استان كرمانشاه,4410,203541595,144699235900,733,697,700,-33,-4.5,711,-22,-3,697,750,1400-6-9,2021-08-31
86,فجر,فولاد اميركبيركاشان,4401,13901807,425142897680,32000,30400,30410,-1590,-4.97,30580,-1420,-4.44,30400,32000,1400-6-9,2021-08-31
87,شغدير,پتروشيمي غدير,4390,5019883,452246573470,90730,86300,90000,-730,-0.8,90090,-640,-0.71,86200,94500,1400-6-9,2021-08-31
88,وپويا,سرمايه گذاري پويا,4384,22052987,120506154653,5671,5388,5420,-251,-4.43,5464,-207,-3.65,5388,5740,1400-6-9,2021-08-31
89,ارفع,شركت آهن و فولاد ارفع,4325,18096834,344215213653,18899,18050,19269,370,1.96,19021,122,0.65,17970,19710,1400-6-9,2021-08-31
90,غگل,گلوكوزان‌,4307,66342524,247880505051,3869,3676,3680,-189,-4.88,3736,-133,-3.44,3676,3899,1400-6-9,2021-08-31
91,زنجان,صنايع كشاورزي وكود زنجان,4204,33345173,201211442222,5985,5850,6164,179,2.99,6034,49,0.82,5806,6164,1400-6-9,2021-08-31
92,آبادا,توليد نيروي برق آبادان,4191,2954028,36825464610,13020,12370,12370,-650,-4.99,12470,-550,-4.22,12370,12940,1400-6-9,2021-08-31
93,شاراك,پتروشيمي شازند,4100,14063243,582000342350,42780,40650,42340,-440,-1.03,41380,-1400,-3.27,40650,44000,1400-6-9,2021-08-31
94,كوير,توليدي فولاد سپيد فراب كوير,4078,28725990,430005241030,15460,14770,15150,-310,-2.01,14970,-490,-3.17,14690,15540,1400-6-9,2021-08-31
95,فاراك,ماشين‌ سازي‌ اراك‌,4073,120513612,241469952305,2096,1992,1992,-104,-4.96,2004,-92,-4.39,1992,2079,1400-6-9,2021-08-31
96,وايران,ليزينگ ايرانيان,4051,25392574,192489941620,7420,7570,7430,10,0.13,7580,160,2.16,7230,7790,1400-6-9,2021-08-31
97,اپال,فرآوري معدني اپال كاني پارس,4008,5723773,130193696340,23770,22590,22690,-1080,-4.54,22750,-1020,-4.29,22590,23500,1400-6-9,2021-08-31
98,ثالوند,سرمايه گذاري مسكن الوند,4005,11713824,291179439810,26096,24792,24792,-1304,-5,24858,-1238,-4.74,24792,26096,1400-6-9,2021-08-31
99,بگيلان,توسعه مسير برق گيلان,3905,1610399,32996004227,21273,20400,20280,-993,-4.67,20539,-734,-3.45,20210,21454,1400-6-9,2021-08-31
100,حفاري,حفاري شمال,3892,68636204,476744914920,7290,6930,6930,-360,-4.94,6950,-340,-4.66,6930,7140,1400-6-9,2021-08-31
101,فزرين,زرين معدن آسيا,3873,19083033,356143651576,17883,18160,18777,894,5,18663,780,4.36,18160,18777,1400-6-9,2021-08-31
102,ثشاهد,سرمايه‌ گذاري‌ شاهد,3817,16700636,264282947400,16430,15610,15710,-720,-4.38,15820,-610,-3.71,15610,16590,1400-6-9,2021-08-31
103,كيان,صندوق س. با درآمد ثابت كيان,3799,50361267,1525427501888,30273,30289,30293,20,0.07,30290,17,0.06,30287,30306,1400-6-9,2021-08-31
104,ختور,رادياتور ايران‌,3715,15530444,341332835740,21810,21010,21540,-270,-1.24,21980,170,0.78,21000,22900,1400-6-9,2021-08-31
105,آگاس,صندوق س.هستي بخش آگاه-س,3684,4682902,397799879395,84084,83000,86500,2416,2.87,84947,863,1.03,80800,88000,1400-6-9,2021-08-31
106,رانفور,خدمات‌انفورماتيك‌,3651,58535192,438048268610,7210,7180,7570,360,4.99,7480,270,3.74,6860,7570,1400-6-9,2021-08-31
107,كپشير,پشم‌شيشه‌ايران‌,3612,10494141,246782156280,23650,24000,23480,-170,-0.72,23520,-130,-0.55,22470,24800,1400-6-9,2021-08-31
108,سمگا,گروه سرمايه گذاري ميراث فرهنگي,3575,31181280,833406443485,26228,24980,27539,1311,5,26728,500,1.91,24917,27539,1400-6-9,2021-08-31
109,ولغدر,ليزينگ‌خودروغدير,3532,17083867,260986860220,15070,14370,15820,750,4.98,15280,210,1.39,14320,15820,1400-6-9,2021-08-31
110,پتاير,ايران‌ تاير,3487,65456176,190292787221,3031,2880,2880,-151,-4.98,2907,-124,-4.09,2880,2996,1400-6-9,2021-08-31
111,چدن,توليدي چدن سازان,3470,65823838,292396216064,4652,4420,4420,-232,-4.99,4442,-210,-4.51,4420,4549,1400-6-9,2021-08-31
112,پارسان,گسترش نفت و گاز پارسيان,3393,28534421,900401592090,32810,31180,31180,-1630,-4.97,31550,-1260,-3.84,31170,32880,1400-6-9,2021-08-31
113,قشكر,شكرشاهرود,3329,67758159,244882329838,3495,3510,3669,174,4.98,3614,119,3.4,3500,3669,1400-6-9,2021-08-31
114,حريل,ريل پردازسير,3327,40965937,192049706655,4801,4561,4680,-121,-2.52,4688,-113,-2.35,4561,4970,1400-6-9,2021-08-31
115,ونوين,بانك‌اقتصادنوين‌,3270,64123776,310290574760,5040,4800,4790,-250,-4.96,4840,-200,-3.97,4790,5040,1400-6-9,2021-08-31
116,اخابر,مخابرات ايران,3257,31057827,348294637400,11430,10900,11350,-80,-0.7,11210,-220,-1.92,10860,11770,1400-6-9,2021-08-31
117,فاذر,صنايع‌ آذرآب‌,3161,178532604,233526051650,1373,1305,1305,-68,-4.95,1308,-65,-4.73,1305,1331,1400-6-9,2021-08-31
118,شفن,پتروشيمي فناوران,3159,676631,251970154990,370660,352130,379000,8340,2.25,372390,1730,0.47,352130,388400,1400-6-9,2021-08-31
119,شفارس,صنايع‌ شيميايي‌ فارس‌,3152,82250323,162503471633,2054,1952,1968,-86,-4.19,1976,-78,-3.8,1952,2055,1400-6-9,2021-08-31
120,كچاد,معدني‌وصنعتي‌چادرملو,3142,8812790,261734190550,29780,28570,29270,-510,-1.71,29700,-80,-0.27,28570,30800,1400-6-9,2021-08-31
121,شاوان,پالايش نفت لاوان,3136,7674002,910064909396,114604,109600,119000,4396,3.84,118591,3987,3.48,109600,120334,1400-6-9,2021-08-31
122,غصينو,صنعتي مينو,3079,14785325,355130593438,22983,23990,24132,1149,5,24019,1036,4.51,21900,24132,1400-6-9,2021-08-31
123,كگل,معدني و صنعتي گل گهر,3069,14754384,345172915640,23230,22110,23380,150,0.65,23390,160,0.69,22110,24290,1400-6-9,2021-08-31
124,دتوليد,داروسازي توليد دارو,3030,17401288,260068920143,15363,14595,15100,-263,-1.71,14945,-418,-2.72,14595,15768,1400-6-9,2021-08-31
125,كفپارس,فرآورده‌هاي‌ نسوز پارس‌,3025,47262017,204856047879,4184,4240,4393,209,5,4334,150,3.59,3981,4393,1400-6-9,2021-08-31
126,كروي,توسعه‌ معادن‌ روي‌ ايران‌,3023,12921326,396198997520,29680,28200,31150,1470,4.95,30660,980,3.3,28200,31160,1400-6-9,2021-08-31
127,دلر,داروسازي‌ اكسير,2960,6556509,327895033930,49540,49800,49390,-150,-0.3,50010,470,0.95,47220,51710,1400-6-9,2021-08-31
128,اعتماد,صندوق س.اعتماد آفرين پارسيان-د,2951,64907500,2495238318540,38422,38442,38444,22,0.06,38443,21,0.05,38441,38446,1400-6-9,2021-08-31
129,سامان,بانك سامان,2940,51943552,513287365783,10162,9858,9858,-304,-2.99,9882,-280,-2.76,9858,10120,1400-6-9,2021-08-31
130,اميد,تامين سرمايه اميد,2937,28258608,204167028040,6950,7050,7260,310,4.46,7220,270,3.88,6950,7290,1400-6-9,2021-08-31
131,وبانك,سرمايه گذاري گروه توسعه ملي,2883,25891713,246853606310,9950,9460,9460,-490,-4.92,9530,-420,-4.22,9460,9930,1400-6-9,2021-08-31
132,فولاي,صنايع فولاد آلياژي يزد,2861,11676204,263498393169,23361,22193,22360,-1001,-4.28,22567,-794,-3.4,22193,23790,1400-6-9,2021-08-31
133,قرن,پديده شيمي قرن,2857,3440860,122328792750,36290,34480,36100,-190,-0.52,35550,-740,-2.04,34480,37500,1400-6-9,2021-08-31
134,وصنعت,سرمايه گذاري توسعه صنعت وتجارت,2855,20503161,139408809180,6760,6460,6900,140,2.07,6800,40,0.59,6430,7090,1400-6-9,2021-08-31
135,وآذر,سرمايه‌گذاري‌توسعه‌آذربايجان‌,2848,5682591,434954051360,80330,76320,76320,-4010,-4.99,76540,-3790,-4.72,76320,79000,1400-6-9,2021-08-31
136,خرينگ,رينگ‌سازي‌مشهد,2830,4722764,204317426040,42530,42500,44400,1870,4.4,43260,730,1.72,40410,44650,1400-6-9,2021-08-31
137,كدما,معدني‌ دماوند,2799,1679162,397925294120,226160,237460,237460,11300,5,236980,10820,4.78,226620,237460,1400-6-9,2021-08-31
138,قنيشا,قند  نيشابور,2783,2678019,147979313300,54160,53500,55040,880,1.62,55260,1100,2.03,53500,56500,1400-6-9,2021-08-31
139,غنوش,نوش‌ مازندران‌,2773,4440143,164842316490,38730,36800,36800,-1930,-4.98,37130,-1600,-4.13,36800,38600,1400-6-9,2021-08-31
140,ورازي,بيمه رازي,2735,105207888,199554886077,1854,1910,1946,92,4.96,1897,43,2.32,1762,1946,1400-6-9,2021-08-31
141,فاراكح,ح . ماشين‌ سازي‌ اراك‌,2716,81622761,70261847558,886,861,860,-26,-2.93,861,-25,-2.82,841,889,1400-6-9,2021-08-31
142,سبزوا,سيمان لار سبزوار,2654,33422180,122263067407,3761,3600,3631,-130,-3.46,3658,-103,-2.74,3573,3833,1400-6-9,2021-08-31
143,ختوقا,قطعات‌ اتومبيل‌ ايران‌,2650,76241757,208643036653,2785,2700,2760,-25,-0.9,2737,-48,-1.72,2646,2880,1400-6-9,2021-08-31
144,تملت,تامين سرمايه بانك ملت,2645,28043822,150491287450,5590,5320,5330,-260,-4.65,5370,-220,-3.94,5320,5580,1400-6-9,2021-08-31
145,شپديس,پتروشيمي پرديس,2633,2671259,398426627100,151490,143950,151990,500,0.33,149150,-2340,-1.54,143930,156960,1400-6-9,2021-08-31
146,پيزد,مجتمع صنايع لاستيك يزد,2610,398506,27372029436,70693,67159,68200,-2493,-3.53,68687,-2006,-2.84,67159,71600,1400-6-9,2021-08-31
147,خزر,فنرسازي‌زر,2605,9436387,170035882230,18820,17900,17880,-940,-4.99,18020,-800,-4.25,17880,18790,1400-6-9,2021-08-31
148,ثنوسا,نوسازي‌وساختمان‌تهران‌,2580,17479450,158652069730,9290,8850,9160,-130,-1.4,9080,-210,-2.26,8830,9530,1400-6-9,2021-08-31
149,سپيدما,صندوق س. سپيد دماوند-د,2576,126507705,1387508022409,10962,10971,10967,5,0.05,10968,6,0.05,10967,10973,1400-6-9,2021-08-31
150,وملي,گروه‌ صنعتي‌ ملي‌ (هلدينگ‌,2553,2702774,543490003380,191690,201270,201270,9580,5,201090,9400,4.9,192140,201270,1400-6-9,2021-08-31
151,زكوثر,سرمايه گذاري كشاورزي كوثر,2546,9681359,188057239010,20290,19280,19280,-1010,-4.98,19420,-870,-4.29,19280,20200,1400-6-9,2021-08-31
152,رمپنا,گروه مپنا (سهامي عام),2499,18501390,322287319840,18200,17300,17400,-800,-4.4,17420,-780,-4.29,17290,17940,1400-6-9,2021-08-31
153,كتوكا,توليدي و خدمات صنايع نسوز توكا,2499,6701836,173763702617,27132,25776,25776,-1356,-5,25928,-1204,-4.44,25776,26791,1400-6-9,2021-08-31
154,شسينا,صنايع‌شيميايي‌سينا,2492,2412553,190843610170,77000,73150,80850,3850,5,79100,2100,2.73,73150,80850,1400-6-9,2021-08-31
155,شيراز,پتروشيمي‌شيراز,2461,3295579,245073851490,73220,70010,76250,3030,4.14,74360,1140,1.56,70010,76860,1400-6-9,2021-08-31
156,غديس,پاكديس,2453,22429654,336785757147,15731,14945,15137,-594,-3.78,15015,-716,-4.55,14945,15630,1400-6-9,2021-08-31
157,وساپا,سرمايه‌گذاري‌ سايپا,2446,36407286,216462421640,6200,5890,5890,-310,-5,5950,-250,-4.03,5890,6250,1400-6-9,2021-08-31
158,زاگرس,پتروشيمي زاگرس,2429,902386,219825457204,246348,234150,244240,-2108,-0.86,243605,-2743,-1.11,234150,252000,1400-6-9,2021-08-31
159,فسپا,گروه‌صنعتي‌سپاهان‌,2427,4385296,197968660060,46610,44330,46500,-110,-0.24,45140,-1470,-3.15,44280,47000,1400-6-9,2021-08-31
160,غشهداب,كشت و صنعت شهداب ناب خراسان,2420,34776195,131365106849,3916,3721,3770,-146,-3.73,3777,-139,-3.55,3721,3979,1400-6-9,2021-08-31
161,سفارس,سيمان فارس و خوزستان,2398,12924944,296041865450,23880,22700,23300,-580,-2.43,22900,-980,-4.1,22690,23810,1400-6-9,2021-08-31
162,مدير,ص.س.مديريت ثروت ص.بازنشستگي-س,2373,14007401,152928151980,11066,10600,11000,-66,-0.6,10918,-148,-1.34,10365,11338,1400-6-9,2021-08-31
163,ميدكو,توسعه معادن وص.معدني خاورميانه,2370,7810525,339913424660,42550,42980,44000,1450,3.41,43520,970,2.28,42980,44500,1400-6-9,2021-08-31
164,خكار,ايركا پارت صنعت,2297,9164882,162044105360,18250,17350,17340,-910,-4.99,17680,-570,-3.12,17340,18300,1400-6-9,2021-08-31
165,غبهنوش,بهنوش‌ ايران‌,2286,2918234,243157065700,80530,80000,84550,4020,4.99,83320,2790,3.46,76600,84550,1400-6-9,2021-08-31
166,دسانكو,داروسازي سبحان انكولوژي,2270,12599438,174279980598,13857,13500,14150,293,2.11,13832,-25,-0.18,13165,14450,1400-6-9,2021-08-31
167,كسرا,سراميك‌هاي‌صنعتي‌اردكان‌,2262,14470865,283903106840,20560,19540,19540,-1020,-4.96,19620,-940,-4.57,19540,20150,1400-6-9,2021-08-31
168,ونيرو,سرمايه‌گذاري‌نيرو,2254,41092809,127765380227,3213,3055,3162,-51,-1.59,3109,-104,-3.24,3053,3240,1400-6-9,2021-08-31
169,فاسمين,كالسيمين‌,2242,15098451,260729351840,17980,17100,17090,-890,-4.95,17270,-710,-3.95,17090,17950,1400-6-9,2021-08-31
170,كلر,كلر پارس,2238,1592342,180177866986,118518,112593,112593,-5925,-5,113153,-5365,-4.53,112593,117500,1400-6-9,2021-08-31
171,سصفها,سيمان‌اصفهان‌,2219,1620278,102903316660,63140,63130,62810,-330,-0.52,63510,370,0.59,61500,65000,1400-6-9,2021-08-31
172,ضخود7075,اختيارخ خودرو-2000-1400/07/07,2219,86155,27692035000,353,292,323,-30,-8.5,321,-32,-9.07,260,379,1400-6-9,2021-08-31
173,سخاش,سيمان‌خاش‌,2214,1023305,143560742860,135180,138500,141800,6620,4.9,140290,5110,3.78,135250,141930,1400-6-9,2021-08-31
174,خودكفا,اقتصادي و خودكفايي آزادگان,2197,14083435,204706560236,14921,14474,14475,-446,-2.99,14535,-386,-2.59,14474,15000,1400-6-9,2021-08-31
175,تسه0005,امتيازتسهيلات مسكن مرداد 1400,2192,54156,31828934812,593837,607000,589000,-4837,-0.81,587727,-6110,-1.03,570000,607000,1400-6-9,2021-08-31
176,وسديد,گروه ‌صنعتي‌سديد,2190,32463006,46829447999,1470,1441,1441,-29,-1.97,1443,-27,-1.84,1441,1464,1400-6-9,2021-08-31
177,ولساپا,ليزينگ رايان‌ سايپا,2181,53220600,163586212902,3222,3061,3061,-161,-5,3074,-148,-4.59,3061,3150,1400-6-9,2021-08-31
178,تپمپي,پمپ‌ سازي‌ ايران‌,2180,7865096,151238025400,19270,18320,19400,130,0.67,19230,-40,-0.21,18310,20170,1400-6-9,2021-08-31
179,زماهان,مجتمع توليد گوشت مرغ ماهان,2131,9253620,131592228956,14862,14119,14119,-743,-5,14221,-641,-4.31,14119,14664,1400-6-9,2021-08-31
180,حسير,ريل سير كوثر,2118,8201001,274606584937,32510,32510,34135,1625,5,33485,975,3,31000,34135,1400-6-9,2021-08-31
181,رنيك,جنرال مكانيك,2097,11674413,207906152533,17587,16708,18400,813,4.62,17809,222,1.26,16708,18466,1400-6-9,2021-08-31
182,دبالك,مواد اوليه دارويي البرز بالك,2097,8935259,180709539952,19388,20200,20357,969,5,20224,836,4.31,19410,20357,1400-6-9,2021-08-31
183,وهور,مديريت انرژي اميد  تابان هور,2066,53886979,98434194683,1900,1850,1805,-95,-5,1827,-73,-3.84,1805,1900,1400-6-9,2021-08-31
184,دجابر,داروسازي‌ جابرابن‌حيان‌,2055,12603353,221123815260,17140,16350,17990,850,4.96,17540,400,2.33,16290,17990,1400-6-9,2021-08-31
185,همراه,شركت ارتباطات سيار ايران,2053,13820856,143470005090,10780,10250,10350,-430,-3.99,10380,-400,-3.71,10250,10980,1400-6-9,2021-08-31
186,پاكشو,گروه صنعتي پاكشو,2051,16343584,96054165820,5940,5710,5900,-40,-0.67,5890,-50,-0.84,5660,6080,1400-6-9,2021-08-31
187,كبافق,معادن‌ بافق‌,2045,2898671,126245653260,44810,42570,43000,-1810,-4.04,43550,-1260,-2.81,42570,46000,1400-6-9,2021-08-31
188,ونيكي,سرمايه‌گذاري‌ ملي‌ايران‌,2041,12692937,144884762050,11870,11320,11500,-370,-3.12,11410,-460,-3.88,11280,11780,1400-6-9,2021-08-31
189,دكپسول,توليد ژلاتين كپسول ايران,2019,4825527,201626023035,40036,40500,42037,2001,5,41783,1747,4.36,38500,42037,1400-6-9,2021-08-31
190,وتوكا,سرمايه‌گذاري‌توكافولاد(هلدينگ,2018,13034599,139462987250,11220,10660,10660,-560,-4.99,10700,-520,-4.63,10660,11100,1400-6-9,2021-08-31
191,دماوند,توليد نيروي برق دماوند,1988,6277922,174202204315,28777,27940,27339,-1438,-5,27748,-1029,-3.58,27339,28676,1400-6-9,2021-08-31
192,غسالم,سالمين‌,1983,25244434,93553503440,3874,3681,3681,-193,-4.98,3706,-168,-4.34,3681,3865,1400-6-9,2021-08-31
193,بكام,كارخانجات توليدي شهيد قندي,1980,32918911,93592265340,2956,2825,2822,-134,-4.53,2843,-113,-3.82,2809,2956,1400-6-9,2021-08-31
194,ثاباد,توريستي ورفاهي آبادگران ايران,1978,3997136,201821752690,49430,47000,51900,2470,5,50490,1060,2.14,46960,51900,1400-6-9,2021-08-31
195,پارس,پتروشيمي پارس,1975,1459445,296322154950,205800,203940,202900,-2900,-1.41,203040,-2760,-1.34,196950,209000,1400-6-9,2021-08-31
196,كرماشا,صنايع پتروشيمي كرمانشاه,1975,7343406,327055863010,44500,42280,45000,500,1.12,44540,40,0.09,42280,46720,1400-6-9,2021-08-31
197,حفارس,حمل و نقل بين المللي خليج فارس,1965,30572069,116396154229,3831,3790,3772,-59,-1.54,3807,-24,-0.63,3640,3930,1400-6-9,2021-08-31
198,سرچشمه,سرمايه گذاري مس سرچشمه,1958,19732313,152775918314,7564,7251,7849,285,3.77,7742,178,2.35,7186,7942,1400-6-9,2021-08-31
199,كلوند,كاشي‌ الوند,1956,5147920,121953748440,24590,23400,23370,-1220,-4.96,23690,-900,-3.66,23370,25000,1400-6-9,2021-08-31
200,حآسا,آسيا سير ارس,1925,4321203,96519167482,22820,22270,22280,-540,-2.37,22336,-484,-2.12,21679,23251,1400-6-9,2021-08-31
201,دتوزيع,توزيع دارو پخش,1908,6205299,239586664393,37088,37200,38942,1854,5,38610,1522,4.1,37000,38942,1400-6-9,2021-08-31
202,تليسه,دامداري تليسه نمونه,1908,21559339,79476337847,3834,3643,3643,-191,-4.98,3686,-148,-3.86,3643,3900,1400-6-9,2021-08-31
203,طلا,صندوق س.پشتوانه طلاي لوتوس,1893,2666799,226022202933,83603,83607,85010,1407,1.68,84754,1151,1.38,83607,85499,1400-6-9,2021-08-31
204,شلعاب,لعابيران‌,1881,9967108,85901517640,8890,8450,8590,-300,-3.37,8620,-270,-3.04,8450,8970,1400-6-9,2021-08-31
205,شپارس,بين‌ المللي‌ محصولات‌  پارس‌,1868,6928091,98671869070,14810,14070,14070,-740,-5,14240,-570,-3.85,14070,14860,1400-6-9,2021-08-31
206,بالبر,كابل‌ البرز,1838,1971030,81575421690,41670,41700,40460,-1210,-2.9,41390,-280,-0.67,39590,43320,1400-6-9,2021-08-31
207,غپينو,پارس‌ مينو,1834,14817784,79442137870,5610,5330,5330,-280,-4.99,5360,-250,-4.46,5330,5510,1400-6-9,2021-08-31
208,اتكاي,بيمه اتكايي ايرانيان,1821,11954811,93556655364,7648,7980,7880,232,3.03,7826,178,2.33,7642,7998,1400-6-9,2021-08-31
209,گشان,توسعه بين المللي پديده شانديز,1812,4871813,109068574123,22822,22366,22366,-456,-2,22388,-434,-1.9,22366,22700,1400-6-9,2021-08-31
210,بپاس,بيمه پاسارگاد,1807,2118539,142708469726,67047,67340,68750,1703,2.54,67362,315,0.47,66900,68998,1400-6-9,2021-08-31
211,كسعدي,كاشي‌ سعدي‌,1807,6656699,88587041270,12880,13000,13520,640,4.97,13310,430,3.34,12500,13520,1400-6-9,2021-08-31
212,مبين,مبين انرژي خليج فارس,1806,18227038,372908670970,21120,20110,21420,300,1.42,20460,-660,-3.13,20070,21640,1400-6-9,2021-08-31
213,ساوه,سيمان ساوه,1803,1238249,77598215963,62408,59300,63251,843,1.35,62668,260,0.42,59290,65522,1400-6-9,2021-08-31
214,خموتور,موتورسازان‌تراكتورسازي‌ايران‌,1802,9015564,100673781500,11310,10750,10900,-410,-3.63,11170,-140,-1.24,10750,11690,1400-6-9,2021-08-31
215,وگستر,گسترش سرمايه گذاري ايرانيان,1789,9238722,109207412400,12394,11775,11775,-619,-4.99,11821,-573,-4.62,11775,12100,1400-6-9,2021-08-31
216,فباهنر,مس‌ شهيدباهنر,1787,4736538,137744849550,29990,28500,29160,-830,-2.77,29080,-910,-3.03,28500,30400,1400-6-9,2021-08-31
217,وپاسار,بانك  پاسارگاد,1786,32549279,489064521830,15040,15040,15010,-30,-0.2,15030,-10,-0.07,14980,15050,1400-6-9,2021-08-31
218,غويتا,ويتانا,1758,9031641,82451524222,9453,8981,8981,-472,-4.99,9129,-324,-3.43,8981,9440,1400-6-9,2021-08-31
219,ستران,سيمان‌ تهران‌,1751,5113524,160522700380,32820,31180,31180,-1640,-5,31390,-1430,-4.36,31180,32300,1400-6-9,2021-08-31
220,ثشرق,سرمايه گذاري مسكن شمال شرق,1734,16966844,92808578060,5600,5320,5400,-200,-3.57,5470,-130,-2.32,5320,5780,1400-6-9,2021-08-31
221,غچين,كشت‌ و صنعت‌ چين‌ چين,1734,6063253,115258642260,19760,18780,18930,-830,-4.2,19010,-750,-3.8,18780,19750,1400-6-9,2021-08-31
222,بكهنوج,توليد برق ماهتاب كهنوج,1730,40378711,68721383507,1782,1700,1693,-89,-4.99,1702,-80,-4.49,1693,1749,1400-6-9,2021-08-31
223,البرز,بيمه البرز,1729,57217979,157040402615,2809,2680,2730,-79,-2.81,2745,-64,-2.28,2669,2850,1400-6-9,2021-08-31
224,غفارس,شير پاستوريزه پگاه فارس,1727,5207853,74632933786,14739,14739,14250,-489,-3.32,14331,-408,-2.77,14010,14799,1400-6-9,2021-08-31
225,ورنا,سرمايه‌گذاري‌ رنا(هلدينگ‌,1724,22178330,130355938470,6090,5800,5880,-210,-3.45,5880,-210,-3.45,5790,6190,1400-6-9,2021-08-31
226,ثنور,سرمايه گذاري كوه نور,1711,13879486,109173374620,8068,7936,8050,-18,-0.22,7866,-202,-2.5,7826,8050,1400-6-9,2021-08-31
227,فنوال,نورد آلومينيوم‌,1706,5514296,159382583570,28840,27400,29690,850,2.95,28900,60,0.21,27400,30250,1400-6-9,2021-08-31
228,آسيا,بيمه آسيا,1700,51690241,111309563309,2252,2144,2144,-108,-4.8,2153,-99,-4.4,2140,2267,1400-6-9,2021-08-31
229,تاصيكو,سرمايه گذاري صدرتامين,1691,17320417,199265987080,11970,11380,11520,-450,-3.76,11500,-470,-3.93,11380,11870,1400-6-9,2021-08-31
230,وسينا,بانك سينا,1671,59588836,187415306462,3269,3107,3197,-72,-2.2,3145,-124,-3.79,3106,3260,1400-6-9,2021-08-31
231,خكمك,كمك‌فنرايندامين‌,1666,5084689,111798616000,22470,21840,21900,-570,-2.54,21990,-480,-2.14,21350,23100,1400-6-9,2021-08-31
232,ثعمرا,عمران و توسعه شاهد,1651,9482521,108971328757,12005,11405,11405,-600,-5,11492,-513,-4.27,11405,11960,1400-6-9,2021-08-31
233,سكارون,سيمان كارون,1642,723263,74084050556,104686,101570,101546,-3140,-3,102430,-2256,-2.16,101546,104980,1400-6-9,2021-08-31
234,قصفها,قنداصفهان‌,1639,1296437,159995601100,121210,118000,121210,0,0,123410,2200,1.82,118000,127270,1400-6-9,2021-08-31
235,ساينا,صنايع بهداشتي ساينا,1632,1570949,172629862960,105961,111259,111259,5298,5,109889,3928,3.71,101299,111259,1400-6-9,2021-08-31
236,شكربن,كربن‌ ايران‌,1627,1099277,137820561130,127570,130990,123000,-4570,-3.58,125370,-2200,-1.72,121200,130990,1400-6-9,2021-08-31
237,افق,فروشگاههاي زنجيره اي افق كوروش,1618,1430352,88258642560,63030,60100,61500,-1530,-2.43,61700,-1330,-2.11,60100,63990,1400-6-9,2021-08-31
238,اطلس,صندوق س.توسعه اندوخته آينده-س,1614,795281,206344779108,263447,252990,265742,2295,0.87,259461,-3986,-1.51,237103,273969,1400-6-9,2021-08-31
239,فسرب,ملي‌ سرب‌وروي‌ ايران‌,1606,1508831,120331996730,83350,79190,79190,-4160,-4.99,79750,-3600,-4.32,79190,82650,1400-6-9,2021-08-31
240,سبهان,سيمان‌ بهبهان‌,1604,1390373,96132628880,72090,68830,68610,-3480,-4.83,69140,-2950,-4.09,68490,71720,1400-6-9,2021-08-31
241,لپارس,پارس‌ الكتريك‌,1603,1469019,160344524210,104500,108980,109720,5220,5,109150,4650,4.45,105640,109720,1400-6-9,2021-08-31
242,وساخت,سرمايه‌ گذاري‌ ساختمان‌ايران‌,1593,2754140,142882139370,53830,51140,51360,-2470,-4.59,51880,-1950,-3.62,51140,53730,1400-6-9,2021-08-31
243,وآوا,سرمايه گذاري آوا نوين,1589,13622392,73524093609,5579,5301,5350,-229,-4.1,5397,-182,-3.26,5301,5650,1400-6-9,2021-08-31
244,كهمدا,شيشه‌ همدان‌,1569,10328542,112048688800,11300,10900,10790,-510,-4.51,10850,-450,-3.98,10740,11300,1400-6-9,2021-08-31
245,حتايد,تايدواترخاورميانه,1551,5846193,146248303310,26100,24800,24850,-1250,-4.79,25020,-1080,-4.14,24800,25800,1400-6-9,2021-08-31
246,قشرين,قند شيرين خراسان,1539,13367239,258890371246,18903,18390,19470,567,3,19368,465,2.46,18336,19470,1400-6-9,2021-08-31
247,زشريف,كشت وصنعت شريف آباد,1527,18871138,100793884828,5601,5321,5321,-280,-5,5341,-260,-4.64,5321,5570,1400-6-9,2021-08-31
248,مرقام,ايران‌ارقام‌,1527,6986730,116911302780,17470,16600,16600,-870,-4.98,16730,-740,-4.24,16600,17370,1400-6-9,2021-08-31
249,تبرك,گروه كارخانجات صنعتي تبرك,1520,4821124,66646356225,14411,13691,13816,-595,-4.13,13824,-587,-4.07,13691,14150,1400-6-9,2021-08-31
250,پكوير,كوير تاير,1517,6580292,102004143480,15740,14960,15880,140,0.89,15500,-240,-1.52,14960,16350,1400-6-9,2021-08-31
251,سصوفي,سيمان‌ صوفيان‌,1516,8123585,171270717140,22070,20970,20970,-1100,-4.98,21080,-990,-4.49,20970,22040,1400-6-9,2021-08-31
252,ارزش,صندوق س ارزش آفرين بيدار-سهام,1508,10606582,120356846190,11430,10790,11460,30,0.26,11350,-80,-0.7,10790,11720,1400-6-9,2021-08-31
253,شلرد,كود شيميايي اوره لردگان,1498,23428133,215126493839,9462,9179,9179,-283,-2.99,9182,-280,-2.96,9179,9294,1400-6-9,2021-08-31
254,سدور,سيمان‌ دورود,1496,10208588,100102489610,10240,9730,9730,-510,-4.98,9810,-430,-4.2,9730,10190,1400-6-9,2021-08-31
255,داوه,داروسازي آوه سينا,1491,3757133,73447662034,19289,18888,19604,315,1.63,19549,260,1.35,18520,20100,1400-6-9,2021-08-31
256,آوا,صندوق س.سهام آواي معيار-س,1487,13481755,116697995206,8829,8560,8799,-30,-0.34,8656,-173,-1.96,8402,9000,1400-6-9,2021-08-31
257,دانا,بيمه دانا,1468,17374006,104630700710,6290,6010,5980,-310,-4.93,6020,-270,-4.29,5980,6190,1400-6-9,2021-08-31
258,خاهن,آهنگري‌ تراكتورسازي‌ ايران‌,1466,7373567,62154276800,8580,8310,8540,-40,-0.47,8430,-150,-1.75,8160,8760,1400-6-9,2021-08-31
259,فنورد,نوردوقطعات‌ فولادي‌,1462,828298,162671712570,206320,196010,196010,-10310,-5,196390,-9930,-4.81,196010,199800,1400-6-9,2021-08-31
260,درهآور,دارويي ره آورد تامين,1461,2211998,68287167430,30312,30312,31648,1336,4.41,30871,559,1.84,29030,31790,1400-6-9,2021-08-31
261,فايرا,آلومينيوم‌ايران‌,1460,11443585,192978707520,17360,16500,16960,-400,-2.3,16860,-500,-2.88,16500,17500,1400-6-9,2021-08-31
262,كنورح,ح توسعه معدني و صنعتي صبانور,1457,14563446,269721995070,18280,17000,18320,40,0.22,18520,240,1.31,17000,19000,1400-6-9,2021-08-31
263,وپست,پست بانك ايران,1455,5195495,108942671510,20740,21080,21000,260,1.25,20970,230,1.11,20200,21280,1400-6-9,2021-08-31
264,خمهر,مهركام‌پارس‌,1454,34995440,83811122535,2466,2368,2430,-36,-1.46,2395,-71,-2.88,2343,2500,1400-6-9,2021-08-31
265,وبيمه,سرمايه‌ گذاري‌ صنعت‌ بيمه‌,1448,27991196,55576882692,2074,1972,1973,-101,-4.87,1986,-88,-4.24,1971,2038,1400-6-9,2021-08-31
266,غمارگ,مارگارين‌,1448,3343218,107449424110,31500,30000,32980,1480,4.7,32140,640,2.03,29950,33070,1400-6-9,2021-08-31
267,ديران,ايران‌دارو,1439,6127149,146330900150,23120,22100,24270,1150,4.97,23880,760,3.29,22100,24270,1400-6-9,2021-08-31
268,سشرق,سيمان‌ شرق‌,1437,17798428,157981472380,9200,8740,8740,-460,-5,8880,-320,-3.48,8740,9180,1400-6-9,2021-08-31
269,كترام,توليدي‌ كاشي‌ تكسرام‌,1430,3891085,121353952500,32470,30850,30850,-1620,-4.99,31190,-1280,-3.94,30850,32450,1400-6-9,2021-08-31
270,دتماد,توليدمواداوليه‌داروپخش‌,1428,4488584,215674000680,50470,47950,47950,-2520,-4.99,48050,-2420,-4.79,47950,48990,1400-6-9,2021-08-31
271,ومهان,گروه توسعه مالي مهر آيندگان,1425,7652227,123387893468,16452,15700,16000,-452,-2.75,16124,-328,-1.99,15663,16799,1400-6-9,2021-08-31
272,غالبر,لبنيات‌ كالبر,1424,5371003,66708868800,12970,12330,12330,-640,-4.93,12420,-550,-4.24,12330,12800,1400-6-9,2021-08-31
273,ولصنم,ليزينگ‌صنعت‌ومعدن‌,1414,9891880,78644319520,8240,7830,7830,-410,-4.98,7950,-290,-3.52,7830,8330,1400-6-9,2021-08-31
274,نوين,بيمه نوين,1413,19894118,111999152190,5890,5596,5596,-294,-4.99,5630,-260,-4.41,5596,5825,1400-6-9,2021-08-31
275,پارسيان,بيمه پارسيان,1401,10206346,118269750730,11940,11350,11550,-390,-3.27,11590,-350,-2.93,11350,11990,1400-6-9,2021-08-31
276,كوثر,بيمه كوثر,1401,8628586,116506757607,14187,13479,13478,-709,-5,13502,-685,-4.83,13478,14000,1400-6-9,2021-08-31
277,قلرست,قند لرستان‌,1399,2149622,57877787180,27670,26310,27130,-540,-1.95,26920,-750,-2.71,26290,27960,1400-6-9,2021-08-31
278,تيپيكو,سرمايه گذاري دارويي تامين,1398,7312233,161947267140,22490,21400,22240,-250,-1.11,22150,-340,-1.51,21370,23140,1400-6-9,2021-08-31
279,سفاسي,شركت فارسيت اهواز,1388,6706114,45033289465,6903,6696,6696,-207,-3,6715,-188,-2.72,6696,6848,1400-6-9,2021-08-31
280,واميد,گروه مديريت سرمايه گذاري اميد,1376,10724079,146463971780,13500,12910,13500,0,0,13660,160,1.19,12900,14160,1400-6-9,2021-08-31
281,وصنا,گروه‌صنايع‌بهشهرايران‌,1371,21231286,173006444780,7780,8160,8160,380,4.88,8150,370,4.76,7950,8160,1400-6-9,2021-08-31
282,والبر,سرمايه‌ گذاري‌ البرز(هلدينگ‌,1370,9283812,94200464580,10580,10060,10080,-500,-4.73,10150,-430,-4.06,10060,10500,1400-6-9,2021-08-31
283,سفار,سيمان‌فارس‌,1363,893374,79918302510,91680,91500,89980,-1700,-1.85,89460,-2220,-2.42,87100,95410,1400-6-9,2021-08-31
284,وبوعلي,سرمايه‌گذاري‌بوعلي‌,1362,14273789,67378555530,4930,4690,4690,-240,-4.87,4720,-210,-4.26,4690,4870,1400-6-9,2021-08-31
285,شپترو,پتروشيمي آبادان,1351,39236123,207166148012,5440,5277,5277,-163,-3,5280,-160,-2.94,5277,5388,1400-6-9,2021-08-31
286,خاذين,سايپاآذين‌,1348,22174956,79697441659,3759,3573,3572,-187,-4.97,3594,-165,-4.39,3572,3732,1400-6-9,2021-08-31
287,غگلستا,شير پاستوريزه پگاه گلستان,1332,4767690,83276365303,18285,17373,17371,-914,-5,17467,-818,-4.47,17371,17890,1400-6-9,2021-08-31
288,وپخش,داروپخش‌ (هلدينگ‌,1327,2536085,91854669620,37040,35190,35600,-1440,-3.89,36220,-820,-2.21,35190,38690,1400-6-9,2021-08-31
289,دسبحان,سبحان دارو,1322,3334396,72546358580,20970,21970,21510,540,2.58,21760,790,3.77,20730,22010,1400-6-9,2021-08-31
290,غبهار,كشت وصنعت بهاران گلبهار خراسان,1319,5262769,98825416282,18644,18085,19203,559,3,18778,134,0.72,18085,19203,1400-6-9,2021-08-31
291,دامين,داروسازي‌ امين‌,1317,16846647,69554147208,4272,4059,4059,-213,-4.99,4129,-143,-3.35,4059,4344,1400-6-9,2021-08-31
292,حگردش,ريل گردش ايرانيان,1313,2403091,8266633040,3277,3440,3440,163,4.97,3395,118,3.6,3440,3440,1400-6-9,2021-08-31
293,چافست,افست‌,1308,3769016,58953822940,15600,15240,15880,280,1.79,15640,40,0.26,14820,16140,1400-6-9,2021-08-31
294,شبصير,توليدات پتروشيمي قائد بصير,1303,2333037,238795058866,106464,102000,103467,-2997,-2.82,102354,-4110,-3.86,101141,106019,1400-6-9,2021-08-31
295,گكوثر,هتل پارسيان كوثر اصفهان,1300,22437499,52860632059,2412,2307,2343,-69,-2.86,2356,-56,-2.32,2292,2466,1400-6-9,2021-08-31
296,غشان,شيرپاستوريزه‌پگاه‌خراسان‌,1296,9247409,63470350700,6840,6560,6780,-60,-0.88,6860,20,0.29,6560,7090,1400-6-9,2021-08-31
297,ثمسكن,سرمايه‌گذاري‌ مسكن‌,1295,24037095,134192046330,5780,5760,5600,-180,-3.11,5580,-200,-3.46,5500,5930,1400-6-9,2021-08-31
298,سنير,سيمان‌ سفيد ني‌ريز,1290,853484,141803999150,158390,166300,166300,7910,4.99,166150,7760,4.9,162320,166300,1400-6-9,2021-08-31
299,كسرام,پارس‌ سرام‌,1286,10811874,73231773910,7020,6730,6670,-350,-4.99,6770,-250,-3.56,6670,7010,1400-6-9,2021-08-31
300,دكيمي,كيميدارو,1285,4024499,107143449010,25820,25820,26590,770,2.98,26620,800,3.1,25000,27110,1400-6-9,2021-08-31
301,بشهاب,لامپ‌  پارس‌ شهاب‌,1282,912083,120992560720,131000,129500,134800,3800,2.9,132660,1660,1.27,124450,137550,1400-6-9,2021-08-31
302,شبهرن,نفت‌ بهران‌,1274,4983057,66428222380,13780,13100,13520,-260,-1.89,13330,-450,-3.27,13100,13880,1400-6-9,2021-08-31
303,كاردان,صندوق س تجارت شاخصي كاردان,1273,1602868,355112927560,220310,215120,222500,2190,0.99,221550,1240,0.56,208500,230310,1400-6-9,2021-08-31
304,فرآور,فرآوري‌موادمعدني‌ايران‌,1272,3247091,101409194290,32590,30970,30970,-1620,-4.97,31230,-1360,-4.17,30970,32490,1400-6-9,2021-08-31
305,خنصير,مهندسي‌نصيرماشين‌,1268,7818352,118249132860,14420,14900,15140,720,4.99,15120,700,4.85,14900,15140,1400-6-9,2021-08-31
306,جم پيلن,پلي پروپيلن جم - جم پيلن,1267,1745788,184219737660,108480,103110,107580,-900,-0.83,105520,-2960,-2.73,103060,111380,1400-6-9,2021-08-31
307,قشير,قند شيروان قوچان و بجنورد,1267,5885242,130501638193,21266,21220,22329,1063,5,22174,908,4.27,20910,22329,1400-6-9,2021-08-31
308,دزهراوي,داروسازي‌زهراوي‌,1265,8347575,57410000140,7150,6800,6810,-340,-4.76,6880,-270,-3.78,6800,7120,1400-6-9,2021-08-31
309,نتوس,پشم‌ بافي‌ توس,1262,3167980,48876278282,15537,15090,15071,-466,-3,15428,-109,-0.7,15071,15980,1400-6-9,2021-08-31
310,غشاذر,پگاه‌آذربايجان‌غربي‌,1257,8070037,64819381470,7760,7550,8140,380,4.9,8030,270,3.48,7510,8140,1400-6-9,2021-08-31
311,وسپه,سرمايه‌گذاري‌ سپه‌,1253,12085862,119881765830,9780,9370,10000,220,2.25,9920,140,1.43,9310,10200,1400-6-9,2021-08-31
312,قرنح,ح . پديده شيمي قرن,1249,1583463,42827700090,27980,25470,27000,-980,-3.5,27050,-930,-3.32,25470,29000,1400-6-9,2021-08-31
313,خكاوه,سايپا ديزل,1248,21478220,94514918349,4513,4401,4378,-135,-2.99,4401,-112,-2.48,4378,4599,1400-6-9,2021-08-31
314,قاسم,قاسم ايران,1247,7561531,71835105655,9984,9485,9485,-499,-5,9500,-484,-4.85,9485,9730,1400-6-9,2021-08-31
315,كيميا,معدني كيمياي زنجان گستران,1246,7694974,117264525616,15756,15051,15200,-556,-3.53,15239,-517,-3.28,14969,15980,1400-6-9,2021-08-31
316,خكرمان,گروه اقتصادي كرمان خودرو,1244,22544876,89752551599,4083,3961,4040,-43,-1.05,3981,-102,-2.5,3961,4081,1400-6-9,2021-08-31
317,بسويچ,پارس‌سويچ‌,1241,2404333,70597106880,29370,29000,29500,130,0.44,29360,-10,-0.03,28200,30550,1400-6-9,2021-08-31
318,چفيبر,فيبر ايران‌,1238,8257624,69691563790,8780,8370,8370,-410,-4.67,8440,-340,-3.87,8350,8770,1400-6-9,2021-08-31
319,زنگان,صنعت روي زنگان,1233,1183466,77910433687,67927,64531,64850,-3077,-4.53,65832,-2095,-3.08,64531,69000,1400-6-9,2021-08-31
320,ثرود,سرمايه‌گذاري مسكن زاينده رود,1231,4537062,67084401684,15362,14594,14594,-768,-5,14786,-576,-3.75,14594,15200,1400-6-9,2021-08-31
321,پارند,صندوق س. پارند پايدار سپهر,1227,42498916,430985093998,10136,10141,10141,5,0.05,10141,5,0.05,10140,10145,1400-6-9,2021-08-31
322,وثخوز,سرمايه گذاري و توسعه خوزستان,1225,1216720,68602811792,59071,56118,56118,-2953,-5,56383,-2688,-4.55,56118,59070,1400-6-9,2021-08-31
323,تكشا,گسترش‌صنايع‌وخدمات‌كشاورزي‌,1224,2975962,102471659690,35370,33610,34400,-970,-2.74,34430,-940,-2.66,33610,36920,1400-6-9,2021-08-31
324,ومعلم,بيمه معلم,1216,12196818,53741623945,4364,4330,4411,47,1.08,4406,42,0.96,4171,4517,1400-6-9,2021-08-31
325,حتوكا,حمل‌ونقل‌توكا,1214,4984692,97397756430,20440,19550,19420,-1020,-4.99,19540,-900,-4.4,19420,20100,1400-6-9,2021-08-31
326,نطرين,عطرين نخ قم,1211,7285191,59708899819,8528,8102,8104,-424,-4.97,8196,-332,-3.89,8102,8450,1400-6-9,2021-08-31
327,تنوين,تامين سرمايه نوين,1202,19304220,145824414180,7440,7200,7680,240,3.23,7550,110,1.48,7200,7750,1400-6-9,2021-08-31
328,بزاگرس,نيروگاه زاگرس كوثر,1184,18028956,105283797084,5581,5848,5860,279,5,5840,259,4.64,5421,5860,1400-6-9,2021-08-31
329,لخزر,پارس‌ خزر,1173,764720,135498994540,169800,174730,178290,8490,5,177190,7390,4.35,165730,178290,1400-6-9,2021-08-31
330,وشهر,بانك شهر,1172,10912991,71732891158,6705,6630,6530,-175,-2.61,6573,-132,-1.97,6476,6720,1400-6-9,2021-08-31
331,دارو,كارخانجات‌داروپخش‌,1165,2378524,81485178970,32820,33500,34480,1660,5.06,34260,1440,4.39,33000,35170,1400-6-9,2021-08-31
332,سپاها,سيمان‌سپاهان‌,1164,14580706,152051362790,10600,10100,10580,-20,-0.19,10430,-170,-1.6,10070,11130,1400-6-9,2021-08-31
333,لسرما,سرما آفرين‌,1158,2456137,57363261860,24130,22930,23500,-630,-2.61,23360,-770,-3.19,22930,24890,1400-6-9,2021-08-31
334,سيمرغ,سيمرغ,1156,5707580,112186763420,20550,19560,19530,-1020,-4.96,19660,-890,-4.33,19530,20450,1400-6-9,2021-08-31
335,فخاس,فولاد خراسان,1145,3816276,120036754920,30580,30620,32100,1520,4.97,31450,870,2.84,29060,32100,1400-6-9,2021-08-31
336,رتاپ,تجارت الكترونيك  پارسيان,1144,4843278,31604818440,6510,6400,6490,-20,-0.31,6530,20,0.31,6300,6640,1400-6-9,2021-08-31
337,زكشت,كشاورزي مكانيزه اصفهان كشت,1141,2804624,79877090903,28571,27143,29699,1128,3.95,28480,-91,-0.32,27143,29970,1400-6-9,2021-08-31
338,ثتران,سرمايه گذاري مسكن تهران,1139,23067199,99777859874,4195,4020,4404,209,4.98,4326,131,3.12,4000,4404,1400-6-9,2021-08-31
339,لازما,كارخانه هاي صنعتي آزمايش,1137,3632641,84350373247,23268,22570,23664,396,1.7,23220,-48,-0.21,22570,23966,1400-6-9,2021-08-31
340,وكادو,تكادو,1134,2588441,53803298364,21226,20700,20590,-636,-3,20786,-440,-2.07,20590,21320,1400-6-9,2021-08-31
341,كپارس,كاشي‌ پارس‌,1125,754223,88393631080,122470,116350,119700,-2770,-2.26,117200,-5270,-4.3,116350,123000,1400-6-9,2021-08-31
342,بايكا,كارخانجات كابلسازي ‌ايران‌,1125,2456713,71330784080,29870,28974,28974,-896,-3,29035,-835,-2.8,28974,29600,1400-6-9,2021-08-31
343,ساروم,سيمان‌اروميه‌,1121,2710365,118119145730,44530,42360,43130,-1400,-3.14,43580,-950,-2.13,42310,46000,1400-6-9,2021-08-31
344,فروس,فروسيليس‌ ايران‌,1119,9300098,57144560490,6340,6100,6140,-200,-3.15,6140,-200,-3.15,6030,6330,1400-6-9,2021-08-31
345,فجام,جام‌دارو,1118,10295713,75248927460,7600,7300,7220,-380,-5,7310,-290,-3.82,7220,7800,1400-6-9,2021-08-31
346,فسازان,غلتك سازان سپاهان,1113,4452644,143480099820,33600,31940,32150,-1450,-4.32,32220,-1380,-4.11,31920,33480,1400-6-9,2021-08-31
347,ريشمك,توليد و صادرات ريشمك,1113,1552335,67610101953,45377,43109,43109,-2268,-5,43554,-1823,-4.02,43109,45257,1400-6-9,2021-08-31
348,لابسا,آبسال‌,1109,3364819,128807574710,40040,38040,39080,-960,-2.4,38280,-1760,-4.4,38040,40000,1400-6-9,2021-08-31
349,كاريس,صندوق س.سپهر كاريزما-س,1108,7586132,109390420721,14558,14305,14475,-83,-0.57,14420,-138,-0.95,13830,15094,1400-6-9,2021-08-31
350,بنيرو,نيروترانس‌,1107,18484716,55872150519,3046,2898,3058,12,0.39,3023,-23,-0.76,2894,3160,1400-6-9,2021-08-31
351,حشكوه,دليجان طلايي شكوه پارس,1101,3936839,13542726160,3277,3440,3440,163,4.97,3440,163,4.97,3440,3440,1400-6-9,2021-08-31
352,قشهد,شهد,1096,3480084,58990794430,17010,16160,17300,290,1.7,16950,-60,-0.35,16160,17520,1400-6-9,2021-08-31
353,غمهرا,توليدي‌مهرام‌,1091,1169702,75005398360,66990,63950,63650,-3340,-4.99,64120,-2870,-4.28,63650,66600,1400-6-9,2021-08-31
354,خشرق,الكتريك‌ خودرو شرق‌,1086,10173091,182198819070,18770,17840,17840,-930,-4.95,17910,-860,-4.58,17840,18500,1400-6-9,2021-08-31
355,وحافظح,ح . بيمه حافظ,1082,37095912,244462457026,6723,6589,6589,-134,-1.99,6590,-133,-1.98,6589,6830,1400-6-9,2021-08-31
356,تاپكيش,تجارت الكترونيك پارسيان كيش,1081,11515145,167238742111,13867,14300,14560,693,5,14523,656,4.73,14300,14560,1400-6-9,2021-08-31
357,ميهن,بيمه ميهن,1081,17310987,64318289147,3888,3710,3694,-194,-4.99,3715,-173,-4.45,3694,3850,1400-6-9,2021-08-31
358,شخارك,پتروشيمي‌ خارك‌,1075,1552708,77441449880,50330,48000,50720,390,0.77,49960,-370,-0.74,48000,52500,1400-6-9,2021-08-31
359,هماي,صندوق س هماي آگاه-ثابت,1074,3669341,37928364569,10329,10334,10342,13,0.13,10337,8,0.08,10333,10345,1400-6-9,2021-08-31
360,فوكا,فولاد كاويان,1072,5257298,86074559528,16652,16153,16153,-499,-3,16372,-280,-1.68,16153,17150,1400-6-9,2021-08-31
361,ونفت,سرمايه‌گذاري‌ صنعت‌ نفت‌,1069,6420707,110121387150,17860,16970,16970,-890,-4.98,17150,-710,-3.98,16970,17800,1400-6-9,2021-08-31
362,دلقما,دارويي‌ لقمان‌,1066,1909111,70395539280,38220,36330,36320,-1900,-4.97,36870,-1350,-3.53,36310,38700,1400-6-9,2021-08-31
363,توريل,توكاريل,1065,4420835,65314632359,15455,14683,14683,-772,-5,14774,-681,-4.41,14683,15290,1400-6-9,2021-08-31
364,شتوكا,توكا رنگ فولاد سپاهان,1065,2247162,73751993299,34370,32652,32652,-1718,-5,32820,-1550,-4.51,32652,33679,1400-6-9,2021-08-31
365,وسكاب,س.ص.بازنشستگي كاركنان بانكها,1065,18860547,58128136903,3226,3100,3110,-116,-3.6,3082,-144,-4.46,3065,3198,1400-6-9,2021-08-31
366,تايرا,تراكتورسازي‌ايران‌,1058,14300596,436432226250,29140,29000,30590,1450,4.98,30520,1380,4.74,29000,30590,1400-6-9,2021-08-31
367,فپنتا,سپنتا,1058,140554,79395156120,566800,538460,566000,-800,-0.14,564870,-1930,-0.34,538460,588990,1400-6-9,2021-08-31
368,تكمبا,كمباين‌ سازي‌ ايران‌,1056,7936243,57818889580,7590,7220,7220,-370,-4.87,7290,-300,-3.95,7220,7550,1400-6-9,2021-08-31
369,خوساز,محورسازان‌ايران‌خودرو,1055,8563149,67087932420,7790,7800,7810,20,0.26,7830,40,0.51,7410,8150,1400-6-9,2021-08-31
370,ولملت,واسپاري ملت,1042,12307640,82485528900,6440,6200,6760,320,4.97,6700,260,4.04,6180,6760,1400-6-9,2021-08-31
371,ثپرديس,سرمايه گذاري مسكن پرديس,1037,10241589,66501457931,6725,6789,6439,-286,-4.25,6493,-232,-3.45,6389,6850,1400-6-9,2021-08-31
372,ضخود7077,اختيارخ خودرو-3000-1400/07/07,1030,56061,957798000,18,14,17,-1,-5.56,17,-1,-5.56,12,20,1400-6-9,2021-08-31
373,سدبير,س. تدبيرگران فارس وخوزستان,1028,1534118,65197093782,44316,42101,42101,-2215,-5,42498,-1818,-4.1,42101,44590,1400-6-9,2021-08-31
374,ودي,بيمه  دي,1026,5140225,42448014409,8233,8500,8130,-103,-1.25,8258,25,0.3,7826,8500,1400-6-9,2021-08-31
375,وملل,اعتباري ملل,1023,6872207,86023854725,12964,12316,12350,-614,-4.74,12518,-446,-3.44,12316,13196,1400-6-9,2021-08-31
376,اپرداز,آتيه داده پرداز,1014,3234789,67590872922,21914,20819,20819,-1095,-5,20895,-1019,-4.65,20819,21819,1400-6-9,2021-08-31
377,ثاصفا,شركت‌ ساختمان‌ اصفهان‌,1004,2467967,56095382926,23362,22662,22662,-700,-3,22729,-633,-2.71,22662,23260,1400-6-9,2021-08-31
378,ياقوت,صندوق س ياقوت آگاه-ثابت,995,24474932,318248217709,13010,13016,13000,-10,-0.08,13003,-7,-0.05,12994,13024,1400-6-9,2021-08-31
379,پدرخش,درخشان‌ تهران‌,990,2010191,48441339350,25170,23920,23920,-1250,-4.97,24100,-1070,-4.25,23920,25000,1400-6-9,2021-08-31
380,وپترو,سرمايه‌گذاري صنايع پتروشيمي‌,987,7522769,109018038440,15190,14440,14440,-750,-4.94,14490,-700,-4.61,14440,14920,1400-6-9,2021-08-31
381,لكما,كارخانجات‌مخابراتي‌ايران‌,982,15524598,25473532007,1603,1620,1651,48,2.99,1641,38,2.37,1620,1651,1400-6-9,2021-08-31
382,ثباغ,شهر سازي و خانه سازي باغميشه,981,7365706,96352256983,13674,13000,12991,-683,-4.99,13081,-593,-4.34,12991,13520,1400-6-9,2021-08-31
383,فولاژ,فولاد آلياژي ايران,979,4163846,74112080680,18540,17620,17720,-820,-4.42,17900,-640,-3.45,17620,18450,1400-6-9,2021-08-31
384,زدشت,كشت و صنعت دشت خرم دره,975,2064255,44674027759,22664,21531,21531,-1133,-5,21642,-1022,-4.51,21531,22283,1400-6-9,2021-08-31
385,بالاس,مهندسي ساختمان تاسيسات راه آهن,975,1866695,65827811911,36999,35150,35150,-1849,-5,35264,-1735,-4.69,35150,36780,1400-6-9,2021-08-31
386,دحاوي,الحاوي,969,5894094,50120106146,8599,8342,8342,-257,-2.99,8503,-96,-1.12,8342,8856,1400-6-9,2021-08-31
387,پاسا,ايران‌ياساتايرورابر,968,4332103,94893598730,22900,21900,21760,-1140,-4.98,21900,-1000,-4.37,21760,22700,1400-6-9,2021-08-31
388,كساپا,سايپاشيشه‌,963,2731510,62123940320,22780,23500,23000,220,0.97,22740,-40,-0.18,21700,23500,1400-6-9,2021-08-31
389,ختراك,ريخته‌گري‌ تراكتورسازي‌ ايران‌,959,6116491,81942013780,14040,13340,13340,-700,-4.99,13400,-640,-4.56,13340,13790,1400-6-9,2021-08-31
390,پسهند,صنايع‌ لاستيكي‌  سهند,956,1547051,54863334060,34070,35730,35400,1330,3.9,35460,1390,4.08,34620,35770,1400-6-9,2021-08-31
391,ددام,داروسازي زاگرس فارمد پارس,955,4963802,65445570580,13620,12940,12950,-670,-4.92,13180,-440,-3.23,12940,13800,1400-6-9,2021-08-31
392,كساوه,صنايع‌ كاشي‌ و سراميك‌ سينا,949,1489844,81735638430,57120,54270,54270,-2850,-4.99,54860,-2260,-3.96,54270,57110,1400-6-9,2021-08-31
393,سمازن,سيمان‌مازندران‌,948,6747560,107583245620,16520,15700,16060,-460,-2.78,15940,-580,-3.51,15700,16540,1400-6-9,2021-08-31
394,بنو,بيمه تجارت نو,948,8018606,116144695818,14447,14600,14500,53,0.37,14484,37,0.26,13740,14800,1400-6-9,2021-08-31
395,تماوند,تامين سرمايه دماوند,945,64792494,415134507958,6327,6250,6516,189,2.99,6407,80,1.26,6250,6516,1400-6-9,2021-08-31
396,لپيام,گسترش صنايع پيام,942,1900340,85909458738,46560,45164,45164,-1396,-3,45207,-1353,-2.91,45164,46700,1400-6-9,2021-08-31
397,ضخود7076,اختيارخ خودرو-2500-1400/07/07,934,51932,5125963000,111,130,99,-12,-10.81,99,-12,-10.81,77,130,1400-6-9,2021-08-31
398,فيروزه,صندوق شاخص30 شركت فيروزه- سهام,932,735393,129601582560,177790,170000,175500,-2290,-1.29,176230,-1560,-0.88,169000,182000,1400-6-9,2021-08-31
399,داسوه,داروسازي‌ اسوه‌,923,2475313,71304827340,30180,28720,28680,-1500,-4.97,28810,-1370,-4.54,28680,29500,1400-6-9,2021-08-31
400,وصندوق,سرمايه‌گذاري‌صندوق‌بازنشستگي‌,914,11833759,211587527340,18660,17730,17820,-840,-4.5,17880,-780,-4.18,17730,18660,1400-6-9,2021-08-31
401,شزنگ,تجهيزنيروي‌زنگان‌,912,505203,69984140551,135449,139000,139512,4063,3,138527,3078,2.27,131639,139512,1400-6-9,2021-08-31
402,كاذر,فرآورده‌هاي‌نسوزآذر,911,5358473,92509998590,18070,17170,17170,-900,-4.98,17260,-810,-4.48,17170,17770,1400-6-9,2021-08-31
403,آ س پ,آ.س.پ,905,3496477,35291754384,10239,9760,9970,-269,-2.63,10094,-145,-1.42,9740,10340,1400-6-9,2021-08-31
404,ولشرق,ليزينگ ايران و شرق,904,7903413,48095356555,6369,6100,6051,-318,-4.99,6085,-284,-4.46,6051,6294,1400-6-9,2021-08-31
405,پلاسك,پلاسكوكار,895,7650210,57039367300,7780,7400,7400,-380,-4.88,7460,-320,-4.11,7400,7770,1400-6-9,2021-08-31
406,زبينا,كشاورزي و دامپروري بينالود,891,18584850,57983464755,3215,3055,3087,-128,-3.98,3120,-95,-2.95,3055,3280,1400-6-9,2021-08-31
407,غمينو,شركت صنايع غذايي مينو شرق,891,3522484,29969338614,8680,8249,8420,-260,-3,8508,-172,-1.98,8246,8900,1400-6-9,2021-08-31
408,غپآذر,شير پگاه آذربايجان شرقي,890,1996137,104731791220,51544,51124,52870,1326,2.57,52467,923,1.79,49100,53985,1400-6-9,2021-08-31
409,سيلام,سيمان‌ ايلام‌,886,4578291,38059265340,8590,8170,8320,-270,-3.14,8310,-280,-3.26,8170,8670,1400-6-9,2021-08-31
410,زشگزا,شير و گوشت زاگرس شهركرد,885,7914869,49728346812,6554,6227,6227,-327,-4.99,6283,-271,-4.13,6227,6497,1400-6-9,2021-08-31
411,كگهر,سنگ آهن گهرزمين,884,884912,44009866047,49542,47065,49902,360,0.73,49613,71,0.14,47065,51929,1400-6-9,2021-08-31
412,شراز,پالايش نفت شيراز,884,1432790,178011516401,124860,118620,124245,-615,-0.49,124241,-619,-0.5,118618,129940,1400-6-9,2021-08-31
413,والبرح,ح . سرمايه گذاري‌البرز(هلدينگ‌,879,2530259,20543525502,8334,7733,8135,-199,-2.39,8119,-215,-2.58,7733,8400,1400-6-9,2021-08-31
414,سغرب,سيمان‌غرب‌,875,2030446,47161630420,24020,23000,22820,-1200,-5,23230,-790,-3.29,22820,24590,1400-6-9,2021-08-31
415,زمگسا,كشاورزي‌ ودامپروي‌ مگسال‌,872,1628505,47890470600,30630,29100,29100,-1530,-5,29410,-1220,-3.98,29100,30360,1400-6-9,2021-08-31
416,مفاخر,توسعه فناوري اطلاعات خوارزمي,871,910738,49356569339,52883,53742,53050,167,0.32,54194,1311,2.48,50992,55498,1400-6-9,2021-08-31
417,تسه0004,امتيازتسهيلات مسكن تير1400,871,22155,13060128027,591060,600000,590000,-1060,-0.18,589489,-1571,-0.27,578099,620000,1400-6-9,2021-08-31
418,ثعتما,س. ساختماني اعتماد گستر,869,2153162,70617968848,31970,32929,32929,959,3,32797,827,2.59,32011,32929,1400-6-9,2021-08-31
419,بهپاك,صنعتي بهپاك,868,11062121,85270400035,8058,7656,7656,-402,-4.99,7708,-350,-4.34,7656,7909,1400-6-9,2021-08-31
420,نمرينو,ايران‌ مرينوس‌,864,500456,53195144840,111560,106000,105990,-5570,-4.99,106290,-5270,-4.72,105990,109990,1400-6-9,2021-08-31
421,غگلپا,شير پاستوريزه پگاه گلپايگان,863,963521,65266316365,70723,67188,67187,-3536,-5,67737,-2986,-4.22,67187,70500,1400-6-9,2021-08-31
422,واحيا,م .صنايع و معادن احياء سپاهان,857,1807181,362730912144,206403,200211,200250,-6153,-2.98,200716,-5687,-2.76,200211,208000,1400-6-9,2021-08-31
423,ثغرب,شركت سرمايه گذاري مسكن شمالغرب,855,6579714,39607680694,6279,5967,5966,-313,-4.98,6020,-259,-4.12,5966,6300,1400-6-9,2021-08-31
424,غاذر,كشت‌وصنعت‌پياذر,848,1800206,47593438620,27710,26330,26330,-1380,-4.98,26440,-1270,-4.58,26330,27370,1400-6-9,2021-08-31
425,سخوز,سيمان خوزستان,847,2510972,66211915780,27540,26500,26200,-1340,-4.87,26370,-1170,-4.25,26170,27480,1400-6-9,2021-08-31
426,فلامي,لاميران‌,844,1802132,44909499530,25850,24690,24560,-1290,-4.99,24920,-930,-3.6,24560,25820,1400-6-9,2021-08-31
427,سخزر,سيمان‌ خزر,842,3163126,86897256160,27520,26150,27390,-130,-0.47,27470,-50,-0.18,26150,28800,1400-6-9,2021-08-31
428,خفنر,فنرسازي‌خاور,838,8784958,62704308030,7490,7120,7120,-370,-4.94,7140,-350,-4.67,7120,7400,1400-6-9,2021-08-31
429,افرا,افرانت,823,2289614,59543466292,27170,25812,25812,-1358,-5,26006,-1164,-4.28,25812,26841,1400-6-9,2021-08-31
430,شدوص,دوده‌ صنعتي‌ پارس‌,822,4038288,91353070340,23710,22530,22530,-1180,-4.98,22620,-1090,-4.6,22530,23500,1400-6-9,2021-08-31
431,شجم,صنايع پتروشيمي تخت جمشيد,798,17391503,241482119192,14307,13878,13878,-429,-3,13885,-422,-2.95,13878,14044,1400-6-9,2021-08-31
432,فاهواز,نورد و لوله اهواز,797,7086383,50958180153,7263,7191,7191,-72,-0.99,7191,-72,-0.99,7191,7191,1400-6-9,2021-08-31
433,زپارس,ملي كشت و صنعت و دامپروري پارس,794,644525,83348130680,124740,124730,130000,5260,4.22,129320,4580,3.67,119080,130970,1400-6-9,2021-08-31
434,پخش,پخش البرز,777,2696610,70167845396,26245,24933,26360,115,0.44,26021,-224,-0.85,24933,27187,1400-6-9,2021-08-31
435,كطبس,ذغال‌سنگ‌ نگين‌ ط‌بس‌,775,1126760,70791571750,64330,61200,63300,-1030,-1.6,62830,-1500,-2.33,61120,66000,1400-6-9,2021-08-31
436,كگاز,شيشه‌ و گاز,774,3490503,72131204580,21600,20520,20750,-850,-3.94,20660,-940,-4.35,20520,21590,1400-6-9,2021-08-31
437,وكار,بانك‌ كارآفرين‌,769,66011181,209004802115,3306,3160,3141,-165,-4.99,3166,-140,-4.23,3141,3289,1400-6-9,2021-08-31
438,افران,صندوق س افرا نماد پايدار-ثابت,769,15847758,224202164999,14126,14145,14145,19,0.13,14147,21,0.15,14144,14149,1400-6-9,2021-08-31
439,وسبحان,سرمايه گذاري سبحان,767,13782404,44093911471,3285,3200,3170,-115,-3.5,3199,-86,-2.62,3121,3290,1400-6-9,2021-08-31
440,درازك,دارويي‌ رازك‌,763,1725095,73548257360,43560,41390,42640,-920,-2.11,42630,-930,-2.13,41390,44570,1400-6-9,2021-08-31
441,فكمند,گسترش قطعه سازي كمند,760,3188242,100406368645,30904,29359,32449,1545,5,31493,589,1.91,29359,32449,1400-6-9,2021-08-31
442,غشصفا,شيرپاستوريزه‌پگاه‌اصفهان‌,754,2427666,78530005710,32500,30890,33000,500,1.54,32350,-150,-0.46,30880,34110,1400-6-9,2021-08-31
443,خلنت,لنت‌ ترمزايران‌,752,633323,47216925240,71710,73300,75290,3580,4.99,74550,2840,3.96,72820,75290,1400-6-9,2021-08-31
444,فردا,صندوق س آواي فرداي زاگرس-ثابت,751,38037463,431114006897,11328,11334,11333,5,0.04,11334,6,0.05,11333,11336,1400-6-9,2021-08-31
445,شرانل,نفت ايرانول,749,614727,30836801397,50527,50250,50020,-507,-1,50248,-279,-0.55,48500,52000,1400-6-9,2021-08-31
446,وآرين,شركت توسعه اقتصادي آرين,745,13490351,41789867195,3188,3093,3093,-95,-2.98,3098,-90,-2.82,3093,3159,1400-6-9,2021-08-31
447,قچار,فراوردههاي غذايي وقند چهارمحال,744,2849805,45876980504,16380,16000,16139,-241,-1.47,16098,-282,-1.72,15616,16690,1400-6-9,2021-08-31
448,شپاكسا,پاكسان‌,741,3149452,69733958850,22940,21800,22380,-560,-2.44,22140,-800,-3.49,21800,22930,1400-6-9,2021-08-31
449,خريخت,صنايع‌ريخته‌گري‌ايران‌,740,10023423,33572135475,3352,3250,3360,8,0.24,3349,-3,-0.09,3185,3471,1400-6-9,2021-08-31
450,لوتوس,تامين سرمايه لوتوس پارسيان,739,7446865,71835639590,9440,9100,9830,390,4.13,9650,210,2.22,9100,9910,1400-6-9,2021-08-31
451,زقيام,كشت و دام قيام اصفهان,738,1916187,40753062520,22096,20992,21340,-756,-3.42,21268,-828,-3.75,20992,22095,1400-6-9,2021-08-31
452,وسهمدا,شركت س استان همدان,732,34798697,21702448315,643,620,622,-21,-3.27,628,-15,-2.33,611,649,1400-6-9,2021-08-31
453,دعبيد,لابراتوارداروسازي‌  دكترعبيدي‌,728,1374867,36141550500,27380,26020,26050,-1330,-4.86,26550,-830,-3.03,26020,27360,1400-6-9,2021-08-31
454,پرداخت,به پرداخت ملت,725,2186079,43861586230,20960,19920,20280,-680,-3.24,20060,-900,-4.29,19920,20850,1400-6-9,2021-08-31
455,دابور,داروسازي‌ ابوريحان‌,723,2340016,63805559540,26520,25910,27300,780,2.94,27270,750,2.83,25200,27840,1400-6-9,2021-08-31
456,ولراز,ليزينگ رازي,721,1594081,44795520620,29487,28013,28013,-1474,-5,28101,-1386,-4.7,28013,28794,1400-6-9,2021-08-31
457,كهرام,توليدي گرانيت بهسرام,720,872510,80609053339,112977,91200,90180,-22797,-20.18,92388,-20589,-18.22,88464,93936,1400-6-9,2021-08-31
458,سيدكو,سرمايه گذاري توسعه صنايع سيمان,713,8756375,66292565880,7890,7510,7750,-140,-1.77,7570,-320,-4.06,7500,8030,1400-6-9,2021-08-31
459,خچرخش,چرخشگر,713,3485098,39551062080,11820,11240,11230,-590,-4.99,11350,-470,-3.98,11230,11810,1400-6-9,2021-08-31
460,شپاس,نفت پاسارگاد,710,2811447,60119958309,22081,21000,21650,-431,-1.95,21384,-697,-3.16,20977,22000,1400-6-9,2021-08-31
461,ساربيل,سيمان آرتا اردبيل,707,1444365,60028982340,39610,41000,41590,1980,5,41560,1950,4.92,41000,41590,1400-6-9,2021-08-31
462,هقرن106,اختيارف ت قرن-52460-01/06/08,698,69800000,342020000000,1,4900,4900,4899,489900,4900,4899,489900,4900,4900,1400-6-9,2021-08-31
463,دكوثر,داروسازي‌ كوثر,688,8802116,44450323630,5250,4990,4990,-260,-4.95,5050,-200,-3.81,4990,5240,1400-6-9,2021-08-31
464,بخاور,بيمه زندگي خاورميانه,687,7784233,50270971883,6190,6430,6499,309,4.99,6458,268,4.33,6202,6499,1400-6-9,2021-08-31
465,لبوتان,گروه‌صنعتي‌بوتان‌,676,708842,43397906120,62860,59720,61620,-1240,-1.97,61220,-1640,-2.61,59720,64840,1400-6-9,2021-08-31
466,وبشهر,توسعه‌ صنايع‌ بهشهر(هلدينگ,675,5659666,74792232010,13870,13180,13180,-690,-4.97,13210,-660,-4.76,13180,13650,1400-6-9,2021-08-31
467,كمنگنز,معادن‌منگنزايران‌,675,512570,41366220540,83970,79790,80500,-3470,-4.13,80700,-3270,-3.89,79780,83900,1400-6-9,2021-08-31
468,فبيرا,بسته‌ بندي‌ ايران‌,673,10104545,23140600478,2319,2310,2296,-23,-0.99,2290,-29,-1.25,2250,2380,1400-6-9,2021-08-31
469,سبجنو,سيمان‌ بجنورد,667,763874,37520051630,47670,45290,48900,1230,2.58,49120,1450,3.04,45290,50050,1400-6-9,2021-08-31
470,گكيش,توريستي ورفاهي آبادگران كيش,664,854319,38862073912,46716,47265,45315,-1401,-3,45489,-1227,-2.63,45315,47265,1400-6-9,2021-08-31
471,شكلر,نيروكلر,663,1133695,45261527710,41790,41450,39710,-2080,-4.98,39920,-1870,-4.47,39710,41450,1400-6-9,2021-08-31
472,وتوسم,سرمايه‌گذاري‌توسعه‌ملي‌,661,4012161,33442687130,8640,8240,8240,-400,-4.63,8340,-300,-3.47,8210,8650,1400-6-9,2021-08-31
473,اعتلا,شركت سرمايه گذاري اعتلاء البرز,659,4650316,34901123329,7809,7429,7419,-390,-4.99,7505,-304,-3.89,7419,7745,1400-6-9,2021-08-31
474,تكنو,تكنوتار,657,2224128,35586867740,15420,16000,16190,770,4.99,16000,580,3.76,15450,16190,1400-6-9,2021-08-31
475,ساراب,سيمان‌ داراب‌,656,2782433,51891126980,18790,18100,18610,-180,-0.96,18650,-140,-0.75,18000,19190,1400-6-9,2021-08-31
476,غپونه,نوش پونه مشهد,655,2885670,47413178358,16555,16059,16799,244,1.47,16431,-124,-0.75,16059,16799,1400-6-9,2021-08-31
477,دشيمي,شيمي‌ داروئي‌ داروپخش‌,651,2083150,57588955080,28870,27430,27430,-1440,-4.99,27650,-1220,-4.23,27430,28400,1400-6-9,2021-08-31
478,هجرت,پخش هجرت,647,1121864,36381157653,33211,31610,32000,-1211,-3.65,32429,-782,-2.35,31551,33789,1400-6-9,2021-08-31
479,واتي,سرمايه‌ گذاري‌ آتيه‌ دماوند,643,5083390,63875506820,13000,12380,12410,-590,-4.54,12570,-430,-3.31,12350,13180,1400-6-9,2021-08-31
480,شگل,گلتاش‌,642,3856847,32982264590,8950,8510,8510,-440,-4.92,8550,-400,-4.47,8510,8870,1400-6-9,2021-08-31
481,غشهد,شهد ايران ‌,640,4760485,24178107260,5320,5060,5140,-180,-3.38,5080,-240,-4.51,5060,5240,1400-6-9,2021-08-31
482,كارين,صندوق س نگين سامان-ثابت,639,14176544,142493069818,10047,10052,10053,6,0.06,10051,4,0.04,10050,10053,1400-6-9,2021-08-31
483,پرديس,سرمايه گذاري پرديس,637,6838994,40266499230,6160,5880,5890,-270,-4.38,5890,-270,-4.38,5860,6140,1400-6-9,2021-08-31
484,غبشهر,صنعتي‌ بهشهر,636,2538091,66982429050,27450,26200,26080,-1370,-4.99,26390,-1060,-3.86,26080,27400,1400-6-9,2021-08-31
485,دفارا,داروسازي‌ فارابي‌,635,1141807,22730000810,20760,19730,19730,-1030,-4.96,19910,-850,-4.09,19730,20680,1400-6-9,2021-08-31
486,سمايه,بانك سرمايه,631,5948943,26696051315,4606,4470,4468,-138,-3,4488,-118,-2.56,4468,4610,1400-6-9,2021-08-31
487,ما,بيمه  ما,628,3869079,30423338630,8090,7750,7770,-320,-3.96,7860,-230,-2.84,7690,8280,1400-6-9,2021-08-31
488,ميدكوح,ح.توسعه م وص.معدني خاورميانه,626,1092495,44395682170,39560,38210,41500,1940,4.9,40640,1080,2.73,38210,41610,1400-6-9,2021-08-31
489,وسگيلا,شركت س استان گيلان,621,40945906,26492015156,678,645,650,-28,-4.13,657,-21,-3.1,645,664,1400-6-9,2021-08-31
490,ثزاگرس,سرمايه گذاري توسعه عمران زاگرس,614,607144,29586513176,50997,48530,48448,-2549,-5,48731,-2266,-4.44,48448,50280,1400-6-9,2021-08-31
491,جوين,كشت و صنعت جوين,612,7314023,28485344706,3979,3890,3895,-84,-2.11,3895,-84,-2.11,3860,4000,1400-6-9,2021-08-31
492,تسه0003,امتيازتسهيلات مسكن خرداد1400,612,18616,10968671651,590601,583335,590000,-601,-0.1,589207,-1394,-0.24,570000,600000,1400-6-9,2021-08-31
493,سقاين,سيمان‌ قائن‌,611,512999,33862425190,67260,63900,67960,700,1.04,66010,-1250,-1.86,63900,69640,1400-6-9,2021-08-31
494,وساشرقي,شركت س استان آذربايجان شرقي,611,25040207,17193254835,721,685,685,-36,-4.99,710,-11,-1.53,685,704,1400-6-9,2021-08-31
495,بساما,بيمه سامان,610,909634,21680411251,23865,22674,24159,294,1.23,23834,-31,-0.13,22674,24530,1400-6-9,2021-08-31
496,اوان,مبين وان كيش,604,887843,30034492172,34535,33199,34201,-334,-0.97,33829,-706,-2.04,32830,35890,1400-6-9,2021-08-31
497,جم,پتروشيمي جم,603,775446,35354925790,46440,44140,46100,-340,-0.73,46120,-320,-0.69,44140,47730,1400-6-9,2021-08-31
498,آكورد,صندوق س. آرمان آتي كوثر-د,595,10648393,360643487129,33848,33867,33873,25,0.07,33868,20,0.06,33867,33873,1400-6-9,2021-08-31
499,سكرد,سيمان كردستان,594,4810100,33914057700,7220,6860,6950,-270,-3.74,7050,-170,-2.35,6860,7290,1400-6-9,2021-08-31
500,دسانكوح,ح . داروسازي سبحان انكولوژي,589,5513547,58866254570,10223,10731,10734,511,5,10677,454,4.44,9713,10734,1400-6-9,2021-08-31
501,شوينده,مديريت صنعت شوينده ت.ص.بهشهر,589,2036058,50984557970,25990,24810,25460,-530,-2.04,25040,-950,-3.66,24700,25950,1400-6-9,2021-08-31
502,حپارسا,توسعه حمل و نقل ريلي پارسيان,588,1272430,51811347140,39692,38760,41000,1308,3.3,40718,1026,2.58,38501,41676,1400-6-9,2021-08-31
503,چكاوه,صنايع‌كاغذسازي‌كاوه‌,588,2325539,30733512020,13450,12850,13110,-340,-2.53,13220,-230,-1.71,12790,13720,1400-6-9,2021-08-31
504,آبين,كشت و صنعت آبشيرين,584,6775966,17484204536,2622,2570,2570,-52,-1.98,2580,-42,-1.6,2570,2628,1400-6-9,2021-08-31
505,شساخت,مهندسي و ساختمان صنايع نفت,582,2297111,108770940361,47251,47000,47251,0,0,47351,100,0.21,45834,48650,1400-6-9,2021-08-31
506,وبهمن,سرمايه‌گذاري‌بهمن‌,580,2063159,34400048230,16840,16000,17360,520,3.09,16670,-170,-1.01,16000,17480,1400-6-9,2021-08-31
507,وتوشه,سرمايه‌ گذاري‌ پارس‌ توشه‌,577,10013657,72779853710,7580,7210,7360,-220,-2.9,7270,-310,-4.09,7210,7520,1400-6-9,2021-08-31
508,زفكا,كشت و دامداري فكا,571,2109098,24359896939,11948,11351,11400,-548,-4.59,11550,-398,-3.33,11351,12180,1400-6-9,2021-08-31
509,پكرمان,گروه‌ صنعتي‌ بارز,569,1376683,37574235470,28290,26880,27480,-810,-2.86,27290,-1000,-3.53,26880,28250,1400-6-9,2021-08-31
510,دروز,داروسازي‌ روزدارو,566,1857746,60470353100,31270,29710,32830,1560,4.99,32550,1280,4.09,29710,32830,1400-6-9,2021-08-31
511,كشرق,صنعتي و معدني شمال شرق شاهرود,556,540450,36305942481,69865,66372,66372,-3493,-5,67177,-2688,-3.85,66372,70000,1400-6-9,2021-08-31
512,جهرم,پتروشيمي جهرم,555,8911590,13507688824,1560,1514,1514,-46,-2.95,1516,-44,-2.82,1514,1553,1400-6-9,2021-08-31
513,ثامان,سامان‌ گستراصفهان‌,552,2607901,35735895360,14270,13600,13560,-710,-4.98,13700,-570,-3.99,13560,14210,1400-6-9,2021-08-31
514,وثوق,سرمايه گذاري وثوق امين,547,1415179,23740313237,17269,16751,16751,-518,-3,16775,-494,-2.86,16751,17200,1400-6-9,2021-08-31
515,ولانا,شركت ليزينگ آريا دانا,536,970437,23380990180,24818,24074,24074,-744,-3,24093,-725,-2.92,24074,24743,1400-6-9,2021-08-31
516,دفاراح,ح . داروسازي‌ فارابي‌,527,1572323,23883506000,15430,15020,15300,-130,-0.84,15190,-240,-1.56,14500,15900,1400-6-9,2021-08-31
517,فن آوا,گروه فن آوا,525,3322971,79841149126,23454,23800,24157,703,3,24027,573,2.44,23050,24157,1400-6-9,2021-08-31
518,وخاور,بانك خاورميانه,518,3335648,21627261490,6710,6380,6510,-200,-2.98,6630,-80,-1.19,6380,6700,1400-6-9,2021-08-31
519,قمرو,قند مرودشت‌,513,1374587,39783214300,29760,28300,30000,240,0.81,28940,-820,-2.76,28280,30300,1400-6-9,2021-08-31
520,ولبهمن,شركت بهمن ليزينگ,512,3723469,29052052649,7894,7620,7800,-94,-1.19,7802,-92,-1.17,7530,8145,1400-6-9,2021-08-31
521,حسينا,توسعه خدمات دريايي وبندري سينا,509,1165900,68517203147,60887,57913,58000,-2887,-4.74,58768,-2119,-3.48,57843,60400,1400-6-9,2021-08-31
522,ركيش,كارت اعتباري ايران كيش,507,4249864,32164863560,7690,7510,7460,-230,-2.99,7570,-120,-1.56,7360,7690,1400-6-9,2021-08-31
523,شفا,سرمايه گذاري شفادارو,506,1636836,73894471530,47200,44840,44850,-2350,-4.98,45140,-2060,-4.36,44840,47930,1400-6-9,2021-08-31
524,سجام,مجتمع سيمان غرب آسيا,497,8855602,42997586993,4958,4810,4810,-148,-2.99,4855,-103,-2.08,4810,5100,1400-6-9,2021-08-31
525,بميلا,توسعه بازرگاني آهن وفولادميلاد,493,2388526,31903754002,13649,13240,13240,-409,-3,13357,-292,-2.14,13240,13790,1400-6-9,2021-08-31
526,خراسان,پتروشيمي خراسان,493,340594,28010525240,84250,80110,83970,-280,-0.33,83290,-960,-1.14,80110,87520,1400-6-9,2021-08-31
527,گپارس,امور رفاهي كارگزاران پارس,493,174588,23401488586,137733,141000,133602,-4131,-3,134038,-3695,-2.68,133602,141000,1400-6-9,2021-08-31
528,سپ,پرداخت الكترونيك سامان كيش,493,1272341,37558073780,29310,27910,28600,-710,-2.42,29440,130,0.44,27860,30320,1400-6-9,2021-08-31
529,وگردش,بانك گردشگري,492,2040981,27280884972,13587,13180,13650,63,0.46,13512,-75,-0.55,13180,13650,1400-6-9,2021-08-31
530,كرازي,كارخانجات‌توليدي‌شيشه‌رازي‌,488,39124257,62833556742,1530,1606,1606,76,4.97,1606,76,4.97,1606,1606,1400-6-9,2021-08-31
531,فلات,گروه صنايع معادن فلات ايرانيان,480,2265602,29456278882,13337,13040,12937,-400,-3,13002,-335,-2.51,12937,13330,1400-6-9,2021-08-31
532,خاور,ايران خودرو ديزل,479,8165642,69669257544,8284,8532,8532,248,2.99,8532,248,2.99,8532,8532,1400-6-9,2021-08-31
533,گوهران,سرمايه گذاري توسعه گوهران اميد,475,3962380,22230002819,5837,5546,5599,-238,-4.08,5610,-227,-3.89,5546,5950,1400-6-9,2021-08-31
534,سرود,سيمان‌شاهرود,469,1750102,46625727990,27040,25720,26000,-1040,-3.85,26640,-400,-1.48,25720,28000,1400-6-9,2021-08-31
535,ضسپا8044,اختيارخ خساپا-2500-1400/08/26,466,22850,3525670000,148,150,137,-11,-7.43,154,6,4.05,127,200,1400-6-9,2021-08-31
536,سفانو,سيمان فارس نو,464,1384570,40620608890,30630,29100,29100,-1530,-5,29340,-1290,-4.21,29100,30270,1400-6-9,2021-08-31
537,تپولا,مهندسي مرآت پولاد,462,795493,18750474787,24219,23493,23493,-726,-3,23571,-648,-2.68,23493,24190,1400-6-9,2021-08-31
538,دفرا,فرآورده‌هاي‌ تزريقي‌ ايران‌,454,985632,32332232750,31670,31000,33100,1430,4.52,32800,1130,3.57,30130,33250,1400-6-9,2021-08-31
539,كفرا,فراورده‌ هاي‌ نسوزايران‌,454,1405436,37127146550,27520,26150,26150,-1370,-4.98,26420,-1100,-4,26150,27360,1400-6-9,2021-08-31
540,پلوله,گازلوله‌,453,791932,21443043838,27598,27650,26771,-827,-3,27077,-521,-1.89,26771,28425,1400-6-9,2021-08-31
541,وآتوس,س.آرين توسكا قيمت اسمي 350ريال,453,825535,26780838214,33157,33990,32163,-994,-3,32441,-716,-2.16,32163,34150,1400-6-9,2021-08-31
542,كي بي سي,شركت كي بي سي,452,1495794,39903845425,27484,26110,26260,-1224,-4.45,26677,-807,-2.94,26110,27316,1400-6-9,2021-08-31
543,دشيري,شيرين دارو,448,225560,43944846067,193380,189200,189005,-4375,-2.26,194826,1446,0.75,187579,199181,1400-6-9,2021-08-31
544,دسينا,داروسازي‌ سينا,441,1197312,27021103740,23210,22120,22260,-950,-4.09,22570,-640,-2.76,22050,23590,1400-6-9,2021-08-31
545,وتوس,توسعه‌شهري‌توس‌گستر,439,1946374,29562992340,14470,15190,15190,720,4.98,15190,720,4.98,14800,15190,1400-6-9,2021-08-31
546,سهگمت,سيمان‌هگمتان‌,438,1521852,41221310000,27830,26440,27110,-720,-2.59,27090,-740,-2.66,26440,27670,1400-6-9,2021-08-31
547,آساس,صندوق س.آسمان آرماني سهام-س,434,184849,35024536708,192641,192641,188990,-3651,-1.9,189476,-3165,-1.64,185300,193990,1400-6-9,2021-08-31
548,ومشان,س. فني و مهندسي مشانير,433,351552,22723921674,66578,64581,64581,-1997,-3,64639,-1939,-2.91,64581,65580,1400-6-9,2021-08-31
549,فسا,پتروشيمي فسا,433,6072759,9189678545,1529,1490,1541,12,0.78,1515,-14,-0.92,1484,1570,1400-6-9,2021-08-31
550,مداران,داده‌پردازي‌ايران‌,432,1172660,24353343920,21650,20620,20790,-860,-3.97,20770,-880,-4.06,20570,22000,1400-6-9,2021-08-31
551,زگلدشت,كشت و دام گلدشت نمونه اصفهان,425,2030695,23543758447,12140,11534,11533,-607,-5,11594,-546,-4.5,11533,12000,1400-6-9,2021-08-31
552,سكه0012پ01,تمام سكه طرح جديد0012رفاه,424,134900,161618160400,1175803,1185000,1200000,24197,2.06,1198059,22256,1.89,1185000,1209500,1400-6-9,2021-08-31
553,معيار ,سرمايه گذاري معيار صنعت پارس,424,371202,17555588202,47957,46519,46519,-1438,-3,47294,-663,-1.38,46519,49000,1400-6-9,2021-08-31
554,گوهر,صندوق سكه طلاي كيان,416,369453,22010867924,58609,59000,59948,1339,2.28,59577,968,1.65,59000,59948,1400-6-9,2021-08-31
555,قزوين,كارخانجات‌ قند قزوين‌,414,989286,36261875740,35680,34220,35860,180,0.5,36650,970,2.72,34000,37460,1400-6-9,2021-08-31
556,وحكمت,بيمه حكمت صبا,410,4802731,19173482605,4097,3975,3975,-122,-2.98,3992,-105,-2.56,3975,4150,1400-6-9,2021-08-31
557,سهرمز,سيمان‌هرمزگان‌,410,1317929,23196530400,18370,17700,17500,-870,-4.74,17600,-770,-4.19,17460,18680,1400-6-9,2021-08-31
558,خپويش,سازه‌ پويش‌,408,423781,26541332230,59970,60900,62960,2990,4.99,62630,2660,4.44,60900,62960,1400-6-9,2021-08-31
559,دالبر,البرزدارو,408,1105145,15834590410,14810,14070,14500,-310,-2.09,14380,-430,-2.9,14070,14900,1400-6-9,2021-08-31
560,شكبير,پتروشيمي اميركبير,408,708647,68430201902,97341,94423,98200,859,0.88,96768,-573,-0.59,94421,100261,1400-6-9,2021-08-31
561,فراز,صندوق س.سهام فراز داريك-س,405,4788926,66843950781,13930,13939,13960,30,0.22,13958,28,0.2,13933,14010,1400-6-9,2021-08-31
562,كاسپين,داروسازي كاسپين تامين,405,986673,22067910722,22893,21760,22090,-803,-3.51,22366,-527,-2.3,21749,23990,1400-6-9,2021-08-31
563,تسه0002,امتيازتسهيلاتمسكن ارديبهشت1400,403,11998,7078908403,591240,585000,590000,-1240,-0.21,590007,-1233,-0.21,582002,610000,1400-6-9,2021-08-31
564,عيار,صندوق سكه طلاي مفيد,398,503056,15260823382,29685,30849,30401,716,2.41,30336,651,2.19,29781,30849,1400-6-9,2021-08-31
565,واحصا,احياء صنايع خراسان,398,316615,13996062297,44971,43631,43644,-1327,-2.95,44205,-766,-1.7,43622,45380,1400-6-9,2021-08-31
566,اتكام,بيمه اتكايي امين,396,3720540,18823285980,5300,5120,5040,-260,-4.91,5060,-240,-4.53,5040,5240,1400-6-9,2021-08-31
567,بفجر,فجر انرژي خليج فارس,392,986560,28028737570,28970,27800,28680,-290,-1,28760,-210,-0.72,27600,29100,1400-6-9,2021-08-31
568,كمينا,شيشه سازي مينا,388,2576210,29991916146,11548,11700,11894,346,3,11642,94,0.81,11202,11894,1400-6-9,2021-08-31
569,تكنار,مجتمع معادن مس تكنار,386,159790,14885656338,93192,90397,93860,668,0.72,93158,-34,-0.04,90397,95979,1400-6-9,2021-08-31
570,تيپيكوح,ح . سرمايه گذاري دارويي تامين,385,791428,15135930050,18950,18700,18730,-220,-1.16,19120,170,0.9,18700,19800,1400-6-9,2021-08-31
571,فاما,صنعتي‌ آما,383,860590,15141780090,18070,17170,17400,-670,-3.71,17590,-480,-2.66,17170,18380,1400-6-9,2021-08-31
572,خاتم,صندوق س خاتم ايساتيس پويا-ثابت,381,4584336,54712181104,11926,11936,11935,9,0.08,11935,9,0.08,11931,11936,1400-6-9,2021-08-31
573,دسبحا,گروه دارويي سبحان,380,1453205,25220645100,17780,16950,17580,-200,-1.12,17360,-420,-2.36,16900,18310,1400-6-9,2021-08-31
574,كپرور,فرآوري زغال سنگ پروده طبس,374,642645,23376331029,36461,35500,36800,339,0.93,36375,-86,-0.24,34720,37649,1400-6-9,2021-08-31
575,سشمال,سيمان‌ شمال‌,373,2110188,21619000130,10660,10130,10260,-400,-3.75,10250,-410,-3.85,10130,10770,1400-6-9,2021-08-31
576,تسه0001,امتيازتسهيلات مسكن فروردين1400,367,12586,7423924970,592514,585555,580000,-12514,-2.11,589856,-2658,-0.45,580000,610000,1400-6-9,2021-08-31
577,وسين,بيمه سينا,365,8181009,29211703477,3656,3547,3547,-109,-2.98,3571,-85,-2.32,3547,3755,1400-6-9,2021-08-31
578,وهنر,گروه توسعه هنر ايران,361,1772900,11495483600,6684,6484,6484,-200,-2.99,6484,-200,-2.99,6484,6484,1400-6-9,2021-08-31
579,واعتبار,سرمايه گذاري اعتبار ايران,359,1788046,15208469370,8890,8450,8460,-430,-4.84,8510,-380,-4.27,8450,8860,1400-6-9,2021-08-31
580,دپارس,پارس‌ دارو,346,387337,14864060430,38990,37220,38150,-840,-2.15,38380,-610,-1.56,37200,40270,1400-6-9,2021-08-31
581,رتكو,كنترل‌خوردگي‌تكين‌كو,345,732615,8599572990,11790,11260,11570,-220,-1.87,11760,-30,-0.25,11260,12110,1400-6-9,2021-08-31
582,وآفري,بيمه كارآفرين,343,7687940,24459560456,3098,3098,3190,92,2.97,3182,84,2.71,3091,3190,1400-6-9,2021-08-31
583,شفارا,پتروشيمي فارابي,342,5025667,28071004053,5749,5580,5577,-172,-2.99,5586,-163,-2.84,5577,5666,1400-6-9,2021-08-31
584,كميناح,ح . شيشه سازي مينا,341,3377205,31358292371,9077,9010,9349,272,3,9285,208,2.29,8805,9349,1400-6-9,2021-08-31
585,شسپا,نفت سپاهان,335,23159667,72767673714,2993,3142,3142,149,4.98,3142,149,4.98,3142,3142,1400-6-9,2021-08-31
586,وسرمد,بيمه  سرمد,334,3273198,15998785172,5018,4868,4868,-150,-2.99,4888,-130,-2.59,4868,4999,1400-6-9,2021-08-31
587,مارون,پتروشيمي مارون,332,78206,14331914836,189554,183320,183900,-5654,-2.98,188610,-944,-0.5,181000,187970,1400-6-9,2021-08-31
588,شاملا,معدني‌ املاح‌  ايران‌,323,340445,14062020610,42680,40550,40590,-2090,-4.9,41350,-1330,-3.12,40550,43000,1400-6-9,2021-08-31
589,فردا2,صندوق س آواي فرداي زاگرس-ثابت,320,32000000,32000000,11328,1,1,-11327,-99.99,1,-11327,-99.99,1,1,1400-6-9,2021-08-31
590,سباقر,سيمان باقران,317,1631122,28241912433,17813,17279,17279,-534,-3,17314,-499,-2.8,17279,17500,1400-6-9,2021-08-31
591,وجامي,سرمايه گذاري جامي,315,1579955,18965040596,12362,11992,11992,-370,-2.99,12004,-358,-2.9,11992,12190,1400-6-9,2021-08-31
592,تسه9912,امتياز تسهيلات مسكن اسفند99,314,11686,6886805585,591482,590009,583000,-8482,-1.43,589321,-2161,-0.37,578222,599850,1400-6-9,2021-08-31
593,كقزوي,شيشه‌ قزوين‌,312,2169594,18187391886,8601,8343,8410,-191,-2.22,8383,-218,-2.53,8343,8601,1400-6-9,2021-08-31
594,دابورح,ح . داروسازي‌ ابوريحان‌,311,885447,20741841420,23330,23110,23760,430,1.84,23430,100,0.43,22500,24750,1400-6-9,2021-08-31
595,ركيشح,ح. كارت اعتباري ايران كيش,307,1854664,8751584750,4890,4530,4620,-270,-5.52,4720,-170,-3.48,4530,4990,1400-6-9,2021-08-31
596,خديزل,بهمن  ديزل,306,461187,23857226647,51610,51000,50800,-810,-1.57,51730,120,0.23,49600,53158,1400-6-9,2021-08-31
597,وارس,سرمايه گذاري ارس صبا,303,1155164,15175673112,13498,13094,13095,-403,-2.99,13137,-361,-2.67,13094,13399,1400-6-9,2021-08-31
598,زرين,صندوق س. سهام زرين كوروش-س,301,1357998,18035052343,13478,13310,13550,72,0.53,13281,-197,-1.46,12812,13780,1400-6-9,2021-08-31
599,سكرما,سيمان‌ كرمان‌,300,1582623,27202766210,17560,16830,17470,-90,-0.51,17190,-370,-2.11,16830,17510,1400-6-9,2021-08-31
600,كخاك,صنايع‌خاك‌چيني‌ايران‌,297,378976,13645266760,37410,35590,36140,-1270,-3.39,36520,-890,-2.38,35540,37650,1400-6-9,2021-08-31
601,حخزر,كشتيراني درياي خزر,295,947838,22535269337,24035,23200,23512,-523,-2.18,23775,-260,-1.08,22870,24780,1400-6-9,2021-08-31
602,وبازار,صندوق س شاخصي بازارآشنا,293,1418493,18017300790,12890,12410,12770,-120,-0.93,12700,-190,-1.47,12010,13290,1400-6-9,2021-08-31
603,تشتاد,صنايع توليدي اشتاد ايران‌,290,1594130,11143056879,7167,7010,6952,-215,-3,6990,-177,-2.47,6952,7216,1400-6-9,2021-08-31
604,ولتجار,واسپاري تجارت وسرمايه ايرانيان,281,2790262,9553303798,3601,3421,3421,-180,-5,3424,-177,-4.92,3421,3527,1400-6-9,2021-08-31
605,تصميم,صندوق س با درآمد ثابت تصميم,279,1734879,29953402798,17256,17267,17268,12,0.07,17265,9,0.05,17261,17278,1400-6-9,2021-08-31
606,زر,صندوق س.پشتوانه سكه طلاي زر,275,229037,11890623285,50882,50711,51958,1076,2.11,51916,1034,2.03,50711,52390,1400-6-9,2021-08-31
607,اوصتا,صندوق انديشه ورزان صباتامين -د,273,12906965,254255465531,19691,19700,19703,12,0.06,19699,8,0.04,19699,19703,1400-6-9,2021-08-31
608,ساروج,بين المللي ساروج بوشهر,269,436386,8672944572,19551,18970,19676,125,0.64,19814,263,1.35,18965,20137,1400-6-9,2021-08-31
609,لخانه,لوازم‌ خانگي‌ پارس‌,266,347970,7678167963,22724,22043,22043,-681,-3,22205,-519,-2.28,22043,22589,1400-6-9,2021-08-31
610,وايرا,سرمايه گذاري صنايع ايران,261,1955671,14858414703,7800,7566,7566,-234,-3,7598,-202,-2.59,7566,7941,1400-6-9,2021-08-31
611,آريان,سرمايه گذاري پارس آريان,259,6394563,105977092599,17085,16573,16573,-512,-3,16573,-512,-3,16573,16573,1400-6-9,2021-08-31
612,تسه9908,امتياز تسهيلات مسكن آبان99,259,4830,2823558602,587864,586000,571000,-16864,-2.87,584588,-3276,-0.56,571000,610000,1400-6-9,2021-08-31
613,آساميد,صندوق س.مشترك آسمان اميد -د,257,4971529,63975293509,12860,12864,12871,11,0.09,12868,8,0.06,12864,12871,1400-6-9,2021-08-31
614,افق ملت,صندوق س در سهام افق ملت,252,137082,21745088700,159360,157000,157500,-1860,-1.17,158630,-730,-0.46,154010,161990,1400-6-9,2021-08-31
615,قپيرا,فرآورده‌هاي‌غدايي‌وقندپيرانشهر,251,1273006,9905923640,7810,7790,7760,-50,-0.64,7790,-20,-0.26,7510,8080,1400-6-9,2021-08-31
616,وزمين,بانك ايران زمين,246,1543534,19403606813,12369,11890,12863,494,3.99,12564,195,1.58,11890,12863,1400-6-9,2021-08-31
617,فافزا,فولاد افزا سپاهان,244,256083,11488111403,45937,44642,44559,-1378,-3,44861,-1076,-2.34,44559,46669,1400-6-9,2021-08-31
618,كحافظ,كاشي‌ وسراميك‌ حافظ‌,243,15405093,60927142815,3767,3955,3955,188,4.99,3955,188,4.99,3955,3955,1400-6-9,2021-08-31
619,حرهشا,رهشاد سپاهان (سهامي عام,241,182817,14663240117,81528,79083,79083,-2445,-3,80207,-1321,-1.62,79083,83540,1400-6-9,2021-08-31
620,گوهرانح,ح . س. توسعه گوهران اميد,238,1991361,8432601074,4256,4046,4120,-136,-3.2,4235,-21,-0.49,4044,4390,1400-6-9,2021-08-31
621,وپخشح,ح . داروپخش‌ (هلدينگ‌,237,361189,11400465090,30950,28500,30500,-450,-1.45,31560,610,1.97,28500,32930,1400-6-9,2021-08-31
622,خفولا,خدمات فني فولاد يزد,236,787486,24808628460,30602,31520,31520,918,3,31504,902,2.95,31000,31520,1400-6-9,2021-08-31
623,سپاس,صندوق س. پاداش سهامداري-ثابت,223,5730514,58097935682,10132,10139,10138,6,0.06,10138,6,0.06,10136,10140,1400-6-9,2021-08-31
624,تسه9911,امتياز تسهيلات مسكن بهمن99,221,3102,1835733465,589600,600000,583000,-6600,-1.12,591790,2190,0.37,566009,619000,1400-6-9,2021-08-31
625,سپر,صندوق س سپر سرمايه بيدار- ثابت,218,4583532,57964817782,12637,12644,12648,11,0.09,12646,9,0.07,12644,12648,1400-6-9,2021-08-31
626,سدشت,صنايع سيمان دشتستان,216,137657,7357128370,54930,56400,53970,-960,-1.75,54500,-430,-0.78,52190,56400,1400-6-9,2021-08-31
627,ضخود7074,اختيارخ خودرو-1800-1400/07/07,213,6780,3180590000,493,422,469,-24,-4.87,469,-24,-4.87,400,553,1400-6-9,2021-08-31
628,شپلي,پلي اكريل ايران,210,1729604,20364357496,12138,11774,11774,-364,-3,11774,-364,-3,11774,11774,1400-6-9,2021-08-31
629,آتيمس,صندوق س.آرمان آتيه درخشان مس-س,207,55348,11695432839,215044,210608,213350,-1694,-0.79,211307,-3737,-1.74,206810,216600,1400-6-9,2021-08-31
630,قيستو,شركت قند بيستون,205,1083816,18012696959,16454,16150,16782,328,1.99,16620,166,1.01,16125,16783,1400-6-9,2021-08-31
631,پارتا,مجتمع‌صنعتي‌آرتاويل‌تاير,203,585163,16349553439,28789,27926,27926,-863,-3,28225,-564,-1.96,27926,28097,1400-6-9,2021-08-31
632,كيان2,صندوق س. با درآمد ثابت كيان,200,20000000,20000000,30273,1,1,-30272,-100,1,-30272,-100,1,1,1400-6-9,2021-08-31
633,سنوين,سرمايه گذاري اقتصاد نوين,200,951299,7563914213,8149,7905,7905,-244,-2.99,7998,-151,-1.85,7905,8270,1400-6-9,2021-08-31
634,تسه9909,امتياز تسهيلات مسكن آذر99,192,3260,1903040432,589480,583855,594940,5460,0.93,583755,-5725,-0.97,565001,597000,1400-6-9,2021-08-31
635,اخزا910,اسنادخزانه-م10بودجه99-020807,188,520661,337117844955,646229,647002,647613,1384,0.21,647480,1251,0.19,644894,650000,1400-6-9,2021-08-31
636,اخزا901,اسنادخزانه-م1بودجه99-010621,183,229523,187667850936,816180,816180,820000,3820,0.47,817643,1463,0.18,813508,820500,1400-6-9,2021-08-31
637,ضسپا8043,اختيارخ خساپا-2000-1400/08/26,182,9265,3032296000,323,301,312,-11,-3.41,327,4,1.24,276,399,1400-6-9,2021-08-31
638,ضملت8043,اختيارخ وبملت-4434-1400/08/19,182,7342,2944737000,427,393,380,-47,-11.01,401,-26,-6.09,370,489,1400-6-9,2021-08-31
639,تسه9910,امتياز تسهيلات مسكن دي99,180,2306,1350540417,595573,591111,594998,-575,-0.1,585664,-9909,-1.66,572000,599999,1400-6-9,2021-08-31
640,ضملت8042,اختيارخ وبملت-3934-1400/08/19,178,4767,3025439000,640,510,650,10,1.56,635,-5,-0.78,510,720,1400-6-9,2021-08-31
641,الماس,صندوق س.امين تدبيرگران فردا-س,177,145933,19187053427,129766,128810,134999,5233,4.03,131479,1713,1.32,126010,136870,1400-6-9,2021-08-31
642,وامين,س. امين توان آفرين ساز,159,676890,8822464645,12891,13019,13069,178,1.38,12915,24,0.19,13019,13070,1400-6-9,2021-08-31
643,قنقش,قند نقش جهان,156,103668,6589390848,64828,63532,63532,-1296,-2,63562,-1266,-1.95,63532,64700,1400-6-9,2021-08-31
644,سكه0012پ04,تمام سكه طرح جديد0012صادرات,149,74900,89596016900,1168918,1182000,1197799,28881,2.47,1196208,27290,2.33,1182000,1205555,1400-6-9,2021-08-31
645,كيسون,شركت كيسون,147,658191,5826964923,9033,8853,8853,-180,-1.99,8974,-59,-0.65,8853,8853,1400-6-9,2021-08-31
646,فيروزا,صندوق بادرآمد ثابت فيروزه آسيا,143,2153291,53192505357,24703,24702,24704,1,0,24703,0,0,24700,24724,1400-6-9,2021-08-31
647,وسصفا,شركت س استان اصفهان,132,4008325,3174593400,833,792,792,-41,-4.92,831,-2,-0.24,792,792,1400-6-9,2021-08-31
648,كامياب,صندوق س. كامياب آشنا-د,126,1112609,11473829396,10310,10312,10313,3,0.03,10313,3,0.03,10204,10315,1400-6-9,2021-08-31
649,سحرخيز,صندوق س. گروه زعفران سحرخيز,126,694665,6916500358,10023,9375,10000,-23,-0.23,9957,-66,-0.66,9375,10018,1400-6-9,2021-08-31
650,سمتاز,سيمان ممتازان كرمان,125,475343,12139243134,26323,25534,25534,-789,-3,25538,-785,-2.98,25534,25973,1400-6-9,2021-08-31
651,تابا,تابان نيرو سپاهان,120,213445,6659057110,32162,31198,31198,-964,-3,31498,-664,-2.06,31198,31198,1400-6-9,2021-08-31
652,تسه9902,امتياز تسهيلات مسكن ارديبهشت99,120,2011,1172057302,587285,570200,587000,-285,-0.05,582823,-4462,-0.76,570200,590000,1400-6-9,2021-08-31
653,تسه9904,امتياز تسهيلات مسكن تير99,119,1261,743534427,589439,561111,589000,-439,-0.07,589639,200,0.03,561111,618910,1400-6-9,2021-08-31
654,ارمغان,ص سرمايه گذاري ارمغان ايرانيان,119,1467769,14872699264,10126,10135,10140,14,0.14,10133,7,0.07,10129,10143,1400-6-9,2021-08-31
655,اخزا902,اسنادخزانه-م2بودجه99-011019,119,208437,159922231505,766600,765002,770500,3900,0.51,767245,645,0.08,765002,770500,1400-6-9,2021-08-31
656,وپسا,س. پتروشيمي ساختمان  خليج فارس,117,2260863,4576917630,2065,2024,2024,-41,-1.99,2027,-38,-1.84,2024,2070,1400-6-9,2021-08-31
657,سكه0112پ03,تمام سكه طرح جديد0112سامان,114,33300,39872653200,1172874,1180000,1193000,20126,1.72,1197377,24503,2.09,1180000,1205928,1400-6-9,2021-08-31
658,پلاست,كارخانجات توليدي پلاستيران,113,294741,15559082649,50276,52789,52789,2513,5,52789,2513,5,52789,52789,1400-6-9,2021-08-31
659,تسه9906,امتياز تسهيلات مسكن شهريور99,113,1307,772942488,588662,567008,577000,-11662,-1.98,591387,2725,0.46,560000,618095,1400-6-9,2021-08-31
660,تسه9806,امتياز تسهيلات مسكن شهريور98,113,1881,1089772238,586408,557088,584996,-1412,-0.24,579358,-7050,-1.2,557088,589780,1400-6-9,2021-08-31
661,اخزا903,اسنادخزانه-م3بودجه99-011110,108,238708,181328472269,758080,756669,762000,3920,0.52,759625,1545,0.2,756669,762000,1400-6-9,2021-08-31
662,تسه9810,امتياز تسهيلات مسكن دي98,107,2063,1202384285,593231,570000,582013,-11218,-1.89,582833,-10398,-1.75,568000,598900,1400-6-9,2021-08-31
663,تسه9907,امتياز تسهيلات مسكن مهر99,107,1362,808319397,588182,571202,591000,2818,0.48,593480,5298,0.9,571202,614998,1400-6-9,2021-08-31
664,اراد86,مرابحه عام دولت86-ش.خ020404,100,19911000,18639483540000,935410,936140,936140,730,0.08,936140,730,0.08,936140,936140,1400-6-9,2021-08-31
665,صايند,صندوق س. گنجينه آينده روشن-د,99,974370,9879475180,10121,10148,10150,29,0.29,10139,18,0.18,10125,10150,1400-6-9,2021-08-31
666,صنوين,صندوق سرمايه‌گذاري صنوين-مختلط,98,27298,2896132140,108910,105050,106980,-1930,-1.77,106090,-2820,-2.59,104220,108430,1400-6-9,2021-08-31
667,شستان,پتروشيمي گلستان,97,783376,2672497664,3348,3414,3414,66,1.97,3380,32,0.96,3320,3414,1400-6-9,2021-08-31
668,ضصاد8033,اختيارخ وبصادر-2489-1400/08/12,95,3268,1114056000,308,310,306,-2,-0.65,341,33,10.71,250,400,1400-6-9,2021-08-31
669,شصفها,پتروشيمي‌ اصفهان‌,93,315418,48545038126,157047,153907,153907,-3140,-2,153907,-3140,-2,153907,153907,1400-6-9,2021-08-31
670,ضملي7003,اختيارخ فملي-11720-1400/07/11,93,1079,2714484000,2676,2401,2790,114,4.26,2516,-160,-5.98,2200,2943,1400-6-9,2021-08-31
671,كنور,توسعه معدني و صنعتي صبانور,92,889049,15256080840,16350,17160,17160,810,4.95,16490,140,0.86,17160,17160,1400-6-9,2021-08-31
672,تسه9811,امتياز تسهيلات مسكن بهمن98,92,1449,849400309,591356,590000,564000,-27356,-4.63,586198,-5158,-0.87,564000,620000,1400-6-9,2021-08-31
673,اخزا909,اسنادخزانه-م9بودجه99-020316,87,486657,342731260009,700629,700350,704359,3730,0.53,704256,3627,0.52,700350,707500,1400-6-9,2021-08-31
674,كصدف,كاشي صدف سرام استقلال آباده,87,216708,4668323736,20915,21542,21542,627,3,21194,279,1.33,21542,21542,1400-6-9,2021-08-31
675,دارا,صندوق س. دارا الگوريتم-د,87,878440,8759176142,9968,9979,9973,5,0.05,9971,3,0.03,9960,9979,1400-6-9,2021-08-31
676,آكورد2,صندوق س. آرمان آتي كوثر-د,85,8500000,8500000,33848,1,1,-33847,-100,1,-33847,-100,1,1,1400-6-9,2021-08-31
677,تسه9903,امتياز تسهيلات مسكن خرداد99,85,1050,611809677,585240,580000,581000,-4240,-0.72,582676,-2564,-0.44,571445,590000,1400-6-9,2021-08-31
678,اگ001254,گام بانك پارسيان0012,82,810960,720933460000,888509,884000,889000,491,0.06,888988,479,0.05,884000,889000,1400-6-9,2021-08-31
679,آرمان,بيمه آرمان,81,1965238,14014112178,6924,7131,7131,207,2.99,7131,207,2.99,7131,7131,1400-6-9,2021-08-31
680,ضپال2007,اختيارخ اپال-32000-1401/02/12,81,1818,2491112000,1126,1300,1368,242,21.49,1370,244,21.67,1199,1440,1400-6-9,2021-08-31
681,قجام,فرآوردههاي غذايي وقندتربت‌جام‌,79,412936,2613884880,6459,6330,6330,-129,-2,6391,-68,-1.05,6330,6330,1400-6-9,2021-08-31
682,اخزا914,اسنادخزانه-م14بودجه99-021025,79,222100,137836580598,618046,619001,622998,4952,0.8,620606,2560,0.41,619000,622998,1400-6-9,2021-08-31
683,اخزا908,اسنادخزانه-م8بودجه99-020606,79,206214,138512658944,669253,670011,673200,3947,0.59,671694,2441,0.36,668702,673400,1400-6-9,2021-08-31
684,ثجوان,تامين مسكن جوانان,78,277421,2465717848,9162,8888,8888,-274,-2.99,9094,-68,-0.74,8888,8888,1400-6-9,2021-08-31
685,كمرجان,بازرگاني و توليدي مرجان كار,76,9674,1132854422,123266,117103,117103,-6163,-5,122719,-547,-0.44,117103,117103,1400-6-9,2021-08-31
686,تسه9812,امتياز تسهيلات مسكن اسفند98,75,562,332459733,589972,573593,587000,-2972,-0.5,591565,1593,0.27,573593,612000,1400-6-9,2021-08-31
687,تسه9808,امتياز تسهيلات مسكن آبان98,74,872,511834579,596839,588225,587990,-8849,-1.48,586966,-9873,-1.65,576040,604600,1400-6-9,2021-08-31
688,نهال,صندوق س. طلاي سرخ نوويرا,73,71290,692035731,9760,9361,9992,232,2.38,9707,-53,-0.54,9361,10000,1400-6-9,2021-08-31
689,كهربا,صندوق س.پشتوانه سكه طلا كهربا,73,412712,4289254939,10325,10433,10410,85,0.82,10393,68,0.66,10350,10454,1400-6-9,2021-08-31
690,تسه9905,امتياز تسهيلات مسكن مرداد99,71,437,258432536,587654,568880,592005,4351,0.74,591379,3725,0.63,568880,610000,1400-6-9,2021-08-31
691,سحرخيز2,صندوق س. گروه زعفران سحرخيز,70,7000000,7000000,10023,1,1,-10022,-99.99,1,-10022,-99.99,1,1,1400-6-9,2021-08-31
692,غشوكو,شوكو پارس,67,76469,2446702124,32985,31996,31996,-989,-3,32730,-255,-0.77,31996,31996,1400-6-9,2021-08-31
693,تسه9901,امتياز تسهيلات مسكن فروردين99,67,614,370437106,588269,570000,600000,11731,1.99,603318,15049,2.56,570000,617682,1400-6-9,2021-08-31
694,ثروتم,صندوق س. ثروت آفرين پارسيان-س,66,101960,9484589720,93949,93083,92270,-1679,-1.79,93023,-926,-0.99,90483,94870,1400-6-9,2021-08-31
695,سكه0011پ02,تمام سكه طرح جديد0011ملت,66,12200,14616243300,1169145,1185900,1198000,28855,2.47,1198053,28908,2.47,1185800,1204500,1400-6-9,2021-08-31
696,تسه9807,امتياز تسهيلات مسكن مهر98,65,721,422400486,598534,571037,598200,-334,-0.06,585854,-12680,-2.12,571037,599988,1400-6-9,2021-08-31
697,آسام,صندوق س.آرمان سپهر آشنا-م,64,272300,35454755180,130121,125000,130290,169,0.13,130205,84,0.06,125000,130300,1400-6-9,2021-08-31
698,بذر,صندوق س بذر اميد آفرين-سهام,63,38847,4327030840,112910,111630,110970,-1940,-1.72,111390,-1520,-1.35,110010,114900,1400-6-9,2021-08-31
699,ضملي7004,اختيارخ فملي-13720-1400/07/11,62,1126,1393104000,1324,1399,1300,-24,-1.81,1237,-87,-6.57,1050,1460,1400-6-9,2021-08-31
700,ضسپا8041,اختيارخ خساپا-1600-1400/08/26,60,1818,1143511000,630,502,620,-10,-1.59,629,-1,-0.16,502,690,1400-6-9,2021-08-31
701,ضذوب905,اختيارخ ذوب-5000-14000917,59,1481,1112116000,663,700,700,37,5.58,751,88,13.27,650,819,1400-6-9,2021-08-31
702,تسه9809,امتياز تسهيلات مسكن آذر98,57,720,420506997,600068,587020,591000,-9068,-1.51,584037,-16031,-2.67,570066,604800,1400-6-9,2021-08-31
703,داريك,صندوق س.اعتماد داريك-د,54,283545,3226302783,11370,11379,11379,9,0.08,11378,8,0.07,11377,11379,1400-6-9,2021-08-31
704,ضشنا8004,اختيارخ شپنا-10800-1400/08/16,54,317,1288712000,3965,3400,4229,264,6.66,4065,100,2.52,3400,4500,1400-6-9,2021-08-31
705,وملت,سرمايه گذاري ملت,53,373695,1395750825,3811,3735,3735,-76,-1.99,3789,-22,-0.58,3735,3735,1400-6-9,2021-08-31
706,اخزا911,اسنادخزانه-م11بودجه99-020906,52,205567,131234620272,636032,636111,641999,5967,0.94,638403,2371,0.37,636110,641999,1400-6-9,2021-08-31
707,ضسپا8042,اختيارخ خساپا-1800-1400/08/26,50,1706,764268000,440,395,432,-8,-1.82,448,8,1.82,395,515,1400-6-9,2021-08-31
708,ثتوسا,س.توسعه و عمران استان اردبيل,50,50322,1517409588,31086,30154,30154,-932,-3,30910,-176,-0.57,30154,30154,1400-6-9,2021-08-31
709,خبازرس,بازرسي مهندسي و صنعتي ايران,50,295593,8051953320,26447,27240,27240,793,3,27045,598,2.26,27240,27240,1400-6-9,2021-08-31
710,ثهام,صندوق س ثروت هامرز-سهام,50,159579,1895030486,11748,11651,12100,352,3,11875,127,1.08,11500,12100,1400-6-9,2021-08-31
711,اراد61,مرابحه عام دولت61-ش.خ0309,47,385000,385000000000,1000000,1000000,1000000,0,0,1000000,0,0,1000000,1000000,1400-6-9,2021-08-31
712,پادا,صندوق س.پاداش سرمايه پارس-س,46,42366,5126166850,122927,120500,122000,-927,-0.75,120997,-1930,-1.57,119350,124800,1400-6-9,2021-08-31
713,گنجين,صندوق س. گنجينه يكم آويد-د,45,553860,7524150518,13590,13580,13588,-2,-0.01,13585,-5,-0.04,13577,13588,1400-6-9,2021-08-31
714,ضخود7072,اختيارخ خودرو-1400-1400/07/07,45,218,197379000,946,755,800,-146,-15.43,905,-41,-4.33,755,980,1400-6-9,2021-08-31
715,ثقزوي,شركت عمران و سازندگي قزوين,44,217557,6493641336,30771,29848,29848,-923,-3,30146,-625,-2.03,29848,29848,1400-6-9,2021-08-31
716,دمعيار,صندوق س. توازن معيار-د,44,1254984,12607174764,10040,10045,10045,5,0.05,10046,6,0.06,10045,10050,1400-6-9,2021-08-31
717,كفرآور,فرآورده هاي سيمان شرق,44,519379,10574556440,20989,20360,20360,-629,-3,20360,-629,-3,20360,20360,1400-6-9,2021-08-31
718,ضملت8044,اختيارخ وبملت-4934-1400/08/19,42,1449,388706000,234,265,269,35,14.96,268,34,14.53,242,295,1400-6-9,2021-08-31
719,سكه0111پ05,تمام سكه طرح جديد0111آينده,41,77600,92824153700,1173337,1190001,1200000,26663,2.27,1196187,22850,1.95,1190001,1204000,1400-6-9,2021-08-31
720,اخزا004,اسنادخزانه-م4بودجه00-030522,39,110267,60978732780,552195,550650,556000,3805,0.69,553010,815,0.15,550040,556000,1400-6-9,2021-08-31
721,هاميد104,اختيارف ت ثاميد-2050-01/04/20,35,199657,199657,1,1,1,0,0,1,0,0,1,1,1400-6-9,2021-08-31
722,ضمخا7076,اختيارخ اخابر-9700-1400/07/28,33,461,976201000,2010,2102,2087,77,3.83,2118,108,5.37,1600,2499,1400-6-9,2021-08-31
723,ضپاس7029,اختيارخ وپارس-2500-1400/07/28,33,1052,759753000,732,620,640,-92,-12.57,722,-10,-1.37,570,770,1400-6-9,2021-08-31
724,اراد50,مرابحه عام دولت5-ش.خ0302,32,436000,436000000000,1000000,1000000,1000000,0,0,1000000,0,0,1000000,1000000,1400-6-9,2021-08-31
725,وشمال,س. چشم انداز توسعه شمال,32,260820,21498088500,84974,82425,82425,-2549,-3,82425,-2549,-3,82425,82425,1400-6-9,2021-08-31
726,اطلس2,صندوق س.توسعه اندوخته آينده-س,30,300000,300000,263447,1,1,-263446,-100,1,-263446,-100,1,1,1400-6-9,2021-08-31
727,وحافظ,بيمه حافظ,27,201026,2344767264,11902,11664,11664,-238,-2,11786,-116,-0.97,11664,11664,1400-6-9,2021-08-31
728,اخزا815,اسنادخزانه-م15بودجه98-010406,27,45464,38733921563,850758,850758,854890,4132,0.49,851969,1211,0.14,850021,854890,1400-6-9,2021-08-31
729,ضشنا8006,اختيارخ شپنا-14800-1400/08/16,27,190,338569000,1390,1950,1670,280,20.14,1782,392,28.2,1670,2000,1400-6-9,2021-08-31
730,ضفلا7004,اختيارخ فولاد-9586-1400/07/25,25,88,373916204,3034,3030,3140,106,3.49,3031,-3,-0.1,2903,3300,1400-6-9,2021-08-31
731,اخزا907,اسنادخزانه-م7بودجه99-020704,24,100363,66365207906,659397,660000,662000,2603,0.39,661252,1855,0.28,658004,662998,1400-6-9,2021-08-31
732,سلار,شركت سيمان لارستان,24,48670,1809209910,38322,37173,37173,-1149,-3,38108,-214,-0.56,37173,37173,1400-6-9,2021-08-31
733,اخزا814,اسنادخزانه-م14بودجه98-010318,23,58157,50073266972,861000,861000,863508,2508,0.29,861002,2,0,861000,863508,1400-6-9,2021-08-31
734,عيار2,صندوق سكه طلاي مفيد,23,230000,230000,29685,1,1,-29684,-100,1,-29684,-100,1,1,1400-6-9,2021-08-31
735,گنگين,اقتصادي نگين گردشگري ايرانيان,22,291782,7144282270,25242,24485,24485,-757,-3,25058,-184,-0.73,24485,24485,1400-6-9,2021-08-31
736,ضخود7078,اختيارخ خودرو-3500-1400/07/07,22,982,6040000,7,6,6,-1,-14.29,6,-1,-14.29,5,8,1400-6-9,2021-08-31
737,ضشنا8005,اختيارخ شپنا-12800-1400/08/16,22,176,502969000,2663,2400,2700,37,1.39,2858,195,7.32,2400,3050,1400-6-9,2021-08-31
738,اخزا904,اسنادخزانه-م4بودجه99-011215,21,101930,75915295625,743448,745000,744000,552,0.07,744779,1331,0.18,742601,745003,1400-6-9,2021-08-31
739,ضمخا7075,اختيارخ اخابر-8700-1400/07/28,21,313,975049000,2772,3300,2950,178,6.42,3115,343,12.37,2125,3500,1400-6-9,2021-08-31
740,وفتخار,سرمايه گذاري افتخار سهام,20,17851,137452700,7476,7700,7700,224,3,7483,7,0.09,7700,7700,1400-6-9,2021-08-31
741,داراب,پتروشيمي داراب,20,96240,218657280,2342,2272,2272,-70,-2.99,2340,-2,-0.09,2272,2272,1400-6-9,2021-08-31
742,اخزا905,اسنادخزانه-م5بودجه99-020218,20,52437,37707091649,718185,716004,720000,1815,0.25,719093,908,0.13,716004,720000,1400-6-9,2021-08-31
743,ضملت8041,اختيارخ وبملت-3434-1400/08/19,20,345,322192000,1039,902,900,-139,-13.38,934,-105,-10.11,900,1050,1400-6-9,2021-08-31
744,ضجار7040,اختيارخ وتجارت-2497-1400/07/21,20,608,215370000,344,350,350,6,1.74,354,10,2.91,350,409,1400-6-9,2021-08-31
745,اخزا721,اسنادخزانه-م21بودجه97-000728,19,13137,12794801909,973029,974000,973950,921,0.09,973952,923,0.09,973300,974000,1400-6-9,2021-08-31
746,اراد49,مرابحه عام دولت4-ش.خ 0206,19,270200,253852600000,947882,938000,939500,-8382,-0.88,939499,-8383,-0.88,938000,939500,1400-6-9,2021-08-31
747,ضپاس7030,اختيارخ وپارس-3000-1400/07/28,19,994,396910000,391,350,412,21,5.37,399,8,2.05,350,448,1400-6-9,2021-08-31
748,ضفلا7005,اختيارخ فولاد-11013-1400/07/25,18,335,879438148,1929,1603,1900,-29,-1.5,1872,-57,-2.95,1602,2038,1400-6-9,2021-08-31
749,هنوري102,اختيارف ت نوري59561-01/02/15,18,170483,170483,1,1,1,0,0,1,0,0,1,1,1400-6-9,2021-08-31
750,زعف0008پ10,زعفران0008نگين طلاي سرخ(پ),18,37467,5768142250,151895,153500,154000,2105,1.39,153953,2058,1.35,151500,156750,1400-6-9,2021-08-31
751,شتولي,تولي‌پرس‌,18,22793,591227627,27019,25939,25939,-1080,-4,26884,-135,-0.5,25939,25939,1400-6-9,2021-08-31
752,اخزا808,اسنادخزانه-م8بودجه98-000817,17,27111,26111945220,961169,963000,963107,1938,0.2,963149,1980,0.21,963000,963800,1400-6-9,2021-08-31
753,زعف0008پ12,زعفران0008پوشالمعمول سحرخيز(پ),17,53457,6331680000,115287,115000,121263,5976,5.18,118444,3157,2.74,111800,121263,1400-6-9,2021-08-31
754,سفارود,كارخانه فارسيت درود,16,11242,183570618,17009,16329,16329,-680,-4,16983,-26,-0.15,16329,16329,1400-6-9,2021-08-31
755,اخزا812,اسنادخزانه-م12بودجه98-001111,15,97570,89768792740,921920,920045,920046,-1874,-0.2,920045,-1875,-0.2,920045,920046,1400-6-9,2021-08-31
756,صشستا311,صكوك اجاره شستا311-بدون ضامن,15,150000,149999850000,999999,999999,999999,0,0,999999,0,0,999999,999999,1400-6-9,2021-08-31
757,اخزا006,اسنادخزانه-م6بودجه00-030723,15,127654,68933499596,540331,549969,549500,9169,1.7,540003,-328,-0.06,539980,549969,1400-6-9,2021-08-31
758,خفناور,مهندسي صنعتي روان فن آور,14,14520,638095920,46258,43946,43946,-2312,-5,46102,-156,-0.34,43946,43946,1400-6-9,2021-08-31
759,ضپال2006,اختيارخ اپال-28000-1401/02/12,14,246,736601000,2182,2989,2500,318,14.57,2994,812,37.21,2500,3250,1400-6-9,2021-08-31
760,ولتجارح,ح.واسپا تجارت وسرمايه ايرانيان,14,80903,162938642,2076,2014,2014,-62,-2.99,2014,-62,-2.99,2014,2014,1400-6-9,2021-08-31
761,ثنام,س ساختماني ب نام آوران مهندسي,14,13602,204927732,15858,15066,15066,-792,-4.99,15840,-18,-0.11,15066,15066,1400-6-9,2021-08-31
762,ضخود7079,اختيارخ خودرو-4000-1400/07/07,14,1016,11113000,6,19,8,2,33.33,11,5,83.33,3,19,1400-6-9,2021-08-31
763,ضخود7080,اختيارخ خودرو-4500-1400/07/07,13,115,1008000,4,5,7,3,75,9,5,125,4,13,1400-6-9,2021-08-31
764,نگين,ص.س. زمين و ساختمان نگين شهرري,13,4515,230586050,51180,51070,51070,-110,-0.21,51070,-110,-0.21,51070,51080,1400-6-9,2021-08-31
765,زعف0008پ19,زعفران0008نگين تروند قاينات(پ),13,7065,1063648000,152000,153500,150000,-2000,-1.32,150552,-1448,-0.95,148600,153500,1400-6-9,2021-08-31
766,زعف0008پ18,زعفران0008نگين بهرامن(پ),12,6590,993200000,152509,152500,150000,-2509,-1.65,150713,-1796,-1.18,148700,152500,1400-6-9,2021-08-31
767,ضبدر8076,اختيارخ شبندر-3448-1400/08/30,12,100,1330780608,2670,2999,2650,-20,-0.75,2841,171,6.4,2650,3500,1400-6-9,2021-08-31
768,اخزا820,اسنادخزانه-م20بودجه98-020806,12,9510,6226683928,643348,649000,658500,15152,2.36,654751,11403,1.77,649000,658500,1400-6-9,2021-08-31
769,اخزا821,اسنادخزانه-م21بودجه98-020906,12,2160,1369678560,637922,633878,639000,1078,0.17,634110,-3812,-0.6,633780,639000,1400-6-9,2021-08-31
770,اخزا807,اسنادخزانه-م7بودجه98-000719,12,6142,6007886190,977429,977911,978300,871,0.09,978164,735,0.08,977911,978300,1400-6-9,2021-08-31
771,ددامح,ح . داروسازي زاگرس فارمد پارس,12,8152,127171200,15600,15600,15600,0,0,15600,0,0,15600,15600,1400-6-9,2021-08-31
772,اخزا817,اسنادخزانه-م17بودجه98-010512,12,5941,4959109323,833116,832335,836202,3086,0.37,834726,1610,0.19,832335,840000,1400-6-9,2021-08-31
773,ساذري,آذريت‌,12,319947,2417839479,7337,7557,7557,220,3,7399,62,0.85,7557,7557,1400-6-9,2021-08-31
774,ضسپا8039,اختيارخ خساپا-1200-1400/08/26,12,177,183131000,986,1049,902,-84,-8.52,1035,49,4.97,902,1055,1400-6-9,2021-08-31
775,تپكو,توليدتجهيزات‌سنگين‌هپكو,11,30686,160088862,5323,5217,5217,-106,-1.99,5323,0,0,5217,5217,1400-6-9,2021-08-31
776,ضبدر8079,اختيارخ شبندر-6011-1400/08/30,11,195,1095587600,1,1200,1100,1099,109900,1199,1198,119800,1100,1200,1400-6-9,2021-08-31
777,ضخود7073,اختيارخ خودرو-1600-1400/07/07,11,88,57540000,715,650,590,-125,-17.48,654,-61,-8.53,590,673,1400-6-9,2021-08-31
778,اوصتا2,صندوق انديشه ورزان صباتامين -د,10,12700000,12700000,19691,1,1,-19690,-99.99,1,-19690,-99.99,1,1,1400-6-9,2021-08-31
779,گوهر2,صندوق سكه طلاي كيان,10,100000,100000,58609,1,1,-58608,-100,1,-58608,-100,1,1,1400-6-9,2021-08-31
780,ضبدر8078,اختيارخ شبندر-5157-1400/08/30,10,81,644986800,1,1750,1700,1699,169900,1700,1699,169900,1500,1750,1400-6-9,2021-08-31
781,تملي712,تسهيلات مسكن ب. ملي-اسفند97,10,79,66388672,849521,880000,807045,-42476,-5,840363,-9158,-1.08,807045,889000,1400-6-9,2021-08-31
782,زعف0008پ11,زعفران0008نگين سحرخيز(پ),10,2849,421338466,149222,149990,147500,-1722,-1.15,147890,-1332,-0.89,147500,149990,1400-6-9,2021-08-31
783,ضجار7041,اختيارخ وتجارت-2997-1400/07/21,9,133,25997000,188,170,180,-8,-4.26,195,7,3.72,170,199,1400-6-9,2021-08-31
784,ضترا8058,اختيارخ شتران-3442-1400/08/09,9,11,42400000,3361,3400,3900,539,16.04,3855,494,14.7,3400,3900,1400-6-9,2021-08-31
785,كشم0006پ02,كشمش تيزابي0006تاكستان(پ),9,1515,334720150,231000,219450,231000,0,0,220937,-10063,-4.36,219450,231000,1400-6-9,2021-08-31
786,هفارس104,اختيارف ت فارس-11832-01/04/12,9,97948,97948,1,1,1,0,0,1,0,0,1,1,1400-6-9,2021-08-31
787,سخند,صندوق س.سپهرخبرگان نفت-د,9,7920,79418620,10031,10040,10036,5,0.05,10028,-3,-0.03,10013,10040,1400-6-9,2021-08-31
788,اخزا813,اسنادخزانه-م13بودجه98-010219,8,2667,2328085440,874802,872313,873460,-1342,-0.15,872923,-1879,-0.21,872313,873500,1400-6-9,2021-08-31
789,افران2,صندوق س افرا نماد پايدار-ثابت,8,14200000,14200000,14126,1,1,-14125,-99.99,1,-14125,-99.99,1,1,1400-6-9,2021-08-31
790,سپيدما2,صندوق س. سپيد دماوند-د,8,61100000,61100000,10962,1,1,-10961,-99.99,1,-10961,-99.99,1,1,1400-6-9,2021-08-31
791,زير0103پ01,زيره سبز0103كيميابذر(پ),8,1000,820000000,796782,820000,820000,23218,2.91,820000,23218,2.91,820000,820000,1400-6-9,2021-08-31
792,اخزا906,اسنادخزانه-م6بودجه99-020321,8,5826,4101580343,704004,704002,704010,6,0,704013,9,0,704002,705010,1400-6-9,2021-08-31
793,ضجار7039,اختيارخ وتجارت-1997-1400/07/21,7,329,239765000,774,600,721,-53,-6.85,729,-45,-5.81,600,940,1400-6-9,2021-08-31
794,ضملي7005,اختيارخ فملي-15720-1400/07/11,7,35,20230000,601,521,550,-51,-8.49,578,-23,-3.83,520,650,1400-6-9,2021-08-31
795,ضبدر8074,اختيارخ شبندر-2595-1400/08/30,7,19,382682800,5000,4300,4300,-700,-14,4300,-700,-14,4300,4300,1400-6-9,2021-08-31
796,ضصاد8031,اختيارخ وبصادر-1789-1400/08/12,7,152,121075000,755,757,949,194,25.7,797,42,5.56,757,1099,1400-6-9,2021-08-31
797,تملي701,تسهيلات مسكن ب. ملي-فروردين97,7,34,27253748,775802,737012,814592,38790,5,801581,25779,3.32,737012,814592,1400-6-9,2021-08-31
798,اخزا810,اسنادخزانه-م10بودجه98-001006,7,70000,65628830000,937227,937737,937500,273,0.03,937555,328,0.03,937000,937737,1400-6-9,2021-08-31
799,ضپاس7031,اختيارخ وپارس-3500-1400/07/28,7,109,27250000,275,250,250,-25,-9.09,250,-25,-9.09,250,250,1400-6-9,2021-08-31
800,طخود7075,اختيارف خودرو-2000-1400/07/07,6,82,3853000,30,80,10,-20,-66.67,47,17,56.67,3,80,1400-6-9,2021-08-31
801,اخزا809,اسنادخزانه-م9بودجه98-000923,6,3568,3369649860,944138,944402,944403,265,0.03,944409,271,0.03,944402,946900,1400-6-9,2021-08-31
802,ضبدر8075,اختيارخ شبندر-3021-1400/08/30,5,5,89230200,1,3450,3900,3899,389900,3810,3809,380900,3450,3900,1400-6-9,2021-08-31
803,ضفلا7006,اختيارخ فولاد-12440-1400/07/25,5,220,352448780,1000,1000,1149,149,14.9,1143,143,14.3,1000,1150,1400-6-9,2021-08-31
804,تملي706,تسهيلات مسكن ب. ملي-شهريور97,5,67,57658147,880474,924496,836451,-44023,-5,860569,-19905,-2.26,836451,924496,1400-6-9,2021-08-31
805,اراد36,مرابحه عام دولت3-ش.خ 0104,5,126100,124577948700,953000,979999,999999,46999,4.93,987930,34930,3.67,979999,999999,1400-6-9,2021-08-31
806,نيرو,نيرو سرمايه,5,1493,70786116,48878,47412,47412,-1466,-3,48867,-11,-0.02,47412,47412,1400-6-9,2021-08-31
807,ضذوب904,اختيارخ ذوب-4500-14000917,5,27,28400000,600,900,1000,400,66.67,1052,452,75.33,900,1100,1400-6-9,2021-08-31
808,اراد72,مرابحه عام دولت72-ش.خ0311,5,7300,7134500000,933999,965000,980000,46001,4.93,977329,43330,4.64,965000,980000,1400-6-9,2021-08-31
809,اخزا818,اسنادخزانه-م18بودجه98-010614,5,3355,2747739366,820101,818008,819053,-1048,-0.13,818998,-1103,-0.13,818008,819053,1400-6-9,2021-08-31
810,طلا2,صندوق س.پشتوانه طلاي لوتوس,5,500000,500000,83603,1,1,-83602,-100,1,-83602,-100,1,1,1400-6-9,2021-08-31
811,ضسپا8040,اختيارخ خساپا-1400-1400/08/26,5,123,92058000,617,795,690,73,11.83,748,131,21.23,681,795,1400-6-9,2021-08-31
812,ثنظام,س. ساختماني نظام مهندسي ايران,5,744,32721864,46295,43981,43981,-2314,-5,46287,-8,-0.02,43981,43981,1400-6-9,2021-08-31
813,ضبدر8073,اختيارخ شبندر-2167-1400/08/30,5,5,107268284,5000,4700,4101,-899,-17.98,4580,-420,-8.4,4101,4700,1400-6-9,2021-08-31
814,ضمخا7066,اختيارخ اخابر-11700-1400/07/28,5,129,164100000,1010,1500,1200,190,18.81,1272,262,25.94,900,1500,1400-6-9,2021-08-31
815,ضمخا7068,اختيارخ اخابر-15700-1400/07/28,5,132,43818000,200,400,380,180,90,332,132,66,301,400,1400-6-9,2021-08-31
816,شسم,توليد سموم‌ علف‌ كش,4,1049,105465411,98568,100539,100539,1971,2,98609,41,0.04,100539,100539,1400-6-9,2021-08-31
817,تملي705,تسهيلات مسكن ب. ملي-مرداد97,4,34,23980336,671719,705304,705304,33585,5,705304,33585,5,705304,705304,1400-6-9,2021-08-31
818,اخزا816,اسنادخزانه-م16بودجه98-010503,4,1253,1051116284,836953,840000,837804,851,0.1,838880,1927,0.23,837804,840000,1400-6-9,2021-08-31
819,ضمخا7070,اختيارخ اخابر-19700-1400/07/28,4,74,9731000,50,240,80,30,60,131,81,162,80,250,1400-6-9,2021-08-31
820,ضخوز7039,اختيارخ فخوز-15200-1400/07/14,4,21,78200000,3817,4000,3900,83,2.17,3724,-93,-2.44,3520,4000,1400-6-9,2021-08-31
821,ضبدر8077,اختيارخ شبندر-4302-1400/08/30,4,23,260945640,1,2490,2210,2209,220900,2422,2421,242100,2210,2580,1400-6-9,2021-08-31
822,ثاميد4,توسعه و عمران اميد,4,2528436410,3978450174192,1789,2334,1002,-787,-43.99,1573,-216,-12.07,1002,2334,1400-6-9,2021-08-31
823,زعف0008پ05,زعفران0008نگين زرين(پ),4,2871,407481030,145352,141930,141930,-3422,-2.35,141930,-3422,-2.35,141930,141930,1400-6-9,2021-08-31
824,ضصاد8030,اختيارخ وبصادر-1589-1400/08/12,4,120,142015000,1072,583,1199,127,11.85,1183,111,10.35,583,1199,1400-6-9,2021-08-31
825,طخود7076,اختيارف خودرو-2500-1400/07/07,4,35,16750000,196,500,450,254,129.59,479,283,144.39,450,500,1400-6-9,2021-08-31
826,تملي803,تسهيلات مسكن ب. ملي-خرداد98,4,35,22568600,632600,633100,664230,31630,5,644817,12217,1.93,633000,664230,1400-6-9,2021-08-31
827,اراد32,مرابحه عام دولت3-ش.خ0211,4,100000,100000000000,1000000,1000000,1000000,0,0,1000000,0,0,1000000,1000000,1400-6-9,2021-08-31
828,ضذوب906,اختيارخ ذوب-6000-14000917,4,38,18900000,544,500,450,-94,-17.28,497,-47,-8.64,450,500,1400-6-9,2021-08-31
829,زعف0008پ09,زعفران0008نگين نوين(پ),4,4150,631530500,159500,156870,152000,-7500,-4.7,152176,-7324,-4.59,152000,156870,1400-6-9,2021-08-31
830,شرق1400,مشاركت ليزينگ ايران وشرق140010,3,276,277344000,1003083,1005000,999000,-4083,-0.41,1004870,1787,0.18,999000,1005000,1400-6-9,2021-08-31
831,افاد53,منفعت دولت5-ش.خاص كاريزما0108,3,35000,33705000000,963000,963000,963000,0,0,963000,0,0,963000,963000,1400-6-9,2021-08-31
832,اراد494,مرابحه عام دولت4-ش.خ 0206,3,3290000,3097912000000,947882,943100,925000,-22882,-2.41,941615,-6267,-0.66,925000,943100,1400-6-9,2021-08-31
833,ثاژن,سخت آژند,3,3580,32033840,9130,8948,8948,-182,-1.99,9129,-1,-0.01,8948,8948,1400-6-9,2021-08-31
834,سرو2,صندوق س سروسودمند مدبران-سهام,3,400000,400000,83330,1,1,-83329,-100,1,-83329,-100,1,1,1400-6-9,2021-08-31
835,ضپنا8003,اختيارخ رمپنا-15850-1400/08/05,3,20,74000000,4050,3600,3800,-250,-6.17,3700,-350,-8.64,3600,3800,1400-6-9,2021-08-31
836,ياقوت2,صندوق س ياقوت آگاه-ثابت,3,359000,359000,13010,1,1,-13009,-99.99,1,-13009,-99.99,1,1,1400-6-9,2021-08-31
837,ضترا8057,اختيارخ شتران-3000-1400/08/09,3,6,25387000,4800,3187,5700,900,18.75,4231,-569,-11.85,3187,5700,1400-6-9,2021-08-31
838,ضصاد8039,اختيارخ وبصادر-1389-1400/08/12,3,35,47250000,655,1350,1350,695,106.11,1350,695,106.11,1350,1350,1400-6-9,2021-08-31
839,وسالت,بانك قرض الحسنه رسالت,3,15138,17333010,1112,1145,1145,33,2.97,1112,0,0,1145,1145,1400-6-9,2021-08-31
840,تملي709,تسهيلات مسكن ب. ملي-آذر97,3,28,23716426,859291,902254,816327,-42964,-5,847015,-12276,-1.43,816327,902254,1400-6-9,2021-08-31
841,ضمخا7069,اختيارخ اخابر-17700-1400/07/28,3,3,1200000,400,400,400,0,0,400,0,0,400,400,1400-6-9,2021-08-31
842,ضپاس7026,اختيارخ وپارس-1600-1400/07/28,2,16,21720000,1411,1065,1650,239,16.94,1357,-54,-3.83,1065,1650,1400-6-9,2021-08-31
843,داريك2,صندوق س.اعتماد داريك-د,2,2000000,2000000,11370,1,1,-11369,-99.99,1,-11369,-99.99,1,1,1400-6-9,2021-08-31
844,ضپنا8002,اختيارخ رمپنا-13850-1400/08/05,2,32,80400000,4000,2500,2700,-1300,-32.5,2512,-1488,-37.2,2500,2700,1400-6-9,2021-08-31
845,اراد46,مرابحه عام دولت4-ش.خ 0302,2,50000,50000000000,1000000,1000000,1000000,0,0,1000000,0,0,1000000,1000000,1400-6-9,2021-08-31
846,تملي805,تسهيلات مسكن ب. ملي-مرداد98,2,16,13979568,919708,873723,873723,-45985,-5,873723,-45985,-5,873723,873723,1400-6-9,2021-08-31
847,ضمخا7078,اختيارخ اخابر-7700-1400/07/28,2,41,176100000,4040,4300,4100,60,1.49,4295,255,6.31,4100,4300,1400-6-9,2021-08-31
848,زرين2,صندوق س. سهام زرين كوروش-س,2,700000,700000,13478,1,1,-13477,-99.99,1,-13477,-99.99,1,1,1400-6-9,2021-08-31
849,سايرا,ايرانيت‌,2,295,11009695,38082,37321,37321,-761,-2,38080,-2,-0.01,37321,37321,1400-6-9,2021-08-31
850,ضبدر8080,اختيارخ شبندر-6865-1400/08/30,2,2,11241600,1,1200,1200,1199,119900,1200,1199,119900,1200,1200,1400-6-9,2021-08-31
851,زعف0008پ08,زعفران0008نگين روستا(پ),2,3001,425931930,145352,141930,141930,-3422,-2.35,141930,-3422,-2.35,141930,141930,1400-6-9,2021-08-31
852,شكف,كف,2,172,16703608,99095,97114,97114,-1981,-2,99092,-3,0,97114,97114,1400-6-9,2021-08-31
853,اراد334,مرابحه عام دولت3-ش.خ 0303,2,1697000,1504186159000,883499,886347,886900,3401,0.38,886380,2881,0.33,886347,886900,1400-6-9,2021-08-31
854,قرن2,پديده شيمي قرن,2,69800000,2659380000000,36290,38100,38100,1810,4.99,38100,1810,4.99,38100,38100,1400-6-9,2021-08-31
855,بركت4,گروه دارويي بركت,2,434971727,10000000003730,39720,22990,22990,-16730,-42.12,22990,-16730,-42.12,22990,22990,1400-6-9,2021-08-31
856,ضشنا8001,اختيارخ شپنا-6800-1400/08/16,2,2,13501000,7300,6000,7501,201,2.75,6750,-550,-7.53,6000,7501,1400-6-9,2021-08-31
857,ضملي7002,اختيارخ فملي-9720-1400/07/11,2,8,36000000,4270,4500,4500,230,5.39,4500,230,5.39,4500,4500,1400-6-9,2021-08-31
858,ضپيك7043,اختيارخ تاپيكو-10070-00/07/18,2,20,84000000,5207,4200,4200,-1007,-19.34,4200,-1007,-19.34,4200,4200,1400-6-9,2021-08-31
859,صبا1404,اجاصبابدون ضامن بارتبه اعتباري,2,100000,100000000000,1050000,1000000,1000000,-50000,-4.76,1000000,-50000,-4.76,1000000,1000000,1400-6-9,2021-08-31
860,افاد1,منفعت دولت-با شرايط خاص140006,2,10800,10800000000,990000,1000000,1000000,10000,1.01,1000000,10000,1.01,1000000,1000000,1400-6-9,2021-08-31
861,ضشنا8000,اختيارخ شپنا-5800-1400/08/16,2,2,11687000,10000,6000,5687,-4313,-43.13,5843,-4157,-41.57,5687,6000,1400-6-9,2021-08-31
862,تملي711,تسهيلات مسكن ب. ملي-بهمن97,2,18,10981810,635874,610101,610100,-25774,-4.05,610101,-25773,-4.05,610100,610101,1400-6-9,2021-08-31
863,زعف0008پ16,زعفران0008نگين بيرجند(پ),2,3500,496755000,145352,141930,141930,-3422,-2.35,141930,-3422,-2.35,141930,141930,1400-6-9,2021-08-31
864,اراد62,مرابحه عام دولت62-ش.خ0309,2,50000,50000000000,1000000,1000000,1000000,0,0,1000000,0,0,1000000,1000000,1400-6-9,2021-08-31
865,اراد704,مرابحه عام دولت70-ش.خ0112,2,34228000,32376487682000,943750,945963,945850,2100,0.22,945906,2156,0.23,945850,945963,1400-6-9,2021-08-31
866,ضچاد7035,اختيارخ كچاد-25870-1400/07/04,2,18,70500000,5990,4000,3500,-2490,-41.57,3917,-2073,-34.61,3500,4000,1400-6-9,2021-08-31
867,ضشنا8003,اختيارخ شپنا-8800-1400/08/16,2,12,68236000,5771,4118,6000,229,3.97,5686,-85,-1.47,4118,6000,1400-6-9,2021-08-31
868,ضمخا7077,اختيارخ اخابر-6700-1400/07/28,2,20,88000000,4432,4400,4400,-32,-0.72,4400,-32,-0.72,4400,4400,1400-6-9,2021-08-31
869,ضترا8060,اختيارخ شتران-4323-1400/08/09,2,32,50404000,2690,701,1700,-990,-36.8,1575,-1115,-41.45,701,1700,1400-6-9,2021-08-31
870,ضپيك7045,اختيارخ تاپيكو-14070-00/07/18,2,100,91595000,2000,911,916,-1084,-54.2,916,-1084,-54.2,911,916,1400-6-9,2021-08-31
871,تملي809,تسهيلات مسكن ب. ملي-آذر98,1,10,6450010,673195,645001,645001,-28194,-4.19,645001,-28194,-4.19,645001,645001,1400-6-9,2021-08-31
872,فبستم,صنايع ‌بسته‌بندي‌ مشهد,1,1460,1216180,794,833,833,39,4.91,794,0,0,833,833,1400-6-9,2021-08-31
873,ومعادن2,توسعه‌معادن‌وفلزات‌,1,13000000,156000000000,12510,12000,12000,-510,-4.08,12000,-510,-4.08,12000,12000,1400-6-9,2021-08-31
874,زعف0008پ15,زعفران0008پوشالمعمول طلاسرخ(پ),1,5000,605000000,120000,121000,121000,1000,0.83,121000,1000,0.83,121000,121000,1400-6-9,2021-08-31
875,فملي2,ملي‌ صنايع‌ مس‌ ايران‌,1,100000000,1400000000000,13950,14000,14000,50,0.36,14000,50,0.36,14000,14000,1400-6-9,2021-08-31
876,دمعيار2,صندوق س. توازن معيار-د,1,5000000,5000000,10040,1,1,-10039,-99.99,1,-10039,-99.99,1,1,1400-6-9,2021-08-31
877,صخود0412,ص مرابحه خودرو041- 3ماهه 18%,1,490000,480200000000,1010000,980000,980000,-30000,-2.97,980000,-30000,-2.97,980000,980000,1400-6-9,2021-08-31
878,ضغدر8057,اختيارخ وغدير-9000-1400/08/26,1,1,5729000,8000,5729,5729,-2271,-28.39,5729,-2271,-28.39,5729,5729,1400-6-9,2021-08-31
879,ضپيك7042,اختيارخ تاپيكو-8070-00/07/18,1,5,27505000,6725,5501,5501,-1224,-18.2,5501,-1224,-18.2,5501,5501,1400-6-9,2021-08-31
880,اراد63,مرابحه عام دولت63-ش.خ0309,1,1000,1035000000,1015000,1035000,1035000,20000,1.97,1035000,20000,1.97,1035000,1035000,1400-6-9,2021-08-31
881,افرا2,افرانت,1,5900000,154698000000,27170,26220,26220,-950,-3.5,26220,-950,-3.5,26220,26220,1400-6-9,2021-08-31
882,صشستا3112,صكوك اجاره شستا311-بدون ضامن,1,160000,160000000000,999999,1000000,1000000,1,0,1000000,1,0,1000000,1000000,1400-6-9,2021-08-31
883,ضصاد8032,اختيارخ وبصادر-1989-1400/08/12,1,20,16200000,910,810,810,-100,-10.99,810,-100,-10.99,810,810,1400-6-9,2021-08-31
884,ضفلا7003,اختيارخ فولاد-8160-1400/07/25,1,100,560800000,4037,4000,4000,-37,-0.92,4000,-37,-0.92,4000,4000,1400-6-9,2021-08-31
885,ثباغ2,شهر سازي و خانه سازي باغميشه,1,13100000,171072900000,13674,13059,13059,-615,-4.5,13059,-615,-4.5,13059,13059,1400-6-9,2021-08-31
886,اشاد10,مشاركت دولتي10-شرايط خاص001226,1,25000,24337500000,972053,973500,973500,1447,0.15,973500,1447,0.15,973500,973500,1400-6-9,2021-08-31
887,سنفت009,سلف موازي استاندارد سنفت009,1,16000,25739200000,1604750,1608700,1608700,3950,0.25,1608700,3950,0.25,1608700,1608700,1400-6-9,2021-08-31
888,اخزا723,اسنادخزانه-م23بودجه97-000824,1,27,25904907,958279,959441,959441,1162,0.12,959441,1162,0.12,959441,959441,1400-6-9,2021-08-31
889,اراد34,مرابحه عام دولت3-ش.خ 0305,1,20000,20000000000,1000000,1000000,1000000,0,0,1000000,0,0,1000000,1000000,1400-6-9,2021-08-31
890,افاد54,منفعت دولت5-ش.خاص لوتوس0108,1,1000,843000000,840000,843000,843000,3000,0.36,843000,3000,0.36,843000,843000,1400-6-9,2021-08-31
891,افاد44,منفعت دولتي4-شرايط خاص14010729,1,3000000,2914545000000,969879,971515,971515,1636,0.17,971515,1636,0.17,971515,971515,1400-6-9,2021-08-31
892,سغدير4,توسعه سرمايه و صنعت غدير,1,167500000,167500000000,1000,1000,1000,0,0,1000,0,0,1000,1000,1400-6-9,2021-08-31
893,ضغدر8061,اختيارخ وغدير-16000-1400/08/26,1,1,1400000,2600,1400,1400,-1200,-46.15,1400,-1200,-46.15,1400,1400,1400-6-9,2021-08-31
894,ميدكو2,توسعه معادن وص.معدني خاورميانه,1,16300000,709050000000,42550,43500,43500,950,2.23,43500,950,2.23,43500,43500,1400-6-9,2021-08-31
895,اراد644,مرابحه عام دولتي64-ش.خ0111,1,15910000,15081089000000,944500,947900,947900,3400,0.36,947900,3400,0.36,947900,947900,1400-6-9,2021-08-31
896,ضغدر8056,اختيارخ وغدير-8000-1400/08/26,1,2,13366000,8666,6683,6683,-1983,-22.88,6683,-1983,-22.88,6683,6683,1400-6-9,2021-08-31
897,اراد594,مرابحه عام دولتي5-ش.خ 0309,1,8000000,7473704000000,1000000,934213,934213,-65787,-6.58,934213,-65787,-6.58,934213,934213,1400-6-9,2021-08-31
898,داريك4,صندوق س.اعتماد داريك-د,1,2000000,22500000000,11370,11250,11250,-120,-1.06,11250,-120,-1.06,11250,11250,1400-6-9,2021-08-31
899,اراد404,مرابحه عام دولت4-ش.خ 0207,1,580000,528969860000,1000000,912017,912017,-87983,-8.8,912017,-87983,-8.8,912017,912017,1400-6-9,2021-08-31
900,ضفلا7002,اختيارخ فولاد-6733-1400/07/25,1,1,7711000,5600,5500,5500,-100,-1.79,5500,-100,-1.79,5500,5500,1400-6-9,2021-08-31
901,اگ0012542,گام بانك پارسيان0012,1,271040,240819040000,888509,888500,888500,-9,0,888500,-9,0,888500,888500,1400-6-9,2021-08-31
902,صپا ه 24,بار پايه هفته 24صنعتي,1,8000,5840000,730,730,730,0,0,730,0,0,730,730,1400-6-9,2021-08-31
903,ضمخا7067,اختيارخ اخابر-13700-1400/07/28,1,1,300000,601,300,300,-301,-50.08,300,-301,-50.08,300,300,1400-6-9,2021-08-31
904,وسقم,شركت س استان قم,1,3900,5112900,1380,1311,1311,-69,-5,1380,0,0,1311,1311,1400-6-9,2021-08-31
905,ضغدر8058,اختيارخ وغدير-10000-1400/08/26,1,13,78000000,7525,6000,6000,-1525,-20.27,6000,-1525,-20.27,6000,6000,1400-6-9,2021-08-31
906,اراد214,مرابحه عام دولت2ش.خ صادرات0212,1,19350000,18413131050000,1000000,951583,951583,-48417,-4.84,951583,-48417,-4.84,951583,951583,1400-6-9,2021-08-31
907,هپارس102,اختيارف ت پارس-157010-01/02/05,1,3000,3000,1,1,1,0,0,1,0,0,1,1,1400-6-9,2021-08-31
908,افاد82,منفعت دولت8-ش.خاص لوتوس0205,1,1000,967000000,960000,967000,967000,7000,0.73,967000,7000,0.73,967000,967000,1400-6-9,2021-08-31
909,رايان106,مشاركت رايان سايپا-3ماهه16%,1,100,100000000,975046,1000000,1000000,24954,2.56,1000000,24954,2.56,1000000,1000000,1400-6-9,2021-08-31
910,تملي707,تسهيلات مسكن ب. ملي-مهر97,1,14,8891400,664010,635100,635100,-28910,-4.35,635100,-28910,-4.35,635100,635100,1400-6-9,2021-08-31
911,فولاد2,فولاد مباركه اصفهان,1,120000000,1452000000000,12100,12100,12100,0,0,12100,0,0,12100,12100,1400-6-9,2021-08-31
912,ضجار7042,اختيارخ وتجارت-3497-1400/07/21,1,50,2500000,90,50,50,-40,-44.44,50,-40,-44.44,50,50,1400-6-9,2021-08-31
913,البرز4,بيمه البرز,1,25521528,70056594360,2809,2745,2745,-64,-2.28,2745,-64,-2.28,2745,2745,1400-6-9,2021-08-31
914,ضذوب901,اختيارخ ذوب-3000-14000917,1,3,6360000,1900,2120,2120,220,11.58,2120,220,11.58,2120,2120,1400-6-9,2021-08-31
915,مكرما3042,مشاركت ش كرمانشاه304-3ماهه18%,1,300000,294000000000,1000000,980000,980000,-20000,-2,980000,-20000,-2,980000,980000,1400-6-9,2021-08-31
916,اراد834,مرابحه عام دولت83-ش.خ041220,1,9980000,9153905500000,1000000,917225,917225,-82775,-8.28,917225,-82775,-8.28,917225,917225,1400-6-9,2021-08-31
917,ضشنا8002,اختيارخ شپنا-7800-1400/08/16,1,1,3705000,7191,3705,3705,-3486,-48.48,3705,-3486,-48.48,3705,3705,1400-6-9,2021-08-31
918,زعف0008پ20,زعفران0008نگين وحدت جام(پ),1,2000,283860000,145352,141930,141930,-3422,-2.35,141930,-3422,-2.35,141930,141930,1400-6-9,2021-08-31
919,ضسان7077,اختيارخ پارسان-16000-00/07/14,1,1,15000000,18500,15000,15000,-3500,-18.92,15000,-3500,-18.92,15000,15000,1400-6-9,2021-08-31
920,پاسار042,اجاره انرژي پاسارگاد14040302,1,290000,290000000000,1000000,1000000,1000000,0,0,1000000,0,0,1000000,1000000,1400-6-9,2021-08-31
921,اگ0006182,گام بانك تجارت0006,1,100000,98350000000,978000,983500,983500,5500,0.56,983500,5500,0.56,983500,983500,1400-6-9,2021-08-31
922,طمخا7068,اختيارف اخابر-15700-1400/07/28,1,2,12804000,5890,6402,6402,512,8.69,6402,512,8.69,6402,6402,1400-6-9,2021-08-31
923,هماي2,صندوق س هماي آگاه-ثابت,1,9227000,9227000,10329,1,1,-10328,-99.99,1,-10328,-99.99,1,1,1400-6-9,2021-08-31
924,ضمخا7071,اختيارخ اخابر-23700-1400/07/28,1,10,450000,46,45,45,-1,-2.17,45,-1,-2.17,45,45,1400-6-9,2021-08-31
925,كمند2,صندوق س. با درآمد ثابت كمند,1,50000000,50000000,10133,1,1,-10132,-99.99,1,-10132,-99.99,1,1,1400-6-9,2021-08-31
926,آوا2,صندوق س.سهام آواي معيار-س,1,5400000,5400000,8829,1,1,-8828,-99.99,1,-8828,-99.99,1,1,1400-6-9,2021-08-31
927,فراز4,صندوق س.سهام فراز داريك-س,1,3000000,40800000000,13930,13600,13600,-330,-2.37,13600,-330,-2.37,13600,13600,1400-6-9,2021-08-31
928,طمخا7071,اختيارف اخابر-23700-1400/07/28,1,2,29740000,12350,14870,14870,2520,20.4,14870,2520,20.4,14870,14870,1400-6-9,2021-08-31
929,اخزا811,اسنادخزانه-م11بودجه98-001013,1,2442,2281238256,933698,934168,934168,470,0.05,934168,470,0.05,934168,934168,1400-6-9,2021-08-31
930,ضپنا8000,اختيارخ رمپنا-9850-1400/08/05,1,3,2667000,10400,889,889,-9511,-91.45,889,-9511,-91.45,889,889,1400-6-9,2021-08-31
