,نماد,نام,تعداد,حجم,ارزش,دیروز,اولین,آخرین معامله - مقدار,آخرین معامله - تغییر,آخرین معامله - درصد,قیمت پایانی - مقدار,قیمت پایانی - تغییر,قیمت پایانی - درصد,کمترین,بیشترین,تاریخ,gregorian_date
0,سپيد,سپيد ماكيان,159282,41658412,2279906063290,52270,54870,54590,2320,4.44,54730,2460,4.71,53240,54880,1400-6-2,2021-08-24
1,پالايش,صندوق پالايشي يكم-سهام,45308,53154751,4617325122120,83820,83980,87580,3760,4.49,86870,3050,3.64,83980,88270,1400-6-2,2021-08-24
2,وهامون,سرمايه گذاري هامون صبا,35442,25786534,94301354838,3483,3657,3657,174,5,3657,174,5,3657,3657,1400-6-2,2021-08-24
3,دارا يكم,صندوق واسطه گري مالي يكم-سهام,33524,23876324,3486794456580,138250,138210,149150,10900,7.88,146040,7790,5.63,138210,149740,1400-6-2,2021-08-24
4,شستا,سرمايه گذاري تامين اجتماعي,30733,134960826,1962320399620,14360,14330,14490,130,0.91,14540,180,1.25,14170,14790,1400-6-2,2021-08-24
5,پترول,گ.س.وت.ص.پتروشيمي خليج فارس,30691,238181729,1086367344896,4620,4680,4513,-107,-2.32,4561,-59,-1.28,4410,4680,1400-6-2,2021-08-24
6,بركت,گروه دارويي بركت,23681,39539232,1466815810420,36840,37930,37040,200,0.54,37100,260,0.71,36600,38100,1400-6-2,2021-08-24
7,وسپهر,سرمايه گذاري مالي سپهرصادرات,21860,38440735,410077822894,10651,10800,10570,-81,-0.76,10668,17,0.16,10200,11000,1400-6-2,2021-08-24
8,دي,بانك دي,21417,1088171727,1263979054957,1118,1117,1173,55,4.92,1162,44,3.94,1117,1173,1400-6-2,2021-08-24
9,فولاد,فولاد مباركه اصفهان,19624,151607814,1891247681620,12250,12160,12500,250,2.04,12470,220,1.8,12160,12670,1400-6-2,2021-08-24
10,خودرو,ايران‌ خودرو,19518,589767123,1381901337700,2294,2270,2358,64,2.79,2343,49,2.14,2265,2398,1400-6-2,2021-08-24
11,فملي,ملي‌ صنايع‌ مس‌ ايران‌,19281,97227077,1404115320300,14220,14350,14400,180,1.27,14440,220,1.55,14240,14580,1400-6-2,2021-08-24
12,خساپا,سايپا,19273,672745313,1445596432510,2120,2100,2155,35,1.65,2149,29,1.37,2090,2190,1400-6-2,2021-08-24
13,مديريت,س. و خدمات مديريت صند. ب كشوري,17845,11244095,69522239385,5889,6183,6183,294,4.99,6183,294,4.99,6183,6183,1400-6-2,2021-08-24
14,شپنا,پالايش نفت اصفهان,17813,104226505,1559785661440,14680,14610,15020,340,2.32,14970,290,1.98,14610,15270,1400-6-2,2021-08-24
15,ومدير,گ.مديريت ارزش سرمايه ص ب كشوري,17428,122133082,692763410940,5550,5700,5600,50,0.9,5670,120,2.16,5450,5820,1400-6-2,2021-08-24
16,وتجارت,بانك تجارت,15454,548785605,1548632801338,2716,2695,2851,135,4.97,2822,106,3.9,2687,2851,1400-6-2,2021-08-24
17,شتران,پالايش نفت تهران,15158,99257547,1139549955510,11230,11280,11450,220,1.96,11480,250,2.23,11200,11740,1400-6-2,2021-08-24
18,نوري,پتروشيمي نوري,14924,9411042,1035311315970,110970,110600,110010,-960,-0.87,110010,-960,-0.87,108000,112710,1400-6-2,2021-08-24
19,وبملت,بانك ملت,14879,672666901,2928211094092,4161,4180,4369,208,5,4353,192,4.61,4126,4369,1400-6-2,2021-08-24
20,لطيف,محصولات كاغذي لطيف,14433,3386800,196216642516,55835,57350,57150,1315,2.36,57936,2101,3.76,56700,58626,1400-6-2,2021-08-24
21,زماهان,مجتمع توليد گوشت مرغ ماهان,13606,72268082,1110651758852,15340,14573,15942,602,3.92,15368,28,0.18,14573,16107,1400-6-2,2021-08-24
22,سفاسي,شركت فارسيت اهواز,13224,71978310,514215461521,7167,6809,7429,262,3.66,7144,-23,-0.32,6809,7500,1400-6-2,2021-08-24
23,فگستر,گسترش صنايع روي ايرانيان,13127,9329039,153102969220,16497,16119,16330,-167,-1.01,16411,-86,-0.52,16110,16899,1400-6-2,2021-08-24
24,گدنا,تهيه توزيع غذاي دنا آفرين فدك,12836,5835169,129332870210,21311,21999,22121,810,3.8,22164,853,4,21850,22376,1400-6-2,2021-08-24
25,خگستر,گسترش‌سرمايه‌گذاري‌ايران‌خودرو,12391,270102023,801523182204,2921,2910,2958,37,1.27,2967,46,1.57,2864,3025,1400-6-2,2021-08-24
26,چخزر,صنايع چوب خزر كاسپين,11274,3684056,147776422319,38505,38400,40430,1925,5,40112,1607,4.17,38400,40430,1400-6-2,2021-08-24
27,ثبهساز,بهساز كاشانه تهران,11162,71089337,192639655201,2587,2650,2716,129,4.99,2710,123,4.75,2650,2716,1400-6-2,2021-08-24
28,ولكار,ليزينگ كارآفرين,10426,10770365,57244368957,5067,5300,5320,253,4.99,5315,248,4.89,5100,5320,1400-6-2,2021-08-24
29,وبصادر,بانك صادرات ايران,10249,336375836,884470686030,2526,2510,2652,126,4.99,2629,103,4.08,2451,2652,1400-6-2,2021-08-24
30,ثاميد,توسعه و عمران اميد,10009,98451341,192149556749,1827,1942,1951,124,6.79,1952,125,6.84,1922,1990,1400-6-2,2021-08-24
31,آريا,پليمر آريا ساسول,9933,5323352,642227225169,120438,118200,120905,467,0.39,120643,205,0.17,118180,123200,1400-6-2,2021-08-24
32,شگويا,پتروشيمي تندگويان,9519,40388968,523391126577,12803,13050,12980,177,1.38,12959,156,1.22,12758,13250,1400-6-2,2021-08-24
33,فتوسا,توليد و توسعه سرب روي ايرانيان,9459,6595536,104142952413,15504,15699,15800,296,1.91,15790,286,1.84,15300,16198,1400-6-2,2021-08-24
34,بوعلي,پتروشيمي بوعلي سينا,9317,3972719,271757631990,67970,67970,67810,-160,-0.24,68410,440,0.65,67130,69590,1400-6-2,2021-08-24
35,شاروم,پتروشيمي اروميه,9250,12221568,257394281952,20255,21257,20720,465,2.3,21061,806,3.98,20578,21267,1400-6-2,2021-08-24
36,ذوب,سهامي ذوب آهن  اصفهان,8952,237068266,1078225377014,4355,4410,4572,217,4.98,4548,193,4.43,4380,4572,1400-6-2,2021-08-24
37,زملارد,كشاورزي و دامپروري ملارد شير,8667,4332063,148825766875,32883,34400,34527,1644,5,34354,1471,4.47,33198,34527,1400-6-2,2021-08-24
38,غكورش,صنعت غذايي كورش,8604,7843878,382646577640,46550,47890,48870,2320,4.98,48780,2230,4.79,47730,48870,1400-6-2,2021-08-24
39,لپارس,پارس‌ الكتريك‌,8428,5598508,523632565220,92850,90120,94880,2030,2.19,93530,680,0.73,90120,96500,1400-6-2,2021-08-24
40,خپارس,پارس‌ خودرو,7962,425346890,529406684477,1198,1199,1257,59,4.92,1245,47,3.92,1185,1257,1400-6-2,2021-08-24
41,وپارس,بانك‌پارسيان‌,7946,201739766,640442076781,3113,3090,3146,33,1.06,3175,62,1.99,3090,3259,1400-6-2,2021-08-24
42,خبهمن,گروه‌بهمن‌,7842,550605094,976022239704,1704,1720,1789,85,4.99,1773,69,4.05,1671,1789,1400-6-2,2021-08-24
43,هاي وب,داده گسترعصرنوين-هاي وب,7734,40169914,413614871480,10280,10440,10140,-140,-1.36,10300,20,0.19,10120,10600,1400-6-2,2021-08-24
44,كزغال,زغال سنگ پروده طبس,7441,6855855,268315983893,37391,38000,39260,1869,5,39137,1746,4.67,37835,39260,1400-6-2,2021-08-24
45,سيتا,سرمايه گذاري سيمان تامين,7063,8200909,129343436410,15380,15700,15760,380,2.47,15770,390,2.54,15410,16000,1400-6-2,2021-08-24
46,بترانس,ايران‌ ترانسفو,6768,228767087,637562968126,2660,2780,2793,133,5,2787,127,4.77,2710,2793,1400-6-2,2021-08-24
47,صبا,سرمايه گذاري صبا تامين,6696,29924650,306718078153,10172,10310,10239,67,0.66,10250,78,0.77,10167,10500,1400-6-2,2021-08-24
48,امين,تامين سرمايه امين,6522,4916835,43515659360,8500,8580,8920,420,4.94,8850,350,4.12,8580,8920,1400-6-2,2021-08-24
49,فارس,صنايع پتروشيمي خليج فارس,6440,43935836,601805178130,13690,13530,13730,40,0.29,13700,10,0.07,13530,13900,1400-6-2,2021-08-24
50,رافزا,رايان هم افزا,6420,1205653,95442448191,75921,76990,79717,3796,5,79162,3241,4.27,76605,79717,1400-6-2,2021-08-24
51,غدام,خوراك‌  دام‌ پارس‌,6248,5026164,1502342193510,314540,298820,298820,-15720,-5,298900,-15640,-4.97,298820,305000,1400-6-2,2021-08-24
52,كوير,توليدي فولاد سپيد فراب كوير,6174,62201859,972874331000,14920,15600,15660,740,4.96,15640,720,4.83,15300,15660,1400-6-2,2021-08-24
53,كپشير,پشم‌شيشه‌ايران‌,6007,18375060,383542354290,20370,21380,20500,130,0.64,20870,500,2.45,20350,21380,1400-6-2,2021-08-24
54,كمند,صندوق س. با درآمد ثابت كمند,6006,240123073,2425069650818,10094,10099,10099,5,0.05,10099,5,0.05,10099,10101,1400-6-2,2021-08-24
55,امين يكم,صندوق درآمد ثابت امين يكم فردا,5833,172172238,1721939937654,10000,10004,10002,2,0.02,10001,1,0.01,9999,10005,1400-6-2,2021-08-24
56,غزر,صنعتي زر ماكارون,5645,2675127,69938866630,24930,26100,26170,1240,4.97,26140,1210,4.85,25510,26170,1400-6-2,2021-08-24
57,شبريز,پالايش نفت تبريز,5568,27835707,1143467119280,39290,38990,41250,1960,4.99,41080,1790,4.56,38560,41250,1400-6-2,2021-08-24
58,فاراك,ماشين‌ سازي‌ اراك‌,5504,167473238,379763194514,2172,2220,2266,94,4.33,2268,96,4.42,2170,2280,1400-6-2,2021-08-24
59,بگيلان,توسعه مسير برق گيلان,5478,1938015,41786660204,21000,21640,22048,1048,4.99,21562,562,2.68,21030,22050,1400-6-2,2021-08-24
60,وغدير,سرمايه‌گذاري‌غدير(هلدينگ‌,5366,45904445,753847758880,16100,16000,16600,500,3.11,16420,320,1.99,15920,16650,1400-6-2,2021-08-24
61,فزرين,زرين معدن آسيا,5283,22180056,435614591354,19614,19800,19800,186,0.95,19640,26,0.13,19050,20200,1400-6-2,2021-08-24
62,وخارزم,سرمايه گذاري خوارزمي,5272,61070285,412997247120,6460,6530,6780,320,4.95,6760,300,4.64,6400,6780,1400-6-2,2021-08-24
63,شپلي,پلي اكريل ايران,5264,47461260,576705251798,12411,12039,12494,83,0.67,12151,-260,-2.09,12039,12520,1400-6-2,2021-08-24
64,فاراكح,ح . ماشين‌ سازي‌ اراك‌,5247,139362663,143083474534,974,1000,1020,46,4.72,1027,53,5.44,965,1050,1400-6-2,2021-08-24
65,ثشاهد,سرمايه‌ گذاري‌ شاهد,5240,27646976,487719771440,16850,17400,17690,840,4.99,17640,790,4.69,16960,17690,1400-6-2,2021-08-24
66,ولپارس,ليزينگ پارسيان,5197,19387432,92900504891,4567,4795,4795,228,4.99,4792,225,4.93,4610,4795,1400-6-2,2021-08-24
67,حفاري,حفاري شمال,5095,107164710,827920828060,7380,7540,7740,360,4.88,7730,350,4.74,7500,7740,1400-6-2,2021-08-24
68,چدن,توليدي چدن سازان,5003,92498577,438709742527,4562,4700,4670,108,2.37,4743,181,3.97,4620,4790,1400-6-2,2021-08-24
69,شاراك,پتروشيمي شازند,4947,13158266,583388886570,44400,43580,44200,-200,-0.45,44340,-60,-0.14,43000,45650,1400-6-2,2021-08-24
70,وكبهمن,مديريت سرمايه گذاري كوثربهمن,4834,3345604,44359363436,12628,13259,13259,631,5,13259,631,5,13259,13259,1400-6-2,2021-08-24
71,گشان,توسعه بين المللي پديده شانديز,4755,10706737,241604304588,22279,22700,22361,82,0.37,22566,287,1.29,22284,22724,1400-6-2,2021-08-24
72,كنورح,ح توسعه معدني و صنعتي صبانور,4715,43245098,806723998210,1100,19000,18350,17250,1568.18,18650,17550,1595.45,18030,19500,1400-6-2,2021-08-24
73,اپال,فرآوري معدني اپال كاني پارس,4698,7116952,176935063170,23930,25110,25030,1100,4.6,24860,930,3.89,24130,25120,1400-6-2,2021-08-24
74,ملت,بيمه ملت,4674,142554704,191296777494,1303,1320,1353,50,3.84,1342,39,2.99,1303,1360,1400-6-2,2021-08-24
75,فروي,ذوب روي اصفهان,4657,6321548,230420649210,34954,35000,36500,1546,4.42,36450,1496,4.28,35000,36701,1400-6-2,2021-08-24
76,قجام,فرآوردههاي غذايي وقندتربت‌جام‌,4593,35593525,223771538440,6400,6144,6351,-49,-0.77,6287,-113,-1.77,6144,6600,1400-6-2,2021-08-24
77,فاذر,صنايع‌ آذرآب‌,4588,302050367,433000415988,1369,1437,1427,58,4.24,1434,65,4.75,1402,1437,1400-6-2,2021-08-24
78,پيزد,مجتمع صنايع لاستيك يزد,4464,1482036,113314970597,73057,75000,76708,3651,5,76459,3402,4.66,74518,76709,1400-6-2,2021-08-24
79,وپويا,سرمايه گذاري پويا,4445,18386008,105951244804,5520,5620,5796,276,5,5763,243,4.4,5500,5796,1400-6-2,2021-08-24
80,ثزاگرس,سرمايه گذاري توسعه عمران زاگرس,4305,4663600,236558815950,52331,49715,51532,-799,-1.53,50725,-1606,-3.07,49715,53500,1400-6-2,2021-08-24
81,آبادا,توليد نيروي برق آبادان,4304,2470441,32261347890,12460,12900,13080,620,4.98,13060,600,4.82,12610,13080,1400-6-2,2021-08-24
82,كاوه,فولاد كاوه جنوب كيش,4300,17604134,384434086540,21170,21160,21600,430,2.03,21840,670,3.16,21160,22150,1400-6-2,2021-08-24
83,نمرينو,ايران‌ مرينوس‌,4164,2394941,294784015740,128070,121670,122800,-5270,-4.11,123090,-4980,-3.89,121670,128050,1400-6-2,2021-08-24
84,پتاير,ايران‌ تاير,4116,86270066,279233499667,3159,3249,3258,99,3.13,3237,78,2.47,3185,3300,1400-6-2,2021-08-24
85,وسكرشا,س.سهام عدالت استان كرمانشاه,4108,178292877,137219178944,770,760,766,-4,-0.52,770,0,0,760,798,1400-6-2,2021-08-24
86,شلعاب,لعابيران‌,4093,22502345,214178930820,9140,9590,9590,450,4.92,9520,380,4.16,9220,9590,1400-6-2,2021-08-24
87,فخوز,فولاد  خوزستان,4090,19880704,363976718640,18000,18000,18250,250,1.39,18310,310,1.72,18000,18490,1400-6-2,2021-08-24
88,غگيلا,شيرپاستوريزه پگاه گيلان,4076,7389705,221110324709,28876,29600,30319,1443,5,29921,1045,3.62,29500,30319,1400-6-2,2021-08-24
89,خودكفا,اقتصادي و خودكفايي آزادگان,4075,15938715,240770476667,15390,15000,15050,-340,-2.21,15106,-284,-1.85,15000,15470,1400-6-2,2021-08-24
90,بپيوند,برق و انرژي پيوندگستر پارس,3989,4242797,53939437134,12138,12360,12744,606,4.99,12713,575,4.74,12360,12744,1400-6-2,2021-08-24
91,غگلپا,شير پاستوريزه پگاه گلپايگان,3898,3138688,235061381826,73815,74890,76400,2585,3.5,74892,1077,1.46,71543,77300,1400-6-2,2021-08-24
92,غنوش,نوش‌ مازندران‌,3869,5628185,219175804380,38610,38150,38870,260,0.67,38940,330,0.85,38100,39800,1400-6-2,2021-08-24
93,كيان,صندوق س. با درآمد ثابت كيان,3841,53775459,1621904439973,30138,30169,30161,23,0.08,30161,23,0.08,30140,30170,1400-6-2,2021-08-24
94,كترام,توليدي‌ كاشي‌ تكسرام‌,3802,15593541,505225154380,30870,32410,32410,1540,4.99,32400,1530,4.96,31500,32410,1400-6-2,2021-08-24
95,فجر,فولاد اميركبيركاشان,3721,11618412,356402613440,29420,29910,30890,1470,5,30680,1260,4.28,29910,30890,1400-6-2,2021-08-24
96,ارفع,شركت آهن و فولاد ارفع,3625,20268120,349160879333,17251,17060,17590,339,1.97,17227,-24,-0.14,16900,17590,1400-6-2,2021-08-24
97,وتوصا,گروه س توسعه صنعتي ايران,3623,30570665,316674955080,9940,10380,10290,350,3.52,10360,420,4.23,10050,10430,1400-6-2,2021-08-24
98,آگاس,صندوق س.هستي بخش آگاه-س,3605,4331394,392703599658,87911,88845,90800,2889,3.29,90664,2753,3.13,88845,91150,1400-6-2,2021-08-24
99,خنصير,مهندسي‌نصيرماشين‌,3517,18562803,227418636690,11900,11900,12490,590,4.96,12250,350,2.94,11800,12490,1400-6-2,2021-08-24
100,كبافق,معادن‌ بافق‌,3488,4317437,194276960310,44580,45850,44120,-460,-1.03,45000,420,0.94,44000,46700,1400-6-2,2021-08-24
101,فلات,گروه صنايع معادن فلات ايرانيان,3475,16242006,222286644825,13907,13212,13940,33,0.24,13686,-221,-1.59,13212,14280,1400-6-2,2021-08-24
102,خزر,فنرسازي‌زر,3473,8923815,172885447750,18900,18900,19200,300,1.59,19370,470,2.49,18900,19820,1400-6-2,2021-08-24
103,طلا,صندوق س.پشتوانه طلاي لوتوس,3472,4886081,433553556414,87475,89000,87900,425,0.49,88732,1257,1.44,87900,89479,1400-6-2,2021-08-24
104,سرو,صندوق س سروسودمند مدبران-سهام,3450,4454170,394127545560,86570,86850,89200,2630,3.04,88490,1920,2.22,86650,89230,1400-6-2,2021-08-24
105,ثفارس,عمران‌وتوسعه‌فارس‌,3404,35875792,357894269140,9550,10020,9630,80,0.84,9980,430,4.5,9560,10020,1400-6-2,2021-08-24
106,وبانك,سرمايه گذاري گروه توسعه ملي,3377,38939892,396487171310,9920,9750,10400,480,4.84,10180,260,2.62,9750,10410,1400-6-2,2021-08-24
107,ونوين,بانك‌اقتصادنوين‌,3370,63337267,333239818890,5160,5140,5290,130,2.52,5260,100,1.94,5050,5340,1400-6-2,2021-08-24
108,هرمز,فولاد هرمزگان جنوب,3342,12819423,240046151001,18385,18300,18724,339,1.84,18725,340,1.85,18245,19120,1400-6-2,2021-08-24
109,كرمان,س. توسعه و عمران استان كرمان,3268,184610719,262672435482,1356,1423,1423,67,4.94,1423,67,4.94,1401,1423,1400-6-2,2021-08-24
110,خزاميا,زامياد,3263,33844210,254264224990,7320,7280,7600,280,3.83,7510,190,2.6,7190,7670,1400-6-2,2021-08-24
111,سفارس,سيمان فارس و خوزستان,3248,13481789,331743369110,24670,24800,24600,-70,-0.28,24610,-60,-0.24,24300,25140,1400-6-2,2021-08-24
112,ختور,رادياتور ايران‌,3198,10670752,217365549410,19970,19780,20290,320,1.6,20370,400,2,19780,20780,1400-6-2,2021-08-24
113,شيران,س. صنايع‌شيميايي‌ايران,3190,19550457,546684321590,26680,26500,28010,1330,4.99,27960,1280,4.8,26500,28010,1400-6-2,2021-08-24
114,ومعادن,توسعه‌معادن‌وفلزات‌,3163,34958851,440124894560,12400,12220,12560,160,1.29,12590,190,1.53,12220,12800,1400-6-2,2021-08-24
115,ختوقا,قطعات‌ اتومبيل‌ ايران‌,3153,53175337,139170636777,2605,2640,2620,15,0.58,2617,12,0.46,2570,2680,1400-6-2,2021-08-24
116,دماوند,توليد نيروي برق دماوند,3129,11641833,328023856766,27214,27750,28574,1360,5,28176,962,3.53,26900,28574,1400-6-2,2021-08-24
117,غفارس,شير پاستوريزه پگاه فارس,3091,10257379,148440142919,14089,13800,14619,530,3.76,14472,383,2.72,13800,14700,1400-6-2,2021-08-24
118,لازما,كارخانه هاي صنعتي آزمايش,3070,8898194,203039572180,23487,22313,22750,-737,-3.14,22818,-669,-2.85,22313,23999,1400-6-2,2021-08-24
119,حپترو,حمل و نقل پتروشيمي( سهامي عام,2990,8919575,321357735740,52860,36000,37190,-15670,-29.64,36030,-16830,-31.84,34200,37500,1400-6-2,2021-08-24
120,خفولا,خدمات فني فولاد يزد,2923,6184008,167151453562,27297,26479,27290,-7,-0.03,27030,-267,-0.98,26479,27850,1400-6-2,2021-08-24
121,ونيكي,سرمايه‌گذاري‌ ملي‌ايران‌,2910,14431204,192511931990,12940,13560,13130,190,1.47,13340,400,3.09,12950,13580,1400-6-2,2021-08-24
122,كلر,كلر پارس,2870,1709359,224650776011,128308,131650,130000,1692,1.32,131424,3116,2.43,128800,133730,1400-6-2,2021-08-24
123,وپاسار,بانك  پاسارگاد,2860,46271273,693258920530,14940,14940,14980,40,0.27,14980,40,0.27,14900,15200,1400-6-2,2021-08-24
124,غديس,پاكديس,2826,18590780,321828215630,16618,17200,17160,542,3.26,17311,693,4.17,16860,17448,1400-6-2,2021-08-24
125,اعتماد,صندوق س.اعتماد آفرين پارسيان-د,2824,60632890,2322287228110,38279,38301,38300,21,0.05,38301,22,0.06,38300,38304,1400-6-2,2021-08-24
126,شفن,پتروشيمي فناوران,2822,722738,282418854460,375560,378000,394320,18760,5,390760,15200,4.05,375600,394330,1400-6-2,2021-08-24
127,وساپا,سرمايه‌گذاري‌ سايپا,2776,38021697,240791309710,6090,6100,6390,300,4.93,6330,240,3.94,6090,6390,1400-6-2,2021-08-24
128,البرز,بيمه البرز,2767,90945112,247903314389,2655,2669,2762,107,4.03,2726,71,2.67,2642,2770,1400-6-2,2021-08-24
129,قرن,پديده شيمي قرن,2748,6166624,211506172160,32760,34220,34390,1630,4.98,34300,1540,4.7,33290,34390,1400-6-2,2021-08-24
130,سمگا,گروه سرمايه گذاري ميراث فرهنگي,2685,11308199,331093821188,29063,29066,29230,167,0.57,29279,216,0.74,28780,29928,1400-6-2,2021-08-24
131,تبرك,گروه كارخانجات صنعتي تبرك,2657,10873899,164593223323,14482,14690,15206,724,5,15137,655,4.52,14490,15206,1400-6-2,2021-08-24
132,كگل,معدني و صنعتي گل گهر,2622,15300792,377378145380,24580,24580,24850,270,1.1,24660,80,0.33,24170,24950,1400-6-2,2021-08-24
133,خمحركه,نيرو محركه‌,2601,26992205,119098326409,4329,4242,4438,109,2.52,4412,83,1.92,4242,4484,1400-6-2,2021-08-24
134,كچاد,معدني‌وصنعتي‌چادرملو,2582,5380805,161717292420,29660,29950,29970,310,1.05,30050,390,1.31,29800,30530,1400-6-2,2021-08-24
135,پارس,پتروشيمي پارس,2531,1706032,374600656510,212190,215000,220950,8760,4.13,219570,7380,3.48,210000,221000,1400-6-2,2021-08-24
136,غسالم,سالمين‌,2517,26651263,102606248038,3725,3830,3858,133,3.57,3850,125,3.36,3731,3911,1400-6-2,2021-08-24
137,رمپنا,گروه مپنا (سهامي عام),2517,20503218,406631536350,19090,19110,19790,700,3.67,19830,740,3.88,19110,20040,1400-6-2,2021-08-24
138,حآسا,آسيا سير ارس,2476,6035192,143883853094,22751,23699,23888,1137,5,23841,1090,4.79,23120,23888,1400-6-2,2021-08-24
139,بكهنوج,توليد برق ماهتاب كهنوج,2476,69590151,128071337802,1766,1825,1854,88,4.98,1840,74,4.19,1800,1854,1400-6-2,2021-08-24
140,مرقام,ايران‌ارقام‌,2455,7238697,129322223060,17640,17780,17900,260,1.47,17870,230,1.3,17500,18390,1400-6-2,2021-08-24
141,اميد,تامين سرمايه اميد,2411,21816327,136499987250,6030,6200,6150,120,1.99,6260,230,3.81,6100,6330,1400-6-2,2021-08-24
142,غشهداب,كشت و صنعت شهداب ناب خراسان,2402,36955600,139630762562,3610,3657,3790,180,4.99,3778,168,4.65,3620,3790,1400-6-2,2021-08-24
143,زكوثر,سرمايه گذاري كشاورزي كوثر,2394,4797868,99271035470,20250,20260,20740,490,2.42,20690,440,2.17,20000,21000,1400-6-2,2021-08-24
144,افق,فروشگاههاي زنجيره اي افق كوروش,2373,6935705,449126886230,62010,62300,65110,3100,5,64760,2750,4.43,62300,65110,1400-6-2,2021-08-24
145,ولساپا,ليزينگ رايان‌ سايپا,2371,36658736,120402814168,3227,3220,3250,23,0.71,3284,57,1.77,3220,3348,1400-6-2,2021-08-24
146,سشرق,سيمان‌ شرق‌,2351,13396886,132556111530,9820,9650,9930,110,1.12,9890,70,0.71,9650,10200,1400-6-2,2021-08-24
147,فاسمين,كالسيمين‌,2303,15313222,277837597030,17340,17700,18200,860,4.96,18140,800,4.61,17350,18200,1400-6-2,2021-08-24
148,ولانا,شركت ليزينگ آريا دانا,2300,3756261,95418168551,26014,25234,25460,-554,-2.13,25402,-612,-2.35,25234,26500,1400-6-2,2021-08-24
149,ثنوسا,نوسازي‌وساختمان‌تهران‌,2298,24599715,240919580380,9360,9310,9820,460,4.91,9790,430,4.59,9300,9820,1400-6-2,2021-08-24
150,دلقما,دارويي‌ لقمان‌,2287,2916978,112274868290,39680,40900,38500,-1180,-2.97,38490,-1190,-3,37900,40900,1400-6-2,2021-08-24
151,مدير,ص.س.مديريت ثروت ص.بازنشستگي-س,2279,9186466,106114053832,11135,11463,11799,664,5.96,11551,416,3.74,11245,11799,1400-6-2,2021-08-24
152,قرنح,ح . پديده شيمي قرن,2275,4898468,137238114100,25800,25400,28380,2580,10,28020,2220,8.6,25400,28380,1400-6-2,2021-08-24
153,وآذر,سرمايه‌گذاري‌توسعه‌آذربايجان‌,2259,1932359,144296781750,73610,72110,75790,2180,2.96,74670,1060,1.44,72100,76000,1400-6-2,2021-08-24
154,سصفها,سيمان‌اصفهان‌,2244,1489654,94501870420,61160,62890,63000,1840,3.01,63440,2280,3.73,61300,64210,1400-6-2,2021-08-24
155,كيسون,شركت كيسون,2234,17225173,153250231365,8725,8899,8899,174,1.99,8897,172,1.97,8760,8899,1400-6-2,2021-08-24
156,آپ,آسان پرداخت پرشين,2188,14067044,213247255900,14930,15300,15000,70,0.47,15160,230,1.54,14930,15470,1400-6-2,2021-08-24
157,شپديس,پتروشيمي پرديس,2165,1669850,280197806600,166300,169040,166190,-110,-0.07,167800,1500,0.9,165010,170230,1400-6-2,2021-08-24
158,سصوفي,سيمان‌ صوفيان‌,2133,4723803,108737500990,23010,23540,23100,90,0.39,23020,10,0.04,22600,23540,1400-6-2,2021-08-24
159,وبيمه,سرمايه‌ گذاري‌ صنعت‌ بيمه‌,2094,45887236,95449488958,1996,2050,2095,99,4.96,2080,84,4.21,2010,2095,1400-6-2,2021-08-24
160,خكار,ايركا پارت صنعت,2075,6673574,111882568130,16090,16100,16890,800,4.97,16770,680,4.23,16100,16890,1400-6-2,2021-08-24
161,شبصير,توليدات پتروشيمي قائد بصير,2043,4928818,516154413545,99785,99888,104774,4989,5,104722,4937,4.95,99888,104774,1400-6-2,2021-08-24
162,وايران,ليزينگ ايرانيان,2015,14077534,101006499710,6870,7050,7190,320,4.66,7180,310,4.51,6960,7210,1400-6-2,2021-08-24
163,شاوان,پالايش نفت لاوان,2010,1541865,164582180729,104018,105980,106123,2105,2.02,106742,2724,2.62,105000,108000,1400-6-2,2021-08-24
164,بكام,كارخانجات توليدي شهيد قندي,1998,41701838,120295642458,2754,2810,2891,137,4.97,2885,131,4.76,2800,2891,1400-6-2,2021-08-24
165,ريشمك,توليد و صادرات ريشمك,1990,3270681,140925464515,42798,43739,42689,-109,-0.25,43087,289,0.68,42479,44300,1400-6-2,2021-08-24
166,غمارگ,مارگارين‌,1976,7484975,247874633030,33130,34690,33950,820,2.48,33120,-10,-0.03,31800,34690,1400-6-2,2021-08-24
167,وتوكا,سرمايه‌گذاري‌توكافولاد(هلدينگ,1975,15571301,184639154630,11350,11220,11910,560,4.93,11860,510,4.49,11220,11910,1400-6-2,2021-08-24
168,ولصنم,ليزينگ‌صنعت‌ومعدن‌,1963,9360104,76905995130,8070,8220,8160,90,1.12,8220,150,1.86,8110,8370,1400-6-2,2021-08-24
169,دسانكو,داروسازي سبحان انكولوژي,1948,7460115,87004586651,11387,11440,11800,413,3.63,11663,276,2.42,11360,11850,1400-6-2,2021-08-24
170,ولغدر,ليزينگ‌خودروغدير,1947,6984151,113380907650,15500,15950,16270,770,4.97,16230,730,4.71,15520,16270,1400-6-2,2021-08-24
171,تكشا,گسترش‌صنايع‌وخدمات‌كشاورزي‌,1944,3728484,121912285340,31920,32000,33510,1590,4.98,32700,780,2.44,31110,33510,1400-6-2,2021-08-24
172,فجام,جام‌دارو,1941,9057766,66157485750,7200,7200,7410,210,2.92,7300,100,1.39,7170,7530,1400-6-2,2021-08-24
173,ونيرو,سرمايه‌گذاري‌نيرو,1900,32710641,107461535113,3216,3275,3280,64,1.99,3285,69,2.15,3220,3370,1400-6-2,2021-08-24
174,زاگرس,پتروشيمي زاگرس,1898,1039182,269669047511,248797,252500,261236,12439,5,259501,10704,4.3,251370,261236,1400-6-2,2021-08-24
175,حبندر,دريايي و کشتيراني خط دريابندر,1890,3373996,113934577212,34557,33521,33525,-1032,-2.99,33768,-789,-2.28,33521,35100,1400-6-2,2021-08-24
176,غپينو,پارس‌ مينو,1889,15875322,88235276650,5340,5430,5600,260,4.87,5560,220,4.12,5430,5600,1400-6-2,2021-08-24
177,تاصيكو,سرمايه گذاري صدرتامين,1868,11998184,140765019860,11520,11690,11660,140,1.22,11730,210,1.82,11570,11900,1400-6-2,2021-08-24
178,اخابر,مخابرات ايران,1864,43572578,479578210230,10490,11010,11010,520,4.96,11010,520,4.96,10600,11010,1400-6-2,2021-08-24
179,پارسان,گسترش نفت و گاز پارسيان,1863,10489875,323038251330,29990,29430,31270,1280,4.27,30800,810,2.7,29430,31300,1400-6-2,2021-08-24
180,ثنور,سرمايه گذاري كوه نور,1862,11447722,83660647374,7334,7168,7235,-99,-1.35,7308,-26,-0.35,7168,7550,1400-6-2,2021-08-24
181,بجهرم,توسعه مولد نيروگاهي جهرم,1861,27085168,77544050559,2802,2890,2883,81,2.89,2863,61,2.18,2817,2901,1400-6-2,2021-08-24
182,فاهواز,نورد و لوله اهواز,1860,12570070,94292556298,7450,7500,7524,74,0.99,7501,51,0.68,7380,7524,1400-6-2,2021-08-24
183,نطرين,عطرين نخ قم,1855,9702000,83317794398,8232,8400,8643,411,4.99,8588,356,4.32,8400,8643,1400-6-2,2021-08-24
184,وپست,پست بانك ايران,1850,8023544,171758843650,20790,21300,21540,750,3.61,21410,620,2.98,20950,21800,1400-6-2,2021-08-24
185,كسرا,سراميك‌هاي‌صنعتي‌اردكان‌,1849,10616590,207253298780,18870,19800,19810,940,4.98,19520,650,3.44,19000,19810,1400-6-2,2021-08-24
186,حكشتي,كشتيراني جمهوري اسلامي ايران,1836,19049597,368228710010,18410,19330,19330,920,5,19330,920,5,19330,19330,1400-6-2,2021-08-24
187,غچين,كشت‌ و صنعت‌ چين‌ چين,1827,6281152,127786498850,20020,20020,20140,120,0.6,20340,320,1.6,19700,21000,1400-6-2,2021-08-24
188,وآوا,سرمايه گذاري آوا نوين,1821,13998799,78040000740,5358,5399,5625,267,4.98,5575,217,4.05,5358,5625,1400-6-2,2021-08-24
189,وگستر,گسترش سرمايه گذاري ايرانيان,1820,9731651,123041070845,12063,12420,12666,603,5,12643,580,4.81,12330,12666,1400-6-2,2021-08-24
190,ساوه,سيمان ساوه,1817,835000,58531142794,67885,70210,69240,1355,2,70097,2212,3.26,68271,71270,1400-6-2,2021-08-24
191,سپاها,سيمان‌سپاهان‌,1806,13871239,146240706430,10600,10270,10600,0,0,10540,-60,-0.57,10270,10780,1400-6-2,2021-08-24
192,ميدكو,توسعه معادن وص.معدني خاورميانه,1791,10542925,431273302980,40910,40850,40940,30,0.07,40910,0,0,40010,40950,1400-6-2,2021-08-24
193,فسازان,غلتك سازان سپاهان,1761,3877267,134857303240,34930,35260,34800,-130,-0.37,34780,-150,-0.43,34230,35990,1400-6-2,2021-08-24
194,قنقش,قند نقش جهان,1757,2233092,140192884750,65162,62556,62556,-2606,-4,62780,-2382,-3.66,62556,64121,1400-6-2,2021-08-24
195,پاكشو,گروه صنعتي پاكشو,1716,16834315,103445600460,6050,6140,6170,120,1.98,6130,80,1.32,6050,6230,1400-6-2,2021-08-24
196,غگل,گلوكوزان‌,1703,34156212,132304150937,3713,3798,3898,185,4.98,3874,161,4.34,3780,3898,1400-6-2,2021-08-24
197,دانا,بيمه دانا,1690,14634227,88808733560,5850,5970,6020,170,2.91,6070,220,3.76,5920,6140,1400-6-2,2021-08-24
198,وصنا,گروه‌صنايع‌بهشهرايران‌,1680,20737071,168985917050,7830,8200,8220,390,4.98,8150,320,4.09,7900,8220,1400-6-2,2021-08-24
199,خرينگ,رينگ‌سازي‌مشهد,1664,2291158,86925282990,36200,37990,38010,1810,5,37940,1740,4.81,37220,38010,1400-6-2,2021-08-24
200,كسرام,پارس‌ سرام‌,1663,14110342,95613905580,6640,6840,6750,110,1.66,6780,140,2.11,6640,6890,1400-6-2,2021-08-24
201,فسرب,ملي‌ سرب‌وروي‌ ايران‌,1658,1331481,116551283890,86120,87800,86640,520,0.6,87540,1420,1.65,84110,89300,1400-6-2,2021-08-24
202,دزهراوي,داروسازي‌زهراوي‌,1656,10246481,72972336460,6800,7080,7140,340,5,7120,320,4.71,6900,7140,1400-6-2,2021-08-24
203,غويتا,ويتانا,1649,8661755,78047720637,8709,8799,8975,266,3.05,9011,302,3.47,8755,9099,1400-6-2,2021-08-24
204,قنيشا,قند  نيشابور,1648,1668513,94242838290,54820,57130,56000,1180,2.15,56480,1660,3.03,55710,57380,1400-6-2,2021-08-24
205,ثمسكن,سرمايه‌گذاري‌ مسكن‌,1640,20819480,116169470514,5395,5410,5540,145,2.69,5580,185,3.43,5410,5664,1400-6-2,2021-08-24
206,جوين,كشت و صنعت جوين,1612,20344908,79458789566,3994,3950,3929,-65,-1.63,3906,-88,-2.2,3875,4000,1400-6-2,2021-08-24
207,اطلس,صندوق س.توسعه اندوخته آينده-س,1607,588736,165897747706,273594,275990,281995,8401,3.07,281786,8192,2.99,274071,285000,1400-6-2,2021-08-24
208,قلرست,قند لرستان‌,1600,4713396,134816891820,27290,27420,28650,1360,4.98,28600,1310,4.8,27420,28650,1400-6-2,2021-08-24
209,زشريف,كشت وصنعت شريف آباد,1582,10995829,61993458456,5662,5400,5560,-102,-1.8,5638,-24,-0.42,5400,5760,1400-6-2,2021-08-24
210,غگلستا,شير پاستوريزه پگاه گلستان,1580,5950970,113911869278,18270,18550,19183,913,5,19142,872,4.77,18550,19183,1400-6-2,2021-08-24
211,غالبر,لبنيات‌ كالبر,1579,5879092,74890215000,12410,12420,12820,410,3.3,12740,330,2.66,12420,12900,1400-6-2,2021-08-24
212,وصنعت,سرمايه گذاري توسعه صنعت وتجارت,1569,13427075,87835296220,6300,6160,6610,310,4.92,6540,240,3.81,6160,6610,1400-6-2,2021-08-24
213,تسه0004,امتيازتسهيلات مسكن تير1400,1568,60811,38247514321,613976,613000,637000,23024,3.75,628957,14981,2.44,613000,639998,1400-6-2,2021-08-24
214,خاور,ايران خودرو ديزل,1567,15476492,117069190396,7417,7412,7639,222,2.99,7564,147,1.98,7380,7639,1400-6-2,2021-08-24
215,حتايد,تايدواترخاورميانه,1563,6646717,180621045060,25930,26420,27220,1290,4.97,27170,1240,4.78,26420,27220,1400-6-2,2021-08-24
216,چكاپا,گروه صنايع كاغذ پارس,1544,38862147,169188754138,4158,4340,4365,207,4.98,4354,196,4.71,4230,4365,1400-6-2,2021-08-24
217,شپارس,بين‌ المللي‌ محصولات‌  پارس‌,1542,8263486,127900876500,14770,15030,15500,730,4.94,15480,710,4.81,15020,15500,1400-6-2,2021-08-24
218,ورنا,سرمايه‌گذاري‌ رنا(هلدينگ‌,1537,20801212,120376064650,5560,5600,5830,270,4.86,5790,230,4.14,5400,5830,1400-6-2,2021-08-24
219,سيمرغ,سيمرغ,1529,3942628,79531698940,19980,19700,20400,420,2.1,20170,190,0.95,19570,20500,1400-6-2,2021-08-24
220,وساخت,سرمايه‌ گذاري‌ ساختمان‌ايران‌,1525,1753793,91651852140,51440,51900,51730,290,0.56,52260,820,1.59,51440,53500,1400-6-2,2021-08-24
221,تابا,تابان نيرو سپاهان,1525,1874035,58578634142,31536,31800,31490,-46,-0.15,31258,-278,-0.88,30800,32060,1400-6-2,2021-08-24
222,تاپكيش,تجارت الكترونيك پارسيان كيش,1503,5474269,74540318038,13195,13710,13600,405,3.07,13616,421,3.19,13320,13830,1400-6-2,2021-08-24
223,شصدف,صنعتي دوده فام,1499,2655723,121217820612,43471,45644,45644,2173,5,45644,2173,5,45644,45644,1400-6-2,2021-08-24
224,حسير,ريل سير كوثر,1496,8018607,242152057651,28966,30364,30414,1448,5,30199,1233,4.26,29000,30414,1400-6-2,2021-08-24
225,سمازن,سيمان‌مازندران‌,1494,7095762,121702595180,16720,16840,16850,130,0.78,17150,430,2.57,16770,17540,1400-6-2,2021-08-24
226,سلار,شركت سيمان لارستان,1489,2055917,78170723948,39050,37879,37879,-1171,-3,38022,-1028,-2.63,37879,39500,1400-6-2,2021-08-24
227,تكمبا,كمباين‌ سازي‌ ايران‌,1481,10255079,78554270690,7540,7830,7620,80,1.06,7660,120,1.59,7480,7890,1400-6-2,2021-08-24
228,ودي,بيمه  دي,1467,9538730,84369393758,8800,8995,8900,100,1.14,8845,45,0.51,8711,9050,1400-6-2,2021-08-24
229,آ س پ,آ.س.پ,1461,6002539,57524717539,9523,9420,9540,17,0.18,9583,60,0.63,9298,9850,1400-6-2,2021-08-24
230,شتوكا,توكا رنگ فولاد سپاهان,1453,2106957,76027136381,35876,35480,36000,124,0.35,36084,208,0.58,35480,36879,1400-6-2,2021-08-24
231,جم پيلن,پلي پروپيلن جم - جم پيلن,1448,1810173,211148791550,115990,115990,117550,1560,1.34,116650,660,0.57,114330,118240,1400-6-2,2021-08-24
232,سخاش,سيمان‌خاش‌,1440,497078,58963706060,118180,115660,119650,1470,1.24,118620,440,0.37,115660,122000,1400-6-2,2021-08-24
233,پكرمان,گروه‌ صنعتي‌ بارز,1425,2694511,82425974090,30660,32000,30300,-360,-1.17,30590,-70,-0.23,30010,32000,1400-6-2,2021-08-24
234,خلنت,لنت‌ ترمزايران‌,1418,899055,59368701280,67240,67230,66290,-950,-1.41,66030,-1210,-1.8,64200,68480,1400-6-2,2021-08-24
235,ثشرق,سرمايه گذاري مسكن شمال شرق,1413,18950343,106360372640,5370,5470,5630,260,4.84,5610,240,4.47,5400,5630,1400-6-2,2021-08-24
236,آسيا,بيمه آسيا,1407,75778697,171400796557,2157,2261,2264,107,4.96,2262,105,4.87,2167,2264,1400-6-2,2021-08-24
237,فسپا,گروه‌صنعتي‌سپاهان‌,1381,2592511,122897691790,46090,46000,47000,910,1.97,47400,1310,2.84,45070,48100,1400-6-2,2021-08-24
238,پارند,صندوق س. پارند پايدار سپهر,1379,46895856,473501708405,10091,10098,10097,6,0.06,10097,6,0.06,10096,10108,1400-6-2,2021-08-24
239,زدشت,كشت و صنعت دشت خرم دره,1369,3339895,82915923308,23769,24550,24670,901,3.79,24826,1057,4.45,24000,24957,1400-6-2,2021-08-24
240,واميد,گروه مديريت سرمايه گذاري اميد,1361,9172065,119881099520,13130,13130,13130,0,0,13070,-60,-0.46,12850,13400,1400-6-2,2021-08-24
241,سدور,سيمان‌ دورود,1340,5889141,59613301540,9910,10010,10030,120,1.21,10120,210,2.12,9910,10350,1400-6-2,2021-08-24
242,پارسيان,بيمه پارسيان,1340,5110669,56021027990,10600,10680,11130,530,5,10960,360,3.4,10660,11130,1400-6-2,2021-08-24
243,اپرداز,آتيه داده پرداز,1329,2750627,63106505667,22923,23000,22890,-33,-0.14,22943,20,0.09,22550,23412,1400-6-2,2021-08-24
244,فباهنر,مس‌ شهيدباهنر,1326,4843973,145436867820,28630,29600,30060,1430,4.99,30020,1390,4.86,29200,30060,1400-6-2,2021-08-24
245,ميهن,بيمه ميهن,1324,18775747,72657908836,3694,3820,3878,184,4.98,3870,176,4.76,3790,3878,1400-6-2,2021-08-24
246,سفار,سيمان‌فارس‌,1321,777446,72878328590,89820,89400,94310,4490,5,93740,3920,4.36,89400,94310,1400-6-2,2021-08-24
247,سدبير,س. تدبيرگران فارس وخوزستان,1317,1725917,79627705965,46265,45400,46000,-265,-0.57,46136,-129,-0.28,44530,47290,1400-6-2,2021-08-24
248,خمهر,مهركام‌پارس‌,1313,28914852,67615218905,2311,2334,2339,28,1.21,2338,27,1.17,2230,2380,1400-6-2,2021-08-24
249,فرآور,فرآوري‌موادمعدني‌ايران‌,1309,3249257,114119794490,33970,34600,34730,760,2.24,35120,1150,3.39,33500,35650,1400-6-2,2021-08-24
250,ساروم,سيمان‌اروميه‌,1305,2315304,102537344530,43470,43450,43800,330,0.76,44290,820,1.89,42460,44950,1400-6-2,2021-08-24
251,دتوليدح,ح. داروسازي توليد دارو,1304,6771997,69426250508,9787,9801,10276,489,5,10252,465,4.75,9801,10276,1400-6-2,2021-08-24
252,ومعلم,بيمه معلم,1299,12569927,53639185066,4129,4169,4335,206,4.99,4267,138,3.34,4060,4335,1400-6-2,2021-08-24
253,زنگان,صنعت روي زنگان,1299,987832,64968621918,64489,66198,66200,1711,2.65,65769,1280,1.98,64000,66899,1400-6-2,2021-08-24
254,وبوعلي,سرمايه‌گذاري‌بوعلي‌,1289,14924765,74786694004,4801,4950,5040,239,4.98,5011,210,4.37,4851,5041,1400-6-2,2021-08-24
255,خاذين,سايپاآذين‌,1276,13943063,52507940011,3697,3740,3730,33,0.89,3766,69,1.87,3697,3827,1400-6-2,2021-08-24
256,فلامي,لاميران‌,1264,3986306,96302253100,23520,24000,24690,1170,4.97,24160,640,2.72,23790,24690,1400-6-2,2021-08-24
257,وسكاب,س.ص.بازنشستگي كاركنان بانكها,1263,25268282,84500108859,3210,3370,3370,160,4.98,3344,134,4.17,3290,3370,1400-6-2,2021-08-24
258,حتوكا,حمل‌ونقل‌توكا,1261,4797980,96165156920,19310,19310,20270,960,4.97,20040,730,3.78,19310,20270,1400-6-2,2021-08-24
259,فروس,فروسيليس‌ ايران‌,1259,13064396,78415861780,5750,5750,6030,280,4.87,6000,250,4.35,5750,6030,1400-6-2,2021-08-24
260,بنو,بيمه تجارت نو,1259,11913570,173418856712,14507,14600,14540,33,0.23,14556,49,0.34,14507,14990,1400-6-2,2021-08-24
261,فولاي,صنايع فولاد آلياژي يزد,1256,3993630,84747713224,20478,20605,21501,1023,5,21221,743,3.63,20605,21501,1400-6-2,2021-08-24
262,دتوليد,داروسازي توليد دارو,1252,7553401,112467992736,14191,14600,14900,709,5,14890,699,4.93,14600,14900,1400-6-2,2021-08-24
263,كروي,توسعه‌ معادن‌ روي‌ ايران‌,1245,7450790,208958344460,26740,27700,28070,1330,4.97,28050,1310,4.9,27400,28070,1400-6-2,2021-08-24
264,وملل,اعتباري ملل,1242,7304517,89118304398,12150,12051,12196,46,0.38,12200,50,0.41,12051,12300,1400-6-2,2021-08-24
265,وسبحان,سرمايه گذاري سبحان,1236,43837376,152027581735,3316,3330,3481,165,4.98,3468,152,4.58,3258,3481,1400-6-2,2021-08-24
266,پاسا,ايران‌ياساتايرورابر,1229,6056716,152172021140,24140,23510,25120,980,4.06,25120,980,4.06,23510,25340,1400-6-2,2021-08-24
267,غمهرا,توليدي‌مهرام‌,1222,695290,47864066480,69410,70480,68110,-1300,-1.87,68840,-570,-0.82,67090,71500,1400-6-2,2021-08-24
268,وگردش,بانك گردشگري,1215,4736861,64548121044,13740,13970,13679,-61,-0.44,13651,-89,-0.65,13350,14090,1400-6-2,2021-08-24
269,ركيش,كارت اعتباري ايران كيش,1214,9902325,71128842990,7120,7220,7230,110,1.54,7180,60,0.84,7080,7340,1400-6-2,2021-08-24
270,شرانل,نفت ايرانول,1211,2344713,117454607955,49992,49800,50000,8,0.02,50093,101,0.2,49670,50880,1400-6-2,2021-08-24
271,رنيك,جنرال مكانيك,1199,2874312,54123984071,18087,18790,18990,903,4.99,18830,743,4.11,18220,18991,1400-6-2,2021-08-24
272,شوينده,مديريت صنعت شوينده ت.ص.بهشهر,1197,4498269,128265488910,27200,28500,28560,1360,5,28510,1310,4.82,27700,28560,1400-6-2,2021-08-24
273,تيپيكوح,ح . سرمايه گذاري دارويي تامين,1192,2968619,56593088960,17660,18900,19370,1710,9.68,19060,1400,7.93,18250,19420,1400-6-2,2021-08-24
274,ومهان,گروه توسعه مالي مهر آيندگان,1191,5837915,100449793873,16762,16714,17310,548,3.27,17206,444,2.65,16530,17445,1400-6-2,2021-08-24
275,آوا,صندوق س.سهام آواي معيار-س,1190,7703929,64226696932,8189,8050,8438,249,3.04,8337,148,1.81,8050,8448,1400-6-2,2021-08-24
276,ارزش,صندوق س ارزش آفرين بيدار-سهام,1187,6856514,81539201720,11520,11600,12080,560,4.86,11890,370,3.21,11600,12080,1400-6-2,2021-08-24
277,شكلر,نيروكلر,1178,1257683,54772866270,43730,43730,43600,-130,-0.3,43550,-180,-0.41,41620,44500,1400-6-2,2021-08-24
278,قشكر,شكرشاهرود,1175,17100141,63853521874,3602,3520,3782,180,5,3734,132,3.66,3520,3782,1400-6-2,2021-08-24
279,خاهن,آهنگري‌ تراكتورسازي‌ ايران‌,1171,7376864,60014777100,8010,8000,8170,160,2,8140,130,1.62,7900,8240,1400-6-2,2021-08-24
280,دتوزيع,توزيع دارو پخش,1170,2155492,67522462246,29927,30324,31423,1496,5,31326,1399,4.67,30324,31423,1400-6-2,2021-08-24
281,وهور,مديريت انرژي اميد  تابان هور,1164,39871269,69262870978,1659,1726,1741,82,4.94,1737,78,4.7,1687,1741,1400-6-2,2021-08-24
282,والبر,سرمايه‌ گذاري‌ البرز(هلدينگ‌,1159,8282061,84159914340,9720,9720,10200,480,4.94,10160,440,4.53,9720,10200,1400-6-2,2021-08-24
283,سغرب,سيمان‌غرب‌,1157,2812593,69654811380,23950,24050,25100,1150,4.8,24770,820,3.42,24050,25140,1400-6-2,2021-08-24
284,خكمك,كمك‌فنرايندامين‌,1157,4036222,83482506740,19770,19770,20710,940,4.75,20680,910,4.6,19370,20750,1400-6-2,2021-08-24
285,كگهر,سنگ آهن گهرزمين,1147,3990793,202154599037,50697,51500,50250,-447,-0.88,50655,-42,-0.08,50000,52999,1400-6-2,2021-08-24
286,شيراز,پتروشيمي‌شيراز,1146,3191143,259730164610,77780,77300,81660,3880,4.99,81390,3610,4.64,76040,81660,1400-6-2,2021-08-24
287,زشگزا,شير و گوشت زاگرس شهركرد,1142,8124849,57785735045,6830,7000,7165,335,4.9,7112,282,4.13,6870,7165,1400-6-2,2021-08-24
288,شپاكسا,پاكسان‌,1141,4957842,118885923920,22850,23450,23990,1140,4.99,23980,1130,4.95,23200,23990,1400-6-2,2021-08-24
289,حسينا,توسعه خدمات دريايي وبندري سينا,1140,1252392,82274323003,62732,65000,65000,2268,3.62,65694,2962,4.72,64880,65868,1400-6-2,2021-08-24
290,زبينا,كشاورزي و دامپروري بينالود,1139,19005023,62068521370,3127,3230,3283,156,4.99,3266,139,4.45,3135,3283,1400-6-2,2021-08-24
291,ولشرق,ليزينگ ايران و شرق,1132,10645474,68675542797,6186,6250,6495,309,5,6451,265,4.28,6186,6495,1400-6-2,2021-08-24
292,شخارك,پتروشيمي‌ خارك‌,1131,2263726,114884104590,49040,49590,51090,2050,4.18,50750,1710,3.49,49110,51190,1400-6-2,2021-08-24
293,جهرم,پتروشيمي جهرم,1120,20386301,31401275254,1507,1548,1552,45,2.99,1540,33,2.19,1500,1552,1400-6-2,2021-08-24
294,چافست,افست‌,1112,3182212,51894612060,15670,15410,16450,780,4.98,16310,640,4.08,15410,16450,1400-6-2,2021-08-24
295,كفرا,فراورده‌ هاي‌ نسوزايران‌,1109,2347994,67367217190,28320,29720,28320,0,0,28690,370,1.31,28200,29720,1400-6-2,2021-08-24
296,واتي,سرمايه‌ گذاري‌ آتيه‌ دماوند,1104,10157164,136567540600,12900,12900,13250,350,2.71,13450,550,4.26,12770,13540,1400-6-2,2021-08-24
297,سيلام,سيمان‌ ايلام‌,1088,4346148,39966410340,9010,9390,9140,130,1.44,9200,190,2.11,9000,9390,1400-6-2,2021-08-24
298,خموتور,موتورسازان‌تراكتورسازي‌ايران‌,1086,5014285,56270306210,10740,11060,11270,530,4.93,11220,480,4.47,10900,11270,1400-6-2,2021-08-24
299,وساشرقي,شركت س استان آذربايجان شرقي,1083,41970146,31220617948,752,720,756,4,0.53,748,-4,-0.53,720,774,1400-6-2,2021-08-24
300,عيار,صندوق سكه طلاي مفيد,1078,1552753,49226910333,31237,32199,31479,242,0.77,31703,466,1.49,31300,32199,1400-6-2,2021-08-24
301,قاسم,قاسم ايران,1071,6045995,59029608394,9333,9580,9799,466,4.99,9763,430,4.61,9402,9799,1400-6-2,2021-08-24
302,شبهرن,نفت‌ بهران‌,1070,5404578,77685176080,14090,14000,14390,300,2.13,14370,280,1.99,14000,14500,1400-6-2,2021-08-24
303,كوثر,بيمه كوثر,1069,9344431,134662070559,13780,13512,14469,689,5,14411,631,4.58,13512,14469,1400-6-2,2021-08-24
304,كساپا,سايپاشيشه‌,1068,2405308,51907578810,21130,21900,21770,640,3.03,21580,450,2.13,21000,21900,1400-6-2,2021-08-24
305,ساربيل,سيمان آرتا اردبيل,1061,1327958,54028337930,38950,39900,40890,1940,4.98,40690,1740,4.47,39300,40890,1400-6-2,2021-08-24
306,كرماشا,صنايع پتروشيمي كرمانشاه,1057,3863171,186947218910,46630,47500,48850,2220,4.76,48390,1760,3.77,45800,48960,1400-6-2,2021-08-24
307,وسصفا,شركت س استان اصفهان,1053,31113562,26014206716,869,826,838,-31,-3.57,858,-11,-1.27,826,862,1400-6-2,2021-08-24
308,بالاس,مهندسي ساختمان تاسيسات راه آهن,1052,1582996,59646287236,36186,36700,37730,1544,4.27,37679,1493,4.13,36700,37995,1400-6-2,2021-08-24
309,ما,بيمه  ما,1050,8565622,71534959690,8020,8180,8420,400,4.99,8350,330,4.11,8160,8420,1400-6-2,2021-08-24
310,لابسا,آبسال‌,1049,1289093,54040365120,41350,42950,41980,630,1.52,41920,570,1.38,40750,43000,1400-6-2,2021-08-24
311,داسوه,داروسازي‌ اسوه‌,1048,4549540,137017806010,28860,28860,30300,1440,4.99,30120,1260,4.37,28860,30300,1400-6-2,2021-08-24
312,وپسا,س. پتروشيمي ساختمان  خليج فارس,1045,17131876,34509626583,2030,1990,2035,5,0.25,2014,-16,-0.79,1990,2066,1400-6-2,2021-08-24
313,نوين,بيمه نوين,1029,8640781,51666285466,5843,5900,5920,77,1.32,5979,136,2.33,5840,6087,1400-6-2,2021-08-24
314,تملت,تامين سرمايه بانك ملت,1028,8183349,44869491281,5248,5390,5510,262,4.99,5483,235,4.48,5317,5510,1400-6-2,2021-08-24
315,ولبهمن,شركت بهمن ليزينگ,1023,6711159,54551007947,8091,8099,8143,52,0.64,8128,37,0.46,7910,8290,1400-6-2,2021-08-24
316,ساراب,سيمان‌ داراب‌,1019,3129372,62293028200,19820,20200,19800,-20,-0.1,19910,90,0.45,19600,20300,1400-6-2,2021-08-24
317,تايرا,تراكتورسازي‌ايران‌,1014,11551885,321681388340,26540,27830,27860,1320,4.97,27850,1310,4.94,27210,27860,1400-6-2,2021-08-24
318,وصندوق,سرمايه‌گذاري‌صندوق‌بازنشستگي‌,1011,22873531,442516967120,18430,18400,19350,920,4.99,19350,920,4.99,18400,19350,1400-6-2,2021-08-24
319,ضخود7075,اختيارخ خودرو-2000-1400/07/07,1011,42019,16948545000,388,373,407,19,4.9,403,15,3.87,373,423,1400-6-2,2021-08-24
320,كاريس,صندوق س.سپهر كاريزما-س,997,6238350,95334353794,15078,15022,15490,412,2.73,15282,204,1.35,15021,15490,1400-6-2,2021-08-24
321,ميدكوح,ح.توسعه م وص.معدني خاورميانه,992,2932808,114857940580,39200,39190,38660,-540,-1.38,39160,-40,-0.1,37040,39240,1400-6-2,2021-08-24
322,بپاس,بيمه پاسارگاد,988,2397138,147288916971,61440,61440,61445,5,0.01,61444,4,0.01,61439,61699,1400-6-2,2021-08-24
323,غبهار,كشت وصنعت بهاران گلبهار خراسان,984,2346340,43838083832,18246,18296,18551,305,1.67,18684,438,2.4,17880,18793,1400-6-2,2021-08-24
324,فايرا,آلومينيوم‌ايران‌,982,15368548,274590012440,17030,16710,17880,850,4.99,17870,840,4.93,16710,17880,1400-6-2,2021-08-24
325,ويسا,سرمايه گذاري ايساتيس پويا,979,1339905,25006647015,18120,18663,18663,543,3,18663,543,3,18663,18663,1400-6-2,2021-08-24
326,شپاس,نفت پاسارگاد,972,3900302,83364154106,20822,21398,21863,1041,5,21374,552,2.65,20034,21863,1400-6-2,2021-08-24
327,شدوص,دوده‌ صنعتي‌ پارس‌,972,3456136,87049038940,24240,24800,25450,1210,4.99,25190,950,3.92,23920,25450,1400-6-2,2021-08-24
328,سرچشمه,سرمايه گذاري مس سرچشمه,961,6818574,51881127915,7468,7600,7557,89,1.19,7609,141,1.89,7414,7728,1400-6-2,2021-08-24
329,مبين,مبين انرژي خليج فارس,960,4846481,113701974330,22790,22370,23240,450,1.97,23360,570,2.5,22370,23840,1400-6-2,2021-08-24
330,كمنگنز,معادن‌منگنزايران‌,955,1164560,97803671600,80060,83000,84060,4000,5,83980,3920,4.9,82640,84060,1400-6-2,2021-08-24
331,وسپه,سرمايه‌گذاري‌ سپه‌,953,10404561,96599764580,9100,9100,9300,200,2.2,9280,180,1.98,9100,9390,1400-6-2,2021-08-24
332,وخاور,بانك خاورميانه,951,15408673,101449862710,6520,6590,6680,160,2.45,6580,60,0.92,6510,6690,1400-6-2,2021-08-24
333,پرديس,سرمايه گذاري پرديس,943,9283450,58061281580,5980,6140,6270,290,4.85,6250,270,4.52,6000,6270,1400-6-2,2021-08-24
334,بزاگرس,نيروگاه زاگرس كوثر,941,9981410,54227267657,5198,5359,5457,259,4.98,5433,235,4.52,5350,5457,1400-6-2,2021-08-24
335,سفانو,سيمان فارس نو,937,1243833,41729947340,32000,33080,33600,1600,5,33550,1550,4.84,31920,33600,1400-6-2,2021-08-24
336,فولاژ,فولاد آلياژي ايران,934,3254109,62070346790,18610,18520,19150,540,2.9,18920,310,1.67,18520,19260,1400-6-2,2021-08-24
337,جم,پتروشيمي جم,933,3421721,169585498570,47950,48860,50330,2380,4.96,49560,1610,3.36,48000,50340,1400-6-2,2021-08-24
338,زمگسا,كشاورزي‌ ودامپروي‌ مگسال‌,929,1578664,48195492150,29390,29480,30820,1430,4.87,30530,1140,3.88,29480,30850,1400-6-2,2021-08-24
339,شكربن,كربن‌ ايران‌,928,4263266,474842647740,108480,106670,113900,5420,5,111380,2900,2.67,106670,113900,1400-6-2,2021-08-24
340,وسديد,گروه ‌صنعتي‌سديد,924,13264417,19392577654,1491,1462,1462,-29,-1.95,1462,-29,-1.95,1462,1462,1400-6-2,2021-08-24
341,درهآور,دارويي ره آورد تامين,919,1740851,49563687638,28012,28920,28580,568,2.03,28471,459,1.64,27910,28920,1400-6-2,2021-08-24
342,ثغرب,شركت سرمايه گذاري مسكن شمالغرب,917,8251848,52187721729,6031,6199,6332,301,4.99,6324,293,4.86,6199,6332,1400-6-2,2021-08-24
343,سخوز,سيمان خوزستان,914,2439044,69504568960,28300,28860,28130,-170,-0.6,28500,200,0.71,27950,28990,1400-6-2,2021-08-24
344,ددام,داروسازي زاگرس فارمد پارس,911,4142423,53714569530,12410,12410,13030,620,5,12970,560,4.51,12410,13030,1400-6-2,2021-08-24
345,ديران,ايران‌دارو,904,3162594,68792405720,20790,21730,21820,1030,4.95,21750,960,4.62,20850,21820,1400-6-2,2021-08-24
346,دفاراح,ح . داروسازي‌ فارابي‌,904,2597805,39896224640,14800,14800,15750,950,6.42,15360,560,3.78,14510,15800,1400-6-2,2021-08-24
347,خفنر,فنرسازي‌خاور,902,6182106,48775424190,7800,7800,7880,80,1.03,7890,90,1.15,7670,8000,1400-6-2,2021-08-24
348,وسين,بيمه سينا,902,17500161,63619547335,3578,3578,3685,107,2.99,3635,57,1.59,3570,3685,1400-6-2,2021-08-24
349,بفجر,فجر انرژي خليج فارس,900,3712995,115616011150,29750,31150,30700,950,3.19,31140,1390,4.67,30230,31230,1400-6-2,2021-08-24
350,غپآذر,شير پگاه آذربايجان شرقي,896,1028459,54088205864,51815,53400,52111,296,0.57,52592,777,1.5,51010,53500,1400-6-2,2021-08-24
351,تكنار,مجتمع معادن مس تكنار,896,389485,38872252415,100844,103800,99890,-954,-0.95,99804,-1040,-1.03,98300,103800,1400-6-2,2021-08-24
352,خكاوه,سايپا ديزل,896,16757152,72363908379,4195,4301,4320,125,2.98,4318,123,2.93,4297,4320,1400-6-2,2021-08-24
353,فخاس,فولاد خراسان,893,2444188,72677809000,28450,28680,29870,1420,4.99,29290,840,2.95,28680,29870,1400-6-2,2021-08-24
354,ونفت,سرمايه‌گذاري‌ صنعت‌ نفت‌,889,8254495,151912025900,17540,18160,18410,870,4.96,18400,860,4.9,17950,18410,1400-6-2,2021-08-24
355,بهپاك,صنعتي بهپاك,887,6851829,54092357222,7647,7820,7919,272,3.56,7895,248,3.24,7745,8000,1400-6-2,2021-08-24
356,دكپسول,توليد ژلاتين كپسول ايران,886,1563356,53099308657,33892,33720,34000,108,0.32,33965,73,0.22,33500,34700,1400-6-2,2021-08-24
357,ركيشح,ح. كارت اعتباري ايران كيش,885,13793655,66574617450,4710,4750,4930,220,4.67,4830,120,2.55,4710,5050,1400-6-2,2021-08-24
358,تسه0003,امتيازتسهيلات مسكن خرداد1400,883,15495,9697839171,611293,607000,630001,18708,3.06,625869,14576,2.38,606666,640000,1400-6-2,2021-08-24
359,پلاست,كارخانجات توليدي پلاستيران,873,1188101,55177005611,45093,45093,46445,1352,3,46441,1348,2.99,45093,46445,1400-6-2,2021-08-24
360,كاذر,فرآورده‌هاي‌نسوزآذر,868,5216878,96456511570,17770,17990,18650,880,4.95,18490,720,4.05,17560,18650,1400-6-2,2021-08-24
361,شغدير,پتروشيمي غدير,868,1769204,171158196120,92200,96500,96810,4610,5,96740,4540,4.92,94120,96810,1400-6-2,2021-08-24
362,چفيبر,فيبر ايران‌,866,6277874,56859504330,8700,9090,9130,430,4.94,9060,360,4.14,8790,9130,1400-6-2,2021-08-24
363,كگاز,شيشه‌ و گاز,862,2706018,53351616990,18900,19690,19840,940,4.97,19720,820,4.34,19280,19840,1400-6-2,2021-08-24
364,تيپيكو,سرمايه گذاري دارويي تامين,862,3435371,72989687600,20260,21250,21270,1010,4.99,21030,770,3.8,20870,21270,1400-6-2,2021-08-24
365,غبهنوش,بهنوش‌ ايران‌,861,1539496,104707019590,64840,65600,68080,3240,5,68010,3170,4.89,65600,68080,1400-6-2,2021-08-24
366,كشرق,صنعتي و معدني شمال شرق شاهرود,857,824792,55497376105,64110,66900,67315,3205,5,67287,3177,4.96,65717,67315,1400-6-2,2021-08-24
367,كارين,صندوق س نگين سامان-ثابت,851,34657669,346953053521,10007,10010,10011,4,0.04,10011,4,0.04,10010,10013,1400-6-2,2021-08-24
368,افرا,افرانت,847,2015233,56603943109,26858,28200,28190,1332,4.96,28088,1230,4.58,27330,28200,1400-6-2,2021-08-24
369,ولملت,واسپاري ملت,842,10333864,61286939490,5850,6120,5960,110,1.88,5930,80,1.37,5820,6120,1400-6-2,2021-08-24
370,غاذر,كشت‌وصنعت‌پياذر,841,1501886,41433704170,26500,27000,27820,1320,4.98,27590,1090,4.11,26730,27820,1400-6-2,2021-08-24
371,همراه,شركت ارتباطات سيار ايران,841,7508228,76656544080,9740,9970,10220,480,4.93,10010,270,2.77,9920,10220,1400-6-2,2021-08-24
372,ثرود,سرمايه‌گذاري مسكن زاينده رود,839,3130678,47535258475,14473,15195,15196,723,5,15184,711,4.91,14750,15196,1400-6-2,2021-08-24
373,اعتلا,شركت سرمايه گذاري اعتلاء البرز,838,4699705,36127842400,7542,7760,7740,198,2.63,7687,145,1.92,7400,7760,1400-6-2,2021-08-24
374,شفا,سرمايه گذاري شفادارو,822,2295582,103014061430,43110,45000,45260,2150,4.99,44870,1760,4.08,42120,45260,1400-6-2,2021-08-24
375,سكه0012پ01,تمام سكه طرح جديد0012رفاه,820,229000,283837530700,1221379,1240000,1228916,7537,0.62,1239465,18086,1.48,1225200,1249800,1400-6-2,2021-08-24
376,دفارا,داروسازي‌ فارابي‌,820,3563282,71121477080,19280,19270,20240,960,4.98,19960,680,3.53,19270,20240,1400-6-2,2021-08-24
377,شراز,پالايش نفت شيراز,808,806381,100473370998,123883,123900,125110,1227,0.99,124598,715,0.58,122020,125790,1400-6-2,2021-08-24
378,دعبيد,لابراتوارداروسازي‌  دكترعبيدي‌,805,1209605,31868222810,25670,26500,26230,560,2.18,26120,450,1.75,26020,26570,1400-6-2,2021-08-24
379,گنگين,اقتصادي نگين گردشگري ايرانيان,802,6118060,161273992238,25687,26457,26000,313,1.22,26360,673,2.62,25773,26457,1400-6-2,2021-08-24
380,وپخش,داروپخش‌ (هلدينگ‌,798,1641218,55720982680,32510,34130,34130,1620,4.98,33950,1440,4.43,33140,34130,1400-6-2,2021-08-24
381,قچار,فراوردههاي غذايي وقند چهارمحال,797,3132363,53117020226,16174,16979,16982,808,5,16957,783,4.84,16511,16982,1400-6-2,2021-08-24
382,پخش,پخش البرز,796,3256859,77710855196,23005,23230,24140,1135,4.93,23861,856,3.72,23100,24155,1400-6-2,2021-08-24
383,كمينا,شيشه سازي مينا,792,3164600,32451318134,10241,10500,10159,-82,-0.8,10254,13,0.13,10080,10500,1400-6-2,2021-08-24
384,سبهان,سيمان‌ بهبهان‌,789,769261,53333122790,66300,68260,69610,3310,4.99,69330,3030,4.57,67000,69610,1400-6-2,2021-08-24
385,غمينو,شركت صنايع غذايي مينو شرق,787,3383894,29587415174,8426,8670,8847,421,5,8744,318,3.77,8500,8847,1400-6-2,2021-08-24
386,خچرخش,چرخشگر,783,4412039,48899027850,10660,10870,11190,530,4.97,11080,420,3.94,10600,11190,1400-6-2,2021-08-24
387,دتماد,توليدمواداوليه‌داروپخش‌,780,1986000,103937385370,49970,50960,52110,2140,4.28,52340,2370,4.74,49990,52460,1400-6-2,2021-08-24
388,ضخود7076,اختيارخ خودرو-2500-1400/07/07,779,40677,5384998000,127,129,137,10,7.87,132,5,3.94,120,140,1400-6-2,2021-08-24
389,رتكو,كنترل‌خوردگي‌تكين‌كو,769,2705112,34030175640,12040,12580,12340,300,2.49,12580,540,4.49,12280,12640,1400-6-2,2021-08-24
390,پلاسك,پلاسكوكار,768,4594255,33266178950,7020,7010,7320,300,4.27,7240,220,3.13,7010,7340,1400-6-2,2021-08-24
391,كميناح,ح . شيشه سازي مينا,767,4997096,40889813299,8187,7965,8221,34,0.42,8183,-4,-0.05,7965,8350,1400-6-2,2021-08-24
392,سپ,پرداخت الكترونيك سامان كيش,761,2257600,67648273940,28550,29970,29970,1420,4.97,29960,1410,4.94,29260,29970,1400-6-2,2021-08-24
393,كسعدي,كاشي‌ سعدي‌,761,2733182,35484068590,12390,12970,13000,610,4.92,12980,590,4.76,12660,13000,1400-6-2,2021-08-24
394,دسبحان,سبحان دارو,752,3108842,59889168610,18530,18910,19450,920,4.96,19260,730,3.94,18580,19450,1400-6-2,2021-08-24
395,پكوير,كوير تاير,751,5523644,95352342700,16480,17000,17300,820,4.98,17260,780,4.73,16850,17300,1400-6-2,2021-08-24
396,كي بي سي,شركت كي بي سي,751,1444935,37780510878,25183,25200,26442,1259,5,26147,964,3.83,24850,26442,1400-6-2,2021-08-24
397,خريخت,صنايع‌ريخته‌گري‌ايران‌,747,12589257,43173431977,3302,3340,3467,165,5,3429,127,3.85,3270,3467,1400-6-2,2021-08-24
398,والبرح,ح . سرمايه گذاري‌البرز(هلدينگ‌,743,2025037,16607867472,7993,7993,8325,332,4.15,8201,208,2.6,7800,8330,1400-6-2,2021-08-24
399,بساما,بيمه سامان,742,1488770,38617109525,26395,26411,25830,-565,-2.14,25939,-456,-1.73,25650,26850,1400-6-2,2021-08-24
400,وتوسم,سرمايه‌گذاري‌توسعه‌ملي‌,742,11178005,102627265430,8780,8790,9210,430,4.9,9180,400,4.56,8790,9210,1400-6-2,2021-08-24
401,ثامان,سامان‌ گستراصفهان‌,742,2206189,31669913440,13820,14250,14510,690,4.99,14360,540,3.91,13900,14510,1400-6-2,2021-08-24
402,كهمدا,شيشه‌ همدان‌,737,6418636,74722893150,11100,11650,11650,550,4.95,11640,540,4.86,11500,11650,1400-6-2,2021-08-24
403,خوساز,محورسازان‌ايران‌خودرو,737,4414371,35513704560,7960,8100,7960,0,0,8050,90,1.13,7880,8210,1400-6-2,2021-08-24
404,خراسان,پتروشيمي خراسان,733,1051040,94483535310,87460,90000,90500,3040,3.48,89900,2440,2.79,86110,90700,1400-6-2,2021-08-24
405,سهرمز,سيمان‌هرمزگان‌,732,1789669,34639621370,19350,19750,19280,-70,-0.36,19360,10,0.05,19100,19940,1400-6-2,2021-08-24
406,رتاپ,تجارت الكترونيك  پارسيان,731,4750592,32427633900,6710,6890,6830,120,1.79,6830,120,1.79,6760,6910,1400-6-2,2021-08-24
407,لوتوس,تامين سرمايه لوتوس پارسيان,730,3913263,36941019100,9180,9580,9520,340,3.7,9440,260,2.83,9180,9580,1400-6-2,2021-08-24
408,شفارس,صنايع‌ شيميايي‌ فارس‌,728,17232429,36296540011,2015,2090,2115,100,4.96,2106,91,4.52,2035,2115,1400-6-2,2021-08-24
409,شفارا,پتروشيمي فارابي,728,6164395,36800573980,5840,6015,6000,160,2.74,5970,130,2.23,5871,6015,1400-6-2,2021-08-24
410,وبهمن,سرمايه‌گذاري‌بهمن‌,726,1764138,31041006920,17900,18020,17600,-300,-1.68,17600,-300,-1.68,17410,18020,1400-6-2,2021-08-24
411,سهگمت,سيمان‌هگمتان‌,726,1447808,42280005110,29110,29790,28890,-220,-0.76,29200,90,0.31,28340,29790,1400-6-2,2021-08-24
412,تسه0002,امتيازتسهيلاتمسكن ارديبهشت1400,724,17241,10882345809,613372,604320,630000,16628,2.71,631190,17818,2.9,604320,640000,1400-6-2,2021-08-24
413,دروز,داروسازي‌ روزدارو,723,1656734,57139835350,35300,35230,33540,-1760,-4.99,34490,-810,-2.29,33540,37000,1400-6-2,2021-08-24
414,غشان,شيرپاستوريزه‌پگاه‌خراسان‌,723,5319216,34375617290,6360,6440,6510,150,2.36,6460,100,1.57,6340,6580,1400-6-2,2021-08-24
415,خكرمان,گروه اقتصادي كرمان خودرو,718,10717831,43574158631,3951,4069,4069,118,2.99,4066,115,2.91,4000,4069,1400-6-2,2021-08-24
416,وتوشه,سرمايه‌ گذاري‌ پارس‌ توشه‌,717,8125821,63875086310,7510,7800,7880,370,4.93,7860,350,4.66,7560,7880,1400-6-2,2021-08-24
417,زقيام,كشت و دام قيام اصفهان,717,2613101,57758606492,21076,21890,22129,1053,5,22103,1027,4.87,21700,22129,1400-6-2,2021-08-24
418,پسهند,صنايع‌ لاستيكي‌  سهند,708,1663321,57982522070,33510,33520,35140,1630,4.86,34860,1350,4.03,33520,35140,1400-6-2,2021-08-24
419,كاما,باما,706,6765854,85994004340,12110,12710,12710,600,4.95,12710,600,4.95,12710,12710,1400-6-2,2021-08-24
420,غبشهر,صنعتي‌ بهشهر,704,4846303,144500006480,28410,29280,29830,1420,5,29820,1410,4.96,29280,29830,1400-6-2,2021-08-24
421,غشوكو,شوكو پارس,702,852196,29565256292,34540,35576,34000,-540,-1.56,34693,153,0.44,33504,35576,1400-6-2,2021-08-24
422,فنورد,نوردوقطعات‌ فولادي‌,702,310164,71793854880,220580,231600,231600,11020,5,231470,10890,4.94,228000,231600,1400-6-2,2021-08-24
423,سبزوا,سيمان لار سبزوار,697,9442133,36535625152,3695,3875,3879,184,4.98,3869,174,4.71,3750,3879,1400-6-2,2021-08-24
424,گوهر,صندوق سكه طلاي كيان,693,1719835,107017861623,61625,61553,61980,355,0.58,62226,601,0.98,61553,62900,1400-6-2,2021-08-24
425,بموتو,موتوژن‌,692,866382,67226452350,74710,72000,78440,3730,4.99,77590,2880,3.85,72000,78440,1400-6-2,2021-08-24
426,وكادو,تكادو,691,3670654,69590453141,19088,19350,19170,82,0.43,18959,-129,-0.68,18516,19400,1400-6-2,2021-08-24
427,دابورح,ح . داروسازي‌ ابوريحان‌,690,729648,17467671080,22900,22670,24500,1600,6.99,23940,1040,4.54,22670,24830,1400-6-2,2021-08-24
428,كاردان,صندوق س تجارت شاخصي كاردان,689,393217,87319038570,216140,216150,225680,9540,4.41,222060,5920,2.74,216150,225720,1400-6-2,2021-08-24
429,وسگيلا,شركت س استان گيلان,688,47183505,32931343498,665,698,698,33,4.96,691,26,3.91,691,698,1400-6-2,2021-08-24
430,چكارن,كارتن‌ ايران‌,687,11157284,33108694464,2831,2972,2972,141,4.98,2967,136,4.8,2880,2972,1400-6-2,2021-08-24
431,اوان,مبين وان كيش,685,1248311,43473697318,33563,34400,35241,1678,5,34826,1263,3.76,33300,35241,1400-6-2,2021-08-24
432,ضخود7077,اختيارخ خودرو-3000-1400/07/07,685,35492,1152030000,35,25,32,-3,-8.57,32,-3,-8.57,25,39,1400-6-2,2021-08-24
433,زفكا,كشت و دامداري فكا,680,2864939,33140561897,11244,11580,11698,454,4.04,11568,324,2.88,11220,11780,1400-6-2,2021-08-24
434,افران,صندوق س افرا نماد پايدار-ثابت,673,13529625,190542756018,14076,14087,14086,10,0.07,14083,7,0.05,14082,14087,1400-6-2,2021-08-24
435,غشهد,شهد ايران ‌,672,6316748,32096997949,4847,4940,5089,242,4.99,5081,234,4.83,4920,5089,1400-6-2,2021-08-24
436,تنوين,تامين سرمايه نوين,672,4311419,31345270780,7170,7120,7190,20,0.28,7240,70,0.98,7060,7400,1400-6-2,2021-08-24
437,حريل,ريل پردازسير,670,8550586,37776346522,4233,4370,4444,211,4.98,4418,185,4.37,4250,4444,1400-6-2,2021-08-24
438,وارس,سرمايه گذاري ارس صبا,659,2303346,30762052181,13492,13490,13595,103,0.76,13355,-137,-1.02,13102,13680,1400-6-2,2021-08-24
439,وبشهر,توسعه‌ صنايع‌ بهشهر(هلدينگ,645,6204483,92679409950,14260,14590,14970,710,4.98,14940,680,4.77,14010,14970,1400-6-2,2021-08-24
440,بسويچ,پارس‌سويچ‌,644,617943,16062391420,25470,26400,25660,190,0.75,25870,400,1.57,25470,26680,1400-6-2,2021-08-24
441,گكوثر,هتل پارسيان كوثر اصفهان,640,16624782,40702556663,2340,2430,2457,117,5,2448,108,4.62,2387,2457,1400-6-2,2021-08-24
442,سامان,بانك سامان,636,14020458,135386995628,9376,9657,9657,281,3,9656,280,2.99,9550,9657,1400-6-2,2021-08-24
443,وپترو,سرمايه‌گذاري صنايع پتروشيمي‌,631,5313561,85370287090,15310,16070,16070,760,4.96,16070,760,4.96,15660,16070,1400-6-2,2021-08-24
444,سكرما,سيمان‌ كرمان‌,622,2237278,43230354920,18560,18810,19110,550,2.96,19320,760,4.09,18260,19480,1400-6-2,2021-08-24
445,تكنو,تكنوتار,622,1533967,23529936640,14890,15610,15280,390,2.62,15340,450,3.02,15050,15610,1400-6-2,2021-08-24
446,خپويش,سازه‌ پويش‌,619,571084,29273195570,50160,50990,52500,2340,4.67,51260,1100,2.19,48820,52660,1400-6-2,2021-08-24
447,خاتم,صندوق س خاتم ايساتيس پويا-ثابت,619,10548182,125194456466,11861,11868,11870,9,0.08,11869,8,0.07,11867,11873,1400-6-2,2021-08-24
448,آكورد,صندوق س. آرمان آتي كوثر-د,614,10048230,338876999629,33701,33724,33732,31,0.09,33725,24,0.07,33715,33734,1400-6-2,2021-08-24
449,وحكمت,بيمه حكمت صبا,609,6408079,25726310438,3946,4000,4064,118,2.99,4015,69,1.75,3888,4064,1400-6-2,2021-08-24
450,گوهران,سرمايه گذاري توسعه گوهران اميد,602,4602720,26825003328,5554,5831,5831,277,4.99,5828,274,4.93,5660,5831,1400-6-2,2021-08-24
451,تشتاد,صنايع توليدي اشتاد ايران‌,601,4303109,31621013810,7155,7298,7369,214,2.99,7348,193,2.7,7200,7369,1400-6-2,2021-08-24
452,سپيدما,صندوق س. سپيد دماوند-د,597,26922521,293890228472,10910,10916,10916,6,0.05,10916,6,0.05,10915,10920,1400-6-2,2021-08-24
453,لبوتان,گروه‌صنعتي‌بوتان‌,596,554871,34294797130,59170,60010,62120,2950,4.99,61810,2640,4.46,58020,62120,1400-6-2,2021-08-24
454,چكاوه,صنايع‌كاغذسازي‌كاوه‌,593,2575435,35512538280,13200,13430,13860,660,5,13790,590,4.47,13430,13860,1400-6-2,2021-08-24
455,آساس,صندوق س.آسمان آرماني سهام-س,593,331912,64658522474,184937,190690,196000,11063,5.98,194806,9869,5.34,187200,196900,1400-6-2,2021-08-24
456,سشمال,سيمان‌ شمال‌,585,3488041,38742586060,11000,11100,11020,20,0.18,11110,110,1,10620,11370,1400-6-2,2021-08-24
457,آساميد,صندوق س.مشترك آسمان اميد -د,581,21615229,274279027823,12683,12685,12693,10,0.08,12689,6,0.05,12683,12693,1400-6-2,2021-08-24
458,شلرد,كود شيميايي اوره لردگان,581,6164886,59701888741,9403,9685,9685,282,3,9684,281,2.99,9603,9685,1400-6-2,2021-08-24
459,مداران,داده‌پردازي‌ايران‌,580,1240125,27921580560,22490,23200,22470,-20,-0.09,22520,30,0.13,22180,23300,1400-6-2,2021-08-24
460,سخزر,سيمان‌ خزر,580,1906962,54730348090,27550,27560,28920,1370,4.97,28700,1150,4.17,27560,28920,1400-6-2,2021-08-24
461,دپارس,پارس‌ دارو,574,1295421,49168536450,36440,37090,38250,1810,4.97,37960,1520,4.17,36480,38260,1400-6-2,2021-08-24
462,زكشت,كشاورزي مكانيزه اصفهان كشت,574,1411594,38142768894,25812,26006,27102,1290,5,27021,1209,4.68,26006,27102,1400-6-2,2021-08-24
463,شسينا,صنايع‌شيميايي‌سينا,571,560957,41069055740,69790,73270,73270,3480,4.99,73210,3420,4.9,72120,73270,1400-6-2,2021-08-24
464,تسه9908,امتياز تسهيلات مسكن آبان99,564,12563,7783510321,609216,612500,612111,2895,0.48,619558,10342,1.7,591200,630000,1400-6-2,2021-08-24
465,زر,صندوق س.پشتوانه سكه طلاي زر,560,1200188,66037825406,54091,54951,54800,709,1.31,55023,932,1.72,54800,55490,1400-6-2,2021-08-24
466,ساينا,صنايع بهداشتي ساينا,560,379981,35679138732,90244,91988,94756,4512,5,93897,3653,4.05,90250,94756,1400-6-2,2021-08-24
467,بالبر,كابل‌ البرز,558,395069,15822513450,42150,40050,40050,-2100,-4.98,40050,-2100,-4.98,40050,40050,1400-6-2,2021-08-24
468,ورازي,بيمه رازي,556,20523320,32704913362,1522,1588,1598,76,4.99,1594,72,4.73,1530,1598,1400-6-2,2021-08-24
469,كخاك,صنايع‌خاك‌چيني‌ايران‌,555,1223303,47661439470,37970,37970,39810,1840,4.85,38960,990,2.61,36920,39860,1400-6-2,2021-08-24
470,بنيرو,نيروترانس‌,553,11227100,30485041231,2600,2690,2730,130,5,2715,115,4.42,2630,2730,1400-6-2,2021-08-24
471,كيميا,معدني كيمياي زنجان گستران,553,3487837,56177603557,15436,15500,16207,771,4.99,16107,671,4.35,15500,16207,1400-6-2,2021-08-24
472,تصميم,صندوق س با درآمد ثابت تصميم,553,2808624,48369193297,17212,17238,17218,6,0.03,17222,10,0.06,17185,17238,1400-6-2,2021-08-24
473,غشصفا,شيرپاستوريزه‌پگاه‌اصفهان‌,536,835168,25525055150,30700,30000,30740,40,0.13,30560,-140,-0.46,29280,31290,1400-6-2,2021-08-24
474,پرداخت,به پرداخت ملت,532,2384315,52186948750,20860,21850,21900,1040,4.99,21890,1030,4.94,21480,21900,1400-6-2,2021-08-24
475,غشاذر,پگاه‌آذربايجان‌غربي‌,522,4421923,34618060730,7470,7840,7840,370,4.95,7830,360,4.82,7630,7840,1400-6-2,2021-08-24
476,بميلا,توسعه بازرگاني آهن وفولادميلاد,521,2057828,28208886685,13395,13452,13796,401,2.99,13708,313,2.34,13300,13796,1400-6-2,2021-08-24
477,ثعمرا,عمران و توسعه شاهد,517,2324976,25815390163,10605,10950,11135,530,5,11104,499,4.71,10950,11135,1400-6-2,2021-08-24
478,ولتجار,واسپاري تجارت وسرمايه ايرانيان,517,8227590,30374628401,3642,3694,3612,-30,-0.82,3692,50,1.37,3553,3749,1400-6-2,2021-08-24
479,حپارسا,توسعه حمل و نقل ريلي پارسيان,516,999883,38716136368,37489,37500,38960,1471,3.92,38721,1232,3.29,37500,39190,1400-6-2,2021-08-24
480,تسه0001,امتيازتسهيلات مسكن فروردين1400,514,6310,3947068567,612149,601150,630000,17851,2.92,625526,13377,2.19,601150,640000,1400-6-2,2021-08-24
481,كپارس,كاشي‌ پارس‌,514,882345,104017302060,112280,117890,117890,5610,5,117890,5610,5,117000,117890,1400-6-2,2021-08-24
482,واعتبار,سرمايه گذاري اعتبار ايران,511,4478348,38693157600,8240,8300,8650,410,4.98,8640,400,4.85,8300,8650,1400-6-2,2021-08-24
483,وآرين,شركت توسعه اقتصادي آرين,509,10150272,31796950649,3042,3133,3133,91,2.99,3133,91,2.99,3100,3133,1400-6-2,2021-08-24
484,دسبحا,گروه دارويي سبحان,506,3427875,58568979980,16340,16480,17150,810,4.96,17090,750,4.59,16140,17150,1400-6-2,2021-08-24
485,حخزر,كشتيراني درياي خزر,504,1427540,34435362616,23025,23471,24176,1151,5,24122,1097,4.76,23471,24176,1400-6-2,2021-08-24
486,كپرور,فرآوري زغال سنگ پروده طبس,499,1547748,57162516117,35452,35990,37224,1772,5,36933,1481,4.18,35990,37224,1400-6-2,2021-08-24
487,دشيمي,شيمي‌ داروئي‌ داروپخش‌,498,984473,27840687470,27150,28480,28460,1310,4.83,28280,1130,4.16,27900,28500,1400-6-2,2021-08-24
488,تسه9911,امتياز تسهيلات مسكن بهمن99,497,9275,5763197930,607552,603000,610000,2448,0.4,621369,13817,2.27,600001,637929,1400-6-2,2021-08-24
489,سرود,سيمان‌شاهرود,496,2236094,62804419820,26900,27220,27800,900,3.35,28090,1190,4.42,26780,28240,1400-6-2,2021-08-24
490,مفاخر,توسعه فناوري اطلاعات خوارزمي,494,477223,23156603021,46898,47130,49242,2344,5,48524,1626,3.47,47130,49242,1400-6-2,2021-08-24
491,ياقوت,صندوق س ياقوت آگاه-ثابت,493,4505372,58297474643,12933,12945,12942,9,0.07,12940,7,0.05,12938,12945,1400-6-2,2021-08-24
492,دسانكوح,ح . داروسازي سبحان انكولوژي,489,1225562,10479295234,8328,8250,8550,222,2.67,8551,223,2.68,8250,8690,1400-6-2,2021-08-24
493,فيروزه,صندوق شاخص30 شركت فيروزه- سهام,486,355758,65914175910,180600,181630,186400,5800,3.21,185280,4680,2.59,181630,186990,1400-6-2,2021-08-24
494,زگلدشت,كشت و دام گلدشت نمونه اصفهان,484,1465090,17887461488,12004,11770,12200,196,1.63,12209,205,1.71,11752,12500,1400-6-2,2021-08-24
495,وسهمدا,شركت س استان همدان,484,27954639,18329948248,626,630,657,31,4.95,644,18,2.88,630,657,1400-6-2,2021-08-24
496,درازك,دارويي‌ رازك‌,484,989978,42515959090,41770,42950,43490,1720,4.12,42950,1180,2.82,42320,43800,1400-6-2,2021-08-24
497,دابور,داروسازي‌ ابوريحان‌,482,1896024,51651128340,26040,26470,27340,1300,4.99,27240,1200,4.61,25930,27340,1400-6-2,2021-08-24
498,ثعتما,س. ساختماني اعتماد گستر,482,1181897,33339912718,29023,29390,28460,-563,-1.94,28209,-814,-2.8,28153,29390,1400-6-2,2021-08-24
499,توريل,توكاريل,481,3408202,52909504252,14824,15510,15565,741,5,15524,700,4.72,15112,15565,1400-6-2,2021-08-24
500,تسه9912,امتياز تسهيلات مسكن اسفند99,479,6912,4302152623,613002,610001,620000,6998,1.14,622418,9416,1.54,610001,630000,1400-6-2,2021-08-24
501,سيدكو,سرمايه گذاري توسعه صنايع سيمان,478,2316956,18365220060,7730,7990,7940,210,2.72,7920,190,2.46,7820,8000,1400-6-2,2021-08-24
502,بخاور,بيمه زندگي خاورميانه,468,3934959,23684762279,5740,5950,6027,287,5,6019,279,4.86,5900,6027,1400-6-2,2021-08-24
503,فاما,صنعتي‌ آما,463,1815837,33176217540,17550,18000,18420,870,4.96,18270,720,4.1,17550,18420,1400-6-2,2021-08-24
504,سپاس,صندوق س. پاداش سهامداري-ثابت,461,17370791,175407383388,10094,10099,10094,0,0,10098,4,0.04,10093,10102,1400-6-2,2021-08-24
505,فالوم,آلومتك‌,460,1641534,40188353163,23920,24000,24637,717,3,24482,562,2.35,23555,24637,1400-6-2,2021-08-24
506,سقاين,سيمان‌ قائن‌,454,279878,19439286670,67790,69700,69870,2080,3.07,69460,1670,2.46,66660,70910,1400-6-2,2021-08-24
507,وايرا,سرمايه گذاري صنايع ايران,447,2316751,17553861137,7561,7340,7577,16,0.21,7577,16,0.21,7340,7785,1400-6-2,2021-08-24
508,تسه9910,امتياز تسهيلات مسكن دي99,444,8221,5099203393,610645,610000,617000,6355,1.04,620266,9621,1.58,602199,635000,1400-6-2,2021-08-24
509,ثاخت,بين‌المللي‌توسعه‌ساختمان,437,18136063,50091806006,2631,2762,2762,131,4.98,2762,131,4.98,2762,2762,1400-6-2,2021-08-24
510,فسا,پتروشيمي فسا,436,6075585,8768860262,1418,1430,1448,30,2.12,1439,21,1.48,1420,1455,1400-6-2,2021-08-24
511,شاملا,معدني‌ املاح‌  ايران‌,429,555729,23587518370,41900,43380,42190,290,0.69,42440,540,1.29,41930,43380,1400-6-2,2021-08-24
512,واحصا,احياء صنايع خراسان,429,942708,39658879579,41034,39810,42265,1231,3,42069,1035,2.52,39810,42265,1400-6-2,2021-08-24
513,سدشت,صنايع سيمان دشتستان,427,255194,14382087610,54230,55630,56940,2710,5,55380,1150,2.12,52770,56940,1400-6-2,2021-08-24
514,آبين,كشت و صنعت آبشيرين,426,7829019,20433739590,2559,2610,2610,51,1.99,2610,51,1.99,2610,2610,1400-6-2,2021-08-24
515,ارمغان,ص سرمايه گذاري ارمغان ايرانيان,423,13378985,134917041827,10076,10098,10074,-2,-0.02,10084,8,0.08,10068,10098,1400-6-2,2021-08-24
516,تليسه,دامداري تليسه نمونه,423,8253907,31942620090,3686,3870,3870,184,4.99,3870,184,4.99,3870,3870,1400-6-2,2021-08-24
517,سپر,صندوق س سپر سرمايه بيدار- ثابت,420,15196831,191378953230,12587,12594,12595,8,0.06,12593,6,0.05,12592,12595,1400-6-2,2021-08-24
518,فكمند,گسترش قطعه سازي كمند,417,1447707,48239878627,32548,31572,33524,976,3,33322,774,2.38,31572,33524,1400-6-2,2021-08-24
519,وآفري,بيمه كارآفرين,415,6574226,19426759562,2921,2998,3004,83,2.84,2955,34,1.16,2884,3008,1400-6-2,2021-08-24
520,شكبير,پتروشيمي اميركبير,414,696441,73321451171,102821,104000,104760,1939,1.89,104545,1724,1.68,102700,105905,1400-6-2,2021-08-24
521,فافزا,فولاد افزا سپاهان,412,342448,15614926992,44467,45461,45801,1334,3,45598,1131,2.54,44380,45801,1400-6-2,2021-08-24
522,لسرما,سرما آفرين‌,410,1818578,42569264730,22340,22690,23450,1110,4.97,23410,1070,4.79,22690,23450,1400-6-2,2021-08-24
523,وپخشح,ح . داروپخش‌ (هلدينگ‌,410,1021728,31771286980,28420,29400,31260,2840,9.99,31100,2680,9.43,29400,31260,1400-6-2,2021-08-24
524,كساوه,صنايع‌ كاشي‌ و سراميك‌ سينا,408,583866,30261503930,49370,51830,51830,2460,4.98,51830,2460,4.98,51800,51830,1400-6-2,2021-08-24
525,ماديرا,صنايع ماديران,406,10931009,97766944496,8519,8944,8944,425,4.99,8944,425,4.99,8944,8944,1400-6-2,2021-08-24
526,شپترو,پتروشيمي آبادان,406,9668202,49835335494,5005,5155,5155,150,3,5155,150,3,5055,5155,1400-6-2,2021-08-24
527,تسه9909,امتياز تسهيلات مسكن آذر99,403,6082,3765534176,609524,594444,594000,-15524,-2.55,619128,9604,1.58,594000,640000,1400-6-2,2021-08-24
528,زپارس,ملي كشت و صنعت و دامپروري پارس,398,299423,39613071340,128850,130120,132770,3920,3.04,132300,3450,2.68,122410,135290,1400-6-2,2021-08-24
529,كاسپين,داروسازي كاسپين تامين,390,1186037,26972318802,22178,22000,22730,552,2.49,22742,564,2.54,21700,23178,1400-6-2,2021-08-24
530,وثوق,سرمايه گذاري وثوق امين,389,2413135,40698849053,16381,16381,16872,491,3,16866,485,2.96,16381,16872,1400-6-2,2021-08-24
531,دكوثر,داروسازي‌ كوثر,388,4946946,24274174232,4674,4907,4907,233,4.99,4907,233,4.99,4860,4907,1400-6-2,2021-08-24
532,ثجوان,تامين مسكن جوانان,386,1859232,16863076573,8866,9089,9100,234,2.64,9070,204,2.3,8883,9131,1400-6-2,2021-08-24
533,دسينا,داروسازي‌ سينا,379,1197577,26464539770,21450,21500,22350,900,4.2,22100,650,3.03,21310,22350,1400-6-2,2021-08-24
534,سكرد,سيمان كردستان,378,3406621,25129432460,7040,7390,7390,350,4.97,7380,340,4.83,7150,7390,1400-6-2,2021-08-24
535,تماوند,تامين سرمايه دماوند,375,5370028,33355050600,6162,6101,6330,168,2.73,6211,49,0.8,6085,6346,1400-6-2,2021-08-24
536,قشهد,شهد,374,1903035,32458667210,16320,16580,17130,810,4.96,17060,740,4.53,16510,17130,1400-6-2,2021-08-24
537,خديزل,بهمن  ديزل,358,422028,22915759000,54351,54000,53860,-491,-0.9,54299,-52,-0.1,52541,55000,1400-6-2,2021-08-24
538,مارون,پتروشيمي مارون,345,136568,26653094385,190017,195998,196000,5983,3.15,191309,1292,0.68,192690,196000,1400-6-2,2021-08-24
539,معيار ,سرمايه گذاري معيار صنعت پارس,339,239341,11245899948,45731,47000,47102,1371,3,46987,1256,2.75,45850,47102,1400-6-2,2021-08-24
540,شرنگي,شيميايي رنگين,336,46328,9218144607,201342,195326,199320,-2022,-1,199035,-2307,-1.15,195326,202500,1400-6-2,2021-08-24
541,وسنا,سرمايه گذاري نيروگاهي ايران,334,3517435,57344742805,15829,16303,16303,474,2.99,16303,474,2.99,16303,16303,1400-6-2,2021-08-24
542,فراز,صندوق س.سهام فراز داريك-س,332,2768974,38171505161,13720,13730,13850,130,0.95,13785,65,0.47,13730,13860,1400-6-2,2021-08-24
543,فنوال,نورد آلومينيوم‌,331,1426758,42529832620,28400,29810,29820,1420,5,29810,1410,4.96,29000,29820,1400-6-2,2021-08-24
544,دالبر,البرزدارو,327,1451772,20369240770,13420,13650,14090,670,4.99,14030,610,4.55,13610,14090,1400-6-2,2021-08-24
545,دفرا,فرآورده‌هاي‌ تزريقي‌ ايران‌,326,341006,10906711860,31720,31500,32080,360,1.13,31910,190,0.6,31490,32680,1400-6-2,2021-08-24
546,وثنو,سرمايه گذاري ساختماني نوين,319,3890948,18687060234,4689,4630,4829,140,2.99,4803,114,2.43,4630,4829,1400-6-2,2021-08-24
547,داوه,داروسازي آوه سينا,318,1176079,20876916122,16937,17690,17783,846,4.99,17751,814,4.81,17370,17783,1400-6-2,2021-08-24
548,شگل,گلتاش‌,317,2585179,23419599170,8650,8800,9080,430,4.97,9060,410,4.74,8580,9080,1400-6-2,2021-08-24
549,ساروج,بين المللي ساروج بوشهر,313,841997,16532951061,19398,19500,19400,2,0.01,19635,237,1.22,19110,19979,1400-6-2,2021-08-24
550,كتوكا,توليدي و خدمات صنايع نسوز توكا,313,931754,25844992452,26418,27738,27738,1320,5,27738,1320,5,27738,27738,1400-6-2,2021-08-24
551,سنير,سيمان‌ سفيد ني‌ريز,312,73792,10161158400,144940,137700,137700,-7240,-5,139730,-5210,-3.59,137700,137700,1400-6-2,2021-08-24
552,وفتخار,سرمايه گذاري افتخار سهام,312,604000,3936268000,6207,6517,6517,310,4.99,6517,310,4.99,6517,6517,1400-6-2,2021-08-24
553,وكار,بانك‌ كارآفرين‌,307,3309551,10520182178,3137,3229,3162,25,0.8,3146,9,0.29,3143,3229,1400-6-2,2021-08-24
554,زرين,صندوق س. سهام زرين كوروش-س,307,1911458,26676124934,13554,13700,14000,446,3.29,13956,402,2.97,13600,14200,1400-6-2,2021-08-24
555,كطبس,ذغال‌سنگ‌ نگين‌ ط‌بس‌,305,650214,40635888100,59690,61400,62670,2980,4.99,62500,2810,4.71,60510,62670,1400-6-2,2021-08-24
556,وبازار,صندوق س شاخصي بازارآشنا,304,1425265,19593284640,13550,13600,13800,250,1.85,13750,200,1.48,13560,13990,1400-6-2,2021-08-24
557,لكما,كارخانجات‌مخابراتي‌ايران‌,293,4668608,6718126912,1398,1439,1439,41,2.93,1423,25,1.79,1439,1439,1400-6-2,2021-08-24
558,ختراك,ريخته‌گري‌ تراكتورسازي‌ ايران‌,279,1583357,20988350670,12650,13000,13280,630,4.98,13260,610,4.82,13000,13280,1400-6-2,2021-08-24
559,سكه0111پ05,تمام سكه طرح جديد0111آينده,271,260800,323287685100,1213953,1248000,1226999,13046,1.07,1239600,25647,2.11,1222023,1248000,1400-6-2,2021-08-24
560,هجرت,پخش هجرت,267,751484,22744887459,29061,29570,30514,1453,5,30267,1206,4.15,29280,30514,1400-6-2,2021-08-24
561,تسه9907,امتياز تسهيلات مسكن مهر99,260,3787,2351409689,608908,612000,580000,-28908,-4.75,620916,12008,1.97,580000,635000,1400-6-2,2021-08-24
562,كيان2,صندوق س. با درآمد ثابت كيان,260,26000000,26000000,30138,1,1,-30137,-100,1,-30137,-100,1,1,1400-6-2,2021-08-24
563,فيروزا,صندوق بادرآمد ثابت فيروزه آسيا,254,2828546,70166104878,24855,24850,24740,-115,-0.46,24806,-49,-0.2,24727,24950,1400-6-2,2021-08-24
564,نتوس,پشم‌ بافي‌ توس,253,1445661,21000721201,14105,14528,14528,423,3,14527,422,2.99,14350,14528,1400-6-2,2021-08-24
565,سحرخيز,صندوق س. گروه زعفران سحرخيز,251,756924,7943624374,10477,10550,10546,69,0.66,10495,18,0.17,10430,10550,1400-6-2,2021-08-24
566,وامين,س. امين توان آفرين ساز,243,2620353,33507712190,12729,12856,12788,59,0.46,12767,38,0.3,12655,12856,1400-6-2,2021-08-24
567,بشهاب,لامپ‌  پارس‌ شهاب‌,231,305104,39124595590,122250,122320,128360,6110,5,128230,5980,4.89,122320,128360,1400-6-2,2021-08-24
568,ستران,سيمان‌ تهران‌,227,859299,26904651690,29820,31310,31310,1490,5,31310,1490,5,31310,31310,1400-6-2,2021-08-24
569,تپمپي,پمپ‌ سازي‌ ايران‌,226,1846588,33127788720,17090,17940,17940,850,4.97,17940,850,4.97,17940,17940,1400-6-2,2021-08-24
570,فردا,صندوق س آواي فرداي زاگرس-ثابت,225,7945861,89709404610,11285,11291,11290,5,0.04,11290,5,0.04,11290,11292,1400-6-2,2021-08-24
571,آتيمس,صندوق س.آرمان آتيه درخشان مس-س,224,45099,9761121121,209038,209204,218000,8962,4.29,216438,7400,3.54,209204,219057,1400-6-2,2021-08-24
572,ضملت8044,اختيارخ وبملت-4934-1400/08/19,210,7265,1628443000,194,200,250,56,28.87,224,30,15.46,200,279,1400-6-2,2021-08-24
573,افق ملت,صندوق س در سهام افق ملت,210,64679,10558742620,158350,159040,164000,5650,3.57,163250,4900,3.09,158020,170000,1400-6-2,2021-08-24
574,دشيري,شيرين دارو,209,50103,9147211371,178869,176830,182000,3131,1.75,182374,3505,1.96,176830,184235,1400-6-2,2021-08-24
575,كقزوي,شيشه‌ قزوين‌,206,1801857,15243965311,8284,8363,8532,248,2.99,8460,176,2.12,8116,8532,1400-6-2,2021-08-24
576,آريان,سرمايه گذاري پارس آريان,203,6318057,107173200891,16469,16963,16963,494,3,16963,494,3,16963,16963,1400-6-2,2021-08-24
577,سكه0112پ03,تمام سكه طرح جديد0112سامان,202,56000,69331404100,1220997,1248000,1228998,8001,0.66,1238061,17064,1.4,1226500,1248000,1400-6-2,2021-08-24
578,وسرمد,بيمه  سرمد,201,1840388,8952249886,4726,4867,4867,141,2.98,4848,122,2.58,4807,4867,1400-6-2,2021-08-24
579,گوهرانح,ح . س. توسعه گوهران اميد,200,3182468,13332873866,3991,4052,4190,199,4.99,4189,198,4.96,4052,4190,1400-6-2,2021-08-24
580,وتوس,توسعه‌شهري‌توس‌گستر,199,483805,6453958700,12710,13340,13340,630,4.96,12950,240,1.89,13340,13340,1400-6-2,2021-08-24
581,شستان,پتروشيمي گلستان,198,2464076,7740912980,3096,3157,3157,61,1.97,3142,46,1.49,3072,3157,1400-6-2,2021-08-24
582,اخزا910,اسنادخزانه-م10بودجه99-020807,197,402257,263069909264,657678,655000,654000,-3678,-0.56,653985,-3693,-0.56,648111,657000,1400-6-2,2021-08-24
583,رانفور,خدمات‌انفورماتيك‌,196,3743519,25306188440,6440,6760,6760,320,4.97,6550,110,1.71,6760,6760,1400-6-2,2021-08-24
584,تسه9904,امتياز تسهيلات مسكن تير99,196,2558,1590721379,608846,619995,600000,-8846,-1.45,621861,13015,2.14,600000,637502,1400-6-2,2021-08-24
585,كرازي,كارخانجات‌توليدي‌شيشه‌رازي‌,195,12744986,16058682360,1200,1260,1260,60,5,1260,60,5,1260,1260,1400-6-2,2021-08-24
586,تسه9902,امتياز تسهيلات مسكن ارديبهشت99,193,3081,1904266560,609728,595000,592600,-17128,-2.81,618068,8340,1.37,592600,629998,1400-6-2,2021-08-24
587,تسه9906,امتياز تسهيلات مسكن شهريور99,191,2406,1490627045,610276,599000,627000,16724,2.74,619546,9270,1.52,599000,628729,1400-6-2,2021-08-24
588,ضسپا8043,اختيارخ خساپا-2000-1400/08/26,191,9285,3403430000,352,340,385,33,9.38,367,15,4.26,325,390,1400-6-2,2021-08-24
589,وجامي,سرمايه گذاري جامي,189,1144762,13735020024,11650,11970,11999,349,3,11998,348,2.99,11969,11999,1400-6-2,2021-08-24
590,دمعيار,صندوق س. توازن معيار-د,187,7628669,76376465753,10005,10010,10014,9,0.09,10012,7,0.07,10009,10015,1400-6-2,2021-08-24
591,تسه0005,امتيازتسهيلات مسكن مرداد 1400,185,6163,3747379587,613976,610000,604000,-9976,-1.62,608045,-5931,-0.97,601011,610000,1400-6-2,2021-08-24
592,قمرو,قند مرودشت‌,183,655620,17885313600,25990,27280,27280,1290,4.96,27280,1290,4.96,27280,27280,1400-6-2,2021-08-24
593,كامياب,صندوق س. كامياب آشنا-د,179,1461083,15061381808,10283,10324,10290,7,0.07,10308,25,0.24,10242,10324,1400-6-2,2021-08-24
594,قصفها,قنداصفهان‌,177,138895,14988159450,102780,107910,107910,5130,4.99,107400,4620,4.5,107910,107910,1400-6-2,2021-08-24
595,تسه9810,امتياز تسهيلات مسكن دي98,175,4312,2658627840,609520,589000,619900,10380,1.7,616565,7045,1.16,589000,628888,1400-6-2,2021-08-24
596,نهال,صندوق س. طلاي سرخ نوويرا,172,566009,5963837477,10466,10330,10469,3,0.03,10537,71,0.68,10330,10650,1400-6-2,2021-08-24
597,تسه9903,امتياز تسهيلات مسكن خرداد99,170,1992,1235528304,613436,605110,601000,-12436,-2.03,620245,6809,1.11,601000,630000,1400-6-2,2021-08-24
598,اخزا901,اسنادخزانه-م1بودجه99-010621,170,156832,128100428812,818554,816001,811740,-6814,-0.83,816800,-1754,-0.21,809001,818000,1400-6-2,2021-08-24
599,فن آوا,گروه فن آوا,166,1619855,33511796585,20105,20708,20708,603,3,20688,583,2.9,20200,20708,1400-6-2,2021-08-24
600,قزوين,كارخانجات‌ قند قزوين‌,164,541742,17882744240,31440,33010,33010,1570,4.99,33010,1570,4.99,33000,33010,1400-6-2,2021-08-24
601,تسه9806,امتياز تسهيلات مسكن شهريور98,164,6909,4163250274,603486,600000,596000,-7486,-1.24,602584,-902,-0.15,595020,609898,1400-6-2,2021-08-24
602,فرابورس,فرابورس ايران,162,673714,19346371224,27349,28716,28716,1367,5,27678,329,1.2,28716,28716,1400-6-2,2021-08-24
603,وزمين,بانك ايران زمين,160,5450141,67766424292,11956,12432,12434,478,4,12434,478,4,11479,12434,1400-6-2,2021-08-24
604,ضصاد8033,اختيارخ وبصادر-2489-1400/08/12,159,6005,2001748000,308,310,361,53,17.21,333,25,8.12,310,364,1400-6-2,2021-08-24
605,وسقم,شركت س استان قم,158,2258786,2855105504,1404,1264,1264,-140,-9.97,1389,-15,-1.07,1264,1264,1400-6-2,2021-08-24
606,ومشان,س. فني و مهندسي مشانير,155,104501,6961045278,64726,66600,66667,1941,3,66612,1886,2.91,65000,66667,1400-6-2,2021-08-24
607,وآتوس,س.آرين توسكا قيمت اسمي 350ريال,154,318254,10093629750,30861,31700,31785,924,2.99,31716,855,2.77,30861,31786,1400-6-2,2021-08-24
608,ثروتم,صندوق س. ثروت آفرين پارسيان-س,154,3528730,338022300130,93247,94198,95830,2583,2.77,95791,2544,2.73,94198,96800,1400-6-2,2021-08-24
609,آرمان,بيمه آرمان,152,702764,4504300787,6449,6449,6570,121,1.88,6431,-18,-0.28,6301,6639,1400-6-2,2021-08-24
610,سكه0011پ02,تمام سكه طرح جديد0011ملت,150,27700,34415966600,1221676,1231502,1229900,8224,0.67,1242454,20778,1.7,1229900,1259803,1400-6-2,2021-08-24
611,كفپارس,فرآورده‌هاي‌ نسوز پارس‌,148,2333890,8754421390,3573,3751,3751,178,4.98,3664,91,2.55,3751,3751,1400-6-2,2021-08-24
612,تسه9905,امتياز تسهيلات مسكن مرداد99,147,1685,1043257767,610586,593650,613000,2414,0.4,619144,8558,1.4,593650,629188,1400-6-2,2021-08-24
613,دارو,كارخانجات‌داروپخش‌,147,598274,17287935620,27610,28570,28990,1380,5,28890,1280,4.64,27710,28990,1400-6-2,2021-08-24
614,گپارس,امور رفاهي كارگزاران پارس,146,92660,11797193220,121255,127317,127317,6062,5,127317,6062,5,127317,127317,1400-6-2,2021-08-24
615,غپونه,نوش پونه مشهد,145,497803,8089560817,15778,16230,16251,473,3,16155,377,2.39,16230,16251,1400-6-2,2021-08-24
616,داريك,صندوق س.اعتماد داريك-د,143,3202861,36190395530,11231,11300,11300,69,0.61,11299,68,0.61,11261,11310,1400-6-2,2021-08-24
617,گوهر2,صندوق سكه طلاي كيان,142,1420000,1420000,61625,1,1,-61624,-100,1,-61624,-100,1,1,1400-6-2,2021-08-24
618,پدرخش,درخشان‌ تهران‌,142,343866,8699809800,24100,25300,25300,1200,4.98,24710,610,2.53,25300,25300,1400-6-2,2021-08-24
619,كلوند,كاشي‌ الوند,141,787290,19241367600,23280,24440,24440,1160,4.98,24440,1160,4.98,24440,24440,1400-6-2,2021-08-24
620,واحيا,م .صنايع و معادن احياء سپاهان,139,831162,168300331056,196591,202488,202488,5897,3,202488,5897,3,202488,202488,1400-6-2,2021-08-24
621,دقاضي,داروسازي شهيد قاضي,137,191474,6597621550,33465,34460,34468,1003,3,34024,559,1.67,34270,34468,1400-6-2,2021-08-24
622,فبيرا,بسته‌ بندي‌ ايران‌,136,2294223,5033525262,2131,2194,2194,63,2.96,2161,30,1.41,2194,2194,1400-6-2,2021-08-24
623,بكاب,صنايع‌جوشكاب‌يزد,134,108593,16561518430,145250,152510,152510,7260,5,152420,7170,4.94,152510,152510,1400-6-2,2021-08-24
624,دارا,صندوق س. دارا الگوريتم-د,133,1595620,15909902701,9966,9985,9975,9,0.09,9971,5,0.05,9961,9985,1400-6-2,2021-08-24
625,تسه9808,امتياز تسهيلات مسكن آبان98,132,2239,1388121999,611232,619998,615000,3768,0.62,619974,8742,1.43,605020,629990,1400-6-2,2021-08-24
626,اخزا908,اسنادخزانه-م8بودجه99-020606,130,530623,357642763622,677929,671009,675000,-2929,-0.43,674005,-3924,-0.58,662000,677000,1400-6-2,2021-08-24
627,بايكا,كارخانجات كابلسازي ‌ايران‌,130,302655,8898057000,28544,29400,29400,856,3,29228,684,2.4,29400,29400,1400-6-2,2021-08-24
628,ضملت8042,اختيارخ وبملت-3934-1400/08/19,129,3595,2589766000,607,580,759,152,25.04,720,113,18.62,580,759,1400-6-2,2021-08-24
629,سمتاز,سيمان ممتازان كرمان,123,334824,8883196715,25804,26000,26578,774,3,26412,608,2.36,26000,26578,1400-6-2,2021-08-24
630,تسه9807,امتياز تسهيلات مسكن مهر98,122,2038,1259013330,609751,617998,610100,349,0.06,617769,8018,1.31,600012,625000,1400-6-2,2021-08-24
631,عيار2,صندوق سكه طلاي مفيد,120,1200000,1200000,31237,1,1,-31236,-100,1,-31236,-100,1,1,1400-6-2,2021-08-24
632,قيستو,شركت قند بيستون,120,959375,15766239124,16119,16210,16441,322,2,16434,315,1.95,16210,16441,1400-6-2,2021-08-24
633,آكورد2,صندوق س. آرمان آتي كوثر-د,120,12000000,12000000,33701,1,1,-33700,-100,1,-33700,-100,1,1,1400-6-2,2021-08-24
634,سكه0012پ04,تمام سكه طرح جديد0012صادرات,119,32200,39889973200,1221149,1240001,1228000,6851,0.56,1238819,17670,1.45,1228000,1247000,1400-6-2,2021-08-24
635,ضملت8043,اختيارخ وبملت-4434-1400/08/19,118,4894,2232626000,394,370,490,96,24.37,456,62,15.74,370,544,1400-6-2,2021-08-24
636,دجابر,داروسازي‌ جابرابن‌حيان‌,117,660388,10004878200,14430,15150,15150,720,4.99,14850,420,2.91,15150,15150,1400-6-2,2021-08-24
637,اوصتا,صندوق انديشه ورزان صباتامين -د,117,4248847,83346083912,19605,19617,19620,15,0.08,19616,11,0.06,19616,19620,1400-6-2,2021-08-24
638,ثپرديس,سرمايه گذاري مسكن پرديس,115,2329713,14243865282,5823,6114,6114,291,5,6065,242,4.16,6114,6114,1400-6-2,2021-08-24
639,ضپاس7030,اختيارخ وپارس-3000-1400/07/28,115,3820,1446916000,330,340,385,55,16.67,379,49,14.85,339,415,1400-6-2,2021-08-24
640,ضسپا8044,اختيارخ خساپا-2500-1400/08/26,114,6166,980922000,144,150,162,18,12.5,159,15,10.42,145,173,1400-6-2,2021-08-24
641,داراب,پتروشيمي داراب,114,1209791,2777680136,2416,2296,2296,-120,-4.97,2381,-35,-1.45,2296,2296,1400-6-2,2021-08-24
642,قشير,قند شيروان قوچان و بجنورد,114,713471,13580207014,18128,19034,19034,906,5,18886,758,4.18,19034,19034,1400-6-2,2021-08-24
643,صايند,صندوق س. گنجينه آينده روشن-د,113,700390,7115261120,10138,10100,10144,6,0.06,10159,21,0.21,10100,10178,1400-6-2,2021-08-24
644,تسه9809,امتياز تسهيلات مسكن آذر98,111,2009,1245608937,616799,602999,606010,-10789,-1.75,620014,3215,0.52,602999,624998,1400-6-2,2021-08-24
645,تسه9901,امتياز تسهيلات مسكن فروردين99,110,1456,898649040,615345,590000,623000,7655,1.24,617204,1859,0.3,590000,624207,1400-6-2,2021-08-24
646,تسه9812,امتياز تسهيلات مسكن اسفند98,110,1101,681082038,613053,610000,618000,4947,0.81,618603,5550,0.91,606000,629990,1400-6-2,2021-08-24
647,وحافظ,بيمه حافظ,108,1069024,13075998111,12253,12290,12045,-208,-1.7,12232,-21,-0.17,12045,12535,1400-6-2,2021-08-24
648,تسه9811,امتياز تسهيلات مسكن بهمن98,106,920,567124978,611474,591000,604000,-7474,-1.22,616440,4966,0.81,591000,625960,1400-6-2,2021-08-24
649,ثتران,سرمايه گذاري مسكن تهران,106,2823998,10928872260,3686,3870,3870,184,4.99,3804,118,3.2,3870,3870,1400-6-2,2021-08-24
650,پارتا,مجتمع‌صنعتي‌آرتاويل‌تاير,102,1087951,31761641494,28344,29194,29194,850,3,29194,850,3,29194,29194,1400-6-2,2021-08-24
651,آسام,صندوق س.آرمان سپهر آشنا-م,101,78590,9913302390,125951,125952,126205,254,0.2,126139,188,0.15,125952,127500,1400-6-2,2021-08-24
652,اخزا004,اسنادخزانه-م4بودجه00-030522,100,133611,73971673737,561888,560001,557000,-4888,-0.87,553635,-8253,-1.47,550002,565978,1400-6-2,2021-08-24
653,ضخود7074,اختيارخ خودرو-1800-1400/07/07,100,3114,1782277000,549,579,582,33,6.01,572,23,4.19,550,590,1400-6-2,2021-08-24
654,لخزر,پارس‌ خزر,100,110778,18177562020,156280,164090,164090,7810,5,164090,7810,5,164090,164090,1400-6-2,2021-08-24
655,سخواف,سيمان مجد خواف,94,482812,7036984900,15342,14575,14575,-767,-5,14772,-570,-3.72,14575,14575,1400-6-2,2021-08-24
656,اخزا902,اسنادخزانه-م2بودجه99-011019,94,118159,90927024269,769939,769009,769000,-939,-0.12,769531,-408,-0.05,769000,769954,1400-6-2,2021-08-24
657,اخزا903,اسنادخزانه-م3بودجه99-011110,93,377238,286790210481,760419,751009,760000,-419,-0.06,760237,-182,-0.02,751009,760600,1400-6-2,2021-08-24
658,ضملي7003,اختيارخ فملي-11720-1400/07/11,92,1259,3882252000,3032,2611,3100,68,2.24,3084,52,1.72,2611,3160,1400-6-2,2021-08-24
659,ضجار7041,اختيارخ وتجارت-2997-1400/07/21,90,2584,516737000,191,200,200,9,4.71,200,9,4.71,195,200,1400-6-2,2021-08-24
660,اخزا909,اسنادخزانه-م9بودجه99-020316,89,419156,297176070394,711548,708556,712000,452,0.06,708987,-2561,-0.36,700001,712000,1400-6-2,2021-08-24
661,صنوين,صندوق سرمايه‌گذاري صنوين-مختلط,89,30252,3355603140,109230,110990,111230,2000,1.83,110920,1690,1.55,109920,111230,1400-6-2,2021-08-24
662,سمايه,بانك سرمايه,88,2554935,12358220595,4697,4837,4837,140,2.98,4837,140,2.98,4837,4837,1400-6-2,2021-08-24
663,شزنگ,تجهيزنيروي‌زنگان‌,88,58819,7559241423,124774,128517,128517,3743,3,127371,2597,2.08,128517,128517,1400-6-2,2021-08-24
664,سنوين,سرمايه گذاري اقتصاد نوين,87,1027731,8195125819,7747,7593,7979,232,2.99,7920,173,2.23,7593,7979,1400-6-2,2021-08-24
665,الماس,صندوق س.امين تدبيرگران فردا-س,86,30467,3865730708,123674,124000,128200,4526,3.66,126883,3209,2.59,124000,131499,1400-6-2,2021-08-24
666,حرهشا,رهشاد سپاهان (سهامي عام,85,83070,6816059640,79663,82052,82052,2389,3,82052,2389,3,82052,82052,1400-6-2,2021-08-24
667,كهربا,صندوق س.پشتوانه سكه طلا كهربا,82,204969,2159164767,10467,10500,10562,95,0.91,10534,67,0.64,10500,10562,1400-6-2,2021-08-24
668,اخزا914,اسنادخزانه-م14بودجه99-021025,81,190697,119376846441,630603,624111,625000,-5603,-0.89,626003,-4600,-0.73,622010,629989,1400-6-2,2021-08-24
669,شصفها,پتروشيمي‌ اصفهان‌,81,249376,36504407008,140753,146383,146383,5630,4,146383,5630,4,146383,146383,1400-6-2,2021-08-24
670,پلوله,گازلوله‌,79,174920,4953898863,27514,28339,28338,824,2.99,27902,388,1.41,27531,28339,1400-6-2,2021-08-24
671,كنور,توسعه معدني و صنعتي صبانور,77,878299,14711508250,15960,16750,16750,790,4.95,16100,140,0.88,16750,16750,1400-6-2,2021-08-24
672,ثهام,صندوق س ثروت هامرز-سهام,75,412727,4874155006,11702,11798,12000,298,2.55,11810,108,0.92,11704,12000,1400-6-2,2021-08-24
673,شجم,صنايع پتروشيمي تخت جمشيد,75,3482238,50057171250,13957,14375,14375,418,2.99,14375,418,2.99,14375,14375,1400-6-2,2021-08-24
674,دلر,داروسازي‌ اكسير,73,227771,9887539110,41350,43410,43410,2060,4.98,42390,1040,2.52,43410,43410,1400-6-2,2021-08-24
675,ضجار7040,اختيارخ وتجارت-2497-1400/07/21,72,3228,1397026000,390,410,450,60,15.38,433,43,11.03,410,460,1400-6-2,2021-08-24
676,قپيرا,فرآورده‌هاي‌غدايي‌وقندپيرانشهر,70,1289867,10486618710,7750,8130,8130,380,4.9,7990,240,3.1,8130,8130,1400-6-2,2021-08-24
677,ثباغ,شهر سازي و خانه سازي باغميشه,70,1893350,26008948950,13083,13737,13737,654,5,13737,654,5,13737,13737,1400-6-2,2021-08-24
678,سبجنو,سيمان‌ بجنورد,70,301678,14120677910,44590,45690,46810,2220,4.98,46430,1840,4.13,45690,46810,1400-6-2,2021-08-24
679,لخانه,لوازم‌ خانگي‌ پارس‌,70,190486,4346509548,23523,22818,22818,-705,-3,23207,-316,-1.34,22818,22818,1400-6-2,2021-08-24
680,وثخوز,سرمايه گذاري و توسعه خوزستان,70,24717,1374042747,58516,55591,55591,-2925,-5,58067,-449,-0.77,55591,55591,1400-6-2,2021-08-24
681,بذر,صندوق س بذر اميد آفرين-سهام,69,35958,4077915480,111320,112400,114650,3330,2.99,113410,2090,1.88,112400,114650,1400-6-2,2021-08-24
682,حاريا,كشتيراني آريا,69,68293,1113244193,16980,16301,16301,-679,-4,16822,-158,-0.93,16301,16301,1400-6-2,2021-08-24
683,ضسپا8041,اختيارخ خساپا-1600-1400/08/26,66,1315,835156000,617,635,660,43,6.97,635,18,2.92,610,660,1400-6-2,2021-08-24
684,ضشنا8004,اختيارخ شپنا-10800-1400/08/16,61,606,2764974000,4274,4280,4520,246,5.76,4563,289,6.76,4269,4749,1400-6-2,2021-08-24
685,شساخت,مهندسي و ساختمان صنايع نفت,60,673236,29884946040,42277,44390,44390,2113,5,43689,1412,3.34,44390,44390,1400-6-2,2021-08-24
686,سخند,صندوق س.سپهرخبرگان نفت-د,59,192100,1918614930,10037,10040,9990,-47,-0.47,9988,-49,-0.49,9979,10040,1400-6-2,2021-08-24
687,كفرآور,فرآورده هاي سيمان شرق,59,662496,13542743232,19847,20442,20442,595,3,20442,595,3,20442,20442,1400-6-2,2021-08-24
688,اخزا006,اسنادخزانه-م6بودجه00-030723,57,39746,21487936250,546556,549490,540500,-6056,-1.11,540631,-5925,-1.08,540000,549490,1400-6-2,2021-08-24
689,ضخود7078,اختيارخ خودرو-3500-1400/07/07,57,2771,33827000,15,15,11,-4,-26.67,12,-3,-20,11,15,1400-6-2,2021-08-24
690,ضخود7080,اختيارخ خودرو-4500-1400/07/07,54,2211,24911000,17,20,11,-6,-35.29,11,-6,-35.29,10,20,1400-6-2,2021-08-24
691,ثالوند,سرمايه گذاري مسكن الوند,53,74522,1928182228,27235,25874,25874,-1361,-5,27049,-186,-0.68,25874,25874,1400-6-2,2021-08-24
692,ضملت8041,اختيارخ وبملت-3434-1400/08/19,53,1808,2014500000,957,1000,1159,202,21.11,1114,157,16.41,1000,1159,1400-6-2,2021-08-24
693,اخزا911,اسنادخزانه-م11بودجه99-020906,52,395085,254202813664,647792,647000,642565,-5227,-0.81,643413,-4379,-0.68,642565,647000,1400-6-2,2021-08-24
694,فردا2,صندوق س آواي فرداي زاگرس-ثابت,50,5000000,5000000,11285,1,1,-11284,-99.99,1,-11284,-99.99,1,1,1400-6-2,2021-08-24
695,سجام,مجتمع سيمان غرب آسيا,49,1708566,8144734122,4629,4767,4767,138,2.98,4731,102,2.2,4767,4767,1400-6-2,2021-08-24
696,سباقر,سيمان باقران,49,735807,11725084545,15471,15935,15935,464,3,15935,464,3,15935,15935,1400-6-2,2021-08-24
697,ثقزوي,شركت عمران و سازندگي قزوين,48,106402,3201848984,31675,30092,30092,-1583,-5,31141,-534,-1.69,30092,30092,1400-6-2,2021-08-24
698,تپكو,توليدتجهيزات‌سنگين‌هپكو,47,204539,1071170743,5343,5237,5237,-106,-1.98,5340,-3,-0.06,5237,5237,1400-6-2,2021-08-24
699,ضخود7073,اختيارخ خودرو-1600-1400/07/07,44,1375,1048098000,729,740,780,51,7,762,33,4.53,700,790,1400-6-2,2021-08-24
700,سكارون,سيمان كارون,43,18506,1929750162,107502,104277,104277,-3225,-3,106843,-659,-0.61,104277,104277,1400-6-2,2021-08-24
701,اخزا906,اسنادخزانه-م6بودجه99-020321,43,119397,84523804045,710099,710000,704002,-6097,-0.86,707922,-2177,-0.31,704001,710001,1400-6-2,2021-08-24
702,اخزا820,اسنادخزانه-م20بودجه98-020806,41,65862,43171866659,659866,661998,659866,0,0,655490,-4376,-0.66,649000,661998,1400-6-2,2021-08-24
703,اطلس2,صندوق س.توسعه اندوخته آينده-س,40,400000,400000,273594,1,1,-273593,-100,1,-273593,-100,1,1,1400-6-2,2021-08-24
704,ضذوب904,اختيارخ ذوب-4500-14000917,38,1871,1735200000,949,800,1000,51,5.37,927,-22,-2.32,800,1000,1400-6-2,2021-08-24
705,ضپال2007,اختيارخ اپال-32000-1401/02/12,36,511,625992000,1000,1199,1240,240,24,1225,225,22.5,1180,1287,1400-6-2,2021-08-24
706,پادا,صندوق س.پاداش سرمايه پارس-س,36,10124,1261418360,121510,123300,125150,3640,3,124597,3087,2.54,123300,126100,1400-6-2,2021-08-24
707,تپولا,مهندسي مرآت پولاد,34,60549,1432226046,24898,23654,23654,-1244,-5,24710,-188,-0.76,23654,23654,1400-6-2,2021-08-24
708,وشمال,س. چشم انداز توسعه شمال,33,38903,3249801008,87932,83536,83536,-4396,-5,86428,-1504,-1.71,83536,83536,1400-6-2,2021-08-24
709,ضخود7072,اختيارخ خودرو-1400-1400/07/07,32,1036,991308000,906,960,950,44,4.86,957,51,5.63,912,990,1400-6-2,2021-08-24
710,ثاژن,سخت آژند,32,112134,1010775876,9389,9014,9014,-375,-3.99,9310,-79,-0.84,9014,9014,1400-6-2,2021-08-24
711,ضملي7002,اختيارخ فملي-9720-1400/07/11,32,248,1200157000,4440,4799,4869,429,9.66,4839,399,8.99,4780,4900,1400-6-2,2021-08-24
712,ضسپا8042,اختيارخ خساپا-1800-1400/08/26,30,972,472029000,453,430,493,40,8.83,486,33,7.28,430,520,1400-6-2,2021-08-24
713,ضپاس7029,اختيارخ وپارس-2500-1400/07/28,29,479,355684000,740,710,750,10,1.35,743,3,0.41,710,783,1400-6-2,2021-08-24
714,ضشنا8005,اختيارخ شپنا-12800-1400/08/16,29,446,1351188000,2972,3100,3069,97,3.26,3030,58,1.95,2950,3200,1400-6-2,2021-08-24
715,ضصاد8034,اختيارخ وبصادر-2989-1400/08/12,28,1127,200738000,167,174,186,19,11.38,178,11,6.59,174,187,1400-6-2,2021-08-24
716,آگاس2,صندوق س.هستي بخش آگاه-س,28,2900000,2900000,87911,1,1,-87910,-100,1,-87910,-100,1,1,1400-6-2,2021-08-24
717,اخزا721,اسنادخزانه-م21بودجه97-000728,26,5379,5211363488,969925,969000,968836,-1089,-0.11,968835,-1090,-0.11,968004,971000,1400-6-2,2021-08-24
718,وهنر,گروه توسعه هنر ايران,26,55827,402624324,7435,7212,7212,-223,-3,7426,-9,-0.12,7212,7212,1400-6-2,2021-08-24
719,ضذوب905,اختيارخ ذوب-5000-14000917,26,1118,614226000,416,480,597,181,43.51,549,133,31.97,450,600,1400-6-2,2021-08-24
720,زعف0008پ11,زعفران0008نگين سحرخيز(پ),25,45044,6838676097,151865,150000,152483,618,0.41,151822,-43,-0.03,149000,152886,1400-6-2,2021-08-24
721,صايپا012,صكوك مرابحه سايپا012-3ماهه 16%,25,240010,240010480010,1000002,1000001,1000002,0,0,1000002,0,0,1000001,1000002,1400-6-2,2021-08-24
722,ضفلا7004,اختيارخ فولاد-9586-1400/07/25,24,202,880852766,2809,2800,3219,410,14.6,3110,301,10.72,2800,3219,1400-6-2,2021-08-24
723,ثاصفا,شركت‌ ساختمان‌ اصفهان‌,24,25175,600977600,24610,23872,23872,-738,-3,24564,-46,-0.19,23872,23872,1400-6-2,2021-08-24
724,اخزا812,اسنادخزانه-م12بودجه98-001111,23,107509,98469302312,917900,915010,917900,0,0,915917,-1983,-0.22,915010,919999,1400-6-2,2021-08-24
725,گنجين,صندوق س. گنجينه يكم آويد-د,22,71742,971143850,13522,13538,13536,14,0.1,13537,15,0.11,13531,13538,1400-6-2,2021-08-24
726,اخزا814,اسنادخزانه-م14بودجه98-010318,22,104234,89665172671,861001,861999,857000,-4001,-0.46,860230,-771,-0.09,853003,861999,1400-6-2,2021-08-24
727,ضسپا8039,اختيارخ خساپا-1200-1400/08/26,22,468,463213000,926,872,965,39,4.21,990,64,6.91,872,1033,1400-6-2,2021-08-24
728,اخزا815,اسنادخزانه-م15بودجه98-010406,21,12408,10560497115,852312,851800,851800,-512,-0.06,851104,-1208,-0.14,845000,851860,1400-6-2,2021-08-24
729,ضمخا7075,اختيارخ اخابر-8700-1400/07/28,21,140,355226000,2064,2500,2501,437,21.17,2537,473,22.92,2300,2600,1400-6-2,2021-08-24
730,طلا2,صندوق س.پشتوانه طلاي لوتوس,20,2000000,2000000,87475,1,1,-87474,-100,1,-87474,-100,1,1,1400-6-2,2021-08-24
731,گكيش,توريستي ورفاهي آبادگران كيش,19,10960,488980400,45994,44615,44615,-1379,-3,45923,-71,-0.15,44615,44615,1400-6-2,2021-08-24
732,اخزا813,اسنادخزانه-م13بودجه98-010219,19,98392,85952011969,874227,873001,874227,0,0,873567,-660,-0.08,873000,874227,1400-6-2,2021-08-24
733,اخزا904,اسنادخزانه-م4بودجه99-011215,18,17362,12945482808,746695,746799,742116,-4579,-0.61,745622,-1073,-0.14,742116,748000,1400-6-2,2021-08-24
734,ضمخا7076,اختيارخ اخابر-9700-1400/07/28,17,224,400667000,1692,1880,1880,188,11.11,1789,97,5.73,1567,1940,1400-6-2,2021-08-24
735,اخزا907,اسنادخزانه-م7بودجه99-020704,16,119506,79733798234,665648,664000,667000,1352,0.2,667195,1547,0.23,664000,667489,1400-6-2,2021-08-24
736,ثاباد,توريستي ورفاهي آبادگران ايران,16,8325,383532750,48490,46070,46070,-2420,-4.99,48420,-70,-0.14,46070,46070,1400-6-2,2021-08-24
737,زعف0008پ10,زعفران0008نگين طلاي سرخ(پ),16,5059,760321000,150623,152000,149800,-823,-0.55,150291,-332,-0.22,148600,152000,1400-6-2,2021-08-24
738,اراد61,مرابحه عام دولت61-ش.خ0309,15,300000,300000300000,1000000,1000001,1000001,1,0,1000001,1,0,1000001,1000001,1400-6-2,2021-08-24
739,اوصتا2,صندوق انديشه ورزان صباتامين -د,15,63600000,63600000,19605,1,1,-19604,-99.99,1,-19604,-99.99,1,1,1400-6-2,2021-08-24
740,اخزا809,اسنادخزانه-م9بودجه98-000923,15,7320,6878889427,939306,939500,940000,694,0.07,939739,433,0.05,939500,940001,1400-6-2,2021-08-24
741,هنوري102,اختيارف ت نوري59561-01/02/15,15,117656,117656,1,1,1,0,0,1,0,0,1,1,1400-6-2,2021-08-24
742,اراد87,مرابحه عام دولت87-ش.خ030304,15,3000000,2778060000000,925910,926020,926020,110,0.01,926020,110,0.01,926020,926020,1400-6-2,2021-08-24
743,ضملي7004,اختيارخ فملي-13720-1400/07/11,14,128,211757000,1595,1650,1650,55,3.45,1654,59,3.7,1620,1740,1400-6-2,2021-08-24
744,ولراز,ليزينگ رازي,14,5268,165615384,32410,31438,31438,-972,-3,32393,-17,-0.05,31438,31438,1400-6-2,2021-08-24
745,ضشنا8006,اختيارخ شپنا-14800-1400/08/16,14,40,75233000,1703,1990,1880,177,10.39,1881,178,10.45,1800,1999,1400-6-2,2021-08-24
746,اخزا807,اسنادخزانه-م7بودجه98-000719,13,3572,3475287735,974831,973000,973999,-832,-0.09,972925,-1906,-0.2,972200,974000,1400-6-2,2021-08-24
747,ثنام,س ساختماني ب نام آوران مهندسي,13,10899,173228706,16385,15894,15894,-491,-3,16376,-9,-0.05,15894,15894,1400-6-2,2021-08-24
748,ضجار7038,اختيارخ وتجارت-1797-1400/07/21,13,216,223010000,1013,1030,1039,26,2.57,1032,19,1.88,1010,1045,1400-6-2,2021-08-24
749,سايرا,ايرانيت‌,13,6909,253435938,38210,36682,36682,-1528,-4,38129,-81,-0.21,36682,36682,1400-6-2,2021-08-24
750,شكف,كف,12,7832,762703656,99370,97383,97383,-1987,-2,99214,-156,-0.16,97383,97383,1400-6-2,2021-08-24
751,اخزا808,اسنادخزانه-م8بودجه98-000817,11,3886,3722774100,957173,958001,958000,827,0.09,957996,823,0.09,957600,958001,1400-6-2,2021-08-24
752,ضپاس7028,اختيارخ وپارس-2000-1400/07/28,11,45,53355000,1093,1170,1119,26,2.38,1186,93,8.51,1119,1200,1400-6-2,2021-08-24
753,زير0103پ01,زيره سبز0103كيميابذر(پ),11,270,228479308,815787,853618,853618,37831,4.64,846220,30433,3.73,820000,853618,1400-6-2,2021-08-24
754,سرو2,صندوق س سروسودمند مدبران-سهام,11,2500000,2500000,86570,1,1,-86569,-100,1,-86569,-100,1,1,1400-6-2,2021-08-24
755,اشاد10,مشاركت دولتي10-شرايط خاص001226,10,103300,100717400000,975000,974500,975000,0,0,974999,-1,0,974500,975000,1400-6-2,2021-08-24
756,تملي706,تسهيلات مسكن ب. ملي-شهريور97,10,143,121652905,810426,850942,850947,40521,5,850720,40294,4.97,850000,850947,1400-6-2,2021-08-24
757,نگين,ص.س. زمين و ساختمان نگين شهرري,10,168763,8370685360,49600,49600,49880,280,0.56,49600,0,0,49600,49880,1400-6-2,2021-08-24
758,ضسپا8040,اختيارخ خساپا-1400-1400/08/26,10,218,178694000,782,806,835,53,6.78,820,38,4.86,806,835,1400-6-2,2021-08-24
759,خفناور,مهندسي صنعتي روان فن آور,9,1823,82284751,46532,45137,45137,-1395,-3,46520,-12,-0.03,45137,45137,1400-6-2,2021-08-24
760,سفارود,كارخانه فارسيت درود,9,11100,186835200,17175,16832,16832,-343,-2,17162,-13,-0.08,16832,16832,1400-6-2,2021-08-24
761,لپيام,گسترش صنايع پيام,9,17712,839566512,48866,47401,47401,-1465,-3,48733,-133,-0.27,47401,47401,1400-6-2,2021-08-24
762,ضملي7005,اختيارخ فملي-15720-1400/07/11,9,74,65267000,713,900,850,137,19.21,882,169,23.7,813,900,1400-6-2,2021-08-24
763,ضترا8058,اختيارخ شتران-3442-1400/08/09,9,44,173800000,3900,4000,3900,0,0,3950,50,1.28,3850,4000,1400-6-2,2021-08-24
764,اراد50,مرابحه عام دولت5-ش.خ0302,9,101300,101300000000,1000001,1000000,1000000,-1,0,1000000,-1,0,1000000,1000000,1400-6-2,2021-08-24
765,ضصاد8031,اختيارخ وبصادر-1789-1400/08/12,8,141,125483000,771,880,880,109,14.14,890,119,15.43,880,900,1400-6-2,2021-08-24
766,ضفلا7003,اختيارخ فولاد-8160-1400/07/25,8,27,171015960,4151,4500,4500,349,8.41,4518,367,8.84,4500,4600,1400-6-2,2021-08-24
767,ضشنا8001,اختيارخ شپنا-6800-1400/08/16,8,71,573342000,7958,7990,8250,292,3.67,8075,117,1.47,7990,8250,1400-6-2,2021-08-24
768,زعف0008پ12,زعفران0008پوشالمعمول سحرخيز(پ),8,3103,351175047,113330,114000,108500,-4830,-4.26,113173,-157,-0.14,108000,114000,1400-6-2,2021-08-24
769,ضجار7039,اختيارخ وتجارت-1997-1400/07/21,8,70,62850000,816,890,900,84,10.29,898,82,10.05,890,900,1400-6-2,2021-08-24
770,اخزا905,اسنادخزانه-م5بودجه99-020218,8,50238,36060468136,722441,720000,717702,-4739,-0.66,717793,-4648,-0.64,717509,720000,1400-6-2,2021-08-24
771,ضمخا7071,اختيارخ اخابر-23700-1400/07/28,8,300,14990000,45,50,40,-5,-11.11,50,5,11.11,40,50,1400-6-2,2021-08-24
772,اخزا817,اسنادخزانه-م17بودجه98-010512,7,8605,7194812600,838160,836120,836120,-2040,-0.24,836120,-2040,-0.24,836120,836120,1400-6-2,2021-08-24
773,ضمخا7066,اختيارخ اخابر-11700-1400/07/28,7,25,21151000,726,811,899,173,23.83,846,120,16.53,811,899,1400-6-2,2021-08-24
774,تملي803,تسهيلات مسكن ب. ملي-خرداد98,7,33,22756932,656766,689604,689604,32838,5,689604,32838,5,689604,689604,1400-6-2,2021-08-24
775,ضشنا8003,اختيارخ شپنا-8800-1400/08/16,7,77,494295000,6350,6400,6599,249,3.92,6419,69,1.09,6300,6599,1400-6-2,2021-08-24
776,سپرمي,پرميت‌,7,7000,64830696,9172,9263,9263,91,0.99,9176,4,0.04,9259,9263,1400-6-2,2021-08-24
777,ولتجارح,ح.واسپا تجارت وسرمايه ايرانيان,6,37555,87390485,2398,2327,2327,-71,-2.96,2327,-71,-2.96,2327,2327,1400-6-2,2021-08-24
778,ضفلا7006,اختيارخ فولاد-12440-1400/07/25,6,162,340686000,1342,1500,1500,158,11.77,1500,158,11.77,1500,1500,1400-6-2,2021-08-24
779,ددامح,ح . داروسازي زاگرس فارمد پارس,6,4009,62540400,15600,15600,15600,0,0,15600,0,0,15600,15600,1400-6-2,2021-08-24
780,زرين2,صندوق س. سهام زرين كوروش-س,6,700000,700000,13554,1,1,-13553,-99.99,1,-13553,-99.99,1,1,1400-6-2,2021-08-24
781,هاميد104,اختيارف ت ثاميد-2050-01/04/20,6,200000,200000,1,1,1,0,0,1,0,0,1,1,1400-6-2,2021-08-24
782,ثنظام,س. ساختماني نظام مهندسي ايران,6,3772,171143184,46775,45372,45372,-1403,-3,46750,-25,-0.05,45372,45372,1400-6-2,2021-08-24
783,اخزا811,اسنادخزانه-م11بودجه98-001013,6,4855,4516781847,933054,930001,929000,-4054,-0.43,930336,-2718,-0.29,929000,935496,1400-6-2,2021-08-24
784,تملي807,تسهيلات مسكن ب. ملي-مهر98,5,42,34258140,845880,803586,888174,42294,5,815670,-30210,-3.57,803586,888174,1400-6-2,2021-08-24
785,ضشنا8002,اختيارخ شپنا-7800-1400/08/16,5,47,341400000,5738,7300,7250,1512,26.35,7264,1526,26.59,7200,7300,1400-6-2,2021-08-24
786,ضجار7043,اختيارخ وتجارت-3997-1400/07/21,5,470,14310000,40,33,30,-10,-25,30,-10,-25,30,33,1400-6-2,2021-08-24
787,زعف0008پ19,زعفران0008نگين تروند قاينات(پ),5,2850,430200000,152000,152000,152000,0,0,150947,-1053,-0.69,150000,152000,1400-6-2,2021-08-24
788,صينا205,صكوك منفعت سينا دارو-3ماهه 19%,4,636,623280113,981819,980000,980000,-1819,-0.19,980000,-1819,-0.19,980000,980001,1400-6-2,2021-08-24
789,زعف0008پ18,زعفران0008نگين بهرامن(پ),4,4000,603500000,150616,152000,150000,-616,-0.41,150875,259,0.17,150000,152000,1400-6-2,2021-08-24
790,هفارس104,اختيارف ت فارس-11832-01/04/12,4,46536,46536,1,1,1,0,0,1,0,0,1,1,1400-6-2,2021-08-24
791,زعف0008پ05,زعفران0008نگين زرين(پ),4,1807,260052598,141690,143914,143914,2224,1.57,143914,2224,1.57,143914,143914,1400-6-2,2021-08-24
792,زير0103پ02,زيره سبز0103 دانش(پ),4,50,39700007,816194,780001,850000,33806,4.14,794000,-22194,-2.72,780000,850000,1400-6-2,2021-08-24
793,واميد2,گروه مديريت سرمايه گذاري اميد,4,35000000,451500000000,13130,12900,12900,-230,-1.75,12900,-230,-1.75,12900,12900,1400-6-2,2021-08-24
794,اخزا821,اسنادخزانه-م21بودجه98-020906,4,1657,1058844028,647581,638300,649000,1419,0.22,639013,-8568,-1.32,638011,649000,1400-6-2,2021-08-24
795,ضصاد8032,اختيارخ وبصادر-1989-1400/08/12,4,201,133580000,530,680,580,50,9.43,665,135,25.47,580,680,1400-6-2,2021-08-24
796,زير0103پ04,زيره سبز0103شركت مينوبذر(پ),4,165,128186767,775714,810000,772322,-3392,-0.44,776889,1175,0.15,772322,810000,1400-6-2,2021-08-24
797,اخزا818,اسنادخزانه-م18بودجه98-010614,4,37458,30768852619,821399,825652,821399,0,0,821423,24,0,821399,825652,1400-6-2,2021-08-24
798,ضپال2006,اختيارخ اپال-28000-1401/02/12,3,7,21000000,2918,3000,3000,82,2.81,3000,82,2.81,3000,3000,1400-6-2,2021-08-24
799,ضپنا8000,اختيارخ رمپنا-9850-1400/08/05,3,4,41600000,10400,10400,10400,0,0,10400,0,0,10400,10400,1400-6-2,2021-08-24
800,بتك,كارخانجات كابل سازي‌ تك‌,3,380,13546240,34277,35648,35648,1371,4,34289,12,0.04,35648,35648,1400-6-2,2021-08-24
801,اخزا816,اسنادخزانه-م16بودجه98-010503,3,62,52038940,839894,839900,836995,-2899,-0.35,839338,-556,-0.07,836995,839900,1400-6-2,2021-08-24
802,ضفلا7005,اختيارخ فولاد-11013-1400/07/25,3,18,56991300,2005,2200,2250,245,12.22,2258,253,12.62,2200,2400,1400-6-2,2021-08-24
803,فبستم,صنايع ‌بسته‌بندي‌ مشهد,3,17034,13899744,793,816,816,23,2.9,793,0,0,816,816,1400-6-2,2021-08-24
804,فراز2,صندوق س.سهام فراز داريك-س,3,1500000,1500000,13720,1,1,-13719,-99.99,1,-13719,-99.99,1,1,1400-6-2,2021-08-24
805,سلامت64,مرابحه سلامت6واجدشرايط خاص1400,3,1050000,1050000000000,1000000,1000000,1000000,0,0,1000000,0,0,1000000,1000000,1400-6-2,2021-08-24
806,طملت8042,اختيارف وبملت-3934-1400/08/19,2,50,5000000,100,100,100,0,0,100,0,0,100,100,1400-6-2,2021-08-24
807,پست0008پ04,پسته فندقي32-30سبزدانه0008(پ),2,10,18075000,1825000,1825000,1800000,-25000,-1.37,1807500,-17500,-0.96,1800000,1825000,1400-6-2,2021-08-24
808,اراد33,مرابحه عام دولت3-ش.خ 0303,2,2000,1740000000,885500,870000,870000,-15500,-1.75,870000,-15500,-1.75,870000,870000,1400-6-2,2021-08-24
809,وسالت,بانك قرض الحسنه رسالت,2,10046,11502670,1112,1145,1145,33,2.97,1112,0,0,1145,1145,1400-6-2,2021-08-24
810,اخزا723,اسنادخزانه-م23بودجه97-000824,2,2362,2257718600,954817,956000,955850,1033,0.11,955850,1033,0.11,955850,956000,1400-6-2,2021-08-24
811,صپا ه 23,بار پايه هفته 23صنعتي,2,3000,2250000,750,750,750,0,0,750,0,0,750,750,1400-6-2,2021-08-24
812,زعف0008پ15,زعفران0008پوشالمعمول طلاسرخ(پ),2,550,62700050,113000,114001,114000,1000,0.88,114000,1000,0.88,114000,114001,1400-6-2,2021-08-24
813,شرق1400,مشاركت ليزينگ ايران وشرق140010,2,699,698840300,999934,999800,999700,-234,-0.02,999771,-163,-0.02,999700,999800,1400-6-2,2021-08-24
814,اراد62,مرابحه عام دولت62-ش.خ0309,2,50000,50000000000,1000000,1000000,1000000,0,0,1000000,0,0,1000000,1000000,1400-6-2,2021-08-24
815,ضترا8056,اختيارخ شتران-2558-1400/08/09,2,5,24592000,5500,992,5900,400,7.27,4918,-582,-10.58,992,5900,1400-6-2,2021-08-24
816,گواهي ظرفيت,گواهي ظرفيت نقدي,2,3000000,68715000000,21815,22905,22905,1090,5,21969,154,0.71,22905,22905,1400-6-2,2021-08-24
817,اراد47,مرابحه عام دولت4-ش.خ 0008,2,14200,14129000000,999998,995000,995000,-4998,-0.5,995000,-4998,-0.5,995000,995000,1400-6-2,2021-08-24
818,پاسار042,اجاره انرژي پاسارگاد14040302,2,1500000,1485000000000,1000000,990000,990000,-10000,-1,990000,-10000,-1,990000,990000,1400-6-2,2021-08-24
819,هپارس102,اختيارف ت پارس-157010-01/02/05,2,1100,1100,1,1,1,0,0,1,0,0,1,1,1400-6-2,2021-08-24
820,ضمخا7067,اختيارخ اخابر-13700-1400/07/28,2,2,851000,548,548,303,-245,-44.71,425,-123,-22.45,303,548,1400-6-2,2021-08-24
821,اخزا810,اسنادخزانه-م10بودجه98-001006,2,4000,3739500000,936308,934500,935000,-1308,-0.14,934875,-1433,-0.15,934500,935000,1400-6-2,2021-08-24
822,طخود7075,اختيارف خودرو-2000-1400/07/07,2,50,2500000,50,50,50,0,0,50,0,0,50,50,1400-6-2,2021-08-24
823,ضذوب903,اختيارخ ذوب-4000-14000917,2,200,255000000,1442,1250,1300,-142,-9.85,1275,-167,-11.58,1250,1300,1400-6-2,2021-08-24
824,شگويات.ف0104,اختيارف.تبعي شگويا010408,2,20000,20000,1,1,1,0,0,1,0,0,1,1,1400-6-2,2021-08-24
825,كمند2,صندوق س. با درآمد ثابت كمند,1,3000000,3000000,10094,1,1,-10093,-99.99,1,-10093,-99.99,1,1,1400-6-2,2021-08-24
826,سنفت004,سلف موازي استاندارد سنفت004,1,41330,50009300000,1197948,1210000,1210000,12052,1.01,1210000,12052,1.01,1210000,1210000,1400-6-2,2021-08-24
827,ضترا8059,اختيارخ شتران-3882-1400/08/09,1,2,6400000,3000,3200,3200,200,6.67,3200,200,6.67,3200,3200,1400-6-2,2021-08-24
828,ضترا8061,اختيارخ شتران-5205-1400/08/09,1,10,17900000,1534,1790,1790,256,16.69,1790,256,16.69,1790,1790,1400-6-2,2021-08-24
829,ضملت8045,اختيارخ وبملت-5934-1400/08/19,1,10,1200000,105,120,120,15,14.29,120,15,14.29,120,120,1400-6-2,2021-08-24
830,اراد324,مرابحه عام دولت3-ش.خ0211,1,457944,457944000000,1000000,1000000,1000000,0,0,1000000,0,0,1000000,1000000,1400-6-2,2021-08-24
831,البرز4,بيمه البرز,1,100000000,272600000000,2655,2726,2726,71,2.67,2726,71,2.67,2726,2726,1400-6-2,2021-08-24
832,ثمسكن2,سرمايه‌گذاري‌ مسكن‌,1,50000000,282500000000,5395,5650,5650,255,4.73,5650,255,4.73,5650,5650,1400-6-2,2021-08-24
833,ضمخا7069,اختيارخ اخابر-17700-1400/07/28,1,2,400000,200,200,200,0,0,200,0,0,200,200,1400-6-2,2021-08-24
834,اخزا9092,اسنادخزانه-م9بودجه99-020316,1,448255,320502325000,711548,715000,715000,3452,0.49,715000,3452,0.49,715000,715000,1400-6-2,2021-08-24
835,ضغدر8058,اختيارخ وغدير-10000-1400/08/26,1,3,21000000,6680,7000,7000,320,4.79,7000,320,4.79,7000,7000,1400-6-2,2021-08-24
836,ضپنا8004,اختيارخ رمپنا-17850-1400/08/05,1,10,38000000,3687,3800,3800,113,3.06,3800,113,3.06,3800,3800,1400-6-2,2021-08-24
837,اراد56,مرابحه عام دولت5-ش.خ 0308,1,1000,940000000,950000,940000,940000,-10000,-1.05,940000,-10000,-1.05,940000,940000,1400-6-2,2021-08-24
838,طمخا7072,اختيارف اخابر-27700-1400/07/28,1,3,50940000,20459,16980,16980,-3479,-17,16980,-3479,-17,16980,16980,1400-6-2,2021-08-24
839,ضترا8055,اختيارخ شتران-2118-1400/08/09,1,1,6500000,5601,6500,6500,899,16.05,6500,899,16.05,6500,6500,1400-6-2,2021-08-24
840,ضغدر8059,اختيارخ وغدير-12000-1400/08/26,1,1,5800000,5500,5800,5800,300,5.45,5800,300,5.45,5800,5800,1400-6-2,2021-08-24
841,اخزا916,اسنادخزانه-م16بودجه99-020528,1,16,10720000,678026,670000,670000,-8026,-1.18,670000,-8026,-1.18,670000,670000,1400-6-2,2021-08-24
842,اراد834,مرابحه عام دولت83-ش.خ041220,1,10050000,9216804750000,1000000,917095,917095,-82905,-8.29,917095,-82905,-8.29,917095,917095,1400-6-2,2021-08-24
843,هرمز2,فولاد هرمزگان جنوب,1,5000000,93645000000,18385,18729,18729,344,1.87,18729,344,1.87,18729,18729,1400-6-2,2021-08-24
844,زعف0008پ08,زعفران0008نگين روستا(پ),1,1,143914,140496,143914,143914,3418,2.43,143914,3418,2.43,143914,143914,1400-6-2,2021-08-24
845,ضفار8050,اختيارخ فارس-7400-1400/08/05,1,1,6500000,6800,6500,6500,-300,-4.41,6500,-300,-4.41,6500,6500,1400-6-2,2021-08-24
846,زعف0008پ20,زعفران0008نگين وحدت جام(پ),1,150,21587100,139637,143914,143914,4277,3.06,143914,4277,3.06,143914,143914,1400-6-2,2021-08-24
847,اگ0006182,گام بانك تجارت0006,1,6400000,6286291200000,960000,982233,982233,22233,2.32,982233,22233,2.32,982233,982233,1400-6-2,2021-08-24
848,كايتا,ايتالران‌,1,1000,9807000,9340,9807,9807,467,5,9340,0,0,9807,9807,1400-6-2,2021-08-24
849,صبا1401,اجاره مهندسي صبا نفت14010225,1,11,11000000,1000000,1000000,1000000,0,0,1000000,0,0,1000000,1000000,1400-6-2,2021-08-24
850,دماوند2,توليد نيروي برق دماوند,1,16500000,449031000000,27214,27214,27214,0,0,27214,0,0,27214,27214,1400-6-2,2021-08-24
851,وغدير2,سرمايه‌گذاري‌غدير(هلدينگ‌,1,900090,14867686620,16100,16518,16518,418,2.6,16518,418,2.6,16518,16518,1400-6-2,2021-08-24
852,تملي709,تسهيلات مسكن ب. ملي-آذر97,1,6,5236020,918600,872670,872670,-45930,-5,872670,-45930,-5,872670,872670,1400-6-2,2021-08-24
853,ضپنا8005,اختيارخ رمپنا-19850-1400/08/05,1,5,12500000,2000,2500,2500,500,25,2500,500,25,2500,2500,1400-6-2,2021-08-24
854,طمخا7068,اختيارف اخابر-15700-1400/07/28,1,2,11780000,7251,5890,5890,-1361,-18.77,5890,-1361,-18.77,5890,5890,1400-6-2,2021-08-24
855,شفا2,سرمايه گذاري شفادارو,1,5669682,244419991020,43110,43110,43110,0,0,43110,0,0,43110,43110,1400-6-2,2021-08-24
856,خكاوه2,سايپا ديزل,1,4000000,17200000000,4195,4300,4300,105,2.5,4300,105,2.5,4300,4300,1400-6-2,2021-08-24
857,افاد1,منفعت دولت-با شرايط خاص140006,1,500,495000000,990000,990000,990000,0,0,990000,0,0,990000,990000,1400-6-2,2021-08-24
858,اخزا0042,اسنادخزانه-م4بودجه00-030522,1,189000,104895000000,561888,555000,555000,-6888,-1.23,555000,-6888,-1.23,555000,555000,1400-6-2,2021-08-24
859,طصاد8033,اختيارف وبصادر-2489-1400/08/12,1,30,4200000,140,140,140,0,0,140,0,0,140,140,1400-6-2,2021-08-24
860,ضملت8040,اختيارخ وبملت-2934-1400/08/19,1,5,8400000,1499,1680,1680,181,12.07,1680,181,12.07,1680,1680,1400-6-2,2021-08-24
861,شپنا2,پالايش نفت اصفهان,1,6500000,96720000000,14680,14880,14880,200,1.36,14880,200,1.36,14880,14880,1400-6-2,2021-08-24
862,كاوه2,فولاد كاوه جنوب كيش,1,30000000,645000000000,21170,21500,21500,330,1.56,21500,330,1.56,21500,21500,1400-6-2,2021-08-24
863,اراد22,مرابحه عام دولت2-ش.خ لوتوس0212,1,2000,1900000000,960000,950000,950000,-10000,-1.04,950000,-10000,-1.04,950000,950000,1400-6-2,2021-08-24
864,زعف0008پ16,زعفران0008نگين بيرجند(پ),1,201,28926714,139637,143914,143914,4277,3.06,143914,4277,3.06,143914,143914,1400-6-2,2021-08-24
865,ضصاد8036,اختيارخ وبصادر-3989-1400/08/12,1,100,4000000,40,40,40,0,0,40,0,0,40,40,1400-6-2,2021-08-24
866,مصفها203,مشاركت ش اصفهان203-3ماهه18%,1,500,473050000,971100,946100,946100,-25000,-2.57,946100,-25000,-2.57,946100,946100,1400-6-2,2021-08-24
867,فاراك2,ماشين‌ سازي‌ اراك‌,1,206000000,447432000000,2172,2172,2172,0,0,2172,0,0,2172,2172,1400-6-2,2021-08-24
868,اخزا8112,اسنادخزانه-م11بودجه98-001013,1,123024,114215481600,933054,928400,928400,-4654,-0.5,928400,-4654,-0.5,928400,928400,1400-6-2,2021-08-24
869,ثشاهد2,سرمايه‌ گذاري‌ شاهد,1,20000000,352000000000,16850,17600,17600,750,4.45,17600,750,4.45,17600,17600,1400-6-2,2021-08-24
870,ضپال2001,اختيارخ اپال-14000-1401/02/12,1,1,16000000,14000,16000,16000,2000,14.29,16000,2000,14.29,16000,16000,1400-6-2,2021-08-24
871,زعف0008پ09,زعفران0008نگين نوين(پ),1,200,30999800,149900,154999,154999,5099,3.4,154999,5099,3.4,154999,154999,1400-6-2,2021-08-24
872,ضملي7000,اختيارخ فملي-7720-1400/07/11,1,3,19800000,6600,6600,6600,0,0,6600,0,0,6600,6600,1400-6-2,2021-08-24
873,ضذوب906,اختيارخ ذوب-6000-14000917,1,1,500000,250,500,500,250,100,500,250,100,500,500,1400-6-2,2021-08-24
874,دمعيار2,صندوق س. توازن معيار-د,1,6400000,6400000,10005,1,1,-10004,-99.99,1,-10004,-99.99,1,1,1400-6-2,2021-08-24
875,ضغدر8060,اختيارخ وغدير-14000-1400/08/26,1,1,3800000,3000,3800,3800,800,26.67,3800,800,26.67,3800,3800,1400-6-2,2021-08-24
876,فملي2,ملي‌ صنايع‌ مس‌ ايران‌,1,50000000,717500000000,14220,14350,14350,130,0.91,14350,130,0.91,14350,14350,1400-6-2,2021-08-24
877,مكرج112,مشاركت شهرداري كرج-3ماهه18%,1,500,471500000,963000,943000,943000,-20000,-2.08,943000,-20000,-2.08,943000,943000,1400-6-2,2021-08-24
878,ضترا8060,اختيارخ شتران-4323-1400/08/09,1,10,17500000,2278,1750,1750,-528,-23.18,1750,-528,-23.18,1750,1750,1400-6-2,2021-08-24
879,مهان02,اجاره مهرآيندگان اميد0311,1,50000,50000000000,1006180,1000000,1000000,-6180,-0.61,1000000,-6180,-0.61,1000000,1000000,1400-6-2,2021-08-24
880,ومعادن2,توسعه‌معادن‌وفلزات‌,1,20000000,251800000000,12400,12590,12590,190,1.53,12590,190,1.53,12590,12590,1400-6-2,2021-08-24
881,كچاد2,معدني‌وصنعتي‌چادرملو,1,8420769,249760008540,29660,29660,29660,0,0,29660,0,0,29660,29660,1400-6-2,2021-08-24
882,اوصتا4,صندوق انديشه ورزان صباتامين -د,1,52301000,1027400844000,19605,19644,19644,39,0.2,19644,39,0.2,19644,19644,1400-6-2,2021-08-24
883,ضمخا7070,اختيارخ اخابر-19700-1400/07/28,1,1,140000,77,140,140,63,81.82,140,63,81.82,140,140,1400-6-2,2021-08-24
884,ضپاس7027,اختيارخ وپارس-1800-1400/07/28,1,20,27000000,1300,1350,1350,50,3.85,1350,50,3.85,1350,1350,1400-6-2,2021-08-24
885,ضغدر8061,اختيارخ وغدير-16000-1400/08/26,1,1,2600000,2400,2600,2600,200,8.33,2600,200,8.33,2600,2600,1400-6-2,2021-08-24
886,سمگا2,گروه سرمايه گذاري ميراث فرهنگي,1,17000000,494700000000,29063,29100,29100,37,0.13,29100,37,0.13,29100,29100,1400-6-2,2021-08-24
887,غزر4,صنعتي زر ماكارون,1,140864509,3380748216000,24930,24000,24000,-930,-3.73,24000,-930,-3.73,24000,24000,1400-6-2,2021-08-24
888,ونوين2,بانك‌اقتصادنوين‌,1,53000000,280900000000,5160,5300,5300,140,2.71,5300,140,2.71,5300,5300,1400-6-2,2021-08-24
889,ضملي7006,اختيارخ فملي-17720-1400/07/11,1,1,71000,417,71,71,-346,-82.97,71,-346,-82.97,71,71,1400-6-2,2021-08-24
890,ضپنا8001,اختيارخ رمپنا-11850-1400/08/05,1,1,8400000,8800,8400,8400,-400,-4.55,8400,-400,-4.55,8400,8400,1400-6-2,2021-08-24
891,مشير112,مشاركت شهرداري شيراز-3ماهه18%,1,10,9900000,990000,990000,990000,0,0,990000,0,0,990000,990000,1400-6-2,2021-08-24
892,ضخوز7036,اختيارخ فخوز-9200-1400/07/14,1,5,45000000,7850,9000,9000,1150,14.65,9000,1150,14.65,9000,9000,1400-6-2,2021-08-24
893,شتران2,پالايش نفت تهران,1,1285000,14805770000,11230,11522,11522,292,2.6,11522,292,2.6,11522,11522,1400-6-2,2021-08-24
894,شاراك2,پتروشيمي شازند,1,8445968,375000979200,44400,44400,44400,0,0,44400,0,0,44400,44400,1400-6-2,2021-08-24
895,ضفلا7002,اختيارخ فولاد-6733-1400/07/25,1,5,41975880,5688,5988,5988,300,5.27,5988,300,5.27,5988,5988,1400-6-2,2021-08-24
896,ياقوت2,صندوق س ياقوت آگاه-ثابت,1,23170000,23170000,12933,1,1,-12932,-99.99,1,-12932,-99.99,1,1,1400-6-2,2021-08-24
897,ضترا8057,اختيارخ شتران-3000-1400/08/09,1,2,9200000,4208,4600,4600,392,9.32,4600,392,9.32,4600,4600,1400-6-2,2021-08-24
898,اراد334,مرابحه عام دولت3-ش.خ 0303,1,132000,114298800000,885500,865900,865900,-19600,-2.21,865900,-19600,-2.21,865900,865900,1400-6-2,2021-08-24
899,وبشهر2,توسعه‌ صنايع‌ بهشهر(هلدينگ,1,26213184,373800003840,14260,14260,14260,0,0,14260,0,0,14260,14260,1400-6-2,2021-08-24
