,نماد,نام,تعداد,حجم,ارزش,دیروز,اولین,آخرین معامله - مقدار,آخرین معامله - تغییر,آخرین معامله - درصد,قیمت پایانی - مقدار,قیمت پایانی - تغییر,قیمت پایانی - درصد,کمترین,بیشترین,تاریخ,gregorian_date
0,كيمياتك,آريان كيميا تك,59279,14339487,486538793910,32320,33930,33930,1610,4.98,33930,1610,4.98,33930,33930,1400-6-29,2021-09-20
1,فجهان,مجتمع جهان فولاد سيرجان,32042,47171987,332939884246,6722,7058,7058,336,5,7058,336,5,7058,7058,1400-6-29,2021-09-20
2,وهامون,سرمايه گذاري هامون صبا,29416,60305016,213990378432,3669,3600,3530,-139,-3.79,3548,-121,-3.3,3486,3660,1400-6-29,2021-09-20
3,پالايش,صندوق پالايشي يكم-سهام,25944,29108801,2234011310390,75600,77350,76050,450,0.6,76750,1150,1.52,75860,77640,1400-6-29,2021-09-20
4,بركت,گروه دارويي بركت,21726,38235085,1410492394860,37860,36800,36260,-1600,-4.23,36890,-970,-2.56,36010,38300,1400-6-29,2021-09-20
5,شستا,سرمايه گذاري تامين اجتماعي,16348,69226423,898140301560,12870,13130,12990,120,0.93,12970,100,0.78,12850,13170,1400-6-29,2021-09-20
6,سپيد,سپيد ماكيان,15798,9049639,540248197460,57170,58840,59980,2810,4.92,59700,2530,4.43,57360,60020,1400-6-29,2021-09-20
7,دارا يكم,صندوق واسطه گري مالي يكم-سهام,15225,8700591,1115762504090,126880,128940,127300,420,0.33,128240,1360,1.07,126880,129790,1400-6-29,2021-09-20
8,دي,بانك دي,15035,454713744,513260453786,1118,1144,1119,1,0.09,1129,11,0.98,1117,1149,1400-6-29,2021-09-20
9,حشكوه,دليجان طلايي شكوه پارس,13374,39595826,123962294411,3210,3114,3190,-20,-0.62,3131,-79,-2.46,3114,3210,1400-6-29,2021-09-20
10,خودرو,ايران‌ خودرو,11719,300781914,584747943030,1944,1970,1919,-25,-1.29,1944,0,0,1908,1980,1400-6-29,2021-09-20
11,سپيدار,سپيدار سيستم آسيا,11621,4580219,90103763228,18770,19010,19708,938,5,19672,902,4.81,18850,19708,1400-6-29,2021-09-20
12,فولاد,فولاد مباركه اصفهان,10858,66306057,694784135400,10440,10410,10470,30,0.29,10480,40,0.38,10390,10590,1400-6-29,2021-09-20
13,حگردش,ريل گردش ايرانيان,10512,28373491,85173755354,3074,3030,2983,-91,-2.96,3002,-72,-2.34,2982,3130,1400-6-29,2021-09-20
14,خساپا,سايپا,10170,303590052,550786945699,1818,1822,1799,-19,-1.05,1814,-4,-0.22,1783,1849,1400-6-29,2021-09-20
15,فملي,ملي‌ صنايع‌ مس‌ ايران‌,9928,57727068,712857277080,12180,12040,12400,220,1.81,12350,170,1.4,12040,12500,1400-6-29,2021-09-20
16,كرمان,س. توسعه و عمران استان كرمان,9609,373356950,453713265792,1166,1178,1224,58,4.97,1215,49,4.2,1170,1224,1400-6-29,2021-09-20
17,گدنا,تهيه توزيع غذاي دنا آفرين فدك,9476,4760805,103209606095,21676,21520,21452,-224,-1.03,21679,3,0.01,21000,22288,1400-6-29,2021-09-20
18,لطيف,محصولات كاغذي لطيف,9290,1137993,54838064313,47747,46220,47222,-525,-1.1,48188,441,0.92,46220,50120,1400-6-29,2021-09-20
19,كدما,معدني‌ دماوند,8895,4071236,700312920250,178510,169590,169590,-8920,-5,172010,-6500,-3.64,169590,182380,1400-6-29,2021-09-20
20,شپنا,پالايش نفت اصفهان,8405,40294859,500628851890,12270,12440,12400,130,1.06,12420,150,1.22,12300,12570,1400-6-29,2021-09-20
21,شبندر,پالايش نفت بندرعباس,8214,113826871,688171074630,5930,6000,6080,150,2.53,6050,120,2.02,5920,6130,1400-6-29,2021-09-20
22,ولكار,ليزينگ كارآفرين,7950,2780573,11829287566,4233,4130,4300,67,1.58,4251,18,0.43,4130,4380,1400-6-29,2021-09-20
23,خگستر,گسترش‌سرمايه‌گذاري‌ايران‌خودرو,7435,152522480,402802175659,2650,2620,2622,-28,-1.06,2641,-9,-0.34,2582,2690,1400-6-29,2021-09-20
24,شصدف,صنعتي دوده فام,7399,8329706,300415875685,37673,36560,35790,-1883,-5,36066,-1607,-4.27,35790,38000,1400-6-29,2021-09-20
25,توسن,توسعه سامانه ي نرم افزاري نگين,7227,1828320,15922838880,8295,8709,8709,414,4.99,8680,385,4.64,8709,8709,1400-6-29,2021-09-20
26,چخزر,صنايع چوب خزر كاسپين,7041,678097,24688627602,36167,35620,35822,-345,-0.95,36409,242,0.67,35600,37185,1400-6-29,2021-09-20
27,شاروم,پتروشيمي اروميه,6943,3341720,61015739730,18037,17500,18460,423,2.35,18259,222,1.23,17500,18790,1400-6-29,2021-09-20
28,فسبزوار,پارس فولاد سبزوار,6895,1777597,62642518280,33570,35240,35240,1670,4.97,35240,1670,4.97,35240,35240,1400-6-29,2021-09-20
29,رافزا,رايان هم افزا,6704,1549489,136087636307,90732,87000,86250,-4482,-4.94,87827,-2905,-3.2,86196,91000,1400-6-29,2021-09-20
30,كمند,صندوق س. با درآمد ثابت كمند,6595,266755298,2688192543368,10071,10077,10077,6,0.06,10077,6,0.06,10077,10079,1400-6-29,2021-09-20
31,ومدير,گ.مديريت ارزش سرمايه ص ب كشوري,6514,16708840,84592604930,5000,5040,5000,0,0,5060,60,1.2,4990,5200,1400-6-29,2021-09-20
32,غزر,صنعتي زر ماكارون,6457,3760290,104743490400,26610,26910,27940,1330,5,27860,1250,4.7,26910,27940,1400-6-29,2021-09-20
33,ولپارس,ليزينگ پارسيان,6419,21843787,117615241000,5580,5580,5320,-260,-4.66,5380,-200,-3.58,5310,5690,1400-6-29,2021-09-20
34,فگستر,گسترش صنايع روي ايرانيان,6322,1799947,25316926001,14119,13800,13942,-177,-1.25,14065,-54,-0.38,13800,14524,1400-6-29,2021-09-20
35,زملارد,كشاورزي و دامپروري ملارد شير,6321,1231688,35957354599,28401,28845,29699,1298,4.57,29194,793,2.79,28411,29790,1400-6-29,2021-09-20
36,شتران,پالايش نفت تهران,6269,47518231,479989778920,9980,10040,10070,90,0.9,10100,120,1.2,10000,10230,1400-6-29,2021-09-20
37,فتوسا,توليد و توسعه سرب روي ايرانيان,6060,2264066,31698044149,13838,13600,14050,212,1.53,14000,162,1.17,13600,14259,1400-6-29,2021-09-20
38,نوري,پتروشيمي نوري,5877,3129839,324350070410,103620,102510,102700,-920,-0.89,103630,10,0.01,102380,106000,1400-6-29,2021-09-20
39,قثابت,قند ثابت‌ خراسان‌,5795,90902586,299193452094,3439,3268,3268,-171,-4.97,3291,-148,-4.3,3268,3407,1400-6-29,2021-09-20
40,وكبهمن,مديريت سرمايه گذاري كوثربهمن,5750,1592086,18649349240,11359,11250,11898,539,4.75,11714,355,3.13,11250,11910,1400-6-29,2021-09-20
41,ثبهساز,بهساز كاشانه تهران,5704,38193482,81481431647,2104,2125,2124,20,0.95,2133,29,1.38,2100,2187,1400-6-29,2021-09-20
42,بوعلي,پتروشيمي بوعلي سينا,5406,1777762,120763971590,66820,66600,67510,690,1.03,67930,1110,1.66,66600,69200,1400-6-29,2021-09-20
43,صبا,سرمايه گذاري صبا تامين,5357,27322997,192783633209,6978,7200,6967,-11,-0.16,7056,78,1.12,6942,7200,1400-6-29,2021-09-20
44,ثاميد,توسعه و عمران اميد,5229,36342189,57465635685,1541,1537,1595,54,3.5,1581,40,2.6,1537,1610,1400-6-29,2021-09-20
45,چكاپا,گروه صنايع كاغذ پارس,5206,59430336,226834015334,3930,3821,3736,-194,-4.94,3817,-113,-2.88,3734,3980,1400-6-29,2021-09-20
46,وسكرشا,س.سهام عدالت استان كرمانشاه,5194,275916051,161013026711,608,578,580,-28,-4.61,584,-24,-3.95,578,598,1400-6-29,2021-09-20
47,كماسه,تامين‌ ماسه‌ ريخته‌گري‌,5083,88177428,533399139800,5800,6090,6090,290,5,6050,250,4.31,5790,6090,1400-6-29,2021-09-20
48,وبملت,بانك ملت,5003,130854079,497684963855,3785,3800,3785,0,0,3803,18,0.48,3753,3870,1400-6-29,2021-09-20
49,خپارس,پارس‌ خودرو,4995,176595622,198371194336,1127,1149,1116,-11,-0.98,1123,-4,-0.35,1104,1149,1400-6-29,2021-09-20
50,پارند2,صندوق س. پارند پايدار سپهر,4980,498000000,498000000,10072,1,1,-10071,-99.99,1,-10071,-99.99,1,1,1400-6-29,2021-09-20
51,امين,تامين سرمايه امين,4943,3066661,30219533940,9810,9870,9860,50,0.51,9840,30,0.31,9800,9950,1400-6-29,2021-09-20
52,غكورش,صنعت غذايي كورش,4905,2327541,101739244750,42570,42610,43760,1190,2.8,43710,1140,2.68,42610,44270,1400-6-29,2021-09-20
53,وسپهر,سرمايه گذاري مالي سپهرصادرات,4853,11838835,96031579559,7829,7633,8220,391,4.99,8108,279,3.56,7633,8220,1400-6-29,2021-09-20
54,كزغال,زغال سنگ پروده طبس,4713,1035419,38527934332,36795,36600,37104,309,0.84,37210,415,1.13,36600,37740,1400-6-29,2021-09-20
55,كتوكا,توليدي و خدمات صنايع نسوز توكا,4672,13404516,271605726633,20278,19265,21090,812,4,20262,-16,-0.08,19265,21291,1400-6-29,2021-09-20
56,وتجارت,بانك تجارت,4613,97893554,221719048649,2258,2240,2252,-6,-0.27,2265,7,0.31,2238,2294,1400-6-29,2021-09-20
57,آريا,پليمر آريا ساسول,4496,1137520,117862754794,102526,103450,102800,274,0.27,103614,1088,1.06,102527,105940,1400-6-29,2021-09-20
58,حسير,ريل سير كوثر,4443,21459857,837943054081,39178,37804,40680,1502,3.83,39047,-131,-0.33,37220,40800,1400-6-29,2021-09-20
59,بپيوند,برق و انرژي پيوندگستر پارس,4420,1883280,21959528589,11605,11410,11562,-43,-0.37,11660,55,0.47,11410,11900,1400-6-29,2021-09-20
60,سنير,سيمان‌ سفيد ني‌ريز,4333,1998138,263818655290,138050,132510,131150,-6900,-5,132030,-6020,-4.36,131150,138000,1400-6-29,2021-09-20
61,غگيلا,شيرپاستوريزه پگاه گيلان,4326,3956135,92949585073,23767,23529,23000,-767,-3.23,23495,-272,-1.14,22579,24590,1400-6-29,2021-09-20
62,وخارزم,سرمايه گذاري خوارزمي,4295,46764641,249081075320,5240,5460,5280,40,0.76,5330,90,1.72,5240,5460,1400-6-29,2021-09-20
63,سيتا,سرمايه گذاري سيمان تامين,4270,5343225,71965230120,13490,13320,13390,-100,-0.74,13470,-20,-0.15,13320,13760,1400-6-29,2021-09-20
64,كيان,صندوق س. با درآمد ثابت كيان,4161,96987140,2968641680300,30592,30609,30609,17,0.06,30609,17,0.06,30600,30612,1400-6-29,2021-09-20
65,بگيلان,توسعه مسير برق گيلان,4117,724563,13589099248,18962,18550,18605,-357,-1.88,18875,-87,-0.46,18550,19000,1400-6-29,2021-09-20
66,وسكرمان,س.سهام عدالت استان كرمان,3872,262894994,139138467635,514,510,539,25,4.86,529,15,2.92,502,539,1400-6-29,2021-09-20
67,وپويا,سرمايه گذاري پويا,3857,9391316,45620175890,4874,4753,4800,-74,-1.52,4858,-16,-0.33,4743,4995,1400-6-29,2021-09-20
68,وبصادر,بانك صادرات ايران,3676,86244650,190993488892,2180,2235,2211,31,1.42,2215,35,1.61,2187,2250,1400-6-29,2021-09-20
69,پترول,گ.س.وت.ص.پتروشيمي خليج فارس,3673,27509706,107747310801,3892,3930,3912,20,0.51,3916,24,0.62,3880,3990,1400-6-29,2021-09-20
70,ثشاهد,سرمايه‌ گذاري‌ شاهد,3600,13896093,221966553420,16510,15900,15690,-820,-4.97,15970,-540,-3.27,15690,16800,1400-6-29,2021-09-20
71,ذوب,سهامي ذوب آهن  اصفهان,3439,42590121,176067662033,4121,4145,4090,-31,-0.75,4134,13,0.32,4070,4219,1400-6-29,2021-09-20
72,حكشتي,كشتيراني جمهوري اسلامي ايران,3396,11783610,181132630440,15290,15050,15220,-70,-0.46,15370,80,0.52,14900,15870,1400-6-29,2021-09-20
73,مديريت,س. و خدمات مديريت صند. ب كشوري,3346,13838925,155258899575,11809,11219,11219,-590,-5,11219,-590,-5,11219,11219,1400-6-29,2021-09-20
74,كمرجان,بازرگاني و توليدي مرجان كار,3295,2318673,206064168716,87537,83161,91913,4376,5,88872,1335,1.53,83161,91913,1400-6-29,2021-09-20
75,پيزد,مجتمع صنايع لاستيك يزد,3265,524118,35708626355,65761,64800,67998,2237,3.4,68131,2370,3.6,63770,69049,1400-6-29,2021-09-20
76,شسپا,نفت سپاهان,3161,52212689,185566136541,3440,3568,3485,45,1.31,3554,114,3.31,3450,3603,1400-6-29,2021-09-20
77,ختور,رادياتور ايران‌,3088,8801052,233896649970,26550,26800,26060,-490,-1.85,26580,30,0.11,25640,27510,1400-6-29,2021-09-20
78,كسرام,پارس‌ سرام‌,3074,50313382,309636990140,5960,5750,6250,290,4.87,6150,190,3.19,5750,6250,1400-6-29,2021-09-20
79,فولاي,صنايع فولاد آلياژي يزد,3054,10713537,251308846188,24598,23369,23369,-1229,-5,23457,-1141,-4.64,23369,24091,1400-6-29,2021-09-20
80,خبهمن,گروه‌بهمن‌,3028,108235300,182997204834,1685,1723,1675,-10,-0.59,1691,6,0.36,1662,1723,1400-6-29,2021-09-20
81,فاذر,صنايع‌ آذرآب‌,3000,103550822,130921436577,1220,1223,1257,37,3.03,1264,44,3.61,1223,1281,1400-6-29,2021-09-20
82,اپال,فرآوري معدني اپال كاني پارس,2994,4981848,104404105430,20940,21310,20940,0,0,20960,20,0.1,20650,21360,1400-6-29,2021-09-20
83,هاي وب,داده گسترعصرنوين-هاي وب,2946,21886617,188758048010,8460,8460,8630,170,2.01,8620,160,1.89,8460,8810,1400-6-29,2021-09-20
84,گشان,توسعه بين المللي پديده شانديز,2924,5569085,126081537997,23310,22611,22611,-699,-3,22640,-670,-2.87,22611,23000,1400-6-29,2021-09-20
85,ريشمك,توليد و صادرات ريشمك,2911,6307174,309073420615,46739,47100,49075,2336,5,49003,2264,4.84,47100,49075,1400-6-29,2021-09-20
86,شبريز,پالايش نفت تبريز,2863,6678252,259627796250,37780,38700,38460,680,1.8,38880,1100,2.91,38200,39490,1400-6-29,2021-09-20
87,كساپا,سايپاشيشه‌,2860,7725798,237352999340,31500,29930,29940,-1560,-4.95,30720,-780,-2.48,29930,32800,1400-6-29,2021-09-20
88,شگويا,پتروشيمي تندگويان,2842,11546102,127048235693,10925,10870,11005,80,0.73,11004,79,0.72,10870,11200,1400-6-29,2021-09-20
89,اعتماد,صندوق س.اعتماد آفرين پارسيان-د,2831,68758610,2670423019200,38817,38838,38839,22,0.06,38838,21,0.05,38836,38842,1400-6-29,2021-09-20
90,فروي,ذوب روي اصفهان,2746,2911049,93166116133,31372,31080,32428,1056,3.37,32004,632,2.01,31080,32920,1400-6-29,2021-09-20
91,غصينو,صنعتي مينو,2724,10743274,204299622680,19956,18959,18959,-997,-5,19017,-939,-4.71,18959,19764,1400-6-29,2021-09-20
92,وتوس,توسعه‌شهري‌توس‌گستر,2719,10511072,184296813100,17270,16410,18130,860,4.98,17530,260,1.51,16410,18130,1400-6-29,2021-09-20
93,خمحور,توليدمحورخودرو,2704,37939351,167457277958,4512,4670,4287,-225,-4.99,4414,-98,-2.17,4287,4670,1400-6-29,2021-09-20
94,فاراك,ماشين‌ سازي‌ اراك‌,2685,56800900,110468046219,1967,1920,1916,-51,-2.59,1945,-22,-1.12,1897,2010,1400-6-29,2021-09-20
95,امين يكم,صندوق درآمد ثابت امين يكم فردا,2662,85615268,868443027359,10140,10144,10141,1,0.01,10144,4,0.04,10141,10147,1400-6-29,2021-09-20
96,ثالوند,سرمايه گذاري مسكن الوند,2613,7730449,138435974328,18687,17830,17754,-933,-4.99,17908,-779,-4.17,17753,18500,1400-6-29,2021-09-20
97,فمراد,آلومراد,2606,8245606,177696638050,22540,21650,21560,-980,-4.35,21550,-990,-4.39,21420,22500,1400-6-29,2021-09-20
98,خكار,ايركا پارت صنعت,2592,9522594,158782759190,17260,16620,16760,-500,-2.9,16670,-590,-3.42,16400,17190,1400-6-29,2021-09-20
99,ثعتما,س. ساختماني اعتماد گستر,2585,8111671,253570666356,30814,31738,31000,186,0.6,31260,446,1.45,29890,31738,1400-6-29,2021-09-20
100,ختوقا,قطعات‌ اتومبيل‌ ايران‌,2577,48051889,118337384330,2549,2451,2422,-127,-4.98,2463,-86,-3.37,2422,2600,1400-6-29,2021-09-20
101,ثرود,سرمايه‌گذاري مسكن زاينده رود,2571,13667356,161843016611,12261,11700,11648,-613,-5,11842,-419,-3.42,11648,12260,1400-6-29,2021-09-20
102,ثنوسا,نوسازي‌وساختمان‌تهران‌,2569,20060446,154122189680,7900,7510,7670,-230,-2.91,7680,-220,-2.78,7510,8120,1400-6-29,2021-09-20
103,وغدير,سرمايه‌گذاري‌غدير(هلدينگ‌,2558,25116064,353608084840,14030,14010,13990,-40,-0.29,14080,50,0.36,13980,14490,1400-6-29,2021-09-20
104,ملت,بيمه ملت,2533,91788411,126322180164,1347,1383,1360,13,0.97,1376,29,2.15,1347,1409,1400-6-29,2021-09-20
105,وبانك,سرمايه گذاري گروه توسعه ملي,2497,11956316,98217819280,8150,8110,8140,-10,-0.12,8210,60,0.74,8110,8350,1400-6-29,2021-09-20
106,كرازي,كارخانجات‌توليدي‌شيشه‌رازي‌,2472,84972451,135833118104,1529,1550,1605,76,4.97,1599,70,4.58,1550,1605,1400-6-29,2021-09-20
107,وگستر,گسترش سرمايه گذاري ايرانيان,2460,8534073,83200096517,9687,9500,9929,242,2.5,9749,62,0.64,9211,10150,1400-6-29,2021-09-20
108,غگل,گلوكوزان‌,2455,39258948,145448469034,3685,3650,3782,97,2.63,3705,20,0.54,3650,3797,1400-6-29,2021-09-20
109,قنيشا,قند  نيشابور,2450,2900256,126713120360,45750,43760,43500,-2250,-4.92,43690,-2060,-4.5,43470,45300,1400-6-29,2021-09-20
110,سصفها,سيمان‌اصفهان‌,2440,2429435,133563554350,57220,54360,54360,-2860,-5,54980,-2240,-3.91,54360,57840,1400-6-29,2021-09-20
111,شسينا,صنايع‌شيميايي‌سينا,2422,3150088,354337558210,107210,112570,112570,5360,5,112480,5270,4.92,110810,112570,1400-6-29,2021-09-20
112,كفپارس,فرآورده‌هاي‌ نسوز پارس‌,2420,34723046,157313490865,4361,4210,4579,218,5,4531,170,3.9,4210,4579,1400-6-29,2021-09-20
113,غفارس,شير پاستوريزه پگاه فارس,2361,15496361,171102991205,10537,10500,11063,526,4.99,11041,504,4.78,10300,11063,1400-6-29,2021-09-20
114,غويتا,ويتانا,2315,9941728,77210445582,7978,7650,7700,-278,-3.48,7766,-212,-2.66,7580,8127,1400-6-29,2021-09-20
115,زماهان,مجتمع توليد گوشت مرغ ماهان,2291,8034007,87021301390,11289,10800,10725,-564,-5,10832,-457,-4.05,10725,11250,1400-6-29,2021-09-20
116,حآسا,آسيا سير ارس,2285,7191952,158389557035,22267,21154,22930,663,2.98,22023,-244,-1.1,21154,23300,1400-6-29,2021-09-20
117,خزاميا,زامياد,2260,20876357,150763504540,7210,7210,7190,-20,-0.28,7220,10,0.14,7030,7350,1400-6-29,2021-09-20
118,خزر,فنرسازي‌زر,2235,10980200,227436831540,19900,19830,20890,990,4.97,20710,810,4.07,19500,20890,1400-6-29,2021-09-20
119,توريل,توكاريل,2200,9450072,176230556100,19216,19220,18660,-556,-2.89,18649,-567,-2.95,18256,19850,1400-6-29,2021-09-20
120,ماديرا,صنايع ماديران,2194,19612328,163971690743,8406,8210,8280,-126,-1.5,8361,-45,-0.54,8055,8650,1400-6-29,2021-09-20
121,سبزوا,سيمان لار سبزوار,2167,23119816,95782019598,4207,4207,4070,-137,-3.26,4143,-64,-1.52,4014,4350,1400-6-29,2021-09-20
122,فخوز,فولاد  خوزستان,2153,16838281,286763320590,16870,16870,17090,220,1.3,17030,160,0.95,16800,17410,1400-6-29,2021-09-20
123,ثاخت,بين‌المللي‌توسعه‌ساختمان,2135,40624638,101765900899,2482,2500,2464,-18,-0.73,2505,23,0.93,2451,2550,1400-6-29,2021-09-20
124,كاوه,فولاد كاوه جنوب كيش,2124,7383444,136487267320,18430,18000,18240,-190,-1.03,18490,60,0.33,18000,19000,1400-6-29,2021-09-20
125,فايرا,آلومينيوم‌ايران‌,2122,6335970,122646591960,18620,18990,19550,930,4.99,19360,740,3.97,18550,19550,1400-6-29,2021-09-20
126,سرو,صندوق س سروسودمند مدبران-سهام,2102,1948442,150097630540,76110,77010,76510,400,0.53,77030,920,1.21,76260,77810,1400-6-29,2021-09-20
127,ضخود7075,اختيارخ خودرو-2000-1400/07/07,2092,86808,4537285000,60,66,40,-20,-33.33,52,-8,-13.33,39,71,1400-6-29,2021-09-20
128,وپارس,بانك‌پارسيان‌,2089,50355349,143849504894,2846,2860,2841,-5,-0.18,2857,11,0.39,2829,2920,1400-6-29,2021-09-20
129,سباقر,سيمان باقران,1978,17709882,338990046039,18881,19440,19150,269,1.42,19141,260,1.38,18390,19447,1400-6-29,2021-09-20
130,آريان,سرمايه گذاري پارس آريان,1971,23645511,401330137418,16959,16990,17100,141,0.83,16973,14,0.08,16550,17135,1400-6-29,2021-09-20
131,مبين,مبين انرژي خليج فارس,1941,21882572,493630874690,21560,21220,22620,1060,4.92,22560,1000,4.64,21220,22630,1400-6-29,2021-09-20
132,بترانس,ايران‌ ترانسفو,1939,28042399,68210347941,2429,2380,2413,-16,-0.66,2432,3,0.12,2380,2488,1400-6-29,2021-09-20
133,خمحركه,نيرو محركه‌,1938,17505200,76280172567,4228,4221,4317,89,2.11,4358,130,3.07,4221,4429,1400-6-29,2021-09-20
134,دسبحا,گروه دارويي سبحان,1888,8245297,172186755220,20150,20500,21150,1000,4.96,20880,730,3.62,19150,21150,1400-6-29,2021-09-20
135,شلرد,كود شيميايي اوره لردگان,1878,12763540,107265966056,8636,8430,8377,-259,-3,8404,-232,-2.69,8377,8635,1400-6-29,2021-09-20
136,كلر,كلر پارس,1846,980894,113662159070,111465,111401,116910,5445,4.88,115876,4411,3.96,111401,117038,1400-6-29,2021-09-20
137,شفارس,صنايع‌ شيميايي‌ فارس‌,1834,40862018,74467166262,1810,1760,1801,-9,-0.5,1822,12,0.66,1740,1850,1400-6-29,2021-09-20
138,حريل,ريل پردازسير,1819,23247437,99407849733,4227,4229,4228,1,0.02,4276,49,1.16,4140,4399,1400-6-29,2021-09-20
139,تاپكيش,تجارت الكترونيك پارسيان كيش,1801,8077064,132070735076,17050,16750,16198,-852,-5,16351,-699,-4.1,16198,17420,1400-6-29,2021-09-20
140,وايران,ليزينگ ايرانيان,1709,13865692,77530858610,5860,5570,5590,-270,-4.61,5590,-270,-4.61,5570,5820,1400-6-29,2021-09-20
141,وساپا,سرمايه‌گذاري‌ سايپا,1704,12657057,64818782450,5120,5100,5050,-70,-1.37,5120,0,0,5000,5280,1400-6-29,2021-09-20
142,غدام,خوراك‌  دام‌ پارس‌,1693,697698,138539190540,208650,198220,198220,-10430,-5,198570,-10080,-4.83,198220,207160,1400-6-29,2021-09-20
143,فارس,صنايع پتروشيمي خليج فارس,1685,14443872,177077987730,12190,12170,12260,70,0.57,12260,70,0.57,12000,12440,1400-6-29,2021-09-20
144,ثتوسا,س.توسعه و عمران استان اردبيل,1681,3210367,95342641670,29574,28700,30107,533,1.8,29698,124,0.42,28687,30461,1400-6-29,2021-09-20
145,سيلام,سيمان‌ ايلام‌,1678,9429985,89378669500,9840,9370,9840,0,0,9480,-360,-3.66,9350,9870,1400-6-29,2021-09-20
146,فوكا,فولاد كاويان,1643,14851422,217929952117,14858,14413,14800,-58,-0.39,14674,-184,-1.24,14413,15190,1400-6-29,2021-09-20
147,وساغربي,شركت س استان آذربايجان غربي,1639,104826979,62687200488,629,598,598,-31,-4.93,598,-31,-4.93,598,599,1400-6-29,2021-09-20
148,سفارس,سيمان فارس و خوزستان,1628,5508802,119752961900,22100,22390,21570,-530,-2.4,21740,-360,-1.63,21360,22550,1400-6-29,2021-09-20
149,پتاير,ايران‌ تاير,1610,22181008,60176908136,2710,2750,2689,-21,-0.77,2713,3,0.11,2680,2780,1400-6-29,2021-09-20
150,زكوثر,سرمايه گذاري كشاورزي كوثر,1605,2421340,45993688740,19150,18520,18850,-300,-1.57,19000,-150,-0.78,18520,19490,1400-6-29,2021-09-20
151,تبرك,گروه كارخانجات صنعتي تبرك,1598,6042126,71715155243,12362,11950,11744,-618,-5,11869,-493,-3.99,11744,12430,1400-6-29,2021-09-20
152,لخزر,پارس‌ خزر,1589,583176,90347373560,161750,154500,154900,-6850,-4.23,154920,-6830,-4.22,153670,160000,1400-6-29,2021-09-20
153,اخابر,مخابرات ايران,1588,16071337,149757667430,9070,9120,9290,220,2.43,9320,250,2.76,9110,9480,1400-6-29,2021-09-20
154,ديران,ايران‌دارو,1582,3751269,108136492800,28270,29000,28450,180,0.64,28830,560,1.98,28210,29380,1400-6-29,2021-09-20
155,خودكفا,اقتصادي و خودكفايي آزادگان,1580,8271840,120500389210,14979,14530,14530,-449,-3,14568,-411,-2.74,14530,14965,1400-6-29,2021-09-20
156,ثفارس,عمران‌وتوسعه‌فارس‌,1579,17648513,172622946140,10250,9870,9740,-510,-4.98,9780,-470,-4.59,9740,10240,1400-6-29,2021-09-20
157,قرن,پديده شيمي قرن,1578,1424337,43797056250,30780,30000,30790,10,0.03,30750,-30,-0.1,29980,31800,1400-6-29,2021-09-20
158,هرمز,فولاد هرمزگان جنوب,1572,10454252,178319127550,17133,17450,16999,-134,-0.78,17057,-76,-0.44,16777,17450,1400-6-29,2021-09-20
159,كوير,توليدي فولاد سپيد فراب كوير,1567,6139191,90023114030,14510,14650,14700,190,1.31,14660,150,1.03,14500,14850,1400-6-29,2021-09-20
160,خرينگ,رينگ‌سازي‌مشهد,1549,2128328,86918332110,41000,39120,40570,-430,-1.05,40840,-160,-0.39,39120,41990,1400-6-29,2021-09-20
161,تسه0005,امتيازتسهيلات مسكن مرداد 1400,1537,35958,23426996134,631140,638447,662697,31557,5,651510,20370,3.23,638447,662697,1400-6-29,2021-09-20
162,شجم,صنايع پتروشيمي تخت جمشيد,1516,14713940,174068064434,12169,11561,12000,-169,-1.39,11830,-339,-2.79,11561,12175,1400-6-29,2021-09-20
163,فروس,فروسيليس‌ ايران‌,1506,11467946,76799486920,6420,6700,6720,300,4.67,6700,280,4.36,6470,6740,1400-6-29,2021-09-20
164,وپست,پست بانك ايران,1503,6709623,169843960900,25220,25000,25500,280,1.11,25310,90,0.36,24800,25900,1400-6-29,2021-09-20
165,شتوكا,توكا رنگ فولاد سپاهان,1499,5049568,209569452179,39637,40998,41618,1981,5,41502,1865,4.71,40231,41618,1400-6-29,2021-09-20
166,تملت,تامين سرمايه بانك ملت,1479,6288992,31053324470,4920,4940,4880,-40,-0.81,4940,20,0.41,4800,5050,1400-6-29,2021-09-20
167,ساوه,سيمان ساوه,1476,532759,29251142544,53985,54350,55060,1075,1.99,54905,920,1.7,54020,55677,1400-6-29,2021-09-20
168,زاگرس,پتروشيمي زاگرس,1470,899316,225723877719,253026,255000,253500,474,0.19,250995,-2031,-0.8,249100,255000,1400-6-29,2021-09-20
169,دماوند,توليد نيروي برق دماوند,1465,3566428,101255858071,28941,28800,27980,-961,-3.32,28391,-550,-1.9,27700,29180,1400-6-29,2021-09-20
170,سيمرغ,سيمرغ,1461,4358314,89802950080,21010,21350,20300,-710,-3.38,20600,-410,-1.95,20150,21350,1400-6-29,2021-09-20
171,فنورد,نوردوقطعات‌ فولادي‌,1445,327861,64963186080,198790,193000,199010,220,0.11,198140,-650,-0.33,193000,202280,1400-6-29,2021-09-20
172,فجر,فولاد اميركبيركاشان,1442,2871763,78268410900,27220,27100,27110,-110,-0.4,27250,30,0.11,27000,27800,1400-6-29,2021-09-20
173,كنورح,ح توسعه معدني و صنعتي صبانور,1431,5298656,83835993170,15890,15740,15570,-320,-2.01,15820,-70,-0.44,15370,16040,1400-6-29,2021-09-20
174,تاپيكو,س. نفت و گاز و پتروشيمي تأمين,1425,9847409,132251952560,13320,13360,13320,0,0,13430,110,0.83,13300,13750,1400-6-29,2021-09-20
175,كچاد,معدني‌وصنعتي‌چادرملو,1402,4378261,121506467770,27580,27700,27650,70,0.25,27750,170,0.62,27390,28200,1400-6-29,2021-09-20
176,چدن,توليدي چدن سازان,1387,12521519,50350935111,3954,4000,4010,56,1.42,4021,67,1.69,3960,4088,1400-6-29,2021-09-20
177,بجهرم,توسعه مولد نيروگاهي جهرم,1372,13148835,30815932346,2304,2330,2331,27,1.17,2344,40,1.74,2311,2398,1400-6-29,2021-09-20
178,وهور,مديريت انرژي اميد  تابان هور,1366,34221321,57417197798,1731,1690,1697,-34,-1.96,1678,-53,-3.06,1648,1740,1400-6-29,2021-09-20
179,تكمبا,كمباين‌ سازي‌ ايران‌,1337,9040078,55416622730,6360,6100,6250,-110,-1.73,6130,-230,-3.62,6050,6640,1400-6-29,2021-09-20
180,خوساز,محورسازان‌ايران‌خودرو,1326,11053151,104825677000,9130,9200,9400,270,2.96,9480,350,3.83,9200,9580,1400-6-29,2021-09-20
181,ونوين,بانك‌اقتصادنوين‌,1323,16631503,70495051897,4193,4220,4236,43,1.03,4239,46,1.1,4170,4310,1400-6-29,2021-09-20
182,ومهان,گروه توسعه مالي مهر آيندگان,1315,3871642,58261612118,14993,14832,14901,-92,-0.61,15047,54,0.36,14760,15465,1400-6-29,2021-09-20
183,آگاس,صندوق س.هستي بخش آگاه-س,1312,1044301,85492208087,80885,81730,81397,512,0.63,81865,980,1.21,81000,82990,1400-6-29,2021-09-20
184,زنگان,صنعت روي زنگان,1304,905315,68888585154,74393,78010,74297,-96,-0.13,76093,1700,2.29,73500,78010,1400-6-29,2021-09-20
185,تاصيكو,سرمايه گذاري صدرتامين,1289,10039269,97955541280,9910,9700,9700,-210,-2.12,9780,-130,-1.31,9570,10000,1400-6-29,2021-09-20
186,حفاري,حفاري شمال,1280,7572378,46781743030,6200,6130,6130,-70,-1.13,6180,-20,-0.32,6090,6330,1400-6-29,2021-09-20
187,افق,فروشگاههاي زنجيره اي افق كوروش,1275,1349517,75788475600,56380,54230,56600,220,0.39,56160,-220,-0.39,54230,56800,1400-6-29,2021-09-20
188,پارند,صندوق س. پارند پايدار سپهر,1274,45407885,457645327774,10072,10078,10079,7,0.07,10079,7,0.07,10078,10080,1400-6-29,2021-09-20
189,غشوكو,شوكو پارس,1266,2939148,86436247462,28721,29290,29582,861,3,29409,688,2.4,28721,29582,1400-6-29,2021-09-20
190,شفارا,پتروشيمي فارابي,1265,10570563,79469213629,7447,7230,7629,182,2.44,7518,71,0.95,7224,7670,1400-6-29,2021-09-20
191,ومعادن,توسعه‌معادن‌وفلزات‌,1219,9898819,101457302120,10150,10250,10350,200,1.97,10240,90,0.89,10150,10490,1400-6-29,2021-09-20
192,شپارس,بين‌ المللي‌ محصولات‌  پارس‌,1212,6186360,75924377580,12780,12210,12150,-630,-4.93,12270,-510,-3.99,12150,12900,1400-6-29,2021-09-20
193,قشكر,شكرشاهرود,1206,20655238,82014280811,4152,4199,3945,-207,-4.99,3971,-181,-4.36,3945,4199,1400-6-29,2021-09-20
194,شغدير,پتروشيمي غدير,1201,1348175,127486412610,92800,93500,94000,1200,1.29,94560,1760,1.9,93200,95890,1400-6-29,2021-09-20
195,كوثر,بيمه كوثر,1196,6857802,87239747526,12162,12150,12770,608,5,12721,559,4.6,12150,12770,1400-6-29,2021-09-20
196,ونيرو,سرمايه‌گذاري‌نيرو,1187,17958803,50681379370,2881,2825,2800,-81,-2.81,2822,-59,-2.05,2770,2930,1400-6-29,2021-09-20
197,شفن,پتروشيمي فناوران,1184,295353,113780986960,384670,389600,385500,830,0.22,385240,570,0.15,379010,389600,1400-6-29,2021-09-20
198,كپارس,كاشي‌ پارس‌,1180,577171,84931963690,142410,147790,142020,-390,-0.27,147150,4740,3.33,139010,149490,1400-6-29,2021-09-20
199,ميهن,بيمه ميهن,1169,12118930,38104477566,3244,3244,3151,-93,-2.87,3144,-100,-3.08,3091,3244,1400-6-29,2021-09-20
200,كي بي سي,شركت كي بي سي,1158,7012797,185044463889,25135,26391,26391,1256,5,26387,1252,4.98,26010,26391,1400-6-29,2021-09-20
201,طلا,صندوق س.پشتوانه طلاي لوتوس,1153,1843156,151251170684,81407,81700,82000,593,0.73,82061,654,0.8,81600,82750,1400-6-29,2021-09-20
202,كرماشا,صنايع پتروشيمي كرمانشاه,1150,2641849,118792601440,45140,44360,44830,-310,-0.69,44970,-170,-0.38,43700,46500,1400-6-29,2021-09-20
203,سدبير,س. تدبيرگران فارس وخوزستان,1149,1391689,49508502391,37261,35580,35398,-1863,-5,35574,-1687,-4.53,35398,37999,1400-6-29,2021-09-20
204,رتاپ,تجارت الكترونيك  پارسيان,1148,6766989,42202946310,5980,5810,6270,290,4.85,6240,260,4.35,5810,6270,1400-6-29,2021-09-20
205,شپترو,پتروشيمي آبادان,1147,12216503,60854788622,4921,4921,4906,-15,-0.3,4981,60,1.22,4800,5060,1400-6-29,2021-09-20
206,وكار,بانك‌ كارآفرين‌,1144,20264777,52475039120,2637,2551,2578,-59,-2.24,2589,-48,-1.82,2520,2679,1400-6-29,2021-09-20
207,غشهداب,كشت و صنعت شهداب ناب خراسان,1136,11478357,39085191927,3425,3370,3371,-54,-1.58,3405,-20,-0.58,3323,3500,1400-6-29,2021-09-20
208,غگلستا,شير پاستوريزه پگاه گلستان,1135,3355260,48710795250,15091,14520,14337,-754,-5,14518,-573,-3.8,14337,15340,1400-6-29,2021-09-20
209,دتوزيع,توزيع دارو پخش,1131,1631684,56828222467,35117,35040,35400,283,0.81,34828,-289,-0.82,33363,35900,1400-6-29,2021-09-20
210,پارسان,گسترش نفت و گاز پارسيان,1130,8628568,257994202670,29480,29950,29700,220,0.75,29900,420,1.42,29490,30200,1400-6-29,2021-09-20
211,سامان,بانك سامان,1128,9636101,82133248346,8680,8700,8560,-120,-1.38,8523,-157,-1.81,8420,8700,1400-6-29,2021-09-20
212,خكرمان,گروه اقتصادي كرمان خودرو,1125,20052848,67006940474,3439,3337,3346,-93,-2.7,3342,-97,-2.82,3336,3400,1400-6-29,2021-09-20
213,غسالم,سالمين‌,1117,8468223,28586627462,3382,3320,3351,-31,-0.92,3376,-6,-0.18,3313,3449,1400-6-29,2021-09-20
214,دانا,بيمه دانا,1110,8380861,49448303080,5960,6030,5790,-170,-2.85,5900,-60,-1.01,5740,6190,1400-6-29,2021-09-20
215,اميد,تامين سرمايه اميد,1107,8011496,48828464970,6340,6100,6050,-290,-4.57,6090,-250,-3.94,6040,6330,1400-6-29,2021-09-20
216,البرز,بيمه البرز,1104,37583633,99437457124,2646,2610,2648,2,0.08,2646,0,0,2580,2682,1400-6-29,2021-09-20
217,ولصنم,ليزينگ‌صنعت‌ومعدن‌,1103,5645069,38862410950,7140,7140,6790,-350,-4.9,6880,-260,-3.64,6790,7140,1400-6-29,2021-09-20
218,سبهان,سيمان‌ بهبهان‌,1098,588682,34827438290,60120,61490,58520,-1600,-2.66,59160,-960,-1.6,58080,61490,1400-6-29,2021-09-20
219,ولغدر,ليزينگ‌خودروغدير,1097,4313459,65329312410,15830,15200,15040,-790,-4.99,15150,-680,-4.3,15040,15800,1400-6-29,2021-09-20
220,بكهنوج,توليد برق ماهتاب كهنوج,1092,22171753,32714544915,1482,1465,1465,-17,-1.15,1476,-6,-0.4,1444,1500,1400-6-29,2021-09-20
221,تايرا,تراكتورسازي‌ايران‌,1089,6838683,212252524210,29660,28970,31140,1480,4.99,31040,1380,4.65,28970,31140,1400-6-29,2021-09-20
222,ستران,سيمان‌ تهران‌,1089,2807515,77348926690,26480,26620,27800,1320,4.98,27550,1070,4.04,26050,27800,1400-6-29,2021-09-20
223,اعتلا,شركت سرمايه گذاري اعتلاء البرز,1089,7257003,59357896082,7850,7812,8110,260,3.31,8179,329,4.19,7812,8242,1400-6-29,2021-09-20
224,آ س پ,آ.س.پ,1088,6292015,59765432682,9890,9510,9461,-429,-4.34,9499,-391,-3.95,9396,9920,1400-6-29,2021-09-20
225,شاراك,پتروشيمي شازند,1087,2562956,107611537570,41190,41990,41820,630,1.53,41990,800,1.94,41210,42520,1400-6-29,2021-09-20
226,وآوا,سرمايه گذاري آوا نوين,1084,4958075,23298329766,4689,4720,4651,-38,-0.81,4699,10,0.21,4561,4850,1400-6-29,2021-09-20
227,كحافظح,ح . كاشي‌ وسراميك‌ حافظ‌,1078,12258847,30923701098,2456,2550,2469,13,0.53,2523,67,2.73,2433,2600,1400-6-29,2021-09-20
228,خفولا,خدمات فني فولاد يزد,1078,1957004,69443451502,35383,35000,35879,496,1.4,35485,102,0.29,34388,36400,1400-6-29,2021-09-20
229,تپمپي,پمپ‌ سازي‌ ايران‌,1076,2908747,57244722180,19760,20090,20150,390,1.97,19680,-80,-0.4,19290,20380,1400-6-29,2021-09-20
230,سخاش,سيمان‌خاش‌,1075,500921,67813755570,129370,130580,135830,6460,4.99,135380,6010,4.65,130500,135830,1400-6-29,2021-09-20
231,ونيكي,سرمايه‌گذاري‌ ملي‌ايران‌,1071,4931094,50977567780,10350,10180,10200,-150,-1.45,10340,-10,-0.1,10100,10660,1400-6-29,2021-09-20
232,كلوند,كاشي‌ الوند,1070,2848582,69985937770,23550,24660,24720,1170,4.97,24570,1020,4.33,24160,24720,1400-6-29,2021-09-20
233,پارس,پتروشيمي پارس,1067,598855,120617368200,198600,208520,198000,-600,-0.3,201410,2810,1.41,197910,208520,1400-6-29,2021-09-20
234,غچين,كشت‌ و صنعت‌ چين‌ چين,1067,3618462,58480183650,15810,15600,16000,190,1.2,16160,350,2.21,15600,16470,1400-6-29,2021-09-20
235,بكام,كارخانجات توليدي شهيد قندي,1066,11550485,31168606739,2715,2750,2740,25,0.92,2698,-17,-0.63,2651,2760,1400-6-29,2021-09-20
236,وصنا,گروه‌صنايع‌بهشهرايران‌,1063,12371269,95570744130,7370,7490,7730,360,4.88,7730,360,4.88,7450,7730,1400-6-29,2021-09-20
237,شيران,س. صنايع‌شيميايي‌ايران,1062,3724387,93273287130,24970,24500,25380,410,1.64,25040,70,0.28,24500,25650,1400-6-29,2021-09-20
238,زدشت,كشت و صنعت دشت خرم دره,1052,2169656,43205955131,19360,19091,19601,241,1.24,19914,554,2.86,19000,20328,1400-6-29,2021-09-20
239,وبيمه,سرمايه‌ گذاري‌ صنعت‌ بيمه‌,1051,20597812,38736107966,1924,1907,1852,-72,-3.74,1881,-43,-2.23,1850,1917,1400-6-29,2021-09-20
240,كگل,معدني و صنعتي گل گهر,1042,5717943,125690550270,21860,21910,21980,120,0.55,21980,120,0.55,21800,22400,1400-6-29,2021-09-20
241,ثغرب,شركت سرمايه گذاري مسكن شمالغرب,1040,5216415,34699786153,6843,6670,6510,-333,-4.87,6652,-191,-2.79,6501,6843,1400-6-29,2021-09-20
242,غديس,پاكديس,1027,4304923,59514849121,13689,13260,13605,-84,-0.61,13825,136,0.99,13260,14237,1400-6-29,2021-09-20
243,وتوصا,گروه س توسعه صنعتي ايران,1024,8341990,78808920320,9110,9380,9560,450,4.94,9450,340,3.73,9220,9560,1400-6-29,2021-09-20
244,فسپا,گروه‌صنعتي‌سپاهان‌,1024,2097484,45781035860,22070,21500,21730,-340,-1.54,21830,-240,-1.09,21450,22500,1400-6-29,2021-09-20
245,آسيا,بيمه آسيا,1022,14606952,29963501453,2047,2020,2050,3,0.15,2051,4,0.2,2016,2111,1400-6-29,2021-09-20
246,بالبر,كابل‌ البرز,1017,1576214,49184745180,32770,31140,31140,-1630,-4.97,31200,-1570,-4.79,31140,32000,1400-6-29,2021-09-20
247,قلرست,قند لرستان‌,1008,1956057,43377793740,22680,22040,22700,20,0.09,22180,-500,-2.2,21550,23530,1400-6-29,2021-09-20
248,سغرب,سيمان‌غرب‌,1006,2138128,54194924560,24380,24200,25560,1180,4.84,25350,970,3.98,24200,25590,1400-6-29,2021-09-20
249,خاور,ايران خودرو ديزل,1001,9615157,77163486793,8252,8005,8005,-247,-2.99,8025,-227,-2.75,8005,8194,1400-6-29,2021-09-20
250,چفيبر,فيبر ايران‌,991,7633950,55773406660,7630,7290,7250,-380,-4.98,7310,-320,-4.19,7250,7560,1400-6-29,2021-09-20
251,بزاگرس,نيروگاه زاگرس كوثر,988,13064651,67536069413,4952,4880,5199,247,4.99,5169,217,4.38,4880,5199,1400-6-29,2021-09-20
252,خكمك,كمك‌فنرايندامين‌,987,2280508,48755161430,21570,21360,21110,-460,-2.13,21380,-190,-0.88,20940,22140,1400-6-29,2021-09-20
253,دلقما,دارويي‌ لقمان‌,984,1999324,83491444490,43520,41570,41350,-2170,-4.99,41760,-1760,-4.04,41350,43500,1400-6-29,2021-09-20
254,تليسه,دامداري تليسه نمونه,981,8541138,28849658809,3278,3415,3343,65,1.98,3378,100,3.05,3302,3420,1400-6-29,2021-09-20
255,غبهنوش,بهنوش‌ ايران‌,978,1179493,81213210720,65950,65550,69240,3290,4.99,68850,2900,4.4,65550,69240,1400-6-29,2021-09-20
256,ضخود7076,اختيارخ خودرو-2500-1400/07/07,956,46579,48996000,2,2,1,-1,-50,1,-1,-50,1,2,1400-6-29,2021-09-20
257,پاسا,ايران‌ياساتايرورابر,954,2566483,51394218750,20030,20520,19750,-280,-1.4,20030,0,0,19540,20540,1400-6-29,2021-09-20
258,كبافق,معادن‌ بافق‌,949,944634,39294597640,40880,41100,41770,890,2.18,41600,720,1.76,41100,42370,1400-6-29,2021-09-20
259,غاذر,كشت‌وصنعت‌پياذر,949,2222947,63323711720,29870,28410,28380,-1490,-4.99,28490,-1380,-4.62,28380,30100,1400-6-29,2021-09-20
260,كساوه,صنايع‌ كاشي‌ و سراميك‌ سينا,948,1624623,90322267890,53170,52530,55810,2640,4.97,55600,2430,4.57,52530,55820,1400-6-29,2021-09-20
261,ولساپا,ليزينگ رايان‌ سايپا,943,9956597,28268636719,2822,2917,2821,-1,-0.04,2839,17,0.6,2812,2917,1400-6-29,2021-09-20
262,شلعاب,لعابيران‌,941,4453651,39028156450,8550,8610,8670,120,1.4,8760,210,2.46,8600,8950,1400-6-29,2021-09-20
263,غمهرا,توليدي‌مهرام‌,938,927162,50176477950,56770,54010,53940,-2830,-4.99,54120,-2650,-4.67,53940,56500,1400-6-29,2021-09-20
264,ميدكو,توسعه معادن وص.معدني خاورميانه,937,9886185,467474812170,47130,47350,47300,170,0.36,47290,160,0.34,47130,47350,1400-6-29,2021-09-20
265,حفارس,حمل و نقل بين المللي خليج فارس,936,12815128,54473283220,4092,4050,4296,204,4.99,4251,159,3.89,4050,4296,1400-6-29,2021-09-20
266,وپاسار,بانك  پاسارگاد,927,13885702,207017936790,14900,14900,14910,10,0.07,14910,10,0.07,14860,14970,1400-6-29,2021-09-20
267,فنوال,نورد آلومينيوم‌,921,1289000,38360128220,29030,29040,29100,70,0.24,29760,730,2.51,29040,30260,1400-6-29,2021-09-20
268,ولشرق,ليزينگ ايران و شرق,918,6867086,44494363914,6566,6500,6352,-214,-3.26,6479,-87,-1.33,6252,6739,1400-6-29,2021-09-20
269,كسرا,سراميك‌هاي‌صنعتي‌اردكان‌,915,3988316,72965250840,17850,18000,18350,500,2.8,18290,440,2.46,17590,18650,1400-6-29,2021-09-20
270,وثنو,سرمايه گذاري ساختماني نوين,909,10998828,62825104367,5579,5650,5740,161,2.89,5712,133,2.38,5598,5746,1400-6-29,2021-09-20
271,وسگيلا,شركت س استان گيلان,901,36103363,19633826606,561,534,558,-3,-0.53,551,-10,-1.78,534,571,1400-6-29,2021-09-20
272,وثخوز,سرمايه گذاري و توسعه خوزستان,900,950591,39164423050,42797,43110,40670,-2127,-4.97,41200,-1597,-3.73,40658,43110,1400-6-29,2021-09-20
273,وساخت,سرمايه‌ گذاري‌ ساختمان‌ايران‌,897,1053980,48691408490,45780,44000,47110,1330,2.91,46200,420,0.92,44000,47500,1400-6-29,2021-09-20
274,ارفع,شركت آهن و فولاد ارفع,897,2943117,46206590807,15762,16000,15637,-125,-0.79,15724,-38,-0.24,15500,16075,1400-6-29,2021-09-20
275,وسهمدا,شركت س استان همدان,896,44655772,24699608750,568,545,555,-13,-2.29,553,-15,-2.64,541,577,1400-6-29,2021-09-20
276,كترام,توليدي‌ كاشي‌ تكسرام‌,895,3990852,106574857560,25570,24890,26840,1270,4.97,26700,1130,4.42,24890,26840,1400-6-29,2021-09-20
277,چكارن,كارتن‌ ايران‌,892,13798194,43859486495,3141,3064,3164,23,0.73,3179,38,1.21,3064,3280,1400-6-29,2021-09-20
278,مفاخر,توسعه فناوري اطلاعات خوارزمي,888,1141695,60844945300,50991,50130,53468,2477,4.86,53294,2303,4.52,50000,53540,1400-6-29,2021-09-20
279,ثشرق,سرمايه گذاري مسكن شمال شرق,877,7557136,42174719280,5540,5500,5650,110,1.99,5580,40,0.72,5310,5800,1400-6-29,2021-09-20
280,كروي,توسعه‌ معادن‌ روي‌ ايران‌,877,1455243,36453031600,24790,25130,24870,80,0.32,25050,260,1.05,24680,25700,1400-6-29,2021-09-20
281,دتوليد,داروسازي توليد دارو,872,2356150,34105394659,14273,14680,14241,-32,-0.22,14475,202,1.42,14241,14760,1400-6-29,2021-09-20
282,واحيا,م .صنايع و معادن احياء سپاهان,869,1116402,184654014507,170361,165260,165252,-5109,-3,165401,-4960,-2.91,165251,170344,1400-6-29,2021-09-20
283,لپارس,پارس‌ الكتريك‌,867,506354,85153552180,160170,168170,168170,8000,4.99,168170,8000,4.99,168170,168170,1400-6-29,2021-09-20
284,مرقام,ايران‌ارقام‌,863,2181964,33770727890,15600,15500,15350,-250,-1.6,15480,-120,-0.77,15110,15970,1400-6-29,2021-09-20
285,فولاژ,فولاد آلياژي ايران,862,4120605,66248400980,16180,15750,16190,10,0.06,16090,-90,-0.56,15750,16400,1400-6-29,2021-09-20
286,ثاصفا,شركت‌ ساختمان‌ اصفهان‌,855,1451949,26539965943,18563,18007,18007,-556,-3,18279,-284,-1.53,18007,18940,1400-6-29,2021-09-20
287,ولانا,شركت ليزينگ آريا دانا,853,2065701,47868531785,23825,23131,23595,-230,-0.97,23173,-652,-2.74,23111,23620,1400-6-29,2021-09-20
288,گكوثر,هتل پارسيان كوثر اصفهان,852,21366315,45343259064,2127,2150,2085,-42,-1.97,2122,-5,-0.24,2067,2180,1400-6-29,2021-09-20
289,غنوش,نوش‌ مازندران‌,850,1532734,63764602350,39830,41000,41820,1990,5,41600,1770,4.44,40990,41820,1400-6-29,2021-09-20
290,بشهاب,لامپ‌  پارس‌ شهاب‌,849,599513,77981575620,133070,133050,130900,-2170,-1.63,130070,-3000,-2.25,126420,137890,1400-6-29,2021-09-20
291,كنور,توسعه معدني و صنعتي صبانور,849,2311906,40826310890,17600,18000,17500,-100,-0.57,17630,30,0.17,17000,18000,1400-6-29,2021-09-20
292,ثباغ,شهر سازي و خانه سازي باغميشه,848,3107468,39938564148,13432,12778,12762,-670,-4.99,12852,-580,-4.32,12761,13300,1400-6-29,2021-09-20
293,غپينو,پارس‌ مينو,846,5268762,27050157120,5130,5140,5110,-20,-0.39,5130,0,0,5040,5230,1400-6-29,2021-09-20
294,وملل,اعتباري ملل,842,5757905,63481680432,11187,11299,11100,-87,-0.78,11025,-162,-1.45,10750,11400,1400-6-29,2021-09-20
295,ثعمرا,عمران و توسعه شاهد,836,4072464,42020738477,10480,10010,10430,-50,-0.48,10318,-162,-1.55,10010,10690,1400-6-29,2021-09-20
296,خاهن,آهنگري‌ تراكتورسازي‌ ايران‌,835,4252075,34755811210,8050,8390,8120,70,0.87,8170,120,1.49,8050,8390,1400-6-29,2021-09-20
297,تكنو,تكنوتار,827,3778677,51056346790,13890,13210,13790,-100,-0.72,13510,-380,-2.74,13200,14350,1400-6-29,2021-09-20
298,ولراز,ليزينگ رازي,826,2163246,60613071325,27671,26995,28501,830,3,28019,348,1.26,26841,28501,1400-6-29,2021-09-20
299,حبندر,دريايي و کشتيراني خط دريابندر,826,1976678,53999778083,28148,27304,27304,-844,-3,27318,-830,-2.95,27304,28140,1400-6-29,2021-09-20
300,سفار,سيمان‌فارس‌,824,419750,35290975250,80950,80100,84990,4040,4.99,84080,3130,3.87,80100,84990,1400-6-29,2021-09-20
301,ثاباد,توريستي ورفاهي آبادگران ايران,823,1153325,58605772720,48630,48700,50900,2270,4.67,50810,2180,4.48,48700,51060,1400-6-29,2021-09-20
302,دبالك,مواد اوليه دارويي البرز بالك,821,2409927,31584889533,13225,13032,12940,-285,-2.16,13106,-119,-0.9,12764,13600,1400-6-29,2021-09-20
303,تپولا,مهندسي مرآت پولاد,819,1756997,46951574307,26140,26301,26400,260,0.99,26723,583,2.23,25590,26924,1400-6-29,2021-09-20
304,همراه,شركت ارتباطات سيار ايران,818,4130521,41725948120,10100,9830,10250,150,1.49,10100,0,0,9830,10300,1400-6-29,2021-09-20
305,فسرب,ملي‌ سرب‌وروي‌ ايران‌,818,393963,28917805470,73680,73390,73000,-680,-0.92,73400,-280,-0.38,72120,74700,1400-6-29,2021-09-20
306,خمهر,مهركام‌پارس‌,816,13328635,31636285235,2385,2390,2340,-45,-1.89,2374,-11,-0.46,2270,2468,1400-6-29,2021-09-20
307,پاكشو,گروه صنعتي پاكشو,815,9427119,51683242210,5430,5400,5510,80,1.47,5460,30,0.55,5390,5540,1400-6-29,2021-09-20
308,زپارس,ملي كشت و صنعت و دامپروري پارس,814,559342,68640105310,122630,116900,118750,-3880,-3.16,122720,90,0.07,116900,128000,1400-6-29,2021-09-20
309,تسه0004,امتيازتسهيلات مسكن تير1400,812,15502,10073024120,630779,621500,662317,31538,5,649789,19010,3.01,621500,662317,1400-6-29,2021-09-20
310,كاردان,صندوق س تجارت شاخصي كاردان,809,154499,30142044020,193460,197040,193470,10,0.01,195100,1640,0.85,193000,197680,1400-6-29,2021-09-20
311,فسازان,غلتك سازان سپاهان,807,1430295,46160415570,30880,31300,32360,1480,4.79,32270,1390,4.5,31200,32420,1400-6-29,2021-09-20
312,كشرق,صنعتي و معدني شمال شرق شاهرود,800,683534,54449210120,81225,80000,80001,-1224,-1.51,79658,-1567,-1.93,77182,82666,1400-6-29,2021-09-20
313,وصنعت,سرمايه گذاري توسعه صنعت وتجارت,792,3765097,25817971720,6650,6810,6910,260,3.91,6860,210,3.16,6700,6950,1400-6-29,2021-09-20
314,تيپيكو,سرمايه گذاري دارويي تامين,787,3571124,74747642090,21420,20670,21140,-280,-1.31,21020,-400,-1.87,20510,21620,1400-6-29,2021-09-20
315,شكربن,كربن‌ ايران‌,784,662652,86808978120,132870,128830,130990,-1880,-1.41,131000,-1870,-1.41,128830,132890,1400-6-29,2021-09-20
316,خاذين,سايپاآذين‌,779,11125598,36486291539,3153,3194,3310,157,4.98,3279,126,4,3153,3310,1400-6-29,2021-09-20
317,نطرين,عطرين نخ قم,777,3824967,30926442728,8128,8200,8100,-28,-0.34,8085,-43,-0.53,7840,8299,1400-6-29,2021-09-20
318,حتوكا,حمل‌ونقل‌توكا,776,1879094,37451784790,19770,19050,19940,170,0.86,19930,160,0.81,19050,20390,1400-6-29,2021-09-20
319,خكاوه,سايپا ديزل,772,10627198,40770291871,3945,3831,3827,-118,-2.99,3836,-109,-2.76,3827,3999,1400-6-29,2021-09-20
320,اپرداز,آتيه داده پرداز,772,1720423,32927305519,19650,19600,19540,-110,-0.56,19139,-511,-2.6,18800,19600,1400-6-29,2021-09-20
321,اوان,مبين وان كيش,772,988198,29883191045,31429,31000,30890,-539,-1.71,30240,-1189,-3.78,29858,31990,1400-6-29,2021-09-20
322,غشان,شيرپاستوريزه‌پگاه‌خراسان‌,769,4219496,22677905440,5390,5490,5310,-80,-1.48,5370,-20,-0.37,5220,5600,1400-6-29,2021-09-20
323,مدير,ص.س.مديريت ثروت ص.بازنشستگي-س,768,2718634,26681299454,9741,9880,9725,-16,-0.16,9814,73,0.75,9605,9951,1400-6-29,2021-09-20
324,پلاسك,پلاسكوكار,760,3803683,24915835410,6520,6480,6750,230,3.53,6550,30,0.46,6320,6750,1400-6-29,2021-09-20
325,فاسمين,كالسيمين‌,760,3441566,55477647590,16040,16400,16090,50,0.31,16120,80,0.5,15600,16400,1400-6-29,2021-09-20
326,اطلس,صندوق س.توسعه اندوخته آينده-س,759,237959,60762187051,251390,254750,255175,3785,1.51,255347,3957,1.57,254010,257001,1400-6-29,2021-09-20
327,كحافظ,كاشي‌ وسراميك‌ حافظ‌,755,5337039,22071814168,4043,4002,4080,37,0.92,4136,93,2.3,4002,4239,1400-6-29,2021-09-20
328,وشهر,بانك شهر,754,7197026,40658266723,5794,5650,5700,-94,-1.62,5649,-145,-2.5,5570,5815,1400-6-29,2021-09-20
329,دكپسول,توليد ژلاتين كپسول ايران,747,1646586,60282974480,35205,34110,36965,1760,5,36611,1406,3.99,34110,36965,1400-6-29,2021-09-20
330,شپديس,پتروشيمي پرديس,742,746324,117204718910,156260,159190,157300,1040,0.67,157040,780,0.5,156000,159200,1400-6-29,2021-09-20
331,بسويچ,پارس‌سويچ‌,741,1529830,35771651130,24430,23230,23210,-1220,-4.99,23380,-1050,-4.3,23210,24200,1400-6-29,2021-09-20
332,بفجر,فجر انرژي خليج فارس,739,7355428,225003423630,29190,29200,30640,1450,4.97,30590,1400,4.8,28980,30640,1400-6-29,2021-09-20
333,جوين,كشت و صنعت جوين,738,6581478,23246914371,3616,3512,3540,-76,-2.1,3532,-84,-2.32,3508,3663,1400-6-29,2021-09-20
334,وپسا,س. پتروشيمي ساختمان  خليج فارس,735,44134871,96877430216,2140,2080,2204,64,2.99,2195,55,2.57,2080,2204,1400-6-29,2021-09-20
335,شوينده,مديريت صنعت شوينده ت.ص.بهشهر,735,1888788,42389548880,22840,22700,22410,-430,-1.88,22440,-400,-1.75,22020,23470,1400-6-29,2021-09-20
336,پارسيان,بيمه پارسيان,731,2854933,32838591800,11650,11080,11610,-40,-0.34,11500,-150,-1.29,11080,12050,1400-6-29,2021-09-20
337,بنو,بيمه تجارت نو,729,3997869,53986727537,14157,13450,13450,-707,-4.99,13504,-653,-4.61,13450,14143,1400-6-29,2021-09-20
338,دزهراوي,داروسازي‌زهراوي‌,728,2936514,19044740540,6580,6600,6400,-180,-2.74,6490,-90,-1.37,6300,6690,1400-6-29,2021-09-20
339,سدور,سيمان‌ دورود,725,3691908,30061117750,8330,7970,8200,-130,-1.56,8140,-190,-2.28,7970,8350,1400-6-29,2021-09-20
340,فباهنر,مس‌ شهيدباهنر,723,860404,22624915910,25940,25800,25700,-240,-0.93,26230,290,1.12,25700,26750,1400-6-29,2021-09-20
341,افران,صندوق س افرا نماد پايدار-ثابت,719,13065411,186916951843,14298,14309,14306,8,0.06,14306,8,0.06,14305,14310,1400-6-29,2021-09-20
342,چافست,افست‌,717,1861836,25639238060,13910,13520,13600,-310,-2.23,13770,-140,-1.01,13500,14100,1400-6-29,2021-09-20
343,لازما,كارخانه هاي صنعتي آزمايش,717,2001472,56203624477,27380,27200,28200,820,2.99,28081,701,2.56,27150,28201,1400-6-29,2021-09-20
344,ثتران,سرمايه گذاري مسكن تهران,713,7212636,27763745444,3830,3969,3876,46,1.2,3849,19,0.5,3751,3969,1400-6-29,2021-09-20
345,سكارون,سيمان كارون,712,677608,57538282494,87529,84904,84904,-2625,-3,84914,-2615,-2.99,84904,85500,1400-6-29,2021-09-20
346,غمارگ,مارگارين‌,709,2606093,67149925950,26580,26900,25470,-1110,-4.18,25770,-810,-3.05,25280,27000,1400-6-29,2021-09-20
347,شبهرن,نفت‌ بهران‌,705,2797794,34791458660,12540,12560,12380,-160,-1.28,12480,-60,-0.48,12200,12600,1400-6-29,2021-09-20
348,كاما,باما,704,4111786,48683546240,12460,11840,11840,-620,-4.98,11840,-620,-4.98,11840,11840,1400-6-29,2021-09-20
349,تمحركه,ماشين سازي نيرو محركه,699,3080502,46858457039,14784,14810,15227,443,3,15211,427,2.89,14810,15227,1400-6-29,2021-09-20
350,غگرجي,بيسكويت‌  گرجي‌,698,7948682,21832591374,2716,2710,2726,10,0.37,2747,31,1.14,2700,2800,1400-6-29,2021-09-20
351,زبينا,كشاورزي و دامپروري بينالود,696,8595431,25130467733,2933,2861,2904,-29,-0.99,2924,-9,-0.31,2861,3000,1400-6-29,2021-09-20
352,ورنا,سرمايه‌گذاري‌ رنا(هلدينگ‌,695,5814419,29056193200,5060,4980,5010,-50,-0.99,5000,-60,-1.19,4960,5080,1400-6-29,2021-09-20
353,خبازرس,بازرسي مهندسي و صنعتي ايران,693,1378777,38336231637,28594,27900,27737,-857,-3,27805,-789,-2.76,27737,28540,1400-6-29,2021-09-20
354,غبشهر,صنعتي‌ بهشهر,690,1567941,41795098670,27180,26530,26160,-1020,-3.75,26660,-520,-1.91,26010,27600,1400-6-29,2021-09-20
355,ددام,داروسازي زاگرس فارمد پارس,689,3542784,55186635290,14990,14520,15730,740,4.94,15580,590,3.94,14520,15730,1400-6-29,2021-09-20
356,واميد,گروه مديريت سرمايه گذاري اميد,685,5302204,65396939690,12560,12280,12370,-190,-1.51,12430,-130,-1.04,12030,12880,1400-6-29,2021-09-20
357,كسعدي,كاشي‌ سعدي‌,684,2670771,33049167960,11950,11720,12540,590,4.94,12370,420,3.51,11720,12540,1400-6-29,2021-09-20
358,داسوه,داروسازي‌ اسوه‌,683,1274797,39354342370,30020,29580,31520,1500,5,30870,850,2.83,29580,31520,1400-6-29,2021-09-20
359,كهمدا,شيشه‌ همدان‌,682,2502776,27069939910,10680,11000,10870,190,1.78,10820,140,1.31,10680,11000,1400-6-29,2021-09-20
360,خصدرا,صنعتي‌ دريايي‌ ايران‌,676,11181119,40903634449,3765,3670,3653,-112,-2.97,3658,-107,-2.84,3653,3700,1400-6-29,2021-09-20
361,زقيام,كشت و دام قيام اصفهان,668,1346437,26615327978,19020,19970,19899,879,4.62,19767,747,3.93,19190,19971,1400-6-29,2021-09-20
362,ثجوان,تامين مسكن جوانان,667,4113456,32976362627,7956,7718,8070,114,1.43,8017,61,0.77,7718,8194,1400-6-29,2021-09-20
363,وساشرقي,شركت س استان آذربايجان شرقي,666,32447917,18340724396,593,564,566,-27,-4.55,582,-11,-1.85,564,574,1400-6-29,2021-09-20
364,سپيدما,صندوق س. سپيد دماوند-د,665,30596993,339131543459,11079,11084,11083,4,0.04,11084,5,0.05,11083,11090,1400-6-29,2021-09-20
365,وتوسم,سرمايه‌گذاري‌توسعه‌ملي‌,665,7798959,59785271610,7390,7400,7750,360,4.87,7670,280,3.79,7350,7750,1400-6-29,2021-09-20
366,فجام,جام‌دارو,663,5578169,42981720680,7800,7620,7800,0,0,7710,-90,-1.15,7410,7950,1400-6-29,2021-09-20
367,فنفتح,ح . صنايع تجهيزات نفت,655,3126301,42410034013,13179,13570,13574,395,3,13566,387,2.94,12930,13574,1400-6-29,2021-09-20
368,كگاز,شيشه‌ و گاز,652,1415329,30556666150,21860,20820,21800,-60,-0.27,21590,-270,-1.24,20820,22000,1400-6-29,2021-09-20
369,ورازي,بيمه رازي,646,19088418,34127225161,1861,1811,1768,-93,-5,1788,-73,-3.92,1768,1898,1400-6-29,2021-09-20
370,غالبر,لبنيات‌ كالبر,646,4118128,55420502460,12860,13340,13500,640,4.98,13460,600,4.67,13110,13500,1400-6-29,2021-09-20
371,لابسا,آبسال‌,641,1476063,54144050440,37360,37100,37180,-180,-0.48,36680,-680,-1.82,35800,38250,1400-6-29,2021-09-20
372,وسصفا,شركت س استان اصفهان,638,40324567,28630442570,747,710,710,-37,-4.95,731,-16,-2.14,710,710,1400-6-29,2021-09-20
373,تكشا,گسترش‌صنايع‌وخدمات‌كشاورزي‌,637,1280344,47352533210,36930,36100,36350,-580,-1.57,36980,50,0.14,36100,38550,1400-6-29,2021-09-20
374,غمينو,شركت صنايع غذايي مينو شرق,636,3060872,33509581548,11310,11000,10745,-565,-5,10948,-362,-3.2,10745,11310,1400-6-29,2021-09-20
375,تسه0002,امتيازتسهيلاتمسكن ارديبهشت1400,630,19185,12537433169,629763,630000,660000,30237,4.8,653502,23739,3.77,630000,661251,1400-6-29,2021-09-20
376,چكاوه,صنايع‌كاغذسازي‌كاوه‌,630,2424429,37630248560,16100,16010,15300,-800,-4.97,15520,-580,-3.6,15300,16330,1400-6-29,2021-09-20
377,وصندوق,سرمايه‌گذاري‌صندوق‌بازنشستگي‌,628,6661215,117040606490,17950,17500,17350,-600,-3.34,17570,-380,-2.12,17300,18240,1400-6-29,2021-09-20
378,بهپاك,صنعتي بهپاك,628,5105969,32295159979,6469,6510,6300,-169,-2.61,6325,-144,-2.23,6233,6580,1400-6-29,2021-09-20
379,تسه0003,امتيازتسهيلات مسكن خرداد1400,627,10115,6583123746,629970,634000,661000,31030,4.93,650828,20858,3.31,616111,661468,1400-6-29,2021-09-20
380,رنيك,جنرال مكانيك,624,909974,14803348215,16167,16200,16070,-97,-0.6,16268,101,0.62,16001,16600,1400-6-29,2021-09-20
381,فاهواز,نورد و لوله اهواز,619,9120749,53114673166,5846,5730,5962,116,1.98,5823,-23,-0.39,5730,5962,1400-6-29,2021-09-20
382,دسبحان,سبحان دارو,616,1870180,36268377280,18740,19230,19140,400,2.13,19390,650,3.47,18740,19670,1400-6-29,2021-09-20
383,حتايد,تايدواترخاورميانه,616,1342026,31363046850,23200,23500,23620,420,1.81,23370,170,0.73,23030,24000,1400-6-29,2021-09-20
384,سشرق,سيمان‌ شرق‌,612,6387055,53279211510,8160,8290,8350,190,2.33,8340,180,2.21,8020,8540,1400-6-29,2021-09-20
385,وخاور,بانك خاورميانه,609,12860972,76163629770,5990,5840,5820,-170,-2.84,5920,-70,-1.17,5810,6020,1400-6-29,2021-09-20
386,دابور,داروسازي‌ ابوريحان‌,609,1062241,31906607160,29350,28260,29370,20,0.07,30040,690,2.35,28260,30810,1400-6-29,2021-09-20
387,وسبحان,سرمايه گذاري سبحان,607,11423492,39985636199,3438,3450,3476,38,1.11,3500,62,1.8,3450,3580,1400-6-29,2021-09-20
388,سفانو,سيمان فارس نو,606,1389567,35504850030,24400,24650,25620,1220,5,25550,1150,4.71,24620,25620,1400-6-29,2021-09-20
389,درازك,دارويي‌ رازك‌,605,1010231,45545798390,43150,44840,44890,1740,4.03,45080,1930,4.47,43560,45300,1400-6-29,2021-09-20
390,اتكاي,بيمه اتكايي ايرانيان,605,34102020,341088404040,9526,10002,10002,476,5,10002,476,5,10002,10002,1400-6-29,2021-09-20
391,داوه,داروسازي آوه سينا,603,1329404,22559625572,17278,16800,16416,-862,-4.99,16970,-308,-1.78,16416,17450,1400-6-29,2021-09-20
392,شاوان,پالايش نفت لاوان,602,571107,62667574461,109252,112950,109950,698,0.64,109730,478,0.44,108000,112950,1400-6-29,2021-09-20
393,شزنگ,تجهيزنيروي‌زنگان‌,597,248060,28662683695,118732,116102,115171,-3561,-3,115547,-3185,-2.68,115171,118731,1400-6-29,2021-09-20
394,كيميا,معدني كيمياي زنجان گستران,593,1971569,29709528161,14651,14989,15125,474,3.24,15069,418,2.85,14800,15200,1400-6-29,2021-09-20
395,بموتو,موتوژن‌,592,680620,54694060040,80080,79100,80710,630,0.79,80360,280,0.35,77800,82000,1400-6-29,2021-09-20
396,ارزش,صندوق س ارزش آفرين بيدار-سهام,591,3671138,37275981080,9960,10020,10140,180,1.81,10150,190,1.91,10010,10220,1400-6-29,2021-09-20
397,وسكاب,س.ص.بازنشستگي كاركنان بانكها,590,10022106,29687887448,2962,3000,2950,-12,-0.41,2962,0,0,2931,3065,1400-6-29,2021-09-20
398,والبر,سرمايه‌ گذاري‌ البرز(هلدينگ‌,590,1922840,17150108160,8820,9130,8910,90,1.02,8880,60,0.68,8820,9130,1400-6-29,2021-09-20
399,ثپرديس,سرمايه گذاري مسكن پرديس,590,9522362,65937963208,7225,7121,6864,-361,-5,6925,-300,-4.15,6864,7122,1400-6-29,2021-09-20
400,غپاك,لبنيات‌ پاك‌,586,1822894,32047399570,17210,16900,17680,470,2.73,17580,370,2.15,16900,17990,1400-6-29,2021-09-20
401,ضسپا8041,اختيارخ خساپا-1600-1400/08/26,585,31548,13122260000,398,410,391,-7,-1.76,416,18,4.52,391,429,1400-6-29,2021-09-20
402,وسينا,بانك سينا,583,9237877,25422104687,2756,2720,2730,-26,-0.94,2752,-4,-0.15,2710,2800,1400-6-29,2021-09-20
403,تماوند,تامين سرمايه دماوند,579,8801705,69031429446,7863,7780,7628,-235,-2.99,7843,-20,-0.25,7628,8080,1400-6-29,2021-09-20
404,كيان2,صندوق س. با درآمد ثابت كيان,576,57600000,57600000,30592,1,1,-30591,-100,1,-30591,-100,1,1,1400-6-29,2021-09-20
405,قشير,قند شيروان قوچان و بجنورد,576,1163483,23522642085,20091,19150,20400,309,1.54,20217,126,0.63,19100,20900,1400-6-29,2021-09-20
406,پكوير,كوير تاير,570,1645462,23209925420,14140,13750,14000,-140,-0.99,14110,-30,-0.21,13750,14440,1400-6-29,2021-09-20
407,غگلپا,شير پاستوريزه پگاه گلپايگان,570,476717,28848102535,61959,60690,59690,-2269,-3.66,60514,-1445,-2.33,59610,62500,1400-6-29,2021-09-20
408,فرآور,فرآوري‌موادمعدني‌ايران‌,565,1031002,32160267490,31070,31100,31360,290,0.93,31190,120,0.39,30230,31740,1400-6-29,2021-09-20
409,نوين,بيمه نوين,563,5604758,29868670515,5273,5230,5310,37,0.7,5329,56,1.06,5230,5450,1400-6-29,2021-09-20
410,خشرق,الكتريك‌ خودرو شرق‌,560,1817547,27791538130,15710,15250,14930,-780,-4.96,15290,-420,-2.67,14930,16240,1400-6-29,2021-09-20
411,بپاس,بيمه پاسارگاد,555,368497,24080173459,68786,65347,65347,-3439,-5,68030,-756,-1.1,65347,65347,1400-6-29,2021-09-20
412,فبيرا,بسته‌ بندي‌ ايران‌,555,8979752,19754499750,2265,2272,2199,-66,-2.91,2200,-65,-2.87,2198,2272,1400-6-29,2021-09-20
413,تسه9908,امتياز تسهيلات مسكن آبان99,554,14911,9655245952,629319,628000,652000,22681,3.6,647525,18206,2.89,618320,660784,1400-6-29,2021-09-20
414,ختراك,ريخته‌گري‌ تراكتورسازي‌ ايران‌,553,2323264,29605011810,12220,12750,12830,610,4.99,12740,520,4.26,12110,12830,1400-6-29,2021-09-20
415,حآفرين,ريل پرداز نو آفرين,551,4511600,19174300000,4048,4250,4250,202,4.99,4250,202,4.99,4250,4250,1400-6-29,2021-09-20
416,غپآذر,شير پگاه آذربايجان شرقي,551,1009387,43630368417,41678,41678,43761,2083,5,43225,1547,3.71,40924,43761,1400-6-29,2021-09-20
417,وآرين,شركت توسعه اقتصادي آرين,550,4857140,13938268388,2940,2923,2883,-57,-1.94,2870,-70,-2.38,2852,2940,1400-6-29,2021-09-20
418,وبهمن,سرمايه‌گذاري‌بهمن‌,541,2856598,49090363540,17940,17400,17450,-490,-2.73,17180,-760,-4.24,17050,17760,1400-6-29,2021-09-20
419,قچار,فراوردههاي غذايي وقند چهارمحال,535,1572785,25076879258,16374,16370,15556,-818,-5,15944,-430,-2.63,15556,16700,1400-6-29,2021-09-20
420,قاسم,قاسم ايران,534,1995243,17167344013,8563,8870,8610,47,0.55,8604,41,0.48,8459,8870,1400-6-29,2021-09-20
421,كاذر,فرآورده‌هاي‌نسوزآذر,533,1738564,30764166930,17720,17500,17580,-140,-0.79,17700,-20,-0.11,17300,18230,1400-6-29,2021-09-20
422,تكنار,مجتمع معادن مس تكنار,528,229041,18812040138,84057,85800,81989,-2068,-2.46,82134,-1923,-2.29,81536,85800,1400-6-29,2021-09-20
423,سصوفي,سيمان‌ صوفيان‌,524,1544229,28378478160,18430,17630,18500,70,0.38,18380,-50,-0.27,17630,18950,1400-6-29,2021-09-20
424,بميلا,توسعه بازرگاني آهن وفولادميلاد,524,1982269,22489802044,11474,11700,11390,-84,-0.73,11345,-129,-1.12,11130,11800,1400-6-29,2021-09-20
425,ومعلم,بيمه معلم,517,3025697,11827248073,3842,3810,3930,88,2.29,3898,56,1.46,3806,3989,1400-6-29,2021-09-20
426,سقاين,سيمان‌ قائن‌,513,598887,36557427690,58570,61000,61490,2920,4.99,61040,2470,4.22,58000,61490,1400-6-29,2021-09-20
427,زگلدشت,كشت و دام گلدشت نمونه اصفهان,511,1208669,14906979405,12325,12600,12320,-5,-0.04,12333,8,0.06,12150,12620,1400-6-29,2021-09-20
428,دالبر,البرزدارو,509,1459647,23792082330,16820,16000,16360,-460,-2.73,16300,-520,-3.09,15980,16820,1400-6-29,2021-09-20
429,فافزا,فولاد افزا سپاهان,500,574407,27748491420,48698,47550,47566,-1132,-2.32,48308,-390,-0.8,47550,49900,1400-6-29,2021-09-20
430,وتوكا,سرمايه‌گذاري‌توكافولاد(هلدينگ,498,3616475,36754968240,10100,10000,10150,50,0.5,10160,60,0.59,10000,10370,1400-6-29,2021-09-20
431,شكلر,نيروكلر,496,703393,27247519410,39220,38360,38120,-1100,-2.8,38740,-480,-1.22,37270,40390,1400-6-29,2021-09-20
432,تسه0001,امتيازتسهيلات مسكن فروردين1400,496,9366,6104831568,631618,630000,650331,18713,2.96,651808,20190,3.2,630000,663198,1400-6-29,2021-09-20
433,وكادو,تكادو,493,2581598,52676405469,20469,20799,20602,133,0.65,20405,-64,-0.31,19901,21000,1400-6-29,2021-09-20
434,دجابر,داروسازي‌ جابرابن‌حيان‌,491,1471252,21777073240,14530,14970,14780,250,1.72,14800,270,1.86,14320,15250,1400-6-29,2021-09-20
435,ومشان,س. فني و مهندسي مشانير,490,389333,25308448176,66387,64396,64396,-1991,-3,65005,-1382,-2.08,64396,67990,1400-6-29,2021-09-20
436,ثمسكن,سرمايه‌گذاري‌ مسكن‌,488,4939981,24938517480,5020,4970,5020,0,0,5050,30,0.6,4970,5120,1400-6-29,2021-09-20
437,دلر,داروسازي‌ اكسير,487,954444,42563682080,44300,44000,44490,190,0.43,44600,300,0.68,43980,45870,1400-6-29,2021-09-20
438,تنوين,تامين سرمايه نوين,487,4272435,28924363720,6750,6750,6690,-60,-0.89,6760,10,0.15,6650,6930,1400-6-29,2021-09-20
439,ونفت,سرمايه‌گذاري‌ صنعت‌ نفت‌,482,2339314,39688868490,16640,16800,16850,210,1.26,16970,330,1.98,16700,17180,1400-6-29,2021-09-20
440,سكه0012پ01,تمام سكه طرح جديد0012رفاه,479,174300,200643783600,1156219,1155555,1153044,-3175,-0.27,1151140,-5079,-0.44,1131111,1166000,1400-6-29,2021-09-20
441,ولبهمن,شركت بهمن ليزينگ,479,2615442,20614204026,7684,8000,7879,195,2.54,7882,198,2.58,7683,8040,1400-6-29,2021-09-20
442,جم,پتروشيمي جم,478,1661359,78650574280,47260,47190,46740,-520,-1.1,47320,60,0.13,46580,48220,1400-6-29,2021-09-20
443,زكشت,كشاورزي مكانيزه اصفهان كشت,476,924994,23450629915,26252,24950,25006,-1246,-4.75,25352,-900,-3.43,24940,26990,1400-6-29,2021-09-20
444,وبوعلي,سرمايه‌گذاري‌بوعلي‌,475,3086215,14123935391,4574,4520,4513,-61,-1.33,4576,2,0.04,4500,4709,1400-6-29,2021-09-20
445,غشصفا,شيرپاستوريزه‌پگاه‌اصفهان‌,473,849385,21900324400,26840,26570,25550,-1290,-4.81,25780,-1060,-3.95,25500,26570,1400-6-29,2021-09-20
446,سرچشمه,سرمايه گذاري مس سرچشمه,472,2271870,14869353146,6396,6477,6589,193,3.02,6545,149,2.33,6341,6617,1400-6-29,2021-09-20
447,ماني,صندوق س. با درآمد ثابت ماني,463,1700882,17329100518,10183,10189,10189,6,0.06,10188,5,0.05,10188,10195,1400-6-29,2021-09-20
448,دامين,داروسازي‌ امين‌,462,3612938,14364868296,3857,3818,3962,105,2.72,3976,119,3.09,3818,4038,1400-6-29,2021-09-20
449,قصفها,قنداصفهان‌,461,202744,20634872630,99400,95100,102960,3560,3.58,101780,2380,2.39,95100,104370,1400-6-29,2021-09-20
450,فپنتا,سپنتا,458,50547,26335039270,507430,509000,532800,25370,5,521000,13570,2.67,509000,532800,1400-6-29,2021-09-20
451,ودي,بيمه  دي,457,2182851,18059965367,8167,7900,8141,-26,-0.32,8265,98,1.2,7900,8472,1400-6-29,2021-09-20
452,غبهار,كشت وصنعت بهاران گلبهار خراسان,456,652506,11274987288,17624,17590,17125,-499,-2.83,17280,-344,-1.95,17114,17590,1400-6-29,2021-09-20
453,فلامي,لاميران‌,454,781174,19171364050,24810,24680,24140,-670,-2.7,24540,-270,-1.09,24100,25390,1400-6-29,2021-09-20
454,سخزر,سيمان‌ خزر,452,1192658,32805064360,28760,28670,27600,-1160,-4.03,27510,-1250,-4.35,27330,28990,1400-6-29,2021-09-20
455,سمتاز,سيمان ممتازان كرمان,450,1531405,29159431488,19613,19025,19499,-114,-0.58,19041,-572,-2.92,19025,19500,1400-6-29,2021-09-20
456,پارتا,مجتمع‌صنعتي‌آرتاويل‌تاير,449,452252,12330909964,26984,27780,27649,665,2.46,27129,145,0.54,26180,27780,1400-6-29,2021-09-20
457,هجرت,پخش هجرت,449,1322467,42746222640,31363,30230,32930,1567,5,32323,960,3.06,30230,32931,1400-6-29,2021-09-20
458,ياقوت,صندوق س ياقوت آگاه-ثابت,449,4792135,62996292173,13142,13140,13148,6,0.05,13146,4,0.03,13140,13162,1400-6-29,2021-09-20
459,كفرآور,فرآورده هاي سيمان شرق,446,1696120,28735221839,17019,17450,17300,281,1.65,16942,-77,-0.45,16510,17526,1400-6-29,2021-09-20
460,غشهد,شهد ايران ‌,439,4348876,23538648730,5170,5180,5410,240,4.64,5410,240,4.64,5180,5420,1400-6-29,2021-09-20
461,دشيمي,شيمي‌ داروئي‌ داروپخش‌,436,526046,14198889130,27550,26300,27100,-450,-1.63,27000,-550,-2,26220,28000,1400-6-29,2021-09-20
462,خچرخش,چرخشگر,435,1608998,19201921420,12050,11510,11760,-290,-2.41,11930,-120,-1,11510,12400,1400-6-29,2021-09-20
463,ساربيل,سيمان آرتا اردبيل,435,365412,14020509100,37590,38200,38200,610,1.62,38330,740,1.97,36580,38900,1400-6-29,2021-09-20
464,شبصير,توليدات پتروشيمي قائد بصير,435,353070,35751157376,100406,97760,100900,494,0.49,101258,852,0.85,97760,103563,1400-6-29,2021-09-20
465,شرانل,نفت ايرانول,434,728796,34293289848,47507,46021,46500,-1007,-2.12,47095,-412,-0.87,46021,47639,1400-6-29,2021-09-20
466,كمنگنز,معادن‌منگنزايران‌,434,207783,16675657410,79130,76500,78800,-330,-0.42,80260,1130,1.43,76500,81600,1400-6-29,2021-09-20
467,قجام,فرآوردههاي غذايي وقندتربت‌جام‌,433,2528341,15779791599,6366,6239,6239,-127,-1.99,6241,-125,-1.96,6239,6366,1400-6-29,2021-09-20
468,خديزل,بهمن  ديزل,432,382858,19701444022,52708,54289,51020,-1688,-3.2,51512,-1196,-2.27,50073,54289,1400-6-29,2021-09-20
469,معيار ,سرمايه گذاري معيار صنعت پارس,428,565407,28301990143,49816,48322,50599,783,1.57,50056,240,0.48,48322,51298,1400-6-29,2021-09-20
470,حپارسا,توسعه حمل و نقل ريلي پارسيان,427,722164,28911023662,40357,39146,39146,-1211,-3,40034,-323,-0.8,39146,40969,1400-6-29,2021-09-20
471,پرداخت,به پرداخت ملت,423,982721,17005862650,17560,17300,17380,-180,-1.03,17350,-210,-1.2,17050,17560,1400-6-29,2021-09-20
472,آوا,صندوق س.سهام آواي معيار-س,419,1605127,12145933753,7501,7615,7490,-11,-0.15,7567,66,0.88,7483,7650,1400-6-29,2021-09-20
473,فكمند,گسترش قطعه سازي كمند,418,2393182,86675060218,37329,36210,36210,-1119,-3,36217,-1112,-2.98,36210,37000,1400-6-29,2021-09-20
474,زمگسا,كشاورزي‌ ودامپروي‌ مگسال‌,414,650094,17148543070,25820,26700,26690,870,3.37,26380,560,2.17,25570,27000,1400-6-29,2021-09-20
475,زنجان,صنايع كشاورزي وكود زنجان,410,2949217,17377838502,6056,5910,5875,-181,-2.99,5892,-164,-2.71,5875,6020,1400-6-29,2021-09-20
476,ساروم,سيمان‌اروميه‌,406,778566,32237926870,40750,42450,41110,360,0.88,41410,660,1.62,40820,42450,1400-6-29,2021-09-20
477,تابا,تابان نيرو سپاهان,406,904843,28569130686,30789,30727,31712,923,3,31574,785,2.55,30720,31712,1400-6-29,2021-09-20
478,وتوشه,سرمايه‌ گذاري‌ پارس‌ توشه‌,403,2578863,17049965210,6710,6430,6700,-10,-0.15,6610,-100,-1.49,6430,6780,1400-6-29,2021-09-20
479,دعبيد,لابراتوارداروسازي‌  دكترعبيدي‌,401,1007459,25567358840,25610,25610,25240,-370,-1.44,25480,-130,-0.51,24880,25910,1400-6-29,2021-09-20
480,تسه9912,امتياز تسهيلات مسكن اسفند99,399,5463,3556882643,630910,612451,655000,24090,3.82,651086,20176,3.2,612451,662455,1400-6-29,2021-09-20
481,سپاها,سيمان‌سپاهان‌,399,2144823,19083661830,8800,9000,8950,150,1.7,8900,100,1.14,8700,9080,1400-6-29,2021-09-20
482,بالاس,مهندسي ساختمان تاسيسات راه آهن,398,695492,26266759988,36336,36000,38152,1816,5,37767,1431,3.94,36000,38152,1400-6-29,2021-09-20
483,كقزوي,شيشه‌ قزوين‌,398,3098539,25149569449,8016,8099,8256,240,2.99,8117,101,1.26,7900,8256,1400-6-29,2021-09-20
484,شخارك,پتروشيمي‌ خارك‌,395,1102068,55579397460,50340,50800,50210,-130,-0.26,50390,50,0.1,49210,51000,1400-6-29,2021-09-20
485,جم پيلن,پلي پروپيلن جم - جم پيلن,395,445620,48606854450,109680,109670,108800,-880,-0.8,109340,-340,-0.31,107960,111000,1400-6-29,2021-09-20
486,زشگزا,شير و گوشت زاگرس شهركرد,394,1606234,9515033166,5954,6000,5913,-41,-0.69,5933,-21,-0.35,5862,6070,1400-6-29,2021-09-20
487,لبوتان,گروه‌صنعتي‌بوتان‌,392,559194,33712823860,60310,62500,59380,-930,-1.54,60290,-20,-0.03,59380,64900,1400-6-29,2021-09-20
488,جهرم,پتروشيمي جهرم,390,7362567,9524486889,1308,1300,1269,-39,-2.98,1294,-14,-1.07,1269,1333,1400-6-29,2021-09-20
489,ما,بيمه  ما,387,2654926,21568734990,7780,7800,8160,380,4.88,8120,340,4.37,7670,8160,1400-6-29,2021-09-20
490,فخاس,فولاد خراسان,387,995253,27626423790,28750,27840,27430,-1320,-4.59,28460,-290,-1.01,27320,28300,1400-6-29,2021-09-20
491,ساينا,صنايع بهداشتي ساينا,386,178111,28242406159,151286,158000,158850,7564,5,158566,7280,4.81,155400,158850,1400-6-29,2021-09-20
492,وپترو,سرمايه‌گذاري صنايع پتروشيمي‌,385,1338717,17895845390,13300,13200,13220,-80,-0.6,13370,70,0.53,13200,13520,1400-6-29,2021-09-20
493,تسه9911,امتياز تسهيلات مسكن بهمن99,384,6844,4453244427,630774,608666,662300,31526,5,650679,19905,3.16,608666,662300,1400-6-29,2021-09-20
494,دارو,كارخانجات‌داروپخش‌,371,352757,11087459580,31910,30400,31700,-210,-0.66,31630,-280,-0.88,30400,32500,1400-6-29,2021-09-20
495,خريخت,صنايع‌ريخته‌گري‌ايران‌,370,7864258,30406479104,3698,3805,3882,184,4.98,3866,168,4.54,3800,3882,1400-6-29,2021-09-20
496,نمرينو,ايران‌ مرينوس‌,366,103994,10153355790,97370,93200,97620,250,0.26,97560,190,0.2,93200,100000,1400-6-29,2021-09-20
497,دتماد,توليدمواداوليه‌داروپخش‌,360,379845,18229433840,47850,46100,47620,-230,-0.48,47990,140,0.29,46100,48930,1400-6-29,2021-09-20
498,حسينا,توسعه خدمات دريايي وبندري سينا,358,429266,23214521645,52742,54940,54300,1558,2.95,54080,1338,2.54,52000,55370,1400-6-29,2021-09-20
499,قشهد,شهد,352,879155,13649735300,15800,15810,15460,-340,-2.15,15530,-270,-1.71,15280,16090,1400-6-29,2021-09-20
500,فن آوا,گروه فن آوا,351,4319656,114312463748,27281,26463,26463,-818,-3,26463,-818,-3,26463,27003,1400-6-29,2021-09-20
501,غشاذر,پگاه‌آذربايجان‌غربي‌,350,1897619,13551715870,7320,7250,7090,-230,-3.14,7140,-180,-2.46,7040,7400,1400-6-29,2021-09-20
502,سمازن,سيمان‌مازندران‌,348,1284966,19988405880,15550,15530,15410,-140,-0.9,15560,10,0.06,15400,15880,1400-6-29,2021-09-20
503,ولملت,واسپاري ملت,345,2116526,11916549360,5610,5370,5540,-70,-1.25,5630,20,0.36,5370,5800,1400-6-29,2021-09-20
504,افرا,افرانت,345,1011449,27707905305,28832,27391,27391,-1441,-5,27394,-1438,-4.99,27391,27990,1400-6-29,2021-09-20
505,دابورح,ح . داروسازي‌ ابوريحان‌,344,365038,9243617860,24660,24350,25400,740,3,25320,660,2.68,24350,25990,1400-6-29,2021-09-20
506,فاما,صنعتي‌ آما,342,1714469,34043949250,18940,19490,19880,940,4.96,19860,920,4.86,19200,19880,1400-6-29,2021-09-20
507,درهآور,دارويي ره آورد تامين,342,373924,10041596608,26521,26522,26814,293,1.1,26759,238,0.9,26522,27310,1400-6-29,2021-09-20
508,هماي,صندوق س هماي آگاه-ثابت,338,1537021,16078642255,10454,10466,10466,12,0.11,10461,7,0.07,10453,10466,1400-6-29,2021-09-20
509,وارس,سرمايه گذاري ارس صبا,338,1898632,23983921418,12417,12046,12730,313,2.52,12632,215,1.73,12046,12789,1400-6-29,2021-09-20
510,مداران,داده‌پردازي‌ايران‌,338,448396,8715142390,19730,18930,19540,-190,-0.96,19540,-190,-0.96,18830,20000,1400-6-29,2021-09-20
511,دكوثر,داروسازي‌ كوثر,333,2335167,11635586490,5000,5000,5000,0,0,4990,-10,-0.2,4850,5160,1400-6-29,2021-09-20
512,كاريس,صندوق س.سپهر كاريزما-س,330,3404476,47017139813,13742,13900,13811,69,0.5,13810,68,0.49,13741,13955,1400-6-29,2021-09-20
513,كاسپين,داروسازي كاسپين تامين,329,844834,18488449358,20876,21919,21919,1043,5,21884,1008,4.83,21303,21919,1400-6-29,2021-09-20
514,كخاك,صنايع‌خاك‌چيني‌ايران‌,329,883671,29436511290,34640,34000,33020,-1620,-4.68,33310,-1330,-3.84,32950,34500,1400-6-29,2021-09-20
515,بنيرو,نيروترانس‌,328,3994946,10105398348,2490,2420,2490,0,0,2518,28,1.12,2380,2600,1400-6-29,2021-09-20
516,پرديس,سرمايه گذاري پرديس,327,1607919,8771328060,5560,5640,5430,-130,-2.34,5500,-60,-1.08,5290,5640,1400-6-29,2021-09-20
517,فسا,پتروشيمي فسا,326,10027504,13804739053,1417,1385,1375,-42,-2.96,1377,-40,-2.82,1375,1424,1400-6-29,2021-09-20
518,تسه9909,امتياز تسهيلات مسكن آذر99,324,5237,3401841504,631480,630000,656000,24520,3.88,649578,18098,2.87,611099,663054,1400-6-29,2021-09-20
519,شراز,پالايش نفت شيراز,324,158946,19055763434,117643,116603,120629,2986,2.54,118511,868,0.74,116602,121500,1400-6-29,2021-09-20
520,كپرور,فرآوري زغال سنگ پروده طبس,322,319330,12958042297,40781,39000,40355,-426,-1.04,40593,-188,-0.46,39000,41200,1400-6-29,2021-09-20
521,تسه9910,امتياز تسهيلات مسكن دي99,319,6871,4486075774,629097,610005,655000,25903,4.12,652900,23803,3.78,610005,660000,1400-6-29,2021-09-20
522,شپاكسا,پاكسان‌,317,595282,12948450510,21670,21300,21500,-170,-0.78,21740,70,0.32,21110,22590,1400-6-29,2021-09-20
523,تشتاد,صنايع توليدي اشتاد ايران‌,314,1427407,9383852740,6756,6688,6554,-202,-2.99,6574,-182,-2.69,6554,6688,1400-6-29,2021-09-20
524,كگهر,سنگ آهن گهرزمين,309,868527,40758339821,46513,46513,47167,654,1.41,46659,146,0.31,45111,47500,1400-6-29,2021-09-20
525,شدوص,دوده‌ صنعتي‌ پارس‌,306,1070700,24108624830,23590,22420,22550,-1040,-4.41,22520,-1070,-4.54,22420,22990,1400-6-29,2021-09-20
526,دحاوي,الحاوي,304,2562499,19344476020,7782,7549,7690,-92,-1.18,7549,-233,-2.99,7549,7690,1400-6-29,2021-09-20
527,آكورد,صندوق س. آرمان آتي كوثر-د,299,3668045,125572116157,34216,34233,34237,21,0.06,34234,18,0.05,34233,34240,1400-6-29,2021-09-20
528,كفرا,فراورده‌ هاي‌ نسوزايران‌,296,639060,14989981920,23950,22900,23650,-300,-1.25,23460,-490,-2.05,22900,24390,1400-6-29,2021-09-20
529,سرود,سيمان‌شاهرود,295,1246276,30047649950,23590,24500,24720,1130,4.79,24110,520,2.2,22740,24760,1400-6-29,2021-09-20
530,كارين2,صندوق س نگين سامان-ثابت,295,29500000,29500000,10160,1,1,-10159,-99.99,1,-10159,-99.99,1,1,1400-6-29,2021-09-20
531,سمايه,بانك سرمايه,295,3014902,13523650323,4623,4485,4485,-138,-2.99,4486,-137,-2.96,4485,4559,1400-6-29,2021-09-20
532,وسپه,سرمايه‌گذاري‌ سپه‌,294,1001587,8537185210,8610,8400,8550,-60,-0.7,8590,-20,-0.23,8400,8720,1400-6-29,2021-09-20
533,كپشير,پشم‌شيشه‌ايران‌,293,1598950,33490046010,19960,20950,20950,990,4.96,20950,990,4.96,20800,20950,1400-6-29,2021-09-20
534,گنگين,اقتصادي نگين گردشگري ايرانيان,288,1937139,49146498507,24877,25229,25623,746,3,25371,494,1.99,24650,25623,1400-6-29,2021-09-20
535,پسهند,صنايع‌ لاستيكي‌  سهند,287,253187,7961910300,31590,31500,31300,-290,-0.92,31510,-80,-0.25,30500,33000,1400-6-29,2021-09-20
536,وبشهر,توسعه‌ صنايع‌ بهشهر(هلدينگ,287,2135163,28792585140,13390,13210,13500,110,0.82,13450,60,0.45,13210,13680,1400-6-29,2021-09-20
537,تسه9907,امتياز تسهيلات مسكن مهر99,286,5450,3537631621,628816,615180,653000,24184,3.85,649107,20291,3.23,615180,660256,1400-6-29,2021-09-20
538,وپخش,داروپخش‌ (هلدينگ‌,285,448783,13712009660,31350,29810,30390,-960,-3.06,31100,-250,-0.8,29810,31990,1400-6-29,2021-09-20
539,زفكا,كشت و دامداري فكا,279,2701884,27264711444,10622,10091,10091,-531,-5,10091,-531,-5,10091,10091,1400-6-29,2021-09-20
540,قمرو,قند مرودشت‌,277,535133,14645580080,28530,27150,28440,-90,-0.32,27370,-1160,-4.07,27110,28600,1400-6-29,2021-09-20
541,سيدكو,سرمايه گذاري توسعه صنايع سيمان,273,1287029,8774203160,6830,6830,6880,50,0.73,6820,-10,-0.15,6610,6980,1400-6-29,2021-09-20
542,پكرمان,گروه‌ صنعتي‌ بارز,272,311083,7803213270,25650,24640,24810,-840,-3.27,25480,-170,-0.66,24640,25990,1400-6-29,2021-09-20
543,سپر,صندوق س سپر سرمايه بيدار- ثابت,272,4923851,62877185554,12765,12771,12773,8,0.06,12770,5,0.04,12766,12773,1400-6-29,2021-09-20
544,سكرد,سيمان كردستان,272,2156371,13491926970,6190,6000,6250,60,0.97,6250,60,0.97,6000,6400,1400-6-29,2021-09-20
545,وحكمت,بيمه حكمت صبا,270,2059559,8918311725,4456,4323,4323,-133,-2.98,4335,-121,-2.72,4323,4430,1400-6-29,2021-09-20
546,اتكامح,ح . بيمه اتكايي امين,269,851945,1891998944,2249,2127,2188,-61,-2.71,2221,-28,-1.24,2127,2371,1400-6-29,2021-09-20
547,سپ,پرداخت الكترونيك سامان كيش,267,366239,11676326470,32020,31690,31800,-220,-0.69,31990,-30,-0.09,31060,32800,1400-6-29,2021-09-20
548,ركيش,كارت اعتباري ايران كيش,265,1117752,8460841830,7590,7350,7540,-50,-0.66,7580,-10,-0.13,7350,7790,1400-6-29,2021-09-20
549,وهنر,گروه توسعه هنر ايران,262,1766198,8866313960,5175,5020,5020,-155,-3,5026,-149,-2.88,5020,5020,1400-6-29,2021-09-20
550,وجامي,سرمايه گذاري جامي,260,1514627,16636310844,11050,11000,11381,331,3,10984,-66,-0.6,10719,11381,1400-6-29,2021-09-20
551,خراسان,پتروشيمي خراسان,260,428902,35203192860,82060,80250,81270,-790,-0.96,82070,10,0.01,80250,84210,1400-6-29,2021-09-20
552,قزوين,كارخانجات‌ قند قزوين‌,257,363494,11500561560,32340,33400,31150,-1190,-3.68,31750,-590,-1.82,30880,33400,1400-6-29,2021-09-20
553,بايكا,كارخانجات كابلسازي ‌ايران‌,256,725381,19486635184,26082,26864,26864,782,3,26864,782,3,26864,26864,1400-6-29,2021-09-20
554,وسين,بيمه سينا,254,3062107,11080462488,3668,3730,3590,-78,-2.13,3619,-49,-1.34,3571,3730,1400-6-29,2021-09-20
555,شپاس,نفت پاسارگاد,250,447090,8671270527,19543,19060,19002,-541,-2.77,19474,-69,-0.35,18930,20070,1400-6-29,2021-09-20
556,سخوز,سيمان خوزستان,246,357148,8575148520,23660,24500,23760,100,0.42,23870,210,0.89,23650,24500,1400-6-29,2021-09-20
557,ساراب,سيمان‌ داراب‌,246,787494,15111982230,18920,19000,19030,110,0.58,19190,270,1.43,19000,19610,1400-6-29,2021-09-20
558,قپيرا,فرآورده‌هاي‌غدايي‌وقندپيرانشهر,245,1904786,16248626230,8250,8150,8660,410,4.97,8530,280,3.39,8150,8660,1400-6-29,2021-09-20
559,سهگمت,سيمان‌هگمتان‌,244,512379,12706440590,24040,24000,24920,880,3.66,24710,670,2.79,24000,24990,1400-6-29,2021-09-20
560,شيراز,پتروشيمي‌شيراز,243,374810,29119795420,77330,79000,77360,30,0.04,77440,110,0.14,76800,79000,1400-6-29,2021-09-20
561,تصميم,صندوق س با درآمد ثابت تصميم,243,3871147,67402459778,17402,17414,17410,8,0.05,17411,9,0.05,17410,17414,1400-6-29,2021-09-20
562,لوتوس,تامين سرمايه لوتوس پارسيان,240,1028249,9207675510,8950,8820,8980,30,0.34,8950,0,0,8820,9200,1400-6-29,2021-09-20
563,پخش,پخش البرز,238,376688,9624484206,25387,25700,25100,-287,-1.13,25490,103,0.41,25001,25900,1400-6-29,2021-09-20
564,سدشت,صنايع سيمان دشتستان,237,217602,10557415270,50980,48440,48440,-2540,-4.98,49840,-1140,-2.24,48440,49880,1400-6-29,2021-09-20
565,بكاب,صنايع‌جوشكاب‌يزد,236,83652,21104563080,240280,252290,252290,12010,5,252290,12010,5,252290,252290,1400-6-29,2021-09-20
566,دفاراح,ح . داروسازي‌ فارابي‌,234,659251,9584622840,14580,15000,14500,-80,-0.55,14540,-40,-0.27,14500,15000,1400-6-29,2021-09-20
567,عيار,صندوق سكه طلاي مفيد,233,378484,11158537644,29317,30180,29249,-68,-0.23,29482,165,0.56,29000,30180,1400-6-29,2021-09-20
568,واتي,سرمايه‌ گذاري‌ آتيه‌ دماوند,230,1234461,13633008330,11110,11110,11100,-10,-0.09,11060,-50,-0.45,10630,11460,1400-6-29,2021-09-20
569,شساخت,مهندسي و ساختمان صنايع نفت,230,647275,29763981066,45179,43830,46480,1301,2.88,45696,517,1.14,43830,46534,1400-6-29,2021-09-20
570,واعتبار,سرمايه گذاري اعتبار ايران,230,1012959,7520017770,7390,7080,7420,30,0.41,7410,20,0.27,7080,7600,1400-6-29,2021-09-20
571,كارين,صندوق س نگين سامان-ثابت,229,7697045,78261457669,10160,10166,10168,8,0.08,10168,8,0.08,10165,10168,1400-6-29,2021-09-20
572,تسه9902,امتياز تسهيلات مسكن ارديبهشت99,226,4733,3070187543,628756,602000,648000,19244,3.06,648677,19921,3.17,602000,660000,1400-6-29,2021-09-20
573,تسه9810,امتياز تسهيلات مسكن دي98,224,6064,3976824282,653138,620522,681900,28762,4.4,655809,2671,0.41,620522,681900,1400-6-29,2021-09-20
574,آپ,آسان پرداخت پرشين,223,1162663,14358888050,12990,12350,12350,-640,-4.93,12650,-340,-2.62,12350,12350,1400-6-29,2021-09-20
575,لخانه,لوازم‌ خانگي‌ پارس‌,222,727906,16725158138,23680,23520,22970,-710,-3,22977,-703,-2.97,22970,23520,1400-6-29,2021-09-20
576,نهال,صندوق س. طلاي سرخ نوويرا,220,1317806,13353315433,9872,9940,10200,328,3.32,10133,261,2.64,9800,10280,1400-6-29,2021-09-20
577,كطبس,ذغال‌سنگ‌ نگين‌ ط‌بس‌,219,144621,8809127630,60730,59990,61150,420,0.69,60840,110,0.18,58600,62980,1400-6-29,2021-09-20
578,سنوين,سرمايه گذاري اقتصاد نوين,215,1118690,8418513109,7363,7160,7583,220,2.99,7499,136,1.85,7160,7583,1400-6-29,2021-09-20
579,نيرو,نيرو سرمايه,215,406370,17452379804,44132,42809,43200,-932,-2.11,42947,-1185,-2.69,42809,44800,1400-6-29,2021-09-20
580,فالوم,آلومتك‌,214,722864,20395221600,28883,28384,29240,357,1.24,28214,-669,-2.32,28017,29745,1400-6-29,2021-09-20
581,شاملا,معدني‌ املاح‌  ايران‌,213,311152,11872224680,37040,36530,37650,610,1.65,37920,880,2.38,36530,38670,1400-6-29,2021-09-20
582,لسرما,سرما آفرين‌,212,417027,9001093460,21780,21780,21490,-290,-1.33,21650,-130,-0.6,21000,22140,1400-6-29,2021-09-20
583,فلات,گروه صنايع معادن فلات ايرانيان,208,932856,12451228106,13241,12844,13140,-101,-0.76,13347,106,0.8,12844,13638,1400-6-29,2021-09-20
584,تسه9904,امتياز تسهيلات مسكن تير99,208,3978,2576094462,627001,610009,658351,31350,5,647585,20584,3.28,610000,658351,1400-6-29,2021-09-20
585,ثامان,سامان‌ گستراصفهان‌,205,391319,5276412080,13370,13000,13210,-160,-1.2,13410,40,0.3,13000,13960,1400-6-29,2021-09-20
586,شگل,گلتاش‌,205,648020,4995152260,7750,7750,7650,-100,-1.29,7740,-10,-0.13,7530,7830,1400-6-29,2021-09-20
587,ولتجارح,ح.واسپا تجارت وسرمايه ايرانيان,203,8049394,14519629825,1770,1719,1823,53,2.99,1804,34,1.92,1719,1823,1400-6-29,2021-09-20
588,دفارا,داروسازي‌ فارابي‌,202,257015,4855737360,18880,18230,18880,0,0,18880,0,0,18230,19430,1400-6-29,2021-09-20
589,ضخود1052,اختيارخ خودرو-2000-1400/10/08,199,6796,3022135000,468,490,422,-46,-9.83,445,-23,-4.91,421,499,1400-6-29,2021-09-20
590,پلوله,گازلوله‌,199,432684,12840320694,30580,29663,29663,-917,-3,29676,-904,-2.96,29663,30500,1400-6-29,2021-09-20
591,رتكو,كنترل‌خوردگي‌تكين‌كو,198,572441,6640261530,11380,11940,11550,170,1.49,11480,100,0.88,11430,11940,1400-6-29,2021-09-20
592,بخاور,بيمه زندگي خاورميانه,194,1448702,7963925271,5572,5572,5450,-122,-2.19,5530,-42,-0.75,5420,5765,1400-6-29,2021-09-20
593,ضخود1049,اختيارخ خودرو-1400-1400/10/08,194,11019,8758268000,764,760,796,32,4.19,795,31,4.06,760,820,1400-6-29,2021-09-20
594,زشريف,كشت وصنعت شريف آباد,192,2951106,14556351509,4703,4760,4938,235,5,4930,227,4.83,4760,4938,1400-6-29,2021-09-20
595,زر,صندوق س.پشتوانه سكه طلاي زر,192,126848,6334899039,49595,50700,49105,-490,-0.99,49941,346,0.7,49105,50700,1400-6-29,2021-09-20
596,خموتور,موتورسازان‌تراكتورسازي‌ايران‌,189,1144335,14922128400,12420,13040,13040,620,4.99,12960,540,4.35,13040,13040,1400-6-29,2021-09-20
597,سهرمز,سيمان‌هرمزگان‌,188,208525,3698543910,17920,17330,17940,20,0.11,17870,-50,-0.28,17310,18580,1400-6-29,2021-09-20
598,حخزر,كشتيراني درياي خزر,188,230738,4993382057,22467,21412,21600,-867,-3.86,22167,-300,-1.34,21412,22125,1400-6-29,2021-09-20
599,ولتجار,واسپاري تجارت وسرمايه ايرانيان,184,3036669,10480989537,3381,3313,3480,99,2.93,3451,70,2.07,3313,3480,1400-6-29,2021-09-20
600,ضسپا8044,اختيارخ خساپا-2500-1400/08/26,184,7622,580760000,81,98,73,-8,-9.88,76,-5,-6.17,70,98,1400-6-29,2021-09-20
601,آساميد,صندوق س.مشترك آسمان اميد -د,182,4749712,61776295984,12999,13006,13006,7,0.05,13006,7,0.05,13006,13011,1400-6-29,2021-09-20
602,سبجنو,سيمان‌ بجنورد,182,122762,5093935870,40900,42270,42000,1100,2.69,41110,210,0.51,40120,42270,1400-6-29,2021-09-20
603,مارون,پتروشيمي مارون,180,119130,22258179275,185927,183340,186019,92,0.05,186130,203,0.11,178001,188600,1400-6-29,2021-09-20
604,اتكام,بيمه اتكايي امين,178,1076906,4079688591,3853,3673,3760,-93,-2.41,3834,-19,-0.49,3673,3910,1400-6-29,2021-09-20
605,اخزا910,اسنادخزانه-م10بودجه99-020807,178,324583,207429742567,638626,638694,639000,374,0.06,639065,439,0.07,637000,640000,1400-6-29,2021-09-20
606,دكيمي,كيميدارو,174,283470,6906116350,24230,23700,24010,-220,-0.91,24290,60,0.25,23700,24850,1400-6-29,2021-09-20
607,ثنور,سرمايه گذاري كوه نور,173,2988935,23077567135,7497,7721,7721,224,2.99,7721,224,2.99,7721,7721,1400-6-29,2021-09-20
608,وبازار,صندوق س شاخصي بازارآشنا,172,776545,9294659820,11970,12180,11900,-70,-0.58,11970,0,0,11790,12180,1400-6-29,2021-09-20
609,سكه0012پ04,تمام سكه طرح جديد0012صادرات,171,114200,129854865100,1153745,1152001,1130010,-23735,-2.06,1137083,-16662,-1.44,1110063,1164487,1400-6-29,2021-09-20
610,ركيشح,ح. كارت اعتباري ايران كيش,171,911486,4831683350,5200,5010,5290,90,1.73,5300,100,1.92,5010,5490,1400-6-29,2021-09-20
611,خلنت,لنت‌ ترمزايران‌,170,144447,14238140790,93880,98570,98570,4690,5,97760,3880,4.13,98570,98570,1400-6-29,2021-09-20
612,بساما,بيمه سامان,170,548432,13050217315,24094,24790,23970,-124,-0.51,23895,-199,-0.83,23651,24790,1400-6-29,2021-09-20
613,تسه9808,امتياز تسهيلات مسكن آبان98,169,3191,2077081745,647309,615030,667888,20579,3.18,650919,3610,0.56,615030,669880,1400-6-29,2021-09-20
614,دقاضي,داروسازي شهيد قاضي,169,270685,9330898877,35427,34367,34365,-1062,-3,34666,-761,-2.15,34365,36057,1400-6-29,2021-09-20
615,ميدكوح,ح.توسعه م وص.معدني خاورميانه,167,271057,12042752550,44260,43250,44690,430,0.97,44430,170,0.38,43250,44690,1400-6-29,2021-09-20
616,شفا,سرمايه گذاري شفادارو,166,146834,5849233650,39630,41000,39300,-330,-0.83,39690,60,0.15,39210,41000,1400-6-29,2021-09-20
617,واحصا,احياء صنايع خراسان,163,162563,6976588341,43246,42800,43490,244,0.56,43011,-235,-0.54,42303,43979,1400-6-29,2021-09-20
618,شكبير,پتروشيمي اميركبير,163,139068,12914367644,94916,93001,93390,-1526,-1.61,94643,-273,-0.29,92169,94000,1400-6-29,2021-09-20
619,وحافظح,ح . بيمه حافظ,163,2069277,10595972608,4984,4840,5133,149,2.99,5121,137,2.75,4840,5133,1400-6-29,2021-09-20
620,تسه9905,امتياز تسهيلات مسكن مرداد99,161,2634,1701006049,629297,602321,659000,29703,4.72,645788,16491,2.62,602222,660761,1400-6-29,2021-09-20
621,تسه9903,امتياز تسهيلات مسكن خرداد99,161,2347,1521245510,628683,640000,660000,31317,4.98,648166,19483,3.1,621666,660117,1400-6-29,2021-09-20
622,گوهران,سرمايه گذاري توسعه گوهران اميد,160,672210,3589672590,5425,5300,5340,-85,-1.57,5404,-21,-0.39,5280,5449,1400-6-29,2021-09-20
623,فيروزه,صندوق شاخص30 شركت فيروزه- سهام,159,63808,10932427310,170090,172000,171150,1060,0.62,171330,1240,0.73,169320,173420,1400-6-29,2021-09-20
624,تسه9906,امتياز تسهيلات مسكن شهريور99,158,1919,1239105266,629398,640000,650000,20602,3.27,645704,16306,2.59,615000,659000,1400-6-29,2021-09-20
625,سشمال,سيمان‌ شمال‌,156,535224,5340313520,10090,10350,10090,0,0,10050,-40,-0.4,9800,10350,1400-6-29,2021-09-20
626,وسرمد,بيمه  سرمد,151,2326259,11170695718,4663,4802,4802,139,2.98,4802,139,2.98,4802,4802,1400-6-29,2021-09-20
627,وپخشح,ح . داروپخش‌ (هلدينگ‌,150,266200,7892538780,29580,28500,29000,-580,-1.96,29650,70,0.24,28500,30900,1400-6-29,2021-09-20
628,سفاسي,شركت فارسيت اهواز,148,654767,3695504948,5818,5644,5644,-174,-2.99,5749,-69,-1.19,5644,5644,1400-6-29,2021-09-20
629,دفرا,فرآورده‌هاي‌ تزريقي‌ ايران‌,147,143281,4346598330,30660,29610,30670,10,0.03,30560,-100,-0.33,29610,31000,1400-6-29,2021-09-20
630,حپترو,حمل و نقل پتروشيمي( سهامي عام,142,187676,5904286960,33110,31460,31460,-1650,-4.98,32370,-740,-2.23,31460,31460,1400-6-29,2021-09-20
631,وبرق,س.کارکنان صنعت برق زنجان وقزوي,140,229825,27785153025,117376,120897,120897,3521,3,120897,3521,3,120897,120897,1400-6-29,2021-09-20
632,تسه9901,امتياز تسهيلات مسكن فروردين99,138,1142,739733050,627610,601121,658990,31380,5,647752,20142,3.21,601121,658990,1400-6-29,2021-09-20
633,گوهر,صندوق سكه طلاي كيان,138,472222,27604589301,57536,60470,57703,167,0.29,58457,921,1.6,57515,60470,1400-6-29,2021-09-20
634,فردا,صندوق س آواي فرداي زاگرس-ثابت,137,2904234,33274686770,11450,11457,11458,8,0.07,11457,7,0.06,11457,11458,1400-6-29,2021-09-20
635,دروز,داروسازي‌ روزدارو,135,237636,7352082830,30840,31440,30200,-640,-2.08,30890,50,0.16,29600,31850,1400-6-29,2021-09-20
636,ضخود1050,اختيارخ خودرو-1600-1400/10/08,132,9029,6130612000,662,660,670,8,1.21,679,17,2.57,660,700,1400-6-29,2021-09-20
637,دپارس,پارس‌ دارو,132,127638,4659914270,37140,36100,36880,-260,-0.7,36940,-200,-0.54,36010,37110,1400-6-29,2021-09-20
638,دسينا,داروسازي‌ سينا,131,428041,8520675420,19900,19110,19910,10,0.05,19900,0,0,19110,20200,1400-6-29,2021-09-20
639,تسه9809,امتياز تسهيلات مسكن آذر98,130,1539,1005429296,651696,621100,660000,8304,1.27,653300,1604,0.25,621100,670000,1400-6-29,2021-09-20
640,آساس,صندوق س.آسمان آرماني سهام-س,129,58836,10510520455,177594,178400,178020,426,0.24,178641,1047,0.59,177601,179480,1400-6-29,2021-09-20
641,وآتوس,س.آرين توسكا قيمت اسمي 350ريال,129,133705,3716191971,28527,27674,27672,-855,-3,28200,-327,-1.15,27672,29180,1400-6-29,2021-09-20
642,تسه9812,امتياز تسهيلات مسكن اسفند98,126,1104,712527048,637050,614000,654000,16950,2.66,645405,8355,1.31,614000,660000,1400-6-29,2021-09-20
643,فراز,صندوق س.سهام فراز داريك-س,122,904805,12791025148,14136,14150,14142,6,0.04,14137,1,0.01,14136,14160,1400-6-29,2021-09-20
644,تسه9807,امتياز تسهيلات مسكن مهر98,121,2580,1657057953,647584,616010,657980,10396,1.61,642270,-5314,-0.82,616010,659599,1400-6-29,2021-09-20
645,وامين,س. امين توان آفرين ساز,119,914103,11631143282,12856,12599,12727,-129,-1,12826,-30,-0.23,12599,12750,1400-6-29,2021-09-20
646,اخزا903,اسنادخزانه-م3بودجه99-011110,119,203501,155195923926,762107,761000,761900,-207,-0.03,762630,523,0.07,758600,767000,1400-6-29,2021-09-20
647,سحرخيز,صندوق س. گروه زعفران سحرخيز,119,404191,4008029339,9737,9799,10024,287,2.95,9916,179,1.84,9700,10039,1400-6-29,2021-09-20
648,وآفري,بيمه كارآفرين,117,2172697,7094234123,3264,3264,3264,0,0,3265,1,0.03,3260,3285,1400-6-29,2021-09-20
649,ضخود7074,اختيارخ خودرو-1800-1400/07/07,115,5242,927089000,197,200,177,-20,-10.15,177,-20,-10.15,161,219,1400-6-29,2021-09-20
650,تسه9811,امتياز تسهيلات مسكن بهمن98,113,945,613810605,651643,619061,660000,8357,1.28,649535,-2108,-0.32,619061,660000,1400-6-29,2021-09-20
651,كصدف,كاشي صدف سرام استقلال آباده,113,241414,5680936544,24176,23451,24300,124,0.51,23793,-383,-1.58,23451,24400,1400-6-29,2021-09-20
652,آبادا,توليد نيروي برق آبادان,112,215557,3399333890,16590,15770,15770,-820,-4.94,16410,-180,-1.08,15770,15770,1400-6-29,2021-09-20
653,كگازح,ح . شيشه‌ و گاز,109,1828477,34249933960,18080,19400,18200,120,0.66,18730,650,3.6,18200,19400,1400-6-29,2021-09-20
654,خاتم,صندوق س خاتم ايساتيس پويا-ثابت,105,908425,10923029018,12017,12024,12022,5,0.04,12024,7,0.06,12022,12026,1400-6-29,2021-09-20
655,دشيري,شيرين دارو,103,19620,3612765719,184024,178521,185899,1875,1.02,184064,40,0.02,178504,189543,1400-6-29,2021-09-20
656,وزمين,بانك ايران زمين,102,479191,5382129129,11526,11987,11170,-356,-3.09,11438,-88,-0.76,11065,11987,1400-6-29,2021-09-20
657,پدرخش,درخشان‌ تهران‌,100,259123,8426679960,34230,32520,32520,-1710,-5,33190,-1040,-3.04,32520,32520,1400-6-29,2021-09-20
658,ضسپا8045,اختيارخ خساپا-3000-1400/08/26,98,5797,197381000,43,30,30,-13,-30.23,34,-9,-20.93,30,50,1400-6-29,2021-09-20
659,ثهام,صندوق س ثروت هامرز-سهام,96,211444,2570550849,11348,11200,12480,1132,9.98,12157,809,7.13,11200,12482,1400-6-29,2021-09-20
660,سپاس,صندوق س. پاداش سهامداري-ثابت,95,1087285,10958240811,10072,10076,10080,8,0.08,10079,7,0.07,10076,10080,1400-6-29,2021-09-20
661,آبين,كشت و صنعت آبشيرين,95,2510931,7256590590,2979,2890,2890,-89,-2.99,2909,-70,-2.35,2890,2890,1400-6-29,2021-09-20
662,زرين,صندوق س. سهام زرين كوروش-س,95,302817,3896495085,12766,12900,12777,11,0.09,12867,101,0.79,12760,13029,1400-6-29,2021-09-20
663,دسانكو,داروسازي سبحان انكولوژي,93,344964,5548745940,16931,16085,16085,-846,-5,16569,-362,-2.14,16085,16085,1400-6-29,2021-09-20
664,دارا,صندوق س. دارا الگوريتم-د,92,2397891,24105472389,10046,10075,10049,3,0.03,10053,7,0.07,10046,10095,1400-6-29,2021-09-20
665,سكرما,سيمان‌ كرمان‌,92,180521,3064024690,16880,16710,17000,120,0.71,16900,20,0.12,16600,17170,1400-6-29,2021-09-20
666,خفنر,فنرسازي‌خاور,90,494311,4547661200,9680,9200,9200,-480,-4.96,9520,-160,-1.65,9200,9200,1400-6-29,2021-09-20
667,ثزاگرس,سرمايه گذاري توسعه عمران زاگرس,86,145346,5579266718,40347,38330,38330,-2017,-5,39148,-1199,-2.97,38330,39500,1400-6-29,2021-09-20
668,ضسپا8043,اختيارخ خساپا-2000-1400/08/26,86,3283,599161000,189,210,175,-14,-7.41,183,-6,-3.17,123,230,1400-6-29,2021-09-20
669,فيروزا,صندوق بادرآمد ثابت فيروزه آسيا,85,219918,5493743224,25010,24925,25000,-10,-0.04,24981,-29,-0.12,24900,25048,1400-6-29,2021-09-20
670,اخزا901,اسنادخزانه-م1بودجه99-010621,84,86913,71411744392,822039,820033,822002,-37,0,821646,-393,-0.05,818658,824000,1400-6-29,2021-09-20
671,ارمغان,ص سرمايه گذاري ارمغان ايرانيان,82,434691,4378232366,10064,10077,10076,12,0.12,10072,8,0.08,10066,10079,1400-6-29,2021-09-20
672,بمپنا,توليد برق عسلويه  مپنا,81,984656,7152541184,6919,7264,7264,345,4.99,7029,110,1.59,7264,7264,1400-6-29,2021-09-20
673,اخزا902,اسنادخزانه-م2بودجه99-011019,80,83977,64674415580,770308,769802,770256,-52,-0.01,770144,-164,-0.02,769200,771500,1400-6-29,2021-09-20
674,خپويش,سازه‌ پويش‌,77,126155,11316103500,85430,89700,89700,4270,5,88230,2800,3.28,89700,89700,1400-6-29,2021-09-20
675,غپونه,نوش پونه مشهد,76,187515,2851924506,15679,15209,15209,-470,-3,15537,-142,-0.91,15209,15210,1400-6-29,2021-09-20
676,ضخود1051,اختيارخ خودرو-1800-1400/10/08,76,4917,2738520000,532,596,540,8,1.5,557,25,4.7,530,647,1400-6-29,2021-09-20
677,اخزا917,اسنادخزانه-م17بودجه99-010226,76,106984,93632958322,873936,874003,876000,2064,0.24,875205,1269,0.15,867000,877000,1400-6-29,2021-09-20
678,گپارس,امور رفاهي كارگزاران پارس,75,98517,13841027616,136413,140505,140505,4092,3,140494,4081,2.99,137200,140505,1400-6-29,2021-09-20
679,ضخود1054,اختيارخ خودرو-3000-1400/10/08,74,4736,512995000,113,139,99,-14,-12.39,108,-5,-4.42,99,145,1400-6-29,2021-09-20
680,زعف0008پ05,زعفران0008نگين زرين(پ),73,58322,8630735290,144562,149994,149000,4438,3.07,147984,3422,2.37,140000,149994,1400-6-29,2021-09-20
681,اخزا911,اسنادخزانه-م11بودجه99-020906,70,385757,242604395942,629389,626560,629000,-389,-0.06,628905,-484,-0.08,626560,629975,1400-6-29,2021-09-20
682,اخزا006,اسنادخزانه-م6بودجه00-030723,68,336685,175736330438,521324,521340,521000,-324,-0.06,521961,637,0.12,518569,523000,1400-6-29,2021-09-20
683,ساروج,بين المللي ساروج بوشهر,67,294420,5231135706,18177,17813,17660,-517,-2.84,17956,-221,-1.22,17632,18200,1400-6-29,2021-09-20
684,اخزا004,اسنادخزانه-م4بودجه00-030522,67,182728,98755005131,541783,542300,541000,-783,-0.14,540448,-1335,-0.25,538000,542300,1400-6-29,2021-09-20
685,ضشنا8004,اختيارخ شپنا-10800-1400/08/16,66,892,2267410000,2207,2401,2590,383,17.35,2542,335,15.18,2400,2600,1400-6-29,2021-09-20
686,ضملت8043,اختيارخ وبملت-4434-1400/08/19,66,2728,563204000,210,210,200,-10,-4.76,206,-4,-1.9,200,220,1400-6-29,2021-09-20
687,سكه0011پ02,تمام سكه طرح جديد0011ملت,66,21900,24985241500,1155789,1153505,1130001,-25788,-2.23,1140879,-14910,-1.29,1130001,1167899,1400-6-29,2021-09-20
688,اخزا810,اسنادخزانه-م10بودجه98-001006,65,146242,137880631018,949999,936001,951998,1999,0.21,942825,-7174,-0.76,936000,951998,1400-6-29,2021-09-20
689,شصفها,پتروشيمي‌ اصفهان‌,64,50831,7125494494,143027,140167,140167,-2860,-2,141821,-1206,-0.84,140167,140700,1400-6-29,2021-09-20
690,اخزا914,اسنادخزانه-م14بودجه99-021025,63,123874,75609445519,611751,609222,610100,-1651,-0.27,610374,-1377,-0.23,609200,612555,1400-6-29,2021-09-20
691,لكما,كارخانجات‌مخابراتي‌ايران‌,63,571787,1101261762,1985,1926,1926,-59,-2.97,1978,-7,-0.35,1926,1926,1400-6-29,2021-09-20
692,صايند,صندوق س. گنجينه آينده روشن-د,63,595230,6012663650,10101,10110,10112,11,0.11,10101,0,0,10099,10113,1400-6-29,2021-09-20
693,كامياب,صندوق س. كامياب آشنا-د,60,184152,1920902610,10425,10430,10431,6,0.06,10431,6,0.06,10430,10435,1400-6-29,2021-09-20
694,اوصتا,صندوق انديشه ورزان صباتامين -د,59,762073,15173504440,19900,19910,19911,11,0.06,19911,11,0.06,19909,19912,1400-6-29,2021-09-20
695,ضخود1053,اختيارخ خودرو-2500-1400/10/08,58,2435,562518000,228,259,205,-23,-10.09,231,3,1.32,202,260,1400-6-29,2021-09-20
696,اراد50,مرابحه عام دولت5-ش.خ0302,58,720300,720300034800,1000000,1000000,1000000,0,0,1000000,0,0,1000000,1000001,1400-6-29,2021-09-20
697,ضسپا8042,اختيارخ خساپا-1800-1400/08/26,57,3082,781718000,257,201,240,-17,-6.61,254,-3,-1.17,201,300,1400-6-29,2021-09-20
698,ضملت8042,اختيارخ وبملت-3934-1400/08/19,55,2046,834120000,426,380,415,-11,-2.58,408,-18,-4.23,365,454,1400-6-29,2021-09-20
699,وليز,ليزينگ‌ايران‌,55,247483,494966000,1905,2000,2000,95,4.99,1908,3,0.16,2000,2000,1400-6-29,2021-09-20
700,اخزا909,اسنادخزانه-م9بودجه99-020316,49,152403,106724962282,703002,701000,702500,-502,-0.07,700281,-2721,-0.39,697500,702991,1400-6-29,2021-09-20
701,آرمان,بيمه آرمان,49,201052,1297578120,6628,6450,6543,-85,-1.28,6605,-23,-0.35,6440,6590,1400-6-29,2021-09-20
702,سخواف,سيمان مجد خواف,48,144180,1499760360,10723,10402,10402,-321,-2.99,10673,-50,-0.47,10402,10402,1400-6-29,2021-09-20
703,فنفت,صنايع تجهيزات نفت,45,717774,10623055200,14369,14800,14800,431,3,14780,411,2.86,14800,14800,1400-6-29,2021-09-20
704,سكه0112پ03,تمام سكه طرح جديد0112سامان,43,10600,12258217600,1154898,1151505,1140000,-14898,-1.29,1156436,1538,0.13,1140000,1163000,1400-6-29,2021-09-20
705,آتيمس,صندوق س.آرمان آتيه درخشان مس-س,43,9977,1970323406,197653,194819,197350,-303,-0.15,197487,-166,-0.08,194819,198835,1400-6-29,2021-09-20
706,سكه0111پ05,تمام سكه طرح جديد0111آينده,42,11300,13050985700,1158683,1153101,1140000,-18683,-1.61,1154954,-3729,-0.32,1140000,1161850,1400-6-29,2021-09-20
707,اخزا908,اسنادخزانه-م8بودجه99-020606,42,38220,25377997617,667414,666001,664000,-3414,-0.51,663998,-3416,-0.51,663000,666001,1400-6-29,2021-09-20
708,افق ملت,صندوق س در سهام افق ملت,41,4156,616057620,147940,146100,147670,-270,-0.18,148230,290,0.2,146100,149900,1400-6-29,2021-09-20
709,ضپاس7030,اختيارخ وپارس-3000-1400/07/28,40,1801,426669000,258,160,220,-38,-14.73,237,-21,-8.14,160,298,1400-6-29,2021-09-20
710,اراد61,مرابحه عام دولت61-ش.خ0309,39,450000,450000000000,1000000,1000000,1000000,0,0,1000000,0,0,1000000,1000000,1400-6-29,2021-09-20
711,عيار2,صندوق سكه طلاي مفيد,39,390000,390000,29317,1,1,-29316,-100,1,-29316,-100,1,1,1400-6-29,2021-09-20
712,سيناد,صندوق س.سپهرسودمند سينا-د,39,588614,5891307223,10004,10006,10010,6,0.06,10009,5,0.05,10005,10010,1400-6-29,2021-09-20
713,كهربا,صندوق س.پشتوانه سكه طلا كهربا,38,298127,3038151580,10151,10200,10187,36,0.35,10191,40,0.39,10180,10299,1400-6-29,2021-09-20
714,قنقش,قند نقش جهان,36,68250,5565378000,79946,81544,81544,1598,2,81544,1598,2,81544,81544,1400-6-29,2021-09-20
715,گوهر2,صندوق سكه طلاي كيان,35,350000,350000,57536,1,1,-57535,-100,1,-57535,-100,1,1,1400-6-29,2021-09-20
716,اخزا002,اسنادخزانه-م2بودجه00-031024,35,21858,10899715014,499844,499010,499001,-843,-0.17,498660,-1184,-0.24,495000,500490,1400-6-29,2021-09-20
717,گنجين,صندوق س. گنجينه يكم آويد-د,34,285919,3923239180,13719,13719,13727,8,0.06,13722,3,0.02,13719,13729,1400-6-29,2021-09-20
718,دمعيار,صندوق س. توازن معيار-د,33,393039,3989246600,10140,10150,10150,10,0.1,10150,10,0.1,10145,10150,1400-6-29,2021-09-20
719,داريك,صندوق س.اعتماد داريك-د,33,341162,3924325388,11495,11501,11503,8,0.07,11503,8,0.07,11501,11503,1400-6-29,2021-09-20
720,ضصاد8033,اختيارخ وبصادر-2489-1400/08/12,32,567,106208000,163,228,177,14,8.59,187,24,14.72,176,228,1400-6-29,2021-09-20
721,سجام,مجتمع سيمان غرب آسيا,31,163147,692395868,4375,4244,4244,-131,-2.99,4366,-9,-0.21,4244,4244,1400-6-29,2021-09-20
722,وملت,سرمايه گذاري ملت,30,250720,821358720,3342,3276,3276,-66,-1.97,3331,-11,-0.33,3276,3276,1400-6-29,2021-09-20
723,برن0104پ01,برنج طارم0104تجارت مازندران(پ),30,1772,691400000,393441,392000,390000,-3441,-0.87,390181,-3260,-0.83,389000,392000,1400-6-29,2021-09-20
724,الماس,صندوق س.امين تدبيرگران فردا-س,30,2101,269606513,128075,130000,128112,37,0.03,128323,248,0.19,127560,130000,1400-6-29,2021-09-20
725,ثروتم,صندوق س. ثروت آفرين پارسيان-س,30,17880,1569494520,87824,87560,88290,466,0.53,87779,-45,-0.05,87556,89092,1400-6-29,2021-09-20
726,ضملي7004,اختيارخ فملي-13720-1400/07/11,28,437,103792000,269,450,285,16,5.95,238,-31,-11.52,171,450,1400-6-29,2021-09-20
727,اخزا907,اسنادخزانه-م7بودجه99-020704,25,89685,58654003160,654958,653000,654000,-958,-0.15,654000,-958,-0.15,653000,654958,1400-6-29,2021-09-20
728,گكيش,توريستي ورفاهي آبادگران كيش,25,26740,1100003380,42409,41137,41137,-1272,-3,42264,-145,-0.34,41137,41137,1400-6-29,2021-09-20
729,ضملي7003,اختيارخ فملي-11720-1400/07/11,25,235,213199000,888,800,900,12,1.35,907,19,2.14,701,990,1400-6-29,2021-09-20
730,ساباد021,سلف موازي برق آبادان 021,24,2297870,999998555950,435185,435185,435185,0,0,435185,0,0,435185,435185,1400-6-29,2021-09-20
731,زعف0008پ16,زعفران0008نگين بيرجند(پ),22,38534,5665069867,143739,144000,149995,6256,4.35,147015,3276,2.28,144000,149995,1400-6-29,2021-09-20
732,فنرژي,گسترش صنايع انرژي آذرآب,22,100755,1497723075,15168,14865,14865,-303,-2,15075,-93,-0.61,14865,14865,1400-6-29,2021-09-20
733,پادا,صندوق س.پاداش سرمايه پارس-س,21,8674,982521680,113122,113530,113600,478,0.42,113272,150,0.13,111950,114100,1400-6-29,2021-09-20
734,دسانكوح,ح . داروسازي سبحان انكولوژي,21,80785,926038455,12066,11463,11463,-603,-5,11463,-603,-5,11463,11463,1400-6-29,2021-09-20
735,وسنا,سرمايه گذاري نيروگاهي ايران,21,708770,11138320550,16201,15715,15715,-486,-3,15952,-249,-1.54,15715,15715,1400-6-29,2021-09-20
736,اخزا815,اسنادخزانه-م15بودجه98-010406,21,59844,51453552000,857761,860000,856120,-1641,-0.19,859795,2034,0.24,856120,860002,1400-6-29,2021-09-20
737,آسام,صندوق س.آرمان سپهر آشنا-م,19,5890,724892560,123986,112000,123999,13,0.01,123072,-914,-0.74,112000,124000,1400-6-29,2021-09-20
738,طسپا8042,اختيارف خساپا-1800-1400/08/26,19,672,47606000,78,78,70,-8,-10.26,71,-7,-8.97,68,78,1400-6-29,2021-09-20
739,دزهراويح,ح . ‌داروسازي‌زهراوي‌,19,184049,1036539100,5400,5900,5400,0,0,5630,230,4.26,5400,5900,1400-6-29,2021-09-20
740,ضسپا8040,اختيارخ خساپا-1400-1400/08/26,18,775,434662000,560,550,550,-10,-1.79,561,1,0.18,550,575,1400-6-29,2021-09-20
741,زعف0008پ11,زعفران0008نگين سحرخيز(پ),18,7795,1158437761,144767,147000,150000,5233,3.61,148613,3846,2.66,147000,150000,1400-6-29,2021-09-20
742,ضذوب905,اختيارخ ذوب-5000-14000917,18,967,389465000,420,470,390,-30,-7.14,403,-17,-4.05,380,500,1400-6-29,2021-09-20
743,وتعاون,بيمه  تعاون,17,112506,247175682,2264,2197,2197,-67,-2.96,2262,-2,-0.09,2197,2197,1400-6-29,2021-09-20
744,وحافظ,بيمه حافظ,17,54173,572933648,10903,10576,10576,-327,-3,10884,-19,-0.17,10576,10576,1400-6-29,2021-09-20
745,صنوين,صندوق سرمايه‌گذاري صنوين-مختلط,17,2685,268027780,99600,99000,99680,80,0.08,99820,220,0.22,99000,101590,1400-6-29,2021-09-20
746,اخزا817,اسنادخزانه-م17بودجه98-010512,17,8635,7243016069,842023,837813,839002,-3021,-0.36,838797,-3226,-0.38,837813,841999,1400-6-29,2021-09-20
747,اخزا008,اسنادخزانه-م8بودجه00-030919,16,41520,20927626220,505029,509000,504000,-1029,-0.2,504037,-992,-0.2,504000,509000,1400-6-29,2021-09-20
748,ضخود7072,اختيارخ خودرو-1400-1400/07/07,15,362,205232000,566,571,550,-16,-2.83,567,1,0.18,550,600,1400-6-29,2021-09-20
749,اخزا809,اسنادخزانه-م9بودجه98-000923,15,4000,3802770957,952868,950000,954967,2099,0.22,950693,-2175,-0.23,950000,954999,1400-6-29,2021-09-20
750,كابگن,توليدي و صنعتي آبگينه‌,15,303065,1738380840,5624,5736,5736,112,1.99,5700,76,1.35,5736,5736,1400-6-29,2021-09-20
751,ضپاس7029,اختيارخ وپارس-2500-1400/07/28,15,252,133685000,420,420,480,60,14.29,530,110,26.19,420,570,1400-6-29,2021-09-20
752,ضپال2007,اختيارخ اپال-32000-1401/02/12,15,273,299306000,1114,1300,1050,-64,-5.75,1096,-18,-1.62,1050,1300,1400-6-29,2021-09-20
753,اخزا721,اسنادخزانه-م21بودجه97-000728,15,4948,4865455843,982449,981801,983600,1151,0.12,983318,869,0.09,981801,983601,1400-6-29,2021-09-20
754,بذر,صندوق س بذر اميد آفرين-سهام,14,3501,357526770,101520,101740,104500,2980,2.94,102120,600,0.59,101740,104500,1400-6-29,2021-09-20
755,نتوس,پشم‌ بافي‌ توس,14,26389,336908363,13161,12767,12767,-394,-2.99,13147,-14,-0.11,12767,12767,1400-6-29,2021-09-20
756,زعف0008پ10,زعفران0008نگين طلاي سرخ(پ),14,15200,2297435560,153262,151000,149000,-4262,-2.78,151147,-2115,-1.38,149000,151180,1400-6-29,2021-09-20
757,ثنام,س ساختماني ب نام آوران مهندسي,14,347128,4579659704,13601,13193,13193,-408,-3,13407,-194,-1.43,13193,13193,1400-6-29,2021-09-20
758,اخزا906,اسنادخزانه-م6بودجه99-020321,14,4588,3271205949,712780,705000,712780,0,0,712992,212,0.03,705000,713888,1400-6-29,2021-09-20
759,فردا2,صندوق س آواي فرداي زاگرس-ثابت,13,1300000,1300000,11450,1,1,-11449,-99.99,1,-11449,-99.99,1,1,1400-6-29,2021-09-20
760,ضجار7041,اختيارخ وتجارت-2997-1400/07/21,13,658,12080000,16,20,15,-1,-6.25,18,2,12.5,15,20,1400-6-29,2021-09-20
761,زعف0008پ20,زعفران0008نگين وحدت جام(پ),13,27328,4019421600,144030,144000,149999,5969,4.14,147081,3051,2.12,144000,149999,1400-6-29,2021-09-20
762,ثنظام,س. ساختماني نظام مهندسي ايران,12,56346,2494099344,45632,44264,44264,-1368,-3,45278,-354,-0.78,44264,44264,1400-6-29,2021-09-20
763,وتعاونح,ح . بيمه  تعاون,12,89233,82094360,948,920,920,-28,-2.95,920,-28,-2.95,920,920,1400-6-29,2021-09-20
764,ضخود7073,اختيارخ خودرو-1600-1400/07/07,12,186,69726000,377,449,380,3,0.8,375,-2,-0.53,356,449,1400-6-29,2021-09-20
765,ددامح,ح . داروسازي زاگرس فارمد پارس,11,14657,228649200,15600,15600,15600,0,0,15600,0,0,15600,15600,1400-6-29,2021-09-20
766,ضشنا8005,اختيارخ شپنا-12800-1400/08/16,11,75,137375000,1449,1640,1600,151,10.42,1832,383,26.43,1600,1940,1400-6-29,2021-09-20
767,اخزا808,اسنادخزانه-م8بودجه98-000817,11,4672,4541991312,971684,973000,972911,1227,0.13,972173,489,0.05,968005,973799,1400-6-29,2021-09-20
768,ضجار7040,اختيارخ وتجارت-2497-1400/07/21,11,323,29592000,68,100,99,31,45.59,92,24,35.29,66,115,1400-6-29,2021-09-20
769,ضذوب903,اختيارخ ذوب-4000-14000917,11,285,256500000,1000,900,900,-100,-10,900,-100,-10,900,900,1400-6-29,2021-09-20
770,اخزا816,اسنادخزانه-م16بودجه98-010503,10,18781,15877803589,845342,846431,843020,-2322,-0.27,845418,76,0.01,843007,850000,1400-6-29,2021-09-20
771,زعف0008پ08,زعفران0008نگين روستا(پ),10,3312,476676382,144900,136782,150000,5100,3.52,143924,-976,-0.67,136782,150000,1400-6-29,2021-09-20
772,اخزا905,اسنادخزانه-م5بودجه99-020218,10,25422,18307503071,721139,720011,723000,1861,0.26,720144,-995,-0.14,720011,723000,1400-6-29,2021-09-20
773,زعف0008پ12,زعفران0008پوشالمعمول سحرخيز(پ),10,5828,711772266,119428,120000,123000,3572,2.99,122130,2702,2.26,120000,125399,1400-6-29,2021-09-20
774,اخزا723,اسنادخزانه-م23بودجه97-000824,10,103506,100281380874,965157,969708,968800,3643,0.38,968846,3689,0.38,968800,969708,1400-6-29,2021-09-20
775,ضملت8044,اختيارخ وبملت-4934-1400/08/19,10,143,11112000,93,80,80,-13,-13.98,78,-15,-16.13,50,118,1400-6-29,2021-09-20
776,ماني2,صندوق س. با درآمد ثابت ماني,10,100000,100000,10183,1,1,-10182,-99.99,1,-10182,-99.99,1,1,1400-6-29,2021-09-20
777,ضملي7005,اختيارخ فملي-15720-1400/07/11,9,119,2220000,12,40,20,8,66.67,19,7,58.33,15,40,1400-6-29,2021-09-20
778,سلار,شركت سيمان لارستان,9,4362,130144632,30758,29836,29836,-922,-3,30746,-12,-0.04,29836,29836,1400-6-29,2021-09-20
779,صايپا012,صكوك مرابحه سايپا012-3ماهه 16%,9,83000,83000166000,1000002,1000002,1000002,0,0,1000002,0,0,1000002,1000002,1400-6-29,2021-09-20
780,شتولي,تولي‌پرس‌,9,11845,264534385,22788,22333,22333,-455,-2,22763,-25,-0.11,22333,22333,1400-6-29,2021-09-20
781,اخزا811,اسنادخزانه-م11بودجه98-001013,9,10979,10351007898,944917,943000,942849,-2068,-0.22,942801,-2116,-0.22,942187,943000,1400-6-29,2021-09-20
782,طخود7075,اختيارف خودرو-2000-1400/07/07,9,450,23047000,100,51,93,-7,-7,51,-49,-49,50,93,1400-6-29,2021-09-20
783,اخزا807,اسنادخزانه-م7بودجه98-000719,8,65555,64803233756,987396,988299,989200,1804,0.18,988532,1136,0.12,988299,989200,1400-6-29,2021-09-20
784,اخزا904,اسنادخزانه-م4بودجه99-011215,8,14962,11189930732,747013,747251,750000,2987,0.4,747890,877,0.12,747251,750000,1400-6-29,2021-09-20
785,ضملي1157,اختيارخ فملي-4000-1400/11/03,8,55,328000000,5500,6000,6000,500,9.09,5964,464,8.44,5800,6000,1400-6-29,2021-09-20
786,ثاژن,سخت آژند,8,3700,32038300,9019,8659,8659,-360,-3.99,9017,-2,-0.02,8659,8659,1400-6-29,2021-09-20
787,داراب,پتروشيمي داراب,7,27118,59442656,2307,2192,2192,-115,-4.98,2306,-1,-0.04,2192,2192,1400-6-29,2021-09-20
788,سفارود,كارخانه فارسيت درود,7,2214,35776026,16488,16159,16159,-329,-2,16486,-2,-0.01,16159,16159,1400-6-29,2021-09-20
789,تملي709,تسهيلات مسكن ب. ملي-آذر97,7,38,27253694,727486,763859,691112,-36374,-5,717202,-10284,-1.41,691112,763859,1400-6-29,2021-09-20
790,سخند,صندوق س.سپهرخبرگان نفت-د,6,5020,49918380,9944,9969,9939,-5,-0.05,9944,0,0,9939,9969,1400-6-29,2021-09-20
791,ضپيك7042,اختيارخ تاپيكو-8070-00/07/18,6,21,107730000,4504,5300,5000,496,11.01,5130,626,13.9,5000,5300,1400-6-29,2021-09-20
792,ضصاد8034,اختيارخ وبصادر-2989-1400/08/12,6,400,41129000,145,70,130,-15,-10.34,103,-42,-28.97,15,130,1400-6-29,2021-09-20
793,هنوري102,اختيارف ت نوري59561-01/02/15,6,32357,32357,1,1,1,0,0,1,0,0,1,1,1400-6-29,2021-09-20
794,اگ001254,گام بانك پارسيان0012,6,5674,5118848000,901315,903000,902000,685,0.08,902159,844,0.09,902000,903000,1400-6-29,2021-09-20
795,هبساز103,اختيارف ت ثبهساز-2346-01/03/18,6,6193,6193,1,1,1,0,0,1,0,0,1,1,1400-6-29,2021-09-20
796,ضمخا7075,اختيارخ اخابر-8700-1400/07/28,6,19,27904000,948,1500,1499,551,58.12,1469,521,54.96,1001,1500,1400-6-29,2021-09-20
797,اعتماد2,صندوق س.اعتماد آفرين پارسيان-د,5,50000000,50000000,38817,1,1,-38816,-100,1,-38816,-100,1,1,1400-6-29,2021-09-20
798,تابان04,اجاره تابان سپهر14031126,5,65000,63024000000,969600,969600,969600,0,0,969600,0,0,969600,969600,1400-6-29,2021-09-20
799,ضفلا7005,اختيارخ فولاد-11013-1400/07/25,5,5,5320590,835,799,740,-95,-11.38,759,-76,-9.1,740,799,1400-6-29,2021-09-20
800,ضبدر8078,اختيارخ شبندر-5157-1400/08/30,5,10,74007200,1600,1580,1580,-20,-1.25,1580,-20,-1.25,1580,1580,1400-6-29,2021-09-20
801,طخود7076,اختيارف خودرو-2500-1400/07/07,5,21,10390000,444,500,470,26,5.86,495,51,11.49,450,500,1400-6-29,2021-09-20
802,خعمرا,توسعه و عمران شهرستان نائين,5,69787,277752260,3791,3980,3980,189,4.99,3796,5,0.13,3980,3980,1400-6-29,2021-09-20
803,تملي707,تسهيلات مسكن ب. ملي-مهر97,5,41,27004432,639947,671944,671944,31997,5,658645,18698,2.92,630000,671944,1400-6-29,2021-09-20
804,اخزا814,اسنادخزانه-م14بودجه98-010318,5,3740,3245983868,869857,867999,867896,-1961,-0.23,867910,-1947,-0.22,867894,867999,1400-6-29,2021-09-20
805,ضذوب901,اختيارخ ذوب-3000-14000917,5,175,282000000,1900,1400,1550,-350,-18.42,1611,-289,-15.21,1400,1700,1400-6-29,2021-09-20
806,سايرا,ايرانيت‌,5,3093,112096506,36981,36242,36242,-739,-2,36964,-17,-0.05,36242,36242,1400-6-29,2021-09-20
807,ضمخا7076,اختيارخ اخابر-9700-1400/07/28,5,54,33041000,510,1800,501,-9,-1.76,612,102,20,501,1800,1400-6-29,2021-09-20
808,ضسپا8039,اختيارخ خساپا-1200-1400/08/26,4,21,14811000,690,700,710,20,2.9,705,15,2.17,700,711,1400-6-29,2021-09-20
809,ساذري,آذريت‌,4,55827,456106590,7933,8170,8170,237,2.99,7945,12,0.15,8170,8170,1400-6-29,2021-09-20
810,ضجار1024,اختيارخ وتجارت-3000-1400/10/15,4,380,19000000,1,50,50,49,4900,50,49,4900,50,50,1400-6-29,2021-09-20
811,اخزا813,اسنادخزانه-م13بودجه98-010219,4,2562,2257722416,880355,881234,881235,880,0.1,881234,879,0.1,881234,881235,1400-6-29,2021-09-20
812,ضجار1019,اختيارخ وتجارت-1400-1400/10/15,4,21,14100000,1,710,500,499,49900,671,670,67000,500,710,1400-6-29,2021-09-20
813,آكورد2,صندوق س. آرمان آتي كوثر-د,4,400000,400000,34216,1,1,-34215,-100,1,-34215,-100,1,1,1400-6-29,2021-09-20
814,ضپال2006,اختيارخ اپال-28000-1401/02/12,4,63,134200000,2111,2400,2350,239,11.32,2130,19,0.9,2000,2400,1400-6-29,2021-09-20
815,اطلس2,صندوق س.توسعه اندوخته آينده-س,4,40000,40000,251390,1,1,-251389,-100,1,-251389,-100,1,1,1400-6-29,2021-09-20
816,اخزا821,اسنادخزانه-م21بودجه98-020906,4,165,103950000,630933,630000,630000,-933,-0.15,630000,-933,-0.15,630000,630000,1400-6-29,2021-09-20
817,اخزا001,اسنادخزانه-م1بودجه00-030821,4,4387,2250424250,514814,514000,513000,-1814,-0.35,512976,-1838,-0.36,512950,514000,1400-6-29,2021-09-20
818,ضصاد8032,اختيارخ وبصادر-1989-1400/08/12,4,40,18900000,532,540,450,-82,-15.41,472,-60,-11.28,450,540,1400-6-29,2021-09-20
819,كهرام,توليدي گرانيت بهسرام,4,292,25476416,89028,87248,87248,-1780,-2,89019,-9,-0.01,87248,87248,1400-6-29,2021-09-20
820,طخود1051,اختيارف خودرو-1800-1400/10/08,4,20,600000,1,30,30,29,2900,30,29,2900,30,30,1400-6-29,2021-09-20
821,ضملي1158,اختيارخ فملي-4500-1400/11/03,4,33,166300000,4758,5100,4900,142,2.98,5039,281,5.91,4900,5100,1400-6-29,2021-09-20
822,زعف0008پ18,زعفران0008نگين بهرامن(پ),3,1401,211793200,153263,141200,151180,-2083,-1.36,151173,-2090,-1.36,141200,151180,1400-6-29,2021-09-20
823,ضملي7002,اختيارخ فملي-9720-1400/07/11,3,20,49544000,2639,2100,2640,1,0.04,2477,-162,-6.14,2100,2640,1400-6-29,2021-09-20
824,ضفلا1162,اختيارخ فولاد-9000-1400/11/24,3,11,40450000,3542,3500,3700,158,4.46,3677,135,3.81,3500,3850,1400-6-29,2021-09-20
825,فسديد,لوله‌وتجهيزات‌ سديد - ورشكسته,3,550,59254800,108824,107736,107736,-1088,-1,108809,-15,-0.01,107736,107736,1400-6-29,2021-09-20
826,وشمال,س. چشم انداز توسعه شمال,3,353,27333496,79012,77432,77432,-1580,-2,79003,-9,-0.01,77432,77432,1400-6-29,2021-09-20
827,نگين,ص.س. زمين و ساختمان نگين شهرري,3,540,27616980,51050,51050,51560,510,1,51140,90,0.18,51050,51560,1400-6-29,2021-09-20
828,تملي708,تسهيلات مسكن ب. ملي-آبان97,3,25,16744380,650209,682719,682719,32510,5,669775,19566,3.01,618000,682719,1400-6-29,2021-09-20
829,غگز,گز سكه,3,150000,2100000000,15200,14000,14000,-1200,-7.89,14000,-1200,-7.89,14000,14000,1400-6-29,2021-09-20
830,وسقم,شركت س استان قم,3,19902,25554168,1351,1284,1284,-67,-4.96,1351,0,0,1284,1284,1400-6-29,2021-09-20
831,كباده,توليد خاك نسوزاستقلال آباده,2,30171,274314732,8828,9092,9092,264,2.99,8835,7,0.08,9092,9092,1400-6-29,2021-09-20
832,اراد49,مرابحه عام دولت4-ش.خ 0206,2,44000,40950800000,970667,930700,930700,-39967,-4.12,930700,-39967,-4.12,930700,930700,1400-6-29,2021-09-20
833,اراد47,مرابحه عام دولت4-ش.خ 0008,2,37000,36944500000,995000,998500,998500,3500,0.35,998500,3500,0.35,998500,998500,1400-6-29,2021-09-20
834,كهربا2,صندوق س.پشتوانه سكه طلا كهربا,2,200000,200000,10151,1,1,-10150,-99.99,1,-10150,-99.99,1,1,1400-6-29,2021-09-20
835,اراد434,مرابحه عام دولت4-ش.خ 0205,2,3136000,3261584256000,924600,1040092,1040000,115400,12.48,1040046,115446,12.49,1040000,1040092,1400-6-29,2021-09-20
836,هپارس102,اختيارف ت پارس-157010-01/02/05,2,200,200,1,1,1,0,0,1,0,0,1,1,1400-6-29,2021-09-20
837,شسم,توليد سموم‌ علف‌ كش,2,70,7086450,99250,101235,101235,1985,2,99253,3,0,101235,101235,1400-6-29,2021-09-20
838,اراد424,مرابحه عام دولت4-ش.خ 0106,2,9990000,9490500000000,999998,950000,950000,-49998,-5,950000,-49998,-5,950000,950000,1400-6-29,2021-09-20
839,كرمان00,رهني كرمان موتور14001130,2,12,12000000,1000000,1000000,1000000,0,0,1000000,0,0,1000000,1000000,1400-6-29,2021-09-20
840,تملي705,تسهيلات مسكن ب. ملي-مرداد97,2,16,12702032,835659,793877,793877,-41782,-5,793877,-41782,-5,793877,793877,1400-6-29,2021-09-20
841,ضمخا7069,اختيارخ اخابر-17700-1400/07/28,2,5,50000,111,10,10,-101,-90.99,10,-101,-90.99,10,10,1400-6-29,2021-09-20
842,شگويات.ف0104,اختيارف.تبعي شگويا010408,2,10000,10000,1,1,1,0,0,1,0,0,1,1,1400-6-29,2021-09-20
843,تصميم2,صندوق س با درآمد ثابت تصميم,2,2000000,2000000,17402,1,1,-17401,-99.99,1,-17401,-99.99,1,1,1400-6-29,2021-09-20
844,ضصاد8030,اختيارخ وبصادر-1589-1400/08/12,2,2,1760000,750,880,880,130,17.33,880,130,17.33,880,880,1400-6-29,2021-09-20
845,فبستم,صنايع ‌بسته‌بندي‌ مشهد,2,1505,1229585,794,817,817,23,2.9,794,0,0,817,817,1400-6-29,2021-09-20
846,اراد404,مرابحه عام دولت4-ش.خ 0207,2,2094000,1912569558000,1000000,913414,913300,-86700,-8.67,913357,-86643,-8.66,913300,913414,1400-6-29,2021-09-20
847,ضترا8058,اختيارخ شتران-3442-1400/08/09,2,5,14250000,3150,5000,2850,-300,-9.52,2850,-300,-9.52,2850,2850,1400-6-29,2021-09-20
848,ضخود7077,اختيارخ خودرو-3000-1400/07/07,2,120,120000,1,1,1,0,0,1,0,0,1,1,1400-6-29,2021-09-20
849,افاد61,منفعت دولت6-ش.خاص140109,2,30500,29935750000,980000,981500,981500,1500,0.15,981500,1500,0.15,981500,981500,1400-6-29,2021-09-20
850,تملي806,تسهيلات مسكن ب. ملي-شهريور98,2,32,20664000,615000,645750,645750,30750,5,645750,30750,5,645750,645750,1400-6-29,2021-09-20
851,ضشنا8006,اختيارخ شپنا-14800-1400/08/16,2,2,1938000,740,989,949,209,28.24,969,229,30.95,949,989,1400-6-29,2021-09-20
852,ضغدر8056,اختيارخ وغدير-8000-1400/08/26,2,2,12001000,3800,6001,6000,2200,57.89,6000,2200,57.89,6000,6001,1400-6-29,2021-09-20
853,اراد334,مرابحه عام دولت3-ش.خ 0303,2,3194000,2837463362000,975580,888446,888300,-87280,-8.95,888373,-87207,-8.94,888300,888446,1400-6-29,2021-09-20
854,زعف0008پ19,زعفران0008نگين تروند قاينات(پ),2,331,50040580,150724,151180,151180,456,0.3,151180,456,0.3,151180,151180,1400-6-29,2021-09-20
855,ضذوب900,اختيارخ ذوب-2500-14000917,2,20,39000000,2220,1800,2100,-120,-5.41,1950,-270,-12.16,1800,2100,1400-6-29,2021-09-20
856,سرو2,صندوق س سروسودمند مدبران-سهام,2,200000,200000,76110,1,1,-76109,-100,1,-76109,-100,1,1,1400-6-29,2021-09-20
857,اراد42,مرابحه عام دولت4-ش.خ 0106,1,10000,9500000000,999998,950000,950000,-49998,-5,950000,-49998,-5,950000,950000,1400-6-29,2021-09-20
858,سحرا021,سلف موازي برق نيروي برق حرارتي,1,1000,310480000,303485,310480,310480,6995,2.3,310480,6995,2.3,310480,310480,1400-6-29,2021-09-20
859,افاد44,منفعت دولتي4-شرايط خاص14010729,1,3000000,2917779000000,970500,972593,972593,2093,0.22,972593,2093,0.22,972593,972593,1400-6-29,2021-09-20
860,مشير112,مشاركت شهرداري شيراز-3ماهه18%,1,200,198000000,990000,990000,990000,0,0,990000,0,0,990000,990000,1400-6-29,2021-09-20
861,ضفلا7000,اختيارخ فولاد-5306-1400/07/25,1,5,35050000,7850,5000,5000,-2850,-36.31,5000,-2850,-36.31,5000,5000,1400-6-29,2021-09-20
862,سپيدما4,صندوق س. سپيد دماوند-د,1,70000000,775810000000,11079,11083,11083,4,0.04,11083,4,0.04,11083,11083,1400-6-29,2021-09-20
863,هفارس104,اختيارف ت فارس-11832-01/04/12,1,2000,2000,1,1,1,0,0,1,0,0,1,1,1400-6-29,2021-09-20
864,اوصتا4,صندوق انديشه ورزان صباتامين -د,1,43000000,856560000000,19900,19920,19920,20,0.1,19920,20,0.1,19920,19920,1400-6-29,2021-09-20
865,ضمخا7070,اختيارخ اخابر-19700-1400/07/28,1,47,47000,20,1,1,-19,-95,1,-19,-95,1,1,1400-6-29,2021-09-20
866,سنفت010,سلف موازي استاندارد سنفت010,1,2430,3991007700,1642390,1642390,1642390,0,0,1642390,0,0,1642390,1642390,1400-6-29,2021-09-20
867,سپرمي,پرميت‌,1,3500,33036500,9346,9439,9439,93,1,9348,2,0.02,9439,9439,1400-6-29,2021-09-20
868,ضسان7080,اختيارخ پارسان-24000-00/07/14,1,7,43400000,9000,6200,6200,-2800,-31.11,6200,-2800,-31.11,6200,6200,1400-6-29,2021-09-20
869,افاد74,منفعت دولت7-ش.خاص ساير0204,1,21000,19926900000,969000,948900,948900,-20100,-2.07,948900,-20100,-2.07,948900,948900,1400-6-29,2021-09-20
870,ضپيك1028,اختيارخ تاپيكو-9000-00/10/15,1,5,27500000,5550,5500,5500,-50,-0.9,5500,-50,-0.9,5500,5500,1400-6-29,2021-09-20
871,وسينا2,بانك سينا,1,78968505,217637199780,2756,2756,2756,0,0,2756,0,0,2756,2756,1400-6-29,2021-09-20
872,اراد594,مرابحه عام دولتي5-ش.خ 0309,1,8000000,7479952000000,1000000,934994,934994,-65006,-6.5,934994,-65006,-6.5,934994,934994,1400-6-29,2021-09-20
873,كگهر2,سنگ آهن گهرزمين,1,3000000,139950000000,46513,46650,46650,137,0.29,46650,137,0.29,46650,46650,1400-6-29,2021-09-20
874,سنفت009,سلف موازي استاندارد سنفت009,1,9240,15000678000,1621597,1623450,1623450,1853,0.11,1623450,1853,0.11,1623450,1623450,1400-6-29,2021-09-20
875,زير0103پ01,زيره سبز0103كيميابذر(پ),1,10,8999990,900000,899999,899999,-1,0,899999,-1,0,899999,899999,1400-6-29,2021-09-20
876,ضترا8057,اختيارخ شتران-3000-1400/08/09,1,1,4000000,4000,4000,4000,0,0,4000,0,0,4000,4000,1400-6-29,2021-09-20
877,ضشنا8001,اختيارخ شپنا-6800-1400/08/16,1,10,60000000,5600,6000,6000,400,7.14,6000,400,7.14,6000,6000,1400-6-29,2021-09-20
878,طملت8042,اختيارف وبملت-3934-1400/08/19,1,1,170000,165,170,170,5,3.03,170,5,3.03,170,170,1400-6-29,2021-09-20
879,اخزا0062,اسنادخزانه-م6بودجه00-030723,1,150082,78642968000,521324,524000,524000,2676,0.51,524000,2676,0.51,524000,524000,1400-6-29,2021-09-20
880,وهور2,مديريت انرژي اميد  تابان هور,1,33000000,55407000000,1731,1679,1679,-52,-3,1679,-52,-3,1679,1679,1400-6-29,2021-09-20
881,ضجار7039,اختيارخ وتجارت-1997-1400/07/21,1,1,450000,430,450,450,20,4.65,450,20,4.65,450,450,1400-6-29,2021-09-20
882,گواهي ظرفيت,گواهي ظرفيت نقدي,1,3000000,77715000000,24672,25905,25905,1233,5,24846,174,0.71,25905,25905,1400-6-29,2021-09-20
883,حسير2,ريل سير كوثر,1,24117892,940597788000,39178,39000,39000,-178,-0.45,39000,-178,-0.45,39000,39000,1400-6-29,2021-09-20
884,صايپا1122,صكوك مرابحه سايپا112-3ماهه 16%,1,291000,277032000000,970000,952000,952000,-18000,-1.86,952000,-18000,-1.86,952000,952000,1400-6-29,2021-09-20
885,اخزا9032,اسنادخزانه-م3بودجه99-011110,1,110792,84977464000,762107,767000,767000,4893,0.64,767000,4893,0.64,767000,767000,1400-6-29,2021-09-20
886,ضپاس7028,اختيارخ وپارس-2000-1400/07/28,1,1,895000,783,895,895,112,14.3,895,112,14.3,895,895,1400-6-29,2021-09-20
887,ضترا8060,اختيارخ شتران-4323-1400/08/09,1,14,24500000,1590,1750,1750,160,10.06,1750,160,10.06,1750,1750,1400-6-29,2021-09-20
888,تهران4122,مشاركت ش تهران412-3ماهه18%,1,134215,130000649000,964100,968600,968600,4500,0.47,968600,4500,0.47,968600,968600,1400-6-29,2021-09-20
889,اخزا812,اسنادخزانه-م12بودجه98-001111,1,100,92823000,927956,928230,928230,274,0.03,928230,274,0.03,928230,928230,1400-6-29,2021-09-20
890,تملي706,تسهيلات مسكن ب. ملي-شهريور97,1,6,5393982,892099,898997,898997,6898,0.77,898997,6898,0.77,898997,898997,1400-6-29,2021-09-20
891,ضفار8051,اختيارخ فارس-8400-1400/08/05,1,5,15000000,3500,3000,3000,-500,-14.29,3000,-500,-14.29,3000,3000,1400-6-29,2021-09-20
892,ضفلا7006,اختيارخ فولاد-12440-1400/07/25,1,1,280400,667,200,200,-467,-70.01,200,-467,-70.01,200,200,1400-6-29,2021-09-20
893,نبروج,نساجي بروجرد,1,58,351190,5823,6055,6055,232,3.98,5823,0,0,6055,6055,1400-6-29,2021-09-20
894,اخزا0042,اسنادخزانه-م4بودجه00-030522,1,364428,197702190000,541783,542500,542500,717,0.13,542500,717,0.13,542500,542500,1400-6-29,2021-09-20
895,اراد474,مرابحه عام دولت4-ش.خ 0008,1,4400671,4394069993500,995000,998500,998500,3500,0.35,998500,3500,0.35,998500,998500,1400-6-29,2021-09-20
896,اراد69,مرابحه عام دولت69-ش.خ0310,1,10500,9702000000,927000,924000,924000,-3000,-0.32,924000,-3000,-0.32,924000,924000,1400-6-29,2021-09-20
897,كمند2,صندوق س. با درآمد ثابت كمند,1,54700000,54700000,10071,1,1,-10070,-99.99,1,-10070,-99.99,1,1,1400-6-29,2021-09-20
898,اعتماد4,صندوق س.اعتماد آفرين پارسيان-د,1,77000000,2990449000000,38817,38837,38837,20,0.05,38837,20,0.05,38837,38837,1400-6-29,2021-09-20
899,اخزا818,اسنادخزانه-م18بودجه98-010614,1,1453,1205988547,825416,829999,829999,4583,0.56,829999,4583,0.56,829999,829999,1400-6-29,2021-09-20
900,ضجار7038,اختيارخ وتجارت-1797-1400/07/21,1,1,750000,509,750,750,241,47.35,750,241,47.35,750,750,1400-6-29,2021-09-20
901,ضجار7042,اختيارخ وتجارت-3497-1400/07/21,1,10,190000,5,19,19,14,280,19,14,280,19,19,1400-6-29,2021-09-20
902,ضملت8041,اختيارخ وبملت-3434-1400/08/19,1,41,26650000,654,650,650,-4,-0.61,650,-4,-0.61,650,650,1400-6-29,2021-09-20
903,ضذوب902,اختيارخ ذوب-3500-14000917,1,5,5750000,1173,1150,1150,-23,-1.96,1150,-23,-1.96,1150,1150,1400-6-29,2021-09-20
904,پارسا306,صكوك اجاره پارسيان-6ماهه16%,1,600,587400000,969000,979000,979000,10000,1.03,979000,10000,1.03,979000,979000,1400-6-29,2021-09-20
905,اخزا7212,اسنادخزانه-م21بودجه97-000728,1,216167,212535394400,982449,983200,983200,751,0.08,983200,751,0.08,983200,983200,1400-6-29,2021-09-20
906,كگل2,معدني و صنعتي گل گهر,1,14000000,306040000000,21860,21860,21860,0,0,21860,0,0,21860,21860,1400-6-29,2021-09-20
907,تملي703,تسهيلات مسكن ب. ملي-خرداد97,1,8,5532200,727921,691525,691525,-36396,-5,691525,-36396,-5,691525,691525,1400-6-29,2021-09-20
908,ضخوز1023,اختيارخ فخوز-5833-1400/10/12,1,1,5600000,1,5600,5600,5599,559900,5600,5599,559900,5600,5600,1400-6-29,2021-09-20
909,حاريا,كشتيراني آريا,1,421,6453088,15640,15328,15328,-312,-1.99,15640,0,0,15328,15328,1400-6-29,2021-09-20
910,ضمخا7071,اختيارخ اخابر-23700-1400/07/28,1,70,70000,5,1,1,-4,-80,1,-4,-80,1,1,1400-6-29,2021-09-20
911,اخزا9172,اسنادخزانه-م17بودجه99-010226,1,700000,614600000000,873936,878000,878000,4064,0.47,878000,4064,0.47,878000,878000,1400-6-29,2021-09-20
912,اراد84,مرابحه عام دولت84-ش.خ030624,1,1000,993500000,983500,993500,993500,10000,1.02,993500,10000,1.02,993500,993500,1400-6-29,2021-09-20
913,ضفلا7001,اختيارخ فولاد-6020-1400/07/25,1,5,31545000,5775,4500,4500,-1275,-22.08,4500,-1275,-22.08,4500,4500,1400-6-29,2021-09-20
914,صفارس307,صكوك اجاره فارس307- 3ماهه18%,1,500,489500000,969000,979000,979000,10000,1.03,979000,10000,1.03,979000,979000,1400-6-29,2021-09-20
915,آريان2,سرمايه گذاري پارس آريان,1,5000000,85000000000,16959,17000,17000,41,0.24,17000,41,0.24,17000,17000,1400-6-29,2021-09-20
916,سپر2,صندوق س سپر سرمايه بيدار- ثابت,1,5900000,5900000,12765,1,1,-12764,-99.99,1,-12764,-99.99,1,1,1400-6-29,2021-09-20
917,اراد834,مرابحه عام دولت83-ش.خ041220,1,10850000,9958564000000,1000000,917840,917840,-82160,-8.22,917840,-82160,-8.22,917840,917840,1400-6-29,2021-09-20
918,اراد58,مرابحه عام دولت5-ش.خ 0110,1,1000,960000000,970000,960000,960000,-10000,-1.03,960000,-10000,-1.03,960000,960000,1400-6-29,2021-09-20
